[name]
unknown

[dist]
# distance from previous block
# <min> <max>
0	64

[block]
# block no. 0 follows, 51 sequences, length 16
# corresponding to MSA columns:
# 65-80
name=unknown_A
#
# <colnr> <probs for GDERKNQSTAVLIFYWHMCP>
#	G	D	E	R	K	N	Q	S	T	A	V	L	I	F	Y	W	H	M	C	P
0	0.00910	0.00690	0.00934	0.05475	0.09419	0.00711	0.00714	0.09326	0.04338	0.03584	0.04313	0.45892	0.02406	0.02899	0.00637	0.00190	0.01560	0.05052	0.00425	0.00526
1	0.01285	0.08947	0.23933	0.01499	0.14439	0.07504	0.05110	0.06804	0.16313	0.05002	0.01148	0.01238	0.00869	0.00508	0.00466	0.00147	0.00600	0.00420	0.00314	0.03453
2	0.01061	0.00843	0.01084	0.01065	0.09421	0.00880	0.02892	0.11898	0.13209	0.02019	0.31256	0.02289	0.02410	0.00738	0.00560	0.00150	0.04109	0.00627	0.08317	0.05171
3	0.01261	0.03374	0.14127	0.01565	0.21404	0.04093	0.04366	0.08470	0.03866	0.06591	0.02513	0.01210	0.00858	0.00479	0.00482	0.00131	0.02588	0.00403	0.00308	0.21909
4	0.00689	0.00523	0.00759	0.00759	0.00855	0.00593	0.00589	0.00859	0.00825	0.01161	0.01707	0.02229	0.09565	0.03426	0.72236	0.00723	0.01203	0.00581	0.00284	0.00436
5	0.01101	0.05556	0.39516	0.01186	0.01685	0.01126	0.04399	0.06187	0.18182	0.03514	0.11284	0.01574	0.01363	0.00586	0.00488	0.00155	0.00566	0.00485	0.00342	0.00705
6	0.01449	0.11941	0.01373	0.01072	0.01304	0.45266	0.00840	0.04245	0.01203	0.01245	0.00923	0.01181	0.00809	0.01403	0.23297	0.00313	0.00951	0.00374	0.00259	0.00549
7	0.00857	0.00740	0.01137	0.12820	0.21097	0.00795	0.00901	0.01041	0.00982	0.01361	0.01821	0.35645	0.04511	0.01050	0.02371	0.00190	0.07447	0.00865	0.03839	0.00532
8	0.01865	0.01479	0.01466	0.01145	0.01523	0.09967	0.00936	0.69920	0.02213	0.02895	0.01135	0.01149	0.00814	0.00581	0.00486	0.00145	0.00578	0.00429	0.00466	0.00807
9	0.05934	0.08891	0.22674	0.02880	0.01712	0.02910	0.06837	0.30225	0.03776	0.04514	0.01106	0.01308	0.00842	0.00552	0.00473	0.00151	0.00599	0.03530	0.00354	0.00730
10	0.05817	0.01183	0.09888	0.04990	0.26622	0.03328	0.08404	0.05660	0.01136	0.01699	0.02148	0.01442	0.04050	0.00533	0.00514	0.00146	0.04423	0.00460	0.14769	0.02788
11	0.00713	0.00483	0.00571	0.00571	0.00583	0.00495	0.00341	0.00737	0.00725	0.00979	0.01516	0.03038	0.01710	0.71812	0.13313	0.00520	0.00592	0.00689	0.00293	0.00317
12	0.00819	0.00736	0.01097	0.21534	0.01592	0.00884	0.02833	0.00993	0.00916	0.01242	0.01807	0.23889	0.09821	0.01267	0.08924	0.00249	0.19825	0.00775	0.00313	0.00482
13	0.00666	0.00500	0.00650	0.08793	0.00934	0.00495	0.00498	0.00771	0.00946	0.01242	0.08233	0.38059	0.12993	0.21692	0.01073	0.00257	0.00362	0.01043	0.00399	0.00396
14	0.03400	0.01137	0.01727	0.04987	0.45025	0.05369	0.07286	0.01594	0.08262	0.04384	0.08856	0.01513	0.01220	0.00536	0.00525	0.00152	0.02515	0.00496	0.00310	0.00708
15	0.10047	0.06772	0.07082	0.01469	0.18844	0.02756	0.01043	0.26167	0.11706	0.07615	0.01172	0.01228	0.00874	0.00532	0.00458	0.00148	0.00524	0.00422	0.00383	0.00759

[dist]
# distance from previous block
# <min> <max>
3	5

[block]
# block no. 1 follows, 51 sequences, length 15
# corresponding to MSA columns:
# 86-100
name=unknown_B
#
# <colnr> <probs for GDERKNQSTAVLIFYWHMCP>
#	G	D	E	R	K	N	Q	S	T	A	V	L	I	F	Y	W	H	M	C	P
0	0.01077	0.01009	0.01697	0.15836	0.55216	0.01041	0.01329	0.01344	0.01070	0.01495	0.01179	0.13224	0.01123	0.00610	0.00508	0.00157	0.00552	0.00579	0.00271	0.00683
1	0.01160	0.01326	0.02900	0.02071	0.02568	0.01243	0.77879	0.01574	0.01160	0.01574	0.00994	0.01326	0.00746	0.00414	0.00580	0.00166	0.00829	0.00580	0.00249	0.00663
2	0.00712	0.00485	0.00580	0.00580	0.00595	0.00500	0.00352	0.00743	0.00728	0.00985	0.01509	0.02995	0.01691	0.69157	0.15943	0.00530	0.00621	0.00682	0.00292	0.00322
3	0.01274	0.00714	0.00819	0.00703	0.00888	0.00725	0.00529	0.16028	0.01247	0.16434	0.01555	0.02066	0.01315	0.23579	0.04963	0.00262	0.00447	0.00537	0.25358	0.00556
4	0.01007	0.00946	0.01273	0.01082	0.01147	0.01209	0.00874	0.01113	0.00786	0.01206	0.00828	0.01421	0.00846	0.14340	0.01575	0.00237	0.56330	0.00457	0.00240	0.13081
5	0.00615	0.00480	0.00565	0.00598	0.00699	0.00445	0.00427	0.00725	0.00986	0.01248	0.03498	0.26837	0.39407	0.08284	0.12595	0.00293	0.00436	0.01041	0.00415	0.00404
6	0.00702	0.00527	0.00790	0.00790	0.00878	0.00614	0.00614	0.00878	0.00790	0.01141	0.01316	0.01931	0.01229	0.03686	0.80782	0.00790	0.01316	0.00527	0.00263	0.00439
7	0.01938	0.01310	0.09716	0.01022	0.01417	0.12696	0.00898	0.10252	0.05061	0.48161	0.01573	0.01444	0.01039	0.00579	0.00484	0.00149	0.00532	0.00451	0.00495	0.00782
8	0.01569	0.01132	0.01459	0.03780	0.01473	0.01329	0.03465	0.27742	0.03205	0.17350	0.01132	0.01261	0.00845	0.00687	0.00914	0.00175	0.30923	0.00455	0.00394	0.00708
9	0.00928	0.00873	0.01474	0.81548	0.03385	0.01092	0.01365	0.01256	0.00983	0.01256	0.00873	0.01310	0.00655	0.00491	0.00491	0.00164	0.00655	0.00437	0.00218	0.00546
10	0.00616	0.00435	0.00565	0.00662	0.00687	0.00411	0.00433	0.00689	0.00907	0.01210	0.02537	0.70712	0.03034	0.13531	0.00904	0.00240	0.00313	0.01296	0.00433	0.00384
11	0.03249	0.06851	0.13751	0.07654	0.01712	0.17537	0.04780	0.11931	0.03504	0.22498	0.01195	0.01231	0.00842	0.00530	0.00468	0.00146	0.00623	0.00412	0.00374	0.00712
12	0.01161	0.02056	0.57247	0.01384	0.05706	0.01041	0.04329	0.01628	0.01095	0.13128	0.01151	0.05896	0.00876	0.00547	0.00485	0.00158	0.00652	0.00454	0.00284	0.00724
13	0.00753	0.00546	0.00742	0.00845	0.00955	0.00535	0.00719	0.00956	0.01112	0.01436	0.02837	0.12994	0.10128	0.01365	0.00664	0.00218	0.00417	0.61880	0.00453	0.00444
14	0.14595	0.00912	0.01014	0.04967	0.01243	0.00991	0.00713	0.12632	0.23231	0.13595	0.09595	0.11270	0.01697	0.00743	0.00490	0.00162	0.00399	0.00613	0.00469	0.00668

[dist]
# distance from previous block
# <min> <max>
0	1

[block]
# block no. 2 follows, 51 sequences, length 13
# corresponding to MSA columns:
# 102-114
name=unknown_C
#
# <colnr> <probs for GDERKNQSTAVLIFYWHMCP>
#	G	D	E	R	K	N	Q	S	T	A	V	L	I	F	Y	W	H	M	C	P
0	0.05839	0.06308	0.15174	0.20258	0.10121	0.01120	0.01152	0.07860	0.08256	0.06717	0.03541	0.01449	0.00983	0.00543	0.00467	0.00150	0.00549	0.02977	0.00319	0.06216
1	0.00725	0.00523	0.00670	0.00737	0.00804	0.00517	0.00518	0.07673	0.01063	0.01422	0.02498	0.68527	0.02919	0.01554	0.04579	0.00225	0.00365	0.03789	0.00450	0.00442
2	0.00637	0.00460	0.00608	0.00699	0.00757	0.00431	0.00502	0.00761	0.01028	0.01370	0.11381	0.58513	0.07211	0.01438	0.00627	0.00197	0.00302	0.12199	0.00465	0.00415
3	0.01284	0.01247	0.13708	0.08682	0.15366	0.01081	0.04043	0.08524	0.19703	0.11820	0.01478	0.08397	0.01188	0.00631	0.00504	0.00160	0.00525	0.00550	0.00384	0.00725
4	0.06393	0.09093	0.09768	0.01551	0.22779	0.03199	0.05791	0.06407	0.01157	0.03550	0.03185	0.01157	0.00840	0.00452	0.00433	0.00126	0.00529	0.00385	0.00287	0.22918
5	0.01034	0.00905	0.01451	0.25995	0.13413	0.00974	0.10315	0.11143	0.01187	0.01605	0.01441	0.22483	0.01407	0.00764	0.00532	0.00167	0.00539	0.00707	0.03349	0.00590
6	0.04384	0.00708	0.00926	0.00758	0.01034	0.00630	0.00608	0.01770	0.01365	0.46553	0.27910	0.02499	0.07167	0.00775	0.00522	0.00154	0.00344	0.00652	0.00566	0.00676
7	0.05530	0.01354	0.16083	0.01465	0.06773	0.01116	0.24558	0.08644	0.11600	0.01797	0.05402	0.04416	0.06354	0.00609	0.00540	0.00162	0.02023	0.00571	0.00335	0.00669
8	0.01177	0.04350	0.18051	0.03831	0.31723	0.03439	0.07128	0.08531	0.03777	0.01672	0.01323	0.01495	0.07846	0.00551	0.00524	0.00153	0.02955	0.00482	0.00285	0.00708
9	0.01181	0.01127	0.03795	0.08727	0.49379	0.01163	0.01316	0.08286	0.01177	0.01663	0.03997	0.05308	0.01025	0.00577	0.00615	0.00158	0.09016	0.00500	0.00282	0.00708
10	0.00832	0.00439	0.00648	0.00648	0.00657	0.00447	0.00437	0.00666	0.00658	0.00886	0.00934	0.01627	0.00939	0.06254	0.09248	0.73256	0.00512	0.00452	0.00223	0.00239
11	0.71409	0.03456	0.00846	0.00686	0.01010	0.01110	0.00568	0.05552	0.00937	0.02167	0.00728	0.00838	0.00569	0.00454	0.00320	0.00143	0.00392	0.00278	0.00310	0.08228
12	0.02567	0.03569	0.02681	0.05729	0.23359	0.16502	0.05075	0.13317	0.18765	0.01830	0.01163	0.01277	0.00904	0.00527	0.00480	0.00148	0.00605	0.00441	0.00339	0.00721

[dist]
# distance from previous block
# <min> <max>
0	1

[block]
# block no. 3 follows, 51 sequences, length 13
# corresponding to MSA columns:
# 116-128
name=unknown_D
#
# <colnr> <probs for GDERKNQSTAVLIFYWHMCP>
#	G	D	E	R	K	N	Q	S	T	A	V	L	I	F	Y	W	H	M	C	P
0	0.00869	0.01033	0.15739	0.00966	0.01200	0.00852	0.00905	0.01281	0.11236	0.01495	0.10502	0.02530	0.06024	0.01614	0.21783	0.00341	0.09297	0.11435	0.00348	0.00551
1	0.01080	0.00868	0.01015	0.00756	0.01157	0.00694	0.00600	0.03883	0.04248	0.04994	0.01089	0.06149	0.00941	0.00467	0.00396	0.00090	0.00368	0.00384	0.00330	0.70488
2	0.00612	0.00496	0.00526	0.00520	0.00661	0.00429	0.00379	0.00740	0.01119	0.01386	0.15880	0.04412	0.60056	0.09693	0.00781	0.00197	0.00270	0.00981	0.00453	0.00410
3	0.01150	0.01093	0.01809	0.05847	0.59645	0.01159	0.01386	0.01414	0.01066	0.01524	0.01025	0.01562	0.00927	0.00572	0.00651	0.00162	0.11273	0.06767	0.00256	0.00710
4	0.01218	0.11982	0.02017	0.14830	0.47267	0.06099	0.06718	0.01496	0.01101	0.01465	0.00880	0.01162	0.00729	0.00446	0.00469	0.00144	0.00623	0.00417	0.00236	0.00702
5	0.00633	0.00465	0.00602	0.00698	0.00764	0.00434	0.00508	0.00752	0.01006	0.01308	0.03042	0.55396	0.15051	0.01458	0.00630	0.00200	0.00312	0.15874	0.00455	0.00412
6	0.01501	0.00845	0.00946	0.00779	0.01044	0.00872	0.00626	0.23628	0.06320	0.19907	0.01582	0.01609	0.01143	0.00591	0.00430	0.00136	0.00371	0.00468	0.36529	0.00672
7	0.01169	0.47393	0.36934	0.01089	0.01645	0.01589	0.01272	0.01509	0.01016	0.01333	0.00771	0.00899	0.00627	0.00441	0.00382	0.00127	0.00614	0.00307	0.00209	0.00673
8	0.00599	0.00428	0.00570	0.00684	0.00713	0.00399	0.00456	0.00684	0.00941	0.01254	0.02709	0.82409	0.03250	0.01540	0.00627	0.00200	0.00285	0.01397	0.00456	0.00399
9	0.01233	0.01017	0.01444	0.49807	0.08069	0.05930	0.01205	0.04864	0.05149	0.11764	0.01073	0.01338	0.00788	0.00531	0.00532	0.00160	0.03726	0.00443	0.00300	0.00626
10	0.19193	0.01942	0.49836	0.01167	0.01731	0.01128	0.01364	0.01704	0.11244	0.04768	0.01028	0.01116	0.00742	0.00496	0.00438	0.00156	0.00596	0.00373	0.00282	0.00696
11	0.01252	0.40421	0.33258	0.01119	0.01639	0.12002	0.01243	0.01570	0.01066	0.01321	0.00772	0.00900	0.00628	0.00450	0.00392	0.00128	0.00653	0.00310	0.00215	0.00661
12	0.01292	0.02982	0.12116	0.01357	0.01749	0.11075	0.26466	0.14901	0.02819	0.01807	0.01115	0.01366	0.00868	0.03979	0.00570	0.00160	0.00649	0.00475	0.13609	0.00644

[dist]
# distance from previous block
# <min> <max>
0	31

[block]
# block no. 4 follows, 51 sequences, length 34
# corresponding to MSA columns:
# 160-193
name=unknown_E
#
# <colnr> <probs for GDERKNQSTAVLIFYWHMCP>
#	G	D	E	R	K	N	Q	S	T	A	V	L	I	F	Y	W	H	M	C	P
0	0.18891	0.16303	0.07962	0.00844	0.01252	0.07214	0.00762	0.01477	0.05021	0.01634	0.00849	0.00964	0.00693	0.00429	0.00364	0.00111	0.00469	0.00302	0.00280	0.34178
1	0.01030	0.04047	0.22809	0.01561	0.17859	0.01033	0.10537	0.04305	0.04392	0.01700	0.17658	0.01883	0.05592	0.00629	0.00542	0.00155	0.02727	0.00560	0.00326	0.00656
2	0.01069	0.01144	0.08167	0.01697	0.24909	0.02367	0.06763	0.01489	0.11386	0.01650	0.17365	0.01771	0.01635	0.00666	0.00720	0.00165	0.15503	0.00548	0.00332	0.00652
3	0.00870	0.00467	0.00499	0.00491	0.00606	0.00459	0.00369	0.01100	0.01106	0.01861	0.17813	0.02215	0.01963	0.00663	0.00393	0.00123	0.00230	0.00548	0.67765	0.00459
4	0.00625	0.00500	0.00559	0.00544	0.00691	0.00434	0.00408	0.00791	0.01224	0.01575	0.33568	0.04323	0.50721	0.01152	0.00580	0.00162	0.00242	0.00980	0.00489	0.00434
5	0.00609	0.00482	0.00548	0.00567	0.00690	0.00421	0.00412	0.00747	0.01134	0.01444	0.19944	0.23036	0.45697	0.01265	0.00592	0.00172	0.00254	0.01092	0.00474	0.00421
6	0.00590	0.00482	0.00514	0.00538	0.00669	0.00414	0.00388	0.00701	0.01067	0.01297	0.04368	0.20853	0.60483	0.04560	0.00667	0.00185	0.00266	0.01099	0.00450	0.00407
7	0.86201	0.00950	0.00722	0.00646	0.00950	0.01102	0.00532	0.01445	0.00836	0.02205	0.00684	0.00798	0.00532	0.00456	0.00304	0.00152	0.00380	0.00266	0.00304	0.00532
8	0.01271	0.01157	0.01133	0.01021	0.01297	0.07518	0.00791	0.02560	0.72650	0.01988	0.01902	0.01759	0.01431	0.00654	0.00496	0.00164	0.00428	0.00537	0.00481	0.00761
9	0.00626	0.00486	0.00567	0.00621	0.00713	0.00446	0.00433	0.00785	0.04509	0.01319	0.04895	0.44737	0.32026	0.04621	0.00678	0.00196	0.00283	0.01186	0.00453	0.00419
10	0.00710	0.00496	0.00635	0.00635	0.00669	0.00530	0.00421	0.00778	0.00744	0.01026	0.01458	0.02717	0.01570	0.52018	0.32916	0.00598	0.00803	0.00642	0.00284	0.00353
11	0.01193	0.01138	0.01935	0.02908	0.76113	0.01136	0.01461	0.01482	0.01131	0.01622	0.04455	0.01327	0.00952	0.00463	0.00491	0.00146	0.00568	0.00458	0.00257	0.00764
12	0.01174	0.04537	0.01642	0.01630	0.17636	0.07726	0.01146	0.01324	0.00890	0.01271	0.00714	0.01078	0.00671	0.00726	0.01233	0.00189	0.55179	0.00416	0.00224	0.00594
13	0.01054	0.01107	0.02294	0.01736	0.02123	0.01048	0.55716	0.01414	0.01152	0.01544	0.01456	0.02538	0.01344	0.00685	0.00608	0.00183	0.00720	0.22366	0.00307	0.00602
14	0.01432	0.04704	0.23342	0.04610	0.01553	0.00893	0.01023	0.03152	0.01202	0.29148	0.05571	0.01406	0.01080	0.00526	0.00457	0.00135	0.00500	0.00424	0.00390	0.18452
15	0.01054	0.01089	0.01122	0.01055	0.01123	0.17588	0.00819	0.01162	0.00968	0.01224	0.01478	0.29971	0.01653	0.01047	0.00983	0.00192	0.32818	0.03845	0.00318	0.00492
16	0.01195	0.01191	0.02166	0.05466	0.61030	0.01181	0.17415	0.01513	0.01123	0.01587	0.00937	0.01242	0.00767	0.00435	0.00506	0.00151	0.00637	0.00467	0.00244	0.00746
17	0.01019	0.00873	0.01019	0.00728	0.01165	0.00655	0.00582	0.01237	0.01019	0.01601	0.00873	0.01019	0.00728	0.00364	0.00364	0.00073	0.00364	0.00291	0.00291	0.85734
18	0.01861	0.01578	0.01458	0.01159	0.01523	0.18032	0.00937	0.62178	0.02119	0.02702	0.01092	0.01119	0.00793	0.00573	0.00482	0.00143	0.00613	0.00416	0.00442	0.00780
19	0.00581	0.00498	0.00498	0.00498	0.00664	0.00415	0.00373	0.00705	0.01120	0.01328	0.04978	0.04729	0.79464	0.01245	0.00581	0.00166	0.00249	0.01037	0.00456	0.00415
20	0.00599	0.00428	0.00570	0.00684	0.00713	0.00399	0.00456	0.00684	0.00941	0.01254	0.02709	0.82409	0.03250	0.01540	0.00627	0.00200	0.00285	0.01397	0.00456	0.00399
21	0.01050	0.00998	0.01695	0.48211	0.35766	0.01124	0.01426	0.01363	0.01041	0.01404	0.00895	0.01270	0.00707	0.00469	0.00489	0.00156	0.00625	0.00437	0.00229	0.00645
22	0.01076	0.24644	0.58871	0.01247	0.01889	0.01362	0.01548	0.01533	0.01027	0.01446	0.00827	0.00969	0.00625	0.00454	0.00425	0.00142	0.00671	0.00336	0.00208	0.00700
23	0.00605	0.00499	0.00531	0.00523	0.00678	0.00425	0.00392	0.00752	0.01177	0.01462	0.20485	0.04509	0.63874	0.01195	0.00581	0.00164	0.00245	0.01006	0.00474	0.00425
24	0.01779	0.18345	0.01678	0.01050	0.01448	0.01548	0.00898	0.56089	0.01966	0.08781	0.01136	0.01137	0.00823	0.00556	0.00455	0.00139	0.00528	0.00409	0.00442	0.00793
25	0.01240	0.02187	0.63715	0.01291	0.01945	0.01054	0.01588	0.01731	0.01114	0.17901	0.01102	0.01170	0.00746	0.00496	0.00473	0.00155	0.00662	0.00390	0.00291	0.00749
26	0.01012	0.09039	0.73918	0.01355	0.02057	0.01206	0.01737	0.01549	0.01034	0.01524	0.00866	0.01017	0.00623	0.00463	0.00455	0.00152	0.00710	0.00355	0.00208	0.00719
27	0.01723	0.02030	0.01507	0.01613	0.17789	0.60574	0.01056	0.01887	0.01336	0.04831	0.00847	0.00990	0.00690	0.00497	0.00454	0.00132	0.00802	0.00350	0.00267	0.00625
28	0.01172	0.01293	0.02711	0.02268	0.18631	0.01227	0.61967	0.01560	0.01151	0.01581	0.00980	0.01303	0.00752	0.00419	0.00560	0.00162	0.00778	0.00550	0.00247	0.00687
29	0.00599	0.00428	0.00570	0.00684	0.00713	0.00399	0.00456	0.00684	0.00941	0.01254	0.02709	0.82409	0.03250	0.01540	0.00627	0.00200	0.00285	0.01397	0.00456	0.00399
30	0.01706	0.00715	0.00969	0.00807	0.01085	0.00627	0.00639	0.01879	0.01308	0.55120	0.10514	0.18711	0.02012	0.00845	0.00531	0.00162	0.00370	0.00725	0.00569	0.00705
31	0.01196	0.00978	0.01114	0.00812	0.01239	0.00836	0.00656	0.17236	0.01288	0.01913	0.00937	0.01053	0.00750	0.00411	0.00391	0.00088	0.00401	0.00323	0.00333	0.68045
32	0.00953	0.00995	0.02042	0.01561	0.01885	0.00932	0.49369	0.01246	0.01079	0.01456	0.01625	0.31183	0.01668	0.00829	0.00597	0.00178	0.00628	0.00881	0.00325	0.00566
33	0.01060	0.00935	0.01222	0.01205	0.17520	0.00762	0.00775	0.01294	0.01040	0.01602	0.00884	0.01060	0.00738	0.00379	0.00389	0.00088	0.00410	0.00322	0.00281	0.68033

[dist]
# distance from previous block
# <min> <max>
0	4

[block]
# block no. 5 follows, 51 sequences, length 25
# corresponding to MSA columns:
# 198-222
name=unknown_F
#
# <colnr> <probs for GDERKNQSTAVLIFYWHMCP>
#	G	D	E	R	K	N	Q	S	T	A	V	L	I	F	Y	W	H	M	C	P
0	0.01071	0.01181	0.16546	0.00951	0.01405	0.00772	0.06719	0.01365	0.01096	0.08142	0.06237	0.01526	0.06461	0.00510	0.00440	0.00114	0.00458	0.00434	0.00325	0.44246
1	0.00894	0.00801	0.01261	0.56189	0.02605	0.00918	0.01096	0.01189	0.01067	0.01436	0.16182	0.01736	0.01440	0.00576	0.00493	0.00151	0.00538	0.00508	0.00290	0.10630
2	0.01324	0.01355	0.07221	0.01598	0.03464	0.01294	0.37220	0.19209	0.18259	0.02025	0.01246	0.01382	0.00922	0.00513	0.00533	0.00161	0.00656	0.00527	0.00356	0.00733
3	0.01527	0.11497	0.01569	0.01223	0.01414	0.45700	0.00977	0.01651	0.01138	0.01191	0.00713	0.00936	0.00637	0.00611	0.00807	0.00153	0.27105	0.00347	0.00236	0.00567
4	0.00706	0.00511	0.00710	0.00710	0.00770	0.00571	0.00515	0.00826	0.00766	0.01082	0.01389	0.02334	0.01404	0.28466	0.56241	0.00692	0.01053	0.00586	0.00274	0.00395
5	0.01452	0.01185	0.01139	0.00966	0.01238	0.13996	0.00760	0.22573	0.17564	0.09581	0.22029	0.01972	0.01980	0.00704	0.00509	0.00150	0.00472	0.00568	0.00479	0.00682
6	0.01392	0.31022	0.17699	0.01201	0.01660	0.07674	0.10200	0.16474	0.01314	0.03411	0.00889	0.01013	0.00696	0.00485	0.00462	0.00136	0.02930	0.00369	0.00281	0.00691
7	0.01207	0.16906	0.11609	0.01313	0.16612	0.01109	0.00993	0.06278	0.01136	0.05913	0.01024	0.05406	0.00874	0.00493	0.00421	0.00120	0.00494	0.00403	0.00295	0.27395
8	0.02702	0.03314	0.43282	0.01318	0.03915	0.11351	0.01401	0.19179	0.02640	0.04896	0.00988	0.01085	0.00713	0.00507	0.00467	0.00149	0.00674	0.00382	0.00301	0.00733
9	0.01314	0.83025	0.02575	0.00841	0.01261	0.01945	0.00841	0.01472	0.00999	0.01156	0.00683	0.00788	0.00631	0.00420	0.00315	0.00105	0.00526	0.00263	0.00210	0.00631
10	0.00962	0.05499	0.06417	0.17308	0.30331	0.00960	0.01104	0.01219	0.01082	0.01449	0.07206	0.02181	0.17238	0.04285	0.00592	0.00167	0.00505	0.00590	0.00301	0.00604
11	0.00651	0.00487	0.00614	0.00676	0.00771	0.00449	0.00510	0.00800	0.01096	0.01429	0.14847	0.34170	0.22432	0.01345	0.00620	0.00190	0.00305	0.17716	0.00468	0.00425
12	0.00630	0.00506	0.00590	0.00585	0.00726	0.00466	0.00446	0.00786	0.01105	0.01412	0.17806	0.04007	0.48961	0.01679	0.16217	0.00287	0.00458	0.02472	0.00434	0.00429
13	0.00599	0.00428	0.00570	0.00684	0.00713	0.00399	0.00456	0.00684	0.00941	0.01254	0.02709	0.82409	0.03250	0.01540	0.00627	0.00200	0.00285	0.01397	0.00456	0.00399
14	0.01020	0.02305	0.65118	0.01531	0.02213	0.01161	0.16643	0.01560	0.01061	0.01560	0.00904	0.01094	0.00647	0.00457	0.00489	0.00158	0.00746	0.00405	0.00216	0.00714
15	0.01488	0.67004	0.02295	0.00847	0.01260	0.01706	0.00818	0.01652	0.01078	0.16526	0.00928	0.00961	0.00745	0.00457	0.00350	0.00114	0.00505	0.00308	0.00288	0.00671
16	0.17957	0.01716	0.37614	0.01144	0.03119	0.01093	0.01230	0.10773	0.01227	0.18006	0.01097	0.01142	0.00755	0.00508	0.00444	0.00153	0.00571	0.00382	0.00343	0.00725
17	0.00844	0.00814	0.00728	0.00771	0.00866	0.16070	0.00543	0.00953	0.01081	0.01303	0.07920	0.51843	0.11873	0.01266	0.00583	0.00178	0.00394	0.01108	0.00423	0.00439
18	0.01126	0.01563	0.17965	0.01941	0.02482	0.01223	0.63052	0.01571	0.01136	0.01571	0.00972	0.01269	0.00722	0.00425	0.00558	0.00164	0.00809	0.00538	0.00241	0.00675
19	0.00985	0.00909	0.01403	0.65847	0.02974	0.01117	0.01250	0.01520	0.16147	0.01412	0.01093	0.01412	0.00820	0.00526	0.00493	0.00164	0.00603	0.00460	0.00273	0.00591
20	0.00659	0.00513	0.00607	0.00616	0.00756	0.00460	0.00484	0.00839	0.01211	0.01565	0.28751	0.04543	0.40159	0.01188	0.00600	0.00174	0.00283	0.15671	0.00483	0.00438
21	0.01033	0.01309	0.17056	0.39375	0.23514	0.01132	0.06801	0.01404	0.01042	0.01430	0.00897	0.01233	0.00688	0.00467	0.00491	0.00158	0.00662	0.00433	0.00225	0.00651
22	0.00605	0.00433	0.00576	0.00680	0.00714	0.00404	0.00457	0.00701	0.00972	0.01304	0.08031	0.76945	0.03346	0.01502	0.00624	0.00196	0.00281	0.01362	0.00462	0.00404
23	0.01013	0.02526	0.03541	0.02576	0.16698	0.00945	0.18103	0.06089	0.01179	0.01629	0.14381	0.07764	0.01823	0.05341	0.04980	0.00217	0.03483	0.06776	0.00343	0.00591
24	0.86201	0.00950	0.00722	0.00646	0.00950	0.01102	0.00532	0.01445	0.00836	0.02205	0.00684	0.00798	0.00532	0.00456	0.00304	0.00152	0.00380	0.00266	0.00304	0.00532

[dist]
# distance from previous block
# <min> <max>
2	4

[block]
# block no. 6 follows, 51 sequences, length 15
# corresponding to MSA columns:
# 227-241
name=unknown_G
#
# <colnr> <probs for GDERKNQSTAVLIFYWHMCP>
#	G	D	E	R	K	N	Q	S	T	A	V	L	I	F	Y	W	H	M	C	P
0	0.01383	0.30791	0.05078	0.06857	0.18351	0.15743	0.04630	0.03132	0.04022	0.04413	0.00890	0.01047	0.00728	0.00466	0.00422	0.00131	0.00624	0.00363	0.00259	0.00668
1	0.23474	0.00807	0.00885	0.02238	0.01060	0.00820	0.00619	0.08384	0.02789	0.14053	0.20865	0.02130	0.01930	0.00697	0.00462	0.00149	0.00368	0.06218	0.03248	0.08803
2	0.01148	0.07444	0.13520	0.12268	0.03393	0.01242	0.14019	0.03219	0.01018	0.05982	0.00899	0.01175	0.00718	0.00632	0.02466	0.00176	0.22258	0.00428	0.00257	0.07736
3	0.01109	0.01328	0.20330	0.01288	0.12142	0.03979	0.01043	0.16863	0.02743	0.01734	0.01476	0.20836	0.01458	0.08415	0.02843	0.00209	0.00555	0.00676	0.00347	0.00625
4	0.00685	0.00499	0.00655	0.00732	0.00820	0.00474	0.00569	0.00845	0.01089	0.01434	0.13331	0.31763	0.12286	0.03407	0.00682	0.00206	0.00341	0.29293	0.00462	0.00427
5	0.01496	0.00706	0.00909	0.00750	0.01011	0.00641	0.00599	0.05697	0.01405	0.39632	0.27902	0.02496	0.06710	0.00772	0.00516	0.00151	0.00339	0.00651	0.06958	0.00660
6	0.01286	0.01087	0.01147	0.01013	0.01302	0.01252	0.00793	0.10020	0.71264	0.02158	0.01920	0.01769	0.01435	0.00659	0.00499	0.00165	0.00404	0.00544	0.00499	0.00784
7	0.86201	0.00950	0.00722	0.00646	0.00950	0.01102	0.00532	0.01445	0.00836	0.02205	0.00684	0.00798	0.00532	0.00456	0.00304	0.00152	0.00380	0.00266	0.00304	0.00532
8	0.00710	0.00515	0.00608	0.00577	0.00726	0.00454	0.00435	0.00894	0.01273	0.05049	0.43583	0.04047	0.37152	0.01092	0.00576	0.00159	0.00247	0.00937	0.00507	0.00458
9	0.00706	0.00499	0.00633	0.00599	0.00718	0.00461	0.00450	0.00931	0.01349	0.01924	0.69394	0.03592	0.08560	0.00986	0.00562	0.00152	0.00233	0.00865	0.06928	0.00461
10	0.03397	0.00534	0.00568	0.00530	0.00681	0.00530	0.00407	0.03497	0.01122	0.08507	0.07450	0.01909	0.01478	0.00605	0.00377	0.00123	0.00259	0.00488	0.67035	0.00504
11	0.02205	0.00836	0.01140	0.00874	0.01254	0.00722	0.00722	0.02395	0.01407	0.80004	0.01939	0.01673	0.01216	0.00608	0.00494	0.00152	0.00418	0.00494	0.00608	0.00836
12	0.00949	0.00568	0.00738	0.00667	0.00829	0.00520	0.00510	0.01192	0.03200	0.14786	0.59380	0.06077	0.06719	0.00959	0.00565	0.00156	0.00269	0.00839	0.00545	0.00528
13	0.00755	0.00602	0.00884	0.03065	0.14712	0.00587	0.00728	0.00915	0.01025	0.01367	0.02478	0.44856	0.07681	0.01263	0.00607	0.00193	0.00379	0.17009	0.00412	0.00482
14	0.86201	0.00950	0.00722	0.00646	0.00950	0.01102	0.00532	0.01445	0.00836	0.02205	0.00684	0.00798	0.00532	0.00456	0.00304	0.00152	0.00380	0.00266	0.00304	0.00532

[dist]
# distance from previous block
# <min> <max>
4	10

[block]
# block no. 7 follows, 51 sequences, length 9
# corresponding to MSA columns:
# 253-261
name=unknown_H
#
# <colnr> <probs for GDERKNQSTAVLIFYWHMCP>
#	G	D	E	R	K	N	Q	S	T	A	V	L	I	F	Y	W	H	M	C	P
0	0.12963	0.40277	0.20309	0.00951	0.01421	0.01453	0.01009	0.01630	0.01048	0.13540	0.00923	0.00984	0.00706	0.00465	0.00377	0.00131	0.00536	0.00322	0.00284	0.00671
1	0.78389	0.00990	0.00792	0.00691	0.01004	0.01141	0.00569	0.08538	0.00973	0.02288	0.00730	0.00834	0.00560	0.00469	0.00321	0.00152	0.00395	0.00282	0.00321	0.00560
2	0.08777	0.00754	0.01064	0.28164	0.09634	0.00853	0.00850	0.01147	0.04262	0.01339	0.04438	0.02023	0.01257	0.26978	0.06270	0.00301	0.00579	0.00540	0.00283	0.00489
3	0.00704	0.00472	0.00539	0.00550	0.00553	0.00469	0.00313	0.00712	0.00736	0.00981	0.01658	0.10665	0.01924	0.75092	0.02325	0.00450	0.00458	0.00779	0.00313	0.00307
4	0.01201	0.13746	0.01234	0.03318	0.01170	0.27656	0.00716	0.01395	0.04908	0.01282	0.08176	0.02040	0.11300	0.11735	0.06073	0.00226	0.02462	0.00534	0.00314	0.00514
5	0.00696	0.00502	0.00657	0.00618	0.00734	0.00464	0.00464	0.00927	0.01391	0.01971	0.79405	0.03671	0.04637	0.01005	0.00580	0.00155	0.00232	0.00889	0.00541	0.00464
6	0.01052	0.11955	0.59749	0.01467	0.05034	0.01249	0.09753	0.01546	0.01049	0.01512	0.00872	0.01045	0.00643	0.00455	0.00462	0.00150	0.00708	0.00377	0.00214	0.00710
7	0.01235	0.53330	0.25169	0.01102	0.04457	0.04741	0.01155	0.01517	0.01030	0.01292	0.00753	0.00881	0.00634	0.00438	0.00371	0.00122	0.00600	0.00301	0.00212	0.00662
8	0.00702	0.00527	0.00656	0.00667	0.00772	0.00525	0.00512	0.00861	0.01059	0.01432	0.15468	0.12325	0.24556	0.06146	0.10497	0.00268	0.04320	0.11413	0.06862	0.00432

[dist]
# distance from previous block
# <min> <max>
0	1

[block]
# block no. 8 follows, 51 sequences, length 13
# corresponding to MSA columns:
# 263-275
name=unknown_I
#
# <colnr> <probs for GDERKNQSTAVLIFYWHMCP>
#	G	D	E	R	K	N	Q	S	T	A	V	L	I	F	Y	W	H	M	C	P
0	0.00672	0.00552	0.00689	0.00706	0.00787	0.00568	0.00525	0.00790	0.01018	0.01332	0.09128	0.35555	0.29452	0.01296	0.00746	0.00187	0.11573	0.03564	0.00429	0.00431
1	0.00737	0.00519	0.00625	0.00613	0.00659	0.00537	0.00398	0.00872	0.05004	0.01184	0.12323	0.02996	0.02076	0.54177	0.14835	0.00466	0.00574	0.00700	0.00337	0.00369
2	0.00901	0.00561	0.00819	0.00792	0.00915	0.00610	0.00615	0.01071	0.00889	0.12078	0.01525	0.08976	0.01405	0.03070	0.62604	0.00649	0.01101	0.00599	0.00328	0.00490
3	0.00962	0.02007	0.53543	0.01388	0.01977	0.01069	0.14743	0.01431	0.01062	0.01517	0.01462	0.01600	0.11569	0.00577	0.00535	0.00160	0.02986	0.00496	0.00249	0.00667
4	0.30428	0.12419	0.01246	0.00841	0.01177	0.01284	0.00711	0.29266	0.01444	0.06337	0.01026	0.01090	0.00769	0.00520	0.00388	0.00140	0.00444	0.00362	0.09445	0.00664
5	0.69984	0.01165	0.11755	0.00763	0.01129	0.01088	0.00720	0.01510	0.00894	0.06199	0.00778	0.00877	0.00581	0.00466	0.00337	0.00153	0.00430	0.00292	0.00307	0.00575
6	0.00915	0.00760	0.00903	0.00700	0.01039	0.00595	0.00550	0.01125	0.01090	0.01637	0.15616	0.06030	0.04739	0.00601	0.00433	0.00102	0.00333	0.02232	0.00356	0.60243
7	0.01112	0.01657	0.23962	0.01888	0.02448	0.01215	0.57149	0.01569	0.01127	0.01569	0.00964	0.01247	0.00712	0.00429	0.00549	0.00163	0.00801	0.00521	0.00237	0.00680
8	0.01081	0.01066	0.03838	0.19669	0.52682	0.01069	0.01369	0.01368	0.01078	0.01495	0.01223	0.05769	0.05053	0.00552	0.00500	0.00154	0.00569	0.00519	0.00260	0.00687
9	0.01052	0.01193	0.14575	0.00902	0.01380	0.00807	0.02758	0.03620	0.04988	0.01660	0.00944	0.01076	0.00753	0.00405	0.00398	0.00096	0.00444	0.00328	0.00292	0.62330
10	0.00603	0.00431	0.00574	0.00681	0.00714	0.00402	0.00457	0.00696	0.00962	0.01288	0.06336	0.78685	0.03316	0.01514	0.00625	0.00197	0.00283	0.01373	0.00460	0.00402
11	0.01366	0.01117	0.01621	0.03585	0.36393	0.02861	0.04288	0.10764	0.03040	0.10377	0.01078	0.01232	0.00832	0.00466	0.00465	0.00132	0.00527	0.00419	0.00329	0.19108
12	0.02244	0.00916	0.01016	0.00880	0.04211	0.05225	0.00655	0.06609	0.07321	0.04756	0.12087	0.08130	0.03564	0.00643	0.00457	0.00121	0.00392	0.01569	0.00384	0.38820

[dist]
# distance from previous block
# <min> <max>
2	5

[block]
# block no. 9 follows, 51 sequences, length 10
# corresponding to MSA columns:
# 281-290
name=unknown_J
#
# <colnr> <probs for GDERKNQSTAVLIFYWHMCP>
#	G	D	E	R	K	N	Q	S	T	A	V	L	I	F	Y	W	H	M	C	P
0	0.04411	0.00928	0.01271	0.29364	0.07402	0.00963	0.00965	0.10525	0.01143	0.01645	0.00944	0.01224	0.00754	0.00729	0.07306	0.00183	0.00585	0.00390	0.00285	0.28984
1	0.00793	0.00634	0.00930	0.01210	0.17845	0.00629	0.00710	0.03796	0.01011	0.01381	0.02109	0.52370	0.02405	0.04028	0.07504	0.00245	0.00454	0.01057	0.00390	0.00498
2	0.00623	0.00452	0.00588	0.00655	0.00715	0.00417	0.00453	0.00749	0.01071	0.01447	0.22976	0.56741	0.08531	0.01380	0.00612	0.00186	0.00269	0.01240	0.00478	0.00417
3	0.00687	0.00502	0.00645	0.00609	0.00729	0.00460	0.00457	0.00911	0.01371	0.01922	0.73771	0.03751	0.10301	0.01023	0.00580	0.00155	0.00233	0.00900	0.00535	0.00460
4	0.00610	0.00444	0.00555	0.00639	0.00685	0.00411	0.00425	0.00691	0.00941	0.01230	0.02916	0.61359	0.14609	0.11026	0.00840	0.00227	0.00302	0.01262	0.00438	0.00390
5	0.00938	0.00562	0.00691	0.00660	0.00834	0.00497	0.00513	0.01101	0.01205	0.16476	0.17851	0.13719	0.32610	0.01127	0.00581	0.00172	0.00305	0.09152	0.00501	0.00507
6	0.01868	0.01376	0.01475	0.01131	0.01524	0.01524	0.00934	0.78025	0.02311	0.03097	0.01180	0.01180	0.00836	0.00590	0.00492	0.00147	0.00541	0.00442	0.00492	0.00836
7	0.86201	0.00950	0.00722	0.00646	0.00950	0.01102	0.00532	0.01445	0.00836	0.02205	0.00684	0.00798	0.00532	0.00456	0.00304	0.00152	0.00380	0.00266	0.00304	0.00532
8	0.00596	0.00438	0.00559	0.00656	0.00705	0.00402	0.00444	0.00687	0.00968	0.01266	0.03054	0.70573	0.14863	0.01495	0.00620	0.00194	0.00280	0.01342	0.00456	0.00402
9	0.08705	0.46290	0.07447	0.00990	0.01372	0.25392	0.00915	0.01622	0.01105	0.01288	0.00720	0.00836	0.00622	0.00452	0.00363	0.00119	0.00635	0.00286	0.00231	0.00611

[dist]
# distance from previous block
# <min> <max>
0	4

[block]
# block no. 10 follows, 51 sequences, length 25
# corresponding to MSA columns:
# 295-319
name=unknown_K
#
# <colnr> <probs for GDERKNQSTAVLIFYWHMCP>
#	G	D	E	R	K	N	Q	S	T	A	V	L	I	F	Y	W	H	M	C	P
0	0.00988	0.01037	0.05154	0.01499	0.01836	0.00934	0.43179	0.01305	0.01092	0.01509	0.01503	0.11297	0.01425	0.00855	0.03487	0.01913	0.00665	0.13088	0.06665	0.00569
1	0.08159	0.00870	0.00946	0.00854	0.01081	0.04179	0.00659	0.11004	0.15671	0.16807	0.06438	0.24651	0.03125	0.00913	0.00525	0.00169	0.00394	0.02445	0.00482	0.00630
2	0.07835	0.01364	0.01969	0.01639	0.09631	0.12997	0.31613	0.10172	0.03966	0.12298	0.01111	0.01258	0.00815	0.00487	0.00506	0.00153	0.00677	0.00476	0.00337	0.00697
3	0.01742	0.01111	0.01183	0.00947	0.01285	0.08906	0.00763	0.22668	0.07130	0.31051	0.08248	0.01702	0.04009	0.00636	0.00490	0.00145	0.00471	0.00505	0.00501	0.06504
4	0.01308	0.26564	0.01775	0.01114	0.01326	0.21283	0.03181	0.01447	0.01026	0.01216	0.03590	0.02895	0.00867	0.02474	0.00853	0.00161	0.27710	0.00399	0.00243	0.00567
5	0.01417	0.31002	0.01721	0.01068	0.03980	0.26046	0.00855	0.03951	0.06342	0.04015	0.01105	0.10861	0.01039	0.00630	0.00477	0.00136	0.03987	0.00463	0.00296	0.00608
6	0.00847	0.02824	0.00753	0.00690	0.00791	0.03449	0.00493	0.00954	0.00873	0.04468	0.01588	0.13067	0.01661	0.30237	0.22923	0.00437	0.00671	0.02398	0.04955	0.05922
7	0.01395	0.00910	0.01039	0.00846	0.01126	0.00927	0.00680	0.32356	0.01719	0.14952	0.22136	0.02524	0.15650	0.00814	0.00530	0.00153	0.00390	0.00670	0.00517	0.00666
8	0.01110	0.30247	0.12035	0.00927	0.01268	0.01238	0.00887	0.08956	0.05464	0.01532	0.01449	0.16445	0.01454	0.00775	0.00468	0.00150	0.00485	0.09911	0.00333	0.04866
9	0.01897	0.01254	0.05054	0.01054	0.01460	0.01239	0.00901	0.49460	0.01940	0.25711	0.01380	0.01313	0.00935	0.00582	0.00487	0.00147	0.00507	0.00449	0.00506	0.03725
10	0.00616	0.00440	0.00590	0.00704	0.00740	0.00414	0.00486	0.00714	0.00958	0.01274	0.02699	0.75634	0.03213	0.01524	0.00632	0.00202	0.00300	0.08004	0.00456	0.00404
11	0.01529	0.13167	0.23492	0.01247	0.01654	0.48066	0.01176	0.01784	0.01241	0.01295	0.00783	0.00915	0.00630	0.00484	0.00433	0.00132	0.00794	0.00322	0.00235	0.00621
12	0.00615	0.00443	0.00586	0.00688	0.00732	0.00414	0.00476	0.00718	0.00981	0.01302	0.06011	0.70423	0.06640	0.01492	0.00627	0.00198	0.00293	0.06495	0.00459	0.00406
13	0.00676	0.00460	0.00547	0.00586	0.00595	0.00451	0.00351	0.00704	0.00790	0.01054	0.01937	0.29758	0.02277	0.55517	0.01873	0.00384	0.00412	0.00943	0.00351	0.00332
14	0.01116	0.01241	0.02664	0.01918	0.02366	0.01166	0.70156	0.01489	0.01116	0.01512	0.01049	0.01514	0.00849	0.08609	0.00771	0.00197	0.00793	0.00593	0.00253	0.00626
15	0.00992	0.01164	0.09703	0.01477	0.01780	0.01101	0.32654	0.01292	0.00960	0.01369	0.01009	0.01424	0.00855	0.01463	0.24197	0.00357	0.16870	0.00513	0.00242	0.00579
16	0.00828	0.00427	0.00633	0.00645	0.00647	0.00424	0.00430	0.00645	0.00670	0.00894	0.01038	0.09549	0.01092	0.01691	0.01792	0.77190	0.00413	0.00523	0.00238	0.00232
17	0.00612	0.00453	0.00572	0.00639	0.00708	0.00413	0.00442	0.00729	0.01049	0.01388	0.16037	0.55101	0.17265	0.01396	0.00611	0.00186	0.00270	0.01246	0.00470	0.00413
18	0.01100	0.00692	0.00881	0.10486	0.01165	0.00729	0.00623	0.10892	0.01151	0.11770	0.09200	0.02263	0.01613	0.24887	0.10791	0.00321	0.00549	0.00584	0.09789	0.00517
19	0.86201	0.00950	0.00722	0.00646	0.00950	0.01102	0.00532	0.01445	0.00836	0.02205	0.00684	0.00798	0.00532	0.00456	0.00304	0.00152	0.00380	0.00266	0.00304	0.00532
20	0.03481	0.01952	0.01330	0.01170	0.01446	0.54820	0.00897	0.16606	0.06453	0.01674	0.00960	0.01048	0.00756	0.00535	0.00448	0.00133	0.00745	0.00362	0.04556	0.00628
21	0.00756	0.00543	0.00668	0.00705	0.00781	0.00534	0.00493	0.08420	0.01090	0.01456	0.07779	0.51317	0.05613	0.13152	0.00882	0.00231	0.00340	0.04361	0.00442	0.00435
22	0.20489	0.04854	0.30017	0.00932	0.01335	0.00968	0.00988	0.01357	0.05891	0.01615	0.01485	0.06308	0.08790	0.09707	0.00668	0.00190	0.00506	0.00512	0.00300	0.03087
23	0.30279	0.02777	0.01017	0.00960	0.04063	0.23791	0.00717	0.04482	0.02814	0.01690	0.01327	0.11684	0.04405	0.00705	0.00441	0.00153	0.00529	0.05391	0.00332	0.02445
24	0.12068	0.00983	0.02749	0.01181	0.12794	0.02039	0.00811	0.19210	0.04064	0.08026	0.05215	0.12945	0.01487	0.07518	0.00677	0.00185	0.01876	0.02833	0.00401	0.02936

[dist]
# distance from previous block
# <min> <max>
1	8

[block]
# block no. 11 follows, 51 sequences, length 17
# corresponding to MSA columns:
# 328-344
name=unknown_L
#
# <colnr> <probs for GDERKNQSTAVLIFYWHMCP>
#	G	D	E	R	K	N	Q	S	T	A	V	L	I	F	Y	W	H	M	C	P
0	0.01752	0.11237	0.06270	0.02914	0.06979	0.08176	0.00886	0.03784	0.01282	0.40723	0.01384	0.01331	0.00950	0.00526	0.00451	0.00135	0.00507	0.00413	0.00431	0.09869
1	0.09902	0.01069	0.01533	0.02807	0.22031	0.01076	0.08983	0.14990	0.03853	0.19624	0.03263	0.01379	0.00993	0.00526	0.00476	0.00148	0.00513	0.00460	0.02875	0.03500
2	0.01589	0.03490	0.06341	0.04082	0.08822	0.13932	0.13273	0.35372	0.03271	0.03473	0.01051	0.01168	0.00781	0.00523	0.00492	0.00147	0.00654	0.00438	0.00363	0.00739
3	0.00817	0.00682	0.00859	0.00921	0.08029	0.03445	0.03271	0.01030	0.02618	0.03653	0.20404	0.06241	0.32698	0.01061	0.00579	0.00170	0.00357	0.12223	0.00446	0.00496
4	0.00828	0.00602	0.00758	0.00708	0.00851	0.00600	0.00546	0.01195	0.10879	0.04705	0.58630	0.03442	0.05543	0.00972	0.00601	0.00162	0.02471	0.05471	0.00522	0.00516
5	0.01040	0.01054	0.01464	0.71665	0.03155	0.10899	0.01314	0.01343	0.01033	0.01249	0.00859	0.01258	0.00652	0.00493	0.00485	0.00159	0.00684	0.00422	0.00223	0.00549
6	0.00653	0.00478	0.00594	0.00618	0.00702	0.00441	0.00437	0.00794	0.01117	0.01503	0.31384	0.27512	0.16522	0.11280	0.00834	0.00212	0.00289	0.03747	0.00468	0.00415
7	0.00609	0.00499	0.00537	0.00527	0.00681	0.00427	0.00395	0.00760	0.01186	0.01485	0.23211	0.04470	0.61133	0.01186	0.00581	0.00163	0.00245	0.01001	0.00477	0.00427
8	0.00628	0.00497	0.00566	0.00555	0.00695	0.00434	0.00414	0.00795	0.01223	0.01587	0.35295	0.07573	0.45674	0.01159	0.00582	0.00163	0.00243	0.00992	0.00491	0.00434
9	0.02205	0.00836	0.01140	0.00874	0.01254	0.00722	0.00722	0.02395	0.01407	0.80004	0.01939	0.01673	0.01216	0.00608	0.00494	0.00152	0.00418	0.00494	0.00608	0.00836
10	0.86201	0.00950	0.00722	0.00646	0.00950	0.01102	0.00532	0.01445	0.00836	0.02205	0.00684	0.00798	0.00532	0.00456	0.00304	0.00152	0.00380	0.00266	0.00304	0.00532
11	0.01836	0.02342	0.01393	0.01266	0.01519	0.80756	0.00950	0.01962	0.01393	0.01203	0.00760	0.00886	0.00633	0.00506	0.00443	0.00127	0.00886	0.00317	0.00253	0.00570
12	0.01751	0.01263	0.01350	0.01048	0.01407	0.01393	0.00861	0.68561	0.02153	0.02941	0.01232	0.01260	0.00888	0.00588	0.00473	0.00143	0.00502	0.00444	0.10951	0.00789
13	0.00704	0.00530	0.00654	0.00618	0.00751	0.00495	0.00465	0.00977	0.05334	0.01868	0.63058	0.03752	0.16899	0.01027	0.00576	0.00157	0.00243	0.00896	0.00525	0.00472
14	0.19208	0.00982	0.01496	0.40846	0.23309	0.01119	0.03505	0.01373	0.00993	0.01562	0.00850	0.01176	0.00665	0.00467	0.00453	0.00157	0.00582	0.00405	0.00244	0.00609
15	0.09348	0.01028	0.01325	0.01294	0.15208	0.01023	0.00892	0.18250	0.04268	0.40054	0.01489	0.01415	0.01007	0.00563	0.00476	0.00151	0.00469	0.00455	0.00488	0.00797
16	0.01693	0.01321	0.01288	0.01046	0.01377	0.11076	0.00841	0.44070	0.14537	0.07794	0.01353	0.01345	0.00985	0.00592	0.00473	0.00145	0.00521	0.00450	0.08333	0.00759

[dist]
# distance from previous block
# <min> <max>
3	4

[block]
# block no. 12 follows, 51 sequences, length 7
# corresponding to MSA columns:
# 349-355
name=unknown_M
#
# <colnr> <probs for GDERKNQSTAVLIFYWHMCP>
#	G	D	E	R	K	N	Q	S	T	A	V	L	I	F	Y	W	H	M	C	P
0	0.01326	0.01629	0.11028	0.08727	0.04736	0.24965	0.09464	0.05527	0.01177	0.01459	0.00838	0.01066	0.00678	0.00523	0.00629	0.00145	0.12563	0.00386	0.00256	0.12879
1	0.01168	0.01084	0.01417	0.01601	0.23879	0.08039	0.03080	0.06247	0.07027	0.03302	0.17124	0.05655	0.01716	0.00721	0.00720	0.00164	0.15490	0.00579	0.00353	0.00635
2	0.01133	0.07600	0.01097	0.00877	0.01114	0.11891	0.00676	0.01522	0.16581	0.05764	0.01684	0.26239	0.01662	0.00839	0.00523	0.00149	0.02850	0.00701	0.00387	0.16711
3	0.01387	0.01050	0.01318	0.01098	0.01341	0.05131	0.07174	0.14984	0.12546	0.14762	0.07253	0.07517	0.01522	0.00779	0.00722	0.00173	0.14678	0.05470	0.00430	0.00665
4	0.08665	0.01093	0.00972	0.00898	0.01086	0.16246	0.00669	0.18821	0.04956	0.01762	0.01674	0.30477	0.01749	0.07839	0.00685	0.00191	0.00489	0.00774	0.00401	0.00553
5	0.01201	0.01287	0.08412	0.12021	0.18689	0.01191	0.29894	0.12043	0.01276	0.01742	0.01094	0.01554	0.00890	0.00524	0.00535	0.00162	0.00680	0.05829	0.00288	0.00687
6	0.01021	0.00924	0.07337	0.06518	0.01274	0.00814	0.00756	0.09674	0.12094	0.04228	0.25886	0.10490	0.02335	0.00778	0.00513	0.00148	0.00388	0.00669	0.00435	0.13717

[dist]
# distance from previous block
# <min> <max>
3	11

[block]
# block no. 13 follows, 51 sequences, length 137
# corresponding to MSA columns:
# 367-503
name=unknown_N
#
# <colnr> <probs for GDERKNQSTAVLIFYWHMCP>
#	G	D	E	R	K	N	Q	S	T	A	V	L	I	F	Y	W	H	M	C	P
0	0.01716	0.02256	0.01373	0.01083	0.01430	0.07818	0.06887	0.19197	0.21546	0.26974	0.01586	0.01535	0.01124	0.02515	0.00542	0.00161	0.00513	0.00492	0.00483	0.00770
1	0.01557	0.12972	0.01622	0.03785	0.15215	0.35366	0.01008	0.10536	0.05284	0.03002	0.04442	0.01164	0.00916	0.00524	0.00450	0.00134	0.00674	0.00389	0.00304	0.00655
2	0.09864	0.39729	0.17276	0.00924	0.01354	0.01433	0.00950	0.04962	0.01071	0.10082	0.00951	0.01145	0.00784	0.06961	0.00544	0.00156	0.00535	0.00352	0.00282	0.00645
3	0.01040	0.00762	0.00890	0.00864	0.01048	0.00816	0.00663	0.01739	0.35728	0.08299	0.05899	0.26796	0.02313	0.01025	0.00563	0.00182	0.00360	0.09907	0.00492	0.00614
4	0.00669	0.00482	0.00627	0.00630	0.00721	0.00446	0.00455	0.00853	0.01248	0.01740	0.55583	0.24023	0.05822	0.03651	0.00651	0.00176	0.00253	0.01018	0.00510	0.00441
5	0.11740	0.13598	0.13264	0.01395	0.01845	0.10374	0.27542	0.06666	0.03566	0.04134	0.00940	0.01107	0.00716	0.00464	0.00464	0.00148	0.00676	0.00421	0.00279	0.00661
6	0.02164	0.00901	0.01181	0.00905	0.01287	0.00818	0.00748	0.11460	0.01515	0.70786	0.01848	0.01614	0.01171	0.00606	0.00494	0.00152	0.00433	0.00488	0.00594	0.00836
7	0.00674	0.00503	0.00632	0.00635	0.00753	0.00460	0.00486	0.00869	0.01258	0.01701	0.46310	0.11291	0.20605	0.01151	0.00597	0.00170	0.00269	0.10688	0.00503	0.00446
8	0.02717	0.01117	0.01733	0.07766	0.43807	0.01172	0.05808	0.06601	0.14000	0.04866	0.01163	0.01350	0.00911	0.00508	0.00515	0.00153	0.02446	0.00466	0.02156	0.00744
9	0.01499	0.01093	0.01657	0.01277	0.01629	0.03412	0.23902	0.19568	0.03921	0.20309	0.01574	0.15082	0.01321	0.00702	0.00540	0.00163	0.00561	0.00657	0.00433	0.00700
10	0.00631	0.00458	0.00587	0.00648	0.00709	0.00424	0.00448	0.00754	0.01057	0.01422	0.21552	0.50295	0.10100	0.06160	0.00723	0.00202	0.00284	0.02667	0.00467	0.00411
11	0.01314	0.83025	0.02575	0.00841	0.01261	0.01945	0.00841	0.01472	0.00999	0.01156	0.00683	0.00788	0.00631	0.00420	0.00315	0.00105	0.00526	0.00263	0.00210	0.00631
