[name]
unknown

[dist]
# distance from previous block
# <min> <max>
0	155

[block]
# block no. 0 follows, 52 sequences, length 34
# corresponding to MSA columns:
# 214-247
name=unknown_A
#
# <colnr> <probs for GDERKNQSTAVLIFYWHMCP>
#	G	D	E	R	K	N	Q	S	T	A	V	L	I	F	Y	W	H	M	C	P
0	0.01177	0.01120	0.01904	0.02865	0.75783	0.01120	0.01450	0.01462	0.01104	0.01576	0.00999	0.01424	0.00874	0.00480	0.00490	0.00148	0.00569	0.04453	0.00251	0.00751
1	0.00679	0.00495	0.00638	0.00602	0.00720	0.00454	0.00452	0.00901	0.01355	0.01904	0.75062	0.03684	0.09226	0.01005	0.00572	0.00153	0.00230	0.00885	0.00528	0.00454
2	0.00930	0.00877	0.01481	0.77648	0.07377	0.01081	0.01353	0.01251	0.00976	0.01256	0.00864	0.01287	0.00652	0.00482	0.00484	0.00161	0.00642	0.00431	0.00217	0.00550
3	0.00673	0.00481	0.00657	0.00769	0.00834	0.00465	0.00593	0.00818	0.01009	0.01330	0.02625	0.49161	0.03025	0.01440	0.00641	0.00208	0.00353	0.34054	0.00448	0.00416
4	0.00931	0.00772	0.00955	0.00896	0.01056	0.00911	0.00701	0.01604	0.33752	0.01507	0.01542	0.01813	0.01290	0.02212	0.42325	0.00486	0.05788	0.00526	0.00355	0.00579
5	0.01095	0.19720	0.17330	0.01195	0.01429	0.01510	0.01153	0.01303	0.00852	0.01233	0.00691	0.00990	0.00629	0.00675	0.01081	0.00176	0.47768	0.00374	0.00210	0.00587
6	0.01165	0.00981	0.01208	0.00880	0.01304	0.00846	0.05765	0.14744	0.02880	0.01844	0.00945	0.01069	0.00754	0.00407	0.00398	0.00093	0.00420	0.00337	0.00323	0.63636
7	0.01364	0.01075	0.01214	0.03781	0.05497	0.04594	0.00889	0.35816	0.08827	0.02193	0.01627	0.02565	0.01483	0.03510	0.00603	0.00181	0.00512	0.23170	0.00436	0.00665
8	0.86392	0.00937	0.00712	0.00637	0.00937	0.01087	0.00525	0.01425	0.00825	0.02174	0.00675	0.00787	0.00525	0.00450	0.00300	0.00150	0.00375	0.00262	0.00300	0.00525
9	0.01246	0.00989	0.01072	0.00925	0.01181	0.01107	0.00723	0.22858	0.38412	0.02123	0.06489	0.01988	0.04906	0.07919	0.05649	0.00223	0.00473	0.00570	0.00460	0.00687
10	0.00578	0.00491	0.00498	0.00496	0.00658	0.00411	0.00372	0.00705	0.01117	0.01338	0.08331	0.04616	0.76310	0.01216	0.00573	0.00163	0.00245	0.01016	0.00454	0.00411
11	0.01063	0.01069	0.01534	0.01300	0.01318	0.01475	0.03830	0.01180	0.00757	0.01180	0.00648	0.01069	0.00640	0.00832	0.01554	0.00210	0.79164	0.00429	0.00213	0.00535
12	0.01296	0.83261	0.02539	0.00829	0.01244	0.01917	0.00829	0.01451	0.00985	0.01140	0.00674	0.00777	0.00622	0.00415	0.00311	0.00104	0.00518	0.00259	0.00207	0.00622
13	0.86392	0.00937	0.00712	0.00637	0.00937	0.01087	0.00525	0.01425	0.00825	0.02174	0.00675	0.00787	0.00525	0.00450	0.00300	0.00150	0.00375	0.00262	0.00300	0.00525
14	0.00809	0.00553	0.00785	0.00763	0.00826	0.02308	0.05288	0.03302	0.00877	0.01162	0.04416	0.33074	0.01901	0.03200	0.01202	0.37635	0.00399	0.00822	0.00329	0.00348
15	0.86392	0.00937	0.00712	0.00637	0.00937	0.01087	0.00525	0.01425	0.00825	0.02174	0.00675	0.00787	0.00525	0.00450	0.00300	0.00150	0.00375	0.00262	0.00300	0.00525
16	0.01810	0.02310	0.01373	0.01248	0.01498	0.81024	0.00936	0.01935	0.01373	0.01186	0.00749	0.00874	0.00624	0.00499	0.00437	0.00125	0.00874	0.00312	0.00250	0.00562
17	0.00692	0.00519	0.00779	0.00779	0.00865	0.00606	0.00606	0.00865	0.00779	0.01125	0.01298	0.01904	0.01211	0.03634	0.81049	0.00779	0.01298	0.00519	0.00260	0.00433
18	0.01842	0.01357	0.01454	0.01115	0.01503	0.01503	0.00921	0.78330	0.02278	0.03054	0.01163	0.01163	0.00824	0.00582	0.00485	0.00145	0.00533	0.00436	0.00485	0.00824
19	0.00642	0.00494	0.00587	0.00564	0.00697	0.00439	0.00423	0.00829	0.01268	0.01697	0.50654	0.04025	0.33763	0.01083	0.00572	0.00157	0.00235	0.00933	0.00501	0.00439
20	0.37453	0.01180	0.01142	0.00914	0.01265	0.01328	0.00754	0.45939	0.01666	0.02684	0.00958	0.01005	0.00698	0.00526	0.00407	0.00147	0.00467	0.00363	0.00407	0.00698
21	0.00686	0.00495	0.00648	0.00610	0.00724	0.00457	0.00457	0.00914	0.01372	0.01943	0.79691	0.03620	0.04572	0.00991	0.00572	0.00152	0.00229	0.00876	0.00533	0.00457
22	0.01199	0.01151	0.01967	0.02974	0.79946	0.01151	0.01487	0.01487	0.01103	0.01583	0.00912	0.01199	0.00768	0.00432	0.00480	0.00144	0.00576	0.00432	0.00240	0.00768
23	0.00903	0.00452	0.00452	0.00452	0.00565	0.00452	0.00339	0.01129	0.01016	0.01807	0.01581	0.01807	0.01242	0.00565	0.00339	0.00113	0.00226	0.00452	0.85659	0.00452
24	0.01842	0.01357	0.01454	0.01115	0.01503	0.01503	0.00921	0.78330	0.02278	0.03054	0.01163	0.01163	0.00824	0.00582	0.00485	0.00145	0.00533	0.00436	0.00485	0.00824
25	0.00842	0.00421	0.00631	0.00631	0.00631	0.00421	0.00421	0.00631	0.00631	0.00842	0.00842	0.01473	0.00842	0.01684	0.01894	0.85901	0.00421	0.00421	0.00210	0.00210
26	0.00590	0.00422	0.00562	0.00675	0.00703	0.00394	0.00450	0.00675	0.00928	0.01237	0.02671	0.82653	0.03205	0.01518	0.00619	0.00197	0.00281	0.01378	0.00450	0.00394
27	0.00573	0.00491	0.00491	0.00491	0.00655	0.00409	0.00368	0.00695	0.01105	0.01309	0.04909	0.04664	0.79750	0.01227	0.00573	0.00164	0.00245	0.01023	0.00450	0.00409
28	0.01296	0.83261	0.02539	0.00829	0.01244	0.01917	0.00829	0.01451	0.00985	0.01140	0.00674	0.00777	0.00622	0.00415	0.00311	0.00104	0.00518	0.00259	0.00207	0.00622
29	0.01958	0.00873	0.01118	0.00890	0.01242	0.00822	0.00724	0.02409	0.18742	0.62799	0.01925	0.01685	0.01262	0.00613	0.00489	0.00153	0.00406	0.00501	0.00576	0.00812
30	0.00939	0.00890	0.01478	0.71916	0.06512	0.01113	0.01329	0.01243	0.00957	0.01247	0.00845	0.01269	0.00651	0.00511	0.00573	0.00165	0.07167	0.00430	0.00216	0.00548
31	0.06392	0.21303	0.10739	0.01111	0.01335	0.01489	0.01030	0.01334	0.02988	0.01302	0.00718	0.00989	0.00649	0.00652	0.00997	0.00169	0.42811	0.00365	0.00226	0.03400
32	0.01049	0.00954	0.01224	0.00978	0.01230	0.03562	0.05401	0.04804	0.00990	0.01457	0.00984	0.08601	0.00934	0.00676	0.00808	0.03874	0.22771	0.00456	0.00284	0.38963
33	0.01286	0.01371	0.01416	0.01223	0.01347	0.23143	0.03510	0.07257	0.01050	0.01324	0.00795	0.01122	0.00716	0.01037	0.10265	0.00246	0.41678	0.00410	0.00250	0.00554

[dist]
# distance from previous block
# <min> <max>
6	27

[block]
# block no. 1 follows, 52 sequences, length 9
# corresponding to MSA columns:
# 275-283
name=unknown_B
#
# <colnr> <probs for GDERKNQSTAVLIFYWHMCP>
#	G	D	E	R	K	N	Q	S	T	A	V	L	I	F	Y	W	H	M	C	P
0	0.01384	0.00994	0.01202	0.01018	0.07630	0.00903	0.00751	0.18408	0.03785	0.13558	0.01122	0.01176	0.00840	0.00459	0.00420	0.00108	0.00423	0.00369	0.00379	0.45071
1	0.01224	0.01197	0.01079	0.03518	0.01257	0.20174	0.00718	0.08243	0.12372	0.01711	0.14440	0.05533	0.01584	0.00622	0.00461	0.00127	0.00485	0.00501	0.00372	0.24384
2	0.00927	0.00732	0.00759	0.00665	0.00891	0.00714	0.00522	0.22336	0.01432	0.01796	0.03865	0.03688	0.57749	0.01047	0.00548	0.00159	0.00326	0.00859	0.00460	0.00525
3	0.00915	0.00861	0.01453	0.81804	0.03338	0.01077	0.01346	0.01238	0.00969	0.01238	0.00861	0.01292	0.00646	0.00484	0.00484	0.00161	0.00646	0.00431	0.00215	0.00538
4	0.00630	0.00484	0.00619	0.00663	0.00760	0.00473	0.00497	0.00765	0.00961	0.01249	0.03015	0.27480	0.27776	0.01996	0.23028	0.00351	0.00568	0.07875	0.00397	0.00414
5	0.01098	0.01093	0.01343	0.01116	0.01254	0.06862	0.00916	0.01236	0.00860	0.01283	0.00707	0.01032	0.00658	0.00687	0.01166	0.00167	0.53573	0.00378	0.00236	0.24338
6	0.00617	0.00442	0.00586	0.00657	0.00709	0.00411	0.00452	0.00742	0.01052	0.01434	0.24140	0.60622	0.03586	0.01371	0.00605	0.00184	0.00267	0.01238	0.00473	0.00411
7	0.01017	0.01351	0.22108	0.35025	0.02353	0.01141	0.01290	0.01686	0.22745	0.01533	0.01164	0.01356	0.00869	0.00540	0.00523	0.00162	0.03752	0.00444	0.00290	0.00648
8	0.01215	0.02186	0.58436	0.01307	0.01932	0.01231	0.01548	0.22942	0.01373	0.01958	0.00952	0.01062	0.00672	0.00494	0.00467	0.00151	0.00665	0.00380	0.00283	0.00746

[dist]
# distance from previous block
# <min> <max>
4	14

[block]
# block no. 2 follows, 52 sequences, length 29
# corresponding to MSA columns:
# 298-326
name=unknown_C
#
# <colnr> <probs for GDERKNQSTAVLIFYWHMCP>
#	G	D	E	R	K	N	Q	S	T	A	V	L	I	F	Y	W	H	M	C	P
0	0.70410	0.00960	0.00857	0.00756	0.01000	0.01162	0.00625	0.01376	0.00809	0.01985	0.00668	0.00838	0.00546	0.00524	0.00542	0.00162	0.15678	0.00293	0.00283	0.00526
1	0.01224	0.67828	0.02336	0.15995	0.01636	0.01760	0.00926	0.01411	0.00982	0.01158	0.00709	0.00874	0.00626	0.00428	0.00343	0.00114	0.00542	0.00291	0.00209	0.00606
2	0.01626	0.01196	0.01303	0.01020	0.01357	0.01307	0.00834	0.63831	0.02109	0.02846	0.15871	0.01624	0.01526	0.00658	0.00501	0.00147	0.00476	0.00519	0.00494	0.00755
3	0.00729	0.00564	0.00799	0.15817	0.01213	0.00573	0.00624	0.00975	0.01296	0.01811	0.64926	0.03184	0.03837	0.00896	0.00555	0.00154	0.00307	0.00793	0.00474	0.00472
4	0.01067	0.40824	0.23137	0.01026	0.01454	0.01375	0.05936	0.01335	0.00994	0.01291	0.01120	0.16212	0.01111	0.00633	0.00425	0.00138	0.00546	0.00515	0.00254	0.00607
5	0.17678	0.01279	0.01315	0.01026	0.01397	0.01425	0.00847	0.63927	0.02006	0.02889	0.01072	0.01093	0.00768	0.00557	0.00450	0.00146	0.00504	0.00404	0.00450	0.00768
6	0.01085	0.00909	0.01048	0.00756	0.01182	0.00728	0.00607	0.08575	0.01126	0.01720	0.00890	0.01020	0.00728	0.00380	0.00371	0.00079	0.00376	0.00301	0.00306	0.77814
7	0.00825	0.00597	0.00729	0.00757	0.00853	0.00601	0.00538	0.15219	0.01181	0.01577	0.02389	0.67391	0.02759	0.01343	0.00593	0.00187	0.00328	0.01201	0.00456	0.00474
8	0.00608	0.00436	0.00578	0.00663	0.00707	0.00406	0.00451	0.00720	0.01011	0.01369	0.17096	0.67851	0.03461	0.01419	0.00610	0.00188	0.00271	0.01284	0.00466	0.00406
9	0.01936	0.00755	0.00999	0.00785	0.01111	0.00663	0.00642	0.02131	0.01318	0.65584	0.01850	0.01679	0.01208	0.00593	0.00460	0.00143	0.00377	0.00481	0.16531	0.00755
10	0.00686	0.00495	0.00648	0.00610	0.00724	0.00457	0.00457	0.00914	0.01372	0.01943	0.79691	0.03620	0.04572	0.00991	0.00572	0.00152	0.00229	0.00876	0.00533	0.00457
11	0.00744	0.00545	0.00711	0.15760	0.01067	0.00589	0.00502	0.00811	0.00757	0.01002	0.01394	0.02772	0.01532	0.64553	0.05035	0.00424	0.00534	0.00646	0.00278	0.00345
12	0.01666	0.01188	0.01267	0.00991	0.01327	0.01306	0.00812	0.63871	0.02042	0.02820	0.01242	0.01284	0.00902	0.00579	0.00457	0.00139	0.00476	0.00439	0.16437	0.00754
13	0.86392	0.00937	0.00712	0.00637	0.00937	0.01087	0.00525	0.01425	0.00825	0.02174	0.00675	0.00787	0.00525	0.00450	0.00300	0.00150	0.00375	0.00262	0.00300	0.00525
14	0.00590	0.00422	0.00562	0.00675	0.00703	0.00394	0.00450	0.00675	0.00928	0.01237	0.02671	0.82653	0.03205	0.01518	0.00619	0.00197	0.00281	0.01378	0.00450	0.00394
15	0.00781	0.00558	0.00781	0.00892	0.01004	0.00558	0.00781	0.01004	0.01116	0.01450	0.02566	0.05466	0.02789	0.01339	0.00669	0.00223	0.00446	0.76685	0.00446	0.00446
16	0.00692	0.00519	0.00779	0.00779	0.00865	0.00606	0.00606	0.00865	0.00779	0.01125	0.01298	0.01904	0.01211	0.03634	0.81049	0.00779	0.01298	0.00519	0.00260	0.00433
17	0.00967	0.00934	0.01483	0.73779	0.08140	0.04072	0.01339	0.01280	0.00993	0.01258	0.00860	0.01270	0.00653	0.00482	0.00482	0.00159	0.00650	0.00426	0.00218	0.00554
18	0.33132	0.06799	0.01688	0.01531	0.18425	0.01204	0.19464	0.06396	0.01086	0.04771	0.00876	0.01056	0.00679	0.00447	0.00424	0.00148	0.00546	0.00393	0.00290	0.00645
19	0.01791	0.05304	0.01416	0.01233	0.01489	0.78098	0.00932	0.01917	0.01359	0.01184	0.00746	0.00870	0.00624	0.00496	0.00432	0.00124	0.00861	0.00310	0.00248	0.00564
20	0.00705	0.00470	0.00529	0.00529	0.00529	0.00470	0.00294	0.00705	0.00705	0.00940	0.01527	0.03171	0.01762	0.82969	0.02467	0.00470	0.00470	0.00705	0.00294	0.00294
21	0.01648	0.01187	0.01290	0.01042	0.01387	0.01312	0.00843	0.42945	0.29869	0.10891	0.01535	0.01447	0.01100	0.00611	0.00488	0.00153	0.00466	0.00482	0.00500	0.00804
22	0.00573	0.00491	0.00491	0.00491	0.00655	0.00409	0.00368	0.00695	0.01105	0.01309	0.04909	0.04664	0.79750	0.01227	0.00573	0.00164	0.00245	0.01023	0.00450	0.00409
23	0.00915	0.00861	0.01453	0.81804	0.03338	0.01077	0.01346	0.01238	0.00969	0.01238	0.00861	0.01292	0.00646	0.00484	0.00484	0.00161	0.00646	0.00431	0.00215	0.00538
24	0.01043	0.00948	0.01517	0.64470	0.08391	0.01139	0.02788	0.09646	0.01120	0.01464	0.00896	0.01267	0.00675	0.00497	0.00507	0.00160	0.02205	0.00434	0.00247	0.00587
25	0.00631	0.00493	0.00572	0.00552	0.00690	0.00434	0.00414	0.00809	0.01243	0.01637	0.43622	0.04123	0.40832	0.01105	0.00572	0.00158	0.00237	0.00947	0.00493	0.00434
26	0.01005	0.00861	0.01005	0.00718	0.01148	0.00646	0.00574	0.01220	0.01005	0.01579	0.00861	0.01005	0.00718	0.00359	0.00359	0.00072	0.00359	0.00287	0.00287	0.85932
27	0.01054	0.01931	0.43189	0.01699	0.02306	0.01173	0.38482	0.01543	0.01081	0.01543	0.00923	0.01160	0.00672	0.00435	0.00514	0.00158	0.00765	0.00461	0.00224	0.00686
28	0.00683	0.00493	0.00645	0.00612	0.00723	0.00455	0.00457	0.00907	0.01358	0.01922	0.77329	0.06044	0.04531	0.01007	0.00573	0.00154	0.00230	0.00892	0.00531	0.00455

[dist]
# distance from previous block
# <min> <max>
0	26

[block]
# block no. 3 follows, 52 sequences, length 21
# corresponding to MSA columns:
# 353-373
name=unknown_D
#
# <colnr> <probs for GDERKNQSTAVLIFYWHMCP>
#	G	D	E	R	K	N	Q	S	T	A	V	L	I	F	Y	W	H	M	C	P
0	0.01104	0.01181	0.06151	0.19169	0.37704	0.01146	0.17533	0.01429	0.01062	0.01485	0.00901	0.01220	0.00720	0.00453	0.00538	0.00152	0.03821	0.00452	0.00234	0.03544
1	0.00729	0.00525	0.00696	0.00740	0.00846	0.00507	0.00603	0.00929	0.01169	0.01569	0.29254	0.04587	0.07936	0.08106	0.00782	0.00216	0.00361	0.39547	0.00464	0.00435
2	0.01657	0.26454	0.01721	0.01123	0.01422	0.57430	0.00904	0.01791	0.01257	0.01172	0.00727	0.00845	0.00624	0.00474	0.00399	0.00119	0.00768	0.00296	0.00237	0.00580
3	0.38988	0.00902	0.00940	0.00769	0.01092	0.00936	0.00631	0.09379	0.01228	0.32299	0.07290	0.01375	0.01126	0.00562	0.00411	0.00150	0.00394	0.00414	0.00452	0.00665
4	0.00903	0.00452	0.00452	0.00452	0.00565	0.00452	0.00339	0.01129	0.01016	0.01807	0.01581	0.01807	0.01242	0.00565	0.00339	0.00113	0.00226	0.00452	0.85659	0.00452
5	0.01055	0.00891	0.01032	0.00742	0.01170	0.00697	0.00595	0.05847	0.01081	0.01668	0.00879	0.01014	0.00724	0.00372	0.00366	0.00076	0.00369	0.00296	0.00299	0.80825
6	0.01414	0.01145	0.01213	0.01028	0.01340	0.01303	0.00818	0.27429	0.53877	0.02364	0.01707	0.01597	0.01264	0.00633	0.00490	0.00158	0.00433	0.00511	0.00490	0.00786
7	0.01443	0.35858	0.01767	0.00957	0.01287	0.19664	0.00820	0.10138	0.10433	0.04520	0.07782	0.01242	0.01109	0.00538	0.00409	0.00126	0.00556	0.00387	0.00324	0.00641
8	0.01450	0.34038	0.01759	0.00955	0.01307	0.10111	0.00826	0.20186	0.15437	0.03527	0.01273	0.01280	0.04794	0.00552	0.00416	0.00131	0.00520	0.00403	0.00351	0.00684
9	0.01416	0.30215	0.16868	0.01052	0.01499	0.01544	0.01038	0.28589	0.09874	0.01983	0.01023	0.01071	0.00784	0.00508	0.00420	0.00134	0.00547	0.00371	0.00335	0.00727
10	0.01411	0.16211	0.30377	0.04557	0.01734	0.01370	0.01226	0.28654	0.01480	0.07032	0.01005	0.01081	0.00728	0.00505	0.00445	0.00142	0.00594	0.00380	0.00330	0.00737
11	0.00639	0.00550	0.04526	0.00683	0.00777	0.00450	0.00516	0.00793	0.01078	0.01476	0.26862	0.51352	0.05895	0.01291	0.00595	0.00180	0.00285	0.01159	0.00464	0.00430
12	0.01237	0.02230	0.44065	0.01249	0.01745	0.28927	0.01346	0.01630	0.03181	0.01407	0.01197	0.01299	0.07324	0.00544	0.00463	0.00145	0.00723	0.00403	0.00249	0.00638
13	0.00903	0.00452	0.00452	0.00452	0.00565	0.00452	0.00339	0.01129	0.01016	0.01807	0.01581	0.01807	0.01242	0.00565	0.00339	0.00113	0.00226	0.00452	0.85659	0.00452
14	0.01842	0.01357	0.01454	0.01115	0.01503	0.01503	0.00921	0.78330	0.02278	0.03054	0.01163	0.01163	0.00824	0.00582	0.00485	0.00145	0.00533	0.00436	0.00485	0.00824
15	0.82182	0.00932	0.00733	0.00649	0.00952	0.01068	0.00534	0.01471	0.00853	0.06079	0.00737	0.00830	0.00559	0.00457	0.00309	0.00150	0.00377	0.00274	0.00315	0.00540
16	0.01276	0.01420	0.01452	0.01265	0.01337	0.24403	0.01025	0.01388	0.00924	0.01172	0.00669	0.01007	0.00633	0.00748	0.01258	0.00187	0.58682	0.00392	0.00223	0.00539
17	0.86392	0.00937	0.00712	0.00637	0.00937	0.01087	0.00525	0.01425	0.00825	0.02174	0.00675	0.00787	0.00525	0.00450	0.00300	0.00150	0.00375	0.00262	0.00300	0.00525
18	0.01135	0.15473	0.03257	0.11218	0.24511	0.01116	0.01020	0.03796	0.07664	0.05920	0.11354	0.01857	0.06097	0.00616	0.00475	0.00146	0.00483	0.02882	0.00335	0.00647
19	0.00903	0.00452	0.00452	0.00452	0.00565	0.00452	0.00339	0.01129	0.01016	0.01807	0.01581	0.01807	0.01242	0.00565	0.00339	0.00113	0.00226	0.00452	0.85659	0.00452
20	0.01173	0.05668	0.02920	0.18034	0.04086	0.08047	0.04149	0.12565	0.01199	0.04182	0.09562	0.01584	0.03464	0.00811	0.00799	0.16088	0.04336	0.00481	0.00313	0.00539

[dist]
# distance from previous block
# <min> <max>
0	2

[block]
# block no. 4 follows, 52 sequences, length 27
# corresponding to MSA columns:
# 376-402
name=unknown_E
#
# <colnr> <probs for GDERKNQSTAVLIFYWHMCP>
#	G	D	E	R	K	N	Q	S	T	A	V	L	I	F	Y	W	H	M	C	P
0	0.07392	0.32398	0.20637	0.01131	0.04887	0.19081	0.01078	0.01548	0.01063	0.01337	0.00779	0.00934	0.00650	0.00611	0.04476	0.00160	0.00676	0.00315	0.00227	0.00621
1	0.86392	0.00937	0.00712	0.00637	0.00937	0.01087	0.00525	0.01425	0.00825	0.02174	0.00675	0.00787	0.00525	0.00450	0.00300	0.00150	0.00375	0.00262	0.00300	0.00525
2	0.01081	0.29788	0.24890	0.00956	0.01366	0.01276	0.01005	0.04970	0.08245	0.01452	0.05566	0.01570	0.03900	0.11202	0.00683	0.00178	0.00533	0.00443	0.00284	0.00613
3	0.00903	0.00452	0.00452	0.00452	0.00565	0.00452	0.00339	0.01129	0.01016	0.01807	0.01581	0.01807	0.01242	0.00565	0.00339	0.00113	0.00226	0.00452	0.85659	0.00452
4	0.01077	0.00957	0.00916	0.02773	0.01092	0.09325	0.00643	0.15613	0.16879	0.01765	0.04101	0.09777	0.31295	0.00921	0.00528	0.00159	0.00405	0.00758	0.00439	0.00576
5	0.00903	0.00452	0.00452	0.00452	0.00565	0.00452	0.00339	0.01129	0.01016	0.01807	0.01581	0.01807	0.01242	0.00565	0.00339	0.00113	0.00226	0.00452	0.85659	0.00452
6	0.01309	0.54570	0.08038	0.00935	0.01305	0.14671	0.00889	0.01509	0.02939	0.01187	0.00787	0.00999	0.00717	0.05788	0.00518	0.00139	0.02560	0.00315	0.00227	0.00599
7	0.04359	0.02823	0.01278	0.01048	0.06379	0.03791	0.05593	0.13415	0.05289	0.11256	0.01302	0.01367	0.04842	0.00568	0.02126	0.00133	0.00473	0.00417	0.00365	0.33175
8	0.22253	0.08939	0.04393	0.00786	0.01010	0.00833	0.00678	0.01253	0.01004	0.10159	0.01732	0.16516	0.01767	0.04739	0.00588	0.00189	0.00416	0.21839	0.00386	0.00520
9	0.00709	0.00492	0.00668	0.00668	0.00714	0.00538	0.00468	0.00784	0.00738	0.01030	0.01354	0.02374	0.01402	0.34931	0.43905	0.07106	0.00903	0.00585	0.00269	0.00361
10	0.01108	0.00982	0.01382	0.38020	0.09880	0.01158	0.01129	0.08502	0.22651	0.01656	0.01250	0.01552	0.00980	0.00583	0.00544	0.00164	0.04304	0.03183	0.00327	0.00646
11	0.86392	0.00937	0.00712	0.00637	0.00937	0.01087	0.00525	0.01425	0.00825	0.02174	0.00675	0.00787	0.00525	0.00450	0.00300	0.00150	0.00375	0.00262	0.00300	0.00525
12	0.01261	0.05008	0.37557	0.01114	0.01619	0.01037	0.01219	0.07234	0.01163	0.15753	0.02525	0.03227	0.00887	0.00539	0.00526	0.00144	0.05833	0.00412	0.00320	0.12620
13	0.02174	0.00825	0.01125	0.00862	0.01237	0.00712	0.00712	0.02362	0.01387	0.80282	0.01912	0.01649	0.01200	0.00600	0.00487	0.00150	0.00412	0.00487	0.00600	0.00825
14	0.00903	0.00452	0.00452	0.00452	0.00565	0.00452	0.00339	0.01129	0.01016	0.01807	0.01581	0.01807	0.01242	0.00565	0.00339	0.00113	0.00226	0.00452	0.85659	0.00452
15	0.01592	0.09407	0.03202	0.01268	0.01521	0.55284	0.05959	0.01744	0.01223	0.01210	0.00743	0.00924	0.00633	0.00537	0.00605	0.00139	0.12858	0.00342	0.00239	0.00572
16	0.00611	0.00495	0.00544	0.00539	0.00688	0.00428	0.00409	0.00766	0.01174	0.01480	0.24194	0.04428	0.56901	0.01171	0.00577	0.00163	0.00250	0.04287	0.00471	0.00423
17	0.01643	0.03317	0.06260	0.00848	0.01267	0.00766	0.00740	0.03458	0.01233	0.42955	0.01415	0.01342	0.00964	0.00498	0.00434	0.00121	0.00418	0.00399	0.00448	0.31474
18	0.01576	0.00875	0.01330	0.23553	0.15482	0.00874	0.01005	0.01815	0.01208	0.40766	0.01600	0.01625	0.04956	0.00571	0.00490	0.00153	0.00497	0.00489	0.00423	0.00715
19	0.00903	0.00452	0.00452	0.00452	0.00565	0.00452	0.00339	0.01129	0.01016	0.01807	0.01581	0.01807	0.01242	0.00565	0.00339	0.00113	0.00226	0.00452	0.85659	0.00452
20	0.01005	0.00861	0.01005	0.00718	0.01148	0.00646	0.00574	0.01220	0.01005	0.01579	0.00861	0.01005	0.00718	0.00359	0.00359	0.00072	0.00359	0.00287	0.00287	0.85932
21	0.06755	0.01943	0.01341	0.08082	0.06657	0.60571	0.00959	0.01758	0.01268	0.01278	0.00853	0.04696	0.00748	0.00538	0.00444	0.00134	0.00778	0.00376	0.00258	0.00563
22	0.02989	0.12477	0.01441	0.03397	0.01388	0.39774	0.05815	0.01541	0.01138	0.02740	0.00980	0.04360	0.00891	0.04796	0.13969	0.00254	0.00827	0.00421	0.00262	0.00539
23	0.00903	0.00452	0.00452	0.00452	0.00565	0.00452	0.00339	0.01129	0.01016	0.01807	0.01581	0.01807	0.01242	0.00565	0.00339	0.00113	0.00226	0.00452	0.85659	0.00452
24	0.06945	0.01068	0.01173	0.01002	0.02510	0.01174	0.00793	0.44805	0.09194	0.02398	0.01462	0.10140	0.01285	0.02054	0.02524	0.03709	0.00489	0.06146	0.00444	0.00683
25	0.01450	0.01510	0.34064	0.01059	0.01528	0.00905	0.01130	0.06409	0.01199	0.31881	0.01369	0.01512	0.00986	0.08276	0.04373	0.00210	0.00592	0.00452	0.00385	0.00713
26	0.01388	0.10729	0.04957	0.01140	0.03247	0.11708	0.00951	0.16294	0.01237	0.06219	0.00885	0.01069	0.00724	0.00656	0.02220	0.00162	0.25765	0.00381	0.00301	0.09966

[dist]
# distance from previous block
# <min> <max>
0	2

[block]
# block no. 5 follows, 52 sequences, length 6
# corresponding to MSA columns:
# 405-410
name=unknown_F
#
# <colnr> <probs for GDERKNQSTAVLIFYWHMCP>
#	G	D	E	R	K	N	Q	S	T	A	V	L	I	F	Y	W	H	M	C	P
0	0.01107	0.01191	0.01877	0.24500	0.02283	0.10225	0.26987	0.01383	0.01016	0.01316	0.00873	0.01245	0.00710	0.00745	0.06158	0.00210	0.16902	0.00469	0.00232	0.00571
1	0.86392	0.00937	0.00712	0.00637	0.00937	0.01087	0.00525	0.01425	0.00825	0.02174	0.00675	0.00787	0.00525	0.00450	0.00300	0.00150	0.00375	0.00262	0.00300	0.00525
2	0.00947	0.00748	0.00997	0.07323	0.06501	0.00821	0.00732	0.04242	0.07046	0.05532	0.24224	0.02601	0.16600	0.00909	0.00781	0.04714	0.13668	0.00678	0.00402	0.00531
3	0.00903	0.00452	0.00452	0.00452	0.00565	0.00452	0.00339	0.01129	0.01016	0.01807	0.01581	0.01807	0.01242	0.00565	0.00339	0.00113	0.00226	0.00452	0.85659	0.00452
4	0.01322	0.20733	0.01823	0.19452	0.12161	0.17674	0.06263	0.09188	0.01215	0.01453	0.00905	0.04018	0.00769	0.00506	0.00444	0.00138	0.00640	0.00411	0.00261	0.00624
5	0.00887	0.03715	0.09054	0.05410	0.09434	0.00814	0.02768	0.03366	0.05216	0.01502	0.07577	0.16763	0.16567	0.00850	0.00559	0.00155	0.03951	0.00727	0.00358	0.10326

[dist]
# distance from previous block
# <min> <max>
0	2

[block]
# block no. 6 follows, 52 sequences, length 29
# corresponding to MSA columns:
# 413-441
name=unknown_G
#
# <colnr> <probs for GDERKNQSTAVLIFYWHMCP>
#	G	D	E	R	K	N	Q	S	T	A	V	L	I	F	Y	W	H	M	C	P
0	0.06418	0.01806	0.39779	0.05274	0.04270	0.01191	0.21637	0.01473	0.01008	0.01523	0.00859	0.01105	0.00649	0.00493	0.00616	0.00163	0.10432	0.00421	0.00224	0.00659
1	0.00999	0.00906	0.01454	0.74492	0.03171	0.01115	0.01307	0.08224	0.01088	0.01403	0.00889	0.01280	0.00662	0.00493	0.00485	0.00160	0.00636	0.00431	0.00240	0.00564
2	0.00903	0.00452	0.00452	0.00452	0.00565	0.00452	0.00339	0.01129	0.01016	0.01807	0.01581	0.01807	0.01242	0.00565	0.00339	0.00113	0.00226	0.00452	0.85659	0.00452
3	0.02299	0.06026	0.11142	0.00783	0.01066	0.00770	0.03331	0.09903	0.01232	0.02818	0.08007	0.06828	0.40659	0.00953	0.00530	0.00158	0.00385	0.02175	0.00405	0.00530
4	0.00903	0.00452	0.00452	0.00452	0.00565	0.00452	0.00339	0.01129	0.01016	0.01807	0.01581	0.01807	0.01242	0.00565	0.00339	0.00113	0.00226	0.00452	0.85659	0.00452
5	0.01409	0.01450	0.10806	0.03237	0.15241	0.18103	0.01056	0.17053	0.01346	0.07990	0.01078	0.01292	0.00854	0.02393	0.14272	0.00256	0.00758	0.00422	0.00320	0.00663
6	0.01258	0.10755	0.21853	0.04629	0.24233	0.01189	0.01268	0.06425	0.03955	0.09247	0.01009	0.01154	0.00770	0.00485	0.00494	0.00142	0.03871	0.00393	0.00288	0.06584
7	0.69760	0.01243	0.16240	0.00782	0.01163	0.01095	0.00771	0.01446	0.00863	0.02050	0.00713	0.00833	0.00542	0.00452	0.00331	0.00151	0.00441	0.00281	0.00281	0.00562
8	0.00698	0.00497	0.00668	0.00668	0.00717	0.00546	0.00468	0.00794	0.00746	0.01043	0.01399	0.02464	0.01455	0.38693	0.46323	0.00642	0.00932	0.00601	0.00275	0.00371
9	0.30108	0.06339	0.01028	0.00778	0.01098	0.00979	0.00641	0.01900	0.14275	0.29783	0.01645	0.01551	0.06759	0.00593	0.00420	0.00150	0.00390	0.00446	0.00444	0.00670
10	0.86392	0.00937	0.00712	0.00637	0.00937	0.01087	0.00525	0.01425	0.00825	0.02174	0.00675	0.00787	0.00525	0.00450	0.00300	0.00150	0.00375	0.00262	0.00300	0.00525
11	0.01606	0.23625	0.01648	0.01081	0.01382	0.45393	0.00876	0.10867	0.01378	0.01445	0.05757	0.01056	0.00896	0.00518	0.00418	0.00123	0.00698	0.00348	0.00284	0.00603
12	0.01296	0.83261	0.02539	0.00829	0.01244	0.01917	0.00829	0.01451	0.00985	0.01140	0.00674	0.00777	0.00622	0.00415	0.00311	0.00104	0.00518	0.00259	0.00207	0.00622
13	0.00903	0.00452	0.00452	0.00452	0.00565	0.00452	0.00339	0.01129	0.01016	0.01807	0.01581	0.01807	0.01242	0.00565	0.00339	0.00113	0.00226	0.00452	0.85659	0.00452
14	0.22721	0.01150	0.01220	0.07622	0.01476	0.01287	0.00844	0.46307	0.01716	0.04296	0.01122	0.01363	0.00867	0.00589	0.00450	0.00153	0.00495	0.05202	0.00417	0.00702
15	0.01144	0.01307	0.02859	0.02042	0.02533	0.01225	0.78186	0.01552	0.01144	0.01552	0.00980	0.01307	0.00735	0.00408	0.00572	0.00163	0.00817	0.00572	0.00245	0.00654
16	0.00824	0.05959	0.07773	0.00818	0.03864	0.00687	0.00654	0.02543	0.06848	0.04029	0.16504	0.26423	0.19117	0.01049	0.00546	0.00165	0.00344	0.00910	0.00429	0.00514
17	0.01213	0.00937	0.01263	0.15890	0.16767	0.00988	0.00941	0.20070	0.03474	0.07850	0.08404	0.02138	0.16601	0.00699	0.00509	0.00153	0.00467	0.00593	0.00395	0.00648
18	0.02098	0.00893	0.01195	0.00980	0.04682	0.00812	0.00767	0.10073	0.01466	0.68988	0.01792	0.01580	0.01143	0.00591	0.00487	0.00149	0.00432	0.00480	0.00572	0.00822
19	0.00941	0.00882	0.01219	0.01095	0.01106	0.01174	0.00885	0.01042	0.00791	0.01176	0.01145	0.14087	0.01261	0.07745	0.01455	0.00232	0.57605	0.05403	0.00270	0.00484
20	0.86392	0.00937	0.00712	0.00637	0.00937	0.01087	0.00525	0.01425	0.00825	0.02174	0.00675	0.00787	0.00525	0.00450	0.00300	0.00150	0.00375	0.00262	0.00300	0.00525
21	0.00989	0.00598	0.00783	0.00719	0.00874	0.00598	0.00553	0.01210	0.04714	0.16191	0.19996	0.02766	0.11024	0.09966	0.22955	0.00362	0.02131	0.02630	0.00426	0.00513
22	0.00842	0.00421	0.00631	0.00631	0.00631	0.00421	0.00421	0.00631	0.00631	0.00842	0.00842	0.01473	0.00842	0.01684	0.01894	0.85901	0.00421	0.00421	0.00210	0.00210
23	0.01407	0.01306	0.10697	0.01079	0.01439	0.01263	0.00955	0.34130	0.30513	0.02348	0.01554	0.01771	0.01218	0.00663	0.00501	0.00160	0.00492	0.07295	0.00451	0.00756
24	0.01558	0.01115	0.01165	0.00990	0.01300	0.06704	0.00784	0.11464	0.45690	0.21067	0.01776	0.01628	0.01274	0.00623	0.00487	0.00156	0.00443	0.00503	0.00501	0.00773
25	0.00612	0.00492	0.00545	0.00532	0.00679	0.00426	0.00399	0.00771	0.01197	0.01529	0.30786	0.04303	0.53735	0.01145	0.00572	0.00160	0.00240	0.00972	0.00479	0.00426
26	0.01253	0.32592	0.01767	0.01026	0.01261	0.14082	0.00882	0.01525	0.09514	0.01250	0.00871	0.01076	0.00770	0.00843	0.07550	0.00200	0.22332	0.00365	0.00251	0.00588
27	0.01411	0.00909	0.01080	0.00821	0.01212	0.00798	0.00662	0.06833	0.11929	0.23459	0.01324	0.01304	0.00963	0.00481	0.00421	0.00111	0.00389	0.00388	0.00415	0.45091
28	0.21881	0.04328	0.11726	0.01733	0.30830	0.01205	0.02761	0.07890	0.07732	0.01850	0.00945	0.01108	0.00744	0.00482	0.00462	0.00149	0.02803	0.00388	0.00290	0.00692

[dist]
# distance from previous block
# <min> <max>
1	5

[block]
# block no. 7 follows, 52 sequences, length 29
# corresponding to MSA columns:
# 447-475
name=unknown_H
#
# <colnr> <probs for GDERKNQSTAVLIFYWHMCP>
#	G	D	E	R	K	N	Q	S	T	A	V	L	I	F	Y	W	H	M	C	P
0	0.01524	0.00892	0.01068	0.00866	0.01193	0.00860	0.00691	0.09166	0.20017	0.31063	0.04272	0.07845	0.01408	0.00651	0.00478	0.00142	0.00391	0.00542	0.00492	0.16440
1	0.01005	0.00861	0.01005	0.00718	0.01148	0.00646	0.00574	0.01220	0.01005	0.01579	0.00861	0.01005	0.00718	0.00359	0.00359	0.00072	0.00359	0.00287	0.00287	0.85932
2	0.01406	0.00974	0.01082	0.00826	0.01204	0.06613	0.00661	0.05721	0.01194	0.22470	0.01205	0.03936	0.00927	0.00494	0.00438	0.00107	0.01980	0.00390	0.00382	0.47991
3	0.86392	0.00937	0.00712	0.00637	0.00937	0.01087	0.00525	0.01425	0.00825	0.02174	0.00675	0.00787	0.00525	0.00450	0.00300	0.00150	0.00375	0.00262	0.00300	0.00525
4	0.01670	0.01272	0.01357	0.01080	0.01437	0.01422	0.00879	0.57858	0.23031	0.02777	0.01382	0.01338	0.01001	0.00602	0.00487	0.00151	0.00493	0.00466	0.00487	0.00809
5	0.02174	0.00825	0.01125	0.00862	0.01237	0.00712	0.00712	0.02362	0.01387	0.80282	0.01912	0.01649	0.01200	0.00600	0.00487	0.00150	0.00412	0.00487	0.00600	0.00825
6	0.01842	0.01357	0.01454	0.01115	0.01503	0.01503	0.00921	0.78330	0.02278	0.03054	0.01163	0.01163	0.00824	0.00582	0.00485	0.00145	0.00533	0.00436	0.00485	0.00824
7	0.01060	0.01060	0.01484	0.01272	0.01272	0.01484	0.01060	0.01166	0.00742	0.01166	0.00636	0.01060	0.00636	0.00848	0.01590	0.00212	0.82082	0.00424	0.00212	0.00530
8	0.67178	0.00916	0.00798	0.00687	0.00994	0.01018	0.00564	0.04147	0.00982	0.14145	0.04080	0.01047	0.00802	0.00499	0.00346	0.00150	0.00380	0.00328	0.00361	0.00578
9	0.02070	0.00919	0.01175	0.00904	0.01274	0.00858	0.00746	0.16984	0.01559	0.63257	0.03872	0.01609	0.01218	0.00607	0.00489	0.00149	0.00431	0.00488	0.00576	0.00815
10	0.01894	0.00858	0.01097	0.00879	0.01220	0.00811	0.00713	0.02346	0.18652	0.59486	0.05304	0.01770	0.01408	0.00630	0.00492	0.00153	0.00398	0.00518	0.00573	0.00796
11	0.00662	0.00494	0.00615	0.00585	0.00709	0.00447	0.00439	0.00869	0.01316	0.01810	0.64004	0.03839	0.20342	0.01040	0.00572	0.00155	0.00232	0.00907	0.00516	0.00447
12	0.00783	0.00447	0.00617	0.00617	0.00627	0.00457	0.00404	0.00681	0.00671	0.00904	0.01103	0.02039	0.01164	0.26590	0.11242	0.50096	0.00537	0.00518	0.00241	0.00261
13	0.12232	0.00953	0.01435	0.43228	0.02368	0.01206	0.04977	0.01257	0.00891	0.01356	0.00776	0.01157	0.00632	0.00584	0.00793	0.00175	0.24799	0.00414	0.00227	0.00540
14	0.01296	0.83261	0.02539	0.00829	0.01244	0.01917	0.00829	0.01451	0.00985	0.01140	0.00674	0.00777	0.00622	0.00415	0.00311	0.00104	0.00518	0.00259	0.00207	0.00622
15	0.01232	0.01060	0.01154	0.01091	0.05186	0.01215	0.00809	0.05737	0.71931	0.02049	0.01885	0.01750	0.01416	0.00643	0.00492	0.00163	0.00399	0.00537	0.00480	0.00769
16	0.00642	0.00456	0.00608	0.00712	0.00756	0.00436	0.00511	0.00750	0.00952	0.01261	0.02558	0.59240	0.02999	0.07865	0.00775	0.00224	0.00333	0.18087	0.00437	0.00397
17	0.00851	0.00746	0.01056	0.00965	0.01006	0.00968	0.00769	0.00978	0.00756	0.01124	0.01037	0.01667	0.01019	0.10214	0.39385	0.00506	0.35750	0.00497	0.00243	0.00461
18	0.00604	0.00492	0.00534	0.00524	0.00674	0.00422	0.00393	0.00756	0.01178	0.01484	0.25546	0.04376	0.59004	0.01162	0.00572	0.00161	0.00241	0.00982	0.00473	0.00422
19	0.00607	0.00492	0.00538	0.00527	0.00675	0.00424	0.00395	0.00761	0.01185	0.01500	0.27410	0.04350	0.57129	0.01156	0.00572	0.00160	0.00240	0.00979	0.00475	0.00424
20	0.48789	0.00926	0.00920	0.00756	0.01090	0.00978	0.00624	0.07415	0.01141	0.31362	0.01172	0.01136	0.00798	0.00515	0.00383	0.00150	0.00400	0.00359	0.00425	0.00659
21	0.86392	0.00937	0.00712	0.00637	0.00937	0.01087	0.00525	0.01425	0.00825	0.02174	0.00675	0.00787	0.00525	0.00450	0.00300	0.00150	0.00375	0.00262	0.00300	0.00525
22	0.00972	0.02507	0.80458	0.01381	0.02097	0.01125	0.01790	0.01535	0.01023	0.01535	0.00870	0.01023	0.00614	0.00460	0.00460	0.00153	0.00716	0.00358	0.00205	0.00716
23	0.01811	0.01324	0.01424	0.01101	0.01481	0.01464	0.00906	0.71705	0.07008	0.04960	0.01233	0.01216	0.00874	0.00587	0.00485	0.00147	0.00521	0.00445	0.00488	0.00821
24	0.00692	0.00519	0.00779	0.00779	0.00865	0.00606	0.00606	0.00865	0.00779	0.01125	0.01298	0.01904	0.01211	0.03634	0.81049	0.00779	0.01298	0.00519	0.00260	0.00433
25	0.71370	0.01015	0.04188	0.02583	0.01083	0.01108	0.00642	0.03204	0.00884	0.04651	0.00737	0.00861	0.00567	0.00481	0.00393	0.00154	0.04935	0.00291	0.00303	0.00550
26	0.01007	0.00955	0.01619	0.56455	0.27973	0.01101	0.01391	0.01318	0.01012	0.01349	0.00877	0.01262	0.00685	0.00468	0.00483	0.00156	0.00623	0.00431	0.00223	0.00612
27	0.59310	0.00901	0.00845	0.00710	0.01034	0.00967	0.00585	0.01726	0.01006	0.27291	0.01073	0.01064	0.00742	0.00498	0.00360	0.00150	0.00387	0.00335	0.00396	0.00621
28	0.01011	0.02126	0.59599	0.07586	0.17130	0.01127	0.01700	0.01504	0.01035	0.01522	0.00877	0.01077	0.00646	0.00457	0.00466	0.00152	0.00684	0.00378	0.00212	0.00713

[dist]
# distance from previous block
# <min> <max>
0	1

[block]
# block no. 8 follows, 52 sequences, length 18
# corresponding to MSA columns:
# 477-494
name=unknown_I
#
# <colnr> <probs for GDERKNQSTAVLIFYWHMCP>
#	G	D	E	R	K	N	Q	S	T	A	V	L	I	F	Y	W	H	M	C	P
0	0.00605	0.00430	0.00567	0.00670	0.00699	0.00405	0.00448	0.00688	0.00916	0.01221	0.02578	0.73962	0.03079	0.07896	0.00765	0.00219	0.00301	0.03727	0.00437	0.00387
1	0.00731	0.00522	0.00723	0.00835	0.00925	0.00514	0.00694	0.00917	0.01066	0.01394	0.02594	0.25839	0.02899	0.01386	0.00656	0.00216	0.00403	0.56808	0.00447	0.00432
2	0.01337	0.01065	0.01158	0.00986	0.01246	0.04804	0.00788	0.34131	0.17604	0.02132	0.01355	0.01523	0.01075	0.01581	0.26538	0.00353	0.00765	0.00480	0.00403	0.00674
3	0.01156	0.00921	0.01084	0.09518	0.01435	0.01039	0.00839	0.06690	0.44819	0.05179	0.01940	0.02553	0.01642	0.00790	0.00532	0.00176	0.00436	0.18121	0.00457	0.00675
4	0.00692	0.00519	0.00779	0.00779	0.00865	0.00606	0.00606	0.00865	0.00779	0.01125	0.01298	0.01904	0.01211	0.03634	0.81049	0.00779	0.01298	0.00519	0.00260	0.00433
5	0.01296	0.83261	0.02539	0.00829	0.01244	0.01917	0.00829	0.01451	0.00985	0.01140	0.00674	0.00777	0.00622	0.00415	0.00311	0.00104	0.00518	0.00259	0.00207	0.00622
6	0.00693	0.00465	0.00532	0.00544	0.00547	0.00462	0.00310	0.00702	0.00728	0.00971	0.01648	0.11581	0.01915	0.74351	0.02271	0.00441	0.00450	0.00776	0.00310	0.00304
7	0.01810	0.02310	0.01373	0.01248	0.01498	0.81024	0.00936	0.01935	0.01373	0.01186	0.00749	0.00874	0.00624	0.00499	0.00437	0.00125	0.00874	0.00312	0.00250	0.00562
8	0.70226	0.00975	0.00853	0.07544	0.01200	0.01130	0.00636	0.09546	0.00991	0.02188	0.00742	0.00870	0.00567	0.00467	0.00335	0.00150	0.00415	0.00295	0.00312	0.00558
9	0.01536	0.06984	0.09962	0.01673	0.21347	0.47576	0.01159	0.01750	0.01244	0.01320	0.00798	0.00966	0.00659	0.00473	0.00443	0.00131	0.00760	0.00344	0.00240	0.00634
10	0.00664	0.00495	0.00618	0.00587	0.00711	0.00448	0.00440	0.00873	0.01321	0.01823	0.65500	0.03818	0.18838	0.01036	0.00572	0.00155	0.00232	0.00904	0.00518	0.00448
11	0.00842	0.00421	0.00631	0.00631	0.00631	0.00421	0.00421	0.00631	0.00631	0.00842	0.00842	0.01473	0.00842	0.01684	0.01894	0.85901	0.00421	0.00421	0.00210	0.00210
12	0.03498	0.02383	0.74449	0.01335	0.02024	0.01105	0.01704	0.01570	0.01034	0.05229	0.00913	0.01046	0.00639	0.00467	0.00457	0.00153	0.00692	0.00361	0.00226	0.00716
13	0.01251	0.01017	0.01145	0.09533	0.01485	0.01170	0.00829	0.04443	0.64012	0.06752	0.01830	0.01727	0.01357	0.00634	0.00492	0.00163	0.00417	0.00529	0.00470	0.00748
14	0.01042	0.00573	0.00761	0.00692	0.00864	0.00519	0.00538	0.01245	0.01313	0.20795	0.47062	0.09950	0.05562	0.00971	0.00562	0.00161	0.00293	0.06025	0.00534	0.00539
15	0.01060	0.01070	0.01577	0.04368	0.01436	0.01451	0.06328	0.01195	0.00778	0.01195	0.00668	0.01086	0.00643	0.00804	0.01479	0.00207	0.73465	0.00434	0.00214	0.00539
16	0.01097	0.00866	0.00974	0.00775	0.01113	0.00793	0.00614	0.07740	0.17555	0.05854	0.05113	0.01881	0.12959	0.00610	0.00445	0.00118	0.00358	0.00500	0.00398	0.40236
17	0.01248	0.10770	0.53214	0.01191	0.01786	0.01105	0.01423	0.01679	0.01105	0.17883	0.03411	0.01204	0.00854	0.00500	0.00453	0.00147	0.00617	0.00390	0.00297	0.00721

[dist]
# distance from previous block
# <min> <max>
0	1

[block]
# block no. 9 follows, 52 sequences, length 27
# corresponding to MSA columns:
# 496-522
name=unknown_J
#
# <colnr> <probs for GDERKNQSTAVLIFYWHMCP>
#	G	D	E	R	K	N	Q	S	T	A	V	L	I	F	Y	W	H	M	C	P
0	0.52872	0.01076	0.01037	0.00958	0.06942	0.01208	0.00719	0.24510	0.01294	0.04141	0.00866	0.00950	0.00648	0.00491	0.00373	0.00148	0.00438	0.00332	0.00358	0.00639
1	0.16178	0.01308	0.01360	0.12492	0.12661	0.13260	0.00982	0.26693	0.07000	0.02090	0.00997	0.01124	0.00756	0.00517	0.00445	0.00146	0.00568	0.00394	0.00346	0.00681
2	0.04320	0.04568	0.16891	0.01012	0.01412	0.09556	0.00948	0.12435	0.09041	0.11169	0.01284	0.05758	0.01045	0.00592	0.00457	0.00139	0.00524	0.03581	0.00365	0.14903
3	0.01108	0.00696	0.00851	0.00734	0.00951	0.00668	0.00573	0.07069	0.09765	0.16304	0.41411	0.04267	0.07387	0.00843	0.00531	0.00150	0.00310	0.00724	0.00518	0.05141
4	0.01005	0.00861	0.01005	0.00718	0.01148	0.00646	0.00574	0.01220	0.01005	0.01579	0.00861	0.01005	0.00718	0.00359	0.00359	0.00072	0.00359	0.00287	0.00287	0.85932
5	0.01358	0.20716	0.33790	0.01123	0.01624	0.01251	0.02803	0.05768	0.01144	0.18595	0.01064	0.01133	0.00769	0.00563	0.01970	0.00155	0.04779	0.00378	0.00308	0.00708
6	0.00978	0.00904	0.01567	0.07678	0.33754	0.00902	0.12153	0.01228	0.01056	0.01448	0.01519	0.16628	0.01549	0.03643	0.00618	0.00181	0.00538	0.12745	0.00311	0.00600
7	0.00915	0.00861	0.01453	0.81804	0.03338	0.01077	0.01346	0.01238	0.00969	0.01238	0.00861	0.01292	0.00646	0.00484	0.00484	0.00161	0.00646	0.00431	0.00215	0.00538
8	0.00692	0.00519	0.00779	0.00779	0.00865	0.00606	0.00606	0.00865	0.00779	0.01125	0.01298	0.01904	0.01211	0.03634	0.81049	0.00779	0.01298	0.00519	0.00260	0.00433
9	0.86392	0.00937	0.00712	0.00637	0.00937	0.01087	0.00525	0.01425	0.00825	0.02174	0.00675	0.00787	0.00525	0.00450	0.00300	0.00150	0.00375	0.00262	0.00300	0.00525
10	0.01890	0.00793	0.01068	0.00876	0.01201	0.00713	0.00731	0.03824	0.03102	0.62371	0.02016	0.02340	0.01488	0.00736	0.00521	0.00164	0.00421	0.14425	0.00567	0.00754
11	0.01842	0.01357	0.01454	0.01115	0.01503	0.01503	0.00921	0.78330	0.02278	0.03054	0.01163	0.01163	0.00824	0.00582	0.00485	0.00145	0.00533	0.00436	0.00485	0.00824
12	0.01237	0.01011	0.01078	0.00963	0.01239	0.01153	0.00751	0.02502	0.72326	0.06237	0.02065	0.01893	0.04017	0.00673	0.00495	0.00164	0.00381	0.00560	0.00497	0.00758
13	0.00686	0.00495	0.00648	0.00610	0.00724	0.00457	0.00457	0.00914	0.01372	0.01943	0.79691	0.03620	0.04572	0.00991	0.00572	0.00152	0.00229	0.00876	0.00533	0.00457
14	0.00727	0.00553	0.00732	0.05094	0.01021	0.00540	0.00684	0.00928	0.01115	0.01420	0.06299	0.04946	0.23928	0.01248	0.00629	0.00201	0.00393	0.48662	0.00439	0.00441
15	0.00737	0.00557	0.00796	0.00776	0.00835	0.00657	0.00587	0.00855	0.00755	0.01083	0.01249	0.02012	0.01229	0.16494	0.56149	0.05214	0.08813	0.00536	0.00258	0.00407
16	0.81789	0.05390	0.00811	0.00648	0.00954	0.01132	0.00541	0.01426	0.00833	0.02118	0.00675	0.00787	0.00530	0.00448	0.00300	0.00147	0.00383	0.00262	0.00295	0.00530
17	0.05283	0.79403	0.02454	0.00820	0.01229	0.01879	0.00815	0.01450	0.00977	0.01189	0.00674	0.00778	0.00617	0.00416	0.00310	0.00106	0.00512	0.00259	0.00212	0.00617
18	0.01199	0.01151	0.01967	0.02974	0.79946	0.01151	0.01487	0.01487	0.01103	0.01583	0.00912	0.01199	0.00768	0.00432	0.00480	0.00144	0.00576	0.00432	0.00240	0.00768
19	0.00573	0.00491	0.00491	0.00491	0.00655	0.00409	0.00368	0.00695	0.01105	0.01309	0.04909	0.04664	0.79750	0.01227	0.00573	0.00164	0.00245	0.01023	0.00450	0.00409
20	0.00703	0.00477	0.00565	0.00565	0.00577	0.00489	0.00339	0.00728	0.00715	0.00966	0.01494	0.02988	0.01682	0.71499	0.13828	0.00514	0.00590	0.00678	0.00289	0.00314
21	0.00774	0.00553	0.00773	0.00885	0.00994	0.00552	0.00769	0.00993	0.01109	0.01443	0.02569	0.08159	0.02803	0.01345	0.00668	0.00222	0.00440	0.74057	0.00446	0.00444
22	0.00692	0.00519	0.00779	0.00779	0.00865	0.00606	0.00606	0.00865	0.00779	0.01125	0.01298	0.01904	0.01211	0.03634	0.81049	0.00779	0.01298	0.00519	0.00260	0.00433
23	0.86392	0.00937	0.00712	0.00637	0.00937	0.01087	0.00525	0.01425	0.00825	0.02174	0.00675	0.00787	0.00525	0.00450	0.00300	0.00150	0.00375	0.00262	0.00300	0.00525
24	0.86392	0.00937	0.00712	0.00637	0.00937	0.01087	0.00525	0.01425	0.00825	0.02174	0.00675	0.00787	0.00525	0.00450	0.00300	0.00150	0.00375	0.00262	0.00300	0.00525
25	0.00686	0.00497	0.00655	0.00619	0.00732	0.00465	0.00465	0.00912	0.01340	0.01900	0.75509	0.03528	0.04393	0.01132	0.04865	0.00186	0.00286	0.00857	0.00519	0.00456
26	0.00633	0.00493	0.00574	0.00554	0.00691	0.00435	0.00415	0.00812	0.01246	0.01646	0.44596	0.04110	0.39853	0.01102	0.00572	0.00158	0.00237	0.00945	0.00494	0.00435

[dist]
# distance from previous block
# <min> <max>
2	9

[block]
# block no. 10 follows, 52 sequences, length 29
# corresponding to MSA columns:
# 534-562
name=unknown_K
#
