[name]
unknown

[dist]
# distance from previous block
# <min> <max>
0	517

[block]
# block no. 0 follows, 50 sequences, length 38
# corresponding to MSA columns:
# 517-554
name=unknown_A
#
# <colnr> <probs for GDERKNQSTAVLIFYWHMCP>
#	G	D	E	R	K	N	Q	S	T	A	V	L	I	F	Y	W	H	M	C	P
0	0.01433	0.01021	0.01235	0.01062	0.01344	0.06997	0.07180	0.13270	0.12063	0.18062	0.03438	0.02781	0.03549	0.00836	0.00559	0.00176	0.00509	0.21888	0.01927	0.00670
1	0.01471	0.01228	0.01283	0.01074	0.01378	0.11060	0.04904	0.18786	0.31520	0.08626	0.11674	0.01796	0.01613	0.00665	0.00512	0.00157	0.00497	0.00548	0.00475	0.00733
2	0.01814	0.01201	0.09837	0.01097	0.01498	0.01055	0.05231	0.16226	0.09565	0.40361	0.01590	0.01499	0.01069	0.00607	0.00564	0.00160	0.04839	0.00485	0.00498	0.00804
3	0.01134	0.00883	0.01044	0.00751	0.01189	0.00670	0.00602	0.01353	0.01066	0.08119	0.00976	0.01089	0.00779	0.00390	0.00380	0.00081	0.00374	0.00312	0.00322	0.78487
4	0.00704	0.00553	0.00773	0.00864	0.05324	0.00526	0.03127	0.00898	0.04290	0.01470	0.15989	0.51576	0.09388	0.01304	0.00609	0.00186	0.00317	0.01179	0.00460	0.00465
5	0.00673	0.00506	0.00584	0.00579	0.00719	0.00443	0.00428	0.00831	0.01208	0.03666	0.28283	0.14437	0.43443	0.01206	0.00592	0.00169	0.00256	0.01037	0.00494	0.00446
6	0.00803	0.00574	0.00803	0.00918	0.01033	0.00574	0.00803	0.01033	0.01147	0.01492	0.02639	0.05622	0.02869	0.01377	0.00688	0.00229	0.00459	0.76018	0.00459	0.00459
7	0.00941	0.00886	0.01495	0.81285	0.03433	0.01107	0.01384	0.01274	0.00997	0.01274	0.00886	0.01329	0.00664	0.00498	0.00498	0.00166	0.00664	0.00443	0.00221	0.00554
8	0.00640	0.00492	0.00585	0.00593	0.00712	0.00437	0.00433	0.00802	0.01209	0.01594	0.34372	0.20362	0.33519	0.01226	0.00598	0.00171	0.00253	0.01067	0.00497	0.00437
9	0.00781	0.00566	0.00767	0.00836	0.00955	0.00558	0.00705	0.01036	0.03136	0.01622	0.21309	0.06665	0.04966	0.01274	0.00656	0.00208	0.00395	0.52614	0.00482	0.00468
10	0.18990	0.00871	0.01072	0.00841	0.01211	0.00810	0.00694	0.02236	0.01311	0.64222	0.01712	0.01519	0.01095	0.00586	0.00463	0.00154	0.00416	0.00455	0.00555	0.00787
11	0.01424	0.00999	0.01123	0.00951	0.01205	0.01068	0.00741	0.44069	0.01748	0.06468	0.01772	0.28173	0.01732	0.05296	0.00653	0.00185	0.00452	0.00787	0.00482	0.00672
12	0.06316	0.01373	0.01456	0.01121	0.01515	0.01523	0.00926	0.73703	0.02265	0.03094	0.01170	0.01176	0.00831	0.00591	0.00489	0.00150	0.00540	0.00439	0.00489	0.00831
13	0.00606	0.00495	0.00517	0.00529	0.00665	0.00426	0.00379	0.00714	0.01073	0.01298	0.04431	0.12788	0.62820	0.10062	0.00804	0.00206	0.00281	0.01055	0.00445	0.00406
14	0.01563	0.01617	0.01634	0.01722	0.21615	0.28535	0.06185	0.15808	0.11658	0.01827	0.01087	0.01212	0.00852	0.00528	0.00485	0.00145	0.00674	0.00428	0.01709	0.00714
15	0.01086	0.00842	0.00913	0.00826	0.01068	0.00898	0.00640	0.01930	0.43466	0.07962	0.10858	0.02836	0.22867	0.00866	0.00537	0.00166	0.00342	0.00726	0.00508	0.00661
16	0.02142	0.00860	0.01150	0.00888	0.01261	0.00763	0.00731	0.06349	0.01475	0.71768	0.05784	0.01771	0.01387	0.00636	0.00505	0.00154	0.00421	0.00518	0.00607	0.00829
17	0.02976	0.01437	0.12277	0.01966	0.33809	0.11584	0.03638	0.01561	0.01154	0.06633	0.06533	0.01426	0.02713	0.00573	0.00619	0.00157	0.09496	0.00467	0.00291	0.00692
18	0.00972	0.00917	0.01550	0.73111	0.11368	0.01115	0.01399	0.01300	0.01011	0.01311	0.00891	0.01319	0.00678	0.00493	0.00498	0.00164	0.00657	0.00443	0.00224	0.00578
19	0.02236	0.00848	0.01157	0.00887	0.01272	0.00733	0.00733	0.02429	0.01427	0.79719	0.01966	0.01697	0.01234	0.00617	0.00501	0.00154	0.00424	0.00501	0.00617	0.00848
20	0.81559	0.00958	0.00755	0.00668	0.00980	0.01098	0.00550	0.01516	0.00879	0.06347	0.00762	0.00857	0.00577	0.00471	0.00319	0.00154	0.00388	0.00282	0.00325	0.00556
21	0.17805	0.01370	0.16092	0.04373	0.09716	0.05457	0.01036	0.13517	0.01311	0.12320	0.06616	0.02916	0.02804	0.00593	0.00484	0.00155	0.01917	0.00461	0.00369	0.00685
22	0.00596	0.00501	0.00517	0.00521	0.00680	0.00422	0.00388	0.00726	0.01141	0.01376	0.08737	0.08809	0.71353	0.01266	0.00592	0.00170	0.00254	0.01063	0.00467	0.00422
23	0.00589	0.00505	0.00505	0.00505	0.00673	0.00421	0.00379	0.00715	0.01136	0.01347	0.05049	0.04797	0.79171	0.01262	0.00589	0.00168	0.00252	0.01052	0.00463	0.00421
24	0.00941	0.00886	0.01495	0.81285	0.03433	0.01107	0.01384	0.01274	0.00997	0.01274	0.00886	0.01329	0.00664	0.00498	0.00498	0.00166	0.00664	0.00443	0.00221	0.00554
25	0.01254	0.63844	0.20862	0.00987	0.01487	0.01780	0.01086	0.01513	0.01022	0.01269	0.00741	0.00859	0.00638	0.00438	0.00356	0.00119	0.00581	0.00291	0.00213	0.00663
26	0.00688	0.00509	0.00643	0.00609	0.00734	0.00463	0.00457	0.00908	0.01371	0.01903	0.68276	0.03880	0.15597	0.01055	0.00588	0.00158	0.00238	0.00923	0.00536	0.00463
27	0.00732	0.00523	0.00722	0.00837	0.00921	0.00513	0.00680	0.00910	0.01078	0.01412	0.02678	0.33332	0.03024	0.01444	0.00670	0.00220	0.00398	0.49008	0.00460	0.00439
28	0.01301	0.01172	0.01749	0.03233	0.24595	0.09103	0.18904	0.05461	0.01222	0.07207	0.01218	0.05606	0.01004	0.00556	0.00522	0.00151	0.02333	0.00524	0.13472	0.00668
29	0.08256	0.01069	0.01740	0.29147	0.34425	0.01163	0.07622	0.01533	0.07264	0.01593	0.00993	0.01290	0.00782	0.00481	0.00488	0.00158	0.00604	0.00451	0.00265	0.00679
30	0.86003	0.00964	0.00733	0.00655	0.00964	0.01118	0.00540	0.01465	0.00848	0.02236	0.00694	0.00810	0.00540	0.00463	0.00308	0.00154	0.00386	0.00270	0.00308	0.00540
31	0.01355	0.51030	0.17087	0.01077	0.01536	0.15253	0.03645	0.01598	0.01094	0.01272	0.00755	0.00883	0.00642	0.00450	0.00380	0.00122	0.00645	0.00306	0.00221	0.00649
32	0.00607	0.00434	0.00578	0.00694	0.00723	0.00405	0.00463	0.00694	0.00954	0.01272	0.02747	0.82157	0.03297	0.01562	0.00636	0.00202	0.00289	0.01417	0.00463	0.00405
33	0.72497	0.01191	0.00842	0.00756	0.01057	0.13858	0.00608	0.01550	0.00939	0.02073	0.00706	0.00824	0.00556	0.00471	0.00331	0.00150	0.00468	0.00278	0.00300	0.00546
34	0.00605	0.00506	0.00527	0.00522	0.00683	0.00428	0.00391	0.00746	0.01173	0.01435	0.15102	0.04651	0.69063	0.01229	0.00589	0.00167	0.00250	0.01032	0.00475	0.00428
35	0.00699	0.00509	0.00657	0.00620	0.00741	0.00468	0.00465	0.00928	0.01396	0.01963	0.74999	0.03783	0.08837	0.01033	0.00588	0.00157	0.00236	0.00910	0.00544	0.00468
36	0.01196	0.49877	0.34321	0.01086	0.01640	0.01638	0.01259	0.01528	0.01029	0.01339	0.00776	0.00903	0.00636	0.00446	0.00383	0.00128	0.00617	0.00308	0.00212	0.00679
37	0.01234	0.01184	0.02023	0.03059	0.79373	0.01184	0.01530	0.01530	0.01135	0.01628	0.00938	0.01234	0.00790	0.00444	0.00493	0.00148	0.00592	0.00444	0.00247	0.00790

[dist]
# distance from previous block
# <min> <max>
0	13

[block]
# block no. 1 follows, 50 sequences, length 31
# corresponding to MSA columns:
# 568-598
name=unknown_B
#
# <colnr> <probs for GDERKNQSTAVLIFYWHMCP>
#	G	D	E	R	K	N	Q	S	T	A	V	L	I	F	Y	W	H	M	C	P
0	0.02236	0.00848	0.01157	0.00887	0.01272	0.00733	0.00733	0.02429	0.01427	0.79719	0.01966	0.01697	0.01234	0.00617	0.00501	0.00154	0.00424	0.00501	0.00617	0.00848
1	0.01333	0.82783	0.02612	0.00853	0.01279	0.01972	0.00853	0.01493	0.01013	0.01173	0.00693	0.00800	0.00640	0.00426	0.00320	0.00107	0.00533	0.00267	0.00213	0.00640
2	0.00941	0.00886	0.01495	0.81285	0.03433	0.01107	0.01384	0.01274	0.00997	0.01274	0.00886	0.01329	0.00664	0.00498	0.00498	0.00166	0.00664	0.00443	0.00221	0.00554
3	0.01769	0.01371	0.01509	0.01342	0.10181	0.04687	0.00990	0.62741	0.02111	0.02822	0.01198	0.03296	0.00904	0.00602	0.00497	0.00149	0.00555	0.00468	0.01995	0.00812
4	0.02047	0.00841	0.01121	0.00872	0.01229	0.00748	0.00715	0.06418	0.01475	0.66831	0.10522	0.01895	0.01599	0.00661	0.00511	0.00154	0.00410	0.00543	0.00603	0.00806
5	0.01253	0.01459	0.02771	0.02010	0.02486	0.10090	0.69026	0.01641	0.01203	0.01555	0.00982	0.01295	0.00744	0.00431	0.00573	0.00164	0.00847	0.00558	0.00253	0.00662
6	0.01008	0.01000	0.01832	0.60101	0.07447	0.01144	0.17620	0.01356	0.01043	0.01362	0.00915	0.01327	0.00691	0.00479	0.00517	0.00166	0.00698	0.00474	0.00229	0.00592
7	0.00931	0.00500	0.00532	0.00539	0.00660	0.00503	0.00418	0.03114	0.01088	0.01834	0.01760	0.04598	0.01503	0.00698	0.00399	0.00132	0.00267	0.08913	0.71138	0.00472
8	0.00589	0.00505	0.00505	0.00505	0.00673	0.00421	0.00379	0.00715	0.01136	0.01347	0.05049	0.04797	0.79171	0.01262	0.00589	0.00168	0.00252	0.01052	0.00463	0.00421
9	0.00630	0.00508	0.00562	0.00553	0.00705	0.00440	0.00418	0.00792	0.01219	0.01547	0.27244	0.04498	0.54611	0.01192	0.00592	0.00167	0.00253	0.03143	0.00489	0.00437
10	0.19624	0.00872	0.01069	0.00839	0.01208	0.00813	0.00693	0.02229	0.01307	0.63636	0.01702	0.01512	0.01090	0.00585	0.00461	0.00154	0.00416	0.00453	0.00553	0.00784
11	0.01895	0.01396	0.01496	0.01147	0.01546	0.01546	0.00947	0.77711	0.02344	0.03141	0.01197	0.01197	0.00848	0.00598	0.00499	0.00150	0.00548	0.00449	0.00499	0.00848
12	0.00620	0.00439	0.00574	0.00677	0.00703	0.00414	0.00445	0.00697	0.00929	0.01238	0.02616	0.73364	0.03131	0.10580	0.00848	0.00234	0.00311	0.01340	0.00445	0.00393
13	0.01772	0.01461	0.05680	0.01129	0.01510	0.10270	0.00950	0.44996	0.14416	0.10667	0.01348	0.01315	0.00962	0.00597	0.00493	0.00151	0.00560	0.00454	0.00469	0.00802
14	0.01202	0.01178	0.01907	0.14596	0.61201	0.04596	0.03167	0.01495	0.01123	0.01549	0.00964	0.03014	0.00819	0.00479	0.00498	0.00152	0.00615	0.00463	0.00248	0.00734
15	0.01115	0.01137	0.04787	0.02069	0.28997	0.01063	0.27699	0.02913	0.01134	0.03283	0.01340	0.16115	0.01272	0.00675	0.00585	0.00169	0.02732	0.01944	0.00303	0.00667
16	0.00724	0.00488	0.00568	0.00568	0.00577	0.00497	0.00333	0.00741	0.00732	0.00985	0.01548	0.03137	0.01758	0.74914	0.10031	0.00514	0.00565	0.00707	0.00299	0.00316
17	0.01139	0.00968	0.01188	0.01036	0.09931	0.00807	0.00730	0.08634	0.01171	0.01771	0.00922	0.01072	0.00755	0.00400	0.00395	0.00089	0.00411	0.00327	0.00309	0.67946
18	0.02978	0.01731	0.03058	0.01595	0.18389	0.35157	0.01066	0.14511	0.11633	0.03526	0.01071	0.01167	0.00835	0.00535	0.00474	0.00143	0.00686	0.00405	0.00336	0.00705
19	0.00746	0.00511	0.00641	0.00631	0.00755	0.00460	0.00464	0.00922	0.01252	0.06094	0.42107	0.21457	0.19758	0.01169	0.00594	0.00169	0.00262	0.01026	0.00515	0.00467
20	0.01200	0.01132	0.01796	0.11236	0.48147	0.01193	0.05260	0.01774	0.19744	0.01697	0.01198	0.01401	0.00950	0.00505	0.00502	0.00156	0.00565	0.00480	0.00307	0.00757
21	0.00610	0.00506	0.00534	0.00527	0.00686	0.00430	0.00395	0.00756	0.01186	0.01465	0.18488	0.04602	0.65659	0.01218	0.00589	0.00166	0.00249	0.01025	0.00478	0.00430
22	0.00589	0.00505	0.00505	0.00505	0.00673	0.00421	0.00379	0.00715	0.01136	0.01347	0.05049	0.04797	0.79171	0.01262	0.00589	0.00168	0.00252	0.01052	0.00463	0.00421
23	0.86003	0.00964	0.00733	0.00655	0.00964	0.01118	0.00540	0.01465	0.00848	0.02236	0.00694	0.00810	0.00540	0.00463	0.00308	0.00154	0.00386	0.00270	0.00308	0.00540
24	0.01000	0.02578	0.79900	0.01421	0.02157	0.01158	0.01842	0.01579	0.01052	0.01579	0.00895	0.01052	0.00631	0.00474	0.00474	0.00158	0.00737	0.00368	0.00210	0.00737
25	0.01000	0.02578	0.79900	0.01421	0.02157	0.01158	0.01842	0.01579	0.01052	0.01579	0.00895	0.01052	0.00631	0.00474	0.00474	0.00158	0.00737	0.00368	0.00210	0.00737
26	0.79557	0.01086	0.06736	0.00714	0.01054	0.01121	0.00639	0.01474	0.00864	0.02186	0.00709	0.00828	0.00547	0.00464	0.00321	0.00155	0.00412	0.00277	0.00301	0.00555
27	0.27943	0.09132	0.09985	0.00971	0.03502	0.02991	0.04107	0.05817	0.01111	0.12168	0.01192	0.10108	0.01020	0.00606	0.00426	0.00149	0.00477	0.00474	0.01699	0.06123
28	0.01510	0.01330	0.10031	0.01063	0.01438	0.01271	0.00942	0.47579	0.09309	0.02595	0.07431	0.01784	0.05930	0.00683	0.00510	0.00155	0.00503	0.02491	0.02688	0.00755
29	0.01366	0.73038	0.05260	0.00910	0.01333	0.08671	0.00898	0.01538	0.01048	0.01191	0.00707	0.00817	0.00640	0.00436	0.00336	0.00110	0.00572	0.00275	0.00217	0.00638
30	0.00696	0.00554	0.00830	0.00832	0.00917	0.00536	0.07112	0.00863	0.03050	0.01401	0.11036	0.62301	0.03121	0.01362	0.00649	0.00194	0.02407	0.01241	0.00449	0.00449

[dist]
# distance from previous block
# <min> <max>
0	1

[block]
# block no. 2 follows, 50 sequences, length 16
# corresponding to MSA columns:
# 600-615
name=unknown_C
#
# <colnr> <probs for GDERKNQSTAVLIFYWHMCP>
#	G	D	E	R	K	N	Q	S	T	A	V	L	I	F	Y	W	H	M	C	P
0	0.01686	0.09361	0.01631	0.04125	0.14094	0.49737	0.01056	0.09763	0.01415	0.01484	0.00839	0.00989	0.00688	0.00503	0.00451	0.00133	0.00772	0.00353	0.00275	0.00645
1	0.00674	0.00508	0.00623	0.00595	0.00726	0.00457	0.00446	0.00881	0.01338	0.01825	0.59390	0.04009	0.24531	0.01084	0.00588	0.00160	0.00240	0.00942	0.00526	0.00457
2	0.01100	0.00894	0.01078	0.01099	0.14568	0.03679	0.00712	0.03980	0.01114	0.01728	0.01106	0.01297	0.00897	0.00454	0.00392	0.00103	0.00396	0.00374	0.23789	0.41240
3	0.04006	0.34191	0.13092	0.01384	0.14489	0.05609	0.05356	0.03027	0.01109	0.04842	0.00866	0.01011	0.00705	0.00448	0.00408	0.00127	0.00585	0.00348	0.00256	0.08143
4	0.01199	0.50468	0.33752	0.01082	0.01633	0.01644	0.01251	0.01527	0.01029	0.01336	0.00774	0.00901	0.00636	0.00445	0.00382	0.00127	0.00615	0.00308	0.00212	0.00679
5	0.00828	0.00439	0.00643	0.00655	0.00661	0.00439	0.00438	0.00665	0.00690	0.00923	0.01107	0.10039	0.01171	0.04970	0.04584	0.70252	0.00451	0.00551	0.00247	0.00248
6	0.00611	0.00450	0.00580	0.00673	0.00725	0.00419	0.00460	0.00708	0.00972	0.01277	0.03000	0.66532	0.14116	0.01640	0.05088	0.00231	0.00342	0.01315	0.00452	0.00409
7	0.00722	0.00558	0.00665	0.00630	0.00775	0.00525	0.00475	0.01033	0.08107	0.01838	0.53252	0.03836	0.23618	0.01052	0.00581	0.00161	0.00254	0.00911	0.00523	0.00486
8	0.05489	0.06094	0.05934	0.01131	0.03558	0.15030	0.00912	0.11464	0.41018	0.01977	0.01472	0.01437	0.01117	0.00596	0.00474	0.00154	0.00534	0.00462	0.00412	0.00736
9	0.05122	0.17540	0.52701	0.01390	0.04822	0.01319	0.07415	0.01556	0.01048	0.01536	0.00857	0.01022	0.00644	0.00459	0.00446	0.00148	0.00684	0.00364	0.00220	0.00706
10	0.04995	0.00937	0.08402	0.00912	0.01174	0.00802	0.04730	0.09225	0.05925	0.07070	0.06432	0.16302	0.05780	0.07978	0.05785	0.00233	0.00502	0.05479	0.00404	0.06932
11	0.01473	0.58130	0.04296	0.00984	0.01376	0.21436	0.00909	0.04043	0.01155	0.01258	0.00733	0.00843	0.00647	0.00455	0.00362	0.00115	0.00630	0.00289	0.00233	0.00633
12	0.04073	0.01787	0.38166	0.01337	0.03512	0.01129	0.09997	0.09746	0.07527	0.13012	0.01328	0.01388	0.03631	0.00545	0.00495	0.00159	0.00624	0.00459	0.00341	0.00745
13	0.09363	0.20303	0.35656	0.05718	0.01774	0.05096	0.01280	0.03980	0.05241	0.05863	0.00952	0.01063	0.00714	0.00488	0.00427	0.00145	0.00619	0.00358	0.00270	0.00690
14	0.00712	0.00479	0.00553	0.00563	0.00571	0.00474	0.00326	0.00731	0.00778	0.01043	0.04959	0.11685	0.02092	0.70435	0.02253	0.00440	0.00452	0.00806	0.00330	0.00320
15	0.00644	0.00474	0.00607	0.00686	0.00746	0.00448	0.00471	0.00807	0.04195	0.01404	0.12646	0.63599	0.08541	0.01436	0.00622	0.00193	0.00284	0.01291	0.00476	0.00430

[dist]
# distance from previous block
# <min> <max>
0	1

[block]
# block no. 3 follows, 50 sequences, length 61
# corresponding to MSA columns:
# 617-677
name=unknown_D
#
# <colnr> <probs for GDERKNQSTAVLIFYWHMCP>
#	G	D	E	R	K	N	Q	S	T	A	V	L	I	F	Y	W	H	M	C	P
0	0.03036	0.01309	0.06159	0.08941	0.31829	0.03960	0.26274	0.01657	0.08727	0.01629	0.01050	0.01309	0.00821	0.00468	0.00520	0.00158	0.00674	0.00491	0.00272	0.00716
1	0.01160	0.01278	0.02899	0.07375	0.02947	0.17244	0.18703	0.01371	0.01035	0.01301	0.01067	0.07364	0.01005	0.05926	0.09133	0.00257	0.18569	0.00548	0.00263	0.00554
2	0.01515	0.07061	0.01739	0.03348	0.28102	0.12809	0.04652	0.20832	0.05249	0.05181	0.01140	0.01273	0.02103	0.00526	0.00480	0.00145	0.00605	0.00440	0.02056	0.00743
3	0.00929	0.00465	0.00465	0.00465	0.00581	0.00465	0.00348	0.01161	0.01045	0.01858	0.01626	0.01858	0.01278	0.00581	0.00348	0.00116	0.00232	0.00465	0.85250	0.00465
4	0.01034	0.00886	0.01034	0.00738	0.01181	0.00664	0.00591	0.01255	0.01034	0.01624	0.00886	0.01034	0.00738	0.00369	0.00369	0.00074	0.00369	0.00295	0.00295	0.85530
5	0.04589	0.21543	0.31325	0.01179	0.05313	0.01267	0.01213	0.04114	0.03604	0.17747	0.01199	0.01237	0.02543	0.00518	0.00441	0.00144	0.00575	0.00395	0.00325	0.00729
6	0.02995	0.07192	0.30474	0.01215	0.01715	0.01199	0.07425	0.15413	0.09017	0.08201	0.01295	0.05021	0.02262	0.00580	0.00485	0.00154	0.00588	0.00479	0.00349	0.03941
7	0.00744	0.00441	0.00606	0.00650	0.00661	0.00430	0.00424	0.00678	0.00779	0.01039	0.01703	0.32992	0.01953	0.14153	0.01531	0.39343	0.00385	0.00859	0.00325	0.00303
8	0.01199	0.01045	0.02788	0.14119	0.27023	0.02962	0.08236	0.05370	0.06273	0.08168	0.05720	0.08859	0.04719	0.00657	0.00526	0.00161	0.00545	0.00605	0.00349	0.00676
9	0.01386	0.50385	0.09671	0.01075	0.01473	0.17630	0.04176	0.01587	0.01088	0.01240	0.00738	0.00885	0.00645	0.00477	0.00455	0.00126	0.05797	0.00311	0.00224	0.00632
10	0.01017	0.00575	0.00727	0.00668	0.00846	0.00509	0.00507	0.01193	0.01276	0.19791	0.30994	0.15719	0.22084	0.01070	0.00576	0.00166	0.00292	0.00926	0.00530	0.00536
11	0.01365	0.05044	0.01906	0.02395	0.51276	0.08342	0.05653	0.03252	0.08066	0.06265	0.01078	0.01272	0.00860	0.00482	0.00489	0.00148	0.00603	0.00447	0.00296	0.00761
12	0.01058	0.08594	0.49535	0.01169	0.01789	0.01075	0.01382	0.01494	0.01050	0.02936	0.00895	0.01038	0.00673	0.00442	0.00431	0.00129	0.00609	0.00341	0.00242	0.25116
13	0.01320	0.05947	0.46742	0.01390	0.05481	0.07522	0.01486	0.20818	0.01408	0.01928	0.00954	0.01073	0.00695	0.00505	0.00472	0.00151	0.00686	0.00384	0.00289	0.00750
14	0.01268	0.67220	0.17609	0.00963	0.01450	0.01814	0.01045	0.01509	0.01020	0.01251	0.00732	0.00849	0.00638	0.00436	0.00350	0.00117	0.00573	0.00286	0.00213	0.00658
15	0.00694	0.00483	0.00590	0.00620	0.00661	0.00467	0.00409	0.00776	0.00940	0.01263	0.14778	0.22610	0.05649	0.40440	0.01546	0.00331	0.00385	0.06587	0.00399	0.00371
16	0.00715	0.00508	0.00657	0.00620	0.00737	0.00470	0.00465	0.00950	0.01395	0.01993	0.75718	0.03642	0.04553	0.01000	0.00577	0.00155	0.00235	0.00882	0.04256	0.00470
17	0.00621	0.00506	0.00549	0.00538	0.00693	0.00434	0.00404	0.00777	0.01212	0.01526	0.25387	0.04502	0.58721	0.01196	0.00589	0.00165	0.00248	0.01011	0.00486	0.00434
18	0.00866	0.00433	0.00649	0.00649	0.00649	0.00433	0.00433	0.00649	0.00649	0.00866	0.00866	0.01515	0.00866	0.01732	0.01948	0.85498	0.00433	0.00433	0.00216	0.00216
19	0.00700	0.00505	0.00661	0.00631	0.00743	0.00466	0.00470	0.00926	0.01384	0.01956	0.74588	0.08369	0.04620	0.01051	0.00591	0.00159	0.00238	0.00932	0.00544	0.00466
20	0.01333	0.82783	0.02612	0.00853	0.01279	0.01972	0.00853	0.01493	0.01013	0.01173	0.00693	0.00800	0.00640	0.00426	0.00320	0.00107	0.00533	0.00267	0.00213	0.00640
21	0.01034	0.00886	0.01034	0.00738	0.01181	0.00664	0.00591	0.01255	0.01034	0.01624	0.00886	0.01034	0.00738	0.00369	0.00369	0.00074	0.00369	0.00295	0.00295	0.85530
22	0.00607	0.00434	0.00578	0.00694	0.00723	0.00405	0.00463	0.00694	0.00954	0.01272	0.02747	0.82157	0.03297	0.01562	0.00636	0.00202	0.00289	0.01417	0.00463	0.00405
23	0.01333	0.82783	0.02612	0.00853	0.01279	0.01972	0.00853	0.01493	0.01013	0.01173	0.00693	0.00800	0.00640	0.00426	0.00320	0.00107	0.00533	0.00267	0.00213	0.00640
24	0.86003	0.00964	0.00733	0.00655	0.00964	0.01118	0.00540	0.01465	0.00848	0.02236	0.00694	0.00810	0.00540	0.00463	0.00308	0.00154	0.00386	0.00270	0.00308	0.00540
25	0.01240	0.01071	0.01127	0.01014	0.01296	0.01240	0.00789	0.02649	0.78473	0.02085	0.02029	0.01860	0.01522	0.00676	0.00507	0.00169	0.00394	0.00564	0.00507	0.00789
26	0.01992	0.01295	0.01392	0.01079	0.01466	0.05984	0.00886	0.51307	0.02021	0.25325	0.01396	0.01325	0.00948	0.00599	0.00496	0.00150	0.00533	0.00456	0.00519	0.00832
27	0.01000	0.02578	0.79900	0.01421	0.02157	0.01158	0.01842	0.01579	0.01052	0.01579	0.00895	0.01052	0.00631	0.00474	0.00474	0.00158	0.00737	0.00368	0.00210	0.00737
28	0.00713	0.00529	0.00776	0.00776	0.00856	0.00609	0.00591	0.00874	0.00794	0.01138	0.01358	0.02087	0.01302	0.11512	0.72810	0.00770	0.01251	0.00553	0.00270	0.00431
29	0.01190	0.00987	0.01064	0.00957	0.01219	0.01120	0.00743	0.02406	0.65883	0.03973	0.12734	0.02115	0.01956	0.00722	0.00518	0.00167	0.00373	0.00609	0.00516	0.00746
30	0.01177	0.06116	0.02631	0.01980	0.08370	0.01338	0.55199	0.01524	0.01100	0.01513	0.00929	0.01264	0.00736	0.00492	0.00727	0.00171	0.13296	0.00534	0.00244	0.00660
31	0.86003	0.00964	0.00733	0.00655	0.00964	0.01118	0.00540	0.01465	0.00848	0.02236	0.00694	0.00810	0.00540	0.00463	0.00308	0.00154	0.00386	0.00270	0.00308	0.00540
32	0.00739	0.00556	0.00696	0.00694	0.00714	0.00609	0.00467	0.00791	0.00806	0.01097	0.01865	0.21070	0.05538	0.44438	0.06759	0.00389	0.11218	0.00849	0.00333	0.00372
33	0.00636	0.00461	0.00601	0.00662	0.00727	0.00426	0.00460	0.00771	0.01104	0.01499	0.26191	0.53636	0.08220	0.01378	0.00619	0.00186	0.00271	0.01238	0.00489	0.00426
34	0.01027	0.09112	0.73604	0.01374	0.02086	0.01224	0.01761	0.01572	0.01049	0.01545	0.00878	0.01032	0.00632	0.00470	0.00461	0.00154	0.00720	0.00360	0.00211	0.00729
35	0.01141	0.01136	0.01512	0.18613	0.01793	0.06113	0.01140	0.04797	0.00925	0.01306	0.00736	0.01136	0.00665	0.00758	0.01267	0.00198	0.55535	0.00431	0.00234	0.00563
36	0.00705	0.00510	0.00666	0.00627	0.00745	0.00470	0.00470	0.00941	0.01411	0.01999	0.79110	0.03723	0.04703	0.01019	0.00588	0.00157	0.00235	0.00901	0.00549	0.00470
37	0.01240	0.01071	0.01127	0.01014	0.01296	0.01240	0.00789	0.02649	0.78473	0.02085	0.02029	0.01860	0.01522	0.00676	0.00507	0.00169	0.00394	0.00564	0.00507	0.00789
38	0.00701	0.00509	0.00660	0.00623	0.00742	0.00469	0.00467	0.00933	0.01401	0.01975	0.76452	0.03762	0.07376	0.01028	0.00588	0.00157	0.00236	0.00907	0.00546	0.00469
39	0.00607	0.00434	0.00578	0.00694	0.00723	0.00405	0.00463	0.00694	0.00954	0.01272	0.02747	0.82157	0.03297	0.01562	0.00636	0.00202	0.00289	0.01417	0.00463	0.00405
40	0.00598	0.00505	0.00517	0.00514	0.00679	0.00425	0.00386	0.00732	0.01157	0.01395	0.10610	0.04716	0.73580	0.01244	0.00589	0.00167	0.00251	0.01041	0.00469	0.00425
41	0.86003	0.00964	0.00733	0.00655	0.00964	0.01118	0.00540	0.01465	0.00848	0.02236	0.00694	0.00810	0.00540	0.00463	0.00308	0.00154	0.00386	0.00270	0.00308	0.00540
42	0.00599	0.00502	0.00521	0.00523	0.00681	0.00424	0.00390	0.00732	0.01150	0.01395	0.10881	0.08285	0.69696	0.01257	0.00591	0.00169	0.00253	0.01057	0.00470	0.00424
43	0.02169	0.00956	0.01223	0.00938	0.01326	0.00892	0.00775	0.17233	0.01607	0.64660	0.01815	0.01598	0.01158	0.00613	0.00501	0.00153	0.00449	0.00491	0.00594	0.00848
44	0.00673	0.00508	0.00617	0.00594	0.00716	0.00466	0.00439	0.00853	0.01238	0.01673	0.46297	0.03901	0.26419	0.07743	0.05477	0.00224	0.00325	0.00910	0.00487	0.00441
45	0.01368	0.01495	0.01792	0.16068	0.39442	0.24811	0.04848	0.01626	0.01196	0.01444	0.00882	0.01156	0.00722	0.00473	0.00486	0.00146	0.00708	0.00414	0.00246	0.00680
46	0.01389	0.47633	0.18027	0.01069	0.01519	0.20222	0.01080	0.01627	0.01115	0.01266	0.00752	0.00874	0.00639	0.00456	0.00381	0.00122	0.00660	0.00300	0.00223	0.00645
47	0.01498	0.01034	0.01401	0.31411	0.03837	0.01158	0.01077	0.24178	0.03206	0.17743	0.01292	0.01553	0.00952	0.00607	0.00548	0.00163	0.03469	0.03767	0.00401	0.00706
48	0.02201	0.00905	0.01192	0.00914	0.01301	0.00816	0.00755	0.10183	0.01521	0.71831	0.01887	0.01645	0.01194	0.00615	0.00501	0.00154	0.00437	0.00496	0.00605	0.00848
49	0.00688	0.00509	0.00643	0.00609	0.00734	0.00463	0.00457	0.00907	0.01371	0.01903	0.68213	0.03881	0.15660	0.01055	0.00588	0.00158	0.00238	0.00924	0.00536	0.00463
50	0.83094	0.00960	0.00747	0.00664	0.00975	0.01105	0.00547	0.01499	0.00868	0.04927	0.00738	0.00841	0.00564	0.00468	0.00315	0.00154	0.00387	0.00278	0.00319	0.00551
51	0.86003	0.00964	0.00733	0.00655	0.00964	0.01118	0.00540	0.01465	0.00848	0.02236	0.00694	0.00810	0.00540	0.00463	0.00308	0.00154	0.00386	0.00270	0.00308	0.00540
52	0.00636	0.00507	0.00570	0.00554	0.00702	0.00441	0.00416	0.00807	0.01247	0.01611	0.35023	0.04362	0.49033	0.01164	0.00589	0.00164	0.00245	0.00991	0.00498	0.00441
53	0.00589	0.00505	0.00505	0.00505	0.00673	0.00421	0.00379	0.00715	0.01136	0.01347	0.05049	0.04797	0.79171	0.01262	0.00589	0.00168	0.00252	0.01052	0.00463	0.00421
54	0.01061	0.01047	0.01469	0.01269	0.01276	0.01455	0.01054	0.01175	0.00766	0.01196	0.00708	0.01159	0.00701	0.01099	0.07866	0.00264	0.75232	0.00444	0.00222	0.00537
55	0.01176	0.01345	0.02941	0.02101	0.02605	0.01261	0.77563	0.01597	0.01176	0.01597	0.01008	0.01345	0.00756	0.00420	0.00588	0.00168	0.00840	0.00588	0.00252	0.00672
56	0.01034	0.00886	0.01034	0.00738	0.01181	0.00664	0.00591	0.01255	0.01034	0.01624	0.00886	0.01034	0.00738	0.00369	0.00369	0.00074	0.00369	0.00295	0.00295	0.85530
57	0.00718	0.00511	0.00683	0.00683	0.00731	0.00559	0.00476	0.00814	0.00766	0.01070	0.01443	0.02555	0.01505	0.39817	0.44784	0.00655	0.00945	0.00621	0.00283	0.00380
58	0.00716	0.00518	0.00721	0.00721	0.00782	0.00580	0.00523	0.00839	0.00777	0.01098	0.01408	0.02364	0.01422	0.28249	0.56237	0.00702	0.01070	0.00593	0.00278	0.00401
59	0.01244	0.01272	0.03721	0.02859	0.66640	0.03922	0.09885	0.01554	0.01147	0.01610	0.00939	0.01231	0.00778	0.00444	0.00502	0.00150	0.00633	0.00454	0.00247	0.00768
60	0.01289	0.01194	0.01903	0.05154	0.01893	0.07572	0.34452	0.03211	0.11859	0.07898	0.01270	0.01461	0.00955	0.00534	0.00580	0.00159	0.05314	0.00521	0.12124	0.00656

[dist]
# distance from previous block
# <min> <max>
0	1

[block]
# block no. 4 follows, 50 sequences, length 24
# corresponding to MSA columns:
# 679-702
name=unknown_E
#
# <colnr> <probs for GDERKNQSTAVLIFYWHMCP>
#	G	D	E	R	K	N	Q	S	T	A	V	L	I	F	Y	W	H	M	C	P
0	0.01326	0.19246	0.10251	0.01054	0.04521	0.01285	0.00926	0.16794	0.12089	0.03354	0.01088	0.01152	0.00847	0.00489	0.00422	0.00123	0.00495	0.00375	0.00342	0.23822
1	0.06868	0.16388	0.01557	0.01077	0.01412	0.24252	0.00879	0.23045	0.16240	0.01973	0.01110	0.01141	0.00860	0.00549	0.00442	0.00140	0.00607	0.00390	0.00367	0.00702
2	0.78614	0.04884	0.00849	0.00690	0.01002	0.04358	0.00572	0.01488	0.00879	0.02145	0.00697	0.00813	0.00549	0.00463	0.00315	0.00151	0.00413	0.00272	0.00302	0.00546
3	0.01203	0.16801	0.44075	0.01494	0.12565	0.02869	0.01480	0.05010	0.04272	0.04366	0.00959	0.01090	0.00722	0.00481	0.00451	0.00147	0.00650	0.00376	0.00256	0.00734
4	0.00666	0.00515	0.00701	0.00736	0.00837	0.00475	0.03622	0.00812	0.01081	0.01412	0.11296	0.42161	0.19818	0.01365	0.00627	0.00193	0.00323	0.12462	0.00463	0.00434
5	0.86003	0.00964	0.00733	0.00655	0.00964	0.01118	0.00540	0.01465	0.00848	0.02236	0.00694	0.00810	0.00540	0.00463	0.00308	0.00154	0.00386	0.00270	0.00308	0.00540
6	0.00941	0.00886	0.01495	0.81285	0.03433	0.01107	0.01384	0.01274	0.00997	0.01274	0.00886	0.01329	0.00664	0.00498	0.00498	0.00166	0.00664	0.00443	0.00221	0.00554
7	0.01274	0.01063	0.01128	0.01010	0.01295	0.01222	0.00787	0.02641	0.75845	0.04733	0.02027	0.01854	0.01512	0.00674	0.00507	0.00169	0.00395	0.00561	0.00511	0.00791
8	0.00597	0.00505	0.00515	0.00513	0.00678	0.00424	0.00385	0.00730	0.01154	0.01389	0.09851	0.04727	0.74343	0.01247	0.00589	0.00168	0.00251	0.01042	0.00468	0.00424
9	0.00866	0.00433	0.00649	0.00649	0.00649	0.00433	0.00433	0.00649	0.00649	0.00866	0.00866	0.01515	0.00866	0.01732	0.01948	0.85498	0.00433	0.00433	0.00216	0.00216
10	0.86003	0.00964	0.00733	0.00655	0.00964	0.01118	0.00540	0.01465	0.00848	0.02236	0.00694	0.00810	0.00540	0.00463	0.00308	0.00154	0.00386	0.00270	0.00308	0.00540
11	0.00631	0.00452	0.00601	0.00692	0.00739	0.00422	0.00478	0.00747	0.01035	0.01398	0.15006	0.66509	0.03505	0.01467	0.00631	0.00196	0.00287	0.04311	0.00476	0.00418
12	0.01222	0.01180	0.02025	0.04686	0.73504	0.01194	0.03676	0.01517	0.01123	0.01609	0.00931	0.01235	0.00782	0.00456	0.00526	0.00151	0.02714	0.00448	0.00246	0.00775
13	0.70270	0.08283	0.08649	0.00748	0.01108	0.01197	0.00695	0.01479	0.00883	0.02079	0.00714	0.00833	0.00558	0.00461	0.00326	0.00150	0.00433	0.00279	0.00291	0.00568
14	0.00678	0.00452	0.00562	0.00643	0.00704	0.00426	0.00447	0.00806	0.01006	0.01422	0.05234	0.56164	0.08031	0.01328	0.00578	0.00183	0.00280	0.03838	0.16796	0.00422
15	0.86003	0.00964	0.00733	0.00655	0.00964	0.01118	0.00540	0.01465	0.00848	0.02236	0.00694	0.00810	0.00540	0.00463	0.00308	0.00154	0.00386	0.00270	0.00308	0.00540
16	0.01317	0.00991	0.01070	0.00943	0.01226	0.01101	0.00739	0.05520	0.57593	0.10709	0.02183	0.02023	0.06971	0.00704	0.00505	0.00164	0.00386	0.00582	0.04517	0.00756
17	0.86003	0.00964	0.00733	0.00655	0.00964	0.01118	0.00540	0.01465	0.00848	0.02236	0.00694	0.00810	0.00540	0.00463	0.00308	0.00154	0.00386	0.00270	0.00308	0.00540
18	0.86003	0.00964	0.00733	0.00655	0.00964	0.01118	0.00540	0.01465	0.00848	0.02236	0.00694	0.00810	0.00540	0.00463	0.00308	0.00154	0.00386	0.00270	0.00308	0.00540
19	0.00700	0.00499	0.00578	0.00586	0.00638	0.00490	0.00384	0.00760	0.00849	0.01102	0.02359	0.03627	0.18206	0.52102	0.09452	0.00429	0.00514	0.06029	0.00344	0.00352
20	0.01082	0.01266	0.16150	0.01303	0.10277	0.03106	0.05803	0.04395	0.23374	0.03179	0.04191	0.15757	0.06378	0.00788	0.00532	0.00168	0.00497	0.00692	0.00391	0.00670
21	0.01425	0.01030	0.01250	0.03047	0.05039	0.00973	0.00791	0.19876	0.01394	0.13208	0.01105	0.01189	0.00832	0.00496	0.00503	0.00118	0.05193	0.00381	0.00382	0.41769
22	0.01106	0.00891	0.01147	0.01294	0.18226	0.02574	0.00818	0.10532	0.12128	0.04754	0.30294	0.04551	0.07993	0.00801	0.00541	0.00157	0.00397	0.00697	0.00459	0.00640
23	0.01343	0.01202	0.06238	0.04844	0.23995	0.02617	0.01072	0.17955	0.08246	0.06026	0.01231	0.05906	0.01008	0.00563	0.00481	0.00142	0.00517	0.00481	0.00361	0.15773

[dist]
# distance from previous block
# <min> <max>
0	1

[block]
# block no. 5 follows, 50 sequences, length 106
# corresponding to MSA columns:
# 704-761,766-806,811-817
name=unknown_F
#
# <colnr> <probs for GDERKNQSTAVLIFYWHMCP>
#	G	D	E	R	K	N	Q	S	T	A	V	L	I	F	Y	W	H	M	C	P
0	0.01410	0.00871	0.01084	0.00812	0.01204	0.00720	0.00657	0.01613	0.01144	0.26632	0.01274	0.03564	0.00966	0.00507	0.00480	0.00110	0.04285	0.00400	0.00399	0.51868
1	0.01043	0.00895	0.01038	0.00752	0.01187	0.00692	0.00600	0.01322	0.04753	0.01646	0.00941	0.01073	0.00776	0.00384	0.00376	0.00078	0.00370	0.00308	0.00305	0.81459
2	0.01619	0.07082	0.09694	0.01321	0.12291	0.10768	0.01016	0.13273	0.05720	0.21201	0.01246	0.01266	0.00899	0.00525	0.00464	0.00139	0.00557	0.00414	0.00392	0.10115
3	0.34341	0.29527	0.05284	0.00891	0.01256	0.15005	0.00801	0.05232	0.01083	0.01708	0.00740	0.00852	0.00611	0.00466	0.00353	0.00133	0.00549	0.00291	0.00271	0.00605
4	0.01111	0.01405	0.16034	0.20154	0.26071	0.01184	0.21548	0.01528	0.03200	0.01543	0.00966	0.01269	0.00744	0.00462	0.00516	0.00160	0.00694	0.00471	0.00243	0.00696
5	0.00726	0.00491	0.00577	0.00591	0.00610	0.00488	0.00367	0.00764	0.00811	0.01084	0.05611	0.07303	0.02130	0.66685	0.02170	0.00429	0.00459	0.08039	0.00337	0.00331
6	0.00604	0.00496	0.00533	0.00550	0.00693	0.00425	0.00407	0.00734	0.01128	0.01382	0.09560	0.16172	0.61315	0.01293	0.00598	0.00174	0.00261	0.02781	0.00468	0.00423
7	0.00634	0.00503	0.00570	0.00561	0.00703	0.00439	0.00418	0.00800	0.01231	0.01590	0.33016	0.08262	0.47137	0.01185	0.00591	0.00166	0.00248	0.01013	0.00495	0.00439
8	0.01308	0.01069	0.01139	0.01012	0.01302	0.01223	0.00791	0.04726	0.72499	0.06000	0.02002	0.01833	0.01488	0.00671	0.00507	0.00168	0.00400	0.00557	0.00512	0.00794
9	0.01240	0.01071	0.01127	0.01014	0.01296	0.01240	0.00789	0.02649	0.78473	0.02085	0.02029	0.01860	0.01522	0.00676	0.00507	0.00169	0.00394	0.00564	0.00507	0.00789
10	0.01240	0.01071	0.01127	0.01014	0.01296	0.01240	0.00789	0.02649	0.78473	0.02085	0.02029	0.01860	0.01522	0.00676	0.00507	0.00169	0.00394	0.00564	0.00507	0.00789
11	0.00941	0.00886	0.01495	0.81285	0.03433	0.01107	0.01384	0.01274	0.00997	0.01274	0.00886	0.01329	0.00664	0.00498	0.00498	0.00166	0.00664	0.00443	0.00221	0.00554
12	0.01895	0.01396	0.01496	0.01147	0.01546	0.01546	0.00947	0.77711	0.02344	0.03141	0.01197	0.01197	0.00848	0.00598	0.00499	0.00150	0.00548	0.00449	0.00499	0.00848
13	0.01091	0.01091	0.01527	0.01309	0.01309	0.01527	0.01091	0.01200	0.00763	0.01200	0.00654	0.01091	0.00654	0.00872	0.01636	0.00218	0.81570	0.00436	0.00218	0.00545
14	0.01713	0.01288	0.01359	0.01078	0.01418	0.03719	0.00870	0.64335	0.02104	0.02800	0.01352	0.09107	0.01124	0.04622	0.00608	0.00170	0.00531	0.00552	0.00479	0.00771
15	0.01792	0.02229	0.01380	0.01254	0.01513	0.71582	0.00944	0.02064	0.10067	0.01317	0.00912	0.01007	0.00741	0.00532	0.00456	0.00133	0.00842	0.00348	0.00285	0.00602
16	0.09922	0.00976	0.04884	0.00884	0.01279	0.00837	0.00755	0.03464	0.07796	0.49225	0.01627	0.01489	0.01083	0.00564	0.00463	0.00144	0.00427	0.00447	0.00509	0.13226
17	0.00604	0.00458	0.00558	0.00633	0.00708	0.00412	0.00437	0.00708	0.01024	0.01316	0.05649	0.55640	0.27150	0.01452	0.00620	0.00190	0.00276	0.01288	0.00465	0.00412
18	0.00819	0.00700	0.00931	0.00838	0.00922	0.00812	0.00664	0.01002	0.01169	0.01667	0.45480	0.02974	0.11300	0.00997	0.00932	0.00178	0.26929	0.00765	0.00431	0.00490
19	0.01212	0.01347	0.02869	0.02053	0.02552	0.01275	0.73729	0.05406	0.01235	0.01674	0.01018	0.01337	0.00761	0.00429	0.00584	0.00167	0.00826	0.00581	0.00264	0.00681
20	0.01616	0.01211	0.01918	0.03016	0.07317	0.01217	0.26693	0.23473	0.07225	0.19077	0.01338	0.01409	0.00943	0.00536	0.00530	0.00158	0.00613	0.00515	0.00419	0.00775
21	0.02096	0.00930	0.01190	0.00928	0.01304	0.00872	0.00761	0.10465	0.09595	0.63436	0.01891	0.01660	0.01223	0.00621	0.00502	0.00155	0.00434	0.00502	0.00593	0.00842
22	0.00614	0.00452	0.00575	0.00658	0.00717	0.00413	0.00450	0.00720	0.01025	0.01352	0.10252	0.62714	0.15301	0.01464	0.00624	0.00193	0.00278	0.01312	0.00471	0.00413
23	0.01432	0.52605	0.08295	0.01064	0.01476	0.21475	0.04642	0.01628	0.01124	0.01236	0.00743	0.00870	0.00645	0.00452	0.00377	0.00119	0.00655	0.00303	0.00226	0.00633
24	0.02101	0.00860	0.01144	0.00885	0.01252	0.00768	0.00728	0.07397	0.01487	0.68855	0.07572	0.01811	0.01462	0.00645	0.00507	0.00154	0.00419	0.00527	0.00604	0.00821
25	0.00649	0.00461	0.00577	0.00639	0.00677	0.00441	0.00418	0.00725	0.00918	0.01222	0.06339	0.46693	0.08339	0.24637	0.04653	0.00304	0.00385	0.01129	0.00413	0.00382
26	0.05964	0.01315	0.05102	0.05530	0.05457	0.10433	0.00937	0.24798	0.05832	0.22005	0.01298	0.01298	0.00913	0.00556	0.00474	0.00146	0.00547	0.00430	0.00436	0.06528
27	0.01429	0.00967	0.01139	0.00840	0.01263	0.00832	0.00682	0.14790	0.01342	0.17845	0.01161	0.01197	0.00859	0.00460	0.00419	0.00103	0.00412	0.00364	0.00396	0.53501
28	0.01352	0.30464	0.01689	0.00962	0.01308	0.01510	0.00822	0.07731	0.42661	0.04234	0.01486	0.01425	0.01146	0.00579	0.00439	0.00145	0.00457	0.00446	0.00404	0.00741
29	0.01126	0.12466	0.49766	0.01683	0.17307	0.04379	0.03412	0.01575	0.01081	0.01523	0.00875	0.01057	0.00667	0.00462	0.00460	0.00148	0.00691	0.00374	0.00221	0.00727
30	0.00700	0.00522	0.00652	0.00617	0.00746	0.00481	0.00463	0.00945	0.03192	0.01897	0.65511	0.03850	0.16467	0.01050	0.00586	0.00159	0.00242	0.00917	0.00534	0.00470
31	0.00609	0.00462	0.00562	0.00630	0.00709	0.00415	0.00437	0.00719	0.01045	0.01349	0.09126	0.52131	0.27151	0.01428	0.00618	0.00188	0.00274	0.01265	0.00469	0.00415
32	0.01098	0.01046	0.01778	0.39351	0.44142	0.01149	0.01462	0.01411	0.01071	0.01464	0.00914	0.01278	0.00732	0.00469	0.00496	0.00156	0.00626	0.00444	0.00235	0.00680
33	0.00705	0.00510	0.00666	0.00627	0.00745	0.00470	0.00470	0.00941	0.01411	0.01999	0.79110	0.03723	0.04703	0.01019	0.00588	0.00157	0.00235	0.00901	0.00549	0.00470
34	0.86003	0.00964	0.00733	0.00655	0.00964	0.01118	0.00540	0.01465	0.00848	0.02236	0.00694	0.00810	0.00540	0.00463	0.00308	0.00154	0.00386	0.00270	0.00308	0.00540
35	0.86003	0.00964	0.00733	0.00655	0.00964	0.01118	0.00540	0.01465	0.00848	0.02236	0.00694	0.00810	0.00540	0.00463	0.00308	0.00154	0.00386	0.00270	0.00308	0.00540
36	0.02099	0.00808	0.01084	0.00843	0.01200	0.00705	0.00692	0.02296	0.01387	0.71562	0.01931	0.01713	0.01238	0.00613	0.00485	0.00150	0.00404	0.00497	0.09483	0.00808
37	0.86003	0.00964	0.00733	0.00655	0.00964	0.01118	0.00540	0.01465	0.00848	0.02236	0.00694	0.00810	0.00540	0.00463	0.00308	0.00154	0.00386	0.00270	0.00308	0.00540
38	0.00718	0.00509	0.00675	0.00675	0.00721	0.00555	0.00466	0.00809	0.00764	0.01064	0.01450	0.02594	0.01522	0.42160	0.42463	0.00646	0.00919	0.00627	0.00284	0.00375
39	0.01234	0.01184	0.02023	0.03059	0.79373	0.01184	0.01530	0.01530	0.01135	0.01628	0.00938	0.01234	0.00790	0.00444	0.00493	0.00148	0.00592	0.00444	0.00247	0.00790
40	0.00700	0.00509	0.00658	0.00621	0.00741	0.00468	0.00466	0.00929	0.01397	0.01966	0.75383	0.03777	0.08451	0.01031	0.00588	0.00157	0.00236	0.00909	0.00544	0.00468
41	0.00606	0.00437	0.00575	0.00685	0.00720	0.00406	0.00458	0.00695	0.00963	0.01276	0.02863	0.78264	0.07115	0.01547	0.00634	0.00201	0.00287	0.01399	0.00463	0.00406
42	0.01123	0.01247	0.02608	0.01908	0.02322	0.01223	0.63472	0.01485	0.01115	0.01529	0.01105	0.07556	0.00942	0.00556	0.00703	0.00176	0.09390	0.00636	0.00265	0.00638
43	0.00607	0.00434	0.00578	0.00694	0.00723	0.00405	0.00463	0.00694	0.00954	0.01272	0.02747	0.82157	0.03297	0.01562	0.00636	0.00202	0.00289	0.01417	0.00463	0.00405
44	0.00607	0.00434	0.00578	0.00694	0.00723	0.00405	0.00463	0.00694	0.00954	0.01272	0.02747	0.82157	0.03297	0.01562	0.00636	0.00202	0.00289	0.01417	0.00463	0.00405
45	0.01000	0.02578	0.79900	0.01421	0.02157	0.01158	0.01842	0.01579	0.01052	0.01579	0.00895	0.01052	0.00631	0.00474	0.00474	0.00158	0.00737	0.00368	0.00210	0.00737
46	0.86003	0.00964	0.00733	0.00655	0.00964	0.01118	0.00540	0.01465	0.00848	0.02236	0.00694	0.00810	0.00540	0.00463	0.00308	0.00154	0.00386	0.00270	0.00308	0.00540
47	0.01217	0.01177	0.01961	0.10582	0.70603	0.02639	0.01505	0.01513	0.01127	0.01587	0.00930	0.01237	0.00775	0.00451	0.00493	0.00149	0.00605	0.00442	0.00244	0.00763
48	0.02236	0.00848	0.01157	0.00887	0.01272	0.00733	0.00733	0.02429	0.01427	0.79719	0.01966	0.01697	0.01234	0.00617	0.00501	0.00154	0.00424	0.00501	0.00617	0.00848
49	0.01091	0.01091	0.01527	0.01309	0.01309	0.01527	0.01091	0.01200	0.00763	0.01200	0.00654	0.01091	0.00654	0.00872	0.01636	0.00218	0.81570	0.00436	0.00218	0.00545
50	0.02099	0.00808	0.01084	0.00843	0.01200	0.00705	0.00692	0.02296	0.01387	0.71562	0.01931	0.01713	0.01238	0.00613	0.00485	0.00150	0.00404	0.00497	0.09483	0.00808
51	0.00712	0.00534	0.00801	0.00801	0.00890	0.00623	0.00623	0.00890	0.00801	0.01157	0.01335	0.01958	0.01246	0.03738	0.80507	0.00801	0.01335	0.00534	0.00267	0.00445
52	0.00705	0.00510	0.00666	0.00627	0.00745	0.00470	0.00470	0.00941	0.01411	0.01999	0.79110	0.03723	0.04703	0.01019	0.00588	0.00157	0.00235	0.00901	0.00549	0.00470
53	0.00725	0.00483	0.00544	0.00544	0.00544	0.00483	0.00302	0.00725	0.00725	0.00966	0.01571	0.03262	0.01812	0.82483	0.02537	0.00483	0.00483	0.00725	0.00302	0.00302
54	0.02236	0.00848	0.01157	0.00887	0.01272	0.00733	0.00733	0.02429	0.01427	0.79719	0.01966	0.01697	0.01234	0.00617	0.00501	0.00154	0.00424	0.00501	0.00617	0.00848
55	0.01680	0.01289	0.01375	0.01103	0.01464	0.01445	0.00895	0.53077	0.27328	0.02795	0.01470	0.01414	0.01069	0.00624	0.00501	0.00156	0.00498	0.00486	0.00501	0.00828
56	0.05560	0.00916	0.01092	0.00812	0.01227	0.00773	0.00660	0.07301	0.01246	0.26496	0.01242	0.01245	0.00894	0.00469	0.00418	0.00109	0.00401	0.00371	0.00413	0.48357
57	0.86003	0.00964	0.00733	0.00655	0.00964	0.01118	0.00540	0.01465	0.00848	0.02236	0.00694	0.00810	0.00540	0.00463	0.00308	0.00154	0.00386	0.00270	0.00308	0.00540
58	0.00939	0.00484	0.00486	0.00482	0.00604	0.00490	0.00363	0.01210	0.03550	0.01866	0.01639	0.01858	0.01285	0.00584	0.00354	0.00118	0.00238	0.00468	0.82509	0.00475
59	0.01234	0.01184	0.02023	0.03059	0.79373	0.01184	0.01530	0.01530	0.01135	0.01628	0.00938	0.01234	0.00790	0.00444	0.00493	0.00148	0.00592	0.00444	0.00247	0.00790
60	0.01205	0.01155	0.01972	0.10615	0.72038	0.01177	0.01516	0.01505	0.01122	0.01594	0.00933	0.01243	0.00777	0.00449	0.00494	0.00150	0.00599	0.00444	0.00244	0.00767
61	0.00866	0.00433	0.00649	0.00649	0.00649	0.00433	0.00433	0.00649	0.00649	0.00866	0.00866	0.01515	0.00866	0.01732	0.01948	0.85498	0.00433	0.00433	0.00216	0.00216
62	0.01333	0.82783	0.02612	0.00853	0.01279	0.01972	0.00853	0.01493	0.01013	0.01173	0.00693	0.00800	0.00640	0.00426	0.00320	0.00107	0.00533	0.00267	0.00213	0.00640
63	0.01240	0.01071	0.01127	0.01014	0.01296	0.01240	0.00789	0.02649	0.78473	0.02085	0.02029	0.01860	0.01522	0.00676	0.00507	0.00169	0.00394	0.00564	0.00507	0.00789
64	0.00929	0.00465	0.00465	0.00465	0.00581	0.00465	0.00348	0.01161	0.01045	0.01858	0.01626	0.01858	0.01278	0.00581	0.00348	0.00116	0.00232	0.00465	0.85250	0.00465
65	0.08443	0.00857	0.01125	0.00870	0.01250	0.00761	0.00718	0.02358	0.01384	0.73978	0.01872	0.01631	0.01182	0.00606	0.00487	0.00154	0.00421	0.00484	0.00594	0.00825
