[name]
unknown

[dist]
# distance from previous block
# <min> <max>
4	51

[block]
# block no. 0 follows, 53 sequences, length 25
# corresponding to MSA columns:
# 52-76
name=unknown_A
#
# <colnr> <probs for GDERKNQSTAVLIFYWHMCP>
#	G	D	E	R	K	N	Q	S	T	A	V	L	I	F	Y	W	H	M	C	P
0	0.11260	0.01018	0.03718	0.14546	0.10403	0.03924	0.10299	0.03254	0.12147	0.03050	0.08063	0.05966	0.01272	0.00593	0.00498	0.00152	0.02576	0.00518	0.02684	0.04059
1	0.07534	0.01193	0.12978	0.02604	0.01496	0.06888	0.17598	0.05497	0.03484	0.01566	0.05608	0.08903	0.03343	0.04473	0.06647	0.00216	0.00618	0.05074	0.01792	0.02488
2	0.04431	0.03322	0.01822	0.05252	0.12269	0.09419	0.30536	0.04247	0.01097	0.01492	0.02265	0.02525	0.00895	0.03751	0.02698	0.05747	0.00651	0.00489	0.06513	0.00577
3	0.01087	0.30882	0.15996	0.00970	0.03350	0.09602	0.00920	0.01333	0.01123	0.01443	0.23740	0.01656	0.01748	0.00607	0.00473	0.00132	0.03591	0.00466	0.00303	0.00577
4	0.04369	0.16676	0.01315	0.00919	0.01143	0.28434	0.00733	0.04281	0.01105	0.05757	0.01003	0.01324	0.00881	0.09255	0.09817	0.00233	0.04584	0.00390	0.07244	0.00536
5	0.01134	0.00973	0.01150	0.03996	0.10216	0.04050	0.00744	0.06720	0.08509	0.03432	0.01026	0.01187	0.00831	0.02618	0.00454	0.00111	0.00425	0.00358	0.01616	0.50452
6	0.01392	0.11811	0.04255	0.01709	0.26565	0.26366	0.04067	0.07393	0.04193	0.01492	0.00978	0.03920	0.00851	0.00523	0.00452	0.00137	0.00643	0.02326	0.00274	0.00653
7	0.00608	0.00451	0.00571	0.00660	0.00715	0.00424	0.00453	0.00747	0.03958	0.01263	0.02875	0.68571	0.12470	0.01426	0.00601	0.00189	0.00280	0.02889	0.00445	0.00405
8	0.01207	0.00917	0.01131	0.00955	0.01222	0.00969	0.07478	0.15013	0.29493	0.08961	0.02183	0.12447	0.11992	0.00791	0.00513	0.00160	0.00408	0.00684	0.02814	0.00658
9	0.09081	0.08407	0.05647	0.00926	0.01185	0.15340	0.02517	0.08448	0.11982	0.06440	0.01314	0.08951	0.01187	0.11481	0.04867	0.00219	0.00567	0.00518	0.00344	0.00578
10	0.00581	0.00485	0.00506	0.00501	0.00655	0.00410	0.00376	0.00717	0.01127	0.01380	0.15485	0.04454	0.69329	0.01177	0.00565	0.00160	0.00240	0.00988	0.00456	0.00410
11	0.00627	0.00480	0.00584	0.00637	0.00744	0.00437	0.00487	0.00770	0.01067	0.01363	0.11001	0.27377	0.32999	0.01296	0.00599	0.00183	0.00295	0.18193	0.00451	0.00412
12	0.01316	0.09558	0.08866	0.04592	0.11803	0.13489	0.00980	0.18568	0.06655	0.03521	0.02943	0.13144	0.01204	0.00660	0.00473	0.00146	0.00548	0.00540	0.00346	0.00650
13	0.01108	0.07612	0.09639	0.01566	0.22248	0.04543	0.10168	0.02837	0.11110	0.02641	0.01153	0.01620	0.01021	0.17822	0.00904	0.00213	0.02404	0.00488	0.00284	0.00617
14	0.00588	0.00447	0.00542	0.00598	0.00680	0.00401	0.00418	0.00701	0.01026	0.01329	0.12807	0.47223	0.28838	0.01339	0.00589	0.00178	0.00259	0.01182	0.00454	0.00401
15	0.01318	0.01535	0.02197	0.01865	0.12535	0.24080	0.41084	0.01606	0.01162	0.01408	0.00871	0.01137	0.00692	0.00459	0.00578	0.00151	0.05991	0.00463	0.00240	0.00626
16	0.08579	0.07943	0.22040	0.09282	0.01566	0.01066	0.01049	0.01533	0.10601	0.09167	0.05326	0.04763	0.01159	0.00738	0.03662	0.00181	0.07640	0.02765	0.00321	0.00620
17	0.01270	0.30367	0.22473	0.01485	0.19495	0.04880	0.01221	0.08268	0.01149	0.04011	0.00852	0.00989	0.00680	0.00448	0.00409	0.00130	0.00588	0.00344	0.00249	0.00692
18	0.00733	0.00567	0.00777	0.00753	0.00797	0.00666	0.00556	0.00836	0.00746	0.01062	0.01320	0.05665	0.01373	0.28317	0.41762	0.00569	0.12243	0.00594	0.00268	0.00395
19	0.34250	0.01044	0.09044	0.05807	0.01307	0.00950	0.00774	0.05032	0.04533	0.27304	0.01349	0.01332	0.04283	0.00543	0.00411	0.00150	0.00434	0.00403	0.00399	0.00651
20	0.14282	0.14282	0.06041	0.01083	0.05990	0.12854	0.00880	0.11402	0.09206	0.14063	0.01080	0.01119	0.00808	0.00524	0.00468	0.00141	0.04383	0.00373	0.00350	0.00671
21	0.00930	0.00677	0.00915	0.07912	0.01157	0.00755	0.00689	0.12954	0.01088	0.04916	0.04908	0.04504	0.05936	0.02398	0.47417	0.00511	0.00931	0.00562	0.00330	0.00511
22	0.01130	0.01086	0.01824	0.14378	0.62037	0.01154	0.01410	0.01403	0.01038	0.01476	0.00868	0.01184	0.00728	0.00469	0.00570	0.00150	0.07736	0.00425	0.00231	0.00703
23	0.00684	0.00509	0.00751	0.00751	0.00831	0.00588	0.00576	0.00843	0.00763	0.01097	0.01296	0.01963	0.01232	0.09016	0.75928	0.00747	0.01225	0.00525	0.00258	0.00417
24	0.01396	0.01172	0.01271	0.01191	0.08237	0.03983	0.00870	0.25103	0.46882	0.02235	0.01575	0.01510	0.01176	0.00601	0.00481	0.00153	0.00455	0.00490	0.00454	0.00767

[dist]
# distance from previous block
# <min> <max>
0	1

[block]
# block no. 1 follows, 53 sequences, length 14
# corresponding to MSA columns:
# 78-91
name=unknown_B
#
# <colnr> <probs for GDERKNQSTAVLIFYWHMCP>
#	G	D	E	R	K	N	Q	S	T	A	V	L	I	F	Y	W	H	M	C	P
0	0.00683	0.00512	0.00768	0.00768	0.00853	0.00597	0.00597	0.00853	0.00768	0.01110	0.01280	0.01878	0.01195	0.03585	0.81308	0.00768	0.01280	0.00512	0.00256	0.00427
1	0.00903	0.00850	0.01434	0.82054	0.03292	0.01062	0.01327	0.01221	0.00956	0.01221	0.00850	0.01274	0.00637	0.00478	0.00478	0.00159	0.00637	0.00425	0.00212	0.00531
2	0.00995	0.00546	0.00557	0.00519	0.00661	0.00562	0.00399	0.09845	0.01143	0.01921	0.01513	0.01710	0.01179	0.00559	0.00350	0.00115	0.00257	0.00444	0.76238	0.00487
3	0.01996	0.00781	0.01062	0.00825	0.01169	0.00677	0.00677	0.02185	0.01366	0.72586	0.09796	0.01824	0.01520	0.00631	0.00489	0.00148	0.00388	0.00520	0.00585	0.00777
4	0.13294	0.00861	0.00969	0.00811	0.01077	0.00887	0.00646	0.23791	0.01452	0.21398	0.10395	0.14232	0.01668	0.00748	0.00475	0.00152	0.00385	0.00613	0.05502	0.00644
5	0.01153	0.01105	0.01885	0.11488	0.71903	0.01128	0.01452	0.01440	0.01074	0.01525	0.00894	0.01193	0.00744	0.00431	0.00474	0.00144	0.00575	0.00426	0.00234	0.00733
6	0.00682	0.00507	0.00591	0.00621	0.00688	0.00499	0.00414	0.00879	0.08837	0.01249	0.06203	0.33745	0.13971	0.27544	0.01173	0.00270	0.00340	0.00988	0.00403	0.00399
7	0.00880	0.00739	0.01052	0.00964	0.05312	0.00758	0.08492	0.09355	0.01221	0.01662	0.26098	0.06077	0.17155	0.05880	0.05231	0.00212	0.07254	0.00744	0.00402	0.00510
8	0.01824	0.02841	0.01438	0.01137	0.04360	0.05354	0.09552	0.17254	0.07033	0.41832	0.01516	0.01429	0.01019	0.00555	0.00483	0.00147	0.00506	0.00468	0.00482	0.00770
9	0.00586	0.00430	0.00552	0.00648	0.00696	0.00396	0.00443	0.00679	0.00945	0.01237	0.02933	0.69690	0.13653	0.01452	0.00606	0.00190	0.00278	0.03752	0.00444	0.00392
10	0.01118	0.01201	0.02434	0.10915	0.23422	0.01173	0.49493	0.01480	0.01099	0.01506	0.00936	0.01259	0.00724	0.00417	0.00530	0.00156	0.00724	0.00512	0.00237	0.00662
11	0.01135	0.01122	0.01642	0.05867	0.57515	0.08107	0.01237	0.01374	0.01085	0.01450	0.01315	0.01610	0.08823	0.04997	0.00585	0.00160	0.00558	0.00489	0.00260	0.00668
12	0.01027	0.00584	0.00759	0.09436	0.01065	0.00554	0.00560	0.01175	0.01067	0.20524	0.04921	0.19932	0.20296	0.09297	0.00718	0.00192	0.00353	0.00818	0.06215	0.00506
13	0.00656	0.00490	0.00577	0.00638	0.00673	0.02805	0.00418	0.00731	0.00910	0.01204	0.09261	0.52315	0.02833	0.22924	0.01080	0.00259	0.00339	0.01108	0.00405	0.00373

[dist]
# distance from previous block
# <min> <max>
0	11

[block]
# block no. 2 follows, 53 sequences, length 20
# corresponding to MSA columns:
# 103-122
name=unknown_C
#
# <colnr> <probs for GDERKNQSTAVLIFYWHMCP>
#	G	D	E	R	K	N	Q	S	T	A	V	L	I	F	Y	W	H	M	C	P
0	0.00938	0.00773	0.00957	0.00860	0.00934	0.02868	0.00654	0.09749	0.00937	0.01306	0.03795	0.02012	0.01275	0.28083	0.21012	0.00415	0.22144	0.00544	0.00289	0.00455
1	0.01219	0.01013	0.01075	0.00960	0.01233	0.01160	0.00749	0.04025	0.73379	0.04641	0.01994	0.01830	0.03248	0.00658	0.00488	0.00161	0.00379	0.00547	0.00489	0.00751
2	0.13375	0.01141	0.01083	0.00912	0.01162	0.11592	0.00720	0.31576	0.01453	0.04425	0.01110	0.01399	0.00916	0.09653	0.09867	0.00247	0.03075	0.00430	0.05257	0.00608
3	0.01124	0.03526	0.01198	0.01342	0.20231	0.15617	0.01921	0.03669	0.03000	0.01464	0.01139	0.01435	0.00960	0.01281	0.21023	0.00291	0.00723	0.00430	0.19064	0.00563
4	0.00578	0.00487	0.00503	0.00506	0.00663	0.00412	0.00384	0.00708	0.01102	0.01326	0.08263	0.04584	0.73347	0.01204	0.00569	0.00163	0.00249	0.04097	0.00448	0.00407
5	0.01087	0.00913	0.01061	0.00775	0.01177	0.00767	0.00625	0.10003	0.01123	0.01706	0.00874	0.01011	0.00717	0.00399	0.00418	0.00085	0.03712	0.00305	0.00302	0.72940
6	0.00687	0.00493	0.00674	0.00674	0.00726	0.00546	0.00480	0.00793	0.00740	0.01040	0.01367	0.02356	0.01402	0.34035	0.51142	0.00652	0.00968	0.00582	0.00269	0.00374
7	0.01082	0.04396	0.13058	0.19860	0.39323	0.01165	0.07711	0.01409	0.01031	0.01442	0.00867	0.01165	0.00695	0.00457	0.00523	0.00150	0.04346	0.00420	0.00224	0.00675
8	0.00753	0.00546	0.00693	0.00734	0.00824	0.00546	0.00543	0.04920	0.07459	0.01498	0.14703	0.42997	0.02926	0.01279	0.00662	0.04865	0.00323	0.12832	0.00449	0.00448
9	0.00815	0.00520	0.00666	0.00614	0.00758	0.00470	0.00466	0.01018	0.01308	0.10149	0.59626	0.05703	0.14090	0.00982	0.00556	0.00153	0.00248	0.00857	0.00520	0.00481
10	0.00778	0.00635	0.00962	0.00885	0.00982	0.00675	0.09361	0.00936	0.00970	0.01381	0.10744	0.33989	0.02337	0.05552	0.00821	0.00195	0.13056	0.05840	0.09453	0.00449
11	0.01939	0.01036	0.01234	0.00958	0.01324	0.01046	0.00787	0.32129	0.08067	0.43884	0.01602	0.01452	0.01061	0.00589	0.00480	0.00147	0.00451	0.00466	0.00539	0.00809
12	0.00579	0.00477	0.00509	0.00517	0.00658	0.00407	0.00382	0.00707	0.01098	0.01351	0.12717	0.13339	0.63171	0.01218	0.00570	0.00164	0.00244	0.01033	0.00453	0.00407
13	0.00629	0.00462	0.00599	0.00683	0.00756	0.00432	0.00507	0.00759	0.01012	0.01323	0.07678	0.47623	0.15344	0.01379	0.00612	0.00192	0.00306	0.18849	0.00448	0.00407
14	0.06763	0.22388	0.25339	0.01221	0.01672	0.13774	0.10978	0.05502	0.01104	0.01463	0.00795	0.00955	0.00630	0.00469	0.00479	0.00138	0.05109	0.00350	0.00235	0.00635
15	0.00968	0.00918	0.01546	0.62377	0.20133	0.01090	0.01350	0.01273	0.00978	0.01294	0.00854	0.01248	0.00663	0.00477	0.00508	0.00157	0.02944	0.00425	0.00218	0.00580
16	0.01005	0.00985	0.01385	0.01200	0.01209	0.01366	0.00995	0.01117	0.00736	0.01146	0.00701	0.01140	0.00692	0.01147	0.10583	0.00272	0.73166	0.00429	0.00214	0.00512
17	0.24405	0.01229	0.01633	0.08265	0.22780	0.11596	0.16121	0.01483	0.01026	0.01613	0.00809	0.01052	0.00651	0.00461	0.00496	0.00150	0.04976	0.00392	0.00251	0.00613
18	0.00881	0.00581	0.00708	0.00713	0.00851	0.00558	0.00538	0.05747	0.05233	0.09814	0.02861	0.34660	0.19459	0.03831	0.00637	0.00189	0.00332	0.11461	0.00458	0.00486
19	0.14154	0.01289	0.05994	0.04289	0.01354	0.19751	0.04890	0.08977	0.01154	0.01594	0.01187	0.16616	0.01155	0.00695	0.00517	0.00149	0.04944	0.01802	0.00315	0.09176

[dist]
# distance from previous block
# <min> <max>
0	9

[block]
# block no. 3 follows, 53 sequences, length 28
# corresponding to MSA columns:
# 132-159
name=unknown_D
#
# <colnr> <probs for GDERKNQSTAVLIFYWHMCP>
#	G	D	E	R	K	N	Q	S	T	A	V	L	I	F	Y	W	H	M	C	P
0	0.00840	0.00845	0.07045	0.00890	0.01171	0.00644	0.10353	0.01039	0.00958	0.01380	0.01535	0.29353	0.01634	0.07921	0.00655	0.00164	0.00420	0.00729	0.00328	0.32096
1	0.01197	0.00931	0.01264	0.01084	0.01342	0.00972	0.10535	0.29914	0.01549	0.02067	0.07470	0.03167	0.01905	0.00903	0.00573	0.00179	0.00502	0.33406	0.00436	0.00605
2	0.00622	0.00486	0.00563	0.00544	0.00680	0.00428	0.00408	0.00796	0.01224	0.01610	0.43082	0.04076	0.41589	0.01092	0.00564	0.00156	0.00234	0.00935	0.00486	0.00428
3	0.01132	0.01004	0.01408	0.06510	0.30503	0.00946	0.00983	0.07229	0.06185	0.01677	0.00961	0.01142	0.00778	0.00424	0.00423	0.00114	0.00465	0.00372	0.00290	0.37456
4	0.00991	0.00850	0.00991	0.00708	0.01133	0.00637	0.00566	0.01203	0.00991	0.01557	0.00850	0.00991	0.00708	0.00354	0.00354	0.00071	0.00354	0.00283	0.00283	0.86124
5	0.06263	0.00795	0.00931	0.10918	0.01206	0.00853	0.00631	0.20730	0.01206	0.08933	0.01447	0.02171	0.04286	0.36111	0.01311	0.00284	0.00482	0.00560	0.00362	0.00519
6	0.01088	0.01400	0.12462	0.01855	0.02353	0.01156	0.64317	0.01495	0.01103	0.01521	0.00994	0.03424	0.00775	0.00437	0.00545	0.00158	0.00765	0.00550	0.00243	0.03359
7	0.00582	0.00416	0.00555	0.00666	0.00693	0.00388	0.00444	0.00666	0.00915	0.01220	0.02634	0.82891	0.03161	0.01497	0.00610	0.00194	0.00277	0.01359	0.00444	0.00388
8	0.01158	0.00968	0.01034	0.00936	0.01191	0.01105	0.00725	0.02368	0.70263	0.03873	0.03692	0.05890	0.03252	0.00708	0.00496	0.00163	0.00368	0.00596	0.00487	0.00726
9	0.05938	0.09479	0.01406	0.01000	0.01358	0.05970	0.00829	0.41251	0.10688	0.15415	0.01265	0.01227	0.00902	0.00558	0.00451	0.00141	0.00500	0.00418	0.00448	0.00757
10	0.00667	0.00469	0.00576	0.00597	0.00685	0.00428	0.00418	0.00792	0.01065	0.03914	0.24444	0.31703	0.20438	0.10624	0.00792	0.00204	0.00281	0.01040	0.00454	0.00411
11	0.00600	0.00462	0.00548	0.00576	0.00680	0.00411	0.00413	0.00735	0.01099	0.01430	0.23611	0.30846	0.34379	0.01247	0.00580	0.00170	0.00250	0.01090	0.00465	0.00411
12	0.01142	0.01082	0.01460	0.01235	0.01283	0.01466	0.01029	0.10857	0.00922	0.01384	0.00693	0.01058	0.00651	0.00804	0.01432	0.00201	0.72079	0.00420	0.00243	0.00559
13	0.01278	0.83490	0.02505	0.00818	0.01227	0.01891	0.00818	0.01431	0.00971	0.01125	0.00664	0.00767	0.00613	0.00409	0.00307	0.00102	0.00511	0.00256	0.00204	0.00613
14	0.00603	0.00478	0.00542	0.00543	0.00673	0.00417	0.00401	0.00753	0.01155	0.01485	0.28895	0.13239	0.46785	0.01168	0.00570	0.00162	0.00241	0.01002	0.00470	0.00417
15	0.00687	0.00497	0.00694	0.00694	0.00753	0.00557	0.00504	0.00806	0.00746	0.01054	0.01348	0.02255	0.01359	0.27639	0.57479	0.00676	0.01033	0.00567	0.00266	0.00385
16	0.00702	0.00491	0.00605	0.00599	0.00619	0.00523	0.00383	0.00745	0.00713	0.00976	0.01429	0.02778	0.01580	0.62347	0.20771	0.00527	0.02960	0.00645	0.00280	0.00328
17	0.02144	0.00813	0.01109	0.00850	0.01220	0.00702	0.00702	0.02329	0.01368	0.80552	0.01886	0.01627	0.01183	0.00592	0.00481	0.00148	0.00407	0.00481	0.00592	0.00813
18	0.01422	0.00793	0.00847	0.00738	0.00969	0.06541	0.00587	0.04032	0.09042	0.27943	0.01697	0.01878	0.01276	0.00623	0.00431	0.00137	0.00369	0.05405	0.34653	0.00617
19	0.03475	0.10858	0.48090	0.01159	0.01715	0.01148	0.01343	0.01755	0.11698	0.12600	0.01123	0.01168	0.00801	0.00495	0.00442	0.00147	0.00590	0.00383	0.00298	0.00713
20	0.01113	0.01062	0.01767	0.21782	0.48331	0.01128	0.05559	0.01534	0.10028	0.01528	0.01011	0.01280	0.00807	0.00463	0.00481	0.00150	0.00576	0.00446	0.00260	0.00696
21	0.00941	0.00528	0.00718	0.00755	0.00871	0.00490	0.00575	0.01078	0.01051	0.17194	0.02459	0.47848	0.02665	0.01273	0.00596	0.00191	0.00343	0.19466	0.00473	0.00486
22	0.80349	0.00940	0.00793	0.00797	0.06709	0.01077	0.00587	0.01410	0.00833	0.02102	0.00683	0.00806	0.00535	0.00442	0.00309	0.00147	0.00384	0.00271	0.00291	0.00535
23	0.00852	0.00716	0.00978	0.00898	0.00942	0.00905	0.00707	0.00976	0.00790	0.01202	0.01193	0.09779	0.01208	0.09823	0.21928	0.00364	0.34527	0.00566	0.09834	0.01813
24	0.00693	0.00473	0.00571	0.00571	0.00588	0.00490	0.00351	0.00727	0.00710	0.00963	0.01461	0.02877	0.01629	0.67222	0.18265	0.00525	0.00627	0.00658	0.00283	0.00317
25	0.01428	0.26268	0.06734	0.00982	0.01334	0.16882	0.02178	0.09254	0.12681	0.09636	0.01371	0.01373	0.06807	0.00558	0.00425	0.00132	0.00548	0.00416	0.00339	0.00653
26	0.01164	0.20287	0.28227	0.02799	0.19418	0.04327	0.10635	0.01539	0.02852	0.03180	0.00879	0.01057	0.00689	0.00441	0.00439	0.00139	0.00634	0.00379	0.00232	0.00684
27	0.01088	0.08035	0.07766	0.00924	0.02109	0.09971	0.00761	0.12987	0.05876	0.02542	0.02865	0.26584	0.05452	0.05749	0.00663	0.00179	0.03702	0.01826	0.00371	0.00551

[dist]
# distance from previous block
# <min> <max>
1	2

[block]
# block no. 4 follows, 53 sequences, length 43
# corresponding to MSA columns:
# 162-204
name=unknown_E
#
# <colnr> <probs for GDERKNQSTAVLIFYWHMCP>
#	G	D	E	R	K	N	Q	S	T	A	V	L	I	F	Y	W	H	M	C	P
0	0.03701	0.11499	0.01497	0.12562	0.01660	0.14609	0.05060	0.20163	0.11828	0.01814	0.01063	0.02232	0.00833	0.00517	0.00439	0.00135	0.00565	0.00405	0.01710	0.07709
1	0.00781	0.00602	0.00766	0.00679	0.00844	0.00571	0.00499	0.00916	0.00816	0.01195	0.01212	0.01964	0.01201	0.25473	0.33674	0.00466	0.00760	0.00494	0.00274	0.26814
2	0.02684	0.14822	0.01850	0.15154	0.02885	0.19185	0.18020	0.10641	0.05551	0.01546	0.00929	0.01118	0.00726	0.00475	0.00453	0.00139	0.00663	0.00407	0.02133	0.00621
3	0.00725	0.00503	0.00670	0.07251	0.00946	0.00476	0.00526	0.00851	0.00996	0.06465	0.06718	0.54216	0.12784	0.01257	0.00575	0.00178	0.00310	0.01122	0.00434	0.02997
4	0.01112	0.30763	0.44493	0.01254	0.04931	0.01400	0.04578	0.03790	0.01041	0.01425	0.00805	0.00947	0.00626	0.00439	0.00408	0.00134	0.00631	0.00333	0.00214	0.00676
5	0.01535	0.01144	0.05398	0.11391	0.05910	0.07589	0.00935	0.10439	0.20228	0.25650	0.01505	0.01561	0.01087	0.00586	0.00481	0.00152	0.00505	0.02747	0.00433	0.00723
6	0.01762	0.00773	0.00999	0.00810	0.01113	0.02220	0.00655	0.03082	0.02536	0.57935	0.10668	0.06434	0.05294	0.00730	0.00505	0.00153	0.00383	0.02677	0.00556	0.00716
7	0.01181	0.00939	0.01009	0.00872	0.01129	0.01032	0.00687	0.20666	0.36864	0.02142	0.13711	0.02236	0.11291	0.00744	0.00501	0.00154	0.00370	0.00616	0.03184	0.00672
8	0.18139	0.01143	0.02911	0.00952	0.01313	0.04909	0.02283	0.29378	0.03818	0.28513	0.01295	0.01241	0.00883	0.00547	0.00443	0.00146	0.00477	0.00412	0.00460	0.00737
9	0.00638	0.00501	0.00584	0.00620	0.00727	0.00468	0.00445	0.00855	0.07388	0.01386	0.11506	0.37762	0.31614	0.01265	0.00579	0.00175	0.00270	0.02330	0.00456	0.00431
10	0.00586	0.00419	0.00558	0.00663	0.00694	0.00390	0.00444	0.00674	0.00931	0.01245	0.05419	0.80035	0.03210	0.01479	0.00608	0.00193	0.00275	0.01341	0.00447	0.00390
11	0.02026	0.00852	0.01109	0.00860	0.01217	0.00779	0.00707	0.08780	0.04708	0.67470	0.01812	0.01599	0.01165	0.00591	0.00475	0.00147	0.00408	0.00477	0.04022	0.00796
12	0.20922	0.01783	0.01189	0.01061	0.01332	0.49440	0.00816	0.08149	0.08261	0.01616	0.00863	0.00948	0.00685	0.00502	0.00409	0.00134	0.00680	0.00328	0.00298	0.00585
13	0.00675	0.00455	0.00527	0.00547	0.00552	0.00450	0.00317	0.00690	0.00734	0.00979	0.01706	0.17293	0.01990	0.68692	0.02109	0.00416	0.00430	0.00813	0.00317	0.00307
14	0.00665	0.00451	0.00530	0.00560	0.00568	0.00443	0.00331	0.00687	0.00755	0.01006	0.01811	0.24697	0.02123	0.61108	0.01940	0.00391	0.00413	0.00875	0.00331	0.00316
15	0.00814	0.00415	0.00618	0.00625	0.00627	0.00413	0.00417	0.00625	0.00642	0.00856	0.00948	0.06780	0.00983	0.01650	0.01786	0.80475	0.00406	0.00477	0.00223	0.00219
16	0.01874	0.03805	0.01316	0.01111	0.01400	0.54538	0.00859	0.04241	0.01375	0.23398	0.01069	0.01082	0.00780	0.00521	0.00443	0.00130	0.00717	0.00358	0.00348	0.00635
17	0.00635	0.00482	0.00585	0.00570	0.00691	0.00432	0.00423	0.00818	0.01240	0.01674	0.51233	0.09619	0.27680	0.01087	0.00567	0.00157	0.00234	0.00945	0.00495	0.00432
18	0.00690	0.00482	0.00617	0.00617	0.00650	0.00515	0.00409	0.00756	0.00723	0.00997	0.01419	0.02644	0.01528	0.52392	0.32956	0.00581	0.00779	0.00624	0.00277	0.00343
19	0.01278	0.83490	0.02505	0.00818	0.01227	0.01891	0.00818	0.01431	0.00971	0.01125	0.00664	0.00767	0.00613	0.00409	0.00307	0.00102	0.00511	0.00256	0.00204	0.00613
20	0.01113	0.00926	0.01120	0.00817	0.01233	0.00775	0.03845	0.09486	0.04432	0.03156	0.00951	0.01065	0.00760	0.00396	0.00384	0.00087	0.00393	0.00325	0.00316	0.68420
21	0.01226	0.01307	0.01973	0.06158	0.38604	0.12526	0.18535	0.01494	0.01086	0.01434	0.00857	0.01149	0.00709	0.00481	0.00618	0.00152	0.10352	0.00439	0.00235	0.00664
22	0.00903	0.00850	0.01434	0.82054	0.03292	0.01062	0.01327	0.01221	0.00956	0.01221	0.00850	0.01274	0.00637	0.00478	0.00478	0.00159	0.00637	0.00425	0.00212	0.00531
23	0.01056	0.00877	0.01281	0.35836	0.02113	0.01002	0.07296	0.07033	0.16994	0.02972	0.03605	0.01529	0.01047	0.00543	0.00465	0.00150	0.00505	0.00478	0.14621	0.00594
24	0.01146	0.01182	0.01567	0.05531	0.01561	0.09400	0.12523	0.01541	0.15442	0.01376	0.00987	0.01308	0.00842	0.00694	0.01026	0.00182	0.40693	0.02139	0.00274	0.00586
25	0.01589	0.01356	0.01278	0.01008	0.01368	0.16329	0.00808	0.40255	0.01703	0.04996	0.01050	0.02704	0.00809	0.00522	0.00441	0.00122	0.00537	0.00390	0.00388	0.22348
26	0.00595	0.00475	0.00535	0.00549	0.00676	0.00414	0.00404	0.00733	0.01113	0.01410	0.19840	0.18140	0.49323	0.01215	0.00575	0.00166	0.00249	0.02715	0.00461	0.00411
27	0.01776	0.01318	0.01411	0.01091	0.01467	0.01463	0.00899	0.73650	0.07291	0.02946	0.01200	0.01189	0.00855	0.00579	0.00479	0.00145	0.00516	0.00438	0.00479	0.00809
28	0.05144	0.00482	0.00605	0.00645	0.00731	0.00458	0.00464	0.00825	0.01078	0.02852	0.28039	0.43825	0.07417	0.01234	0.00576	0.00176	0.00272	0.04287	0.00465	0.00426
29	0.00654	0.00480	0.00625	0.00719	0.00779	0.00469	0.00519	0.00844	0.06081	0.01308	0.02613	0.62848	0.04408	0.01406	0.00610	0.00196	0.00311	0.14263	0.00446	0.00421
30	0.00959	0.02472	0.80726	0.01362	0.02069	0.01110	0.01766	0.01514	0.01009	0.01514	0.00858	0.01009	0.00605	0.00454	0.00454	0.00151	0.00706	0.00353	0.00202	0.00706
31	0.00587	0.00452	0.00519	0.00568	0.00653	0.00403	0.00391	0.00678	0.00970	0.01221	0.03506	0.39088	0.37597	0.10149	0.00786	0.00208	0.00281	0.01130	0.00427	0.00384
32	0.01089	0.01055	0.01826	0.26981	0.48853	0.01129	0.06447	0.01385	0.01038	0.01441	0.00879	0.01213	0.00714	0.00455	0.00519	0.00151	0.03490	0.00434	0.00229	0.00672
33	0.00785	0.00826	0.05446	0.01066	0.01322	0.00698	0.24568	0.01027	0.01103	0.01459	0.13834	0.18092	0.23351	0.00946	0.00570	0.00167	0.00451	0.03408	0.00381	0.00499
34	0.01268	0.00927	0.01035	0.00934	0.01194	0.01026	0.00737	0.02293	0.57538	0.13587	0.02017	0.05446	0.01604	0.00735	0.00506	0.00166	0.00384	0.07384	0.00496	0.00721
35	0.00702	0.00488	0.00582	0.00608	0.00640	0.00488	0.00395	0.00805	0.04065	0.01114	0.04612	0.18061	0.02196	0.52987	0.01759	0.00364	0.00415	0.09018	0.00351	0.00349
36	0.00579	0.00427	0.00543	0.00635	0.00685	0.00391	0.00430	0.00669	0.00944	0.01232	0.03002	0.69848	0.15966	0.01450	0.00603	0.00189	0.00271	0.01300	0.00444	0.00391
37	0.00590	0.00430	0.00557	0.00650	0.00697	0.00397	0.00445	0.00687	0.00957	0.01262	0.05993	0.69054	0.11465	0.01440	0.00605	0.00190	0.00276	0.03466	0.00447	0.00394
38	0.00587	0.00418	0.00553	0.00659	0.00685	0.00392	0.00437	0.00667	0.00905	0.01207	0.02583	0.79239	0.03096	0.05238	0.00694	0.00206	0.00286	0.01328	0.00437	0.00384
39	0.00962	0.00514	0.00522	0.00496	0.00628	0.00525	0.00378	0.07077	0.01098	0.01877	0.01528	0.01733	0.01193	0.00558	0.00345	0.00114	0.00246	0.00444	0.79288	0.00474
40	0.01187	0.19643	0.25301	0.01863	0.33426	0.04975	0.01368	0.04216	0.01092	0.01485	0.00837	0.01024	0.00676	0.00439	0.00429	0.00135	0.00608	0.00362	0.00228	0.00703
41	0.00844	0.00714	0.00933	0.00898	0.00957	0.00852	0.00684	0.05035	0.07313	0.01368	0.03364	0.44602	0.02125	0.01161	0.00896	0.00193	0.26264	0.00937	0.00376	0.00484
42	0.01162	0.09710	0.01162	0.00855	0.01102	0.05082	0.02789	0.06798	0.05119	0.12942	0.01500	0.01714	0.06723	0.02838	0.28580	0.00357	0.02035	0.00482	0.00342	0.08708

[dist]
# distance from previous block
# <min> <max>
0	3

[block]
# block no. 5 follows, 53 sequences, length 17
# corresponding to MSA columns:
# 208-224
name=unknown_F
#
# <colnr> <probs for GDERKNQSTAVLIFYWHMCP>
#	G	D	E	R	K	N	Q	S	T	A	V	L	I	F	Y	W	H	M	C	P
0	0.09266	0.01143	0.01164	0.00942	0.01269	0.06142	0.00760	0.31156	0.15293	0.09208	0.01460	0.01438	0.05682	0.00591	0.00477	0.00140	0.02397	0.00448	0.00428	0.10596
1	0.01307	0.01108	0.01134	0.00967	0.01158	0.10368	0.00750	0.30498	0.04636	0.01850	0.01236	0.06716	0.01149	0.17432	0.06150	0.00258	0.11802	0.00536	0.00361	0.00585
2	0.06803	0.27754	0.23954	0.03337	0.01431	0.01281	0.01042	0.01386	0.02809	0.05041	0.01037	0.09575	0.00951	0.02926	0.00581	0.00155	0.08620	0.00449	0.00263	0.00602
3	0.01182	0.14216	0.05438	0.01491	0.01820	0.10599	0.34085	0.01442	0.01029	0.01329	0.00875	0.04115	0.00759	0.00553	0.00729	0.00159	0.18874	0.00474	0.00235	0.00595
4	0.00676	0.00466	0.00630	0.00693	0.00751	0.00458	0.00511	0.00763	0.00914	0.01215	0.05596	0.32923	0.07460	0.07012	0.10235	0.11658	0.00453	0.16827	0.00383	0.00377
5	0.00816	0.00607	0.00694	0.00627	0.00800	0.00575	0.00483	0.11144	0.01369	0.03544	0.38452	0.03609	0.33461	0.01006	0.00551	0.00154	0.00276	0.00855	0.00489	0.00488
6	0.15913	0.08824	0.08604	0.00930	0.06206	0.00891	0.00744	0.05629	0.03214	0.06215	0.04533	0.15163	0.01364	0.00875	0.00672	0.13586	0.00427	0.02758	0.00332	0.03119
7	0.01165	0.28096	0.42798	0.01172	0.01721	0.01384	0.03850	0.06476	0.01084	0.04198	0.00846	0.00972	0.00646	0.00463	0.00449	0.00137	0.03287	0.00340	0.00235	0.00679
8	0.00877	0.00747	0.00936	0.00846	0.00884	0.00918	0.00629	0.01078	0.09825	0.01151	0.01380	0.02262	0.04834	0.39210	0.01801	0.00320	0.30991	0.00588	0.00289	0.00436
9	0.00690	0.00485	0.00628	0.00628	0.00666	0.00522	0.00423	0.00764	0.00727	0.01006	0.01408	0.02585	0.01502	0.48635	0.36678	0.00596	0.00818	0.00616	0.00275	0.00349
10	0.14489	0.06516	0.06565	0.12470	0.15708	0.12963	0.04334	0.09809	0.01192	0.04663	0.01139	0.01288	0.05855	0.00519	0.00439	0.00143	0.00574	0.00413	0.00293	0.00627
11	0.00766	0.00474	0.00615	0.00669	0.00756	0.00431	0.00472	0.00869	0.00995	0.10410	0.02827	0.61438	0.12753	0.01351	0.00591	0.00185	0.00292	0.03203	0.00461	0.00441
12	0.00940	0.00618	0.00759	0.00744	0.00883	0.00615	0.00546	0.06235	0.11847	0.10720	0.14130	0.43512	0.04259	0.01132	0.00562	0.00174	0.00314	0.01003	0.00481	0.00525
13	0.01554	0.01057	0.01361	0.01303	0.13647	0.01150	0.00924	0.29400	0.01526	0.19285	0.06854	0.01434	0.01132	0.00626	0.00657	0.00154	0.13789	0.00470	0.02957	0.00720
14	0.01348	0.62993	0.05901	0.00913	0.01311	0.06439	0.00885	0.10383	0.01136	0.01364	0.00733	0.00836	0.00637	0.00448	0.00379	0.00114	0.03021	0.00288	0.00239	0.00635
15	0.03110	0.00935	0.01295	0.06097	0.13707	0.01036	0.00910	0.04877	0.00996	0.09102	0.02333	0.01327	0.00880	0.06003	0.03244	0.00189	0.25752	0.00424	0.00292	0.17492
16	0.01388	0.01542	0.01687	0.07771	0.45518	0.31037	0.01254	0.01615	0.01178	0.01392	0.00836	0.01069	0.00696	0.00454	0.00458	0.00136	0.00682	0.00382	0.00239	0.00666

[dist]
# distance from previous block
# <min> <max>
0	2

[block]
# block no. 6 follows, 53 sequences, length 42
# corresponding to MSA columns:
# 227-268
name=unknown_G
#
# <colnr> <probs for GDERKNQSTAVLIFYWHMCP>
#	G	D	E	R	K	N	Q	S	T	A	V	L	I	F	Y	W	H	M	C	P
0	0.01038	0.01069	0.01594	0.15666	0.17377	0.10236	0.16635	0.01273	0.01037	0.01340	0.01286	0.20914	0.01285	0.00725	0.00596	0.00164	0.06251	0.00665	0.00283	0.00566
1	0.00899	0.00520	0.00574	0.00533	0.00674	0.00514	0.02717	0.04841	0.01085	0.01779	0.03747	0.02113	0.10622	0.00640	0.00381	0.00121	0.00257	0.00525	0.66992	0.00464
2	0.00646	0.00488	0.00596	0.00572	0.00699	0.00439	0.00431	0.00841	0.01272	0.01726	0.56703	0.03903	0.26417	0.01051	0.00566	0.00155	0.00234	0.02321	0.00501	0.00437
3	0.01567	0.01200	0.01298	0.01007	0.01380	0.01280	0.00822	0.52517	0.13941	0.02586	0.01216	0.01217	0.00893	0.00545	0.00456	0.00133	0.00471	0.00420	0.00443	0.16608
4	0.01009	0.00963	0.01603	0.47919	0.28282	0.01127	0.01344	0.01294	0.00976	0.01325	0.00843	0.01221	0.00675	0.00497	0.00587	0.00159	0.08925	0.00424	0.00220	0.00604
5	0.00997	0.00896	0.01191	0.01213	0.10529	0.03926	0.00860	0.07691	0.00968	0.01368	0.01165	0.12662	0.01169	0.03459	0.19376	0.00320	0.28008	0.00570	0.00284	0.03347
6	0.01460	0.01241	0.01382	0.32595	0.10126	0.21708	0.01080	0.01707	0.02265	0.20207	0.01089	0.01250	0.00786	0.00506	0.00466	0.00146	0.00629	0.00410	0.00318	0.00631
7	0.00691	0.00461	0.00523	0.00527	0.00528	0.00460	0.00296	0.00694	0.00704	0.00938	0.01551	0.06297	0.01794	0.79956	0.02360	0.00453	0.00456	0.00721	0.00296	0.00294
8	0.01004	0.06169	0.66380	0.01548	0.12546	0.01151	0.01680	0.01503	0.01018	0.01501	0.00854	0.01021	0.00626	0.00448	0.00450	0.00148	0.00678	0.00358	0.00207	0.00709
9	0.01251	0.01151	0.13736	0.01193	0.01556	0.00942	0.18189	0.10285	0.02997	0.17168	0.01305	0.03912	0.01018	0.01328	0.21378	0.00313	0.00777	0.00510	0.00347	0.00645
10	0.00667	0.00471	0.00625	0.00713	0.00768	0.00457	0.00530	0.00789	0.00961	0.01273	0.05498	0.41270	0.02856	0.14054	0.00907	0.00243	0.00359	0.26744	0.00422	0.00393
11	0.00590	0.00433	0.00554	0.00633	0.00689	0.00397	0.00433	0.00694	0.00986	0.01305	0.11213	0.63473	0.14041	0.01402	0.00599	0.00185	0.00267	0.01257	0.00453	0.00397
12	0.03445	0.03582	0.01148	0.00984	0.01231	0.26855	0.00776	0.09204	0.10521	0.13736	0.01666	0.06796	0.07063	0.00729	0.00524	0.00152	0.03421	0.07163	0.00393	0.00612
13	0.00881	0.00790	0.00777	0.00724	0.00913	0.06727	0.00551	0.01416	0.25755	0.01667	0.23095	0.03168	0.29830	0.00920	0.00530	0.00156	0.00327	0.00772	0.00464	0.00538
14	0.00603	0.00428	0.00563	0.00650	0.00681	0.00407	0.00433	0.00687	0.00906	0.01217	0.06161	0.67361	0.02997	0.10555	0.03739	0.00243	0.00332	0.01231	0.00424	0.00382
15	0.13173	0.01114	0.01171	0.00948	0.01274	0.01229	0.00770	0.41756	0.16845	0.07359	0.06203	0.01493	0.03331	0.00614	0.00463	0.00149	0.00442	0.00474	0.00464	0.00728
16	0.01160	0.01112	0.01898	0.09490	0.73846	0.01130	0.01455	0.01447	0.01077	0.01533	0.00895	0.01191	0.00747	0.00430	0.00474	0.00143	0.00574	0.00426	0.00235	0.00738
17	0.00677	0.00489	0.00597	0.00628	0.00724	0.00455	0.00449	0.00853	0.04303	0.03591	0.18808	0.37096	0.20866	0.05170	0.00670	0.00189	0.00280	0.03270	0.00459	0.00428
18	0.00621	0.00426	0.00552	0.00633	0.00653	0.00406	0.00410	0.00669	0.00851	0.01135	0.02289	0.61304	0.02722	0.18520	0.01066	0.05502	0.00324	0.01163	0.00397	0.00357
19	0.03224	0.01346	0.01319	0.01066	0.01406	0.10585	0.00860	0.48011	0.18886	0.06401	0.01302	0.01270	0.00944	0.00579	0.00471	0.00145	0.00524	0.00440	0.00455	0.00765
20	0.00686	0.00501	0.00713	0.00713	0.00780	0.00568	0.00529	0.00818	0.00752	0.01069	0.01330	0.02154	0.01315	0.21211	0.63846	0.00701	0.01099	0.00553	0.00263	0.00396
21	0.00580	0.00439	0.00536	0.00609	0.00680	0.00395	0.00420	0.00679	0.00981	0.01262	0.05622	0.56953	0.26327	0.01395	0.00595	0.00183	0.00265	0.01239	0.00446	0.00395
22	0.77901	0.09324	0.00886	0.00648	0.00955	0.01156	0.00548	0.01408	0.00829	0.02041	0.00665	0.00775	0.00527	0.00440	0.00297	0.00143	0.00384	0.00258	0.00286	0.00527
23	0.00953	0.02307	0.72660	0.09571	0.02193	0.01105	0.01721	0.01484	0.01004	0.01484	0.00857	0.01036	0.00609	0.00457	0.00457	0.00152	0.00699	0.00360	0.00203	0.00689
24	0.09993	0.04015	0.20756	0.00922	0.01390	0.00932	0.00917	0.08536	0.02173	0.11694	0.00999	0.01071	0.00739	0.00444	0.00400	0.00117	0.00470	0.00339	0.00321	0.33772
25	0.01134	0.20108	0.01479	0.01315	0.21048	0.05902	0.00848	0.03423	0.04305	0.06998	0.01878	0.13574	0.14618	0.00740	0.00469	0.00144	0.00454	0.00623	0.00337	0.00603
26	0.09460	0.00797	0.01030	0.00868	0.01076	0.00876	0.00709	0.03187	0.01057	0.32828	0.01345	0.01468	0.00998	0.01131	0.14296	0.00262	0.18450	0.00447	0.09095	0.00620
27	0.00683	0.00475	0.00648	0.00673	0.00735	0.00513	0.00487	0.00812	0.00815	0.01175	0.01658	0.20890	0.01739	0.15106	0.42116	0.00521	0.00813	0.00730	0.09013	0.00398
28	0.44785	0.12516	0.10642	0.11870	0.09232	0.01195	0.00909	0.01403	0.00904	0.01748	0.00736	0.00909	0.00581	0.00443	0.00358	0.00143	0.00484	0.00308	0.00255	0.00579
29	0.03680	0.10307	0.01336	0.07823	0.01424	0.01016	0.04484	0.11642	0.09146	0.15264	0.06329	0.01439	0.02535	0.00530	0.00436	0.00127	0.00442	0.00434	0.00384	0.21221
30	0.01253	0.01139	0.01826	0.01787	0.21592	0.01282	0.16747	0.10535	0.02937	0.06031	0.00927	0.01191	0.00752	0.00596	0.00873	0.00170	0.28957	0.00457	0.00282	0.00663
31	0.01328	0.01488	0.01085	0.01028	0.01225	0.41893	0.00788	0.01658	0.12949	0.01418	0.09806	0.08153	0.01685	0.00773	0.00503	0.00152	0.00611	0.12555	0.00357	0.00543
32	0.00674	0.00542	0.00690	0.00786	0.07591	0.00500	0.00515	0.00867	0.03246	0.01515	0.27611	0.20898	0.30560	0.01116	0.00564	0.00163	0.00276	0.00976	0.00453	0.00455
33	0.01374	0.01320	0.04284	0.01285	0.01684	0.09603	0.22461	0.20919	0.11607	0.04009	0.01115	0.01220	0.00836	0.00485	0.00476	0.00136	0.00592	0.00442	0.00348	0.15803
34	0.04212	0.06718	0.13397	0.01013	0.01320	0.00824	0.12998	0.01271	0.03148	0.10271	0.02786	0.29410	0.06008	0.00865	0.00517	0.00162	0.00463	0.00780	0.00366	0.03471
35	0.00747	0.00536	0.00606	0.00593	0.00762	0.00476	0.00466	0.00935	0.03525	0.07622	0.12114	0.04278	0.53131	0.01135	0.00569	0.00167	0.00284	0.11133	0.00465	0.00456
36	0.00768	0.00584	0.00732	0.00769	0.00894	0.00590	0.00613	0.01136	0.13441	0.01576	0.19058	0.17947	0.08736	0.01165	0.00596	0.00187	0.00342	0.29919	0.00467	0.00480
37	0.09271	0.10336	0.33692	0.01167	0.01642	0.05606	0.09044	0.08636	0.01134	0.03475	0.00996	0.01290	0.00795	0.03222	0.00504	0.00156	0.00607	0.03424	0.04363	0.00640
38	0.01047	0.01863	0.40873	0.01726	0.04841	0.01158	0.38454	0.01520	0.01069	0.01524	0.00911	0.01149	0.00668	0.00429	0.00507	0.00156	0.00749	0.00456	0.00222	0.00679
39	0.01301	0.00752	0.00820	0.00691	0.00912	0.00780	0.00550	0.23979	0.01423	0.11370	0.04424	0.01645	0.01223	0.00582	0.00402	0.00127	0.00333	0.00461	0.47629	0.00596
40	0.00694	0.00467	0.00540	0.00540	0.00547	0.00474	0.00314	0.00707	0.00701	0.00941	0.01488	0.03031	0.01696	0.77020	0.08557	0.00487	0.00527	0.00681	0.00287	0.00300
41	0.03542	0.00928	0.05466	0.00881	0.01227	0.00808	0.00756	0.08062	0.08393	0.51461	0.09331	0.01853	0.01502	0.00644	0.00489	0.00151	0.00413	0.02807	0.00535	0.00750

[dist]
# distance from previous block
# <min> <max>
0	4

[block]
# block no. 7 follows, 53 sequences, length 17
# corresponding to MSA columns:
# 274-290
name=unknown_H
#
# <colnr> <probs for GDERKNQSTAVLIFYWHMCP>
#	G	D	E	R	K	N	Q	S	T	A	V	L	I	F	Y	W	H	M	C	P
0	0.01011	0.00955	0.01300	0.01047	0.01240	0.01082	0.04181	0.01171	0.00860	0.01333	0.00802	0.03930	0.00754	0.00647	0.01003	0.00151	0.42944	0.00404	0.00249	0.34937
1	0.52799	0.01393	0.00966	0.04847	0.01234	0.29036	0.00699	0.01572	0.01009	0.01759	0.00700	0.00831	0.00558	0.00462	0.00352	0.00140	0.00554	0.00284	0.00274	0.00531
2	0.01051	0.00715	0.00792	0.00729	0.00903	0.04579	0.00548	0.10156	0.02915	0.13469	0.16354	0.24090	0.16278	0.04406	0.00623	0.00175	0.00349	0.00872	0.00469	0.00527
3	0.10280	0.01086	0.01049	0.00893	0.01148	0.13977	0.00708	0.20130	0.01425	0.14467	0.15091	0.01681	0.01522	0.01091	0.13083	0.00240	0.00610	0.00490	0.00413	0.00616
4	0.86579	0.00924	0.00702	0.00629	0.00924	0.01072	0.00518	0.01405	0.00813	0.02144	0.00666	0.00776	0.00518	0.00444	0.00296	0.00148	0.00370	0.00259	0.00296	0.00518
5	0.00596	0.00433	0.00567	0.00669	0.00714	0.00403	0.00464	0.00694	0.00944	0.01243	0.02802	0.70220	0.09265	0.01460	0.00611	0.00194	0.00288	0.07596	0.00443	0.00394
6	0.06301	0.02987	0.01172	0.00997	0.01286	0.13685	0.00784	0.10699	0.48281	0.06287	0.01566	0.01482	0.01170	0.00596	0.00462	0.00151	0.00474	0.00467	0.00437	0.00718
7	0.01027	0.12600	0.58089	0.01399	0.02031	0.01226	0.14126	0.01506	0.01024	0.01467	0.00851	0.01024	0.00626	0.00440	0.00453	0.00147	0.00698	0.00375	0.00209	0.00684
8	0.00821	0.00707	0.01174	0.00982	0.01173	0.00708	0.16586	0.02714	0.00923	0.01300	0.04707	0.07973	0.01403	0.11975	0.36403	0.00459	0.00862	0.00601	0.00290	0.08240
9	0.01186	0.03828	0.02451	0.01759	0.02177	0.01270	0.57445	0.07738	0.07662	0.01646	0.01027	0.01284	0.00782	0.00471	0.00620	0.00162	0.07028	0.00531	0.00277	0.00657
10	0.00694	0.00467	0.00540	0.00540	0.00547	0.00474	0.00313	0.00707	0.00701	0.00941	0.01489	0.03031	0.01696	0.77060	0.08518	0.00487	0.00526	0.00681	0.00287	0.00300
11	0.01138	0.01009	0.01372	0.01378	0.13535	0.01238	0.00981	0.13074	0.07546	0.01580	0.01004	0.02961	0.00882	0.01066	0.11010	0.00252	0.36543	0.00463	0.02363	0.00606
12	0.04173	0.01319	0.01232	0.01308	0.15529	0.26650	0.02390	0.09880	0.01242	0.01635	0.01036	0.01233	0.00836	0.00616	0.03007	0.00152	0.04614	0.00393	0.22170	0.00586
13	0.00584	0.00425	0.00551	0.00646	0.00690	0.00392	0.00436	0.00677	0.00949	0.01254	0.05917	0.72396	0.10421	0.01450	0.00604	0.00189	0.00272	0.01306	0.00447	0.00392
14	0.00824	0.00418	0.00618	0.00618	0.00618	0.00418	0.00409	0.00626	0.00626	0.00835	0.00864	0.01536	0.00875	0.05713	0.01896	0.81838	0.00418	0.00429	0.00212	0.00212
15	0.01253	0.01100	0.01247	0.05271	0.11382	0.05467	0.00895	0.06447	0.50113	0.03904	0.01583	0.01561	0.01200	0.00604	0.00525	0.00157	0.03992	0.00493	0.02082	0.00723
16	0.11053	0.13948	0.01394	0.00986	0.01254	0.08950	0.07730	0.07996	0.18322	0.03392	0.01338	0.11651	0.01208	0.04761	0.00593	0.00166	0.03767	0.00539	0.00350	0.00604

[dist]
# distance from previous block
# <min> <max>
0	3

[block]
# block no. 8 follows, 53 sequences, length 25
# corresponding to MSA columns:
# 294-318
name=unknown_I
#
# <colnr> <probs for GDERKNQSTAVLIFYWHMCP>
#	G	D	E	R	K	N	Q	S	T	A	V	L	I	F	Y	W	H	M	C	P
0	0.01392	0.17610	0.01950	0.09973	0.01846	0.07483	0.19178	0.24867	0.05177	0.01848	0.00968	0.01125	0.00744	0.00497	0.00497	0.00143	0.03297	0.00422	0.00314	0.00672
1	0.01255	0.01056	0.01068	0.00911	0.01196	0.04934	0.00719	0.22717	0.35753	0.02074	0.02197	0.02090	0.16789	0.00719	0.00491	0.00151	0.00413	0.00581	0.00455	0.04429
2	0.00922	0.00884	0.01587	0.30336	0.17469	0.00936	0.16431	0.01191	0.01006	0.01349	0.01331	0.21751	0.01312	0.00709	0.00527	0.00165	0.00567	0.00687	0.00281	0.00562
3	0.00690	0.00461	0.00523	0.00528	0.00530	0.00460	0.00297	0.00694	0.00706	0.00941	0.01560	0.06963	0.01806	0.79274	0.02345	0.00450	0.00454	0.00727	0.00297	0.00294
4	0.01278	0.00956	0.01105	0.00942	0.01157	0.01071	0.00748	0.40305	0.01563	0.02138	0.01497	0.21377	0.01432	0.01133	0.08861	0.00224	0.08394	0.00667	0.04526	0.00623
5	0.00837	0.00757	0.00872	0.00806	0.00934	0.04643	0.00636	0.03467	0.06908	0.01316	0.02508	0.02656	0.30660	0.01683	0.22645	0.00333	0.16848	0.00670	0.00341	0.00480
6	0.00684	0.00507	0.00742	0.00742	0.00818	0.00583	0.00564	0.00836	0.00760	0.01090	0.01305	0.02012	0.01253	0.12146	0.72827	0.00735	0.01192	0.00532	0.00260	0.00412
7	0.14714	0.00836	0.00954	0.00799	0.01077	0.00854	0.00640	0.08738	0.15138	0.28127	0.20877	0.01958	0.01915	0.00672	0.00473	0.00151	0.00362	0.00547	0.00501	0.00668
8	0.01652	0.10108	0.09569	0.01205	0.01514	0.65462	0.00999	0.01822	0.01282	0.01201	0.00744	0.00868	0.00614	0.00481	0.00421	0.00124	0.00812	0.00307	0.00238	0.00575
9	0.00608	0.00436	0.00577	0.00648	0.00699	0.00405	0.00446	0.00730	0.01034	0.01409	0.23606	0.61381	0.03527	0.01356	0.00597	0.00182	0.00263	0.01225	0.00466	0.00405
10	0.00619	0.00453	0.00557	0.00600	0.00667	0.00418	0.00411	0.00727	0.01005	0.01333	0.18574	0.38565	0.17567	0.14008	0.00876	0.00221	0.00292	0.02283	0.00437	0.00389
11	0.01753	0.00955	0.01131	0.00948	0.02922	0.04085	0.00741	0.21063	0.04187	0.41352	0.01753	0.14077	0.01375	0.00722	0.00498	0.00153	0.00437	0.00598	0.00515	0.00734
12	0.00639	0.00482	0.00598	0.00677	0.00741	0.00467	0.00466	0.00848	0.08477	0.01302	0.02793	0.67097	0.10846	0.01386	0.00594	0.00188	0.00283	0.01244	0.00448	0.00425
13	0.00807	0.00557	0.00635	0.00649	0.00786	0.02001	0.00512	0.03224	0.01128	0.04585	0.09439	0.12615	0.25030	0.01073	0.00542	0.00167	0.00315	0.19276	0.16203	0.00453
14	0.01025	0.00972	0.01603	0.19973	0.50942	0.01006	0.01265	0.01292	0.01059	0.01445	0.01500	0.01733	0.13026	0.00559	0.00488	0.00149	0.00533	0.00516	0.00263	0.00652
15	0.00903	0.00850	0.01434	0.82054	0.03292	0.01062	0.01327	0.01221	0.00956	0.01221	0.00850	0.01274	0.00637	0.00478	0.00478	0.00159	0.00637	0.00425	0.00212	0.00531
16	0.00617	0.00471	0.00543	0.00583	0.00677	0.00428	0.00419	0.00719	0.00977	0.01226	0.03425	0.23951	0.37768	0.15807	0.00918	0.00230	0.00314	0.10128	0.00416	0.00384
17	0.01022	0.01701	0.36990	0.15061	0.17450	0.01139	0.12939	0.01441	0.01020	0.01460	0.00869	0.01130	0.00659	0.00464	0.00532	0.00155	0.04669	0.00413	0.00217	0.00669
18	0.01392	0.52004	0.04465	0.01194	0.13529	0.01595	0.00944	0.09407	0.01159	0.09035	0.00873	0.00960	0.00711	0.00447	0.00371	0.00118	0.00517	0.00324	0.00275	0.00678
19	0.01230	0.00990	0.01074	0.00937	0.01187	0.01124	0.00729	0.19174	0.46556	0.02031	0.01657	0.01780	0.01315	0.08871	0.08924	0.00249	0.00512	0.00528	0.00442	0.00691
20	0.01071	0.02250	0.60619	0.01547	0.10016	0.08829	0.06017	0.01548	0.01057	0.01486	0.00857	0.01029	0.00629	0.00452	0.00460	0.00148	0.00713	0.00368	0.00212	0.00693
21	0.05824	0.01303	0.01471	0.02520	0.16335	0.20559	0.06303	0.02377	0.01011	0.01326	0.00897	0.05105	0.00850	0.06259	0.00933	0.00184	0.25471	0.00459	0.00250	0.00564
22	0.00669	0.00499	0.00595	0.00612	0.00698	0.00478	0.00427	0.00865	0.06305	0.01400	0.21414	0.26352	0.17504	0.17458	0.00944	0.00229	0.00305	0.02399	0.00436	0.00412
23	0.00821	0.00686	0.00905	0.00780	0.00987	0.00664	0.08452	0.02791	0.14749	0.03225	0.26594	0.03333	0.32251	0.00935	0.00547	0.00158	0.00327	0.00816	0.00459	0.00520
24	0.01046	0.01046	0.01464	0.01255	0.01255	0.01464	0.01046	0.01150	0.00732	0.01150	0.00627	0.01046	0.00627	0.00837	0.01569	0.00209	0.82328	0.00418	0.00209	0.00523

[dist]
# distance from previous block
# <min> <max>
2	3

[block]
