[name]
unknown

[dist]
# distance from previous block
# <min> <max>
3	54

[block]
# block no. 0 follows, 51 sequences, length 48
# corresponding to MSA columns:
# 57-104
name=unknown_A
#
# <colnr> <probs for GDERKNQSTAVLIFYWHMCP>
#	G	D	E	R	K	N	Q	S	T	A	V	L	I	F	Y	W	H	M	C	P
0	0.01425	0.10027	0.07116	0.01030	0.01443	0.04380	0.03159	0.31086	0.08906	0.02150	0.01104	0.02275	0.00857	0.00517	0.00442	0.00127	0.00511	0.00402	0.00373	0.22673
1	0.01118	0.01222	0.14054	0.03713	0.01530	0.03231	0.08402	0.01530	0.08910	0.06337	0.06477	0.01362	0.01084	0.00483	0.00445	0.00120	0.00490	0.00417	0.00327	0.38749
2	0.02831	0.01272	0.01507	0.14308	0.06996	0.17708	0.11522	0.01657	0.05619	0.09441	0.01039	0.01203	0.00792	0.00470	0.00459	0.00131	0.00607	0.00405	0.00307	0.21727
3	0.01094	0.11153	0.56057	0.01425	0.02066	0.01265	0.12960	0.05544	0.01118	0.01595	0.00892	0.01060	0.00653	0.00460	0.00468	0.00151	0.00710	0.00388	0.00229	0.00712
4	0.00634	0.00470	0.00579	0.00638	0.00714	0.00433	0.00453	0.00750	0.01029	0.01340	0.11393	0.40082	0.21785	0.09337	0.00799	0.00216	0.00305	0.08188	0.00450	0.00405
5	0.01053	0.01002	0.01693	0.46336	0.35211	0.01136	0.01416	0.01359	0.01033	0.01400	0.00888	0.01264	0.00706	0.00480	0.00523	0.00158	0.03034	0.00437	0.00229	0.00643
6	0.00610	0.00499	0.00538	0.00528	0.00682	0.00427	0.00396	0.00761	0.01189	0.01490	0.23761	0.04462	0.60580	0.01184	0.00581	0.00163	0.00245	0.01000	0.00478	0.00427
7	0.00618	0.00436	0.00565	0.00660	0.00683	0.00412	0.00430	0.00689	0.00903	0.01204	0.02515	0.69198	0.03006	0.15083	0.00940	0.00246	0.00317	0.01283	0.00430	0.00382
8	0.00877	0.00462	0.00473	0.00473	0.00565	0.00462	0.00335	0.01061	0.00969	0.01660	0.01592	0.02103	0.01363	0.16636	0.00765	0.00185	0.00277	0.00508	0.68807	0.00427
9	0.00735	0.00472	0.00527	0.00533	0.00549	0.00471	0.00311	0.00769	0.00766	0.01080	0.01608	0.06632	0.01785	0.68455	0.02138	0.00417	0.00436	0.00713	0.11281	0.00323
10	0.01293	0.59495	0.06157	0.00914	0.01316	0.03950	0.00880	0.01729	0.17343	0.01367	0.00972	0.01023	0.00813	0.00477	0.00365	0.00121	0.00517	0.00331	0.00272	0.00665
11	0.00615	0.00439	0.00561	0.00651	0.00683	0.00412	0.00427	0.00690	0.00918	0.01214	0.02670	0.65870	0.07597	0.13706	0.00906	0.00239	0.00312	0.01273	0.00432	0.00385
12	0.04029	0.01060	0.01197	0.13710	0.01627	0.01232	0.00880	0.10878	0.55316	0.02052	0.01687	0.01643	0.01260	0.00623	0.00491	0.00164	0.00448	0.00515	0.00448	0.00740
13	0.01017	0.00969	0.01169	0.07990	0.01295	0.09255	0.00858	0.03640	0.00896	0.01214	0.00994	0.01579	0.00954	0.11297	0.24231	0.00396	0.31018	0.00481	0.00252	0.00495
14	0.00698	0.00529	0.00768	0.00782	0.00850	0.00605	0.00592	0.00845	0.00817	0.01160	0.01586	0.18833	0.01645	0.05693	0.57796	0.00630	0.04727	0.00711	0.00303	0.00430
15	0.01845	0.02073	0.01416	0.01228	0.01521	0.58654	0.00945	0.23180	0.01649	0.01731	0.00877	0.00968	0.00690	0.00530	0.00457	0.00132	0.00790	0.00352	0.00320	0.00644
16	0.01094	0.01033	0.01725	0.39367	0.14140	0.01113	0.13963	0.06684	0.03727	0.01553	0.00960	0.01275	0.00737	0.00469	0.00491	0.00150	0.00624	0.00449	0.00264	0.10181
17	0.01182	0.01063	0.01366	0.09172	0.10360	0.01186	0.06229	0.02238	0.54558	0.01879	0.01663	0.01651	0.01259	0.00597	0.00499	0.00161	0.00466	0.00524	0.00420	0.03527
18	0.01368	0.01071	0.01155	0.00994	0.01289	0.01205	0.00785	0.17804	0.53864	0.06333	0.07169	0.01819	0.01567	0.00671	0.00504	0.00161	0.00410	0.00552	0.00507	0.00771
19	0.01116	0.01552	0.19014	0.05589	0.06703	0.01211	0.54283	0.01552	0.01124	0.01558	0.00961	0.01258	0.00717	0.00430	0.00547	0.00162	0.00786	0.00520	0.00238	0.00677
20	0.00715	0.00476	0.00536	0.00536	0.00536	0.00476	0.00298	0.00715	0.00715	0.00953	0.01548	0.03216	0.01787	0.82729	0.02501	0.00476	0.00476	0.00715	0.00298	0.00298
21	0.00612	0.00437	0.00586	0.00699	0.00734	0.00411	0.00479	0.00707	0.00954	0.01269	0.02701	0.77107	0.03221	0.01527	0.00631	0.00201	0.00297	0.06567	0.00456	0.00403
22	0.00594	0.00447	0.00550	0.00632	0.00699	0.00404	0.00433	0.00690	0.00991	0.01275	0.03342	0.60740	0.24510	0.01457	0.00614	0.00190	0.00275	0.01297	0.00456	0.00404
23	0.01646	0.01119	0.01137	0.00958	0.01231	0.04708	0.00745	0.34914	0.01752	0.06614	0.01578	0.01751	0.01219	0.00710	0.00511	0.00169	0.00480	0.00511	0.37492	0.00755
24	0.00916	0.00458	0.00458	0.00458	0.00573	0.00458	0.00344	0.01145	0.01031	0.01832	0.01603	0.01832	0.01260	0.00573	0.00344	0.00115	0.00229	0.00458	0.85457	0.00458
25	0.15758	0.00843	0.01024	0.00817	0.01147	0.00799	0.00662	0.04439	0.03589	0.54558	0.04219	0.01691	0.01252	0.06261	0.00604	0.00175	0.00413	0.00485	0.00528	0.00735
26	0.68226	0.00841	0.00690	0.00654	0.00900	0.00955	0.00516	0.01285	0.00858	0.02005	0.01109	0.17935	0.01103	0.00684	0.00372	0.00162	0.00360	0.00504	0.00336	0.00504
27	0.00696	0.00502	0.00657	0.00618	0.00734	0.00464	0.00464	0.00927	0.01391	0.01971	0.79405	0.03671	0.04637	0.01005	0.00580	0.00155	0.00232	0.00889	0.00541	0.00464
28	0.00715	0.00476	0.00536	0.00536	0.00536	0.00476	0.00298	0.00715	0.00715	0.00953	0.01548	0.03216	0.01787	0.82729	0.02501	0.00476	0.00476	0.00715	0.00298	0.00298
29	0.00772	0.00515	0.00637	0.00616	0.00747	0.00462	0.00454	0.00942	0.01228	0.07881	0.39373	0.16184	0.23030	0.04127	0.00651	0.00176	0.00268	0.00969	0.00503	0.00465
30	0.00623	0.00438	0.00563	0.00653	0.00676	0.00415	0.00423	0.00691	0.00893	0.01191	0.02465	0.65780	0.02943	0.18588	0.01021	0.00258	0.00325	0.01254	0.00423	0.00378
31	0.00719	0.00551	0.00822	0.00812	0.00896	0.00655	0.00635	0.00891	0.00788	0.01143	0.01286	0.01892	0.01202	0.03557	0.77188	0.00764	0.04971	0.00522	0.00261	0.00443
32	0.00593	0.00452	0.00546	0.00621	0.00696	0.00405	0.00428	0.00691	0.01002	0.01279	0.03483	0.55900	0.29259	0.01439	0.00611	0.00188	0.00273	0.01274	0.00456	0.00405
33	0.00634	0.00474	0.00578	0.00610	0.00700	0.00431	0.00433	0.00768	0.01105	0.01461	0.24896	0.31869	0.24229	0.06904	0.00732	0.00197	0.00277	0.02817	0.00469	0.00416
34	0.00702	0.00527	0.00790	0.00790	0.00878	0.00614	0.00614	0.00878	0.00790	0.01141	0.01316	0.01931	0.01229	0.03686	0.80782	0.00790	0.01316	0.00527	0.00263	0.00439
35	0.86201	0.00950	0.00722	0.00646	0.00950	0.01102	0.00532	0.01445	0.00836	0.02205	0.00684	0.00798	0.00532	0.00456	0.00304	0.00152	0.00380	0.00266	0.00304	0.00532
36	0.00702	0.00527	0.00790	0.00790	0.00878	0.00614	0.00614	0.00878	0.00790	0.01141	0.01316	0.01931	0.01229	0.03686	0.80782	0.00790	0.01316	0.00527	0.00263	0.00439
37	0.00671	0.00470	0.00607	0.00689	0.00727	0.00455	0.00482	0.00762	0.00917	0.01215	0.02363	0.44324	0.02754	0.24150	0.01161	0.00282	0.00373	0.16803	0.00411	0.00382
38	0.01347	0.01172	0.02398	0.01741	0.02187	0.01085	0.57267	0.01696	0.01199	0.18025	0.01290	0.06017	0.00987	0.00519	0.00565	0.00165	0.00711	0.00608	0.00336	0.00684
39	0.00986	0.02542	0.80183	0.01401	0.02127	0.01141	0.01816	0.01556	0.01038	0.01556	0.00882	0.01038	0.00623	0.00467	0.00467	0.00156	0.00726	0.00363	0.00208	0.00726
40	0.00599	0.00428	0.00570	0.00684	0.00713	0.00399	0.00456	0.00684	0.00941	0.01254	0.02709	0.82409	0.03250	0.01540	0.00627	0.00200	0.00285	0.01397	0.00456	0.00399
41	0.00581	0.00498	0.00498	0.00498	0.00664	0.00415	0.00373	0.00705	0.01120	0.01328	0.04978	0.04729	0.79464	0.01245	0.00581	0.00166	0.00249	0.01037	0.00456	0.00415
42	0.00926	0.00631	0.00691	0.00682	0.00702	0.00602	0.00396	0.00873	0.00852	0.01157	0.01730	0.03427	0.01945	0.80268	0.02524	0.00503	0.00544	0.00771	0.00366	0.00411
43	0.01267	0.01078	0.01136	0.01009	0.01295	0.01243	0.00789	0.07813	0.73502	0.02128	0.01944	0.01788	0.01454	0.00661	0.00499	0.00165	0.00399	0.00548	0.00499	0.00782
44	0.00692	0.00605	0.04712	0.03900	0.02331	0.00525	0.00598	0.00883	0.01118	0.01555	0.33475	0.33875	0.03336	0.01418	0.08434	0.00234	0.00406	0.00999	0.00446	0.00458
45	0.01086	0.23979	0.52213	0.03877	0.06580	0.01357	0.01522	0.01521	0.01030	0.01443	0.00831	0.00990	0.00635	0.00453	0.00428	0.00142	0.00662	0.00343	0.00211	0.00698
46	0.80505	0.01004	0.03574	0.00680	0.01002	0.01092	0.00584	0.01479	0.00862	0.04637	0.00731	0.00834	0.00557	0.00461	0.00316	0.00152	0.00394	0.00277	0.00310	0.00549
47	0.00736	0.00510	0.00575	0.00560	0.00602	0.00502	0.00344	0.03178	0.00881	0.01171	0.10603	0.03351	0.09676	0.62999	0.02034	0.00400	0.00429	0.00757	0.00347	0.00345

[dist]
# distance from previous block
# <min> <max>
0	2

[block]
# block no. 1 follows, 51 sequences, length 22
# corresponding to MSA columns:
# 107-128
name=unknown_B
#
# <colnr> <probs for GDERKNQSTAVLIFYWHMCP>
#	G	D	E	R	K	N	Q	S	T	A	V	L	I	F	Y	W	H	M	C	P
0	0.00951	0.00754	0.00911	0.00844	0.00998	0.04241	0.00661	0.14696	0.01111	0.01503	0.01547	0.01988	0.07006	0.04485	0.55275	0.00593	0.01061	0.00545	0.00319	0.00511
1	0.86201	0.00950	0.00722	0.00646	0.00950	0.01102	0.00532	0.01445	0.00836	0.02205	0.00684	0.00798	0.00532	0.00456	0.00304	0.00152	0.00380	0.00266	0.00304	0.00532
2	0.00854	0.00427	0.00640	0.00640	0.00640	0.00427	0.00427	0.00640	0.00640	0.00854	0.00854	0.01494	0.00854	0.01707	0.01921	0.85702	0.00427	0.00427	0.00213	0.00213
3	0.00710	0.00494	0.00623	0.00623	0.00653	0.00524	0.00406	0.00770	0.00740	0.01017	0.01469	0.02775	0.01595	0.55632	0.29337	0.00584	0.00764	0.00650	0.00286	0.00346
4	0.00596	0.00440	0.00557	0.00651	0.00704	0.00402	0.00441	0.00688	0.00973	0.01268	0.03114	0.68526	0.16871	0.01487	0.00619	0.00194	0.00279	0.01333	0.00456	0.00402
5	0.01222	0.01056	0.01111	0.01000	0.01278	0.01222	0.00778	0.02611	0.78776	0.02056	0.02000	0.01833	0.01500	0.00667	0.00500	0.00167	0.00389	0.00556	0.00500	0.00778
6	0.00599	0.00428	0.00570	0.00684	0.00713	0.00399	0.00456	0.00684	0.00941	0.01254	0.02709	0.82409	0.03250	0.01540	0.00627	0.00200	0.00285	0.01397	0.00456	0.00399
7	0.00665	0.00501	0.00615	0.00586	0.00715	0.00451	0.00440	0.00868	0.01319	0.01800	0.59617	0.03952	0.24531	0.01068	0.00580	0.00158	0.00236	0.00928	0.00518	0.00451
8	0.01160	0.01326	0.02900	0.02071	0.02568	0.01243	0.77879	0.01574	0.01160	0.01574	0.00994	0.01326	0.00746	0.00414	0.00580	0.00166	0.00829	0.00580	0.00249	0.00663
9	0.00709	0.00477	0.00534	0.00534	0.00542	0.00474	0.00301	0.00714	0.00732	0.00969	0.01697	0.03282	0.05162	0.79189	0.02418	0.00463	0.00467	0.00729	0.00305	0.00303
10	0.48127	0.00830	0.00806	0.00702	0.00976	0.00880	0.00557	0.01569	0.00991	0.23114	0.01289	0.08977	0.01081	0.07502	0.00571	0.00184	0.00390	0.00473	0.00401	0.00582
11	0.00735	0.00577	0.00798	0.00794	0.00884	0.02905	0.00613	0.00903	0.00804	0.01136	0.01309	0.01946	0.01231	0.06378	0.75724	0.00760	0.01274	0.00527	0.00264	0.00438
12	0.00717	0.00549	0.00819	0.00810	0.00894	0.00650	0.00633	0.00890	0.00788	0.01142	0.01289	0.01896	0.01205	0.03572	0.77589	0.00767	0.04564	0.00523	0.00261	0.00443
13	0.00913	0.00733	0.00768	0.00708	0.00929	0.00742	0.00546	0.03434	0.28622	0.05117	0.03693	0.03479	0.46414	0.00995	0.00546	0.00165	0.00313	0.00828	0.00479	0.00573
14	0.24737	0.00642	0.00646	0.00601	0.00794	0.00653	0.00466	0.01209	0.01083	0.09076	0.16354	0.08390	0.12452	0.00788	0.00444	0.00149	0.00296	0.00638	0.20075	0.00504
15	0.00715	0.00476	0.00536	0.00536	0.00536	0.00476	0.00298	0.00715	0.00715	0.00953	0.01548	0.03216	0.01787	0.82729	0.02501	0.00476	0.00476	0.00715	0.00298	0.00298
16	0.86201	0.00950	0.00722	0.00646	0.00950	0.01102	0.00532	0.01445	0.00836	0.02205	0.00684	0.00798	0.00532	0.00456	0.00304	0.00152	0.00380	0.00266	0.00304	0.00532
17	0.00639	0.00464	0.00641	0.00711	0.00765	0.00465	0.00506	0.00765	0.00948	0.01296	0.09354	0.52455	0.02843	0.02042	0.21375	0.00349	0.00551	0.03003	0.00414	0.00417
18	0.00653	0.00495	0.00606	0.00601	0.00711	0.00462	0.00440	0.00813	0.01138	0.01522	0.33488	0.11034	0.27019	0.08164	0.10395	0.00265	0.00393	0.00924	0.00454	0.00426
19	0.01005	0.07239	0.75654	0.01368	0.02076	0.01188	0.01759	0.01551	0.01035	0.01533	0.00870	0.01023	0.00623	0.00464	0.00458	0.00153	0.00715	0.00357	0.00208	0.00721
20	0.01084	0.01126	0.01439	0.64830	0.02978	0.15315	0.01269	0.01371	0.01050	0.01243	0.00866	0.01253	0.00668	0.00588	0.02839	0.00176	0.00716	0.00418	0.00226	0.00547
21	0.01220	0.08229	0.01430	0.24475	0.03746	0.03895	0.04052	0.17969	0.04002	0.04924	0.13676	0.01812	0.05760	0.00643	0.00517	0.00153	0.01965	0.00535	0.00369	0.00626

[dist]
# distance from previous block
# <min> <max>
0	17

[block]
# block no. 2 follows, 51 sequences, length 254
# corresponding to MSA columns:
# 146-399
name=unknown_C
#
# <colnr> <probs for GDERKNQSTAVLIFYWHMCP>
#	G	D	E	R	K	N	Q	S	T	A	V	L	I	F	Y	W	H	M	C	P
0	0.01164	0.00948	0.01193	0.09890	0.04597	0.00950	0.03581	0.01835	0.29755	0.06469	0.01392	0.01446	0.01060	0.00518	0.00448	0.00130	0.00428	0.00441	0.04129	0.29624
1	0.04881	0.01035	0.14322	0.12729	0.01526	0.00816	0.00923	0.06724	0.01256	0.15037	0.20634	0.09791	0.02108	0.00790	0.00525	0.00164	0.00456	0.05257	0.00422	0.00606
2	0.01086	0.02461	0.08317	0.01280	0.10855	0.00889	0.12662	0.01416	0.04169	0.02914	0.00995	0.02730	0.00815	0.00430	0.00433	0.00111	0.00496	0.00394	0.00287	0.47260
3	0.00928	0.00873	0.01474	0.81548	0.03385	0.01092	0.01365	0.01256	0.00983	0.01256	0.00873	0.01310	0.00655	0.00491	0.00491	0.00164	0.00655	0.00437	0.00218	0.00546
4	0.01125	0.00871	0.00926	0.07750	0.02801	0.09919	0.04026	0.08426	0.03573	0.01778	0.01359	0.01589	0.01069	0.00734	0.05079	0.00167	0.00472	0.00450	0.47348	0.00538
5	0.00598	0.00498	0.00521	0.00516	0.00674	0.00422	0.00387	0.00738	0.01160	0.01422	0.15898	0.04574	0.68486	0.01209	0.00581	0.00164	0.00246	0.01015	0.00469	0.00422
6	0.01019	0.00873	0.01019	0.00728	0.01165	0.00655	0.00582	0.01237	0.01019	0.01601	0.00873	0.01019	0.00728	0.00364	0.00364	0.00073	0.00364	0.00291	0.00291	0.85734
7	0.00709	0.00520	0.00688	0.00784	0.00884	0.00499	0.00639	0.00883	0.01081	0.01393	0.03007	0.25076	0.15134	0.01386	0.00650	0.00210	0.00377	0.45193	0.00454	0.00433
8	0.02826	0.01057	0.01783	0.42449	0.28506	0.02642	0.09572	0.02680	0.01074	0.01455	0.00902	0.01260	0.00706	0.00467	0.00494	0.00157	0.00647	0.00447	0.00237	0.00641
9	0.01128	0.00974	0.01021	0.00926	0.01188	0.01104	0.00718	0.02332	0.67382	0.01949	0.02437	0.02258	0.12939	0.00752	0.00512	0.00167	0.00368	0.00626	0.00494	0.00725
10	0.00724	0.00558	0.00831	0.00819	0.00902	0.00666	0.00641	0.00895	0.00788	0.01143	0.01277	0.01881	0.01195	0.03521	0.76176	0.00756	0.06001	0.00521	0.00260	0.00445
11	0.04691	0.00553	0.00690	0.00681	0.00801	0.00522	0.00485	0.01088	0.02318	0.15011	0.14310	0.36269	0.05513	0.13718	0.00867	0.00223	0.00334	0.00980	0.00465	0.00482
12	0.00624	0.00460	0.00576	0.00629	0.00701	0.00421	0.00436	0.00747	0.01071	0.01425	0.21384	0.46215	0.17150	0.04937	0.00690	0.00195	0.00274	0.01181	0.00469	0.00413
13	0.00599	0.00428	0.00570	0.00684	0.00713	0.00399	0.00456	0.00684	0.00941	0.01254	0.02709	0.82409	0.03250	0.01540	0.00627	0.00200	0.00285	0.01397	0.00456	0.00399
14	0.02205	0.00836	0.01140	0.00874	0.01254	0.00722	0.00722	0.02395	0.01407	0.80004	0.01939	0.01673	0.01216	0.00608	0.00494	0.00152	0.00418	0.00494	0.00608	0.00836
15	0.02983	0.00686	0.00870	0.00726	0.00937	0.00632	0.00536	0.01653	0.02722	0.42663	0.01749	0.02332	0.01458	0.36305	0.01364	0.00293	0.00442	0.00587	0.00466	0.00596
16	0.00599	0.00428	0.00570	0.00684	0.00713	0.00399	0.00456	0.00684	0.00941	0.01254	0.02709	0.82409	0.03250	0.01540	0.00627	0.00200	0.00285	0.01397	0.00456	0.00399
17	0.01222	0.01056	0.01111	0.01000	0.01278	0.01222	0.00778	0.02611	0.78776	0.02056	0.02000	0.01833	0.01500	0.00667	0.00500	0.00167	0.00389	0.00556	0.00500	0.00778
18	0.00599	0.00428	0.00570	0.00684	0.00713	0.00399	0.00456	0.00684	0.00941	0.01254	0.02709	0.82409	0.03250	0.01540	0.00627	0.00200	0.00285	0.01397	0.00456	0.00399
19	0.86201	0.00950	0.00722	0.00646	0.00950	0.01102	0.00532	0.01445	0.00836	0.02205	0.00684	0.00798	0.00532	0.00456	0.00304	0.00152	0.00380	0.00266	0.00304	0.00532
20	0.01222	0.01056	0.01111	0.01000	0.01278	0.01222	0.00778	0.02611	0.78776	0.02056	0.02000	0.01833	0.01500	0.00667	0.00500	0.00167	0.00389	0.00556	0.00500	0.00778
21	0.00792	0.00566	0.00792	0.00905	0.01018	0.00566	0.00792	0.01018	0.01131	0.01471	0.02602	0.05543	0.02828	0.01358	0.00679	0.00226	0.00453	0.76356	0.00453	0.00453
22	0.86201	0.00950	0.00722	0.00646	0.00950	0.01102	0.00532	0.01445	0.00836	0.02205	0.00684	0.00798	0.00532	0.00456	0.00304	0.00152	0.00380	0.00266	0.00304	0.00532
23	0.00607	0.00431	0.00568	0.00673	0.00699	0.00405	0.00444	0.00687	0.00924	0.01232	0.02621	0.76422	0.03140	0.07677	0.00769	0.00221	0.00300	0.01345	0.00444	0.00391
24	0.01868	0.01376	0.01475	0.01131	0.01524	0.01524	0.00934	0.78025	0.02311	0.03097	0.01180	0.01180	0.00836	0.00590	0.00492	0.00147	0.00541	0.00442	0.00492	0.00836
25	0.01836	0.02342	0.01393	0.01266	0.01519	0.80756	0.00950	0.01962	0.01393	0.01203	0.00760	0.00886	0.00633	0.00506	0.00443	0.00127	0.00886	0.00317	0.00253	0.00570
26	0.01699	0.01244	0.01337	0.01043	0.01379	0.01370	0.00841	0.66682	0.02076	0.02783	0.01234	0.01479	0.00975	0.12642	0.00786	0.00196	0.00531	0.00482	0.00463	0.00757
27	0.01868	0.01376	0.01475	0.01131	0.01524	0.01524	0.00934	0.78025	0.02311	0.03097	0.01180	0.01180	0.00836	0.00590	0.00492	0.00147	0.00541	0.00442	0.00492	0.00836
28	0.00619	0.00443	0.00588	0.00671	0.00717	0.00412	0.00458	0.00734	0.01033	0.01401	0.18372	0.66328	0.03533	0.01430	0.00618	0.00190	0.00274	0.01293	0.00473	0.00412
29	0.73698	0.01184	0.12381	0.00757	0.01123	0.01108	0.00721	0.01461	0.00866	0.02110	0.00713	0.00833	0.00545	0.00458	0.00328	0.00153	0.00431	0.00280	0.00290	0.00561
30	0.00784	0.00593	0.00841	0.00813	0.00910	0.00691	0.00631	0.05367	0.00873	0.01245	0.01298	0.01931	0.01217	0.08027	0.68658	0.00713	0.04144	0.00529	0.00277	0.00457
31	0.00599	0.00428	0.00570	0.00684	0.00713	0.00399	0.00456	0.00684	0.00941	0.01254	0.02709	0.82409	0.03250	0.01540	0.00627	0.00200	0.00285	0.01397	0.00456	0.00399
32	0.01836	0.02342	0.01393	0.01266	0.01519	0.80756	0.00950	0.01962	0.01393	0.01203	0.00760	0.00886	0.00633	0.00506	0.00443	0.00127	0.00886	0.00317	0.00253	0.00570
33	0.00703	0.00523	0.00771	0.00771	0.00852	0.00604	0.00590	0.00865	0.00784	0.01127	0.01334	0.02028	0.01271	0.09661	0.74864	0.00766	0.01253	0.00541	0.00266	0.00428
34	0.01019	0.00873	0.01019	0.00728	0.01165	0.00655	0.00582	0.01237	0.01019	0.01601	0.00873	0.01019	0.00728	0.00364	0.00364	0.00073	0.00364	0.00291	0.00291	0.85734
35	0.01195	0.01059	0.01081	0.01002	0.01254	0.05753	0.00790	0.02340	0.62882	0.01920	0.02016	0.02323	0.01645	0.00759	0.00523	0.00173	0.00427	0.11663	0.00479	0.00718
36	0.01160	0.01326	0.02900	0.02071	0.02568	0.01243	0.77879	0.01574	0.01160	0.01574	0.00994	0.01326	0.00746	0.00414	0.00580	0.00166	0.00829	0.00580	0.00249	0.00663
37	0.00679	0.00502	0.00634	0.00601	0.00724	0.00457	0.00450	0.00895	0.01351	0.01877	0.68510	0.03826	0.15590	0.01040	0.00580	0.00156	0.00234	0.00910	0.00529	0.00457
38	0.00581	0.00498	0.00498	0.00498	0.00664	0.00415	0.00373	0.00705	0.01120	0.01328	0.04978	0.04729	0.79464	0.01245	0.00581	0.00166	0.00249	0.01037	0.00456	0.00415
39	0.00715	0.00476	0.00536	0.00536	0.00536	0.00476	0.00298	0.00715	0.00715	0.00953	0.01548	0.03216	0.01787	0.82729	0.02501	0.00476	0.00476	0.00715	0.00298	0.00298
40	0.01216	0.01168	0.01995	0.03016	0.79664	0.01168	0.01508	0.01508	0.01119	0.01605	0.00924	0.01216	0.00778	0.00438	0.00487	0.00146	0.00584	0.00438	0.00243	0.00778
41	0.01128	0.00662	0.00684	0.00608	0.00784	0.00695	0.00475	0.18237	0.01315	0.02113	0.01509	0.01687	0.01165	0.00576	0.00376	0.00122	0.00298	0.00455	0.66568	0.00542
42	0.00916	0.00458	0.00458	0.00458	0.00573	0.00458	0.00344	0.01145	0.01031	0.01832	0.01603	0.01832	0.01260	0.00573	0.00344	0.00115	0.00229	0.00458	0.85457	0.00458
43	0.01216	0.01168	0.01995	0.03016	0.79664	0.01168	0.01508	0.01508	0.01119	0.01605	0.00924	0.01216	0.00778	0.00438	0.00487	0.00146	0.00584	0.00438	0.00243	0.00778
44	0.00599	0.00428	0.00570	0.00684	0.00713	0.00399	0.00456	0.00684	0.00941	0.01254	0.02709	0.82409	0.03250	0.01540	0.00627	0.00200	0.00285	0.01397	0.00456	0.00399
45	0.00597	0.00498	0.00520	0.00515	0.00674	0.00422	0.00386	0.00737	0.01159	0.01419	0.15542	0.04579	0.68844	0.01211	0.00581	0.00164	0.00246	0.01016	0.00468	0.00422
46	0.01019	0.00873	0.01019	0.00728	0.01165	0.00655	0.00582	0.01237	0.01019	0.01601	0.00873	0.01019	0.00728	0.00364	0.00364	0.00073	0.00364	0.00291	0.00291	0.85734
47	0.00690	0.00498	0.00652	0.00622	0.00733	0.00460	0.00463	0.00913	0.01365	0.01929	0.74942	0.08252	0.04556	0.01036	0.00582	0.00157	0.00235	0.00918	0.00536	0.00460
48	0.00629	0.00449	0.00605	0.00719	0.00760	0.00425	0.00508	0.00736	0.00970	0.01288	0.02692	0.70464	0.03185	0.01511	0.00635	0.00204	0.00311	0.13046	0.00456	0.00407
49	0.00662	0.00619	0.05214	0.00611	0.00785	0.00482	0.00503	0.00867	0.01253	0.01667	0.42429	0.03979	0.36985	0.01078	0.00574	0.00160	0.00268	0.00923	0.00485	0.00458
50	0.86201	0.00950	0.00722	0.00646	0.00950	0.01102	0.00532	0.01445	0.00836	0.02205	0.00684	0.00798	0.00532	0.00456	0.00304	0.00152	0.00380	0.00266	0.00304	0.00532
51	0.01868	0.01376	0.01475	0.01131	0.01524	0.01524	0.00934	0.78025	0.02311	0.03097	0.01180	0.01180	0.00836	0.00590	0.00492	0.00147	0.00541	0.00442	0.00492	0.00836
52	0.00642	0.00531	0.00566	0.00552	0.00714	0.00472	0.00415	0.00862	0.05693	0.01501	0.20005	0.04345	0.59647	0.01162	0.00576	0.00164	0.00254	0.00979	0.00476	0.00446
53	0.00626	0.00462	0.00595	0.00676	0.00741	0.00419	0.00463	0.00725	0.00964	0.01285	0.02783	0.69905	0.09248	0.01444	0.00609	0.00190	0.00290	0.02764	0.00447	0.05366
54	0.00654	0.00605	0.00550	0.00543	0.00714	0.05089	0.00407	0.00778	0.01136	0.01320	0.04733	0.04506	0.74878	0.01202	0.00573	0.00164	0.00286	0.00995	0.00445	0.00424
55	0.01160	0.01326	0.02900	0.02071	0.02568	0.01243	0.77879	0.01574	0.01160	0.01574	0.00994	0.01326	0.00746	0.00414	0.00580	0.00166	0.00829	0.00580	0.00249	0.00663
56	0.68560	0.00995	0.00986	0.01138	0.17289	0.01116	0.00735	0.01458	0.00895	0.02080	0.00734	0.00885	0.00583	0.00452	0.00342	0.00151	0.00422	0.00302	0.00291	0.00583
57	0.01203	0.01248	0.06544	0.02922	0.75153	0.01166	0.01526	0.01511	0.01114	0.01603	0.00922	0.01206	0.00769	0.00440	0.00485	0.00147	0.00592	0.00434	0.00241	0.00775
58	0.01042	0.00999	0.01724	0.49773	0.30811	0.01126	0.04788	0.01361	0.01040	0.01396	0.00897	0.01277	0.00703	0.00469	0.00493	0.00157	0.00637	0.00443	0.00229	0.00635
59	0.00864	0.00765	0.01101	0.01007	0.01057	0.01002	0.00815	0.01010	0.00774	0.01159	0.01025	0.01559	0.00975	0.02457	0.46367	0.00540	0.36315	0.00485	0.00242	0.00482
60	0.70413	0.01047	0.00842	0.06820	0.01188	0.06744	0.00634	0.01513	0.03978	0.02056	0.00756	0.00884	0.00587	0.00471	0.00336	0.00152	0.00437	0.00294	0.00302	0.00546
61	0.00903	0.00740	0.00875	0.00718	0.01006	0.00619	0.00544	0.01172	0.06902	0.01568	0.09248	0.17364	0.01732	0.05355	0.00569	0.00136	0.00344	0.00611	0.00365	0.49231
62	0.00667	0.00476	0.00648	0.00762	0.00820	0.00458	0.00574	0.00801	0.01008	0.01330	0.02671	0.55433	0.03102	0.01476	0.00645	0.00209	0.00344	0.27704	0.00455	0.00418
63	0.01300	0.78257	0.02513	0.00867	0.01263	0.01919	0.00854	0.01455	0.00984	0.01158	0.00681	0.00805	0.00631	0.00446	0.00391	0.00112	0.05256	0.00273	0.00210	0.00625
64	0.00720	0.00475	0.00540	0.00540	0.00540	0.00475	0.00302	0.00712	0.00712	0.00949	0.01523	0.03153	0.01753	0.79789	0.02480	0.03569	0.00475	0.00704	0.00295	0.00295
65	0.02794	0.00632	0.00811	0.00737	0.00918	0.00583	0.00549	0.01437	0.02682	0.32214	0.02180	0.22218	0.05062	0.19322	0.00988	0.00242	0.00392	0.05198	0.00478	0.00562
66	0.02179	0.00877	0.01166	0.00894	0.01275	0.00783	0.00738	0.08112	0.01475	0.74190	0.01881	0.01635	0.01188	0.00607	0.00494	0.00152	0.00427	0.00490	0.00599	0.00836
67	0.02205	0.00836	0.01140	0.00874	0.01254	0.00722	0.00722	0.02395	0.01407	0.80004	0.01939	0.01673	0.01216	0.00608	0.00494	0.00152	0.00418	0.00494	0.00608	0.00836
68	0.00905	0.00675	0.00737	0.00693	0.00826	0.00701	0.00486	0.05556	0.19428	0.03568	0.02408	0.09200	0.16979	0.34144	0.01337	0.00293	0.00398	0.00772	0.00408	0.00487
69	0.01790	0.00764	0.00967	0.00780	0.01084	0.00706	0.00632	0.03420	0.07174	0.52487	0.01843	0.01717	0.01242	0.00603	0.00456	0.00143	0.00369	0.00489	0.22599	0.00734
70	0.00792	0.00566	0.00792	0.00905	0.01018	0.00566	0.00792	0.01018	0.01131	0.01471	0.02602	0.05543	0.02828	0.01358	0.00679	0.00226	0.00453	0.76356	0.00453	0.00453
71	0.00916	0.00458	0.00458	0.00458	0.00573	0.00458	0.00344	0.01145	0.01031	0.01832	0.01603	0.01832	0.01260	0.00573	0.00344	0.00115	0.00229	0.00458	0.85457	0.00458
72	0.00650	0.00521	0.00568	0.00576	0.00718	0.00464	0.00423	0.04123	0.01151	0.01434	0.09512	0.21889	0.53700	0.01265	0.00587	0.00172	0.00269	0.01081	0.00464	0.00433
73	0.86201	0.00950	0.00722	0.00646	0.00950	0.01102	0.00532	0.01445	0.00836	0.02205	0.00684	0.00798	0.00532	0.00456	0.00304	0.00152	0.00380	0.00266	0.00304	0.00532
74	0.00599	0.00428	0.00570	0.00684	0.00713	0.00399	0.00456	0.00684	0.00941	0.01254	0.02709	0.82409	0.03250	0.01540	0.00627	0.00200	0.00285	0.01397	0.00456	0.00399
75	0.01603	0.00726	0.00923	0.00754	0.01052	0.00637	0.00607	0.01823	0.04392	0.49336	0.07303	0.02691	0.24371	0.00820	0.00525	0.00157	0.00357	0.00679	0.00556	0.00689
76	0.00787	0.00462	0.00629	0.00652	0.00671	0.00462	0.00431	0.00749	0.04167	0.01019	0.01459	0.21498	0.01604	0.13508	0.01628	0.48573	0.00398	0.00711	0.00298	0.00296
77	0.00715	0.00476	0.00536	0.00536	0.00536	0.00476	0.00298	0.00715	0.00715	0.00953	0.01548	0.03216	0.01787	0.82729	0.02501	0.00476	0.00476	0.00715	0.00298	0.00298
78	0.01222	0.01056	0.01111	0.01000	0.01278	0.01222	0.00778	0.02611	0.78776	0.02056	0.02000	0.01833	0.01500	0.00667	0.00500	0.00167	0.00389	0.00556	0.00500	0.00778
79	0.00599	0.00428	0.00570	0.00684	0.00713	0.00399	0.00456	0.00684	0.00941	0.01254	0.02709	0.82409	0.03250	0.01540	0.00627	0.00200	0.00285	0.01397	0.00456	0.00399
80	0.02138	0.00822	0.01119	0.00863	0.01232	0.00711	0.00711	0.02330	0.01406	0.76566	0.05352	0.01761	0.01367	0.00626	0.00498	0.00152	0.00410	0.00512	0.00605	0.00820
81	0.01353	0.76926	0.02486	0.00873	0.01281	0.07903	0.00849	0.01509	0.01028	0.01160	0.00689	0.00796	0.00631	0.00427	0.00325	0.00107	0.00553	0.00267	0.00213	0.00626
82	0.01868	0.01376	0.01475	0.01131	0.01524	0.01524	0.00934	0.78025	0.02311	0.03097	0.01180	0.01180	0.00836	0.00590	0.00492	0.00147	0.00541	0.00442	0.00492	0.00836
83	0.01161	0.01270	0.02626	0.02154	0.15244	0.01213	0.60324	0.01592	0.04569	0.01594	0.01060	0.02910	0.00833	0.00451	0.00562	0.00163	0.00758	0.00571	0.00263	0.00682
84	0.00705	0.00518	0.00673	0.00693	0.00811	0.00485	0.00552	0.00914	0.01253	0.01694	0.41828	0.08010	0.14378	0.01172	0.00613	0.00180	0.00305	0.24268	0.00498	0.00451
85	0.01464	0.01245	0.01699	0.01318	0.01694	0.01339	0.19985	0.33202	0.26825	0.02352	0.01425	0.01505	0.01064	0.00585	0.00520	0.00160	0.00561	0.01856	0.00433	0.00767
86	0.01019	0.00873	0.01019	0.00728	0.01165	0.00655	0.00582	0.01237	0.01019	0.01601	0.00873	0.01019	0.00728	0.00364	0.00364	0.00073	0.00364	0.00291	0.00291	0.85734
87	0.01625	0.18596	0.01681	0.06959	0.07554	0.51374	0.00995	0.01786	0.01263	0.02807	0.00788	0.00937	0.00657	0.00485	0.00425	0.00127	0.00764	0.00327	0.00248	0.00602
88	0.00715	0.00476	0.00536	0.00536	0.00536	0.00476	0.00298	0.00715	0.00715	0.00953	0.01548	0.03216	0.01787	0.82729	0.02501	0.00476	0.00476	0.00715	0.00298	0.00298
89	0.01773	0.12867	0.01567	0.01182	0.01486	0.54048	0.00932	0.17482	0.01528	0.01585	0.00836	0.00933	0.00674	0.00512	0.00436	0.00128	0.00768	0.00335	0.00296	0.00632
90	0.07046	0.00769	0.00874	0.02063	0.01044	0.00784	0.00621	0.12263	0.11970	0.04855	0.03474	0.30396	0.07856	0.00992	0.00531	0.00167	0.00366	0.04166	0.00443	0.09320
91	0.00709	0.00520	0.00641	0.00675	0.00738	0.00531	0.00462	0.00901	0.07822	0.01226	0.02247	0.32047	0.08091	0.24924	0.12931	0.01873	0.00503	0.02367	0.00382	0.00409
92	0.86201	0.00950	0.00722	0.00646	0.00950	0.01102	0.00532	0.01445	0.00836	0.02205	0.00684	0.00798	0.00532	0.00456	0.00304	0.00152	0.00380	0.00266	0.00304	0.00532
93	0.00696	0.00502	0.00657	0.00618	0.00734	0.00464	0.00464	0.00927	0.01391	0.01971	0.79405	0.03671	0.04637	0.01005	0.00580	0.00155	0.00232	0.00889	0.00541	0.00464
94	0.02911	0.00657	0.00838	0.00713	0.00926	0.00593	0.00537	0.01544	0.01168	0.38456	0.11361	0.07140	0.07819	0.21904	0.01032	0.00240	0.00390	0.00687	0.00495	0.00591
95	0.00714	0.00519	0.00696	0.00792	0.00888	0.00501	0.00645	0.00893	0.01090	0.01418	0.05930	0.25703	0.11217	0.01380	0.00651	0.00210	0.00378	0.45483	0.00457	0.00435
96	0.00581	0.00498	0.00498	0.00498	0.00664	0.00415	0.00373	0.00705	0.01120	0.01328	0.04978	0.04729	0.79464	0.01245	0.00581	0.00166	0.00249	0.01037	0.00456	0.00415
97	0.01785	0.01319	0.01410	0.01096	0.01471	0.01462	0.00901	0.69534	0.08045	0.02972	0.01257	0.01253	0.00901	0.00595	0.00487	0.00148	0.00518	0.00452	0.03576	0.00818
98	0.33354	0.00748	0.00762	0.00747	0.00953	0.00809	0.00600	0.01383	0.08561	0.07470	0.01726	0.16651	0.01691	0.00879	0.00476	0.00175	0.00373	0.16587	0.05522	0.00533
99	0.02205	0.00836	0.01140	0.00874	0.01254	0.00722	0.00722	0.02395	0.01407	0.80004	0.01939	0.01673	0.01216	0.00608	0.00494	0.00152	0.00418	0.00494	0.00608	0.00836
100	0.00599	0.00428	0.00570	0.00684	0.00713	0.00399	0.00456	0.00684	0.00941	0.01254	0.02709	0.82409	0.03250	0.01540	0.00627	0.00200	0.00285	0.01397	0.00456	0.00399
101	0.00609	0.00438	0.00577	0.00670	0.00713	0.00407	0.00454	0.00712	0.00997	0.01336	0.11261	0.70895	0.06169	0.01470	0.00620	0.00193	0.00278	0.01328	0.00466	0.00407
102	0.00878	0.00462	0.00473	0.00473	0.00566	0.00462	0.00335	0.01063	0.00970	0.01664	0.01593	0.02096	0.01360	0.16247	0.00755	0.00184	0.00276	0.00507	0.69210	0.00427
103	0.01314	0.83025	0.02575	0.00841	0.01261	0.01945	0.00841	0.01472	0.00999	0.01156	0.00683	0.00788	0.00631	0.00420	0.00315	0.00105	0.00526	0.00263	0.00210	0.00631
104	0.02205	0.00836	0.01140	0.00874	0.01254	0.00722	0.00722	0.02395	0.01407	0.80004	0.01939	0.01673	0.01216	0.00608	0.00494	0.00152	0.00418	0.00494	0.00608	0.00836
105	0.01777	0.00742	0.01003	0.00802	0.01107	0.00649	0.00649	0.01979	0.01402	0.57874	0.23908	0.02239	0.02187	0.00721	0.00518	0.00153	0.00365	0.00606	0.00589	0.00731
106	0.00656	0.00549	0.00555	0.00535	0.00714	0.00479	0.00406	0.05204	0.01189	0.01431	0.04757	0.04523	0.74890	0.01206	0.00576	0.00165	0.00266	0.01003	0.00458	0.00439
107	0.81243	0.01043	0.05345	0.00690	0.01019	0.01105	0.00607	0.01451	0.00848	0.02167	0.00696	0.00812	0.00537	0.00457	0.00314	0.00152	0.00400	0.00272	0.00298	0.00543
108	0.01838	0.02286	0.01397	0.01258	0.01520	0.76147	0.00949	0.06388	0.01446	0.01313	0.00784	0.00903	0.00645	0.00511	0.00446	0.00128	0.00866	0.00324	0.00267	0.00585
109	0.00694	0.00501	0.00655	0.00619	0.00734	0.00463	0.00464	0.00923	0.01383	0.01958	0.78084	0.05027	0.04613	0.01014	0.00580	0.00155	0.00233	0.00897	0.00540	0.00463
110	0.01160	0.01326	0.02900	0.02071	0.02568	0.01243	0.77879	0.01574	0.01160	0.01574	0.00994	0.01326	0.00746	0.00414	0.00580	0.00166	0.00829	0.00580	0.00249	0.00663
111	0.01057	0.02443	0.75585	0.01370	0.02076	0.01117	0.01752	0.01605	0.01059	0.06120	0.00943	0.01074	0.00657	0.00475	0.00468	0.00155	0.00708	0.00371	0.00231	0.00733
112	0.01126	0.01059	0.01786	0.02674	0.68080	0.01055	0.01354	0.01387	0.01093	0.01554	0.01186	0.13129	0.01141	0.00600	0.00507	0.00154	0.00540	0.00579	0.00274	0.00723
113	0.02205	0.00836	0.01140	0.00874	0.01254	0.00722	0.00722	0.02395	0.01407	0.80004	0.01939	0.01673	0.01216	0.00608	0.00494	0.00152	0.00418	0.00494	0.00608	0.00836
114	0.00786	0.00562	0.00784	0.00888	0.01002	0.00560	0.00773	0.01013	0.01146	0.01500	0.07070	0.05434	0.02933	0.01337	0.00673	0.00222	0.00440	0.71966	0.00458	0.00453
115	0.00974	0.00921	0.01558	0.68929	0.15642	0.01104	0.01388	0.01296	0.01005	0.01312	0.00882	0.01295	0.00675	0.00483	0.00491	0.00161	0.00644	0.00437	0.00222	0.00583
116	0.01063	0.13011	0.58422	0.01564	0.13388	0.01252	0.01641	0.01538	0.01044	0.01510	0.00862	0.01031	0.00646	0.00456	0.00450	0.00148	0.00679	0.00361	0.00213	0.00721
117	0.00956	0.00894	0.01250	0.01104	0.01124	0.01205	0.00896	0.01069	0.00757	0.01151	0.00884	0.01475	0.00887	0.09392	0.19576	0.00370	0.55804	0.00479	0.00234	0.00492
118	0.01175	0.01178	0.01747	0.27551	0.43967	0.08521	0.01387	0.01452	0.01081	0.01434	0.00877	0.01208	0.00719	0.00485	0.00547	0.00154	0.05185	0.00426	0.00235	0.00672
119	0.02205	0.00836	0.01140	0.00874	0.01254	0.00722	0.00722	0.02395	0.01407	0.80004	0.01939	0.01673	0.01216	0.00608	0.00494	0.00152	0.00418	0.00494	0.00608	0.00836
120	0.01191	0.00968	0.01138	0.00827	0.01256	0.00816	0.02226	0.14333	0.01250	0.03503	0.00950	0.01066	0.00757	0.00409	0.00393	0.00089	0.00405	0.00327	0.00331	0.67765
121	0.01854	0.01796	0.01439	0.01190	0.01522	0.35966	0.00941	0.44961	0.01912	0.02274	0.00997	0.01052	0.00748	0.00554	0.00471	0.00138	0.00691	0.00388	0.00388	0.00720
122	0.01749	0.01551	0.01421	0.01153	0.01470	0.20802	0.00928	0.50266	0.01928	0.02441	0.04484	0.01210	0.00939	0.00608	0.00568	0.00148	0.06757	0.00430	0.00415	0.00732
123	0.01005	0.07224	0.75668	0.01368	0.02077	0.01188	0.01759	0.01551	0.01035	0.01533	0.00870	0.01023	0.00623	0.00464	0.00458	0.00153	0.00715	0.00357	0.00208	0.00721
124	0.00674	0.00497	0.00630	0.00606	0.00723	0.00453	0.00451	0.00883	0.01328	0.01841	0.64800	0.08396	0.14753	0.01068	0.00583	0.00159	0.00237	0.00939	0.00525	0.00453
125	0.00783	0.00522	0.00685	0.00633	0.00764	0.00479	0.00479	0.01013	0.01392	0.06511	0.74898	0.03555	0.04438	0.00982	0.00575	0.00154	0.00243	0.00866	0.00545	0.00485
126	0.00660	0.00472	0.00533	0.00555	0.00601	0.00446	0.00347	0.00706	0.00857	0.01103	0.02610	0.18928	0.21017	0.47124	0.01670	0.00347	0.00384	0.00926	0.00367	0.00346
127	0.00704	0.00518	0.00749	0.00749	0.00822	0.00592	0.00563	0.00851	0.00778	0.01110	0.01354	0.02139	0.01319	0.16503	0.68088	0.00739	0.01180	0.00557	0.00269	0.00416
128	0.01868	0.01376	0.01475	0.01131	0.01524	0.01524	0.00934	0.78025	0.02311	0.03097	0.01180	0.01180	0.00836	0.00590	0.00492	0.00147	0.00541	0.00442	0.00492	0.00836
129	0.00724	0.00558	0.00831	0.00819	0.00902	0.00666	0.00641	0.00895	0.00788	0.01143	0.01277	0.01881	0.01195	0.03521	0.76176	0.00756	0.06001	0.00521	0.00260	0.00445
130	0.86201	0.00950	0.00722	0.00646	0.00950	0.01102	0.00532	0.01445	0.00836	0.02205	0.00684	0.00798	0.00532	0.00456	0.00304	0.00152	0.00380	0.00266	0.00304	0.00532
131	0.00591	0.00458	0.00539	0.00603	0.00691	0.00406	0.00420	0.00693	0.01019	0.01286	0.03695	0.48642	0.36380	0.01411	0.00607	0.00185	0.00269	0.01241	0.00456	0.00406
132	0.86201	0.00950	0.00722	0.00646	0.00950	0.01102	0.00532	0.01445	0.00836	0.02205	0.00684	0.00798	0.00532	0.00456	0.00304	0.00152	0.00380	0.00266	0.00304	0.00532
133	0.00715	0.00476	0.00536	0.00536	0.00536	0.00476	0.00298	0.00715	0.00715	0.00953	0.01548	0.03216	0.01787	0.82729	0.02501	0.00476	0.00476	0.00715	0.00298	0.00298
134	0.00703	0.00501	0.00625	0.00617	0.00737	0.00458	0.00464	0.00899	0.01262	0.02973	0.48397	0.12265	0.17958	0.01101	0.00579	0.00164	0.00256	0.05336	0.04254	0.00453
135	0.00714	0.00523	0.00770	0.00770	0.00860	0.00605	0.00599	0.00893	0.00804	0.01181	0.01333	0.01925	0.01230	0.03505	0.76102	0.00750	0.01253	0.00523	0.05220	0.00440
136	0.00599	0.00428	0.00570	0.00684	0.00713	0.00399	0.00456	0.00684	0.00941	0.01254	0.02709	0.82409	0.03250	0.01540	0.00627	0.00200	0.00285	0.01397	0.00456	0.00399
137	0.01033	0.00572	0.00706	0.00670	0.00771	0.00547	0.00454	0.04118	0.00982	0.17266	0.01936	0.24814	0.02039	0.40150	0.01491	0.00320	0.00414	0.00848	0.00413	0.00457
138	0.00806	0.00525	0.00678	0.00627	0.00756	0.00482	0.00467	0.01013	0.01330	0.07767	0.64659	0.03528	0.07155	0.07191	0.00719	0.00179	0.00265	0.00852	0.00524	0.00477
139	0.00666	0.00507	0.00555	0.00546	0.00702	0.00434	0.00408	0.00807	0.01162	0.04573	0.16731	0.10249	0.58522	0.01202	0.00581	0.00166	0.00256	0.01018	0.00476	0.00438
140	0.00752	0.00537	0.00746	0.00859	0.00954	0.00531	0.00722	0.00948	0.01091	0.01425	0.02624	0.21610	0.02916	0.01396	0.00668	0.00221	0.00418	0.60688	0.00453	0.00441
141	0.00659	0.00479	0.00631	0.00729	0.00784	0.00463	0.00521	0.00829	0.04417	0.01351	0.05703	0.64231	0.03165	0.01453	0.00627	0.00200	0.00313	0.12560	0.00461	0.00426
142	0.00654	0.00475	0.00583	0.00603	0.00692	0.00436	0.00426	0.00801	0.01133	0.01541	0.32655	0.27948	0.17774	0.08040	0.00747	0.00196	0.00272	0.01042	0.03560	0.00421
143	0.01408	0.01148	0.01216	0.01038	0.01349	0.01309	0.00823	0.24352	0.56732	0.02356	0.01764	0.01645	0.01309	0.00645	0.00498	0.00161	0.00433	0.00523	0.00498	0.00795
144	0.78052	0.05086	0.00827	0.00668	0.00973	0.03164	0.00554	0.01453	0.00863	0.02119	0.00705	0.00821	0.00555	0.00458	0.00309	0.00148	0.00397	0.00271	0.02040	0.00537
145	0.01533	0.09093	0.01536	0.01236	0.01419	0.47041	0.00982	0.01656	0.01142	0.01192	0.00714	0.00941	0.00637	0.00618	0.00826	0.00154	0.28129	0.00350	0.00237	0.00564
146	0.00677	0.00461	0.00547	0.00584	0.00593	0.00451	0.00349	0.00705	0.00788	0.01051	0.01925	0.28896	0.02261	0.56402	0.01894	0.00387	0.00414	0.00936	0.00349	0.00331
147	0.00824	0.00509	0.00613	0.00589	0.00644	0.00493	0.00375	0.00890	0.00907	0.07456	0.16167	0.06645	0.02328	0.55967	0.03267	0.00384	0.00432	0.00756	0.00374	0.00379
148	0.01636	0.03029	0.01601	0.02814	0.13746	0.09035	0.04743	0.44477	0.09836	0.02432	0.01160	0.01226	0.00865	0.00553	0.00488	0.00148	0.00581	0.00444	0.00409	0.00778
149	0.75605	0.04368	0.00849	0.00685	0.01001	0.01141	0.00570	0.04858	0.00931	0.05312	0.00756	0.00850	0.00577	0.00467	0.00320	0.00150	0.00395	0.00283	0.00321	0.00562
150	0.00700	0.00475	0.00571	0.00589	0.00629	0.00456	0.00374	0.00767	0.00908	0.02495	0.14087	0.23029	0.06670	0.44255	0.01604	0.00336	0.00378	0.00925	0.00388	0.00364
151	0.01679	0.00892	0.04262	0.04498	0.04399	0.00788	0.00783	0.06208	0.05270	0.46146	0.13969	0.02052	0.05451	0.00685	0.00510	0.00154	0.00416	0.00572	0.00531	0.00736
152	0.00714	0.00478	0.00546	0.00546	0.00550	0.00482	0.00310	0.00721	0.00718	0.00960	0.01539	0.03165	0.01764	0.79595	0.05606	0.00489	0.00510	0.00707	0.00296	0.00303
153	0.07503	0.00602	0.00596	0.00550	0.00711	0.00630	0.00426	0.10055	0.01164	0.02007	0.01484	0.01678	0.01155	0.00566	0.00358	0.00121	0.00277	0.00442	0.69169	0.00507
154	0.01025	0.00549	0.00752	0.03222	0.00927	0.00515	0.00554	0.01132	0.02278	0.19504	0.02245	0.48977	0.02384	0.01293	0.00741	0.10101	0.00349	0.02505	0.00457	0.00491
155	0.01181	0.01781	0.33334	0.02907	0.05253	0.04331	0.30648	0.01665	0.04556	0.06749	0.02200	0.01269	0.00814	0.00474	0.00515	0.00158	0.00722	0.00473	0.00271	0.00701
156	0.01004	0.00971	0.01379	0.04385	0.01301	0.01333	0.01006	0.01132	0.00768	0.01178	0.00772	0.01234	0.00748	0.01341	0.15452	0.00314	0.64491	0.00447	0.00224	0.00521
157	0.01014	0.00862	0.01003	0.00737	0.01148	0.00672	0.00589	0.02845	0.02372	0.01619	0.01086	0.01263	0.03683	0.00487	0.01949	0.00096	0.00384	0.01553	0.00307	0.76332
158	0.02106	0.00600	0.00844	0.11497	0.02838	0.00613	0.02028	0.01011	0.04244	0.01576	0.26373	0.23911	0.06422	0.01097	0.00586	0.00180	0.00364	0.12791	0.00442	0.00478
159	0.01032	0.02238	0.61716	0.01647	0.09340	0.01158	0.12869	0.01554	0.01063	0.01563	0.00902	0.01096	0.00655	0.00457	0.00485	0.00156	0.00728	0.00402	0.00217	0.00722
160	0.01237	0.01003	0.01066	0.00949	0.01217	0.01141	0.00740	0.06862	0.63682	0.03735	0.05017	0.01865	0.01562	0.00667	0.00491	0.00161	0.00380	0.00554	0.06926	0.00746
161	0.00710	0.00496	0.00636	0.00636	0.00671	0.00531	0.00423	0.00779	0.00744	0.01027	0.01457	0.02708	0.01566	0.51506	0.33423	0.00600	0.00808	0.00640	0.00284	0.00353
162	0.77912	0.00904	0.00704	0.00636	0.00910	0.01042	0.00509	0.01374	0.00825	0.02083	0.00768	0.01033	0.00654	0.08434	0.00517	0.00184	0.00389	0.00310	0.00304	0.00509
163	0.00702	0.00526	0.00786	0.00786	0.00872	0.00612	0.00609	0.00875	0.00789	0.01138	0.01320	0.01951	0.01237	0.04938	0.79542	0.00785	0.01303	0.00530	0.00264	0.00437
164	0.50720	0.00943	0.00924	0.00762	0.01099	0.01003	0.00629	0.07590	0.01146	0.29203	0.01156	0.01130	0.00792	0.00519	0.00384	0.00152	0.00406	0.00358	0.00424	0.00661
165	0.00713	0.00476	0.00537	0.00539	0.00539	0.00475	0.00301	0.00714	0.00719	0.00958	0.01569	0.04611	0.01812	0.81299	0.02468	0.00472	0.00473	0.00727	0.00301	0.00300
166	0.00616	0.00435	0.00565	0.00662	0.00687	0.00411	0.00433	0.00689	0.00907	0.01210	0.02537	0.70672	0.03033	0.13572	0.00905	0.00241	0.00313	0.01296	0.00433	0.00384
167	0.00690	0.00471	0.00539	0.00556	0.00569	0.00462	0.00325	0.00710	0.00771	0.01019	0.01918	0.14923	0.06521	0.66076	0.02115	0.00418	0.00435	0.00834	0.00330	0.00319
168	0.01868	0.01376	0.01475	0.01131	0.01524	0.01524	0.00934	0.78025	0.02311	0.03097	0.01180	0.01180	0.00836	0.00590	0.00492	0.00147	0.00541	0.00442	0.00492	0.00836
169	0.00613	0.00439	0.00583	0.00675	0.00716	0.00409	0.00457	0.00720	0.01007	0.01360	0.13961	0.70856	0.03454	0.01461	0.00620	0.00193	0.00277	0.01322	0.00469	0.00409
