[name]
unknown

[dist]
# distance from previous block
# <min> <max>
2	27

[block]
# block no. 0 follows, 49 sequences, length 96
# corresponding to MSA columns:
# 27-122
name=unknown_A
#
# <colnr> <probs for GDERKNQSTAVLIFYWHMCP>
#	G	D	E	R	K	N	Q	S	T	A	V	L	I	F	Y	W	H	M	C	P
0	0.00729	0.00486	0.00646	0.00732	0.00801	0.00453	0.00524	0.00848	0.01042	0.05348	0.05528	0.61942	0.06507	0.01479	0.00641	0.00203	0.00319	0.10848	0.00480	0.00444
1	0.08554	0.00521	0.00597	0.00631	0.00706	0.00510	0.00426	0.00823	0.00981	0.01412	0.13401	0.34708	0.10271	0.22869	0.01117	0.00267	0.00343	0.01031	0.00424	0.00407
2	0.21659	0.01182	0.01235	0.35813	0.02189	0.15931	0.01014	0.03628	0.01104	0.04202	0.01014	0.07033	0.00859	0.00585	0.00460	0.00160	0.00611	0.00458	0.00292	0.00570
3	0.00655	0.00465	0.00567	0.00632	0.00666	0.00439	0.00405	0.00717	0.00909	0.01193	0.02629	0.47035	0.10838	0.28949	0.01295	0.00298	0.00356	0.01160	0.00414	0.00377
4	0.00711	0.00502	0.00592	0.00604	0.00697	0.00459	0.00420	0.00806	0.01048	0.03177	0.14674	0.17832	0.28368	0.19915	0.01132	0.04610	0.00334	0.03280	0.00436	0.00405
5	0.00666	0.00490	0.00626	0.00660	0.00752	0.00450	0.00478	0.00830	0.01200	0.01624	0.35214	0.34129	0.14591	0.01299	0.00621	0.00182	0.00274	0.04964	0.00506	0.00444
6	0.01069	0.01010	0.00873	0.00860	0.00975	0.18939	0.00629	0.01287	0.08175	0.01273	0.01711	0.03203	0.01796	0.36344	0.01443	0.00316	0.00573	0.18715	0.00354	0.00455
7	0.00769	0.00520	0.00571	0.00566	0.00697	0.00481	0.00414	0.02852	0.01160	0.02535	0.14811	0.12437	0.31453	0.05821	0.00652	0.00177	0.00276	0.00889	0.22465	0.00453
8	0.00673	0.00474	0.00603	0.00675	0.00733	0.00446	0.00471	0.00792	0.01032	0.01397	0.11785	0.48206	0.08342	0.10305	0.00839	0.00227	0.00318	0.07741	0.04524	0.00416
9	0.01352	0.82533	0.02650	0.00865	0.01298	0.02001	0.00865	0.01514	0.01027	0.01190	0.00703	0.00811	0.00649	0.00433	0.00324	0.00108	0.00541	0.00270	0.00216	0.00649
10	0.01049	0.00899	0.01049	0.00749	0.01198	0.00674	0.00599	0.01273	0.01049	0.01648	0.00899	0.01049	0.00749	0.00374	0.00374	0.00075	0.00374	0.00300	0.00300	0.85320
11	0.00781	0.00543	0.00643	0.00663	0.00708	0.00543	0.00426	0.06831	0.00963	0.01285	0.02058	0.35696	0.02384	0.42319	0.01610	0.00345	0.00414	0.01004	0.00390	0.00394
12	0.38060	0.01102	0.01498	0.03340	0.29674	0.01211	0.07263	0.01491	0.00988	0.01868	0.00820	0.01061	0.00672	0.00500	0.00540	0.00162	0.08437	0.00385	0.00275	0.00652
13	0.00605	0.00485	0.00540	0.00585	0.00702	0.00421	0.00416	0.00718	0.01083	0.01338	0.04242	0.33907	0.50397	0.01395	0.00616	0.00184	0.00270	0.01207	0.00470	0.00421
14	0.39929	0.00724	0.00670	0.00632	0.00843	0.00766	0.00490	0.01138	0.01035	0.03019	0.15914	0.08229	0.19043	0.00898	0.00535	0.04253	0.00329	0.00663	0.00403	0.00487
15	0.00955	0.00899	0.01517	0.81013	0.03483	0.01123	0.01404	0.01292	0.01011	0.01292	0.00899	0.01348	0.00674	0.00506	0.00506	0.00169	0.00674	0.00449	0.00225	0.00562
16	0.01339	0.01490	0.01577	0.39353	0.15559	0.29415	0.01276	0.01596	0.01186	0.01333	0.00866	0.01176	0.00687	0.00502	0.00487	0.00152	0.00747	0.00405	0.00242	0.00611
17	0.00715	0.00501	0.00659	0.00675	0.00717	0.00528	0.00459	0.00798	0.00823	0.01134	0.04487	0.14836	0.01945	0.36543	0.30475	0.02462	0.00765	0.00772	0.00326	0.00379
18	0.00668	0.00487	0.00594	0.00617	0.00694	0.00451	0.00423	0.00793	0.01099	0.01472	0.26719	0.27415	0.17267	0.17795	0.01014	0.00243	0.00310	0.01063	0.00463	0.00413
19	0.00657	0.00488	0.00569	0.00594	0.00676	0.00447	0.00403	0.00760	0.01045	0.01359	0.15826	0.24952	0.27060	0.21578	0.01105	0.00258	0.00322	0.01058	0.00443	0.00401
20	0.01084	0.01031	0.01759	0.43361	0.36668	0.01148	0.02720	0.01402	0.01071	0.01453	0.00936	0.01322	0.00747	0.00564	0.02539	0.00177	0.00662	0.00455	0.00238	0.00666
21	0.01049	0.00899	0.01049	0.00749	0.01198	0.00674	0.00599	0.01273	0.01049	0.01648	0.00899	0.01049	0.00749	0.00374	0.00374	0.00075	0.00374	0.00300	0.00300	0.85320
22	0.02594	0.00736	0.00890	0.00765	0.01019	0.00687	0.00601	0.07099	0.05882	0.29222	0.13888	0.10236	0.22386	0.00946	0.00555	0.00166	0.00351	0.00797	0.00540	0.00641
23	0.02796	0.00714	0.00941	0.04204	0.01142	0.00683	0.00672	0.05434	0.03135	0.29859	0.18145	0.18765	0.02487	0.01013	0.01998	0.00185	0.00397	0.06268	0.00530	0.00633
24	0.01395	0.07384	0.01496	0.07308	0.13075	0.24680	0.02358	0.05984	0.17171	0.01695	0.11106	0.01580	0.01401	0.00606	0.00492	0.00149	0.00609	0.00487	0.00357	0.00668
25	0.00906	0.00628	0.00755	0.00756	0.00871	0.00633	0.00539	0.06664	0.09996	0.05817	0.07722	0.39733	0.05332	0.14215	0.00918	0.00237	0.00363	0.02947	0.00466	0.00503
26	0.43566	0.00924	0.00900	0.00786	0.01079	0.01003	0.00629	0.07340	0.08425	0.16927	0.02703	0.11247	0.01219	0.00678	0.00430	0.00164	0.00397	0.00516	0.00430	0.00636
27	0.00860	0.00643	0.00849	0.00926	0.06891	0.00656	0.00621	0.08122	0.01104	0.01476	0.06312	0.29874	0.14532	0.01496	0.07089	0.13009	0.03754	0.00920	0.00397	0.00470
28	0.02959	0.09827	0.01526	0.01291	0.09912	0.29737	0.02633	0.01957	0.01330	0.24838	0.03794	0.01295	0.00993	0.00542	0.00465	0.00137	0.00634	0.00412	0.00377	0.05341
29	0.01159	0.00625	0.00807	0.00722	0.00923	0.00569	0.00558	0.01378	0.03216	0.24662	0.29953	0.11527	0.14924	0.01165	0.05272	0.00204	0.00374	0.00844	0.00536	0.00582
30	0.01202	0.00632	0.00880	0.00794	0.00964	0.00640	0.00611	0.01361	0.01012	0.25358	0.03518	0.02157	0.01438	0.15076	0.41388	0.00543	0.00905	0.00571	0.00393	0.00556
31	0.01135	0.36152	0.41398	0.01140	0.01708	0.01472	0.01344	0.01517	0.01077	0.01459	0.06513	0.01157	0.00946	0.00501	0.00423	0.00138	0.00623	0.00370	0.00240	0.00686
32	0.06289	0.13584	0.35771	0.25042	0.05181	0.01281	0.03165	0.01488	0.01038	0.01493	0.00867	0.01112	0.00655	0.00478	0.00458	0.00155	0.00670	0.00383	0.00226	0.00666
33	0.00712	0.00520	0.00702	0.00701	0.00778	0.00553	0.00510	0.00852	0.00916	0.01275	0.13342	0.06223	0.07003	0.21363	0.41632	0.00572	0.00869	0.00715	0.00343	0.00418
34	0.01170	0.01127	0.01948	0.23972	0.55586	0.01184	0.04683	0.01485	0.01116	0.01554	0.00940	0.01282	0.00766	0.00464	0.00506	0.00156	0.00631	0.00456	0.00244	0.00732
35	0.07734	0.01062	0.02965	0.08370	0.01490	0.01097	0.00846	0.28629	0.07263	0.17657	0.14148	0.01844	0.03315	0.00679	0.00509	0.00158	0.00465	0.00547	0.00491	0.00730
36	0.01133	0.01080	0.01838	0.34318	0.48789	0.01170	0.01493	0.01448	0.01095	0.01508	0.00930	0.01290	0.00750	0.00473	0.00503	0.00158	0.00630	0.00450	0.00240	0.00705
37	0.01734	0.01007	0.01377	0.01469	0.20075	0.01001	0.00955	0.02308	0.23324	0.38531	0.01761	0.01655	0.01226	0.00601	0.00508	0.00159	0.00463	0.00513	0.00503	0.00829
38	0.01213	0.39645	0.19177	0.05157	0.01608	0.06125	0.04970	0.01476	0.01057	0.02974	0.01008	0.07011	0.00930	0.05023	0.00540	0.00156	0.00608	0.00438	0.00253	0.00632
39	0.01206	0.10001	0.32033	0.03413	0.21635	0.01177	0.06535	0.01591	0.01134	0.08762	0.01314	0.01452	0.06464	0.00537	0.00489	0.00154	0.00629	0.00463	0.00283	0.00730
40	0.09249	0.01226	0.01752	0.02296	0.48865	0.01287	0.01275	0.19915	0.05641	0.02105	0.01052	0.01237	0.00832	0.00503	0.00485	0.00152	0.00560	0.00442	0.00332	0.00792
41	0.00699	0.00502	0.00653	0.00643	0.00740	0.00466	0.00466	0.00898	0.01312	0.01841	0.61236	0.17459	0.04360	0.05581	0.00713	0.00185	0.00262	0.00996	0.00528	0.00456
42	0.22022	0.22818	0.09752	0.01194	0.04757	0.20270	0.08022	0.01671	0.02596	0.01584	0.00809	0.00954	0.00659	0.00473	0.00405	0.00139	0.00643	0.00339	0.00261	0.00632
43	0.05952	0.01215	0.06890	0.01040	0.01372	0.01254	0.00874	0.14309	0.52333	0.02252	0.05697	0.01758	0.01480	0.00664	0.00504	0.00166	0.00442	0.00540	0.00482	0.00776
44	0.01135	0.00887	0.00994	0.00906	0.01135	0.00964	0.00710	0.11493	0.34965	0.03814	0.16550	0.09453	0.06520	0.00910	0.00560	0.00175	0.00379	0.07269	0.00513	0.00666
45	0.01133	0.01131	0.02076	0.30612	0.34567	0.01192	0.18928	0.01475	0.01111	0.01516	0.00949	0.01312	0.00748	0.00465	0.00525	0.00161	0.00685	0.00484	0.00242	0.00688
46	0.01518	0.02252	0.35480	0.01316	0.01816	0.29178	0.01346	0.11831	0.03201	0.05960	0.00990	0.01087	0.00728	0.00524	0.00477	0.00149	0.00755	0.00379	0.00298	0.00713
47	0.00811	0.00511	0.00665	0.00688	0.00792	0.00465	0.00492	0.00956	0.01163	0.09503	0.23982	0.44908	0.10524	0.01305	0.00613	0.00184	0.00289	0.01163	0.00510	0.00477
48	0.00697	0.00507	0.00605	0.00604	0.00691	0.00473	0.00422	0.00828	0.01113	0.01489	0.30536	0.08572	0.19081	0.26671	0.01227	0.00272	0.00337	0.05018	0.00450	0.00408
49	0.00616	0.00440	0.00587	0.00704	0.00733	0.00411	0.00469	0.00704	0.00968	0.01291	0.02787	0.81899	0.03344	0.01584	0.00645	0.00205	0.00293	0.01438	0.00469	0.00411
50	0.01091	0.01037	0.01762	0.45361	0.38075	0.01159	0.01472	0.01411	0.01075	0.01457	0.00923	0.01304	0.00732	0.00480	0.00503	0.00160	0.00641	0.00450	0.00236	0.00671
51	0.00621	0.00448	0.00589	0.00696	0.00736	0.00416	0.00470	0.00718	0.00995	0.01322	0.05439	0.74603	0.07015	0.01549	0.00642	0.00203	0.00292	0.02361	0.00472	0.00414
52	0.37754	0.00707	0.00626	0.00596	0.00778	0.00751	0.00438	0.01059	0.00907	0.01654	0.02170	0.05586	0.21395	0.22496	0.01002	0.00251	0.00379	0.00647	0.00358	0.00447
53	0.00994	0.00557	0.00724	0.00707	0.00853	0.00500	0.00520	0.01144	0.01199	0.18359	0.19988	0.37501	0.12533	0.01216	0.00599	0.00180	0.00306	0.01073	0.00523	0.00525
54	0.00883	0.00564	0.00669	0.00615	0.00798	0.00491	0.00471	0.01062	0.01300	0.12847	0.32422	0.04004	0.39796	0.01093	0.00584	0.00164	0.00275	0.00929	0.00525	0.00508
55	0.01536	0.00789	0.00997	0.00816	0.01093	0.00742	0.00653	0.12430	0.01558	0.34786	0.31639	0.02602	0.06525	0.00814	0.00547	0.00158	0.00365	0.00686	0.00574	0.00691
56	0.00783	0.00582	0.00668	0.00682	0.00754	0.00597	0.00452	0.01075	0.14436	0.01327	0.04599	0.27004	0.06556	0.36526	0.01458	0.00320	0.00394	0.00943	0.00409	0.00437
57	0.01269	0.00644	0.00827	0.00708	0.00940	0.00566	0.00557	0.01469	0.01379	0.30696	0.34808	0.03240	0.18958	0.00934	0.00564	0.00161	0.00314	0.00795	0.00564	0.00609
58	0.40051	0.00733	0.00703	0.00646	0.00847	0.00787	0.00497	0.01205	0.01097	0.03423	0.33441	0.02327	0.02457	0.09080	0.00666	0.00192	0.00338	0.00593	0.00420	0.00499
59	0.00888	0.00586	0.00700	0.00646	0.00740	0.00576	0.00441	0.06504	0.01159	0.05316	0.31514	0.03261	0.02876	0.40873	0.01557	0.00321	0.00395	0.00773	0.00433	0.00440
60	0.01052	0.00766	0.00898	0.00858	0.01012	0.00797	0.00634	0.26322	0.01439	0.01924	0.02262	0.54944	0.02514	0.01258	0.00599	0.00187	0.00381	0.01109	0.00482	0.00561
61	0.00630	0.00497	0.00569	0.00586	0.00712	0.00435	0.00426	0.00776	0.01177	0.01508	0.22372	0.22343	0.43590	0.01291	0.00608	0.00176	0.00260	0.01116	0.00491	0.00435
62	0.00664	0.00508	0.00579	0.00569	0.00687	0.00455	0.00406	0.00807	0.01170	0.01527	0.30321	0.06798	0.36479	0.15699	0.00953	0.00225	0.00293	0.00967	0.00471	0.00422
63	0.00878	0.00448	0.00621	0.00621	0.00640	0.00448	0.00416	0.00746	0.00728	0.01044	0.01052	0.01721	0.01014	0.07453	0.01765	0.65702	0.00411	0.00466	0.13560	0.00266
64	0.14704	0.00745	0.00864	0.00766	0.01015	0.00726	0.00597	0.01690	0.07649	0.30830	0.02205	0.20400	0.07839	0.00877	0.00506	0.00167	0.00362	0.00734	0.06686	0.00639
65	0.02134	0.01077	0.01307	0.01002	0.01399	0.01064	0.00828	0.31601	0.01809	0.49777	0.01691	0.01524	0.01099	0.00619	0.00507	0.00155	0.00479	0.00488	0.00579	0.00860
66	0.00670	0.00514	0.00610	0.00586	0.00723	0.00458	0.00437	0.00861	0.01308	0.01747	0.48438	0.04190	0.33522	0.02933	0.00641	0.00171	0.00251	0.00970	0.00517	0.00454
67	0.00708	0.00479	0.00560	0.00587	0.00593	0.00472	0.00344	0.00728	0.00789	0.01052	0.01868	0.21407	0.02185	0.63658	0.02130	0.00425	0.00445	0.00897	0.00344	0.00330
68	0.00719	0.00512	0.00687	0.00789	0.00860	0.00498	0.00611	0.00866	0.01041	0.01366	0.02683	0.37216	0.04977	0.09209	0.00853	0.00244	0.00391	0.35600	0.00452	0.00426
69	0.00722	0.00542	0.00813	0.00813	0.00903	0.00632	0.00632	0.00903	0.00813	0.01174	0.01354	0.01987	0.01264	0.03792	0.80225	0.00813	0.01354	0.00542	0.00271	0.00451
70	0.01305	0.00639	0.00822	0.00733	0.00954	0.00559	0.00564	0.01464	0.01262	0.33598	0.11828	0.22039	0.20039	0.01055	0.00572	0.00172	0.00335	0.00909	0.00544	0.00608
71	0.01240	0.00662	0.00895	0.00814	0.01000	0.00658	0.00627	0.03370	0.04005	0.25899	0.06390	0.16365	0.01868	0.06058	0.27275	0.00402	0.00708	0.00722	0.00452	0.00590
72	0.00735	0.00490	0.00552	0.00552	0.00552	0.00490	0.00306	0.00735	0.00735	0.00980	0.01593	0.03309	0.01838	0.82229	0.02574	0.00490	0.00490	0.00735	0.00306	0.00306
73	0.00750	0.00583	0.00866	0.00850	0.00934	0.00699	0.00667	0.00926	0.00810	0.01177	0.01304	0.01922	0.01220	0.03580	0.74484	0.00769	0.07196	0.00535	0.00267	0.00459
74	0.00698	0.00518	0.00761	0.00788	0.00864	0.00581	0.00595	0.00857	0.00848	0.01201	0.01684	0.20389	0.01743	0.03284	0.61899	0.00673	0.01110	0.00748	0.00317	0.00442
75	0.01337	0.00931	0.01071	0.00928	0.01183	0.00981	0.00746	0.28529	0.09961	0.08788	0.15246	0.08986	0.05530	0.02373	0.00601	0.00178	0.00427	0.11023	0.00512	0.00669
76	0.00722	0.00542	0.00813	0.00813	0.00903	0.00632	0.00632	0.00903	0.00813	0.01174	0.01354	0.01987	0.01264	0.03792	0.80225	0.00813	0.01354	0.00542	0.00271	0.00451
77	0.00815	0.00582	0.00815	0.00931	0.01048	0.00582	0.00815	0.01048	0.01164	0.01513	0.02677	0.05704	0.02910	0.01397	0.00698	0.00233	0.00466	0.75671	0.00466	0.00466
78	0.01049	0.00899	0.01049	0.00749	0.01198	0.00674	0.00599	0.01273	0.01049	0.01648	0.00899	0.01049	0.00749	0.00374	0.00374	0.00075	0.00374	0.00300	0.00300	0.85320
79	0.01705	0.01072	0.01231	0.00986	0.01354	0.01100	0.00796	0.20473	0.26396	0.26274	0.01689	0.01568	0.01188	0.00609	0.00493	0.00150	0.00444	0.00490	0.00520	0.11461
80	0.00821	0.00631	0.00716	0.00655	0.00833	0.00597	0.00504	0.10633	0.01431	0.01890	0.36751	0.03935	0.35528	0.01088	0.00587	0.00164	0.00290	0.01928	0.00512	0.00505
81	0.01332	0.01126	0.06841	0.00970	0.01273	0.01081	0.00818	0.41287	0.01749	0.02327	0.02186	0.21255	0.13708	0.00940	0.00552	0.00168	0.00460	0.00783	0.00470	0.00675
82	0.01111	0.01120	0.01622	0.01369	0.01395	0.01535	0.05006	0.01238	0.00796	0.01238	0.00682	0.01120	0.00669	0.00862	0.01605	0.00219	0.77183	0.00450	0.00223	0.00560
83	0.00956	0.00804	0.02394	0.00839	0.01038	0.00831	0.00658	0.01711	0.34814	0.01994	0.36383	0.07407	0.03127	0.00918	0.00566	0.00170	0.00331	0.03916	0.00523	0.00619
84	0.01107	0.01054	0.01792	0.41035	0.42271	0.01163	0.01480	0.01425	0.01083	0.01477	0.00926	0.01299	0.00739	0.00477	0.00503	0.00159	0.00636	0.00450	0.00238	0.00684
85	0.01168	0.25473	0.01543	0.00803	0.01241	0.03750	0.00692	0.01371	0.01055	0.01496	0.00836	0.00973	0.00716	0.00397	0.00362	0.00087	0.00443	0.00292	0.00273	0.57032
86	0.00866	0.00552	0.00715	0.00654	0.00805	0.00501	0.00498	0.01092	0.01413	0.09905	0.65558	0.03646	0.09825	0.01010	0.00587	0.00160	0.00259	0.00884	0.00557	0.00513
87	0.01010	0.00960	0.01349	0.01184	0.01202	0.01309	0.00969	0.01129	0.00780	0.01196	0.00851	0.01397	0.00846	0.05640	0.17616	0.00355	0.60974	0.00478	0.00236	0.00520
88	0.00734	0.00524	0.00722	0.00839	0.00920	0.00512	0.00674	0.00908	0.01084	0.01423	0.02722	0.36726	0.03087	0.01473	0.00677	0.00222	0.00395	0.45448	0.00467	0.00443
89	0.01426	0.01713	0.02466	0.01854	0.02282	0.27644	0.51761	0.01753	0.01274	0.01492	0.00942	0.01213	0.00729	0.00458	0.00550	0.00157	0.00872	0.00506	0.00257	0.00650
90	0.00704	0.00509	0.00638	0.00649	0.00709	0.00523	0.00446	0.00793	0.00849	0.01134	0.02155	0.08403	0.13440	0.37380	0.27180	0.00521	0.00720	0.02530	0.00334	0.00382
91	0.01231	0.07060	0.01814	0.28656	0.35941	0.01276	0.01351	0.09561	0.05167	0.01684	0.01000	0.01280	0.00792	0.00496	0.00491	0.00154	0.00606	0.00444	0.00280	0.00716
92	0.01288	0.14882	0.12917	0.01577	0.19397	0.01381	0.03052	0.08002	0.28629	0.01854	0.01320	0.01378	0.01021	0.00548	0.00476	0.00153	0.00543	0.00457	0.00354	0.00770
93	0.00880	0.00482	0.00507	0.00522	0.00640	0.00472	0.00397	0.01096	0.01072	0.01772	0.02143	0.06855	0.09470	0.00774	0.00420	0.00136	0.00258	0.06080	0.65562	0.00463
94	0.00857	0.00684	0.00962	0.00977	0.06062	0.02316	0.07506	0.01033	0.01034	0.01493	0.02141	0.36758	0.06587	0.01048	0.00609	0.00171	0.05262	0.00926	0.19884	0.03691
95	0.01277	0.48398	0.24521	0.01148	0.05141	0.01660	0.01182	0.06238	0.01129	0.01467	0.00811	0.00937	0.00670	0.00456	0.00390	0.00127	0.00598	0.00321	0.00238	0.03294

[dist]
# distance from previous block
# <min> <max>
5	16

[block]
# block no. 1 follows, 49 sequences, length 13
# corresponding to MSA columns:
# 139-151
name=unknown_B
#
# <colnr> <probs for GDERKNQSTAVLIFYWHMCP>
#	G	D	E	R	K	N	Q	S	T	A	V	L	I	F	Y	W	H	M	C	P
0	0.10081	0.01098	0.01273	0.01027	0.01390	0.01150	0.06591	0.12842	0.34788	0.02134	0.01438	0.01437	0.01091	0.00557	0.00465	0.00144	0.00450	0.00460	0.00421	0.21162
1	0.00731	0.00508	0.00643	0.00643	0.00675	0.00540	0.00421	0.00794	0.00762	0.01048	0.01510	0.02845	0.01637	0.54717	0.29810	0.00603	0.00793	0.00667	0.00294	0.00357
2	0.01049	0.00899	0.01049	0.00749	0.01198	0.00674	0.00599	0.01273	0.01049	0.01648	0.00899	0.01049	0.00749	0.00374	0.00374	0.00075	0.00374	0.00300	0.00300	0.85320
3	0.01193	0.01039	0.01314	0.01130	0.01316	0.01245	0.04352	0.11129	0.26733	0.01849	0.07328	0.01976	0.01491	0.03750	0.02535	0.00211	0.25117	0.05236	0.00400	0.00657
4	0.02087	0.15615	0.01456	0.00906	0.01305	0.01010	0.00776	0.05900	0.01416	0.61646	0.01724	0.01533	0.01124	0.00590	0.00475	0.00148	0.00456	0.00463	0.00546	0.00822
5	0.01339	0.01452	0.01497	0.01386	0.05836	0.22167	0.01060	0.01628	0.10497	0.01358	0.00883	0.01160	0.00777	0.00740	0.01136	0.00187	0.45594	0.00428	0.00269	0.00606
6	0.00693	0.00499	0.00655	0.00652	0.00750	0.00462	0.00475	0.00896	0.01324	0.01857	0.61157	0.21915	0.04440	0.01162	0.00608	0.00170	0.00251	0.01036	0.00536	0.00462
7	0.01618	0.01096	0.01603	0.01214	0.01593	0.01084	0.18519	0.26301	0.01666	0.22603	0.09736	0.01928	0.07310	0.00666	0.00544	0.00160	0.00536	0.00597	0.00482	0.00746
8	0.00616	0.00440	0.00587	0.00704	0.00733	0.00411	0.00469	0.00704	0.00968	0.01291	0.02787	0.81899	0.03344	0.01584	0.00645	0.00205	0.00293	0.01438	0.00469	0.00411
9	0.01345	0.01270	0.01184	0.01067	0.01349	0.12188	0.00825	0.02595	0.67537	0.01994	0.01881	0.01752	0.01420	0.00663	0.00506	0.00166	0.00471	0.00538	0.00479	0.00771
10	0.01415	0.01564	0.01860	0.11930	0.39229	0.26482	0.07135	0.01675	0.01228	0.01473	0.00896	0.01163	0.00735	0.00478	0.00494	0.00148	0.00728	0.00422	0.00251	0.00694
11	0.01302	0.01344	0.01834	0.02388	0.47906	0.12231	0.01355	0.01529	0.01091	0.01480	0.00852	0.01166	0.00744	0.00575	0.00799	0.00166	0.21857	0.00431	0.00244	0.00706
12	0.01183	0.01334	0.02818	0.02039	0.02491	0.01310	0.68449	0.01573	0.01145	0.01573	0.00982	0.01334	0.00755	0.00479	0.00719	0.00176	0.10140	0.00579	0.00252	0.00667

[dist]
# distance from previous block
# <min> <max>
0	1

[block]
# block no. 2 follows, 49 sequences, length 22
# corresponding to MSA columns:
# 153-174
name=unknown_C
#
# <colnr> <probs for GDERKNQSTAVLIFYWHMCP>
#	G	D	E	R	K	N	Q	S	T	A	V	L	I	F	Y	W	H	M	C	P
0	0.00686	0.00517	0.00732	0.00749	0.00807	0.00490	0.05468	0.00774	0.00926	0.01231	0.02434	0.52266	0.05611	0.23493	0.01166	0.00279	0.00382	0.01177	0.00411	0.00401
1	0.00659	0.00470	0.00636	0.00753	0.00801	0.00447	0.00543	0.00778	0.01010	0.01338	0.02764	0.65588	0.03252	0.01544	0.00657	0.00211	0.00330	0.17329	0.00469	0.00422
2	0.00815	0.00582	0.00815	0.00931	0.01048	0.00582	0.00815	0.01048	0.01164	0.01513	0.02677	0.05704	0.02910	0.01397	0.00698	0.00233	0.00466	0.75671	0.00466	0.00466
3	0.00716	0.00517	0.00676	0.00636	0.00755	0.00477	0.00477	0.00954	0.01431	0.02028	0.78808	0.03777	0.04771	0.01034	0.00596	0.00159	0.00239	0.00914	0.00557	0.00477
4	0.85801	0.00978	0.00743	0.00665	0.00978	0.01134	0.00548	0.01486	0.00861	0.02269	0.00704	0.00821	0.00548	0.00469	0.00313	0.00156	0.00391	0.00274	0.00313	0.00548
5	0.01194	0.01364	0.02984	0.02131	0.02643	0.01279	0.77238	0.01620	0.01194	0.01620	0.01023	0.01364	0.00767	0.00426	0.00597	0.00171	0.00853	0.00597	0.00256	0.00682
6	0.01696	0.00914	0.01185	0.00880	0.01300	0.00763	0.02851	0.05025	0.01306	0.40395	0.01461	0.01399	0.01004	0.00511	0.00453	0.00121	0.00423	0.00418	0.00469	0.37425
7	0.00722	0.00542	0.00813	0.00813	0.00903	0.00632	0.00632	0.00903	0.00813	0.01174	0.01354	0.01987	0.01264	0.03792	0.80225	0.00813	0.01354	0.00542	0.00271	0.00451
8	0.01095	0.01038	0.01702	0.20860	0.44669	0.01123	0.01339	0.01372	0.01100	0.01530	0.05608	0.01642	0.06116	0.00591	0.00620	0.00163	0.07963	0.00516	0.00273	0.00679
9	0.00664	0.00506	0.00610	0.00603	0.00728	0.00452	0.00445	0.00846	0.01280	0.01714	0.44583	0.13717	0.29647	0.01185	0.00603	0.00169	0.00251	0.01030	0.00517	0.00452
10	0.00848	0.00757	0.00768	0.00726	0.00907	0.04601	0.00553	0.01280	0.18393	0.01611	0.14266	0.06810	0.40989	0.01071	0.00619	0.00171	0.03743	0.00887	0.00471	0.00530
11	0.00661	0.00486	0.00620	0.00647	0.00737	0.00444	0.00462	0.00826	0.01213	0.01652	0.39327	0.34587	0.13904	0.01282	0.00616	0.00179	0.00262	0.01140	0.00511	0.00444
12	0.01555	0.01861	0.01692	0.08905	0.11343	0.47318	0.11624	0.01769	0.01287	0.01342	0.00883	0.01124	0.00727	0.00705	0.05533	0.00185	0.00872	0.00404	0.00256	0.00615
13	0.00608	0.00473	0.00553	0.00616	0.00710	0.00418	0.00430	0.00714	0.01053	0.01325	0.03859	0.46533	0.38018	0.01445	0.00623	0.00189	0.00276	0.01268	0.00469	0.00418
14	0.01133	0.30647	0.52615	0.01239	0.01876	0.01464	0.01516	0.01571	0.01054	0.01457	0.00836	0.00978	0.00643	0.00464	0.00426	0.00142	0.00675	0.00337	0.00214	0.00713
15	0.00781	0.00558	0.00776	0.00892	0.00994	0.00553	0.00755	0.00989	0.01130	0.01475	0.02696	0.18797	0.02985	0.01429	0.00689	0.00228	0.00436	0.62915	0.00466	0.00456
16	0.01049	0.00899	0.01049	0.00749	0.01198	0.00674	0.00599	0.01273	0.01049	0.01648	0.00899	0.01049	0.00749	0.00374	0.00374	0.00075	0.00374	0.00300	0.00300	0.85320
17	0.01014	0.02616	0.79609	0.01441	0.02189	0.01174	0.01868	0.01601	0.01068	0.01601	0.00907	0.01068	0.00641	0.00480	0.00480	0.00160	0.00747	0.00374	0.00214	0.00747
18	0.01767	0.01339	0.01430	0.01132	0.01509	0.01496	0.00924	0.59921	0.20098	0.02936	0.01411	0.01371	0.01020	0.00626	0.00508	0.00156	0.00520	0.00482	0.00508	0.00846
19	0.01015	0.01327	0.21724	0.00920	0.01429	0.00792	0.00923	0.01332	0.01069	0.01639	0.03500	0.01261	0.03319	0.00452	0.00416	0.00103	0.00465	0.00363	0.00290	0.57661
20	0.01151	0.01250	0.02403	0.18925	0.05499	0.03287	0.45992	0.01503	0.01103	0.01487	0.00939	0.01310	0.00732	0.00508	0.00713	0.00175	0.11605	0.00532	0.00244	0.00641
21	0.01889	0.02410	0.01433	0.01303	0.01563	0.80199	0.00977	0.02019	0.01433	0.01238	0.00782	0.00912	0.00651	0.00521	0.00456	0.00130	0.00912	0.00326	0.00261	0.00586

[dist]
# distance from previous block
# <min> <max>
0	3

[block]
# block no. 3 follows, 49 sequences, length 13
# corresponding to MSA columns:
# 178-190
name=unknown_D
#
# <colnr> <probs for GDERKNQSTAVLIFYWHMCP>
#	G	D	E	R	K	N	Q	S	T	A	V	L	I	F	Y	W	H	M	C	P
0	0.85801	0.00978	0.00743	0.00665	0.00978	0.01134	0.00548	0.01486	0.00861	0.02269	0.00704	0.00821	0.00548	0.00469	0.00313	0.00156	0.00391	0.00274	0.00313	0.00548
1	0.00793	0.00573	0.00784	0.00881	0.01002	0.00564	0.00761	0.01019	0.01182	0.01539	0.08153	0.05511	0.08376	0.01363	0.00684	0.00223	0.00435	0.65222	0.00472	0.00464
2	0.00735	0.00490	0.00552	0.00552	0.00552	0.00490	0.00306	0.00735	0.00735	0.00980	0.01593	0.03309	0.01838	0.82229	0.02574	0.00490	0.00490	0.00735	0.00306	0.00306
3	0.00986	0.00777	0.00942	0.00969	0.01151	0.00843	0.00809	0.01682	0.30934	0.01746	0.02438	0.04228	0.02382	0.01122	0.00627	0.00209	0.00440	0.46635	0.00485	0.00595
4	0.00688	0.00508	0.00643	0.00626	0.00743	0.00463	0.00463	0.00895	0.01343	0.01856	0.60345	0.12307	0.14986	0.01127	0.00602	0.00166	0.00247	0.00992	0.00535	0.00463
5	0.00943	0.00471	0.00471	0.00471	0.00589	0.00471	0.00353	0.01178	0.01060	0.01885	0.01650	0.01885	0.01296	0.00589	0.00353	0.00118	0.00236	0.00471	0.85036	0.00471
6	0.31015	0.00823	0.00904	0.00776	0.01076	0.00822	0.00639	0.01744	0.01191	0.33289	0.07189	0.02199	0.06882	0.00728	0.00473	0.00166	0.00395	0.08555	0.00484	0.00652
7	0.01160	0.21743	0.30223	0.01117	0.01598	0.01366	0.01189	0.01899	0.26409	0.01693	0.05759	0.01431	0.01179	0.00568	0.00460	0.00151	0.00553	0.00445	0.00333	0.00725
8	0.00773	0.00556	0.00761	0.00850	0.00960	0.00544	0.00715	0.00989	0.01186	0.01566	0.14472	0.12851	0.05760	0.01356	0.00674	0.00217	0.00407	0.54425	0.00480	0.00461
9	0.01079	0.01039	0.01785	0.39586	0.31235	0.01164	0.06495	0.01387	0.01060	0.01443	0.00975	0.03936	0.00814	0.00537	0.00581	0.00166	0.05329	0.00492	0.00244	0.00653
10	0.01428	0.71458	0.02488	0.00916	0.01335	0.07474	0.00880	0.06636	0.01147	0.01327	0.00743	0.00845	0.00663	0.00451	0.00346	0.00113	0.00568	0.00287	0.00239	0.00659
11	0.00994	0.00909	0.01274	0.06827	0.20479	0.04875	0.00969	0.01270	0.05431	0.01362	0.01292	0.01745	0.03505	0.04480	0.33562	0.00443	0.09210	0.00517	0.00279	0.00577
12	0.13844	0.31462	0.18880	0.01083	0.01552	0.07405	0.04705	0.08192	0.01191	0.06179	0.00888	0.00990	0.00691	0.00481	0.00406	0.00138	0.00601	0.00343	0.00284	0.00683

[dist]
# distance from previous block
# <min> <max>
0	1

[block]
# block no. 4 follows, 49 sequences, length 54
# corresponding to MSA columns:
# 192-245
name=unknown_E
#
# <colnr> <probs for GDERKNQSTAVLIFYWHMCP>
#	G	D	E	R	K	N	Q	S	T	A	V	L	I	F	Y	W	H	M	C	P
0	0.01775	0.01520	0.01527	0.01234	0.01552	0.21252	0.06288	0.31708	0.01697	0.12673	0.01145	0.01237	0.00850	0.00734	0.03855	0.00182	0.09196	0.00442	0.00403	0.00730
1	0.00948	0.02757	0.20336	0.01011	0.01313	0.03113	0.01004	0.07187	0.01225	0.01624	0.03744	0.11892	0.10158	0.01065	0.00597	0.00192	0.00512	0.30359	0.00398	0.00564
2	0.00767	0.01004	0.18225	0.00949	0.01148	0.00700	0.03053	0.00972	0.00968	0.01345	0.02081	0.50666	0.02370	0.05947	0.00800	0.00212	0.06858	0.01058	0.00377	0.00498
3	0.01086	0.00942	0.01414	0.32886	0.19033	0.01039	0.01146	0.11725	0.01305	0.01748	0.12336	0.02061	0.07650	0.00670	0.00530	0.00163	0.00541	0.02754	0.00342	0.00629
4	0.36542	0.01033	0.01039	0.00858	0.01193	0.01122	0.00700	0.18343	0.09175	0.18548	0.05770	0.01375	0.01110	0.00587	0.00433	0.00157	0.00427	0.00430	0.00455	0.00703
5	0.01191	0.01207	0.01851	0.11655	0.17630	0.05045	0.13164	0.03114	0.04049	0.01457	0.00880	0.01230	0.00747	0.00647	0.00988	0.00185	0.33595	0.00469	0.00253	0.00643
6	0.01968	0.01343	0.01472	0.01129	0.01531	0.01459	0.00932	0.67465	0.02254	0.13284	0.01317	0.01281	0.00912	0.00610	0.00506	0.00152	0.00540	0.00462	0.00522	0.00860
7	0.00943	0.00471	0.00471	0.00471	0.00589	0.00471	0.00353	0.01178	0.01060	0.01885	0.01650	0.01885	0.01296	0.00589	0.00353	0.00118	0.00236	0.00471	0.85036	0.00471
8	0.00955	0.00899	0.01517	0.81013	0.03483	0.01123	0.01404	0.01292	0.01011	0.01292	0.00899	0.01348	0.00674	0.00506	0.00506	0.00169	0.00674	0.00449	0.00225	0.00562
9	0.01465	0.01073	0.01213	0.01042	0.01323	0.01162	0.00857	0.47709	0.01880	0.02507	0.01797	0.13447	0.01716	0.00939	0.00573	0.00179	0.00497	0.19430	0.00491	0.00699
10	0.01881	0.01110	0.01282	0.01024	0.01391	0.01161	0.00832	0.27967	0.22228	0.32912	0.01747	0.01593	0.01197	0.00636	0.00509	0.00159	0.00465	0.00507	0.00555	0.00844
11	0.00815	0.00582	0.00815	0.00931	0.01048	0.00582	0.00815	0.01048	0.01164	0.01513	0.02677	0.05704	0.02910	0.01397	0.00698	0.00233	0.00466	0.75671	0.00466	0.00466
12	0.00688	0.00495	0.00665	0.00768	0.00838	0.00473	0.00582	0.00835	0.01069	0.01412	0.07279	0.48447	0.06595	0.01476	0.00658	0.00210	0.00346	0.26258	0.00473	0.00434
13	0.01014	0.00979	0.01529	0.50083	0.02646	0.01289	0.01289	0.01263	0.00919	0.01263	0.00808	0.01254	0.00670	0.00653	0.00953	0.00189	0.31970	0.00447	0.00223	0.00558
14	0.00724	0.00537	0.00786	0.00786	0.00867	0.00618	0.00599	0.00886	0.00805	0.01154	0.01379	0.02122	0.01323	0.11801	0.72297	0.00780	0.01266	0.00562	0.00275	0.00437
15	0.01095	0.01052	0.01802	0.43039	0.29952	0.01170	0.07421	0.01484	0.05191	0.01489	0.00989	0.01344	0.00773	0.00490	0.00512	0.00162	0.00648	0.00468	0.00252	0.00668
16	0.01922	0.01416	0.01518	0.01163	0.01568	0.01568	0.00961	0.77388	0.02378	0.03187	0.01214	0.01214	0.00860	0.00607	0.00506	0.00152	0.00556	0.00455	0.00506	0.00860
17	0.06158	0.18735	0.01578	0.00935	0.01363	0.06613	0.06757	0.04756	0.01130	0.01622	0.00861	0.01007	0.00715	0.00417	0.00389	0.00102	0.00495	0.00324	0.00285	0.45761
18	0.00673	0.00440	0.00602	0.00694	0.00717	0.00417	0.00463	0.00694	0.00901	0.01201	0.02371	0.64363	0.02806	0.01622	0.00936	0.18771	0.00325	0.01220	0.00415	0.00369
19	0.00607	0.00474	0.00552	0.00613	0.00710	0.00418	0.00429	0.00714	0.01055	0.01326	0.03891	0.45484	0.39047	0.01441	0.00623	0.00189	0.00276	0.01262	0.00469	0.00418
20	0.01112	0.01100	0.01967	0.35022	0.31124	0.01199	0.14451	0.01441	0.01083	0.01478	0.00928	0.01304	0.00736	0.00489	0.00573	0.00165	0.04443	0.00475	0.00239	0.00670
21	0.01039	0.00838	0.01035	0.01124	0.07815	0.00905	0.00821	0.01772	0.34215	0.03065	0.02313	0.12596	0.03660	0.01017	0.00591	0.00194	0.00424	0.25467	0.00471	0.00638
22	0.00612	0.00509	0.00538	0.00557	0.00710	0.00434	0.00418	0.00742	0.01134	0.01367	0.04734	0.13035	0.66485	0.01319	0.00609	0.00178	0.00272	0.05450	0.00469	0.00427
23	0.01322	0.01061	0.01349	0.04295	0.18305	0.01139	0.00960	0.28575	0.12209	0.02161	0.01656	0.21529	0.01557	0.00825	0.00541	0.00168	0.00483	0.00716	0.00432	0.00716
24	0.01308	0.01191	0.01166	0.01051	0.01335	0.07501	0.00814	0.02634	0.72093	0.02046	0.01957	0.01810	0.01473	0.00673	0.00510	0.00168	0.00441	0.00552	0.00494	0.00783
25	0.00768	0.00469	0.00620	0.00628	0.00658	0.00455	0.00413	0.00740	0.00873	0.01180	0.15384	0.13149	0.04425	0.22994	0.01672	0.33764	0.00392	0.00753	0.00343	0.00320
26	0.01349	0.00696	0.00903	0.00812	0.01012	0.00624	0.00616	0.01506	0.01352	0.29152	0.29643	0.14081	0.03021	0.07460	0.00771	0.00211	0.00380	0.05205	0.00570	0.00636
27	0.00657	0.00455	0.00577	0.00657	0.00677	0.00435	0.00419	0.00713	0.00892	0.01190	0.02392	0.56667	0.02845	0.26089	0.01254	0.01726	0.00356	0.01207	0.00416	0.00376
28	0.01779	0.01017	0.01189	0.00948	0.01286	0.01026	0.00774	0.33038	0.01748	0.30904	0.02060	0.02170	0.10376	0.04548	0.00625	0.00176	0.00466	0.04573	0.00534	0.00762
29	0.01049	0.00899	0.01049	0.00749	0.01198	0.00674	0.00599	0.01273	0.01049	0.01648	0.00899	0.01049	0.00749	0.00374	0.00374	0.00075	0.00374	0.00300	0.00300	0.85320
30	0.00637	0.00449	0.00581	0.00677	0.00702	0.00425	0.00441	0.00710	0.00927	0.01237	0.02578	0.68136	0.03081	0.15707	0.00983	0.00255	0.00328	0.01315	0.00441	0.00392
31	0.00698	0.00506	0.00702	0.00731	0.00787	0.00547	0.00523	0.00818	0.00836	0.01163	0.01763	0.22278	0.01905	0.19585	0.44111	0.00593	0.00909	0.00806	0.00328	0.00411
32	0.00679	0.00509	0.00630	0.00613	0.00737	0.00460	0.00455	0.00879	0.01326	0.01810	0.55020	0.10733	0.22013	0.01139	0.00601	0.00166	0.00247	0.00995	0.00529	0.00460
33	0.00679	0.00468	0.00575	0.00632	0.00651	0.00453	0.00396	0.00730	0.00867	0.01158	0.03699	0.41027	0.02635	0.40684	0.01581	0.00343	0.00391	0.02275	0.00392	0.00362
34	0.79165	0.01091	0.00798	0.00715	0.01024	0.07387	0.00582	0.01529	0.00906	0.02187	0.00710	0.00829	0.00556	0.00473	0.00324	0.00154	0.00432	0.00278	0.00309	0.00551
35	0.00743	0.00494	0.00696	0.00712	0.00758	0.00529	0.00504	0.00790	0.00797	0.01104	0.02664	0.13922	0.01644	0.17410	0.35896	0.19155	0.00822	0.00692	0.00300	0.00368
36	0.07791	0.01184	0.08410	0.35330	0.31958	0.01164	0.04131	0.01445	0.01064	0.01545	0.00909	0.01246	0.00713	0.00477	0.00490	0.00160	0.00636	0.00435	0.00242	0.00672
37	0.01014	0.02616	0.79609	0.01441	0.02189	0.01174	0.01868	0.01601	0.01068	0.01601	0.00907	0.01068	0.00641	0.00480	0.00480	0.00160	0.00747	0.00374	0.00214	0.00747
38	0.01019	0.02581	0.77473	0.01461	0.02201	0.01177	0.03969	0.01602	0.01071	0.01602	0.00911	0.01076	0.00644	0.00479	0.00484	0.00160	0.00750	0.00380	0.00215	0.00746
39	0.01025	0.00890	0.01404	0.01992	0.44012	0.00893	0.01033	0.01209	0.00991	0.01386	0.01288	0.02257	0.01304	0.30183	0.03812	0.00299	0.00578	0.04570	0.00283	0.00593
40	0.01194	0.01364	0.02984	0.02131	0.02643	0.01279	0.77238	0.01620	0.01194	0.01620	0.01023	0.01364	0.00767	0.00426	0.00597	0.00171	0.00853	0.00597	0.00256	0.00682
41	0.01043	0.00934	0.01471	0.10075	0.06375	0.00971	0.16913	0.08157	0.12106	0.01739	0.07943	0.18239	0.05464	0.00864	0.00589	0.00177	0.01513	0.04416	0.00397	0.00614
42	0.00692	0.00506	0.00651	0.00636	0.00747	0.00464	0.00469	0.00901	0.01345	0.01873	0.62404	0.14732	0.10433	0.01130	0.00603	0.00166	0.00248	0.00999	0.00538	0.00464
43	0.01467	0.14537	0.01429	0.00933	0.01318	0.05387	0.00773	0.11005	0.19000	0.12688	0.01317	0.01308	0.00993	0.00527	0.00437	0.00126	0.00466	0.00407	0.00403	0.25477
44	0.00683	0.00516	0.00630	0.00602	0.00735	0.00463	0.00451	0.00891	0.01354	0.01843	0.58258	0.04081	0.25436	0.01103	0.00597	0.00162	0.00243	0.00957	0.00532	0.00463
45	0.01061	0.13619	0.69013	0.01362	0.02066	0.01288	0.01730	0.01589	0.01062	0.01545	0.00879	0.01032	0.00642	0.00474	0.00459	0.00153	0.00719	0.00359	0.00214	0.00734
46	0.00659	0.00500	0.00617	0.00686	0.00787	0.00458	0.00517	0.00802	0.01101	0.01409	0.08183	0.34883	0.28454	0.01409	0.00638	0.00197	0.00315	0.17481	0.00474	0.00432
47	0.00735	0.00490	0.00552	0.00552	0.00552	0.00490	0.00306	0.00735	0.00735	0.00980	0.01593	0.03309	0.01838	0.82229	0.02574	0.00490	0.00490	0.00735	0.00306	0.00306
48	0.01764	0.02973	0.01418	0.01090	0.01473	0.01408	0.00893	0.51614	0.16999	0.08798	0.01413	0.01368	0.01014	0.00609	0.00497	0.00151	0.00507	0.00471	0.00501	0.05039
49	0.01421	0.08048	0.01708	0.20076	0.06164	0.33284	0.06405	0.01629	0.01166	0.01292	0.00810	0.01086	0.00674	0.00558	0.00661	0.00156	0.13628	0.00394	0.00242	0.00598
50	0.00727	0.00523	0.00719	0.00719	0.00777	0.00581	0.00515	0.00843	0.00785	0.01104	0.01440	0.02461	0.01470	0.31956	0.52343	0.00697	0.01044	0.00611	0.00284	0.00399
51	0.00681	0.00758	0.11469	0.00779	0.00935	0.00527	0.00658	0.00860	0.01051	0.01415	0.09846	0.52513	0.12596	0.01340	0.00613	0.00191	0.00349	0.02508	0.00442	0.00466
52	0.01219	0.51074	0.32944	0.01092	0.01648	0.01676	0.01260	0.01549	0.01043	0.01352	0.00783	0.00912	0.00646	0.00451	0.00386	0.00129	0.00622	0.00311	0.00215	0.00688
53	0.01294	0.22013	0.25047	0.01236	0.01733	0.01464	0.08550	0.12253	0.18072	0.01830	0.01161	0.01231	0.00882	0.00526	0.00464	0.00149	0.00604	0.00424	0.00324	0.00743

[dist]
# distance from previous block
# <min> <max>
0	1

[block]
# block no. 5 follows, 49 sequences, length 67
# corresponding to MSA columns:
# 247-313
name=unknown_F
#
# <colnr> <probs for GDERKNQSTAVLIFYWHMCP>
#	G	D	E	R	K	N	Q	S	T	A	V	L	I	F	Y	W	H	M	C	P
0	0.01517	0.01380	0.01898	0.01474	0.01835	0.13738	0.27825	0.06451	0.16319	0.13674	0.01318	0.01419	0.00972	0.00570	0.00626	0.00165	0.07210	0.00515	0.00376	0.00717
1	0.01299	0.01432	0.01578	0.01353	0.01437	0.20546	0.04087	0.01427	0.00950	0.01238	0.00706	0.01070	0.00665	0.00779	0.01327	0.00197	0.58692	0.00420	0.00232	0.00566
2	0.01159	0.00964	0.01108	0.00801	0.01245	0.00787	0.00645	0.10914	0.01217	0.01843	0.00939	0.01070	0.00763	0.00404	0.00391	0.00085	0.00398	0.00319	0.00326	0.74623
3	0.01031	0.00596	0.00722	0.00645	0.00850	0.00518	0.00500	0.01212	0.01314	0.20018	0.28698	0.03764	0.36090	0.01045	0.00576	0.00164	0.00291	0.00885	0.00535	0.00546
4	0.01258	0.01086	0.01143	0.01029	0.01315	0.01258	0.00800	0.02687	0.78161	0.02115	0.02058	0.01887	0.01544	0.00686	0.00515	0.00172	0.00400	0.00572	0.00515	0.00800
5	0.01529	0.56449	0.02262	0.00995	0.01384	0.20429	0.00900	0.08333	0.01242	0.01377	0.00767	0.00871	0.00668	0.00469	0.00372	0.00117	0.00630	0.00300	0.00252	0.00653
6	0.00667	0.00513	0.00610	0.00590	0.00727	0.00456	0.00441	0.00858	0.01310	0.01750	0.48045	0.06479	0.33434	0.01145	0.00598	0.00165	0.00247	0.00989	0.00520	0.00456
7	0.00918	0.25093	0.03379	0.00840	0.01048	0.01053	0.00728	0.01101	0.00882	0.01186	0.01152	0.01633	0.01074	0.03977	0.53044	0.00580	0.01082	0.00460	0.00254	0.00516
8	0.00671	0.00515	0.00614	0.00589	0.00728	0.00458	0.00442	0.00868	0.01326	0.01778	0.50965	0.04189	0.32770	0.01127	0.00597	0.00163	0.00245	0.00972	0.00524	0.00458
9	0.01099	0.02077	0.54122	0.01280	0.01873	0.01131	0.01506	0.04072	0.14881	0.04230	0.01419	0.01587	0.04560	0.00597	0.00502	0.00165	0.00636	0.03215	0.00311	0.00739
10	0.00602	0.00509	0.00520	0.00524	0.00687	0.00428	0.00391	0.00732	0.01153	0.01383	0.07268	0.08165	0.73343	0.01286	0.00600	0.00172	0.00257	0.01079	0.00472	0.00428
11	0.01117	0.01224	0.02505	0.01854	0.02235	0.01224	0.57338	0.01459	0.01106	0.01523	0.01162	0.10154	0.01034	0.00622	0.00762	0.00182	0.12926	0.00666	0.00274	0.00633
12	0.01747	0.01221	0.01309	0.01025	0.01375	0.01336	0.00840	0.60760	0.02101	0.05165	0.01319	0.01356	0.00954	0.00604	0.00477	0.00145	0.00492	0.00460	0.16528	0.00786
13	0.01129	0.01180	0.02317	0.27681	0.18933	0.01213	0.37008	0.01500	0.01126	0.01521	0.00968	0.01335	0.00744	0.00457	0.00547	0.00166	0.00742	0.00519	0.00245	0.00668
14	0.01155	0.27424	0.01914	0.01781	0.34912	0.01286	0.01069	0.01395	0.01179	0.01593	0.19687	0.01719	0.01711	0.00586	0.00467	0.00139	0.00494	0.00504	0.00313	0.00673
15	0.00626	0.00513	0.00552	0.00542	0.00701	0.00439	0.00407	0.00781	0.01220	0.01526	0.22930	0.04603	0.60962	0.01221	0.00597	0.00168	0.00252	0.01030	0.00491	0.00439
16	0.01144	0.01713	0.24333	0.01939	0.02516	0.01250	0.56238	0.01615	0.01158	0.01615	0.00991	0.01281	0.00732	0.00441	0.00564	0.00168	0.00823	0.00535	0.00244	0.00700
17	0.00707	0.00480	0.00570	0.00597	0.00608	0.00477	0.00357	0.00734	0.00793	0.01061	0.01866	0.21818	0.02172	0.60222	0.05052	0.00435	0.00476	0.00894	0.00344	0.00337
18	0.00722	0.00542	0.00813	0.00813	0.00903	0.00632	0.00632	0.00903	0.00813	0.01174	0.01354	0.01987	0.01264	0.03792	0.80225	0.00813	0.01354	0.00542	0.00271	0.00451
19	0.07111	0.01240	0.01300	0.01071	0.01416	0.01401	0.00862	0.39050	0.36135	0.02648	0.01558	0.01489	0.01145	0.00633	0.00497	0.00161	0.00476	0.00495	0.00497	0.00813
20	0.01220	0.00628	0.00837	0.00722	0.00929	0.00563	0.00563	0.01444	0.01437	0.27139	0.53886	0.03110	0.03629	0.00901	0.00568	0.00158	0.00301	0.00783	0.00579	0.00602
21	0.01448	0.01337	0.05073	0.01402	0.01810	0.01362	0.22496	0.26899	0.28269	0.02306	0.01440	0.01484	0.01062	0.00578	0.00533	0.00164	0.00594	0.00532	0.00426	0.00784
22	0.00616	0.00440	0.00587	0.00704	0.00733	0.00411	0.00469	0.00704	0.00968	0.01291	0.02787	0.81899	0.03344	0.01584	0.00645	0.00205	0.00293	0.01438	0.00469	0.00411
23	0.01135	0.01190	0.02017	0.01590	0.01757	0.01461	0.25941	0.01348	0.00911	0.01348	0.00781	0.01190	0.00698	0.00735	0.01313	0.00205	0.55059	0.00493	0.00233	0.00595
24	0.00627	0.00509	0.00555	0.00553	0.00703	0.00438	0.00411	0.00778	0.01207	0.01518	0.22380	0.09328	0.56745	0.01241	0.00600	0.00170	0.00254	0.01054	0.00490	0.00438
25	0.00958	0.00851	0.05928	0.00796	0.01024	0.00769	0.00664	0.11939	0.11329	0.02087	0.43266	0.03144	0.13367	0.00926	0.00566	0.00161	0.00339	0.00791	0.00510	0.00583
26	0.02269	0.00861	0.01174	0.00900	0.01291	0.00743	0.00743	0.02464	0.01447	0.79425	0.01995	0.01721	0.01252	0.00626	0.00509	0.00156	0.00430	0.00509	0.00626	0.00861
27	0.01454	0.33840	0.04896	0.01141	0.01425	0.27232	0.00998	0.01609	0.01099	0.01227	0.00727	0.00925	0.00653	0.00572	0.00696	0.00145	0.20187	0.00334	0.00232	0.00609
28	0.00735	0.00490	0.00552	0.00552	0.00552	0.00490	0.00306	0.00735	0.00735	0.00980	0.01593	0.03309	0.01838	0.82229	0.02574	0.00490	0.00490	0.00735	0.00306	0.00306
29	0.01316	0.01115	0.01176	0.01041	0.01337	0.01285	0.00815	0.09283	0.71469	0.02210	0.01984	0.01827	0.01483	0.00679	0.00514	0.00170	0.00414	0.00561	0.00514	0.00806
30	0.85801	0.00978	0.00743	0.00665	0.00978	0.01134	0.00548	0.01486	0.00861	0.02269	0.00704	0.00821	0.00548	0.00469	0.00313	0.00156	0.00391	0.00274	0.00313	0.00548
31	0.00620	0.00443	0.00590	0.00702	0.00734	0.00413	0.00470	0.00713	0.00985	0.01318	0.05596	0.79012	0.03397	0.01564	0.00644	0.00204	0.00291	0.01418	0.00473	0.00413
32	0.00955	0.00899	0.01517	0.81013	0.03483	0.01123	0.01404	0.01292	0.01011	0.01292	0.00899	0.01348	0.00674	0.00506	0.00506	0.00169	0.00674	0.00449	0.00225	0.00562
33	0.00723	0.00538	0.00796	0.00796	0.00880	0.00623	0.00611	0.00892	0.00808	0.01161	0.01370	0.02073	0.01302	0.08922	0.75146	0.00792	0.01298	0.00554	0.00273	0.00442
34	0.00615	0.00479	0.00559	0.00611	0.00712	0.00423	0.00431	0.00732	0.01086	0.01377	0.09181	0.40885	0.38299	0.01406	0.00620	0.00186	0.00272	0.01230	0.00476	0.00423
35	0.00762	0.00565	0.00742	0.00830	0.00960	0.00545	0.00711	0.00970	0.01161	0.01478	0.03268	0.05502	0.21268	0.01369	0.00674	0.00218	0.00415	0.57641	0.00467	0.00456
36	0.00748	0.00531	0.00667	0.00657	0.00682	0.00575	0.00431	0.00803	0.00758	0.01044	0.01487	0.02847	0.01628	0.56977	0.24050	0.00568	0.04225	0.00669	0.00293	0.00357
37	0.01889	0.02410	0.01433	0.01303	0.01563	0.80199	0.00977	0.02019	0.01433	0.01238	0.00782	0.00912	0.00651	0.00521	0.00456	0.00130	0.00912	0.00326	0.00261	0.00586
