[name]
unknown

[dist]
# distance from previous block
# <min> <max>
0	395

[block]
# block no. 0 follows, 46 sequences, length 8
# corresponding to MSA columns:
# 447-454
name=unknown_A
#
# <colnr> <probs for GDERKNQSTAVLIFYWHMCP>
#	G	D	E	R	K	N	Q	S	T	A	V	L	I	F	Y	W	H	M	C	P
0	0.04690	0.00676	0.00885	0.00923	0.01060	0.00700	0.00766	0.04326	0.01249	0.05119	0.10729	0.16034	0.02922	0.01306	0.00727	0.00219	0.04603	0.42054	0.00487	0.00524
1	0.01381	0.13892	0.17654	0.01282	0.08310	0.01309	0.01121	0.19981	0.01445	0.05210	0.01316	0.09458	0.01132	0.00683	0.00555	0.00159	0.04721	0.00537	0.09127	0.00728
2	0.01422	0.01290	0.02062	0.22877	0.19333	0.06380	0.20375	0.09484	0.01357	0.08583	0.01113	0.01381	0.00831	0.00518	0.00549	0.00167	0.00716	0.00507	0.00320	0.00737
3	0.01344	0.00995	0.01554	0.32839	0.21449	0.01076	0.01247	0.03838	0.05177	0.15792	0.01412	0.08519	0.01149	0.00650	0.00541	0.00172	0.00585	0.00580	0.00366	0.00716
4	0.01412	0.13748	0.27140	0.01186	0.01678	0.01193	0.06108	0.06532	0.04719	0.16688	0.01441	0.08393	0.01152	0.00648	0.00502	0.00161	0.00588	0.00536	0.05429	0.00746
5	0.01426	0.01699	0.05344	0.01214	0.01478	0.37737	0.05453	0.01752	0.08533	0.01520	0.05651	0.08389	0.05247	0.00838	0.00560	0.00170	0.00703	0.11315	0.00369	0.00602
6	0.00922	0.00713	0.01071	0.00946	0.01069	0.00771	0.08470	0.05917	0.00960	0.01332	0.01371	0.02271	0.01350	0.24891	0.34740	0.08017	0.03814	0.00610	0.00302	0.00465
7	0.00641	0.00473	0.00600	0.00701	0.00757	0.00432	0.00475	0.00740	0.01046	0.01363	0.03345	0.67652	0.16642	0.01600	0.00666	0.00208	0.00300	0.01434	0.00491	0.00432

[dist]
# distance from previous block
# <min> <max>
1	9

[block]
# block no. 1 follows, 46 sequences, length 16
# corresponding to MSA columns:
# 464-469,483-492
name=unknown_B
#
# <colnr> <probs for GDERKNQSTAVLIFYWHMCP>
#	G	D	E	R	K	N	Q	S	T	A	V	L	I	F	Y	W	H	M	C	P
0	0.00739	0.00551	0.00697	0.04818	0.00921	0.00554	0.00529	0.00935	0.06846	0.01354	0.02610	0.51683	0.06252	0.17696	0.01063	0.00269	0.00376	0.01213	0.00447	0.00448
1	0.01038	0.00692	0.00749	0.00694	0.00874	0.00717	0.00535	0.07546	0.13377	0.02094	0.17547	0.02679	0.08975	0.00810	0.00491	0.00151	0.00309	0.02234	0.37911	0.00578
2	0.00788	0.00603	0.00740	0.00814	0.00902	0.00616	0.00574	0.01170	0.16472	0.01533	0.02755	0.62255	0.03098	0.01458	0.00649	0.00209	0.00336	0.04015	0.00500	0.00514
3	0.00743	0.00937	0.16440	0.00849	0.01044	0.00604	0.00755	0.00933	0.01022	0.01381	0.02616	0.46163	0.10864	0.12039	0.00904	0.00241	0.00426	0.01137	0.00414	0.00488
4	0.01453	0.49024	0.18502	0.01124	0.01609	0.17575	0.01149	0.01709	0.01169	0.01345	0.00797	0.00926	0.00677	0.00482	0.00401	0.00129	0.00690	0.00317	0.00235	0.00687
5	0.19141	0.00969	0.01163	0.00912	0.01305	0.00926	0.00753	0.08058	0.01464	0.57250	0.01749	0.01568	0.01128	0.00620	0.00490	0.00163	0.00452	0.00478	0.00578	0.00833
6	0.00691	0.00493	0.00595	0.00639	0.00728	0.00443	0.00446	0.00736	0.01030	0.01296	0.03568	0.31991	0.35250	0.01555	0.00935	0.17325	0.00321	0.01123	0.00438	0.00396
7	0.01331	0.19844	0.46355	0.01315	0.01952	0.01501	0.01530	0.16808	0.01385	0.01916	0.00967	0.01088	0.00718	0.00518	0.00472	0.00154	0.00693	0.00384	0.00286	0.00783
8	0.01413	0.81739	0.02770	0.00905	0.01357	0.02092	0.00905	0.01583	0.01074	0.01244	0.00735	0.00848	0.00678	0.00452	0.00339	0.00113	0.00565	0.00283	0.00226	0.00678
9	0.09235	0.17957	0.29221	0.01122	0.01631	0.01251	0.03300	0.04190	0.01247	0.13279	0.11338	0.01532	0.01346	0.00594	0.00478	0.00155	0.00578	0.00465	0.00358	0.00723
10	0.18853	0.02181	0.01355	0.01222	0.01510	0.60818	0.00930	0.04514	0.01410	0.01582	0.00816	0.00945	0.00666	0.00537	0.00448	0.00143	0.00830	0.00334	0.00292	0.00614
11	0.00857	0.01557	0.37493	0.01082	0.01489	0.00838	0.01181	0.01206	0.01052	0.01481	0.02023	0.22440	0.09929	0.05444	0.09271	0.00273	0.00658	0.00796	0.00333	0.00596
12	0.04248	0.05522	0.11109	0.07177	0.01620	0.01171	0.02392	0.24076	0.05723	0.10824	0.03128	0.17572	0.01523	0.00815	0.00543	0.00172	0.00529	0.00682	0.00448	0.00728
13	0.06089	0.23001	0.01610	0.01025	0.01347	0.17732	0.00876	0.08871	0.01379	0.12097	0.01437	0.02114	0.01281	0.00728	0.00492	0.00159	0.00598	0.15426	0.03072	0.00665
14	0.00855	0.17039	0.01077	0.00716	0.00916	0.00848	0.00570	0.01102	0.07015	0.01499	0.10679	0.23291	0.30169	0.01167	0.00573	0.00173	0.00348	0.00990	0.00450	0.00524
15	0.02988	0.00889	0.03791	0.10326	0.07474	0.02042	0.11818	0.01175	0.01057	0.01438	0.01956	0.06144	0.11589	0.06957	0.21822	0.00384	0.00809	0.06465	0.00328	0.00549

[dist]
# distance from previous block
# <min> <max>
6	18

[block]
# block no. 2 follows, 46 sequences, length 39
# corresponding to MSA columns:
# 511-513,534,535,537-544,549-565,568-576
name=unknown_C
#
# <colnr> <probs for GDERKNQSTAVLIFYWHMCP>
#	G	D	E	R	K	N	Q	S	T	A	V	L	I	F	Y	W	H	M	C	P
0	0.06757	0.01449	0.01690	0.09513	0.15025	0.17095	0.10254	0.14467	0.05371	0.03638	0.03730	0.02535	0.02289	0.00586	0.00519	0.00159	0.00665	0.00499	0.01434	0.02329
1	0.01568	0.00729	0.00925	0.00768	0.01061	0.00629	0.00614	0.01755	0.01407	0.42403	0.13178	0.03193	0.27656	0.00942	0.00575	0.00169	0.00362	0.00785	0.00590	0.00694
2	0.01873	0.17127	0.01740	0.01268	0.01583	0.59850	0.00999	0.06933	0.01485	0.01420	0.00832	0.00955	0.00695	0.00534	0.00455	0.00133	0.00857	0.00339	0.00281	0.00644
3	0.01579	0.00936	0.01153	0.00849	0.01296	0.00749	0.00689	0.03256	0.01275	0.29746	0.01364	0.01356	0.00977	0.00492	0.00445	0.00111	0.00417	0.00396	0.00442	0.52471
4	0.23143	0.01890	0.01318	0.01149	0.01467	0.42687	0.00894	0.14759	0.01516	0.05260	0.00929	0.01020	0.00718	0.00551	0.00450	0.00148	0.00729	0.00358	0.00347	0.00664
5	0.00982	0.00758	0.00866	0.00814	0.01003	0.00801	0.00618	0.03775	0.24787	0.04011	0.13475	0.09188	0.17889	0.04995	0.11494	0.00285	0.00498	0.00822	0.02341	0.00599
6	0.00732	0.00545	0.00658	0.00651	0.00794	0.00489	0.00495	0.00929	0.01338	0.03077	0.39407	0.09182	0.31477	0.01233	0.00634	0.00180	0.00282	0.06879	0.00537	0.00481
7	0.00871	0.00714	0.00831	0.00687	0.00970	0.00576	0.00525	0.01068	0.01190	0.01689	0.18655	0.06728	0.20509	0.04288	0.00610	0.00147	0.00332	0.00723	0.00423	0.38465
8	0.00922	0.00818	0.05699	0.00851	0.01109	0.00656	0.07035	0.01190	0.02982	0.01698	0.05851	0.21613	0.07194	0.00881	0.00514	0.00151	0.00386	0.00779	0.21183	0.18486
9	0.01340	0.18778	0.44395	0.01432	0.06925	0.04880	0.01533	0.06313	0.01242	0.07026	0.01000	0.01123	0.00742	0.00510	0.00472	0.00153	0.00699	0.00386	0.00277	0.00772
10	0.01139	0.01043	0.01682	0.35541	0.29897	0.01169	0.01374	0.05940	0.01181	0.01603	0.01186	0.10118	0.01071	0.00656	0.00595	0.00175	0.04078	0.00584	0.00290	0.00678
11	0.42616	0.18292	0.03380	0.01034	0.04716	0.12201	0.03760	0.01662	0.01073	0.04165	0.00863	0.02627	0.00716	0.00517	0.00389	0.00151	0.00554	0.00350	0.00304	0.00630
12	0.00746	0.00536	0.00648	0.00655	0.00789	0.00483	0.00481	0.00906	0.01223	0.04993	0.22780	0.23190	0.32958	0.01482	0.05457	0.00225	0.00351	0.01111	0.00509	0.00477
13	0.02303	0.01010	0.01295	0.00993	0.01404	0.00940	0.00820	0.16559	0.01697	0.64246	0.01931	0.01699	0.01231	0.00651	0.00531	0.00163	0.00475	0.00521	0.00631	0.00900
14	0.01174	0.00937	0.01104	0.00793	0.01259	0.00709	0.00636	0.01407	0.01122	0.06392	0.01009	0.01139	0.00815	0.00407	0.00400	0.00083	0.00395	0.00326	0.00334	0.79559
15	0.00694	0.00516	0.00656	0.00736	0.00828	0.00478	0.00550	0.00843	0.01143	0.01487	0.10190	0.40849	0.20174	0.01491	0.00671	0.00208	0.00332	0.17202	0.00498	0.00452
16	0.01157	0.01157	0.01619	0.01388	0.01388	0.01619	0.01157	0.01272	0.00810	0.01272	0.00694	0.01157	0.00694	0.00925	0.01735	0.00231	0.80453	0.00463	0.00231	0.00578
17	0.00716	0.00524	0.00742	0.00786	0.00849	0.00565	0.00571	0.00855	0.00901	0.01254	0.01976	0.30609	0.02154	0.09627	0.44612	0.00593	0.00941	0.00920	0.00361	0.00444
18	0.01218	0.00644	0.00857	0.00745	0.00952	0.00579	0.00579	0.01455	0.01501	0.24228	0.55913	0.03327	0.03923	0.00957	0.00597	0.00165	0.00307	0.00833	0.00603	0.00615
19	0.00963	0.00562	0.00661	0.00610	0.00774	0.00526	0.02612	0.01191	0.01227	0.06537	0.16325	0.02920	0.17094	0.00841	0.00483	0.00146	0.00282	0.00706	0.45024	0.00516
20	0.85155	0.01022	0.00777	0.00695	0.01022	0.01186	0.00573	0.01554	0.00900	0.02372	0.00736	0.00859	0.00573	0.00491	0.00327	0.00164	0.00409	0.00286	0.00327	0.00573
21	0.01236	0.00689	0.00930	0.00924	0.01111	0.00668	0.00767	0.01497	0.04605	0.21079	0.02460	0.08996	0.02416	0.06581	0.04297	0.00263	0.00506	0.39870	0.00512	0.00592
22	0.01187	0.21767	0.37844	0.14869	0.02270	0.03160	0.05644	0.03083	0.01138	0.01539	0.00904	0.01117	0.00692	0.00493	0.00471	0.00154	0.00713	0.00390	0.00237	0.02328
23	0.01812	0.15704	0.05529	0.01294	0.01613	0.60240	0.01052	0.01976	0.01388	0.01304	0.00806	0.00950	0.00680	0.00539	0.00493	0.00137	0.03256	0.00337	0.00261	0.00631
24	0.06979	0.01742	0.38674	0.01274	0.06365	0.00989	0.01319	0.01656	0.01225	0.15203	0.10498	0.03675	0.06795	0.00679	0.00524	0.00168	0.00579	0.00556	0.00375	0.00726
25	0.09365	0.11533	0.14789	0.03594	0.06277	0.01313	0.08221	0.09673	0.11661	0.08772	0.05054	0.03275	0.01174	0.00610	0.00527	0.00164	0.02376	0.00501	0.00378	0.00744
26	0.00711	0.00494	0.00595	0.00642	0.00669	0.00476	0.00400	0.00766	0.00920	0.01225	0.05908	0.34474	0.06280	0.42103	0.01693	0.00362	0.00407	0.01086	0.00409	0.00378
27	0.04740	0.00903	0.01214	0.00934	0.01340	0.00789	0.00771	0.02547	0.01496	0.76312	0.02047	0.01772	0.01288	0.00650	0.00526	0.00164	0.00449	0.00525	0.00645	0.00890
28	0.00978	0.01359	0.23985	0.05145	0.04716	0.00923	0.09177	0.01355	0.04495	0.03347	0.06328	0.13925	0.08115	0.04608	0.05551	0.02310	0.01991	0.00728	0.00347	0.00617
29	0.01209	0.08715	0.13646	0.35462	0.19029	0.01269	0.05398	0.01572	0.01137	0.06181	0.01011	0.01316	0.00767	0.00508	0.00511	0.00164	0.00681	0.00453	0.00265	0.00705
30	0.01378	0.00689	0.00852	0.00726	0.00993	0.00593	0.00574	0.01560	0.01379	0.33940	0.15093	0.03530	0.34518	0.01011	0.00585	0.00170	0.00342	0.00846	0.00574	0.00645
31	0.01171	0.00851	0.00971	0.00918	0.01138	0.00907	0.00703	0.03744	0.35428	0.09876	0.02666	0.23481	0.09330	0.01062	0.00593	0.00190	0.00386	0.05376	0.00530	0.00679
32	0.01431	0.05134	0.19797	0.05056	0.25019	0.01306	0.09353	0.13940	0.02795	0.08232	0.02198	0.01342	0.00903	0.00532	0.00524	0.00162	0.00660	0.00475	0.00336	0.00805
33	0.00797	0.00676	0.01017	0.28985	0.05278	0.00733	0.00877	0.00997	0.01062	0.01377	0.02445	0.39324	0.12074	0.01161	0.00610	0.00194	0.00457	0.01039	0.00390	0.00506
34	0.00776	0.00544	0.00654	0.00690	0.00748	0.00533	0.00489	0.00865	0.00956	0.01240	0.02455	0.04405	0.11536	0.47781	0.01853	0.00391	0.00475	0.22832	0.00391	0.00385
35	0.00652	0.00463	0.00611	0.00726	0.00755	0.00434	0.00480	0.00738	0.00997	0.01330	0.02837	0.76318	0.03400	0.06546	0.00798	0.00233	0.00319	0.01458	0.00480	0.00423
36	0.01230	0.07063	0.31885	0.05048	0.16884	0.01301	0.21130	0.01707	0.02818	0.04408	0.01041	0.01271	0.00782	0.00489	0.00530	0.00165	0.00744	0.00473	0.00265	0.00765
37	0.05061	0.06882	0.06059	0.07372	0.09833	0.02528	0.00974	0.07321	0.02805	0.01748	0.01306	0.01872	0.01145	0.03274	0.04799	0.00214	0.11657	0.06777	0.17754	0.00620
38	0.43406	0.03988	0.01114	0.01046	0.09587	0.05845	0.00732	0.03117	0.01043	0.01998	0.00880	0.01131	0.00746	0.05434	0.00521	0.00163	0.00478	0.00349	0.00314	0.18107

[dist]
# distance from previous block
# <min> <max>
8	12

[block]
# block no. 3 follows, 46 sequences, length 22
# corresponding to MSA columns:
# 598-605,615-628
name=unknown_D
#
# <colnr> <probs for GDERKNQSTAVLIFYWHMCP>
#	G	D	E	R	K	N	Q	S	T	A	V	L	I	F	Y	W	H	M	C	P
0	0.23733	0.15574	0.15920	0.01212	0.01676	0.01325	0.16805	0.05292	0.01157	0.01846	0.01388	0.01516	0.09306	0.00579	0.00467	0.00160	0.00599	0.00478	0.00306	0.00661
1	0.12500	0.03942	0.03000	0.16774	0.06614	0.16003	0.15104	0.01554	0.01187	0.01599	0.01259	0.05114	0.01158	0.00685	0.00538	0.00175	0.00692	0.11181	0.00308	0.00614
2	0.00872	0.00778	0.05308	0.00904	0.01072	0.00710	0.00749	0.01331	0.15961	0.01694	0.11055	0.27633	0.05240	0.01274	0.00648	0.00207	0.00402	0.23112	0.00493	0.00554
3	0.01315	0.01136	0.01195	0.01076	0.01375	0.01315	0.00837	0.02809	0.77168	0.02211	0.02152	0.01972	0.01614	0.00717	0.00538	0.00179	0.00418	0.00598	0.00538	0.00837
4	0.01421	0.00929	0.01129	0.00823	0.01277	0.00723	0.00665	0.01648	0.01202	0.21256	0.01231	0.01275	0.00917	0.00458	0.00427	0.00100	0.00406	0.00369	0.00400	0.63341
5	0.00667	0.00477	0.00640	0.00763	0.00803	0.00449	0.00531	0.00776	0.01035	0.01375	0.02901	0.72692	0.03446	0.01634	0.00681	0.00218	0.00327	0.09658	0.00490	0.00436
6	0.01157	0.01157	0.01619	0.01388	0.01388	0.01619	0.01157	0.01272	0.00810	0.01272	0.00694	0.01157	0.00694	0.00925	0.01735	0.00231	0.80453	0.00463	0.00231	0.00578
7	0.00788	0.00561	0.00648	0.00613	0.00786	0.00489	0.00464	0.00972	0.01339	0.06777	0.33483	0.04426	0.44349	0.01193	0.00618	0.00173	0.00273	0.01015	0.00537	0.00497
8	0.02372	0.00900	0.01227	0.00941	0.01350	0.00777	0.00777	0.02576	0.01513	0.78489	0.02086	0.01799	0.01309	0.00654	0.00532	0.00164	0.00450	0.00532	0.00654	0.00900
9	0.02080	0.00995	0.01234	0.00965	0.01341	0.00958	0.00791	0.19261	0.04061	0.49997	0.06248	0.01818	0.01440	0.00674	0.00527	0.00161	0.00455	0.00543	0.05602	0.00850
10	0.01085	0.01033	0.00847	0.00797	0.01004	0.17094	0.00613	0.07723	0.01365	0.01636	0.03419	0.05116	0.39863	0.01045	0.00565	0.00167	0.00452	0.05839	0.09809	0.00528
11	0.00820	0.00612	0.00888	0.01027	0.09438	0.00641	0.00659	0.00923	0.00931	0.01283	0.04296	0.16688	0.06828	0.11372	0.27629	0.12014	0.02377	0.00781	0.00338	0.00456
12	0.80359	0.01109	0.00819	0.00734	0.01058	0.05690	0.00598	0.01586	0.00934	0.02310	0.00741	0.00864	0.00579	0.00494	0.00336	0.00162	0.00440	0.00289	0.00324	0.00575
13	0.00988	0.00915	0.01534	0.67134	0.07374	0.01122	0.01386	0.01320	0.01042	0.01357	0.00996	0.01478	0.00781	0.00909	0.09323	0.00250	0.00780	0.00481	0.00242	0.00588
14	0.01195	0.00912	0.04860	0.00879	0.01140	0.00854	0.00722	0.06194	0.21360	0.11284	0.34963	0.04106	0.02963	0.00858	0.00566	0.00166	0.00368	0.00734	0.03263	0.02611
15	0.06810	0.09206	0.37926	0.05481	0.04090	0.03611	0.01389	0.04800	0.04635	0.08966	0.02739	0.05868	0.01033	0.00606	0.00495	0.00164	0.00640	0.00481	0.00324	0.00737
16	0.00639	0.00512	0.00571	0.00606	0.00735	0.00445	0.00436	0.00767	0.01164	0.01449	0.09374	0.28613	0.49993	0.01420	0.00640	0.00189	0.00279	0.01225	0.00497	0.00445
17	0.00880	0.00563	0.00731	0.00681	0.00811	0.00520	0.00502	0.01091	0.01395	0.08284	0.59692	0.07195	0.04274	0.10039	0.00849	0.00207	0.00298	0.00925	0.00555	0.00509
18	0.03759	0.01379	0.14419	0.39461	0.16545	0.04068	0.05645	0.01547	0.03589	0.01564	0.02490	0.01378	0.00836	0.00526	0.00523	0.00169	0.00696	0.00469	0.00260	0.00678
19	0.00754	0.00557	0.00783	0.00874	0.00967	0.00536	0.02577	0.00927	0.01122	0.01469	0.02933	0.40689	0.06847	0.01520	0.00697	0.00225	0.00403	0.35173	0.00483	0.00464
20	0.00667	0.00477	0.00640	0.00763	0.00803	0.00449	0.00531	0.00776	0.01035	0.01375	0.02901	0.72692	0.03446	0.01634	0.00681	0.00218	0.00327	0.09658	0.00490	0.00436
21	0.00644	0.00460	0.00613	0.00736	0.00767	0.00429	0.00491	0.00736	0.01012	0.01350	0.02914	0.81076	0.03497	0.01656	0.00675	0.00215	0.00307	0.01503	0.00491	0.00429

[dist]
# distance from previous block
# <min> <max>
3	16

[block]
# block no. 4 follows, 46 sequences, length 43
# corresponding to MSA columns:
# 646-659,663-691
name=unknown_E
#
# <colnr> <probs for GDERKNQSTAVLIFYWHMCP>
#	G	D	E	R	K	N	Q	S	T	A	V	L	I	F	Y	W	H	M	C	P
0	0.38721	0.00954	0.01029	0.00833	0.01206	0.00957	0.00687	0.02127	0.01244	0.45067	0.01493	0.01386	0.00985	0.00582	0.00442	0.00164	0.00432	0.00424	0.00511	0.00756
1	0.01384	0.33223	0.05314	0.24581	0.02169	0.16278	0.03686	0.03623	0.01195	0.01387	0.00863	0.01096	0.00708	0.00502	0.00443	0.00142	0.00695	0.00374	0.01691	0.00647
2	0.01049	0.00666	0.00850	0.00788	0.00970	0.00632	0.00607	0.01237	0.02322	0.14971	0.14917	0.21114	0.17550	0.01241	0.03349	0.00204	0.05610	0.04686	0.00497	0.06740
3	0.01324	0.37511	0.32036	0.01187	0.01747	0.04674	0.01317	0.05936	0.06789	0.01602	0.00956	0.01063	0.00756	0.00505	0.00433	0.00143	0.00654	0.00361	0.00267	0.00740
4	0.00702	0.00532	0.00717	0.02378	0.00899	0.00498	0.02140	0.00858	0.01156	0.01533	0.16775	0.44474	0.14682	0.01435	0.00660	0.00202	0.00330	0.09072	0.00497	0.00460
5	0.01228	0.01191	0.14752	0.09953	0.11903	0.00926	0.05943	0.02554	0.01205	0.14999	0.05330	0.12495	0.03592	0.01037	0.07043	0.00230	0.00634	0.02434	0.00385	0.02164
6	0.01351	0.69946	0.02440	0.00845	0.01249	0.01860	0.00827	0.01532	0.01079	0.01349	0.00879	0.01011	0.00777	0.00476	0.00344	0.00115	0.00519	0.00313	0.12438	0.00651
7	0.01393	0.26747	0.27542	0.01157	0.01651	0.14554	0.01218	0.01714	0.01234	0.07681	0.07721	0.01390	0.02728	0.00574	0.00463	0.00145	0.00660	0.00424	0.00304	0.00699
8	0.01145	0.21722	0.60438	0.01362	0.02064	0.01435	0.01701	0.01652	0.01106	0.01571	0.00897	0.01052	0.00672	0.00490	0.00463	0.00154	0.00729	0.00365	0.00224	0.00757
9	0.26088	0.08011	0.01409	0.13819	0.01742	0.33155	0.00961	0.01734	0.01178	0.01614	0.00799	0.01003	0.00654	0.00541	0.00505	0.00154	0.05410	0.00348	0.00276	0.00600
10	0.01222	0.01295	0.05567	0.17051	0.39196	0.09805	0.01380	0.01522	0.01218	0.01609	0.06340	0.04819	0.01295	0.00635	0.00542	0.00167	0.00640	0.04694	0.00299	0.00704
11	0.01097	0.00924	0.01030	0.03944	0.01273	0.01039	0.00752	0.02121	0.51027	0.01918	0.02413	0.23830	0.04410	0.00988	0.00578	0.00189	0.00394	0.00858	0.00512	0.00703
12	0.01210	0.00936	0.01108	0.00797	0.01261	0.00711	0.00640	0.01442	0.01133	0.08575	0.01042	0.01159	0.00830	0.00415	0.00404	0.00086	0.00397	0.00333	0.00344	0.77177
13	0.00674	0.00529	0.00610	0.00607	0.00749	0.00465	0.00449	0.00848	0.01297	0.01686	0.33032	0.12847	0.41774	0.01274	0.00630	0.00178	0.00265	0.01096	0.00526	0.00465
14	0.01139	0.01297	0.08615	0.01350	0.01571	0.06967	0.13465	0.05067	0.01111	0.01509	0.01577	0.14069	0.07974	0.00916	0.01022	0.00199	0.30536	0.00695	0.00318	0.00603
15	0.00860	0.00720	0.01044	0.00982	0.01053	0.00904	0.00783	0.01033	0.00871	0.01284	0.05050	0.01929	0.01340	0.03024	0.55044	0.00653	0.22082	0.00559	0.00285	0.00501
16	0.02352	0.00932	0.01247	0.00956	0.01366	0.00826	0.00790	0.06728	0.01568	0.74261	0.02040	0.01770	0.01286	0.00653	0.00531	0.00163	0.00457	0.00529	0.00647	0.00900
17	0.00646	0.00540	0.00565	0.00569	0.00741	0.00459	0.00434	0.00794	0.01225	0.01484	0.10118	0.05060	0.68761	0.01328	0.00631	0.00181	0.00279	0.05237	0.00497	0.00452
18	0.01238	0.10304	0.43112	0.05497	0.02282	0.04580	0.16600	0.07169	0.01252	0.01725	0.00969	0.01170	0.00716	0.00499	0.00512	0.00163	0.00770	0.00435	0.00257	0.00749
19	0.11197	0.05209	0.66727	0.01389	0.02104	0.01252	0.01751	0.01657	0.01089	0.01744	0.00916	0.01076	0.00658	0.00499	0.00476	0.00165	0.00729	0.00374	0.00236	0.00753
20	0.13557	0.09883	0.04163	0.01088	0.11883	0.09282	0.00766	0.01483	0.01129	0.01832	0.01241	0.01449	0.00994	0.00547	0.00398	0.00136	0.00455	0.00416	0.38697	0.00597
21	0.01154	0.01167	0.01772	0.01465	0.01533	0.01541	0.10735	0.01307	0.00864	0.01317	0.00779	0.01278	0.00754	0.03896	0.01629	0.00235	0.67254	0.00495	0.00239	0.00586
22	0.00766	0.00524	0.00635	0.00635	0.00655	0.00544	0.00393	0.00806	0.00786	0.01068	0.01612	0.03163	0.01793	0.64818	0.19118	0.00585	0.00706	0.00725	0.00312	0.00353
23	0.05438	0.13534	0.55328	0.01348	0.02008	0.07075	0.01621	0.01725	0.01144	0.04821	0.00946	0.01082	0.00693	0.00504	0.00470	0.00157	0.00732	0.00373	0.00250	0.00749
24	0.00807	0.00549	0.00721	0.00682	0.00811	0.00505	0.00510	0.01043	0.01461	0.05208	0.69208	0.09539	0.04727	0.01106	0.00624	0.00170	0.00262	0.00979	0.00578	0.00510
25	0.00689	0.00508	0.00645	0.00675	0.00770	0.00464	0.00481	0.00859	0.01262	0.01713	0.37521	0.34789	0.14980	0.01347	0.00644	0.00187	0.00275	0.01197	0.00532	0.00464
26	0.01167	0.09104	0.13856	0.08253	0.04645	0.01261	0.37094	0.01566	0.01187	0.01625	0.02881	0.01661	0.01010	0.00542	0.00558	0.00166	0.00741	0.05529	0.00279	0.06873
27	0.00859	0.00546	0.00702	0.00703	0.00828	0.00494	0.00511	0.01028	0.01275	0.09566	0.31957	0.33209	0.13727	0.01290	0.00634	0.00186	0.00294	0.01142	0.00543	0.00507
28	0.00806	0.00556	0.00670	0.00706	0.00839	0.00503	0.00537	0.00947	0.01150	0.06628	0.03743	0.23124	0.33649	0.07290	0.00805	0.00224	0.00353	0.16509	0.00489	0.00472
29	0.01197	0.01264	0.02205	0.36317	0.13524	0.06532	0.28153	0.01562	0.01175	0.01521	0.00985	0.01370	0.00756	0.00492	0.00558	0.00172	0.00778	0.00516	0.00253	0.00669
30	0.01501	0.37510	0.02106	0.04332	0.12627	0.19429	0.01030	0.07150	0.01302	0.01496	0.01151	0.01278	0.05947	0.00552	0.00438	0.00135	0.00649	0.00401	0.00282	0.00684
31	0.01018	0.00932	0.01270	0.01120	0.01127	0.01238	0.00885	0.01107	0.00801	0.01200	0.01020	0.01871	0.01085	0.23753	0.07716	0.00356	0.52186	0.00556	0.00260	0.00498
32	0.00798	0.00559	0.00652	0.00625	0.00791	0.00488	0.00470	0.00976	0.01318	0.07341	0.30616	0.09586	0.41413	0.01219	0.00621	0.00176	0.00277	0.01042	0.00535	0.00497
33	0.00766	0.00511	0.00595	0.00606	0.00621	0.00515	0.00361	0.00798	0.00810	0.01108	0.01759	0.10013	0.01992	0.65587	0.07815	0.00494	0.00547	0.00806	0.03948	0.00348
34	0.01036	0.01937	0.43571	0.16063	0.04252	0.01147	0.12061	0.01514	0.01114	0.01583	0.01179	0.09944	0.01007	0.00624	0.00543	0.00175	0.00727	0.00561	0.00262	0.00699
35	0.01191	0.03279	0.20607	0.06670	0.19083	0.02952	0.23900	0.01613	0.02389	0.01627	0.01074	0.01492	0.00874	0.00608	0.01936	0.00186	0.05984	0.03545	0.00264	0.00726
36	0.01283	0.01237	0.02129	0.09048	0.70453	0.01252	0.03613	0.01604	0.01194	0.01698	0.00992	0.01319	0.00826	0.00475	0.00526	0.00159	0.00641	0.00475	0.00260	0.00815
37	0.00872	0.00802	0.01328	0.03277	0.08571	0.00784	0.16158	0.01085	0.01086	0.01430	0.02631	0.11730	0.24021	0.08341	0.13744	0.00320	0.02071	0.00849	0.00364	0.00536
38	0.01235	0.10996	0.38894	0.07917	0.07652	0.01308	0.13378	0.03271	0.01189	0.06316	0.01098	0.01285	0.02076	0.00514	0.00511	0.00163	0.00724	0.00450	0.00272	0.00751
39	0.01251	0.01160	0.03866	0.24453	0.26299	0.01158	0.18629	0.01590	0.01185	0.08232	0.01210	0.06400	0.00995	0.00572	0.00558	0.00172	0.00679	0.00574	0.00303	0.00716
40	0.01269	0.03966	0.03405	0.05903	0.67687	0.01245	0.01544	0.01582	0.01206	0.01715	0.04674	0.01420	0.01023	0.00502	0.00522	0.00157	0.00613	0.00487	0.00274	0.00805
41	0.01142	0.01112	0.02909	0.31992	0.25847	0.03530	0.09090	0.02547	0.01172	0.01575	0.01215	0.03834	0.01061	0.00620	0.00551	0.00174	0.00662	0.07163	0.03135	0.00669
42	0.01332	0.01360	0.03583	0.07710	0.33764	0.04453	0.23380	0.08086	0.01300	0.01777	0.01044	0.02728	0.00852	0.00535	0.00630	0.00170	0.05728	0.00527	0.00287	0.00756

[dist]
# distance from previous block
# <min> <max>
6	76

[block]
# block no. 5 follows, 46 sequences, length 27
# corresponding to MSA columns:
# 787-793,803-822
name=unknown_F
#
# <colnr> <probs for GDERKNQSTAVLIFYWHMCP>
#	G	D	E	R	K	N	Q	S	T	A	V	L	I	F	Y	W	H	M	C	P
0	0.12645	0.01179	0.02066	0.20088	0.22408	0.01228	0.25065	0.01570	0.02753	0.01719	0.01138	0.01446	0.03307	0.00513	0.00533	0.00170	0.00683	0.00518	0.00280	0.00691
1	0.00938	0.00752	0.00935	0.00816	0.01037	0.00712	0.05025	0.12980	0.01434	0.01890	0.18225	0.15607	0.30571	0.01117	0.00604	0.00173	0.00364	0.00967	0.00492	0.05362
2	0.01415	0.01556	0.01620	0.10803	0.14594	0.25785	0.01182	0.01608	0.01146	0.01404	0.00833	0.01142	0.00723	0.00637	0.00879	0.00169	0.25840	0.00413	0.00257	0.07993
3	0.00804	0.00616	0.00880	0.00869	0.00982	0.00718	0.00676	0.01107	0.07530	0.01313	0.01480	0.02068	0.01347	0.03681	0.72429	0.00791	0.01329	0.00569	0.00306	0.00504
4	0.01975	0.02520	0.01498	0.01362	0.01634	0.79299	0.01021	0.02111	0.01498	0.01294	0.00817	0.00953	0.00681	0.00545	0.00477	0.00136	0.00953	0.00340	0.00272	0.00613
5	0.00878	0.00711	0.00937	0.00884	0.00943	0.00825	0.02141	0.01089	0.07527	0.01278	0.01664	0.15008	0.01780	0.30571	0.15739	0.00436	0.16005	0.00773	0.00342	0.00468
6	0.01412	0.66728	0.02636	0.01291	0.13640	0.04046	0.01023	0.01604	0.01106	0.01322	0.00779	0.00924	0.00704	0.00458	0.00372	0.00121	0.00586	0.00314	0.00233	0.00702
7	0.01428	0.00866	0.01051	0.00861	0.01149	0.00835	0.00686	0.16206	0.04493	0.20324	0.34185	0.02613	0.04075	0.00823	0.00560	0.00157	0.00381	0.00695	0.00562	0.08050
8	0.01545	0.01128	0.01235	0.01067	0.01394	0.01257	0.00842	0.09210	0.58533	0.14507	0.02064	0.01883	0.01502	0.00700	0.00536	0.00175	0.00438	0.00576	0.00556	0.00852
9	0.02010	0.01481	0.01587	0.01216	0.01639	0.01639	0.01005	0.76360	0.02486	0.03332	0.01269	0.01269	0.00899	0.00635	0.00529	0.00159	0.00582	0.00476	0.00529	0.00899
10	0.01096	0.00940	0.01096	0.00783	0.01253	0.00705	0.00626	0.01331	0.01096	0.01723	0.00940	0.01096	0.00783	0.00392	0.00392	0.00078	0.00392	0.00313	0.00313	0.84653
11	0.00758	0.00557	0.00800	0.00800	0.00878	0.00634	0.00599	0.00912	0.00835	0.01191	0.01461	0.02327	0.01430	0.17972	0.65467	0.00789	0.01253	0.00603	0.00290	0.00445
12	0.00771	0.00570	0.00834	0.00853	0.00946	0.00644	0.00671	0.00958	0.00904	0.01272	0.01652	0.02781	0.01633	0.08175	0.62196	0.00733	0.01214	0.12411	0.00318	0.00465
13	0.00676	0.00538	0.00607	0.00590	0.00746	0.00468	0.00442	0.00859	0.01327	0.01717	0.35662	0.04612	0.47421	0.01231	0.00624	0.00173	0.00260	0.01049	0.00529	0.00468
14	0.01778	0.15016	0.01645	0.01244	0.01530	0.60069	0.00971	0.01924	0.01374	0.01280	0.00856	0.01035	0.00737	0.00829	0.07357	0.00195	0.00932	0.00351	0.00266	0.00611
15	0.00625	0.00536	0.00536	0.00536	0.00714	0.00446	0.00402	0.00759	0.01205	0.01428	0.05355	0.05088	0.77909	0.01339	0.00625	0.00179	0.00268	0.01116	0.00491	0.00446
16	0.01314	0.01155	0.01347	0.01423	0.13647	0.01306	0.00962	0.02619	0.65021	0.02134	0.01967	0.01866	0.01490	0.00678	0.00536	0.00176	0.00452	0.00577	0.00494	0.00837
17	0.01075	0.01045	0.01458	0.01284	0.01289	0.01429	0.01050	0.01187	0.00842	0.01285	0.01049	0.13936	0.01142	0.01042	0.01565	0.00229	0.67638	0.00629	0.00273	0.00554
18	0.01038	0.01017	0.01831	0.67690	0.03501	0.01200	0.13419	0.01406	0.01088	0.01406	0.00960	0.01412	0.00720	0.00515	0.00544	0.00177	0.00735	0.00494	0.00240	0.00607
19	0.01016	0.00960	0.01609	0.74186	0.06446	0.01195	0.01462	0.01358	0.01053	0.01362	0.00932	0.01396	0.00709	0.00541	0.00574	0.00178	0.03719	0.00470	0.00236	0.00597
20	0.05792	0.01152	0.01683	0.09833	0.26501	0.02537	0.02643	0.01440	0.01033	0.01568	0.00867	0.01207	0.00751	0.00613	0.00887	0.00171	0.26517	0.00434	0.00261	0.14110
21	0.01070	0.15566	0.03086	0.21507	0.16986	0.01175	0.01103	0.01408	0.06032	0.01503	0.02018	0.02437	0.16092	0.00755	0.00530	0.00167	0.00543	0.07055	0.00330	0.00637
22	0.01235	0.01215	0.01356	0.19653	0.01933	0.13426	0.03754	0.03384	0.01202	0.01616	0.02745	0.01231	0.00851	0.00473	0.00455	0.00119	0.00576	0.00386	0.00298	0.44093
23	0.04620	0.01382	0.02131	0.01943	0.17123	0.11002	0.30530	0.03347	0.03936	0.03483	0.01110	0.01494	0.00918	0.06748	0.02253	0.00205	0.04104	0.00534	0.00298	0.02838
24	0.01235	0.08180	0.01566	0.15799	0.17179	0.05946	0.01035	0.04372	0.01188	0.01658	0.00966	0.01203	0.00789	0.00465	0.00448	0.00123	0.00549	0.00385	0.03289	0.33624
25	0.01208	0.03938	0.03237	0.08243	0.24949	0.01076	0.02665	0.09160	0.04971	0.04783	0.04786	0.02289	0.16889	0.00737	0.00571	0.00163	0.02467	0.02016	0.00378	0.05474
26	0.00918	0.02998	0.13403	0.01190	0.12507	0.00815	0.00862	0.01185	0.05562	0.01388	0.01850	0.13310	0.06462	0.30612	0.04417	0.00326	0.00560	0.00756	0.00339	0.00540

[dist]
# distance from previous block
# <min> <max>
2	54

[block]
# block no. 6 follows, 46 sequences, length 22
# corresponding to MSA columns:
# 910-931
name=unknown_G
#
# <colnr> <probs for GDERKNQSTAVLIFYWHMCP>
#	G	D	E	R	K	N	Q	S	T	A	V	L	I	F	Y	W	H	M	C	P
0	0.01119	0.10959	0.26278	0.01190	0.06503	0.01092	0.01142	0.03751	0.03229	0.03404	0.08820	0.01783	0.06487	0.04010	0.00604	0.00160	0.02209	0.00502	0.00328	0.16430
1	0.01219	0.15521	0.02632	0.05932	0.01419	0.07217	0.03252	0.01614	0.11304	0.05724	0.14190	0.01968	0.06073	0.00789	0.03481	0.00168	0.00524	0.00543	0.00388	0.16043
2	0.01180	0.10185	0.30070	0.01288	0.01808	0.02870	0.10544	0.05707	0.07759	0.01728	0.02629	0.01604	0.02815	0.05242	0.00629	0.00175	0.00644	0.02324	0.00309	0.10492
3	0.01333	0.03969	0.28787	0.01627	0.11628	0.05816	0.11011	0.10888	0.04473	0.05599	0.04262	0.01587	0.05441	0.00595	0.00533	0.00164	0.00675	0.00514	0.00337	0.00759
4	0.01574	0.01356	0.05893	0.15099	0.11654	0.01377	0.07692	0.36084	0.03681	0.05310	0.01352	0.01486	0.03793	0.00602	0.00539	0.00165	0.00625	0.00512	0.00409	0.00797
5	0.00978	0.00829	0.01172	0.01169	0.09598	0.00838	0.06972	0.01533	0.18825	0.02042	0.43460	0.03029	0.05589	0.00885	0.00593	0.00170	0.00384	0.00798	0.00508	0.00630
6	0.01975	0.02520	0.01498	0.01362	0.01634	0.79299	0.01021	0.02111	0.01498	0.01294	0.00817	0.00953	0.00681	0.00545	0.00477	0.00136	0.00953	0.00340	0.00272	0.00613
7	0.00659	0.00481	0.00620	0.00704	0.00765	0.00442	0.00483	0.00781	0.01111	0.01482	0.15303	0.60716	0.11442	0.01530	0.00661	0.00203	0.00293	0.01374	0.00506	0.00442
8	0.00769	0.00513	0.00577	0.00577	0.00577	0.00513	0.00320	0.00769	0.00769	0.01025	0.01666	0.03460	0.01922	0.81421	0.02691	0.00513	0.00513	0.00769	0.00320	0.00320
9	0.01506	0.04348	0.37395	0.01289	0.01836	0.01264	0.01396	0.13499	0.07191	0.17203	0.01291	0.01336	0.00906	0.00599	0.00601	0.00169	0.06530	0.00450	0.00381	0.00809
10	0.00644	0.00460	0.00613	0.00736	0.00767	0.00429	0.00491	0.00736	0.01012	0.01350	0.02914	0.81076	0.03497	0.01656	0.00675	0.00215	0.00307	0.01503	0.00491	0.00429
11	0.01315	0.01136	0.01195	0.01076	0.01375	0.01315	0.00837	0.02809	0.77168	0.02211	0.02152	0.01972	0.01614	0.00717	0.00538	0.00179	0.00418	0.00598	0.00538	0.00837
12	0.01076	0.02248	0.55973	0.15631	0.08305	0.01225	0.04999	0.01614	0.01118	0.01622	0.00956	0.01196	0.00694	0.00502	0.00514	0.00169	0.00761	0.00421	0.00230	0.00748
13	0.01479	0.09437	0.17001	0.18927	0.16237	0.01268	0.01356	0.09997	0.01341	0.16180	0.01183	0.01335	0.00855	0.00540	0.00504	0.00160	0.00630	0.00448	0.00348	0.00774
14	0.01723	0.02101	0.01535	0.01370	0.01559	0.55438	0.01063	0.01853	0.01287	0.01287	0.00779	0.01016	0.00685	0.00662	0.00863	0.00165	0.25373	0.00378	0.00260	0.00602
15	0.00644	0.00460	0.00613	0.00736	0.00767	0.00429	0.00491	0.00736	0.01012	0.01350	0.02914	0.81076	0.03497	0.01656	0.00675	0.00215	0.00307	0.01503	0.00491	0.00429
16	0.03289	0.01395	0.14119	0.08861	0.29081	0.01224	0.01360	0.04601	0.16131	0.06958	0.01345	0.01609	0.01057	0.00601	0.00567	0.00171	0.03201	0.03294	0.00352	0.00785
17	0.01336	0.09533	0.30532	0.01649	0.06501	0.15604	0.18863	0.01735	0.01224	0.03503	0.01038	0.04184	0.00836	0.00538	0.00519	0.00160	0.00783	0.00476	0.00266	0.00718
18	0.00748	0.00553	0.00724	0.00812	0.03567	0.00569	0.00516	0.00820	0.00912	0.01235	0.02196	0.41856	0.02570	0.30773	0.04810	0.00349	0.05080	0.01097	0.00396	0.00415
19	0.01370	0.01091	0.01161	0.03982	0.01369	0.03691	0.00803	0.21589	0.29063	0.05151	0.05147	0.08111	0.13470	0.00859	0.00560	0.00174	0.00453	0.00710	0.00511	0.00736
20	0.01208	0.03385	0.02193	0.22055	0.17973	0.01293	0.26112	0.05831	0.01212	0.01646	0.01088	0.05352	0.00914	0.00580	0.00653	0.00176	0.06789	0.00568	0.00280	0.00692
21	0.05020	0.13513	0.04245	0.06164	0.01712	0.07718	0.07491	0.25659	0.04951	0.08278	0.01344	0.04919	0.01105	0.00663	0.00514	0.00162	0.00608	0.04780	0.00409	0.00743

[dist]
# distance from previous block
# <min> <max>
2	12

[block]
# block no. 7 follows, 46 sequences, length 26
# corresponding to MSA columns:
# 944-969
name=unknown_H
#
# <colnr> <probs for GDERKNQSTAVLIFYWHMCP>
#	G	D	E	R	K	N	Q	S	T	A	V	L	I	F	Y	W	H	M	C	P
0	0.19160	0.01005	0.01286	0.18104	0.11765	0.01100	0.00972	0.05662	0.01112	0.01856	0.00979	0.01246	0.00785	0.00541	0.00560	0.00152	0.08246	0.00404	0.08948	0.16118
1	0.06818	0.01377	0.01690	0.21525	0.24802	0.10923	0.01279	0.21567	0.01526	0.02049	0.01016	0.01251	0.00785	0.00539	0.00508	0.00160	0.00661	0.00444	0.00332	0.00747
2	0.01045	0.00945	0.01588	0.57787	0.12304	0.01109	0.04576	0.01384	0.01089	0.01486	0.01047	0.01466	0.00804	0.00529	0.00513	0.00168	0.00648	0.00479	0.10421	0.00612
3	0.01074	0.00975	0.01440	0.27378	0.03645	0.01086	0.09320	0.05335	0.18134	0.01736	0.06033	0.06095	0.12005	0.00773	0.00596	0.00179	0.02481	0.00682	0.00388	0.00645
4	0.01871	0.01412	0.01508	0.01188	0.01587	0.01575	0.00971	0.61666	0.17406	0.03108	0.01446	0.01410	0.01042	0.00651	0.00531	0.00163	0.00549	0.00500	0.00531	0.00887
5	0.00710	0.00517	0.00667	0.00728	0.00796	0.00508	0.00521	0.00830	0.01006	0.01333	0.04861	0.33332	0.12537	0.15876	0.14014	0.00369	0.00541	0.09997	0.00429	0.00428
6	0.00633	0.00536	0.00547	0.00544	0.00719	0.00450	0.00408	0.00774	0.01224	0.01474	0.10150	0.05012	0.73086	0.01322	0.00625	0.00178	0.00267	0.01105	0.00497	0.00450
7	0.01245	0.06267	0.53569	0.05793	0.06784	0.06405	0.03861	0.01741	0.01172	0.06888	0.01013	0.01175	0.00731	0.00511	0.00501	0.00163	0.00749	0.00408	0.00260	0.00764
8	0.01623	0.01300	0.06526	0.01029	0.01379	0.06472	0.00876	0.31223	0.11698	0.09976	0.01701	0.01704	0.04887	0.00663	0.00499	0.00155	0.00507	0.00517	0.16503	0.00764
9	0.00918	0.00459	0.00689	0.00689	0.00689	0.00459	0.00459	0.00689	0.00689	0.00918	0.00918	0.01607	0.00918	0.01837	0.02066	0.84619	0.00459	0.00459	0.00230	0.00230
10	0.00998	0.00940	0.01586	0.80150	0.03641	0.01175	0.01468	0.01351	0.01057	0.01351	0.00940	0.01409	0.00705	0.00529	0.00529	0.00176	0.00705	0.00470	0.00235	0.00587
11	0.01165	0.17505	0.49016	0.03398	0.09642	0.01403	0.07527	0.01646	0.01126	0.01592	0.00922	0.01115	0.00699	0.00486	0.00483	0.00157	0.00732	0.00398	0.00231	0.00757
12	0.01303	0.01270	0.02227	0.03161	0.71873	0.01263	0.07808	0.01628	0.01207	0.01724	0.01001	0.01318	0.00834	0.00469	0.00532	0.00159	0.00650	0.00484	0.00262	0.00827
13	0.00700	0.00538	0.00639	0.00614	0.00760	0.00478	0.00461	0.00903	0.01382	0.01847	0.49281	0.04398	0.33722	0.01182	0.00624	0.00171	0.00257	0.01019	0.00546	0.00478
14	0.01505	0.01832	0.30828	0.01412	0.01955	0.08664	0.15027	0.01932	0.03282	0.21546	0.01534	0.01582	0.05267	0.00589	0.00538	0.00166	0.00694	0.00512	0.00371	0.00766
15	0.01290	0.10458	0.08686	0.21175	0.15990	0.01261	0.10453	0.06883	0.01238	0.06951	0.01111	0.01386	0.00857	0.00712	0.04978	0.00198	0.00696	0.00472	0.04497	0.00708
16	0.01517	0.01069	0.01195	0.01005	0.01307	0.01129	0.00815	0.41726	0.01895	0.07561	0.02338	0.12146	0.13490	0.00966	0.00585	0.00179	0.00480	0.09352	0.00522	0.00723
17	0.01082	0.00997	0.01632	0.69255	0.09743	0.01208	0.01455	0.05629	0.01150	0.01495	0.00963	0.01393	0.00727	0.00530	0.00528	0.00174	0.00691	0.00470	0.00254	0.00626
18	0.01684	0.12822	0.19312	0.06516	0.08492	0.01176	0.01190	0.06205	0.01357	0.31650	0.03554	0.01470	0.01072	0.00577	0.00499	0.00157	0.00577	0.00463	0.00423	0.00804
19	0.01170	0.01077	0.01615	0.62903	0.10710	0.06525	0.01415	0.01496	0.01126	0.05542	0.00998	0.01389	0.00749	0.00531	0.00525	0.00171	0.00701	0.00464	0.00263	0.00630
20	0.07653	0.11164	0.01953	0.11092	0.10582	0.07507	0.16157	0.10704	0.06106	0.06911	0.01162	0.02862	0.00912	0.00624	0.02213	0.00175	0.00672	0.00489	0.00341	0.00721
21	0.01682	0.01337	0.01697	0.12891	0.14556	0.01480	0.02975	0.47879	0.01959	0.02640	0.01163	0.01339	0.00873	0.02165	0.00606	0.00170	0.02861	0.00483	0.00424	0.00819
22	0.00647	0.00496	0.00594	0.00656	0.00750	0.00442	0.00459	0.00770	0.01131	0.01455	0.11269	0.45685	0.30779	0.01483	0.00651	0.00197	0.00287	0.01307	0.00500	0.00442
23	0.01179	0.08030	0.01136	0.00910	0.01120	0.03673	0.00704	0.21527	0.05778	0.01951	0.04936	0.33820	0.05994	0.04032	0.00661	0.00194	0.00441	0.02837	0.00470	0.00609
24	0.01091	0.01048	0.01571	0.33482	0.08484	0.03967	0.06690	0.01456	0.06529	0.01520	0.05282	0.06976	0.01213	0.00687	0.00713	0.00177	0.12062	0.00571	0.00303	0.06179
25	0.01305	0.01332	0.04055	0.17623	0.05958	0.11179	0.18389	0.10712	0.02643	0.01784	0.02660	0.01644	0.05998	0.00598	0.00563	0.00162	0.02608	0.00536	0.06556	0.03695

[dist]
# distance from previous block
# <min> <max>
2	6

[block]
# block no. 8 follows, 46 sequences, length 9
# corresponding to MSA columns:
# 976-984
name=unknown_I
#
# <colnr> <probs for GDERKNQSTAVLIFYWHMCP>
#	G	D	E	R	K	N	Q	S	T	A	V	L	I	F	Y	W	H	M	C	P
0	0.01616	0.08859	0.08240	0.17171	0.01989	0.12101	0.03839	0.09068	0.03411	0.20587	0.01393	0.03636	0.01072	0.00637	0.00519	0.00163	0.00637	0.03937	0.00398	0.00726
1	0.00704	0.00534	0.00659	0.00704	0.00815	0.00502	0.00531	0.00855	0.01127	0.01455	0.10451	0.21540	0.28543	0.07047	0.08667	0.00287	0.00445	0.14219	0.00466	0.00449
2	0.00739	0.06933	0.00805	0.00693	0.00813	0.00588	0.00512	0.00899	0.01218	0.01625	0.29564	0.35591	0.15473	0.01308	0.00622	0.00184	0.00301	0.01153	0.00502	0.00476
3	0.01654	0.29474	0.13331	0.01155	0.01597	0.20809	0.01085	0.10714	0.05192	0.08790	0.01046	0.01108	0.00809	0.00536	0.00447	0.00140	0.00677	0.00375	0.00328	0.00732
4	0.08365	0.06481	0.32622	0.01396	0.06932	0.01253	0.05897	0.14563	0.01373	0.04829	0.01444	0.01657	0.06946	0.00623	0.00511	0.00166	0.00635	0.03226	0.00337	0.00745
5	0.01437	0.00906	0.01200	0.01110	0.07252	0.06012	0.07685	0.01624	0.01228	0.24799	0.08245	0.05430	0.01734	0.19429	0.01034	0.00242	0.00510	0.00649	0.08845	0.00630
6	0.01295	0.05219	0.01346	0.01121	0.01379	0.15014	0.07806	0.10902	0.08990	0.03617	0.02168	0.13777	0.09082	0.00970	0.00588	0.00182	0.00570	0.14919	0.00430	0.00625
7	0.07422	0.19832	0.18951	0.01294	0.06647	0.16431	0.01169	0.06400	0.04064	0.09242	0.01052	0.01154	0.00807	0.00623	0.02626	0.00167	0.00689	0.00386	0.00318	0.00727
8	0.01368	0.01289	0.01670	0.01454	0.06400	0.10849	0.15730	0.16656	0.07259	0.01982	0.09000	0.02077	0.01531	0.00987	0.06888	0.00229	0.06120	0.07434	0.00392	0.00685

[dist]
# distance from previous block
# <min> <max>
15	144

[block]
# block no. 9 follows, 46 sequences, length 12
# corresponding to MSA columns:
# 1152-1163
name=unknown_J
#
# <colnr> <probs for GDERKNQSTAVLIFYWHMCP>
#	G	D	E	R	K	N	Q	S	T	A	V	L	I	F	Y	W	H	M	C	P
0	0.01279	0.04078	0.03283	0.08028	0.04960	0.05413	0.03937	0.09688	0.02242	0.09056	0.01778	0.13399	0.06963	0.00766	0.00520	0.00152	0.00500	0.02122	0.04096	0.17742
1	0.01302	0.01232	0.06581	0.14165	0.04099	0.06471	0.09995	0.10437	0.02593	0.07277	0.05888	0.09437	0.01346	0.00673	0.00558	0.00158	0.02281	0.00588	0.00371	0.14552
2	0.01568	0.05928	0.22644	0.02629	0.05381	0.05084	0.09592	0.18968	0.08923	0.12149	0.01286	0.01350	0.00922	0.00566	0.00521	0.00163	0.00658	0.00472	0.00390	0.00808
3	0.04776	0.16884	0.11331	0.01226	0.06953	0.07585	0.02811	0.09060	0.01274	0.07032	0.01287	0.13065	0.01186	0.00696	0.00540	0.00154	0.04084	0.00553	0.00346	0.09159
4	0.01323	0.07712	0.30363	0.01356	0.07303	0.10268	0.01297	0.06557	0.09558	0.04415	0.01270	0.03347	0.01012	0.00598	0.00492	0.00157	0.00639	0.02426	0.07006	0.02902
5	0.01002	0.05034	0.07211	0.04390	0.01236	0.04416	0.00806	0.06387	0.01209	0.03744	0.17472	0.02364	0.06502	0.02123	0.33216	0.00446	0.00873	0.00630	0.00375	0.00564
6	0.06556	0.00559	0.00623	0.00625	0.00746	0.00534	0.00445	0.00869	0.01101	0.01512	0.16349	0.12971	0.30716	0.16829	0.07003	0.00295	0.00413	0.00967	0.00447	0.00440
7	0.00753	0.00874	0.13359	0.00820	0.01022	0.00595	0.00731	0.00976	0.01165	0.01578	0.18992	0.28857	0.15745	0.06055	0.00752	0.00210	0.00390	0.06169	0.00456	0.00502
8	0.01261	0.01551	0.08901	0.02117	0.05977	0.04816	0.58083	0.01676	0.01214	0.01645	0.01018	0.01355	0.00780	0.00491	0.00685	0.00178	0.06707	0.00574	0.00261	0.00710
9	0.00736	0.00577	0.00693	0.00727	0.00866	0.00552	0.00564	0.00981	0.05716	0.01527	0.09214	0.16885	0.33973	0.01594	0.07706	0.00257	0.00429	0.16043	0.00481	0.00481
10	0.01431	0.01306	0.08538	0.01520	0.10949	0.01221	0.11080	0.19149	0.17150	0.07465	0.01656	0.08134	0.01389	0.00735	0.00566	0.00177	0.00575	0.05743	0.00439	0.00777
11	0.01105	0.12623	0.69180	0.01431	0.02172	0.01336	0.01822	0.01663	0.01111	0.01620	0.00922	0.01083	0.00671	0.00496	0.00482	0.00161	0.00754	0.00377	0.00224	0.00768

[dist]
# distance from previous block
# <min> <max>
0	1

[block]
# block no. 10 follows, 46 sequences, length 23
# corresponding to MSA columns:
# 1165-1187
name=unknown_K
#
# <colnr> <probs for GDERKNQSTAVLIFYWHMCP>
#	G	D	E	R	K	N	Q	S	T	A	V	L	I	F	Y	W	H	M	C	P
0	0.00842	0.00655	0.00903	0.00885	0.01011	0.00763	0.00688	0.01234	0.12720	0.01380	0.01530	0.02061	0.01367	0.03460	0.67071	0.00745	0.01261	0.00571	0.00323	0.00529
1	0.00986	0.00808	0.01093	0.01038	0.06926	0.00783	0.06769	0.12741	0.01500	0.02004	0.28983	0.06837	0.25385	0.01016	0.00604	0.00171	0.00390	0.00889	0.00493	0.00585
2	0.01164	0.13643	0.01737	0.01270	0.01348	0.01616	0.01078	0.01294	0.00854	0.01264	0.00758	0.01182	0.00742	0.01095	0.07729	0.00262	0.61700	0.00443	0.00235	0.00585
3	0.01471	0.01212	0.01418	0.01172	0.01511	0.01347	0.06578	0.24475	0.43041	0.02498	0.07941	0.01882	0.01613	0.00701	0.00549	0.00172	0.00489	0.00592	0.00518	0.00819
