[name]
unknown

[dist]
# distance from previous block
# <min> <max>
0	70

[block]
# block no. 0 follows, 47 sequences, length 6
# corresponding to MSA columns:
# 72-77
name=unknown_A
#
# <colnr> <probs for GDERKNQSTAVLIFYWHMCP>
#	G	D	E	R	K	N	Q	S	T	A	V	L	I	F	Y	W	H	M	C	P
0	0.01009	0.00906	0.01156	0.01093	0.05449	0.04206	0.03780	0.07465	0.01103	0.01470	0.02134	0.02527	0.19953	0.10083	0.16631	0.00348	0.19140	0.00668	0.00339	0.00538
1	0.41631	0.00761	0.00682	0.00634	0.00868	0.00804	0.00500	0.01182	0.01109	0.02017	0.20229	0.02733	0.23424	0.00855	0.00473	0.00166	0.00327	0.00667	0.00427	0.00512
2	0.01214	0.01161	0.01979	0.22112	0.60118	0.01218	0.01561	0.01533	0.01150	0.01611	0.00966	0.01313	0.00793	0.00478	0.00517	0.00159	0.00637	0.00464	0.00251	0.00765
3	0.01065	0.00576	0.00586	0.00552	0.00701	0.00591	0.00422	0.08240	0.01218	0.02066	0.01657	0.01877	0.01293	0.00608	0.00379	0.00125	0.00273	0.00484	0.76765	0.00523
4	0.64947	0.01368	0.00939	0.00846	0.01155	0.20375	0.00672	0.01665	0.01031	0.02076	0.00745	0.00869	0.00590	0.00496	0.00358	0.00155	0.00534	0.00295	0.00309	0.00574
5	0.00696	0.00531	0.00639	0.00612	0.00753	0.00474	0.00459	0.00902	0.01376	0.01856	0.53272	0.04273	0.29962	0.01151	0.00615	0.00168	0.00252	0.00996	0.00543	0.00474

[dist]
# distance from previous block
# <min> <max>
0	1

[block]
# block no. 1 follows, 47 sequences, length 19
# corresponding to MSA columns:
# 79-97
name=unknown_B
#
# <colnr> <probs for GDERKNQSTAVLIFYWHMCP>
#	G	D	E	R	K	N	Q	S	T	A	V	L	I	F	Y	W	H	M	C	P
0	0.02105	0.01183	0.01431	0.01186	0.05804	0.01203	0.00921	0.38410	0.01937	0.37894	0.01605	0.01492	0.01068	0.00625	0.00522	0.00158	0.00516	0.00494	0.00563	0.00883
1	0.00726	0.00532	0.00681	0.00643	0.00771	0.00487	0.00483	0.00961	0.01448	0.02025	0.71439	0.03994	0.11689	0.01088	0.00614	0.00165	0.00247	0.00956	0.00565	0.00487
2	0.00623	0.00524	0.00540	0.00544	0.00710	0.00442	0.00405	0.00759	0.01193	0.01439	0.09048	0.08697	0.70656	0.01321	0.00618	0.00177	0.00265	0.01109	0.00488	0.00442
3	0.00983	0.00926	0.01562	0.80447	0.03587	0.01157	0.01446	0.01331	0.01041	0.01331	0.00926	0.01388	0.00694	0.00521	0.00521	0.00174	0.00694	0.00463	0.00231	0.00579
4	0.00733	0.00529	0.00692	0.00658	0.00777	0.00489	0.00491	0.00972	0.01455	0.02057	0.75114	0.07038	0.04854	0.01088	0.00616	0.00166	0.00248	0.00964	0.00570	0.00489
5	0.01980	0.01459	0.01563	0.01198	0.01615	0.01615	0.00990	0.76713	0.02448	0.03282	0.01250	0.01250	0.00886	0.00625	0.00521	0.00156	0.00573	0.00469	0.00521	0.00886
6	0.85377	0.01007	0.00765	0.00685	0.01007	0.01168	0.00564	0.01531	0.00886	0.02336	0.00725	0.00846	0.00564	0.00483	0.00322	0.00161	0.00403	0.00282	0.00322	0.00564
7	0.05947	0.11712	0.10099	0.00918	0.01367	0.01064	0.00839	0.11793	0.01252	0.01858	0.01079	0.07026	0.00948	0.00537	0.00427	0.00117	0.00472	0.00421	0.00331	0.41793
8	0.07206	0.01195	0.04278	0.11528	0.05400	0.03388	0.24867	0.03758	0.01275	0.24991	0.01311	0.01448	0.00919	0.00546	0.00574	0.00168	0.03508	0.00511	0.02398	0.00732
9	0.01524	0.01133	0.01212	0.01023	0.01339	0.01266	0.00814	0.26234	0.39730	0.06307	0.01783	0.01712	0.01316	0.00664	0.00505	0.00162	0.00443	0.00534	0.11495	0.00803
10	0.01128	0.01049	0.01630	0.38201	0.28155	0.03402	0.01341	0.05355	0.01195	0.01594	0.04938	0.07401	0.01161	0.00617	0.00533	0.00168	0.00618	0.00559	0.00292	0.00662
11	0.01420	0.18998	0.07537	0.03616	0.18949	0.08644	0.10481	0.06196	0.04538	0.05525	0.01004	0.01198	0.00804	0.00539	0.00599	0.00156	0.08343	0.00433	0.00293	0.00728
12	0.01667	0.00741	0.00955	0.00781	0.01083	0.00642	0.00628	0.01858	0.01404	0.47592	0.13155	0.02844	0.20295	0.00863	0.00554	0.00164	0.00367	0.00718	0.02977	0.00714
13	0.00669	0.00493	0.00631	0.00714	0.00790	0.00456	0.00515	0.00802	0.01107	0.01456	0.11616	0.50451	0.16021	0.01492	0.00658	0.00204	0.00312	0.10680	0.00493	0.00441
14	0.01142	0.03426	0.03677	0.30382	0.18168	0.05870	0.10541	0.01447	0.01116	0.01484	0.01157	0.01622	0.03029	0.00594	0.00621	0.00170	0.07075	0.03709	0.04129	0.00640
15	0.01727	0.01005	0.01424	0.07695	0.16518	0.00991	0.02778	0.09684	0.06162	0.35301	0.01805	0.01850	0.05253	0.04658	0.00635	0.00180	0.00512	0.00550	0.00483	0.00789
16	0.00876	0.00777	0.01146	0.01581	0.29978	0.00737	0.00871	0.01068	0.01149	0.01516	0.04831	0.21393	0.29913	0.01064	0.00589	0.00176	0.00406	0.00945	0.00401	0.00582
17	0.01019	0.00841	0.00933	0.00860	0.01076	0.00911	0.00659	0.01900	0.41771	0.02051	0.28892	0.05142	0.09964	0.00914	0.00571	0.00173	0.00337	0.00784	0.00539	0.00661
18	0.22198	0.02420	0.01494	0.22195	0.05860	0.07065	0.08737	0.06569	0.04525	0.12510	0.01109	0.01277	0.00810	0.00532	0.00475	0.00163	0.00599	0.00436	0.00350	0.00676

[dist]
# distance from previous block
# <min> <max>
2	14

[block]
# block no. 2 follows, 47 sequences, length 237
# corresponding to MSA columns:
# 112-348
name=unknown_C
#
# <colnr> <probs for GDERKNQSTAVLIFYWHMCP>
#	G	D	E	R	K	N	Q	S	T	A	V	L	I	F	Y	W	H	M	C	P
0	0.01163	0.07181	0.31917	0.01099	0.01537	0.03960	0.01154	0.07630	0.03484	0.06051	0.04240	0.12621	0.01424	0.08644	0.00720	0.00195	0.00581	0.00605	0.02059	0.03735
1	0.00928	0.00755	0.00883	0.00713	0.01009	0.00605	0.00528	0.01090	0.01013	0.01498	0.01590	0.13442	0.05767	0.15906	0.00865	0.00183	0.00389	0.00609	0.00345	0.51882
2	0.01247	0.01427	0.16520	0.02346	0.45303	0.01132	0.04854	0.01637	0.03977	0.06836	0.01490	0.01663	0.08097	0.00570	0.00527	0.00161	0.00607	0.00524	0.00308	0.00777
3	0.01586	0.01077	0.06980	0.00995	0.01462	0.00808	0.06676	0.01849	0.01255	0.32178	0.01383	0.01380	0.00969	0.00500	0.00466	0.00124	0.00475	0.00423	0.00431	0.38982
4	0.00983	0.00926	0.01562	0.80447	0.03587	0.01157	0.01446	0.01331	0.01041	0.01331	0.00926	0.01388	0.00694	0.00521	0.00521	0.00174	0.00694	0.00463	0.00231	0.00579
5	0.01069	0.01067	0.01725	0.10915	0.10620	0.06762	0.21714	0.01341	0.01095	0.01461	0.06454	0.03036	0.01288	0.06790	0.19137	0.00347	0.03715	0.00586	0.00290	0.00590
6	0.02336	0.00886	0.01209	0.00927	0.01329	0.00765	0.00765	0.02538	0.01491	0.78810	0.02055	0.01773	0.01289	0.00645	0.00524	0.00161	0.00443	0.00524	0.00645	0.00886
7	0.00945	0.00699	0.00935	0.00885	0.01013	0.00790	0.00687	0.05439	0.06588	0.05143	0.08993	0.13096	0.03716	0.02425	0.38519	0.00499	0.07984	0.00721	0.00384	0.00540
8	0.00638	0.00456	0.00608	0.00723	0.00756	0.00426	0.00484	0.00735	0.01015	0.01357	0.05646	0.78503	0.03498	0.01611	0.00663	0.00210	0.00300	0.01461	0.00487	0.00426
9	0.01277	0.01137	0.01824	0.19201	0.48172	0.01205	0.01419	0.01748	0.11621	0.05506	0.01177	0.01424	0.00925	0.00518	0.00519	0.00162	0.00598	0.00484	0.00309	0.00776
10	0.01641	0.01354	0.01764	0.10568	0.14812	0.07682	0.10111	0.28195	0.05200	0.09707	0.01220	0.01344	0.00894	0.00557	0.00525	0.00158	0.00636	0.00481	0.00400	0.02750
11	0.00662	0.00507	0.00554	0.00577	0.00673	0.00456	0.00388	0.00746	0.01023	0.01273	0.03734	0.18945	0.41274	0.25430	0.01234	0.00281	0.00343	0.01069	0.00433	0.00399
12	0.00829	0.00642	0.00885	0.07378	0.03938	0.02250	0.00659	0.00956	0.00863	0.01188	0.03227	0.02325	0.01441	0.25079	0.38977	0.05387	0.02653	0.00600	0.00287	0.00438
13	0.01166	0.10768	0.01741	0.04954	0.03260	0.01622	0.01134	0.01301	0.00849	0.01264	0.00706	0.01118	0.00686	0.00828	0.01463	0.00210	0.65678	0.00435	0.00228	0.00588
14	0.12604	0.00976	0.01068	0.00793	0.01224	0.00841	0.00639	0.08532	0.01184	0.01941	0.00949	0.01087	0.00769	0.00427	0.00389	0.00097	0.00402	0.00325	0.02498	0.63254
15	0.03448	0.01411	0.18086	0.06984	0.20764	0.01108	0.05061	0.05958	0.07867	0.15403	0.03822	0.03337	0.03204	0.00603	0.00524	0.00165	0.00584	0.00526	0.00377	0.00769
16	0.01612	0.01308	0.01354	0.01128	0.01475	0.03860	0.00902	0.34748	0.42669	0.02628	0.01703	0.01612	0.01257	0.00666	0.00524	0.00167	0.00498	0.00529	0.00518	0.00844
17	0.01607	0.03754	0.03573	0.02051	0.33768	0.29217	0.01237	0.01955	0.08335	0.07918	0.01103	0.01248	0.00870	0.00527	0.00496	0.00149	0.00702	0.00428	0.00317	0.00746
18	0.01107	0.11245	0.63045	0.01355	0.02041	0.01267	0.01686	0.01667	0.03785	0.03506	0.01142	0.01262	0.03598	0.00531	0.00484	0.00160	0.00707	0.00410	0.00251	0.00751
19	0.00767	0.00562	0.00732	0.00813	0.00926	0.00541	0.00667	0.00956	0.01160	0.01498	0.07292	0.12520	0.16870	0.07301	0.00831	0.00241	0.00412	0.44982	0.00474	0.00456
20	0.00620	0.00526	0.00535	0.00537	0.00707	0.00441	0.00401	0.00755	0.01193	0.01429	0.07773	0.06775	0.73904	0.01317	0.00617	0.00176	0.00264	0.01103	0.00487	0.00441
21	0.01392	0.82012	0.02729	0.00891	0.01337	0.02061	0.00891	0.01559	0.01058	0.01225	0.00724	0.00835	0.00668	0.00446	0.00334	0.00111	0.00557	0.00278	0.00223	0.00668
22	0.01188	0.01202	0.01713	0.48397	0.25276	0.10528	0.01438	0.01498	0.01135	0.01432	0.00927	0.01306	0.00730	0.00506	0.00513	0.00163	0.00701	0.00448	0.00244	0.00654
23	0.78831	0.01026	0.00818	0.00717	0.01046	0.01178	0.00591	0.05232	0.00981	0.04660	0.00790	0.00893	0.00601	0.00495	0.00338	0.00161	0.00412	0.00298	0.00342	0.00589
24	0.00634	0.00455	0.00603	0.00721	0.00754	0.00423	0.00482	0.00726	0.01001	0.01331	0.02921	0.79736	0.05033	0.01625	0.00664	0.00211	0.00301	0.01472	0.00483	0.00423
25	0.00680	0.00495	0.00641	0.00678	0.00762	0.00456	0.00481	0.00845	0.01231	0.01685	0.37727	0.40054	0.09635	0.01347	0.00638	0.00187	0.00273	0.01204	0.00525	0.00456
26	0.00638	0.00456	0.00608	0.00723	0.00756	0.00426	0.00484	0.00735	0.01015	0.01357	0.05646	0.78503	0.03498	0.01611	0.00663	0.00210	0.00300	0.01461	0.00487	0.00426
27	0.00887	0.00461	0.00675	0.00675	0.00679	0.00464	0.00448	0.00694	0.00691	0.00925	0.00983	0.01750	0.01000	0.08431	0.04976	0.74811	0.00492	0.00481	0.00235	0.00242
28	0.00757	0.00505	0.00568	0.00568	0.00568	0.00505	0.00316	0.00757	0.00757	0.01010	0.01641	0.03408	0.01893	0.81698	0.02651	0.00505	0.00505	0.00757	0.00316	0.00316
29	0.01160	0.01017	0.01155	0.00902	0.04141	0.03522	0.00685	0.04884	0.01162	0.01757	0.00939	0.01091	0.00775	0.00405	0.00400	0.00086	0.00423	0.00323	0.00315	0.74861
30	0.72670	0.01030	0.00859	0.00741	0.01077	0.01168	0.00611	0.07046	0.01048	0.08556	0.00870	0.00950	0.00646	0.00507	0.00353	0.00161	0.00418	0.00315	0.00363	0.00613
31	0.01080	0.00926	0.01080	0.00771	0.01234	0.00694	0.00617	0.01311	0.01080	0.01697	0.00926	0.01080	0.00771	0.00386	0.00386	0.00077	0.00386	0.00309	0.00309	0.84882
32	0.08086	0.01417	0.01488	0.01382	0.10663	0.19981	0.04608	0.10486	0.01484	0.31249	0.01356	0.01354	0.00948	0.00580	0.00528	0.00156	0.02573	0.00450	0.00442	0.00771
33	0.01980	0.01459	0.01563	0.01198	0.01615	0.01615	0.00990	0.76713	0.02448	0.03282	0.01250	0.01250	0.00886	0.00625	0.00521	0.00156	0.00573	0.00469	0.00521	0.00886
34	0.00755	0.00513	0.00607	0.00607	0.00621	0.00526	0.00365	0.00783	0.00769	0.01039	0.01605	0.03208	0.01806	0.70277	0.13953	0.00554	0.00636	0.00728	0.00310	0.00337
35	0.01295	0.01119	0.01178	0.01060	0.01354	0.01295	0.00824	0.02767	0.77509	0.02178	0.02120	0.01943	0.01590	0.00707	0.00530	0.00177	0.00412	0.00589	0.00530	0.00824
36	0.85377	0.01007	0.00765	0.00685	0.01007	0.01168	0.00564	0.01531	0.00886	0.02336	0.00725	0.00846	0.00564	0.00483	0.00322	0.00161	0.00403	0.00282	0.00322	0.00564
37	0.01053	0.04733	0.77039	0.01469	0.02230	0.01231	0.01898	0.01647	0.01098	0.01638	0.00929	0.01093	0.00660	0.00493	0.00491	0.00164	0.00764	0.00382	0.00220	0.00767
38	0.01392	0.82012	0.02729	0.00891	0.01337	0.02061	0.00891	0.01559	0.01058	0.01225	0.00724	0.00835	0.00668	0.00446	0.00334	0.00111	0.00557	0.00278	0.00223	0.00668
39	0.01648	0.01103	0.01196	0.00974	0.01295	0.01196	0.00786	0.37106	0.16018	0.10673	0.01604	0.01599	0.01167	0.00638	0.00485	0.00152	0.00450	0.00501	0.20630	0.00779
40	0.00894	0.00497	0.00516	0.00512	0.00640	0.00480	0.00384	0.01122	0.01151	0.01886	0.11359	0.02596	0.12294	0.00759	0.00428	0.00134	0.00246	0.00624	0.62998	0.00480
41	0.01045	0.02694	0.79000	0.01484	0.02254	0.01209	0.01924	0.01649	0.01099	0.01649	0.00935	0.01099	0.00660	0.00495	0.00495	0.00165	0.00770	0.00385	0.00220	0.00770
42	0.00757	0.00505	0.00568	0.00568	0.00568	0.00505	0.00316	0.00757	0.00757	0.01010	0.01641	0.03408	0.01893	0.81698	0.02651	0.00505	0.00505	0.00757	0.00316	0.00316
43	0.01199	0.01317	0.02585	0.01922	0.02274	0.01409	0.51656	0.01531	0.01087	0.01531	0.00931	0.01317	0.00755	0.00595	0.00976	0.00193	0.27249	0.00562	0.00252	0.00659
44	0.00737	0.00532	0.00696	0.00655	0.00778	0.00491	0.00491	0.00983	0.01474	0.02088	0.78175	0.03890	0.04914	0.01065	0.00614	0.00164	0.00246	0.00942	0.00573	0.00491
45	0.01139	0.01139	0.01595	0.01367	0.01367	0.01595	0.01139	0.01253	0.00798	0.01253	0.00684	0.01139	0.00684	0.00911	0.01709	0.00228	0.80745	0.00456	0.00228	0.00570
46	0.85377	0.01007	0.00765	0.00685	0.01007	0.01168	0.00564	0.01531	0.00886	0.02336	0.00725	0.00846	0.00564	0.00483	0.00322	0.00161	0.00403	0.00282	0.00322	0.00564
47	0.44186	0.01230	0.01159	0.00938	0.01307	0.01389	0.00774	0.38664	0.01658	0.02804	0.00985	0.01046	0.00723	0.00553	0.00420	0.00159	0.00487	0.00374	0.00420	0.00723
48	0.01009	0.00763	0.00917	0.03733	0.01121	0.00757	0.00647	0.10489	0.10604	0.03694	0.10003	0.35835	0.04169	0.01087	0.00576	0.00173	0.00372	0.00955	0.00473	0.12623
49	0.02336	0.00886	0.01209	0.00927	0.01329	0.00765	0.00765	0.02538	0.01491	0.78810	0.02055	0.01773	0.01289	0.00645	0.00524	0.00161	0.00443	0.00524	0.00645	0.00886
50	0.00710	0.00531	0.00658	0.00627	0.00761	0.00480	0.00470	0.00930	0.01410	0.01936	0.61897	0.04140	0.21287	0.01121	0.00614	0.00166	0.00250	0.00977	0.00553	0.00480
51	0.00659	0.00529	0.00588	0.00573	0.00730	0.00458	0.00430	0.00832	0.01290	0.01651	0.31386	0.04610	0.51976	0.01228	0.00615	0.00172	0.00257	0.01043	0.00516	0.00458
52	0.02142	0.01144	0.01362	0.01050	0.01455	0.01155	0.00865	0.34820	0.04738	0.43094	0.01707	0.01552	0.01125	0.00638	0.00523	0.00160	0.00499	0.00502	0.00587	0.00884
53	0.02336	0.00886	0.01209	0.00927	0.01329	0.00765	0.00765	0.02538	0.01491	0.78810	0.02055	0.01773	0.01289	0.00645	0.00524	0.00161	0.00443	0.00524	0.00645	0.00886
54	0.00780	0.00565	0.00765	0.00868	0.00978	0.00551	0.00724	0.00984	0.01174	0.01525	0.05793	0.18500	0.10215	0.01446	0.00696	0.00226	0.00421	0.52839	0.00484	0.00467
55	0.00694	0.00490	0.00666	0.00746	0.00800	0.00495	0.00530	0.00822	0.00963	0.01334	0.02383	0.50892	0.02709	0.04534	0.20992	0.00377	0.00593	0.04346	0.05198	0.00437
56	0.01405	0.66981	0.07862	0.01068	0.05035	0.04836	0.01003	0.04220	0.01131	0.01351	0.00772	0.00893	0.00683	0.00459	0.00365	0.00120	0.00589	0.00303	0.00236	0.00688
57	0.03394	0.01102	0.01291	0.01004	0.01397	0.04680	0.00823	0.21514	0.01720	0.52968	0.01841	0.01657	0.02833	0.00647	0.00520	0.00159	0.00495	0.00510	0.00587	0.00858
58	0.00634	0.00453	0.00604	0.00725	0.00755	0.00423	0.00483	0.00725	0.00997	0.01329	0.02870	0.81358	0.03444	0.01632	0.00665	0.00211	0.00302	0.01480	0.00483	0.00423
59	0.53838	0.01164	0.01013	0.00854	0.01199	0.05660	0.00697	0.15686	0.03104	0.11005	0.01009	0.01056	0.00735	0.00536	0.00395	0.00159	0.00470	0.00354	0.00397	0.00668
60	0.01461	0.01262	0.01861	0.05247	0.31507	0.03019	0.10426	0.17769	0.10189	0.05340	0.01237	0.01407	0.00948	0.00549	0.00550	0.00161	0.02308	0.00498	0.03469	0.00793
61	0.00711	0.00512	0.00628	0.00629	0.00718	0.00475	0.00439	0.00863	0.01197	0.01637	0.38190	0.17364	0.13809	0.18062	0.01046	0.00244	0.00312	0.01011	0.01718	0.00436
62	0.01235	0.30676	0.03332	0.01044	0.07628	0.01282	0.00836	0.03126	0.02735	0.01569	0.00889	0.01030	0.00756	0.00428	0.00386	0.00102	0.00480	0.00321	0.00281	0.41866
63	0.69712	0.14398	0.02777	0.00736	0.01088	0.01316	0.00647	0.01538	0.00919	0.02138	0.00729	0.00850	0.00583	0.00477	0.00328	0.00153	0.00436	0.00284	0.00304	0.00586
64	0.00842	0.00570	0.00718	0.00765	0.00856	0.00559	0.00534	0.01110	0.10151	0.06695	0.07958	0.56664	0.03094	0.05958	0.00748	0.00217	0.00332	0.01231	0.00497	0.00501
65	0.00983	0.00926	0.01562	0.80447	0.03587	0.01157	0.01446	0.01331	0.01041	0.01331	0.00926	0.01388	0.00694	0.00521	0.00521	0.00174	0.00694	0.00463	0.00231	0.00579
66	0.00973	0.00816	0.00970	0.00768	0.01100	0.00678	0.00600	0.02607	0.01131	0.01675	0.08927	0.11127	0.08518	0.00710	0.00524	0.00118	0.03989	0.00588	0.00371	0.53811
67	0.02320	0.00913	0.01225	0.00939	0.01343	0.00805	0.00776	0.06015	0.01535	0.75270	0.02017	0.01748	0.01270	0.00644	0.00524	0.00161	0.00449	0.00521	0.00639	0.00886
68	0.01076	0.01961	0.46886	0.01413	0.04207	0.01090	0.08423	0.01654	0.08484	0.04267	0.06596	0.08972	0.01341	0.00660	0.00535	0.00171	0.00650	0.00574	0.00318	0.00722
69	0.01243	0.00921	0.01097	0.00791	0.01246	0.00703	0.00636	0.01470	0.01133	0.11678	0.01072	0.01170	0.00838	0.00419	0.00404	0.00088	0.00393	0.00336	0.00352	0.74011
70	0.85377	0.01007	0.00765	0.00685	0.01007	0.01168	0.00564	0.01531	0.00886	0.02336	0.00725	0.00846	0.00564	0.00483	0.00322	0.00161	0.00403	0.00282	0.00322	0.00564
71	0.01045	0.02694	0.79000	0.01484	0.02254	0.01209	0.01924	0.01649	0.01099	0.01649	0.00935	0.01099	0.00660	0.00495	0.00495	0.00165	0.00770	0.00385	0.00220	0.00770
72	0.00757	0.00505	0.00568	0.00568	0.00568	0.00505	0.00316	0.00757	0.00757	0.01010	0.01641	0.03408	0.01893	0.81698	0.02651	0.00505	0.00505	0.00757	0.00316	0.00316
73	0.01327	0.01135	0.01196	0.01066	0.01366	0.01310	0.00832	0.06234	0.73990	0.02230	0.02079	0.01910	0.01557	0.00703	0.00529	0.00176	0.00420	0.00583	0.00529	0.00827
74	0.01233	0.01180	0.02012	0.17444	0.64642	0.01223	0.01570	0.01549	0.01159	0.01633	0.00970	0.01307	0.00801	0.00474	0.00516	0.00158	0.00633	0.00464	0.00253	0.00779
75	0.00983	0.00926	0.01562	0.80447	0.03587	0.01157	0.01446	0.01331	0.01041	0.01331	0.00926	0.01388	0.00694	0.00521	0.00521	0.00174	0.00694	0.00463	0.00231	0.00579
76	0.02336	0.00886	0.01209	0.00927	0.01329	0.00765	0.00765	0.02538	0.01491	0.78810	0.02055	0.01773	0.01289	0.00645	0.00524	0.00161	0.00443	0.00524	0.00645	0.00886
77	0.00757	0.00505	0.00568	0.00568	0.00568	0.00505	0.00316	0.00757	0.00757	0.01010	0.01641	0.03408	0.01893	0.81698	0.02651	0.00505	0.00505	0.00757	0.00316	0.00316
78	0.00749	0.00549	0.00738	0.05222	0.00910	0.00595	0.00536	0.00860	0.00843	0.01152	0.01752	0.08160	0.05265	0.35158	0.34613	0.00590	0.00864	0.00723	0.00315	0.00406
79	0.37536	0.01280	0.01096	0.00922	0.01266	0.15820	0.00742	0.07464	0.01301	0.26187	0.01196	0.01184	0.00835	0.00554	0.00428	0.00156	0.00529	0.00382	0.00428	0.00696
80	0.68772	0.05813	0.00978	0.00790	0.01111	0.12350	0.00645	0.01610	0.00980	0.02123	0.00736	0.00859	0.00585	0.00489	0.00344	0.00154	0.00488	0.00289	0.00309	0.00576
81	0.01289	0.01237	0.02114	0.03196	0.78450	0.01237	0.01598	0.01598	0.01186	0.01701	0.00980	0.01289	0.00825	0.00464	0.00516	0.00155	0.00619	0.00464	0.00258	0.00825
82	0.00715	0.00521	0.00690	0.00796	0.00879	0.00496	0.00616	0.00870	0.01101	0.01431	0.03112	0.41850	0.12207	0.01516	0.00681	0.00219	0.00369	0.31002	0.00482	0.00448
83	0.01418	0.78283	0.02670	0.00912	0.01349	0.05696	0.00896	0.01584	0.01078	0.01228	0.00728	0.00840	0.00668	0.00450	0.00340	0.00112	0.00575	0.00281	0.00225	0.00665
84	0.00634	0.00453	0.00604	0.00725	0.00755	0.00423	0.00483	0.00725	0.00997	0.01329	0.02870	0.81358	0.03444	0.01632	0.00665	0.00211	0.00302	0.01480	0.00483	0.00423
85	0.01264	0.01087	0.01151	0.01044	0.01326	0.01254	0.00808	0.02671	0.73922	0.02139	0.02155	0.05666	0.01677	0.00750	0.00536	0.00178	0.00407	0.00631	0.00528	0.00805
86	0.01067	0.02663	0.77672	0.01475	0.02238	0.01202	0.01904	0.01664	0.01106	0.02967	0.00954	0.01111	0.00670	0.00497	0.00495	0.00165	0.00764	0.00387	0.00227	0.00772
87	0.00922	0.00575	0.00748	0.00681	0.00840	0.00521	0.00519	0.01156	0.01460	0.11274	0.64887	0.03699	0.08638	0.01029	0.00603	0.00164	0.00270	0.00900	0.00577	0.00536
88	0.01068	0.08153	0.73750	0.01443	0.02191	0.01268	0.01853	0.01643	0.01097	0.01620	0.00920	0.01081	0.00660	0.00491	0.00484	0.00161	0.00755	0.00377	0.00220	0.00763
89	0.85377	0.01007	0.00765	0.00685	0.01007	0.01168	0.00564	0.01531	0.00886	0.02336	0.00725	0.00846	0.00564	0.00483	0.00322	0.00161	0.00403	0.00282	0.00322	0.00564
90	0.00633	0.00459	0.00598	0.00709	0.00751	0.00424	0.00476	0.00727	0.01013	0.01336	0.03071	0.74994	0.09680	0.01605	0.00661	0.00209	0.00299	0.01449	0.00483	0.00424
91	0.02305	0.00937	0.01240	0.00951	0.01355	0.00841	0.00785	0.09159	0.01576	0.72068	0.01983	0.01726	0.01253	0.00643	0.00523	0.00161	0.00455	0.00519	0.00634	0.00886
92	0.01392	0.82012	0.02729	0.00891	0.01337	0.02061	0.00891	0.01559	0.01058	0.01225	0.00724	0.00835	0.00668	0.00446	0.00334	0.00111	0.00557	0.00278	0.00223	0.00668
93	0.00634	0.00453	0.00604	0.00725	0.00755	0.00423	0.00483	0.00725	0.00997	0.01329	0.02870	0.81358	0.03444	0.01632	0.00665	0.00211	0.00302	0.01480	0.00483	0.00423
94	0.00617	0.00523	0.00532	0.00539	0.00706	0.00439	0.00401	0.00746	0.01176	0.01402	0.05139	0.09344	0.73994	0.01337	0.00618	0.00178	0.00266	0.01121	0.00484	0.00439
95	0.01162	0.01298	0.07040	0.01375	0.01439	0.04444	0.01190	0.01312	0.00844	0.01282	0.00706	0.01129	0.00681	0.00868	0.01578	0.00220	0.72173	0.00446	0.00229	0.00585
96	0.02324	0.00906	0.01220	0.00936	0.01339	0.00794	0.00773	0.05041	0.01523	0.76262	0.02027	0.01755	0.01275	0.00644	0.00524	0.00161	0.00448	0.00522	0.00640	0.00886
97	0.01045	0.02694	0.79000	0.01484	0.02254	0.01209	0.01924	0.01649	0.01099	0.01649	0.00935	0.01099	0.00660	0.00495	0.00495	0.00165	0.00770	0.00385	0.00220	0.00770
98	0.01295	0.01119	0.01178	0.01060	0.01354	0.01295	0.00824	0.02767	0.77509	0.02178	0.02120	0.01943	0.01590	0.00707	0.00530	0.00177	0.00412	0.00589	0.00530	0.00824
99	0.01045	0.02694	0.79000	0.01484	0.02254	0.01209	0.01924	0.01649	0.01099	0.01649	0.00935	0.01099	0.00660	0.00495	0.00495	0.00165	0.00770	0.00385	0.00220	0.00770
100	0.01940	0.00804	0.01090	0.00897	0.01229	0.00711	0.00739	0.02138	0.01397	0.59526	0.02326	0.05248	0.05937	0.00934	0.03504	0.00198	0.00468	0.09539	0.00596	0.00780
101	0.01229	0.01405	0.03073	0.02195	0.02722	0.01317	0.76558	0.01668	0.01229	0.01668	0.01054	0.01405	0.00790	0.00439	0.00615	0.00176	0.00878	0.00615	0.00263	0.00702
102	0.00983	0.00926	0.01562	0.80447	0.03587	0.01157	0.01446	0.01331	0.01041	0.01331	0.00926	0.01388	0.00694	0.00521	0.00521	0.00174	0.00694	0.00463	0.00231	0.00579
103	0.01235	0.01182	0.02016	0.16895	0.65175	0.01223	0.01571	0.01551	0.01160	0.01636	0.00970	0.01307	0.00802	0.00474	0.00516	0.00158	0.00632	0.00464	0.00253	0.00781
104	0.01207	0.01370	0.02983	0.02141	0.02650	0.01284	0.73783	0.01634	0.01221	0.01656	0.01120	0.04322	0.00887	0.00482	0.00616	0.00177	0.00857	0.00646	0.00271	0.00692
105	0.02336	0.00886	0.01209	0.00927	0.01329	0.00765	0.00765	0.02538	0.01491	0.78810	0.02055	0.01773	0.01289	0.00645	0.00524	0.00161	0.00443	0.00524	0.00645	0.00886
106	0.00658	0.00471	0.00631	0.00746	0.00788	0.00443	0.00519	0.00769	0.01034	0.01380	0.05607	0.71073	0.03454	0.01592	0.00668	0.00213	0.00318	0.08720	0.00486	0.00431
107	0.00723	0.00591	0.00852	0.15604	0.01346	0.00598	0.02928	0.00886	0.01058	0.01365	0.02912	0.45957	0.17231	0.01320	0.00629	0.00198	0.00393	0.04514	0.00430	0.00466
108	0.01229	0.01405	0.03073	0.02195	0.02722	0.01317	0.76558	0.01668	0.01229	0.01668	0.01054	0.01405	0.00790	0.00439	0.00615	0.00176	0.00878	0.00615	0.00263	0.00702
109	0.02075	0.01153	0.01363	0.01063	0.01456	0.01176	0.00880	0.39091	0.01947	0.37123	0.01697	0.01747	0.01187	0.00680	0.00533	0.00163	0.00509	0.04719	0.00574	0.00863
110	0.01606	0.07531	0.05082	0.01175	0.01510	0.27654	0.00959	0.10756	0.32933	0.03379	0.01422	0.01405	0.01086	0.00610	0.00493	0.00155	0.00635	0.00457	0.00407	0.00745
111	0.85377	0.01007	0.00765	0.00685	0.01007	0.01168	0.00564	0.01531	0.00886	0.02336	0.00725	0.00846	0.00564	0.00483	0.00322	0.00161	0.00403	0.00282	0.00322	0.00564
112	0.01719	0.01232	0.07089	0.01285	0.01657	0.01173	0.13261	0.15337	0.03944	0.29862	0.02528	0.03405	0.01108	0.00670	0.00725	0.00175	0.13051	0.00539	0.00457	0.00780
113	0.00634	0.00453	0.00604	0.00725	0.00755	0.00423	0.00483	0.00725	0.00997	0.01329	0.02870	0.81358	0.03444	0.01632	0.00665	0.00211	0.00302	0.01480	0.00483	0.00423
114	0.10377	0.01232	0.01361	0.01062	0.01459	0.01312	0.00874	0.44022	0.06280	0.24488	0.01475	0.01397	0.01008	0.00621	0.00502	0.00159	0.00510	0.00472	0.00537	0.00850
115	0.01145	0.01060	0.01614	0.40891	0.26157	0.04058	0.01336	0.03330	0.04382	0.01561	0.01067	0.01450	0.00850	0.02550	0.00560	0.00171	0.00629	0.00473	0.06057	0.00660
116	0.00723	0.00536	0.00723	0.00860	0.06422	0.00510	0.00533	0.00841	0.01054	0.01432	0.15768	0.45677	0.04870	0.16367	0.01014	0.00253	0.00352	0.01168	0.00451	0.00445
117	0.00744	0.00558	0.00837	0.00837	0.00930	0.00651	0.00651	0.00930	0.00837	0.01209	0.01395	0.02046	0.01302	0.03906	0.79635	0.00837	0.01395	0.00558	0.00279	0.00465
118	0.07410	0.33937	0.02024	0.01226	0.04373	0.36755	0.04494	0.01798	0.01247	0.01362	0.00785	0.00926	0.00674	0.00489	0.00414	0.00130	0.00735	0.00327	0.00253	0.00640
119	0.09335	0.03764	0.13009	0.05175	0.11602	0.26679	0.02863	0.08384	0.03342	0.03425	0.03804	0.01299	0.00939	0.03537	0.00561	0.00165	0.00702	0.00426	0.00312	0.00678
120	0.00873	0.00480	0.00703	0.00734	0.00758	0.00478	0.00527	0.00756	0.00798	0.01056	0.01388	0.08012	0.01474	0.01728	0.01693	0.63116	0.00447	0.14400	0.00291	0.00287
121	0.00983	0.00926	0.01562	0.80447	0.03587	0.01157	0.01446	0.01331	0.01041	0.01331	0.00926	0.01388	0.00694	0.00521	0.00521	0.00174	0.00694	0.00463	0.00231	0.00579
122	0.01351	0.01332	0.07272	0.17756	0.24412	0.07479	0.01271	0.03786	0.21137	0.06956	0.01328	0.01469	0.01006	0.00563	0.00516	0.00164	0.00604	0.00484	0.00354	0.00759
123	0.01043	0.01001	0.01782	0.50553	0.12165	0.01127	0.13587	0.01390	0.01121	0.01500	0.06293	0.01568	0.01035	0.00541	0.00537	0.00169	0.00671	0.00521	0.02776	0.00620
124	0.00633	0.00457	0.00600	0.00714	0.00752	0.00424	0.00478	0.00726	0.01008	0.01334	0.03007	0.77026	0.07688	0.01614	0.00662	0.00209	0.00300	0.01459	0.00483	0.00424
125	0.00693	0.00569	0.00653	0.00693	0.03614	0.00509	0.00485	0.00900	0.04013	0.01582	0.20123	0.12372	0.49444	0.01244	0.00613	0.00176	0.00282	0.01063	0.00496	0.00477
126	0.01101	0.01025	0.01689	0.62786	0.12100	0.02769	0.05064	0.02712	0.01111	0.03321	0.00969	0.01376	0.00731	0.00515	0.00524	0.00170	0.00691	0.00469	0.00252	0.00626
127	0.01291	0.00739	0.00726	0.00656	0.00851	0.07194	0.00506	0.01508	0.01228	0.17279	0.05207	0.02131	0.07063	0.00680	0.00434	0.00136	0.00343	0.00545	0.50911	0.00573
128	0.01467	0.00711	0.00886	0.00752	0.01026	0.00619	0.00595	0.03120	0.01358	0.38167	0.07629	0.08938	0.30577	0.00994	0.00574	0.00170	0.00357	0.00833	0.00566	0.00662
129	0.02336	0.00886	0.01209	0.00927	0.01329	0.00765	0.00765	0.02538	0.01491	0.78810	0.02055	0.01773	0.01289	0.00645	0.00524	0.00161	0.00443	0.00524	0.00645	0.00886
130	0.04887	0.01239	0.01484	0.01262	0.01361	0.07142	0.01040	0.12055	0.01102	0.01628	0.00832	0.01174	0.00743	0.00808	0.01315	0.00202	0.55605	0.00443	0.05063	0.00612
131	0.00651	0.00486	0.00593	0.00654	0.00731	0.00441	0.00449	0.00764	0.01085	0.01415	0.12256	0.46803	0.22831	0.07357	0.00792	0.00218	0.00300	0.01266	0.00482	0.00427
132	0.01045	0.02694	0.79000	0.01484	0.02254	0.01209	0.01924	0.01649	0.01099	0.01649	0.00935	0.01099	0.00660	0.00495	0.00495	0.00165	0.00770	0.00385	0.00220	0.00770
133	0.02336	0.00886	0.01209	0.00927	0.01329	0.00765	0.00765	0.02538	0.01491	0.78810	0.02055	0.01773	0.01289	0.00645	0.00524	0.00161	0.00443	0.00524	0.00645	0.00886
134	0.00746	0.00550	0.00795	0.00795	0.00873	0.00628	0.00598	0.00903	0.00824	0.01178	0.01434	0.02260	0.01395	0.16156	0.67512	0.00785	0.01255	0.00589	0.00285	0.00441
135	0.00618	0.00528	0.00532	0.00531	0.00705	0.00441	0.00398	0.00753	0.01194	0.01424	0.07062	0.04984	0.76441	0.01313	0.00615	0.00176	0.00263	0.01095	0.00486	0.00441
136	0.01392	0.82012	0.02729	0.00891	0.01337	0.02061	0.00891	0.01559	0.01058	0.01225	0.00724	0.00835	0.00668	0.00446	0.00334	0.00111	0.00557	0.00278	0.00223	0.00668
137	0.00757	0.00505	0.00568	0.00568	0.00568	0.00505	0.00316	0.00757	0.00757	0.01010	0.01641	0.03408	0.01893	0.81698	0.02651	0.00505	0.00505	0.00757	0.00316	0.00316
138	0.07772	0.01002	0.01246	0.00962	0.01362	0.00953	0.00794	0.16491	0.01632	0.59466	0.01814	0.01612	0.01165	0.00630	0.00510	0.00160	0.00465	0.00497	0.00600	0.00865
139	0.01045	0.02694	0.79000	0.01484	0.02254	0.01209	0.01924	0.01649	0.01099	0.01649	0.00935	0.01099	0.00660	0.00495	0.00495	0.00165	0.00770	0.00385	0.00220	0.00770
140	0.01286	0.57823	0.25989	0.01072	0.01616	0.01801	0.01206	0.01587	0.01071	0.01355	0.00788	0.00916	0.00666	0.00461	0.00383	0.00128	0.00622	0.00311	0.00222	0.00699
141	0.01092	0.02363	0.59499	0.01667	0.02374	0.01237	0.21093	0.01654	0.01133	0.01654	0.00965	0.01178	0.00693	0.00480	0.00526	0.00168	0.00797	0.00444	0.00231	0.00752
142	0.01603	0.22607	0.02244	0.01464	0.01850	0.37823	0.22080	0.01831	0.01300	0.01372	0.00854	0.01043	0.00704	0.00486	0.00475	0.00140	0.00824	0.00399	0.00255	0.00648
143	0.00657	0.00527	0.00574	0.00563	0.00713	0.00458	0.00414	0.00809	0.01229	0.01553	0.23732	0.04606	0.53806	0.07149	0.00764	0.00197	0.00277	0.01034	0.00494	0.00444
144	0.03110	0.27002	0.53771	0.01284	0.01943	0.01470	0.01575	0.01619	0.01082	0.01535	0.00865	0.01013	0.00660	0.00479	0.00441	0.00148	0.00696	0.00350	0.00223	0.00734
145	0.23547	0.41559	0.09288	0.00914	0.01345	0.01623	0.00897	0.05081	0.02236	0.01698	0.00801	0.00921	0.00670	0.00480	0.00393	0.00133	0.02393	0.00309	0.00272	0.05439
146	0.30138	0.38830	0.06189	0.00888	0.01286	0.06399	0.00835	0.03480	0.02936	0.01729	0.02780	0.00976	0.00769	0.00494	0.00364	0.00137	0.00529	0.00319	0.00283	0.00639
147	0.00754	0.00565	0.00703	0.00663	0.00802	0.00531	0.00499	0.01056	0.05754	0.02012	0.65165	0.03913	0.13470	0.01075	0.00610	0.00166	0.00257	0.00941	0.00560	0.00504
148	0.00653	0.00500	0.00594	0.00648	0.00747	0.00449	0.00462	0.00778	0.01114	0.01425	0.10382	0.36888	0.32643	0.05134	0.00736	0.00208	0.00302	0.05419	0.00483	0.00434
149	0.01085	0.09522	0.12117	0.06832	0.01459	0.04811	0.02755	0.10101	0.06502	0.01683	0.05504	0.29167	0.01967	0.03362	0.00616	0.00185	0.00510	0.00824	0.00392	0.00606
150	0.06986	0.07920	0.02043	0.01639	0.10412	0.08022	0.26425	0.11599	0.04067	0.01925	0.10981	0.01582	0.01329	0.00578	0.00554	0.00160	0.02193	0.00543	0.00347	0.00694
151	0.00915	0.00600	0.00758	0.00771	0.00899	0.00576	0.00569	0.04299	0.05097	0.08833	0.15960	0.41970	0.08750	0.01314	0.00630	0.00194	0.00333	0.06491	0.00518	0.00523
152	0.06475	0.01037	0.04091	0.02933	0.04755	0.01101	0.03508	0.06684	0.27546	0.01964	0.12508	0.07173	0.05289	0.00838	0.00670	0.00181	0.08757	0.03373	0.00444	0.00672
153	0.01301	0.01241	0.03855	0.12856	0.47140	0.03053	0.08445	0.03369	0.04633	0.05282	0.01129	0.03353	0.00920	0.00524	0.00529	0.00162	0.00638	0.00507	0.00296	0.00769
154	0.01185	0.22315	0.48346	0.01426	0.07191	0.03353	0.01559	0.01697	0.05440	0.01568	0.00949	0.01090	0.00726	0.00493	0.00457	0.00151	0.00690	0.00374	0.00242	0.00747
155	0.00663	0.00483	0.00624	0.00686	0.00757	0.00445	0.00478	0.00803	0.01155	0.01560	0.25212	0.51488	0.10849	0.01436	0.00645	0.00194	0.00282	0.01287	0.00510	0.00445
156	0.04355	0.07340	0.08356	0.10956	0.25065	0.06750	0.08305	0.01577	0.01158	0.06984	0.01250	0.05208	0.03260	0.00613	0.00580	0.00165	0.04989	0.02094	0.00300	0.00696
157	0.03734	0.01291	0.10663	0.02774	0.05091	0.05127	0.03632	0.08493	0.15297	0.28480	0.01647	0.04234	0.01196	0.00645	0.00538	0.00165	0.02072	0.00527	0.03608	0.00786
158	0.00710	0.00516	0.00632	0.00645	0.00763	0.00463	0.00467	0.00875	0.01249	0.03547	0.32584	0.26906	0.26142	0.01296	0.00627	0.00181	0.00272	0.01136	0.00522	0.00466
159	0.00956	0.01108	0.10811	0.13119	0.21986	0.00923	0.07419	0.01254	0.01173	0.01559	0.06283	0.02672	0.27013	0.00791	0.00561	0.00168	0.00532	0.00704	0.00342	0.00626
160	0.07739	0.05000	0.11735	0.28198	0.11279	0.01173	0.02319	0.05782	0.05245	0.11046	0.04683	0.01455	0.01019	0.00559	0.00499	0.00164	0.00597	0.00469	0.00337	0.00701
161	0.01163	0.12985	0.55650	0.01481	0.02151	0.05783	0.10483	0.01664	0.01131	0.01574	0.00913	0.01091	0.00677	0.00484	0.00486	0.00157	0.00764	0.00395	0.00228	0.00739
162	0.00635	0.00517	0.00564	0.00590	0.00734	0.00446	0.00437	0.00770	0.01165	0.01431	0.08065	0.19234	0.57392	0.01371	0.00629	0.00185	0.00280	0.04625	0.00487	0.00441
163	0.01225	0.01276	0.07714	0.32509	0.23623	0.03571	0.05057	0.08595	0.06893	0.01728	0.02184	0.01391	0.00877	0.00531	0.00522	0.00165	0.00657	0.00478	0.00294	0.00713
164	0.01475	0.07817	0.24137	0.01318	0.06042	0.05253	0.06633	0.05370	0.05095	0.20196	0.08904	0.02858	0.01350	0.00614	0.00515	0.00159	0.00597	0.00515	0.00398	0.00754
165	0.01103	0.01082	0.01509	0.01302	0.01306	0.01498	0.01074	0.01213	0.00797	0.01238	0.00764	0.01302	0.00775	0.05607	0.04665	0.00266	0.73237	0.00477	0.00235	0.00551
166	0.00640	0.00464	0.00605	0.00706	0.00753	0.00429	0.00478	0.00744	0.01044	0.01387	0.08230	0.70426	0.09032	0.01570	0.00658	0.00206	0.00295	0.01415	0.00490	0.00429
167	0.01794	0.07081	0.04370	0.01242	0.01557	0.50047	0.00992	0.17375	0.01620	0.01733	0.03851	0.03930	0.00970	0.00606	0.00485	0.00142	0.00785	0.00424	0.00335	0.00662
168	0.01392	0.82012	0.02729	0.00891	0.01337	0.02061	0.00891	0.01559	0.01058	0.01225	0.00724	0.00835	0.00668	0.00446	0.00334	0.00111	0.00557	0.00278	0.00223	0.00668
169	0.17602	0.03392	0.03876	0.01623	0.02047	0.15923	0.38346	0.05964	0.01261	0.01794	0.00936	0.01175	0.00722	0.00489	0.00544	0.00164	0.02717	0.00474	0.00288	0.00665
170	0.00983	0.00926	0.01562	0.80447	0.03587	0.01157	0.01446	0.01331	0.01041	0.01331	0.00926	0.01388	0.00694	0.00521	0.00521	0.00174	0.00694	0.00463	0.00231	0.00579
171	0.01127	0.01169	0.02275	0.37216	0.12878	0.01235	0.33395	0.01509	0.01140	0.01522	0.00987	0.01383	0.00752	0.00479	0.00560	0.00172	0.00763	0.00527	0.00248	0.00663
172	0.85377	0.01007	0.00765	0.00685	0.01007	0.01168	0.00564	0.01531	0.00886	0.02336	0.00725	0.00846	0.00564	0.00483	0.00322	0.00161	0.00403	0.00282	0.00322	0.00564
173	0.01045	0.02694	0.79000	0.01484	0.02254	0.01209	0.01924	0.01649	0.01099	0.01649	0.00935	0.01099	0.00660	0.00495	0.00495	0.00165	0.00770	0.00385	0.00220	0.00770
174	0.00806	0.00668	0.01005	0.30729	0.01881	0.00737	0.00910	0.01028	0.01074	0.01384	0.02349	0.28355	0.09570	0.01144	0.00617	0.00200	0.00482	0.16178	0.00388	0.00495
175	0.00654	0.00480	0.00659	0.05249	0.00916	0.00465	0.00538	0.00759	0.01000	0.01329	0.02760	0.76821	0.03288	0.01568	0.00657	0.00209	0.00324	0.01423	0.00469	0.00432
176	0.00983	0.00926	0.01562	0.80447	0.03587	0.01157	0.01446	0.01331	0.01041	0.01331	0.00926	0.01388	0.00694	0.00521	0.00521	0.00174	0.00694	0.00463	0.00231	0.00579
177	0.03747	0.43919	0.02164	0.01089	0.01464	0.21991	0.03709	0.05215	0.02841	0.04963	0.00870	0.00981	0.00729	0.00512	0.00457	0.00131	0.03930	0.00339	0.00278	0.00669
178	0.85377	0.01007	0.00765	0.00685	0.01007	0.01168	0.00564	0.01531	0.00886	0.02336	0.00725	0.00846	0.00564	0.00483	0.00322	0.00161	0.00403	0.00282	0.00322	0.00564
179	0.00805	0.00549	0.00711	0.00661	0.00800	0.00501	0.00499	0.01042	0.01459	0.05646	0.70470	0.03854	0.08904	0.01059	0.00610	0.00164	0.00256	0.00931	0.00572	0.00507
180	0.01023	0.00966	0.01633	0.70480	0.13245	0.01167	0.01466	0.01365	0.01060	0.01378	0.00933	0.01376	0.00711	0.00513	0.00520	0.00171	0.00684	0.00463	0.00235	0.00610
181	0.01296	0.00993	0.01093	0.00995	0.01267	0.01103	0.00780	0.02412	0.56544	0.09641	0.02350	0.06860	0.05360	0.00834	0.00555	0.00182	0.00407	0.06031	0.00533	0.00765
182	0.01413	0.00693	0.00906	0.00768	0.01009	0.00632	0.00605	0.01689	0.04431	0.32713	0.39727	0.02839	0.03099	0.00852	0.00558	0.00160	0.00331	0.00731	0.06181	0.00662
183	0.00615	0.00528	0.00528	0.00528	0.00703	0.00440	0.00396	0.00747	0.01187	0.01407	0.05276	0.05012	0.78238	0.01319	0.00615	0.00176	0.00264	0.01099	0.00484	0.00440
184	0.00787	0.00547	0.00653	0.00627	0.00783	0.00483	0.00470	0.00969	0.01312	0.07017	0.35796	0.11319	0.34934	0.01193	0.00613	0.00173	0.00272	0.01028	0.00533	0.00491
185	0.85377	0.01007	0.00765	0.00685	0.01007	0.01168	0.00564	0.01531	0.00886	0.02336	0.00725	0.00846	0.00564	0.00483	0.00322	0.00161	0.00403	0.00282	0.00322	0.00564
186	0.02129	0.01147	0.11259	0.01008	0.01460	0.00861	0.00923	0.05877	0.01477	0.63832	0.01851	0.01648	0.01179	0.00619	0.00517	0.00160	0.00490	0.00499	0.00578	0.02486
187	0.01106	0.00949	0.01092	0.00806	0.01248	0.00766	0.00642	0.01485	0.10187	0.01754	0.01068	0.01183	0.00869	0.00424	0.00403	0.00089	0.00389	0.00342	0.00335	0.74866
188	0.01945	0.02482	0.01476	0.01342	0.01610	0.79608	0.01006	0.02079	0.01476	0.01275	0.00805	0.00939	0.00671	0.00537	0.00470	0.00134	0.00939	0.00335	0.00268	0.00604
189	0.00737	0.00532	0.00696	0.00655	0.00778	0.00491	0.00491	0.00983	0.01474	0.02088	0.78175	0.03890	0.04914	0.01065	0.00614	0.00164	0.00246	0.00942	0.00573	0.00491
190	0.85377	0.01007	0.00765	0.00685	0.01007	0.01168	0.00564	0.01531	0.00886	0.02336	0.00725	0.00846	0.00564	0.00483	0.00322	0.00161	0.00403	0.00282	0.00322	0.00564
191	0.01289	0.01237	0.02114	0.03196	0.78450	0.01237	0.01598	0.01598	0.01186	0.01701	0.00980	0.01289	0.00825	0.00464	0.00516	0.00155	0.00619	0.00464	0.00258	0.00825
192	0.01980	0.01459	0.01563	0.01198	0.01615	0.01615	0.00990	0.76713	0.02448	0.03282	0.01250	0.01250	0.00886	0.00625	0.00521	0.00156	0.00573	0.00469	0.00521	0.00886
193	0.01948	0.01443	0.01545	0.01192	0.01603	0.01600	0.00982	0.73247	0.05967	0.03230	0.01291	0.01283	0.00919	0.00629	0.00521	0.00157	0.00566	0.00474	0.00521	0.00883
194	0.00683	0.00474	0.00590	0.00663	0.00681	0.00455	0.00417	0.00738	0.00902	0.01203	0.02384	0.50554	0.02831	0.33272	0.01449	0.00327	0.00382	0.01195	0.00417	0.00381
195	0.00673	0.00504	0.00632	0.00710	0.00800	0.00463	0.00524	0.00811	0.01115	0.01443	0.08777	0.42793	0.22900	0.01476	0.00658	0.00204	0.00319	0.14266	0.00489	0.00442
196	0.01945	0.02482	0.01476	0.01342	0.01610	0.79608	0.01006	0.02079	0.01476	0.01275	0.00805	0.00939	0.00671	0.00537	0.00470	0.00134	0.00939	0.00335	0.00268	0.00604
197	0.00667	0.00487	0.00640	0.00734	0.00797	0.00461	0.00524	0.00792	0.01054	0.01395	0.06866	0.56642	0.11062	0.01678	0.05144	0.00244	0.00377	0.09524	0.00476	0.00437
198	0.00656	0.00483	0.00618	0.00711	0.00778	0.00446	0.00503	0.00775	0.01070	0.01400	0.06792	0.57829	0.15937	0.01534	0.00659	0.00206	0.00310	0.08371	0.00487	0.00434
199	0.04321	0.00775	0.00821	0.00710	0.00924	0.00810	0.00557	0.20616	0.01473	0.05100	0.08118	0.02033	0.04202	0.03087	0.00507	0.00150	0.00350	0.00543	0.44304	0.00600
200	0.01268	0.01511	0.05669	0.04145	0.04453	0.06819	0.64799	0.01686	0.01236	0.01632	0.01027	0.01358	0.00775	0.00451	0.00595	0.00172	0.00867	0.00579	0.00261	0.00698
201	0.00983	0.00926	0.01562	0.80447	0.03587	0.01157	0.01446	0.01331	0.01041	0.01331	0.00926	0.01388	0.00694	0.00521	0.00521	0.00174	0.00694	0.00463	0.00231	0.00579
202	0.01578	0.15478	0.14306	0.01284	0.07013	0.14016	0.01108	0.19856	0.01507	0.06751	0.01026	0.01118	0.00783	0.00518	0.00459	0.00136	0.00632	0.00383	0.00342	0.11707
203	0.00704	0.00527	0.00653	0.00630	0.00760	0.00476	0.00469	0.00916	0.01384	0.01894	0.57706	0.08099	0.21562	0.01152	0.00617	0.00169	0.00253	0.01005	0.00548	0.00476
204	0.02029	0.01380	0.01514	0.01161	0.01576	0.01498	0.00959	0.66497	0.02317	0.13685	0.01361	0.01322	0.00941	0.00628	0.00521	0.00157	0.00555	0.00476	0.00538	0.00886
205	0.00615	0.00528	0.00528	0.00528	0.00703	0.00440	0.00396	0.00747	0.01187	0.01407	0.05276	0.05012	0.78238	0.01319	0.00615	0.00176	0.00264	0.01099	0.00484	0.00440
206	0.00737	0.00532	0.00696	0.00655	0.00778	0.00491	0.00491	0.00983	0.01474	0.02088	0.78175	0.03890	0.04914	0.01065	0.00614	0.00164	0.00246	0.00942	0.00573	0.00491
207	0.01406	0.01119	0.01200	0.01057	0.01366	0.01273	0.00829	0.06584	0.68102	0.07796	0.02070	0.01895	0.01531	0.00698	0.00529	0.00174	0.00423	0.00578	0.00538	0.00832
208	0.01527	0.30178	0.13060	0.01105	0.01563	0.14427	0.01049	0.18273	0.01443	0.01805	0.00908	0.01011	0.00728	0.00500	0.00427	0.00129	0.00634	0.00349	0.00306	0.10579
209	0.00819	0.00784	0.01265	0.01099	0.05337	0.00706	0.19385	0.01051	0.01234	0.01574	0.13268	0.03776	0.45577	0.01023	0.00610	0.00173	0.00433	0.00925	0.00428	0.00532
210	0.02109	0.01204	0.14892	0.01025	0.01492	0.00844	0.00969	0.02382	0.01422	0.65238	0.01858	0.01654	0.01178	0.00618	0.00519	0.00162	0.00501	0.00499	0.00570	0.00866
211	0.85377	0.01007	0.00765	0.00685	0.01007	0.01168	0.00564	0.01531	0.00886	0.02336	0.00725	0.00846	0.00564	0.00483	0.00322	0.00161	0.00403	0.00282	0.00322	0.00564
212	0.01295	0.01119	0.01178	0.01060	0.01354	0.01295	0.00824	0.02767	0.77509	0.02178	0.02120	0.01943	0.01590	0.00707	0.00530	0.00177	0.00412	0.00589	0.00530	0.00824
213	0.01295	0.01119	0.01178	0.01060	0.01354	0.01295	0.00824	0.02767	0.77509	0.02178	0.02120	0.01943	0.01590	0.00707	0.00530	0.00177	0.00412	0.00589	0.00530	0.00824
214	0.00983	0.00926	0.01562	0.80447	0.03587	0.01157	0.01446	0.01331	0.01041	0.01331	0.00926	0.01388	0.00694	0.00521	0.00521	0.00174	0.00694	0.00463	0.00231	0.00579
