[name]
unknown

[dist]
# distance from previous block
# <min> <max>
0	361

[block]
# block no. 0 follows, 42 sequences, length 24
# corresponding to MSA columns:
# 361-384
name=unknown_A
#
# <colnr> <probs for GDERKNQSTAVLIFYWHMCP>
#	G	D	E	R	K	N	Q	S	T	A	V	L	I	F	Y	W	H	M	C	P
0	0.01520	0.02178	0.45465	0.01578	0.02264	0.01203	0.13876	0.02032	0.01320	0.21101	0.01342	0.01430	0.00911	0.00566	0.00564	0.00179	0.00761	0.00496	0.00363	0.00852
1	0.01419	0.27459	0.20891	0.01148	0.01691	0.01524	0.01180	0.05338	0.13065	0.05684	0.01215	0.01281	0.00942	0.00549	0.00467	0.00145	0.00598	0.00412	0.00346	0.14646
2	0.01112	0.01209	0.02424	0.01785	0.02231	0.01114	0.50479	0.01478	0.01313	0.01711	0.02625	0.02788	0.25495	0.00784	0.00664	0.00190	0.00733	0.00835	0.00362	0.00667
3	0.00677	0.00524	0.00618	0.00693	0.00792	0.00465	0.00482	0.00794	0.01164	0.01472	0.04202	0.48338	0.34529	0.01620	0.00696	0.00212	0.00309	0.01425	0.00522	0.00465
4	0.01467	0.01326	0.02094	0.14628	0.53057	0.01392	0.01592	0.13888	0.01485	0.02062	0.01098	0.01402	0.00881	0.00540	0.00559	0.00171	0.00673	0.00502	0.00322	0.00862
5	0.01344	0.24071	0.36510	0.01290	0.01854	0.11542	0.01436	0.01739	0.01218	0.01609	0.01050	0.03366	0.00863	0.00581	0.00506	0.00157	0.02497	0.00421	0.07210	0.00737
6	0.00786	0.00578	0.00750	0.00750	0.00831	0.00612	0.00534	0.00909	0.00938	0.01269	0.02298	0.03246	0.14157	0.29568	0.39565	0.00663	0.00977	0.00774	0.00352	0.00443
7	0.70563	0.01067	0.00907	0.00784	0.01146	0.01190	0.00646	0.01836	0.01067	0.14975	0.01023	0.01081	0.00740	0.00551	0.00385	0.00174	0.00443	0.00348	0.00406	0.00668
8	0.01570	0.01647	0.14052	0.01248	0.01612	0.12371	0.01124	0.14918	0.11132	0.09407	0.05854	0.05361	0.05527	0.00808	0.00734	0.00185	0.10634	0.00607	0.00442	0.00767
9	0.00877	0.00621	0.00706	0.00650	0.00734	0.00580	0.00395	0.00918	0.00877	0.01215	0.01644	0.03263	0.01844	0.66899	0.02456	0.00468	0.00524	0.00737	0.00340	0.14251
10	0.00720	0.00528	0.00683	0.00790	0.00863	0.00491	0.00569	0.00854	0.01155	0.01510	0.05502	0.55712	0.14110	0.01665	0.00718	0.00226	0.00349	0.12560	0.00524	0.00471
11	0.01466	0.10583	0.23063	0.01603	0.15081	0.01300	0.01347	0.09586	0.03412	0.09474	0.01242	0.03504	0.00971	0.00575	0.00512	0.00154	0.00625	0.00468	0.00359	0.14675
12	0.04363	0.19637	0.32565	0.01237	0.01753	0.03115	0.05034	0.03998	0.01170	0.01625	0.01255	0.04625	0.02408	0.13891	0.00894	0.00228	0.00691	0.00526	0.00290	0.00692
13	0.01273	0.01128	0.01508	0.01300	0.01401	0.01466	0.01069	0.13532	0.01171	0.01708	0.01038	0.01502	0.00947	0.01763	0.21160	0.00402	0.46153	0.00523	0.00313	0.00644
14	0.01445	0.64363	0.05574	0.01073	0.01488	0.02108	0.01050	0.01634	0.01098	0.01347	0.00784	0.00968	0.00725	0.00568	0.00616	0.00144	0.13731	0.00337	0.00242	0.00709
15	0.10638	0.03751	0.05424	0.03959	0.20504	0.03641	0.14144	0.04493	0.01322	0.04635	0.07153	0.01683	0.01291	0.00595	0.00526	0.00166	0.00603	0.00540	0.14204	0.00728
16	0.01636	0.01267	0.01891	0.04320	0.39297	0.03398	0.03802	0.02148	0.13741	0.17701	0.01493	0.01611	0.01120	0.00606	0.00609	0.00176	0.03355	0.00539	0.00414	0.00878
17	0.00822	0.00681	0.01125	0.01071	0.01203	0.00642	0.12937	0.00997	0.01135	0.01514	0.02716	0.56077	0.03134	0.04140	0.00787	0.00236	0.00459	0.09336	0.00476	0.00510
18	0.01626	0.04358	0.08541	0.03826	0.21778	0.04990	0.17795	0.18685	0.04285	0.06743	0.01234	0.01419	0.00926	0.00564	0.00573	0.00173	0.00730	0.00527	0.00376	0.00853
19	0.01220	0.11772	0.02009	0.21751	0.06651	0.04193	0.17167	0.05762	0.01287	0.01655	0.01556	0.16081	0.02887	0.00803	0.00592	0.00185	0.00677	0.02743	0.00341	0.00666
20	0.00683	0.00499	0.00644	0.00760	0.00810	0.00459	0.00512	0.00786	0.01100	0.01446	0.03392	0.71541	0.11849	0.01725	0.00712	0.00224	0.00322	0.01554	0.00522	0.00459
21	0.01226	0.01050	0.01492	0.18564	0.06217	0.02877	0.07200	0.07992	0.05844	0.05794	0.03853	0.10966	0.13953	0.00919	0.00749	0.00195	0.09259	0.00771	0.00410	0.00668
22	0.01361	0.08633	0.01787	0.01538	0.11067	0.11284	0.14951	0.07384	0.03972	0.01848	0.01582	0.15389	0.01475	0.00777	0.00555	0.00170	0.00621	0.00699	0.14221	0.00686
23	0.01439	0.03065	0.06745	0.14884	0.21811	0.03850	0.09502	0.03172	0.04310	0.09689	0.01188	0.01437	0.00913	0.00580	0.00659	0.00173	0.07253	0.00501	0.00335	0.08495

[dist]
# distance from previous block
# <min> <max>
4	16

[block]
# block no. 1 follows, 42 sequences, length 18
# corresponding to MSA columns:
# 401-418
name=unknown_B
#
# <colnr> <probs for GDERKNQSTAVLIFYWHMCP>
#	G	D	E	R	K	N	Q	S	T	A	V	L	I	F	Y	W	H	M	C	P
0	0.11689	0.05873	0.04052	0.00932	0.01202	0.10882	0.00759	0.05976	0.07232	0.04622	0.12259	0.11884	0.14885	0.01117	0.04022	0.00211	0.00535	0.00781	0.00459	0.00629
1	0.01524	0.01166	0.01198	0.01006	0.01324	0.10014	0.00788	0.16189	0.03604	0.11026	0.03324	0.10692	0.01483	0.01170	0.09716	0.00241	0.00641	0.00615	0.05923	0.18356
2	0.01044	0.00912	0.01194	0.03269	0.03364	0.04612	0.07155	0.01502	0.11795	0.01952	0.26690	0.03875	0.08086	0.01069	0.00657	0.00196	0.00478	0.18345	0.00508	0.03298
3	0.04159	0.01224	0.07246	0.02299	0.02879	0.01067	0.02896	0.10909	0.13848	0.16042	0.09416	0.01814	0.01553	0.00652	0.00532	0.00154	0.00499	0.00540	0.00488	0.21783
4	0.01370	0.01107	0.01264	0.00968	0.01416	0.00993	0.00787	0.17565	0.05327	0.02223	0.01314	0.01702	0.01114	0.00589	0.00488	0.00123	0.00471	0.06650	0.00412	0.54117
5	0.01022	0.00726	0.00875	0.00792	0.01016	0.00669	0.00600	0.01395	0.10157	0.07962	0.29978	0.15002	0.13840	0.01098	0.00619	0.00175	0.00337	0.00953	0.00552	0.12232
6	0.00737	0.00566	0.00675	0.00662	0.00808	0.00504	0.00491	0.00942	0.01431	0.01908	0.43388	0.11188	0.32049	0.01307	0.00669	0.00186	0.00278	0.01132	0.00575	0.00504
7	0.01249	0.02125	0.42058	0.14199	0.07432	0.01301	0.05716	0.08870	0.01333	0.01909	0.01051	0.01284	0.00773	0.00537	0.00540	0.00171	0.00757	0.00451	0.00285	0.07957
8	0.00841	0.00736	0.00744	0.00757	0.00897	0.07179	0.00556	0.01012	0.01347	0.01703	0.24684	0.23576	0.28413	0.01364	0.00669	0.00195	0.00362	0.03930	0.00530	0.00503
9	0.08921	0.12161	0.05465	0.04498	0.06174	0.39441	0.05510	0.06880	0.01467	0.01689	0.00920	0.01098	0.00748	0.00563	0.00521	0.00155	0.02387	0.00396	0.00301	0.00705
10	0.00811	0.00571	0.00783	0.00797	0.00873	0.00623	0.00581	0.00968	0.00954	0.01374	0.04331	0.11942	0.01947	0.18304	0.45392	0.00668	0.01039	0.00773	0.06801	0.00468
11	0.12091	0.09966	0.01343	0.00954	0.01271	0.01019	0.05585	0.05330	0.03138	0.14462	0.22184	0.02780	0.08250	0.00862	0.00564	0.00173	0.00452	0.05400	0.00503	0.03673
12	0.11303	0.06625	0.07265	0.03654	0.01449	0.09206	0.00897	0.10401	0.04375	0.16740	0.07917	0.01733	0.01418	0.00665	0.00498	0.00162	0.00537	0.00510	0.13905	0.00738
13	0.19261	0.01952	0.03943	0.01295	0.04085	0.36668	0.01003	0.15048	0.01626	0.04985	0.04373	0.01249	0.00978	0.00611	0.00496	0.00160	0.00751	0.00420	0.00379	0.00718
14	0.01464	0.16504	0.16500	0.08907	0.11409	0.14050	0.06773	0.01785	0.01260	0.05855	0.01093	0.03883	0.00907	0.00673	0.02100	0.00182	0.05142	0.00479	0.00294	0.00741
15	0.01270	0.01925	0.35808	0.03346	0.01870	0.03675	0.01399	0.15969	0.03923	0.02007	0.01449	0.10873	0.01289	0.05848	0.06606	0.00260	0.00754	0.00622	0.00360	0.00747
16	0.03417	0.04374	0.07359	0.02646	0.09443	0.05660	0.15612	0.04201	0.04695	0.10716	0.02368	0.02685	0.16890	0.00823	0.00603	0.00184	0.00623	0.06558	0.00420	0.00722
17	0.03098	0.00714	0.00828	0.03348	0.01054	0.02559	0.00627	0.03609	0.08929	0.03233	0.08324	0.44631	0.12348	0.01468	0.02312	0.00223	0.00401	0.01228	0.00516	0.00551

[dist]
# distance from previous block
# <min> <max>
9	30

[block]
# block no. 2 follows, 42 sequences, length 40
# corresponding to MSA columns:
# 449-488
name=unknown_C
#
# <colnr> <probs for GDERKNQSTAVLIFYWHMCP>
#	G	D	E	R	K	N	Q	S	T	A	V	L	I	F	Y	W	H	M	C	P
0	0.00863	0.00713	0.01060	0.18659	0.08737	0.00741	0.00876	0.01086	0.01228	0.01642	0.16315	0.32102	0.09388	0.01223	0.00655	0.00201	0.00445	0.03058	0.00456	0.00553
1	0.00860	0.00650	0.00790	0.00746	0.00930	0.00558	0.00539	0.01022	0.01197	0.02840	0.15011	0.29426	0.12311	0.09005	0.00841	0.00212	0.00359	0.02187	0.00479	0.20035
2	0.01332	0.00660	0.00888	0.00851	0.01033	0.00592	0.00628	0.01487	0.01312	0.27643	0.10014	0.45497	0.03074	0.01335	0.00660	0.00205	0.00373	0.01186	0.00592	0.00637
3	0.01920	0.02406	0.01500	0.01365	0.01631	0.66728	0.01029	0.02063	0.01529	0.01390	0.01339	0.01458	0.08183	0.00682	0.00586	0.00154	0.04642	0.00450	0.00311	0.00633
4	0.01393	0.01337	0.02284	0.03454	0.76712	0.01337	0.01727	0.01727	0.01281	0.01839	0.01059	0.01393	0.00891	0.00501	0.00557	0.00167	0.00669	0.00501	0.00279	0.00891
5	0.00913	0.00771	0.00852	0.00732	0.01026	0.00660	0.00563	0.01241	0.08561	0.01760	0.09298	0.06329	0.36068	0.01020	0.00576	0.00156	0.00344	0.00855	0.00473	0.27803
6	0.00686	0.00490	0.00653	0.00784	0.00816	0.00457	0.00522	0.00784	0.01077	0.01437	0.03102	0.79855	0.03722	0.01763	0.00718	0.00229	0.00326	0.01600	0.00522	0.00457
7	0.01293	0.00938	0.01125	0.01091	0.04154	0.00996	0.00795	0.10405	0.24175	0.08816	0.02279	0.27179	0.02164	0.01381	0.07979	0.00263	0.00539	0.00911	0.00523	0.02996
8	0.01388	0.01170	0.01248	0.01112	0.01420	0.01336	0.00867	0.07419	0.63705	0.02421	0.09527	0.02259	0.02023	0.00796	0.00581	0.00188	0.00439	0.00665	0.00577	0.00860
9	0.00769	0.00526	0.00633	0.00679	0.00695	0.00513	0.00414	0.00814	0.00940	0.01258	0.04869	0.31421	0.02770	0.48903	0.02006	0.00417	0.00456	0.01110	0.00417	0.00390
10	0.19219	0.01040	0.01198	0.00954	0.01331	0.01031	0.00772	0.13443	0.01557	0.42827	0.01745	0.01795	0.01228	0.08485	0.00747	0.00210	0.00498	0.00528	0.00569	0.00825
11	0.01619	0.01682	0.01954	0.01589	0.01864	0.25622	0.18374	0.01847	0.01278	0.08669	0.01076	0.01372	0.00876	0.00964	0.07019	0.00246	0.22440	0.00507	0.00316	0.00685
12	0.00686	0.00490	0.00653	0.00784	0.00816	0.00457	0.00522	0.00784	0.01077	0.01437	0.03102	0.79855	0.03722	0.01763	0.00718	0.00229	0.00326	0.01600	0.00522	0.00457
13	0.09234	0.00580	0.00554	0.00546	0.00698	0.00597	0.00415	0.01345	0.01158	0.02140	0.01732	0.01982	0.01360	0.00643	0.00389	0.00135	0.00279	0.00503	0.75176	0.00533
14	0.01765	0.01679	0.01655	0.13611	0.02030	0.27759	0.06885	0.11668	0.01540	0.10264	0.01190	0.01381	0.00902	0.00639	0.00661	0.00170	0.08234	0.00475	0.06773	0.00718
15	0.01198	0.02430	0.51761	0.01869	0.02610	0.01347	0.27143	0.01789	0.01237	0.01789	0.01054	0.01302	0.00762	0.00514	0.00579	0.00182	0.00872	0.00502	0.00254	0.00807
16	0.01035	0.00614	0.00695	0.00647	0.00832	0.00564	0.00494	0.02634	0.01386	0.09375	0.22022	0.03603	0.25048	0.01018	0.00564	0.00166	0.00298	0.00854	0.27589	0.00562
17	0.01489	0.36774	0.02382	0.13064	0.19524	0.09894	0.01256	0.04146	0.01262	0.01542	0.00906	0.01143	0.00775	0.00531	0.00507	0.00150	0.03247	0.00397	0.00267	0.00745
18	0.01458	0.19450	0.03869	0.11245	0.02940	0.15269	0.03343	0.03995	0.04176	0.04846	0.01251	0.01470	0.01000	0.00798	0.05100	0.00194	0.00687	0.00452	0.17784	0.00673
19	0.00693	0.00502	0.00655	0.00763	0.00814	0.00464	0.00517	0.00807	0.01132	0.01507	0.09048	0.68950	0.08684	0.01692	0.00710	0.00222	0.00319	0.01527	0.00530	0.00464
20	0.01690	0.01791	0.16345	0.06301	0.04378	0.11596	0.04239	0.19946	0.14519	0.09426	0.03235	0.01544	0.01137	0.00643	0.00558	0.00174	0.00685	0.00516	0.00439	0.00839
21	0.01203	0.03884	0.14293	0.14130	0.18836	0.01249	0.14855	0.01618	0.03620	0.01703	0.01232	0.04588	0.01040	0.00732	0.02498	0.01930	0.03931	0.01933	0.03939	0.02785
22	0.01350	0.08140	0.31843	0.04767	0.21620	0.01361	0.01595	0.07492	0.05514	0.04378	0.01290	0.01457	0.02833	0.00579	0.00532	0.00170	0.00685	0.00480	0.03085	0.00829
23	0.04085	0.00910	0.01111	0.00910	0.01232	0.00860	0.00721	0.10923	0.03708	0.38547	0.07596	0.05179	0.12223	0.08424	0.00804	0.00214	0.00454	0.00729	0.00598	0.00775
24	0.01260	0.06031	0.13533	0.23081	0.29032	0.01375	0.14316	0.01668	0.01226	0.01687	0.01034	0.01385	0.00811	0.00517	0.00563	0.00176	0.00759	0.00505	0.00264	0.00779
25	0.01402	0.01257	0.04260	0.12747	0.06513	0.02822	0.21323	0.09008	0.06448	0.09652	0.01875	0.06959	0.08583	0.00751	0.00659	0.00188	0.03708	0.00695	0.00405	0.00744
26	0.00749	0.00556	0.00701	0.00776	0.00867	0.00530	0.00573	0.00888	0.01127	0.01458	0.03420	0.32830	0.20641	0.09969	0.07792	0.00318	0.00482	0.15374	0.00483	0.00465
27	0.01240	0.01139	0.02201	0.01643	0.02040	0.01071	0.40588	0.01598	0.01398	0.08673	0.19734	0.02573	0.09413	0.00766	0.00692	0.00187	0.03140	0.00786	0.00424	0.00690
28	0.03043	0.00801	0.01158	0.22955	0.09209	0.00860	0.00964	0.01276	0.05566	0.03450	0.02531	0.29258	0.12193	0.01133	0.00632	0.00202	0.00493	0.03258	0.00425	0.00593
29	0.01691	0.01441	0.09122	0.02291	0.35864	0.03158	0.05727	0.05552	0.07173	0.20140	0.01444	0.01550	0.01056	0.00581	0.00564	0.00173	0.00644	0.00526	0.00413	0.00891
30	0.00764	0.00546	0.00617	0.00635	0.00686	0.00522	0.00396	0.00817	0.00965	0.01244	0.02866	0.14212	0.19755	0.49042	0.04218	0.00430	0.00483	0.01003	0.00407	0.00393
31	0.00796	0.00611	0.00854	0.00872	0.00977	0.00603	0.03947	0.03305	0.01127	0.01501	0.02894	0.44266	0.11558	0.05373	0.15741	0.00365	0.00603	0.03648	0.00462	0.00495
32	0.01113	0.09225	0.11294	0.00961	0.01208	0.06940	0.00842	0.05603	0.01149	0.01553	0.01552	0.09737	0.01529	0.18113	0.18512	0.00410	0.00799	0.00658	0.08232	0.00571
33	0.03910	0.00989	0.01216	0.19378	0.06774	0.03974	0.00936	0.09474	0.06840	0.05498	0.02461	0.08745	0.17942	0.08455	0.00808	0.00219	0.00539	0.00771	0.00427	0.00642
34	0.03608	0.45727	0.09714	0.01094	0.01562	0.03673	0.01056	0.06334	0.18773	0.01775	0.01195	0.01242	0.00966	0.00568	0.00443	0.00147	0.00594	0.00405	0.00341	0.00782
35	0.01193	0.09943	0.45817	0.01304	0.01887	0.03242	0.01501	0.06173	0.03130	0.01725	0.01324	0.01753	0.03506	0.14092	0.00919	0.00234	0.00724	0.00508	0.00295	0.00731
36	0.01374	0.01733	0.20270	0.15261	0.02398	0.07434	0.14535	0.10137	0.01409	0.04297	0.01209	0.05535	0.00971	0.00606	0.00561	0.00170	0.00741	0.00540	0.00331	0.10489
37	0.00706	0.00521	0.00630	0.00701	0.00771	0.00478	0.00470	0.00804	0.01104	0.01429	0.05972	0.46762	0.21439	0.14253	0.01048	0.00268	0.00349	0.01353	0.00497	0.00445
38	0.04370	0.19854	0.12970	0.19324	0.01987	0.01316	0.01133	0.01592	0.08470	0.01648	0.01478	0.14133	0.01367	0.00760	0.00515	0.00172	0.00577	0.00627	0.07038	0.00669
39	0.04927	0.25183	0.04285	0.01112	0.01473	0.15427	0.03038	0.10333	0.04816	0.06372	0.03315	0.12770	0.03166	0.00776	0.00514	0.00162	0.00620	0.00609	0.00392	0.00710

[dist]
# distance from previous block
# <min> <max>
2	24

[block]
# block no. 3 follows, 42 sequences, length 44
# corresponding to MSA columns:
# 513-556
name=unknown_D
#
# <colnr> <probs for GDERKNQSTAVLIFYWHMCP>
#	G	D	E	R	K	N	Q	S	T	A	V	L	I	F	Y	W	H	M	C	P
0	0.01227	0.13294	0.09027	0.01087	0.01385	0.06316	0.02913	0.06417	0.13747	0.02943	0.02061	0.27594	0.04116	0.02448	0.00659	0.00194	0.02596	0.00871	0.00432	0.00672
1	0.01331	0.02181	0.36511	0.20442	0.02530	0.14136	0.01634	0.05775	0.01312	0.01730	0.01032	0.01286	0.00770	0.00574	0.00568	0.00174	0.02935	0.00439	0.03901	0.00739
2	0.14585	0.01465	0.08729	0.10797	0.01842	0.09878	0.03172	0.11259	0.01371	0.05308	0.01133	0.04128	0.00919	0.00628	0.00599	0.00164	0.06645	0.00467	0.02429	0.14484
3	0.01269	0.00950	0.01071	0.00891	0.01201	0.00926	0.00702	0.16536	0.07989	0.05220	0.10809	0.07780	0.15794	0.00898	0.00588	0.00160	0.02005	0.00740	0.05230	0.19241
4	0.00697	0.00506	0.00659	0.00766	0.00822	0.00468	0.00524	0.00814	0.01135	0.01505	0.08241	0.66516	0.10124	0.01688	0.00711	0.00223	0.00324	0.03284	0.00529	0.00465
5	0.00833	0.00630	0.00855	0.00862	0.00934	0.00662	0.02076	0.00995	0.01179	0.01666	0.19518	0.38154	0.03390	0.05742	0.00935	0.00229	0.09685	0.04309	0.06846	0.00500
6	0.03176	0.01071	0.01828	0.17698	0.19370	0.01124	0.13020	0.02872	0.01171	0.09287	0.01145	0.01537	0.00914	0.00867	0.00984	0.18010	0.04420	0.00527	0.00314	0.00666
7	0.00823	0.00614	0.00775	0.00852	0.00990	0.00584	0.00706	0.01023	0.01250	0.01581	0.03735	0.05822	0.26274	0.08333	0.00923	0.00262	0.00447	0.44011	0.00504	0.00489
8	0.02222	0.01444	0.01607	0.01232	0.01679	0.01549	0.01018	0.59434	0.02425	0.19261	0.01537	0.01472	0.01050	0.00680	0.00564	0.00170	0.00589	0.00519	0.00592	0.00957
9	0.12538	0.06974	0.15425	0.01373	0.01856	0.04585	0.11928	0.22845	0.04034	0.04204	0.01191	0.01358	0.00901	0.00894	0.07241	0.00235	0.00764	0.00481	0.00383	0.00790
10	0.02168	0.01576	0.01585	0.04121	0.06736	0.17687	0.01056	0.28539	0.01942	0.26668	0.01497	0.01470	0.01037	0.00646	0.00552	0.00166	0.00666	0.00494	0.00518	0.00876
11	0.00775	0.00595	0.00729	0.00798	0.00943	0.00549	0.00647	0.00966	0.01275	0.01603	0.06285	0.13939	0.35034	0.01510	0.00719	0.00224	0.00389	0.32005	0.00523	0.00493
12	0.01388	0.46469	0.27021	0.01300	0.01896	0.04344	0.07286	0.01744	0.01188	0.01513	0.00888	0.01049	0.00730	0.00501	0.00447	0.00146	0.00718	0.00370	0.00245	0.00758
13	0.00836	0.07464	0.00829	0.00698	0.00750	0.00663	0.00452	0.00883	0.00928	0.01220	0.02107	0.27506	0.02461	0.48524	0.01969	0.00409	0.00481	0.01020	0.00390	0.00411
14	0.00788	0.00553	0.00708	0.00776	0.00831	0.00540	0.00550	0.00906	0.01079	0.01440	0.08564	0.29665	0.04326	0.27399	0.03650	0.00353	0.00467	0.16499	0.00464	0.00440
15	0.06883	0.00685	0.00748	0.00690	0.00895	0.00683	0.00531	0.01662	0.06427	0.15524	0.01976	0.08726	0.01595	0.00758	0.00462	0.00154	0.00331	0.00618	0.50025	0.00628
16	0.01444	0.07874	0.02511	0.09762	0.04431	0.08075	0.37177	0.02036	0.14246	0.04791	0.01314	0.01536	0.00994	0.00553	0.00593	0.00179	0.00793	0.00579	0.00344	0.00767
17	0.00798	0.00605	0.00777	0.00810	0.03068	0.00558	0.00600	0.01032	0.01453	0.01967	0.44952	0.07192	0.20510	0.01274	0.00680	0.00194	0.00322	0.12113	0.00570	0.00525
18	0.01177	0.01185	0.02068	0.01938	0.16039	0.05343	0.27646	0.01493	0.01164	0.01584	0.01262	0.01784	0.01091	0.04261	0.28857	0.00454	0.01091	0.00599	0.00292	0.00672
19	0.00891	0.00539	0.00586	0.00586	0.00627	0.00539	0.00358	0.00974	0.00933	0.01409	0.01793	0.03182	0.01855	0.55086	0.02084	0.00415	0.00456	0.00726	0.26563	0.00399
20	0.00833	0.00679	0.00968	0.00981	0.01037	0.00758	0.02710	0.00970	0.01054	0.01456	0.04546	0.48754	0.02869	0.01805	0.08832	0.00300	0.15180	0.05320	0.00444	0.00505
21	0.00726	0.00525	0.00684	0.00760	0.00813	0.00516	0.00518	0.00830	0.01024	0.01367	0.02837	0.47760	0.09358	0.14422	0.14730	0.00394	0.00566	0.01266	0.00455	0.00449
22	0.01298	0.01952	0.28145	0.02471	0.28570	0.02831	0.22969	0.01778	0.01269	0.01800	0.01062	0.01352	0.00816	0.00506	0.00580	0.00177	0.00812	0.00517	0.00267	0.00828
23	0.01153	0.01146	0.01680	0.72159	0.03691	0.07900	0.01522	0.01508	0.01166	0.01433	0.00989	0.01458	0.00748	0.00564	0.00558	0.00184	0.00773	0.00488	0.00254	0.00628
24	0.01105	0.00706	0.00815	0.00787	0.00978	0.00683	0.00615	0.09663	0.01411	0.08082	0.03263	0.17402	0.22578	0.01202	0.00616	0.00191	0.00377	0.11582	0.17359	0.00584
25	0.00767	0.00663	0.00833	0.17316	0.01436	0.00648	0.00684	0.00976	0.01290	0.01600	0.14067	0.04419	0.50872	0.01205	0.00643	0.00188	0.00382	0.01018	0.00477	0.00515
26	0.01043	0.20515	0.09115	0.00871	0.01147	0.01029	0.00787	0.01284	0.01315	0.03900	0.33140	0.11603	0.03135	0.07834	0.00770	0.00201	0.00444	0.00816	0.00454	0.00596
27	0.00745	0.00551	0.00698	0.00727	0.00838	0.00504	0.00532	0.00935	0.01358	0.01836	0.36658	0.28634	0.16980	0.01416	0.00688	0.00200	0.00303	0.05334	0.00566	0.00497
28	0.31654	0.02556	0.00935	0.00832	0.01080	0.00978	0.00646	0.10322	0.01298	0.07221	0.06126	0.26443	0.03457	0.01004	0.00532	0.00189	0.00412	0.00823	0.02872	0.00620
29	0.01271	0.01375	0.01936	0.01515	0.01852	0.16606	0.29880	0.01595	0.01489	0.01899	0.31390	0.02497	0.02622	0.00768	0.00632	0.00176	0.00687	0.00745	0.00421	0.00646
30	0.01647	0.01937	0.01307	0.01230	0.01457	0.49149	0.00911	0.01924	0.08332	0.01539	0.06533	0.18172	0.01764	0.00888	0.00569	0.00169	0.00765	0.00696	0.00388	0.00625
31	0.00704	0.00526	0.00657	0.00738	0.00824	0.00479	0.00521	0.00839	0.01193	0.01557	0.11553	0.50321	0.21086	0.01607	0.00703	0.00216	0.00320	0.05152	0.00533	0.00472
32	0.00805	0.00505	0.00686	0.00738	0.00783	0.00478	0.00502	0.00795	0.01018	0.01355	0.10025	0.36246	0.09158	0.01743	0.01266	0.31617	0.00378	0.01086	0.00428	0.00386
33	0.01218	0.01151	0.01580	0.31497	0.06652	0.05284	0.01274	0.05982	0.04505	0.01613	0.01277	0.09566	0.01184	0.00839	0.00925	0.00205	0.21618	0.02657	0.00322	0.00651
34	0.01328	0.01518	0.03321	0.02372	0.02941	0.01423	0.74668	0.01803	0.01328	0.01803	0.01139	0.01518	0.00854	0.00474	0.00664	0.00190	0.00949	0.00664	0.00285	0.00759
35	0.00832	0.00618	0.00654	0.00646	0.00807	0.00571	0.00471	0.05836	0.01292	0.01686	0.04186	0.14773	0.44761	0.08147	0.00819	0.00217	0.00333	0.01076	0.11776	0.00500
36	0.45973	0.01187	0.01123	0.00940	0.01317	0.01323	0.00768	0.16809	0.11423	0.12267	0.01285	0.01290	0.00929	0.00608	0.00450	0.00175	0.00480	0.00424	0.00467	0.00762
37	0.02463	0.01057	0.01368	0.01048	0.01486	0.00975	0.00866	0.14337	0.01777	0.65272	0.02080	0.01825	0.01323	0.00693	0.00565	0.00173	0.00501	0.00556	0.00675	0.00958
38	0.01137	0.00779	0.00936	0.00872	0.01026	0.00813	0.00638	0.16319	0.01348	0.05731	0.02215	0.22421	0.06201	0.20652	0.15883	0.00415	0.00670	0.00920	0.00455	0.00569
39	0.04603	0.00618	0.00734	0.00700	0.00814	0.00593	0.00480	0.01164	0.01157	0.10650	0.18299	0.12733	0.05216	0.32956	0.01514	0.00329	0.00419	0.00899	0.05624	0.00498
40	0.04493	0.34334	0.02007	0.02725	0.01485	0.01644	0.00913	0.20847	0.01610	0.14711	0.01281	0.01322	0.00964	0.00588	0.00455	0.00146	0.00550	0.00426	0.08702	0.00797
41	0.01096	0.01344	0.17277	0.01055	0.01405	0.06015	0.01001	0.07588	0.01414	0.01903	0.14180	0.12710	0.09928	0.01028	0.00615	0.00184	0.00528	0.11157	0.00445	0.09125
42	0.01372	0.02026	0.39562	0.01299	0.01938	0.01178	0.01445	0.11086	0.03849	0.07826	0.03466	0.01381	0.00996	0.00564	0.00519	0.00155	0.00653	0.00445	0.00359	0.19883
43	0.01589	0.07637	0.02806	0.01368	0.12891	0.13076	0.00950	0.01817	0.01436	0.20514	0.13945	0.06745	0.06244	0.00825	0.00571	0.00169	0.00554	0.03151	0.00474	0.03239

[dist]
# distance from previous block
# <min> <max>
3	26

[block]
# block no. 4 follows, 42 sequences, length 45
# corresponding to MSA columns:
# 583-627
name=unknown_E
#
# <colnr> <probs for GDERKNQSTAVLIFYWHMCP>
#	G	D	E	R	K	N	Q	S	T	A	V	L	I	F	Y	W	H	M	C	P
0	0.00756	0.00547	0.00682	0.00727	0.00808	0.00512	0.00512	0.00897	0.01203	0.01606	0.21112	0.29728	0.13821	0.16524	0.01113	0.00274	0.00365	0.07842	0.00511	0.00461
1	0.01151	0.20233	0.07037	0.00974	0.01284	0.01198	0.05039	0.01536	0.11744	0.01558	0.05826	0.02271	0.01590	0.26992	0.01274	0.00279	0.00560	0.00595	0.00355	0.08502
2	0.01436	0.07407	0.01400	0.01110	0.01336	0.06097	0.00895	0.08690	0.11400	0.11691	0.01631	0.09781	0.01435	0.01624	0.18037	0.00350	0.13918	0.00639	0.00423	0.00700
3	0.00906	0.00783	0.00815	0.00826	0.00963	0.07906	0.00618	0.01146	0.03926	0.01807	0.30669	0.22930	0.14502	0.01316	0.00671	0.00198	0.00387	0.08566	0.00538	0.00527
4	0.00839	0.00537	0.00605	0.00617	0.00639	0.00534	0.00366	0.00886	0.00895	0.01268	0.01908	0.10696	0.02119	0.61382	0.02307	0.00456	0.00484	0.00851	0.12233	0.00378
5	0.01557	0.67240	0.06602	0.01054	0.01531	0.11259	0.01035	0.01757	0.01200	0.01354	0.00805	0.00931	0.00722	0.00496	0.00388	0.00126	0.00663	0.00314	0.00246	0.00719
6	0.01343	0.08335	0.01210	0.00927	0.01150	0.00933	0.00756	0.04032	0.01199	0.18502	0.04846	0.02024	0.01467	0.02348	0.36713	0.00509	0.04429	0.00569	0.08060	0.00649
7	0.00749	0.00567	0.00696	0.00770	0.00886	0.00523	0.00589	0.00908	0.01213	0.01541	0.05772	0.27571	0.29308	0.05042	0.00810	0.00236	0.00374	0.21452	0.00516	0.00477
8	0.30074	0.01146	0.01162	0.00965	0.01332	0.01245	0.00784	0.18288	0.13452	0.17018	0.02859	0.01634	0.03591	0.00673	0.00491	0.00175	0.00473	0.00501	0.03349	0.00790
9	0.01259	0.13882	0.33549	0.04903	0.18907	0.01406	0.04883	0.03818	0.01259	0.01755	0.01189	0.01713	0.01009	0.00619	0.00544	0.00175	0.00726	0.07326	0.00286	0.00791
10	0.00697	0.00501	0.00665	0.00788	0.00831	0.00468	0.00537	0.00807	0.01103	0.01468	0.04800	0.73195	0.05409	0.01732	0.00718	0.00228	0.00333	0.04734	0.00524	0.00462
11	0.00751	0.00534	0.00699	0.00806	0.00860	0.00511	0.00575	0.00871	0.01093	0.01443	0.02970	0.50891	0.05749	0.12933	0.01036	0.00279	0.00397	0.16653	0.00496	0.00454
12	0.01041	0.01496	0.24084	0.20666	0.09379	0.01100	0.03862	0.01427	0.01133	0.01594	0.04608	0.07916	0.01331	0.04133	0.11241	0.00298	0.03105	0.00616	0.00298	0.00671
13	0.01346	0.04453	0.01661	0.01338	0.01588	0.13826	0.12911	0.01674	0.06761	0.05474	0.08583	0.02572	0.09606	0.00905	0.00873	0.00197	0.17044	0.08136	0.00397	0.00654
14	0.01049	0.00724	0.00838	0.00762	0.01000	0.00656	0.00581	0.01387	0.09686	0.10964	0.14660	0.13494	0.31148	0.01159	0.00623	0.00180	0.00343	0.00989	0.00544	0.09211
15	0.00754	0.00567	0.00739	0.00779	0.00861	0.00552	0.00561	0.00917	0.01264	0.01722	0.27856	0.41692	0.11009	0.01481	0.00753	0.00209	0.04302	0.02948	0.00541	0.00493
16	0.02825	0.01111	0.17795	0.00884	0.01188	0.00714	0.00854	0.01169	0.02765	0.01852	0.27452	0.11619	0.25367	0.01137	0.00632	0.00187	0.00412	0.00970	0.00488	0.00582
17	0.00773	0.00526	0.00627	0.00672	0.00683	0.00515	0.00403	0.00806	0.00907	0.01209	0.02228	0.29754	0.02620	0.53368	0.02130	0.00437	0.00471	0.01086	0.00403	0.00381
18	0.01751	0.48521	0.02395	0.01158	0.01566	0.31105	0.01014	0.04058	0.01360	0.01410	0.00833	0.00959	0.00730	0.00525	0.00423	0.00131	0.00760	0.00330	0.00269	0.00703
19	0.01151	0.02193	0.46963	0.01550	0.02118	0.01321	0.08950	0.01641	0.01152	0.01738	0.03821	0.01402	0.00951	0.00649	0.00804	0.00190	0.16381	0.00485	0.05791	0.00750
20	0.00708	0.00553	0.00647	0.00696	0.00825	0.00492	0.00514	0.00860	0.01251	0.01586	0.11949	0.28989	0.39068	0.01516	0.00692	0.00207	0.00318	0.08116	0.00532	0.00479
21	0.01179	0.00710	0.00879	0.00860	0.01019	0.00691	0.00621	0.05189	0.08420	0.15494	0.02754	0.43656	0.05840	0.08858	0.00870	0.00240	0.00400	0.01169	0.00544	0.00606
22	0.08434	0.04333	0.08511	0.13437	0.01676	0.08313	0.00968	0.04648	0.01204	0.05754	0.06044	0.04282	0.03602	0.04694	0.06294	0.13159	0.00669	0.03040	0.00354	0.00584
23	0.06324	0.01397	0.02247	0.13212	0.20871	0.04251	0.23269	0.13519	0.01470	0.02059	0.01104	0.01406	0.00854	0.00553	0.00615	0.00179	0.03304	0.00534	0.02051	0.00782
24	0.01956	0.01485	0.01586	0.01258	0.01676	0.01660	0.01025	0.57074	0.20705	0.03252	0.01583	0.01536	0.01145	0.00697	0.00565	0.00174	0.00576	0.00539	0.00565	0.00941
25	0.01655	0.01800	0.08866	0.01827	0.19540	0.22978	0.01277	0.15261	0.01575	0.03770	0.01239	0.01712	0.01063	0.04133	0.02628	0.00206	0.04056	0.05294	0.00358	0.00762
26	0.00743	0.00543	0.00653	0.00698	0.00767	0.00520	0.00471	0.00835	0.01032	0.01340	0.03120	0.27719	0.19938	0.27507	0.08753	0.00388	0.00507	0.03595	0.00442	0.00430
27	0.01730	0.01278	0.01652	0.01805	0.24056	0.01345	0.01141	0.32336	0.05256	0.08912	0.05230	0.01701	0.01292	0.02435	0.00605	0.00176	0.00566	0.00550	0.07068	0.00865
28	0.01577	0.01157	0.03939	0.18379	0.01967	0.04730	0.01030	0.06201	0.18887	0.20456	0.12075	0.02068	0.01778	0.00727	0.00573	0.00178	0.00546	0.00607	0.00507	0.02619
29	0.01041	0.00908	0.01373	0.01494	0.13789	0.01054	0.03386	0.01231	0.01009	0.01441	0.01464	0.02575	0.01475	0.13658	0.22329	0.00457	0.20280	0.10136	0.00318	0.00582
30	0.00950	0.00489	0.00726	0.00738	0.00741	0.00486	0.00492	0.00738	0.00766	0.01021	0.01179	0.09138	0.01238	0.01937	0.02059	0.75700	0.00473	0.00594	0.00271	0.00265
31	0.01558	0.01283	0.01646	0.20893	0.09969	0.08490	0.05509	0.09988	0.09140	0.12158	0.01433	0.04981	0.01119	0.00643	0.00557	0.00170	0.00645	0.00553	0.00408	0.08859
32	0.01305	0.00845	0.01053	0.02805	0.01173	0.00902	0.00728	0.09475	0.07205	0.13726	0.04219	0.19035	0.02121	0.18712	0.01283	0.02307	0.07958	0.04046	0.00481	0.00619
33	0.00808	0.00589	0.00833	0.00833	0.00908	0.00664	0.00614	0.00959	0.00883	0.01253	0.01573	0.02575	0.01565	0.23010	0.59419	0.00816	0.01270	0.00656	0.00311	0.00463
34	0.12629	0.01162	0.01720	0.06226	0.39290	0.01183	0.01283	0.05501	0.01373	0.13882	0.06512	0.01779	0.01316	0.00628	0.00546	0.00174	0.00576	0.03003	0.00399	0.00816
35	0.01369	0.01315	0.04436	0.02762	0.48930	0.01264	0.12654	0.01712	0.01313	0.05663	0.08276	0.01692	0.01319	0.00591	0.00641	0.00176	0.04155	0.00576	0.00330	0.00826
36	0.01229	0.00995	0.01527	0.02859	0.19957	0.01030	0.08585	0.04791	0.14395	0.01653	0.01341	0.01850	0.01173	0.08591	0.01310	0.26599	0.00588	0.00569	0.00339	0.00619
37	0.00722	0.00532	0.00679	0.00750	0.00836	0.00489	0.00535	0.00875	0.01239	0.01649	0.19817	0.46479	0.15426	0.01560	0.00702	0.00213	0.00319	0.06154	0.00544	0.00480
38	0.01207	0.03065	0.16918	0.24679	0.04990	0.01190	0.08398	0.08507	0.03007	0.03190	0.05861	0.03717	0.05283	0.00701	0.00575	0.00181	0.00662	0.02603	0.04556	0.00709
39	0.01768	0.01572	0.09075	0.01500	0.01957	0.10638	0.19261	0.04738	0.17609	0.22269	0.01637	0.01649	0.01160	0.00630	0.00601	0.00179	0.01890	0.00563	0.00463	0.00839
40	0.00913	0.00707	0.01023	0.00936	0.01134	0.00620	0.07602	0.01086	0.01167	0.04783	0.04498	0.47911	0.07935	0.01315	0.00647	0.00193	0.00404	0.01196	0.00476	0.15453
41	0.07520	0.04094	0.08724	0.03333	0.09427	0.01319	0.01106	0.20597	0.12783	0.17538	0.01581	0.01658	0.01156	0.00657	0.00538	0.00173	0.00565	0.02236	0.02543	0.02451
42	0.01423	0.01709	0.08975	0.02063	0.26242	0.22217	0.07148	0.01707	0.01338	0.01633	0.01546	0.08733	0.05059	0.00761	0.00608	0.00178	0.02192	0.05421	0.00328	0.00720
43	0.01932	0.01900	0.01553	0.01308	0.01662	0.32819	0.02697	0.28027	0.10451	0.04514	0.01577	0.01595	0.06067	0.00693	0.00551	0.00164	0.00742	0.00514	0.00447	0.00787
44	0.19597	0.01236	0.03279	0.04823	0.09651	0.04549	0.10511	0.06274	0.03204	0.11502	0.01626	0.01723	0.08073	0.00629	0.00517	0.00165	0.00576	0.00527	0.00400	0.11137

[dist]
# distance from previous block
# <min> <max>
1	9

[block]
# block no. 5 follows, 42 sequences, length 23
# corresponding to MSA columns:
# 637-659
name=unknown_F
#
# <colnr> <probs for GDERKNQSTAVLIFYWHMCP>
#	G	D	E	R	K	N	Q	S	T	A	V	L	I	F	Y	W	H	M	C	P
0	0.07816	0.01308	0.01552	0.03455	0.21596	0.07939	0.01107	0.12455	0.11617	0.09306	0.04607	0.03511	0.01363	0.00684	0.00549	0.00170	0.00580	0.03558	0.00438	0.06389
1	0.03587	0.14935	0.04970	0.00979	0.01305	0.01143	0.00841	0.13209	0.01469	0.17535	0.05567	0.11702	0.01851	0.09522	0.00811	0.00217	0.00518	0.06835	0.00479	0.02527
2	0.15558	0.03933	0.41921	0.01432	0.02063	0.01273	0.10643	0.01816	0.04668	0.05704	0.01339	0.01468	0.04613	0.00588	0.00525	0.00179	0.00709	0.00482	0.00316	0.00773
3	0.00731	0.00536	0.00675	0.00738	0.00807	0.00518	0.00510	0.00839	0.01050	0.01378	0.03107	0.38543	0.16534	0.16488	0.12107	0.00377	0.00534	0.03623	0.00457	0.00448
4	0.03451	0.02749	0.01487	0.20369	0.03348	0.20184	0.01117	0.06508	0.01299	0.03452	0.01401	0.01705	0.06714	0.01162	0.10394	0.00272	0.12901	0.00525	0.00322	0.00640
5	0.44106	0.33050	0.01742	0.00890	0.01286	0.08166	0.00792	0.01717	0.01086	0.01946	0.00790	0.00918	0.00664	0.00511	0.00367	0.00150	0.00551	0.00308	0.00300	0.00658
6	0.00685	0.00493	0.00649	0.00774	0.00814	0.00458	0.00518	0.00785	0.01087	0.01440	0.03217	0.76549	0.06954	0.01748	0.00716	0.00227	0.00325	0.01582	0.00522	0.00458
7	0.01282	0.01406	0.08962	0.09246	0.01852	0.11723	0.10325	0.12013	0.01409	0.01807	0.01728	0.26571	0.01757	0.01062	0.02579	0.00212	0.04168	0.00850	0.00393	0.00657
8	0.03180	0.01527	0.01445	0.01439	0.10823	0.19629	0.00985	0.14943	0.19422	0.05738	0.03118	0.01842	0.01327	0.11104	0.00852	0.00218	0.00651	0.00554	0.00439	0.00764
9	0.01545	0.00973	0.01097	0.00912	0.01202	0.01003	0.00728	0.25275	0.05561	0.12979	0.17380	0.02497	0.07341	0.00829	0.00556	0.00166	0.00419	0.00678	0.18118	0.00741
10	0.00783	0.00509	0.00607	0.00686	0.00765	0.00478	0.00475	0.00932	0.01131	0.01629	0.03076	0.49129	0.12160	0.01415	0.00622	0.00197	0.00304	0.01252	0.23370	0.00478
11	0.07940	0.17039	0.09389	0.03514	0.01966	0.03785	0.24205	0.01645	0.01262	0.03640	0.11686	0.01752	0.01464	0.00648	0.00645	0.00175	0.06423	0.01791	0.00335	0.00698
12	0.01560	0.26691	0.33162	0.01366	0.05378	0.01530	0.01438	0.05401	0.01325	0.15403	0.01177	0.01248	0.00859	0.00553	0.00488	0.00158	0.00678	0.00415	0.00339	0.00829
13	0.00701	0.00548	0.00614	0.00657	0.00776	0.00487	0.00465	0.00819	0.01168	0.01451	0.04361	0.26102	0.43519	0.11302	0.00958	0.00248	0.00340	0.04530	0.00500	0.00455
14	0.24308	0.16833	0.28898	0.01178	0.01743	0.01508	0.01276	0.11550	0.01329	0.05233	0.01000	0.01110	0.00747	0.00547	0.00455	0.00165	0.00636	0.00382	0.00331	0.00772
15	0.04067	0.00976	0.00939	0.00863	0.01031	0.08951	0.00618	0.08204	0.09015	0.04827	0.05274	0.06830	0.09954	0.30712	0.05048	0.00350	0.00579	0.00772	0.00434	0.00559
16	0.00830	0.00512	0.00710	0.00753	0.00798	0.00490	0.00521	0.00827	0.01045	0.01411	0.15564	0.30738	0.04540	0.01715	0.01302	0.33618	0.00386	0.03425	0.00428	0.00388
17	0.00710	0.00554	0.00605	0.00633	0.00753	0.00493	0.00442	0.00818	0.01149	0.01420	0.04320	0.18108	0.45457	0.18172	0.01144	0.00274	0.00356	0.03662	0.00484	0.00445
18	0.24444	0.11204	0.05271	0.01054	0.01458	0.01492	0.00912	0.15899	0.23975	0.06823	0.01442	0.01426	0.01075	0.00630	0.00480	0.00172	0.00516	0.00463	0.00458	0.00806
19	0.37948	0.23330	0.11147	0.01262	0.10457	0.04484	0.01043	0.01710	0.01101	0.01975	0.00848	0.01006	0.00692	0.00512	0.00406	0.00158	0.00581	0.00343	0.00294	0.00704
20	0.01590	0.14729	0.22634	0.01343	0.01799	0.28958	0.02560	0.01971	0.05239	0.03469	0.01067	0.01216	0.00841	0.00586	0.00551	0.00158	0.04276	0.00409	0.05880	0.00725
21	0.05066	0.00791	0.00883	0.00808	0.01024	0.00785	0.00603	0.06052	0.11986	0.12941	0.04564	0.13907	0.23234	0.13654	0.00972	0.00247	0.00411	0.00928	0.00523	0.00620
22	0.01014	0.00679	0.00820	0.00783	0.00885	0.00713	0.00541	0.01302	0.11129	0.06629	0.05404	0.03149	0.02016	0.43750	0.16658	0.00516	0.00698	0.02404	0.00407	0.00503

[dist]
# distance from previous block
# <min> <max>
1	7

[block]
# block no. 6 follows, 42 sequences, length 17
# corresponding to MSA columns:
# 667-683
name=unknown_G
#
# <colnr> <probs for GDERKNQSTAVLIFYWHMCP>
#	G	D	E	R	K	N	Q	S	T	A	V	L	I	F	Y	W	H	M	C	P
0	0.01044	0.00968	0.01208	0.14541	0.01608	0.03247	0.00923	0.06419	0.01240	0.01599	0.02998	0.03107	0.33821	0.01070	0.00978	0.00203	0.23259	0.00795	0.00391	0.00581
1	0.00899	0.00567	0.00708	0.00737	0.00807	0.00539	0.00497	0.00993	0.01078	0.07083	0.08319	0.30684	0.05638	0.32305	0.01544	0.00345	0.00430	0.05895	0.00472	0.00460
2	0.00684	0.00496	0.00647	0.00768	0.00812	0.00458	0.00515	0.00785	0.01093	0.01443	0.03297	0.74249	0.09202	0.01738	0.00714	0.00226	0.00323	0.01569	0.00522	0.00458
3	0.01375	0.42270	0.30001	0.01304	0.01892	0.05088	0.04926	0.01739	0.01178	0.01518	0.00885	0.01053	0.00726	0.00523	0.00498	0.00150	0.03505	0.00370	0.00244	0.00757
4	0.02200	0.01576	0.01543	0.01232	0.01643	0.14701	0.00995	0.38239	0.06151	0.23598	0.01561	0.01491	0.01080	0.00670	0.00555	0.00167	0.00639	0.00505	0.00553	0.00901
5	0.00963	0.00730	0.00881	0.00919	0.01050	0.00758	0.00676	0.07614	0.14714	0.01810	0.02791	0.51351	0.03071	0.01467	0.00685	0.00220	0.00393	0.08786	0.00535	0.00585
6	0.00788	0.00560	0.00715	0.00764	0.00823	0.00563	0.00538	0.00895	0.01000	0.01330	0.02508	0.21270	0.08103	0.31279	0.14973	0.00466	0.00639	0.11940	0.00416	0.00433
7	0.03871	0.07691	0.25007	0.03457	0.13222	0.15944	0.01432	0.05989	0.01422	0.14979	0.01199	0.01302	0.00873	0.00571	0.00523	0.00165	0.00740	0.00441	0.00355	0.00817
8	0.01037	0.00679	0.00850	0.00855	0.00996	0.00667	0.00619	0.04307	0.09666	0.09677	0.15610	0.46603	0.03417	0.01388	0.00670	0.00207	0.00357	0.01238	0.00565	0.00591
9	0.01393	0.01337	0.02284	0.03454	0.76712	0.01337	0.01727	0.01727	0.01281	0.01839	0.01059	0.01393	0.00891	0.00501	0.00557	0.00167	0.00669	0.00501	0.00279	0.00891
10	0.07546	0.09441	0.14632	0.12309	0.20494	0.01423	0.09082	0.01916	0.14166	0.01862	0.01217	0.01424	0.00944	0.00558	0.00533	0.00174	0.00673	0.00493	0.00321	0.00794
11	0.01292	0.03263	0.06248	0.18070	0.34005	0.01378	0.20918	0.01676	0.01237	0.01714	0.01046	0.01419	0.00834	0.00528	0.00633	0.00180	0.03971	0.00535	0.00270	0.00785
12	0.00740	0.00543	0.00622	0.00657	0.00732	0.00505	0.00434	0.00824	0.01064	0.01362	0.05664	0.22924	0.25765	0.31810	0.01527	0.00338	0.00401	0.03209	0.00456	0.00422
13	0.24928	0.15213	0.01665	0.01283	0.08442	0.12721	0.03928	0.11484	0.03261	0.02157	0.08854	0.01428	0.01247	0.00612	0.00473	0.00160	0.00599	0.00455	0.00374	0.00713
14	0.01012	0.00805	0.00975	0.00854	0.01141	0.00682	0.00650	0.05146	0.01222	0.01760	0.01989	0.32422	0.02150	0.01043	0.00570	0.00158	0.00400	0.06175	0.00434	0.40413
15	0.01301	0.01496	0.09579	0.08341	0.31928	0.12777	0.01347	0.01654	0.03272	0.01810	0.15718	0.02053	0.04942	0.00693	0.00573	0.00170	0.00645	0.00603	0.00357	0.00740
16	0.23615	0.19115	0.01462	0.00886	0.01236	0.01393	0.00758	0.18068	0.01493	0.04572	0.08045	0.01530	0.01300	0.00631	0.00442	0.00154	0.00473	0.00457	0.13668	0.00703

[dist]
# distance from previous block
# <min> <max>
2	4

[block]
# block no. 7 follows, 42 sequences, length 19
# corresponding to MSA columns:
# 688-706
name=unknown_H
#
# <colnr> <probs for GDERKNQSTAVLIFYWHMCP>
#	G	D	E	R	K	N	Q	S	T	A	V	L	I	F	Y	W	H	M	C	P
0	0.01490	0.01084	0.01763	0.01535	0.08380	0.01109	0.16398	0.05376	0.01359	0.18872	0.09681	0.05342	0.01634	0.01095	0.08147	0.00256	0.11912	0.00658	0.00436	0.03472
1	0.00716	0.00529	0.00618	0.00675	0.00744	0.00487	0.00445	0.00800	0.01066	0.01366	0.03491	0.37213	0.24409	0.23301	0.01295	0.00305	0.00375	0.01265	0.00472	0.00430
2	0.01736	0.01621	0.08250	0.01258	0.01666	0.09660	0.01071	0.25164	0.34697	0.06251	0.01728	0.01660	0.01269	0.00693	0.00559	0.00177	0.00597	0.00543	0.00515	0.00884
3	0.01506	0.25553	0.05303	0.04555	0.04136	0.08304	0.32507	0.08333	0.01400	0.01764	0.01015	0.01259	0.00805	0.00510	0.00539	0.00162	0.00802	0.00496	0.00294	0.00757
4	0.01180	0.01180	0.02023	0.23070	0.06929	0.01394	0.18490	0.01457	0.01065	0.01488	0.01016	0.01602	0.00895	0.07818	0.01229	0.00239	0.27449	0.00565	0.00267	0.00644
5	0.03840	0.00904	0.00987	0.00871	0.01052	0.00966	0.00643	0.23687	0.03491	0.02063	0.01741	0.02941	0.01713	0.37267	0.01618	0.00347	0.00535	0.07136	0.07613	0.00585
6	0.01497	0.01711	0.01216	0.01178	0.01383	0.42213	0.00900	0.01664	0.01424	0.01487	0.05212	0.13385	0.06106	0.01131	0.03423	0.00209	0.00771	0.14117	0.00393	0.00580
7	0.01724	0.10768	0.08557	0.06098	0.22654	0.01178	0.01222	0.02022	0.01396	0.29245	0.08193	0.01764	0.01426	0.00635	0.00545	0.00167	0.00574	0.00539	0.00452	0.00843
8	0.00807	0.00590	0.00839	0.00839	0.00916	0.00668	0.00621	0.00963	0.00885	0.01258	0.01568	0.02544	0.01552	0.21436	0.60975	0.00823	0.01290	0.00652	0.00310	0.00466
9	0.00723	0.00562	0.00666	0.00735	0.00851	0.00515	0.00536	0.00904	0.03528	0.01526	0.04130	0.38949	0.33469	0.01571	0.00698	0.00215	0.00334	0.09079	0.00524	0.00485
10	0.01232	0.01173	0.01994	0.40165	0.41257	0.01295	0.01647	0.01586	0.01205	0.01644	0.01030	0.01445	0.00823	0.00531	0.00560	0.00177	0.00708	0.00501	0.00265	0.00762
11	0.01334	0.01403	0.02348	0.21153	0.25430	0.08178	0.24867	0.01703	0.01287	0.01682	0.01138	0.01643	0.00933	0.00561	0.00598	0.00181	0.00802	0.03727	0.00285	0.00747
12	0.01026	0.00924	0.01599	0.14455	0.14632	0.00933	0.14937	0.01302	0.01191	0.01642	0.02040	0.26739	0.05313	0.00989	0.00626	0.00195	0.00570	0.02708	0.07556	0.00624
13	0.00786	0.00603	0.00813	0.00865	0.00957	0.00588	0.02913	0.00997	0.04813	0.01551	0.06348	0.50216	0.09942	0.04716	0.00816	0.00236	0.01808	0.10024	0.00509	0.00498
14	0.05026	0.01200	0.01244	0.01105	0.01364	0.12183	0.05340	0.09105	0.17384	0.06663	0.08385	0.21718	0.04904	0.01005	0.00605	0.00188	0.00527	0.00862	0.00500	0.00691
15	0.01659	0.12648	0.19091	0.04791	0.01861	0.08462	0.04238	0.06703	0.12670	0.17061	0.01461	0.01490	0.01055	0.00611	0.00523	0.00167	0.00654	0.00482	0.03557	0.00818
16	0.00780	0.00569	0.00655	0.00676	0.00826	0.00497	0.00495	0.00928	0.01270	0.05291	0.11306	0.26338	0.43726	0.01463	0.00678	0.00201	0.00310	0.02952	0.00540	0.00500
17	0.06561	0.23957	0.17544	0.01170	0.01640	0.14949	0.01146	0.01970	0.06895	0.10807	0.01441	0.01580	0.04675	0.00638	0.00490	0.00159	0.00668	0.02603	0.00358	0.00749
18	0.07912	0.01107	0.01457	0.01535	0.17172	0.01118	0.01027	0.14433	0.06439	0.25461	0.05582	0.02157	0.01531	0.00783	0.00622	0.02756	0.00530	0.07031	0.00518	0.00830

[dist]
# distance from previous block
# <min> <max>
0	8

[block]
# block no. 8 follows, 42 sequences, length 49
# corresponding to MSA columns:
# 715-763
name=unknown_I
#
# <colnr> <probs for GDERKNQSTAVLIFYWHMCP>
#	G	D	E	R	K	N	Q	S	T	A	V	L	I	F	Y	W	H	M	C	P
0	0.06076	0.01640	0.01506	0.01249	0.01591	0.23083	0.03451	0.19858	0.07832	0.14600	0.01378	0.01424	0.01014	0.00660	0.00618	0.00168	0.06117	0.00478	0.05003	0.02253
