[name]
unknown

[dist]
# distance from previous block
# <min> <max>
0	48

[block]
# block no. 0 follows, 44 sequences, length 34
# corresponding to MSA columns:
# 51-84
name=unknown_A
#
# <colnr> <probs for GDERKNQSTAVLIFYWHMCP>
#	G	D	E	R	K	N	Q	S	T	A	V	L	I	F	Y	W	H	M	C	P
0	0.01254	0.01207	0.02128	0.10395	0.51443	0.01218	0.11158	0.01591	0.01234	0.01721	0.01251	0.01946	0.01116	0.00610	0.00579	0.00177	0.00673	0.09224	0.00296	0.00779
1	0.01387	0.01396	0.02630	0.06507	0.26326	0.01381	0.39460	0.10493	0.01414	0.01940	0.01096	0.01412	0.00845	0.00495	0.00594	0.00174	0.00785	0.00567	0.00304	0.00792
2	0.00818	0.00594	0.00784	0.10051	0.01059	0.00645	0.00553	0.00906	0.00848	0.01146	0.01569	0.02984	0.01688	0.53389	0.20212	0.00568	0.00769	0.00707	0.00311	0.00400
3	0.01008	0.01013	0.01948	0.06021	0.05782	0.00965	0.34903	0.01306	0.01197	0.01590	0.02216	0.24884	0.10778	0.00965	0.00651	0.00195	0.00632	0.02962	0.00374	0.00611
4	0.01738	0.33554	0.19586	0.01090	0.01618	0.01452	0.01134	0.02032	0.01284	0.29584	0.01322	0.01300	0.00937	0.00555	0.00462	0.00149	0.00590	0.00412	0.00395	0.00808
5	0.01370	0.62245	0.21010	0.01083	0.01631	0.01942	0.01194	0.01655	0.01118	0.01390	0.00811	0.00941	0.00697	0.00479	0.00390	0.00130	0.00637	0.00318	0.00232	0.00725
6	0.00723	0.00786	0.09832	0.00806	0.00980	0.00554	0.00672	0.00900	0.01114	0.01465	0.03377	0.48464	0.22302	0.01453	0.00657	0.00204	0.00370	0.02813	0.00470	0.02058
7	0.01718	0.01946	0.42558	0.01284	0.01912	0.01051	0.01454	0.02156	0.01340	0.36879	0.01520	0.01477	0.00995	0.00590	0.00532	0.00171	0.00648	0.00470	0.00436	0.00862
8	0.01182	0.01122	0.01865	0.22878	0.49102	0.01174	0.01482	0.01494	0.01202	0.01643	0.01546	0.01840	0.09911	0.00608	0.00554	0.00170	0.00624	0.00565	0.00291	0.00748
9	0.02247	0.00884	0.01201	0.00936	0.01323	0.00767	0.00767	0.02463	0.01558	0.68820	0.11073	0.02119	0.01801	0.00727	0.00560	0.00169	0.00439	0.00600	0.00666	0.00879
10	0.01282	0.01142	0.01568	0.01973	0.31766	0.01225	0.01170	0.02158	0.36005	0.02020	0.05682	0.02221	0.01651	0.00724	0.00570	0.00181	0.00515	0.06894	0.00439	0.00814
11	0.02446	0.00928	0.01265	0.00970	0.01392	0.00801	0.00801	0.02657	0.01560	0.77817	0.02151	0.01856	0.01350	0.00675	0.00548	0.00169	0.00464	0.00548	0.00675	0.00928
12	0.00664	0.00474	0.00633	0.00759	0.00791	0.00443	0.00506	0.00759	0.01044	0.01392	0.03005	0.80485	0.03606	0.01708	0.00696	0.00221	0.00316	0.01550	0.00506	0.00443
13	0.02072	0.01527	0.01636	0.01254	0.01691	0.01691	0.01036	0.75622	0.02563	0.03436	0.01309	0.01309	0.00927	0.00654	0.00545	0.00164	0.00600	0.00491	0.00545	0.00927
14	0.00672	0.00480	0.00641	0.00768	0.00803	0.00450	0.00520	0.00773	0.01051	0.01400	0.03001	0.77793	0.03589	0.01701	0.00698	0.00222	0.00323	0.04165	0.00506	0.00445
15	0.01093	0.02820	0.78016	0.01554	0.02360	0.01266	0.02014	0.01727	0.01151	0.01727	0.00978	0.01151	0.00691	0.00518	0.00518	0.00173	0.00806	0.00403	0.00230	0.00806
16	0.01293	0.01506	0.11284	0.01711	0.02191	0.01356	0.35462	0.02226	0.32770	0.01968	0.01556	0.01669	0.01162	0.00584	0.00591	0.00183	0.00701	0.00603	0.00387	0.00797
17	0.01251	0.01113	0.03447	0.01515	0.01795	0.01134	0.28229	0.01511	0.01143	0.10591	0.01557	0.13662	0.01476	0.06523	0.01049	0.00227	0.18330	0.04438	0.00364	0.00644
18	0.01888	0.01612	0.29524	0.01175	0.01728	0.00962	0.01238	0.02256	0.01409	0.47090	0.04388	0.01675	0.01242	0.00633	0.00540	0.00170	0.00582	0.00510	0.00508	0.00868
19	0.00664	0.00474	0.00633	0.00759	0.00791	0.00443	0.00506	0.00759	0.01044	0.01392	0.03005	0.80485	0.03606	0.01708	0.00696	0.00221	0.00316	0.01550	0.00506	0.00443
20	0.01382	0.40637	0.32616	0.01236	0.01816	0.10903	0.01378	0.01735	0.01177	0.01465	0.00856	0.00997	0.00696	0.00498	0.00434	0.00142	0.00719	0.00343	0.00238	0.00734
21	0.01327	0.30078	0.19548	0.02031	0.29705	0.01600	0.05221	0.01674	0.01176	0.01590	0.00924	0.01142	0.00764	0.00485	0.00472	0.00149	0.00674	0.00406	0.00248	0.00786
22	0.00740	0.00561	0.00702	0.00702	0.00818	0.00571	0.00520	0.00887	0.01008	0.01338	0.03007	0.03494	0.29405	0.14369	0.35866	0.00543	0.00843	0.00821	0.03351	0.00455
23	0.01214	0.01179	0.01715	0.55405	0.14352	0.07186	0.01466	0.05338	0.01215	0.01549	0.00976	0.01385	0.00755	0.00558	0.00584	0.00177	0.03544	0.00475	0.00265	0.00662
24	0.01429	0.01006	0.01672	0.50767	0.05797	0.01119	0.06565	0.01758	0.01232	0.21359	0.01289	0.01556	0.00901	0.00571	0.00553	0.00178	0.00669	0.00512	0.00358	0.00708
25	0.01496	0.01439	0.01858	0.14125	0.23915	0.16062	0.09266	0.02905	0.05547	0.07843	0.02298	0.01439	0.00964	0.00581	0.00616	0.00169	0.05444	0.00497	0.02797	0.00740
26	0.01297	0.01311	0.02442	0.11247	0.47848	0.01310	0.23078	0.01664	0.01238	0.01729	0.01042	0.01396	0.00838	0.00485	0.00570	0.00170	0.00735	0.00531	0.00269	0.00799
27	0.01252	0.01247	0.01759	0.22583	0.37100	0.10367	0.01392	0.01538	0.01189	0.01551	0.01136	0.05423	0.01001	0.00960	0.08959	0.00244	0.00779	0.00534	0.00278	0.00707
28	0.01230	0.01074	0.01777	0.01405	0.01720	0.01127	0.24045	0.18134	0.01386	0.01907	0.01315	0.01744	0.01097	0.02180	0.36673	0.00499	0.01097	0.00581	0.00344	0.00664
29	0.39642	0.00895	0.01034	0.00922	0.01193	0.00963	0.08685	0.01405	0.01074	0.02041	0.01644	0.02474	0.05254	0.00952	0.04443	0.00219	0.00517	0.15768	0.10309	0.00566
30	0.01484	0.01130	0.01273	0.01043	0.01403	0.01182	0.00833	0.12704	0.33099	0.09979	0.01785	0.01736	0.03496	0.00669	0.00588	0.00157	0.04928	0.00527	0.00489	0.21496
31	0.19636	0.04164	0.06668	0.00954	0.01403	0.02321	0.00839	0.10820	0.01388	0.23298	0.01285	0.01291	0.00912	0.00545	0.00454	0.00143	0.00493	0.00405	0.00441	0.22539
32	0.01256	0.03232	0.19407	0.01077	0.01492	0.02309	0.01046	0.09639	0.01289	0.09200	0.05115	0.01659	0.01222	0.01592	0.23141	0.00357	0.00839	0.00491	0.00362	0.15276
33	0.06057	0.01087	0.01572	0.03317	0.01618	0.04983	0.17689	0.08346	0.03512	0.04617	0.03788	0.21642	0.01797	0.01017	0.02378	0.00208	0.08634	0.04587	0.00403	0.02746

[dist]
# distance from previous block
# <min> <max>
29	109

[block]
# block no. 1 follows, 44 sequences, length 12
# corresponding to MSA columns:
# 224-235
name=unknown_B
#
# <colnr> <probs for GDERKNQSTAVLIFYWHMCP>
#	G	D	E	R	K	N	Q	S	T	A	V	L	I	F	Y	W	H	M	C	P
0	0.09090	0.26665	0.01770	0.01060	0.03017	0.13330	0.00876	0.09749	0.05716	0.04930	0.01169	0.05108	0.01017	0.00607	0.00450	0.00141	0.00580	0.02197	0.00354	0.12177
1	0.01230	0.20577	0.57850	0.01389	0.02102	0.01450	0.01720	0.01742	0.01157	0.04659	0.00975	0.01116	0.00719	0.00512	0.00481	0.00160	0.00741	0.00383	0.00249	0.00786
2	0.01945	0.01577	0.01355	0.01161	0.01488	0.27297	0.00905	0.12519	0.13153	0.23885	0.01671	0.07833	0.01302	0.00727	0.00542	0.00165	0.00641	0.00565	0.00492	0.00779
3	0.01546	0.69104	0.02655	0.01005	0.01443	0.13903	0.00951	0.01716	0.01175	0.01291	0.00771	0.00891	0.00700	0.00481	0.00372	0.00120	0.00644	0.00301	0.00241	0.00689
4	0.00664	0.00474	0.00633	0.00759	0.00791	0.00443	0.00506	0.00759	0.01044	0.01392	0.03005	0.80485	0.03606	0.01708	0.00696	0.00221	0.00316	0.01550	0.00506	0.00443
5	0.00693	0.00568	0.00620	0.00646	0.00818	0.00495	0.00511	0.00855	0.01245	0.01506	0.04974	0.05435	0.61809	0.01407	0.00667	0.00198	0.00323	0.16256	0.00505	0.00469
6	0.01750	0.01327	0.01286	0.01044	0.01371	0.09048	0.00840	0.45812	0.02032	0.02802	0.01404	0.01495	0.01047	0.00639	0.00490	0.00150	0.00534	0.00482	0.25676	0.00771
7	0.00793	0.00529	0.00595	0.00595	0.00595	0.00529	0.00330	0.00793	0.00793	0.01057	0.01718	0.03568	0.01982	0.80840	0.02775	0.00529	0.00529	0.00793	0.00330	0.00330
8	0.02090	0.01651	0.01402	0.01174	0.01529	0.29941	0.00925	0.13912	0.07723	0.29175	0.01644	0.01567	0.03468	0.00657	0.00530	0.00159	0.00670	0.00490	0.00493	0.00798
9	0.02014	0.13585	0.01709	0.01114	0.01554	0.01501	0.00944	0.43099	0.02026	0.20465	0.01403	0.01361	0.00985	0.00617	0.00508	0.00153	0.00555	0.00465	0.00516	0.05426
10	0.01104	0.13350	0.07495	0.00868	0.01303	0.00946	0.00775	0.01360	0.01175	0.01724	0.10646	0.06356	0.01500	0.00592	0.00453	0.00114	0.00440	0.00484	0.00348	0.48968
11	0.01354	0.01118	0.01225	0.01010	0.01375	0.01158	0.00799	0.13473	0.37313	0.02305	0.07742	0.01825	0.01583	0.00660	0.00517	0.00150	0.00435	0.00542	0.00490	0.24927

[dist]
# distance from previous block
# <min> <max>
5	17

[block]
# block no. 2 follows, 44 sequences, length 16
# corresponding to MSA columns:
# 253-268
name=unknown_C
#
# <colnr> <probs for GDERKNQSTAVLIFYWHMCP>
#	G	D	E	R	K	N	Q	S	T	A	V	L	I	F	Y	W	H	M	C	P
0	0.09097	0.17332	0.01860	0.16730	0.01967	0.03513	0.04880	0.14073	0.01312	0.03576	0.00945	0.01193	0.00763	0.00618	0.00731	0.00170	0.16312	0.00427	0.00316	0.04183
1	0.01794	0.15021	0.01710	0.01225	0.01573	0.31901	0.00986	0.19416	0.15450	0.01991	0.01206	0.01262	0.00947	0.00685	0.02365	0.00168	0.00737	0.00428	0.00386	0.00751
2	0.01496	0.01668	0.07998	0.01360	0.01789	0.19080	0.13303	0.09747	0.15055	0.01928	0.01275	0.01467	0.01005	0.00575	0.00524	0.00151	0.00684	0.02366	0.00368	0.18161
3	0.00750	0.00521	0.00653	0.00693	0.00719	0.00527	0.00443	0.00812	0.00885	0.01196	0.02079	0.27453	0.02389	0.43341	0.14666	0.00490	0.00616	0.00996	0.00379	0.00391
4	0.16250	0.06542	0.18127	0.01831	0.24211	0.14056	0.01341	0.01708	0.01209	0.01772	0.01075	0.01532	0.00929	0.00592	0.00497	0.00167	0.00681	0.06464	0.00292	0.00724
5	0.01236	0.04594	0.22085	0.12776	0.35813	0.01319	0.11061	0.01658	0.01199	0.01693	0.01006	0.01309	0.00790	0.00498	0.00541	0.00168	0.00731	0.00477	0.00255	0.00792
6	0.00718	0.00555	0.00750	0.00939	0.07124	0.00516	0.00587	0.00839	0.01093	0.01437	0.03257	0.61503	0.15544	0.01553	0.00674	0.00210	0.00337	0.01396	0.00487	0.00481
7	0.00799	0.00677	0.00879	0.01054	0.13435	0.00614	0.00652	0.01003	0.01332	0.01736	0.26108	0.04253	0.43140	0.01154	0.00627	0.00177	0.00332	0.00992	0.00495	0.00543
8	0.01164	0.14110	0.60912	0.01488	0.02216	0.01404	0.05573	0.01749	0.03446	0.01680	0.00990	0.01154	0.00729	0.00514	0.00501	0.00165	0.00768	0.00405	0.00243	0.00788
9	0.01536	0.32396	0.02540	0.01618	0.09974	0.06904	0.18677	0.13916	0.01424	0.01806	0.00963	0.01157	0.00786	0.00522	0.00534	0.00151	0.03598	0.00439	0.00302	0.00755
10	0.00742	0.00546	0.00713	0.00818	0.00911	0.00516	0.00633	0.00904	0.01157	0.01496	0.03376	0.39767	0.15592	0.01577	0.00709	0.00227	0.00380	0.28964	0.00505	0.00468
11	0.01147	0.01197	0.02183	0.01704	0.01953	0.01338	0.33960	0.01413	0.01069	0.01517	0.01265	0.14419	0.01243	0.00860	0.01101	0.00211	0.31758	0.00728	0.00299	0.00633
12	0.01141	0.01083	0.01837	0.52976	0.29438	0.01241	0.01570	0.01491	0.01143	0.01528	0.00989	0.01417	0.00774	0.00524	0.00543	0.00175	0.00699	0.00485	0.00252	0.00696
13	0.00764	0.00596	0.00904	0.00934	0.01036	0.00568	0.06789	0.00927	0.01108	0.01469	0.02854	0.52767	0.05851	0.01644	0.03735	0.00249	0.00448	0.16398	0.00478	0.00482
14	0.01589	0.01811	0.02341	0.01811	0.02200	0.28641	0.36808	0.01923	0.03490	0.04532	0.01045	0.01302	0.00816	0.00561	0.00697	0.00173	0.08744	0.00519	0.00297	0.00696
15	0.01441	0.01387	0.13899	0.01104	0.01533	0.03143	0.01000	0.02331	0.35483	0.13806	0.04657	0.01767	0.01426	0.00649	0.00525	0.00162	0.00502	0.00531	0.00477	0.14175

[dist]
# distance from previous block
# <min> <max>
3	61

[block]
# block no. 3 follows, 44 sequences, length 13
# corresponding to MSA columns:
# 340-352
name=unknown_D
#
# <colnr> <probs for GDERKNQSTAVLIFYWHMCP>
#	G	D	E	R	K	N	Q	S	T	A	V	L	I	F	Y	W	H	M	C	P
0	0.28418	0.01313	0.01306	0.01064	0.01437	0.13423	0.06286	0.06408	0.04667	0.22335	0.03177	0.01371	0.01020	0.00585	0.00474	0.00161	0.00565	0.00442	0.00442	0.05108
1	0.11860	0.00926	0.01205	0.06721	0.01457	0.00943	0.00834	0.01932	0.01235	0.36930	0.01538	0.01615	0.01099	0.01150	0.12151	0.00272	0.08421	0.00489	0.00469	0.08751
2	0.24021	0.01069	0.01060	0.00878	0.01229	0.07664	0.00704	0.01953	0.04411	0.28783	0.06941	0.01851	0.06905	0.00675	0.00485	0.00159	0.00462	0.00516	0.00489	0.09744
3	0.20859	0.10240	0.04382	0.01080	0.01490	0.07214	0.00928	0.35940	0.01801	0.07099	0.01139	0.01187	0.00838	0.00589	0.00467	0.00157	0.00575	0.00414	0.02813	0.00787
4	0.00864	0.00658	0.01000	0.01049	0.01186	0.00645	0.06307	0.01098	0.01213	0.01590	0.02779	0.21253	0.03064	0.01471	0.00733	0.00240	0.00494	0.53363	0.00486	0.00507
5	0.01412	0.01412	0.03006	0.02154	0.02692	0.01316	0.67390	0.01845	0.01316	0.09969	0.01216	0.01512	0.00884	0.00483	0.00633	0.00182	0.00870	0.00633	0.00319	0.00756
6	0.00664	0.00474	0.00633	0.00759	0.00791	0.00443	0.00506	0.00759	0.01044	0.01392	0.03005	0.80485	0.03606	0.01708	0.00696	0.00221	0.00316	0.01550	0.00506	0.00443
7	0.00777	0.00565	0.00736	0.00714	0.00845	0.00524	0.00549	0.01028	0.01497	0.02091	0.65620	0.04354	0.08454	0.01170	0.00655	0.00181	0.00285	0.08861	0.00585	0.00510
8	0.01130	0.00969	0.01130	0.00807	0.01292	0.00727	0.00646	0.01373	0.01130	0.01776	0.00969	0.01130	0.00807	0.00404	0.00404	0.00081	0.00404	0.00323	0.00323	0.84173
9	0.00782	0.00570	0.00806	0.00806	0.00879	0.00643	0.00594	0.00928	0.00855	0.01213	0.01525	0.02498	0.01518	0.23290	0.59690	0.00789	0.01227	0.00636	0.00302	0.00448
10	0.01573	0.01747	0.02109	0.01659	0.02055	0.26124	0.29746	0.06609	0.16611	0.01839	0.03578	0.01498	0.01094	0.00581	0.00571	0.00169	0.00802	0.00545	0.00360	0.00733
11	0.10614	0.01242	0.01510	0.01136	0.01585	0.04532	0.09982	0.19670	0.01547	0.11688	0.01187	0.01273	0.00878	0.00523	0.00482	0.00137	0.00550	0.00429	0.00415	0.30621
12	0.01461	0.01078	0.01599	0.01231	0.01633	0.02886	0.17967	0.01889	0.10720	0.19440	0.01754	0.10161	0.03126	0.00689	0.00551	0.00157	0.00542	0.00639	0.00446	0.22030

[dist]
# distance from previous block
# <min> <max>
0	5

[block]
# block no. 4 follows, 44 sequences, length 22
# corresponding to MSA columns:
# 358-379
name=unknown_E
#
# <colnr> <probs for GDERKNQSTAVLIFYWHMCP>
#	G	D	E	R	K	N	Q	S	T	A	V	L	I	F	Y	W	H	M	C	P
0	0.01308	0.01406	0.02835	0.02519	0.23145	0.01355	0.51242	0.01789	0.05369	0.01785	0.01143	0.01468	0.00883	0.00482	0.00610	0.00178	0.00818	0.00599	0.00289	0.00777
1	0.01248	0.01261	0.02293	0.06047	0.22871	0.01169	0.31138	0.01607	0.01222	0.01746	0.01038	0.01344	0.00827	0.00456	0.00545	0.00150	0.00694	0.00505	0.00285	0.23554
2	0.01128	0.01026	0.01705	0.25667	0.23049	0.01088	0.08515	0.05293	0.01350	0.01855	0.21520	0.02124	0.01974	0.00679	0.00580	0.00173	0.00591	0.00636	0.00365	0.00682
3	0.01232	0.01079	0.01432	0.01122	0.05463	0.00897	0.08067	0.07298	0.01265	0.01905	0.01012	0.01189	0.00822	0.00433	0.00446	0.00102	0.00483	0.00376	0.00333	0.65045
4	0.00664	0.00474	0.00633	0.00759	0.00791	0.00443	0.00506	0.00759	0.01044	0.01392	0.03005	0.80485	0.03606	0.01708	0.00696	0.00221	0.00316	0.01550	0.00506	0.00443
5	0.01635	0.01607	0.01370	0.01209	0.01526	0.22531	0.00937	0.12144	0.46381	0.02172	0.01725	0.01653	0.01306	0.00680	0.00536	0.00170	0.00604	0.00528	0.00479	0.00808
6	0.01619	0.01562	0.01461	0.01181	0.01530	0.22023	0.02294	0.18233	0.01532	0.03674	0.01017	0.01181	0.00817	0.00651	0.02155	0.00155	0.10862	0.00404	0.00357	0.27292
7	0.01265	0.25399	0.45086	0.01439	0.02096	0.05378	0.08855	0.01724	0.01171	0.01580	0.00920	0.01094	0.00707	0.00499	0.00480	0.00156	0.00761	0.00392	0.00238	0.00759
8	0.03962	0.02635	0.67964	0.01497	0.02251	0.01306	0.01871	0.08969	0.01282	0.01918	0.01004	0.01158	0.00710	0.00531	0.00515	0.00172	0.00773	0.00408	0.00265	0.00810
9	0.00664	0.00477	0.00630	0.00752	0.00789	0.00443	0.00503	0.00760	0.01050	0.01394	0.03090	0.77952	0.06084	0.01697	0.00694	0.00220	0.00315	0.01536	0.00506	0.00443
10	0.01419	0.01453	0.02630	0.02031	0.06148	0.05670	0.47395	0.05767	0.01308	0.05728	0.01087	0.01403	0.00836	0.00570	0.00809	0.00188	0.13942	0.00579	0.00305	0.00734
11	0.01235	0.01129	0.01822	0.47199	0.27399	0.01285	0.01519	0.08763	0.01284	0.01719	0.01021	0.01406	0.00791	0.00537	0.00543	0.00174	0.00689	0.00486	0.00281	0.00721
12	0.00664	0.00474	0.00633	0.00759	0.00791	0.00443	0.00506	0.00759	0.01044	0.01392	0.03005	0.80485	0.03606	0.01708	0.00696	0.00221	0.00316	0.01550	0.00506	0.00443
13	0.00779	0.00584	0.00876	0.00876	0.00974	0.00681	0.00681	0.00974	0.00876	0.01266	0.01460	0.02142	0.01363	0.04089	0.78680	0.00876	0.01460	0.00584	0.00292	0.00487
14	0.02056	0.02003	0.01596	0.01321	0.01688	0.35912	0.01044	0.42964	0.02110	0.02501	0.01102	0.01164	0.00827	0.00613	0.00521	0.00153	0.00770	0.00429	0.00428	0.00796
15	0.01044	0.00753	0.00966	0.01008	0.01171	0.00775	0.00848	0.13413	0.01439	0.01894	0.02643	0.16693	0.02843	0.01396	0.00710	0.00232	0.00490	0.50609	0.00510	0.00563
16	0.05840	0.01075	0.01240	0.07117	0.01545	0.00981	0.00786	0.13620	0.05125	0.02080	0.01076	0.01217	0.00852	0.00478	0.00442	0.00112	0.00464	0.00376	0.00365	0.55206
17	0.01582	0.01203	0.01335	0.01078	0.01450	0.11445	0.05935	0.02041	0.14854	0.20345	0.03931	0.07184	0.01411	0.00670	0.00523	0.00149	0.00527	0.00564	0.00463	0.23311
18	0.01184	0.01081	0.01848	0.01429	0.01774	0.01063	0.28503	0.01612	0.09779	0.05654	0.01712	0.07868	0.05464	0.05276	0.05107	0.00235	0.06513	0.02113	0.00370	0.11415
19	0.10339	0.00979	0.01241	0.01091	0.01350	0.02832	0.07528	0.14496	0.05123	0.01985	0.01734	0.08802	0.01662	0.01615	0.17611	0.00340	0.00745	0.15336	0.00414	0.04776
20	0.06151	0.01005	0.01476	0.01153	0.01538	0.00956	0.13328	0.02213	0.11469	0.39633	0.02207	0.02111	0.08705	0.00877	0.04443	0.00210	0.00565	0.00621	0.00538	0.00801
21	0.01154	0.00968	0.01220	0.01032	0.01287	0.08369	0.09725	0.01468	0.05132	0.07895	0.32401	0.09513	0.03017	0.00926	0.00602	0.00170	0.00467	0.04821	0.00491	0.09345

[dist]
# distance from previous block
# <min> <max>
100	168

[block]
# block no. 5 follows, 44 sequences, length 10
# corresponding to MSA columns:
# 645-654
name=unknown_F
#
# <colnr> <probs for GDERKNQSTAVLIFYWHMCP>
#	G	D	E	R	K	N	Q	S	T	A	V	L	I	F	Y	W	H	M	C	P
0	0.16900	0.01151	0.09352	0.33218	0.02364	0.01077	0.01155	0.01661	0.01172	0.14612	0.05014	0.01492	0.01034	0.00575	0.00498	0.00168	0.00585	0.00464	0.00356	0.07153
1	0.11204	0.01197	0.01552	0.10257	0.13295	0.03136	0.06793	0.10747	0.16366	0.04154	0.01354	0.04201	0.01079	0.00603	0.00515	0.00162	0.00561	0.00516	0.00392	0.11917
2	0.72534	0.06707	0.01001	0.00785	0.01127	0.07291	0.00650	0.01649	0.00988	0.02279	0.00766	0.00892	0.00607	0.00508	0.00350	0.00163	0.00476	0.00299	0.00326	0.00601
3	0.14014	0.17631	0.01628	0.01096	0.01460	0.24222	0.00900	0.08670	0.10909	0.12730	0.01216	0.01233	0.00919	0.00581	0.00461	0.00152	0.00643	0.00405	0.00394	0.00737
4	0.01586	0.63732	0.02566	0.01038	0.01463	0.19133	0.00960	0.01753	0.01205	0.01294	0.00777	0.00899	0.00700	0.00488	0.00381	0.00122	0.00672	0.00305	0.00244	0.00685
5	0.00664	0.00474	0.00633	0.00759	0.00791	0.00443	0.00506	0.00759	0.01044	0.01392	0.03005	0.80485	0.03606	0.01708	0.00696	0.00221	0.00316	0.01550	0.00506	0.00443
6	0.00644	0.00552	0.00552	0.00552	0.00736	0.00460	0.00414	0.00782	0.01243	0.01473	0.05523	0.05247	0.77218	0.01381	0.00644	0.00184	0.00276	0.01151	0.00506	0.00460
7	0.01518	0.72918	0.02719	0.00982	0.01429	0.10189	0.00945	0.01690	0.01154	0.01288	0.00767	0.00886	0.00700	0.00476	0.00365	0.00119	0.00625	0.00298	0.00238	0.00693
8	0.00679	0.00481	0.00628	0.00740	0.00768	0.00453	0.00485	0.00763	0.01014	0.01352	0.02853	0.71428	0.03415	0.11026	0.00941	0.00258	0.00341	0.01461	0.00485	0.00430
9	0.33862	0.10023	0.01439	0.01150	0.04704	0.24986	0.00886	0.13691	0.01411	0.02116	0.00884	0.01002	0.00702	0.00542	0.00428	0.00154	0.00648	0.00352	0.00340	0.00681

[dist]
# distance from previous block
# <min> <max>
0	2

[block]
# block no. 6 follows, 44 sequences, length 19
# corresponding to MSA columns:
# 657-675
name=unknown_G
#
# <colnr> <probs for GDERKNQSTAVLIFYWHMCP>
#	G	D	E	R	K	N	Q	S	T	A	V	L	I	F	Y	W	H	M	C	P
0	0.01178	0.20497	0.02263	0.01424	0.01757	0.01379	0.28824	0.01422	0.01084	0.01429	0.01307	0.01869	0.04629	0.14803	0.04410	0.00264	0.09975	0.00586	0.00282	0.00616
1	0.01240	0.34450	0.47673	0.01303	0.01972	0.01626	0.01578	0.01689	0.01134	0.01547	0.00889	0.01039	0.00694	0.00497	0.00450	0.00150	0.00716	0.00358	0.00231	0.00763
2	0.01568	0.53652	0.10451	0.01076	0.01571	0.01951	0.01071	0.19565	0.01465	0.01851	0.00915	0.01009	0.00754	0.00517	0.00415	0.00134	0.00610	0.00351	0.00309	0.00766
3	0.01486	0.13513	0.01495	0.01139	0.01385	0.36810	0.00899	0.01716	0.04800	0.01348	0.01108	0.01415	0.00975	0.01769	0.27360	0.00392	0.01062	0.00435	0.00291	0.00603
4	0.01673	0.01193	0.01309	0.01030	0.01366	0.01257	0.00810	0.45599	0.01924	0.06219	0.01410	0.01862	0.01189	0.20050	0.01069	0.00243	0.00554	0.00548	0.00474	0.10220
5	0.00972	0.00862	0.01383	0.60410	0.02989	0.01046	0.01227	0.01248	0.01018	0.01312	0.01150	0.01966	0.01031	0.19995	0.01085	0.00266	0.00679	0.00559	0.00264	0.00539
6	0.00913	0.00706	0.00851	0.00788	0.00961	0.00718	0.00599	0.01481	0.19689	0.02209	0.59001	0.03579	0.04301	0.01024	0.00622	0.00175	0.00299	0.00896	0.00589	0.00599
7	0.01899	0.01441	0.01538	0.01219	0.01625	0.01610	0.00994	0.58006	0.20462	0.03156	0.01529	0.01485	0.01106	0.00675	0.00548	0.00169	0.00559	0.00521	0.00548	0.00912
8	0.00741	0.00556	0.00686	0.00654	0.00796	0.00501	0.00490	0.00969	0.01470	0.02013	0.59801	0.04357	0.22602	0.01179	0.00643	0.00175	0.00262	0.01026	0.00577	0.00501
9	0.00664	0.00474	0.00633	0.00759	0.00791	0.00443	0.00506	0.00759	0.01044	0.01392	0.03005	0.80485	0.03606	0.01708	0.00696	0.00221	0.00316	0.01550	0.00506	0.00443
10	0.01140	0.02493	0.59897	0.01734	0.02478	0.01293	0.19805	0.01731	0.01184	0.01731	0.01009	0.01228	0.00724	0.00504	0.00548	0.00175	0.00833	0.00461	0.00241	0.00789
11	0.02182	0.00987	0.01257	0.01004	0.01398	0.00936	0.00816	0.02715	0.19702	0.59520	0.02167	0.01899	0.01426	0.00690	0.00550	0.00173	0.00456	0.00565	0.00646	0.00912
12	0.00793	0.00529	0.00595	0.00595	0.00595	0.00529	0.00330	0.00793	0.00793	0.01057	0.01718	0.03568	0.01982	0.80840	0.02775	0.00529	0.00529	0.00793	0.00330	0.00330
13	0.01458	0.81168	0.02857	0.00933	0.01399	0.02157	0.00933	0.01632	0.01108	0.01283	0.00758	0.00875	0.00700	0.00466	0.00350	0.00117	0.00583	0.00292	0.00233	0.00700
14	0.01130	0.00969	0.01130	0.00807	0.01292	0.00727	0.00646	0.01373	0.01130	0.01776	0.00969	0.01130	0.00807	0.00404	0.00404	0.00081	0.00404	0.00323	0.00323	0.84173
15	0.00664	0.00474	0.00633	0.00759	0.00791	0.00443	0.00506	0.00759	0.01044	0.01392	0.03005	0.80485	0.03606	0.01708	0.00696	0.00221	0.00316	0.01550	0.00506	0.00443
16	0.00723	0.00591	0.00655	0.00739	0.00819	0.04062	0.00509	0.00830	0.01115	0.01409	0.03515	0.58585	0.21303	0.01576	0.00674	0.00209	0.00337	0.01398	0.00496	0.00456
17	0.01805	0.01648	0.04743	0.01080	0.01374	0.35482	0.00864	0.02008	0.01419	0.20034	0.01472	0.05199	0.01148	0.00657	0.00492	0.00150	0.00659	0.00492	0.18599	0.00676
18	0.19557	0.13000	0.19226	0.01657	0.19978	0.08605	0.01282	0.01757	0.02720	0.04434	0.02524	0.01188	0.00847	0.00527	0.00462	0.00158	0.00638	0.00400	0.00298	0.00741

[dist]
# distance from previous block
# <min> <max>
5	23

[block]
# block no. 7 follows, 44 sequences, length 16
# corresponding to MSA columns:
# 699-705,715-723
name=unknown_H
#
# <colnr> <probs for GDERKNQSTAVLIFYWHMCP>
#	G	D	E	R	K	N	Q	S	T	A	V	L	I	F	Y	W	H	M	C	P
0	0.01626	0.01305	0.01385	0.01164	0.01521	0.01482	0.00928	0.30335	0.48576	0.02716	0.01876	0.01760	0.01386	0.00708	0.00551	0.00177	0.00495	0.00569	0.00551	0.00887
1	0.01852	0.01418	0.01512	0.01210	0.01607	0.01588	0.00983	0.53264	0.25279	0.03081	0.01589	0.01532	0.01154	0.00681	0.00548	0.00170	0.00548	0.00529	0.00548	0.00907
2	0.00780	0.00581	0.00858	0.00858	0.00949	0.00672	0.00659	0.00962	0.00871	0.01252	0.01477	0.02233	0.01403	0.09009	0.73814	0.00854	0.01401	0.00597	0.00295	0.00477
3	0.00779	0.00584	0.00876	0.00876	0.00974	0.00681	0.00681	0.00974	0.00876	0.01266	0.01460	0.02142	0.01363	0.04089	0.78680	0.00876	0.01460	0.00584	0.00292	0.00487
4	0.02005	0.01550	0.24885	0.01169	0.01710	0.01005	0.01190	0.07320	0.01503	0.49379	0.01733	0.01602	0.01118	0.00625	0.00539	0.00170	0.00578	0.00500	0.00529	0.00890
5	0.01244	0.35243	0.46913	0.01297	0.01962	0.01635	0.01567	0.01688	0.01133	0.01543	0.00887	0.01037	0.00694	0.00497	0.00448	0.00149	0.00714	0.00357	0.00231	0.00762
6	0.00814	0.00646	0.01040	0.00975	0.01105	0.00730	0.05906	0.01028	0.00905	0.01299	0.01435	0.02095	0.01326	0.03835	0.73228	0.00828	0.01422	0.00588	0.00291	0.00504
7	0.01458	0.81168	0.02857	0.00933	0.01399	0.02157	0.00933	0.01632	0.01108	0.01283	0.00758	0.00875	0.00700	0.00466	0.00350	0.00117	0.00583	0.00292	0.00233	0.00700
8	0.01130	0.00969	0.01130	0.00807	0.01292	0.00727	0.00646	0.01373	0.01130	0.01776	0.00969	0.01130	0.00807	0.00404	0.00404	0.00081	0.00404	0.00323	0.00323	0.84173
9	0.00793	0.00529	0.00595	0.00595	0.00595	0.00529	0.00330	0.00793	0.00793	0.01057	0.01718	0.03568	0.01982	0.80840	0.02775	0.00529	0.00529	0.00793	0.00330	0.00330
10	0.01458	0.81168	0.02857	0.00933	0.01399	0.02157	0.00933	0.01632	0.01108	0.01283	0.00758	0.00875	0.00700	0.00466	0.00350	0.00117	0.00583	0.00292	0.00233	0.00700
11	0.00784	0.00564	0.00772	0.00772	0.00833	0.00625	0.00551	0.00907	0.00845	0.01188	0.01556	0.02670	0.01592	0.32530	0.50552	0.00747	0.01115	0.00661	0.00306	0.00429
12	0.00673	0.00509	0.00625	0.00713	0.00798	0.00461	0.00504	0.00792	0.01120	0.01433	0.03771	0.52161	0.26203	0.01593	0.00684	0.00212	0.00317	0.06473	0.00506	0.00452
13	0.00779	0.00584	0.00876	0.00876	0.00974	0.00681	0.00681	0.00974	0.00876	0.01266	0.01460	0.02142	0.01363	0.04089	0.78680	0.00876	0.01460	0.00584	0.00292	0.00487
14	0.05045	0.01440	0.01526	0.01206	0.01613	0.01608	0.00986	0.58625	0.16938	0.03173	0.01466	0.01435	0.01058	0.00666	0.00539	0.00168	0.00560	0.00508	0.00539	0.00902
15	0.79015	0.01017	0.00781	0.00703	0.01026	0.01175	0.00576	0.01580	0.00942	0.02418	0.00828	0.00963	0.00645	0.00515	0.00340	0.00166	0.00410	0.00310	0.06004	0.00585

[dist]
# distance from previous block
# <min> <max>
0	2

[block]
# block no. 8 follows, 44 sequences, length 15
# corresponding to MSA columns:
# 726-740
name=unknown_I
#
# <colnr> <probs for GDERKNQSTAVLIFYWHMCP>
#	G	D	E	R	K	N	Q	S	T	A	V	L	I	F	Y	W	H	M	C	P
0	0.65129	0.01115	0.00951	0.00811	0.01162	0.01268	0.00668	0.14436	0.01238	0.04995	0.00931	0.01026	0.00698	0.00541	0.00381	0.00166	0.00449	0.00344	0.03034	0.00657
1	0.01356	0.01171	0.01233	0.01109	0.01418	0.01356	0.00863	0.02897	0.76455	0.02281	0.02219	0.02034	0.01664	0.00740	0.00555	0.00185	0.00431	0.00616	0.00555	0.00863
2	0.01280	0.01449	0.03099	0.02232	0.02741	0.01401	0.69804	0.01713	0.01252	0.01713	0.01073	0.01449	0.00819	0.00497	0.00731	0.00188	0.06930	0.00631	0.00273	0.00725
3	0.00844	0.00669	0.00914	0.00901	0.01001	0.03190	0.00702	0.01036	0.00906	0.01298	0.01424	0.02064	0.01318	0.03727	0.70314	0.00800	0.04415	0.00570	0.03412	0.00496
4	0.02072	0.01527	0.01636	0.01254	0.01691	0.01691	0.01036	0.75622	0.02563	0.03436	0.01309	0.01309	0.00927	0.00654	0.00545	0.00164	0.00600	0.00491	0.00545	0.00927
5	0.01458	0.81168	0.02857	0.00933	0.01399	0.02157	0.00933	0.01632	0.01108	0.01283	0.00758	0.00875	0.00700	0.00466	0.00350	0.00117	0.00583	0.00292	0.00233	0.00700
6	0.01130	0.00969	0.01130	0.00807	0.01292	0.00727	0.00646	0.01373	0.01130	0.01776	0.00969	0.01130	0.00807	0.00404	0.00404	0.00081	0.00404	0.00323	0.00323	0.84173
7	0.00804	0.00578	0.00777	0.00804	0.00926	0.00551	0.00645	0.01051	0.01414	0.01946	0.46636	0.08805	0.04344	0.01286	0.00685	0.00203	0.00348	0.27130	0.00560	0.00506
8	0.00779	0.00584	0.00876	0.00876	0.00974	0.00681	0.00681	0.00974	0.00876	0.01266	0.01460	0.02142	0.01363	0.04089	0.78680	0.00876	0.01460	0.00584	0.00292	0.00487
9	0.01137	0.12237	0.68982	0.01479	0.02244	0.01373	0.01884	0.01715	0.01146	0.01673	0.00952	0.01118	0.00692	0.00512	0.00498	0.00166	0.00779	0.00389	0.00231	0.00793
10	0.02446	0.00928	0.01265	0.00970	0.01392	0.00801	0.00801	0.02657	0.01560	0.77817	0.02151	0.01856	0.01350	0.00675	0.00548	0.00169	0.00464	0.00548	0.00675	0.00928
11	0.00880	0.00581	0.00763	0.00704	0.00852	0.00533	0.00533	0.01134	0.01544	0.07086	0.72293	0.03929	0.04898	0.01086	0.00637	0.00171	0.00271	0.00958	0.00605	0.00541
12	0.01643	0.01936	0.01332	0.01205	0.01436	0.50691	0.00915	0.04077	0.01514	0.01585	0.17219	0.01882	0.05642	0.00750	0.00617	0.00156	0.05890	0.00539	0.00366	0.00605
13	0.01342	0.01415	0.01796	0.39349	0.26212	0.17602	0.01466	0.01646	0.01233	0.01501	0.00960	0.01322	0.00764	0.00530	0.00532	0.00167	0.00756	0.00457	0.00259	0.00691
14	0.01034	0.00714	0.00985	0.17417	0.01460	0.00780	0.00739	0.09803	0.01070	0.01416	0.01403	0.12265	0.01433	0.15600	0.01534	0.30370	0.00531	0.00676	0.00327	0.00441

[dist]
# distance from previous block
# <min> <max>
28	56

[block]
# block no. 9 follows, 44 sequences, length 15
# corresponding to MSA columns:
# 811-825
name=unknown_J
#
# <colnr> <probs for GDERKNQSTAVLIFYWHMCP>
#	G	D	E	R	K	N	Q	S	T	A	V	L	I	F	Y	W	H	M	C	P
0	0.54754	0.10562	0.01104	0.00787	0.01105	0.01257	0.00652	0.04399	0.01021	0.02136	0.00970	0.05540	0.00880	0.05063	0.00553	0.00183	0.02982	0.00408	0.00338	0.05306
1	0.08095	0.06838	0.11935	0.01193	0.01634	0.01375	0.05183	0.30208	0.07304	0.04215	0.01333	0.05442	0.01068	0.00837	0.04900	0.00202	0.00634	0.00518	0.00422	0.06664
2	0.04407	0.16519	0.09663	0.07650	0.01494	0.01116	0.03295	0.05432	0.01268	0.01699	0.10627	0.08273	0.16282	0.00929	0.00587	0.00176	0.02358	0.07223	0.00393	0.00608
3	0.22861	0.01306	0.05557	0.04043	0.01529	0.01365	0.00934	0.29235	0.15818	0.02649	0.04370	0.01694	0.01239	0.00683	0.00507	0.00175	0.00520	0.04280	0.00465	0.00772
4	0.01293	0.05540	0.19464	0.01006	0.01537	0.00927	0.00999	0.01621	0.01215	0.11856	0.05412	0.01384	0.01091	0.00510	0.00461	0.00121	0.00508	0.00408	0.00359	0.44289
5	0.01130	0.00969	0.01130	0.00807	0.01292	0.00727	0.00646	0.01373	0.01130	0.01776	0.00969	0.01130	0.00807	0.00404	0.00404	0.00081	0.00404	0.00323	0.00323	0.84173
6	0.01130	0.00969	0.01130	0.00807	0.01292	0.00727	0.00646	0.01373	0.01130	0.01776	0.00969	0.01130	0.00807	0.00404	0.00404	0.00081	0.00404	0.00323	0.00323	0.84173
7	0.01130	0.00969	0.01130	0.00807	0.01292	0.00727	0.00646	0.01373	0.01130	0.01776	0.00969	0.01130	0.00807	0.00404	0.00404	0.00081	0.00404	0.00323	0.00323	0.84173
8	0.00663	0.00480	0.00627	0.00745	0.00787	0.00444	0.00500	0.00761	0.01057	0.01397	0.03174	0.75418	0.08563	0.01686	0.00692	0.00219	0.00314	0.01523	0.00506	0.00444
9	0.01130	0.00969	0.01130	0.00807	0.01292	0.00727	0.00646	0.01373	0.01130	0.01776	0.00969	0.01130	0.00807	0.00404	0.00404	0.00081	0.00404	0.00323	0.00323	0.84173
10	0.01130	0.00969	0.01130	0.00807	0.01292	0.00727	0.00646	0.01373	0.01130	0.01776	0.00969	0.01130	0.00807	0.00404	0.00404	0.00081	0.00404	0.00323	0.00323	0.84173
11	0.01030	0.00969	0.01635	0.79530	0.03755	0.01211	0.01514	0.01393	0.01090	0.01393	0.00969	0.01453	0.00727	0.00545	0.00545	0.00182	0.00727	0.00484	0.00242	0.00606
12	0.02037	0.02598	0.01545	0.01404	0.01685	0.78652	0.01053	0.02177	0.01545	0.01334	0.00843	0.00983	0.00702	0.00562	0.00492	0.00140	0.00983	0.00351	0.00281	0.00632
13	0.01735	0.01474	0.02141	0.01599	0.02063	0.01552	0.26584	0.43405	0.09075	0.02747	0.01324	0.01433	0.00962	0.00596	0.00580	0.00173	0.00694	0.00555	0.00454	0.00855
14	0.11311	0.09847	0.02008	0.01406	0.01822	0.01386	0.23397	0.07280	0.17101	0.13532	0.01417	0.01492	0.01043	0.00591	0.00583	0.00174	0.03891	0.00527	0.00415	0.00778

[dist]
# distance from previous block
# <min> <max>
14	52

[block]
# block no. 10 follows, 44 sequences, length 80
# corresponding to MSA columns:
# 883-943,946-964
name=unknown_K
#
# <colnr> <probs for GDERKNQSTAVLIFYWHMCP>
#	G	D	E	R	K	N	Q	S	T	A	V	L	I	F	Y	W	H	M	C	P
0	0.17762	0.00765	0.00879	0.00914	0.06176	0.00783	0.00638	0.01352	0.08117	0.04051	0.34247	0.10032	0.10286	0.00983	0.00569	0.00177	0.00345	0.00835	0.00505	0.00584
1	0.00873	0.07891	0.00935	0.00793	0.00938	0.00732	0.00595	0.01157	0.08710	0.03553	0.11385	0.37788	0.12115	0.01591	0.08105	0.00259	0.00454	0.01109	0.00481	0.00536
2	0.01311	0.42974	0.20993	0.08287	0.01924	0.01737	0.05084	0.01761	0.08344	0.01521	0.00989	0.01136	0.00799	0.00512	0.00443	0.00146	0.00653	0.00385	0.00266	0.00735
3	0.01126	0.01125	0.01627	0.72046	0.03557	0.08630	0.01470	0.01468	0.01134	0.01387	0.00957	0.01408	0.00724	0.00547	0.00540	0.00178	0.00751	0.00472	0.00246	0.00608
4	0.01139	0.01124	0.01607	0.59737	0.10010	0.08591	0.01403	0.01452	0.01127	0.01399	0.01013	0.01544	0.00823	0.06046	0.00692	0.00200	0.00731	0.00493	0.00254	0.00613
5	0.01461	0.01256	0.01950	0.02367	0.40907	0.01279	0.08425	0.05831	0.18064	0.07967	0.01400	0.01544	0.01078	0.00561	0.00549	0.00167	0.00600	0.00530	0.00382	0.03683
6	0.01314	0.01131	0.01161	0.01052	0.01320	0.06496	0.00815	0.02431	0.52520	0.04667	0.11048	0.02211	0.01976	0.01091	0.08045	0.00246	0.00548	0.00637	0.00520	0.00771
7	0.07227	0.00928	0.01017	0.00816	0.01137	0.00896	0.00644	0.16851	0.01414	0.07377	0.01381	0.01643	0.01109	0.06840	0.02839	0.00179	0.00452	0.00462	0.21399	0.25391
8	0.01346	0.01101	0.01338	0.01374	0.11542	0.01233	0.00953	0.11089	0.39766	0.03934	0.01788	0.01873	0.01397	0.01399	0.17013	0.00325	0.00698	0.00575	0.00463	0.00793
9	0.01177	0.01119	0.01901	0.44449	0.37686	0.01250	0.01587	0.01522	0.01160	0.01572	0.00995	0.01406	0.00790	0.00518	0.00543	0.00173	0.00690	0.00485	0.00255	0.00724
10	0.00664	0.00474	0.00633	0.00759	0.00791	0.00443	0.00506	0.00759	0.01044	0.01392	0.03005	0.80485	0.03606	0.01708	0.00696	0.00221	0.00316	0.01550	0.00506	0.00443
11	0.00825	0.06109	0.01012	0.00880	0.01003	0.00783	0.00699	0.01019	0.00892	0.01267	0.01412	0.02055	0.01317	0.03840	0.73310	0.00824	0.01400	0.00564	0.00288	0.00501
12	0.01113	0.04984	0.72473	0.01570	0.02355	0.01297	0.05330	0.01725	0.01156	0.01715	0.00978	0.01158	0.00697	0.00514	0.00519	0.00172	0.00805	0.00411	0.00232	0.00799
13	0.01339	0.01486	0.01096	0.01069	0.01246	0.36491	0.00802	0.01502	0.01387	0.01527	0.14299	0.20474	0.04234	0.01050	0.00599	0.00179	0.00635	0.09617	0.00417	0.00549
14	0.00709	0.00555	0.00642	0.00620	0.00776	0.00488	0.00465	0.00907	0.01395	0.01835	0.41853	0.04651	0.40662	0.01246	0.00644	0.00178	0.00267	0.01067	0.00554	0.00488
15	0.01282	0.00982	0.01099	0.00939	0.01203	0.01046	0.00740	0.24098	0.17645	0.02537	0.33353	0.02882	0.08068	0.00914	0.00595	0.00173	0.00400	0.00769	0.00567	0.00710
16	0.01050	0.23095	0.29556	0.01049	0.01528	0.01223	0.01163	0.01398	0.01215	0.01618	0.12608	0.02423	0.16984	0.00784	0.00521	0.00161	0.00554	0.02064	0.00345	0.00660
17	0.01469	0.01265	0.02126	0.17723	0.05005	0.06477	0.31298	0.04387	0.01336	0.13520	0.01289	0.01537	0.00938	0.00542	0.00566	0.00171	0.00729	0.00552	0.08348	0.00721
18	0.01129	0.01066	0.01783	0.53354	0.25462	0.01214	0.01521	0.01475	0.01137	0.01525	0.00986	0.01408	0.00771	0.00521	0.00537	0.00171	0.00688	0.00477	0.00254	0.04520
19	0.01597	0.01292	0.01451	0.01361	0.08778	0.01447	0.00990	0.28035	0.41854	0.02629	0.01778	0.01716	0.01325	0.00683	0.00546	0.00174	0.00507	0.00558	0.02401	0.00877
20	0.00984	0.23652	0.03263	0.00848	0.01065	0.01084	0.00723	0.01174	0.01072	0.01437	0.15201	0.02316	0.04050	0.09642	0.29241	0.00449	0.02311	0.00604	0.00339	0.00547
21	0.01458	0.81168	0.02857	0.00933	0.01399	0.02157	0.00933	0.01632	0.01108	0.01283	0.00758	0.00875	0.00700	0.00466	0.00350	0.00117	0.00583	0.00292	0.00233	0.00700
22	0.01475	0.01118	0.01586	0.04455	0.28673	0.01050	0.01102	0.09833	0.01384	0.12791	0.01294	0.05172	0.01050	0.00567	0.00508	0.00142	0.00528	0.00497	0.00385	0.26391
23	0.01153	0.15697	0.65663	0.01452	0.02202	0.01413	0.01837	0.01711	0.01144	0.01654	0.00942	0.01106	0.00692	0.00509	0.00490	0.00163	0.00769	0.00385	0.00231	0.00788
24	0.00803	0.00578	0.00733	0.00811	0.00883	0.00566	0.00564	0.07938	0.01193	0.01592	0.02840	0.71515	0.03340	0.01603	0.00682	0.00216	0.00347	0.02793	0.00510	0.00490
25	0.00686	0.00518	0.00639	0.00716	0.00809	0.00471	0.00515	0.00820	0.01157	0.01493	0.08823	0.45845	0.25465	0.01551	0.00682	0.00210	0.00318	0.08312	0.00512	0.00459
26	0.01767	0.09471	0.33588	0.01228	0.01811	0.03061	0.01333	0.03667	0.01366	0.35174	0.01476	0.01433	0.00986	0.00586	0.00515	0.00165	0.00634	0.00457	0.00434	0.00847
27	0.00793	0.00529	0.00595	0.00595	0.00595	0.00529	0.00330	0.00793	0.00793	0.01057	0.01718	0.03568	0.01982	0.80840	0.02775	0.00529	0.00529	0.00793	0.00330	0.00330
28	0.00781	0.00576	0.00836	0.00836	0.00919	0.00660	0.00631	0.00948	0.00864	0.01236	0.01497	0.02346	0.01452	0.15074	0.67815	0.00826	0.01327	0.00614	0.00298	0.00464
29	0.01495	0.01634	0.04011	0.01256	0.01440	0.27818	0.01006	0.10149	0.01289	0.01546	0.01024	0.01498	0.00943	0.10274	0.08642	0.00289	0.24292	0.00480	0.00304	0.00613
30	0.00933	0.00638	0.00892	0.01003	0.01139	0.00634	0.00876	0.01183	0.01266	0.04303	0.02861	0.05999	0.03075	0.01477	0.00746	0.00248	0.00501	0.71203	0.00508	0.00517
31	0.00772	0.00557	0.00729	0.00686	0.00814	0.00514	0.00514	0.01029	0.01543	0.02186	0.77152	0.04072	0.05144	0.01115	0.00643	0.00171	0.00257	0.00986	0.00600	0.00514
32	0.01308	0.01253	0.02137	0.13304	0.67809	0.01284	0.01652	0.01637	0.01222	0.01730	0.01018	0.01363	0.00846	0.00494	0.00540	0.00165	0.00658	0.00486	0.00266	0.00830
33	0.01312	0.04135	0.30439	0.01827	0.04504	0.06667	0.30210	0.06763	0.01315	0.01793	0.01064	0.02756	0.00821	0.00542	0.00609	0.00176	0.03507	0.00522	0.00279	0.00760
34	0.00688	0.00494	0.00654	0.00749	0.00803	0.00460	0.00516	0.00816	0.01139	0.01538	0.15973	0.64094	0.05008	0.01594	0.00687	0.00213	0.00310	0.03284	0.00522	0.00457
35	0.01030	0.00969	0.01635	0.79530	0.03755	0.01211	0.01514	0.01393	0.01090	0.01393	0.00969	0.01453	0.00727	0.00545	0.00545	0.00182	0.00727	0.00484	0.00242	0.00606
36	0.11837	0.01207	0.04107	0.01200	0.01615	0.01166	0.09887	0.21258	0.03486	0.28953	0.01667	0.01920	0.01233	0.00695	0.00551	0.00177	0.00563	0.07140	0.00519	0.00820
37	0.01277	0.01254	0.02139	0.31835	0.15214	0.03516	0.21752	0.07845	0.01297	0.01736	0.01047	0.01417	0.00807	0.00541	0.00620	0.00178	0.04195	0.00525	0.02097	0.00709
38	0.00781	0.00575	0.00832	0.00832	0.00915	0.00658	0.00627	0.00945	0.00863	0.01233	0.01500	0.02363	0.01459	0.15997	0.66903	0.00822	0.01316	0.00616	0.00298	0.00462
39	0.01014	0.00907	0.01316	0.21671	0.10531	0.00895	0.02588	0.01264	0.01123	0.01570	0.01729	0.14233	0.08554	0.00771	0.00579	0.00156	0.03287	0.00670	0.00338	0.26804
40	0.01087	0.00999	0.01257	0.01131	0.01197	0.05923	0.00906	0.02625	0.00940	0.01363	0.01112	0.01708	0.01060	0.07419	0.27089	0.00455	0.37492	0.00528	0.05164	0.00545
41	0.05282	0.53974	0.04031	0.01069	0.01485	0.23477	0.00975	0.01785	0.01223	0.01358	0.00786	0.00911	0.00695	0.00496	0.00393	0.00127	0.00693	0.00311	0.00251	0.00678
42	0.01458	0.81168	0.02857	0.00933	0.01399	0.02157	0.00933	0.01632	0.01108	0.01283	0.00758	0.00875	0.00700	0.00466	0.00350	0.00117	0.00583	0.00292	0.00233	0.00700
43	0.01519	0.01664	0.26323	0.03402	0.08683	0.01143	0.09905	0.06082	0.07116	0.20332	0.01499	0.05548	0.01123	0.00630	0.00553	0.00173	0.00645	0.00554	0.00406	0.02698
44	0.04253	0.01090	0.03086	0.03075	0.08880	0.01033	0.07010	0.04843	0.15450	0.15444	0.04933	0.03010	0.06521	0.00673	0.00559	0.00159	0.02137	0.00576	0.00450	0.16817
45	0.01560	0.01323	0.01344	0.01158	0.01496	0.05034	0.00913	0.20314	0.55237	0.02514	0.01937	0.01811	0.01443	0.00711	0.00550	0.00178	0.00498	0.00574	0.00540	0.00868
46	0.02037	0.02598	0.01545	0.01404	0.01685	0.78652	0.01053	0.02177	0.01545	0.01334	0.00843	0.00983	0.00702	0.00562	0.00492	0.00140	0.00983	0.00351	0.00281	0.00632
47	0.00830	0.00601	0.00759	0.00693	0.00864	0.00533	0.00523	0.01069	0.01464	0.03892	0.59605	0.05896	0.11523	0.01081	0.00621	0.00166	0.00279	0.00946	0.00565	0.08091
48	0.84691	0.01054	0.00801	0.00717	0.01054	0.01223	0.00590	0.01603	0.00928	0.02446	0.00759	0.00886	0.00590	0.00506	0.00337	0.00169	0.00422	0.00295	0.00337	0.00590
49	0.01193	0.01193	0.01670	0.01431	0.01431	0.01670	0.01193	0.01312	0.00835	0.01312	0.00716	0.01193	0.00716	0.00954	0.01789	0.00239	0.79843	0.00477	0.00239	0.00596
50	0.00697	0.00554	0.00625	0.00608	0.00769	0.00483	0.00456	0.00884	0.01367	0.01768	0.35150	0.04761	0.47407	0.01271	0.00644	0.00179	0.00268	0.01082	0.00545	0.00483
51	0.00734	0.00556	0.00677	0.00646	0.00791	0.00498	0.00485	0.00956	0.01454	0.01975	0.55961	0.04420	0.26467	0.01193	0.00643	0.00175	0.00263	0.01035	0.00572	0.00498
52	0.02446	0.00928	0.01265	0.00970	0.01392	0.00801	0.00801	0.02657	0.01560	0.77817	0.02151	0.01856	0.01350	0.00675	0.00548	0.00169	0.00464	0.00548	0.00675	0.00928
53	0.02316	0.01110	0.01375	0.01057	0.01481	0.01075	0.00872	0.24295	0.03166	0.54444	0.01902	0.01697	0.01230	0.00670	0.00548	0.00167	0.00504	0.00532	0.00634	0.00926
54	0.01101	0.02611	0.68140	0.01595	0.02352	0.01251	0.08998	0.01704	0.01178	0.01745	0.03661	0.01284	0.00860	0.00533	0.00534	0.00174	0.00797	0.00446	0.00248	0.00789
55	0.00777	0.00528	0.00617	0.00629	0.00642	0.00529	0.00373	0.00802	0.00832	0.01112	0.01900	0.10872	0.03614	0.66393	0.07737	0.00516	0.00567	0.00858	0.00348	0.00354
