[name]
unknown

[dist]
# distance from previous block
# <min> <max>
12	82

[block]
# block no. 0 follows, 49 sequences, length 17
# corresponding to MSA columns:
# 94-110
name=unknown_A
#
# <colnr> <probs for GDERKNQSTAVLIFYWHMCP>
#	G	D	E	R	K	N	Q	S	T	A	V	L	I	F	Y	W	H	M	C	P
0	0.01149	0.01010	0.01533	0.27295	0.02156	0.01149	0.11633	0.14621	0.08273	0.01718	0.01208	0.04930	0.01007	0.02658	0.09595	0.01361	0.06018	0.00538	0.00323	0.01828
1	0.01128	0.00955	0.01068	0.01048	0.05444	0.10340	0.00768	0.11109	0.05583	0.04130	0.03869	0.01790	0.01257	0.04114	0.44437	0.00522	0.01016	0.00517	0.00335	0.00571
2	0.01236	0.00943	0.01110	0.01077	0.06930	0.01024	0.00780	0.08686	0.36795	0.08766	0.06430	0.02218	0.10262	0.01115	0.10067	0.00243	0.00521	0.00618	0.00472	0.00709
3	0.01586	0.01021	0.01158	0.00943	0.01255	0.01068	0.00757	0.31148	0.13579	0.18467	0.07690	0.02068	0.10674	0.00799	0.00607	0.04898	0.00440	0.00591	0.00516	0.00735
4	0.05698	0.01148	0.01548	0.01985	0.39349	0.07953	0.01127	0.05965	0.01302	0.10019	0.14823	0.01690	0.01525	0.00602	0.00540	0.00153	0.02978	0.00519	0.00362	0.00714
5	0.01604	0.00881	0.01258	0.15829	0.01695	0.00874	0.05092	0.09430	0.02628	0.37051	0.01941	0.12126	0.05804	0.00753	0.00536	0.00166	0.00484	0.00650	0.00488	0.00711
6	0.01238	0.01278	0.01737	0.29290	0.35571	0.13384	0.01380	0.01511	0.01119	0.01433	0.00886	0.01221	0.00724	0.00512	0.00581	0.00159	0.06637	0.00430	0.00241	0.00668
7	0.01120	0.01120	0.01774	0.47480	0.25068	0.06379	0.07022	0.01439	0.01093	0.01416	0.00915	0.01293	0.00716	0.00485	0.00508	0.00161	0.00682	0.00452	0.00237	0.00641
8	0.02650	0.01161	0.01501	0.21520	0.11255	0.01292	0.02359	0.37077	0.04833	0.02320	0.05493	0.01533	0.03533	0.00606	0.00512	0.00158	0.00561	0.00502	0.00399	0.00733
9	0.00859	0.00698	0.01080	0.10671	0.11470	0.00691	0.04979	0.01107	0.01275	0.03348	0.43132	0.10948	0.05881	0.00916	0.00576	0.00165	0.00382	0.00830	0.00450	0.00540
10	0.00616	0.00440	0.00587	0.00704	0.00733	0.00411	0.00469	0.00704	0.00968	0.01291	0.02787	0.81899	0.03344	0.01584	0.00645	0.00205	0.00293	0.01438	0.00469	0.00411
11	0.01166	0.00895	0.01307	0.21015	0.18201	0.02128	0.01036	0.08260	0.02286	0.09727	0.01661	0.22202	0.01612	0.00850	0.00552	0.00175	0.00512	0.05407	0.00380	0.00630
12	0.01172	0.01514	0.12155	0.02049	0.02588	0.01266	0.68217	0.01618	0.01178	0.01618	0.01009	0.01329	0.00752	0.00433	0.00583	0.00169	0.00840	0.00570	0.00251	0.00690
13	0.01370	0.68364	0.02511	0.01157	0.10622	0.06233	0.00954	0.01547	0.01065	0.01248	0.00737	0.00869	0.00667	0.00440	0.00353	0.00114	0.00568	0.00295	0.00223	0.00664
14	0.00942	0.01299	0.22226	0.02944	0.15740	0.00896	0.09262	0.01305	0.02464	0.01679	0.21118	0.11647	0.04775	0.00773	0.00551	0.00165	0.00524	0.00705	0.00357	0.00628
15	0.01658	0.17643	0.06077	0.01201	0.05221	0.03026	0.01005	0.45443	0.09655	0.02482	0.01160	0.01190	0.00868	0.00564	0.00468	0.00145	0.00557	0.00423	0.00416	0.00798
16	0.01242	0.01174	0.01979	0.14940	0.59714	0.01214	0.04747	0.05863	0.01202	0.01683	0.00961	0.01269	0.00783	0.00467	0.00506	0.00154	0.00620	0.00457	0.00261	0.00762

[dist]
# distance from previous block
# <min> <max>
7	16

[block]
# block no. 1 follows, 49 sequences, length 28
# corresponding to MSA columns:
# 128-155
name=unknown_B
#
# <colnr> <probs for GDERKNQSTAVLIFYWHMCP>
#	G	D	E	R	K	N	Q	S	T	A	V	L	I	F	Y	W	H	M	C	P
0	0.01760	0.01179	0.01313	0.01061	0.01420	0.01278	0.00862	0.36606	0.26165	0.18579	0.01674	0.01628	0.01201	0.00653	0.00513	0.00161	0.00479	0.02104	0.00533	0.00833
1	0.08366	0.32666	0.01973	0.04297	0.22851	0.10802	0.01038	0.05315	0.01164	0.01552	0.00863	0.01041	0.00728	0.00470	0.00405	0.00131	0.00578	0.00353	0.04733	0.00673
2	0.01507	0.01130	0.01199	0.04912	0.01425	0.09078	0.00781	0.08759	0.16681	0.18151	0.01377	0.01373	0.01009	0.00532	0.00457	0.00129	0.00478	0.00422	0.00422	0.30177
3	0.05083	0.03842	0.01509	0.01419	0.11372	0.10209	0.01027	0.13900	0.11410	0.01751	0.01021	0.01274	0.00861	0.03335	0.00966	0.00186	0.29401	0.00446	0.00321	0.00666
4	0.01322	0.28406	0.13383	0.01741	0.25542	0.05353	0.05673	0.01656	0.04232	0.05442	0.02196	0.01158	0.00834	0.00479	0.00445	0.00139	0.00610	0.00397	0.00269	0.00723
5	0.01294	0.01354	0.06734	0.12899	0.04328	0.13556	0.06247	0.01780	0.17182	0.06329	0.01230	0.04754	0.01007	0.00673	0.00762	0.00174	0.18212	0.00505	0.00327	0.00654
6	0.00985	0.00930	0.01572	0.73039	0.11220	0.01131	0.01419	0.01319	0.01025	0.01329	0.00904	0.01338	0.00687	0.00500	0.00505	0.00167	0.00667	0.00450	0.00227	0.00586
7	0.00689	0.00510	0.00642	0.00621	0.00742	0.00464	0.00461	0.00897	0.01350	0.01862	0.60805	0.09841	0.17011	0.01116	0.00600	0.00164	0.00246	0.00979	0.00536	0.00464
8	0.00722	0.00542	0.00813	0.00813	0.00903	0.00632	0.00632	0.00903	0.00813	0.01174	0.01354	0.01987	0.01264	0.03792	0.80225	0.00813	0.01354	0.00542	0.00271	0.00451
9	0.04520	0.00578	0.00735	0.00665	0.00827	0.00538	0.00510	0.01172	0.01398	0.11688	0.63611	0.03339	0.04049	0.00946	0.00566	0.00157	0.00269	0.00823	0.03082	0.00528
10	0.00878	0.00439	0.00659	0.00659	0.00659	0.00439	0.00439	0.00659	0.00659	0.00878	0.00878	0.01537	0.00878	0.01757	0.01976	0.85288	0.00439	0.00439	0.00220	0.00220
11	0.85801	0.00978	0.00743	0.00665	0.00978	0.01134	0.00548	0.01486	0.00861	0.02269	0.00704	0.00821	0.00548	0.00469	0.00313	0.00156	0.00391	0.00274	0.00313	0.00548
12	0.00723	0.00535	0.00753	0.00764	0.00825	0.00527	0.04666	0.00824	0.00906	0.01214	0.02122	0.33157	0.02426	0.30544	0.08487	0.00363	0.00510	0.09873	0.00381	0.00398
13	0.01678	0.01159	0.02156	0.01570	0.02025	0.01073	0.41469	0.06082	0.01363	0.33874	0.01435	0.01504	0.00973	0.00519	0.00555	0.00164	0.00662	0.00553	0.00422	0.00765
14	0.01318	0.10364	0.51319	0.01308	0.01937	0.01176	0.05656	0.01772	0.01149	0.17655	0.01118	0.01193	0.00775	0.00503	0.00477	0.00155	0.00666	0.00403	0.00301	0.00757
15	0.01258	0.01086	0.01143	0.01029	0.01315	0.01258	0.00800	0.02687	0.78161	0.02115	0.02058	0.01887	0.01544	0.00686	0.00515	0.00172	0.00400	0.00572	0.00515	0.00800
16	0.85801	0.00978	0.00743	0.00665	0.00978	0.01134	0.00548	0.01486	0.00861	0.02269	0.00704	0.00821	0.00548	0.00469	0.00313	0.00156	0.00391	0.00274	0.00313	0.00548
17	0.02269	0.00861	0.01174	0.00900	0.01291	0.00743	0.00743	0.02464	0.01447	0.79425	0.01995	0.01721	0.01252	0.00626	0.00509	0.00156	0.00430	0.00509	0.00626	0.00861
18	0.00616	0.00440	0.00587	0.00704	0.00733	0.00411	0.00469	0.00704	0.00968	0.01291	0.02787	0.81899	0.03344	0.01584	0.00645	0.00205	0.00293	0.01438	0.00469	0.00411
19	0.85801	0.00978	0.00743	0.00665	0.00978	0.01134	0.00548	0.01486	0.00861	0.02269	0.00704	0.00821	0.00548	0.00469	0.00313	0.00156	0.00391	0.00274	0.00313	0.00548
20	0.00723	0.00584	0.00666	0.00725	0.00821	0.03849	0.00532	0.00897	0.03410	0.01441	0.11743	0.42568	0.17509	0.01368	0.00626	0.00193	0.00332	0.11093	0.00471	0.00448
21	0.01330	0.01235	0.02181	0.01622	0.02026	0.05438	0.45253	0.09458	0.01320	0.09666	0.01466	0.08179	0.04374	0.03268	0.00639	0.00178	0.00699	0.00652	0.00348	0.00668
22	0.01280	0.05610	0.05196	0.01235	0.09418	0.01248	0.00922	0.05186	0.53494	0.04519	0.01908	0.01817	0.04612	0.00658	0.00504	0.00164	0.00447	0.00547	0.00457	0.00778
23	0.01827	0.08626	0.01563	0.01181	0.01530	0.29763	0.00950	0.40010	0.05927	0.02263	0.01060	0.01107	0.00803	0.00566	0.00473	0.00141	0.00674	0.00399	0.00394	0.00741
24	0.00672	0.00507	0.00641	0.02722	0.00806	0.00467	0.00479	0.00852	0.01246	0.01684	0.42125	0.23246	0.20274	0.01209	0.00606	0.00173	0.00267	0.01064	0.00508	0.00452
25	0.01270	0.05574	0.01935	0.07289	0.62290	0.01177	0.01405	0.01531	0.01124	0.05421	0.00982	0.01272	0.00812	0.00532	0.00572	0.04771	0.00585	0.00443	0.00264	0.00750
26	0.01168	0.05551	0.01922	0.02557	0.58769	0.01136	0.05459	0.01450	0.01166	0.01646	0.09001	0.05492	0.01323	0.00564	0.00513	0.00153	0.00559	0.00545	0.00291	0.00734
27	0.01723	0.01083	0.01749	0.01329	0.01672	0.01109	0.20838	0.07436	0.01310	0.37403	0.01409	0.01464	0.00975	0.00626	0.00769	0.00173	0.17229	0.00514	0.00437	0.00750

[dist]
# distance from previous block
# <min> <max>
0	2

[block]
# block no. 2 follows, 49 sequences, length 36
# corresponding to MSA columns:
# 158-174,176-194
name=unknown_C
#
# <colnr> <probs for GDERKNQSTAVLIFYWHMCP>
#	G	D	E	R	K	N	Q	S	T	A	V	L	I	F	Y	W	H	M	C	P
0	0.10994	0.00832	0.01180	0.32891	0.09262	0.00928	0.00976	0.01356	0.04972	0.05492	0.17135	0.02076	0.07167	0.00675	0.00505	0.00162	0.00483	0.00577	0.01757	0.00581
1	0.00847	0.00702	0.00999	0.00919	0.01037	0.00814	0.04478	0.01157	0.09955	0.01299	0.01536	0.02119	0.04668	0.11458	0.46188	0.00576	0.09862	0.00581	0.00306	0.00498
2	0.01234	0.00986	0.01072	0.00984	0.01246	0.01116	0.00777	0.02409	0.61876	0.05419	0.02108	0.02329	0.01680	0.00762	0.00528	0.00175	0.00401	0.09420	0.04729	0.00747
3	0.01326	0.29029	0.24270	0.05190	0.05112	0.01470	0.02230	0.08300	0.10286	0.06635	0.01073	0.01158	0.00818	0.00508	0.00440	0.00143	0.00591	0.00388	0.00304	0.00730
4	0.00732	0.00532	0.00669	0.00699	0.00797	0.00513	0.00538	0.00889	0.01097	0.01448	0.18322	0.04401	0.16755	0.20477	0.05246	0.00297	0.00433	0.25293	0.00437	0.00423
5	0.00764	0.00597	0.00818	0.00912	0.09982	0.00556	0.00592	0.00996	0.01363	0.01900	0.60346	0.03617	0.13636	0.00996	0.00585	0.00159	0.00283	0.00879	0.00510	0.00509
6	0.01134	0.01202	0.02077	0.14514	0.02174	0.03374	0.29608	0.01400	0.00986	0.01380	0.00839	0.01237	0.00704	0.00643	0.01045	0.00191	0.36153	0.00498	0.00236	0.00604
7	0.01087	0.01076	0.01407	0.01222	0.01236	0.04845	0.00994	0.01187	0.00800	0.01189	0.00796	0.01380	0.00817	0.10536	0.03707	0.00264	0.66224	0.00474	0.00234	0.00523
8	0.01049	0.00899	0.01049	0.00749	0.01198	0.00674	0.00599	0.01273	0.01049	0.01648	0.00899	0.01049	0.00749	0.00374	0.00374	0.00075	0.00374	0.00300	0.00300	0.85320
9	0.01514	0.01227	0.01395	0.01326	0.10583	0.01371	0.00951	0.31438	0.39776	0.02475	0.01601	0.01552	0.01192	0.00628	0.00510	0.00161	0.00484	0.00512	0.00480	0.00823
10	0.00955	0.00899	0.01517	0.81013	0.03483	0.01123	0.01404	0.01292	0.01011	0.01292	0.00899	0.01348	0.00674	0.00506	0.00506	0.00169	0.00674	0.00449	0.00225	0.00562
11	0.00727	0.00537	0.00716	0.00801	0.00861	0.00544	0.00595	0.03271	0.01048	0.01398	0.02606	0.58066	0.03033	0.01476	0.00704	0.00211	0.04393	0.18112	0.00457	0.00445
12	0.01422	0.01395	0.02105	0.01556	0.02000	0.08823	0.36330	0.20726	0.03480	0.01995	0.01055	0.01245	0.00797	0.00479	0.00522	0.00146	0.00695	0.00486	0.00333	0.14409
13	0.00735	0.00490	0.00552	0.00552	0.00552	0.00490	0.00306	0.00735	0.00735	0.00980	0.01593	0.03309	0.01838	0.82229	0.02574	0.00490	0.00490	0.00735	0.00306	0.00306
14	0.18168	0.01141	0.01251	0.00977	0.01360	0.01202	0.00807	0.37089	0.01767	0.29168	0.01384	0.01313	0.00934	0.00587	0.00470	0.00154	0.00481	0.00439	0.00510	0.00800
15	0.01183	0.05824	0.39536	0.01212	0.01694	0.18460	0.01305	0.01640	0.06074	0.01612	0.15104	0.01566	0.01451	0.00601	0.00491	0.00152	0.00659	0.00469	0.00305	0.00662
16	0.15694	0.01730	0.01363	0.14153	0.05634	0.40745	0.00995	0.08711	0.01342	0.03932	0.00872	0.01036	0.00682	0.00517	0.00449	0.00145	0.00724	0.00361	0.00296	0.00620
17	0.01292	0.01410	0.01321	0.11745	0.01587	0.28558	0.03181	0.01523	0.06257	0.01266	0.01025	0.01531	0.00943	0.13982	0.05046	0.00251	0.17800	0.00468	0.00272	0.00541
18	0.01237	0.20713	0.43235	0.01220	0.01799	0.01401	0.01397	0.08837	0.10408	0.03620	0.01053	0.01136	0.00786	0.00509	0.00452	0.00149	0.00633	0.00384	0.00288	0.00744
19	0.00674	0.00513	0.00599	0.00577	0.00718	0.00456	0.00433	0.00865	0.01299	0.01741	0.44579	0.04172	0.36211	0.01123	0.00588	0.00163	0.00246	0.00963	0.03626	0.00456
20	0.01058	0.00806	0.00937	0.02903	0.02140	0.00857	0.00673	0.08189	0.27364	0.05517	0.14744	0.20404	0.09343	0.00990	0.00566	0.00175	0.00363	0.01848	0.00500	0.00625
21	0.01365	0.80541	0.02620	0.00876	0.01304	0.03945	0.00868	0.01527	0.01038	0.01191	0.00705	0.00814	0.00649	0.00435	0.00328	0.00109	0.00550	0.00272	0.00217	0.00647
22	0.00909	0.00565	0.00709	0.00645	0.00815	0.00503	0.00494	0.01116	0.01370	0.12855	0.51003	0.03736	0.21275	0.01033	0.00584	0.00161	0.00270	0.00892	0.00546	0.00520
23	0.07668	0.00931	0.01136	0.00920	0.01276	0.00913	0.00746	0.02460	0.22708	0.52712	0.01925	0.01706	0.01285	0.00632	0.00497	0.00161	0.00419	0.00510	0.00574	0.00823
24	0.02126	0.00894	0.01162	0.00904	0.01278	0.00817	0.00743	0.07990	0.05372	0.65964	0.01923	0.01700	0.01240	0.00626	0.00501	0.00155	0.00428	0.00506	0.04834	0.00838
25	0.85801	0.00978	0.00743	0.00665	0.00978	0.01134	0.00548	0.01486	0.00861	0.02269	0.00704	0.00821	0.00548	0.00469	0.00313	0.00156	0.00391	0.00274	0.00313	0.00548
26	0.00722	0.00542	0.00813	0.00813	0.00903	0.00632	0.00632	0.00903	0.00813	0.01174	0.01354	0.01987	0.01264	0.03792	0.80225	0.00813	0.01354	0.00542	0.00271	0.00451
27	0.85801	0.00978	0.00743	0.00665	0.00978	0.01134	0.00548	0.01486	0.00861	0.02269	0.00704	0.00821	0.00548	0.00469	0.00313	0.00156	0.00391	0.00274	0.00313	0.00548
28	0.00730	0.00488	0.00553	0.00559	0.00560	0.00487	0.00314	0.00734	0.00746	0.00995	0.01649	0.06979	0.01909	0.78463	0.02484	0.00477	0.00481	0.00768	0.00314	0.00311
29	0.01608	0.01260	0.01341	0.01100	0.01448	0.01421	0.00885	0.42074	0.38204	0.02680	0.01613	0.01532	0.01183	0.00644	0.00510	0.00161	0.00483	0.00510	0.00510	0.00832
30	0.01372	0.00679	0.00883	0.00762	0.00995	0.00612	0.00594	0.04327	0.01381	0.33638	0.26762	0.14166	0.09791	0.00953	0.00564	0.00165	0.00338	0.00820	0.00563	0.00634
31	0.00729	0.00515	0.00676	0.00676	0.00719	0.00558	0.00461	0.00815	0.00772	0.01073	0.01480	0.02680	0.01565	0.44896	0.39533	0.00644	0.00902	0.00643	0.00289	0.00375
32	0.01979	0.00837	0.01109	0.00877	0.01219	0.00751	0.00713	0.07293	0.01485	0.61185	0.11059	0.05941	0.01746	0.00721	0.00526	0.00159	0.00409	0.00599	0.00602	0.00793
33	0.00852	0.00611	0.00745	0.00688	0.00850	0.00591	0.00523	0.01238	0.11886	0.05771	0.55847	0.03546	0.12895	0.00995	0.00581	0.00162	0.00272	0.00866	0.00544	0.00534
34	0.01329	0.05794	0.12268	0.08749	0.34760	0.13342	0.10432	0.01648	0.01181	0.04384	0.00949	0.01191	0.00751	0.00472	0.00494	0.00150	0.00694	0.00431	0.00258	0.00721
35	0.01100	0.04394	0.05281	0.36160	0.06112	0.01032	0.01084	0.04966	0.04826	0.03504	0.01056	0.01318	0.00812	0.00494	0.00456	0.00139	0.00542	0.00416	0.07572	0.18736

[dist]
# distance from previous block
# <min> <max>
1	8

[block]
# block no. 3 follows, 49 sequences, length 23
# corresponding to MSA columns:
# 203-225
name=unknown_D
#
# <colnr> <probs for GDERKNQSTAVLIFYWHMCP>
#	G	D	E	R	K	N	Q	S	T	A	V	L	I	F	Y	W	H	M	C	P
0	0.05475	0.47016	0.02159	0.03162	0.12399	0.12060	0.00977	0.01638	0.03843	0.03441	0.00835	0.00972	0.00715	0.00478	0.00423	0.00128	0.03032	0.00330	0.00254	0.00663
1	0.63116	0.04105	0.10698	0.00792	0.01143	0.03863	0.00733	0.01472	0.00906	0.02025	0.00788	0.00988	0.00639	0.03592	0.03279	0.00190	0.00497	0.00315	0.00293	0.00565
2	0.01076	0.01539	0.30144	0.01435	0.10564	0.01014	0.09761	0.01592	0.09968	0.05021	0.04169	0.03014	0.05911	0.00834	0.06286	0.00207	0.00645	0.00533	0.05601	0.00684
3	0.01326	0.01279	0.07792	0.01172	0.01546	0.01267	0.08159	0.14452	0.47519	0.02170	0.01657	0.01609	0.01236	0.00612	0.00509	0.00161	0.00495	0.00522	0.00451	0.06066
4	0.00625	0.00447	0.00594	0.00698	0.00735	0.00416	0.00470	0.00726	0.01008	0.01354	0.09295	0.75211	0.03467	0.01537	0.00641	0.00201	0.00289	0.01393	0.00477	0.00416
5	0.00780	0.00481	0.00611	0.00615	0.00625	0.00488	0.00386	0.00734	0.00731	0.00980	0.01393	0.02750	0.01539	0.49543	0.07960	0.26281	0.00537	0.02987	0.00282	0.00296
6	0.85801	0.00978	0.00743	0.00665	0.00978	0.01134	0.00548	0.01486	0.00861	0.02269	0.00704	0.00821	0.00548	0.00469	0.00313	0.00156	0.00391	0.00274	0.00313	0.00548
7	0.01532	0.01176	0.01254	0.01046	0.01372	0.01321	0.00836	0.32589	0.41026	0.04557	0.01693	0.01612	0.01246	0.00647	0.00501	0.00160	0.00454	0.00517	0.05657	0.00806
8	0.85801	0.00978	0.00743	0.00665	0.00978	0.01134	0.00548	0.01486	0.00861	0.02269	0.00704	0.00821	0.00548	0.00469	0.00313	0.00156	0.00391	0.00274	0.00313	0.00548
9	0.00608	0.00470	0.00556	0.00624	0.00712	0.00418	0.00434	0.00713	0.01045	0.01322	0.03766	0.49606	0.35005	0.01457	0.00625	0.00191	0.00278	0.01282	0.00469	0.00418
10	0.01889	0.02410	0.01433	0.01303	0.01563	0.80199	0.00977	0.02019	0.01433	0.01238	0.00782	0.00912	0.00651	0.00521	0.00456	0.00130	0.00912	0.00326	0.00261	0.00586
11	0.01258	0.01086	0.01143	0.01029	0.01315	0.01258	0.00800	0.02687	0.78161	0.02115	0.02058	0.01887	0.01544	0.00686	0.00515	0.00172	0.00400	0.00572	0.00515	0.00800
12	0.01352	0.82533	0.02650	0.00865	0.01298	0.02001	0.00865	0.01514	0.01027	0.01190	0.00703	0.00811	0.00649	0.00433	0.00324	0.00108	0.00541	0.00270	0.00216	0.00649
13	0.20399	0.01215	0.01253	0.00989	0.01354	0.01336	0.00814	0.49689	0.01884	0.09255	0.01194	0.01211	0.00851	0.00577	0.00454	0.00151	0.00490	0.00421	0.05697	0.00767
14	0.01194	0.01364	0.02984	0.02131	0.02643	0.01279	0.77238	0.01620	0.01194	0.01620	0.01023	0.01364	0.00767	0.00426	0.00597	0.00171	0.00853	0.00597	0.00256	0.00682
15	0.00618	0.00460	0.00577	0.00660	0.00724	0.00418	0.00452	0.00724	0.01035	0.01352	0.07973	0.60977	0.19212	0.01487	0.00632	0.00195	0.00282	0.01328	0.00475	0.00418
16	0.85801	0.00978	0.00743	0.00665	0.00978	0.01134	0.00548	0.01486	0.00861	0.02269	0.00704	0.00821	0.00548	0.00469	0.00313	0.00156	0.00391	0.00274	0.00313	0.00548
17	0.00713	0.00499	0.00626	0.00640	0.00674	0.00518	0.00418	0.00777	0.00798	0.01083	0.01787	0.12383	0.04415	0.48365	0.23610	0.00534	0.00696	0.00777	0.00322	0.00363
18	0.01172	0.01299	0.02622	0.01929	0.02311	0.01347	0.58040	0.01518	0.01088	0.01518	0.00932	0.01299	0.00741	0.00542	0.00865	0.00183	0.21139	0.00558	0.00247	0.00650
19	0.00989	0.00863	0.01371	0.01887	0.40252	0.00846	0.01025	0.01253	0.01267	0.01800	0.35642	0.02548	0.02650	0.02586	0.00596	0.00164	0.00433	0.02797	0.00394	0.00636
20	0.01341	0.00974	0.01501	0.07288	0.31716	0.01024	0.01113	0.01605	0.03972	0.18693	0.01457	0.13503	0.01284	0.00730	0.00679	0.00171	0.11256	0.00615	0.00370	0.00706
21	0.49044	0.02806	0.01012	0.09397	0.03631	0.05439	0.00711	0.01451	0.00962	0.01928	0.00779	0.00945	0.00621	0.00454	0.00361	0.00137	0.00456	0.00306	0.00294	0.19266
22	0.45926	0.02650	0.01072	0.07073	0.01355	0.18138	0.00765	0.05449	0.04218	0.01941	0.03112	0.01044	0.00767	0.00533	0.00445	0.00154	0.04116	0.00346	0.00314	0.00583

[dist]
# distance from previous block
# <min> <max>
4	10

[block]
# block no. 4 follows, 49 sequences, length 17
# corresponding to MSA columns:
# 236-252
name=unknown_E
#
# <colnr> <probs for GDERKNQSTAVLIFYWHMCP>
#	G	D	E	R	K	N	Q	S	T	A	V	L	I	F	Y	W	H	M	C	P
0	0.01344	0.01425	0.01260	0.01131	0.07877	0.27061	0.00805	0.01544	0.01185	0.01512	0.00864	0.01020	0.00721	0.00429	0.00412	0.00100	0.00572	0.00321	0.00283	0.50135
1	0.00648	0.00464	0.00593	0.00683	0.00726	0.00437	0.00464	0.00737	0.00963	0.01267	0.02791	0.58013	0.09279	0.13636	0.00935	0.00247	0.00333	0.06939	0.00445	0.00401
2	0.01131	0.35654	0.41481	0.01139	0.01707	0.01463	0.01343	0.01515	0.01079	0.01464	0.06896	0.01172	0.00966	0.00504	0.00425	0.00138	0.00622	0.00373	0.00241	0.00685
3	0.00658	0.00480	0.00621	0.00670	0.00749	0.00443	0.00477	0.00810	0.01161	0.01574	0.30587	0.43363	0.10974	0.01349	0.00625	0.00186	0.00277	0.04056	0.00501	0.00438
4	0.00633	0.00484	0.00586	0.00659	0.00752	0.00437	0.00478	0.00753	0.01060	0.01345	0.03650	0.44049	0.31609	0.01448	0.00634	0.00196	0.00300	0.10037	0.00469	0.00423
5	0.00599	0.00508	0.00517	0.00525	0.00686	0.00426	0.00390	0.00724	0.01141	0.01361	0.04971	0.09856	0.73977	0.01300	0.00601	0.00173	0.00259	0.01091	0.00470	0.00426
6	0.00741	0.00569	0.00848	0.00837	0.00923	0.00676	0.00655	0.00918	0.00811	0.01176	0.01321	0.01945	0.01236	0.03654	0.76474	0.00784	0.05171	0.00537	0.00269	0.00456
7	0.01049	0.00899	0.01049	0.00749	0.01198	0.00674	0.00599	0.01273	0.01049	0.01648	0.00899	0.01049	0.00749	0.00374	0.00374	0.00075	0.00374	0.00300	0.00300	0.85320
8	0.01872	0.00966	0.01174	0.00958	0.01310	0.00968	0.00773	0.05159	0.30679	0.47343	0.01992	0.01766	0.01349	0.00648	0.00511	0.00162	0.00423	0.00531	0.00579	0.00838
9	0.01506	0.00884	0.01095	0.00805	0.01233	0.00700	0.00653	0.01720	0.01198	0.30800	0.01310	0.01301	0.00937	0.00469	0.00425	0.00105	0.00395	0.00378	0.00422	0.53663
10	0.00608	0.00513	0.00526	0.00523	0.00689	0.00431	0.00392	0.00745	0.01176	0.01423	0.11414	0.04773	0.72543	0.01260	0.00598	0.00170	0.00255	0.01054	0.00477	0.00431
11	0.01275	0.29768	0.13834	0.06721	0.16636	0.09974	0.04988	0.01606	0.04500	0.01414	0.00906	0.01105	0.00750	0.00609	0.03767	0.00166	0.00676	0.00379	0.00245	0.00681
12	0.00625	0.00444	0.00584	0.00692	0.00719	0.00417	0.00457	0.00707	0.00950	0.01267	0.02694	0.75771	0.03227	0.07872	0.00796	0.00228	0.00309	0.01383	0.00457	0.00403
13	0.01380	0.01027	0.01185	0.02778	0.01354	0.00939	0.00730	0.18708	0.07400	0.09647	0.01168	0.01224	0.00884	0.00479	0.00431	0.00110	0.00430	0.00380	0.00393	0.49353
14	0.04661	0.01013	0.01429	0.34506	0.12955	0.01138	0.01136	0.13935	0.07900	0.06378	0.04570	0.01474	0.01025	0.00558	0.00494	0.00158	0.00556	0.00475	0.02755	0.02883
15	0.00980	0.00846	0.08337	0.06365	0.06281	0.00691	0.00779	0.04249	0.01289	0.09954	0.30316	0.15243	0.10722	0.00959	0.00568	0.00167	0.00383	0.00838	0.00464	0.00570
16	0.03746	0.01683	0.25863	0.01568	0.10034	0.04696	0.14261	0.12911	0.04405	0.07370	0.01108	0.01320	0.00840	0.03938	0.00639	0.00175	0.03931	0.00462	0.00319	0.00730

[dist]
# distance from previous block
# <min> <max>
0	17

[block]
# block no. 5 follows, 49 sequences, length 54
# corresponding to MSA columns:
# 270-323
name=unknown_F
#
# <colnr> <probs for GDERKNQSTAVLIFYWHMCP>
#	G	D	E	R	K	N	Q	S	T	A	V	L	I	F	Y	W	H	M	C	P
0	0.02602	0.39275	0.06954	0.05248	0.11090	0.09146	0.02902	0.06973	0.01211	0.04352	0.03119	0.01186	0.02956	0.00510	0.00419	0.00132	0.00590	0.00383	0.00279	0.00675
1	0.00951	0.00765	0.01144	0.03059	0.02989	0.00793	0.08495	0.07930	0.01257	0.01684	0.09761	0.11915	0.02515	0.01141	0.00699	0.00205	0.04905	0.38827	0.00434	0.00533
2	0.01132	0.01367	0.10423	0.16634	0.11397	0.06642	0.31693	0.01496	0.01150	0.01514	0.01202	0.03375	0.02196	0.00575	0.00556	0.00170	0.00729	0.06832	0.00271	0.00646
3	0.00718	0.00524	0.00621	0.00596	0.00743	0.00463	0.00447	0.00902	0.01294	0.04556	0.41413	0.07319	0.36270	0.01147	0.00596	0.00166	0.00255	0.00986	0.00518	0.00467
4	0.01001	0.00870	0.01391	0.22381	0.29621	0.00909	0.01105	0.01280	0.01204	0.03582	0.24035	0.02257	0.06884	0.00693	0.00536	0.00159	0.00488	0.00627	0.00357	0.00622
5	0.01355	0.01131	0.01666	0.10513	0.19418	0.02265	0.13095	0.23751	0.01489	0.02098	0.01168	0.01388	0.00893	0.00527	0.00489	0.00149	0.00569	0.00477	0.16854	0.00706
6	0.00743	0.00542	0.00715	0.00747	0.00869	0.00515	0.00608	0.00965	0.01283	0.01731	0.38008	0.05891	0.11883	0.01220	0.00640	0.00192	0.00336	0.32137	0.00508	0.00466
7	0.02073	0.01124	0.01330	0.01025	0.01419	0.01140	0.00845	0.36807	0.04691	0.41648	0.01639	0.01495	0.01083	0.00619	0.00508	0.00155	0.00487	0.00486	0.00567	0.00858
8	0.02190	0.00850	0.01142	0.00881	0.01258	0.00744	0.00726	0.03799	0.01444	0.73751	0.01961	0.01721	0.01247	0.00624	0.00500	0.00154	0.00422	0.00505	0.05243	0.00839
9	0.85801	0.00978	0.00743	0.00665	0.00978	0.01134	0.00548	0.01486	0.00861	0.02269	0.00704	0.00821	0.00548	0.00469	0.00313	0.00156	0.00391	0.00274	0.00313	0.00548
10	0.00955	0.00899	0.01517	0.81013	0.03483	0.01123	0.01404	0.01292	0.01011	0.01292	0.00899	0.01348	0.00674	0.00506	0.00506	0.00169	0.00674	0.00449	0.00225	0.00562
11	0.02269	0.00861	0.01174	0.00900	0.01291	0.00743	0.00743	0.02464	0.01447	0.79425	0.01995	0.01721	0.01252	0.00626	0.00509	0.00156	0.00430	0.00509	0.00626	0.00861
12	0.01106	0.01106	0.01549	0.01328	0.01328	0.01549	0.01106	0.01217	0.00774	0.01217	0.00664	0.01106	0.00664	0.00885	0.01659	0.00221	0.81303	0.00443	0.00221	0.00553
13	0.00949	0.00721	0.00902	0.00851	0.01005	0.00739	0.03098	0.14765	0.08580	0.01859	0.16637	0.42569	0.02911	0.01183	0.00597	0.00183	0.00359	0.01054	0.00490	0.00550
14	0.00667	0.00486	0.00615	0.00642	0.00725	0.00448	0.00452	0.00820	0.01178	0.01605	0.36708	0.32999	0.12451	0.06928	0.00753	0.00201	0.00279	0.01114	0.00497	0.00435
15	0.01423	0.00672	0.00897	0.00757	0.00999	0.00595	0.00597	0.01632	0.01410	0.37628	0.37924	0.06469	0.05084	0.00878	0.00558	0.00160	0.00330	0.00756	0.00582	0.00649
16	0.00679	0.00479	0.00617	0.00668	0.00747	0.00439	0.00468	0.00816	0.01129	0.03266	0.24203	0.49746	0.12114	0.01375	0.00623	0.00188	0.00277	0.01230	0.00497	0.00441
17	0.06271	0.01075	0.01150	0.01001	0.01310	0.01208	0.00790	0.07798	0.58837	0.11889	0.01914	0.01758	0.01402	0.00661	0.00502	0.00167	0.00414	0.00539	0.00516	0.00798
18	0.01256	0.12400	0.22150	0.12464	0.09296	0.09656	0.17143	0.01615	0.01134	0.04604	0.00931	0.01161	0.00714	0.00485	0.00521	0.00154	0.02958	0.00426	0.00249	0.00683
19	0.03782	0.24701	0.03915	0.01122	0.01466	0.42523	0.00937	0.05610	0.01343	0.08941	0.00900	0.00979	0.00716	0.00508	0.00424	0.00129	0.00726	0.00334	0.00296	0.00648
20	0.85801	0.00978	0.00743	0.00665	0.00978	0.01134	0.00548	0.01486	0.00861	0.02269	0.00704	0.00821	0.00548	0.00469	0.00313	0.00156	0.00391	0.00274	0.00313	0.00548
21	0.01311	0.03272	0.04746	0.00960	0.01263	0.01090	0.00794	0.06903	0.43360	0.11865	0.09363	0.02169	0.08074	0.00742	0.00537	0.00166	0.01531	0.00610	0.00502	0.00740
22	0.00666	0.00510	0.00611	0.00596	0.00728	0.00454	0.00443	0.00854	0.01299	0.01738	0.46926	0.09617	0.31402	0.01161	0.00600	0.00166	0.00249	0.01006	0.00519	0.00454
23	0.00730	0.00516	0.00641	0.00650	0.00670	0.00545	0.00418	0.00778	0.00785	0.01069	0.01694	0.14782	0.01920	0.53594	0.15375	0.00491	0.03867	0.00796	0.00321	0.00357
24	0.01606	0.00992	0.01145	0.00974	0.01287	0.01051	0.00771	0.08463	0.40913	0.28134	0.02020	0.07355	0.01516	0.00722	0.00521	0.00167	0.00415	0.00601	0.00548	0.00798
25	0.00712	0.00506	0.00672	0.00770	0.00834	0.00491	0.00584	0.00847	0.01020	0.01340	0.02641	0.38352	0.04971	0.12582	0.00930	0.00255	0.00389	0.31240	0.00445	0.00419
26	0.85801	0.00978	0.00743	0.00665	0.00978	0.01134	0.00548	0.01486	0.00861	0.02269	0.00704	0.00821	0.00548	0.00469	0.00313	0.00156	0.00391	0.00274	0.00313	0.00548
27	0.01877	0.02319	0.01441	0.01294	0.01559	0.73486	0.00978	0.07029	0.01484	0.01367	0.00808	0.00936	0.00665	0.00534	0.00482	0.00133	0.02391	0.00337	0.00276	0.00604
28	0.01889	0.02410	0.01433	0.01303	0.01563	0.80199	0.00977	0.02019	0.01433	0.01238	0.00782	0.00912	0.00651	0.00521	0.00456	0.00130	0.00912	0.00326	0.00261	0.00586
29	0.02035	0.01132	0.01331	0.01025	0.01413	0.01155	0.00845	0.40656	0.01922	0.37666	0.04416	0.01538	0.01181	0.00631	0.00510	0.00154	0.00488	0.00496	0.00562	0.00846
30	0.00723	0.00538	0.00794	0.00794	0.00878	0.00622	0.00609	0.00891	0.00807	0.01160	0.01371	0.02079	0.01304	0.09261	0.74811	0.00790	0.01294	0.00555	0.00273	0.00441
31	0.85801	0.00978	0.00743	0.00665	0.00978	0.01134	0.00548	0.01486	0.00861	0.02269	0.00704	0.00821	0.00548	0.00469	0.00313	0.00156	0.00391	0.00274	0.00313	0.00548
32	0.01194	0.01364	0.02984	0.02131	0.02643	0.01279	0.77238	0.01620	0.01194	0.01620	0.01023	0.01364	0.00767	0.00426	0.00597	0.00171	0.00853	0.00597	0.00256	0.00682
33	0.00928	0.00470	0.00477	0.00482	0.00596	0.00469	0.00359	0.01156	0.01056	0.01858	0.01702	0.05582	0.01391	0.00635	0.00367	0.00122	0.00238	0.00516	0.81129	0.00469
34	0.68475	0.00912	0.00756	0.00667	0.00966	0.01024	0.00546	0.01548	0.00939	0.09723	0.00932	0.01024	0.00697	0.00498	0.00336	0.00152	0.00378	0.00318	0.09539	0.00570
35	0.00955	0.00899	0.01517	0.81013	0.03483	0.01123	0.01404	0.01292	0.01011	0.01292	0.00899	0.01348	0.00674	0.00506	0.00506	0.00169	0.00674	0.00449	0.00225	0.00562
36	0.01376	0.03351	0.19587	0.09039	0.11284	0.02691	0.01216	0.21614	0.07362	0.05249	0.01118	0.01234	0.00830	0.00521	0.00478	0.00146	0.00583	0.00420	0.00348	0.11550
37	0.00606	0.00513	0.00524	0.00521	0.00688	0.00430	0.00391	0.00742	0.01172	0.01412	0.10260	0.04791	0.73703	0.01263	0.00598	0.00170	0.00255	0.01057	0.00476	0.00430
38	0.00634	0.00511	0.00564	0.00557	0.00707	0.00441	0.00415	0.00794	0.01230	0.01562	0.27175	0.07367	0.53835	0.01218	0.00599	0.00169	0.00252	0.01035	0.00496	0.00441
39	0.01099	0.05129	0.50300	0.06622	0.04522	0.01089	0.01495	0.01557	0.01080	0.05411	0.00952	0.01111	0.00699	0.00467	0.00458	0.00142	0.00644	0.00370	0.00252	0.16602
40	0.12779	0.41245	0.16485	0.01030	0.01472	0.16775	0.01031	0.01624	0.01090	0.01421	0.00756	0.00880	0.00634	0.00463	0.00377	0.00129	0.00630	0.00301	0.00237	0.00642
41	0.01014	0.02616	0.79609	0.01441	0.02189	0.01174	0.01868	0.01601	0.01068	0.01601	0.00907	0.01068	0.00641	0.00480	0.00480	0.00160	0.00747	0.00374	0.00214	0.00747
42	0.01179	0.46641	0.02087	0.19505	0.02825	0.01525	0.03883	0.01399	0.01080	0.02936	0.07265	0.01440	0.05284	0.00548	0.00420	0.00134	0.00543	0.00427	0.00270	0.00611
43	0.00722	0.00542	0.00813	0.00813	0.00903	0.00632	0.00632	0.00903	0.00813	0.01174	0.01354	0.01987	0.01264	0.03792	0.80225	0.00813	0.01354	0.00542	0.00271	0.00451
44	0.01152	0.00879	0.01078	0.11428	0.04708	0.00967	0.00761	0.22584	0.05302	0.01777	0.01490	0.06671	0.01461	0.31122	0.01315	0.00289	0.01986	0.04093	0.00375	0.00561
45	0.30895	0.01111	0.01243	0.20953	0.14915	0.08948	0.00977	0.03568	0.01081	0.04702	0.00930	0.01152	0.00719	0.00498	0.00422	0.00153	0.00543	0.00380	0.06199	0.00613
46	0.01914	0.01613	0.01522	0.01210	0.01584	0.20128	0.03442	0.52067	0.02053	0.07757	0.01157	0.01181	0.00834	0.00582	0.00497	0.00148	0.00642	0.00433	0.00448	0.00789
47	0.03206	0.03375	0.06687	0.00951	0.01354	0.05990	0.00823	0.05818	0.04251	0.31246	0.01350	0.01330	0.00952	0.00538	0.00507	0.00132	0.04210	0.00410	0.00428	0.26442
48	0.00714	0.00544	0.00664	0.00685	0.00793	0.00523	0.00493	0.00999	0.09063	0.01648	0.30003	0.34487	0.14974	0.01252	0.00607	0.00180	0.00279	0.01108	0.00505	0.00477
49	0.00703	0.00528	0.00592	0.00568	0.00731	0.00456	0.00429	0.00870	0.01255	0.04729	0.28852	0.04387	0.51749	0.01174	0.00594	0.00166	0.00257	0.00995	0.00504	0.00461
50	0.01387	0.01444	0.01443	0.01258	0.01380	0.23386	0.01011	0.03448	0.06661	0.04490	0.00892	0.01171	0.00776	0.00865	0.04220	0.00211	0.44656	0.00426	0.00279	0.00596
51	0.01085	0.00965	0.01453	0.61088	0.02963	0.01147	0.01266	0.03628	0.11402	0.01587	0.07054	0.01708	0.01183	0.00626	0.00548	0.00182	0.00626	0.00527	0.00324	0.00637
52	0.00623	0.00502	0.00547	0.00557	0.00694	0.00435	0.00405	0.00755	0.01147	0.01429	0.14812	0.14884	0.55051	0.05027	0.00695	0.00189	0.00269	0.01080	0.00474	0.00426
53	0.01593	0.10922	0.01606	0.01201	0.06325	0.07983	0.06521	0.18327	0.07846	0.15309	0.01239	0.01281	0.00918	0.00577	0.01729	0.00146	0.00557	0.00426	0.00399	0.15095

[dist]
# distance from previous block
# <min> <max>
0	238

[block]
# block no. 6 follows, 49 sequences, length 90
# corresponding to MSA columns:
# 562-651
name=unknown_G
#
# <colnr> <probs for GDERKNQSTAVLIFYWHMCP>
#	G	D	E	R	K	N	Q	S	T	A	V	L	I	F	Y	W	H	M	C	P
0	0.03056	0.01212	0.13683	0.01384	0.17265	0.00952	0.01022	0.08624	0.06292	0.08399	0.03343	0.08778	0.07530	0.00669	0.00496	0.00147	0.00484	0.00569	0.00372	0.15723
1	0.06436	0.23046	0.36725	0.01266	0.04027	0.17514	0.01338	0.01656	0.01122	0.01463	0.00818	0.00960	0.00644	0.00475	0.00426	0.00140	0.00702	0.00333	0.00231	0.00679
2	0.01273	0.61718	0.19675	0.01078	0.04471	0.01787	0.01114	0.01535	0.01041	0.01299	0.00758	0.00885	0.00653	0.00444	0.00366	0.00121	0.00589	0.00300	0.00217	0.00677
3	0.01062	0.03469	0.34547	0.08886	0.06553	0.02515	0.03483	0.01519	0.05182	0.01591	0.01020	0.03499	0.00814	0.00494	0.00462	0.00138	0.00601	0.00410	0.00266	0.23491
4	0.00640	0.00511	0.00574	0.00565	0.00711	0.00444	0.00421	0.00806	0.01243	0.01597	0.31119	0.08096	0.49073	0.01207	0.00599	0.00168	0.00252	0.01030	0.00500	0.00444
5	0.00901	0.00734	0.01120	0.10181	0.12482	0.00728	0.05621	0.01188	0.03388	0.04032	0.38220	0.05399	0.10319	0.00861	0.00564	0.00161	0.00392	0.00775	0.02373	0.00559
6	0.01632	0.13895	0.08999	0.01189	0.01566	0.07837	0.07537	0.18264	0.01434	0.19088	0.01197	0.03067	0.00902	0.00606	0.00624	0.00156	0.10438	0.00453	0.00384	0.00732
7	0.00689	0.00513	0.00641	0.00615	0.00741	0.00465	0.00459	0.00900	0.01358	0.01869	0.61395	0.07298	0.18981	0.01105	0.00599	0.00163	0.00244	0.00966	0.00536	0.00465
8	0.01125	0.09350	0.42678	0.01183	0.02885	0.01063	0.02664	0.01573	0.03775	0.09430	0.11175	0.04410	0.02841	0.00624	0.00491	0.00156	0.00579	0.00512	0.02796	0.00691
9	0.00943	0.00471	0.00471	0.00471	0.00589	0.00471	0.00353	0.01178	0.01060	0.01885	0.01650	0.01885	0.01296	0.00589	0.00353	0.00118	0.00236	0.00471	0.85036	0.00471
10	0.85801	0.00978	0.00743	0.00665	0.00978	0.01134	0.00548	0.01486	0.00861	0.02269	0.00704	0.00821	0.00548	0.00469	0.00313	0.00156	0.00391	0.00274	0.00313	0.00548
11	0.01173	0.01332	0.02900	0.02081	0.02576	0.01248	0.74557	0.01588	0.01186	0.01608	0.01085	0.04176	0.00857	0.00467	0.00598	0.00172	0.00833	0.00626	0.00263	0.00673
12	0.01352	0.82533	0.02650	0.00865	0.01298	0.02001	0.00865	0.01514	0.01027	0.01190	0.00703	0.00811	0.00649	0.00433	0.00324	0.00108	0.00541	0.00270	0.00216	0.00649
13	0.01106	0.01106	0.01549	0.01328	0.01328	0.01549	0.01106	0.01217	0.00774	0.01217	0.00664	0.01106	0.00664	0.00885	0.01659	0.00221	0.81303	0.00443	0.00221	0.00553
14	0.01590	0.01251	0.01330	0.01096	0.01441	0.01413	0.00881	0.40009	0.40298	0.02651	0.01636	0.01551	0.01202	0.00647	0.00510	0.00162	0.00478	0.00514	0.00510	0.00830
15	0.00742	0.00530	0.00713	0.00815	0.00897	0.00518	0.00652	0.00907	0.01067	0.01394	0.02692	0.27679	0.05524	0.08986	0.00854	0.00247	0.00411	0.44487	0.00452	0.00433
16	0.00725	0.00491	0.00582	0.00611	0.00626	0.00487	0.00380	0.00760	0.00812	0.01078	0.01879	0.15556	0.02170	0.62236	0.02101	0.00422	0.00458	0.07943	0.00346	0.00337
17	0.00633	0.00467	0.00619	0.03500	0.00827	0.00441	0.00496	0.00743	0.01014	0.01345	0.07825	0.67810	0.09434	0.01486	0.00633	0.00198	0.00300	0.01339	0.00466	0.00422
18	0.01308	0.01111	0.01172	0.01039	0.01334	0.01281	0.00812	0.08309	0.72457	0.02196	0.01995	0.01836	0.01492	0.00680	0.00514	0.00170	0.00412	0.00563	0.00514	0.00805
19	0.01217	0.04416	0.28637	0.07875	0.38340	0.01186	0.02835	0.01609	0.01128	0.06583	0.00992	0.01212	0.00760	0.00475	0.00490	0.00154	0.00648	0.00424	0.00259	0.00762
20	0.04869	0.03934	0.04200	0.01125	0.06623	0.09554	0.00843	0.23793	0.03775	0.05164	0.01693	0.27267	0.01684	0.00905	0.00534	0.00168	0.00501	0.02295	0.00425	0.00647
21	0.85801	0.00978	0.00743	0.00665	0.00978	0.01134	0.00548	0.01486	0.00861	0.02269	0.00704	0.00821	0.00548	0.00469	0.00313	0.00156	0.00391	0.00274	0.00313	0.00548
22	0.01039	0.01014	0.04538	0.52844	0.16885	0.01129	0.01357	0.03005	0.01060	0.01445	0.00951	0.01339	0.00739	0.00521	0.00553	0.00164	0.04724	0.00448	0.05631	0.00613
23	0.00691	0.00507	0.00648	0.00632	0.00745	0.00464	0.00467	0.00899	0.01344	0.01866	0.61572	0.13835	0.12189	0.01129	0.00603	0.00166	0.00247	0.00997	0.00537	0.00464
24	0.00731	0.00543	0.00756	0.00752	0.00818	0.00613	0.00554	0.00861	0.00805	0.01134	0.01528	0.04197	0.03533	0.23294	0.54403	0.00683	0.03468	0.00622	0.00288	0.00416
25	0.01581	0.01247	0.01326	0.01095	0.01438	0.01409	0.00879	0.39076	0.41245	0.02637	0.01647	0.01559	0.01211	0.00648	0.00510	0.00162	0.00476	0.00515	0.00510	0.00829
26	0.00943	0.00471	0.00471	0.00471	0.00589	0.00471	0.00353	0.01178	0.01060	0.01885	0.01650	0.01885	0.01296	0.00589	0.00353	0.00118	0.00236	0.00471	0.85036	0.00471
27	0.85801	0.00978	0.00743	0.00665	0.00978	0.01134	0.00548	0.01486	0.00861	0.02269	0.00704	0.00821	0.00548	0.00469	0.00313	0.00156	0.00391	0.00274	0.00313	0.00548
28	0.00878	0.00439	0.00659	0.00659	0.00659	0.00439	0.00439	0.00659	0.00659	0.00878	0.00878	0.01537	0.00878	0.01757	0.01976	0.85288	0.00439	0.00439	0.00220	0.00220
29	0.53509	0.01147	0.01041	0.00857	0.01205	0.01301	0.00707	0.30708	0.01445	0.02622	0.00900	0.00973	0.00668	0.00522	0.00387	0.00155	0.00455	0.00344	0.00387	0.00668
30	0.01976	0.24754	0.01629	0.00908	0.01313	0.01169	0.00794	0.07508	0.01391	0.51160	0.01562	0.01419	0.01048	0.00568	0.00455	0.00142	0.00472	0.00435	0.00498	0.00799
31	0.01352	0.82533	0.02650	0.00865	0.01298	0.02001	0.00865	0.01514	0.01027	0.01190	0.00703	0.00811	0.00649	0.00433	0.00324	0.00108	0.00541	0.00270	0.00216	0.00649
32	0.85801	0.00978	0.00743	0.00665	0.00978	0.01134	0.00548	0.01486	0.00861	0.02269	0.00704	0.00821	0.00548	0.00469	0.00313	0.00156	0.00391	0.00274	0.00313	0.00548
33	0.01194	0.01364	0.02984	0.02131	0.02643	0.01279	0.77238	0.01620	0.01194	0.01620	0.01023	0.01364	0.00767	0.00426	0.00597	0.00171	0.00853	0.00597	0.00256	0.00682
34	0.01439	0.01046	0.01149	0.01006	0.01311	0.01166	0.00790	0.02647	0.64411	0.15972	0.02047	0.01857	0.01491	0.00675	0.00513	0.00169	0.00406	0.00560	0.00534	0.00811
35	0.85801	0.00978	0.00743	0.00665	0.00978	0.01134	0.00548	0.01486	0.00861	0.02269	0.00704	0.00821	0.00548	0.00469	0.00313	0.00156	0.00391	0.00274	0.00313	0.00548
36	0.01098	0.01181	0.02326	0.05666	0.08817	0.03398	0.50042	0.01438	0.01155	0.01549	0.03082	0.15181	0.01295	0.00647	0.00588	0.00173	0.00714	0.00721	0.00297	0.00633
37	0.82245	0.00997	0.00776	0.00686	0.01003	0.01153	0.00565	0.04704	0.00925	0.02308	0.00726	0.00838	0.00561	0.00475	0.00321	0.00156	0.00398	0.00282	0.00321	0.00561
38	0.01323	0.01474	0.01524	0.22781	0.02013	0.26681	0.02877	0.01547	0.03314	0.01279	0.00814	0.01138	0.00691	0.00650	0.00905	0.00175	0.29579	0.00414	0.00244	0.00576
39	0.00724	0.00534	0.00774	0.00774	0.00851	0.00611	0.00584	0.00878	0.00801	0.01145	0.01390	0.02181	0.01348	0.15310	0.68822	0.00765	0.01228	0.00570	0.00276	0.00430
40	0.25902	0.04822	0.08042	0.04344	0.10055	0.08664	0.02502	0.01443	0.00973	0.01626	0.00866	0.01233	0.00756	0.00764	0.04605	0.00202	0.19167	0.03168	0.00266	0.00598
41	0.01284	0.01138	0.01181	0.01105	0.04006	0.10145	0.03014	0.11141	0.35985	0.03592	0.01905	0.19888	0.01714	0.00845	0.00538	0.00171	0.00474	0.00722	0.00460	0.00692
42	0.01504	0.01049	0.01176	0.00965	0.01264	0.10502	0.06226	0.10024	0.06917	0.24990	0.12163	0.02442	0.17004	0.00783	0.00538	0.00158	0.00472	0.00654	0.00494	0.00674
43	0.44859	0.25959	0.01403	0.00775	0.01118	0.01409	0.00679	0.10272	0.01087	0.01983	0.00820	0.00991	0.00685	0.03942	0.00436	0.00154	0.00457	0.00317	0.02050	0.00603
44	0.01228	0.01431	0.15658	0.05828	0.03824	0.01207	0.28246	0.03672	0.24145	0.05569	0.03056	0.01531	0.01085	0.00545	0.00538	0.00167	0.00643	0.00538	0.00354	0.00733
45	0.00797	0.00633	0.00709	0.00612	0.00858	0.00513	0.00469	0.00951	0.01132	0.03593	0.09704	0.04725	0.43456	0.00995	0.00578	0.03114	0.00302	0.00796	0.00422	0.25640
46	0.20716	0.02659	0.06360	0.01009	0.02837	0.03499	0.00840	0.14737	0.26064	0.10000	0.05239	0.01493	0.01216	0.00607	0.00463	0.00159	0.00464	0.00467	0.00443	0.00730
47	0.00934	0.00886	0.03592	0.04553	0.04395	0.03506	0.16820	0.01151	0.01076	0.03551	0.03492	0.39268	0.02066	0.00992	0.00574	0.00172	0.00487	0.00932	0.00376	0.11178
48	0.01317	0.00657	0.00820	0.00701	0.00951	0.00568	0.00553	0.01493	0.01324	0.34046	0.17520	0.04859	0.31193	0.00967	0.00561	0.00163	0.00326	0.00813	0.00551	0.00617
49	0.20706	0.01696	0.37103	0.01384	0.12102	0.01064	0.01314	0.01524	0.01051	0.05621	0.01147	0.05742	0.00978	0.00605	0.00470	0.00165	0.00585	0.05772	0.00294	0.00676
50	0.85801	0.00978	0.00743	0.00665	0.00978	0.01134	0.00548	0.01486	0.00861	0.02269	0.00704	0.00821	0.00548	0.00469	0.00313	0.00156	0.00391	0.00274	0.00313	0.00548
51	0.01309	0.72425	0.12383	0.00938	0.01411	0.01896	0.00992	0.01525	0.01033	0.01242	0.00729	0.00844	0.00648	0.00439	0.00344	0.00115	0.00567	0.00283	0.00216	0.00661
52	0.00605	0.00501	0.00531	0.00548	0.00694	0.00426	0.00402	0.00731	0.01133	0.01379	0.07509	0.17420	0.63738	0.01321	0.00605	0.00176	0.00262	0.01122	0.00473	0.00426
53	0.01362	0.01504	0.18861	0.02083	0.37198	0.02896	0.02877	0.11108	0.02697	0.08984	0.02969	0.01396	0.02702	0.00530	0.00503	0.00154	0.00604	0.00467	0.00326	0.00779
54	0.33637	0.05063	0.01420	0.03098	0.27207	0.16864	0.01000	0.01599	0.01080	0.01767	0.00820	0.01018	0.00676	0.00546	0.02177	0.00162	0.00598	0.00352	0.00275	0.00643
55	0.01022	0.02558	0.76097	0.01473	0.02209	0.01179	0.05322	0.01602	0.01073	0.01602	0.00913	0.01081	0.00646	0.00478	0.00486	0.00161	0.00752	0.00384	0.00215	0.00744
56	0.01138	0.01109	0.01926	0.24382	0.38568	0.01191	0.11395	0.01492	0.03805	0.01550	0.03234	0.01381	0.00895	0.00513	0.00584	0.00163	0.05234	0.00487	0.00260	0.00695
57	0.00605	0.00513	0.00523	0.00520	0.00688	0.00430	0.00390	0.00740	0.01170	0.01408	0.09850	0.04797	0.74115	0.01265	0.00598	0.00170	0.00255	0.01057	0.00475	0.00430
58	0.00792	0.00563	0.00692	0.00648	0.00791	0.00536	0.00490	0.01107	0.07128	0.03597	0.58954	0.03582	0.11800	0.00996	0.00573	0.00158	0.00256	0.00867	0.05966	0.00504
