[name]
unknown

[dist]
# distance from previous block
# <min> <max>
0	77

[block]
# block no. 0 follows, 47 sequences, length 17
# corresponding to MSA columns:
# 77-93
name=unknown_A
#
# <colnr> <probs for GDERKNQSTAVLIFYWHMCP>
#	G	D	E	R	K	N	Q	S	T	A	V	L	I	F	Y	W	H	M	C	P
0	0.00821	0.00578	0.00779	0.00872	0.00966	0.00578	0.00723	0.01008	0.01101	0.01437	0.02510	0.05328	0.02752	0.19229	0.01147	0.00299	0.00485	0.58500	0.00443	0.00443
1	0.01704	0.01253	0.01371	0.01078	0.01429	0.01366	0.00879	0.59927	0.02233	0.03017	0.18301	0.01835	0.01778	0.00723	0.00542	0.00158	0.00500	0.00574	0.00533	0.00798
2	0.00686	0.00536	0.00820	0.00854	0.00927	0.00501	0.07131	0.00808	0.01017	0.01359	0.02712	0.74372	0.03212	0.01527	0.00660	0.00208	0.00352	0.01405	0.00464	0.00447
3	0.01065	0.01059	0.01945	0.56351	0.09937	0.01199	0.18109	0.01429	0.01096	0.01438	0.00959	0.01383	0.00727	0.00498	0.00541	0.00172	0.00728	0.00497	0.00241	0.00627
4	0.02104	0.00964	0.01409	0.01430	0.18424	0.00870	0.00950	0.02330	0.01423	0.61719	0.01816	0.01665	0.01186	0.00605	0.00522	0.00160	0.00482	0.00510	0.00559	0.00873
5	0.00652	0.00503	0.00628	0.00679	0.00775	0.00480	0.00489	0.00779	0.01030	0.01331	0.03408	0.36323	0.29866	0.02023	0.18151	0.00337	0.00531	0.01139	0.00438	0.00438
6	0.01119	0.01100	0.01973	0.43543	0.27445	0.01208	0.13153	0.01469	0.01117	0.01502	0.00963	0.01359	0.00751	0.00490	0.00534	0.00168	0.00699	0.00487	0.00245	0.00677
7	0.01434	0.01513	0.01972	0.02785	0.61418	0.18609	0.01467	0.01705	0.01250	0.01607	0.00941	0.01211	0.00791	0.00480	0.00505	0.00150	0.00690	0.00435	0.00260	0.00776
8	0.01251	0.01069	0.01562	0.59126	0.03056	0.01280	0.01323	0.21611	0.01420	0.01856	0.01013	0.01351	0.00746	0.00549	0.00521	0.00169	0.00662	0.00464	0.00309	0.00661
9	0.01158	0.25217	0.35955	0.01149	0.01720	0.01360	0.01298	0.01530	0.01069	0.01518	0.00860	0.01020	0.00688	0.00476	0.00482	0.00133	0.04412	0.00340	0.00241	0.19375
10	0.01252	0.01209	0.01157	0.13348	0.01587	0.18447	0.00866	0.10721	0.13721	0.01694	0.01789	0.28371	0.01787	0.00942	0.00559	0.00176	0.00556	0.00799	0.00409	0.00609
11	0.15274	0.01338	0.10668	0.01202	0.01527	0.10541	0.15864	0.07717	0.01196	0.01733	0.01425	0.19102	0.01415	0.07846	0.00715	0.00202	0.00607	0.00690	0.00344	0.00595
12	0.01340	0.01303	0.01624	0.01918	0.30438	0.13798	0.05540	0.10653	0.04620	0.01753	0.01340	0.12849	0.01256	0.02335	0.04314	0.00198	0.00654	0.00610	0.00339	0.03118
13	0.07109	0.00987	0.00957	0.00867	0.01082	0.10607	0.00658	0.12461	0.04660	0.03668	0.18672	0.22425	0.02434	0.00945	0.00543	0.00163	0.00428	0.00799	0.03505	0.07031
14	0.04671	0.01134	0.01382	0.01106	0.01422	0.04849	0.05679	0.24117	0.01530	0.19132	0.01339	0.01503	0.01012	0.02942	0.13457	0.00277	0.07701	0.00487	0.00431	0.05831
15	0.13904	0.01447	0.01282	0.01077	0.01399	0.19866	0.02994	0.25358	0.06883	0.02180	0.01393	0.08300	0.04009	0.00680	0.00489	0.00153	0.00583	0.00523	0.00404	0.07077
16	0.03636	0.01524	0.01594	0.01788	0.25268	0.20767	0.01121	0.15639	0.12075	0.07816	0.02899	0.01368	0.01021	0.00572	0.00505	0.00154	0.00635	0.00461	0.00384	0.00772

[dist]
# distance from previous block
# <min> <max>
37	122

[block]
# block no. 1 follows, 47 sequences, length 17
# corresponding to MSA columns:
# 251-267
name=unknown_B
#
# <colnr> <probs for GDERKNQSTAVLIFYWHMCP>
#	G	D	E	R	K	N	Q	S	T	A	V	L	I	F	Y	W	H	M	C	P
0	0.01354	0.01148	0.01950	0.06390	0.22668	0.01146	0.22281	0.08079	0.07374	0.10251	0.01494	0.06982	0.03352	0.02403	0.00606	0.00176	0.00622	0.00616	0.00367	0.00739
1	0.00873	0.00736	0.01068	0.08543	0.01338	0.00745	0.09154	0.05702	0.07654	0.01563	0.02654	0.39700	0.13875	0.03061	0.00664	0.00199	0.00429	0.01074	0.00437	0.00532
2	0.05117	0.00794	0.01106	0.01030	0.03014	0.00801	0.08974	0.07921	0.07364	0.01710	0.04316	0.44319	0.02391	0.01146	0.00623	0.00187	0.02393	0.01032	0.00439	0.05322
3	0.42206	0.06910	0.00921	0.07177	0.01152	0.00971	0.00632	0.01231	0.00951	0.01815	0.01501	0.29395	0.01602	0.00890	0.00460	0.00176	0.00402	0.00721	0.00364	0.00523
4	0.00983	0.00926	0.01562	0.80447	0.03587	0.01157	0.01446	0.01331	0.01041	0.01331	0.00926	0.01388	0.00694	0.00521	0.00521	0.00174	0.00694	0.00463	0.00231	0.00579
5	0.03070	0.00982	0.01315	0.05288	0.08356	0.00949	0.03752	0.15111	0.01432	0.26837	0.01567	0.07685	0.01261	0.07915	0.00705	0.00184	0.00498	0.00569	0.00459	0.12065
6	0.01006	0.00775	0.00854	0.00794	0.00982	0.00837	0.00599	0.01742	0.34139	0.01927	0.20009	0.02744	0.08125	0.07471	0.02337	0.01864	0.00367	0.00706	0.12113	0.00610
7	0.01263	0.01299	0.01801	0.14377	0.20207	0.11241	0.09353	0.03861	0.01117	0.01480	0.00939	0.02684	0.00821	0.02182	0.02956	0.00203	0.22819	0.00487	0.00261	0.00651
8	0.01980	0.01459	0.01563	0.01198	0.01615	0.01615	0.00990	0.76713	0.02448	0.03282	0.01250	0.01250	0.00886	0.00625	0.00521	0.00156	0.00573	0.00469	0.00521	0.00886
9	0.01500	0.02105	0.27257	0.01268	0.01714	0.28155	0.01237	0.12080	0.09143	0.01821	0.01118	0.01222	0.00846	0.00558	0.00482	0.00151	0.00720	0.00408	0.07504	0.00710
10	0.04290	0.01070	0.01206	0.00891	0.01334	0.00963	0.00723	0.21752	0.01463	0.05957	0.01062	0.01152	0.00821	0.00467	0.00427	0.00106	0.00440	0.00362	0.00383	0.55132
11	0.01343	0.54084	0.23287	0.01088	0.01607	0.08113	0.01180	0.01626	0.01103	0.01344	0.00788	0.00915	0.00666	0.00466	0.00389	0.00128	0.00645	0.00312	0.00226	0.00691
12	0.00647	0.00460	0.00605	0.00711	0.00742	0.00432	0.00471	0.00736	0.00995	0.01331	0.05303	0.72838	0.03376	0.07695	0.00814	0.00232	0.00316	0.01407	0.00474	0.00417
13	0.09665	0.01145	0.01422	0.33945	0.08062	0.07560	0.01139	0.11095	0.05602	0.01774	0.01042	0.01329	0.00811	0.00672	0.03128	0.00187	0.05222	0.00444	0.03748	0.02009
14	0.03783	0.01230	0.08347	0.03372	0.03476	0.03335	0.16557	0.07434	0.10607	0.13143	0.04193	0.01754	0.04959	0.00707	0.02138	0.00181	0.06306	0.00554	0.07219	0.00705
15	0.07263	0.04807	0.01080	0.09097	0.01309	0.03333	0.05215	0.01172	0.01123	0.02998	0.11817	0.11669	0.13128	0.06911	0.00677	0.00179	0.00435	0.00719	0.02932	0.14134
16	0.08460	0.01171	0.06028	0.15055	0.08187	0.01176	0.13817	0.11959	0.03719	0.05806	0.05706	0.04691	0.01180	0.00705	0.02373	0.00186	0.06132	0.00548	0.02423	0.00678

[dist]
# distance from previous block
# <min> <max>
15	40

[block]
# block no. 2 follows, 47 sequences, length 23
# corresponding to MSA columns:
# 315-337
name=unknown_C
#
# <colnr> <probs for GDERKNQSTAVLIFYWHMCP>
#	G	D	E	R	K	N	Q	S	T	A	V	L	I	F	Y	W	H	M	C	P
0	0.16218	0.01429	0.01197	0.10680	0.01561	0.30965	0.04354	0.01503	0.01177	0.01503	0.01380	0.22935	0.01417	0.00819	0.00510	0.00167	0.00638	0.00667	0.00332	0.00549
1	0.10353	0.00862	0.01026	0.08871	0.01374	0.00925	0.00755	0.03756	0.23028	0.17084	0.02026	0.24114	0.01835	0.00910	0.00543	0.00181	0.00419	0.00779	0.00487	0.00672
2	0.00994	0.00573	0.00788	0.00776	0.00904	0.00557	0.00575	0.01151	0.01112	0.15675	0.13501	0.32855	0.02677	0.04007	0.20922	0.00363	0.00605	0.00969	0.00470	0.00526
3	0.01187	0.00618	0.00806	0.00767	0.00944	0.00557	0.00570	0.01362	0.02875	0.25541	0.10418	0.38881	0.10933	0.01214	0.00608	0.00186	0.00339	0.01068	0.00544	0.00584
4	0.34457	0.01860	0.01203	0.01079	0.01375	0.45414	0.00833	0.05338	0.01291	0.01782	0.00795	0.00917	0.00639	0.00520	0.00415	0.00146	0.00713	0.00321	0.00301	0.00601
5	0.02336	0.00886	0.01209	0.00927	0.01329	0.00765	0.00765	0.02538	0.01491	0.78810	0.02055	0.01773	0.01289	0.00645	0.00524	0.00161	0.00443	0.00524	0.00645	0.00886
6	0.01289	0.01237	0.02114	0.03196	0.78450	0.01237	0.01598	0.01598	0.01186	0.01701	0.00980	0.01289	0.00825	0.00464	0.00516	0.00155	0.00619	0.00464	0.00258	0.00825
7	0.01980	0.01459	0.01563	0.01198	0.01615	0.01615	0.00990	0.76713	0.02448	0.03282	0.01250	0.01250	0.00886	0.00625	0.00521	0.00156	0.00573	0.00469	0.00521	0.00886
8	0.01045	0.02694	0.79000	0.01484	0.02254	0.01209	0.01924	0.01649	0.01099	0.01649	0.00935	0.01099	0.00660	0.00495	0.00495	0.00165	0.00770	0.00385	0.00220	0.00770
9	0.00731	0.00529	0.00672	0.00638	0.00752	0.00489	0.00467	0.00944	0.01382	0.01933	0.65420	0.03920	0.09713	0.09176	0.00819	0.00199	0.00273	0.00934	0.00541	0.00470
10	0.00988	0.00551	0.00597	0.00574	0.00683	0.00597	0.00442	0.01217	0.01063	0.01872	0.01597	0.01861	0.01269	0.00637	0.00499	0.00132	0.08323	0.00482	0.76121	0.00494
11	0.00634	0.00456	0.00601	0.00717	0.00753	0.00424	0.00480	0.00726	0.01005	0.01333	0.02970	0.78196	0.06542	0.01619	0.00663	0.00210	0.00301	0.01465	0.00483	0.00424
12	0.01241	0.01357	0.06138	0.06100	0.42761	0.01263	0.30091	0.01616	0.01192	0.01670	0.01003	0.01328	0.00798	0.00458	0.00552	0.00164	0.00728	0.00517	0.00257	0.00765
13	0.01345	0.01147	0.01456	0.23868	0.02111	0.01323	0.04560	0.17688	0.36455	0.02142	0.01547	0.01615	0.01150	0.00624	0.00529	0.00171	0.00548	0.00529	0.00430	0.00761
14	0.00621	0.00507	0.00549	0.00583	0.00718	0.00435	0.00420	0.00741	0.01133	0.01385	0.04597	0.26543	0.57145	0.01407	0.00629	0.00186	0.00275	0.01207	0.00484	0.00435
15	0.02038	0.01204	0.01409	0.01138	0.03617	0.01252	0.00907	0.39885	0.08521	0.32024	0.01625	0.01511	0.01099	0.00635	0.00523	0.00160	0.00511	0.00500	0.00562	0.00879
16	0.01508	0.01137	0.01250	0.01021	0.01333	0.01241	0.00820	0.42256	0.15471	0.02750	0.23098	0.02117	0.02146	0.00764	0.00549	0.00162	0.00452	0.00623	0.00537	0.00764
17	0.01197	0.01165	0.01699	0.01852	0.23104	0.01464	0.01237	0.01503	0.08607	0.01473	0.00911	0.01262	0.00814	0.00765	0.01254	0.00202	0.50085	0.00471	0.00267	0.00667
18	0.01840	0.01803	0.01669	0.01350	0.01707	0.29949	0.08579	0.36944	0.04745	0.02286	0.01084	0.01175	0.00818	0.00586	0.00548	0.00153	0.03176	0.00439	0.00395	0.00753
19	0.00874	0.00698	0.00892	0.00866	0.01019	0.00792	0.00675	0.01382	0.20348	0.01485	0.02007	0.02425	0.09145	0.02764	0.49400	0.00586	0.01006	0.02712	0.00369	0.00554
20	0.01045	0.01557	0.27519	0.01443	0.01887	0.01065	0.22723	0.01444	0.01193	0.03433	0.17696	0.06316	0.01785	0.00705	0.00672	0.00176	0.07709	0.00641	0.00333	0.00656
21	0.01299	0.14700	0.05179	0.01298	0.01750	0.01211	0.23267	0.03219	0.04167	0.07843	0.02671	0.01290	0.00914	0.00491	0.00530	0.00136	0.04021	0.00448	0.00319	0.25245
22	0.07083	0.08559	0.06353	0.02353	0.02704	0.01195	0.07082	0.11298	0.04665	0.08841	0.04445	0.01366	0.01030	0.00705	0.03626	0.00174	0.09710	0.00445	0.00359	0.18007

[dist]
# distance from previous block
# <min> <max>
25	89

[block]
# block no. 3 follows, 47 sequences, length 6
# corresponding to MSA columns:
# 450-455
name=unknown_D
#
# <colnr> <probs for GDERKNQSTAVLIFYWHMCP>
#	G	D	E	R	K	N	Q	S	T	A	V	L	I	F	Y	W	H	M	C	P
0	0.01423	0.01207	0.01194	0.01015	0.01297	0.10496	0.00802	0.13566	0.26257	0.04622	0.01485	0.01531	0.01139	0.00635	0.00584	0.00152	0.07672	0.00475	0.13254	0.11197
1	0.06473	0.01466	0.01512	0.07503	0.01703	0.10563	0.01024	0.47623	0.01912	0.02566	0.01067	0.01187	0.00800	0.00638	0.00665	0.00165	0.11506	0.00441	0.00418	0.00768
2	0.09147	0.07949	0.25270	0.01198	0.01715	0.01428	0.01215	0.36212	0.01724	0.07632	0.01120	0.01171	0.00798	0.00560	0.00481	0.00156	0.00608	0.00415	0.00396	0.00805
3	0.01073	0.00706	0.00880	0.00873	0.01034	0.00706	0.00693	0.12594	0.01326	0.08631	0.02560	0.24066	0.07270	0.07897	0.00810	0.00231	0.00433	0.27182	0.00488	0.00547
4	0.08018	0.01122	0.01126	0.00940	0.01200	0.07532	0.00720	0.30832	0.01591	0.11391	0.01476	0.06880	0.01322	0.22290	0.01079	0.00252	0.00539	0.00591	0.00443	0.00657
5	0.18770	0.01348	0.01260	0.01036	0.01393	0.13168	0.00834	0.23928	0.10420	0.20726	0.01369	0.01326	0.00966	0.00597	0.00475	0.00157	0.00545	0.00438	0.00473	0.00771

[dist]
# distance from previous block
# <min> <max>
15	27

[block]
# block no. 4 follows, 47 sequences, length 56
# corresponding to MSA columns:
# 493-500,503-550
name=unknown_E
#
# <colnr> <probs for GDERKNQSTAVLIFYWHMCP>
#	G	D	E	R	K	N	Q	S	T	A	V	L	I	F	Y	W	H	M	C	P
0	0.00689	0.00497	0.00656	0.00718	0.00794	0.00464	0.00519	0.00848	0.01185	0.01610	0.28240	0.44810	0.06748	0.01410	0.00651	0.00197	0.00300	0.08700	0.00513	0.00452
1	0.00993	0.00939	0.01564	0.75386	0.03445	0.01185	0.01427	0.01326	0.01026	0.01326	0.00910	0.01372	0.00694	0.00546	0.00597	0.00177	0.05817	0.00462	0.00231	0.00578
2	0.00675	0.00530	0.00610	0.00590	0.00740	0.00465	0.00442	0.00862	0.01327	0.01740	0.40881	0.04464	0.42425	0.01195	0.00615	0.00170	0.00255	0.01022	0.00527	0.00465
3	0.01080	0.00926	0.01080	0.00771	0.01234	0.00694	0.00617	0.01311	0.01080	0.01697	0.00926	0.01080	0.00771	0.00386	0.00386	0.00077	0.00386	0.00309	0.00309	0.84882
4	0.00615	0.00528	0.00528	0.00528	0.00703	0.00440	0.00396	0.00747	0.01187	0.01407	0.05276	0.05012	0.78238	0.01319	0.00615	0.00176	0.00264	0.01099	0.00484	0.00440
5	0.00650	0.00529	0.00575	0.00564	0.00724	0.00454	0.00423	0.00814	0.01268	0.01599	0.25817	0.04696	0.57577	0.01247	0.00615	0.00172	0.00259	0.01055	0.00509	0.00454
6	0.85377	0.01007	0.00765	0.00685	0.01007	0.01168	0.00564	0.01531	0.00886	0.02336	0.00725	0.00846	0.00564	0.00483	0.00322	0.00161	0.00403	0.00282	0.00322	0.00564
7	0.00744	0.00558	0.00837	0.00837	0.00930	0.00651	0.00651	0.00930	0.00837	0.01209	0.01395	0.02046	0.01302	0.03906	0.79635	0.00837	0.01395	0.00558	0.00279	0.00465
8	0.01045	0.02694	0.79000	0.01484	0.02254	0.01209	0.01924	0.01649	0.01099	0.01649	0.00935	0.01099	0.00660	0.00495	0.00495	0.00165	0.00770	0.00385	0.00220	0.00770
9	0.00737	0.00532	0.00696	0.00655	0.00778	0.00491	0.00491	0.00983	0.01474	0.02088	0.78175	0.03890	0.04914	0.01065	0.00614	0.00164	0.00246	0.00942	0.00573	0.00491
10	0.00839	0.00599	0.00839	0.00959	0.01079	0.00599	0.00839	0.01079	0.01199	0.01558	0.02757	0.05874	0.02997	0.01439	0.00719	0.00240	0.00480	0.74945	0.00480	0.00480
11	0.01045	0.02694	0.79000	0.01484	0.02254	0.01209	0.01924	0.01649	0.01099	0.01649	0.00935	0.01099	0.00660	0.00495	0.00495	0.00165	0.00770	0.00385	0.00220	0.00770
12	0.01045	0.02694	0.79000	0.01484	0.02254	0.01209	0.01924	0.01649	0.01099	0.01649	0.00935	0.01099	0.00660	0.00495	0.00495	0.00165	0.00770	0.00385	0.00220	0.00770
13	0.00983	0.00926	0.01562	0.80447	0.03587	0.01157	0.01446	0.01331	0.01041	0.01331	0.00926	0.01388	0.00694	0.00521	0.00521	0.00174	0.00694	0.00463	0.00231	0.00579
14	0.02336	0.00886	0.01209	0.00927	0.01329	0.00765	0.00765	0.02538	0.01491	0.78810	0.02055	0.01773	0.01289	0.00645	0.00524	0.00161	0.00443	0.00524	0.00645	0.00886
15	0.00983	0.00926	0.01562	0.80447	0.03587	0.01157	0.01446	0.01331	0.01041	0.01331	0.00926	0.01388	0.00694	0.00521	0.00521	0.00174	0.00694	0.00463	0.00231	0.00579
16	0.00757	0.00505	0.00568	0.00568	0.00568	0.00505	0.00316	0.00757	0.00757	0.01010	0.01641	0.03408	0.01893	0.81698	0.02651	0.00505	0.00505	0.00757	0.00316	0.00316
17	0.01295	0.01119	0.01178	0.01060	0.01354	0.01295	0.00824	0.02767	0.77509	0.02178	0.02120	0.01943	0.01590	0.00707	0.00530	0.00177	0.00412	0.00589	0.00530	0.00824
18	0.00802	0.00554	0.00673	0.00630	0.00789	0.00492	0.00477	0.01006	0.01379	0.06917	0.48676	0.04127	0.29299	0.01122	0.00609	0.00168	0.00265	0.00967	0.00548	0.00500
19	0.00749	0.00538	0.00736	0.00736	0.00795	0.00596	0.00526	0.00865	0.00807	0.01134	0.01487	0.02555	0.01523	0.33000	0.50843	0.00713	0.01062	0.00633	0.00293	0.00409
20	0.01289	0.01237	0.02114	0.03196	0.78450	0.01237	0.01598	0.01598	0.01186	0.01701	0.00980	0.01289	0.00825	0.00464	0.00516	0.00155	0.00619	0.00464	0.00258	0.00825
21	0.00634	0.00453	0.00604	0.00725	0.00755	0.00423	0.00483	0.00725	0.00997	0.01329	0.02870	0.81358	0.03444	0.01632	0.00665	0.00211	0.00302	0.01480	0.00483	0.00423
22	0.00983	0.00926	0.01562	0.80447	0.03587	0.01157	0.01446	0.01331	0.01041	0.01331	0.00926	0.01388	0.00694	0.00521	0.00521	0.00174	0.00694	0.00463	0.00231	0.00579
23	0.00696	0.00531	0.00640	0.00612	0.00753	0.00474	0.00459	0.00904	0.01378	0.01859	0.53694	0.04267	0.29538	0.01150	0.00615	0.00168	0.00252	0.00995	0.00543	0.00474
24	0.01045	0.02694	0.79000	0.01484	0.02254	0.01209	0.01924	0.01649	0.01099	0.01649	0.00935	0.01099	0.00660	0.00495	0.00495	0.00165	0.00770	0.00385	0.00220	0.00770
25	0.01945	0.02482	0.01476	0.01342	0.01610	0.79608	0.01006	0.02079	0.01476	0.01275	0.00805	0.00939	0.00671	0.00537	0.00470	0.00134	0.00939	0.00335	0.00268	0.00604
26	0.01399	0.01077	0.01225	0.00902	0.01348	0.00962	0.00731	0.23036	0.01493	0.05892	0.01074	0.01162	0.00829	0.00467	0.00431	0.00104	0.00442	0.00365	0.00386	0.56674
27	0.00942	0.09561	0.23357	0.00992	0.01336	0.03919	0.01013	0.01213	0.01100	0.01432	0.02555	0.04835	0.27010	0.04010	0.00743	0.00188	0.08548	0.06329	0.00341	0.00574
28	0.01608	0.01274	0.01354	0.01123	0.01473	0.01441	0.00900	0.36580	0.43186	0.02683	0.01722	0.01626	0.01268	0.00669	0.00526	0.00167	0.00486	0.00534	0.00526	0.00852
29	0.01677	0.02038	0.01556	0.01372	0.01565	0.53402	0.03075	0.01813	0.01260	0.01279	0.00774	0.01013	0.00678	0.00650	0.00856	0.00164	0.25596	0.00380	0.00256	0.00596
30	0.01383	0.52886	0.04126	0.00969	0.01377	0.01797	0.00902	0.05404	0.23244	0.01607	0.01158	0.01182	0.00945	0.00531	0.00403	0.00134	0.00521	0.00380	0.00325	0.00726
31	0.00947	0.00491	0.00512	0.00512	0.00626	0.00497	0.00381	0.01176	0.01061	0.01855	0.01676	0.02009	0.01356	0.04185	0.05684	0.00184	0.00330	0.00501	0.75539	0.00477
32	0.00905	0.00452	0.00678	0.00678	0.00678	0.00452	0.00452	0.00678	0.00678	0.00905	0.00905	0.01583	0.00905	0.01809	0.02035	0.84848	0.00452	0.00452	0.00226	0.00226
33	0.00634	0.00453	0.00604	0.00725	0.00755	0.00423	0.00483	0.00725	0.00997	0.01329	0.02870	0.81358	0.03444	0.01632	0.00665	0.00211	0.00302	0.01480	0.00483	0.00423
34	0.00737	0.00532	0.00696	0.00655	0.00778	0.00491	0.00491	0.00983	0.01474	0.02088	0.78175	0.03890	0.04914	0.01065	0.00614	0.00164	0.00246	0.00942	0.00573	0.00491
35	0.00718	0.00513	0.00700	0.00820	0.00887	0.00495	0.00628	0.00869	0.01079	0.01422	0.02824	0.50688	0.03263	0.01553	0.00687	0.00223	0.00374	0.31330	0.00482	0.00446
36	0.00983	0.00926	0.01562	0.80447	0.03587	0.01157	0.01446	0.01331	0.01041	0.01331	0.00926	0.01388	0.00694	0.00521	0.00521	0.00174	0.00694	0.00463	0.00231	0.00579
37	0.00983	0.00926	0.01562	0.80447	0.03587	0.01157	0.01446	0.01331	0.01041	0.01331	0.00926	0.01388	0.00694	0.00521	0.00521	0.00174	0.00694	0.00463	0.00231	0.00579
38	0.00744	0.00558	0.00837	0.00837	0.00930	0.00651	0.00651	0.00930	0.00837	0.01209	0.01395	0.02046	0.01302	0.03906	0.79635	0.00837	0.01395	0.00558	0.00279	0.00465
39	0.01295	0.01119	0.01178	0.01060	0.01354	0.01295	0.00824	0.02767	0.77509	0.02178	0.02120	0.01943	0.01590	0.00707	0.00530	0.00177	0.00412	0.00589	0.00530	0.00824
40	0.01392	0.82012	0.02729	0.00891	0.01337	0.02061	0.00891	0.01559	0.01058	0.01225	0.00724	0.00835	0.00668	0.00446	0.00334	0.00111	0.00557	0.00278	0.00223	0.00668
41	0.00757	0.00505	0.00568	0.00568	0.00568	0.00505	0.00316	0.00757	0.00757	0.01010	0.01641	0.03408	0.01893	0.81698	0.02651	0.00505	0.00505	0.00757	0.00316	0.00316
42	0.00756	0.00566	0.00787	0.00714	0.00852	0.00523	0.03395	0.01009	0.01465	0.02072	0.75231	0.03795	0.04756	0.01041	0.00614	0.00164	0.00270	0.00929	0.00561	0.00499
43	0.00983	0.00926	0.01562	0.80447	0.03587	0.01157	0.01446	0.01331	0.01041	0.01331	0.00926	0.01388	0.00694	0.00521	0.00521	0.00174	0.00694	0.00463	0.00231	0.00579
44	0.00634	0.00453	0.00604	0.00725	0.00755	0.00423	0.00483	0.00725	0.00997	0.01329	0.02870	0.81358	0.03444	0.01632	0.00665	0.00211	0.00302	0.01480	0.00483	0.00423
45	0.01911	0.02430	0.01553	0.01383	0.01664	0.75811	0.04670	0.02060	0.01464	0.01294	0.00817	0.00962	0.00677	0.00532	0.00477	0.00136	0.00936	0.00349	0.00268	0.00609
46	0.27060	0.01736	0.01222	0.01087	0.01388	0.37044	0.00843	0.08387	0.13232	0.01908	0.01024	0.01094	0.00800	0.00555	0.00439	0.00151	0.00664	0.00370	0.00347	0.00650
47	0.01274	0.01222	0.02087	0.06943	0.74819	0.01233	0.01591	0.01585	0.01179	0.01683	0.00977	0.01294	0.00819	0.00467	0.00516	0.00156	0.00622	0.00464	0.00256	0.00813
48	0.00634	0.00453	0.00604	0.00725	0.00755	0.00423	0.00483	0.00725	0.00997	0.01329	0.02870	0.81358	0.03444	0.01632	0.00665	0.00211	0.00302	0.01480	0.00483	0.00423
49	0.01241	0.01188	0.02027	0.15355	0.66666	0.01225	0.01574	0.01556	0.01163	0.01643	0.00971	0.01305	0.00804	0.00473	0.00516	0.00158	0.00631	0.00464	0.00254	0.00786
50	0.03368	0.01274	0.02388	0.01765	0.02212	0.01254	0.49861	0.04750	0.15952	0.05632	0.05047	0.01627	0.01166	0.00539	0.00583	0.00173	0.00713	0.00607	0.00360	0.00728
51	0.01342	0.00831	0.01061	0.00922	0.01172	0.00816	0.04345	0.12524	0.08397	0.20523	0.02610	0.22565	0.13515	0.02879	0.00635	0.00189	0.00420	0.04080	0.00518	0.00656
52	0.00755	0.00516	0.00624	0.00624	0.00643	0.00535	0.00385	0.00793	0.00774	0.01051	0.01590	0.03126	0.01771	0.65595	0.18587	0.00574	0.00689	0.00716	0.00308	0.00346
53	0.01080	0.00926	0.01080	0.00771	0.01234	0.00694	0.00617	0.01311	0.01080	0.01697	0.00926	0.01080	0.00771	0.00386	0.00386	0.00077	0.00386	0.00309	0.00309	0.84882
54	0.01392	0.01561	0.01657	0.01501	0.05935	0.25603	0.05701	0.01542	0.01060	0.01312	0.00806	0.02781	0.00752	0.00756	0.01170	0.00191	0.44980	0.00450	0.00250	0.00600
55	0.00760	0.00492	0.00559	0.00588	0.00693	0.00459	0.00421	0.00930	0.01131	0.01648	0.13228	0.25471	0.19465	0.02957	0.00591	0.00173	0.00271	0.00972	0.28737	0.00454

[dist]
# distance from previous block
# <min> <max>
0	1

[block]
# block no. 5 follows, 47 sequences, length 54
# corresponding to MSA columns:
# 552-605
name=unknown_F
#
# <colnr> <probs for GDERKNQSTAVLIFYWHMCP>
#	G	D	E	R	K	N	Q	S	T	A	V	L	I	F	Y	W	H	M	C	P
0	0.03995	0.01548	0.01251	0.01110	0.01391	0.29511	0.00860	0.09408	0.25185	0.06757	0.09558	0.01806	0.01538	0.00689	0.00516	0.00159	0.00605	0.02975	0.00439	0.00700
1	0.00634	0.00453	0.00604	0.00725	0.00755	0.00423	0.00483	0.00725	0.00997	0.01329	0.02870	0.81358	0.03444	0.01632	0.00665	0.00211	0.00302	0.01480	0.00483	0.00423
2	0.00956	0.00856	0.00849	0.00847	0.00991	0.12435	0.00660	0.03083	0.01358	0.01736	0.32809	0.13387	0.07794	0.01149	0.00622	0.00184	0.00423	0.18871	0.00487	0.00504
3	0.00634	0.00453	0.00604	0.00725	0.00755	0.00423	0.00483	0.00725	0.00997	0.01329	0.02870	0.81358	0.03444	0.01632	0.00665	0.00211	0.00302	0.01480	0.00483	0.00423
4	0.01080	0.00926	0.01080	0.00771	0.01234	0.00694	0.00617	0.01311	0.01080	0.01697	0.00926	0.01080	0.00771	0.00386	0.00386	0.00077	0.00386	0.00309	0.00309	0.84882
5	0.01019	0.00945	0.01562	0.77606	0.03516	0.01173	0.01430	0.04033	0.01092	0.01401	0.00937	0.01383	0.00701	0.00524	0.00521	0.00173	0.00690	0.00463	0.00242	0.00590
6	0.01289	0.01237	0.02114	0.03196	0.78450	0.01237	0.01598	0.01598	0.01186	0.01701	0.00980	0.01289	0.00825	0.00464	0.00516	0.00155	0.00619	0.00464	0.00258	0.00825
7	0.01289	0.01237	0.02114	0.03196	0.78450	0.01237	0.01598	0.01598	0.01186	0.01701	0.00980	0.01289	0.00825	0.00464	0.00516	0.00155	0.00619	0.00464	0.00258	0.00825
8	0.00734	0.00471	0.00628	0.00674	0.00724	0.00442	0.00461	0.00737	0.00960	0.01267	0.09780	0.35698	0.13294	0.01594	0.01124	0.29279	0.00343	0.01021	0.00404	0.00364
9	0.00757	0.00505	0.00568	0.00568	0.00568	0.00505	0.00316	0.00757	0.00757	0.01010	0.01641	0.03408	0.01893	0.81698	0.02651	0.00505	0.00505	0.00757	0.00316	0.00316
10	0.85377	0.01007	0.00765	0.00685	0.01007	0.01168	0.00564	0.01531	0.00886	0.02336	0.00725	0.00846	0.00564	0.00483	0.00322	0.00161	0.00403	0.00282	0.00322	0.00564
11	0.01412	0.79161	0.02684	0.00907	0.01346	0.04840	0.00895	0.01578	0.01073	0.01227	0.00727	0.00839	0.00668	0.00449	0.00339	0.00112	0.00571	0.00280	0.00224	0.00666
12	0.01945	0.02482	0.01476	0.01342	0.01610	0.79608	0.01006	0.02079	0.01476	0.01275	0.00805	0.00939	0.00671	0.00537	0.00470	0.00134	0.00939	0.00335	0.00268	0.00604
13	0.00757	0.00505	0.00568	0.00568	0.00568	0.00505	0.00316	0.00757	0.00757	0.01010	0.01641	0.03408	0.01893	0.81698	0.02651	0.00505	0.00505	0.00757	0.00316	0.00316
14	0.01959	0.02085	0.01510	0.01286	0.01612	0.49314	0.01000	0.31069	0.01854	0.02054	0.00978	0.01060	0.00754	0.00571	0.00490	0.00143	0.00797	0.00387	0.00366	0.00713
15	0.02055	0.01148	0.01356	0.01034	0.01449	0.01141	0.00852	0.35826	0.01882	0.37376	0.01584	0.01471	0.01058	0.00611	0.00509	0.00151	0.00496	0.00478	0.00557	0.08967
16	0.29815	0.00695	0.00724	0.00692	0.00877	0.00727	0.00541	0.01160	0.01219	0.02083	0.40935	0.08355	0.03180	0.00931	0.00525	0.00172	0.00320	0.06064	0.00474	0.00511
17	0.00757	0.00505	0.00568	0.00568	0.00568	0.00505	0.00316	0.00757	0.00757	0.01010	0.01641	0.03408	0.01893	0.81698	0.02651	0.00505	0.00505	0.00757	0.00316	0.00316
18	0.00628	0.00479	0.00578	0.00657	0.00737	0.00429	0.00453	0.00733	0.01062	0.01356	0.03697	0.55129	0.29140	0.01524	0.00648	0.00199	0.00289	0.01349	0.00483	0.00429
19	0.01419	0.78398	0.02677	0.00905	0.01349	0.02041	0.00895	0.04931	0.01121	0.01317	0.00748	0.00854	0.00678	0.00454	0.00343	0.00113	0.00558	0.00287	0.00236	0.00678
20	0.01945	0.02482	0.01476	0.01342	0.01610	0.79608	0.01006	0.02079	0.01476	0.01275	0.00805	0.00939	0.00671	0.00537	0.00470	0.00134	0.00939	0.00335	0.00268	0.00604
21	0.00983	0.00926	0.01562	0.80447	0.03587	0.01157	0.01446	0.01331	0.01041	0.01331	0.00926	0.01388	0.00694	0.00521	0.00521	0.00174	0.00694	0.00463	0.00231	0.00579
22	0.00689	0.00530	0.00629	0.00604	0.00748	0.00471	0.00453	0.00889	0.01360	0.01817	0.49179	0.04336	0.34079	0.01166	0.00615	0.00169	0.00253	0.01004	0.00538	0.00471
23	0.01229	0.01405	0.03073	0.02195	0.02722	0.01317	0.76558	0.01668	0.01229	0.01668	0.01054	0.01405	0.00790	0.00439	0.00615	0.00176	0.00878	0.00615	0.00263	0.00702
24	0.85377	0.01007	0.00765	0.00685	0.01007	0.01168	0.00564	0.01531	0.00886	0.02336	0.00725	0.00846	0.00564	0.00483	0.00322	0.00161	0.00403	0.00282	0.00322	0.00564
25	0.00634	0.00453	0.00604	0.00725	0.00755	0.00423	0.00483	0.00725	0.00997	0.01329	0.02870	0.81358	0.03444	0.01632	0.00665	0.00211	0.00302	0.01480	0.00483	0.00423
26	0.01229	0.01405	0.03073	0.02195	0.02722	0.01317	0.76558	0.01668	0.01229	0.01668	0.01054	0.01405	0.00790	0.00439	0.00615	0.00176	0.00878	0.00615	0.00263	0.00702
27	0.00903	0.00744	0.00828	0.00821	0.01018	0.00770	0.00651	0.01518	0.27402	0.01704	0.03490	0.07586	0.30832	0.01151	0.00613	0.00193	0.00367	0.18330	0.00499	0.00580
28	0.00757	0.00505	0.00568	0.00568	0.00568	0.00505	0.00316	0.00757	0.00757	0.01010	0.01641	0.03408	0.01893	0.81698	0.02651	0.00505	0.00505	0.00757	0.00316	0.00316
29	0.00690	0.00530	0.00631	0.00606	0.00749	0.00471	0.00454	0.00891	0.01363	0.01824	0.49860	0.04326	0.33394	0.01163	0.00615	0.00168	0.00253	0.01003	0.00538	0.00471
30	0.01910	0.07536	0.01555	0.01313	0.01593	0.74679	0.00999	0.02046	0.01449	0.01271	0.00800	0.00933	0.00671	0.00531	0.00461	0.00133	0.00915	0.00332	0.00265	0.00608
31	0.01660	0.01293	0.01376	0.01123	0.01482	0.01451	0.00905	0.44139	0.33357	0.02775	0.01719	0.01639	0.03305	0.00678	0.00527	0.00165	0.00498	0.00536	0.00524	0.00848
32	0.00659	0.00529	0.00587	0.00573	0.00730	0.00458	0.00430	0.00831	0.01289	0.01649	0.31151	0.04614	0.52212	0.01229	0.00615	0.00172	0.00257	0.01043	0.00515	0.00458
33	0.00770	0.00550	0.00760	0.00880	0.00969	0.00540	0.00719	0.00959	0.01130	0.01481	0.02796	0.31463	0.03149	0.01504	0.00701	0.00230	0.00419	0.50041	0.00481	0.00460
34	0.21599	0.01213	0.03762	0.00969	0.01354	0.08586	0.00813	0.13252	0.01477	0.39707	0.01467	0.01376	0.00979	0.00589	0.00470	0.00158	0.00512	0.00436	0.00501	0.00780
35	0.01426	0.29191	0.02180	0.02023	0.36684	0.15368	0.01226	0.01651	0.01189	0.01454	0.00902	0.02802	0.00800	0.00496	0.00448	0.00137	0.00647	0.00399	0.00252	0.00723
36	0.01169	0.33061	0.47496	0.01233	0.01860	0.01515	0.01487	0.01596	0.01094	0.01499	0.03068	0.01078	0.00785	0.00492	0.00437	0.00144	0.00673	0.00360	0.00231	0.00723
37	0.06033	0.01825	0.40389	0.01311	0.01872	0.01056	0.09609	0.01780	0.03392	0.17330	0.06394	0.04268	0.01202	0.00602	0.00519	0.00167	0.00633	0.00513	0.00358	0.00745
38	0.00708	0.00505	0.00684	0.00801	0.00862	0.00486	0.00601	0.00848	0.01060	0.01400	0.02800	0.53411	0.03251	0.03635	0.00735	0.00229	0.00368	0.26700	0.00478	0.00440
39	0.00983	0.00926	0.01562	0.80447	0.03587	0.01157	0.01446	0.01331	0.01041	0.01331	0.00926	0.01388	0.00694	0.00521	0.00521	0.00174	0.00694	0.00463	0.00231	0.00579
40	0.01333	0.01253	0.01756	0.05263	0.45735	0.04782	0.01306	0.04594	0.24792	0.01871	0.01331	0.01477	0.01051	0.00550	0.00518	0.00161	0.00571	0.00497	0.00350	0.00808
41	0.01124	0.00644	0.00660	0.00605	0.00774	0.00672	0.00468	0.11916	0.03816	0.02138	0.01649	0.01844	0.01280	0.00613	0.00392	0.00128	0.00295	0.00486	0.69943	0.00553
42	0.01247	0.01280	0.02407	0.02505	0.37480	0.01230	0.33347	0.01646	0.03862	0.01704	0.01047	0.01344	0.00833	0.00456	0.00548	0.00158	0.00703	0.00520	0.00274	0.07410
43	0.01157	0.00594	0.00781	0.00758	0.00907	0.00537	0.00548	0.01281	0.01151	0.24406	0.06067	0.43189	0.06076	0.09001	0.00809	0.00221	0.00359	0.01084	0.00519	0.00554
44	0.00737	0.00532	0.00696	0.00655	0.00778	0.00491	0.00491	0.00983	0.01474	0.02088	0.78175	0.03890	0.04914	0.01065	0.00614	0.00164	0.00246	0.00942	0.00573	0.00491
45	0.00983	0.00926	0.01562	0.80447	0.03587	0.01157	0.01446	0.01331	0.01041	0.01331	0.00926	0.01388	0.00694	0.00521	0.00521	0.00174	0.00694	0.00463	0.00231	0.00579
46	0.01152	0.27239	0.55398	0.01301	0.01970	0.01473	0.01604	0.01621	0.01087	0.01518	0.00869	0.01018	0.00662	0.00480	0.00445	0.00148	0.00704	0.00352	0.00221	0.00738
47	0.00757	0.00505	0.00568	0.00568	0.00568	0.00505	0.00316	0.00757	0.00757	0.01010	0.01641	0.03408	0.01893	0.81698	0.02651	0.00505	0.00505	0.00757	0.00316	0.00316
48	0.00757	0.00505	0.00568	0.00568	0.00568	0.00505	0.00316	0.00757	0.00757	0.01010	0.01641	0.03408	0.01893	0.81698	0.02651	0.00505	0.00505	0.00757	0.00316	0.00316
49	0.00971	0.00485	0.00485	0.00485	0.00607	0.00485	0.00364	0.01213	0.01092	0.01942	0.01699	0.01942	0.01335	0.00607	0.00364	0.00121	0.00243	0.00485	0.84589	0.00485
50	0.00634	0.00453	0.00604	0.00725	0.00755	0.00423	0.00483	0.00725	0.00997	0.01329	0.02870	0.81358	0.03444	0.01632	0.00665	0.00211	0.00302	0.01480	0.00483	0.00423
51	0.01392	0.82012	0.02729	0.00891	0.01337	0.02061	0.00891	0.01559	0.01058	0.01225	0.00724	0.00835	0.00668	0.00446	0.00334	0.00111	0.00557	0.00278	0.00223	0.00668
52	0.01045	0.02694	0.79000	0.01484	0.02254	0.01209	0.01924	0.01649	0.01099	0.01649	0.00935	0.01099	0.00660	0.00495	0.00495	0.00165	0.00770	0.00385	0.00220	0.00770
53	0.01080	0.00926	0.01080	0.00771	0.01234	0.00694	0.00617	0.01311	0.01080	0.01697	0.00926	0.01080	0.00771	0.00386	0.00386	0.00077	0.00386	0.00309	0.00309	0.84882

[dist]
# distance from previous block
# <min> <max>
0	1

[block]
# block no. 6 follows, 47 sequences, length 53
# corresponding to MSA columns:
# 607-659
name=unknown_G
#
# <colnr> <probs for GDERKNQSTAVLIFYWHMCP>
#	G	D	E	R	K	N	Q	S	T	A	V	L	I	F	Y	W	H	M	C	P
0	0.01080	0.00926	0.01080	0.00771	0.01234	0.00694	0.00617	0.01311	0.01080	0.01697	0.00926	0.01080	0.00771	0.00386	0.00386	0.00077	0.00386	0.00309	0.00309	0.84882
1	0.01887	0.01386	0.01491	0.01167	0.01565	0.01535	0.00956	0.62675	0.13979	0.05805	0.01413	0.01376	0.01008	0.00638	0.00522	0.00160	0.00544	0.00489	0.00527	0.00876
2	0.00744	0.00558	0.00837	0.00837	0.00930	0.00651	0.00651	0.00930	0.00837	0.01209	0.01395	0.02046	0.01302	0.03906	0.79635	0.00837	0.01395	0.00558	0.00279	0.00465
3	0.01980	0.01459	0.01563	0.01198	0.01615	0.01615	0.00990	0.76713	0.02448	0.03282	0.01250	0.01250	0.00886	0.00625	0.00521	0.00156	0.00573	0.00469	0.00521	0.00886
4	0.01045	0.02694	0.79000	0.01484	0.02254	0.01209	0.01924	0.01649	0.01099	0.01649	0.00935	0.01099	0.00660	0.00495	0.00495	0.00165	0.00770	0.00385	0.00220	0.00770
5	0.01980	0.01459	0.01563	0.01198	0.01615	0.01615	0.00990	0.76713	0.02448	0.03282	0.01250	0.01250	0.00886	0.00625	0.00521	0.00156	0.00573	0.00469	0.00521	0.00886
6	0.00825	0.00595	0.00820	0.00932	0.01056	0.00590	0.00812	0.01058	0.01198	0.01549	0.02913	0.05821	0.07642	0.01431	0.00713	0.00236	0.00466	0.70386	0.00480	0.00477
7	0.01045	0.02694	0.79000	0.01484	0.02254	0.01209	0.01924	0.01649	0.01099	0.01649	0.00935	0.01099	0.00660	0.00495	0.00495	0.00165	0.00770	0.00385	0.00220	0.00770
8	0.01045	0.02694	0.79000	0.01484	0.02254	0.01209	0.01924	0.01649	0.01099	0.01649	0.00935	0.01099	0.00660	0.00495	0.00495	0.00165	0.00770	0.00385	0.00220	0.00770
9	0.01328	0.00830	0.00866	0.00737	0.00963	0.00885	0.00585	0.27917	0.01572	0.02416	0.01540	0.01697	0.01176	0.00613	0.00420	0.00134	0.00360	0.00480	0.54855	0.00627
10	0.00983	0.00926	0.01562	0.80447	0.03587	0.01157	0.01446	0.01331	0.01041	0.01331	0.00926	0.01388	0.00694	0.00521	0.00521	0.00174	0.00694	0.00463	0.00231	0.00579
11	0.01760	0.00761	0.01012	0.00819	0.01128	0.00664	0.00660	0.01966	0.01459	0.51613	0.22356	0.02623	0.09231	0.00816	0.00556	0.00163	0.00375	0.00686	0.00611	0.00742
12	0.00615	0.00528	0.00528	0.00528	0.00703	0.00440	0.00396	0.00747	0.01187	0.01407	0.05276	0.05012	0.78238	0.01319	0.00615	0.00176	0.00264	0.01099	0.00484	0.00440
13	0.00757	0.00505	0.00568	0.00568	0.00568	0.00505	0.00316	0.00757	0.00757	0.01010	0.01641	0.03408	0.01893	0.81698	0.02651	0.00505	0.00505	0.00757	0.00316	0.00316
14	0.01045	0.02694	0.79000	0.01484	0.02254	0.01209	0.01924	0.01649	0.01099	0.01649	0.00935	0.01099	0.00660	0.00495	0.00495	0.00165	0.00770	0.00385	0.00220	0.00770
15	0.02336	0.00886	0.01209	0.00927	0.01329	0.00765	0.00765	0.02538	0.01491	0.78810	0.02055	0.01773	0.01289	0.00645	0.00524	0.00161	0.00443	0.00524	0.00645	0.00886
16	0.01229	0.01405	0.03073	0.02195	0.02722	0.01317	0.76558	0.01668	0.01229	0.01668	0.01054	0.01405	0.00790	0.00439	0.00615	0.00176	0.00878	0.00615	0.00263	0.00702
17	0.01045	0.02694	0.79000	0.01484	0.02254	0.01209	0.01924	0.01649	0.01099	0.01649	0.00935	0.01099	0.00660	0.00495	0.00495	0.00165	0.00770	0.00385	0.00220	0.00770
18	0.01045	0.02694	0.79000	0.01484	0.02254	0.01209	0.01924	0.01649	0.01099	0.01649	0.00935	0.01099	0.00660	0.00495	0.00495	0.00165	0.00770	0.00385	0.00220	0.00770
19	0.01275	0.01106	0.01203	0.06354	0.01503	0.01286	0.00866	0.02671	0.72409	0.02122	0.02040	0.01906	0.01530	0.00694	0.00529	0.00176	0.00431	0.00580	0.00510	0.00808
20	0.00615	0.00528	0.00528	0.00528	0.00703	0.00440	0.00396	0.00747	0.01187	0.01407	0.05276	0.05012	0.78238	0.01319	0.00615	0.00176	0.00264	0.01099	0.00484	0.00440
21	0.01914	0.01107	0.05278	0.01006	0.01392	0.01020	0.00858	0.21027	0.08471	0.40690	0.10011	0.01850	0.01573	0.00683	0.00532	0.00162	0.00469	0.00554	0.00573	0.00832
22	0.01151	0.01295	0.07047	0.01537	0.01692	0.01515	0.15987	0.01361	0.00902	0.01361	0.00773	0.01189	0.00703	0.00791	0.01413	0.00213	0.59744	0.00482	0.00234	0.00609
23	0.00634	0.00453	0.00604	0.00725	0.00755	0.00423	0.00483	0.00725	0.00997	0.01329	0.02870	0.81358	0.03444	0.01632	0.00665	0.00211	0.00302	0.01480	0.00483	0.00423
24	0.01269	0.01217	0.02077	0.08348	0.73457	0.01232	0.01588	0.01580	0.01176	0.01677	0.00976	0.01296	0.00816	0.00468	0.00516	0.00156	0.00624	0.00464	0.00256	0.00808
25	0.00975	0.00864	0.01576	0.01312	0.01563	0.00822	0.27493	0.03118	0.01200	0.03548	0.06178	0.27454	0.02362	0.01084	0.00650	0.00200	0.00554	0.18070	0.00415	0.00562
26	0.01229	0.01405	0.03073	0.02195	0.02722	0.01317	0.76558	0.01668	0.01229	0.01668	0.01054	0.01405	0.00790	0.00439	0.00615	0.00176	0.00878	0.00615	0.00263	0.00702
27	0.00632	0.00497	0.00571	0.00618	0.00730	0.00436	0.00439	0.00754	0.01128	0.01421	0.09271	0.36651	0.42144	0.01431	0.00636	0.00190	0.00278	0.01247	0.00490	0.00436
28	0.01328	0.01513	0.02487	0.10857	0.02528	0.14664	0.49460	0.01782	0.06953	0.01601	0.01076	0.01364	0.00819	0.00485	0.00573	0.00168	0.00833	0.00548	0.00281	0.00681
29	0.01875	0.01491	0.01346	0.01135	0.01459	0.23498	0.00897	0.13354	0.19624	0.24172	0.01538	0.01472	0.01099	0.00637	0.00559	0.00159	0.03958	0.00475	0.00475	0.00778
30	0.01289	0.01237	0.02114	0.03196	0.78450	0.01237	0.01598	0.01598	0.01186	0.01701	0.00980	0.01289	0.00825	0.00464	0.00516	0.00155	0.00619	0.00464	0.00258	0.00825
31	0.01618	0.13298	0.23365	0.01321	0.01753	0.47155	0.01248	0.01889	0.01314	0.01373	0.00830	0.00970	0.00667	0.00513	0.00458	0.00140	0.00840	0.00342	0.00249	0.00659
32	0.01324	0.66551	0.17596	0.01007	0.01515	0.01895	0.01092	0.01577	0.01066	0.01308	0.00765	0.00887	0.00667	0.00455	0.00365	0.00122	0.00598	0.00299	0.00222	0.00688
33	0.00679	0.00485	0.00650	0.00757	0.00808	0.00460	0.00541	0.00803	0.01055	0.01408	0.07469	0.61645	0.03420	0.03542	0.00720	0.00221	0.00334	0.14086	0.00484	0.00434
34	0.00652	0.00529	0.00578	0.00566	0.00726	0.00455	0.00424	0.00818	0.01273	0.01610	0.27038	0.04677	0.56349	0.01243	0.00615	0.00172	0.00258	0.01052	0.00510	0.00455
35	0.00922	0.00772	0.01288	0.01113	0.01305	0.00744	0.18712	0.05221	0.01157	0.04284	0.02414	0.48365	0.07143	0.01219	0.00662	0.00196	0.02379	0.01136	0.00433	0.00536
36	0.05405	0.01247	0.01405	0.01116	0.01473	0.07095	0.05884	0.31832	0.08101	0.17935	0.11539	0.01729	0.01519	0.00668	0.00528	0.00160	0.00531	0.00544	0.00509	0.00781
37	0.00634	0.00453	0.00604	0.00725	0.00755	0.00423	0.00483	0.00725	0.00997	0.01329	0.02870	0.81358	0.03444	0.01632	0.00665	0.00211	0.00302	0.01480	0.00483	0.00423
38	0.01229	0.01405	0.03073	0.02195	0.02722	0.01317	0.76558	0.01668	0.01229	0.01668	0.01054	0.01405	0.00790	0.00439	0.00615	0.00176	0.00878	0.00615	0.00263	0.00702
39	0.01336	0.01270	0.02397	0.01779	0.02229	0.01244	0.49767	0.01994	0.19401	0.08793	0.01441	0.01678	0.01081	0.00546	0.00589	0.00176	0.00718	0.02454	0.00367	0.00743
40	0.01283	0.01254	0.02211	0.03095	0.70747	0.01245	0.09223	0.01605	0.01190	0.01698	0.00987	0.01301	0.00821	0.00461	0.00526	0.00157	0.00645	0.00479	0.00258	0.00812
41	0.00634	0.00453	0.00604	0.00725	0.00755	0.00423	0.00483	0.00725	0.00997	0.01329	0.02870	0.81358	0.03444	0.01632	0.00665	0.00211	0.00302	0.01480	0.00483	0.00423
42	0.01537	0.01035	0.01440	0.45486	0.02625	0.05894	0.01173	0.05491	0.01285	0.26921	0.01306	0.01480	0.00898	0.00568	0.00519	0.00166	0.00621	0.00475	0.00384	0.00696
43	0.01325	0.18737	0.30791	0.01219	0.01720	0.08371	0.01281	0.04622	0.19379	0.03598	0.01193	0.01254	0.00908	0.00559	0.00503	0.00155	0.02900	0.00415	0.00320	0.00748
44	0.01030	0.02589	0.75194	0.01444	0.02182	0.01175	0.01854	0.01617	0.01118	0.01671	0.04689	0.01235	0.00866	0.00522	0.00501	0.00165	0.00744	0.00412	0.00237	0.00756
45	0.00787	0.00612	0.00781	0.00829	0.00941	0.00624	0.00660	0.01040	0.05857	0.01539	0.09455	0.23007	0.17123	0.01352	0.00729	0.00210	0.05450	0.28041	0.00476	0.00487
46	0.01711	0.01893	0.06434	0.01371	0.01735	0.39416	0.13540	0.09529	0.01490	0.09649	0.01380	0.01464	0.06847	0.00599	0.00517	0.00151	0.00777	0.00478	0.00346	0.00676
47	0.01041	0.04860	0.44056	0.29384	0.02637	0.01246	0.01669	0.01509	0.01059	0.01497	0.00908	0.01195	0.00674	0.00528	0.00573	0.00170	0.05672	0.00413	0.00225	0.00686
48	0.01562	0.01751	0.01823	0.02368	0.44450	0.33795	0.01331	0.01830	0.03364	0.01537	0.00938	0.01161	0.00782	0.00501	0.00497	0.00147	0.00746	0.00414	0.00269	0.00733
49	0.01325	0.05881	0.43146	0.06544	0.15954	0.01176	0.01585	0.01769	0.01177	0.14912	0.01125	0.01255	0.00801	0.00514	0.00497	0.00160	0.00671	0.00423	0.00301	0.00783
50	0.01070	0.01082	0.02012	0.01513	0.01879	0.01036	0.41152	0.06013	0.03223	0.01737	0.09115	0.05214	0.18962	0.00768	0.00636	0.00176	0.02646	0.00771	0.00371	0.00625
51	0.00634	0.00455	0.00602	0.00720	0.00754	0.00423	0.00481	0.00726	0.01002	0.01331	0.02933	0.79381	0.05382	0.01623	0.00663	0.00211	0.00301	0.01471	0.00483	0.00423
52	0.01328	0.01163	0.01632	0.21857	0.26148	0.01295	0.01252	0.14291	0.21763	0.01997	0.01316	0.01483	0.01006	0.00570	0.00522	0.00166	0.00575	0.00498	0.00367	0.00772

[dist]
# distance from previous block
# <min> <max>
4	38

# created by:
# /st0/software/busco_prod/Augustus/scripts/msa2prfl.pl ./align_prep/43750.fa
