[name]
unknown

[dist]
# distance from previous block
# <min> <max>
0	25

[block]
# block no. 0 follows, 43 sequences, length 9
# corresponding to MSA columns:
# 25-33
name=unknown_A
#
# <colnr> <probs for GDERKNQSTAVLIFYWHMCP>
#	G	D	E	R	K	N	Q	S	T	A	V	L	I	F	Y	W	H	M	C	P
0	0.01173	0.00762	0.01065	0.01016	0.04330	0.00763	0.05357	0.01358	0.04006	0.13058	0.01921	0.03407	0.01924	0.40286	0.01765	0.00370	0.03643	0.12838	0.00418	0.00539
1	0.17749	0.01098	0.01248	0.12970	0.01693	0.01272	0.00926	0.09111	0.23981	0.06924	0.01841	0.01885	0.08095	0.00742	0.00643	0.00186	0.07903	0.00562	0.00444	0.00729
2	0.01092	0.00629	0.00896	0.10321	0.01246	0.00628	0.00684	0.01162	0.01057	0.12991	0.02047	0.28177	0.02136	0.09119	0.01213	0.19711	0.00465	0.05510	0.00427	0.00490
3	0.00907	0.00704	0.00922	0.00890	0.00993	0.00814	0.00665	0.01265	0.12435	0.01398	0.01623	0.02445	0.01543	0.21222	0.44802	0.00666	0.05198	0.00642	0.00344	0.00522
4	0.01574	0.01618	0.01586	0.13267	0.01976	0.24397	0.04930	0.12736	0.04242	0.01844	0.01032	0.01238	0.00820	0.00576	0.00604	0.00150	0.06593	0.00427	0.00336	0.20056
5	0.01258	0.01357	0.08441	0.01610	0.19467	0.11789	0.01081	0.06418	0.01357	0.01801	0.18726	0.02275	0.02017	0.13016	0.01008	0.00228	0.06485	0.00632	0.00376	0.00657
6	0.01631	0.13998	0.01950	0.01756	0.17085	0.28052	0.01214	0.05959	0.01323	0.01556	0.00877	0.01128	0.00763	0.00641	0.00807	0.00169	0.19688	0.00414	0.00281	0.00709
7	0.14203	0.01340	0.01658	0.08559	0.01795	0.07814	0.08266	0.13143	0.01269	0.01901	0.00935	0.01260	0.00782	0.00873	0.04457	0.00229	0.30058	0.00470	0.00317	0.00671
8	0.01261	0.01152	0.08205	0.01059	0.01322	0.05330	0.00892	0.06688	0.02728	0.09944	0.01838	0.28703	0.01862	0.01029	0.00769	0.00186	0.12312	0.00836	0.00428	0.13456

[dist]
# distance from previous block
# <min> <max>
10	17

[block]
# block no. 1 follows, 43 sequences, length 23
# corresponding to MSA columns:
# 55-77
name=unknown_B
#
# <colnr> <probs for GDERKNQSTAVLIFYWHMCP>
#	G	D	E	R	K	N	Q	S	T	A	V	L	I	F	Y	W	H	M	C	P
0	0.01384	0.26832	0.19325	0.01233	0.04361	0.01556	0.01190	0.12612	0.01328	0.01814	0.00991	0.01235	0.00831	0.04570	0.00676	0.00166	0.06722	0.00404	0.00303	0.12467
1	0.13532	0.13266	0.01716	0.01216	0.01453	0.05963	0.01028	0.14612	0.01291	0.05705	0.00927	0.01161	0.00776	0.00739	0.01025	0.00191	0.33936	0.00429	0.00336	0.00699
2	0.01056	0.00820	0.01090	0.01179	0.12389	0.00811	0.00770	0.11835	0.01656	0.02306	0.50961	0.03377	0.07557	0.00983	0.00623	0.00172	0.00372	0.00861	0.00547	0.00633
3	0.01313	0.01116	0.01423	0.06678	0.12908	0.01000	0.00931	0.12096	0.01373	0.02022	0.01043	0.01231	0.00841	0.00469	0.00462	0.00114	0.00499	0.00389	0.00347	0.53749
4	0.00986	0.00761	0.01031	0.01238	0.12376	0.00763	0.00770	0.11654	0.01313	0.01773	0.02502	0.56979	0.02853	0.01394	0.00661	0.00207	0.00413	0.01257	0.00484	0.00585
5	0.01133	0.00733	0.00876	0.01024	0.11793	0.00761	0.00650	0.01597	0.12413	0.02066	0.01763	0.01965	0.01382	0.00639	0.00437	0.00143	0.00343	0.00529	0.59130	0.00622
6	0.02055	0.01532	0.01664	0.01284	0.01703	0.01716	0.01062	0.71089	0.02505	0.03369	0.01296	0.01323	0.00930	0.00682	0.00625	0.00170	0.05036	0.00498	0.00537	0.00923
7	0.01261	0.00804	0.00947	0.00849	0.01094	0.00785	0.00683	0.12063	0.05322	0.13624	0.17278	0.03789	0.21633	0.01079	0.00622	0.00186	0.00395	0.11710	0.05228	0.00649
8	0.01588	0.02097	0.12816	0.01318	0.01635	0.41412	0.01120	0.01979	0.10902	0.01545	0.01365	0.12596	0.01263	0.00777	0.00615	0.00171	0.05208	0.00582	0.00344	0.00669
9	0.01453	0.66598	0.05047	0.01334	0.12799	0.02033	0.01093	0.01667	0.01147	0.01392	0.00817	0.00969	0.00735	0.00478	0.00389	0.00127	0.00609	0.00329	0.00242	0.00739
10	0.00746	0.00565	0.00688	0.00657	0.00804	0.00506	0.00493	0.00971	0.01478	0.02008	0.55843	0.04488	0.26305	0.01212	0.00654	0.00178	0.00267	0.01051	0.00582	0.00506
11	0.01427	0.01503	0.03027	0.02175	0.02718	0.01448	0.63968	0.12792	0.01502	0.02031	0.01152	0.01469	0.00856	0.00497	0.00639	0.00184	0.00885	0.00630	0.00321	0.00776
12	0.00675	0.00482	0.00643	0.00771	0.00803	0.00450	0.00514	0.00771	0.01060	0.01414	0.03053	0.80175	0.03663	0.01735	0.00707	0.00225	0.00321	0.01574	0.00514	0.00450
13	0.01046	0.00984	0.01661	0.79205	0.03814	0.01230	0.01538	0.01415	0.01107	0.01415	0.00984	0.01477	0.00738	0.00554	0.00554	0.00185	0.00738	0.00492	0.00246	0.00615
14	0.00805	0.00537	0.00604	0.00604	0.00604	0.00537	0.00336	0.00805	0.00805	0.01074	0.01745	0.03624	0.02013	0.80536	0.02819	0.00537	0.00537	0.00805	0.00336	0.00336
15	0.00675	0.00482	0.00643	0.00771	0.00803	0.00450	0.00514	0.00771	0.01060	0.01414	0.03053	0.80175	0.03663	0.01735	0.00707	0.00225	0.00321	0.01574	0.00514	0.00450
16	0.00926	0.00645	0.00763	0.00718	0.00874	0.00644	0.00543	0.01375	0.12227	0.02199	0.49004	0.03368	0.03851	0.00967	0.00580	0.00166	0.00286	0.00837	0.19455	0.00572
17	0.01148	0.00984	0.01148	0.00820	0.01312	0.00738	0.00656	0.01395	0.01148	0.01805	0.00984	0.01148	0.00820	0.00410	0.00410	0.00082	0.00410	0.00328	0.00328	0.83922
18	0.01381	0.69287	0.02612	0.00939	0.01359	0.01975	0.00911	0.01562	0.01091	0.01301	0.00873	0.01074	0.00808	0.01005	0.11608	0.00230	0.00721	0.00339	0.00246	0.00680
19	0.01481	0.80869	0.02902	0.00948	0.01421	0.02191	0.00948	0.01658	0.01125	0.01303	0.00770	0.00888	0.00711	0.00474	0.00355	0.00118	0.00592	0.00296	0.00237	0.00711
20	0.00669	0.00505	0.00619	0.00709	0.00787	0.00455	0.00487	0.00778	0.01120	0.01438	0.03805	0.58150	0.25202	0.01637	0.00691	0.00214	0.00309	0.01455	0.00514	0.00455
21	0.01407	0.25030	0.19114	0.01181	0.01665	0.01600	0.01170	0.05790	0.31821	0.03591	0.01485	0.01476	0.01134	0.00613	0.00493	0.00163	0.00579	0.00472	0.00395	0.00819
22	0.01111	0.02865	0.77667	0.01579	0.02397	0.01286	0.02046	0.01754	0.01169	0.01754	0.00994	0.01169	0.00702	0.00526	0.00526	0.00175	0.00818	0.00409	0.00234	0.00818

[dist]
# distance from previous block
# <min> <max>
0	2

[block]
# block no. 2 follows, 43 sequences, length 23
# corresponding to MSA columns:
# 80-102
name=unknown_C
#
# <colnr> <probs for GDERKNQSTAVLIFYWHMCP>
#	G	D	E	R	K	N	Q	S	T	A	V	L	I	F	Y	W	H	M	C	P
0	0.00784	0.00566	0.00740	0.00697	0.00827	0.00523	0.00523	0.01045	0.01568	0.02221	0.76789	0.04137	0.05226	0.01132	0.00653	0.00174	0.00261	0.01002	0.00610	0.00523
1	0.01046	0.00984	0.01661	0.79205	0.03814	0.01230	0.01538	0.01415	0.01107	0.01415	0.00984	0.01477	0.00738	0.00554	0.00554	0.00185	0.00738	0.00492	0.00246	0.00615
2	0.01265	0.01191	0.01790	0.01450	0.01802	0.01264	0.23524	0.02304	0.43479	0.02034	0.02011	0.12021	0.01686	0.00792	0.00610	0.00192	0.00575	0.00758	0.00470	0.00782
3	0.00675	0.00482	0.00643	0.00771	0.00803	0.00450	0.00514	0.00771	0.01060	0.01414	0.03053	0.80175	0.03663	0.01735	0.00707	0.00225	0.00321	0.01574	0.00514	0.00450
4	0.01032	0.00516	0.00516	0.00516	0.00645	0.00516	0.00387	0.01290	0.01161	0.02065	0.01807	0.02065	0.01420	0.00645	0.00387	0.00129	0.00258	0.00516	0.83611	0.00516
5	0.01253	0.01626	0.12800	0.02166	0.02736	0.01343	0.62266	0.01727	0.01278	0.01755	0.01190	0.04970	0.00949	0.00531	0.00639	0.00187	0.00891	0.00663	0.00285	0.00743
6	0.01283	0.39098	0.42938	0.01285	0.01944	0.01707	0.01536	0.01710	0.01149	0.01544	0.00890	0.01039	0.00706	0.00502	0.00447	0.00149	0.00713	0.00357	0.00235	0.00768
7	0.01110	0.00620	0.00843	0.00793	0.00851	0.00641	0.00555	0.10385	0.00966	0.01290	0.01010	0.01638	0.00959	0.01761	0.01956	0.73029	0.00498	0.00483	0.00281	0.00331
8	0.00805	0.00537	0.00604	0.00604	0.00604	0.00537	0.00336	0.00805	0.00805	0.01074	0.01745	0.03624	0.02013	0.80536	0.02819	0.00537	0.00537	0.00805	0.00336	0.00336
9	0.01148	0.00984	0.01148	0.00820	0.01312	0.00738	0.00656	0.01395	0.01148	0.01805	0.00984	0.01148	0.00820	0.00410	0.00410	0.00082	0.00410	0.00328	0.00328	0.83922
10	0.00655	0.00561	0.00561	0.00561	0.00748	0.00468	0.00421	0.00795	0.01262	0.01496	0.05610	0.05330	0.76857	0.01403	0.00655	0.00187	0.00281	0.01169	0.00514	0.00468
11	0.01433	0.70753	0.12599	0.01029	0.01548	0.02074	0.01090	0.01671	0.01131	0.01361	0.00799	0.00925	0.00710	0.00481	0.00378	0.00126	0.00622	0.00311	0.00237	0.00725
12	0.00791	0.00593	0.00890	0.00890	0.00989	0.00692	0.00692	0.00989	0.00890	0.01286	0.01483	0.02176	0.01385	0.04154	0.78341	0.00890	0.01483	0.00593	0.00297	0.00494
13	0.01148	0.00984	0.01148	0.00820	0.01312	0.00738	0.00656	0.01395	0.01148	0.01805	0.00984	0.01148	0.00820	0.00410	0.00410	0.00082	0.00410	0.00328	0.00328	0.83922
14	0.00675	0.00482	0.00643	0.00771	0.00803	0.00450	0.00514	0.00771	0.01060	0.01414	0.03053	0.80175	0.03663	0.01735	0.00707	0.00225	0.00321	0.01574	0.00514	0.00450
15	0.02105	0.01551	0.01662	0.01274	0.01717	0.01717	0.01053	0.75235	0.02604	0.03490	0.01330	0.01330	0.00942	0.00665	0.00554	0.00166	0.00609	0.00499	0.00554	0.00942
16	0.00962	0.00481	0.00722	0.00722	0.00722	0.00481	0.00481	0.00722	0.00722	0.00962	0.00962	0.01684	0.00962	0.01924	0.02165	0.83886	0.00481	0.00481	0.00241	0.00241
17	0.00791	0.00593	0.00890	0.00890	0.00989	0.00692	0.00692	0.00989	0.00890	0.01286	0.01483	0.02176	0.01385	0.04154	0.78341	0.00890	0.01483	0.00593	0.00297	0.00494
18	0.01064	0.02393	0.60542	0.01464	0.02147	0.01158	0.05049	0.01631	0.01238	0.01821	0.12341	0.01781	0.01457	0.00644	0.00558	0.00178	0.00731	0.02739	0.00300	0.00762
19	0.01481	0.80869	0.02902	0.00948	0.01421	0.02191	0.00948	0.01658	0.01125	0.01303	0.00770	0.00888	0.00711	0.00474	0.00355	0.00118	0.00592	0.00296	0.00237	0.00711
20	0.00655	0.00561	0.00561	0.00561	0.00748	0.00468	0.00421	0.00795	0.01262	0.01496	0.05610	0.05330	0.76857	0.01403	0.00655	0.00187	0.00281	0.01169	0.00514	0.00468
21	0.01378	0.01190	0.01252	0.01127	0.01440	0.01378	0.00877	0.02943	0.76081	0.02317	0.02254	0.02066	0.01691	0.00751	0.00564	0.00188	0.00438	0.00626	0.00564	0.00877
22	0.02038	0.01526	0.01665	0.01288	0.01698	0.01716	0.01065	0.69658	0.02471	0.03328	0.01284	0.01321	0.00926	0.00688	0.00649	0.00172	0.06564	0.00498	0.00531	0.00916

[dist]
# distance from previous block
# <min> <max>
0	1

[block]
# block no. 3 follows, 43 sequences, length 31
# corresponding to MSA columns:
# 104-134
name=unknown_D
#
# <colnr> <probs for GDERKNQSTAVLIFYWHMCP>
#	G	D	E	R	K	N	Q	S	T	A	V	L	I	F	Y	W	H	M	C	P
0	0.02105	0.01551	0.01662	0.01274	0.01717	0.01717	0.01053	0.75235	0.02604	0.03490	0.01330	0.01330	0.00942	0.00665	0.00554	0.00166	0.00609	0.00499	0.00554	0.00942
1	0.01512	0.01388	0.06893	0.01191	0.01568	0.01443	0.00999	0.18146	0.55096	0.02524	0.01967	0.01845	0.01460	0.00717	0.00559	0.00182	0.00502	0.00583	0.00538	0.00886
2	0.01046	0.00984	0.01661	0.79205	0.03814	0.01230	0.01538	0.01415	0.01107	0.01415	0.00984	0.01477	0.00738	0.00554	0.00554	0.00185	0.00738	0.00492	0.00246	0.00615
3	0.00805	0.00537	0.00604	0.00604	0.00604	0.00537	0.00336	0.00805	0.00805	0.01074	0.01745	0.03624	0.02013	0.80536	0.02819	0.00537	0.00537	0.00805	0.00336	0.00336
4	0.00803	0.00548	0.00661	0.00661	0.00681	0.00568	0.00407	0.00842	0.00822	0.01116	0.01693	0.03335	0.01888	0.65301	0.17882	0.00607	0.00726	0.00763	0.00328	0.00367
5	0.02406	0.01068	0.01363	0.01045	0.01477	0.01001	0.00863	0.17688	0.01796	0.62179	0.02008	0.01770	0.01282	0.00681	0.00556	0.00170	0.00500	0.00545	0.00658	0.00942
6	0.00675	0.00482	0.00643	0.00771	0.00803	0.00450	0.00514	0.00771	0.01060	0.01414	0.03053	0.80175	0.03663	0.01735	0.00707	0.00225	0.00321	0.01574	0.00514	0.00450
7	0.02485	0.00943	0.01285	0.00985	0.01414	0.00814	0.00814	0.02699	0.01585	0.77465	0.02185	0.01885	0.01371	0.00685	0.00557	0.00171	0.00471	0.00557	0.00685	0.00943
8	0.02379	0.00912	0.01229	0.00951	0.01358	0.00792	0.00783	0.02597	0.01554	0.71985	0.02157	0.01898	0.01374	0.00683	0.00545	0.00168	0.00456	0.00554	0.06712	0.00912
9	0.00760	0.00565	0.00707	0.00671	0.00813	0.00512	0.00504	0.00998	0.01511	0.02085	0.63466	0.04360	0.18633	0.01183	0.00653	0.00177	0.00265	0.01033	0.00592	0.00512
10	0.00791	0.00593	0.00890	0.00890	0.00989	0.00692	0.00692	0.00989	0.00890	0.01286	0.01483	0.02176	0.01385	0.04154	0.78341	0.00890	0.01483	0.00593	0.00297	0.00494
11	0.02069	0.02640	0.01569	0.01427	0.01712	0.78313	0.01070	0.02212	0.01569	0.01355	0.00856	0.00999	0.00713	0.00571	0.00499	0.00143	0.00999	0.00357	0.00285	0.00642
12	0.00736	0.00502	0.00623	0.00703	0.00729	0.00482	0.00448	0.00808	0.00979	0.01331	0.02552	0.50612	0.02999	0.28197	0.01402	0.00325	0.00391	0.01264	0.04501	0.00415
13	0.02337	0.01086	0.01363	0.01055	0.01479	0.01039	0.00868	0.18011	0.06353	0.57272	0.02009	0.01779	0.01300	0.00685	0.00557	0.00171	0.00498	0.00549	0.00650	0.00938
14	0.00655	0.00561	0.00561	0.00561	0.00748	0.00468	0.00421	0.00795	0.01262	0.01496	0.05610	0.05330	0.76857	0.01403	0.00655	0.00187	0.00281	0.01169	0.00514	0.00468
15	0.00668	0.00562	0.00579	0.00575	0.00756	0.00473	0.00431	0.00820	0.01293	0.01570	0.12844	0.05209	0.69577	0.01375	0.00654	0.00186	0.00279	0.01152	0.00524	0.00473
16	0.84448	0.01071	0.00814	0.00728	0.01071	0.01242	0.00600	0.01628	0.00943	0.02485	0.00771	0.00900	0.00600	0.00514	0.00343	0.00171	0.00428	0.00300	0.00343	0.00600
17	0.00675	0.00482	0.00643	0.00771	0.00803	0.00450	0.00514	0.00771	0.01060	0.01414	0.03053	0.80175	0.03663	0.01735	0.00707	0.00225	0.00321	0.01574	0.00514	0.00450
18	0.00656	0.00557	0.00565	0.00572	0.00751	0.00467	0.00426	0.00794	0.01252	0.01492	0.05475	0.09291	0.72983	0.01420	0.00657	0.00189	0.00283	0.01190	0.00514	0.00467
19	0.00784	0.00566	0.00740	0.00697	0.00827	0.00523	0.00523	0.01045	0.01568	0.02221	0.76789	0.04137	0.05226	0.01132	0.00653	0.00174	0.00261	0.01002	0.00610	0.00523
20	0.06098	0.00948	0.01264	0.00974	0.01399	0.00833	0.00805	0.02652	0.01557	0.74160	0.02123	0.01842	0.01337	0.00678	0.00548	0.00171	0.00469	0.00546	0.00670	0.00927
21	0.01111	0.02865	0.77667	0.01579	0.02397	0.01286	0.02046	0.01754	0.01169	0.01754	0.00994	0.01169	0.00702	0.00526	0.00526	0.00175	0.00818	0.00409	0.00234	0.00818
22	0.00662	0.00564	0.00572	0.00576	0.00761	0.00473	0.00436	0.00806	0.01263	0.01501	0.05522	0.05360	0.74431	0.01407	0.00658	0.00189	0.00288	0.03546	0.00514	0.00469
23	0.01371	0.01316	0.02248	0.03399	0.77081	0.01316	0.01700	0.01700	0.01261	0.01809	0.01042	0.01371	0.00877	0.00493	0.00548	0.00164	0.00658	0.00493	0.00274	0.00877
24	0.01447	0.01162	0.01309	0.00962	0.01439	0.01044	0.00780	0.24470	0.01603	0.02331	0.01092	0.01205	0.00858	0.00490	0.00455	0.00108	0.00472	0.00381	0.00399	0.57990
25	0.00809	0.00580	0.00863	0.00863	0.00949	0.00666	0.00659	0.00956	0.00870	0.01246	0.01439	0.02174	0.01363	0.06479	0.68077	0.09313	0.01350	0.00589	0.00292	0.00463
26	0.03725	0.01239	0.01621	0.44466	0.04976	0.04775	0.01315	0.21765	0.06986	0.02086	0.01161	0.01439	0.00862	0.00596	0.00546	0.00177	0.00682	0.00492	0.00359	0.00732
27	0.01708	0.01922	0.01756	0.02091	0.29802	0.38842	0.01257	0.06728	0.01500	0.01676	0.01302	0.01474	0.06324	0.00609	0.00533	0.00156	0.00794	0.00476	0.00316	0.00737
28	0.00714	0.00512	0.00678	0.00744	0.00812	0.00476	0.00517	0.00870	0.01243	0.01705	0.29653	0.52744	0.04227	0.01518	0.00688	0.00207	0.00300	0.01368	0.00549	0.00476
29	0.02069	0.02640	0.01569	0.01427	0.01712	0.78313	0.01070	0.02212	0.01569	0.01355	0.00856	0.00999	0.00713	0.00571	0.00499	0.00143	0.00999	0.00357	0.00285	0.00642
30	0.01329	0.01263	0.02149	0.03217	0.71551	0.01271	0.01626	0.01648	0.01234	0.01771	0.01074	0.01429	0.00914	0.00759	0.06202	0.00217	0.00718	0.00501	0.00276	0.00849

[dist]
# distance from previous block
# <min> <max>
1	23

[block]
# block no. 4 follows, 43 sequences, length 49
# corresponding to MSA columns:
# 161-169,173-212
name=unknown_E
#
# <colnr> <probs for GDERKNQSTAVLIFYWHMCP>
#	G	D	E	R	K	N	Q	S	T	A	V	L	I	F	Y	W	H	M	C	P
0	0.01481	0.80869	0.02902	0.00948	0.01421	0.02191	0.00948	0.01658	0.01125	0.01303	0.00770	0.00888	0.00711	0.00474	0.00355	0.00118	0.00592	0.00296	0.00237	0.00711
1	0.01270	0.01214	0.02067	0.26795	0.54470	0.01290	0.01650	0.01612	0.01214	0.01688	0.01024	0.01403	0.00834	0.00512	0.00550	0.00171	0.00683	0.00493	0.00265	0.00796
2	0.66925	0.01096	0.00906	0.00812	0.01149	0.01271	0.00658	0.01905	0.16793	0.02449	0.01084	0.01146	0.00830	0.00564	0.00389	0.00175	0.00431	0.00369	0.00389	0.00658
3	0.00655	0.00561	0.00561	0.00561	0.00748	0.00468	0.00421	0.00795	0.01262	0.01496	0.05610	0.05330	0.76857	0.01403	0.00655	0.00187	0.00281	0.01169	0.00514	0.00468
4	0.00673	0.00488	0.00637	0.00756	0.00799	0.00451	0.00508	0.00773	0.01075	0.01420	0.03234	0.74879	0.08842	0.01712	0.00703	0.00222	0.00318	0.01546	0.00514	0.00451
5	0.01413	0.01141	0.01291	0.00946	0.01425	0.01009	0.00766	0.21840	0.01551	0.02271	0.01080	0.01199	0.00854	0.00481	0.00450	0.00105	0.00465	0.00375	0.00391	0.60945
6	0.01312	0.45336	0.36960	0.01235	0.01866	0.01779	0.01448	0.01702	0.01145	0.01508	0.00872	0.01016	0.00707	0.00498	0.00433	0.00144	0.00695	0.00348	0.00236	0.00760
7	0.07354	0.01613	0.01562	0.01235	0.01642	0.10950	0.01003	0.58020	0.02304	0.05051	0.01268	0.01329	0.00928	0.02488	0.00586	0.00172	0.00640	0.00477	0.00506	0.00870
8	0.00833	0.00595	0.00824	0.00952	0.01053	0.00586	0.00788	0.01044	0.01216	0.01590	0.02965	0.26576	0.03318	0.01586	0.00749	0.00247	0.00458	0.53616	0.00511	0.00493
9	0.84448	0.01071	0.00814	0.00728	0.01071	0.01242	0.00600	0.01628	0.00943	0.02485	0.00771	0.00900	0.00600	0.00514	0.00343	0.00171	0.00428	0.00300	0.00343	0.00600
10	0.01089	0.01028	0.01739	0.69176	0.13508	0.01242	0.01559	0.01453	0.01128	0.01467	0.00992	0.01463	0.00757	0.00546	0.00553	0.00182	0.00728	0.00492	0.00250	0.00650
11	0.11015	0.18792	0.01720	0.01132	0.01505	0.13478	0.00941	0.20246	0.20213	0.02238	0.01291	0.01316	0.01000	0.00620	0.00506	0.00160	0.02184	0.00442	0.00416	0.00784
12	0.02394	0.01088	0.01375	0.01054	0.01486	0.01029	0.00871	0.19990	0.01828	0.59831	0.01981	0.01753	0.01269	0.00681	0.00556	0.00170	0.00504	0.00543	0.00654	0.00942
13	0.01528	0.46425	0.19618	0.01160	0.01705	0.01886	0.01219	0.17201	0.01447	0.01867	0.00939	0.01045	0.00757	0.00526	0.00436	0.00141	0.00647	0.00365	0.00303	0.00784
14	0.00713	0.00546	0.00653	0.00662	0.00793	0.00487	0.00483	0.00895	0.01348	0.01782	0.34893	0.20618	0.31405	0.01359	0.00665	0.00190	0.00281	0.01184	0.00554	0.00487
15	0.67159	0.01044	0.00913	0.00783	0.01143	0.01152	0.00645	0.01854	0.01078	0.18302	0.01069	0.01108	0.00762	0.00550	0.00388	0.00171	0.00437	0.00354	0.00415	0.00672
16	0.00791	0.00593	0.00890	0.00890	0.00989	0.00692	0.00692	0.00989	0.00890	0.01286	0.01483	0.02176	0.01385	0.04154	0.78341	0.00890	0.01483	0.00593	0.00297	0.00494
17	0.00655	0.00561	0.00561	0.00561	0.00748	0.00468	0.00421	0.00795	0.01262	0.01496	0.05610	0.05330	0.76857	0.01403	0.00655	0.00187	0.00281	0.01169	0.00514	0.00468
18	0.00675	0.00482	0.00643	0.00771	0.00803	0.00450	0.00514	0.00771	0.01060	0.01414	0.03053	0.80175	0.03663	0.01735	0.00707	0.00225	0.00321	0.01574	0.00514	0.00450
19	0.02105	0.01551	0.01662	0.01274	0.01717	0.01717	0.01053	0.75235	0.02604	0.03490	0.01330	0.01330	0.00942	0.00665	0.00554	0.00166	0.00609	0.00499	0.00554	0.00942
20	0.00675	0.00482	0.00643	0.00771	0.00803	0.00450	0.00514	0.00771	0.01060	0.01414	0.03053	0.80175	0.03663	0.01735	0.00707	0.00225	0.00321	0.01574	0.00514	0.00450
21	0.84448	0.01071	0.00814	0.00728	0.01071	0.01242	0.00600	0.01628	0.00943	0.02485	0.00771	0.00900	0.00600	0.00514	0.00343	0.00171	0.00428	0.00300	0.00343	0.00600
22	0.00784	0.00566	0.00740	0.00697	0.00827	0.00523	0.00523	0.01045	0.01568	0.02221	0.76789	0.04137	0.05226	0.01132	0.00653	0.00174	0.00261	0.01002	0.00610	0.00523
23	0.01212	0.01212	0.01696	0.01454	0.01454	0.01696	0.01212	0.01333	0.00848	0.01333	0.00727	0.01212	0.00727	0.00969	0.01818	0.00242	0.79523	0.00485	0.00242	0.00606
24	0.01079	0.00991	0.01707	0.60706	0.05378	0.01169	0.08664	0.01444	0.01137	0.01534	0.01092	0.01541	0.00829	0.00554	0.00545	0.00178	0.00701	0.00511	0.09615	0.00624
25	0.01628	0.01364	0.02015	0.02633	0.50431	0.01411	0.01457	0.22786	0.03544	0.05511	0.01203	0.01398	0.00937	0.00557	0.00551	0.00166	0.00631	0.00501	0.00379	0.00898
26	0.01032	0.00947	0.01351	0.01213	0.01255	0.01267	0.00989	0.01186	0.00866	0.01313	0.01051	0.01624	0.01009	0.02333	0.34577	0.00520	0.46114	0.00531	0.00266	0.00558
27	0.01046	0.00984	0.01661	0.79205	0.03814	0.01230	0.01538	0.01415	0.01107	0.01415	0.00984	0.01477	0.00738	0.00554	0.00554	0.00185	0.00738	0.00492	0.00246	0.00615
28	0.01103	0.01095	0.02010	0.62512	0.03615	0.01267	0.17506	0.01493	0.01151	0.01493	0.01014	0.01480	0.00760	0.00535	0.00575	0.00185	0.00781	0.00527	0.00253	0.00644
29	0.02073	0.02517	0.01580	0.01410	0.01713	0.69708	0.01068	0.10415	0.01686	0.01595	0.00909	0.01036	0.00739	0.00581	0.00506	0.00145	0.00955	0.00373	0.00316	0.00676
30	0.84448	0.01071	0.00814	0.00728	0.01071	0.01242	0.00600	0.01628	0.00943	0.02485	0.00771	0.00900	0.00600	0.00514	0.00343	0.00171	0.00428	0.00300	0.00343	0.00600
31	0.00655	0.00561	0.00561	0.00561	0.00748	0.00468	0.00421	0.00795	0.01262	0.01496	0.05610	0.05330	0.76857	0.01403	0.00655	0.00187	0.00281	0.01169	0.00514	0.00468
32	0.65274	0.01041	0.00924	0.00788	0.01151	0.01142	0.00650	0.01879	0.01093	0.20025	0.01102	0.01130	0.00780	0.00554	0.00393	0.00171	0.00438	0.00360	0.00423	0.00680
33	0.02024	0.01511	0.01616	0.01258	0.01686	0.01679	0.01033	0.67114	0.10858	0.03359	0.01434	0.01412	0.01026	0.00675	0.00555	0.00169	0.00590	0.00513	0.00555	0.00935
34	0.00686	0.00490	0.00652	0.00764	0.00806	0.00457	0.00515	0.00798	0.01110	0.01493	0.10323	0.72677	0.03817	0.01676	0.00702	0.00220	0.00315	0.01518	0.00524	0.00457
35	0.00675	0.00482	0.00643	0.00771	0.00803	0.00450	0.00514	0.00771	0.01060	0.01414	0.03053	0.80175	0.03663	0.01735	0.00707	0.00225	0.00321	0.01574	0.00514	0.00450
36	0.00675	0.00482	0.00643	0.00771	0.00803	0.00450	0.00514	0.00771	0.01060	0.01414	0.03053	0.80175	0.03663	0.01735	0.00707	0.00225	0.00321	0.01574	0.00514	0.00450
37	0.01422	0.64280	0.11337	0.01155	0.01676	0.02012	0.08380	0.01681	0.01148	0.01400	0.00830	0.00980	0.00722	0.00479	0.00404	0.00132	0.00651	0.00344	0.00241	0.00726
38	0.02173	0.01271	0.01468	0.01144	0.01567	0.01323	0.00939	0.38521	0.10457	0.32518	0.01771	0.01631	0.01195	0.00683	0.00556	0.00171	0.00536	0.00536	0.00607	0.00935
39	0.00702	0.00494	0.00634	0.00736	0.00761	0.00468	0.00476	0.00778	0.01007	0.01342	0.02777	0.64027	0.03315	0.18358	0.01152	0.00291	0.00367	0.01412	0.00476	0.00426
40	0.00815	0.00643	0.00758	0.00801	0.00964	0.00617	0.00643	0.01136	0.08635	0.01645	0.05904	0.11757	0.35297	0.01405	0.00689	0.00214	0.00380	0.26653	0.00520	0.00523
41	0.01867	0.02687	0.17622	0.01459	0.01857	0.62064	0.01276	0.02115	0.01485	0.01440	0.00885	0.01035	0.00711	0.00561	0.00505	0.00150	0.00961	0.00368	0.00274	0.00679
42	0.01212	0.01212	0.01696	0.01454	0.01454	0.01696	0.01212	0.01333	0.00848	0.01333	0.00727	0.01212	0.00727	0.00969	0.01818	0.00242	0.79523	0.00485	0.00242	0.00606
43	0.00675	0.00482	0.00643	0.00771	0.00803	0.00450	0.00514	0.00771	0.01060	0.01414	0.03053	0.80175	0.03663	0.01735	0.00707	0.00225	0.00321	0.01574	0.00514	0.00450
44	0.01363	0.01254	0.01678	0.01382	0.01747	0.01382	0.16527	0.02696	0.60308	0.02202	0.02015	0.01946	0.01511	0.00691	0.00583	0.00188	0.00543	0.00632	0.00504	0.00849
45	0.09651	0.01219	0.01255	0.01104	0.01435	0.01402	0.00869	0.10934	0.60417	0.02465	0.02004	0.01869	0.01499	0.00718	0.00541	0.00184	0.00457	0.00580	0.00541	0.00857
46	0.02092	0.01001	0.01260	0.00993	0.01369	0.00949	0.00809	0.17689	0.01777	0.48238	0.11966	0.03974	0.03745	0.00783	0.00575	0.00172	0.00464	0.00642	0.00639	0.00863
47	0.01111	0.02865	0.77667	0.01579	0.02397	0.01286	0.02046	0.01754	0.01169	0.01754	0.00994	0.01169	0.00702	0.00526	0.00526	0.00175	0.00818	0.00409	0.00234	0.00818
48	0.01101	0.01092	0.02000	0.62990	0.03620	0.01266	0.17049	0.01491	0.01150	0.01491	0.01013	0.01480	0.00760	0.00535	0.00575	0.00185	0.00780	0.00526	0.00253	0.00643

[dist]
# distance from previous block
# <min> <max>
0	1

[block]
# block no. 5 follows, 43 sequences, length 42
# corresponding to MSA columns:
# 214-255
name=unknown_F
#
# <colnr> <probs for GDERKNQSTAVLIFYWHMCP>
#	G	D	E	R	K	N	Q	S	T	A	V	L	I	F	Y	W	H	M	C	P
0	0.01311	0.01278	0.01849	0.01516	0.01652	0.03406	0.11142	0.09117	0.01114	0.01615	0.00896	0.01321	0.00808	0.01070	0.06551	0.00267	0.53634	0.00513	0.00285	0.00654
1	0.01867	0.01398	0.01844	0.02050	0.30268	0.01470	0.01273	0.39664	0.01987	0.10687	0.01311	0.01404	0.00963	0.00602	0.00552	0.00166	0.00613	0.00503	0.00462	0.00917
2	0.00770	0.00566	0.00722	0.00683	0.00819	0.00517	0.00512	0.01019	0.01536	0.02145	0.69347	0.04262	0.12715	0.01161	0.00653	0.00176	0.00263	0.01019	0.00600	0.00517
3	0.01371	0.01316	0.02248	0.03399	0.77081	0.01316	0.01700	0.01700	0.01261	0.01809	0.01042	0.01371	0.00877	0.00493	0.00548	0.00164	0.00658	0.00493	0.00274	0.00877
4	0.02485	0.00943	0.01285	0.00985	0.01414	0.00814	0.00814	0.02699	0.01585	0.77465	0.02185	0.01885	0.01371	0.00685	0.00557	0.00171	0.00471	0.00557	0.00685	0.00943
5	0.00655	0.00558	0.00564	0.00568	0.00750	0.00467	0.00424	0.00794	0.01256	0.01493	0.05525	0.07835	0.74407	0.01414	0.00656	0.00188	0.00282	0.01182	0.00514	0.00467
6	0.00804	0.00543	0.00634	0.00634	0.00644	0.00553	0.00373	0.00825	0.00814	0.01096	0.01718	0.03473	0.01948	0.72550	0.10715	0.00574	0.00636	0.00783	0.00332	0.00352
7	0.00675	0.00482	0.00643	0.00771	0.00803	0.00450	0.00514	0.00771	0.01060	0.01414	0.03053	0.80175	0.03663	0.01735	0.00707	0.00225	0.00321	0.01574	0.00514	0.00450
8	0.01212	0.01212	0.01696	0.01454	0.01454	0.01696	0.01212	0.01333	0.00848	0.01333	0.00727	0.01212	0.00727	0.00969	0.01818	0.00242	0.79523	0.00485	0.00242	0.00606
9	0.01023	0.00817	0.00947	0.00870	0.01074	0.00867	0.00665	0.01810	0.31604	0.02260	0.46744	0.03302	0.03801	0.00979	0.00617	0.00180	0.00333	0.00850	0.00591	0.00665
10	0.00675	0.00482	0.00643	0.00771	0.00803	0.00450	0.00514	0.00771	0.01060	0.01414	0.03053	0.80175	0.03663	0.01735	0.00707	0.00225	0.00321	0.01574	0.00514	0.00450
11	0.01378	0.01190	0.01252	0.01127	0.01440	0.01378	0.00877	0.02943	0.76081	0.02317	0.02254	0.02066	0.01691	0.00751	0.00564	0.00188	0.00438	0.00626	0.00564	0.00877
12	0.01378	0.01190	0.01252	0.01127	0.01440	0.01378	0.00877	0.02943	0.76081	0.02317	0.02254	0.02066	0.01691	0.00751	0.00564	0.00188	0.00438	0.00626	0.00564	0.00877
13	0.02069	0.02640	0.01569	0.01427	0.01712	0.78313	0.01070	0.02212	0.01569	0.01355	0.00856	0.00999	0.00713	0.00571	0.00499	0.00143	0.00999	0.00357	0.00285	0.00642
14	0.01245	0.01492	0.08017	0.16662	0.03033	0.01361	0.56360	0.01706	0.01260	0.01706	0.01086	0.01469	0.00812	0.00487	0.00626	0.00186	0.00889	0.00607	0.00271	0.00727
15	0.01237	0.01030	0.01176	0.00895	0.01345	0.00887	0.00711	0.01785	0.18339	0.03990	0.01308	0.01379	0.01035	0.00496	0.00449	0.00109	0.00418	0.00403	0.00392	0.62615
16	0.02485	0.00943	0.01285	0.00985	0.01414	0.00814	0.00814	0.02699	0.01585	0.77465	0.02185	0.01885	0.01371	0.00685	0.00557	0.00171	0.00471	0.00557	0.00685	0.00943
17	0.00655	0.00561	0.00561	0.00561	0.00748	0.00468	0.00421	0.00795	0.01262	0.01496	0.05610	0.05330	0.76857	0.01403	0.00655	0.00187	0.00281	0.01169	0.00514	0.00468
18	0.00773	0.00572	0.00796	0.00797	0.00854	0.00548	0.05081	0.00863	0.01001	0.01345	0.06548	0.40150	0.02910	0.33387	0.01552	0.00345	0.00443	0.01175	0.00433	0.00426
19	0.00805	0.00537	0.00604	0.00604	0.00604	0.00537	0.00336	0.00805	0.00805	0.01074	0.01745	0.03624	0.02013	0.80536	0.02819	0.00537	0.00537	0.00805	0.00336	0.00336
20	0.00791	0.00593	0.00890	0.00890	0.00989	0.00692	0.00692	0.00989	0.00890	0.01286	0.01483	0.02176	0.01385	0.04154	0.78341	0.00890	0.01483	0.00593	0.00297	0.00494
21	0.01111	0.02865	0.77667	0.01579	0.02397	0.01286	0.02046	0.01754	0.01169	0.01754	0.00994	0.01169	0.00702	0.00526	0.00526	0.00175	0.00818	0.00409	0.00234	0.00818
22	0.01296	0.01216	0.02025	0.28608	0.49199	0.01306	0.01616	0.04946	0.01271	0.01754	0.01036	0.01404	0.00834	0.00521	0.00550	0.00171	0.00683	0.00493	0.00278	0.00793
23	0.01026	0.00957	0.01622	0.69010	0.03495	0.01179	0.03370	0.01380	0.01090	0.01411	0.01040	0.01550	0.00809	0.00928	0.08689	0.00258	0.00821	0.00507	0.00252	0.00606
24	0.24064	0.01181	0.01419	0.49515	0.02841	0.09293	0.01231	0.01557	0.01110	0.01703	0.00912	0.01268	0.00698	0.00545	0.00490	0.00177	0.00680	0.00425	0.00277	0.00614
25	0.00805	0.00537	0.00604	0.00604	0.00604	0.00537	0.00336	0.00805	0.00805	0.01074	0.01745	0.03624	0.02013	0.80536	0.02819	0.00537	0.00537	0.00805	0.00336	0.00336
26	0.01183	0.01001	0.01130	0.01012	0.01243	0.01138	0.00792	0.05360	0.40205	0.02161	0.19481	0.02750	0.10006	0.00924	0.00725	0.00189	0.08690	0.00747	0.00535	0.00728
27	0.00675	0.00482	0.00643	0.00771	0.00803	0.00450	0.00514	0.00771	0.01060	0.01414	0.03053	0.80175	0.03663	0.01735	0.00707	0.00225	0.00321	0.01574	0.00514	0.00450
28	0.01212	0.01212	0.01696	0.01454	0.01454	0.01696	0.01212	0.01333	0.00848	0.01333	0.00727	0.01212	0.00727	0.00969	0.01818	0.00242	0.79523	0.00485	0.00242	0.00606
29	0.02105	0.01551	0.01662	0.01274	0.01717	0.01717	0.01053	0.75235	0.02604	0.03490	0.01330	0.01330	0.00942	0.00665	0.00554	0.00166	0.00609	0.00499	0.00554	0.00942
30	0.00805	0.00537	0.00604	0.00604	0.00604	0.00537	0.00336	0.00805	0.00805	0.01074	0.01745	0.03624	0.02013	0.80536	0.02819	0.00537	0.00537	0.00805	0.00336	0.00336
31	0.00681	0.00487	0.00650	0.00779	0.00814	0.00455	0.00525	0.00782	0.01067	0.01421	0.03049	0.77957	0.03649	0.01729	0.00709	0.00226	0.00327	0.03727	0.00514	0.00452
32	0.01148	0.00984	0.01148	0.00820	0.01312	0.00738	0.00656	0.01395	0.01148	0.01805	0.00984	0.01148	0.00820	0.00410	0.00410	0.00082	0.00410	0.00328	0.00328	0.83922
33	0.00792	0.00591	0.00877	0.00877	0.00971	0.00685	0.00676	0.00981	0.00886	0.01276	0.01495	0.02242	0.01413	0.07625	0.74909	0.00874	0.01440	0.00603	0.00298	0.00487
34	0.00791	0.00593	0.00890	0.00890	0.00989	0.00692	0.00692	0.00989	0.00890	0.01286	0.01483	0.02176	0.01385	0.04154	0.78341	0.00890	0.01483	0.00593	0.00297	0.00494
35	0.00791	0.00593	0.00890	0.00890	0.00989	0.00692	0.00692	0.00989	0.00890	0.01286	0.01483	0.02176	0.01385	0.04154	0.78341	0.00890	0.01483	0.00593	0.00297	0.00494
36	0.01986	0.02066	0.01619	0.01372	0.01685	0.40630	0.01079	0.29807	0.01881	0.02163	0.01021	0.01148	0.00802	0.00651	0.00669	0.00163	0.09700	0.00425	0.00382	0.00752
37	0.00655	0.00561	0.00561	0.00561	0.00748	0.00468	0.00421	0.00795	0.01262	0.01496	0.05610	0.05330	0.76857	0.01403	0.00655	0.00187	0.00281	0.01169	0.00514	0.00468
38	0.01080	0.01019	0.01722	0.71279	0.11475	0.01239	0.01555	0.01445	0.01123	0.01456	0.00990	0.01465	0.00753	0.00547	0.00553	0.00182	0.00730	0.00492	0.00249	0.00643
39	0.84448	0.01071	0.00814	0.00728	0.01071	0.01242	0.00600	0.01628	0.00943	0.02485	0.00771	0.00900	0.00600	0.00514	0.00343	0.00171	0.00428	0.00300	0.00343	0.00600
40	0.01371	0.01316	0.02248	0.03399	0.77081	0.01316	0.01700	0.01700	0.01261	0.01809	0.01042	0.01371	0.00877	0.00493	0.00548	0.00164	0.00658	0.00493	0.00274	0.00877
41	0.52973	0.01016	0.00873	0.00762	0.01070	0.01147	0.00619	0.12592	0.01242	0.02539	0.01092	0.01231	0.00839	0.00567	0.00385	0.00161	0.00417	0.00379	0.19464	0.00632

[dist]
# distance from previous block
# <min> <max>
0	1

[block]
# block no. 6 follows, 43 sequences, length 6
# corresponding to MSA columns:
# 257-262
name=unknown_G
#
# <colnr> <probs for GDERKNQSTAVLIFYWHMCP>
#	G	D	E	R	K	N	Q	S	T	A	V	L	I	F	Y	W	H	M	C	P
0	0.01301	0.01245	0.02122	0.19670	0.61356	0.01298	0.01665	0.01639	0.01228	0.01725	0.01029	0.01393	0.00847	0.00506	0.00549	0.00169	0.00675	0.00493	0.00268	0.00821
1	0.01481	0.80869	0.02902	0.00948	0.01421	0.02191	0.00948	0.01658	0.01125	0.01303	0.00770	0.00888	0.00711	0.00474	0.00355	0.00118	0.00592	0.00296	0.00237	0.00711
2	0.58366	0.00914	0.00791	0.00718	0.00995	0.01018	0.00576	0.01446	0.01137	0.02403	0.24470	0.01909	0.02042	0.00707	0.00440	0.00172	0.00376	0.00519	0.00426	0.00576
3	0.00765	0.00520	0.00616	0.00656	0.00666	0.00510	0.00391	0.00795	0.00885	0.01180	0.02153	0.27489	0.02528	0.55970	0.02160	0.00440	0.00470	0.01045	0.00391	0.00371
4	0.01158	0.00929	0.01020	0.00932	0.01170	0.01026	0.00718	0.02188	0.45433	0.02262	0.25446	0.02712	0.02766	0.00860	0.00574	0.00178	0.00365	0.00732	0.08801	0.00731
5	0.00755	0.00559	0.00813	0.00853	0.00931	0.00617	0.00637	0.00921	0.00943	0.01326	0.01973	0.26492	0.02095	0.03400	0.54139	0.00683	0.01121	0.00899	0.00364	0.00481

[dist]
# distance from previous block
# <min> <max>
13	73

# created by:
# /st0/software/busco_prod/Augustus/scripts/msa2prfl.pl ./align_prep/43847.fa
