[name]
unknown

[dist]
# distance from previous block
# <min> <max>
0	923

[block]
# block no. 0 follows, 47 sequences, length 43
# corresponding to MSA columns:
# 923-965
name=unknown_A
#
# <colnr> <probs for GDERKNQSTAVLIFYWHMCP>
#	G	D	E	R	K	N	Q	S	T	A	V	L	I	F	Y	W	H	M	C	P
0	0.03052	0.00809	0.00973	0.00865	0.01083	0.00824	0.00699	0.19926	0.01653	0.07294	0.38350	0.03398	0.03223	0.00985	0.00598	0.00176	0.00387	0.14549	0.00542	0.00614
1	0.03594	0.01030	0.01526	0.01180	0.01546	0.00993	0.15437	0.16867	0.01558	0.32950	0.06550	0.11251	0.01582	0.00742	0.00559	0.00169	0.00523	0.00666	0.00515	0.00763
2	0.01520	0.01249	0.01922	0.01415	0.01866	0.01211	0.26937	0.26453	0.01616	0.08692	0.01235	0.03889	0.00945	0.00545	0.00530	0.00149	0.00620	0.00523	0.00397	0.18288
3	0.01763	0.01389	0.01736	0.01825	0.25711	0.01497	0.01181	0.53156	0.02052	0.02786	0.01165	0.01262	0.00867	0.00575	0.00519	0.00156	0.00587	0.00467	0.00438	0.00867
4	0.11286	0.01099	0.01703	0.02411	0.54148	0.01098	0.01268	0.01492	0.01180	0.01827	0.10866	0.01556	0.01316	0.00538	0.00497	0.00152	0.00530	0.00493	0.00309	0.06232
5	0.01014	0.00632	0.00794	0.00802	0.00931	0.00610	0.00578	0.10070	0.01240	0.11523	0.02645	0.59174	0.05165	0.01374	0.00628	0.00197	0.00352	0.01224	0.00509	0.00539
6	0.05540	0.01290	0.01711	0.12096	0.30344	0.02732	0.01247	0.31120	0.04908	0.02318	0.01112	0.01287	0.00849	0.00547	0.00509	0.00159	0.00597	0.00460	0.00373	0.00801
7	0.22120	0.01390	0.07450	0.01773	0.02265	0.01273	0.52815	0.01633	0.01136	0.01833	0.00964	0.01246	0.00725	0.00454	0.00534	0.00171	0.00753	0.00517	0.00275	0.00672
8	0.00708	0.00513	0.00668	0.00668	0.00770	0.00473	0.00486	0.00911	0.01346	0.01878	0.57124	0.23170	0.06907	0.01214	0.00627	0.00176	0.00260	0.01081	0.00548	0.00473
9	0.00707	0.00484	0.00583	0.00633	0.00645	0.00471	0.00385	0.00744	0.00856	0.01141	0.02147	0.35520	0.02532	0.48714	0.01832	0.00384	0.00421	0.01055	0.00385	0.00360
10	0.01941	0.01474	0.01539	0.01195	0.01600	0.04195	0.00981	0.70168	0.06537	0.03155	0.01283	0.01278	0.00917	0.00627	0.00520	0.00157	0.00576	0.00471	0.00513	0.00873
11	0.00757	0.00577	0.00862	0.00855	0.00944	0.00682	0.00667	0.00941	0.00836	0.01210	0.01371	0.02016	0.01281	0.03806	0.77039	0.00817	0.04038	0.00555	0.00277	0.00468
12	0.01345	0.03522	0.13645	0.01755	0.02219	0.20707	0.40266	0.01704	0.01253	0.01536	0.01086	0.06445	0.00912	0.00549	0.00558	0.00165	0.00833	0.00561	0.00272	0.00669
13	0.01635	0.01531	0.01297	0.01126	0.01400	0.25886	0.00869	0.34329	0.01782	0.02165	0.01512	0.21052	0.01454	0.00847	0.00540	0.00163	0.00621	0.00678	0.00432	0.00682
14	0.00844	0.00474	0.00633	0.00633	0.00633	0.00474	0.00396	0.00711	0.00711	0.00948	0.01208	0.02335	0.01312	0.34720	0.02289	0.50103	0.00474	0.00578	0.00263	0.00263
15	0.00929	0.00577	0.00743	0.00676	0.00841	0.00521	0.00516	0.01157	0.01445	0.11872	0.60353	0.03742	0.12535	0.01039	0.00603	0.00165	0.00273	0.00905	0.00573	0.00536
16	0.01139	0.01139	0.01595	0.01367	0.01367	0.01595	0.01139	0.01253	0.00798	0.01253	0.00684	0.01139	0.00684	0.00911	0.01709	0.00228	0.80745	0.00456	0.00228	0.00570
17	0.02336	0.00886	0.01209	0.00927	0.01329	0.00765	0.00765	0.02538	0.01491	0.78810	0.02055	0.01773	0.01289	0.00645	0.00524	0.00161	0.00443	0.00524	0.00645	0.00886
18	0.00801	0.00527	0.00652	0.00638	0.00762	0.00499	0.00490	0.01041	0.01342	0.01976	0.49226	0.03639	0.06449	0.00996	0.00562	0.00161	0.00268	0.08052	0.21431	0.00487
19	0.01980	0.01459	0.01563	0.01198	0.01615	0.01615	0.00990	0.76713	0.02448	0.03282	0.01250	0.01250	0.00886	0.00625	0.00521	0.00156	0.00573	0.00469	0.00521	0.00886
20	0.85377	0.01007	0.00765	0.00685	0.01007	0.01168	0.00564	0.01531	0.00886	0.02336	0.00725	0.00846	0.00564	0.00483	0.00322	0.00161	0.00403	0.00282	0.00322	0.00564
21	0.02181	0.01135	0.01362	0.01045	0.01453	0.01134	0.00863	0.34762	0.01907	0.45998	0.01705	0.01546	0.01114	0.00636	0.00523	0.00159	0.00500	0.00500	0.00591	0.00886
22	0.02257	0.00920	0.01218	0.00944	0.01340	0.00827	0.00776	0.04939	0.06478	0.71384	0.02033	0.01767	0.01296	0.00648	0.00524	0.00162	0.00445	0.00526	0.00633	0.00882
23	0.64749	0.00977	0.00875	0.00745	0.01087	0.01068	0.00614	0.01781	0.01036	0.21333	0.01055	0.01076	0.00744	0.00523	0.00372	0.00161	0.00413	0.00342	0.00402	0.00644
24	0.43708	0.01233	0.01164	0.00941	0.01311	0.01391	0.00777	0.39095	0.01667	0.02809	0.00988	0.01048	0.00725	0.00554	0.00422	0.00159	0.00488	0.00375	0.00422	0.00725
25	0.00912	0.00497	0.00538	0.00528	0.00650	0.00487	0.00396	0.01155	0.01188	0.01978	0.20912	0.02431	0.02234	0.00722	0.00427	0.00132	0.00243	0.00600	0.63481	0.00487
26	0.00647	0.00524	0.00574	0.00572	0.00725	0.00451	0.00425	0.00804	0.01246	0.01571	0.23233	0.09529	0.55325	0.01275	0.00618	0.00175	0.00262	0.01084	0.00506	0.00451
27	0.02336	0.00886	0.01209	0.00927	0.01329	0.00765	0.00765	0.02538	0.01491	0.78810	0.02055	0.01773	0.01289	0.00645	0.00524	0.00161	0.00443	0.00524	0.00645	0.00886
28	0.00802	0.00573	0.00793	0.00892	0.01001	0.00564	0.00752	0.01024	0.01210	0.01599	0.12463	0.14670	0.03297	0.01414	0.00699	0.00227	0.00428	0.56626	0.00492	0.00474
29	0.01738	0.01299	0.01405	0.01112	0.01476	0.01432	0.00906	0.58115	0.11323	0.02996	0.11240	0.01673	0.01488	0.00691	0.00534	0.00160	0.00512	0.00544	0.00529	0.00828
30	0.01816	0.01003	0.01193	0.00993	0.01342	0.01031	0.00795	0.02653	0.39527	0.40467	0.02087	0.01858	0.01440	0.00676	0.00527	0.00169	0.00428	0.00556	0.00587	0.00855
31	0.01150	0.00600	0.00727	0.00657	0.00757	0.00570	0.00427	0.01200	0.00939	0.20336	0.01744	0.03002	0.01743	0.61564	0.02122	0.00419	0.00490	0.00699	0.00397	0.00457
32	0.00747	0.00545	0.00770	0.00770	0.00840	0.00615	0.00568	0.00887	0.00817	0.01159	0.01456	0.02384	0.01449	0.23230	0.60511	0.00754	0.01174	0.00607	0.00288	0.00428
33	0.01080	0.00926	0.01080	0.00771	0.01234	0.00694	0.00617	0.01311	0.01080	0.01697	0.00926	0.01080	0.00771	0.00386	0.00386	0.00077	0.00386	0.00309	0.00309	0.84882
34	0.00665	0.00466	0.00595	0.00686	0.00709	0.00443	0.00442	0.00733	0.00937	0.01250	0.02565	0.61995	0.03059	0.21521	0.01158	0.00284	0.00352	0.01301	0.00442	0.00396
35	0.01204	0.61752	0.02201	0.00850	0.01192	0.01654	0.00790	0.01352	0.01043	0.01251	0.01257	0.20838	0.01358	0.00740	0.00416	0.00136	0.00494	0.00577	0.00288	0.00607
36	0.01295	0.01119	0.01178	0.01060	0.01354	0.01295	0.00824	0.02767	0.77509	0.02178	0.02120	0.01943	0.01590	0.00707	0.00530	0.00177	0.00412	0.00589	0.00530	0.00824
37	0.00707	0.00531	0.00654	0.00623	0.00759	0.00479	0.00468	0.00924	0.01403	0.01919	0.60066	0.04169	0.23128	0.01128	0.00615	0.00167	0.00250	0.00981	0.00551	0.00479
38	0.00897	0.00808	0.01324	0.60643	0.02883	0.00975	0.01207	0.01180	0.01030	0.01330	0.01409	0.21253	0.01377	0.00797	0.00556	0.00183	0.00597	0.00716	0.00294	0.00540
39	0.01793	0.01445	0.01938	0.01446	0.01890	0.01541	0.19761	0.58072	0.02146	0.02881	0.01201	0.01289	0.00862	0.00579	0.00544	0.00161	0.00649	0.00505	0.00457	0.00840
40	0.00983	0.00926	0.01562	0.80447	0.03587	0.01157	0.01446	0.01331	0.01041	0.01331	0.00926	0.01388	0.00694	0.00521	0.00521	0.00174	0.00694	0.00463	0.00231	0.00579
41	0.00797	0.00648	0.00979	0.01339	0.20055	0.00625	0.00760	0.00942	0.01044	0.01422	0.02401	0.61469	0.02794	0.01342	0.00628	0.00197	0.00381	0.01228	0.00427	0.00523
42	0.01229	0.01405	0.03073	0.02195	0.02722	0.01317	0.76558	0.01668	0.01229	0.01668	0.01054	0.01405	0.00790	0.00439	0.00615	0.00176	0.00878	0.00615	0.00263	0.00702

[dist]
# distance from previous block
# <min> <max>
5	18

[block]
# block no. 1 follows, 47 sequences, length 50
# corresponding to MSA columns:
# 986-1035
name=unknown_B
#
# <colnr> <probs for GDERKNQSTAVLIFYWHMCP>
#	G	D	E	R	K	N	Q	S	T	A	V	L	I	F	Y	W	H	M	C	P
0	0.01175	0.03686	0.38559	0.02335	0.40666	0.01242	0.01737	0.01622	0.01142	0.01666	0.00953	0.01189	0.00743	0.00478	0.00502	0.00159	0.00689	0.00422	0.00239	0.00795
1	0.01688	0.00888	0.01079	0.00892	0.01164	0.05880	0.00714	0.01894	0.01436	0.42476	0.27616	0.02391	0.02433	0.00798	0.00632	0.00165	0.05927	0.00648	0.00567	0.00713
2	0.00826	0.00713	0.01131	0.44567	0.02312	0.00827	0.01013	0.01058	0.01021	0.01330	0.01801	0.37380	0.01932	0.01021	0.00585	0.00191	0.00518	0.00921	0.00345	0.00509
3	0.01975	0.01596	0.01551	0.01217	0.01614	0.12068	0.00992	0.66710	0.02318	0.03013	0.01191	0.01209	0.00857	0.00613	0.00514	0.00153	0.00622	0.00451	0.00487	0.00848
4	0.01295	0.01119	0.01178	0.01060	0.01354	0.01295	0.00824	0.02767	0.77509	0.02178	0.02120	0.01943	0.01590	0.00707	0.00530	0.00177	0.00412	0.00589	0.00530	0.00824
5	0.00940	0.00702	0.01076	0.09104	0.18232	0.00717	0.00825	0.01016	0.00962	0.01298	0.05273	0.05547	0.04837	0.11991	0.01318	0.26981	0.00499	0.07914	0.00309	0.00460
6	0.01224	0.01208	0.02380	0.25850	0.13604	0.01227	0.39181	0.01604	0.01181	0.05797	0.01059	0.01404	0.00793	0.00478	0.00567	0.00171	0.00762	0.00543	0.00274	0.00692
7	0.00706	0.00523	0.00660	0.00653	0.00773	0.00477	0.00486	0.00911	0.01351	0.01849	0.52749	0.14538	0.17380	0.01198	0.00625	0.00175	0.00265	0.03667	0.00542	0.00473
8	0.00622	0.00501	0.00555	0.00598	0.00722	0.00434	0.00427	0.00739	0.01119	0.01379	0.04412	0.32418	0.51390	0.01431	0.00633	0.00189	0.00278	0.01236	0.00484	0.00434
9	0.01194	0.01260	0.07047	0.16766	0.51450	0.01199	0.06710	0.01536	0.01158	0.01623	0.01050	0.01504	0.00884	0.00517	0.00531	0.00164	0.00654	0.03741	0.00261	0.00754
10	0.01217	0.02153	0.44122	0.01391	0.01924	0.12903	0.05607	0.06694	0.01206	0.01629	0.00994	0.01231	0.00771	0.00982	0.11160	0.00253	0.04385	0.00422	0.00258	0.00699
11	0.00624	0.00494	0.00562	0.00616	0.00727	0.00432	0.00435	0.00737	0.01102	0.01372	0.04193	0.39373	0.44576	0.01460	0.00638	0.00192	0.00281	0.01271	0.00484	0.00432
12	0.00694	0.00532	0.00636	0.00614	0.00757	0.00474	0.00464	0.00896	0.01358	0.01817	0.48635	0.04365	0.32670	0.01170	0.00617	0.00170	0.00258	0.02862	0.00537	0.00471
13	0.01043	0.18562	0.09820	0.01056	0.06471	0.01020	0.00853	0.01355	0.08128	0.05690	0.01948	0.37895	0.02067	0.01030	0.00544	0.00175	0.00448	0.00895	0.00396	0.00604
14	0.40511	0.01656	0.25732	0.03249	0.11879	0.05792	0.01180	0.01605	0.01032	0.01947	0.00835	0.01004	0.00639	0.00488	0.00416	0.00160	0.00586	0.00346	0.00276	0.00667
15	0.01045	0.02694	0.79000	0.01484	0.02254	0.01209	0.01924	0.01649	0.01099	0.01649	0.00935	0.01099	0.00660	0.00495	0.00495	0.00165	0.00770	0.00385	0.00220	0.00770
16	0.85377	0.01007	0.00765	0.00685	0.01007	0.01168	0.00564	0.01531	0.00886	0.02336	0.00725	0.00846	0.00564	0.00483	0.00322	0.00161	0.00403	0.00282	0.00322	0.00564
17	0.00748	0.00508	0.00573	0.00573	0.00588	0.00505	0.00331	0.00762	0.00788	0.01042	0.01871	0.03472	0.06862	0.74117	0.04825	0.00493	0.00516	0.00774	0.00325	0.00328
18	0.06846	0.04524	0.16017	0.01587	0.02090	0.01157	0.36401	0.01734	0.01204	0.14588	0.01268	0.05971	0.00984	0.00554	0.00545	0.00168	0.00697	0.00566	0.00336	0.02762
19	0.01822	0.01257	0.01383	0.01110	0.01486	0.01375	0.00901	0.41176	0.26013	0.15323	0.01657	0.01555	0.01174	0.00654	0.00524	0.00164	0.00501	0.00516	0.00544	0.00866
20	0.00634	0.00453	0.00604	0.00725	0.00755	0.00423	0.00483	0.00725	0.00997	0.01329	0.02870	0.81358	0.03444	0.01632	0.00665	0.00211	0.00302	0.01480	0.00483	0.00423
21	0.00744	0.00558	0.00837	0.00837	0.00930	0.00651	0.00651	0.00930	0.00837	0.01209	0.01395	0.02046	0.01302	0.03906	0.79635	0.00837	0.01395	0.00558	0.00279	0.00465
22	0.01004	0.00947	0.01600	0.75138	0.08731	0.01163	0.01457	0.01349	0.01051	0.01356	0.00929	0.01382	0.00703	0.00517	0.00520	0.00172	0.00689	0.00463	0.00233	0.00595
23	0.85377	0.01007	0.00765	0.00685	0.01007	0.01168	0.00564	0.01531	0.00886	0.02336	0.00725	0.00846	0.00564	0.00483	0.00322	0.00161	0.00403	0.00282	0.00322	0.00564
24	0.00633	0.00457	0.00600	0.00714	0.00752	0.00424	0.00479	0.00726	0.01007	0.01334	0.03002	0.77176	0.07541	0.01614	0.00662	0.00210	0.00300	0.01460	0.00483	0.00424
25	0.45594	0.00790	0.00715	0.00655	0.00898	0.00847	0.00520	0.01266	0.01116	0.03650	0.23654	0.02419	0.14562	0.00790	0.00458	0.00164	0.00336	0.00610	0.00427	0.00529
26	0.01080	0.00926	0.01080	0.00771	0.01234	0.00694	0.00617	0.01311	0.01080	0.01697	0.00926	0.01080	0.00771	0.00386	0.00386	0.00077	0.00386	0.00309	0.00309	0.84882
27	0.00737	0.00532	0.00696	0.00655	0.00778	0.00491	0.00491	0.00983	0.01474	0.02088	0.78175	0.03890	0.04914	0.01065	0.00614	0.00164	0.00246	0.00942	0.00573	0.00491
28	0.00661	0.00475	0.00634	0.00752	0.00797	0.00447	0.00529	0.00773	0.01029	0.01362	0.02915	0.69336	0.05251	0.01598	0.00671	0.00214	0.00325	0.11318	0.00483	0.00431
29	0.01189	0.01685	0.19574	0.02040	0.02620	0.01294	0.60339	0.01664	0.01201	0.01664	0.01028	0.01338	0.00762	0.00451	0.00589	0.00173	0.00854	0.00565	0.00254	0.00717
30	0.01980	0.01459	0.01563	0.01198	0.01615	0.01615	0.00990	0.76713	0.02448	0.03282	0.01250	0.01250	0.00886	0.00625	0.00521	0.00156	0.00573	0.00469	0.00521	0.00886
31	0.00815	0.00588	0.00733	0.00789	0.00871	0.00583	0.00551	0.10910	0.01192	0.01591	0.02653	0.70621	0.03101	0.01497	0.00645	0.00204	0.00338	0.01345	0.00488	0.00485
32	0.00971	0.00485	0.00485	0.00485	0.00607	0.00485	0.00364	0.01213	0.01092	0.01942	0.01699	0.01942	0.01335	0.00607	0.00364	0.00121	0.00243	0.00485	0.84589	0.00485
33	0.00615	0.00528	0.00528	0.00528	0.00703	0.00440	0.00396	0.00747	0.01187	0.01407	0.05276	0.05012	0.78238	0.01319	0.00615	0.00176	0.00264	0.01099	0.00484	0.00440
34	0.01980	0.01459	0.01563	0.01198	0.01615	0.01615	0.00990	0.76713	0.02448	0.03282	0.01250	0.01250	0.00886	0.00625	0.00521	0.00156	0.00573	0.00469	0.00521	0.00886
35	0.01945	0.02482	0.01476	0.01342	0.01610	0.79608	0.01006	0.02079	0.01476	0.01275	0.00805	0.00939	0.00671	0.00537	0.00470	0.00134	0.00939	0.00335	0.00268	0.00604
36	0.00757	0.00505	0.00568	0.00568	0.00568	0.00505	0.00316	0.00757	0.00757	0.01010	0.01641	0.03408	0.01893	0.81698	0.02651	0.00505	0.00505	0.00757	0.00316	0.00316
37	0.00737	0.00532	0.00696	0.00655	0.00778	0.00491	0.00491	0.00983	0.01474	0.02088	0.78175	0.03890	0.04914	0.01065	0.00614	0.00164	0.00246	0.00942	0.00573	0.00491
38	0.00744	0.00558	0.00837	0.00837	0.00930	0.00651	0.00651	0.00930	0.00837	0.01209	0.01395	0.02046	0.01302	0.03906	0.79635	0.00837	0.01395	0.00558	0.00279	0.00465
39	0.00757	0.00505	0.00568	0.00568	0.00568	0.00505	0.00316	0.00757	0.00757	0.01010	0.01641	0.03408	0.01893	0.81698	0.02651	0.00505	0.00505	0.00757	0.00316	0.00316
40	0.00744	0.00558	0.00837	0.00837	0.00930	0.00651	0.00651	0.00930	0.00837	0.01209	0.01395	0.02046	0.01302	0.03906	0.79635	0.00837	0.01395	0.00558	0.00279	0.00465
41	0.01319	0.01030	0.01125	0.00998	0.01281	0.01153	0.00779	0.04274	0.59523	0.08246	0.12288	0.02174	0.01995	0.00748	0.00540	0.00173	0.00396	0.00628	0.00545	0.00786
42	0.00757	0.00505	0.00568	0.00568	0.00568	0.00505	0.00316	0.00757	0.00757	0.01010	0.01641	0.03408	0.01893	0.81698	0.02651	0.00505	0.00505	0.00757	0.00316	0.00316
43	0.01139	0.01139	0.01595	0.01367	0.01367	0.01595	0.01139	0.01253	0.00798	0.01253	0.00684	0.01139	0.00684	0.00911	0.01709	0.00228	0.80745	0.00456	0.00228	0.00570
44	0.01824	0.01061	0.01237	0.01001	0.01338	0.01093	0.00806	0.32545	0.07459	0.28415	0.01824	0.12247	0.01438	0.00772	0.00535	0.00165	0.00466	0.00633	0.04341	0.00801
45	0.00634	0.00453	0.00604	0.00725	0.00755	0.00423	0.00483	0.00725	0.00997	0.01329	0.02870	0.81358	0.03444	0.01632	0.00665	0.00211	0.00302	0.01480	0.00483	0.00423
46	0.01289	0.01237	0.02114	0.03196	0.78450	0.01237	0.01598	0.01598	0.01186	0.01701	0.00980	0.01289	0.00825	0.00464	0.00516	0.00155	0.00619	0.00464	0.00258	0.00825
47	0.02171	0.00938	0.01223	0.00960	0.01342	0.00863	0.00793	0.12361	0.01592	0.62813	0.02003	0.03633	0.01374	0.00706	0.00537	0.00166	0.00460	0.04595	0.00616	0.00854
48	0.00693	0.00492	0.00644	0.00702	0.00768	0.00462	0.00495	0.00825	0.01129	0.01531	0.24327	0.43636	0.06520	0.06680	0.00823	0.02754	0.00314	0.06282	0.00490	0.00434
49	0.01472	0.00996	0.01386	0.36764	0.02371	0.01118	0.01101	0.07248	0.18166	0.21696	0.01504	0.01601	0.01060	0.00601	0.00524	0.00170	0.00558	0.00507	0.00425	0.00734

[dist]
# distance from previous block
# <min> <max>
2	10

[block]
# block no. 2 follows, 47 sequences, length 40
# corresponding to MSA columns:
# 1046-1085
name=unknown_C
#
# <colnr> <probs for GDERKNQSTAVLIFYWHMCP>
#	G	D	E	R	K	N	Q	S	T	A	V	L	I	F	Y	W	H	M	C	P
0	0.19418	0.04883	0.02200	0.01589	0.02031	0.07749	0.40184	0.07866	0.01284	0.06401	0.01023	0.01231	0.00764	0.00484	0.00515	0.00164	0.00717	0.00489	0.00318	0.00689
1	0.01203	0.01376	0.04718	0.01981	0.02390	0.01380	0.56796	0.01570	0.01124	0.01570	0.00963	0.01334	0.00762	0.00552	0.00870	0.00188	0.19728	0.00571	0.00254	0.00673
2	0.01977	0.01546	0.01555	0.01210	0.01615	0.08256	0.00991	0.70358	0.02366	0.03111	0.01212	0.01224	0.00867	0.00618	0.00517	0.00154	0.00604	0.00457	0.00499	0.00862
3	0.02336	0.00886	0.01209	0.00927	0.01329	0.00765	0.00765	0.02538	0.01491	0.78810	0.02055	0.01773	0.01289	0.00645	0.00524	0.00161	0.00443	0.00524	0.00645	0.00886
4	0.00790	0.00494	0.00653	0.00726	0.00784	0.00460	0.00491	0.00878	0.01020	0.07541	0.04226	0.65059	0.03117	0.08362	0.00850	0.01981	0.00333	0.01309	0.00479	0.00448
5	0.29592	0.01138	0.01605	0.02213	0.47673	0.01185	0.01199	0.01634	0.01104	0.06684	0.00961	0.01170	0.00766	0.00482	0.00451	0.00157	0.00535	0.00407	0.00303	0.00741
6	0.01392	0.82012	0.02729	0.00891	0.01337	0.02061	0.00891	0.01559	0.01058	0.01225	0.00724	0.00835	0.00668	0.00446	0.00334	0.00111	0.00557	0.00278	0.00223	0.00668
7	0.00634	0.00453	0.00604	0.00725	0.00755	0.00423	0.00483	0.00725	0.00997	0.01329	0.02870	0.81358	0.03444	0.01632	0.00665	0.00211	0.00302	0.01480	0.00483	0.00423
8	0.00680	0.00481	0.00615	0.00702	0.00739	0.00457	0.00473	0.00767	0.00977	0.01296	0.04225	0.53889	0.05605	0.19190	0.01103	0.00276	0.00359	0.07311	0.00448	0.00406
9	0.00634	0.00453	0.00604	0.00725	0.00755	0.00423	0.00483	0.00725	0.00997	0.01329	0.02870	0.81358	0.03444	0.01632	0.00665	0.00211	0.00302	0.01480	0.00483	0.00423
10	0.85377	0.01007	0.00765	0.00685	0.01007	0.01168	0.00564	0.01531	0.00886	0.02336	0.00725	0.00846	0.00564	0.00483	0.00322	0.00161	0.00403	0.00282	0.00322	0.00564
11	0.01941	0.01293	0.01424	0.01108	0.01499	0.01398	0.00910	0.55988	0.07048	0.15398	0.01460	0.01416	0.01020	0.00633	0.00514	0.00157	0.00524	0.00486	0.04922	0.00861
12	0.00632	0.00498	0.00570	0.00615	0.00729	0.00437	0.00437	0.00755	0.01132	0.01425	0.09515	0.35293	0.43269	0.01425	0.00635	0.00189	0.00278	0.01240	0.00490	0.00437
13	0.02336	0.00886	0.01209	0.00927	0.01329	0.00765	0.00765	0.02538	0.01491	0.78810	0.02055	0.01773	0.01289	0.00645	0.00524	0.00161	0.00443	0.00524	0.00645	0.00886
14	0.85377	0.01007	0.00765	0.00685	0.01007	0.01168	0.00564	0.01531	0.00886	0.02336	0.00725	0.00846	0.00564	0.00483	0.00322	0.00161	0.00403	0.00282	0.00322	0.00564
15	0.00694	0.00528	0.00613	0.00592	0.00738	0.00468	0.00444	0.00889	0.01331	0.01782	0.42818	0.04298	0.36981	0.01156	0.00604	0.00167	0.00254	0.00991	0.04183	0.00468
16	0.00664	0.00527	0.00597	0.00584	0.00735	0.00460	0.00436	0.00840	0.01295	0.01675	0.34192	0.06901	0.46792	0.01227	0.00616	0.00172	0.00258	0.01048	0.00519	0.00460
17	0.01945	0.02482	0.01476	0.01342	0.01610	0.79608	0.01006	0.02079	0.01476	0.01275	0.00805	0.00939	0.00671	0.00537	0.00470	0.00134	0.00939	0.00335	0.00268	0.00604
18	0.00737	0.00532	0.00696	0.00655	0.00778	0.00491	0.00491	0.00983	0.01474	0.02088	0.78175	0.03890	0.04914	0.01065	0.00614	0.00164	0.00246	0.00942	0.00573	0.00491
19	0.00674	0.00470	0.00593	0.00675	0.00695	0.00449	0.00430	0.00735	0.00920	0.01227	0.02476	0.56350	0.02947	0.27319	0.01302	0.00306	0.00367	0.01248	0.00430	0.00389
20	0.01459	0.01151	0.01236	0.01069	0.01382	0.01300	0.00852	0.21434	0.49962	0.04271	0.01920	0.01983	0.01474	0.00722	0.00533	0.00173	0.00452	0.04717	0.03099	0.00812
21	0.01295	0.01119	0.01178	0.01060	0.01354	0.01295	0.00824	0.02767	0.77509	0.02178	0.02120	0.01943	0.01590	0.00707	0.00530	0.00177	0.00412	0.00589	0.00530	0.00824
22	0.01295	0.01119	0.01178	0.01060	0.01354	0.01295	0.00824	0.02767	0.77509	0.02178	0.02120	0.01943	0.01590	0.00707	0.00530	0.00177	0.00412	0.00589	0.00530	0.00824
23	0.01080	0.00926	0.01080	0.00771	0.01234	0.00694	0.00617	0.01311	0.01080	0.01697	0.00926	0.01080	0.00771	0.00386	0.00386	0.00077	0.00386	0.00309	0.00309	0.84882
24	0.00808	0.00500	0.00548	0.00548	0.00577	0.00500	0.00327	0.00865	0.00837	0.01230	0.01655	0.03061	0.01761	0.62506	0.02109	0.00414	0.00443	0.00693	0.20261	0.00356
25	0.00905	0.00452	0.00678	0.00678	0.00678	0.00452	0.00452	0.00678	0.00678	0.00905	0.00905	0.01583	0.00905	0.01809	0.02035	0.84848	0.00452	0.00452	0.00226	0.00226
26	0.00737	0.00532	0.00696	0.00655	0.00778	0.00491	0.00491	0.00983	0.01474	0.02088	0.78175	0.03890	0.04914	0.01065	0.00614	0.00164	0.00246	0.00942	0.00573	0.00491
27	0.00737	0.00532	0.00696	0.00655	0.00778	0.00491	0.00491	0.00983	0.01474	0.02088	0.78175	0.03890	0.04914	0.01065	0.00614	0.00164	0.00246	0.00942	0.00573	0.00491
28	0.01945	0.02482	0.01476	0.01342	0.01610	0.79608	0.01006	0.02079	0.01476	0.01275	0.00805	0.00939	0.00671	0.00537	0.00470	0.00134	0.00939	0.00335	0.00268	0.00604
29	0.01295	0.01119	0.01178	0.01060	0.01354	0.01295	0.00824	0.02767	0.77509	0.02178	0.02120	0.01943	0.01590	0.00707	0.00530	0.00177	0.00412	0.00589	0.00530	0.00824
30	0.00983	0.00926	0.01562	0.80447	0.03587	0.01157	0.01446	0.01331	0.01041	0.01331	0.00926	0.01388	0.00694	0.00521	0.00521	0.00174	0.00694	0.00463	0.00231	0.00579
31	0.00654	0.00462	0.00610	0.00712	0.00753	0.00431	0.00481	0.00764	0.01045	0.01419	0.09981	0.71707	0.03523	0.01548	0.00651	0.00204	0.00295	0.01401	0.02930	0.00431
32	0.01105	0.01050	0.01781	0.49726	0.33358	0.01189	0.01507	0.01437	0.01099	0.01478	0.00947	0.01349	0.00746	0.00498	0.00519	0.00166	0.00664	0.00463	0.00242	0.00676
33	0.00839	0.00599	0.00839	0.00959	0.01079	0.00599	0.00839	0.01079	0.01199	0.01558	0.02757	0.05874	0.02997	0.01439	0.00719	0.00240	0.00480	0.74945	0.00480	0.00480
34	0.01100	0.01063	0.01859	0.49646	0.27267	0.01195	0.07535	0.01443	0.01102	0.01475	0.00953	0.01358	0.00743	0.00496	0.00527	0.00168	0.00685	0.00475	0.00242	0.00667
35	0.35078	0.08405	0.01296	0.01044	0.01348	0.42067	0.00821	0.01819	0.01207	0.01693	0.00767	0.00894	0.00628	0.00508	0.00400	0.00143	0.00695	0.00310	0.00286	0.00593
36	0.00695	0.00505	0.00655	0.00671	0.00766	0.00465	0.00483	0.00882	0.01296	0.01791	0.48372	0.30149	0.08785	0.01271	0.00631	0.00181	0.00266	0.01133	0.00538	0.00465
37	0.18290	0.04464	0.04273	0.04252	0.02832	0.04424	0.00839	0.04913	0.05599	0.41155	0.01528	0.01443	0.01030	0.00584	0.00470	0.00158	0.00490	0.00447	0.00490	0.02320
38	0.51887	0.01075	0.01384	0.01097	0.01435	0.01178	0.19992	0.01523	0.00985	0.02067	0.00885	0.01095	0.00691	0.00508	0.00486	0.00166	0.05481	0.00394	0.07079	0.00593
39	0.01206	0.07611	0.01618	0.06126	0.01658	0.01312	0.12871	0.02101	0.40838	0.01835	0.03991	0.01876	0.05432	0.00695	0.00648	0.00176	0.08285	0.00585	0.00414	0.00722

[dist]
# distance from previous block
# <min> <max>
0	28

[block]
# block no. 3 follows, 47 sequences, length 54
# corresponding to MSA columns:
# 1114-1167
name=unknown_D
#
# <colnr> <probs for GDERKNQSTAVLIFYWHMCP>
#	G	D	E	R	K	N	Q	S	T	A	V	L	I	F	Y	W	H	M	C	P
0	0.01027	0.00916	0.01466	0.02084	0.43777	0.00899	0.01121	0.01278	0.01209	0.01684	0.14515	0.13060	0.07717	0.00854	0.00574	0.00172	0.00478	0.06133	0.00373	0.00662
1	0.01122	0.01107	0.01717	0.05227	0.08397	0.01341	0.10721	0.01324	0.00932	0.01396	0.00845	0.01255	0.00763	0.00944	0.06695	0.00238	0.45256	0.00468	0.00248	0.10003
2	0.00744	0.00558	0.00837	0.00837	0.00930	0.00651	0.00651	0.00930	0.00837	0.01209	0.01395	0.02046	0.01302	0.03906	0.79635	0.00837	0.01395	0.00558	0.00279	0.00465
3	0.01421	0.21502	0.03872	0.02230	0.43062	0.14744	0.01315	0.01694	0.02699	0.01519	0.00908	0.01126	0.00771	0.00477	0.00463	0.00141	0.00657	0.00397	0.00255	0.00747
4	0.23778	0.10743	0.01440	0.01087	0.01417	0.34147	0.00871	0.16043	0.02852	0.01945	0.00884	0.00981	0.00700	0.00532	0.00427	0.00144	0.00677	0.00345	0.00330	0.00658
5	0.00634	0.00453	0.00604	0.00725	0.00755	0.00423	0.00483	0.00725	0.00997	0.01329	0.02870	0.81358	0.03444	0.01632	0.00665	0.00211	0.00302	0.01480	0.00483	0.00423
6	0.00704	0.00531	0.00641	0.00685	0.00786	0.00485	0.00478	0.03263	0.01108	0.01453	0.06975	0.49613	0.21435	0.04671	0.00713	0.00204	0.00311	0.01246	0.00475	0.04221
7	0.01436	0.28716	0.20693	0.01245	0.01757	0.01615	0.08098	0.20854	0.07368	0.01966	0.01047	0.01143	0.00804	0.00523	0.00461	0.00147	0.00630	0.00408	0.00326	0.00763
8	0.85377	0.01007	0.00765	0.00685	0.01007	0.01168	0.00564	0.01531	0.00886	0.02336	0.00725	0.00846	0.00564	0.00483	0.00322	0.00161	0.00403	0.00282	0.00322	0.00564
9	0.00634	0.00455	0.00602	0.00720	0.00754	0.00423	0.00481	0.00726	0.01002	0.01332	0.02936	0.79272	0.05488	0.01623	0.00663	0.00211	0.00301	0.01470	0.00483	0.00423
10	0.01113	0.01113	0.02058	0.12327	0.31992	0.01106	0.24084	0.01430	0.01160	0.01583	0.01509	0.10145	0.06697	0.00650	0.00569	0.00171	0.00647	0.00664	0.00297	0.00685
11	0.00773	0.00599	0.00885	0.00868	0.00952	0.00716	0.00677	0.00949	0.00832	0.01207	0.01350	0.02017	0.01273	0.05797	0.71891	0.00784	0.07131	0.00556	0.00276	0.00469
12	0.00688	0.00530	0.00628	0.00603	0.00748	0.00470	0.00452	0.00887	0.01357	0.01811	0.48520	0.04346	0.34741	0.01168	0.00615	0.00169	0.00253	0.01006	0.00537	0.00470
13	0.08365	0.00895	0.01176	0.00909	0.01306	0.00795	0.00751	0.02465	0.01447	0.73259	0.01958	0.01705	0.01236	0.00633	0.00509	0.00161	0.00440	0.00506	0.00621	0.00863
14	0.01144	0.01206	0.05695	0.34314	0.32824	0.01216	0.13052	0.01503	0.01130	0.01543	0.00967	0.01338	0.00759	0.00485	0.00532	0.00166	0.00696	0.00483	0.00246	0.00703
15	0.01320	0.01154	0.01399	0.04151	0.16938	0.01296	0.01009	0.06398	0.55640	0.02113	0.01805	0.01756	0.01369	0.00647	0.00526	0.00171	0.00472	0.00553	0.00465	0.00819
16	0.01065	0.07340	0.74532	0.01450	0.02200	0.01259	0.01864	0.01644	0.01097	0.01624	0.00922	0.01084	0.00660	0.00492	0.00485	0.00162	0.00757	0.00379	0.00220	0.00764
17	0.85377	0.01007	0.00765	0.00685	0.01007	0.01168	0.00564	0.01531	0.00886	0.02336	0.00725	0.00846	0.00564	0.00483	0.00322	0.00161	0.00403	0.00282	0.00322	0.00564
18	0.00803	0.00550	0.00665	0.00647	0.00796	0.00490	0.00486	0.00980	0.01288	0.07275	0.32530	0.12543	0.31041	0.03408	0.00674	0.00186	0.00290	0.04334	0.00525	0.00489
19	0.01427	0.01040	0.01710	0.31776	0.15850	0.01094	0.09623	0.04690	0.02615	0.20012	0.01289	0.02938	0.00945	0.00557	0.00531	0.00166	0.00619	0.00513	0.00361	0.02244
20	0.76001	0.01033	0.00916	0.00965	0.09642	0.01176	0.00679	0.01538	0.00920	0.02266	0.00753	0.00895	0.00593	0.00481	0.00344	0.00160	0.00427	0.00302	0.00315	0.00593
21	0.00634	0.00453	0.00604	0.00725	0.00755	0.00423	0.00483	0.00725	0.00997	0.01329	0.02870	0.81358	0.03444	0.01632	0.00665	0.00211	0.00302	0.01480	0.00483	0.00423
22	0.00905	0.00452	0.00678	0.00678	0.00678	0.00452	0.00452	0.00678	0.00678	0.00905	0.00905	0.01583	0.00905	0.01809	0.02035	0.84848	0.00452	0.00452	0.00226	0.00226
23	0.02066	0.01235	0.01409	0.01084	0.01486	0.01293	0.00894	0.49382	0.02083	0.28546	0.01534	0.01448	0.01036	0.00631	0.00517	0.00157	0.00519	0.00488	0.03320	0.00873
24	0.85377	0.01007	0.00765	0.00685	0.01007	0.01168	0.00564	0.01531	0.00886	0.02336	0.00725	0.00846	0.00564	0.00483	0.00322	0.00161	0.00403	0.00282	0.00322	0.00564
25	0.01644	0.01041	0.01188	0.01015	0.01346	0.01118	0.00805	0.02690	0.52037	0.27856	0.02098	0.01886	0.01489	0.00686	0.00528	0.00171	0.00423	0.00567	0.00568	0.00845
26	0.00891	0.00645	0.00712	0.00661	0.00865	0.00593	0.00513	0.05490	0.05366	0.07666	0.15191	0.04246	0.50114	0.01161	0.00602	0.00174	0.00309	0.03758	0.00514	0.00530
27	0.01220	0.00921	0.01094	0.00789	0.01245	0.00702	0.00634	0.01448	0.01126	0.10295	0.01051	0.01157	0.00829	0.00415	0.00401	0.00086	0.00392	0.00333	0.00346	0.75517
28	0.01980	0.01459	0.01563	0.01198	0.01615	0.01615	0.00990	0.76713	0.02448	0.03282	0.01250	0.01250	0.00886	0.00625	0.00521	0.00156	0.00573	0.00469	0.00521	0.00886
29	0.00634	0.00453	0.00604	0.00725	0.00755	0.00423	0.00483	0.00725	0.00997	0.01329	0.02870	0.81358	0.03444	0.01632	0.00665	0.00211	0.00302	0.01480	0.00483	0.00423
30	0.00774	0.00575	0.00751	0.00841	0.00970	0.00551	0.00712	0.00980	0.01186	0.01510	0.03385	0.09339	0.21619	0.01418	0.00691	0.00223	0.00418	0.53109	0.00481	0.00467
31	0.00634	0.00453	0.00604	0.00725	0.00755	0.00423	0.00483	0.00725	0.00997	0.01329	0.02870	0.81358	0.03444	0.01632	0.00665	0.00211	0.00302	0.01480	0.00483	0.00423
32	0.00737	0.00532	0.00696	0.00655	0.00778	0.00491	0.00491	0.00983	0.01474	0.02088	0.78175	0.03890	0.04914	0.01065	0.00614	0.00164	0.00246	0.00942	0.00573	0.00491
33	0.01455	0.01053	0.01137	0.00924	0.01240	0.01101	0.00746	0.40480	0.04380	0.06978	0.06746	0.02704	0.27065	0.00885	0.00558	0.00164	0.00439	0.00712	0.00519	0.00713
34	0.01945	0.02482	0.01476	0.01342	0.01610	0.79608	0.01006	0.02079	0.01476	0.01275	0.00805	0.00939	0.00671	0.00537	0.00470	0.00134	0.00939	0.00335	0.00268	0.00604
35	0.01080	0.00926	0.01080	0.00771	0.01234	0.00694	0.00617	0.01311	0.01080	0.01697	0.00926	0.01080	0.00771	0.00386	0.00386	0.00077	0.00386	0.00309	0.00309	0.84882
36	0.02312	0.00926	0.01233	0.00945	0.01349	0.00825	0.00781	0.07711	0.01557	0.73543	0.01998	0.01736	0.01261	0.00643	0.00524	0.00161	0.00452	0.00520	0.00636	0.00886
37	0.00626	0.00486	0.00570	0.00637	0.00732	0.00430	0.00444	0.00735	0.01082	0.01364	0.03944	0.47264	0.36846	0.01492	0.00643	0.00196	0.00285	0.01310	0.00483	0.00430
38	0.01229	0.01405	0.03073	0.02195	0.02722	0.01317	0.76558	0.01668	0.01229	0.01668	0.01054	0.01405	0.00790	0.00439	0.00615	0.00176	0.00878	0.00615	0.00263	0.00702
39	0.00757	0.00505	0.00568	0.00568	0.00568	0.00505	0.00316	0.00757	0.00757	0.01010	0.01641	0.03408	0.01893	0.81698	0.02651	0.00505	0.00505	0.00757	0.00316	0.00316
40	0.00966	0.00695	0.00920	0.00986	0.01139	0.00713	0.00856	0.09512	0.01338	0.01751	0.02589	0.05359	0.02762	0.01348	0.00697	0.00230	0.00490	0.66641	0.00484	0.00525
41	0.00794	0.00569	0.00775	0.00823	0.00945	0.00551	0.00684	0.01036	0.01322	0.01795	0.36437	0.04988	0.03853	0.01272	0.00672	0.00206	0.00375	0.41897	0.00521	0.00485
42	0.00744	0.00558	0.00837	0.00837	0.00930	0.00651	0.00651	0.00930	0.00837	0.01209	0.01395	0.02046	0.01302	0.03906	0.79635	0.00837	0.01395	0.00558	0.00279	0.00465
43	0.01045	0.02694	0.79000	0.01484	0.02254	0.01209	0.01924	0.01649	0.01099	0.01649	0.00935	0.01099	0.00660	0.00495	0.00495	0.00165	0.00770	0.00385	0.00220	0.00770
44	0.01379	0.00772	0.00975	0.00898	0.01115	0.00754	0.00702	0.13491	0.02915	0.23897	0.02347	0.33523	0.02318	0.01142	0.00606	0.00192	0.00413	0.11379	0.00536	0.00646
45	0.00632	0.00461	0.00596	0.00703	0.00750	0.00425	0.00474	0.00728	0.01018	0.01338	0.03138	0.72846	0.11784	0.01597	0.00659	0.00208	0.00298	0.01438	0.00483	0.00425
46	0.01289	0.01237	0.02114	0.03196	0.78450	0.01237	0.01598	0.01598	0.01186	0.01701	0.00980	0.01289	0.00825	0.00464	0.00516	0.00155	0.00619	0.00464	0.00258	0.00825
47	0.00983	0.00926	0.01562	0.80447	0.03587	0.01157	0.01446	0.01331	0.01041	0.01331	0.00926	0.01388	0.00694	0.00521	0.00521	0.00174	0.00694	0.00463	0.00231	0.00579
48	0.01497	0.01754	0.01448	0.25712	0.04212	0.44519	0.01118	0.01708	0.01263	0.01296	0.00913	0.01210	0.00753	0.00905	0.09313	0.00225	0.00906	0.00403	0.00258	0.00586
49	0.00785	0.00520	0.00662	0.00715	0.00818	0.00475	0.00517	0.00914	0.01110	0.07407	0.07017	0.47599	0.19247	0.01502	0.02583	0.00215	0.00342	0.06608	0.00495	0.00471
50	0.00999	0.00826	0.01039	0.00990	0.01196	0.00881	0.04844	0.01724	0.32058	0.01817	0.08054	0.12749	0.07258	0.01076	0.00616	0.00198	0.00422	0.22133	0.00496	0.00623
51	0.07418	0.01164	0.08896	0.18558	0.25726	0.01064	0.01234	0.01679	0.05024	0.14539	0.01576	0.01715	0.07977	0.00601	0.00512	0.00164	0.00561	0.00517	0.00352	0.00723
52	0.16470	0.06548	0.00819	0.00654	0.00812	0.00753	0.00475	0.01103	0.00947	0.07464	0.02088	0.06314	0.14298	0.33829	0.05085	0.00334	0.00478	0.00697	0.00370	0.00464
53	0.12066	0.02780	0.01187	0.04871	0.01407	0.10688	0.00818	0.06216	0.33511	0.03473	0.01480	0.01540	0.01149	0.00971	0.09301	0.00233	0.00609	0.00475	0.00409	0.06816

[dist]
# distance from previous block
# <min> <max>
1	9

[block]
# block no. 4 follows, 47 sequences, length 41
# corresponding to MSA columns:
# 1177-1217
name=unknown_E
#
# <colnr> <probs for GDERKNQSTAVLIFYWHMCP>
#	G	D	E	R	K	N	Q	S	T	A	V	L	I	F	Y	W	H	M	C	P
0	0.01327	0.02063	0.44693	0.01354	0.01935	0.01301	0.02938	0.17822	0.08626	0.04949	0.01145	0.01245	0.00826	0.00569	0.00574	0.00166	0.05198	0.00434	0.00333	0.02503
1	0.00947	0.00713	0.00858	0.00757	0.01034	0.00595	0.00617	0.01154	0.01184	0.05968	0.06991	0.03543	0.22086	0.00954	0.00552	0.00154	0.00373	0.19627	0.00433	0.31461
2	0.27916	0.01297	0.01291	0.01030	0.01410	0.01456	0.00847	0.48801	0.06522	0.02920	0.01140	0.01166	0.00828	0.00586	0.00460	0.00159	0.00510	0.00418	0.00460	0.00782
3	0.01910	0.01231	0.01367	0.01068	0.01441	0.03287	0.00874	0.47373	0.02070	0.21373	0.11028	0.01698	0.01480	0.00682	0.00532	0.00158	0.00510	0.00538	0.00551	0.00829
4	0.00731	0.00498	0.00618	0.00683	0.00768	0.00450	0.00472	0.00834	0.01062	0.05717	0.03359	0.55378	0.21376	0.04572	0.00721	0.00211	0.00309	0.01306	0.00486	0.00449
5	0.25265	0.01075	0.01135	0.03994	0.01353	0.01205	0.00790	0.20997	0.16998	0.09586	0.01361	0.01431	0.01021	0.01009	0.10335	0.00248	0.00587	0.00457	0.00437	0.00718
6	0.00756	0.00512	0.00602	0.00602	0.00613	0.00523	0.00357	0.00779	0.00767	0.01035	0.01610	0.03238	0.01819	0.71973	0.12274	0.00546	0.00616	0.00732	0.00311	0.00334
7	0.00757	0.00505	0.00568	0.00568	0.00568	0.00505	0.00316	0.00757	0.00757	0.01010	0.01641	0.03408	0.01893	0.81698	0.02651	0.00505	0.00505	0.00757	0.00316	0.00316
8	0.04194	0.00750	0.00845	0.00767	0.00920	0.00772	0.00550	0.16546	0.03180	0.06118	0.07961	0.17008	0.06338	0.30198	0.01323	0.00295	0.00439	0.00828	0.00442	0.00527
9	0.00618	0.00518	0.00537	0.00552	0.00710	0.00438	0.00407	0.00745	0.01163	0.01397	0.04976	0.14534	0.68909	0.01358	0.00622	0.00180	0.00269	0.01147	0.00484	0.00438
10	0.85377	0.01007	0.00765	0.00685	0.01007	0.01168	0.00564	0.01531	0.00886	0.02336	0.00725	0.00846	0.00564	0.00483	0.00322	0.00161	0.00403	0.00282	0.00322	0.00564
11	0.02336	0.00886	0.01209	0.00927	0.01329	0.00765	0.00765	0.02538	0.01491	0.78810	0.02055	0.01773	0.01289	0.00645	0.00524	0.00161	0.00443	0.00524	0.00645	0.00886
12	0.00687	0.00531	0.00583	0.00592	0.00749	0.00457	0.00443	0.00828	0.01193	0.03746	0.10426	0.15117	0.57329	0.01326	0.00623	0.00182	0.00281	0.03954	0.00495	0.00456
13	0.02336	0.00886	0.01209	0.00927	0.01329	0.00765	0.00765	0.02538	0.01491	0.78810	0.02055	0.01773	0.01289	0.00645	0.00524	0.00161	0.00443	0.00524	0.00645	0.00886
14	0.01289	0.01237	0.02114	0.03196	0.78450	0.01237	0.01598	0.01598	0.01186	0.01701	0.00980	0.01289	0.00825	0.00464	0.00516	0.00155	0.00619	0.00464	0.00258	0.00825
15	0.01762	0.00763	0.01044	0.00909	0.01197	0.00682	0.00748	0.01958	0.01358	0.50437	0.02326	0.12693	0.01972	0.00960	0.00589	0.00186	0.00434	0.18666	0.00584	0.00730
16	0.00809	0.00537	0.00603	0.00583	0.00668	0.00500	0.00378	0.00877	0.00976	0.05912	0.07661	0.03819	0.24857	0.47604	0.01783	0.00364	0.00412	0.00857	0.00402	0.00398
17	0.02292	0.00958	0.01253	0.00960	0.01365	0.00871	0.00793	0.11790	0.01610	0.69390	0.01954	0.01707	0.01239	0.00642	0.00523	0.00161	0.00459	0.00517	0.00629	0.00886
18	0.01295	0.01119	0.01178	0.01060	0.01354	0.01295	0.00824	0.02767	0.77509	0.02178	0.02120	0.01943	0.01590	0.00707	0.00530	0.00177	0.00412	0.00589	0.00530	0.00824
19	0.00724	0.00528	0.00659	0.00628	0.00742	0.00486	0.00457	0.00925	0.01348	0.01867	0.59346	0.03973	0.13874	0.11154	0.00868	0.00208	0.00280	0.00939	0.00530	0.00463
20	0.00661	0.00472	0.00629	0.00737	0.00780	0.00444	0.00510	0.00772	0.01039	0.01390	0.07663	0.68259	0.03466	0.03407	0.00711	0.00218	0.00318	0.07610	0.00485	0.00430
21	0.01295	0.01119	0.01178	0.01060	0.01354	0.01295	0.00824	0.02767	0.77509	0.02178	0.02120	0.01943	0.01590	0.00707	0.00530	0.00177	0.00412	0.00589	0.00530	0.00824
22	0.00744	0.00558	0.00837	0.00837	0.00930	0.00651	0.00651	0.00930	0.00837	0.01209	0.01395	0.02046	0.01302	0.03906	0.79635	0.00837	0.01395	0.00558	0.00279	0.00465
23	0.01080	0.00926	0.01080	0.00771	0.01234	0.00694	0.00617	0.01311	0.01080	0.01697	0.00926	0.01080	0.00771	0.00386	0.00386	0.00077	0.00386	0.00309	0.00309	0.84882
24	0.00634	0.00453	0.00604	0.00725	0.00755	0.00423	0.00483	0.00725	0.00997	0.01329	0.02870	0.81358	0.03444	0.01632	0.00665	0.00211	0.00302	0.01480	0.00483	0.00423
25	0.01229	0.01405	0.03073	0.02195	0.02722	0.01317	0.76558	0.01668	0.01229	0.01668	0.01054	0.01405	0.00790	0.00439	0.00615	0.00176	0.00878	0.00615	0.00263	0.00702
26	0.00634	0.00453	0.00604	0.00725	0.00755	0.00423	0.00483	0.00725	0.00997	0.01329	0.02870	0.81358	0.03444	0.01632	0.00665	0.00211	0.00302	0.01480	0.00483	0.00423
27	0.00715	0.00531	0.00666	0.00632	0.00764	0.00482	0.00474	0.00940	0.01422	0.01965	0.64960	0.04093	0.18206	0.01111	0.00614	0.00166	0.00249	0.00970	0.00557	0.00482
28	0.01229	0.01405	0.03073	0.02195	0.02722	0.01317	0.76558	0.01668	0.01229	0.01668	0.01054	0.01405	0.00790	0.00439	0.00615	0.00176	0.00878	0.00615	0.00263	0.00702
29	0.01295	0.01119	0.01178	0.01060	0.01354	0.01295	0.00824	0.02767	0.77509	0.02178	0.02120	0.01943	0.01590	0.00707	0.00530	0.00177	0.00412	0.00589	0.00530	0.00824
30	0.01289	0.01237	0.02114	0.03196	0.78450	0.01237	0.01598	0.01598	0.01186	0.01701	0.00980	0.01289	0.00825	0.00464	0.00516	0.00155	0.00619	0.00464	0.00258	0.00825
31	0.00983	0.00988	0.01974	0.01552	0.01863	0.00930	0.41829	0.01281	0.01148	0.01542	0.01870	0.28536	0.01948	0.00960	0.00644	0.00196	0.00637	0.10174	0.00363	0.00582
32	0.00983	0.00926	0.01562	0.80447	0.03587	0.01157	0.01446	0.01331	0.01041	0.01331	0.00926	0.01388	0.00694	0.00521	0.00521	0.00174	0.00694	0.00463	0.00231	0.00579
33	0.01139	0.01139	0.01595	0.01367	0.01367	0.01595	0.01139	0.01253	0.00798	0.01253	0.00684	0.01139	0.00684	0.00911	0.01709	0.00228	0.80745	0.00456	0.00228	0.00570
34	0.36720	0.00960	0.01225	0.46671	0.02494	0.01162	0.01073	0.01415	0.00976	0.01757	0.00841	0.01159	0.00639	0.00505	0.00437	0.00168	0.00571	0.00386	0.00270	0.00572
35	0.01675	0.11682	0.01543	0.01149	0.01484	0.24839	0.00921	0.18215	0.27262	0.03991	0.01365	0.01352	0.01042	0.00604	0.00485	0.00151	0.00623	0.00447	0.00414	0.00754
36	0.01618	0.01451	0.01602	0.03663	0.26951	0.18690	0.01153	0.12694	0.10078	0.10384	0.01326	0.01594	0.01057	0.00607	0.00520	0.00159	0.00635	0.04668	0.00383	0.00766
37	0.01304	0.37020	0.23633	0.01270	0.01809	0.01566	0.13291	0.01699	0.04586	0.05404	0.00972	0.01105	0.00762	0.00478	0.00443	0.00141	0.00650	0.00389	0.00266	0.03212
38	0.03922	0.01064	0.01428	0.14911	0.11600	0.02902	0.03977	0.13531	0.09959	0.13806	0.01566	0.06941	0.01304	0.00709	0.00539	0.00170	0.00544	0.06758	0.00422	0.03946
39	0.03590	0.14684	0.04295	0.01484	0.13155	0.09429	0.04492	0.26346	0.07156	0.06704	0.01144	0.01228	0.00870	0.00561	0.00513	0.00151	0.02602	0.00435	0.00382	0.00781
40	0.03315	0.01134	0.04654	0.01252	0.10857	0.08671	0.00886	0.12759	0.05508	0.10658	0.01900	0.25373	0.04647	0.00924	0.00589	0.00174	0.02872	0.00782	0.00434	0.02611

[dist]
# distance from previous block
# <min> <max>
3	17

[block]
# block no. 5 follows, 47 sequences, length 57
# corresponding to MSA columns:
# 1235-1291
name=unknown_F
#
# <colnr> <probs for GDERKNQSTAVLIFYWHMCP>
#	G	D	E	R	K	N	Q	S	T	A	V	L	I	F	Y	W	H	M	C	P
0	0.03467	0.01321	0.01538	0.15520	0.12010	0.16225	0.06621	0.03170	0.03795	0.05476	0.01017	0.01221	0.00797	0.00484	0.00473	0.00134	0.00623	0.00407	0.00306	0.25394
1	0.01460	0.37897	0.06024	0.01085	0.01476	0.15724	0.02608	0.04031	0.21721	0.01578	0.01146	0.01189	0.00924	0.00539	0.00431	0.00138	0.00605	0.00390	0.00322	0.00711
2	0.01286	0.01209	0.17067	0.01001	0.01397	0.00860	0.03788	0.01762	0.12085	0.19644	0.16003	0.02325	0.10243	0.00742	0.00536	0.00159	0.00461	0.00628	0.00465	0.08338
3	0.26410	0.21635	0.01611	0.00972	0.01361	0.04430	0.00837	0.31516	0.03012	0.02392	0.00963	0.01028	0.00741	0.00536	0.00414	0.00146	0.00529	0.00363	0.00378	0.00725
4	0.01104	0.00902	0.01033	0.01009	0.01231	0.01004	0.00819	0.02066	0.45974	0.01939	0.04772	0.03505	0.02232	0.00997	0.00605	0.00200	0.00433	0.28980	0.00512	0.00682
5	0.00693	0.00502	0.00648	0.00707	0.00783	0.00469	0.00509	0.00840	0.01148	0.01544	0.23100	0.39889	0.09931	0.06942	0.00790	0.00219	0.00319	0.10028	0.00495	0.00442
6	0.01156	0.01936	0.38228	0.01775	0.06703	0.01237	0.27459	0.01670	0.03578	0.03553	0.01049	0.01292	0.00782	0.00614	0.03198	0.00193	0.04095	0.00487	0.00260	0.00736
7	0.00738	0.00539	0.00716	0.00819	0.00916	0.00517	0.00656	0.00912	0.01128	0.01459	0.03142	0.31684	0.13476	0.01488	0.00686	0.00221	0.00389	0.39576	0.00481	0.00455
