[name]
unknown

[dist]
# distance from previous block
# <min> <max>
0	19

[block]
# block no. 0 follows, 48 sequences, length 11
# corresponding to MSA columns:
# 19-29
name=unknown_A
#
# <colnr> <probs for GDERKNQSTAVLIFYWHMCP>
#	G	D	E	R	K	N	Q	S	T	A	V	L	I	F	Y	W	H	M	C	P
0	0.01298	0.09303	0.04397	0.01244	0.03760	0.14939	0.11976	0.03798	0.01252	0.05772	0.01477	0.02460	0.01390	0.00743	0.00535	0.00161	0.00619	0.21788	0.00350	0.12738
1	0.01548	0.01364	0.07063	0.05769	0.03736	0.06127	0.00970	0.33105	0.09175	0.05247	0.01223	0.01289	0.00907	0.00553	0.00478	0.00140	0.00542	0.00431	0.03359	0.16973
2	0.01252	0.03096	0.08872	0.07138	0.22496	0.09628	0.11522	0.10123	0.01314	0.01717	0.04096	0.06267	0.06409	0.03095	0.00594	0.00170	0.00633	0.00579	0.00320	0.00679
3	0.00642	0.00493	0.00597	0.00637	0.00739	0.00448	0.00455	0.00779	0.01125	0.01462	0.16880	0.34897	0.31424	0.01526	0.05245	0.00223	0.00337	0.01173	0.00480	0.00437
4	0.02926	0.01417	0.18446	0.15034	0.10136	0.02873	0.03252	0.08260	0.14568	0.04659	0.01253	0.01561	0.00999	0.08625	0.00756	0.00199	0.03520	0.00490	0.00331	0.00695
5	0.04535	0.12776	0.16741	0.05418	0.13215	0.01240	0.03317	0.09838	0.07491	0.09098	0.01212	0.01329	0.00910	0.00533	0.00460	0.00149	0.00553	0.00432	0.10025	0.00729
6	0.02040	0.00879	0.01291	0.00987	0.01364	0.00776	0.08250	0.02266	0.01398	0.62596	0.01886	0.01730	0.01227	0.00611	0.00507	0.00156	0.00456	0.00521	0.10251	0.00810
7	0.00685	0.00487	0.00562	0.00596	0.00638	0.00462	0.00373	0.00735	0.00896	0.01160	0.02657	0.25882	0.17222	0.43462	0.01666	0.00352	0.00395	0.01014	0.00390	0.00365
8	0.01383	0.24295	0.08914	0.10669	0.10803	0.19766	0.14182	0.01660	0.01183	0.01395	0.00857	0.01079	0.00699	0.00474	0.00463	0.00142	0.00731	0.00395	0.00241	0.00666
9	0.00794	0.00772	0.07404	0.00993	0.08621	0.00639	0.00717	0.01042	0.03148	0.01618	0.28212	0.18961	0.07380	0.07273	0.09836	0.00272	0.00487	0.00887	0.00429	0.00516
10	0.00659	0.00467	0.00614	0.00720	0.00755	0.00443	0.00492	0.00753	0.00975	0.01296	0.02678	0.65146	0.03175	0.10803	0.00885	0.00244	0.00338	0.08691	0.00457	0.00410

[dist]
# distance from previous block
# <min> <max>
0	2

[block]
# block no. 1 follows, 48 sequences, length 40
# corresponding to MSA columns:
# 32-71
name=unknown_B
#
# <colnr> <probs for GDERKNQSTAVLIFYWHMCP>
#	G	D	E	R	K	N	Q	S	T	A	V	L	I	F	Y	W	H	M	C	P
0	0.03957	0.02597	0.76589	0.01435	0.02178	0.01190	0.01849	0.01621	0.01076	0.01648	0.00914	0.01075	0.00647	0.00487	0.00482	0.00162	0.00746	0.00376	0.00220	0.00751
1	0.02274	0.00919	0.01219	0.00934	0.01333	0.00822	0.00772	0.08508	0.01545	0.73007	0.01960	0.01705	0.01238	0.00634	0.00516	0.00158	0.00447	0.00512	0.00625	0.00873
2	0.01314	0.01919	0.26903	0.01971	0.25226	0.16915	0.08546	0.04275	0.01229	0.01604	0.00952	0.01185	0.00751	0.00642	0.04200	0.00185	0.00779	0.00425	0.00254	0.00726
3	0.01219	0.46820	0.36808	0.01138	0.01719	0.01657	0.01331	0.01576	0.01061	0.01393	0.00806	0.00939	0.00655	0.00461	0.00400	0.00133	0.00642	0.00321	0.00218	0.00703
4	0.00629	0.00452	0.00590	0.00699	0.00735	0.00421	0.00466	0.00717	0.00982	0.01301	0.02891	0.75011	0.06834	0.04725	0.00729	0.00218	0.00304	0.01413	0.00470	0.00413
5	0.00911	0.00553	0.00632	0.03788	0.00783	0.00579	0.00445	0.04482	0.01003	0.01578	0.01573	0.02333	0.01442	0.26930	0.09634	0.00320	0.00476	0.00570	0.41525	0.00444
6	0.00614	0.00491	0.00550	0.00597	0.00713	0.00427	0.00424	0.00728	0.01095	0.01356	0.04255	0.35467	0.48639	0.01422	0.00626	0.00187	0.00275	0.01232	0.00476	0.00427
7	0.63545	0.00971	0.00835	0.00697	0.01051	0.01029	0.00569	0.01452	0.00923	0.02138	0.00766	0.00894	0.00609	0.00451	0.00334	0.00137	0.00393	0.00285	0.00314	0.22608
8	0.11084	0.01118	0.01217	0.00988	0.01351	0.01189	0.00798	0.22934	0.25810	0.18358	0.01581	0.01495	0.01129	0.00609	0.00483	0.00155	0.00453	0.00476	0.00501	0.08270
9	0.01517	0.04828	0.18697	0.09103	0.02036	0.05699	0.10691	0.34902	0.01691	0.02261	0.01051	0.01196	0.00769	0.00551	0.00539	0.00159	0.02742	0.00447	0.00357	0.00764
10	0.00650	0.00518	0.00582	0.00573	0.00722	0.00451	0.00427	0.00819	0.01263	0.01624	0.31387	0.07721	0.49005	0.01222	0.00608	0.00170	0.00255	0.01043	0.00508	0.00451
11	0.01150	0.00824	0.00976	0.00790	0.01096	0.00743	0.00622	0.09072	0.06674	0.09394	0.24468	0.05237	0.05811	0.00738	0.00504	0.00134	0.00356	0.00625	0.00464	0.30323
12	0.01008	0.02547	0.75356	0.01415	0.02144	0.01154	0.01820	0.01580	0.01088	0.01613	0.01135	0.01277	0.04559	0.00528	0.00493	0.00163	0.00733	0.00414	0.00230	0.00742
13	0.00905	0.00708	0.00827	0.00840	0.00975	0.00752	0.00609	0.05662	0.24859	0.01706	0.05353	0.49500	0.02740	0.01249	0.00604	0.00193	0.00344	0.01111	0.00496	0.00567
14	0.01123	0.30171	0.03645	0.00938	0.02684	0.04274	0.05746	0.01264	0.00960	0.03729	0.01161	0.01892	0.01160	0.28490	0.08800	0.00321	0.02334	0.00503	0.00275	0.00532
15	0.28269	0.05835	0.01667	0.12913	0.06724	0.04191	0.16796	0.02665	0.01088	0.08937	0.00956	0.01165	0.00725	0.00513	0.00529	0.00163	0.05493	0.00420	0.00307	0.00644
16	0.00669	0.00541	0.00623	0.03226	0.00841	0.00493	0.00485	0.00858	0.03448	0.01497	0.15097	0.18349	0.46225	0.01280	0.00614	0.00181	0.00292	0.04346	0.00482	0.00455
17	0.01064	0.00912	0.01064	0.00760	0.01216	0.00684	0.00608	0.01292	0.01064	0.01672	0.00912	0.01064	0.00760	0.00380	0.00380	0.00076	0.00380	0.00304	0.00304	0.85104
18	0.01453	0.11260	0.06851	0.01271	0.07978	0.03688	0.01003	0.20457	0.36246	0.02195	0.01501	0.01476	0.01135	0.00606	0.00491	0.00157	0.00518	0.00483	0.00432	0.00798
19	0.01905	0.01063	0.01269	0.00973	0.01378	0.01025	0.00797	0.24458	0.06713	0.37408	0.01591	0.01481	0.01079	0.00587	0.00491	0.00143	0.00462	0.00466	0.00531	0.16180
20	0.00628	0.00462	0.00584	0.00677	0.00730	0.00423	0.00457	0.00724	0.01015	0.01327	0.04745	0.65131	0.15454	0.04170	0.00710	0.00211	0.00297	0.01364	0.00473	0.00417
21	0.01064	0.08136	0.60649	0.01454	0.03987	0.01227	0.06572	0.01618	0.03387	0.01634	0.04841	0.01251	0.00900	0.00514	0.00491	0.00159	0.00710	0.00422	0.00247	0.00736
22	0.00746	0.00497	0.00560	0.00560	0.00560	0.00497	0.00311	0.00746	0.00746	0.00995	0.01617	0.03358	0.01865	0.81967	0.02612	0.00497	0.00497	0.00746	0.00311	0.00311
23	0.01282	0.00671	0.00824	0.00724	0.00936	0.00642	0.00563	0.02933	0.08020	0.23158	0.26386	0.06180	0.02540	0.00808	0.00511	0.00153	0.00317	0.00686	0.22043	0.00622
24	0.00969	0.00912	0.01539	0.80734	0.03534	0.01140	0.01425	0.01311	0.01026	0.01311	0.00912	0.01368	0.00684	0.00513	0.00513	0.00171	0.00684	0.00456	0.00228	0.00570
25	0.01372	0.63106	0.13862	0.01005	0.01475	0.09164	0.01038	0.01597	0.01087	0.01273	0.00751	0.00871	0.00657	0.00454	0.00365	0.00120	0.00615	0.00295	0.00223	0.00667
26	0.01036	0.00952	0.00971	0.00910	0.01022	0.14009	0.00683	0.05619	0.01004	0.01283	0.01269	0.02016	0.01237	0.20182	0.38838	0.00551	0.07102	0.00544	0.00291	0.00481
27	0.00731	0.00538	0.00763	0.00747	0.00848	0.00575	0.00571	0.00933	0.01073	0.01531	0.32079	0.02771	0.02713	0.04618	0.46492	0.00553	0.00903	0.00705	0.00391	0.00465
28	0.05249	0.00972	0.01233	0.00949	0.01345	0.00909	0.00784	0.14937	0.01605	0.63655	0.01844	0.01627	0.01178	0.00626	0.00508	0.00158	0.00457	0.00498	0.00603	0.00862
29	0.01253	0.01202	0.02052	0.07517	0.74531	0.01215	0.01566	0.01560	0.01160	0.01656	0.00962	0.01275	0.00806	0.00460	0.00508	0.00153	0.00614	0.00457	0.00253	0.00799
30	0.01797	0.02220	0.01632	0.01402	0.01700	0.65075	0.10852	0.04120	0.01439	0.01382	0.00864	0.01023	0.00702	0.00521	0.00480	0.00138	0.00887	0.00374	0.02780	0.00612
31	0.01150	0.00971	0.01707	0.04397	0.04725	0.00945	0.27835	0.06061	0.05069	0.08709	0.05722	0.21948	0.03603	0.00866	0.00597	0.00181	0.00564	0.03915	0.00404	0.00631
32	0.01064	0.00912	0.01064	0.00760	0.01216	0.00684	0.00608	0.01292	0.01064	0.01672	0.00912	0.01064	0.00760	0.00380	0.00380	0.00076	0.00380	0.00304	0.00304	0.85104
33	0.00693	0.00497	0.00651	0.00666	0.00752	0.00462	0.00476	0.00876	0.01271	0.01771	0.50517	0.29930	0.04256	0.03954	0.00689	0.00188	0.00269	0.01100	0.00527	0.00456
34	0.00670	0.00522	0.00609	0.00587	0.00732	0.00460	0.00440	0.00860	0.01321	0.01745	0.44375	0.04347	0.39158	0.01166	0.00606	0.00167	0.00250	0.01000	0.00524	0.00460
35	0.00675	0.00533	0.00605	0.00637	0.00777	0.00477	0.00496	0.00822	0.01140	0.01406	0.05882	0.07467	0.50011	0.07509	0.00787	0.00214	0.00331	0.19332	0.00465	0.00434
36	0.00969	0.00912	0.01539	0.80734	0.03534	0.01140	0.01425	0.01311	0.01026	0.01311	0.00912	0.01368	0.00684	0.00513	0.00513	0.00171	0.00684	0.00456	0.00228	0.00570
37	0.10568	0.08193	0.16409	0.01624	0.11476	0.26574	0.14851	0.01739	0.01210	0.01557	0.00868	0.01063	0.00687	0.00482	0.00473	0.00149	0.00757	0.00395	0.00256	0.00671
38	0.03519	0.00868	0.01142	0.00890	0.01256	0.00779	0.00730	0.06539	0.01498	0.65159	0.07801	0.01867	0.01511	0.00662	0.00514	0.00157	0.00422	0.00539	0.03323	0.00825
39	0.00690	0.00527	0.00638	0.00665	0.00773	0.00492	0.00477	0.00916	0.05673	0.01609	0.26735	0.34042	0.22257	0.01306	0.00620	0.00183	0.00278	0.01151	0.00506	0.00465

[dist]
# distance from previous block
# <min> <max>
0	1

[block]
# block no. 2 follows, 48 sequences, length 14
# corresponding to MSA columns:
# 73-86
name=unknown_C
#
# <colnr> <probs for GDERKNQSTAVLIFYWHMCP>
#	G	D	E	R	K	N	Q	S	T	A	V	L	I	F	Y	W	H	M	C	P
0	0.01493	0.23278	0.10758	0.03208	0.01589	0.04515	0.01097	0.27854	0.01487	0.01972	0.00918	0.01075	0.00736	0.00606	0.00699	0.00157	0.17118	0.00394	0.00325	0.00720
1	0.00935	0.00521	0.00725	0.00711	0.00745	0.00541	0.00488	0.00904	0.09505	0.01035	0.01028	0.01600	0.00969	0.01658	0.01836	0.75350	0.00441	0.00461	0.00257	0.00290
2	0.01042	0.00893	0.01103	0.00941	0.07464	0.00705	0.00672	0.01278	0.01117	0.01716	0.09801	0.01398	0.01232	0.00463	0.00416	0.00092	0.00383	0.00388	0.00330	0.68567
3	0.02302	0.00873	0.01191	0.00913	0.01310	0.00754	0.00754	0.02501	0.01469	0.79122	0.02024	0.01746	0.01270	0.00635	0.00516	0.00159	0.00437	0.00516	0.00635	0.00873
4	0.00727	0.00558	0.00672	0.00662	0.00794	0.00527	0.00489	0.01019	0.07750	0.01779	0.41906	0.17613	0.21236	0.01175	0.00607	0.00173	0.00270	0.01028	0.00525	0.00488
5	0.16958	0.03136	0.19756	0.01797	0.19918	0.01256	0.15722	0.03313	0.03102	0.03376	0.00954	0.01174	0.00739	0.00506	0.00564	0.00165	0.06144	0.00434	0.00276	0.00712
6	0.01325	0.01323	0.02030	0.02995	0.72254	0.07859	0.01526	0.01615	0.01192	0.01641	0.00951	0.01241	0.00800	0.00463	0.00504	0.00151	0.00636	0.00446	0.00255	0.00794
7	0.00891	0.00446	0.00668	0.00668	0.00668	0.00446	0.00446	0.00668	0.00668	0.00891	0.00891	0.01560	0.00891	0.01783	0.02005	0.85071	0.00446	0.00446	0.00223	0.00223
8	0.01680	0.01737	0.01394	0.01265	0.04324	0.34288	0.00948	0.17362	0.27843	0.01975	0.01332	0.01339	0.01020	0.00601	0.00495	0.00152	0.00663	0.00447	0.00403	0.00733
9	0.05618	0.01141	0.01252	0.00936	0.01366	0.01096	0.00763	0.33750	0.01632	0.02372	0.01039	0.01125	0.00798	0.00486	0.00434	0.00113	0.00460	0.00370	0.00394	0.44855
10	0.01410	0.17661	0.18456	0.03691	0.21399	0.10356	0.07703	0.03468	0.01214	0.08523	0.00993	0.01157	0.00767	0.00487	0.00472	0.00147	0.00672	0.00408	0.00281	0.00737
11	0.00733	0.00550	0.00825	0.00825	0.00916	0.00641	0.00641	0.00916	0.00825	0.01191	0.01374	0.02016	0.01283	0.03848	0.79934	0.00825	0.01374	0.00550	0.00275	0.00458
12	0.00692	0.00481	0.00609	0.00685	0.00714	0.00466	0.00457	0.00766	0.00920	0.01222	0.02380	0.44795	0.02794	0.30488	0.01365	0.00316	0.00390	0.09660	0.00416	0.00385
13	0.00925	0.00994	0.08671	0.34942	0.07574	0.00928	0.06651	0.01236	0.01104	0.01487	0.05185	0.03930	0.15788	0.00705	0.00529	0.00166	0.00553	0.00623	0.07436	0.00573

[dist]
# distance from previous block
# <min> <max>
0	18

[block]
# block no. 3 follows, 48 sequences, length 23
# corresponding to MSA columns:
# 105-127
name=unknown_D
#
# <colnr> <probs for GDERKNQSTAVLIFYWHMCP>
#	G	D	E	R	K	N	Q	S	T	A	V	L	I	F	Y	W	H	M	C	P
0	0.01210	0.09072	0.28639	0.03672	0.11278	0.03277	0.24450	0.04082	0.06263	0.01668	0.01027	0.01236	0.00778	0.00482	0.00515	0.00160	0.00727	0.00464	0.00265	0.00734
1	0.01464	0.00964	0.01289	0.01276	0.11035	0.00998	0.03572	0.02128	0.28176	0.23410	0.08609	0.02283	0.01756	0.00745	0.00578	0.00173	0.02597	0.07688	0.00502	0.00757
2	0.00639	0.00471	0.00585	0.00670	0.00729	0.00433	0.00457	0.00734	0.01006	0.01305	0.03188	0.56830	0.18162	0.08613	0.00819	0.00228	0.00314	0.03942	0.00462	0.00413
3	0.30575	0.05355	0.02895	0.00933	0.03165	0.11989	0.00748	0.04782	0.01153	0.09689	0.02459	0.01090	0.00804	0.00501	0.00425	0.00134	0.02239	0.00346	0.00341	0.20377
4	0.07271	0.51174	0.07181	0.01223	0.09770	0.05876	0.03033	0.06555	0.01163	0.01508	0.00801	0.00936	0.00685	0.00463	0.00384	0.00127	0.00587	0.00325	0.00253	0.00686
5	0.01229	0.01177	0.02009	0.13710	0.68526	0.01208	0.01554	0.01539	0.01149	0.01627	0.00958	0.01283	0.00795	0.00465	0.00509	0.00155	0.00620	0.00457	0.00250	0.00780
6	0.00929	0.03420	0.32675	0.01039	0.01436	0.02405	0.01105	0.05434	0.02631	0.01630	0.07695	0.19848	0.13442	0.00939	0.00556	0.00174	0.00515	0.03152	0.00370	0.00606
7	0.00711	0.00513	0.00672	0.00656	0.00763	0.00474	0.00483	0.00931	0.01383	0.01947	0.67255	0.15390	0.04626	0.01132	0.00613	0.00168	0.00250	0.01007	0.00552	0.00474
8	0.01365	0.52094	0.02132	0.00952	0.01335	0.05239	0.00861	0.01950	0.26265	0.01518	0.01168	0.01186	0.00957	0.00527	0.00398	0.00132	0.00519	0.00377	0.00321	0.00706
9	0.00726	0.00524	0.00686	0.00646	0.00767	0.00484	0.00484	0.00968	0.01452	0.02058	0.78496	0.03833	0.04841	0.01049	0.00605	0.00161	0.00242	0.00928	0.00565	0.00484
10	0.02150	0.00907	0.01186	0.00932	0.01313	0.00832	0.00763	0.02534	0.12814	0.67687	0.02034	0.01771	0.01314	0.00644	0.00517	0.00161	0.00432	0.00526	0.00618	0.00864
11	0.00746	0.00608	0.00671	0.00640	0.00813	0.00576	0.00484	0.01110	0.12655	0.01726	0.29535	0.04115	0.42180	0.01125	0.00593	0.00169	0.00276	0.00956	0.00513	0.00507
12	0.01276	0.01102	0.01160	0.01044	0.01334	0.01276	0.00812	0.02727	0.77840	0.02146	0.02088	0.01914	0.01566	0.00696	0.00522	0.00174	0.00406	0.00580	0.00522	0.00812
13	0.01064	0.00912	0.01064	0.00760	0.01216	0.00684	0.00608	0.01292	0.01064	0.01672	0.00912	0.01064	0.00760	0.00380	0.00380	0.00076	0.00380	0.00304	0.00304	0.85104
14	0.02066	0.02525	0.01562	0.01426	0.01701	0.77858	0.01057	0.02149	0.01552	0.01423	0.00970	0.01169	0.00828	0.00643	0.00537	0.00165	0.00971	0.00389	0.00324	0.00684
15	0.85592	0.00992	0.00754	0.00675	0.00992	0.01151	0.00556	0.01508	0.00873	0.02302	0.00714	0.00834	0.00556	0.00476	0.00318	0.00159	0.00397	0.00278	0.00318	0.00556
16	0.00733	0.00550	0.00825	0.00825	0.00916	0.00641	0.00641	0.00916	0.00825	0.01191	0.01374	0.02016	0.01283	0.03848	0.79934	0.00825	0.01374	0.00550	0.00275	0.00458
17	0.02302	0.00873	0.01191	0.00913	0.01310	0.00754	0.00754	0.02501	0.01469	0.79122	0.02024	0.01746	0.01270	0.00635	0.00516	0.00159	0.00437	0.00516	0.00635	0.00873
18	0.01372	0.82276	0.02689	0.00878	0.01317	0.02030	0.00878	0.01536	0.01043	0.01207	0.00713	0.00823	0.00658	0.00439	0.00329	0.00110	0.00549	0.00274	0.00219	0.00658
19	0.85592	0.00992	0.00754	0.00675	0.00992	0.01151	0.00556	0.01508	0.00873	0.02302	0.00714	0.00834	0.00556	0.00476	0.00318	0.00159	0.00397	0.00278	0.00318	0.00556
20	0.00624	0.00452	0.00590	0.00700	0.00740	0.00418	0.00470	0.00716	0.00997	0.01316	0.03008	0.75800	0.09110	0.01584	0.00651	0.00206	0.00295	0.01430	0.00476	0.00418
21	0.02302	0.00873	0.01191	0.00913	0.01310	0.00754	0.00754	0.02501	0.01469	0.79122	0.02024	0.01746	0.01270	0.00635	0.00516	0.00159	0.00437	0.00516	0.00635	0.00873
22	0.01104	0.00925	0.01172	0.02899	0.16397	0.00997	0.00850	0.04594	0.31435	0.01826	0.08195	0.06569	0.03637	0.11715	0.00820	0.00215	0.00446	0.03451	0.02089	0.00666

[dist]
# distance from previous block
# <min> <max>
1	3

[block]
# block no. 4 follows, 48 sequences, length 18
# corresponding to MSA columns:
# 131-148
name=unknown_E
#
# <colnr> <probs for GDERKNQSTAVLIFYWHMCP>
#	G	D	E	R	K	N	Q	S	T	A	V	L	I	F	Y	W	H	M	C	P
0	0.07876	0.33873	0.25326	0.01418	0.13140	0.04237	0.02849	0.01606	0.01087	0.03106	0.00850	0.01003	0.00686	0.00466	0.00417	0.00139	0.00626	0.00347	0.00242	0.00706
1	0.44702	0.06059	0.14749	0.01237	0.12506	0.03891	0.00996	0.05490	0.02970	0.02041	0.00850	0.00990	0.00660	0.00488	0.00395	0.00155	0.00526	0.00340	0.00299	0.00658
2	0.01166	0.01630	0.26901	0.04930	0.27413	0.01159	0.11946	0.01658	0.07086	0.04160	0.01344	0.01523	0.05668	0.00542	0.00523	0.00162	0.00653	0.00503	0.00289	0.00748
3	0.01114	0.10075	0.67513	0.01400	0.02099	0.05965	0.01747	0.01642	0.01102	0.01564	0.00894	0.01050	0.00651	0.00485	0.00471	0.00156	0.00749	0.00366	0.00220	0.00739
4	0.00778	0.00609	0.00884	0.00859	0.00932	0.00733	0.00665	0.00936	0.00813	0.01178	0.01318	0.02040	0.01268	0.10778	0.63942	0.00727	0.10255	0.00557	0.00273	0.00456
5	0.00746	0.00497	0.00560	0.00560	0.00560	0.00497	0.00311	0.00746	0.00746	0.00995	0.01617	0.03358	0.01865	0.81967	0.02612	0.00497	0.00497	0.00746	0.00311	0.00311
6	0.00726	0.00524	0.00686	0.00646	0.00767	0.00484	0.00484	0.00968	0.01452	0.02058	0.78496	0.03833	0.04841	0.01049	0.00605	0.00161	0.00242	0.00928	0.00565	0.00484
7	0.00644	0.00460	0.00617	0.00736	0.00774	0.00433	0.00509	0.00747	0.01001	0.01331	0.02818	0.74608	0.03353	0.01590	0.00660	0.00211	0.00314	0.08299	0.00476	0.00422
8	0.01064	0.00912	0.01064	0.00760	0.01216	0.00684	0.00608	0.01292	0.01064	0.01672	0.00912	0.01064	0.00760	0.00380	0.00380	0.00076	0.00380	0.00304	0.00304	0.85104
9	0.00737	0.00707	0.07956	0.00834	0.00958	0.00559	0.00677	0.03362	0.01059	0.01428	0.02528	0.58322	0.02917	0.01532	0.03692	0.00230	0.00414	0.11169	0.00445	0.00472
10	0.01029	0.02654	0.79309	0.01462	0.02221	0.01192	0.01896	0.01625	0.01083	0.01625	0.00921	0.01083	0.00650	0.00487	0.00487	0.00162	0.00758	0.00379	0.00217	0.00758
11	0.01243	0.01658	0.26601	0.01548	0.05936	0.01220	0.19544	0.02041	0.26352	0.06425	0.01401	0.01478	0.01027	0.00550	0.00530	0.00168	0.00642	0.00512	0.00354	0.00770
12	0.01296	0.04197	0.02167	0.02078	0.25686	0.02858	0.27678	0.07217	0.15308	0.01829	0.01333	0.01515	0.03329	0.00530	0.00541	0.00162	0.00652	0.00542	0.00329	0.00753
13	0.00816	0.00581	0.00791	0.00896	0.01018	0.00575	0.00777	0.01045	0.01176	0.01540	0.02854	0.05572	0.08337	0.01376	0.00687	0.00227	0.00448	0.66971	0.03845	0.00470
14	0.01196	0.01006	0.01393	0.21363	0.19640	0.01101	0.01075	0.08240	0.18312	0.01860	0.01328	0.01518	0.01025	0.00554	0.00483	0.00152	0.00510	0.00478	0.12917	0.05847
15	0.00750	0.00539	0.00736	0.00850	0.00940	0.00526	0.00691	0.00932	0.01114	0.01453	0.02856	0.31323	0.06186	0.01477	0.00686	0.00224	0.00405	0.47386	0.00474	0.00452
16	0.09257	0.07148	0.24254	0.04258	0.01766	0.03987	0.01208	0.34698	0.01669	0.05438	0.01064	0.01141	0.00766	0.00548	0.00474	0.00154	0.00616	0.00406	0.00375	0.00775
17	0.01623	0.23134	0.42385	0.01553	0.03741	0.01620	0.04273	0.07315	0.01427	0.04775	0.01315	0.01591	0.01065	0.00740	0.00617	0.00217	0.00791	0.00499	0.00390	0.00930

[dist]
# distance from previous block
# <min> <max>
0	1

[block]
# block no. 5 follows, 48 sequences, length 9
# corresponding to MSA columns:
# 150-158
name=unknown_F
#
# <colnr> <probs for GDERKNQSTAVLIFYWHMCP>
#	G	D	E	R	K	N	Q	S	T	A	V	L	I	F	Y	W	H	M	C	P
0	0.00868	0.00604	0.00708	0.00724	0.00770	0.00567	0.00459	0.00898	0.01044	0.01430	0.16720	0.23740	0.02942	0.44047	0.01740	0.00378	0.00447	0.01005	0.00453	0.00455
1	0.00818	0.00596	0.00735	0.00792	0.00877	0.00538	0.00553	0.00916	0.01229	0.01668	0.23146	0.49000	0.10998	0.01497	0.00700	0.00220	0.00341	0.04310	0.00546	0.00520
2	0.01299	0.21382	0.06592	0.21769	0.03962	0.07105	0.12897	0.10635	0.01254	0.01589	0.00963	0.03570	0.00795	0.00540	0.00523	0.00153	0.03584	0.00451	0.00275	0.00661
3	0.01377	0.01009	0.01441	0.31240	0.09544	0.03301	0.01140	0.05336	0.04226	0.17680	0.01265	0.01574	0.00960	0.00629	0.00667	0.00172	0.11171	0.02923	0.03672	0.00673
4	0.00640	0.00457	0.00612	0.00731	0.00767	0.00429	0.00502	0.00740	0.00997	0.01326	0.02820	0.76148	0.03362	0.01594	0.00659	0.00210	0.00310	0.06799	0.00476	0.00421
5	0.01372	0.82276	0.02689	0.00878	0.01317	0.02030	0.00878	0.01536	0.01043	0.01207	0.00713	0.00823	0.00658	0.00439	0.00329	0.00110	0.00549	0.00274	0.00219	0.00658
6	0.01357	0.51813	0.02312	0.10354	0.01665	0.07927	0.04032	0.04336	0.01104	0.01319	0.00771	0.00964	0.00676	0.00509	0.00520	0.00135	0.08989	0.00338	0.00237	0.00642
7	0.01185	0.01023	0.01466	0.05656	0.29755	0.00906	0.01009	0.01446	0.01117	0.04818	0.00977	0.01183	0.00796	0.00425	0.00439	0.00112	0.00482	0.00376	0.00295	0.46533
8	0.01340	0.19405	0.01495	0.02886	0.01361	0.06579	0.00868	0.08502	0.26669	0.05267	0.01724	0.02375	0.01511	0.00772	0.00514	0.00168	0.00510	0.16942	0.00423	0.00690

[dist]
# distance from previous block
# <min> <max>
0	1

[block]
# block no. 6 follows, 48 sequences, length 40
# corresponding to MSA columns:
# 160-199
name=unknown_G
#
# <colnr> <probs for GDERKNQSTAVLIFYWHMCP>
#	G	D	E	R	K	N	Q	S	T	A	V	L	I	F	Y	W	H	M	C	P
0	0.54772	0.14751	0.08244	0.00851	0.01223	0.10008	0.00778	0.01583	0.00984	0.01944	0.00742	0.00865	0.00593	0.00477	0.00351	0.00148	0.00513	0.00292	0.00286	0.00595
1	0.01733	0.00957	0.01120	0.00886	0.01233	0.05528	0.00710	0.08114	0.01429	0.39464	0.10794	0.04046	0.01578	0.00684	0.00540	0.02375	0.00439	0.00533	0.00514	0.17324
2	0.00679	0.00523	0.00620	0.00596	0.00737	0.00464	0.00447	0.00877	0.01341	0.01792	0.49510	0.04270	0.33993	0.01148	0.00606	0.00166	0.00249	0.00989	0.00530	0.00464
3	0.00976	0.00887	0.01204	0.01047	0.01164	0.01067	0.00844	0.01123	0.00877	0.01329	0.01125	0.11440	0.01147	0.01421	0.15681	0.00302	0.39119	0.00564	0.00282	0.18403
4	0.00733	0.00550	0.00825	0.00825	0.00916	0.00641	0.00641	0.00916	0.00825	0.01191	0.01374	0.02016	0.01283	0.03848	0.79934	0.00825	0.01374	0.00550	0.00275	0.00458
5	0.00614	0.00520	0.00530	0.00527	0.00697	0.00436	0.00396	0.00750	0.01187	0.01427	0.09619	0.04871	0.74112	0.01284	0.00606	0.00173	0.00259	0.01074	0.00482	0.00436
6	0.01211	0.01384	0.03028	0.02163	0.02682	0.01298	0.76903	0.01644	0.01211	0.01644	0.01038	0.01384	0.00779	0.00433	0.00606	0.00173	0.00865	0.00606	0.00260	0.00692
7	0.01160	0.01107	0.01884	0.31524	0.51252	0.01190	0.01520	0.01478	0.01116	0.01543	0.00946	0.01306	0.00766	0.00478	0.00510	0.00159	0.00637	0.00457	0.00244	0.00724
8	0.01211	0.01384	0.03028	0.02163	0.02682	0.01298	0.76903	0.01644	0.01211	0.01644	0.01038	0.01384	0.00779	0.00433	0.00606	0.00173	0.00865	0.00606	0.00260	0.00692
9	0.01917	0.02445	0.01454	0.01322	0.01586	0.79907	0.00991	0.02049	0.01454	0.01256	0.00793	0.00925	0.00661	0.00529	0.00463	0.00132	0.00925	0.00330	0.00264	0.00595
10	0.01951	0.01437	0.01540	0.01181	0.01591	0.01591	0.00975	0.77056	0.02412	0.03234	0.01232	0.01232	0.00873	0.00616	0.00513	0.00154	0.00565	0.00462	0.00513	0.00873
11	0.01917	0.02445	0.01454	0.01322	0.01586	0.79907	0.00991	0.02049	0.01454	0.01256	0.00793	0.00925	0.00661	0.00529	0.00463	0.00132	0.00925	0.00330	0.00264	0.00595
12	0.00671	0.00466	0.00582	0.00655	0.00674	0.00448	0.00413	0.00727	0.00892	0.01190	0.02365	0.51741	0.02810	0.32295	0.01402	0.00319	0.00374	0.01187	0.00413	0.00376
13	0.01546	0.01229	0.01304	0.01087	0.01426	0.01387	0.00870	0.34513	0.43296	0.02590	0.01812	0.01710	0.03507	0.00679	0.00521	0.00165	0.00470	0.00544	0.00517	0.00827
14	0.01020	0.01483	0.28610	0.01166	0.01575	0.00990	0.07257	0.05398	0.15311	0.01834	0.15468	0.14056	0.02016	0.00800	0.00552	0.00172	0.00529	0.00703	0.00394	0.00667
15	0.01399	0.78226	0.02626	0.00900	0.01331	0.05981	0.00884	0.01562	0.01063	0.01210	0.00717	0.00828	0.00659	0.00444	0.00336	0.00111	0.00568	0.00277	0.00222	0.00655
16	0.00727	0.00491	0.00573	0.00598	0.00606	0.00486	0.00355	0.00749	0.00800	0.01066	0.01862	0.17297	0.02166	0.65494	0.02212	0.00439	0.00461	0.02939	0.00345	0.00334
17	0.03540	0.01173	0.08012	0.01128	0.01591	0.00930	0.15489	0.05225	0.01141	0.01732	0.00955	0.01160	0.00768	0.00536	0.02930	0.00136	0.02969	0.00388	0.00296	0.49901
18	0.01029	0.02654	0.79309	0.01462	0.02221	0.01192	0.01896	0.01625	0.01083	0.01625	0.00921	0.01083	0.00650	0.00487	0.00487	0.00162	0.00758	0.00379	0.00217	0.00758
19	0.00625	0.00447	0.00595	0.00714	0.00744	0.00417	0.00476	0.00714	0.00982	0.01310	0.02828	0.81633	0.03394	0.01608	0.00655	0.00208	0.00298	0.01459	0.00476	0.00417
20	0.03404	0.00741	0.02270	0.00937	0.05081	0.00671	0.00691	0.01606	0.02746	0.34272	0.05187	0.04215	0.01412	0.01096	0.01032	0.28842	0.00441	0.04324	0.00444	0.00588
21	0.06547	0.10957	0.14485	0.06040	0.05256	0.07230	0.04841	0.04805	0.02513	0.15052	0.01435	0.01815	0.03715	0.00634	0.00493	0.00157	0.00583	0.08107	0.00361	0.04974
22	0.01372	0.82276	0.02689	0.00878	0.01317	0.02030	0.00878	0.01536	0.01043	0.01207	0.00713	0.00823	0.00658	0.00439	0.00329	0.00110	0.00549	0.00274	0.00219	0.00658
23	0.00655	0.00501	0.00601	0.00619	0.00734	0.00447	0.00448	0.00815	0.01222	0.01611	0.31397	0.25570	0.30939	0.01292	0.00619	0.00179	0.00264	0.01129	0.00509	0.00447
24	0.01347	0.23148	0.01689	0.18701	0.03470	0.26712	0.00997	0.01548	0.01207	0.01337	0.06759	0.05899	0.01215	0.00631	0.00469	0.00145	0.00662	0.03189	0.00286	0.00588
25	0.00975	0.01184	0.18654	0.00958	0.01319	0.00822	0.03742	0.04265	0.08990	0.04069	0.14451	0.04859	0.18107	0.00919	0.02764	0.00178	0.00476	0.02989	0.00410	0.09869
26	0.08152	0.03196	0.14463	0.01316	0.07394	0.04821	0.01122	0.41678	0.03842	0.07348	0.01163	0.01208	0.00836	0.00568	0.00488	0.00155	0.00591	0.00431	0.00421	0.00807
27	0.02934	0.40201	0.01965	0.03403	0.06073	0.01581	0.00890	0.20866	0.01400	0.01801	0.01313	0.09254	0.05052	0.00650	0.00440	0.00140	0.00518	0.00500	0.00338	0.00683
28	0.00629	0.00448	0.00594	0.00710	0.00738	0.00419	0.00471	0.00715	0.00975	0.01300	0.02790	0.79160	0.03345	0.04146	0.00717	0.00218	0.00304	0.01436	0.00471	0.00413
29	0.01471	0.41692	0.13845	0.03283	0.03982	0.20752	0.01101	0.05876	0.01228	0.01412	0.00806	0.00938	0.00675	0.00481	0.00406	0.00129	0.00678	0.00325	0.00248	0.00672
30	0.00746	0.00497	0.00560	0.00560	0.00560	0.00497	0.00311	0.00746	0.00746	0.00995	0.01617	0.03358	0.01865	0.81967	0.02612	0.00497	0.00497	0.00746	0.00311	0.00311
31	0.04470	0.00876	0.01179	0.00907	0.01302	0.00764	0.00749	0.02475	0.01453	0.77122	0.01990	0.01723	0.01252	0.00631	0.00511	0.00159	0.00436	0.00510	0.00627	0.00865
32	0.01435	0.01630	0.18829	0.01702	0.06476	0.01326	0.29491	0.22695	0.03830	0.05760	0.01141	0.01304	0.00826	0.00514	0.00542	0.00164	0.00710	0.00503	0.00346	0.00776
33	0.01154	0.03939	0.30862	0.01997	0.15088	0.01278	0.31139	0.01603	0.01132	0.01611	0.00957	0.01227	0.00729	0.00479	0.00590	0.00166	0.04598	0.00481	0.00240	0.00729
34	0.01742	0.00906	0.01052	0.00845	0.01152	0.00908	0.00685	0.24079	0.01614	0.30540	0.01671	0.01651	0.01168	0.00617	0.00462	0.00144	0.00407	0.00487	0.29129	0.00739
35	0.00731	0.00491	0.00564	0.00579	0.00582	0.00487	0.00331	0.00742	0.00775	0.01034	0.01766	0.13027	0.02054	0.72041	0.02370	0.00462	0.00473	0.00834	0.00331	0.00324
36	0.01876	0.04584	0.01562	0.01341	0.01627	0.71651	0.04833	0.02026	0.01431	0.03328	0.00836	0.00967	0.00683	0.00524	0.00468	0.00134	0.00899	0.00348	0.00273	0.00609
37	0.03326	0.01219	0.01978	0.02887	0.69207	0.01239	0.01483	0.05467	0.04959	0.01793	0.01027	0.01289	0.00846	0.00477	0.00504	0.00154	0.00592	0.00459	0.00282	0.00810
38	0.01170	0.05694	0.09112	0.03595	0.10724	0.01046	0.13617	0.05272	0.01164	0.01699	0.00941	0.01148	0.00755	0.00436	0.00474	0.00121	0.02035	0.00393	0.00285	0.40319
39	0.01064	0.00912	0.01064	0.00760	0.01216	0.00684	0.00608	0.01292	0.01064	0.01672	0.00912	0.01064	0.00760	0.00380	0.00380	0.00076	0.00380	0.00304	0.00304	0.85104

[dist]
# distance from previous block
# <min> <max>
0	1

[block]
# block no. 7 follows, 48 sequences, length 14
# corresponding to MSA columns:
# 201-214
name=unknown_H
#
# <colnr> <probs for GDERKNQSTAVLIFYWHMCP>
#	G	D	E	R	K	N	Q	S	T	A	V	L	I	F	Y	W	H	M	C	P
0	0.02001	0.00796	0.01084	0.00877	0.01208	0.00693	0.00704	0.02179	0.01381	0.65129	0.02169	0.16113	0.01652	0.00810	0.00541	0.00168	0.00412	0.00686	0.00607	0.00791
1	0.00689	0.00526	0.00634	0.00614	0.00753	0.00471	0.00465	0.00892	0.01344	0.01805	0.50140	0.04293	0.30220	0.01150	0.00610	0.00168	0.00257	0.03972	0.00531	0.00466
2	0.01917	0.02445	0.01454	0.01322	0.01586	0.79907	0.00991	0.02049	0.01454	0.01256	0.00793	0.00925	0.00661	0.00529	0.00463	0.00132	0.00925	0.00330	0.00264	0.00595
3	0.00746	0.00497	0.00560	0.00560	0.00560	0.00497	0.00311	0.00746	0.00746	0.00995	0.01617	0.03358	0.01865	0.81967	0.02612	0.00497	0.00497	0.00746	0.00311	0.00311
4	0.00891	0.00446	0.00668	0.00668	0.00668	0.00446	0.00446	0.00668	0.00668	0.00891	0.00891	0.01560	0.00891	0.01783	0.02005	0.85071	0.00446	0.00446	0.00223	0.00223
5	0.00756	0.00540	0.00745	0.00864	0.00950	0.00529	0.00703	0.00940	0.01111	0.01456	0.02756	0.32590	0.03109	0.01485	0.00690	0.00226	0.00411	0.49214	0.00474	0.00453
6	0.85592	0.00992	0.00754	0.00675	0.00992	0.01151	0.00556	0.01508	0.00873	0.02302	0.00714	0.00834	0.00556	0.00476	0.00318	0.00159	0.00397	0.00278	0.00318	0.00556
7	0.01372	0.82276	0.02689	0.00878	0.01317	0.02030	0.00878	0.01536	0.01043	0.01207	0.00713	0.00823	0.00658	0.00439	0.00329	0.00110	0.00549	0.00274	0.00219	0.00658
8	0.05745	0.06251	0.61017	0.01553	0.09847	0.01245	0.01711	0.03961	0.01120	0.01697	0.00914	0.01080	0.00669	0.00485	0.00473	0.00158	0.00707	0.00379	0.00235	0.00751
9	0.01037	0.00963	0.01569	0.68801	0.07164	0.01188	0.01396	0.04760	0.01083	0.01413	0.00916	0.01343	0.00699	0.00536	0.00577	0.00172	0.05089	0.00456	0.00242	0.00596
10	0.02302	0.00873	0.01191	0.00913	0.01310	0.00754	0.00754	0.02501	0.01469	0.79122	0.02024	0.01746	0.01270	0.00635	0.00516	0.00159	0.00437	0.00516	0.00635	0.00873
11	0.00669	0.00522	0.00607	0.00586	0.00732	0.00460	0.00439	0.00858	0.01318	0.01738	0.43600	0.04359	0.39937	0.01168	0.00606	0.00167	0.00251	0.01002	0.00523	0.00460
12	0.01276	0.01102	0.01160	0.01044	0.01334	0.01276	0.00812	0.02727	0.77840	0.02146	0.02088	0.01914	0.01566	0.00696	0.00522	0.00174	0.00406	0.00580	0.00522	0.00812
13	0.01951	0.01437	0.01540	0.01181	0.01591	0.01591	0.00975	0.77056	0.02412	0.03234	0.01232	0.01232	0.00873	0.00616	0.00513	0.00154	0.00565	0.00462	0.00513	0.00873

[dist]
# distance from previous block
# <min> <max>
0	23

[block]
# block no. 8 follows, 48 sequences, length 44
# corresponding to MSA columns:
# 238-281
name=unknown_I
#
# <colnr> <probs for GDERKNQSTAVLIFYWHMCP>
#	G	D	E	R	K	N	Q	S	T	A	V	L	I	F	Y	W	H	M	C	P
0	0.00833	0.00600	0.00829	0.00936	0.01058	0.00602	0.00813	0.01098	0.02983	0.01570	0.05650	0.05621	0.02994	0.01386	0.00700	0.00232	0.00462	0.70673	0.00477	0.00481
1	0.01123	0.01123	0.01572	0.01347	0.01347	0.01572	0.01123	0.01235	0.00786	0.01235	0.00674	0.01123	0.00674	0.00898	0.01684	0.00225	0.81028	0.00449	0.00225	0.00561
2	0.01270	0.01219	0.02083	0.03149	0.78767	0.01219	0.01575	0.01575	0.01168	0.01676	0.00965	0.01270	0.00813	0.00457	0.00508	0.00152	0.00610	0.00457	0.00254	0.00813
3	0.01372	0.82276	0.02689	0.00878	0.01317	0.02030	0.00878	0.01536	0.01043	0.01207	0.00713	0.00823	0.00658	0.00439	0.00329	0.00110	0.00549	0.00274	0.00219	0.00658
4	0.01064	0.00912	0.01064	0.00760	0.01216	0.00684	0.00608	0.01292	0.01064	0.01672	0.00912	0.01064	0.00760	0.00380	0.00380	0.00076	0.00380	0.00304	0.00304	0.85104
5	0.00735	0.00543	0.00791	0.00791	0.00871	0.00623	0.00599	0.00895	0.00815	0.01166	0.01405	0.02187	0.01357	0.13790	0.70093	0.00783	0.01263	0.00575	0.00279	0.00439
6	0.01115	0.22564	0.60150	0.01316	0.01995	0.01401	0.01641	0.01603	0.01073	0.01520	0.00869	0.01018	0.00652	0.00475	0.00448	0.00149	0.00706	0.00353	0.00217	0.00733
7	0.01917	0.02445	0.01454	0.01322	0.01586	0.79907	0.00991	0.02049	0.01454	0.01256	0.00793	0.00925	0.00661	0.00529	0.00463	0.00132	0.00925	0.00330	0.00264	0.00595
8	0.00661	0.00514	0.00608	0.00665	0.00772	0.00471	0.00483	0.00833	0.03847	0.01415	0.06409	0.38995	0.33483	0.01416	0.00633	0.00194	0.00299	0.07376	0.00481	0.00445
9	0.00733	0.00550	0.00825	0.00825	0.00916	0.00641	0.00641	0.00916	0.00825	0.01191	0.01374	0.02016	0.01283	0.03848	0.79934	0.00825	0.01374	0.00550	0.00275	0.00458
10	0.00956	0.00478	0.00478	0.00478	0.00598	0.00478	0.00359	0.01196	0.01076	0.01913	0.01674	0.01913	0.01315	0.00598	0.00359	0.00120	0.00239	0.00478	0.84816	0.00478
11	0.00726	0.00524	0.00686	0.00646	0.00767	0.00484	0.00484	0.00968	0.01452	0.02058	0.78496	0.03833	0.04841	0.01049	0.00605	0.00161	0.00242	0.00928	0.00565	0.00484
12	0.00622	0.00518	0.00543	0.00542	0.00704	0.00439	0.00405	0.00764	0.01197	0.01465	0.14052	0.07600	0.66827	0.01280	0.00608	0.00173	0.00259	0.01078	0.00487	0.00439
13	0.01986	0.01380	0.01504	0.01153	0.01563	0.01506	0.00953	0.69483	0.02317	0.10942	0.01312	0.01284	0.00913	0.00618	0.00514	0.00154	0.00552	0.00467	0.00526	0.00873
14	0.85592	0.00992	0.00754	0.00675	0.00992	0.01151	0.00556	0.01508	0.00873	0.02302	0.00714	0.00834	0.00556	0.00476	0.00318	0.00159	0.00397	0.00278	0.00318	0.00556
15	0.00850	0.00707	0.01014	0.00950	0.01012	0.00893	0.00754	0.01006	0.00817	0.01214	0.01196	0.01823	0.01139	0.06588	0.51975	0.00620	0.23820	0.00529	0.02611	0.00481
16	0.01270	0.01219	0.02083	0.03149	0.78767	0.01219	0.01575	0.01575	0.01168	0.01676	0.00965	0.01270	0.00813	0.00457	0.00508	0.00152	0.00610	0.00457	0.00254	0.00813
17	0.01372	0.82276	0.02689	0.00878	0.01317	0.02030	0.00878	0.01536	0.01043	0.01207	0.00713	0.00823	0.00658	0.00439	0.00329	0.00110	0.00549	0.00274	0.00219	0.00658
18	0.00746	0.00497	0.00560	0.00560	0.00560	0.00497	0.00311	0.00746	0.00746	0.00995	0.01617	0.03358	0.01865	0.81967	0.02612	0.00497	0.00497	0.00746	0.00311	0.00311
19	0.00619	0.00520	0.00537	0.00533	0.00701	0.00439	0.00400	0.00761	0.01200	0.01458	0.12999	0.04820	0.70713	0.01273	0.00606	0.00172	0.00258	0.01066	0.00486	0.00439
20	0.00625	0.00447	0.00595	0.00714	0.00744	0.00417	0.00476	0.00714	0.00982	0.01310	0.02828	0.81633	0.03394	0.01608	0.00655	0.00208	0.00298	0.01459	0.00476	0.00417
21	0.00620	0.00499	0.00543	0.00575	0.00699	0.00433	0.00408	0.00731	0.01093	0.01341	0.04340	0.25441	0.53630	0.06366	0.00743	0.00203	0.00285	0.01163	0.00466	0.00421
22	0.01064	0.00912	0.01064	0.00760	0.01216	0.00684	0.00608	0.01292	0.01064	0.01672	0.00912	0.01064	0.00760	0.00380	0.00380	0.00076	0.00380	0.00304	0.00304	0.85104
23	0.01064	0.00912	0.01064	0.00760	0.01216	0.00684	0.00608	0.01292	0.01064	0.01672	0.00912	0.01064	0.00760	0.00380	0.00380	0.00076	0.00380	0.00304	0.00304	0.85104
24	0.00938	0.00885	0.01185	0.01044	0.01103	0.01133	0.00851	0.01074	0.00970	0.01385	0.12717	0.02414	0.19441	0.01076	0.02959	0.00217	0.49090	0.00667	0.00332	0.00518
25	0.01266	0.28667	0.02595	0.01551	0.03524	0.01474	0.39652	0.04067	0.01180	0.01576	0.00995	0.01239	0.00794	0.00457	0.00483	0.00145	0.00682	0.00473	0.08511	0.00668
26	0.00658	0.00472	0.00631	0.00711	0.00766	0.00445	0.00496	0.00789	0.01087	0.01478	0.19485	0.59075	0.03623	0.01558	0.03489	0.00221	0.00330	0.03762	0.00489	0.00435
27	0.01268	0.01036	0.01268	0.01050	0.01239	0.01218	0.00858	0.22418	0.01392	0.02011	0.11138	0.01672	0.03332	0.00771	0.00938	0.00171	0.30580	0.00520	0.08459	0.08659
28	0.01371	0.01368	0.00945	0.00891	0.01061	0.36582	0.00660	0.01511	0.01205	0.01489	0.01253	0.05170	0.01075	0.00726	0.00576	0.08200	0.00573	0.00454	0.34386	0.00504
29	0.00691	0.00523	0.00637	0.00608	0.00745	0.00469	0.00456	0.00899	0.01368	0.01858	0.56729	0.04161	0.26732	0.01123	0.00606	0.00165	0.00247	0.00974	0.00539	0.00469
30	0.01064	0.00912	0.01064	0.00760	0.01216	0.00684	0.00608	0.01292	0.01064	0.01672	0.00912	0.01064	0.00760	0.00380	0.00380	0.00076	0.00380	0.00304	0.00304	0.85104
31	0.00998	0.00941	0.01591	0.73364	0.10681	0.01148	0.01439	0.01336	0.01040	0.01346	0.00917	0.01359	0.00696	0.00508	0.00513	0.00169	0.00677	0.00456	0.00230	0.00593
32	0.14455	0.01221	0.06817	0.27363	0.14895	0.01228	0.14604	0.07906	0.03527	0.01793	0.00975	0.01258	0.00742	0.00497	0.00496	0.00165	0.00645	0.00454	0.00284	0.00674
33	0.00969	0.00902	0.01257	0.04907	0.05991	0.03640	0.09656	0.02647	0.10638	0.01554	0.06809	0.21565	0.14211	0.01002	0.00738	0.00185	0.11509	0.00856	0.00396	0.00570
34	0.00733	0.00550	0.00825	0.00825	0.00916	0.00641	0.00641	0.00916	0.00825	0.01191	0.01374	0.02016	0.01283	0.03848	0.79934	0.00825	0.01374	0.00550	0.00275	0.00458
35	0.01099	0.01005	0.03393	0.02654	0.02866	0.00776	0.04271	0.03689	0.01115	0.01710	0.00929	0.01095	0.00761	0.00397	0.00403	0.00089	0.00430	0.00331	0.00303	0.72682
36	0.01116	0.00891	0.01021	0.00965	0.01188	0.00980	0.00779	0.08122	0.37408	0.02045	0.14048	0.03284	0.02421	0.00954	0.00589	0.00189	0.00413	0.22407	0.00514	0.00667
37	0.75361	0.00978	0.00808	0.00704	0.01031	0.01102	0.00580	0.01630	0.00946	0.11738	0.00875	0.00946	0.00643	0.00496	0.00342	0.00159	0.00402	0.00307	0.00357	0.00595
38	0.00747	0.00616	0.00829	0.00884	0.08227	0.00560	0.03000	0.00957	0.01308	0.01747	0.40112	0.03940	0.33010	0.01070	0.00596	0.00166	0.00304	0.00933	0.00491	0.00502
39	0.00733	0.00548	0.00818	0.00818	0.00907	0.00638	0.00633	0.00912	0.00823	0.01186	0.01381	0.02050	0.01298	0.05850	0.77952	0.00816	0.01352	0.00555	0.00276	0.00454
40	0.01081	0.01073	0.05335	0.13395	0.33124	0.01032	0.08510	0.01418	0.02534	0.01586	0.01493	0.02615	0.01421	0.00748	0.00576	0.00182	0.00608	0.22288	0.00318	0.00665
41	0.01171	0.01125	0.01857	0.27086	0.02453	0.01230	0.24356	0.05368	0.23862	0.01750	0.01367	0.03777	0.01059	0.00578	0.00548	0.00173	0.00641	0.00567	0.00345	0.00689
42	0.01522	0.08607	0.22727	0.01454	0.08515	0.17371	0.02857	0.19877	0.03119	0.03555	0.00995	0.01122	0.00758	0.00548	0.00542	0.00153	0.04818	0.00403	0.00318	0.00741
43	0.01501	0.22227	0.21190	0.01237	0.03794	0.19796	0.01177	0.12833	0.03824	0.03346	0.00947	0.01048	0.00739	0.00509	0.00444	0.00138	0.00680	0.00362	0.00295	0.03913

[dist]
# distance from previous block
# <min> <max>
0	1

[block]
# block no. 9 follows, 48 sequences, length 11
# corresponding to MSA columns:
# 283-293
name=unknown_J
#
# <colnr> <probs for GDERKNQSTAVLIFYWHMCP>
#	G	D	E	R	K	N	Q	S	T	A	V	L	I	F	Y	W	H	M	C	P
0	0.05747	0.29864	0.01700	0.00950	0.01292	0.09444	0.00815	0.19082	0.10605	0.01936	0.01172	0.03052	0.00955	0.00568	0.00419	0.00136	0.00522	0.00412	0.10642	0.00687
1	0.58065	0.15728	0.01319	0.00940	0.04985	0.04871	0.04707	0.01548	0.00962	0.01992	0.00747	0.00886	0.00603	0.00469	0.00351	0.00149	0.00483	0.00306	0.00291	0.00596
2	0.01366	0.01455	0.02457	0.02059	0.13944	0.09433	0.45399	0.08791	0.06494	0.01791	0.01090	0.01341	0.00833	0.00481	0.00562	0.00164	0.00774	0.00539	0.00301	0.00725
3	0.00722	0.00520	0.00627	0.00646	0.00711	0.00515	0.00448	0.00809	0.00907	0.01184	0.02484	0.06822	0.17270	0.40889	0.13282	0.00436	0.00568	0.10413	0.00366	0.00382
4	0.00922	0.03176	0.01008	0.00880	0.00989	0.00842	0.00697	0.03500	0.01061	0.04495	0.21108	0.04077	0.02121	0.05451	0.31746	0.00445	0.15958	0.00644	0.00366	0.00513
5	0.00618	0.00520	0.00536	0.00532	0.00700	0.00438	0.00399	0.00759	0.01197	0.01451	0.12290	0.04831	0.71426	0.01275	0.00606	0.00172	0.00258	0.01068	0.00485	0.00438
6	0.01083	0.12445	0.66046	0.01473	0.05849	0.01297	0.01754	0.01612	0.01082	0.01576	0.00897	0.01060	0.00659	0.00480	0.00469	0.00155	0.00725	0.00370	0.00219	0.00749
7	0.01129	0.00918	0.01090	0.00790	0.01226	0.00721	0.00635	0.01351	0.01074	0.05578	0.00959	0.01101	0.00783	0.00413	0.00437	0.00086	0.03459	0.00320	0.00318	0.77613
8	0.00676	0.00534	0.00684	0.00678	0.00800	0.00481	0.03398	0.00824	0.01153	0.01499	0.20037	0.26002	0.31580	0.06611	0.00754	0.00203	0.00311	0.02857	0.00476	0.00443
9	0.00816	0.00626	0.00901	0.13373	0.03772	0.00642	0.03046	0.01027	0.03502	0.03059	0.03954	0.36779	0.08267	0.07117	0.00746	0.00212	0.00412	0.06282	0.04982	0.00487
10	0.01333	0.56062	0.10881	0.01023	0.01460	0.08230	0.04703	0.01561	0.01096	0.01326	0.00872	0.01099	0.00769	0.00490	0.00385	0.00125	0.00600	0.02643	0.04691	0.00651

[dist]
# distance from previous block
# <min> <max>
1	17

[block]
# block no. 10 follows, 48 sequences, length 12
# corresponding to MSA columns:
# 311-322
name=unknown_K
#
# <colnr> <probs for GDERKNQSTAVLIFYWHMCP>
#	G	D	E	R	K	N	Q	S	T	A	V	L	I	F	Y	W	H	M	C	P
0	0.00863	0.00676	0.00917	0.04929	0.01108	0.00710	0.03500	0.01224	0.12125	0.03062	0.22536	0.26850	0.02997	0.05025	0.00761	0.00204	0.04412	0.07109	0.00468	0.00525
1	0.01222	0.00988	0.01038	0.00897	0.01179	0.01066	0.00708	0.21843	0.30936	0.02171	0.02947	0.02789	0.28292	0.00886	0.00549	0.00168	0.00397	0.00724	0.00504	0.00696
2	0.01393	0.07922	0.52961	0.01274	0.01913	0.01136	0.01518	0.01852	0.01183	0.22252	0.01200	0.01241	0.00816	0.00523	0.00484	0.00158	0.00657	0.00408	0.00328	0.00782
3	0.00891	0.00446	0.00668	0.00668	0.00668	0.00446	0.00446	0.00668	0.00668	0.00891	0.00891	0.01560	0.00891	0.01783	0.02005	0.85071	0.00446	0.00446	0.00223	0.00223
