[name]
unknown

[dist]
# distance from previous block
# <min> <max>
0	28

[block]
# block no. 0 follows, 47 sequences, length 22
# corresponding to MSA columns:
# 155-176
name=unknown_A
#
# <colnr> <probs for GDERKNQSTAVLIFYWHMCP>
#	G	D	E	R	K	N	Q	S	T	A	V	L	I	F	Y	W	H	M	C	P
0	0.01336	0.01129	0.01401	0.13734	0.13797	0.06719	0.01070	0.20453	0.01488	0.03195	0.01472	0.04029	0.01346	0.00857	0.03044	0.00191	0.00608	0.16275	0.00384	0.07472
1	0.01313	0.01237	0.01873	0.15534	0.50597	0.04206	0.01436	0.07010	0.08347	0.01781	0.01089	0.01350	0.00873	0.00510	0.00516	0.00159	0.00621	0.00471	0.00298	0.00780
2	0.01433	0.01375	0.01785	0.02347	0.46506	0.11437	0.01305	0.11976	0.08509	0.01886	0.01204	0.05700	0.01028	0.00582	0.00520	0.00157	0.00617	0.00515	0.00333	0.00782
3	0.01445	0.01391	0.08852	0.04176	0.39671	0.03627	0.13606	0.06398	0.01303	0.11614	0.01131	0.01340	0.00858	0.00505	0.00546	0.00161	0.01773	0.00485	0.00320	0.00796
4	0.06210	0.01052	0.01475	0.06936	0.01682	0.00972	0.13162	0.06107	0.07769	0.10742	0.01187	0.01306	0.00893	0.00482	0.00466	0.00128	0.00510	0.00427	0.00367	0.38127
5	0.01485	0.01303	0.05127	0.02286	0.38400	0.05681	0.15644	0.01798	0.01278	0.16578	0.04368	0.01484	0.01061	0.00524	0.00537	0.00159	0.00643	0.00513	0.00346	0.00785
6	0.01361	0.01151	0.01214	0.01073	0.01379	0.01326	0.00840	0.09845	0.70324	0.02284	0.02036	0.01877	0.01522	0.00699	0.00529	0.00175	0.00428	0.00577	0.00529	0.00830
7	0.00694	0.00513	0.00648	0.00651	0.00761	0.00467	0.00474	0.00885	0.01317	0.01802	0.48972	0.22221	0.16193	0.01238	0.00626	0.00177	0.00262	0.01093	0.00538	0.00467
8	0.02141	0.01200	0.01403	0.01075	0.01486	0.01231	0.00888	0.43149	0.02015	0.37459	0.01614	0.01487	0.01068	0.00634	0.00522	0.00158	0.00514	0.00494	0.00577	0.00886
9	0.01227	0.44229	0.39060	0.01174	0.01774	0.01655	0.01383	0.01602	0.01078	0.01427	0.00824	0.00961	0.00664	0.00469	0.00411	0.00137	0.00658	0.00329	0.00221	0.00717
10	0.01282	0.01253	0.02191	0.02990	0.66248	0.01249	0.10571	0.01654	0.04266	0.01717	0.01034	0.01329	0.00852	0.00471	0.00528	0.00158	0.00641	0.00487	0.00269	0.00810
11	0.00663	0.00515	0.00603	0.00611	0.00740	0.00455	0.00447	0.00829	0.01256	0.01640	0.31357	0.18902	0.37544	0.01285	0.00624	0.00178	0.00264	0.01113	0.00516	0.00455
12	0.03372	0.01692	0.01447	0.01216	0.01514	0.31100	0.00965	0.22443	0.04509	0.14564	0.01164	0.01222	0.00865	0.00632	0.00650	0.00159	0.10926	0.00427	0.00405	0.00730
13	0.01300	0.11461	0.24818	0.02105	0.33068	0.01326	0.06164	0.06004	0.01233	0.04822	0.01029	0.01281	0.00814	0.00503	0.00498	0.00156	0.00660	0.01698	0.00277	0.00782
14	0.00742	0.00608	0.00944	0.00905	0.01025	0.00573	0.10211	0.00940	0.03425	0.01494	0.11783	0.55522	0.07041	0.01367	0.00646	0.00198	0.00370	0.01258	0.00468	0.00480
15	0.00677	0.00480	0.00583	0.00648	0.00682	0.00454	0.00413	0.00739	0.00930	0.01222	0.02677	0.45133	0.10718	0.30592	0.01379	0.00314	0.00372	0.01179	0.00423	0.00386
16	0.01742	0.04295	0.04414	0.01189	0.10538	0.00884	0.00879	0.02070	0.07310	0.43169	0.09075	0.04583	0.03798	0.00727	0.00536	0.00164	0.00453	0.02858	0.00533	0.00784
17	0.01141	0.01039	0.01369	0.10858	0.01598	0.01157	0.00946	0.05435	0.01039	0.01564	0.00848	0.01151	0.00734	0.00623	0.00932	0.00153	0.32130	0.00394	0.00279	0.36612
18	0.01315	0.08769	0.12663	0.06595	0.13840	0.08761	0.01099	0.04166	0.01203	0.05875	0.00979	0.01144	0.00772	0.00465	0.00447	0.00124	0.00577	0.00372	0.00297	0.30538
19	0.06304	0.04959	0.19745	0.01300	0.04742	0.31206	0.01161	0.05659	0.01378	0.14709	0.03340	0.01226	0.00908	0.00556	0.00480	0.00149	0.00720	0.00404	0.00343	0.00711
20	0.07986	0.05244	0.19752	0.02875	0.01630	0.10759	0.07048	0.01671	0.01179	0.15065	0.03966	0.10935	0.01258	0.00711	0.00615	0.00170	0.07541	0.00567	0.00356	0.00671
21	0.11732	0.01239	0.01322	0.01120	0.04487	0.05873	0.02597	0.37719	0.01805	0.08373	0.06261	0.04680	0.05696	0.00690	0.00507	0.00157	0.00517	0.00544	0.00466	0.04214

[dist]
# distance from previous block
# <min> <max>
22	32

[block]
# block no. 1 follows, 47 sequences, length 35
# corresponding to MSA columns:
# 218-252
name=unknown_B
#
# <colnr> <probs for GDERKNQSTAVLIFYWHMCP>
#	G	D	E	R	K	N	Q	S	T	A	V	L	I	F	Y	W	H	M	C	P
0	0.11904	0.00918	0.01206	0.00941	0.01319	0.00848	0.04170	0.03473	0.03940	0.54812	0.07161	0.01772	0.01424	0.00640	0.00507	0.00160	0.00444	0.00524	0.00568	0.03271
1	0.11399	0.00959	0.01460	0.46267	0.02642	0.01101	0.04593	0.01630	0.01118	0.18368	0.01142	0.01396	0.00812	0.00558	0.00558	0.00172	0.04383	0.00461	0.00334	0.00649
2	0.01294	0.00893	0.01034	0.00934	0.01150	0.00938	0.00710	0.27972	0.07255	0.08130	0.02176	0.40814	0.02230	0.01129	0.00593	0.00185	0.00417	0.00981	0.00513	0.00653
3	0.01679	0.01309	0.01393	0.01137	0.01500	0.01474	0.00917	0.44201	0.35450	0.02797	0.01632	0.01555	0.01195	0.00661	0.00525	0.00165	0.00502	0.00522	0.00525	0.00859
4	0.01264	0.33070	0.42579	0.01230	0.01843	0.01574	0.01441	0.08500	0.01207	0.01636	0.00883	0.01012	0.00684	0.00488	0.00435	0.00144	0.00670	0.00352	0.00249	0.00741
5	0.00710	0.00512	0.00554	0.00554	0.00613	0.00483	0.00342	0.00754	0.00901	0.01143	0.02859	0.03945	0.27471	0.54768	0.01969	0.00395	0.00424	0.00872	0.00372	0.00357
6	0.00996	0.00938	0.01585	0.77254	0.06680	0.01160	0.01453	0.01342	0.01047	0.01346	0.00928	0.01384	0.00700	0.00518	0.00520	0.00173	0.00691	0.00463	0.00232	0.00589
7	0.01289	0.01237	0.02114	0.03196	0.78450	0.01237	0.01598	0.01598	0.01186	0.01701	0.00980	0.01289	0.00825	0.00464	0.00516	0.00155	0.00619	0.00464	0.00258	0.00825
8	0.01055	0.01042	0.01896	0.59374	0.09261	0.01194	0.15900	0.01416	0.01089	0.01424	0.00954	0.01384	0.00723	0.00501	0.00538	0.00172	0.00724	0.00492	0.00240	0.00622
9	0.01917	0.02372	0.01466	0.01322	0.01599	0.72373	0.00997	0.05626	0.04979	0.01410	0.00886	0.00999	0.00723	0.00549	0.00475	0.00137	0.00898	0.00353	0.00292	0.00627
10	0.00907	0.00575	0.00718	0.00665	0.00827	0.00517	0.00506	0.01108	0.01363	0.11081	0.45741	0.03937	0.20847	0.05315	0.00714	0.00187	0.00296	0.03633	0.00545	0.00517
11	0.01163	0.01128	0.01954	0.20070	0.48920	0.01164	0.08224	0.01479	0.01158	0.01593	0.01309	0.01612	0.06832	0.00541	0.00533	0.00162	0.00631	0.00527	0.00270	0.00729
12	0.00798	0.00665	0.00703	0.00764	0.00817	0.07795	0.00519	0.00885	0.00981	0.01251	0.02282	0.48038	0.02654	0.19189	0.07834	0.00323	0.00504	0.03169	0.00409	0.00421
13	0.00634	0.00453	0.00604	0.00725	0.00755	0.00423	0.00483	0.00725	0.00997	0.01329	0.02870	0.81358	0.03444	0.01632	0.00665	0.00211	0.00302	0.01480	0.00483	0.00423
14	0.01648	0.11564	0.23308	0.01241	0.01759	0.01556	0.01238	0.46665	0.01904	0.02577	0.01098	0.01158	0.00796	0.00567	0.00491	0.00153	0.00626	0.00422	0.00401	0.00827
15	0.01262	0.16334	0.56247	0.01313	0.01982	0.01304	0.01603	0.01741	0.01140	0.10925	0.01033	0.01135	0.00737	0.00504	0.00470	0.00155	0.00693	0.00383	0.00272	0.00766
16	0.00950	0.01020	0.05234	0.01377	0.01698	0.00892	0.35705	0.01231	0.01144	0.01526	0.08001	0.10450	0.14810	0.12489	0.00908	0.00225	0.00608	0.00820	0.00353	0.00560
17	0.01690	0.41149	0.02137	0.01047	0.01478	0.01835	0.00941	0.39683	0.01763	0.02269	0.00991	0.01046	0.00779	0.00537	0.00429	0.00134	0.00565	0.00375	0.00374	0.00779
18	0.01346	0.12271	0.11428	0.26401	0.02278	0.01274	0.07385	0.12907	0.01362	0.10238	0.07109	0.01495	0.01118	0.00572	0.00507	0.00159	0.00619	0.00485	0.00347	0.00698
19	0.01161	0.01106	0.01882	0.35668	0.46982	0.01204	0.01534	0.01486	0.01125	0.01545	0.00957	0.01331	0.00770	0.00488	0.00518	0.00163	0.00650	0.00463	0.00247	0.00721
20	0.00744	0.00558	0.00837	0.00837	0.00930	0.00651	0.00651	0.00930	0.00837	0.01209	0.01395	0.02046	0.01302	0.03906	0.79635	0.00837	0.01395	0.00558	0.00279	0.00465
21	0.06365	0.01279	0.05440	0.08114	0.59484	0.01233	0.07335	0.01584	0.01157	0.01710	0.00964	0.01269	0.00790	0.00468	0.00511	0.00158	0.00637	0.00461	0.00259	0.00780
22	0.85377	0.01007	0.00765	0.00685	0.01007	0.01168	0.00564	0.01531	0.00886	0.02336	0.00725	0.00846	0.00564	0.00483	0.00322	0.00161	0.00403	0.00282	0.00322	0.00564
23	0.01514	0.01162	0.01943	0.04004	0.51309	0.01138	0.07179	0.01848	0.03795	0.19005	0.01263	0.01430	0.00949	0.00512	0.00526	0.00159	0.00594	0.00493	0.00354	0.00824
24	0.00670	0.00530	0.00603	0.00584	0.00737	0.00463	0.00438	0.00852	0.01315	0.01711	0.37761	0.04512	0.45563	0.01206	0.00615	0.00170	0.00256	0.01029	0.00524	0.00463
25	0.01798	0.01290	0.01409	0.01109	0.01480	0.01410	0.00906	0.56970	0.09323	0.07494	0.09952	0.01640	0.01424	0.00683	0.00532	0.00159	0.00514	0.00536	0.00535	0.00836
26	0.01980	0.01459	0.01563	0.01198	0.01615	0.01615	0.00990	0.76713	0.02448	0.03282	0.01250	0.01250	0.00886	0.00625	0.00521	0.00156	0.00573	0.00469	0.00521	0.00886
27	0.00983	0.00926	0.01562	0.80447	0.03587	0.01157	0.01446	0.01331	0.01041	0.01331	0.00926	0.01388	0.00694	0.00521	0.00521	0.00174	0.00694	0.00463	0.00231	0.00579
28	0.05111	0.01366	0.01822	0.09218	0.47069	0.10804	0.01361	0.11914	0.01365	0.01854	0.01019	0.02895	0.00846	0.00525	0.00506	0.00155	0.00642	0.00462	0.00300	0.00765
29	0.01101	0.15644	0.66547	0.01387	0.02104	0.01348	0.01755	0.01635	0.01093	0.01580	0.00900	0.01056	0.00661	0.00487	0.00469	0.00156	0.00735	0.00367	0.00220	0.00753
30	0.00966	0.00614	0.00766	0.00769	0.00894	0.00602	0.00552	0.01257	0.11523	0.10899	0.10149	0.38885	0.05945	0.07563	0.00842	0.04204	0.00353	0.02200	0.00493	0.00525
31	0.00990	0.14607	0.32767	0.01016	0.01407	0.02318	0.01085	0.01272	0.00968	0.01325	0.01241	0.05298	0.01231	0.29642	0.02524	0.00290	0.00634	0.00549	0.00267	0.00568
32	0.12832	0.17306	0.28696	0.01126	0.01625	0.01251	0.04942	0.04473	0.01172	0.10728	0.03496	0.06200	0.02828	0.00609	0.00467	0.00157	0.00582	0.00481	0.00330	0.00699
33	0.06477	0.27197	0.43249	0.01208	0.01802	0.02996	0.01415	0.04349	0.01135	0.01615	0.02290	0.02378	0.00788	0.00513	0.00439	0.00148	0.00659	0.00375	0.00250	0.00715
34	0.05087	0.34253	0.25783	0.01108	0.01625	0.03712	0.01187	0.09438	0.02770	0.06848	0.03094	0.01131	0.00860	0.00519	0.00430	0.00141	0.00609	0.00373	0.00302	0.00728

[dist]
# distance from previous block
# <min> <max>
51	108

[block]
# block no. 2 follows, 47 sequences, length 8
# corresponding to MSA columns:
# 397-404
name=unknown_C
#
# <colnr> <probs for GDERKNQSTAVLIFYWHMCP>
#	G	D	E	R	K	N	Q	S	T	A	V	L	I	F	Y	W	H	M	C	P
0	0.09798	0.33666	0.21079	0.01059	0.01537	0.03462	0.01097	0.07955	0.07735	0.03825	0.01009	0.01145	0.00811	0.03209	0.00491	0.00154	0.00588	0.00372	0.00299	0.00707
1	0.01387	0.40540	0.20315	0.01107	0.01591	0.07351	0.01141	0.09936	0.06356	0.01618	0.00953	0.01065	0.00773	0.00617	0.03081	0.00159	0.00655	0.00359	0.00281	0.00715
2	0.04001	0.35990	0.19187	0.01048	0.01484	0.09122	0.01057	0.08528	0.01193	0.01524	0.00946	0.01276	0.00842	0.10977	0.00699	0.00182	0.00631	0.00387	0.00269	0.00656
3	0.09910	0.38067	0.18694	0.01179	0.01668	0.08516	0.08957	0.01683	0.04254	0.01519	0.00868	0.01007	0.00707	0.00478	0.00416	0.00139	0.00648	0.00354	0.00253	0.00684
4	0.03281	0.36026	0.21528	0.01155	0.01639	0.03058	0.06714	0.07629	0.01215	0.01605	0.03207	0.01453	0.02432	0.00635	0.02057	0.00160	0.00638	0.04601	0.00283	0.00686
5	0.03047	0.21455	0.30511	0.01063	0.01522	0.01224	0.01150	0.04245	0.01129	0.06680	0.05340	0.06040	0.01252	0.09327	0.03705	0.00215	0.00621	0.00507	0.00309	0.00658
6	0.06433	0.13696	0.10722	0.01078	0.01500	0.06703	0.00983	0.30963	0.01682	0.12913	0.01399	0.01446	0.04782	0.02787	0.00537	0.00160	0.00574	0.00458	0.00422	0.00764
7	0.01086	0.03829	0.28478	0.01072	0.01459	0.03823	0.03039	0.07331	0.01205	0.06012	0.04684	0.16896	0.07190	0.10611	0.00802	0.00212	0.00562	0.00724	0.00365	0.00620

[dist]
# distance from previous block
# <min> <max>
2	14

[block]
# block no. 3 follows, 47 sequences, length 53
# corresponding to MSA columns:
# 419-471
name=unknown_D
#
# <colnr> <probs for GDERKNQSTAVLIFYWHMCP>
#	G	D	E	R	K	N	Q	S	T	A	V	L	I	F	Y	W	H	M	C	P
0	0.01578	0.04909	0.04931	0.06655	0.09279	0.09426	0.04092	0.16884	0.14638	0.11680	0.01323	0.01381	0.00980	0.00573	0.00521	0.00153	0.02005	0.00461	0.00406	0.08125
1	0.03142	0.06226	0.02865	0.01138	0.05719	0.10758	0.06690	0.08465	0.08053	0.14016	0.02403	0.02412	0.21371	0.00779	0.00533	0.00160	0.00523	0.02097	0.00432	0.02219
2	0.07722	0.21995	0.18518	0.02872	0.15843	0.04255	0.12410	0.01596	0.01119	0.01592	0.00886	0.01090	0.00713	0.00461	0.00454	0.00143	0.00652	0.00392	0.00250	0.07036
3	0.08799	0.05970	0.14693	0.01418	0.09721	0.01139	0.13382	0.08924	0.01265	0.03161	0.05141	0.01379	0.01014	0.00514	0.00480	0.00142	0.00580	0.01634	0.00321	0.20324
4	0.01393	0.01294	0.02716	0.01165	0.01480	0.10836	0.08309	0.19777	0.24681	0.02106	0.02040	0.06551	0.09613	0.00794	0.00555	0.00172	0.00549	0.04798	0.00454	0.00716
5	0.02919	0.28634	0.12100	0.01443	0.14479	0.01515	0.03162	0.01804	0.17818	0.01640	0.04243	0.01345	0.01069	0.00564	0.00525	0.00151	0.05109	0.00438	0.00313	0.00728
6	0.00656	0.00494	0.00607	0.00653	0.00747	0.00445	0.00462	0.00798	0.01172	0.01546	0.22938	0.40624	0.24163	0.01400	0.00638	0.00190	0.00277	0.01238	0.00507	0.00445
7	0.00704	0.00536	0.00655	0.00713	0.00834	0.00493	0.00558	0.00867	0.01163	0.01479	0.09406	0.19557	0.32174	0.03941	0.00722	0.00212	0.00346	0.24704	0.00484	0.00449
8	0.01624	0.01325	0.01753	0.09425	0.18050	0.05771	0.08576	0.28203	0.07406	0.09158	0.01248	0.01365	0.00920	0.00561	0.00524	0.00159	0.00618	0.00485	0.00405	0.02425
9	0.03592	0.09697	0.27973	0.02225	0.39292	0.01326	0.01579	0.05293	0.01198	0.01732	0.00945	0.01166	0.00750	0.00481	0.00486	0.00154	0.00655	0.00414	0.00256	0.00787
10	0.01202	0.01641	0.30194	0.01238	0.04262	0.01150	0.01222	0.07298	0.27552	0.04455	0.12682	0.01836	0.01643	0.00664	0.00528	0.00168	0.00541	0.00549	0.00414	0.00762
11	0.01948	0.02390	0.01484	0.01329	0.01610	0.72625	0.01005	0.08761	0.01563	0.01454	0.00845	0.00967	0.00690	0.00545	0.00474	0.00136	0.00906	0.00347	0.00291	0.00629
12	0.01036	0.00998	0.01624	0.37342	0.02472	0.01213	0.09782	0.01355	0.04085	0.01388	0.01049	0.05299	0.00910	0.00861	0.05328	0.00224	0.21073	0.00534	0.00264	0.03164
13	0.01287	0.09298	0.11295	0.01940	0.04313	0.01371	0.54006	0.04717	0.01254	0.03837	0.01043	0.01317	0.00783	0.00460	0.00566	0.00167	0.00804	0.00545	0.00276	0.00722
14	0.03398	0.15275	0.24131	0.01076	0.01576	0.01145	0.01115	0.02051	0.05605	0.34496	0.04082	0.01479	0.01126	0.00581	0.00482	0.00155	0.00548	0.00454	0.00433	0.00791
15	0.01293	0.02105	0.50003	0.01321	0.01933	0.01207	0.01519	0.06985	0.16582	0.09984	0.01312	0.01350	0.00928	0.00562	0.00507	0.00166	0.00650	0.00446	0.00347	0.00801
16	0.00658	0.00529	0.00588	0.00579	0.00735	0.00459	0.00436	0.00828	0.01275	0.01623	0.28189	0.05975	0.52387	0.01246	0.00618	0.00174	0.00263	0.02469	0.00512	0.00456
17	0.06066	0.01577	0.02497	0.02025	0.10275	0.16610	0.47993	0.03488	0.01282	0.01670	0.00984	0.01267	0.00760	0.00467	0.00557	0.00164	0.00829	0.00522	0.00273	0.00692
18	0.01289	0.01237	0.02114	0.03196	0.78450	0.01237	0.01598	0.01598	0.01186	0.01701	0.00980	0.01289	0.00825	0.00464	0.00516	0.00155	0.00619	0.00464	0.00258	0.00825
19	0.85377	0.01007	0.00765	0.00685	0.01007	0.01168	0.00564	0.01531	0.00886	0.02336	0.00725	0.00846	0.00564	0.00483	0.00322	0.00161	0.00403	0.00282	0.00322	0.00564
20	0.00728	0.00586	0.00856	0.00841	0.00960	0.00549	0.07332	0.00927	0.03547	0.01509	0.13257	0.47903	0.13374	0.01368	0.00645	0.00197	0.00351	0.04117	0.00477	0.00475
21	0.02837	0.00633	0.00728	0.00635	0.00850	0.00603	0.00500	0.03074	0.01234	0.25012	0.01780	0.01859	0.01299	0.00616	0.00414	0.00135	0.00312	0.00493	0.56372	0.00615
22	0.00737	0.00532	0.00696	0.00655	0.00778	0.00491	0.00491	0.00983	0.01474	0.02088	0.78175	0.03890	0.04914	0.01065	0.00614	0.00164	0.00246	0.00942	0.00573	0.00491
23	0.01229	0.01405	0.03073	0.02195	0.02722	0.01317	0.76558	0.01668	0.01229	0.01668	0.01054	0.01405	0.00790	0.00439	0.00615	0.00176	0.00878	0.00615	0.00263	0.00702
24	0.01945	0.02482	0.01476	0.01342	0.01610	0.79608	0.01006	0.02079	0.01476	0.01275	0.00805	0.00939	0.00671	0.00537	0.00470	0.00134	0.00939	0.00335	0.00268	0.00604
25	0.01229	0.01405	0.03073	0.02195	0.02722	0.01317	0.76558	0.01668	0.01229	0.01668	0.01054	0.01405	0.00790	0.00439	0.00615	0.00176	0.00878	0.00615	0.00263	0.00702
26	0.00634	0.00453	0.00604	0.00725	0.00755	0.00423	0.00483	0.00725	0.00997	0.01329	0.02870	0.81358	0.03444	0.01632	0.00665	0.00211	0.00302	0.01480	0.00483	0.00423
27	0.02609	0.01147	0.02031	0.30255	0.40063	0.01219	0.12082	0.01513	0.01136	0.01577	0.00967	0.01333	0.00769	0.00481	0.00528	0.00164	0.00678	0.00482	0.00250	0.00716
28	0.00647	0.00523	0.00579	0.00607	0.00752	0.00456	0.00458	0.00789	0.01174	0.01445	0.08432	0.16802	0.55497	0.01366	0.00633	0.00187	0.00290	0.08432	0.00488	0.00444
29	0.00905	0.00452	0.00678	0.00678	0.00678	0.00452	0.00452	0.00678	0.00678	0.00905	0.00905	0.01583	0.00905	0.01809	0.02035	0.84848	0.00452	0.00452	0.00226	0.00226
30	0.01045	0.02694	0.79000	0.01484	0.02254	0.01209	0.01924	0.01649	0.01099	0.01649	0.00935	0.01099	0.00660	0.00495	0.00495	0.00165	0.00770	0.00385	0.00220	0.00770
31	0.00998	0.00941	0.01589	0.76659	0.07258	0.01161	0.01454	0.01344	0.01048	0.01349	0.00928	0.01384	0.00701	0.00518	0.00520	0.00173	0.00690	0.00463	0.00233	0.00591
32	0.00656	0.00469	0.00629	0.00750	0.00790	0.00442	0.00521	0.00763	0.01019	0.01354	0.02858	0.73300	0.03397	0.01611	0.00671	0.00215	0.00321	0.09323	0.00483	0.00429
33	0.00634	0.00453	0.00604	0.00725	0.00755	0.00423	0.00483	0.00725	0.00997	0.01329	0.02870	0.81358	0.03444	0.01632	0.00665	0.00211	0.00302	0.01480	0.00483	0.00423
34	0.01045	0.02694	0.79000	0.01484	0.02254	0.01209	0.01924	0.01649	0.01099	0.01649	0.00935	0.01099	0.00660	0.00495	0.00495	0.00165	0.00770	0.00385	0.00220	0.00770
35	0.00791	0.00542	0.00734	0.00822	0.00918	0.00519	0.00647	0.00967	0.01152	0.04153	0.09619	0.35744	0.05944	0.01451	0.00678	0.00217	0.00379	0.33757	0.00495	0.00470
36	0.00983	0.00926	0.01562	0.80447	0.03587	0.01157	0.01446	0.01331	0.01041	0.01331	0.00926	0.01388	0.00694	0.00521	0.00521	0.00174	0.00694	0.00463	0.00231	0.00579
37	0.00615	0.00528	0.00528	0.00528	0.00703	0.00440	0.00396	0.00747	0.01187	0.01407	0.05276	0.05012	0.78238	0.01319	0.00615	0.00176	0.00264	0.01099	0.00484	0.00440
38	0.01539	0.01695	0.01800	0.02235	0.38688	0.30326	0.01306	0.04309	0.01293	0.01547	0.00891	0.01141	0.00754	0.00547	0.00633	0.00155	0.09741	0.00416	0.00267	0.00716
39	0.01182	0.00899	0.01018	0.00934	0.01161	0.00974	0.00728	0.11296	0.32569	0.05189	0.13496	0.13053	0.03852	0.03135	0.00636	0.00191	0.00401	0.08087	0.00522	0.00677
40	0.01229	0.01405	0.03073	0.02195	0.02722	0.01317	0.76558	0.01668	0.01229	0.01668	0.01054	0.01405	0.00790	0.00439	0.00615	0.00176	0.00878	0.00615	0.00263	0.00702
41	0.01300	0.01174	0.01776	0.02334	0.49687	0.01126	0.01269	0.08927	0.01281	0.01856	0.00991	0.01228	0.00816	0.00458	0.00480	0.00134	0.00550	0.00422	0.00298	0.23894
42	0.00879	0.00578	0.00633	0.00617	0.00739	0.00566	0.00452	0.06016	0.01154	0.01654	0.07605	0.03418	0.18636	0.21355	0.01056	0.00246	0.00357	0.07384	0.26197	0.00459
43	0.00850	0.00672	0.00790	0.00821	0.00946	0.00706	0.00590	0.01392	0.25436	0.01645	0.06896	0.49110	0.05494	0.01294	0.00617	0.00197	0.00333	0.01153	0.00503	0.00555
44	0.01314	0.01008	0.01058	0.00893	0.01173	0.02942	0.00708	0.32146	0.07519	0.04353	0.07359	0.07568	0.27890	0.00954	0.00567	0.00168	0.00425	0.00781	0.00507	0.00670
45	0.01490	0.01127	0.01697	0.02152	0.41232	0.01142	0.02749	0.02057	0.19523	0.17436	0.03067	0.01600	0.01186	0.00571	0.00525	0.00162	0.00531	0.00519	0.00408	0.00828
46	0.02185	0.01055	0.01304	0.01008	0.01409	0.01025	0.00830	0.22837	0.05668	0.54205	0.01838	0.01638	0.01194	0.00642	0.00523	0.00161	0.00477	0.00512	0.00605	0.00883
47	0.01945	0.02482	0.01476	0.01342	0.01610	0.79608	0.01006	0.02079	0.01476	0.01275	0.00805	0.00939	0.00671	0.00537	0.00470	0.00134	0.00939	0.00335	0.00268	0.00604
48	0.06341	0.01430	0.06611	0.05559	0.03543	0.01372	0.36067	0.25985	0.01595	0.04663	0.01116	0.01314	0.00812	0.00516	0.00551	0.00167	0.00718	0.00522	0.00358	0.00759
49	0.00643	0.00457	0.00602	0.00715	0.00743	0.00428	0.00472	0.00727	0.00981	0.01308	0.02788	0.76148	0.03341	0.06984	0.00797	0.00231	0.00316	0.01432	0.00472	0.00416
50	0.01080	0.00926	0.01080	0.00771	0.01234	0.00694	0.00617	0.01311	0.01080	0.01697	0.00926	0.01080	0.00771	0.00386	0.00386	0.00077	0.00386	0.00309	0.00309	0.84882
51	0.04320	0.06392	0.01473	0.01109	0.03857	0.04945	0.04840	0.10214	0.03477	0.20335	0.01226	0.01289	0.00907	0.00555	0.00584	0.00139	0.08418	0.00420	0.00400	0.25100
52	0.01363	0.00963	0.03567	0.00849	0.01254	0.00779	0.00700	0.05882	0.03380	0.18026	0.03388	0.01491	0.01097	0.04615	0.03757	0.00159	0.00464	0.00423	0.00401	0.47442

[dist]
# distance from previous block
# <min> <max>
10	17

[block]
# block no. 4 follows, 47 sequences, length 37
# corresponding to MSA columns:
# 490-526
name=unknown_E
#
# <colnr> <probs for GDERKNQSTAVLIFYWHMCP>
#	G	D	E	R	K	N	Q	S	T	A	V	L	I	F	Y	W	H	M	C	P
0	0.01415	0.07289	0.22836	0.01512	0.03840	0.05968	0.19078	0.15323	0.08760	0.05475	0.01202	0.02863	0.00909	0.00553	0.00524	0.00162	0.00693	0.00493	0.00343	0.00763
1	0.01190	0.00992	0.01293	0.01607	0.26958	0.07272	0.00942	0.01499	0.05920	0.09087	0.23550	0.07433	0.08445	0.00815	0.00559	0.00163	0.00461	0.00718	0.00434	0.00662
2	0.01363	0.00898	0.01148	0.00978	0.01226	0.00915	0.05467	0.17794	0.10688	0.15647	0.08159	0.22659	0.02110	0.07548	0.00747	0.00204	0.00447	0.00827	0.00505	0.00668
3	0.03521	0.15993	0.09444	0.06152	0.05622	0.11476	0.18626	0.10667	0.04041	0.06772	0.02211	0.01256	0.00865	0.00519	0.00497	0.00153	0.00693	0.00453	0.00321	0.00720
4	0.01186	0.10058	0.40628	0.01708	0.09427	0.03793	0.17555	0.01723	0.05961	0.01638	0.01014	0.01204	0.00763	0.00490	0.00508	0.00161	0.00740	0.00442	0.00254	0.00749
5	0.01654	0.00873	0.01073	0.00882	0.01190	0.00845	0.00707	0.09839	0.12712	0.36469	0.18991	0.02473	0.08376	0.00799	0.00552	0.00165	0.00394	0.00667	0.00586	0.00754
6	0.01188	0.00986	0.02663	0.02375	0.02501	0.00975	0.17085	0.10631	0.13679	0.05854	0.23630	0.06458	0.02316	0.00772	0.00566	0.00167	0.00481	0.00711	0.06300	0.00663
7	0.01448	0.05613	0.22334	0.04209	0.23084	0.14992	0.05353	0.11800	0.01382	0.03512	0.00988	0.01171	0.00760	0.00510	0.00500	0.00154	0.00717	0.00422	0.00291	0.00760
8	0.03918	0.01145	0.01529	0.21821	0.02106	0.03130	0.10326	0.10772	0.27185	0.01952	0.01470	0.01587	0.02712	0.00591	0.00519	0.00164	0.00569	0.00517	0.00386	0.07599
9	0.01215	0.00919	0.01032	0.00879	0.01127	0.00967	0.00692	0.27054	0.11153	0.02416	0.32875	0.04821	0.10855	0.00911	0.00573	0.00165	0.00381	0.00767	0.00538	0.00660
10	0.01585	0.01371	0.11067	0.01174	0.01562	0.01274	0.05123	0.35987	0.08857	0.09262	0.01492	0.07936	0.01183	0.00700	0.00571	0.00166	0.03577	0.00566	0.05767	0.00781
11	0.01356	0.03585	0.20719	0.03259	0.37569	0.06073	0.06268	0.11620	0.01348	0.01855	0.00992	0.01215	0.00776	0.00496	0.00511	0.00157	0.00685	0.00443	0.00283	0.00792
12	0.00952	0.00657	0.00801	0.00823	0.00954	0.00669	0.00592	0.01394	0.19742	0.08534	0.04617	0.52734	0.02836	0.01302	0.00618	0.00197	0.00340	0.01162	0.00512	0.00565
13	0.00674	0.00484	0.00648	0.00762	0.00815	0.00458	0.00547	0.00797	0.01050	0.01391	0.04612	0.63809	0.05157	0.01576	0.00673	0.00215	0.00333	0.15080	0.00485	0.00435
14	0.01380	0.24373	0.09403	0.06337	0.04705	0.07941	0.24951	0.09481	0.01291	0.01646	0.00929	0.01149	0.00736	0.00493	0.00526	0.00152	0.03091	0.00442	0.00272	0.00703
15	0.04385	0.01631	0.02084	0.11835	0.02270	0.24735	0.31356	0.05984	0.07458	0.01660	0.01048	0.01279	0.00804	0.00512	0.00537	0.00161	0.00802	0.00490	0.00298	0.00672
16	0.00666	0.00474	0.00632	0.00747	0.00787	0.00449	0.00520	0.00771	0.01011	0.01343	0.02799	0.68322	0.03317	0.05319	0.00764	0.00229	0.00334	0.10617	0.00475	0.00425
17	0.00635	0.00467	0.00596	0.00694	0.00749	0.00428	0.00471	0.00738	0.01042	0.01368	0.05925	0.67523	0.14324	0.01566	0.00656	0.00205	0.00295	0.01406	0.00487	0.00428
18	0.01490	0.08003	0.30000	0.01416	0.05144	0.01198	0.11524	0.04212	0.08319	0.21538	0.01343	0.01384	0.00939	0.00544	0.00511	0.00162	0.00639	0.00468	0.00374	0.00793
19	0.00634	0.00453	0.00604	0.00725	0.00755	0.00423	0.00483	0.00725	0.00997	0.01329	0.02870	0.81358	0.03444	0.01632	0.00665	0.00211	0.00302	0.01480	0.00483	0.00423
20	0.01234	0.01390	0.02990	0.02281	0.09247	0.01310	0.70099	0.01662	0.01225	0.01671	0.01047	0.01395	0.00793	0.00441	0.00606	0.00174	0.00856	0.00602	0.00263	0.00713
21	0.01464	0.13297	0.26968	0.04251	0.01837	0.07694	0.03020	0.20029	0.07303	0.05245	0.01163	0.01332	0.00885	0.00572	0.00490	0.00156	0.00656	0.02529	0.00348	0.00762
22	0.01521	0.00981	0.01181	0.01043	0.03069	0.05847	0.04116	0.03708	0.19695	0.27036	0.04408	0.11159	0.03958	0.02553	0.07051	0.00231	0.00544	0.00677	0.00503	0.00720
23	0.00650	0.00460	0.00600	0.00705	0.00732	0.00433	0.00462	0.00729	0.00967	0.01289	0.02714	0.71469	0.03248	0.11789	0.00917	0.00249	0.00328	0.01389	0.00462	0.00409
24	0.00980	0.07271	0.01051	0.00863	0.01020	0.00933	0.00674	0.04190	0.16014	0.01676	0.11920	0.18268	0.06005	0.04644	0.06338	0.00240	0.09152	0.02454	0.05738	0.00567
25	0.20477	0.05930	0.09710	0.01413	0.01851	0.07710	0.25902	0.05896	0.08912	0.04555	0.01076	0.01232	0.00811	0.00514	0.00508	0.00164	0.01862	0.00458	0.00324	0.00694
26	0.01211	0.01306	0.02524	0.24727	0.02891	0.03982	0.49403	0.04423	0.01230	0.01618	0.01015	0.01378	0.00762	0.00473	0.00579	0.00173	0.00815	0.00556	0.00264	0.00670
27	0.01006	0.00927	0.00836	0.00795	0.00855	0.15546	0.00536	0.01058	0.00904	0.01096	0.01393	0.02651	0.01521	0.53055	0.09942	0.00450	0.06093	0.00637	0.00297	0.00402
28	0.05230	0.01314	0.01400	0.01082	0.01484	0.02905	0.00883	0.52281	0.04765	0.07189	0.01257	0.01303	0.00921	0.02340	0.00538	0.00153	0.00530	0.00448	0.00479	0.13497
29	0.01045	0.02694	0.79000	0.01484	0.02254	0.01209	0.01924	0.01649	0.01099	0.01649	0.00935	0.01099	0.00660	0.00495	0.00495	0.00165	0.00770	0.00385	0.00220	0.00770
30	0.01117	0.00935	0.01228	0.01092	0.01327	0.01007	0.08681	0.09180	0.28717	0.01945	0.06930	0.18183	0.02207	0.00993	0.00626	0.00191	0.02313	0.12190	0.00480	0.00659
31	0.01243	0.06280	0.01948	0.26522	0.46087	0.03710	0.01471	0.03735	0.01180	0.01591	0.00949	0.01279	0.00772	0.00487	0.00504	0.00157	0.00646	0.00448	0.00256	0.00735
32	0.01363	0.16162	0.10195	0.08328	0.21550	0.16295	0.13024	0.01685	0.02533	0.01497	0.00987	0.01215	0.01917	0.00496	0.00490	0.00150	0.00722	0.00433	0.00256	0.00704
33	0.01365	0.00806	0.00978	0.00865	0.01091	0.00797	0.00665	0.19411	0.01522	0.19708	0.10888	0.30735	0.05291	0.01068	0.00585	0.00178	0.00391	0.00924	0.02080	0.00650
34	0.00879	0.00573	0.00739	0.00744	0.00867	0.00534	0.00546	0.03610	0.01241	0.07967	0.24519	0.38115	0.05779	0.03312	0.00677	0.00196	0.00324	0.05777	0.00514	0.03086
35	0.01290	0.01220	0.02040	0.06662	0.70297	0.01229	0.01543	0.03879	0.01215	0.01732	0.00984	0.01286	0.00819	0.00469	0.00512	0.00153	0.00614	0.00459	0.00266	0.03330
36	0.04055	0.01088	0.01425	0.21877	0.10003	0.01157	0.01048	0.20631	0.06704	0.08060	0.04775	0.01462	0.01068	0.00566	0.00498	0.00150	0.00538	0.00470	0.00391	0.14034

[dist]
# distance from previous block
# <min> <max>
8	20

[block]
# block no. 5 follows, 47 sequences, length 39
# corresponding to MSA columns:
# 548,549,551-587
name=unknown_F
#
# <colnr> <probs for GDERKNQSTAVLIFYWHMCP>
#	G	D	E	R	K	N	Q	S	T	A	V	L	I	F	Y	W	H	M	C	P
0	0.01183	0.00940	0.01064	0.00858	0.01186	0.00898	0.00682	0.15520	0.10118	0.03376	0.09035	0.03246	0.12502	0.02033	0.00568	0.00143	0.02651	0.01934	0.00433	0.31631
1	0.01463	0.00979	0.02481	0.10386	0.11896	0.00874	0.00921	0.03066	0.03617	0.23849	0.01391	0.03667	0.01063	0.00558	0.00481	0.00136	0.00479	0.01997	0.00407	0.30288
2	0.02156	0.00584	0.00722	0.00741	0.00862	0.00551	0.00533	0.05396	0.01172	0.07376	0.07630	0.49217	0.10299	0.03001	0.00659	0.00198	0.00332	0.02906	0.02793	0.02873
3	0.01380	0.18289	0.09255	0.02033	0.37154	0.03191	0.01287	0.03201	0.05428	0.08274	0.04809	0.01370	0.01054	0.00526	0.00481	0.00148	0.00582	0.00450	0.00316	0.00772
4	0.13145	0.10636	0.17129	0.21917	0.06479	0.01256	0.12691	0.01533	0.01094	0.03641	0.03019	0.01279	0.00833	0.00506	0.00478	0.00160	0.00645	0.00439	0.02460	0.00660
5	0.00738	0.00533	0.00701	0.00706	0.00770	0.00568	0.00500	0.00848	0.00858	0.01176	0.03287	0.05091	0.07693	0.33306	0.38533	0.00615	0.00893	0.02452	0.00325	0.00405
6	0.16322	0.04283	0.26879	0.01150	0.01649	0.09147	0.01174	0.13226	0.01386	0.18290	0.01163	0.01196	0.00812	0.00547	0.00467	0.00157	0.00617	0.00401	0.00378	0.00756
7	0.04696	0.01729	0.21835	0.01392	0.03483	0.07764	0.12057	0.23160	0.02532	0.07246	0.01184	0.04153	0.00905	0.00575	0.00514	0.00158	0.00663	0.00484	0.00367	0.05104
8	0.01061	0.00938	0.07674	0.04771	0.01261	0.00880	0.00834	0.08475	0.04923	0.06292	0.13550	0.09494	0.08943	0.01226	0.08090	0.00242	0.09308	0.05967	0.05480	0.00591
9	0.00629	0.00473	0.00583	0.00671	0.00741	0.00428	0.00460	0.00731	0.01049	0.01350	0.03525	0.60569	0.23811	0.01546	0.00651	0.00202	0.00292	0.01377	0.00483	0.00428
10	0.08752	0.07552	0.08283	0.07008	0.04161	0.01231	0.22183	0.06336	0.01277	0.21646	0.01228	0.01354	0.00873	0.00546	0.00582	0.00166	0.05227	0.00485	0.00371	0.00739
11	0.14327	0.21200	0.10411	0.01062	0.01465	0.08150	0.00981	0.20995	0.05141	0.03887	0.03943	0.01186	0.00929	0.00570	0.00487	0.00149	0.03644	0.00398	0.00357	0.00716
12	0.01489	0.08511	0.01634	0.30125	0.02289	0.29282	0.01165	0.10330	0.01341	0.01521	0.00884	0.01146	0.00705	0.00562	0.00579	0.00156	0.06972	0.00402	0.00277	0.00630
13	0.00867	0.00590	0.00696	0.00673	0.00741	0.00635	0.00460	0.02974	0.05442	0.01349	0.01595	0.02677	0.01602	0.43017	0.17022	0.00465	0.02822	0.00644	0.15300	0.00427
14	0.03661	0.05419	0.19935	0.01860	0.15633	0.08233	0.22556	0.01686	0.05383	0.01652	0.03489	0.02446	0.00951	0.00539	0.00580	0.00165	0.04318	0.00499	0.00279	0.00715
15	0.01588	0.22822	0.08098	0.01322	0.01758	0.15748	0.16410	0.06461	0.07273	0.11959	0.01141	0.01228	0.00861	0.00523	0.00481	0.00147	0.00683	0.00434	0.00338	0.00726
16	0.00814	0.00584	0.00788	0.00838	0.00935	0.00607	0.00673	0.02467	0.01050	0.01401	0.03513	0.04281	0.04530	0.17889	0.20800	0.00436	0.00705	0.36837	0.00400	0.00451
17	0.01230	0.01300	0.13841	0.13728	0.18629	0.01144	0.01237	0.04526	0.18524	0.06990	0.05150	0.03306	0.04272	0.00650	0.00566	0.00169	0.03077	0.00551	0.00372	0.00738
18	0.19617	0.11668	0.16288	0.01020	0.01490	0.05282	0.00986	0.16773	0.01336	0.02067	0.00918	0.01030	0.00710	0.00492	0.00418	0.00135	0.00551	0.00347	0.00325	0.18547
19	0.00746	0.00551	0.00801	0.00801	0.00881	0.00631	0.00606	0.00907	0.00826	0.01182	0.01428	0.02228	0.01381	0.14336	0.69313	0.00792	0.01276	0.00585	0.00284	0.00445
20	0.00983	0.00926	0.01562	0.80447	0.03587	0.01157	0.01446	0.01331	0.01041	0.01331	0.00926	0.01388	0.00694	0.00521	0.00521	0.00174	0.00694	0.00463	0.00231	0.00579
21	0.01945	0.02482	0.01476	0.01342	0.01610	0.79608	0.01006	0.02079	0.01476	0.01275	0.00805	0.00939	0.00671	0.00537	0.00470	0.00134	0.00939	0.00335	0.00268	0.00604
22	0.08265	0.08588	0.32312	0.01447	0.08406	0.03793	0.05003	0.17587	0.02864	0.03503	0.02839	0.01209	0.00851	0.00534	0.00484	0.00157	0.00652	0.00421	0.00322	0.00762
23	0.00778	0.00582	0.00728	0.00683	0.00823	0.00557	0.00515	0.01123	0.07977	0.02058	0.67635	0.03785	0.08671	0.01048	0.00607	0.00166	0.00261	0.00920	0.00565	0.00517
24	0.00633	0.00457	0.00600	0.00714	0.00752	0.00424	0.00479	0.00726	0.01008	0.01334	0.03003	0.77152	0.07565	0.01614	0.00662	0.00210	0.00300	0.01459	0.00483	0.00424
25	0.00921	0.07681	0.01286	0.01048	0.01242	0.00802	0.13093	0.01182	0.05002	0.03643	0.02358	0.37304	0.04230	0.01211	0.00628	0.00199	0.00465	0.16738	0.00431	0.00536
26	0.01289	0.01237	0.02114	0.03196	0.78450	0.01237	0.01598	0.01598	0.01186	0.01701	0.00980	0.01289	0.00825	0.00464	0.00516	0.00155	0.00619	0.00464	0.00258	0.00825
27	0.00905	0.00452	0.00678	0.00678	0.00678	0.00452	0.00452	0.00678	0.00678	0.00905	0.00905	0.01583	0.00905	0.01809	0.02035	0.84848	0.00452	0.00452	0.00226	0.00226
28	0.01263	0.40536	0.02147	0.01135	0.01352	0.01822	0.01018	0.01402	0.00924	0.01240	0.00703	0.00991	0.00676	0.00684	0.01039	0.00171	0.41681	0.00369	0.00225	0.00618
29	0.01362	0.75211	0.09268	0.00942	0.01415	0.01988	0.00980	0.01567	0.01062	0.01262	0.00742	0.00858	0.00668	0.00450	0.00348	0.00116	0.00575	0.00288	0.00223	0.00677
30	0.00983	0.00926	0.01562	0.80447	0.03587	0.01157	0.01446	0.01331	0.01041	0.01331	0.00926	0.01388	0.00694	0.00521	0.00521	0.00174	0.00694	0.00463	0.00231	0.00579
31	0.01295	0.01119	0.01178	0.01060	0.01354	0.01295	0.00824	0.02767	0.77509	0.02178	0.02120	0.01943	0.01590	0.00707	0.00530	0.00177	0.00412	0.00589	0.00530	0.00824
32	0.01393	0.01397	0.01997	0.02856	0.64789	0.11039	0.01489	0.04028	0.02910	0.01708	0.00991	0.01258	0.00824	0.00483	0.00510	0.00153	0.00653	0.00451	0.00273	0.00799
33	0.00856	0.00657	0.00724	0.00746	0.00872	0.04356	0.00536	0.01100	0.07703	0.05773	0.12000	0.41434	0.18632	0.01314	0.00620	0.00189	0.00336	0.01154	0.00496	0.00503
34	0.01268	0.00656	0.00861	0.00810	0.00990	0.00605	0.00603	0.05520	0.01278	0.26581	0.08974	0.44543	0.02732	0.01208	0.00607	0.00188	0.00358	0.01069	0.00545	0.00604
35	0.01553	0.01298	0.01535	0.01453	0.11848	0.03512	0.04496	0.30498	0.31104	0.02457	0.01532	0.01544	0.01150	0.00716	0.02746	0.00183	0.00564	0.00520	0.00464	0.00826
36	0.05935	0.11935	0.01538	0.01276	0.15013	0.01134	0.00880	0.12414	0.01285	0.01901	0.00945	0.01096	0.00772	0.00448	0.00418	0.00112	0.00478	0.00354	0.00320	0.41747
37	0.46497	0.00907	0.00846	0.00790	0.01048	0.01015	0.00638	0.06039	0.09005	0.02172	0.07955	0.08780	0.01614	0.00783	0.00460	0.00177	0.00402	0.09879	0.00411	0.00581
38	0.04398	0.00973	0.01458	0.22274	0.16503	0.00985	0.01097	0.02017	0.03354	0.39327	0.01514	0.01555	0.01030	0.00574	0.00515	0.00164	0.00540	0.00490	0.00449	0.00782

[dist]
# distance from previous block
# <min> <max>
3	8

[block]
# block no. 6 follows, 47 sequences, length 31
# corresponding to MSA columns:
# 596-626
name=unknown_G
#
# <colnr> <probs for GDERKNQSTAVLIFYWHMCP>
#	G	D	E	R	K	N	Q	S	T	A	V	L	I	F	Y	W	H	M	C	P
0	0.01256	0.05623	0.44127	0.01555	0.02185	0.01252	0.20028	0.03987	0.05071	0.08283	0.01119	0.01267	0.00799	0.00506	0.00522	0.00165	0.00735	0.00461	0.00291	0.00765
1	0.01586	0.39021	0.11864	0.01108	0.01566	0.10235	0.01064	0.24346	0.01529	0.01906	0.00918	0.01005	0.00733	0.00516	0.00426	0.00134	0.00630	0.00356	0.00317	0.00740
2	0.00711	0.00535	0.00772	0.00794	0.00875	0.00568	0.02095	0.00856	0.00914	0.01259	0.02117	0.28670	0.06492	0.07297	0.42865	0.00559	0.00905	0.00909	0.00361	0.00446
3	0.01630	0.49029	0.02240	0.01033	0.01450	0.10342	0.00933	0.24334	0.01524	0.01852	0.00892	0.00972	0.00734	0.00510	0.00405	0.00127	0.00603	0.00342	0.00318	0.00727
4	0.00658	0.00529	0.00586	0.00572	0.00729	0.00458	0.00429	0.00829	0.01287	0.01644	0.30651	0.04621	0.52715	0.01230	0.00615	0.00172	0.00257	0.01044	0.00515	0.00458
5	0.00652	0.00516	0.00589	0.00614	0.00747	0.00453	0.00454	0.00800	0.01195	0.01514	0.17095	0.21567	0.45519	0.01350	0.00631	0.00185	0.00280	0.04895	0.00499	0.00447
6	0.01290	0.01204	0.01964	0.12818	0.60556	0.01252	0.01504	0.05973	0.05105	0.01770	0.01046	0.01332	0.00850	0.00493	0.00517	0.00158	0.00615	0.00470	0.00283	0.00797
7	0.01289	0.01237	0.02114	0.03196	0.78450	0.01237	0.01598	0.01598	0.01186	0.01701	0.00980	0.01289	0.00825	0.00464	0.00516	0.00155	0.00619	0.00464	0.00258	0.00825
8	0.00615	0.00528	0.00528	0.00528	0.00703	0.00440	0.00396	0.00747	0.01187	0.01407	0.05276	0.05012	0.78238	0.01319	0.00615	0.00176	0.00264	0.01099	0.00484	0.00440
9	0.03901	0.31746	0.43829	0.01233	0.01839	0.06263	0.01446	0.01639	0.01100	0.01493	0.00843	0.00985	0.00660	0.00479	0.00429	0.00143	0.00690	0.00340	0.00227	0.00716
10	0.03798	0.12367	0.08647	0.01237	0.01620	0.36561	0.01059	0.25050	0.01675	0.01948	0.00942	0.01034	0.00733	0.00547	0.00467	0.00142	0.00749	0.00373	0.00338	0.00713
11	0.02138	0.01038	0.01282	0.01001	0.01395	0.01012	0.00821	0.18793	0.10480	0.53435	0.01886	0.01678	0.01236	0.00647	0.00524	0.00162	0.00468	0.00519	0.00604	0.00879
12	0.00634	0.00453	0.00604	0.00725	0.00755	0.00423	0.00483	0.00725	0.00997	0.01329	0.02870	0.81358	0.03444	0.01632	0.00665	0.00211	0.00302	0.01480	0.00483	0.00423
13	0.03320	0.04350	0.01083	0.00891	0.01137	0.00718	0.06763	0.01420	0.02398	0.21859	0.02927	0.18303	0.20861	0.01076	0.00593	0.00184	0.00415	0.10610	0.00493	0.00600
14	0.06742	0.02210	0.01439	0.01280	0.01563	0.62166	0.00977	0.10508	0.03576	0.01587	0.00883	0.01001	0.00714	0.00558	0.00500	0.00142	0.02852	0.00357	0.00306	0.00638
15	0.01091	0.01035	0.01756	0.53282	0.29912	0.01185	0.01500	0.01425	0.01092	0.01461	0.00945	0.01353	0.00740	0.00501	0.00519	0.00167	0.00668	0.00463	0.00241	0.00665
16	0.02882	0.12830	0.35113	0.01328	0.01885	0.09904	0.05389	0.16626	0.03228	0.04571	0.01025	0.01132	0.00756	0.00526	0.00481	0.00153	0.00700	0.00402	0.00311	0.00759
17	0.01273	0.01594	0.33045	0.01123	0.01593	0.00981	0.01191	0.03925	0.12443	0.16494	0.10393	0.07977	0.04212	0.00738	0.00537	0.00169	0.00537	0.00615	0.00424	0.00734
18	0.00702	0.00483	0.00639	0.00738	0.00796	0.00449	0.00516	0.00814	0.01049	0.03648	0.05000	0.67641	0.06728	0.01558	0.00661	0.00209	0.00317	0.07119	0.00490	0.00444
19	0.00692	0.00548	0.00654	0.00668	0.02943	0.00486	0.00477	0.00882	0.01318	0.01735	0.39550	0.06087	0.39718	0.01182	0.00613	0.00170	0.00266	0.01015	0.00520	0.00475
20	0.01045	0.01834	0.39607	0.32333	0.07677	0.01203	0.04282	0.01514	0.01080	0.01521	0.00933	0.01236	0.00689	0.00510	0.00537	0.00169	0.02480	0.00430	0.00228	0.00692
21	0.01289	0.01237	0.02114	0.03196	0.78450	0.01237	0.01598	0.01598	0.01186	0.01701	0.00980	0.01289	0.00825	0.00464	0.00516	0.00155	0.00619	0.00464	0.00258	0.00825
22	0.01698	0.01319	0.01405	0.01141	0.01508	0.01484	0.00922	0.46334	0.33285	0.02829	0.01607	0.01535	0.01175	0.00659	0.00525	0.00165	0.00507	0.00518	0.00525	0.00860
23	0.01232	0.01392	0.02988	0.02144	0.02661	0.01316	0.73175	0.01717	0.04637	0.01691	0.01101	0.01429	0.00826	0.00451	0.00611	0.00176	0.00857	0.00613	0.00275	0.00708
24	0.00961	0.04456	0.01261	0.01053	0.01276	0.00901	0.12747	0.01522	0.23279	0.01643	0.02515	0.30892	0.10223	0.01079	0.00600	0.00189	0.00440	0.03914	0.00450	0.00599
25	0.00857	0.00661	0.00851	0.00793	0.00973	0.00646	0.00606	0.05294	0.01064	0.01499	0.04362	0.17786	0.06768	0.04297	0.30973	0.00426	0.00762	0.03309	0.00370	0.17704
26	0.01154	0.01103	0.01854	0.34815	0.42729	0.01227	0.01506	0.01466	0.01101	0.01520	0.00938	0.01320	0.00762	0.00516	0.00595	0.00167	0.05811	0.00463	0.00245	0.00707
27	0.37152	0.08025	0.01275	0.00978	0.01313	0.21286	0.00793	0.18281	0.01400	0.02177	0.00882	0.00981	0.00687	0.00528	0.00405	0.00148	0.00586	0.00341	0.02111	0.00652
28	0.33801	0.10447	0.06343	0.01034	0.01391	0.27332	0.00882	0.10160	0.01289	0.01926	0.00824	0.00937	0.00653	0.00514	0.00406	0.00146	0.00640	0.00327	0.00309	0.00638
29	0.01137	0.07566	0.01801	0.01320	0.01624	0.03288	0.26045	0.06232	0.03304	0.04022	0.01338	0.01781	0.02690	0.06415	0.28582	0.00420	0.00955	0.00565	0.00310	0.00606
30	0.01267	0.07318	0.12773	0.06323	0.06852	0.01145	0.16782	0.01780	0.12914	0.09371	0.01364	0.06538	0.01100	0.00586	0.00516	0.00156	0.00594	0.00541	0.00351	0.11731

[dist]
# distance from previous block
# <min> <max>
1	35

[block]
# block no. 7 follows, 47 sequences, length 100
# corresponding to MSA columns:
# 663-762
name=unknown_H
#
# <colnr> <probs for GDERKNQSTAVLIFYWHMCP>
#	G	D	E	R	K	N	Q	S	T	A	V	L	I	F	Y	W	H	M	C	P
0	0.03689	0.05037	0.09533	0.01348	0.06933	0.20819	0.04499	0.12073	0.16945	0.08487	0.04567	0.01437	0.01132	0.00596	0.00503	0.00156	0.00639	0.00470	0.00394	0.00744
1	0.07271	0.01527	0.15338	0.01161	0.03064	0.11062	0.04064	0.10172	0.05926	0.12928	0.01355	0.01406	0.04167	0.00569	0.00504	0.00146	0.02241	0.00442	0.00377	0.16280
2	0.05614	0.08970	0.13590	0.03212	0.12779	0.05967	0.08004	0.12286	0.02711	0.01878	0.00978	0.01146	0.00767	0.00481	0.00464	0.00137	0.00607	0.00399	0.00306	0.19702
3	0.03394	0.03172	0.08625	0.01090	0.01470	0.04452	0.06182	0.25175	0.01595	0.05331	0.10770	0.05470	0.05248	0.00695	0.00545	0.00151	0.02442	0.00571	0.00422	0.13201
4	0.01013	0.02840	0.03085	0.02927	0.11250	0.00891	0.19718	0.01347	0.03973	0.03787	0.26024	0.02701	0.13513	0.00784	0.00577	0.00163	0.00496	0.00740	0.00411	0.03758
5	0.00917	0.00880	0.05179	0.34008	0.03796	0.00952	0.01090	0.02839	0.00998	0.01363	0.01237	0.05740	0.01115	0.01816	0.28650	0.00412	0.04325	0.02491	0.00275	0.01916
6	0.01259	0.29942	0.01865	0.01102	0.01397	0.17723	0.10631	0.01436	0.01164	0.01349	0.03775	0.23128	0.01578	0.00809	0.00498	0.00154	0.00599	0.00685	0.00320	0.00586
7	0.23885	0.01083	0.04446	0.03080	0.12366	0.02205	0.00855	0.03625	0.10371	0.06608	0.09476	0.01508	0.01297	0.00567	0.00450	0.00146	0.00452	0.00451	0.00380	0.16749
