[name]
unknown

[dist]
# distance from previous block
# <min> <max>
0	52

[block]
# block no. 0 follows, 53 sequences, length 146
# corresponding to MSA columns:
# 52-197
name=unknown_A
#
# <colnr> <probs for GDERKNQSTAVLIFYWHMCP>
#	G	D	E	R	K	N	Q	S	T	A	V	L	I	F	Y	W	H	M	C	P
0	0.00769	0.00549	0.00770	0.00878	0.00988	0.00551	0.00767	0.00988	0.01094	0.01424	0.02506	0.05323	0.02721	0.01364	0.02222	0.00231	0.00456	0.75522	0.00437	0.00440
1	0.01031	0.00981	0.01666	0.45734	0.38606	0.01096	0.01391	0.01334	0.01017	0.01377	0.00872	0.01232	0.00692	0.00454	0.00476	0.00151	0.00605	0.00425	0.00223	0.00635
2	0.00991	0.00850	0.00991	0.00708	0.01133	0.00637	0.00566	0.01203	0.00991	0.01557	0.00850	0.00991	0.00708	0.00354	0.00354	0.00071	0.00354	0.00283	0.00283	0.86124
3	0.00581	0.00421	0.00550	0.00653	0.00690	0.00389	0.00438	0.00667	0.00927	0.01225	0.02787	0.77478	0.08475	0.01478	0.00607	0.00192	0.00275	0.01335	0.00444	0.00389
4	0.00757	0.00542	0.00752	0.00841	0.00952	0.00536	0.00726	0.00978	0.01136	0.01498	0.13332	0.05137	0.02996	0.01272	0.00647	0.00210	0.00410	0.66384	0.00452	0.00442
5	0.00582	0.00416	0.00555	0.00666	0.00693	0.00388	0.00444	0.00666	0.00915	0.01220	0.02634	0.82891	0.03161	0.01497	0.00610	0.00194	0.00277	0.01359	0.00444	0.00388
6	0.01122	0.01272	0.02727	0.01962	0.02412	0.01226	0.73132	0.01505	0.01101	0.01505	0.00943	0.01272	0.00718	0.00433	0.00634	0.00164	0.06442	0.00554	0.00239	0.00636
7	0.86579	0.00924	0.00702	0.00629	0.00924	0.01072	0.00518	0.01405	0.00813	0.02144	0.00666	0.00776	0.00518	0.00444	0.00296	0.00148	0.00370	0.00259	0.00296	0.00518
8	0.01046	0.01046	0.01464	0.01255	0.01255	0.01464	0.01046	0.01150	0.00732	0.01150	0.00627	0.01046	0.00627	0.00837	0.01569	0.00209	0.82328	0.00418	0.00209	0.00523
9	0.01005	0.02173	0.62157	0.01459	0.02101	0.01121	0.16103	0.03421	0.01071	0.01564	0.02843	0.01128	0.00730	0.00460	0.00478	0.00153	0.00709	0.00407	0.00224	0.00691
10	0.00903	0.00850	0.01434	0.82054	0.03292	0.01062	0.01327	0.01221	0.00956	0.01221	0.00850	0.01274	0.00637	0.00478	0.00478	0.00159	0.00637	0.00425	0.00212	0.00531
11	0.01931	0.01156	0.01321	0.01013	0.01391	0.01211	0.00837	0.52041	0.01941	0.30031	0.01405	0.01315	0.00942	0.00580	0.00479	0.00145	0.00484	0.00448	0.00518	0.00813
12	0.00565	0.00484	0.00484	0.00484	0.00646	0.00403	0.00363	0.00686	0.01089	0.01291	0.04842	0.04600	0.80027	0.01210	0.00565	0.00161	0.00242	0.01009	0.00444	0.00403
13	0.01189	0.01027	0.01081	0.00973	0.01243	0.01189	0.00757	0.02540	0.79357	0.01999	0.01945	0.01783	0.01459	0.00648	0.00486	0.00162	0.00378	0.00540	0.00486	0.00757
14	0.01115	0.01265	0.02743	0.06499	0.02542	0.01200	0.74162	0.01514	0.01118	0.01514	0.00960	0.01288	0.00720	0.00407	0.00559	0.00161	0.00796	0.00556	0.00240	0.00638
15	0.00565	0.00484	0.00484	0.00484	0.00646	0.00403	0.00363	0.00686	0.01089	0.01291	0.04842	0.04600	0.80027	0.01210	0.00565	0.00161	0.00242	0.01009	0.00444	0.00403
16	0.01174	0.01127	0.01925	0.05336	0.77885	0.01133	0.01463	0.01459	0.01084	0.01551	0.00898	0.01186	0.00753	0.00427	0.00473	0.00142	0.00570	0.00426	0.00236	0.00750
17	0.00684	0.00508	0.00748	0.00748	0.00826	0.00587	0.00572	0.00841	0.00762	0.01095	0.01299	0.01980	0.01239	0.10084	0.74869	0.00743	0.01214	0.00527	0.00259	0.00416
18	0.01785	0.02278	0.01354	0.01231	0.01478	0.81284	0.00924	0.01909	0.01354	0.01170	0.00739	0.00862	0.00616	0.00493	0.00431	0.00123	0.00862	0.00308	0.00246	0.00554
19	0.00903	0.00850	0.01434	0.82054	0.03292	0.01062	0.01327	0.01221	0.00956	0.01221	0.00850	0.01274	0.00637	0.00478	0.00478	0.00159	0.00637	0.00425	0.00212	0.00531
20	0.00959	0.02472	0.80726	0.01362	0.02069	0.01110	0.01766	0.01514	0.01009	0.01514	0.00858	0.01009	0.00605	0.00454	0.00454	0.00151	0.00706	0.00353	0.00202	0.00706
21	0.86579	0.00924	0.00702	0.00629	0.00924	0.01072	0.00518	0.01405	0.00813	0.02144	0.00666	0.00776	0.00518	0.00444	0.00296	0.00148	0.00370	0.00259	0.00296	0.00518
22	0.01278	0.83490	0.02505	0.00818	0.01227	0.01891	0.00818	0.01431	0.00971	0.01125	0.00664	0.00767	0.00613	0.00409	0.00307	0.00102	0.00511	0.00256	0.00204	0.00613
23	0.00582	0.00416	0.00555	0.00666	0.00693	0.00388	0.00444	0.00666	0.00915	0.01220	0.02634	0.82891	0.03161	0.01497	0.00610	0.00194	0.00277	0.01359	0.00444	0.00388
24	0.00576	0.00440	0.00530	0.00602	0.00677	0.00394	0.00415	0.00673	0.00976	0.01245	0.03408	0.55454	0.30098	0.01397	0.00594	0.00183	0.00265	0.01236	0.00444	0.00394
25	0.00687	0.00460	0.00524	0.00531	0.00533	0.00458	0.00300	0.00693	0.00710	0.00947	0.01584	0.08642	0.01836	0.77554	0.02307	0.00445	0.00451	0.00741	0.00300	0.00296
26	0.01817	0.01339	0.01434	0.01100	0.01482	0.01482	0.00908	0.78627	0.02247	0.03012	0.01148	0.01148	0.00813	0.00574	0.00478	0.00143	0.00526	0.00430	0.00478	0.00813
27	0.01288	0.00846	0.00889	0.00745	0.00977	0.00915	0.00595	0.32882	0.06315	0.02298	0.01415	0.01523	0.01071	0.00569	0.00402	0.00128	0.00356	0.00445	0.45727	0.00615
28	0.01937	0.01146	0.01315	0.01008	0.01386	0.01196	0.00833	0.50576	0.01924	0.31520	0.01419	0.01324	0.00949	0.00580	0.00479	0.00145	0.00482	0.00449	0.00520	0.00813
29	0.01183	0.01136	0.01940	0.02934	0.80221	0.01136	0.01467	0.01467	0.01088	0.01562	0.00899	0.01183	0.00757	0.00426	0.00473	0.00142	0.00568	0.00426	0.00237	0.00757
30	0.01278	0.83490	0.02505	0.00818	0.01227	0.01891	0.00818	0.01431	0.00971	0.01125	0.00664	0.00767	0.00613	0.00409	0.00307	0.00102	0.00511	0.00256	0.00204	0.00613
31	0.01353	0.01329	0.02268	0.01666	0.02080	0.04528	0.47674	0.24323	0.01444	0.01931	0.00990	0.01215	0.00741	0.00484	0.00595	0.00157	0.05723	0.00505	0.00310	0.00683
32	0.01214	0.01146	0.01915	0.02843	0.76312	0.01153	0.01439	0.05297	0.01146	0.01634	0.00911	0.01181	0.00760	0.00433	0.00473	0.00142	0.00566	0.00426	0.00249	0.00760
33	0.00991	0.00850	0.00991	0.00708	0.01133	0.00637	0.00566	0.01203	0.00991	0.01557	0.00850	0.00991	0.00708	0.00354	0.00354	0.00071	0.00354	0.00283	0.00283	0.86124
34	0.01685	0.01892	0.01261	0.01115	0.01369	0.57338	0.00851	0.15627	0.01473	0.01574	0.00910	0.01022	0.00723	0.00515	0.00428	0.00125	0.00726	0.00346	0.10431	0.00588
35	0.00676	0.00489	0.00639	0.00601	0.00714	0.00451	0.00451	0.00902	0.01353	0.01917	0.79969	0.03570	0.04510	0.00977	0.00564	0.00150	0.00225	0.00864	0.00526	0.00451
36	0.00830	0.00415	0.00623	0.00623	0.00623	0.00415	0.00415	0.00623	0.00623	0.00830	0.00830	0.01453	0.00830	0.01660	0.01868	0.86094	0.00415	0.00415	0.00208	0.00208
37	0.00689	0.00497	0.00696	0.00696	0.00756	0.00557	0.00508	0.00805	0.00745	0.01053	0.01336	0.02221	0.01341	0.25871	0.57794	0.02188	0.01036	0.00562	0.00265	0.00384
38	0.01798	0.01329	0.01424	0.01096	0.01475	0.01473	0.00904	0.76317	0.04589	0.02982	0.01172	0.01167	0.00832	0.00576	0.00478	0.00144	0.00521	0.00434	0.00478	0.00811
39	0.00638	0.00501	0.00589	0.00667	0.00722	0.03517	0.00457	0.00741	0.00993	0.01300	0.11188	0.65087	0.09065	0.01380	0.00595	0.00184	0.00292	0.01237	0.00445	0.00403
40	0.01785	0.02278	0.01354	0.01231	0.01478	0.81284	0.00924	0.01909	0.01354	0.01170	0.00739	0.00862	0.00616	0.00493	0.00431	0.00123	0.00862	0.00308	0.00246	0.00554
41	0.86579	0.00924	0.00702	0.00629	0.00924	0.01072	0.00518	0.01405	0.00813	0.02144	0.00666	0.00776	0.00518	0.00444	0.00296	0.00148	0.00370	0.00259	0.00296	0.00518
42	0.00959	0.02472	0.80726	0.01362	0.02069	0.01110	0.01766	0.01514	0.01009	0.01514	0.00858	0.01009	0.00605	0.00454	0.00454	0.00151	0.00706	0.00353	0.00202	0.00706
43	0.00903	0.00850	0.01434	0.82054	0.03292	0.01062	0.01327	0.01221	0.00956	0.01221	0.00850	0.01274	0.00637	0.00478	0.00478	0.00159	0.00637	0.00425	0.00212	0.00531
44	0.00582	0.00416	0.00555	0.00666	0.00693	0.00388	0.00444	0.00666	0.00915	0.01220	0.02634	0.82891	0.03161	0.01497	0.00610	0.00194	0.00277	0.01359	0.00444	0.00388
45	0.86579	0.00924	0.00702	0.00629	0.00924	0.01072	0.00518	0.01405	0.00813	0.02144	0.00666	0.00776	0.00518	0.00444	0.00296	0.00148	0.00370	0.00259	0.00296	0.00518
46	0.01189	0.01027	0.01081	0.00973	0.01243	0.01189	0.00757	0.02540	0.79357	0.01999	0.01945	0.01783	0.01459	0.00648	0.00486	0.00162	0.00378	0.00540	0.00486	0.00757
47	0.00687	0.00495	0.00682	0.00682	0.00737	0.00551	0.00490	0.00798	0.00743	0.01046	0.01359	0.02314	0.01385	0.31400	0.53752	0.00662	0.00995	0.00576	0.00268	0.00379
48	0.01541	0.41458	0.01909	0.01032	0.01357	0.42982	0.00873	0.01678	0.01170	0.01148	0.00703	0.00816	0.00615	0.00452	0.00371	0.00113	0.00693	0.00283	0.00226	0.00583
49	0.86579	0.00924	0.00702	0.00629	0.00924	0.01072	0.00518	0.01405	0.00813	0.02144	0.00666	0.00776	0.00518	0.00444	0.00296	0.00148	0.00370	0.00259	0.00296	0.00518
50	0.01046	0.01046	0.01464	0.01255	0.01255	0.01464	0.01046	0.01150	0.00732	0.01150	0.00627	0.01046	0.00627	0.00837	0.01569	0.00209	0.82328	0.00418	0.00209	0.00523
51	0.00956	0.01043	0.02105	0.01546	0.01931	0.00962	0.54552	0.01272	0.01116	0.01458	0.02154	0.02303	0.25019	0.00650	0.00564	0.00161	0.00633	0.00700	0.00304	0.00571
52	0.86579	0.00924	0.00702	0.00629	0.00924	0.01072	0.00518	0.01405	0.00813	0.02144	0.00666	0.00776	0.00518	0.00444	0.00296	0.00148	0.00370	0.00259	0.00296	0.00518
53	0.02062	0.00795	0.01083	0.00836	0.01192	0.00688	0.00688	0.02249	0.01367	0.76146	0.06260	0.01736	0.01370	0.00613	0.00485	0.00148	0.00397	0.00502	0.00588	0.00793
54	0.00687	0.00485	0.00620	0.00586	0.00701	0.00449	0.00440	0.00908	0.01319	0.01883	0.71650	0.03486	0.07196	0.00957	0.00548	0.00148	0.00226	0.00841	0.06422	0.00449
55	0.00830	0.00415	0.00623	0.00623	0.00623	0.00415	0.00415	0.00623	0.00623	0.00830	0.00830	0.01453	0.00830	0.01660	0.01868	0.86094	0.00415	0.00415	0.00208	0.00208
56	0.00891	0.00445	0.00445	0.00445	0.00557	0.00445	0.00334	0.01114	0.01002	0.01782	0.01559	0.01782	0.01225	0.00557	0.00334	0.00111	0.00223	0.00445	0.85856	0.00445
57	0.00607	0.00450	0.00567	0.00614	0.00691	0.00410	0.00431	0.00740	0.01077	0.01441	0.26115	0.45213	0.17307	0.01291	0.00588	0.00175	0.00256	0.01149	0.00468	0.00410
58	0.01278	0.83490	0.02505	0.00818	0.01227	0.01891	0.00818	0.01431	0.00971	0.01125	0.00664	0.00767	0.00613	0.00409	0.00307	0.00102	0.00511	0.00256	0.00204	0.00613
59	0.00669	0.00488	0.00628	0.00593	0.00709	0.00448	0.00445	0.00887	0.01335	0.01873	0.74775	0.03641	0.09731	0.00993	0.00564	0.00151	0.00227	0.00874	0.00520	0.00448
60	0.01278	0.83490	0.02505	0.00818	0.01227	0.01891	0.00818	0.01431	0.00971	0.01125	0.00664	0.00767	0.00613	0.00409	0.00307	0.00102	0.00511	0.00256	0.00204	0.00613
61	0.00830	0.00415	0.00623	0.00623	0.00623	0.00415	0.00415	0.00623	0.00623	0.00830	0.00830	0.01453	0.00830	0.01660	0.01868	0.86094	0.00415	0.00415	0.00208	0.00208
62	0.01108	0.01427	0.24051	0.01082	0.01472	0.01143	0.01048	0.02189	0.53965	0.01839	0.01652	0.01688	0.01259	0.00616	0.00483	0.00161	0.00475	0.03207	0.00403	0.00731
63	0.01479	0.01171	0.01244	0.01031	0.01353	0.01324	0.00827	0.37685	0.43740	0.02467	0.01577	0.01490	0.01161	0.00614	0.00483	0.00153	0.00446	0.00490	0.00483	0.00783
64	0.01193	0.01019	0.01231	0.24386	0.01867	0.01193	0.00942	0.12649	0.46104	0.01914	0.01519	0.01549	0.01133	0.00589	0.00483	0.00159	0.00473	0.00492	0.00406	0.00699
65	0.01099	0.01050	0.01789	0.26553	0.57256	0.01114	0.01425	0.01394	0.01049	0.01460	0.00884	0.01210	0.00721	0.00441	0.00475	0.00147	0.00589	0.00426	0.00229	0.00690
66	0.00600	0.00426	0.00557	0.00647	0.00678	0.00400	0.00429	0.00685	0.00924	0.01239	0.07869	0.69529	0.03114	0.09531	0.00787	0.00218	0.00292	0.01259	0.00434	0.00383
67	0.00598	0.00491	0.00521	0.00534	0.00678	0.00425	0.00407	0.00723	0.01063	0.01283	0.04335	0.04593	0.65377	0.06892	0.00705	0.00189	0.00281	0.10072	0.00433	0.00400
68	0.01302	0.01083	0.01145	0.00996	0.01286	0.01242	0.00784	0.16266	0.65447	0.02182	0.01801	0.01669	0.01342	0.00635	0.00485	0.00159	0.00405	0.00521	0.00485	0.00767
69	0.84832	0.00922	0.00711	0.00633	0.00930	0.01065	0.00521	0.01424	0.00825	0.03767	0.00691	0.00794	0.00531	0.00447	0.00300	0.00148	0.00370	0.00263	0.00302	0.00524
70	0.08709	0.00997	0.01185	0.00916	0.01284	0.00991	0.00756	0.27630	0.01617	0.48568	0.01544	0.01400	0.01007	0.00574	0.00465	0.00146	0.00443	0.00446	0.00530	0.00790
71	0.86579	0.00924	0.00702	0.00629	0.00924	0.01072	0.00518	0.01405	0.00813	0.02144	0.00666	0.00776	0.00518	0.00444	0.00296	0.00148	0.00370	0.00259	0.00296	0.00518
72	0.01278	0.83490	0.02505	0.00818	0.01227	0.01891	0.00818	0.01431	0.00971	0.01125	0.00664	0.00767	0.00613	0.00409	0.00307	0.00102	0.00511	0.00256	0.00204	0.00613
73	0.00770	0.00550	0.00770	0.00880	0.00990	0.00550	0.00770	0.00990	0.01100	0.01430	0.02531	0.05391	0.02751	0.01320	0.00660	0.00220	0.00440	0.77004	0.00440	0.00440
74	0.01434	0.01333	0.01250	0.01145	0.05258	0.16272	0.00855	0.18495	0.44497	0.02037	0.01498	0.01446	0.01129	0.00592	0.00474	0.00150	0.00510	0.00468	0.00427	0.00731
75	0.01228	0.00944	0.01032	0.00930	0.01186	0.01059	0.00720	0.02333	0.63487	0.10104	0.02007	0.09778	0.01598	0.00726	0.00498	0.00164	0.00371	0.00615	0.00493	0.00726
76	0.01042	0.00950	0.01557	0.09592	0.54284	0.00969	0.01175	0.01261	0.00983	0.01380	0.01038	0.01653	0.00979	0.20067	0.00938	0.00220	0.00549	0.00490	0.00247	0.00626
77	0.00582	0.00442	0.00536	0.00604	0.00679	0.00396	0.00418	0.00685	0.00995	0.01280	0.07489	0.53474	0.27941	0.01377	0.00593	0.00181	0.00263	0.01220	0.00448	0.00396
78	0.00830	0.00415	0.00623	0.00623	0.00623	0.00415	0.00415	0.00623	0.00623	0.00830	0.00830	0.01453	0.00830	0.01660	0.01868	0.86094	0.00415	0.00415	0.00208	0.00208
79	0.01323	0.76532	0.02412	0.00845	0.01248	0.03970	0.00826	0.05961	0.01056	0.01236	0.00695	0.00792	0.00625	0.00421	0.00320	0.00105	0.00521	0.00267	0.00222	0.00623
80	0.00670	0.00484	0.00633	0.00606	0.00713	0.00447	0.00450	0.00886	0.01323	0.01869	0.74622	0.09054	0.04417	0.01013	0.00567	0.00153	0.00229	0.00899	0.00520	0.00447
81	0.00959	0.02472	0.80726	0.01362	0.02069	0.01110	0.01766	0.01514	0.01009	0.01514	0.00858	0.01009	0.00605	0.00454	0.00454	0.00151	0.00706	0.00353	0.00202	0.00706
82	0.01046	0.00900	0.01134	0.05139	0.01279	0.01081	0.02307	0.06984	0.32103	0.01616	0.01393	0.01601	0.01136	0.01507	0.23916	0.00343	0.15054	0.00498	0.00352	0.00611
83	0.86579	0.00924	0.00702	0.00629	0.00924	0.01072	0.00518	0.01405	0.00813	0.02144	0.00666	0.00776	0.00518	0.00444	0.00296	0.00148	0.00370	0.00259	0.00296	0.00518
84	0.01227	0.01050	0.01242	0.03015	0.15281	0.02682	0.00890	0.05303	0.53766	0.04377	0.03246	0.03168	0.01359	0.00620	0.00486	0.00157	0.00429	0.00529	0.00435	0.00739
85	0.01118	0.00809	0.04024	0.00737	0.00962	0.05349	0.00601	0.04789	0.07237	0.16697	0.31036	0.02732	0.14442	0.00819	0.00510	0.00148	0.00344	0.00688	0.06390	0.00567
86	0.00645	0.00592	0.03792	0.00621	0.00772	0.00499	0.00481	0.00885	0.08023	0.01360	0.05879	0.27547	0.44750	0.01209	0.00567	0.00171	0.00283	0.01041	0.00440	0.00444
87	0.27337	0.00868	0.01001	0.00794	0.01142	0.00844	0.00656	0.05124	0.01238	0.54025	0.01492	0.01354	0.00970	0.00547	0.00425	0.00148	0.00400	0.00412	0.00499	0.00725
88	0.01510	0.01212	0.01458	0.01485	0.19359	0.01327	0.00996	0.41313	0.21984	0.02419	0.01298	0.01320	0.00968	0.00559	0.00479	0.00148	0.00497	0.00458	0.00425	0.00786
89	0.00565	0.00484	0.00484	0.00484	0.00646	0.00403	0.00363	0.00686	0.01089	0.01291	0.04842	0.04600	0.80027	0.01210	0.00565	0.00161	0.00242	0.01009	0.00444	0.00403
90	0.01063	0.04289	0.05789	0.00911	0.06663	0.00753	0.00715	0.01297	0.01014	0.04913	0.00890	0.01024	0.00722	0.00377	0.00372	0.00085	0.00398	0.00304	0.00285	0.68137
91	0.01332	0.00801	0.00883	0.00759	0.01000	0.00847	0.00600	0.12745	0.23158	0.16232	0.01668	0.01664	0.01224	0.00591	0.00424	0.00137	0.00343	0.00476	0.34465	0.00651
92	0.01338	0.01455	0.01669	0.05461	0.48137	0.26587	0.01238	0.01569	0.01181	0.01441	0.04771	0.01203	0.00894	0.00477	0.00464	0.00137	0.00647	0.00410	0.00253	0.00668
93	0.01817	0.01339	0.01434	0.01100	0.01482	0.01482	0.00908	0.78627	0.02247	0.03012	0.01148	0.01148	0.00813	0.00574	0.00478	0.00143	0.00526	0.00430	0.00478	0.00813
94	0.01796	0.01282	0.01392	0.01065	0.01449	0.01392	0.00879	0.70106	0.02131	0.07694	0.01178	0.01169	0.00830	0.00564	0.00472	0.00140	0.00510	0.00426	0.00475	0.05048
95	0.00766	0.00508	0.00668	0.00617	0.00745	0.00466	0.00466	0.00989	0.01354	0.06738	0.75182	0.03451	0.04306	0.00953	0.00559	0.00150	0.00237	0.00841	0.00530	0.00473
96	0.00903	0.00850	0.01434	0.82054	0.03292	0.01062	0.01327	0.01221	0.00956	0.01221	0.00850	0.01274	0.00637	0.00478	0.00478	0.00159	0.00637	0.00425	0.00212	0.00531
97	0.01184	0.00999	0.01051	0.00944	0.01208	0.01151	0.00735	0.03983	0.73224	0.02007	0.01907	0.01770	0.01432	0.00642	0.00477	0.00159	0.00372	0.00533	0.05482	0.00739
98	0.01233	0.00697	0.00757	0.00649	0.00852	0.00718	0.00514	0.19595	0.01350	0.10329	0.04750	0.01690	0.01259	0.00582	0.00393	0.00124	0.00314	0.00463	0.53158	0.00571
99	0.01724	0.02159	0.01365	0.01231	0.01459	0.73245	0.00934	0.03135	0.01317	0.01199	0.00736	0.00882	0.00620	0.00523	0.00527	0.00131	0.07691	0.00319	0.00247	0.00556
100	0.00695	0.00463	0.00521	0.00521	0.00521	0.00463	0.00290	0.00695	0.00695	0.00927	0.01506	0.03128	0.01738	0.83203	0.02433	0.00463	0.00463	0.00695	0.00290	0.00290
101	0.01817	0.01339	0.01434	0.01100	0.01482	0.01482	0.00908	0.78627	0.02247	0.03012	0.01148	0.01148	0.00813	0.00574	0.00478	0.00143	0.00526	0.00430	0.00478	0.00813
102	0.00689	0.00487	0.00641	0.00641	0.00682	0.00528	0.00438	0.00772	0.00730	0.01015	0.01397	0.02524	0.01475	0.44744	0.40533	0.00611	0.00858	0.00607	0.00273	0.00356
103	0.01817	0.01339	0.01434	0.01100	0.01482	0.01482	0.00908	0.78627	0.02247	0.03012	0.01148	0.01148	0.00813	0.00574	0.00478	0.00143	0.00526	0.00430	0.00478	0.00813
104	0.86579	0.00924	0.00702	0.00629	0.00924	0.01072	0.00518	0.01405	0.00813	0.02144	0.00666	0.00776	0.00518	0.00444	0.00296	0.00148	0.00370	0.00259	0.00296	0.00518
105	0.01785	0.02278	0.01354	0.01231	0.01478	0.81284	0.00924	0.01909	0.01354	0.01170	0.00739	0.00862	0.00616	0.00493	0.00431	0.00123	0.00862	0.00308	0.00246	0.00554
106	0.01106	0.01254	0.02729	0.01960	0.02425	0.01176	0.75344	0.01496	0.01120	0.01519	0.01034	0.04573	0.00823	0.00447	0.00566	0.00162	0.00785	0.00596	0.00250	0.00634
107	0.02144	0.00813	0.01109	0.00850	0.01220	0.00702	0.00702	0.02329	0.01368	0.80552	0.01886	0.01627	0.01183	0.00592	0.00481	0.00148	0.00407	0.00481	0.00592	0.00813
108	0.02008	0.00940	0.01175	0.00905	0.01265	0.00900	0.00743	0.22414	0.01577	0.57332	0.01678	0.01552	0.01105	0.03440	0.00547	0.00158	0.00440	0.00475	0.00551	0.00795
109	0.00683	0.00512	0.00768	0.00768	0.00853	0.00597	0.00597	0.00853	0.00768	0.01110	0.01280	0.01878	0.01195	0.03585	0.81308	0.00768	0.01280	0.00512	0.00256	0.00427
110	0.01793	0.01327	0.01421	0.01095	0.01473	0.01471	0.00903	0.75692	0.05222	0.02973	0.01178	0.01172	0.00838	0.00577	0.00478	0.00144	0.00520	0.00435	0.00478	0.00811
111	0.01189	0.01027	0.01081	0.00973	0.01243	0.01189	0.00757	0.02540	0.79357	0.01999	0.01945	0.01783	0.01459	0.00648	0.00486	0.00162	0.00378	0.00540	0.00486	0.00757
112	0.01278	0.83490	0.02505	0.00818	0.01227	0.01891	0.00818	0.01431	0.00971	0.01125	0.00664	0.00767	0.00613	0.00409	0.00307	0.00102	0.00511	0.00256	0.00204	0.00613
113	0.01152	0.01073	0.01770	0.23978	0.54193	0.01140	0.01391	0.06735	0.01133	0.01571	0.00903	0.01205	0.00729	0.00450	0.00475	0.00147	0.00583	0.00426	0.00247	0.00700
114	0.02086	0.00880	0.01147	0.00883	0.01252	0.00805	0.00728	0.11396	0.03086	0.69717	0.01799	0.01573	0.01145	0.00591	0.00480	0.00148	0.00420	0.00476	0.00576	0.00812
115	0.00840	0.00670	0.00811	0.00905	0.01024	0.06131	0.00781	0.01054	0.01118	0.01412	0.02407	0.05078	0.02603	0.01263	0.00644	0.00213	0.00469	0.71702	0.00427	0.00448
116	0.57116	0.01247	0.01043	0.00992	0.06611	0.17825	0.04546	0.03004	0.00988	0.01887	0.00721	0.00855	0.00571	0.00453	0.00353	0.00143	0.00511	0.00299	0.00282	0.00554
117	0.01105	0.01221	0.02439	0.01801	0.02149	0.01280	0.56739	0.01424	0.01017	0.01424	0.00872	0.01221	0.00698	0.00525	0.00846	0.00175	0.23699	0.00523	0.00233	0.00610
118	0.01452	0.06393	0.04589	0.01086	0.01415	0.31900	0.04702	0.15904	0.01389	0.01666	0.06322	0.01153	0.00944	0.00513	0.00463	0.00123	0.02640	0.00379	0.00310	0.16660
119	0.01139	0.00685	0.00710	0.00621	0.00805	0.00723	0.00488	0.21859	0.01336	0.02111	0.01449	0.01612	0.01115	0.00561	0.00373	0.00120	0.00304	0.00441	0.63005	0.00544
120	0.01016	0.02459	0.75239	0.01353	0.02028	0.06653	0.01708	0.01541	0.01033	0.01490	0.00850	0.00999	0.00606	0.00457	0.00452	0.00149	0.00717	0.00350	0.00205	0.00696
121	0.00582	0.00416	0.00555	0.00666	0.00693	0.00388	0.00444	0.00666	0.00915	0.01220	0.02634	0.82891	0.03161	0.01497	0.00610	0.00194	0.00277	0.01359	0.00444	0.00388
122	0.00694	0.00465	0.00529	0.00527	0.00535	0.00463	0.00301	0.00709	0.00741	0.00995	0.06930	0.03158	0.01929	0.77518	0.02304	0.00442	0.00447	0.00707	0.00306	0.00301
123	0.00586	0.00474	0.00522	0.00533	0.00665	0.00409	0.00391	0.00719	0.01106	0.01385	0.17135	0.17065	0.54904	0.01218	0.00572	0.00165	0.00245	0.01041	0.00458	0.00409
124	0.00614	0.00556	0.00519	0.00514	0.00679	0.03658	0.00386	0.00735	0.01100	0.01286	0.04677	0.04449	0.76831	0.01182	0.00560	0.00160	0.00267	0.00981	0.00436	0.00410
125	0.01278	0.83490	0.02505	0.00818	0.01227	0.01891	0.00818	0.01431	0.00971	0.01125	0.00664	0.00767	0.00613	0.00409	0.00307	0.00102	0.00511	0.00256	0.00204	0.00613
126	0.00676	0.00489	0.00639	0.00601	0.00714	0.00451	0.00451	0.00902	0.01353	0.01917	0.79969	0.03570	0.04510	0.00977	0.00564	0.00150	0.00225	0.00864	0.00526	0.00451
127	0.00903	0.00850	0.01434	0.82054	0.03292	0.01062	0.01327	0.01221	0.00956	0.01221	0.00850	0.01274	0.00637	0.00478	0.00478	0.00159	0.00637	0.00425	0.00212	0.00531
128	0.01541	0.01768	0.01208	0.01098	0.01342	0.51137	0.00832	0.02047	0.25247	0.01466	0.01165	0.01208	0.00916	0.00545	0.00441	0.00134	0.00669	0.00389	0.06238	0.00609
129	0.01301	0.00651	0.00834	0.00713	0.00962	0.00566	0.00575	0.01484	0.01253	0.35233	0.17157	0.03034	0.20637	0.00870	0.00527	0.00155	0.00334	0.08225	0.00514	0.04975
130	0.01278	0.83490	0.02505	0.00818	0.01227	0.01891	0.00818	0.01431	0.00971	0.01125	0.00664	0.00767	0.00613	0.00409	0.00307	0.00102	0.00511	0.00256	0.00204	0.00613
131	0.01822	0.01233	0.05411	0.01110	0.04601	0.01216	0.00911	0.48843	0.01868	0.24387	0.01322	0.01272	0.00901	0.00562	0.00475	0.00144	0.00500	0.00437	0.00482	0.02504
132	0.06059	0.01272	0.01345	0.01057	0.01418	0.01418	0.00866	0.63488	0.13514	0.02819	0.01240	0.01222	0.00893	0.00578	0.00470	0.00146	0.00496	0.00438	0.00470	0.00789
133	0.00700	0.00593	0.00626	0.00658	0.00775	0.03750	0.00472	0.00958	0.10817	0.01343	0.03311	0.39675	0.32067	0.01242	0.00570	0.00175	0.00300	0.01081	0.00441	0.00447
134	0.06038	0.03598	0.05799	0.01028	0.01418	0.03690	0.00886	0.47782	0.01834	0.21253	0.01257	0.01216	0.00863	0.00558	0.00462	0.00143	0.00510	0.00421	0.00466	0.00779
135	0.01362	0.18040	0.32129	0.01151	0.01651	0.06971	0.01217	0.26377	0.03499	0.01908	0.00933	0.01016	0.00697	0.00492	0.00432	0.00137	0.00612	0.00361	0.00302	0.00713
136	0.01569	0.01108	0.02062	0.01500	0.01933	0.01031	0.43010	0.07114	0.01298	0.32281	0.01336	0.01411	0.00909	0.00488	0.00526	0.00155	0.00632	0.00523	0.00394	0.00722
137	0.01380	0.22388	0.19289	0.01095	0.01523	0.10979	0.03397	0.15817	0.11497	0.05307	0.02299	0.01134	0.00850	0.00508	0.00429	0.00136	0.00582	0.00382	0.00320	0.00690
138	0.01050	0.00848	0.00997	0.00715	0.01137	0.00640	0.00573	0.01261	0.01010	0.05597	0.00903	0.01024	0.00732	0.00366	0.00360	0.00075	0.00357	0.00293	0.00299	0.81761
139	0.00778	0.00642	0.00703	0.00660	0.00838	0.00644	0.00503	0.01285	0.23752	0.01682	0.26433	0.03480	0.34813	0.00979	0.00542	0.00158	0.00276	0.00831	0.00481	0.00520
140	0.00586	0.00424	0.00556	0.00659	0.00698	0.00394	0.00447	0.00676	0.00932	0.01231	0.02784	0.75296	0.08464	0.01473	0.00608	0.00193	0.00279	0.03464	0.00444	0.00391
141	0.00986	0.00935	0.01585	0.58434	0.26257	0.01084	0.01369	0.01295	0.00995	0.01323	0.00864	0.01247	0.00673	0.00462	0.00476	0.00154	0.00616	0.00425	0.00220	0.00598
142	0.00573	0.00451	0.00518	0.00572	0.00669	0.00396	0.00402	0.00676	0.01005	0.01257	0.03773	0.42501	0.42816	0.01349	0.00587	0.00177	0.00259	0.01178	0.00444	0.00396
143	0.01050	0.00902	0.01018	0.00787	0.01166	0.00802	0.00623	0.01602	0.24385	0.01689	0.01177	0.01228	0.00932	0.00442	0.00393	0.00098	0.00361	0.00360	0.00344	0.60640
144	0.00755	0.00541	0.00738	0.00835	0.00940	0.00537	0.00716	0.00954	0.01072	0.01388	0.02578	0.05194	0.06633	0.06975	0.00778	0.00234	0.00432	0.67842	0.00430	0.00428
145	0.05383	0.04457	0.01121	0.01032	0.05765	0.19338	0.02638	0.01586	0.19484	0.01549	0.08640	0.16675	0.02988	0.00751	0.00480	0.00147	0.00479	0.00627	0.00371	0.06489

[dist]
# distance from previous block
# <min> <max>
0	3

[block]
# block no. 1 follows, 53 sequences, length 10
# corresponding to MSA columns:
# 201-210
name=unknown_B
#
# <colnr> <probs for GDERKNQSTAVLIFYWHMCP>
#	G	D	E	R	K	N	Q	S	T	A	V	L	I	F	Y	W	H	M	C	P
0	0.01094	0.01639	0.25817	0.01594	0.02078	0.05584	0.37173	0.01482	0.01055	0.01471	0.00879	0.01133	0.00672	0.00462	0.00605	0.00153	0.08761	0.00449	0.00230	0.07668
1	0.01770	0.01316	0.01408	0.01090	0.01464	0.01460	0.00897	0.72954	0.07997	0.02937	0.01207	0.01195	0.00861	0.00579	0.00479	0.00145	0.00515	0.00439	0.00479	0.00809
2	0.01183	0.01136	0.01940	0.02934	0.80221	0.01136	0.01467	0.01467	0.01088	0.01562	0.00899	0.01183	0.00757	0.00426	0.00473	0.00142	0.00568	0.00426	0.00237	0.00757
3	0.00565	0.00484	0.00484	0.00484	0.00646	0.00403	0.00363	0.00686	0.01089	0.01291	0.04842	0.04600	0.80027	0.01210	0.00565	0.00161	0.00242	0.01009	0.00444	0.00403
4	0.01189	0.01027	0.01081	0.00973	0.01243	0.01189	0.00757	0.02540	0.79357	0.01999	0.01945	0.01783	0.01459	0.00648	0.00486	0.00162	0.00378	0.00540	0.00486	0.00757
5	0.01817	0.01339	0.01434	0.01100	0.01482	0.01482	0.00908	0.78627	0.02247	0.03012	0.01148	0.01148	0.00813	0.00574	0.00478	0.00143	0.00526	0.00430	0.00478	0.00813
6	0.00870	0.00565	0.00787	0.00868	0.00995	0.00555	0.00750	0.01081	0.01113	0.07639	0.02485	0.08656	0.02646	0.01271	0.00644	0.00213	0.00430	0.67514	0.00452	0.00467
7	0.00628	0.00483	0.00722	0.00758	0.00824	0.00451	0.06030	0.00743	0.00959	0.01288	0.07581	0.71853	0.03075	0.01385	0.00604	0.00189	0.00312	0.01269	0.00435	0.00411
8	0.00830	0.00415	0.00623	0.00623	0.00623	0.00415	0.00415	0.00623	0.00623	0.00830	0.00830	0.01453	0.00830	0.01660	0.01868	0.86094	0.00415	0.00415	0.00208	0.00208
9	0.68672	0.00855	0.00711	0.00632	0.00895	0.00963	0.00502	0.01384	0.00841	0.08147	0.00872	0.01152	0.00730	0.11316	0.00591	0.00189	0.00385	0.00333	0.00318	0.00511

[dist]
# distance from previous block
# <min> <max>
0	1

[block]
# block no. 2 follows, 53 sequences, length 22
# corresponding to MSA columns:
# 212-233
name=unknown_C
#
# <colnr> <probs for GDERKNQSTAVLIFYWHMCP>
#	G	D	E	R	K	N	Q	S	T	A	V	L	I	F	Y	W	H	M	C	P
0	0.00598	0.00427	0.00573	0.00683	0.00718	0.00402	0.00471	0.00693	0.00931	0.01238	0.02626	0.76408	0.03127	0.01483	0.00614	0.00196	0.00291	0.07686	0.00443	0.00393
1	0.01278	0.83490	0.02505	0.00818	0.01227	0.01891	0.00818	0.01431	0.00971	0.01125	0.00664	0.00767	0.00613	0.00409	0.00307	0.00102	0.00511	0.00256	0.00204	0.00613
2	0.00974	0.02368	0.73841	0.01420	0.02107	0.01119	0.08546	0.01515	0.01020	0.01515	0.00867	0.01034	0.00616	0.00450	0.00464	0.00152	0.00715	0.00372	0.00205	0.00701
3	0.01242	0.01137	0.01105	0.00996	0.01264	0.08267	0.00771	0.02484	0.72464	0.01926	0.01839	0.01702	0.01384	0.00635	0.00481	0.00159	0.00421	0.00520	0.00465	0.00739
4	0.00605	0.00486	0.00540	0.00526	0.00670	0.00421	0.00395	0.00764	0.01185	0.01517	0.31963	0.04228	0.52765	0.01126	0.00564	0.00157	0.00236	0.00957	0.00474	0.00421
5	0.00565	0.00484	0.00484	0.00484	0.00646	0.00403	0.00363	0.00686	0.01089	0.01291	0.04842	0.04600	0.80027	0.01210	0.00565	0.00161	0.00242	0.01009	0.00444	0.00403
6	0.01189	0.01027	0.01081	0.00973	0.01243	0.01189	0.00757	0.02540	0.79357	0.01999	0.01945	0.01783	0.01459	0.00648	0.00486	0.00162	0.00378	0.00540	0.00486	0.00757
7	0.86579	0.00924	0.00702	0.00629	0.00924	0.01072	0.00518	0.01405	0.00813	0.02144	0.00666	0.00776	0.00518	0.00444	0.00296	0.00148	0.00370	0.00259	0.00296	0.00518
8	0.01046	0.01046	0.01464	0.01255	0.01255	0.01464	0.01046	0.01150	0.00732	0.01150	0.00627	0.01046	0.00627	0.00837	0.01569	0.00209	0.82328	0.00418	0.00209	0.00523
9	0.01102	0.35164	0.42551	0.01196	0.01764	0.01434	0.07799	0.01482	0.01004	0.01358	0.00789	0.00934	0.00619	0.00432	0.00404	0.00132	0.00636	0.00331	0.00206	0.00664
10	0.01708	0.06697	0.01399	0.01182	0.01444	0.67305	0.00903	0.04650	0.07889	0.01302	0.00850	0.00944	0.00693	0.00504	0.00430	0.00126	0.00790	0.00329	0.00272	0.00584
11	0.86579	0.00924	0.00702	0.00629	0.00924	0.01072	0.00518	0.01405	0.00813	0.02144	0.00666	0.00776	0.00518	0.00444	0.00296	0.00148	0.00370	0.00259	0.00296	0.00518
12	0.01436	0.01427	0.01607	0.01288	0.01607	0.21698	0.19466	0.24162	0.08401	0.01875	0.01253	0.11209	0.01087	0.00632	0.00504	0.00150	0.00636	0.00555	0.00358	0.00649
13	0.00581	0.00474	0.00515	0.00538	0.00671	0.00408	0.00398	0.00703	0.01068	0.01308	0.07287	0.19180	0.59703	0.01259	0.00577	0.00169	0.00256	0.04056	0.00447	0.00404
14	0.01626	0.01000	0.01304	0.24688	0.01909	0.01078	0.00952	0.25790	0.05897	0.28779	0.01356	0.01383	0.00924	0.00556	0.00479	0.00151	0.00510	0.00452	0.00439	0.00727
15	0.00679	0.00550	0.00581	0.00560	0.00725	0.00496	0.00422	0.07218	0.01189	0.01473	0.09603	0.11158	0.61315	0.01166	0.00562	0.00162	0.00268	0.00981	0.00452	0.00440
16	0.00794	0.00439	0.00659	0.00659	0.00680	0.00460	0.00460	0.00680	0.00659	0.00899	0.00941	0.01558	0.00920	0.02135	0.21462	0.65048	0.00628	0.00439	0.00220	0.00262
17	0.01278	0.83490	0.02505	0.00818	0.01227	0.01891	0.00818	0.01431	0.00971	0.01125	0.00664	0.00767	0.00613	0.00409	0.00307	0.00102	0.00511	0.00256	0.00204	0.00613
18	0.00644	0.00499	0.00593	0.00626	0.00731	0.00468	0.00451	0.00863	0.06909	0.01434	0.17615	0.36190	0.26909	0.01245	0.00580	0.00174	0.00268	0.02905	0.00462	0.00433
19	0.00903	0.00850	0.01434	0.82054	0.03292	0.01062	0.01327	0.01221	0.00956	0.01221	0.00850	0.01274	0.00637	0.00478	0.00478	0.00159	0.00637	0.00425	0.00212	0.00531
20	0.01280	0.00877	0.01341	0.01710	0.33126	0.00862	0.01036	0.01588	0.06017	0.19750	0.01685	0.02597	0.01502	0.00749	0.00532	0.00168	0.00480	0.23630	0.00396	0.00674
21	0.54107	0.00813	0.00757	0.00660	0.00929	0.00878	0.00535	0.01454	0.01021	0.15299	0.17723	0.01513	0.01478	0.00582	0.00384	0.00148	0.00345	0.00425	0.00395	0.00553

[dist]
# distance from previous block
# <min> <max>
0	1

[block]
# block no. 3 follows, 53 sequences, length 145
# corresponding to MSA columns:
# 235-379
name=unknown_D
#
# <colnr> <probs for GDERKNQSTAVLIFYWHMCP>
#	G	D	E	R	K	N	Q	S	T	A	V	L	I	F	Y	W	H	M	C	P
0	0.01116	0.01067	0.01819	0.21858	0.61821	0.01118	0.01434	0.01408	0.01057	0.01480	0.00887	0.01205	0.00728	0.00438	0.00474	0.00146	0.00584	0.00426	0.00231	0.00703
1	0.00871	0.01856	0.55849	0.01126	0.01648	0.00905	0.01357	0.01324	0.01116	0.01639	0.25431	0.01805	0.01818	0.00617	0.00488	0.00151	0.00557	0.00512	0.00303	0.00627
2	0.00629	0.00464	0.00588	0.00606	0.00697	0.00423	0.00436	0.00792	0.01169	0.01593	0.43212	0.30126	0.15131	0.01185	0.00579	0.00167	0.00245	0.01050	0.00487	0.00423
3	0.01605	0.27468	0.01700	0.01093	0.01387	0.54956	0.00884	0.01738	0.01223	0.01154	0.00727	0.00853	0.00627	0.00530	0.02063	0.00130	0.00762	0.00296	0.00233	0.00570
4	0.01817	0.01339	0.01434	0.01100	0.01482	0.01482	0.00908	0.78627	0.02247	0.03012	0.01148	0.01148	0.00813	0.00574	0.00478	0.00143	0.00526	0.00430	0.00478	0.00813
5	0.27360	0.00624	0.00659	0.00610	0.00779	0.00644	0.00472	0.01058	0.01185	0.01987	0.55335	0.02702	0.03270	0.00811	0.00481	0.00150	0.00270	0.00676	0.00455	0.00472
6	0.01591	0.01760	0.01329	0.04078	0.05956	0.47015	0.00919	0.14545	0.10122	0.01617	0.03719	0.03197	0.00948	0.00561	0.00458	0.00136	0.00692	0.00410	0.00324	0.00622
7	0.01261	0.79286	0.06564	0.00846	0.01270	0.01851	0.00867	0.01435	0.00973	0.01145	0.00675	0.00779	0.00613	0.00411	0.00314	0.00105	0.00521	0.00261	0.00204	0.00618
8	0.01046	0.01046	0.01464	0.01255	0.01255	0.01464	0.01046	0.01150	0.00732	0.01150	0.00627	0.01046	0.00627	0.00837	0.01569	0.00209	0.82328	0.00418	0.00209	0.00523
9	0.01287	0.01039	0.01109	0.00976	0.01260	0.01185	0.00765	0.08292	0.69378	0.06245	0.01882	0.01727	0.01395	0.00640	0.00485	0.00160	0.00391	0.00529	0.00491	0.00764
10	0.16963	0.03326	0.01066	0.00823	0.01153	0.00826	0.00684	0.04054	0.01245	0.54809	0.01635	0.03262	0.01148	0.00621	0.00477	0.00152	0.02098	0.04431	0.00506	0.00721
11	0.39226	0.01090	0.00940	0.02437	0.01118	0.10567	0.00653	0.18469	0.01296	0.02139	0.13998	0.01455	0.03656	0.00590	0.00408	0.00145	0.00441	0.00429	0.00371	0.00573
12	0.00565	0.00484	0.00484	0.00484	0.00646	0.00403	0.00363	0.00686	0.01089	0.01291	0.04842	0.04600	0.80027	0.01210	0.00565	0.00161	0.00242	0.01009	0.00444	0.00403
13	0.01563	0.01851	0.01395	0.01224	0.01493	0.53216	0.07245	0.02015	0.20645	0.01410	0.01093	0.01218	0.00877	0.00541	0.00460	0.00138	0.00729	0.01966	0.00309	0.00609
14	0.01278	0.83490	0.02505	0.00818	0.01227	0.01891	0.00818	0.01431	0.00971	0.01125	0.00664	0.00767	0.00613	0.00409	0.00307	0.00102	0.00511	0.00256	0.00204	0.00613
15	0.00770	0.00550	0.00770	0.00880	0.00990	0.00550	0.00770	0.00990	0.01100	0.01430	0.02531	0.05391	0.02751	0.01320	0.00660	0.00220	0.00440	0.77004	0.00440	0.00440
16	0.01128	0.01289	0.02820	0.02015	0.02498	0.01209	0.78485	0.01531	0.01128	0.01531	0.00967	0.01289	0.00725	0.00403	0.00564	0.00161	0.00806	0.00564	0.00242	0.00645
17	0.00687	0.00491	0.00675	0.00785	0.00859	0.00479	0.00626	0.00847	0.01018	0.01337	0.02577	0.39671	0.02932	0.01399	0.00638	0.00209	0.00368	0.43545	0.00442	0.00417
18	0.01675	0.01318	0.01347	0.01071	0.01408	0.07869	0.00872	0.61851	0.04346	0.02630	0.01152	0.01221	0.00857	0.00888	0.09040	0.00209	0.00629	0.00432	0.00436	0.00749
19	0.01339	0.01187	0.01713	0.08797	0.46408	0.04244	0.01265	0.18741	0.01331	0.03700	0.00951	0.01172	0.00756	0.00496	0.00543	0.00147	0.05762	0.00423	0.00296	0.00730
20	0.01278	0.83490	0.02505	0.00818	0.01227	0.01891	0.00818	0.01431	0.00971	0.01125	0.00664	0.00767	0.00613	0.00409	0.00307	0.00102	0.00511	0.00256	0.00204	0.00613
21	0.79716	0.00891	0.00699	0.00636	0.00917	0.01028	0.00526	0.01375	0.00834	0.02097	0.00787	0.01044	0.00653	0.00492	0.00316	0.00151	0.00369	0.04247	0.02709	0.00512
22	0.01189	0.01027	0.01081	0.00973	0.01243	0.01189	0.00757	0.02540	0.79357	0.01999	0.01945	0.01783	0.01459	0.00648	0.00486	0.00162	0.00378	0.00540	0.00486	0.00757
23	0.00770	0.00550	0.00770	0.00880	0.00990	0.00550	0.00770	0.00990	0.01100	0.01430	0.02531	0.05391	0.02751	0.01320	0.00660	0.00220	0.00440	0.77004	0.00440	0.00440
24	0.00688	0.00460	0.00523	0.00531	0.00532	0.00459	0.00300	0.00693	0.00709	0.00946	0.01579	0.08287	0.01830	0.77917	0.02315	0.00446	0.00451	0.00738	0.00300	0.00296
25	0.00669	0.00488	0.00629	0.00594	0.00710	0.00448	0.00445	0.00888	0.01336	0.01877	0.75200	0.03636	0.09304	0.00992	0.00564	0.00151	0.00227	0.00874	0.00521	0.00448
26	0.01396	0.01113	0.01180	0.00997	0.01300	0.01263	0.00793	0.28913	0.49629	0.02343	0.01654	0.01562	0.01226	0.00619	0.00478	0.00154	0.00424	0.00499	0.03694	0.00764
27	0.02057	0.00954	0.01196	0.00917	0.01290	0.00912	0.00758	0.22793	0.01604	0.59755	0.01688	0.01498	0.01084	0.00587	0.00480	0.00147	0.00439	0.00467	0.00561	0.00813
28	0.01798	0.01321	0.01414	0.01087	0.01464	0.01461	0.00897	0.77065	0.02222	0.02987	0.01156	0.01160	0.00821	0.00573	0.00475	0.00143	0.00520	0.00431	0.02199	0.00805
29	0.01169	0.01122	0.01915	0.06810	0.76452	0.01132	0.01460	0.01455	0.01082	0.01545	0.00897	0.01187	0.00751	0.00428	0.00473	0.00143	0.00571	0.00426	0.00235	0.00746
30	0.01278	0.83490	0.02505	0.00818	0.01227	0.01891	0.00818	0.01431	0.00971	0.01125	0.00664	0.00767	0.00613	0.00409	0.00307	0.00102	0.00511	0.00256	0.00204	0.00613
31	0.01210	0.00947	0.00967	0.00865	0.01108	0.03723	0.00673	0.06136	0.52252	0.04867	0.01774	0.01713	0.01334	0.00617	0.00450	0.00148	0.00368	0.00503	0.19660	0.00685
32	0.01400	0.01131	0.01199	0.01015	0.01323	0.01287	0.00808	0.28069	0.53485	0.02339	0.01678	0.01570	0.01242	0.00623	0.00484	0.00156	0.00428	0.00503	0.00484	0.00775
33	0.02124	0.00847	0.01130	0.00866	0.01237	0.00752	0.00716	0.07152	0.01424	0.75651	0.01839	0.01597	0.01160	0.00590	0.00480	0.00148	0.00414	0.00477	0.00584	0.00813
34	0.01183	0.01136	0.01940	0.02934	0.80221	0.01136	0.01467	0.01467	0.01088	0.01562	0.00899	0.01183	0.00757	0.00426	0.00473	0.00142	0.00568	0.00426	0.00237	0.00757
35	0.00582	0.00416	0.00555	0.00666	0.00693	0.00388	0.00444	0.00666	0.00915	0.01220	0.02634	0.82891	0.03161	0.01497	0.00610	0.00194	0.00277	0.01359	0.00444	0.00388
36	0.00695	0.00463	0.00521	0.00521	0.00521	0.00463	0.00290	0.00695	0.00695	0.00927	0.01506	0.03128	0.01738	0.83203	0.02433	0.00463	0.00463	0.00695	0.00290	0.00290
37	0.01278	0.83490	0.02505	0.00818	0.01227	0.01891	0.00818	0.01431	0.00971	0.01125	0.00664	0.00767	0.00613	0.00409	0.00307	0.00102	0.00511	0.00256	0.00204	0.00613
38	0.01840	0.01302	0.01412	0.01082	0.01464	0.01428	0.00894	0.73284	0.02186	0.08442	0.01199	0.01181	0.00839	0.00575	0.00478	0.00144	0.00518	0.00434	0.00486	0.00813
39	0.01035	0.21918	0.61951	0.01232	0.01867	0.01298	0.01538	0.01494	0.01000	0.01420	0.00811	0.00951	0.00607	0.00443	0.00419	0.00140	0.00660	0.00330	0.00202	0.00684
40	0.01742	0.01302	0.01392	0.01085	0.01454	0.01447	0.00890	0.69592	0.11404	0.02892	0.01242	0.01223	0.00890	0.00583	0.00479	0.00146	0.00508	0.00443	0.00479	0.00806
41	0.00582	0.00416	0.00555	0.00666	0.00693	0.00388	0.00444	0.00666	0.00915	0.01220	0.02634	0.82891	0.03161	0.01497	0.00610	0.00194	0.00277	0.01359	0.00444	0.00388
42	0.00772	0.00557	0.00764	0.00851	0.00966	0.00558	0.00733	0.01027	0.03492	0.01504	0.11448	0.05072	0.02915	0.01260	0.00644	0.00210	0.00413	0.65911	0.00451	0.00451
43	0.00898	0.00484	0.00470	0.00471	0.00582	0.02195	0.00351	0.01113	0.01007	0.01746	0.01584	0.04975	0.01289	0.00593	0.00347	0.00115	0.00239	0.00479	0.80617	0.00446
44	0.00582	0.00416	0.00555	0.00666	0.00693	0.00388	0.00444	0.00666	0.00915	0.01220	0.02634	0.82891	0.03161	0.01497	0.00610	0.00194	0.00277	0.01359	0.00444	0.00388
45	0.01183	0.01136	0.01940	0.02934	0.80221	0.01136	0.01467	0.01467	0.01088	0.01562	0.00899	0.01183	0.00757	0.00426	0.00473	0.00142	0.00568	0.00426	0.00237	0.00757
46	0.01256	0.01026	0.01135	0.00995	0.01279	0.01165	0.02838	0.03790	0.71237	0.06756	0.01902	0.01750	0.01412	0.00637	0.00488	0.00161	0.00394	0.00536	0.00486	0.00758
47	0.00685	0.00503	0.00722	0.00722	0.00791	0.00572	0.00540	0.00824	0.00754	0.01075	0.01323	0.02112	0.01297	0.18521	0.66512	0.00711	0.01127	0.00546	0.00262	0.00401
48	0.01183	0.01136	0.01940	0.02934	0.80221	0.01136	0.01467	0.01467	0.01088	0.01562	0.00899	0.01183	0.00757	0.00426	0.00473	0.00142	0.00568	0.00426	0.00237	0.00757
49	0.01189	0.01027	0.01081	0.00973	0.01243	0.01189	0.00757	0.02540	0.79357	0.01999	0.01945	0.01783	0.01459	0.00648	0.00486	0.00162	0.00378	0.00540	0.00486	0.00757
50	0.00959	0.02472	0.80726	0.01362	0.02069	0.01110	0.01766	0.01514	0.01009	0.01514	0.00858	0.01009	0.00605	0.00454	0.00454	0.00151	0.00706	0.00353	0.00202	0.00706
51	0.00903	0.00850	0.01434	0.82054	0.03292	0.01062	0.01327	0.01221	0.00956	0.01221	0.00850	0.01274	0.00637	0.00478	0.00478	0.00159	0.00637	0.00425	0.00212	0.00531
52	0.00994	0.00860	0.01016	0.00736	0.01139	0.00680	0.00591	0.01201	0.00978	0.01536	0.00838	0.00994	0.00704	0.00379	0.00417	0.00078	0.04619	0.00290	0.00279	0.81670
53	0.00676	0.00489	0.00639	0.00601	0.00714	0.00451	0.00451	0.00902	0.01353	0.01917	0.79969	0.03570	0.04510	0.00977	0.00564	0.00150	0.00225	0.00864	0.00526	0.00451
54	0.01785	0.02278	0.01354	0.01231	0.01478	0.81284	0.00924	0.01909	0.01354	0.01170	0.00739	0.00862	0.00616	0.00493	0.00431	0.00123	0.00862	0.00308	0.00246	0.00554
55	0.01817	0.01339	0.01434	0.01100	0.01482	0.01482	0.00908	0.78627	0.02247	0.03012	0.01148	0.01148	0.00813	0.00574	0.00478	0.00143	0.00526	0.00430	0.00478	0.00813
56	0.02144	0.00813	0.01109	0.00850	0.01220	0.00702	0.00702	0.02329	0.01368	0.80552	0.01886	0.01627	0.01183	0.00592	0.00481	0.00148	0.00407	0.00481	0.00592	0.00813
57	0.01864	0.00818	0.01030	0.00809	0.01132	0.00763	0.00662	0.12724	0.01422	0.54980	0.01722	0.01589	0.01139	0.00583	0.00453	0.00140	0.00389	0.00467	0.16571	0.00744
58	0.00569	0.00483	0.00490	0.00491	0.00649	0.00405	0.00367	0.00692	0.01094	0.01309	0.07070	0.05990	0.76352	0.01209	0.00566	0.00162	0.00242	0.01011	0.00446	0.00405
59	0.01817	0.01339	0.01434	0.01100	0.01482	0.01482	0.00908	0.78627	0.02247	0.03012	0.01148	0.01148	0.00813	0.00574	0.00478	0.00143	0.00526	0.00430	0.00478	0.00813
