[name]
unknown

[dist]
# distance from previous block
# <min> <max>
0	77

[block]
# block no. 0 follows, 46 sequences, length 26
# corresponding to MSA columns:
# 113-138
name=unknown_A
#
# <colnr> <probs for GDERKNQSTAVLIFYWHMCP>
#	G	D	E	R	K	N	Q	S	T	A	V	L	I	F	Y	W	H	M	C	P
0	0.00852	0.00608	0.00852	0.00974	0.01095	0.00608	0.00852	0.01095	0.01217	0.01582	0.02799	0.05963	0.03042	0.01460	0.00730	0.00243	0.00487	0.74565	0.00487	0.00487
1	0.01096	0.00940	0.01096	0.00783	0.01253	0.00705	0.00626	0.01331	0.01096	0.01723	0.00940	0.01096	0.00783	0.00392	0.00392	0.00078	0.00392	0.00313	0.00313	0.84653
2	0.00662	0.00501	0.00607	0.00683	0.00769	0.00455	0.00484	0.00777	0.01082	0.01380	0.03648	0.45512	0.27962	0.05515	0.00764	0.00220	0.00320	0.07745	0.00482	0.00435
3	0.00700	0.00533	0.00584	0.00571	0.00728	0.00467	0.00429	0.00881	0.01286	0.01697	0.27440	0.04420	0.47581	0.01186	0.00599	0.00169	0.00260	0.01003	0.09000	0.00467
4	0.00718	0.00531	0.00670	0.00651	0.00775	0.00483	0.00482	0.00933	0.01401	0.01931	0.58601	0.11932	0.16573	0.01180	0.00629	0.00173	0.00258	0.01037	0.00558	0.00483
5	0.00666	0.00543	0.00595	0.00610	0.00772	0.00471	0.00471	0.00823	0.01227	0.01510	0.11684	0.07577	0.59095	0.01341	0.00640	0.00187	0.00295	0.10537	0.00499	0.00456
6	0.01345	0.01031	0.01109	0.00960	0.01235	0.01146	0.00756	0.19725	0.36691	0.02427	0.13152	0.02100	0.01908	0.00736	0.00523	0.00164	0.00406	0.00606	0.13232	0.00749
7	0.85155	0.01022	0.00777	0.00695	0.01022	0.01186	0.00573	0.01554	0.00900	0.02372	0.00736	0.00859	0.00573	0.00491	0.00327	0.00164	0.00409	0.00286	0.00327	0.00573
8	0.00706	0.00478	0.00604	0.00688	0.00743	0.00458	0.00470	0.00825	0.01017	0.01424	0.02729	0.56543	0.07261	0.05300	0.05493	0.00251	0.00372	0.01239	0.12961	0.00437
9	0.01096	0.00940	0.01096	0.00783	0.01253	0.00705	0.00626	0.01331	0.01096	0.01723	0.00940	0.01096	0.00783	0.00392	0.00392	0.00078	0.00392	0.00313	0.00313	0.84653
10	0.03899	0.01159	0.01367	0.07781	0.01637	0.05094	0.00911	0.24022	0.01745	0.44342	0.01655	0.01548	0.01089	0.00629	0.00523	0.00162	0.00535	0.00495	0.00555	0.00851
11	0.02010	0.01481	0.01587	0.01216	0.01639	0.01639	0.01005	0.76360	0.02486	0.03332	0.01269	0.01269	0.00899	0.00635	0.00529	0.00159	0.00582	0.00476	0.00529	0.00899
12	0.76609	0.00966	0.00760	0.00699	0.00997	0.01109	0.00564	0.01471	0.00911	0.02269	0.00956	0.08971	0.00868	0.00609	0.00362	0.00169	0.00399	0.00409	0.00344	0.00558
13	0.01308	0.01256	0.02146	0.03245	0.78123	0.01256	0.01622	0.01622	0.01204	0.01727	0.00994	0.01308	0.00837	0.00471	0.00523	0.00157	0.00628	0.00471	0.00262	0.00837
14	0.01700	0.01327	0.01412	0.01154	0.01522	0.01495	0.00930	0.43616	0.35734	0.02833	0.01662	0.01582	0.01217	0.00671	0.00533	0.00168	0.00509	0.00530	0.00533	0.00871
15	0.01363	0.01145	0.01355	0.10272	0.08311	0.01306	0.00989	0.08466	0.53863	0.04209	0.01840	0.01789	0.01377	0.00666	0.00535	0.00175	0.00483	0.00561	0.00482	0.00815
16	0.00998	0.00940	0.01586	0.80150	0.03641	0.01175	0.01468	0.01351	0.01057	0.01351	0.00940	0.01409	0.00705	0.00529	0.00529	0.00176	0.00705	0.00470	0.00235	0.00587
17	0.02284	0.00951	0.01242	0.00956	0.01357	0.00863	0.00789	0.10757	0.01608	0.67500	0.01982	0.01746	0.01265	0.00651	0.00526	0.00162	0.00458	0.00524	0.03496	0.00886
18	0.01171	0.01176	0.06430	0.32564	0.19209	0.04286	0.08658	0.01488	0.01145	0.05737	0.01250	0.10719	0.01101	0.00653	0.00572	0.00175	0.02102	0.00600	0.00298	0.00666
19	0.01182	0.05485	0.40925	0.01783	0.02435	0.01322	0.33742	0.03732	0.01208	0.01710	0.01000	0.01242	0.00733	0.00479	0.00548	0.00170	0.00814	0.00488	0.00251	0.00751
20	0.00647	0.00472	0.00609	0.00711	0.00762	0.00434	0.00482	0.00751	0.01055	0.01394	0.06653	0.69410	0.11482	0.01596	0.00667	0.00209	0.00300	0.01436	0.00495	0.00434
21	0.01264	0.01431	0.13434	0.18692	0.19294	0.01233	0.25686	0.01659	0.01188	0.07434	0.01076	0.01373	0.00806	0.00504	0.00583	0.00172	0.02642	0.00513	0.00281	0.00735
22	0.01375	0.27252	0.19646	0.01745	0.21095	0.06013	0.04336	0.05109	0.01215	0.03485	0.00924	0.01108	0.00748	0.00503	0.00503	0.00148	0.03388	0.00393	0.00263	0.00752
23	0.00849	0.00686	0.00948	0.00898	0.00942	0.00837	0.00679	0.00967	0.00823	0.01186	0.01361	0.04649	0.01405	0.24248	0.37973	0.00594	0.19586	0.00626	0.00288	0.00454
24	0.00755	0.00511	0.00589	0.00598	0.00609	0.00511	0.00349	0.00773	0.00802	0.01069	0.01852	0.09179	0.04171	0.70111	0.05599	0.00495	0.00527	0.00825	0.00336	0.00338
25	0.01161	0.01633	0.31473	0.07040	0.03736	0.01079	0.03409	0.05874	0.13107	0.06253	0.13926	0.04039	0.03577	0.00697	0.00544	0.00171	0.00576	0.00590	0.00389	0.00725

[dist]
# distance from previous block
# <min> <max>
0	1

[block]
# block no. 1 follows, 46 sequences, length 100
# corresponding to MSA columns:
# 140-239
name=unknown_B
#
# <colnr> <probs for GDERKNQSTAVLIFYWHMCP>
#	G	D	E	R	K	N	Q	S	T	A	V	L	I	F	Y	W	H	M	C	P
0	0.09014	0.10051	0.26590	0.01382	0.06478	0.08009	0.04906	0.15367	0.01414	0.07860	0.01110	0.03553	0.00855	0.00565	0.00487	0.00158	0.00660	0.00442	0.00339	0.00758
1	0.15727	0.01046	0.01594	0.28681	0.33271	0.01150	0.01295	0.01448	0.01089	0.01683	0.01130	0.06211	0.02360	0.00583	0.00502	0.00169	0.00590	0.00514	0.00282	0.00674
2	0.48708	0.04469	0.05268	0.01396	0.17339	0.09473	0.03265	0.01639	0.01055	0.02023	0.00820	0.00993	0.00656	0.00490	0.00403	0.00158	0.00552	0.00346	0.00297	0.00651
3	0.15765	0.01090	0.01648	0.13918	0.45185	0.01143	0.01283	0.01476	0.01129	0.01751	0.01419	0.01659	0.09214	0.00578	0.00501	0.00163	0.00562	0.00509	0.00294	0.00711
4	0.01203	0.01032	0.01479	0.08829	0.29035	0.01038	0.01089	0.01718	0.16656	0.04893	0.03783	0.07953	0.03170	0.00653	0.00522	0.00155	0.00498	0.00584	0.00374	0.15337
5	0.00748	0.00540	0.00707	0.00665	0.00790	0.00499	0.00499	0.00998	0.01496	0.02120	0.77844	0.03949	0.04988	0.01081	0.00624	0.00166	0.00249	0.00956	0.00582	0.00499
6	0.01112	0.01091	0.01533	0.01328	0.01338	0.01512	0.01101	0.01236	0.00814	0.01267	0.00775	0.01260	0.00764	0.01265	0.10419	0.00301	0.71608	0.00474	0.00237	0.00566
7	0.00691	0.00554	0.00674	0.03902	0.00882	0.00534	0.00516	0.00822	0.01116	0.01432	0.10606	0.30789	0.34446	0.05864	0.00806	0.00211	0.04079	0.01158	0.00467	0.00450
8	0.00683	0.00532	0.00620	0.00611	0.00753	0.00469	0.00453	0.00867	0.01323	0.01739	0.38435	0.10614	0.38513	0.01246	0.00628	0.00176	0.00262	0.01073	0.00533	0.00469
9	0.01983	0.01467	0.01571	0.01211	0.01629	0.01627	0.00998	0.73524	0.05365	0.03289	0.01303	0.01296	0.00927	0.00638	0.00529	0.00159	0.00575	0.00481	0.00529	0.00897
10	0.01060	0.02735	0.78682	0.01507	0.02288	0.01228	0.01953	0.01674	0.01116	0.01674	0.00949	0.01116	0.00670	0.00502	0.00502	0.00167	0.00781	0.00391	0.00223	0.00781
11	0.01943	0.02184	0.03755	0.03811	0.01650	0.60924	0.01013	0.02100	0.01452	0.12401	0.01010	0.01113	0.00778	0.00595	0.00532	0.02536	0.00854	0.00377	0.00323	0.00648
12	0.01150	0.18941	0.32301	0.05939	0.12564	0.01332	0.04843	0.03312	0.01181	0.01617	0.05265	0.01562	0.06646	0.00581	0.00493	0.00156	0.00644	0.00479	0.00278	0.00716
13	0.01659	0.00791	0.00964	0.00796	0.01079	0.00754	0.00641	0.07377	0.03148	0.36819	0.02295	0.02212	0.11013	0.00738	0.00533	0.00156	0.02812	0.00590	0.24909	0.00713
14	0.00707	0.00534	0.00603	0.00586	0.00737	0.00472	0.00439	0.00899	0.01318	0.01762	0.35136	0.04345	0.41011	0.01169	0.00602	0.00169	0.00258	0.00996	0.07786	0.00472
15	0.01285	0.01081	0.05886	0.10609	0.11407	0.00883	0.03089	0.01568	0.01182	0.12593	0.03379	0.01355	0.00973	0.00484	0.00464	0.00123	0.00500	0.00415	0.00347	0.42379
16	0.01407	0.01277	0.01777	0.15946	0.41176	0.10267	0.01357	0.04008	0.01276	0.08298	0.03579	0.03668	0.01045	0.00572	0.00549	0.00162	0.02067	0.00506	0.00317	0.00748
17	0.02158	0.01097	0.01369	0.01062	0.01440	0.01109	0.00878	0.24666	0.01745	0.49192	0.01720	0.01584	0.01132	0.00672	0.00635	0.00168	0.07412	0.00509	0.00580	0.00872
18	0.50492	0.01065	0.05865	0.00893	0.04206	0.04572	0.00704	0.01377	0.00983	0.01985	0.01331	0.21777	0.01356	0.00797	0.00444	0.00176	0.00440	0.00620	0.00358	0.00561
19	0.00753	0.00530	0.00645	0.00645	0.00698	0.00545	0.00427	0.00830	0.00857	0.01161	0.02067	0.03237	0.11393	0.47252	0.23704	0.00552	0.00725	0.00748	0.02848	0.00384
20	0.26701	0.04798	0.23084	0.04060	0.01545	0.01139	0.01072	0.03784	0.01096	0.09375	0.01167	0.08051	0.00977	0.00643	0.00535	0.00168	0.05713	0.00475	0.02314	0.03302
21	0.01211	0.01132	0.01896	0.02796	0.64679	0.01124	0.01427	0.01514	0.01255	0.01795	0.14355	0.01767	0.01559	0.00577	0.00541	0.00159	0.00562	0.00555	0.00317	0.00779
22	0.01841	0.02281	0.01578	0.06217	0.10547	0.65726	0.01117	0.02010	0.01438	0.01347	0.00845	0.01021	0.00700	0.00535	0.00485	0.00141	0.00901	0.00363	0.00269	0.00637
23	0.01491	0.15582	0.33177	0.01249	0.01799	0.06525	0.02602	0.14384	0.01435	0.11324	0.04713	0.01308	0.00994	0.00564	0.00489	0.00154	0.00658	0.00431	0.00349	0.00773
24	0.01061	0.00840	0.01077	0.00965	0.01083	0.00989	0.00754	0.14106	0.01218	0.01722	0.11101	0.08950	0.01826	0.10571	0.20864	0.00393	0.18939	0.00678	0.02309	0.00554
25	0.01025	0.00590	0.00723	0.00676	0.00757	0.00586	0.00443	0.01106	0.02186	0.13099	0.01707	0.03001	0.01745	0.57674	0.12057	0.00496	0.00616	0.00703	0.00371	0.00438
26	0.21284	0.01246	0.08987	0.03536	0.01417	0.07697	0.03513	0.04796	0.09995	0.12759	0.01836	0.07660	0.08268	0.00758	0.00507	0.00173	0.00517	0.03964	0.00420	0.00667
27	0.01441	0.69384	0.07684	0.00981	0.01443	0.06721	0.00984	0.03768	0.01143	0.01335	0.00769	0.00884	0.00684	0.00466	0.00364	0.00119	0.00604	0.00299	0.00237	0.00688
28	0.01851	0.01364	0.01476	0.01151	0.01553	0.01488	0.00942	0.59067	0.11009	0.05402	0.03633	0.01436	0.01108	0.00644	0.00525	0.00157	0.00538	0.00497	0.00523	0.05634
29	0.06481	0.01322	0.02591	0.01882	0.02372	0.01266	0.55870	0.04058	0.05474	0.11382	0.01241	0.01464	0.00899	0.00495	0.00587	0.00175	0.00772	0.00586	0.00342	0.00740
30	0.01329	0.01263	0.02130	0.03187	0.75928	0.01267	0.01605	0.03768	0.01241	0.01773	0.01002	0.01307	0.00839	0.00476	0.00524	0.00157	0.00627	0.00471	0.00269	0.00839
31	0.01060	0.02735	0.78682	0.01507	0.02288	0.01228	0.01953	0.01674	0.01116	0.01674	0.00949	0.01116	0.00670	0.00502	0.00502	0.00167	0.00781	0.00391	0.00223	0.00781
32	0.01308	0.01256	0.02146	0.03245	0.78123	0.01256	0.01622	0.01622	0.01204	0.01727	0.00994	0.01308	0.00837	0.00471	0.00523	0.00157	0.00628	0.00471	0.00262	0.00837
33	0.00840	0.00745	0.01272	0.01072	0.01283	0.00691	0.19267	0.01088	0.01272	0.01721	0.28312	0.21225	0.12266	0.01110	0.00642	0.00187	0.00438	0.05574	0.00466	0.00529
34	0.02595	0.00549	0.00633	0.00609	0.00762	0.00491	0.00458	0.00905	0.01354	0.01820	0.44112	0.04382	0.37075	0.01181	0.00617	0.00172	0.00261	0.01011	0.00536	0.00477
35	0.00998	0.00940	0.01586	0.80150	0.03641	0.01175	0.01468	0.01351	0.01057	0.01351	0.00940	0.01409	0.00705	0.00529	0.00529	0.00176	0.00705	0.00470	0.00235	0.00587
36	0.04049	0.01269	0.01443	0.01109	0.01525	0.01330	0.00916	0.49057	0.02112	0.29368	0.01540	0.01444	0.01034	0.00638	0.00525	0.00160	0.00532	0.00491	0.00568	0.00892
37	0.01591	0.53241	0.05062	0.01030	0.01480	0.04117	0.00974	0.23468	0.01500	0.01871	0.00901	0.00984	0.00743	0.00510	0.00404	0.00129	0.00589	0.00345	0.00316	0.00745
38	0.00649	0.00470	0.00613	0.00717	0.00764	0.00435	0.00485	0.00754	0.01056	0.01402	0.07618	0.70800	0.09089	0.01598	0.00668	0.00209	0.00300	0.01441	0.00496	0.00435
39	0.01308	0.01256	0.02146	0.03245	0.78123	0.01256	0.01622	0.01622	0.01204	0.01727	0.00994	0.01308	0.00837	0.00471	0.00523	0.00157	0.00628	0.00471	0.00262	0.00837
40	0.02010	0.01481	0.01587	0.01216	0.01639	0.01639	0.01005	0.76360	0.02486	0.03332	0.01269	0.01269	0.00899	0.00635	0.00529	0.00159	0.00582	0.00476	0.00529	0.00899
41	0.01203	0.02593	0.65091	0.01470	0.02160	0.08716	0.01789	0.04062	0.01193	0.02983	0.00957	0.01118	0.00690	0.00527	0.00541	0.00166	0.03339	0.00393	0.00245	0.00764
42	0.02004	0.00902	0.01169	0.00921	0.01275	0.00831	0.00751	0.11639	0.01633	0.53805	0.16995	0.02158	0.01986	0.00736	0.00549	0.00163	0.00427	0.00609	0.00624	0.00820
43	0.08385	0.00829	0.00950	0.00913	0.01102	0.00874	0.00716	0.22183	0.01465	0.02047	0.02297	0.34135	0.04195	0.01219	0.00614	0.00200	0.00430	0.16375	0.00486	0.00586
44	0.01052	0.00995	0.01683	0.66780	0.16590	0.01189	0.01495	0.01398	0.01083	0.01416	0.00949	0.01392	0.00728	0.00519	0.00528	0.00173	0.00691	0.00470	0.00240	0.00631
45	0.00890	0.00800	0.01143	0.01157	0.05779	0.03155	0.06377	0.01024	0.00999	0.01364	0.02041	0.46314	0.02348	0.05129	0.00989	0.00224	0.18298	0.01072	0.00388	0.00509
46	0.00700	0.00546	0.00833	0.00863	0.00940	0.00510	0.07043	0.00827	0.01048	0.01404	0.05119	0.71750	0.03310	0.01533	0.00669	0.00210	0.00355	0.01410	0.00474	0.00456
47	0.01794	0.12284	0.01611	0.01252	0.01556	0.54113	0.00975	0.04389	0.14167	0.01503	0.01044	0.01120	0.00844	0.00565	0.00471	0.00141	0.00803	0.00380	0.00319	0.00667
48	0.01341	0.01238	0.02111	0.02948	0.65180	0.01235	0.06608	0.01712	0.04699	0.04872	0.01125	0.01438	0.00924	0.00503	0.00534	0.00161	0.00627	0.01625	0.00294	0.00826
49	0.01395	0.15331	0.26119	0.01446	0.08384	0.13839	0.02695	0.06305	0.16096	0.01748	0.01152	0.01244	0.00887	0.00547	0.00484	0.00154	0.00679	0.00421	0.00315	0.00759
50	0.01543	0.53884	0.04025	0.00979	0.01409	0.03698	0.00922	0.16514	0.03658	0.03926	0.00972	0.01050	0.00797	0.00513	0.00397	0.00128	0.00561	0.00351	0.03948	0.00726
51	0.00690	0.00495	0.00654	0.00705	0.00777	0.00460	0.00494	0.00851	0.01224	0.01687	0.35709	0.47319	0.04149	0.01404	0.00652	0.00194	0.00282	0.01264	0.00531	0.00460
52	0.00734	0.00537	0.00688	0.00656	0.00782	0.00492	0.00490	0.00968	0.01455	0.02033	0.68920	0.06523	0.11502	0.01122	0.00625	0.00169	0.00253	0.00988	0.00571	0.00492
53	0.00628	0.00536	0.00539	0.00539	0.00716	0.00447	0.00404	0.00764	0.01212	0.01444	0.07013	0.05062	0.76241	0.01333	0.00625	0.00178	0.00267	0.01112	0.00493	0.00447
54	0.00672	0.00492	0.00636	0.00727	0.00794	0.00456	0.00515	0.00800	0.01105	0.01460	0.10867	0.56625	0.12752	0.01540	0.00669	0.00208	0.00313	0.08424	0.00500	0.00444
55	0.01413	0.81739	0.02770	0.00905	0.01357	0.02092	0.00905	0.01583	0.01074	0.01244	0.00735	0.00848	0.00678	0.00452	0.00339	0.00113	0.00565	0.00283	0.00226	0.00678
56	0.34260	0.00947	0.01054	0.00846	0.01224	0.00935	0.00698	0.02183	0.01277	0.49169	0.01566	0.01437	0.01025	0.00591	0.00453	0.00164	0.00434	0.00437	0.00528	0.00774
57	0.61116	0.00978	0.00848	0.00759	0.01067	0.01102	0.00612	0.01727	0.09767	0.08883	0.01179	0.06400	0.00965	0.00611	0.00393	0.00168	0.00404	0.00428	0.01973	0.00620
58	0.01975	0.02520	0.01498	0.01362	0.01634	0.79299	0.01021	0.02111	0.01498	0.01294	0.00817	0.00953	0.00681	0.00545	0.00477	0.00136	0.00953	0.00340	0.00272	0.00613
59	0.00755	0.00566	0.00850	0.00850	0.00944	0.00661	0.00661	0.00944	0.00850	0.01227	0.01416	0.02077	0.01322	0.03965	0.79326	0.00850	0.01416	0.00566	0.00283	0.00472
60	0.00625	0.00536	0.00536	0.00536	0.00714	0.00446	0.00402	0.00759	0.01205	0.01428	0.05355	0.05088	0.77909	0.01339	0.00625	0.00179	0.00268	0.01116	0.00491	0.00446
61	0.01308	0.01256	0.02146	0.03245	0.78123	0.01256	0.01622	0.01622	0.01204	0.01727	0.00994	0.01308	0.00837	0.00471	0.00523	0.00157	0.00628	0.00471	0.00262	0.00837
62	0.85155	0.01022	0.00777	0.00695	0.01022	0.01186	0.00573	0.01554	0.00900	0.02372	0.00736	0.00859	0.00573	0.00491	0.00327	0.00164	0.00409	0.00286	0.00327	0.00573
63	0.00756	0.00563	0.00830	0.00830	0.00918	0.00650	0.00637	0.00932	0.00844	0.01213	0.01434	0.02174	0.01364	0.09396	0.73952	0.00826	0.01353	0.00581	0.00286	0.00461
64	0.00998	0.00940	0.01586	0.80150	0.03641	0.01175	0.01468	0.01351	0.01057	0.01351	0.00940	0.01409	0.00705	0.00529	0.00529	0.00176	0.00705	0.00470	0.00235	0.00587
65	0.00755	0.00566	0.00850	0.00850	0.00944	0.00661	0.00661	0.00944	0.00850	0.01227	0.01416	0.02077	0.01322	0.03965	0.79326	0.00850	0.01416	0.00566	0.00283	0.00472
66	0.01060	0.02735	0.78682	0.01507	0.02288	0.01228	0.01953	0.01674	0.01116	0.01674	0.00949	0.01116	0.00670	0.00502	0.00502	0.00167	0.00781	0.00391	0.00223	0.00781
67	0.00636	0.00492	0.00580	0.00651	0.00744	0.00437	0.00453	0.00746	0.01094	0.01383	0.03951	0.48799	0.35104	0.01521	0.00654	0.00199	0.00290	0.01338	0.00491	0.00437
68	0.00773	0.00558	0.00742	0.00736	0.00783	0.00618	0.00514	0.00870	0.00810	0.01133	0.01514	0.02706	0.01588	0.40601	0.40765	0.00672	0.03256	0.00659	0.00299	0.00403
69	0.00985	0.00493	0.00493	0.00493	0.00616	0.00493	0.00370	0.01232	0.01109	0.01971	0.01725	0.01971	0.01355	0.00616	0.00370	0.00123	0.00246	0.00493	0.84356	0.00493
70	0.01537	0.00827	0.01239	0.01050	0.01347	0.00761	0.09018	0.01813	0.03595	0.34614	0.06824	0.05085	0.06591	0.00957	0.00614	0.00191	0.00482	0.22217	0.00542	0.00696
71	0.01659	0.01241	0.01340	0.01115	0.01469	0.01386	0.00893	0.29557	0.43442	0.09220	0.01825	0.01702	0.01327	0.00682	0.00534	0.00170	0.00481	0.00548	0.00545	0.00865
72	0.01308	0.01256	0.02146	0.03245	0.78123	0.01256	0.01622	0.01622	0.01204	0.01727	0.00994	0.01308	0.00837	0.00471	0.00523	0.00157	0.00628	0.00471	0.00262	0.00837
73	0.09352	0.01242	0.01253	0.01012	0.01379	0.14549	0.00815	0.10719	0.01567	0.46511	0.05060	0.01607	0.01255	0.00638	0.00508	0.00158	0.00540	0.00490	0.00542	0.00803
74	0.05991	0.01096	0.01316	0.01017	0.01419	0.01086	0.00839	0.28042	0.01821	0.46778	0.03916	0.01634	0.01239	0.00652	0.00524	0.00162	0.00488	0.00513	0.00594	0.00873
75	0.00998	0.00940	0.01586	0.80150	0.03641	0.01175	0.01468	0.01351	0.01057	0.01351	0.00940	0.01409	0.00705	0.00529	0.00529	0.00176	0.00705	0.00470	0.00235	0.00587
76	0.01534	0.01167	0.01267	0.01071	0.01398	0.01301	0.00852	0.23621	0.44305	0.07573	0.08445	0.01931	0.01682	0.00721	0.00542	0.00171	0.00452	0.00590	0.00547	0.00829
77	0.01405	0.01171	0.01206	0.01066	0.01379	0.04656	0.00831	0.02695	0.65291	0.07281	0.02033	0.01876	0.01514	0.00691	0.00528	0.00172	0.00443	0.00569	0.00524	0.04670
78	0.01234	0.01403	0.03060	0.02193	0.02716	0.01316	0.74420	0.01671	0.01242	0.01685	0.01113	0.03302	0.00866	0.00474	0.00625	0.00179	0.00877	0.00645	0.00273	0.00706
79	0.00985	0.00493	0.00493	0.00493	0.00616	0.00493	0.00370	0.01232	0.01109	0.01971	0.01725	0.01971	0.01355	0.00616	0.00370	0.00123	0.00246	0.00493	0.84356	0.00493
80	0.01289	0.01084	0.01139	0.01029	0.01314	0.01249	0.00800	0.02684	0.71114	0.02192	0.02118	0.01972	0.01593	0.00709	0.00525	0.00175	0.00405	0.00589	0.07210	0.00809
81	0.00668	0.00497	0.00622	0.00676	0.00762	0.00451	0.00474	0.00810	0.01181	0.01570	0.23326	0.44891	0.19261	0.01438	0.00651	0.00194	0.00283	0.01278	0.00515	0.00451
82	0.00853	0.00680	0.00918	0.00852	0.00885	0.00786	0.02911	0.00926	0.00825	0.01155	0.01514	0.09428	0.01678	0.43931	0.13187	0.00465	0.17544	0.00734	0.00309	0.00418
83	0.01018	0.00556	0.00561	0.00550	0.00690	0.00573	0.00415	0.01386	0.08551	0.01994	0.01766	0.01971	0.01380	0.00626	0.00386	0.00129	0.00263	0.00503	0.76154	0.00526
84	0.18427	0.00918	0.00901	0.00771	0.01048	0.07551	0.00614	0.01835	0.01256	0.28777	0.04256	0.01669	0.01252	0.00614	0.00436	0.00148	0.00411	0.00468	0.27985	0.00662
85	0.00699	0.00561	0.00634	0.00658	0.00813	0.00505	0.00511	0.00902	0.03602	0.01539	0.11535	0.11609	0.49083	0.01343	0.00645	0.00192	0.00312	0.13887	0.00500	0.00469
86	0.01289	0.01141	0.01502	0.01161	0.01575	0.01117	0.12766	0.09280	0.28741	0.02052	0.01431	0.01482	0.01098	0.00542	0.00495	0.00139	0.00499	0.00481	0.00408	0.32801
87	0.01097	0.01220	0.07592	0.06134	0.22581	0.03571	0.22186	0.01422	0.01221	0.01663	0.10319	0.11999	0.05152	0.00733	0.00584	0.00174	0.00626	0.00721	0.00336	0.00669
88	0.01185	0.13521	0.59185	0.01435	0.03208	0.01346	0.03814	0.03051	0.02892	0.04210	0.00994	0.01135	0.00724	0.00506	0.00486	0.00160	0.00729	0.00394	0.00252	0.00773
89	0.01186	0.01453	0.10563	0.14050	0.09419	0.01276	0.48826	0.01619	0.01201	0.01640	0.01072	0.01490	0.00830	0.00491	0.00591	0.00177	0.00819	0.02330	0.00263	0.00706
90	0.07591	0.00950	0.01281	0.14712	0.01744	0.00926	0.00897	0.06786	0.01452	0.55465	0.01747	0.01637	0.01130	0.00620	0.00517	0.00165	0.00499	0.00501	0.00552	0.00824
91	0.01088	0.02824	0.00971	0.00999	0.07530	0.07577	0.00649	0.03159	0.00884	0.01121	0.00979	0.01627	0.00948	0.01522	0.01662	0.62626	0.00525	0.02702	0.00253	0.00355
92	0.04607	0.01685	0.24197	0.02367	0.06814	0.05295	0.01237	0.14731	0.14285	0.15486	0.03152	0.01470	0.01087	0.00601	0.00515	0.00165	0.00600	0.00478	0.00421	0.00810
93	0.00800	0.00583	0.00755	0.14422	0.01123	0.00622	0.00532	0.00868	0.00836	0.01105	0.01628	0.08578	0.01821	0.61732	0.02173	0.00433	0.00531	0.00769	0.00317	0.00374
94	0.01805	0.02245	0.01513	0.15060	0.01983	0.65717	0.01099	0.01979	0.01421	0.01304	0.00838	0.01033	0.00685	0.00542	0.00486	0.00143	0.00910	0.00363	0.00266	0.00608
95	0.04452	0.02791	0.26261	0.04566	0.05302	0.05390	0.09654	0.06126	0.05710	0.03211	0.02666	0.07504	0.08649	0.00714	0.00537	0.00170	0.00622	0.01962	0.03028	0.00686
96	0.01339	0.01693	0.17799	0.02044	0.18184	0.07848	0.27627	0.05321	0.03438	0.04201	0.01129	0.03643	0.00893	0.00537	0.00574	0.00169	0.01979	0.00533	0.00296	0.00753
97	0.00934	0.00869	0.01421	0.61320	0.03008	0.01031	0.03593	0.01239	0.01074	0.01362	0.01660	0.04428	0.11904	0.03269	0.00619	0.00189	0.00630	0.00608	0.00283	0.00558
98	0.01375	0.06721	0.03607	0.01208	0.06074	0.12003	0.03703	0.06236	0.27870	0.04238	0.10232	0.02899	0.01604	0.00663	0.00513	0.00155	0.00527	0.00547	0.01828	0.07997
99	0.13802	0.15351	0.10055	0.03641	0.06477	0.01212	0.09620	0.03125	0.01242	0.21432	0.04528	0.01563	0.04565	0.00587	0.00483	0.00157	0.00556	0.00485	0.00390	0.00728

[dist]
# distance from previous block
# <min> <max>
0	21

[block]
# block no. 2 follows, 46 sequences, length 93
# corresponding to MSA columns:
# 261-353
name=unknown_C
#
# <colnr> <probs for GDERKNQSTAVLIFYWHMCP>
#	G	D	E	R	K	N	Q	S	T	A	V	L	I	F	Y	W	H	M	C	P
0	0.05602	0.23824	0.02958	0.01104	0.01440	0.30136	0.00921	0.04202	0.08108	0.08555	0.04028	0.01241	0.01000	0.00633	0.01812	0.00154	0.02866	0.00398	0.00339	0.00679
1	0.03439	0.02980	0.16933	0.00872	0.01165	0.00783	0.00838	0.04681	0.01375	0.01948	0.41487	0.03164	0.14282	0.00941	0.00608	0.00168	0.02502	0.00791	0.00467	0.00577
2	0.01263	0.04839	0.03840	0.04197	0.07115	0.00910	0.09296	0.01538	0.01192	0.10492	0.05865	0.01408	0.01100	0.00488	0.00464	0.00119	0.00495	0.00432	0.00350	0.44600
3	0.00738	0.00550	0.00814	0.00832	0.00917	0.00626	0.00635	0.00912	0.00874	0.01246	0.01644	0.14099	0.01653	0.03614	0.67357	0.00753	0.01247	0.00709	0.00315	0.00466
4	0.01428	0.13466	0.04442	0.04161	0.01495	0.01400	0.00913	0.16949	0.36026	0.04770	0.04082	0.01825	0.05394	0.00687	0.00511	0.00164	0.00486	0.00549	0.00467	0.00784
5	0.07454	0.04887	0.07882	0.42424	0.16746	0.01203	0.02797	0.01517	0.01116	0.05682	0.02806	0.01381	0.00851	0.00528	0.00506	0.00167	0.00647	0.00459	0.00277	0.00669
6	0.03493	0.24050	0.47696	0.01280	0.01914	0.05049	0.01517	0.01721	0.01141	0.06239	0.00948	0.01071	0.00709	0.00500	0.00454	0.00151	0.00701	0.00365	0.00255	0.00747
7	0.00972	0.00774	0.00833	0.00766	0.00991	0.00785	0.00590	0.04233	0.25537	0.04416	0.15171	0.03673	0.37090	0.01053	0.00590	0.00176	0.00330	0.00884	0.00527	0.00610
8	0.00768	0.00516	0.00595	0.00595	0.00601	0.00522	0.00343	0.00781	0.00774	0.01039	0.01649	0.03367	0.01882	0.76222	0.07835	0.00535	0.00573	0.00755	0.00318	0.00331
9	0.01359	0.65144	0.17056	0.01028	0.01538	0.03585	0.01105	0.01612	0.01091	0.01326	0.00777	0.00901	0.00677	0.00464	0.00373	0.00124	0.00614	0.00304	0.00227	0.00696
10	0.13324	0.00932	0.01177	0.00916	0.01314	0.00855	0.00756	0.04457	0.01458	0.66357	0.01885	0.01660	0.01200	0.00632	0.00504	0.00163	0.00448	0.00498	0.00608	0.00856
11	0.00644	0.00460	0.00613	0.00736	0.00767	0.00429	0.00491	0.00736	0.01012	0.01350	0.02914	0.81076	0.03497	0.01656	0.00675	0.00215	0.00307	0.01503	0.00491	0.00429
12	0.00985	0.00515	0.00542	0.00537	0.00651	0.00522	0.00395	0.01225	0.04000	0.01848	0.01661	0.01984	0.01341	0.03367	0.00616	0.08318	0.00282	0.00503	0.70235	0.00475
13	0.00934	0.00830	0.01493	0.03571	0.01596	0.00805	0.22866	0.01212	0.01184	0.01565	0.02260	0.18280	0.02403	0.01172	0.00683	0.00217	0.00578	0.37389	0.00416	0.00545
14	0.00998	0.00940	0.01586	0.80150	0.03641	0.01175	0.01468	0.01351	0.01057	0.01351	0.00940	0.01409	0.00705	0.00529	0.00529	0.00176	0.00705	0.00470	0.00235	0.00587
15	0.00762	0.00541	0.00722	0.00722	0.00772	0.00591	0.00501	0.00862	0.00812	0.01132	0.01533	0.02725	0.01603	0.40272	0.43404	0.00692	0.00993	0.00661	0.00301	0.00401
16	0.01060	0.02735	0.78682	0.01507	0.02288	0.01228	0.01953	0.01674	0.01116	0.01674	0.00949	0.01116	0.00670	0.00502	0.00502	0.00167	0.00781	0.00391	0.00223	0.00781
17	0.01060	0.02735	0.78682	0.01507	0.02288	0.01228	0.01953	0.01674	0.01116	0.01674	0.00949	0.01116	0.00670	0.00502	0.00502	0.00167	0.00781	0.00391	0.00223	0.00781
18	0.01096	0.00940	0.01096	0.00783	0.01253	0.00705	0.00626	0.01331	0.01096	0.01723	0.00940	0.01096	0.00783	0.00392	0.00392	0.00078	0.00392	0.00313	0.00313	0.84653
19	0.01121	0.01202	0.02204	0.01675	0.01994	0.02532	0.40441	0.01417	0.01128	0.01528	0.01730	0.02078	0.13785	0.00750	0.00918	0.00193	0.21828	0.02549	0.00301	0.00625
20	0.22088	0.13535	0.01558	0.01045	0.01416	0.01563	0.00887	0.38108	0.01717	0.05529	0.01045	0.01117	0.00786	0.00595	0.00545	0.00159	0.06729	0.00402	0.00416	0.00761
21	0.01817	0.01990	0.01407	0.01255	0.01548	0.49323	0.00963	0.08818	0.17987	0.05256	0.01270	0.01404	0.01008	0.00625	0.00505	0.00152	0.00766	0.02832	0.00377	0.00696
22	0.01793	0.01843	0.01327	0.01154	0.01438	0.42826	0.00891	0.22209	0.01692	0.01981	0.01116	0.01237	0.00871	0.00583	0.00470	0.00140	0.00715	0.00407	0.16639	0.00668
23	0.00998	0.00940	0.01586	0.80150	0.03641	0.01175	0.01468	0.01351	0.01057	0.01351	0.00940	0.01409	0.00705	0.00529	0.00529	0.00176	0.00705	0.00470	0.00235	0.00587
24	0.00918	0.00459	0.00689	0.00689	0.00689	0.00459	0.00459	0.00689	0.00689	0.00918	0.00918	0.01607	0.00918	0.01837	0.02066	0.84619	0.00459	0.00459	0.00230	0.00230
25	0.01413	0.81739	0.02770	0.00905	0.01357	0.02092	0.00905	0.01583	0.01074	0.01244	0.00735	0.00848	0.00678	0.00452	0.00339	0.00113	0.00565	0.00283	0.00226	0.00678
26	0.01835	0.01440	0.01561	0.13223	0.01925	0.05997	0.01065	0.59327	0.02187	0.02889	0.01201	0.01285	0.00865	0.00613	0.00523	0.00159	0.00616	0.00468	0.01992	0.00828
27	0.01096	0.00940	0.01096	0.00783	0.01253	0.00705	0.00626	0.01331	0.01096	0.01723	0.00940	0.01096	0.00783	0.00392	0.00392	0.00078	0.00392	0.00313	0.00313	0.84653
28	0.00644	0.00460	0.00613	0.00736	0.00767	0.00429	0.00491	0.00736	0.01012	0.01350	0.02914	0.81076	0.03497	0.01656	0.00675	0.00215	0.00307	0.01503	0.00491	0.00429
29	0.00785	0.00544	0.00642	0.00638	0.00679	0.00546	0.00406	0.00899	0.03573	0.01294	0.15135	0.04791	0.02503	0.57342	0.04647	0.00435	0.00488	0.03888	0.00382	0.00383
30	0.01056	0.00735	0.00888	0.00802	0.01001	0.00745	0.00616	0.01636	0.21812	0.09482	0.50246	0.03212	0.03729	0.00942	0.00592	0.00170	0.00314	0.00819	0.00577	0.00628
31	0.01331	0.00779	0.00941	0.00818	0.01050	0.02297	0.00637	0.07249	0.06459	0.22483	0.35044	0.08922	0.06196	0.00944	0.00582	0.00169	0.00358	0.00810	0.02279	0.00653
32	0.00782	0.00578	0.00715	0.00754	0.00821	0.00602	0.00515	0.01045	0.10772	0.01354	0.02249	0.37758	0.02495	0.23534	0.13173	0.00388	0.00546	0.01044	0.00419	0.00459
33	0.13893	0.06357	0.01142	0.00772	0.01203	0.00862	0.00631	0.01367	0.01083	0.01808	0.04455	0.01176	0.00939	0.00443	0.00389	0.00098	0.00399	0.00337	0.00322	0.62325
34	0.03732	0.28409	0.48708	0.01330	0.03253	0.01511	0.03072	0.01640	0.01100	0.01556	0.00876	0.01030	0.00675	0.00484	0.00447	0.00150	0.00699	0.00358	0.00229	0.00741
35	0.01332	0.53516	0.23695	0.01137	0.01683	0.01805	0.04299	0.04506	0.01148	0.01462	0.00828	0.00962	0.00690	0.00473	0.00403	0.00133	0.00639	0.00334	0.00239	0.00717
36	0.01265	0.04628	0.18445	0.03193	0.18947	0.03390	0.09111	0.03241	0.21670	0.02985	0.01437	0.01618	0.02583	0.00588	0.00529	0.00166	0.00620	0.02246	0.00349	0.02989
37	0.00660	0.00476	0.00629	0.00746	0.00791	0.00445	0.00516	0.00767	0.01038	0.01372	0.03021	0.71305	0.07021	0.01625	0.00677	0.00215	0.00320	0.07450	0.00490	0.00435
38	0.01455	0.48274	0.10271	0.01120	0.01577	0.16831	0.05163	0.01684	0.01172	0.01355	0.00805	0.00945	0.00692	0.00471	0.00402	0.00124	0.00669	0.00326	0.00243	0.06420
39	0.03999	0.03739	0.00760	0.00732	0.00819	0.00594	0.00538	0.00931	0.01081	0.01495	0.17039	0.24596	0.03061	0.22434	0.01180	0.00283	0.00399	0.15432	0.00446	0.00441
40	0.01221	0.18852	0.46006	0.01377	0.04425	0.01373	0.04060	0.05369	0.01199	0.03991	0.01109	0.01319	0.02579	0.00541	0.00481	0.00156	0.00686	0.02257	0.00270	0.02727
41	0.14411	0.09019	0.06769	0.09482	0.01823	0.06824	0.09971	0.09567	0.01371	0.23900	0.01259	0.01320	0.00883	0.00552	0.00487	0.00160	0.00606	0.00446	0.00404	0.00745
42	0.00630	0.00534	0.00544	0.00551	0.00723	0.00448	0.00413	0.00764	0.01198	0.01428	0.05215	0.08094	0.73667	0.01353	0.00629	0.00181	0.00273	0.02419	0.00491	0.00446
43	0.00925	0.00823	0.00920	0.00893	0.00989	0.10265	0.00672	0.01073	0.00914	0.01204	0.01350	0.02123	0.01312	0.16092	0.53505	0.00678	0.04938	0.00567	0.00286	0.00469
44	0.05018	0.05899	0.06909	0.03279	0.26901	0.09245	0.01230	0.20296	0.01559	0.10667	0.01187	0.01390	0.00917	0.00570	0.00507	0.00157	0.00625	0.02467	0.00377	0.00800
45	0.02149	0.01041	0.01290	0.01006	0.01400	0.01011	0.00825	0.19633	0.07802	0.52426	0.04422	0.01762	0.01361	0.00669	0.00535	0.00164	0.00471	0.00538	0.00614	0.00881
46	0.00670	0.00489	0.00634	0.00744	0.00789	0.00465	0.00502	0.00818	0.04015	0.01386	0.02956	0.75707	0.05632	0.01610	0.00668	0.00212	0.00310	0.01456	0.00493	0.00446
47	0.00758	0.00554	0.00785	0.00785	0.00857	0.00626	0.00580	0.00902	0.00830	0.01179	0.01475	0.02405	0.01464	0.22341	0.61145	0.00770	0.01202	0.00614	0.00292	0.00436
48	0.01190	0.08805	0.61582	0.01500	0.04110	0.01300	0.04837	0.04557	0.01188	0.04728	0.00995	0.01145	0.00714	0.00506	0.00497	0.00163	0.00744	0.00403	0.00255	0.00781
49	0.01538	0.01416	0.01836	0.04327	0.12108	0.08217	0.15376	0.22370	0.22972	0.02244	0.01392	0.01479	0.01048	0.00588	0.00544	0.00167	0.00638	0.00526	0.00413	0.00802
50	0.01458	0.01196	0.02086	0.07000	0.38375	0.01172	0.17651	0.04691	0.01307	0.14699	0.01369	0.01566	0.03850	0.00539	0.00551	0.00165	0.00644	0.00539	0.00347	0.00793
51	0.01114	0.00895	0.01051	0.00787	0.01204	0.00699	0.00622	0.03356	0.01147	0.04744	0.01335	0.08278	0.03993	0.00555	0.00434	0.00100	0.00387	0.00461	0.00355	0.68481
52	0.00764	0.00586	0.00740	0.00745	0.00892	0.00502	0.00526	0.00898	0.01052	0.01474	0.05274	0.57691	0.02860	0.01311	0.00600	0.00178	0.00326	0.01178	0.00449	0.21953
53	0.01128	0.00967	0.01191	0.00961	0.04221	0.00827	0.03202	0.03726	0.10317	0.01868	0.08833	0.01512	0.01312	0.00512	0.00449	0.00108	0.00412	0.00433	0.00370	0.57650
54	0.01294	0.00933	0.01116	0.00807	0.01268	0.00716	0.00650	0.01524	0.01161	0.13614	0.01117	0.01205	0.00864	0.00432	0.00413	0.00092	0.00401	0.00347	0.00366	0.71679
55	0.01975	0.02520	0.01498	0.01362	0.01634	0.79299	0.01021	0.02111	0.01498	0.01294	0.00817	0.00953	0.00681	0.00545	0.00477	0.00136	0.00953	0.00340	0.00272	0.00613
56	0.01062	0.01129	0.02348	0.01769	0.02148	0.01057	0.52884	0.01399	0.01175	0.01587	0.01638	0.25958	0.01632	0.00818	0.00640	0.00189	0.00711	0.00895	0.00336	0.00626
57	0.02079	0.01370	0.01518	0.01164	0.01584	0.01475	0.00961	0.62278	0.02300	0.17677	0.01425	0.01370	0.00977	0.00638	0.00529	0.00160	0.00557	0.00487	0.00553	0.00899
58	0.01315	0.01136	0.01195	0.01076	0.01375	0.01315	0.00837	0.02809	0.77168	0.02211	0.02152	0.01972	0.01614	0.00717	0.00538	0.00179	0.00418	0.00598	0.00538	0.00837
59	0.01222	0.01380	0.02999	0.02155	0.02666	0.01301	0.72190	0.01654	0.01227	0.01669	0.01088	0.01461	0.00830	0.00633	0.04805	0.00214	0.00919	0.00621	0.00268	0.00700
60	0.01975	0.02520	0.01498	0.01362	0.01634	0.79299	0.01021	0.02111	0.01498	0.01294	0.00817	0.00953	0.00681	0.00545	0.00477	0.00136	0.00953	0.00340	0.00272	0.00613
61	0.01340	0.00894	0.01095	0.00848	0.01256	0.00723	0.00692	0.01601	0.03102	0.17945	0.01449	0.01886	0.01202	0.00591	0.00468	0.00120	0.00417	0.09809	0.00413	0.54149
62	0.01096	0.00940	0.01096	0.00783	0.01253	0.00705	0.00626	0.01331	0.01096	0.01723	0.00940	0.01096	0.00783	0.00392	0.00392	0.00078	0.00392	0.00313	0.00313	0.84653
63	0.00744	0.00558	0.00700	0.00771	0.00848	0.00553	0.00537	0.01037	0.10924	0.01558	0.12270	0.61113	0.03441	0.01462	0.00651	0.00204	0.00314	0.01317	0.00508	0.00491
64	0.23889	0.01230	0.01340	0.01078	0.01428	0.04271	0.07982	0.31894	0.04585	0.02573	0.01232	0.01435	0.00950	0.00604	0.00470	0.00160	0.00529	0.02950	0.10682	0.00717
65	0.02042	0.03858	0.01365	0.01019	0.01426	0.03629	0.00838	0.21069	0.07516	0.41811	0.01697	0.01558	0.01141	0.00621	0.00511	0.00153	0.00496	0.00489	0.00557	0.08205
66	0.01407	0.01115	0.01198	0.01064	0.01372	0.01268	0.00832	0.02789	0.70549	0.08885	0.02146	0.01957	0.01587	0.00712	0.00537	0.00178	0.00421	0.00592	0.00548	0.00842
67	0.01975	0.02520	0.01498	0.01362	0.01634	0.79299	0.01021	0.02111	0.01498	0.01294	0.00817	0.00953	0.00681	0.00545	0.00477	0.00136	0.00953	0.00340	0.00272	0.00613
68	0.00759	0.00550	0.00769	0.00769	0.00835	0.00617	0.00560	0.00892	0.00826	0.01167	0.01490	0.02487	0.01500	0.26960	0.56574	0.00750	0.01148	0.00626	0.00294	0.00427
69	0.00648	0.00463	0.00617	0.00733	0.00768	0.00432	0.00491	0.00747	0.01032	0.01380	0.05920	0.77981	0.03556	0.01633	0.00673	0.00213	0.00304	0.01481	0.00494	0.00432
70	0.00783	0.00542	0.00641	0.00632	0.00640	0.00568	0.00382	0.00804	0.00777	0.01052	0.01606	0.03249	0.01822	0.71530	0.09358	0.00531	0.03684	0.00739	0.00314	0.00344
71	0.01060	0.02735	0.78682	0.01507	0.02288	0.01228	0.01953	0.01674	0.01116	0.01674	0.00949	0.01116	0.00670	0.00502	0.00502	0.00167	0.00781	0.00391	0.00223	0.00781
72	0.00674	0.00480	0.00642	0.00758	0.00800	0.00454	0.00528	0.00784	0.01039	0.01383	0.04355	0.68690	0.03430	0.03801	0.00735	0.00225	0.00332	0.09967	0.00487	0.00434
73	0.01413	0.81739	0.02770	0.00905	0.01357	0.02092	0.00905	0.01583	0.01074	0.01244	0.00735	0.00848	0.00678	0.00452	0.00339	0.00113	0.00565	0.00283	0.00226	0.00678
74	0.01305	0.01400	0.03849	0.18918	0.33624	0.13544	0.07935	0.01652	0.03987	0.01591	0.03578	0.01444	0.02104	0.00545	0.00555	0.00163	0.02319	0.00492	0.00281	0.00714
75	0.00787	0.00636	0.00703	0.00710	0.00867	0.00618	0.00521	0.03378	0.13352	0.01605	0.05920	0.28684	0.37628	0.01312	0.00624	0.00189	0.00313	0.01133	0.00502	0.00519
76	0.01180	0.00970	0.01083	0.01022	0.01265	0.01088	0.00813	0.05267	0.49724	0.02074	0.06315	0.06529	0.02167	0.00941	0.00591	0.00194	0.00426	0.17099	0.00526	0.00725
77	0.01227	0.01380	0.02966	0.09065	0.04328	0.01321	0.68192	0.01662	0.01230	0.01664	0.01057	0.01422	0.00794	0.00453	0.00614	0.00178	0.00870	0.00607	0.00264	0.00704
78	0.08755	0.14590	0.21372	0.01247	0.01736	0.04493	0.07688	0.11202	0.16609	0.05475	0.01235	0.01294	0.00922	0.00557	0.00482	0.00159	0.00617	0.00441	0.00359	0.00765
79	0.00634	0.00536	0.00548	0.00545	0.00720	0.00450	0.00409	0.00776	0.01226	0.01478	0.10566	0.05006	0.72667	0.01320	0.00625	0.00178	0.00266	0.01104	0.00497	0.00450
80	0.00698	0.00561	0.00626	0.00605	0.00768	0.00500	0.00455	0.00928	0.04254	0.01720	0.32601	0.04537	0.47425	0.01217	0.00621	0.00174	0.00267	0.01035	0.00527	0.00481
81	0.07466	0.16517	0.04831	0.07439	0.22569	0.01344	0.02638	0.05205	0.11516	0.06492	0.01316	0.01716	0.01101	0.00613	0.00496	0.00162	0.00563	0.06925	0.00350	0.00741
82	0.01244	0.22167	0.37901	0.01514	0.02127	0.05967	0.18697	0.01681	0.01158	0.01549	0.00915	0.01111	0.00703	0.00479	0.00488	0.00155	0.00763	0.00414	0.00237	0.00730
83	0.00651	0.00537	0.00571	0.00563	0.00730	0.00457	0.00422	0.00809	0.01266	0.01573	0.20520	0.04849	0.62654	0.01285	0.00625	0.00176	0.00264	0.01082	0.00510	0.00457
84	0.00959	0.00584	0.00747	0.00764	0.00892	0.00547	0.00550	0.01177	0.05897	0.13236	0.11434	0.49272	0.09159	0.01355	0.00635	0.00196	0.00326	0.01206	0.00529	0.00536
85	0.28800	0.01095	0.01172	0.00936	0.01315	0.01146	0.00770	0.23180	0.01583	0.31145	0.01437	0.02948	0.01000	0.00616	0.00468	0.00163	0.00471	0.00457	0.00510	0.00785
86	0.02283	0.00894	0.01208	0.00938	0.01330	0.00783	0.00770	0.04377	0.01515	0.72997	0.02103	0.05456	0.01399	0.00700	0.00538	0.00166	0.00447	0.00575	0.00644	0.00878
87	0.00998	0.00830	0.01323	0.54651	0.02752	0.00970	0.01167	0.01309	0.01185	0.05583	0.18224	0.02165	0.05316	0.00695	0.00554	0.00173	0.00570	0.00611	0.00346	0.00578
88	0.01308	0.01256	0.02146	0.03245	0.78123	0.01256	0.01622	0.01622	0.01204	0.01727	0.00994	0.01308	0.00837	0.00471	0.00523	0.00157	0.00628	0.00471	0.00262	0.00837
89	0.00673	0.00568	0.00695	0.00667	0.00833	0.00499	0.03943	0.00829	0.01193	0.01486	0.11411	0.15312	0.53983	0.01426	0.03873	0.00210	0.00348	0.01110	0.00480	0.00462
90	0.58935	0.01150	0.01139	0.03288	0.16586	0.04438	0.00844	0.05049	0.01063	0.02217	0.00821	0.00986	0.00649	0.00497	0.00387	0.00161	0.00491	0.00339	0.00319	0.00643
91	0.01499	0.00922	0.00996	0.00868	0.01131	0.08169	0.00670	0.06918	0.01393	0.28805	0.05124	0.20497	0.14927	0.00992	0.00572	0.00171	0.00434	0.00837	0.00525	0.04551
92	0.08279	0.11029	0.02919	0.00744	0.00929	0.00885	0.00578	0.01250	0.11506	0.01470	0.02297	0.11742	0.14580	0.25439	0.02547	0.00287	0.00454	0.02167	0.00387	0.00510

[dist]
# distance from previous block
# <min> <max>
7	12

[block]
# block no. 3 follows, 46 sequences, length 27
# corresponding to MSA columns:
# 366-392
name=unknown_D
#
# <colnr> <probs for GDERKNQSTAVLIFYWHMCP>
#	G	D	E	R	K	N	Q	S	T	A	V	L	I	F	Y	W	H	M	C	P
0	0.11451	0.03740	0.04544	0.04769	0.01802	0.08977	0.15122	0.19297	0.15169	0.02153	0.01240	0.02756	0.00962	0.00608	0.00582	0.00169	0.05041	0.00499	0.00383	0.00736
1	0.01121	0.03438	0.08268	0.00964	0.01224	0.07594	0.00827	0.09740	0.13207	0.01884	0.12572	0.14254	0.09513	0.00996	0.00580	0.00180	0.00470	0.09551	0.02995	0.00620
2	0.01286	0.01063	0.01492	0.10928	0.18964	0.01092	0.02997	0.08637	0.11141	0.06155	0.01403	0.06455	0.01200	0.00657	0.00576	0.00158	0.04075	0.03935	0.00375	0.17413
3	0.00988	0.00593	0.00783	0.00706	0.00872	0.00540	0.00540	0.01230	0.01499	0.13383	0.66672	0.03632	0.04446	0.01018	0.00610	0.00166	0.00279	0.00893	0.00593	0.00558
4	0.01381	0.14459	0.21349	0.02082	0.31934	0.12661	0.03023	0.04162	0.01247	0.01628	0.00927	0.01138	0.00749	0.00491	0.00485	0.00150	0.00708	0.00406	0.00257	0.00765
5	0.00701	0.00539	0.00642	0.00616	0.00761	0.00479	0.00462	0.00907	0.01386	0.01858	0.50354	0.04381	0.32642	0.01179	0.00624	0.00171	0.00256	0.01017	0.00547	0.00479
6	0.01430	0.01010	0.01173	0.00902	0.01316	0.00914	0.00724	0.08760	0.15732	0.15003	0.03377	0.01471	0.01149	0.00538	0.00462	0.00122	0.00420	0.00436	0.00441	0.44621
7	0.04913	0.01080	0.01223	0.00995	0.01369	0.01107	0.00798	0.12076	0.31565	0.23049	0.01768	0.01649	0.01263	0.00628	0.00503	0.00155	0.00444	0.00506	0.00524	0.14384
8	0.07051	0.12320	0.13919	0.01201	0.01632	0.17933	0.01098	0.25036	0.11070	0.02163	0.01128	0.01184	0.00856	0.00572	0.00477	0.00152	0.00658	0.00411	0.00375	0.00762
9	0.00778	0.00577	0.00749	0.00808	0.00943	0.00548	0.00674	0.00998	0.01275	0.01665	0.19747	0.05327	0.20319	0.01350	0.00683	0.00212	0.00386	0.41973	0.00508	0.00480
10	0.10319	0.02082	0.01476	0.01287	0.01597	0.52098	0.03841	0.12067	0.07261	0.01761	0.00980	0.01081	0.00774	0.00561	0.00479	0.00147	0.00806	0.00383	0.00332	0.00668
11	0.01885	0.00818	0.01093	0.00863	0.01209	0.00705	0.00699	0.02102	0.01475	0.54210	0.19921	0.02251	0.02137	0.00734	0.00542	0.00157	0.00398	0.00614	0.00610	0.07576
12	0.01335	0.00814	0.00975	0.00867	0.01122	0.00783	0.00694	0.15982	0.01488	0.18776	0.02873	0.16359	0.19257	0.01086	0.00601	0.00183	0.00413	0.11999	0.00527	0.03865
13	0.01225	0.05802	0.02925	0.04322	0.02601	0.01348	0.65141	0.01631	0.01212	0.01635	0.01105	0.04294	0.00888	0.00505	0.00637	0.00177	0.02957	0.00628	0.00271	0.00694
14	0.00644	0.00460	0.00613	0.00736	0.00767	0.00429	0.00491	0.00736	0.01012	0.01350	0.02914	0.81076	0.03497	0.01656	0.00675	0.00215	0.00307	0.01503	0.00491	0.00429
15	0.01876	0.02360	0.01507	0.09334	0.01837	0.71393	0.01067	0.02034	0.01453	0.01300	0.00830	0.01000	0.00683	0.00543	0.00482	0.00140	0.00928	0.00354	0.00269	0.00610
16	0.01012	0.00954	0.01611	0.76734	0.06950	0.01178	0.01475	0.01363	0.01064	0.01367	0.00942	0.01405	0.00711	0.00526	0.00528	0.00175	0.00701	0.00470	0.00236	0.00598
17	0.00771	0.00590	0.00784	0.00832	0.00891	0.00631	0.00615	0.00948	0.03405	0.01486	0.10110	0.49186	0.03071	0.01491	0.03037	0.00228	0.09875	0.07897	0.03679	0.00476
18	0.00998	0.00940	0.01586	0.80150	0.03641	0.01175	0.01468	0.01351	0.01057	0.01351	0.00940	0.01409	0.00705	0.00529	0.00529	0.00176	0.00705	0.00470	0.00235	0.00587
19	0.01113	0.01154	0.02251	0.45034	0.05312	0.01246	0.33129	0.01503	0.01142	0.01506	0.00996	0.01414	0.00750	0.00492	0.00569	0.00177	0.00782	0.00535	0.00249	0.00647
