[name]
unknown

[dist]
# distance from previous block
# <min> <max>
12	80

[block]
# block no. 0 follows, 50 sequences, length 9
# corresponding to MSA columns:
# 98-106
name=unknown_A
#
# <colnr> <probs for GDERKNQSTAVLIFYWHMCP>
#	G	D	E	R	K	N	Q	S	T	A	V	L	I	F	Y	W	H	M	C	P
0	0.01443	0.33846	0.15426	0.01103	0.01502	0.31684	0.01046	0.01668	0.01193	0.01305	0.04951	0.01038	0.00856	0.00500	0.00410	0.00126	0.00692	0.00339	0.00247	0.00624
1	0.04137	0.22876	0.01565	0.00968	0.01282	0.12459	0.00808	0.27301	0.03338	0.01983	0.05990	0.10199	0.01291	0.00671	0.00455	0.00141	0.00528	0.00515	0.02833	0.00660
2	0.01397	0.12873	0.01543	0.01149	0.01370	0.29932	0.06183	0.01551	0.01162	0.06118	0.05265	0.11723	0.01250	0.00730	0.00693	0.00157	0.15481	0.00538	0.00308	0.00575
3	0.01895	0.01396	0.01496	0.01147	0.01546	0.01546	0.00947	0.77711	0.02344	0.03141	0.01197	0.01197	0.00848	0.00598	0.00499	0.00150	0.00548	0.00449	0.00499	0.00848
4	0.01210	0.53347	0.30977	0.01061	0.01602	0.01673	0.01216	0.01524	0.01027	0.01322	0.00767	0.00892	0.00637	0.00444	0.00376	0.00125	0.00608	0.00304	0.00212	0.00675
5	0.01391	0.73873	0.02479	0.00901	0.01308	0.10672	0.00865	0.01548	0.01057	0.01178	0.00702	0.00811	0.00640	0.00436	0.00334	0.00109	0.00574	0.00273	0.00218	0.00633
6	0.01054	0.15554	0.67396	0.01329	0.02015	0.01289	0.01682	0.01565	0.01046	0.01513	0.00862	0.01011	0.00633	0.00466	0.00449	0.00150	0.00704	0.00352	0.00211	0.00721
7	0.01469	0.01130	0.01228	0.01019	0.01327	0.01257	0.00817	0.41819	0.23223	0.02477	0.01754	0.05720	0.06015	0.00972	0.07219	0.00213	0.00540	0.00573	0.00478	0.00749
8	0.01267	0.00918	0.01026	0.00864	0.01074	0.00987	0.00657	0.37195	0.01588	0.02144	0.10059	0.08067	0.01752	0.24152	0.05761	0.00287	0.00522	0.00654	0.00432	0.00595

[dist]
# distance from previous block
# <min> <max>
0	1

[block]
# block no. 1 follows, 50 sequences, length 15
# corresponding to MSA columns:
# 108-122
name=unknown_B
#
# <colnr> <probs for GDERKNQSTAVLIFYWHMCP>
#	G	D	E	R	K	N	Q	S	T	A	V	L	I	F	Y	W	H	M	C	P
0	0.01315	0.78514	0.06726	0.00883	0.01326	0.01929	0.00906	0.01497	0.01015	0.01194	0.00704	0.00813	0.00639	0.00429	0.00328	0.00109	0.00544	0.00272	0.00213	0.00645
1	0.10935	0.02075	0.01289	0.01186	0.01437	0.65333	0.00904	0.01855	0.01330	0.01353	0.00914	0.01274	0.00812	0.00578	0.00454	0.00139	0.00807	0.06482	0.00279	0.00564
2	0.01715	0.00733	0.00990	0.00798	0.01093	0.00643	0.00643	0.01922	0.01421	0.53244	0.28245	0.02387	0.02416	0.00754	0.00531	0.00155	0.00360	0.00638	0.00594	0.00720
3	0.01895	0.01396	0.01496	0.01147	0.01546	0.01546	0.00947	0.77711	0.02344	0.03141	0.01197	0.01197	0.00848	0.00598	0.00499	0.00150	0.00548	0.00449	0.00499	0.00848
4	0.00810	0.00619	0.00756	0.00702	0.00852	0.00620	0.00532	0.01273	0.16417	0.02016	0.64100	0.03360	0.04084	0.00952	0.00572	0.00159	0.00266	0.00836	0.00541	0.00532
5	0.00705	0.00530	0.00774	0.00774	0.00864	0.00606	0.00596	0.00873	0.00817	0.01161	0.01559	0.02174	0.05774	0.06704	0.72808	0.00752	0.01239	0.00572	0.00280	0.00438
6	0.01895	0.01396	0.01496	0.01147	0.01546	0.01546	0.00947	0.77711	0.02344	0.03141	0.01197	0.01197	0.00848	0.00598	0.00499	0.00150	0.00548	0.00449	0.00499	0.00848
7	0.00991	0.00865	0.00961	0.00902	0.00999	0.09722	0.00712	0.01190	0.02984	0.01360	0.01282	0.01876	0.01172	0.04414	0.27541	0.00389	0.18971	0.04845	0.18333	0.00492
8	0.07971	0.00873	0.01387	0.01132	0.01361	0.00917	0.18158	0.01338	0.02641	0.08426	0.23516	0.02505	0.03510	0.00881	0.02660	0.00192	0.12996	0.08568	0.00398	0.00569
9	0.01895	0.01396	0.01496	0.01147	0.01546	0.01546	0.00947	0.77711	0.02344	0.03141	0.01197	0.01197	0.00848	0.00598	0.00499	0.00150	0.00548	0.00449	0.00499	0.00848
10	0.01059	0.21745	0.49103	0.01225	0.01798	0.01287	0.04591	0.01472	0.01024	0.01428	0.00958	0.01321	0.00802	0.07168	0.00616	0.00175	0.00663	0.02670	0.00228	0.00667
11	0.01326	0.12752	0.04610	0.01006	0.01281	0.22834	0.00833	0.03544	0.17926	0.03693	0.14948	0.01776	0.04434	0.00672	0.00537	0.00147	0.04758	0.00509	0.00375	0.02038
12	0.09401	0.07581	0.01506	0.01063	0.01416	0.00946	0.16192	0.01782	0.01213	0.32815	0.05980	0.05114	0.01286	0.00606	0.00509	0.00151	0.02353	0.00530	0.05342	0.04215
13	0.10880	0.07797	0.01238	0.00926	0.01246	0.09709	0.00746	0.18755	0.09125	0.10899	0.03701	0.09875	0.01249	0.00657	0.00460	0.00143	0.00478	0.00515	0.00415	0.11187
14	0.11442	0.08008	0.01305	0.00930	0.01284	0.01194	0.00774	0.33413	0.01616	0.15292	0.03149	0.01406	0.03064	0.00836	0.06974	0.00195	0.00542	0.00442	0.00437	0.07698

[dist]
# distance from previous block
# <min> <max>
4	20

[block]
# block no. 2 follows, 50 sequences, length 87
# corresponding to MSA columns:
# 143-229
name=unknown_C
#
# <colnr> <probs for GDERKNQSTAVLIFYWHMCP>
#	G	D	E	R	K	N	Q	S	T	A	V	L	I	F	Y	W	H	M	C	P
0	0.14031	0.09780	0.23849	0.00965	0.01348	0.01017	0.00979	0.05777	0.03315	0.08282	0.06665	0.17713	0.01556	0.00763	0.00481	0.00162	0.00487	0.01844	0.00363	0.00624
1	0.07093	0.01222	0.01172	0.03222	0.01328	0.13461	0.00796	0.33273	0.02967	0.06858	0.01545	0.21827	0.01450	0.00822	0.00514	0.00161	0.00519	0.00669	0.00439	0.00663
2	0.24976	0.00902	0.00967	0.00797	0.01103	0.00923	0.00645	0.16008	0.01387	0.22027	0.12139	0.04183	0.07193	0.00690	0.00464	0.00153	0.00393	0.00540	0.00471	0.04037
3	0.01365	0.01392	0.01026	0.00942	0.01121	0.36239	0.00689	0.01547	0.05313	0.07049	0.09422	0.02192	0.04638	0.21686	0.01019	0.00231	0.00624	0.02636	0.00352	0.00517
4	0.01000	0.02578	0.79900	0.01421	0.02157	0.01158	0.01842	0.01579	0.01052	0.01579	0.00895	0.01052	0.00631	0.00474	0.00474	0.00158	0.00737	0.00368	0.00210	0.00737
5	0.01086	0.01040	0.01785	0.42097	0.39324	0.01148	0.03563	0.01404	0.01067	0.01450	0.00914	0.01284	0.00726	0.00471	0.00499	0.00158	0.00635	0.00448	0.00234	0.00669
6	0.00753	0.00568	0.00773	0.00752	0.00799	0.00657	0.00546	0.00857	0.00768	0.01089	0.01359	0.02370	0.01404	0.33419	0.43241	0.00624	0.08746	0.00597	0.00276	0.00400
7	0.01000	0.02578	0.79900	0.01421	0.02157	0.01158	0.01842	0.01579	0.01052	0.01579	0.00895	0.01052	0.00631	0.00474	0.00474	0.00158	0.00737	0.00368	0.00210	0.00737
8	0.01012	0.05542	0.77044	0.01400	0.02125	0.01188	0.01805	0.01575	0.01051	0.01564	0.00887	0.01043	0.00632	0.00472	0.00468	0.00156	0.00729	0.00365	0.00211	0.00733
9	0.01220	0.01171	0.01999	0.06678	0.75861	0.01181	0.01523	0.01518	0.01129	0.01612	0.00935	0.01238	0.00784	0.00447	0.00494	0.00149	0.00595	0.00444	0.00246	0.00779
10	0.00669	0.00460	0.00560	0.00615	0.00628	0.00446	0.00378	0.00710	0.00833	0.01111	0.02127	0.40574	0.02514	0.44213	0.01638	0.00350	0.00391	0.01052	0.00378	0.00351
11	0.00783	0.03309	0.20931	0.00924	0.01183	0.00690	0.00909	0.01046	0.01071	0.01450	0.06438	0.28422	0.08818	0.01150	0.00593	0.00190	0.00449	0.20734	0.00395	0.00515
12	0.01175	0.01267	0.02596	0.03510	0.23115	0.01213	0.53264	0.01553	0.01162	0.01596	0.01047	0.01470	0.00841	0.00463	0.00565	0.00165	0.00757	0.03290	0.00258	0.00694
13	0.02236	0.00848	0.01157	0.00887	0.01272	0.00733	0.00733	0.02429	0.01427	0.79719	0.01966	0.01697	0.01234	0.00617	0.00501	0.00154	0.00424	0.00501	0.00617	0.00848
14	0.00599	0.00467	0.00544	0.00605	0.00699	0.00412	0.00423	0.00704	0.01040	0.01307	0.03836	0.45572	0.39180	0.01420	0.00614	0.00186	0.00272	0.01244	0.00463	0.00412
15	0.01000	0.02578	0.79900	0.01421	0.02157	0.01158	0.01842	0.01579	0.01052	0.01579	0.00895	0.01052	0.00631	0.00474	0.00474	0.00158	0.00737	0.00368	0.00210	0.00737
16	0.01669	0.02065	0.01847	0.01512	0.01842	0.56528	0.22628	0.03363	0.01364	0.01364	0.00846	0.01031	0.00678	0.00489	0.00490	0.00140	0.00875	0.00399	0.00260	0.00610
17	0.02236	0.00848	0.01157	0.00887	0.01272	0.00733	0.00733	0.02429	0.01427	0.79719	0.01966	0.01697	0.01234	0.00617	0.00501	0.00154	0.00424	0.00501	0.00617	0.00848
18	0.01433	0.01183	0.01334	0.01112	0.01441	0.01333	0.04916	0.25094	0.51544	0.02376	0.01725	0.01634	0.01279	0.00639	0.00509	0.00163	0.00464	0.00530	0.00491	0.00800
19	0.01092	0.24818	0.58468	0.01263	0.01914	0.01383	0.01567	0.01555	0.01041	0.01466	0.00839	0.00982	0.00634	0.00460	0.00431	0.00144	0.00680	0.00340	0.00211	0.00710
20	0.01234	0.01184	0.02023	0.03059	0.79373	0.01184	0.01530	0.01530	0.01135	0.01628	0.00938	0.01234	0.00790	0.00444	0.00493	0.00148	0.00592	0.00444	0.00247	0.00790
21	0.01941	0.01323	0.01450	0.01112	0.01509	0.01437	0.00919	0.67621	0.02221	0.13405	0.01300	0.01264	0.00899	0.00601	0.00499	0.00150	0.00532	0.00456	0.00514	0.00848
22	0.01609	0.00958	0.01677	0.01263	0.01641	0.00864	0.27173	0.01869	0.01283	0.40167	0.03379	0.08889	0.05461	0.00675	0.00550	0.00164	0.00543	0.00649	0.00468	0.00718
23	0.01176	0.01345	0.02941	0.02101	0.02605	0.01261	0.77563	0.01597	0.01176	0.01597	0.01008	0.01345	0.00756	0.00420	0.00588	0.00168	0.00840	0.00588	0.00252	0.00672
24	0.01210	0.01040	0.01102	0.00993	0.01266	0.01198	0.00771	0.02555	0.74242	0.02080	0.06260	0.01962	0.01696	0.00695	0.00512	0.00168	0.00386	0.00582	0.00509	0.00771
25	0.00941	0.00886	0.01495	0.81285	0.03433	0.01107	0.01384	0.01274	0.00997	0.01274	0.00886	0.01329	0.00664	0.00498	0.00498	0.00166	0.00664	0.00443	0.00221	0.00554
26	0.00787	0.00637	0.00715	0.00684	0.00852	0.00634	0.00515	0.01256	0.19867	0.01739	0.29156	0.09979	0.29151	0.01063	0.00573	0.00167	0.00284	0.00913	0.00503	0.00525
27	0.05894	0.01571	0.01935	0.01524	0.01877	0.27280	0.33173	0.03968	0.07977	0.01572	0.01145	0.06414	0.00972	0.00569	0.00523	0.00157	0.00747	0.01770	0.00303	0.00629
28	0.02207	0.00895	0.01186	0.00909	0.01296	0.00803	0.00751	0.08907	0.01506	0.73129	0.01900	0.01654	0.01201	0.00615	0.00501	0.00154	0.00435	0.00497	0.00607	0.00848
29	0.00633	0.00448	0.00568	0.00653	0.00681	0.00423	0.00424	0.00702	0.00911	0.01207	0.02577	0.61533	0.05986	0.19546	0.01057	0.00264	0.00331	0.01249	0.00427	0.00383
30	0.01171	0.01381	0.05190	0.02081	0.02592	0.01257	0.75350	0.01596	0.01173	0.01596	0.01005	0.01336	0.00753	0.00422	0.00585	0.00168	0.00837	0.00582	0.00251	0.00674
31	0.01588	0.01013	0.01093	0.00913	0.01204	0.07411	0.00724	0.16319	0.11829	0.27598	0.13702	0.06467	0.06397	0.00764	0.00523	0.00157	0.00436	0.00629	0.00522	0.00711
32	0.00706	0.00533	0.00581	0.00583	0.00755	0.00459	0.00456	0.00850	0.01153	0.05531	0.04551	0.04747	0.64439	0.01244	0.00598	0.00176	0.00290	0.11428	0.00471	0.00449
33	0.01300	0.01186	0.00843	0.00784	0.00961	0.29295	0.00591	0.04243	0.01225	0.01675	0.01303	0.01489	0.01033	0.00557	0.00390	0.00122	0.00484	0.00412	0.51586	0.00519
34	0.01015	0.06288	0.76325	0.01394	0.02117	0.01195	0.01796	0.01575	0.01051	0.01560	0.00885	0.01041	0.00632	0.00471	0.00466	0.00155	0.00727	0.00364	0.00211	0.00732
35	0.00712	0.00573	0.00646	0.00655	0.00794	0.00550	0.00480	0.01041	0.13027	0.01539	0.15238	0.26062	0.34396	0.01220	0.00590	0.00176	0.00282	0.01057	0.00483	0.00480
36	0.00617	0.00438	0.00576	0.00682	0.00708	0.00411	0.00449	0.00697	0.00935	0.01247	0.02650	0.75647	0.03174	0.08239	0.00793	0.00226	0.00305	0.01360	0.00449	0.00396
37	0.00848	0.00631	0.00922	0.00986	0.04650	0.00618	0.03800	0.02237	0.01243	0.02781	0.23669	0.04600	0.03143	0.01174	0.00642	0.00201	0.00419	0.46469	0.00469	0.00497
38	0.01065	0.01056	0.01476	0.01276	0.01277	0.01467	0.01057	0.01173	0.00774	0.01203	0.00766	0.05398	0.00795	0.00909	0.01583	0.00217	0.77251	0.00488	0.00231	0.00538
39	0.01006	0.00975	0.01509	0.46645	0.02513	0.01289	0.01257	0.01241	0.00896	0.01241	0.00786	0.01226	0.00660	0.00660	0.00991	0.00189	0.35707	0.00440	0.00220	0.00550
40	0.00797	0.00576	0.00801	0.00780	0.00875	0.00666	0.00604	0.03712	0.00881	0.01304	0.01350	0.01953	0.01242	0.07317	0.60739	0.00655	0.04323	0.00529	0.10437	0.00458
41	0.00731	0.00551	0.00703	0.00779	0.00912	0.00522	0.00660	0.00926	0.01144	0.01443	0.03451	0.05345	0.28557	0.01338	0.00655	0.00209	0.00389	0.50780	0.00460	0.00446
42	0.00985	0.00827	0.00976	0.00727	0.01107	0.00646	0.00569	0.01185	0.00991	0.01536	0.00975	0.01285	0.00864	0.07392	0.06423	0.00161	0.00449	0.00348	0.00294	0.72259
43	0.01314	0.78379	0.06855	0.00884	0.01328	0.01928	0.00907	0.01497	0.01015	0.01195	0.00704	0.00813	0.00639	0.00429	0.00328	0.00109	0.00544	0.00272	0.00213	0.00645
44	0.00758	0.00516	0.00585	0.00579	0.00601	0.00530	0.00344	0.00848	0.04869	0.01061	0.01585	0.03085	0.01754	0.72020	0.06051	0.00471	0.00511	0.00700	0.02793	0.00339
45	0.00667	0.00500	0.00618	0.00606	0.00725	0.00451	0.00448	0.00859	0.01293	0.01761	0.52876	0.13101	0.21984	0.01139	0.00594	0.00165	0.00245	0.00997	0.00519	0.00451
46	0.01179	0.45839	0.38212	0.01114	0.01684	0.01597	0.01308	0.01532	0.01031	0.01360	0.00786	0.00916	0.00636	0.00448	0.00391	0.00130	0.00627	0.00313	0.00212	0.00684
47	0.01275	0.68899	0.15991	0.00951	0.01431	0.01831	0.01024	0.01507	0.01020	0.01243	0.00728	0.00843	0.00638	0.00435	0.00346	0.00115	0.00568	0.00284	0.00213	0.00656
48	0.00941	0.00886	0.01495	0.81285	0.03433	0.01107	0.01384	0.01274	0.00997	0.01274	0.00886	0.01329	0.00664	0.00498	0.00498	0.00166	0.00664	0.00443	0.00221	0.00554
49	0.01188	0.01138	0.01941	0.15250	0.67539	0.01172	0.01507	0.01490	0.01113	0.01573	0.00930	0.01248	0.00770	0.00453	0.00494	0.00151	0.00603	0.00444	0.00243	0.00753
50	0.00804	0.00608	0.03032	0.00749	0.00903	0.00533	0.00628	0.01031	0.01273	0.05318	0.36717	0.04360	0.13405	0.01142	0.00616	0.00184	0.00340	0.27373	0.00499	0.00485
51	0.01240	0.01071	0.01127	0.01014	0.01296	0.01240	0.00789	0.02649	0.78473	0.02085	0.02029	0.01860	0.01522	0.00676	0.00507	0.00169	0.00394	0.00564	0.00507	0.00789
52	0.00612	0.00454	0.00573	0.00658	0.00720	0.00414	0.00453	0.00717	0.01016	0.01326	0.06875	0.61746	0.18199	0.01473	0.00626	0.00194	0.00283	0.02781	0.00467	0.00412
53	0.00724	0.00543	0.00696	0.00775	0.00901	0.00515	0.00649	0.00912	0.01131	0.01432	0.03398	0.10302	0.26688	0.01353	0.00654	0.00209	0.00384	0.47831	0.00460	0.00444
54	0.01333	0.82783	0.02612	0.00853	0.01279	0.01972	0.00853	0.01493	0.01013	0.01173	0.00693	0.00800	0.00640	0.00426	0.00320	0.00107	0.00533	0.00267	0.00213	0.00640
55	0.01059	0.00565	0.00656	0.00600	0.00754	0.00516	0.00433	0.01184	0.01060	0.18764	0.02642	0.05925	0.22314	0.23972	0.01076	0.00246	0.00353	0.00738	0.16654	0.00490
56	0.00719	0.00521	0.00620	0.00588	0.00737	0.00461	0.00443	0.00908	0.01299	0.04825	0.45801	0.04081	0.34971	0.01102	0.00585	0.00161	0.00250	0.00947	0.00516	0.00465
57	0.01000	0.02578	0.79900	0.01421	0.02157	0.01158	0.01842	0.01579	0.01052	0.01579	0.00895	0.01052	0.00631	0.00474	0.00474	0.00158	0.00737	0.00368	0.00210	0.00737
58	0.01234	0.01184	0.02023	0.03059	0.79373	0.01184	0.01530	0.01530	0.01135	0.01628	0.00938	0.01234	0.00790	0.00444	0.00493	0.00148	0.00592	0.00444	0.00247	0.00790
59	0.01913	0.01367	0.01478	0.01133	0.01531	0.01503	0.00936	0.73711	0.02295	0.07210	0.01238	0.01223	0.00868	0.00599	0.00499	0.00150	0.00542	0.00452	0.00505	0.00848
60	0.00608	0.00473	0.00553	0.00602	0.00702	0.00418	0.00425	0.00726	0.01078	0.01371	0.10610	0.40001	0.37901	0.01377	0.00610	0.00183	0.00268	0.01205	0.00470	0.00418
61	0.01007	0.00953	0.01614	0.63638	0.20564	0.01125	0.01417	0.01331	0.01028	0.01354	0.00898	0.01307	0.00693	0.00486	0.00497	0.00162	0.00648	0.00443	0.00227	0.00607
62	0.00975	0.00921	0.01556	0.72210	0.12243	0.01116	0.01401	0.01303	0.01013	0.01315	0.00892	0.01318	0.00679	0.00492	0.00498	0.00164	0.00656	0.00443	0.00224	0.00581
63	0.86003	0.00964	0.00733	0.00655	0.00964	0.01118	0.00540	0.01465	0.00848	0.02236	0.00694	0.00810	0.00540	0.00463	0.00308	0.00154	0.00386	0.00270	0.00308	0.00540
64	0.01234	0.01184	0.02023	0.03059	0.79373	0.01184	0.01530	0.01530	0.01135	0.01628	0.00938	0.01234	0.00790	0.00444	0.00493	0.00148	0.00592	0.00444	0.00247	0.00790
65	0.83628	0.00976	0.00754	0.00669	0.00980	0.01130	0.00551	0.03619	0.00891	0.02262	0.00708	0.00821	0.00549	0.00467	0.00314	0.00154	0.00390	0.00275	0.00314	0.00549
66	0.01453	0.01042	0.01870	0.01393	0.01784	0.00974	0.34403	0.04026	0.05557	0.25821	0.11933	0.03121	0.01522	0.00599	0.00551	0.00161	0.00580	0.00607	0.00430	0.02172
67	0.01000	0.02578	0.79900	0.01421	0.02157	0.01158	0.01842	0.01579	0.01052	0.01579	0.00895	0.01052	0.00631	0.00474	0.00474	0.00158	0.00737	0.00368	0.00210	0.00737
68	0.01176	0.01345	0.02941	0.02101	0.02605	0.01261	0.77563	0.01597	0.01176	0.01597	0.01008	0.01345	0.00756	0.00420	0.00588	0.00168	0.00840	0.00588	0.00252	0.00672
69	0.01590	0.00908	0.04190	0.00880	0.01187	0.00821	0.00738	0.16803	0.01568	0.34518	0.24096	0.04500	0.02240	0.00772	0.00534	0.00158	0.00404	0.02833	0.00549	0.00711
70	0.03893	0.00611	0.00723	0.00717	0.00753	0.06051	0.00498	0.00812	0.00762	0.01029	0.01094	0.11085	0.01134	0.01516	0.01569	0.60678	0.03383	0.00538	0.02857	0.00295
71	0.35075	0.00894	0.00990	0.00796	0.01151	0.00884	0.00657	0.02051	0.01200	0.49344	0.01468	0.01349	0.00962	0.00556	0.00426	0.00154	0.00409	0.00411	0.00496	0.00727
72	0.02236	0.00848	0.01157	0.00887	0.01272	0.00733	0.00733	0.02429	0.01427	0.79719	0.01966	0.01697	0.01234	0.00617	0.00501	0.00154	0.00424	0.00501	0.00617	0.00848
73	0.01008	0.00954	0.01615	0.63480	0.20717	0.01125	0.01417	0.01332	0.01028	0.01354	0.00898	0.01307	0.00693	0.00486	0.00497	0.00162	0.00648	0.00443	0.00227	0.00607
74	0.00623	0.00462	0.00586	0.00678	0.00744	0.00425	0.00480	0.00733	0.01011	0.01310	0.03205	0.58652	0.18716	0.01482	0.00632	0.00198	0.00299	0.08887	0.00462	0.00414
75	0.01755	0.00793	0.01001	0.00800	0.01126	0.00706	0.00650	0.07466	0.01413	0.52380	0.02765	0.02520	0.22817	0.00795	0.00525	0.00158	0.00386	0.00650	0.00566	0.00730
76	0.05096	0.00885	0.01033	0.00751	0.01181	0.00693	0.00604	0.01393	0.01068	0.10210	0.00995	0.01096	0.00783	0.00401	0.00381	0.00086	0.00376	0.00317	0.00331	0.72319
77	0.00607	0.00434	0.00578	0.00694	0.00723	0.00405	0.00463	0.00694	0.00954	0.01272	0.02747	0.82157	0.03297	0.01562	0.00636	0.00202	0.00289	0.01417	0.00463	0.00405
78	0.00615	0.00443	0.00583	0.00681	0.00723	0.00411	0.00460	0.00715	0.00999	0.01335	0.09094	0.72654	0.06431	0.01505	0.00630	0.00197	0.00283	0.01360	0.00470	0.00411
79	0.00752	0.00554	0.00692	0.00669	0.00800	0.00523	0.00511	0.04975	0.01359	0.01862	0.51590	0.11397	0.13971	0.01110	0.00596	0.00168	0.00278	0.07197	0.00519	0.00477
80	0.00597	0.00472	0.00539	0.00591	0.00696	0.00413	0.00417	0.00706	0.01053	0.01313	0.03996	0.40189	0.44458	0.01399	0.00611	0.00184	0.00269	0.01219	0.00463	0.00413
81	0.01176	0.01345	0.02941	0.02101	0.02605	0.01261	0.77563	0.01597	0.01176	0.01597	0.01008	0.01345	0.00756	0.00420	0.00588	0.00168	0.00840	0.00588	0.00252	0.00672
82	0.00638	0.00472	0.00604	0.00697	0.00768	0.00437	0.00506	0.00757	0.01022	0.01325	0.03164	0.54146	0.17570	0.01473	0.00636	0.00201	0.00312	0.14392	0.00462	0.00417
83	0.44751	0.01512	0.26560	0.01044	0.01498	0.01136	0.06586	0.01553	0.00966	0.06056	0.00848	0.00985	0.00626	0.00486	0.00441	0.00159	0.03534	0.00343	0.00286	0.00630
84	0.68029	0.00951	0.00822	0.00712	0.01031	0.01064	0.00584	0.01683	0.05202	0.14550	0.00970	0.01008	0.00704	0.00499	0.00350	0.00155	0.00392	0.00323	0.00368	0.00603
85	0.01227	0.49499	0.16661	0.00942	0.01365	0.01498	0.00977	0.01459	0.01044	0.06747	0.01131	0.11696	0.01076	0.00618	0.00411	0.00135	0.00530	0.02068	0.00279	0.00638
86	0.01058	0.12639	0.49284	0.01330	0.03946	0.01222	0.06120	0.01613	0.08197	0.01609	0.07388	0.01335	0.01060	0.00527	0.00473	0.00152	0.00640	0.00432	0.00269	0.00704

[dist]
# distance from previous block
# <min> <max>
0	4

[block]
# block no. 3 follows, 50 sequences, length 39
# corresponding to MSA columns:
# 234-249,251-273
name=unknown_D
#
# <colnr> <probs for GDERKNQSTAVLIFYWHMCP>
#	G	D	E	R	K	N	Q	S	T	A	V	L	I	F	Y	W	H	M	C	P
0	0.27607	0.13974	0.31732	0.02900	0.01541	0.01226	0.01121	0.01552	0.05280	0.03107	0.01099	0.01196	0.04749	0.00518	0.00408	0.00150	0.00545	0.00373	0.00278	0.00645
1	0.00642	0.00503	0.00574	0.00599	0.00723	0.00448	0.00448	0.00780	0.01115	0.01403	0.12898	0.14886	0.44936	0.07456	0.00756	0.00203	0.00299	0.10450	0.00460	0.00420
2	0.01388	0.00990	0.01115	0.00905	0.01199	0.01029	0.00733	0.39193	0.01820	0.06587	0.22317	0.02395	0.09192	0.00792	0.00532	0.00153	0.00419	0.03644	0.00503	0.05096
3	0.01290	0.01203	0.01707	0.05536	0.47614	0.04393	0.01269	0.06618	0.21663	0.01813	0.01234	0.01387	0.00976	0.00520	0.00496	0.00154	0.00552	0.00471	0.00331	0.00775
4	0.05777	0.02896	0.05384	0.00897	0.01198	0.00945	0.00754	0.04820	0.27503	0.21245	0.19532	0.02161	0.02057	0.00721	0.00510	0.00160	0.00394	0.01829	0.00509	0.00708
5	0.00671	0.00476	0.00633	0.00736	0.00784	0.00458	0.00534	0.00786	0.00980	0.01296	0.02591	0.53547	0.03023	0.10342	0.00857	0.00240	0.00355	0.20838	0.00444	0.00408
6	0.01654	0.03411	0.01566	0.10369	0.20856	0.32412	0.01110	0.07655	0.01363	0.13375	0.01036	0.01170	0.00786	0.00515	0.00474	0.00142	0.00691	0.00401	0.00323	0.00690
7	0.01112	0.01138	0.02081	0.01487	0.01963	0.00992	0.42868	0.01443	0.01112	0.01609	0.00953	0.01204	0.00748	0.00397	0.00489	0.00126	0.00628	0.00456	0.00272	0.38922
8	0.00719	0.00511	0.00603	0.00611	0.00685	0.00496	0.00413	0.00895	0.05046	0.01432	0.21301	0.19538	0.11223	0.28254	0.01230	0.00275	0.00339	0.00923	0.05096	0.00412
9	0.00607	0.00434	0.00578	0.00694	0.00723	0.00405	0.00463	0.00694	0.00954	0.01272	0.02747	0.82157	0.03297	0.01562	0.00636	0.00202	0.00289	0.01417	0.00463	0.00405
10	0.00723	0.00624	0.01058	0.00972	0.01106	0.00581	0.16236	0.00880	0.01009	0.01343	0.02511	0.61597	0.06722	0.01312	0.00624	0.00194	0.00400	0.01228	0.00420	0.00460
11	0.01470	0.01246	0.01391	0.01153	0.01472	0.10306	0.08998	0.17417	0.32286	0.08407	0.05638	0.01814	0.01406	0.00659	0.00519	0.00161	0.00528	0.03932	0.00458	0.00737
12	0.01195	0.01032	0.01084	0.00979	0.01253	0.01183	0.00761	0.02515	0.73113	0.02034	0.02238	0.02063	0.06903	0.00717	0.00513	0.00169	0.00385	0.00597	0.00504	0.00763
13	0.01387	0.00704	0.00911	0.00782	0.01021	0.00657	0.00613	0.01720	0.09786	0.34041	0.32245	0.09459	0.02802	0.00862	0.00547	0.00161	0.00335	0.00744	0.00565	0.00656
14	0.01003	0.01063	0.02204	0.01656	0.02015	0.00995	0.53356	0.01326	0.01131	0.01533	0.05603	0.22560	0.01628	0.00750	0.00601	0.00176	0.00664	0.00821	0.00323	0.00592
15	0.01390	0.74010	0.02481	0.00900	0.01308	0.10538	0.00865	0.01547	0.01056	0.01178	0.00701	0.00810	0.00640	0.00436	0.00334	0.00109	0.00573	0.00272	0.00218	0.00633
16	0.22097	0.01155	0.01583	0.10834	0.44839	0.05285	0.01213	0.01551	0.03941	0.01735	0.00904	0.01146	0.00734	0.00467	0.00447	0.00151	0.00558	0.00399	0.00269	0.00691
17	0.06465	0.01195	0.01345	0.01036	0.01426	0.01258	0.00856	0.49161	0.01966	0.28023	0.01421	0.01339	0.00957	0.00597	0.00489	0.00151	0.00499	0.00456	0.00527	0.00832
18	0.01394	0.00697	0.00886	0.00746	0.00987	0.00645	0.00594	0.06847	0.01425	0.31670	0.31129	0.02658	0.05673	0.00807	0.00525	0.00153	0.00334	0.02387	0.09807	0.00638
19	0.18964	0.01257	0.01260	0.01005	0.01369	0.05935	0.00821	0.41231	0.06051	0.15427	0.01243	0.01220	0.00874	0.00573	0.00458	0.00151	0.00507	0.00420	0.00466	0.00766
20	0.00939	0.00623	0.00805	0.00753	0.00863	0.00672	0.00552	0.08620	0.00975	0.06738	0.01466	0.03554	0.01428	0.29718	0.39432	0.00575	0.00890	0.00601	0.00329	0.00464
21	0.01375	0.60384	0.15423	0.00952	0.01426	0.01700	0.01006	0.01609	0.01065	0.09810	0.00866	0.00940	0.00703	0.00455	0.00365	0.00120	0.00555	0.00309	0.00257	0.00679
22	0.01973	0.00790	0.01072	0.00842	0.01182	0.00688	0.00688	0.02173	0.01424	0.66358	0.15228	0.02045	0.01830	0.00686	0.00516	0.00155	0.00392	0.00570	0.00605	0.00783
23	0.00941	0.00886	0.01495	0.81285	0.03433	0.01107	0.01384	0.01274	0.00997	0.01274	0.00886	0.01329	0.00664	0.00498	0.00498	0.00166	0.00664	0.00443	0.00221	0.00554
24	0.02236	0.00848	0.01157	0.00887	0.01272	0.00733	0.00733	0.02429	0.01427	0.79719	0.01966	0.01697	0.01234	0.00617	0.00501	0.00154	0.00424	0.00501	0.00617	0.00848
25	0.01387	0.01230	0.01886	0.02699	0.65458	0.06631	0.01403	0.01660	0.01186	0.10120	0.01038	0.01261	0.00828	0.00468	0.00491	0.00147	0.00595	0.00442	0.00288	0.00781
26	0.01115	0.00548	0.00587	0.00541	0.00700	0.00543	0.00417	0.04754	0.01145	0.10411	0.01644	0.01811	0.01253	0.00585	0.00372	0.00122	0.00267	0.00468	0.72192	0.00524
27	0.00920	0.00466	0.00473	0.00471	0.00587	0.00465	0.00353	0.01153	0.01060	0.01864	0.04723	0.01933	0.01414	0.00598	0.00358	0.00118	0.00232	0.00482	0.81864	0.00465
28	0.01504	0.01185	0.01222	0.01049	0.01344	0.09787	0.02568	0.17872	0.32833	0.12373	0.01771	0.08345	0.01430	0.00730	0.00518	0.00164	0.00490	0.03596	0.00481	0.00738
29	0.02129	0.01020	0.01263	0.00968	0.01358	0.00988	0.00800	0.26049	0.01714	0.55693	0.01725	0.01540	0.01113	0.00611	0.00500	0.00153	0.00463	0.00485	0.00580	0.00848
30	0.00610	0.00436	0.00581	0.00692	0.00724	0.00407	0.00463	0.00702	0.00969	0.01296	0.05228	0.79609	0.03342	0.01544	0.00635	0.00201	0.00287	0.01400	0.00465	0.00407
31	0.68861	0.00940	0.00819	0.00703	0.01027	0.01039	0.00579	0.01662	0.00967	0.18092	0.00954	0.00991	0.00682	0.00494	0.00348	0.00154	0.00393	0.00317	0.00372	0.00603
32	0.06547	0.00486	0.00614	0.00716	0.00773	0.00473	0.00505	0.00784	0.00968	0.01363	0.02593	0.68169	0.03059	0.01465	0.00619	0.00202	0.00314	0.09477	0.00452	0.00420
33	0.00692	0.00501	0.00646	0.00725	0.00793	0.00480	0.00518	0.04223	0.01076	0.01430	0.07581	0.61206	0.07173	0.01448	0.00630	0.00198	0.00314	0.09461	0.00469	0.00436
34	0.01520	0.01527	0.01429	0.01203	0.01422	0.27645	0.04979	0.19335	0.01404	0.01760	0.00955	0.01157	0.00776	0.00630	0.00765	0.00157	0.21768	0.00412	0.10530	0.00624
35	0.00725	0.00483	0.00544	0.00544	0.00544	0.00483	0.00302	0.00725	0.00725	0.00966	0.01571	0.03262	0.01812	0.82483	0.02537	0.00483	0.00483	0.00725	0.00302	0.00302
36	0.00636	0.00453	0.00594	0.00669	0.00715	0.00424	0.00453	0.00747	0.01032	0.01401	0.18449	0.60278	0.03481	0.07259	0.00763	0.00213	0.00292	0.01261	0.00469	0.00411
37	0.44214	0.07209	0.01115	0.05098	0.01272	0.09832	0.00720	0.11582	0.01179	0.08460	0.00976	0.04641	0.00787	0.00548	0.00390	0.00150	0.00488	0.00379	0.00349	0.00612
38	0.17867	0.00904	0.04949	0.00759	0.01026	0.01914	0.00640	0.11550	0.04397	0.12398	0.14830	0.01813	0.01632	0.00638	0.00436	0.00145	0.00372	0.00502	0.22617	0.00610

[dist]
# distance from previous block
# <min> <max>
0	1

[block]
# block no. 4 follows, 50 sequences, length 26
# corresponding to MSA columns:
# 275-300
name=unknown_E
#
# <colnr> <probs for GDERKNQSTAVLIFYWHMCP>
#	G	D	E	R	K	N	Q	S	T	A	V	L	I	F	Y	W	H	M	C	P
0	0.01230	0.36717	0.33719	0.01134	0.01673	0.01535	0.02571	0.08282	0.04621	0.01572	0.02186	0.01042	0.00764	0.00482	0.00415	0.00136	0.00611	0.00353	0.00257	0.00702
1	0.08703	0.62205	0.09157	0.00920	0.01350	0.08082	0.00922	0.01537	0.01034	0.01305	0.00717	0.00831	0.00630	0.00441	0.00343	0.00117	0.00567	0.00280	0.00225	0.00635
2	0.00688	0.00545	0.00632	0.00620	0.00769	0.00484	0.00453	0.00888	0.04266	0.01524	0.20882	0.22598	0.32306	0.02865	0.00618	0.00172	0.00278	0.01012	0.00466	0.07934
3	0.80614	0.00972	0.00770	0.00678	0.00992	0.01117	0.00558	0.03695	0.00912	0.05008	0.00754	0.00852	0.00573	0.00472	0.00321	0.00154	0.00392	0.00283	0.00325	0.00560
4	0.01217	0.48075	0.34230	0.01086	0.01639	0.01610	0.01255	0.01549	0.01038	0.03124	0.00804	0.00923	0.00650	0.00450	0.00387	0.00129	0.00614	0.00314	0.00221	0.00684
5	0.00685	0.00512	0.00594	0.00636	0.00740	0.00483	0.00452	0.00907	0.06866	0.01464	0.09200	0.39672	0.25969	0.01277	0.00583	0.00179	0.00277	0.01119	0.07937	0.00449
6	0.00636	0.00475	0.00591	0.00630	0.00719	0.00430	0.00447	0.00781	0.01147	0.01532	0.28786	0.38770	0.20605	0.01314	0.00610	0.00180	0.00263	0.01164	0.00491	0.00430
7	0.01079	0.01059	0.04980	0.05174	0.01613	0.00967	0.16936	0.06071	0.12160	0.01689	0.01409	0.11276	0.02982	0.00636	0.00543	0.00144	0.03801	0.00576	0.00342	0.26562
8	0.00707	0.00493	0.00648	0.00722	0.00780	0.00477	0.00508	0.00808	0.00989	0.04793	0.02814	0.65532	0.09663	0.01456	0.00673	0.00199	0.03967	0.03877	0.00458	0.00434
9	0.00827	0.00553	0.00740	0.00834	0.00949	0.00553	0.00719	0.01057	0.01128	0.01560	0.02450	0.04921	0.02572	0.01229	0.00625	0.00208	0.00417	0.61947	0.16250	0.00460
10	0.01197	0.01288	0.02619	0.02437	0.29509	0.01234	0.50916	0.01573	0.01162	0.01608	0.00984	0.01306	0.00768	0.00429	0.00555	0.00161	0.00753	0.00538	0.00250	0.00713
11	0.00894	0.00711	0.00755	0.00730	0.00834	0.06662	0.00533	0.04028	0.03763	0.01570	0.20372	0.15639	0.03620	0.14922	0.05425	0.00253	0.04060	0.02526	0.12239	0.00465
12	0.00693	0.00470	0.00553	0.00585	0.00593	0.00462	0.00346	0.00716	0.00787	0.01050	0.01891	0.24780	0.02217	0.60412	0.02019	0.00407	0.00430	0.00914	0.00346	0.00330
13	0.01041	0.02242	0.59786	0.01552	0.02199	0.01200	0.17127	0.01560	0.01061	0.01560	0.00904	0.01114	0.00658	0.00486	0.00564	0.00163	0.05435	0.00417	0.00219	0.00713
14	0.35744	0.01073	0.01086	0.00895	0.01223	0.01193	0.00733	0.21337	0.10685	0.15958	0.01205	0.01203	0.00864	0.00569	0.00474	0.00158	0.04068	0.00399	0.00431	0.00703
15	0.00593	0.00502	0.00513	0.00517	0.00677	0.00421	0.00385	0.00720	0.01135	0.01360	0.06903	0.08332	0.73706	0.01270	0.00591	0.00170	0.00254	0.01065	0.00465	0.00421
16	0.00724	0.00486	0.00557	0.00557	0.00562	0.00491	0.00319	0.00734	0.00729	0.00977	0.01558	0.03193	0.01782	0.78320	0.06659	0.00500	0.00528	0.00715	0.00300	0.00310
17	0.02055	0.01027	0.01247	0.00961	0.01339	0.01012	0.00792	0.29372	0.01738	0.48740	0.01675	0.01525	0.01097	0.00609	0.00493	0.00151	0.00460	0.00481	0.04395	0.00831
18	0.75939	0.00950	0.00784	0.00683	0.01001	0.01072	0.00563	0.01581	0.00918	0.11545	0.00847	0.00916	0.00623	0.00481	0.00332	0.00154	0.00390	0.00298	0.00346	0.00577
19	0.09203	0.01359	0.01430	0.01104	0.01495	0.01509	0.00912	0.71086	0.02214	0.03063	0.01153	0.01163	0.00821	0.00587	0.00482	0.00150	0.00534	0.00433	0.00482	0.00821
20	0.00716	0.00520	0.00729	0.00729	0.00793	0.00584	0.00533	0.00844	0.00780	0.01104	0.01401	0.02323	0.01405	0.25789	0.58673	0.00712	0.01097	0.00587	0.00277	0.00405
21	0.00721	0.00519	0.00659	0.00734	0.00795	0.00505	0.00505	0.07475	0.01077	0.01437	0.02611	0.75030	0.03081	0.01477	0.00624	0.00198	0.00312	0.01332	0.00466	0.00444
22	0.01137	0.01086	0.01848	0.28957	0.54232	0.01159	0.01482	0.01445	0.01089	0.01511	0.00920	0.01265	0.00748	0.00462	0.00495	0.00154	0.00616	0.00444	0.00238	0.00711
23	0.71670	0.04258	0.00864	0.00694	0.01017	0.01103	0.00578	0.01592	0.00930	0.12283	0.00860	0.00925	0.00634	0.00481	0.00334	0.00152	0.00397	0.00300	0.00345	0.00584
24	0.01303	0.75721	0.09416	0.00903	0.01357	0.01901	0.00940	0.01500	0.01016	0.01208	0.00711	0.00822	0.00639	0.00431	0.00333	0.00111	0.00551	0.00275	0.00213	0.00648
25	0.01513	0.38253	0.06519	0.01177	0.04932	0.32190	0.00995	0.03079	0.01188	0.01272	0.00753	0.00892	0.00651	0.00487	0.00449	0.00126	0.04347	0.00312	0.00237	0.00628

[dist]
# distance from previous block
# <min> <max>
0	1

[block]
# block no. 5 follows, 50 sequences, length 38
# corresponding to MSA columns:
# 302-339
name=unknown_F
#
# <colnr> <probs for GDERKNQSTAVLIFYWHMCP>
#	G	D	E	R	K	N	Q	S	T	A	V	L	I	F	Y	W	H	M	C	P
0	0.01474	0.01177	0.01309	0.01079	0.01406	0.01316	0.03332	0.33620	0.39294	0.02501	0.06754	0.01691	0.01428	0.00658	0.00512	0.00160	0.00462	0.00539	0.00498	0.00788
1	0.05585	0.00928	0.01064	0.00777	0.01206	0.00763	0.00627	0.07453	0.01156	0.07307	0.00977	0.01082	0.00772	0.00410	0.00386	0.00090	0.00388	0.00321	0.00335	0.68375
2	0.01362	0.00927	0.01050	0.00848	0.01144	0.00929	0.00682	0.31090	0.01697	0.11821	0.19422	0.02470	0.16090	0.00798	0.00525	0.00149	0.00395	0.00655	0.00502	0.07445
3	0.20535	0.01282	0.01281	0.01020	0.01385	0.04018	0.00836	0.49238	0.07138	0.06767	0.01168	0.01172	0.00839	0.00572	0.00456	0.00151	0.00507	0.00415	0.00455	0.00766
4	0.01365	0.00710	0.00910	0.00772	0.01016	0.00666	0.00609	0.01725	0.10853	0.32344	0.37370	0.02735	0.05135	0.00827	0.00544	0.00158	0.00329	0.00708	0.00568	0.00656
5	0.01708	0.01577	0.01373	0.01149	0.01477	0.23151	0.00909	0.36578	0.22705	0.02327	0.01305	0.01294	0.00974	0.00596	0.00487	0.00149	0.00603	0.00445	0.00435	0.00758
6	0.01966	0.07615	0.01326	0.00947	0.01324	0.09073	0.00781	0.10345	0.04312	0.48679	0.01584	0.01448	0.01059	0.00573	0.00472	0.00142	0.00490	0.00446	0.00508	0.06911
7	0.01121	0.31867	0.51676	0.01213	0.01837	0.01455	0.01481	0.01547	0.01038	0.01430	0.00821	0.00960	0.00634	0.00456	0.00417	0.00139	0.00662	0.00331	0.00211	0.00701
8	0.02217	0.00927	0.01170	0.00907	0.01286	0.04859	0.00745	0.02406	0.01426	0.75656	0.01905	0.01655	0.01203	0.00612	0.00499	0.00153	0.00449	0.00492	0.00598	0.00834
9	0.52351	0.00954	0.00925	0.00766	0.01106	0.01017	0.00631	0.06836	0.01141	0.28273	0.01154	0.01133	0.00793	0.00523	0.00386	0.00154	0.00409	0.00359	0.00424	0.00664
10	0.04552	0.00989	0.01222	0.01003	0.01320	0.03163	0.06855	0.05589	0.28344	0.27069	0.10231	0.01966	0.04080	0.00677	0.00514	0.00160	0.00438	0.00575	0.00511	0.00741
11	0.00619	0.00441	0.00584	0.00694	0.00724	0.00414	0.00466	0.00707	0.00949	0.01265	0.02686	0.75789	0.03210	0.05533	0.00731	0.00217	0.00304	0.03811	0.00455	0.00402
12	0.01091	0.01091	0.01527	0.01309	0.01309	0.01527	0.01091	0.01200	0.00763	0.01200	0.00654	0.01091	0.00654	0.00872	0.01636	0.00218	0.81570	0.00436	0.00218	0.00545
13	0.01992	0.01018	0.01239	0.00959	0.01328	0.01004	0.00789	0.29342	0.01755	0.46018	0.07849	0.01679	0.01372	0.00642	0.00507	0.00153	0.00454	0.00514	0.00569	0.00818
14	0.01733	0.01552	0.33210	0.01104	0.01633	0.00906	0.01184	0.02083	0.01274	0.47911	0.01530	0.01434	0.00989	0.00559	0.00490	0.00156	0.00551	0.00447	0.00451	0.00803
15	0.02236	0.00848	0.01157	0.00887	0.01272	0.00733	0.00733	0.02429	0.01427	0.79719	0.01966	0.01697	0.01234	0.00617	0.00501	0.00154	0.00424	0.00501	0.00617	0.00848
16	0.00607	0.00434	0.00578	0.00694	0.00723	0.00405	0.00463	0.00694	0.00954	0.01272	0.02747	0.82157	0.03297	0.01562	0.00636	0.00202	0.00289	0.01417	0.00463	0.00405
17	0.07266	0.01392	0.01408	0.01117	0.01462	0.09590	0.00913	0.51574	0.01936	0.10165	0.01152	0.01181	0.00829	0.00605	0.00572	0.00154	0.07030	0.00428	0.00451	0.00776
18	0.02157	0.00975	0.01235	0.00947	0.01336	0.00921	0.00782	0.19906	0.01640	0.61941	0.01788	0.01581	0.01144	0.00613	0.00501	0.00153	0.00453	0.00489	0.00589	0.00848
19	0.00866	0.00433	0.00649	0.00649	0.00649	0.00433	0.00433	0.00649	0.00649	0.00866	0.00866	0.01515	0.00866	0.01732	0.01948	0.85498	0.00433	0.00433	0.00216	0.00216
20	0.49160	0.00983	0.00962	0.00790	0.01134	0.01053	0.00652	0.11528	0.01220	0.26470	0.01154	0.01135	0.00795	0.00528	0.00393	0.00154	0.00418	0.00365	0.00429	0.00675
21	0.00607	0.00434	0.00578	0.00694	0.00723	0.00405	0.00463	0.00694	0.00954	0.01272	0.02747	0.82157	0.03297	0.01562	0.00636	0.00202	0.00289	0.01417	0.00463	0.00405
22	0.00665	0.00449	0.00599	0.00701	0.00743	0.00417	0.00472	0.00756	0.00971	0.04074	0.02719	0.79283	0.03223	0.01528	0.00631	0.00201	0.00294	0.01384	0.00468	0.00421
23	0.00774	0.00497	0.00649	0.00717	0.00789	0.00465	0.00496	0.03084	0.01038	0.07592	0.02712	0.70918	0.05463	0.01449	0.00620	0.00196	0.00306	0.01304	0.00476	0.00454
24	0.05114	0.01081	0.01126	0.01004	0.01292	0.01248	0.00785	0.05996	0.71503	0.02140	0.01931	0.01782	0.01446	0.00663	0.00498	0.00168	0.00401	0.00545	0.00498	0.00780
25	0.00660	0.00517	0.00767	0.00799	0.00880	0.00481	0.06478	0.00782	0.00995	0.01314	0.02790	0.66041	0.09136	0.01440	0.00631	0.00198	0.00337	0.04877	0.00446	0.00430
26	0.00599	0.00485	0.00532	0.00563	0.00690	0.00418	0.00406	0.00718	0.01095	0.01351	0.07243	0.26712	0.54774	0.01338	0.00602	0.00178	0.00262	0.01150	0.00466	0.00418
27	0.04205	0.00922	0.01053	0.00762	0.01197	0.00739	0.00612	0.06294	0.01113	0.01746	0.00899	0.01036	0.00738	0.00388	0.00375	0.00082	0.00382	0.00304	0.00309	0.76841
28	0.01503	0.01145	0.01272	0.00950	0.01369	0.01115	0.00776	0.40245	0.01711	0.04406	0.01072	0.01134	0.00807	0.00492	0.00439	0.00115	0.00462	0.00379	0.00407	0.40200
29	0.74780	0.00983	0.00811	0.00703	0.01022	0.01118	0.00579	0.06331	0.00983	0.07780	0.00816	0.00897	0.00608	0.00482	0.00334	0.00154	0.00399	0.00298	0.00342	0.00581
30	0.01292	0.73034	0.12006	0.00922	0.01386	0.01873	0.00973	0.01503	0.01018	0.01222	0.00717	0.00830	0.00639	0.00432	0.00339	0.00113	0.00558	0.00279	0.00213	0.00651
31	0.00750	0.00529	0.00610	0.00612	0.00660	0.00527	0.00388	0.02808	0.04420	0.01246	0.09607	0.16468	0.06311	0.50892	0.01782	0.00365	0.00412	0.00861	0.00376	0.00378
32	0.00723	0.00506	0.00650	0.00614	0.00732	0.00470	0.00461	0.00958	0.01382	0.01988	0.72925	0.03574	0.04430	0.00984	0.00569	0.00154	0.00235	0.00867	0.07310	0.00470
33	0.01999	0.01174	0.01425	0.01086	0.01484	0.01206	0.04336	0.44048	0.01923	0.33802	0.01497	0.01404	0.00999	0.00598	0.00504	0.00152	0.00512	0.00476	0.00535	0.00840
34	0.00669	0.00457	0.00626	0.00716	0.00755	0.00445	0.00502	0.00740	0.00921	0.01231	0.02376	0.56480	0.02770	0.04046	0.07221	0.09971	0.00412	0.08859	0.00414	0.00389
35	0.00795	0.00563	0.00731	0.00774	0.00907	0.00540	0.00637	0.01032	0.03487	0.04185	0.19266	0.09800	0.15957	0.01248	0.00635	0.00198	0.00363	0.37922	0.00486	0.00474
36	0.12529	0.03067	0.05521	0.01242	0.03751	0.12683	0.12514	0.04569	0.32653	0.01859	0.01391	0.03777	0.01093	0.00587	0.00482	0.00159	0.00562	0.00495	0.00375	0.00693
37	0.12636	0.08812	0.03558	0.01017	0.01347	0.11904	0.00839	0.14317	0.34126	0.04359	0.01394	0.01361	0.01052	0.00583	0.00454	0.00152	0.00509	0.00439	0.00414	0.00724

[dist]
# distance from previous block
# <min> <max>
0	3

[block]
# block no. 6 follows, 50 sequences, length 87
# corresponding to MSA columns:
# 343-429
name=unknown_G
#
# <colnr> <probs for GDERKNQSTAVLIFYWHMCP>
#	G	D	E	R	K	N	Q	S	T	A	V	L	I	F	Y	W	H	M	C	P
0	0.09912	0.01364	0.03641	0.05226	0.14463	0.11149	0.32058	0.01701	0.07340	0.03682	0.01030	0.01248	0.00792	0.00468	0.00504	0.00154	0.00688	0.00473	0.00287	0.03820
1	0.13497	0.01419	0.03935	0.01233	0.01570	0.17742	0.15504	0.11042	0.04579	0.01778	0.01000	0.04343	0.00832	0.00559	0.00566	0.00149	0.07698	0.00443	0.00313	0.11799
2	0.00829	0.00620	0.00836	0.00935	0.06768	0.00607	0.00693	0.01026	0.01174	0.04664	0.16136	0.07690	0.21475	0.01172	0.00666	0.00191	0.04110	0.29459	0.00455	0.00494
3	0.00650	0.00467	0.00572	0.00620	0.00672	0.00437	0.00410	0.00741	0.00984	0.01307	0.13833	0.39762	0.13133	0.22760	0.01124	0.00265	0.00328	0.01112	0.00433	0.00389
4	0.07575	0.00891	0.01041	0.05523	0.01301	0.00727	0.00637	0.01301	0.01027	0.03557	0.00898	0.01050	0.00731	0.00390	0.00375	0.00087	0.00389	0.00307	0.00300	0.71893
5	0.01867	0.01382	0.01480	0.01141	0.01535	0.01533	0.00941	0.74485	0.05616	0.03096	0.01232	0.01225	0.00877	0.00602	0.00499	0.00150	0.00542	0.00454	0.00499	0.00845
6	0.00658	0.00498	0.00563	0.00557	0.00662	0.00450	0.00388	0.00780	0.01098	0.01426	0.24702	0.07424	0.35017	0.22334	0.01097	0.00248	0.00309	0.00941	0.00445	0.00403
7	0.01288	0.01311	0.01732	0.14784	0.43549	0.13875	0.01315	0.03211	0.04261	0.01540	0.00938	0.01205	0.00769	0.00491	0.00530	0.00148	0.04017	0.00422	0.00261	0.04352
8	0.01495	0.01579	0.01779	0.02199	0.41379	0.25946	0.03253	0.10096	0.01341	0.01651	0.00905	0.01122	0.00744	0.00499	0.00529	0.00145	0.03933	0.00410	0.00277	0.00717
9	0.00650	0.00460	0.00578	0.00655	0.00689	0.00437	0.00434	0.00724	0.00913	0.01205	0.02546	0.51490	0.07142	0.23847	0.01161	0.00280	0.00351	0.05639	0.00418	0.00381
10	0.00704	0.00518	0.00674	0.00738	0.00837	0.00494	0.00575	0.00900	0.02696	0.01520	0.18625	0.29224	0.12816	0.01334	0.00635	0.00197	0.00333	0.26256	0.00480	0.00446
11	0.81005	0.00990	0.00778	0.00685	0.00999	0.01144	0.00564	0.05997	0.00937	0.02290	0.00724	0.00833	0.00558	0.00471	0.00320	0.00154	0.00395	0.00281	0.00320	0.00558
12	0.00664	0.00474	0.00643	0.00759	0.00812	0.00454	0.00561	0.00792	0.01010	0.01336	0.02716	0.60105	0.03173	0.01508	0.00651	0.00210	0.00338	0.22912	0.00462	0.00420
13	0.00612	0.00437	0.00584	0.00700	0.00731	0.00409	0.00472	0.00703	0.00959	0.01278	0.02744	0.80162	0.03286	0.01557	0.00638	0.00203	0.00294	0.03362	0.00463	0.00406
14	0.01148	0.01455	0.11000	0.05433	0.02593	0.01243	0.66298	0.01581	0.01156	0.01581	0.00991	0.01313	0.00739	0.00429	0.00572	0.00167	0.00822	0.00559	0.00246	0.00674
15	0.01895	0.01396	0.01496	0.01147	0.01546	0.01546	0.00947	0.77711	0.02344	0.03141	0.01197	0.01197	0.00848	0.00598	0.00499	0.00150	0.00548	0.00449	0.00499	0.00848
16	0.01144	0.00989	0.01364	0.01003	0.01433	0.00847	0.12984	0.02763	0.10431	0.04828	0.01092	0.01212	0.00857	0.00428	0.00428	0.00105	0.00453	0.00385	0.00330	0.56925
17	0.01030	0.01016	0.01405	0.01218	0.01233	0.01391	0.01007	0.01140	0.00802	0.01215	0.01105	0.04409	0.07422	0.00931	0.01510	0.00213	0.71651	0.00525	0.00248	0.00529
18	0.00615	0.00440	0.00585	0.00689	0.00725	0.00410	0.00463	0.00714	0.00991	0.01331	0.08935	0.75801	0.03411	0.01518	0.00632	0.00199	0.00285	0.01375	0.00470	0.00410
19	0.01225	0.56929	0.27525	0.01036	0.01562	0.01710	0.01172	0.01520	0.01026	0.01304	0.00758	0.00881	0.00637	0.00442	0.00369	0.00123	0.00599	0.00299	0.00212	0.00671
