[name]
unknown

[dist]
# distance from previous block
# <min> <max>
0	157

[block]
# block no. 0 follows, 43 sequences, length 13
# corresponding to MSA columns:
# 208-220
name=unknown_A
#
# <colnr> <probs for GDERKNQSTAVLIFYWHMCP>
#	G	D	E	R	K	N	Q	S	T	A	V	L	I	F	Y	W	H	M	C	P
0	0.00892	0.00637	0.00892	0.01020	0.01147	0.00637	0.00892	0.01147	0.01275	0.01657	0.02932	0.06247	0.03187	0.01530	0.00765	0.00255	0.00510	0.73354	0.00510	0.00510
1	0.00693	0.00563	0.00614	0.00601	0.00772	0.00484	0.00451	0.00869	0.01353	0.01711	0.26686	0.04977	0.55647	0.01323	0.00654	0.00183	0.00275	0.01119	0.00543	0.00484
2	0.01148	0.00984	0.01148	0.00820	0.01312	0.00738	0.00656	0.01395	0.01148	0.01805	0.00984	0.01148	0.00820	0.00410	0.00410	0.00082	0.00410	0.00328	0.00328	0.83922
3	0.01077	0.00928	0.00965	0.00891	0.01152	0.00999	0.00687	0.02049	0.44934	0.01975	0.03651	0.03425	0.32982	0.01022	0.00601	0.00188	0.00373	0.00852	0.00543	0.00706
4	0.00655	0.00561	0.00561	0.00561	0.00748	0.00468	0.00421	0.00795	0.01262	0.01496	0.05610	0.05330	0.76857	0.01403	0.00655	0.00187	0.00281	0.01169	0.00514	0.00468
5	0.02080	0.02317	0.01597	0.01382	0.01714	0.55633	0.01065	0.23834	0.01876	0.01988	0.00996	0.01097	0.00781	0.00599	0.00516	0.00150	0.00883	0.00399	0.00365	0.00731
6	0.00784	0.00566	0.00740	0.00697	0.00827	0.00523	0.00523	0.01045	0.01568	0.02221	0.76789	0.04137	0.05226	0.01132	0.00653	0.00174	0.00261	0.01002	0.00610	0.00523
7	0.01378	0.01190	0.01252	0.01127	0.01440	0.01378	0.00877	0.02943	0.76081	0.02317	0.02254	0.02066	0.01691	0.00751	0.00564	0.00188	0.00438	0.00626	0.00564	0.00877
8	0.01159	0.01021	0.01236	0.00922	0.01335	0.00892	0.00745	0.01385	0.01100	0.01729	0.00943	0.01159	0.00805	0.00500	0.00636	0.00108	0.13082	0.00353	0.00314	0.70577
9	0.01212	0.01212	0.01696	0.01454	0.01454	0.01696	0.01212	0.01333	0.00848	0.01333	0.00727	0.01212	0.00727	0.00969	0.01818	0.00242	0.79523	0.00485	0.00242	0.00606
10	0.02105	0.01551	0.01662	0.01274	0.01717	0.01717	0.01053	0.75235	0.02604	0.03490	0.01330	0.01330	0.00942	0.00665	0.00554	0.00166	0.00609	0.00499	0.00554	0.00942
11	0.01322	0.01043	0.01211	0.00878	0.01361	0.00847	0.00707	0.09387	0.01328	0.05985	0.01085	0.01207	0.00862	0.00452	0.00433	0.00096	0.00435	0.00359	0.00371	0.70631
12	0.26754	0.00981	0.01146	0.00909	0.01312	0.00941	0.00751	0.02382	0.01395	0.55264	0.01766	0.01593	0.01143	0.00635	0.00494	0.00171	0.00459	0.00481	0.00584	0.00841

[dist]
# distance from previous block
# <min> <max>
4	7

[block]
# block no. 1 follows, 43 sequences, length 23
# corresponding to MSA columns:
# 228-250
name=unknown_B
#
# <colnr> <probs for GDERKNQSTAVLIFYWHMCP>
#	G	D	E	R	K	N	Q	S	T	A	V	L	I	F	Y	W	H	M	C	P
0	0.00697	0.00554	0.00573	0.00573	0.00708	0.00487	0.00397	0.00798	0.01134	0.01377	0.04523	0.04850	0.55795	0.23672	0.01264	0.00285	0.00353	0.01067	0.00464	0.00430
1	0.00759	0.00517	0.00618	0.00664	0.00675	0.00506	0.00400	0.00793	0.00897	0.01196	0.02213	0.31047	0.02604	0.52307	0.02062	0.00425	0.00460	0.01081	0.00400	0.00377
2	0.01111	0.02865	0.77667	0.01579	0.02397	0.01286	0.02046	0.01754	0.01169	0.01754	0.00994	0.01169	0.00702	0.00526	0.00526	0.00175	0.00818	0.00409	0.00234	0.00818
3	0.01481	0.80869	0.02902	0.00948	0.01421	0.02191	0.00948	0.01658	0.01125	0.01303	0.00770	0.00888	0.00711	0.00474	0.00355	0.00118	0.00592	0.00296	0.00237	0.00711
4	0.01433	0.01217	0.01284	0.01138	0.01461	0.01404	0.00890	0.08496	0.70437	0.02407	0.02183	0.02010	0.01633	0.00745	0.00563	0.00186	0.00451	0.00616	0.00563	0.00882
5	0.00675	0.00482	0.00643	0.00771	0.00803	0.00450	0.00514	0.00771	0.01060	0.01414	0.03053	0.80175	0.03663	0.01735	0.00707	0.00225	0.00321	0.01574	0.00514	0.00450
6	0.01906	0.01656	0.01536	0.01255	0.01619	0.16755	0.01007	0.44910	0.11705	0.02748	0.01452	0.01474	0.02914	0.00687	0.00592	0.00167	0.03707	0.00504	0.02567	0.00839
7	0.01296	0.01461	0.03086	0.02233	0.02728	0.01435	0.66533	0.01723	0.01254	0.01723	0.01075	0.01461	0.00827	0.00525	0.00788	0.00193	0.10018	0.00634	0.00276	0.00731
8	0.00675	0.00482	0.00643	0.00771	0.00803	0.00450	0.00514	0.00771	0.01060	0.01414	0.03053	0.80175	0.03663	0.01735	0.00707	0.00225	0.00321	0.01574	0.00514	0.00450
9	0.01307	0.01494	0.03268	0.02334	0.02894	0.01401	0.75070	0.01774	0.01307	0.01774	0.01120	0.01494	0.00840	0.00467	0.00654	0.00187	0.00934	0.00654	0.00280	0.00747
10	0.01786	0.01780	0.01295	0.01134	0.01413	0.38001	0.00874	0.19512	0.01703	0.02068	0.01237	0.01378	0.00967	0.00614	0.00481	0.00145	0.00697	0.00436	0.23799	0.00679
11	0.00659	0.00542	0.00581	0.00612	0.00761	0.00463	0.00443	0.00789	0.01213	0.01476	0.04990	0.23491	0.59097	0.01483	0.00667	0.00196	0.00290	0.01267	0.00514	0.00463
12	0.01046	0.00984	0.01661	0.79205	0.03814	0.01230	0.01538	0.01415	0.01107	0.01415	0.00984	0.01477	0.00738	0.00554	0.00554	0.00185	0.00738	0.00492	0.00246	0.00615
13	0.01111	0.02865	0.77667	0.01579	0.02397	0.01286	0.02046	0.01754	0.01169	0.01754	0.00994	0.01169	0.00702	0.00526	0.00526	0.00175	0.00818	0.00409	0.00234	0.00818
14	0.01753	0.01376	0.01464	0.01203	0.01583	0.01553	0.00967	0.40237	0.38176	0.02922	0.01777	0.01686	0.01304	0.00707	0.00559	0.00177	0.00527	0.00560	0.00559	0.00910
15	0.00784	0.00566	0.00740	0.00697	0.00827	0.00523	0.00523	0.01045	0.01568	0.02221	0.76789	0.04137	0.05226	0.01132	0.00653	0.00174	0.00261	0.01002	0.00610	0.00523
16	0.01316	0.00767	0.01152	0.00945	0.01204	0.00694	0.08221	0.01585	0.01546	0.23350	0.48063	0.03233	0.03693	0.00939	0.00626	0.00175	0.00389	0.00841	0.00597	0.00664
17	0.01284	0.01425	0.02887	0.02121	0.02545	0.01472	0.57149	0.01667	0.01196	0.01667	0.01025	0.01425	0.00813	0.00589	0.00936	0.00200	0.20003	0.00613	0.00271	0.00713
18	0.00892	0.00637	0.00892	0.01020	0.01147	0.00637	0.00892	0.01147	0.01275	0.01657	0.02932	0.06247	0.03187	0.01530	0.00765	0.00255	0.00510	0.73354	0.00510	0.00510
19	0.01371	0.01316	0.02248	0.03399	0.77081	0.01316	0.01700	0.01700	0.01261	0.01809	0.01042	0.01371	0.00877	0.00493	0.00548	0.00164	0.00658	0.00493	0.00274	0.00877
20	0.02069	0.02640	0.01569	0.01427	0.01712	0.78313	0.01070	0.02212	0.01569	0.01355	0.00856	0.00999	0.00713	0.00571	0.00499	0.00143	0.00999	0.00357	0.00285	0.00642
21	0.02000	0.01449	0.01549	0.01200	0.01612	0.01599	0.00987	0.67958	0.02462	0.03350	0.01377	0.01402	0.00989	0.00663	0.00538	0.00163	0.00575	0.00500	0.08728	0.00900
22	0.01998	0.01403	0.01531	0.01209	0.01623	0.01539	0.00987	0.51469	0.17897	0.12015	0.01625	0.01550	0.01150	0.00685	0.00556	0.00171	0.00557	0.00532	0.00572	0.00928

[dist]
# distance from previous block
# <min> <max>
16	23

[block]
# block no. 2 follows, 43 sequences, length 13
# corresponding to MSA columns:
# 281-293
name=unknown_C
#
# <colnr> <probs for GDERKNQSTAVLIFYWHMCP>
#	G	D	E	R	K	N	Q	S	T	A	V	L	I	F	Y	W	H	M	C	P
0	0.01060	0.00770	0.00917	0.00907	0.01049	0.00791	0.00659	0.20825	0.01476	0.01973	0.02589	0.58941	0.02930	0.01447	0.00666	0.00209	0.00399	0.01285	0.00525	0.00582
1	0.01816	0.01273	0.01353	0.01070	0.01429	0.01394	0.00873	0.55321	0.02215	0.03106	0.01458	0.01528	0.01070	0.00660	0.00509	0.00156	0.00515	0.00503	0.22922	0.00827
2	0.01915	0.01034	0.01267	0.00983	0.01410	0.00945	0.00797	0.06974	0.14050	0.39786	0.01819	0.01682	0.01249	0.00621	0.00518	0.00150	0.00458	0.00503	0.00560	0.23279
3	0.02105	0.01551	0.01662	0.01274	0.01717	0.01717	0.01053	0.75235	0.02604	0.03490	0.01330	0.01330	0.00942	0.00665	0.00554	0.00166	0.00609	0.00499	0.00554	0.00942
4	0.00675	0.00482	0.00643	0.00771	0.00803	0.00450	0.00514	0.00771	0.01060	0.01414	0.03053	0.80175	0.03663	0.01735	0.00707	0.00225	0.00321	0.01574	0.00514	0.00450
5	0.01148	0.00984	0.01148	0.00820	0.01312	0.00738	0.00656	0.01395	0.01148	0.01805	0.00984	0.01148	0.00820	0.00410	0.00410	0.00082	0.00410	0.00328	0.00328	0.83922
6	0.01563	0.69900	0.02715	0.01015	0.01462	0.12865	0.00965	0.01736	0.01188	0.01310	0.00782	0.00904	0.00711	0.00487	0.00376	0.00122	0.00649	0.00305	0.00244	0.00701
7	0.00675	0.00482	0.00643	0.00771	0.00803	0.00450	0.00514	0.00771	0.01060	0.01414	0.03053	0.80175	0.03663	0.01735	0.00707	0.00225	0.00321	0.01574	0.00514	0.00450
8	0.01711	0.01495	0.01465	0.01291	0.04200	0.11566	0.00988	0.28949	0.34429	0.02563	0.01666	0.01639	0.01252	0.00806	0.03266	0.00198	0.00618	0.00539	0.00504	0.00856
9	0.24894	0.01177	0.01080	0.00915	0.01239	0.08793	0.00732	0.17442	0.01557	0.12493	0.07580	0.02241	0.16107	0.00795	0.00517	0.00171	0.00489	0.00605	0.00482	0.00692
10	0.05351	0.01008	0.01166	0.00984	0.01291	0.01046	0.00778	0.13275	0.20688	0.24344	0.10090	0.02409	0.01913	0.09243	0.00807	0.00217	0.00468	0.03572	0.00567	0.00783
11	0.31376	0.01706	0.01142	0.01040	0.01330	0.35858	0.00800	0.01830	0.04325	0.01853	0.04753	0.01605	0.08988	0.00671	0.00469	0.00161	0.00663	0.00462	0.00356	0.00613
12	0.05058	0.01295	0.01300	0.01075	0.01412	0.11662	0.00854	0.08602	0.15179	0.11614	0.01566	0.03477	0.03829	0.00685	0.00645	0.00157	0.08906	0.00508	0.00435	0.21743

[dist]
# distance from previous block
# <min> <max>
12	33

[block]
# block no. 3 follows, 43 sequences, length 14
# corresponding to MSA columns:
# 327-340
name=unknown_D
#
# <colnr> <probs for GDERKNQSTAVLIFYWHMCP>
#	G	D	E	R	K	N	Q	S	T	A	V	L	I	F	Y	W	H	M	C	P
0	0.00782	0.00593	0.00756	0.00775	0.00911	0.00516	0.00544	0.00924	0.01122	0.01564	0.08984	0.57237	0.03209	0.01408	0.00641	0.00191	0.00335	0.01267	0.00484	0.17757
1	0.01461	0.01656	0.01380	0.01262	0.01412	0.34458	0.00985	0.01599	0.01233	0.01373	0.01487	0.07065	0.06491	0.03611	0.02898	0.00221	0.24748	0.05757	0.00321	0.00583
2	0.01844	0.06601	0.01495	0.01227	0.01554	0.34898	0.00956	0.02511	0.28366	0.12620	0.01545	0.01504	0.01159	0.00646	0.00522	0.00162	0.00697	0.00479	0.00440	0.00774
3	0.06986	0.51748	0.13134	0.01085	0.01584	0.06552	0.01098	0.09225	0.01298	0.01671	0.00864	0.00981	0.00726	0.00509	0.00408	0.00136	0.00640	0.00337	0.00279	0.00738
4	0.01150	0.01154	0.01652	0.71253	0.03600	0.09111	0.01490	0.01496	0.01155	0.01409	0.00971	0.01428	0.00736	0.00555	0.00548	0.00180	0.00765	0.00478	0.00250	0.00618
5	0.01154	0.01042	0.01661	0.71238	0.03600	0.01280	0.01488	0.08962	0.01260	0.01627	0.01020	0.01462	0.00759	0.00565	0.00554	0.00183	0.00725	0.00493	0.00278	0.00649
6	0.01303	0.01247	0.02126	0.19111	0.61896	0.01298	0.01666	0.01641	0.01229	0.01728	0.01030	0.01393	0.00848	0.00506	0.00549	0.00169	0.00675	0.00493	0.00268	0.00823
7	0.02105	0.01551	0.01662	0.01274	0.01717	0.01717	0.01053	0.75235	0.02604	0.03490	0.01330	0.01330	0.00942	0.00665	0.00554	0.00166	0.00609	0.00499	0.00554	0.00942
8	0.00962	0.00481	0.00722	0.00722	0.00722	0.00481	0.00481	0.00722	0.00722	0.00962	0.00962	0.01684	0.00962	0.01924	0.02165	0.83886	0.00481	0.00481	0.00241	0.00241
9	0.01378	0.01190	0.01252	0.01127	0.01440	0.01378	0.00877	0.02943	0.76081	0.02317	0.02254	0.02066	0.01691	0.00751	0.00564	0.00188	0.00438	0.00626	0.00564	0.00877
10	0.16553	0.00989	0.01148	0.00940	0.01315	0.00978	0.00763	0.02434	0.16184	0.44425	0.02175	0.01974	0.06265	0.00716	0.00527	0.00176	0.00445	0.00566	0.00590	0.00838
11	0.00764	0.00578	0.00641	0.00617	0.00797	0.00497	0.00466	0.00942	0.01363	0.04701	0.26034	0.04850	0.53191	0.01296	0.00650	0.00183	0.00282	0.01096	0.00549	0.00502
12	0.01462	0.52935	0.20585	0.01155	0.01689	0.11044	0.01224	0.01747	0.01189	0.01417	0.00834	0.00969	0.00709	0.00498	0.00413	0.00135	0.00695	0.00330	0.00242	0.00728
13	0.01481	0.80869	0.02902	0.00948	0.01421	0.02191	0.00948	0.01658	0.01125	0.01303	0.00770	0.00888	0.00711	0.00474	0.00355	0.00118	0.00592	0.00296	0.00237	0.00711

[dist]
# distance from previous block
# <min> <max>
6	14

[block]
# block no. 4 follows, 43 sequences, length 20
# corresponding to MSA columns:
# 355-374
name=unknown_E
#
# <colnr> <probs for GDERKNQSTAVLIFYWHMCP>
#	G	D	E	R	K	N	Q	S	T	A	V	L	I	F	Y	W	H	M	C	P
0	0.02105	0.01551	0.01662	0.01274	0.01717	0.01717	0.01053	0.75235	0.02604	0.03490	0.01330	0.01330	0.00942	0.00665	0.00554	0.00166	0.00609	0.00499	0.00554	0.00942
1	0.00769	0.00572	0.00720	0.00702	0.00843	0.00523	0.00539	0.01006	0.01478	0.02021	0.55335	0.04583	0.19235	0.01225	0.00665	0.00185	0.00290	0.08218	0.00581	0.00510
2	0.02105	0.01551	0.01662	0.01274	0.01717	0.01717	0.01053	0.75235	0.02604	0.03490	0.01330	0.01330	0.00942	0.00665	0.00554	0.00166	0.00609	0.00499	0.00554	0.00942
3	0.00675	0.00482	0.00643	0.00771	0.00803	0.00450	0.00514	0.00771	0.01060	0.01414	0.03053	0.80175	0.03663	0.01735	0.00707	0.00225	0.00321	0.01574	0.00514	0.00450
4	0.02038	0.01518	0.01624	0.01261	0.01692	0.01686	0.01036	0.68588	0.09360	0.03382	0.01415	0.01397	0.01011	0.00673	0.00555	0.00168	0.00594	0.00510	0.00555	0.00936
5	0.02105	0.01551	0.01662	0.01274	0.01717	0.01717	0.01053	0.75235	0.02604	0.03490	0.01330	0.01330	0.00942	0.00665	0.00554	0.00166	0.00609	0.00499	0.00554	0.00942
6	0.00675	0.00482	0.00643	0.00771	0.00803	0.00450	0.00514	0.00771	0.01060	0.01414	0.03053	0.80175	0.03663	0.01735	0.00707	0.00225	0.00321	0.01574	0.00514	0.00450
7	0.01459	0.76318	0.07265	0.00984	0.01478	0.02139	0.01012	0.01664	0.01128	0.01329	0.00783	0.00905	0.00710	0.00477	0.00365	0.00122	0.00605	0.00303	0.00237	0.00717
8	0.02105	0.01551	0.01662	0.01274	0.01717	0.01717	0.01053	0.75235	0.02604	0.03490	0.01330	0.01330	0.00942	0.00665	0.00554	0.00166	0.00609	0.00499	0.00554	0.00942
9	0.01111	0.02865	0.77667	0.01579	0.02397	0.01286	0.02046	0.01754	0.01169	0.01754	0.00994	0.01169	0.00702	0.00526	0.00526	0.00175	0.00818	0.00409	0.00234	0.00818
10	0.01111	0.02865	0.77667	0.01579	0.02397	0.01286	0.02046	0.01754	0.01169	0.01754	0.00994	0.01169	0.00702	0.00526	0.00526	0.00175	0.00818	0.00409	0.00234	0.00818
11	0.01276	0.01393	0.02847	0.02034	0.02581	0.01269	0.60307	0.01699	0.01276	0.01780	0.01093	0.01425	0.00836	0.00456	0.00605	0.00166	0.00830	0.00589	0.00290	0.17249
12	0.01111	0.02865	0.77667	0.01579	0.02397	0.01286	0.02046	0.01754	0.01169	0.01754	0.00994	0.01169	0.00702	0.00526	0.00526	0.00175	0.00818	0.00409	0.00234	0.00818
13	0.01684	0.01280	0.01379	0.01160	0.01522	0.01436	0.00925	0.24749	0.48072	0.08548	0.01970	0.01830	0.01440	0.00720	0.00560	0.00180	0.00493	0.00582	0.00570	0.00901
14	0.00661	0.00537	0.00586	0.00624	0.00765	0.00462	0.00449	0.00788	0.01201	0.01471	0.04838	0.27926	0.54759	0.01503	0.00670	0.00198	0.00293	0.01291	0.00514	0.00462
15	0.01043	0.00891	0.01434	0.63594	0.03186	0.01089	0.01310	0.01390	0.01118	0.01544	0.01148	0.01593	0.00873	0.00572	0.00521	0.00174	0.00643	0.00497	0.16785	0.00596
16	0.01491	0.00787	0.01009	0.00860	0.01124	0.00742	0.00677	0.01904	0.11273	0.30084	0.39474	0.03034	0.03339	0.00917	0.00606	0.00175	0.00362	0.00788	0.00632	0.00724
17	0.01674	0.01271	0.01288	0.01125	0.01460	0.08333	0.00881	0.02824	0.53589	0.18006	0.02111	0.01930	0.01534	0.00721	0.00556	0.00180	0.00497	0.00587	0.00564	0.00869
18	0.01184	0.18341	0.62834	0.01453	0.02203	0.01466	0.01828	0.01735	0.01161	0.01664	0.00949	0.01114	0.00703	0.00516	0.00492	0.00164	0.00774	0.00387	0.00234	0.00797
19	0.01228	0.01340	0.02783	0.25542	0.03172	0.01349	0.52870	0.01666	0.01247	0.01666	0.01079	0.01489	0.00810	0.00493	0.00623	0.00186	0.00875	0.00605	0.00270	0.00707

[dist]
# distance from previous block
# <min> <max>
0	1

[block]
# block no. 5 follows, 43 sequences, length 38
# corresponding to MSA columns:
# 376-413
name=unknown_F
#
# <colnr> <probs for GDERKNQSTAVLIFYWHMCP>
#	G	D	E	R	K	N	Q	S	T	A	V	L	I	F	Y	W	H	M	C	P
0	0.01099	0.01057	0.01672	0.54278	0.03058	0.01380	0.01433	0.01389	0.01024	0.01389	0.00902	0.01392	0.00735	0.00687	0.00959	0.00203	0.25997	0.00490	0.00245	0.00612
1	0.01374	0.01515	0.01632	0.54269	0.03140	0.25944	0.01388	0.01670	0.01256	0.01396	0.00943	0.01323	0.00730	0.00559	0.00536	0.00171	0.00822	0.00449	0.00259	0.00624
2	0.01046	0.00984	0.01661	0.79205	0.03814	0.01230	0.01538	0.01415	0.01107	0.01415	0.00984	0.01477	0.00738	0.00554	0.00554	0.00185	0.00738	0.00492	0.00246	0.00615
3	0.01872	0.01435	0.01531	0.01227	0.01629	0.01609	0.00996	0.52057	0.26161	0.03114	0.01626	0.01566	0.01182	0.00693	0.00557	0.00173	0.00555	0.00540	0.00557	0.00921
4	0.02360	0.01227	0.01399	0.01090	0.01511	0.07359	0.00892	0.19991	0.01827	0.53574	0.01872	0.01680	0.01215	0.00671	0.00552	0.00168	0.00547	0.00527	0.00621	0.00918
5	0.01046	0.00984	0.01661	0.79205	0.03814	0.01230	0.01538	0.01415	0.01107	0.01415	0.00984	0.01477	0.00738	0.00554	0.00554	0.00185	0.00738	0.00492	0.00246	0.00615
6	0.02017	0.02534	0.01576	0.01472	0.03961	0.72532	0.01080	0.02229	0.04921	0.01412	0.00925	0.01058	0.00762	0.00577	0.00504	0.00145	0.00963	0.00373	0.00298	0.00660
7	0.02105	0.01551	0.01662	0.01274	0.01717	0.01717	0.01053	0.75235	0.02604	0.03490	0.01330	0.01330	0.00942	0.00665	0.00554	0.00166	0.00609	0.00499	0.00554	0.00942
8	0.01435	0.01177	0.01254	0.01120	0.01439	0.01348	0.00873	0.02930	0.72197	0.06234	0.02251	0.02057	0.01674	0.00748	0.00563	0.00187	0.00440	0.00623	0.00570	0.00880
9	0.84448	0.01071	0.00814	0.00728	0.01071	0.01242	0.00600	0.01628	0.00943	0.02485	0.00771	0.00900	0.00600	0.00514	0.00343	0.00171	0.00428	0.00300	0.00343	0.00600
10	0.84448	0.01071	0.00814	0.00728	0.01071	0.01242	0.00600	0.01628	0.00943	0.02485	0.00771	0.00900	0.00600	0.00514	0.00343	0.00171	0.00428	0.00300	0.00343	0.00600
11	0.00655	0.00561	0.00561	0.00561	0.00748	0.00468	0.00421	0.00795	0.01262	0.01496	0.05610	0.05330	0.76857	0.01403	0.00655	0.00187	0.00281	0.01169	0.00514	0.00468
12	0.02105	0.01551	0.01662	0.01274	0.01717	0.01717	0.01053	0.75235	0.02604	0.03490	0.01330	0.01330	0.00942	0.00665	0.00554	0.00166	0.00609	0.00499	0.00554	0.00942
13	0.01378	0.01190	0.01252	0.01127	0.01440	0.01378	0.00877	0.02943	0.76081	0.02317	0.02254	0.02066	0.01691	0.00751	0.00564	0.00188	0.00438	0.00626	0.00564	0.00877
14	0.01212	0.01212	0.01696	0.01454	0.01454	0.01696	0.01212	0.01333	0.00848	0.01333	0.00727	0.01212	0.00727	0.00969	0.01818	0.00242	0.79523	0.00485	0.00242	0.00606
15	0.02105	0.01551	0.01662	0.01274	0.01717	0.01717	0.01053	0.75235	0.02604	0.03490	0.01330	0.01330	0.00942	0.00665	0.00554	0.00166	0.00609	0.00499	0.00554	0.00942
16	0.00675	0.00482	0.00643	0.00771	0.00803	0.00450	0.00514	0.00771	0.01060	0.01414	0.03053	0.80175	0.03663	0.01735	0.00707	0.00225	0.00321	0.01574	0.00514	0.00450
17	0.02069	0.02640	0.01569	0.01427	0.01712	0.78313	0.01070	0.02212	0.01569	0.01355	0.00856	0.00999	0.00713	0.00571	0.00499	0.00143	0.00999	0.00357	0.00285	0.00642
18	0.01111	0.02865	0.77667	0.01579	0.02397	0.01286	0.02046	0.01754	0.01169	0.01754	0.00994	0.01169	0.00702	0.00526	0.00526	0.00175	0.00818	0.00409	0.00234	0.00818
19	0.02485	0.00943	0.01285	0.00985	0.01414	0.00814	0.00814	0.02699	0.01585	0.77465	0.02185	0.01885	0.01371	0.00685	0.00557	0.00171	0.00471	0.00557	0.00685	0.00943
20	0.01111	0.02865	0.77667	0.01579	0.02397	0.01286	0.02046	0.01754	0.01169	0.01754	0.00994	0.01169	0.00702	0.00526	0.00526	0.00175	0.00818	0.00409	0.00234	0.00818
21	0.00675	0.00482	0.00643	0.00771	0.00803	0.00450	0.00514	0.00771	0.01060	0.01414	0.03053	0.80175	0.03663	0.01735	0.00707	0.00225	0.00321	0.01574	0.00514	0.00450
22	0.02485	0.00943	0.01285	0.00985	0.01414	0.00814	0.00814	0.02699	0.01585	0.77465	0.02185	0.01885	0.01371	0.00685	0.00557	0.00171	0.00471	0.00557	0.00685	0.00943
23	0.01046	0.00984	0.01661	0.79205	0.03814	0.01230	0.01538	0.01415	0.01107	0.01415	0.00984	0.01477	0.00738	0.00554	0.00554	0.00185	0.00738	0.00492	0.00246	0.00615
24	0.01481	0.80869	0.02902	0.00948	0.01421	0.02191	0.00948	0.01658	0.01125	0.01303	0.00770	0.00888	0.00711	0.00474	0.00355	0.00118	0.00592	0.00296	0.00237	0.00711
25	0.00805	0.00537	0.00604	0.00604	0.00604	0.00537	0.00336	0.00805	0.00805	0.01074	0.01745	0.03624	0.02013	0.80536	0.02819	0.00537	0.00537	0.00805	0.00336	0.00336
26	0.01134	0.02704	0.68937	0.01667	0.02455	0.01300	0.10614	0.01756	0.01185	0.01756	0.01009	0.01207	0.00718	0.00519	0.00541	0.00177	0.00832	0.00438	0.00239	0.00810
27	0.01150	0.01091	0.01849	0.54901	0.27304	0.01258	0.01590	0.01506	0.01157	0.01541	0.01003	0.01443	0.00783	0.00534	0.00552	0.00178	0.00713	0.00493	0.00255	0.00699
28	0.00707	0.00563	0.00638	0.00652	0.00809	0.00495	0.00497	0.00881	0.01311	0.01657	0.20057	0.11283	0.48518	0.01386	0.00670	0.00194	0.00303	0.08363	0.00534	0.00482
29	0.02044	0.00991	0.01178	0.00952	0.01298	0.07073	0.00765	0.02264	0.01580	0.53271	0.19903	0.02351	0.02238	0.00783	0.00575	0.00170	0.00464	0.00647	0.00635	0.00818
30	0.06570	0.00908	0.01201	0.00940	0.01331	0.00804	0.00771	0.02461	0.01550	0.65247	0.10350	0.02082	0.01756	0.00726	0.00556	0.00172	0.00446	0.00593	0.00659	0.00878
31	0.01371	0.01316	0.02248	0.03399	0.77081	0.01316	0.01700	0.01700	0.01261	0.01809	0.01042	0.01371	0.00877	0.00493	0.00548	0.00164	0.00658	0.00493	0.00274	0.00877
32	0.01046	0.00984	0.01661	0.79205	0.03814	0.01230	0.01538	0.01415	0.01107	0.01415	0.00984	0.01477	0.00738	0.00554	0.00554	0.00185	0.00738	0.00492	0.00246	0.00615
33	0.02086	0.02135	0.01612	0.01356	0.01715	0.42772	0.01062	0.36095	0.02049	0.02346	0.01076	0.01152	0.00819	0.00614	0.00525	0.00154	0.00818	0.00423	0.00410	0.00781
34	0.00675	0.00482	0.00643	0.00771	0.00803	0.00450	0.00514	0.00771	0.01060	0.01414	0.03053	0.80175	0.03663	0.01735	0.00707	0.00225	0.00321	0.01574	0.00514	0.00450
35	0.02052	0.00847	0.01147	0.00912	0.01265	0.00740	0.00740	0.02278	0.01581	0.58325	0.21163	0.02458	0.02352	0.00799	0.00581	0.00172	0.00418	0.00670	0.00666	0.00836
36	0.01362	0.01111	0.01221	0.01021	0.01398	0.01143	0.00803	0.02434	0.48173	0.06070	0.01843	0.01763	0.01395	0.00639	0.00514	0.00153	0.00431	0.00527	0.00494	0.27505
37	0.01207	0.11654	0.43979	0.01255	0.01841	0.01200	0.01458	0.01706	0.03476	0.07996	0.16992	0.01842	0.01735	0.00666	0.00536	0.00168	0.00635	0.00538	0.00360	0.00755

[dist]
# distance from previous block
# <min> <max>
1	3

[block]
# block no. 6 follows, 43 sequences, length 14
# corresponding to MSA columns:
# 417-430
name=unknown_G
#
# <colnr> <probs for GDERKNQSTAVLIFYWHMCP>
#	G	D	E	R	K	N	Q	S	T	A	V	L	I	F	Y	W	H	M	C	P
0	0.01046	0.00984	0.01661	0.79205	0.03814	0.01230	0.01538	0.01415	0.01107	0.01415	0.00984	0.01477	0.00738	0.00554	0.00554	0.00185	0.00738	0.00492	0.00246	0.00615
1	0.00655	0.00561	0.00561	0.00561	0.00748	0.00468	0.00421	0.00795	0.01262	0.01496	0.05610	0.05330	0.76857	0.01403	0.00655	0.00187	0.00281	0.01169	0.00514	0.00468
2	0.01148	0.00984	0.01148	0.00820	0.01312	0.00738	0.00656	0.01395	0.01148	0.01805	0.00984	0.01148	0.00820	0.00410	0.00410	0.00082	0.00410	0.00328	0.00328	0.83922
3	0.00675	0.00482	0.00643	0.00771	0.00803	0.00450	0.00514	0.00771	0.01060	0.01414	0.03053	0.80175	0.03663	0.01735	0.00707	0.00225	0.00321	0.01574	0.00514	0.00450
4	0.01307	0.01494	0.03268	0.02334	0.02894	0.01401	0.75070	0.01774	0.01307	0.01774	0.01120	0.01494	0.00840	0.00467	0.00654	0.00187	0.00934	0.00654	0.00280	0.00747
5	0.01371	0.01316	0.02248	0.03399	0.77081	0.01316	0.01700	0.01700	0.01261	0.01809	0.01042	0.01371	0.00877	0.00493	0.00548	0.00164	0.00658	0.00493	0.00274	0.00877
6	0.02105	0.01551	0.01662	0.01274	0.01717	0.01717	0.01053	0.75235	0.02604	0.03490	0.01330	0.01330	0.00942	0.00665	0.00554	0.00166	0.00609	0.00499	0.00554	0.00942
7	0.00665	0.00561	0.00576	0.00572	0.00755	0.00472	0.00429	0.00816	0.01288	0.01556	0.11524	0.05231	0.70905	0.01380	0.00654	0.00186	0.00279	0.01155	0.00522	0.00472
8	0.02105	0.01551	0.01662	0.01274	0.01717	0.01717	0.01053	0.75235	0.02604	0.03490	0.01330	0.01330	0.00942	0.00665	0.00554	0.00166	0.00609	0.00499	0.00554	0.00942
9	0.01378	0.01190	0.01252	0.01127	0.01440	0.01378	0.00877	0.02943	0.76081	0.02317	0.02254	0.02066	0.01691	0.00751	0.00564	0.00188	0.00438	0.00626	0.00564	0.00877
10	0.01814	0.01379	0.01506	0.01136	0.01594	0.01420	0.00932	0.52782	0.02161	0.02978	0.01225	0.01275	0.00905	0.00587	0.00510	0.00141	0.00549	0.00447	0.00485	0.26174
11	0.02105	0.01551	0.01662	0.01274	0.01717	0.01717	0.01053	0.75235	0.02604	0.03490	0.01330	0.01330	0.00942	0.00665	0.00554	0.00166	0.00609	0.00499	0.00554	0.00942
12	0.00655	0.00561	0.00561	0.00561	0.00748	0.00468	0.00421	0.00795	0.01262	0.01496	0.05610	0.05330	0.76857	0.01403	0.00655	0.00187	0.00281	0.01169	0.00514	0.00468
13	0.01240	0.00678	0.00822	0.00721	0.00968	0.00585	0.00563	0.01431	0.01430	0.24760	0.20684	0.04012	0.37686	0.01123	0.00625	0.00179	0.00334	0.00945	0.00588	0.00624

[dist]
# distance from previous block
# <min> <max>
0	6

[block]
# block no. 7 follows, 43 sequences, length 6
# corresponding to MSA columns:
# 437-442
name=unknown_H
#
# <colnr> <probs for GDERKNQSTAVLIFYWHMCP>
#	G	D	E	R	K	N	Q	S	T	A	V	L	I	F	Y	W	H	M	C	P
0	0.02040	0.00844	0.01143	0.00910	0.01260	0.00738	0.00738	0.02266	0.01581	0.57778	0.21705	0.02474	0.02380	0.00802	0.00582	0.00172	0.00416	0.00673	0.00666	0.00833
1	0.01371	0.01316	0.02248	0.03399	0.77081	0.01316	0.01700	0.01700	0.01261	0.01809	0.01042	0.01371	0.00877	0.00493	0.00548	0.00164	0.00658	0.00493	0.00274	0.00877
2	0.01166	0.14454	0.66559	0.01485	0.02252	0.01421	0.01883	0.01740	0.01163	0.01687	0.00961	0.01128	0.00703	0.00518	0.00501	0.00167	0.00785	0.00392	0.00234	0.00802
3	0.01347	0.52600	0.29998	0.01176	0.01775	0.01863	0.01346	0.01693	0.01141	0.01466	0.00851	0.00990	0.00707	0.00493	0.00417	0.00139	0.00674	0.00337	0.00236	0.00750
4	0.01225	0.01358	0.00984	0.00922	0.01156	0.28198	0.00694	0.01500	0.08420	0.01523	0.03606	0.03484	0.42736	0.01046	0.00591	0.00171	0.00550	0.00829	0.00438	0.00568
5	0.01398	0.01188	0.01698	0.02289	0.42971	0.05775	0.01253	0.06082	0.01364	0.08926	0.01864	0.12799	0.08410	0.00786	0.00579	0.00174	0.00576	0.00706	0.00387	0.00775

[dist]
# distance from previous block
# <min> <max>
2	26

[block]
# block no. 8 follows, 43 sequences, length 29
# corresponding to MSA columns:
# 470-498
name=unknown_I
#
# <colnr> <probs for GDERKNQSTAVLIFYWHMCP>
#	G	D	E	R	K	N	Q	S	T	A	V	L	I	F	Y	W	H	M	C	P
0	0.00820	0.01155	0.18700	0.00914	0.03472	0.00732	0.00863	0.01157	0.05086	0.01608	0.04219	0.04069	0.52872	0.01137	0.00617	0.00184	0.00426	0.00943	0.00444	0.00583
1	0.04541	0.02791	0.74503	0.01544	0.02342	0.01284	0.01987	0.01749	0.01160	0.01784	0.00985	0.01158	0.00697	0.00526	0.00519	0.00175	0.00802	0.00405	0.00238	0.00809
2	0.00992	0.00618	0.00842	0.00777	0.00936	0.00598	0.00598	0.01233	0.01411	0.11146	0.50092	0.03404	0.03858	0.01785	0.18830	0.00341	0.00573	0.00852	0.00546	0.00567
3	0.00902	0.00703	0.00936	0.00882	0.01043	0.00761	0.00676	0.01244	0.09498	0.01446	0.01536	0.02176	0.01411	0.10468	0.53043	0.00680	0.01147	0.00585	0.00335	0.10531
4	0.01503	0.58334	0.17177	0.01073	0.01609	0.01888	0.01147	0.01774	0.01177	0.08521	0.00946	0.01036	0.00771	0.00504	0.00407	0.00134	0.00625	0.00342	0.00278	0.00753
5	0.09453	0.01923	0.01516	0.01348	0.01548	0.40578	0.01058	0.01926	0.06776	0.01525	0.00909	0.01137	0.00779	0.00708	0.00917	0.00181	0.26363	0.00413	0.00297	0.00644
6	0.01031	0.00773	0.01017	0.00879	0.01053	0.00798	0.00693	0.01260	0.01374	0.07097	0.46835	0.03017	0.03502	0.00973	0.00839	0.00175	0.15590	0.00781	0.00506	0.11809
7	0.01140	0.08974	0.71811	0.01529	0.02321	0.01357	0.01960	0.01746	0.01166	0.01719	0.00976	0.01147	0.00702	0.00522	0.00513	0.00171	0.00801	0.00400	0.00234	0.00810
8	0.01371	0.01316	0.02248	0.03399	0.77081	0.01316	0.01700	0.01700	0.01261	0.01809	0.01042	0.01371	0.00877	0.00493	0.00548	0.00164	0.00658	0.00493	0.00274	0.00877
9	0.01046	0.00984	0.01661	0.79205	0.03814	0.01230	0.01538	0.01415	0.01107	0.01415	0.00984	0.01477	0.00738	0.00554	0.00554	0.00185	0.00738	0.00492	0.00246	0.00615
10	0.01086	0.00984	0.01458	0.48225	0.02826	0.01036	0.01190	0.01407	0.01124	0.01569	0.00984	0.01347	0.00771	0.00497	0.00497	0.00144	0.00609	0.00427	0.00279	0.33541
11	0.01371	0.01316	0.02248	0.03399	0.77081	0.01316	0.01700	0.01700	0.01261	0.01809	0.01042	0.01371	0.00877	0.00493	0.00548	0.00164	0.00658	0.00493	0.00274	0.00877
12	0.01046	0.00984	0.01661	0.79205	0.03814	0.01230	0.01538	0.01415	0.01107	0.01415	0.00984	0.01477	0.00738	0.00554	0.00554	0.00185	0.00738	0.00492	0.00246	0.00615
13	0.84448	0.01071	0.00814	0.00728	0.01071	0.01242	0.00600	0.01628	0.00943	0.02485	0.00771	0.00900	0.00600	0.00514	0.00343	0.00171	0.00428	0.00300	0.00343	0.00600
14	0.02105	0.01551	0.01662	0.01274	0.01717	0.01717	0.01053	0.75235	0.02604	0.03490	0.01330	0.01330	0.00942	0.00665	0.00554	0.00166	0.00609	0.00499	0.00554	0.00942
15	0.00671	0.00496	0.00629	0.00735	0.00794	0.00453	0.00498	0.00775	0.01095	0.01428	0.03494	0.67267	0.16286	0.01678	0.00698	0.00218	0.00314	0.01504	0.00514	0.00453
16	0.00805	0.00537	0.00604	0.00604	0.00604	0.00537	0.00336	0.00805	0.00805	0.01074	0.01745	0.03624	0.02013	0.80536	0.02819	0.00537	0.00537	0.00805	0.00336	0.00336
17	0.00927	0.00632	0.00703	0.00667	0.00708	0.00647	0.00403	0.07774	0.00974	0.01300	0.01706	0.03409	0.01913	0.73058	0.02607	0.00502	0.00544	0.00777	0.00356	0.00392
18	0.01046	0.00984	0.01661	0.79205	0.03814	0.01230	0.01538	0.01415	0.01107	0.01415	0.00984	0.01477	0.00738	0.00554	0.00554	0.00185	0.00738	0.00492	0.00246	0.00615
19	0.01371	0.01316	0.02248	0.03399	0.77081	0.01316	0.01700	0.01700	0.01261	0.01809	0.01042	0.01371	0.00877	0.00493	0.00548	0.00164	0.00658	0.00493	0.00274	0.00877
20	0.01371	0.01316	0.02248	0.03399	0.77081	0.01316	0.01700	0.01700	0.01261	0.01809	0.01042	0.01371	0.00877	0.00493	0.00548	0.00164	0.00658	0.00493	0.00274	0.00877
21	0.01371	0.01316	0.02248	0.03399	0.77081	0.01316	0.01700	0.01700	0.01261	0.01809	0.01042	0.01371	0.00877	0.00493	0.00548	0.00164	0.00658	0.00493	0.00274	0.00877
22	0.01349	0.49296	0.02209	0.00897	0.01378	0.01617	0.00832	0.01554	0.01134	0.01501	0.00855	0.00991	0.00754	0.00449	0.00377	0.00104	0.00520	0.00309	0.00273	0.33599
23	0.01371	0.01316	0.02248	0.03399	0.77081	0.01316	0.01700	0.01700	0.01261	0.01809	0.01042	0.01371	0.00877	0.00493	0.00548	0.00164	0.00658	0.00493	0.00274	0.00877
24	0.02065	0.01150	0.01299	0.01076	0.01445	0.07132	0.00875	0.09196	0.15279	0.43811	0.02084	0.02206	0.01508	0.00766	0.00573	0.00179	0.00523	0.07364	0.00603	0.00866
25	0.01371	0.01316	0.02248	0.03399	0.77081	0.01316	0.01700	0.01700	0.01261	0.01809	0.01042	0.01371	0.00877	0.00493	0.00548	0.00164	0.00658	0.00493	0.00274	0.00877
26	0.01464	0.01056	0.01204	0.01089	0.01383	0.01150	0.00885	0.12390	0.36691	0.10888	0.02381	0.03076	0.04023	0.00944	0.00614	0.00200	0.00479	0.18730	0.00561	0.00790
27	0.01371	0.01316	0.02248	0.03399	0.77081	0.01316	0.01700	0.01700	0.01261	0.01809	0.01042	0.01371	0.00877	0.00493	0.00548	0.00164	0.00658	0.00493	0.00274	0.00877
28	0.29019	0.01357	0.01342	0.01080	0.01477	0.01527	0.00886	0.43759	0.09531	0.03041	0.01241	0.01264	0.00906	0.00624	0.00486	0.00170	0.00533	0.00446	0.00486	0.00823

[dist]
# distance from previous block
# <min> <max>
20	57

[block]
# block no. 9 follows, 43 sequences, length 11
# corresponding to MSA columns:
# 561-571
name=unknown_J
#
# <colnr> <probs for GDERKNQSTAVLIFYWHMCP>
#	G	D	E	R	K	N	Q	S	T	A	V	L	I	F	Y	W	H	M	C	P
0	0.11555	0.08679	0.01618	0.01125	0.01526	0.01118	0.13600	0.09189	0.01409	0.12990	0.07546	0.02076	0.08770	0.00692	0.00529	0.00159	0.00529	0.02781	0.00434	0.13676
1	0.65613	0.01060	0.00905	0.00819	0.01143	0.01208	0.00681	0.08593	0.01145	0.02472	0.01108	0.01643	0.00972	0.00662	0.00418	0.00182	0.00456	0.09912	0.00385	0.00621
2	0.01165	0.01229	0.02488	0.22767	0.02850	0.01237	0.45510	0.01549	0.01200	0.01602	0.01228	0.05399	0.01045	0.07268	0.00811	0.00217	0.00819	0.00667	0.00287	0.00663
3	0.01481	0.80869	0.02902	0.00948	0.01421	0.02191	0.00948	0.01658	0.01125	0.01303	0.00770	0.00888	0.00711	0.00474	0.00355	0.00118	0.00592	0.00296	0.00237	0.00711
4	0.00794	0.00581	0.00828	0.00828	0.00905	0.00658	0.00615	0.00949	0.00872	0.01240	0.01540	0.02491	0.01522	0.20787	0.61896	0.00813	0.01277	0.00640	0.00305	0.00460
5	0.00825	0.00579	0.00821	0.00821	0.00918	0.00658	0.00628	0.01018	0.00922	0.01378	0.01544	0.02252	0.01429	0.08512	0.62937	0.00764	0.01257	0.00596	0.11652	0.00487
6	0.01481	0.80869	0.02902	0.00948	0.01421	0.02191	0.00948	0.01658	0.01125	0.01303	0.00770	0.00888	0.00711	0.00474	0.00355	0.00118	0.00592	0.00296	0.00237	0.00711
7	0.79358	0.01040	0.00810	0.00726	0.01056	0.01199	0.00595	0.01593	0.00981	0.02469	0.05396	0.01097	0.00881	0.00552	0.00362	0.00172	0.00418	0.00343	0.00359	0.00595
8	0.03395	0.01245	0.01304	0.01054	0.01383	0.09173	0.00844	0.11614	0.07202	0.01992	0.07305	0.01583	0.03204	0.00667	0.00706	0.00147	0.13473	0.00479	0.00387	0.32843
9	0.01326	0.40584	0.20428	0.01083	0.01579	0.01637	0.01146	0.08593	0.01344	0.01756	0.11687	0.01600	0.03882	0.00628	0.00467	0.00147	0.00592	0.00470	0.00328	0.00724
10	0.05635	0.01399	0.04614	0.01571	0.01974	0.08573	0.27564	0.01983	0.01325	0.23722	0.01478	0.01609	0.03474	0.00646	0.00755	0.00185	0.11765	0.00565	0.00402	0.00760

[dist]
# distance from previous block
# <min> <max>
3	16

[block]
# block no. 10 follows, 43 sequences, length 7
# corresponding to MSA columns:
# 588-594
name=unknown_K
#
# <colnr> <probs for GDERKNQSTAVLIFYWHMCP>
#	G	D	E	R	K	N	Q	S	T	A	V	L	I	F	Y	W	H	M	C	P
0	0.01313	0.44479	0.29871	0.01164	0.01765	0.01716	0.01317	0.01666	0.01144	0.01517	0.00873	0.01017	0.00718	0.00486	0.00423	0.00135	0.00656	0.00340	0.00245	0.09154
1	0.01482	0.51939	0.12952	0.01246	0.01753	0.11208	0.09363	0.01751	0.01205	0.01423	0.00850	0.01007	0.00724	0.00492	0.00429	0.00137	0.00710	0.00359	0.00247	0.00721
2	0.01513	0.01334	0.09611	0.01500	0.01953	0.01144	0.26387	0.04893	0.13064	0.18576	0.12323	0.02007	0.01705	0.00668	0.00602	0.00180	0.00635	0.00647	0.00466	0.00793
3	0.01148	0.00984	0.01148	0.00820	0.01312	0.00738	0.00656	0.01395	0.01148	0.01805	0.00984	0.01148	0.00820	0.00410	0.00410	0.00082	0.00410	0.00328	0.00328	0.83922
4	0.00675	0.00482	0.00643	0.00771	0.00803	0.00450	0.00514	0.00771	0.01060	0.01414	0.03053	0.80175	0.03663	0.01735	0.00707	0.00225	0.00321	0.01574	0.00514	0.00450
5	0.00655	0.00561	0.00561	0.00561	0.00748	0.00468	0.00421	0.00795	0.01262	0.01496	0.05610	0.05330	0.76857	0.01403	0.00655	0.00187	0.00281	0.01169	0.00514	0.00468
6	0.01083	0.01023	0.01729	0.70432	0.12294	0.01240	0.01557	0.01448	0.01125	0.01461	0.00991	0.01464	0.00754	0.00547	0.00553	0.00182	0.00729	0.00492	0.00249	0.00646

[dist]
# distance from previous block
# <min> <max>
0	3

[block]
# block no. 11 follows, 43 sequences, length 134
# corresponding to MSA columns:
# 598-622,624-644,646-733
name=unknown_L
#
# <colnr> <probs for GDERKNQSTAVLIFYWHMCP>
#	G	D	E	R	K	N	Q	S	T	A	V	L	I	F	Y	W	H	M	C	P
0	0.01365	0.21656	0.01571	0.00986	0.01271	0.01328	0.00808	0.26087	0.01597	0.02085	0.01881	0.33084	0.01982	0.01048	0.00564	0.00178	0.00489	0.00881	0.00456	0.00683
1	0.01190	0.02311	0.47595	0.01884	0.02598	0.01332	0.31562	0.01762	0.01225	0.01762	0.01045	0.01301	0.00758	0.00502	0.00578	0.00180	0.00865	0.00508	0.00253	0.00790
2	0.00805	0.00537	0.00604	0.00604	0.00604	0.00537	0.00336	0.00805	0.00805	0.01074	0.01745	0.03624	0.02013	0.80536	0.02819	0.00537	0.00537	0.00805	0.00336	0.00336
3	0.00731	0.00542	0.00703	0.00777	0.00864	0.00484	0.00531	0.00846	0.01071	0.01461	0.02805	0.70722	0.03323	0.01577	0.00671	0.00208	0.00332	0.01425	0.00492	0.10435
4	0.01864	0.02299	0.01600	0.01433	0.01651	0.60041	0.01104	0.02002	0.01397	0.01350	0.00825	0.01050	0.00717	0.00666	0.00814	0.00166	0.19725	0.00387	0.00275	0.00633
5	0.01207	0.23068	0.58303	0.01415	0.02144	0.01521	0.01762	0.01729	0.01158	0.01637	0.00936	0.01097	0.00704	0.00513	0.00482	0.00161	0.00760	0.00380	0.00235	0.00791
6	0.01794	0.00991	0.01230	0.00922	0.01376	0.00830	0.00749	0.04222	0.04734	0.36270	0.01597	0.01530	0.01113	0.00558	0.00488	0.00130	0.00445	0.00450	0.00508	0.40061
7	0.01106	0.00952	0.01178	0.10193	0.01579	0.00779	0.00753	0.01357	0.01138	0.01733	0.01116	0.06217	0.00991	0.00512	0.00446	0.00103	0.00444	0.00427	0.00330	0.68644
8	0.00655	0.00561	0.00561	0.00561	0.00748	0.00468	0.00421	0.00795	0.01262	0.01496	0.05610	0.05330	0.76857	0.01403	0.00655	0.00187	0.00281	0.01169	0.00514	0.00468
9	0.22689	0.02400	0.57768	0.01358	0.02054	0.01275	0.01672	0.01721	0.01111	0.01943	0.00936	0.01099	0.00675	0.00523	0.00479	0.00174	0.00717	0.00381	0.00262	0.00762
10	0.02139	0.00953	0.01250	0.00943	0.01388	0.00794	0.00773	0.02361	0.01472	0.57875	0.01874	0.01694	0.01228	0.00614	0.00519	0.00148	0.00455	0.00498	0.00593	0.22428
11	0.01263	0.01430	0.05171	0.01966	0.02317	0.01512	0.43871	0.01602	0.01124	0.01602	0.00963	0.01373	0.00792	0.00664	0.01102	0.00208	0.31500	0.00580	0.00264	0.00694
12	0.01458	0.75462	0.06329	0.00988	0.01467	0.02138	0.01004	0.01655	0.01121	0.01325	0.00779	0.00909	0.00711	0.00487	0.00396	0.00124	0.02391	0.00306	0.00237	0.00713
13	0.00675	0.00482	0.00643	0.00771	0.00803	0.00450	0.00514	0.00771	0.01060	0.01414	0.03053	0.80175	0.03663	0.01735	0.00707	0.00225	0.00321	0.01574	0.00514	0.00450
14	0.76438	0.01095	0.00952	0.00986	0.08400	0.01250	0.00706	0.01635	0.00973	0.02420	0.00797	0.00945	0.00627	0.00512	0.00363	0.00171	0.00451	0.00319	0.00336	0.00627
15	0.02485	0.00943	0.01285	0.00985	0.01414	0.00814	0.00814	0.02699	0.01585	0.77465	0.02185	0.01885	0.01371	0.00685	0.00557	0.00171	0.00471	0.00557	0.00685	0.00943
16	0.01403	0.64407	0.18681	0.01081	0.01627	0.02000	0.01179	0.01679	0.01135	0.01398	0.00817	0.00948	0.00709	0.00485	0.00391	0.00130	0.00640	0.00320	0.00236	0.00733
17	0.01169	0.01002	0.01210	0.07724	0.01545	0.00812	0.00746	0.03714	0.01191	0.01823	0.00995	0.01183	0.00817	0.00431	0.00427	0.00094	0.00445	0.00348	0.00328	0.73995
18	0.01222	0.00753	0.00901	0.00790	0.01027	0.00708	0.00615	0.08263	0.04667	0.16705	0.30444	0.06091	0.23438	0.01079	0.00624	0.00179	0.00349	0.00917	0.00588	0.00640
19	0.00675	0.00482	0.00643	0.00771	0.00803	0.00450	0.00514	0.00771	0.01060	0.01414	0.03053	0.80175	0.03663	0.01735	0.00707	0.00225	0.00321	0.01574	0.00514	0.00450
20	0.77244	0.01060	0.00855	0.00751	0.01101	0.01205	0.00619	0.01722	0.00999	0.09075	0.00895	0.00986	0.00668	0.00529	0.00362	0.00171	0.00432	0.00322	0.00373	0.00630
21	0.00688	0.00562	0.00607	0.00596	0.00769	0.00482	0.00447	0.00860	0.01341	0.01684	0.24040	0.05021	0.58310	0.01333	0.00654	0.00184	0.00276	0.01126	0.00539	0.00482
22	0.01504	0.10456	0.06261	0.00883	0.01206	0.00876	0.00774	0.01764	0.01482	0.28953	0.33764	0.02685	0.02894	0.00839	0.00567	0.00165	0.00413	0.00705	0.03095	0.00714
23	0.00909	0.00591	0.00784	0.00793	0.00930	0.00529	0.02924	0.01043	0.01184	0.10638	0.03548	0.48804	0.22247	0.01481	0.00674	0.00207	0.00349	0.01317	0.00527	0.00524
24	0.01310	0.24012	0.18869	0.02126	0.31315	0.01523	0.06244	0.01663	0.01197	0.01635	0.01050	0.04721	0.00914	0.00549	0.00503	0.00158	0.00677	0.00478	0.00266	0.00790
25	0.01111	0.02865	0.77667	0.01579	0.02397	0.01286	0.02046	0.01754	0.01169	0.01754	0.00994	0.01169	0.00702	0.00526	0.00526	0.00175	0.00818	0.00409	0.00234	0.00818
26	0.01201	0.01175	0.01608	0.01352	0.01431	0.01542	0.01122	0.01343	0.00897	0.01409	0.00769	0.01201	0.00742	0.00879	0.01590	0.00216	0.66756	0.00459	0.00256	0.14051
27	0.01481	0.80869	0.02902	0.00948	0.01421	0.02191	0.00948	0.01658	0.01125	0.01303	0.00770	0.00888	0.00711	0.00474	0.00355	0.00118	0.00592	0.00296	0.00237	0.00711
28	0.02105	0.01551	0.01662	0.01274	0.01717	0.01717	0.01053	0.75235	0.02604	0.03490	0.01330	0.01330	0.00942	0.00665	0.00554	0.00166	0.00609	0.00499	0.00554	0.00942
29	0.00962	0.00481	0.00722	0.00722	0.00722	0.00481	0.00481	0.00722	0.00722	0.00962	0.00962	0.01684	0.00962	0.01924	0.02165	0.83886	0.00481	0.00481	0.00241	0.00241
30	0.01811	0.01405	0.01496	0.01215	0.01605	0.01580	0.00982	0.46015	0.32303	0.03016	0.01703	0.01627	0.01244	0.00700	0.00558	0.00175	0.00540	0.00550	0.00558	0.00915
31	0.01148	0.00984	0.01148	0.00820	0.01312	0.00738	0.00656	0.01395	0.01148	0.01805	0.00984	0.01148	0.00820	0.00410	0.00410	0.00082	0.00410	0.00328	0.00328	0.83922
32	0.27976	0.01733	0.01367	0.01149	0.01513	0.24999	0.00916	0.29760	0.01765	0.02521	0.01009	0.01093	0.00764	0.00589	0.00471	0.00161	0.00672	0.00393	0.00405	0.00743
33	0.00762	0.00565	0.00710	0.00674	0.00814	0.00513	0.00505	0.01003	0.01516	0.02098	0.64750	0.04339	0.17342	0.01178	0.00653	0.00176	0.00265	0.01030	0.00594	0.00513
34	0.01148	0.00984	0.01148	0.00820	0.01312	0.00738	0.00656	0.01395	0.01148	0.01805	0.00984	0.01148	0.00820	0.00410	0.00410	0.00082	0.00410	0.00328	0.00328	0.83922
35	0.01286	0.01229	0.02094	0.23256	0.57890	0.01294	0.01657	0.01625	0.01221	0.01706	0.01027	0.01398	0.00841	0.00509	0.00550	0.00170	0.00679	0.00493	0.00267	0.00809
36	0.01250	0.32258	0.49495	0.01341	0.02029	0.01627	0.01632	0.01718	0.01153	0.01584	0.00910	0.01063	0.00705	0.00506	0.00462	0.00154	0.00733	0.00367	0.00235	0.00778
37	0.00779	0.00644	0.00945	0.00866	0.01032	0.00586	0.08642	0.00985	0.01312	0.01745	0.27761	0.25118	0.23408	0.01306	0.00671	0.00195	0.00361	0.02613	0.00520	0.00512
