[name]
unknown

[dist]
# distance from previous block
# <min> <max>
0	945

[block]
# block no. 0 follows, 49 sequences, length 15
# corresponding to MSA columns:
# 947-961
name=unknown_A
#
# <colnr> <probs for GDERKNQSTAVLIFYWHMCP>
#	G	D	E	R	K	N	Q	S	T	A	V	L	I	F	Y	W	H	M	C	P
0	0.01230	0.63968	0.02234	0.00880	0.01241	0.01679	0.00854	0.01408	0.01058	0.01263	0.01150	0.01920	0.01161	0.00651	0.00409	0.00136	0.00524	0.17351	0.00273	0.00607
1	0.00828	0.00879	0.12094	0.00891	0.01085	0.00702	0.00783	0.07285	0.01063	0.01467	0.01972	0.29169	0.04761	0.02084	0.28019	0.00404	0.00754	0.04878	0.00367	0.00514
2	0.01220	0.02344	0.61918	0.01378	0.02048	0.01264	0.01663	0.18770	0.01364	0.01961	0.00977	0.01101	0.00690	0.00509	0.00486	0.00158	0.00704	0.00392	0.00280	0.00773
3	0.01696	0.02299	0.19156	0.01312	0.01706	0.49837	0.01176	0.13867	0.01500	0.01629	0.00879	0.00995	0.00682	0.00525	0.00469	0.00140	0.00818	0.00357	0.00289	0.00666
4	0.01098	0.22470	0.60490	0.01298	0.01967	0.01380	0.01619	0.01580	0.01058	0.01499	0.00857	0.01004	0.00643	0.00469	0.00442	0.00147	0.00696	0.00348	0.00214	0.00723
5	0.01124	0.01072	0.01823	0.36531	0.46641	0.01168	0.01489	0.01440	0.01091	0.01498	0.00929	0.01293	0.00747	0.00474	0.00503	0.00158	0.00632	0.00450	0.00239	0.00698
6	0.00677	0.00511	0.00625	0.00606	0.00734	0.00459	0.00451	0.00876	0.01326	0.01800	0.53853	0.08952	0.25005	0.01136	0.00600	0.00165	0.00247	0.00989	0.00527	0.00459
7	0.00618	0.00452	0.00581	0.00678	0.00728	0.00415	0.00459	0.00717	0.01009	0.01329	0.06076	0.69510	0.12517	0.01526	0.00638	0.00199	0.00287	0.01372	0.00473	0.00415
8	0.01252	0.01201	0.02053	0.03104	0.79074	0.01201	0.01552	0.01552	0.01151	0.01652	0.00951	0.01252	0.00801	0.00451	0.00501	0.00150	0.00601	0.00451	0.00250	0.00801
9	0.00641	0.00451	0.00579	0.00672	0.00695	0.00428	0.00435	0.00711	0.00919	0.01225	0.02535	0.65302	0.03026	0.18615	0.01053	0.00266	0.00335	0.01289	0.00435	0.00389
10	0.00606	0.00513	0.00524	0.00521	0.00688	0.00430	0.00391	0.00742	0.01172	0.01413	0.10340	0.04789	0.73622	0.01263	0.00598	0.00170	0.00255	0.01056	0.00476	0.00430
11	0.00997	0.00925	0.00751	0.00722	0.00781	0.18547	0.00458	0.01026	0.00893	0.01039	0.01409	0.02766	0.01569	0.63719	0.02094	0.00409	0.00586	0.00643	0.00296	0.00370
12	0.01032	0.00839	0.00965	0.00730	0.01075	0.00688	0.00555	0.05902	0.01061	0.01593	0.01076	0.01571	0.01003	0.18932	0.00881	0.00174	0.00412	0.00408	0.00314	0.60790
13	0.01374	0.55786	0.11696	0.01090	0.01542	0.12678	0.06747	0.01602	0.01101	0.01278	0.00762	0.00897	0.00657	0.00450	0.00382	0.00122	0.00640	0.00315	0.00225	0.00654
14	0.48725	0.18198	0.01307	0.00917	0.06625	0.01260	0.00717	0.01652	0.01010	0.14240	0.00926	0.00992	0.00699	0.00485	0.00360	0.00146	0.00444	0.00323	0.00338	0.00637

[dist]
# distance from previous block
# <min> <max>
5	13

[block]
# block no. 1 follows, 49 sequences, length 148
# corresponding to MSA columns:
# 976-1123
name=unknown_B
#
# <colnr> <probs for GDERKNQSTAVLIFYWHMCP>
#	G	D	E	R	K	N	Q	S	T	A	V	L	I	F	Y	W	H	M	C	P
0	0.01406	0.01191	0.01182	0.00925	0.01317	0.11840	0.00734	0.11014	0.10905	0.08724	0.01163	0.01214	0.00893	0.00484	0.00431	0.00111	0.00479	0.00375	0.00375	0.45236
1	0.01074	0.16705	0.66041	0.01340	0.02032	0.01320	0.01691	0.01586	0.01061	0.01529	0.00871	0.01022	0.00642	0.00472	0.00453	0.00151	0.00711	0.00355	0.00214	0.00730
2	0.01015	0.00554	0.00742	0.00732	0.00865	0.00503	0.00533	0.01165	0.01192	0.19176	0.21447	0.44373	0.03224	0.01231	0.00602	0.00183	0.00311	0.01097	0.00526	0.00529
3	0.00863	0.23402	0.01192	0.00702	0.00903	0.00902	0.00583	0.01024	0.01116	0.01430	0.19550	0.10671	0.19767	0.05288	0.06717	0.00222	0.00441	0.04336	0.00395	0.00496
4	0.01682	0.17530	0.05990	0.01183	0.02721	0.43994	0.00972	0.06019	0.03013	0.05751	0.00902	0.00998	0.00723	0.00505	0.00434	0.00128	0.00735	0.00341	0.00291	0.06085
5	0.00749	0.00587	0.00933	0.00886	0.01000	0.00668	0.04888	0.00943	0.00834	0.01199	0.01336	0.01952	0.01237	0.03605	0.75801	0.00777	0.01327	0.00545	0.00270	0.00464
6	0.00625	0.00451	0.00593	0.00704	0.00746	0.00420	0.00481	0.00722	0.00988	0.01306	0.02912	0.73997	0.07520	0.01558	0.00645	0.00205	0.00299	0.04945	0.00469	0.00414
7	0.03848	0.01013	0.01593	0.01250	0.01562	0.04887	0.24166	0.05107	0.01234	0.21782	0.03197	0.15161	0.01479	0.04783	0.05097	0.00221	0.01872	0.00694	0.00410	0.00645
8	0.01342	0.01299	0.01943	0.07107	0.60837	0.07270	0.02685	0.08288	0.01274	0.01736	0.00960	0.01229	0.00787	0.00472	0.00500	0.00150	0.00629	0.00444	0.00272	0.00775
9	0.00616	0.00440	0.00587	0.00704	0.00733	0.00411	0.00469	0.00704	0.00968	0.01291	0.02787	0.81899	0.03344	0.01584	0.00645	0.00205	0.00293	0.01438	0.00469	0.00411
10	0.66577	0.00960	0.00918	0.18870	0.01545	0.01132	0.00742	0.01442	0.00895	0.02047	0.00748	0.00941	0.00576	0.00478	0.00357	0.00159	0.00455	0.00314	0.00293	0.00551
11	0.13023	0.01115	0.01190	0.08085	0.01507	0.01286	0.00848	0.16091	0.46769	0.02260	0.01614	0.01569	0.01204	0.00626	0.00484	0.00166	0.00452	0.00498	0.00459	0.00755
12	0.00780	0.00523	0.00710	0.00716	0.00807	0.00579	0.00548	0.00960	0.00883	0.01342	0.01518	0.02286	0.01414	0.09855	0.50272	0.00590	0.00967	0.04716	0.20088	0.00444
13	0.01252	0.01201	0.02053	0.03104	0.79074	0.01201	0.01552	0.01552	0.01151	0.01652	0.00951	0.01252	0.00801	0.00451	0.00501	0.00150	0.00601	0.00451	0.00250	0.00801
14	0.01018	0.00649	0.00888	0.00910	0.07792	0.00607	0.00627	0.01291	0.03781	0.13868	0.55337	0.03227	0.04962	0.00918	0.00574	0.00160	0.00309	0.01972	0.00536	0.00574
15	0.01069	0.15612	0.67094	0.01348	0.02044	0.01309	0.01705	0.01587	0.01061	0.01534	0.00874	0.01026	0.00642	0.00473	0.00455	0.00152	0.00714	0.00357	0.00214	0.00731
16	0.01255	0.12038	0.07942	0.01672	0.02120	0.12188	0.44689	0.01601	0.01217	0.01546	0.07827	0.01423	0.01081	0.00498	0.00534	0.00155	0.00759	0.00529	0.00275	0.00651
17	0.00615	0.00444	0.00583	0.00693	0.00731	0.00412	0.00465	0.00705	0.00978	0.01295	0.02917	0.77619	0.07540	0.01567	0.00643	0.00203	0.00291	0.01417	0.00469	0.00412
18	0.01235	0.01185	0.02023	0.07432	0.74875	0.01197	0.01544	0.01537	0.01144	0.01632	0.00948	0.01257	0.00794	0.00454	0.00501	0.00151	0.00605	0.00450	0.00249	0.00788
19	0.01252	0.01201	0.02053	0.03104	0.79074	0.01201	0.01552	0.01552	0.01151	0.01652	0.00951	0.01252	0.00801	0.00451	0.00501	0.00150	0.00601	0.00451	0.00250	0.00801
20	0.01138	0.13629	0.62064	0.01349	0.02010	0.08285	0.01651	0.01626	0.01094	0.01512	0.00868	0.01018	0.00643	0.00477	0.00457	0.00150	0.00733	0.00355	0.00218	0.00719
21	0.05975	0.01261	0.02232	0.03922	0.19400	0.01272	0.36913	0.08445	0.11890	0.01862	0.01146	0.01367	0.00876	0.00488	0.00538	0.00164	0.00678	0.00527	0.00315	0.00730
22	0.01274	0.00891	0.01011	0.00874	0.01135	0.00940	0.00687	0.11667	0.30050	0.12739	0.22493	0.02569	0.09862	0.00818	0.00542	0.00164	0.00368	0.00687	0.00535	0.00694
23	0.01018	0.00966	0.01595	0.62989	0.03109	0.01156	0.08035	0.01514	0.11677	0.01435	0.01070	0.01424	0.00802	0.00523	0.00515	0.00169	0.00652	0.00479	0.00267	0.00605
24	0.00616	0.00440	0.00587	0.00704	0.00733	0.00411	0.00469	0.00704	0.00968	0.01291	0.02787	0.81899	0.03344	0.01584	0.00645	0.00205	0.00293	0.01438	0.00469	0.00411
25	0.01631	0.01303	0.08626	0.01434	0.06663	0.06925	0.19871	0.02088	0.11839	0.30564	0.01563	0.01561	0.02364	0.00564	0.00526	0.00160	0.00603	0.00519	0.00429	0.00766
26	0.01344	0.62201	0.15290	0.00999	0.01469	0.08787	0.01041	0.01573	0.01070	0.01262	0.00744	0.00863	0.00648	0.00448	0.00362	0.00119	0.00608	0.00292	0.00220	0.00660
27	0.01080	0.18087	0.64710	0.01330	0.02016	0.01334	0.01674	0.01585	0.01060	0.01522	0.00868	0.01018	0.00642	0.00471	0.00450	0.00150	0.00707	0.00354	0.00214	0.00728
28	0.01387	0.01094	0.01149	0.01017	0.01205	0.11872	0.00789	0.03423	0.18340	0.16386	0.01633	0.12721	0.01449	0.08033	0.00935	0.00205	0.16677	0.00632	0.00417	0.00637
29	0.01295	0.01231	0.01734	0.30287	0.34724	0.08218	0.01367	0.11969	0.01296	0.01700	0.00954	0.01251	0.00751	0.00498	0.00499	0.00155	0.00648	0.00440	0.00277	0.00705
30	0.01506	0.01539	0.01809	0.13881	0.02084	0.24219	0.19920	0.10873	0.07509	0.05987	0.01075	0.01261	0.00814	0.00543	0.00573	0.00158	0.04794	0.00463	0.00322	0.00670
31	0.01016	0.01094	0.01108	0.00963	0.01185	0.20318	0.11158	0.01195	0.01245	0.01442	0.12099	0.10092	0.33144	0.00972	0.00566	0.00162	0.00502	0.00833	0.00399	0.00506
32	0.00843	0.17268	0.08038	0.00773	0.00986	0.00828	0.00677	0.01055	0.01188	0.01615	0.34898	0.24741	0.03174	0.01017	0.00545	0.00162	0.00360	0.00882	0.00433	0.00517
33	0.00975	0.02205	0.61917	0.01401	0.02028	0.01078	0.08348	0.01479	0.01065	0.01560	0.01177	0.12252	0.01025	0.00628	0.00513	0.00167	0.00694	0.00540	0.00253	0.00695
34	0.01183	0.01442	0.09601	0.03460	0.14416	0.01255	0.57688	0.01603	0.01173	0.01618	0.01000	0.01320	0.00760	0.00436	0.00570	0.00166	0.00802	0.00552	0.00251	0.00704
35	0.01197	0.01017	0.01098	0.01016	0.01278	0.01164	0.00802	0.02461	0.67532	0.02032	0.02144	0.02414	0.01732	0.00784	0.00540	0.00180	0.00409	0.10938	0.00508	0.00754
36	0.01141	0.01289	0.02765	0.01988	0.02469	0.01203	0.70434	0.01541	0.01190	0.01597	0.01386	0.01674	0.07682	0.00502	0.00597	0.00171	0.00800	0.00638	0.00275	0.00659
37	0.01226	0.48808	0.28235	0.01169	0.01713	0.01662	0.07960	0.01552	0.01055	0.01364	0.00799	0.00945	0.00657	0.00448	0.00400	0.00131	0.00637	0.00334	0.00219	0.00685
38	0.00614	0.00450	0.00576	0.00678	0.00726	0.00413	0.00458	0.00707	0.00994	0.01301	0.03109	0.71265	0.13770	0.01542	0.00639	0.00201	0.00288	0.01386	0.00469	0.00413
39	0.02221	0.00937	0.01221	0.00936	0.01329	0.00857	0.00773	0.12807	0.01576	0.68901	0.01887	0.01651	0.01198	0.00623	0.00508	0.00156	0.00448	0.00501	0.00609	0.00860
40	0.00633	0.00512	0.00552	0.00550	0.00688	0.00456	0.00400	0.00754	0.01078	0.01327	0.07804	0.04345	0.57843	0.12665	0.07920	0.00271	0.00385	0.00968	0.00434	0.00415
41	0.09241	0.01397	0.01631	0.01250	0.01652	0.05201	0.11446	0.53296	0.03568	0.04604	0.01158	0.01212	0.00833	0.00568	0.00499	0.00154	0.00593	0.00456	0.00446	0.00794
42	0.01771	0.02213	0.01450	0.01306	0.01528	0.68329	0.00997	0.01898	0.01334	0.01234	0.00764	0.00941	0.00653	0.00576	0.00638	0.00144	0.13044	0.00343	0.00255	0.00581
43	0.00722	0.00542	0.00813	0.00813	0.00903	0.00632	0.00632	0.00903	0.00813	0.01174	0.01354	0.01987	0.01264	0.03792	0.80225	0.00813	0.01354	0.00542	0.00271	0.00451
44	0.01261	0.01117	0.01889	0.12337	0.36380	0.01153	0.11774	0.01547	0.01115	0.08438	0.01010	0.01287	0.00800	0.00511	0.00632	0.00157	0.09534	0.00461	0.00282	0.08314
45	0.01349	0.01132	0.01195	0.01048	0.01350	0.01301	0.00823	0.12999	0.67700	0.02263	0.01942	0.01794	0.01449	0.00675	0.00513	0.00169	0.00422	0.00556	0.00513	0.00809
46	0.00735	0.00490	0.00552	0.00552	0.00552	0.00490	0.00306	0.00735	0.00735	0.00980	0.01593	0.03309	0.01838	0.82229	0.02574	0.00490	0.00490	0.00735	0.00306	0.00306
47	0.00598	0.00512	0.00512	0.00512	0.00683	0.00427	0.00384	0.00726	0.01153	0.01366	0.05123	0.04866	0.78869	0.01281	0.00598	0.00171	0.00256	0.01067	0.00470	0.00427
48	0.01150	0.01098	0.01762	0.22805	0.17849	0.01214	0.14692	0.01786	0.22592	0.01661	0.01258	0.01479	0.00971	0.00554	0.00584	0.00168	0.05096	0.00510	0.02076	0.00696
49	0.01258	0.01086	0.01143	0.01029	0.01315	0.01258	0.00800	0.02687	0.78161	0.02115	0.02058	0.01887	0.01544	0.00686	0.00515	0.00172	0.00400	0.00572	0.00515	0.00800
50	0.02250	0.00891	0.01193	0.00914	0.01306	0.00789	0.00755	0.06627	0.01499	0.75189	0.01952	0.01693	0.01230	0.00625	0.00508	0.00156	0.00437	0.00506	0.00619	0.00861
51	0.01014	0.02616	0.79609	0.01441	0.02189	0.01174	0.01868	0.01601	0.01068	0.01601	0.00907	0.01068	0.00641	0.00480	0.00480	0.00160	0.00747	0.00374	0.00214	0.00747
52	0.01806	0.01786	0.01370	0.01158	0.01465	0.38415	0.00906	0.34105	0.01798	0.02136	0.01056	0.01141	0.00807	0.00565	0.00467	0.00138	0.00690	0.00396	0.09105	0.00691
53	0.01922	0.01416	0.01518	0.01163	0.01568	0.01568	0.00961	0.77388	0.02378	0.03187	0.01214	0.01214	0.00860	0.00607	0.00506	0.00152	0.00556	0.00455	0.00506	0.00860
54	0.00963	0.00910	0.01518	0.76586	0.03363	0.01147	0.01388	0.01288	0.00998	0.01288	0.00886	0.01335	0.00674	0.00527	0.00570	0.00171	0.05154	0.00449	0.00225	0.00561
55	0.01487	0.01635	0.20949	0.05736	0.01888	0.01377	0.07941	0.37359	0.12333	0.02402	0.01220	0.01291	0.00881	0.00565	0.00509	0.00159	0.00615	0.00463	0.00397	0.00791
56	0.00624	0.00513	0.00549	0.00540	0.00699	0.00438	0.00405	0.00777	0.01216	0.01516	0.21817	0.04620	0.62081	0.01225	0.00597	0.00168	0.00252	0.01033	0.00489	0.00438
57	0.00703	0.00502	0.00674	0.00701	0.00747	0.00535	0.00486	0.00802	0.00822	0.01136	0.01759	0.20534	0.01927	0.29488	0.36261	0.00567	0.00825	0.00809	0.00328	0.00394
58	0.01423	0.01339	0.01617	0.21474	0.22211	0.12686	0.01220	0.19420	0.07318	0.01883	0.01050	0.01261	0.00814	0.00545	0.00540	0.00156	0.03562	0.00442	0.00325	0.00716
59	0.08569	0.02178	0.56396	0.01698	0.16360	0.01178	0.03501	0.01582	0.01068	0.01670	0.00900	0.01087	0.00665	0.00473	0.00472	0.00158	0.00691	0.00384	0.00230	0.00738
60	0.00768	0.00479	0.00576	0.00576	0.00576	0.00479	0.00336	0.00718	0.00718	0.00957	0.01431	0.02908	0.01621	0.63996	0.02438	0.19703	0.00479	0.00668	0.00287	0.00287
61	0.01156	0.01217	0.01488	0.01518	0.15826	0.18817	0.13808	0.01414	0.03097	0.01575	0.17388	0.15518	0.03411	0.00796	0.00553	0.00161	0.00576	0.00724	0.00364	0.00592
62	0.03304	0.13308	0.25196	0.13837	0.12971	0.15109	0.04986	0.01620	0.01136	0.02775	0.00880	0.01092	0.00686	0.00480	0.00463	0.00148	0.00706	0.00384	0.00240	0.00678
63	0.01552	0.01087	0.01202	0.01022	0.01346	0.01199	0.00811	0.13089	0.52289	0.17658	0.01928	0.01760	0.01390	0.00663	0.00512	0.00166	0.00428	0.00543	0.00535	0.00821
64	0.01155	0.06679	0.53972	0.01360	0.01985	0.01272	0.05142	0.08457	0.11829	0.01791	0.01088	0.01193	0.00791	0.00515	0.00484	0.00159	0.00676	0.00413	0.00283	0.00756
65	0.01216	0.04189	0.22228	0.13822	0.26663	0.06308	0.11295	0.05379	0.01190	0.01617	0.00936	0.01195	0.00725	0.00475	0.00500	0.00156	0.00698	0.00436	0.00250	0.00721
66	0.01242	0.01363	0.02373	0.05880	0.17697	0.08284	0.40202	0.01565	0.01134	0.01516	0.00927	0.01262	0.00744	0.00513	0.00722	0.00170	0.12973	0.00513	0.00248	0.00672
67	0.00666	0.00479	0.00631	0.00670	0.00744	0.00444	0.00473	0.00830	0.01200	0.01660	0.40913	0.42719	0.04060	0.01308	0.00621	0.00182	0.00266	0.01175	0.00513	0.00444
68	0.10082	0.45489	0.23442	0.01019	0.01523	0.01624	0.01109	0.05520	0.01104	0.03861	0.00824	0.00931	0.00665	0.00464	0.00381	0.00131	0.00579	0.00316	0.00253	0.00683
69	0.01271	0.01115	0.01113	0.00998	0.02449	0.11928	0.04955	0.05599	0.34891	0.01931	0.01701	0.01731	0.02577	0.00623	0.00465	0.00149	0.00457	0.00511	0.24872	0.00666
70	0.00619	0.00443	0.00590	0.00702	0.00734	0.00413	0.00470	0.00713	0.00984	0.01316	0.05373	0.79241	0.03393	0.01566	0.00644	0.00204	0.00292	0.01420	0.00472	0.00413
71	0.02439	0.02685	0.00852	0.00756	0.02516	0.00739	0.00571	0.16633	0.01451	0.01915	0.21824	0.09494	0.34094	0.01053	0.00568	0.00164	0.00333	0.00886	0.00485	0.00542
72	0.17550	0.30667	0.28725	0.01149	0.05256	0.01486	0.01188	0.05951	0.01093	0.01678	0.00815	0.00946	0.00646	0.00467	0.00395	0.00140	0.00587	0.00326	0.00252	0.00683
73	0.01229	0.01332	0.08947	0.02927	0.69979	0.01201	0.03846	0.01558	0.01145	0.01647	0.00949	0.01239	0.00786	0.00452	0.00502	0.00152	0.00621	0.00448	0.00247	0.00793
74	0.00682	0.00450	0.00613	0.00686	0.00722	0.00426	0.00464	0.00730	0.00970	0.01310	0.12898	0.55019	0.03047	0.01543	0.00905	0.17240	0.00315	0.01165	0.00431	0.00382
75	0.01049	0.00899	0.01049	0.00749	0.01198	0.00674	0.00599	0.01273	0.01049	0.01648	0.00899	0.01049	0.00749	0.00374	0.00374	0.00075	0.00374	0.00300	0.00300	0.85320
76	0.01491	0.11472	0.11507	0.03303	0.13969	0.10519	0.02306	0.01897	0.10607	0.19522	0.04055	0.03161	0.02806	0.00592	0.00484	0.00151	0.00565	0.00484	0.00381	0.00729
77	0.00697	0.00474	0.00563	0.00601	0.00610	0.00464	0.00359	0.00725	0.00811	0.01081	0.01980	0.28785	0.02327	0.56086	0.01949	0.00398	0.00426	0.00963	0.00359	0.00340
78	0.01599	0.01243	0.01249	0.01010	0.01344	0.07114	0.00815	0.45900	0.07791	0.06189	0.02130	0.02058	0.17811	0.00753	0.00523	0.00156	0.00500	0.00590	0.00486	0.00741
79	0.07630	0.04399	0.29958	0.01084	0.01558	0.06732	0.01135	0.01849	0.04739	0.24669	0.08979	0.01577	0.02303	0.00598	0.00484	0.00155	0.00560	0.00471	0.00397	0.00723
80	0.01469	0.01337	0.07816	0.04514	0.36396	0.07000	0.10728	0.01828	0.04887	0.17202	0.01204	0.01353	0.00895	0.00503	0.00510	0.00155	0.00625	0.00471	0.00336	0.00771
81	0.01005	0.00531	0.00538	0.00515	0.00651	0.00541	0.00392	0.06023	0.01144	0.01968	0.01622	0.01843	0.01268	0.00590	0.00363	0.00120	0.00256	0.00470	0.79662	0.00496
82	0.01136	0.21410	0.43057	0.01450	0.02056	0.01402	0.17902	0.01577	0.01079	0.01499	0.00879	0.01071	0.00670	0.00466	0.00492	0.00151	0.02374	0.00399	0.00223	0.00706
83	0.03800	0.07444	0.10584	0.13132	0.07985	0.10266	0.06654	0.06312	0.16538	0.03145	0.08046	0.01524	0.01236	0.00579	0.00494	0.00156	0.00594	0.00486	0.00345	0.00683
84	0.00735	0.00490	0.00552	0.00552	0.00552	0.00490	0.00306	0.00735	0.00735	0.00980	0.01593	0.03309	0.01838	0.82229	0.02574	0.00490	0.00490	0.00735	0.00306	0.00306
85	0.00731	0.00639	0.01040	0.00934	0.01092	0.00586	0.15237	0.00904	0.01084	0.01425	0.08593	0.44575	0.18638	0.01257	0.00622	0.00188	0.00389	0.01160	0.00435	0.00471
86	0.01311	0.05140	0.06034	0.02312	0.37131	0.01208	0.25040	0.03263	0.01201	0.08352	0.01108	0.03614	0.00889	0.00495	0.00526	0.00157	0.00659	0.00517	0.00293	0.00749
87	0.16777	0.17277	0.10341	0.01252	0.10190	0.01408	0.02374	0.13403	0.16151	0.01979	0.01111	0.01195	0.00865	0.00583	0.01734	0.00161	0.01739	0.00402	0.00341	0.00716
88	0.01890	0.01345	0.01458	0.01131	0.01525	0.01478	0.00930	0.65047	0.09016	0.08920	0.01348	0.01312	0.00950	0.00615	0.00507	0.00154	0.00533	0.00470	0.00516	0.00855
89	0.03654	0.01033	0.07058	0.00915	0.01227	0.03338	0.00770	0.13984	0.02761	0.33851	0.04359	0.10239	0.01531	0.11984	0.00802	0.00207	0.00476	0.00622	0.00491	0.00698
90	0.01302	0.24538	0.41452	0.01231	0.01808	0.06497	0.01396	0.13131	0.01279	0.01705	0.00889	0.01009	0.00677	0.00489	0.00440	0.00143	0.00672	0.00354	0.00262	0.00727
91	0.00605	0.00482	0.00543	0.00592	0.00704	0.00420	0.00420	0.00717	0.01076	0.01335	0.04148	0.36999	0.47366	0.01407	0.00618	0.00185	0.00272	0.01222	0.00470	0.00420
92	0.01825	0.02112	0.01540	0.01330	0.01627	0.61331	0.07703	0.04305	0.05197	0.06944	0.00965	0.01066	0.00754	0.00531	0.00477	0.00138	0.00837	0.00379	0.00306	0.00633
93	0.01415	0.01863	0.38066	0.01207	0.01736	0.06142	0.01302	0.12150	0.08932	0.15552	0.01480	0.01485	0.05214	0.00591	0.00497	0.00158	0.00614	0.00464	0.00373	0.00760
94	0.01591	0.02942	0.05737	0.01363	0.01772	0.02705	0.24795	0.12727	0.01434	0.26090	0.01564	0.02017	0.01216	0.00653	0.00555	0.00169	0.00614	0.10888	0.00433	0.00734
95	0.01132	0.00995	0.01493	0.62913	0.03033	0.01204	0.01294	0.13784	0.06138	0.01653	0.01024	0.01361	0.00760	0.00534	0.00506	0.00166	0.00637	0.00458	0.00289	0.00626
96	0.00955	0.00899	0.01517	0.81013	0.03483	0.01123	0.01404	0.01292	0.01011	0.01292	0.00899	0.01348	0.00674	0.00506	0.00506	0.00169	0.00674	0.00449	0.00225	0.00562
97	0.00615	0.00446	0.00581	0.00689	0.00730	0.00412	0.00463	0.00706	0.00982	0.01297	0.02966	0.76010	0.09118	0.01561	0.00642	0.00203	0.00291	0.01409	0.00469	0.00412
98	0.01889	0.02410	0.01433	0.01303	0.01563	0.80199	0.00977	0.02019	0.01433	0.01238	0.00782	0.00912	0.00651	0.00521	0.00456	0.00130	0.00912	0.00326	0.00261	0.00586
99	0.01892	0.01541	0.01492	0.01178	0.01558	0.12410	0.00957	0.64157	0.05116	0.02877	0.01186	0.01198	0.00857	0.00598	0.00499	0.00150	0.00600	0.00442	0.00472	0.00820
100	0.00641	0.00503	0.00584	0.00640	0.00742	0.00461	0.00451	0.00814	0.04990	0.01364	0.03728	0.45538	0.34893	0.01411	0.00619	0.00189	0.00283	0.01238	0.00472	0.00437
101	0.01258	0.01086	0.01143	0.01029	0.01315	0.01258	0.00800	0.02687	0.78161	0.02115	0.02058	0.01887	0.01544	0.00686	0.00515	0.00172	0.00400	0.00572	0.00515	0.00800
102	0.00644	0.00460	0.00618	0.00735	0.00777	0.00434	0.00517	0.00752	0.00995	0.01322	0.02772	0.71381	0.03285	0.01558	0.00653	0.00209	0.00317	0.11684	0.00469	0.00418
103	0.01126	0.01088	0.01909	0.08491	0.34184	0.01125	0.17405	0.01482	0.04783	0.01581	0.01302	0.03380	0.01189	0.00660	0.00633	0.00176	0.06016	0.12489	0.00298	0.00680
104	0.01162	0.01110	0.01890	0.26740	0.56141	0.01178	0.01507	0.01473	0.01109	0.01543	0.00935	0.01281	0.00762	0.00467	0.00502	0.00156	0.00623	0.00450	0.00243	0.00728
105	0.01678	0.02065	0.01394	0.01263	0.01472	0.62298	0.00964	0.01810	0.01287	0.01229	0.00816	0.01034	0.00707	0.00861	0.07684	0.00203	0.12048	0.00361	0.00256	0.00570
106	0.01942	0.00874	0.01265	0.00972	0.01340	0.00775	0.07479	0.04368	0.01432	0.59570	0.07805	0.02028	0.06393	0.00680	0.00528	0.00159	0.00446	0.00581	0.00574	0.00789
107	0.01114	0.03345	0.37999	0.01794	0.02412	0.01244	0.41466	0.01610	0.01133	0.01604	0.00965	0.01219	0.00707	0.00451	0.00539	0.00165	0.00799	0.00489	0.00236	0.00711
108	0.00614	0.00446	0.00580	0.00687	0.00729	0.00412	0.00462	0.00706	0.00984	0.01298	0.02994	0.75079	0.10031	0.01557	0.00641	0.00202	0.00290	0.01405	0.00469	0.00412
109	0.00616	0.00440	0.00587	0.00704	0.00733	0.00411	0.00469	0.00704	0.00968	0.01291	0.02787	0.81899	0.03344	0.01584	0.00645	0.00205	0.00293	0.01438	0.00469	0.00411
110	0.01018	0.02591	0.78347	0.01435	0.02175	0.01176	0.01851	0.01619	0.02307	0.01610	0.00926	0.01081	0.00655	0.00484	0.00481	0.00160	0.00742	0.00377	0.00218	0.00748
111	0.00618	0.00513	0.00540	0.00533	0.00695	0.00435	0.00400	0.00765	0.01200	0.01479	0.17727	0.04680	0.66194	0.01238	0.00597	0.00169	0.00253	0.01041	0.00484	0.00435
112	0.00616	0.00440	0.00587	0.00704	0.00733	0.00411	0.00469	0.00704	0.00968	0.01291	0.02787	0.81899	0.03344	0.01584	0.00645	0.00205	0.00293	0.01438	0.00469	0.00411
113	0.01039	0.08567	0.73878	0.01398	0.02122	0.01236	0.01794	0.01595	0.01065	0.01571	0.00892	0.01049	0.00641	0.00477	0.00469	0.00156	0.00732	0.00366	0.00214	0.00740
114	0.00615	0.00445	0.00582	0.00691	0.00730	0.00412	0.00464	0.00706	0.00981	0.01296	0.02944	0.76710	0.08431	0.01564	0.00642	0.00203	0.00291	0.01413	0.00469	0.00412
115	0.01049	0.00899	0.01049	0.00749	0.01198	0.00674	0.00599	0.01273	0.01049	0.01648	0.00899	0.01049	0.00749	0.00374	0.00374	0.00075	0.00374	0.00300	0.00300	0.85320
116	0.01198	0.01343	0.02847	0.02049	0.02544	0.01277	0.71546	0.01699	0.06925	0.01657	0.01100	0.01403	0.00825	0.00446	0.00591	0.00171	0.00819	0.00595	0.00275	0.00691
117	0.00616	0.00440	0.00587	0.00704	0.00733	0.00411	0.00469	0.00704	0.00968	0.01291	0.02787	0.81899	0.03344	0.01584	0.00645	0.00205	0.00293	0.01438	0.00469	0.00411
118	0.00815	0.00582	0.00815	0.00931	0.01048	0.00582	0.00815	0.01048	0.01164	0.01513	0.02677	0.05704	0.02910	0.01397	0.00698	0.00233	0.00466	0.75671	0.00466	0.00466
119	0.01114	0.22969	0.54213	0.01345	0.01995	0.01394	0.07224	0.01580	0.01067	0.01497	0.00864	0.01024	0.00652	0.00464	0.00449	0.00148	0.00702	0.00364	0.00217	0.00717
120	0.01338	0.01109	0.01444	0.38671	0.02419	0.01299	0.01138	0.27035	0.16531	0.02087	0.01231	0.01408	0.00906	0.00575	0.00507	0.00163	0.00581	0.00475	0.00375	0.00708
121	0.01165	0.00685	0.00708	0.00628	0.00811	0.00720	0.00491	0.18445	0.01359	0.02180	0.01551	0.01733	0.01197	0.00593	0.00388	0.00126	0.00308	0.00468	0.65884	0.00559
122	0.00599	0.00506	0.00519	0.00529	0.00687	0.00425	0.00392	0.00724	0.01136	0.01359	0.04916	0.11686	0.72183	0.01308	0.00602	0.00174	0.00259	0.01100	0.00470	0.00425
123	0.00942	0.00879	0.01478	0.76558	0.03339	0.01096	0.01361	0.01270	0.01000	0.01285	0.00924	0.01384	0.00707	0.00688	0.04935	0.00204	0.00712	0.00455	0.00227	0.00556
124	0.01091	0.20723	0.62172	0.01311	0.01987	0.01362	0.01641	0.01582	0.01059	0.01508	0.00861	0.01010	0.00642	0.00470	0.00445	0.00148	0.00701	0.00350	0.00214	0.00725
125	0.61576	0.01187	0.08072	0.00959	0.01343	0.01161	0.11270	0.04015	0.00990	0.04280	0.00818	0.00956	0.00616	0.00473	0.00379	0.00159	0.00493	0.00340	0.00311	0.00603
126	0.01103	0.01052	0.01772	0.40293	0.39241	0.01181	0.01460	0.01412	0.01067	0.01459	0.00913	0.01291	0.00734	0.00497	0.00558	0.00162	0.04444	0.00450	0.00237	0.00675
127	0.00722	0.00542	0.00813	0.00813	0.00903	0.00632	0.00632	0.00903	0.00813	0.01174	0.01354	0.01987	0.01264	0.03792	0.80225	0.00813	0.01354	0.00542	0.00271	0.00451
128	0.01108	0.02485	0.73768	0.01401	0.02122	0.01142	0.01785	0.01666	0.01096	0.07397	0.00988	0.01116	0.00686	0.00491	0.00483	0.00160	0.00724	0.00384	0.00244	0.00756
129	0.01149	0.15531	0.62078	0.01313	0.01986	0.01282	0.01633	0.01642	0.01085	0.06481	0.00943	0.01067	0.00681	0.00482	0.00457	0.00151	0.00694	0.00365	0.00240	0.00738
130	0.02269	0.00861	0.01174	0.00900	0.01291	0.00743	0.00743	0.02464	0.01447	0.79425	0.01995	0.01721	0.01252	0.00626	0.00509	0.00156	0.00430	0.00509	0.00626	0.00861
131	0.00616	0.00440	0.00587	0.00704	0.00733	0.00411	0.00469	0.00704	0.00968	0.01291	0.02787	0.81899	0.03344	0.01584	0.00645	0.00205	0.00293	0.01438	0.00469	0.00411
132	0.01014	0.02616	0.79609	0.01441	0.02189	0.01174	0.01868	0.01601	0.01068	0.01601	0.00907	0.01068	0.00641	0.00480	0.00480	0.00160	0.00747	0.00374	0.00214	0.00747
133	0.00616	0.00440	0.00587	0.00704	0.00733	0.00411	0.00469	0.00704	0.00968	0.01291	0.02787	0.81899	0.03344	0.01584	0.00645	0.00205	0.00293	0.01438	0.00469	0.00411
134	0.02199	0.00972	0.01242	0.00953	0.01346	0.00908	0.00787	0.17471	0.01634	0.64155	0.01839	0.01620	0.01173	0.00622	0.00508	0.00156	0.00456	0.00498	0.00602	0.00860
135	0.01946	0.01196	0.01359	0.01062	0.01447	0.01265	0.00871	0.43763	0.11934	0.27379	0.01573	0.01463	0.01074	0.00623	0.00508	0.00156	0.00496	0.00487	0.00545	0.00852
136	0.00744	0.00572	0.00848	0.00836	0.00919	0.00680	0.00652	0.00917	0.00809	0.01172	0.01321	0.01965	0.01243	0.05259	0.74248	0.00773	0.05778	0.00540	0.00269	0.00454
137	0.00955	0.00570	0.00753	0.00677	0.00838	0.00518	0.00518	0.01187	0.01434	0.13955	0.66971	0.03460	0.04229	0.00971	0.00583	0.00159	0.00268	0.00852	0.00567	0.00536
138	0.01179	0.01494	0.13277	0.01866	0.02375	0.01261	0.55055	0.01782	0.13037	0.01694	0.01167	0.01404	0.00869	0.00474	0.00568	0.00169	0.00768	0.00562	0.00290	0.00709
139	0.01057	0.00988	0.01662	0.43759	0.32534	0.01106	0.01409	0.01371	0.01079	0.01451	0.01077	0.01696	0.00921	0.00563	0.00521	0.00167	0.00627	0.07109	0.00256	0.00646
140	0.00643	0.00463	0.00613	0.00715	0.00766	0.00434	0.00502	0.00757	0.01027	0.01365	0.07693	0.65257	0.06953	0.01515	0.00646	0.00204	0.00306	0.09246	0.00475	0.00421
141	0.57280	0.00993	0.00892	0.00785	0.01091	0.01120	0.00649	0.12010	0.04741	0.05528	0.02397	0.01477	0.00962	0.00603	0.00399	0.00164	0.00421	0.07501	0.00381	0.00607
142	0.01362	0.01339	0.10717	0.01411	0.01805	0.01232	0.22305	0.17470	0.12746	0.07495	0.02613	0.01804	0.01165	0.00653	0.00636	0.00174	0.06789	0.07172	0.00388	0.00724
143	0.01323	0.01396	0.01777	0.04734	0.40178	0.16381	0.01313	0.01539	0.01096	0.01440	0.00837	0.01149	0.00730	0.00587	0.00816	0.00167	0.23186	0.00424	0.00243	0.00683
144	0.01089	0.01123	0.01976	0.01537	0.01738	0.01296	0.30962	0.01309	0.00934	0.01343	0.00933	0.01512	0.00867	0.11933	0.01367	0.00238	0.38482	0.00544	0.00247	0.00570
145	0.60246	0.12289	0.01182	0.00947	0.07981	0.01293	0.00712	0.07298	0.01025	0.02135	0.00765	0.00888	0.00608	0.00473	0.00346	0.00149	0.00443	0.00303	0.00309	0.00608
146	0.01511	0.12303	0.01670	0.01239	0.01456	0.25798	0.02565	0.14197	0.01287	0.01555	0.00816	0.01046	0.00703	0.00707	0.02235	0.00176	0.29435	0.00391	0.00282	0.00628
147	0.00629	0.00520	0.00552	0.00551	0.00709	0.00450	0.00411	0.00796	0.02761	0.01468	0.15093	0.09200	0.62598	0.01252	0.00599	0.00171	0.00259	0.01058	0.00483	0.00441

[dist]
# distance from previous block
# <min> <max>
3	5

[block]
# block no. 2 follows, 49 sequences, length 64
# corresponding to MSA columns:
# 1129-1192
name=unknown_C
#
# <colnr> <probs for GDERKNQSTAVLIFYWHMCP>
#	G	D	E	R	K	N	Q	S	T	A	V	L	I	F	Y	W	H	M	C	P
0	0.06844	0.08002	0.01523	0.01128	0.01495	0.16144	0.00922	0.48330	0.06579	0.02547	0.01114	0.01143	0.00827	0.00574	0.00471	0.00146	0.00602	0.00413	0.00426	0.00770
1	0.00598	0.00512	0.00512	0.00512	0.00683	0.00427	0.00384	0.00726	0.01153	0.01366	0.05123	0.04866	0.78869	0.01281	0.00598	0.00171	0.00256	0.01067	0.00470	0.00427
2	0.01042	0.00961	0.00911	0.04643	0.01091	0.16898	0.00646	0.03777	0.01444	0.03583	0.54785	0.02942	0.03522	0.00880	0.00558	0.00153	0.00412	0.00747	0.00480	0.00525
3	0.01175	0.01433	0.17704	0.28194	0.16321	0.04054	0.06014	0.05121	0.01129	0.04132	0.00940	0.01239	0.00722	0.00535	0.00624	0.00167	0.09124	0.00440	0.00257	0.00674
4	0.01870	0.01144	0.01300	0.01022	0.01394	0.01197	0.00836	0.40019	0.10782	0.27152	0.01811	0.01688	0.06077	0.00665	0.00514	0.00157	0.00479	0.00525	0.00543	0.00825
5	0.00694	0.00516	0.00646	0.00614	0.00742	0.00468	0.00460	0.00913	0.01381	0.01909	0.65537	0.03973	0.18117	0.01078	0.00597	0.00161	0.00242	0.00942	0.00541	0.00468
6	0.01014	0.02616	0.79609	0.01441	0.02189	0.01174	0.01868	0.01601	0.01068	0.01601	0.00907	0.01068	0.00641	0.00480	0.00480	0.00160	0.00747	0.00374	0.00214	0.00747
7	0.04794	0.03884	0.01198	0.00900	0.01256	0.00911	0.00740	0.15347	0.01525	0.51586	0.01792	0.06072	0.01258	0.00662	0.00493	0.00154	0.00436	0.00532	0.05667	0.00794
8	0.01325	0.00736	0.00922	0.00843	0.01043	0.00714	0.00636	0.15019	0.01359	0.24005	0.02277	0.44409	0.02298	0.01134	0.00581	0.00182	0.00380	0.00995	0.00521	0.00620
9	0.00878	0.00439	0.00659	0.00659	0.00659	0.00439	0.00439	0.00659	0.00659	0.00878	0.00878	0.01537	0.00878	0.01757	0.01976	0.85288	0.00439	0.00439	0.00220	0.00220
10	0.01145	0.01178	0.01636	0.01378	0.01422	0.04837	0.05993	0.01277	0.00829	0.01244	0.00692	0.01115	0.00670	0.00840	0.01541	0.00214	0.72755	0.00448	0.00225	0.00563
11	0.01193	0.01031	0.01082	0.00978	0.01240	0.02740	0.00757	0.02424	0.65581	0.02085	0.13065	0.02139	0.01990	0.00733	0.00525	0.00169	0.00387	0.00616	0.00515	0.00750
12	0.00815	0.00582	0.00815	0.00931	0.01048	0.00582	0.00815	0.01048	0.01164	0.01513	0.02677	0.05704	0.02910	0.01397	0.00698	0.00233	0.00466	0.75671	0.00466	0.00466
13	0.00615	0.00445	0.00582	0.00692	0.00730	0.00412	0.00464	0.00705	0.00980	0.01296	0.02937	0.76948	0.08198	0.01565	0.00642	0.00203	0.00291	0.01414	0.00469	0.00412
14	0.00910	0.00705	0.03676	0.00807	0.00983	0.00644	0.00675	0.06043	0.04630	0.04729	0.43996	0.03892	0.03594	0.01057	0.00608	0.00179	0.00354	0.21465	0.00517	0.00536
15	0.01194	0.01364	0.02984	0.02131	0.02643	0.01279	0.77238	0.01620	0.01194	0.01620	0.01023	0.01364	0.00767	0.00426	0.00597	0.00171	0.00853	0.00597	0.00256	0.00682
16	0.00616	0.00440	0.00587	0.00704	0.00733	0.00411	0.00469	0.00704	0.00968	0.01291	0.02787	0.81899	0.03344	0.01584	0.00645	0.00205	0.00293	0.01438	0.00469	0.00411
17	0.00677	0.00487	0.00643	0.00677	0.00758	0.00453	0.00487	0.00851	0.01223	0.01693	0.43344	0.37168	0.04088	0.01283	0.00621	0.00182	0.00271	0.04129	0.00516	0.00448
18	0.04909	0.01023	0.01247	0.00968	0.01354	0.01002	0.00797	0.21903	0.06326	0.52354	0.01753	0.01569	0.01144	0.00619	0.00502	0.00156	0.00460	0.00491	0.00577	0.00846
19	0.01168	0.01544	0.13998	0.02032	0.02578	0.01264	0.66404	0.01617	0.01175	0.01617	0.01006	0.01321	0.00749	0.00434	0.00580	0.00169	0.00837	0.00565	0.00250	0.00691
20	0.00621	0.00443	0.00592	0.00710	0.00741	0.00415	0.00478	0.00712	0.00973	0.01296	0.02784	0.80065	0.03334	0.01580	0.00647	0.00206	0.00298	0.03224	0.00469	0.00412
21	0.00998	0.00942	0.01594	0.69814	0.14349	0.01135	0.01426	0.01329	0.01031	0.01344	0.00906	0.01334	0.00692	0.00498	0.00505	0.00166	0.00664	0.00450	0.00228	0.00596
22	0.01258	0.01087	0.01088	0.00992	0.01249	0.06215	0.00773	0.06004	0.56276	0.02029	0.01964	0.04907	0.01575	0.00736	0.00513	0.00168	0.00427	0.04796	0.07211	0.00730
23	0.01352	0.82533	0.02650	0.00865	0.01298	0.02001	0.00865	0.01514	0.01027	0.01190	0.00703	0.00811	0.00649	0.00433	0.00324	0.00108	0.00541	0.00270	0.00216	0.00649
24	0.00616	0.00440	0.00587	0.00704	0.00733	0.00411	0.00469	0.00704	0.00968	0.01291	0.02787	0.81899	0.03344	0.01584	0.00645	0.00205	0.00293	0.01438	0.00469	0.00411
25	0.01203	0.01324	0.02719	0.01973	0.02452	0.01276	0.66250	0.01773	0.12257	0.01691	0.01172	0.01439	0.00879	0.00464	0.00585	0.00171	0.00787	0.00593	0.00293	0.00699
26	0.00616	0.00440	0.00587	0.00704	0.00733	0.00411	0.00469	0.00704	0.00968	0.01291	0.02787	0.81899	0.03344	0.01584	0.00645	0.00205	0.00293	0.01438	0.00469	0.00411
27	0.01049	0.00899	0.01049	0.00749	0.01198	0.00674	0.00599	0.01273	0.01049	0.01648	0.00899	0.01049	0.00749	0.00374	0.00374	0.00075	0.00374	0.00300	0.00300	0.85320
28	0.01252	0.01201	0.02053	0.03104	0.79074	0.01201	0.01552	0.01552	0.01151	0.01652	0.00951	0.01252	0.00801	0.00451	0.00501	0.00150	0.00601	0.00451	0.00250	0.00801
29	0.00943	0.00471	0.00471	0.00471	0.00589	0.00471	0.00353	0.01178	0.01060	0.01885	0.01650	0.01885	0.01296	0.00589	0.00353	0.00118	0.00236	0.00471	0.85036	0.00471
30	0.00616	0.00440	0.00587	0.00704	0.00733	0.00411	0.00469	0.00704	0.00968	0.01291	0.02787	0.81899	0.03344	0.01584	0.00645	0.00205	0.00293	0.01438	0.00469	0.00411
31	0.01194	0.01364	0.02984	0.02131	0.02643	0.01279	0.77238	0.01620	0.01194	0.01620	0.01023	0.01364	0.00767	0.00426	0.00597	0.00171	0.00853	0.00597	0.00256	0.00682
32	0.00631	0.00514	0.00559	0.00548	0.00704	0.00441	0.00411	0.00791	0.01232	0.01556	0.26221	0.04555	0.57652	0.01210	0.00597	0.00167	0.00251	0.01023	0.00495	0.00441
33	0.00716	0.00517	0.00676	0.00636	0.00755	0.00477	0.00477	0.00954	0.01431	0.02028	0.78808	0.03777	0.04771	0.01034	0.00596	0.00159	0.00239	0.00914	0.00557	0.00477
34	0.85801	0.00978	0.00743	0.00665	0.00978	0.01134	0.00548	0.01486	0.00861	0.02269	0.00704	0.00821	0.00548	0.00469	0.00313	0.00156	0.00391	0.00274	0.00313	0.00548
35	0.00723	0.00539	0.00798	0.00798	0.00883	0.00624	0.00614	0.00894	0.00808	0.01163	0.01368	0.02061	0.01296	0.08205	0.75857	0.00795	0.01306	0.00553	0.00273	0.00443
36	0.00616	0.00440	0.00587	0.00704	0.00733	0.00411	0.00469	0.00704	0.00968	0.01291	0.02787	0.81899	0.03344	0.01584	0.00645	0.00205	0.00293	0.01438	0.00469	0.00411
37	0.00974	0.00918	0.01551	0.76007	0.08341	0.01128	0.01414	0.01309	0.01020	0.01315	0.00902	0.01342	0.00682	0.00502	0.00505	0.00167	0.00669	0.00449	0.00226	0.00577
38	0.00955	0.00899	0.01517	0.81013	0.03483	0.01123	0.01404	0.01292	0.01011	0.01292	0.00899	0.01348	0.00674	0.00506	0.00506	0.00169	0.00674	0.00449	0.00225	0.00562
39	0.00815	0.00582	0.00815	0.00931	0.01048	0.00582	0.00815	0.01048	0.01164	0.01513	0.02677	0.05704	0.02910	0.01397	0.00698	0.00233	0.00466	0.75671	0.00466	0.00466
40	0.01194	0.01364	0.02984	0.02131	0.02643	0.01279	0.77238	0.01620	0.01194	0.01620	0.01023	0.01364	0.00767	0.00426	0.00597	0.00171	0.00853	0.00597	0.00256	0.00682
41	0.02269	0.00861	0.01174	0.00900	0.01291	0.00743	0.00743	0.02464	0.01447	0.79425	0.01995	0.01721	0.01252	0.00626	0.00509	0.00156	0.00430	0.00509	0.00626	0.00861
42	0.00735	0.00490	0.00552	0.00552	0.00552	0.00490	0.00306	0.00735	0.00735	0.00980	0.01593	0.03309	0.01838	0.82229	0.02574	0.00490	0.00490	0.00735	0.00306	0.00306
43	0.42199	0.01178	0.01114	0.00912	0.01263	0.01333	0.00749	0.34584	0.08046	0.02655	0.01040	0.01082	0.00767	0.00548	0.00414	0.00156	0.00464	0.00378	0.00414	0.00705
44	0.09885	0.26812	0.03056	0.00945	0.01295	0.13060	0.00808	0.01860	0.20152	0.04521	0.01197	0.04103	0.00990	0.00556	0.00416	0.00135	0.00520	0.00410	0.00339	0.08939
45	0.03394	0.01778	0.01316	0.01134	0.01436	0.43301	0.00878	0.14911	0.06481	0.10982	0.01134	0.01181	0.00854	0.00556	0.00463	0.00137	0.00693	0.00392	0.05226	0.03753
46	0.01014	0.02616	0.79609	0.01441	0.02189	0.01174	0.01868	0.01601	0.01068	0.01601	0.00907	0.01068	0.00641	0.00480	0.00480	0.00160	0.00747	0.00374	0.00214	0.00747
47	0.00616	0.00440	0.00587	0.00704	0.00733	0.00411	0.00469	0.00704	0.00968	0.01291	0.02787	0.81899	0.03344	0.01584	0.00645	0.00205	0.00293	0.01438	0.00469	0.00411
48	0.01194	0.01143	0.01949	0.18159	0.64467	0.01186	0.01523	0.01502	0.01124	0.01582	0.00941	0.01270	0.00776	0.00461	0.00502	0.00154	0.00615	0.00450	0.00245	0.00755
49	0.00616	0.00440	0.00587	0.00704	0.00733	0.00411	0.00469	0.00704	0.00968	0.01291	0.02787	0.81899	0.03344	0.01584	0.00645	0.00205	0.00293	0.01438	0.00469	0.00411
50	0.01252	0.01201	0.02053	0.03104	0.79074	0.01201	0.01552	0.01552	0.01151	0.01652	0.00951	0.01252	0.00801	0.00451	0.00501	0.00150	0.00601	0.00451	0.00250	0.00801
51	0.00735	0.00490	0.00552	0.00552	0.00552	0.00490	0.00306	0.00735	0.00735	0.00980	0.01593	0.03309	0.01838	0.82229	0.02574	0.00490	0.00490	0.00735	0.00306	0.00306
52	0.00616	0.00440	0.00587	0.00704	0.00733	0.00411	0.00469	0.00704	0.00968	0.01291	0.02787	0.81899	0.03344	0.01584	0.00645	0.00205	0.00293	0.01438	0.00469	0.00411
53	0.01194	0.01364	0.02984	0.02131	0.02643	0.01279	0.77238	0.01620	0.01194	0.01620	0.01023	0.01364	0.00767	0.00426	0.00597	0.00171	0.00853	0.00597	0.00256	0.00682
54	0.01798	0.00907	0.01110	0.00911	0.01249	0.00888	0.00733	0.02397	0.26867	0.47439	0.02270	0.02032	0.07657	0.00699	0.00518	0.00163	0.00406	0.00575	0.00576	0.00805
55	0.00955	0.00899	0.01517	0.81013	0.03483	0.01123	0.01404	0.01292	0.01011	0.01292	0.00899	0.01348	0.00674	0.00506	0.00506	0.00169	0.00674	0.00449	0.00225	0.00562
56	0.01367	0.52981	0.02124	0.00946	0.01323	0.07870	0.00855	0.01889	0.23145	0.01458	0.01097	0.01127	0.00905	0.00512	0.00389	0.00128	0.00529	0.00361	0.00305	0.00687
57	0.06690	0.01094	0.01231	0.00982	0.01339	0.01152	0.00801	0.31290	0.14441	0.27774	0.01607	0.01512	0.01111	0.00617	0.00487	0.00155	0.00459	0.00483	0.05968	0.00807
58	0.00878	0.00439	0.00659	0.00659	0.00659	0.00439	0.00439	0.00659	0.00659	0.00878	0.00878	0.01537	0.00878	0.01757	0.01976	0.85288	0.00439	0.00439	0.00220	0.00220
59	0.00636	0.00448	0.00581	0.00679	0.00704	0.00424	0.00443	0.00709	0.00930	0.01240	0.02592	0.69034	0.03098	0.14785	0.00961	0.00252	0.00326	0.01323	0.00443	0.00394
60	0.01257	0.01141	0.01509	0.04573	0.34941	0.06163	0.01132	0.04517	0.21917	0.03108	0.01569	0.01906	0.03903	0.00636	0.00515	0.00161	0.00529	0.06349	0.03444	0.00731
61	0.06152	0.16787	0.15514	0.01089	0.01545	0.04234	0.01044	0.29074	0.03080	0.15009	0.01166	0.01177	0.00835	0.00546	0.00456	0.00146	0.00568	0.00403	0.00400	0.00773
62	0.00888	0.00613	0.00669	0.00663	0.00807	0.00622	0.00491	0.05225	0.12548	0.01741	0.04287	0.23603	0.15898	0.01002	0.00512	0.00161	0.00296	0.00858	0.28601	0.00517
63	0.00616	0.00440	0.00587	0.00704	0.00733	0.00411	0.00469	0.00704	0.00968	0.01291	0.02787	0.81899	0.03344	0.01584	0.00645	0.00205	0.00293	0.01438	0.00469	0.00411

[dist]
# distance from previous block
# <min> <max>
0	1

[block]
# block no. 3 follows, 49 sequences, length 39
# corresponding to MSA columns:
# 1194-1232
name=unknown_D
#
# <colnr> <probs for GDERKNQSTAVLIFYWHMCP>
#	G	D	E	R	K	N	Q	S	T	A	V	L	I	F	Y	W	H	M	C	P
0	0.03718	0.01081	0.01261	0.01038	0.04019	0.04182	0.00813	0.19999	0.06883	0.40693	0.01671	0.01548	0.02550	0.00604	0.00492	0.00149	0.00475	0.00479	0.00526	0.07820
1	0.00607	0.00513	0.00526	0.00523	0.00689	0.00431	0.00392	0.00745	0.01176	0.01421	0.11223	0.04776	0.72735	0.01260	0.00598	0.00170	0.00255	0.01055	0.00477	0.00431
2	0.01166	0.00930	0.01079	0.00795	0.01226	0.00756	0.00636	0.04021	0.07500	0.06220	0.01069	0.01162	0.00847	0.00423	0.00398	0.00090	0.00386	0.00339	0.00343	0.70613
3	0.06847	0.01088	0.01497	0.01758	0.28266	0.01161	0.04787	0.05414	0.30098	0.03207	0.03679	0.03972	0.01347	0.00639	0.00514	0.00165	0.00494	0.03924	0.00396	0.00747
4	0.10106	0.31660	0.07994	0.01034	0.03522	0.06907	0.00922	0.09929	0.10882	0.09147	0.02747	0.01179	0.00922	0.00528	0.00416	0.00138	0.00536	0.00382	0.00345	0.00704
5	0.01352	0.82533	0.02650	0.00865	0.01298	0.02001	0.00865	0.01514	0.01027	0.01190	0.00703	0.00811	0.00649	0.00433	0.00324	0.00108	0.00541	0.00270	0.00216	0.00649
6	0.01945	0.01055	0.03009	0.00935	0.01323	0.07366	0.00773	0.02256	0.08085	0.53245	0.01718	0.01557	0.01141	0.00583	0.00485	0.00144	0.00467	0.00466	0.00530	0.12916
7	0.01088	0.01164	0.02339	0.01750	0.02100	0.01194	0.50537	0.01418	0.01055	0.01471	0.01032	0.01446	0.00848	0.01154	0.16306	0.00304	0.13363	0.00562	0.00253	0.00617
8	0.01150	0.01175	0.02366	0.01745	0.02143	0.01137	0.53822	0.03258	0.01210	0.04406	0.07773	0.05403	0.03958	0.00618	0.00666	0.00175	0.06056	0.01980	0.00318	0.00642
9	0.01075	0.01060	0.01488	0.01285	0.01292	0.01473	0.01067	0.01191	0.00778	0.01213	0.00721	0.01179	0.00713	0.01126	0.08163	0.00270	0.74685	0.00451	0.00225	0.00545
10	0.00616	0.00440	0.00587	0.00704	0.00733	0.00411	0.00469	0.00704	0.00968	0.01291	0.02787	0.81899	0.03344	0.01584	0.00645	0.00205	0.00293	0.01438	0.00469	0.00411
