[name]
unknown

[dist]
# distance from previous block
# <min> <max>
4	44

[block]
# block no. 0 follows, 45 sequences, length 17
# corresponding to MSA columns:
# 44-60
name=unknown_A
#
# <colnr> <probs for GDERKNQSTAVLIFYWHMCP>
#	G	D	E	R	K	N	Q	S	T	A	V	L	I	F	Y	W	H	M	C	P
0	0.01664	0.19306	0.03748	0.01078	0.01480	0.01547	0.00927	0.32380	0.15982	0.06675	0.01379	0.01455	0.01063	0.04556	0.00596	0.00169	0.00541	0.00471	0.00449	0.04536
1	0.01220	0.01028	0.01217	0.00951	0.01351	0.00942	0.03397	0.09162	0.17318	0.01986	0.01424	0.08087	0.01220	0.00603	0.00476	0.00125	0.00434	0.00510	0.00402	0.48146
2	0.01167	0.22622	0.59301	0.01376	0.02085	0.01468	0.01715	0.01677	0.01123	0.01590	0.00909	0.01065	0.00682	0.00497	0.00468	0.00156	0.00738	0.00369	0.00227	0.00767
3	0.01393	0.72247	0.11657	0.00990	0.01488	0.02021	0.01043	0.01618	0.01096	0.01314	0.00772	0.00893	0.00688	0.00465	0.00364	0.00121	0.00600	0.00300	0.00229	0.00701
4	0.01764	0.00786	0.01048	0.00904	0.01212	0.00697	0.00753	0.01971	0.01416	0.47828	0.02781	0.03372	0.12825	0.00971	0.00604	0.00189	0.00439	0.19102	0.00598	0.00742
5	0.00781	0.00520	0.00585	0.00585	0.00585	0.00520	0.00325	0.00781	0.00781	0.01041	0.01691	0.03513	0.01952	0.81135	0.02732	0.00520	0.00520	0.00781	0.00325	0.00325
6	0.00768	0.00570	0.00837	0.00837	0.00925	0.00657	0.00639	0.00942	0.00855	0.01227	0.01461	0.02237	0.01398	0.11055	0.72055	0.00831	0.01354	0.00594	0.00291	0.00465
7	0.01130	0.14577	0.67025	0.01438	0.02181	0.01378	0.01824	0.01686	0.01127	0.01634	0.00931	0.01092	0.00681	0.00502	0.00485	0.00162	0.00760	0.00380	0.00227	0.00778
8	0.01887	0.02279	0.01546	0.01376	0.01624	0.62000	0.01056	0.07529	0.01495	0.01465	0.00846	0.01022	0.00710	0.00616	0.00673	0.00154	0.12421	0.00374	0.00290	0.00639
9	0.00654	0.00467	0.00623	0.00747	0.00779	0.00436	0.00498	0.00747	0.01028	0.01370	0.02959	0.80785	0.03550	0.01682	0.00685	0.00218	0.00311	0.01526	0.00498	0.00436
10	0.01431	0.01159	0.01243	0.01087	0.01389	0.01310	0.00850	0.20953	0.49098	0.02426	0.02053	0.11259	0.01685	0.00821	0.00561	0.00181	0.00453	0.00686	0.00538	0.00816
11	0.00654	0.00467	0.00623	0.00747	0.00779	0.00436	0.00498	0.00747	0.01028	0.01370	0.02959	0.80785	0.03550	0.01682	0.00685	0.00218	0.00311	0.01526	0.00498	0.00436
12	0.81037	0.01060	0.00828	0.00731	0.01067	0.01226	0.00602	0.05070	0.00989	0.02454	0.00773	0.00892	0.00597	0.00505	0.00342	0.00166	0.00423	0.00300	0.00342	0.00597
13	0.00654	0.00467	0.00623	0.00747	0.00779	0.00436	0.00498	0.00747	0.01028	0.01370	0.02959	0.80785	0.03550	0.01682	0.00685	0.00218	0.00311	0.01526	0.00498	0.00436
14	0.13358	0.00966	0.00927	0.00852	0.01112	0.10091	0.00686	0.01573	0.02969	0.18830	0.02926	0.03388	0.25047	0.00992	0.00569	0.00182	0.00461	0.13975	0.00486	0.00611
15	0.13573	0.01348	0.01757	0.12834	0.38573	0.08393	0.01325	0.12477	0.01374	0.01994	0.00988	0.01238	0.00788	0.00520	0.00500	0.00161	0.00639	0.00440	0.00312	0.00765
16	0.01189	0.00954	0.01119	0.01101	0.06425	0.01039	0.00790	0.02159	0.44061	0.05181	0.26720	0.02606	0.02692	0.00829	0.00573	0.00176	0.00385	0.00714	0.00546	0.00740

[dist]
# distance from previous block
# <min> <max>
0	1

[block]
# block no. 1 follows, 45 sequences, length 87
# corresponding to MSA columns:
# 62-148
name=unknown_B
#
# <colnr> <probs for GDERKNQSTAVLIFYWHMCP>
#	G	D	E	R	K	N	Q	S	T	A	V	L	I	F	Y	W	H	M	C	P
0	0.00739	0.00489	0.00653	0.00758	0.00807	0.00453	0.00512	0.00838	0.01052	0.05097	0.02918	0.76952	0.03442	0.01632	0.00678	0.00215	0.00318	0.01478	0.00506	0.00459
1	0.06108	0.05524	0.01516	0.01172	0.01549	0.23285	0.00945	0.30363	0.03709	0.18672	0.01306	0.01290	0.00930	0.00609	0.00504	0.00154	0.00655	0.00441	0.00466	0.00802
2	0.01705	0.04279	0.04602	0.01617	0.12864	0.36702	0.05580	0.13035	0.05250	0.01803	0.01068	0.01228	0.00849	0.00636	0.02288	0.00166	0.00790	0.00429	0.04393	0.00716
3	0.00701	0.00540	0.00640	0.00628	0.00769	0.00479	0.00466	0.00894	0.01360	0.01806	0.42441	0.10690	0.34148	0.01250	0.00638	0.00178	0.00265	0.01081	0.00546	0.00479
4	0.01114	0.00975	0.01227	0.00882	0.01355	0.00749	0.05130	0.01363	0.01121	0.01741	0.00998	0.02548	0.00845	0.00424	0.00417	0.00088	0.00426	0.00358	0.00318	0.77921
5	0.01014	0.00954	0.01610	0.79845	0.03697	0.01193	0.01491	0.01371	0.01073	0.01371	0.00954	0.01431	0.00716	0.00537	0.00537	0.00179	0.00716	0.00477	0.00239	0.00596
6	0.00710	0.00545	0.00650	0.00627	0.00772	0.00485	0.00469	0.00916	0.01397	0.01871	0.48685	0.06015	0.32498	0.01209	0.00635	0.00175	0.00261	0.01044	0.00554	0.00485
7	0.01245	0.00904	0.00890	0.02943	0.01075	0.05541	0.00634	0.09406	0.20227	0.02151	0.03769	0.01905	0.01434	0.00659	0.00452	0.00146	0.00385	0.00528	0.45065	0.00640
8	0.01966	0.02497	0.01568	0.01407	0.01685	0.75137	0.03049	0.02113	0.01498	0.01324	0.00834	0.00986	0.00695	0.00559	0.00517	0.00142	0.02767	0.00356	0.00275	0.00624
9	0.00728	0.00547	0.00674	0.00642	0.00783	0.00493	0.00482	0.00952	0.01445	0.01976	0.59379	0.04301	0.23300	0.01163	0.00633	0.00172	0.00258	0.01012	0.00568	0.00493
10	0.01521	0.01516	0.01296	0.04201	0.01523	0.23090	0.00904	0.10524	0.36670	0.02016	0.04243	0.01900	0.06818	0.00719	0.00536	0.00167	0.00591	0.00564	0.00455	0.00744
11	0.00782	0.00502	0.00628	0.00687	0.00766	0.00497	0.00493	0.00947	0.01060	0.01572	0.04674	0.38592	0.05414	0.01680	0.12215	0.00284	0.00462	0.02835	0.25446	0.00466
12	0.01158	0.19186	0.60211	0.01425	0.02141	0.01434	0.04068	0.01681	0.01129	0.01609	0.00922	0.01086	0.00686	0.00498	0.00479	0.00159	0.00751	0.00381	0.00229	0.00769
13	0.01208	0.01166	0.01963	0.27615	0.42813	0.01294	0.03773	0.01519	0.01129	0.01576	0.00958	0.01347	0.00789	0.00550	0.00680	0.00175	0.09974	0.00482	0.00254	0.00734
14	0.01014	0.00954	0.01610	0.79845	0.03697	0.01193	0.01491	0.01371	0.01073	0.01371	0.00954	0.01431	0.00716	0.00537	0.00537	0.00179	0.00716	0.00477	0.00239	0.00596
15	0.01270	0.01541	0.10011	0.01898	0.13205	0.12689	0.30187	0.03414	0.01270	0.01637	0.01382	0.16258	0.01305	0.00713	0.00591	0.00177	0.00744	0.00708	0.00316	0.00685
16	0.01113	0.00954	0.01113	0.00795	0.01272	0.00716	0.00636	0.01352	0.01113	0.01749	0.00954	0.01113	0.00795	0.00398	0.00398	0.00080	0.00398	0.00318	0.00318	0.84417
17	0.01034	0.00565	0.00648	0.00655	0.00787	0.00555	0.00480	0.01306	0.05657	0.08563	0.02197	0.27274	0.02085	0.00974	0.00500	0.00162	0.00299	0.00839	0.44882	0.00537
18	0.01382	0.02544	0.45936	0.01553	0.02155	0.24778	0.09289	0.01857	0.02659	0.01595	0.00958	0.01132	0.00715	0.00521	0.00516	0.00162	0.00851	0.00410	0.00252	0.00735
19	0.01498	0.01139	0.01797	0.13906	0.42265	0.01142	0.01346	0.04267	0.02861	0.16513	0.01245	0.01437	0.00937	0.00528	0.00524	0.00158	0.00591	0.00481	0.00357	0.07008
20	0.01583	0.01049	0.01056	0.00912	0.01191	0.07861	0.00717	0.08967	0.22777	0.18548	0.01828	0.01807	0.01337	0.00658	0.00484	0.00155	0.00439	0.00524	0.27371	0.00737
21	0.01398	0.01535	0.02892	0.02096	0.02608	0.07086	0.62893	0.09150	0.01411	0.01855	0.01087	0.01397	0.00815	0.00479	0.00613	0.00176	0.00878	0.00597	0.00298	0.00735
22	0.00724	0.00539	0.00673	0.00657	0.00784	0.00489	0.00486	0.00937	0.01409	0.01932	0.55460	0.12313	0.19195	0.01211	0.00639	0.00176	0.00263	0.01061	0.00563	0.00489
23	0.01056	0.00904	0.00936	0.00870	0.01065	0.07693	0.00676	0.05934	0.15704	0.02063	0.39248	0.03486	0.09151	0.01010	0.00608	0.00177	0.00394	0.07891	0.00535	0.00600
24	0.02010	0.01730	0.01368	0.01182	0.01511	0.37495	0.00917	0.02441	0.16229	0.27367	0.01528	0.01459	0.01091	0.00625	0.00515	0.00156	0.00690	0.00462	0.00460	0.00765
25	0.00932	0.00466	0.00699	0.00699	0.00699	0.00466	0.00466	0.00699	0.00699	0.00932	0.00932	0.01632	0.00932	0.01865	0.02098	0.84382	0.00466	0.00466	0.00233	0.00233
26	0.01077	0.02777	0.78354	0.01530	0.02323	0.01247	0.01983	0.01700	0.01133	0.01700	0.00963	0.01133	0.00680	0.00510	0.00510	0.00170	0.00793	0.00397	0.00227	0.00793
27	0.01485	0.01446	0.02620	0.01908	0.02405	0.01441	0.50638	0.22353	0.06132	0.02212	0.01208	0.01437	0.00891	0.00522	0.00602	0.00176	0.00789	0.00590	0.00361	0.00784
28	0.01014	0.00954	0.01610	0.79845	0.03697	0.01193	0.01491	0.01371	0.01073	0.01371	0.00954	0.01431	0.00716	0.00537	0.00537	0.00179	0.00716	0.00477	0.00239	0.00596
29	0.01242	0.01286	0.01634	0.01407	0.01430	0.07904	0.01163	0.01361	0.00879	0.01294	0.00715	0.01158	0.00704	0.00908	0.01658	0.00227	0.73744	0.00460	0.00238	0.00590
30	0.17776	0.01394	0.01005	0.00925	0.01167	0.27182	0.00708	0.01851	0.12350	0.01885	0.01309	0.01433	0.01029	0.00591	0.00429	0.00146	0.00550	0.00423	0.27238	0.00609
31	0.00748	0.00551	0.00701	0.00670	0.00804	0.00504	0.00508	0.00985	0.01470	0.02040	0.65268	0.04239	0.14376	0.01146	0.00637	0.00173	0.00265	0.03839	0.00575	0.00499
32	0.00858	0.00659	0.00933	0.00899	0.01013	0.00769	0.00706	0.05454	0.00974	0.01384	0.01552	0.02136	0.04321	0.03567	0.67425	0.00763	0.05182	0.00587	0.00308	0.00509
33	0.00654	0.00467	0.00623	0.00747	0.00779	0.00436	0.00498	0.00747	0.01028	0.01370	0.02959	0.80785	0.03550	0.01682	0.00685	0.00218	0.00311	0.01526	0.00498	0.00436
34	0.01113	0.00954	0.01113	0.00795	0.01272	0.00716	0.00636	0.01352	0.01113	0.01749	0.00954	0.01113	0.00795	0.00398	0.00398	0.00080	0.00398	0.00318	0.00318	0.84417
35	0.01111	0.17274	0.52626	0.01293	0.01938	0.01310	0.01569	0.01594	0.01166	0.01669	0.09234	0.01394	0.01162	0.00560	0.00488	0.00156	0.00678	0.00435	0.00270	0.04073
36	0.01435	0.81458	0.02813	0.00918	0.01378	0.02124	0.00918	0.01607	0.01091	0.01263	0.00746	0.00861	0.00689	0.00459	0.00344	0.00115	0.00574	0.00287	0.00230	0.00689
37	0.00865	0.00618	0.00865	0.00989	0.01112	0.00618	0.00865	0.01112	0.01236	0.01606	0.02842	0.06055	0.03089	0.01483	0.00741	0.00247	0.00494	0.74174	0.00494	0.00494
38	0.01329	0.01275	0.02179	0.03295	0.77787	0.01275	0.01647	0.01647	0.01222	0.01754	0.01010	0.01329	0.00850	0.00478	0.00531	0.00159	0.00638	0.00478	0.00266	0.00850
39	0.01438	0.01170	0.01949	0.15302	0.54487	0.01190	0.01495	0.01747	0.01245	0.13032	0.01165	0.01419	0.00900	0.00515	0.00534	0.00164	0.00623	0.00487	0.00320	0.00819
40	0.00781	0.00520	0.00585	0.00585	0.00585	0.00520	0.00325	0.00781	0.00781	0.01041	0.01691	0.03513	0.01952	0.81135	0.02732	0.00520	0.00520	0.00781	0.00325	0.00325
41	0.00768	0.00572	0.00849	0.00849	0.00940	0.00664	0.00654	0.00950	0.00859	0.01236	0.01450	0.02177	0.01372	0.07789	0.75285	0.00846	0.01393	0.00585	0.00289	0.00472
42	0.00670	0.00480	0.00640	0.00763	0.00804	0.00451	0.00526	0.00777	0.01048	0.01390	0.02995	0.73492	0.04882	0.01660	0.00689	0.00220	0.00325	0.07250	0.00498	0.00441
43	0.01886	0.01355	0.01446	0.01126	0.01510	0.01492	0.00925	0.64903	0.02316	0.03178	0.01357	0.01395	0.00982	0.00642	0.00513	0.00156	0.00540	0.00486	0.12942	0.00852
44	0.01508	0.01239	0.01311	0.01127	0.01462	0.01416	0.00892	0.20810	0.58577	0.02525	0.01965	0.01827	0.01460	0.00708	0.00544	0.00177	0.00466	0.00577	0.00544	0.00865
45	0.01435	0.81458	0.02813	0.00918	0.01378	0.02124	0.00918	0.01607	0.01091	0.01263	0.00746	0.00861	0.00689	0.00459	0.00344	0.00115	0.00574	0.00287	0.00230	0.00689
46	0.84927	0.01038	0.00789	0.00706	0.01038	0.01204	0.00581	0.01578	0.00914	0.02408	0.00747	0.00872	0.00581	0.00498	0.00332	0.00166	0.00415	0.00291	0.00332	0.00581
47	0.00768	0.00515	0.00589	0.00602	0.00605	0.00512	0.00343	0.00777	0.00806	0.01075	0.01822	0.11478	0.02116	0.72945	0.02521	0.00489	0.00499	0.00857	0.00343	0.00337
48	0.00984	0.00899	0.00787	0.00792	0.00930	0.15254	0.00582	0.01152	0.01267	0.01620	0.16594	0.24503	0.15194	0.01143	0.00585	0.00175	0.00416	0.03739	0.12884	0.00499
49	0.00678	0.00477	0.00616	0.00717	0.00742	0.00452	0.00466	0.00754	0.00981	0.01308	0.02720	0.66239	0.03249	0.16639	0.01070	0.00275	0.00351	0.01386	0.00466	0.00415
50	0.01293	0.01412	0.01632	0.01360	0.01572	0.22963	0.16942	0.01484	0.01116	0.01344	0.01106	0.01698	0.01030	0.13210	0.15846	0.00357	0.14255	0.00536	0.00278	0.00567
51	0.00932	0.00466	0.00699	0.00699	0.00699	0.00466	0.00466	0.00699	0.00699	0.00932	0.00932	0.01632	0.00932	0.01865	0.02098	0.84382	0.00466	0.00466	0.00233	0.00233
52	0.02041	0.01504	0.01611	0.01235	0.01665	0.01665	0.01020	0.75997	0.02524	0.03383	0.01289	0.01289	0.00913	0.00644	0.00537	0.00161	0.00591	0.00483	0.00537	0.00913
53	0.00767	0.00575	0.00863	0.00863	0.00959	0.00671	0.00671	0.00959	0.00863	0.01246	0.01438	0.02109	0.01342	0.04026	0.79008	0.00863	0.01438	0.00575	0.00288	0.00479
54	0.01239	0.01645	0.14327	0.02154	0.02734	0.01341	0.64876	0.01717	0.01247	0.01717	0.01068	0.01401	0.00795	0.00461	0.00615	0.00179	0.00888	0.00598	0.00265	0.00734
55	0.00767	0.00575	0.00863	0.00863	0.00959	0.00671	0.00671	0.00959	0.00863	0.01246	0.01438	0.02109	0.01342	0.04026	0.79008	0.00863	0.01438	0.00575	0.00288	0.00479
56	0.10742	0.01114	0.01304	0.01020	0.01424	0.01122	0.00839	0.24107	0.06264	0.43817	0.01737	0.01581	0.01148	0.00645	0.00518	0.00166	0.00490	0.00502	0.00586	0.00875
57	0.01229	0.01012	0.04868	0.00846	0.01295	0.00752	0.00714	0.03441	0.01236	0.09443	0.08970	0.01488	0.01286	0.00508	0.00445	0.00104	0.00413	0.00416	0.00382	0.61151
58	0.05110	0.02235	0.01517	0.01480	0.07771	0.60475	0.01050	0.03529	0.09006	0.01523	0.00985	0.01103	0.00799	0.00564	0.00489	0.00146	0.00859	0.00383	0.00310	0.00667
59	0.01435	0.81458	0.02813	0.00918	0.01378	0.02124	0.00918	0.01607	0.01091	0.01263	0.00746	0.00861	0.00689	0.00459	0.00344	0.00115	0.00574	0.00287	0.00230	0.00689
60	0.00782	0.00684	0.00687	0.00681	0.00839	0.05201	0.00503	0.01006	0.04961	0.01631	0.21257	0.15617	0.41670	0.01267	0.00628	0.00181	0.00322	0.01081	0.00509	0.00492
61	0.01060	0.01002	0.01694	0.68483	0.14694	0.01205	0.01514	0.01412	0.01095	0.01428	0.00962	0.01416	0.00736	0.00528	0.00536	0.00176	0.00704	0.00477	0.00243	0.00634
62	0.01035	0.00966	0.01625	0.73029	0.08640	0.01184	0.01478	0.01388	0.01084	0.01410	0.00974	0.01436	0.00738	0.00535	0.00533	0.00176	0.00701	0.00478	0.01977	0.00611
63	0.00760	0.00549	0.00718	0.00675	0.00802	0.00506	0.00506	0.01013	0.01519	0.02153	0.77503	0.04010	0.05065	0.01097	0.00633	0.00169	0.00253	0.00971	0.00591	0.00506
64	0.84927	0.01038	0.00789	0.00706	0.01038	0.01204	0.00581	0.01578	0.00914	0.02408	0.00747	0.00872	0.00581	0.00498	0.00332	0.00166	0.00415	0.00291	0.00332	0.00581
65	0.01020	0.00923	0.01360	0.01428	0.12518	0.01152	0.00997	0.01185	0.00893	0.01324	0.01091	0.01719	0.01054	0.08461	0.29164	0.00470	0.33877	0.00534	0.00266	0.00567
66	0.00634	0.00544	0.00544	0.00544	0.00725	0.00453	0.00408	0.00770	0.01224	0.01450	0.05438	0.05166	0.77569	0.01359	0.00634	0.00181	0.00272	0.01133	0.00498	0.00453
67	0.01225	0.01257	0.01625	0.01448	0.03798	0.07156	0.01162	0.01353	0.00886	0.01306	0.00748	0.01196	0.00730	0.01002	0.04256	0.00247	0.69306	0.00465	0.00241	0.00594
68	0.00723	0.00528	0.00571	0.00574	0.00643	0.00493	0.00361	0.00776	0.00952	0.01202	0.03117	0.06232	0.30075	0.49346	0.01897	0.00386	0.00422	0.00932	0.00394	0.00376
69	0.01106	0.00954	0.01147	0.06137	0.01436	0.00748	0.00694	0.01353	0.01110	0.01724	0.00954	0.01135	0.00790	0.00407	0.00407	0.00086	0.00419	0.00329	0.00313	0.78753
70	0.01172	0.01166	0.01623	0.01385	0.01404	0.01608	0.01153	0.01294	0.00833	0.01310	0.00714	0.01172	0.00708	0.00918	0.01709	0.00229	0.77050	0.00464	0.00238	0.03848
71	0.00654	0.00467	0.00623	0.00747	0.00779	0.00436	0.00498	0.00747	0.01028	0.01370	0.02959	0.80785	0.03550	0.01682	0.00685	0.00218	0.00311	0.01526	0.00498	0.00436
72	0.00744	0.00625	0.00859	0.00823	0.00949	0.00610	0.05507	0.00897	0.01156	0.01514	0.13005	0.33832	0.28252	0.01357	0.00745	0.00198	0.06792	0.01178	0.00474	0.00482
73	0.01254	0.01538	0.08248	0.02213	0.02773	0.01350	0.70847	0.01718	0.01258	0.01718	0.01078	0.01427	0.00805	0.00456	0.00625	0.00180	0.00897	0.00617	0.00268	0.00729
74	0.00675	0.00545	0.00600	0.00586	0.00750	0.00470	0.00440	0.00848	0.01319	0.01676	0.28570	0.04795	0.54296	0.01275	0.00634	0.00177	0.00266	0.01081	0.00528	0.00470
75	0.01362	0.01166	0.01229	0.01098	0.01406	0.01348	0.00856	0.05626	0.74000	0.02289	0.02151	0.01976	0.01611	0.00725	0.00546	0.00181	0.00431	0.00602	0.00546	0.00852
76	0.00654	0.00467	0.00623	0.00747	0.00779	0.00436	0.00498	0.00747	0.01028	0.01370	0.02959	0.80785	0.03550	0.01682	0.00685	0.00218	0.00311	0.01526	0.00498	0.00436
77	0.00682	0.00494	0.00644	0.00715	0.00782	0.00457	0.00495	0.00822	0.01176	0.01592	0.23746	0.55006	0.08396	0.01501	0.00668	0.00202	0.00293	0.01349	0.00524	0.00457
78	0.01014	0.00954	0.01610	0.79845	0.03697	0.01193	0.01491	0.01371	0.01073	0.01371	0.00954	0.01431	0.00716	0.00537	0.00537	0.00179	0.00716	0.00477	0.00239	0.00596
79	0.01173	0.23957	0.58019	0.01365	0.02069	0.01483	0.01697	0.01675	0.01122	0.01582	0.00905	0.01060	0.00682	0.00496	0.00465	0.00155	0.00734	0.00367	0.00227	0.00765
80	0.02007	0.02517	0.01525	0.01377	0.01660	0.75972	0.01037	0.05016	0.01560	0.01394	0.00848	0.00980	0.00700	0.00557	0.00486	0.00139	0.00953	0.00351	0.00287	0.00634
81	0.00667	0.00533	0.00592	0.00602	0.00745	0.00463	0.00439	0.00816	0.01242	0.01570	0.19592	0.16110	0.49810	0.03527	0.00699	0.00193	0.00281	0.01149	0.00512	0.00458
82	0.01144	0.17588	0.64133	0.01415	0.02145	0.01412	0.01783	0.01683	0.01125	0.01618	0.00922	0.01082	0.00682	0.00500	0.00479	0.00160	0.00752	0.00376	0.00227	0.00774
83	0.01417	0.01250	0.01239	0.01068	0.01395	0.08404	0.00840	0.13998	0.39633	0.02193	0.01890	0.04288	0.03798	0.00728	0.00532	0.00163	0.00492	0.03355	0.00482	0.12835
84	0.01126	0.01028	0.00967	0.00893	0.01131	0.08945	0.00682	0.06640	0.28464	0.01864	0.05457	0.09428	0.29181	0.01021	0.00585	0.00178	0.00422	0.00847	0.00498	0.00643
85	0.01093	0.00772	0.00974	0.00909	0.01078	0.00805	0.00717	0.07625	0.04144	0.08537	0.10111	0.17878	0.08313	0.05553	0.02490	0.00228	0.09149	0.13952	0.00475	0.05198
86	0.01804	0.01462	0.01640	0.01296	0.01683	0.12271	0.10489	0.32044	0.11409	0.12086	0.04327	0.02894	0.01214	0.00651	0.00547	0.00163	0.00625	0.00539	0.00481	0.02373

[dist]
# distance from previous block
# <min> <max>
5	67

[block]
# block no. 2 follows, 45 sequences, length 37
# corresponding to MSA columns:
# 224-260
name=unknown_C
#
# <colnr> <probs for GDERKNQSTAVLIFYWHMCP>
#	G	D	E	R	K	N	Q	S	T	A	V	L	I	F	Y	W	H	M	C	P
0	0.03114	0.50660	0.02249	0.00988	0.01395	0.03909	0.00908	0.10679	0.05632	0.08822	0.01049	0.01114	0.00847	0.00544	0.00460	0.00136	0.03843	0.00367	0.02550	0.00733
1	0.01538	0.01475	0.01985	0.15739	0.24657	0.11863	0.11796	0.20606	0.01574	0.02038	0.01057	0.01304	0.00816	0.00537	0.00542	0.00163	0.00721	0.00483	0.00332	0.00773
2	0.22386	0.11547	0.01007	0.00731	0.00877	0.00878	0.00557	0.01046	0.00807	0.01353	0.00860	0.01334	0.00810	0.01327	0.01412	0.51563	0.00468	0.00397	0.00258	0.00383
3	0.38186	0.07912	0.01226	0.00921	0.01214	0.03258	0.00769	0.06436	0.01135	0.14036	0.01059	0.01195	0.00814	0.00801	0.05091	0.00210	0.12167	0.00391	0.02520	0.00658
4	0.01387	0.01609	0.01171	0.01105	0.01281	0.40163	0.00827	0.01513	0.01286	0.01346	0.02046	0.19876	0.13760	0.00982	0.00690	0.00174	0.09119	0.00755	0.00359	0.00549
5	0.01522	0.16942	0.01505	0.00908	0.01338	0.05524	0.00761	0.04040	0.03530	0.17701	0.01251	0.03382	0.00983	0.00527	0.00438	0.00117	0.00482	0.00406	0.00389	0.38254
6	0.01011	0.00925	0.03165	0.01035	0.01176	0.01032	0.00815	0.01536	0.22394	0.01638	0.03583	0.31258	0.02127	0.01127	0.00902	0.00204	0.20687	0.00906	0.00432	0.04045
7	0.00934	0.00764	0.00922	0.00777	0.01080	0.00607	0.00582	0.01116	0.01080	0.01602	0.01735	0.32155	0.01869	0.00898	0.00510	0.00133	0.00364	0.00789	0.00388	0.51696
8	0.01322	0.01522	0.01162	0.01048	0.01287	0.36082	0.04694	0.01528	0.03815	0.01483	0.08820	0.04746	0.28541	0.00913	0.00565	0.00162	0.00625	0.00730	0.00395	0.00561
9	0.00642	0.00512	0.00576	0.00628	0.00747	0.00446	0.00445	0.00761	0.01143	0.01417	0.04416	0.36330	0.47064	0.01492	0.00655	0.00196	0.00288	0.01295	0.00498	0.00446
10	0.15974	0.01521	0.01252	0.01112	0.01424	0.21110	0.00866	0.08636	0.38282	0.02132	0.01516	0.01484	0.01154	0.00637	0.00493	0.00166	0.00575	0.00475	0.00440	0.00751
11	0.01771	0.01123	0.01299	0.01015	0.01426	0.01106	0.00822	0.21034	0.17227	0.24465	0.01631	0.01549	0.01154	0.00606	0.00505	0.00147	0.00470	0.00484	0.00522	0.21643
12	0.01242	0.01187	0.02022	0.24380	0.57379	0.01253	0.01604	0.01571	0.01181	0.01648	0.00994	0.01357	0.00813	0.00494	0.00533	0.00165	0.00659	0.00478	0.00258	0.00780
13	0.01758	0.01363	0.01452	0.01178	0.01557	0.01533	0.00952	0.46723	0.32257	0.02928	0.01647	0.01575	0.01203	0.00678	0.00541	0.00169	0.00524	0.00533	0.00541	0.00888
14	0.01329	0.01275	0.02179	0.03295	0.77787	0.01275	0.01647	0.01647	0.01222	0.01754	0.01010	0.01329	0.00850	0.00478	0.00531	0.00159	0.00638	0.00478	0.00266	0.00850
15	0.00641	0.00544	0.00553	0.00551	0.00729	0.00456	0.00413	0.00783	0.01239	0.01487	0.09237	0.05105	0.73746	0.01346	0.00634	0.00181	0.00271	0.01124	0.00503	0.00456
16	0.00781	0.00520	0.00585	0.00585	0.00585	0.00520	0.00325	0.00781	0.00781	0.01041	0.01691	0.03513	0.01952	0.81135	0.02732	0.00520	0.00520	0.00781	0.00325	0.00325
17	0.01077	0.02777	0.78354	0.01530	0.02323	0.01247	0.01983	0.01700	0.01133	0.01700	0.00963	0.01133	0.00680	0.00510	0.00510	0.00170	0.00793	0.00397	0.00227	0.00793
18	0.00659	0.00506	0.00585	0.00642	0.00735	0.00452	0.00441	0.00761	0.01086	0.01370	0.03899	0.39788	0.35474	0.09984	0.00881	0.00234	0.00316	0.01276	0.00480	0.00432
19	0.01993	0.02103	0.01560	0.01326	0.01654	0.46396	0.01035	0.30891	0.01890	0.02119	0.01005	0.01100	0.00778	0.00601	0.00545	0.00150	0.03340	0.00403	0.00377	0.00734
20	0.01603	0.01751	0.01324	0.01210	0.01487	0.36387	0.00924	0.02414	0.38163	0.01778	0.01616	0.04169	0.01314	0.00701	0.00528	0.00165	0.00669	0.02653	0.00421	0.00723
21	0.00687	0.00546	0.00616	0.00599	0.00757	0.00475	0.00449	0.00871	0.01347	0.01743	0.35473	0.04684	0.47351	0.01250	0.00634	0.00176	0.00264	0.01065	0.00537	0.00475
22	0.01864	0.01871	0.01328	0.01196	0.01468	0.48499	0.00905	0.02089	0.05762	0.16547	0.01449	0.11973	0.01257	0.00737	0.00526	0.00157	0.00747	0.00558	0.00398	0.00668
23	0.01391	0.31540	0.35527	0.01277	0.01846	0.16915	0.01407	0.01754	0.01194	0.01464	0.00857	0.01001	0.00685	0.00500	0.00444	0.00144	0.00748	0.00346	0.00238	0.00721
24	0.00744	0.00535	0.00712	0.00749	0.00846	0.00503	0.00563	0.00947	0.01320	0.01819	0.41969	0.28246	0.04267	0.01343	0.00667	0.00197	0.00311	0.13233	0.00546	0.00483
25	0.02408	0.00914	0.01246	0.00955	0.01370	0.00789	0.00789	0.02616	0.01536	0.78158	0.02118	0.01827	0.01329	0.00664	0.00540	0.00166	0.00457	0.00540	0.00664	0.00914
26	0.01329	0.01275	0.02179	0.03295	0.77787	0.01275	0.01647	0.01647	0.01222	0.01754	0.01010	0.01329	0.00850	0.00478	0.00531	0.00159	0.00638	0.00478	0.00266	0.00850
27	0.00760	0.00549	0.00718	0.00675	0.00802	0.00506	0.00506	0.01013	0.01519	0.02153	0.77503	0.04010	0.05065	0.01097	0.00633	0.00169	0.00253	0.00971	0.00591	0.00506
28	0.00968	0.00507	0.00530	0.00524	0.00649	0.00501	0.00393	0.01219	0.01179	0.02022	0.11979	0.02272	0.01874	0.00689	0.00410	0.00131	0.00251	0.00564	0.72838	0.00501
29	0.00775	0.00554	0.00762	0.00886	0.00970	0.00540	0.00708	0.00956	0.01147	0.01506	0.02892	0.37963	0.03286	0.01568	0.00717	0.00235	0.00416	0.43155	0.00496	0.00469
30	0.00683	0.00501	0.00641	0.00699	0.00778	0.00459	0.00489	0.00829	0.01199	0.01612	0.25342	0.48159	0.13696	0.01467	0.00663	0.00199	0.00289	0.01310	0.00526	0.00459
31	0.00767	0.00573	0.00853	0.00853	0.00946	0.00666	0.00659	0.00952	0.00860	0.01239	0.01446	0.02157	0.01363	0.06652	0.76410	0.00851	0.01407	0.00582	0.00289	0.00474
32	0.01164	0.21863	0.60029	0.01382	0.02094	0.01459	0.01725	0.01677	0.01123	0.01594	0.00911	0.01067	0.00682	0.00498	0.00470	0.00157	0.00740	0.00370	0.00227	0.00768
33	0.01771	0.01227	0.01359	0.01120	0.01484	0.01341	0.00906	0.31145	0.32159	0.15454	0.01853	0.01863	0.01364	0.00716	0.00550	0.00174	0.00497	0.03586	0.00560	0.00870
34	0.01392	0.01271	0.01247	0.01023	0.01403	0.10116	0.00804	0.08991	0.31689	0.02050	0.01465	0.01470	0.01133	0.00571	0.00480	0.00135	0.00493	0.00453	0.00425	0.33389
35	0.16046	0.01836	0.31278	0.01198	0.01727	0.01326	0.01266	0.27950	0.01587	0.02444	0.01105	0.01214	0.00802	0.00565	0.00478	0.00162	0.00611	0.00417	0.07213	0.00775
36	0.01871	0.01342	0.01446	0.01132	0.01524	0.01467	0.00926	0.57378	0.09184	0.06171	0.01436	0.01435	0.01034	0.00644	0.00519	0.00158	0.00534	0.00494	0.07933	0.03372

[dist]
# distance from previous block
# <min> <max>
0	2

[block]
# block no. 3 follows, 45 sequences, length 42
# corresponding to MSA columns:
# 263-304
name=unknown_D
#
# <colnr> <probs for GDERKNQSTAVLIFYWHMCP>
#	G	D	E	R	K	N	Q	S	T	A	V	L	I	F	Y	W	H	M	C	P
0	0.01782	0.01910	0.01403	0.01235	0.01530	0.42540	0.00949	0.16975	0.15046	0.01942	0.03952	0.03828	0.01164	0.00659	0.00514	0.00154	0.00732	0.00482	0.02492	0.00708
1	0.01057	0.00892	0.01053	0.00797	0.01215	0.00683	0.00630	0.01280	0.01109	0.01705	0.01229	0.09572	0.01162	0.00569	0.00440	0.00100	0.00392	0.03045	0.00343	0.72727
2	0.01297	0.01243	0.02121	0.11072	0.70260	0.01267	0.01631	0.01619	0.01207	0.01715	0.01004	0.01339	0.00837	0.00484	0.00532	0.00161	0.00646	0.00478	0.00263	0.00824
3	0.00712	0.00532	0.00570	0.00569	0.00656	0.00489	0.00369	0.00783	0.01008	0.01264	0.05727	0.04291	0.36955	0.41872	0.01700	0.00353	0.00398	0.00949	0.00413	0.00390
4	0.00770	0.00563	0.00802	0.00802	0.00877	0.00638	0.00596	0.00920	0.00845	0.01201	0.01493	0.02415	0.01475	0.20855	0.62361	0.00788	0.01238	0.00620	0.00296	0.00446
5	0.00676	0.00483	0.00648	0.00773	0.00813	0.00455	0.00536	0.00785	0.01049	0.01395	0.02946	0.73014	0.03502	0.01661	0.00691	0.00221	0.00330	0.09080	0.00498	0.00442
6	0.00668	0.00479	0.00643	0.00753	0.00789	0.00460	0.00508	0.00767	0.01005	0.01349	0.02782	0.71294	0.03302	0.04393	0.07776	0.00285	0.00419	0.01417	0.00474	0.00436
7	0.01077	0.02777	0.78354	0.01530	0.02323	0.01247	0.01983	0.01700	0.01133	0.01700	0.00963	0.01133	0.00680	0.00510	0.00510	0.00170	0.00793	0.00397	0.00227	0.00793
8	0.00787	0.00599	0.00741	0.00820	0.00910	0.00605	0.00586	0.01138	0.13997	0.01542	0.02891	0.58886	0.05403	0.01493	0.00665	0.00213	0.00345	0.07362	0.00506	0.00512
9	0.08227	0.06539	0.06189	0.01258	0.01631	0.38198	0.01042	0.25019	0.01740	0.03853	0.01000	0.01084	0.00766	0.00572	0.00484	0.00149	0.00764	0.00389	0.00365	0.00730
10	0.10303	0.01249	0.01257	0.01077	0.01416	0.05448	0.00854	0.15150	0.43858	0.10847	0.01803	0.01689	0.01320	0.00674	0.00518	0.00173	0.00485	0.00532	0.00521	0.00828
11	0.00757	0.00595	0.00919	0.00927	0.01023	0.00564	0.08372	0.00903	0.01064	0.01416	0.02654	0.56198	0.03082	0.07394	0.00839	0.00241	0.00415	0.11711	0.00461	0.00466
12	0.01518	0.01296	0.01865	0.15615	0.37287	0.01396	0.01387	0.27041	0.03448	0.02257	0.01124	0.01349	0.00867	0.00551	0.00535	0.00164	0.00630	0.00483	0.00360	0.00828
13	0.00899	0.00466	0.00690	0.00705	0.00709	0.00463	0.00470	0.00705	0.00739	0.00986	0.01179	0.11263	0.01251	0.01843	0.01926	0.74141	0.00447	0.00595	0.00265	0.00258
14	0.01084	0.01141	0.02274	0.01684	0.02090	0.01069	0.48633	0.01488	0.03657	0.01782	0.16423	0.02470	0.12220	0.00710	0.00631	0.00179	0.00678	0.00766	0.00373	0.00649
15	0.00781	0.00520	0.00585	0.00585	0.00585	0.00520	0.00325	0.00781	0.00781	0.01041	0.01691	0.03513	0.01952	0.81135	0.02732	0.00520	0.00520	0.00781	0.00325	0.00325
16	0.00654	0.00467	0.00623	0.00747	0.00779	0.00436	0.00498	0.00747	0.01028	0.01370	0.02959	0.80785	0.03550	0.01682	0.00685	0.00218	0.00311	0.01526	0.00498	0.00436
17	0.02340	0.01023	0.01313	0.01007	0.01425	0.00951	0.00832	0.16187	0.01719	0.64329	0.01964	0.01727	0.01252	0.00661	0.00539	0.00165	0.00482	0.00529	0.00641	0.00913
18	0.01305	0.52870	0.30260	0.01141	0.01721	0.01805	0.01305	0.01641	0.01106	0.01422	0.00825	0.00960	0.00686	0.00478	0.00405	0.00135	0.00654	0.00327	0.00229	0.00727
19	0.01582	0.01362	0.01347	0.01155	0.01491	0.07669	0.00911	0.22839	0.50404	0.02482	0.01830	0.01724	0.01364	0.00691	0.00539	0.00173	0.00514	0.00552	0.00522	0.00849
20	0.00781	0.00520	0.00585	0.00585	0.00585	0.00520	0.00325	0.00781	0.00781	0.01041	0.01691	0.03513	0.01952	0.81135	0.02732	0.00520	0.00520	0.00781	0.00325	0.00325
21	0.01887	0.01427	0.01524	0.01204	0.01606	0.01593	0.00983	0.60033	0.18738	0.03135	0.01484	0.01445	0.01071	0.00663	0.00539	0.00166	0.00554	0.00510	0.00539	0.00899
22	0.01077	0.02777	0.78354	0.01530	0.02323	0.01247	0.01983	0.01700	0.01133	0.01700	0.00963	0.01133	0.00680	0.00510	0.00510	0.00170	0.00793	0.00397	0.00227	0.00793
23	0.00767	0.00575	0.00863	0.00863	0.00959	0.00671	0.00671	0.00959	0.00863	0.01246	0.01438	0.02109	0.01342	0.04026	0.79008	0.00863	0.01438	0.00575	0.00288	0.00479
24	0.00658	0.00469	0.00622	0.00742	0.00772	0.00439	0.00492	0.00749	0.01019	0.01359	0.02914	0.78070	0.03494	0.04474	0.00757	0.00229	0.00319	0.01500	0.00492	0.00432
25	0.01014	0.00954	0.01610	0.79845	0.03697	0.01193	0.01491	0.01371	0.01073	0.01371	0.00954	0.01431	0.00716	0.00537	0.00537	0.00179	0.00716	0.00477	0.00239	0.00596
26	0.00865	0.00618	0.00865	0.00989	0.01112	0.00618	0.00865	0.01112	0.01236	0.01606	0.02842	0.06055	0.03089	0.01483	0.00741	0.00247	0.00494	0.74174	0.00494	0.00494
27	0.02308	0.01074	0.01345	0.01031	0.01450	0.01027	0.00852	0.22567	0.01805	0.57828	0.01892	0.01681	0.01216	0.00659	0.00539	0.00165	0.00493	0.00524	0.00630	0.00913
28	0.00634	0.00544	0.00544	0.00544	0.00725	0.00453	0.00408	0.00770	0.01224	0.01450	0.05438	0.05166	0.77569	0.01359	0.00634	0.00181	0.00272	0.01133	0.00498	0.00453
29	0.02408	0.00914	0.01246	0.00955	0.01370	0.00789	0.00789	0.02616	0.01536	0.78158	0.02118	0.01827	0.01329	0.00664	0.00540	0.00166	0.00457	0.00540	0.00664	0.00914
30	0.01174	0.01174	0.01644	0.01409	0.01409	0.01644	0.01174	0.01292	0.00822	0.01292	0.00705	0.01174	0.00705	0.00940	0.01762	0.00235	0.80153	0.00470	0.00235	0.00587
31	0.00654	0.00467	0.00623	0.00747	0.00779	0.00436	0.00498	0.00747	0.01028	0.01370	0.02959	0.80785	0.03550	0.01682	0.00685	0.00218	0.00311	0.01526	0.00498	0.00436
32	0.84927	0.01038	0.00789	0.00706	0.01038	0.01204	0.00581	0.01578	0.00914	0.02408	0.00747	0.00872	0.00581	0.00498	0.00332	0.00166	0.00415	0.00291	0.00332	0.00581
33	0.00654	0.00467	0.00623	0.00747	0.00779	0.00436	0.00498	0.00747	0.01028	0.01370	0.02959	0.80785	0.03550	0.01682	0.00685	0.00218	0.00311	0.01526	0.00498	0.00436
34	0.01113	0.00954	0.01113	0.00795	0.01272	0.00716	0.00636	0.01352	0.01113	0.01749	0.00954	0.01113	0.00795	0.00398	0.00398	0.00080	0.00398	0.00318	0.00318	0.84417
35	0.00767	0.00575	0.00863	0.00863	0.00959	0.00671	0.00671	0.00959	0.00863	0.01246	0.01438	0.02109	0.01342	0.04026	0.79008	0.00863	0.01438	0.00575	0.00288	0.00479
36	0.00932	0.00466	0.00699	0.00699	0.00699	0.00466	0.00466	0.00699	0.00699	0.00932	0.00932	0.01632	0.00932	0.01865	0.02098	0.84382	0.00466	0.00466	0.00233	0.00233
37	0.01077	0.02777	0.78354	0.01530	0.02323	0.01247	0.01983	0.01700	0.01133	0.01700	0.00963	0.01133	0.00680	0.00510	0.00510	0.00170	0.00793	0.00397	0.00227	0.00793
38	0.00654	0.00467	0.00623	0.00747	0.00779	0.00436	0.00498	0.00747	0.01028	0.01370	0.02959	0.80785	0.03550	0.01682	0.00685	0.00218	0.00311	0.01526	0.00498	0.00436
39	0.01001	0.00500	0.00500	0.00500	0.00625	0.00500	0.00375	0.01251	0.01126	0.02001	0.01751	0.02001	0.01376	0.00625	0.00375	0.00125	0.00250	0.00500	0.84115	0.00500
40	0.00781	0.00520	0.00585	0.00585	0.00585	0.00520	0.00325	0.00781	0.00781	0.01041	0.01691	0.03513	0.01952	0.81135	0.02732	0.00520	0.00520	0.00781	0.00325	0.00325
41	0.02050	0.01447	0.01571	0.01209	0.01634	0.01586	0.00997	0.68074	0.04557	0.09305	0.01380	0.01352	0.00967	0.00648	0.00537	0.00162	0.00575	0.00491	0.00547	0.00911

[dist]
# distance from previous block
# <min> <max>
0	1

[block]
# block no. 4 follows, 45 sequences, length 22
# corresponding to MSA columns:
# 306-327
name=unknown_E
#
# <colnr> <probs for GDERKNQSTAVLIFYWHMCP>
#	G	D	E	R	K	N	Q	S	T	A	V	L	I	F	Y	W	H	M	C	P
0	0.01915	0.01581	0.01499	0.01217	0.01596	0.14574	0.00977	0.45341	0.16937	0.06695	0.01431	0.01403	0.01040	0.00647	0.00530	0.00162	0.00615	0.00487	0.00502	0.00852
1	0.00898	0.00511	0.00524	0.00524	0.00635	0.00496	0.00371	0.01081	0.01077	0.01728	0.02361	0.02819	0.14315	0.15909	0.00863	0.00209	0.00305	0.00660	0.54257	0.00459
2	0.72454	0.01041	0.00852	0.00740	0.01080	0.01177	0.00608	0.05464	0.01032	0.05123	0.00858	0.00966	0.00654	0.00511	0.00354	0.00162	0.00421	0.00316	0.02530	0.03657
3	0.00654	0.00467	0.00623	0.00747	0.00779	0.00436	0.00498	0.00747	0.01028	0.01370	0.02959	0.80785	0.03550	0.01682	0.00685	0.00218	0.00311	0.01526	0.00498	0.00436
4	0.01113	0.00954	0.01113	0.00795	0.01272	0.00716	0.00636	0.01352	0.01113	0.01749	0.00954	0.01113	0.00795	0.00398	0.00398	0.00080	0.00398	0.00318	0.00318	0.84417
5	0.02003	0.01374	0.01511	0.01168	0.01588	0.01482	0.00960	0.57453	0.07881	0.13590	0.01457	0.01410	0.01020	0.00644	0.00533	0.00160	0.00552	0.00494	0.00547	0.04173
6	0.00932	0.00466	0.00699	0.00699	0.00699	0.00466	0.00466	0.00699	0.00699	0.00932	0.00932	0.01632	0.00932	0.01865	0.02098	0.84382	0.00466	0.00466	0.00233	0.00233
7	0.01389	0.01141	0.01215	0.01085	0.01395	0.01308	0.00847	0.02840	0.73033	0.06061	0.02181	0.01994	0.01623	0.00725	0.00546	0.00181	0.00426	0.00604	0.00552	0.00853
8	0.01100	0.02612	0.69036	0.01621	0.02383	0.01260	0.11136	0.01702	0.01150	0.01702	0.00979	0.01172	0.00697	0.00503	0.00525	0.00171	0.00807	0.00426	0.00232	0.00785
9	0.01267	0.01448	0.03167	0.02262	0.02805	0.01357	0.75837	0.01719	0.01267	0.01719	0.01086	0.01448	0.00814	0.00452	0.00633	0.00181	0.00905	0.00633	0.00271	0.00724
10	0.00654	0.00467	0.00623	0.00747	0.00779	0.00436	0.00498	0.00747	0.01028	0.01370	0.02959	0.80785	0.03550	0.01682	0.00685	0.00218	0.00311	0.01526	0.00498	0.00436
11	0.00781	0.00520	0.00585	0.00585	0.00585	0.00520	0.00325	0.00781	0.00781	0.01041	0.01691	0.03513	0.01952	0.81135	0.02732	0.00520	0.00520	0.00781	0.00325	0.00325
12	0.00685	0.00489	0.00658	0.00783	0.00827	0.00462	0.00552	0.00800	0.01058	0.01405	0.02942	0.69914	0.03483	0.01653	0.00693	0.00222	0.00338	0.12094	0.00498	0.00444
13	0.00654	0.00467	0.00623	0.00747	0.00779	0.00436	0.00498	0.00747	0.01028	0.01370	0.02959	0.80785	0.03550	0.01682	0.00685	0.00218	0.00311	0.01526	0.00498	0.00436
14	0.00654	0.00467	0.00623	0.00747	0.00779	0.00436	0.00498	0.00747	0.01028	0.01370	0.02959	0.80785	0.03550	0.01682	0.00685	0.00218	0.00311	0.01526	0.00498	0.00436
15	0.02408	0.00914	0.01246	0.00955	0.01370	0.00789	0.00789	0.02616	0.01536	0.78158	0.02118	0.01827	0.01329	0.00664	0.00540	0.00166	0.00457	0.00540	0.00664	0.00914
16	0.01113	0.00954	0.01113	0.00795	0.01272	0.00716	0.00636	0.01352	0.01113	0.01749	0.00954	0.01113	0.00795	0.00398	0.00398	0.00080	0.00398	0.00318	0.00318	0.84417
17	0.01174	0.01174	0.01644	0.01409	0.01409	0.01644	0.01174	0.01292	0.00822	0.01292	0.00705	0.01174	0.00705	0.00940	0.01762	0.00235	0.80153	0.00470	0.00235	0.00587
18	0.00654	0.00467	0.00623	0.00747	0.00779	0.00436	0.00498	0.00747	0.01028	0.01370	0.02959	0.80785	0.03550	0.01682	0.00685	0.00218	0.00311	0.01526	0.00498	0.00436
19	0.00654	0.00467	0.00623	0.00747	0.00779	0.00436	0.00498	0.00747	0.01028	0.01370	0.02959	0.80785	0.03550	0.01682	0.00685	0.00218	0.00311	0.01526	0.00498	0.00436
20	0.01084	0.02723	0.75308	0.01560	0.02343	0.01251	0.04975	0.01701	0.01139	0.01701	0.00968	0.01146	0.00685	0.00508	0.00515	0.00170	0.00798	0.00406	0.00228	0.00791
21	0.01311	0.15551	0.34078	0.05368	0.20545	0.11033	0.01583	0.01712	0.01193	0.01577	0.00921	0.01128	0.00726	0.00500	0.00485	0.00155	0.00737	0.00395	0.00243	0.00760

[dist]
# distance from previous block
# <min> <max>
0	1

[block]
# block no. 5 follows, 45 sequences, length 12
# corresponding to MSA columns:
# 329-340
name=unknown_F
#
# <colnr> <probs for GDERKNQSTAVLIFYWHMCP>
#	G	D	E	R	K	N	Q	S	T	A	V	L	I	F	Y	W	H	M	C	P
0	0.01328	0.15564	0.50078	0.01400	0.02031	0.17532	0.01613	0.01777	0.01207	0.01548	0.00900	0.01055	0.00684	0.00511	0.00478	0.00154	0.00794	0.00368	0.00238	0.00741
1	0.01235	0.01695	0.23447	0.01159	0.01626	0.12797	0.04056	0.04537	0.04083	0.01753	0.04444	0.07203	0.01197	0.00614	0.00494	0.00142	0.00607	0.00501	0.04547	0.23864
2	0.01034	0.00954	0.01507	0.63430	0.03194	0.01094	0.01313	0.01367	0.01082	0.01450	0.00954	0.01365	0.00732	0.00508	0.00508	0.00158	0.00650	0.00444	0.00255	0.18002
3	0.01029	0.00985	0.01707	0.75011	0.03642	0.01203	0.06123	0.01393	0.01085	0.01393	0.00962	0.01432	0.00722	0.00531	0.00543	0.00179	0.00727	0.00487	0.00241	0.00604
4	0.25236	0.10008	0.01255	0.17243	0.01650	0.03346	0.00844	0.05841	0.01154	0.07765	0.01434	0.19260	0.01377	0.00794	0.00489	0.00174	0.00501	0.00642	0.00375	0.00610
5	0.01286	0.01355	0.01712	0.47405	0.18902	0.17363	0.01430	0.01590	0.01198	0.01440	0.00940	0.01313	0.00739	0.00528	0.00525	0.00166	0.00752	0.00450	0.00252	0.00655
6	0.01194	0.01238	0.01323	0.01131	0.01387	0.18609	0.11953	0.01642	0.14276	0.01773	0.21744	0.07098	0.12614	0.00883	0.00588	0.00170	0.00549	0.00769	0.00446	0.00613
7	0.00736	0.00617	0.00806	0.17066	0.01363	0.00612	0.00663	0.00930	0.01208	0.01533	0.15641	0.16621	0.37844	0.01200	0.00622	0.00185	0.00368	0.01035	0.00459	0.00489
8	0.01579	0.09592	0.01464	0.01154	0.01402	0.40111	0.00904	0.07577	0.01492	0.01660	0.18299	0.01718	0.01721	0.00790	0.02587	0.00170	0.06293	0.00507	0.00361	0.00619
9	0.01018	0.00761	0.00864	0.00685	0.00982	0.00626	0.00512	0.01210	0.01047	0.01659	0.01288	0.01813	0.01167	0.17215	0.00877	0.00181	0.00390	0.00456	0.19374	0.47872
10	0.07145	0.00970	0.01195	0.00983	0.01252	0.01036	0.00804	0.11574	0.01421	0.29900	0.05826	0.02261	0.14963	0.00853	0.00801	0.00183	0.16978	0.00628	0.00503	0.00722
11	0.01473	0.01539	0.01138	0.00977	0.01279	0.34711	0.00745	0.01671	0.01294	0.01623	0.01099	0.01272	0.00895	0.00522	0.00430	0.00116	0.00609	0.00376	0.21213	0.27019

[dist]
# distance from previous block
# <min> <max>
0	4

[block]
# block no. 6 follows, 45 sequences, length 25
# corresponding to MSA columns:
# 345-369
name=unknown_G
#
# <colnr> <probs for GDERKNQSTAVLIFYWHMCP>
#	G	D	E	R	K	N	Q	S	T	A	V	L	I	F	Y	W	H	M	C	P
0	0.01393	0.02635	0.49778	0.01463	0.02065	0.26822	0.01624	0.01895	0.04499	0.01596	0.00972	0.01116	0.00725	0.00534	0.00503	0.00160	0.00835	0.00389	0.00257	0.00739
1	0.01133	0.01068	0.01443	0.10028	0.01616	0.01248	0.01010	0.01323	0.00959	0.01471	0.00826	0.01181	0.00739	0.00693	0.01116	0.00171	0.41544	0.00414	0.00266	0.31752
2	0.01124	0.00964	0.01118	0.00810	0.01278	0.00747	0.00647	0.01428	0.04967	0.01774	0.01017	0.01158	0.00838	0.00414	0.00405	0.00085	0.00399	0.00333	0.00330	0.80162
3	0.00786	0.00592	0.00852	0.00842	0.00919	0.00688	0.00638	0.00945	0.00848	0.01216	0.01447	0.02290	0.01411	0.15998	0.63819	0.00783	0.04574	0.00603	0.00291	0.00460
4	0.02005	0.02558	0.01521	0.01383	0.01659	0.78980	0.01037	0.02143	0.01521	0.01314	0.00830	0.00968	0.00691	0.00553	0.00484	0.00138	0.00968	0.00346	0.00277	0.00622
5	0.00922	0.00733	0.00804	0.00739	0.00945	0.00723	0.00567	0.09601	0.11696	0.01958	0.23442	0.07146	0.36404	0.01137	0.00613	0.00177	0.00325	0.00962	0.00534	0.00572
6	0.00652	0.00500	0.00598	0.00668	0.00760	0.00446	0.00465	0.00768	0.01123	0.01436	0.07314	0.49031	0.31244	0.01535	0.00664	0.00202	0.00294	0.01354	0.00503	0.00446
7	0.01435	0.81458	0.02813	0.00918	0.01378	0.02124	0.00918	0.01607	0.01091	0.01263	0.00746	0.00861	0.00689	0.00459	0.00344	0.00115	0.00574	0.00287	0.00230	0.00689
8	0.01272	0.00989	0.01150	0.00855	0.01306	0.00819	0.00684	0.03765	0.09751	0.08195	0.01199	0.01278	0.00938	0.00464	0.00430	0.00101	0.00411	0.00374	0.00379	0.65642
9	0.06989	0.01907	0.01438	0.01223	0.01558	0.41393	0.00955	0.20441	0.01735	0.13530	0.03070	0.01248	0.00947	0.00603	0.00500	0.00151	0.00746	0.00422	0.00411	0.00733
10	0.00695	0.00546	0.00628	0.00607	0.00762	0.00479	0.00456	0.00888	0.01367	0.01790	0.40296	0.04607	0.42498	0.01233	0.00634	0.00175	0.00263	0.01054	0.00543	0.00479
11	0.00781	0.00520	0.00585	0.00585	0.00585	0.00520	0.00325	0.00781	0.00781	0.01041	0.01691	0.03513	0.01952	0.81135	0.02732	0.00520	0.00520	0.00781	0.00325	0.00325
12	0.01014	0.00954	0.01610	0.79845	0.03697	0.01193	0.01491	0.01371	0.01073	0.01371	0.00954	0.01431	0.00716	0.00537	0.00537	0.00179	0.00716	0.00477	0.00239	0.00596
13	0.19051	0.01092	0.00996	0.00887	0.01141	0.08335	0.00682	0.10417	0.19168	0.02091	0.10654	0.02338	0.10172	0.09836	0.00760	0.00209	0.00467	0.00621	0.00449	0.00636
14	0.01329	0.01275	0.02179	0.03295	0.77787	0.01275	0.01647	0.01647	0.01222	0.01754	0.01010	0.01329	0.00850	0.00478	0.00531	0.00159	0.00638	0.00478	0.00266	0.00850
15	0.00944	0.00759	0.00900	0.00742	0.01026	0.00614	0.00546	0.01111	0.01054	0.01563	0.05013	0.17684	0.01756	0.15404	0.00892	0.00192	0.00396	0.00675	0.00368	0.48363
16	0.01286	0.01202	0.01992	0.23789	0.53293	0.01276	0.01568	0.06007	0.01260	0.01748	0.01011	0.01354	0.00818	0.00504	0.00533	0.00165	0.00656	0.00478	0.00275	0.00786
