[name]
unknown

[dist]
# distance from previous block
# <min> <max>
0	394

[block]
# block no. 0 follows, 50 sequences, length 41
# corresponding to MSA columns:
# 441-481
name=unknown_A
#
# <colnr> <probs for GDERKNQSTAVLIFYWHMCP>
#	G	D	E	R	K	N	Q	S	T	A	V	L	I	F	Y	W	H	M	C	P
0	0.04417	0.05080	0.05660	0.01367	0.18328	0.02475	0.02328	0.08245	0.02249	0.01703	0.02857	0.01906	0.06210	0.00833	0.06079	0.00185	0.00549	0.07981	0.00326	0.21221
1	0.01258	0.01022	0.01269	0.07814	0.05739	0.05766	0.04788	0.17262	0.04991	0.05924	0.01285	0.03483	0.01096	0.06173	0.13894	0.00276	0.02795	0.02604	0.02373	0.10188
2	0.13834	0.05060	0.01306	0.05596	0.01454	0.08230	0.00834	0.33210	0.06196	0.05865	0.05388	0.01290	0.01025	0.00566	0.00452	0.00142	0.00514	0.00423	0.00411	0.08205
3	0.05164	0.21119	0.10925	0.05667	0.39204	0.01343	0.03309	0.01493	0.01078	0.01518	0.00932	0.01278	0.00804	0.00485	0.00451	0.00144	0.00589	0.03544	0.00245	0.00708
4	0.01148	0.01323	0.13286	0.24683	0.29420	0.03005	0.02847	0.05473	0.07558	0.01611	0.01091	0.01344	0.02302	0.00517	0.00519	0.00158	0.02287	0.00454	0.00273	0.00698
5	0.01179	0.01359	0.15109	0.10456	0.35360	0.01155	0.06353	0.08909	0.04711	0.01713	0.01173	0.01512	0.02893	0.03536	0.00580	0.00169	0.00612	0.02216	0.00287	0.00719
6	0.01125	0.01016	0.01602	0.09433	0.48619	0.01039	0.01229	0.01506	0.08997	0.03639	0.01664	0.04806	0.10396	0.00635	0.00516	0.00158	0.00520	0.02077	0.00319	0.00705
7	0.00976	0.00866	0.01304	0.28480	0.04457	0.00906	0.07909	0.06510	0.04442	0.01589	0.07355	0.10485	0.09141	0.00714	0.00519	0.00155	0.00504	0.00640	0.00341	0.12708
8	0.01299	0.04388	0.07678	0.03418	0.24720	0.06707	0.01051	0.03734	0.01242	0.14731	0.10784	0.02020	0.09702	0.00679	0.00557	0.00155	0.03896	0.02191	0.00374	0.00676
9	0.02859	0.05433	0.16470	0.05791	0.01502	0.04780	0.00970	0.19700	0.04618	0.06181	0.04594	0.09169	0.05738	0.04276	0.00583	0.00167	0.00524	0.00568	0.00380	0.05697
10	0.00785	0.00588	0.00728	0.00696	0.00833	0.00549	0.00505	0.04081	0.01059	0.01470	0.13979	0.24552	0.06219	0.15347	0.08862	0.00280	0.00448	0.04291	0.00403	0.14326
11	0.01080	0.01151	0.06632	0.03781	0.25134	0.05346	0.12974	0.01380	0.02679	0.01520	0.01281	0.11647	0.01210	0.00808	0.04916	0.00187	0.00618	0.04163	0.00296	0.13196
12	0.00700	0.00521	0.00652	0.00675	0.00764	0.00515	0.00482	0.03980	0.01035	0.01376	0.09709	0.31259	0.18128	0.10369	0.17125	0.00341	0.00522	0.01002	0.00415	0.00430
13	0.05856	0.01602	0.28776	0.05938	0.01696	0.04751	0.01147	0.10150	0.05831	0.03442	0.01067	0.01271	0.00824	0.00509	0.00448	0.00137	0.00564	0.02515	0.02420	0.21056
14	0.00929	0.00465	0.00465	0.00465	0.00581	0.00465	0.00348	0.01161	0.01045	0.01858	0.01626	0.01858	0.01278	0.00581	0.00348	0.00116	0.00232	0.00465	0.85250	0.00465
15	0.18993	0.01897	0.38347	0.03342	0.01864	0.07161	0.09506	0.07372	0.01160	0.04621	0.00917	0.01063	0.00665	0.00484	0.00453	0.00155	0.00659	0.00381	0.00276	0.00684
16	0.00866	0.00433	0.00649	0.00649	0.00649	0.00433	0.00433	0.00649	0.00649	0.00866	0.00866	0.01515	0.00866	0.01732	0.01948	0.85498	0.00433	0.00433	0.00216	0.00216
17	0.12316	0.07550	0.03656	0.19219	0.15181	0.03656	0.08032	0.09476	0.03930	0.04002	0.01236	0.03630	0.04914	0.00561	0.00474	0.00155	0.00570	0.00480	0.00310	0.00652
18	0.18386	0.16055	0.16845	0.06163	0.30377	0.01303	0.01259	0.01505	0.01031	0.01641	0.00833	0.01040	0.00675	0.00453	0.00421	0.00145	0.00571	0.00362	0.00245	0.00689
19	0.00929	0.00465	0.00465	0.00465	0.00581	0.00465	0.00348	0.01161	0.01045	0.01858	0.01626	0.01858	0.01278	0.00581	0.00348	0.00116	0.00232	0.00465	0.85250	0.00465
20	0.05245	0.01234	0.06604	0.01668	0.15959	0.03198	0.21892	0.08976	0.09681	0.01841	0.08044	0.03354	0.01254	0.00587	0.00579	0.00161	0.05045	0.00543	0.03455	0.00680
21	0.02672	0.02177	0.17828	0.00915	0.01177	0.00754	0.05008	0.01241	0.04196	0.08466	0.06848	0.11197	0.01778	0.27804	0.03024	0.00287	0.00527	0.03219	0.00355	0.00526
22	0.00834	0.00909	0.11322	0.04380	0.06424	0.00708	0.03924	0.03995	0.01153	0.01537	0.09709	0.15872	0.18128	0.03633	0.00648	0.00191	0.00442	0.15265	0.00400	0.00525
23	0.01125	0.00773	0.00821	0.00729	0.00901	0.00836	0.00540	0.16722	0.16042	0.01907	0.01601	0.02123	0.01389	0.23781	0.01028	0.00237	0.00398	0.00554	0.27934	0.00558
24	0.22067	0.10936	0.10548	0.06066	0.01382	0.06341	0.00851	0.02892	0.17187	0.01749	0.01639	0.01668	0.11866	0.00623	0.00436	0.00151	0.00482	0.00471	0.00343	0.02303
25	0.23792	0.22740	0.01554	0.01030	0.03477	0.24501	0.00830	0.07440	0.05931	0.01684	0.00842	0.00944	0.00688	0.00499	0.00411	0.00136	0.02263	0.00324	0.00292	0.00622
26	0.01188	0.39103	0.31030	0.01097	0.01612	0.01463	0.04004	0.01514	0.01045	0.05018	0.01012	0.01146	0.03191	0.00661	0.04815	0.00170	0.00650	0.00367	0.00243	0.00669
27	0.00961	0.00648	0.00984	0.19544	0.06322	0.00690	0.00757	0.00979	0.00856	0.04778	0.01268	0.01703	0.07308	0.01192	0.01265	0.43301	0.02746	0.00485	0.00262	0.03949
28	0.01296	0.03462	0.21058	0.04023	0.24902	0.11807	0.04172	0.06106	0.03251	0.05771	0.01162	0.05127	0.00982	0.00581	0.00499	0.00155	0.00642	0.03997	0.00299	0.00707
29	0.00653	0.00478	0.00676	0.00741	0.00796	0.00501	0.00533	0.00780	0.00887	0.01222	0.02127	0.46915	0.02396	0.02518	0.35734	0.00465	0.00749	0.01029	0.00377	0.00423
30	0.01338	0.01523	0.01189	0.01124	0.04871	0.40996	0.04960	0.01463	0.01188	0.01252	0.06228	0.02003	0.06680	0.21911	0.01021	0.00228	0.00686	0.00534	0.00301	0.00504
31	0.12560	0.05137	0.09816	0.05192	0.02971	0.07804	0.05149	0.19249	0.07841	0.03938	0.01310	0.12828	0.01157	0.00685	0.00506	0.00160	0.02111	0.00555	0.00370	0.00662
32	0.01091	0.01091	0.01527	0.01309	0.01309	0.01527	0.01091	0.01200	0.00763	0.01200	0.00654	0.01091	0.00654	0.00872	0.01636	0.00218	0.81570	0.00436	0.00218	0.00545
33	0.00643	0.00507	0.00580	0.00562	0.00707	0.00444	0.00421	0.00820	0.01264	0.01651	0.39599	0.04296	0.44431	0.01149	0.00589	0.00163	0.00244	0.00982	0.00503	0.00444
34	0.03692	0.01633	0.35575	0.01261	0.06716	0.01035	0.01259	0.02659	0.09916	0.17344	0.01293	0.01373	0.00932	0.00713	0.04641	0.00191	0.03587	0.00437	0.05016	0.00727
35	0.07083	0.11366	0.16773	0.03042	0.01603	0.07187	0.06005	0.21188	0.05116	0.05665	0.01303	0.05143	0.03628	0.00612	0.00475	0.00152	0.00583	0.02023	0.00357	0.00696
36	0.01091	0.01091	0.01527	0.01309	0.01309	0.01527	0.01091	0.01200	0.00763	0.01200	0.00654	0.01091	0.00654	0.00872	0.01636	0.00218	0.81570	0.00436	0.00218	0.00545
37	0.02905	0.00564	0.00744	0.00743	0.00878	0.00515	0.00536	0.01202	0.01078	0.23476	0.02445	0.55148	0.02607	0.03835	0.00651	0.00197	0.00336	0.01111	0.00498	0.00530
38	0.01080	0.06578	0.52042	0.02763	0.05895	0.05477	0.02589	0.01528	0.01088	0.03693	0.01162	0.01558	0.02640	0.00659	0.02716	0.00177	0.00701	0.06711	0.00255	0.00686
39	0.04323	0.01396	0.19777	0.01207	0.02709	0.04451	0.10639	0.05298	0.13250	0.12566	0.08874	0.06458	0.02857	0.00669	0.00552	0.00163	0.03161	0.00572	0.00390	0.00687
40	0.00962	0.00758	0.04940	0.00881	0.02677	0.00721	0.00693	0.04364	0.05516	0.09110	0.09776	0.20747	0.06337	0.05475	0.17399	0.00323	0.05857	0.02519	0.00408	0.00535

[dist]
# distance from previous block
# <min> <max>
1	15

[block]
# block no. 1 follows, 50 sequences, length 45
# corresponding to MSA columns:
# 497-541
name=unknown_B
#
# <colnr> <probs for GDERKNQSTAVLIFYWHMCP>
#	G	D	E	R	K	N	Q	S	T	A	V	L	I	F	Y	W	H	M	C	P
0	0.08397	0.12414	0.09988	0.03054	0.07149	0.12926	0.02064	0.07835	0.06872	0.07244	0.05693	0.01319	0.01043	0.00707	0.04313	0.00176	0.04313	0.00420	0.00330	0.03743
1	0.21730	0.10922	0.20978	0.05180	0.06375	0.05877	0.03775	0.03616	0.02019	0.09873	0.01034	0.01184	0.01761	0.00507	0.00428	0.00149	0.00570	0.01438	0.00303	0.02281
2	0.01195	0.05420	0.17717	0.10142	0.09765	0.14142	0.05800	0.06029	0.04273	0.02927	0.02876	0.05438	0.10859	0.00652	0.00501	0.00154	0.00616	0.00544	0.00311	0.00638
3	0.00787	0.00620	0.00848	0.03131	0.00928	0.00734	0.00626	0.00911	0.00833	0.01199	0.01573	0.14382	0.03687	0.17191	0.29277	0.00461	0.16165	0.00694	0.05516	0.00435
4	0.01291	0.05527	0.05934	0.06919	0.16552	0.05607	0.09322	0.04923	0.08280	0.11505	0.08733	0.01727	0.04179	0.00657	0.02109	0.00164	0.00555	0.00526	0.04809	0.00680
5	0.00929	0.00465	0.00465	0.00465	0.00581	0.00465	0.00348	0.01161	0.01045	0.01858	0.01626	0.01858	0.01278	0.00581	0.00348	0.00116	0.00232	0.00465	0.85250	0.00465
6	0.01026	0.05676	0.18633	0.11088	0.05104	0.00984	0.04321	0.03690	0.09558	0.03296	0.13150	0.05674	0.03090	0.03343	0.00569	0.00164	0.00514	0.01837	0.00347	0.07934
7	0.00866	0.00433	0.00649	0.00649	0.00649	0.00433	0.00433	0.00649	0.00649	0.00866	0.00866	0.01515	0.00866	0.01732	0.01948	0.85498	0.00433	0.00433	0.00216	0.00216
8	0.10591	0.32364	0.05483	0.01015	0.01363	0.30823	0.00887	0.03815	0.02725	0.01420	0.02550	0.01059	0.03009	0.00511	0.00396	0.00128	0.00646	0.00339	0.00268	0.00610
9	0.01095	0.16885	0.09298	0.00876	0.01140	0.00987	0.00770	0.10400	0.04525	0.07192	0.04371	0.35326	0.02004	0.00976	0.00520	0.00165	0.00425	0.00836	0.01619	0.00589
10	0.00929	0.00465	0.00465	0.00465	0.00581	0.00465	0.00348	0.01161	0.01045	0.01858	0.01626	0.01858	0.01278	0.00581	0.00348	0.00116	0.00232	0.00465	0.85250	0.00465
11	0.03502	0.40623	0.11467	0.05218	0.07256	0.07426	0.01036	0.09076	0.03432	0.01530	0.02088	0.01137	0.03292	0.00504	0.00405	0.00130	0.00576	0.00366	0.00271	0.00666
12	0.00723	0.00492	0.00586	0.00586	0.00600	0.00506	0.00354	0.00752	0.00737	0.00997	0.01532	0.03050	0.01720	0.69671	0.15223	0.00535	0.00622	0.00694	0.00296	0.00325
13	0.01186	0.01286	0.13924	0.13874	0.03095	0.04687	0.06937	0.16759	0.07937	0.02980	0.09539	0.06953	0.04514	0.02330	0.00561	0.00167	0.00555	0.00590	0.01476	0.00651
14	0.01256	0.01017	0.01079	0.00969	0.01242	0.01163	0.00754	0.02530	0.69725	0.05099	0.01996	0.01853	0.01492	0.00667	0.00495	0.00165	0.00384	0.00554	0.06794	0.00767
15	0.01403	0.02616	0.14158	0.05774	0.09652	0.12299	0.01069	0.15498	0.08154	0.09729	0.06927	0.06367	0.02861	0.00652	0.00502	0.00154	0.00570	0.00532	0.00385	0.00699
16	0.01276	0.35312	0.03328	0.01031	0.07547	0.13514	0.00822	0.01468	0.01080	0.01413	0.00980	0.01159	0.00826	0.00508	0.00436	0.00123	0.04923	0.00355	0.23306	0.00592
17	0.05423	0.04824	0.01267	0.19212	0.05894	0.00920	0.06495	0.07443	0.01103	0.03835	0.01646	0.18905	0.05882	0.03514	0.09920	0.00250	0.00600	0.00698	0.00338	0.01832
18	0.01141	0.13399	0.14534	0.03640	0.01421	0.02525	0.02273	0.10770	0.16021	0.01817	0.14902	0.01936	0.02979	0.02249	0.03848	0.00187	0.02616	0.02712	0.00379	0.00651
19	0.01111	0.08162	0.47844	0.01350	0.01935	0.04246	0.11892	0.01579	0.02910	0.05237	0.01336	0.01449	0.07664	0.00546	0.00489	0.00155	0.00676	0.00460	0.00267	0.00693
20	0.00693	0.00479	0.00554	0.00570	0.00603	0.00464	0.00351	0.00720	0.00821	0.01070	0.02253	0.14174	0.14424	0.52477	0.03940	0.04438	0.00439	0.00853	0.00345	0.00335
21	0.01066	0.04329	0.26611	0.01322	0.08062	0.06863	0.07555	0.01500	0.08152	0.03366	0.04910	0.07845	0.10454	0.00724	0.00546	0.00163	0.02497	0.03063	0.00328	0.00642
22	0.18724	0.00942	0.01325	0.55344	0.02695	0.01132	0.01151	0.07498	0.01089	0.04315	0.00908	0.01223	0.00673	0.00503	0.00459	0.00162	0.00589	0.00410	0.00275	0.00585
23	0.01091	0.01091	0.01527	0.01309	0.01309	0.01527	0.01091	0.01200	0.00763	0.01200	0.00654	0.01091	0.00654	0.00872	0.01636	0.00218	0.81570	0.00436	0.00218	0.00545
24	0.00957	0.00657	0.00772	0.00703	0.00880	0.00638	0.00540	0.13078	0.01419	0.06330	0.31633	0.13141	0.19153	0.01031	0.00564	0.00163	0.00310	0.02309	0.05191	0.00532
25	0.05531	0.07084	0.01197	0.04775	0.01171	0.01065	0.00815	0.01082	0.00815	0.01232	0.01016	0.01528	0.00956	0.04095	0.38904	0.00487	0.27031	0.00468	0.00248	0.00499
26	0.00715	0.00521	0.00733	0.00731	0.00799	0.00583	0.00538	0.00851	0.00803	0.01139	0.04061	0.02342	0.01505	0.23168	0.58434	0.00700	0.01086	0.00594	0.00285	0.00410
27	0.01091	0.01091	0.01527	0.01309	0.01309	0.01527	0.01091	0.01200	0.00763	0.01200	0.00654	0.01091	0.00654	0.00872	0.01636	0.00218	0.81570	0.00436	0.00218	0.00545
28	0.50705	0.00896	0.00866	0.00736	0.01048	0.00958	0.00600	0.01750	0.04747	0.24260	0.07954	0.01366	0.01147	0.00565	0.00397	0.00155	0.00384	0.00405	0.00427	0.00633
29	0.00712	0.00534	0.00801	0.00801	0.00890	0.00623	0.00623	0.00890	0.00801	0.01157	0.01335	0.01958	0.01246	0.03738	0.80507	0.00801	0.01335	0.00534	0.00267	0.00445
30	0.00886	0.00785	0.01125	0.01034	0.01085	0.01024	0.00842	0.01036	0.00803	0.01194	0.01102	0.01770	0.01070	0.02330	0.40929	0.00510	0.37134	0.04595	0.00256	0.00491
31	0.05305	0.01160	0.01115	0.01005	0.01257	0.12209	0.02280	0.10522	0.36530	0.01910	0.01903	0.10642	0.04972	0.00851	0.02202	0.00180	0.00496	0.04348	0.00442	0.00670
32	0.08716	0.01289	0.01712	0.06671	0.32345	0.11958	0.07053	0.04433	0.01167	0.08383	0.00960	0.01187	0.00762	0.00530	0.00621	0.00158	0.10643	0.00428	0.00290	0.00693
33	0.00671	0.00450	0.00601	0.00702	0.00744	0.00418	0.00473	0.00762	0.00973	0.04335	0.02717	0.79017	0.03216	0.01525	0.00631	0.00201	0.00294	0.01381	0.00469	0.00422
34	0.00904	0.00785	0.01246	0.01772	0.36420	0.00769	0.00962	0.01099	0.01066	0.01473	0.04850	0.37350	0.03662	0.01020	0.00571	0.00177	0.00432	0.04490	0.00368	0.00585
35	0.00859	0.00624	0.00756	0.00734	0.00877	0.00626	0.00544	0.01296	0.17581	0.05490	0.34981	0.24672	0.06818	0.01086	0.00580	0.00172	0.00293	0.00958	0.00516	0.00536
36	0.00979	0.00973	0.01714	0.10933	0.01806	0.01088	0.25541	0.01220	0.00980	0.01362	0.04944	0.03700	0.05358	0.07282	0.08604	0.00266	0.21835	0.00596	0.00275	0.00545
37	0.82015	0.00958	0.00753	0.00667	0.00979	0.01100	0.00549	0.01511	0.00876	0.05926	0.00755	0.00852	0.00573	0.00470	0.00318	0.00154	0.00387	0.00281	0.00323	0.00554
38	0.01439	0.04979	0.05959	0.05771	0.36868	0.01042	0.04657	0.01710	0.01182	0.23007	0.01307	0.05359	0.01025	0.00640	0.02703	0.00171	0.00571	0.00504	0.00355	0.00751
39	0.03523	0.01002	0.01237	0.02726	0.01329	0.03716	0.06267	0.29455	0.01487	0.05973	0.01520	0.18052	0.01419	0.01391	0.16024	0.00290	0.02879	0.00668	0.00408	0.00634
40	0.00827	0.01487	0.38507	0.01046	0.01441	0.00792	0.01154	0.01184	0.01088	0.01533	0.10983	0.20809	0.07059	0.00938	0.00555	0.00177	0.00513	0.08977	0.00352	0.00578
41	0.03814	0.00754	0.00928	0.04628	0.01061	0.00872	0.02621	0.06871	0.07031	0.01757	0.01484	0.10575	0.01305	0.00743	0.00661	0.00157	0.15810	0.00568	0.37821	0.00538
42	0.01199	0.23029	0.20202	0.06654	0.06792	0.07407	0.05337	0.06647	0.01179	0.01515	0.01158	0.03167	0.01055	0.00626	0.00478	0.00154	0.00624	0.11849	0.00282	0.00646
43	0.00829	0.00783	0.03358	0.01070	0.05377	0.03905	0.12397	0.01025	0.02379	0.02690	0.03534	0.47146	0.11127	0.01179	0.00598	0.00184	0.00427	0.01084	0.00407	0.00500
44	0.01189	0.01128	0.01165	0.01137	0.05409	0.17649	0.00852	0.01330	0.01086	0.07387	0.01859	0.12979	0.11591	0.00950	0.00866	0.00183	0.23918	0.08427	0.00349	0.00545

[dist]
# distance from previous block
# <min> <max>
1	2

[block]
# block no. 2 follows, 50 sequences, length 9
# corresponding to MSA columns:
# 544-552
name=unknown_C
#
# <colnr> <probs for GDERKNQSTAVLIFYWHMCP>
#	G	D	E	R	K	N	Q	S	T	A	V	L	I	F	Y	W	H	M	C	P
0	0.00621	0.00488	0.00552	0.00594	0.00706	0.00433	0.00430	0.00734	0.01055	0.01309	0.03956	0.26803	0.46063	0.07221	0.00751	0.00206	0.00296	0.06922	0.00451	0.00411
1	0.01093	0.00921	0.01066	0.00767	0.01207	0.00726	0.00615	0.06567	0.01125	0.01730	0.00908	0.01045	0.00746	0.00385	0.00378	0.00079	0.00382	0.00306	0.00309	0.79646
2	0.05224	0.01183	0.01331	0.10452	0.13646	0.13387	0.00948	0.09982	0.03665	0.19711	0.08943	0.01529	0.01256	0.00578	0.00483	0.00146	0.00540	0.00470	0.00401	0.06124
3	0.00929	0.00465	0.00465	0.00465	0.00581	0.00465	0.00348	0.01161	0.01045	0.01858	0.01626	0.01858	0.01278	0.00581	0.00348	0.00116	0.00232	0.00465	0.85250	0.00465
4	0.04100	0.01357	0.01216	0.01108	0.03624	0.26240	0.05350	0.10389	0.10714	0.01725	0.01466	0.01798	0.04411	0.00853	0.05821	0.00192	0.00643	0.05914	0.12475	0.00605
5	0.10710	0.01001	0.01082	0.05487	0.01302	0.10663	0.00767	0.01783	0.03791	0.32503	0.01692	0.10524	0.03073	0.00854	0.03158	0.00187	0.06362	0.03964	0.00445	0.00652
6	0.01169	0.39379	0.01857	0.10086	0.01499	0.04719	0.02815	0.01369	0.01049	0.01350	0.03676	0.05152	0.00950	0.00502	0.00391	0.00114	0.00506	0.00386	0.00263	0.22768
7	0.03691	0.01201	0.03796	0.01054	0.01461	0.01180	0.04183	0.36427	0.08420	0.16935	0.01329	0.01312	0.00941	0.00554	0.00476	0.00140	0.00496	0.00441	0.00462	0.15500
8	0.01019	0.05760	0.09281	0.55608	0.16124	0.01175	0.01423	0.01359	0.01027	0.01358	0.00885	0.01256	0.00681	0.00483	0.00485	0.00159	0.00652	0.00426	0.00224	0.00617

[dist]
# distance from previous block
# <min> <max>
0	2

[block]
# block no. 3 follows, 50 sequences, length 26
# corresponding to MSA columns:
# 555-580
name=unknown_D
#
# <colnr> <probs for GDERKNQSTAVLIFYWHMCP>
#	G	D	E	R	K	N	Q	S	T	A	V	L	I	F	Y	W	H	M	C	P
0	0.01674	0.24197	0.04498	0.01172	0.01487	0.54978	0.00966	0.01827	0.01280	0.01219	0.00752	0.00881	0.00641	0.00495	0.00436	0.00125	0.02219	0.00310	0.00243	0.00600
1	0.01184	0.04352	0.01388	0.02925	0.27167	0.07246	0.00976	0.05760	0.17764	0.01699	0.04457	0.02048	0.07457	0.06496	0.00646	0.00178	0.00504	0.03721	0.03366	0.00665
2	0.00601	0.00489	0.00533	0.00556	0.00689	0.00421	0.00404	0.00727	0.01115	0.01377	0.09826	0.21926	0.56978	0.01312	0.00599	0.00175	0.00259	0.01122	0.00469	0.00421
3	0.01228	0.03560	0.03972	0.00877	0.01301	0.00959	0.00734	0.15640	0.11148	0.01949	0.01084	0.01163	0.00852	0.00456	0.00413	0.00104	0.00424	0.00360	0.00355	0.53424
4	0.01397	0.14361	0.10681	0.04211	0.07015	0.26169	0.01039	0.05453	0.01226	0.03772	0.02627	0.01313	0.05895	0.00579	0.00551	0.00141	0.07636	0.00411	0.00283	0.05240
5	0.00801	0.00667	0.00936	0.12652	0.03496	0.00714	0.03161	0.01109	0.09810	0.01443	0.10302	0.31224	0.08638	0.05937	0.03692	0.00222	0.03365	0.00930	0.00403	0.00499
6	0.11561	0.06904	0.01479	0.01419	0.20167	0.02071	0.02936	0.10500	0.01226	0.08583	0.01013	0.01189	0.00803	0.00482	0.00459	0.00129	0.02546	0.01461	0.00330	0.24743
7	0.01219	0.05490	0.01618	0.01213	0.01517	0.04314	0.20996	0.11488	0.10698	0.05821	0.16975	0.05110	0.01801	0.00857	0.05078	0.00196	0.02933	0.00622	0.01410	0.00642
8	0.01502	0.13457	0.01642	0.01492	0.17203	0.25731	0.01011	0.10507	0.16905	0.01710	0.03369	0.01261	0.00990	0.00544	0.00461	0.00141	0.00623	0.00418	0.00335	0.00700
9	0.00721	0.00498	0.00620	0.00620	0.00646	0.00525	0.00397	0.00774	0.00747	0.01023	0.01501	0.02877	0.01645	0.59241	0.25550	0.00577	0.00735	0.00669	0.00292	0.00344
10	0.00957	0.00932	0.04073	0.24431	0.01841	0.03796	0.07131	0.01365	0.12810	0.01446	0.08079	0.11464	0.01627	0.12728	0.00885	0.00218	0.04673	0.00662	0.00337	0.00545
11	0.00929	0.00465	0.00465	0.00465	0.00581	0.00465	0.00348	0.01161	0.01045	0.01858	0.01626	0.01858	0.01278	0.00581	0.00348	0.00116	0.00232	0.00465	0.85250	0.00465
12	0.19961	0.01958	0.45161	0.01199	0.01702	0.06822	0.01355	0.01511	0.00992	0.01642	0.00840	0.01037	0.00645	0.00678	0.04611	0.00193	0.08446	0.00358	0.00239	0.00648
13	0.00866	0.00433	0.00649	0.00649	0.00649	0.00433	0.00433	0.00649	0.00649	0.00866	0.00866	0.01515	0.00866	0.01732	0.01948	0.85498	0.00433	0.00433	0.00216	0.00216
14	0.04011	0.09285	0.03493	0.04089	0.06998	0.16328	0.00928	0.10099	0.19284	0.06281	0.03267	0.02629	0.01128	0.00613	0.00514	0.00150	0.03557	0.02883	0.00373	0.04092
15	0.03928	0.44402	0.15626	0.01106	0.04588	0.13300	0.01050	0.03772	0.03620	0.01405	0.02610	0.00988	0.00769	0.00476	0.00390	0.00126	0.00609	0.00329	0.00249	0.00657
16	0.00929	0.00465	0.00465	0.00465	0.00581	0.00465	0.00348	0.01161	0.01045	0.01858	0.01626	0.01858	0.01278	0.00581	0.00348	0.00116	0.00232	0.00465	0.85250	0.00465
17	0.10902	0.04066	0.20368	0.02540	0.03382	0.18685	0.06652	0.03705	0.12738	0.05921	0.01123	0.01236	0.00851	0.01591	0.00483	0.00154	0.00633	0.00410	0.03892	0.00670
18	0.00998	0.03634	0.35839	0.30165	0.02432	0.01108	0.03472	0.04133	0.01046	0.01455	0.00931	0.01243	0.00708	0.00771	0.06260	0.03799	0.00731	0.00416	0.00230	0.00628
19	0.01164	0.01265	0.13351	0.22672	0.08221	0.01177	0.04988	0.08249	0.19668	0.03476	0.01248	0.01497	0.00970	0.05012	0.00669	0.00182	0.04697	0.00485	0.00329	0.00680
20	0.00745	0.00513	0.00593	0.00588	0.00609	0.00528	0.00353	0.00822	0.04006	0.01032	0.01567	0.03078	0.01746	0.71493	0.09922	0.00500	0.00561	0.00700	0.00307	0.00336
21	0.01121	0.07112	0.06690	0.00885	0.01144	0.18774	0.00744	0.07170	0.01338	0.01651	0.22653	0.05838	0.14838	0.00830	0.00516	0.00148	0.00485	0.02801	0.00397	0.04864
22	0.01454	0.01193	0.01563	0.06168	0.26758	0.01290	0.01126	0.32350	0.12953	0.02276	0.01321	0.01629	0.01062	0.00610	0.00512	0.00159	0.00540	0.05860	0.00400	0.00776
23	0.01057	0.00596	0.00699	0.00622	0.00829	0.00515	0.00475	0.01199	0.01199	0.22561	0.10176	0.03720	0.44353	0.08849	0.00752	0.00194	0.00320	0.00859	0.00496	0.00529
24	0.00739	0.00589	0.00900	0.00843	0.00980	0.00551	0.08752	0.00948	0.01208	0.01648	0.34371	0.24757	0.07394	0.01170	0.00617	0.00182	0.00351	0.13055	0.00475	0.00470
25	0.01102	0.26433	0.34170	0.01230	0.01710	0.01420	0.07061	0.01446	0.01004	0.01382	0.00976	0.01171	0.03575	0.00646	0.03180	0.00173	0.12046	0.00394	0.00227	0.00654

[dist]
# distance from previous block
# <min> <max>
2	29

[block]
# block no. 4 follows, 50 sequences, length 14
# corresponding to MSA columns:
# 611-624
name=unknown_E
#
# <colnr> <probs for GDERKNQSTAVLIFYWHMCP>
#	G	D	E	R	K	N	Q	S	T	A	V	L	I	F	Y	W	H	M	C	P
0	0.01171	0.01552	0.27364	0.07655	0.09786	0.01155	0.01249	0.13485	0.18461	0.01908	0.04225	0.05771	0.02757	0.00630	0.00504	0.00161	0.00559	0.00527	0.00356	0.00723
1	0.01174	0.06909	0.09219	0.36144	0.10866	0.04528	0.06014	0.06651	0.01146	0.03914	0.00928	0.01216	0.00711	0.00498	0.00521	0.00153	0.03575	0.00422	0.00261	0.05149
2	0.01053	0.04027	0.04460	0.01182	0.08194	0.05619	0.09360	0.01329	0.03485	0.01564	0.08039	0.07267	0.04228	0.00638	0.00539	0.00134	0.04785	0.03069	0.00325	0.30700
3	0.04257	0.01172	0.07360	0.07413	0.34476	0.01060	0.01167	0.06064	0.07459	0.01762	0.03868	0.01307	0.00955	0.00483	0.00463	0.00136	0.00520	0.00426	0.00302	0.19347
4	0.00961	0.00660	0.00770	0.00710	0.00891	0.00650	0.00535	0.01392	0.17767	0.10510	0.26861	0.08458	0.20200	0.06537	0.00697	0.00187	0.00315	0.00840	0.00506	0.00554
5	0.03752	0.01187	0.06894	0.05984	0.17400	0.02686	0.24370	0.06807	0.01201	0.01677	0.06560	0.01792	0.01206	0.00654	0.00638	0.05251	0.01779	0.06885	0.00303	0.02974
6	0.00929	0.00465	0.00465	0.00465	0.00581	0.00465	0.00348	0.01161	0.01045	0.01858	0.01626	0.01858	0.01278	0.00581	0.00348	0.00116	0.00232	0.00465	0.85250	0.00465
7	0.01267	0.01393	0.01740	0.23962	0.19501	0.22678	0.12782	0.01530	0.01165	0.01387	0.01026	0.07350	0.00901	0.00560	0.00508	0.00155	0.00710	0.00506	0.00260	0.00619
8	0.00866	0.00433	0.00649	0.00649	0.00649	0.00433	0.00433	0.00649	0.00649	0.00866	0.00866	0.01515	0.00866	0.01732	0.01948	0.85498	0.00433	0.00433	0.00216	0.00216
9	0.01579	0.01290	0.01317	0.01150	0.06019	0.12958	0.02099	0.29164	0.09756	0.09934	0.04782	0.01617	0.06520	0.00625	0.00491	0.00143	0.00528	0.00495	0.00436	0.09097
10	0.10065	0.08489	0.00962	0.00793	0.00956	0.00782	0.03402	0.04263	0.05149	0.01510	0.02254	0.33866	0.08558	0.07017	0.00696	0.00203	0.00391	0.09748	0.00406	0.00491
11	0.00929	0.00465	0.00465	0.00465	0.00581	0.00465	0.00348	0.01161	0.01045	0.01858	0.01626	0.01858	0.01278	0.00581	0.00348	0.00116	0.00232	0.00465	0.85250	0.00465
12	0.04354	0.09556	0.10026	0.04108	0.24191	0.13299	0.01206	0.05933	0.06546	0.01578	0.00951	0.02374	0.00796	0.00563	0.00630	0.00155	0.12361	0.00416	0.00274	0.00683
13	0.07470	0.01264	0.04280	0.02109	0.42024	0.10331	0.04121	0.01615	0.05967	0.04458	0.03301	0.01467	0.01012	0.00716	0.05258	0.00191	0.00639	0.02778	0.00297	0.00703

[dist]
# distance from previous block
# <min> <max>
1	3

[block]
# block no. 5 follows, 50 sequences, length 6
# corresponding to MSA columns:
# 629-634
name=unknown_F
#
# <colnr> <probs for GDERKNQSTAVLIFYWHMCP>
#	G	D	E	R	K	N	Q	S	T	A	V	L	I	F	Y	W	H	M	C	P
0	0.00709	0.00502	0.00660	0.00686	0.00740	0.00517	0.00486	0.00822	0.00903	0.01237	0.10512	0.15559	0.02326	0.30671	0.23092	0.00463	0.00655	0.08705	0.00362	0.00393
1	0.09920	0.05595	0.06365	0.01468	0.16884	0.05559	0.06011	0.07637	0.21960	0.05016	0.01242	0.01313	0.00951	0.00524	0.00462	0.00147	0.00529	0.00438	0.00358	0.07622
2	0.01268	0.04883	0.06603	0.06010	0.07914	0.21294	0.05924	0.04861	0.03700	0.01466	0.01431	0.01603	0.10444	0.00662	0.00681	0.00158	0.14584	0.00489	0.05427	0.00600
3	0.01144	0.00876	0.01304	0.28577	0.14797	0.00955	0.01064	0.09893	0.01257	0.07603	0.07704	0.05398	0.01498	0.00711	0.00526	0.00166	0.00520	0.10049	0.05341	0.00618
4	0.01144	0.05876	0.04625	0.01159	0.10504	0.00979	0.00846	0.11664	0.04448	0.06656	0.04512	0.05802	0.01417	0.10550	0.14631	0.00308	0.05946	0.04695	0.00356	0.03882
5	0.01078	0.04744	0.12851	0.18280	0.08514	0.01046	0.01094	0.04657	0.03897	0.06215	0.01495	0.12335	0.06153	0.00733	0.00636	0.00165	0.09912	0.00594	0.00320	0.05280

[dist]
# distance from previous block
# <min> <max>
0	1

[block]
# block no. 6 follows, 50 sequences, length 37
# corresponding to MSA columns:
# 636-672
name=unknown_G
#
# <colnr> <probs for GDERKNQSTAVLIFYWHMCP>
#	G	D	E	R	K	N	Q	S	T	A	V	L	I	F	Y	W	H	M	C	P
0	0.00991	0.00540	0.00727	0.00747	0.00866	0.00502	0.00547	0.01121	0.01062	0.18309	0.02436	0.51859	0.02612	0.01451	0.05825	0.00229	0.00395	0.05523	0.03749	0.00509
1	0.00793	0.00661	0.00864	0.06221	0.10369	0.00649	0.00676	0.03295	0.05704	0.01512	0.08469	0.20136	0.31534	0.01114	0.00581	0.00176	0.00358	0.05950	0.00431	0.00511
2	0.04212	0.04000	0.37825	0.08811	0.14992	0.06331	0.05181	0.01486	0.01052	0.01498	0.00926	0.03262	0.00747	0.00568	0.00580	0.04115	0.03091	0.00422	0.00233	0.00667
3	0.01091	0.01091	0.01527	0.01309	0.01309	0.01527	0.01091	0.01200	0.00763	0.01200	0.00654	0.01091	0.00654	0.00872	0.01636	0.00218	0.81570	0.00436	0.00218	0.00545
4	0.00731	0.00572	0.00658	0.00663	0.00810	0.00538	0.00508	0.04455	0.04977	0.01580	0.16243	0.16838	0.37531	0.01226	0.00601	0.00179	0.00303	0.10639	0.00480	0.00469
5	0.01207	0.00966	0.01439	0.36529	0.09080	0.01099	0.03628	0.15080	0.01262	0.06777	0.03609	0.04123	0.01030	0.05017	0.00712	0.02459	0.04527	0.00514	0.00323	0.00620
6	0.01183	0.00965	0.01137	0.04016	0.08086	0.01072	0.00822	0.07103	0.45657	0.04234	0.01937	0.12846	0.01670	0.03749	0.00602	0.00183	0.00424	0.03147	0.00462	0.00705
7	0.01091	0.01091	0.01527	0.01309	0.01309	0.01527	0.01091	0.01200	0.00763	0.01200	0.00654	0.01091	0.00654	0.00872	0.01636	0.00218	0.81570	0.00436	0.00218	0.00545
8	0.01556	0.01190	0.01277	0.01061	0.01395	0.01336	0.00850	0.32801	0.43747	0.06674	0.01691	0.01585	0.01235	0.00642	0.00503	0.00160	0.00458	0.00514	0.00510	0.00816
9	0.06537	0.01736	0.01478	0.01441	0.10577	0.40035	0.06432	0.02051	0.21633	0.01582	0.01134	0.01218	0.00893	0.00539	0.00471	0.00146	0.00696	0.00415	0.00324	0.00663
10	0.01109	0.01896	0.40332	0.02085	0.27804	0.01185	0.15300	0.01566	0.01102	0.01598	0.00929	0.01165	0.00706	0.00454	0.00501	0.00156	0.00707	0.00433	0.00230	0.00743
11	0.01125	0.01074	0.01827	0.32092	0.51189	0.01156	0.01476	0.01435	0.01084	0.01497	0.00918	0.01269	0.00743	0.00464	0.00495	0.00155	0.00619	0.00444	0.00237	0.00702
12	0.01080	0.16038	0.16383	0.01167	0.01520	0.01166	0.14076	0.08149	0.03797	0.01532	0.01362	0.17372	0.01342	0.08209	0.00743	0.00191	0.04310	0.00645	0.00313	0.00605
13	0.00670	0.00510	0.00585	0.00571	0.00716	0.00446	0.00426	0.00838	0.01239	0.03253	0.33624	0.08464	0.44532	0.01170	0.00589	0.00165	0.00251	0.01001	0.00499	0.00448
14	0.12789	0.00863	0.01103	0.00858	0.01234	0.00781	0.00708	0.02308	0.01354	0.69958	0.01806	0.01585	0.01146	0.00597	0.00477	0.00154	0.00419	0.00472	0.00578	0.00809
15	0.00929	0.00465	0.00465	0.00465	0.00581	0.00465	0.00348	0.01161	0.01045	0.01858	0.01626	0.01858	0.01278	0.00581	0.00348	0.00116	0.00232	0.00465	0.85250	0.00465
16	0.08582	0.08852	0.00950	0.00724	0.00850	0.00820	0.02138	0.05455	0.00893	0.01306	0.01300	0.02274	0.01342	0.39758	0.19110	0.00448	0.02327	0.00566	0.01867	0.00437
17	0.01503	0.01722	0.01377	0.02800	0.01441	0.42247	0.00960	0.04519	0.07598	0.01408	0.05985	0.01236	0.00992	0.00663	0.00797	0.00160	0.23292	0.00418	0.00294	0.00589
18	0.00929	0.00465	0.00465	0.00465	0.00581	0.00465	0.00348	0.01161	0.01045	0.01858	0.01626	0.01858	0.01278	0.00581	0.00348	0.00116	0.00232	0.00465	0.85250	0.00465
19	0.86003	0.00964	0.00733	0.00655	0.00964	0.01118	0.00540	0.01465	0.00848	0.02236	0.00694	0.00810	0.00540	0.00463	0.00308	0.00154	0.00386	0.00270	0.00308	0.00540
20	0.01463	0.01512	0.27287	0.01146	0.01608	0.01064	0.03378	0.06520	0.18574	0.24513	0.04343	0.01537	0.01172	0.00598	0.00532	0.00161	0.02912	0.00483	0.00426	0.00770
21	0.00827	0.05249	0.00917	0.00903	0.04559	0.00717	0.00664	0.01150	0.11038	0.01535	0.13206	0.31395	0.05553	0.01185	0.00629	0.00189	0.02957	0.16370	0.00448	0.00511
22	0.00743	0.00524	0.00661	0.00624	0.00649	0.00519	0.04071	0.00766	0.00754	0.01006	0.01578	0.05499	0.01805	0.76095	0.02386	0.00460	0.00495	0.00739	0.00304	0.00323
23	0.04016	0.00794	0.01036	0.32609	0.01869	0.05473	0.00858	0.01142	0.01002	0.05847	0.01889	0.02196	0.17788	0.04196	0.05849	0.11497	0.00570	0.00580	0.00307	0.00482
24	0.04504	0.01406	0.08100	0.01162	0.05011	0.13524	0.00937	0.13531	0.29787	0.06353	0.01542	0.01531	0.03566	0.00622	0.00522	0.00156	0.03334	0.00480	0.03208	0.00724
25	0.01075	0.01039	0.01668	0.38438	0.28472	0.03828	0.05033	0.01376	0.01057	0.01422	0.00932	0.01301	0.00749	0.00659	0.05208	0.00190	0.00677	0.00442	0.00240	0.06193
26	0.01144	0.03662	0.01201	0.06232	0.01386	0.08294	0.05612	0.04472	0.33556	0.01792	0.08612	0.04974	0.09767	0.00733	0.00510	0.00158	0.00457	0.00621	0.03500	0.03317
27	0.01163	0.01046	0.01478	0.05742	0.33405	0.01133	0.01107	0.04411	0.26749	0.01759	0.01610	0.06457	0.04253	0.00675	0.00570	0.00166	0.04249	0.02940	0.00367	0.00721
28	0.00678	0.00485	0.00655	0.00697	0.00741	0.00509	0.00483	0.00777	0.00836	0.01149	0.01901	0.30988	0.02125	0.23217	0.31872	0.00505	0.00742	0.00899	0.00346	0.00394
29	0.00836	0.00554	0.00713	0.07656	0.00947	0.00548	0.00507	0.00958	0.01009	0.07773	0.16044	0.11216	0.11842	0.30976	0.06003	0.00321	0.00451	0.00813	0.00400	0.00433
30	0.01281	0.52519	0.05002	0.00976	0.01325	0.11796	0.03644	0.01451	0.01053	0.01223	0.00975	0.10975	0.00975	0.00601	0.00452	0.00131	0.04326	0.00440	0.00251	0.00603
31	0.01091	0.01091	0.01527	0.01309	0.01309	0.01527	0.01091	0.01200	0.00763	0.01200	0.00654	0.01091	0.00654	0.00872	0.01636	0.00218	0.81570	0.00436	0.00218	0.00545
32	0.00785	0.00463	0.00545	0.00579	0.00664	0.00455	0.00416	0.00966	0.01042	0.01639	0.10643	0.28660	0.02327	0.01141	0.05197	0.00190	0.00316	0.00833	0.42696	0.00444
33	0.01054	0.00832	0.01160	0.32320	0.07432	0.03411	0.00949	0.01391	0.07154	0.08498	0.08478	0.05103	0.07460	0.03748	0.03217	0.00193	0.00527	0.00594	0.05907	0.00574
34	0.00941	0.00886	0.01495	0.81285	0.03433	0.01107	0.01384	0.01274	0.00997	0.01274	0.00886	0.01329	0.00664	0.00498	0.00498	0.00166	0.00664	0.00443	0.00221	0.00554
35	0.01161	0.01315	0.02847	0.07282	0.02659	0.01250	0.72579	0.01575	0.01165	0.01575	0.01000	0.01344	0.00750	0.00425	0.00582	0.00168	0.00829	0.00579	0.00250	0.00665
36	0.05833	0.00658	0.00764	0.00686	0.00901	0.00581	0.00515	0.03918	0.01136	0.01654	0.17144	0.25804	0.11842	0.00969	0.00518	0.00147	0.00313	0.00839	0.00423	0.25354

[dist]
# distance from previous block
# <min> <max>
0	2

[block]
# block no. 7 follows, 50 sequences, length 30
# corresponding to MSA columns:
# 675-682,687,690-706,711-714
name=unknown_H
#
# <colnr> <probs for GDERKNQSTAVLIFYWHMCP>
#	G	D	E	R	K	N	Q	S	T	A	V	L	I	F	Y	W	H	M	C	P
0	0.09482	0.01552	0.01289	0.03607	0.01447	0.30402	0.00876	0.18611	0.04659	0.12757	0.01268	0.01311	0.04383	0.00604	0.00538	0.00149	0.05589	0.00424	0.00381	0.00670
1	0.01082	0.01120	0.05876	0.01168	0.01423	0.05909	0.12516	0.01762	0.30396	0.01628	0.01684	0.15918	0.01520	0.01063	0.07789	0.00232	0.07216	0.00680	0.00383	0.00636
2	0.01151	0.01224	0.01540	0.50976	0.02742	0.17474	0.05783	0.01426	0.01081	0.01284	0.00919	0.01387	0.00749	0.00559	0.00587	0.00165	0.06844	0.03309	0.00239	0.00561
3	0.01305	0.01382	0.09487	0.06794	0.41415	0.06880	0.01339	0.11236	0.08510	0.01801	0.01123	0.01431	0.00917	0.00534	0.00499	0.00154	0.00603	0.03534	0.00307	0.00749
4	0.00760	0.00578	0.00785	0.00760	0.00805	0.00672	0.00553	0.00862	0.00768	0.01089	0.01348	0.02357	0.01395	0.33439	0.41871	0.00614	0.10072	0.00596	0.00275	0.00402
5	0.06353	0.01320	0.06299	0.02101	0.16695	0.01202	0.52070	0.01550	0.01152	0.01656	0.03950	0.01368	0.00894	0.00453	0.00548	0.00163	0.00738	0.00543	0.00264	0.00681
6	0.00929	0.00465	0.00465	0.00465	0.00581	0.00465	0.00348	0.01161	0.01045	0.01858	0.01626	0.01858	0.01278	0.00581	0.00348	0.00116	0.00232	0.00465	0.85250	0.00465
7	0.12842	0.15333	0.05644	0.00873	0.01254	0.03829	0.00768	0.05442	0.03995	0.23867	0.01306	0.06393	0.01024	0.00572	0.00427	0.00135	0.00459	0.00440	0.00396	0.15002
8	0.01015	0.09242	0.20749	0.01503	0.06827	0.01093	0.28021	0.01371	0.01123	0.01525	0.06103	0.06921	0.10989	0.00649	0.00532	0.00160	0.00626	0.00625	0.00295	0.00632
9	0.00929	0.00465	0.00465	0.00465	0.00581	0.00465	0.00348	0.01161	0.01045	0.01858	0.01626	0.01858	0.01278	0.00581	0.00348	0.00116	0.00232	0.00465	0.85250	0.00465
10	0.30409	0.13391	0.01064	0.00801	0.04391	0.01031	0.00588	0.02922	0.00880	0.01545	0.01092	0.04509	0.01108	0.26751	0.04386	0.00282	0.03585	0.00483	0.00294	0.00489
11	0.01120	0.01078	0.01864	0.32737	0.47015	0.01159	0.04946	0.01435	0.01084	0.01492	0.00921	0.01275	0.00740	0.00464	0.00500	0.00156	0.00631	0.00450	0.00237	0.00695
12	0.00741	0.00539	0.00705	0.00729	0.00801	0.00580	0.00526	0.00956	0.06696	0.01252	0.01838	0.21494	0.01945	0.19768	0.32562	0.00495	0.00757	0.03877	0.03309	0.00432
13	0.00729	0.00502	0.00641	0.00641	0.00681	0.00537	0.00430	0.00810	0.00770	0.01083	0.01481	0.02684	0.01565	0.47724	0.33027	0.00591	0.00806	0.00638	0.04294	0.00366
14	0.02007	0.00996	0.01195	0.00924	0.01308	0.04481	0.00755	0.11486	0.03912	0.55300	0.01695	0.01527	0.01111	0.00583	0.00483	0.00144	0.00454	0.00465	0.00545	0.10629
15	0.01256	0.01066	0.01129	0.01005	0.01287	0.01225	0.00785	0.07168	0.70422	0.02146	0.05370	0.01901	0.01620	0.00687	0.00510	0.00167	0.00397	0.00571	0.00508	0.00779
16	0.01057	0.01480	0.25179	0.05751	0.31507	0.01071	0.06082	0.01423	0.01089	0.01548	0.01228	0.05115	0.01121	0.00642	0.00561	0.00169	0.03091	0.10928	0.00272	0.00686
17	0.01225	0.01252	0.05310	0.15542	0.36176	0.07138	0.05971	0.07508	0.01229	0.01656	0.03000	0.01479	0.00947	0.00525	0.00501	0.00151	0.00618	0.04007	0.00282	0.05483
18	0.00622	0.00448	0.00591	0.00692	0.00737	0.00418	0.00476	0.00726	0.00999	0.01329	0.07287	0.70223	0.06935	0.01507	0.00634	0.00199	0.00293	0.05006	0.00468	0.00412
19	0.00649	0.00462	0.00617	0.00725	0.00768	0.00440	0.00514	0.00757	0.00976	0.01294	0.02659	0.63841	0.03134	0.06229	0.00756	0.00224	0.00331	0.14763	0.00453	0.00409
20	0.01269	0.01367	0.06619	0.21636	0.25938	0.13965	0.01268	0.09379	0.01246	0.01588	0.01158	0.01398	0.05521	0.00560	0.00554	0.00155	0.04981	0.00456	0.00278	0.00664
21	0.10451	0.12904	0.01430	0.01018	0.01349	0.21975	0.00835	0.20795	0.03860	0.12591	0.01292	0.01423	0.03726	0.00599	0.00453	0.00144	0.00585	0.03499	0.00389	0.00683
22	0.01091	0.01091	0.01527	0.01309	0.01309	0.01527	0.01091	0.01200	0.00763	0.01200	0.00654	0.01091	0.00654	0.00872	0.01636	0.00218	0.81570	0.00436	0.00218	0.00545
23	0.01873	0.00773	0.00971	0.08753	0.04434	0.05789	0.03062	0.03796	0.01235	0.04785	0.23338	0.10221	0.08247	0.04795	0.00672	0.00190	0.00435	0.15683	0.00432	0.00514
24	0.00905	0.07636	0.14685	0.10383	0.01468	0.05721	0.03071	0.01173	0.01098	0.01472	0.19197	0.11726	0.03758	0.01296	0.13955	0.00267	0.00645	0.00665	0.00339	0.00539
25	0.04963	0.01095	0.06266	0.15039	0.14069	0.06565	0.00988	0.08309	0.08176	0.01726	0.11122	0.05084	0.10744	0.00799	0.02768	0.00177	0.00530	0.00601	0.00361	0.00617
26	0.01100	0.01089	0.01501	0.01290	0.01308	0.01508	0.01071	0.01293	0.05752	0.01256	0.00743	0.01140	0.00710	0.00860	0.01563	0.00215	0.76359	0.00444	0.00237	0.00561
27	0.01017	0.08757	0.04338	0.06033	0.01212	0.13359	0.00747	0.01296	0.05737	0.01617	0.33508	0.02580	0.10972	0.00825	0.00593	0.00154	0.05648	0.00666	0.00403	0.00537
28	0.01365	0.01519	0.01450	0.06764	0.21110	0.33933	0.03196	0.01600	0.03994	0.01365	0.01143	0.06463	0.01066	0.05502	0.04135	0.00197	0.00726	0.03584	0.00285	0.00602
29	0.03104	0.00852	0.01179	0.07711	0.12273	0.00859	0.04525	0.03608	0.04287	0.09099	0.01268	0.01457	0.00980	0.00534	0.00500	0.00134	0.05440	0.00438	0.26742	0.15008

[dist]
# distance from previous block
# <min> <max>
0	2

[block]
# block no. 8 follows, 50 sequences, length 51
# corresponding to MSA columns:
# 717-749,752-769
name=unknown_I
#
# <colnr> <probs for GDERKNQSTAVLIFYWHMCP>
#	G	D	E	R	K	N	Q	S	T	A	V	L	I	F	Y	W	H	M	C	P
0	0.00840	0.00709	0.00980	0.00908	0.00947	0.00887	0.00702	0.00956	0.00808	0.01178	0.05048	0.05171	0.01414	0.19060	0.30075	0.00480	0.28517	0.00593	0.00279	0.00449
1	0.01149	0.01262	0.10898	0.02033	0.31128	0.01043	0.20208	0.01475	0.01118	0.04731	0.01158	0.08971	0.01014	0.00546	0.00513	0.00150	0.00607	0.00548	0.00285	0.11160
2	0.00929	0.00465	0.00465	0.00465	0.00581	0.00465	0.00348	0.01161	0.01045	0.01858	0.01626	0.01858	0.01278	0.00581	0.00348	0.00116	0.00232	0.00465	0.85250	0.00465
3	0.01359	0.01283	0.07804	0.01115	0.01476	0.06562	0.06045	0.11849	0.28227	0.07437	0.01459	0.01582	0.01125	0.00606	0.00540	0.00152	0.04046	0.03385	0.00409	0.13538
4	0.00769	0.00607	0.00850	0.01001	0.07578	0.00629	0.00702	0.00917	0.01012	0.01354	0.02459	0.36088	0.07370	0.05045	0.00815	0.00218	0.07740	0.23969	0.00414	0.00463
5	0.00929	0.00465	0.00465	0.00465	0.00581	0.00465	0.00348	0.01161	0.01045	0.01858	0.01626	0.01858	0.01278	0.00581	0.00348	0.00116	0.00232	0.00465	0.85250	0.00465
6	0.09268	0.27817	0.01554	0.00807	0.01221	0.05142	0.00700	0.03522	0.01065	0.01557	0.00807	0.00933	0.00685	0.00410	0.00355	0.00097	0.00456	0.00289	0.00273	0.43041
7	0.05122	0.00715	0.00969	0.04628	0.01204	0.02899	0.05554	0.03875	0.01160	0.04709	0.05471	0.20382	0.02486	0.01172	0.00618	0.00202	0.00458	0.37438	0.00434	0.00503
8	0.01316	0.01137	0.01548	0.09134	0.30324	0.01238	0.01147	0.16127	0.25544	0.02017	0.01390	0.01604	0.01100	0.00587	0.00507	0.00160	0.00524	0.03450	0.00381	0.00766
9	0.00841	0.00497	0.00558	0.00549	0.00612	0.00515	0.00375	0.00962	0.00901	0.01439	0.03782	0.02403	0.01539	0.31560	0.04282	0.03595	0.03310	0.00575	0.41309	0.00396
10	0.04147	0.04115	0.01607	0.09088	0.01759	0.02577	0.13158	0.25474	0.04450	0.02061	0.01023	0.01180	0.00784	0.00502	0.00510	0.00136	0.03736	0.00420	0.00347	0.22928
11	0.04970	0.01235	0.01412	0.04936	0.08920	0.01362	0.00954	0.47616	0.13205	0.05191	0.01302	0.01330	0.00949	0.00585	0.00486	0.00152	0.00513	0.00460	0.03627	0.00794
12	0.01523	0.01015	0.01364	0.04546	0.20709	0.03765	0.00954	0.07317	0.01297	0.25610	0.01388	0.01670	0.01074	0.00571	0.00483	0.00140	0.00492	0.06446	0.00405	0.19230
13	0.10920	0.01177	0.01347	0.09140	0.04602	0.01314	0.00926	0.45498	0.01777	0.07434	0.01151	0.01250	0.00842	0.00691	0.03396	0.00177	0.03475	0.00435	0.03707	0.00742
14	0.03706	0.06139	0.01378	0.01083	0.04228	0.01116	0.04046	0.21815	0.05057	0.23606	0.08847	0.07095	0.01476	0.00708	0.00599	0.00160	0.07182	0.00566	0.00468	0.00724
15	0.00631	0.00451	0.00604	0.00710	0.00753	0.00424	0.00494	0.00740	0.01001	0.01338	0.07528	0.70234	0.03346	0.01511	0.00638	0.00202	0.00301	0.08210	0.00468	0.00414
16	0.01815	0.01003	0.01226	0.01060	0.04899	0.01019	0.00813	0.11256	0.27489	0.41020	0.01850	0.01672	0.01265	0.00627	0.00503	0.00158	0.00436	0.00513	0.00549	0.00826
17	0.01266	0.01234	0.05136	0.15174	0.04966	0.07922	0.13371	0.07311	0.24452	0.04917	0.01517	0.01615	0.04420	0.00586	0.00508	0.00159	0.00580	0.00519	0.03659	0.00687
18	0.01091	0.01091	0.01527	0.01309	0.01309	0.01527	0.01091	0.01200	0.00763	0.01200	0.00654	0.01091	0.00654	0.00872	0.01636	0.00218	0.81570	0.00436	0.00218	0.00545
19	0.00654	0.00515	0.00600	0.00632	0.00769	0.00461	0.00495	0.00814	0.01155	0.01452	0.13268	0.11934	0.45636	0.01287	0.00616	0.00184	0.00301	0.18320	0.00472	0.00434
20	0.03763	0.00849	0.01351	0.56570	0.02725	0.01007	0.03655	0.01335	0.05868	0.04193	0.01261	0.12934	0.01115	0.00662	0.00515	0.00171	0.00582	0.00591	0.00292	0.00561
21	0.00857	0.00678	0.01059	0.19688	0.01555	0.00788	0.03334	0.01068	0.00895	0.04509	0.01374	0.01903	0.04232	0.05355	0.46307	0.00542	0.04546	0.00537	0.00278	0.00493
22	0.00946	0.00869	0.01425	0.50895	0.17013	0.00997	0.01239	0.01245	0.01076	0.01422	0.08680	0.01923	0.06083	0.00620	0.00519	0.00164	0.00576	0.03448	0.00282	0.00578
