[name]
unknown

[dist]
# distance from previous block
# <min> <max>
0	2

[block]
# block no. 0 follows, 48 sequences, length 49
# corresponding to MSA columns:
# 2-50
name=unknown_A
#
# <colnr> <probs for GDERKNQSTAVLIFYWHMCP>
#	G	D	E	R	K	N	Q	S	T	A	V	L	I	F	Y	W	H	M	C	P
0	0.00827	0.00591	0.00827	0.00945	0.01063	0.00591	0.00827	0.01063	0.01181	0.01536	0.02717	0.05788	0.02953	0.01417	0.00709	0.00236	0.00472	0.75313	0.00472	0.00472
1	0.45781	0.01164	0.01051	0.00892	0.01226	0.03262	0.00723	0.21030	0.16230	0.02483	0.01115	0.01147	0.00835	0.00556	0.00411	0.00160	0.00455	0.00385	0.00406	0.00687
2	0.01251	0.01200	0.02048	0.08061	0.74004	0.01214	0.01565	0.01558	0.01159	0.01653	0.00962	0.01276	0.00805	0.00461	0.00508	0.00154	0.00614	0.00457	0.00252	0.00797
3	0.00746	0.00497	0.00560	0.00560	0.00560	0.00497	0.00311	0.00746	0.00746	0.00995	0.01617	0.03358	0.01865	0.81967	0.02612	0.00497	0.00497	0.00746	0.00311	0.00311
4	0.00969	0.00912	0.01539	0.80734	0.03534	0.01140	0.01425	0.01311	0.01026	0.01311	0.00912	0.01368	0.00684	0.00513	0.00513	0.00171	0.00684	0.00456	0.00228	0.00570
5	0.01951	0.01437	0.01540	0.01181	0.01591	0.01591	0.00975	0.77056	0.02412	0.03234	0.01232	0.01232	0.00873	0.00616	0.00513	0.00154	0.00565	0.00462	0.00513	0.00873
6	0.01270	0.01219	0.02083	0.03149	0.78767	0.01219	0.01575	0.01575	0.01168	0.01676	0.00965	0.01270	0.00813	0.00457	0.00508	0.00152	0.00610	0.00457	0.00254	0.00813
7	0.00625	0.00447	0.00595	0.00714	0.00744	0.00417	0.00476	0.00714	0.00982	0.01310	0.02828	0.81633	0.03394	0.01608	0.00655	0.00208	0.00298	0.01459	0.00476	0.00417
8	0.01270	0.01219	0.02083	0.03149	0.78767	0.01219	0.01575	0.01575	0.01168	0.01676	0.00965	0.01270	0.00813	0.00457	0.00508	0.00152	0.00610	0.00457	0.00254	0.00813
9	0.01021	0.00965	0.01632	0.67403	0.16461	0.01154	0.01451	0.01356	0.01050	0.01374	0.00921	0.01351	0.00706	0.00503	0.00512	0.00168	0.00671	0.00456	0.00232	0.00612
10	0.01230	0.01230	0.01813	0.02217	0.38778	0.04980	0.01335	0.01436	0.01001	0.01449	0.00820	0.01185	0.00740	0.00668	0.01060	0.00185	0.38500	0.00448	0.00241	0.00684
11	0.26359	0.08450	0.01146	0.00872	0.01169	0.05530	0.00707	0.07301	0.21819	0.06002	0.14060	0.01699	0.01610	0.00648	0.00453	0.00157	0.00431	0.00494	0.00432	0.00663
12	0.43821	0.01105	0.01412	0.01901	0.39519	0.01185	0.01060	0.01541	0.01019	0.01992	0.00839	0.01050	0.00683	0.00467	0.00412	0.00156	0.00502	0.00367	0.00286	0.00683
13	0.61035	0.01100	0.00959	0.00814	0.01150	0.01259	0.00668	0.18626	0.06421	0.02502	0.00924	0.00996	0.00695	0.00523	0.00375	0.00159	0.00435	0.00340	0.00375	0.00644
14	0.01331	0.01199	0.02030	0.03018	0.74197	0.01192	0.01526	0.01629	0.01186	0.06245	0.01028	0.01298	0.00840	0.00468	0.00508	0.00153	0.00599	0.00461	0.00276	0.00816
15	0.01239	0.01177	0.01478	0.27715	0.15627	0.07734	0.01165	0.03373	0.31390	0.01735	0.01381	0.01527	0.01056	0.00579	0.00512	0.00165	0.00579	0.00495	0.00357	0.00716
16	0.00857	0.00455	0.00667	0.00668	0.00684	0.00449	0.00452	0.00708	0.00781	0.01056	0.10535	0.05996	0.01507	0.01683	0.01763	0.70225	0.00413	0.00558	0.00278	0.00265
17	0.03042	0.01296	0.01844	0.06451	0.22326	0.01363	0.11191	0.36289	0.01752	0.07609	0.01162	0.01298	0.00855	0.00542	0.00521	0.00157	0.00612	0.00480	0.00399	0.00810
18	0.01238	0.01186	0.02024	0.11478	0.70690	0.01211	0.01559	0.01546	0.01153	0.01637	0.00959	0.01280	0.00799	0.00463	0.00509	0.00154	0.00618	0.00457	0.00251	0.00787
19	0.85592	0.00992	0.00754	0.00675	0.00992	0.01151	0.00556	0.01508	0.00873	0.02302	0.00714	0.00834	0.00556	0.00476	0.00318	0.00159	0.00397	0.00278	0.00318	0.00556
20	0.14835	0.01377	0.07122	0.01645	0.02064	0.03098	0.40798	0.05917	0.03006	0.03849	0.00991	0.01248	0.00756	0.00524	0.00670	0.00174	0.10457	0.00502	0.00293	0.00674
21	0.02072	0.01243	0.01420	0.01088	0.01494	0.01303	0.00899	0.51395	0.02088	0.29353	0.01505	0.01409	0.01009	0.00623	0.00514	0.00156	0.00521	0.00481	0.00555	0.00873
22	0.02055	0.01270	0.01436	0.01101	0.01508	0.01343	0.00910	0.54924	0.02132	0.25761	0.01467	0.01385	0.00991	0.00622	0.00514	0.00155	0.00527	0.00478	0.00549	0.00873
23	0.01329	0.01058	0.01176	0.01063	0.04298	0.01163	0.00802	0.24894	0.32467	0.02351	0.11944	0.06551	0.07053	0.00799	0.00543	0.00167	0.00425	0.00667	0.00509	0.00741
24	0.01905	0.01394	0.01492	0.01149	0.01546	0.01541	0.00947	0.73610	0.02352	0.03174	0.01252	0.01263	0.00893	0.00615	0.00506	0.00152	0.00550	0.00463	0.04342	0.00855
25	0.01917	0.02445	0.01454	0.01322	0.01586	0.79907	0.00991	0.02049	0.01454	0.01256	0.00793	0.00925	0.00661	0.00529	0.00463	0.00132	0.00925	0.00330	0.00264	0.00595
26	0.01064	0.00912	0.01064	0.00760	0.01216	0.00684	0.00608	0.01292	0.01064	0.01672	0.00912	0.01064	0.00760	0.00380	0.00380	0.00076	0.00380	0.00304	0.00304	0.85104
27	0.01135	0.19477	0.43613	0.01446	0.02057	0.01375	0.16534	0.01612	0.02969	0.01543	0.00979	0.03246	0.00773	0.00501	0.00482	0.00155	0.00714	0.00435	0.00240	0.00716
28	0.01113	0.01361	0.14966	0.01561	0.01999	0.01088	0.37158	0.01607	0.07934	0.04241	0.18089	0.01923	0.01729	0.00615	0.00596	0.00169	0.02195	0.00630	0.00353	0.00671
29	0.01329	0.03096	0.01174	0.01072	0.01305	0.14478	0.00891	0.19760	0.06702	0.01932	0.01938	0.03473	0.01909	0.00999	0.00598	0.00191	0.00570	0.37522	0.00444	0.00618
30	0.01275	0.01182	0.02004	0.04425	0.72807	0.01182	0.01515	0.01576	0.01183	0.03778	0.03469	0.01366	0.00951	0.00482	0.00511	0.00153	0.00595	0.00474	0.00274	0.00799
31	0.01096	0.01084	0.01521	0.01312	0.01318	0.01509	0.01090	0.01213	0.00788	0.01232	0.00721	0.01183	0.00715	0.01097	0.06971	0.00265	0.75647	0.00456	0.00228	0.00554
32	0.00969	0.00912	0.01539	0.80734	0.03534	0.01140	0.01425	0.01311	0.01026	0.01311	0.00912	0.01368	0.00684	0.00513	0.00513	0.00171	0.00684	0.00456	0.00228	0.00570
33	0.01170	0.00754	0.00857	0.00827	0.00998	0.05173	0.00617	0.06414	0.04120	0.17758	0.02610	0.42204	0.09090	0.01207	0.00598	0.00187	0.00388	0.03955	0.00501	0.00572
34	0.01270	0.01219	0.02083	0.03149	0.78767	0.01219	0.01575	0.01575	0.01168	0.01676	0.00965	0.01270	0.00813	0.00457	0.00508	0.00152	0.00610	0.00457	0.00254	0.00813
35	0.02302	0.00873	0.01191	0.00913	0.01310	0.00754	0.00754	0.02501	0.01469	0.79122	0.02024	0.01746	0.01270	0.00635	0.00516	0.00159	0.00437	0.00516	0.00635	0.00873
36	0.01238	0.01186	0.02024	0.11476	0.70693	0.01211	0.01559	0.01546	0.01153	0.01637	0.00959	0.01280	0.00799	0.00463	0.00509	0.00154	0.00618	0.00457	0.00251	0.00787
37	0.13281	0.01377	0.01433	0.01112	0.01510	0.01532	0.00918	0.66822	0.02204	0.03108	0.01162	0.01178	0.00830	0.00597	0.00487	0.00155	0.00542	0.00437	0.00487	0.00830
38	0.00969	0.00912	0.01539	0.80734	0.03534	0.01140	0.01425	0.01311	0.01026	0.01311	0.00912	0.01368	0.00684	0.00513	0.00513	0.00171	0.00684	0.00456	0.00228	0.00570
39	0.00746	0.00497	0.00560	0.00560	0.00560	0.00497	0.00311	0.00746	0.00746	0.00995	0.01617	0.03358	0.01865	0.81967	0.02612	0.00497	0.00497	0.00746	0.00311	0.00311
40	0.00740	0.00495	0.00561	0.00568	0.00569	0.00493	0.00319	0.00745	0.00758	0.01011	0.01680	0.07421	0.01945	0.77796	0.02510	0.00482	0.00487	0.00783	0.00319	0.00316
41	0.01252	0.01387	0.02945	0.02108	0.02621	0.01314	0.72696	0.05822	0.01278	0.01732	0.01049	0.01376	0.00784	0.00443	0.00600	0.00172	0.00848	0.00598	0.00274	0.00702
42	0.01485	0.01019	0.01181	0.00902	0.01314	0.00936	0.00728	0.14112	0.13087	0.17253	0.01363	0.01356	0.01002	0.00517	0.00450	0.00120	0.00425	0.00414	0.00437	0.41899
43	0.01917	0.02445	0.01454	0.01322	0.01586	0.79907	0.00991	0.02049	0.01454	0.01256	0.00793	0.00925	0.00661	0.00529	0.00463	0.00132	0.00925	0.00330	0.00264	0.00595
44	0.00624	0.00449	0.00592	0.00707	0.00742	0.00417	0.00473	0.00715	0.00990	0.01313	0.02922	0.78593	0.06373	0.01595	0.00653	0.00207	0.00296	0.01444	0.00476	0.00417
45	0.01778	0.01472	0.01627	0.01270	0.01650	0.09821	0.09092	0.55817	0.02085	0.02722	0.01272	0.06648	0.01010	0.00654	0.00527	0.00157	0.00617	0.00531	0.00457	0.00793
46	0.00762	0.00666	0.00682	0.00766	0.00831	0.08949	0.00526	0.00859	0.01046	0.01309	0.02770	0.67789	0.08179	0.01471	0.00631	0.00198	0.00362	0.01312	0.00454	0.00437
47	0.02073	0.02702	0.01308	0.01156	0.09614	0.00862	0.00844	0.02367	0.06587	0.62500	0.03279	0.01724	0.01293	0.00623	0.00513	0.00158	0.00452	0.00516	0.00576	0.00851
48	0.01537	0.05491	0.01260	0.00871	0.01304	0.00917	0.00717	0.13315	0.01375	0.21843	0.01237	0.01252	0.00903	0.00485	0.00433	0.00111	0.00432	0.00381	0.00417	0.45717

[dist]
# distance from previous block
# <min> <max>
1	9

[block]
# block no. 1 follows, 48 sequences, length 21
# corresponding to MSA columns:
# 60-80
name=unknown_B
#
# <colnr> <probs for GDERKNQSTAVLIFYWHMCP>
#	G	D	E	R	K	N	Q	S	T	A	V	L	I	F	Y	W	H	M	C	P
0	0.04874	0.04900	0.01608	0.02855	0.04482	0.10355	0.09815	0.23554	0.17078	0.06103	0.01285	0.01335	0.00960	0.00560	0.00493	0.00150	0.00583	0.00461	0.00409	0.08141
1	0.01424	0.01101	0.01372	0.01399	0.18811	0.04953	0.00907	0.06776	0.06178	0.14077	0.01191	0.01278	0.00907	0.00482	0.00453	0.00121	0.00483	0.00402	0.00371	0.37314
2	0.12158	0.01743	0.01318	0.01148	0.01456	0.35455	0.00893	0.18040	0.19147	0.02010	0.01174	0.01206	0.00901	0.00579	0.00469	0.00150	0.00664	0.00409	0.00383	0.00699
3	0.36630	0.01078	0.01246	0.01451	0.21865	0.01180	0.00916	0.06149	0.14885	0.04890	0.01187	0.01403	0.00948	0.00563	0.00440	0.00163	0.00470	0.03474	0.00366	0.00697
4	0.00625	0.00447	0.00595	0.00714	0.00744	0.00417	0.00476	0.00714	0.00982	0.01310	0.02828	0.81633	0.03394	0.01608	0.00655	0.00208	0.00298	0.01459	0.00476	0.00417
5	0.01276	0.01102	0.01160	0.01044	0.01334	0.01276	0.00812	0.02727	0.77840	0.02146	0.02088	0.01914	0.01566	0.00696	0.00522	0.00174	0.00406	0.00580	0.00522	0.00812
6	0.00700	0.00499	0.00674	0.00788	0.00848	0.00481	0.00592	0.00837	0.01042	0.01376	0.02740	0.52019	0.03178	0.04834	0.00754	0.00230	0.00367	0.27142	0.00468	0.00432
7	0.01120	0.23677	0.59079	0.01308	0.01982	0.01413	0.01627	0.01602	0.01073	0.01515	0.00866	0.01015	0.00652	0.00475	0.00446	0.00149	0.00703	0.00351	0.00217	0.00732
8	0.02240	0.06351	0.01292	0.00911	0.01310	0.00840	0.00762	0.02436	0.01440	0.73879	0.01936	0.01684	0.01229	0.00622	0.00503	0.00155	0.00444	0.00500	0.00607	0.00859
9	0.00714	0.00520	0.00671	0.00643	0.00761	0.00477	0.00479	0.00940	0.01409	0.01976	0.69957	0.08607	0.08730	0.01096	0.00608	0.00165	0.00246	0.00968	0.00555	0.00477
10	0.00909	0.01045	0.13151	0.01061	0.01219	0.00946	0.00945	0.04037	0.01015	0.01434	0.01813	0.34254	0.02010	0.01163	0.00937	0.00207	0.24579	0.08376	0.00362	0.00536
11	0.01270	0.01219	0.02083	0.03149	0.78767	0.01219	0.01575	0.01575	0.01168	0.01676	0.00965	0.01270	0.00813	0.00457	0.00508	0.00152	0.00610	0.00457	0.00254	0.00813
12	0.01123	0.01123	0.01572	0.01347	0.01347	0.01572	0.01123	0.01235	0.00786	0.01235	0.00674	0.01123	0.00674	0.00898	0.01684	0.00225	0.81028	0.00449	0.00225	0.00561
13	0.01149	0.30536	0.52478	0.01258	0.01904	0.01485	0.01539	0.01594	0.01069	0.01479	0.00848	0.00992	0.00653	0.00471	0.00432	0.00144	0.00685	0.00342	0.00218	0.00723
14	0.01671	0.01169	0.02253	0.01635	0.02103	0.01068	0.44769	0.02005	0.01320	0.34338	0.01454	0.01537	0.00986	0.00518	0.00568	0.00167	0.00684	0.00568	0.00418	0.00768
15	0.00863	0.00767	0.01136	0.44713	0.02314	0.00868	0.01014	0.03201	0.01126	0.01409	0.02512	0.02945	0.26917	0.00858	0.00561	0.00177	0.00520	0.07234	0.00340	0.00524
16	0.01189	0.01583	0.14322	0.01749	0.02206	0.10912	0.45273	0.01562	0.01190	0.01546	0.01237	0.12393	0.01106	0.00616	0.00576	0.00171	0.00777	0.00654	0.00283	0.00652
17	0.02094	0.01098	0.01319	0.01016	0.01408	0.01097	0.00837	0.33904	0.01866	0.44180	0.04586	0.01608	0.01238	0.00643	0.00518	0.00157	0.00483	0.00509	0.00581	0.00858
18	0.00738	0.00528	0.00715	0.00715	0.00769	0.00582	0.00505	0.00846	0.00792	0.01110	0.01474	0.02569	0.01523	0.36072	0.48039	0.00690	0.01013	0.00631	0.00290	0.00397
19	0.15976	0.01952	0.01420	0.01420	0.10843	0.49387	0.00987	0.09253	0.01415	0.01677	0.00844	0.00982	0.00682	0.00520	0.00449	0.00141	0.00762	0.00350	0.00296	0.00642
20	0.08705	0.01070	0.01252	0.01098	0.06856	0.05133	0.00825	0.15817	0.01551	0.44226	0.01847	0.01717	0.06276	0.00645	0.00502	0.00157	0.00483	0.00511	0.00530	0.00799

[dist]
# distance from previous block
# <min> <max>
0	9

[block]
# block no. 2 follows, 48 sequences, length 19
# corresponding to MSA columns:
# 93-111
name=unknown_C
#
# <colnr> <probs for GDERKNQSTAVLIFYWHMCP>
#	G	D	E	R	K	N	Q	S	T	A	V	L	I	F	Y	W	H	M	C	P
0	0.01246	0.04800	0.01524	0.07155	0.01673	0.01182	0.13043	0.02152	0.41465	0.05623	0.03628	0.01772	0.03234	0.00619	0.00516	0.00160	0.00499	0.00553	0.00429	0.08726
1	0.01229	0.18662	0.01461	0.00917	0.01293	0.01250	0.00761	0.02008	0.36537	0.01790	0.01412	0.01405	0.01111	0.00539	0.00435	0.00129	0.00429	0.00425	0.00386	0.27823
2	0.01230	0.01061	0.01139	0.00983	0.01309	0.01148	0.00768	0.02415	0.61174	0.02043	0.01833	0.01730	0.01391	0.00628	0.00491	0.00153	0.00400	0.00520	0.00475	0.19110
3	0.00737	0.00534	0.00701	0.00684	0.00807	0.00498	0.00530	0.00975	0.01406	0.01964	0.65663	0.04142	0.06670	0.01108	0.00620	0.00172	0.00275	0.11483	0.00549	0.00481
4	0.01890	0.02316	0.01465	0.01312	0.01578	0.70790	0.00995	0.07976	0.01505	0.01412	0.00824	0.00957	0.00678	0.00549	0.00512	0.00137	0.03860	0.00345	0.00283	0.00616
5	0.01428	0.60020	0.06701	0.00904	0.01325	0.01680	0.00888	0.01616	0.01101	0.12290	0.01070	0.07048	0.00951	0.00557	0.00389	0.00127	0.00526	0.00404	0.00298	0.00676
6	0.00664	0.00512	0.00607	0.00606	0.00734	0.00454	0.00446	0.00840	0.01274	0.01686	0.38732	0.15306	0.33833	0.01227	0.00613	0.00173	0.00257	0.01065	0.00517	0.00454
7	0.02226	0.00996	0.01267	0.00971	0.01371	0.00936	0.00802	0.18685	0.01673	0.62649	0.01852	0.01635	0.01184	0.00631	0.00515	0.00158	0.00464	0.00504	0.00609	0.00873
8	0.51938	0.01051	0.03046	0.00815	0.01169	0.01101	0.00687	0.07994	0.05520	0.20578	0.01151	0.01151	0.00811	0.00538	0.00397	0.00159	0.00430	0.00369	0.00418	0.00677
9	0.01951	0.01437	0.01540	0.01181	0.01591	0.01591	0.00975	0.77056	0.02412	0.03234	0.01232	0.01232	0.00873	0.00616	0.00513	0.00154	0.00565	0.00462	0.00513	0.00873
10	0.00672	0.00487	0.00644	0.00753	0.00816	0.00459	0.00553	0.00799	0.01045	0.01370	0.02998	0.57228	0.09521	0.01537	0.00664	0.00212	0.00336	0.18999	0.00475	0.00431
11	0.01191	0.01121	0.01894	0.11635	0.62419	0.01146	0.01482	0.01493	0.01154	0.01621	0.01137	0.01740	0.01016	0.00561	0.00529	0.00163	0.00604	0.08070	0.00273	0.00751
12	0.01725	0.21481	0.01739	0.01048	0.01442	0.01610	0.00901	0.52054	0.01962	0.02621	0.01139	0.01186	0.00855	0.00570	0.00455	0.00140	0.00534	0.00417	0.07333	0.00787
13	0.00746	0.00497	0.00560	0.00560	0.00560	0.00497	0.00311	0.00746	0.00746	0.00995	0.01617	0.03358	0.01865	0.81967	0.02612	0.00497	0.00497	0.00746	0.00311	0.00311
14	0.01743	0.01416	0.01516	0.06052	0.07110	0.07250	0.01022	0.50879	0.13158	0.02706	0.01287	0.01320	0.00943	0.00604	0.00510	0.00156	0.00578	0.00469	0.00461	0.00821
15	0.00690	0.00511	0.00642	0.00715	0.00805	0.00478	0.00538	0.00829	0.01085	0.01400	0.07017	0.32674	0.20987	0.08026	0.00816	0.00229	0.00350	0.21312	0.00466	0.00430
16	0.01350	0.26289	0.05762	0.01733	0.23192	0.04649	0.09053	0.01620	0.02603	0.07292	0.01038	0.04398	0.00889	0.00555	0.00567	0.00150	0.07415	0.00454	0.00283	0.00708
17	0.01372	0.82276	0.02689	0.00878	0.01317	0.02030	0.00878	0.01536	0.01043	0.01207	0.00713	0.00823	0.00658	0.00439	0.00329	0.00110	0.00549	0.00274	0.00219	0.00658
18	0.29423	0.37479	0.13219	0.00930	0.01362	0.07473	0.00929	0.01579	0.01023	0.01637	0.00750	0.00873	0.00623	0.00465	0.00359	0.00136	0.00557	0.00295	0.00255	0.00634

[dist]
# distance from previous block
# <min> <max>
8	19

[block]
# block no. 3 follows, 48 sequences, length 117
# corresponding to MSA columns:
# 135-251
name=unknown_D
#
# <colnr> <probs for GDERKNQSTAVLIFYWHMCP>
#	G	D	E	R	K	N	Q	S	T	A	V	L	I	F	Y	W	H	M	C	P
0	0.00807	0.00565	0.00706	0.00670	0.00748	0.00546	0.02208	0.00884	0.00887	0.02647	0.05348	0.03381	0.05146	0.54233	0.06373	0.00421	0.00523	0.07852	0.00347	0.05706
1	0.08640	0.01227	0.01898	0.04203	0.58170	0.01266	0.02813	0.12260	0.01317	0.01943	0.00982	0.01231	0.00796	0.00482	0.00494	0.00154	0.00591	0.00445	0.00296	0.00792
2	0.01267	0.01142	0.01425	0.01203	0.01525	0.01279	0.11594	0.02573	0.66982	0.02075	0.01940	0.01839	0.01455	0.00659	0.00534	0.00174	0.00471	0.00584	0.00485	0.00795
3	0.00967	0.00551	0.00649	0.00610	0.00666	0.00534	0.00374	0.00995	0.00849	0.12065	0.01674	0.03129	0.01781	0.70443	0.02315	0.00449	0.00489	0.00714	0.00357	0.00391
4	0.01240	0.01290	0.02451	0.02330	0.27634	0.01269	0.41228	0.01774	0.12055	0.01726	0.01163	0.01422	0.00901	0.00478	0.00561	0.00166	0.00716	0.00553	0.00295	0.00749
5	0.01276	0.01102	0.01160	0.01044	0.01334	0.01276	0.00812	0.02727	0.77840	0.02146	0.02088	0.01914	0.01566	0.00696	0.00522	0.00174	0.00406	0.00580	0.00522	0.00812
6	0.00746	0.00497	0.00560	0.00560	0.00560	0.00497	0.00311	0.00746	0.00746	0.00995	0.01617	0.03358	0.01865	0.81967	0.02612	0.00497	0.00497	0.00746	0.00311	0.00311
7	0.02302	0.00873	0.01191	0.00913	0.01310	0.00754	0.00754	0.02501	0.01469	0.79122	0.02024	0.01746	0.01270	0.00635	0.00516	0.00159	0.00437	0.00516	0.00635	0.00873
8	0.01908	0.01416	0.01516	0.01172	0.01575	0.01571	0.00965	0.72375	0.07162	0.03165	0.01286	0.01275	0.00916	0.00621	0.00514	0.00155	0.00555	0.00469	0.00514	0.00869
9	0.01817	0.02295	0.01677	0.01441	0.01741	0.68769	0.11748	0.01991	0.01420	0.01311	0.00828	0.00990	0.00678	0.00515	0.00483	0.00138	0.00917	0.00369	0.00264	0.00609
10	0.00768	0.00518	0.00741	0.00741	0.00796	0.00573	0.00537	0.00832	0.00777	0.01091	0.01321	0.02182	0.01315	0.18579	0.48762	0.18239	0.01012	0.00566	0.00271	0.00381
11	0.01801	0.01363	0.01456	0.01150	0.01534	0.01521	0.00939	0.60598	0.19113	0.02993	0.01422	0.01383	0.01026	0.00634	0.00515	0.00158	0.00530	0.00488	0.00515	0.00859
12	0.05535	0.01105	0.01298	0.01013	0.01402	0.01123	0.00832	0.29804	0.08474	0.41388	0.01685	0.01535	0.01121	0.00627	0.00507	0.00158	0.00479	0.00492	0.00567	0.00854
13	0.00987	0.00538	0.00543	0.00532	0.00668	0.00555	0.00402	0.01342	0.08417	0.01935	0.01713	0.01913	0.01339	0.00607	0.00374	0.00125	0.00255	0.00488	0.76755	0.00510
14	0.01932	0.01428	0.01530	0.01177	0.01584	0.01583	0.00971	0.75056	0.04441	0.03205	0.01255	0.01250	0.00891	0.00618	0.00514	0.00155	0.00560	0.00465	0.00514	0.00871
15	0.01917	0.02445	0.01454	0.01322	0.01586	0.79907	0.00991	0.02049	0.01454	0.01256	0.00793	0.00925	0.00661	0.00529	0.00463	0.00132	0.00925	0.00330	0.00264	0.00595
16	0.00946	0.00744	0.00985	0.01111	0.07785	0.00776	0.00836	0.01449	0.17659	0.01759	0.14067	0.04267	0.02761	0.01123	0.00635	0.00204	0.00435	0.41403	0.00478	0.00576
17	0.01909	0.01397	0.01496	0.01151	0.01550	0.01545	0.00950	0.73912	0.02357	0.03179	0.01250	0.01260	0.00891	0.00615	0.00507	0.00153	0.00551	0.00463	0.04007	0.00856
18	0.00746	0.00497	0.00560	0.00560	0.00560	0.00497	0.00311	0.00746	0.00746	0.00995	0.01617	0.03358	0.01865	0.81967	0.02612	0.00497	0.00497	0.00746	0.00311	0.00311
19	0.01304	0.01295	0.01933	0.17575	0.50392	0.08749	0.04584	0.05050	0.01228	0.01637	0.00954	0.01259	0.00775	0.00481	0.00509	0.00155	0.00662	0.00451	0.00262	0.00744
20	0.01253	0.01202	0.02052	0.07490	0.74558	0.01215	0.01566	0.01560	0.01160	0.01656	0.00962	0.01275	0.00806	0.00460	0.00508	0.00153	0.00614	0.00457	0.00253	0.00799
21	0.00625	0.00447	0.00595	0.00714	0.00744	0.00417	0.00476	0.00714	0.00982	0.01310	0.02828	0.81633	0.03394	0.01608	0.00655	0.00208	0.00298	0.01459	0.00476	0.00417
22	0.00628	0.00457	0.00592	0.00693	0.00740	0.00421	0.00468	0.00727	0.01020	0.01348	0.06190	0.71075	0.10641	0.01555	0.00648	0.00203	0.00292	0.01401	0.00480	0.00421
23	0.01186	0.01050	0.01060	0.00974	0.01212	0.07787	0.00761	0.04209	0.44991	0.02023	0.18867	0.02604	0.02324	0.00826	0.00553	0.00173	0.00425	0.07778	0.00504	0.00690
24	0.46232	0.01481	0.01100	0.00965	0.01257	0.24555	0.00767	0.10126	0.01213	0.02031	0.00793	0.00923	0.00630	0.00533	0.00466	0.00154	0.05528	0.00325	0.00318	0.00603
25	0.00746	0.00497	0.00560	0.00560	0.00560	0.00497	0.00311	0.00746	0.00746	0.00995	0.01617	0.03358	0.01865	0.81967	0.02612	0.00497	0.00497	0.00746	0.00311	0.00311
26	0.00992	0.00957	0.01681	0.73221	0.03452	0.01155	0.08643	0.01343	0.01044	0.01343	0.00924	0.01370	0.00693	0.00505	0.00522	0.00171	0.00701	0.00470	0.00231	0.00582
27	0.02024	0.00922	0.01185	0.00914	0.01310	0.00824	0.00748	0.05438	0.08045	0.58356	0.01839	0.01643	0.01207	0.00603	0.00497	0.00148	0.00431	0.00489	0.00573	0.12803
28	0.01707	0.26806	0.01856	0.01091	0.01483	0.10761	0.00933	0.38343	0.08386	0.02277	0.01093	0.01128	0.00841	0.00557	0.00451	0.00139	0.00588	0.00398	0.00393	0.00768
29	0.01951	0.01437	0.01540	0.01181	0.01591	0.01591	0.00975	0.77056	0.02412	0.03234	0.01232	0.01232	0.00873	0.00616	0.00513	0.00154	0.00565	0.00462	0.00513	0.00873
30	0.01302	0.35772	0.09243	0.01412	0.01886	0.01524	0.29865	0.01604	0.01133	0.06132	0.01036	0.04988	0.00872	0.00509	0.00475	0.00146	0.00668	0.00481	0.00272	0.00681
31	0.00651	0.00471	0.00616	0.00716	0.00769	0.00440	0.00501	0.00763	0.01035	0.01370	0.06929	0.63186	0.08882	0.03102	0.00692	0.00212	0.00313	0.08452	0.00477	0.00425
32	0.01152	0.01210	0.02056	0.01619	0.01791	0.01480	0.26342	0.01371	0.00927	0.01371	0.00795	0.01210	0.00708	0.00743	0.01325	0.00207	0.54351	0.00501	0.00236	0.00605
33	0.01270	0.01219	0.02083	0.03149	0.78767	0.01219	0.01575	0.01575	0.01168	0.01676	0.00965	0.01270	0.00813	0.00457	0.00508	0.00152	0.00610	0.00457	0.00254	0.00813
34	0.01127	0.25483	0.57340	0.01295	0.01962	0.01432	0.01604	0.01600	0.01072	0.01505	0.00861	0.01009	0.00652	0.00474	0.00442	0.00147	0.00698	0.00349	0.00217	0.00730
35	0.00827	0.00591	0.00827	0.00945	0.01063	0.00591	0.00827	0.01063	0.01181	0.01536	0.02717	0.05788	0.02953	0.01417	0.00709	0.00236	0.00472	0.75313	0.00472	0.00472
36	0.00623	0.00454	0.00588	0.00696	0.00739	0.00418	0.00468	0.00717	0.01000	0.01317	0.03055	0.74299	0.10581	0.01578	0.00650	0.00205	0.00294	0.01423	0.00476	0.00418
37	0.02302	0.00873	0.01191	0.00913	0.01310	0.00754	0.00754	0.02501	0.01469	0.79122	0.02024	0.01746	0.01270	0.00635	0.00516	0.00159	0.00437	0.00516	0.00635	0.00873
38	0.00606	0.00520	0.00520	0.00520	0.00693	0.00433	0.00390	0.00736	0.01170	0.01386	0.05198	0.04938	0.78558	0.01299	0.00606	0.00173	0.00260	0.01083	0.00476	0.00433
39	0.00625	0.00447	0.00595	0.00714	0.00744	0.00417	0.00476	0.00714	0.00982	0.01310	0.02828	0.81633	0.03394	0.01608	0.00655	0.00208	0.00298	0.01459	0.00476	0.00417
40	0.01936	0.01149	0.01323	0.01049	0.01427	0.01203	0.00855	0.32293	0.18691	0.31868	0.01722	0.01578	0.01177	0.00641	0.00516	0.00160	0.00481	0.00509	0.00562	0.00860
41	0.02302	0.00873	0.01191	0.00913	0.01310	0.00754	0.00754	0.02501	0.01469	0.79122	0.02024	0.01746	0.01270	0.00635	0.00516	0.00159	0.00437	0.00516	0.00635	0.00873
42	0.00625	0.00448	0.00594	0.00711	0.00743	0.00417	0.00475	0.00715	0.00986	0.01311	0.02876	0.80086	0.04910	0.01601	0.00654	0.00208	0.00297	0.01451	0.00476	0.00417
43	0.01276	0.01102	0.01160	0.01044	0.01334	0.01276	0.00812	0.02727	0.77840	0.02146	0.02088	0.01914	0.01566	0.00696	0.00522	0.00174	0.00406	0.00580	0.00522	0.00812
44	0.01043	0.05782	0.76299	0.01440	0.02185	0.01225	0.01856	0.01621	0.01082	0.01609	0.00913	0.01073	0.00650	0.00486	0.00481	0.00160	0.00750	0.00375	0.00217	0.00754
45	0.00652	0.00522	0.00583	0.00567	0.00721	0.00452	0.00426	0.00824	0.01277	0.01641	0.32991	0.04519	0.50607	0.01205	0.00606	0.00169	0.00253	0.01024	0.00510	0.00452
46	0.00607	0.00516	0.00523	0.00529	0.00695	0.00432	0.00394	0.00735	0.01161	0.01383	0.05089	0.08471	0.75096	0.01314	0.00609	0.00175	0.00262	0.01100	0.00476	0.00432
47	0.01138	0.01085	0.01838	0.36371	0.44827	0.01193	0.01501	0.01454	0.01099	0.01510	0.00936	0.01309	0.00755	0.00491	0.00536	0.00162	0.02394	0.00456	0.00242	0.00703
48	0.01032	0.04212	0.76273	0.01441	0.02181	0.01197	0.01855	0.01612	0.01084	0.01615	0.00951	0.01168	0.00694	0.00504	0.00489	0.00163	0.00749	0.01809	0.00222	0.00751
49	0.01350	0.01507	0.03217	0.26977	0.17962	0.23749	0.06543	0.02962	0.01196	0.01427	0.00883	0.01193	0.00712	0.00535	0.00605	0.00160	0.07699	0.00429	0.00250	0.00643
50	0.70599	0.01072	0.00895	0.00765	0.01100	0.01230	0.00631	0.15051	0.01149	0.02469	0.00807	0.00905	0.00612	0.00501	0.00353	0.00158	0.00427	0.00311	0.00353	0.00612
51	0.85592	0.00992	0.00754	0.00675	0.00992	0.01151	0.00556	0.01508	0.00873	0.02302	0.00714	0.00834	0.00556	0.00476	0.00318	0.00159	0.00397	0.00278	0.00318	0.00556
52	0.18302	0.01402	0.01253	0.01060	0.01392	0.13576	0.00844	0.27380	0.25357	0.02405	0.01327	0.01317	0.00992	0.00600	0.00469	0.00158	0.00538	0.00442	0.00439	0.00748
53	0.01072	0.02355	0.61372	0.01627	0.02329	0.01217	0.19533	0.01629	0.01113	0.01629	0.00948	0.01154	0.00680	0.00475	0.00515	0.00165	0.00783	0.00432	0.00227	0.00743
54	0.01841	0.01383	0.01478	0.01158	0.01549	0.01540	0.00949	0.64982	0.14665	0.03057	0.01371	0.01343	0.00985	0.00629	0.00515	0.00157	0.00539	0.00481	0.00515	0.00863
55	0.01947	0.01534	0.01532	0.01194	0.01591	0.09080	0.00977	0.69883	0.02321	0.03045	0.01190	0.01203	0.00852	0.00608	0.00508	0.00152	0.00599	0.00449	0.00489	0.00846
56	0.01276	0.01102	0.01160	0.01044	0.01334	0.01276	0.00812	0.02727	0.77840	0.02146	0.02088	0.01914	0.01566	0.00696	0.00522	0.00174	0.00406	0.00580	0.00522	0.00812
57	0.01037	0.04396	0.77632	0.01450	0.02201	0.01210	0.01874	0.01623	0.01082	0.01616	0.00916	0.01078	0.00650	0.00486	0.00484	0.00161	0.00754	0.00377	0.00217	0.00756
58	0.00733	0.00550	0.00825	0.00825	0.00916	0.00641	0.00641	0.00916	0.00825	0.01191	0.01374	0.02016	0.01283	0.03848	0.79934	0.00825	0.01374	0.00550	0.00275	0.00458
59	0.00746	0.00497	0.00560	0.00560	0.00560	0.00497	0.00311	0.00746	0.00746	0.00995	0.01617	0.03358	0.01865	0.81967	0.02612	0.00497	0.00497	0.00746	0.00311	0.00311
60	0.00622	0.00460	0.00582	0.00679	0.00735	0.00420	0.00461	0.00718	0.01016	0.01324	0.03259	0.67679	0.17069	0.01551	0.00646	0.00202	0.00291	0.01390	0.00476	0.00420
61	0.01344	0.00629	0.00850	0.00799	0.00987	0.00561	0.00595	0.01480	0.01191	0.34646	0.02484	0.47408	0.02484	0.01191	0.00595	0.00187	0.00357	0.01055	0.00544	0.00612
62	0.00624	0.00450	0.00592	0.00705	0.00742	0.00418	0.00472	0.00715	0.00991	0.01313	0.02937	0.78099	0.06857	0.01593	0.00653	0.00207	0.00296	0.01441	0.00476	0.00418
63	0.00811	0.00584	0.00805	0.00911	0.01032	0.00578	0.00791	0.01042	0.01191	0.01548	0.05791	0.05668	0.06965	0.01397	0.00699	0.00230	0.00452	0.68555	0.00476	0.00471
64	0.01096	0.02566	0.73650	0.01442	0.02175	0.01221	0.01829	0.07114	0.01180	0.01742	0.00943	0.01094	0.00666	0.00497	0.00489	0.00162	0.00744	0.00385	0.00238	0.00767
65	0.01239	0.01263	0.02228	0.01683	0.02104	0.01288	0.44305	0.02108	0.34040	0.01859	0.01488	0.01611	0.01116	0.00545	0.00570	0.00173	0.00668	0.00595	0.00372	0.00744
66	0.00610	0.00520	0.00524	0.00523	0.00695	0.00435	0.00392	0.00743	0.01177	0.01405	0.07257	0.04907	0.76488	0.01292	0.00606	0.00173	0.00259	0.01079	0.00479	0.00435
67	0.01047	0.06823	0.75297	0.01432	0.02173	0.01236	0.01842	0.01620	0.01081	0.01603	0.00910	0.01070	0.00650	0.00485	0.00479	0.00160	0.00747	0.00374	0.00217	0.00753
68	0.03677	0.01098	0.01221	0.00967	0.01344	0.11977	0.00784	0.02420	0.01456	0.66771	0.01827	0.01614	0.01172	0.00617	0.00505	0.00155	0.00505	0.00486	0.00577	0.00828
69	0.01979	0.01005	0.01231	0.00967	0.01333	0.00987	0.00790	0.21746	0.07766	0.45931	0.09136	0.01826	0.01532	0.00675	0.00524	0.00159	0.00449	0.00546	0.00588	0.00831
70	0.01324	0.01187	0.01731	0.02178	0.41261	0.01255	0.04299	0.05958	0.29958	0.03327	0.01422	0.01523	0.01105	0.00557	0.00518	0.00162	0.00538	0.00511	0.00375	0.00812
71	0.01051	0.06289	0.73973	0.01475	0.03969	0.01231	0.01841	0.01620	0.01083	0.01607	0.00912	0.01076	0.00654	0.00485	0.00481	0.00160	0.00745	0.00376	0.00218	0.00755
72	0.01229	0.36046	0.38684	0.01184	0.01757	0.05176	0.01359	0.01675	0.05801	0.01464	0.00899	0.01018	0.00710	0.00482	0.00422	0.00140	0.00656	0.00345	0.00239	0.00712
73	0.01564	0.01699	0.01522	0.29244	0.05254	0.36699	0.01164	0.13762	0.01446	0.01608	0.00912	0.01143	0.00709	0.00534	0.00490	0.00150	0.00771	0.00400	0.00291	0.00639
74	0.01342	0.75401	0.09305	0.00928	0.01395	0.01958	0.00966	0.01544	0.01046	0.01243	0.00731	0.00846	0.00658	0.00443	0.00343	0.00114	0.00567	0.00283	0.00219	0.00667
75	0.00677	0.00566	0.00596	0.00594	0.00761	0.00512	0.00443	0.00931	0.08195	0.01490	0.09192	0.11927	0.59784	0.01258	0.00603	0.00176	0.00276	0.01063	0.00486	0.00469
76	0.00971	0.00955	0.00947	0.00853	0.01026	0.14340	0.04115	0.01133	0.01229	0.02968	0.18270	0.05692	0.33397	0.03300	0.00740	0.00179	0.08134	0.00830	0.00422	0.00500
77	0.02302	0.00873	0.01191	0.00913	0.01310	0.00754	0.00754	0.02501	0.01469	0.79122	0.02024	0.01746	0.01270	0.00635	0.00516	0.00159	0.00437	0.00516	0.00635	0.00873
78	0.49909	0.00941	0.00941	0.00777	0.01128	0.00981	0.00641	0.01933	0.01128	0.35213	0.01276	0.01225	0.00862	0.00544	0.00403	0.00159	0.00414	0.00380	0.00454	0.00692
79	0.00690	0.00516	0.00640	0.00624	0.00748	0.00466	0.00462	0.00892	0.01345	0.01837	0.54974	0.11518	0.21083	0.01158	0.00610	0.00169	0.00251	0.01013	0.00537	0.00466
80	0.01866	0.01139	0.01322	0.01064	0.01424	0.01193	0.00883	0.41528	0.05089	0.25016	0.01708	0.02055	0.01312	0.00738	0.00542	0.00168	0.00508	0.11089	0.00543	0.00814
81	0.00625	0.00447	0.00595	0.00714	0.00744	0.00417	0.00476	0.00714	0.00982	0.01310	0.02828	0.81633	0.03394	0.01608	0.00655	0.00208	0.00298	0.01459	0.00476	0.00417
82	0.00625	0.00447	0.00595	0.00714	0.00744	0.00417	0.00476	0.00714	0.00982	0.01310	0.02828	0.81633	0.03394	0.01608	0.00655	0.00208	0.00298	0.01459	0.00476	0.00417
83	0.05246	0.01340	0.01346	0.01077	0.01449	0.12355	0.00871	0.31657	0.07964	0.29158	0.01494	0.01407	0.01024	0.00611	0.00500	0.00154	0.00552	0.00464	0.00513	0.00816
84	0.00827	0.00591	0.00827	0.00945	0.01063	0.00591	0.00827	0.01063	0.01181	0.01536	0.02717	0.05788	0.02953	0.01417	0.00709	0.00236	0.00472	0.75313	0.00472	0.00472
85	0.85592	0.00992	0.00754	0.00675	0.00992	0.01151	0.00556	0.01508	0.00873	0.02302	0.00714	0.00834	0.00556	0.00476	0.00318	0.00159	0.00397	0.00278	0.00318	0.00556
86	0.00606	0.00520	0.00520	0.00520	0.00693	0.00433	0.00390	0.00736	0.01170	0.01386	0.05198	0.04938	0.78558	0.01299	0.00606	0.00173	0.00260	0.01083	0.00476	0.00433
87	0.01297	0.01270	0.02057	0.03074	0.75568	0.04480	0.01551	0.01594	0.01180	0.01659	0.00958	0.01256	0.00806	0.00460	0.00506	0.00152	0.00623	0.00452	0.00254	0.00804
88	0.01951	0.01437	0.01540	0.01181	0.01591	0.01591	0.00975	0.77056	0.02412	0.03234	0.01232	0.01232	0.00873	0.00616	0.00513	0.00154	0.00565	0.00462	0.00513	0.00873
89	0.00726	0.00524	0.00686	0.00646	0.00767	0.00484	0.00484	0.00968	0.01452	0.02058	0.78496	0.03833	0.04841	0.01049	0.00605	0.00161	0.00242	0.00928	0.00565	0.00484
90	0.01064	0.00912	0.01064	0.00760	0.01216	0.00684	0.00608	0.01292	0.01064	0.01672	0.00912	0.01064	0.00760	0.00380	0.00380	0.00076	0.00380	0.00304	0.00304	0.85104
91	0.01641	0.05287	0.20886	0.01224	0.01711	0.01055	0.11132	0.02123	0.10761	0.34949	0.02991	0.01549	0.01125	0.00578	0.00514	0.00161	0.00571	0.00498	0.00446	0.00796
92	0.07747	0.00883	0.01084	0.00855	0.01236	0.00774	0.00701	0.01916	0.05409	0.36992	0.01624	0.01812	0.01211	0.00610	0.00473	0.00139	0.00416	0.06890	0.00482	0.28747
93	0.00726	0.00524	0.00686	0.00646	0.00767	0.00484	0.00484	0.00968	0.01452	0.02058	0.78496	0.03833	0.04841	0.01049	0.00605	0.00161	0.00242	0.00928	0.00565	0.00484
94	0.00625	0.00447	0.00595	0.00714	0.00744	0.00417	0.00476	0.00714	0.00982	0.01310	0.02828	0.81633	0.03394	0.01608	0.00655	0.00208	0.00298	0.01459	0.00476	0.00417
95	0.00981	0.00925	0.01562	0.77519	0.06652	0.01143	0.01431	0.01322	0.01032	0.01326	0.00914	0.01364	0.00689	0.00511	0.00513	0.00170	0.00681	0.00456	0.00229	0.00580
96	0.01212	0.01167	0.01949	0.13244	0.59460	0.01251	0.01500	0.01499	0.01103	0.01575	0.00923	0.01265	0.00779	0.00518	0.00650	0.00164	0.10288	0.00456	0.00247	0.00750
97	0.01098	0.01044	0.01772	0.47496	0.35765	0.01174	0.01489	0.01424	0.01087	0.01468	0.00935	0.01326	0.00739	0.00489	0.00511	0.00163	0.00652	0.00457	0.00239	0.00674
98	0.00746	0.00497	0.00560	0.00560	0.00560	0.00497	0.00311	0.00746	0.00746	0.00995	0.01617	0.03358	0.01865	0.81967	0.02612	0.00497	0.00497	0.00746	0.00311	0.00311
99	0.11749	0.05964	0.01426	0.01067	0.01445	0.12482	0.00876	0.37342	0.01817	0.19030	0.01250	0.01229	0.00879	0.00581	0.00473	0.00150	0.00568	0.00423	0.00465	0.00784
100	0.01145	0.16551	0.39458	0.01586	0.03750	0.01361	0.24203	0.01601	0.01123	0.01565	0.02438	0.01184	0.00776	0.00473	0.00497	0.00156	0.00739	0.00441	0.00238	0.00716
101	0.01246	0.01071	0.01134	0.01022	0.01303	0.01233	0.00794	0.02630	0.73658	0.02142	0.06271	0.02019	0.01746	0.00715	0.00527	0.00173	0.00397	0.00599	0.00524	0.00794
102	0.06656	0.00892	0.01176	0.00906	0.01299	0.00793	0.00749	0.04074	0.01458	0.73445	0.01938	0.01687	0.01224	0.00626	0.00506	0.00159	0.00437	0.00502	0.00616	0.00857
103	0.03142	0.04812	0.16605	0.01566	0.02082	0.01149	0.34727	0.01903	0.02918	0.23942	0.01303	0.01410	0.00904	0.00508	0.00539	0.00164	0.00690	0.00517	0.00365	0.00755
104	0.01222	0.01039	0.01107	0.00995	0.01269	0.01185	0.00773	0.04309	0.66642	0.02144	0.09458	0.02163	0.03934	0.00744	0.00532	0.00172	0.00390	0.00624	0.00525	0.00772
105	0.00730	0.00490	0.00649	0.00741	0.00799	0.00462	0.00525	0.00840	0.01017	0.04377	0.02737	0.59632	0.04682	0.07651	0.00805	0.00232	0.00344	0.12382	0.00469	0.00435
106	0.00860	0.00796	0.01483	0.01256	0.01470	0.00751	0.27353	0.01091	0.01091	0.01460	0.02184	0.42508	0.02412	0.01168	0.00645	0.00200	0.00522	0.11829	0.00400	0.00521
107	0.03753	0.01285	0.04994	0.04500	0.04604	0.10814	0.06440	0.11487	0.12454	0.26649	0.01514	0.01593	0.01101	0.05712	0.00642	0.00180	0.00575	0.00500	0.00451	0.00753
108	0.00698	0.00454	0.00570	0.00662	0.00712	0.00430	0.00450	0.00821	0.01003	0.01443	0.02573	0.64048	0.02935	0.01385	0.00590	0.00189	0.00285	0.01242	0.19080	0.00430
109	0.00627	0.00460	0.00589	0.00692	0.00743	0.00423	0.00471	0.00725	0.01013	0.01325	0.03162	0.69214	0.14035	0.01560	0.00649	0.00204	0.00296	0.02916	0.00476	0.00420
110	0.01276	0.01638	0.22422	0.01886	0.08190	0.01211	0.40954	0.01765	0.04730	0.09073	0.01145	0.01357	0.00831	0.00480	0.00555	0.00167	0.00756	0.00526	0.00296	0.00741
111	0.00969	0.00912	0.01539	0.80734	0.03534	0.01140	0.01425	0.01311	0.01026	0.01311	0.00912	0.01368	0.00684	0.00513	0.00513	0.00171	0.00684	0.00456	0.00228	0.00570
112	0.00742	0.00512	0.00636	0.00636	0.00662	0.00539	0.00406	0.00795	0.00769	0.01051	0.01547	0.02973	0.01698	0.59569	0.24781	0.00591	0.00749	0.00690	0.00301	0.00353
113	0.01238	0.00762	0.00919	0.00837	0.01075	0.00752	0.00675	0.03711	0.17222	0.19935	0.13783	0.03465	0.17461	0.00987	0.00584	0.00180	0.00378	0.14859	0.00536	0.00642
114	0.01118	0.23282	0.59459	0.01311	0.01987	0.01409	0.01632	0.01602	0.01073	0.01517	0.00867	0.01016	0.00652	0.00475	0.00446	0.00149	0.00704	0.00352	0.00217	0.00732
115	0.01759	0.01260	0.01452	0.01300	0.08870	0.01370	0.00963	0.41595	0.21267	0.12406	0.01523	0.01473	0.01093	0.00623	0.00515	0.00160	0.00513	0.00498	0.00506	0.00852
116	0.01462	0.20154	0.13474	0.01090	0.01530	0.03002	0.01024	0.22098	0.19997	0.03777	0.01260	0.01274	0.00954	0.00558	0.00459	0.00144	0.00544	0.00423	0.00387	0.06389

[dist]
# distance from previous block
# <min> <max>
0	1

[block]
# block no. 4 follows, 48 sequences, length 72
# corresponding to MSA columns:
# 253-324
name=unknown_E
#
# <colnr> <probs for GDERKNQSTAVLIFYWHMCP>
#	G	D	E	R	K	N	Q	S	T	A	V	L	I	F	Y	W	H	M	C	P
0	0.01243	0.01398	0.02606	0.01982	0.05015	0.06590	0.54439	0.01589	0.01143	0.01539	0.00948	0.01299	0.00751	0.00530	0.00803	0.00180	0.16476	0.00552	0.00253	0.00664
1	0.01807	0.01585	0.01383	0.01159	0.01495	0.24050	0.00916	0.28790	0.21099	0.10339	0.01405	0.01370	0.01028	0.00613	0.00501	0.00153	0.00615	0.00459	0.00456	0.00777
2	0.00730	0.00543	0.00685	0.00707	0.00835	0.00506	0.00563	0.00932	0.01266	0.01681	0.33054	0.04708	0.22097	0.04709	0.00725	0.00203	0.00331	0.24761	0.00503	0.00461
3	0.00735	0.00591	0.00680	0.00675	0.00823	0.00567	0.00511	0.01037	0.09486	0.01635	0.22831	0.13681	0.36206	0.01208	0.00630	0.00180	0.01838	0.05698	0.00499	0.00490
4	0.01028	0.00973	0.01646	0.65429	0.18375	0.01156	0.01455	0.01363	0.01054	0.01383	0.00922	0.01349	0.00709	0.00502	0.00512	0.00167	0.00669	0.00456	0.00233	0.00618
5	0.01182	0.01178	0.01099	0.01013	0.01175	0.22052	0.00788	0.07843	0.01161	0.01426	0.04021	0.01742	0.03558	0.02272	0.40423	0.00491	0.07227	0.00506	0.00305	0.00539
6	0.00724	0.00518	0.00625	0.00654	0.00769	0.00469	0.00469	0.00891	0.02940	0.04837	0.17193	0.36923	0.28414	0.01342	0.00621	0.00185	0.00284	0.01178	0.00500	0.00463
7	0.00610	0.00520	0.00525	0.00524	0.00696	0.00435	0.00393	0.00744	0.01179	0.01409	0.07653	0.04901	0.76089	0.01291	0.00606	0.00173	0.00259	0.01078	0.00479	0.00435
8	0.67692	0.01088	0.00922	0.00783	0.01120	0.01245	0.00645	0.17676	0.01203	0.02502	0.00825	0.00919	0.00624	0.00506	0.00359	0.00158	0.00433	0.00317	0.00359	0.00624
9	0.00956	0.00478	0.00478	0.00478	0.00598	0.00478	0.00359	0.01196	0.01076	0.01913	0.01674	0.01913	0.01315	0.00598	0.00359	0.00120	0.00239	0.00478	0.84816	0.00478
10	0.00641	0.00473	0.00604	0.00698	0.00762	0.00436	0.00491	0.00753	0.01042	0.01358	0.04856	0.60331	0.16415	0.01526	0.00650	0.00204	0.00305	0.07554	0.00478	0.00426
11	0.01966	0.01413	0.01525	0.01169	0.01579	0.01555	0.00966	0.73848	0.02372	0.06499	0.01266	0.01254	0.00890	0.00617	0.00513	0.00154	0.00559	0.00464	0.00519	0.00873
12	0.00726	0.00524	0.00686	0.00646	0.00767	0.00484	0.00484	0.00968	0.01452	0.02058	0.78496	0.03833	0.04841	0.01049	0.00605	0.00161	0.00242	0.00928	0.00565	0.00484
13	0.00645	0.00464	0.00613	0.00712	0.00760	0.00433	0.00491	0.00758	0.01046	0.01399	0.10600	0.67466	0.06059	0.01531	0.00651	0.00204	0.00299	0.04957	0.00485	0.00427
14	0.00631	0.00451	0.00603	0.00722	0.00754	0.00422	0.00487	0.00725	0.00989	0.01317	0.02825	0.79263	0.03380	0.01602	0.00657	0.00209	0.00303	0.03766	0.00476	0.00419
15	0.00968	0.00872	0.01441	0.73291	0.03262	0.01079	0.01326	0.01300	0.01031	0.01367	0.00983	0.01419	0.00743	0.00521	0.00499	0.00166	0.00643	0.00458	0.08073	0.00561
16	0.02271	0.00923	0.01222	0.00937	0.01335	0.00829	0.00774	0.09135	0.01553	0.72369	0.01954	0.01701	0.01235	0.00633	0.00516	0.00158	0.00448	0.00511	0.00624	0.00873
17	0.01211	0.01384	0.03028	0.02163	0.02682	0.01298	0.76903	0.01644	0.01211	0.01644	0.01038	0.01384	0.00779	0.00433	0.00606	0.00173	0.00865	0.00606	0.00260	0.00692
18	0.01382	0.34394	0.24156	0.01026	0.01513	0.01367	0.01102	0.01686	0.01183	0.16601	0.09761	0.01416	0.01245	0.00560	0.00442	0.00140	0.00553	0.00425	0.00338	0.00709
19	0.00744	0.00566	0.00846	0.00839	0.00928	0.00668	0.00655	0.00925	0.00824	0.01192	0.01355	0.01990	0.01265	0.03765	0.77716	0.00808	0.03632	0.00547	0.00273	0.00461
20	0.05489	0.16865	0.01453	0.00948	0.01293	0.04479	0.00804	0.13474	0.10044	0.24889	0.04956	0.01950	0.03550	0.00691	0.00491	0.00156	0.00483	0.06777	0.00472	0.00736
21	0.01266	0.01183	0.01865	0.01457	0.01833	0.01239	0.30174	0.02238	0.42952	0.04550	0.04405	0.01772	0.01369	0.00605	0.00557	0.00173	0.00578	0.00600	0.00426	0.00756
22	0.00891	0.00446	0.00668	0.00668	0.00668	0.00446	0.00446	0.00668	0.00668	0.00891	0.00891	0.01560	0.00891	0.01783	0.02005	0.85071	0.00446	0.00446	0.00223	0.00223
23	0.01316	0.01173	0.01573	0.01941	0.34005	0.01272	0.01144	0.06895	0.40783	0.02016	0.01561	0.01600	0.01205	0.00590	0.00516	0.00164	0.00502	0.00521	0.00408	0.00816
24	0.00733	0.00544	0.00775	0.00815	0.00904	0.00592	0.00631	0.00930	0.02457	0.01308	0.03362	0.19325	0.03574	0.02840	0.46504	0.00567	0.00948	0.12369	0.00362	0.00459
25	0.01901	0.01408	0.01513	0.01157	0.01570	0.01541	0.00955	0.72847	0.02338	0.03147	0.01214	0.01223	0.00866	0.00603	0.00506	0.00150	0.00554	0.00453	0.00502	0.05551
26	0.01877	0.01382	0.01487	0.01155	0.01544	0.01526	0.00948	0.72815	0.02333	0.03127	0.01321	0.05698	0.01013	0.00671	0.00521	0.00157	0.00550	0.00517	0.00511	0.00847
27	0.01225	0.01049	0.01102	0.00990	0.01271	0.01193	0.00770	0.05108	0.66588	0.02099	0.02408	0.02230	0.10186	0.00761	0.00531	0.00173	0.00395	0.00632	0.00517	0.00772
28	0.00856	0.00583	0.00740	0.00739	0.00787	0.00616	0.00510	0.03610	0.05897	0.01253	0.03292	0.21780	0.01957	0.23812	0.01602	0.22904	0.04898	0.03419	0.00355	0.00389
29	0.01230	0.01283	0.02500	0.06027	0.40074	0.01252	0.36672	0.01595	0.01182	0.01645	0.00997	0.01327	0.00791	0.00448	0.00554	0.00163	0.00732	0.00526	0.00255	0.00746
30	0.00739	0.00528	0.00713	0.00713	0.00766	0.00581	0.00502	0.00845	0.00792	0.01108	0.01477	0.02582	0.01528	0.36793	0.47326	0.00687	0.01005	0.00633	0.00290	0.00396
