[name]
unknown

[dist]
# distance from previous block
# <min> <max>
0	135

[block]
# block no. 0 follows, 40 sequences, length 12
# corresponding to MSA columns:
# 135-146
name=unknown_A
#
# <colnr> <probs for GDERKNQSTAVLIFYWHMCP>
#	G	D	E	R	K	N	Q	S	T	A	V	L	I	F	Y	W	H	M	C	P
0	0.00937	0.00669	0.00937	0.01071	0.01205	0.00669	0.00937	0.01205	0.01339	0.01740	0.03079	0.06560	0.03347	0.01606	0.00803	0.00268	0.00535	0.72021	0.00535	0.00535
1	0.01555	0.79913	0.03047	0.00995	0.01493	0.02301	0.00995	0.01741	0.01182	0.01368	0.00808	0.00933	0.00746	0.00498	0.00373	0.00124	0.00622	0.00311	0.00249	0.00746
2	0.00709	0.00506	0.00675	0.00810	0.00843	0.00472	0.00540	0.00810	0.01113	0.01484	0.03205	0.79184	0.03846	0.01822	0.00742	0.00236	0.00337	0.01653	0.00540	0.00472
3	0.00823	0.00594	0.00777	0.00732	0.00869	0.00549	0.00549	0.01097	0.01646	0.02332	0.75629	0.04344	0.05487	0.01189	0.00686	0.00183	0.00274	0.01052	0.00640	0.00549
4	0.01555	0.79913	0.03047	0.00995	0.01493	0.02301	0.00995	0.01741	0.01182	0.01368	0.00808	0.00933	0.00746	0.00498	0.00373	0.00124	0.00622	0.00311	0.00249	0.00746
5	0.00687	0.00589	0.00589	0.00589	0.00785	0.00491	0.00442	0.00835	0.01325	0.01571	0.05891	0.05596	0.75700	0.01473	0.00687	0.00196	0.00295	0.01227	0.00540	0.00491
6	0.01555	0.79913	0.03047	0.00995	0.01493	0.02301	0.00995	0.01741	0.01182	0.01368	0.00808	0.00933	0.00746	0.00498	0.00373	0.00124	0.00622	0.00311	0.00249	0.00746
7	0.01393	0.01510	0.03097	0.02800	0.25819	0.01443	0.51311	0.01838	0.01357	0.01874	0.01151	0.01528	0.00894	0.00499	0.00652	0.00189	0.00890	0.00634	0.00292	0.00827
8	0.00823	0.00594	0.00777	0.00732	0.00869	0.00549	0.00549	0.01097	0.01646	0.02332	0.75629	0.04344	0.05487	0.01189	0.00686	0.00183	0.00274	0.01052	0.00640	0.00549
9	0.00709	0.00506	0.00675	0.00810	0.00843	0.00472	0.00540	0.00810	0.01113	0.01484	0.03205	0.79184	0.03846	0.01822	0.00742	0.00236	0.00337	0.01653	0.00540	0.00472
10	0.01555	0.79913	0.03047	0.00995	0.01493	0.02301	0.00995	0.01741	0.01182	0.01368	0.00808	0.00933	0.00746	0.00498	0.00373	0.00124	0.00622	0.00311	0.00249	0.00746
11	0.01979	0.26878	0.02085	0.01341	0.01702	0.53814	0.01083	0.02141	0.01502	0.01406	0.00871	0.01012	0.00748	0.00567	0.00477	0.00142	0.00915	0.00355	0.00284	0.00697

[dist]
# distance from previous block
# <min> <max>
0	4

[block]
# block no. 1 follows, 40 sequences, length 13
# corresponding to MSA columns:
# 151-163
name=unknown_B
#
# <colnr> <probs for GDERKNQSTAVLIFYWHMCP>
#	G	D	E	R	K	N	Q	S	T	A	V	L	I	F	Y	W	H	M	C	P
0	0.00885	0.01500	0.30417	0.01109	0.01491	0.00820	0.01156	0.01218	0.01190	0.01638	0.02764	0.37486	0.13490	0.01271	0.00660	0.00210	0.00536	0.01109	0.00424	0.00627
1	0.01791	0.02026	0.38775	0.01565	0.08491	0.01147	0.01578	0.02250	0.01418	0.32857	0.01569	0.01559	0.01045	0.00619	0.00568	0.00181	0.00693	0.00502	0.00447	0.00919
2	0.02019	0.01004	0.06344	0.01019	0.01390	0.00790	0.00862	0.02243	0.01492	0.51900	0.02443	0.21852	0.02012	0.00993	0.00623	0.00195	0.00479	0.00850	0.00641	0.00847
3	0.01968	0.29043	0.07246	0.01239	0.01689	0.24736	0.01102	0.10155	0.01581	0.14389	0.01170	0.01217	0.00891	0.00592	0.00491	0.00151	0.00749	0.00409	0.00381	0.00800
4	0.01437	0.02756	0.50315	0.01567	0.02234	0.19453	0.01767	0.02095	0.09529	0.01808	0.01156	0.01290	0.00855	0.00590	0.00550	0.00177	0.00860	0.00442	0.00297	0.00822
5	0.01349	0.19243	0.22958	0.01627	0.02150	0.01667	0.18710	0.01895	0.09401	0.01740	0.01127	0.01355	0.00893	0.00623	0.00757	0.00186	0.12727	0.00502	0.00298	0.00789
6	0.01521	0.20216	0.05514	0.05748	0.01905	0.13035	0.15356	0.01783	0.01332	0.09872	0.01555	0.16639	0.01462	0.00804	0.00574	0.00177	0.00708	0.00706	0.00376	0.00715
7	0.19966	0.01501	0.10157	0.13377	0.07347	0.01418	0.13552	0.13709	0.06946	0.04817	0.01214	0.01409	0.00898	0.00588	0.00547	0.00185	0.00685	0.00505	0.00381	0.00797
8	0.01574	0.01660	0.01737	0.29919	0.13356	0.24836	0.01362	0.07590	0.05288	0.01787	0.04547	0.01528	0.01075	0.00626	0.00568	0.00175	0.00797	0.00505	0.00336	0.00732
9	0.01853	0.01625	0.01626	0.01588	0.12068	0.19988	0.01115	0.20013	0.01767	0.11521	0.05062	0.01845	0.07071	0.00771	0.00728	0.00180	0.09354	0.00572	0.00451	0.00803
10	0.01676	0.10099	0.11013	0.04663	0.06780	0.01246	0.01105	0.09809	0.09288	0.21045	0.06965	0.02084	0.07244	0.00739	0.00566	0.00174	0.00560	0.00601	0.00496	0.03847
11	0.04698	0.01143	0.10592	0.01044	0.01421	0.00885	0.00922	0.02096	0.08609	0.33672	0.06557	0.19280	0.02113	0.00965	0.00610	0.00192	0.00485	0.00822	0.00578	0.03316
12	0.07748	0.01563	0.12148	0.01438	0.06837	0.09595	0.07463	0.06077	0.05945	0.18865	0.05451	0.06611	0.01447	0.00717	0.00572	0.00177	0.00641	0.00604	0.00460	0.05643

[dist]
# distance from previous block
# <min> <max>
20	55

[block]
# block no. 2 follows, 40 sequences, length 24
# corresponding to MSA columns:
# 247-270
name=unknown_C
#
# <colnr> <probs for GDERKNQSTAVLIFYWHMCP>
#	G	D	E	R	K	N	Q	S	T	A	V	L	I	F	Y	W	H	M	C	P
0	0.03938	0.03982	0.04396	0.01629	0.18629	0.01140	0.02488	0.05955	0.02587	0.16465	0.01546	0.04886	0.01350	0.16320	0.01148	0.00256	0.07102	0.00618	0.00417	0.05147
1	0.14332	0.01302	0.01929	0.02614	0.48558	0.01326	0.01420	0.05745	0.03841	0.09868	0.01232	0.01436	0.00961	0.00559	0.00541	0.00174	0.00617	0.00495	0.00371	0.02678
2	0.02158	0.01218	0.01710	0.01837	0.23506	0.01184	0.01172	0.13989	0.04376	0.40010	0.01798	0.01733	0.01226	0.00659	0.00582	0.00178	0.00575	0.00558	0.00565	0.00967
3	0.16003	0.01533	0.01212	0.01108	0.01380	0.24014	0.00843	0.11389	0.08956	0.02083	0.01673	0.19350	0.01612	0.00904	0.00554	0.00181	0.00623	0.00715	0.03549	0.02318
4	0.00835	0.00578	0.00702	0.00680	0.00745	0.00557	0.00445	0.00964	0.01223	0.01696	0.36653	0.04060	0.03706	0.42582	0.01887	0.00384	0.00427	0.00943	0.00488	0.00445
5	0.00887	0.00681	0.00945	0.01039	0.09114	0.00638	0.00681	0.01165	0.01601	0.02261	0.65304	0.04063	0.07136	0.01124	0.00674	0.00182	0.00321	0.00998	0.00598	0.00588
6	0.33425	0.19766	0.01625	0.01033	0.01423	0.19694	0.00865	0.02025	0.01289	0.12631	0.01044	0.01116	0.00802	0.00570	0.00435	0.00160	0.00640	0.00367	0.00371	0.00719
7	0.00966	0.00777	0.01144	0.01389	0.18272	0.00742	0.00835	0.01257	0.01571	0.02232	0.58349	0.03670	0.04428	0.01033	0.00660	0.00181	0.00371	0.00928	0.00558	0.00635
8	0.01985	0.01922	0.19071	0.01399	0.01955	0.01659	0.01337	0.54287	0.02340	0.06287	0.01352	0.01382	0.00949	0.00665	0.00575	0.00177	0.00685	0.00504	0.00510	0.00959
9	0.01397	0.01517	0.02838	0.02101	0.02606	0.04603	0.53692	0.02087	0.15939	0.01944	0.01474	0.04464	0.01161	0.00602	0.00663	0.00196	0.00857	0.00702	0.00362	0.00795
10	0.20030	0.00717	0.00795	0.00739	0.00928	0.00724	0.00567	0.01239	0.01494	0.02396	0.58283	0.03556	0.04361	0.01038	0.00610	0.00182	0.00315	0.00881	0.00575	0.00567
11	0.00814	0.00550	0.00644	0.00675	0.00683	0.00543	0.00396	0.00837	0.00908	0.01210	0.02151	0.21281	0.02516	0.61540	0.02446	0.00488	0.00511	0.01033	0.00396	0.00380
12	0.02013	0.02144	0.01594	0.01387	0.01733	0.41557	0.01072	0.19703	0.18888	0.02195	0.01359	0.01392	0.01045	0.00667	0.00554	0.00167	0.00814	0.00476	0.00435	0.00807
13	0.02211	0.01629	0.01745	0.01338	0.01803	0.01803	0.01105	0.73997	0.02734	0.03665	0.01396	0.01396	0.00989	0.00698	0.00582	0.00175	0.00640	0.00524	0.00582	0.00989
14	0.00709	0.00506	0.00675	0.00810	0.00843	0.00472	0.00540	0.00810	0.01113	0.01484	0.03205	0.79184	0.03846	0.01822	0.00742	0.00236	0.00337	0.01653	0.00540	0.00472
15	0.01901	0.37479	0.02305	0.01233	0.01661	0.25774	0.01061	0.18675	0.01688	0.01918	0.00973	0.01077	0.00803	0.00576	0.00469	0.00144	0.00760	0.00380	0.00342	0.00780
16	0.01621	0.46792	0.17285	0.01243	0.01766	0.19484	0.01253	0.01896	0.01299	0.01475	0.00876	0.01018	0.00745	0.00532	0.00444	0.00142	0.00768	0.00349	0.00260	0.00752
17	0.00797	0.00615	0.00854	0.00854	0.00980	0.00672	0.00661	0.00991	0.01025	0.01401	0.02562	0.03052	0.18667	0.03692	0.59507	0.00763	0.01265	0.00763	0.00364	0.00513
18	0.01140	0.00979	0.01455	0.25380	0.02209	0.01085	0.08528	0.01789	0.18398	0.02022	0.19356	0.02434	0.02228	0.00776	0.00600	0.00186	0.00548	0.00698	0.09499	0.00689
19	0.01558	0.02005	0.12397	0.01785	0.17494	0.32340	0.01279	0.01854	0.01518	0.01796	0.18286	0.01922	0.01882	0.00712	0.00577	0.00167	0.00766	0.00570	0.00368	0.00724
20	0.02092	0.02065	0.01990	0.01608	0.02010	0.41334	0.17913	0.02338	0.01588	0.19506	0.01298	0.01393	0.00946	0.00603	0.00576	0.00168	0.00900	0.00497	0.00399	0.00775
21	0.20852	0.00873	0.00921	0.00844	0.01079	0.00938	0.00654	0.01706	0.18468	0.02422	0.40687	0.03024	0.03461	0.00940	0.00586	0.00186	0.00360	0.00783	0.00562	0.00654
22	0.21050	0.04499	0.14948	0.19706	0.22256	0.01376	0.04818	0.01709	0.01186	0.01942	0.00996	0.01296	0.00777	0.00542	0.00519	0.00181	0.00693	0.00453	0.00290	0.00764
23	0.01863	0.01488	0.01793	0.01821	0.18925	0.01627	0.01222	0.41584	0.18354	0.02983	0.01541	0.01577	0.01147	0.00676	0.00583	0.00179	0.00612	0.00552	0.00516	0.00958

[dist]
# distance from previous block
# <min> <max>
99	217

[block]
# block no. 3 follows, 40 sequences, length 10
# corresponding to MSA columns:
# 535-544
name=unknown_D
#
# <colnr> <probs for GDERKNQSTAVLIFYWHMCP>
#	G	D	E	R	K	N	Q	S	T	A	V	L	I	F	Y	W	H	M	C	P
0	0.01500	0.55633	0.21219	0.01193	0.01768	0.07085	0.01290	0.01805	0.01224	0.01490	0.00873	0.01014	0.00744	0.00518	0.00428	0.00141	0.00710	0.00345	0.00251	0.00770
1	0.00755	0.00562	0.00770	0.00836	0.00915	0.00576	0.00604	0.00904	0.01065	0.01440	0.02839	0.40275	0.10767	0.02802	0.31421	0.00512	0.00822	0.01193	0.00448	0.00493
2	0.01799	0.00852	0.01117	0.00925	0.01240	0.00780	0.00737	0.02158	0.07544	0.40718	0.31709	0.02943	0.03090	0.00913	0.00626	0.00183	0.00404	0.00778	0.00678	0.00807
3	0.01006	0.00742	0.01098	0.01004	0.01169	0.00728	0.07335	0.01290	0.04645	0.06958	0.29609	0.29978	0.03769	0.01301	0.00755	0.00209	0.04016	0.03238	0.00556	0.00594
4	0.50741	0.32720	0.01734	0.00857	0.01272	0.01704	0.00776	0.01722	0.01067	0.02111	0.00809	0.00940	0.00676	0.00523	0.00365	0.00158	0.00519	0.00313	0.00315	0.00676
5	0.01113	0.00858	0.00992	0.00981	0.01153	0.00914	0.00719	0.11776	0.20469	0.02039	0.02731	0.48190	0.02904	0.01395	0.00680	0.00217	0.00412	0.01235	0.00559	0.00662
6	0.02211	0.01629	0.01745	0.01338	0.01803	0.01803	0.01105	0.73997	0.02734	0.03665	0.01396	0.01396	0.00989	0.00698	0.00582	0.00175	0.00640	0.00524	0.00582	0.00989
7	0.02211	0.01629	0.01745	0.01338	0.01803	0.01803	0.01105	0.73997	0.02734	0.03665	0.01396	0.01396	0.00989	0.00698	0.00582	0.00175	0.00640	0.00524	0.00582	0.00989
8	0.00762	0.00613	0.00693	0.00733	0.00911	0.00544	0.00590	0.00945	0.01329	0.01622	0.05051	0.05884	0.54094	0.01513	0.00722	0.00218	0.00366	0.22367	0.00539	0.00504
9	0.01904	0.01477	0.01573	0.01276	0.01687	0.01660	0.01031	0.45562	0.31668	0.03171	0.01785	0.01706	0.01304	0.00735	0.00586	0.00184	0.00568	0.00577	0.00586	0.00961

[dist]
# distance from previous block
# <min> <max>
6	31

[block]
# block no. 4 follows, 40 sequences, length 6
# corresponding to MSA columns:
# 587-592
name=unknown_E
#
# <colnr> <probs for GDERKNQSTAVLIFYWHMCP>
#	G	D	E	R	K	N	Q	S	T	A	V	L	I	F	Y	W	H	M	C	P
0	0.07926	0.01250	0.01771	0.01330	0.01769	0.01219	0.16915	0.16232	0.01559	0.02315	0.08569	0.01622	0.01330	0.00620	0.00631	0.00156	0.05503	0.00535	0.00407	0.28339
1	0.06422	0.07400	0.17723	0.01017	0.01313	0.00923	0.00967	0.01254	0.01107	0.01647	0.01958	0.29865	0.02059	0.01790	0.16132	0.00347	0.00726	0.00905	0.05842	0.00604
2	0.01482	0.10323	0.37644	0.01944	0.17137	0.18180	0.01733	0.01926	0.01335	0.01714	0.00998	0.01202	0.00778	0.00550	0.00533	0.00168	0.00843	0.00424	0.00266	0.00820
3	0.01273	0.01228	0.01105	0.01050	0.01259	0.16364	0.00783	0.01926	0.25182	0.01993	0.20855	0.19473	0.02966	0.01080	0.00635	0.00193	0.00505	0.00920	0.00533	0.00677
4	0.01604	0.01297	0.01412	0.01128	0.01559	0.01341	0.00903	0.24320	0.29135	0.02638	0.01642	0.01623	0.01241	0.00646	0.00537	0.00155	0.00506	0.00516	0.00509	0.27289
5	0.01491	0.00916	0.01108	0.00955	0.01265	0.00863	0.00738	0.06095	0.13351	0.20881	0.05337	0.22597	0.05210	0.01020	0.00608	0.00181	0.00427	0.00879	0.00565	0.15510

[dist]
# distance from previous block
# <min> <max>
1	2

[block]
# block no. 5 follows, 40 sequences, length 6
# corresponding to MSA columns:
# 595-600
name=unknown_F
#
# <colnr> <probs for GDERKNQSTAVLIFYWHMCP>
#	G	D	E	R	K	N	Q	S	T	A	V	L	I	F	Y	W	H	M	C	P
0	0.02067	0.18814	0.02031	0.01263	0.01735	0.01913	0.01081	0.58135	0.02393	0.03161	0.01267	0.01294	0.00936	0.00654	0.00536	0.00164	0.00636	0.00477	0.00509	0.00936
1	0.01544	0.01034	0.01207	0.01031	0.01330	0.01080	0.00822	0.18191	0.17954	0.13647	0.27994	0.02972	0.02942	0.00943	0.00633	0.00188	0.00444	0.04627	0.00623	0.00794
2	0.00808	0.00665	0.01036	0.01011	0.01144	0.00617	0.09908	0.00978	0.01191	0.01564	0.03284	0.54191	0.12713	0.01590	0.00733	0.00228	0.00429	0.06884	0.00508	0.00519
3	0.49235	0.04590	0.01374	0.04014	0.01537	0.01437	0.06445	0.17556	0.01445	0.02675	0.04153	0.01259	0.00945	0.00598	0.00457	0.00178	0.00545	0.00428	0.00407	0.00723
4	0.01594	0.01801	0.02364	0.12284	0.24583	0.23910	0.21382	0.01927	0.01413	0.01695	0.01051	0.01373	0.00841	0.00543	0.00592	0.00175	0.00888	0.00522	0.00289	0.00775
5	0.01271	0.18274	0.06353	0.00997	0.01329	0.01083	0.05463	0.01559	0.01502	0.11621	0.40222	0.02914	0.03327	0.00891	0.00596	0.00171	0.00461	0.00766	0.00517	0.00684

[dist]
# distance from previous block
# <min> <max>
0	3

[block]
# block no. 6 follows, 40 sequences, length 7
# corresponding to MSA columns:
# 604-610
name=unknown_G
#
# <colnr> <probs for GDERKNQSTAVLIFYWHMCP>
#	G	D	E	R	K	N	Q	S	T	A	V	L	I	F	Y	W	H	M	C	P
0	0.00709	0.00506	0.00675	0.00810	0.00843	0.00472	0.00540	0.00810	0.01113	0.01484	0.03205	0.79184	0.03846	0.01822	0.00742	0.00236	0.00337	0.01653	0.00540	0.00472
1	0.01802	0.01944	0.22082	0.01400	0.01951	0.01622	0.01360	0.42832	0.14005	0.02968	0.01457	0.01475	0.01047	0.00673	0.00575	0.00181	0.00671	0.00520	0.00492	0.00943
2	0.15999	0.19130	0.36916	0.01403	0.02052	0.01538	0.08384	0.01842	0.01208	0.05133	0.01018	0.01179	0.00764	0.00540	0.00493	0.00171	0.00731	0.00415	0.00292	0.00793
3	0.01357	0.10387	0.19310	0.01189	0.01647	0.01345	0.01173	0.15796	0.15074	0.02193	0.02384	0.02684	0.14551	0.00882	0.00593	0.00188	0.00586	0.07422	0.00455	0.00787
4	0.01756	0.01867	0.14731	0.01346	0.01798	0.11808	0.01212	0.31755	0.16874	0.02628	0.01597	0.07194	0.01282	0.00760	0.00583	0.00182	0.00675	0.00597	0.00483	0.00871
5	0.01698	0.07966	0.11109	0.01232	0.01674	0.04303	0.01108	0.37202	0.09027	0.02714	0.04327	0.06116	0.07359	0.00809	0.00581	0.00178	0.00607	0.00639	0.00499	0.00851
6	0.01509	0.01406	0.01543	0.01252	0.01635	0.10882	0.09382	0.15851	0.19987	0.02248	0.02299	0.02286	0.14406	0.00785	0.00587	0.00171	0.00597	0.00658	0.00475	0.12042

[dist]
# distance from previous block
# <min> <max>
0	2

[block]
# block no. 7 follows, 40 sequences, length 8
# corresponding to MSA columns:
# 613-620
name=unknown_H
#
# <colnr> <probs for GDERKNQSTAVLIFYWHMCP>
#	G	D	E	R	K	N	Q	S	T	A	V	L	I	F	Y	W	H	M	C	P
0	0.01072	0.00830	0.00982	0.08774	0.01364	0.03291	0.00744	0.01496	0.13480	0.06867	0.09013	0.30176	0.14269	0.01253	0.00659	0.00203	0.00428	0.01095	0.00526	0.03479
1	0.01165	0.13045	0.17362	0.01074	0.01435	0.04021	0.01029	0.08857	0.01450	0.01938	0.16535	0.22041	0.05655	0.01052	0.00609	0.00187	0.00535	0.00891	0.00449	0.00673
2	0.01778	0.01253	0.01495	0.01192	0.01614	0.01275	0.04072	0.24588	0.17831	0.14272	0.01803	0.02035	0.01388	0.00733	0.00577	0.00172	0.00544	0.06172	0.00544	0.16659
3	0.01239	0.01638	0.17158	0.02014	0.10006	0.01238	0.34917	0.01699	0.01369	0.01939	0.12855	0.01896	0.01581	0.00611	0.00628	0.00181	0.00772	0.00649	0.00342	0.07268
4	0.01469	0.13637	0.01906	0.01382	0.04651	0.01477	0.11744	0.16576	0.21265	0.02241	0.02068	0.09945	0.07450	0.00831	0.00592	0.00184	0.00582	0.00723	0.00470	0.00806
5	0.01048	0.01366	0.16496	0.20891	0.02427	0.01074	0.15965	0.01438	0.01258	0.01718	0.09365	0.14217	0.05160	0.01010	0.03780	0.00228	0.00723	0.00805	0.00362	0.00667
6	0.01413	0.16862	0.15292	0.01429	0.06777	0.01366	0.06931	0.03663	0.11176	0.08317	0.06222	0.02319	0.01621	0.00761	0.00576	0.00181	0.00625	0.10187	0.00415	0.03867
7	0.05195	0.04534	0.06579	0.14750	0.07100	0.09081	0.01156	0.02111	0.18423	0.10820	0.04591	0.02231	0.04455	0.00767	0.00581	0.00188	0.00621	0.05598	0.00446	0.00773

[dist]
# distance from previous block
# <min> <max>
22	63

[block]
# block no. 8 follows, 40 sequences, length 7
# corresponding to MSA columns:
# 702-708
name=unknown_I
#
# <colnr> <probs for GDERKNQSTAVLIFYWHMCP>
#	G	D	E	R	K	N	Q	S	T	A	V	L	I	F	Y	W	H	M	C	P
0	0.01408	0.23329	0.32007	0.01470	0.05310	0.01488	0.06940	0.01821	0.01263	0.08727	0.01253	0.06422	0.01037	0.00626	0.00525	0.00167	0.00707	0.00513	0.00321	0.04667
1	0.01497	0.12380	0.08351	0.01459	0.01929	0.08469	0.19727	0.01815	0.01343	0.09416	0.05601	0.03669	0.01239	0.00625	0.00625	0.00162	0.04832	0.00549	0.00363	0.15949
2	0.10620	0.01331	0.05046	0.01306	0.01675	0.07378	0.14333	0.08575	0.01464	0.14638	0.02239	0.07145	0.14167	0.00862	0.00699	0.00192	0.06423	0.00718	0.00455	0.00734
3	0.01470	0.01087	0.01529	0.12214	0.17539	0.01060	0.01118	0.05675	0.06422	0.13135	0.01630	0.07215	0.01387	0.00725	0.00570	0.00168	0.00557	0.05251	0.00433	0.20814
4	0.04865	0.01104	0.01724	0.22245	0.22820	0.01164	0.06014	0.06507	0.01427	0.05083	0.12222	0.02282	0.08603	0.00741	0.00602	0.00184	0.00613	0.00666	0.00396	0.00740
5	0.01168	0.01013	0.01539	0.24647	0.02228	0.01101	0.07914	0.01528	0.05996	0.04464	0.05418	0.09330	0.01541	0.06929	0.00925	0.00216	0.09432	0.00680	0.00369	0.13561
6	0.01575	0.01332	0.02196	0.05732	0.02204	0.01356	0.29216	0.22257	0.01766	0.07519	0.09377	0.07147	0.01636	0.00752	0.00685	0.00192	0.03081	0.00724	0.00456	0.00798

[dist]
# distance from previous block
# <min> <max>
0	2

[block]
# block no. 9 follows, 40 sequences, length 30
# corresponding to MSA columns:
# 711-740
name=unknown_J
#
# <colnr> <probs for GDERKNQSTAVLIFYWHMCP>
#	G	D	E	R	K	N	Q	S	T	A	V	L	I	F	Y	W	H	M	C	P
0	0.00748	0.00565	0.00693	0.00727	0.00846	0.00510	0.00526	0.00927	0.01363	0.01805	0.28567	0.30219	0.25233	0.01499	0.00709	0.00207	0.00310	0.03467	0.00574	0.00506
1	0.24646	0.01218	0.01220	0.01145	0.03892	0.01404	0.00867	0.02657	0.51574	0.02465	0.01885	0.01800	0.01423	0.00710	0.00526	0.00192	0.00465	0.00556	0.00516	0.00838
2	0.00846	0.00564	0.00634	0.00634	0.00634	0.00564	0.00352	0.00846	0.00846	0.01128	0.01832	0.03805	0.02114	0.79563	0.02960	0.00564	0.00564	0.00846	0.00352	0.00352
3	0.11493	0.01311	0.22028	0.00885	0.01253	0.00866	0.00926	0.01537	0.01193	0.02131	0.01519	0.01749	0.01170	0.00625	0.00442	0.00155	0.00460	0.00482	0.49134	0.00643
4	0.02211	0.01629	0.01745	0.01338	0.01803	0.01803	0.01105	0.73997	0.02734	0.03665	0.01396	0.01396	0.00989	0.00698	0.00582	0.00175	0.00640	0.00524	0.00582	0.00989
5	0.01446	0.01249	0.01315	0.01183	0.01512	0.01446	0.00920	0.03090	0.74885	0.02433	0.02367	0.02170	0.01775	0.00789	0.00592	0.00197	0.00460	0.00657	0.00592	0.00920
6	0.00937	0.00669	0.00937	0.01071	0.01205	0.00669	0.00937	0.01205	0.01339	0.01740	0.03079	0.06560	0.03347	0.01606	0.00803	0.00268	0.00535	0.72021	0.00535	0.00535
7	0.01555	0.79913	0.03047	0.00995	0.01493	0.02301	0.00995	0.01741	0.01182	0.01368	0.00808	0.00933	0.00746	0.00498	0.00373	0.00124	0.00622	0.00311	0.00249	0.00746
8	0.01349	0.39113	0.42042	0.01346	0.02036	0.01797	0.01607	0.01795	0.01206	0.01619	0.00933	0.01089	0.00741	0.00527	0.00468	0.00156	0.00748	0.00374	0.00247	0.00806
9	0.00726	0.00591	0.00642	0.00629	0.00809	0.00507	0.00472	0.00909	0.01416	0.01786	0.25568	0.05243	0.55889	0.01393	0.00687	0.00193	0.00289	0.01178	0.00568	0.00507
10	0.02211	0.01629	0.01745	0.01338	0.01803	0.01803	0.01105	0.73997	0.02734	0.03665	0.01396	0.01396	0.00989	0.00698	0.00582	0.00175	0.00640	0.00524	0.00582	0.00989
11	0.01555	0.79913	0.03047	0.00995	0.01493	0.02301	0.00995	0.01741	0.01182	0.01368	0.00808	0.00933	0.00746	0.00498	0.00373	0.00124	0.00622	0.00311	0.00249	0.00746
12	0.01543	0.01228	0.01318	0.01171	0.01510	0.01397	0.00915	0.03069	0.68820	0.08554	0.02361	0.02154	0.01747	0.00783	0.00591	0.00196	0.00463	0.00651	0.00602	0.00926
13	0.01166	0.03008	0.76550	0.01657	0.02517	0.01351	0.02149	0.01842	0.01228	0.01842	0.01044	0.01228	0.00737	0.00552	0.00552	0.00184	0.00859	0.00430	0.00246	0.00859
14	0.00709	0.00506	0.00675	0.00810	0.00843	0.00472	0.00540	0.00810	0.01113	0.01484	0.03205	0.79184	0.03846	0.01822	0.00742	0.00236	0.00337	0.01653	0.00540	0.00472
15	0.01445	0.58214	0.23787	0.01182	0.01782	0.02033	0.01321	0.01770	0.01195	0.01502	0.00875	0.01016	0.00744	0.00513	0.00424	0.00141	0.00689	0.00344	0.00248	0.00778
16	0.02211	0.01629	0.01745	0.01338	0.01803	0.01803	0.01105	0.73997	0.02734	0.03665	0.01396	0.01396	0.00989	0.00698	0.00582	0.00175	0.00640	0.00524	0.00582	0.00989
17	0.00907	0.00656	0.00936	0.01032	0.01158	0.00686	0.00878	0.01158	0.01225	0.01630	0.02650	0.05353	0.02813	0.02384	0.22376	0.00456	0.00824	0.51876	0.00472	0.00531
18	0.00709	0.00506	0.00675	0.00810	0.00843	0.00472	0.00540	0.00810	0.01113	0.01484	0.03205	0.79184	0.03846	0.01822	0.00742	0.00236	0.00337	0.01653	0.00540	0.00472
19	0.01373	0.01569	0.03431	0.02451	0.03039	0.01471	0.73824	0.01863	0.01373	0.01863	0.01176	0.01569	0.00882	0.00490	0.00686	0.00196	0.00980	0.00686	0.00294	0.00784
20	0.01166	0.03008	0.76550	0.01657	0.02517	0.01351	0.02149	0.01842	0.01228	0.01842	0.01044	0.01228	0.00737	0.00552	0.00552	0.00184	0.00859	0.00430	0.00246	0.00859
21	0.00818	0.00601	0.00787	0.00876	0.00992	0.00570	0.00696	0.01020	0.01313	0.01719	0.13042	0.26608	0.15261	0.01591	0.00752	0.00236	0.00407	0.31646	0.00551	0.00512
22	0.01387	0.46701	0.34790	0.01281	0.01935	0.01891	0.01493	0.01785	0.01202	0.01573	0.00910	0.01060	0.00742	0.00521	0.00451	0.00150	0.00724	0.00362	0.00247	0.00795
23	0.01455	0.01400	0.22292	0.01054	0.01509	0.00858	0.01071	0.01795	0.01453	0.25606	0.13680	0.03025	0.20490	0.00931	0.00616	0.00186	0.00515	0.00771	0.00529	0.00762
24	0.01337	0.54132	0.05620	0.00932	0.01309	0.01774	0.00877	0.01499	0.01092	0.01328	0.01099	0.01707	0.01110	0.20359	0.03531	0.00263	0.00648	0.00460	0.00277	0.00646
25	0.01381	0.55768	0.12608	0.01095	0.01606	0.01900	0.04291	0.01642	0.01215	0.01480	0.01520	0.01610	0.10546	0.00632	0.00452	0.00145	0.00627	0.00463	0.00288	0.00730
26	0.01319	0.06426	0.17927	0.01140	0.01484	0.20795	0.01042	0.01572	0.01281	0.01574	0.10586	0.02238	0.01714	0.20763	0.03364	0.00284	0.00744	0.00593	0.00343	0.04810
27	0.01424	0.01464	0.10830	0.23327	0.02792	0.01321	0.23921	0.10829	0.01496	0.07785	0.03503	0.01878	0.03412	0.00649	0.00623	0.00192	0.00774	0.02634	0.00372	0.00773
28	0.01528	0.09434	0.33803	0.01339	0.01949	0.01435	0.01451	0.22135	0.01694	0.05836	0.05322	0.01639	0.04406	0.00664	0.00552	0.00171	0.00680	0.00516	0.00402	0.05042
29	0.16339	0.04750	0.03536	0.04001	0.01376	0.03174	0.02609	0.04855	0.04907	0.10587	0.25212	0.02646	0.02556	0.02767	0.00628	0.00188	0.00478	0.04289	0.00503	0.04598

[dist]
# distance from previous block
# <min> <max>
6	60

[block]
# block no. 10 follows, 40 sequences, length 6
# corresponding to MSA columns:
# 804-809
name=unknown_K
#
# <colnr> <probs for GDERKNQSTAVLIFYWHMCP>
#	G	D	E	R	K	N	Q	S	T	A	V	L	I	F	Y	W	H	M	C	P
0	0.01679	0.22178	0.10420	0.01206	0.01674	0.01398	0.07479	0.02172	0.12422	0.22403	0.01924	0.05481	0.05628	0.00728	0.00549	0.00173	0.00588	0.00603	0.00465	0.00828
1	0.15231	0.16649	0.14220	0.15026	0.08845	0.01577	0.09560	0.09015	0.01344	0.02009	0.01013	0.01255	0.00786	0.00549	0.00511	0.00173	0.00707	0.00449	0.00311	0.00772
2	0.01371	0.04473	0.30890	0.09821	0.11079	0.01320	0.01578	0.04893	0.01313	0.09594	0.01585	0.01756	0.07497	0.00708	0.00723	0.00190	0.09518	0.00546	0.00343	0.00802
3	0.01749	0.08831	0.19471	0.01257	0.01741	0.12383	0.01208	0.02356	0.16224	0.20896	0.06729	0.01771	0.01455	0.00688	0.00558	0.00175	0.00652	0.00539	0.00471	0.00846
4	0.06710	0.10594	0.01826	0.08177	0.01926	0.13673	0.01114	0.43865	0.02146	0.02796	0.01185	0.01277	0.00884	0.00640	0.00536	0.00167	0.00704	0.00463	0.00458	0.00860
5	0.00815	0.00639	0.00755	0.00694	0.00893	0.00552	0.00525	0.01042	0.01484	0.02011	0.42527	0.04462	0.30328	0.01211	0.00659	0.00177	0.00298	0.01040	0.00573	0.09317

[dist]
# distance from previous block
# <min> <max>
9	13

[block]
# block no. 11 follows, 40 sequences, length 26
# corresponding to MSA columns:
# 827-852
name=unknown_L
#
# <colnr> <probs for GDERKNQSTAVLIFYWHMCP>
#	G	D	E	R	K	N	Q	S	T	A	V	L	I	F	Y	W	H	M	C	P
0	0.05085	0.01522	0.01615	0.01258	0.01693	0.01683	0.01034	0.63538	0.05428	0.03455	0.01580	0.01577	0.03508	0.00721	0.00571	0.00175	0.00601	0.00545	0.03469	0.00941
1	0.10324	0.01657	0.01577	0.23996	0.02337	0.23985	0.01186	0.13467	0.01594	0.10903	0.01173	0.01358	0.00866	0.00628	0.00573	0.00176	0.02602	0.00463	0.00388	0.00748
2	0.22668	0.56704	0.05290	0.00961	0.01437	0.02008	0.00945	0.01737	0.01134	0.01706	0.00818	0.00947	0.00716	0.00510	0.00377	0.00141	0.00587	0.00316	0.00277	0.00721
3	0.01279	0.07894	0.18412	0.01668	0.02143	0.01410	0.26126	0.01679	0.01211	0.01775	0.01123	0.01441	0.00891	0.00617	0.00800	0.00184	0.14627	0.00530	0.10274	0.05912
4	0.01362	0.01405	0.01183	0.01127	0.01374	0.25863	0.00891	0.01575	0.01419	0.01683	0.07235	0.10169	0.02252	0.01057	0.00632	0.00188	0.00649	0.24365	0.00432	0.15137
5	0.01875	0.02841	0.23781	0.01545	0.02010	0.54807	0.01426	0.02180	0.01524	0.01547	0.00942	0.01102	0.00745	0.00585	0.00533	0.00160	0.00993	0.00391	0.00284	0.00729
6	0.13160	0.21761	0.03851	0.00882	0.01218	0.01193	0.00776	0.01650	0.01419	0.13678	0.31352	0.02489	0.02758	0.00820	0.00537	0.00167	0.00444	0.00658	0.00497	0.00691
7	0.01555	0.79913	0.03047	0.00995	0.01493	0.02301	0.00995	0.01741	0.01182	0.01368	0.00808	0.00933	0.00746	0.00498	0.00373	0.00124	0.00622	0.00311	0.00249	0.00746
8	0.01751	0.01760	0.01390	0.01247	0.01517	0.31958	0.00946	0.23341	0.01815	0.02113	0.01729	0.24241	0.01736	0.00990	0.00606	0.00183	0.00716	0.00797	0.00455	0.00709
9	0.00799	0.00571	0.00621	0.00621	0.00679	0.00542	0.00379	0.00842	0.00987	0.01259	0.03032	0.04335	0.23858	0.56488	0.02288	0.00455	0.00484	0.00958	0.00408	0.00393
10	0.02211	0.01629	0.01745	0.01338	0.01803	0.01803	0.01105	0.73997	0.02734	0.03665	0.01396	0.01396	0.00989	0.00698	0.00582	0.00175	0.00640	0.00524	0.00582	0.00989
11	0.01373	0.01569	0.03431	0.02451	0.03039	0.01471	0.73824	0.01863	0.01373	0.01863	0.01176	0.01569	0.00882	0.00490	0.00686	0.00196	0.00980	0.00686	0.00294	0.00784
12	0.02609	0.00990	0.01350	0.01035	0.01484	0.00855	0.00855	0.02834	0.01664	0.76338	0.02294	0.01979	0.01439	0.00720	0.00585	0.00180	0.00495	0.00585	0.00720	0.00990
13	0.02211	0.01629	0.01745	0.01338	0.01803	0.01803	0.01105	0.73997	0.02734	0.03665	0.01396	0.01396	0.00989	0.00698	0.00582	0.00175	0.00640	0.00524	0.00582	0.00989
14	0.01446	0.01249	0.01315	0.01183	0.01512	0.01446	0.00920	0.03090	0.74885	0.02433	0.02367	0.02170	0.01775	0.00789	0.00592	0.00197	0.00460	0.00657	0.00592	0.00920
15	0.00789	0.00568	0.00747	0.00755	0.00861	0.00526	0.00546	0.01012	0.01489	0.02082	0.54228	0.26458	0.05002	0.01376	0.00703	0.00199	0.00293	0.01229	0.00610	0.00526
16	0.01166	0.03008	0.76550	0.01657	0.02517	0.01351	0.02149	0.01842	0.01228	0.01842	0.01044	0.01228	0.00737	0.00552	0.00552	0.00184	0.00859	0.00430	0.00246	0.00859
17	0.00846	0.00564	0.00634	0.00634	0.00634	0.00564	0.00352	0.00846	0.00846	0.01128	0.01832	0.03805	0.02114	0.79563	0.02960	0.00564	0.00564	0.00846	0.00352	0.00352
18	0.02361	0.01708	0.01556	0.01262	0.01673	0.23706	0.01009	0.23996	0.01980	0.32436	0.01613	0.01530	0.01101	0.00678	0.00566	0.00169	0.00702	0.00504	0.00554	0.00896
19	0.01351	0.39593	0.41583	0.01342	0.02030	0.01803	0.01600	0.01794	0.01206	0.01616	0.00932	0.01087	0.00741	0.00526	0.00467	0.00156	0.00746	0.00373	0.00247	0.00806
20	0.00705	0.00521	0.00659	0.00770	0.00833	0.00476	0.00522	0.00814	0.01152	0.01500	0.03688	0.65950	0.16768	0.01759	0.00732	0.00229	0.00330	0.01577	0.00540	0.00476
21	0.01634	0.01112	0.01789	0.35866	0.22072	0.01186	0.01435	0.01962	0.01353	0.23712	0.01422	0.01648	0.01010	0.00606	0.00581	0.00184	0.00670	0.00537	0.00402	0.00819
22	0.01535	0.00980	0.01491	0.01209	0.01592	0.00864	0.11917	0.01822	0.01415	0.22871	0.04528	0.03167	0.01918	0.00894	0.00632	0.00186	0.00558	0.21668	0.00509	0.20243
23	0.20302	0.01311	0.01929	0.01495	0.01852	0.03175	0.21744	0.01767	0.02905	0.06852	0.01067	0.01337	0.00847	0.00652	0.00876	0.00192	0.20300	0.00501	0.00341	0.10555
24	0.01871	0.01965	0.29399	0.01376	0.01966	0.06361	0.03836	0.13458	0.01647	0.27054	0.01686	0.01662	0.03703	0.00665	0.00575	0.00180	0.00700	0.00530	0.00473	0.00895
25	0.01716	0.01297	0.05856	0.04288	0.01738	0.01271	0.05831	0.12828	0.25680	0.19660	0.02278	0.02187	0.08384	0.00791	0.00647	0.00191	0.03282	0.00653	0.00550	0.00873

[dist]
# distance from previous block
# <min> <max>
20	63

[block]
# block no. 12 follows, 40 sequences, length 11
# corresponding to MSA columns:
# 919-929
name=unknown_M
#
# <colnr> <probs for GDERKNQSTAVLIFYWHMCP>
#	G	D	E	R	K	N	Q	S	T	A	V	L	I	F	Y	W	H	M	C	P
0	0.00863	0.01351	0.26297	0.01096	0.01409	0.00769	0.01083	0.01158	0.01152	0.01605	0.02475	0.52859	0.02796	0.01393	0.00678	0.00219	0.00514	0.01240	0.00440	0.00603
1	0.01854	0.08216	0.23656	0.01404	0.01987	0.01711	0.01401	0.47252	0.02172	0.02952	0.01247	0.01310	0.00896	0.00640	0.00557	0.00173	0.00702	0.00479	0.00457	0.00932
2	0.55810	0.01761	0.26416	0.01066	0.01595	0.01320	0.01143	0.01754	0.01070	0.02350	0.00889	0.01040	0.00666	0.00544	0.00425	0.00181	0.00588	0.00354	0.00321	0.00707
3	0.13875	0.18165	0.01890	0.49535	0.03018	0.01513	0.01329	0.01576	0.01140	0.01633	0.00950	0.01323	0.00747	0.00557	0.00502	0.00177	0.00692	0.00441	0.00272	0.00665
4	0.01080	0.01066	0.04510	0.27714	0.23877	0.01062	0.01309	0.01401	0.01303	0.01736	0.10620	0.02702	0.17613	0.00825	0.00613	0.00187	0.00592	0.00729	0.00371	0.00690
5	0.00817	0.00629	0.00726	0.00749	0.00889	0.00574	0.00531	0.04937	0.01270	0.01636	0.03909	0.39129	0.30059	0.06346	0.00834	0.00231	0.00357	0.01319	0.00521	0.04536
6	0.24247	0.16508	0.12180	0.05182	0.01748	0.01476	0.07356	0.04341	0.01206	0.01958	0.01368	0.01817	0.05126	0.00712	0.00613	0.00186	0.06775	0.06167	0.00336	0.00697
7	0.22883	0.16367	0.16688	0.03585	0.01805	0.01476	0.07297	0.01974	0.10037	0.06829	0.01188	0.01298	0.00901	0.00567	0.00481	0.00169	0.00622	0.00435	0.00358	0.05040
8	0.01538	0.10593	0.24209	0.04729	0.18077	0.01498	0.01535	0.15910	0.01568	0.06309	0.04798	0.01482	0.01101	0.00626	0.00602	0.00176	0.03521	0.00499	0.00367	0.00861
9	0.08007	0.04226	0.19533	0.13087	0.02157	0.08303	0.03349	0.05234	0.07184	0.10555	0.02593	0.01460	0.01013	0.00598	0.00533	0.00169	0.00683	0.00474	0.00379	0.10462
10	0.03390	0.10471	0.21353	0.05660	0.01674	0.01059	0.02509	0.01444	0.01239	0.05045	0.04536	0.16575	0.13022	0.00940	0.00581	0.00180	0.00558	0.00792	0.00394	0.08578

[dist]
# distance from previous block
# <min> <max>
4	37

[block]
# block no. 13 follows, 40 sequences, length 15
# corresponding to MSA columns:
# 967-981
name=unknown_N
#
# <colnr> <probs for GDERKNQSTAVLIFYWHMCP>
#	G	D	E	R	K	N	Q	S	T	A	V	L	I	F	Y	W	H	M	C	P
0	0.04701	0.03402	0.30051	0.03338	0.01834	0.01102	0.01316	0.06633	0.01469	0.19406	0.11966	0.05546	0.01737	0.00745	0.00574	0.00179	0.00611	0.00610	0.00457	0.04322
1	0.01505	0.01354	0.02266	0.08358	0.02352	0.01352	0.32156	0.17842	0.04981	0.03911	0.01509	0.01728	0.03888	0.00608	0.00606	0.00177	0.00729	0.00612	0.05820	0.08244
2	0.01114	0.01040	0.01624	0.50971	0.03064	0.01277	0.01385	0.01427	0.01136	0.01544	0.04451	0.04225	0.01099	0.00720	0.00827	0.00197	0.15238	0.00563	0.00292	0.07807
3	0.01196	0.01034	0.01253	0.07585	0.01607	0.00820	0.00770	0.01466	0.01202	0.01859	0.01034	0.01236	0.00854	0.00444	0.00444	0.00095	0.00461	0.00360	0.00337	0.75945
4	0.01292	0.02133	0.32092	0.02140	0.02834	0.01424	0.45729	0.01854	0.01316	0.01854	0.01124	0.01435	0.00825	0.00515	0.00634	0.00191	0.00933	0.00586	0.00275	0.00814
5	0.01098	0.01034	0.01744	0.78165	0.04005	0.01292	0.01615	0.01486	0.01163	0.01486	0.01034	0.01550	0.00775	0.00581	0.00581	0.00194	0.00775	0.00517	0.00258	0.00646
6	0.01206	0.01034	0.01206	0.00861	0.01378	0.00775	0.00689	0.01464	0.01206	0.01895	0.01034	0.01206	0.00861	0.00431	0.00431	0.00086	0.00431	0.00345	0.00345	0.83118
7	0.01449	0.01417	0.02053	0.01630	0.02046	0.04341	0.25900	0.02640	0.46915	0.02199	0.01903	0.01921	0.01430	0.00679	0.00622	0.00195	0.00661	0.00657	0.00479	0.00864
8	0.01922	0.01485	0.01583	0.01280	0.01693	0.01669	0.01035	0.47217	0.29984	0.03200	0.01763	0.01688	0.01286	0.00732	0.00586	0.00183	0.00572	0.00574	0.00586	0.00963
9	0.00709	0.00506	0.00675	0.00810	0.00843	0.00472	0.00540	0.00810	0.01113	0.01484	0.03205	0.79184	0.03846	0.01822	0.00742	0.00236	0.00337	0.01653	0.00540	0.00472
10	0.01499	0.34636	0.31639	0.01382	0.01992	0.14269	0.03701	0.01880	0.01283	0.01578	0.00927	0.01087	0.00747	0.00536	0.00478	0.00154	0.00796	0.00379	0.00257	0.00780
11	0.00707	0.00512	0.00669	0.00795	0.00840	0.00474	0.00533	0.00811	0.01127	0.01490	0.03382	0.74342	0.08573	0.01799	0.00739	0.00234	0.00335	0.01625	0.00540	0.00474
12	0.24236	0.01613	0.01276	0.01076	0.01465	0.23626	0.00844	0.04792	0.07763	0.04946	0.01111	0.01209	0.00871	0.00563	0.00465	0.00147	0.00632	0.00389	0.00381	0.22596
13	0.36417	0.01332	0.01218	0.01041	0.01393	0.11469	0.02524	0.08157	0.03160	0.16548	0.01502	0.03428	0.03239	0.00714	0.00531	0.00183	0.02394	0.03556	0.00458	0.00735
14	0.16489	0.00880	0.01015	0.00894	0.01164	0.00900	0.04072	0.04965	0.07744	0.12289	0.05981	0.09316	0.11109	0.00985	0.02059	0.00198	0.00443	0.02808	0.16019	0.00671

[dist]
# distance from previous block
# <min> <max>
0	20

[block]
# block no. 14 follows, 40 sequences, length 12
# corresponding to MSA columns:
# 1003-1014
name=unknown_O
#
# <colnr> <probs for GDERKNQSTAVLIFYWHMCP>
#	G	D	E	R	K	N	Q	S	T	A	V	L	I	F	Y	W	H	M	C	P
0	0.01557	0.01017	0.01253	0.02726	0.01403	0.05238	0.05248	0.06551	0.07621	0.22557	0.13201	0.11279	0.09824	0.03585	0.02516	0.00217	0.00525	0.00838	0.00561	0.02284
1	0.22392	0.01400	0.12848	0.01201	0.01641	0.01185	0.08211	0.11292	0.01376	0.09122	0.01365	0.06487	0.01125	0.01133	0.10222	0.00273	0.00726	0.00550	0.00403	0.07047
2	0.01909	0.04290	0.13745	0.01524	0.02016	0.21572	0.10894	0.19509	0.05913	0.11007	0.01323	0.01400	0.00962	0.00623	0.00571	0.00173	0.00800	0.00499	0.00423	0.00847
3	0.01890	0.08751	0.01671	0.01243	0.01614	0.17521	0.04029	0.24604	0.01837	0.12831	0.01620	0.13400	0.01412	0.00816	0.00574	0.00172	0.00664	0.00655	0.00482	0.04214
4	0.11912	0.01122	0.01272	0.01035	0.01446	0.01125	0.00833	0.05569	0.24786	0.29202	0.01901	0.01768	0.01338	0.00674	0.00535	0.00171	0.00474	0.00535	0.00571	0.13730
5	0.32987	0.01289	0.08216	0.01106	0.01554	0.01131	0.09741	0.04584	0.01199	0.02195	0.01188	0.08593	0.01053	0.00635	0.00482	0.00163	0.00544	0.00515	0.00364	0.22460
6	0.05238	0.01338	0.02037	0.01565	0.01936	0.01444	0.24326	0.20512	0.05817	0.02336	0.01596	0.01803	0.05859	0.00728	0.00803	0.00193	0.12813	0.00619	0.08263	0.00773
7	0.01362	0.01417	0.05501	0.01644	0.02080	0.01400	0.26633	0.02242	0.29621	0.02041	0.01572	0.01712	0.01206	0.00651	0.00729	0.00188	0.08097	0.00605	0.00409	0.10889
8	0.01293	0.19316	0.14947	0.01176	0.01755	0.01285	0.07712	0.01629	0.01219	0.01763	0.00997	0.01181	0.00815	0.00472	0.00462	0.00122	0.00599	0.00383	0.00301	0.42571
9	0.01237	0.09447	0.33819	0.01360	0.02028	0.01230	0.08042	0.01689	0.01228	0.01819	0.01029	0.01222	0.00799	0.00495	0.00501	0.00142	0.00683	0.00409	0.00288	0.32532
10	0.12206	0.01287	0.01330	0.01078	0.01494	0.05845	0.00865	0.13551	0.19567	0.18414	0.01652	0.01595	0.01193	0.00646	0.00524	0.00163	0.00524	0.00499	0.00522	0.17044
11	0.05960	0.01229	0.01575	0.01234	0.01663	0.02634	0.10546	0.15148	0.10612	0.07277	0.03854	0.02030	0.01395	0.00691	0.00563	0.00163	0.00568	0.07064	0.00463	0.25331

[dist]
# distance from previous block
# <min> <max>
13	49

[block]
# block no. 15 follows, 40 sequences, length 12
# corresponding to MSA columns:
# 1075-1086
name=unknown_P
#
# <colnr> <probs for GDERKNQSTAVLIFYWHMCP>
#	G	D	E	R	K	N	Q	S	T	A	V	L	I	F	Y	W	H	M	C	P
0	0.01690	0.16592	0.11009	0.07614	0.01832	0.05692	0.01105	0.05424	0.07534	0.18666	0.01435	0.02823	0.01076	0.00613	0.00514	0.00156	0.00610	0.00477	0.00424	0.14716
1	0.17683	0.19017	0.09295	0.01066	0.01498	0.01344	0.04227	0.01878	0.07385	0.12528	0.01829	0.03705	0.07530	0.00748	0.00516	0.00175	0.00551	0.05124	0.00421	0.03481
2	0.03730	0.03417	0.25715	0.01333	0.01864	0.01105	0.07328	0.02116	0.06161	0.25809	0.06029	0.04594	0.01597	0.00767	0.00599	0.00191	0.00638	0.05690	0.00480	0.00837
3	0.01495	0.31630	0.10924	0.01090	0.01526	0.11287	0.01034	0.09146	0.01477	0.04160	0.06591	0.02075	0.13838	0.00755	0.00516	0.00158	0.00625	0.00567	0.00379	0.00727
4	0.09663	0.20368	0.03346	0.00969	0.01408	0.06650	0.00834	0.01772	0.01270	0.12692	0.01313	0.07709	0.01133	0.00631	0.00468	0.00138	0.00535	0.00482	0.00389	0.28231
5	0.01271	0.13142	0.11857	0.00976	0.01366	0.01094	0.00911	0.06718	0.06104	0.09209	0.06250	0.09219	0.22938	0.00979	0.00587	0.00177	0.00489	0.00803	0.00472	0.05441
6	0.01509	0.10713	0.15338	0.07920	0.02230	0.06222	0.18858	0.07041	0.04762	0.09576	0.01731	0.01855	0.08314	0.00666	0.00585	0.00179	0.00739	0.00594	0.00380	0.00788
7	0.13202	0.01887	0.01597	0.01306	0.01710	0.23267	0.01046	0.43773	0.02188	0.02882	0.01175	0.01236	0.00872	0.00648	0.00535	0.00168	0.00731	0.00453	0.00471	0.00851
8	0.01255	0.15365	0.23468	0.01116	0.01730	0.01209	0.01167	0.01622	0.01208	0.01788	0.00997	0.01165	0.00805	0.00478	0.00456	0.00121	0.00589	0.00363	0.00299	0.44798
9	0.00739	0.00581	0.00667	0.00667	0.00822	0.00510	0.00492	0.00927	0.01416	0.01836	0.30826	0.13854	0.41769	0.01411	0.00693	0.00196	0.00292	0.01214	0.00576	0.00510
10	0.02007	0.00901	0.01226	0.01016	0.01356	0.00860	0.00822	0.02328	0.06692	0.49163	0.02084	0.02082	0.01468	0.01788	0.22962	0.00401	0.00803	0.00601	0.00591	0.00847
11	0.01344	0.02514	0.58277	0.01507	0.02238	0.01255	0.01825	0.02006	0.06548	0.11118	0.01395	0.05037	0.01044	0.00650	0.00568	0.00187	0.00761	0.00523	0.00343	0.00862

[dist]
# distance from previous block
# <min> <max>
5	16

[block]
# block no. 16 follows, 40 sequences, length 61
# corresponding to MSA columns:
# 1104-1164
name=unknown_Q
#
# <colnr> <probs for GDERKNQSTAVLIFYWHMCP>
#	G	D	E	R	K	N	Q	S	T	A	V	L	I	F	Y	W	H	M	C	P
0	0.01499	0.51731	0.02397	0.00956	0.01457	0.01760	0.00894	0.01710	0.01213	0.05236	0.00951	0.01069	0.00816	0.00488	0.00401	0.00115	0.00557	0.00335	0.00302	0.26115
1	0.01650	0.01031	0.01255	0.00931	0.01417	0.00833	0.00751	0.01966	0.04989	0.24837	0.01488	0.01492	0.01084	0.00537	0.00486	0.00120	0.00452	0.00434	0.00472	0.53774
2	0.01279	0.01339	0.02267	0.01786	0.02016	0.03462	0.27123	0.01546	0.01087	0.01560	0.01009	0.01493	0.00887	0.01216	0.10381	0.00312	0.39704	0.00582	0.00277	0.00676
3	0.02505	0.01004	0.01343	0.01036	0.01472	0.00889	0.00853	0.06373	0.01718	0.69182	0.05677	0.02060	0.01606	0.00741	0.00589	0.00180	0.00492	0.00604	0.00709	0.00969
4	0.01887	0.02342	0.02285	0.01839	0.02241	0.50164	0.27096	0.02158	0.01550	0.01580	0.00998	0.01234	0.00797	0.00560	0.00582	0.00166	0.01024	0.00486	0.00298	0.00714
5	0.00838	0.00600	0.00768	0.00886	0.00936	0.00550	0.00593	0.00915	0.01214	0.01637	0.06965	0.74100	0.03984	0.01843	0.00785	0.00253	0.00376	0.01638	0.00580	0.00539
6	0.83671	0.01125	0.00855	0.00765	0.01125	0.01305	0.00630	0.01709	0.00990	0.02609	0.00810	0.00945	0.00630	0.00540	0.00360	0.00180	0.00450	0.00315	0.00360	0.00630
7	0.01439	0.01382	0.02360	0.03569	0.75936	0.01382	0.01785	0.01785	0.01324	0.01900	0.01094	0.01439	0.00921	0.00518	0.00576	0.00173	0.00691	0.00518	0.00288	0.00921
8	0.00783	0.00593	0.00721	0.00689	0.00844	0.00531	0.00517	0.01019	0.01550	0.02105	0.54804	0.04718	0.26454	0.01274	0.00686	0.00187	0.00280	0.01104	0.00610	0.00531
9	0.01265	0.01225	0.02001	0.01429	0.01972	0.01024	0.26817	0.01607	0.01265	0.01883	0.01085	0.01335	0.00869	0.00452	0.00522	0.00125	0.00627	0.00467	0.00327	0.53704
10	0.01206	0.01034	0.01206	0.00861	0.01378	0.00775	0.00689	0.01464	0.01206	0.01895	0.01034	0.01206	0.00861	0.00431	0.00431	0.00086	0.00431	0.00345	0.00345	0.83118
11	0.00744	0.00580	0.00605	0.00605	0.00731	0.00517	0.00410	0.00839	0.01154	0.01413	0.04441	0.04957	0.49411	0.29371	0.01499	0.00328	0.00391	0.01091	0.00473	0.00441
12	0.01010	0.00505	0.00758	0.00758	0.00758	0.00505	0.00505	0.00758	0.00758	0.01010	0.01010	0.01768	0.01010	0.02020	0.02273	0.83081	0.00505	0.00505	0.00253	0.00253
13	0.00843	0.00608	0.00806	0.00792	0.00928	0.00570	0.00618	0.01116	0.01592	0.02227	0.62755	0.04737	0.05107	0.01263	0.00707	0.00198	0.00321	0.13645	0.00622	0.00546
