[name]
unknown

[dist]
# distance from previous block
# <min> <max>
4	54

[block]
# block no. 0 follows, 37 sequences, length 6
# corresponding to MSA columns:
# 57-62
name=unknown_A
#
# <colnr> <probs for GDERKNQSTAVLIFYWHMCP>
#	G	D	E	R	K	N	Q	S	T	A	V	L	I	F	Y	W	H	M	C	P
0	0.01204	0.00847	0.01143	0.01058	0.01216	0.00890	0.03593	0.07726	0.01458	0.07742	0.14324	0.29932	0.03129	0.04234	0.00954	0.00238	0.09322	0.05352	0.04999	0.00639
1	0.01392	0.00825	0.01030	0.00938	0.01157	0.00802	0.00706	0.07219	0.07260	0.17284	0.25414	0.22552	0.03555	0.05947	0.00845	0.00231	0.00418	0.01079	0.00637	0.00707
2	0.01415	0.01018	0.01107	0.01056	0.01278	0.06450	0.00810	0.07634	0.11332	0.12039	0.06865	0.26389	0.05490	0.03871	0.00786	0.00234	0.00508	0.10427	0.00585	0.00707
3	0.05364	0.00885	0.01029	0.00920	0.01144	0.00896	0.00693	0.13262	0.04078	0.11773	0.18750	0.16572	0.02941	0.11259	0.00971	0.00250	0.00450	0.00943	0.07131	0.00690
4	0.01131	0.00734	0.00884	0.00850	0.01053	0.00687	0.00650	0.01456	0.07585	0.11769	0.17828	0.13670	0.24998	0.05591	0.00851	0.00236	0.00397	0.08389	0.00608	0.00632
5	0.01624	0.00767	0.00932	0.00817	0.01064	0.00722	0.00629	0.01929	0.04690	0.26471	0.10388	0.06297	0.02209	0.06624	0.00749	0.00205	0.00399	0.00732	0.32024	0.00728

[dist]
# distance from previous block
# <min> <max>
0	1

[block]
# block no. 1 follows, 37 sequences, length 9
# corresponding to MSA columns:
# 64-72
name=unknown_B
#
# <colnr> <probs for GDERKNQSTAVLIFYWHMCP>
#	G	D	E	R	K	N	Q	S	T	A	V	L	I	F	Y	W	H	M	C	P
0	0.01656	0.00905	0.01127	0.00993	0.01274	0.00870	0.00767	0.08290	0.08474	0.26906	0.13817	0.22813	0.07111	0.01192	0.00683	0.00208	0.00439	0.01030	0.00658	0.00789
1	0.00950	0.00617	0.00785	0.00811	0.00927	0.00583	0.00576	0.01057	0.01191	0.07167	0.03450	0.30763	0.20703	0.09008	0.11923	0.06665	0.00576	0.01216	0.00507	0.00522
2	0.07678	0.01038	0.01195	0.01000	0.01307	0.01046	0.00776	0.19640	0.01769	0.21797	0.09122	0.09457	0.06726	0.13453	0.01032	0.00260	0.00517	0.00813	0.00594	0.00780
3	0.10357	0.01323	0.01131	0.01036	0.01304	0.15581	0.00793	0.06365	0.14880	0.02207	0.17099	0.07447	0.16004	0.01040	0.00630	0.00194	0.00536	0.00843	0.00532	0.00698
4	0.01354	0.00897	0.01105	0.00931	0.01257	0.00816	0.00729	0.05119	0.03836	0.12991	0.06470	0.09567	0.08359	0.01575	0.14348	0.00311	0.00653	0.00741	0.03949	0.24991
5	0.01917	0.01201	0.01688	0.01880	0.23275	0.01183	0.01175	0.12840	0.04882	0.26069	0.15163	0.02289	0.02082	0.00785	0.00632	0.00188	0.00561	0.00679	0.00579	0.00931
6	0.01669	0.00941	0.01233	0.06800	0.01546	0.00847	0.00830	0.04766	0.01591	0.27109	0.18237	0.09599	0.02505	0.00899	0.00619	0.00175	0.00467	0.00768	0.00590	0.18809
7	0.02121	0.24697	0.02245	0.01301	0.01801	0.02054	0.01129	0.51536	0.02391	0.03138	0.01285	0.01324	0.00965	0.00672	0.00547	0.00168	0.00668	0.00484	0.00508	0.00965
8	0.12536	0.16099	0.09954	0.01211	0.01734	0.01596	0.01124	0.22902	0.01845	0.23040	0.01499	0.01470	0.01048	0.00663	0.00539	0.00177	0.00627	0.00488	0.00518	0.00930

[dist]
# distance from previous block
# <min> <max>
20	26

[block]
# block no. 2 follows, 37 sequences, length 15
# corresponding to MSA columns:
# 118-131,133
name=unknown_C
#
# <colnr> <probs for GDERKNQSTAVLIFYWHMCP>
#	G	D	E	R	K	N	Q	S	T	A	V	L	I	F	Y	W	H	M	C	P
0	0.01336	0.02761	0.53976	0.01840	0.04979	0.06395	0.06684	0.01912	0.01290	0.01854	0.01062	0.01317	0.00797	0.00641	0.00770	0.00201	0.10576	0.00480	0.00268	0.00859
1	0.01339	0.01339	0.01875	0.01607	0.01607	0.01875	0.01339	0.01473	0.00937	0.01473	0.00804	0.01339	0.00804	0.01071	0.02009	0.00268	0.77367	0.00536	0.00268	0.00670
2	0.02289	0.02838	0.01741	0.01566	0.01893	0.71147	0.01181	0.07067	0.01810	0.01654	0.00981	0.01128	0.00805	0.00638	0.00556	0.00159	0.01076	0.00405	0.00335	0.00731
3	0.01943	0.01319	0.01982	0.02462	0.38676	0.01280	0.01409	0.07881	0.04465	0.24665	0.01614	0.01701	0.01175	0.00631	0.00600	0.00179	0.00632	0.00561	0.00484	0.06342
4	0.01415	0.01594	0.03452	0.02476	0.03061	0.01496	0.68522	0.01903	0.01415	0.01919	0.01276	0.01779	0.00999	0.04760	0.00853	0.00227	0.01008	0.00732	0.00313	0.00801
5	0.00877	0.00644	0.00925	0.00925	0.01014	0.00733	0.00692	0.01055	0.00966	0.01377	0.01693	0.02703	0.01660	0.18352	0.62477	0.00911	0.01445	0.00699	0.00336	0.00514
6	0.01637	0.78856	0.03208	0.01047	0.01571	0.02422	0.01047	0.01833	0.01244	0.01440	0.00851	0.00982	0.00786	0.00524	0.00393	0.00131	0.00655	0.00327	0.00262	0.00786
7	0.01339	0.01339	0.01875	0.01607	0.01607	0.01875	0.01339	0.01473	0.00937	0.01473	0.00804	0.01339	0.00804	0.01071	0.02009	0.00268	0.77367	0.00536	0.00268	0.00670
8	0.01254	0.07993	0.70718	0.01700	0.02581	0.01485	0.02184	0.01932	0.01289	0.01907	0.01083	0.01273	0.00776	0.00578	0.00570	0.00190	0.00889	0.00444	0.00259	0.00897
9	0.02421	0.01219	0.01953	0.01453	0.01962	0.01103	0.17594	0.06392	0.01739	0.54312	0.02091	0.01951	0.01354	0.00700	0.00640	0.00193	0.00648	0.00637	0.00646	0.00991
10	0.00890	0.00593	0.00668	0.00668	0.00668	0.00593	0.00371	0.00890	0.00890	0.01187	0.01929	0.04006	0.02225	0.78487	0.03116	0.00593	0.00593	0.00890	0.00371	0.00371
11	0.00746	0.00533	0.00710	0.00852	0.00888	0.00497	0.00568	0.00852	0.01172	0.01563	0.03374	0.78088	0.04049	0.01918	0.00781	0.00249	0.00355	0.01740	0.00568	0.00497
12	0.82811	0.01184	0.00900	0.00805	0.01184	0.01373	0.00663	0.01799	0.01042	0.02746	0.00852	0.00994	0.00663	0.00568	0.00379	0.00189	0.00474	0.00331	0.00379	0.00663
13	0.01452	0.02441	0.49719	0.01481	0.02251	0.01224	0.01755	0.02006	0.01353	0.12328	0.01283	0.01400	0.00907	0.00580	0.00560	0.00172	0.00758	0.00457	0.00351	0.17523
14	0.01712	0.73575	0.03086	0.01050	0.01571	0.02319	0.01037	0.01911	0.01278	0.06438	0.00957	0.01057	0.00835	0.00540	0.00408	0.00135	0.00646	0.00347	0.00295	0.00803

[dist]
# distance from previous block
# <min> <max>
0	1

[block]
# block no. 3 follows, 37 sequences, length 60
# corresponding to MSA columns:
# 135-194
name=unknown_D
#
# <colnr> <probs for GDERKNQSTAVLIFYWHMCP>
#	G	D	E	R	K	N	Q	S	T	A	V	L	I	F	Y	W	H	M	C	P
0	0.02649	0.01198	0.01517	0.01163	0.01640	0.01131	0.00961	0.19117	0.02013	0.58590	0.02196	0.01941	0.01405	0.00752	0.00615	0.00188	0.00556	0.00601	0.00724	0.01042
1	0.01512	0.01464	0.02537	0.03703	0.71356	0.01459	0.05150	0.01882	0.01396	0.01998	0.01155	0.01521	0.00968	0.00544	0.00611	0.00183	0.00741	0.00554	0.00303	0.00963
2	0.01629	0.01412	0.01783	0.02037	0.24022	0.01553	0.01274	0.12223	0.41884	0.02564	0.01943	0.01938	0.01481	0.00730	0.00616	0.00196	0.00584	0.00628	0.00523	0.00979
3	0.00890	0.00593	0.00668	0.00668	0.00668	0.00593	0.00371	0.00890	0.00890	0.01187	0.01929	0.04006	0.02225	0.78487	0.03116	0.00593	0.00593	0.00890	0.00371	0.00371
4	0.01637	0.78856	0.03208	0.01047	0.01571	0.02422	0.01047	0.01833	0.01244	0.01440	0.00851	0.00982	0.00786	0.00524	0.00393	0.00131	0.00655	0.00327	0.00262	0.00786
5	0.03716	0.01976	0.08515	0.02260	0.02837	0.14592	0.50680	0.04197	0.01517	0.01956	0.01174	0.01506	0.00889	0.00549	0.00670	0.00196	0.01010	0.00629	0.00318	0.00814
6	0.00746	0.00533	0.00710	0.00852	0.00888	0.00497	0.00568	0.00852	0.01172	0.01563	0.03374	0.78088	0.04049	0.01918	0.00781	0.00249	0.00355	0.01740	0.00568	0.00497
7	0.01548	0.01973	0.28466	0.01359	0.01984	0.01326	0.01406	0.11476	0.15882	0.07510	0.01515	0.01563	0.01110	0.00634	0.00566	0.00171	0.00658	0.00504	0.00437	0.19910
8	0.01703	0.01074	0.01314	0.00960	0.01484	0.00841	0.00777	0.01965	0.01411	0.23477	0.01478	0.01509	0.01086	0.00543	0.00501	0.00120	0.00473	0.00437	0.00479	0.58370
9	0.01374	0.25370	0.52308	0.01536	0.02314	0.03589	0.01878	0.01920	0.01289	0.01781	0.01022	0.01197	0.00779	0.00566	0.00525	0.00174	0.00836	0.00414	0.00261	0.00865
10	0.01228	0.03166	0.75316	0.01745	0.02649	0.01422	0.02262	0.01939	0.01292	0.01939	0.01099	0.01292	0.00775	0.00582	0.00582	0.00194	0.00905	0.00452	0.00258	0.00905
11	0.02327	0.01715	0.01837	0.01408	0.01898	0.01898	0.01163	0.72628	0.02878	0.03858	0.01470	0.01470	0.01041	0.00735	0.00612	0.00184	0.00674	0.00551	0.00612	0.01041
12	0.01283	0.01217	0.02065	0.51132	0.29109	0.01393	0.01763	0.01675	0.01284	0.01718	0.01110	0.01591	0.00870	0.00588	0.00610	0.00196	0.00785	0.00544	0.00283	0.00782
13	0.01156	0.01088	0.01836	0.77016	0.04216	0.01360	0.01700	0.01564	0.01224	0.01564	0.01088	0.01632	0.00816	0.00612	0.00612	0.00204	0.00816	0.00544	0.00272	0.00680
14	0.01156	0.01088	0.01836	0.77016	0.04216	0.01360	0.01700	0.01564	0.01224	0.01564	0.01088	0.01632	0.00816	0.00612	0.00612	0.00204	0.00816	0.00544	0.00272	0.00680
15	0.00746	0.00533	0.00710	0.00852	0.00888	0.00497	0.00568	0.00852	0.01172	0.01563	0.03374	0.78088	0.04049	0.01918	0.00781	0.00249	0.00355	0.01740	0.00568	0.00497
16	0.82811	0.01184	0.00900	0.00805	0.01184	0.01373	0.00663	0.01799	0.01042	0.02746	0.00852	0.00994	0.00663	0.00568	0.00379	0.00189	0.00474	0.00331	0.00379	0.00663
17	0.00776	0.00570	0.00728	0.00798	0.00887	0.00522	0.00557	0.00940	0.01358	0.01823	0.23505	0.47998	0.13914	0.01683	0.00757	0.00227	0.00331	0.01504	0.00598	0.00522
18	0.00723	0.00620	0.00620	0.00620	0.00827	0.00517	0.00465	0.00878	0.01395	0.01654	0.06201	0.05891	0.74421	0.01550	0.00723	0.00207	0.00310	0.01292	0.00568	0.00517
19	0.00868	0.00623	0.00806	0.00762	0.00894	0.00579	0.00560	0.01133	0.01663	0.02350	0.68361	0.04526	0.05482	0.07635	0.00920	0.00226	0.00314	0.01089	0.00649	0.00560
20	0.01637	0.78856	0.03208	0.01047	0.01571	0.02422	0.01047	0.01833	0.01244	0.01440	0.00851	0.00982	0.00786	0.00524	0.00393	0.00131	0.00655	0.00327	0.00262	0.00786
21	0.01354	0.01290	0.02194	0.36544	0.43138	0.01412	0.01799	0.01738	0.01318	0.01805	0.01123	0.01567	0.00901	0.00575	0.00609	0.00192	0.00767	0.00545	0.00289	0.00840
22	0.00723	0.00620	0.00620	0.00620	0.00827	0.00517	0.00465	0.00878	0.01395	0.01654	0.06201	0.05891	0.74421	0.01550	0.00723	0.00207	0.00310	0.01292	0.00568	0.00517
23	0.01637	0.78856	0.03208	0.01047	0.01571	0.02422	0.01047	0.01833	0.01244	0.01440	0.00851	0.00982	0.00786	0.00524	0.00393	0.00131	0.00655	0.00327	0.00262	0.00786
24	0.23407	0.05802	0.34525	0.03188	0.03860	0.01448	0.01507	0.02117	0.11563	0.05285	0.01275	0.01385	0.00939	0.00618	0.00526	0.00191	0.00694	0.00459	0.00366	0.00845
25	0.01720	0.69141	0.03019	0.01115	0.01612	0.11838	0.01065	0.01911	0.01307	0.01448	0.00863	0.00998	0.00786	0.00537	0.00413	0.00134	0.00712	0.00336	0.00269	0.00776
26	0.01670	0.01628	0.02397	0.03250	0.56886	0.08490	0.04948	0.09437	0.01585	0.02148	0.01170	0.01478	0.00958	0.00572	0.00607	0.00181	0.00771	0.00540	0.00337	0.00946
27	0.01664	0.75669	0.03146	0.01070	0.01585	0.05511	0.01053	0.01859	0.01264	0.01443	0.00855	0.00987	0.00786	0.00528	0.00399	0.00132	0.00673	0.00330	0.00264	0.00782
28	0.71835	0.01240	0.00982	0.00864	0.01239	0.03219	0.00707	0.06672	0.01214	0.02780	0.03981	0.01180	0.00907	0.00610	0.00414	0.00188	0.00495	0.00381	0.00406	0.00687
29	0.00993	0.00681	0.00775	0.00758	0.00806	0.00692	0.00468	0.07060	0.01102	0.01472	0.02100	0.14597	0.02390	0.60622	0.02560	0.00508	0.00566	0.00985	0.00420	0.00447
30	0.00840	0.00625	0.00782	0.00743	0.00898	0.00566	0.00557	0.01105	0.01671	0.02308	0.61887	0.04814	0.18326	0.01306	0.00722	0.00195	0.00293	0.01141	0.00655	0.00566
31	0.01826	0.07429	0.01649	0.01360	0.01707	0.30424	0.01057	0.02839	0.40639	0.02070	0.01777	0.01735	0.01374	0.00731	0.00579	0.00183	0.00736	0.00551	0.00478	0.00856
32	0.00789	0.00582	0.00810	0.00918	0.00985	0.00546	0.02385	0.00926	0.01211	0.01605	0.03390	0.66249	0.06003	0.01847	0.00785	0.00250	0.00393	0.09250	0.00561	0.00513
33	0.05463	0.01427	0.01613	0.01259	0.01709	0.01515	0.01035	0.45346	0.02332	0.20057	0.01667	0.01667	0.01174	0.01057	0.07094	0.00251	0.00707	0.00561	0.00605	0.03462
34	0.01228	0.03166	0.75316	0.01745	0.02649	0.01422	0.02262	0.01939	0.01292	0.01939	0.01099	0.01292	0.00775	0.00582	0.00582	0.00194	0.00905	0.00452	0.00258	0.00905
35	0.00746	0.00533	0.00710	0.00852	0.00888	0.00497	0.00568	0.00852	0.01172	0.01563	0.03374	0.78088	0.04049	0.01918	0.00781	0.00249	0.00355	0.01740	0.00568	0.00497
36	0.01515	0.01454	0.02485	0.03757	0.74669	0.01454	0.01879	0.01879	0.01394	0.02000	0.01151	0.01515	0.00970	0.00545	0.00606	0.00182	0.00727	0.00545	0.00303	0.00970
37	0.02234	0.01638	0.01800	0.12159	0.04350	0.20945	0.07287	0.05512	0.01684	0.33727	0.01660	0.01680	0.01137	0.00675	0.00607	0.00184	0.00773	0.00551	0.00514	0.00882
38	0.01063	0.00532	0.00797	0.00797	0.00797	0.00532	0.00532	0.00797	0.00797	0.01063	0.01063	0.01861	0.01063	0.02127	0.02392	0.82190	0.00532	0.00532	0.00266	0.00266
39	0.00728	0.00620	0.00627	0.00625	0.00830	0.00519	0.00469	0.00888	0.01407	0.01681	0.08520	0.05846	0.72084	0.01540	0.00723	0.00206	0.00309	0.01286	0.00572	0.00519
40	0.01582	0.01744	0.15196	0.02007	0.02596	0.01385	0.39509	0.07829	0.01552	0.11142	0.01563	0.08208	0.01253	0.00696	0.00681	0.00204	0.00859	0.00736	0.00404	0.00855
41	0.00877	0.00646	0.00935	0.00935	0.01028	0.00739	0.00705	0.01062	0.00969	0.01385	0.01684	0.02651	0.01637	0.15934	0.64865	0.00924	0.01479	0.00692	0.00335	0.00520
42	0.01523	0.01315	0.01384	0.01246	0.01592	0.01523	0.00969	0.03253	0.73563	0.02561	0.02491	0.02284	0.01869	0.00830	0.00623	0.00208	0.00484	0.00692	0.00623	0.00969
43	0.01451	0.01634	0.03515	0.02681	0.09351	0.01540	0.66371	0.01954	0.01440	0.01964	0.01231	0.01639	0.00932	0.00519	0.00712	0.00204	0.01006	0.00707	0.00309	0.00838
44	0.01168	0.01100	0.01857	0.74618	0.06522	0.01363	0.01706	0.01574	0.01230	0.01578	0.01090	0.01628	0.00821	0.00610	0.00612	0.00203	0.00813	0.00544	0.00273	0.00689
45	0.01156	0.01088	0.01836	0.77016	0.04216	0.01360	0.01700	0.01564	0.01224	0.01564	0.01088	0.01632	0.00816	0.00612	0.00612	0.00204	0.00816	0.00544	0.00272	0.00680
46	0.00874	0.00656	0.00984	0.00984	0.01093	0.00765	0.00765	0.01093	0.00984	0.01421	0.01640	0.02405	0.01530	0.04591	0.76062	0.00984	0.01640	0.00656	0.00328	0.00547
47	0.00723	0.00620	0.00620	0.00620	0.00827	0.00517	0.00465	0.00878	0.01395	0.01654	0.06201	0.05891	0.74421	0.01550	0.00723	0.00207	0.00310	0.01292	0.00568	0.00517
48	0.01511	0.54031	0.23953	0.01309	0.01946	0.02100	0.04232	0.01868	0.01266	0.01604	0.00938	0.01098	0.00788	0.00540	0.00460	0.00152	0.00741	0.00379	0.00263	0.00821
49	0.01406	0.36219	0.43827	0.01440	0.02178	0.01859	0.01731	0.01892	0.01271	0.01721	0.00990	0.01157	0.00780	0.00556	0.00499	0.00166	0.00795	0.00398	0.00260	0.00853
50	0.01637	0.78856	0.03208	0.01047	0.01571	0.02422	0.01047	0.01833	0.01244	0.01440	0.00851	0.00982	0.00786	0.00524	0.00393	0.00131	0.00655	0.00327	0.00262	0.00786
51	0.00921	0.00683	0.00865	0.00809	0.00970	0.00656	0.00610	0.01329	0.07670	0.02463	0.68407	0.04383	0.05453	0.01217	0.00714	0.00194	0.00305	0.01073	0.00670	0.00610
52	0.26383	0.10290	0.04616	0.01300	0.01705	0.33305	0.03263	0.06589	0.01520	0.04505	0.01005	0.01138	0.00794	0.00606	0.00495	0.00170	0.00810	0.00398	0.00360	0.00747
53	0.01156	0.01088	0.01836	0.77016	0.04216	0.01360	0.01700	0.01564	0.01224	0.01564	0.01088	0.01632	0.00816	0.00612	0.00612	0.00204	0.00816	0.00544	0.00272	0.00680
54	0.01228	0.01266	0.02493	0.01903	0.02322	0.01206	0.43363	0.01709	0.06655	0.01913	0.04524	0.19766	0.05031	0.00961	0.00732	0.00218	0.00768	0.02788	0.00422	0.00732
55	0.01063	0.00532	0.00797	0.00797	0.00797	0.00532	0.00532	0.00797	0.00797	0.01063	0.01063	0.01861	0.01063	0.02127	0.02392	0.82190	0.00532	0.00532	0.00266	0.00266
56	0.01390	0.01327	0.02259	0.29293	0.50112	0.01422	0.01816	0.01769	0.01335	0.01848	0.01129	0.01556	0.00916	0.00569	0.00608	0.00190	0.00758	0.00545	0.00292	0.00869
57	0.01469	0.01434	0.02413	0.01865	0.02296	0.01505	0.33200	0.07227	0.22693	0.02212	0.01859	0.02290	0.03281	0.00784	0.00805	0.00216	0.07364	0.05799	0.00445	0.00842
58	0.01371	0.01395	0.01838	0.01585	0.01604	0.05530	0.01312	0.01509	0.00979	0.01473	0.00839	0.01363	0.00827	0.01167	0.04408	0.00286	0.71042	0.00533	0.00272	0.00667
59	0.02289	0.02858	0.01740	0.01569	0.01893	0.72339	0.01182	0.05939	0.01792	0.01616	0.00972	0.01122	0.00801	0.00636	0.00555	0.00159	0.01082	0.00402	0.00330	0.00726

[dist]
# distance from previous block
# <min> <max>
0	1

[block]
# block no. 4 follows, 37 sequences, length 26
# corresponding to MSA columns:
# 196,199-223
name=unknown_E
#
# <colnr> <probs for GDERKNQSTAVLIFYWHMCP>
#	G	D	E	R	K	N	Q	S	T	A	V	L	I	F	Y	W	H	M	C	P
0	0.01836	0.25997	0.16627	0.01430	0.01918	0.36609	0.01341	0.02117	0.01475	0.01565	0.00969	0.01145	0.00808	0.00713	0.02875	0.00183	0.00945	0.00393	0.00288	0.00766
1	0.17319	0.02495	0.01611	0.01511	0.04582	0.56622	0.01112	0.04719	0.01631	0.01832	0.00955	0.01112	0.00781	0.00619	0.00524	0.00165	0.00957	0.00394	0.00337	0.00722
2	0.02055	0.02275	0.01639	0.01454	0.01800	0.43968	0.01114	0.11200	0.24122	0.02113	0.01488	0.01514	0.01154	0.00705	0.00581	0.00176	0.00860	0.00506	0.00447	0.00830
3	0.01623	0.34864	0.21611	0.01605	0.11027	0.07261	0.01451	0.01972	0.01350	0.07627	0.01171	0.03802	0.00974	0.00615	0.00512	0.00164	0.00741	0.00463	0.00321	0.00845
4	0.01575	0.01412	0.01909	0.02050	0.21406	0.01535	0.07490	0.08019	0.42491	0.02455	0.01944	0.01960	0.01482	0.00719	0.00626	0.00199	0.00612	0.00645	0.00509	0.00962
5	0.00751	0.00617	0.00661	0.00660	0.00846	0.00527	0.00491	0.00928	0.01446	0.01796	0.18562	0.09356	0.58210	0.01514	0.00726	0.00206	0.00308	0.01281	0.00588	0.00527
6	0.01815	0.01541	0.01782	0.01442	0.01733	0.04469	0.01187	0.33384	0.04172	0.02622	0.01186	0.01413	0.00952	0.00841	0.01145	0.00208	0.30838	0.00527	0.00444	0.08299
7	0.01063	0.00532	0.00797	0.00797	0.00797	0.00532	0.00532	0.00797	0.00797	0.01063	0.01063	0.01861	0.01063	0.02127	0.02392	0.82190	0.00532	0.00532	0.00266	0.00266
8	0.01499	0.53379	0.27479	0.01282	0.01934	0.02085	0.01456	0.01868	0.01260	0.01608	0.00934	0.01086	0.00782	0.00543	0.00456	0.00152	0.00739	0.00369	0.00261	0.00826
9	0.01868	0.01256	0.01418	0.01186	0.01563	0.01351	0.00946	0.18727	0.32898	0.17732	0.12055	0.02370	0.02141	0.00851	0.00633	0.00196	0.00508	0.00701	0.00655	0.00947
10	0.00874	0.00656	0.00984	0.00984	0.01093	0.00765	0.00765	0.01093	0.00984	0.01421	0.01640	0.02405	0.01530	0.04591	0.76062	0.00984	0.01640	0.00656	0.00328	0.00547
11	0.01190	0.01123	0.01898	0.70024	0.10941	0.01369	0.01717	0.01594	0.01240	0.01606	0.01094	0.01621	0.00831	0.00606	0.00611	0.00202	0.00808	0.00544	0.00275	0.00708
12	0.01557	0.15257	0.05061	0.07857	0.42911	0.07267	0.05274	0.01944	0.03773	0.01848	0.01126	0.01423	0.00934	0.00562	0.00570	0.00175	0.00763	0.00506	0.00304	0.00888
13	0.02130	0.07353	0.04260	0.01429	0.01802	0.45428	0.01139	0.07918	0.08947	0.09207	0.01368	0.03874	0.01096	0.00705	0.00568	0.00170	0.00889	0.00500	0.00417	0.00799
14	0.00847	0.00625	0.00791	0.00750	0.00903	0.00569	0.00562	0.01118	0.01687	0.02346	0.65131	0.04751	0.15059	0.01292	0.00722	0.00194	0.00292	0.01132	0.00660	0.00569
15	0.00874	0.00656	0.00984	0.00984	0.01093	0.00765	0.00765	0.01093	0.00984	0.01421	0.01640	0.02405	0.01530	0.04591	0.76062	0.00984	0.01640	0.00656	0.00328	0.00547
16	0.78741	0.01211	0.00947	0.00835	0.01220	0.01400	0.00688	0.05381	0.01135	0.02803	0.00884	0.01018	0.00682	0.00577	0.00391	0.00189	0.00484	0.00343	0.00391	0.00682
17	0.00890	0.00593	0.00668	0.00668	0.00668	0.00593	0.00371	0.00890	0.00890	0.01187	0.01929	0.04006	0.02225	0.78487	0.03116	0.00593	0.00593	0.00890	0.00371	0.00371
18	0.00846	0.00605	0.00826	0.00967	0.01047	0.00584	0.00743	0.01026	0.01271	0.01675	0.03318	0.48302	0.03829	0.01823	0.00808	0.00263	0.00442	0.30532	0.00566	0.00525
19	0.01712	0.70056	0.03037	0.01109	0.01608	0.10952	0.01063	0.01904	0.01301	0.01447	0.00862	0.00996	0.00786	0.00536	0.00411	0.00134	0.00707	0.00335	0.00268	0.00777
20	0.01594	0.21298	0.34040	0.01442	0.02095	0.04636	0.01580	0.10874	0.10346	0.04619	0.01293	0.01379	0.00970	0.00625	0.00544	0.00177	0.00758	0.00466	0.00367	0.00897
21	0.00808	0.00579	0.00772	0.00904	0.00970	0.00551	0.00658	0.00954	0.01227	0.01618	0.03391	0.55928	0.06307	0.04487	0.00875	0.00267	0.00412	0.18223	0.00560	0.00509
22	0.02122	0.20572	0.01972	0.01197	0.01663	0.01672	0.01022	0.22006	0.15639	0.23296	0.01780	0.01679	0.01271	0.00707	0.00561	0.00177	0.00589	0.00541	0.00569	0.00964
23	0.01895	0.01493	0.01983	0.02066	0.23540	0.03448	0.05144	0.26103	0.04591	0.09863	0.01424	0.01545	0.01065	0.00629	0.00592	0.00172	0.00666	0.00539	0.00474	0.12767
24	0.01347	0.15631	0.28545	0.05757	0.08767	0.01608	0.15102	0.01806	0.01295	0.01803	0.02911	0.03972	0.01057	0.00658	0.00707	0.00193	0.07165	0.00560	0.00294	0.00822
25	0.01311	0.11219	0.61999	0.01608	0.02427	0.01479	0.02017	0.01933	0.01320	0.04449	0.03979	0.01414	0.00998	0.00608	0.00568	0.00187	0.00840	0.00470	0.00292	0.00884

[dist]
# distance from previous block
# <min> <max>
0	2

[block]
# block no. 5 follows, 37 sequences, length 84
# corresponding to MSA columns:
# 226-309
name=unknown_F
#
# <colnr> <probs for GDERKNQSTAVLIFYWHMCP>
#	G	D	E	R	K	N	Q	S	T	A	V	L	I	F	Y	W	H	M	C	P
0	0.01190	0.22173	0.03914	0.13386	0.09016	0.01356	0.06374	0.01446	0.01273	0.01623	0.02247	0.20698	0.10922	0.01012	0.00615	0.00193	0.00605	0.00883	0.00385	0.00688
1	0.01412	0.04515	0.47290	0.01646	0.02264	0.05662	0.01868	0.01911	0.01256	0.06016	0.01088	0.01331	0.00826	0.00712	0.00924	0.00208	0.19460	0.00476	0.00293	0.00842
2	0.01542	0.01538	0.03751	0.01690	0.06119	0.10736	0.17172	0.04909	0.01414	0.05557	0.01376	0.01740	0.03147	0.00859	0.03987	0.00215	0.12586	0.02400	0.00365	0.18896
3	0.12212	0.12090	0.38626	0.01438	0.02125	0.01614	0.01621	0.16055	0.01590	0.05538	0.01166	0.01284	0.00847	0.00611	0.00539	0.00183	0.00754	0.00448	0.00367	0.00891
4	0.01405	0.36003	0.44033	0.01442	0.02182	0.01856	0.01735	0.01893	0.01271	0.01722	0.00991	0.01158	0.00780	0.00556	0.00500	0.00167	0.00796	0.00398	0.00260	0.00853
5	0.01723	0.02734	0.29291	0.01676	0.02173	0.34716	0.03851	0.02095	0.01441	0.01673	0.00991	0.01227	0.00790	0.00675	0.00787	0.00189	0.12454	0.00447	0.00287	0.00780
6	0.42218	0.01351	0.01379	0.01187	0.01432	0.04221	0.00979	0.08172	0.01195	0.02329	0.00894	0.01170	0.00754	0.00774	0.01015	0.00217	0.29227	0.00430	0.00356	0.00702
7	0.00853	0.00668	0.00702	0.00714	0.00823	0.02485	0.00487	0.00953	0.01195	0.01488	0.05822	0.09662	0.32515	0.32710	0.01699	0.00369	0.00463	0.05441	0.00485	0.00466
8	0.02327	0.01715	0.01837	0.01408	0.01898	0.01898	0.01163	0.72628	0.02878	0.03858	0.01470	0.01470	0.01041	0.00735	0.00612	0.00184	0.00674	0.00551	0.00612	0.01041
9	0.00876	0.00648	0.00944	0.00944	0.01039	0.00743	0.00715	0.01067	0.00972	0.01391	0.01676	0.02607	0.01618	0.13928	0.66844	0.00934	0.01507	0.00685	0.00333	0.00524
10	0.01430	0.01360	0.02313	0.25500	0.48893	0.01443	0.04366	0.03891	0.01389	0.01924	0.01145	0.01554	0.00924	0.00570	0.00612	0.00189	0.00763	0.00552	0.00303	0.00880
11	0.06872	0.01442	0.03215	0.10912	0.04210	0.04146	0.01165	0.28321	0.03453	0.25621	0.01650	0.01653	0.01133	0.00715	0.00633	0.00190	0.02605	0.00552	0.00565	0.00946
12	0.00909	0.00649	0.00898	0.01039	0.01146	0.00638	0.00852	0.01135	0.01333	0.01746	0.03284	0.29716	0.03691	0.01764	0.00825	0.00271	0.00497	0.48499	0.00565	0.00542
13	0.00838	0.00625	0.00903	0.00989	0.01078	0.00595	0.03690	0.01011	0.01261	0.01676	0.05735	0.55014	0.03850	0.01780	0.00792	0.00253	0.00432	0.18389	0.00560	0.00530
14	0.05996	0.01439	0.02080	0.02837	0.48513	0.04138	0.01540	0.02246	0.16306	0.06611	0.01482	0.01666	0.01165	0.00622	0.00596	0.00187	0.00664	0.00563	0.00401	0.00948
15	0.01156	0.01088	0.01836	0.77016	0.04216	0.01360	0.01700	0.01564	0.01224	0.01564	0.01088	0.01632	0.00816	0.00612	0.00612	0.00204	0.00816	0.00544	0.00272	0.00680
16	0.01637	0.78856	0.03208	0.01047	0.01571	0.02422	0.01047	0.01833	0.01244	0.01440	0.00851	0.00982	0.00786	0.00524	0.00393	0.00131	0.00655	0.00327	0.00262	0.00786
17	0.01164	0.01099	0.01838	0.73713	0.04102	0.01383	0.01684	0.01560	0.01211	0.01560	0.01076	0.01619	0.00815	0.00632	0.00673	0.00207	0.04169	0.00544	0.00272	0.00680
18	0.01269	0.01268	0.01828	0.66735	0.03887	0.08289	0.01636	0.01641	0.01259	0.01554	0.01062	0.01570	0.00813	0.00634	0.00668	0.00203	0.04196	0.00530	0.00276	0.00682
19	0.01156	0.01088	0.01836	0.77016	0.04216	0.01360	0.01700	0.01564	0.01224	0.01564	0.01088	0.01632	0.00816	0.00612	0.00612	0.00204	0.00816	0.00544	0.00272	0.00680
20	0.01063	0.00532	0.00797	0.00797	0.00797	0.00532	0.00532	0.00797	0.00797	0.01063	0.01063	0.01861	0.01063	0.02127	0.02392	0.82190	0.00532	0.00532	0.00266	0.00266
21	0.24324	0.01343	0.01442	0.01137	0.01591	0.01418	0.00938	0.29859	0.01999	0.27629	0.01621	0.01548	0.01099	0.00697	0.00550	0.00187	0.00568	0.00513	0.00598	0.00939
22	0.00998	0.00790	0.00984	0.00873	0.01090	0.02658	0.04457	0.03679	0.01651	0.04426	0.42225	0.04556	0.26762	0.01257	0.00711	0.00196	0.00377	0.01092	0.00612	0.00606
23	0.02734	0.01062	0.01433	0.01099	0.01573	0.00930	0.00908	0.05072	0.01786	0.72956	0.02387	0.02065	0.01501	0.00757	0.00615	0.00189	0.00525	0.00614	0.00753	0.01042
24	0.01637	0.78856	0.03208	0.01047	0.01571	0.02422	0.01047	0.01833	0.01244	0.01440	0.00851	0.00982	0.00786	0.00524	0.00393	0.00131	0.00655	0.00327	0.00262	0.00786
25	0.01318	0.01404	0.05053	0.37171	0.17875	0.01438	0.23286	0.01760	0.01327	0.01784	0.01147	0.01603	0.00879	0.00568	0.00643	0.00200	0.00867	0.00595	0.00289	0.00790
26	0.01723	0.68739	0.03011	0.01118	0.01614	0.12229	0.01065	0.01914	0.01309	0.01448	0.00864	0.00998	0.00786	0.00538	0.00414	0.00134	0.00714	0.00336	0.00269	0.00775
27	0.31397	0.00806	0.00834	0.03036	0.01114	0.00860	0.00646	0.01288	0.01142	0.04139	0.02341	0.44950	0.02620	0.01344	0.00622	0.00224	0.00417	0.01148	0.00495	0.00580
28	0.01637	0.78856	0.03208	0.01047	0.01571	0.02422	0.01047	0.01833	0.01244	0.01440	0.00851	0.00982	0.00786	0.00524	0.00393	0.00131	0.00655	0.00327	0.00262	0.00786
29	0.01665	0.75529	0.03143	0.01071	0.01585	0.05646	0.01053	0.01860	0.01265	0.01443	0.00855	0.00987	0.00786	0.00528	0.00400	0.00132	0.00674	0.00330	0.00264	0.00782
30	0.01969	0.02072	0.19808	0.01842	0.11310	0.13320	0.07470	0.13927	0.01753	0.18396	0.01446	0.01525	0.01023	0.00644	0.00604	0.00185	0.00802	0.00530	0.00447	0.00928
31	0.00746	0.00533	0.00710	0.00852	0.00888	0.00497	0.00568	0.00852	0.01172	0.01563	0.03374	0.78088	0.04049	0.01918	0.00781	0.00249	0.00355	0.01740	0.00568	0.00497
32	0.01608	0.01423	0.01428	0.01273	0.01625	0.05554	0.00991	0.07039	0.65794	0.02575	0.02352	0.02175	0.01765	0.00814	0.00618	0.00204	0.00528	0.00668	0.00606	0.00959
33	0.01224	0.01157	0.01945	0.57928	0.20155	0.01355	0.01702	0.01614	0.01268	0.01666	0.01263	0.01739	0.03167	0.00626	0.00614	0.00199	0.00780	0.00568	0.00288	0.00741
34	0.01290	0.02989	0.68084	0.01747	0.02611	0.01414	0.05134	0.02006	0.03270	0.04151	0.01182	0.01358	0.00834	0.00591	0.00590	0.00195	0.00887	0.00475	0.00285	0.00907
35	0.01228	0.03166	0.75316	0.01745	0.02649	0.01422	0.02262	0.01939	0.01292	0.01939	0.01099	0.01292	0.00775	0.00582	0.00582	0.00194	0.00905	0.00452	0.00258	0.00905
36	0.00890	0.00593	0.00668	0.00668	0.00668	0.00593	0.00371	0.00890	0.00890	0.01187	0.01929	0.04006	0.02225	0.78487	0.03116	0.00593	0.00593	0.00890	0.00371	0.00371
37	0.01523	0.01315	0.01384	0.01246	0.01592	0.01523	0.00969	0.03253	0.73563	0.02561	0.02491	0.02284	0.01869	0.00830	0.00623	0.00208	0.00484	0.00692	0.00623	0.00969
38	0.02223	0.32498	0.04291	0.01127	0.01622	0.07105	0.01019	0.02451	0.01533	0.37936	0.01640	0.01545	0.01147	0.00649	0.00520	0.00164	0.00629	0.00479	0.00511	0.00910
39	0.00890	0.00593	0.00668	0.00668	0.00668	0.00593	0.00371	0.00890	0.00890	0.01187	0.01929	0.04006	0.02225	0.78487	0.03116	0.00593	0.00593	0.00890	0.00371	0.00371
40	0.00746	0.00533	0.00710	0.00852	0.00888	0.00497	0.00568	0.00852	0.01172	0.01563	0.03374	0.78088	0.04049	0.01918	0.00781	0.00249	0.00355	0.01740	0.00568	0.00497
41	0.01339	0.01339	0.01875	0.01607	0.01607	0.01875	0.01339	0.01473	0.00937	0.01473	0.00804	0.01339	0.00804	0.01071	0.02009	0.00268	0.77367	0.00536	0.00268	0.00670
42	0.01269	0.01088	0.01269	0.00907	0.01451	0.00816	0.00725	0.01541	0.01269	0.01995	0.01088	0.01269	0.00907	0.00453	0.00453	0.00091	0.00453	0.00363	0.00363	0.82229
43	0.01188	0.02885	0.67080	0.01637	0.02458	0.01328	0.02075	0.01852	0.01341	0.01996	0.09196	0.01655	0.01328	0.00656	0.00597	0.00194	0.00837	0.00525	0.00304	0.00868
44	0.01402	0.35476	0.44535	0.01447	0.02189	0.01849	0.01743	0.01893	0.01272	0.01726	0.00993	0.01160	0.00780	0.00557	0.00501	0.00167	0.00798	0.00399	0.00260	0.00854
45	0.01838	0.01529	0.01856	0.01507	0.01754	0.01887	0.01251	0.37388	0.01917	0.02677	0.01140	0.01405	0.00923	0.00902	0.01304	0.00225	0.38657	0.00543	0.00442	0.00857
46	0.01638	0.04771	0.03591	0.04047	0.01789	0.02741	0.00975	0.12167	0.03142	0.02408	0.03478	0.01679	0.01254	0.00673	0.00582	0.00158	0.00596	0.00493	0.00467	0.53355
47	0.01367	0.01171	0.01476	0.05960	0.01638	0.03634	0.02519	0.05701	0.17158	0.05159	0.07191	0.06260	0.04046	0.01472	0.10995	0.00324	0.22015	0.00721	0.00452	0.00740
48	0.00986	0.00705	0.00986	0.01127	0.01268	0.00705	0.00986	0.01268	0.01409	0.01832	0.03241	0.06905	0.03523	0.01691	0.00845	0.00282	0.00564	0.70549	0.00564	0.00564
49	0.03960	0.01196	0.01978	0.49949	0.24607	0.01369	0.01685	0.01723	0.01290	0.04819	0.01155	0.01596	0.00885	0.00597	0.00603	0.00196	0.00767	0.00541	0.00305	0.00779
50	0.01656	0.73845	0.05653	0.01073	0.01608	0.02341	0.01085	0.01872	0.01261	0.03716	0.00908	0.01026	0.00808	0.00533	0.00406	0.00135	0.00659	0.00340	0.00277	0.00798
51	0.00838	0.00625	0.00778	0.00740	0.00897	0.00565	0.00555	0.01099	0.01665	0.02293	0.60619	0.04838	0.19604	0.01312	0.00722	0.00195	0.00293	0.01144	0.00653	0.00565
52	0.00866	0.00626	0.00818	0.00770	0.00914	0.00578	0.00578	0.01155	0.01733	0.02455	0.74346	0.04572	0.05776	0.01251	0.00722	0.00193	0.00289	0.01107	0.00674	0.00578
53	0.00798	0.00573	0.00757	0.00817	0.00899	0.00532	0.00572	0.00983	0.01413	0.01947	0.33926	0.46440	0.04792	0.01631	0.00756	0.00224	0.00327	0.01468	0.00614	0.00532
54	0.01509	0.05514	0.01995	0.09572	0.04338	0.01529	0.14466	0.05085	0.36487	0.04212	0.01921	0.02138	0.01495	0.00763	0.00680	0.00206	0.03064	0.03659	0.00488	0.00879
55	0.01228	0.03166	0.75316	0.01745	0.02649	0.01422	0.02262	0.01939	0.01292	0.01939	0.01099	0.01292	0.00775	0.00582	0.00582	0.00194	0.00905	0.00452	0.00258	0.00905
56	0.01523	0.01315	0.01384	0.01246	0.01592	0.01523	0.00969	0.03253	0.73563	0.02561	0.02491	0.02284	0.01869	0.00830	0.00623	0.00208	0.00484	0.00692	0.00623	0.00969
57	0.00791	0.00645	0.00691	0.00686	0.00872	0.00570	0.00513	0.01009	0.03680	0.01770	0.15103	0.05516	0.54819	0.06519	0.00882	0.00233	0.00342	0.04255	0.00572	0.00532
58	0.01403	0.07601	0.60887	0.01656	0.02481	0.01548	0.02038	0.11567	0.01506	0.02170	0.01134	0.01298	0.00812	0.00599	0.00574	0.00189	0.00858	0.00458	0.00307	0.00916
59	0.01637	0.78856	0.03208	0.01047	0.01571	0.02422	0.01047	0.01833	0.01244	0.01440	0.00851	0.00982	0.00786	0.00524	0.00393	0.00131	0.00655	0.00327	0.00262	0.00786
60	0.00730	0.00596	0.00645	0.00685	0.00844	0.00511	0.00494	0.00871	0.01333	0.01628	0.05413	0.26017	0.54803	0.01653	0.00740	0.00218	0.00323	0.01417	0.00568	0.00511
61	0.01637	0.78856	0.03208	0.01047	0.01571	0.02422	0.01047	0.01833	0.01244	0.01440	0.00851	0.00982	0.00786	0.00524	0.00393	0.00131	0.00655	0.00327	0.00262	0.00786
62	0.01606	0.01454	0.02376	0.03445	0.65454	0.01467	0.01774	0.06492	0.03715	0.04442	0.01253	0.01554	0.01019	0.00573	0.00607	0.00183	0.00710	0.00552	0.00347	0.00976
63	0.01759	0.64522	0.02930	0.01147	0.01632	0.16316	0.01073	0.01948	0.01336	0.01451	0.00869	0.01005	0.00786	0.00544	0.00423	0.00136	0.00739	0.00340	0.00272	0.00771
64	0.13589	0.01746	0.01919	0.02228	0.28125	0.16696	0.01373	0.14680	0.01629	0.02283	0.01086	0.01329	0.00883	0.00658	0.00717	0.00188	0.09169	0.00484	0.00368	0.00852
65	0.01637	0.78856	0.03208	0.01047	0.01571	0.02422	0.01047	0.01833	0.01244	0.01440	0.00851	0.00982	0.00786	0.00524	0.00393	0.00131	0.00655	0.00327	0.00262	0.00786
66	0.82811	0.01184	0.00900	0.00805	0.01184	0.01373	0.00663	0.01799	0.01042	0.02746	0.00852	0.00994	0.00663	0.00568	0.00379	0.00189	0.00474	0.00331	0.00379	0.00663
67	0.01498	0.01437	0.02467	0.03654	0.70916	0.01435	0.03454	0.01863	0.01395	0.01994	0.01214	0.01675	0.01043	0.00578	0.00616	0.00185	0.00729	0.02582	0.00311	0.00955
68	0.00785	0.00623	0.00706	0.00685	0.00865	0.00543	0.00514	0.00999	0.01542	0.02001	0.35782	0.05319	0.44623	0.01421	0.00723	0.00201	0.00301	0.01212	0.00614	0.00543
69	0.02323	0.01826	0.01828	0.01424	0.01898	0.08776	0.01165	0.66116	0.02772	0.03639	0.01421	0.01436	0.01018	0.00725	0.00607	0.00181	0.00714	0.00537	0.00585	0.01010
70	0.00983	0.00795	0.05149	0.00838	0.01046	0.00641	0.00688	0.01289	0.01696	0.06306	0.63767	0.04297	0.07750	0.01197	0.00708	0.00193	0.00338	0.01049	0.00651	0.00619
71	0.01439	0.36066	0.41654	0.01436	0.02157	0.04200	0.01700	0.01909	0.01285	0.01708	0.00986	0.01151	0.00780	0.00558	0.00499	0.00165	0.00802	0.00396	0.00262	0.00847
72	0.01228	0.03166	0.75316	0.01745	0.02649	0.01422	0.02262	0.01939	0.01292	0.01939	0.01099	0.01292	0.00775	0.00582	0.00582	0.00194	0.00905	0.00452	0.00258	0.00905
73	0.00874	0.00656	0.00984	0.00984	0.01093	0.00765	0.00765	0.01093	0.00984	0.01421	0.01640	0.02405	0.01530	0.04591	0.76062	0.00984	0.01640	0.00656	0.00328	0.00547
74	0.00723	0.00620	0.00620	0.00620	0.00827	0.00517	0.00465	0.00878	0.01395	0.01654	0.06201	0.05891	0.74421	0.01550	0.00723	0.00207	0.00310	0.01292	0.00568	0.00517
75	0.72694	0.01166	0.00966	0.00841	0.01232	0.01313	0.00693	0.01949	0.01131	0.11888	0.01050	0.01132	0.00771	0.00592	0.00409	0.00189	0.00480	0.00367	0.00427	0.00711
76	0.01637	0.78856	0.03208	0.01047	0.01571	0.02422	0.01047	0.01833	0.01244	0.01440	0.00851	0.00982	0.00786	0.00524	0.00393	0.00131	0.00655	0.00327	0.00262	0.00786
77	0.00986	0.00705	0.00986	0.01127	0.01268	0.00705	0.00986	0.01268	0.01409	0.01832	0.03241	0.06905	0.03523	0.01691	0.00845	0.00282	0.00564	0.70549	0.00564	0.00564
78	0.00874	0.00656	0.00984	0.00984	0.01093	0.00765	0.00765	0.01093	0.00984	0.01421	0.01640	0.02405	0.01530	0.04591	0.76062	0.00984	0.01640	0.00656	0.00328	0.00547
79	0.01226	0.01128	0.01802	0.68645	0.03937	0.01392	0.01626	0.04269	0.06655	0.01721	0.01206	0.01674	0.00902	0.00633	0.00613	0.00204	0.00786	0.00555	0.00310	0.00715
80	0.05763	0.01471	0.01958	0.01482	0.01970	0.10605	0.19127	0.06105	0.01595	0.20706	0.04635	0.01695	0.01260	0.00625	0.00593	0.00168	0.00706	0.00564	0.00472	0.18501
81	0.18456	0.01274	0.01382	0.01111	0.01536	0.01328	0.00903	0.24387	0.07950	0.20915	0.04065	0.04898	0.01421	0.00760	0.00565	0.00184	0.00537	0.00588	0.00583	0.07159
82	0.12145	0.09190	0.56268	0.01534	0.02319	0.01478	0.01890	0.01955	0.01274	0.05077	0.01100	0.01260	0.00792	0.00582	0.00540	0.00188	0.00810	0.00433	0.00296	0.00868
83	0.04196	0.16270	0.17338	0.01255	0.01813	0.01374	0.05669	0.01796	0.04447	0.03832	0.02919	0.03665	0.01111	0.00613	0.00574	0.00153	0.03737	0.00483	0.00350	0.28406

[dist]
# distance from previous block
# <min> <max>
0	2

[block]
# block no. 6 follows, 37 sequences, length 92
# corresponding to MSA columns:
# 312-403
name=unknown_G
#
# <colnr> <probs for GDERKNQSTAVLIFYWHMCP>
#	G	D	E	R	K	N	Q	S	T	A	V	L	I	F	Y	W	H	M	C	P
0	0.01395	0.17968	0.56167	0.01579	0.02375	0.04059	0.01940	0.01970	0.01313	0.04346	0.01090	0.01252	0.00803	0.00578	0.00545	0.00180	0.00849	0.00431	0.00278	0.00880
1	0.01262	0.11108	0.62940	0.01613	0.02442	0.01483	0.02031	0.01891	0.01300	0.01903	0.03294	0.01358	0.00932	0.00592	0.00561	0.00184	0.00845	0.00456	0.00275	0.03531
2	0.01228	0.03166	0.75316	0.01745	0.02649	0.01422	0.02262	0.01939	0.01292	0.01939	0.01099	0.01292	0.00775	0.00582	0.00582	0.00194	0.00905	0.00452	0.00258	0.00905
3	0.01269	0.01088	0.01269	0.00907	0.01451	0.00816	0.00725	0.01541	0.01269	0.01995	0.01088	0.01269	0.00907	0.00453	0.00453	0.00091	0.00453	0.00363	0.00363	0.82229
4	0.01363	0.28295	0.51377	0.01513	0.02291	0.01754	0.01859	0.01903	0.01276	0.01773	0.01016	0.01189	0.00779	0.00562	0.00519	0.00173	0.00822	0.00411	0.00260	0.00865
5	0.01063	0.00532	0.00797	0.00797	0.00797	0.00532	0.00532	0.00797	0.00797	0.01063	0.01063	0.01861	0.01063	0.02127	0.02392	0.82190	0.00532	0.00532	0.00266	0.00266
6	0.00857	0.00625	0.00805	0.00760	0.00909	0.00574	0.00570	0.01137	0.01711	0.02402	0.69864	0.04659	0.10290	0.01271	0.00722	0.00193	0.00290	0.01119	0.00667	0.00574
7	0.01595	0.01188	0.01837	0.02461	0.40633	0.01162	0.01353	0.01983	0.06498	0.15999	0.02209	0.10139	0.08549	0.00847	0.00639	0.00194	0.00591	0.00767	0.00466	0.00890
8	0.01890	0.01701	0.01841	0.01516	0.01770	0.11155	0.01243	0.32735	0.01886	0.02520	0.01113	0.01367	0.00906	0.00869	0.01216	0.00217	0.34269	0.00525	0.00425	0.00837
9	0.01228	0.03166	0.75316	0.01745	0.02649	0.01422	0.02262	0.01939	0.01292	0.01939	0.01099	0.01292	0.00775	0.00582	0.00582	0.00194	0.00905	0.00452	0.00258	0.00905
10	0.01156	0.01088	0.01836	0.77016	0.04216	0.01360	0.01700	0.01564	0.01224	0.01564	0.01088	0.01632	0.00816	0.00612	0.00612	0.00204	0.00816	0.00544	0.00272	0.00680
11	0.01269	0.10714	0.68125	0.01675	0.02542	0.01521	0.02141	0.01928	0.01288	0.01889	0.01074	0.01261	0.00776	0.00576	0.00563	0.00188	0.00880	0.00440	0.00259	0.00893
12	0.09892	0.01288	0.01389	0.01187	0.01576	0.01422	0.00944	0.09976	0.45164	0.17019	0.02212	0.02035	0.01597	0.00781	0.00596	0.00200	0.00509	0.00627	0.00624	0.00960
13	0.00890	0.00593	0.00668	0.00668	0.00668	0.00593	0.00371	0.00890	0.00890	0.01187	0.01929	0.04006	0.02225	0.78487	0.03116	0.00593	0.00593	0.00890	0.00371	0.00371
14	0.04852	0.01437	0.01527	0.01298	0.04034	0.06793	0.01008	0.27421	0.13883	0.20180	0.04499	0.02120	0.06554	0.00811	0.00614	0.00189	0.00594	0.00641	0.00608	0.00938
15	0.01784	0.02079	0.06416	0.02490	0.33532	0.29051	0.01521	0.02278	0.11294	0.01887	0.01254	0.01454	0.01013	0.00618	0.00587	0.00177	0.00844	0.00504	0.00348	0.00869
16	0.00992	0.00769	0.00966	0.00905	0.00912	0.00900	0.00620	0.01038	0.00907	0.01268	0.01651	0.03285	0.01852	0.55727	0.07753	0.00545	0.18320	0.00793	0.00344	0.00451
17	0.01156	0.01088	0.01836	0.77016	0.04216	0.01360	0.01700	0.01564	0.01224	0.01564	0.01088	0.01632	0.00816	0.00612	0.00612	0.00204	0.00816	0.00544	0.00272	0.00680
18	0.01637	0.78856	0.03208	0.01047	0.01571	0.02422	0.01047	0.01833	0.01244	0.01440	0.00851	0.00982	0.00786	0.00524	0.00393	0.00131	0.00655	0.00327	0.00262	0.00786
19	0.01214	0.01072	0.01590	0.02154	0.33254	0.01085	0.01189	0.01697	0.12513	0.01963	0.07340	0.19865	0.07569	0.03795	0.00755	0.00218	0.00538	0.00949	0.00461	0.00779
20	0.01899	0.48156	0.02612	0.01261	0.01701	0.32180	0.01102	0.02080	0.01442	0.01464	0.00889	0.01031	0.00787	0.00567	0.00457	0.00142	0.00836	0.00354	0.00283	0.00755
21	0.31489	0.01600	0.01777	0.02308	0.35497	0.13921	0.01316	0.01944	0.01322	0.02190	0.01007	0.01255	0.00827	0.00568	0.00514	0.00181	0.00697	0.00442	0.00333	0.00813
22	0.01668	0.75237	0.03137	0.01073	0.01586	0.05929	0.01054	0.01862	0.01267	0.01443	0.00856	0.00988	0.00786	0.00529	0.00400	0.00132	0.00676	0.00331	0.00264	0.00782
23	0.82811	0.01184	0.00900	0.00805	0.01184	0.01373	0.00663	0.01799	0.01042	0.02746	0.00852	0.00994	0.00663	0.00568	0.00379	0.00189	0.00474	0.00331	0.00379	0.00663
24	0.00930	0.00650	0.00811	0.00801	0.00854	0.00691	0.00531	0.03425	0.00997	0.01365	0.01862	0.05565	0.02013	0.49713	0.26515	0.00695	0.00927	0.00828	0.00371	0.00454
25	0.00841	0.00601	0.00820	0.00961	0.01038	0.00579	0.00734	0.01017	0.01266	0.01669	0.03321	0.49915	0.03841	0.01828	0.00807	0.00262	0.00438	0.28973	0.00566	0.00523
26	0.01842	0.45158	0.02520	0.01246	0.01681	0.26948	0.01084	0.02189	0.09145	0.01579	0.01058	0.01162	0.00902	0.00592	0.00471	0.00148	0.00787	0.00389	0.00318	0.00780
27	0.01556	0.09366	0.23258	0.21595	0.02668	0.23744	0.01611	0.01947	0.01402	0.01661	0.02824	0.01380	0.00915	0.00630	0.00609	0.00182	0.03135	0.00466	0.00290	0.00761
28	0.01424	0.05076	0.39174	0.01931	0.02655	0.04465	0.24906	0.02085	0.06220	0.04336	0.01266	0.01483	0.00924	0.00583	0.00624	0.00195	0.00905	0.00555	0.00318	0.00876
29	0.01228	0.03166	0.75316	0.01745	0.02649	0.01422	0.02262	0.01939	0.01292	0.01939	0.01099	0.01292	0.00775	0.00582	0.00582	0.00194	0.00905	0.00452	0.00258	0.00905
30	0.00861	0.00625	0.00810	0.00764	0.00911	0.00575	0.00573	0.01144	0.01719	0.02423	0.71626	0.04625	0.08516	0.01263	0.00722	0.00193	0.00290	0.01114	0.00670	0.00575
31	0.01346	0.01282	0.02179	0.38233	0.41514	0.01410	0.01795	0.01731	0.01314	0.01795	0.01122	0.01570	0.00897	0.00577	0.00609	0.00192	0.00769	0.00545	0.00288	0.00833
32	0.01720	0.35244	0.02746	0.01469	0.01973	0.01786	0.19670	0.02165	0.09010	0.13485	0.01465	0.04211	0.01170	0.00641	0.00553	0.00172	0.00703	0.00565	0.00403	0.00846
33	0.01063	0.00532	0.00797	0.00797	0.00797	0.00532	0.00532	0.00797	0.00797	0.01063	0.01063	0.01861	0.01063	0.02127	0.02392	0.82190	0.00532	0.00532	0.00266	0.00266
