[name]
unknown

[dist]
# distance from previous block
# <min> <max>
8	98

[block]
# block no. 0 follows, 50 sequences, length 9
# corresponding to MSA columns:
# 142-150
name=unknown_A
#
# <colnr> <probs for GDERKNQSTAVLIFYWHMCP>
#	G	D	E	R	K	N	Q	S	T	A	V	L	I	F	Y	W	H	M	C	P
0	0.01343	0.00976	0.01172	0.01038	0.03227	0.01041	0.03614	0.23329	0.22437	0.09682	0.05049	0.21332	0.01819	0.00863	0.00542	0.00169	0.00430	0.00745	0.00490	0.00700
1	0.01198	0.01498	0.20559	0.01023	0.01394	0.14414	0.00981	0.11120	0.01360	0.04321	0.15754	0.02096	0.08912	0.00772	0.02283	0.00162	0.00564	0.03353	0.00372	0.07866
2	0.09280	0.01071	0.01256	0.01426	0.19692	0.06063	0.00922	0.07691	0.21736	0.05746	0.05155	0.02158	0.06408	0.00708	0.00508	0.00164	0.00476	0.08443	0.00410	0.00687
3	0.01265	0.00834	0.00966	0.00862	0.01098	0.00857	0.00660	0.11653	0.22625	0.16081	0.02256	0.24511	0.07000	0.03107	0.00596	0.00178	0.00382	0.00804	0.00497	0.03766
4	0.01561	0.02011	0.21893	0.01623	0.12721	0.27495	0.01314	0.01943	0.10895	0.04345	0.01179	0.01377	0.00947	0.00655	0.00642	0.00183	0.07660	0.00452	0.00339	0.00765
5	0.29297	0.01098	0.01472	0.33605	0.21217	0.01214	0.01192	0.01512	0.01085	0.01834	0.00997	0.01351	0.00809	0.00581	0.00503	0.00187	0.00604	0.00438	0.00313	0.00691
6	0.00839	0.00601	0.00770	0.00875	0.00946	0.00559	0.00641	0.00925	0.01117	0.01495	0.02830	0.57062	0.03255	0.01586	0.00717	0.00239	0.00400	0.24123	0.00512	0.00509
7	0.06915	0.01274	0.01625	0.01295	0.01670	0.01318	0.14934	0.23587	0.25052	0.04442	0.04393	0.01714	0.01310	0.00684	0.00568	0.00183	0.00569	0.00556	0.00483	0.07430
8	0.01634	0.01295	0.01617	0.27883	0.08320	0.01431	0.01191	0.40823	0.05798	0.02460	0.01271	0.01498	0.00968	0.00662	0.00567	0.00186	0.00635	0.00504	0.00438	0.00820

[dist]
# distance from previous block
# <min> <max>
0	1

[block]
# block no. 1 follows, 50 sequences, length 9
# corresponding to MSA columns:
# 152-160
name=unknown_B
#
# <colnr> <probs for GDERKNQSTAVLIFYWHMCP>
#	G	D	E	R	K	N	Q	S	T	A	V	L	I	F	Y	W	H	M	C	P
0	0.01673	0.01189	0.01281	0.01284	0.01388	0.01043	0.00821	0.01456	0.01454	0.02035	0.02853	0.33349	0.03099	0.41112	0.01936	0.00504	0.00729	0.01242	0.00681	0.00869
1	0.02164	0.01675	0.01965	0.22912	0.09595	0.01667	0.01406	0.06756	0.32064	0.06710	0.02362	0.02809	0.01960	0.01203	0.00904	0.00335	0.00824	0.00797	0.00704	0.01191
2	0.05524	0.01672	0.05936	0.01497	0.01906	0.01408	0.01130	0.16988	0.01916	0.02799	0.07463	0.06348	0.05284	0.01242	0.00867	0.00303	0.00746	0.03842	0.00690	0.32440
3	0.02444	0.01601	0.02004	0.01644	0.02102	0.01336	0.12052	0.02401	0.01798	0.31288	0.02252	0.02635	0.01822	0.01115	0.00871	0.00302	0.00791	0.00739	0.00729	0.30075
4	0.01914	0.01550	0.02013	0.58505	0.03462	0.01540	0.01570	0.01932	0.01606	0.02234	0.01836	0.02555	0.01584	0.01108	0.00882	0.00324	0.00912	0.00726	0.00564	0.13181
5	0.02234	0.71314	0.03030	0.01492	0.01949	0.02340	0.01231	0.02121	0.01615	0.02098	0.01672	0.02147	0.01552	0.01065	0.00749	0.00287	0.00843	0.00596	0.00547	0.01119
6	0.00701	0.00528	0.00660	0.00741	0.00808	0.00529	0.00511	0.00984	0.12439	0.01393	0.02641	0.70261	0.03034	0.01430	0.00617	0.00197	0.00305	0.01291	0.00469	0.00462
7	0.01149	0.00997	0.01181	0.01272	0.12781	0.01112	0.00852	0.02204	0.55945	0.01901	0.01970	0.13234	0.01667	0.00768	0.00524	0.00171	0.00409	0.00668	0.00462	0.00734
8	0.00605	0.00444	0.00567	0.00666	0.00716	0.00407	0.00450	0.00697	0.00981	0.01283	0.03088	0.70697	0.14537	0.01517	0.00629	0.00197	0.00284	0.01363	0.00463	0.00407

[dist]
# distance from previous block
# <min> <max>
6	17

[block]
# block no. 2 follows, 50 sequences, length 6
# corresponding to MSA columns:
# 178-182,186
name=unknown_C
#
# <colnr> <probs for GDERKNQSTAVLIFYWHMCP>
#	G	D	E	R	K	N	Q	S	T	A	V	L	I	F	Y	W	H	M	C	P
0	0.01867	0.01578	0.01346	0.01116	0.01444	0.29041	0.00883	0.29048	0.05978	0.17496	0.04367	0.01329	0.01043	0.00593	0.00486	0.00144	0.00626	0.00439	0.00440	0.00735
1	0.23130	0.01103	0.01646	0.08837	0.52886	0.01161	0.01262	0.01492	0.01050	0.01757	0.00870	0.01132	0.00715	0.00453	0.00446	0.00151	0.00545	0.00399	0.00261	0.00706
2	0.01097	0.01010	0.01672	0.02430	0.59041	0.01000	0.01256	0.01377	0.01206	0.01724	0.21152	0.01877	0.01802	0.00593	0.00518	0.00150	0.00500	0.00562	0.00325	0.00707
3	0.00881	0.00686	0.00807	0.00749	0.00916	0.00707	0.00568	0.04575	0.21331	0.01987	0.47015	0.09119	0.06742	0.00964	0.00567	0.00164	0.00294	0.00840	0.00526	0.00562
4	0.00691	0.00486	0.00630	0.00660	0.00694	0.00505	0.00440	0.00767	0.00807	0.01103	0.01804	0.23270	0.02025	0.37814	0.25556	0.00506	0.00690	0.00846	0.00333	0.00372
5	0.01397	0.00991	0.01588	0.01362	0.07449	0.00972	0.20631	0.01930	0.19352	0.22931	0.04569	0.11556	0.01524	0.00697	0.00544	0.00167	0.00514	0.00661	0.00447	0.00716

[dist]
# distance from previous block
# <min> <max>
0	2

[block]
# block no. 3 follows, 50 sequences, length 16
# corresponding to MSA columns:
# 189-204
name=unknown_D
#
# <colnr> <probs for GDERKNQSTAVLIFYWHMCP>
#	G	D	E	R	K	N	Q	S	T	A	V	L	I	F	Y	W	H	M	C	P
0	0.00602	0.00454	0.00557	0.00640	0.00709	0.00409	0.00439	0.00700	0.01007	0.01294	0.03408	0.59949	0.25078	0.01476	0.00623	0.00193	0.00279	0.01312	0.00463	0.00409
1	0.01780	0.01947	0.01378	0.01193	0.01479	0.51505	0.00920	0.23645	0.01680	0.01833	0.07077	0.01207	0.01022	0.00578	0.00474	0.00137	0.00746	0.00404	0.00349	0.00647
2	0.01566	0.00827	0.01025	0.00858	0.01147	0.00812	0.00683	0.02118	0.23540	0.37903	0.21369	0.02253	0.02188	0.00735	0.00525	0.00159	0.00368	0.00620	0.00568	0.00736
3	0.01212	0.00837	0.00981	0.00829	0.01062	0.00863	0.00654	0.23238	0.08030	0.08469	0.44302	0.02684	0.03060	0.00838	0.00549	0.00156	0.00353	0.00712	0.00536	0.00635
4	0.00845	0.00756	0.01232	0.58149	0.02655	0.00906	0.01120	0.01107	0.00985	0.01273	0.01420	0.24532	0.01420	0.00804	0.00538	0.00177	0.00557	0.00723	0.00291	0.00511
5	0.01591	0.02399	0.23996	0.01351	0.01754	0.55010	0.03825	0.01859	0.01301	0.01336	0.00814	0.00958	0.00643	0.00499	0.00461	0.00138	0.00850	0.00344	0.00243	0.00627
6	0.01195	0.01110	0.01693	0.13275	0.46473	0.01190	0.01297	0.01816	0.23317	0.01711	0.01244	0.01427	0.00982	0.00518	0.00498	0.00157	0.00545	0.00478	0.00318	0.00757
7	0.01582	0.04362	0.01472	0.24237	0.02076	0.55339	0.01081	0.01770	0.01281	0.01234	0.00801	0.01019	0.00648	0.00507	0.00460	0.00139	0.00821	0.00354	0.00245	0.00573
8	0.01288	0.00823	0.00933	0.00803	0.01071	0.00825	0.00634	0.09049	0.21909	0.20359	0.09236	0.02846	0.26388	0.00870	0.00538	0.00162	0.00358	0.00721	0.00522	0.00665
9	0.01396	0.20329	0.09033	0.24164	0.02082	0.32366	0.01141	0.01632	0.01168	0.01258	0.00797	0.01014	0.00647	0.00486	0.00436	0.00137	0.00733	0.00348	0.00232	0.00600
10	0.00814	0.01274	0.29941	0.00920	0.01267	0.00724	0.00977	0.01176	0.01278	0.01844	0.50211	0.02736	0.03199	0.00817	0.00546	0.00157	0.00420	0.00704	0.00424	0.00569
11	0.01262	0.24609	0.02192	0.02426	0.56955	0.01411	0.01335	0.01519	0.01100	0.01498	0.00867	0.01109	0.00747	0.00439	0.00444	0.00136	0.00575	0.00393	0.00237	0.00747
12	0.01251	0.01177	0.01371	0.01594	0.23693	0.07706	0.00992	0.02159	0.45346	0.01839	0.01790	0.01775	0.05832	0.00631	0.00503	0.00160	0.00484	0.00538	0.00409	0.00750
13	0.01932	0.01224	0.01381	0.01055	0.01454	0.01283	0.00871	0.53732	0.02029	0.22843	0.01377	0.01316	0.00941	0.00590	0.00492	0.00146	0.00506	0.00453	0.00517	0.05857
14	0.01503	0.01489	0.01533	0.09138	0.23334	0.23971	0.01099	0.19758	0.03005	0.01793	0.01021	0.01317	0.00848	0.07271	0.00651	0.00173	0.00664	0.00435	0.00317	0.00680
15	0.25673	0.31557	0.01598	0.00876	0.01220	0.08014	0.00759	0.03473	0.19347	0.01741	0.01027	0.01070	0.00824	0.00507	0.00375	0.00138	0.00488	0.00346	0.00320	0.00646

[dist]
# distance from previous block
# <min> <max>
18	33

[block]
# block no. 4 follows, 50 sequences, length 24
# corresponding to MSA columns:
# 238-261
name=unknown_E
#
# <colnr> <probs for GDERKNQSTAVLIFYWHMCP>
#	G	D	E	R	K	N	Q	S	T	A	V	L	I	F	Y	W	H	M	C	P
0	0.27125	0.01169	0.01334	0.05063	0.24526	0.08378	0.00963	0.06653	0.02594	0.08261	0.00963	0.01106	0.00743	0.00480	0.00423	0.00143	0.00519	0.00373	0.00322	0.08863
1	0.06082	0.01491	0.01591	0.09568	0.30321	0.25271	0.01166	0.07969	0.01318	0.09119	0.00989	0.01160	0.00767	0.00501	0.00472	0.00145	0.00662	0.00403	0.00307	0.00699
2	0.14522	0.01384	0.01265	0.01018	0.01378	0.16773	0.00820	0.31600	0.01660	0.15480	0.01140	0.01150	0.00816	0.00543	0.00449	0.00140	0.00555	0.00392	0.00424	0.08490
3	0.03440	0.01401	0.01377	0.01145	0.01472	0.18972	0.05856	0.19237	0.23013	0.13653	0.01478	0.01554	0.01109	0.00618	0.00499	0.00155	0.00578	0.03262	0.00443	0.00739
4	0.00650	0.00468	0.00612	0.00689	0.00743	0.00446	0.00484	0.00764	0.00999	0.01334	0.10059	0.51615	0.07701	0.08847	0.04906	0.00254	0.00369	0.08204	0.00446	0.00410
5	0.00603	0.00505	0.00524	0.00519	0.00682	0.00427	0.00390	0.00742	0.01169	0.01424	0.13801	0.04670	0.70371	0.01234	0.00589	0.00167	0.00250	0.01034	0.00473	0.00427
6	0.01246	0.01350	0.02802	0.02009	0.02503	0.01288	0.70176	0.08935	0.01289	0.01746	0.01027	0.01330	0.00765	0.00437	0.00580	0.00166	0.00812	0.00575	0.00276	0.00689
7	0.01303	0.01102	0.01163	0.01027	0.01320	0.01269	0.00804	0.09886	0.71133	0.02187	0.01949	0.01796	0.01457	0.00669	0.00506	0.00167	0.00409	0.00552	0.00506	0.00795
8	0.01429	0.01116	0.01438	0.01157	0.01468	0.01217	0.10657	0.27799	0.20524	0.06733	0.07302	0.01840	0.01418	0.00684	0.00597	0.00165	0.05784	0.04412	0.03529	0.00729
9	0.86003	0.00964	0.00733	0.00655	0.00964	0.01118	0.00540	0.01465	0.00848	0.02236	0.00694	0.00810	0.00540	0.00463	0.00308	0.00154	0.00386	0.00270	0.00308	0.00540
10	0.00646	0.00485	0.00578	0.00597	0.00692	0.00439	0.00419	0.00778	0.01118	0.01474	0.26126	0.25007	0.26917	0.11433	0.00845	0.00213	0.00286	0.01064	0.00468	0.00416
11	0.00722	0.00485	0.00561	0.00576	0.00585	0.00484	0.00343	0.00741	0.00765	0.01018	0.01711	0.08547	0.01972	0.72346	0.02302	0.00450	0.00469	0.05282	0.00322	0.00318
12	0.01895	0.01396	0.01496	0.01147	0.01546	0.01546	0.00947	0.77711	0.02344	0.03141	0.01197	0.01197	0.00848	0.00598	0.00499	0.00150	0.00548	0.00449	0.00499	0.00848
13	0.01093	0.25165	0.58134	0.01261	0.01910	0.01387	0.01563	0.01554	0.01041	0.01464	0.00838	0.00981	0.00634	0.00460	0.00430	0.00143	0.00679	0.00340	0.00211	0.00709
14	0.86003	0.00964	0.00733	0.00655	0.00964	0.01118	0.00540	0.01465	0.00848	0.02236	0.00694	0.00810	0.00540	0.00463	0.00308	0.00154	0.00386	0.00270	0.00308	0.00540
15	0.01449	0.00681	0.00897	0.00800	0.01031	0.00617	0.00620	0.01666	0.05196	0.39887	0.04292	0.29212	0.06757	0.01014	0.00561	0.00175	0.00364	0.03591	0.00543	0.00647
16	0.48436	0.00912	0.00923	0.00759	0.01102	0.00945	0.00626	0.01898	0.01108	0.36985	0.01265	0.01207	0.00851	0.00532	0.00395	0.00154	0.00403	0.00374	0.00447	0.00678
17	0.07027	0.12898	0.09510	0.01397	0.05745	0.01154	0.24558	0.01805	0.01201	0.25601	0.03448	0.01374	0.00974	0.00508	0.00489	0.00152	0.00599	0.00475	0.00367	0.00720
18	0.03492	0.00807	0.01085	0.25605	0.01773	0.00884	0.00856	0.01630	0.17655	0.13620	0.18567	0.04139	0.06341	0.00735	0.00523	0.00164	0.00437	0.00630	0.00436	0.00619
19	0.01433	0.01104	0.01271	0.01044	0.01299	0.10212	0.04811	0.04555	0.10410	0.18886	0.05902	0.01591	0.01221	0.05024	0.00818	0.00173	0.16467	0.00487	0.02013	0.11278
20	0.00733	0.00569	0.00687	0.00684	0.00822	0.00532	0.00502	0.01012	0.08602	0.01608	0.25036	0.30464	0.15717	0.01169	0.00582	0.00171	0.00289	0.03028	0.00478	0.07317
21	0.01208	0.01052	0.01442	0.34944	0.13739	0.03244	0.01155	0.10675	0.18375	0.03813	0.01333	0.03106	0.02582	0.00582	0.00503	0.00162	0.00564	0.00501	0.00343	0.00678
22	0.01057	0.01049	0.01912	0.47012	0.20867	0.01156	0.16946	0.01399	0.01065	0.01422	0.00923	0.01310	0.00712	0.00470	0.00516	0.00162	0.00684	0.00473	0.00234	0.00633
23	0.01616	0.00996	0.01263	0.08043	0.06558	0.01031	0.00872	0.24334	0.06766	0.25732	0.01589	0.09247	0.01244	0.00837	0.04617	0.00190	0.00523	0.00564	0.00473	0.03504

[dist]
# distance from previous block
# <min> <max>
20	33

[block]
# block no. 5 follows, 50 sequences, length 19
# corresponding to MSA columns:
# 305-323
name=unknown_F
#
# <colnr> <probs for GDERKNQSTAVLIFYWHMCP>
#	G	D	E	R	K	N	Q	S	T	A	V	L	I	F	Y	W	H	M	C	P
0	0.00926	0.03253	0.05885	0.01385	0.22538	0.00805	0.00881	0.05839	0.01176	0.01571	0.07469	0.15585	0.19822	0.04203	0.00635	0.00181	0.00431	0.06459	0.00382	0.00573
1	0.01355	0.65017	0.07181	0.01007	0.01440	0.09551	0.05694	0.01553	0.01064	0.01228	0.00732	0.00858	0.00647	0.00437	0.00358	0.00116	0.00600	0.00298	0.00220	0.00642
2	0.00984	0.20597	0.03840	0.00804	0.01020	0.03242	0.00666	0.05849	0.02378	0.02722	0.07196	0.34104	0.04946	0.01040	0.00567	0.03102	0.00407	0.02445	0.00384	0.03707
3	0.01196	0.05976	0.27695	0.04141	0.43121	0.01238	0.01557	0.06276	0.01173	0.01673	0.00925	0.01151	0.00730	0.00464	0.00478	0.00150	0.00636	0.00410	0.00248	0.00762
4	0.05647	0.15420	0.05883	0.00900	0.01254	0.02303	0.00792	0.06341	0.10189	0.31549	0.10755	0.04011	0.01535	0.00647	0.00472	0.00149	0.00444	0.00517	0.00470	0.00721
5	0.01081	0.07454	0.37495	0.01446	0.02014	0.01177	0.22265	0.01603	0.06773	0.01612	0.03844	0.01270	0.00890	0.00481	0.00491	0.00150	0.00673	0.00448	0.00264	0.08567
6	0.03071	0.06878	0.11332	0.13540	0.03486	0.01069	0.15763	0.01550	0.01112	0.16463	0.01361	0.08069	0.01157	0.00673	0.00606	0.00170	0.06636	0.06077	0.00340	0.00647
7	0.01270	0.01251	0.12856	0.01956	0.32401	0.01028	0.10598	0.01649	0.05961	0.13565	0.01390	0.11356	0.01187	0.00625	0.00522	0.00161	0.00568	0.00588	0.00342	0.00729
8	0.01074	0.00912	0.01466	0.40632	0.10919	0.01033	0.05795	0.03611	0.05212	0.06354	0.05930	0.07876	0.01262	0.00653	0.00566	0.00169	0.03541	0.02072	0.00317	0.00607
9	0.00734	0.13091	0.00884	0.00637	0.00796	0.00665	0.00495	0.00880	0.01131	0.01449	0.20688	0.24773	0.29688	0.01159	0.00560	0.00165	0.00301	0.00996	0.00444	0.00461
10	0.01186	0.01141	0.01934	0.21463	0.21719	0.03071	0.20517	0.04387	0.05255	0.03784	0.03863	0.01402	0.00933	0.00528	0.00606	0.00164	0.06589	0.00501	0.00285	0.00671
11	0.05743	0.27353	0.31277	0.01201	0.03427	0.09252	0.01258	0.01565	0.01044	0.03430	0.00811	0.00970	0.00652	0.00509	0.00544	0.00145	0.09584	0.00339	0.00233	0.00663
12	0.00610	0.00454	0.00558	0.00639	0.00700	0.00413	0.00433	0.00701	0.00985	0.01272	0.03237	0.58555	0.21685	0.06374	0.00739	0.00211	0.00292	0.01286	0.00453	0.00403
13	0.00656	0.00465	0.00607	0.00673	0.00733	0.00456	0.00471	0.00775	0.00953	0.01311	0.04883	0.49332	0.09233	0.04886	0.15614	0.00314	0.00483	0.01109	0.06627	0.00416
14	0.40691	0.15979	0.04805	0.04817	0.09618	0.09014	0.00851	0.01583	0.01014	0.06484	0.00822	0.00950	0.00646	0.00471	0.00372	0.00143	0.00515	0.00319	0.00290	0.00616
15	0.05067	0.33596	0.19463	0.01027	0.01484	0.03796	0.01048	0.13004	0.03311	0.08201	0.02676	0.03373	0.00898	0.00534	0.00419	0.00137	0.00560	0.00392	0.00316	0.00698
16	0.05860	0.14999	0.08463	0.00998	0.01325	0.08971	0.00878	0.21160	0.06767	0.04816	0.01449	0.16107	0.01354	0.00759	0.00486	0.00156	0.00522	0.03885	0.00388	0.00658
17	0.05797	0.58091	0.14470	0.00930	0.01387	0.01687	0.00974	0.01563	0.02889	0.05240	0.00912	0.00994	0.02343	0.00469	0.00363	0.00122	0.00542	0.00318	0.00250	0.00659
18	0.01465	0.32575	0.22509	0.01051	0.01539	0.01447	0.01100	0.14534	0.01325	0.14065	0.03266	0.01159	0.00882	0.00515	0.00427	0.00136	0.00564	0.00379	0.00334	0.00729

[dist]
# distance from previous block
# <min> <max>
2	19

[block]
# block no. 6 follows, 50 sequences, length 18
# corresponding to MSA columns:
# 343-360
name=unknown_G
#
# <colnr> <probs for GDERKNQSTAVLIFYWHMCP>
#	G	D	E	R	K	N	Q	S	T	A	V	L	I	F	Y	W	H	M	C	P
0	0.02978	0.09279	0.12566	0.03909	0.11864	0.02761	0.10056	0.01593	0.08204	0.09306	0.08427	0.07650	0.01394	0.00618	0.00492	0.00150	0.00532	0.00548	0.00348	0.07328
1	0.01437	0.16286	0.09559	0.01853	0.29735	0.15589	0.04096	0.05737	0.03344	0.06384	0.00969	0.01125	0.00770	0.00481	0.00457	0.00140	0.00642	0.00395	0.00282	0.00721
2	0.01072	0.00935	0.01408	0.01900	0.38347	0.00950	0.01085	0.06371	0.06554	0.01663	0.01871	0.08618	0.08699	0.00930	0.03727	0.00196	0.00526	0.14134	0.00357	0.00657
3	0.01311	0.06469	0.18489	0.01167	0.01588	0.01249	0.06353	0.07198	0.40390	0.08098	0.01569	0.01526	0.01153	0.00589	0.00493	0.00160	0.00521	0.00492	0.00415	0.00769
4	0.01365	0.20121	0.26441	0.01309	0.04819	0.12983	0.06529	0.14896	0.01336	0.01704	0.01026	0.01145	0.03183	0.00511	0.00452	0.00141	0.00668	0.00393	0.00281	0.00699
5	0.20840	0.24477	0.01254	0.00777	0.01004	0.02681	0.00655	0.01183	0.00985	0.01501	0.01615	0.26392	0.01764	0.00927	0.00472	0.00166	0.00420	0.12021	0.00350	0.00516
6	0.01394	0.24823	0.08074	0.00912	0.01234	0.09222	0.00818	0.01583	0.01167	0.20881	0.04628	0.18500	0.01561	0.00772	0.00477	0.00150	0.00495	0.02285	0.00390	0.00633
7	0.00951	0.00813	0.01246	0.06017	0.22851	0.00832	0.05559	0.01267	0.08868	0.01455	0.01696	0.16672	0.01736	0.16314	0.00931	0.00234	0.00492	0.08890	0.02613	0.00563
8	0.00888	0.00733	0.01007	0.07731	0.14817	0.02272	0.00807	0.05071	0.01108	0.01456	0.02252	0.23751	0.09926	0.09179	0.00784	0.00216	0.00450	0.16652	0.00386	0.00514
9	0.01034	0.00886	0.01034	0.00738	0.01181	0.00664	0.00591	0.01255	0.01034	0.01624	0.00886	0.01034	0.00738	0.00369	0.00369	0.00074	0.00369	0.00295	0.00295	0.85530
10	0.00653	0.00507	0.00594	0.00572	0.00713	0.00448	0.00429	0.00840	0.01288	0.01706	0.45908	0.04205	0.38088	0.01128	0.00588	0.00162	0.00243	0.00969	0.00510	0.00448
11	0.01019	0.00897	0.01472	0.04129	0.41023	0.00886	0.04099	0.01259	0.01111	0.03164	0.03353	0.17969	0.05798	0.00847	0.00559	0.00172	0.00498	0.10769	0.00342	0.00634
12	0.00605	0.00443	0.00568	0.00668	0.00716	0.00407	0.00451	0.00697	0.00979	0.01282	0.03059	0.71696	0.13557	0.01521	0.00630	0.00198	0.00284	0.01368	0.00463	0.00407
13	0.01273	0.01739	0.23196	0.03993	0.27557	0.12495	0.06912	0.05540	0.04514	0.01616	0.00948	0.01163	0.00746	0.00506	0.00560	0.00155	0.05687	0.00421	0.00260	0.00718
14	0.01396	0.07451	0.35869	0.01306	0.01816	0.20349	0.05373	0.07247	0.06629	0.06441	0.01024	0.01120	0.00756	0.00509	0.00470	0.00148	0.00711	0.00389	0.00290	0.00707
15	0.26498	0.03698	0.01074	0.00858	0.01166	0.10001	0.00690	0.14901	0.01355	0.14122	0.10861	0.04633	0.01358	0.00622	0.00440	0.00146	0.00459	0.00469	0.00416	0.06233
16	0.01203	0.23346	0.01747	0.01401	0.17609	0.01254	0.05643	0.14930	0.01271	0.01674	0.01421	0.23470	0.01449	0.00774	0.00492	0.00153	0.00500	0.00674	0.00343	0.00645
17	0.00997	0.00688	0.00984	0.01084	0.11481	0.00731	0.00702	0.10899	0.00991	0.01364	0.01129	0.05088	0.01064	0.01951	0.22994	0.35908	0.00710	0.00507	0.00282	0.00447

[dist]
# distance from previous block
# <min> <max>
14	54

[block]
# block no. 7 follows, 50 sequences, length 12
# corresponding to MSA columns:
# 427-438
name=unknown_H
#
# <colnr> <probs for GDERKNQSTAVLIFYWHMCP>
#	G	D	E	R	K	N	Q	S	T	A	V	L	I	F	Y	W	H	M	C	P
0	0.05297	0.07801	0.01371	0.05751	0.27140	0.03941	0.00946	0.01218	0.01021	0.01430	0.01492	0.15176	0.05522	0.02373	0.12694	0.00256	0.00622	0.00623	0.00301	0.05025
1	0.15353	0.01023	0.07550	0.00937	0.01252	0.00909	0.05509	0.15103	0.01287	0.09588	0.05444	0.21539	0.01606	0.00793	0.00495	0.00158	0.00442	0.00674	0.00411	0.09925
2	0.01237	0.28087	0.17128	0.25609	0.04532	0.05424	0.01234	0.05651	0.01128	0.04372	0.00878	0.01084	0.00684	0.00479	0.00433	0.00141	0.00630	0.00367	0.00249	0.00653
3	0.01059	0.00743	0.00951	0.00788	0.01063	0.00682	0.00625	0.04812	0.01083	0.10169	0.07790	0.01687	0.01322	0.01721	0.30343	0.00365	0.00733	0.00466	0.00351	0.33248
4	0.05002	0.00764	0.00868	0.00687	0.00972	0.00649	0.00511	0.03684	0.01003	0.01535	0.05427	0.03733	0.01309	0.23148	0.00988	0.00201	0.00398	0.00478	0.00323	0.48319
5	0.01372	0.01473	0.07451	0.14598	0.01902	0.20502	0.10917	0.11356	0.01305	0.04523	0.02983	0.01325	0.00886	0.03636	0.00634	0.00162	0.05743	0.00444	0.03543	0.05245
6	0.01357	0.01072	0.01178	0.05993	0.01397	0.02580	0.00803	0.34396	0.16857	0.02301	0.05866	0.09869	0.08017	0.00768	0.00518	0.00157	0.00455	0.00632	0.00463	0.05320
7	0.00760	0.00537	0.00656	0.00667	0.00794	0.00498	0.00495	0.00981	0.05212	0.05665	0.24156	0.27380	0.23171	0.01228	0.00600	0.00178	0.00288	0.05761	0.00496	0.00474
8	0.13844	0.17980	0.30911	0.01140	0.01612	0.09036	0.03431	0.01603	0.01056	0.06404	0.00882	0.01019	0.00677	0.00504	0.00499	0.00148	0.06195	0.00350	0.02051	0.00659
9	0.03305	0.01851	0.23915	0.01353	0.06550	0.21051	0.03147	0.11685	0.05426	0.13185	0.01114	0.01184	0.00809	0.00538	0.00507	0.00151	0.02759	0.00407	0.00340	0.00723
10	0.00659	0.00471	0.00585	0.00623	0.00679	0.00442	0.00417	0.00764	0.01024	0.01379	0.21309	0.36242	0.09997	0.21806	0.01099	0.00259	0.00322	0.01084	0.00443	0.00396
11	0.00723	0.00548	0.00760	0.04512	0.07666	0.00538	0.00584	0.00847	0.00989	0.01332	0.10309	0.40485	0.04554	0.17958	0.01005	0.00250	0.00376	0.05721	0.00409	0.00434

[dist]
# distance from previous block
# <min> <max>
2	3

[block]
# block no. 8 follows, 50 sequences, length 26
# corresponding to MSA columns:
# 442-451,453-468
name=unknown_I
#
# <colnr> <probs for GDERKNQSTAVLIFYWHMCP>
#	G	D	E	R	K	N	Q	S	T	A	V	L	I	F	Y	W	H	M	C	P
0	0.01415	0.10516	0.04923	0.01296	0.04906	0.04053	0.13729	0.24422	0.12696	0.02065	0.01138	0.01233	0.00869	0.00519	0.00495	0.00141	0.02073	0.00438	0.00362	0.12712
1	0.01368	0.06299	0.09507	0.01519	0.04231	0.01280	0.28938	0.13039	0.08972	0.08912	0.01162	0.01311	0.00863	0.00527	0.00596	0.00159	0.06460	0.00490	0.00340	0.04026
2	0.01790	0.01610	0.01432	0.01231	0.04785	0.25870	0.00941	0.37595	0.05262	0.07172	0.01114	0.01157	0.00827	0.00564	0.00500	0.00142	0.02256	0.00410	0.00405	0.04938
3	0.01268	0.01506	0.08111	0.02094	0.15202	0.08744	0.48987	0.04841	0.01232	0.01630	0.00974	0.01257	0.00746	0.00444	0.00547	0.00159	0.00785	0.00517	0.00259	0.00695
4	0.00632	0.00492	0.00567	0.00608	0.00719	0.00440	0.00446	0.00755	0.01071	0.01343	0.07050	0.25188	0.42072	0.07178	0.00752	0.00206	0.00301	0.09312	0.00454	0.00414
5	0.00705	0.00475	0.00549	0.00568	0.00573	0.00470	0.00329	0.00720	0.00763	0.01017	0.01765	0.16285	0.02057	0.69125	0.02223	0.00437	0.00451	0.00839	0.00329	0.00319
6	0.00622	0.00453	0.00589	0.00690	0.00741	0.00420	0.00479	0.00726	0.00997	0.01313	0.04769	0.67053	0.10908	0.01506	0.00634	0.00200	0.00296	0.06727	0.00464	0.00412
7	0.00697	0.00493	0.00657	0.00756	0.00813	0.00479	0.00567	0.00825	0.00994	0.01311	0.02539	0.42316	0.02925	0.13012	0.00926	0.00253	0.00380	0.29206	0.00438	0.00410
8	0.01176	0.01345	0.02941	0.02101	0.02605	0.01261	0.77563	0.01597	0.01176	0.01597	0.01008	0.01345	0.00756	0.00420	0.00588	0.00168	0.00840	0.00588	0.00252	0.00672
9	0.00631	0.00451	0.00605	0.00721	0.00760	0.00425	0.00504	0.00735	0.00977	0.01299	0.02734	0.72978	0.03245	0.01539	0.00642	0.00206	0.00310	0.10364	0.00462	0.00411
10	0.01034	0.00886	0.01034	0.00738	0.01181	0.00664	0.00591	0.01255	0.01034	0.01624	0.00886	0.01034	0.00738	0.00369	0.00369	0.00074	0.00369	0.00295	0.00295	0.85530
11	0.01399	0.72710	0.02462	0.00907	0.01312	0.11807	0.00867	0.01555	0.01063	0.01179	0.00703	0.00812	0.00640	0.00437	0.00336	0.00109	0.00579	0.00273	0.00219	0.00632
12	0.01547	0.00809	0.01013	0.00838	0.01119	0.00782	0.00669	0.07276	0.13495	0.36308	0.27640	0.02362	0.02408	0.00759	0.00531	0.00157	0.00365	0.00641	0.00569	0.00713
13	0.00606	0.00439	0.00573	0.00681	0.00719	0.00406	0.00457	0.00696	0.00967	0.01278	0.02910	0.76702	0.08647	0.01540	0.00633	0.00200	0.00287	0.01391	0.00463	0.00406
14	0.01034	0.00886	0.01034	0.00738	0.01181	0.00664	0.00591	0.01255	0.01034	0.01624	0.00886	0.01034	0.00738	0.00369	0.00369	0.00074	0.00369	0.00295	0.00295	0.85530
15	0.45098	0.00773	0.00683	0.04208	0.00939	0.00867	0.00514	0.03802	0.00983	0.02070	0.01095	0.01269	0.00853	0.00516	0.00339	0.00139	0.00341	0.00362	0.34628	0.00520
16	0.01003	0.01047	0.08738	0.07348	0.23661	0.00937	0.06453	0.04487	0.01260	0.01782	0.31260	0.02189	0.02278	0.00700	0.00592	0.00159	0.04490	0.00624	0.00368	0.00626
17	0.10648	0.14982	0.02670	0.00829	0.01140	0.01136	0.00706	0.14489	0.12238	0.13063	0.05213	0.01506	0.01201	0.00583	0.00423	0.00140	0.00413	0.00446	0.17501	0.00672
18	0.04933	0.56018	0.09635	0.00913	0.01361	0.01673	0.00916	0.06904	0.01125	0.05309	0.00825	0.00913	0.00686	0.00450	0.00359	0.00117	0.00530	0.00303	0.00263	0.06768
19	0.05506	0.30546	0.21653	0.00999	0.01445	0.01363	0.01036	0.03501	0.11338	0.08590	0.06704	0.03065	0.01156	0.00561	0.00430	0.00141	0.00523	0.00428	0.00328	0.00685
20	0.17738	0.10319	0.11413	0.04399	0.01504	0.03889	0.04702	0.18050	0.02867	0.09261	0.06334	0.01348	0.02365	0.00557	0.00446	0.00147	0.00524	0.00429	0.00369	0.03338
21	0.01257	0.35102	0.36116	0.01117	0.01657	0.05349	0.01268	0.01603	0.01093	0.07023	0.03565	0.01079	0.00818	0.00485	0.00416	0.00135	0.00622	0.00352	0.00255	0.00688
22	0.01161	0.28323	0.08401	0.04124	0.17907	0.01301	0.02732	0.04212	0.03765	0.01587	0.12883	0.01463	0.01344	0.00537	0.00440	0.00131	0.00509	0.00443	0.00301	0.08438
23	0.14174	0.00967	0.01229	0.07619	0.04130	0.00971	0.05835	0.09548	0.06853	0.17900	0.01580	0.01610	0.08047	0.00590	0.00488	0.00146	0.02272	0.00478	0.00403	0.15162
24	0.05288	0.06954	0.24676	0.01213	0.07144	0.01152	0.01127	0.09751	0.14602	0.09414	0.01265	0.01306	0.02018	0.00528	0.00456	0.00144	0.00533	0.00418	0.00353	0.11658
25	0.06222	0.05502	0.06056	0.02454	0.14113	0.01070	0.00926	0.09514	0.09536	0.07402	0.03028	0.01335	0.02387	0.00527	0.00495	0.00133	0.04101	0.00417	0.00350	0.24431

[dist]
# distance from previous block
# <min> <max>
7	35

[block]
# block no. 9 follows, 50 sequences, length 58
# corresponding to MSA columns:
# 506-563
name=unknown_J
#
# <colnr> <probs for GDERKNQSTAVLIFYWHMCP>
#	G	D	E	R	K	N	Q	S	T	A	V	L	I	F	Y	W	H	M	C	P
0	0.04246	0.01419	0.17890	0.01818	0.29977	0.01150	0.01270	0.11763	0.09701	0.10898	0.01343	0.01429	0.03761	0.00546	0.00490	0.00154	0.00556	0.00465	0.00353	0.00771
1	0.07837	0.08252	0.09590	0.01154	0.08780	0.05825	0.00918	0.09122	0.14887	0.04424	0.02481	0.02775	0.02466	0.00542	0.00442	0.00134	0.00494	0.00428	0.00352	0.19098
2	0.17515	0.01153	0.10314	0.01084	0.06992	0.01023	0.02538	0.07786	0.15688	0.11865	0.04518	0.01585	0.02521	0.05833	0.00589	0.00172	0.00468	0.00470	0.00394	0.07493
3	0.03169	0.01038	0.04646	0.00900	0.01269	0.00939	0.00755	0.10449	0.13479	0.08303	0.06077	0.01406	0.01150	0.00545	0.00515	0.00124	0.05626	0.00422	0.00386	0.38802
4	0.01277	0.01301	0.02050	0.11955	0.45123	0.08713	0.15636	0.04967	0.01207	0.01609	0.00940	0.01232	0.00757	0.00460	0.00508	0.00152	0.00674	0.00459	0.00257	0.00722
5	0.11861	0.02377	0.07173	0.08621	0.01280	0.00864	0.00770	0.07576	0.01019	0.03401	0.01367	0.14005	0.01342	0.10519	0.18903	0.00344	0.03411	0.00609	0.00324	0.04234
6	0.01285	0.00967	0.00985	0.00848	0.01051	0.06427	0.00674	0.23079	0.05831	0.02088	0.01506	0.03252	0.03946	0.00664	0.00567	0.00145	0.09575	0.00493	0.36011	0.00606
7	0.01126	0.00887	0.00992	0.00891	0.01122	0.00961	0.00704	0.16390	0.29499	0.02119	0.19479	0.06426	0.08077	0.00892	0.00554	0.00170	0.00380	0.08176	0.00505	0.00651
8	0.00655	0.00468	0.00620	0.00698	0.00754	0.00441	0.00495	0.00786	0.01064	0.01440	0.19147	0.53387	0.03488	0.04990	0.00715	0.00208	0.00305	0.09448	0.00474	0.00420
9	0.05965	0.01120	0.07272	0.41793	0.21537	0.02840	0.01331	0.01507	0.02453	0.08039	0.00997	0.01287	0.00748	0.00495	0.00484	0.00159	0.00616	0.00432	0.00271	0.00654
10	0.01248	0.28815	0.07419	0.01605	0.10582	0.06417	0.26231	0.01528	0.01088	0.01397	0.00886	0.02912	0.00756	0.00493	0.00549	0.00146	0.06591	0.00441	0.00238	0.00657
11	0.00658	0.00493	0.00713	0.00786	0.00847	0.00465	0.03959	0.00778	0.00989	0.01315	0.02655	0.68627	0.03128	0.01487	0.00641	0.00204	0.00336	0.11041	0.00453	0.00424
12	0.01244	0.15782	0.54934	0.01244	0.01875	0.01230	0.01507	0.01694	0.01103	0.13407	0.01024	0.01108	0.00725	0.00487	0.00452	0.00149	0.00655	0.00371	0.00273	0.00737
13	0.01011	0.05408	0.77173	0.01401	0.02126	0.01186	0.01807	0.01575	0.01051	0.01564	0.00887	0.01043	0.00632	0.00472	0.00468	0.00156	0.00729	0.00365	0.00211	0.00733
14	0.86003	0.00964	0.00733	0.00655	0.00964	0.01118	0.00540	0.01465	0.00848	0.02236	0.00694	0.00810	0.00540	0.00463	0.00308	0.00154	0.00386	0.00270	0.00308	0.00540
15	0.01038	0.01026	0.01974	0.07554	0.09116	0.00997	0.37788	0.01359	0.01072	0.01520	0.01163	0.05065	0.00983	0.00983	0.12431	0.00250	0.00767	0.00561	0.07543	0.06810
16	0.00619	0.00506	0.00546	0.00536	0.00692	0.00433	0.00402	0.00773	0.01207	0.01514	0.24034	0.04522	0.60082	0.01200	0.00589	0.00165	0.00248	0.01013	0.00485	0.00433
17	0.86003	0.00964	0.00733	0.00655	0.00964	0.01118	0.00540	0.01465	0.00848	0.02236	0.00694	0.00810	0.00540	0.00463	0.00308	0.00154	0.00386	0.00270	0.00308	0.00540
18	0.01167	0.01116	0.01903	0.20878	0.62075	0.01167	0.01497	0.01471	0.01103	0.01548	0.00926	0.01255	0.00761	0.00456	0.00495	0.00152	0.00609	0.00444	0.00241	0.00736
19	0.00600	0.00475	0.00540	0.00589	0.00696	0.00415	0.00417	0.00712	0.01065	0.01331	0.05917	0.37783	0.44932	0.01384	0.00609	0.00183	0.00268	0.01204	0.00465	0.00415
20	0.00620	0.00471	0.00573	0.00630	0.00718	0.00423	0.00445	0.00744	0.01081	0.01403	0.14128	0.44638	0.27677	0.01386	0.00616	0.00186	0.00274	0.03093	0.00475	0.00420
21	0.00948	0.00893	0.01507	0.79519	0.05147	0.01109	0.01388	0.01279	0.01000	0.01282	0.00887	0.01327	0.00667	0.00497	0.00498	0.00166	0.00663	0.00443	0.00222	0.00559
22	0.00757	0.00599	0.00882	0.00856	0.00933	0.00727	0.00672	0.00923	0.00795	0.01158	0.01259	0.01881	0.01187	0.04895	0.69734	0.00726	0.10774	0.00526	0.00262	0.00454
23	0.01086	0.01033	0.01756	0.42643	0.40945	0.01145	0.01456	0.01400	0.01065	0.01449	0.00911	0.01282	0.00726	0.00472	0.00496	0.00157	0.00629	0.00444	0.00234	0.00670
24	0.01895	0.01396	0.01496	0.01147	0.01546	0.01546	0.00947	0.77711	0.02344	0.03141	0.01197	0.01197	0.00848	0.00598	0.00499	0.00150	0.00548	0.00449	0.00499	0.00848
25	0.86003	0.00964	0.00733	0.00655	0.00964	0.01118	0.00540	0.01465	0.00848	0.02236	0.00694	0.00810	0.00540	0.00463	0.00308	0.00154	0.00386	0.00270	0.00308	0.00540
26	0.01133	0.01081	0.01841	0.30027	0.53194	0.01158	0.01480	0.01441	0.01087	0.01506	0.00920	0.01266	0.00746	0.00463	0.00495	0.00154	0.00617	0.00444	0.00238	0.00708
27	0.00846	0.00643	0.00759	0.00703	0.00871	0.00643	0.00536	0.01329	0.18674	0.03783	0.49793	0.03404	0.14133	0.00966	0.00568	0.00161	0.00278	0.00837	0.00529	0.00544
28	0.01234	0.01184	0.02023	0.03059	0.79373	0.01184	0.01530	0.01530	0.01135	0.01628	0.00938	0.01234	0.00790	0.00444	0.00493	0.00148	0.00592	0.00444	0.00247	0.00790
29	0.00607	0.00434	0.00578	0.00694	0.00723	0.00405	0.00463	0.00694	0.00954	0.01272	0.02747	0.82157	0.03297	0.01562	0.00636	0.00202	0.00289	0.01417	0.00463	0.00405
30	0.00878	0.00788	0.01360	0.01375	0.14269	0.00750	0.16861	0.01131	0.01201	0.01657	0.27118	0.17768	0.04909	0.00935	0.00589	0.00172	0.00450	0.06826	0.00410	0.00551
31	0.00611	0.00441	0.00572	0.00674	0.00712	0.00409	0.00450	0.00697	0.00959	0.01266	0.02869	0.73408	0.08781	0.04717	0.00707	0.00211	0.00294	0.01363	0.00456	0.00402
32	0.86003	0.00964	0.00733	0.00655	0.00964	0.01118	0.00540	0.01465	0.00848	0.02236	0.00694	0.00810	0.00540	0.00463	0.00308	0.00154	0.00386	0.00270	0.00308	0.00540
33	0.01325	0.42570	0.25600	0.01147	0.03225	0.15783	0.01184	0.01608	0.01099	0.01313	0.00773	0.00902	0.00641	0.00457	0.00393	0.00127	0.00661	0.00311	0.00221	0.00661
34	0.01227	0.00932	0.01000	0.00875	0.01149	0.01001	0.00688	0.11608	0.40036	0.08913	0.02774	0.02594	0.23422	0.00827	0.00529	0.00165	0.00376	0.00682	0.00503	0.00697
35	0.00853	0.00738	0.01198	0.17677	0.04581	0.00811	0.08038	0.01096	0.01056	0.01442	0.13531	0.09520	0.02022	0.01424	0.15055	0.00296	0.05847	0.13958	0.00347	0.00511
36	0.00724	0.00486	0.00558	0.00558	0.00563	0.00491	0.00320	0.00734	0.00729	0.00977	0.01557	0.03188	0.01780	0.78027	0.06949	0.00501	0.00531	0.00714	0.00300	0.00310
37	0.01333	0.82783	0.02612	0.00853	0.01279	0.01972	0.00853	0.01493	0.01013	0.01173	0.00693	0.00800	0.00640	0.00426	0.00320	0.00107	0.00533	0.00267	0.00213	0.00640
38	0.00615	0.00464	0.00570	0.00641	0.00719	0.00419	0.00449	0.00728	0.01045	0.01352	0.08931	0.52202	0.25083	0.01432	0.00621	0.00190	0.00280	0.03377	0.00469	0.00416
39	0.01524	0.50873	0.02140	0.00993	0.01374	0.18683	0.00888	0.12636	0.04100	0.01500	0.00831	0.00917	0.00702	0.00479	0.00380	0.00120	0.00609	0.00315	0.00274	0.00662
40	0.00737	0.00542	0.00721	0.00791	0.00904	0.00509	0.00631	0.00913	0.01089	0.01451	0.07284	0.31101	0.06691	0.01339	0.00636	0.00202	0.00371	0.36980	0.00454	0.06654
41	0.79884	0.00955	0.00764	0.00672	0.00986	0.01090	0.00554	0.01536	0.00891	0.07897	0.00787	0.00875	0.00591	0.00474	0.00323	0.00154	0.00388	0.00287	0.00331	0.00562
42	0.00692	0.00505	0.00670	0.00772	0.00855	0.00482	0.00605	0.00847	0.01062	0.01379	0.02971	0.38917	0.12063	0.01444	0.00654	0.00210	0.00361	0.34620	0.00461	0.00431
43	0.01231	0.50798	0.23106	0.01175	0.07220	0.01656	0.01163	0.01584	0.05416	0.01366	0.00840	0.00959	0.00698	0.00454	0.00384	0.00127	0.00584	0.00323	0.00232	0.00685
44	0.01305	0.01035	0.01123	0.00928	0.01260	0.01087	0.00736	0.15774	0.38482	0.03716	0.01567	0.01534	0.01184	0.00579	0.00460	0.00138	0.00405	0.00468	0.06647	0.21572
45	0.68030	0.15289	0.01086	0.00714	0.01041	0.04290	0.00611	0.01490	0.00898	0.02012	0.00697	0.00811	0.00561	0.00458	0.00316	0.00145	0.00431	0.00271	0.00290	0.00559
46	0.00720	0.00483	0.00551	0.00555	0.00558	0.00483	0.00315	0.00727	0.00735	0.00982	0.01610	0.06237	0.01856	0.77619	0.04229	0.00480	0.00495	0.00747	0.00307	0.00309
47	0.00638	0.00491	0.00707	0.00760	0.00826	0.00454	0.04820	0.00747	0.00980	0.01296	0.02817	0.71933	0.08696	0.01475	0.00630	0.00198	0.00318	0.01343	0.00451	0.00421
48	0.01176	0.01345	0.02941	0.02101	0.02605	0.01261	0.77563	0.01597	0.01176	0.01597	0.01008	0.01345	0.00756	0.00420	0.00588	0.00168	0.00840	0.00588	0.00252	0.00672
49	0.01145	0.19162	0.50156	0.01316	0.01901	0.07148	0.04920	0.01570	0.01060	0.01447	0.00835	0.01004	0.00641	0.00487	0.00511	0.00149	0.05285	0.00357	0.00217	0.00691
50	0.00824	0.00493	0.00657	0.00711	0.00794	0.00451	0.00496	0.00933	0.01045	0.11485	0.06967	0.65645	0.04770	0.01402	0.00615	0.00193	0.00303	0.01261	0.00488	0.00466
51	0.00758	0.00544	0.00740	0.00783	0.00899	0.00526	0.00649	0.00990	0.01270	0.01727	0.38151	0.04741	0.03721	0.01211	0.00642	0.00196	0.00355	0.41135	0.00501	0.00464
52	0.01810	0.01354	0.01448	0.01130	0.01513	0.01506	0.00927	0.67980	0.12213	0.03004	0.01305	0.01283	0.00935	0.00608	0.00500	0.00152	0.00529	0.00464	0.00500	0.00840
53	0.00620	0.00506	0.00548	0.00538	0.00692	0.00434	0.00403	0.00776	0.01210	0.01521	0.24847	0.04510	0.59264	0.01197	0.00589	0.00165	0.00248	0.01012	0.00486	0.00434
54	0.01588	0.11294	0.01477	0.03067	0.01481	0.35389	0.00904	0.11100	0.25349	0.01712	0.01205	0.01231	0.00939	0.00563	0.00459	0.00142	0.00652	0.00408	0.00357	0.00682
55	0.01583	0.01018	0.01146	0.00955	0.01269	0.01091	0.00764	0.18133	0.34707	0.21683	0.04767	0.01752	0.01413	0.00651	0.00495	0.00157	0.00416	0.00530	0.06690	0.00780
56	0.01862	0.02376	0.01413	0.01284	0.01541	0.80482	0.00963	0.01990	0.01413	0.01220	0.00770	0.00899	0.00642	0.00514	0.00449	0.00128	0.00899	0.00321	0.00257	0.00578
57	0.01152	0.00995	0.01594	0.44115	0.02623	0.01070	0.11690	0.08487	0.01178	0.05993	0.00993	0.01287	0.00739	0.00481	0.00488	0.00148	0.00612	0.00441	0.00287	0.15628

[dist]
# distance from previous block
# <min> <max>
0	1

[block]
# block no. 10 follows, 50 sequences, length 28
# corresponding to MSA columns:
# 565-592
name=unknown_K
#
# <colnr> <probs for GDERKNQSTAVLIFYWHMCP>
#	G	D	E	R	K	N	Q	S	T	A	V	L	I	F	Y	W	H	M	C	P
0	0.01091	0.02149	0.54003	0.01613	0.02268	0.01176	0.24961	0.01610	0.01102	0.03932	0.00962	0.01161	0.00688	0.00462	0.00509	0.00161	0.00759	0.00440	0.00235	0.00720
1	0.00941	0.00886	0.01495	0.81285	0.03433	0.01107	0.01384	0.01274	0.00997	0.01274	0.00886	0.01329	0.00664	0.00498	0.00498	0.00166	0.00664	0.00443	0.00221	0.00554
2	0.01890	0.01525	0.01485	0.01165	0.01545	0.11930	0.00949	0.67750	0.02221	0.02889	0.01141	0.01158	0.00821	0.00587	0.00492	0.00147	0.00595	0.00432	0.00467	0.00812
3	0.73744	0.00947	0.00795	0.00689	0.01009	0.01062	0.00568	0.01606	0.00933	0.13576	0.00880	0.00940	0.00641	0.00485	0.00337	0.00154	0.00391	0.00304	0.00354	0.00585
4	0.01792	0.12955	0.01570	0.01227	0.01507	0.70151	0.00949	0.01925	0.01360	0.01214	0.00760	0.00886	0.00642	0.00502	0.00432	0.00126	0.00851	0.00314	0.00251	0.00586
5	0.00740	0.00551	0.00715	0.00787	0.00916	0.00525	0.00666	0.00943	0.01167	0.01496	0.09644	0.05250	0.22777	0.01317	0.00654	0.00208	0.00387	0.50340	0.00467	0.00450
6	0.00666	0.00558	0.00612	0.00603	0.00766	0.00527	0.00459	0.00909	0.07527	0.01373	0.04101	0.04019	0.58071	0.01678	0.15576	0.00287	0.00467	0.00914	0.00430	0.00456
7	0.01822	0.08963	0.01523	0.01231	0.01520	0.64088	0.00952	0.11390	0.01495	0.01456	0.00817	0.00928	0.00667	0.00517	0.00445	0.00129	0.00825	0.00332	0.00283	0.00617
8	0.00603	0.00449	0.00563	0.00654	0.00712	0.00408	0.00445	0.00699	0.00993	0.01288	0.03233	0.65851	0.19290	0.01499	0.00626	0.00195	0.00281	0.01340	0.00463	0.00408
9	0.66003	0.01047	0.00902	0.00763	0.01092	0.01190	0.00629	0.16848	0.01170	0.05259	0.00842	0.00920	0.00627	0.00496	0.00354	0.00153	0.00420	0.00314	0.00358	0.00613
10	0.01183	0.01015	0.01242	0.07810	0.09395	0.00995	0.00840	0.08774	0.22565	0.01864	0.01236	0.01322	0.00964	0.00494	0.00443	0.00122	0.00440	0.00411	0.00362	0.38523
11	0.00601	0.00505	0.00522	0.00518	0.00681	0.00426	0.00388	0.00739	0.01165	0.01414	0.12738	0.04686	0.71440	0.01237	0.00589	0.00167	0.00251	0.01036	0.00472	0.00426
12	0.01388	0.03649	0.02395	0.01922	0.09672	0.24583	0.45781	0.01703	0.01238	0.01478	0.00924	0.01189	0.00723	0.00450	0.00532	0.00153	0.00826	0.00488	0.00252	0.00655
13	0.01929	0.00899	0.01137	0.00910	0.01260	0.00858	0.00739	0.05158	0.18080	0.56091	0.05994	0.01820	0.01464	0.00650	0.00507	0.00157	0.00412	0.00534	0.00585	0.00816
14	0.01234	0.01184	0.02023	0.03059	0.79373	0.01184	0.01530	0.01530	0.01135	0.01628	0.00938	0.01234	0.00790	0.00444	0.00493	0.00148	0.00592	0.00444	0.00247	0.00790
15	0.00619	0.00450	0.00585	0.00674	0.00720	0.00426	0.00456	0.00711	0.00949	0.01255	0.02811	0.64598	0.10559	0.06195	0.06242	0.00256	0.00368	0.01282	0.00440	0.00403
16	0.01543	0.01630	0.01513	0.01676	0.22254	0.31258	0.01069	0.10050	0.20594	0.01748	0.01173	0.01259	0.00922	0.00544	0.00481	0.00146	0.00655	0.00428	0.00342	0.00715
17	0.01942	0.00783	0.01062	0.00837	0.01171	0.00682	0.00682	0.02143	0.01424	0.64763	0.16812	0.02087	0.01901	0.00694	0.00518	0.00155	0.00388	0.00578	0.00604	0.00776
18	0.01401	0.01119	0.01197	0.01012	0.01317	0.01256	0.00805	0.28366	0.43389	0.02420	0.08266	0.01876	0.03930	0.00696	0.00513	0.00161	0.00430	0.00567	0.00506	0.00771
19	0.01034	0.00886	0.01034	0.00738	0.01181	0.00664	0.00591	0.01255	0.01034	0.01624	0.00886	0.01034	0.00738	0.00369	0.00369	0.00074	0.00369	0.00295	0.00295	0.85530
20	0.01333	0.82783	0.02612	0.00853	0.01279	0.01972	0.00853	0.01493	0.01013	0.01173	0.00693	0.00800	0.00640	0.00426	0.00320	0.00107	0.00533	0.00267	0.00213	0.00640
21	0.00866	0.00433	0.00649	0.00649	0.00649	0.00433	0.00433	0.00649	0.00649	0.00866	0.00866	0.01515	0.00866	0.01732	0.01948	0.85498	0.00433	0.00433	0.00216	0.00216
22	0.00964	0.01942	0.50661	0.01166	0.01686	0.06415	0.01364	0.01403	0.01170	0.01644	0.20271	0.01905	0.06009	0.00654	0.00506	0.00156	0.00598	0.00534	0.00311	0.00643
23	0.01008	0.00876	0.01233	0.01084	0.01160	0.01123	0.02492	0.07443	0.00910	0.01332	0.00966	0.01446	0.00900	0.01929	0.29885	0.06298	0.38666	0.00475	0.00260	0.00515
24	0.00638	0.00453	0.00602	0.00710	0.00747	0.00430	0.00491	0.00736	0.00961	0.01277	0.02654	0.67817	0.03145	0.07117	0.00773	0.00225	0.00322	0.10048	0.00451	0.00404
25	0.00715	0.00483	0.00568	0.00593	0.00606	0.00479	0.00363	0.00744	0.00789	0.01049	0.01816	0.14391	0.02099	0.65013	0.02131	0.00425	0.00454	0.06615	0.00336	0.00328
26	0.03030	0.01702	0.25992	0.04781	0.36717	0.07812	0.05259	0.01558	0.01103	0.01555	0.00891	0.01141	0.00710	0.00484	0.00548	0.00155	0.05188	0.00413	0.00236	0.00723
27	0.01459	0.01716	0.03599	0.01710	0.09121	0.31717	0.30071	0.04752	0.01296	0.01518	0.00905	0.01125	0.00715	0.00462	0.00502	0.00142	0.00787	0.00438	0.00266	0.07698

[dist]
# distance from previous block
# <min> <max>
0	29

# created by:
# /st0/software/busco_prod/Augustus/scripts/msa2prfl.pl ./align_prep/44741.fa
