[name]
unknown

[dist]
# distance from previous block
# <min> <max>
1	151

[block]
# block no. 0 follows, 51 sequences, length 23
# corresponding to MSA columns:
# 200-222
name=unknown_A
#
# <colnr> <probs for GDERKNQSTAVLIFYWHMCP>
#	G	D	E	R	K	N	Q	S	T	A	V	L	I	F	Y	W	H	M	C	P
0	0.18438	0.00901	0.01095	0.09462	0.08503	0.06194	0.05211	0.01321	0.01077	0.05951	0.12586	0.08861	0.02856	0.00691	0.00523	0.00156	0.04735	0.00569	0.10321	0.00551
1	0.08510	0.01068	0.02699	0.04904	0.01367	0.05721	0.06941	0.20647	0.12236	0.01965	0.03903	0.08813	0.04633	0.06529	0.03141	0.00198	0.00520	0.00587	0.03023	0.02595
2	0.03657	0.05754	0.01122	0.22197	0.01639	0.04026	0.00815	0.09952	0.08913	0.03499	0.01976	0.02093	0.17189	0.00882	0.05489	0.00191	0.00517	0.00563	0.08954	0.00571
3	0.00938	0.00873	0.01426	0.73004	0.03150	0.01046	0.01282	0.01254	0.00986	0.01292	0.00873	0.01279	0.00663	0.00478	0.00478	0.00154	0.00624	0.00421	0.00226	0.09552
4	0.01263	0.01015	0.01212	0.01160	0.09291	0.06089	0.05396	0.14775	0.18245	0.03871	0.01344	0.01586	0.01086	0.05886	0.03039	0.10254	0.00511	0.00483	0.10363	0.03131
5	0.00897	0.00725	0.01112	0.00959	0.01116	0.00785	0.11082	0.09102	0.00985	0.01370	0.01291	0.02005	0.01220	0.18300	0.44679	0.00566	0.02469	0.00560	0.00291	0.00485
6	0.01560	0.01070	0.01159	0.00909	0.01238	0.01130	0.00741	0.47241	0.01814	0.06365	0.01289	0.01348	0.00948	0.00563	0.00442	0.00132	0.00439	0.00433	0.21464	0.09718
7	0.00756	0.00594	0.00917	0.01025	0.09207	0.00673	0.00709	0.00944	0.00825	0.01190	0.01275	0.01855	0.01181	0.03342	0.72293	0.00722	0.01239	0.00517	0.00261	0.00475
8	0.01192	0.01313	0.10261	0.02846	0.71467	0.01165	0.01541	0.01513	0.01110	0.01600	0.00920	0.01197	0.00762	0.00441	0.00484	0.00147	0.00599	0.00430	0.00239	0.00773
9	0.01701	0.01107	0.01261	0.00966	0.01348	0.01116	0.00791	0.40384	0.03861	0.19721	0.05111	0.01396	0.01101	0.00572	0.00471	0.00135	0.00460	0.00449	0.00480	0.17570
10	0.00687	0.00502	0.00645	0.00609	0.00729	0.00460	0.00457	0.00911	0.01371	0.01922	0.73808	0.03750	0.10264	0.01023	0.00580	0.00155	0.00233	0.00900	0.00535	0.00460
11	0.01293	0.01349	0.01593	0.35263	0.23236	0.20807	0.01272	0.06678	0.01210	0.01461	0.00880	0.01172	0.00695	0.00487	0.00478	0.00149	0.00685	0.00408	0.00252	0.00634
12	0.00928	0.00873	0.01474	0.81548	0.03385	0.01092	0.01365	0.01256	0.00983	0.01256	0.00873	0.01310	0.00655	0.00491	0.00491	0.00164	0.00655	0.00437	0.00218	0.00546
13	0.00968	0.00844	0.01113	0.22545	0.01730	0.00758	0.00784	0.01217	0.01039	0.01538	0.07186	0.01311	0.01022	0.00450	0.00416	0.00104	0.00432	0.00379	0.00292	0.55874
14	0.03806	0.17456	0.01593	0.01065	0.01412	0.24919	0.04249	0.09142	0.07136	0.22756	0.01203	0.01195	0.00876	0.00532	0.00443	0.00137	0.00605	0.00394	0.00382	0.00697
15	0.00734	0.00566	0.00696	0.00684	0.00803	0.00537	0.02334	0.04326	0.04650	0.01455	0.11952	0.32960	0.20457	0.11859	0.00834	0.00214	0.00327	0.01029	0.00439	0.03144
16	0.12099	0.01132	0.01166	0.01013	0.03650	0.09596	0.02738	0.11574	0.20718	0.13430	0.05199	0.04241	0.01250	0.00606	0.00463	0.00146	0.00468	0.00485	0.00428	0.09598
17	0.06989	0.01350	0.22562	0.03890	0.03595	0.00947	0.06908	0.07160	0.02358	0.18999	0.06338	0.01622	0.04904	0.02774	0.00533	0.00157	0.00528	0.00485	0.00374	0.07527
18	0.01040	0.03715	0.09059	0.01002	0.07112	0.00773	0.00774	0.03605	0.11105	0.11655	0.08322	0.30348	0.07504	0.00984	0.00545	0.00170	0.00393	0.00862	0.00439	0.00593
19	0.06994	0.01140	0.01385	0.01526	0.23680	0.04566	0.00965	0.25970	0.05923	0.05681	0.07094	0.01659	0.07131	0.00612	0.00485	0.00147	0.00492	0.00506	0.00398	0.03647
20	0.03638	0.02757	0.01403	0.10955	0.13874	0.28548	0.00994	0.07891	0.02476	0.13706	0.06946	0.01355	0.01077	0.00552	0.00472	0.00142	0.00629	0.00432	0.00348	0.01806
21	0.01097	0.00986	0.01177	0.01252	0.14166	0.11245	0.04831	0.02623	0.03312	0.05940	0.01712	0.29724	0.03530	0.00857	0.00517	0.00152	0.00470	0.00761	0.00365	0.15282
22	0.05432	0.00990	0.01451	0.25305	0.21390	0.03435	0.04385	0.04825	0.04905	0.05776	0.04033	0.08727	0.01147	0.00599	0.00492	0.00154	0.00541	0.00535	0.00315	0.05563

[dist]
# distance from previous block
# <min> <max>
5	21

[block]
# block no. 1 follows, 51 sequences, length 40
# corresponding to MSA columns:
# 244-283
name=unknown_B
#
# <colnr> <probs for GDERKNQSTAVLIFYWHMCP>
#	G	D	E	R	K	N	Q	S	T	A	V	L	I	F	Y	W	H	M	C	P
0	0.08986	0.06310	0.01441	0.01301	0.10982	0.16656	0.07730	0.10058	0.08291	0.04392	0.07220	0.08822	0.03015	0.00661	0.00503	0.00151	0.01942	0.00548	0.00358	0.00634
1	0.19157	0.17536	0.04018	0.04635	0.07980	0.13126	0.06974	0.06182	0.05888	0.07127	0.00954	0.01066	0.00740	0.00483	0.00414	0.00139	0.00571	0.00367	0.00306	0.02338
2	0.04185	0.01518	0.05654	0.13684	0.11796	0.26634	0.02709	0.01679	0.08273	0.02781	0.00941	0.01138	0.00753	0.00526	0.00562	0.00145	0.08138	0.00390	0.00274	0.08219
3	0.20877	0.00906	0.01001	0.15881	0.07103	0.06439	0.00772	0.03624	0.05755	0.01641	0.08618	0.06160	0.06872	0.08829	0.03383	0.00210	0.00500	0.00561	0.00336	0.00532
4	0.01507	0.24243	0.01665	0.01006	0.01371	0.06011	0.00854	0.29392	0.21813	0.02112	0.01218	0.01218	0.00936	0.00548	0.00436	0.00136	0.00509	0.00408	0.00393	0.04222
5	0.00598	0.00430	0.00568	0.00679	0.00711	0.00400	0.00454	0.00685	0.00946	0.01257	0.02777	0.80070	0.05544	0.01531	0.00626	0.00199	0.00284	0.01386	0.00456	0.00400
6	0.02923	0.01023	0.01255	0.01196	0.11006	0.02721	0.00848	0.07931	0.25671	0.33279	0.01678	0.01567	0.01175	0.00587	0.00484	0.00151	0.00446	0.00485	0.00492	0.05082
7	0.01231	0.04859	0.14504	0.04084	0.46356	0.09229	0.07538	0.01551	0.01119	0.01518	0.00888	0.01144	0.00724	0.00459	0.00509	0.00148	0.02762	0.00418	0.00236	0.00722
8	0.01209	0.05481	0.05176	0.01428	0.01783	0.01118	0.34406	0.01556	0.05046	0.11862	0.06302	0.01778	0.08233	0.00627	0.00685	0.00166	0.11582	0.00582	0.00337	0.00641
9	0.00603	0.00430	0.00569	0.00678	0.00706	0.00402	0.00450	0.00686	0.00932	0.01242	0.02661	0.79170	0.03190	0.04860	0.00704	0.00211	0.00293	0.01369	0.00450	0.00395
10	0.01134	0.01083	0.01868	0.24283	0.22978	0.01209	0.16154	0.01470	0.04399	0.04189	0.00955	0.01281	0.00760	0.00541	0.00712	0.00168	0.15440	0.00471	0.00256	0.00649
11	0.07067	0.00920	0.01143	0.00900	0.01264	0.00880	0.00737	0.09478	0.10660	0.58858	0.01800	0.01593	0.01174	0.00604	0.00483	0.00153	0.00424	0.00483	0.00566	0.00811
12	0.01078	0.01023	0.01743	0.29936	0.47173	0.01095	0.02698	0.01371	0.01062	0.01463	0.01018	0.06260	0.00888	0.00524	0.00498	0.00156	0.00594	0.00499	0.00248	0.00673
13	0.00594	0.00502	0.00516	0.00524	0.00686	0.00424	0.00400	0.00725	0.01121	0.01337	0.04828	0.04781	0.74622	0.01252	0.00587	0.00170	0.00262	0.05796	0.00456	0.00417
14	0.00827	0.00852	0.05588	0.23199	0.01710	0.05649	0.06148	0.01032	0.01001	0.01291	0.01859	0.44729	0.02049	0.01047	0.00566	0.00180	0.00487	0.00950	0.00349	0.00487
15	0.07294	0.00847	0.01107	0.00871	0.01232	0.00765	0.00722	0.04955	0.01388	0.67965	0.01872	0.01823	0.01253	0.00641	0.00493	0.00156	0.00422	0.04821	0.00576	0.00796
16	0.01281	0.01085	0.01144	0.01012	0.01300	0.01250	0.00792	0.09482	0.71809	0.02151	0.01925	0.01774	0.01440	0.00660	0.00499	0.00165	0.00403	0.00545	0.00499	0.00783
17	0.86201	0.00950	0.00722	0.00646	0.00950	0.01102	0.00532	0.01445	0.00836	0.02205	0.00684	0.00798	0.00532	0.00456	0.00304	0.00152	0.00380	0.00266	0.00304	0.00532
18	0.01019	0.00873	0.01019	0.00728	0.01165	0.00655	0.00582	0.01237	0.01019	0.01601	0.00873	0.01019	0.00728	0.00364	0.00364	0.00073	0.00364	0.00291	0.00291	0.85734
19	0.00590	0.00495	0.00509	0.00519	0.00671	0.00419	0.00385	0.00711	0.01099	0.01316	0.04703	0.09152	0.71299	0.03484	0.00638	0.00178	0.00262	0.02706	0.00452	0.00412
20	0.01238	0.01045	0.01125	0.00951	0.01276	0.01124	0.00749	0.09470	0.54068	0.02053	0.01669	0.01589	0.01264	0.00592	0.00469	0.00144	0.00398	0.00486	0.00452	0.19839
21	0.00684	0.00502	0.00642	0.00607	0.00727	0.00459	0.00455	0.00906	0.01365	0.01909	0.72211	0.03773	0.11870	0.01028	0.00580	0.00156	0.00233	0.00903	0.00533	0.00459
22	0.02205	0.00836	0.01140	0.00874	0.01254	0.00722	0.00722	0.02395	0.01407	0.80004	0.01939	0.01673	0.01216	0.00608	0.00494	0.00152	0.00418	0.00494	0.00608	0.00836
23	0.01244	0.10826	0.39407	0.01188	0.01717	0.01282	0.01303	0.11926	0.19514	0.05042	0.01206	0.01242	0.00882	0.00531	0.00462	0.00151	0.00588	0.00413	0.00331	0.00747
24	0.00702	0.00527	0.00790	0.00790	0.00878	0.00614	0.00614	0.00878	0.00790	0.01141	0.01316	0.01931	0.01229	0.03686	0.80782	0.00790	0.01316	0.00527	0.00263	0.00439
25	0.00792	0.00566	0.00792	0.00905	0.01018	0.00566	0.00792	0.01018	0.01131	0.01471	0.02602	0.05543	0.02828	0.01358	0.00679	0.00226	0.00453	0.76356	0.00453	0.00453
26	0.01019	0.00968	0.01623	0.56053	0.20822	0.01122	0.04039	0.01403	0.05473	0.01393	0.00954	0.01319	0.00735	0.00486	0.00494	0.00160	0.00629	0.00449	0.00241	0.00617
27	0.01008	0.02337	0.68059	0.01457	0.02117	0.01173	0.08925	0.01535	0.01031	0.01535	0.00878	0.01067	0.00635	0.00486	0.00548	0.00160	0.05740	0.00388	0.00212	0.00709
28	0.00683	0.00502	0.00640	0.00605	0.00727	0.00458	0.00454	0.00903	0.01362	0.01901	0.71355	0.03785	0.12730	0.01031	0.00580	0.00156	0.00234	0.00905	0.00532	0.00458
29	0.00599	0.00428	0.00570	0.00684	0.00713	0.00399	0.00456	0.00684	0.00941	0.01254	0.02709	0.82409	0.03250	0.01540	0.00627	0.00200	0.00285	0.01397	0.00456	0.00399
30	0.01061	0.00896	0.00969	0.00912	0.01130	0.01010	0.00692	0.02115	0.58694	0.01851	0.02262	0.19913	0.04616	0.00882	0.00531	0.00174	0.00361	0.00760	0.00489	0.00681
31	0.01755	0.02207	0.01405	0.01269	0.01495	0.72323	0.00963	0.01879	0.01325	0.01201	0.00747	0.00906	0.00634	0.00544	0.00568	0.00136	0.09500	0.00329	0.00249	0.00566
32	0.01019	0.00873	0.01019	0.00728	0.01165	0.00655	0.00582	0.01237	0.01019	0.01601	0.00873	0.01019	0.00728	0.00364	0.00364	0.00073	0.00364	0.00291	0.00291	0.85734
33	0.01270	0.01156	0.06245	0.02653	0.01736	0.02651	0.27378	0.09988	0.07642	0.11308	0.01389	0.09898	0.01171	0.02447	0.05597	0.00212	0.05636	0.00608	0.00359	0.00656
34	0.17566	0.01024	0.01167	0.00912	0.01282	0.01040	0.00753	0.25623	0.01581	0.41881	0.01473	0.01359	0.00973	0.00575	0.00458	0.00151	0.00449	0.00436	0.00516	0.00780
35	0.86201	0.00950	0.00722	0.00646	0.00950	0.01102	0.00532	0.01445	0.00836	0.02205	0.00684	0.00798	0.00532	0.00456	0.00304	0.00152	0.00380	0.00266	0.00304	0.00532
36	0.00702	0.00527	0.00790	0.00790	0.00878	0.00614	0.00614	0.00878	0.00790	0.01141	0.01316	0.01931	0.01229	0.03686	0.80782	0.00790	0.01316	0.00527	0.00263	0.00439
37	0.00702	0.00527	0.00790	0.00790	0.00878	0.00614	0.00614	0.00878	0.00790	0.01141	0.01316	0.01931	0.01229	0.03686	0.80782	0.00790	0.01316	0.00527	0.00263	0.00439
38	0.01032	0.00747	0.00944	0.00955	0.01131	0.00779	0.00824	0.18201	0.01394	0.01834	0.02285	0.04570	0.02384	0.01186	0.00637	0.00209	0.00472	0.59418	0.00461	0.00538
39	0.01446	0.02892	0.01254	0.01118	0.02737	0.29926	0.00851	0.08868	0.23592	0.02920	0.01332	0.06308	0.01113	0.00716	0.02102	0.00165	0.07528	0.00487	0.04002	0.00642

[dist]
# distance from previous block
# <min> <max>
0	1

[block]
# block no. 2 follows, 51 sequences, length 38
# corresponding to MSA columns:
# 285-322
name=unknown_C
#
# <colnr> <probs for GDERKNQSTAVLIFYWHMCP>
#	G	D	E	R	K	N	Q	S	T	A	V	L	I	F	Y	W	H	M	C	P
0	0.03817	0.16555	0.08977	0.40279	0.14810	0.01266	0.01281	0.01401	0.01016	0.03549	0.00866	0.01162	0.00679	0.00476	0.00468	0.00149	0.02001	0.00393	0.00233	0.00623
1	0.01371	0.60246	0.02300	0.00985	0.01353	0.13904	0.03825	0.01566	0.03329	0.01207	0.00743	0.00872	0.00662	0.00467	0.00428	0.00119	0.05474	0.00302	0.00227	0.00621
2	0.00696	0.00502	0.00657	0.00618	0.00734	0.00464	0.00464	0.00927	0.01391	0.01971	0.79405	0.03671	0.04637	0.01005	0.00580	0.00155	0.00232	0.00889	0.00541	0.00464
3	0.00705	0.00472	0.00539	0.00549	0.00551	0.00470	0.00311	0.00712	0.00734	0.00979	0.01648	0.10024	0.01912	0.75749	0.02340	0.00453	0.00460	0.00773	0.00311	0.00306
4	0.86201	0.00950	0.00722	0.00646	0.00950	0.01102	0.00532	0.01445	0.00836	0.02205	0.00684	0.00798	0.00532	0.00456	0.00304	0.00152	0.00380	0.00266	0.00304	0.00532
5	0.01186	0.01142	0.06881	0.40445	0.03945	0.01211	0.03558	0.16498	0.16690	0.01810	0.01162	0.01369	0.00861	0.00540	0.00494	0.00160	0.00589	0.00461	0.00328	0.00669
6	0.09103	0.01796	0.40143	0.01526	0.15898	0.01129	0.01403	0.07056	0.05645	0.10132	0.01070	0.01172	0.00771	0.00496	0.00462	0.00153	0.00603	0.00398	0.00302	0.00740
7	0.86201	0.00950	0.00722	0.00646	0.00950	0.01102	0.00532	0.01445	0.00836	0.02205	0.00684	0.00798	0.00532	0.00456	0.00304	0.00152	0.00380	0.00266	0.00304	0.00532
8	0.01314	0.83025	0.02575	0.00841	0.01261	0.01945	0.00841	0.01472	0.00999	0.01156	0.00683	0.00788	0.00631	0.00420	0.00315	0.00105	0.00526	0.00263	0.00210	0.00631
9	0.00715	0.00476	0.00536	0.00536	0.00536	0.00476	0.00298	0.00715	0.00715	0.00953	0.01548	0.03216	0.01787	0.82729	0.02501	0.00476	0.00476	0.00715	0.00298	0.00298
10	0.00604	0.00499	0.00530	0.00522	0.00678	0.00425	0.00392	0.00750	0.01175	0.01457	0.19941	0.04517	0.64421	0.01196	0.00581	0.00164	0.00245	0.01007	0.00473	0.00425
11	0.01222	0.01056	0.01111	0.01000	0.01278	0.01222	0.00778	0.02611	0.78776	0.02056	0.02000	0.01833	0.01500	0.00667	0.00500	0.00167	0.00389	0.00556	0.00500	0.00778
12	0.01963	0.01225	0.01381	0.01059	0.01448	0.01299	0.00875	0.56816	0.02057	0.24664	0.01393	0.01318	0.00943	0.00595	0.00492	0.00149	0.00506	0.00457	0.00524	0.00836
13	0.01019	0.00873	0.01019	0.00728	0.01165	0.00655	0.00582	0.01237	0.01019	0.01601	0.00873	0.01019	0.00728	0.00364	0.00364	0.00073	0.00364	0.00291	0.00291	0.85734
14	0.00986	0.02542	0.80183	0.01401	0.02127	0.01141	0.01816	0.01556	0.01038	0.01556	0.00882	0.01038	0.00623	0.00467	0.00467	0.00156	0.00726	0.00363	0.00208	0.00726
15	0.00585	0.00498	0.00504	0.00502	0.00666	0.00417	0.00377	0.00714	0.01131	0.01352	0.07833	0.04689	0.76594	0.01235	0.00581	0.00166	0.00248	0.01031	0.00460	0.00417
16	0.34904	0.01183	0.01071	0.00882	0.01202	0.06712	0.00718	0.34941	0.01539	0.02488	0.00999	0.01075	0.00745	0.00530	0.00400	0.00145	0.00470	0.00366	0.08971	0.00660
17	0.01160	0.01326	0.02900	0.02071	0.02568	0.01243	0.77879	0.01574	0.01160	0.01574	0.00994	0.01326	0.00746	0.00414	0.00580	0.00166	0.00829	0.00580	0.00249	0.00663
18	0.00581	0.00498	0.00498	0.00498	0.00664	0.00415	0.00373	0.00705	0.01120	0.01328	0.04978	0.04729	0.79464	0.01245	0.00581	0.00166	0.00249	0.01037	0.00456	0.00415
19	0.00715	0.00476	0.00536	0.00536	0.00536	0.00476	0.00298	0.00715	0.00715	0.00953	0.01548	0.03216	0.01787	0.82729	0.02501	0.00476	0.00476	0.00715	0.00298	0.00298
20	0.78650	0.00940	0.00760	0.00667	0.00978	0.01068	0.00549	0.01530	0.00888	0.09198	0.00797	0.00877	0.00594	0.00470	0.00321	0.00152	0.00384	0.00287	0.00331	0.00560
21	0.00986	0.02542	0.80183	0.01401	0.02127	0.01141	0.01816	0.01556	0.01038	0.01556	0.00882	0.01038	0.00623	0.00467	0.00467	0.00156	0.00726	0.00363	0.00208	0.00726
22	0.00703	0.00505	0.00651	0.00734	0.00794	0.00491	0.00517	0.06043	0.01051	0.01400	0.02594	0.70313	0.03048	0.01459	0.00622	0.00198	0.00317	0.07667	0.00458	0.00434
23	0.00660	0.00501	0.00608	0.00581	0.00713	0.00449	0.00436	0.00859	0.01308	0.01773	0.56527	0.03996	0.27637	0.01078	0.00580	0.00158	0.00237	0.00934	0.00515	0.00449
24	0.33165	0.00892	0.00994	0.00797	0.01149	0.00882	0.00657	0.03897	0.01218	0.49437	0.01458	0.01338	0.00955	0.00552	0.00424	0.00152	0.00407	0.00409	0.00493	0.00724
25	0.00782	0.00531	0.00630	0.00588	0.00750	0.00465	0.00447	0.00962	0.01272	0.08777	0.39226	0.03961	0.37643	0.01075	0.00572	0.00159	0.00256	0.00919	0.00509	0.00476
26	0.00854	0.00427	0.00640	0.00640	0.00640	0.00427	0.00427	0.00640	0.00640	0.00854	0.00854	0.01494	0.00854	0.01707	0.01921	0.85702	0.00427	0.00427	0.00213	0.00213
27	0.00768	0.00455	0.00516	0.00549	0.00634	0.00438	0.00389	0.00933	0.01020	0.01586	0.08349	0.27937	0.06794	0.05022	0.00574	0.00166	0.00261	0.00839	0.42343	0.00429
28	0.00641	0.00480	0.00597	0.00624	0.00724	0.00436	0.00455	0.00798	0.01166	0.01558	0.32772	0.29896	0.22030	0.01254	0.00600	0.00175	0.00264	0.04612	0.00489	0.00430
29	0.01730	0.01704	0.01348	0.01146	0.01452	0.35878	0.00896	0.28796	0.13433	0.04463	0.03568	0.01244	0.00978	0.00579	0.00475	0.00142	0.00655	0.00420	0.00394	0.00700
30	0.00998	0.02458	0.74857	0.01447	0.02157	0.01148	0.07058	0.01558	0.01046	0.01558	0.00890	0.01057	0.00631	0.00463	0.00475	0.00156	0.00733	0.00378	0.00210	0.00722
31	0.00773	0.00433	0.00630	0.00662	0.00675	0.00431	0.00447	0.00667	0.00734	0.00984	0.01402	0.24212	0.01549	0.01783	0.06433	0.56475	0.00442	0.00705	0.00285	0.00279
32	0.01082	0.01207	0.07515	0.23867	0.02520	0.01152	0.38191	0.05555	0.03299	0.01541	0.01020	0.01362	0.00781	0.00750	0.07750	0.00220	0.00789	0.00512	0.00259	0.00627
33	0.01261	0.01182	0.01959	0.02886	0.74278	0.01192	0.01469	0.06782	0.01201	0.01708	0.00942	0.01214	0.00782	0.00448	0.00487	0.00146	0.00581	0.00438	0.00260	0.00782
34	0.00708	0.00482	0.00599	0.00652	0.00703	0.00470	0.00459	0.00810	0.00934	0.01270	0.06249	0.25597	0.04917	0.30793	0.01293	0.00296	0.00382	0.16744	0.06261	0.00382
35	0.62542	0.01341	0.00910	0.00820	0.01110	0.23440	0.00649	0.01590	0.00992	0.01924	0.00705	0.00823	0.00560	0.00470	0.00343	0.00145	0.00522	0.00280	0.00290	0.00543
36	0.03201	0.01070	0.01246	0.07581	0.01468	0.01207	0.00862	0.44149	0.06170	0.02319	0.01230	0.01431	0.00963	0.01452	0.23004	0.00330	0.00755	0.00468	0.00402	0.00691
37	0.01064	0.23871	0.01415	0.00756	0.01151	0.00994	0.00643	0.01253	0.01006	0.01445	0.00985	0.08271	0.00927	0.00485	0.00374	0.00093	0.00402	0.00383	0.00283	0.54197

[dist]
# distance from previous block
# <min> <max>
0	1

[block]
# block no. 3 follows, 51 sequences, length 28
# corresponding to MSA columns:
# 324-351
name=unknown_D
#
# <colnr> <probs for GDERKNQSTAVLIFYWHMCP>
#	G	D	E	R	K	N	Q	S	T	A	V	L	I	F	Y	W	H	M	C	P
0	0.02998	0.01075	0.07078	0.01027	0.02930	0.00892	0.07746	0.01293	0.00991	0.01547	0.00847	0.01055	0.00706	0.00454	0.00580	0.00112	0.12696	0.00346	0.00269	0.55359
1	0.00667	0.00477	0.00540	0.00554	0.00601	0.00457	0.00347	0.00714	0.00844	0.01088	0.02521	0.13186	0.20966	0.50113	0.04552	0.00378	0.00427	0.00870	0.00355	0.00344
2	0.01160	0.01326	0.02900	0.02071	0.02568	0.01243	0.77879	0.01574	0.01160	0.01574	0.00994	0.01326	0.00746	0.00414	0.00580	0.00166	0.00829	0.00580	0.00249	0.00663
3	0.00607	0.00447	0.00561	0.00640	0.00698	0.00409	0.00435	0.00705	0.00992	0.01300	0.07935	0.59835	0.17158	0.04970	0.00697	0.00203	0.00283	0.01270	0.00455	0.00402
4	0.00643	0.00500	0.00585	0.00564	0.00702	0.00441	0.00423	0.00826	0.01268	0.01678	0.45578	0.04152	0.38646	0.01114	0.00580	0.00160	0.00240	0.00956	0.00503	0.00441
5	0.00986	0.02542	0.80183	0.01401	0.02127	0.01141	0.01816	0.01556	0.01038	0.01556	0.00882	0.01038	0.00623	0.00467	0.00467	0.00156	0.00726	0.00363	0.00208	0.00726
6	0.00599	0.00428	0.00570	0.00684	0.00713	0.00399	0.00456	0.00684	0.00941	0.01254	0.02709	0.82409	0.03250	0.01540	0.00627	0.00200	0.00285	0.01397	0.00456	0.00399
7	0.86201	0.00950	0.00722	0.00646	0.00950	0.01102	0.00532	0.01445	0.00836	0.02205	0.00684	0.00798	0.00532	0.00456	0.00304	0.00152	0.00380	0.00266	0.00304	0.00532
8	0.01019	0.00873	0.01019	0.00728	0.01165	0.00655	0.00582	0.01237	0.01019	0.01601	0.00873	0.01019	0.00728	0.00364	0.00364	0.00073	0.00364	0.00291	0.00291	0.85734
9	0.86201	0.00950	0.00722	0.00646	0.00950	0.01102	0.00532	0.01445	0.00836	0.02205	0.00684	0.00798	0.00532	0.00456	0.00304	0.00152	0.00380	0.00266	0.00304	0.00532
10	0.01015	0.00962	0.01631	0.57796	0.26456	0.01115	0.01408	0.01332	0.01024	0.01361	0.00889	0.01282	0.00692	0.00475	0.00490	0.00158	0.00634	0.00437	0.00226	0.00616
11	0.82639	0.00946	0.00740	0.00656	0.00963	0.01086	0.00540	0.01485	0.00861	0.05504	0.00737	0.00835	0.00561	0.00463	0.00312	0.00152	0.00382	0.00276	0.00317	0.00545
12	0.01245	0.01067	0.01124	0.01005	0.01287	0.01233	0.00783	0.05258	0.76093	0.02092	0.01971	0.01811	0.01477	0.00664	0.00500	0.00166	0.00394	0.00552	0.00500	0.00780
13	0.00620	0.00441	0.00587	0.00695	0.00730	0.00416	0.00476	0.00713	0.00946	0.01258	0.02647	0.72583	0.03150	0.05201	0.00716	0.00214	0.00307	0.07451	0.00449	0.00399
14	0.01352	0.00716	0.00919	0.00834	0.01076	0.00671	0.00697	0.07663	0.01330	0.30067	0.04486	0.03601	0.15563	0.00996	0.00577	0.00181	0.00406	0.27735	0.00515	0.00616
15	0.00994	0.00972	0.01743	0.48537	0.02763	0.01137	0.18290	0.01279	0.00971	0.01292	0.00870	0.01295	0.00686	0.00597	0.00744	0.05521	0.11068	0.00467	0.00224	0.00550
16	0.01314	0.83025	0.02575	0.00841	0.01261	0.01945	0.00841	0.01472	0.00999	0.01156	0.00683	0.00788	0.00631	0.00420	0.00315	0.00105	0.00526	0.00263	0.00210	0.00631
17	0.00737	0.00511	0.00654	0.00635	0.00754	0.00470	0.00477	0.00935	0.01283	0.04568	0.54572	0.09669	0.12240	0.04545	0.00668	0.00177	0.00269	0.05863	0.00512	0.00459
18	0.00604	0.00438	0.00572	0.00677	0.00720	0.00406	0.00462	0.00698	0.00962	0.01268	0.02887	0.73415	0.09357	0.01509	0.00625	0.00198	0.00288	0.04054	0.00456	0.00402
19	0.01052	0.01000	0.01699	0.47660	0.36300	0.01125	0.01427	0.01365	0.01041	0.01407	0.00895	0.01270	0.00708	0.00468	0.00489	0.00156	0.00624	0.00437	0.00229	0.00646
20	0.00725	0.00537	0.00680	0.00638	0.00766	0.00509	0.00480	0.01025	0.06222	0.01954	0.72000	0.03592	0.07018	0.00992	0.00575	0.00156	0.00242	0.00873	0.00535	0.00482
21	0.00665	0.00460	0.00541	0.00584	0.00636	0.00434	0.00382	0.00746	0.00919	0.01243	0.05344	0.34358	0.14791	0.27905	0.01206	0.00276	0.00335	0.01017	0.07781	0.00376
22	0.01338	0.08721	0.19209	0.03961	0.01625	0.04859	0.03925	0.10221	0.30990	0.07991	0.01406	0.01399	0.01035	0.00564	0.00475	0.00154	0.00544	0.00455	0.00386	0.00742
23	0.01109	0.01194	0.06844	0.22787	0.38417	0.01182	0.12368	0.01432	0.01058	0.01477	0.00898	0.01234	0.00722	0.00481	0.00584	0.00159	0.06685	0.00453	0.00233	0.00681
24	0.00693	0.00467	0.00542	0.00564	0.00569	0.00462	0.00328	0.00709	0.00757	0.01010	0.01768	0.18184	0.02063	0.67384	0.02147	0.00424	0.00440	0.00844	0.00328	0.00317
25	0.31845	0.01089	0.01536	0.02162	0.51295	0.01144	0.01156	0.01485	0.01017	0.01822	0.00838	0.01066	0.00690	0.00444	0.00421	0.00148	0.00510	0.00376	0.00265	0.00690
26	0.00832	0.00606	0.00909	0.00845	0.00977	0.00581	0.08653	0.03171	0.02306	0.06402	0.13227	0.42781	0.04314	0.06056	0.05722	0.00237	0.00427	0.01040	0.00436	0.00479
27	0.21680	0.11996	0.02653	0.00926	0.01285	0.04422	0.00787	0.30846	0.04752	0.10630	0.01263	0.01265	0.04354	0.00565	0.00426	0.00144	0.00485	0.00408	0.00407	0.00703

[dist]
# distance from previous block
# <min> <max>
0	2

[block]
# block no. 4 follows, 51 sequences, length 25
# corresponding to MSA columns:
# 354-378
name=unknown_E
#
# <colnr> <probs for GDERKNQSTAVLIFYWHMCP>
#	G	D	E	R	K	N	Q	S	T	A	V	L	I	F	Y	W	H	M	C	P
0	0.06777	0.23928	0.05241	0.01221	0.11218	0.02993	0.04400	0.03408	0.02572	0.20903	0.01099	0.01160	0.00823	0.00498	0.00473	0.00135	0.04250	0.00382	0.00340	0.08180
1	0.12146	0.04427	0.17572	0.23501	0.04834	0.02976	0.17335	0.03886	0.01055	0.01567	0.00864	0.01142	0.00659	0.00487	0.00541	0.00160	0.05561	0.00420	0.00243	0.00625
2	0.00680	0.00477	0.00573	0.00607	0.00648	0.00460	0.00399	0.00749	0.00892	0.01179	0.07768	0.22478	0.09641	0.42586	0.01574	0.00336	0.00390	0.07823	0.00382	0.00359
3	0.06904	0.01276	0.01371	0.01068	0.01446	0.01402	0.00878	0.60601	0.08153	0.09981	0.01284	0.01253	0.00905	0.00590	0.00481	0.00150	0.00508	0.00445	0.00492	0.00813
4	0.05349	0.00541	0.00660	0.00684	0.00816	0.00515	0.00547	0.00918	0.01192	0.01640	0.29907	0.09081	0.20868	0.01170	0.00598	0.00182	0.00315	0.24093	0.00476	0.00449
5	0.01085	0.01104	0.01668	0.01381	0.01439	0.01475	0.10034	0.01228	0.00800	0.01228	0.00686	0.01104	0.00657	0.00808	0.01492	0.00209	0.72381	0.00448	0.00219	0.00552
6	0.00681	0.00486	0.00664	0.00778	0.00842	0.00470	0.00598	0.00826	0.01022	0.01346	0.02663	0.49834	0.03071	0.01462	0.00649	0.00211	0.00356	0.33164	0.00455	0.00422
7	0.00696	0.00502	0.00657	0.00618	0.00734	0.00464	0.00464	0.00927	0.01391	0.01971	0.79405	0.03671	0.04637	0.01005	0.00580	0.00155	0.00232	0.00889	0.00541	0.00464
8	0.00986	0.02542	0.80183	0.01401	0.02127	0.01141	0.01816	0.01556	0.01038	0.01556	0.00882	0.01038	0.00623	0.00467	0.00467	0.00156	0.00726	0.00363	0.00208	0.00726
9	0.00692	0.00526	0.00654	0.00701	0.00831	0.00488	0.00573	0.00877	0.01163	0.01491	0.15789	0.07457	0.31564	0.01265	0.00625	0.00192	0.00336	0.33872	0.00468	0.00439
10	0.01868	0.01376	0.01475	0.01131	0.01524	0.01524	0.00934	0.78025	0.02311	0.03097	0.01180	0.01180	0.00836	0.00590	0.00492	0.00147	0.00541	0.00442	0.00492	0.00836
11	0.01165	0.01112	0.09915	0.00873	0.01315	0.00829	0.00782	0.08257	0.01149	0.06413	0.00956	0.01077	0.00751	0.00433	0.00450	0.00100	0.04050	0.00331	0.00316	0.59725
12	0.01013	0.01002	0.01153	0.01027	0.01127	0.13852	0.05362	0.01144	0.00886	0.01153	0.01076	0.01742	0.01055	0.16926	0.27839	0.00437	0.21973	0.00506	0.00255	0.00473
13	0.00610	0.00436	0.00584	0.00698	0.00731	0.00409	0.00476	0.00704	0.00952	0.01268	0.02702	0.77772	0.03225	0.01529	0.00630	0.00201	0.00295	0.05918	0.00456	0.00402
14	0.05700	0.01341	0.01856	0.01383	0.01802	0.01421	0.23436	0.51982	0.01903	0.02609	0.01102	0.01204	0.00795	0.00532	0.00508	0.00153	0.00617	0.00474	0.00411	0.00771
15	0.05273	0.06127	0.06872	0.19001	0.29110	0.02763	0.04696	0.03109	0.05344	0.05146	0.00974	0.01220	0.00767	0.00508	0.00560	0.00156	0.06996	0.00426	0.00271	0.00680
16	0.01066	0.00656	0.00839	0.00770	0.00959	0.00623	0.02130	0.05645	0.05925	0.16840	0.20153	0.19814	0.14034	0.01050	0.00572	0.00172	0.00339	0.07349	0.00505	0.00558
17	0.01160	0.01326	0.02900	0.02071	0.02568	0.01243	0.77879	0.01574	0.01160	0.01574	0.00994	0.01326	0.00746	0.00414	0.00580	0.00166	0.00829	0.00580	0.00249	0.00663
18	0.07287	0.00860	0.01126	0.00869	0.01245	0.00771	0.00718	0.04752	0.01401	0.72832	0.01838	0.01604	0.01163	0.00598	0.00483	0.00152	0.00420	0.00479	0.00586	0.00818
19	0.01090	0.05498	0.33779	0.05403	0.07019	0.01223	0.35781	0.01544	0.01093	0.01535	0.00925	0.01178	0.00689	0.00441	0.00513	0.00158	0.00751	0.00463	0.00229	0.00688
20	0.00908	0.00831	0.01375	0.55942	0.12625	0.00976	0.01212	0.01193	0.01010	0.01331	0.04731	0.11655	0.01193	0.00705	0.02144	0.00178	0.00593	0.00581	0.00267	0.00551
21	0.00626	0.00446	0.00555	0.00631	0.00665	0.00420	0.00410	0.00694	0.00901	0.01186	0.02621	0.56011	0.09586	0.21579	0.01086	0.00265	0.00329	0.01197	0.00417	0.00375
22	0.00916	0.00458	0.00458	0.00458	0.00573	0.00458	0.00344	0.01145	0.01031	0.01832	0.01603	0.01832	0.01260	0.00573	0.00344	0.00115	0.00229	0.00458	0.85457	0.00458
23	0.01130	0.04290	0.01162	0.09944	0.01358	0.15401	0.00820	0.03336	0.00997	0.05966	0.01103	0.01574	0.00986	0.07919	0.30683	0.00417	0.11654	0.00465	0.00277	0.00519
24	0.29774	0.01262	0.01218	0.03276	0.06861	0.10111	0.02106	0.23407	0.13668	0.02245	0.01068	0.01132	0.00807	0.00532	0.00426	0.00150	0.00513	0.00389	0.00375	0.00681

[dist]
# distance from previous block
# <min> <max>
7	12

[block]
# block no. 5 follows, 51 sequences, length 47
# corresponding to MSA columns:
# 391-437
name=unknown_F
#
# <colnr> <probs for GDERKNQSTAVLIFYWHMCP>
#	G	D	E	R	K	N	Q	S	T	A	V	L	I	F	Y	W	H	M	C	P
0	0.02808	0.00866	0.01066	0.07163	0.01339	0.00734	0.02021	0.03857	0.02430	0.04674	0.02783	0.02951	0.00947	0.00462	0.00404	0.00099	0.00397	0.01738	0.02806	0.60455
1	0.00881	0.00780	0.01093	0.00990	0.01024	0.01018	0.00787	0.00999	0.00761	0.01133	0.01031	0.01712	0.01033	0.13937	0.31664	0.00471	0.39468	0.00508	0.00245	0.00465
2	0.00700	0.00519	0.00750	0.00738	0.00835	0.00569	0.00569	0.00892	0.00970	0.01390	0.24735	0.02452	0.02251	0.02882	0.56729	0.00599	0.00991	0.00635	0.00347	0.00446
3	0.01062	0.01143	0.02355	0.23444	0.02664	0.01146	0.51756	0.01432	0.01101	0.01470	0.01080	0.05451	0.00889	0.00511	0.00560	0.00168	0.00747	0.02153	0.00255	0.00614
4	0.01079	0.01298	0.18647	0.05704	0.12532	0.01027	0.07063	0.05501	0.18225	0.03372	0.13606	0.03247	0.05239	0.00651	0.00514	0.00158	0.00514	0.00574	0.00371	0.00677
5	0.86201	0.00950	0.00722	0.00646	0.00950	0.01102	0.00532	0.01445	0.00836	0.02205	0.00684	0.00798	0.00532	0.00456	0.00304	0.00152	0.00380	0.00266	0.00304	0.00532
6	0.01136	0.01294	0.15169	0.01308	0.12365	0.02716	0.01026	0.04876	0.38881	0.01867	0.06993	0.03964	0.04918	0.00665	0.00503	0.00160	0.00472	0.00562	0.00407	0.00719
7	0.01249	0.01050	0.01112	0.00997	0.01277	0.01209	0.00776	0.02605	0.76689	0.04158	0.01999	0.01829	0.01492	0.00665	0.00500	0.00166	0.00390	0.00554	0.00503	0.00779
8	0.06374	0.00886	0.01111	0.04135	0.01298	0.00840	0.00729	0.13586	0.01424	0.45579	0.03603	0.08622	0.01321	0.00664	0.00487	0.00150	0.00424	0.00544	0.00517	0.07707
9	0.04477	0.01266	0.01327	0.01066	0.01421	0.03525	0.00865	0.48033	0.22754	0.07949	0.01424	0.01369	0.01025	0.00605	0.00487	0.00153	0.00496	0.00467	0.00489	0.00803
10	0.86201	0.00950	0.00722	0.00646	0.00950	0.01102	0.00532	0.01445	0.00836	0.02205	0.00684	0.00798	0.00532	0.00456	0.00304	0.00152	0.00380	0.00266	0.00304	0.00532
11	0.00929	0.00775	0.00827	0.00758	0.00974	0.00815	0.00584	0.05051	0.34186	0.01816	0.15006	0.03176	0.31275	0.00933	0.00542	0.00164	0.00319	0.00783	0.00490	0.00596
12	0.03604	0.01573	0.11952	0.05949	0.38960	0.17994	0.06751	0.01635	0.01166	0.04494	0.00919	0.01142	0.00729	0.00464	0.00477	0.00146	0.00675	0.00410	0.00255	0.00704
13	0.01049	0.00580	0.00738	0.00663	0.00850	0.00513	0.00509	0.01232	0.01292	0.21822	0.35622	0.10849	0.20319	0.01007	0.00562	0.00161	0.00289	0.00869	0.00531	0.00542
14	0.00775	0.00610	0.00892	0.24906	0.01491	0.00702	0.00711	0.00925	0.00817	0.01099	0.01278	0.02266	0.01283	0.34795	0.24944	0.00475	0.00777	0.00576	0.00264	0.00414
15	0.00854	0.00427	0.00640	0.00640	0.00640	0.00427	0.00427	0.00640	0.00640	0.00854	0.00854	0.01494	0.00854	0.01707	0.01921	0.85702	0.00427	0.00427	0.00213	0.00213
16	0.00843	0.00733	0.01059	0.00978	0.01033	0.00950	0.00788	0.00993	0.00776	0.01157	0.01063	0.01608	0.01009	0.02621	0.50946	0.00573	0.31659	0.00490	0.00245	0.00476
17	0.01209	0.01065	0.01539	0.34244	0.16715	0.01218	0.03088	0.14938	0.15738	0.01797	0.01144	0.01363	0.00869	0.00538	0.00519	0.00159	0.02384	0.00463	0.00324	0.00685
18	0.01124	0.25584	0.01880	0.39811	0.02367	0.01426	0.05024	0.05558	0.01044	0.01335	0.00814	0.01121	0.00661	0.00513	0.00570	0.00151	0.09802	0.00391	0.00232	0.00592
19	0.00619	0.00460	0.00574	0.00630	0.00703	0.00422	0.00437	0.00737	0.01046	0.01382	0.16634	0.47257	0.19508	0.04586	0.02442	0.00208	0.00298	0.01186	0.00461	0.00411
20	0.00963	0.06356	0.50879	0.01153	0.01684	0.00991	0.02537	0.01406	0.01144	0.03937	0.22160	0.01760	0.01729	0.00613	0.00492	0.00153	0.00574	0.00507	0.00310	0.00652
21	0.01210	0.54378	0.25818	0.01129	0.05841	0.01661	0.01170	0.01499	0.01017	0.01301	0.00756	0.00887	0.00636	0.00435	0.00370	0.00123	0.00589	0.00303	0.00211	0.00667
22	0.00683	0.00502	0.00640	0.00605	0.00727	0.00458	0.00454	0.00903	0.01362	0.01901	0.71359	0.03785	0.12726	0.01031	0.00580	0.00156	0.00234	0.00905	0.00532	0.00458
23	0.01019	0.00873	0.01019	0.00728	0.01165	0.00655	0.00582	0.01237	0.01019	0.01601	0.00873	0.01019	0.00728	0.00364	0.00364	0.00073	0.00364	0.00291	0.00291	0.85734
24	0.01291	0.01312	0.07511	0.12847	0.35612	0.05370	0.13588	0.01584	0.01176	0.06108	0.02431	0.01372	0.00896	0.00511	0.00524	0.00160	0.00652	0.00474	0.00293	0.06288
25	0.50443	0.01211	0.05620	0.01052	0.07833	0.07429	0.03713	0.07373	0.02693	0.07316	0.00883	0.00983	0.00663	0.00482	0.00381	0.00150	0.00489	0.00337	0.00326	0.00621
26	0.00715	0.00476	0.00536	0.00536	0.00536	0.00476	0.00298	0.00715	0.00715	0.00953	0.01548	0.03216	0.01787	0.82729	0.02501	0.00476	0.00476	0.00715	0.00298	0.00298
27	0.01903	0.01320	0.01440	0.01104	0.01496	0.01440	0.00912	0.70127	0.02216	0.11129	0.01259	0.01231	0.00875	0.00592	0.00492	0.00148	0.00528	0.00448	0.00504	0.00836
28	0.00604	0.00472	0.00548	0.00584	0.00692	0.00416	0.00417	0.00730	0.01093	0.01394	0.14910	0.33377	0.40376	0.01319	0.00598	0.00177	0.00260	0.01149	0.00469	0.00416
29	0.00670	0.00500	0.00613	0.00586	0.00707	0.00453	0.00434	0.00864	0.01291	0.01766	0.57925	0.03890	0.21762	0.05563	0.00686	0.00175	0.00249	0.00913	0.00508	0.00443
30	0.00604	0.00445	0.00567	0.00657	0.00713	0.00408	0.00451	0.00704	0.00991	0.01299	0.06031	0.65298	0.15417	0.01468	0.00619	0.00193	0.00281	0.02991	0.00459	0.00405
31	0.02205	0.00836	0.01140	0.00874	0.01254	0.00722	0.00722	0.02395	0.01407	0.80004	0.01939	0.01673	0.01216	0.00608	0.00494	0.00152	0.00418	0.00494	0.00608	0.00836
32	0.01303	0.01455	0.01471	0.01283	0.01359	0.25273	0.01037	0.01416	0.00945	0.01189	0.00679	0.01018	0.00641	0.00754	0.01262	0.00189	0.57555	0.00396	0.00226	0.00547
33	0.00986	0.02542	0.80183	0.01401	0.02127	0.01141	0.01816	0.01556	0.01038	0.01556	0.00882	0.01038	0.00623	0.00467	0.00467	0.00156	0.00726	0.00363	0.00208	0.00726
34	0.00710	0.00476	0.00547	0.00551	0.00555	0.00479	0.00316	0.00719	0.00726	0.00972	0.01585	0.06243	0.01823	0.76663	0.05315	0.00477	0.00500	0.00734	0.00303	0.00307
35	0.00715	0.00476	0.00536	0.00536	0.00536	0.00476	0.00298	0.00715	0.00715	0.00953	0.01548	0.03216	0.01787	0.82729	0.02501	0.00476	0.00476	0.00715	0.00298	0.00298
36	0.01314	0.83025	0.02575	0.00841	0.01261	0.01945	0.00841	0.01472	0.00999	0.01156	0.00683	0.00788	0.00631	0.00420	0.00315	0.00105	0.00526	0.00263	0.00210	0.00631
37	0.02101	0.00837	0.01123	0.00873	0.01239	0.00741	0.00717	0.02359	0.05669	0.73155	0.04478	0.01747	0.01344	0.00624	0.00497	0.00153	0.00410	0.00510	0.00600	0.00821
38	0.00599	0.00428	0.00570	0.00684	0.00713	0.00399	0.00456	0.00684	0.00941	0.01254	0.02709	0.82409	0.03250	0.01540	0.00627	0.00200	0.00285	0.01397	0.00456	0.00399
39	0.01019	0.00873	0.01019	0.00728	0.01165	0.00655	0.00582	0.01237	0.01019	0.01601	0.00873	0.01019	0.00728	0.00364	0.00364	0.00073	0.00364	0.00291	0.00291	0.85734
40	0.00765	0.00538	0.00657	0.00613	0.00762	0.00491	0.00465	0.01006	0.04002	0.06004	0.52908	0.03779	0.24095	0.01035	0.00573	0.00158	0.00252	0.00895	0.00521	0.00482
41	0.01104	0.01123	0.01501	0.01289	0.01299	0.04521	0.01070	0.01212	0.00777	0.01183	0.00649	0.01068	0.00645	0.00847	0.01568	0.00212	0.78750	0.00426	0.00216	0.00539
42	0.01107	0.00950	0.01536	0.02171	0.51668	0.00929	0.01146	0.01368	0.01199	0.05993	0.19699	0.02046	0.06803	0.00633	0.00515	0.00150	0.00470	0.00586	0.00347	0.00684
43	0.00656	0.00453	0.00558	0.00619	0.00636	0.00438	0.00388	0.00704	0.00839	0.01118	0.02166	0.44096	0.02560	0.39384	0.01502	0.00329	0.00377	0.02440	0.00382	0.00353
44	0.01058	0.01014	0.02022	0.03283	0.01895	0.00965	0.49004	0.01406	0.01129	0.01664	0.05143	0.01596	0.01095	0.00493	0.00507	0.00150	0.00615	0.00556	0.25817	0.00589
45	0.00934	0.00826	0.01348	0.12725	0.35230	0.00845	0.02141	0.01138	0.01013	0.01392	0.01561	0.28065	0.01657	0.04152	0.00660	0.02615	0.00488	0.02315	0.00315	0.00579
46	0.01073	0.23128	0.22367	0.01131	0.01561	0.01171	0.13682	0.01394	0.01135	0.05018	0.16792	0.04016	0.04269	0.00617	0.00477	0.00145	0.00548	0.00536	0.00315	0.00623

[dist]
# distance from previous block
# <min> <max>
0	7

[block]
# block no. 6 follows, 51 sequences, length 14
# corresponding to MSA columns:
# 445-458
name=unknown_G
#
# <colnr> <probs for GDERKNQSTAVLIFYWHMCP>
#	G	D	E	R	K	N	Q	S	T	A	V	L	I	F	Y	W	H	M	C	P
0	0.25546	0.24180	0.06273	0.01097	0.07017	0.19394	0.00892	0.07714	0.01158	0.01676	0.00770	0.00891	0.00630	0.00468	0.00377	0.00133	0.00583	0.00309	0.00271	0.00622
1	0.34037	0.03542	0.01169	0.01093	0.09463	0.13926	0.00786	0.05731	0.04198	0.20081	0.01090	0.01119	0.00790	0.00512	0.00408	0.00146	0.00505	0.00366	0.00375	0.00663
2	0.01156	0.00919	0.01398	0.01382	0.14658	0.02489	0.13365	0.07340	0.05417	0.09263	0.07290	0.16915	0.01658	0.00923	0.05306	0.00195	0.00533	0.00685	0.04751	0.04356
3	0.00854	0.00427	0.00640	0.00640	0.00640	0.00427	0.00427	0.00640	0.00640	0.00854	0.00854	0.01494	0.00854	0.01707	0.01921	0.85702	0.00427	0.00427	0.00213	0.00213
4	0.01168	0.01173	0.02149	0.02582	0.52051	0.01170	0.21699	0.01474	0.01105	0.01562	0.01007	0.04773	0.00871	0.00500	0.00571	0.00157	0.04499	0.00517	0.00253	0.00720
5	0.00986	0.02542	0.80183	0.01401	0.02127	0.01141	0.01816	0.01556	0.01038	0.01556	0.00882	0.01038	0.00623	0.00467	0.00467	0.00156	0.00726	0.00363	0.00208	0.00726
6	0.00673	0.00505	0.00626	0.00605	0.00733	0.00458	0.00461	0.00878	0.01309	0.01783	0.56554	0.04042	0.22977	0.01084	0.00586	0.00162	0.00249	0.05350	0.00515	0.00451
7	0.00599	0.00428	0.00570	0.00684	0.00713	0.00399	0.00456	0.00684	0.00941	0.01254	0.02709	0.82409	0.03250	0.01540	0.00627	0.00200	0.00285	0.01397	0.00456	0.00399
8	0.00619	0.00499	0.00551	0.00538	0.00687	0.00431	0.00403	0.00779	0.01210	0.01541	0.29717	0.04378	0.54592	0.01165	0.00580	0.00162	0.00243	0.00988	0.00484	0.00431
9	0.01314	0.83025	0.02575	0.00841	0.01261	0.01945	0.00841	0.01472	0.00999	0.01156	0.00683	0.00788	0.00631	0.00420	0.00315	0.00105	0.00526	0.00263	0.00210	0.00631
10	0.00669	0.00532	0.00653	0.00691	0.04753	0.00476	0.00478	0.00852	0.01243	0.01646	0.40254	0.06877	0.36888	0.01099	0.00577	0.00161	0.00259	0.00949	0.00486	0.00456
11	0.01619	0.22965	0.07873	0.00981	0.01356	0.20539	0.00875	0.03757	0.01259	0.23273	0.02968	0.01335	0.04375	0.00548	0.00432	0.00131	0.00574	0.00402	0.00360	0.04378
12	0.04928	0.02894	0.10064	0.06488	0.03249	0.01031	0.03100	0.20028	0.02807	0.09674	0.03176	0.01295	0.02335	0.00509	0.00445	0.00128	0.00489	0.00409	0.00367	0.26583
13	0.05558	0.13106	0.15090	0.03307	0.12532	0.14931	0.02755	0.06436	0.08593	0.11498	0.01089	0.01167	0.00817	0.00506	0.00447	0.00142	0.00607	0.00393	0.00322	0.00703

[dist]
# distance from previous block
# <min> <max>
0	6

[block]
# block no. 7 follows, 51 sequences, length 25
# corresponding to MSA columns:
# 465-489
name=unknown_H
#
# <colnr> <probs for GDERKNQSTAVLIFYWHMCP>
#	G	D	E	R	K	N	Q	S	T	A	V	L	I	F	Y	W	H	M	C	P
0	0.01339	0.08431	0.10979	0.01940	0.31840	0.15320	0.06869	0.06386	0.07052	0.01614	0.00970	0.01148	0.00776	0.00475	0.00467	0.00141	0.00644	0.00409	0.00274	0.02926
1	0.09069	0.02857	0.26034	0.01580	0.15338	0.05489	0.10336	0.10179	0.06388	0.03279	0.03034	0.01217	0.00855	0.00498	0.00472	0.00151	0.00621	0.00426	0.00298	0.01879
2	0.01491	0.14409	0.01403	0.00911	0.01281	0.04222	0.02393	0.12056	0.09290	0.20012	0.01347	0.05725	0.01055	0.00563	0.00440	0.00127	0.00456	0.00450	0.00407	0.21963
3	0.10294	0.27505	0.08437	0.03891	0.10296	0.03841	0.05073	0.14169	0.01265	0.06177	0.02137	0.01072	0.00775	0.00481	0.00414	0.00134	0.00553	0.00369	0.00303	0.02812
4	0.00708	0.00474	0.00538	0.00545	0.00546	0.00472	0.00307	0.00713	0.00728	0.00970	0.01616	0.07797	0.01871	0.78033	0.02393	0.00460	0.00465	0.00754	0.00307	0.00304
5	0.00979	0.00901	0.01474	0.77198	0.03284	0.01115	0.01341	0.05408	0.01054	0.01355	0.00890	0.01303	0.00665	0.00497	0.00491	0.00163	0.00649	0.00437	0.00233	0.00562
6	0.00704	0.00498	0.00655	0.00660	0.00702	0.00538	0.00451	0.00789	0.00758	0.01052	0.01485	0.05644	0.01583	0.42853	0.38849	0.00612	0.00860	0.00653	0.00288	0.00367
7	0.00662	0.00501	0.00611	0.00583	0.00714	0.00450	0.00438	0.00863	0.01313	0.01785	0.57889	0.03977	0.26268	0.01074	0.00580	0.00158	0.00237	0.00932	0.00517	0.00450
8	0.00756	0.00676	0.01170	0.01020	0.01194	0.00628	0.20084	0.00948	0.01061	0.01409	0.08355	0.42752	0.11791	0.01169	0.00609	0.00185	0.00423	0.04884	0.00410	0.00475
9	0.01822	0.01349	0.01450	0.01109	0.01505	0.01477	0.00915	0.73872	0.02241	0.03016	0.01163	0.01171	0.00830	0.00578	0.00485	0.00143	0.00531	0.00434	0.00481	0.05428
10	0.01259	0.01272	0.01745	0.19923	0.46550	0.12561	0.01353	0.03550	0.04232	0.01527	0.00939	0.01213	0.00760	0.00472	0.00482	0.00148	0.00634	0.00425	0.00256	0.00699
11	0.01731	0.01423	0.07488	0.03043	0.16328	0.11923	0.01072	0.28744	0.01633	0.19906	0.01219	0.01251	0.00864	0.00543	0.00483	0.00146	0.00584	0.00430	0.00412	0.00775
12	0.03180	0.01391	0.15770	0.01615	0.02107	0.01080	0.43216	0.01688	0.01173	0.16227	0.01213	0.01510	0.00900	0.00501	0.00537	0.00161	0.00696	0.03895	0.00320	0.02821
13	0.01222	0.01056	0.01111	0.01000	0.01278	0.01222	0.00778	0.02611	0.78776	0.02056	0.02000	0.01833	0.01500	0.00667	0.00500	0.00167	0.00389	0.00556	0.00500	0.00778
14	0.01019	0.00873	0.01019	0.00728	0.01165	0.00655	0.00582	0.01237	0.01019	0.01601	0.00873	0.01019	0.00728	0.00364	0.00364	0.00073	0.00364	0.00291	0.00291	0.85734
15	0.00696	0.00513	0.00686	0.00686	0.00797	0.00503	0.00533	0.00900	0.01186	0.01640	0.42413	0.06679	0.10567	0.01657	0.17340	0.00300	0.00493	0.11503	0.00459	0.00450
16	0.01670	0.01207	0.01318	0.01051	0.01384	0.01319	0.00850	0.63341	0.02062	0.04886	0.01450	0.14457	0.01240	0.00745	0.00514	0.00156	0.00496	0.00600	0.00489	0.00764
17	0.04915	0.01001	0.01443	0.18453	0.22742	0.02804	0.02786	0.10320	0.01243	0.01756	0.17286	0.01706	0.01536	0.00632	0.00620	0.00159	0.09116	0.00524	0.00329	0.00627
