[name]
unknown

[dist]
# distance from previous block
# <min> <max>
0	0

[block]
# block no. 0 follows, 51 sequences, length 7
# corresponding to MSA columns:
# 0-6
name=unknown_A
#
# <colnr> <probs for GDERKNQSTAVLIFYWHMCP>
#	G	D	E	R	K	N	Q	S	T	A	V	L	I	F	Y	W	H	M	C	P
0	0.00792	0.00566	0.00792	0.00905	0.01018	0.00566	0.00792	0.01018	0.01131	0.01471	0.02602	0.05543	0.02828	0.01358	0.00679	0.00226	0.00453	0.76356	0.00453	0.00453
1	0.01019	0.00873	0.01019	0.00728	0.01165	0.00655	0.00582	0.01237	0.01019	0.01601	0.00873	0.01019	0.00728	0.00364	0.00364	0.00073	0.00364	0.00291	0.00291	0.85734
2	0.01019	0.00873	0.01019	0.00728	0.01165	0.00655	0.00582	0.01237	0.01019	0.01601	0.00873	0.01019	0.00728	0.00364	0.00364	0.00073	0.00364	0.00291	0.00291	0.85734
3	0.01216	0.01168	0.01995	0.03016	0.79664	0.01168	0.01508	0.01508	0.01119	0.01605	0.00924	0.01216	0.00778	0.00438	0.00487	0.00146	0.00584	0.00438	0.00243	0.00778
4	0.01216	0.01168	0.01995	0.03016	0.79664	0.01168	0.01508	0.01508	0.01119	0.01605	0.00924	0.01216	0.00778	0.00438	0.00487	0.00146	0.00584	0.00438	0.00243	0.00778
5	0.02075	0.00840	0.01127	0.00858	0.01245	0.00715	0.00707	0.02268	0.01364	0.71439	0.01822	0.01601	0.01163	0.00582	0.00480	0.00143	0.00412	0.00472	0.00574	0.10111
6	0.01115	0.00938	0.01306	0.00937	0.01379	0.00747	0.12069	0.01360	0.01064	0.06541	0.00959	0.01106	0.00761	0.00387	0.00404	0.00092	0.00436	0.00347	0.00305	0.67749

[dist]
# distance from previous block
# <min> <max>
1	3

[block]
# block no. 1 follows, 51 sequences, length 8
# corresponding to MSA columns:
# 10-17
name=unknown_B
#
# <colnr> <probs for GDERKNQSTAVLIFYWHMCP>
#	G	D	E	R	K	N	Q	S	T	A	V	L	I	F	Y	W	H	M	C	P
0	0.01418	0.00927	0.01092	0.00846	0.01230	0.00840	0.00679	0.05237	0.18836	0.22615	0.01426	0.01385	0.01038	0.00508	0.00435	0.00118	0.00392	0.00412	0.00432	0.40134
1	0.01868	0.01376	0.01475	0.01131	0.01524	0.01524	0.00934	0.78025	0.02311	0.03097	0.01180	0.01180	0.00836	0.00590	0.00492	0.00147	0.00541	0.00442	0.00492	0.00836
2	0.01216	0.01168	0.01995	0.03016	0.79664	0.01168	0.01508	0.01508	0.01119	0.01605	0.00924	0.01216	0.00778	0.00438	0.00487	0.00146	0.00584	0.00438	0.00243	0.00778
3	0.01216	0.01168	0.01995	0.03016	0.79664	0.01168	0.01508	0.01508	0.01119	0.01605	0.00924	0.01216	0.00778	0.00438	0.00487	0.00146	0.00584	0.00438	0.00243	0.00778
4	0.01280	0.00964	0.01062	0.00940	0.01211	0.01073	0.00734	0.02388	0.60337	0.11490	0.11060	0.02029	0.01833	0.00699	0.00509	0.00163	0.00374	0.00587	0.00518	0.00748
5	0.01024	0.11970	0.71092	0.01335	0.02026	0.01235	0.01701	0.01546	0.01033	0.01509	0.00859	0.01008	0.00623	0.00461	0.00449	0.00150	0.00703	0.00351	0.00208	0.00715
6	0.01424	0.01045	0.01930	0.01441	0.01833	0.00975	0.38578	0.01800	0.06864	0.26215	0.01663	0.08292	0.04269	0.00619	0.00551	0.00164	0.00600	0.00637	0.00405	0.00694
7	0.01216	0.01168	0.01995	0.03016	0.79664	0.01168	0.01508	0.01508	0.01119	0.01605	0.00924	0.01216	0.00778	0.00438	0.00487	0.00146	0.00584	0.00438	0.00243	0.00778

[dist]
# distance from previous block
# <min> <max>
0	1

[block]
# block no. 2 follows, 51 sequences, length 41
# corresponding to MSA columns:
# 19-59
name=unknown_C
#
# <colnr> <probs for GDERKNQSTAVLIFYWHMCP>
#	G	D	E	R	K	N	Q	S	T	A	V	L	I	F	Y	W	H	M	C	P
0	0.01216	0.01168	0.01995	0.03016	0.79664	0.01168	0.01508	0.01508	0.01119	0.01605	0.00924	0.01216	0.00778	0.00438	0.00487	0.00146	0.00584	0.00438	0.00243	0.00778
1	0.01007	0.05605	0.74105	0.01442	0.05140	0.01173	0.01766	0.01551	0.01039	0.01543	0.00876	0.01035	0.00629	0.00464	0.00462	0.00153	0.00713	0.00362	0.00209	0.00725
2	0.01205	0.01156	0.01974	0.06102	0.76667	0.01165	0.01503	0.01498	0.01114	0.01592	0.00922	0.01220	0.00774	0.00440	0.00487	0.00147	0.00587	0.00438	0.00242	0.00769
3	0.00640	0.00500	0.00580	0.00560	0.00700	0.00440	0.00420	0.00820	0.01260	0.01660	0.43497	0.04182	0.40738	0.01120	0.00580	0.00160	0.00240	0.00960	0.00500	0.00440
4	0.00581	0.00498	0.00498	0.00498	0.00664	0.00415	0.00373	0.00705	0.01120	0.01328	0.04978	0.04729	0.79464	0.01245	0.00581	0.00166	0.00249	0.01037	0.00456	0.00415
5	0.00986	0.02542	0.80183	0.01401	0.02127	0.01141	0.01816	0.01556	0.01038	0.01556	0.00882	0.01038	0.00623	0.00467	0.00467	0.00156	0.00726	0.00363	0.00208	0.00726
6	0.01314	0.83025	0.02575	0.00841	0.01261	0.01945	0.00841	0.01472	0.00999	0.01156	0.00683	0.00788	0.00631	0.00420	0.00315	0.00105	0.00526	0.00263	0.00210	0.00631
7	0.01216	0.01168	0.01995	0.03016	0.79664	0.01168	0.01508	0.01508	0.01119	0.01605	0.00924	0.01216	0.00778	0.00438	0.00487	0.00146	0.00584	0.00438	0.00243	0.00778
8	0.01222	0.01056	0.01111	0.01000	0.01278	0.01222	0.00778	0.02611	0.78776	0.02056	0.02000	0.01833	0.01500	0.00667	0.00500	0.00167	0.00389	0.00556	0.00500	0.00778
9	0.00715	0.00476	0.00536	0.00536	0.00536	0.00476	0.00298	0.00715	0.00715	0.00953	0.01548	0.03216	0.01787	0.82729	0.02501	0.00476	0.00476	0.00715	0.00298	0.00298
10	0.86201	0.00950	0.00722	0.00646	0.00950	0.01102	0.00532	0.01445	0.00836	0.02205	0.00684	0.00798	0.00532	0.00456	0.00304	0.00152	0.00380	0.00266	0.00304	0.00532
11	0.00599	0.00428	0.00570	0.00684	0.00713	0.00399	0.00456	0.00684	0.00941	0.01254	0.02709	0.82409	0.03250	0.01540	0.00627	0.00200	0.00285	0.01397	0.00456	0.00399
12	0.01216	0.01168	0.01995	0.03016	0.79664	0.01168	0.01508	0.01508	0.01119	0.01605	0.00924	0.01216	0.00778	0.00438	0.00487	0.00146	0.00584	0.00438	0.00243	0.00778
13	0.01836	0.02342	0.01393	0.01266	0.01519	0.80756	0.00950	0.01962	0.01393	0.01203	0.00760	0.00886	0.00633	0.00506	0.00443	0.00127	0.00886	0.00317	0.00253	0.00570
14	0.01216	0.01168	0.01995	0.03016	0.79664	0.01168	0.01508	0.01508	0.01119	0.01605	0.00924	0.01216	0.00778	0.00438	0.00487	0.00146	0.00584	0.00438	0.00243	0.00778
15	0.01216	0.01168	0.01995	0.03016	0.79664	0.01168	0.01508	0.01508	0.01119	0.01605	0.00924	0.01216	0.00778	0.00438	0.00487	0.00146	0.00584	0.00438	0.00243	0.00778
16	0.86201	0.00950	0.00722	0.00646	0.00950	0.01102	0.00532	0.01445	0.00836	0.02205	0.00684	0.00798	0.00532	0.00456	0.00304	0.00152	0.00380	0.00266	0.00304	0.00532
17	0.01972	0.01311	0.01263	0.01026	0.01371	0.19506	0.00821	0.17247	0.07934	0.40120	0.01520	0.01406	0.01029	0.00586	0.00482	0.00146	0.00549	0.00448	0.00494	0.00769
18	0.01216	0.01168	0.01995	0.03016	0.79664	0.01168	0.01508	0.01508	0.01119	0.01605	0.00924	0.01216	0.00778	0.00438	0.00487	0.00146	0.00584	0.00438	0.00243	0.00778
19	0.01166	0.01299	0.02725	0.01966	0.02442	0.01241	0.70329	0.01676	0.08760	0.01621	0.01093	0.01375	0.00820	0.00439	0.00572	0.00166	0.00785	0.00578	0.00273	0.00674
20	0.01160	0.01326	0.02900	0.02071	0.02568	0.01243	0.77879	0.01574	0.01160	0.01574	0.00994	0.01326	0.00746	0.00414	0.00580	0.00166	0.00829	0.00580	0.00249	0.00663
21	0.01216	0.01168	0.01995	0.03016	0.79664	0.01168	0.01508	0.01508	0.01119	0.01605	0.00924	0.01216	0.00778	0.00438	0.00487	0.00146	0.00584	0.00438	0.00243	0.00778
22	0.00713	0.00483	0.00568	0.00568	0.00579	0.00494	0.00337	0.00735	0.00724	0.00976	0.01519	0.03056	0.01717	0.72873	0.12262	0.00516	0.00581	0.00691	0.00293	0.00315
23	0.00590	0.00498	0.00511	0.00507	0.00669	0.00419	0.00381	0.00723	0.01142	0.01379	0.10922	0.04645	0.73489	0.01225	0.00581	0.00165	0.00248	0.01025	0.00463	0.00419
24	0.01425	0.01271	0.02292	0.01674	0.02122	0.01253	0.48100	0.18816	0.06495	0.09626	0.01194	0.01360	0.00861	0.00489	0.00547	0.00160	0.00695	0.00539	0.00354	0.00726
25	0.01160	0.01326	0.02900	0.02071	0.02568	0.01243	0.77879	0.01574	0.01160	0.01574	0.00994	0.01326	0.00746	0.00414	0.00580	0.00166	0.00829	0.00580	0.00249	0.00663
26	0.00696	0.00502	0.00657	0.00618	0.00734	0.00464	0.00464	0.00927	0.01391	0.01971	0.79405	0.03671	0.04637	0.01005	0.00580	0.00155	0.00232	0.00889	0.00541	0.00464
27	0.01172	0.01789	0.32627	0.01711	0.02286	0.01215	0.40649	0.07691	0.01210	0.03395	0.00986	0.01210	0.00715	0.00453	0.00527	0.00160	0.00757	0.00483	0.00260	0.00705
28	0.01266	0.01261	0.01947	0.02877	0.73423	0.07524	0.01464	0.01544	0.01141	0.01573	0.00911	0.01190	0.00767	0.00443	0.00483	0.00144	0.00608	0.00428	0.00244	0.00762
29	0.01160	0.01326	0.02900	0.02071	0.02568	0.01243	0.77879	0.01574	0.01160	0.01574	0.00994	0.01326	0.00746	0.00414	0.00580	0.00166	0.00829	0.00580	0.00249	0.00663
30	0.00696	0.00502	0.00657	0.00618	0.00734	0.00464	0.00464	0.00927	0.01391	0.01971	0.79405	0.03671	0.04637	0.01005	0.00580	0.00155	0.00232	0.00889	0.00541	0.00464
31	0.01278	0.01390	0.02272	0.02402	0.38389	0.12038	0.31775	0.01596	0.01173	0.01538	0.00930	0.01215	0.00746	0.00438	0.00518	0.00151	0.00722	0.00478	0.00247	0.00704
32	0.01812	0.01208	0.01387	0.01069	0.01432	0.01290	0.03357	0.56041	0.01986	0.16416	0.01337	0.01434	0.00976	0.07147	0.00655	0.00175	0.00523	0.00478	0.00489	0.00787
33	0.86201	0.00950	0.00722	0.00646	0.00950	0.01102	0.00532	0.01445	0.00836	0.02205	0.00684	0.00798	0.00532	0.00456	0.00304	0.00152	0.00380	0.00266	0.00304	0.00532
34	0.76218	0.01115	0.00802	0.00720	0.01018	0.10528	0.00582	0.01506	0.00902	0.02086	0.00693	0.00809	0.00544	0.00462	0.00321	0.00149	0.00440	0.00272	0.00298	0.00537
35	0.01176	0.01314	0.02314	0.01741	0.02065	0.07652	0.47311	0.01470	0.01057	0.01423	0.00960	0.01292	0.02448	0.00572	0.00874	0.00177	0.24771	0.00525	0.00244	0.00613
36	0.01125	0.01149	0.01458	0.01244	0.01296	0.07072	0.01027	0.01242	0.00819	0.01218	0.00671	0.01057	0.00651	0.00795	0.01430	0.00197	0.69569	0.00411	0.00224	0.07344
37	0.01302	0.01294	0.01203	0.01062	0.07533	0.22420	0.00761	0.01500	0.01143	0.04509	0.00888	0.01024	0.00725	0.00418	0.00400	0.00096	0.00525	0.00318	0.00289	0.52589
38	0.00884	0.00793	0.01295	0.40367	0.17759	0.00890	0.01107	0.01132	0.01008	0.01344	0.03447	0.24842	0.01534	0.00798	0.00532	0.00170	0.00523	0.00727	0.00301	0.00548
39	0.01290	0.01144	0.01672	0.01428	0.07191	0.06383	0.23806	0.01962	0.28428	0.10460	0.01685	0.06980	0.03982	0.00636	0.00530	0.00163	0.00559	0.00604	0.00398	0.00699
40	0.03471	0.40761	0.11997	0.01327	0.07874	0.04652	0.15354	0.01565	0.02530	0.03488	0.00850	0.01005	0.00694	0.00439	0.00411	0.00130	0.00613	0.00363	0.00241	0.02235

[dist]
# distance from previous block
# <min> <max>
0	3

[block]
# block no. 3 follows, 51 sequences, length 25
# corresponding to MSA columns:
# 63-87
name=unknown_D
#
# <colnr> <probs for GDERKNQSTAVLIFYWHMCP>
#	G	D	E	R	K	N	Q	S	T	A	V	L	I	F	Y	W	H	M	C	P
0	0.01450	0.34778	0.01901	0.01298	0.12758	0.31849	0.00949	0.01614	0.01175	0.01251	0.01032	0.01149	0.05880	0.00510	0.00407	0.00123	0.00654	0.00360	0.00248	0.00615
1	0.01364	0.20135	0.01861	0.01920	0.40619	0.01208	0.01122	0.01602	0.01165	0.15174	0.08127	0.01417	0.01168	0.00515	0.00456	0.00138	0.00510	0.00448	0.00326	0.00726
2	0.01266	0.01023	0.01699	0.28432	0.43235	0.01078	0.01347	0.01555	0.01116	0.12928	0.01056	0.01314	0.00802	0.00480	0.00489	0.00153	0.00583	0.00446	0.00288	0.00711
3	0.01126	0.01060	0.01787	0.02676	0.68146	0.01056	0.01355	0.01388	0.01093	0.01554	0.01185	0.13061	0.01139	0.00599	0.00507	0.00154	0.00540	0.00578	0.00274	0.00723
4	0.01118	0.11516	0.49982	0.01203	0.01767	0.01179	0.01404	0.01708	0.12393	0.06767	0.01192	0.05606	0.00934	0.00559	0.00465	0.00153	0.00609	0.00445	0.00291	0.00712
5	0.01065	0.13614	0.57907	0.01558	0.13317	0.01258	0.01634	0.01537	0.01044	0.01507	0.00860	0.01029	0.00646	0.00456	0.00449	0.00147	0.00677	0.00360	0.00213	0.00720
6	0.01216	0.01168	0.01995	0.03016	0.79664	0.01168	0.01508	0.01508	0.01119	0.01605	0.00924	0.01216	0.00778	0.00438	0.00487	0.00146	0.00584	0.00438	0.00243	0.00778
7	0.01020	0.11068	0.71961	0.01341	0.02035	0.01226	0.01712	0.01547	0.01033	0.01514	0.00861	0.01011	0.00623	0.00462	0.00451	0.00150	0.00705	0.00353	0.00208	0.00716
8	0.01144	0.01329	0.13331	0.13312	0.58123	0.01154	0.01534	0.01481	0.01089	0.01551	0.00911	0.01203	0.00739	0.00449	0.00484	0.00150	0.00614	0.00427	0.00235	0.00740
9	0.01216	0.01168	0.01995	0.03016	0.79664	0.01168	0.01508	0.01508	0.01119	0.01605	0.00924	0.01216	0.00778	0.00438	0.00487	0.00146	0.00584	0.00438	0.00243	0.00778
10	0.00699	0.00589	0.00988	0.00933	0.01046	0.00551	0.14352	0.00844	0.00980	0.01312	0.02401	0.67856	0.02801	0.01338	0.00619	0.00193	0.00383	0.01250	0.00419	0.00446
11	0.01444	0.01053	0.01831	0.04778	0.35237	0.01010	0.16146	0.01720	0.01195	0.23966	0.01324	0.05844	0.01029	0.00544	0.00515	0.00155	0.00570	0.00535	0.00359	0.00744
12	0.01071	0.17107	0.54693	0.01396	0.02033	0.01303	0.12733	0.01543	0.01048	0.01486	0.00862	0.01034	0.00642	0.00451	0.00456	0.00148	0.00704	0.00376	0.00214	0.00699
13	0.01088	0.01143	0.02411	0.01776	0.02182	0.01069	0.61053	0.01434	0.01127	0.03982	0.01343	0.16416	0.01226	0.00630	0.00586	0.00172	0.00715	0.00729	0.00298	0.00619
14	0.01237	0.01007	0.01714	0.35292	0.31400	0.01076	0.06397	0.01537	0.01107	0.12895	0.01056	0.01329	0.00789	0.00483	0.00496	0.00156	0.00606	0.00455	0.00287	0.00683
15	0.00986	0.02542	0.80183	0.01401	0.02127	0.01141	0.01816	0.01556	0.01038	0.01556	0.00882	0.01038	0.00623	0.00467	0.00467	0.00156	0.00726	0.00363	0.00208	0.00726
16	0.00672	0.00480	0.00654	0.00768	0.00828	0.00462	0.00583	0.00810	0.01013	0.01336	0.02668	0.53413	0.03091	0.01471	0.00647	0.00210	0.00348	0.29673	0.00455	0.00419
17	0.02088	0.01054	0.01165	0.00931	0.01281	0.12405	0.00751	0.03996	0.01409	0.64062	0.01776	0.04309	0.01192	0.00625	0.00491	0.00150	0.00485	0.00498	0.00549	0.00782
18	0.01014	0.00796	0.01321	0.01327	0.11857	0.00767	0.14753	0.04285	0.01167	0.07994	0.06805	0.25543	0.02195	0.01000	0.00591	0.00183	0.00478	0.16949	0.00408	0.00567
19	0.00590	0.00461	0.00536	0.00595	0.00689	0.00407	0.00417	0.00694	0.01027	0.01289	0.03794	0.45263	0.39696	0.01399	0.00605	0.00183	0.00268	0.01225	0.00456	0.00407
20	0.00715	0.00476	0.00536	0.00536	0.00536	0.00476	0.00298	0.00715	0.00715	0.00953	0.01548	0.03216	0.01787	0.82729	0.02501	0.00476	0.00476	0.00715	0.00298	0.00298
21	0.01188	0.01139	0.01943	0.10791	0.72113	0.01160	0.01494	0.01483	0.01105	0.01571	0.00919	0.01226	0.00766	0.00443	0.00487	0.00148	0.00591	0.00438	0.00241	0.00755
22	0.01019	0.00873	0.01019	0.00728	0.01165	0.00655	0.00582	0.01237	0.01019	0.01601	0.00873	0.01019	0.00728	0.00364	0.00364	0.00073	0.00364	0.00291	0.00291	0.85734
23	0.00690	0.00502	0.00649	0.00612	0.00731	0.00461	0.00459	0.00916	0.01377	0.01938	0.75624	0.03725	0.08438	0.01017	0.00580	0.00155	0.00233	0.00896	0.00537	0.00461
24	0.01205	0.01038	0.02013	0.01482	0.01873	0.00952	0.44662	0.01524	0.01225	0.14235	0.12928	0.02010	0.08258	0.00602	0.00559	0.00159	0.00608	0.00641	0.00369	0.03658

[dist]
# distance from previous block
# <min> <max>
0	3

[block]
# block no. 4 follows, 51 sequences, length 11
# corresponding to MSA columns:
# 91-101
name=unknown_E
#
# <colnr> <probs for GDERKNQSTAVLIFYWHMCP>
#	G	D	E	R	K	N	Q	S	T	A	V	L	I	F	Y	W	H	M	C	P
0	0.01193	0.01144	0.01953	0.09326	0.73535	0.01162	0.01497	0.01488	0.01108	0.01577	0.00920	0.01224	0.00769	0.00442	0.00487	0.00147	0.00590	0.00438	0.00241	0.00760
1	0.00619	0.00481	0.00563	0.00581	0.00697	0.00425	0.00421	0.00765	0.01154	0.01498	0.26321	0.24289	0.37926	0.01249	0.00592	0.00171	0.00253	0.01086	0.00481	0.00425
2	0.08473	0.09203	0.66670	0.01287	0.01951	0.01206	0.01621	0.01539	0.01017	0.01579	0.00848	0.00996	0.00615	0.00462	0.00440	0.00151	0.00679	0.00346	0.00216	0.00701
3	0.01368	0.01127	0.01640	0.02231	0.50613	0.07404	0.01214	0.01619	0.01206	0.14679	0.05902	0.01665	0.03205	0.00561	0.00499	0.00149	0.00546	0.03305	0.00336	0.00731
4	0.78770	0.08135	0.00884	0.00663	0.00978	0.01176	0.00559	0.01447	0.00851	0.02113	0.00684	0.00797	0.00541	0.00453	0.00305	0.00148	0.00393	0.00266	0.00296	0.00541
5	0.01547	0.01023	0.01157	0.00961	0.01273	0.01098	0.00769	0.20596	0.34153	0.20222	0.10153	0.01837	0.01613	0.00671	0.00505	0.00157	0.00415	0.00550	0.00527	0.00771
6	0.01243	0.63181	0.02199	0.00814	0.01238	0.01633	0.00778	0.01415	0.01003	0.01264	0.00729	0.00844	0.00654	0.00407	0.00327	0.00097	0.00487	0.00270	0.00230	0.21187
7	0.01216	0.01228	0.01109	0.00858	0.01250	0.20003	0.00671	0.01413	0.01109	0.01505	0.00846	0.00987	0.00705	0.00398	0.00383	0.00086	0.00490	0.00297	0.00282	0.65162
8	0.01218	0.01141	0.01781	0.02529	0.60730	0.01181	0.01332	0.01775	0.19877	0.01714	0.01184	0.01365	0.00953	0.00493	0.00490	0.00151	0.00537	0.00466	0.00305	0.00778
9	0.01697	0.01364	0.01819	0.01358	0.01776	0.01456	0.19520	0.59559	0.02033	0.02729	0.01135	0.01215	0.00814	0.00547	0.00513	0.00152	0.00610	0.00476	0.00433	0.00794
10	0.00666	0.00484	0.00627	0.00628	0.00725	0.00445	0.00457	0.00857	0.01268	0.01763	0.56825	0.22748	0.08378	0.01147	0.00591	0.00166	0.00246	0.01020	0.00516	0.00445

[dist]
# distance from previous block
# <min> <max>
0	10

[block]
# block no. 5 follows, 51 sequences, length 6
# corresponding to MSA columns:
# 112-117
name=unknown_F
#
# <colnr> <probs for GDERKNQSTAVLIFYWHMCP>
#	G	D	E	R	K	N	Q	S	T	A	V	L	I	F	Y	W	H	M	C	P
0	0.00648	0.00466	0.00614	0.00651	0.00724	0.00432	0.00460	0.00808	0.01169	0.01618	0.41658	0.42422	0.03954	0.01268	0.00603	0.00177	0.00258	0.01139	0.00499	0.00432
1	0.00916	0.00458	0.00458	0.00458	0.00573	0.00458	0.00344	0.01145	0.01031	0.01832	0.01603	0.01832	0.01260	0.00573	0.00344	0.00115	0.00229	0.00458	0.85457	0.00458
2	0.20462	0.00861	0.01020	0.00820	0.01161	0.00831	0.00671	0.02124	0.07400	0.52557	0.05863	0.01602	0.01274	0.00601	0.00458	0.00153	0.00397	0.00470	0.00529	0.00745
3	0.00715	0.00476	0.00536	0.00536	0.00536	0.00476	0.00298	0.00715	0.00715	0.00953	0.01548	0.03216	0.01787	0.82729	0.02501	0.00476	0.00476	0.00715	0.00298	0.00298
4	0.00710	0.00482	0.00562	0.00554	0.00579	0.00474	0.00334	0.00761	0.00863	0.01176	0.18619	0.03316	0.02412	0.64811	0.02080	0.00406	0.00423	0.00753	0.00351	0.00334
5	0.01173	0.01103	0.01781	0.02515	0.62452	0.01055	0.01305	0.01449	0.01097	0.01605	0.00913	0.01173	0.00767	0.00422	0.00460	0.00130	0.00536	0.00406	0.00254	0.19405

[dist]
# distance from previous block
# <min> <max>
0	15

[block]
# block no. 6 follows, 51 sequences, length 34
# corresponding to MSA columns:
# 133-166
name=unknown_G
#
# <colnr> <probs for GDERKNQSTAVLIFYWHMCP>
#	G	D	E	R	K	N	Q	S	T	A	V	L	I	F	Y	W	H	M	C	P
0	0.01167	0.01228	0.02458	0.19901	0.02664	0.01232	0.54152	0.07946	0.01217	0.01631	0.00983	0.01310	0.00733	0.00446	0.00553	0.00164	0.00765	0.00536	0.00262	0.00651
1	0.67274	0.00925	0.00817	0.00698	0.01019	0.01017	0.00575	0.01659	0.00965	0.19736	0.00967	0.00995	0.00686	0.00490	0.00347	0.00152	0.00389	0.00318	0.00373	0.00601
2	0.01274	0.01076	0.01397	0.01142	0.01448	0.01159	0.13232	0.22678	0.31162	0.02120	0.01858	0.12304	0.05403	0.00749	0.00531	0.00166	0.00481	0.00664	0.00449	0.00707
3	0.01206	0.00543	0.00612	0.00552	0.00726	0.00518	0.00429	0.01427	0.01115	0.19447	0.01679	0.01796	0.01250	0.00581	0.00377	0.00123	0.00272	0.00466	0.66338	0.00543
4	0.08339	0.01006	0.01058	0.00909	0.01225	0.01084	0.00713	0.02203	0.54685	0.01966	0.01635	0.01563	0.01245	0.00581	0.00453	0.00144	0.00383	0.00472	0.00436	0.19900
5	0.01151	0.01101	0.01877	0.20712	0.62476	0.01151	0.01476	0.01451	0.01088	0.01527	0.00913	0.01237	0.00751	0.00450	0.00488	0.00150	0.00600	0.00438	0.00238	0.00726
6	0.86201	0.00950	0.00722	0.00646	0.00950	0.01102	0.00532	0.01445	0.00836	0.02205	0.00684	0.00798	0.00532	0.00456	0.00304	0.00152	0.00380	0.00266	0.00304	0.00532
7	0.01368	0.57627	0.02124	0.00880	0.01264	0.01679	0.00817	0.01806	0.18559	0.08005	0.01086	0.01098	0.00876	0.00492	0.00372	0.00123	0.00486	0.00348	0.00309	0.00681
8	0.01349	0.01426	0.01847	0.04398	0.60330	0.19100	0.01379	0.01605	0.01178	0.01507	0.00886	0.01144	0.00743	0.00455	0.00477	0.00142	0.00654	0.00410	0.00245	0.00726
9	0.01206	0.00543	0.00612	0.00552	0.00726	0.00518	0.00429	0.01427	0.01115	0.19447	0.01679	0.01796	0.01250	0.00581	0.00377	0.00123	0.00272	0.00466	0.66338	0.00543
10	0.01363	0.01215	0.01878	0.02591	0.62056	0.01248	0.01379	0.18750	0.01387	0.01942	0.00982	0.01208	0.00791	0.00472	0.00488	0.00146	0.00574	0.00439	0.00299	0.00791
11	0.00975	0.00679	0.00748	0.00670	0.00759	0.00712	0.00441	0.18135	0.01074	0.01436	0.01465	0.02757	0.01572	0.64221	0.02048	0.00402	0.00491	0.00653	0.00341	0.00419
12	0.01656	0.01263	0.01475	0.19251	0.01943	0.01427	0.01031	0.60726	0.02011	0.02682	0.01111	0.01209	0.00795	0.00568	0.00492	0.00151	0.00567	0.00441	0.00430	0.00770
13	0.01108	0.01071	0.01416	0.01225	0.01287	0.01441	0.01008	0.01505	0.18334	0.01379	0.00950	0.01246	0.00838	0.00817	0.01362	0.00204	0.63479	0.00458	0.00279	0.00592
14	0.01149	0.64429	0.02107	0.00764	0.01127	0.01600	0.00736	0.01299	0.01026	0.01195	0.01651	0.01676	0.18395	0.00606	0.00375	0.00119	0.00463	0.00437	0.00266	0.00582
15	0.00722	0.00489	0.00600	0.00639	0.00736	0.00444	0.00446	0.00856	0.00971	0.01427	0.02235	0.54300	0.02493	0.01178	0.00531	0.00165	0.00282	0.01050	0.19590	0.10847
16	0.01645	0.01078	0.01335	0.19167	0.01838	0.01178	0.00954	0.30214	0.13268	0.22034	0.01427	0.01432	0.00991	0.00584	0.00493	0.00155	0.00513	0.00471	0.00461	0.00762
17	0.00777	0.00611	0.00977	0.00846	0.00999	0.00568	0.12815	0.00904	0.01085	0.01452	0.25564	0.09938	0.17628	0.01173	0.00889	0.19441	0.00386	0.03127	0.00394	0.00424
18	0.01185	0.02279	0.62448	0.01340	0.01991	0.01228	0.01617	0.18787	0.01324	0.01903	0.00949	0.01070	0.00671	0.00495	0.00472	0.00154	0.00684	0.00381	0.00272	0.00751
19	0.01215	0.01344	0.01349	0.29673	0.02069	0.29481	0.05727	0.01454	0.01232	0.01417	0.18536	0.01691	0.01550	0.00608	0.00499	0.00149	0.00653	0.00504	0.00305	0.00543
20	0.01207	0.01159	0.01979	0.05429	0.77320	0.01165	0.01504	0.01500	0.01115	0.01595	0.00923	0.01219	0.00775	0.00440	0.00487	0.00147	0.00586	0.00438	0.00242	0.00771
21	0.04388	0.00815	0.00945	0.00802	0.01031	0.00841	0.00633	0.20633	0.08239	0.08767	0.43644	0.02611	0.02971	0.00818	0.00533	0.00154	0.00344	0.00691	0.00522	0.00618
22	0.00986	0.02542	0.80183	0.01401	0.02127	0.01141	0.01816	0.01556	0.01038	0.01556	0.00882	0.01038	0.00623	0.00467	0.00467	0.00156	0.00726	0.00363	0.00208	0.00726
23	0.01216	0.01168	0.01995	0.03016	0.79664	0.01168	0.01508	0.01508	0.01119	0.01605	0.00924	0.01216	0.00778	0.00438	0.00487	0.00146	0.00584	0.00438	0.00243	0.00778
24	0.00952	0.00898	0.01518	0.74929	0.09814	0.01098	0.01377	0.01277	0.00994	0.01285	0.00878	0.01302	0.00665	0.00487	0.00491	0.00162	0.00649	0.00437	0.00220	0.00566
25	0.01868	0.01376	0.01475	0.01131	0.01524	0.01524	0.00934	0.78025	0.02311	0.03097	0.01180	0.01180	0.00836	0.00590	0.00492	0.00147	0.00541	0.00442	0.00492	0.00836
26	0.00621	0.00485	0.00569	0.00622	0.00734	0.00433	0.00465	0.00751	0.01072	0.01345	0.06180	0.30083	0.41115	0.01350	0.00610	0.00185	0.00290	0.12215	0.00458	0.00417
27	0.00774	0.00633	0.00928	0.00886	0.00957	0.00786	0.00703	0.00937	0.00783	0.01149	0.01187	0.01765	0.01116	0.03140	0.65483	0.00679	0.16875	0.00508	0.00254	0.00458
28	0.00698	0.00499	0.00643	0.00609	0.00711	0.00465	0.00444	0.00902	0.01312	0.01851	0.70251	0.03617	0.04302	0.10613	0.00806	0.00192	0.00261	0.00868	0.00512	0.00444
29	0.01314	0.83025	0.02575	0.00841	0.01261	0.01945	0.00841	0.01472	0.00999	0.01156	0.00683	0.00788	0.00631	0.00420	0.00315	0.00105	0.00526	0.00263	0.00210	0.00631
30	0.00869	0.00622	0.00890	0.01057	0.07634	0.00613	0.00823	0.01095	0.01146	0.04451	0.04394	0.04951	0.06023	0.01238	0.00649	0.00212	0.00448	0.61947	0.00443	0.00493
31	0.00928	0.00873	0.01474	0.81548	0.03385	0.01092	0.01365	0.01256	0.00983	0.01256	0.00873	0.01310	0.00655	0.00491	0.00491	0.00164	0.00655	0.00437	0.00218	0.00546
32	0.01286	0.76241	0.09117	0.00888	0.01334	0.01877	0.00923	0.01479	0.01002	0.01190	0.00700	0.00809	0.00630	0.00424	0.00328	0.00109	0.00542	0.00271	0.00210	0.00639
33	0.15182	0.10948	0.30905	0.01077	0.01563	0.07756	0.01144	0.07650	0.01199	0.14651	0.02910	0.01137	0.00821	0.00509	0.00431	0.00146	0.00583	0.00373	0.00324	0.00691

[dist]
# distance from previous block
# <min> <max>
0	6

[block]
# block no. 7 follows, 51 sequences, length 22
# corresponding to MSA columns:
# 173-194
name=unknown_H
#
# <colnr> <probs for GDERKNQSTAVLIFYWHMCP>
#	G	D	E	R	K	N	Q	S	T	A	V	L	I	F	Y	W	H	M	C	P
0	0.04770	0.31755	0.19068	0.01170	0.01615	0.21436	0.07737	0.01656	0.01129	0.04340	0.00821	0.00948	0.00658	0.00460	0.00410	0.00130	0.00676	0.00335	0.00243	0.00643
1	0.01277	0.73941	0.11334	0.00904	0.01359	0.01854	0.00951	0.01481	0.01003	0.01201	0.00706	0.00816	0.00630	0.00426	0.00332	0.00111	0.00548	0.00274	0.00210	0.00641
2	0.01224	0.13445	0.01309	0.00925	0.01240	0.09495	0.00743	0.03581	0.34938	0.01697	0.01468	0.07452	0.01232	0.00613	0.00447	0.00135	0.00452	0.00491	0.00383	0.18731
3	0.00739	0.00549	0.00718	0.00803	0.00929	0.00528	0.00687	0.00940	0.01128	0.01435	0.03199	0.05339	0.22089	0.01329	0.00654	0.00211	0.00401	0.57427	0.00453	0.00443
4	0.01201	0.04814	0.34810	0.03081	0.06178	0.01167	0.06874	0.01936	0.24386	0.08633	0.01313	0.01360	0.00957	0.00533	0.00483	0.00157	0.00588	0.00450	0.00336	0.00742
5	0.01836	0.02342	0.01393	0.01266	0.01519	0.80756	0.00950	0.01962	0.01393	0.01203	0.00760	0.00886	0.00633	0.00506	0.00443	0.00127	0.00886	0.00317	0.00253	0.00570
6	0.00854	0.00427	0.00640	0.00640	0.00640	0.00427	0.00427	0.00640	0.00640	0.00854	0.00854	0.01494	0.00854	0.01707	0.01921	0.85702	0.00427	0.00427	0.00213	0.00213
7	0.01352	0.58784	0.02175	0.00908	0.01291	0.05355	0.00839	0.06127	0.16156	0.01444	0.00970	0.01018	0.00811	0.00482	0.00367	0.00120	0.00516	0.00332	0.00285	0.00668
8	0.01175	0.48975	0.35409	0.01078	0.01628	0.01605	0.01253	0.01507	0.01015	0.01325	0.00767	0.00894	0.00627	0.00440	0.00379	0.00126	0.00610	0.00305	0.00209	0.00671
9	0.01738	0.04616	0.24666	0.01068	0.01537	0.07846	0.01073	0.02082	0.04357	0.43797	0.01478	0.01389	0.00979	0.00553	0.00475	0.00150	0.00553	0.00434	0.00439	0.00770
10	0.01216	0.01168	0.01995	0.03016	0.79664	0.01168	0.01508	0.01508	0.01119	0.01605	0.00924	0.01216	0.00778	0.00438	0.00487	0.00146	0.00584	0.00438	0.00243	0.00778
11	0.00599	0.00428	0.00570	0.00684	0.00713	0.00399	0.00456	0.00684	0.00941	0.01254	0.02709	0.82409	0.03250	0.01540	0.00627	0.00200	0.00285	0.01397	0.00456	0.00399
12	0.01449	0.01109	0.01795	0.02490	0.59970	0.01092	0.01320	0.05176	0.01232	0.17806	0.01145	0.01309	0.00871	0.00480	0.00488	0.00147	0.00548	0.00450	0.00330	0.00793
13	0.01014	0.09514	0.73460	0.01352	0.02052	0.01211	0.01731	0.01549	0.01034	0.01522	0.00865	0.01016	0.00623	0.00463	0.00454	0.00151	0.00709	0.00354	0.00208	0.00718
14	0.00696	0.00502	0.00657	0.00618	0.00734	0.00464	0.00464	0.00927	0.01391	0.01971	0.79405	0.03671	0.04637	0.01005	0.00580	0.00155	0.00232	0.00889	0.00541	0.00464
15	0.00678	0.00502	0.00633	0.00600	0.00724	0.00456	0.00450	0.00894	0.01351	0.01875	0.68328	0.03828	0.15773	0.01040	0.00580	0.00156	0.00234	0.00911	0.00528	0.00456
16	0.01473	0.39573	0.21547	0.01003	0.01484	0.04080	0.01058	0.01741	0.01124	0.21074	0.01051	0.01076	0.00776	0.00482	0.00402	0.00130	0.00561	0.00348	0.00311	0.00704
17	0.01209	0.01188	0.02111	0.02895	0.69726	0.01177	0.11352	0.01517	0.01124	0.01601	0.00933	0.01230	0.00774	0.00435	0.00499	0.00148	0.00615	0.00456	0.00244	0.00764
18	0.01216	0.01168	0.01995	0.03016	0.79664	0.01168	0.01508	0.01508	0.01119	0.01605	0.00924	0.01216	0.00778	0.00438	0.00487	0.00146	0.00584	0.00438	0.00243	0.00778
19	0.01185	0.01111	0.01515	0.01275	0.01349	0.01474	0.02965	0.12458	0.01002	0.01482	0.00789	0.01226	0.00739	0.00824	0.01395	0.00204	0.65525	0.02637	0.00263	0.00582
20	0.36298	0.01103	0.01106	0.00886	0.01240	0.01204	0.00731	0.32830	0.01543	0.16957	0.01118	0.01116	0.00782	0.00539	0.00416	0.00150	0.00453	0.00380	0.00437	0.00712
21	0.30021	0.04212	0.06999	0.01514	0.24512	0.07215	0.01003	0.05935	0.01138	0.11750	0.00962	0.01078	0.00727	0.00481	0.00415	0.00147	0.00523	0.00366	0.00321	0.00681

[dist]
# distance from previous block
# <min> <max>
3	5

[block]
# block no. 8 follows, 51 sequences, length 28
# corresponding to MSA columns:
# 200-227
name=unknown_I
#
# <colnr> <probs for GDERKNQSTAVLIFYWHMCP>
#	G	D	E	R	K	N	Q	S	T	A	V	L	I	F	Y	W	H	M	C	P
0	0.01102	0.01022	0.01057	0.00782	0.01200	0.08750	0.00619	0.01311	0.01057	0.01561	0.00862	0.01006	0.00718	0.00378	0.00372	0.00078	0.00417	0.00294	0.00287	0.77127
1	0.01348	0.01041	0.01130	0.00976	0.01283	0.01150	0.00768	0.07198	0.60677	0.09966	0.01863	0.01719	0.01375	0.00635	0.00489	0.00157	0.00400	0.00524	0.00496	0.06805
2	0.01222	0.01056	0.01111	0.01000	0.01278	0.01222	0.00778	0.02611	0.78776	0.02056	0.02000	0.01833	0.01500	0.00667	0.00500	0.00167	0.00389	0.00556	0.00500	0.00778
3	0.01262	0.48841	0.06585	0.00931	0.01318	0.01638	0.00875	0.01886	0.28973	0.01503	0.01168	0.01179	0.00943	0.00512	0.00391	0.00130	0.00488	0.00374	0.00314	0.00689
4	0.00581	0.00498	0.00498	0.00498	0.00664	0.00415	0.00373	0.00705	0.01120	0.01328	0.04978	0.04729	0.79464	0.01245	0.00581	0.00166	0.00249	0.01037	0.00456	0.00415
5	0.00581	0.00498	0.00498	0.00498	0.00664	0.00415	0.00373	0.00705	0.01120	0.01328	0.04978	0.04729	0.79464	0.01245	0.00581	0.00166	0.00249	0.01037	0.00456	0.00415
6	0.00916	0.00458	0.00458	0.00458	0.00573	0.00458	0.00344	0.01145	0.01031	0.01832	0.01603	0.01832	0.01260	0.00573	0.00344	0.00115	0.00229	0.00458	0.85457	0.00458
7	0.01216	0.01168	0.01995	0.03016	0.79664	0.01168	0.01508	0.01508	0.01119	0.01605	0.00924	0.01216	0.00778	0.00438	0.00487	0.00146	0.00584	0.00438	0.00243	0.00778
8	0.00732	0.00553	0.00776	0.00760	0.00819	0.00642	0.00566	0.00857	0.00768	0.01096	0.01328	0.02199	0.01330	0.23703	0.55151	0.00669	0.06805	0.00568	0.00269	0.00410
9	0.00715	0.00476	0.00536	0.00536	0.00536	0.00476	0.00298	0.00715	0.00715	0.00953	0.01548	0.03216	0.01787	0.82729	0.02501	0.00476	0.00476	0.00715	0.00298	0.00298
10	0.00596	0.00436	0.00561	0.00661	0.00707	0.00401	0.00446	0.00687	0.00963	0.01264	0.02993	0.72678	0.12797	0.01503	0.00621	0.00195	0.00281	0.01352	0.00456	0.00401
11	0.01087	0.27383	0.56229	0.01228	0.01860	0.01389	0.01515	0.01530	0.01025	0.01433	0.00821	0.00961	0.00625	0.00453	0.00420	0.00140	0.00664	0.00332	0.00208	0.00697
12	0.02205	0.00836	0.01140	0.00874	0.01254	0.00722	0.00722	0.02395	0.01407	0.80004	0.01939	0.01673	0.01216	0.00608	0.00494	0.00152	0.00418	0.00494	0.00608	0.00836
13	0.00696	0.00502	0.00657	0.00618	0.00734	0.00464	0.00464	0.00927	0.01391	0.01971	0.79405	0.03671	0.04637	0.01005	0.00580	0.00155	0.00232	0.00889	0.00541	0.00464
14	0.00986	0.02542	0.80183	0.01401	0.02127	0.01141	0.01816	0.01556	0.01038	0.01556	0.00882	0.01038	0.00623	0.00467	0.00467	0.00156	0.00726	0.00363	0.00208	0.00726
15	0.01198	0.01116	0.01841	0.20489	0.57028	0.01176	0.01435	0.06872	0.01173	0.01633	0.00931	0.01235	0.00755	0.00461	0.00488	0.00150	0.00597	0.00438	0.00255	0.00730
16	0.01832	0.01442	0.01448	0.01134	0.01505	0.08859	0.00927	0.68798	0.02183	0.02866	0.01145	0.01174	0.00828	0.00669	0.02736	0.00164	0.00595	0.00433	0.00463	0.00800
17	0.00994	0.00902	0.01482	0.02178	0.51270	0.00891	0.01130	0.01212	0.01055	0.01479	0.01566	0.30417	0.01667	0.00834	0.00537	0.00165	0.00476	0.00783	0.00320	0.00642
18	0.00702	0.00527	0.00790	0.00790	0.00878	0.00614	0.00614	0.00878	0.00790	0.01141	0.01316	0.01931	0.01229	0.03686	0.80782	0.00790	0.01316	0.00527	0.00263	0.00439
19	0.86201	0.00950	0.00722	0.00646	0.00950	0.01102	0.00532	0.01445	0.00836	0.02205	0.00684	0.00798	0.00532	0.00456	0.00304	0.00152	0.00380	0.00266	0.00304	0.00532
20	0.00854	0.00427	0.00640	0.00640	0.00640	0.00427	0.00427	0.00640	0.00640	0.00854	0.00854	0.01494	0.00854	0.01707	0.01921	0.85702	0.00427	0.00427	0.00213	0.00213
21	0.00715	0.00476	0.00536	0.00536	0.00536	0.00476	0.00298	0.00715	0.00715	0.00953	0.01548	0.03216	0.01787	0.82729	0.02501	0.00476	0.00476	0.00715	0.00298	0.00298
22	0.00854	0.00427	0.00640	0.00640	0.00640	0.00427	0.00427	0.00640	0.00640	0.00854	0.00854	0.01494	0.00854	0.01707	0.01921	0.85702	0.00427	0.00427	0.00213	0.00213
23	0.01085	0.02439	0.72215	0.01369	0.02057	0.03822	0.01720	0.04174	0.01105	0.04239	0.00923	0.01059	0.00650	0.00477	0.00468	0.00154	0.00715	0.00369	0.00232	0.00728
24	0.00916	0.00458	0.00458	0.00458	0.00573	0.00458	0.00344	0.01145	0.01031	0.01832	0.01603	0.01832	0.01260	0.00573	0.00344	0.00115	0.00229	0.00458	0.85457	0.00458
25	0.01019	0.00873	0.01019	0.00728	0.01165	0.00655	0.00582	0.01237	0.01019	0.01601	0.00873	0.01019	0.00728	0.00364	0.00364	0.00073	0.00364	0.00291	0.00291	0.85734
26	0.07812	0.02244	0.01345	0.01222	0.01479	0.75114	0.00920	0.01926	0.01353	0.01274	0.00754	0.00880	0.00626	0.00503	0.00433	0.00128	0.00850	0.00313	0.00257	0.00567
27	0.86201	0.00950	0.00722	0.00646	0.00950	0.01102	0.00532	0.01445	0.00836	0.02205	0.00684	0.00798	0.00532	0.00456	0.00304	0.00152	0.00380	0.00266	0.00304	0.00532

[dist]
# distance from previous block
# <min> <max>
0	1

[block]
# block no. 9 follows, 51 sequences, length 22
# corresponding to MSA columns:
# 229-250
name=unknown_J
#
# <colnr> <probs for GDERKNQSTAVLIFYWHMCP>
#	G	D	E	R	K	N	Q	S	T	A	V	L	I	F	Y	W	H	M	C	P
0	0.12428	0.02228	0.64209	0.01271	0.01918	0.01129	0.01576	0.03612	0.01060	0.04937	0.00907	0.01036	0.00641	0.00475	0.00447	0.00155	0.00662	0.00358	0.00245	0.00708
1	0.01205	0.01151	0.01937	0.06154	0.73284	0.01167	0.01472	0.01544	0.04334	0.01610	0.00967	0.01246	0.00803	0.00450	0.00487	0.00148	0.00579	0.00443	0.00253	0.00769
2	0.00916	0.00458	0.00458	0.00458	0.00573	0.00458	0.00344	0.01145	0.01031	0.01832	0.01603	0.01832	0.01260	0.00573	0.00344	0.00115	0.00229	0.00458	0.85457	0.00458
3	0.00640	0.00567	0.00618	0.00592	0.00739	0.00545	0.00457	0.00762	0.01076	0.01310	0.04461	0.04293	0.70061	0.01199	0.00704	0.00172	0.09982	0.00965	0.00428	0.00430
4	0.00702	0.00527	0.00790	0.00790	0.00878	0.00614	0.00614	0.00878	0.00790	0.01141	0.01316	0.01931	0.01229	0.03686	0.80782	0.00790	0.01316	0.00527	0.00263	0.00439
5	0.00928	0.00873	0.01474	0.81548	0.03385	0.01092	0.01365	0.01256	0.00983	0.01256	0.00873	0.01310	0.00655	0.00491	0.00491	0.00164	0.00655	0.00437	0.00218	0.00546
6	0.01075	0.01075	0.01505	0.01290	0.01290	0.01505	0.01075	0.01183	0.00753	0.01183	0.00645	0.01075	0.00645	0.00860	0.01613	0.00215	0.81830	0.00430	0.00215	0.00538
7	0.02205	0.00836	0.01140	0.00874	0.01254	0.00722	0.00722	0.02395	0.01407	0.80004	0.01939	0.01673	0.01216	0.00608	0.00494	0.00152	0.00418	0.00494	0.00608	0.00836
8	0.00599	0.00428	0.00570	0.00684	0.00713	0.00399	0.00456	0.00684	0.00941	0.01254	0.02709	0.82409	0.03250	0.01540	0.00627	0.00200	0.00285	0.01397	0.00456	0.00399
9	0.01019	0.00873	0.01019	0.00728	0.01165	0.00655	0.00582	0.01237	0.01019	0.01601	0.00873	0.01019	0.00728	0.00364	0.00364	0.00073	0.00364	0.00291	0.00291	0.85734
10	0.01343	0.00971	0.01447	0.01049	0.01484	0.00814	0.16567	0.03571	0.01171	0.19680	0.01152	0.01237	0.00847	0.00436	0.00442	0.00112	0.00477	0.00401	0.00361	0.46438
11	0.86201	0.00950	0.00722	0.00646	0.00950	0.01102	0.00532	0.01445	0.00836	0.02205	0.00684	0.00798	0.00532	0.00456	0.00304	0.00152	0.00380	0.00266	0.00304	0.00532
12	0.00703	0.00523	0.00770	0.00770	0.00851	0.00603	0.00590	0.00865	0.00784	0.01126	0.01334	0.02031	0.01272	0.09873	0.74654	0.00765	0.01251	0.00541	0.00266	0.00428
13	0.00713	0.00533	0.00741	0.00673	0.00803	0.00493	0.03355	0.00952	0.01382	0.01956	0.76476	0.03583	0.04492	0.00983	0.00580	0.00155	0.00254	0.00877	0.00530	0.00471
14	0.00599	0.00428	0.00570	0.00684	0.00713	0.00399	0.00456	0.00684	0.00941	0.01254	0.02709	0.82409	0.03250	0.01540	0.00627	0.00200	0.00285	0.01397	0.00456	0.00399
15	0.01216	0.01168	0.01995	0.03016	0.79664	0.01168	0.01508	0.01508	0.01119	0.01605	0.00924	0.01216	0.00778	0.00438	0.00487	0.00146	0.00584	0.00438	0.00243	0.00778
16	0.01096	0.01044	0.01777	0.35915	0.47709	0.01136	0.01448	0.01402	0.01062	0.01459	0.00903	0.01256	0.00727	0.00460	0.00489	0.00153	0.00614	0.00437	0.00233	0.00681
17	0.01314	0.83025	0.02575	0.00841	0.01261	0.01945	0.00841	0.01472	0.00999	0.01156	0.00683	0.00788	0.00631	0.00420	0.00315	0.00105	0.00526	0.00263	0.00210	0.00631
18	0.01194	0.01145	0.01954	0.09164	0.73693	0.01162	0.01497	0.01488	0.01108	0.01578	0.00920	0.01224	0.00769	0.00442	0.00487	0.00147	0.00589	0.00438	0.00241	0.00760
19	0.01216	0.01168	0.01995	0.03016	0.79664	0.01168	0.01508	0.01508	0.01119	0.01605	0.00924	0.01216	0.00778	0.00438	0.00487	0.00146	0.00584	0.00438	0.00243	0.00778
20	0.01258	0.01284	0.01801	0.02587	0.62718	0.12456	0.01347	0.01513	0.01153	0.01526	0.01140	0.03462	0.04547	0.00515	0.00488	0.00146	0.00603	0.00474	0.00260	0.00722
21	0.01224	0.13938	0.35222	0.01236	0.07695	0.01080	0.01242	0.01577	0.01121	0.15656	0.04512	0.05401	0.02998	0.00619	0.00476	0.00152	0.00563	0.04272	0.00327	0.00689

[dist]
# distance from previous block
# <min> <max>
3	131

[block]
# block no. 10 follows, 51 sequences, length 77
# corresponding to MSA columns:
# 382-458
name=unknown_K
#
# <colnr> <probs for GDERKNQSTAVLIFYWHMCP>
#	G	D	E	R	K	N	Q	S	T	A	V	L	I	F	Y	W	H	M	C	P
0	0.01252	0.07418	0.23433	0.01237	0.01706	0.01268	0.10601	0.14869	0.23944	0.01941	0.01258	0.01310	0.00938	0.00530	0.00477	0.00150	0.00571	0.00448	0.00352	0.06298
1	0.01038	0.15344	0.67838	0.01312	0.01989	0.01269	0.01661	0.01543	0.01031	0.01493	0.00850	0.00998	0.00624	0.00460	0.00443	0.00148	0.00694	0.00347	0.00208	0.00711
2	0.00581	0.00496	0.00500	0.00502	0.00665	0.00414	0.00375	0.00705	0.01116	0.01326	0.04924	0.06602	0.77627	0.01252	0.00582	0.00167	0.00250	0.01046	0.00456	0.00414
3	0.01788	0.01337	0.01430	0.01115	0.01494	0.01487	0.00915	0.68716	0.11749	0.02969	0.01281	0.01261	0.00918	0.00599	0.00493	0.00150	0.00522	0.00456	0.00493	0.00829
4	0.00597	0.00436	0.00561	0.00661	0.00707	0.00401	0.00446	0.00687	0.00963	0.01264	0.02989	0.72820	0.12658	0.01503	0.00622	0.00195	0.00281	0.01353	0.00456	0.00401
5	0.00766	0.01001	0.20086	0.00809	0.01074	0.00629	0.00794	0.01081	0.01305	0.01869	0.60221	0.03028	0.03656	0.00873	0.00552	0.00155	0.00353	0.00760	0.00460	0.00528
6	0.01239	0.64770	0.20178	0.00968	0.01458	0.01762	0.01062	0.01491	0.01007	0.01247	0.00728	0.00845	0.00629	0.00431	0.00350	0.00117	0.00571	0.00286	0.00210	0.00652
7	0.00599	0.00428	0.00570	0.00684	0.00713	0.00399	0.00456	0.00684	0.00941	0.01254	0.02709	0.82409	0.03250	0.01540	0.00627	0.00200	0.00285	0.01397	0.00456	0.00399
8	0.00595	0.00498	0.00517	0.00513	0.00672	0.00421	0.00385	0.00733	0.01154	0.01407	0.14165	0.04599	0.70228	0.01215	0.00581	0.00165	0.00247	0.01019	0.00467	0.00421
9	0.00986	0.02542	0.80183	0.01401	0.02127	0.01141	0.01816	0.01556	0.01038	0.01556	0.00882	0.01038	0.00623	0.00467	0.00467	0.00156	0.00726	0.00363	0.00208	0.00726
10	0.01119	0.01014	0.01570	0.26184	0.36166	0.01091	0.01241	0.09397	0.03667	0.01636	0.01470	0.01694	0.10483	0.00577	0.00501	0.00155	0.00553	0.00516	0.00296	0.00669
11	0.00986	0.02542	0.80183	0.01401	0.02127	0.01141	0.01816	0.01556	0.01038	0.01556	0.00882	0.01038	0.00623	0.00467	0.00467	0.00156	0.00726	0.00363	0.00208	0.00726
12	0.00928	0.00873	0.01474	0.81548	0.03385	0.01092	0.01365	0.01256	0.00983	0.01256	0.00873	0.01310	0.00655	0.00491	0.00491	0.00164	0.00655	0.00437	0.00218	0.00546
13	0.02163	0.00903	0.01182	0.00906	0.01288	0.00821	0.00748	0.11730	0.01518	0.70511	0.01845	0.01612	0.01169	0.00606	0.00494	0.00151	0.00433	0.00488	0.00594	0.00836
14	0.02116	0.01150	0.01207	0.00963	0.01320	0.15752	0.00777	0.06748	0.01457	0.60743	0.01674	0.01497	0.01085	0.00588	0.00484	0.00147	0.00513	0.00458	0.00535	0.00786
15	0.00599	0.00428	0.00570	0.00684	0.00713	0.00399	0.00456	0.00684	0.00941	0.01254	0.02709	0.82409	0.03250	0.01540	0.00627	0.00200	0.00285	0.01397	0.00456	0.00399
16	0.86201	0.00950	0.00722	0.00646	0.00950	0.01102	0.00532	0.01445	0.00836	0.02205	0.00684	0.00798	0.00532	0.00456	0.00304	0.00152	0.00380	0.00266	0.00304	0.00532
17	0.01287	0.01051	0.03677	0.00906	0.01275	0.00982	0.00753	0.27406	0.04983	0.03403	0.03594	0.01319	0.00990	0.00892	0.10352	0.00198	0.00551	0.00408	0.00376	0.35596
18	0.01755	0.02000	0.01493	0.01331	0.04339	0.55090	0.04591	0.17540	0.01539	0.01623	0.00871	0.01001	0.00696	0.00579	0.01897	0.00147	0.02210	0.00365	0.00301	0.00633
19	0.01104	0.01156	0.02226	0.01669	0.02060	0.01134	0.51658	0.01688	0.17908	0.01639	0.01423	0.11444	0.01218	0.00608	0.00569	0.00170	0.00666	0.00676	0.00329	0.00655
20	0.01222	0.01056	0.01111	0.01000	0.01278	0.01222	0.00778	0.02611	0.78776	0.02056	0.02000	0.01833	0.01500	0.00667	0.00500	0.00167	0.00389	0.00556	0.00500	0.00778
21	0.01019	0.00967	0.01639	0.56687	0.27533	0.01116	0.01410	0.01336	0.01026	0.01366	0.00890	0.01280	0.00694	0.00474	0.00490	0.00158	0.00633	0.00437	0.00226	0.00620
22	0.00681	0.00502	0.00637	0.00603	0.00725	0.00458	0.00453	0.00900	0.01358	0.01891	0.70218	0.03802	0.13873	0.01034	0.00580	0.00156	0.00234	0.00907	0.00531	0.00458
23	0.01222	0.01056	0.01111	0.01000	0.01278	0.01222	0.00778	0.02611	0.78776	0.02056	0.02000	0.01833	0.01500	0.00667	0.00500	0.00167	0.00389	0.00556	0.00500	0.00778
