[name]
unknown

[dist]
# distance from previous block
# <min> <max>
0	325

[block]
# block no. 0 follows, 47 sequences, length 28
# corresponding to MSA columns:
# 329-356
name=unknown_A
#
# <colnr> <probs for GDERKNQSTAVLIFYWHMCP>
#	G	D	E	R	K	N	Q	S	T	A	V	L	I	F	Y	W	H	M	C	P
0	0.02982	0.00846	0.01188	0.01355	0.15813	0.00860	0.03196	0.08587	0.02644	0.04122	0.04620	0.03332	0.03965	0.02459	0.00663	0.01766	0.01528	0.28531	0.09653	0.01892
1	0.00714	0.00539	0.00675	0.00721	0.00827	0.00480	0.00501	0.02149	0.01052	0.01419	0.02821	0.62360	0.10189	0.01424	0.00622	0.00190	0.00314	0.01276	0.00462	0.11267
2	0.01075	0.00820	0.09200	0.00663	0.00884	0.00673	0.00595	0.08461	0.01222	0.02037	0.01572	0.01783	0.01218	0.00596	0.00393	0.00129	0.00332	0.00473	0.67318	0.00555
3	0.01105	0.00931	0.01274	0.15786	0.03319	0.01122	0.00970	0.09963	0.09485	0.02544	0.01246	0.03078	0.01068	0.01721	0.25836	0.00391	0.16618	0.00522	0.00324	0.02698
4	0.01067	0.07749	0.74139	0.01446	0.02195	0.01264	0.01858	0.01643	0.01097	0.01622	0.00921	0.01083	0.00660	0.00492	0.00485	0.00162	0.00756	0.00378	0.00220	0.00763
5	0.68167	0.01041	0.00929	0.09483	0.01348	0.01210	0.00701	0.08678	0.01052	0.02316	0.00797	0.00944	0.00609	0.00501	0.00363	0.00162	0.00451	0.00320	0.00331	0.00596
6	0.01086	0.01031	0.01748	0.54414	0.28815	0.01184	0.01497	0.01421	0.01090	0.01456	0.00944	0.01355	0.00738	0.00502	0.00519	0.00167	0.00669	0.00463	0.00240	0.00662
7	0.00649	0.00474	0.00593	0.00675	0.00730	0.00437	0.00454	0.00746	0.01030	0.01352	0.07181	0.57480	0.15413	0.09186	0.00843	0.00231	0.00312	0.01321	0.00472	0.00419
8	0.01976	0.01571	0.01553	0.01214	0.01614	0.10170	0.00992	0.68527	0.02342	0.03062	0.01201	0.01216	0.00862	0.00615	0.00515	0.00154	0.00613	0.00454	0.00493	0.00855
9	0.00812	0.00506	0.00676	0.00734	0.00813	0.00466	0.00511	0.00936	0.01115	0.08831	0.13957	0.62284	0.03457	0.01453	0.00644	0.00200	0.00307	0.01309	0.00512	0.00477
10	0.05035	0.00621	0.00810	0.00799	0.00915	0.02372	0.00609	0.01043	0.00991	0.05334	0.11873	0.11006	0.02014	0.05077	0.44580	0.02827	0.00942	0.02303	0.00365	0.00483
11	0.01229	0.00734	0.00761	0.00668	0.00865	0.00774	0.00524	0.20530	0.01439	0.02284	0.01584	0.01765	0.01220	0.00611	0.00404	0.00130	0.00327	0.00481	0.63080	0.00588
12	0.00801	0.00548	0.00646	0.00632	0.00662	0.00568	0.00392	0.03612	0.00832	0.01125	0.01589	0.03120	0.01766	0.66839	0.14288	0.00542	0.00643	0.00716	0.00318	0.00360
13	0.00683	0.00490	0.00623	0.00682	0.00762	0.00446	0.00476	0.00816	0.01141	0.02809	0.19853	0.50834	0.15583	0.01440	0.00643	0.00194	0.00286	0.01285	0.00506	0.00448
14	0.22067	0.00844	0.00874	0.00785	0.01032	0.00880	0.00612	0.13025	0.05352	0.09930	0.05364	0.18511	0.16827	0.00957	0.00524	0.00175	0.00380	0.00785	0.00472	0.00605
15	0.26874	0.01093	0.01099	0.00945	0.01275	0.01226	0.00757	0.10476	0.36650	0.11927	0.01595	0.01515	0.01165	0.00623	0.00465	0.00168	0.00431	0.00475	0.00481	0.00760
16	0.05039	0.00704	0.00863	0.00802	0.01025	0.00664	0.00639	0.03143	0.05316	0.23477	0.07023	0.15594	0.18709	0.01098	0.00595	0.00187	0.00378	0.13607	0.00529	0.00609
17	0.07886	0.00870	0.01014	0.00845	0.01126	0.00857	0.00663	0.15865	0.02881	0.29346	0.05799	0.08934	0.10995	0.09619	0.00766	0.00204	0.00428	0.00692	0.00523	0.00687
18	0.01213	0.00943	0.01024	0.00938	0.01157	0.03080	0.00713	0.19148	0.22482	0.04114	0.03711	0.30973	0.06189	0.01058	0.00581	0.00183	0.00414	0.00912	0.00505	0.00661
19	0.00821	0.00718	0.01159	0.00993	0.01189	0.00675	0.16090	0.01109	0.05113	0.01698	0.27173	0.25177	0.13739	0.01113	0.00624	0.00182	0.00402	0.01030	0.00470	0.00525
20	0.00885	0.00614	0.00943	0.00889	0.01025	0.00566	0.08850	0.01042	0.01126	0.09229	0.11397	0.51474	0.05029	0.03474	0.00691	0.00204	0.00377	0.01197	0.00481	0.00506
21	0.00781	0.00537	0.00645	0.00653	0.00758	0.00498	0.00458	0.00933	0.02776	0.05397	0.18547	0.23950	0.21193	0.17784	0.01041	0.00251	0.00336	0.02533	0.00477	0.00452
22	0.18483	0.00865	0.01027	0.00812	0.01136	0.00790	0.04654	0.01432	0.01043	0.13158	0.01256	0.03860	0.01105	0.16647	0.00864	0.00201	0.00446	0.00474	0.00365	0.31384
23	0.01329	0.00972	0.01123	0.00951	0.01198	0.01063	0.00754	0.32655	0.09148	0.02339	0.17116	0.02042	0.01866	0.01398	0.14605	0.07208	0.00618	0.00592	0.02362	0.00662
24	0.14301	0.00829	0.00898	0.00774	0.01013	0.00857	0.00612	0.18339	0.01561	0.05230	0.35033	0.02834	0.12267	0.00880	0.00539	0.00162	0.00354	0.00726	0.02188	0.00601
25	0.01215	0.01229	0.17011	0.00934	0.01374	0.00810	0.00884	0.04708	0.01174	0.12079	0.02898	0.07288	0.01196	0.07211	0.00643	0.00156	0.00481	0.00495	0.00364	0.37850
26	0.01057	0.07211	0.10812	0.01529	0.01924	0.01115	0.36901	0.01397	0.01095	0.01507	0.05052	0.01750	0.01171	0.07836	0.16950	0.00332	0.00885	0.00581	0.00279	0.00616
27	0.20243	0.03131	0.05013	0.00728	0.01005	0.01740	0.00615	0.02934	0.02816	0.11975	0.03070	0.08533	0.34391	0.00955	0.00520	0.00170	0.00376	0.00768	0.00446	0.00570

[dist]
# distance from previous block
# <min> <max>
4	12

[block]
# block no. 1 follows, 47 sequences, length 6
# corresponding to MSA columns:
# 369-374
name=unknown_B
#
# <colnr> <probs for GDERKNQSTAVLIFYWHMCP>
#	G	D	E	R	K	N	Q	S	T	A	V	L	I	F	Y	W	H	M	C	P
0	0.27167	0.01578	0.19817	0.01131	0.01568	0.09177	0.07272	0.08297	0.01272	0.08586	0.08385	0.01368	0.01123	0.00570	0.00465	0.00160	0.00588	0.00440	0.00356	0.00678
1	0.17043	0.07877	0.01352	0.00986	0.01360	0.05204	0.00815	0.20849	0.11386	0.25850	0.01448	0.01376	0.01013	0.00597	0.00469	0.00156	0.00499	0.00445	0.00487	0.00787
2	0.00803	0.00576	0.00752	0.03243	0.00907	0.00533	0.03281	0.00951	0.01151	0.05864	0.19636	0.18195	0.24823	0.15771	0.00984	0.00238	0.00357	0.01003	0.00466	0.00465
3	0.00796	0.00490	0.00701	0.00746	0.00784	0.00498	0.00534	0.00783	0.00850	0.01145	0.01732	0.22437	0.01899	0.05097	0.14692	0.36015	0.00579	0.09539	0.00334	0.00350
4	0.01310	0.00863	0.00921	0.00833	0.01024	0.07123	0.00627	0.01679	0.19463	0.14913	0.01888	0.02015	0.08565	0.01068	0.00977	0.26120	0.00441	0.00553	0.09054	0.00562
5	0.26873	0.00938	0.01233	0.08307	0.27184	0.00998	0.00941	0.01322	0.01021	0.01737	0.01480	0.08749	0.07345	0.08980	0.00697	0.00201	0.00491	0.00579	0.00319	0.00605

[dist]
# distance from previous block
# <min> <max>
0	3

[block]
# block no. 2 follows, 47 sequences, length 230
# corresponding to MSA columns:
# 378-607
name=unknown_C
#
# <colnr> <probs for GDERKNQSTAVLIFYWHMCP>
#	G	D	E	R	K	N	Q	S	T	A	V	L	I	F	Y	W	H	M	C	P
0	0.01228	0.00911	0.01058	0.00817	0.01185	0.00786	0.00642	0.12446	0.01303	0.07990	0.03145	0.08070	0.04920	0.05314	0.00587	0.00138	0.00409	0.00522	0.00395	0.48133
1	0.04985	0.00609	0.00739	0.00696	0.00857	0.00577	0.00528	0.01176	0.04494	0.09353	0.41220	0.09837	0.14049	0.04712	0.00688	0.00188	0.00308	0.03927	0.00531	0.00526
2	0.15794	0.00573	0.00660	0.00712	0.00816	0.00573	0.00505	0.00946	0.01060	0.03270	0.13852	0.53605	0.03107	0.01320	0.00593	0.00194	0.00315	0.01165	0.00472	0.00468
3	0.00782	0.00597	0.00861	0.00853	0.00960	0.00696	0.00663	0.01058	0.06193	0.01277	0.01446	0.02039	0.01322	0.03682	0.74108	0.00791	0.01326	0.00560	0.00297	0.00490
4	0.00746	0.00549	0.00789	0.00789	0.00866	0.00625	0.00591	0.00899	0.00823	0.01174	0.01439	0.02288	0.01407	0.17716	0.65968	0.00778	0.01237	0.00593	0.00285	0.00438
5	0.01599	0.00719	0.00937	0.00793	0.01070	0.00625	0.00625	0.01773	0.01353	0.45083	0.09132	0.14632	0.17488	0.00965	0.00571	0.00172	0.00369	0.00819	0.00582	0.00693
6	0.03718	0.00597	0.00737	0.00744	0.00877	0.00565	0.00539	0.05218	0.01207	0.10975	0.10896	0.47360	0.11917	0.01321	0.00617	0.00191	0.00327	0.01166	0.00509	0.00519
7	0.00633	0.00497	0.00560	0.00607	0.00714	0.00438	0.00424	0.00739	0.01084	0.01349	0.04091	0.34427	0.43978	0.07055	0.00777	0.00213	0.00295	0.01223	0.00472	0.00425
8	0.01730	0.02041	0.01307	0.01183	0.01430	0.60090	0.00892	0.05586	0.01489	0.01522	0.09106	0.01359	0.01192	0.00603	0.00478	0.00137	0.00784	0.00420	0.08058	0.00595
9	0.02834	0.00557	0.00732	0.00793	0.00898	0.00541	0.00631	0.00973	0.01209	0.01654	0.24091	0.19348	0.05209	0.05196	0.00760	0.00222	0.00374	0.33017	0.00495	0.00465
10	0.00767	0.00590	0.00655	0.00615	0.00792	0.00531	0.00468	0.05259	0.01358	0.03240	0.28302	0.04372	0.48800	0.01184	0.00608	0.00171	0.00279	0.01001	0.00518	0.00491
11	0.00738	0.00545	0.00583	0.00576	0.00753	0.00461	0.00431	0.00870	0.01188	0.06806	0.04796	0.12874	0.64939	0.01305	0.00614	0.00179	0.00280	0.01099	0.00495	0.00469
12	0.01050	0.00938	0.01487	0.60611	0.06225	0.01135	0.01308	0.05729	0.04773	0.01477	0.01036	0.01455	0.00803	0.00812	0.06098	0.03010	0.00711	0.00476	0.00267	0.00599
13	0.00703	0.00513	0.00583	0.00593	0.00658	0.00492	0.00385	0.00768	0.00915	0.01175	0.02828	0.10108	0.25286	0.43452	0.08977	0.00411	0.00497	0.00902	0.00377	0.00376
14	0.00884	0.00701	0.00990	0.16796	0.07674	0.00727	0.00780	0.04704	0.01315	0.01819	0.34475	0.11477	0.08885	0.00941	0.00574	0.00168	0.00389	0.00829	0.05328	0.00543
15	0.00723	0.00527	0.00674	0.00734	0.00786	0.00537	0.00499	0.00907	0.06267	0.01303	0.02330	0.47104	0.02654	0.18550	0.13535	0.00369	0.00524	0.01122	0.00420	0.00435
16	0.01293	0.01296	0.01568	0.43115	0.13968	0.17305	0.01293	0.01662	0.06510	0.03998	0.01043	0.01343	0.00803	0.00534	0.00507	0.00162	0.00697	0.00448	0.01810	0.00646
17	0.01531	0.13058	0.01657	0.01174	0.01513	0.26689	0.04979	0.09716	0.07544	0.01657	0.00974	0.01111	0.00796	0.00547	0.00568	0.00136	0.08176	0.00383	0.00314	0.17479
18	0.01353	0.07014	0.01656	0.17384	0.16275	0.17021	0.01185	0.06710	0.05020	0.01558	0.01132	0.01532	0.02591	0.00648	0.00690	0.00168	0.12834	0.04275	0.00295	0.00660
19	0.01376	0.74801	0.08306	0.00942	0.01409	0.03351	0.00969	0.01575	0.01068	0.01257	0.00741	0.00857	0.00668	0.00451	0.00348	0.00116	0.00579	0.00287	0.00223	0.00675
20	0.00746	0.00549	0.00790	0.00790	0.00866	0.00625	0.00592	0.00900	0.00823	0.01174	0.01438	0.02285	0.01406	0.17582	0.66100	0.00779	0.01238	0.00593	0.00285	0.00439
21	0.01307	0.01369	0.02943	0.02106	0.02624	0.01278	0.71263	0.01729	0.01247	0.07057	0.01123	0.01430	0.00825	0.00453	0.00608	0.00175	0.00848	0.00608	0.00290	0.00715
22	0.00667	0.00530	0.00599	0.00582	0.00735	0.00462	0.00436	0.00847	0.01309	0.01697	0.36281	0.04535	0.47052	0.01211	0.00615	0.00171	0.00256	0.01032	0.00522	0.00462
23	0.06336	0.00867	0.01139	0.00887	0.01270	0.00763	0.00730	0.02363	0.01439	0.69609	0.02214	0.01953	0.06629	0.00684	0.00520	0.00162	0.00429	0.00552	0.00617	0.00839
24	0.00697	0.00577	0.00687	0.00754	0.06157	0.00510	0.00508	0.00872	0.01264	0.01617	0.25396	0.06025	0.50683	0.01194	0.00609	0.00172	0.00284	0.01018	0.00493	0.00481
25	0.00983	0.00926	0.01562	0.80447	0.03587	0.01157	0.01446	0.01331	0.01041	0.01331	0.00926	0.01388	0.00694	0.00521	0.00521	0.00174	0.00694	0.00463	0.00231	0.00579
26	0.02280	0.00977	0.01265	0.00970	0.01375	0.00900	0.00801	0.14273	0.01642	0.66861	0.01927	0.01690	0.01225	0.00641	0.00523	0.00160	0.00464	0.00515	0.00625	0.00886
27	0.10704	0.01236	0.01327	0.01066	0.01441	0.01353	0.00868	0.38694	0.20583	0.15001	0.01537	0.01461	0.01089	0.00633	0.00503	0.00163	0.00495	0.00487	0.00522	0.00837
28	0.00732	0.00509	0.00561	0.00561	0.00592	0.00493	0.00330	0.00756	0.00833	0.01080	0.02280	0.03690	0.15315	0.67567	0.02293	0.00447	0.00462	0.00817	0.00345	0.00337
29	0.00634	0.00453	0.00604	0.00725	0.00755	0.00423	0.00483	0.00725	0.00997	0.01329	0.02870	0.81358	0.03444	0.01632	0.00665	0.00211	0.00302	0.01480	0.00483	0.00423
30	0.85377	0.01007	0.00765	0.00685	0.01007	0.01168	0.00564	0.01531	0.00886	0.02336	0.00725	0.00846	0.00564	0.00483	0.00322	0.00161	0.00403	0.00282	0.00322	0.00564
31	0.01022	0.00639	0.00763	0.00707	0.00812	0.00652	0.00482	0.02846	0.08487	0.10541	0.07050	0.02912	0.01918	0.48445	0.10156	0.00435	0.00566	0.00698	0.00394	0.00474
32	0.01021	0.00625	0.00778	0.00715	0.00879	0.00598	0.00543	0.01328	0.07468	0.12486	0.41019	0.03407	0.06610	0.09519	0.00799	0.00202	0.00327	0.04714	0.06413	0.00551
33	0.07397	0.01036	0.17507	0.00900	0.01135	0.00718	0.02050	0.01079	0.01009	0.01467	0.04520	0.18720	0.04457	0.21801	0.01117	0.00275	0.00499	0.13447	0.00370	0.00498
34	0.16854	0.01039	0.01212	0.00946	0.01338	0.01031	0.00781	0.19379	0.01604	0.48037	0.01636	0.01490	0.01069	0.00612	0.00488	0.00160	0.00466	0.00469	0.00560	0.00829
35	0.01245	0.00686	0.00849	0.00746	0.00976	0.00626	0.00580	0.03286	0.05487	0.25290	0.24283	0.09659	0.22132	0.01018	0.00584	0.00170	0.00332	0.00868	0.00561	0.00620
36	0.25376	0.01310	0.01315	0.01038	0.01422	0.01465	0.00856	0.53942	0.01980	0.02987	0.01113	0.01152	0.00805	0.00585	0.00462	0.00157	0.00518	0.00417	0.02313	0.00787
37	0.00678	0.00533	0.00600	0.00589	0.00740	0.00471	0.00439	0.00871	0.02412	0.01669	0.30879	0.08160	0.45676	0.01218	0.00610	0.00172	0.00261	0.01039	0.02518	0.00464
38	0.00774	0.00544	0.00689	0.00729	0.00820	0.00527	0.00515	0.00996	0.06436	0.04437	0.15771	0.45718	0.08588	0.05385	0.05309	0.00247	0.00376	0.01174	0.00488	0.00479
39	0.00774	0.00570	0.00695	0.00671	0.00812	0.00535	0.00500	0.01061	0.06669	0.03548	0.46907	0.13319	0.19678	0.01152	0.00613	0.00173	0.00272	0.01006	0.00542	0.00504
40	0.00761	0.00543	0.00590	0.00570	0.00709	0.00479	0.00403	0.00871	0.01112	0.05837	0.09379	0.04322	0.48434	0.22392	0.01145	0.00261	0.00336	0.00965	0.00455	0.00437
41	0.00876	0.00666	0.04029	0.00754	0.00907	0.00585	0.06662	0.02387	0.01073	0.01632	0.02162	0.23355	0.07248	0.09502	0.00732	0.00197	0.00367	0.00828	0.35555	0.00484
42	0.01032	0.00716	0.00802	0.00749	0.00851	0.04468	0.00519	0.04283	0.04631	0.08292	0.01589	0.02670	0.01588	0.45427	0.19693	0.00501	0.00721	0.00650	0.00354	0.00464
43	0.06348	0.00840	0.01095	0.00878	0.01224	0.00755	0.00711	0.03903	0.01410	0.61256	0.02037	0.10153	0.01473	0.00739	0.00521	0.00164	0.00419	0.00610	0.04664	0.00801
44	0.04714	0.06546	0.04693	0.02397	0.05939	0.00958	0.08097	0.01513	0.04797	0.04247	0.01014	0.01167	0.00811	0.00434	0.00427	0.00110	0.00483	0.00370	0.00313	0.50969
45	0.03106	0.20099	0.16422	0.01130	0.03619	0.04587	0.02308	0.10566	0.12947	0.05811	0.02799	0.01572	0.03646	0.00680	0.02254	0.00166	0.00576	0.02092	0.04899	0.00719
46	0.01112	0.04548	0.23553	0.11484	0.05222	0.01073	0.12793	0.04021	0.01220	0.03571	0.12125	0.01602	0.01345	0.00560	0.00513	0.00151	0.00613	0.00504	0.00315	0.13676
47	0.00825	0.00494	0.00734	0.00740	0.00778	0.00528	0.00528	0.00780	0.00759	0.01048	0.01217	0.06215	0.01217	0.04112	0.31983	0.46083	0.00810	0.00556	0.00263	0.00331
48	0.01261	0.01278	0.02385	0.05441	0.53140	0.01259	0.24203	0.01610	0.01194	0.01679	0.01000	0.01327	0.00810	0.00458	0.00546	0.00162	0.00699	0.00509	0.00259	0.00780
49	0.01518	0.01324	0.02338	0.07240	0.02317	0.01316	0.42054	0.21647	0.01563	0.09757	0.01194	0.01392	0.00858	0.00513	0.00569	0.00167	0.00730	0.00550	0.00368	0.02584
50	0.00754	0.00503	0.00569	0.00572	0.00573	0.00503	0.00320	0.00756	0.00764	0.01019	0.01675	0.05561	0.01936	0.79486	0.02596	0.00497	0.00499	0.00777	0.00320	0.00319
51	0.85377	0.01007	0.00765	0.00685	0.01007	0.01168	0.00564	0.01531	0.00886	0.02336	0.00725	0.00846	0.00564	0.00483	0.00322	0.00161	0.00403	0.00282	0.00322	0.00564
52	0.00864	0.00590	0.00712	0.00659	0.00831	0.00539	0.00502	0.01132	0.05160	0.08415	0.45654	0.03956	0.26839	0.01089	0.00603	0.00168	0.00276	0.00937	0.00550	0.00526
53	0.00744	0.00558	0.00837	0.00837	0.00930	0.00651	0.00651	0.00930	0.00837	0.01209	0.01395	0.02046	0.01302	0.03906	0.79635	0.00837	0.01395	0.00558	0.00279	0.00465
54	0.51097	0.00923	0.00876	0.00751	0.01060	0.00993	0.00604	0.01753	0.04098	0.21513	0.04922	0.01449	0.01091	0.06235	0.00558	0.00186	0.00413	0.00420	0.00423	0.00635
55	0.01136	0.00719	0.00805	0.00756	0.00927	0.00753	0.00558	0.02846	0.22549	0.09934	0.02027	0.14910	0.01818	0.13029	0.00823	0.00214	0.00366	0.00719	0.24516	0.00594
56	0.00722	0.00492	0.00585	0.00619	0.00629	0.00485	0.00371	0.00752	0.00827	0.01104	0.01980	0.25265	0.02315	0.57352	0.03936	0.00430	0.00469	0.00956	0.00362	0.00349
57	0.00817	0.00584	0.00814	0.00934	0.01045	0.00581	0.00801	0.01041	0.01177	0.01534	0.02769	0.13871	0.03044	0.01459	0.00714	0.00237	0.00461	0.67162	0.00480	0.00474
58	0.02094	0.01123	0.01337	0.01041	0.01438	0.01137	0.00855	0.30075	0.09899	0.42677	0.01763	0.01597	0.01171	0.00644	0.00523	0.00161	0.00488	0.00510	0.00587	0.00879
59	0.00749	0.00540	0.00639	0.00658	0.00716	0.00534	0.00430	0.00920	0.06306	0.01347	0.12102	0.24672	0.07670	0.37331	0.02817	0.00342	0.00408	0.00985	0.00420	0.00414
60	0.00757	0.00505	0.00568	0.00568	0.00568	0.00505	0.00316	0.00757	0.00757	0.01010	0.01641	0.03408	0.01893	0.81698	0.02651	0.00505	0.00505	0.00757	0.00316	0.00316
61	0.01139	0.01139	0.01595	0.01367	0.01367	0.01595	0.01139	0.01253	0.00798	0.01253	0.00684	0.01139	0.00684	0.00911	0.01709	0.00228	0.80745	0.00456	0.00228	0.00570
62	0.00746	0.00549	0.00790	0.00790	0.00866	0.00625	0.00592	0.00900	0.00823	0.01174	0.01438	0.02285	0.01406	0.17582	0.66100	0.00779	0.01238	0.00593	0.00285	0.00439
63	0.01806	0.01373	0.01465	0.01163	0.01549	0.01534	0.00948	0.57979	0.21465	0.03002	0.01471	0.01426	0.01064	0.00646	0.00523	0.00161	0.00532	0.00499	0.00523	0.00870
64	0.01045	0.02694	0.79000	0.01484	0.02254	0.01209	0.01924	0.01649	0.01099	0.01649	0.00935	0.01099	0.00660	0.00495	0.00495	0.00165	0.00770	0.00385	0.00220	0.00770
65	0.00751	0.00529	0.00691	0.00691	0.00733	0.00572	0.00469	0.00836	0.00794	0.01101	0.01529	0.02786	0.01623	0.46177	0.37803	0.00656	0.00911	0.00666	0.00299	0.00384
66	0.00653	0.00463	0.00607	0.00715	0.00744	0.00437	0.00475	0.00738	0.00977	0.01302	0.02737	0.71015	0.03268	0.10109	0.00877	0.00243	0.00329	0.03433	0.00466	0.00413
67	0.24928	0.00792	0.00870	0.00755	0.01015	0.00803	0.00600	0.01633	0.06620	0.20701	0.31491	0.02406	0.03809	0.00779	0.00504	0.00164	0.00349	0.00633	0.00515	0.00630
68	0.00615	0.00528	0.00528	0.00528	0.00703	0.00440	0.00396	0.00747	0.01187	0.01407	0.05276	0.05012	0.78238	0.01319	0.00615	0.00176	0.00264	0.01099	0.00484	0.00440
69	0.02299	0.00947	0.01246	0.00955	0.01360	0.00855	0.00789	0.10396	0.01592	0.70809	0.01969	0.01717	0.01246	0.00642	0.00523	0.00161	0.00457	0.00518	0.00631	0.00886
70	0.00780	0.00499	0.00631	0.00628	0.00698	0.00482	0.00436	0.00783	0.00921	0.01223	0.08508	0.03006	0.21358	0.14458	0.09569	0.30437	0.00483	0.00719	0.04028	0.00353
71	0.01512	0.00769	0.00894	0.00753	0.01007	0.00759	0.00599	0.11187	0.05838	0.25320	0.07117	0.01940	0.01529	0.00658	0.00459	0.00144	0.00355	0.00533	0.37951	0.00677
72	0.01947	0.02423	0.01481	0.01333	0.01610	0.75088	0.01005	0.06404	0.01532	0.01391	0.00831	0.00957	0.00683	0.00542	0.00473	0.00135	0.00918	0.00343	0.00283	0.00620
73	0.01083	0.00938	0.01110	0.00806	0.01242	0.00746	0.00647	0.01308	0.01064	0.01671	0.00912	0.01083	0.00766	0.00416	0.00462	0.00086	0.05042	0.00317	0.00304	0.79996
74	0.01216	0.01226	0.01945	0.31610	0.35515	0.06824	0.09425	0.01565	0.02746	0.01539	0.00979	0.01327	0.00778	0.00493	0.00525	0.00163	0.00693	0.00473	0.00255	0.00705
75	0.01576	0.01215	0.01303	0.01097	0.01437	0.01368	0.00874	0.26569	0.48930	0.06974	0.01836	0.01710	0.01346	0.00677	0.00527	0.00169	0.00466	0.00546	0.00534	0.00848
76	0.00634	0.00453	0.00604	0.00725	0.00755	0.00423	0.00483	0.00725	0.00997	0.01329	0.02870	0.81358	0.03444	0.01632	0.00665	0.00211	0.00302	0.01480	0.00483	0.00423
77	0.01897	0.01417	0.01516	0.01181	0.01583	0.01576	0.00970	0.67740	0.11557	0.03148	0.01356	0.01334	0.00971	0.00635	0.00522	0.00159	0.00554	0.00483	0.00522	0.00878
78	0.00962	0.00739	0.00867	0.00803	0.01018	0.00704	0.00598	0.03157	0.16671	0.04457	0.07277	0.33110	0.07563	0.01061	0.00563	0.00167	0.00348	0.00930	0.00468	0.18536
79	0.01392	0.82012	0.02729	0.00891	0.01337	0.02061	0.00891	0.01559	0.01058	0.01225	0.00724	0.00835	0.00668	0.00446	0.00334	0.00111	0.00557	0.00278	0.00223	0.00668
80	0.01932	0.01435	0.01536	0.01189	0.01597	0.01593	0.00978	0.71547	0.07692	0.03205	0.01311	0.01299	0.00935	0.00631	0.00522	0.00158	0.00562	0.00477	0.00522	0.00881
81	0.00757	0.00505	0.00568	0.00568	0.00568	0.00505	0.00316	0.00757	0.00757	0.01010	0.01641	0.03408	0.01893	0.81698	0.02651	0.00505	0.00505	0.00757	0.00316	0.00316
82	0.00751	0.00571	0.00716	0.00789	0.00931	0.00536	0.00664	0.00948	0.01194	0.01499	0.03752	0.05533	0.32728	0.01391	0.00678	0.00215	0.00394	0.45765	0.00481	0.00464
83	0.00634	0.00453	0.00604	0.00725	0.00755	0.00423	0.00483	0.00725	0.00997	0.01329	0.02870	0.81358	0.03444	0.01632	0.00665	0.00211	0.00302	0.01480	0.00483	0.00423
84	0.01908	0.02403	0.01458	0.01325	0.01595	0.75070	0.00996	0.02119	0.05881	0.01327	0.00881	0.00997	0.00724	0.00546	0.00473	0.00137	0.00909	0.00350	0.00283	0.00617
85	0.01139	0.01139	0.01595	0.01367	0.01367	0.01595	0.01139	0.01253	0.00798	0.01253	0.00684	0.01139	0.00684	0.00911	0.01709	0.00228	0.80745	0.00456	0.00228	0.00570
86	0.01980	0.01459	0.01563	0.01198	0.01615	0.01615	0.00990	0.76713	0.02448	0.03282	0.01250	0.01250	0.00886	0.00625	0.00521	0.00156	0.00573	0.00469	0.00521	0.00886
87	0.00719	0.00512	0.00638	0.00628	0.00740	0.00465	0.00458	0.00848	0.01232	0.01652	0.39379	0.10542	0.25070	0.01297	0.00831	0.12824	0.00287	0.00960	0.00488	0.00431
88	0.01295	0.01155	0.01676	0.01358	0.01516	0.01428	0.09045	0.07267	0.01046	0.07046	0.00886	0.01216	0.00762	0.00774	0.01299	0.00199	0.53222	0.00465	0.00291	0.08053
89	0.00744	0.00558	0.00837	0.00837	0.00930	0.00651	0.00651	0.00930	0.00837	0.01209	0.01395	0.02046	0.01302	0.03906	0.79635	0.00837	0.01395	0.00558	0.00279	0.00465
90	0.46954	0.00926	0.00922	0.00768	0.01112	0.00960	0.00631	0.01870	0.01144	0.32203	0.01563	0.01500	0.06274	0.00605	0.00422	0.00162	0.00409	0.00434	0.00460	0.00681
91	0.00789	0.00514	0.00670	0.00744	0.00832	0.00473	0.00537	0.00911	0.01083	0.07396	0.03090	0.56725	0.12453	0.01493	0.00654	0.00207	0.00330	0.10136	0.00496	0.00468
92	0.02336	0.00886	0.01209	0.00927	0.01329	0.00765	0.00765	0.02538	0.01491	0.78810	0.02055	0.01773	0.01289	0.00645	0.00524	0.00161	0.00443	0.00524	0.00645	0.00886
93	0.02336	0.00886	0.01209	0.00927	0.01329	0.00765	0.00765	0.02538	0.01491	0.78810	0.02055	0.01773	0.01289	0.00645	0.00524	0.00161	0.00443	0.00524	0.00645	0.00886
94	0.04594	0.00882	0.01096	0.00900	0.01236	0.00842	0.00728	0.02285	0.17062	0.48016	0.07327	0.02250	0.07115	0.00748	0.00536	0.00167	0.00410	0.02422	0.00590	0.00795
95	0.02026	0.00853	0.01129	0.00911	0.01258	0.00770	0.00734	0.02329	0.08178	0.61971	0.03969	0.10270	0.01631	0.00765	0.00541	0.00168	0.00421	0.00641	0.00616	0.00822
96	0.01980	0.01459	0.01563	0.01198	0.01615	0.01615	0.00990	0.76713	0.02448	0.03282	0.01250	0.01250	0.00886	0.00625	0.00521	0.00156	0.00573	0.00469	0.00521	0.00886
97	0.00905	0.00452	0.00678	0.00678	0.00678	0.00452	0.00452	0.00678	0.00678	0.00905	0.00905	0.01583	0.00905	0.01809	0.02035	0.84848	0.00452	0.00452	0.00226	0.00226
98	0.00684	0.00553	0.00610	0.00619	0.00764	0.00501	0.00452	0.00910	0.06179	0.01534	0.15135	0.18934	0.46950	0.02973	0.00661	0.00188	0.00283	0.01107	0.00496	0.00467
99	0.01045	0.02694	0.79000	0.01484	0.02254	0.01209	0.01924	0.01649	0.01099	0.01649	0.00935	0.01099	0.00660	0.00495	0.00495	0.00165	0.00770	0.00385	0.00220	0.00770
100	0.00755	0.00513	0.00611	0.00611	0.00626	0.00528	0.00370	0.00785	0.00770	0.01042	0.01601	0.03188	0.01798	0.69137	0.15081	0.00558	0.00649	0.00725	0.00310	0.00340
101	0.05807	0.00725	0.00817	0.00738	0.00896	0.00733	0.00532	0.13810	0.01272	0.08176	0.11498	0.12935	0.09442	0.28846	0.01284	0.00287	0.00425	0.00810	0.00447	0.00521
102	0.00715	0.00490	0.00629	0.00683	0.00761	0.00453	0.00478	0.00861	0.01153	0.03146	0.23049	0.49135	0.08896	0.01379	0.00628	0.00190	0.00284	0.01233	0.05384	0.00455
103	0.01045	0.02694	0.79000	0.01484	0.02254	0.01209	0.01924	0.01649	0.01099	0.01649	0.00935	0.01099	0.00660	0.00495	0.00495	0.00165	0.00770	0.00385	0.00220	0.00770
104	0.00836	0.00569	0.00721	0.00691	0.00828	0.00529	0.00514	0.02491	0.03094	0.06356	0.49933	0.17982	0.11161	0.01152	0.00615	0.00174	0.00279	0.01014	0.00551	0.00512
105	0.00871	0.00719	0.01131	0.01012	0.01113	0.00840	0.07614	0.01014	0.00845	0.01213	0.01220	0.01910	0.01166	0.09628	0.45468	0.08404	0.14545	0.00553	0.00267	0.00469
106	0.00723	0.00499	0.00617	0.00649	0.00671	0.00505	0.00409	0.00774	0.00832	0.01123	0.01927	0.23631	0.02212	0.49210	0.13520	0.00477	0.00583	0.00917	0.00354	0.00366
107	0.00700	0.00481	0.00629	0.00694	0.00727	0.00468	0.00462	0.00768	0.00942	0.01270	0.07108	0.45619	0.02838	0.20234	0.06942	0.06235	0.00439	0.02632	0.00418	0.00393
108	0.01080	0.00926	0.01080	0.00771	0.01234	0.00694	0.00617	0.01311	0.01080	0.01697	0.00926	0.01080	0.00771	0.00386	0.00386	0.00077	0.00386	0.00309	0.00309	0.84882
109	0.01309	0.19783	0.40965	0.01344	0.01937	0.03204	0.06056	0.14045	0.01321	0.01808	0.00938	0.01083	0.00708	0.00515	0.00504	0.00153	0.02910	0.00390	0.00274	0.00753
110	0.00781	0.00542	0.00674	0.00723	0.00778	0.00537	0.00528	0.00882	0.00954	0.01249	0.02258	0.06200	0.05542	0.45050	0.01763	0.00381	0.00480	0.29899	0.00391	0.00387
111	0.01327	0.01309	0.02077	0.03089	0.73997	0.05778	0.01564	0.01626	0.01203	0.01677	0.00969	0.01269	0.00816	0.00468	0.00513	0.00153	0.00637	0.00457	0.00258	0.00812
112	0.05020	0.08410	0.06168	0.23953	0.02202	0.01328	0.09994	0.11355	0.19844	0.01882	0.01389	0.01537	0.03494	0.00586	0.00510	0.00166	0.00597	0.00504	0.00356	0.00706
113	0.00844	0.00619	0.00807	0.00774	0.00859	0.00688	0.00565	0.06165	0.00937	0.01295	0.01625	0.02542	0.05254	0.28724	0.41156	0.02158	0.03590	0.00638	0.00315	0.00444
114	0.17850	0.00899	0.01275	0.08729	0.19716	0.00966	0.02743	0.02720	0.01053	0.08260	0.01269	0.07055	0.01115	0.01518	0.22227	0.00350	0.00764	0.00533	0.00328	0.00627
115	0.00967	0.00765	0.00961	0.00896	0.01035	0.02003	0.00698	0.13109	0.01189	0.01622	0.05118	0.14208	0.09554	0.02321	0.35111	0.00470	0.08318	0.00742	0.00377	0.00537
116	0.00658	0.00502	0.00595	0.00628	0.00731	0.00449	0.00443	0.00794	0.01162	0.01513	0.20894	0.31163	0.31092	0.06027	0.00750	0.00205	0.00287	0.01176	0.00494	0.00438
117	0.00886	0.00452	0.00673	0.00682	0.00684	0.00450	0.00454	0.00682	0.00701	0.00934	0.01042	0.07156	0.01082	0.01797	0.01940	0.78936	0.00442	0.00524	0.00244	0.00240
118	0.00709	0.00520	0.00642	0.00705	0.00800	0.00483	0.00506	0.00885	0.03921	0.02960	0.08976	0.47512	0.21397	0.01448	0.00645	0.00199	0.00308	0.06430	0.00495	0.00460
119	0.02433	0.00602	0.00779	0.00745	0.00904	0.00550	0.00557	0.01257	0.01240	0.19869	0.21605	0.26769	0.08084	0.06799	0.00752	0.00207	0.00345	0.05425	0.00530	0.00549
120	0.85377	0.01007	0.00765	0.00685	0.01007	0.01168	0.00564	0.01531	0.00886	0.02336	0.00725	0.00846	0.00564	0.00483	0.00322	0.00161	0.00403	0.00282	0.00322	0.00564
121	0.00848	0.00623	0.00765	0.00718	0.00866	0.00601	0.00545	0.08954	0.01482	0.02037	0.51077	0.12907	0.11828	0.01124	0.00614	0.00172	0.00297	0.03478	0.00545	0.00519
122	0.02355	0.00554	0.00720	0.00719	0.00838	0.00517	0.00523	0.01074	0.02655	0.09434	0.37010	0.35302	0.03814	0.01238	0.00619	0.00183	0.00294	0.01103	0.00538	0.00510
123	0.00662	0.00484	0.00628	0.00727	0.00790	0.00450	0.00517	0.00782	0.01065	0.01399	0.06319	0.59399	0.12626	0.01545	0.00663	0.00209	0.00317	0.10496	0.00487	0.00435
124	0.00971	0.00485	0.00485	0.00485	0.00607	0.00485	0.00364	0.01213	0.01092	0.01942	0.01699	0.01942	0.01335	0.00607	0.00364	0.00121	0.00243	0.00485	0.84589	0.00485
125	0.01007	0.00720	0.00831	0.00800	0.00963	0.00736	0.00586	0.06760	0.17839	0.06940	0.07808	0.30105	0.12423	0.09039	0.00800	0.00217	0.00366	0.00992	0.00497	0.00571
126	0.05656	0.00762	0.00904	0.00783	0.00996	0.00747	0.00580	0.05971	0.07603	0.27408	0.03567	0.08442	0.04424	0.27068	0.01218	0.00278	0.00442	0.00691	0.01849	0.00614
127	0.85377	0.01007	0.00765	0.00685	0.01007	0.01168	0.00564	0.01531	0.00886	0.02336	0.00725	0.00846	0.00564	0.00483	0.00322	0.00161	0.00403	0.00282	0.00322	0.00564
128	0.01045	0.02694	0.79000	0.01484	0.02254	0.01209	0.01924	0.01649	0.01099	0.01649	0.00935	0.01099	0.00660	0.00495	0.00495	0.00165	0.00770	0.00385	0.00220	0.00770
129	0.01136	0.00752	0.00881	0.00774	0.00994	0.00731	0.00604	0.16197	0.01553	0.11149	0.27882	0.09942	0.22101	0.01045	0.00591	0.00170	0.00347	0.02012	0.00540	0.00598
130	0.00675	0.00505	0.00627	0.00657	0.00760	0.00458	0.00475	0.00839	0.01230	0.01644	0.32195	0.31380	0.21937	0.01335	0.00635	0.00186	0.00276	0.03213	0.00518	0.00455
131	0.00983	0.00926	0.01562	0.80447	0.03587	0.01157	0.01446	0.01331	0.01041	0.01331	0.00926	0.01388	0.00694	0.00521	0.00521	0.00174	0.00694	0.00463	0.00231	0.00579
132	0.01289	0.01237	0.02114	0.03196	0.78450	0.01237	0.01598	0.01598	0.01186	0.01701	0.00980	0.01289	0.00825	0.00464	0.00516	0.00155	0.00619	0.00464	0.00258	0.00825
133	0.02458	0.00720	0.00862	0.00794	0.00994	0.00713	0.00604	0.04062	0.15252	0.14713	0.24105	0.19363	0.11142	0.01051	0.00587	0.00177	0.00336	0.00911	0.00543	0.00613
134	0.02336	0.00886	0.01209	0.00927	0.01329	0.00765	0.00765	0.02538	0.01491	0.78810	0.02055	0.01773	0.01289	0.00645	0.00524	0.00161	0.00443	0.00524	0.00645	0.00886
135	0.00739	0.00567	0.00699	0.00765	0.00910	0.00528	0.00640	0.00930	0.01194	0.01490	0.03889	0.05487	0.36804	0.01385	0.00673	0.00211	0.00383	0.41765	0.00481	0.00462
136	0.00644	0.00521	0.00548	0.00551	0.00693	0.00451	0.00395	0.00763	0.01139	0.01395	0.09555	0.08383	0.59366	0.12230	0.00894	0.00221	0.00297	0.01060	0.00467	0.00425
137	0.01295	0.01119	0.01178	0.01060	0.01354	0.01295	0.00824	0.02767	0.77509	0.02178	0.02120	0.01943	0.01590	0.00707	0.00530	0.00177	0.00412	0.00589	0.00530	0.00824
138	0.02336	0.00886	0.01209	0.00927	0.01329	0.00765	0.00765	0.02538	0.01491	0.78810	0.02055	0.01773	0.01289	0.00645	0.00524	0.00161	0.00443	0.00524	0.00645	0.00886
139	0.26969	0.01250	0.01381	0.08574	0.09754	0.01398	0.00968	0.39117	0.01714	0.02649	0.01033	0.01145	0.00764	0.00556	0.00460	0.00159	0.00538	0.00411	0.00406	0.00754
140	0.01254	0.01233	0.01658	0.25829	0.31836	0.10134	0.01307	0.05314	0.06570	0.01630	0.01371	0.01612	0.06849	0.00581	0.00521	0.00161	0.00634	0.00507	0.00301	0.00698
141	0.01966	0.01867	0.01528	0.01255	0.01613	0.32708	0.00996	0.46959	0.02061	0.02482	0.01073	0.01126	0.00800	0.00590	0.00500	0.00147	0.00719	0.00416	0.00420	0.00773
142	0.00757	0.00505	0.00568	0.00568	0.00568	0.00505	0.00316	0.00757	0.00757	0.01010	0.01641	0.03408	0.01893	0.81698	0.02651	0.00505	0.00505	0.00757	0.00316	0.00316
143	0.01516	0.01312	0.01351	0.01151	0.01447	0.06888	0.00917	0.23324	0.42992	0.02327	0.01632	0.01593	0.01232	0.00694	0.00648	0.00173	0.09005	0.00523	0.00477	0.00799
144	0.01139	0.01139	0.01595	0.01367	0.01367	0.01595	0.01139	0.01253	0.00798	0.01253	0.00684	0.01139	0.00684	0.00911	0.01709	0.00228	0.80745	0.00456	0.00228	0.00570
145	0.00627	0.00484	0.00572	0.00642	0.00734	0.00430	0.00447	0.00734	0.01077	0.01362	0.03877	0.49389	0.34763	0.01501	0.00644	0.00197	0.00286	0.01321	0.00483	0.00430
146	0.00737	0.00532	0.00696	0.00655	0.00778	0.00491	0.00491	0.00983	0.01474	0.02088	0.78175	0.03890	0.04914	0.01065	0.00614	0.00164	0.00246	0.00942	0.00573	0.00491
147	0.01229	0.01405	0.03073	0.02195	0.02722	0.01317	0.76558	0.01668	0.01229	0.01668	0.01054	0.01405	0.00790	0.00439	0.00615	0.00176	0.00878	0.00615	0.00263	0.00702
148	0.01040	0.16675	0.01248	0.00846	0.00994	0.09352	0.02008	0.01146	0.00927	0.01167	0.01254	0.02152	0.01295	0.32658	0.18470	0.00431	0.05452	0.00551	0.01863	0.00472
149	0.01123	0.02573	0.67367	0.01533	0.02247	0.06695	0.07972	0.01681	0.01136	0.01625	0.00935	0.01113	0.00671	0.00493	0.00503	0.00164	0.00790	0.00400	0.00227	0.00753
150	0.01207	0.01182	0.02063	0.19357	0.49252	0.01253	0.09476	0.01525	0.01133	0.01588	0.00956	0.01312	0.00784	0.00504	0.00609	0.00166	0.06160	0.00479	0.00251	0.00742
151	0.01533	0.01234	0.01619	0.01321	0.01517	0.06844	0.07545	0.08902	0.03711	0.17315	0.01105	0.01314	0.00865	0.00756	0.01133	0.00195	0.41567	0.00481	0.00357	0.00687
152	0.06175	0.16878	0.11705	0.01237	0.01673	0.17095	0.07193	0.20608	0.04199	0.06918	0.01060	0.01139	0.00798	0.00538	0.00470	0.00147	0.00670	0.00405	0.00353	0.00739
153	0.14057	0.44098	0.19938	0.01039	0.01524	0.08891	0.01091	0.01624	0.01080	0.01496	0.00780	0.00908	0.00651	0.00471	0.00382	0.00133	0.00618	0.00309	0.00241	0.00670
154	0.01139	0.01139	0.01595	0.01367	0.01367	0.01595	0.01139	0.01253	0.00798	0.01253	0.00684	0.01139	0.00684	0.00911	0.01709	0.00228	0.80745	0.00456	0.00228	0.00570
155	0.01259	0.01652	0.23649	0.04881	0.49452	0.01253	0.01643	0.06852	0.01245	0.01786	0.00984	0.01236	0.00779	0.00486	0.00510	0.00158	0.00660	0.00442	0.00265	0.00806
156	0.00634	0.00453	0.00604	0.00725	0.00755	0.00423	0.00483	0.00725	0.00997	0.01329	0.02870	0.81358	0.03444	0.01632	0.00665	0.00211	0.00302	0.01480	0.00483	0.00423
157	0.00667	0.00530	0.00599	0.00582	0.00735	0.00462	0.00436	0.00848	0.01309	0.01697	0.36352	0.04534	0.46980	0.01210	0.00615	0.00171	0.00256	0.01032	0.00522	0.00462
158	0.01295	0.01119	0.01178	0.01060	0.01354	0.01295	0.00824	0.02767	0.77509	0.02178	0.02120	0.01943	0.01590	0.00707	0.00530	0.00177	0.00412	0.00589	0.00530	0.00824
159	0.01324	0.03930	0.01574	0.01292	0.01400	0.07189	0.01069	0.11643	0.04768	0.01589	0.00862	0.01187	0.00768	0.00814	0.01326	0.00203	0.55798	0.00450	0.02187	0.00629
160	0.85377	0.01007	0.00765	0.00685	0.01007	0.01168	0.00564	0.01531	0.00886	0.02336	0.00725	0.00846	0.00564	0.00483	0.00322	0.00161	0.00403	0.00282	0.00322	0.00564
161	0.00669	0.00527	0.00604	0.00590	0.00738	0.00462	0.00440	0.00849	0.01306	0.01701	0.36983	0.07194	0.43645	0.01219	0.00617	0.00172	0.00257	0.01044	0.00523	0.00462
162	0.00744	0.00558	0.00837	0.00837	0.00930	0.00651	0.00651	0.00930	0.00837	0.01209	0.01395	0.02046	0.01302	0.03906	0.79635	0.00837	0.01395	0.00558	0.00279	0.00465
163	0.19225	0.01061	0.01218	0.11092	0.01599	0.04785	0.00849	0.11031	0.01422	0.40378	0.01480	0.01430	0.00986	0.00588	0.00479	0.00161	0.00506	0.00450	0.00492	0.00767
164	0.00791	0.00572	0.00804	0.00825	0.02417	0.00632	0.00591	0.00873	0.00858	0.01189	0.02919	0.09941	0.06034	0.14341	0.34472	0.13877	0.05868	0.02268	0.00313	0.00414
165	0.01202	0.00746	0.00892	0.00855	0.01052	0.00767	0.00714	0.14384	0.02864	0.07999	0.02105	0.03476	0.01963	0.00967	0.00557	0.00182	0.00419	0.32051	0.26214	0.00590
166	0.00983	0.00926	0.01562	0.80447	0.03587	0.01157	0.01446	0.01331	0.01041	0.01331	0.00926	0.01388	0.00694	0.00521	0.00521	0.00174	0.00694	0.00463	0.00231	0.00579
167	0.01139	0.01139	0.01595	0.01367	0.01367	0.01595	0.01139	0.01253	0.00798	0.01253	0.00684	0.01139	0.00684	0.00911	0.01709	0.00228	0.80745	0.00456	0.00228	0.00570
168	0.01080	0.00926	0.01080	0.00771	0.01234	0.00694	0.00617	0.01311	0.01080	0.01697	0.00926	0.01080	0.00771	0.00386	0.00386	0.00077	0.00386	0.00309	0.00309	0.84882
169	0.01980	0.01459	0.01563	0.01198	0.01615	0.01615	0.00990	0.76713	0.02448	0.03282	0.01250	0.01250	0.00886	0.00625	0.00521	0.00156	0.00573	0.00469	0.00521	0.00886
170	0.00744	0.00558	0.00837	0.00837	0.00930	0.00651	0.00651	0.00930	0.00837	0.01209	0.01395	0.02046	0.01302	0.03906	0.79635	0.00837	0.01395	0.00558	0.00279	0.00465
171	0.00887	0.00566	0.00744	0.00681	0.00830	0.00517	0.00517	0.01129	0.01476	0.09285	0.71034	0.03691	0.04574	0.01025	0.00606	0.00164	0.00264	0.00903	0.00580	0.00528
172	0.85377	0.01007	0.00765	0.00685	0.01007	0.01168	0.00564	0.01531	0.00886	0.02336	0.00725	0.00846	0.00564	0.00483	0.00322	0.00161	0.00403	0.00282	0.00322	0.00564
173	0.00905	0.00452	0.00678	0.00678	0.00678	0.00452	0.00452	0.00678	0.00678	0.00905	0.00905	0.01583	0.00905	0.01809	0.02035	0.84848	0.00452	0.00452	0.00226	0.00226
174	0.00757	0.00505	0.00568	0.00568	0.00568	0.00505	0.00316	0.00757	0.00757	0.01010	0.01641	0.03408	0.01893	0.81698	0.02651	0.00505	0.00505	0.00757	0.00316	0.00316
175	0.00842	0.00494	0.00740	0.00740	0.00777	0.00530	0.00530	0.00777	0.00740	0.01023	0.01096	0.01764	0.01060	0.02628	0.32345	0.52034	0.00820	0.00494	0.00247	0.00319
176	0.00905	0.00452	0.00678	0.00678	0.00678	0.00452	0.00452	0.00678	0.00678	0.00905	0.00905	0.01583	0.00905	0.01809	0.02035	0.84848	0.00452	0.00452	0.00226	0.00226
177	0.01980	0.01459	0.01563	0.01198	0.01615	0.01615	0.00990	0.76713	0.02448	0.03282	0.01250	0.01250	0.00886	0.00625	0.00521	0.00156	0.00573	0.00469	0.00521	0.00886
178	0.00648	0.00527	0.00565	0.00557	0.00713	0.00454	0.00412	0.00798	0.01227	0.01532	0.20566	0.04697	0.59019	0.05123	0.00713	0.00189	0.00272	0.01049	0.00495	0.00445
179	0.85377	0.01007	0.00765	0.00685	0.01007	0.01168	0.00564	0.01531	0.00886	0.02336	0.00725	0.00846	0.00564	0.00483	0.00322	0.00161	0.00403	0.00282	0.00322	0.00564
180	0.01295	0.01119	0.01178	0.01060	0.01354	0.01295	0.00824	0.02767	0.77509	0.02178	0.02120	0.01943	0.01590	0.00707	0.00530	0.00177	0.00412	0.00589	0.00530	0.00824
181	0.01229	0.01405	0.03073	0.02195	0.02722	0.01317	0.76558	0.01668	0.01229	0.01668	0.01054	0.01405	0.00790	0.00439	0.00615	0.00176	0.00878	0.00615	0.00263	0.00702
182	0.00659	0.00523	0.00575	0.00571	0.00710	0.00457	0.00415	0.00803	0.01202	0.01523	0.21909	0.08429	0.49639	0.09297	0.00821	0.00208	0.00286	0.01047	0.00488	0.00439
183	0.00797	0.00641	0.00693	0.00660	0.00849	0.00610	0.00501	0.01193	0.14927	0.03253	0.19331	0.05323	0.47000	0.01149	0.00599	0.00174	0.00291	0.00970	0.00513	0.00528
184	0.00634	0.00453	0.00604	0.00725	0.00755	0.00423	0.00483	0.00725	0.00997	0.01329	0.02870	0.81358	0.03444	0.01632	0.00665	0.00211	0.00302	0.01480	0.00483	0.00423
185	0.03187	0.00695	0.00911	0.00859	0.01071	0.00652	0.00675	0.01610	0.05654	0.30655	0.02493	0.29801	0.03662	0.01140	0.00606	0.00194	0.00396	0.14561	0.00543	0.00635
186	0.01945	0.02482	0.01476	0.01342	0.01610	0.79608	0.01006	0.02079	0.01476	0.01275	0.00805	0.00939	0.00671	0.00537	0.00470	0.00134	0.00939	0.00335	0.00268	0.00604
187	0.01080	0.00926	0.01080	0.00771	0.01234	0.00694	0.00617	0.01311	0.01080	0.01697	0.00926	0.01080	0.00771	0.00386	0.00386	0.00077	0.00386	0.00309	0.00309	0.84882
188	0.00672	0.00515	0.00602	0.00608	0.00727	0.00460	0.00437	0.00825	0.01218	0.01595	0.29516	0.17522	0.34292	0.07709	0.00786	0.00204	0.00283	0.01083	0.00501	0.00445
189	0.00971	0.00485	0.00485	0.00485	0.00607	0.00485	0.00364	0.01213	0.01092	0.01942	0.01699	0.01942	0.01335	0.00607	0.00364	0.00121	0.00243	0.00485	0.84589	0.00485
190	0.00681	0.00519	0.00558	0.00554	0.00657	0.00469	0.00373	0.00772	0.01046	0.01312	0.10182	0.04294	0.42362	0.32384	0.01402	0.00302	0.00355	0.00953	0.00426	0.00396
191	0.02249	0.00512	0.00584	0.00591	0.00713	0.00478	0.00434	0.00961	0.01208	0.01767	0.25756	0.17091	0.19812	0.01080	0.00547	0.00163	0.00261	0.00930	0.24395	0.00468
192	0.00752	0.00543	0.00593	0.00586	0.00750	0.00466	0.00432	0.00881	0.01175	0.06942	0.07051	0.13833	0.57600	0.05158	0.00712	0.00194	0.00292	0.01082	0.00490	0.00465
193	0.00744	0.00558	0.00837	0.00837	0.00930	0.00651	0.00651	0.00930	0.00837	0.01209	0.01395	0.02046	0.01302	0.03906	0.79635	0.00837	0.01395	0.00558	0.00279	0.00465
194	0.01630	0.00977	0.01130	0.00957	0.01282	0.01014	0.00761	0.04280	0.39122	0.30815	0.02408	0.02187	0.09580	0.00746	0.00536	0.00170	0.00412	0.00616	0.00568	0.00808
195	0.00677	0.00515	0.00587	0.00610	0.00739	0.00450	0.00440	0.00811	0.01169	0.03166	0.13807	0.26488	0.44557	0.02739	0.00662	0.00190	0.00280	0.01169	0.00496	0.00449
196	0.01376	0.00676	0.00885	0.00751	0.00994	0.00597	0.00592	0.01590	0.01447	0.33366	0.38353	0.03159	0.12192	0.00923	0.00577	0.00164	0.00329	0.00790	0.00592	0.00647
197	0.01980	0.01459	0.01563	0.01198	0.01615	0.01615	0.00990	0.76713	0.02448	0.03282	0.01250	0.01250	0.00886	0.00625	0.00521	0.00156	0.00573	0.00469	0.00521	0.00886
198	0.00905	0.00452	0.00678	0.00678	0.00678	0.00452	0.00452	0.00678	0.00678	0.00905	0.00905	0.01583	0.00905	0.01809	0.02035	0.84848	0.00452	0.00452	0.00226	0.00226
199	0.01000	0.00900	0.01456	0.07577	0.41552	0.00901	0.01129	0.01225	0.01108	0.01528	0.01862	0.30265	0.05473	0.00929	0.00574	0.00177	0.00493	0.00860	0.00348	0.00645
200	0.00757	0.00505	0.00568	0.00568	0.00568	0.00505	0.00316	0.00757	0.00757	0.01010	0.01641	0.03408	0.01893	0.81698	0.02651	0.00505	0.00505	0.00757	0.00316	0.00316
201	0.00757	0.00505	0.00568	0.00568	0.00568	0.00505	0.00316	0.00757	0.00757	0.01010	0.01641	0.03408	0.01893	0.81698	0.02651	0.00505	0.00505	0.00757	0.00316	0.00316
202	0.01128	0.01109	0.01597	0.01524	0.09503	0.01491	0.01154	0.01267	0.00841	0.01298	0.00765	0.01219	0.00742	0.01073	0.07027	0.00263	0.66713	0.00464	0.00235	0.00589
203	0.01331	0.68067	0.16138	0.00995	0.01498	0.01911	0.01073	0.01575	0.01065	0.01300	0.00761	0.00882	0.00667	0.00454	0.00362	0.00121	0.00594	0.00297	0.00222	0.00686
204	0.00983	0.00926	0.01562	0.80447	0.03587	0.01157	0.01446	0.01331	0.01041	0.01331	0.00926	0.01388	0.00694	0.00521	0.00521	0.00174	0.00694	0.00463	0.00231	0.00579
205	0.00634	0.00528	0.00553	0.00547	0.00715	0.00447	0.00410	0.00783	0.01230	0.01510	0.16290	0.04842	0.67159	0.01280	0.00615	0.00174	0.00261	0.01075	0.00497	0.00447
