[name]
unknown

[dist]
# distance from previous block
# <min> <max>
0	34

[block]
# block no. 0 follows, 40 sequences, length 11
# corresponding to MSA columns:
# 45-55
name=unknown_A
#
# <colnr> <probs for GDERKNQSTAVLIFYWHMCP>
#	G	D	E	R	K	N	Q	S	T	A	V	L	I	F	Y	W	H	M	C	P
0	0.04363	0.11951	0.01991	0.07377	0.01944	0.08957	0.14310	0.04662	0.01309	0.01749	0.01306	0.02088	0.01203	0.00756	0.00749	0.00184	0.11062	0.11621	0.00340	0.12078
1	0.01528	0.13612	0.01743	0.01228	0.01569	0.13531	0.07126	0.06887	0.11152	0.06925	0.01419	0.01653	0.01156	0.01614	0.21114	0.00367	0.00932	0.00519	0.00384	0.05541
2	0.23505	0.01147	0.01047	0.00941	0.01225	0.08081	0.00718	0.01988	0.19704	0.09152	0.01959	0.06614	0.06179	0.11266	0.00846	0.00233	0.00510	0.00640	0.00467	0.03776
3	0.22515	0.01151	0.05457	0.04231	0.01348	0.05889	0.03892	0.01395	0.01025	0.01707	0.01232	0.02035	0.01201	0.24546	0.07888	0.00360	0.07874	0.00554	0.00325	0.05375
4	0.01123	0.00847	0.00928	0.00786	0.01094	0.00759	0.00610	0.07508	0.06505	0.07027	0.03780	0.03714	0.39591	0.04352	0.00704	0.00185	0.00390	0.00874	0.00509	0.18713
5	0.01042	0.01042	0.01938	0.13471	0.02207	0.01012	0.30096	0.01371	0.01323	0.01737	0.09580	0.12330	0.18392	0.00956	0.00677	0.00199	0.00648	0.00935	0.00407	0.00636
6	0.01010	0.00505	0.00758	0.00758	0.00758	0.00505	0.00505	0.00758	0.00758	0.01010	0.01010	0.01768	0.01010	0.02020	0.02273	0.83081	0.00505	0.00505	0.00253	0.00253
7	0.01018	0.11841	0.01802	0.01233	0.01575	0.01038	0.22880	0.01271	0.01300	0.01624	0.03505	0.10512	0.35925	0.01071	0.00649	0.00190	0.00553	0.00975	0.00425	0.00614
8	0.01174	0.01170	0.02222	0.06556	0.02239	0.01093	0.36834	0.01560	0.01393	0.01936	0.17639	0.02552	0.02093	0.00736	0.00654	0.00184	0.00699	0.06793	0.00395	0.12079
9	0.05419	0.06087	0.04318	0.01398	0.01780	0.08052	0.07060	0.27875	0.01808	0.13859	0.01286	0.01396	0.00950	0.00713	0.00811	0.00188	0.15194	0.00507	0.00455	0.00846
10	0.06943	0.03854	0.03308	0.03957	0.01861	0.04640	0.12976	0.05564	0.14364	0.18351	0.01506	0.01608	0.01111	0.00722	0.00846	0.00198	0.16375	0.00556	0.00447	0.00814

[dist]
# distance from previous block
# <min> <max>
22	124

[block]
# block no. 1 follows, 40 sequences, length 24
# corresponding to MSA columns:
# 213-236
name=unknown_B
#
# <colnr> <probs for GDERKNQSTAVLIFYWHMCP>
#	G	D	E	R	K	N	Q	S	T	A	V	L	I	F	Y	W	H	M	C	P
0	0.04971	0.04327	0.20652	0.01739	0.02304	0.02876	0.29838	0.05054	0.06578	0.07114	0.07538	0.01723	0.01321	0.00614	0.00608	0.00186	0.00774	0.00604	0.00375	0.00805
1	0.01822	0.30548	0.02156	0.07898	0.01863	0.34420	0.01108	0.07103	0.05085	0.01615	0.00984	0.01129	0.00817	0.00577	0.00482	0.00148	0.00812	0.00388	0.00312	0.00732
2	0.00693	0.00566	0.00613	0.00651	0.00802	0.00486	0.00469	0.00828	0.01266	0.01547	0.05139	0.26198	0.55583	0.01570	0.00703	0.00208	0.00307	0.01347	0.00540	0.00486
3	0.01606	0.76063	0.02964	0.00997	0.01492	0.02230	0.00988	0.01795	0.01205	0.05025	0.00881	0.00984	0.00780	0.00508	0.00383	0.00127	0.00616	0.00324	0.00272	0.00758
4	0.01344	0.01486	0.02969	0.02192	0.02616	0.01558	0.53512	0.01733	0.01238	0.01733	0.01061	0.01486	0.00849	0.00638	0.01028	0.00212	0.22683	0.00637	0.00283	0.00743
5	0.00832	0.00660	0.00771	0.00810	0.00990	0.00619	0.00660	0.01122	0.05913	0.01717	0.07320	0.05693	0.41527	0.01469	0.00724	0.00222	0.00394	0.27475	0.00545	0.00536
6	0.01937	0.01011	0.01281	0.00952	0.01434	0.00817	0.00775	0.02178	0.01445	0.40665	0.01690	0.01609	0.01162	0.00581	0.00511	0.00135	0.00464	0.00470	0.00540	0.40345
7	0.01937	0.01011	0.01281	0.00952	0.01434	0.00817	0.00775	0.02178	0.01445	0.40665	0.01690	0.01609	0.01162	0.00581	0.00511	0.00135	0.00464	0.00470	0.00540	0.40345
8	0.01129	0.02745	0.68289	0.01557	0.02337	0.01263	0.01974	0.01760	0.01273	0.01895	0.09175	0.01567	0.01255	0.00622	0.00567	0.00184	0.00796	0.00498	0.00289	0.00826
9	0.02172	0.02772	0.01648	0.01498	0.01798	0.77228	0.01124	0.02322	0.01648	0.01423	0.00899	0.01049	0.00749	0.00599	0.00524	0.00150	0.01049	0.00375	0.00300	0.00674
10	0.00709	0.00506	0.00675	0.00810	0.00843	0.00472	0.00540	0.00810	0.01113	0.01484	0.03205	0.79184	0.03846	0.01822	0.00742	0.00236	0.00337	0.01653	0.00540	0.00472
11	0.00687	0.00589	0.00589	0.00589	0.00785	0.00491	0.00442	0.00835	0.01325	0.01571	0.05891	0.05596	0.75700	0.01473	0.00687	0.00196	0.00295	0.01227	0.00540	0.00491
12	0.00850	0.00597	0.00778	0.00793	0.00846	0.00636	0.00555	0.00956	0.00932	0.01277	0.01867	0.03543	0.02004	0.43226	0.30229	0.00669	0.00929	0.08523	0.00357	0.00434
13	0.09957	0.00719	0.00928	0.01038	0.01196	0.00739	0.00904	0.01260	0.01301	0.01835	0.02832	0.05947	0.03051	0.01490	0.00755	0.00258	0.00526	0.64204	0.00516	0.00546
14	0.02137	0.01116	0.01351	0.01105	0.01508	0.01124	0.00890	0.05690	0.30481	0.44481	0.02288	0.02032	0.01554	0.00746	0.00587	0.00187	0.00487	0.00611	0.00664	0.00962
15	0.01492	0.01336	0.01628	0.41321	0.02875	0.09642	0.01323	0.10622	0.16343	0.05560	0.01393	0.01623	0.01032	0.00646	0.00577	0.00187	0.00712	0.00534	0.00391	0.00762
16	0.01746	0.44788	0.06501	0.01115	0.01603	0.01908	0.01053	0.14151	0.10055	0.10077	0.01263	0.01285	0.00982	0.00592	0.00467	0.00151	0.00605	0.00423	0.00396	0.00840
17	0.41125	0.23159	0.08015	0.00955	0.01392	0.01594	0.00898	0.06282	0.05169	0.02238	0.00992	0.01107	0.00789	0.00558	0.00408	0.00164	0.00538	0.00364	0.03537	0.00716
18	0.08605	0.01286	0.02319	0.01730	0.02193	0.01246	0.38809	0.02054	0.09954	0.13779	0.10346	0.01981	0.01602	0.00649	0.00631	0.00191	0.00713	0.00679	0.00443	0.00791
19	0.01265	0.00860	0.01026	0.00991	0.01190	0.00892	0.00781	0.17329	0.05545	0.05678	0.02545	0.28342	0.02614	0.01290	0.00669	0.00214	0.00459	0.18126	0.09526	0.00658
20	0.03045	0.10853	0.01451	0.01017	0.01368	0.01244	0.00835	0.22784	0.06309	0.02438	0.15804	0.08869	0.02204	0.00865	0.00571	0.00166	0.00485	0.04157	0.00501	0.15033
21	0.01287	0.01795	0.30467	0.01267	0.01773	0.01198	0.01317	0.05474	0.23665	0.06097	0.05719	0.07723	0.08019	0.00842	0.00599	0.00192	0.00594	0.00699	0.00458	0.00816
22	0.01172	0.01365	0.19327	0.01137	0.01570	0.00904	0.07292	0.01595	0.05360	0.10010	0.15088	0.03152	0.21381	0.00937	0.00624	0.00184	0.00530	0.02069	0.00475	0.05827
23	0.08337	0.04831	0.05136	0.00916	0.01226	0.00977	0.00790	0.14442	0.01552	0.06708	0.03425	0.07335	0.30881	0.01141	0.00628	0.00197	0.00462	0.09840	0.00513	0.00661

[dist]
# distance from previous block
# <min> <max>
15	54

[block]
# block no. 2 follows, 40 sequences, length 9
# corresponding to MSA columns:
# 293-301
name=unknown_C
#
# <colnr> <probs for GDERKNQSTAVLIFYWHMCP>
#	G	D	E	R	K	N	Q	S	T	A	V	L	I	F	Y	W	H	M	C	P
0	0.01216	0.08543	0.01673	0.01230	0.01525	0.01102	0.14707	0.05789	0.04035	0.06126	0.14312	0.02699	0.08489	0.01690	0.18500	0.00361	0.03584	0.03315	0.00433	0.00668
1	0.13449	0.17430	0.08254	0.01160	0.01616	0.01360	0.08249	0.02105	0.10585	0.19981	0.01911	0.01881	0.08242	0.00692	0.00527	0.00174	0.00571	0.00558	0.00454	0.00800
2	0.06244	0.05311	0.18044	0.01710	0.06464	0.01444	0.18084	0.08674	0.06266	0.03905	0.01226	0.01493	0.00959	0.00983	0.08087	0.00263	0.09176	0.00537	0.00341	0.00790
3	0.01236	0.01090	0.09215	0.01027	0.01300	0.00961	0.00880	0.13928	0.01322	0.06176	0.01538	0.02224	0.01385	0.17190	0.32429	0.00556	0.01004	0.00608	0.00385	0.05545
4	0.01372	0.00840	0.01075	0.08327	0.01371	0.00874	0.00748	0.04658	0.10618	0.17560	0.11026	0.02798	0.02100	0.24193	0.09562	0.00377	0.00631	0.00723	0.00492	0.00656
5	0.01336	0.41334	0.31522	0.01262	0.01861	0.01754	0.01439	0.01723	0.01217	0.01593	0.01145	0.01655	0.01023	0.00639	0.00490	0.00163	0.00705	0.08093	0.00278	0.00768
6	0.01458	0.21870	0.29000	0.08756	0.02156	0.14062	0.01483	0.02020	0.10673	0.01695	0.01129	0.01275	0.00877	0.00579	0.00511	0.00166	0.00772	0.00428	0.00301	0.00788
7	0.01405	0.17977	0.07404	0.00990	0.01348	0.01366	0.00886	0.08962	0.22855	0.02193	0.01687	0.01757	0.01307	0.00664	0.00482	0.00159	0.00483	0.00516	0.26796	0.00764
8	0.01620	0.01533	0.19296	0.01233	0.01817	0.00992	0.07148	0.01987	0.01359	0.23622	0.01416	0.01467	0.01002	0.00549	0.00526	0.00146	0.00597	0.00463	0.00426	0.32801

[dist]
# distance from previous block
# <min> <max>
0	2

[block]
# block no. 3 follows, 40 sequences, length 29
# corresponding to MSA columns:
# 304-332
name=unknown_D
#
# <colnr> <probs for GDERKNQSTAVLIFYWHMCP>
#	G	D	E	R	K	N	Q	S	T	A	V	L	I	F	Y	W	H	M	C	P
0	0.00823	0.00594	0.00777	0.00732	0.00869	0.00549	0.00549	0.01097	0.01646	0.02332	0.75629	0.04344	0.05487	0.01189	0.00686	0.00183	0.00274	0.01052	0.00640	0.00549
1	0.01423	0.01222	0.01297	0.01178	0.01498	0.01410	0.00921	0.03002	0.71443	0.02400	0.02400	0.02375	0.01849	0.00827	0.00602	0.00201	0.00464	0.03997	0.00589	0.00902
2	0.01166	0.03008	0.76550	0.01657	0.02517	0.01351	0.02149	0.01842	0.01228	0.01842	0.01044	0.01228	0.00737	0.00552	0.00552	0.00184	0.00859	0.00430	0.00246	0.00859
3	0.01166	0.03008	0.76550	0.01657	0.02517	0.01351	0.02149	0.01842	0.01228	0.01842	0.01044	0.01228	0.00737	0.00552	0.00552	0.00184	0.00859	0.00430	0.00246	0.00859
4	0.00800	0.00594	0.00746	0.00708	0.00855	0.00539	0.00531	0.01053	0.01592	0.02203	0.63843	0.04556	0.17353	0.01237	0.00686	0.00185	0.00278	0.01081	0.00623	0.00539
5	0.00687	0.00589	0.00589	0.00589	0.00785	0.00491	0.00442	0.00835	0.01325	0.01571	0.05891	0.05596	0.75700	0.01473	0.00687	0.00196	0.00295	0.01227	0.00540	0.00491
6	0.01446	0.01249	0.01315	0.01183	0.01512	0.01446	0.00920	0.03090	0.74885	0.02433	0.02367	0.02170	0.01775	0.00789	0.00592	0.00197	0.00460	0.00657	0.00592	0.00920
7	0.01555	0.79913	0.03047	0.00995	0.01493	0.02301	0.00995	0.01741	0.01182	0.01368	0.00808	0.00933	0.00746	0.00498	0.00373	0.00124	0.00622	0.00311	0.00249	0.00746
8	0.01555	0.79913	0.03047	0.00995	0.01493	0.02301	0.00995	0.01741	0.01182	0.01368	0.00808	0.00933	0.00746	0.00498	0.00373	0.00124	0.00622	0.00311	0.00249	0.00746
9	0.01010	0.00505	0.00758	0.00758	0.00758	0.00505	0.00505	0.00758	0.00758	0.01010	0.01010	0.01768	0.01010	0.02020	0.02273	0.83081	0.00505	0.00505	0.00253	0.00253
10	0.00823	0.00594	0.00777	0.00732	0.00869	0.00549	0.00549	0.01097	0.01646	0.02332	0.75629	0.04344	0.05487	0.01189	0.00686	0.00183	0.00274	0.01052	0.00640	0.00549
11	0.01373	0.01569	0.03431	0.02451	0.03039	0.01471	0.73824	0.01863	0.01373	0.01863	0.01176	0.01569	0.00882	0.00490	0.00686	0.00196	0.00980	0.00686	0.00294	0.00784
12	0.01493	0.01339	0.01707	0.01428	0.01581	0.01716	0.01180	0.17513	0.08357	0.02014	0.01065	0.01382	0.00913	0.00904	0.01436	0.00225	0.51027	0.00520	0.00362	0.03836
13	0.01390	0.09033	0.03395	0.02312	0.02892	0.01550	0.66885	0.01851	0.01354	0.01816	0.01141	0.01508	0.00869	0.00491	0.00656	0.00189	0.00946	0.00651	0.00290	0.00781
14	0.79634	0.04998	0.00962	0.00776	0.01143	0.01354	0.00648	0.01711	0.00999	0.02548	0.00810	0.00944	0.00636	0.00538	0.00361	0.00177	0.00458	0.00315	0.00354	0.00636
15	0.01766	0.02060	0.39375	0.01483	0.02152	0.01163	0.08458	0.02242	0.01417	0.31769	0.01559	0.01562	0.01033	0.00614	0.00578	0.00184	0.00724	0.00516	0.00441	0.00905
16	0.01166	0.03008	0.76550	0.01657	0.02517	0.01351	0.02149	0.01842	0.01228	0.01842	0.01044	0.01228	0.00737	0.00552	0.00552	0.00184	0.00859	0.00430	0.00246	0.00859
17	0.01093	0.00860	0.01320	0.50802	0.02832	0.01028	0.01189	0.01440	0.01183	0.01726	0.01338	0.01768	0.01027	0.00615	0.00520	0.00173	0.00597	0.00526	0.29353	0.00609
18	0.00823	0.00594	0.00777	0.00732	0.00869	0.00549	0.00549	0.01097	0.01646	0.02332	0.75629	0.04344	0.05487	0.01189	0.00686	0.00183	0.00274	0.01052	0.00640	0.00549
19	0.01239	0.02501	0.50775	0.01937	0.02701	0.01393	0.27415	0.01849	0.01279	0.01849	0.01090	0.01348	0.00788	0.00531	0.00600	0.00188	0.00902	0.00520	0.00263	0.00833
20	0.00735	0.00591	0.00655	0.00639	0.00815	0.00511	0.00479	0.00927	0.01438	0.01839	0.30475	0.05155	0.50949	0.01373	0.00687	0.00192	0.00287	0.01165	0.00575	0.00511
21	0.01909	0.01124	0.01331	0.01070	0.01491	0.01099	0.00860	0.06517	0.27446	0.32084	0.02030	0.01867	0.01423	0.00688	0.00558	0.00168	0.00478	0.00561	0.00595	0.16702
22	0.01979	0.00850	0.01148	0.00928	0.01267	0.00747	0.00747	0.02222	0.01658	0.50250	0.28146	0.02813	0.02866	0.00885	0.00620	0.00181	0.00417	0.00749	0.00692	0.00834
23	0.01369	0.43225	0.38112	0.01311	0.01981	0.01848	0.01545	0.01789	0.01204	0.01594	0.00921	0.01074	0.00742	0.00524	0.00459	0.00153	0.00735	0.00368	0.00247	0.00800
24	0.01373	0.01569	0.03431	0.02451	0.03039	0.01471	0.73824	0.01863	0.01373	0.01863	0.01176	0.01569	0.00882	0.00490	0.00686	0.00196	0.00980	0.00686	0.00294	0.00784
25	0.00695	0.00560	0.00619	0.00667	0.00806	0.00484	0.00476	0.00826	0.01251	0.01540	0.04944	0.31537	0.50370	0.01596	0.00707	0.00210	0.00310	0.01377	0.00540	0.00484
26	0.30712	0.00939	0.00988	0.00830	0.01186	0.00924	0.00674	0.01946	0.01343	0.31971	0.02655	0.02504	0.19406	0.00841	0.00531	0.00184	0.00430	0.00648	0.00549	0.00740
27	0.43134	0.01002	0.00976	0.00832	0.01169	0.01066	0.00676	0.05767	0.01340	0.19077	0.10915	0.01747	0.01533	0.00684	0.00468	0.00176	0.00432	0.00502	0.07793	0.00711
28	0.01740	0.01645	0.01390	0.01186	0.01524	0.21966	0.00930	0.27701	0.11996	0.02397	0.02443	0.02388	0.18475	0.00865	0.00592	0.00176	0.00646	0.00666	0.00497	0.00778

[dist]
# distance from previous block
# <min> <max>
2	5

[block]
# block no. 4 follows, 40 sequences, length 6
# corresponding to MSA columns:
# 339-344
name=unknown_E
#
# <colnr> <probs for GDERKNQSTAVLIFYWHMCP>
#	G	D	E	R	K	N	Q	S	T	A	V	L	I	F	Y	W	H	M	C	P
0	0.01200	0.04732	0.22010	0.01065	0.01467	0.00941	0.01072	0.01666	0.06311	0.10848	0.38330	0.02914	0.03248	0.00901	0.00617	0.00181	0.00490	0.00767	0.00520	0.00719
1	0.00929	0.01727	0.37467	0.01201	0.01650	0.00900	0.01311	0.01312	0.01188	0.01666	0.02405	0.34582	0.08970	0.01174	0.00645	0.00207	0.00587	0.01020	0.00397	0.00662
2	0.01149	0.39040	0.01860	0.00934	0.01206	0.01385	0.00813	0.01313	0.01176	0.01462	0.02026	0.31725	0.02277	0.01151	0.00571	0.00186	0.00501	0.10213	0.00398	0.00613
3	0.01490	0.67184	0.15213	0.01105	0.01662	0.02144	0.01186	0.01758	0.01189	0.01447	0.00847	0.00982	0.00745	0.00507	0.00403	0.00134	0.00661	0.00331	0.00248	0.00765
4	0.00783	0.00615	0.00723	0.00760	0.00930	0.00555	0.00613	0.00984	0.01367	0.01715	0.13175	0.05758	0.44274	0.01482	0.00724	0.00218	0.00369	0.23892	0.00550	0.00512
5	0.01402	0.02073	0.37317	0.01404	0.02045	0.01274	0.04225	0.06987	0.14834	0.07190	0.01399	0.01472	0.01018	0.00595	0.00549	0.00170	0.00680	0.00484	0.00382	0.14500

[dist]
# distance from previous block
# <min> <max>
0	6

[block]
# block no. 5 follows, 40 sequences, length 65
# corresponding to MSA columns:
# 351-415
name=unknown_F
#
# <colnr> <probs for GDERKNQSTAVLIFYWHMCP>
#	G	D	E	R	K	N	Q	S	T	A	V	L	I	F	Y	W	H	M	C	P
0	0.01373	0.01569	0.03431	0.02451	0.03039	0.01471	0.73824	0.01863	0.01373	0.01863	0.01176	0.01569	0.00882	0.00490	0.00686	0.00196	0.00980	0.00686	0.00294	0.00784
1	0.01577	0.77171	0.02998	0.01013	0.01503	0.04964	0.01000	0.01762	0.01198	0.01370	0.00812	0.00937	0.00746	0.00501	0.00379	0.00125	0.00637	0.00313	0.00251	0.00744
2	0.01205	0.02737	0.62809	0.01807	0.02615	0.01373	0.15618	0.01846	0.01255	0.01846	0.01069	0.01292	0.00764	0.00541	0.00578	0.00186	0.00882	0.00478	0.00255	0.00845
3	0.00831	0.00623	0.00935	0.00935	0.01038	0.00727	0.00727	0.01038	0.00935	0.01350	0.01558	0.02285	0.01454	0.04361	0.77259	0.00935	0.01558	0.00623	0.00312	0.00519
4	0.01453	0.01241	0.01315	0.01184	0.01511	0.01430	0.00927	0.05290	0.69964	0.02447	0.02361	0.02301	0.01806	0.00815	0.00599	0.00199	0.00469	0.03189	0.00589	0.00909
5	0.02018	0.00893	0.01177	0.00989	0.01324	0.00815	0.00781	0.02349	0.08402	0.50308	0.04465	0.19726	0.02130	0.00991	0.00624	0.00195	0.00450	0.00849	0.00664	0.00853
6	0.01188	0.00882	0.01093	0.01030	0.01214	0.00910	0.03067	0.22771	0.01615	0.02159	0.02594	0.50829	0.02878	0.01435	0.00695	0.00218	0.00456	0.03785	0.00544	0.00639
7	0.01098	0.01034	0.01744	0.78165	0.04005	0.01292	0.01615	0.01486	0.01163	0.01486	0.01034	0.01550	0.00775	0.00581	0.00581	0.00194	0.00775	0.00517	0.00258	0.00646
8	0.01206	0.01034	0.01206	0.00861	0.01378	0.00775	0.00689	0.01464	0.01206	0.01895	0.01034	0.01206	0.00861	0.00431	0.00431	0.00086	0.00431	0.00345	0.00345	0.83118
9	0.00831	0.00621	0.00922	0.00922	0.01022	0.00720	0.00712	0.01031	0.00931	0.01341	0.01569	0.02347	0.01481	0.07437	0.74220	0.00919	0.01517	0.00632	0.00313	0.00512
10	0.01206	0.01034	0.01206	0.00861	0.01378	0.00775	0.00689	0.01464	0.01206	0.01895	0.01034	0.01206	0.00861	0.00431	0.00431	0.00086	0.00431	0.00345	0.00345	0.83118
11	0.01084	0.00542	0.00542	0.00542	0.00678	0.00542	0.00407	0.01355	0.01220	0.02168	0.01897	0.02168	0.01491	0.00678	0.00407	0.00136	0.00271	0.00542	0.82791	0.00542
12	0.01555	0.79913	0.03047	0.00995	0.01493	0.02301	0.00995	0.01741	0.01182	0.01368	0.00808	0.00933	0.00746	0.00498	0.00373	0.00124	0.00622	0.00311	0.00249	0.00746
13	0.00846	0.00564	0.00634	0.00634	0.00634	0.00564	0.00352	0.00846	0.00846	0.01128	0.01832	0.03805	0.02114	0.79563	0.02960	0.00564	0.00564	0.00846	0.00352	0.00352
14	0.01084	0.00542	0.00542	0.00542	0.00678	0.00542	0.00407	0.01355	0.01220	0.02168	0.01897	0.02168	0.01491	0.00678	0.00407	0.00136	0.00271	0.00542	0.82791	0.00542
15	0.02211	0.01629	0.01745	0.01338	0.01803	0.01803	0.01105	0.73997	0.02734	0.03665	0.01396	0.01396	0.00989	0.00698	0.00582	0.00175	0.00640	0.00524	0.00582	0.00989
16	0.01098	0.01034	0.01744	0.78165	0.04005	0.01292	0.01615	0.01486	0.01163	0.01486	0.01034	0.01550	0.00775	0.00581	0.00581	0.00194	0.00775	0.00517	0.00258	0.00646
17	0.01098	0.01034	0.01744	0.78165	0.04005	0.01292	0.01615	0.01486	0.01163	0.01486	0.01034	0.01550	0.00775	0.00581	0.00581	0.00194	0.00775	0.00517	0.00258	0.00646
18	0.00846	0.00564	0.00634	0.00634	0.00634	0.00564	0.00352	0.00846	0.00846	0.01128	0.01832	0.03805	0.02114	0.79563	0.02960	0.00564	0.00564	0.00846	0.00352	0.00352
19	0.01116	0.01052	0.01777	0.74208	0.07821	0.01297	0.01624	0.01502	0.01171	0.01508	0.01037	0.01544	0.00783	0.00578	0.00581	0.00193	0.00771	0.00517	0.00260	0.00661
20	0.01439	0.01382	0.02360	0.03569	0.75936	0.01382	0.01785	0.01785	0.01324	0.01900	0.01094	0.01439	0.00921	0.00518	0.00576	0.00173	0.00691	0.00518	0.00288	0.00921
21	0.01439	0.01382	0.02360	0.03569	0.75936	0.01382	0.01785	0.01785	0.01324	0.01900	0.01094	0.01439	0.00921	0.00518	0.00576	0.00173	0.00691	0.00518	0.00288	0.00921
22	0.07886	0.01116	0.01348	0.01073	0.01491	0.01100	0.00875	0.11998	0.13935	0.47795	0.03825	0.01920	0.01477	0.00727	0.00573	0.00182	0.00500	0.00581	0.00654	0.00943
23	0.02045	0.01629	0.01647	0.01316	0.01741	0.07052	0.01067	0.53810	0.18049	0.03244	0.01568	0.01537	0.01140	0.00710	0.00580	0.00178	0.00630	0.00542	0.00564	0.00952
24	0.00709	0.00506	0.00675	0.00810	0.00843	0.00472	0.00540	0.00810	0.01113	0.01484	0.03205	0.79184	0.03846	0.01822	0.00742	0.00236	0.00337	0.01653	0.00540	0.00472
25	0.01570	0.01783	0.01815	0.01571	0.01881	0.33926	0.17696	0.01838	0.01480	0.01631	0.01702	0.03037	0.01661	0.00916	0.00656	0.00200	0.00859	0.24747	0.00378	0.00652
26	0.02101	0.02621	0.01615	0.01467	0.01770	0.69749	0.01104	0.02398	0.08876	0.01523	0.01044	0.01159	0.00850	0.00618	0.00531	0.00154	0.00991	0.00402	0.00328	0.00698
27	0.01272	0.01272	0.01781	0.01527	0.01527	0.01781	0.01272	0.01399	0.00891	0.01399	0.00763	0.01272	0.00763	0.01018	0.01908	0.00254	0.78499	0.00509	0.00254	0.00636
28	0.00841	0.00618	0.00816	0.00927	0.01049	0.00593	0.00759	0.01049	0.01285	0.01652	0.03601	0.23009	0.16151	0.01632	0.00769	0.00248	0.00448	0.43503	0.00537	0.00513
29	0.00803	0.00598	0.00823	0.00863	0.00974	0.00561	0.02564	0.01003	0.01342	0.01811	0.25730	0.35110	0.09254	0.01525	0.00731	0.00222	0.00369	0.14635	0.00564	0.00517
30	0.02609	0.00990	0.01350	0.01035	0.01484	0.00855	0.00855	0.02834	0.01664	0.76338	0.02294	0.01979	0.01439	0.00720	0.00585	0.00180	0.00495	0.00585	0.00720	0.00990
31	0.01272	0.01272	0.01781	0.01527	0.01527	0.01781	0.01272	0.01399	0.00891	0.01399	0.00763	0.01272	0.00763	0.01018	0.01908	0.00254	0.78499	0.00509	0.00254	0.00636
32	0.01623	0.01587	0.02926	0.02118	0.02669	0.01570	0.52050	0.23461	0.01780	0.02402	0.01242	0.01517	0.00914	0.00552	0.00655	0.00190	0.00878	0.00638	0.00380	0.00846
33	0.02149	0.02723	0.01637	0.01488	0.01789	0.74818	0.01117	0.02347	0.03977	0.01455	0.00946	0.01084	0.00782	0.00605	0.00526	0.00151	0.01030	0.00384	0.00309	0.00682
34	0.01555	0.79913	0.03047	0.00995	0.01493	0.02301	0.00995	0.01741	0.01182	0.01368	0.00808	0.00933	0.00746	0.00498	0.00373	0.00124	0.00622	0.00311	0.00249	0.00746
35	0.01098	0.01034	0.01744	0.78165	0.04005	0.01292	0.01615	0.01486	0.01163	0.01486	0.01034	0.01550	0.00775	0.00581	0.00581	0.00194	0.00775	0.00517	0.00258	0.00646
36	0.01206	0.01034	0.01206	0.00861	0.01378	0.00775	0.00689	0.01464	0.01206	0.01895	0.01034	0.01206	0.00861	0.00431	0.00431	0.00086	0.00431	0.00345	0.00345	0.83118
37	0.01272	0.01272	0.01781	0.01527	0.01527	0.01781	0.01272	0.01399	0.00891	0.01399	0.00763	0.01272	0.00763	0.01018	0.01908	0.00254	0.78499	0.00509	0.00254	0.00636
38	0.00777	0.00551	0.00724	0.00808	0.00886	0.00513	0.00573	0.00934	0.01232	0.01694	0.15748	0.54685	0.03911	0.01607	0.00715	0.00221	0.00343	0.07319	0.03951	0.02809
39	0.01084	0.00542	0.00542	0.00542	0.00678	0.00542	0.00407	0.01355	0.01220	0.02168	0.01897	0.02168	0.01491	0.00678	0.00407	0.00136	0.00271	0.00542	0.82791	0.00542
40	0.01633	0.01749	0.02172	0.03022	0.56355	0.21414	0.01610	0.01927	0.01410	0.01774	0.01042	0.01336	0.00876	0.00540	0.00562	0.00167	0.00785	0.00480	0.00291	0.00856
41	0.00709	0.00506	0.00675	0.00810	0.00843	0.00472	0.00540	0.00810	0.01113	0.01484	0.03205	0.79184	0.03846	0.01822	0.00742	0.00236	0.00337	0.01653	0.00540	0.00472
42	0.01084	0.00542	0.00542	0.00542	0.00678	0.00542	0.00407	0.01355	0.01220	0.02168	0.01897	0.02168	0.01491	0.00678	0.00407	0.00136	0.00271	0.00542	0.82791	0.00542
43	0.83671	0.01125	0.00855	0.00765	0.01125	0.01305	0.00630	0.01709	0.00990	0.02609	0.00810	0.00945	0.00630	0.00540	0.00360	0.00180	0.00450	0.00315	0.00360	0.00630
44	0.02459	0.01127	0.01424	0.01100	0.01541	0.01069	0.00905	0.19667	0.01902	0.56885	0.02108	0.04112	0.01403	0.00747	0.00589	0.00180	0.00525	0.00602	0.00682	0.00974
45	0.01180	0.01194	0.02249	0.55495	0.03716	0.01345	0.23236	0.01599	0.01226	0.01599	0.01076	0.01556	0.00807	0.00554	0.00613	0.00194	0.00837	0.00568	0.00269	0.00687
46	0.00841	0.00582	0.00724	0.00724	0.00755	0.00613	0.00465	0.00903	0.00872	0.01194	0.01750	0.03350	0.01916	0.57046	0.25207	0.00675	0.00861	0.00779	0.00340	0.00402
47	0.16979	0.01160	0.01221	0.01056	0.01356	0.01272	0.00840	0.32848	0.04720	0.02672	0.01803	0.13743	0.01718	0.07962	0.00799	0.00230	0.00535	0.07839	0.00509	0.00739
48	0.01105	0.01043	0.01746	0.74998	0.03903	0.01312	0.01601	0.01482	0.01152	0.01482	0.01022	0.01539	0.00775	0.00599	0.00636	0.00196	0.03988	0.00516	0.00258	0.00646
49	0.01098	0.01034	0.01744	0.78165	0.04005	0.01292	0.01615	0.01486	0.01163	0.01486	0.01034	0.01550	0.00775	0.00581	0.00581	0.00194	0.00775	0.00517	0.00258	0.00646
50	0.11622	0.01176	0.01648	0.01256	0.01694	0.01145	0.13916	0.14587	0.01665	0.32471	0.01860	0.01827	0.04195	0.00676	0.00566	0.00178	0.00578	0.00579	0.05766	0.02595
51	0.01387	0.46690	0.34800	0.01281	0.01935	0.01890	0.01493	0.01785	0.01202	0.01573	0.00910	0.01060	0.00742	0.00521	0.00451	0.00150	0.00725	0.00362	0.00247	0.00795
52	0.00709	0.00506	0.00675	0.00810	0.00843	0.00472	0.00540	0.00810	0.01113	0.01484	0.03205	0.79184	0.03846	0.01822	0.00742	0.00236	0.00337	0.01653	0.00540	0.00472
53	0.00720	0.00610	0.00625	0.00629	0.00819	0.00529	0.00468	0.00925	0.04319	0.01600	0.05557	0.10652	0.67603	0.01469	0.00687	0.00199	0.00304	0.01234	0.00542	0.00507
54	0.02189	0.02278	0.01690	0.01429	0.01800	0.44645	0.01116	0.33285	0.02117	0.02392	0.01114	0.01199	0.00853	0.00642	0.00549	0.00160	0.00872	0.00439	0.00421	0.00810
55	0.01272	0.01272	0.01781	0.01527	0.01527	0.01781	0.01272	0.01399	0.00891	0.01399	0.00763	0.01272	0.00763	0.01018	0.01908	0.00254	0.78499	0.00509	0.00254	0.00636
56	0.00778	0.00535	0.00654	0.00721	0.00737	0.00519	0.00445	0.00828	0.00977	0.01303	0.02507	0.40876	0.02966	0.41330	0.01869	0.00403	0.00452	0.01243	0.00445	0.00411
57	0.01427	0.01369	0.02339	0.06203	0.73396	0.01379	0.01779	0.01774	0.01318	0.01885	0.01092	0.01443	0.00916	0.00520	0.00576	0.00173	0.00694	0.00518	0.00287	0.00911
58	0.04770	0.01092	0.01763	0.01334	0.01784	0.00983	0.17522	0.02433	0.01537	0.51667	0.02056	0.07303	0.01456	0.00739	0.00612	0.00188	0.00593	0.00675	0.00598	0.00895
59	0.01272	0.01272	0.01781	0.01527	0.01527	0.01781	0.01272	0.01399	0.00891	0.01399	0.00763	0.01272	0.00763	0.01018	0.01908	0.00254	0.78499	0.00509	0.00254	0.00636
60	0.02609	0.00990	0.01350	0.01035	0.01484	0.00855	0.00855	0.02834	0.01664	0.76338	0.02294	0.01979	0.01439	0.00720	0.00585	0.00180	0.00495	0.00585	0.00720	0.00990
61	0.01100	0.09150	0.47356	0.01382	0.01983	0.01249	0.01620	0.01592	0.01136	0.01652	0.01177	0.01518	0.00952	0.01688	0.23504	0.00404	0.01047	0.00477	0.00266	0.00747
62	0.02149	0.01433	0.17894	0.01163	0.01682	0.00982	0.01129	0.05434	0.01611	0.51696	0.07159	0.01957	0.01552	0.00715	0.00585	0.00181	0.00566	0.00581	0.00604	0.00930
63	0.08221	0.01295	0.04332	0.01573	0.02072	0.01142	0.32328	0.03400	0.01375	0.07451	0.08991	0.01731	0.01377	0.00576	0.00580	0.00163	0.00675	0.00588	0.00385	0.21744
64	0.01646	0.41697	0.02198	0.01027	0.01459	0.01748	0.00925	0.11110	0.09674	0.10005	0.07135	0.01662	0.03731	0.00662	0.00483	0.00151	0.00550	0.00493	0.00423	0.03222

[dist]
# distance from previous block
# <min> <max>
19	46

[block]
# block no. 6 follows, 40 sequences, length 8
# corresponding to MSA columns:
# 483-490
name=unknown_G
#
# <colnr> <probs for GDERKNQSTAVLIFYWHMCP>
#	G	D	E	R	K	N	Q	S	T	A	V	L	I	F	Y	W	H	M	C	P
0	0.01537	0.44129	0.16474	0.09586	0.02009	0.08431	0.01299	0.07435	0.01350	0.01654	0.00931	0.01102	0.00767	0.00541	0.00459	0.00149	0.00721	0.00378	0.00280	0.00769
1	0.01323	0.29437	0.43185	0.01515	0.02220	0.01692	0.09549	0.01809	0.01228	0.01680	0.00977	0.01163	0.00756	0.00527	0.00505	0.00165	0.00790	0.00417	0.00252	0.00812
2	0.01439	0.38466	0.02300	0.01226	0.01514	0.09550	0.03459	0.01606	0.01145	0.01412	0.01078	0.09577	0.01093	0.00800	0.00875	0.00178	0.22782	0.00532	0.00289	0.00679
3	0.01006	0.21399	0.01406	0.00911	0.01097	0.01064	0.00745	0.01173	0.01071	0.01404	0.01897	0.19117	0.02038	0.09210	0.26118	0.00470	0.00855	0.08091	0.00371	0.00555
4	0.00814	0.00597	0.00852	0.00872	0.00950	0.00664	0.00644	0.00976	0.00949	0.01339	0.01850	0.14311	0.01916	0.14762	0.54849	0.00774	0.01228	0.00813	0.00352	0.00488
5	0.01163	0.02167	0.40874	0.01324	0.01858	0.11955	0.01461	0.01588	0.01303	0.01716	0.05512	0.13877	0.10997	0.00902	0.00601	0.00189	0.00707	0.00741	0.00355	0.00712
6	0.01219	0.01571	0.13184	0.01882	0.02341	0.01360	0.38993	0.01617	0.01256	0.01730	0.01806	0.02084	0.12328	0.00747	0.00891	0.00205	0.15045	0.00700	0.00318	0.00723
7	0.13282	0.25593	0.20485	0.01183	0.01723	0.13158	0.01202	0.01808	0.01241	0.01753	0.00915	0.01067	0.00745	0.00523	0.00448	0.00145	0.00692	0.00356	0.00286	0.13395

[dist]
# distance from previous block
# <min> <max>
0	1

[block]
# block no. 7 follows, 40 sequences, length 8
# corresponding to MSA columns:
# 494-501
name=unknown_H
#
# <colnr> <probs for GDERKNQSTAVLIFYWHMCP>
#	G	D	E	R	K	N	Q	S	T	A	V	L	I	F	Y	W	H	M	C	P
0	0.01379	0.00674	0.00966	0.04174	0.01098	0.00668	0.00656	0.03943	0.01042	0.16603	0.01313	0.01811	0.01107	0.01744	0.05060	0.55846	0.00565	0.00528	0.00363	0.00460
1	0.01667	0.01438	0.01533	0.01252	0.01651	0.14567	0.06886	0.12468	0.09012	0.09671	0.01619	0.02149	0.01355	0.00732	0.00573	0.00165	0.00639	0.10338	0.00456	0.21828
2	0.00909	0.00705	0.00850	0.00871	0.01017	0.00713	0.00650	0.01392	0.16435	0.01926	0.21517	0.30158	0.10793	0.01395	0.00698	0.00214	0.00362	0.08227	0.00575	0.00592
3	0.04317	0.03327	0.01569	0.05743	0.01684	0.03360	0.06241	0.25125	0.01608	0.02230	0.01300	0.01708	0.01094	0.05563	0.20568	0.00391	0.06659	0.00546	0.00395	0.06573
4	0.01257	0.01203	0.07153	0.01482	0.01844	0.01106	0.23383	0.01687	0.06955	0.09081	0.01931	0.02225	0.08695	0.01775	0.22578	0.00408	0.05466	0.00682	0.00383	0.00707
5	0.01653	0.10043	0.11415	0.01605	0.02056	0.26056	0.18655	0.02080	0.07162	0.05138	0.05534	0.01513	0.01169	0.00623	0.00605	0.00172	0.02891	0.00525	0.00347	0.00756
6	0.01681	0.07286	0.12928	0.01534	0.02072	0.01582	0.15977	0.31330	0.05024	0.02577	0.01247	0.01384	0.00928	0.00604	0.00602	0.00170	0.02657	0.00515	0.00418	0.09481
7	0.01196	0.01262	0.06668	0.01621	0.02029	0.01105	0.33491	0.07131	0.01488	0.02055	0.18504	0.13534	0.02368	0.00863	0.00668	0.00192	0.00670	0.00870	0.00431	0.03853

[dist]
# distance from previous block
# <min> <max>
49	135

[block]
# block no. 8 follows, 40 sequences, length 35
# corresponding to MSA columns:
# 670-704
name=unknown_I
#
# <colnr> <probs for GDERKNQSTAVLIFYWHMCP>
#	G	D	E	R	K	N	Q	S	T	A	V	L	I	F	Y	W	H	M	C	P
0	0.01483	0.01652	0.19509	0.01556	0.12525	0.06056	0.02598	0.01862	0.02870	0.13206	0.01500	0.04157	0.03743	0.00637	0.00578	0.00159	0.02734	0.00522	0.00382	0.22271
1	0.01222	0.01049	0.01461	0.01145	0.01505	0.02969	0.11779	0.01466	0.01267	0.06951	0.04371	0.09760	0.12648	0.00839	0.00703	0.00162	0.08027	0.00714	0.00411	0.31551
2	0.03991	0.01255	0.06559	0.15847	0.02320	0.01156	0.20808	0.01799	0.09797	0.06302	0.08492	0.03730	0.04841	0.00693	0.00603	0.00181	0.00656	0.00659	0.00400	0.09911
3	0.01289	0.01119	0.01627	0.01346	0.05953	0.01000	0.13604	0.04297	0.08801	0.04410	0.01545	0.11928	0.01388	0.00689	0.00553	0.00148	0.00542	0.00637	0.00405	0.38721
4	0.04331	0.01378	0.01369	0.21781	0.02039	0.20244	0.01057	0.05723	0.01363	0.01681	0.08010	0.13511	0.01748	0.06117	0.00856	0.00216	0.06869	0.00715	0.00374	0.00617
5	0.00874	0.00628	0.00762	0.00753	0.00826	0.00633	0.00494	0.01018	0.04318	0.01331	0.01963	0.14693	0.02162	0.45825	0.15301	0.00530	0.00689	0.00887	0.00384	0.05927
6	0.13635	0.00998	0.01105	0.00832	0.01283	0.00830	0.00664	0.01460	0.01223	0.02052	0.09376	0.01519	0.01346	0.00532	0.00449	0.00111	0.00416	0.00419	0.00380	0.61371
7	0.00962	0.00721	0.00950	0.12460	0.01398	0.00724	0.00729	0.01319	0.06381	0.05459	0.42991	0.03904	0.17558	0.01102	0.00659	0.00188	0.00376	0.00956	0.00564	0.00597
8	0.00953	0.00740	0.00930	0.12490	0.01422	0.00754	0.00735	0.01334	0.10990	0.05127	0.08627	0.24064	0.27035	0.01287	0.00669	0.00205	0.00408	0.01118	0.00519	0.00593
9	0.01537	0.68036	0.02943	0.01384	0.12751	0.02162	0.01114	0.01748	0.01203	0.01449	0.00852	0.01009	0.00773	0.00501	0.00404	0.00132	0.00632	0.00342	0.00255	0.00773
10	0.19342	0.29954	0.23174	0.01161	0.01694	0.03272	0.01234	0.05812	0.01226	0.01888	0.00919	0.01092	0.00744	0.00614	0.00549	0.03960	0.01962	0.00371	0.00292	0.00741
11	0.08085	0.01371	0.01690	0.36268	0.05190	0.05467	0.01323	0.29249	0.01780	0.02417	0.01149	0.01414	0.00849	0.00622	0.00561	0.00182	0.00709	0.00496	0.00393	0.00786
12	0.01326	0.01262	0.02093	0.03119	0.64570	0.01247	0.01582	0.01641	0.01324	0.01850	0.01819	0.02068	0.12230	0.00663	0.00593	0.00176	0.00631	0.00625	0.00326	0.00856
13	0.01374	0.01138	0.01295	0.00955	0.01451	0.00975	0.00767	0.12542	0.06334	0.02198	0.01177	0.01299	0.00941	0.00495	0.00464	0.00107	0.00464	0.00392	0.00397	0.65234
14	0.00871	0.00555	0.00653	0.00653	0.00653	0.00555	0.00375	0.00832	0.00832	0.01110	0.01708	0.03497	0.01947	0.67836	0.02856	0.13043	0.00555	0.00794	0.00337	0.00337
15	0.00798	0.00575	0.00755	0.00749	0.00863	0.00532	0.00547	0.01035	0.01530	0.02147	0.59862	0.20637	0.05130	0.01327	0.00698	0.00194	0.00288	0.01183	0.00618	0.00532
16	0.01084	0.00542	0.00542	0.00542	0.00678	0.00542	0.00407	0.01355	0.01220	0.02168	0.01897	0.02168	0.01491	0.00678	0.00407	0.00136	0.00271	0.00542	0.82791	0.00542
17	0.01373	0.01569	0.03431	0.02451	0.03039	0.01471	0.73824	0.01863	0.01373	0.01863	0.01176	0.01569	0.00882	0.00490	0.00686	0.00196	0.00980	0.00686	0.00294	0.00784
18	0.01327	0.01902	0.20894	0.02334	0.07690	0.01436	0.51917	0.01853	0.01335	0.01860	0.01139	0.01478	0.00850	0.00507	0.00647	0.00192	0.00932	0.00614	0.00282	0.00811
19	0.01084	0.00542	0.00542	0.00542	0.00678	0.00542	0.00407	0.01355	0.01220	0.02168	0.01897	0.02168	0.01491	0.00678	0.00407	0.00136	0.00271	0.00542	0.82791	0.00542
20	0.83671	0.01125	0.00855	0.00765	0.01125	0.01305	0.00630	0.01709	0.00990	0.02609	0.00810	0.00945	0.00630	0.00540	0.00360	0.00180	0.00450	0.00315	0.00360	0.00630
21	0.00900	0.00598	0.00749	0.00786	0.00910	0.00549	0.00560	0.01094	0.03563	0.07794	0.14568	0.45170	0.17486	0.01537	0.00706	0.00215	0.00336	0.01363	0.00571	0.00544
22	0.02397	0.01330	0.01560	0.01196	0.01654	0.01359	0.00988	0.40677	0.02233	0.37692	0.01817	0.01669	0.01200	0.00708	0.00583	0.00177	0.00572	0.00552	0.00646	0.00989
23	0.00846	0.00564	0.00634	0.00634	0.00634	0.00564	0.00352	0.00846	0.00846	0.01128	0.01832	0.03805	0.02114	0.79563	0.02960	0.00564	0.00564	0.00846	0.00352	0.00352
24	0.12720	0.01057	0.01319	0.01025	0.01465	0.00986	0.00846	0.08342	0.01665	0.61345	0.02037	0.01804	0.01302	0.00696	0.00556	0.00180	0.00501	0.00546	0.00664	0.00945
25	0.01140	0.01115	0.01999	0.66715	0.03859	0.01319	0.12536	0.01543	0.01195	0.01543	0.01055	0.01553	0.00791	0.00568	0.00597	0.00194	0.00806	0.00542	0.00264	0.00667
26	0.01081	0.02430	0.57976	0.01504	0.02180	0.01180	0.03842	0.01633	0.01195	0.01756	0.01408	0.13097	0.01259	0.00996	0.05683	0.00242	0.00830	0.00635	0.00296	0.00776
27	0.01427	0.01637	0.13557	0.03195	0.62007	0.01393	0.01814	0.04545	0.01363	0.01958	0.01098	0.01406	0.00896	0.00530	0.00572	0.00175	0.00714	0.00505	0.00293	0.00914
28	0.02609	0.00990	0.01350	0.01035	0.01484	0.00855	0.00855	0.02834	0.01664	0.76338	0.02294	0.01979	0.01439	0.00720	0.00585	0.00180	0.00495	0.00585	0.00720	0.00990
29	0.00736	0.00525	0.00702	0.00834	0.00878	0.00496	0.00579	0.00854	0.01132	0.01504	0.03161	0.69597	0.03753	0.03520	0.00798	0.00247	0.00364	0.09307	0.00535	0.00477
30	0.00974	0.00611	0.00805	0.00800	0.00934	0.00563	0.00591	0.01179	0.01434	0.09507	0.37960	0.27293	0.05555	0.03995	0.00776	0.00217	0.00341	0.05304	0.00600	0.00562
31	0.02322	0.01449	0.01634	0.01253	0.01714	0.01537	0.01035	0.54014	0.02434	0.24072	0.01648	0.01560	0.01115	0.00704	0.00583	0.00176	0.00599	0.00541	0.00620	0.00989
32	0.01272	0.01272	0.01781	0.01527	0.01527	0.01781	0.01272	0.01399	0.00891	0.01399	0.00763	0.01272	0.00763	0.01018	0.01908	0.00254	0.78499	0.00509	0.00254	0.00636
33	0.07964	0.01229	0.01432	0.01463	0.12706	0.01334	0.01003	0.13351	0.33435	0.08670	0.02256	0.02177	0.08885	0.00778	0.00579	0.00187	0.00508	0.00641	0.00532	0.00871
34	0.01284	0.01224	0.02081	0.37449	0.43267	0.01341	0.01708	0.01649	0.01251	0.01712	0.01066	0.01490	0.00855	0.00547	0.00578	0.00182	0.00729	0.00518	0.00274	0.00796

[dist]
# distance from previous block
# <min> <max>
0	18

[block]
# block no. 9 follows, 40 sequences, length 21
# corresponding to MSA columns:
# 723-743
name=unknown_J
#
# <colnr> <probs for GDERKNQSTAVLIFYWHMCP>
#	G	D	E	R	K	N	Q	S	T	A	V	L	I	F	Y	W	H	M	C	P
0	0.01084	0.00542	0.00542	0.00542	0.00678	0.00542	0.00407	0.01355	0.01220	0.02168	0.01897	0.02168	0.01491	0.00678	0.00407	0.00136	0.00271	0.00542	0.82791	0.00542
1	0.22024	0.06509	0.01825	0.01395	0.01751	0.20800	0.18708	0.01771	0.01249	0.01797	0.01077	0.01459	0.00920	0.05510	0.10558	0.00292	0.00894	0.00491	0.00315	0.00656
2	0.01750	0.04740	0.37451	0.01380	0.01983	0.01234	0.01520	0.02180	0.01362	0.30692	0.01493	0.01513	0.01012	0.00661	0.00692	0.00187	0.08340	0.00494	0.00431	0.00884
3	0.01148	0.01014	0.01659	0.08966	0.01919	0.01059	0.17386	0.06022	0.05539	0.01857	0.02278	0.10880	0.04291	0.01137	0.00777	0.00229	0.04620	0.28124	0.00446	0.00651
4	0.00844	0.00569	0.00663	0.00663	0.00673	0.00579	0.00388	0.00864	0.00854	0.01149	0.01806	0.03659	0.02051	0.72344	0.10093	0.00599	0.00659	0.00824	0.00348	0.00368
5	0.01149	0.00807	0.00982	0.08293	0.01232	0.06808	0.00709	0.05119	0.01014	0.01291	0.01212	0.07341	0.01194	0.01794	0.05437	0.53716	0.00622	0.00586	0.00299	0.00395
6	0.01402	0.49594	0.32025	0.01256	0.01896	0.01926	0.01450	0.01781	0.01200	0.01555	0.00901	0.01049	0.00742	0.00519	0.00444	0.00148	0.00716	0.00358	0.00247	0.00791
7	0.01443	0.01418	0.01698	0.13786	0.02050	0.19706	0.13641	0.01642	0.01280	0.06399	0.01468	0.15132	0.01396	0.00981	0.00890	0.08952	0.06424	0.00714	0.00354	0.00627
8	0.05223	0.01324	0.01369	0.01131	0.01483	0.08353	0.00907	0.25964	0.09714	0.17457	0.09154	0.02117	0.05736	0.01003	0.05018	0.00223	0.01809	0.00624	0.00558	0.00834
9	0.04511	0.01207	0.01663	0.01357	0.01695	0.01259	0.14428	0.31395	0.01851	0.02524	0.01979	0.22544	0.01945	0.01041	0.00657	0.00204	0.00606	0.07872	0.00505	0.00756
10	0.00709	0.00506	0.00675	0.00810	0.00843	0.00472	0.00540	0.00810	0.01113	0.01484	0.03205	0.79184	0.03846	0.01822	0.00742	0.00236	0.00337	0.01653	0.00540	0.00472
11	0.01352	0.01630	0.09051	0.06164	0.02934	0.01441	0.59274	0.03545	0.03484	0.01893	0.01235	0.02961	0.00947	0.00537	0.00666	0.00195	0.00926	0.00670	0.00308	0.00786
12	0.01234	0.21724	0.45056	0.01395	0.02029	0.01559	0.01642	0.01694	0.01192	0.01660	0.01347	0.01509	0.06746	0.00657	0.00649	0.00177	0.08209	0.00472	0.00271	0.00780
13	0.01272	0.01272	0.01781	0.01527	0.01527	0.01781	0.01272	0.01399	0.00891	0.01399	0.00763	0.01272	0.00763	0.01018	0.01908	0.00254	0.78499	0.00509	0.00254	0.00636
14	0.00978	0.00919	0.01648	0.01308	0.01599	0.00848	0.25721	0.01287	0.01443	0.01957	0.31046	0.11604	0.15039	0.01062	0.00692	0.00195	0.00527	0.01019	0.00494	0.00612
15	0.01372	0.01307	0.02253	0.29382	0.34054	0.01397	0.12268	0.07475	0.01388	0.01891	0.01109	0.01494	0.00870	0.00551	0.00594	0.00184	0.00759	0.00543	0.00302	0.00810
16	0.01335	0.01282	0.01986	0.19761	0.02496	0.01435	0.19847	0.02301	0.34438	0.02005	0.01656	0.01819	0.01253	0.00676	0.00686	0.00199	0.04979	0.00623	0.00418	0.00805
17	0.01490	0.01135	0.01588	0.08982	0.06372	0.01382	0.01154	0.01849	0.08979	0.15608	0.08453	0.01832	0.01461	0.00880	0.01191	0.00217	0.35677	0.00592	0.00416	0.00743
18	0.01376	0.01494	0.02395	0.01874	0.02118	0.07168	0.28677	0.01642	0.01128	0.01576	0.00929	0.01368	0.00807	0.00788	0.01346	0.00225	0.43556	0.00566	0.00273	0.00695
19	0.05809	0.08522	0.01647	0.01160	0.01444	0.01028	0.17901	0.01455	0.01114	0.08846	0.01517	0.02499	0.01464	0.36161	0.01637	0.00346	0.00647	0.00670	0.00365	0.05770
20	0.06563	0.01979	0.35342	0.01438	0.02020	0.01258	0.07277	0.05673	0.12024	0.09400	0.01608	0.06167	0.01295	0.00735	0.00586	0.00193	0.00691	0.04519	0.00403	0.00827

[dist]
# distance from previous block
# <min> <max>
14	36

[block]
# block no. 10 follows, 40 sequences, length 36
# corresponding to MSA columns:
# 809-844
name=unknown_K
#
# <colnr> <probs for GDERKNQSTAVLIFYWHMCP>
#	G	D	E	R	K	N	Q	S	T	A	V	L	I	F	Y	W	H	M	C	P
0	0.01497	0.01644	0.19855	0.07523	0.01944	0.02948	0.01240	0.10043	0.17505	0.09810	0.05198	0.01702	0.01323	0.00652	0.00555	0.00169	0.00607	0.00528	0.00445	0.14811
1	0.01713	0.07361	0.25270	0.01343	0.01931	0.01525	0.01361	0.31507	0.05954	0.06317	0.01307	0.01364	0.00946	0.00618	0.00544	0.00167	0.00669	0.00472	0.00437	0.09195
2	0.05932	0.09905	0.32288	0.01416	0.01982	0.01282	0.11532	0.01715	0.05355	0.01898	0.09081	0.07978	0.01567	0.00715	0.00567	0.00179	0.00681	0.00620	0.00349	0.04958
3	0.01421	0.16436	0.06948	0.06707	0.03848	0.01559	0.32428	0.07723	0.05499	0.01918	0.01259	0.01673	0.01022	0.00588	0.00589	0.00177	0.00779	0.04103	0.00335	0.04986
4	0.01013	0.00776	0.00921	0.00920	0.01072	0.00808	0.00671	0.07342	0.17415	0.02027	0.16372	0.42102	0.03467	0.01387	0.00686	0.00213	0.00377	0.01232	0.00573	0.00626
5	0.01032	0.01038	0.07754	0.06222	0.16504	0.00972	0.01113	0.01404	0.05219	0.01652	0.07487	0.02140	0.01591	0.02570	0.40005	0.00569	0.01109	0.00616	0.00340	0.00662
6	0.57506	0.01306	0.01158	0.01270	0.12869	0.09217	0.00851	0.01735	0.01130	0.02314	0.01156	0.01301	0.05012	0.00596	0.00430	0.00177	0.00541	0.00405	0.00353	0.00672
7	0.01302	0.15631	0.25693	0.09725	0.02496	0.03653	0.21852	0.01744	0.01233	0.01669	0.01046	0.01355	0.00821	0.00743	0.04446	0.00218	0.04842	0.00502	0.00266	0.00763
8	0.00840	0.00588	0.00755	0.00755	0.00797	0.00629	0.00503	0.00923	0.00881	0.01217	0.01722	0.03195	0.01849	0.49369	0.32791	0.00713	0.00963	0.00756	0.00336	0.00419
9	0.01252	0.01304	0.01136	0.01085	0.01257	0.25076	0.00828	0.01445	0.01235	0.01462	0.07563	0.02183	0.04332	0.02796	0.43695	0.00596	0.01243	0.00601	0.00343	0.00570
10	0.01084	0.00542	0.00542	0.00542	0.00678	0.00542	0.00407	0.01355	0.01220	0.02168	0.01897	0.02168	0.01491	0.00678	0.00407	0.00136	0.00271	0.00542	0.82791	0.00542
11	0.04100	0.39840	0.05102	0.01174	0.01633	0.13500	0.01064	0.19517	0.01637	0.04139	0.01034	0.01136	0.00838	0.00659	0.02202	0.00164	0.00713	0.00392	0.00356	0.00797
