[name]
unknown

[dist]
# distance from previous block
# <min> <max>
0	38

[block]
# block no. 0 follows, 46 sequences, length 38
# corresponding to MSA columns:
# 38-75
name=unknown_A
#
# <colnr> <probs for GDERKNQSTAVLIFYWHMCP>
#	G	D	E	R	K	N	Q	S	T	A	V	L	I	F	Y	W	H	M	C	P
0	0.04740	0.06372	0.06825	0.01009	0.01314	0.10301	0.00879	0.11373	0.03047	0.14154	0.10206	0.06373	0.04996	0.00889	0.00562	0.00176	0.00528	0.15131	0.00463	0.00663
1	0.01395	0.32515	0.24486	0.01241	0.04729	0.13493	0.01230	0.06469	0.01260	0.01585	0.02890	0.01117	0.00838	0.00517	0.00436	0.00139	0.00669	0.00370	0.03916	0.00706
2	0.09053	0.35011	0.22015	0.01227	0.01731	0.01601	0.10126	0.01584	0.01071	0.01536	0.00836	0.01020	0.00687	0.00499	0.00517	0.00147	0.06392	0.00366	0.00244	0.04339
3	0.01080	0.06921	0.17647	0.00885	0.01189	0.00865	0.00852	0.04219	0.06416	0.05353	0.01787	0.19736	0.01646	0.00827	0.00491	0.00160	0.00432	0.00695	0.28188	0.00612
4	0.30539	0.00789	0.00763	0.00714	0.00912	0.02788	0.00524	0.01238	0.00998	0.06655	0.04943	0.18974	0.03295	0.17610	0.00934	0.00241	0.00414	0.00713	0.00394	0.06562
5	0.00813	0.00631	0.00776	0.00677	0.00887	0.00540	0.00517	0.01046	0.01371	0.01949	0.51850	0.03430	0.12511	0.00953	0.00571	0.00148	0.00284	0.00828	0.00510	0.19710
6	0.01167	0.00829	0.00997	0.00782	0.01127	0.00686	0.00613	0.04844	0.01277	0.10687	0.16142	0.06722	0.04660	0.02761	0.00543	0.00132	0.00373	0.00582	0.00432	0.44645
7	0.00998	0.00940	0.01586	0.80150	0.03641	0.01175	0.01468	0.01351	0.01057	0.01351	0.00940	0.01409	0.00705	0.00529	0.00529	0.00176	0.00705	0.00470	0.00235	0.00587
8	0.00643	0.00466	0.00608	0.00722	0.00763	0.00431	0.00484	0.00738	0.01026	0.01355	0.03090	0.75602	0.08857	0.01633	0.00671	0.00212	0.00304	0.01475	0.00491	0.00431
9	0.01096	0.00940	0.01096	0.00783	0.01253	0.00705	0.00626	0.01331	0.01096	0.01723	0.00940	0.01096	0.00783	0.00392	0.00392	0.00078	0.00392	0.00313	0.00313	0.84653
10	0.00741	0.00535	0.00700	0.00670	0.00788	0.00494	0.00498	0.00979	0.01462	0.02064	0.72447	0.09505	0.04881	0.01122	0.00627	0.00170	0.00254	0.00995	0.00575	0.00494
11	0.01506	0.68848	0.02568	0.00972	0.01402	0.11239	0.00923	0.04893	0.01186	0.01340	0.00768	0.00879	0.00688	0.00471	0.00364	0.00118	0.00612	0.00298	0.00245	0.00680
12	0.05180	0.01189	0.01572	0.14102	0.09961	0.01297	0.06452	0.28439	0.09949	0.07882	0.01335	0.01463	0.00984	0.00658	0.02126	0.00178	0.00591	0.00497	0.05370	0.00775
13	0.01060	0.02735	0.78682	0.01507	0.02288	0.01228	0.01953	0.01674	0.01116	0.01674	0.00949	0.01116	0.00670	0.00502	0.00502	0.00167	0.00781	0.00391	0.00223	0.00781
14	0.01633	0.01288	0.04700	0.01158	0.01535	0.01335	0.04191	0.28542	0.33136	0.10621	0.01787	0.01739	0.02753	0.02397	0.00584	0.00177	0.00514	0.00554	0.00516	0.00839
15	0.00738	0.00632	0.00753	0.00718	0.00858	0.00653	0.00558	0.00914	0.02598	0.01440	0.09424	0.03921	0.47895	0.01711	0.14416	0.00301	0.10645	0.00916	0.00430	0.00479
16	0.01222	0.12690	0.08113	0.16236	0.10780	0.01401	0.29810	0.01697	0.08006	0.01607	0.01071	0.01349	0.00832	0.00504	0.00563	0.00167	0.02457	0.00508	0.00275	0.00712
17	0.00767	0.00518	0.00605	0.00605	0.00615	0.00528	0.00356	0.00787	0.00777	0.01046	0.01640	0.03315	0.01859	0.73298	0.10728	0.00548	0.00607	0.00748	0.00316	0.00336
18	0.04168	0.19916	0.01952	0.01312	0.01556	0.20194	0.07422	0.05094	0.01152	0.01438	0.00793	0.01056	0.00702	0.00658	0.00920	0.00172	0.30195	0.00401	0.00260	0.00636
19	0.06433	0.60063	0.07882	0.01000	0.01443	0.12950	0.00976	0.01663	0.01127	0.01348	0.00762	0.00883	0.00672	0.00471	0.00370	0.00123	0.00627	0.00299	0.00238	0.00670
20	0.00918	0.00459	0.00689	0.00689	0.00689	0.00459	0.00459	0.00689	0.00689	0.00918	0.00918	0.01607	0.00918	0.01837	0.02066	0.84619	0.00459	0.00459	0.00230	0.00230
21	0.01590	0.06574	0.01530	0.02825	0.07208	0.10377	0.00995	0.12810	0.26202	0.10819	0.01457	0.01486	0.01103	0.00668	0.00683	0.00171	0.11805	0.00492	0.00430	0.00776
22	0.00625	0.00536	0.00536	0.00536	0.00714	0.00446	0.00402	0.00759	0.01205	0.01428	0.05355	0.05088	0.77909	0.01339	0.00625	0.00179	0.00268	0.01116	0.00491	0.00446
23	0.15940	0.01329	0.03928	0.01175	0.03146	0.01410	0.03747	0.44788	0.01908	0.06032	0.06679	0.01412	0.01134	0.00642	0.00560	0.00165	0.04272	0.00483	0.00465	0.00788
24	0.00756	0.00565	0.00841	0.00841	0.00932	0.00656	0.00650	0.00938	0.00847	0.01221	0.01424	0.02121	0.01341	0.06448	0.76869	0.00839	0.01387	0.00573	0.00284	0.00467
25	0.01095	0.01804	0.37930	0.01246	0.01713	0.01175	0.01332	0.01870	0.24826	0.01749	0.01513	0.08316	0.01277	0.05209	0.00739	0.00199	0.06352	0.00576	0.00350	0.00728
26	0.01308	0.01256	0.02146	0.03245	0.78123	0.01256	0.01622	0.01622	0.01204	0.01727	0.00994	0.01308	0.00837	0.00471	0.00523	0.00157	0.00628	0.00471	0.00262	0.00837
27	0.02010	0.01481	0.01587	0.01216	0.01639	0.01639	0.01005	0.76360	0.02486	0.03332	0.01269	0.01269	0.00899	0.00635	0.00529	0.00159	0.00582	0.00476	0.00529	0.00899
28	0.01157	0.01157	0.01619	0.01388	0.01388	0.01619	0.01157	0.01272	0.00810	0.01272	0.00694	0.01157	0.00694	0.00925	0.01735	0.00231	0.80453	0.00463	0.00231	0.00578
29	0.00625	0.00536	0.00536	0.00536	0.00714	0.00446	0.00402	0.00759	0.01205	0.01428	0.05355	0.05088	0.77909	0.01339	0.00625	0.00179	0.00268	0.01116	0.00491	0.00446
30	0.00644	0.00460	0.00613	0.00736	0.00767	0.00429	0.00491	0.00736	0.01012	0.01350	0.02914	0.81076	0.03497	0.01656	0.00675	0.00215	0.00307	0.01503	0.00491	0.00429
31	0.01308	0.01256	0.02146	0.03245	0.78123	0.01256	0.01622	0.01622	0.01204	0.01727	0.00994	0.01308	0.00837	0.00471	0.00523	0.00157	0.00628	0.00471	0.00262	0.00837
32	0.02010	0.01481	0.01587	0.01216	0.01639	0.01639	0.01005	0.76360	0.02486	0.03332	0.01269	0.01269	0.00899	0.00635	0.00529	0.00159	0.00582	0.00476	0.00529	0.00899
33	0.00907	0.00707	0.00776	0.00714	0.00921	0.00677	0.00562	0.13968	0.01481	0.01896	0.17379	0.04296	0.45093	0.01181	0.00617	0.00178	0.00338	0.07259	0.00513	0.00538
34	0.00985	0.00493	0.00493	0.00493	0.00616	0.00493	0.00370	0.01232	0.01109	0.01971	0.01725	0.01971	0.01355	0.00616	0.00370	0.00123	0.00246	0.00493	0.84356	0.00493
35	0.01201	0.01077	0.01647	0.01948	0.31687	0.01127	0.07049	0.04054	0.13123	0.03647	0.12659	0.02117	0.08020	0.00717	0.00661	0.00172	0.07354	0.00628	0.00386	0.00727
36	0.01305	0.01418	0.01404	0.01674	0.21991	0.28088	0.02944	0.01485	0.01243	0.01446	0.01618	0.28172	0.01722	0.00915	0.00565	0.00171	0.00637	0.02244	0.00347	0.00612
37	0.63042	0.05948	0.03947	0.00911	0.03645	0.12003	0.00739	0.01639	0.01010	0.02112	0.00763	0.00895	0.00606	0.00496	0.00361	0.00157	0.00514	0.00303	0.00308	0.00600

[dist]
# distance from previous block
# <min> <max>
0	2

[block]
# block no. 1 follows, 46 sequences, length 6
# corresponding to MSA columns:
# 78-83
name=unknown_B
#
# <colnr> <probs for GDERKNQSTAVLIFYWHMCP>
#	G	D	E	R	K	N	Q	S	T	A	V	L	I	F	Y	W	H	M	C	P
0	0.07855	0.14716	0.13658	0.01480	0.09947	0.18604	0.07719	0.07273	0.01330	0.06496	0.01085	0.01395	0.00888	0.00568	0.00487	0.00155	0.00697	0.04624	0.00315	0.00711
1	0.01372	0.01261	0.01388	0.06214	0.16545	0.15803	0.03046	0.05415	0.10676	0.03916	0.05047	0.01607	0.01216	0.00621	0.00567	0.00156	0.05554	0.00496	0.18426	0.00674
2	0.00985	0.00493	0.00493	0.00493	0.00616	0.00493	0.00370	0.01232	0.01109	0.01971	0.01725	0.01971	0.01355	0.00616	0.00370	0.00123	0.00246	0.00493	0.84356	0.00493
3	0.01193	0.10919	0.06730	0.01494	0.18105	0.05402	0.05282	0.05184	0.05677	0.01798	0.15820	0.02015	0.07302	0.00665	0.00515	0.00148	0.00524	0.00573	0.00368	0.10285
4	0.01404	0.04487	0.10561	0.02068	0.29798	0.01124	0.15415	0.01726	0.01235	0.16110	0.01401	0.09796	0.01175	0.00628	0.00550	0.00168	0.00625	0.00604	0.00355	0.00770
5	0.27426	0.25811	0.10975	0.00986	0.01368	0.08095	0.00937	0.01618	0.01050	0.05398	0.00870	0.01032	0.00713	0.00725	0.05023	0.00191	0.06509	0.00343	0.00286	0.00644

[dist]
# distance from previous block
# <min> <max>
0	1

[block]
# block no. 2 follows, 46 sequences, length 33
# corresponding to MSA columns:
# 86-118
name=unknown_C
#
# <colnr> <probs for GDERKNQSTAVLIFYWHMCP>
#	G	D	E	R	K	N	Q	S	T	A	V	L	I	F	Y	W	H	M	C	P
0	0.01631	0.19037	0.06869	0.00916	0.01373	0.01072	0.00833	0.01867	0.01256	0.30173	0.02988	0.01366	0.01039	0.00525	0.00445	0.00126	0.00476	0.00407	0.00420	0.27180
1	0.18540	0.31267	0.17462	0.01088	0.01540	0.19279	0.01076	0.01716	0.01143	0.01572	0.00797	0.00929	0.00656	0.00491	0.00401	0.00140	0.00665	0.00318	0.00257	0.00663
2	0.00950	0.00631	0.00846	0.24344	0.01535	0.00702	0.00709	0.01201	0.01065	0.01672	0.03600	0.03837	0.01359	0.07690	0.02895	0.00197	0.00441	0.00548	0.45276	0.00504
3	0.00985	0.00493	0.00493	0.00493	0.00616	0.00493	0.00370	0.01232	0.01109	0.01971	0.01725	0.01971	0.01355	0.00616	0.00370	0.00123	0.00246	0.00493	0.84356	0.00493
4	0.01164	0.25929	0.56395	0.01330	0.02015	0.01481	0.01645	0.01647	0.01104	0.01548	0.00886	0.01037	0.00672	0.00488	0.00454	0.00151	0.00718	0.00359	0.00224	0.00751
5	0.00644	0.00460	0.00613	0.00736	0.00767	0.00429	0.00491	0.00736	0.01012	0.01350	0.02914	0.81076	0.03497	0.01656	0.00675	0.00215	0.00307	0.01503	0.00491	0.00429
6	0.00985	0.00493	0.00493	0.00493	0.00616	0.00493	0.00370	0.01232	0.01109	0.01971	0.01725	0.01971	0.01355	0.00616	0.00370	0.00123	0.00246	0.00493	0.84356	0.00493
7	0.01065	0.00961	0.01120	0.01016	0.01139	0.05063	0.00794	0.01544	0.19517	0.01718	0.21601	0.06898	0.02348	0.06738	0.01073	0.00216	0.23737	0.02432	0.00427	0.00593
8	0.00755	0.00566	0.00850	0.00850	0.00944	0.00661	0.00661	0.00944	0.00850	0.01227	0.01416	0.02077	0.01322	0.03965	0.79326	0.00850	0.01416	0.00566	0.00283	0.00472
9	0.01412	0.01697	0.04574	0.16645	0.02447	0.27282	0.30802	0.01730	0.01271	0.01471	0.00974	0.01288	0.00765	0.00672	0.04476	0.00197	0.00899	0.00490	0.00262	0.00646
10	0.01001	0.02778	0.01122	0.00973	0.01053	0.04799	0.02789	0.03975	0.00923	0.01267	0.01255	0.02181	0.01289	0.29301	0.22088	0.00477	0.21368	0.00589	0.00290	0.00482
11	0.01918	0.01243	0.03895	0.01146	0.01553	0.01246	0.04313	0.29256	0.18334	0.28762	0.01723	0.01607	0.01184	0.00647	0.00535	0.00166	0.00521	0.00526	0.00552	0.00874
12	0.00644	0.00460	0.00613	0.00736	0.00767	0.00429	0.00491	0.00736	0.01012	0.01350	0.02914	0.81076	0.03497	0.01656	0.00675	0.00215	0.00307	0.01503	0.00491	0.00429
13	0.01291	0.05576	0.55859	0.01413	0.02086	0.01177	0.06518	0.01799	0.01198	0.14123	0.03285	0.01315	0.00903	0.00537	0.00512	0.00165	0.00711	0.00440	0.00306	0.00784
14	0.00648	0.00463	0.00617	0.00733	0.00768	0.00432	0.00491	0.00746	0.01030	0.01379	0.05738	0.78169	0.03553	0.01635	0.00673	0.00213	0.00305	0.01482	0.00494	0.00432
15	0.01096	0.00940	0.01096	0.00783	0.01253	0.00705	0.00626	0.01331	0.01096	0.01723	0.00940	0.01096	0.00783	0.00392	0.00392	0.00078	0.00392	0.00313	0.00313	0.84653
16	0.01191	0.01167	0.01602	0.01370	0.01396	0.01608	0.01139	0.03830	0.03815	0.01377	0.00769	0.01192	0.00736	0.00908	0.01649	0.00227	0.74704	0.00468	0.00253	0.00599
17	0.00644	0.00460	0.00613	0.00736	0.00767	0.00429	0.00491	0.00736	0.01012	0.01350	0.02914	0.81076	0.03497	0.01656	0.00675	0.00215	0.00307	0.01503	0.00491	0.00429
18	0.01096	0.00940	0.01096	0.00783	0.01253	0.00705	0.00626	0.01331	0.01096	0.01723	0.00940	0.01096	0.00783	0.00392	0.00392	0.00078	0.00392	0.00313	0.00313	0.84653
19	0.01413	0.81739	0.02770	0.00905	0.01357	0.02092	0.00905	0.01583	0.01074	0.01244	0.00735	0.00848	0.00678	0.00452	0.00339	0.00113	0.00565	0.00283	0.00226	0.00678
20	0.00852	0.00608	0.00852	0.00974	0.01095	0.00608	0.00852	0.01095	0.01217	0.01582	0.02799	0.05963	0.03042	0.01460	0.00730	0.00243	0.00487	0.74565	0.00487	0.00487
21	0.00748	0.00540	0.00707	0.00665	0.00790	0.00499	0.00499	0.00998	0.01496	0.02120	0.77844	0.03949	0.04988	0.01081	0.00624	0.00166	0.00249	0.00956	0.00582	0.00499
22	0.00769	0.00513	0.00577	0.00577	0.00577	0.00513	0.00320	0.00769	0.00769	0.01025	0.01666	0.03460	0.01922	0.81421	0.02691	0.00513	0.00513	0.00769	0.00320	0.00320
23	0.01131	0.01106	0.01545	0.06457	0.01511	0.01473	0.01110	0.01276	0.00856	0.01323	0.00752	0.01189	0.00719	0.00916	0.03342	0.00226	0.65087	0.00450	0.00241	0.09292
24	0.01202	0.01147	0.01953	0.29756	0.52447	0.01228	0.01569	0.01529	0.01153	0.01597	0.00976	0.01343	0.00792	0.00491	0.00525	0.00164	0.00654	0.00471	0.00252	0.00751
25	0.01975	0.02520	0.01498	0.01362	0.01634	0.79299	0.01021	0.02111	0.01498	0.01294	0.00817	0.00953	0.00681	0.00545	0.00477	0.00136	0.00953	0.00340	0.00272	0.00613
26	0.01198	0.01025	0.01639	0.12724	0.35287	0.01049	0.04315	0.06820	0.01357	0.04770	0.20113	0.04112	0.01937	0.00679	0.00558	0.00165	0.00537	0.00627	0.00378	0.00710
27	0.00644	0.00460	0.00613	0.00736	0.00767	0.00429	0.00491	0.00736	0.01012	0.01350	0.02914	0.81076	0.03497	0.01656	0.00675	0.00215	0.00307	0.01503	0.00491	0.00429
28	0.00992	0.00809	0.01089	0.25517	0.01807	0.00895	0.00872	0.07584	0.10429	0.01902	0.27532	0.06253	0.08080	0.00860	0.00571	0.00172	0.00443	0.00745	0.02855	0.00593
29	0.00645	0.00482	0.00599	0.00684	0.00755	0.00437	0.00470	0.00755	0.01082	0.01407	0.07224	0.59009	0.21426	0.01551	0.00660	0.00204	0.00295	0.01383	0.00495	0.00437
30	0.01409	0.01293	0.02045	0.01992	0.22309	0.03095	0.23439	0.11126	0.17809	0.04169	0.01360	0.01518	0.01035	0.00550	0.00549	0.00167	0.00641	0.00544	0.04161	0.00789
31	0.01157	0.01157	0.01619	0.01388	0.01388	0.01619	0.01157	0.01272	0.00810	0.01272	0.00694	0.01157	0.00694	0.00925	0.01735	0.00231	0.80453	0.00463	0.00231	0.00578
32	0.01550	0.01258	0.01782	0.06007	0.38493	0.01302	0.01278	0.23653	0.05371	0.06881	0.01193	0.01351	0.00913	0.00540	0.00518	0.00155	0.00581	0.00472	0.00380	0.06321

[dist]
# distance from previous block
# <min> <max>
0	1

[block]
# block no. 3 follows, 46 sequences, length 21
# corresponding to MSA columns:
# 120-140
name=unknown_D
#
# <colnr> <probs for GDERKNQSTAVLIFYWHMCP>
#	G	D	E	R	K	N	Q	S	T	A	V	L	I	F	Y	W	H	M	C	P
0	0.01707	0.41588	0.02162	0.01084	0.01498	0.13842	0.00957	0.27689	0.01631	0.01978	0.00934	0.01011	0.00756	0.00530	0.00426	0.00133	0.00631	0.00359	0.00339	0.00745
1	0.85155	0.01022	0.00777	0.00695	0.01022	0.01186	0.00573	0.01554	0.00900	0.02372	0.00736	0.00859	0.00573	0.00491	0.00327	0.00164	0.00409	0.00286	0.00327	0.00573
2	0.02372	0.00900	0.01227	0.00941	0.01350	0.00777	0.00777	0.02576	0.01513	0.78489	0.02086	0.01799	0.01309	0.00654	0.00532	0.00164	0.00450	0.00532	0.00654	0.00900
3	0.00902	0.00782	0.01246	0.01136	0.04991	0.00753	0.14742	0.03172	0.06224	0.01799	0.27213	0.24664	0.08035	0.01074	0.00625	0.00183	0.00425	0.00997	0.00472	0.00565
4	0.00671	0.00487	0.00640	0.00752	0.00807	0.00456	0.00533	0.00788	0.01057	0.01388	0.03108	0.64180	0.09849	0.01602	0.00678	0.00216	0.00328	0.11533	0.00490	0.00439
5	0.01117	0.02655	0.75325	0.01482	0.02247	0.01208	0.01902	0.01713	0.01133	0.05003	0.00998	0.01146	0.00697	0.00509	0.00504	0.00167	0.00767	0.00397	0.00242	0.00786
6	0.00769	0.00513	0.00577	0.00577	0.00577	0.00513	0.00320	0.00769	0.00769	0.01025	0.01666	0.03460	0.01922	0.81421	0.02691	0.00513	0.00513	0.00769	0.00320	0.00320
7	0.01335	0.01456	0.01476	0.13982	0.18762	0.28250	0.03020	0.01545	0.01240	0.01438	0.01371	0.18993	0.01366	0.00773	0.00541	0.00165	0.00679	0.00660	0.02332	0.00618
8	0.01154	0.00938	0.01102	0.00790	0.01257	0.00708	0.00633	0.01388	0.01115	0.05203	0.00992	0.01128	0.00807	0.00403	0.00398	0.00082	0.00394	0.00323	0.00329	0.80855
9	0.00765	0.00563	0.00743	0.00843	0.00955	0.00540	0.00692	0.00956	0.01170	0.01503	0.03281	0.22367	0.16529	0.01482	0.00699	0.00225	0.00408	0.45324	0.00488	0.00467
10	0.01341	0.65517	0.18358	0.01028	0.01548	0.01914	0.01120	0.01602	0.01083	0.01332	0.00779	0.00903	0.00677	0.00463	0.00373	0.00124	0.00610	0.00305	0.00226	0.00700
11	0.02316	0.00990	0.01283	0.00983	0.01394	0.00911	0.00812	0.14020	0.01664	0.66833	0.01959	0.01717	0.01245	0.00651	0.00531	0.00163	0.00470	0.00523	0.00635	0.00900
12	0.00644	0.00460	0.00613	0.00736	0.00767	0.00429	0.00491	0.00736	0.01012	0.01350	0.02914	0.81076	0.03497	0.01656	0.00675	0.00215	0.00307	0.01503	0.00491	0.00429
13	0.01593	0.01049	0.01644	0.21092	0.28630	0.01084	0.01253	0.01918	0.04096	0.27966	0.01390	0.01522	0.00992	0.00570	0.00562	0.00167	0.02787	0.00496	0.00399	0.00791
14	0.00815	0.00625	0.00870	0.15542	0.01372	0.00659	0.00725	0.05445	0.01115	0.01473	0.02380	0.51779	0.02711	0.05063	0.00737	0.00220	0.00421	0.07122	0.00437	0.00487
15	0.00748	0.00540	0.00707	0.00665	0.00790	0.00499	0.00499	0.00998	0.01496	0.02120	0.77844	0.03949	0.04988	0.01081	0.00624	0.00166	0.00249	0.00956	0.00582	0.00499
16	0.01345	0.15191	0.18904	0.21653	0.02186	0.01245	0.04915	0.04827	0.01258	0.14420	0.07938	0.01533	0.01186	0.00580	0.00504	0.00160	0.00619	0.00481	0.00345	0.00710
17	0.01975	0.02520	0.01498	0.01362	0.01634	0.79299	0.01021	0.02111	0.01498	0.01294	0.00817	0.00953	0.00681	0.00545	0.00477	0.00136	0.00953	0.00340	0.00272	0.00613
18	0.63346	0.01466	0.20981	0.00906	0.01351	0.01197	0.00931	0.01585	0.00956	0.02191	0.00791	0.00926	0.00598	0.00494	0.00373	0.00165	0.00506	0.00313	0.00300	0.00627
19	0.01308	0.01256	0.02146	0.03245	0.78123	0.01256	0.01622	0.01622	0.01204	0.01727	0.00994	0.01308	0.00837	0.00471	0.00523	0.00157	0.00628	0.00471	0.00262	0.00837
20	0.01092	0.01152	0.04279	0.01642	0.02024	0.01046	0.44134	0.05041	0.01227	0.01671	0.01622	0.25265	0.01610	0.00817	0.00620	0.00183	0.00674	0.00859	0.00348	0.04696

[dist]
# distance from previous block
# <min> <max>
0	2

[block]
# block no. 4 follows, 46 sequences, length 15
# corresponding to MSA columns:
# 143-157
name=unknown_E
#
# <colnr> <probs for GDERKNQSTAVLIFYWHMCP>
#	G	D	E	R	K	N	Q	S	T	A	V	L	I	F	Y	W	H	M	C	P
0	0.01424	0.25617	0.08026	0.00932	0.01410	0.01246	0.00867	0.07047	0.01247	0.11808	0.01053	0.01128	0.00820	0.00471	0.00413	0.00113	0.00498	0.00351	0.00340	0.35189
1	0.00656	0.00480	0.00618	0.00717	0.00774	0.00442	0.00494	0.00768	0.01071	0.01412	0.07449	0.64488	0.12674	0.01577	0.00668	0.00209	0.00306	0.04263	0.00496	0.00438
2	0.01176	0.01857	0.32437	0.02210	0.26078	0.01240	0.21141	0.01640	0.01191	0.01711	0.03584	0.01352	0.00902	0.00497	0.00545	0.00167	0.00744	0.00496	0.00259	0.00772
3	0.00748	0.00540	0.00707	0.00665	0.00790	0.00499	0.00499	0.00998	0.01496	0.02120	0.77844	0.03949	0.04988	0.01081	0.00624	0.00166	0.00249	0.00956	0.00582	0.00499
4	0.02372	0.00900	0.01227	0.00941	0.01350	0.00777	0.00777	0.02576	0.01513	0.78489	0.02086	0.01799	0.01309	0.00654	0.00532	0.00164	0.00450	0.00532	0.00654	0.00900
5	0.00985	0.00493	0.00493	0.00493	0.00616	0.00493	0.00370	0.01232	0.01109	0.01971	0.01725	0.01971	0.01355	0.00616	0.00370	0.00123	0.00246	0.00493	0.84356	0.00493
6	0.02264	0.01072	0.01334	0.01022	0.01436	0.01033	0.00845	0.24459	0.01802	0.56199	0.01844	0.01642	0.01187	0.00648	0.00531	0.00162	0.00489	0.00515	0.00617	0.00899
7	0.01308	0.18105	0.13664	0.01792	0.02326	0.07135	0.44809	0.01698	0.01212	0.01570	0.00966	0.01230	0.00749	0.00462	0.00538	0.00160	0.00814	0.00500	0.00253	0.00708
8	0.01073	0.02657	0.74666	0.01598	0.06267	0.01229	0.01936	0.01671	0.01121	0.01677	0.00951	0.01126	0.00678	0.00501	0.00503	0.00167	0.00773	0.00395	0.00225	0.00784
9	0.00918	0.00459	0.00689	0.00689	0.00689	0.00459	0.00459	0.00689	0.00689	0.00918	0.00918	0.01607	0.00918	0.01837	0.02066	0.84619	0.00459	0.00459	0.00230	0.00230
10	0.01095	0.01038	0.01759	0.56285	0.26755	0.01200	0.01516	0.01435	0.01103	0.01468	0.00957	0.01378	0.00746	0.00511	0.00527	0.00170	0.00681	0.00470	0.00243	0.00665
11	0.01091	0.08389	0.69221	0.01457	0.02174	0.01311	0.01836	0.01647	0.01097	0.01622	0.00920	0.01099	0.00672	0.00520	0.00554	0.00167	0.04850	0.00386	0.00224	0.00763
12	0.01669	0.01311	0.01395	0.01147	0.01510	0.01480	0.00922	0.40265	0.39136	0.02782	0.01702	0.01614	0.01250	0.00675	0.00533	0.00169	0.00502	0.00536	0.00533	0.00868
13	0.00998	0.00940	0.01586	0.80150	0.03641	0.01175	0.01468	0.01351	0.01057	0.01351	0.00940	0.01409	0.00705	0.00529	0.00529	0.00176	0.00705	0.00470	0.00235	0.00587
14	0.01352	0.01078	0.01164	0.00865	0.01310	0.06647	0.00691	0.04971	0.01238	0.10656	0.01078	0.01175	0.00842	0.00445	0.00420	0.00096	0.00449	0.00348	0.00360	0.64816

[dist]
# distance from previous block
# <min> <max>
0	1

[block]
# block no. 5 follows, 46 sequences, length 124
# corresponding to MSA columns:
# 159-282
name=unknown_F
#
# <colnr> <probs for GDERKNQSTAVLIFYWHMCP>
#	G	D	E	R	K	N	Q	S	T	A	V	L	I	F	Y	W	H	M	C	P
0	0.01523	0.14919	0.38255	0.01192	0.01773	0.01193	0.01345	0.01918	0.01252	0.26149	0.04566	0.01412	0.01060	0.00567	0.00490	0.00157	0.00618	0.00442	0.00377	0.00790
1	0.01588	0.04732	0.05524	0.01445	0.01885	0.01251	0.27314	0.18009	0.07359	0.15504	0.01414	0.01511	0.01014	0.00562	0.00539	0.00163	0.00632	0.00536	0.08240	0.00776
2	0.01285	0.01279	0.01524	0.01284	0.01522	0.13782	0.13887	0.03411	0.20869	0.01708	0.01536	0.11389	0.01360	0.00784	0.00751	0.00180	0.14328	0.00638	0.07828	0.00655
3	0.01080	0.00793	0.00975	0.02312	0.01202	0.00845	0.00800	0.01733	0.26725	0.06521	0.08272	0.09372	0.02598	0.01130	0.00638	0.00208	0.00435	0.33216	0.00517	0.00628
4	0.02999	0.01966	0.45546	0.01307	0.03260	0.01105	0.01449	0.09286	0.02813	0.12266	0.01414	0.11706	0.01170	0.00691	0.00529	0.00172	0.00636	0.00568	0.00357	0.00761
5	0.01195	0.19167	0.47503	0.01377	0.02005	0.01376	0.08085	0.01656	0.01147	0.04883	0.04492	0.01247	0.00909	0.00528	0.00510	0.00158	0.02337	0.00422	0.00263	0.00741
6	0.01291	0.01359	0.07480	0.03124	0.72838	0.01254	0.01645	0.01626	0.01198	0.01723	0.00991	0.01295	0.00826	0.00473	0.00522	0.00158	0.00639	0.00465	0.00259	0.00833
7	0.00809	0.00582	0.00701	0.00676	0.00754	0.00593	0.00459	0.01044	0.07806	0.01524	0.27816	0.03369	0.02891	0.39598	0.08819	0.00395	0.00497	0.00799	0.00426	0.00441
8	0.01301	0.01249	0.02133	0.05002	0.76421	0.01254	0.01619	0.01616	0.01200	0.01719	0.00993	0.01311	0.00834	0.00472	0.00523	0.00157	0.00630	0.00471	0.00261	0.00832
9	0.01126	0.05919	0.01317	0.00889	0.01332	0.00873	0.03909	0.01358	0.01084	0.01665	0.00918	0.01099	0.00772	0.00430	0.00480	0.00094	0.05320	0.00334	0.00301	0.70781
10	0.00769	0.00513	0.00577	0.00577	0.00577	0.00513	0.00320	0.00769	0.00769	0.01025	0.01666	0.03460	0.01922	0.81421	0.02691	0.00513	0.00513	0.00769	0.00320	0.00320
11	0.01413	0.81739	0.02770	0.00905	0.01357	0.02092	0.00905	0.01583	0.01074	0.01244	0.00735	0.00848	0.00678	0.00452	0.00339	0.00113	0.00565	0.00283	0.00226	0.00678
12	0.00918	0.00459	0.00689	0.00689	0.00689	0.00459	0.00459	0.00689	0.00689	0.00918	0.00918	0.01607	0.00918	0.01837	0.02066	0.84619	0.00459	0.00459	0.00230	0.00230
13	0.01406	0.01181	0.01247	0.01094	0.01409	0.01357	0.00859	0.12436	0.67393	0.02358	0.02036	0.01880	0.01520	0.00706	0.00537	0.00177	0.00440	0.00582	0.00537	0.00845
14	0.00769	0.00513	0.00577	0.00577	0.00577	0.00513	0.00320	0.00769	0.00769	0.01025	0.01666	0.03460	0.01922	0.81421	0.02691	0.00513	0.00513	0.00769	0.00320	0.00320
15	0.01519	0.01237	0.01310	0.01117	0.01452	0.01410	0.00886	0.24363	0.55283	0.02540	0.01893	0.01766	0.01404	0.00693	0.00535	0.00173	0.00466	0.00562	0.00535	0.00855
16	0.01527	0.01241	0.01315	0.01119	0.01455	0.01414	0.00888	0.25237	0.54395	0.02553	0.01883	0.01758	0.01396	0.00692	0.00535	0.00173	0.00468	0.00561	0.00535	0.00856
17	0.01285	0.31982	0.21050	0.01125	0.01595	0.01594	0.01147	0.02029	0.27774	0.01691	0.01284	0.01316	0.01005	0.00569	0.00482	0.00153	0.02403	0.00424	0.00335	0.00757
18	0.00755	0.00566	0.00850	0.00850	0.00944	0.00661	0.00661	0.00944	0.00850	0.01227	0.01416	0.02077	0.01322	0.03965	0.79326	0.00850	0.01416	0.00566	0.00283	0.00472
19	0.01468	0.01392	0.02666	0.01929	0.02429	0.01350	0.55630	0.15229	0.03032	0.07597	0.01202	0.01436	0.00873	0.00500	0.00598	0.00174	0.00794	0.00590	0.00348	0.00763
20	0.85155	0.01022	0.00777	0.00695	0.01022	0.01186	0.00573	0.01554	0.00900	0.02372	0.00736	0.00859	0.00573	0.00491	0.00327	0.00164	0.00409	0.00286	0.00327	0.00573
21	0.01377	0.01166	0.01230	0.01088	0.01398	0.01344	0.00852	0.09336	0.70541	0.02311	0.02073	0.01910	0.01550	0.00710	0.00537	0.00177	0.00433	0.00587	0.00537	0.00842
22	0.00839	0.00632	0.00801	0.00793	0.00949	0.00593	0.00614	0.01115	0.05842	0.01713	0.24142	0.18185	0.03216	0.06768	0.00768	0.00208	0.00370	0.20007	0.00483	0.11963
23	0.01975	0.02520	0.01498	0.01362	0.01634	0.79299	0.01021	0.02111	0.01498	0.01294	0.00817	0.00953	0.00681	0.00545	0.00477	0.00136	0.00953	0.00340	0.00272	0.00613
24	0.01194	0.21845	0.52634	0.01481	0.07858	0.01431	0.01647	0.01667	0.01121	0.03227	0.00925	0.01080	0.00698	0.00491	0.00465	0.00153	0.00710	0.00374	0.00236	0.00763
25	0.01185	0.01128	0.01898	0.20958	0.48568	0.01207	0.03095	0.01491	0.01148	0.01597	0.01162	0.01663	0.02677	0.00584	0.00612	0.00172	0.05374	0.04479	0.00271	0.00733
26	0.00732	0.00519	0.00597	0.00597	0.00655	0.00493	0.00380	0.00810	0.01005	0.01333	0.17477	0.08594	0.16058	0.46476	0.01793	0.00367	0.00405	0.00912	0.00413	0.00385
27	0.01109	0.01005	0.01618	0.67995	0.10103	0.03101	0.01441	0.01446	0.01100	0.04673	0.00990	0.01406	0.00742	0.00529	0.00527	0.00173	0.00693	0.00469	0.00256	0.00623
28	0.01170	0.00825	0.00945	0.00820	0.01053	0.00830	0.00641	0.20153	0.05419	0.07335	0.29013	0.08648	0.18972	0.01017	0.00593	0.00171	0.00363	0.00861	0.00545	0.00627
29	0.01060	0.02735	0.78682	0.01507	0.02288	0.01228	0.01953	0.01674	0.01116	0.01674	0.00949	0.01116	0.00670	0.00502	0.00502	0.00167	0.00781	0.00391	0.00223	0.00781
30	0.02805	0.03010	0.02565	0.01241	0.10885	0.05103	0.00885	0.16485	0.04557	0.12213	0.02980	0.06901	0.02420	0.00627	0.00492	0.00139	0.00496	0.00515	0.00419	0.25261
31	0.01385	0.01134	0.01195	0.01050	0.01353	0.01296	0.00824	0.12791	0.61075	0.02347	0.01998	0.01876	0.01496	0.00698	0.00524	0.00172	0.00428	0.00573	0.06967	0.00819
32	0.01276	0.45549	0.33943	0.01166	0.01746	0.03194	0.01337	0.01664	0.03139	0.01448	0.00862	0.00991	0.00700	0.00482	0.00414	0.00138	0.00658	0.00337	0.00234	0.00724
33	0.01173	0.01264	0.02606	0.01929	0.02375	0.01205	0.58965	0.01647	0.06517	0.01693	0.01429	0.08305	0.01251	0.00642	0.00630	0.00186	0.00779	0.06401	0.00321	0.00681
34	0.01304	0.01183	0.01628	0.23254	0.20108	0.03093	0.03089	0.09185	0.25901	0.01916	0.01372	0.01539	0.01051	0.00594	0.00559	0.00171	0.02410	0.00513	0.00369	0.00761
35	0.00637	0.00489	0.00583	0.00659	0.00746	0.00436	0.00456	0.00745	0.01086	0.01380	0.03854	0.51818	0.32148	0.01534	0.00656	0.00201	0.00292	0.01354	0.00491	0.00436
36	0.01732	0.36723	0.02047	0.01164	0.01515	0.45964	0.00971	0.01883	0.01315	0.01272	0.00782	0.00908	0.00680	0.00505	0.00417	0.00126	0.00786	0.00316	0.00252	0.00641
37	0.01073	0.00964	0.01534	0.02189	0.44800	0.00949	0.01212	0.01340	0.01213	0.01651	0.03639	0.03140	0.13689	0.00872	0.00594	0.00183	0.00528	0.19392	0.00361	0.00680
38	0.00846	0.00596	0.00682	0.00682	0.00731	0.00613	0.00441	0.02715	0.07644	0.01254	0.01880	0.08257	0.02070	0.60188	0.02147	0.00432	0.00491	0.07560	0.00370	0.00401
39	0.01308	0.01256	0.02146	0.03245	0.78123	0.01256	0.01622	0.01622	0.01204	0.01727	0.00994	0.01308	0.00837	0.00471	0.00523	0.00157	0.00628	0.00471	0.00262	0.00837
40	0.00644	0.00460	0.00613	0.00736	0.00767	0.00429	0.00491	0.00736	0.01012	0.01350	0.02914	0.81076	0.03497	0.01656	0.00675	0.00215	0.00307	0.01503	0.00491	0.00429
41	0.00880	0.00648	0.00931	0.01113	0.05810	0.00648	0.00899	0.01128	0.01216	0.01591	0.02689	0.05678	0.02908	0.01400	0.00718	0.00238	0.00495	0.70030	0.00473	0.00508
42	0.01192	0.01285	0.02627	0.21873	0.11379	0.01287	0.49162	0.01600	0.01195	0.01611	0.01029	0.01409	0.00782	0.00469	0.00589	0.00175	0.00815	0.00568	0.00259	0.00695
43	0.01073	0.01015	0.01720	0.61758	0.21454	0.01194	0.01505	0.01416	0.01092	0.01441	0.00953	0.01385	0.00736	0.00515	0.00527	0.00172	0.00686	0.00470	0.00241	0.00647
44	0.01060	0.02735	0.78682	0.01507	0.02288	0.01228	0.01953	0.01674	0.01116	0.01674	0.00949	0.01116	0.00670	0.00502	0.00502	0.00167	0.00781	0.00391	0.00223	0.00781
45	0.01487	0.01860	0.14742	0.08514	0.18544	0.27289	0.04512	0.01788	0.01280	0.05067	0.00970	0.01171	0.00760	0.00505	0.00496	0.00146	0.00748	0.00407	0.00280	0.09433
46	0.00626	0.00530	0.00541	0.00550	0.00718	0.00445	0.00408	0.00757	0.01192	0.01423	0.05185	0.10383	0.72723	0.01361	0.00628	0.00181	0.00270	0.01143	0.00491	0.00445
47	0.00643	0.00487	0.00594	0.00672	0.00752	0.00438	0.00464	0.00754	0.01092	0.01406	0.06864	0.54595	0.26261	0.01535	0.00657	0.00202	0.00292	0.01361	0.00495	0.00438
48	0.00769	0.00513	0.00577	0.00577	0.00577	0.00513	0.00320	0.00769	0.00769	0.01025	0.01666	0.03460	0.01922	0.81421	0.02691	0.00513	0.00513	0.00769	0.00320	0.00320
49	0.00756	0.00563	0.00831	0.00831	0.00918	0.00650	0.00637	0.00932	0.00844	0.01213	0.01433	0.02173	0.01363	0.09363	0.73985	0.00826	0.01353	0.00581	0.00286	0.00461
50	0.01171	0.01180	0.01734	0.01449	0.01509	0.01581	0.07803	0.01375	0.04097	0.01350	0.00789	0.01215	0.00743	0.00874	0.01585	0.00224	0.69988	0.00483	0.00248	0.00601
51	0.01484	0.62808	0.07845	0.01024	0.01469	0.15116	0.00997	0.01679	0.01149	0.01282	0.00764	0.00885	0.00678	0.00471	0.00374	0.00121	0.00646	0.00300	0.00234	0.00674
52	0.00641	0.00472	0.00601	0.00704	0.00758	0.00432	0.00477	0.00740	0.01043	0.01362	0.03301	0.69037	0.15286	0.01606	0.00667	0.00209	0.00301	0.01442	0.00491	0.00432
53	0.01363	0.01160	0.01223	0.01086	0.01393	0.01338	0.00848	0.07935	0.71964	0.02290	0.02090	0.01923	0.01564	0.00711	0.00537	0.00178	0.00430	0.00589	0.00537	0.00841
54	0.00644	0.00460	0.00613	0.00736	0.00767	0.00429	0.00491	0.00736	0.01012	0.01350	0.02914	0.81076	0.03497	0.01656	0.00675	0.00215	0.00307	0.01503	0.00491	0.00429
55	0.00767	0.00518	0.00607	0.00607	0.00617	0.00529	0.00358	0.00788	0.00778	0.01047	0.01638	0.03307	0.01856	0.72879	0.11142	0.00550	0.00612	0.00746	0.00316	0.00337
56	0.01060	0.02735	0.78682	0.01507	0.02288	0.01228	0.01953	0.01674	0.01116	0.01674	0.00949	0.01116	0.00670	0.00502	0.00502	0.00167	0.00781	0.00391	0.00223	0.00781
57	0.01413	0.81739	0.02770	0.00905	0.01357	0.02092	0.00905	0.01583	0.01074	0.01244	0.00735	0.00848	0.00678	0.00452	0.00339	0.00113	0.00565	0.00283	0.00226	0.00678
58	0.01060	0.02735	0.78682	0.01507	0.02288	0.01228	0.01953	0.01674	0.01116	0.01674	0.00949	0.01116	0.00670	0.00502	0.00502	0.00167	0.00781	0.00391	0.00223	0.00781
59	0.00644	0.00460	0.00613	0.00736	0.00767	0.00429	0.00491	0.00736	0.01012	0.01350	0.02914	0.81076	0.03497	0.01656	0.00675	0.00215	0.00307	0.01503	0.00491	0.00429
60	0.01157	0.01157	0.01619	0.01388	0.01388	0.01619	0.01157	0.01272	0.00810	0.01272	0.00694	0.01157	0.00694	0.00925	0.01735	0.00231	0.80453	0.00463	0.00231	0.00578
61	0.01413	0.81739	0.02770	0.00905	0.01357	0.02092	0.00905	0.01583	0.01074	0.01244	0.00735	0.00848	0.00678	0.00452	0.00339	0.00113	0.00565	0.00283	0.00226	0.00678
62	0.01407	0.01574	0.01582	0.01380	0.01463	0.25402	0.01115	0.01529	0.01020	0.01279	0.00732	0.01094	0.00690	0.00809	0.01350	0.00202	0.56113	0.00425	0.00244	0.00589
63	0.85155	0.01022	0.00777	0.00695	0.01022	0.01186	0.00573	0.01554	0.00900	0.02372	0.00736	0.00859	0.00573	0.00491	0.00327	0.00164	0.00409	0.00286	0.00327	0.00573
64	0.00625	0.00536	0.00536	0.00536	0.00714	0.00446	0.00402	0.00759	0.01205	0.01428	0.05355	0.05088	0.77909	0.01339	0.00625	0.00179	0.00268	0.01116	0.00491	0.00446
65	0.02042	0.01429	0.01555	0.01192	0.01614	0.01563	0.00985	0.69813	0.02399	0.10001	0.01342	0.01316	0.00935	0.00636	0.00529	0.00159	0.00570	0.00481	0.00540	0.00899
66	0.01078	0.00745	0.00907	0.00839	0.01016	0.00749	0.00644	0.17394	0.01560	0.05746	0.31904	0.24485	0.03382	0.01147	0.00620	0.00183	0.00363	0.06111	0.00542	0.00585
67	0.00887	0.00566	0.00695	0.00755	0.00863	0.00564	0.00591	0.04478	0.01178	0.01721	0.02409	0.26974	0.02524	0.01203	0.00585	0.00191	0.00358	0.24796	0.28174	0.00490
68	0.02010	0.01481	0.01587	0.01216	0.01639	0.01639	0.01005	0.76360	0.02486	0.03332	0.01269	0.01269	0.00899	0.00635	0.00529	0.00159	0.00582	0.00476	0.00529	0.00899
69	0.00861	0.00565	0.00743	0.00684	0.00829	0.00518	0.00518	0.01108	0.01498	0.07442	0.72565	0.03799	0.04732	0.01051	0.00617	0.00166	0.00263	0.00926	0.00587	0.00527
70	0.01205	0.01150	0.01958	0.28985	0.53194	0.01229	0.01571	0.01531	0.01155	0.01601	0.00976	0.01342	0.00793	0.00490	0.00525	0.00163	0.00654	0.00471	0.00253	0.00754
71	0.00659	0.00537	0.00582	0.00571	0.00735	0.00461	0.00428	0.00824	0.01285	0.01617	0.25168	0.04776	0.57978	0.01268	0.00624	0.00175	0.00263	0.01072	0.00516	0.00461
72	0.00998	0.00940	0.01586	0.80150	0.03641	0.01175	0.01468	0.01351	0.01057	0.01351	0.00940	0.01409	0.00705	0.00529	0.00529	0.00176	0.00705	0.00470	0.00235	0.00587
73	0.00748	0.00540	0.00707	0.00665	0.00790	0.00499	0.00499	0.00998	0.01496	0.02120	0.77844	0.03949	0.04988	0.01081	0.00624	0.00166	0.00249	0.00956	0.00582	0.00499
74	0.00852	0.00608	0.00852	0.00974	0.01095	0.00608	0.00852	0.01095	0.01217	0.01582	0.02799	0.05963	0.03042	0.01460	0.00730	0.00243	0.00487	0.74565	0.00487	0.00487
75	0.01096	0.00940	0.01096	0.00783	0.01253	0.00705	0.00626	0.01331	0.01096	0.01723	0.00940	0.01096	0.00783	0.00392	0.00392	0.00078	0.00392	0.00313	0.00313	0.84653
76	0.02010	0.01481	0.01587	0.01216	0.01639	0.01639	0.01005	0.76360	0.02486	0.03332	0.01269	0.01269	0.00899	0.00635	0.00529	0.00159	0.00582	0.00476	0.00529	0.00899
77	0.85155	0.01022	0.00777	0.00695	0.01022	0.01186	0.00573	0.01554	0.00900	0.02372	0.00736	0.00859	0.00573	0.00491	0.00327	0.00164	0.00409	0.00286	0.00327	0.00573
78	0.00769	0.00513	0.00577	0.00577	0.00577	0.00513	0.00320	0.00769	0.00769	0.01025	0.01666	0.03460	0.01922	0.81421	0.02691	0.00513	0.00513	0.00769	0.00320	0.00320
79	0.00764	0.00531	0.00670	0.00670	0.00703	0.00563	0.00437	0.00829	0.00797	0.01094	0.01580	0.02985	0.01716	0.54853	0.28977	0.00628	0.00822	0.00699	0.00308	0.00372
80	0.00649	0.00534	0.00570	0.00566	0.00730	0.00456	0.00423	0.00803	0.01254	0.01557	0.18991	0.07297	0.61739	0.01300	0.00626	0.00177	0.00266	0.01098	0.00508	0.00456
81	0.00644	0.00460	0.00613	0.00736	0.00767	0.00429	0.00491	0.00736	0.01012	0.01350	0.02914	0.81076	0.03497	0.01656	0.00675	0.00215	0.00307	0.01503	0.00491	0.00429
82	0.00681	0.00519	0.00767	0.00827	0.00889	0.00485	0.05124	0.00795	0.01027	0.01371	0.02801	0.76201	0.03332	0.01582	0.00672	0.00212	0.00342	0.01449	0.00477	0.00447
83	0.01020	0.00953	0.01558	0.74640	0.03483	0.01184	0.01424	0.01452	0.06361	0.01411	0.01024	0.01449	0.00768	0.00542	0.00529	0.00176	0.00685	0.00479	0.00256	0.00605
84	0.01007	0.00924	0.01242	0.01100	0.01133	0.02947	0.02245	0.01113	0.00830	0.01209	0.01080	0.01910	0.01121	0.22162	0.15455	0.00408	0.42792	0.00560	0.00265	0.00497
85	0.00769	0.00513	0.00577	0.00577	0.00577	0.00513	0.00320	0.00769	0.00769	0.01025	0.01666	0.03460	0.01922	0.81421	0.02691	0.00513	0.00513	0.00769	0.00320	0.00320
86	0.00644	0.00460	0.00613	0.00736	0.00767	0.00429	0.00491	0.00736	0.01012	0.01350	0.02914	0.81076	0.03497	0.01656	0.00675	0.00215	0.00307	0.01503	0.00491	0.00429
87	0.00998	0.00940	0.01586	0.80150	0.03641	0.01175	0.01468	0.01351	0.01057	0.01351	0.00940	0.01409	0.00705	0.00529	0.00529	0.00176	0.00705	0.00470	0.00235	0.00587
88	0.00734	0.00540	0.00687	0.00650	0.00781	0.00493	0.00488	0.00971	0.01463	0.02042	0.69649	0.04078	0.13232	0.01110	0.00624	0.00168	0.00251	0.00974	0.00572	0.00493
89	0.01413	0.81739	0.02770	0.00905	0.01357	0.02092	0.00905	0.01583	0.01074	0.01244	0.00735	0.00848	0.00678	0.00452	0.00339	0.00113	0.00565	0.00283	0.00226	0.00678
90	0.15903	0.25347	0.01749	0.01116	0.01445	0.42043	0.00914	0.01846	0.01260	0.01462	0.00777	0.00910	0.00662	0.00516	0.00435	0.00136	0.02270	0.00317	0.00267	0.00624
91	0.00748	0.00540	0.00707	0.00665	0.00790	0.00499	0.00499	0.00998	0.01496	0.02120	0.77844	0.03949	0.04988	0.01081	0.00624	0.00166	0.00249	0.00956	0.00582	0.00499
92	0.00658	0.00470	0.00628	0.00744	0.00783	0.00441	0.00508	0.00764	0.01042	0.01393	0.06097	0.74342	0.03539	0.01623	0.00675	0.00214	0.00313	0.04838	0.00494	0.00435
93	0.00648	0.00510	0.00587	0.00638	0.00754	0.00449	0.00460	0.00775	0.01144	0.01436	0.07634	0.34472	0.42582	0.01455	0.00649	0.00195	0.00291	0.04383	0.00495	0.00444
94	0.01093	0.01037	0.01757	0.56604	0.26445	0.01200	0.01515	0.01434	0.01102	0.01466	0.00956	0.01379	0.00745	0.00511	0.00527	0.00170	0.00681	0.00470	0.00243	0.00664
95	0.00988	0.00735	0.00893	0.00893	0.01079	0.00738	0.00750	0.13765	0.01446	0.01875	0.07734	0.04839	0.20407	0.01269	0.00665	0.00209	0.00437	0.40229	0.00501	0.00548
96	0.01338	0.01464	0.01478	0.01307	0.01398	0.23374	0.01054	0.01474	0.01054	0.01329	0.04396	0.01472	0.01015	0.00977	0.04588	0.00228	0.47580	0.03625	0.00272	0.00576
97	0.07228	0.71279	0.07277	0.00927	0.01391	0.01976	0.00946	0.01587	0.01065	0.01349	0.00748	0.00865	0.00671	0.00458	0.00348	0.00120	0.00568	0.00290	0.00233	0.00677
98	0.01315	0.01136	0.01195	0.01076	0.01375	0.01315	0.00837	0.02809	0.77168	0.02211	0.02152	0.01972	0.01614	0.00717	0.00538	0.00179	0.00418	0.00598	0.00538	0.00837
99	0.00998	0.00940	0.01586	0.80150	0.03641	0.01175	0.01468	0.01351	0.01057	0.01351	0.00940	0.01409	0.00705	0.00529	0.00529	0.00176	0.00705	0.00470	0.00235	0.00587
100	0.00768	0.00514	0.00584	0.00584	0.00586	0.00516	0.00329	0.00773	0.00771	0.01030	0.01659	0.03422	0.01906	0.79345	0.04745	0.00522	0.00537	0.00763	0.00319	0.00324
101	0.01157	0.01157	0.01619	0.01388	0.01388	0.01619	0.01157	0.01272	0.00810	0.01272	0.00694	0.01157	0.00694	0.00925	0.01735	0.00231	0.80453	0.00463	0.00231	0.00578
102	0.00859	0.00690	0.00970	0.00925	0.00981	0.00848	0.00716	0.00997	0.00856	0.01259	0.01399	0.08975	0.01409	0.09986	0.40721	0.02496	0.20445	0.00637	0.04355	0.00476
103	0.01060	0.02735	0.78682	0.01507	0.02288	0.01228	0.01953	0.01674	0.01116	0.01674	0.00949	0.01116	0.00670	0.00502	0.00502	0.00167	0.00781	0.00391	0.00223	0.00781
104	0.00972	0.00825	0.01152	0.01510	0.27325	0.00778	0.00858	0.01232	0.04475	0.05122	0.05225	0.03481	0.43026	0.00977	0.00582	0.00170	0.00406	0.00842	0.00424	0.00619
105	0.35533	0.07539	0.41479	0.01132	0.01705	0.01271	0.01315	0.01619	0.01025	0.01930	0.00847	0.00992	0.00630	0.00494	0.00419	0.00162	0.00614	0.00340	0.00266	0.00689
106	0.01867	0.02337	0.01503	0.01464	0.06925	0.70234	0.01039	0.02014	0.01455	0.01327	0.00926	0.04661	0.00821	0.00591	0.00489	0.00141	0.00901	0.00403	0.00282	0.00620
107	0.01482	0.63634	0.02539	0.01176	0.08208	0.12702	0.00984	0.01660	0.01144	0.01294	0.00769	0.00903	0.00693	0.00467	0.00375	0.00120	0.00625	0.00307	0.00236	0.00683
108	0.00758	0.00556	0.00795	0.00795	0.00870	0.00631	0.00593	0.00909	0.00833	0.01187	0.01466	0.02354	0.01442	0.19492	0.63964	0.00782	0.01235	0.00607	0.00291	0.00442
109	0.00654	0.00532	0.00579	0.00577	0.00734	0.00457	0.00429	0.00811	0.01259	0.01580	0.21641	0.09480	0.56822	0.01300	0.00628	0.00178	0.00266	0.01103	0.00512	0.00457
110	0.00671	0.00471	0.00605	0.00701	0.00725	0.00447	0.00454	0.00743	0.00959	0.01279	0.02642	0.64200	0.03154	0.18999	0.01113	0.00279	0.00351	0.01343	0.00454	0.00406
111	0.01301	0.01249	0.02133	0.05007	0.76416	0.01254	0.01619	0.01616	0.01200	0.01718	0.00993	0.01311	0.00834	0.00472	0.00523	0.00157	0.00630	0.00471	0.00261	0.00832
112	0.01060	0.02735	0.78682	0.01507	0.02288	0.01228	0.01953	0.01674	0.01116	0.01674	0.00949	0.01116	0.00670	0.00502	0.00502	0.00167	0.00781	0.00391	0.00223	0.00781
113	0.00763	0.00537	0.00699	0.00699	0.00742	0.00579	0.00473	0.00847	0.00805	0.01116	0.01554	0.02839	0.01652	0.46636	0.37107	0.00664	0.00918	0.00678	0.00304	0.00388
114	0.01094	0.00933	0.00980	0.00895	0.01152	0.01020	0.00692	0.03767	0.48838	0.01991	0.06340	0.03001	0.25261	0.00922	0.00568	0.00178	0.00368	0.00770	0.00525	0.00703
115	0.01220	0.01155	0.01651	0.01686	0.16144	0.01475	0.01190	0.06545	0.01011	0.01500	0.00889	0.01419	0.00851	0.04531	0.01436	0.00225	0.53853	0.02315	0.00268	0.00636
116	0.00998	0.00940	0.01586	0.80150	0.03641	0.01175	0.01468	0.01351	0.01057	0.01351	0.00940	0.01409	0.00705	0.00529	0.00529	0.00176	0.00705	0.00470	0.00235	0.00587
117	0.03174	0.02650	0.74986	0.01474	0.02235	0.01216	0.01892	0.01692	0.01120	0.03442	0.00969	0.01125	0.00682	0.00505	0.00499	0.00167	0.00765	0.00391	0.00236	0.00779
118	0.02372	0.00900	0.01227	0.00941	0.01350	0.00777	0.00777	0.02576	0.01513	0.78489	0.02086	0.01799	0.01309	0.00654	0.00532	0.00164	0.00450	0.00532	0.00654	0.00900
119	0.01228	0.01140	0.03179	0.06583	0.28298	0.01078	0.01104	0.03585	0.15821	0.01834	0.01201	0.01363	0.00958	0.00499	0.00480	0.00135	0.00511	0.00438	0.00337	0.30227
120	0.00833	0.00527	0.00658	0.00643	0.00749	0.00532	0.00478	0.01040	0.01159	0.01773	0.29195	0.02806	0.02693	0.07172	0.17830	0.02265	0.00525	0.00695	0.27956	0.00472
121	0.03394	0.11659	0.28324	0.01210	0.01728	0.02816	0.01255	0.23470	0.09213	0.05674	0.02960	0.01421	0.03373	0.00602	0.00497	0.00159	0.00612	0.00461	0.00383	0.00789
122	0.01233	0.04856	0.44813	0.01733	0.05543	0.06716	0.22102	0.01729	0.01192	0.03700	0.00998	0.01207	0.00731	0.00491	0.00530	0.00166	0.00801	0.00455	0.00252	0.00753
