[name]
unknown

[dist]
# distance from previous block
# <min> <max>
2	47

[block]
# block no. 0 follows, 50 sequences, length 47
# corresponding to MSA columns:
# 157-203
name=unknown_A
#
# <colnr> <probs for GDERKNQSTAVLIFYWHMCP>
#	G	D	E	R	K	N	Q	S	T	A	V	L	I	F	Y	W	H	M	C	P
0	0.01137	0.04362	0.09251	0.01291	0.13016	0.05782	0.07218	0.06290	0.05757	0.06384	0.05931	0.02352	0.14114	0.12293	0.00806	0.00203	0.00526	0.02317	0.00361	0.00609
1	0.01393	0.01487	0.01700	0.14053	0.36446	0.24198	0.01281	0.04836	0.02878	0.01508	0.00901	0.01155	0.00739	0.00506	0.00541	0.00149	0.04875	0.00411	0.00261	0.00683
2	0.00941	0.00886	0.01495	0.81285	0.03433	0.01107	0.01384	0.01274	0.00997	0.01274	0.00886	0.01329	0.00664	0.00498	0.00498	0.00166	0.00664	0.00443	0.00221	0.00554
3	0.00705	0.00510	0.00666	0.00627	0.00745	0.00470	0.00470	0.00941	0.01411	0.01999	0.79110	0.03723	0.04703	0.01019	0.00588	0.00157	0.00235	0.00901	0.00549	0.00470
4	0.00607	0.00434	0.00578	0.00694	0.00723	0.00405	0.00463	0.00694	0.00954	0.01272	0.02747	0.82157	0.03297	0.01562	0.00636	0.00202	0.00289	0.01417	0.00463	0.00405
5	0.01895	0.01396	0.01496	0.01147	0.01546	0.01546	0.00947	0.77711	0.02344	0.03141	0.01197	0.01197	0.00848	0.00598	0.00499	0.00150	0.00548	0.00449	0.00499	0.00848
6	0.00589	0.00505	0.00505	0.00505	0.00673	0.00421	0.00379	0.00715	0.01136	0.01347	0.05049	0.04797	0.79171	0.01262	0.00589	0.00168	0.00252	0.01052	0.00463	0.00421
7	0.01176	0.01345	0.02941	0.02101	0.02605	0.01261	0.77563	0.01597	0.01176	0.01597	0.01008	0.01345	0.00756	0.00420	0.00588	0.00168	0.00840	0.00588	0.00252	0.00672
8	0.01895	0.01396	0.01496	0.01147	0.01546	0.01546	0.00947	0.77711	0.02344	0.03141	0.01197	0.01197	0.00848	0.00598	0.00499	0.00150	0.00548	0.00449	0.00499	0.00848
9	0.01117	0.01100	0.01526	0.01303	0.01316	0.01527	0.01086	0.03677	0.00815	0.01262	0.00672	0.01094	0.00661	0.00864	0.01599	0.00216	0.78947	0.00437	0.00227	0.00555
10	0.00705	0.00510	0.00666	0.00627	0.00745	0.00470	0.00470	0.00941	0.01411	0.01999	0.79110	0.03723	0.04703	0.01019	0.00588	0.00157	0.00235	0.00901	0.00549	0.00470
11	0.00702	0.00509	0.00661	0.00623	0.00742	0.00469	0.00467	0.00934	0.01402	0.01979	0.76836	0.03756	0.06989	0.01026	0.00588	0.00157	0.00236	0.00906	0.00546	0.00469
12	0.01102	0.01069	0.01474	0.01263	0.01283	0.01470	0.01046	0.04394	0.00830	0.01273	0.00725	0.01189	0.00716	0.03580	0.03731	0.00239	0.73386	0.00449	0.00234	0.00547
13	0.86003	0.00964	0.00733	0.00655	0.00964	0.01118	0.00540	0.01465	0.00848	0.02236	0.00694	0.00810	0.00540	0.00463	0.00308	0.00154	0.00386	0.00270	0.00308	0.00540
14	0.00763	0.00616	0.00897	0.00865	0.00944	0.00750	0.00683	0.00929	0.00810	0.01171	0.01390	0.01948	0.04436	0.03206	0.65352	0.00687	0.13287	0.00541	0.00268	0.00459
15	0.00795	0.00517	0.00660	0.00616	0.00744	0.00480	0.00465	0.01028	0.01365	0.05047	0.66132	0.03404	0.04127	0.00947	0.00554	0.00151	0.00242	0.00830	0.11412	0.00484
16	0.86003	0.00964	0.00733	0.00655	0.00964	0.01118	0.00540	0.01465	0.00848	0.02236	0.00694	0.00810	0.00540	0.00463	0.00308	0.00154	0.00386	0.00270	0.00308	0.00540
17	0.01862	0.02376	0.01413	0.01284	0.01541	0.80482	0.00963	0.01990	0.01413	0.01220	0.00770	0.00899	0.00642	0.00514	0.00449	0.00128	0.00899	0.00321	0.00257	0.00578
18	0.01234	0.01184	0.02023	0.03059	0.79373	0.01184	0.01530	0.01530	0.01135	0.01628	0.00938	0.01234	0.00790	0.00444	0.00493	0.00148	0.00592	0.00444	0.00247	0.00790
19	0.01417	0.01028	0.01142	0.00923	0.01206	0.01102	0.00744	0.46061	0.01938	0.02662	0.28977	0.02134	0.02245	0.00747	0.00522	0.00150	0.00419	0.00611	0.05278	0.00692
20	0.02236	0.00848	0.01157	0.00887	0.01272	0.00733	0.00733	0.02429	0.01427	0.79719	0.01966	0.01697	0.01234	0.00617	0.00501	0.00154	0.00424	0.00501	0.00617	0.00848
21	0.01109	0.00856	0.00964	0.00868	0.01097	0.00933	0.00671	0.02023	0.46150	0.06806	0.29639	0.02517	0.02644	0.00795	0.00536	0.00164	0.00339	0.00681	0.00529	0.00678
22	0.00721	0.00498	0.00619	0.00619	0.00645	0.00524	0.00396	0.00773	0.00747	0.01022	0.01502	0.02882	0.01647	0.59549	0.25245	0.00576	0.00731	0.00669	0.00292	0.00344
23	0.01034	0.00886	0.01034	0.00738	0.01181	0.00664	0.00591	0.01255	0.01034	0.01624	0.00886	0.01034	0.00738	0.00369	0.00369	0.00074	0.00369	0.00295	0.00295	0.85530
24	0.00613	0.00438	0.00585	0.00701	0.00732	0.00410	0.00473	0.00704	0.00960	0.01279	0.02744	0.79929	0.03284	0.01556	0.00638	0.00203	0.00294	0.03589	0.00463	0.00406
25	0.01176	0.01345	0.02941	0.02101	0.02605	0.01261	0.77563	0.01597	0.01176	0.01597	0.01008	0.01345	0.00756	0.00420	0.00588	0.00168	0.00840	0.00588	0.00252	0.00672
26	0.00687	0.00504	0.00648	0.00667	0.00758	0.00476	0.00479	0.00912	0.04469	0.01706	0.44577	0.34089	0.05707	0.01221	0.00603	0.00175	0.00263	0.01091	0.00512	0.00457
27	0.00607	0.00434	0.00578	0.00694	0.00723	0.00405	0.00463	0.00694	0.00954	0.01272	0.02747	0.82157	0.03297	0.01562	0.00636	0.00202	0.00289	0.01417	0.00463	0.00405
28	0.83345	0.01009	0.00754	0.00675	0.00982	0.03625	0.00553	0.01482	0.00866	0.02204	0.00696	0.00813	0.00543	0.00464	0.00313	0.00153	0.00402	0.00272	0.00307	0.00541
29	0.00720	0.00486	0.00553	0.00552	0.00562	0.00485	0.00317	0.00735	0.00757	0.01010	0.03718	0.03282	0.04043	0.75934	0.04520	0.00474	0.00493	0.00734	0.00312	0.00314
30	0.01179	0.45689	0.38356	0.01115	0.01685	0.01595	0.01310	0.01532	0.01031	0.01360	0.00786	0.00916	0.00636	0.00448	0.00391	0.00130	0.00627	0.00314	0.00212	0.00685
31	0.00705	0.00510	0.00666	0.00627	0.00745	0.00470	0.00470	0.00941	0.01411	0.01999	0.79110	0.03723	0.04703	0.01019	0.00588	0.00157	0.00235	0.00901	0.00549	0.00470
32	0.01333	0.82783	0.02612	0.00853	0.01279	0.01972	0.00853	0.01493	0.01013	0.01173	0.00693	0.00800	0.00640	0.00426	0.00320	0.00107	0.00533	0.00267	0.00213	0.00640
33	0.02961	0.00967	0.01303	0.00977	0.01364	0.04037	0.11527	0.01575	0.01133	0.20451	0.01216	0.01407	0.00941	0.06171	0.02830	0.00159	0.00506	0.00423	0.00365	0.39687
34	0.00596	0.00480	0.00531	0.00572	0.00691	0.00415	0.00409	0.00708	0.01071	0.01320	0.04229	0.32357	0.52141	0.01369	0.00606	0.00180	0.00266	0.01182	0.00463	0.00415
35	0.01862	0.02376	0.01413	0.01284	0.01541	0.80482	0.00963	0.01990	0.01413	0.01220	0.00770	0.00899	0.00642	0.00514	0.00449	0.00128	0.00899	0.00321	0.00257	0.00578
36	0.01895	0.01396	0.01496	0.01147	0.01546	0.01546	0.00947	0.77711	0.02344	0.03141	0.01197	0.01197	0.00848	0.00598	0.00499	0.00150	0.00548	0.00449	0.00499	0.00848
37	0.00705	0.00510	0.00666	0.00627	0.00745	0.00470	0.00470	0.00941	0.01411	0.01999	0.79110	0.03723	0.04703	0.01019	0.00588	0.00157	0.00235	0.00901	0.00549	0.00470
38	0.01172	0.01332	0.02874	0.02063	0.02544	0.01273	0.73936	0.01578	0.01157	0.01578	0.00992	0.01332	0.00751	0.00442	0.00638	0.00170	0.04669	0.00581	0.00250	0.00666
39	0.00698	0.00472	0.00551	0.00578	0.00584	0.00466	0.00338	0.00718	0.00777	0.01036	0.01837	0.21104	0.02148	0.64182	0.02107	0.00420	0.00439	0.00881	0.00338	0.00325
40	0.01895	0.01396	0.01496	0.01147	0.01546	0.01546	0.00947	0.77711	0.02344	0.03141	0.01197	0.01197	0.00848	0.00598	0.00499	0.00150	0.00548	0.00449	0.00499	0.00848
41	0.01862	0.02376	0.01413	0.01284	0.01541	0.80482	0.00963	0.01990	0.01413	0.01220	0.00770	0.00899	0.00642	0.00514	0.00449	0.00128	0.00899	0.00321	0.00257	0.00578
42	0.01091	0.01091	0.01527	0.01309	0.01309	0.01527	0.01091	0.01200	0.00763	0.01200	0.00654	0.01091	0.00654	0.00872	0.01636	0.00218	0.81570	0.00436	0.00218	0.00545
43	0.01240	0.01071	0.01127	0.01014	0.01296	0.01240	0.00789	0.02649	0.78473	0.02085	0.02029	0.01860	0.01522	0.00676	0.00507	0.00169	0.00394	0.00564	0.00507	0.00789
44	0.86003	0.00964	0.00733	0.00655	0.00964	0.01118	0.00540	0.01465	0.00848	0.02236	0.00694	0.00810	0.00540	0.00463	0.00308	0.00154	0.00386	0.00270	0.00308	0.00540
45	0.00712	0.00534	0.00801	0.00801	0.00890	0.00623	0.00623	0.00890	0.00801	0.01157	0.01335	0.01958	0.01246	0.03738	0.80507	0.00801	0.01335	0.00534	0.00267	0.00445
46	0.04873	0.05794	0.04397	0.04166	0.53239	0.05256	0.04766	0.05133	0.02938	0.03346	0.00965	0.01198	0.00783	0.00465	0.00478	0.00147	0.00603	0.00429	0.00272	0.00752

[dist]
# distance from previous block
# <min> <max>
0	1

[block]
# block no. 1 follows, 50 sequences, length 125
# corresponding to MSA columns:
# 205-284,295-302,355-391
name=unknown_B
#
# <colnr> <probs for GDERKNQSTAVLIFYWHMCP>
#	G	D	E	R	K	N	Q	S	T	A	V	L	I	F	Y	W	H	M	C	P
0	0.16295	0.00934	0.01018	0.00905	0.01113	0.01098	0.00720	0.03526	0.31841	0.03387	0.12368	0.01788	0.01610	0.00709	0.00660	0.00168	0.13962	0.00526	0.06735	0.00637
1	0.00692	0.00490	0.00560	0.00553	0.00622	0.00459	0.00361	0.00751	0.00952	0.01239	0.15081	0.03666	0.25134	0.39449	0.01603	0.06445	0.00371	0.00829	0.00383	0.00358
2	0.01226	0.01182	0.01898	0.09531	0.65236	0.03277	0.01449	0.01600	0.06687	0.01620	0.01007	0.01278	0.00828	0.00467	0.00494	0.00151	0.00592	0.00449	0.00264	0.00764
3	0.86003	0.00964	0.00733	0.00655	0.00964	0.01118	0.00540	0.01465	0.00848	0.02236	0.00694	0.00810	0.00540	0.00463	0.00308	0.00154	0.00386	0.00270	0.00308	0.00540
4	0.01135	0.01211	0.02385	0.01704	0.02190	0.01087	0.55122	0.01497	0.01135	0.01605	0.00973	0.01254	0.00751	0.00405	0.00524	0.00141	0.00703	0.00503	0.00265	0.25413
5	0.00736	0.00586	0.00788	0.05005	0.07568	0.00553	0.00587	0.00957	0.01304	0.01782	0.51597	0.03630	0.21032	0.00998	0.00575	0.00159	0.00292	0.00873	0.00486	0.00491
6	0.01011	0.00714	0.00859	0.00842	0.00987	0.00733	0.00633	0.21193	0.01355	0.03863	0.02305	0.50878	0.02550	0.01263	0.00601	0.00190	0.00379	0.08630	0.00476	0.00539
7	0.01644	0.04242	0.01651	0.01345	0.01642	0.44735	0.11519	0.11233	0.08395	0.01583	0.00959	0.01095	0.00763	0.00549	0.00561	0.00146	0.06588	0.00402	0.00304	0.00643
8	0.01075	0.12961	0.66999	0.01342	0.02021	0.04183	0.01681	0.01583	0.01060	0.01513	0.00864	0.01014	0.00633	0.00469	0.00453	0.00150	0.00716	0.00353	0.00213	0.00718
9	0.01350	0.01213	0.01758	0.02339	0.51052	0.02725	0.01286	0.14826	0.13435	0.01947	0.01178	0.02607	0.00951	0.00526	0.00498	0.00152	0.00555	0.00477	0.00334	0.00789
10	0.01037	0.09427	0.69534	0.01405	0.02103	0.01233	0.05406	0.01572	0.01055	0.01544	0.00883	0.01045	0.00638	0.00467	0.00466	0.00154	0.00724	0.00370	0.00213	0.00725
11	0.00607	0.00434	0.00578	0.00694	0.00723	0.00405	0.00463	0.00694	0.00954	0.01272	0.02747	0.82157	0.03297	0.01562	0.00636	0.00202	0.00289	0.01417	0.00463	0.00405
12	0.01710	0.08037	0.01263	0.03096	0.05316	0.00900	0.00770	0.06981	0.05118	0.43451	0.10485	0.07568	0.01672	0.00703	0.00504	0.00154	0.00425	0.00587	0.00520	0.00742
13	0.01250	0.32200	0.30176	0.01116	0.01620	0.05186	0.01206	0.04109	0.14574	0.02608	0.01035	0.01104	0.00805	0.00499	0.00422	0.00139	0.00599	0.00366	0.00280	0.00707
14	0.00627	0.00477	0.00577	0.00614	0.00712	0.00427	0.00437	0.00766	0.01134	0.01487	0.23492	0.36224	0.28579	0.01321	0.00608	0.00179	0.00263	0.01162	0.00485	0.00427
15	0.00728	0.00502	0.00590	0.00588	0.00610	0.00515	0.00359	0.00783	0.02144	0.01025	0.01644	0.03094	0.03913	0.67487	0.13565	0.00514	0.00597	0.00704	0.00305	0.00335
16	0.03712	0.11137	0.36967	0.03114	0.01783	0.03685	0.02857	0.19067	0.01372	0.06527	0.01029	0.01131	0.00747	0.00510	0.00456	0.00147	0.00625	0.00389	0.04014	0.00730
17	0.86003	0.00964	0.00733	0.00655	0.00964	0.01118	0.00540	0.01465	0.00848	0.02236	0.00694	0.00810	0.00540	0.00463	0.00308	0.00154	0.00386	0.00270	0.00308	0.00540
18	0.00605	0.00441	0.00571	0.00675	0.00718	0.00406	0.00454	0.00696	0.00973	0.01280	0.02979	0.74386	0.10918	0.01532	0.00631	0.00199	0.00285	0.01380	0.00463	0.00406
19	0.00958	0.03357	0.41160	0.01361	0.09314	0.00984	0.05447	0.01414	0.03505	0.01694	0.21429	0.01911	0.04059	0.00638	0.00513	0.00157	0.00569	0.00551	0.00321	0.00659
20	0.04823	0.14521	0.17894	0.01291	0.08995	0.01194	0.07179	0.12461	0.01285	0.11797	0.02690	0.09361	0.01121	0.00617	0.00476	0.00151	0.00550	0.00519	0.02376	0.00698
21	0.01862	0.02376	0.01413	0.01284	0.01541	0.80482	0.00963	0.01990	0.01413	0.01220	0.00770	0.00899	0.00642	0.00514	0.00449	0.00128	0.00899	0.00321	0.00257	0.00578
22	0.05173	0.33170	0.22428	0.01204	0.05210	0.21181	0.01155	0.01652	0.01127	0.02454	0.00794	0.00924	0.00649	0.00466	0.00402	0.00130	0.00672	0.00318	0.00235	0.00655
23	0.00606	0.00438	0.00574	0.00683	0.00720	0.00406	0.00458	0.00695	0.00964	0.01277	0.02876	0.77835	0.07536	0.01545	0.00634	0.00201	0.00287	0.01397	0.00463	0.00406
24	0.00809	0.00709	0.00975	0.00951	0.00968	0.00874	0.00725	0.00906	0.00874	0.01242	0.01872	0.48237	0.02191	0.01273	0.01054	0.00209	0.34299	0.01007	0.00360	0.00464
25	0.18056	0.03074	0.01494	0.07280	0.21735	0.04125	0.06552	0.09499	0.01191	0.03901	0.00979	0.03564	0.00804	0.00494	0.00442	0.00139	0.00528	0.00417	0.00308	0.15419
26	0.00944	0.00798	0.00974	0.00987	0.05066	0.06460	0.04384	0.01193	0.06222	0.01491	0.03868	0.26317	0.01967	0.03817	0.00735	0.00186	0.10091	0.06657	0.17336	0.00507
27	0.00712	0.00534	0.00801	0.00801	0.00890	0.00623	0.00623	0.00890	0.00801	0.01157	0.01335	0.01958	0.01246	0.03738	0.80507	0.00801	0.01335	0.00534	0.00267	0.00445
28	0.01679	0.01289	0.01375	0.01103	0.01464	0.01445	0.00895	0.53025	0.27381	0.02794	0.01470	0.01415	0.01069	0.00624	0.00501	0.00156	0.00498	0.00487	0.00501	0.00828
29	0.01091	0.01091	0.01527	0.01309	0.01309	0.01527	0.01091	0.01200	0.00763	0.01200	0.00654	0.01091	0.00654	0.00872	0.01636	0.00218	0.81570	0.00436	0.00218	0.00545
30	0.00606	0.00439	0.00573	0.00680	0.00719	0.00406	0.00457	0.00696	0.00967	0.01278	0.02913	0.76599	0.08748	0.01540	0.00633	0.00200	0.00287	0.01391	0.00463	0.00406
31	0.00607	0.00434	0.00578	0.00694	0.00723	0.00405	0.00463	0.00694	0.00954	0.01272	0.02747	0.82157	0.03297	0.01562	0.00636	0.00202	0.00289	0.01417	0.00463	0.00405
32	0.01240	0.01071	0.01127	0.01014	0.01296	0.01240	0.00789	0.02649	0.78473	0.02085	0.02029	0.01860	0.01522	0.00676	0.00507	0.00169	0.00394	0.00564	0.00507	0.00789
33	0.86003	0.00964	0.00733	0.00655	0.00964	0.01118	0.00540	0.01465	0.00848	0.02236	0.00694	0.00810	0.00540	0.00463	0.00308	0.00154	0.00386	0.00270	0.00308	0.00540
34	0.00712	0.00534	0.00801	0.00801	0.00890	0.00623	0.00623	0.00890	0.00801	0.01157	0.01335	0.01958	0.01246	0.03738	0.80507	0.00801	0.01335	0.00534	0.00267	0.00445
35	0.00786	0.00572	0.00640	0.00602	0.00781	0.00516	0.00458	0.01039	0.06870	0.07204	0.24220	0.04076	0.48189	0.01109	0.00576	0.00164	0.00271	0.00937	0.00500	0.00491
36	0.75140	0.00954	0.00830	0.10953	0.01279	0.01117	0.00648	0.01441	0.00867	0.02113	0.00719	0.00876	0.00556	0.00467	0.00333	0.00156	0.00421	0.00292	0.00297	0.00542
37	0.01724	0.07508	0.01445	0.01191	0.01470	0.56833	0.00919	0.09127	0.09214	0.01514	0.03816	0.01121	0.00899	0.00551	0.00456	0.00134	0.00766	0.00375	0.00313	0.00625
38	0.05527	0.05623	0.01141	0.00808	0.01192	0.06106	0.00654	0.06894	0.01213	0.08582	0.08528	0.01330	0.01150	0.00488	0.00411	0.00104	0.00419	0.00382	0.00356	0.49093
39	0.01384	0.01148	0.09727	0.01137	0.04832	0.01023	0.04603	0.27594	0.03959	0.12450	0.01724	0.24882	0.01604	0.00855	0.00541	0.00168	0.00488	0.00740	0.00450	0.00694
40	0.00725	0.00483	0.00544	0.00544	0.00544	0.00483	0.00302	0.00725	0.00725	0.00966	0.01571	0.03262	0.01812	0.82483	0.02537	0.00483	0.00483	0.00725	0.00302	0.00302
41	0.00607	0.00434	0.00578	0.00694	0.00723	0.00405	0.00463	0.00694	0.00954	0.01272	0.02747	0.82157	0.03297	0.01562	0.00636	0.00202	0.00289	0.01417	0.00463	0.00405
42	0.01022	0.01071	0.07195	0.58986	0.14680	0.01137	0.01407	0.03103	0.03904	0.01421	0.00943	0.01311	0.00717	0.00497	0.00496	0.00163	0.00646	0.00442	0.00241	0.00618
43	0.02487	0.01628	0.26717	0.07728	0.16516	0.01163	0.27510	0.01613	0.01130	0.07196	0.01015	0.01248	0.00747	0.00462	0.00518	0.00160	0.00712	0.00471	0.00263	0.00716
44	0.00639	0.00507	0.00574	0.00557	0.00704	0.00442	0.00418	0.00812	0.01254	0.01626	0.36780	0.04337	0.47266	0.01158	0.00589	0.00163	0.00245	0.00987	0.00500	0.00442
45	0.23811	0.00975	0.01145	0.01002	0.05571	0.01017	0.00770	0.12515	0.01340	0.35027	0.05109	0.01424	0.01100	0.00602	0.00536	0.00158	0.06262	0.00445	0.00467	0.00724
46	0.01326	0.09590	0.09320	0.03618	0.04962	0.14332	0.04182	0.14125	0.03530	0.03792	0.11154	0.01580	0.02454	0.02279	0.04304	0.00188	0.07796	0.00487	0.00341	0.00640
47	0.00609	0.00506	0.00533	0.00526	0.00686	0.00429	0.00394	0.00754	0.01183	0.01459	0.17810	0.04612	0.66340	0.01220	0.00589	0.00166	0.00249	0.01026	0.00478	0.00429
48	0.00661	0.00484	0.00621	0.00637	0.00730	0.00444	0.00458	0.00837	0.01233	0.01694	0.46493	0.29567	0.11846	0.01222	0.00604	0.00173	0.00255	0.01086	0.00512	0.00444
49	0.01305	0.01181	0.01936	0.09799	0.58205	0.01212	0.04887	0.10297	0.01270	0.03643	0.00991	0.01254	0.00794	0.00470	0.00499	0.00151	0.00601	0.00452	0.00283	0.00771
50	0.01316	0.01340	0.11088	0.04468	0.39560	0.01211	0.04433	0.12556	0.11113	0.04754	0.01218	0.01372	0.02245	0.00520	0.00500	0.00154	0.00578	0.00469	0.00328	0.00775
51	0.00613	0.00451	0.00577	0.00674	0.00729	0.00415	0.00464	0.00712	0.00991	0.01293	0.03100	0.66801	0.15066	0.01507	0.00631	0.00198	0.00291	0.04613	0.00463	0.00410
52	0.00992	0.00937	0.01586	0.67806	0.16518	0.01121	0.01409	0.01318	0.01021	0.01335	0.00895	0.01312	0.00686	0.00489	0.00497	0.00163	0.00652	0.00443	0.00226	0.00594
53	0.06226	0.02588	0.14572	0.01496	0.13162	0.01118	0.12551	0.11685	0.06883	0.19196	0.01378	0.03461	0.02257	0.00563	0.00500	0.00157	0.00570	0.00497	0.00387	0.00752
54	0.01525	0.01018	0.08602	0.00877	0.01207	0.04751	0.00766	0.04120	0.06804	0.36383	0.12150	0.03798	0.14273	0.00775	0.00524	0.00158	0.00425	0.00639	0.00512	0.00694
55	0.01786	0.05904	0.06488	0.01264	0.01569	0.66239	0.01013	0.07382	0.01439	0.01379	0.00806	0.00926	0.00656	0.00513	0.00449	0.00131	0.00847	0.00331	0.00269	0.00610
56	0.01126	0.01134	0.10006	0.00861	0.01332	0.00818	0.00772	0.09813	0.01182	0.01788	0.00922	0.01054	0.00738	0.00406	0.00395	0.00092	0.00431	0.00321	0.00308	0.66500
57	0.10179	0.02973	0.03922	0.04634	0.28645	0.29858	0.04250	0.04232	0.01238	0.03024	0.00871	0.01070	0.00706	0.00488	0.00477	0.00144	0.01966	0.00384	0.00269	0.00670
58	0.00733	0.00477	0.00614	0.00677	0.00748	0.00437	0.00465	0.00833	0.01014	0.06931	0.06193	0.60394	0.11130	0.05959	0.00726	0.00209	0.00303	0.01252	0.00469	0.00436
59	0.00634	0.00505	0.00568	0.00556	0.00702	0.00439	0.00416	0.00801	0.01237	0.01594	0.33335	0.06243	0.48853	0.01176	0.00590	0.00165	0.00247	0.01003	0.00496	0.00439
60	0.00714	0.00528	0.00771	0.00771	0.00849	0.00607	0.00585	0.00871	0.00792	0.01135	0.01363	0.02112	0.01313	0.13002	0.71335	0.00764	0.01235	0.00556	0.00271	0.00428
61	0.00700	0.00501	0.00648	0.00624	0.00723	0.00467	0.00453	0.00901	0.01309	0.01843	0.65835	0.09312	0.04312	0.09241	0.00787	0.00193	0.00264	0.00921	0.00518	0.00449
62	0.00929	0.00465	0.00465	0.00465	0.00581	0.00465	0.00348	0.01161	0.01045	0.01858	0.01626	0.01858	0.01278	0.00581	0.00348	0.00116	0.00232	0.00465	0.85250	0.00465
63	0.01333	0.82783	0.02612	0.00853	0.01279	0.01972	0.00853	0.01493	0.01013	0.01173	0.00693	0.00800	0.00640	0.00426	0.00320	0.00107	0.00533	0.00267	0.00213	0.00640
64	0.01034	0.00886	0.01034	0.00738	0.01181	0.00664	0.00591	0.01255	0.01034	0.01624	0.00886	0.01034	0.00738	0.00369	0.00369	0.00074	0.00369	0.00295	0.00295	0.85530
65	0.00705	0.00510	0.00666	0.00627	0.00745	0.00470	0.00470	0.00941	0.01411	0.01999	0.79110	0.03723	0.04703	0.01019	0.00588	0.00157	0.00235	0.00901	0.00549	0.00470
66	0.00763	0.00545	0.00757	0.00872	0.00969	0.00539	0.00733	0.00963	0.01108	0.01447	0.02661	0.21329	0.02956	0.01415	0.00678	0.00224	0.00424	0.60709	0.00460	0.00448
67	0.86003	0.00964	0.00733	0.00655	0.00964	0.01118	0.00540	0.01465	0.00848	0.02236	0.00694	0.00810	0.00540	0.00463	0.00308	0.00154	0.00386	0.00270	0.00308	0.00540
68	0.01333	0.82783	0.02612	0.00853	0.01279	0.01972	0.00853	0.01493	0.01013	0.01173	0.00693	0.00800	0.00640	0.00426	0.00320	0.00107	0.00533	0.00267	0.00213	0.00640
69	0.01707	0.21253	0.07313	0.01158	0.01500	0.49367	0.00980	0.01881	0.01293	0.07996	0.00864	0.00955	0.00692	0.00499	0.00425	0.00128	0.00760	0.00327	0.00274	0.00627
70	0.81596	0.05223	0.00830	0.00666	0.00980	0.01163	0.00556	0.01467	0.00857	0.02181	0.00694	0.00809	0.00545	0.00461	0.00309	0.00152	0.00393	0.00270	0.00304	0.00545
71	0.01125	0.01396	0.17695	0.01922	0.28092	0.01092	0.15719	0.08297	0.01249	0.01730	0.05270	0.01799	0.11173	0.00594	0.00525	0.00157	0.00603	0.00558	0.00306	0.00698
72	0.00742	0.00526	0.00716	0.00819	0.00899	0.00519	0.00660	0.00909	0.01052	0.01379	0.02561	0.26287	0.02879	0.09575	0.00860	0.00248	0.00415	0.48081	0.00444	0.00428
73	0.00712	0.00534	0.00801	0.00801	0.00890	0.00623	0.00623	0.00890	0.00801	0.01157	0.01335	0.01958	0.01246	0.03738	0.80507	0.00801	0.01335	0.00534	0.00267	0.00445
74	0.00705	0.00510	0.00666	0.00627	0.00745	0.00470	0.00470	0.00941	0.01411	0.01999	0.79110	0.03723	0.04703	0.01019	0.00588	0.00157	0.00235	0.00901	0.00549	0.00470
75	0.01034	0.00886	0.01034	0.00738	0.01181	0.00664	0.00591	0.01255	0.01034	0.01624	0.00886	0.01034	0.00738	0.00369	0.00369	0.00074	0.00369	0.00295	0.00295	0.85530
76	0.01207	0.01719	0.32920	0.02242	0.41871	0.01145	0.03143	0.01611	0.01123	0.06877	0.00991	0.01195	0.00756	0.00467	0.00488	0.00153	0.00643	0.00421	0.00257	0.00770
77	0.01216	0.09752	0.54069	0.01293	0.01914	0.01300	0.01527	0.14957	0.05027	0.02923	0.00998	0.01102	0.00721	0.00503	0.00466	0.00152	0.00664	0.00384	0.00281	0.00751
78	0.00618	0.00443	0.00571	0.00668	0.00702	0.00414	0.00442	0.00698	0.00941	0.01246	0.02758	0.69910	0.07386	0.09674	0.00825	0.00229	0.00307	0.01327	0.00447	0.00395
79	0.00624	0.00449	0.00591	0.00676	0.00725	0.00417	0.00461	0.00737	0.01040	0.01400	0.15989	0.65795	0.06332	0.01457	0.00626	0.00193	0.00279	0.01315	0.00478	0.00417
80	0.01046	0.04938	0.05215	0.00779	0.01237	0.00753	0.00668	0.01283	0.01034	0.01600	0.00877	0.01023	0.00728	0.00377	0.00372	0.00080	0.00396	0.00298	0.00287	0.77007
81	0.00618	0.00506	0.00545	0.00535	0.00691	0.00433	0.00401	0.00771	0.01204	0.01509	0.23453	0.04530	0.60666	0.01202	0.00589	0.00165	0.00248	0.01015	0.00484	0.00433
82	0.00712	0.00534	0.00801	0.00801	0.00890	0.00623	0.00623	0.00890	0.00801	0.01157	0.01335	0.01958	0.01246	0.03738	0.80507	0.00801	0.01335	0.00534	0.00267	0.00445
83	0.00964	0.00930	0.01635	0.73639	0.03353	0.01122	0.08740	0.01305	0.01014	0.01305	0.00898	0.01330	0.00673	0.00491	0.00507	0.00166	0.00681	0.00457	0.00224	0.00565
84	0.01365	0.68507	0.04148	0.00910	0.01323	0.06376	0.00880	0.03818	0.06301	0.01303	0.00807	0.00894	0.00705	0.00454	0.00349	0.00114	0.00550	0.00297	0.00244	0.00654
85	0.00996	0.06348	0.57973	0.07151	0.06645	0.01130	0.01606	0.01482	0.01075	0.01562	0.06697	0.03116	0.01005	0.00536	0.00481	0.00156	0.00665	0.00436	0.00244	0.00694
86	0.00591	0.00498	0.00512	0.00524	0.00678	0.00419	0.00387	0.00713	0.01118	0.01339	0.04818	0.12568	0.71549	0.01292	0.00594	0.00172	0.00256	0.01089	0.00463	0.00419
87	0.00628	0.00502	0.00561	0.00557	0.00699	0.00436	0.00414	0.00786	0.01212	0.01551	0.28634	0.09551	0.50304	0.01204	0.00592	0.00167	0.00249	0.01028	0.00490	0.00436
88	0.01034	0.00886	0.01034	0.00738	0.01181	0.00664	0.00591	0.01255	0.01034	0.01624	0.00886	0.01034	0.00738	0.00369	0.00369	0.00074	0.00369	0.00295	0.00295	0.85530
89	0.00610	0.00436	0.00581	0.00692	0.00724	0.00407	0.00463	0.00701	0.00968	0.01294	0.04968	0.79876	0.03338	0.01546	0.00635	0.00201	0.00288	0.01402	0.00465	0.00407
90	0.02236	0.00848	0.01157	0.00887	0.01272	0.00733	0.00733	0.02429	0.01427	0.79719	0.01966	0.01697	0.01234	0.00617	0.00501	0.00154	0.00424	0.00501	0.00617	0.00848
91	0.01333	0.82783	0.02612	0.00853	0.01279	0.01972	0.00853	0.01493	0.01013	0.01173	0.00693	0.00800	0.00640	0.00426	0.00320	0.00107	0.00533	0.00267	0.00213	0.00640
92	0.00598	0.00503	0.00519	0.00519	0.00680	0.00424	0.00388	0.00731	0.01150	0.01391	0.10301	0.07061	0.71524	0.01254	0.00590	0.00169	0.00252	0.01052	0.00469	0.00424
93	0.00699	0.00508	0.00594	0.00582	0.00721	0.00450	0.00433	0.00870	0.01231	0.03986	0.33714	0.12116	0.36875	0.01153	0.00582	0.00165	0.00254	0.00992	0.03623	0.00453
94	0.01306	0.01103	0.01164	0.01028	0.01321	0.01271	0.00805	0.10189	0.70825	0.02191	0.01945	0.01793	0.01454	0.00668	0.00506	0.00167	0.00410	0.00552	0.00506	0.00795
95	0.01034	0.00886	0.01034	0.00738	0.01181	0.00664	0.00591	0.01255	0.01034	0.01624	0.00886	0.01034	0.00738	0.00369	0.00369	0.00074	0.00369	0.00295	0.00295	0.85530
96	0.01862	0.02376	0.01413	0.01284	0.01541	0.80482	0.00963	0.01990	0.01413	0.01220	0.00770	0.00899	0.00642	0.00514	0.00449	0.00128	0.00899	0.00321	0.00257	0.00578
97	0.01176	0.01345	0.02941	0.02101	0.02605	0.01261	0.77563	0.01597	0.01176	0.01597	0.01008	0.01345	0.00756	0.00420	0.00588	0.00168	0.00840	0.00588	0.00252	0.00672
98	0.00717	0.00514	0.00700	0.00700	0.00754	0.00568	0.00497	0.00825	0.00771	0.01082	0.01428	0.02471	0.01469	0.34687	0.49863	0.00676	0.01000	0.00609	0.00281	0.00389
99	0.01000	0.02578	0.79900	0.01421	0.02157	0.01158	0.01842	0.01579	0.01052	0.01579	0.00895	0.01052	0.00631	0.00474	0.00474	0.00158	0.00737	0.00368	0.00210	0.00737
100	0.01173	0.00613	0.00816	0.00706	0.00906	0.00550	0.00550	0.01396	0.01416	0.25756	0.55530	0.03104	0.03643	0.00896	0.00561	0.00156	0.00293	0.00779	0.00570	0.00586
101	0.01000	0.02578	0.79900	0.01421	0.02157	0.01158	0.01842	0.01579	0.01052	0.01579	0.00895	0.01052	0.00631	0.00474	0.00474	0.00158	0.00737	0.00368	0.00210	0.00737
102	0.00612	0.00437	0.00584	0.00700	0.00731	0.00409	0.00472	0.00703	0.00959	0.01278	0.02744	0.80135	0.03285	0.01557	0.00638	0.00203	0.00294	0.03388	0.00463	0.00406
103	0.00607	0.00434	0.00578	0.00694	0.00723	0.00405	0.00463	0.00694	0.00954	0.01272	0.02747	0.82157	0.03297	0.01562	0.00636	0.00202	0.00289	0.01417	0.00463	0.00405
104	0.01341	0.01073	0.01148	0.01013	0.01308	0.01221	0.00793	0.06541	0.69312	0.07378	0.01981	0.01814	0.01467	0.00668	0.00506	0.00167	0.00404	0.00553	0.00514	0.00796
105	0.61100	0.01437	0.23927	0.00880	0.01314	0.01130	0.00921	0.01498	0.00908	0.02044	0.00753	0.00881	0.00567	0.00466	0.00357	0.00155	0.00488	0.00299	0.00280	0.00597
106	0.01117	0.01043	0.01713	0.04134	0.51397	0.01049	0.05244	0.01478	0.06692	0.01611	0.01567	0.02155	0.07191	0.00650	0.00533	0.00164	0.00548	0.10700	0.00311	0.00705
107	0.01152	0.01585	0.24934	0.02133	0.36002	0.01146	0.10101	0.02997	0.04329	0.01657	0.00978	0.01199	0.00766	0.00456	0.00487	0.00147	0.00633	0.00429	0.00257	0.08612
108	0.00622	0.00506	0.00551	0.00540	0.00694	0.00435	0.00405	0.00779	0.01214	0.01532	0.26069	0.04492	0.58035	0.01193	0.00589	0.00165	0.00248	0.01009	0.00487	0.00435
109	0.03223	0.01216	0.01656	0.22889	0.19604	0.09283	0.09032	0.09677	0.10711	0.03571	0.01149	0.03759	0.00914	0.00546	0.00503	0.00158	0.00622	0.00488	0.00317	0.00683
110	0.01695	0.09489	0.01497	0.01106	0.01454	0.16341	0.00899	0.36805	0.19238	0.04575	0.01278	0.01266	0.00952	0.00584	0.00474	0.00146	0.00574	0.00434	0.00430	0.00763
111	0.00979	0.02378	0.71329	0.01415	0.04893	0.01106	0.01725	0.01515	0.01061	0.01564	0.01195	0.01328	0.06280	0.00529	0.00483	0.00158	0.00697	0.00420	0.00230	0.00716
112	0.03355	0.08420	0.09562	0.01404	0.13284	0.05455	0.04783	0.16655	0.08304	0.21852	0.01311	0.01323	0.00936	0.00543	0.00479	0.00149	0.00557	0.00444	0.00409	0.00775
113	0.03837	0.51344	0.02059	0.00877	0.01280	0.01562	0.00815	0.07204	0.01209	0.22167	0.01080	0.01090	0.00822	0.00559	0.02043	0.00138	0.00518	0.00347	0.00344	0.00703
114	0.01185	0.00621	0.00791	0.00684	0.00903	0.00546	0.00536	0.01381	0.01351	0.27595	0.36109	0.03305	0.21092	0.00943	0.00559	0.00159	0.00302	0.00804	0.00551	0.00584
115	0.00838	0.00438	0.00637	0.00640	0.00653	0.00431	0.00430	0.00655	0.00693	0.00912	0.01222	0.04131	0.06564	0.01693	0.01812	0.76850	0.00416	0.00506	0.00241	0.00237
116	0.01297	0.10374	0.31766	0.01629	0.16977	0.03657	0.06211	0.07269	0.06769	0.07774	0.01072	0.01194	0.00798	0.00495	0.00474	0.00150	0.00636	0.00415	0.00296	0.00748
117	0.09284	0.00837	0.01071	0.00841	0.01196	0.00757	0.00690	0.03993	0.01384	0.63368	0.06003	0.01864	0.05117	0.00655	0.00493	0.00155	0.00406	0.00528	0.00577	0.00781
118	0.00720	0.00530	0.00692	0.00744	0.00860	0.00502	0.00604	0.00920	0.01201	0.01590	0.24884	0.12632	0.16061	0.01274	0.00638	0.00196	0.00344	0.34671	0.00486	0.00450
119	0.03231	0.34451	0.20570	0.03748	0.03772	0.03156	0.21522	0.01544	0.01072	0.01420	0.00837	0.01032	0.00671	0.00441	0.00439	0.00139	0.00672	0.00387	0.00227	0.00668
120	0.00872	0.00469	0.00674	0.00665	0.00688	0.00475	0.00453	0.00767	0.04470	0.01006	0.06544	0.01690	0.01173	0.01629	0.01781	0.75236	0.00417	0.00473	0.00254	0.00262
121	0.00716	0.00480	0.00546	0.00554	0.00557	0.00478	0.00314	0.00723	0.00741	0.00988	0.01655	0.08930	0.01919	0.76669	0.02400	0.00463	0.00469	0.00775	0.00314	0.00309
122	0.01091	0.01091	0.01527	0.01309	0.01309	0.01527	0.01091	0.01200	0.00763	0.01200	0.00654	0.01091	0.00654	0.00872	0.01636	0.00218	0.81570	0.00436	0.00218	0.00545
123	0.05541	0.14041	0.27973	0.01609	0.17130	0.04557	0.07700	0.05609	0.01179	0.08703	0.00980	0.01122	0.00736	0.00477	0.00458	0.00147	0.00637	0.00396	0.00280	0.00727
124	0.01076	0.01076	0.03255	0.42450	0.31313	0.01153	0.09686	0.01408	0.01068	0.01445	0.00918	0.01291	0.00720	0.00469	0.00506	0.00160	0.00658	0.00458	0.00234	0.00657

[dist]
# distance from previous block
# <min> <max>
0	1

[block]
# block no. 2 follows, 50 sequences, length 14
# corresponding to MSA columns:
# 393-406
name=unknown_C
#
# <colnr> <probs for GDERKNQSTAVLIFYWHMCP>
#	G	D	E	R	K	N	Q	S	T	A	V	L	I	F	Y	W	H	M	C	P
0	0.71921	0.03659	0.00972	0.00872	0.05372	0.02966	0.03208	0.01480	0.00891	0.02101	0.00719	0.00859	0.00569	0.00470	0.00362	0.00154	0.02272	0.00295	0.00297	0.00562
1	0.00654	0.00507	0.00595	0.00573	0.00713	0.00448	0.00430	0.00841	0.01289	0.01709	0.46255	0.04200	0.37739	0.01127	0.00588	0.00162	0.00243	0.00968	0.00511	0.00448
2	0.06530	0.13534	0.06135	0.12154	0.44319	0.01293	0.06131	0.01495	0.01080	0.01549	0.00881	0.01151	0.00725	0.00449	0.00461	0.00146	0.00602	0.00411	0.00241	0.00712
3	0.01044	0.00881	0.00952	0.00888	0.01116	0.00976	0.00688	0.02034	0.52524	0.01890	0.08386	0.07616	0.12844	0.00880	0.00543	0.00174	0.00360	0.05036	0.00499	0.00670
4	0.00866	0.00545	0.00718	0.00654	0.00800	0.00498	0.00498	0.01097	0.01413	0.10152	0.71017	0.03511	0.04339	0.00977	0.00579	0.00157	0.00255	0.00859	0.00556	0.00510
5	0.01307	0.00643	0.00859	0.00729	0.00952	0.00573	0.00573	0.01526	0.01417	0.32538	0.48798	0.02927	0.03340	0.00861	0.00554	0.00156	0.00309	0.00744	0.00576	0.00619
6	0.00593	0.00491	0.00520	0.00543	0.00683	0.00418	0.00396	0.00711	0.01099	0.01332	0.04583	0.20463	0.63805	0.01323	0.00599	0.00175	0.00260	0.01126	0.00463	0.00418
7	0.01895	0.01396	0.01496	0.01147	0.01546	0.01546	0.00947	0.77711	0.02344	0.03141	0.01197	0.01197	0.00848	0.00598	0.00499	0.00150	0.00548	0.00449	0.00499	0.00848
8	0.01895	0.01396	0.01496	0.01147	0.01546	0.01546	0.00947	0.77711	0.02344	0.03141	0.01197	0.01197	0.00848	0.00598	0.00499	0.00150	0.00548	0.00449	0.00499	0.00848
9	0.01708	0.01303	0.01391	0.01109	0.01474	0.01458	0.00902	0.56283	0.24077	0.02840	0.01434	0.01386	0.01040	0.00621	0.00501	0.00155	0.00505	0.00482	0.00501	0.00831
10	0.01177	0.37023	0.35584	0.01119	0.01659	0.01521	0.01268	0.01690	0.11769	0.01473	0.00965	0.01055	0.00758	0.00481	0.00412	0.00137	0.00601	0.00351	0.00253	0.00702
11	0.00629	0.00459	0.00567	0.00634	0.00689	0.00424	0.00425	0.00721	0.00986	0.01294	0.08761	0.51313	0.16032	0.13557	0.00908	0.00235	0.00308	0.01213	0.00445	0.00397
12	0.77204	0.01009	0.00812	0.00707	0.01025	0.01163	0.00582	0.09442	0.01005	0.02331	0.00747	0.00850	0.00572	0.00477	0.00328	0.00154	0.00403	0.00289	0.00328	0.00572
13	0.11431	0.07411	0.06025	0.05682	0.05985	0.01199	0.27700	0.09729	0.01249	0.13451	0.01118	0.01336	0.00838	0.03971	0.00579	0.00169	0.00627	0.00477	0.00335	0.00687

[dist]
# distance from previous block
# <min> <max>
0	7

[block]
# block no. 3 follows, 50 sequences, length 12
# corresponding to MSA columns:
# 414-425
name=unknown_D
#
# <colnr> <probs for GDERKNQSTAVLIFYWHMCP>
#	G	D	E	R	K	N	Q	S	T	A	V	L	I	F	Y	W	H	M	C	P
0	0.01408	0.01232	0.06040	0.06463	0.12965	0.05326	0.03102	0.17395	0.04535	0.09555	0.01108	0.01217	0.00833	0.00488	0.00458	0.00129	0.00528	0.00403	0.00357	0.26457
1	0.30132	0.21474	0.07537	0.01025	0.04085	0.17325	0.00879	0.09458	0.01182	0.01793	0.00785	0.00899	0.00632	0.00478	0.00378	0.00137	0.00576	0.00312	0.00285	0.00628
2	0.01220	0.01591	0.21149	0.01114	0.01488	0.14782	0.02711	0.08218	0.20385	0.01828	0.13663	0.01914	0.05020	0.00677	0.00509	0.00157	0.00561	0.01958	0.00386	0.00669
3	0.00607	0.00434	0.00578	0.00694	0.00723	0.00405	0.00463	0.00694	0.00954	0.01272	0.02747	0.82157	0.03297	0.01562	0.00636	0.00202	0.00289	0.01417	0.00463	0.00405
4	0.00775	0.00663	0.01009	0.33919	0.04323	0.00735	0.00873	0.00990	0.01029	0.01345	0.08144	0.26984	0.11616	0.01105	0.04093	0.00204	0.00491	0.00860	0.00355	0.00487
5	0.07407	0.00870	0.01128	0.00881	0.01255	0.00789	0.00724	0.02383	0.06333	0.69897	0.01891	0.01652	0.01209	0.00611	0.00490	0.00155	0.00420	0.00491	0.00591	0.00825
6	0.00702	0.00491	0.00581	0.00587	0.00621	0.00494	0.00369	0.00748	0.00795	0.01055	0.01992	0.06990	0.10743	0.56934	0.14403	0.00483	0.00580	0.00766	0.00323	0.00343
7	0.00768	0.00492	0.00653	0.00687	0.00773	0.00453	0.00486	0.00913	0.01144	0.07675	0.28256	0.49576	0.03606	0.01306	0.00609	0.00183	0.00282	0.01172	0.00504	0.00462
8	0.01895	0.01396	0.01496	0.01147	0.01546	0.01546	0.00947	0.77711	0.02344	0.03141	0.01197	0.01197	0.00848	0.00598	0.00499	0.00150	0.00548	0.00449	0.00499	0.00848
9	0.01320	0.01504	0.10697	0.01805	0.19021	0.11912	0.17990	0.12508	0.01284	0.01696	0.00981	0.01288	0.00802	0.03987	0.03989	0.00198	0.07587	0.00466	0.00282	0.00683
10	0.01066	0.01090	0.04313	0.21459	0.25815	0.05975	0.06342	0.01432	0.07179	0.01510	0.04816	0.11799	0.03718	0.00672	0.00524	0.00163	0.00571	0.00615	0.00308	0.00634
11	0.01424	0.05362	0.07988	0.01245	0.07943	0.32285	0.00960	0.05384	0.07076	0.04186	0.09669	0.01697	0.03857	0.00630	0.00484	0.00143	0.00633	0.03792	0.00342	0.04900

[dist]
# distance from previous block
# <min> <max>
1	16

[block]
# block no. 4 follows, 50 sequences, length 11
# corresponding to MSA columns:
# 442-452
name=unknown_E
#
# <colnr> <probs for GDERKNQSTAVLIFYWHMCP>
#	G	D	E	R	K	N	Q	S	T	A	V	L	I	F	Y	W	H	M	C	P
0	0.01155	0.01570	0.23136	0.01521	0.12968	0.05516	0.12429	0.03246	0.07076	0.01654	0.01002	0.01173	0.00776	0.00453	0.00466	0.00133	0.00607	0.00405	0.00277	0.24436
1	0.01012	0.00966	0.01661	0.61784	0.19418	0.01129	0.04304	0.01340	0.01033	0.01361	0.00901	0.01309	0.00694	0.00484	0.00501	0.00162	0.00656	0.00449	0.00228	0.00608
2	0.00886	0.00651	0.00831	0.00793	0.00889	0.00729	0.00592	0.10476	0.01026	0.01448	0.01605	0.17787	0.01655	0.16177	0.29402	0.00453	0.06971	0.00718	0.06439	0.00472
3	0.01465	0.00979	0.01448	0.18321	0.12287	0.01011	0.06751	0.06855	0.11807	0.25221	0.01717	0.01753	0.06902	0.00609	0.00513	0.00160	0.00520	0.00534	0.00422	0.00724
4	0.00613	0.00478	0.00560	0.00620	0.00722	0.00425	0.00447	0.00729	0.01055	0.01323	0.03837	0.39777	0.39441	0.01406	0.00618	0.00188	0.00284	0.06600	0.00463	0.00416
5	0.01416	0.17235	0.01453	0.01093	0.07215	0.15401	0.00815	0.10784	0.03920	0.11329	0.12508	0.11642	0.01695	0.00723	0.00485	0.00146	0.00514	0.00586	0.00397	0.00642
6	0.00616	0.00514	0.00542	0.00557	0.00718	0.00440	0.00432	0.00755	0.01138	0.01365	0.04748	0.04900	0.69626	0.01277	0.00602	0.00176	0.00278	0.10430	0.00462	0.00426
7	0.01034	0.00886	0.01034	0.00738	0.01181	0.00664	0.00591	0.01255	0.01034	0.01624	0.00886	0.01034	0.00738	0.00369	0.00369	0.00074	0.00369	0.00295	0.00295	0.85530
8	0.01099	0.01033	0.01729	0.14474	0.56248	0.01060	0.01346	0.01377	0.01110	0.01551	0.04023	0.07685	0.03918	0.00588	0.00512	0.00156	0.00555	0.00557	0.00278	0.00700
9	0.01027	0.01100	0.02212	0.01721	0.06848	0.01028	0.51422	0.01349	0.01132	0.01501	0.01862	0.02179	0.16674	0.06763	0.00729	0.00191	0.00679	0.00683	0.00298	0.00601
10	0.71676	0.07124	0.00925	0.00701	0.01026	0.01172	0.00589	0.04007	0.00945	0.07019	0.00790	0.00877	0.00601	0.00474	0.00328	0.00150	0.00404	0.00290	0.00327	0.00577

[dist]
# distance from previous block
# <min> <max>
0	3

[block]
# block no. 5 follows, 50 sequences, length 20
# corresponding to MSA columns:
# 456-475
name=unknown_F
#
# <colnr> <probs for GDERKNQSTAVLIFYWHMCP>
#	G	D	E	R	K	N	Q	S	T	A	V	L	I	F	Y	W	H	M	C	P
0	0.00768	0.00517	0.00608	0.00613	0.00755	0.00452	0.00449	0.00901	0.01139	0.09040	0.12133	0.27870	0.40400	0.01264	0.00595	0.00176	0.00278	0.01093	0.00487	0.00463
1	0.01152	0.01000	0.01161	0.16133	0.01560	0.06990	0.00853	0.15446	0.08896	0.01853	0.21744	0.02087	0.01939	0.07348	0.00807	0.00189	0.09268	0.00590	0.00396	0.00589
2	0.00712	0.00478	0.00547	0.00560	0.00563	0.00475	0.00319	0.00722	0.00750	0.01000	0.01698	0.11806	0.01973	0.73720	0.02331	0.00453	0.00462	0.00800	0.00319	0.00313
3	0.01176	0.01016	0.01066	0.00965	0.01235	0.01160	0.00749	0.02460	0.70929	0.02013	0.02323	0.02146	0.09095	0.00733	0.00515	0.00169	0.00381	0.00611	0.00503	0.00753
4	0.86003	0.00964	0.00733	0.00655	0.00964	0.01118	0.00540	0.01465	0.00848	0.02236	0.00694	0.00810	0.00540	0.00463	0.00308	0.00154	0.00386	0.00270	0.00308	0.00540
5	0.01218	0.01047	0.01108	0.00998	0.01273	0.01208	0.00776	0.02578	0.75279	0.02082	0.05224	0.01937	0.01653	0.00690	0.00511	0.00169	0.00388	0.00578	0.00509	0.00776
6	0.86003	0.00964	0.00733	0.00655	0.00964	0.01118	0.00540	0.01465	0.00848	0.02236	0.00694	0.00810	0.00540	0.00463	0.00308	0.00154	0.00386	0.00270	0.00308	0.00540
7	0.01333	0.82783	0.02612	0.00853	0.01279	0.01972	0.00853	0.01493	0.01013	0.01173	0.00693	0.00800	0.00640	0.00426	0.00320	0.00107	0.00533	0.00267	0.00213	0.00640
8	0.00607	0.00434	0.00578	0.00694	0.00723	0.00405	0.00463	0.00694	0.00954	0.01272	0.02747	0.82157	0.03297	0.01562	0.00636	0.00202	0.00289	0.01417	0.00463	0.00405
9	0.00725	0.00483	0.00544	0.00544	0.00544	0.00483	0.00302	0.00725	0.00725	0.00966	0.01571	0.03262	0.01812	0.82483	0.02537	0.00483	0.00483	0.00725	0.00302	0.00302
10	0.02236	0.00848	0.01157	0.00887	0.01272	0.00733	0.00733	0.02429	0.01427	0.79719	0.01966	0.01697	0.01234	0.00617	0.00501	0.00154	0.00424	0.00501	0.00617	0.00848
11	0.06166	0.01202	0.01351	0.01041	0.01431	0.01269	0.00860	0.50249	0.01981	0.27192	0.01414	0.01335	0.00954	0.00597	0.00490	0.00151	0.00501	0.00456	0.00526	0.00833
12	0.00607	0.00434	0.00578	0.00694	0.00723	0.00405	0.00463	0.00694	0.00954	0.01272	0.02747	0.82157	0.03297	0.01562	0.00636	0.00202	0.00289	0.01417	0.00463	0.00405
13	0.00715	0.00479	0.00546	0.00556	0.00558	0.00477	0.00315	0.00722	0.00743	0.00991	0.01665	0.09588	0.01931	0.75994	0.02385	0.00461	0.00468	0.00780	0.00315	0.00310
14	0.00607	0.00434	0.00578	0.00694	0.00723	0.00405	0.00463	0.00694	0.00954	0.01272	0.02747	0.82157	0.03297	0.01562	0.00636	0.00202	0.00289	0.01417	0.00463	0.00405
15	0.02236	0.00848	0.01157	0.00887	0.01272	0.00733	0.00733	0.02429	0.01427	0.79719	0.01966	0.01697	0.01234	0.00617	0.00501	0.00154	0.00424	0.00501	0.00617	0.00848
16	0.01069	0.01026	0.01441	0.01244	0.01244	0.01420	0.01026	0.01146	0.00752	0.01167	0.00675	0.01132	0.00675	0.00956	0.01666	0.08536	0.73656	0.00436	0.00218	0.00513
17	0.01605	0.01209	0.01301	0.01051	0.01384	0.01332	0.00848	0.54953	0.13746	0.02709	0.01665	0.09373	0.05066	0.00737	0.00518	0.00159	0.00485	0.00591	0.00495	0.00774
18	0.01176	0.00978	0.01206	0.01065	0.01227	0.01203	0.00852	0.01874	0.35349	0.06850	0.01464	0.01641	0.01185	0.03235	0.11235	0.00274	0.27635	0.00517	0.00382	0.00655
19	0.15700	0.03747	0.02655	0.15583	0.10489	0.01005	0.03465	0.04648	0.09303	0.07569	0.02838	0.16627	0.01381	0.00781	0.01935	0.00177	0.00493	0.00622	0.00364	0.00616

[dist]
# distance from previous block
# <min> <max>
0	3

[block]
# block no. 6 follows, 50 sequences, length 27
# corresponding to MSA columns:
# 479-505
name=unknown_G
#
# <colnr> <probs for GDERKNQSTAVLIFYWHMCP>
#	G	D	E	R	K	N	Q	S	T	A	V	L	I	F	Y	W	H	M	C	P
0	0.10478	0.08280	0.03811	0.01228	0.13101	0.14485	0.02334	0.02472	0.04075	0.01479	0.01067	0.03284	0.00983	0.12350	0.07769	0.00240	0.00633	0.00445	0.00285	0.11201
1	0.01401	0.58509	0.05434	0.01048	0.01484	0.04762	0.08898	0.08154	0.01175	0.03902	0.00821	0.00933	0.00688	0.00452	0.00380	0.00121	0.00585	0.00329	0.00256	0.00669
2	0.00772	0.00510	0.00665	0.00708	0.00811	0.00471	0.00530	0.00925	0.01134	0.06978	0.18368	0.38563	0.12581	0.01319	0.00620	0.00190	0.00312	0.13593	0.00490	0.00460
3	0.31533	0.03272	0.01228	0.01276	0.17462	0.01127	0.00843	0.11803	0.06910	0.13205	0.01147	0.01216	0.00851	0.00521	0.00417	0.00150	0.00451	0.00396	0.05498	0.00693
4	0.01468	0.04149	0.15737	0.08267	0.01616	0.08472	0.01023	0.07188	0.09782	0.22566	0.04724	0.04577	0.01216	0.00780	0.04434	0.00188	0.02204	0.00502	0.00405	0.00703
