[name]
unknown

[dist]
# distance from previous block
# <min> <max>
0	38

[block]
# block no. 0 follows, 46 sequences, length 39
# corresponding to MSA columns:
# 39-77
name=unknown_A
#
# <colnr> <probs for GDERKNQSTAVLIFYWHMCP>
#	G	D	E	R	K	N	Q	S	T	A	V	L	I	F	Y	W	H	M	C	P
0	0.03609	0.09766	0.07710	0.03372	0.13101	0.04115	0.01058	0.15738	0.03901	0.10707	0.04306	0.01593	0.01144	0.00607	0.00520	0.00150	0.02199	0.04043	0.00390	0.11970
1	0.08265	0.01155	0.05886	0.03189	0.06626	0.03255	0.12883	0.06947	0.09480	0.08014	0.04896	0.02083	0.06924	0.10666	0.00856	0.00213	0.04100	0.01514	0.00387	0.02660
2	0.03675	0.06641	0.08163	0.00997	0.07702	0.02637	0.00757	0.01081	0.01166	0.01568	0.14322	0.21245	0.19492	0.04658	0.00677	0.00193	0.00414	0.03652	0.00423	0.00536
3	0.01434	0.07878	0.15739	0.01141	0.01538	0.16935	0.01047	0.10401	0.21649	0.01934	0.03136	0.01450	0.01118	0.00598	0.00483	0.00151	0.00602	0.00456	0.07861	0.04448
4	0.07351	0.01661	0.35247	0.07675	0.03952	0.01011	0.01297	0.04048	0.01217	0.10392	0.09992	0.07153	0.03299	0.02729	0.00580	0.00179	0.00588	0.00577	0.00359	0.00693
5	0.01605	0.07579	0.10750	0.07244	0.07904	0.07724	0.08544	0.03659	0.03746	0.17238	0.06080	0.03599	0.01340	0.00679	0.00570	0.00177	0.00644	0.00549	0.00426	0.09942
6	0.01446	0.01566	0.07320	0.01644	0.04144	0.18408	0.34334	0.01769	0.01280	0.08311	0.01189	0.01478	0.00920	0.04093	0.00636	0.00175	0.00766	0.00525	0.09321	0.00674
7	0.00769	0.00513	0.00577	0.00577	0.00577	0.00513	0.00320	0.00769	0.00769	0.01025	0.01666	0.03460	0.01922	0.81421	0.02691	0.00513	0.00513	0.00769	0.00320	0.00320
8	0.00885	0.00477	0.00701	0.00701	0.00713	0.00490	0.00475	0.00729	0.00716	0.00967	0.01043	0.01815	0.01050	0.08376	0.12282	0.66981	0.00589	0.00498	0.00244	0.00269
9	0.01351	0.01358	0.01956	0.17195	0.09879	0.11127	0.20416	0.06086	0.08747	0.03615	0.02020	0.02547	0.00944	0.00599	0.00687	0.00175	0.09759	0.00527	0.00315	0.00694
10	0.18113	0.00942	0.01142	0.00899	0.01283	0.00892	0.00741	0.06297	0.01448	0.57285	0.04381	0.01665	0.01272	0.00637	0.00496	0.00163	0.00442	0.00496	0.00583	0.00823
11	0.00689	0.00543	0.00588	0.00593	0.00746	0.00482	0.00438	0.00884	0.03609	0.01578	0.15358	0.13807	0.51177	0.01276	0.00612	0.00178	0.00273	0.01085	0.05616	0.00467
12	0.20797	0.18314	0.01595	0.01123	0.06967	0.01336	0.04418	0.13617	0.03689	0.10508	0.02846	0.03414	0.02706	0.02747	0.03631	0.00190	0.00548	0.00468	0.00384	0.00700
13	0.00635	0.00527	0.00556	0.00568	0.00725	0.00448	0.00419	0.00771	0.01201	0.01463	0.09739	0.14163	0.64244	0.01360	0.00631	0.00182	0.00271	0.01152	0.00497	0.00448
14	0.00788	0.00576	0.00776	0.00815	0.00900	0.00608	0.00594	0.06384	0.01058	0.01448	0.02214	0.44661	0.02465	0.02474	0.31069	0.00456	0.00756	0.01065	0.00413	0.00480
15	0.00654	0.00502	0.00587	0.00644	0.00740	0.00449	0.00450	0.00765	0.01095	0.01388	0.06111	0.39067	0.34821	0.07372	0.00802	0.00221	0.00308	0.03112	0.00481	0.00432
16	0.01089	0.01017	0.01408	0.19454	0.25057	0.06081	0.01087	0.01358	0.04431	0.01426	0.01497	0.02120	0.06761	0.19016	0.03301	0.00265	0.03146	0.00585	0.00298	0.00602
17	0.01668	0.01938	0.01796	0.02228	0.36834	0.43383	0.01298	0.01886	0.01363	0.01493	0.00899	0.01117	0.00753	0.00511	0.00498	0.00146	0.00804	0.00401	0.00267	0.00716
18	0.00973	0.00793	0.00991	0.00901	0.01120	0.00851	0.00704	0.01534	0.22185	0.01592	0.01535	0.01870	0.01306	0.02411	0.43041	0.00523	0.00952	0.00529	0.00360	0.15830
19	0.01226	0.01291	0.01847	0.01519	0.01621	0.06810	0.12972	0.01395	0.00925	0.01340	0.00761	0.01185	0.00710	0.00824	0.01475	0.00217	0.62559	0.00480	0.00240	0.00602
20	0.01591	0.00795	0.01021	0.00854	0.01137	0.00747	0.00678	0.02000	0.12466	0.37916	0.31382	0.02655	0.02775	0.00828	0.00568	0.00167	0.00368	0.00705	0.00609	0.00736
21	0.00690	0.00522	0.00637	0.00643	0.00763	0.00469	0.00469	0.00872	0.01308	0.01754	0.40757	0.20987	0.25642	0.01280	0.00635	0.00180	0.00267	0.01120	0.00536	0.00469
22	0.01977	0.02443	0.01505	0.01351	0.01635	0.73581	0.01020	0.07577	0.01571	0.01444	0.00850	0.00977	0.00697	0.00551	0.00481	0.00138	0.00926	0.00350	0.00291	0.00634
23	0.01169	0.01113	0.01893	0.37897	0.44563	0.01219	0.01553	0.01500	0.01138	0.01558	0.00970	0.01354	0.00778	0.00497	0.00526	0.00166	0.00663	0.00470	0.00250	0.00725
24	0.01338	0.01301	0.02054	0.07538	0.64223	0.04901	0.02940	0.03538	0.03846	0.01741	0.01031	0.01322	0.00850	0.00490	0.00524	0.00158	0.00644	0.00472	0.00277	0.00811
25	0.00634	0.00498	0.00575	0.00636	0.00740	0.00438	0.00446	0.00747	0.01108	0.01389	0.04132	0.43178	0.40608	0.01498	0.00650	0.00197	0.00287	0.01310	0.00491	0.00438
26	0.01064	0.00717	0.00747	0.00689	0.00776	0.04383	0.00448	0.07341	0.01027	0.07002	0.01627	0.02928	0.01691	0.59083	0.02079	0.00411	0.00516	0.00687	0.06347	0.00438
27	0.31788	0.03319	0.14875	0.00894	0.01303	0.01002	0.00864	0.01843	0.01156	0.25207	0.01313	0.01336	0.00918	0.00558	0.00426	0.00158	0.00471	0.00406	0.11462	0.00701
28	0.01148	0.00661	0.00796	0.00704	0.00893	0.00639	0.00546	0.08205	0.01479	0.12387	0.39069	0.02854	0.03089	0.00851	0.00530	0.00153	0.00306	0.00724	0.24377	0.00587
29	0.01082	0.01011	0.06860	0.01230	0.11765	0.00910	0.02821	0.12690	0.07659	0.02113	0.31616	0.05992	0.10280	0.00890	0.00582	0.00168	0.00426	0.00775	0.00479	0.00652
30	0.01115	0.01209	0.00900	0.00848	0.01054	0.25760	0.00634	0.01343	0.06341	0.01466	0.08002	0.04444	0.40277	0.03525	0.00637	0.00175	0.00504	0.00818	0.00424	0.00525
31	0.01064	0.00989	0.01422	0.02408	0.04069	0.03871	0.15130	0.02656	0.18463	0.01810	0.17942	0.16107	0.04495	0.00920	0.00677	0.00183	0.05897	0.00825	0.00441	0.00631
32	0.01332	0.01363	0.07864	0.06467	0.12048	0.06954	0.16211	0.10942	0.04707	0.05100	0.04331	0.09064	0.01274	0.00753	0.01993	0.00187	0.07738	0.00613	0.00354	0.00705
33	0.00800	0.00593	0.00715	0.00688	0.00817	0.00577	0.00504	0.01137	0.09498	0.01893	0.46534	0.10085	0.11070	0.08483	0.00799	0.00203	0.00298	0.00942	0.03857	0.00508
34	0.00935	0.01146	0.16305	0.05555	0.03092	0.00849	0.10983	0.04726	0.02003	0.01583	0.07202	0.25974	0.04442	0.11725	0.00879	0.00229	0.00543	0.00883	0.00376	0.00571
35	0.03387	0.01169	0.01897	0.06641	0.37312	0.01176	0.12688	0.09110	0.03141	0.01896	0.04166	0.01660	0.05461	0.00567	0.00533	0.00159	0.00598	0.00541	0.03133	0.04764
36	0.00826	0.00699	0.01076	0.03072	0.03986	0.00706	0.09497	0.01061	0.04089	0.01481	0.10411	0.24611	0.11405	0.08133	0.14187	0.00329	0.02567	0.00950	0.00406	0.00510
37	0.01322	0.05159	0.02823	0.11043	0.15619	0.10557	0.15515	0.09617	0.03015	0.01725	0.03322	0.06265	0.01140	0.04937	0.00679	0.00181	0.02411	0.00564	0.00321	0.03786
38	0.04389	0.13061	0.04300	0.13262	0.20516	0.09398	0.09092	0.04042	0.01189	0.01592	0.01039	0.03425	0.00881	0.00730	0.04849	0.00194	0.02609	0.00471	0.04282	0.00678

[dist]
# distance from previous block
# <min> <max>
19	68

[block]
# block no. 1 follows, 46 sequences, length 19
# corresponding to MSA columns:
# 153-171
name=unknown_B
#
# <colnr> <probs for GDERKNQSTAVLIFYWHMCP>
#	G	D	E	R	K	N	Q	S	T	A	V	L	I	F	Y	W	H	M	C	P
0	0.04342	0.19053	0.14618	0.05680	0.08175	0.04847	0.13212	0.04660	0.01231	0.09761	0.01114	0.03383	0.00880	0.00539	0.00498	0.00153	0.01576	0.00459	0.02463	0.03357
1	0.05901	0.13888	0.05020	0.27516	0.02137	0.04164	0.03958	0.06976	0.04861	0.04099	0.04296	0.01454	0.01022	0.00712	0.04044	0.00186	0.00630	0.00458	0.05794	0.02885
2	0.15168	0.11462	0.10964	0.01349	0.10527	0.04309	0.02717	0.10828	0.21824	0.03924	0.01281	0.01330	0.00976	0.00568	0.00471	0.00160	0.00554	0.00442	0.00380	0.00765
3	0.03126	0.05284	0.01161	0.00988	0.04807	0.08324	0.06147	0.03121	0.06436	0.03751	0.01559	0.01756	0.03987	0.00835	0.05822	0.00187	0.02161	0.00496	0.34785	0.05266
4	0.08677	0.17385	0.22833	0.02173	0.02667	0.05733	0.02089	0.08840	0.15036	0.01909	0.04840	0.01369	0.01084	0.00575	0.00467	0.00155	0.00591	0.00438	0.02409	0.00731
5	0.58571	0.00972	0.00951	0.00821	0.01124	0.01077	0.05902	0.03782	0.02922	0.02226	0.07805	0.05865	0.04878	0.00654	0.00419	0.00169	0.00422	0.00489	0.00373	0.00579
6	0.00900	0.00547	0.00653	0.00637	0.00688	0.00536	0.00398	0.00941	0.00875	0.08181	0.01909	0.09778	0.04320	0.60550	0.06518	0.00464	0.00532	0.00808	0.00368	0.00395
7	0.00858	0.00854	0.05325	0.06092	0.10701	0.02439	0.02653	0.01120	0.03917	0.01594	0.15866	0.10672	0.29207	0.05506	0.00712	0.00194	0.00419	0.00896	0.00429	0.00547
8	0.00949	0.00673	0.00757	0.00685	0.00891	0.00625	0.00528	0.09907	0.01450	0.07437	0.23627	0.06212	0.41971	0.01147	0.00608	0.00173	0.00314	0.00966	0.00531	0.00546
9	0.18407	0.05257	0.00917	0.01853	0.00978	0.00897	0.00602	0.06622	0.01134	0.01767	0.05940	0.14692	0.17139	0.06568	0.02453	0.00213	0.06956	0.00761	0.06317	0.00526
10	0.01209	0.10698	0.01324	0.00999	0.01195	0.18062	0.06171	0.05466	0.01140	0.01370	0.01381	0.07300	0.01401	0.24117	0.11999	0.00351	0.00751	0.02388	0.02156	0.00523
11	0.01226	0.01172	0.01996	0.23746	0.58268	0.01234	0.01581	0.01550	0.01165	0.01627	0.00980	0.01335	0.00802	0.00486	0.00525	0.00162	0.00648	0.00471	0.00255	0.00771
12	0.00731	0.00505	0.00641	0.00723	0.00787	0.00486	0.00519	0.00858	0.01035	0.01408	0.02749	0.42446	0.08193	0.12296	0.02891	0.00265	0.00386	0.14400	0.08248	0.00433
13	0.00689	0.00518	0.00644	0.00733	0.00803	0.00494	0.00503	0.00885	0.06404	0.01421	0.03189	0.65265	0.13389	0.01547	0.00658	0.00207	0.00309	0.01387	0.00494	0.00460
14	0.01235	0.01051	0.01215	0.00937	0.01327	0.00995	0.00753	0.09475	0.13980	0.01930	0.01154	0.01267	0.00926	0.00524	0.00561	0.00119	0.08220	0.00393	0.00366	0.53572
15	0.01237	0.01183	0.02017	0.20927	0.60998	0.01237	0.01587	0.01560	0.01170	0.01641	0.00982	0.01332	0.00807	0.00484	0.00525	0.00161	0.00646	0.00471	0.00256	0.00780
16	0.01578	0.07605	0.01937	0.02335	0.42511	0.31956	0.01334	0.01811	0.01310	0.01522	0.00906	0.01136	0.00764	0.00499	0.00492	0.00146	0.00751	0.00406	0.00263	0.00738
17	0.04064	0.00840	0.01047	0.00961	0.01141	0.06235	0.09295	0.03534	0.06732	0.01639	0.09937	0.35187	0.13287	0.01190	0.00617	0.00190	0.00433	0.02679	0.00457	0.00535
18	0.07825	0.01444	0.06830	0.01718	0.17798	0.10547	0.12346	0.08346	0.08716	0.09122	0.01253	0.03803	0.00985	0.00575	0.00538	0.00161	0.02016	0.00501	0.00363	0.05113

[dist]
# distance from previous block
# <min> <max>
0	3

[block]
# block no. 2 follows, 46 sequences, length 10
# corresponding to MSA columns:
# 175-184
name=unknown_C
#
# <colnr> <probs for GDERKNQSTAVLIFYWHMCP>
#	G	D	E	R	K	N	Q	S	T	A	V	L	I	F	Y	W	H	M	C	P
0	0.01622	0.04160	0.01315	0.01059	0.01374	0.30599	0.00819	0.13817	0.01496	0.07131	0.06100	0.01527	0.01181	0.08445	0.00693	0.00168	0.00647	0.00450	0.00372	0.17023
1	0.00761	0.00583	0.00625	0.00630	0.00791	0.00545	0.00474	0.01049	0.08583	0.01614	0.07902	0.12988	0.44232	0.01205	0.00591	0.00177	0.00292	0.04152	0.12313	0.00493
2	0.01101	0.19376	0.09088	0.01027	0.03747	0.07636	0.00867	0.01393	0.06824	0.01418	0.01633	0.16948	0.04747	0.06384	0.08359	0.00249	0.03258	0.00666	0.00333	0.04949
3	0.10772	0.00993	0.08646	0.00956	0.01294	0.00797	0.05679	0.01731	0.01336	0.30469	0.20303	0.08245	0.04909	0.00811	0.00549	0.00170	0.00440	0.00694	0.00515	0.00691
4	0.01003	0.00775	0.00873	0.02901	0.01064	0.03453	0.00633	0.01520	0.20852	0.06445	0.23326	0.21106	0.11752	0.01091	0.00600	0.00181	0.00357	0.00949	0.00523	0.00594
5	0.29303	0.00768	0.00748	0.00679	0.00915	0.00810	0.00535	0.01496	0.06909	0.09046	0.14558	0.02217	0.09171	0.00733	0.00450	0.00157	0.00335	0.00573	0.20017	0.00579
6	0.00865	0.00727	0.00784	0.00825	0.04616	0.05192	0.00565	0.01095	0.08524	0.01502	0.11975	0.10774	0.34179	0.03306	0.00862	0.12005	0.00375	0.00906	0.00441	0.00484
7	0.00657	0.00525	0.00588	0.00598	0.00740	0.00456	0.00438	0.00811	0.01243	0.01577	0.21900	0.16847	0.49101	0.01329	0.00632	0.00181	0.00270	0.01140	0.00512	0.00456
8	0.01536	0.67667	0.02529	0.00960	0.01389	0.10973	0.00910	0.01704	0.01150	0.05911	0.00826	0.00918	0.00717	0.00475	0.00367	0.00119	0.00603	0.00304	0.00257	0.00684
9	0.00808	0.00585	0.00698	0.00702	0.00763	0.00609	0.00465	0.01041	0.09811	0.01326	0.07671	0.16239	0.02310	0.42996	0.11296	0.00438	0.00557	0.00862	0.00390	0.00431

[dist]
# distance from previous block
# <min> <max>
0	22

[block]
# block no. 3 follows, 46 sequences, length 8
# corresponding to MSA columns:
# 210-217
name=unknown_D
#
# <colnr> <probs for GDERKNQSTAVLIFYWHMCP>
#	G	D	E	R	K	N	Q	S	T	A	V	L	I	F	Y	W	H	M	C	P
0	0.04614	0.44156	0.01993	0.00899	0.01301	0.04512	0.00816	0.01670	0.01137	0.13952	0.01050	0.01158	0.00853	0.00818	0.07933	0.00190	0.00614	0.00357	0.00318	0.11658
1	0.00754	0.00517	0.00629	0.00641	0.00661	0.00531	0.00398	0.00797	0.00807	0.01093	0.01740	0.10630	0.01964	0.59832	0.16314	0.00545	0.00656	0.00802	0.00330	0.00358
2	0.01557	0.01542	0.17955	0.01439	0.09422	0.01283	0.04594	0.29150	0.04072	0.10007	0.05784	0.01569	0.02689	0.00637	0.00577	0.00165	0.03649	0.00514	0.02593	0.00802
3	0.00759	0.00529	0.00678	0.00686	0.00791	0.00487	0.00498	0.00940	0.01290	0.03977	0.41931	0.25481	0.10939	0.05367	0.00744	0.00201	0.00294	0.03399	0.00534	0.00477
4	0.04309	0.01222	0.05665	0.17674	0.12437	0.02557	0.21046	0.07135	0.03787	0.01724	0.01515	0.03672	0.08254	0.00740	0.03138	0.00196	0.03347	0.00592	0.00315	0.00674
5	0.00849	0.00578	0.00708	0.00727	0.00812	0.00574	0.00502	0.01067	0.08287	0.05000	0.08136	0.30745	0.07112	0.23305	0.03974	0.03030	0.00423	0.03262	0.00448	0.00464
6	0.03211	0.04362	0.09036	0.03825	0.03637	0.06400	0.15823	0.07165	0.05546	0.07128	0.05825	0.10826	0.06932	0.02303	0.00638	0.00179	0.03391	0.00680	0.02432	0.00661
7	0.09792	0.12181	0.07467	0.06500	0.07403	0.08949	0.10846	0.07945	0.11863	0.07058	0.04149	0.01400	0.01054	0.00564	0.00493	0.00159	0.00621	0.00470	0.00360	0.00727

[dist]
# distance from previous block
# <min> <max>
7	21

[block]
# block no. 4 follows, 46 sequences, length 21
# corresponding to MSA columns:
# 241-261
name=unknown_E
#
# <colnr> <probs for GDERKNQSTAVLIFYWHMCP>
#	G	D	E	R	K	N	Q	S	T	A	V	L	I	F	Y	W	H	M	C	P
0	0.04696	0.05543	0.02099	0.21820	0.23132	0.05786	0.18217	0.07412	0.03058	0.01736	0.01012	0.01310	0.00791	0.00502	0.00528	0.00164	0.00705	0.00484	0.00285	0.00719
1	0.06762	0.01511	0.01519	0.01267	0.03425	0.13613	0.03915	0.36820	0.13542	0.04643	0.01275	0.01317	0.00949	0.00624	0.00572	0.00162	0.04652	0.00466	0.00445	0.02522
2	0.02502	0.04270	0.01169	0.02635	0.05858	0.00961	0.02425	0.14498	0.08613	0.07431	0.04453	0.05935	0.12064	0.05392	0.00643	0.00177	0.00439	0.02686	0.09802	0.08049
3	0.11128	0.01331	0.04335	0.29636	0.02160	0.18833	0.01084	0.01587	0.05721	0.01563	0.04850	0.01458	0.01023	0.00897	0.07818	0.00228	0.02948	0.00457	0.02347	0.00596
4	0.00912	0.00461	0.00684	0.00684	0.00684	0.00461	0.00453	0.00692	0.00692	0.00923	0.00951	0.01687	0.00962	0.05276	0.02093	0.80984	0.00461	0.00473	0.00233	0.00233
5	0.01030	0.00682	0.00921	0.00869	0.01026	0.00654	0.04657	0.09007	0.01270	0.10570	0.06590	0.47537	0.07909	0.03784	0.00696	0.00205	0.00385	0.01157	0.00501	0.00550
6	0.01200	0.09072	0.34111	0.16009	0.06094	0.07691	0.10627	0.01666	0.03474	0.01556	0.00964	0.01207	0.00732	0.00516	0.00542	0.00165	0.02982	0.00432	0.00247	0.00713
7	0.00892	0.09761	0.10309	0.00818	0.00980	0.00857	0.00689	0.01026	0.00862	0.01179	0.01380	0.02508	0.01457	0.43796	0.16879	0.00478	0.04771	0.00615	0.00287	0.00457
8	0.00792	0.00574	0.00705	0.00659	0.00803	0.00536	0.00498	0.03932	0.01473	0.02059	0.60452	0.03909	0.15242	0.01077	0.00607	0.00166	0.00265	0.00937	0.04807	0.00507
9	0.00666	0.00470	0.00611	0.00711	0.00740	0.00444	0.00467	0.00750	0.00994	0.01330	0.05349	0.67317	0.03324	0.13012	0.00960	0.00255	0.00334	0.01379	0.00470	0.00416
10	0.01027	0.00934	0.01554	0.07128	0.36894	0.00931	0.06146	0.01262	0.01118	0.01537	0.01794	0.24098	0.04799	0.05739	0.00713	0.00200	0.00536	0.02605	0.00343	0.00643
11	0.03451	0.01162	0.08486	0.01200	0.09120	0.00905	0.05413	0.01471	0.04088	0.01751	0.01026	0.01213	0.00831	0.00458	0.00479	0.00114	0.03268	0.00379	0.04491	0.50694
12	0.01237	0.01183	0.02017	0.20950	0.60976	0.01237	0.01587	0.01560	0.01170	0.01640	0.00982	0.01332	0.00807	0.00484	0.00525	0.00161	0.00646	0.00471	0.00256	0.00780
13	0.00695	0.00498	0.00649	0.00745	0.00801	0.00472	0.00530	0.00812	0.01053	0.01391	0.05934	0.52660	0.07779	0.09782	0.00886	0.00246	0.00354	0.13802	0.00476	0.00432
14	0.00907	0.00747	0.01185	0.01053	0.01231	0.00736	0.15019	0.03365	0.06825	0.01585	0.03729	0.35112	0.04724	0.02349	0.04483	0.03879	0.00502	0.05724	0.06313	0.00530
15	0.01598	0.01443	0.01905	0.02412	0.46211	0.08407	0.01366	0.26121	0.01650	0.02213	0.01068	0.01264	0.00843	0.00531	0.00521	0.00156	0.00642	0.00461	0.00350	0.00837
16	0.00918	0.00459	0.00689	0.00689	0.00689	0.00459	0.00459	0.00689	0.00689	0.00918	0.00918	0.01607	0.00918	0.01837	0.02066	0.84619	0.00459	0.00459	0.00230	0.00230
17	0.01328	0.00902	0.01015	0.00890	0.01143	0.00937	0.00729	0.28298	0.01685	0.06105	0.06883	0.03102	0.13305	0.00932	0.00561	0.00173	0.00429	0.15529	0.15400	0.00652
18	0.01196	0.07437	0.22183	0.04892	0.08226	0.01319	0.31011	0.01772	0.10726	0.01700	0.01196	0.03829	0.00943	0.00538	0.00551	0.00170	0.00734	0.00545	0.00292	0.00740
19	0.03980	0.01574	0.01476	0.01182	0.01558	0.15552	0.00955	0.52107	0.03900	0.06597	0.03116	0.01327	0.00999	0.00628	0.00513	0.00155	0.00618	0.00465	0.02479	0.00819
20	0.01421	0.01243	0.03378	0.04876	0.24749	0.07648	0.03799	0.12377	0.05717	0.07960	0.01418	0.05593	0.02818	0.03990	0.02953	0.00195	0.02541	0.00552	0.02943	0.03828

[dist]
# distance from previous block
# <min> <max>
3	17

[block]
# block no. 5 follows, 46 sequences, length 9
# corresponding to MSA columns:
# 279-287
name=unknown_F
#
# <colnr> <probs for GDERKNQSTAVLIFYWHMCP>
#	G	D	E	R	K	N	Q	S	T	A	V	L	I	F	Y	W	H	M	C	P
0	0.07648	0.07361	0.08608	0.01346	0.10028	0.06428	0.04858	0.12987	0.06939	0.18771	0.04581	0.01565	0.03273	0.00607	0.00503	0.00157	0.00564	0.00493	0.00428	0.02855
1	0.01404	0.02851	0.04365	0.05695	0.17258	0.10649	0.02698	0.10438	0.08501	0.06435	0.03416	0.01693	0.01169	0.10769	0.00845	0.00203	0.04558	0.00513	0.02711	0.03829
2	0.03200	0.05797	0.04337	0.01192	0.07838	0.06516	0.10007	0.01386	0.08803	0.01671	0.13659	0.10978	0.20641	0.00925	0.00572	0.00171	0.00482	0.00811	0.00416	0.00599
3	0.14177	0.01275	0.11152	0.12576	0.31461	0.01171	0.01300	0.03583	0.01129	0.01774	0.01195	0.04361	0.03745	0.00598	0.00562	0.00168	0.05019	0.00495	0.03558	0.00700
4	0.02010	0.01481	0.01587	0.01216	0.01639	0.01639	0.01005	0.76360	0.02486	0.03332	0.01269	0.01269	0.00899	0.00635	0.00529	0.00159	0.00582	0.00476	0.00529	0.00899
5	0.00711	0.00544	0.00736	0.00820	0.00853	0.00568	0.00584	0.00815	0.01002	0.01355	0.02668	0.68051	0.03169	0.01566	0.00792	0.00218	0.08929	0.05708	0.00463	0.00449
6	0.13612	0.01350	0.04638	0.19182	0.02069	0.10481	0.08528	0.15801	0.04114	0.10862	0.01171	0.01322	0.00850	0.00560	0.00498	0.00163	0.00636	0.00454	0.03000	0.00709
7	0.00693	0.00525	0.00773	0.00838	0.00903	0.00493	0.04858	0.00815	0.01039	0.01385	0.02800	0.71491	0.03312	0.01574	0.00676	0.00215	0.00352	0.06332	0.00478	0.00449
8	0.00681	0.00530	0.00619	0.00614	0.00753	0.00468	0.00454	0.00862	0.01314	0.01726	0.37204	0.12498	0.37864	0.01258	0.00629	0.00177	0.00264	0.01085	0.00531	0.00468

[dist]
# distance from previous block
# <min> <max>
0	1

[block]
# block no. 6 follows, 46 sequences, length 25
# corresponding to MSA columns:
# 289-313
name=unknown_G
#
# <colnr> <probs for GDERKNQSTAVLIFYWHMCP>
#	G	D	E	R	K	N	Q	S	T	A	V	L	I	F	Y	W	H	M	C	P
0	0.01653	0.48185	0.02237	0.01091	0.01474	0.30955	0.00953	0.05429	0.01302	0.01364	0.00792	0.00908	0.00690	0.00496	0.00400	0.00124	0.00711	0.00314	0.00258	0.00665
1	0.00991	0.00842	0.04632	0.00849	0.01059	0.03120	0.00684	0.09280	0.01353	0.04104	0.19080	0.27644	0.07269	0.01135	0.00602	0.00178	0.00393	0.07335	0.00482	0.08967
2	0.01060	0.02735	0.78682	0.01507	0.02288	0.01228	0.01953	0.01674	0.01116	0.01674	0.00949	0.01116	0.00670	0.00502	0.00502	0.00167	0.00781	0.00391	0.00223	0.00781
3	0.01234	0.05740	0.18272	0.07175	0.34770	0.01216	0.06509	0.04234	0.01220	0.03885	0.01216	0.04764	0.01058	0.00606	0.00537	0.00168	0.00650	0.05693	0.00296	0.00756
4	0.00755	0.00566	0.00850	0.00850	0.00944	0.00661	0.00661	0.00944	0.00850	0.01227	0.01416	0.02077	0.01322	0.03965	0.79326	0.00850	0.01416	0.00566	0.00283	0.00472
5	0.01910	0.02323	0.01450	0.01303	0.01581	0.68565	0.00984	0.08065	0.01559	0.01479	0.01026	0.01140	0.03295	0.00580	0.00483	0.00139	0.00884	0.00381	0.02224	0.00628
6	0.02888	0.21652	0.16678	0.09593	0.06012	0.04520	0.13057	0.05989	0.04339	0.01681	0.01042	0.01246	0.00815	0.00510	0.00472	0.00151	0.00655	0.00431	0.07567	0.00701
7	0.00700	0.00515	0.00662	0.00758	0.00814	0.00499	0.00517	0.00905	0.06770	0.01452	0.06504	0.71366	0.03427	0.01558	0.00662	0.00210	0.00312	0.01408	0.00499	0.00463
8	0.00757	0.00558	0.00807	0.00807	0.00887	0.00638	0.00608	0.00917	0.00837	0.01196	0.01455	0.02293	0.01415	0.16048	0.67371	0.00797	0.01275	0.00598	0.00289	0.00448
9	0.01552	0.01441	0.01811	0.08802	0.39828	0.16410	0.01339	0.05391	0.01318	0.10034	0.01068	0.01289	0.00841	0.00549	0.00597	0.00160	0.06039	0.00452	0.00315	0.00765
10	0.04965	0.03811	0.40074	0.01599	0.14672	0.01156	0.02755	0.06767	0.01217	0.01820	0.01220	0.05748	0.01032	0.00622	0.00509	0.00167	0.00643	0.04190	0.06303	0.00732
11	0.00653	0.00464	0.00611	0.00725	0.00753	0.00435	0.00478	0.00738	0.00995	0.01326	0.02824	0.75476	0.03383	0.07411	0.00820	0.00236	0.00322	0.01450	0.00478	0.00422
12	0.01308	0.01256	0.02146	0.03245	0.78123	0.01256	0.01622	0.01622	0.01204	0.01727	0.00994	0.01308	0.00837	0.00471	0.00523	0.00157	0.00628	0.00471	0.00262	0.00837
13	0.01223	0.01444	0.13955	0.09510	0.04206	0.01223	0.32084	0.11588	0.04568	0.01878	0.03859	0.09431	0.01230	0.00642	0.00582	0.00177	0.00708	0.00647	0.00337	0.00709
14	0.01291	0.01238	0.02114	0.07629	0.73877	0.01251	0.01614	0.01607	0.01195	0.01706	0.00991	0.01314	0.00830	0.00474	0.00524	0.00158	0.00632	0.00471	0.00260	0.00823
15	0.00900	0.00779	0.01127	0.01043	0.01104	0.01006	0.00839	0.01062	0.00835	0.01243	0.01156	0.01746	0.01096	0.02871	0.51393	0.00627	0.29869	0.00529	0.00265	0.00510
16	0.30912	0.01151	0.01192	0.00952	0.01330	0.01235	0.00784	0.29804	0.01664	0.22019	0.03225	0.01329	0.00993	0.00601	0.00462	0.00162	0.00480	0.00436	0.00492	0.00776
17	0.01095	0.01518	0.19609	0.07491	0.02319	0.01163	0.37164	0.01562	0.04832	0.01628	0.01365	0.13741	0.01221	0.00674	0.00613	0.00182	0.02152	0.00692	0.00302	0.00679
18	0.01317	0.01447	0.16145	0.25785	0.14717	0.01286	0.01410	0.15558	0.03193	0.04481	0.01064	0.01311	0.00800	0.00563	0.00594	0.00168	0.05659	0.00455	0.00316	0.03731
19	0.00970	0.00587	0.00770	0.00812	0.00943	0.00549	0.00620	0.01155	0.03097	0.13121	0.02986	0.41584	0.10456	0.01402	0.00658	0.00209	0.00370	0.18667	0.00516	0.00526
20	0.00750	0.00770	0.09242	0.00855	0.01015	0.00575	0.02921	0.00956	0.01160	0.01589	0.20495	0.42090	0.05572	0.03297	0.00694	0.00205	0.00379	0.06467	0.00472	0.00495
21	0.01492	0.05401	0.16788	0.01814	0.18137	0.08034	0.10797	0.18533	0.01502	0.05043	0.01138	0.01432	0.00899	0.00578	0.00566	0.00164	0.03064	0.03502	0.00338	0.00779
22	0.00826	0.00717	0.00770	0.00766	0.00888	0.06514	0.00578	0.00972	0.01064	0.01366	0.02972	0.13584	0.28373	0.05228	0.21117	0.00369	0.05208	0.02974	0.05245	0.00469
23	0.00984	0.00479	0.00713	0.00700	0.00719	0.00474	0.00474	0.00775	0.00726	0.04445	0.00971	0.01616	0.00936	0.01783	0.01996	0.80779	0.00459	0.00462	0.00249	0.00260
24	0.01416	0.01490	0.05425	0.01839	0.19311	0.12998	0.18068	0.07477	0.03905	0.03438	0.01054	0.01256	0.00827	0.00486	0.00511	0.00143	0.00678	0.00454	0.00312	0.18911

[dist]
# distance from previous block
# <min> <max>
1	4

[block]
# block no. 7 follows, 46 sequences, length 25
# corresponding to MSA columns:
# 318-342
name=unknown_H
#
# <colnr> <probs for GDERKNQSTAVLIFYWHMCP>
#	G	D	E	R	K	N	Q	S	T	A	V	L	I	F	Y	W	H	M	C	P
0	0.01732	0.01224	0.01386	0.01097	0.01456	0.01329	0.03983	0.45370	0.12430	0.07939	0.01515	0.01528	0.01099	0.00636	0.00507	0.00157	0.00506	0.00505	0.14787	0.00814
1	0.01315	0.01136	0.01195	0.01076	0.01375	0.01315	0.00837	0.02809	0.77168	0.02211	0.02152	0.01972	0.01614	0.00717	0.00538	0.00179	0.00418	0.00598	0.00538	0.00837
2	0.01413	0.81739	0.02770	0.00905	0.01357	0.02092	0.00905	0.01583	0.01074	0.01244	0.00735	0.00848	0.00678	0.00452	0.00339	0.00113	0.00565	0.00283	0.00226	0.00678
3	0.01152	0.00938	0.01102	0.00790	0.01257	0.00708	0.00633	0.01385	0.01114	0.05061	0.00989	0.01127	0.00806	0.00403	0.00398	0.00082	0.00394	0.00323	0.00328	0.81011
4	0.00933	0.00822	0.01379	0.04434	0.14212	0.00805	0.13627	0.04222	0.01152	0.01559	0.02133	0.45990	0.02368	0.01162	0.00631	0.00196	0.00491	0.02904	0.00406	0.00573
5	0.01308	0.01256	0.02146	0.03245	0.78123	0.01256	0.01622	0.01622	0.01204	0.01727	0.00994	0.01308	0.00837	0.00471	0.00523	0.00157	0.00628	0.00471	0.00262	0.00837
6	0.00768	0.00518	0.00602	0.00602	0.00611	0.00526	0.00352	0.00785	0.00776	0.01044	0.01642	0.03330	0.01866	0.74140	0.09894	0.00544	0.00597	0.00750	0.00317	0.00335
7	0.00665	0.00537	0.00591	0.00578	0.00739	0.00463	0.00433	0.00837	0.01300	0.01653	0.28962	0.04717	0.54161	0.01255	0.00624	0.00175	0.00262	0.01064	0.00521	0.00463
8	0.00769	0.00575	0.00831	0.00824	0.00902	0.00666	0.00624	0.00927	0.00836	0.01198	0.01433	0.02258	0.01394	0.15486	0.65633	0.00781	0.03531	0.00594	0.00287	0.00452
9	0.01060	0.02735	0.78682	0.01507	0.02288	0.01228	0.01953	0.01674	0.01116	0.01674	0.00949	0.01116	0.00670	0.00502	0.00502	0.00167	0.00781	0.00391	0.00223	0.00781
10	0.01413	0.81739	0.02770	0.00905	0.01357	0.02092	0.00905	0.01583	0.01074	0.01244	0.00735	0.00848	0.00678	0.00452	0.00339	0.00113	0.00565	0.00283	0.00226	0.00678
11	0.00652	0.00496	0.00600	0.00661	0.00752	0.00444	0.00462	0.00778	0.01140	0.01477	0.13627	0.45836	0.28215	0.01476	0.00652	0.00196	0.00286	0.01303	0.00503	0.00444
12	0.02372	0.00900	0.01227	0.00941	0.01350	0.00777	0.00777	0.02576	0.01513	0.78489	0.02086	0.01799	0.01309	0.00654	0.00532	0.00164	0.00450	0.00532	0.00654	0.00900
13	0.00625	0.00536	0.00536	0.00536	0.00714	0.00446	0.00402	0.00759	0.01205	0.01428	0.05355	0.05088	0.77909	0.01339	0.00625	0.00179	0.00268	0.01116	0.00491	0.00446
14	0.02279	0.00872	0.01177	0.00910	0.01300	0.00758	0.00750	0.02486	0.01486	0.73336	0.02061	0.01811	0.01312	0.00652	0.00521	0.00161	0.00436	0.00529	0.06291	0.00872
15	0.02175	0.00990	0.01255	0.00987	0.01380	0.00940	0.00807	0.09407	0.13331	0.59744	0.02021	0.01777	0.01318	0.00662	0.00532	0.00166	0.00457	0.00537	0.00625	0.00890
16	0.00755	0.00566	0.00850	0.00850	0.00944	0.00661	0.00661	0.00944	0.00850	0.01227	0.01416	0.02077	0.01322	0.03965	0.79326	0.00850	0.01416	0.00566	0.00283	0.00472
17	0.00644	0.00460	0.00613	0.00736	0.00767	0.00429	0.00491	0.00736	0.01012	0.01350	0.02914	0.81076	0.03497	0.01656	0.00675	0.00215	0.00307	0.01503	0.00491	0.00429
18	0.00642	0.00522	0.00572	0.00608	0.00748	0.00451	0.00449	0.00772	0.01160	0.01418	0.04626	0.23317	0.55850	0.01422	0.00643	0.00191	0.00290	0.05384	0.00491	0.00445
19	0.01043	0.00763	0.00875	0.00820	0.01012	0.00795	0.00636	0.08372	0.18922	0.03600	0.22307	0.11882	0.08933	0.01011	0.00579	0.00177	0.00351	0.07119	0.10196	0.00608
20	0.00655	0.00466	0.00614	0.00723	0.00755	0.00437	0.00479	0.00746	0.01009	0.01349	0.04945	0.73671	0.03433	0.07012	0.00809	0.00233	0.00319	0.01438	0.00482	0.00424
21	0.00918	0.00459	0.00689	0.00689	0.00689	0.00459	0.00459	0.00689	0.00689	0.00918	0.00918	0.01607	0.00918	0.01837	0.02066	0.84619	0.00459	0.00459	0.00230	0.00230
22	0.05234	0.02853	0.03775	0.24626	0.21097	0.05007	0.09197	0.15577	0.01388	0.01898	0.01001	0.01286	0.00775	0.00537	0.00564	0.00166	0.03519	0.00467	0.00305	0.00727
23	0.01319	0.01350	0.08592	0.08655	0.11864	0.01258	0.27715	0.13352	0.01373	0.03851	0.01196	0.04700	0.00958	0.00585	0.00622	0.00172	0.05145	0.00564	0.06007	0.00724
24	0.01201	0.13228	0.25221	0.01218	0.01686	0.01319	0.06230	0.03870	0.27446	0.01891	0.09939	0.01714	0.01494	0.00633	0.00513	0.00164	0.00568	0.00528	0.00383	0.00752

[dist]
# distance from previous block
# <min> <max>
0	8

[block]
# block no. 8 follows, 46 sequences, length 42
# corresponding to MSA columns:
# 351-392
name=unknown_I
#
# <colnr> <probs for GDERKNQSTAVLIFYWHMCP>
#	G	D	E	R	K	N	Q	S	T	A	V	L	I	F	Y	W	H	M	C	P
0	0.03326	0.03611	0.34172	0.07410	0.07817	0.01287	0.06698	0.14982	0.02846	0.05367	0.01076	0.01236	0.00786	0.00533	0.00532	0.00162	0.02234	0.00437	0.00317	0.05172
1	0.00998	0.00838	0.01093	0.00948	0.04416	0.00699	0.04064	0.03132	0.01130	0.01662	0.03988	0.21177	0.01685	0.02897	0.00558	0.00141	0.00409	0.02615	0.00372	0.47179
2	0.01170	0.02787	0.04509	0.03590	0.14584	0.02655	0.29691	0.03423	0.11674	0.01747	0.03683	0.02148	0.14565	0.00669	0.00579	0.00172	0.00638	0.00662	0.00353	0.00700
3	0.13037	0.01147	0.01289	0.01007	0.01398	0.01189	0.00830	0.34110	0.01832	0.32695	0.01541	0.01456	0.01038	0.00623	0.00496	0.00160	0.00492	0.00474	0.04351	0.00838
4	0.00769	0.00513	0.00577	0.00577	0.00577	0.00513	0.00320	0.00769	0.00769	0.01025	0.01666	0.03460	0.01922	0.81421	0.02691	0.00513	0.00513	0.00769	0.00320	0.00320
5	0.04059	0.00790	0.01046	0.00842	0.01161	0.00702	0.00681	0.02073	0.01475	0.52963	0.22170	0.02353	0.02269	0.00762	0.00544	0.00163	0.00387	0.00636	0.04156	0.00767
6	0.01413	0.81739	0.02770	0.00905	0.01357	0.02092	0.00905	0.01583	0.01074	0.01244	0.00735	0.00848	0.00678	0.00452	0.00339	0.00113	0.00565	0.00283	0.00226	0.00678
7	0.00646	0.00474	0.00600	0.00698	0.00750	0.00436	0.00469	0.00741	0.01032	0.01348	0.03249	0.65744	0.15239	0.04969	0.00752	0.00222	0.00309	0.01410	0.00484	0.00427
8	0.85155	0.01022	0.00777	0.00695	0.01022	0.01186	0.00573	0.01554	0.00900	0.02372	0.00736	0.00859	0.00573	0.00491	0.00327	0.00164	0.00409	0.00286	0.00327	0.00573
9	0.01000	0.00522	0.00525	0.00519	0.00650	0.00530	0.00391	0.01303	0.04556	0.01982	0.01744	0.01971	0.01367	0.00621	0.00377	0.00126	0.00254	0.00497	0.80557	0.00508
10	0.85155	0.01022	0.00777	0.00695	0.01022	0.01186	0.00573	0.01554	0.00900	0.02372	0.00736	0.00859	0.00573	0.00491	0.00327	0.00164	0.00409	0.00286	0.00327	0.00573
11	0.01975	0.02520	0.01498	0.01362	0.01634	0.79299	0.01021	0.02111	0.01498	0.01294	0.00817	0.00953	0.00681	0.00545	0.00477	0.00136	0.00953	0.00340	0.00272	0.00613
12	0.85155	0.01022	0.00777	0.00695	0.01022	0.01186	0.00573	0.01554	0.00900	0.02372	0.00736	0.00859	0.00573	0.00491	0.00327	0.00164	0.00409	0.00286	0.00327	0.00573
13	0.00644	0.00460	0.00613	0.00736	0.00767	0.00429	0.00491	0.00736	0.01012	0.01350	0.02914	0.81076	0.03497	0.01656	0.00675	0.00215	0.00307	0.01503	0.00491	0.00429
14	0.00644	0.00460	0.00613	0.00736	0.00767	0.00429	0.00491	0.00736	0.01012	0.01350	0.02914	0.81076	0.03497	0.01656	0.00675	0.00215	0.00307	0.01503	0.00491	0.00429
15	0.00748	0.00540	0.00707	0.00665	0.00790	0.00499	0.00499	0.00998	0.01496	0.02120	0.77844	0.03949	0.04988	0.01081	0.00624	0.00166	0.00249	0.00956	0.00582	0.00499
16	0.00914	0.00790	0.01114	0.01023	0.01068	0.01016	0.00808	0.01049	0.00823	0.01217	0.01167	0.01906	0.01158	0.13393	0.38403	0.00561	0.32275	0.00553	0.00268	0.00493
17	0.00671	0.00526	0.00607	0.00611	0.00748	0.00462	0.00449	0.00839	0.01279	0.01659	0.30422	0.15983	0.41267	0.01295	0.00632	0.00180	0.00267	0.01117	0.00523	0.00462
18	0.00644	0.00460	0.00613	0.00736	0.00767	0.00429	0.00491	0.00736	0.01012	0.01350	0.02914	0.81076	0.03497	0.01656	0.00675	0.00215	0.00307	0.01503	0.00491	0.00429
19	0.01813	0.01597	0.01295	0.01120	0.01417	0.32340	0.00867	0.16590	0.03661	0.17406	0.01703	0.10699	0.05650	0.00763	0.00531	0.00159	0.00650	0.00592	0.00445	0.00703
20	0.01759	0.02967	0.16081	0.01585	0.13730	0.01211	0.07917	0.19308	0.01585	0.26426	0.01398	0.01421	0.00964	0.00570	0.00529	0.00163	0.00612	0.00487	0.00441	0.00847
21	0.01060	0.02735	0.78682	0.01507	0.02288	0.01228	0.01953	0.01674	0.01116	0.01674	0.00949	0.01116	0.00670	0.00502	0.00502	0.00167	0.00781	0.00391	0.00223	0.00781
22	0.85155	0.01022	0.00777	0.00695	0.01022	0.01186	0.00573	0.01554	0.00900	0.02372	0.00736	0.00859	0.00573	0.00491	0.00327	0.00164	0.00409	0.00286	0.00327	0.00573
23	0.00878	0.00725	0.00998	0.00930	0.00969	0.00901	0.00709	0.00990	0.00815	0.01182	0.01275	0.02204	0.01310	0.25407	0.34322	0.00570	0.24484	0.00594	0.00279	0.00460
24	0.01311	0.05052	0.04978	0.24112	0.35330	0.11550	0.03352	0.02908	0.01204	0.01555	0.00940	0.01259	0.00762	0.00513	0.00548	0.00161	0.03046	0.00446	0.00256	0.00719
25	0.85155	0.01022	0.00777	0.00695	0.01022	0.01186	0.00573	0.01554	0.00900	0.02372	0.00736	0.00859	0.00573	0.00491	0.00327	0.00164	0.00409	0.00286	0.00327	0.00573
26	0.00815	0.00601	0.00860	0.00849	0.00957	0.00689	0.00659	0.04362	0.00940	0.01353	0.01488	0.05623	0.01402	0.03598	0.69566	0.00765	0.01289	0.00602	0.03092	0.00490
27	0.85155	0.01022	0.00777	0.00695	0.01022	0.01186	0.00573	0.01554	0.00900	0.02372	0.00736	0.00859	0.00573	0.00491	0.00327	0.00164	0.00409	0.00286	0.00327	0.00573
28	0.00715	0.00554	0.00739	0.00738	0.00857	0.00585	0.00565	0.00882	0.00975	0.01307	0.04656	0.03107	0.25260	0.05566	0.50311	0.00612	0.00999	0.00754	0.00357	0.00460
29	0.01413	0.81739	0.02770	0.00905	0.01357	0.02092	0.00905	0.01583	0.01074	0.01244	0.00735	0.00848	0.00678	0.00452	0.00339	0.00113	0.00565	0.00283	0.00226	0.00678
30	0.00671	0.00512	0.00617	0.00645	0.00756	0.00457	0.00463	0.00828	0.01234	0.01624	0.27867	0.30353	0.29334	0.01363	0.00641	0.00187	0.00275	0.01195	0.00520	0.00457
31	0.00998	0.00940	0.01586	0.80150	0.03641	0.01175	0.01468	0.01351	0.01057	0.01351	0.00940	0.01409	0.00705	0.00529	0.00529	0.00176	0.00705	0.00470	0.00235	0.00587
32	0.01347	0.01199	0.01994	0.19495	0.47495	0.01251	0.06032	0.07725	0.01295	0.05501	0.01063	0.01358	0.00835	0.00504	0.00531	0.00163	0.00648	0.00483	0.00297	0.00784
33	0.00998	0.00940	0.01586	0.80150	0.03641	0.01175	0.01468	0.01351	0.01057	0.01351	0.00940	0.01409	0.00705	0.00529	0.00529	0.00176	0.00705	0.00470	0.00235	0.00587
34	0.03758	0.01236	0.02083	0.06329	0.72800	0.01251	0.01585	0.01609	0.01189	0.01731	0.00985	0.01299	0.00824	0.00474	0.00518	0.00158	0.00625	0.00466	0.00263	0.00819
35	0.00637	0.00489	0.00584	0.00660	0.00747	0.00436	0.00457	0.00745	0.01086	0.01379	0.03844	0.52116	0.31856	0.01535	0.00656	0.00201	0.00292	0.01355	0.00491	0.00436
36	0.00918	0.00459	0.00689	0.00689	0.00689	0.00459	0.00459	0.00689	0.00689	0.00918	0.00918	0.01607	0.00918	0.01837	0.02066	0.84619	0.00459	0.00459	0.00230	0.00230
37	0.04541	0.30353	0.01942	0.01056	0.01478	0.01720	0.00928	0.41705	0.01845	0.05831	0.01107	0.01145	0.00839	0.00564	0.00450	0.00142	0.00556	0.00403	0.02598	0.00798
38	0.00748	0.00579	0.00876	0.00949	0.04184	0.00566	0.05322	0.00897	0.01030	0.01408	0.04417	0.52956	0.02845	0.03606	0.11611	0.00302	0.00520	0.04175	0.02532	0.00474
39	0.00756	0.00564	0.00838	0.00838	0.00929	0.00655	0.00647	0.00937	0.00846	0.01219	0.01426	0.02134	0.01346	0.07146	0.76179	0.00836	0.01379	0.00575	0.00285	0.00466
40	0.01240	0.01070	0.01253	0.00925	0.01377	0.02665	0.03878	0.09973	0.06162	0.01926	0.01058	0.01183	0.00848	0.00446	0.00428	0.00099	0.00449	0.00364	0.00349	0.64306
41	0.05183	0.04065	0.15942	0.03256	0.03792	0.04621	0.01033	0.07598	0.07209	0.17327	0.03077	0.01589	0.03023	0.04350	0.00652	0.00171	0.04403	0.00477	0.00398	0.11835

[dist]
# distance from previous block
# <min> <max>
2	4

[block]
# block no. 9 follows, 46 sequences, length 14
# corresponding to MSA columns:
# 398-411
name=unknown_J
#
# <colnr> <probs for GDERKNQSTAVLIFYWHMCP>
#	G	D	E	R	K	N	Q	S	T	A	V	L	I	F	Y	W	H	M	C	P
0	0.01441	0.25677	0.01791	0.10056	0.05690	0.15304	0.00971	0.13736	0.01404	0.01713	0.04856	0.01511	0.05742	0.00691	0.02349	0.00161	0.02115	0.00457	0.03671	0.00664
1	0.00644	0.00460	0.00613	0.00736	0.00767	0.00429	0.00491	0.00736	0.01012	0.01350	0.02914	0.81076	0.03497	0.01656	0.00675	0.00215	0.00307	0.01503	0.00491	0.00429
2	0.00879	0.00775	0.01181	0.27471	0.12952	0.00843	0.00981	0.01120	0.01094	0.01433	0.05828	0.06724	0.20007	0.03165	0.12985	0.00289	0.00652	0.00726	0.00340	0.00553
3	0.01085	0.02228	0.59917	0.01321	0.01961	0.01069	0.01620	0.01609	0.01209	0.06499	0.14807	0.01666	0.01483	0.00615	0.00526	0.00167	0.00665	0.00501	0.00314	0.00738
4	0.01286	0.01498	0.12575	0.02126	0.20126	0.01289	0.32575	0.08722	0.06011	0.01867	0.01178	0.01517	0.00928	0.00636	0.03153	0.00194	0.00763	0.02486	0.00308	0.00763
5	0.01643	0.01014	0.01181	0.00985	0.01324	0.01047	0.00784	0.06980	0.36195	0.27419	0.08621	0.01990	0.01712	0.00703	0.00534	0.00165	0.00422	0.00582	0.00565	0.06135
6	0.00691	0.00518	0.00611	0.00619	0.00742	0.00460	0.00449	0.00816	0.01208	0.01564	0.25103	0.16727	0.37956	0.01364	0.00768	0.08119	0.00287	0.01071	0.00492	0.00438
7	0.01001	0.09468	0.36486	0.01103	0.01578	0.01059	0.01227	0.01519	0.08379	0.01801	0.24035	0.02237	0.06477	0.00737	0.00533	0.00164	0.00539	0.00609	0.00375	0.00674
8	0.01198	0.01000	0.01151	0.00831	0.01296	0.00809	0.00669	0.09724	0.01252	0.01903	0.00977	0.01116	0.00796	0.00419	0.00407	0.00087	0.00413	0.00331	0.00337	0.75284
9	0.04142	0.11461	0.01547	0.01206	0.04999	0.18914	0.00928	0.27964	0.01628	0.02050	0.01195	0.06573	0.01047	0.02767	0.09383	0.00238	0.02386	0.00500	0.00374	0.00696
10	0.03644	0.11165	0.01736	0.01506	0.13793	0.20658	0.01065	0.27670	0.06314	0.05787	0.01131	0.01206	0.00865	0.00567	0.00489	0.00149	0.00659	0.00425	0.00389	0.00782
11	0.01088	0.04816	0.12815	0.00904	0.03814	0.00827	0.00737	0.04961	0.03669	0.07703	0.01523	0.02512	0.01486	0.43908	0.01665	0.00346	0.00539	0.00620	0.05534	0.00531
12	0.02849	0.10279	0.03958	0.15601	0.06725	0.07394	0.03741	0.20256	0.01501	0.08384	0.01177	0.01345	0.00885	0.00573	0.00520	0.00154	0.03020	0.00448	0.10471	0.00718
13	0.00772	0.00556	0.00705	0.00781	0.00849	0.00543	0.00539	0.07845	0.01151	0.01536	0.02759	0.73574	0.03252	0.01560	0.00661	0.00209	0.00333	0.01406	0.00494	0.00474

[dist]
# distance from previous block
# <min> <max>
0	1

[block]
# block no. 10 follows, 46 sequences, length 25
# corresponding to MSA columns:
# 413-437
name=unknown_K
#
# <colnr> <probs for GDERKNQSTAVLIFYWHMCP>
#	G	D	E	R	K	N	Q	S	T	A	V	L	I	F	Y	W	H	M	C	P
0	0.00935	0.00720	0.00847	0.00719	0.00890	0.00677	0.00501	0.03225	0.00933	0.01345	0.01351	0.02436	0.01425	0.44988	0.04541	0.00355	0.05047	0.00585	0.00318	0.28162
1	0.04859	0.01202	0.10690	0.00919	0.01400	0.00882	0.00832	0.08999	0.01273	0.07203	0.03714	0.01253	0.00954	0.00476	0.00434	0.00110	0.00459	0.00375	0.00357	0.53611
2	0.06304	0.55768	0.18195	0.01045	0.01539	0.04341	0.01112	0.01608	0.01078	0.01402	0.00780	0.00916	0.00671	0.00482	0.00418	0.00131	0.02977	0.00312	0.00233	0.00688
3	0.00716	0.00555	0.00654	0.00627	0.00777	0.00501	0.00471	0.00955	0.03443	0.01858	0.48049	0.04331	0.32798	0.01170	0.00622	0.00171	0.00261	0.01007	0.00546	0.00488
4	0.01536	0.64414	0.02492	0.01005	0.01418	0.18977	0.00930	0.01698	0.01167	0.01255	0.00753	0.00871	0.00679	0.00473	0.00369	0.00118	0.00650	0.00295	0.00236	0.00664
5	0.00899	0.00466	0.00674	0.00674	0.00674	0.00466	0.00441	0.00699	0.00699	0.00932	0.01015	0.01847	0.01048	0.12143	0.02147	0.73727	0.00466	0.00499	0.00241	0.00241
6	0.00645	0.00489	0.00596	0.00668	0.00752	0.00440	0.00463	0.00762	0.01107	0.01429	0.08971	0.51754	0.26984	0.01516	0.00655	0.00200	0.00290	0.01343	0.00497	0.00440
7	0.00633	0.00538	0.00547	0.00551	0.00728	0.00452	0.00418	0.00771	0.01205	0.01434	0.05265	0.05119	0.75256	0.01343	0.00629	0.00181	0.00276	0.03718	0.00491	0.00448
8	0.85155	0.01022	0.00777	0.00695	0.01022	0.01186	0.00573	0.01554	0.00900	0.02372	0.00736	0.00859	0.00573	0.00491	0.00327	0.00164	0.00409	0.00286	0.00327	0.00573
9	0.01975	0.02520	0.01498	0.01362	0.01634	0.79299	0.01021	0.02111	0.01498	0.01294	0.00817	0.00953	0.00681	0.00545	0.00477	0.00136	0.00953	0.00340	0.00272	0.00613
10	0.01157	0.01157	0.01619	0.01388	0.01388	0.01619	0.01157	0.01272	0.00810	0.01272	0.00694	0.01157	0.00694	0.00925	0.01735	0.00231	0.80453	0.00463	0.00231	0.00578
11	0.02010	0.01481	0.01587	0.01216	0.01639	0.01639	0.01005	0.76360	0.02486	0.03332	0.01269	0.01269	0.00899	0.00635	0.00529	0.00159	0.00582	0.00476	0.00529	0.00899
12	0.01413	0.81739	0.02770	0.00905	0.01357	0.02092	0.00905	0.01583	0.01074	0.01244	0.00735	0.00848	0.00678	0.00452	0.00339	0.00113	0.00565	0.00283	0.00226	0.00678
13	0.01060	0.02735	0.78682	0.01507	0.02288	0.01228	0.01953	0.01674	0.01116	0.01674	0.00949	0.01116	0.00670	0.00502	0.00502	0.00167	0.00781	0.00391	0.00223	0.00781
14	0.00644	0.00460	0.00613	0.00736	0.00767	0.00429	0.00491	0.00736	0.01012	0.01350	0.02914	0.81076	0.03497	0.01656	0.00675	0.00215	0.00307	0.01503	0.00491	0.00429
15	0.02010	0.01481	0.01587	0.01216	0.01639	0.01639	0.01005	0.76360	0.02486	0.03332	0.01269	0.01269	0.00899	0.00635	0.00529	0.00159	0.00582	0.00476	0.00529	0.00899
