[name]
unknown

[dist]
# distance from previous block
# <min> <max>
0	95

[block]
# block no. 0 follows, 40 sequences, length 29
# corresponding to MSA columns:
# 95-123
name=unknown_A
#
# <colnr> <probs for GDERKNQSTAVLIFYWHMCP>
#	G	D	E	R	K	N	Q	S	T	A	V	L	I	F	Y	W	H	M	C	P
0	0.00709	0.00506	0.00675	0.00810	0.00843	0.00472	0.00540	0.00810	0.01113	0.01484	0.03205	0.79184	0.03846	0.01822	0.00742	0.00236	0.00337	0.01653	0.00540	0.00472
1	0.01492	0.01903	0.27357	0.01350	0.01879	0.01437	0.01357	0.20356	0.26038	0.02466	0.01762	0.03553	0.03149	0.02500	0.00635	0.00196	0.00639	0.00587	0.00462	0.00883
2	0.00846	0.00564	0.00634	0.00634	0.00634	0.00564	0.00352	0.00846	0.00846	0.01128	0.01832	0.03805	0.02114	0.79563	0.02960	0.00564	0.00564	0.00846	0.00352	0.00352
3	0.01451	0.01217	0.01390	0.01391	0.09036	0.01365	0.00982	0.05552	0.56968	0.04309	0.04174	0.04208	0.03730	0.00811	0.00598	0.00194	0.00479	0.00687	0.00562	0.00893
4	0.00857	0.00593	0.00738	0.00762	0.00885	0.00546	0.00545	0.01062	0.03300	0.05539	0.24590	0.35767	0.17696	0.03411	0.00758	0.00217	0.00328	0.01298	0.00575	0.00533
5	0.01166	0.03008	0.76550	0.01657	0.02517	0.01351	0.02149	0.01842	0.01228	0.01842	0.01044	0.01228	0.00737	0.00552	0.00552	0.00184	0.00859	0.00430	0.00246	0.00859
6	0.01206	0.01034	0.01206	0.00861	0.01378	0.00775	0.00689	0.01464	0.01206	0.01895	0.01034	0.01206	0.00861	0.00431	0.00431	0.00086	0.00431	0.00345	0.00345	0.83118
7	0.01660	0.01653	0.02844	0.02076	0.02612	0.05785	0.48711	0.22784	0.01782	0.02360	0.01225	0.01490	0.00906	0.00556	0.00647	0.00187	0.00886	0.00622	0.00378	0.00837
8	0.01555	0.79913	0.03047	0.00995	0.01493	0.02301	0.00995	0.01741	0.01182	0.01368	0.00808	0.00933	0.00746	0.00498	0.00373	0.00124	0.00622	0.00311	0.00249	0.00746
9	0.01531	0.00861	0.01080	0.00915	0.01190	0.00829	0.00721	0.08488	0.07817	0.24386	0.41004	0.03192	0.03567	0.00972	0.00639	0.00182	0.00389	0.00832	0.00654	0.00751
10	0.00979	0.00763	0.00910	0.00843	0.01032	0.00778	0.00641	0.01602	0.20481	0.02333	0.54521	0.03825	0.06804	0.01095	0.00662	0.00187	0.00323	0.00956	0.00624	0.00642
11	0.00818	0.00594	0.00770	0.00726	0.00866	0.00547	0.00545	0.01088	0.01634	0.02304	0.73035	0.04390	0.08099	0.01199	0.00686	0.00183	0.00275	0.01058	0.00636	0.00547
12	0.01326	0.01030	0.01218	0.00876	0.01387	0.00782	0.00703	0.01582	0.01245	0.08282	0.01142	0.01272	0.00911	0.00455	0.00444	0.00094	0.00436	0.00365	0.00377	0.76071
13	0.01166	0.03008	0.76550	0.01657	0.02517	0.01351	0.02149	0.01842	0.01228	0.01842	0.01044	0.01228	0.00737	0.00552	0.00552	0.00184	0.00859	0.00430	0.00246	0.00859
14	0.83671	0.01125	0.00855	0.00765	0.01125	0.01305	0.00630	0.01709	0.00990	0.02609	0.00810	0.00945	0.00630	0.00540	0.00360	0.00180	0.00450	0.00315	0.00360	0.00630
15	0.01544	0.01663	0.01713	0.01489	0.01594	0.21465	0.01204	0.05666	0.01197	0.01534	0.00902	0.03396	0.00858	0.00913	0.01440	0.00222	0.51739	0.00507	0.00292	0.00661
16	0.02211	0.01629	0.01745	0.01338	0.01803	0.01803	0.01105	0.73997	0.02734	0.03665	0.01396	0.01396	0.00989	0.00698	0.00582	0.00175	0.00640	0.00524	0.00582	0.00989
17	0.00913	0.00614	0.00806	0.00747	0.00900	0.00564	0.00564	0.01185	0.01647	0.06066	0.71929	0.04225	0.05283	0.01165	0.00681	0.00183	0.00285	0.01028	0.00644	0.00571
18	0.00743	0.00531	0.00714	0.00849	0.00898	0.00502	0.00600	0.00870	0.01147	0.01523	0.03186	0.68190	0.03771	0.01789	0.00751	0.00241	0.00367	0.12305	0.00539	0.00482
19	0.00717	0.00512	0.00685	0.00820	0.00858	0.00480	0.00555	0.00825	0.01122	0.01494	0.03200	0.76346	0.03827	0.01813	0.00745	0.00237	0.00345	0.04402	0.00540	0.00475
20	0.01373	0.01569	0.03431	0.02451	0.03039	0.01471	0.73824	0.01863	0.01373	0.01863	0.01176	0.01569	0.00882	0.00490	0.00686	0.00196	0.00980	0.00686	0.00294	0.00784
21	0.01084	0.00542	0.00542	0.00542	0.00678	0.00542	0.00407	0.01355	0.01220	0.02168	0.01897	0.02168	0.01491	0.00678	0.00407	0.00136	0.00271	0.00542	0.82791	0.00542
22	0.12076	0.01132	0.03080	0.01046	0.01471	0.01063	0.00877	0.13998	0.03406	0.46739	0.07521	0.01928	0.01569	0.00728	0.00564	0.00180	0.00504	0.00576	0.00634	0.00908
23	0.83671	0.01125	0.00855	0.00765	0.01125	0.01305	0.00630	0.01709	0.00990	0.02609	0.00810	0.00945	0.00630	0.00540	0.00360	0.00180	0.00450	0.00315	0.00360	0.00630
24	0.01419	0.01301	0.01493	0.16845	0.08789	0.09782	0.01118	0.13067	0.13437	0.02097	0.10162	0.04466	0.05428	0.02869	0.00734	0.00198	0.04953	0.00664	0.00439	0.00740
25	0.04591	0.00989	0.01320	0.01023	0.01459	0.00874	0.00842	0.02763	0.03697	0.70295	0.04335	0.02025	0.01543	0.00730	0.00582	0.00181	0.00486	0.00593	0.00705	0.00966
26	0.01604	0.24128	0.02548	0.01517	0.02002	0.01620	0.25245	0.14748	0.01559	0.06977	0.03235	0.03521	0.01130	0.02620	0.00616	0.00175	0.00708	0.00563	0.00381	0.05104
27	0.04708	0.01128	0.01351	0.17547	0.01921	0.08749	0.05005	0.06892	0.05611	0.07032	0.07239	0.12614	0.06390	0.04895	0.00734	0.00211	0.00599	0.03932	0.00445	0.02996
28	0.33638	0.01208	0.01590	0.07892	0.31848	0.01274	0.01195	0.01787	0.01198	0.07285	0.01058	0.01279	0.00828	0.00541	0.00484	0.00173	0.00575	0.00433	0.00347	0.05367

[dist]
# distance from previous block
# <min> <max>
2	14

[block]
# block no. 1 follows, 40 sequences, length 97
# corresponding to MSA columns:
# 140-236
name=unknown_B
#
# <colnr> <probs for GDERKNQSTAVLIFYWHMCP>
#	G	D	E	R	K	N	Q	S	T	A	V	L	I	F	Y	W	H	M	C	P
0	0.01518	0.01355	0.01878	0.02330	0.39360	0.04479	0.01320	0.09883	0.03042	0.03897	0.01158	0.01379	0.00935	0.00527	0.00533	0.00147	0.00615	0.00467	0.00355	0.24822
1	0.01143	0.00903	0.00999	0.00915	0.01162	0.00939	0.00700	0.06578	0.27320	0.04034	0.16977	0.11233	0.20519	0.01119	0.00643	0.00194	0.00385	0.00954	0.00580	0.02704
2	0.01770	0.01113	0.01479	0.01120	0.01571	0.00999	0.07461	0.13685	0.01617	0.25497	0.01897	0.05615	0.05665	0.00701	0.00558	0.00154	0.00522	0.00597	0.00518	0.27461
3	0.01235	0.00967	0.01131	0.00902	0.01286	0.00856	0.00709	0.01766	0.15758	0.06071	0.19453	0.02197	0.02193	0.00700	0.00532	0.00136	0.00402	0.00590	0.00485	0.42630
4	0.01915	0.01972	0.01514	0.01315	0.01643	0.36534	0.01020	0.18429	0.13788	0.04351	0.01744	0.01759	0.07831	0.00747	0.00603	0.00171	0.02901	0.00542	0.00444	0.00777
5	0.00695	0.00589	0.00599	0.00597	0.00790	0.00494	0.00448	0.00849	0.01343	0.01611	0.09605	0.05530	0.71960	0.01458	0.00687	0.00196	0.00293	0.01218	0.00545	0.00494
6	0.01098	0.01034	0.01744	0.78165	0.04005	0.01292	0.01615	0.01486	0.01163	0.01486	0.01034	0.01550	0.00775	0.00581	0.00581	0.00194	0.00775	0.00517	0.00258	0.00646
7	0.01010	0.00505	0.00758	0.00758	0.00758	0.00505	0.00505	0.00758	0.00758	0.01010	0.01010	0.01768	0.01010	0.02020	0.02273	0.83081	0.00505	0.00505	0.00253	0.00253
8	0.01098	0.01034	0.01744	0.78165	0.04005	0.01292	0.01615	0.01486	0.01163	0.01486	0.01034	0.01550	0.00775	0.00581	0.00581	0.00194	0.00775	0.00517	0.00258	0.00646
9	0.83671	0.01125	0.00855	0.00765	0.01125	0.01305	0.00630	0.01709	0.00990	0.02609	0.00810	0.00945	0.00630	0.00540	0.00360	0.00180	0.00450	0.00315	0.00360	0.00630
10	0.01206	0.01034	0.01206	0.00861	0.01378	0.00775	0.00689	0.01464	0.01206	0.01895	0.01034	0.01206	0.00861	0.00431	0.00431	0.00086	0.00431	0.00345	0.00345	0.83118
11	0.01555	0.79913	0.03047	0.00995	0.01493	0.02301	0.00995	0.01741	0.01182	0.01368	0.00808	0.00933	0.00746	0.00498	0.00373	0.00124	0.00622	0.00311	0.00249	0.00746
12	0.83671	0.01125	0.00855	0.00765	0.01125	0.01305	0.00630	0.01709	0.00990	0.02609	0.00810	0.00945	0.00630	0.00540	0.00360	0.00180	0.00450	0.00315	0.00360	0.00630
13	0.01369	0.01559	0.03380	0.02422	0.02992	0.01480	0.71580	0.01848	0.01358	0.01848	0.01164	0.01559	0.00879	0.00507	0.00724	0.00198	0.03377	0.00681	0.00293	0.00780
14	0.01555	0.79913	0.03047	0.00995	0.01493	0.02301	0.00995	0.01741	0.01182	0.01368	0.00808	0.00933	0.00746	0.00498	0.00373	0.00124	0.00622	0.00311	0.00249	0.00746
15	0.00702	0.00531	0.00650	0.00745	0.00826	0.00478	0.00511	0.00817	0.01176	0.01510	0.03995	0.57532	0.24987	0.01719	0.00726	0.00224	0.00325	0.01528	0.00540	0.00478
16	0.63578	0.00996	0.00836	0.00757	0.01063	0.01121	0.00610	0.01561	0.01149	0.02542	0.18956	0.01769	0.01808	0.00697	0.00439	0.00181	0.00407	0.00494	0.00428	0.00610
17	0.00700	0.00590	0.00607	0.00602	0.00793	0.00496	0.00452	0.00859	0.01355	0.01642	0.12416	0.05479	0.69131	0.01446	0.00687	0.00195	0.00293	0.01211	0.00549	0.00496
18	0.00823	0.00594	0.00777	0.00732	0.00869	0.00549	0.00549	0.01097	0.01646	0.02332	0.75629	0.04344	0.05487	0.01189	0.00686	0.00183	0.00274	0.01052	0.00640	0.00549
19	0.83671	0.01125	0.00855	0.00765	0.01125	0.01305	0.00630	0.01709	0.00990	0.02609	0.00810	0.00945	0.00630	0.00540	0.00360	0.00180	0.00450	0.00315	0.00360	0.00630
20	0.01555	0.79913	0.03047	0.00995	0.01493	0.02301	0.00995	0.01741	0.01182	0.01368	0.00808	0.00933	0.00746	0.00498	0.00373	0.00124	0.00622	0.00311	0.00249	0.00746
21	0.01446	0.01249	0.01315	0.01183	0.01512	0.01446	0.00920	0.03090	0.74885	0.02433	0.02367	0.02170	0.01775	0.00789	0.00592	0.00197	0.00460	0.00657	0.00592	0.00920
22	0.00839	0.00561	0.00636	0.00642	0.00644	0.00560	0.00361	0.00844	0.00858	0.01144	0.01894	0.07211	0.02192	0.76051	0.02860	0.00549	0.00554	0.00882	0.00361	0.00358
23	0.01098	0.01034	0.01744	0.78165	0.04005	0.01292	0.01615	0.01486	0.01163	0.01486	0.01034	0.01550	0.00775	0.00581	0.00581	0.00194	0.00775	0.00517	0.00258	0.00646
24	0.01860	0.01656	0.01535	0.01296	0.01671	0.14685	0.01025	0.29689	0.35020	0.02723	0.01747	0.01684	0.01301	0.00722	0.00576	0.00180	0.00630	0.00558	0.00537	0.00904
25	0.01373	0.01569	0.03431	0.02451	0.03039	0.01471	0.73824	0.01863	0.01373	0.01863	0.01176	0.01569	0.00882	0.00490	0.00686	0.00196	0.00980	0.00686	0.00294	0.00784
26	0.00709	0.00506	0.00675	0.00810	0.00843	0.00472	0.00540	0.00810	0.01113	0.01484	0.03205	0.79184	0.03846	0.01822	0.00742	0.00236	0.00337	0.01653	0.00540	0.00472
27	0.01585	0.01428	0.01934	0.02516	0.42477	0.06466	0.01415	0.05584	0.22512	0.05845	0.01520	0.01648	0.01184	0.00620	0.00578	0.00179	0.00636	0.00552	0.00411	0.00911
28	0.02172	0.02772	0.01648	0.01498	0.01798	0.77228	0.01124	0.02322	0.01648	0.01423	0.00899	0.01049	0.00749	0.00599	0.00524	0.00150	0.01049	0.00375	0.00300	0.00674
29	0.83671	0.01125	0.00855	0.00765	0.01125	0.01305	0.00630	0.01709	0.00990	0.02609	0.00810	0.00945	0.00630	0.00540	0.00360	0.00180	0.00450	0.00315	0.00360	0.00630
30	0.02211	0.01629	0.01745	0.01338	0.01803	0.01803	0.01105	0.73997	0.02734	0.03665	0.01396	0.01396	0.00989	0.00698	0.00582	0.00175	0.00640	0.00524	0.00582	0.00989
31	0.00709	0.00506	0.00675	0.00810	0.00843	0.00472	0.00540	0.00810	0.01113	0.01484	0.03205	0.79184	0.03846	0.01822	0.00742	0.00236	0.00337	0.01653	0.00540	0.00472
32	0.00831	0.00623	0.00935	0.00935	0.01038	0.00727	0.00727	0.01038	0.00935	0.01350	0.01558	0.02285	0.01454	0.04361	0.77259	0.00935	0.01558	0.00623	0.00312	0.00519
33	0.00687	0.00589	0.00589	0.00589	0.00785	0.00491	0.00442	0.00835	0.01325	0.01571	0.05891	0.05596	0.75700	0.01473	0.00687	0.00196	0.00295	0.01227	0.00540	0.00491
34	0.02177	0.01611	0.01745	0.03641	0.01869	0.01788	0.01121	0.71823	0.02687	0.03600	0.01385	0.01401	0.00983	0.00695	0.00582	0.00175	0.00644	0.00523	0.00572	0.00979
35	0.02183	0.01615	0.01730	0.01332	0.01793	0.01790	0.01099	0.71431	0.05344	0.03620	0.01431	0.01424	0.01017	0.00701	0.00582	0.00175	0.00633	0.00528	0.00582	0.00986
36	0.00823	0.00594	0.00777	0.00732	0.00869	0.00549	0.00549	0.01097	0.01646	0.02332	0.75629	0.04344	0.05487	0.01189	0.00686	0.00183	0.00274	0.01052	0.00640	0.00549
37	0.01166	0.03008	0.76550	0.01657	0.02517	0.01351	0.02149	0.01842	0.01228	0.01842	0.01044	0.01228	0.00737	0.00552	0.00552	0.00184	0.00859	0.00430	0.00246	0.00859
38	0.01488	0.05943	0.51398	0.01543	0.02263	0.05399	0.01793	0.19385	0.01613	0.02243	0.01112	0.01247	0.00799	0.00588	0.00550	0.00178	0.00806	0.00445	0.00330	0.00877
39	0.02173	0.02743	0.01650	0.01494	0.01798	0.75355	0.01123	0.04103	0.01675	0.01479	0.00911	0.01057	0.00755	0.00602	0.00526	0.00150	0.01039	0.00378	0.00307	0.00682
40	0.01098	0.01034	0.01744	0.78165	0.04005	0.01292	0.01615	0.01486	0.01163	0.01486	0.01034	0.01550	0.00775	0.00581	0.00581	0.00194	0.00775	0.00517	0.00258	0.00646
41	0.81636	0.01136	0.00918	0.00806	0.01172	0.01309	0.02440	0.01713	0.00999	0.02591	0.00819	0.00960	0.00636	0.00539	0.00368	0.00180	0.00463	0.00324	0.00358	0.00634
42	0.00708	0.00509	0.00672	0.00803	0.00842	0.00473	0.00537	0.00810	0.01120	0.01487	0.03288	0.76908	0.06068	0.01811	0.00741	0.00235	0.00336	0.01640	0.00540	0.00473
43	0.01446	0.01249	0.01315	0.01183	0.01512	0.01446	0.00920	0.03090	0.74885	0.02433	0.02367	0.02170	0.01775	0.00789	0.00592	0.00197	0.00460	0.00657	0.00592	0.00920
44	0.83671	0.01125	0.00855	0.00765	0.01125	0.01305	0.00630	0.01709	0.00990	0.02609	0.00810	0.00945	0.00630	0.00540	0.00360	0.00180	0.00450	0.00315	0.00360	0.00630
45	0.01972	0.05720	0.01349	0.00995	0.01329	0.01085	0.00785	0.19022	0.01665	0.34234	0.01868	0.02277	0.01476	0.22185	0.01219	0.00280	0.00555	0.00625	0.00559	0.00801
46	0.00831	0.00623	0.00935	0.00935	0.01038	0.00727	0.00727	0.01038	0.00935	0.01350	0.01558	0.02285	0.01454	0.04361	0.77259	0.00935	0.01558	0.00623	0.00312	0.00519
47	0.01343	0.01481	0.02946	0.02179	0.02594	0.01562	0.52477	0.01726	0.01231	0.01726	0.01055	0.01481	0.00847	0.00645	0.01046	0.00213	0.23789	0.00634	0.00282	0.00741
48	0.01084	0.00542	0.00542	0.00542	0.00678	0.00542	0.00407	0.01355	0.01220	0.02168	0.01897	0.02168	0.01491	0.00678	0.00407	0.00136	0.00271	0.00542	0.82791	0.00542
49	0.00709	0.00506	0.00675	0.00810	0.00843	0.00472	0.00540	0.00810	0.01113	0.01484	0.03205	0.79184	0.03846	0.01822	0.00742	0.00236	0.00337	0.01653	0.00540	0.00472
50	0.00709	0.00506	0.00675	0.00810	0.00843	0.00472	0.00540	0.00810	0.01113	0.01484	0.03205	0.79184	0.03846	0.01822	0.00742	0.00236	0.00337	0.01653	0.00540	0.00472
51	0.02002	0.01518	0.01627	0.01293	0.01718	0.01696	0.01054	0.55901	0.19376	0.03326	0.01624	0.01596	0.01182	0.00804	0.02371	0.00197	0.00620	0.00557	0.00578	0.00962
52	0.01866	0.00866	0.01131	0.00930	0.01254	0.00783	0.00743	0.06351	0.01674	0.42665	0.23533	0.07203	0.06527	0.00955	0.00628	0.00185	0.00421	0.00809	0.00669	0.00808
53	0.01408	0.50789	0.30883	0.01246	0.01880	0.01941	0.01432	0.01779	0.01199	0.01547	0.00897	0.01045	0.00743	0.00518	0.00441	0.00147	0.00712	0.00356	0.00248	0.00789
54	0.80166	0.04487	0.00948	0.00775	0.01140	0.01347	0.00645	0.01711	0.00998	0.02556	0.00810	0.00944	0.00635	0.00538	0.00360	0.00178	0.00457	0.00315	0.00355	0.00635
55	0.00747	0.00591	0.00672	0.00652	0.00822	0.00517	0.00489	0.00951	0.01467	0.01908	0.36773	0.05042	0.44607	0.01347	0.00687	0.00190	0.00286	0.01150	0.00584	0.00517
56	0.83671	0.01125	0.00855	0.00765	0.01125	0.01305	0.00630	0.01709	0.00990	0.02609	0.00810	0.00945	0.00630	0.00540	0.00360	0.00180	0.00450	0.00315	0.00360	0.00630
57	0.01839	0.01444	0.01536	0.01263	0.01662	0.01630	0.01015	0.39490	0.37847	0.03065	0.01869	0.01773	0.01372	0.00742	0.00587	0.00186	0.00552	0.00589	0.00587	0.00956
58	0.00731	0.00591	0.00650	0.00635	0.00813	0.00510	0.00477	0.00920	0.01430	0.01819	0.28578	0.05189	0.52858	0.01380	0.00687	0.00192	0.00288	0.01170	0.00573	0.00510
59	0.00767	0.00551	0.00727	0.00770	0.00856	0.00511	0.00544	0.00956	0.01384	0.01915	0.40031	0.41129	0.04680	0.01500	0.00714	0.00209	0.00305	0.01347	0.00591	0.00511
60	0.02211	0.01629	0.01745	0.01338	0.01803	0.01803	0.01105	0.73997	0.02734	0.03665	0.01396	0.01396	0.00989	0.00698	0.00582	0.00175	0.00640	0.00524	0.00582	0.00989
61	0.01098	0.01034	0.01744	0.78165	0.04005	0.01292	0.01615	0.01486	0.01163	0.01486	0.01034	0.01550	0.00775	0.00581	0.00581	0.00194	0.00775	0.00517	0.00258	0.00646
62	0.01726	0.01261	0.01429	0.01063	0.01553	0.01183	0.00866	0.29825	0.01843	0.09416	0.01290	0.01351	0.00964	0.00561	0.00504	0.00129	0.00518	0.00436	0.00471	0.43611
63	0.02609	0.00990	0.01350	0.01035	0.01484	0.00855	0.00855	0.02834	0.01664	0.76338	0.02294	0.01979	0.01439	0.00720	0.00585	0.00180	0.00495	0.00585	0.00720	0.00990
64	0.00836	0.00683	0.00993	0.23533	0.01770	0.00726	0.00846	0.01050	0.01225	0.01609	0.12600	0.37421	0.11840	0.01330	0.00681	0.00212	0.00453	0.01187	0.00470	0.00536
65	0.00819	0.00594	0.00772	0.00728	0.00866	0.00547	0.00546	0.01090	0.01637	0.02311	0.73715	0.04378	0.07414	0.01197	0.00686	0.00183	0.00275	0.01056	0.00637	0.00547
66	0.02343	0.01320	0.01543	0.01193	0.01643	0.01358	0.00982	0.37946	0.06548	0.36100	0.01856	0.01703	0.01237	0.00713	0.00584	0.00178	0.00564	0.00559	0.00644	0.00985
67	0.00687	0.00589	0.00589	0.00589	0.00785	0.00491	0.00442	0.00835	0.01325	0.01571	0.05891	0.05596	0.75700	0.01473	0.00687	0.00196	0.00295	0.01227	0.00540	0.00491
68	0.02536	0.00987	0.01335	0.01031	0.01470	0.00863	0.00849	0.02799	0.03567	0.72650	0.04048	0.02041	0.01545	0.00733	0.00587	0.00180	0.00489	0.00598	0.00715	0.00977
69	0.06145	0.24248	0.02075	0.50855	0.03095	0.01590	0.01374	0.01574	0.01158	0.01518	0.00954	0.01333	0.00758	0.00554	0.00507	0.00173	0.00711	0.00444	0.00262	0.00675
70	0.01043	0.01030	0.01970	0.04360	0.01947	0.01011	0.32283	0.01324	0.01214	0.01643	0.02105	0.38208	0.02271	0.01154	0.00782	0.00218	0.05281	0.01126	0.00407	0.00623
71	0.01254	0.01062	0.01232	0.00884	0.01399	0.00825	0.00709	0.04951	0.01279	0.01980	0.01051	0.01215	0.00867	0.00444	0.00438	0.00090	0.00441	0.00353	0.00356	0.79170
72	0.01525	0.62064	0.15637	0.01139	0.01687	0.06595	0.01202	0.01793	0.01217	0.01453	0.00854	0.00991	0.00745	0.00513	0.00413	0.00136	0.00688	0.00335	0.00251	0.00761
73	0.00702	0.00531	0.00650	0.00745	0.00826	0.00478	0.00511	0.00817	0.01176	0.01510	0.03995	0.57532	0.24987	0.01719	0.00726	0.00224	0.00325	0.01528	0.00540	0.00478
74	0.02155	0.04905	0.01687	0.01484	0.01789	0.75156	0.01120	0.02306	0.01635	0.01422	0.00896	0.01045	0.00749	0.00596	0.00520	0.00149	0.01037	0.00373	0.00298	0.00676
75	0.01373	0.01569	0.03431	0.02451	0.03039	0.01471	0.73824	0.01863	0.01373	0.01863	0.01176	0.01569	0.00882	0.00490	0.00686	0.00196	0.00980	0.00686	0.00294	0.00784
76	0.01444	0.57982	0.24008	0.01184	0.01785	0.02030	0.01324	0.01770	0.01195	0.01503	0.00876	0.01017	0.00744	0.00513	0.00424	0.00141	0.00690	0.00345	0.00248	0.00779
77	0.01246	0.00881	0.00979	0.00859	0.01002	0.00938	0.00596	0.22380	0.01407	0.01887	0.01688	0.03006	0.01744	0.51885	0.06680	0.00471	0.00645	0.00738	0.00417	0.00550
78	0.00953	0.00900	0.01024	0.00973	0.01078	0.05431	0.00750	0.01083	0.01165	0.01491	0.03434	0.21901	0.31766	0.01372	0.01050	0.00220	0.23360	0.01068	0.00442	0.00540
79	0.01166	0.03008	0.76550	0.01657	0.02517	0.01351	0.02149	0.01842	0.01228	0.01842	0.01044	0.01228	0.00737	0.00552	0.00552	0.00184	0.00859	0.00430	0.00246	0.00859
80	0.01202	0.01026	0.01075	0.00981	0.01265	0.01120	0.00759	0.04222	0.46917	0.02181	0.05417	0.03328	0.26060	0.01021	0.00625	0.00196	0.00406	0.00851	0.00576	0.00772
81	0.00831	0.00623	0.00935	0.00935	0.01038	0.00727	0.00727	0.01038	0.00935	0.01350	0.01558	0.02285	0.01454	0.04361	0.77259	0.00935	0.01558	0.00623	0.00312	0.00519
82	0.00725	0.00529	0.00720	0.04111	0.00978	0.00507	0.00586	0.00839	0.01115	0.01485	0.03112	0.75870	0.03715	0.01769	0.00735	0.00234	0.00356	0.01605	0.00528	0.00480
83	0.00752	0.00547	0.00767	0.00854	0.00912	0.00562	0.00606	0.00891	0.01050	0.01437	0.02622	0.51983	0.03000	0.02720	0.27807	0.00483	0.00769	0.01289	0.00459	0.00489
84	0.01577	0.01030	0.01247	0.00918	0.01410	0.00820	0.00740	0.01877	0.03990	0.21125	0.01407	0.01440	0.01044	0.00518	0.00476	0.00114	0.00448	0.00418	0.00450	0.58951
85	0.83671	0.01125	0.00855	0.00765	0.01125	0.01305	0.00630	0.01709	0.00990	0.02609	0.00810	0.00945	0.00630	0.00540	0.00360	0.00180	0.00450	0.00315	0.00360	0.00630
86	0.01364	0.01630	0.06552	0.02417	0.03017	0.01465	0.70764	0.01862	0.01366	0.01862	0.01171	0.01554	0.00876	0.00493	0.00681	0.00196	0.00975	0.00675	0.00292	0.00788
87	0.01446	0.01249	0.01315	0.01183	0.01512	0.01446	0.00920	0.03090	0.74885	0.02433	0.02367	0.02170	0.01775	0.00789	0.00592	0.00197	0.00460	0.00657	0.00592	0.00920
88	0.02609	0.00990	0.01350	0.01035	0.01484	0.00855	0.00855	0.02834	0.01664	0.76338	0.02294	0.01979	0.01439	0.00720	0.00585	0.00180	0.00495	0.00585	0.00720	0.00990
89	0.00832	0.00620	0.00917	0.00917	0.01014	0.00717	0.00705	0.01027	0.00929	0.01337	0.01574	0.02375	0.01493	0.08835	0.72839	0.00913	0.01499	0.00636	0.00314	0.00509
90	0.00836	0.00565	0.00632	0.00632	0.00643	0.00559	0.00358	0.00845	0.00874	0.01154	0.02074	0.03912	0.06492	0.74917	0.02825	0.00542	0.00548	0.00868	0.00364	0.00361
91	0.01199	0.01136	0.01925	0.56217	0.25169	0.01318	0.01665	0.01574	0.01210	0.01608	0.01051	0.01518	0.00818	0.00563	0.00580	0.00188	0.00750	0.00517	0.00267	0.00727
92	0.01084	0.00542	0.00542	0.00542	0.00678	0.00542	0.00407	0.01355	0.01220	0.02168	0.01897	0.02168	0.01491	0.00678	0.00407	0.00136	0.00271	0.00542	0.82791	0.00542
93	0.00921	0.00660	0.00916	0.01047	0.01178	0.00656	0.00907	0.01178	0.01329	0.01725	0.03161	0.09633	0.05330	0.01612	0.00797	0.00264	0.00520	0.67098	0.00536	0.00532
94	0.01206	0.00860	0.01003	0.00892	0.01116	0.00862	0.00686	0.19884	0.01789	0.05097	0.31232	0.16620	0.14028	0.01196	0.00665	0.00192	0.00390	0.01028	0.00596	0.00657
95	0.58980	0.01359	0.05574	0.00957	0.01372	0.01428	0.00836	0.19272	0.01427	0.02820	0.00966	0.01071	0.00723	0.00579	0.00425	0.00179	0.00520	0.00372	0.00407	0.00731
96	0.01143	0.03574	0.31188	0.01500	0.02011	0.05628	0.15184	0.01562	0.01266	0.01740	0.04640	0.21518	0.01765	0.00891	0.00622	0.00193	0.00715	0.00811	0.00354	0.03695

[dist]
# distance from previous block
# <min> <max>
1	7

[block]
# block no. 2 follows, 40 sequences, length 47
# corresponding to MSA columns:
# 244-290
name=unknown_C
#
# <colnr> <probs for GDERKNQSTAVLIFYWHMCP>
#	G	D	E	R	K	N	Q	S	T	A	V	L	I	F	Y	W	H	M	C	P
0	0.05138	0.00887	0.01021	0.00914	0.01156	0.00899	0.00725	0.18759	0.01754	0.05799	0.26614	0.09794	0.14360	0.01157	0.00658	0.00196	0.00417	0.08506	0.00582	0.00663
1	0.01271	0.01204	0.02039	0.32690	0.44180	0.01304	0.01659	0.01621	0.01251	0.01718	0.01170	0.05158	0.01002	0.00605	0.00586	0.00184	0.00707	0.00571	0.00288	0.00792
2	0.05044	0.01087	0.01540	0.01347	0.01410	0.01447	0.03116	0.01323	0.00921	0.01455	0.01005	0.01556	0.00959	0.01941	0.23439	0.00445	0.50545	0.00537	0.00277	0.00606
3	0.01510	0.01211	0.01467	0.01308	0.04905	0.01398	0.01007	0.25485	0.09510	0.04204	0.07864	0.05789	0.08257	0.01063	0.03525	0.00228	0.19315	0.00698	0.00484	0.00773
4	0.00969	0.00752	0.00901	0.00836	0.01021	0.00764	0.00635	0.01570	0.19323	0.02332	0.55682	0.03859	0.06859	0.01101	0.00663	0.00187	0.00320	0.00962	0.00625	0.00637
5	0.01306	0.01871	0.20505	0.02187	0.02807	0.01428	0.52527	0.01821	0.01330	0.01855	0.03140	0.01553	0.00968	0.00542	0.00696	0.00195	0.03559	0.00630	0.00291	0.00791
6	0.01010	0.00505	0.00758	0.00758	0.00758	0.00505	0.00505	0.00758	0.00758	0.01010	0.01010	0.01768	0.01010	0.02020	0.02273	0.83081	0.00505	0.00505	0.00253	0.00253
7	0.00763	0.00550	0.00686	0.00745	0.00800	0.00536	0.00497	0.00855	0.01039	0.01373	0.02942	0.36668	0.12727	0.24986	0.11730	0.00422	0.00563	0.01219	0.00454	0.00446
8	0.01422	0.01364	0.02329	0.07365	0.72275	0.01377	0.01776	0.01769	0.01316	0.01879	0.01091	0.01445	0.00914	0.00521	0.00576	0.00174	0.00695	0.00518	0.00286	0.00907
9	0.01555	0.79913	0.03047	0.00995	0.01493	0.02301	0.00995	0.01741	0.01182	0.01368	0.00808	0.00933	0.00746	0.00498	0.00373	0.00124	0.00622	0.00311	0.00249	0.00746
10	0.01507	0.70440	0.12101	0.01077	0.01619	0.02184	0.01137	0.01754	0.01187	0.01426	0.00837	0.00969	0.00745	0.00504	0.00395	0.00132	0.00651	0.00326	0.00248	0.00760
11	0.00903	0.00663	0.00854	0.00937	0.01050	0.00662	0.00722	0.04434	0.05631	0.01765	0.06110	0.41240	0.05245	0.01601	0.00743	0.00239	0.00423	0.25683	0.00547	0.00548
12	0.01288	0.01031	0.01214	0.00872	0.01384	0.00780	0.00699	0.01545	0.01233	0.06273	0.01108	0.01251	0.00895	0.00448	0.00440	0.00092	0.00434	0.00359	0.00367	0.78288
13	0.00718	0.00513	0.00685	0.00820	0.00858	0.00480	0.00556	0.00826	0.01122	0.01495	0.03200	0.76251	0.03826	0.01813	0.00745	0.00237	0.00345	0.04495	0.00540	0.00475
14	0.01169	0.01069	0.01576	0.23282	0.02253	0.04324	0.10948	0.01484	0.01323	0.03378	0.15229	0.06540	0.01892	0.00720	0.00583	0.00164	0.00598	0.00657	0.00386	0.22426
15	0.00801	0.00573	0.00776	0.00880	0.00963	0.00548	0.00668	0.00984	0.01274	0.01707	0.15162	0.43585	0.03958	0.01648	0.00752	0.00237	0.00390	0.24035	0.00555	0.00505
16	0.01555	0.79913	0.03047	0.00995	0.01493	0.02301	0.00995	0.01741	0.01182	0.01368	0.00808	0.00933	0.00746	0.00498	0.00373	0.00124	0.00622	0.00311	0.00249	0.00746
17	0.01315	0.01200	0.02041	0.02869	0.54505	0.01191	0.05048	0.01617	0.01282	0.03659	0.01502	0.14511	0.01446	0.00915	0.04110	0.00219	0.00681	0.00723	0.00342	0.00823
18	0.00919	0.00723	0.00855	0.00907	0.01033	0.00753	0.00645	0.01466	0.22307	0.01761	0.03083	0.53830	0.06413	0.01510	0.00697	0.00223	0.00371	0.01349	0.00555	0.00602
19	0.01098	0.01034	0.01744	0.78165	0.04005	0.01292	0.01615	0.01486	0.01163	0.01486	0.01034	0.01550	0.00775	0.00581	0.00581	0.00194	0.00775	0.00517	0.00258	0.00646
20	0.00937	0.00669	0.00937	0.01071	0.01205	0.00669	0.00937	0.01205	0.01339	0.01740	0.03079	0.06560	0.03347	0.01606	0.00803	0.00268	0.00535	0.72021	0.00535	0.00535
21	0.00783	0.00564	0.00742	0.00759	0.00860	0.00522	0.00546	0.00998	0.01462	0.02039	0.50572	0.30237	0.04919	0.01408	0.00705	0.00201	0.00296	0.01260	0.00605	0.00522
22	0.00780	0.00570	0.00734	0.00749	0.00862	0.00524	0.00546	0.00992	0.01454	0.02000	0.46280	0.26012	0.11733	0.01409	0.00705	0.00202	0.00301	0.03028	0.00599	0.00521
23	0.00709	0.00506	0.00675	0.00810	0.00843	0.00472	0.00540	0.00810	0.01113	0.01484	0.03205	0.79184	0.03846	0.01822	0.00742	0.00236	0.00337	0.01653	0.00540	0.00472
24	0.01206	0.01034	0.01206	0.00861	0.01378	0.00775	0.00689	0.01464	0.01206	0.01895	0.01034	0.01206	0.00861	0.00431	0.00431	0.00086	0.00431	0.00345	0.00345	0.83118
25	0.02183	0.02443	0.01676	0.01452	0.01799	0.55569	0.01118	0.22904	0.01960	0.02067	0.01042	0.01148	0.00818	0.00628	0.00541	0.00157	0.00931	0.00417	0.00381	0.00765
26	0.83671	0.01125	0.00855	0.00765	0.01125	0.01305	0.00630	0.01709	0.00990	0.02609	0.00810	0.00945	0.00630	0.00540	0.00360	0.00180	0.00450	0.00315	0.00360	0.00630
27	0.02609	0.00990	0.01350	0.01035	0.01484	0.00855	0.00855	0.02834	0.01664	0.76338	0.02294	0.01979	0.01439	0.00720	0.00585	0.00180	0.00495	0.00585	0.00720	0.00990
28	0.00709	0.00506	0.00675	0.00810	0.00843	0.00472	0.00540	0.00810	0.01113	0.01484	0.03205	0.79184	0.03846	0.01822	0.00742	0.00236	0.00337	0.01653	0.00540	0.00472
29	0.01166	0.03008	0.76550	0.01657	0.02517	0.01351	0.02149	0.01842	0.01228	0.01842	0.01044	0.01228	0.00737	0.00552	0.00552	0.00184	0.00859	0.00430	0.00246	0.00859
30	0.00691	0.00589	0.00595	0.00593	0.00788	0.00493	0.00445	0.00842	0.01335	0.01594	0.07979	0.05559	0.73598	0.01464	0.00687	0.00196	0.00294	0.01222	0.00543	0.00493
31	0.01555	0.79913	0.03047	0.00995	0.01493	0.02301	0.00995	0.01741	0.01182	0.01368	0.00808	0.00933	0.00746	0.00498	0.00373	0.00124	0.00622	0.00311	0.00249	0.00746
32	0.01166	0.03008	0.76550	0.01657	0.02517	0.01351	0.02149	0.01842	0.01228	0.01842	0.01044	0.01228	0.00737	0.00552	0.00552	0.00184	0.00859	0.00430	0.00246	0.00859
33	0.00840	0.00625	0.00785	0.00740	0.00891	0.00586	0.00556	0.01167	0.05079	0.02266	0.65702	0.04357	0.11819	0.01196	0.00682	0.00185	0.00285	0.01049	0.00629	0.00561
34	0.26994	0.03555	0.05573	0.04683	0.03657	0.10647	0.00872	0.03203	0.06227	0.02195	0.20984	0.02219	0.05465	0.00782	0.00530	0.00178	0.00528	0.00608	0.00438	0.00661
35	0.01359	0.00925	0.01111	0.00849	0.01262	0.00739	0.00668	0.01581	0.01277	0.15068	0.03924	0.02068	0.08241	0.06473	0.02997	0.00176	0.00469	0.00535	0.00438	0.49840
36	0.14750	0.01392	0.01445	0.01151	0.01575	0.06425	0.00939	0.30190	0.06281	0.27586	0.01631	0.01544	0.01115	0.00680	0.00546	0.00177	0.00579	0.00510	0.00576	0.00909
37	0.01555	0.79913	0.03047	0.00995	0.01493	0.02301	0.00995	0.01741	0.01182	0.01368	0.00808	0.00933	0.00746	0.00498	0.00373	0.00124	0.00622	0.00311	0.00249	0.00746
38	0.01164	0.01069	0.01744	0.73647	0.03876	0.01322	0.01585	0.05751	0.01255	0.01614	0.01055	0.01541	0.00788	0.00588	0.00581	0.00193	0.00767	0.00517	0.00277	0.00666
39	0.83671	0.01125	0.00855	0.00765	0.01125	0.01305	0.00630	0.01709	0.00990	0.02609	0.00810	0.00945	0.00630	0.00540	0.00360	0.00180	0.00450	0.00315	0.00360	0.00630
40	0.01938	0.01159	0.01353	0.01106	0.01482	0.01203	0.00890	0.19209	0.22937	0.28100	0.12139	0.02222	0.01985	0.00799	0.00600	0.00184	0.00488	0.00655	0.00640	0.00909
41	0.00831	0.00623	0.00935	0.00935	0.01038	0.00727	0.00727	0.01038	0.00935	0.01350	0.01558	0.02285	0.01454	0.04361	0.77259	0.00935	0.01558	0.00623	0.00312	0.00519
42	0.01342	0.01505	0.03186	0.02309	0.02826	0.01468	0.64528	0.01789	0.01313	0.01802	0.01156	0.01572	0.00895	0.00693	0.03885	0.00231	0.07782	0.00668	0.00291	0.00761
43	0.01084	0.00542	0.00542	0.00542	0.00678	0.00542	0.00407	0.01355	0.01220	0.02168	0.01897	0.02168	0.01491	0.00678	0.00407	0.00136	0.00271	0.00542	0.82791	0.00542
44	0.02172	0.02772	0.01648	0.01498	0.01798	0.77228	0.01124	0.02322	0.01648	0.01423	0.00899	0.01049	0.00749	0.00599	0.00524	0.00150	0.01049	0.00375	0.00300	0.00674
45	0.00823	0.00594	0.00777	0.00732	0.00869	0.00549	0.00549	0.01097	0.01646	0.02332	0.75629	0.04344	0.05487	0.01189	0.00686	0.00183	0.00274	0.01052	0.00640	0.00549
46	0.01481	0.01267	0.01335	0.01190	0.01525	0.01463	0.00929	0.06328	0.71591	0.02489	0.02323	0.02134	0.01739	0.00785	0.00591	0.00196	0.00468	0.00651	0.00591	0.00924

[dist]
# distance from previous block
# <min> <max>
0	1

[block]
# block no. 3 follows, 40 sequences, length 19
# corresponding to MSA columns:
# 292-294,305-320
name=unknown_D
#
# <colnr> <probs for GDERKNQSTAVLIFYWHMCP>
#	G	D	E	R	K	N	Q	S	T	A	V	L	I	F	Y	W	H	M	C	P
0	0.02228	0.01445	0.01616	0.01248	0.01687	0.01549	0.01025	0.56143	0.02421	0.17920	0.01554	0.01531	0.01079	0.00770	0.00669	0.04433	0.00604	0.00535	0.00592	0.00951
1	0.76372	0.01112	0.00899	0.00789	0.01157	0.01264	0.00650	0.01811	0.01050	0.09248	0.00943	0.01038	0.00703	0.00556	0.00380	0.00180	0.00454	0.00339	0.00392	0.00662
2	0.05903	0.01486	0.01569	0.01249	0.01671	0.01654	0.01018	0.53430	0.16879	0.03283	0.01748	0.01703	0.04250	0.00741	0.00577	0.00180	0.00581	0.00569	0.00571	0.00937
3	0.01261	0.00792	0.00926	0.00822	0.01012	0.00777	0.00600	0.11259	0.03144	0.12423	0.16568	0.07686	0.13146	0.25421	0.01364	0.00305	0.00456	0.00899	0.00533	0.00606
4	0.01902	0.01388	0.01545	0.01230	0.01592	0.01544	0.00996	0.56154	0.02275	0.03063	0.01373	0.01585	0.01064	0.03564	0.08295	0.07727	0.02802	0.00541	0.00510	0.00848
5	0.01142	0.01086	0.01843	0.67637	0.07001	0.01312	0.05448	0.01586	0.04262	0.01564	0.01100	0.01572	0.00829	0.00582	0.00587	0.00193	0.00769	0.00532	0.00276	0.00677
6	0.00709	0.00506	0.00675	0.00810	0.00843	0.00472	0.00540	0.00810	0.01113	0.01484	0.03205	0.79184	0.03846	0.01822	0.00742	0.00236	0.00337	0.01653	0.00540	0.00472
7	0.02211	0.01629	0.01745	0.01338	0.01803	0.01803	0.01105	0.73997	0.02734	0.03665	0.01396	0.01396	0.00989	0.00698	0.00582	0.00175	0.00640	0.00524	0.00582	0.00989
8	0.02211	0.01629	0.01745	0.01338	0.01803	0.01803	0.01105	0.73997	0.02734	0.03665	0.01396	0.01396	0.00989	0.00698	0.00582	0.00175	0.00640	0.00524	0.00582	0.00989
9	0.01439	0.01382	0.02360	0.03569	0.75936	0.01382	0.01785	0.01785	0.01324	0.01900	0.01094	0.01439	0.00921	0.00518	0.00576	0.00173	0.00691	0.00518	0.00288	0.00921
10	0.01602	0.01309	0.01398	0.01214	0.01566	0.01491	0.00966	0.19994	0.53655	0.02691	0.02172	0.02218	0.01670	0.00811	0.00601	0.00196	0.00507	0.04435	0.00586	0.00916
11	0.02137	0.02471	0.01674	0.01468	0.01786	0.58551	0.01127	0.16587	0.01828	0.01870	0.00992	0.01129	0.00798	0.00639	0.00602	0.00160	0.04682	0.00411	0.00354	0.00735
12	0.00709	0.00506	0.00675	0.00810	0.00843	0.00472	0.00540	0.00810	0.01113	0.01484	0.03205	0.79184	0.03846	0.01822	0.00742	0.00236	0.00337	0.01653	0.00540	0.00472
13	0.02177	0.02631	0.01660	0.01478	0.01798	0.67937	0.01121	0.11151	0.01782	0.01699	0.00960	0.01091	0.00779	0.00611	0.00531	0.00153	0.00998	0.00393	0.00334	0.00713
14	0.00700	0.00581	0.00614	0.00638	0.00810	0.00496	0.00475	0.00846	0.01298	0.01566	0.05420	0.15485	0.63208	0.01525	0.00699	0.00205	0.00310	0.04095	0.00540	0.00490
15	0.01439	0.01382	0.02360	0.03569	0.75936	0.01382	0.01785	0.01785	0.01324	0.01900	0.01094	0.01439	0.00921	0.00518	0.00576	0.00173	0.00691	0.00518	0.00288	0.00921
16	0.01641	0.01481	0.02072	0.02684	0.47636	0.05324	0.01489	0.19101	0.01668	0.02298	0.01151	0.01388	0.00923	0.00558	0.00561	0.00164	0.00674	0.00496	0.00364	0.08326
17	0.10381	0.01131	0.05009	0.01010	0.01384	0.01035	0.00839	0.05779	0.18956	0.06264	0.01846	0.12694	0.01655	0.00831	0.00550	0.00170	0.00470	0.04943	0.00473	0.24580
18	0.01704	0.01127	0.01217	0.01047	0.01348	0.07445	0.00818	0.11769	0.14197	0.22551	0.18396	0.11385	0.02554	0.00951	0.00621	0.00187	0.00488	0.00799	0.00605	0.00793

[dist]
# distance from previous block
# <min> <max>
2	7

[block]
# block no. 4 follows, 40 sequences, length 177
# corresponding to MSA columns:
# 328-504
name=unknown_E
#
# <colnr> <probs for GDERKNQSTAVLIFYWHMCP>
#	G	D	E	R	K	N	Q	S	T	A	V	L	I	F	Y	W	H	M	C	P
0	0.01975	0.01987	0.04271	0.01545	0.01948	0.25339	0.10071	0.33391	0.03838	0.02489	0.01180	0.01313	0.00896	0.00663	0.00673	0.00176	0.06490	0.00496	0.00424	0.00834
1	0.01629	0.00864	0.01066	0.00894	0.01162	0.00799	0.00667	0.08671	0.01396	0.28327	0.02047	0.12610	0.01853	0.24628	0.01305	0.00292	0.00502	0.00772	0.00529	0.09988
2	0.01389	0.00820	0.03001	0.00876	0.01133	0.00722	0.00706	0.04495	0.03326	0.22712	0.46601	0.05804	0.03934	0.01034	0.00650	0.00184	0.00371	0.00896	0.00645	0.00702
3	0.02186	0.01003	0.01306	0.00982	0.01452	0.00831	0.00805	0.02421	0.01526	0.53869	0.01914	0.01746	0.01265	0.00632	0.00538	0.00152	0.00475	0.00512	0.00606	0.25778
4	0.01206	0.01034	0.01206	0.00861	0.01378	0.00775	0.00689	0.01464	0.01206	0.01895	0.01034	0.01206	0.00861	0.00431	0.00431	0.00086	0.00431	0.00345	0.00345	0.83118
5	0.02316	0.01369	0.01574	0.01215	0.01663	0.01426	0.01000	0.46354	0.02305	0.29906	0.01768	0.03618	0.01226	0.00735	0.00587	0.00178	0.00580	0.00575	0.00631	0.00976
6	0.00846	0.00564	0.00634	0.00634	0.00634	0.00564	0.00352	0.00846	0.00846	0.01128	0.01832	0.03805	0.02114	0.79563	0.02960	0.00564	0.00564	0.00846	0.00352	0.00352
7	0.00743	0.00533	0.00706	0.00786	0.00851	0.00495	0.00542	0.00897	0.01274	0.01740	0.25064	0.56595	0.04341	0.01631	0.00725	0.00220	0.00318	0.01472	0.00570	0.00495
8	0.00782	0.00593	0.00721	0.00689	0.00844	0.00531	0.00516	0.01018	0.01549	0.02102	0.54580	0.04722	0.26679	0.01275	0.00686	0.00187	0.00280	0.01105	0.00610	0.00531
9	0.58665	0.00965	0.00831	0.00755	0.01047	0.01076	0.00605	0.01525	0.01188	0.02525	0.23392	0.01971	0.02096	0.00736	0.00458	0.00181	0.00397	0.00537	0.00444	0.00605
10	0.01206	0.01034	0.01206	0.00861	0.01378	0.00775	0.00689	0.01464	0.01206	0.01895	0.01034	0.01206	0.00861	0.00431	0.00431	0.00086	0.00431	0.00345	0.00345	0.83118
11	0.01958	0.01611	0.02254	0.01674	0.02176	0.01703	0.23054	0.52225	0.02323	0.03121	0.01330	0.01448	0.00957	0.00635	0.00613	0.00181	0.00743	0.00573	0.00495	0.00927
12	0.01206	0.01034	0.01206	0.00861	0.01378	0.00775	0.00689	0.01464	0.01206	0.01895	0.01034	0.01206	0.00861	0.00431	0.00431	0.00086	0.00431	0.00345	0.00345	0.83118
13	0.01413	0.01456	0.02784	0.03127	0.47073	0.01417	0.30307	0.01816	0.01343	0.01885	0.01127	0.01490	0.00906	0.00507	0.00619	0.00182	0.00805	0.00585	0.00290	0.00867
14	0.01446	0.01249	0.01315	0.01183	0.01512	0.01446	0.00920	0.03090	0.74885	0.02433	0.02367	0.02170	0.01775	0.00789	0.00592	0.00197	0.00460	0.00657	0.00592	0.00920
15	0.00827	0.00597	0.00783	0.00743	0.00880	0.00553	0.00561	0.01101	0.01636	0.02313	0.73255	0.04416	0.05417	0.01203	0.00690	0.00186	0.00283	0.03374	0.00637	0.00548
16	0.01311	0.01194	0.01917	0.49167	0.23894	0.01371	0.01609	0.09244	0.01374	0.01832	0.01089	0.01503	0.00839	0.00576	0.00580	0.00186	0.00737	0.00518	0.00301	0.00759
17	0.01166	0.03008	0.76550	0.01657	0.02517	0.01351	0.02149	0.01842	0.01228	0.01842	0.01044	0.01228	0.00737	0.00552	0.00552	0.00184	0.00859	0.00430	0.00246	0.00859
18	0.83671	0.01125	0.00855	0.00765	0.01125	0.01305	0.00630	0.01709	0.00990	0.02609	0.00810	0.00945	0.00630	0.00540	0.00360	0.00180	0.00450	0.00315	0.00360	0.00630
19	0.01498	0.68750	0.13717	0.01091	0.01641	0.02163	0.01162	0.01756	0.01188	0.01437	0.00843	0.00976	0.00745	0.00505	0.00399	0.00133	0.00656	0.00328	0.00248	0.00763
20	0.01483	0.01235	0.01318	0.01160	0.01488	0.01406	0.00909	0.11741	0.58999	0.02577	0.09140	0.02278	0.02026	0.00815	0.00599	0.00193	0.00465	0.00678	0.00595	0.00894
21	0.00823	0.00594	0.00777	0.00732	0.00869	0.00549	0.00549	0.01097	0.01646	0.02332	0.75629	0.04344	0.05487	0.01189	0.00686	0.00183	0.00274	0.01052	0.00640	0.00549
22	0.01217	0.01050	0.01096	0.01004	0.01293	0.01158	0.00776	0.02409	0.52683	0.02173	0.03431	0.03204	0.24087	0.00995	0.00621	0.00197	0.00410	0.00829	0.00576	0.00791
23	0.00709	0.00506	0.00675	0.00810	0.00843	0.00472	0.00540	0.00810	0.01113	0.01484	0.03205	0.79184	0.03846	0.01822	0.00742	0.00236	0.00337	0.01653	0.00540	0.00472
24	0.01555	0.79913	0.03047	0.00995	0.01493	0.02301	0.00995	0.01741	0.01182	0.01368	0.00808	0.00933	0.00746	0.00498	0.00373	0.00124	0.00622	0.00311	0.00249	0.00746
25	0.01084	0.00542	0.00542	0.00542	0.00678	0.00542	0.00407	0.01355	0.01220	0.02168	0.01897	0.02168	0.01491	0.00678	0.00407	0.00136	0.00271	0.00542	0.82791	0.00542
26	0.01315	0.00703	0.00935	0.00815	0.01038	0.00633	0.00633	0.01575	0.01651	0.22697	0.55448	0.03693	0.04373	0.01060	0.00658	0.00182	0.00335	0.00923	0.00662	0.00670
27	0.02609	0.00990	0.01350	0.01035	0.01484	0.00855	0.00855	0.02834	0.01664	0.76338	0.02294	0.01979	0.01439	0.00720	0.00585	0.00180	0.00495	0.00585	0.00720	0.00990
28	0.02172	0.02772	0.01648	0.01498	0.01798	0.77228	0.01124	0.02322	0.01648	0.01423	0.00899	0.01049	0.00749	0.00599	0.00524	0.00150	0.01049	0.00375	0.00300	0.00674
29	0.83671	0.01125	0.00855	0.00765	0.01125	0.01305	0.00630	0.01709	0.00990	0.02609	0.00810	0.00945	0.00630	0.00540	0.00360	0.00180	0.00450	0.00315	0.00360	0.00630
30	0.01221	0.01249	0.01029	0.00960	0.01145	0.23688	0.00718	0.01448	0.01617	0.02001	0.48050	0.05757	0.06764	0.01042	0.00639	0.00175	0.00511	0.00873	0.00530	0.00582
31	0.01206	0.01034	0.01206	0.00861	0.01378	0.00775	0.00689	0.01464	0.01206	0.01895	0.01034	0.01206	0.00861	0.00431	0.00431	0.00086	0.00431	0.00345	0.00345	0.83118
32	0.01439	0.01382	0.02360	0.03569	0.75936	0.01382	0.01785	0.01785	0.01324	0.01900	0.01094	0.01439	0.00921	0.00518	0.00576	0.00173	0.00691	0.00518	0.00288	0.00921
33	0.01206	0.01034	0.01206	0.00861	0.01378	0.00775	0.00689	0.01464	0.01206	0.01895	0.01034	0.01206	0.00861	0.00431	0.00431	0.00086	0.00431	0.00345	0.00345	0.83118
34	0.01414	0.01482	0.02804	0.02072	0.02586	0.01472	0.51824	0.04036	0.21726	0.02066	0.01511	0.01730	0.01132	0.00578	0.00657	0.00196	0.00828	0.00674	0.00384	0.00827
35	0.00698	0.00592	0.00603	0.00609	0.00803	0.00498	0.00462	0.00850	0.01326	0.01578	0.05775	0.05636	0.72711	0.01478	0.00692	0.00199	0.00305	0.04151	0.00540	0.00493
36	0.01345	0.01286	0.02191	0.24097	0.56142	0.01357	0.01738	0.01702	0.01280	0.01786	0.01077	0.01470	0.00881	0.00536	0.00577	0.00179	0.00714	0.00518	0.00280	0.00845
37	0.01010	0.00505	0.00758	0.00758	0.00758	0.00505	0.00505	0.00758	0.00758	0.01010	0.01010	0.01768	0.01010	0.02020	0.02273	0.83081	0.00505	0.00505	0.00253	0.00253
38	0.00709	0.00506	0.00675	0.00810	0.00843	0.00472	0.00540	0.00810	0.01113	0.01484	0.03205	0.79184	0.03846	0.01822	0.00742	0.00236	0.00337	0.01653	0.00540	0.00472
39	0.01098	0.01034	0.01744	0.78165	0.04005	0.01292	0.01615	0.01486	0.01163	0.01486	0.01034	0.01550	0.00775	0.00581	0.00581	0.00194	0.00775	0.00517	0.00258	0.00646
40	0.02094	0.12561	0.01826	0.01434	0.01759	0.67720	0.01107	0.02248	0.01589	0.01416	0.00887	0.01034	0.00749	0.00586	0.00505	0.00147	0.00995	0.00366	0.00293	0.00683
41	0.83671	0.01125	0.00855	0.00765	0.01125	0.01305	0.00630	0.01709	0.00990	0.02609	0.00810	0.00945	0.00630	0.00540	0.00360	0.00180	0.00450	0.00315	0.00360	0.00630
42	0.01252	0.02233	0.50550	0.01444	0.02085	0.01132	0.01714	0.01783	0.01305	0.09265	0.03294	0.02557	0.01493	0.00818	0.00614	0.00202	0.00738	0.16360	0.00366	0.00793
43	0.01350	0.39361	0.41805	0.01344	0.02033	0.01800	0.01603	0.01794	0.01206	0.01618	0.00932	0.01088	0.00741	0.00527	0.00468	0.00156	0.00747	0.00374	0.00247	0.00806
44	0.00702	0.00531	0.00649	0.00743	0.00826	0.00478	0.00510	0.00817	0.01177	0.01511	0.04016	0.56973	0.25533	0.01716	0.00726	0.00224	0.00324	0.01525	0.00540	0.00478
