[name]
unknown

[dist]
# distance from previous block
# <min> <max>
0	466

[block]
# block no. 0 follows, 53 sequences, length 26
# corresponding to MSA columns:
# 476-501
name=unknown_A
#
# <colnr> <probs for GDERKNQSTAVLIFYWHMCP>
#	G	D	E	R	K	N	Q	S	T	A	V	L	I	F	Y	W	H	M	C	P
0	0.00680	0.00676	0.06443	0.04215	0.06278	0.00545	0.00651	0.00855	0.01037	0.01332	0.04706	0.25319	0.34092	0.01159	0.00571	0.00175	0.00347	0.10060	0.00404	0.00456
1	0.01394	0.01274	0.11201	0.01391	0.07303	0.01150	0.17521	0.20280	0.06697	0.13412	0.06494	0.01432	0.01099	0.00566	0.00579	0.00155	0.06471	0.00492	0.00378	0.00711
2	0.01295	0.27798	0.31686	0.01197	0.04468	0.14186	0.01226	0.10188	0.01194	0.01506	0.00812	0.00931	0.00638	0.00458	0.00407	0.00130	0.00644	0.00326	0.00242	0.00667
3	0.00630	0.00458	0.00625	0.00693	0.00747	0.00464	0.00497	0.00744	0.00880	0.01188	0.02267	0.46581	0.05696	0.06888	0.23743	0.00374	0.00584	0.06163	0.00381	0.00398
4	0.01083	0.01491	0.22076	0.05383	0.26660	0.01114	0.26133	0.01470	0.01068	0.01525	0.00905	0.01163	0.00700	0.00423	0.00489	0.00146	0.00667	0.00441	0.00232	0.06831
5	0.17235	0.23034	0.13923	0.01058	0.01448	0.20675	0.06165	0.05081	0.01113	0.03554	0.00790	0.00916	0.00630	0.00477	0.00415	0.01688	0.00616	0.00321	0.00256	0.00605
6	0.00657	0.00469	0.00629	0.00662	0.00704	0.00494	0.00458	0.00749	0.00789	0.01087	0.01751	0.26308	0.01944	0.27280	0.33265	0.00505	0.00733	0.00819	0.00322	0.00373
7	0.00660	0.00481	0.00621	0.00601	0.00708	0.00442	0.00445	0.00864	0.01292	0.01807	0.67422	0.11759	0.09020	0.01045	0.00569	0.00155	0.00232	0.00924	0.00513	0.00442
8	0.01244	0.00887	0.00993	0.00852	0.01087	0.00936	0.00667	0.35565	0.05362	0.05562	0.09016	0.22127	0.09328	0.00904	0.00523	0.00159	0.00389	0.00763	0.03014	0.00622
9	0.01142	0.37103	0.13402	0.00890	0.01235	0.06708	0.00870	0.06072	0.01042	0.01347	0.00967	0.02952	0.00860	0.04371	0.11919	0.00226	0.00643	0.00379	0.07294	0.00577
10	0.02144	0.00813	0.01109	0.00850	0.01220	0.00702	0.00702	0.02329	0.01368	0.80552	0.01886	0.01627	0.01183	0.00592	0.00481	0.00148	0.00407	0.00481	0.00592	0.00813
11	0.00673	0.00491	0.00625	0.00693	0.00755	0.00478	0.00479	0.04199	0.04595	0.01396	0.09331	0.68625	0.03099	0.01372	0.00595	0.00187	0.00288	0.01237	0.00454	0.00429
12	0.01106	0.37226	0.43677	0.01112	0.01671	0.01449	0.01315	0.01522	0.04371	0.01367	0.00822	0.00938	0.00646	0.00443	0.00392	0.00131	0.00608	0.00319	0.00215	0.00669
13	0.01081	0.00561	0.00675	0.00605	0.00776	0.00532	0.00468	0.01347	0.04678	0.17699	0.29186	0.02379	0.02381	0.00716	0.00451	0.00135	0.00268	0.00604	0.34923	0.00535
14	0.00836	0.00669	0.00770	0.00713	0.00884	0.00693	0.00544	0.01427	0.27498	0.01875	0.45421	0.03085	0.11897	0.00893	0.00538	0.00156	0.00279	0.00772	0.00504	0.00548
15	0.01045	0.13421	0.33542	0.26107	0.08202	0.04736	0.03704	0.01427	0.01012	0.01358	0.00829	0.01070	0.00632	0.00453	0.00444	0.00145	0.00657	0.00371	0.00211	0.00635
16	0.00685	0.00459	0.00524	0.00534	0.00537	0.00457	0.00303	0.00692	0.00715	0.00953	0.01607	0.10293	0.01866	0.75862	0.02269	0.00439	0.00447	0.00755	0.00303	0.00298
17	0.01089	0.01040	0.01770	0.29483	0.54407	0.01111	0.01420	0.01384	0.01044	0.01447	0.00882	0.01214	0.00717	0.00443	0.00475	0.00148	0.00591	0.00425	0.00228	0.00681
18	0.00589	0.00424	0.00560	0.00666	0.00703	0.00395	0.00453	0.00679	0.00930	0.01232	0.02731	0.76232	0.06655	0.01477	0.00610	0.00194	0.00282	0.04352	0.00444	0.00391
19	0.00618	0.00486	0.00557	0.00540	0.00678	0.00426	0.00405	0.00788	0.01214	0.01587	0.40328	0.04114	0.44357	0.01100	0.00564	0.00156	0.00234	0.00941	0.00483	0.00426
20	0.00903	0.00850	0.01434	0.82054	0.03292	0.01062	0.01327	0.01221	0.00956	0.01221	0.00850	0.01274	0.00637	0.00478	0.00478	0.00159	0.00637	0.00425	0.00212	0.00531
21	0.01361	0.50462	0.08045	0.06813	0.01504	0.10274	0.00951	0.12927	0.01204	0.01446	0.00772	0.00888	0.00644	0.00451	0.00369	0.00118	0.00575	0.00307	0.00250	0.00638
22	0.01099	0.03773	0.20783	0.16962	0.33836	0.01059	0.01368	0.01436	0.01066	0.06519	0.03376	0.01390	0.04247	0.00502	0.00472	0.00148	0.00578	0.00444	0.00263	0.00678
23	0.13665	0.01117	0.06340	0.01002	0.01389	0.02387	0.06414	0.19298	0.03112	0.38335	0.01399	0.01327	0.00933	0.00544	0.00458	0.00148	0.00484	0.00435	0.00466	0.00747
24	0.01256	0.78028	0.07778	0.00855	0.01284	0.01839	0.00882	0.01437	0.00974	0.01151	0.00678	0.00783	0.00613	0.00412	0.00317	0.00106	0.00524	0.00262	0.00204	0.00620
25	0.00669	0.00493	0.00603	0.00620	0.00722	0.00459	0.00449	0.00862	0.04254	0.02630	0.29486	0.27848	0.20097	0.05137	0.00667	0.00184	0.00272	0.03649	0.00468	0.00431

[dist]
# distance from previous block
# <min> <max>
0	3

[block]
# block no. 1 follows, 53 sequences, length 52
# corresponding to MSA columns:
# 505-556
name=unknown_B
#
# <colnr> <probs for GDERKNQSTAVLIFYWHMCP>
#	G	D	E	R	K	N	Q	S	T	A	V	L	I	F	Y	W	H	M	C	P
0	0.01319	0.12102	0.37440	0.01235	0.01705	0.28111	0.01297	0.05313	0.01168	0.01407	0.00798	0.00939	0.00621	0.00484	0.00478	0.00138	0.04241	0.00333	0.00231	0.00641
1	0.01551	0.30813	0.01813	0.01241	0.08573	0.45974	0.00936	0.01700	0.01195	0.01190	0.00727	0.00858	0.00628	0.00457	0.00391	0.00117	0.00711	0.00300	0.00231	0.00594
2	0.01184	0.50069	0.20457	0.00946	0.01401	0.01521	0.01007	0.03025	0.04550	0.02947	0.00897	0.04509	0.00782	0.00483	0.00372	0.00121	0.00531	0.00349	0.00244	0.04606
3	0.01569	0.16805	0.16913	0.03929	0.03105	0.01172	0.01000	0.15376	0.03572	0.28251	0.01331	0.01304	0.02497	0.00534	0.00444	0.00140	0.00513	0.00414	0.00396	0.00734
4	0.06584	0.04252	0.00751	0.00719	0.00831	0.04333	0.00523	0.01000	0.07325	0.01418	0.09451	0.51146	0.03795	0.01182	0.00548	0.00175	0.00330	0.03004	0.00422	0.02212
5	0.06870	0.00713	0.00829	0.02370	0.00987	0.00710	0.00575	0.04357	0.13944	0.19199	0.24042	0.02614	0.15181	0.00797	0.00499	0.00151	0.00322	0.00666	0.04583	0.00592
6	0.00695	0.00463	0.00521	0.00521	0.00521	0.00463	0.00290	0.00695	0.00695	0.00927	0.01506	0.03128	0.01738	0.83203	0.02433	0.00463	0.00463	0.00695	0.00290	0.00290
7	0.01221	0.01037	0.01535	0.01544	0.16771	0.01293	0.02486	0.01377	0.00894	0.11846	0.00855	0.01155	0.00729	0.00715	0.01190	0.00187	0.53859	0.00431	0.00266	0.00610
8	0.00991	0.00850	0.00991	0.00708	0.01133	0.00637	0.00566	0.01203	0.00991	0.01557	0.00850	0.00991	0.00708	0.00354	0.00354	0.00071	0.00354	0.00283	0.00283	0.86124
9	0.01154	0.01435	0.33734	0.01054	0.01476	0.01886	0.04024	0.02889	0.01147	0.18925	0.09956	0.13479	0.03328	0.00731	0.00506	0.00159	0.00512	0.02587	0.00376	0.00641
10	0.00767	0.00546	0.00759	0.00864	0.00969	0.00546	0.00749	0.00977	0.01082	0.01408	0.02484	0.05289	0.02705	0.05016	0.00740	0.00231	0.00441	0.73560	0.00433	0.00433
11	0.02103	0.00823	0.01108	0.00856	0.01221	0.00724	0.00705	0.02339	0.04791	0.77105	0.01888	0.01634	0.01195	0.00594	0.00481	0.00149	0.00405	0.00483	0.00587	0.00811
12	0.01046	0.01046	0.01464	0.01255	0.01255	0.01464	0.01046	0.01150	0.00732	0.01150	0.00627	0.01046	0.00627	0.00837	0.01569	0.00209	0.82328	0.00418	0.00209	0.00523
13	0.01128	0.01289	0.02820	0.02015	0.02498	0.01209	0.78485	0.01531	0.01128	0.01531	0.00967	0.01289	0.00725	0.00403	0.00564	0.00161	0.00806	0.00564	0.00242	0.00645
14	0.00625	0.00522	0.00533	0.00517	0.00685	0.00453	0.00391	0.04116	0.01152	0.01396	0.08165	0.04401	0.73048	0.01172	0.00561	0.00160	0.00254	0.00977	0.00449	0.00424
15	0.00695	0.00463	0.00521	0.00521	0.00521	0.00463	0.00290	0.00695	0.00695	0.00927	0.01506	0.03128	0.01738	0.83203	0.02433	0.00463	0.00463	0.00695	0.00290	0.00290
16	0.86579	0.00924	0.00702	0.00629	0.00924	0.01072	0.00518	0.01405	0.00813	0.02144	0.00666	0.00776	0.00518	0.00444	0.00296	0.00148	0.00370	0.00259	0.00296	0.00518
17	0.00999	0.12637	0.70913	0.01294	0.01963	0.01208	0.01647	0.01503	0.01004	0.01465	0.00833	0.00979	0.00606	0.00448	0.00436	0.00145	0.00682	0.00341	0.00202	0.00695
18	0.01724	0.01338	0.01432	0.01126	0.01486	0.08754	0.05229	0.50978	0.11817	0.09290	0.01264	0.01251	0.00904	0.00568	0.00480	0.00145	0.00544	0.00445	0.00454	0.00772
19	0.00959	0.02472	0.80726	0.01362	0.02069	0.01110	0.01766	0.01514	0.01009	0.01514	0.00858	0.01009	0.00605	0.00454	0.00454	0.00151	0.00706	0.00353	0.00202	0.00706
20	0.01544	0.01229	0.01312	0.01165	0.07073	0.05016	0.00874	0.44313	0.22703	0.02474	0.01350	0.01346	0.00998	0.00578	0.00469	0.00145	0.00486	0.00455	0.05711	0.00759
21	0.00565	0.00484	0.00484	0.00484	0.00646	0.00403	0.00363	0.00686	0.01089	0.01291	0.04842	0.04600	0.80027	0.01210	0.00565	0.00161	0.00242	0.01009	0.00444	0.00403
22	0.00695	0.00463	0.00521	0.00521	0.00521	0.00463	0.00290	0.00695	0.00695	0.00927	0.01506	0.03128	0.01738	0.83203	0.02433	0.00463	0.00463	0.00695	0.00290	0.00290
23	0.86579	0.00924	0.00702	0.00629	0.00924	0.01072	0.00518	0.01405	0.00813	0.02144	0.00666	0.00776	0.00518	0.00444	0.00296	0.00148	0.00370	0.00259	0.00296	0.00518
24	0.00683	0.00511	0.00761	0.00761	0.00844	0.00594	0.00589	0.00849	0.00766	0.01104	0.01287	0.01913	0.01210	0.05850	0.79064	0.00759	0.01257	0.00517	0.00257	0.00423
25	0.01015	0.01053	0.04351	0.29808	0.26540	0.01062	0.18974	0.01329	0.01034	0.01406	0.01045	0.08252	0.00910	0.00532	0.00507	0.00157	0.00626	0.00535	0.00246	0.00620
26	0.13131	0.72017	0.02254	0.00792	0.01185	0.01777	0.00776	0.01428	0.00949	0.01266	0.00665	0.00768	0.00600	0.00414	0.00305	0.00109	0.00491	0.00256	0.00217	0.00600
27	0.00582	0.00416	0.00555	0.00666	0.00693	0.00388	0.00444	0.00666	0.00915	0.01220	0.02634	0.82891	0.03161	0.01497	0.00610	0.00194	0.00277	0.01359	0.00444	0.00388
28	0.01099	0.01099	0.01907	0.10725	0.36761	0.01209	0.15549	0.01360	0.00990	0.01412	0.00870	0.02610	0.00749	0.00548	0.00764	0.00165	0.20839	0.00466	0.00232	0.00648
29	0.00631	0.00487	0.00575	0.00553	0.00686	0.00432	0.00415	0.00813	0.01245	0.01660	0.49175	0.03992	0.35464	0.01073	0.00564	0.00155	0.00232	0.00924	0.00492	0.00432
30	0.01107	0.13007	0.12243	0.41265	0.08156	0.10057	0.03266	0.03055	0.01051	0.01312	0.00825	0.01112	0.00642	0.00463	0.00447	0.00145	0.00650	0.00382	0.00222	0.00594
31	0.00623	0.00478	0.00570	0.00564	0.00685	0.00425	0.00417	0.00792	0.01201	0.01595	0.42130	0.13298	0.33240	0.01128	0.00570	0.00160	0.00238	0.00978	0.00485	0.00425
32	0.00694	0.00486	0.00656	0.00726	0.00794	0.00493	0.00556	0.00837	0.00927	0.01265	0.02149	0.28108	0.02376	0.11317	0.16259	0.00339	0.00541	0.25889	0.05184	0.00404
33	0.01005	0.00571	0.00809	0.00752	0.00888	0.00602	0.00578	0.01155	0.00890	0.18523	0.01445	0.01997	0.01268	0.14021	0.52576	0.00590	0.00975	0.00531	0.00334	0.00493
34	0.01465	0.01093	0.01183	0.00996	0.01308	0.01221	0.00794	0.23974	0.49500	0.10457	0.01714	0.01588	0.01248	0.00621	0.00483	0.00155	0.00423	0.00503	0.00495	0.00778
35	0.02144	0.00813	0.01109	0.00850	0.01220	0.00702	0.00702	0.02329	0.01368	0.80552	0.01886	0.01627	0.01183	0.00592	0.00481	0.00148	0.00407	0.00481	0.00592	0.00813
36	0.77863	0.04777	0.00827	0.00664	0.00970	0.01133	0.00553	0.05742	0.00901	0.02146	0.00693	0.00797	0.00539	0.00449	0.00307	0.00146	0.00385	0.00268	0.00302	0.00539
37	0.01060	0.00952	0.04717	0.00763	0.01198	0.00708	0.00644	0.05589	0.01070	0.03316	0.00889	0.01014	0.00719	0.00376	0.00368	0.00080	0.00381	0.00299	0.00297	0.75559
38	0.00588	0.00418	0.00553	0.00659	0.00685	0.00392	0.00436	0.00667	0.00905	0.01206	0.02580	0.79071	0.03093	0.05410	0.00697	0.00207	0.00286	0.01327	0.00436	0.00383
39	0.01222	0.33016	0.01853	0.01083	0.01270	0.11021	0.00943	0.01348	0.00898	0.01143	0.00655	0.00916	0.00621	0.00631	0.00948	0.00158	0.41159	0.00342	0.00212	0.00561
40	0.00592	0.00484	0.00526	0.00553	0.00685	0.00424	0.00408	0.00736	0.02770	0.01297	0.04189	0.21760	0.57941	0.01266	0.00577	0.00171	0.00262	0.04505	0.00445	0.00410
41	0.00684	0.00507	0.00741	0.00741	0.00817	0.00583	0.00563	0.00836	0.00760	0.01089	0.01305	0.02016	0.01255	0.12389	0.72587	0.00734	0.01190	0.00532	0.00260	0.00412
42	0.00630	0.00448	0.00564	0.00617	0.00653	0.00438	0.00406	0.00701	0.00847	0.01130	0.03593	0.41812	0.07610	0.27911	0.10096	0.00341	0.00444	0.01021	0.00375	0.00363
43	0.40204	0.35358	0.01541	0.00775	0.01122	0.05946	0.00694	0.07046	0.01013	0.01729	0.00704	0.00804	0.00584	0.00441	0.00321	0.00127	0.00467	0.00273	0.00268	0.00581
44	0.00693	0.00563	0.00665	0.00687	0.04221	0.00526	0.00484	0.00975	0.08460	0.01608	0.33228	0.05817	0.38223	0.01042	0.00554	0.00157	0.00264	0.00893	0.00470	0.00470
45	0.01253	0.06787	0.32168	0.01736	0.25115	0.06792	0.01398	0.14774	0.02477	0.01745	0.00917	0.01072	0.00701	0.00469	0.00454	0.00142	0.00628	0.00382	0.00267	0.00724
46	0.00683	0.00512	0.00768	0.00768	0.00853	0.00597	0.00597	0.00853	0.00768	0.01110	0.01280	0.01878	0.01195	0.03585	0.81308	0.00768	0.01280	0.00512	0.00256	0.00427
47	0.19254	0.06662	0.12335	0.00982	0.01376	0.01269	0.00903	0.29618	0.13246	0.08119	0.01150	0.01158	0.00834	0.00532	0.00427	0.00146	0.00486	0.00393	0.00393	0.00715
48	0.01251	0.01293	0.08548	0.03931	0.46073	0.03200	0.03471	0.12453	0.05957	0.01742	0.00971	0.01186	0.00778	0.00495	0.00554	0.00150	0.06509	0.00428	0.00281	0.00731
49	0.01054	0.01004	0.01707	0.39365	0.44799	0.01102	0.01403	0.01354	0.01027	0.01405	0.00876	0.01225	0.00702	0.00450	0.00475	0.00150	0.00600	0.00425	0.00225	0.00653
50	0.00665	0.00483	0.00626	0.00601	0.00709	0.00444	0.00446	0.00875	0.01309	0.01838	0.70968	0.09371	0.07820	0.01025	0.00567	0.00154	0.00230	0.00907	0.00516	0.00444
51	0.01428	0.35716	0.16239	0.01075	0.01482	0.28224	0.01032	0.07205	0.01199	0.01347	0.00759	0.00870	0.00627	0.00457	0.00387	0.00121	0.00665	0.00303	0.00238	0.00625

[dist]
# distance from previous block
# <min> <max>
0	1

[block]
# block no. 2 follows, 53 sequences, length 22
# corresponding to MSA columns:
# 558-579
name=unknown_C
#
# <colnr> <probs for GDERKNQSTAVLIFYWHMCP>
#	G	D	E	R	K	N	Q	S	T	A	V	L	I	F	Y	W	H	M	C	P
0	0.00599	0.00445	0.00540	0.00597	0.00664	0.00406	0.00407	0.00695	0.00974	0.01267	0.09873	0.46957	0.22939	0.10374	0.00795	0.00211	0.00284	0.01152	0.00434	0.00387
1	0.01346	0.05734	0.07236	0.04129	0.01653	0.01272	0.15106	0.29229	0.10919	0.02073	0.01117	0.01234	0.00842	0.00531	0.00537	0.00145	0.05644	0.00442	0.04014	0.06796
2	0.18998	0.07748	0.09995	0.01047	0.03054	0.22988	0.00890	0.06183	0.17539	0.05603	0.01067	0.01107	0.00813	0.00513	0.00414	0.00141	0.00568	0.00365	0.00328	0.00642
3	0.26520	0.07090	0.22922	0.01055	0.01435	0.15960	0.01039	0.07007	0.01070	0.01678	0.00762	0.00911	0.00599	0.00506	0.00518	0.00148	0.09597	0.00323	0.00258	0.00604
4	0.30137	0.05738	0.17906	0.01126	0.01529	0.11556	0.15182	0.01496	0.01038	0.02935	0.06444	0.01142	0.00887	0.00483	0.00418	0.00146	0.00582	0.00387	0.00276	0.00590
5	0.16415	0.00550	0.00584	0.00616	0.00750	0.00539	0.00463	0.00853	0.00996	0.01472	0.07101	0.29656	0.28441	0.01162	0.00540	0.00175	0.00296	0.08546	0.00421	0.00426
6	0.01100	0.01043	0.01564	0.02224	0.53352	0.04616	0.01176	0.01458	0.09687	0.01529	0.01326	0.16260	0.01270	0.00650	0.00498	0.00153	0.00507	0.00605	0.00303	0.00680
7	0.07377	0.00904	0.01231	0.01209	0.15726	0.00826	0.00820	0.04713	0.01262	0.47552	0.01459	0.01387	0.00984	0.00519	0.00450	0.00136	0.00431	0.00428	0.00462	0.12122
8	0.01437	0.68286	0.02248	0.00824	0.01226	0.01673	0.00797	0.01596	0.01044	0.15731	0.00889	0.00925	0.00718	0.00443	0.00339	0.00111	0.00492	0.00297	0.00276	0.00650
9	0.01371	0.68570	0.02293	0.00894	0.01273	0.16477	0.00837	0.01519	0.01042	0.01133	0.00678	0.00784	0.00614	0.00424	0.00330	0.00106	0.00576	0.00265	0.00212	0.00602
10	0.00870	0.00763	0.00758	0.00697	0.00847	0.10743	0.00527	0.05454	0.01375	0.01816	0.57150	0.03202	0.12120	0.00918	0.00542	0.00148	0.00325	0.00785	0.00479	0.00480
11	0.00793	0.01020	0.19650	0.00822	0.01097	0.00688	0.00799	0.01210	0.09827	0.01755	0.42847	0.02928	0.10218	0.00851	0.00533	0.00155	0.00366	0.03468	0.00434	0.00540
12	0.09540	0.11041	0.01528	0.01491	0.24037	0.06271	0.00960	0.17487	0.01340	0.14956	0.01159	0.06095	0.00936	0.00553	0.00444	0.00141	0.00508	0.00449	0.00360	0.00703
13	0.01378	0.00908	0.01024	0.00879	0.01141	0.02551	0.00691	0.14799	0.26694	0.19974	0.11799	0.10844	0.03662	0.00768	0.00508	0.00157	0.00386	0.00646	0.00503	0.00687
14	0.00570	0.00464	0.00505	0.00537	0.00659	0.00399	0.00386	0.00680	0.01039	0.01271	0.04204	0.27231	0.57807	0.01293	0.00578	0.00171	0.00252	0.01110	0.00444	0.00399
15	0.01877	0.00928	0.01142	0.00910	0.01257	0.00913	0.00740	0.11665	0.20061	0.52394	0.01810	0.01606	0.01204	0.00603	0.00482	0.00151	0.00414	0.00489	0.00553	0.00800
16	0.01109	0.13528	0.44659	0.01470	0.07113	0.01255	0.13914	0.04735	0.01080	0.03177	0.00878	0.01051	0.00657	0.00456	0.00485	0.00147	0.02980	0.00386	0.00231	0.00688
17	0.01024	0.00835	0.01138	0.01374	0.23717	0.00842	0.00837	0.15749	0.01305	0.01757	0.11451	0.07995	0.15164	0.06080	0.00653	0.00178	0.00424	0.08501	0.00390	0.00584
18	0.00629	0.00444	0.00571	0.00621	0.00667	0.00419	0.00417	0.00735	0.00994	0.01356	0.23537	0.46570	0.03268	0.16381	0.00933	0.00232	0.00297	0.01102	0.00438	0.00387
19	0.01047	0.01335	0.22791	0.00929	0.01418	0.00856	0.00928	0.06259	0.06249	0.01666	0.00943	0.01058	0.00736	0.00415	0.00398	0.00103	0.00463	0.00329	0.00287	0.51791
20	0.01386	0.42185	0.12448	0.00969	0.01373	0.12032	0.00938	0.01748	0.11230	0.10041	0.01001	0.01038	0.00785	0.00477	0.00385	0.00124	0.00555	0.00337	0.00289	0.00659
21	0.82316	0.00919	0.00723	0.00640	0.00939	0.01054	0.00527	0.01452	0.00841	0.06103	0.00727	0.00819	0.00551	0.00451	0.00305	0.00148	0.00372	0.00270	0.00311	0.00533

[dist]
# distance from previous block
# <min> <max>
0	1

[block]
# block no. 3 follows, 53 sequences, length 14
# corresponding to MSA columns:
# 581-594
name=unknown_D
#
# <colnr> <probs for GDERKNQSTAVLIFYWHMCP>
#	G	D	E	R	K	N	Q	S	T	A	V	L	I	F	Y	W	H	M	C	P
0	0.00685	0.00505	0.00732	0.00732	0.00805	0.00578	0.00552	0.00830	0.00757	0.01083	0.01313	0.02062	0.01275	0.15299	0.69704	0.00723	0.01160	0.00539	0.00261	0.00407
1	0.00688	0.00492	0.00666	0.00666	0.00716	0.00542	0.00470	0.00788	0.00738	0.01034	0.01373	0.02393	0.01419	0.36421	0.48779	0.00642	0.00943	0.00588	0.00270	0.00370
2	0.00985	0.00839	0.00891	0.00816	0.01043	0.00922	0.00630	0.01921	0.52297	0.01821	0.10937	0.02649	0.20620	0.00818	0.00513	0.00161	0.00329	0.00687	0.00480	0.00639
3	0.01753	0.07617	0.01435	0.01197	0.01461	0.72005	0.00916	0.05735	0.01374	0.01259	0.00754	0.00870	0.00625	0.00491	0.00425	0.00123	0.00822	0.00311	0.00255	0.00571
4	0.00626	0.00467	0.00623	0.04598	0.00856	0.00448	0.00524	0.00751	0.00982	0.01287	0.05878	0.55144	0.12389	0.01367	0.00604	0.00190	0.00312	0.12111	0.00435	0.00407
5	0.01208	0.65834	0.19551	0.00936	0.01410	0.01721	0.01024	0.01449	0.00979	0.01209	0.00707	0.00820	0.00612	0.00419	0.00339	0.00113	0.00554	0.00277	0.00204	0.00634
6	0.00959	0.02472	0.80726	0.01362	0.02069	0.01110	0.01766	0.01514	0.01009	0.01514	0.00858	0.01009	0.00605	0.00454	0.00454	0.00151	0.00706	0.00353	0.00202	0.00706
7	0.00694	0.00469	0.00549	0.00549	0.00559	0.00479	0.00324	0.00713	0.00703	0.00947	0.01480	0.02986	0.01676	0.74187	0.11364	0.00498	0.00556	0.00674	0.00286	0.00305
8	0.00844	0.00703	0.01094	0.01545	0.32125	0.00688	0.00840	0.01017	0.00990	0.01399	0.01864	0.44225	0.02059	0.01000	0.00534	0.00167	0.00388	0.00918	0.07060	0.00539
9	0.04915	0.03840	0.01660	0.24768	0.38127	0.10520	0.01265	0.06563	0.01143	0.01527	0.00865	0.01138	0.00695	0.00458	0.00457	0.00144	0.00609	0.00399	0.00248	0.00658
10	0.00860	0.00702	0.00826	0.00814	0.04328	0.00729	0.00588	0.01462	0.28300	0.01840	0.38714	0.02997	0.14177	0.00873	0.00533	0.00156	0.00296	0.00754	0.00488	0.00563
11	0.00737	0.00573	0.00766	0.00780	0.00844	0.00622	0.00588	0.03811	0.01036	0.01429	0.17046	0.41925	0.02846	0.01330	0.03862	0.00211	0.12223	0.08508	0.00419	0.00443
12	0.01438	0.33272	0.12666	0.07512	0.10447	0.01298	0.01028	0.01683	0.01100	0.23644	0.01077	0.01129	0.00791	0.00474	0.00408	0.00131	0.00525	0.00365	0.00318	0.00692
13	0.01372	0.01112	0.01655	0.02154	0.49015	0.01138	0.01197	0.18724	0.03845	0.08318	0.05826	0.01374	0.01052	0.00512	0.00481	0.00144	0.00519	0.00461	0.00344	0.00756

[dist]
# distance from previous block
# <min> <max>
0	1

[block]
# block no. 4 follows, 53 sequences, length 17
# corresponding to MSA columns:
# 596-612
name=unknown_E
#
# <colnr> <probs for GDERKNQSTAVLIFYWHMCP>
#	G	D	E	R	K	N	Q	S	T	A	V	L	I	F	Y	W	H	M	C	P
0	0.04015	0.01126	0.11937	0.00957	0.01361	0.00911	0.00872	0.11103	0.09951	0.50174	0.01635	0.01482	0.01075	0.00573	0.00473	0.00149	0.00457	0.00458	0.00506	0.00785
1	0.01327	0.48922	0.06986	0.01188	0.14002	0.01482	0.00948	0.01534	0.01042	0.10925	0.00877	0.00970	0.00713	0.00433	0.00367	0.00115	0.00508	0.00319	0.00263	0.07080
2	0.01416	0.01160	0.03850	0.01735	0.31481	0.05183	0.01079	0.16311	0.10623	0.12668	0.01408	0.01651	0.03182	0.00586	0.00489	0.00150	0.00517	0.05398	0.00379	0.00733
3	0.00695	0.00463	0.00521	0.00521	0.00521	0.00463	0.00290	0.00695	0.00695	0.00927	0.01506	0.03128	0.01738	0.83203	0.02433	0.00463	0.00463	0.00695	0.00290	0.00290
4	0.01096	0.01185	0.07240	0.20143	0.11699	0.01099	0.39359	0.01456	0.01099	0.05082	0.05001	0.01387	0.00915	0.00464	0.00523	0.00157	0.00685	0.00514	0.00262	0.00634
5	0.00991	0.00850	0.00991	0.00708	0.01133	0.00637	0.00566	0.01203	0.00991	0.01557	0.00850	0.00991	0.00708	0.00354	0.00354	0.00071	0.00354	0.00283	0.00283	0.86124
6	0.00825	0.00564	0.00736	0.00696	0.00755	0.00584	0.02793	0.00896	0.00844	0.06219	0.04509	0.09640	0.03675	0.49178	0.01749	0.00349	0.07166	0.08095	0.00340	0.00384
7	0.86579	0.00924	0.00702	0.00629	0.00924	0.01072	0.00518	0.01405	0.00813	0.02144	0.00666	0.00776	0.00518	0.00444	0.00296	0.00148	0.00370	0.00259	0.00296	0.00518
8	0.01057	0.05808	0.55551	0.01236	0.01814	0.01177	0.01454	0.04351	0.19657	0.01662	0.01117	0.01187	0.00816	0.00502	0.00456	0.00151	0.00613	0.00396	0.00279	0.00718
9	0.01129	0.01070	0.01816	0.10445	0.67675	0.01091	0.01408	0.01412	0.01076	0.01520	0.01000	0.01463	0.00874	0.00489	0.00486	0.00149	0.00566	0.05368	0.00247	0.00715
10	0.00608	0.00466	0.00557	0.00576	0.00683	0.00415	0.00416	0.00753	0.01127	0.01481	0.29488	0.27062	0.32213	0.01216	0.00578	0.00167	0.00247	0.01062	0.00472	0.00415
11	0.06553	0.26690	0.01528	0.00875	0.01165	0.03310	0.00758	0.18181	0.01287	0.09123	0.07215	0.01302	0.01082	0.00688	0.03672	0.00160	0.08395	0.00404	0.06984	0.00626
12	0.00972	0.02379	0.74596	0.01414	0.02102	0.01118	0.07803	0.01515	0.01018	0.01515	0.00866	0.01031	0.00615	0.00450	0.00463	0.00152	0.00714	0.00370	0.00205	0.00702
13	0.00774	0.00578	0.00743	0.00705	0.00734	0.00663	0.00493	0.02507	0.00749	0.01046	0.01288	0.02412	0.01388	0.46944	0.21200	0.03838	0.12707	0.00594	0.00271	0.00365
14	0.01130	0.07526	0.01654	0.04283	0.32845	0.01147	0.08006	0.02953	0.23428	0.01651	0.03577	0.03434	0.05118	0.00569	0.00482	0.00149	0.00500	0.00520	0.00332	0.00695
15	0.00968	0.00812	0.01168	0.13194	0.01456	0.00931	0.06750	0.01370	0.14611	0.05657	0.11368	0.02048	0.07727	0.04405	0.11310	0.00258	0.14487	0.00581	0.00348	0.00549
16	0.01076	0.17441	0.01534	0.04923	0.05822	0.01066	0.09451	0.05417	0.08760	0.01547	0.06737	0.03060	0.02955	0.05364	0.00547	0.00141	0.00466	0.00460	0.00311	0.22922

[dist]
# distance from previous block
# <min> <max>
0	18

[block]
# block no. 5 follows, 53 sequences, length 40
# corresponding to MSA columns:
# 631-670
name=unknown_F
#
# <colnr> <probs for GDERKNQSTAVLIFYWHMCP>
#	G	D	E	R	K	N	Q	S	T	A	V	L	I	F	Y	W	H	M	C	P
0	0.01113	0.05684	0.47992	0.01203	0.01738	0.04161	0.02910	0.04790	0.14024	0.04985	0.05908	0.01314	0.01020	0.00527	0.00463	0.00149	0.00602	0.00422	0.00299	0.00697
1	0.00903	0.00850	0.01434	0.82054	0.03292	0.01062	0.01327	0.01221	0.00956	0.01221	0.00850	0.01274	0.00637	0.00478	0.00478	0.00159	0.00637	0.00425	0.00212	0.00531
2	0.00932	0.00799	0.00939	0.04448	0.01124	0.00917	0.00691	0.01622	0.37238	0.01597	0.04134	0.23116	0.08967	0.00943	0.00654	0.00175	0.09908	0.00785	0.00428	0.00584
3	0.00695	0.00463	0.00521	0.00521	0.00521	0.00463	0.00290	0.00695	0.00695	0.00927	0.01506	0.03128	0.01738	0.83203	0.02433	0.00463	0.00463	0.00695	0.00290	0.00290
4	0.00969	0.02399	0.75871	0.01403	0.02095	0.01116	0.06547	0.01515	0.01017	0.01515	0.00865	0.01027	0.00613	0.00451	0.00461	0.00152	0.00713	0.00366	0.00204	0.00703
5	0.00607	0.00485	0.00538	0.00525	0.00665	0.00422	0.00391	0.00760	0.01167	0.01493	0.30320	0.04203	0.51860	0.03699	0.00623	0.00167	0.00243	0.00950	0.00467	0.00416
6	0.00705	0.00545	0.00812	0.00798	0.00879	0.00651	0.00625	0.00872	0.00766	0.01112	0.01240	0.01826	0.01160	0.03413	0.76339	0.00733	0.06331	0.00506	0.00253	0.00433
7	0.00836	0.00832	0.04590	0.01082	0.01267	0.00803	0.19598	0.01052	0.01039	0.01457	0.22415	0.17980	0.02290	0.07947	0.02524	0.00209	0.12452	0.00780	0.00355	0.00493
8	0.01242	0.00698	0.00751	0.00644	0.00847	0.00721	0.00510	0.19850	0.01339	0.10176	0.01494	0.01614	0.01122	0.00564	0.00384	0.00123	0.00314	0.00445	0.56590	0.00572
9	0.01419	0.35497	0.09390	0.01011	0.01396	0.13911	0.00936	0.17878	0.09467	0.01664	0.00970	0.01091	0.00789	0.00506	0.00402	0.00128	0.00572	0.02005	0.00303	0.00666
10	0.01279	0.00744	0.00968	0.00827	0.01063	0.00748	0.00664	0.12660	0.01205	0.23246	0.04805	0.01870	0.01312	0.03471	0.32046	0.00392	0.00755	0.03664	0.00403	0.07880
11	0.02723	0.05476	0.16147	0.05370	0.28996	0.04637	0.01245	0.08139	0.15897	0.01697	0.01073	0.01218	0.00838	0.00507	0.00505	0.00149	0.03955	0.00418	0.00295	0.00713
12	0.01278	0.22421	0.01596	0.01005	0.01320	0.06870	0.06915	0.13158	0.22613	0.02957	0.07243	0.01618	0.02326	0.00700	0.03217	0.00163	0.00522	0.03052	0.00371	0.00656
13	0.01515	0.01018	0.01218	0.00999	0.04656	0.00991	0.01890	0.24000	0.11296	0.19563	0.01332	0.02425	0.00975	0.00527	0.00446	0.00126	0.00433	0.00427	0.00433	0.25730
14	0.05023	0.06878	0.21523	0.01263	0.08244	0.12919	0.01118	0.22656	0.01436	0.10065	0.02413	0.01124	0.00804	0.00508	0.00446	0.00139	0.00596	0.00385	0.00338	0.02121
15	0.00692	0.00477	0.00589	0.00589	0.00612	0.00500	0.00374	0.00738	0.00715	0.00977	0.01444	0.02785	0.01589	0.61378	0.24054	0.00547	0.00687	0.00645	0.00280	0.00327
16	0.00689	0.00530	0.00801	0.00825	0.00911	0.00508	0.07064	0.00830	0.00965	0.01279	0.02370	0.48018	0.02723	0.08310	0.00775	0.00221	0.00382	0.21971	0.00413	0.00416
17	0.01282	0.01104	0.01807	0.02585	0.66840	0.01091	0.01340	0.04690	0.01155	0.08285	0.00990	0.01210	0.00793	0.00443	0.00469	0.00139	0.00543	0.00424	0.00278	0.04530
18	0.00692	0.00476	0.00584	0.00584	0.00606	0.00497	0.00368	0.00735	0.00714	0.00973	0.01449	0.02811	0.01600	0.63019	0.22428	0.00541	0.00670	0.00649	0.00281	0.00324
19	0.00888	0.00786	0.01051	0.00935	0.00939	0.01020	0.00718	0.00952	0.00718	0.01057	0.01013	0.01932	0.01105	0.34749	0.04950	0.00335	0.45649	0.00535	0.00244	0.00423
20	0.05028	0.01150	0.06178	0.04712	0.01453	0.01130	0.00873	0.28989	0.17291	0.25920	0.01479	0.01402	0.01022	0.00577	0.00472	0.00150	0.00471	0.00456	0.00477	0.00771
21	0.00903	0.00850	0.01434	0.82054	0.03292	0.01062	0.01327	0.01221	0.00956	0.01221	0.00850	0.01274	0.00637	0.00478	0.00478	0.00159	0.00637	0.00425	0.00212	0.00531
22	0.00592	0.00420	0.00552	0.00653	0.00679	0.00395	0.00431	0.00668	0.00896	0.01195	0.02538	0.76103	0.03040	0.08450	0.00765	0.00217	0.00293	0.01302	0.00431	0.00380
23	0.01035	0.01938	0.45517	0.01657	0.02263	0.01155	0.36439	0.01522	0.01063	0.01522	0.00907	0.01136	0.00660	0.00431	0.00504	0.00156	0.00751	0.00448	0.00220	0.00678
24	0.01276	0.01015	0.01114	0.00989	0.01257	0.01139	0.00801	0.23067	0.42282	0.02161	0.01846	0.02345	0.01545	0.00765	0.00520	0.00169	0.00431	0.16097	0.00475	0.00707
25	0.00701	0.00461	0.00526	0.00526	0.00526	0.00461	0.00295	0.00692	0.00692	0.00922	0.01475	0.03051	0.01696	0.79460	0.02407	0.04393	0.00461	0.00682	0.00286	0.00286
26	0.00978	0.00748	0.00813	0.00713	0.00925	0.00750	0.00556	0.25404	0.01473	0.01911	0.13281	0.11498	0.37064	0.01008	0.00542	0.00158	0.00333	0.00843	0.00465	0.00538
27	0.00651	0.00449	0.00558	0.00617	0.00639	0.00437	0.00400	0.00707	0.00829	0.01102	0.02103	0.39369	0.02467	0.39308	0.01458	0.00321	0.00377	0.07488	0.00372	0.00347
28	0.00824	0.00417	0.00618	0.00618	0.00618	0.00417	0.00409	0.00626	0.00626	0.00835	0.00864	0.01536	0.00875	0.05690	0.01896	0.81862	0.00417	0.00429	0.00212	0.00212
29	0.00690	0.00484	0.00624	0.00624	0.00659	0.00519	0.00417	0.00761	0.00725	0.01003	0.01412	0.02609	0.01512	0.50165	0.35163	0.00590	0.00802	0.00619	0.00276	0.00347
30	0.00617	0.00486	0.00557	0.00539	0.00678	0.00426	0.00404	0.00787	0.01213	0.01585	0.40119	0.04116	0.44567	0.01101	0.00564	0.00156	0.00234	0.00941	0.00482	0.00426
31	0.01278	0.83490	0.02505	0.00818	0.01227	0.01891	0.00818	0.01431	0.00971	0.01125	0.00664	0.00767	0.00613	0.00409	0.00307	0.00102	0.00511	0.00256	0.00204	0.00613
32	0.25289	0.00844	0.00998	0.00790	0.01139	0.00804	0.00652	0.02076	0.01216	0.59059	0.01551	0.01394	0.01001	0.00551	0.00430	0.00148	0.00397	0.00420	0.00510	0.00732
33	0.01637	0.00779	0.00970	0.00783	0.01037	0.00741	0.00602	0.12964	0.01283	0.43994	0.01657	0.02032	0.01305	0.26760	0.01099	0.00247	0.00442	0.00541	0.00479	0.00647
34	0.01817	0.01339	0.01434	0.01100	0.01482	0.01482	0.00908	0.78627	0.02247	0.03012	0.01148	0.01148	0.00813	0.00574	0.00478	0.00143	0.00526	0.00430	0.00478	0.00813
35	0.00785	0.00668	0.01076	0.38400	0.01982	0.00812	0.00935	0.01024	0.00855	0.01161	0.01081	0.01598	0.00937	0.02146	0.43887	0.00486	0.00983	0.00472	0.00236	0.00475
36	0.00600	0.00486	0.00533	0.00521	0.00667	0.00419	0.00391	0.00754	0.01173	0.01489	0.28642	0.04274	0.56104	0.01137	0.00565	0.00158	0.00237	0.00963	0.00470	0.00419
37	0.01191	0.42703	0.36823	0.01059	0.01597	0.01474	0.01228	0.01523	0.01013	0.06245	0.00826	0.00927	0.00645	0.00440	0.00382	0.00127	0.00591	0.00313	0.00227	0.00667
38	0.00896	0.00822	0.01139	0.00961	0.01170	0.00878	0.12087	0.01407	0.22537	0.01590	0.13485	0.04377	0.24510	0.00863	0.00671	0.00167	0.10747	0.00727	0.00408	0.00557
39	0.01299	0.80121	0.02457	0.00835	0.01237	0.05185	0.00822	0.01451	0.00987	0.01126	0.00668	0.00771	0.00613	0.00412	0.00312	0.00103	0.00526	0.00258	0.00206	0.00611

[dist]
# distance from previous block
# <min> <max>
0	1

[block]
# block no. 6 follows, 53 sequences, length 17
# corresponding to MSA columns:
# 672-688
name=unknown_G
#
# <colnr> <probs for GDERKNQSTAVLIFYWHMCP>
#	G	D	E	R	K	N	Q	S	T	A	V	L	I	F	Y	W	H	M	C	P
0	0.01169	0.06104	0.07891	0.00838	0.01237	0.00847	0.00742	0.01471	0.06173	0.11977	0.02486	0.01165	0.00870	0.00458	0.00464	0.00106	0.05484	0.00349	0.00325	0.49842
1	0.00951	0.00966	0.01900	0.11596	0.08648	0.00946	0.39011	0.01238	0.01035	0.01396	0.01395	0.20130	0.01375	0.04222	0.00639	0.00181	0.00619	0.02900	0.00292	0.00561
2	0.00830	0.00415	0.00623	0.00623	0.00623	0.00415	0.00415	0.00623	0.00623	0.00830	0.00830	0.01453	0.00830	0.01660	0.01868	0.86094	0.00415	0.00415	0.00208	0.00208
3	0.00968	0.00693	0.00928	0.12696	0.01287	0.00732	0.03976	0.13220	0.01192	0.03267	0.01840	0.24577	0.03200	0.00901	0.00508	0.00162	0.00400	0.09331	0.19607	0.00514
4	0.00691	0.00479	0.00602	0.00602	0.00629	0.00507	0.00390	0.00747	0.00719	0.00986	0.01433	0.02721	0.01561	0.57290	0.28104	0.00563	0.00729	0.00636	0.00279	0.00334
5	0.00687	0.00460	0.00524	0.00532	0.00534	0.00458	0.00301	0.00693	0.00711	0.00948	0.01586	0.08802	0.01839	0.77390	0.02303	0.00444	0.00450	0.00742	0.00301	0.00297
6	0.00787	0.00620	0.00719	0.00698	0.00839	0.00634	0.00520	0.01259	0.21757	0.01671	0.30009	0.14921	0.13704	0.06111	0.00670	0.00183	0.00298	0.03622	0.00474	0.00505
7	0.00917	0.00522	0.00614	0.00567	0.00707	0.00502	0.00433	0.03811	0.01228	0.07488	0.36565	0.02547	0.02674	0.00748	0.00452	0.00132	0.00248	0.00634	0.38724	0.00487
8	0.00685	0.00505	0.00732	0.00732	0.00805	0.00578	0.00552	0.00830	0.00757	0.01083	0.01313	0.02061	0.01274	0.15255	0.69747	0.00723	0.01161	0.00539	0.00261	0.00407
9	0.00959	0.02472	0.80726	0.01362	0.02069	0.01110	0.01766	0.01514	0.01009	0.01514	0.00858	0.01009	0.00605	0.00454	0.00454	0.00151	0.00706	0.00353	0.00202	0.00706
10	0.01109	0.01060	0.01807	0.23782	0.59950	0.01116	0.01430	0.01402	0.01053	0.01472	0.00886	0.01207	0.00725	0.00440	0.00474	0.00147	0.00586	0.00426	0.00230	0.00698
11	0.00684	0.00508	0.00747	0.00747	0.00825	0.00586	0.00571	0.00840	0.00762	0.01094	0.01300	0.01986	0.01242	0.10456	0.74501	0.00742	0.01210	0.00528	0.00259	0.00415
12	0.04425	0.01250	0.13089	0.02042	0.41299	0.01055	0.06752	0.07208	0.01185	0.05056	0.07918	0.04353	0.01161	0.00534	0.00484	0.00148	0.00547	0.00494	0.00300	0.00699
13	0.01673	0.01749	0.01224	0.01087	0.01344	0.51665	0.00829	0.07327	0.05657	0.11933	0.03034	0.05176	0.04025	0.00607	0.00461	0.00136	0.00685	0.00442	0.00345	0.00602
14	0.03812	0.31773	0.14292	0.04289	0.13752	0.19666	0.01104	0.03736	0.01114	0.01350	0.00769	0.00921	0.00639	0.00446	0.00395	0.00125	0.00631	0.00320	0.00229	0.00637
15	0.01601	0.26234	0.06590	0.01095	0.01429	0.46023	0.00934	0.05014	0.01258	0.04622	0.00790	0.00887	0.00647	0.00473	0.00400	0.00121	0.00715	0.00308	0.00256	0.00603
16	0.61161	0.01330	0.00898	0.00809	0.01090	0.25117	0.00639	0.01556	0.00976	0.01852	0.00687	0.00802	0.00547	0.00458	0.00336	0.00140	0.00517	0.00274	0.00281	0.00529

[dist]
# distance from previous block
# <min> <max>
0	9

[block]
# block no. 7 follows, 53 sequences, length 46
# corresponding to MSA columns:
# 698-743
name=unknown_H
#
# <colnr> <probs for GDERKNQSTAVLIFYWHMCP>
#	G	D	E	R	K	N	Q	S	T	A	V	L	I	F	Y	W	H	M	C	P
0	0.05190	0.15621	0.24432	0.01441	0.06513	0.14764	0.19293	0.03013	0.01115	0.01463	0.02379	0.01061	0.00722	0.00451	0.00447	0.00140	0.00686	0.00390	0.00237	0.00642
1	0.00879	0.04556	0.08864	0.00865	0.03707	0.00754	0.00704	0.01202	0.13703	0.01374	0.11349	0.01911	0.04504	0.03052	0.17253	0.19693	0.00591	0.00522	0.00318	0.04199
2	0.00947	0.00929	0.01749	0.34116	0.02415	0.00986	0.29279	0.01277	0.02552	0.01379	0.01210	0.10195	0.01078	0.02232	0.00561	0.00169	0.00624	0.03212	0.04540	0.00549
3	0.00684	0.00509	0.00751	0.00751	0.00831	0.00588	0.00577	0.00843	0.00763	0.01097	0.01296	0.01962	0.01232	0.08974	0.75970	0.00748	0.01225	0.00524	0.00258	0.00417
4	0.02144	0.00813	0.01109	0.00850	0.01220	0.00702	0.00702	0.02329	0.01368	0.80552	0.01886	0.01627	0.01183	0.00592	0.00481	0.00148	0.00407	0.00481	0.00592	0.00813
5	0.01320	0.01058	0.01130	0.00980	0.01270	0.01201	0.00773	0.15132	0.61598	0.05347	0.03604	0.01712	0.01411	0.00641	0.00487	0.00158	0.00400	0.00527	0.00490	0.00761
6	0.01325	0.00653	0.00854	0.00720	0.00953	0.00592	0.00569	0.01582	0.05059	0.35602	0.39295	0.02700	0.06444	0.00807	0.00524	0.00150	0.00311	0.00691	0.00548	0.00619
7	0.83713	0.00921	0.00716	0.00636	0.00934	0.01060	0.00524	0.01436	0.00832	0.04806	0.00707	0.00805	0.00540	0.00449	0.00302	0.00148	0.00371	0.00266	0.00306	0.00528
8	0.00683	0.00512	0.00768	0.00768	0.00853	0.00597	0.00597	0.00853	0.00768	0.01110	0.01280	0.01878	0.01195	0.03585	0.81308	0.00768	0.01280	0.00512	0.00256	0.00427
9	0.05430	0.00902	0.00979	0.00862	0.01098	0.00996	0.00668	0.13550	0.38492	0.04707	0.16623	0.05566	0.01975	0.05260	0.00602	0.00174	0.00372	0.00613	0.00474	0.00655
10	0.01438	0.01089	0.01175	0.00995	0.01303	0.01221	0.00791	0.22317	0.52289	0.09320	0.01732	0.01604	0.01266	0.00624	0.00484	0.00156	0.00419	0.00506	0.00494	0.00776
11	0.00804	0.00518	0.00674	0.00619	0.00757	0.00472	0.00470	0.01021	0.01343	0.08954	0.69714	0.03440	0.07468	0.00953	0.00556	0.00151	0.00242	0.00836	0.00528	0.00481
12	0.00683	0.00512	0.00768	0.00768	0.00853	0.00597	0.00597	0.00853	0.00768	0.01110	0.01280	0.01878	0.01195	0.03585	0.81308	0.00768	0.01280	0.00512	0.00256	0.00427
13	0.00980	0.01785	0.42310	0.01564	0.05442	0.01059	0.26849	0.01418	0.01041	0.01487	0.01103	0.10663	0.00950	0.00558	0.00509	0.00159	0.00683	0.00543	0.00245	0.00651
14	0.00683	0.00512	0.00768	0.00768	0.00853	0.00597	0.00597	0.00853	0.00768	0.01110	0.01280	0.01878	0.01195	0.03585	0.81308	0.00768	0.01280	0.00512	0.00256	0.00427
15	0.00684	0.00505	0.00734	0.00734	0.00808	0.00579	0.00555	0.00832	0.00758	0.01084	0.01311	0.02049	0.01269	0.14517	0.70478	0.00726	0.01168	0.00537	0.00261	0.00408
16	0.01971	0.00932	0.01170	0.00906	0.01255	0.00906	0.00747	0.20727	0.01543	0.55510	0.01649	0.01498	0.01077	0.00594	0.00510	0.00147	0.03196	0.00465	0.04410	0.00787
17	0.00683	0.00512	0.00768	0.00768	0.00853	0.00597	0.00597	0.00853	0.00768	0.01110	0.01280	0.01878	0.01195	0.03585	0.81308	0.00768	0.01280	0.00512	0.00256	0.00427
18	0.00991	0.00850	0.00991	0.00708	0.01133	0.00637	0.00566	0.01203	0.00991	0.01557	0.00850	0.00991	0.00708	0.00354	0.00354	0.00071	0.00354	0.00283	0.00283	0.86124
19	0.01232	0.14852	0.07512	0.01725	0.06392	0.11925	0.46441	0.01560	0.01123	0.01418	0.00877	0.01124	0.00687	0.00420	0.00493	0.00145	0.00746	0.00459	0.00233	0.00638
20	0.01365	0.01537	0.01509	0.01701	0.24612	0.33491	0.01079	0.01524	0.01086	0.01267	0.00801	0.01127	0.00722	0.05102	0.00834	0.00169	0.20855	0.00391	0.00237	0.00592
21	0.00764	0.00667	0.00927	0.01196	0.22889	0.00619	0.00692	0.00955	0.01151	0.01514	0.21380	0.03404	0.40154	0.00937	0.00539	0.00153	0.00329	0.00812	0.00405	0.00513
22	0.00903	0.00850	0.01434	0.82054	0.03292	0.01062	0.01327	0.01221	0.00956	0.01221	0.00850	0.01274	0.00637	0.00478	0.00478	0.00159	0.00637	0.00425	0.00212	0.00531
23	0.00991	0.00850	0.00991	0.00708	0.01133	0.00637	0.00566	0.01203	0.00991	0.01557	0.00850	0.00991	0.00708	0.00354	0.00354	0.00071	0.00354	0.00283	0.00283	0.86124
24	0.00903	0.00850	0.01434	0.82054	0.03292	0.01062	0.01327	0.01221	0.00956	0.01221	0.00850	0.01274	0.00637	0.00478	0.00478	0.00159	0.00637	0.00425	0.00212	0.00531
25	0.00595	0.00485	0.00526	0.00516	0.00664	0.00416	0.00387	0.00745	0.01161	0.01462	0.25299	0.04319	0.59464	0.01147	0.00565	0.00158	0.00238	0.00969	0.00466	0.00416
26	0.01844	0.01296	0.01408	0.01079	0.01461	0.01418	0.00891	0.72343	0.02175	0.09398	0.01208	0.01187	0.00843	0.00575	0.00478	0.00144	0.00516	0.00434	0.00487	0.00813
27	0.01128	0.01289	0.02820	0.02015	0.02498	0.01209	0.78485	0.01531	0.01128	0.01531	0.00967	0.01289	0.00725	0.00403	0.00564	0.00161	0.00806	0.00564	0.00242	0.00645
28	0.00690	0.00509	0.00644	0.00695	0.00801	0.00483	0.00557	0.00854	0.01075	0.01392	0.13190	0.08567	0.21615	0.10769	0.00828	0.00224	0.00358	0.35901	0.00435	0.00413
29	0.00586	0.00430	0.00551	0.00645	0.00695	0.00396	0.00442	0.00679	0.00947	0.01237	0.02965	0.68651	0.14776	0.01449	0.00605	0.00190	0.00277	0.03645	0.00444	0.00392
30	0.00618	0.00486	0.00558	0.00540	0.00678	0.00426	0.00405	0.00788	0.01215	0.01588	0.40501	0.04111	0.44183	0.01100	0.00564	0.00156	0.00234	0.00940	0.00483	0.00426
31	0.00582	0.00416	0.00555	0.00666	0.00693	0.00388	0.00444	0.00666	0.00915	0.01220	0.02634	0.82891	0.03161	0.01497	0.00610	0.00194	0.00277	0.01359	0.00444	0.00388
32	0.00991	0.00850	0.00991	0.00708	0.01133	0.00637	0.00566	0.01203	0.00991	0.01557	0.00850	0.00991	0.00708	0.00354	0.00354	0.00071	0.00354	0.00283	0.00283	0.86124
33	0.00996	0.00854	0.00993	0.00714	0.01135	0.00650	0.00571	0.01234	0.02781	0.01568	0.00875	0.01009	0.00725	0.00361	0.00357	0.00073	0.00355	0.00289	0.00288	0.84175
34	0.00695	0.00463	0.00521	0.00521	0.00521	0.00463	0.00290	0.00695	0.00695	0.00927	0.01506	0.03128	0.01738	0.83203	0.02433	0.00463	0.00463	0.00695	0.00290	0.00290
35	0.01128	0.01289	0.02820	0.02015	0.02498	0.01209	0.78485	0.01531	0.01128	0.01531	0.00967	0.01289	0.00725	0.00403	0.00564	0.00161	0.00806	0.00564	0.00242	0.00645
36	0.04077	0.01091	0.01831	0.13327	0.67317	0.01124	0.01416	0.01432	0.01061	0.01536	0.00884	0.01181	0.00733	0.00433	0.00468	0.00144	0.00570	0.00420	0.00235	0.00719
37	0.00646	0.00484	0.00683	0.00863	0.07006	0.00461	0.00553	0.00757	0.00945	0.01265	0.02488	0.69783	0.02936	0.01398	0.00604	0.00192	0.00314	0.07774	0.00427	0.00422
38	0.84523	0.00934	0.00720	0.00640	0.00938	0.01082	0.00527	0.03278	0.00848	0.02165	0.00677	0.00785	0.00525	0.00447	0.00300	0.00148	0.00374	0.00263	0.00300	0.00525
39	0.00577	0.00465	0.00514	0.00542	0.00663	0.00402	0.00391	0.00694	0.01057	0.01311	0.08995	0.26403	0.53762	0.01276	0.00577	0.00170	0.00251	0.01097	0.00449	0.00402
40	0.38609	0.00861	0.00934	0.00755	0.01092	0.00862	0.00623	0.01930	0.01128	0.46690	0.01359	0.01260	0.00896	0.00528	0.00401	0.00148	0.00391	0.00385	0.00464	0.00686
41	0.01382	0.01084	0.01161	0.00994	0.01294	0.01226	0.00787	0.19347	0.57892	0.06676	0.01766	0.01634	0.01301	0.00629	0.00484	0.00157	0.00413	0.00513	0.00490	0.00772
42	0.01053	0.01145	0.09570	0.29258	0.11857	0.01073	0.20630	0.03874	0.01086	0.04386	0.02745	0.01499	0.05813	0.00526	0.00541	0.00158	0.03405	0.00501	0.00265	0.00614
43	0.00625	0.00440	0.00572	0.00657	0.00690	0.00420	0.00446	0.00710	0.00905	0.01207	0.04789	0.57979	0.02895	0.16851	0.00957	0.00246	0.00326	0.08493	0.00417	0.00377
44	0.00613	0.00471	0.00560	0.00570	0.00683	0.00419	0.00415	0.00766	0.01155	0.01521	0.33873	0.21342	0.33524	0.01182	0.00574	0.00164	0.00243	0.01029	0.00476	0.00419
