[name]
unknown

[dist]
# distance from previous block
# <min> <max>
1	4

[block]
# block no. 0 follows, 45 sequences, length 20
# corresponding to MSA columns:
# 4-23
name=unknown_A
#
# <colnr> <probs for GDERKNQSTAVLIFYWHMCP>
#	G	D	E	R	K	N	Q	S	T	A	V	L	I	F	Y	W	H	M	C	P
0	0.01779	0.11334	0.01549	0.01100	0.01479	0.04963	0.00905	0.23864	0.28566	0.16289	0.01670	0.01573	0.01209	0.00651	0.00514	0.00163	0.00522	0.00507	0.00513	0.00849
1	0.01175	0.09297	0.48393	0.01831	0.11780	0.01348	0.15349	0.01689	0.01165	0.01672	0.00972	0.01191	0.00727	0.00491	0.00521	0.00166	0.00775	0.00440	0.00240	0.00779
2	0.01827	0.01752	0.01455	0.01231	0.01564	0.28079	0.00963	0.31819	0.18439	0.02337	0.01343	0.01417	0.01035	0.03591	0.00602	0.00171	0.00681	0.00474	0.00442	0.00778
3	0.01539	0.11723	0.07675	0.01605	0.02033	0.13954	0.26351	0.16737	0.01484	0.01887	0.00995	0.01215	0.00778	0.00563	0.00663	0.00167	0.09106	0.00480	0.00314	0.00732
4	0.01321	0.01297	0.02303	0.03165	0.68395	0.01286	0.10940	0.01656	0.01228	0.01749	0.01019	0.01344	0.00846	0.00475	0.00544	0.00162	0.00671	0.00498	0.00266	0.00834
5	0.01721	0.14440	0.01734	0.01365	0.08276	0.20542	0.01020	0.21470	0.18637	0.03678	0.01284	0.01317	0.00989	0.00597	0.00495	0.00153	0.00644	0.00447	0.00405	0.00786
6	0.01701	0.01435	0.01694	0.01864	0.26497	0.08195	0.01174	0.36805	0.05106	0.02523	0.01228	0.01355	0.00937	0.00584	0.00520	0.00157	0.00608	0.00476	0.06306	0.00835
7	0.00781	0.00520	0.00585	0.00585	0.00585	0.00520	0.00325	0.00781	0.00781	0.01041	0.01691	0.03513	0.01952	0.81135	0.02732	0.00520	0.00520	0.00781	0.00325	0.00325
8	0.00675	0.00484	0.00642	0.00733	0.00783	0.00450	0.00500	0.00801	0.01127	0.01528	0.18023	0.65270	0.03856	0.01564	0.00675	0.00208	0.00300	0.01414	0.00517	0.00450
9	0.01077	0.05756	0.59866	0.01356	0.02015	0.01181	0.01666	0.04318	0.01244	0.01815	0.13209	0.01587	0.01390	0.00607	0.00524	0.00167	0.00690	0.00487	0.00296	0.00747
10	0.01484	0.01738	0.02286	0.01848	0.05386	0.26790	0.34450	0.01768	0.01268	0.01508	0.00948	0.01260	0.00772	0.00655	0.02770	0.00192	0.13435	0.00505	0.00268	0.00668
11	0.01126	0.00996	0.01004	0.00922	0.01184	0.03406	0.00711	0.02149	0.49784	0.01957	0.03208	0.03007	0.26465	0.00930	0.00573	0.00180	0.00391	0.00771	0.00522	0.00713
12	0.01265	0.01210	0.02064	0.18764	0.62815	0.01259	0.01616	0.01592	0.01192	0.01676	0.00998	0.01349	0.00823	0.00490	0.00532	0.00163	0.00653	0.00478	0.00260	0.00799
13	0.02144	0.01061	0.01480	0.01463	0.16849	0.00997	0.00991	0.11612	0.01597	0.53352	0.01790	0.01659	0.01180	0.00624	0.00538	0.00164	0.00510	0.00520	0.00568	0.00901
14	0.02152	0.01251	0.01347	0.10923	0.01720	0.16640	0.00927	0.02365	0.01475	0.53012	0.01712	0.01604	0.01123	0.00626	0.00528	0.00162	0.00592	0.00493	0.00533	0.00815
15	0.01014	0.00954	0.01610	0.79845	0.03697	0.01193	0.01491	0.01371	0.01073	0.01371	0.00954	0.01431	0.00716	0.00537	0.00537	0.00179	0.00716	0.00477	0.00239	0.00596
16	0.01384	0.02594	0.53213	0.01466	0.02107	0.18558	0.01672	0.09615	0.01366	0.01791	0.00968	0.01113	0.00707	0.00534	0.00507	0.00162	0.00811	0.00394	0.00270	0.00768
17	0.01149	0.18677	0.63089	0.01406	0.02132	0.01424	0.01768	0.01681	0.01125	0.01612	0.00919	0.01078	0.00682	0.00500	0.00477	0.00159	0.00749	0.00375	0.00227	0.00772
18	0.01014	0.00954	0.01610	0.79845	0.03697	0.01193	0.01491	0.01371	0.01073	0.01371	0.00954	0.01431	0.00716	0.00537	0.00537	0.00179	0.00716	0.00477	0.00239	0.00596
19	0.02004	0.00999	0.01376	0.01104	0.01383	0.01069	0.00915	0.02183	0.01303	0.52997	0.01655	0.01613	0.01124	0.00754	0.00940	0.00189	0.26544	0.00517	0.00524	0.00807

[dist]
# distance from previous block
# <min> <max>
0	4

[block]
# block no. 1 follows, 45 sequences, length 41
# corresponding to MSA columns:
# 28-68
name=unknown_B
#
# <colnr> <probs for GDERKNQSTAVLIFYWHMCP>
#	G	D	E	R	K	N	Q	S	T	A	V	L	I	F	Y	W	H	M	C	P
0	0.00879	0.00798	0.01405	0.01364	0.09050	0.00767	0.18449	0.01094	0.01097	0.01482	0.02295	0.40024	0.06993	0.01525	0.09864	0.00277	0.00615	0.01073	0.00396	0.00552
1	0.01059	0.02689	0.75313	0.01491	0.02261	0.01216	0.01922	0.01664	0.01137	0.01690	0.01138	0.01291	0.03684	0.00543	0.00515	0.00170	0.00773	0.00425	0.00237	0.00780
2	0.01237	0.01800	0.27987	0.02594	0.44707	0.01274	0.09292	0.01672	0.01197	0.01732	0.01002	0.01275	0.00789	0.00486	0.00535	0.00165	0.00717	0.00466	0.00253	0.00818
3	0.01066	0.01117	0.06490	0.63194	0.14994	0.01209	0.01546	0.01434	0.01100	0.01451	0.00963	0.01397	0.00734	0.00526	0.00534	0.00175	0.00708	0.00472	0.00242	0.00648
4	0.01014	0.00954	0.01610	0.79845	0.03697	0.01193	0.01491	0.01371	0.01073	0.01371	0.00954	0.01431	0.00716	0.00537	0.00537	0.00179	0.00716	0.00477	0.00239	0.00596
5	0.01205	0.21099	0.45585	0.01418	0.02060	0.01474	0.09080	0.01789	0.08309	0.01650	0.01040	0.01183	0.00787	0.00513	0.00487	0.00159	0.00718	0.00415	0.00262	0.00767
6	0.01117	0.01492	0.19562	0.19998	0.02308	0.05436	0.14878	0.03985	0.01167	0.01576	0.01290	0.13271	0.01178	0.00751	0.00675	0.02313	0.05379	0.00637	0.02345	0.00641
7	0.02337	0.01029	0.01317	0.01010	0.01428	0.00960	0.00834	0.16929	0.01729	0.63573	0.01956	0.01722	0.01248	0.00660	0.00539	0.00165	0.00483	0.00529	0.00640	0.00913
8	0.01872	0.00798	0.01055	0.00848	0.01181	0.00693	0.00686	0.02077	0.01489	0.54162	0.15492	0.02679	0.12893	0.00838	0.00569	0.00169	0.00395	0.00699	0.00628	0.00778
9	0.00679	0.00534	0.00615	0.00641	0.00769	0.00476	0.00463	0.00854	0.02702	0.01586	0.19388	0.26941	0.39654	0.01388	0.00647	0.00189	0.00283	0.01204	0.00518	0.00467
10	0.07352	0.00653	0.00897	0.07613	0.09993	0.00664	0.00714	0.01015	0.01079	0.01579	0.06445	0.49534	0.02717	0.01256	0.00605	0.00195	0.00384	0.01126	0.05663	0.00517
11	0.00646	0.00499	0.00590	0.00663	0.00756	0.00443	0.00461	0.00757	0.01109	0.01403	0.03989	0.49355	0.34315	0.01548	0.00664	0.00203	0.00295	0.01363	0.00498	0.00443
12	0.01267	0.01448	0.03167	0.02262	0.02805	0.01357	0.75837	0.01719	0.01267	0.01719	0.01086	0.01448	0.00814	0.00452	0.00633	0.00181	0.00905	0.00633	0.00271	0.00724
13	0.01766	0.01190	0.01523	0.19879	0.06805	0.01296	0.01101	0.29641	0.09375	0.19685	0.01471	0.01519	0.01030	0.00622	0.00538	0.00168	0.00576	0.00507	0.00479	0.00828
14	0.01383	0.01327	0.01373	0.02928	0.01523	0.13563	0.07101	0.04191	0.43074	0.01975	0.01892	0.01877	0.04790	0.00699	0.00576	0.00172	0.03272	0.00573	0.06968	0.00745
15	0.00715	0.00512	0.00646	0.00680	0.00764	0.00483	0.00479	0.00807	0.01074	0.01412	0.13174	0.28572	0.22504	0.06738	0.08866	0.10183	0.00438	0.01081	0.00448	0.00424
16	0.01158	0.01101	0.01871	0.44734	0.37680	0.01231	0.01563	0.01498	0.01142	0.01547	0.00980	0.01384	0.00777	0.00510	0.00534	0.00170	0.00680	0.00478	0.00251	0.00713
17	0.75194	0.01042	0.00840	0.00746	0.01079	0.01198	0.00610	0.01718	0.06848	0.05356	0.00913	0.00997	0.00693	0.00523	0.00357	0.00167	0.00418	0.00325	0.00362	0.00615
18	0.00821	0.00526	0.00729	0.00729	0.00767	0.00564	0.00504	0.00827	0.00789	0.01090	0.01364	0.02396	0.01406	0.26967	0.32681	0.25728	0.00867	0.00605	0.00283	0.00359
19	0.01184	0.00704	0.00914	0.00937	0.05239	0.00664	0.00654	0.01479	0.08648	0.19878	0.10449	0.31863	0.12846	0.01177	0.00616	0.00189	0.00364	0.01034	0.00539	0.00623
20	0.02259	0.00917	0.01211	0.00942	0.01337	0.00818	0.00774	0.05030	0.04126	0.68186	0.02182	0.01923	0.03669	0.00686	0.00538	0.00166	0.00448	0.00557	0.03348	0.00884
21	0.01014	0.00954	0.01610	0.79845	0.03697	0.01193	0.01491	0.01371	0.01073	0.01371	0.00954	0.01431	0.00716	0.00537	0.00537	0.00179	0.00716	0.00477	0.00239	0.00596
22	0.01253	0.01145	0.01596	0.35406	0.16757	0.03185	0.01290	0.06245	0.23842	0.01821	0.01349	0.01563	0.01028	0.00590	0.00537	0.00174	0.00613	0.00513	0.00354	0.00739
23	0.01267	0.01240	0.02208	0.20460	0.45430	0.01283	0.14724	0.03782	0.01235	0.01709	0.01019	0.01372	0.00815	0.00492	0.00551	0.00168	0.00701	0.00506	0.00269	0.00772
24	0.00773	0.00550	0.00736	0.00736	0.00788	0.00602	0.00513	0.00877	0.00825	0.01152	0.01554	0.02750	0.01620	0.39243	0.44172	0.00706	0.01019	0.00669	0.00305	0.00409
25	0.01119	0.01139	0.02088	0.22757	0.07210	0.01275	0.26876	0.01435	0.01078	0.01487	0.01061	0.04005	0.00904	0.00938	0.07918	0.00253	0.16985	0.00572	0.00264	0.00638
26	0.01357	0.05157	0.06438	0.10763	0.42055	0.10454	0.12747	0.01689	0.01238	0.01631	0.00980	0.01283	0.00795	0.00490	0.00532	0.00161	0.00731	0.00473	0.00261	0.00767
27	0.01077	0.01191	0.09993	0.38078	0.13762	0.01130	0.09087	0.01464	0.02575	0.01548	0.01219	0.01888	0.01032	0.03473	0.00633	0.00191	0.00683	0.06802	0.03524	0.00651
28	0.00634	0.00544	0.00544	0.00544	0.00725	0.00453	0.00408	0.00770	0.01224	0.01450	0.05438	0.05166	0.77569	0.01359	0.00634	0.00181	0.00272	0.01133	0.00498	0.00453
29	0.00644	0.00507	0.00582	0.00641	0.00751	0.00445	0.00451	0.00759	0.01130	0.01412	0.04252	0.41330	0.42170	0.01514	0.00659	0.00199	0.00291	0.01321	0.00498	0.00445
30	0.01409	0.09859	0.09500	0.02691	0.10871	0.16420	0.05502	0.06020	0.03341	0.05652	0.03168	0.09440	0.01228	0.00895	0.05032	0.00206	0.07181	0.00564	0.00335	0.00686
31	0.01408	0.54882	0.20550	0.01110	0.01630	0.09676	0.01182	0.01683	0.01144	0.01371	0.00806	0.00936	0.00687	0.00481	0.00398	0.00130	0.00666	0.00319	0.00234	0.00707
32	0.00781	0.00520	0.00585	0.00585	0.00585	0.00520	0.00325	0.00781	0.00781	0.01041	0.01691	0.03513	0.01952	0.81135	0.02732	0.00520	0.00520	0.00781	0.00325	0.00325
33	0.01490	0.68438	0.02699	0.01034	0.01488	0.05556	0.05079	0.06283	0.01210	0.01423	0.00803	0.00925	0.00710	0.00475	0.00379	0.00122	0.00611	0.00321	0.00253	0.00702
34	0.01700	0.01755	0.24038	0.03276	0.01832	0.12419	0.06186	0.06165	0.03863	0.26721	0.04049	0.03131	0.01156	0.00622	0.00535	0.00166	0.00663	0.00508	0.00426	0.00789
35	0.00677	0.00506	0.00624	0.00694	0.00777	0.00462	0.00489	0.00802	0.01129	0.01470	0.11177	0.45826	0.22694	0.05028	0.00760	0.00218	0.00315	0.05406	0.00500	0.00446
36	0.00710	0.00516	0.00581	0.00608	0.00668	0.00482	0.00387	0.00770	0.00964	0.01233	0.03067	0.20761	0.24512	0.40464	0.01672	0.00355	0.00402	0.01046	0.00414	0.00387
37	0.01097	0.00896	0.02520	0.00830	0.01179	0.00760	0.00668	0.01527	0.13200	0.05987	0.09301	0.06135	0.10457	0.00750	0.00509	0.00136	0.00384	0.03454	0.00434	0.39776
38	0.06147	0.14305	0.12527	0.01160	0.06036	0.05826	0.01011	0.07622	0.03605	0.05188	0.02648	0.01504	0.01033	0.00567	0.00463	0.00137	0.00554	0.04991	0.00342	0.24332
39	0.06335	0.09886	0.12559	0.01079	0.01456	0.07812	0.00987	0.23777	0.04965	0.02272	0.15870	0.03695	0.01725	0.00709	0.00532	0.00160	0.01763	0.00552	0.03149	0.00717
40	0.09646	0.01446	0.03449	0.01332	0.03685	0.14868	0.12832	0.09762	0.17507	0.01949	0.01701	0.01774	0.09238	0.00684	0.00611	0.00171	0.05779	0.00554	0.00387	0.02624

[dist]
# distance from previous block
# <min> <max>
6	16

[block]
# block no. 2 follows, 45 sequences, length 23
# corresponding to MSA columns:
# 85-107
name=unknown_C
#
# <colnr> <probs for GDERKNQSTAVLIFYWHMCP>
#	G	D	E	R	K	N	Q	S	T	A	V	L	I	F	Y	W	H	M	C	P
0	0.01003	0.00913	0.01497	0.01812	0.26831	0.00954	0.07342	0.01216	0.01092	0.01533	0.03884	0.30883	0.01981	0.01223	0.05827	0.00238	0.09892	0.00899	0.00359	0.00622
1	0.01286	0.00857	0.01074	0.00850	0.01215	0.00707	0.01897	0.01550	0.04023	0.16941	0.06848	0.13187	0.01667	0.00717	0.00499	0.00131	0.00398	0.01801	0.00443	0.43908
2	0.02206	0.01340	0.01434	0.01122	0.01529	0.09123	0.00916	0.34839	0.01969	0.37462	0.01622	0.01503	0.01081	0.00644	0.00533	0.00161	0.00568	0.00495	0.00569	0.00884
3	0.01237	0.01015	0.01093	0.00978	0.01194	0.09270	0.03902	0.17392	0.03477	0.05448	0.13117	0.29024	0.08427	0.01103	0.00608	0.00182	0.00466	0.00956	0.00495	0.00615
4	0.01584	0.01362	0.01514	0.01250	0.01564	0.18056	0.11966	0.02119	0.19165	0.17010	0.10132	0.03311	0.03546	0.00720	0.00613	0.00171	0.04128	0.00604	0.00459	0.00727
5	0.00800	0.00558	0.00725	0.00678	0.00814	0.00512	0.00510	0.01047	0.01508	0.04197	0.72553	0.03997	0.07875	0.01096	0.00631	0.00169	0.00260	0.00966	0.00589	0.00515
6	0.00767	0.00575	0.00863	0.00863	0.00959	0.00671	0.00671	0.00959	0.00863	0.01246	0.01438	0.02109	0.01342	0.04026	0.79008	0.00863	0.01438	0.00575	0.00288	0.00479
7	0.02844	0.00945	0.01185	0.04776	0.07267	0.00848	0.00770	0.01362	0.01091	0.01735	0.01030	0.01255	0.00855	0.00489	0.00533	0.00112	0.07548	0.00374	0.10631	0.54349
8	0.01287	0.00715	0.00922	0.00795	0.01017	0.00668	0.00620	0.07255	0.01582	0.22143	0.48786	0.06340	0.03701	0.00972	0.00603	0.00170	0.00335	0.00842	0.00602	0.00642
9	0.01279	0.00634	0.00831	0.00775	0.00958	0.00572	0.00577	0.01441	0.01269	0.26994	0.13404	0.32217	0.05324	0.04883	0.00703	0.00200	0.00356	0.01004	0.05975	0.00604
10	0.01339	0.01117	0.01519	0.40975	0.02604	0.01321	0.01219	0.24460	0.07122	0.02053	0.01267	0.06558	0.01028	0.00677	0.00604	0.00179	0.04331	0.00556	0.00370	0.00702
11	0.01051	0.01006	0.01618	0.61471	0.03161	0.01298	0.01417	0.01353	0.01014	0.01353	0.00896	0.01371	0.00713	0.00631	0.00824	0.00192	0.19324	0.00475	0.00238	0.00594
12	0.00776	0.00537	0.00671	0.00671	0.00700	0.00567	0.00432	0.00835	0.00806	0.01104	0.01613	0.03081	0.01764	0.57408	0.26203	0.00626	0.00803	0.00717	0.00314	0.00373
13	0.00654	0.00467	0.00623	0.00747	0.00779	0.00436	0.00498	0.00747	0.01028	0.01370	0.02959	0.80785	0.03550	0.01682	0.00685	0.00218	0.00311	0.01526	0.00498	0.00436
14	0.01144	0.00875	0.00990	0.00951	0.01158	0.00956	0.00711	0.02032	0.42939	0.06828	0.02477	0.32138	0.02350	0.01089	0.00599	0.00195	0.00384	0.00954	0.00536	0.00695
15	0.01162	0.01260	0.02203	0.01676	0.02039	0.08093	0.42748	0.01487	0.01231	0.01610	0.07424	0.05709	0.06737	0.01043	0.09135	0.00254	0.04538	0.00698	0.00324	0.00632
16	0.00887	0.00624	0.00759	0.00718	0.00828	0.00634	0.00524	0.06643	0.01066	0.01373	0.02757	0.03148	0.29653	0.10289	0.08389	0.25951	0.04210	0.00760	0.00371	0.00417
17	0.05085	0.01336	0.08563	0.04096	0.56259	0.01216	0.04231	0.03045	0.01185	0.01739	0.00995	0.01320	0.00827	0.00593	0.00646	0.06713	0.00638	0.00468	0.00268	0.00777
18	0.05119	0.00683	0.00901	0.00967	0.06916	0.00639	0.00647	0.01294	0.01133	0.15835	0.02226	0.39760	0.02309	0.03489	0.03297	0.00215	0.00414	0.00987	0.06672	0.06498
19	0.01429	0.27384	0.16058	0.01619	0.20155	0.03668	0.01252	0.07467	0.01292	0.06584	0.02303	0.01248	0.00901	0.00524	0.00458	0.00145	0.00608	0.00412	0.05730	0.00762
20	0.01342	0.01510	0.10822	0.02288	0.40568	0.07948	0.01402	0.01982	0.20458	0.01819	0.01301	0.01470	0.01032	0.00660	0.02918	0.00186	0.00655	0.00493	0.00334	0.00813
21	0.16189	0.12540	0.09282	0.01266	0.05719	0.16818	0.01058	0.21174	0.04147	0.03558	0.01015	0.01114	0.00782	0.00564	0.00493	0.00155	0.02638	0.00392	0.00358	0.00742
22	0.01680	0.29850	0.07744	0.00982	0.01388	0.08147	0.00908	0.06274	0.03396	0.21258	0.01330	0.01351	0.00985	0.00565	0.00441	0.00140	0.00548	0.00415	0.11857	0.00740

[dist]
# distance from previous block
# <min> <max>
1	5

[block]
# block no. 3 follows, 45 sequences, length 247
# corresponding to MSA columns:
# 113-359
name=unknown_D
#
# <colnr> <probs for GDERKNQSTAVLIFYWHMCP>
#	G	D	E	R	K	N	Q	S	T	A	V	L	I	F	Y	W	H	M	C	P
0	0.01100	0.01500	0.22958	0.15357	0.06227	0.01059	0.07109	0.03485	0.02293	0.01677	0.01160	0.07880	0.00997	0.00592	0.00536	0.00153	0.02152	0.00514	0.00295	0.22956
1	0.01557	0.01199	0.01367	0.01149	0.01402	0.07724	0.03508	0.17425	0.10409	0.13257	0.01670	0.03693	0.04338	0.02463	0.02452	0.00204	0.16533	0.04021	0.04913	0.00717
2	0.00999	0.00934	0.01569	0.76533	0.03575	0.01161	0.01449	0.01345	0.01071	0.01371	0.01038	0.04754	0.00834	0.00585	0.00543	0.00181	0.00699	0.00521	0.00249	0.00590
3	0.01155	0.16324	0.60351	0.01538	0.07017	0.01401	0.01777	0.01681	0.01132	0.01628	0.00929	0.01099	0.00692	0.00499	0.00483	0.00160	0.00745	0.00383	0.00230	0.00779
4	0.01076	0.01030	0.01782	0.63807	0.15164	0.01214	0.05484	0.01433	0.01107	0.01449	0.00970	0.01416	0.00742	0.00523	0.00541	0.00176	0.00714	0.00486	0.00245	0.00643
5	0.00720	0.00484	0.00619	0.00692	0.00715	0.00463	0.00444	0.00752	0.00927	0.01231	0.02436	0.48675	0.04504	0.23852	0.01412	0.09694	0.00386	0.01191	0.00420	0.00383
6	0.01077	0.02777	0.78354	0.01530	0.02323	0.01247	0.01983	0.01700	0.01133	0.01700	0.00963	0.01133	0.00680	0.00510	0.00510	0.00170	0.00793	0.00397	0.00227	0.00793
7	0.06477	0.00942	0.01398	0.53225	0.02819	0.01142	0.01222	0.03469	0.05518	0.03113	0.01274	0.02867	0.03496	0.00623	0.00576	0.00177	0.04360	0.00515	0.06178	0.00610
8	0.00645	0.00501	0.00588	0.00657	0.00755	0.00444	0.00458	0.00758	0.01114	0.01406	0.04055	0.47351	0.36277	0.01539	0.00663	0.00202	0.00294	0.01352	0.00498	0.00444
9	0.01001	0.00500	0.00500	0.00500	0.00625	0.00500	0.00375	0.01251	0.01126	0.02001	0.01751	0.02001	0.01376	0.00625	0.00375	0.00125	0.00250	0.00500	0.84115	0.00500
10	0.01014	0.00954	0.01610	0.79845	0.03697	0.01193	0.01491	0.01371	0.01073	0.01371	0.00954	0.01431	0.00716	0.00537	0.00537	0.00179	0.00716	0.00477	0.00239	0.00596
11	0.00759	0.00573	0.00844	0.00844	0.00945	0.00658	0.00656	0.00948	0.00884	0.01258	0.01671	0.02287	0.05780	0.03871	0.74445	0.00823	0.01370	0.00608	0.00300	0.00478
12	0.00670	0.00493	0.00627	0.00703	0.00774	0.00451	0.00486	0.00798	0.01144	0.01520	0.16437	0.55587	0.15280	0.01529	0.00668	0.00204	0.00295	0.01368	0.00515	0.00451
13	0.01186	0.01290	0.00970	0.00929	0.01106	0.30046	0.00686	0.01346	0.01377	0.01565	0.21725	0.16595	0.17011	0.01045	0.00586	0.00168	0.00536	0.00864	0.00439	0.00528
14	0.01654	0.01068	0.01682	0.08789	0.38403	0.01037	0.01239	0.01924	0.01325	0.29799	0.01697	0.01768	0.05953	0.00608	0.00542	0.00165	0.00554	0.00543	0.00425	0.00826
15	0.02179	0.01281	0.01473	0.01130	0.01554	0.01335	0.00933	0.48360	0.02152	0.31545	0.01601	0.01491	0.01070	0.00652	0.00538	0.00163	0.00540	0.00505	0.00585	0.00913
16	0.00780	0.00557	0.00766	0.00880	0.00969	0.00543	0.00707	0.00970	0.01174	0.01550	0.07233	0.33877	0.03377	0.01535	0.00714	0.00232	0.00412	0.42749	0.00501	0.00473
17	0.01156	0.09351	0.67929	0.01471	0.02209	0.05469	0.01844	0.01716	0.01150	0.01643	0.00938	0.01102	0.00681	0.00508	0.00495	0.00164	0.00784	0.00385	0.00230	0.00775
18	0.01959	0.01271	0.01426	0.01122	0.01515	0.01359	0.00917	0.45631	0.12024	0.20022	0.05858	0.01656	0.01334	0.00685	0.00544	0.00165	0.00520	0.00540	0.00570	0.00882
19	0.01229	0.36132	0.46329	0.01271	0.01922	0.01619	0.01532	0.01661	0.01115	0.01515	0.00871	0.01018	0.00684	0.00488	0.00440	0.00147	0.00700	0.00350	0.00228	0.00749
20	0.01921	0.01701	0.01493	0.01223	0.01584	0.23111	0.00974	0.45196	0.05304	0.04761	0.02940	0.03118	0.02882	0.00672	0.00530	0.00158	0.00664	0.00500	0.00468	0.00799
21	0.01092	0.00932	0.01068	0.00820	0.01231	0.00771	0.00646	0.01494	0.11648	0.01780	0.01481	0.06092	0.05171	0.00570	0.00448	0.00107	0.00390	0.00472	0.00370	0.63417
22	0.01318	0.01261	0.02133	0.05850	0.73134	0.01274	0.01620	0.01671	0.03316	0.01754	0.01040	0.01351	0.00868	0.00487	0.00532	0.00161	0.00634	0.00482	0.00273	0.00842
23	0.00885	0.00714	0.00929	0.06012	0.01191	0.00756	0.03266	0.01370	0.20442	0.01592	0.02489	0.46766	0.02680	0.05943	0.00758	0.00223	0.00403	0.02548	0.00476	0.00557
24	0.02037	0.01621	0.01601	0.01252	0.01664	0.10293	0.01022	0.67755	0.02412	0.03152	0.01238	0.01253	0.00888	0.00634	0.00531	0.00159	0.00633	0.00468	0.00508	0.00880
25	0.00767	0.00575	0.00863	0.00863	0.00959	0.00671	0.00671	0.00959	0.00863	0.01246	0.01438	0.02109	0.01342	0.04026	0.79008	0.00863	0.01438	0.00575	0.00288	0.00479
26	0.01657	0.00754	0.00964	0.00793	0.01101	0.00650	0.00636	0.01848	0.01437	0.45097	0.12387	0.03128	0.25385	0.00933	0.00581	0.00171	0.00375	0.00776	0.00604	0.00721
27	0.28590	0.01006	0.01086	0.00888	0.01247	0.01035	0.00725	0.10345	0.07104	0.33349	0.05039	0.01706	0.04338	0.00661	0.00481	0.00167	0.00440	0.00502	0.00525	0.00766
28	0.00693	0.00497	0.00658	0.00721	0.00787	0.00462	0.00501	0.00845	0.01209	0.01658	0.30372	0.52551	0.04107	0.01467	0.00666	0.00200	0.00290	0.01322	0.00532	0.00462
29	0.01609	0.00679	0.00822	0.00697	0.00947	0.00625	0.00554	0.01841	0.01303	0.34910	0.01910	0.01926	0.01356	0.00642	0.00446	0.00143	0.00339	0.00517	0.48054	0.00679
30	0.00686	0.00481	0.00613	0.00706	0.00729	0.00458	0.00454	0.00756	0.00964	0.01286	0.02634	0.60992	0.03141	0.22033	0.01209	0.00295	0.00365	0.01335	0.00454	0.00408
31	0.01493	0.01701	0.01661	0.01402	0.01600	0.33382	0.11463	0.03069	0.01200	0.01367	0.00956	0.01451	0.00890	0.11712	0.01186	0.00225	0.23893	0.00484	0.00275	0.00591
32	0.01329	0.01275	0.02179	0.03295	0.77787	0.01275	0.01647	0.01647	0.01222	0.01754	0.01010	0.01329	0.00850	0.00478	0.00531	0.00159	0.00638	0.00478	0.00266	0.00850
33	0.01245	0.39746	0.42860	0.01243	0.01879	0.01659	0.01483	0.01656	0.01113	0.01495	0.00861	0.01005	0.00684	0.00486	0.00432	0.00144	0.00690	0.00345	0.00228	0.00744
34	0.01030	0.00947	0.01497	0.27606	0.20124	0.01101	0.01211	0.01265	0.01042	0.01434	0.01384	0.18436	0.01404	0.04230	0.00875	0.00207	0.14581	0.00713	0.00304	0.00609
35	0.05048	0.01487	0.01581	0.01216	0.01642	0.01648	0.01004	0.73297	0.02465	0.03348	0.01269	0.01274	0.00901	0.00639	0.00530	0.00161	0.00584	0.00476	0.00530	0.00901
36	0.00654	0.00467	0.00623	0.00747	0.00779	0.00436	0.00498	0.00747	0.01028	0.01370	0.02959	0.80785	0.03550	0.01682	0.00685	0.00218	0.00311	0.01526	0.00498	0.00436
37	0.01661	0.01011	0.01231	0.00917	0.01355	0.00877	0.00747	0.10566	0.01414	0.27696	0.01379	0.01376	0.00986	0.00531	0.00499	0.00123	0.02595	0.00416	0.00458	0.44161
38	0.00923	0.00470	0.00692	0.00692	0.00692	0.00470	0.00457	0.00705	0.00705	0.00939	0.00981	0.01753	0.00998	0.06968	0.02139	0.78984	0.00470	0.00486	0.00239	0.00239
39	0.00636	0.00536	0.00551	0.00564	0.00730	0.00451	0.00417	0.00768	0.01204	0.01442	0.05197	0.12515	0.70375	0.01391	0.00639	0.00185	0.00276	0.01171	0.00498	0.00451
40	0.08236	0.01082	0.01386	0.29993	0.02238	0.06060	0.01062	0.06805	0.01381	0.34260	0.01447	0.01517	0.00977	0.00596	0.00519	0.00169	0.00590	0.00481	0.00449	0.00752
41	0.01174	0.01174	0.01644	0.01409	0.01409	0.01644	0.01174	0.01292	0.00822	0.01292	0.00705	0.01174	0.00705	0.00940	0.01762	0.00235	0.80153	0.00470	0.00235	0.00587
42	0.00652	0.00543	0.00572	0.00586	0.00753	0.00463	0.00443	0.00795	0.01220	0.01473	0.07074	0.10054	0.66509	0.01380	0.00644	0.00187	0.00287	0.05406	0.00501	0.00456
43	0.01329	0.01275	0.02179	0.03295	0.77787	0.01275	0.01647	0.01647	0.01222	0.01754	0.01010	0.01329	0.00850	0.00478	0.00531	0.00159	0.00638	0.00478	0.00266	0.00850
44	0.01133	0.01023	0.01565	0.01850	0.29411	0.01011	0.08702	0.08614	0.05216	0.01833	0.04836	0.09710	0.21088	0.00862	0.00587	0.00174	0.00513	0.00782	0.00399	0.00692
45	0.00659	0.00476	0.00624	0.00732	0.00777	0.00441	0.00494	0.00764	0.01067	0.01420	0.07431	0.72278	0.07590	0.01630	0.00679	0.00213	0.00306	0.01473	0.00504	0.00441
46	0.00654	0.00467	0.00623	0.00747	0.00779	0.00436	0.00498	0.00747	0.01028	0.01370	0.02959	0.80785	0.03550	0.01682	0.00685	0.00218	0.00311	0.01526	0.00498	0.00436
47	0.02879	0.01100	0.01066	0.00986	0.01188	0.11904	0.00746	0.07233	0.24988	0.01736	0.01753	0.06261	0.02966	0.11458	0.20907	0.00392	0.00775	0.00627	0.00407	0.00628
48	0.01262	0.01323	0.01277	0.21353	0.06745	0.25137	0.00987	0.01454	0.01162	0.01356	0.01283	0.09349	0.01237	0.12162	0.05426	0.00255	0.02318	0.00588	0.04770	0.00555
49	0.00988	0.00564	0.00534	0.00530	0.00666	0.02720	0.00398	0.01222	0.01148	0.01920	0.02137	0.02326	0.09876	0.00705	0.00407	0.00132	0.00273	0.00567	0.72389	0.00498
50	0.00846	0.00490	0.00567	0.00626	0.00710	0.00477	0.00447	0.01028	0.01088	0.01713	0.02315	0.36229	0.02382	0.01115	0.00523	0.00170	0.00286	0.03758	0.44757	0.00472
51	0.01145	0.01042	0.01467	0.03564	0.06437	0.01111	0.13565	0.02024	0.38351	0.01891	0.02271	0.15360	0.07652	0.00870	0.00590	0.00186	0.00497	0.00795	0.00461	0.00721
52	0.01108	0.00605	0.00801	0.00809	0.00954	0.00554	0.00606	0.01252	0.01187	0.19511	0.04349	0.39986	0.07660	0.06005	0.00774	0.00224	0.00382	0.12152	0.00529	0.00553
53	0.00666	0.00498	0.00619	0.00689	0.00770	0.00451	0.00479	0.00794	0.01150	0.01511	0.15153	0.51293	0.20940	0.01516	0.00665	0.00202	0.00293	0.01348	0.00513	0.00451
54	0.07299	0.17725	0.28509	0.01139	0.01715	0.01249	0.04692	0.01558	0.01108	0.01681	0.00907	0.01068	0.00719	0.00459	0.00433	0.00129	0.00596	0.00352	0.00267	0.28394
55	0.01233	0.22068	0.21141	0.01139	0.01567	0.01331	0.04319	0.14497	0.01352	0.01807	0.02632	0.21550	0.01530	0.00827	0.00524	0.00167	0.00575	0.00692	0.00359	0.00689
56	0.00650	0.00483	0.00606	0.00705	0.00767	0.00440	0.00479	0.00752	0.01069	0.01387	0.03480	0.64880	0.19119	0.01614	0.00674	0.00210	0.00303	0.01443	0.00498	0.00440
57	0.01316	0.01262	0.02156	0.06399	0.74782	0.01272	0.01641	0.01636	0.01216	0.01738	0.01007	0.01333	0.00845	0.00481	0.00532	0.00160	0.00641	0.00478	0.00265	0.00840
58	0.01113	0.00954	0.01113	0.00795	0.01272	0.00716	0.00636	0.01352	0.01113	0.01749	0.00954	0.01113	0.00795	0.00398	0.00398	0.00080	0.00398	0.00318	0.00318	0.84417
59	0.01077	0.02777	0.78354	0.01530	0.02323	0.01247	0.01983	0.01700	0.01133	0.01700	0.00963	0.01133	0.00680	0.00510	0.00510	0.00170	0.00793	0.00397	0.00227	0.00793
60	0.01491	0.01698	0.01189	0.01085	0.01319	0.42926	0.00818	0.03840	0.06363	0.01662	0.21084	0.02291	0.10458	0.00796	0.00544	0.00154	0.00662	0.00614	0.00407	0.00597
61	0.01174	0.01174	0.01644	0.01409	0.01409	0.01644	0.01174	0.01292	0.00822	0.01292	0.00705	0.01174	0.00705	0.00940	0.01762	0.00235	0.80153	0.00470	0.00235	0.00587
62	0.02014	0.01157	0.01447	0.01316	0.09985	0.01175	0.00959	0.23090	0.13743	0.36631	0.01773	0.01649	0.01208	0.00648	0.00539	0.00166	0.00509	0.00528	0.00565	0.00896
63	0.01435	0.81458	0.02813	0.00918	0.01378	0.02124	0.00918	0.01607	0.01091	0.01263	0.00746	0.00861	0.00689	0.00459	0.00344	0.00115	0.00574	0.00287	0.00230	0.00689
64	0.01891	0.01413	0.01522	0.01204	0.01602	0.01568	0.00991	0.63033	0.11563	0.03149	0.01482	0.01631	0.01118	0.00699	0.00549	0.00168	0.00565	0.04432	0.00536	0.00883
65	0.00763	0.00614	0.00669	0.00667	0.00831	0.00569	0.00493	0.04918	0.05669	0.01627	0.09107	0.21740	0.47710	0.01340	0.00635	0.00188	0.00306	0.01146	0.00509	0.00500
66	0.01846	0.01368	0.01478	0.01173	0.01551	0.01509	0.00952	0.63490	0.06530	0.03094	0.01525	0.10201	0.01248	0.00765	0.00554	0.00169	0.00550	0.00607	0.00533	0.00856
67	0.00654	0.00467	0.00623	0.00747	0.00779	0.00436	0.00498	0.00747	0.01028	0.01370	0.02959	0.80785	0.03550	0.01682	0.00685	0.00218	0.00311	0.01526	0.00498	0.00436
68	0.02385	0.01009	0.01262	0.00980	0.01387	0.05341	0.00803	0.02588	0.01535	0.73684	0.02043	0.01777	0.01292	0.00658	0.00537	0.00164	0.00487	0.00529	0.00642	0.00897
69	0.00666	0.00476	0.00633	0.00739	0.00781	0.00444	0.00499	0.00777	0.01083	0.01458	0.11278	0.72217	0.03719	0.01617	0.00679	0.00213	0.00305	0.01464	0.00509	0.00444
70	0.00739	0.00534	0.00709	0.00735	0.00794	0.00563	0.00514	0.00849	0.00895	0.01222	0.02083	0.18796	0.06884	0.26723	0.34875	0.00584	0.00855	0.00867	0.00356	0.00422
71	0.00654	0.00467	0.00623	0.00747	0.00779	0.00436	0.00498	0.00747	0.01028	0.01370	0.02959	0.80785	0.03550	0.01682	0.00685	0.00218	0.00311	0.01526	0.00498	0.00436
72	0.01146	0.01136	0.01638	0.15212	0.01812	0.01565	0.01230	0.01306	0.00866	0.01306	0.00749	0.01220	0.00707	0.00869	0.01546	0.00225	0.66174	0.00471	0.00236	0.00589
73	0.01355	0.01149	0.01214	0.01090	0.01395	0.01325	0.00849	0.02848	0.75416	0.03658	0.02184	0.01999	0.01633	0.00727	0.00546	0.00182	0.00425	0.00606	0.00548	0.00851
74	0.00654	0.00467	0.00623	0.00747	0.00779	0.00436	0.00498	0.00747	0.01028	0.01370	0.02959	0.80785	0.03550	0.01682	0.00685	0.00218	0.00311	0.01526	0.00498	0.00436
75	0.00719	0.00547	0.00662	0.00633	0.00777	0.00489	0.00475	0.00935	0.01424	0.01927	0.54360	0.04381	0.28349	0.01182	0.00634	0.00173	0.00259	0.01023	0.00561	0.00489
76	0.05877	0.00713	0.00921	0.00783	0.01030	0.00651	0.00617	0.01650	0.01494	0.30953	0.44855	0.03016	0.03411	0.00901	0.00582	0.00168	0.00339	0.00771	0.00605	0.00665
77	0.00781	0.00520	0.00585	0.00585	0.00585	0.00520	0.00325	0.00781	0.00781	0.01041	0.01691	0.03513	0.01952	0.81135	0.02732	0.00520	0.00520	0.00781	0.00325	0.00325
78	0.01335	0.01153	0.01214	0.01092	0.01396	0.01335	0.00850	0.02852	0.76817	0.02245	0.02185	0.02003	0.01639	0.00728	0.00546	0.00182	0.00425	0.00607	0.00546	0.00850
79	0.01946	0.01135	0.01292	0.01015	0.01380	0.01180	0.00830	0.39824	0.01961	0.25391	0.01643	0.02792	0.01159	0.00663	0.00512	0.00157	0.00487	0.00519	0.15282	0.00833
80	0.00977	0.00838	0.00951	0.00724	0.01117	0.00641	0.00571	0.01187	0.01144	0.01664	0.02227	0.02264	0.22592	0.00671	0.00465	0.00108	0.00362	0.00549	0.00369	0.60579
81	0.01621	0.01830	0.01895	0.02469	0.44891	0.34853	0.01384	0.01862	0.01351	0.01564	0.00932	0.01173	0.00782	0.00511	0.00511	0.00150	0.00780	0.00421	0.00270	0.00752
82	0.16626	0.01422	0.01466	0.01142	0.01554	0.01584	0.00943	0.62901	0.02240	0.03211	0.01194	0.01215	0.00855	0.00619	0.00501	0.00162	0.00560	0.00449	0.00501	0.00855
83	0.00932	0.00466	0.00699	0.00699	0.00699	0.00466	0.00466	0.00699	0.00699	0.00932	0.00932	0.01632	0.00932	0.01865	0.02098	0.84382	0.00466	0.00466	0.00233	0.00233
84	0.21764	0.00960	0.03199	0.00866	0.01241	0.00881	0.00730	0.03579	0.01353	0.47612	0.01898	0.01760	0.05198	0.00655	0.00484	0.00164	0.00436	0.00505	0.05934	0.00780
85	0.00642	0.00524	0.00567	0.00598	0.00740	0.00450	0.00433	0.00769	0.01179	0.01443	0.06168	0.24514	0.57236	0.01437	0.00647	0.00190	0.00282	0.01231	0.00500	0.00450
86	0.00663	0.00473	0.00632	0.00753	0.00789	0.00443	0.00509	0.00764	0.01045	0.01396	0.04754	0.76814	0.03574	0.01662	0.00685	0.00218	0.00315	0.03572	0.00500	0.00439
87	0.01069	0.01011	0.01710	0.66374	0.16735	0.01207	0.01518	0.01420	0.01100	0.01439	0.00964	0.01413	0.00739	0.00526	0.00536	0.00175	0.00702	0.00477	0.00243	0.00641
88	0.01834	0.02136	0.01424	0.01270	0.01560	0.56036	0.00967	0.10661	0.09166	0.01658	0.01383	0.01440	0.06882	0.00645	0.00508	0.00149	0.00815	0.00450	0.00351	0.00665
89	0.01584	0.01193	0.01882	0.02530	0.52536	0.01168	0.01369	0.06975	0.01378	0.17664	0.02432	0.01462	0.01016	0.00535	0.00530	0.00158	0.00582	0.00493	0.00374	0.04141
90	0.01387	0.01374	0.02587	0.01879	0.02373	0.01328	0.51987	0.13095	0.05584	0.03494	0.03310	0.01511	0.01001	0.00515	0.00597	0.00171	0.00772	0.00597	0.00346	0.06094
91	0.00726	0.00497	0.00602	0.00655	0.00669	0.00484	0.00400	0.00766	0.00887	0.01183	0.02239	0.36903	0.02642	0.46802	0.01848	0.00390	0.00430	0.01103	0.00400	0.00373
92	0.04316	0.01869	0.42310	0.01212	0.01796	0.01011	0.01380	0.01887	0.01279	0.25768	0.05693	0.01756	0.06064	0.00644	0.00528	0.00169	0.00612	0.00516	0.00405	0.00787
93	0.25566	0.01079	0.01495	0.12160	0.32282	0.01136	0.01139	0.01585	0.01143	0.05997	0.05906	0.01396	0.01048	0.00537	0.00473	0.00160	0.00535	0.00449	0.00327	0.05585
94	0.00721	0.00516	0.00698	0.00807	0.00872	0.00492	0.00599	0.00871	0.01130	0.01507	0.09760	0.53333	0.03563	0.01574	0.00696	0.00221	0.00356	0.21320	0.00506	0.00458
95	0.01294	0.01373	0.02740	0.02709	0.35206	0.01322	0.43778	0.01688	0.01248	0.01734	0.01053	0.01396	0.00830	0.00464	0.00589	0.00172	0.00789	0.00566	0.00269	0.00779
96	0.01135	0.00967	0.01125	0.00806	0.01282	0.00738	0.00645	0.03148	0.01147	0.01788	0.00962	0.01117	0.00798	0.00403	0.00401	0.00081	0.00402	0.00322	0.00323	0.82407
97	0.23450	0.00941	0.01110	0.00883	0.01262	0.00902	0.00727	0.04032	0.01400	0.52971	0.05699	0.01684	0.01323	0.00644	0.00491	0.00166	0.00439	0.00497	0.00572	0.00807
98	0.00849	0.00604	0.00833	0.00948	0.01059	0.00602	0.00809	0.01071	0.01193	0.01555	0.02767	0.09603	0.03032	0.07082	0.00878	0.00265	0.00487	0.65401	0.00483	0.00480
99	0.01237	0.01319	0.02632	0.01952	0.02416	0.01280	0.56631	0.01835	0.13054	0.01790	0.01433	0.01996	0.01171	0.00599	0.00631	0.00188	0.00789	0.07990	0.00337	0.00721
100	0.01306	0.01333	0.02492	0.02781	0.45304	0.01310	0.29340	0.01744	0.05640	0.01770	0.01107	0.01412	0.00883	0.00483	0.00570	0.00169	0.00725	0.00544	0.00284	0.00803
101	0.00656	0.00525	0.00587	0.00613	0.00749	0.00456	0.00444	0.00796	0.01212	0.01522	0.14236	0.24384	0.49118	0.01408	0.00647	0.00189	0.00280	0.01212	0.00511	0.00456
102	0.01001	0.00500	0.00500	0.00500	0.00625	0.00500	0.00375	0.01251	0.01126	0.02001	0.01751	0.02001	0.01376	0.00625	0.00375	0.00125	0.00250	0.00500	0.84115	0.00500
103	0.01538	0.00968	0.00871	0.00772	0.00998	0.14384	0.00598	0.01758	0.01300	0.21388	0.01683	0.01775	0.01243	0.00623	0.00437	0.00138	0.00429	0.00483	0.47986	0.00628
104	0.02005	0.02558	0.01521	0.01383	0.01659	0.78980	0.01037	0.02143	0.01521	0.01314	0.00830	0.00968	0.00691	0.00553	0.00484	0.00138	0.00968	0.00346	0.00277	0.00622
105	0.00677	0.00545	0.00603	0.00588	0.00751	0.00471	0.00441	0.00853	0.01324	0.01689	0.29901	0.04773	0.52957	0.01271	0.00634	0.00177	0.00266	0.01078	0.00530	0.00471
106	0.01069	0.01070	0.02133	0.01657	0.02006	0.01014	0.43367	0.01410	0.01232	0.01657	0.06138	0.07994	0.01881	0.05140	0.00776	0.00218	0.00703	0.19555	0.00365	0.00613
107	0.84927	0.01038	0.00789	0.00706	0.01038	0.01204	0.00581	0.01578	0.00914	0.02408	0.00747	0.00872	0.00581	0.00498	0.00332	0.00166	0.00415	0.00291	0.00332	0.00581
108	0.01287	0.24064	0.01829	0.01305	0.08706	0.10194	0.00983	0.01421	0.01008	0.01287	0.00934	0.01489	0.00932	0.14827	0.01267	0.00233	0.26918	0.00459	0.00257	0.00600
109	0.00654	0.00467	0.00623	0.00747	0.00779	0.00436	0.00498	0.00747	0.01028	0.01370	0.02959	0.80785	0.03550	0.01682	0.00685	0.00218	0.00311	0.01526	0.00498	0.00436
110	0.00730	0.00548	0.00676	0.00644	0.00784	0.00494	0.00483	0.00955	0.01449	0.01985	0.60303	0.04286	0.22370	0.01160	0.00633	0.00172	0.00258	0.01009	0.00569	0.00494
111	0.01263	0.01438	0.03109	0.02230	0.02752	0.01368	0.72985	0.01703	0.01250	0.01703	0.01071	0.01438	0.00810	0.00471	0.00677	0.00183	0.03932	0.00627	0.00270	0.00719
112	0.01464	0.01590	0.01842	0.02217	0.34481	0.22272	0.01342	0.01674	0.01183	0.01497	0.00870	0.01186	0.00764	0.00636	0.00887	0.00176	0.24509	0.00440	0.00259	0.00710
113	0.49795	0.25587	0.03016	0.00853	0.01228	0.09146	0.00756	0.01645	0.01031	0.01939	0.00759	0.00883	0.00627	0.00492	0.00354	0.00148	0.00525	0.00297	0.00294	0.00622
114	0.00781	0.00520	0.00585	0.00585	0.00585	0.00520	0.00325	0.00781	0.00781	0.01041	0.01691	0.03513	0.01952	0.81135	0.02732	0.00520	0.00520	0.00781	0.00325	0.00325
115	0.00771	0.00559	0.00779	0.00779	0.00846	0.00626	0.00567	0.00905	0.00838	0.01184	0.01514	0.02532	0.01526	0.27291	0.55994	0.00759	0.01161	0.00637	0.00299	0.00433
116	0.01001	0.00893	0.01432	0.12859	0.34196	0.00910	0.01139	0.01237	0.01139	0.01550	0.01999	0.27665	0.06744	0.00977	0.00598	0.00186	0.00513	0.03962	0.00362	0.00639
117	0.01295	0.01069	0.01135	0.01008	0.01300	0.01196	0.00787	0.09214	0.54780	0.03521	0.05829	0.02467	0.12411	0.00824	0.00561	0.00179	0.00412	0.00684	0.00543	0.00786
118	0.00774	0.00553	0.00760	0.00884	0.00968	0.00539	0.00707	0.00955	0.01146	0.01504	0.02892	0.38347	0.03288	0.01569	0.00717	0.00235	0.00415	0.42781	0.00496	0.00469
119	0.01034	0.00966	0.01626	0.73358	0.08442	0.01185	0.01479	0.01387	0.01084	0.01408	0.00973	0.01435	0.00737	0.00535	0.00533	0.00177	0.00702	0.00478	0.01852	0.00611
120	0.01406	0.01337	0.01205	0.01090	0.01332	0.19548	0.02205	0.15932	0.18320	0.01970	0.04531	0.23585	0.03345	0.00955	0.00574	0.00177	0.00554	0.00799	0.00463	0.00671
121	0.00704	0.00543	0.00642	0.00625	0.00770	0.00481	0.00466	0.00902	0.01376	0.01830	0.44693	0.08086	0.34481	0.01231	0.00636	0.00176	0.00264	0.01063	0.00549	0.00481
122	0.00654	0.00467	0.00623	0.00747	0.00779	0.00436	0.00498	0.00747	0.01028	0.01370	0.02959	0.80785	0.03550	0.01682	0.00685	0.00218	0.00311	0.01526	0.00498	0.00436
123	0.00699	0.00506	0.00660	0.00707	0.00786	0.00467	0.00498	0.00863	0.01249	0.01712	0.35278	0.44334	0.07410	0.01415	0.00660	0.00195	0.00285	0.01269	0.00538	0.00467
124	0.01252	0.01197	0.02040	0.22027	0.59657	0.01255	0.01609	0.01580	0.01186	0.01660	0.00996	0.01354	0.00817	0.00493	0.00533	0.00164	0.00657	0.00478	0.00259	0.00788
125	0.84927	0.01038	0.00789	0.00706	0.01038	0.01204	0.00581	0.01578	0.00914	0.02408	0.00747	0.00872	0.00581	0.00498	0.00332	0.00166	0.00415	0.00291	0.00332	0.00581
126	0.01352	0.01162	0.01223	0.01096	0.01402	0.01343	0.00854	0.04613	0.75029	0.02273	0.02163	0.01986	0.01621	0.00726	0.00546	0.00182	0.00429	0.00604	0.00546	0.00851
127	0.01452	0.00737	0.00865	0.00737	0.00977	0.00714	0.00583	0.10335	0.01463	0.22577	0.13630	0.02270	0.03995	0.00732	0.00485	0.00149	0.00347	0.00599	0.36694	0.00659
128	0.01014	0.00954	0.01610	0.79845	0.03697	0.01193	0.01491	0.01371	0.01073	0.01371	0.00954	0.01431	0.00716	0.00537	0.00537	0.00179	0.00716	0.00477	0.00239	0.00596
129	0.01177	0.02047	0.45020	0.01274	0.01908	0.01147	0.01450	0.06522	0.09664	0.01882	0.01118	0.01235	0.00831	0.00514	0.00487	0.00148	0.00638	0.00406	0.00306	0.22227
130	0.00991	0.13157	0.33916	0.01073	0.01530	0.01053	0.01192	0.01390	0.01294	0.01833	0.34006	0.02337	0.02576	0.00757	0.00539	0.00162	0.00528	0.00629	0.00384	0.00654
131	0.00694	0.00502	0.00656	0.00711	0.00785	0.00464	0.00498	0.00852	0.01228	0.01679	0.32153	0.47657	0.07241	0.01440	0.00663	0.00197	0.00287	0.01293	0.00534	0.00464
132	0.01894	0.01656	0.01474	0.01222	0.01583	0.21337	0.00971	0.35612	0.19210	0.07406	0.01430	0.01405	0.01049	0.00642	0.00526	0.00160	0.00641	0.00480	0.00481	0.00824
133	0.00687	0.00500	0.00648	0.00708	0.00782	0.00461	0.00494	0.00837	0.01205	0.01635	0.27783	0.49774	0.09566	0.01465	0.00664	0.00199	0.00289	0.01313	0.00529	0.00461
134	0.01329	0.01275	0.02179	0.03295	0.77787	0.01275	0.01647	0.01647	0.01222	0.01754	0.01010	0.01329	0.00850	0.00478	0.00531	0.00159	0.00638	0.00478	0.00266	0.00850
135	0.01160	0.00982	0.01138	0.00817	0.01292	0.00763	0.00655	0.05106	0.01184	0.01831	0.00971	0.01122	0.00801	0.00410	0.00405	0.00084	0.00407	0.00326	0.00329	0.80216
136	0.00714	0.00547	0.00654	0.00627	0.00774	0.00487	0.00470	0.00924	0.01411	0.01894	0.51002	0.04435	0.31728	0.01194	0.00634	0.00173	0.00260	0.01030	0.00557	0.00487
137	0.01807	0.01388	0.01480	0.01188	0.01576	0.01556	0.00964	0.51820	0.27080	0.03007	0.01585	0.01525	0.01153	0.00672	0.00540	0.00168	0.00536	0.00524	0.00540	0.00892
138	0.00655	0.00473	0.00618	0.00733	0.00772	0.00438	0.00490	0.00749	0.01035	0.01369	0.03081	0.75019	0.07831	0.03065	0.00718	0.00221	0.00313	0.01490	0.00495	0.00435
139	0.01179	0.01134	0.01112	0.01146	0.08582	0.14602	0.00788	0.03231	0.19193	0.01915	0.27165	0.02847	0.13155	0.00882	0.00575	0.00167	0.00466	0.00740	0.00479	0.00642
140	0.02408	0.00914	0.01246	0.00955	0.01370	0.00789	0.00789	0.02616	0.01536	0.78158	0.02118	0.01827	0.01329	0.00664	0.00540	0.00166	0.00457	0.00540	0.00664	0.00914
141	0.00651	0.00525	0.00580	0.00608	0.00746	0.00454	0.00440	0.00787	0.01201	0.01495	0.11485	0.24428	0.51887	0.01418	0.00647	0.00190	0.00280	0.01219	0.00507	0.00454
142	0.00737	0.00568	0.00686	0.00715	0.00866	0.00518	0.00576	0.00936	0.01297	0.01665	0.21579	0.05175	0.36942	0.01337	0.00668	0.00199	0.00338	0.24201	0.00519	0.00479
143	0.01414	0.01192	0.01258	0.01108	0.01426	0.01372	0.00869	0.11015	0.68526	0.02372	0.02085	0.01923	0.01558	0.00719	0.00545	0.00180	0.00443	0.00593	0.00545	0.00857
144	0.00654	0.00467	0.00623	0.00747	0.00779	0.00436	0.00498	0.00747	0.01028	0.01370	0.02959	0.80785	0.03550	0.01682	0.00685	0.00218	0.00311	0.01526	0.00498	0.00436
145	0.01686	0.00814	0.00954	0.00786	0.01067	0.00795	0.00632	0.13829	0.01503	0.30231	0.01811	0.01822	0.01284	0.00643	0.00462	0.00146	0.00381	0.00512	0.39923	0.00719
146	0.00849	0.00675	0.00848	0.00868	0.00999	0.00690	0.02689	0.01311	0.19074	0.01648	0.06855	0.46567	0.07839	0.01358	0.00648	0.00205	0.00360	0.05458	0.00508	0.00550
147	0.01014	0.00954	0.01610	0.79845	0.03697	0.01193	0.01491	0.01371	0.01073	0.01371	0.00954	0.01431	0.00716	0.00537	0.00537	0.00179	0.00716	0.00477	0.00239	0.00596
148	0.01236	0.00984	0.01149	0.00829	0.01300	0.00775	0.00667	0.05765	0.01218	0.05923	0.01036	0.01161	0.00830	0.00426	0.00413	0.00089	0.00412	0.00339	0.00349	0.75098
149	0.00654	0.00467	0.00623	0.00747	0.00779	0.00436	0.00498	0.00747	0.01028	0.01370	0.02959	0.80785	0.03550	0.01682	0.00685	0.00218	0.00311	0.01526	0.00498	0.00436
150	0.00682	0.00542	0.00612	0.00603	0.00756	0.00472	0.00449	0.00859	0.01323	0.01707	0.32083	0.08608	0.46844	0.01279	0.00637	0.00179	0.00267	0.01093	0.00533	0.00472
151	0.01716	0.46942	0.02266	0.01048	0.01484	0.06851	0.00950	0.24726	0.01588	0.06399	0.00999	0.01057	0.00796	0.00535	0.00424	0.00134	0.00598	0.00366	0.00353	0.00767
152	0.46157	0.01169	0.01120	0.00913	0.01288	0.01291	0.00753	0.25649	0.01523	0.13857	0.01123	0.01146	0.00798	0.00570	0.00429	0.00164	0.00478	0.00389	0.00447	0.00737
153	0.20428	0.25273	0.04871	0.01094	0.01465	0.32443	0.00938	0.05092	0.01287	0.01652	0.00812	0.00936	0.00675	0.00516	0.00412	0.00140	0.00705	0.00324	0.00285	0.00652
