[name]
unknown

[dist]
# distance from previous block
# <min> <max>
17	40

[block]
# block no. 0 follows, 43 sequences, length 15
# corresponding to MSA columns:
# 52-66
name=unknown_A
#
# <colnr> <probs for GDERKNQSTAVLIFYWHMCP>
#	G	D	E	R	K	N	Q	S	T	A	V	L	I	F	Y	W	H	M	C	P
0	0.01810	0.04371	0.05248	0.01020	0.01426	0.01058	0.00869	0.08523	0.18092	0.33843	0.04263	0.02035	0.06504	0.00719	0.00545	0.00166	0.00475	0.00584	0.00562	0.07887
1	0.05240	0.01526	0.23173	0.06518	0.01845	0.01100	0.05689	0.07165	0.03251	0.17380	0.15665	0.01942	0.01746	0.00709	0.00624	0.00178	0.04468	0.00583	0.00438	0.00759
2	0.01310	0.00984	0.07480	0.00944	0.01244	0.00823	0.00791	0.01808	0.16797	0.19092	0.06585	0.23083	0.08545	0.01030	0.00598	0.00184	0.00422	0.00889	0.00531	0.06859
3	0.01507	0.01038	0.01227	0.00986	0.01323	0.01040	0.00785	0.25556	0.01588	0.11043	0.01417	0.01739	0.01155	0.08172	0.18491	0.00343	0.00739	0.00512	0.00437	0.20903
4	0.01776	0.01583	0.07965	0.01228	0.01677	0.05194	0.01060	0.43809	0.15517	0.02831	0.01405	0.01412	0.01031	0.00634	0.00534	0.00160	0.00592	0.00487	0.00489	0.10614
5	0.01857	0.00818	0.01056	0.00865	0.01146	0.00748	0.00660	0.02074	0.05153	0.47686	0.04032	0.02499	0.01691	0.25719	0.01269	0.00287	0.00485	0.00650	0.00568	0.00738
6	0.01233	0.26129	0.02123	0.01299	0.01613	0.07910	0.18243	0.01448	0.01166	0.01453	0.01526	0.24336	0.01609	0.00887	0.00649	0.00177	0.06463	0.00774	0.00333	0.00629
7	0.00943	0.25696	0.01358	0.00807	0.01014	0.01015	0.00662	0.01090	0.01147	0.01437	0.05105	0.34860	0.15063	0.01250	0.00591	0.00186	0.00411	0.06394	0.00430	0.00541
8	0.01437	0.26123	0.01797	0.00948	0.01425	0.01382	0.00824	0.15703	0.01422	0.01972	0.00984	0.01102	0.00809	0.00479	0.00421	0.00110	0.00506	0.00351	0.00343	0.41864
9	0.00964	0.00612	0.00761	0.00761	0.00867	0.00591	0.00531	0.01181	0.06215	0.09194	0.16049	0.29328	0.04706	0.22335	0.01233	0.00290	0.00395	0.02970	0.00505	0.00513
10	0.01111	0.02865	0.77667	0.01579	0.02397	0.01286	0.02046	0.01754	0.01169	0.01754	0.00994	0.01169	0.00702	0.00526	0.00526	0.00175	0.00818	0.00409	0.00234	0.00818
11	0.01956	0.26071	0.01814	0.01019	0.01443	0.01407	0.00884	0.07777	0.14046	0.35495	0.01690	0.01562	0.01186	0.00629	0.00495	0.00157	0.00514	0.00483	0.00515	0.00859
12	0.00937	0.00827	0.01307	0.49337	0.02702	0.00953	0.01158	0.01212	0.01095	0.01441	0.01632	0.26112	0.01660	0.00914	0.00592	0.00190	0.00585	0.00820	0.00336	0.06190
13	0.05055	0.03664	0.01268	0.02677	0.01419	0.37539	0.00851	0.10978	0.01558	0.01718	0.02403	0.02401	0.24595	0.00838	0.00546	0.00161	0.00685	0.00628	0.00392	0.00625
14	0.31168	0.01002	0.01115	0.00897	0.01284	0.00997	0.00738	0.05841	0.01409	0.44312	0.04791	0.01607	0.01242	0.00643	0.00486	0.00171	0.00454	0.00483	0.00555	0.00804

[dist]
# distance from previous block
# <min> <max>
5	8

[block]
# block no. 1 follows, 43 sequences, length 7
# corresponding to MSA columns:
# 75-81
name=unknown_B
#
# <colnr> <probs for GDERKNQSTAVLIFYWHMCP>
#	G	D	E	R	K	N	Q	S	T	A	V	L	I	F	Y	W	H	M	C	P
0	0.01193	0.20175	0.61076	0.01439	0.02181	0.01487	0.01802	0.01733	0.01160	0.01654	0.00944	0.01107	0.00704	0.00515	0.00488	0.00163	0.00768	0.00384	0.00235	0.00795
1	0.01440	0.29051	0.27926	0.01160	0.01740	0.01466	0.01263	0.01859	0.04867	0.11796	0.01137	0.01210	0.00859	0.00525	0.00458	0.00144	0.00622	0.00390	0.00324	0.11762
2	0.00708	0.00518	0.00665	0.00723	0.00805	0.00475	0.00506	0.00862	0.01247	0.01684	0.27148	0.47134	0.12474	0.01503	0.00684	0.00204	0.00297	0.01343	0.00545	0.00475
3	0.00778	0.00704	0.00957	0.00864	0.01041	0.00679	0.07914	0.00941	0.01189	0.01492	0.04215	0.18192	0.48429	0.01328	0.00779	0.00199	0.08206	0.01124	0.00464	0.00506
4	0.01671	0.01198	0.01343	0.01074	0.01444	0.01232	0.00859	0.42515	0.01969	0.07354	0.01661	0.16959	0.01486	0.00832	0.00558	0.00163	0.00507	0.00684	0.00513	0.15979
5	0.39347	0.01221	0.01089	0.00967	0.01299	0.04819	0.00769	0.06277	0.34394	0.02414	0.01464	0.01445	0.01108	0.00630	0.00459	0.00177	0.00469	0.00458	0.00450	0.00743
6	0.01916	0.01439	0.01560	0.01184	0.01637	0.01523	0.00974	0.60599	0.02315	0.03156	0.01261	0.01294	0.00918	0.00614	0.00526	0.00150	0.00570	0.00465	0.00509	0.17390

[dist]
# distance from previous block
# <min> <max>
0	4

[block]
# block no. 2 follows, 43 sequences, length 42
# corresponding to MSA columns:
# 86-127
name=unknown_C
#
# <colnr> <probs for GDERKNQSTAVLIFYWHMCP>
#	G	D	E	R	K	N	Q	S	T	A	V	L	I	F	Y	W	H	M	C	P
0	0.00830	0.00657	0.01033	0.00944	0.01090	0.00695	0.06593	0.01070	0.01139	0.01622	0.25364	0.02744	0.02561	0.02899	0.47456	0.00606	0.01051	0.00728	0.00395	0.00524
1	0.00740	0.00533	0.00701	0.00726	0.00818	0.00494	0.00519	0.00936	0.01366	0.01900	0.47475	0.34366	0.04604	0.01372	0.00675	0.00194	0.00285	0.01229	0.00572	0.00494
2	0.00675	0.00482	0.00643	0.00771	0.00803	0.00450	0.00514	0.00771	0.01060	0.01414	0.03053	0.80175	0.03663	0.01735	0.00707	0.00225	0.00321	0.01574	0.00514	0.00450
3	0.01148	0.00984	0.01148	0.00820	0.01312	0.00738	0.00656	0.01395	0.01148	0.01805	0.00984	0.01148	0.00820	0.00410	0.00410	0.00082	0.00410	0.00328	0.00328	0.83922
4	0.02083	0.02207	0.01606	0.01366	0.01714	0.47862	0.01063	0.31243	0.01981	0.02204	0.01044	0.01130	0.00804	0.00608	0.00521	0.00152	0.00844	0.00413	0.00392	0.00761
5	0.01376	0.33050	0.03123	0.01783	0.02309	0.01715	0.45602	0.01728	0.01235	0.01587	0.00981	0.01253	0.00789	0.00470	0.00535	0.00160	0.00798	0.00511	0.00263	0.00733
6	0.00706	0.00563	0.00632	0.00615	0.00780	0.00489	0.00461	0.00894	0.01384	0.01784	0.33908	0.04856	0.48379	0.01295	0.00654	0.00182	0.00273	0.01102	0.00552	0.00489
7	0.00805	0.00537	0.00604	0.00604	0.00604	0.00537	0.00336	0.00805	0.00805	0.01074	0.01745	0.03624	0.02013	0.80536	0.02819	0.00537	0.00537	0.00805	0.00336	0.00336
8	0.02069	0.02640	0.01569	0.01427	0.01712	0.78313	0.01070	0.02212	0.01569	0.01355	0.00856	0.00999	0.00713	0.00571	0.00499	0.00143	0.00999	0.00357	0.00285	0.00642
9	0.01406	0.57088	0.22677	0.01134	0.01692	0.04963	0.01244	0.01706	0.01155	0.01425	0.00833	0.00967	0.00708	0.00492	0.00406	0.00135	0.00668	0.00329	0.00238	0.00737
10	0.84448	0.01071	0.00814	0.00728	0.01071	0.01242	0.00600	0.01628	0.00943	0.02485	0.00771	0.00900	0.00600	0.00514	0.00343	0.00171	0.00428	0.00300	0.00343	0.00600
11	0.01371	0.01316	0.02248	0.03399	0.77081	0.01316	0.01700	0.01700	0.01261	0.01809	0.01042	0.01371	0.00877	0.00493	0.00548	0.00164	0.00658	0.00493	0.00274	0.00877
12	0.01197	0.00983	0.01153	0.00826	0.01316	0.00741	0.00662	0.01442	0.01164	0.04575	0.01028	0.01175	0.00840	0.00420	0.00416	0.00085	0.00412	0.00337	0.00341	0.80883
13	0.00797	0.00571	0.00776	0.00776	0.00836	0.00631	0.00550	0.00916	0.00856	0.01201	0.01587	0.02752	0.01635	0.34520	0.48317	0.00750	0.01107	0.00678	0.00312	0.00431
14	0.00763	0.00562	0.00809	0.00841	0.00917	0.00621	0.00624	0.00922	0.00927	0.01303	0.01893	0.21760	0.01996	0.08718	0.53836	0.00700	0.01129	0.00853	0.00354	0.00473
15	0.01672	0.00797	0.01055	0.00854	0.01170	0.00690	0.00682	0.01908	0.01534	0.39814	0.31722	0.02705	0.02847	0.00835	0.00580	0.00163	0.00382	0.00710	0.00619	0.09261
16	0.03537	0.16359	0.17945	0.27423	0.02486	0.01516	0.01389	0.17483	0.01454	0.03884	0.01046	0.01266	0.00782	0.00559	0.00506	0.00166	0.00686	0.00436	0.00322	0.00754
17	0.01216	0.01230	0.02279	0.33135	0.22972	0.01325	0.22604	0.01590	0.01193	0.01619	0.01026	0.01440	0.00804	0.00533	0.00644	0.00183	0.04684	0.00538	0.00263	0.00722
18	0.01481	0.80869	0.02902	0.00948	0.01421	0.02191	0.00948	0.01658	0.01125	0.01303	0.00770	0.00888	0.00711	0.00474	0.00355	0.00118	0.00592	0.00296	0.00237	0.00711
19	0.01148	0.00984	0.01148	0.00820	0.01312	0.00738	0.00656	0.01395	0.01148	0.01805	0.00984	0.01148	0.00820	0.00410	0.00410	0.00082	0.00410	0.00328	0.00328	0.83922
20	0.01274	0.00956	0.01058	0.00889	0.01160	0.00983	0.00705	0.30471	0.01896	0.02528	0.27337	0.03347	0.23099	0.01020	0.00614	0.00175	0.00405	0.00847	0.00561	0.00674
21	0.01816	0.01408	0.01499	0.01216	0.01607	0.01582	0.00983	0.46495	0.31815	0.03024	0.01697	0.01623	0.01240	0.00699	0.00558	0.00175	0.00541	0.00549	0.00558	0.00916
22	0.84448	0.01071	0.00814	0.00728	0.01071	0.01242	0.00600	0.01628	0.00943	0.02485	0.00771	0.00900	0.00600	0.00514	0.00343	0.00171	0.00428	0.00300	0.00343	0.00600
23	0.01775	0.01275	0.02480	0.01798	0.02306	0.01167	0.45549	0.02142	0.01418	0.31866	0.01544	0.01649	0.01051	0.00554	0.00615	0.00181	0.00750	0.00615	0.00441	0.00825
24	0.00667	0.00513	0.00610	0.00688	0.00781	0.00457	0.00477	0.00781	0.01141	0.01447	0.04069	0.50420	0.32762	0.01603	0.00686	0.00210	0.00305	0.01413	0.00514	0.00457
25	0.01481	0.80869	0.02902	0.00948	0.01421	0.02191	0.00948	0.01658	0.01125	0.01303	0.00770	0.00888	0.00711	0.00474	0.00355	0.00118	0.00592	0.00296	0.00237	0.00711
26	0.00805	0.00537	0.00604	0.00604	0.00604	0.00537	0.00336	0.00805	0.00805	0.01074	0.01745	0.03624	0.02013	0.80536	0.02819	0.00537	0.00537	0.00805	0.00336	0.00336
27	0.01742	0.01666	0.01457	0.01248	0.01552	0.26404	0.03428	0.31354	0.03411	0.02263	0.01560	0.18288	0.01468	0.00861	0.00573	0.00172	0.00681	0.00693	0.00449	0.00730
28	0.01819	0.01015	0.01392	0.01140	0.01373	0.01136	0.00942	0.01996	0.01279	0.40346	0.05554	0.01869	0.04299	0.00850	0.01067	0.00200	0.31880	0.00575	0.00499	0.00768
29	0.01371	0.01316	0.02248	0.03399	0.77081	0.01316	0.01700	0.01700	0.01261	0.01809	0.01042	0.01371	0.00877	0.00493	0.00548	0.00164	0.00658	0.00493	0.00274	0.00877
30	0.01371	0.01316	0.02248	0.03399	0.77081	0.01316	0.01700	0.01700	0.01261	0.01809	0.01042	0.01371	0.00877	0.00493	0.00548	0.00164	0.00658	0.00493	0.00274	0.00877
31	0.01256	0.01099	0.01299	0.01029	0.01446	0.01049	0.04446	0.02086	0.33690	0.02025	0.01542	0.01564	0.01199	0.00561	0.00489	0.00133	0.00448	0.00474	0.00428	0.43736
32	0.28372	0.00953	0.01092	0.00881	0.01258	0.00927	0.00723	0.02227	0.01380	0.47635	0.07709	0.01752	0.01435	0.00667	0.00497	0.00172	0.00441	0.00511	0.00571	0.00800
33	0.48682	0.01712	0.01145	0.01026	0.01350	0.31900	0.00803	0.04555	0.01253	0.02073	0.00825	0.00955	0.00657	0.00542	0.00413	0.00160	0.00662	0.00330	0.00328	0.00629
34	0.00914	0.00932	0.01637	0.01266	0.01601	0.00838	0.30098	0.01184	0.01280	0.01607	0.03825	0.03805	0.46636	0.01031	0.00654	0.00187	0.00540	0.00964	0.00421	0.00579
35	0.00996	0.04682	0.25617	0.01373	0.01836	0.01022	0.19483	0.01370	0.01204	0.01624	0.02407	0.15900	0.18292	0.00916	0.00611	0.00187	0.00631	0.00838	0.00357	0.00654
36	0.01300	0.21457	0.06476	0.00961	0.01443	0.01270	0.00865	0.04622	0.11647	0.01812	0.01121	0.01219	0.00911	0.00491	0.00431	0.00115	0.00494	0.00373	0.00341	0.42650
37	0.01200	0.01524	0.26740	0.01161	0.01571	0.01020	0.01158	0.05528	0.16777	0.08536	0.02031	0.26511	0.01918	0.00978	0.00595	0.00193	0.00540	0.00842	0.00447	0.00731
38	0.19584	0.07293	0.01161	0.00840	0.01184	0.00962	0.00692	0.04267	0.01389	0.27706	0.16525	0.02196	0.06901	0.00748	0.00510	0.00163	0.00418	0.00591	0.00520	0.06350
39	0.01835	0.33740	0.02099	0.01236	0.01597	0.48050	0.01021	0.01992	0.01393	0.01335	0.00822	0.00955	0.00712	0.00532	0.00442	0.00133	0.00837	0.00333	0.00266	0.00669
40	0.09003	0.02149	0.47276	0.07581	0.02153	0.01235	0.01592	0.08663	0.01312	0.06952	0.01378	0.01497	0.05628	0.00607	0.00524	0.00175	0.00699	0.00472	0.00323	0.00779
41	0.07668	0.00845	0.01225	0.01557	0.25057	0.00832	0.00902	0.01300	0.01420	0.02111	0.46654	0.03000	0.03475	0.00880	0.00595	0.00171	0.00401	0.00784	0.00482	0.00641

[dist]
# distance from previous block
# <min> <max>
0	25

[block]
# block no. 3 follows, 43 sequences, length 11
# corresponding to MSA columns:
# 153-156,160-163,167-169
name=unknown_D
#
# <colnr> <probs for GDERKNQSTAVLIFYWHMCP>
#	G	D	E	R	K	N	Q	S	T	A	V	L	I	F	Y	W	H	M	C	P
0	0.00742	0.00549	0.00727	0.00750	0.00844	0.00547	0.00545	0.00909	0.01145	0.01565	0.21222	0.23804	0.12380	0.07568	0.23642	0.00424	0.00657	0.01041	0.00462	0.00476
1	0.01430	0.36745	0.01917	0.01000	0.01323	0.21675	0.00855	0.01623	0.01372	0.01586	0.23131	0.01872	0.02038	0.00693	0.00481	0.00141	0.00602	0.00519	0.00359	0.00637
2	0.01537	0.01214	0.01357	0.01004	0.01477	0.01136	0.00817	0.31351	0.01739	0.02489	0.01124	0.01222	0.00870	0.00513	0.00469	0.00116	0.00491	0.00397	0.00420	0.50257
3	0.01648	0.23664	0.06690	0.01765	0.19209	0.31379	0.01249	0.01873	0.01319	0.01470	0.00878	0.01075	0.00751	0.00542	0.00534	0.00148	0.04437	0.00381	0.00264	0.00725
4	0.01187	0.02410	0.55505	0.02114	0.24343	0.01295	0.01944	0.01738	0.01196	0.01770	0.01008	0.01228	0.00753	0.00517	0.00533	0.00172	0.00771	0.00434	0.00246	0.00836
5	0.01371	0.01316	0.02248	0.03399	0.77081	0.01316	0.01700	0.01700	0.01261	0.01809	0.01042	0.01371	0.00877	0.00493	0.00548	0.00164	0.00658	0.00493	0.00274	0.00877
6	0.01039	0.24209	0.01348	0.00746	0.01025	0.01044	0.00634	0.01286	0.04955	0.05058	0.16877	0.03491	0.34286	0.01016	0.00558	0.00164	0.00385	0.00828	0.00460	0.00591
7	0.00761	0.00565	0.00708	0.00672	0.00813	0.00513	0.00504	0.01000	0.01513	0.02091	0.64031	0.04351	0.18065	0.01181	0.00653	0.00176	0.00265	0.01032	0.00593	0.00513
8	0.00687	0.00527	0.00625	0.00696	0.00795	0.00474	0.00494	0.00808	0.01145	0.01448	0.04016	0.41548	0.33049	0.05174	0.00786	0.00226	0.00327	0.06216	0.00506	0.00456
9	0.01558	0.01297	0.01274	0.01066	0.01390	0.08416	0.00847	0.33638	0.15314	0.02567	0.09729	0.02489	0.16298	0.00862	0.00580	0.00173	0.00516	0.00689	0.00528	0.00768
10	0.26759	0.01285	0.01402	0.01152	0.01434	0.01535	0.00954	0.28669	0.01549	0.05193	0.01014	0.01185	0.00791	0.00709	0.00862	0.00190	0.23739	0.00437	0.00403	0.00740

[dist]
# distance from previous block
# <min> <max>
0	1

[block]
# block no. 4 follows, 43 sequences, length 21
# corresponding to MSA columns:
# 171-191
name=unknown_E
#
# <colnr> <probs for GDERKNQSTAVLIFYWHMCP>
#	G	D	E	R	K	N	Q	S	T	A	V	L	I	F	Y	W	H	M	C	P
0	0.02067	0.01684	0.01631	0.01280	0.01703	0.12397	0.01041	0.62444	0.02408	0.03133	0.01251	0.01277	0.00906	0.00643	0.00541	0.00160	0.00657	0.00473	0.00509	0.03796
1	0.01869	0.01322	0.01446	0.01175	0.01565	0.01456	0.00949	0.36312	0.31709	0.13371	0.01817	0.01701	0.01300	0.00702	0.00558	0.00176	0.00522	0.00558	0.00576	0.00916
2	0.01148	0.00984	0.01148	0.00820	0.01312	0.00738	0.00656	0.01395	0.01148	0.01805	0.00984	0.01148	0.00820	0.00410	0.00410	0.00082	0.00410	0.00328	0.00328	0.83922
3	0.02069	0.02640	0.01569	0.01427	0.01712	0.78313	0.01070	0.02212	0.01569	0.01355	0.00856	0.00999	0.00713	0.00571	0.00499	0.00143	0.00999	0.00357	0.00285	0.00642
4	0.00703	0.00553	0.00575	0.00575	0.00702	0.00490	0.00394	0.00798	0.01117	0.01361	0.04377	0.04786	0.52969	0.26659	0.01345	0.00299	0.00362	0.01053	0.00457	0.00425
5	0.01212	0.01212	0.01696	0.01454	0.01454	0.01696	0.01212	0.01333	0.00848	0.01333	0.00727	0.01212	0.00727	0.00969	0.01818	0.00242	0.79523	0.00485	0.00242	0.00606
6	0.01481	0.80869	0.02902	0.00948	0.01421	0.02191	0.00948	0.01658	0.01125	0.01303	0.00770	0.00888	0.00711	0.00474	0.00355	0.00118	0.00592	0.00296	0.00237	0.00711
7	0.00803	0.00546	0.00651	0.00651	0.00667	0.00562	0.00394	0.00835	0.00819	0.01108	0.01702	0.03389	0.01911	0.68112	0.15103	0.00594	0.00691	0.00771	0.00329	0.00361
8	0.00675	0.00482	0.00643	0.00771	0.00803	0.00450	0.00514	0.00771	0.01060	0.01414	0.03053	0.80175	0.03663	0.01735	0.00707	0.00225	0.00321	0.01574	0.00514	0.00450
9	0.02069	0.02640	0.01569	0.01427	0.01712	0.78313	0.01070	0.02212	0.01569	0.01355	0.00856	0.00999	0.00713	0.00571	0.00499	0.00143	0.00999	0.00357	0.00285	0.00642
10	0.00675	0.00482	0.00643	0.00771	0.00803	0.00450	0.00514	0.00771	0.01060	0.01414	0.03053	0.80175	0.03663	0.01735	0.00707	0.00225	0.00321	0.01574	0.00514	0.00450
11	0.01148	0.00984	0.01148	0.00820	0.01312	0.00738	0.00656	0.01395	0.01148	0.01805	0.00984	0.01148	0.00820	0.00410	0.00410	0.00082	0.00410	0.00328	0.00328	0.83922
12	0.00971	0.00805	0.01222	0.01559	0.25165	0.00776	0.00898	0.01254	0.01470	0.02090	0.52613	0.03254	0.03838	0.00928	0.00620	0.00171	0.00388	0.00839	0.00503	0.00636
13	0.01218	0.01099	0.01815	0.02640	0.52846	0.01099	0.01442	0.01523	0.01265	0.01761	0.01645	0.02927	0.01615	0.00824	0.00617	0.00193	0.00611	0.23748	0.00349	0.00760
14	0.00791	0.00593	0.00890	0.00890	0.00989	0.00692	0.00692	0.00989	0.00890	0.01286	0.01483	0.02176	0.01385	0.04154	0.78341	0.00890	0.01483	0.00593	0.00297	0.00494
15	0.02105	0.01551	0.01662	0.01274	0.01717	0.01717	0.01053	0.75235	0.02604	0.03490	0.01330	0.01330	0.00942	0.00665	0.00554	0.00166	0.00609	0.00499	0.00554	0.00942
16	0.01775	0.01358	0.01484	0.01124	0.01579	0.01393	0.00920	0.49152	0.04696	0.02912	0.01252	0.01297	0.00929	0.00587	0.00508	0.00140	0.00540	0.00449	0.00482	0.27424
17	0.01788	0.01970	0.25920	0.01371	0.01934	0.01580	0.01370	0.51782	0.02146	0.02936	0.01223	0.01278	0.00865	0.00621	0.00545	0.00169	0.00676	0.00470	0.00452	0.00902
18	0.01594	0.01738	0.02031	0.02770	0.53026	0.25891	0.01499	0.01863	0.01359	0.01664	0.00982	0.01252	0.00825	0.00518	0.00533	0.00158	0.00767	0.00450	0.00278	0.00802
19	0.00805	0.00537	0.00604	0.00604	0.00604	0.00537	0.00336	0.00805	0.00805	0.01074	0.01745	0.03624	0.02013	0.80536	0.02819	0.00537	0.00537	0.00805	0.00336	0.00336
20	0.00784	0.00566	0.00740	0.00697	0.00827	0.00523	0.00523	0.01045	0.01568	0.02221	0.76789	0.04137	0.05226	0.01132	0.00653	0.00174	0.00261	0.01002	0.00610	0.00523

[dist]
# distance from previous block
# <min> <max>
0	2

[block]
# block no. 5 follows, 43 sequences, length 15
# corresponding to MSA columns:
# 194-208
name=unknown_F
#
# <colnr> <probs for GDERKNQSTAVLIFYWHMCP>
#	G	D	E	R	K	N	Q	S	T	A	V	L	I	F	Y	W	H	M	C	P
0	0.01171	0.00853	0.00996	0.00946	0.01120	0.00889	0.00701	0.26589	0.01596	0.02134	0.02455	0.52838	0.02720	0.01364	0.00654	0.00205	0.00421	0.01201	0.00528	0.00620
1	0.00739	0.00564	0.00678	0.00650	0.00800	0.00503	0.00487	0.00958	0.01462	0.01970	0.52111	0.04551	0.30061	0.01226	0.00654	0.00179	0.00268	0.01060	0.00577	0.00503
2	0.02105	0.01551	0.01662	0.01274	0.01717	0.01717	0.01053	0.75235	0.02604	0.03490	0.01330	0.01330	0.00942	0.00665	0.00554	0.00166	0.00609	0.00499	0.00554	0.00942
3	0.02105	0.01551	0.01662	0.01274	0.01717	0.01717	0.01053	0.75235	0.02604	0.03490	0.01330	0.01330	0.00942	0.00665	0.00554	0.00166	0.00609	0.00499	0.00554	0.00942
4	0.02105	0.01551	0.01662	0.01274	0.01717	0.01717	0.01053	0.75235	0.02604	0.03490	0.01330	0.01330	0.00942	0.00665	0.00554	0.00166	0.00609	0.00499	0.00554	0.00942
5	0.00791	0.00593	0.00890	0.00890	0.00989	0.00692	0.00692	0.00989	0.00890	0.01286	0.01483	0.02176	0.01385	0.04154	0.78341	0.00890	0.01483	0.00593	0.00297	0.00494
6	0.02463	0.00978	0.01307	0.01002	0.01432	0.00867	0.00828	0.06958	0.01645	0.73121	0.02135	0.01852	0.01346	0.00684	0.00557	0.00171	0.00479	0.00554	0.00678	0.00942
7	0.02069	0.02640	0.01569	0.01427	0.01712	0.78313	0.01070	0.02212	0.01569	0.01355	0.00856	0.00999	0.00713	0.00571	0.00499	0.00143	0.00999	0.00357	0.00285	0.00642
8	0.00675	0.00482	0.00643	0.00771	0.00803	0.00450	0.00514	0.00771	0.01060	0.01414	0.03053	0.80175	0.03663	0.01735	0.00707	0.00225	0.00321	0.01574	0.00514	0.00450
9	0.01371	0.01316	0.02248	0.03399	0.77081	0.01316	0.01700	0.01700	0.01261	0.01809	0.01042	0.01371	0.00877	0.00493	0.00548	0.00164	0.00658	0.00493	0.00274	0.00877
10	0.00791	0.00593	0.00890	0.00890	0.00989	0.00692	0.00692	0.00989	0.00890	0.01286	0.01483	0.02176	0.01385	0.04154	0.78341	0.00890	0.01483	0.00593	0.00297	0.00494
11	0.01307	0.01494	0.03268	0.02334	0.02894	0.01401	0.75070	0.01774	0.01307	0.01774	0.01120	0.01494	0.00840	0.00467	0.00654	0.00187	0.00934	0.00654	0.00280	0.00747
12	0.84448	0.01071	0.00814	0.00728	0.01071	0.01242	0.00600	0.01628	0.00943	0.02485	0.00771	0.00900	0.00600	0.00514	0.00343	0.00171	0.00428	0.00300	0.00343	0.00600
13	0.01602	0.01208	0.01280	0.01027	0.01381	0.01284	0.00834	0.49425	0.02139	0.02799	0.02814	0.02717	0.27263	0.00921	0.00589	0.00173	0.00495	0.00731	0.00540	0.00777
14	0.02069	0.02640	0.01569	0.01427	0.01712	0.78313	0.01070	0.02212	0.01569	0.01355	0.00856	0.00999	0.00713	0.00571	0.00499	0.00143	0.00999	0.00357	0.00285	0.00642

[dist]
# distance from previous block
# <min> <max>
31	42

[block]
# block no. 6 follows, 43 sequences, length 7
# corresponding to MSA columns:
# 252-258
name=unknown_G
#
# <colnr> <probs for GDERKNQSTAVLIFYWHMCP>
#	G	D	E	R	K	N	Q	S	T	A	V	L	I	F	Y	W	H	M	C	P
0	0.01532	0.01155	0.01257	0.01107	0.01436	0.01299	0.00868	0.02909	0.65680	0.12809	0.02244	0.02041	0.01646	0.00742	0.00563	0.00186	0.00443	0.00616	0.00581	0.00886
1	0.11164	0.01319	0.10057	0.01185	0.01596	0.01182	0.05113	0.19367	0.08173	0.18747	0.01762	0.02314	0.01420	0.00784	0.00570	0.00187	0.00568	0.13193	0.00500	0.00797
2	0.12394	0.01045	0.01098	0.00926	0.01272	0.01082	0.00735	0.09713	0.26685	0.08132	0.02351	0.02257	0.14854	0.00767	0.00524	0.00164	0.00424	0.00613	0.00495	0.14467
3	0.15165	0.01246	0.01495	0.06765	0.19483	0.06073	0.01074	0.12783	0.07529	0.15371	0.06502	0.01607	0.01271	0.00629	0.00523	0.00170	0.00563	0.00511	0.00443	0.00797
4	0.01029	0.00749	0.00982	0.00920	0.01085	0.00801	0.00708	0.06730	0.05314	0.05526	0.06828	0.19992	0.02069	0.02328	0.31516	0.00467	0.04901	0.00813	0.00421	0.06820
5	0.01302	0.01066	0.01172	0.01042	0.01240	0.05112	0.00806	0.17734	0.15612	0.01950	0.01637	0.02363	0.01490	0.18213	0.15624	0.00393	0.07430	0.04743	0.00419	0.00650
6	0.06131	0.10488	0.01382	0.00972	0.01298	0.06047	0.00787	0.21017	0.01511	0.02095	0.06852	0.01734	0.01338	0.08000	0.12456	0.00286	0.00685	0.00502	0.00393	0.16027

[dist]
# distance from previous block
# <min> <max>
24	69

[block]
# block no. 7 follows, 43 sequences, length 6
# corresponding to MSA columns:
# 345-350
name=unknown_H
#
# <colnr> <probs for GDERKNQSTAVLIFYWHMCP>
#	G	D	E	R	K	N	Q	S	T	A	V	L	I	F	Y	W	H	M	C	P
0	0.01417	0.01086	0.01265	0.08379	0.01617	0.01140	0.00875	0.05078	0.38667	0.10204	0.04950	0.01849	0.01496	0.00663	0.00532	0.00161	0.00463	0.00552	0.00497	0.19109
1	0.01450	0.01187	0.01687	0.01304	0.01684	0.01207	0.16781	0.19245	0.12044	0.06844	0.11410	0.02065	0.05883	0.00722	0.00635	0.00170	0.04098	0.00636	0.00469	0.10479
2	0.01607	0.01366	0.01302	0.01093	0.01441	0.14250	0.00853	0.17682	0.17363	0.08190	0.01650	0.10966	0.01399	0.00746	0.00536	0.00157	0.00553	0.00601	0.00470	0.17775
3	0.01885	0.01296	0.01440	0.01139	0.01542	0.01381	0.00926	0.40786	0.16801	0.14476	0.05410	0.01689	0.01362	0.00690	0.00551	0.00166	0.00523	0.00546	0.00563	0.06827
4	0.01586	0.01168	0.01665	0.01278	0.01700	0.01139	0.15920	0.10983	0.18671	0.16918	0.06594	0.01793	0.01438	0.00632	0.00557	0.00161	0.00549	0.00573	0.00488	0.16186
5	0.09048	0.01129	0.01809	0.12910	0.47483	0.01194	0.01408	0.01537	0.01149	0.01733	0.01082	0.01474	0.00917	0.01110	0.13420	0.00288	0.00784	0.00492	0.00281	0.00753

[dist]
# distance from previous block
# <min> <max>
3	19

[block]
# block no. 8 follows, 43 sequences, length 15
# corresponding to MSA columns:
# 370-384
name=unknown_I
#
# <colnr> <probs for GDERKNQSTAVLIFYWHMCP>
#	G	D	E	R	K	N	Q	S	T	A	V	L	I	F	Y	W	H	M	C	P
0	0.03945	0.01074	0.01432	0.01527	0.19530	0.01025	0.02476	0.05307	0.12781	0.09390	0.06881	0.01913	0.06490	0.00643	0.00524	0.00149	0.00482	0.00553	0.00428	0.23448
1	0.01325	0.01079	0.01775	0.01354	0.01743	0.01026	0.23421	0.09185	0.01345	0.09563	0.03575	0.01775	0.02880	0.01425	0.19262	0.00331	0.00848	0.00571	0.00378	0.17138
2	0.04910	0.01099	0.09082	0.01091	0.01481	0.00827	0.10964	0.01380	0.01177	0.05446	0.04479	0.22184	0.01745	0.00825	0.00547	0.00156	0.00498	0.00745	0.00390	0.30973
3	0.01281	0.01375	0.19523	0.01052	0.01520	0.00906	0.02629	0.04985	0.03781	0.12122	0.07429	0.05442	0.06537	0.03642	0.00612	0.00164	0.00519	0.00585	0.00414	0.25482
4	0.01267	0.01125	0.01619	0.30081	0.20024	0.01276	0.01286	0.06951	0.21005	0.01866	0.01408	0.01743	0.01123	0.06032	0.00709	0.00203	0.00618	0.00550	0.00364	0.00749
5	0.01549	0.14035	0.01585	0.01106	0.01460	0.01547	0.00902	0.21407	0.40489	0.02386	0.01745	0.01778	0.01358	0.05408	0.00661	0.00192	0.00513	0.00551	0.00495	0.00835
6	0.01669	0.01743	0.19802	0.01280	0.01773	0.01473	0.01224	0.43717	0.09876	0.02779	0.01608	0.04548	0.04545	0.00715	0.00559	0.00174	0.00616	0.00562	0.00475	0.00865
7	0.01480	0.01315	0.01768	0.01477	0.04351	0.01435	0.16253	0.14263	0.46309	0.02376	0.01831	0.01806	0.01367	0.00670	0.00580	0.00183	0.00576	0.00607	0.00494	0.00860
8	0.01378	0.01190	0.01252	0.01127	0.01440	0.01378	0.00877	0.02943	0.76081	0.02317	0.02254	0.02066	0.01691	0.00751	0.00564	0.00188	0.00438	0.00626	0.00564	0.00877
9	0.01046	0.00984	0.01661	0.79205	0.03814	0.01230	0.01538	0.01415	0.01107	0.01415	0.00984	0.01477	0.00738	0.00554	0.00554	0.00185	0.00738	0.00492	0.00246	0.00615
10	0.01325	0.01269	0.02165	0.14088	0.66750	0.01304	0.01677	0.01660	0.01239	0.01754	0.01034	0.01386	0.00858	0.00502	0.00549	0.00167	0.00669	0.00493	0.00270	0.00840
11	0.01371	0.01316	0.02248	0.03399	0.77081	0.01316	0.01700	0.01700	0.01261	0.01809	0.01042	0.01371	0.00877	0.00493	0.00548	0.00164	0.00658	0.00493	0.00274	0.00877
12	0.00805	0.00537	0.00604	0.00604	0.00604	0.00537	0.00336	0.00805	0.00805	0.01074	0.01745	0.03624	0.02013	0.80536	0.02819	0.00537	0.00537	0.00805	0.00336	0.00336
13	0.00750	0.00559	0.00650	0.00639	0.00754	0.00512	0.00453	0.00902	0.01256	0.01658	0.30644	0.04482	0.28415	0.21883	0.01221	0.00276	0.00348	0.03639	0.00503	0.00455
14	0.01035	0.00864	0.01027	0.00808	0.01190	0.00669	0.00622	0.01245	0.01127	0.01711	0.01482	0.20147	0.01504	0.00729	0.00481	0.00116	0.00389	0.00628	0.00373	0.63854

[dist]
# distance from previous block
# <min> <max>
0	1

[block]
# block no. 9 follows, 43 sequences, length 8
# corresponding to MSA columns:
# 386-393
name=unknown_J
#
# <colnr> <probs for GDERKNQSTAVLIFYWHMCP>
#	G	D	E	R	K	N	Q	S	T	A	V	L	I	F	Y	W	H	M	C	P
0	0.01670	0.01206	0.01289	0.01078	0.01422	0.03667	0.00859	0.23754	0.29477	0.13664	0.06472	0.02234	0.09125	0.00797	0.00572	0.00177	0.00485	0.00646	0.00568	0.00837
1	0.01340	0.01256	0.01976	0.10509	0.53528	0.01321	0.01507	0.01938	0.17281	0.01879	0.01296	0.01530	0.01038	0.00555	0.00552	0.00172	0.00619	0.00522	0.00333	0.00851
2	0.01222	0.01137	0.01904	0.02836	0.60734	0.01130	0.01446	0.01501	0.01218	0.01725	0.01473	0.18260	0.01474	0.00760	0.00582	0.00177	0.00586	0.00725	0.00326	0.00786
3	0.01327	0.00947	0.01610	0.01286	0.01586	0.00951	0.18572	0.01591	0.01154	0.17767	0.01468	0.01824	0.01174	0.02086	0.33261	0.00475	0.05727	0.00576	0.00375	0.06243
4	0.01450	0.01262	0.01227	0.01079	0.01357	0.11559	0.00834	0.22933	0.16360	0.02200	0.01952	0.18513	0.04239	0.01157	0.06116	0.00227	0.00606	0.00754	0.00478	0.05695
5	0.01171	0.00914	0.01045	0.00842	0.01214	0.00797	0.00659	0.01632	0.15104	0.07209	0.02220	0.07463	0.13925	0.00749	0.00510	0.00135	0.00392	0.00625	0.00441	0.42949
6	0.19261	0.01144	0.01495	0.01216	0.01572	0.01236	0.13521	0.08638	0.23271	0.09442	0.01548	0.01650	0.01172	0.01098	0.11044	0.00276	0.00681	0.00538	0.00442	0.00756
7	0.01343	0.01077	0.01193	0.00991	0.01329	0.01108	0.00781	0.18323	0.25583	0.02381	0.13122	0.05660	0.04437	0.00778	0.00550	0.00159	0.00433	0.00648	0.00511	0.19590

[dist]
# distance from previous block
# <min> <max>
17	34

[block]
# block no. 10 follows, 43 sequences, length 7
# corresponding to MSA columns:
# 433-439
name=unknown_K
#
# <colnr> <probs for GDERKNQSTAVLIFYWHMCP>
#	G	D	E	R	K	N	Q	S	T	A	V	L	I	F	Y	W	H	M	C	P
0	0.01381	0.20408	0.05315	0.01056	0.01401	0.01411	0.00920	0.08717	0.26048	0.06048	0.01567	0.01686	0.01249	0.01452	0.18577	0.00331	0.00754	0.00513	0.00412	0.00755
1	0.01230	0.01057	0.03376	0.00970	0.01215	0.08768	0.00777	0.06666	0.12354	0.06713	0.24647	0.02483	0.02460	0.01606	0.18641	0.00334	0.00708	0.00672	0.00472	0.04852
2	0.07002	0.01342	0.01492	0.01244	0.04413	0.01456	0.00976	0.42181	0.15866	0.15847	0.01603	0.01537	0.01131	0.00669	0.00543	0.00171	0.00545	0.00520	0.00555	0.00907
3	0.01143	0.00996	0.01001	0.00901	0.01117	0.10160	0.00665	0.08737	0.01242	0.01641	0.01727	0.19984	0.01820	0.16151	0.08600	0.00300	0.00614	0.02912	0.00392	0.19897
4	0.01805	0.01354	0.01457	0.01191	0.01576	0.01512	0.00960	0.38714	0.35206	0.07440	0.01792	0.01691	0.01301	0.00705	0.00558	0.00176	0.00525	0.00559	0.00566	0.00913
5	0.12774	0.01092	0.01239	0.10559	0.01622	0.01293	0.00920	0.02233	0.41884	0.02121	0.08725	0.01940	0.01657	0.00752	0.00668	0.00189	0.08536	0.00585	0.00466	0.00746
6	0.01051	0.00991	0.01552	0.29519	0.02242	0.01237	0.06226	0.01271	0.00995	0.01376	0.01234	0.11175	0.01227	0.09005	0.01247	0.00246	0.27879	0.00664	0.00289	0.00572

[dist]
# distance from previous block
# <min> <max>
64	201

[block]
# block no. 11 follows, 43 sequences, length 21
# corresponding to MSA columns:
# 660-680
name=unknown_L
#
# <colnr> <probs for GDERKNQSTAVLIFYWHMCP>
#	G	D	E	R	K	N	Q	S	T	A	V	L	I	F	Y	W	H	M	C	P
0	0.01675	0.01025	0.01284	0.00951	0.01416	0.00860	0.02578	0.06767	0.03171	0.27653	0.01449	0.01441	0.01037	0.00530	0.00479	0.00123	0.00458	0.00432	0.00469	0.46201
1	0.01293	0.01010	0.01146	0.00912	0.01261	0.00968	0.00726	0.21695	0.05966	0.02394	0.22358	0.02344	0.07000	0.00763	0.00541	0.00143	0.00417	0.00632	0.00493	0.27938
2	0.00892	0.00637	0.00892	0.01020	0.01147	0.00637	0.00892	0.01147	0.01275	0.01657	0.02932	0.06247	0.03187	0.01530	0.00765	0.00255	0.00510	0.73354	0.00510	0.00510
3	0.01702	0.01351	0.01435	0.01193	0.01564	0.01529	0.00955	0.35195	0.43300	0.02840	0.01842	0.01738	0.01357	0.00713	0.00559	0.00178	0.00515	0.00569	0.00559	0.00906
4	0.00675	0.00482	0.00643	0.00771	0.00803	0.00450	0.00514	0.00771	0.01060	0.01414	0.03053	0.80175	0.03663	0.01735	0.00707	0.00225	0.00321	0.01574	0.00514	0.00450
5	0.02166	0.01393	0.01557	0.01200	0.01635	0.01491	0.00989	0.55258	0.05269	0.20902	0.01568	0.01490	0.01073	0.00673	0.00555	0.00168	0.00570	0.00517	0.00585	0.00939
6	0.01463	0.77149	0.06468	0.00978	0.01468	0.02148	0.01000	0.01663	0.01127	0.01325	0.00781	0.00902	0.00710	0.00476	0.00364	0.00121	0.00603	0.00302	0.00237	0.00716
7	0.00655	0.00558	0.00564	0.00569	0.00750	0.00467	0.00424	0.00794	0.01254	0.01493	0.05511	0.08247	0.74004	0.01416	0.00657	0.00188	0.00282	0.01185	0.00514	0.00467
8	0.00805	0.00537	0.00604	0.00604	0.00604	0.00537	0.00336	0.00805	0.00805	0.01074	0.01745	0.03624	0.02013	0.80536	0.02819	0.00537	0.00537	0.00805	0.00336	0.00336
9	0.02074	0.02479	0.01583	0.01404	0.01713	0.67000	0.01068	0.12997	0.01722	0.01671	0.00926	0.01048	0.00747	0.00585	0.00507	0.00146	0.00941	0.00378	0.00325	0.00686
10	0.01849	0.01694	0.01500	0.01261	0.01622	0.20317	0.00997	0.32812	0.27335	0.02570	0.01528	0.01499	0.01141	0.00671	0.00544	0.00168	0.00646	0.00507	0.00492	0.00846
11	0.00673	0.00487	0.00637	0.00757	0.00799	0.00451	0.00508	0.00773	0.01074	0.01420	0.03231	0.74966	0.08757	0.01712	0.00703	0.00222	0.00318	0.01546	0.00514	0.00451
12	0.02018	0.01596	0.27256	0.01187	0.01748	0.00975	0.01233	0.02378	0.01444	0.51722	0.01780	0.01642	0.01143	0.00631	0.00546	0.00173	0.00589	0.00507	0.00532	0.00900
13	0.01247	0.17025	0.38351	0.01717	0.02383	0.01495	0.26670	0.01743	0.01208	0.01676	0.00995	0.01227	0.00750	0.00496	0.00537	0.00169	0.00815	0.00471	0.00250	0.00774
14	0.01199	0.02338	0.52023	0.02198	0.27791	0.01296	0.01928	0.01735	0.01200	0.01773	0.01010	0.01238	0.00761	0.00515	0.00534	0.00172	0.00764	0.00438	0.00248	0.00838
15	0.01199	0.02338	0.52023	0.02198	0.27791	0.01296	0.01928	0.01735	0.01200	0.01773	0.01010	0.01238	0.00761	0.00515	0.00534	0.00172	0.00764	0.00438	0.00248	0.00838
16	0.01619	0.01305	0.01570	0.27722	0.02352	0.03644	0.01169	0.40600	0.03768	0.02563	0.03587	0.01659	0.04627	0.00675	0.00560	0.00174	0.00635	0.00542	0.00442	0.00786
17	0.01781	0.01148	0.01109	0.00962	0.01256	0.16508	0.00746	0.01949	0.01443	0.36092	0.02708	0.13713	0.16305	0.00954	0.00586	0.00176	0.00520	0.00783	0.00546	0.00717
18	0.00882	0.01338	0.26885	0.01005	0.01358	0.00774	0.01040	0.01255	0.01374	0.01969	0.42545	0.11865	0.03508	0.00995	0.00616	0.00180	0.00458	0.00866	0.00471	0.00615
19	0.02168	0.01065	0.01320	0.01044	0.01431	0.01032	0.00848	0.23347	0.01818	0.47443	0.02039	0.10721	0.01511	0.00800	0.00573	0.00176	0.00494	0.00657	0.00628	0.00886
20	0.01692	0.01565	0.06237	0.01721	0.02170	0.11263	0.33310	0.06091	0.02969	0.18448	0.01315	0.01477	0.00947	0.00592	0.00699	0.00181	0.07601	0.00557	0.00385	0.00781

[dist]
# distance from previous block
# <min> <max>
1	5

[block]
# block no. 12 follows, 43 sequences, length 7
# corresponding to MSA columns:
# 687-693
name=unknown_M
#
# <colnr> <probs for GDERKNQSTAVLIFYWHMCP>
#	G	D	E	R	K	N	Q	S	T	A	V	L	I	F	Y	W	H	M	C	P
0	0.05887	0.06091	0.01615	0.01365	0.01642	0.58975	0.01055	0.06251	0.01506	0.01527	0.00862	0.01029	0.00722	0.00609	0.00620	0.00154	0.08765	0.00372	0.00297	0.00657
1	0.01176	0.01238	0.02460	0.41003	0.03357	0.01315	0.38081	0.01593	0.01207	0.01593	0.01052	0.01485	0.00789	0.00511	0.00603	0.00186	0.00835	0.00572	0.00263	0.00681
2	0.42363	0.00817	0.00777	0.00712	0.00948	0.00880	0.00561	0.01335	0.01257	0.02352	0.39011	0.02528	0.02927	0.00825	0.00499	0.00173	0.00344	0.00653	0.00477	0.00561
3	0.00946	0.01702	0.39373	0.01111	0.01526	0.00905	0.01214	0.01279	0.01014	0.01450	0.01498	0.10028	0.01518	0.32426	0.01455	0.00324	0.00657	0.00683	0.00302	0.00590
4	0.01342	0.41317	0.24718	0.01319	0.01891	0.01758	0.10429	0.01812	0.07628	0.01581	0.01007	0.01147	0.00809	0.00512	0.00460	0.00150	0.00688	0.00402	0.00270	0.00761
5	0.01705	0.01334	0.17865	0.01131	0.01582	0.00929	0.04803	0.06178	0.01534	0.35289	0.19358	0.02207	0.02080	0.00744	0.00578	0.00173	0.00529	0.00631	0.00542	0.00807
6	0.01201	0.01775	0.23860	0.01898	0.02493	0.01258	0.43993	0.01688	0.01278	0.01805	0.06937	0.01585	0.01140	0.00531	0.00602	0.00176	0.00816	0.00591	0.00296	0.06078

[dist]
# distance from previous block
# <min> <max>
11	18

[block]
# block no. 13 follows, 43 sequences, length 7
# corresponding to MSA columns:
# 712-718
name=unknown_N
#
# <colnr> <probs for GDERKNQSTAVLIFYWHMCP>
#	G	D	E	R	K	N	Q	S	T	A	V	L	I	F	Y	W	H	M	C	P
0	0.02171	0.01315	0.01500	0.01164	0.01591	0.01383	0.00957	0.44558	0.08554	0.28360	0.01698	0.01580	0.01151	0.00679	0.00556	0.00170	0.00548	0.00529	0.00599	0.00936
1	0.00923	0.00791	0.00880	0.00702	0.01055	0.00615	0.00549	0.01121	0.01200	0.01664	0.03097	0.03058	0.35547	0.00863	0.00522	0.00130	0.00351	0.00712	0.00413	0.45808
2	0.00796	0.00550	0.00666	0.00646	0.00706	0.00530	0.00421	0.00915	0.01154	0.01598	0.36018	0.03858	0.03481	0.44272	0.01830	0.00371	0.00411	0.00895	0.00461	0.00421
3	0.01523	0.00791	0.01009	0.00918	0.01154	0.00755	0.00697	0.05811	0.09068	0.30951	0.02542	0.37629	0.02427	0.01171	0.00626	0.00197	0.00407	0.01026	0.00587	0.00711
4	0.00793	0.00566	0.00778	0.00906	0.00990	0.00552	0.00720	0.00976	0.01177	0.01546	0.02987	0.40010	0.03405	0.01624	0.00738	0.00241	0.00424	0.40572	0.00512	0.00483
5	0.09027	0.11756	0.02253	0.01605	0.01948	0.19930	0.25230	0.01755	0.01214	0.01583	0.00896	0.01184	0.00747	0.00606	0.00803	0.00178	0.17869	0.00469	0.00273	0.00673
6	0.01430	0.23905	0.16785	0.01476	0.01993	0.05087	0.18469	0.10422	0.01355	0.01797	0.00976	0.01179	0.00775	0.00537	0.00587	0.00158	0.05879	0.00442	0.00293	0.06454

[dist]
# distance from previous block
# <min> <max>
13	84

[block]
# block no. 14 follows, 43 sequences, length 6
# corresponding to MSA columns:
# 831-836
name=unknown_O
#
# <colnr> <probs for GDERKNQSTAVLIFYWHMCP>
#	G	D	E	R	K	N	Q	S	T	A	V	L	I	F	Y	W	H	M	C	P
0	0.01470	0.01552	0.07711	0.01285	0.01714	0.13772	0.10681	0.14986	0.08398	0.02040	0.01337	0.08016	0.01140	0.00643	0.00531	0.00150	0.00639	0.00546	0.00385	0.23003
1	0.06407	0.17499	0.13945	0.01773	0.02318	0.08079	0.38737	0.01777	0.01251	0.01685	0.00989	0.01248	0.00769	0.00489	0.00544	0.00167	0.00824	0.00500	0.00269	0.00733
2	0.13293	0.01053	0.01671	0.01321	0.01655	0.01042	0.23229	0.01514	0.04053	0.05545	0.01583	0.20345	0.01534	0.00830	0.00662	0.00182	0.06369	0.00758	0.00381	0.12981
3	0.11946	0.01308	0.01883	0.02113	0.32378	0.05130	0.11144	0.04797	0.01273	0.01938	0.01007	0.01254	0.00818	0.00484	0.00501	0.00148	0.00623	0.00444	0.00309	0.20501
4	0.01144	0.00752	0.00943	0.00795	0.01058	0.00659	0.00615	0.04495	0.01476	0.12015	0.40057	0.08589	0.03359	0.00924	0.00582	0.00155	0.00344	0.00801	0.00542	0.20696
5	0.00848	0.00647	0.00806	0.00774	0.00968	0.00585	0.03488	0.01082	0.03731	0.05312	0.12037	0.08565	0.43877	0.01320	0.00668	0.00199	0.00361	0.13683	0.00524	0.00527

[dist]
# distance from previous block
# <min> <max>
4	11

[block]
# block no. 15 follows, 43 sequences, length 11
# corresponding to MSA columns:
# 848-858
name=unknown_P
#
# <colnr> <probs for GDERKNQSTAVLIFYWHMCP>
#	G	D	E	R	K	N	Q	S	T	A	V	L	I	F	Y	W	H	M	C	P
0	0.46569	0.01792	0.01161	0.01049	0.01366	0.36680	0.00816	0.01896	0.01231	0.01966	0.00810	0.00945	0.00652	0.00540	0.00415	0.00158	0.00691	0.00326	0.00316	0.00619
1	0.01249	0.02191	0.40853	0.01896	0.02581	0.01359	0.34243	0.05590	0.01305	0.01853	0.01067	0.01321	0.00775	0.00507	0.00584	0.00180	0.00858	0.00522	0.00271	0.00793
2	0.00791	0.00593	0.00890	0.00890	0.00989	0.00692	0.00692	0.00989	0.00890	0.01286	0.01483	0.02176	0.01385	0.04154	0.78341	0.00890	0.01483	0.00593	0.00297	0.00494
3	0.00784	0.00566	0.00740	0.00697	0.00827	0.00523	0.00523	0.01045	0.01568	0.02221	0.76789	0.04137	0.05226	0.01132	0.00653	0.00174	0.00261	0.01002	0.00610	0.00523
4	0.01760	0.01441	0.01963	0.09128	0.18521	0.01550	0.09225	0.44338	0.02031	0.02744	0.01212	0.01370	0.00898	0.00596	0.00563	0.00170	0.00667	0.00514	0.00435	0.00876
5	0.00791	0.00593	0.00890	0.00890	0.00989	0.00692	0.00692	0.00989	0.00890	0.01286	0.01483	0.02176	0.01385	0.04154	0.78341	0.00890	0.01483	0.00593	0.00297	0.00494
6	0.01225	0.02070	0.34509	0.02017	0.02686	0.01353	0.44406	0.01766	0.01249	0.01766	0.01067	0.01358	0.00782	0.00492	0.00600	0.00182	0.00885	0.00551	0.00261	0.00777
7	0.00784	0.00566	0.00740	0.00697	0.00827	0.00523	0.00523	0.01045	0.01568	0.02221	0.76789	0.04137	0.05226	0.01132	0.00653	0.00174	0.00261	0.01002	0.00610	0.00523
8	0.01279	0.01439	0.03095	0.10627	0.02994	0.01382	0.67137	0.01735	0.01286	0.01735	0.01106	0.01492	0.00829	0.00476	0.00643	0.00187	0.00913	0.00636	0.00276	0.00733
9	0.01298	0.01432	0.02985	0.02282	0.08929	0.01332	0.62009	0.01732	0.01289	0.01780	0.01101	0.01451	0.00842	0.00464	0.00622	0.00175	0.00862	0.00610	0.00284	0.08522
10	0.01148	0.00984	0.01148	0.00820	0.01312	0.00738	0.00656	0.01395	0.01148	0.01805	0.00984	0.01148	0.00820	0.00410	0.00410	0.00082	0.00410	0.00328	0.00328	0.83922

[dist]
# distance from previous block
# <min> <max>
0	3

[block]
# block no. 16 follows, 43 sequences, length 9
# corresponding to MSA columns:
# 862-870
name=unknown_Q
#
# <colnr> <probs for GDERKNQSTAVLIFYWHMCP>
#	G	D	E	R	K	N	Q	S	T	A	V	L	I	F	Y	W	H	M	C	P
0	0.02069	0.02640	0.01569	0.01427	0.01712	0.78313	0.01070	0.02212	0.01569	0.01355	0.00856	0.00999	0.00713	0.00571	0.00499	0.00143	0.00999	0.00357	0.00285	0.00642
1	0.00786	0.00578	0.00744	0.00735	0.00873	0.00535	0.00574	0.01031	0.01478	0.02030	0.54799	0.04657	0.14106	0.01236	0.00673	0.00190	0.00307	0.13577	0.00580	0.00513
2	0.00835	0.00598	0.00816	0.00880	0.01001	0.00580	0.00725	0.01079	0.01366	0.01847	0.30332	0.11419	0.03982	0.01399	0.00719	0.00223	0.00403	0.40741	0.00547	0.00510
3	0.01328	0.01435	0.02932	0.02685	0.27320	0.01373	0.50914	0.01750	0.01292	0.01786	0.01095	0.01453	0.00852	0.00476	0.00619	0.00179	0.00843	0.00601	0.00278	0.00790
4	0.00793	0.00586	0.00852	0.00852	0.00938	0.00672	0.00645	0.00965	0.00879	0.01258	0.01518	0.02367	0.01467	0.14223	0.68386	0.00844	0.01359	0.00621	0.00302	0.00474
5	0.31975	0.01017	0.01347	0.50102	0.02797	0.01235	0.01190	0.01494	0.01046	0.01812	0.00905	0.01263	0.00687	0.00539	0.00475	0.00180	0.00623	0.00421	0.00282	0.00610
6	0.01594	0.01049	0.01249	0.00920	0.01390	0.00885	0.00746	0.11441	0.01445	0.20111	0.01317	0.01348	0.00968	0.00510	0.00464	0.00114	0.00451	0.00405	0.00443	0.53149
7	0.01095	0.00640	0.00830	0.00752	0.00946	0.00577	0.00585	0.01333	0.01519	0.16309	0.50215	0.03968	0.13001	0.01102	0.00641	0.00180	0.00316	0.04791	0.00607	0.00595
8	0.01112	0.00946	0.01110	0.00817	0.01274	0.00716	0.00645	0.01347	0.01142	0.01775	0.01142	0.07172	0.01037	0.00511	0.00433	0.00093	0.00403	0.00423	0.00342	0.77559

[dist]
# distance from previous block
# <min> <max>
0	1

[block]
# block no. 17 follows, 43 sequences, length 23
# corresponding to MSA columns:
# 872-894
name=unknown_R
#
# <colnr> <probs for GDERKNQSTAVLIFYWHMCP>
#	G	D	E	R	K	N	Q	S	T	A	V	L	I	F	Y	W	H	M	C	P
0	0.01883	0.01378	0.02206	0.01623	0.02109	0.01368	0.30351	0.28138	0.01837	0.21126	0.01458	0.01532	0.01008	0.00591	0.00594	0.00176	0.00704	0.00575	0.00478	0.00865
1	0.00739	0.00588	0.00679	0.00724	0.00890	0.00528	0.00589	0.00920	0.01267	0.01554	0.04658	0.05656	0.50648	0.01448	0.00694	0.00211	0.00362	0.26850	0.00513	0.00483
