[name]
unknown

[dist]
# distance from previous block
# <min> <max>
0	20

[block]
# block no. 0 follows, 47 sequences, length 6
# corresponding to MSA columns:
# 48-53
name=unknown_A
#
# <colnr> <probs for GDERKNQSTAVLIFYWHMCP>
#	G	D	E	R	K	N	Q	S	T	A	V	L	I	F	Y	W	H	M	C	P
0	0.00923	0.00731	0.00958	0.00832	0.01031	0.00674	0.05817	0.03590	0.03491	0.01452	0.01820	0.08919	0.04768	0.30530	0.01319	0.00284	0.00473	0.11017	0.00366	0.21004
1	0.01305	0.01343	0.01861	0.24444	0.45685	0.13347	0.01464	0.01598	0.01190	0.01532	0.00937	0.01262	0.00765	0.00491	0.00510	0.00157	0.00689	0.00444	0.00252	0.00722
2	0.00828	0.00663	0.01035	0.01202	0.12931	0.00742	0.00798	0.01033	0.00891	0.01285	0.01331	0.01929	0.01228	0.03373	0.67386	0.00731	0.01275	0.00543	0.00276	0.00521
3	0.01602	0.01271	0.01350	0.01122	0.01471	0.01439	0.00899	0.35934	0.43842	0.02673	0.01730	0.01632	0.01274	0.00670	0.00526	0.00168	0.00484	0.00535	0.00526	0.00852
4	0.01096	0.01075	0.01511	0.01309	0.01319	0.01491	0.01085	0.01218	0.00802	0.01248	0.00762	0.01239	0.00752	0.01242	0.10308	0.00295	0.71989	0.00467	0.00234	0.00558
5	0.02336	0.00886	0.01209	0.00927	0.01329	0.00765	0.00765	0.02538	0.01491	0.78810	0.02055	0.01773	0.01289	0.00645	0.00524	0.00161	0.00443	0.00524	0.00645	0.00886

[dist]
# distance from previous block
# <min> <max>
0	3

[block]
# block no. 1 follows, 47 sequences, length 13
# corresponding to MSA columns:
# 57-69
name=unknown_B
#
# <colnr> <probs for GDERKNQSTAVLIFYWHMCP>
#	G	D	E	R	K	N	Q	S	T	A	V	L	I	F	Y	W	H	M	C	P
0	0.00665	0.00574	0.00622	0.00602	0.00760	0.00532	0.00460	0.00805	0.01181	0.01452	0.10963	0.04625	0.66287	0.01267	0.00698	0.00179	0.06365	0.01037	0.00472	0.00454
1	0.00831	0.00632	0.00787	0.00737	0.00886	0.00638	0.00559	0.01277	0.14123	0.02037	0.59652	0.03425	0.04085	0.01220	0.06592	0.00217	0.00361	0.00854	0.00544	0.00545
2	0.02098	0.01058	0.01214	0.00965	0.01331	0.06854	0.00783	0.10910	0.06434	0.53663	0.01845	0.01673	0.01219	0.00635	0.00508	0.00157	0.00479	0.00504	0.06840	0.00831
3	0.00983	0.00926	0.01562	0.80447	0.03587	0.01157	0.01446	0.01331	0.01041	0.01331	0.00926	0.01388	0.00694	0.00521	0.00521	0.00174	0.00694	0.00463	0.00231	0.00579
4	0.00617	0.00521	0.00534	0.00545	0.00708	0.00438	0.00403	0.00745	0.01170	0.01400	0.05067	0.11646	0.71739	0.01346	0.00620	0.00179	0.00267	0.01132	0.00484	0.00438
5	0.01622	0.01247	0.01371	0.01028	0.01463	0.01248	0.00841	0.46703	0.01904	0.02651	0.01121	0.01182	0.00840	0.00530	0.00467	0.00125	0.00498	0.00405	0.00436	0.34316
6	0.01192	0.30316	0.07375	0.01022	0.01327	0.12699	0.05000	0.03130	0.01143	0.01372	0.01518	0.28538	0.01632	0.00873	0.00499	0.00158	0.00559	0.00730	0.00328	0.00589
7	0.09267	0.01262	0.01385	0.01080	0.01477	0.01354	0.00889	0.47790	0.06974	0.21023	0.01452	0.01384	0.00999	0.00623	0.00505	0.00159	0.00517	0.00473	0.00534	0.00854
8	0.00638	0.00460	0.00598	0.00706	0.00744	0.00427	0.00471	0.00728	0.01000	0.01321	0.02977	0.73213	0.08252	0.04871	0.00742	0.00221	0.00308	0.01426	0.00477	0.00420
9	0.01037	0.00980	0.01494	0.33249	0.24676	0.04499	0.01235	0.01297	0.01086	0.01434	0.01390	0.20280	0.01383	0.00779	0.00584	0.00177	0.02809	0.00698	0.00300	0.00615
10	0.01334	0.01683	0.19758	0.01346	0.06632	0.12698	0.03064	0.07676	0.29483	0.01952	0.07758	0.01649	0.01386	0.00632	0.00520	0.00164	0.00598	0.00516	0.00397	0.00753
11	0.01384	0.04587	0.05900	0.28714	0.13396	0.19031	0.01284	0.08911	0.05273	0.01614	0.00982	0.01240	0.00770	0.00549	0.00553	0.00160	0.04262	0.00430	0.00286	0.00676
12	0.63618	0.01229	0.07746	0.01059	0.09537	0.03668	0.00817	0.01605	0.03395	0.02169	0.00818	0.00954	0.00637	0.00491	0.00369	0.00160	0.00475	0.00322	0.00311	0.00620

[dist]
# distance from previous block
# <min> <max>
0	1

[block]
# block no. 2 follows, 47 sequences, length 64
# corresponding to MSA columns:
# 71-134
name=unknown_C
#
# <colnr> <probs for GDERKNQSTAVLIFYWHMCP>
#	G	D	E	R	K	N	Q	S	T	A	V	L	I	F	Y	W	H	M	C	P
0	0.00719	0.00514	0.00564	0.00560	0.00636	0.00481	0.00363	0.00800	0.00990	0.01298	0.10800	0.03916	0.27367	0.42836	0.01656	0.00342	0.00386	0.00876	0.04515	0.00383
1	0.01409	0.69562	0.08568	0.00973	0.01430	0.08112	0.00981	0.01607	0.01094	0.01262	0.00747	0.00864	0.00668	0.00457	0.00357	0.00117	0.00604	0.00291	0.00226	0.00671
2	0.00687	0.00501	0.00664	0.00701	0.00783	0.00478	0.00502	0.00852	0.01173	0.01614	0.32116	0.37512	0.07675	0.01673	0.10303	0.00268	0.00412	0.01138	0.00493	0.00456
3	0.01255	0.11622	0.36658	0.01626	0.04910	0.03636	0.22664	0.01739	0.03457	0.06035	0.01040	0.01220	0.00768	0.00488	0.00512	0.00160	0.00745	0.00452	0.00269	0.00744
4	0.00914	0.01210	0.23593	0.01110	0.06123	0.00758	0.00997	0.01236	0.03790	0.05535	0.08416	0.36736	0.05300	0.01085	0.00588	0.00185	0.00463	0.00958	0.00410	0.00593
5	0.02336	0.00886	0.01209	0.00927	0.01329	0.00765	0.00765	0.02538	0.01491	0.78810	0.02055	0.01773	0.01289	0.00645	0.00524	0.00161	0.00443	0.00524	0.00645	0.00886
6	0.01289	0.01237	0.02114	0.03196	0.78450	0.01237	0.01598	0.01598	0.01186	0.01701	0.00980	0.01289	0.00825	0.00464	0.00516	0.00155	0.00619	0.00464	0.00258	0.00825
7	0.01052	0.01249	0.11686	0.07837	0.17490	0.01050	0.24570	0.01426	0.03730	0.01579	0.01507	0.21453	0.01468	0.00766	0.00582	0.00179	0.00637	0.00760	0.00319	0.00660
8	0.01203	0.01588	0.13897	0.02094	0.02655	0.01302	0.65919	0.01665	0.01211	0.01665	0.01037	0.01361	0.00772	0.00447	0.00597	0.00174	0.00863	0.00582	0.00257	0.00712
9	0.01100	0.01073	0.01488	0.01284	0.01284	0.01482	0.01054	0.01202	0.00793	0.01228	0.00783	0.01375	0.00809	0.09310	0.01807	0.00257	0.72403	0.00487	0.00237	0.00543
10	0.01080	0.02329	0.59912	0.05537	0.08254	0.01231	0.08745	0.01620	0.01106	0.01628	0.00941	0.01158	0.00687	0.00501	0.00545	0.00167	0.03161	0.00418	0.00228	0.00752
11	0.01623	0.06646	0.06762	0.01525	0.01986	0.06703	0.28543	0.21021	0.05506	0.12572	0.01250	0.01357	0.00900	0.00539	0.00539	0.00161	0.00694	0.00509	0.00390	0.00776
12	0.00747	0.00546	0.00775	0.00775	0.00847	0.00617	0.00574	0.00890	0.00819	0.01163	0.01451	0.02358	0.01438	0.21757	0.61968	0.00761	0.01191	0.00604	0.00287	0.00431
13	0.00869	0.00506	0.00577	0.00559	0.00681	0.00488	0.00419	0.01113	0.01258	0.02005	0.34880	0.02787	0.02888	0.00805	0.00473	0.00140	0.00244	0.00683	0.48137	0.00488
14	0.01541	0.01283	0.01757	0.05293	0.17592	0.04435	0.11847	0.18442	0.21060	0.09145	0.01430	0.01499	0.01059	0.00580	0.00534	0.00164	0.00593	0.00519	0.00420	0.00806
15	0.00695	0.00504	0.00666	0.00777	0.00833	0.00487	0.00556	0.00865	0.04054	0.01401	0.02822	0.65658	0.03297	0.01563	0.00668	0.00215	0.00336	0.13671	0.00485	0.00448
16	0.00634	0.00453	0.00604	0.00725	0.00755	0.00423	0.00483	0.00725	0.00997	0.01329	0.02870	0.81358	0.03444	0.01632	0.00665	0.00211	0.00302	0.01480	0.00483	0.00423
17	0.00983	0.00926	0.01562	0.80447	0.03587	0.01157	0.01446	0.01331	0.01041	0.01331	0.00926	0.01388	0.00694	0.00521	0.00521	0.00174	0.00694	0.00463	0.00231	0.00579
18	0.01256	0.28412	0.39858	0.01223	0.01809	0.01528	0.01398	0.07388	0.09369	0.01690	0.01016	0.01115	0.00779	0.00511	0.00448	0.00148	0.00647	0.00378	0.00277	0.00751
19	0.00636	0.00494	0.00578	0.00630	0.00734	0.00437	0.00445	0.00759	0.01127	0.01435	0.10998	0.39809	0.37185	0.01438	0.00638	0.00191	0.00280	0.01259	0.00492	0.00437
20	0.73354	0.01248	0.11918	0.00799	0.01185	0.01174	0.00758	0.01548	0.00917	0.02239	0.00755	0.00882	0.00578	0.00485	0.00347	0.00162	0.00455	0.00297	0.00308	0.00593
21	0.00634	0.00453	0.00604	0.00725	0.00755	0.00423	0.00483	0.00725	0.00997	0.01329	0.02870	0.81358	0.03444	0.01632	0.00665	0.00211	0.00302	0.01480	0.00483	0.00423
22	0.01405	0.80172	0.02700	0.00901	0.01343	0.03854	0.00894	0.01571	0.01068	0.01226	0.00726	0.00838	0.00668	0.00448	0.00337	0.00112	0.00566	0.00280	0.00224	0.00667
23	0.00737	0.00532	0.00696	0.00655	0.00778	0.00491	0.00491	0.00983	0.01474	0.02088	0.78175	0.03890	0.04914	0.01065	0.00614	0.00164	0.00246	0.00942	0.00573	0.00491
24	0.00616	0.00524	0.00531	0.00537	0.00706	0.00439	0.00400	0.00746	0.01178	0.01403	0.05166	0.08476	0.74845	0.01333	0.00618	0.00177	0.00266	0.01116	0.00484	0.00439
25	0.01045	0.02694	0.79000	0.01484	0.02254	0.01209	0.01924	0.01649	0.01099	0.01649	0.00935	0.01099	0.00660	0.00495	0.00495	0.00165	0.00770	0.00385	0.00220	0.00770
26	0.00664	0.00474	0.00638	0.00758	0.00801	0.00448	0.00534	0.00776	0.01026	0.01362	0.02854	0.70597	0.03381	0.01604	0.00672	0.00216	0.00327	0.11953	0.00483	0.00431
27	0.01080	0.00926	0.01080	0.00771	0.01234	0.00694	0.00617	0.01311	0.01080	0.01697	0.00926	0.01080	0.00771	0.00386	0.00386	0.00077	0.00386	0.00309	0.00309	0.84882
28	0.01130	0.00996	0.01306	0.00936	0.01403	0.00794	0.08527	0.04259	0.01148	0.01755	0.00951	0.01120	0.00778	0.00400	0.00415	0.00090	0.00444	0.00347	0.00312	0.72888
29	0.01392	0.82012	0.02729	0.00891	0.01337	0.02061	0.00891	0.01559	0.01058	0.01225	0.00724	0.00835	0.00668	0.00446	0.00334	0.00111	0.00557	0.00278	0.00223	0.00668
30	0.01209	0.40272	0.42866	0.01203	0.01819	0.01613	0.01435	0.01607	0.01080	0.01448	0.00835	0.00974	0.00664	0.00471	0.00419	0.00140	0.00669	0.00334	0.00221	0.00722
31	0.01470	0.07335	0.20881	0.01377	0.01836	0.17084	0.12645	0.09709	0.08421	0.07004	0.01253	0.02875	0.00996	0.00600	0.00519	0.00161	0.00708	0.04059	0.00343	0.00724
32	0.00639	0.00455	0.00603	0.00719	0.00748	0.00426	0.00477	0.00726	0.00987	0.01317	0.02821	0.78240	0.03382	0.04834	0.00744	0.00223	0.00310	0.01452	0.00477	0.00419
33	0.01080	0.00926	0.01080	0.00771	0.01234	0.00694	0.00617	0.01311	0.01080	0.01697	0.00926	0.01080	0.00771	0.00386	0.00386	0.00077	0.00386	0.00309	0.00309	0.84882
34	0.01052	0.04399	0.70575	0.01484	0.02210	0.01215	0.05702	0.01623	0.01096	0.01625	0.00952	0.01142	0.00689	0.00610	0.03268	0.00188	0.00792	0.00400	0.00224	0.00753
35	0.38347	0.00977	0.00898	0.00765	0.01054	0.01090	0.00620	0.21669	0.01367	0.02476	0.01150	0.01274	0.00875	0.00557	0.00388	0.00148	0.00402	0.00392	0.24924	0.00628
36	0.00887	0.00645	0.00813	0.00695	0.00915	0.00553	0.00534	0.01128	0.01376	0.05059	0.55716	0.03099	0.03728	0.00877	0.00553	0.00142	0.00289	0.00766	0.00510	0.21715
37	0.00757	0.00505	0.00568	0.00568	0.00568	0.00505	0.00316	0.00757	0.00757	0.01010	0.01641	0.03408	0.01893	0.81698	0.02651	0.00505	0.00505	0.00757	0.00316	0.00316
38	0.00722	0.00532	0.00675	0.00639	0.00768	0.00485	0.00479	0.00953	0.01437	0.02001	0.68856	0.04033	0.14287	0.01097	0.00614	0.00165	0.00248	0.00962	0.00562	0.00485
39	0.01045	0.02694	0.79000	0.01484	0.02254	0.01209	0.01924	0.01649	0.01099	0.01649	0.00935	0.01099	0.00660	0.00495	0.00495	0.00165	0.00770	0.00385	0.00220	0.00770
40	0.01641	0.36760	0.01996	0.01105	0.01465	0.31284	0.00936	0.08233	0.09227	0.01516	0.00943	0.01024	0.00783	0.00522	0.00421	0.00131	0.00688	0.00348	0.00297	0.00678
41	0.01688	0.01039	0.01152	0.00934	0.01253	0.01101	0.00755	0.32033	0.11728	0.17678	0.01644	0.01630	0.01179	0.00635	0.00480	0.00150	0.00437	0.00500	0.23213	0.00770
42	0.02280	0.00874	0.01191	0.00917	0.01310	0.00756	0.00756	0.02483	0.01490	0.76124	0.04720	0.01847	0.01416	0.00659	0.00527	0.00161	0.00436	0.00538	0.00642	0.00872
43	0.00720	0.00532	0.00672	0.00637	0.00767	0.00484	0.00478	0.00950	0.01434	0.01992	0.67880	0.04048	0.15269	0.01101	0.00614	0.00165	0.00248	0.00964	0.00561	0.00484
44	0.00675	0.00530	0.00610	0.00590	0.00740	0.00465	0.00442	0.00862	0.01327	0.01739	0.40837	0.04465	0.42469	0.01195	0.00615	0.00170	0.00255	0.01022	0.00527	0.00465
45	0.00971	0.00485	0.00485	0.00485	0.00607	0.00485	0.00364	0.01213	0.01092	0.01942	0.01699	0.01942	0.01335	0.00607	0.00364	0.00121	0.00243	0.00485	0.84589	0.00485
46	0.01945	0.02482	0.01476	0.01342	0.01610	0.79608	0.01006	0.02079	0.01476	0.01275	0.00805	0.00939	0.00671	0.00537	0.00470	0.00134	0.00939	0.00335	0.00268	0.00604
47	0.73483	0.01217	0.00867	0.00778	0.01093	0.12350	0.00627	0.01609	0.00970	0.02185	0.00737	0.00859	0.00579	0.00491	0.00343	0.00157	0.00479	0.00290	0.00315	0.00570
48	0.00684	0.00530	0.00623	0.00600	0.00746	0.00469	0.00450	0.00881	0.01350	0.01793	0.46546	0.04377	0.36727	0.01175	0.00615	0.00169	0.00254	0.01010	0.00534	0.00469
49	0.02336	0.00886	0.01209	0.00927	0.01329	0.00765	0.00765	0.02538	0.01491	0.78810	0.02055	0.01773	0.01289	0.00645	0.00524	0.00161	0.00443	0.00524	0.00645	0.00886
50	0.00634	0.00453	0.00604	0.00725	0.00755	0.00423	0.00483	0.00725	0.00997	0.01329	0.02870	0.81358	0.03444	0.01632	0.00665	0.00211	0.00302	0.01480	0.00483	0.00423
51	0.00630	0.00532	0.00547	0.00555	0.00727	0.00450	0.00424	0.00768	0.01188	0.01416	0.05117	0.05066	0.73512	0.01326	0.00622	0.00180	0.00277	0.05738	0.00483	0.00442
52	0.34159	0.00938	0.00878	0.00771	0.01048	0.01048	0.00617	0.10903	0.15142	0.04995	0.01353	0.01424	0.01024	0.00580	0.00403	0.00153	0.00384	0.00424	0.23116	0.00641
53	0.01113	0.01058	0.01796	0.47647	0.35372	0.01191	0.01511	0.01444	0.01103	0.01488	0.00949	0.01346	0.00750	0.00497	0.00518	0.00166	0.00662	0.00463	0.00243	0.00683
54	0.01589	0.01227	0.01353	0.01013	0.01450	0.01215	0.00828	0.43998	0.01855	0.02594	0.01109	0.01176	0.00836	0.00521	0.00462	0.00122	0.00492	0.00399	0.00429	0.37329
55	0.34702	0.21567	0.23623	0.01010	0.01487	0.06949	0.01064	0.01610	0.01031	0.01791	0.00790	0.00922	0.00625	0.00481	0.00385	0.00148	0.00583	0.00314	0.00265	0.00651
56	0.01668	0.26773	0.01893	0.01185	0.01493	0.33654	0.00986	0.12550	0.01393	0.01545	0.00827	0.00979	0.00703	0.00573	0.00605	0.00143	0.11732	0.00354	0.00285	0.00660
57	0.01327	0.00868	0.01096	0.00919	0.05162	0.00704	0.00678	0.01538	0.01179	0.19705	0.04005	0.07988	0.01288	0.02978	0.00522	0.00127	0.00403	0.00498	0.00408	0.48608
58	0.01294	0.01185	0.01484	0.01764	0.25744	0.10900	0.01104	0.04438	0.05127	0.05629	0.01455	0.09412	0.01399	0.03144	0.00811	0.00192	0.13921	0.09984	0.00349	0.00664
59	0.00983	0.00926	0.01562	0.80447	0.03587	0.01157	0.01446	0.01331	0.01041	0.01331	0.00926	0.01388	0.00694	0.00521	0.00521	0.00174	0.00694	0.00463	0.00231	0.00579
60	0.01113	0.00993	0.01848	0.22770	0.07219	0.01008	0.26520	0.01429	0.01189	0.07517	0.09639	0.13321	0.01634	0.00719	0.00583	0.00177	0.00627	0.00718	0.00349	0.00628
61	0.01140	0.01134	0.02075	0.34239	0.29879	0.01207	0.18144	0.01489	0.01133	0.01537	0.01009	0.02828	0.00812	0.00503	0.00542	0.00168	0.00701	0.00516	0.00252	0.00690
62	0.01045	0.02694	0.79000	0.01484	0.02254	0.01209	0.01924	0.01649	0.01099	0.01649	0.00935	0.01099	0.00660	0.00495	0.00495	0.00165	0.00770	0.00385	0.00220	0.00770
63	0.01665	0.00756	0.01005	0.00825	0.01113	0.00679	0.00660	0.01935	0.04525	0.45526	0.32039	0.02613	0.02729	0.00812	0.00560	0.00163	0.00364	0.00691	0.00612	0.00728

[dist]
# distance from previous block
# <min> <max>
0	22

[block]
# block no. 3 follows, 47 sequences, length 42
# corresponding to MSA columns:
# 157-198
name=unknown_D
#
# <colnr> <probs for GDERKNQSTAVLIFYWHMCP>
#	G	D	E	R	K	N	Q	S	T	A	V	L	I	F	Y	W	H	M	C	P
0	0.01265	0.19611	0.49269	0.01294	0.01911	0.08771	0.01519	0.01701	0.01156	0.05593	0.02784	0.01130	0.00797	0.00510	0.00462	0.00150	0.00710	0.00378	0.00256	0.00732
1	0.02068	0.01448	0.01458	0.01147	0.01539	0.12006	0.00933	0.47134	0.02065	0.22786	0.01400	0.01345	0.00962	0.00618	0.00515	0.00155	0.00589	0.00465	0.00519	0.00847
2	0.00788	0.00570	0.00768	0.00821	0.00945	0.00550	0.00684	0.01024	0.01300	0.01746	0.30891	0.05088	0.08081	0.01293	0.00674	0.00208	0.00380	0.43191	0.00515	0.00482
3	0.03433	0.01089	0.09287	0.32623	0.02315	0.00975	0.01150	0.01945	0.01259	0.38468	0.01463	0.01531	0.00973	0.00577	0.00515	0.00166	0.00576	0.00480	0.00430	0.00745
4	0.01282	0.00700	0.00817	0.00700	0.00967	0.00613	0.00554	0.05291	0.01357	0.28308	0.03952	0.03696	0.47596	0.01050	0.00579	0.00170	0.00342	0.00867	0.00541	0.00617
5	0.00702	0.00573	0.00626	0.00605	0.00774	0.00519	0.00456	0.00968	0.06944	0.01669	0.26920	0.04447	0.50536	0.01197	0.00609	0.00172	0.00269	0.01014	0.00514	0.00484
6	0.00639	0.00455	0.00603	0.00719	0.00748	0.00426	0.00477	0.00726	0.00988	0.01317	0.02823	0.78375	0.03385	0.04696	0.00741	0.00223	0.00310	0.01453	0.00477	0.00419
7	0.01254	0.01202	0.02050	0.12075	0.69845	0.01228	0.01581	0.01567	0.01169	0.01659	0.00973	0.01300	0.00810	0.00471	0.00516	0.00157	0.00627	0.00464	0.00255	0.00797
8	0.01289	0.01237	0.02114	0.03196	0.78450	0.01237	0.01598	0.01598	0.01186	0.01701	0.00980	0.01289	0.00825	0.00464	0.00516	0.00155	0.00619	0.00464	0.00258	0.00825
9	0.01045	0.02694	0.79000	0.01484	0.02254	0.01209	0.01924	0.01649	0.01099	0.01649	0.00935	0.01099	0.00660	0.00495	0.00495	0.00165	0.00770	0.00385	0.00220	0.00770
10	0.00634	0.00453	0.00604	0.00725	0.00755	0.00423	0.00483	0.00725	0.00997	0.01329	0.02870	0.81358	0.03444	0.01632	0.00665	0.00211	0.00302	0.01480	0.00483	0.00423
11	0.01382	0.79684	0.04967	0.00908	0.01364	0.02036	0.00921	0.01562	0.01059	0.01238	0.00730	0.00843	0.00668	0.00447	0.00339	0.00113	0.00563	0.00282	0.00223	0.00671
12	0.00633	0.00506	0.00569	0.00611	0.00736	0.00441	0.00443	0.00759	0.01135	0.01409	0.06744	0.29829	0.48971	0.01417	0.00635	0.00189	0.00283	0.03767	0.00486	0.00437
13	0.01203	0.00922	0.01092	0.00787	0.01243	0.00701	0.00632	0.01431	0.01120	0.09239	0.01036	0.01148	0.00822	0.00411	0.00399	0.00085	0.00391	0.00330	0.00341	0.76666
14	0.00689	0.00511	0.00643	0.00652	0.00759	0.00465	0.00473	0.00875	0.01300	0.01773	0.46024	0.24367	0.17034	0.01256	0.00628	0.00178	0.00264	0.01110	0.00534	0.00465
15	0.01115	0.00931	0.11605	0.00800	0.01101	0.00664	0.00729	0.01406	0.04178	0.18993	0.21202	0.03361	0.29894	0.00970	0.00575	0.00168	0.00375	0.00815	0.00506	0.00612
16	0.01098	0.02376	0.60249	0.01368	0.01997	0.09124	0.01647	0.01605	0.01178	0.01649	0.08311	0.01556	0.01166	0.00594	0.00513	0.00165	0.00725	0.03696	0.00270	0.00714
17	0.00669	0.00568	0.00593	0.00568	0.00768	0.00469	0.00431	0.00812	0.01172	0.01438	0.04712	0.06565	0.66677	0.01234	0.00596	0.00168	0.00282	0.02747	0.00466	0.09067
18	0.01700	0.16279	0.26382	0.01151	0.01666	0.09228	0.01192	0.04870	0.01323	0.29349	0.01298	0.01283	0.00897	0.00549	0.00475	0.00150	0.00624	0.00414	0.00390	0.00781
19	0.01336	0.58541	0.06259	0.00948	0.01346	0.09169	0.00915	0.01517	0.01102	0.01271	0.01206	0.01299	0.08594	0.00566	0.00444	0.00128	0.04084	0.00381	0.00254	0.00640
20	0.01172	0.01000	0.01254	0.03455	0.01427	0.00839	0.05180	0.09484	0.01234	0.01846	0.01018	0.03162	0.00850	0.00451	0.00425	0.00098	0.00443	0.00379	0.00331	0.65954
21	0.01612	0.01862	0.01609	0.01539	0.09075	0.41851	0.02907	0.05003	0.02882	0.01425	0.00839	0.01079	0.00721	0.00646	0.00850	0.00167	0.24627	0.00402	0.00272	0.00634
22	0.02336	0.00886	0.01209	0.00927	0.01329	0.00765	0.00765	0.02538	0.01491	0.78810	0.02055	0.01773	0.01289	0.00645	0.00524	0.00161	0.00443	0.00524	0.00645	0.00886
23	0.01053	0.01059	0.01996	0.23680	0.15775	0.01083	0.27693	0.01377	0.01133	0.01517	0.01479	0.13559	0.04854	0.00687	0.00579	0.00177	0.00666	0.00699	0.00297	0.00635
24	0.00634	0.00453	0.00604	0.00725	0.00755	0.00423	0.00483	0.00725	0.00997	0.01329	0.02870	0.81358	0.03444	0.01632	0.00665	0.00211	0.00302	0.01480	0.00483	0.00423
25	0.01339	0.68245	0.10105	0.00984	0.01429	0.01943	0.01011	0.01545	0.01043	0.01269	0.00742	0.00884	0.00669	0.00485	0.00452	0.00125	0.06536	0.00302	0.00223	0.00671
26	0.85377	0.01007	0.00765	0.00685	0.01007	0.01168	0.00564	0.01531	0.00886	0.02336	0.00725	0.00846	0.00564	0.00483	0.00322	0.00161	0.00403	0.00282	0.00322	0.00564
27	0.85377	0.01007	0.00765	0.00685	0.01007	0.01168	0.00564	0.01531	0.00886	0.02336	0.00725	0.00846	0.00564	0.00483	0.00322	0.00161	0.00403	0.00282	0.00322	0.00564
28	0.01392	0.82012	0.02729	0.00891	0.01337	0.02061	0.00891	0.01559	0.01058	0.01225	0.00724	0.00835	0.00668	0.00446	0.00334	0.00111	0.00557	0.00278	0.00223	0.00668
29	0.00737	0.00532	0.00696	0.00655	0.00778	0.00491	0.00491	0.00983	0.01474	0.02088	0.78175	0.03890	0.04914	0.01065	0.00614	0.00164	0.00246	0.00942	0.00573	0.00491
30	0.00634	0.00453	0.00604	0.00725	0.00755	0.00423	0.00483	0.00725	0.00997	0.01329	0.02870	0.81358	0.03444	0.01632	0.00665	0.00211	0.00302	0.01480	0.00483	0.00423
31	0.00757	0.00505	0.00568	0.00568	0.00568	0.00505	0.00316	0.00757	0.00757	0.01010	0.01641	0.03408	0.01893	0.81698	0.02651	0.00505	0.00505	0.00757	0.00316	0.00316
32	0.01295	0.01119	0.01178	0.01060	0.01354	0.01295	0.00824	0.02767	0.77509	0.02178	0.02120	0.01943	0.01590	0.00707	0.00530	0.00177	0.00412	0.00589	0.00530	0.00824
33	0.85377	0.01007	0.00765	0.00685	0.01007	0.01168	0.00564	0.01531	0.00886	0.02336	0.00725	0.00846	0.00564	0.00483	0.00322	0.00161	0.00403	0.00282	0.00322	0.00564
34	0.01025	0.00968	0.01637	0.69934	0.13775	0.01168	0.01467	0.01367	0.01061	0.01381	0.00933	0.01375	0.00712	0.00513	0.00520	0.00171	0.00684	0.00463	0.00235	0.00612
35	0.01045	0.02694	0.79000	0.01484	0.02254	0.01209	0.01924	0.01649	0.01099	0.01649	0.00935	0.01099	0.00660	0.00495	0.00495	0.00165	0.00770	0.00385	0.00220	0.00770
36	0.00757	0.00505	0.00568	0.00568	0.00568	0.00505	0.00316	0.00757	0.00757	0.01010	0.01641	0.03408	0.01893	0.81698	0.02651	0.00505	0.00505	0.00757	0.00316	0.00316
37	0.00757	0.00505	0.00568	0.00568	0.00568	0.00505	0.00316	0.00757	0.00757	0.01010	0.01641	0.03408	0.01893	0.81698	0.02651	0.00505	0.00505	0.00757	0.00316	0.00316
38	0.00704	0.00531	0.00651	0.00621	0.00758	0.00477	0.00466	0.00919	0.01397	0.01905	0.58548	0.04192	0.24655	0.01133	0.00615	0.00167	0.00251	0.00984	0.00549	0.00477
39	0.85377	0.01007	0.00765	0.00685	0.01007	0.01168	0.00564	0.01531	0.00886	0.02336	0.00725	0.00846	0.00564	0.00483	0.00322	0.00161	0.00403	0.00282	0.00322	0.00564
40	0.00621	0.00505	0.00551	0.00587	0.00719	0.00435	0.00422	0.00741	0.01130	0.01384	0.04554	0.27926	0.55790	0.01413	0.00630	0.00187	0.00275	0.01214	0.00484	0.00435
41	0.01943	0.01445	0.01564	0.01205	0.01604	0.01614	0.00996	0.73466	0.02377	0.03195	0.01226	0.01246	0.00877	0.00637	0.00572	0.00159	0.04023	0.00468	0.00508	0.00872

[dist]
# distance from previous block
# <min> <max>
0	1

[block]
# block no. 4 follows, 47 sequences, length 24
# corresponding to MSA columns:
# 200-223
name=unknown_E
#
# <colnr> <probs for GDERKNQSTAVLIFYWHMCP>
#	G	D	E	R	K	N	Q	S	T	A	V	L	I	F	Y	W	H	M	C	P
0	0.18282	0.03574	0.10393	0.01612	0.20515	0.14430	0.01139	0.14898	0.01385	0.03689	0.00956	0.01102	0.00742	0.00512	0.00457	0.00149	0.00622	0.00387	0.00324	0.04829
1	0.00834	0.00524	0.00683	0.00674	0.00709	0.00549	0.00449	0.02678	0.00802	0.01103	0.01360	0.02474	0.01430	0.36652	0.19557	0.25501	0.00683	0.00609	0.02388	0.00341
2	0.01295	0.01119	0.01178	0.01060	0.01354	0.01295	0.00824	0.02767	0.77509	0.02178	0.02120	0.01943	0.01590	0.00707	0.00530	0.00177	0.00412	0.00589	0.00530	0.00824
3	0.01945	0.02482	0.01476	0.01342	0.01610	0.79608	0.01006	0.02079	0.01476	0.01275	0.00805	0.00939	0.00671	0.00537	0.00470	0.00134	0.00939	0.00335	0.00268	0.00604
4	0.01045	0.02694	0.79000	0.01484	0.02254	0.01209	0.01924	0.01649	0.01099	0.01649	0.00935	0.01099	0.00660	0.00495	0.00495	0.00165	0.00770	0.00385	0.00220	0.00770
5	0.09248	0.19669	0.29771	0.01099	0.01637	0.01253	0.01196	0.01904	0.01197	0.26459	0.01229	0.01234	0.00855	0.00531	0.00452	0.00151	0.00583	0.00396	0.00367	0.00766
6	0.85377	0.01007	0.00765	0.00685	0.01007	0.01168	0.00564	0.01531	0.00886	0.02336	0.00725	0.00846	0.00564	0.00483	0.00322	0.00161	0.00403	0.00282	0.00322	0.00564
7	0.02336	0.00886	0.01209	0.00927	0.01329	0.00765	0.00765	0.02538	0.01491	0.78810	0.02055	0.01773	0.01289	0.00645	0.00524	0.00161	0.00443	0.00524	0.00645	0.00886
8	0.01034	0.00978	0.01654	0.67559	0.16076	0.01170	0.01472	0.01375	0.01065	0.01392	0.00935	0.01372	0.00716	0.00511	0.00520	0.00170	0.00682	0.00463	0.00236	0.00620
9	0.02286	0.00916	0.01220	0.00941	0.01341	0.00816	0.00776	0.05247	0.04294	0.73269	0.02028	0.01760	0.01285	0.00646	0.00524	0.00162	0.00447	0.00524	0.00636	0.00884
10	0.00737	0.00532	0.00696	0.00655	0.00778	0.00491	0.00491	0.00983	0.01474	0.02088	0.78175	0.03890	0.04914	0.01065	0.00614	0.00164	0.00246	0.00942	0.00573	0.00491
11	0.02336	0.00886	0.01209	0.00927	0.01329	0.00765	0.00765	0.02538	0.01491	0.78810	0.02055	0.01773	0.01289	0.00645	0.00524	0.00161	0.00443	0.00524	0.00645	0.00886
12	0.01353	0.00905	0.01017	0.00960	0.01185	0.08063	0.00796	0.07064	0.03416	0.18915	0.11269	0.03804	0.04410	0.01052	0.00618	0.00194	0.00486	0.33360	0.00512	0.00621
13	0.02228	0.00926	0.01217	0.00947	0.01341	0.00842	0.00778	0.04870	0.08648	0.69273	0.02036	0.01772	0.01305	0.00650	0.00524	0.00162	0.00444	0.00528	0.00630	0.00880
14	0.00753	0.00522	0.00654	0.00654	0.00683	0.00551	0.00422	0.00812	0.00783	0.01073	0.01562	0.02974	0.01705	0.56899	0.27192	0.00611	0.00789	0.00694	0.00304	0.00363
15	0.01080	0.00926	0.01080	0.00771	0.01234	0.00694	0.00617	0.01311	0.01080	0.01697	0.00926	0.01080	0.00771	0.00386	0.00386	0.00077	0.00386	0.00309	0.00309	0.84882
16	0.01045	0.02694	0.79000	0.01484	0.02254	0.01209	0.01924	0.01649	0.01099	0.01649	0.00935	0.01099	0.00660	0.00495	0.00495	0.00165	0.00770	0.00385	0.00220	0.00770
17	0.00745	0.00553	0.00812	0.00812	0.00896	0.00637	0.00620	0.00914	0.00830	0.01190	0.01418	0.02173	0.01357	0.11143	0.72472	0.00806	0.01312	0.00577	0.00282	0.00451
18	0.01080	0.00926	0.01080	0.00771	0.01234	0.00694	0.00617	0.01311	0.01080	0.01697	0.00926	0.01080	0.00771	0.00386	0.00386	0.00077	0.00386	0.00309	0.00309	0.84882
19	0.00844	0.00545	0.00648	0.00617	0.00748	0.00528	0.00464	0.01148	0.05045	0.02043	0.48466	0.03133	0.03535	0.00891	0.00525	0.00150	0.00253	0.00769	0.29142	0.00506
20	0.01172	0.00905	0.01001	0.00904	0.01146	0.00996	0.00700	0.02165	0.47927	0.05868	0.22872	0.02467	0.02466	0.00795	0.00542	0.00169	0.00357	0.00675	0.06162	0.00714
21	0.01080	0.00926	0.01080	0.00771	0.01234	0.00694	0.00617	0.01311	0.01080	0.01697	0.00926	0.01080	0.00771	0.00386	0.00386	0.00077	0.00386	0.00309	0.00309	0.84882
22	0.00615	0.00528	0.00528	0.00528	0.00703	0.00440	0.00396	0.00747	0.01187	0.01407	0.05276	0.05012	0.78238	0.01319	0.00615	0.00176	0.00264	0.01099	0.00484	0.00440
23	0.01168	0.01114	0.01896	0.33667	0.48920	0.01206	0.01538	0.01493	0.01129	0.01555	0.00958	0.01328	0.00773	0.00486	0.00518	0.00162	0.00648	0.00464	0.00247	0.00728

[dist]
# distance from previous block
# <min> <max>
0	21

[block]
# block no. 5 follows, 47 sequences, length 74
# corresponding to MSA columns:
# 245-318
name=unknown_F
#
# <colnr> <probs for GDERKNQSTAVLIFYWHMCP>
#	G	D	E	R	K	N	Q	S	T	A	V	L	I	F	Y	W	H	M	C	P
0	0.00731	0.00532	0.00688	0.00649	0.00774	0.00489	0.00487	0.00971	0.01460	0.02054	0.74496	0.03947	0.08615	0.01077	0.00614	0.00164	0.00247	0.00950	0.00569	0.00489
1	0.11899	0.01619	0.01268	0.01120	0.01419	0.29370	0.00868	0.11613	0.29111	0.02010	0.03683	0.01421	0.01147	0.00619	0.00484	0.00157	0.00615	0.00456	0.00411	0.00711
2	0.46354	0.01761	0.35297	0.01049	0.01570	0.01196	0.01173	0.03222	0.01014	0.02054	0.00829	0.00967	0.00613	0.00492	0.00403	0.00163	0.00568	0.00331	0.00281	0.00662
3	0.01446	0.01347	0.01543	0.01423	0.08994	0.13202	0.04824	0.11044	0.10465	0.05231	0.01118	0.01308	0.00898	0.00663	0.00850	0.00170	0.24077	0.00458	0.04180	0.06759
4	0.01167	0.01142	0.01908	0.15548	0.33783	0.01300	0.08502	0.01437	0.01053	0.01499	0.00956	0.01423	0.00833	0.00686	0.02315	0.00195	0.22661	0.02653	0.00253	0.00685
5	0.01057	0.01008	0.01522	0.39310	0.02406	0.01308	0.01239	0.01292	0.00937	0.01332	0.00840	0.01278	0.00711	0.00689	0.01034	0.00191	0.35981	0.00453	0.02582	0.04829
6	0.00634	0.00453	0.00604	0.00725	0.00755	0.00423	0.00483	0.00725	0.00997	0.01329	0.02870	0.81358	0.03444	0.01632	0.00665	0.00211	0.00302	0.01480	0.00483	0.00423
7	0.01289	0.01237	0.02114	0.03196	0.78450	0.01237	0.01598	0.01598	0.01186	0.01701	0.00980	0.01289	0.00825	0.00464	0.00516	0.00155	0.00619	0.00464	0.00258	0.00825
8	0.00761	0.00583	0.00870	0.00860	0.00949	0.00692	0.00672	0.00944	0.00835	0.01211	0.01364	0.02007	0.01275	0.03776	0.76257	0.00811	0.04834	0.00554	0.00277	0.00470
9	0.00744	0.00558	0.00837	0.00837	0.00930	0.00651	0.00651	0.00930	0.00837	0.01209	0.01395	0.02046	0.01302	0.03906	0.79635	0.00837	0.01395	0.00558	0.00279	0.00465
10	0.00712	0.00531	0.00661	0.00629	0.00762	0.00481	0.00471	0.00934	0.01414	0.01946	0.63002	0.04123	0.20176	0.01118	0.00614	0.00166	0.00249	0.00975	0.00555	0.00481
11	0.01630	0.01266	0.01352	0.01119	0.01471	0.01426	0.00898	0.36160	0.41702	0.04597	0.01725	0.01626	0.01264	0.00668	0.00526	0.00167	0.00486	0.00533	0.00529	0.00854
12	0.00839	0.00599	0.00839	0.00959	0.01079	0.00599	0.00839	0.01079	0.01199	0.01558	0.02757	0.05874	0.02997	0.01439	0.00719	0.00240	0.00480	0.74945	0.00480	0.00480
13	0.17845	0.00892	0.01094	0.00862	0.01238	0.00829	0.00710	0.02292	0.01360	0.61154	0.01790	0.01606	0.01155	0.00613	0.00479	0.00159	0.00427	0.00477	0.04209	0.00809
14	0.85377	0.01007	0.00765	0.00685	0.01007	0.01168	0.00564	0.01531	0.00886	0.02336	0.00725	0.00846	0.00564	0.00483	0.00322	0.00161	0.00403	0.00282	0.00322	0.00564
15	0.01187	0.00999	0.01119	0.00814	0.01267	0.03249	0.00651	0.04877	0.01169	0.04105	0.00971	0.01104	0.00789	0.00409	0.00399	0.00085	0.00414	0.00323	0.00327	0.75742
16	0.01382	0.79714	0.04938	0.00908	0.01363	0.02036	0.00921	0.01562	0.01059	0.01237	0.00730	0.00843	0.00668	0.00447	0.00339	0.00113	0.00563	0.00282	0.00223	0.00671
17	0.00722	0.00521	0.00682	0.00666	0.00775	0.00481	0.00490	0.00945	0.01403	0.01976	0.67010	0.15376	0.04696	0.01149	0.00622	0.00171	0.00254	0.01022	0.00560	0.00481
18	0.00640	0.00462	0.00603	0.00713	0.00752	0.00429	0.00479	0.00733	0.01005	0.01329	0.02978	0.73162	0.07918	0.03947	0.00721	0.00218	0.00309	0.02701	0.00478	0.00422
19	0.01178	0.00640	0.00671	0.00606	0.00782	0.00656	0.00471	0.11794	0.01300	0.05876	0.01654	0.01837	0.01270	0.00611	0.00394	0.00128	0.00298	0.00485	0.68787	0.00561
20	0.00733	0.00532	0.00690	0.00650	0.00775	0.00489	0.00488	0.00974	0.01463	0.02063	0.75458	0.03932	0.07647	0.01074	0.00614	0.00164	0.00246	0.00948	0.00570	0.00489
21	0.01980	0.01459	0.01563	0.01198	0.01615	0.01615	0.00990	0.76713	0.02448	0.03282	0.01250	0.01250	0.00886	0.00625	0.00521	0.00156	0.00573	0.00469	0.00521	0.00886
22	0.01496	0.01416	0.01476	0.24508	0.06231	0.17980	0.01116	0.15816	0.18946	0.03931	0.01266	0.01399	0.00953	0.00586	0.00512	0.00161	0.00649	0.00467	0.00374	0.00718
23	0.08332	0.01438	0.01464	0.01153	0.01545	0.04933	0.00943	0.61208	0.08872	0.03025	0.01267	0.01266	0.00913	0.00618	0.00504	0.00157	0.00562	0.00459	0.00496	0.00843
24	0.01333	0.01116	0.03351	0.01801	0.31940	0.03278	0.01073	0.01725	0.09455	0.11752	0.03436	0.01685	0.06422	0.00574	0.00497	0.00142	0.00502	0.00502	0.00371	0.19043
25	0.01120	0.01553	0.27811	0.01122	0.01542	0.03126	0.01140	0.03416	0.21810	0.04387	0.03863	0.01953	0.09746	0.01017	0.08368	0.00234	0.03623	0.00557	0.00374	0.03237
26	0.01416	0.00915	0.00961	0.00800	0.01052	0.00984	0.00640	0.34521	0.01690	0.02533	0.01501	0.01637	0.01137	0.00615	0.00433	0.00137	0.00388	0.00478	0.47502	0.00662
27	0.01215	0.01380	0.03007	0.02152	0.02668	0.01294	0.74441	0.01649	0.01236	0.01680	0.03201	0.01474	0.00905	0.00456	0.00615	0.00175	0.00860	0.00624	0.00272	0.00696
28	0.03948	0.06504	0.72603	0.01428	0.02167	0.01250	0.01827	0.01641	0.01090	0.01652	0.00917	0.01078	0.00657	0.00492	0.00481	0.00162	0.00747	0.00376	0.00224	0.00758
29	0.00615	0.00528	0.00528	0.00528	0.00703	0.00440	0.00396	0.00747	0.01187	0.01407	0.05276	0.05012	0.78238	0.01319	0.00615	0.00176	0.00264	0.01099	0.00484	0.00440
30	0.00686	0.00497	0.00647	0.00679	0.00764	0.00459	0.00483	0.00857	0.01249	0.01719	0.41222	0.38123	0.08019	0.01328	0.00637	0.00185	0.00272	0.01187	0.00529	0.00459
31	0.01260	0.01208	0.02062	0.10508	0.71364	0.01230	0.01584	0.01573	0.01172	0.01666	0.00974	0.01298	0.00813	0.00469	0.00516	0.00156	0.00626	0.00464	0.00255	0.00802
32	0.00983	0.00926	0.01562	0.80447	0.03587	0.01157	0.01446	0.01331	0.01041	0.01331	0.00926	0.01388	0.00694	0.00521	0.00521	0.00174	0.00694	0.00463	0.00231	0.00579
33	0.00740	0.00568	0.00702	0.00769	0.00913	0.00529	0.00644	0.00933	0.01194	0.01492	0.03868	0.05494	0.36191	0.01386	0.00673	0.00212	0.00384	0.42367	0.00481	0.00462
34	0.01045	0.02694	0.79000	0.01484	0.02254	0.01209	0.01924	0.01649	0.01099	0.01649	0.00935	0.01099	0.00660	0.00495	0.00495	0.00165	0.00770	0.00385	0.00220	0.00770
35	0.00983	0.00926	0.01562	0.80447	0.03587	0.01157	0.01446	0.01331	0.01041	0.01331	0.00926	0.01388	0.00694	0.00521	0.00521	0.00174	0.00694	0.00463	0.00231	0.00579
36	0.01040	0.04905	0.72954	0.01427	0.02155	0.01199	0.01824	0.01614	0.01117	0.01658	0.04695	0.01228	0.00867	0.00521	0.00496	0.00163	0.00738	0.00409	0.00237	0.00753
37	0.06386	0.00892	0.01187	0.00915	0.01314	0.00785	0.00756	0.02489	0.01461	0.75081	0.01990	0.01727	0.01254	0.00637	0.00514	0.00161	0.00441	0.00512	0.00629	0.00871
38	0.01673	0.01299	0.01382	0.01125	0.01487	0.01456	0.00908	0.45623	0.31737	0.02797	0.01706	0.01630	0.03401	0.00677	0.00527	0.00165	0.00501	0.00534	0.00523	0.00849
39	0.00762	0.00509	0.00588	0.00588	0.00600	0.00517	0.00345	0.00785	0.00774	0.01053	0.01622	0.03251	0.01827	0.72806	0.09060	0.00522	0.00572	0.00733	0.02753	0.00333
40	0.01318	0.01133	0.01384	0.01522	0.18385	0.01260	0.00987	0.07103	0.51983	0.02079	0.01751	0.01736	0.01341	0.00703	0.00602	0.04444	0.00470	0.00547	0.00454	0.00798
41	0.00744	0.00558	0.00837	0.00837	0.00930	0.00651	0.00651	0.00930	0.00837	0.01209	0.01395	0.02046	0.01302	0.03906	0.79635	0.00837	0.01395	0.00558	0.00279	0.00465
42	0.01244	0.01334	0.02641	0.01941	0.02351	0.01363	0.55947	0.06238	0.01219	0.01683	0.01046	0.03465	0.00847	0.00569	0.00812	0.00185	0.15555	0.00599	0.00279	0.00682
43	0.01280	0.01172	0.01692	0.02251	0.44431	0.01245	0.01257	0.02071	0.32932	0.01896	0.01499	0.01677	0.01198	0.00589	0.00527	0.00166	0.00529	0.02395	0.00377	0.00816
44	0.00630	0.00470	0.00587	0.00681	0.00744	0.00427	0.00464	0.00730	0.01039	0.01347	0.03402	0.64476	0.19984	0.01562	0.00654	0.00204	0.00294	0.01396	0.00483	0.00427
45	0.01295	0.01119	0.01178	0.01060	0.01354	0.01295	0.00824	0.02767	0.77509	0.02178	0.02120	0.01943	0.01590	0.00707	0.00530	0.00177	0.00412	0.00589	0.00530	0.00824
46	0.00634	0.00453	0.00604	0.00725	0.00755	0.00423	0.00483	0.00725	0.00997	0.01329	0.02870	0.81358	0.03444	0.01632	0.00665	0.00211	0.00302	0.01480	0.00483	0.00423
47	0.01248	0.01205	0.05263	0.01219	0.01705	0.01008	0.19448	0.12594	0.01320	0.01923	0.01006	0.01186	0.00788	0.00439	0.00467	0.00117	0.00553	0.00411	0.00325	0.47776
48	0.01045	0.02694	0.79000	0.01484	0.02254	0.01209	0.01924	0.01649	0.01099	0.01649	0.00935	0.01099	0.00660	0.00495	0.00495	0.00165	0.00770	0.00385	0.00220	0.00770
49	0.01045	0.02694	0.79000	0.01484	0.02254	0.01209	0.01924	0.01649	0.01099	0.01649	0.00935	0.01099	0.00660	0.00495	0.00495	0.00165	0.00770	0.00385	0.00220	0.00770
50	0.01579	0.01313	0.03139	0.02419	0.01536	0.08963	0.05658	0.19676	0.14278	0.12097	0.01403	0.01490	0.02233	0.00761	0.02619	0.00189	0.16433	0.00500	0.02975	0.00738
51	0.02336	0.00886	0.01209	0.00927	0.01329	0.00765	0.00765	0.02538	0.01491	0.78810	0.02055	0.01773	0.01289	0.00645	0.00524	0.00161	0.00443	0.00524	0.00645	0.00886
52	0.02299	0.00946	0.01246	0.00955	0.01359	0.00854	0.00789	0.10303	0.01591	0.70903	0.01970	0.01718	0.01247	0.00643	0.00523	0.00161	0.00457	0.00518	0.00632	0.00886
53	0.01945	0.02482	0.01476	0.01342	0.01610	0.79608	0.01006	0.02079	0.01476	0.01275	0.00805	0.00939	0.00671	0.00537	0.00470	0.00134	0.00939	0.00335	0.00268	0.00604
54	0.00791	0.00568	0.00772	0.00815	0.00937	0.00548	0.00675	0.01033	0.01329	0.01809	0.38395	0.04937	0.03903	0.01262	0.00670	0.00204	0.00369	0.39975	0.00524	0.00485
55	0.00633	0.00458	0.00599	0.00711	0.00752	0.00424	0.00477	0.00727	0.01010	0.01335	0.03040	0.75981	0.08712	0.01609	0.00661	0.00209	0.00299	0.01454	0.00483	0.00424
56	0.00760	0.00575	0.00843	0.00835	0.00917	0.00674	0.00642	0.00928	0.00829	0.01194	0.01389	0.02124	0.01327	0.10161	0.70429	0.00787	0.04280	0.00570	0.00280	0.00457
57	0.00702	0.00540	0.00596	0.00576	0.00743	0.00464	0.00434	0.00868	0.01277	0.03955	0.25733	0.04597	0.55220	0.01227	0.00612	0.00172	0.00264	0.01037	0.00514	0.00468
58	0.01945	0.02482	0.01476	0.01342	0.01610	0.79608	0.01006	0.02079	0.01476	0.01275	0.00805	0.00939	0.00671	0.00537	0.00470	0.00134	0.00939	0.00335	0.00268	0.00604
59	0.85377	0.01007	0.00765	0.00685	0.01007	0.01168	0.00564	0.01531	0.00886	0.02336	0.00725	0.00846	0.00564	0.00483	0.00322	0.00161	0.00403	0.00282	0.00322	0.00564
60	0.01216	0.01041	0.01116	0.01009	0.01260	0.01202	0.00776	0.02455	0.64703	0.02026	0.03883	0.02148	0.03253	0.07666	0.00759	0.00206	0.03407	0.00617	0.00500	0.00755
61	0.00628	0.00477	0.00580	0.00661	0.00739	0.00428	0.00455	0.00732	0.01058	0.01354	0.03646	0.56733	0.27569	0.01531	0.00649	0.00200	0.00290	0.01357	0.00483	0.00428
62	0.00711	0.00531	0.00660	0.00628	0.00762	0.00480	0.00471	0.00933	0.01413	0.01944	0.62769	0.04127	0.20409	0.01118	0.00614	0.00166	0.00250	0.00975	0.00554	0.00480
63	0.01155	0.01101	0.01449	0.01261	0.01339	0.01467	0.01034	0.01608	0.19707	0.01479	0.01078	0.01389	0.00942	0.01032	0.05878	0.00250	0.56404	0.00494	0.00305	0.00626
64	0.00983	0.00926	0.01562	0.80447	0.03587	0.01157	0.01446	0.01331	0.01041	0.01331	0.00926	0.01388	0.00694	0.00521	0.00521	0.00174	0.00694	0.00463	0.00231	0.00579
65	0.01941	0.01356	0.01481	0.01151	0.01548	0.01481	0.00945	0.63840	0.05626	0.10493	0.01418	0.03879	0.01037	0.00663	0.00526	0.00159	0.00545	0.00512	0.00532	0.00868
66	0.00997	0.00790	0.00935	0.00732	0.01066	0.00642	0.00575	0.03591	0.01257	0.03776	0.23510	0.02292	0.09550	0.00685	0.00481	0.00116	0.00341	0.00578	0.00417	0.47670
67	0.01415	0.18108	0.21996	0.01217	0.01696	0.02994	0.06774	0.11405	0.12227	0.09692	0.01346	0.03797	0.01066	0.00612	0.00495	0.00158	0.00604	0.03274	0.00368	0.00754
68	0.01062	0.06697	0.75150	0.01454	0.02208	0.01252	0.01872	0.01645	0.01097	0.01628	0.00924	0.01086	0.00660	0.00492	0.00487	0.00162	0.00759	0.00379	0.00220	0.00765
69	0.00633	0.00525	0.00525	0.00525	0.00699	0.00442	0.00394	0.00771	0.01182	0.01434	0.05095	0.04857	0.74357	0.01283	0.00603	0.00173	0.00263	0.01068	0.04729	0.00442
70	0.01057	0.00902	0.01056	0.00769	0.01210	0.00681	0.00610	0.01282	0.01076	0.01678	0.01024	0.05134	0.00906	0.00449	0.00400	0.00084	0.00381	0.00368	0.00317	0.80617
71	0.01163	0.08260	0.27027	0.01067	0.02693	0.00939	0.03469	0.01506	0.01267	0.14220	0.20275	0.02388	0.12051	0.00759	0.00535	0.00161	0.00507	0.00635	0.00411	0.00668
72	0.02077	0.01254	0.01430	0.01102	0.01510	0.01317	0.00908	0.49132	0.04694	0.28751	0.01552	0.01450	0.01046	0.00634	0.00522	0.00159	0.00524	0.00491	0.00563	0.00884
73	0.01181	0.00833	0.01086	0.00976	0.01157	0.00960	0.00778	0.07229	0.14473	0.11370	0.01512	0.01828	0.01248	0.02338	0.40771	0.00514	0.10196	0.00540	0.00382	0.00625

[dist]
# distance from previous block
# <min> <max>
5	17

[block]
# block no. 6 follows, 47 sequences, length 37
# corresponding to MSA columns:
# 337-343,345-374
name=unknown_G
#
# <colnr> <probs for GDERKNQSTAVLIFYWHMCP>
#	G	D	E	R	K	N	Q	S	T	A	V	L	I	F	Y	W	H	M	C	P
0	0.01260	0.01198	0.02030	0.03054	0.74226	0.01198	0.01529	0.01553	0.01163	0.01664	0.01015	0.01404	0.00883	0.04870	0.00631	0.00174	0.00612	0.00480	0.00261	0.00797
1	0.00676	0.04942	0.00678	0.00594	0.00764	0.00536	0.00456	0.00817	0.01177	0.01435	0.08891	0.12681	0.58787	0.01294	0.00610	0.00178	0.00292	0.04262	0.00474	0.00455
2	0.01392	0.82012	0.02729	0.00891	0.01337	0.02061	0.00891	0.01559	0.01058	0.01225	0.00724	0.00835	0.00668	0.00446	0.00334	0.00111	0.00557	0.00278	0.00223	0.00668
3	0.01012	0.00843	0.00828	0.00778	0.00995	0.06913	0.00607	0.03419	0.15088	0.06291	0.07762	0.03861	0.40353	0.01085	0.00590	0.00177	0.00383	0.07958	0.00490	0.00568
4	0.01080	0.00926	0.01080	0.00771	0.01234	0.00694	0.00617	0.01311	0.01080	0.01697	0.00926	0.01080	0.00771	0.00386	0.00386	0.00077	0.00386	0.00309	0.00309	0.84882
5	0.01245	0.01074	0.01432	0.41121	0.02521	0.01276	0.01164	0.13611	0.27199	0.01923	0.01381	0.01555	0.01028	0.00600	0.00524	0.00172	0.00580	0.00506	0.00378	0.00710
6	0.01102	0.01119	0.02115	0.45356	0.13201	0.01218	0.25354	0.01473	0.01120	0.01487	0.00973	0.01380	0.00742	0.00487	0.00550	0.00172	0.00743	0.00511	0.00245	0.00650
7	0.01441	0.01583	0.01174	0.01110	0.01327	0.39815	0.00869	0.05701	0.03618	0.01594	0.11735	0.02775	0.04414	0.00873	0.00562	0.00169	0.00672	0.19603	0.00391	0.00573
8	0.00635	0.00495	0.00577	0.00627	0.00733	0.00437	0.00444	0.00760	0.01130	0.01437	0.11112	0.38725	0.38165	0.01433	0.00637	0.00190	0.00279	0.01253	0.00492	0.00437
9	0.01459	0.14165	0.01550	0.01124	0.01401	0.33636	0.04943	0.05937	0.01264	0.01403	0.01045	0.03400	0.00953	0.06557	0.13547	0.00272	0.00850	0.00442	0.00289	0.05762
10	0.00711	0.00547	0.00638	0.00675	0.00805	0.00502	0.00528	0.00861	0.01135	0.01415	0.06069	0.05013	0.40707	0.13406	0.00954	0.00245	0.00368	0.24528	0.00460	0.00435
