[name]
unknown

[dist]
# distance from previous block
# <min> <max>
3	34

[block]
# block no. 0 follows, 48 sequences, length 8
# corresponding to MSA columns:
# 37-44
name=unknown_A
#
# <colnr> <probs for GDERKNQSTAVLIFYWHMCP>
#	G	D	E	R	K	N	Q	S	T	A	V	L	I	F	Y	W	H	M	C	P
0	0.01088	0.00866	0.01135	0.04139	0.10033	0.00992	0.00834	0.09630	0.09035	0.01745	0.01576	0.16886	0.01489	0.01049	0.05839	0.00216	0.15333	0.00671	0.16844	0.00600
1	0.01105	0.00945	0.01018	0.06346	0.01219	0.09666	0.00736	0.12774	0.01258	0.01682	0.09662	0.03830	0.06037	0.06691	0.21192	0.00352	0.06223	0.00595	0.08124	0.00545
2	0.10013	0.01179	0.01529	0.03948	0.36533	0.06380	0.01120	0.14647	0.01373	0.02006	0.05674	0.03895	0.01145	0.00576	0.00484	0.00152	0.00540	0.00492	0.07599	0.00716
3	0.00822	0.00678	0.01028	0.21924	0.11081	0.00723	0.00835	0.01003	0.01021	0.01371	0.08414	0.31998	0.02256	0.13475	0.00896	0.00232	0.00463	0.00918	0.00366	0.00495
4	0.00819	0.00691	0.01057	0.22339	0.10642	0.00750	0.00873	0.01023	0.01013	0.01356	0.05027	0.24021	0.08404	0.04877	0.14487	0.00306	0.00628	0.00833	0.00346	0.00511
5	0.00867	0.00540	0.00730	0.00737	0.00843	0.00528	0.00538	0.01011	0.01061	0.10331	0.13380	0.32647	0.06266	0.06720	0.20931	0.00368	0.00590	0.00982	0.00446	0.00484
6	0.01281	0.01182	0.01921	0.18069	0.56170	0.01242	0.01484	0.09283	0.01268	0.01765	0.00982	0.01285	0.00794	0.00484	0.00510	0.00156	0.00619	0.00457	0.00276	0.00772
7	0.01072	0.00890	0.00937	0.00865	0.01013	0.09894	0.00677	0.08955	0.01135	0.01591	0.01528	0.01882	0.05690	0.01979	0.32823	0.00423	0.07757	0.00522	0.19838	0.00529

[dist]
# distance from previous block
# <min> <max>
5	6

[block]
# block no. 1 follows, 48 sequences, length 20
# corresponding to MSA columns:
# 51-67,70-72
name=unknown_B
#
# <colnr> <probs for GDERKNQSTAVLIFYWHMCP>
#	G	D	E	R	K	N	Q	S	T	A	V	L	I	F	Y	W	H	M	C	P
0	0.23538	0.00721	0.00750	0.00723	0.00917	0.00746	0.00549	0.03438	0.06263	0.07957	0.07072	0.24426	0.14005	0.03590	0.00594	0.00189	0.00353	0.03182	0.00451	0.00535
1	0.00628	0.00490	0.00570	0.00615	0.00723	0.00432	0.00437	0.00754	0.01125	0.01433	0.12748	0.36529	0.38892	0.01398	0.00626	0.00186	0.00273	0.01220	0.00487	0.00432
2	0.00695	0.00489	0.00634	0.00681	0.00713	0.00498	0.00451	0.00772	0.00858	0.01164	0.02044	0.34211	0.02343	0.32397	0.19239	0.00456	0.00615	0.00986	0.00369	0.00386
3	0.00730	0.00563	0.00666	0.00711	0.00812	0.00550	0.00505	0.01015	0.11075	0.01466	0.07671	0.40940	0.19043	0.07528	0.00776	0.00217	0.00324	0.04464	0.00475	0.00470
4	0.00688	0.00477	0.00623	0.00694	0.00760	0.00439	0.00479	0.00811	0.01093	0.03576	0.16632	0.60228	0.08665	0.01459	0.00639	0.00196	0.00289	0.01312	0.00497	0.00443
5	0.01353	0.54567	0.07165	0.01160	0.01604	0.08747	0.13331	0.01585	0.01102	0.01307	0.00807	0.00978	0.00698	0.00559	0.02976	0.00148	0.00673	0.00349	0.00232	0.00658
6	0.00719	0.00517	0.00662	0.00670	0.00726	0.00542	0.00460	0.00810	0.00837	0.01134	0.01980	0.07834	0.09957	0.37521	0.32790	0.00574	0.00806	0.00749	0.00325	0.00389
7	0.00789	0.00486	0.00542	0.00558	0.00609	0.00478	0.00357	0.00888	0.00920	0.01373	0.04506	0.13940	0.04595	0.40038	0.01504	0.00318	0.00373	0.00780	0.26559	0.00388
8	0.85592	0.00992	0.00754	0.00675	0.00992	0.01151	0.00556	0.01508	0.00873	0.02302	0.00714	0.00834	0.00556	0.00476	0.00318	0.00159	0.00397	0.00278	0.00318	0.00556
9	0.01108	0.00604	0.00763	0.00699	0.00892	0.00532	0.00532	0.01278	0.01289	0.22902	0.23220	0.18937	0.22989	0.01112	0.00591	0.00173	0.00311	0.00961	0.00543	0.00564
10	0.00709	0.00482	0.00571	0.00608	0.00617	0.00472	0.00362	0.00736	0.00819	0.01093	0.01992	0.27636	0.02339	0.57042	0.02005	0.00408	0.00435	0.00967	0.00362	0.00344
11	0.01310	0.04395	0.01282	0.01214	0.08812	0.01218	0.00866	0.02435	0.57779	0.07110	0.01961	0.06371	0.01541	0.00711	0.00520	0.00170	0.00427	0.00602	0.00489	0.00787
12	0.01081	0.01061	0.01491	0.01291	0.01301	0.01472	0.01071	0.01201	0.00790	0.01230	0.00749	0.01218	0.00739	0.01215	0.10078	0.00289	0.72483	0.00460	0.00230	0.00550
13	0.00695	0.00486	0.00623	0.00688	0.00720	0.00481	0.00461	0.00773	0.00898	0.01203	0.02242	0.39675	0.02603	0.30778	0.09057	0.00375	0.00488	0.06971	0.00397	0.00387
14	0.00889	0.00721	0.00897	0.03254	0.00916	0.02451	0.00608	0.00962	0.00806	0.01144	0.01308	0.02447	0.01403	0.44528	0.08976	0.00414	0.22115	0.00616	0.05131	0.00414
15	0.01029	0.02654	0.79309	0.01462	0.02221	0.01192	0.01896	0.01625	0.01083	0.01625	0.00921	0.01083	0.00650	0.00487	0.00487	0.00162	0.00758	0.00379	0.00217	0.00758
16	0.00998	0.00737	0.01069	0.01332	0.18570	0.00734	0.00799	0.05451	0.01138	0.07673	0.02174	0.49589	0.02398	0.01187	0.00639	0.00189	0.03254	0.01064	0.00432	0.00574
17	0.01401	0.67823	0.06700	0.00985	0.01436	0.04757	0.03433	0.05898	0.01144	0.01362	0.00768	0.00883	0.00674	0.00455	0.00362	0.00118	0.00585	0.00304	0.00239	0.00675
18	0.00742	0.00513	0.00636	0.00636	0.00662	0.00539	0.00406	0.00795	0.00769	0.01051	0.01547	0.02971	0.01697	0.59445	0.24904	0.00592	0.00750	0.00690	0.00301	0.00353
19	0.01050	0.07591	0.66904	0.01422	0.02104	0.01245	0.03993	0.01584	0.01066	0.01571	0.00917	0.01106	0.00675	0.00604	0.03035	0.00183	0.03610	0.00387	0.00220	0.00733

[dist]
# distance from previous block
# <min> <max>
0	1

[block]
# block no. 2 follows, 48 sequences, length 9
# corresponding to MSA columns:
# 74-82
name=unknown_C
#
# <colnr> <probs for GDERKNQSTAVLIFYWHMCP>
#	G	D	E	R	K	N	Q	S	T	A	V	L	I	F	Y	W	H	M	C	P
0	0.01185	0.03175	0.01378	0.01233	0.03692	0.10891	0.00962	0.01568	0.15548	0.01423	0.01172	0.05868	0.01071	0.01182	0.10539	0.00269	0.37411	0.00524	0.00307	0.00603
1	0.00745	0.00504	0.00593	0.00593	0.00604	0.00516	0.00352	0.00768	0.00756	0.01020	0.01586	0.03189	0.01792	0.72145	0.12334	0.00539	0.00608	0.00721	0.00306	0.00329
2	0.01181	0.22165	0.01835	0.07672	0.09370	0.01435	0.04223	0.02985	0.02819	0.03207	0.00937	0.01269	0.00826	0.01137	0.13464	0.00272	0.23891	0.00433	0.00259	0.00622
3	0.00733	0.00550	0.00825	0.00825	0.00916	0.00641	0.00641	0.00916	0.00825	0.01191	0.01374	0.02016	0.01283	0.03848	0.79934	0.00825	0.01374	0.00550	0.00275	0.00458
4	0.01060	0.01089	0.09012	0.00831	0.01318	0.00736	0.00739	0.01326	0.01066	0.01667	0.00913	0.01066	0.00749	0.00391	0.00391	0.00085	0.00418	0.00312	0.00295	0.76536
5	0.00791	0.00585	0.00742	0.00792	0.00890	0.00590	0.00586	0.06402	0.04684	0.01534	0.05126	0.47241	0.07141	0.01661	0.08695	0.00266	0.00450	0.10880	0.00463	0.00483
6	0.13787	0.14936	0.19365	0.01368	0.08259	0.18885	0.03031	0.01633	0.01100	0.01529	0.00803	0.00998	0.00660	0.00536	0.00591	0.00154	0.11105	0.00358	0.00248	0.00653
7	0.39736	0.16097	0.03520	0.03556	0.01266	0.11162	0.00752	0.03510	0.03928	0.01842	0.01018	0.04774	0.02703	0.00558	0.00387	0.00147	0.00507	0.00384	0.00310	0.03842
8	0.01438	0.50834	0.08058	0.00936	0.01391	0.04340	0.00913	0.04450	0.01158	0.09301	0.00912	0.00989	0.00742	0.00464	0.00379	0.00116	0.00544	0.00320	0.00286	0.12430

[dist]
# distance from previous block
# <min> <max>
7	31

[block]
# block no. 3 follows, 48 sequences, length 9
# corresponding to MSA columns:
# 117-125
name=unknown_D
#
# <colnr> <probs for GDERKNQSTAVLIFYWHMCP>
#	G	D	E	R	K	N	Q	S	T	A	V	L	I	F	Y	W	H	M	C	P
0	0.00759	0.00621	0.00735	0.06100	0.01019	0.00624	0.00569	0.01124	0.14518	0.01510	0.06125	0.32926	0.28942	0.01247	0.00604	0.00186	0.00328	0.01088	0.00471	0.00504
1	0.01128	0.01074	0.01633	0.14466	0.08707	0.03726	0.15733	0.04199	0.13307	0.01551	0.01269	0.03782	0.01111	0.11395	0.04475	0.00248	0.10693	0.00568	0.00314	0.00621
2	0.01153	0.11728	0.01185	0.00954	0.01149	0.20579	0.00774	0.03475	0.01264	0.01482	0.09364	0.14429	0.06040	0.01030	0.00569	0.00177	0.00540	0.23178	0.00398	0.00530
3	0.01181	0.00966	0.01072	0.00855	0.01149	0.06147	0.00684	0.01383	0.01067	0.06034	0.01074	0.01269	0.00875	0.00538	0.00617	0.00119	0.14507	0.00377	0.16755	0.43330
4	0.01620	0.03129	0.17355	0.01295	0.01756	0.01219	0.12278	0.22054	0.05737	0.20683	0.01399	0.03954	0.01017	0.00610	0.00565	0.00164	0.03433	0.00514	0.00428	0.00790
5	0.03748	0.01031	0.07203	0.14915	0.01496	0.06292	0.00890	0.01145	0.00895	0.01236	0.01176	0.05196	0.01204	0.28210	0.04525	0.00316	0.19188	0.00576	0.00272	0.00486
6	0.04605	0.01076	0.01624	0.05517	0.35070	0.01130	0.06135	0.01782	0.21225	0.01815	0.05844	0.02015	0.01428	0.00648	0.00536	0.00169	0.00534	0.07750	0.00365	0.00732
7	0.10043	0.00697	0.00830	0.03664	0.04093	0.00711	0.02967	0.04764	0.01182	0.11082	0.04632	0.01765	0.01293	0.00595	0.00409	0.00136	0.00344	0.00482	0.49735	0.00574
8	0.01236	0.17794	0.23579	0.09992	0.22485	0.04491	0.04151	0.01589	0.01140	0.04491	0.03766	0.01241	0.00881	0.00498	0.00473	0.00149	0.00649	0.00419	0.00261	0.00719

[dist]
# distance from previous block
# <min> <max>
0	8

[block]
# block no. 4 follows, 48 sequences, length 47
# corresponding to MSA columns:
# 134-180
name=unknown_E
#
# <colnr> <probs for GDERKNQSTAVLIFYWHMCP>
#	G	D	E	R	K	N	Q	S	T	A	V	L	I	F	Y	W	H	M	C	P
0	0.01014	0.12898	0.06210	0.01090	0.04535	0.02947	0.12000	0.06780	0.01266	0.01620	0.09417	0.07352	0.26044	0.00891	0.00551	0.00163	0.00485	0.03769	0.00387	0.00582
1	0.01430	0.00917	0.01194	0.06889	0.06192	0.00813	0.00798	0.06567	0.01292	0.22635	0.05351	0.01706	0.01238	0.00572	0.00473	0.00129	0.00442	0.04697	0.00421	0.36243
2	0.01138	0.00927	0.01082	0.00782	0.01231	0.00722	0.00627	0.03068	0.03019	0.04757	0.00992	0.01116	0.00803	0.00403	0.00392	0.00083	0.00387	0.00323	0.00327	0.77821
3	0.01029	0.01007	0.01776	0.60852	0.07858	0.01191	0.11651	0.01368	0.01046	0.01374	0.00919	0.01350	0.00704	0.00521	0.00592	0.00173	0.05280	0.00476	0.00234	0.00601
4	0.00630	0.00451	0.00600	0.00711	0.00745	0.00420	0.00477	0.00728	0.01007	0.01349	0.06741	0.77609	0.03469	0.01579	0.00652	0.00206	0.00295	0.01431	0.00481	0.00420
5	0.01025	0.00802	0.00906	0.00836	0.01045	0.00856	0.00639	0.01810	0.37165	0.04863	0.27958	0.08557	0.09561	0.00931	0.00567	0.00172	0.00332	0.00802	0.00533	0.00643
6	0.00664	0.00496	0.00562	0.00593	0.00671	0.00455	0.00397	0.00746	0.00989	0.01255	0.04800	0.23570	0.31529	0.27870	0.01279	0.00290	0.00352	0.02669	0.00424	0.00391
7	0.00635	0.00488	0.00582	0.00635	0.00734	0.00436	0.00451	0.00763	0.01119	0.01439	0.13256	0.40129	0.33004	0.01412	0.00631	0.00189	0.00280	0.02896	0.00487	0.00433
8	0.00685	0.00523	0.00629	0.00602	0.00741	0.00467	0.00452	0.00889	0.01356	0.01828	0.53389	0.04211	0.30092	0.01135	0.00606	0.00165	0.00248	0.00981	0.00535	0.00467
9	0.01270	0.01219	0.02083	0.03149	0.78767	0.01219	0.01575	0.01575	0.01168	0.01676	0.00965	0.01270	0.00813	0.00457	0.00508	0.00152	0.00610	0.00457	0.00254	0.00813
10	0.01951	0.01437	0.01540	0.01181	0.01591	0.01591	0.00975	0.77056	0.02412	0.03234	0.01232	0.01232	0.00873	0.00616	0.00513	0.00154	0.00565	0.00462	0.00513	0.00873
11	0.02243	0.00893	0.01242	0.01040	0.05722	0.00781	0.00801	0.02448	0.01452	0.74711	0.01964	0.01719	0.01244	0.00625	0.00516	0.00158	0.00446	0.00513	0.00613	0.00870
12	0.00876	0.00658	0.00752	0.00778	0.00915	0.05033	0.00611	0.01055	0.01225	0.06254	0.17802	0.19722	0.17915	0.01262	0.00632	0.00193	0.00375	0.22964	0.00490	0.00487
13	0.27594	0.09631	0.23754	0.03315	0.01582	0.05289	0.03906	0.04501	0.01093	0.05425	0.00991	0.05289	0.00813	0.00559	0.00461	0.00157	0.02578	0.00412	0.00300	0.02350
14	0.01672	0.02037	0.01490	0.01330	0.01512	0.55746	0.01032	0.01798	0.01248	0.01249	0.00756	0.00986	0.00665	0.00643	0.00839	0.00161	0.25632	0.00367	0.00252	0.00584
15	0.00895	0.00626	0.00767	0.00703	0.00815	0.00618	0.02359	0.05685	0.04701	0.04517	0.22475	0.07797	0.07588	0.36544	0.01476	0.00313	0.00409	0.00820	0.00432	0.00460
16	0.01244	0.23315	0.11571	0.09927	0.09380	0.08412	0.20913	0.01558	0.01129	0.01433	0.00950	0.03101	0.00795	0.00613	0.03386	0.00174	0.00734	0.00453	0.00246	0.00666
17	0.01003	0.00958	0.01653	0.71095	0.09049	0.01154	0.05191	0.01347	0.01046	0.01355	0.00922	0.01362	0.00698	0.00505	0.00517	0.00170	0.00688	0.00464	0.00231	0.00594
18	0.00969	0.00912	0.01539	0.80734	0.03534	0.01140	0.01425	0.01311	0.01026	0.01311	0.00912	0.01368	0.00684	0.00513	0.00513	0.00171	0.00684	0.00456	0.00228	0.00570
19	0.01527	0.14866	0.15898	0.01231	0.01661	0.14427	0.10100	0.07838	0.01355	0.15234	0.08110	0.01428	0.01175	0.00576	0.00515	0.00150	0.02381	0.00463	0.00359	0.00707
20	0.02003	0.00876	0.01135	0.00904	0.01262	0.00805	0.00735	0.02387	0.12803	0.60697	0.06265	0.02000	0.04332	0.00691	0.00525	0.00162	0.00415	0.00568	0.00609	0.00827
21	0.00606	0.00520	0.00520	0.00520	0.00693	0.00433	0.00390	0.00736	0.01170	0.01386	0.05198	0.04938	0.78558	0.01299	0.00606	0.00173	0.00260	0.01083	0.00476	0.00433
22	0.00969	0.00912	0.01539	0.80734	0.03534	0.01140	0.01425	0.01311	0.01026	0.01311	0.00912	0.01368	0.00684	0.00513	0.00513	0.00171	0.00684	0.00456	0.00228	0.00570
23	0.01204	0.01156	0.01838	0.36136	0.36058	0.05658	0.05350	0.01518	0.01134	0.03674	0.00966	0.01312	0.00760	0.00489	0.00513	0.00160	0.00668	0.00459	0.00254	0.00692
24	0.01438	0.01182	0.01251	0.01077	0.01396	0.01352	0.00851	0.20533	0.59770	0.02407	0.01883	0.01751	0.01400	0.00677	0.00520	0.00169	0.00444	0.00552	0.00520	0.00827
25	0.00891	0.00446	0.00668	0.00668	0.00668	0.00446	0.00446	0.00668	0.00668	0.00891	0.00891	0.01560	0.00891	0.01783	0.02005	0.85071	0.00446	0.00446	0.00223	0.00223
26	0.85592	0.00992	0.00754	0.00675	0.00992	0.01151	0.00556	0.01508	0.00873	0.02302	0.00714	0.00834	0.00556	0.00476	0.00318	0.00159	0.00397	0.00278	0.00318	0.00556
27	0.00744	0.00538	0.00785	0.00785	0.00861	0.00613	0.00592	0.00882	0.00806	0.01151	0.01373	0.02139	0.01325	0.12512	0.66561	0.05842	0.01220	0.00566	0.00276	0.00427
28	0.01042	0.05626	0.76449	0.01441	0.02187	0.01223	0.01858	0.01622	0.01082	0.01609	0.00913	0.01074	0.00650	0.00486	0.00482	0.00161	0.00750	0.00375	0.00217	0.00755
29	0.13247	0.01100	0.01703	0.23445	0.15175	0.01195	0.13238	0.08493	0.02871	0.08658	0.01070	0.01336	0.00810	0.01884	0.00578	0.00171	0.03555	0.00468	0.00320	0.00684
30	0.00969	0.00912	0.01539	0.80734	0.03534	0.01140	0.01425	0.01311	0.01026	0.01311	0.00912	0.01368	0.00684	0.00513	0.00513	0.00171	0.00684	0.00456	0.00228	0.00570
31	0.00746	0.00497	0.00560	0.00560	0.00560	0.00497	0.00311	0.00746	0.00746	0.00995	0.01617	0.03358	0.01865	0.81967	0.02612	0.00497	0.00497	0.00746	0.00311	0.00311
32	0.01965	0.01414	0.01526	0.01170	0.01580	0.01557	0.00966	0.74042	0.02374	0.06302	0.01264	0.01253	0.00889	0.00617	0.00513	0.00154	0.00559	0.00464	0.00518	0.00873
33	0.01372	0.82276	0.02689	0.00878	0.01317	0.02030	0.00878	0.01536	0.01043	0.01207	0.00713	0.00823	0.00658	0.00439	0.00329	0.00110	0.00549	0.00274	0.00219	0.00658
34	0.00726	0.00524	0.00686	0.00646	0.00767	0.00484	0.00484	0.00968	0.01452	0.02058	0.78496	0.03833	0.04841	0.01049	0.00605	0.00161	0.00242	0.00928	0.00565	0.00484
35	0.01191	0.01331	0.06451	0.01831	0.22368	0.08770	0.09698	0.01462	0.03229	0.01467	0.01351	0.01607	0.09209	0.00705	0.00907	0.00180	0.26789	0.00526	0.00275	0.00652
36	0.00625	0.00506	0.00555	0.00573	0.00712	0.00436	0.00418	0.00761	0.01169	0.01456	0.13933	0.19709	0.54698	0.01328	0.00616	0.00179	0.00265	0.01137	0.00488	0.00436
37	0.00982	0.00925	0.01562	0.77454	0.06714	0.01143	0.01431	0.01322	0.01032	0.01326	0.00914	0.01364	0.00689	0.00511	0.00513	0.00170	0.00681	0.00456	0.00229	0.00580
38	0.01093	0.00973	0.01346	0.45419	0.02533	0.01171	0.01137	0.01882	0.32241	0.01672	0.01418	0.01610	0.01066	0.00591	0.00511	0.00170	0.00555	0.00507	0.03440	0.00665
39	0.01026	0.00592	0.00777	0.00692	0.00868	0.00534	0.00532	0.01255	0.01444	0.16910	0.60766	0.03475	0.07134	0.00979	0.00588	0.00161	0.00280	0.00855	0.00575	0.00557
40	0.00746	0.00497	0.00560	0.00560	0.00560	0.00497	0.00311	0.00746	0.00746	0.00995	0.01617	0.03358	0.01865	0.81967	0.02612	0.00497	0.00497	0.00746	0.00311	0.00311
41	0.00784	0.00579	0.00723	0.00740	0.00851	0.00565	0.00545	0.05283	0.05229	0.01748	0.29606	0.35914	0.07613	0.01276	0.00624	0.00187	0.00309	0.06421	0.00512	0.00492
42	0.00635	0.00454	0.00606	0.00716	0.00753	0.00424	0.00485	0.00736	0.01011	0.01354	0.06739	0.75820	0.03458	0.01574	0.00654	0.00207	0.00299	0.03173	0.00481	0.00422
43	0.85592	0.00992	0.00754	0.00675	0.00992	0.01151	0.00556	0.01508	0.00873	0.02302	0.00714	0.00834	0.00556	0.00476	0.00318	0.00159	0.00397	0.00278	0.00318	0.00556
44	0.02574	0.00899	0.01164	0.23700	0.01830	0.02710	0.02376	0.04072	0.17939	0.10400	0.11281	0.02458	0.11880	0.00774	0.00544	0.00171	0.00478	0.03680	0.00433	0.00637
45	0.05912	0.05963	0.01458	0.01066	0.01465	0.07130	0.00878	0.44865	0.03271	0.10928	0.01207	0.01214	0.00871	0.00567	0.00474	0.00141	0.00543	0.00421	0.00456	0.11171
46	0.01327	0.07916	0.12327	0.20916	0.06486	0.05218	0.06668	0.04930	0.05828	0.12491	0.03208	0.03667	0.01058	0.00583	0.00504	0.00158	0.00611	0.01836	0.00341	0.03928

[dist]
# distance from previous block
# <min> <max>
1	9

[block]
# block no. 5 follows, 48 sequences, length 43
# corresponding to MSA columns:
# 194-236
name=unknown_F
#
# <colnr> <probs for GDERKNQSTAVLIFYWHMCP>
#	G	D	E	R	K	N	Q	S	T	A	V	L	I	F	Y	W	H	M	C	P
0	0.07211	0.00798	0.00862	0.00814	0.01003	0.02216	0.00612	0.13116	0.11909	0.04306	0.07531	0.31601	0.13774	0.01111	0.00571	0.00180	0.00368	0.00954	0.00484	0.00577
1	0.01155	0.05199	0.17556	0.01713	0.08268	0.05949	0.30035	0.01571	0.03594	0.01593	0.01350	0.02165	0.01206	0.00658	0.00571	0.00177	0.00719	0.15555	0.00300	0.00667
2	0.01522	0.18804	0.04413	0.01627	0.22314	0.04894	0.01113	0.23639	0.06692	0.04660	0.01110	0.01235	0.00873	0.00680	0.04081	0.00175	0.00617	0.00426	0.00353	0.00772
3	0.03133	0.27845	0.01369	0.00766	0.01012	0.01022	0.00638	0.01258	0.01095	0.12074	0.02319	0.30071	0.13495	0.01009	0.00512	0.00162	0.00397	0.00848	0.00409	0.00566
4	0.00917	0.00631	0.00746	0.00679	0.00863	0.00590	0.00521	0.05728	0.04590	0.08425	0.39729	0.05103	0.27387	0.01062	0.00590	0.00166	0.00292	0.00908	0.00536	0.00537
5	0.03465	0.32529	0.07124	0.04715	0.06192	0.01330	0.02510	0.01845	0.01201	0.28988	0.01311	0.04554	0.00998	0.00565	0.00444	0.00143	0.00526	0.00442	0.00383	0.00735
6	0.01074	0.00979	0.06370	0.05880	0.07455	0.05624	0.03222	0.07377	0.04203	0.04138	0.01783	0.24263	0.05668	0.01119	0.00860	0.15751	0.02563	0.00770	0.00364	0.00538
7	0.01029	0.02654	0.79309	0.01462	0.02221	0.01192	0.01896	0.01625	0.01083	0.01625	0.00921	0.01083	0.00650	0.00487	0.00487	0.00162	0.00758	0.00379	0.00217	0.00758
8	0.01832	0.01002	0.01250	0.03870	0.01409	0.01029	0.00831	0.27301	0.01646	0.35633	0.01591	0.01611	0.01117	0.01246	0.15881	0.00286	0.00670	0.00502	0.00510	0.00782
9	0.01355	0.01299	0.08506	0.21796	0.17206	0.02551	0.01275	0.21264	0.03999	0.04079	0.01114	0.03815	0.00885	0.00606	0.00620	0.00167	0.07917	0.00486	0.00336	0.00725
10	0.01250	0.01730	0.23600	0.01821	0.14277	0.06664	0.20940	0.04348	0.13592	0.01735	0.01139	0.01321	0.00866	0.00526	0.00574	0.00166	0.03927	0.00485	0.00297	0.00743
11	0.00854	0.00715	0.01007	0.00939	0.00987	0.00900	0.00732	0.00985	0.00800	0.01171	0.01202	0.01970	0.01195	0.16091	0.43105	0.00587	0.25476	0.00552	0.00266	0.00465
12	0.39160	0.04020	0.01325	0.29302	0.05567	0.05987	0.04974	0.01482	0.01000	0.01784	0.00818	0.01077	0.00635	0.00488	0.00420	0.00160	0.00571	0.00370	0.00273	0.00586
13	0.01372	0.82276	0.02689	0.00878	0.01317	0.02030	0.00878	0.01536	0.01043	0.01207	0.00713	0.00823	0.00658	0.00439	0.00329	0.00110	0.00549	0.00274	0.00219	0.00658
14	0.00614	0.00520	0.00530	0.00527	0.00697	0.00436	0.00395	0.00750	0.01186	0.01426	0.09545	0.04873	0.74187	0.01285	0.00606	0.00173	0.00259	0.01074	0.00482	0.00436
15	0.00662	0.00504	0.00608	0.00619	0.00736	0.00451	0.00450	0.00829	0.01245	0.01652	0.35630	0.22612	0.29609	0.01266	0.00617	0.00177	0.00261	0.01106	0.00514	0.00451
16	0.01176	0.01309	0.02739	0.10943	0.02666	0.01303	0.62080	0.01572	0.01155	0.01572	0.00993	0.01360	0.00759	0.00480	0.00685	0.00177	0.07533	0.00576	0.00253	0.00667
17	0.10033	0.00835	0.01028	0.00822	0.01156	0.00771	0.00665	0.05419	0.01366	0.52513	0.02163	0.02067	0.09439	0.04977	0.00610	0.00176	0.00414	0.00561	0.04235	0.00749
18	0.01390	0.73494	0.04184	0.00995	0.04148	0.06090	0.00930	0.01567	0.01070	0.01235	0.00731	0.00850	0.00664	0.00445	0.00346	0.00114	0.00575	0.00286	0.00223	0.00663
19	0.00742	0.00498	0.00558	0.00558	0.00564	0.00495	0.00313	0.00746	0.00760	0.01007	0.01730	0.03408	0.04282	0.79425	0.02548	0.00487	0.00490	0.00757	0.00316	0.00315
20	0.00769	0.00569	0.00676	0.00641	0.00796	0.00526	0.00483	0.01048	0.06339	0.04249	0.44706	0.06615	0.28444	0.01113	0.00599	0.00168	0.00267	0.00960	0.00533	0.00499
21	0.01372	0.82276	0.02689	0.00878	0.01317	0.02030	0.00878	0.01536	0.01043	0.01207	0.00713	0.00823	0.00658	0.00439	0.00329	0.00110	0.00549	0.00274	0.00219	0.00658
22	0.01773	0.14263	0.07894	0.01025	0.01438	0.01252	0.00918	0.18143	0.13882	0.29987	0.03240	0.01507	0.01162	0.00606	0.00486	0.00153	0.00499	0.00474	0.00488	0.00811
23	0.00733	0.00550	0.00825	0.00825	0.00916	0.00641	0.00641	0.00916	0.00825	0.01191	0.01374	0.02016	0.01283	0.03848	0.79934	0.00825	0.01374	0.00550	0.00275	0.00458
24	0.00745	0.00501	0.00577	0.00577	0.00584	0.00507	0.00333	0.00758	0.00751	0.01008	0.01600	0.03268	0.01826	0.76739	0.07787	0.00519	0.00556	0.00733	0.00308	0.00321
25	0.01917	0.02445	0.01454	0.01322	0.01586	0.79907	0.00991	0.02049	0.01454	0.01256	0.00793	0.00925	0.00661	0.00529	0.00463	0.00132	0.00925	0.00330	0.00264	0.00595
26	0.03967	0.02410	0.01437	0.01306	0.01572	0.77977	0.00981	0.02036	0.01440	0.01281	0.00791	0.00923	0.00658	0.00527	0.00459	0.00133	0.00912	0.00329	0.00266	0.00594
27	0.01276	0.01102	0.01160	0.01044	0.01334	0.01276	0.00812	0.02727	0.77840	0.02146	0.02088	0.01914	0.01566	0.00696	0.00522	0.00174	0.00406	0.00580	0.00522	0.00812
28	0.00615	0.00503	0.00543	0.00570	0.00707	0.00431	0.00413	0.00738	0.01134	0.01389	0.06944	0.23016	0.58488	0.01364	0.00618	0.00181	0.00268	0.01167	0.00479	0.00431
29	0.01270	0.01219	0.02083	0.03149	0.78767	0.01219	0.01575	0.01575	0.01168	0.01676	0.00965	0.01270	0.00813	0.00457	0.00508	0.00152	0.00610	0.00457	0.00254	0.00813
30	0.01276	0.01102	0.01160	0.01044	0.01334	0.01276	0.00812	0.02727	0.77840	0.02146	0.02088	0.01914	0.01566	0.00696	0.00522	0.00174	0.00406	0.00580	0.00522	0.00812
31	0.00821	0.00597	0.00798	0.00893	0.01010	0.00599	0.00756	0.01083	0.04488	0.01511	0.02758	0.08875	0.06833	0.06295	0.00809	0.00245	0.00452	0.60239	0.00465	0.00473
32	0.00866	0.00692	0.00824	0.00907	0.01032	0.04778	0.00750	0.01141	0.05974	0.01512	0.02737	0.18156	0.07166	0.01351	0.00669	0.00218	0.00450	0.49822	0.00466	0.00489
33	0.80017	0.00984	0.00783	0.00691	0.01014	0.01124	0.00569	0.01575	0.00913	0.07444	0.00802	0.00895	0.00604	0.00487	0.00331	0.00159	0.00400	0.00294	0.00339	0.00577
34	0.00758	0.00542	0.00680	0.00741	0.00822	0.00528	0.00570	0.00891	0.01020	0.01317	0.02694	0.08399	0.13333	0.29244	0.01349	0.00316	0.00443	0.35529	0.00417	0.00408
35	0.01020	0.00974	0.01678	0.66953	0.13394	0.01158	0.04877	0.01361	0.01053	0.01374	0.00925	0.01356	0.00705	0.00502	0.00517	0.00169	0.00682	0.00463	0.00233	0.00607
36	0.00891	0.00446	0.00668	0.00668	0.00668	0.00446	0.00446	0.00668	0.00668	0.00891	0.00891	0.01560	0.00891	0.01783	0.02005	0.85071	0.00446	0.00446	0.00223	0.00223
37	0.01977	0.00796	0.01072	0.00847	0.01185	0.00696	0.00690	0.02184	0.01445	0.62607	0.14354	0.02092	0.01849	0.00700	0.00522	0.00157	0.00395	0.00581	0.05063	0.00790
38	0.01176	0.00889	0.01084	0.04478	0.05300	0.00933	0.00771	0.26569	0.02779	0.02263	0.28186	0.11136	0.05449	0.00937	0.00576	0.00169	0.00413	0.05762	0.00497	0.00631
39	0.01309	0.13761	0.38484	0.01402	0.05387	0.06203	0.04918	0.12931	0.07552	0.01826	0.01032	0.01148	0.00773	0.00515	0.00476	0.00153	0.00679	0.00404	0.00293	0.00755
40	0.01062	0.01065	0.01441	0.04853	0.01462	0.09903	0.11263	0.01248	0.00940	0.01267	0.01042	0.01588	0.00967	0.06876	0.27671	0.00423	0.25630	0.00510	0.00256	0.00533
41	0.00876	0.00488	0.00521	0.00521	0.00599	0.00492	0.00355	0.01032	0.00954	0.01573	0.01642	0.02403	0.01499	0.28071	0.04585	0.00277	0.00375	0.00571	0.52745	0.00421
42	0.01439	0.05148	0.01374	0.01089	0.01405	0.35864	0.02734	0.01612	0.01220	0.01412	0.01058	0.01210	0.04807	0.00545	0.00550	0.00123	0.07958	0.00376	0.00284	0.29791

[dist]
# distance from previous block
# <min> <max>
0	1

[block]
# block no. 6 follows, 48 sequences, length 28
# corresponding to MSA columns:
# 238-265
name=unknown_G
#
# <colnr> <probs for GDERKNQSTAVLIFYWHMCP>
#	G	D	E	R	K	N	Q	S	T	A	V	L	I	F	Y	W	H	M	C	P
0	0.07077	0.01201	0.01363	0.01051	0.01451	0.01253	0.00868	0.44776	0.01969	0.31443	0.01496	0.01400	0.01002	0.00615	0.00503	0.00156	0.00507	0.00471	0.00547	0.00854
1	0.01228	0.27345	0.13023	0.07661	0.25819	0.01510	0.05138	0.01518	0.01068	0.01444	0.00848	0.01098	0.00715	0.00504	0.00576	0.00150	0.09022	0.00394	0.00233	0.00706
2	0.00743	0.00510	0.00623	0.00623	0.00645	0.00532	0.00390	0.00787	0.00765	0.01042	0.01559	0.03036	0.01726	0.63234	0.21154	0.00576	0.00708	0.00699	0.00302	0.00346
3	0.00735	0.00540	0.00778	0.00778	0.00853	0.00616	0.00583	0.00886	0.00811	0.01156	0.01417	0.02253	0.01386	0.17675	0.66248	0.00767	0.01219	0.00585	0.00281	0.00432
4	0.00733	0.00520	0.00701	0.00807	0.00875	0.00508	0.00624	0.00883	0.01051	0.01383	0.02646	0.37448	0.03023	0.10081	0.00889	0.00252	0.00402	0.36285	0.00457	0.00432
5	0.00742	0.00496	0.00561	0.00565	0.00567	0.00494	0.00317	0.00745	0.00755	0.01007	0.01662	0.06294	0.01923	0.78953	0.02538	0.00487	0.00490	0.00773	0.00317	0.00315
6	0.01114	0.00611	0.00806	0.00708	0.00899	0.00550	0.00548	0.01342	0.01446	0.21225	0.56804	0.03353	0.06615	0.00955	0.00583	0.00161	0.00291	0.00831	0.00579	0.00579
7	0.01372	0.82276	0.02689	0.00878	0.01317	0.02030	0.00878	0.01536	0.01043	0.01207	0.00713	0.00823	0.00658	0.00439	0.00329	0.00110	0.00549	0.00274	0.00219	0.00658
8	0.01372	0.82276	0.02689	0.00878	0.01317	0.02030	0.00878	0.01536	0.01043	0.01207	0.00713	0.00823	0.00658	0.00439	0.00329	0.00110	0.00549	0.00274	0.00219	0.00658
9	0.01372	0.82276	0.02689	0.00878	0.01317	0.02030	0.00878	0.01536	0.01043	0.01207	0.00713	0.00823	0.00658	0.00439	0.00329	0.00110	0.00549	0.00274	0.00219	0.00658
10	0.00738	0.00531	0.00732	0.00732	0.00792	0.00591	0.00526	0.00857	0.00797	0.01123	0.01459	0.02484	0.01486	0.31127	0.52933	0.00710	0.01068	0.00618	0.00287	0.00407
11	0.00733	0.00550	0.00825	0.00825	0.00916	0.00641	0.00641	0.00916	0.00825	0.01191	0.01374	0.02016	0.01283	0.03848	0.79934	0.00825	0.01374	0.00550	0.00275	0.00458
12	0.00718	0.00522	0.00676	0.00642	0.00763	0.00480	0.00480	0.00951	0.01427	0.02008	0.73191	0.05924	0.08143	0.01075	0.00607	0.00163	0.00244	0.00949	0.00559	0.00480
13	0.01951	0.01437	0.01540	0.01181	0.01591	0.01591	0.00975	0.77056	0.02412	0.03234	0.01232	0.01232	0.00873	0.00616	0.00513	0.00154	0.00565	0.00462	0.00513	0.00873
14	0.01655	0.00966	0.01134	0.01010	0.01295	0.00908	0.00788	0.06625	0.13068	0.28969	0.02992	0.07327	0.18522	0.01087	0.00665	0.00218	0.00477	0.10884	0.00611	0.00798
15	0.01268	0.01225	0.02116	0.03114	0.76067	0.01222	0.04247	0.01577	0.01170	0.01675	0.00968	0.01274	0.00812	0.00456	0.00511	0.00153	0.00619	0.00462	0.00254	0.00808
16	0.01917	0.02445	0.01454	0.01322	0.01586	0.79907	0.00991	0.02049	0.01454	0.01256	0.00793	0.00925	0.00661	0.00529	0.00463	0.00132	0.00925	0.00330	0.00264	0.00595
17	0.00677	0.00492	0.00638	0.00666	0.00753	0.00453	0.00475	0.00848	0.01240	0.01705	0.42484	0.35968	0.09101	0.01296	0.00626	0.00182	0.00266	0.01157	0.00523	0.00453
18	0.00625	0.00447	0.00595	0.00714	0.00744	0.00417	0.00476	0.00714	0.00982	0.01310	0.02828	0.81633	0.03394	0.01608	0.00655	0.00208	0.00298	0.01459	0.00476	0.00417
19	0.01096	0.00993	0.01674	0.57075	0.23744	0.01148	0.01442	0.01423	0.01080	0.04079	0.00964	0.01355	0.00739	0.00502	0.00512	0.00166	0.00655	0.00458	0.00249	0.00646
20	0.00742	0.00515	0.00649	0.00649	0.00680	0.00546	0.00422	0.00803	0.00773	0.01061	0.01535	0.02906	0.01669	0.55685	0.28626	0.00608	0.00792	0.00680	0.00299	0.00360
21	0.00743	0.00507	0.00650	0.00671	0.00773	0.00462	0.00481	0.00903	0.01217	0.05314	0.33164	0.36847	0.13747	0.01299	0.00622	0.00183	0.00277	0.01154	0.00519	0.00467
22	0.31177	0.01038	0.01204	0.31621	0.02084	0.04853	0.00967	0.06073	0.01143	0.13817	0.01028	0.01209	0.00739	0.00526	0.00442	0.00162	0.00549	0.00397	0.00341	0.00631
23	0.03215	0.01684	0.01478	0.20026	0.09568	0.39883	0.01122	0.01666	0.01213	0.01325	0.00876	0.01165	0.00731	0.00817	0.07114	0.00208	0.06662	0.00398	0.00254	0.00596
24	0.27999	0.00998	0.03677	0.00757	0.01180	0.00850	0.00636	0.01372	0.01004	0.01871	0.00849	0.00991	0.00691	0.00414	0.00364	0.00105	0.00398	0.00298	0.00305	0.55239
25	0.01126	0.05600	0.01219	0.26271	0.01822	0.00929	0.00893	0.04970	0.03369	0.11623	0.28328	0.02374	0.05055	0.00763	0.00579	0.00164	0.03246	0.00644	0.00427	0.00600
26	0.01317	0.03011	0.04220	0.03960	0.04320	0.29619	0.12256	0.02925	0.01199	0.01377	0.01315	0.18422	0.01331	0.04642	0.00735	0.00183	0.07631	0.00655	0.00308	0.00574
27	0.01039	0.00802	0.01007	0.00925	0.01107	0.00919	0.00729	0.14137	0.15268	0.01713	0.01482	0.01864	0.01266	0.02721	0.51875	0.00591	0.01059	0.00540	0.00361	0.00593

[dist]
# distance from previous block
# <min> <max>
3	93

[block]
# block no. 7 follows, 48 sequences, length 127
# corresponding to MSA columns:
# 365-374,376-460,462-480,484-496
name=unknown_H
#
# <colnr> <probs for GDERKNQSTAVLIFYWHMCP>
#	G	D	E	R	K	N	Q	S	T	A	V	L	I	F	Y	W	H	M	C	P
0	0.01143	0.07648	0.23045	0.02776	0.01471	0.08706	0.01043	0.10765	0.01417	0.01913	0.29842	0.02097	0.02245	0.00711	0.00518	0.00152	0.00530	0.00581	0.00391	0.03007
1	0.00990	0.03935	0.07318	0.12858	0.30604	0.00948	0.01154	0.01248	0.01090	0.01506	0.04168	0.25164	0.01722	0.00846	0.00549	0.00171	0.00516	0.02410	0.00328	0.02474
2	0.00625	0.00447	0.00595	0.00714	0.00744	0.00417	0.00476	0.00714	0.00982	0.01310	0.02828	0.81633	0.03394	0.01608	0.00655	0.00208	0.00298	0.01459	0.00476	0.00417
3	0.00741	0.00498	0.00575	0.00579	0.00585	0.00502	0.00334	0.00754	0.00759	0.01017	0.01650	0.06230	0.01892	0.74874	0.06569	0.00504	0.00536	0.00763	0.00315	0.00323
4	0.06989	0.01085	0.01292	0.00996	0.01394	0.01081	0.00823	0.29519	0.01777	0.47122	0.01661	0.01507	0.01084	0.00619	0.00504	0.00157	0.00481	0.00483	0.00572	0.00855
5	0.85592	0.00992	0.00754	0.00675	0.00992	0.01151	0.00556	0.01508	0.00873	0.02302	0.00714	0.00834	0.00556	0.00476	0.00318	0.00159	0.00397	0.00278	0.00318	0.00556
6	0.00804	0.00606	0.00766	0.00730	0.00746	0.00693	0.00496	0.00853	0.00766	0.01067	0.01425	0.02773	0.01576	0.55753	0.15628	0.00510	0.13475	0.00665	0.00291	0.00376
7	0.00722	0.00524	0.00679	0.00641	0.00764	0.00482	0.00481	0.00959	0.01442	0.02032	0.75671	0.03875	0.07683	0.01059	0.00605	0.00162	0.00243	0.00934	0.00561	0.00482
8	0.00729	0.00492	0.00563	0.00576	0.00584	0.00487	0.00331	0.00742	0.00783	0.01040	0.01842	0.12125	0.03966	0.70978	0.02343	0.00457	0.00469	0.00834	0.00334	0.00326
9	0.01164	0.01285	0.04047	0.26495	0.05764	0.04197	0.42470	0.01604	0.04789	0.01550	0.01034	0.01376	0.00781	0.00476	0.00561	0.00170	0.00777	0.00537	0.00261	0.00662
10	0.01657	0.01291	0.01375	0.01121	0.01479	0.01454	0.00904	0.44697	0.35249	0.02760	0.01605	0.01529	0.01175	0.00651	0.00517	0.00163	0.00496	0.00513	0.00517	0.00846
11	0.01836	0.01054	0.01358	0.12440	0.04681	0.01054	0.00927	0.23048	0.01613	0.35144	0.01479	0.01454	0.01001	0.00577	0.00499	0.00150	0.00508	0.00466	0.00491	0.10218
12	0.01064	0.00912	0.01064	0.00760	0.01216	0.00684	0.00608	0.01292	0.01064	0.01672	0.00912	0.01064	0.00760	0.00380	0.00380	0.00076	0.00380	0.00304	0.00304	0.85104
13	0.00866	0.00774	0.01068	0.01021	0.01036	0.00976	0.00789	0.00966	0.00887	0.01274	0.01785	0.42651	0.02077	0.01264	0.01153	0.00216	0.39386	0.00970	0.00354	0.00487
14	0.00969	0.00912	0.01539	0.80734	0.03534	0.01140	0.01425	0.01311	0.01026	0.01311	0.00912	0.01368	0.00684	0.00513	0.00513	0.00171	0.00684	0.00456	0.00228	0.00570
15	0.01130	0.01146	0.01700	0.01419	0.01465	0.01547	0.07811	0.01271	0.00823	0.01271	0.00706	0.01146	0.00683	0.00857	0.01589	0.00220	0.73953	0.00463	0.00228	0.00573
16	0.01185	0.01136	0.01946	0.24885	0.56442	0.01198	0.02753	0.01502	0.01129	0.01573	0.00951	0.01299	0.00776	0.00472	0.00511	0.00158	0.00635	0.00459	0.00247	0.00743
17	0.01137	0.00819	0.00892	0.00779	0.00922	0.00878	0.00544	0.22799	0.07848	0.01736	0.01547	0.02624	0.01555	0.51656	0.01830	0.00371	0.00509	0.00650	0.00387	0.00515
18	0.01951	0.01437	0.01540	0.01181	0.01591	0.01591	0.00975	0.77056	0.02412	0.03234	0.01232	0.01232	0.00873	0.00616	0.00513	0.00154	0.00565	0.00462	0.00513	0.00873
19	0.01270	0.01219	0.02083	0.03149	0.78767	0.01219	0.01575	0.01575	0.01168	0.01676	0.00965	0.01270	0.00813	0.00457	0.00508	0.00152	0.00610	0.00457	0.00254	0.00813
20	0.00891	0.00446	0.00668	0.00668	0.00668	0.00446	0.00446	0.00668	0.00668	0.00891	0.00891	0.01560	0.00891	0.01783	0.02005	0.85071	0.00446	0.00446	0.00223	0.00223
21	0.00740	0.00562	0.00836	0.00835	0.00921	0.00659	0.00648	0.00916	0.00831	0.01198	0.01426	0.06008	0.01371	0.03644	0.73519	0.00775	0.03776	0.00593	0.00283	0.00459
22	0.00719	0.00524	0.00676	0.00638	0.00762	0.00481	0.00479	0.00955	0.01436	0.02018	0.74168	0.03898	0.09194	0.01064	0.00605	0.00162	0.00243	0.00937	0.00560	0.00481
23	0.01806	0.05203	0.01530	0.01125	0.01531	0.01522	0.00931	0.62071	0.08386	0.02939	0.01254	0.01256	0.00911	0.00597	0.00496	0.00148	0.00538	0.00452	0.00485	0.06820
24	0.00625	0.00447	0.00595	0.00714	0.00744	0.00417	0.00476	0.00714	0.00982	0.01310	0.02828	0.81633	0.03394	0.01608	0.00655	0.00208	0.00298	0.01459	0.00476	0.00417
25	0.01291	0.05923	0.45948	0.04827	0.12996	0.04257	0.01580	0.07035	0.01234	0.08664	0.01033	0.01173	0.00747	0.00506	0.00487	0.00157	0.00688	0.00405	0.00283	0.00766
26	0.01029	0.02654	0.79309	0.01462	0.02221	0.01192	0.01896	0.01625	0.01083	0.01625	0.00921	0.01083	0.00650	0.00487	0.00487	0.00162	0.00758	0.00379	0.00217	0.00758
27	0.00733	0.00550	0.00825	0.00825	0.00916	0.00641	0.00641	0.00916	0.00825	0.01191	0.01374	0.02016	0.01283	0.03848	0.79934	0.00825	0.01374	0.00550	0.00275	0.00458
28	0.01075	0.00935	0.01164	0.04731	0.07230	0.00746	0.00720	0.01314	0.01070	0.01655	0.00916	0.01094	0.00760	0.00392	0.00396	0.00086	0.00412	0.00323	0.00297	0.74682
29	0.00793	0.00485	0.00622	0.00622	0.00631	0.00494	0.00389	0.00737	0.00728	0.00980	0.01350	0.02623	0.01481	0.47373	0.10054	0.28871	0.00567	0.00626	0.00278	0.00296
30	0.01412	0.63949	0.02420	0.00982	0.01353	0.11507	0.00918	0.01567	0.01066	0.01216	0.00719	0.00867	0.00660	0.00498	0.00488	0.00125	0.09087	0.00300	0.00226	0.00640
31	0.00958	0.00829	0.01330	0.25807	0.21079	0.00895	0.01156	0.01227	0.01108	0.01477	0.01744	0.11774	0.01778	0.00924	0.00593	0.00192	0.00552	0.25653	0.00344	0.00581
32	0.00891	0.00446	0.00668	0.00668	0.00668	0.00446	0.00446	0.00668	0.00668	0.00891	0.00891	0.01560	0.00891	0.01783	0.02005	0.85071	0.00446	0.00446	0.00223	0.00223
33	0.01064	0.00912	0.01064	0.00760	0.01216	0.00684	0.00608	0.01292	0.01064	0.01672	0.00912	0.01064	0.00760	0.00380	0.00380	0.00076	0.00380	0.00304	0.00304	0.85104
34	0.01215	0.00971	0.01104	0.00863	0.01261	0.00881	0.00684	0.01839	0.26067	0.06961	0.01368	0.01386	0.01056	0.00500	0.00435	0.00113	0.00392	0.00408	0.00397	0.52099
35	0.00733	0.00550	0.00825	0.00825	0.00916	0.00641	0.00641	0.00916	0.00825	0.01191	0.01374	0.02016	0.01283	0.03848	0.79934	0.00825	0.01374	0.00550	0.00275	0.00458
36	0.00713	0.00524	0.00667	0.00632	0.00758	0.00478	0.00474	0.00942	0.01421	0.01983	0.70324	0.03956	0.13060	0.01077	0.00605	0.00163	0.00244	0.00945	0.00555	0.00478
37	0.01308	0.01118	0.01178	0.01051	0.01346	0.01291	0.00820	0.06248	0.74266	0.02198	0.02048	0.01882	0.01533	0.00692	0.00522	0.00173	0.00414	0.00575	0.00522	0.00815
38	0.02302	0.00873	0.01191	0.00913	0.01310	0.00754	0.00754	0.02501	0.01469	0.79122	0.02024	0.01746	0.01270	0.00635	0.00516	0.00159	0.00437	0.00516	0.00635	0.00873
39	0.85592	0.00992	0.00754	0.00675	0.00992	0.01151	0.00556	0.01508	0.00873	0.02302	0.00714	0.00834	0.00556	0.00476	0.00318	0.00159	0.00397	0.00278	0.00318	0.00556
40	0.02275	0.00916	0.01217	0.00933	0.01331	0.00818	0.00771	0.08161	0.01540	0.73360	0.01964	0.01707	0.01240	0.00634	0.00516	0.00158	0.00446	0.00512	0.00626	0.00873
41	0.00756	0.00497	0.00556	0.00556	0.00561	0.00497	0.00313	0.00767	0.00762	0.01038	0.01619	0.03289	0.01839	0.78112	0.02505	0.00480	0.00485	0.00733	0.04314	0.00319
42	0.00658	0.00503	0.00606	0.00641	0.00753	0.00452	0.00470	0.00811	0.01184	0.01543	0.22821	0.28351	0.31546	0.01339	0.00628	0.00185	0.00282	0.06285	0.00498	0.00444
43	0.00638	0.00455	0.00605	0.00717	0.00751	0.00427	0.00485	0.00733	0.00992	0.01324	0.04273	0.75063	0.03363	0.03842	0.00711	0.00217	0.00309	0.04204	0.00473	0.00417
44	0.01920	0.01500	0.01556	0.01271	0.04733	0.07119	0.01001	0.68674	0.02294	0.03030	0.01190	0.01212	0.00855	0.00603	0.00509	0.00152	0.00592	0.00452	0.00485	0.00851
45	0.01021	0.00985	0.01605	0.56950	0.04393	0.01254	0.03779	0.01308	0.00975	0.01310	0.00858	0.01305	0.00687	0.00605	0.00808	0.00184	0.20709	0.00459	0.00229	0.00576
46	0.01364	0.16289	0.30931	0.01545	0.09509	0.10134	0.10447	0.06643	0.01249	0.05835	0.00969	0.01120	0.00732	0.00490	0.00476	0.00149	0.00708	0.00403	0.00273	0.00734
47	0.02220	0.00892	0.01188	0.00923	0.01312	0.00796	0.00759	0.02519	0.07588	0.72954	0.02029	0.01760	0.01294	0.00640	0.00516	0.00160	0.00434	0.00521	0.00626	0.00868
48	0.00677	0.00460	0.00614	0.00721	0.00762	0.00427	0.00485	0.00770	0.00997	0.03709	0.02803	0.79169	0.03328	0.01578	0.00651	0.00207	0.00302	0.01430	0.00481	0.00431
49	0.00736	0.00559	0.00732	0.03285	0.00871	0.00549	0.03333	0.00899	0.04840	0.01312	0.07122	0.33371	0.10011	0.28521	0.01294	0.00295	0.00397	0.01041	0.00412	0.00422
50	0.01187	0.08409	0.30328	0.06687	0.17919	0.06094	0.17286	0.01600	0.01141	0.01558	0.00967	0.02752	0.00767	0.00492	0.00507	0.00158	0.00730	0.00457	0.00242	0.00719
51	0.00737	0.00528	0.00722	0.00838	0.00920	0.00514	0.00669	0.00908	0.01097	0.01437	0.02822	0.37768	0.04917	0.01495	0.00684	0.00223	0.00394	0.42407	0.00474	0.00448
52	0.00734	0.00544	0.00795	0.00795	0.00876	0.00625	0.00605	0.00897	0.00816	0.01169	0.01401	0.02165	0.01348	0.12558	0.71313	0.00788	0.01277	0.00572	0.00279	0.00442
53	0.01299	0.00916	0.04720	0.00967	0.02939	0.03577	0.00775	0.08403	0.06736	0.18366	0.01526	0.01840	0.01230	0.05858	0.34783	0.00460	0.00881	0.00525	0.03568	0.00632
54	0.01325	0.00759	0.00948	0.00825	0.01066	0.00744	0.00651	0.01820	0.18279	0.25226	0.35747	0.02858	0.02973	0.00861	0.00564	0.00166	0.00346	0.03595	0.00573	0.00673
55	0.12142	0.01363	0.01432	0.01109	0.01508	0.01507	0.00916	0.65174	0.02191	0.05856	0.01198	0.01202	0.00848	0.00600	0.00490	0.00155	0.00540	0.00442	0.00494	0.00834
56	0.00969	0.00815	0.01296	0.12158	0.04507	0.00836	0.11714	0.06887	0.01283	0.01708	0.12730	0.08074	0.05108	0.01011	0.00624	0.00195	0.00520	0.28594	0.00417	0.00557
57	0.01018	0.00891	0.01196	0.07094	0.01342	0.03864	0.02981	0.07824	0.02681	0.01417	0.01159	0.01692	0.01055	0.06034	0.38051	0.00502	0.19855	0.00515	0.00287	0.00540
58	0.00971	0.00804	0.00889	0.00859	0.01052	0.00872	0.00648	0.01782	0.40651	0.01810	0.08050	0.22352	0.12979	0.01051	0.00578	0.00183	0.00349	0.02987	0.00506	0.00629
59	0.01193	0.01105	0.01703	0.02258	0.49824	0.01019	0.01214	0.01469	0.01129	0.01675	0.00945	0.01193	0.00793	0.00428	0.00460	0.00124	0.00524	0.00400	0.00273	0.32271
60	0.00933	0.00850	0.01212	0.03981	0.07117	0.01062	0.00903	0.01058	0.00899	0.01295	0.01542	0.29822	0.01736	0.04159	0.01205	0.00222	0.38912	0.02252	0.00324	0.00519
61	0.00746	0.00497	0.00560	0.00560	0.00560	0.00497	0.00311	0.00746	0.00746	0.00995	0.01617	0.03358	0.01865	0.81967	0.02612	0.00497	0.00497	0.00746	0.00311	0.00311
62	0.00969	0.00912	0.01539	0.80734	0.03534	0.01140	0.01425	0.01311	0.01026	0.01311	0.00912	0.01368	0.00684	0.00513	0.00513	0.00171	0.00684	0.00456	0.00228	0.00570
63	0.00746	0.00497	0.00560	0.00560	0.00560	0.00497	0.00311	0.00746	0.00746	0.00995	0.01617	0.03358	0.01865	0.81967	0.02612	0.00497	0.00497	0.00746	0.00311	0.00311
64	0.01372	0.82276	0.02689	0.00878	0.01317	0.02030	0.00878	0.01536	0.01043	0.01207	0.00713	0.00823	0.00658	0.00439	0.00329	0.00110	0.00549	0.00274	0.00219	0.00658
65	0.01372	0.82276	0.02689	0.00878	0.01317	0.02030	0.00878	0.01536	0.01043	0.01207	0.00713	0.00823	0.00658	0.00439	0.00329	0.00110	0.00549	0.00274	0.00219	0.00658
66	0.00629	0.00521	0.00551	0.00544	0.00707	0.00443	0.00408	0.00781	0.01223	0.01514	0.19158	0.04728	0.64518	0.01252	0.00606	0.00171	0.00257	0.01053	0.00493	0.00443
67	0.00761	0.00561	0.00759	0.00746	0.00794	0.00636	0.00533	0.00865	0.00790	0.01113	0.01434	0.02518	0.01488	0.35939	0.43446	0.00655	0.05648	0.00625	0.00287	0.00403
68	0.00625	0.00447	0.00595	0.00714	0.00744	0.00417	0.00476	0.00714	0.00982	0.01310	0.02828	0.81633	0.03394	0.01608	0.00655	0.00208	0.00298	0.01459	0.00476	0.00417
