[name]
unknown

[dist]
# distance from previous block
# <min> <max>
0	30

[block]
# block no. 0 follows, 53 sequences, length 7
# corresponding to MSA columns:
# 127-133
name=unknown_A
#
# <colnr> <probs for GDERKNQSTAVLIFYWHMCP>
#	G	D	E	R	K	N	Q	S	T	A	V	L	I	F	Y	W	H	M	C	P
0	0.01578	0.01390	0.01308	0.03702	0.01457	0.16750	0.00851	0.40623	0.08750	0.02247	0.01077	0.01126	0.00808	0.00523	0.00448	0.00129	0.00551	0.00390	0.00391	0.15902
1	0.01206	0.00876	0.01150	0.00832	0.01251	0.00692	0.06479	0.01428	0.01068	0.15587	0.01042	0.01127	0.00794	0.00400	0.00392	0.00091	0.00397	0.00339	0.00335	0.64511
2	0.07418	0.00926	0.01139	0.06964	0.01379	0.00899	0.00751	0.17982	0.01431	0.38782	0.04529	0.01430	0.01085	0.00551	0.00453	0.00137	0.00432	0.00438	0.00473	0.12799
3	0.05335	0.01146	0.01320	0.01295	0.13433	0.12423	0.06640	0.08875	0.14568	0.08891	0.12674	0.01635	0.01447	0.02102	0.00511	0.00148	0.00502	0.00496	0.00384	0.06175
4	0.01289	0.14538	0.01456	0.01242	0.15236	0.03447	0.00856	0.08220	0.20032	0.08996	0.02937	0.06055	0.01153	0.00570	0.00443	0.00134	0.00450	0.00472	0.00369	0.12104
5	0.10463	0.01165	0.06882	0.01735	0.35744	0.06976	0.01044	0.01362	0.01053	0.01564	0.01254	0.01414	0.08847	0.00501	0.00434	0.00129	0.00500	0.00424	0.00272	0.18237
6	0.04013	0.01130	0.01449	0.01628	0.26467	0.07881	0.06158	0.19647	0.01393	0.01871	0.05588	0.10044	0.09210	0.00702	0.00511	0.00155	0.00521	0.00607	0.00364	0.00662

[dist]
# distance from previous block
# <min> <max>
36	96

[block]
# block no. 1 follows, 53 sequences, length 15
# corresponding to MSA columns:
# 254-268
name=unknown_B
#
# <colnr> <probs for GDERKNQSTAVLIFYWHMCP>
#	G	D	E	R	K	N	Q	S	T	A	V	L	I	F	Y	W	H	M	C	P
0	0.02805	0.01052	0.01609	0.14787	0.12820	0.01114	0.15225	0.15933	0.07312	0.03769	0.02554	0.02689	0.02508	0.00575	0.00545	0.00154	0.04192	0.04082	0.00331	0.05946
1	0.02590	0.01111	0.01666	0.14712	0.46531	0.02839	0.01265	0.14620	0.02496	0.01743	0.00984	0.02497	0.00806	0.00594	0.03357	0.00168	0.00592	0.00441	0.00283	0.00706
2	0.06192	0.01174	0.01842	0.02724	0.72130	0.04658	0.01388	0.01483	0.01084	0.01578	0.00878	0.01145	0.00737	0.00430	0.00461	0.00141	0.00569	0.00411	0.00240	0.00734
3	0.00956	0.00904	0.01531	0.66910	0.18016	0.01076	0.01354	0.01268	0.00981	0.01286	0.00859	0.01257	0.00660	0.00468	0.00477	0.00156	0.00624	0.00425	0.00217	0.00574
4	0.01012	0.00965	0.01614	0.48096	0.30190	0.01118	0.01355	0.01302	0.00985	0.01335	0.00850	0.01225	0.00679	0.00487	0.00559	0.00157	0.06816	0.00425	0.00221	0.00610
5	0.00931	0.00878	0.01484	0.74117	0.11008	0.01069	0.01341	0.01246	0.00969	0.01255	0.00854	0.01265	0.00649	0.00473	0.00477	0.00158	0.00630	0.00425	0.00215	0.00554
6	0.00599	0.00478	0.00532	0.00536	0.00663	0.00422	0.00391	0.00728	0.01078	0.01359	0.16916	0.11615	0.51589	0.06523	0.04240	0.00209	0.00302	0.00976	0.00440	0.00404
7	0.00636	0.00521	0.00664	0.05349	0.00882	0.00477	0.02808	0.00801	0.01133	0.01462	0.25564	0.15155	0.40571	0.01118	0.00566	0.00163	0.00282	0.00970	0.00448	0.00430
8	0.00850	0.04637	0.09110	0.01019	0.02817	0.00755	0.11361	0.01164	0.07002	0.02928	0.07552	0.27779	0.06753	0.01008	0.00562	0.00176	0.00440	0.13177	0.00388	0.00523
9	0.01105	0.02418	0.01016	0.00827	0.01074	0.00846	0.02183	0.24927	0.01364	0.01879	0.07346	0.18255	0.01727	0.10122	0.00712	0.00178	0.00410	0.04083	0.00399	0.19128
10	0.04214	0.53298	0.25111	0.00982	0.01472	0.01617	0.01087	0.04981	0.01035	0.01360	0.00743	0.00855	0.00617	0.00431	0.00357	0.00120	0.00564	0.00292	0.00219	0.00646
11	0.03739	0.25644	0.09655	0.00985	0.01387	0.01458	0.00915	0.34462	0.07033	0.04835	0.01211	0.01228	0.04353	0.00544	0.00425	0.00134	0.00508	0.00402	0.00367	0.00713
12	0.01208	0.38560	0.30511	0.01054	0.01557	0.03165	0.01160	0.08294	0.05541	0.01492	0.00855	0.00953	0.00678	0.00454	0.00389	0.00127	0.00579	0.00324	0.00246	0.02854
13	0.06802	0.18407	0.24063	0.01068	0.01528	0.01373	0.01093	0.28377	0.04913	0.03621	0.01034	0.01193	0.00798	0.00527	0.00431	0.00141	0.00552	0.03038	0.00333	0.00707
14	0.03573	0.20954	0.46307	0.01177	0.01738	0.05763	0.01360	0.11016	0.01167	0.01607	0.00837	0.00956	0.00631	0.00460	0.00417	0.00137	0.00638	0.00335	0.00242	0.00684

[dist]
# distance from previous block
# <min> <max>
59	192

[block]
# block no. 2 follows, 53 sequences, length 99
# corresponding to MSA columns:
# 508-537,543-611
name=unknown_C
#
# <colnr> <probs for GDERKNQSTAVLIFYWHMCP>
#	G	D	E	R	K	N	Q	S	T	A	V	L	I	F	Y	W	H	M	C	P
0	0.16282	0.01021	0.01086	0.00962	0.02746	0.06223	0.04374	0.08464	0.28337	0.08229	0.04348	0.10600	0.01390	0.00674	0.00464	0.00154	0.00430	0.00556	0.00419	0.03240
1	0.06100	0.06659	0.05438	0.01031	0.04394	0.02375	0.00850	0.35764	0.05638	0.09191	0.01511	0.01700	0.06709	0.02017	0.00501	0.00151	0.00481	0.05061	0.00418	0.04012
2	0.04163	0.02813	0.00964	0.00844	0.01060	0.20260	0.00649	0.02691	0.18188	0.05813	0.23837	0.02376	0.12886	0.00764	0.00495	0.00147	0.00440	0.00619	0.00426	0.00566
3	0.00703	0.09982	0.09469	0.00752	0.00904	0.00638	0.00630	0.00849	0.00943	0.01248	0.02329	0.59780	0.06432	0.01245	0.00557	0.00178	0.00351	0.02169	0.00391	0.00450
4	0.01287	0.66540	0.06930	0.00870	0.01266	0.09398	0.00859	0.01465	0.01012	0.01186	0.00730	0.00843	0.00645	0.00427	0.00329	0.00108	0.00541	0.00276	0.04682	0.00604
5	0.00916	0.02249	0.71893	0.01277	0.01915	0.01031	0.01616	0.01421	0.01007	0.01485	0.01164	0.06115	0.04727	0.00555	0.00469	0.00154	0.00657	0.00446	0.00228	0.00672
6	0.01141	0.03875	0.01171	0.00822	0.01234	0.05568	0.04676	0.01353	0.01047	0.07296	0.00918	0.01037	0.00735	0.00384	0.00377	0.00085	0.00418	0.00313	0.00299	0.67251
7	0.00935	0.00778	0.00990	0.01083	0.12699	0.00818	0.00715	0.01571	0.29278	0.01874	0.37585	0.02625	0.04213	0.00788	0.00524	0.00155	0.00335	0.01964	0.00466	0.00605
8	0.00659	0.00487	0.00615	0.00586	0.00704	0.00443	0.00438	0.00867	0.01307	0.01814	0.67804	0.05094	0.15367	0.01020	0.00565	0.00153	0.00229	0.00894	0.00513	0.00443
9	0.00823	0.00420	0.00630	0.00630	0.00634	0.00424	0.00424	0.00634	0.00630	0.00844	0.00853	0.01474	0.00848	0.01757	0.05837	0.81831	0.00458	0.00420	0.00210	0.00219
10	0.01166	0.00856	0.01049	0.03764	0.05149	0.00787	0.00687	0.03009	0.16997	0.12392	0.06090	0.06434	0.01306	0.00566	0.00439	0.00120	0.00377	0.00478	0.00390	0.37945
11	0.01046	0.01046	0.01464	0.01255	0.01255	0.01464	0.01046	0.01150	0.00732	0.01150	0.00627	0.01046	0.00627	0.00837	0.01569	0.00209	0.82328	0.00418	0.00209	0.00523
12	0.01181	0.01579	0.14155	0.01799	0.02272	0.11012	0.55289	0.01563	0.01126	0.01473	0.00913	0.01188	0.00691	0.00434	0.00561	0.00156	0.03235	0.00497	0.00235	0.00639
13	0.01167	0.01219	0.06683	0.02693	0.67513	0.01141	0.05472	0.01527	0.04996	0.01579	0.00952	0.01208	0.00781	0.00437	0.00477	0.00145	0.00579	0.00434	0.00247	0.00748
14	0.00593	0.00426	0.00576	0.00676	0.00710	0.00410	0.00459	0.00685	0.00900	0.01209	0.02496	0.74612	0.02960	0.01711	0.08857	0.00253	0.00380	0.01272	0.00425	0.00392
15	0.01139	0.36717	0.38755	0.01079	0.01626	0.01432	0.01248	0.05313	0.01054	0.01426	0.00790	0.00912	0.00625	0.00435	0.00387	0.00125	0.00593	0.00311	0.00222	0.05812
16	0.00695	0.00463	0.00521	0.00521	0.00521	0.00463	0.00290	0.00695	0.00695	0.00927	0.01506	0.03128	0.01738	0.83203	0.02433	0.00463	0.00463	0.00695	0.00290	0.00290
17	0.00582	0.00416	0.00555	0.00666	0.00693	0.00388	0.00444	0.00666	0.00915	0.01220	0.02634	0.82891	0.03161	0.01497	0.00610	0.00194	0.00277	0.01359	0.00444	0.00388
18	0.01144	0.01184	0.02295	0.02448	0.42458	0.01148	0.36090	0.01479	0.01107	0.01543	0.00987	0.01379	0.00813	0.00447	0.00521	0.00153	0.00670	0.03193	0.00246	0.00695
19	0.01032	0.00848	0.01004	0.02252	0.01177	0.00648	0.00586	0.01246	0.01004	0.04492	0.00888	0.01020	0.00724	0.00365	0.00361	0.00075	0.00361	0.00293	0.00293	0.81329
20	0.01333	0.50722	0.16395	0.01009	0.01435	0.19459	0.01013	0.01553	0.01064	0.01205	0.00716	0.00832	0.00612	0.00436	0.00361	0.00116	0.00625	0.00285	0.00213	0.00617
21	0.01248	0.01257	0.01849	0.02628	0.66016	0.09833	0.02895	0.01572	0.05206	0.01541	0.00938	0.01182	0.00778	0.00444	0.00471	0.00141	0.00595	0.00422	0.00251	0.00733
22	0.00568	0.00484	0.00488	0.00487	0.00647	0.00405	0.00365	0.00692	0.01096	0.01307	0.06781	0.04573	0.78078	0.01204	0.00565	0.00161	0.00242	0.01005	0.00446	0.00405
23	0.01094	0.01034	0.01751	0.20273	0.57986	0.01081	0.01390	0.01381	0.01060	0.01478	0.00996	0.01482	0.00863	0.00497	0.00487	0.00151	0.00575	0.05494	0.00245	0.00686
24	0.01278	0.83490	0.02505	0.00818	0.01227	0.01891	0.00818	0.01431	0.00971	0.01125	0.00664	0.00767	0.00613	0.00409	0.00307	0.00102	0.00511	0.00256	0.00204	0.00613
25	0.01137	0.00875	0.01299	0.01735	0.39088	0.01971	0.00953	0.01341	0.01116	0.13958	0.02240	0.02352	0.24106	0.05007	0.00603	0.00165	0.00446	0.00618	0.00356	0.00635
26	0.01480	0.01389	0.05058	0.01487	0.11198	0.18910	0.12559	0.03869	0.01157	0.17428	0.01016	0.01177	0.00772	0.00572	0.00733	0.00158	0.19650	0.00427	0.00310	0.00652
27	0.62065	0.00985	0.01058	0.01290	0.23687	0.01090	0.00790	0.01423	0.00892	0.01977	0.00733	0.00893	0.00586	0.00439	0.00347	0.00146	0.00427	0.00307	0.00279	0.00586
28	0.01265	0.01435	0.01403	0.46381	0.02483	0.33525	0.01154	0.01497	0.01109	0.01198	0.00797	0.01099	0.00628	0.00497	0.00499	0.00147	0.03743	0.00377	0.00226	0.00540
29	0.00929	0.00877	0.01481	0.74579	0.10560	0.01069	0.01341	0.01244	0.00968	0.01253	0.00854	0.01266	0.00648	0.00473	0.00477	0.00158	0.00631	0.00425	0.00215	0.00552
30	0.01012	0.00841	0.00986	0.00711	0.01127	0.00634	0.00567	0.01221	0.00999	0.03451	0.00906	0.02454	0.00763	0.00380	0.00362	0.00075	0.00354	0.00307	0.00293	0.82558
31	0.17101	0.38611	0.06610	0.00929	0.01299	0.18142	0.00851	0.08936	0.01146	0.01526	0.00738	0.00840	0.00615	0.00451	0.00356	0.00122	0.00571	0.00290	0.00256	0.00608
32	0.01255	0.05240	0.01508	0.01193	0.01312	0.01490	0.00999	0.21011	0.01132	0.01626	0.00763	0.01058	0.00674	0.00748	0.01226	0.00187	0.57285	0.00413	0.00278	0.00602
33	0.00988	0.03034	0.23721	0.00897	0.01401	0.00798	0.00913	0.01297	0.00996	0.01536	0.00848	0.00992	0.00677	0.00384	0.00381	0.00094	0.00458	0.00303	0.00258	0.60026
34	0.01234	0.37487	0.17171	0.01569	0.24555	0.06654	0.01194	0.01501	0.01043	0.02425	0.00792	0.00953	0.00662	0.00430	0.00394	0.00125	0.00586	0.00331	0.00221	0.00672
35	0.00683	0.00512	0.00768	0.00768	0.00853	0.00597	0.00597	0.00853	0.00768	0.01110	0.01280	0.01878	0.01195	0.03585	0.81308	0.00768	0.01280	0.00512	0.00256	0.00427
36	0.01278	0.83490	0.02505	0.00818	0.01227	0.01891	0.00818	0.01431	0.00971	0.01125	0.00664	0.00767	0.00613	0.00409	0.00307	0.00102	0.00511	0.00256	0.00204	0.00613
37	0.12365	0.01060	0.01239	0.01302	0.19749	0.04909	0.00837	0.15969	0.01247	0.01907	0.00940	0.01089	0.00747	0.00446	0.00400	0.00117	0.00454	0.00354	0.06500	0.28367
38	0.01345	0.01158	0.01391	0.36828	0.02256	0.07056	0.01079	0.30924	0.09691	0.01982	0.01070	0.01249	0.00789	0.00533	0.00475	0.00151	0.00584	0.00431	0.00345	0.00664
39	0.01189	0.01027	0.01081	0.00973	0.01243	0.01189	0.00757	0.02540	0.79357	0.01999	0.01945	0.01783	0.01459	0.00648	0.00486	0.00162	0.00378	0.00540	0.00486	0.00757
40	0.00588	0.00420	0.00560	0.00662	0.00695	0.00392	0.00444	0.00680	0.00941	0.01262	0.07287	0.78118	0.03242	0.01466	0.00607	0.00191	0.00274	0.01329	0.00449	0.00392
41	0.00787	0.00651	0.00905	0.00847	0.00887	0.00809	0.00650	0.00898	0.00743	0.01080	0.01168	0.03118	0.01190	0.21407	0.39030	0.00530	0.24086	0.00541	0.00253	0.00421
42	0.00676	0.00489	0.00639	0.00601	0.00714	0.00451	0.00451	0.00902	0.01353	0.01917	0.79969	0.03570	0.04510	0.00977	0.00564	0.00150	0.00225	0.00864	0.00526	0.00451
43	0.00991	0.00850	0.00991	0.00708	0.01133	0.00637	0.00566	0.01203	0.00991	0.01557	0.00850	0.00991	0.00708	0.00354	0.00354	0.00071	0.00354	0.00283	0.00283	0.86124
44	0.01097	0.25649	0.43123	0.01241	0.01814	0.01316	0.10694	0.01493	0.01019	0.02970	0.00835	0.00984	0.00639	0.00433	0.00420	0.00134	0.00638	0.00349	0.00219	0.04934
45	0.01433	0.10335	0.04614	0.01855	0.34538	0.02634	0.02359	0.28380	0.04303	0.03473	0.01012	0.01145	0.00785	0.00488	0.00457	0.00139	0.00551	0.00411	0.00332	0.00755
46	0.00716	0.00514	0.00642	0.00628	0.00648	0.00563	0.00412	0.00763	0.00714	0.00984	0.01394	0.02698	0.01537	0.59265	0.20516	0.00516	0.06241	0.00634	0.00276	0.00337
47	0.00603	0.00441	0.00589	0.00711	0.02267	0.00413	0.00477	0.00700	0.00939	0.01243	0.02727	0.72352	0.07716	0.01449	0.00607	0.00193	0.00290	0.05443	0.00439	0.00399
48	0.03262	0.10628	0.06312	0.01424	0.14106	0.42842	0.01024	0.04694	0.06792	0.03305	0.00891	0.01005	0.00716	0.00486	0.00430	0.00130	0.00700	0.00348	0.00273	0.00632
49	0.13961	0.01248	0.01219	0.01108	0.06049	0.09616	0.00830	0.26543	0.30379	0.02231	0.01314	0.01301	0.00985	0.00565	0.00449	0.00149	0.00486	0.00433	0.00416	0.00718
50	0.00663	0.00545	0.00891	0.00866	0.00961	0.00510	0.12018	0.00794	0.00947	0.01266	0.02387	0.70788	0.02800	0.01335	0.00603	0.00189	0.00356	0.01241	0.00414	0.00426
51	0.01450	0.01157	0.01228	0.01026	0.01343	0.01311	0.00820	0.34216	0.47256	0.02421	0.01613	0.01519	0.01190	0.00617	0.00483	0.00154	0.00440	0.00495	0.00483	0.00780
52	0.00991	0.00850	0.00991	0.00708	0.01133	0.00637	0.00566	0.01203	0.00991	0.01557	0.00850	0.00991	0.00708	0.00354	0.00354	0.00071	0.00354	0.00283	0.00283	0.86124
53	0.48452	0.00874	0.00886	0.00729	0.01058	0.00905	0.00601	0.01822	0.01064	0.37550	0.01216	0.01160	0.00818	0.00510	0.00379	0.00148	0.00386	0.00359	0.00429	0.00651
54	0.00781	0.00612	0.00791	0.00804	0.00909	0.02672	0.00663	0.00991	0.01181	0.01605	0.35078	0.04121	0.03253	0.01111	0.00694	0.00187	0.07578	0.36062	0.00451	0.00455
55	0.00974	0.00835	0.01363	0.58938	0.06782	0.01012	0.01194	0.01249	0.00958	0.05999	0.00995	0.04251	0.00807	0.00767	0.06418	0.00206	0.05988	0.00468	0.00248	0.00547
56	0.01128	0.01289	0.02820	0.02015	0.02498	0.01209	0.78485	0.01531	0.01128	0.01531	0.00967	0.01289	0.00725	0.00403	0.00564	0.00161	0.00806	0.00564	0.00242	0.00645
57	0.00830	0.00415	0.00623	0.00623	0.00623	0.00415	0.00415	0.00623	0.00623	0.00830	0.00830	0.01453	0.00830	0.01660	0.01868	0.86094	0.00415	0.00415	0.00208	0.00208
58	0.00830	0.00415	0.00623	0.00623	0.00623	0.00415	0.00415	0.00623	0.00623	0.00830	0.00830	0.01453	0.00830	0.01660	0.01868	0.86094	0.00415	0.00415	0.00208	0.00208
59	0.00743	0.00819	0.11963	0.00738	0.00955	0.00607	0.00664	0.01094	0.08711	0.01680	0.38159	0.07480	0.18761	0.00963	0.00548	0.00160	0.00325	0.04674	0.00451	0.00503
60	0.00597	0.00432	0.00564	0.00663	0.00707	0.00403	0.00458	0.00691	0.00939	0.01236	0.02791	0.69092	0.09580	0.03078	0.00646	0.00199	0.00290	0.06804	0.00440	0.00391
61	0.01183	0.01136	0.01940	0.02934	0.80221	0.01136	0.01467	0.01467	0.01088	0.01562	0.00899	0.01183	0.00757	0.00426	0.00473	0.00142	0.00568	0.00426	0.00237	0.00757
62	0.01796	0.01238	0.01349	0.01042	0.01408	0.01349	0.00858	0.65804	0.03559	0.10884	0.01257	0.01238	0.00882	0.00576	0.00472	0.00143	0.00497	0.00438	0.04415	0.00795
63	0.06333	0.28150	0.04758	0.07173	0.16142	0.05437	0.17215	0.02710	0.02114	0.01419	0.00890	0.03971	0.00765	0.00468	0.00430	0.00136	0.00598	0.00416	0.00243	0.00632
64	0.01490	0.01734	0.01337	0.01189	0.01363	0.47897	0.00927	0.06109	0.01187	0.01267	0.00780	0.01018	0.00681	0.00863	0.07871	0.00204	0.22919	0.00363	0.00251	0.00550
65	0.00734	0.00557	0.00673	0.00674	0.00726	0.03536	0.00472	0.00824	0.00771	0.01040	0.01424	0.02594	0.01502	0.41076	0.37232	0.00575	0.00839	0.04107	0.00280	0.00367
66	0.01278	0.83490	0.02505	0.00818	0.01227	0.01891	0.00818	0.01431	0.00971	0.01125	0.00664	0.00767	0.00613	0.00409	0.00307	0.00102	0.00511	0.00256	0.00204	0.00613
67	0.00937	0.00490	0.00495	0.00478	0.00603	0.00497	0.00363	0.04986	0.01065	0.01843	0.01539	0.01750	0.01204	0.00558	0.00341	0.00113	0.00238	0.00445	0.81590	0.00464
68	0.00660	0.00488	0.00616	0.00584	0.00704	0.00444	0.00438	0.00870	0.01314	0.01824	0.68871	0.03722	0.15665	0.01012	0.00564	0.00152	0.00228	0.00886	0.00514	0.00444
69	0.00598	0.00426	0.00547	0.00637	0.00666	0.00400	0.00418	0.00671	0.00889	0.01179	0.02549	0.68146	0.05812	0.13605	0.00879	0.00233	0.00304	0.01247	0.00421	0.00374
70	0.00687	0.00460	0.00524	0.00532	0.00534	0.00458	0.00301	0.00693	0.00711	0.00948	0.01588	0.08915	0.01841	0.77275	0.02301	0.00444	0.00450	0.00743	0.00301	0.00297
71	0.00695	0.00463	0.00521	0.00521	0.00521	0.00463	0.00290	0.00695	0.00695	0.00927	0.01506	0.03128	0.01738	0.83203	0.02433	0.00463	0.00463	0.00695	0.00290	0.00290
72	0.01183	0.01136	0.01940	0.02934	0.80221	0.01136	0.01467	0.01467	0.01088	0.01562	0.00899	0.01183	0.00757	0.00426	0.00473	0.00142	0.00568	0.00426	0.00237	0.00757
73	0.00676	0.00489	0.00639	0.00601	0.00714	0.00451	0.00451	0.00902	0.01353	0.01917	0.79969	0.03570	0.04510	0.00977	0.00564	0.00150	0.00225	0.00864	0.00526	0.00451
74	0.86579	0.00924	0.00702	0.00629	0.00924	0.01072	0.00518	0.01405	0.00813	0.02144	0.00666	0.00776	0.00518	0.00444	0.00296	0.00148	0.00370	0.00259	0.00296	0.00518
75	0.01183	0.01136	0.01940	0.02934	0.80221	0.01136	0.01467	0.01467	0.01088	0.01562	0.00899	0.01183	0.00757	0.00426	0.00473	0.00142	0.00568	0.00426	0.00237	0.00757
76	0.00695	0.00463	0.00521	0.00521	0.00521	0.00463	0.00290	0.00695	0.00695	0.00927	0.01506	0.03128	0.01738	0.83203	0.02433	0.00463	0.00463	0.00695	0.00290	0.00290
77	0.00683	0.00512	0.00768	0.00768	0.00853	0.00597	0.00597	0.00853	0.00768	0.01110	0.01280	0.01878	0.01195	0.03585	0.81308	0.00768	0.01280	0.00512	0.00256	0.00427
78	0.00959	0.02472	0.80726	0.01362	0.02069	0.01110	0.01766	0.01514	0.01009	0.01514	0.00858	0.01009	0.00605	0.00454	0.00454	0.00151	0.00706	0.00353	0.00202	0.00706
79	0.00582	0.00416	0.00555	0.00666	0.00693	0.00388	0.00444	0.00666	0.00915	0.01220	0.02634	0.82891	0.03161	0.01497	0.00610	0.00194	0.00277	0.01359	0.00444	0.00388
80	0.00683	0.00512	0.00768	0.00768	0.00853	0.00597	0.00597	0.00853	0.00768	0.01110	0.01280	0.01878	0.01195	0.03585	0.81308	0.00768	0.01280	0.00512	0.00256	0.00427
81	0.01046	0.01046	0.01464	0.01255	0.01255	0.01464	0.01046	0.01150	0.00732	0.01150	0.00627	0.01046	0.00627	0.00837	0.01569	0.00209	0.82328	0.00418	0.00209	0.00523
82	0.09172	0.00693	0.00995	0.00978	0.01136	0.00728	0.07610	0.02429	0.01065	0.01510	0.02048	0.04187	0.02165	0.01117	0.00686	0.01493	0.05394	0.55727	0.00392	0.00474
83	0.01278	0.83490	0.02505	0.00818	0.01227	0.01891	0.00818	0.01431	0.00971	0.01125	0.00664	0.00767	0.00613	0.00409	0.00307	0.00102	0.00511	0.00256	0.00204	0.00613
84	0.02144	0.00813	0.01109	0.00850	0.01220	0.00702	0.00702	0.02329	0.01368	0.80552	0.01886	0.01627	0.01183	0.00592	0.00481	0.00148	0.00407	0.00481	0.00592	0.00813
85	0.01039	0.32832	0.27629	0.00951	0.01390	0.01270	0.01039	0.03228	0.04677	0.01453	0.11140	0.01620	0.08726	0.00586	0.00424	0.00134	0.00508	0.00453	0.00286	0.00615
86	0.00665	0.00488	0.00622	0.00589	0.00707	0.00446	0.00442	0.00879	0.01325	0.01850	0.71998	0.03680	0.12522	0.01002	0.00564	0.00152	0.00227	0.00880	0.00517	0.00446
87	0.86579	0.00924	0.00702	0.00629	0.00924	0.01072	0.00518	0.01405	0.00813	0.02144	0.00666	0.00776	0.00518	0.00444	0.00296	0.00148	0.00370	0.00259	0.00296	0.00518
88	0.00676	0.00489	0.00639	0.00601	0.00714	0.00451	0.00451	0.00902	0.01353	0.01917	0.79969	0.03570	0.04510	0.00977	0.00564	0.00150	0.00225	0.00864	0.00526	0.00451
89	0.01366	0.01546	0.05188	0.09905	0.20977	0.28006	0.05356	0.04439	0.15519	0.01521	0.01042	0.01191	0.00819	0.00499	0.00466	0.00143	0.00657	0.00412	0.00290	0.00659
90	0.00959	0.02472	0.80726	0.01362	0.02069	0.01110	0.01766	0.01514	0.01009	0.01514	0.00858	0.01009	0.00605	0.00454	0.00454	0.00151	0.00706	0.00353	0.00202	0.00706
91	0.00582	0.00416	0.00555	0.00666	0.00693	0.00388	0.00444	0.00666	0.00915	0.01220	0.02634	0.82891	0.03161	0.01497	0.00610	0.00194	0.00277	0.01359	0.00444	0.00388
92	0.86579	0.00924	0.00702	0.00629	0.00924	0.01072	0.00518	0.01405	0.00813	0.02144	0.00666	0.00776	0.00518	0.00444	0.00296	0.00148	0.00370	0.00259	0.00296	0.00518
93	0.00689	0.00461	0.00523	0.00529	0.00530	0.00459	0.00298	0.00694	0.00707	0.00942	0.01565	0.07294	0.01812	0.78935	0.02338	0.00449	0.00454	0.00730	0.00298	0.00295
94	0.01345	0.01089	0.01160	0.00990	0.01284	0.01234	0.00784	0.24749	0.52484	0.02292	0.05987	0.01695	0.01437	0.00645	0.00488	0.00156	0.00413	0.00526	0.00486	0.00756
95	0.00688	0.00492	0.00668	0.00668	0.00719	0.00543	0.00473	0.00789	0.00739	0.01036	0.01372	0.02383	0.01414	0.35794	0.49399	0.00645	0.00950	0.00586	0.00270	0.00371
96	0.00770	0.00550	0.00770	0.00880	0.00990	0.00550	0.00770	0.00990	0.01100	0.01430	0.02531	0.05391	0.02751	0.01320	0.00660	0.00220	0.00440	0.77004	0.00440	0.00440
97	0.06181	0.00980	0.01612	0.42413	0.36929	0.01095	0.01340	0.01340	0.01005	0.01426	0.00860	0.01204	0.00683	0.00453	0.00465	0.00151	0.00591	0.00415	0.00228	0.00629
98	0.81441	0.00937	0.00777	0.00767	0.05695	0.01076	0.00575	0.01409	0.00830	0.02109	0.00680	0.00801	0.00532	0.00443	0.00306	0.00148	0.00382	0.00269	0.00292	0.00532

[dist]
# distance from previous block
# <min> <max>
0	1

[block]
# block no. 3 follows, 53 sequences, length 46
# corresponding to MSA columns:
# 613-658
name=unknown_D
#
# <colnr> <probs for GDERKNQSTAVLIFYWHMCP>
#	G	D	E	R	K	N	Q	S	T	A	V	L	I	F	Y	W	H	M	C	P
0	0.01056	0.18164	0.62134	0.01251	0.01880	0.04730	0.01546	0.01515	0.01017	0.01423	0.00815	0.00956	0.00607	0.00447	0.00425	0.00141	0.00675	0.00332	0.00204	0.00682
1	0.00710	0.00490	0.00572	0.00562	0.00566	0.00512	0.00334	0.00721	0.00699	0.00943	0.01459	0.02990	0.01669	0.76593	0.05413	0.00464	0.04036	0.00676	0.00285	0.00305
2	0.02144	0.00813	0.01109	0.00850	0.01220	0.00702	0.00702	0.02329	0.01368	0.80552	0.01886	0.01627	0.01183	0.00592	0.00481	0.00148	0.00407	0.00481	0.00592	0.00813
3	0.01046	0.01046	0.01464	0.01255	0.01255	0.01464	0.01046	0.01150	0.00732	0.01150	0.00627	0.01046	0.00627	0.00837	0.01569	0.00209	0.82328	0.00418	0.00209	0.00523
4	0.01827	0.01322	0.01424	0.01092	0.01474	0.01457	0.00902	0.76177	0.02219	0.05502	0.01171	0.01163	0.00825	0.00574	0.00478	0.00144	0.00522	0.00432	0.00482	0.00813
5	0.86579	0.00924	0.00702	0.00629	0.00924	0.01072	0.00518	0.01405	0.00813	0.02144	0.00666	0.00776	0.00518	0.00444	0.00296	0.00148	0.00370	0.00259	0.00296	0.00518
6	0.00786	0.00534	0.00595	0.00568	0.00599	0.00546	0.00340	0.06991	0.00820	0.01095	0.01477	0.02968	0.01663	0.76527	0.02275	0.00438	0.00468	0.00674	0.00305	0.00332
7	0.00991	0.00850	0.00991	0.00708	0.01133	0.00637	0.00566	0.01203	0.00991	0.01557	0.00850	0.00991	0.00708	0.00354	0.00354	0.00071	0.00354	0.00283	0.00283	0.86124
8	0.00959	0.02472	0.80726	0.01362	0.02069	0.01110	0.01766	0.01514	0.01009	0.01514	0.00858	0.01009	0.00605	0.00454	0.00454	0.00151	0.00706	0.00353	0.00202	0.00706
9	0.01067	0.00796	0.01172	0.00938	0.01210	0.00753	0.15704	0.07100	0.07260	0.13351	0.14934	0.02880	0.29136	0.00834	0.00540	0.00156	0.00405	0.00742	0.00445	0.00576
10	0.01965	0.01101	0.01287	0.00987	0.01364	0.01129	0.00815	0.44106	0.01849	0.38095	0.01481	0.01364	0.00980	0.00582	0.00479	0.00145	0.00472	0.00453	0.00529	0.00813
11	0.00689	0.00486	0.00636	0.00636	0.00676	0.00526	0.00433	0.00769	0.00729	0.01012	0.01401	0.02545	0.01485	0.46082	0.39208	0.00605	0.00844	0.00610	0.00274	0.00354
12	0.01233	0.72143	0.13460	0.00894	0.01345	0.01782	0.00951	0.01443	0.00976	0.01179	0.00692	0.00801	0.00612	0.00415	0.00327	0.00109	0.00538	0.00269	0.00204	0.00626
13	0.01076	0.01027	0.01747	0.33077	0.50912	0.01108	0.01414	0.01373	0.01038	0.01432	0.00880	0.01218	0.00711	0.00446	0.00475	0.00149	0.00594	0.00425	0.00227	0.00671
14	0.00770	0.00550	0.00770	0.00880	0.00990	0.00550	0.00770	0.00990	0.01100	0.01430	0.02531	0.05391	0.02751	0.01320	0.00660	0.00220	0.00440	0.77004	0.00440	0.00440
15	0.01901	0.01203	0.01350	0.01035	0.01415	0.01281	0.00855	0.58925	0.02020	0.23035	0.01338	0.01271	0.00908	0.00578	0.00479	0.00145	0.00495	0.00443	0.00507	0.00813
16	0.01436	0.01181	0.01218	0.01027	0.01337	0.03996	0.00817	0.29965	0.48911	0.02337	0.01617	0.01523	0.01197	0.00616	0.00482	0.00154	0.00448	0.00493	0.00475	0.00770
17	0.00961	0.00751	0.00800	0.00715	0.00936	0.00763	0.00556	0.14747	0.17365	0.03962	0.06854	0.06657	0.41115	0.00968	0.00533	0.00159	0.00325	0.00805	0.00466	0.00560
18	0.00582	0.00416	0.00555	0.00666	0.00693	0.00388	0.00444	0.00666	0.00915	0.01220	0.02634	0.82891	0.03161	0.01497	0.00610	0.00194	0.00277	0.01359	0.00444	0.00388
19	0.00638	0.00487	0.00585	0.00561	0.00690	0.00434	0.00420	0.00827	0.01261	0.01699	0.53804	0.03929	0.30810	0.01058	0.00564	0.00154	0.00231	0.00915	0.00497	0.00434
20	0.01103	0.39223	0.45244	0.01115	0.01687	0.01464	0.01336	0.01476	0.00992	0.01337	0.00770	0.00899	0.00609	0.00434	0.00387	0.00129	0.00618	0.00309	0.00203	0.00664
21	0.01015	0.00964	0.01636	0.50422	0.34047	0.01091	0.01383	0.01319	0.01009	0.01357	0.00869	0.01238	0.00685	0.00457	0.00476	0.00152	0.00609	0.00425	0.00222	0.00621
22	0.86579	0.00924	0.00702	0.00629	0.00924	0.01072	0.00518	0.01405	0.00813	0.02144	0.00666	0.00776	0.00518	0.00444	0.00296	0.00148	0.00370	0.00259	0.00296	0.00518
23	0.00686	0.00499	0.00704	0.00704	0.00767	0.00563	0.00517	0.00812	0.00749	0.01062	0.01339	0.02202	0.01336	0.24270	0.60816	0.00689	0.01068	0.00560	0.00265	0.00391
24	0.01183	0.01136	0.01940	0.02934	0.80221	0.01136	0.01467	0.01467	0.01088	0.01562	0.00899	0.01183	0.00757	0.00426	0.00473	0.00142	0.00568	0.00426	0.00237	0.00757
25	0.00672	0.00488	0.00633	0.00597	0.00711	0.00449	0.00448	0.00894	0.01343	0.01893	0.77135	0.03609	0.07358	0.00986	0.00564	0.00151	0.00226	0.00870	0.00523	0.00449
26	0.02144	0.00813	0.01109	0.00850	0.01220	0.00702	0.00702	0.02329	0.01368	0.80552	0.01886	0.01627	0.01183	0.00592	0.00481	0.00148	0.00407	0.00481	0.00592	0.00813
27	0.00903	0.00850	0.01434	0.82054	0.03292	0.01062	0.01327	0.01221	0.00956	0.01221	0.00850	0.01274	0.00637	0.00478	0.00478	0.00159	0.00637	0.00425	0.00212	0.00531
28	0.00660	0.00488	0.00616	0.00584	0.00704	0.00444	0.00438	0.00870	0.01313	0.01823	0.68720	0.03724	0.15817	0.01012	0.00564	0.00152	0.00228	0.00886	0.00514	0.00444
29	0.00959	0.02472	0.80726	0.01362	0.02069	0.01110	0.01766	0.01514	0.01009	0.01514	0.00858	0.01009	0.00605	0.00454	0.00454	0.00151	0.00706	0.00353	0.00202	0.00706
30	0.01128	0.01289	0.02820	0.02015	0.02498	0.01209	0.78485	0.01531	0.01128	0.01531	0.00967	0.01289	0.00725	0.00403	0.00564	0.00161	0.00806	0.00564	0.00242	0.00645
31	0.01189	0.01027	0.01081	0.00973	0.01243	0.01189	0.00757	0.02540	0.79357	0.01999	0.01945	0.01783	0.01459	0.00648	0.00486	0.00162	0.00378	0.00540	0.00486	0.00757
32	0.00959	0.02472	0.80726	0.01362	0.02069	0.01110	0.01766	0.01514	0.01009	0.01514	0.00858	0.01009	0.00605	0.00454	0.00454	0.00151	0.00706	0.00353	0.00202	0.00706
33	0.01254	0.01163	0.01111	0.01001	0.01269	0.09940	0.00775	0.02471	0.70835	0.01909	0.01814	0.01683	0.01367	0.00631	0.00480	0.00158	0.00431	0.00515	0.00460	0.00734
34	0.01007	0.00864	0.00998	0.00729	0.01142	0.00682	0.00582	0.01311	0.07323	0.01593	0.00938	0.01055	0.00769	0.00378	0.00365	0.00078	0.00356	0.00304	0.00300	0.79227
35	0.01273	0.48100	0.27490	0.00997	0.01497	0.01506	0.01110	0.01559	0.01028	0.10230	0.00865	0.00942	0.00675	0.00444	0.00374	0.00123	0.00562	0.00312	0.00247	0.00666
36	0.04340	0.00566	0.00767	0.00870	0.00988	0.00572	0.00760	0.01008	0.01088	0.01460	0.02453	0.05199	0.02658	0.01284	0.00645	0.00217	0.00437	0.73812	0.00434	0.00443
37	0.00765	0.00547	0.00764	0.00866	0.00976	0.00545	0.00754	0.00986	0.01113	0.01455	0.06464	0.05299	0.02840	0.01303	0.00655	0.00217	0.00429	0.73136	0.00444	0.00441
38	0.01192	0.01303	0.10737	0.01393	0.01799	0.01195	0.29059	0.10639	0.30806	0.01866	0.01472	0.01537	0.03602	0.00547	0.00513	0.00158	0.00583	0.00531	0.00363	0.00705
39	0.00982	0.04456	0.73221	0.01458	0.07503	0.01132	0.01721	0.01508	0.01014	0.01507	0.00856	0.01015	0.00616	0.00451	0.00452	0.00149	0.00692	0.00356	0.00204	0.00708
40	0.00903	0.00850	0.01434	0.82054	0.03292	0.01062	0.01327	0.01221	0.00956	0.01221	0.00850	0.01274	0.00637	0.00478	0.00478	0.00159	0.00637	0.00425	0.00212	0.00531
41	0.00882	0.00447	0.00454	0.00452	0.00563	0.00446	0.00339	0.01105	0.01017	0.01788	0.04821	0.01856	0.01362	0.00574	0.00344	0.00113	0.00223	0.00463	0.82306	0.00446
42	0.01153	0.01214	0.07414	0.06859	0.70842	0.01130	0.01481	0.01458	0.01076	0.01541	0.00894	0.01175	0.00740	0.00430	0.00472	0.00143	0.00581	0.00421	0.00233	0.00742
43	0.01018	0.00893	0.01441	0.41426	0.19763	0.00999	0.03406	0.03320	0.04893	0.04190	0.07910	0.02926	0.02525	0.00574	0.00496	0.00156	0.00550	0.02624	0.00293	0.00599
44	0.00867	0.01244	0.21801	0.00987	0.01333	0.05711	0.08974	0.01235	0.07118	0.01451	0.05180	0.02891	0.32478	0.00841	0.00528	0.00160	0.00483	0.05817	0.00353	0.00548
45	0.04877	0.01185	0.01700	0.21611	0.49577	0.10044	0.01332	0.01455	0.01074	0.01462	0.00859	0.01152	0.00702	0.00447	0.00462	0.00144	0.00609	0.00405	0.00234	0.00670

[dist]
# distance from previous block
# <min> <max>
0	1

[block]
# block no. 4 follows, 53 sequences, length 25
# corresponding to MSA columns:
# 660-684
name=unknown_E
#
# <colnr> <probs for GDERKNQSTAVLIFYWHMCP>
#	G	D	E	R	K	N	Q	S	T	A	V	L	I	F	Y	W	H	M	C	P
0	0.01486	0.01190	0.01246	0.09601	0.08624	0.17344	0.00865	0.08745	0.05331	0.19387	0.06410	0.01381	0.01094	0.00532	0.00454	0.00131	0.00527	0.00426	0.00378	0.14848
1	0.09117	0.01113	0.01155	0.00980	0.01287	0.01268	0.00781	0.25764	0.48601	0.02323	0.01585	0.01497	0.01176	0.00607	0.00467	0.00155	0.00423	0.00481	0.00467	0.00752
2	0.01183	0.01136	0.01940	0.02934	0.80221	0.01136	0.01467	0.01467	0.01088	0.01562	0.00899	0.01183	0.00757	0.00426	0.00473	0.00142	0.00568	0.00426	0.00237	0.00757
3	0.00692	0.00475	0.00581	0.00581	0.00602	0.00496	0.00364	0.00733	0.00713	0.00971	0.01451	0.02826	0.01607	0.63968	0.21488	0.00537	0.00661	0.00651	0.00282	0.00323
4	0.01369	0.73975	0.02350	0.00831	0.01232	0.03763	0.00810	0.01524	0.01017	0.08321	0.00777	0.00847	0.00665	0.00428	0.00326	0.00107	0.00510	0.00277	0.00241	0.00630
5	0.01139	0.01091	0.01860	0.15364	0.68135	0.01124	0.01445	0.01428	0.01067	0.01508	0.00891	0.01197	0.00738	0.00434	0.00474	0.00145	0.00579	0.00426	0.00233	0.00722
6	0.00676	0.00489	0.00639	0.00601	0.00714	0.00451	0.00451	0.00902	0.01353	0.01917	0.79969	0.03570	0.04510	0.00977	0.00564	0.00150	0.00225	0.00864	0.00526	0.00451
7	0.00685	0.00494	0.00651	0.00627	0.00739	0.00460	0.00480	0.00910	0.01330	0.01873	0.72953	0.03735	0.04350	0.01008	0.00572	0.00157	0.00245	0.07762	0.00518	0.00450
8	0.01330	0.00928	0.01476	0.38077	0.22059	0.01000	0.01184	0.04166	0.01141	0.22216	0.01144	0.01340	0.00817	0.00498	0.00477	0.00151	0.00555	0.00440	0.00327	0.00672
9	0.00903	0.00850	0.01434	0.82054	0.03292	0.01062	0.01327	0.01221	0.00956	0.01221	0.00850	0.01274	0.00637	0.00478	0.00478	0.00159	0.00637	0.00425	0.00212	0.00531
10	0.00959	0.02472	0.80726	0.01362	0.02069	0.01110	0.01766	0.01514	0.01009	0.01514	0.00858	0.01009	0.00605	0.00454	0.00454	0.00151	0.00706	0.00353	0.00202	0.00706
11	0.00589	0.00485	0.00518	0.00510	0.00661	0.00414	0.00382	0.00733	0.01147	0.01428	0.21252	0.04375	0.63532	0.01160	0.00565	0.00159	0.00238	0.00977	0.00462	0.00414
12	0.00891	0.00445	0.00445	0.00445	0.00557	0.00445	0.00334	0.01114	0.01002	0.01782	0.01559	0.01782	0.01225	0.00557	0.00334	0.00111	0.00223	0.00445	0.85856	0.00445
13	0.01128	0.01289	0.02820	0.02015	0.02498	0.01209	0.78485	0.01531	0.01128	0.01531	0.00967	0.01289	0.00725	0.00403	0.00564	0.00161	0.00806	0.00564	0.00242	0.00645
14	0.00594	0.00485	0.00525	0.00515	0.00664	0.00416	0.00386	0.00743	0.01159	0.01456	0.24648	0.04328	0.60119	0.01149	0.00565	0.00158	0.00238	0.00971	0.00466	0.00416
15	0.01232	0.01009	0.01084	0.00959	0.01223	0.01144	0.00752	0.16121	0.55142	0.02110	0.04477	0.07664	0.01599	0.00724	0.00501	0.00162	0.00394	0.02499	0.00482	0.00722
16	0.01372	0.17187	0.01373	0.00972	0.01216	0.35696	0.00770	0.09203	0.01316	0.01466	0.13122	0.11485	0.01547	0.00684	0.00455	0.00134	0.00591	0.00526	0.00329	0.00555
17	0.00889	0.00794	0.01297	0.42827	0.16974	0.00898	0.01129	0.01156	0.01020	0.01357	0.06526	0.10909	0.01456	0.00718	0.00520	0.00167	0.00533	0.09999	0.00291	0.00541
18	0.86579	0.00924	0.00702	0.00629	0.00924	0.01072	0.00518	0.01405	0.00813	0.02144	0.00666	0.00776	0.00518	0.00444	0.00296	0.00148	0.00370	0.00259	0.00296	0.00518
19	0.01148	0.00986	0.01046	0.00952	0.01206	0.01136	0.00736	0.02415	0.74139	0.01948	0.01991	0.07179	0.01572	0.00705	0.00495	0.00164	0.00372	0.00595	0.00484	0.00732
20	0.01065	0.01586	0.24326	0.07468	0.02435	0.01171	0.51779	0.01504	0.01083	0.01504	0.00928	0.01211	0.00686	0.00422	0.00527	0.00158	0.00766	0.00496	0.00229	0.00654
21	0.00696	0.00524	0.00648	0.00611	0.00740	0.00494	0.00460	0.00983	0.06508	0.01842	0.65111	0.03584	0.14024	0.00985	0.00559	0.00153	0.00238	0.00861	0.00513	0.00465
22	0.00694	0.00468	0.00545	0.00545	0.00553	0.00476	0.00319	0.00710	0.00702	0.00944	0.01484	0.03007	0.01685	0.75502	0.10062	0.00493	0.00542	0.00677	0.00286	0.00303
23	0.69976	0.00977	0.00813	0.00709	0.01012	0.01126	0.00580	0.09586	0.08079	0.02222	0.00832	0.00906	0.00634	0.00476	0.00332	0.00149	0.00387	0.00302	0.00332	0.00570
24	0.01469	0.01339	0.01866	0.01415	0.01805	0.07090	0.28520	0.33425	0.14157	0.02189	0.01182	0.01279	0.00871	0.00519	0.00507	0.00151	0.00626	0.00487	0.00379	0.00725

[dist]
# distance from previous block
# <min> <max>
4	9

[block]
# block no. 5 follows, 53 sequences, length 15
# corresponding to MSA columns:
# 694-708
name=unknown_F
#
# <colnr> <probs for GDERKNQSTAVLIFYWHMCP>
#	G	D	E	R	K	N	Q	S	T	A	V	L	I	F	Y	W	H	M	C	P
0	0.15955	0.01156	0.01312	0.01089	0.01403	0.06392	0.11740	0.09087	0.42707	0.01996	0.01436	0.01423	0.01080	0.00562	0.00460	0.00155	0.00482	0.00470	0.00403	0.00692
1	0.07480	0.00974	0.01071	0.00857	0.01185	0.09150	0.04846	0.02990	0.05162	0.22532	0.01735	0.04759	0.10872	0.00610	0.00448	0.00129	0.00434	0.00499	0.00400	0.23866
2	0.01640	0.07720	0.08666	0.01162	0.01473	0.40326	0.00983	0.15329	0.01397	0.07968	0.00899	0.00998	0.00697	0.00537	0.00541	0.00138	0.08232	0.00354	0.00305	0.00636
3	0.01129	0.00929	0.01212	0.01041	0.01152	0.01164	0.00845	0.17074	0.01071	0.04088	0.00995	0.01434	0.00899	0.07336	0.20438	0.00345	0.37536	0.00465	0.00294	0.00552
4	0.01234	0.14391	0.09588	0.04598	0.03548	0.07779	0.44756	0.01573	0.01116	0.05465	0.00932	0.01161	0.00709	0.00429	0.00494	0.00147	0.00724	0.00464	0.00249	0.00644
5	0.01277	0.00887	0.01053	0.00770	0.01180	0.00726	0.00622	0.08456	0.01174	0.16106	0.01066	0.01121	0.00804	0.00417	0.00388	0.00091	0.00379	0.00333	0.00357	0.62790
6	0.01415	0.01631	0.01519	0.18415	0.04896	0.39843	0.06608	0.04746	0.01183	0.01294	0.00784	0.01032	0.00643	0.00537	0.00631	0.00148	0.13484	0.00378	0.00242	0.00569
7	0.00685	0.00505	0.00730	0.00730	0.00802	0.00577	0.00549	0.00829	0.00757	0.01081	0.01315	0.02073	0.01279	0.15995	0.69014	0.00721	0.01153	0.00541	0.00261	0.00405
8	0.00737	0.00526	0.00732	0.00842	0.00937	0.00521	0.00712	0.00932	0.01067	0.01393	0.02549	0.19284	0.02824	0.01352	0.00651	0.00215	0.00411	0.63443	0.00441	0.00431
9	0.00606	0.00430	0.00569	0.00671	0.00703	0.00407	0.00457	0.00694	0.00912	0.01213	0.02535	0.70298	0.03013	0.08120	0.00762	0.00218	0.00305	0.07273	0.00431	0.00384
10	0.01981	0.00853	0.01109	0.00868	0.01219	0.00786	0.00711	0.06897	0.08783	0.65574	0.04713	0.01684	0.01309	0.00610	0.00484	0.00149	0.00405	0.00497	0.00572	0.00795
11	0.00576	0.00467	0.00512	0.00538	0.00662	0.00402	0.00389	0.00694	0.01060	0.01311	0.08816	0.24714	0.55651	0.01270	0.00576	0.00169	0.00250	0.01090	0.00449	0.00402
12	0.01325	0.00741	0.00918	0.00784	0.01028	0.00729	0.00618	0.01824	0.21328	0.29662	0.32465	0.02428	0.02556	0.00757	0.00515	0.00152	0.00328	0.00646	0.00539	0.00657
13	0.00959	0.02472	0.80726	0.01362	0.02069	0.01110	0.01766	0.01514	0.01009	0.01514	0.00858	0.01009	0.00605	0.00454	0.00454	0.00151	0.00706	0.00353	0.00202	0.00706
14	0.01269	0.01196	0.08018	0.14503	0.11931	0.02618	0.12924	0.15734	0.11486	0.07572	0.04124	0.01506	0.03826	0.00550	0.00495	0.00152	0.00564	0.00495	0.00351	0.00686

[dist]
# distance from previous block
# <min> <max>
0	8

[block]
# block no. 6 follows, 53 sequences, length 48
# corresponding to MSA columns:
# 717-764
name=unknown_G
#
# <colnr> <probs for GDERKNQSTAVLIFYWHMCP>
#	G	D	E	R	K	N	Q	S	T	A	V	L	I	F	Y	W	H	M	C	P
0	0.29242	0.00860	0.00857	0.00762	0.00975	0.04257	0.02949	0.08675	0.10669	0.01829	0.05402	0.06048	0.02642	0.02077	0.00648	0.12367	0.00399	0.00476	0.08354	0.00513
1	0.01678	0.01230	0.01370	0.01141	0.05573	0.01353	0.00888	0.64089	0.02028	0.04189	0.03553	0.01269	0.00950	0.00584	0.00498	0.00143	0.02477	0.00445	0.05772	0.00769
2	0.01032	0.00986	0.01493	0.56526	0.16705	0.04524	0.01282	0.03032	0.07101	0.01378	0.00945	0.01277	0.00725	0.00484	0.00476	0.00155	0.00612	0.00429	0.00245	0.00596
3	0.00685	0.00504	0.00727	0.00726	0.00799	0.00574	0.00546	0.00830	0.00768	0.01096	0.02828	0.02107	0.01344	0.16048	0.67360	0.00708	0.01132	0.00548	0.00267	0.00406
4	0.86579	0.00924	0.00702	0.00629	0.00924	0.01072	0.00518	0.01405	0.00813	0.02144	0.00666	0.00776	0.00518	0.00444	0.00296	0.00148	0.00370	0.00259	0.00296	0.00518
5	0.00628	0.00487	0.00571	0.00550	0.00684	0.00430	0.00413	0.00808	0.01238	0.01644	0.47158	0.04020	0.37491	0.01079	0.00564	0.00155	0.00233	0.00927	0.00490	0.00430
6	0.01056	0.00508	0.00544	0.00507	0.00654	0.00498	0.00389	0.03005	0.01072	0.10864	0.01587	0.01750	0.01211	0.00561	0.00354	0.00116	0.00251	0.00449	0.74127	0.00496
7	0.00694	0.00467	0.00541	0.00541	0.00547	0.00474	0.00314	0.00708	0.00701	0.00941	0.01488	0.03030	0.01695	0.76948	0.08629	0.00487	0.00528	0.00681	0.00287	0.00300
8	0.00590	0.00480	0.00522	0.00523	0.00664	0.00412	0.00388	0.00730	0.01132	0.01419	0.20679	0.10266	0.58163	0.01182	0.00568	0.00161	0.00241	0.01004	0.00461	0.00412
9	0.01261	0.79188	0.06659	0.00847	0.01271	0.01850	0.00868	0.01436	0.00973	0.01145	0.00675	0.00780	0.00613	0.00411	0.00315	0.00105	0.00522	0.00261	0.00204	0.00618
10	0.01189	0.01027	0.01081	0.00973	0.01243	0.01189	0.00757	0.02540	0.79357	0.01999	0.01945	0.01783	0.01459	0.00648	0.00486	0.00162	0.00378	0.00540	0.00486	0.00757
11	0.01754	0.01308	0.01399	0.01087	0.01458	0.01453	0.00893	0.71049	0.09927	0.02911	0.01227	0.01211	0.00877	0.00581	0.00479	0.00145	0.00511	0.00441	0.00479	0.00807
12	0.00571	0.00477	0.00499	0.00516	0.00659	0.00405	0.00382	0.00690	0.01067	0.01285	0.04511	0.14673	0.68576	0.01250	0.00573	0.00167	0.00251	0.02605	0.00444	0.00402
13	0.86579	0.00924	0.00702	0.00629	0.00924	0.01072	0.00518	0.01405	0.00813	0.02144	0.00666	0.00776	0.00518	0.00444	0.00296	0.00148	0.00370	0.00259	0.00296	0.00518
14	0.01114	0.44306	0.03726	0.00884	0.01183	0.08606	0.04376	0.01283	0.01043	0.01256	0.08065	0.12996	0.03806	0.00686	0.00443	0.00133	0.02020	0.03235	0.00288	0.00551
15	0.00722	0.00461	0.00511	0.00511	0.00526	0.00461	0.00296	0.00753	0.00738	0.01046	0.01513	0.02941	0.01666	0.71710	0.02141	0.00414	0.00430	0.00660	0.12188	0.00311
16	0.00961	0.00907	0.01244	0.01096	0.01144	0.01212	0.00898	0.01185	0.07342	0.01218	0.01039	0.01422	0.03810	0.01433	0.18793	0.00325	0.54733	0.00471	0.00251	0.00517
17	0.00615	0.00462	0.00571	0.00620	0.00703	0.00425	0.00438	0.00766	0.02683	0.01409	0.20143	0.44684	0.20958	0.01297	0.00588	0.00177	0.00262	0.02323	0.00463	0.00414
18	0.86579	0.00924	0.00702	0.00629	0.00924	0.01072	0.00518	0.01405	0.00813	0.02144	0.00666	0.00776	0.00518	0.00444	0.00296	0.00148	0.00370	0.00259	0.00296	0.00518
19	0.00972	0.02381	0.74687	0.01413	0.02102	0.01118	0.07713	0.01515	0.01018	0.01515	0.00866	0.01031	0.00615	0.00450	0.00463	0.00152	0.00714	0.00370	0.00205	0.00702
20	0.00695	0.00463	0.00521	0.00521	0.00521	0.00463	0.00290	0.00695	0.00695	0.00927	0.01506	0.03128	0.01738	0.83203	0.02433	0.00463	0.00463	0.00695	0.00290	0.00290
21	0.01084	0.38438	0.42547	0.01083	0.01634	0.01428	0.01285	0.01442	0.00996	0.01331	0.00939	0.01052	0.03949	0.00466	0.00393	0.00130	0.00600	0.00337	0.00213	0.00652
22	0.01278	0.83490	0.02505	0.00818	0.01227	0.01891	0.00818	0.01431	0.00971	0.01125	0.00664	0.00767	0.00613	0.00409	0.00307	0.00102	0.00511	0.00256	0.00204	0.00613
23	0.01278	0.83490	0.02505	0.00818	0.01227	0.01891	0.00818	0.01431	0.00971	0.01125	0.00664	0.00767	0.00613	0.00409	0.00307	0.00102	0.00511	0.00256	0.00204	0.00613
24	0.03902	0.01331	0.01761	0.10150	0.41356	0.15417	0.07720	0.07925	0.02986	0.01603	0.00908	0.01142	0.00731	0.00459	0.00469	0.00143	0.00633	0.00414	0.00264	0.00686
25	0.01450	0.01663	0.01999	0.01555	0.01898	0.32601	0.34150	0.09572	0.01301	0.01512	0.00870	0.01089	0.00684	0.00489	0.00581	0.00148	0.07118	0.00439	0.00265	0.00617
26	0.11628	0.00746	0.01029	0.00834	0.01067	0.00756	0.15340	0.07267	0.01109	0.04256	0.01331	0.02833	0.01041	0.00531	0.00393	0.00130	0.00382	0.00460	0.48334	0.00531
