[name]
unknown

[dist]
# distance from previous block
# <min> <max>
0	306

[block]
# block no. 0 follows, 49 sequences, length 14
# corresponding to MSA columns:
# 318-331
name=unknown_A
#
# <colnr> <probs for GDERKNQSTAVLIFYWHMCP>
#	G	D	E	R	K	N	Q	S	T	A	V	L	I	F	Y	W	H	M	C	P
0	0.01481	0.00872	0.01086	0.05947	0.01344	0.00903	0.00788	0.05244	0.24062	0.27881	0.04833	0.02567	0.01729	0.05444	0.00663	0.00194	0.00444	0.13291	0.00515	0.00711
1	0.01148	0.00784	0.00879	0.00827	0.00960	0.09922	0.00619	0.01227	0.00986	0.14404	0.02718	0.07699	0.01397	0.07781	0.27252	0.17579	0.00785	0.02209	0.00345	0.00477
2	0.00932	0.01669	0.41087	0.01132	0.01601	0.00938	0.01279	0.01469	0.10151	0.01604	0.02114	0.02743	0.14467	0.00825	0.00548	0.00178	0.00566	0.15711	0.00343	0.00642
3	0.01484	0.02047	0.14515	0.01205	0.01502	0.50699	0.01026	0.01683	0.01277	0.01310	0.01208	0.17283	0.01193	0.00729	0.00498	0.00150	0.00759	0.00558	0.00295	0.00578
4	0.01094	0.36264	0.08006	0.01316	0.16903	0.01318	0.00969	0.01296	0.01039	0.01344	0.01367	0.24186	0.01452	0.00770	0.00464	0.00149	0.00498	0.00650	0.00296	0.00619
5	0.01334	0.01487	0.17047	0.01142	0.01539	0.03621	0.01047	0.14437	0.48175	0.02158	0.01653	0.01585	0.01225	0.00627	0.00505	0.00165	0.00510	0.00506	0.00445	0.00793
6	0.00857	0.00677	0.00833	0.00767	0.00876	0.00738	0.00571	0.01235	0.14222	0.01736	0.41040	0.03049	0.03150	0.17344	0.01106	0.00235	0.09832	0.00765	0.00460	0.00506
7	0.01202	0.01309	0.01125	0.01059	0.01237	0.30197	0.05789	0.01486	0.10217	0.01390	0.01840	0.37090	0.01962	0.01007	0.00556	0.00171	0.00573	0.00867	0.00383	0.00540
8	0.00712	0.00587	0.00768	0.00797	0.00845	0.00643	0.00583	0.00811	0.00960	0.01289	0.02755	0.52534	0.15607	0.01392	0.00842	0.00203	0.16636	0.01174	0.00419	0.00442
9	0.01131	0.01275	0.16925	0.00943	0.01422	0.00877	0.00896	0.01631	0.14143	0.05123	0.01145	0.01224	0.00884	0.00460	0.00425	0.00112	0.00457	0.00370	0.00333	0.50225
10	0.01125	0.00668	0.00886	0.01066	0.16505	0.00654	0.00633	0.01330	0.01069	0.10787	0.01540	0.01979	0.01283	0.14406	0.00778	0.00192	0.00375	0.00516	0.43652	0.00556
11	0.04522	0.10718	0.01152	0.00893	0.01091	0.01006	0.01868	0.04722	0.21254	0.01586	0.01698	0.17837	0.01617	0.01743	0.24109	0.00360	0.02180	0.00682	0.00379	0.00586
12	0.10944	0.00915	0.01037	0.14460	0.01415	0.08336	0.02011	0.04417	0.00992	0.01409	0.01361	0.15935	0.01415	0.17460	0.06573	0.00285	0.09574	0.00658	0.00314	0.00490
13	0.01204	0.07328	0.01422	0.15670	0.07725	0.15863	0.00963	0.01473	0.04457	0.01487	0.10034	0.01438	0.01210	0.00586	0.00601	0.00142	0.09958	0.00442	0.00299	0.17696

[dist]
# distance from previous block
# <min> <max>
1	9

[block]
# block no. 1 follows, 49 sequences, length 11
# corresponding to MSA columns:
# 341-351
name=unknown_B
#
# <colnr> <probs for GDERKNQSTAVLIFYWHMCP>
#	G	D	E	R	K	N	Q	S	T	A	V	L	I	F	Y	W	H	M	C	P
0	0.01218	0.00988	0.01227	0.17774	0.01747	0.00952	0.00844	0.12166	0.08447	0.04810	0.01093	0.01239	0.00842	0.00474	0.00439	0.00118	0.00468	0.00387	0.00345	0.44423
1	0.00809	0.00641	0.00865	0.00818	0.00854	0.00770	0.00604	0.00903	0.00774	0.01107	0.01303	0.02322	0.01364	0.34111	0.33027	0.00561	0.17882	0.00597	0.00274	0.00416
2	0.06359	0.01056	0.01592	0.31542	0.02331	0.01201	0.13597	0.10764	0.14523	0.01774	0.01249	0.06211	0.01014	0.00614	0.00566	0.00171	0.03909	0.00544	0.00334	0.00649
3	0.01172	0.00909	0.01113	0.05898	0.05969	0.07428	0.00819	0.11889	0.01172	0.08543	0.01293	0.01683	0.01092	0.02390	0.45655	0.00526	0.01036	0.00498	0.00331	0.00584
4	0.00706	0.00517	0.00662	0.00626	0.00749	0.00473	0.00469	0.00935	0.01408	0.01973	0.72704	0.03867	0.10910	0.01054	0.00597	0.00160	0.00240	0.00927	0.00549	0.00473
5	0.00955	0.00899	0.01517	0.81013	0.03483	0.01123	0.01404	0.01292	0.01011	0.01292	0.00899	0.01348	0.00674	0.00506	0.00506	0.00169	0.00674	0.00449	0.00225	0.00562
6	0.00878	0.00439	0.00659	0.00659	0.00659	0.00439	0.00439	0.00659	0.00659	0.00878	0.00878	0.01537	0.00878	0.01757	0.01976	0.85288	0.00439	0.00439	0.00220	0.00220
7	0.00980	0.00802	0.00969	0.00916	0.01010	0.03098	0.00690	0.12403	0.02828	0.01540	0.01837	0.36434	0.02027	0.08938	0.06654	0.00267	0.16794	0.00910	0.00391	0.00514
8	0.01198	0.06047	0.01708	0.40254	0.24280	0.06003	0.01325	0.08261	0.01199	0.01554	0.00969	0.03221	0.00789	0.00522	0.00494	0.00157	0.00640	0.00456	0.00265	0.00659
9	0.01271	0.59539	0.17784	0.01092	0.01594	0.01774	0.07939	0.01541	0.01050	0.01309	0.00772	0.00911	0.00658	0.00441	0.00380	0.00124	0.00609	0.00320	0.00219	0.00671
10	0.01331	0.64721	0.14981	0.00985	0.01458	0.06678	0.01034	0.01559	0.01059	0.01259	0.00741	0.00859	0.00648	0.00446	0.00358	0.00118	0.00597	0.00290	0.00219	0.00661

[dist]
# distance from previous block
# <min> <max>
0	2

[block]
# block no. 2 follows, 49 sequences, length 12
# corresponding to MSA columns:
# 354-365
name=unknown_C
#
# <colnr> <probs for GDERKNQSTAVLIFYWHMCP>
#	G	D	E	R	K	N	Q	S	T	A	V	L	I	F	Y	W	H	M	C	P
0	0.00977	0.16945	0.07238	0.01044	0.03824	0.05782	0.08474	0.01195	0.01140	0.01485	0.16939	0.23915	0.02340	0.02641	0.00582	0.00171	0.00480	0.03908	0.00373	0.00547
1	0.00905	0.00577	0.00767	0.00757	0.00883	0.00529	0.02042	0.03155	0.01086	0.10558	0.07028	0.52367	0.02767	0.06968	0.00737	0.00205	0.00344	0.01119	0.00466	0.06739
2	0.00612	0.00456	0.00571	0.00663	0.00723	0.00414	0.00451	0.00709	0.01008	0.01307	0.03288	0.65362	0.19557	0.01519	0.00635	0.00198	0.00285	0.01358	0.00469	0.00414
3	0.01056	0.00590	0.00791	0.00740	0.00907	0.00540	0.00577	0.01264	0.01341	0.18830	0.42475	0.13779	0.03580	0.01062	0.00596	0.00174	0.00316	0.10283	0.00549	0.00551
4	0.01286	0.66877	0.17726	0.00978	0.01472	0.01839	0.01062	0.01531	0.01035	0.01270	0.00743	0.00861	0.00647	0.00442	0.00355	0.00118	0.00581	0.00291	0.00216	0.00668
5	0.01988	0.01311	0.01453	0.01114	0.01516	0.01412	0.00920	0.63228	0.02202	0.17595	0.01362	0.01310	0.00934	0.00611	0.00506	0.00153	0.00533	0.00465	0.00529	0.00860
6	0.07364	0.00956	0.01500	0.45435	0.02610	0.01025	0.09538	0.01338	0.01030	0.01494	0.00898	0.01233	0.00694	0.00460	0.00467	0.00144	0.00595	0.00414	0.00254	0.22552
7	0.01019	0.10167	0.01308	0.06635	0.01292	0.08908	0.00859	0.01174	0.00919	0.01215	0.01162	0.10320	0.01159	0.01816	0.27337	0.00391	0.22978	0.00555	0.00269	0.00518
8	0.01326	0.00984	0.01144	0.00885	0.01278	0.00888	0.00726	0.20118	0.01421	0.07839	0.01282	0.01725	0.01085	0.00579	0.00458	0.00120	0.00435	0.09820	0.00396	0.47490
9	0.01375	0.17930	0.35424	0.01321	0.01868	0.12872	0.09765	0.01748	0.01171	0.10533	0.00988	0.01103	0.00729	0.00488	0.00462	0.00146	0.00706	0.00387	0.00274	0.00710
10	0.00796	0.01163	0.24517	0.00912	0.01218	0.00706	0.00910	0.01063	0.01004	0.01400	0.03548	0.20127	0.12465	0.07470	0.12193	0.00287	0.00602	0.02793	0.00341	0.06485
11	0.01002	0.00906	0.01340	0.09843	0.06647	0.00911	0.12083	0.01532	0.18823	0.01708	0.12080	0.10254	0.06965	0.00746	0.00534	0.00157	0.00464	0.00683	0.00394	0.12926

[dist]
# distance from previous block
# <min> <max>
2	4

[block]
# block no. 3 follows, 49 sequences, length 31
# corresponding to MSA columns:
# 370-400
name=unknown_D
#
# <colnr> <probs for GDERKNQSTAVLIFYWHMCP>
#	G	D	E	R	K	N	Q	S	T	A	V	L	I	F	Y	W	H	M	C	P
0	0.01031	0.04449	0.04500	0.66482	0.03134	0.05432	0.01362	0.01348	0.01025	0.01293	0.00873	0.01280	0.00670	0.00521	0.00551	0.00166	0.04651	0.00432	0.00226	0.00573
1	0.00750	0.00605	0.00816	0.05194	0.07157	0.00595	0.00668	0.00939	0.01110	0.01444	0.11164	0.05827	0.29173	0.04093	0.12128	0.00284	0.00515	0.16647	0.00414	0.00477
2	0.00923	0.00836	0.01364	0.28571	0.02037	0.00953	0.09598	0.01213	0.02346	0.01507	0.15584	0.05891	0.01954	0.00846	0.00718	0.00187	0.10738	0.13849	0.00346	0.00539
3	0.00616	0.00440	0.00587	0.00704	0.00733	0.00411	0.00469	0.00704	0.00968	0.01291	0.02787	0.81899	0.03344	0.01584	0.00645	0.00205	0.00293	0.01438	0.00469	0.00411
4	0.00860	0.00532	0.00758	0.00746	0.00750	0.00587	0.00522	0.00746	0.00725	0.00991	0.01181	0.13145	0.01280	0.08051	0.01791	0.54997	0.11174	0.00606	0.00263	0.00298
5	0.04521	0.01065	0.01245	0.05394	0.03884	0.01043	0.00805	0.26243	0.04480	0.09748	0.04938	0.01347	0.01050	0.00532	0.00455	0.00126	0.00458	0.00423	0.00414	0.31827
6	0.01889	0.02410	0.01433	0.01303	0.01563	0.80199	0.00977	0.02019	0.01433	0.01238	0.00782	0.00912	0.00651	0.00521	0.00456	0.00130	0.00912	0.00326	0.00261	0.00586
7	0.85801	0.00978	0.00743	0.00665	0.00978	0.01134	0.00548	0.01486	0.00861	0.02269	0.00704	0.00821	0.00548	0.00469	0.00313	0.00156	0.00391	0.00274	0.00313	0.00548
8	0.01922	0.01416	0.01518	0.01163	0.01568	0.01568	0.00961	0.77388	0.02378	0.03187	0.01214	0.01214	0.00860	0.00607	0.00506	0.00152	0.00556	0.00455	0.00506	0.00860
9	0.00616	0.00440	0.00587	0.00704	0.00733	0.00411	0.00469	0.00704	0.00968	0.01291	0.02787	0.81899	0.03344	0.01584	0.00645	0.00205	0.00293	0.01438	0.00469	0.00411
10	0.01059	0.01792	0.35192	0.01672	0.02233	0.01139	0.36122	0.01525	0.01142	0.01615	0.04880	0.04715	0.01078	0.00555	0.00553	0.00169	0.00744	0.02865	0.00268	0.00682
11	0.00702	0.00516	0.00657	0.00622	0.00747	0.00471	0.00466	0.00927	0.01399	0.01950	0.70177	0.03905	0.13450	0.01063	0.00597	0.00160	0.00241	0.00932	0.00546	0.00471
12	0.01550	0.05618	0.01271	0.03684	0.01391	0.05346	0.00860	0.18607	0.16986	0.18523	0.01813	0.02422	0.01508	0.00785	0.00538	0.00172	0.00500	0.17216	0.00485	0.00724
13	0.01515	0.16783	0.12250	0.01417	0.03701	0.36935	0.14277	0.02996	0.01265	0.01384	0.00849	0.01028	0.00689	0.00551	0.02128	0.00152	0.00808	0.00379	0.00249	0.00643
14	0.00691	0.00502	0.00651	0.00642	0.00748	0.00462	0.00471	0.00896	0.01331	0.01856	0.60840	0.18231	0.08490	0.01148	0.00606	0.00168	0.00250	0.01019	0.00536	0.00462
15	0.01191	0.01326	0.02811	0.05409	0.12015	0.01263	0.64953	0.01598	0.01181	0.01611	0.01009	0.01350	0.00768	0.00432	0.00581	0.00168	0.00815	0.00573	0.00254	0.00692
16	0.01280	0.00952	0.01105	0.04833	0.01330	0.00998	0.00769	0.17381	0.23317	0.07738	0.01830	0.16847	0.01641	0.00821	0.00527	0.00162	0.00428	0.04860	0.00465	0.12719
17	0.02650	0.13060	0.42214	0.01256	0.01814	0.07591	0.01404	0.15081	0.03283	0.01818	0.01032	0.01278	0.00808	0.00547	0.00470	0.00153	0.00671	0.03855	0.00290	0.00726
18	0.01352	0.82533	0.02650	0.00865	0.01298	0.02001	0.00865	0.01514	0.01027	0.01190	0.00703	0.00811	0.00649	0.00433	0.00324	0.00108	0.00541	0.00270	0.00216	0.00649
19	0.01279	0.01097	0.01155	0.01033	0.01323	0.01268	0.00805	0.05053	0.75761	0.02149	0.02031	0.01865	0.01522	0.00684	0.00514	0.00171	0.00405	0.00568	0.00514	0.00802
20	0.85801	0.00978	0.00743	0.00665	0.00978	0.01134	0.00548	0.01486	0.00861	0.02269	0.00704	0.00821	0.00548	0.00469	0.00313	0.00156	0.00391	0.00274	0.00313	0.00548
21	0.01345	0.57343	0.06627	0.06789	0.07169	0.09341	0.01023	0.01549	0.01072	0.01258	0.00753	0.00910	0.00662	0.00458	0.00394	0.00122	0.01999	0.00310	0.00224	0.00652
22	0.00722	0.00542	0.00813	0.00813	0.00903	0.00632	0.00632	0.00903	0.00813	0.01174	0.01354	0.01987	0.01264	0.03792	0.80225	0.00813	0.01354	0.00542	0.00271	0.00451
23	0.00907	0.00702	0.00917	0.03432	0.03532	0.00762	0.00704	0.09984	0.06264	0.01558	0.02079	0.11270	0.10346	0.03431	0.33464	0.00448	0.00807	0.08487	0.00377	0.00529
24	0.00943	0.00471	0.00471	0.00471	0.00589	0.00471	0.00353	0.01178	0.01060	0.01885	0.01650	0.01885	0.01296	0.00589	0.00353	0.00118	0.00236	0.00471	0.85036	0.00471
25	0.01171	0.02341	0.66203	0.01416	0.02108	0.01130	0.05886	0.01703	0.01119	0.10718	0.01041	0.01160	0.00719	0.00494	0.00490	0.00160	0.00716	0.00402	0.00264	0.00757
26	0.00668	0.00521	0.00616	0.00653	0.00787	0.00469	0.00511	0.00832	0.01171	0.01481	0.14054	0.13947	0.41767	0.01312	0.00627	0.00188	0.00309	0.19166	0.00480	0.00441
27	0.01141	0.01006	0.01081	0.01206	0.10265	0.13142	0.00862	0.01504	0.11437	0.05824	0.02227	0.08989	0.07621	0.01055	0.01827	0.00197	0.00527	0.29086	0.00421	0.00583
28	0.06075	0.01124	0.01187	0.00999	0.01310	0.01257	0.00797	0.29558	0.36115	0.02466	0.07921	0.01893	0.05651	0.00705	0.00511	0.00162	0.00436	0.00567	0.00501	0.00762
29	0.12656	0.46483	0.06363	0.00935	0.01346	0.09309	0.00881	0.06722	0.03525	0.03177	0.00833	0.00925	0.00694	0.00470	0.00368	0.00124	0.00556	0.00310	0.00274	0.04049
30	0.21486	0.01208	0.01126	0.00956	0.01255	0.10421	0.00759	0.21948	0.13701	0.08902	0.01277	0.01414	0.00991	0.05324	0.06885	0.00225	0.00583	0.00443	0.00414	0.00682

[dist]
# distance from previous block
# <min> <max>
0	1

[block]
# block no. 4 follows, 49 sequences, length 55
# corresponding to MSA columns:
# 402-456
name=unknown_E
#
# <colnr> <probs for GDERKNQSTAVLIFYWHMCP>
#	G	D	E	R	K	N	Q	S	T	A	V	L	I	F	Y	W	H	M	C	P
0	0.46527	0.01168	0.05774	0.09898	0.03421	0.07275	0.00807	0.01615	0.10148	0.01970	0.04361	0.01269	0.02860	0.00548	0.00404	0.00158	0.00482	0.00391	0.00330	0.00595
1	0.01056	0.01188	0.10815	0.05295	0.30662	0.01137	0.01249	0.01300	0.01015	0.01463	0.03851	0.09607	0.04140	0.00767	0.00861	0.01989	0.22107	0.00579	0.00277	0.00641
2	0.01620	0.00750	0.01000	0.00823	0.01088	0.00693	0.00656	0.03717	0.01396	0.44889	0.25569	0.05457	0.02402	0.03564	0.00657	0.00173	0.03609	0.00673	0.00568	0.00694
3	0.01117	0.00873	0.01163	0.09959	0.03019	0.00908	0.05774	0.19783	0.04036	0.03828	0.30630	0.04446	0.10671	0.00837	0.00559	0.00162	0.00426	0.00728	0.00470	0.00612
4	0.01200	0.01345	0.02873	0.02247	0.11714	0.01270	0.68255	0.01612	0.01189	0.01624	0.01014	0.01351	0.00771	0.00429	0.00585	0.00168	0.00823	0.00579	0.00255	0.00696
5	0.02932	0.00943	0.01471	0.18171	0.01888	0.01003	0.15309	0.06213	0.08805	0.06254	0.13594	0.02274	0.06552	0.00727	0.00608	0.00171	0.04617	0.05546	0.00386	0.02535
6	0.01168	0.01209	0.01540	0.01326	0.01346	0.07726	0.01096	0.01280	0.00826	0.01219	0.00673	0.01091	0.00663	0.00856	0.01565	0.00214	0.74989	0.00433	0.00224	0.00556
7	0.02175	0.00982	0.01245	0.00958	0.01350	0.00928	0.00790	0.18242	0.03226	0.61780	0.01832	0.01618	0.01175	0.00623	0.00508	0.00156	0.00456	0.00499	0.00598	0.00859
8	0.00598	0.00512	0.00512	0.00512	0.00683	0.00427	0.00384	0.00726	0.01153	0.01366	0.05123	0.04866	0.78869	0.01281	0.00598	0.00171	0.00256	0.01067	0.00470	0.00427
9	0.00986	0.02385	0.70242	0.01348	0.02030	0.01113	0.01706	0.01561	0.03569	0.01598	0.01309	0.01422	0.07423	0.00556	0.00492	0.00161	0.00694	0.00440	0.00245	0.00721
10	0.00716	0.00517	0.00676	0.00636	0.00755	0.00477	0.00477	0.00954	0.01431	0.02028	0.78808	0.03777	0.04771	0.01034	0.00596	0.00159	0.00239	0.00914	0.00557	0.00477
11	0.01194	0.01364	0.02984	0.02131	0.02643	0.01279	0.77238	0.01620	0.01194	0.01620	0.01023	0.01364	0.00767	0.00426	0.00597	0.00171	0.00853	0.00597	0.00256	0.00682
12	0.00738	0.00540	0.00750	0.00756	0.00839	0.00585	0.00564	0.02668	0.00956	0.01342	0.12270	0.13961	0.02130	0.11275	0.46136	0.00574	0.00920	0.02199	0.00352	0.00444
13	0.01528	0.01241	0.12691	0.01238	0.01724	0.00917	0.19453	0.01843	0.01233	0.30278	0.01334	0.01376	0.00923	0.00495	0.00493	0.00140	0.00564	0.00459	0.00397	0.21673
14	0.01405	0.00888	0.01085	0.00793	0.01225	0.00694	0.00641	0.01621	0.01165	0.24343	0.01219	0.01245	0.00896	0.00448	0.00414	0.00099	0.00391	0.00361	0.00395	0.60674
15	0.01321	0.04561	0.07279	0.10864	0.04804	0.03151	0.11320	0.14225	0.32989	0.02011	0.01435	0.01494	0.01075	0.00579	0.00511	0.00163	0.00569	0.00505	0.00394	0.00751
16	0.01110	0.00605	0.00784	0.00692	0.00888	0.00539	0.00535	0.01318	0.01382	0.22543	0.45856	0.06021	0.13745	0.00977	0.00575	0.00161	0.00294	0.00845	0.00560	0.00570
17	0.01190	0.00732	0.01002	0.02549	0.07785	0.00698	0.03139	0.03134	0.05838	0.20961	0.05130	0.19705	0.15310	0.07930	0.02358	0.00212	0.00422	0.00839	0.00467	0.00599
18	0.00950	0.00720	0.00798	0.00741	0.00951	0.00720	0.00578	0.04124	0.21228	0.06444	0.16017	0.03650	0.34131	0.01030	0.00574	0.00172	0.00326	0.05764	0.00506	0.00576
19	0.00987	0.01554	0.33821	0.01185	0.03044	0.01046	0.01216	0.04606	0.05659	0.01491	0.01135	0.01573	0.00978	0.09493	0.19748	0.00355	0.10746	0.00475	0.00269	0.00618
20	0.01049	0.00899	0.01049	0.00749	0.01198	0.00674	0.00599	0.01273	0.01049	0.01648	0.00899	0.01049	0.00749	0.00374	0.00374	0.00075	0.00374	0.00300	0.00300	0.85320
21	0.01600	0.03968	0.29575	0.01246	0.01767	0.04977	0.01272	0.40282	0.01773	0.07025	0.01117	0.01167	0.00790	0.00554	0.00490	0.00153	0.00633	0.00418	0.00389	0.00802
22	0.49572	0.32148	0.03117	0.00765	0.01127	0.01452	0.00703	0.01488	0.00937	0.01823	0.00759	0.00950	0.00650	0.00480	0.00331	0.00140	0.00458	0.02234	0.00278	0.00588
23	0.00941	0.00837	0.03675	0.04430	0.01118	0.03282	0.00648	0.05972	0.08863	0.01663	0.14716	0.16116	0.08573	0.08843	0.02533	0.00200	0.00420	0.00757	0.00412	0.16001
24	0.00782	0.00636	0.00712	0.00708	0.00875	0.00628	0.00544	0.01212	0.17671	0.01629	0.14386	0.12169	0.35423	0.01163	0.00596	0.00180	0.00312	0.09366	0.00491	0.00517
25	0.01247	0.23831	0.47517	0.01253	0.01849	0.10265	0.01461	0.01656	0.01111	0.04218	0.00877	0.01005	0.00666	0.00477	0.00437	0.00143	0.00700	0.00346	0.00234	0.00707
26	0.00739	0.00646	0.01015	0.00897	0.01069	0.00590	0.14344	0.00920	0.01117	0.01455	0.12199	0.28235	0.26003	0.04855	0.00705	0.00197	0.00392	0.03718	0.00434	0.00470
27	0.01096	0.00985	0.01425	0.34930	0.08552	0.01036	0.03604	0.05191	0.09781	0.01625	0.01053	0.01304	0.00817	0.00484	0.00470	0.00138	0.00547	0.00423	0.00297	0.26242
28	0.00645	0.00506	0.00584	0.00582	0.00717	0.00444	0.00430	0.00811	0.01239	0.01612	0.33252	0.13316	0.41616	0.01220	0.00603	0.00170	0.00254	0.01051	0.00503	0.00444
29	0.85801	0.00978	0.00743	0.00665	0.00978	0.01134	0.00548	0.01486	0.00861	0.02269	0.00704	0.00821	0.00548	0.00469	0.00313	0.00156	0.00391	0.00274	0.00313	0.00548
30	0.05112	0.01054	0.01738	0.01290	0.01715	0.00976	0.24614	0.05826	0.02948	0.46887	0.01605	0.01554	0.01060	0.00558	0.00529	0.00161	0.00566	0.00526	0.00490	0.00792
31	0.00784	0.00642	0.00709	0.00685	0.00856	0.00635	0.00514	0.01243	0.19547	0.01689	0.21098	0.12548	0.34906	0.01116	0.00583	0.00172	0.00291	0.00956	0.00500	0.00526
32	0.00676	0.00471	0.00577	0.00631	0.00658	0.00453	0.00401	0.00736	0.00894	0.01189	0.05278	0.39598	0.05514	0.37307	0.01498	0.00329	0.00381	0.02640	0.00400	0.00369
33	0.01056	0.02326	0.61899	0.01601	0.02294	0.01198	0.19288	0.01606	0.01097	0.01606	0.00934	0.01136	0.00670	0.00468	0.00507	0.00163	0.00772	0.00425	0.00223	0.00732
34	0.00800	0.00542	0.00665	0.00620	0.00775	0.00483	0.00470	0.01002	0.01350	0.07758	0.51065	0.03943	0.26486	0.01076	0.00590	0.00162	0.00258	0.00929	0.00536	0.00492
35	0.00918	0.00600	0.00725	0.00669	0.00840	0.00558	0.00510	0.01196	0.06984	0.11165	0.37645	0.03706	0.23136	0.05828	0.00700	0.00185	0.00301	0.03287	0.00522	0.00524
36	0.00943	0.00471	0.00471	0.00471	0.00589	0.00471	0.00353	0.01178	0.01060	0.01885	0.01650	0.01885	0.01296	0.00589	0.00353	0.00118	0.00236	0.00471	0.85036	0.00471
37	0.01113	0.09886	0.41379	0.01457	0.02031	0.01189	0.20179	0.01555	0.01113	0.05050	0.01217	0.04947	0.02918	0.00569	0.00513	0.00162	0.00696	0.03062	0.00269	0.00694
38	0.01636	0.00791	0.01024	0.00823	0.01140	0.00706	0.00661	0.01946	0.07580	0.43821	0.22350	0.02207	0.02157	0.00711	0.00517	0.00149	0.00370	0.00598	0.00562	0.10250
39	0.03996	0.04721	0.06545	0.13941	0.14102	0.02846	0.17455	0.01832	0.21501	0.02801	0.01263	0.01484	0.00981	0.00548	0.00540	0.00165	0.02515	0.01735	0.00324	0.00705
40	0.85801	0.00978	0.00743	0.00665	0.00978	0.01134	0.00548	0.01486	0.00861	0.02269	0.00704	0.00821	0.00548	0.00469	0.00313	0.00156	0.00391	0.00274	0.00313	0.00548
41	0.00721	0.00520	0.00683	0.00651	0.00770	0.00482	0.00494	0.00959	0.01418	0.02002	0.74957	0.03875	0.04677	0.01052	0.00602	0.00163	0.00250	0.04696	0.00552	0.00477
42	0.01049	0.00899	0.01049	0.00749	0.01198	0.00674	0.00599	0.01273	0.01049	0.01648	0.00899	0.01049	0.00749	0.00374	0.00374	0.00075	0.00374	0.00300	0.00300	0.85320
43	0.01110	0.01192	0.02446	0.01869	0.05389	0.01163	0.55681	0.01493	0.03110	0.01536	0.01135	0.03583	0.00945	0.03770	0.09659	0.00256	0.04149	0.00604	0.00270	0.00638
44	0.01049	0.00899	0.01049	0.00749	0.01198	0.00674	0.00599	0.01273	0.01049	0.01648	0.00899	0.01049	0.00749	0.00374	0.00374	0.00075	0.00374	0.00300	0.00300	0.85320
45	0.01042	0.00676	0.00959	0.01024	0.10190	0.00667	0.00695	0.02576	0.01185	0.14312	0.21922	0.04173	0.10647	0.01789	0.25414	0.00364	0.00670	0.00696	0.00430	0.00570
46	0.00649	0.00520	0.00582	0.00582	0.00725	0.00460	0.00430	0.00836	0.03197	0.01556	0.24784	0.13636	0.47778	0.01234	0.00601	0.00172	0.00260	0.01057	0.00494	0.00448
47	0.01382	0.02621	0.01447	0.02859	0.15652	0.05160	0.02555	0.20409	0.28274	0.02096	0.01437	0.01531	0.01116	0.00971	0.09965	0.00236	0.00630	0.00498	0.00407	0.00754
48	0.00878	0.00439	0.00659	0.00659	0.00659	0.00439	0.00439	0.00659	0.00659	0.00878	0.00878	0.01537	0.00878	0.01757	0.01976	0.85288	0.00439	0.00439	0.00220	0.00220
49	0.01154	0.01001	0.01399	0.40654	0.08004	0.02539	0.01155	0.08367	0.17701	0.03416	0.03035	0.01649	0.01078	0.00721	0.03706	0.00193	0.00610	0.02624	0.00339	0.00655
50	0.00799	0.00614	0.00869	0.04958	0.01020	0.00705	0.00681	0.00887	0.00888	0.01220	0.01810	0.29884	0.02020	0.05341	0.10793	0.11888	0.14898	0.09954	0.00347	0.00425
51	0.01632	0.02003	0.01810	0.01555	0.05321	0.52726	0.19683	0.01846	0.01338	0.01366	0.00895	0.02766	0.00747	0.00512	0.00494	0.00141	0.00851	0.00421	0.00265	0.03629
52	0.44807	0.01556	0.01077	0.00963	0.01248	0.33854	0.02375	0.01681	0.01120	0.01795	0.02975	0.00982	0.00732	0.00584	0.02269	0.00161	0.00635	0.00327	0.00296	0.00562
53	0.03800	0.09867	0.20241	0.01668	0.16025	0.21761	0.09753	0.01714	0.01193	0.04818	0.00912	0.01090	0.00714	0.00484	0.00488	0.00145	0.01986	0.00392	0.00260	0.02687
54	0.01207	0.02951	0.01180	0.01027	0.01241	0.22635	0.04192	0.01646	0.17869	0.01593	0.13580	0.11484	0.07227	0.00828	0.00606	0.00161	0.06050	0.00671	0.00398	0.03456

[dist]
# distance from previous block
# <min> <max>
3	12

[block]
# block no. 5 follows, 49 sequences, length 30
# corresponding to MSA columns:
# 469-498
name=unknown_F
#
# <colnr> <probs for GDERKNQSTAVLIFYWHMCP>
#	G	D	E	R	K	N	Q	S	T	A	V	L	I	F	Y	W	H	M	C	P
0	0.01164	0.01025	0.01076	0.02606	0.01226	0.08354	0.00745	0.11727	0.16325	0.01809	0.06017	0.19733	0.01791	0.00863	0.00600	0.00161	0.05806	0.03385	0.00418	0.15169
1	0.00990	0.07257	0.00941	0.00740	0.00915	0.00818	0.00558	0.05864	0.14554	0.05019	0.14881	0.04242	0.12565	0.22172	0.06065	0.00286	0.00457	0.00718	0.00426	0.00533
2	0.46742	0.11299	0.17898	0.02962	0.01419	0.01225	0.05201	0.01483	0.00961	0.01894	0.00966	0.01096	0.04065	0.00502	0.00383	0.00153	0.00512	0.00352	0.00281	0.00605
3	0.04891	0.06750	0.01487	0.01238	0.01528	0.63406	0.00953	0.11111	0.01504	0.01508	0.00827	0.00940	0.00673	0.00525	0.00449	0.00133	0.00829	0.00336	0.00290	0.00622
4	0.01125	0.08978	0.17001	0.47522	0.02775	0.11533	0.01390	0.01468	0.01079	0.01336	0.00867	0.01186	0.00662	0.00496	0.00477	0.00156	0.00707	0.00402	0.00226	0.00610
5	0.01005	0.01024	0.01981	0.38305	0.02770	0.01089	0.31829	0.01344	0.01079	0.01424	0.01206	0.12316	0.01075	0.00620	0.00561	0.00174	0.00694	0.00643	0.00271	0.00590
6	0.01487	0.01221	0.01625	0.14287	0.25362	0.01330	0.01181	0.36338	0.04834	0.02308	0.01272	0.01417	0.03892	0.00573	0.00508	0.00155	0.00570	0.00482	0.00383	0.00776
7	0.00770	0.00643	0.00868	0.00884	0.00926	0.00741	0.00674	0.00883	0.00951	0.01301	0.02377	0.45640	0.08379	0.01350	0.00924	0.00210	0.22363	0.09260	0.00401	0.00457
8	0.01164	0.01006	0.01220	0.01013	0.01284	0.06883	0.11075	0.16333	0.07641	0.04271	0.10765	0.07112	0.23620	0.00900	0.00565	0.00166	0.00471	0.03453	0.00449	0.00608
9	0.00694	0.00510	0.00633	0.00633	0.00733	0.00474	0.00455	0.00883	0.02496	0.01678	0.43660	0.18007	0.14177	0.10435	0.00832	0.00208	0.00286	0.02263	0.00498	0.00444
10	0.00928	0.10073	0.47793	0.01159	0.01656	0.01026	0.01342	0.01320	0.01033	0.01465	0.01457	0.25588	0.01463	0.00811	0.00515	0.00169	0.00588	0.00686	0.00292	0.00635
11	0.00637	0.00512	0.00569	0.00559	0.00708	0.00443	0.00417	0.00801	0.01240	0.01583	0.29486	0.06696	0.52155	0.01207	0.00599	0.00168	0.00251	0.01027	0.00498	0.00443
12	0.12685	0.01507	0.21035	0.05812	0.46080	0.01182	0.01487	0.01544	0.01085	0.01707	0.00904	0.01152	0.00721	0.00463	0.00470	0.00154	0.00612	0.00407	0.00249	0.00743
13	0.01611	0.23949	0.01820	0.03399	0.01509	0.01660	0.00957	0.41848	0.05170	0.02299	0.01036	0.01123	0.00804	0.00591	0.00590	0.00149	0.09940	0.00407	0.00384	0.00754
14	0.00943	0.00872	0.01462	0.67768	0.06983	0.01070	0.01322	0.01260	0.00995	0.01296	0.00954	0.01418	0.00749	0.00885	0.09778	0.00243	0.00750	0.00460	0.00231	0.00561
15	0.01756	0.17554	0.03729	0.01126	0.01474	0.28980	0.00940	0.18446	0.05917	0.11362	0.01083	0.01124	0.00822	0.00555	0.00487	0.00140	0.03050	0.00385	0.00363	0.00708
16	0.00925	0.04159	0.01491	0.01203	0.01426	0.00838	0.23637	0.01163	0.01046	0.01392	0.01743	0.03321	0.01783	0.16587	0.10158	0.00324	0.00692	0.27265	0.00340	0.00506
17	0.01981	0.01169	0.01346	0.01049	0.01435	0.01221	0.00861	0.40770	0.10315	0.32014	0.01603	0.01480	0.01083	0.00623	0.00508	0.00156	0.00491	0.00488	0.00552	0.00854
18	0.85801	0.00978	0.00743	0.00665	0.00978	0.01134	0.00548	0.01486	0.00861	0.02269	0.00704	0.00821	0.00548	0.00469	0.00313	0.00156	0.00391	0.00274	0.00313	0.00548
19	0.00991	0.00878	0.01031	0.07018	0.01303	0.05443	0.02263	0.02764	0.04514	0.01523	0.01446	0.20723	0.01444	0.00980	0.06874	0.00184	0.00503	0.00629	0.00343	0.39148
20	0.00624	0.00508	0.00552	0.00551	0.00702	0.00436	0.00410	0.00773	0.01199	0.01501	0.20561	0.09793	0.58131	0.01249	0.00601	0.00171	0.00255	0.01060	0.00488	0.00436
21	0.01066	0.05215	0.60718	0.01539	0.02220	0.01225	0.15796	0.01628	0.02961	0.01603	0.00950	0.01133	0.00686	0.00474	0.00497	0.00160	0.00751	0.00416	0.00229	0.00733
22	0.00943	0.00471	0.00471	0.00471	0.00589	0.00471	0.00353	0.01178	0.01060	0.01885	0.01650	0.01885	0.01296	0.00589	0.00353	0.00118	0.00236	0.00471	0.85036	0.00471
23	0.00861	0.00690	0.00793	0.00761	0.00929	0.00714	0.00576	0.01444	0.25876	0.01844	0.30901	0.13931	0.14441	0.01044	0.00580	0.00173	0.00307	0.03056	0.00516	0.00564
24	0.05536	0.00865	0.01157	0.00891	0.01279	0.00759	0.00736	0.02426	0.01424	0.76407	0.01944	0.01686	0.01224	0.00620	0.00501	0.00156	0.00429	0.00499	0.00614	0.00848
25	0.01568	0.11329	0.01578	0.02799	0.01538	0.19466	0.05425	0.15793	0.28034	0.05316	0.01361	0.01362	0.01030	0.00581	0.00481	0.00150	0.00597	0.00454	0.00402	0.00734
26	0.01889	0.02410	0.01433	0.01303	0.01563	0.80199	0.00977	0.02019	0.01433	0.01238	0.00782	0.00912	0.00651	0.00521	0.00456	0.00130	0.00912	0.00326	0.00261	0.00586
27	0.62494	0.01058	0.02554	0.00778	0.01122	0.01147	0.00655	0.11936	0.01142	0.11724	0.00934	0.00989	0.00677	0.00507	0.00366	0.00156	0.00426	0.00329	0.00375	0.00632
28	0.00700	0.00515	0.00649	0.00616	0.00737	0.00471	0.00457	0.00914	0.01365	0.01895	0.65611	0.03906	0.14734	0.04400	0.00678	0.00174	0.00251	0.00928	0.00535	0.00463
29	0.85801	0.00978	0.00743	0.00665	0.00978	0.01134	0.00548	0.01486	0.00861	0.02269	0.00704	0.00821	0.00548	0.00469	0.00313	0.00156	0.00391	0.00274	0.00313	0.00548

[dist]
# distance from previous block
# <min> <max>
0	1

[block]
# block no. 6 follows, 49 sequences, length 59
# corresponding to MSA columns:
# 500-558
name=unknown_G
#
# <colnr> <probs for GDERKNQSTAVLIFYWHMCP>
#	G	D	E	R	K	N	Q	S	T	A	V	L	I	F	Y	W	H	M	C	P
0	0.01085	0.08295	0.48553	0.06781	0.02272	0.01261	0.18397	0.01621	0.04084	0.01573	0.00961	0.01164	0.00707	0.00474	0.00497	0.00159	0.00736	0.00428	0.00236	0.00715
1	0.01103	0.00868	0.01070	0.00809	0.01201	0.00699	0.03114	0.01381	0.05106	0.07364	0.02426	0.07982	0.02962	0.00542	0.00430	0.00103	0.00384	0.00460	0.00355	0.61639
2	0.01969	0.00825	0.01137	0.00971	0.05332	0.00724	0.00742	0.02173	0.01420	0.63237	0.11365	0.02053	0.04313	0.00688	0.00522	0.00157	0.00410	0.00574	0.00592	0.00796
3	0.01321	0.00858	0.01012	0.00849	0.01103	0.00876	0.00673	0.20374	0.10165	0.14687	0.36625	0.02633	0.04999	0.00831	0.00551	0.00159	0.00367	0.00702	0.00548	0.00668
4	0.05266	0.11944	0.08351	0.00970	0.01395	0.01080	0.00880	0.11667	0.03270	0.47650	0.01579	0.01447	0.01047	0.00580	0.00474	0.00150	0.00487	0.00450	0.00505	0.00809
5	0.49868	0.01209	0.01036	0.00873	0.01207	0.07601	0.00710	0.21277	0.05564	0.05024	0.00960	0.01019	0.00715	0.00526	0.00392	0.00154	0.00478	0.00349	0.00380	0.00656
6	0.00699	0.00514	0.00659	0.00661	0.00775	0.00474	0.00501	0.00904	0.01309	0.01796	0.51799	0.14041	0.13675	0.01173	0.00614	0.00174	0.00272	0.08976	0.00525	0.00461
7	0.00903	0.09395	0.26340	0.01087	0.01438	0.00945	0.07564	0.01198	0.00966	0.01349	0.01380	0.14839	0.01365	0.10114	0.18525	0.00344	0.00769	0.00634	0.00282	0.00563
8	0.00643	0.00461	0.00611	0.00686	0.00739	0.00428	0.00471	0.00771	0.01092	0.01487	0.23063	0.61062	0.03725	0.01437	0.00632	0.00193	0.00279	0.01298	0.00493	0.00428
9	0.00931	0.00800	0.01126	0.06965	0.08005	0.00895	0.03379	0.06061	0.01114	0.01531	0.13940	0.13656	0.10857	0.10652	0.01038	0.00219	0.17164	0.00771	0.00370	0.00524
10	0.00716	0.00517	0.00676	0.00636	0.00755	0.00477	0.00477	0.00954	0.01431	0.02028	0.78808	0.03777	0.04771	0.01034	0.00596	0.00159	0.00239	0.00914	0.00557	0.00477
11	0.01039	0.05513	0.01338	0.01107	0.01282	0.14189	0.12831	0.02593	0.01111	0.01385	0.04827	0.38509	0.02081	0.01050	0.00684	0.00181	0.08478	0.00916	0.00366	0.00521
12	0.00735	0.00490	0.00552	0.00552	0.00552	0.00490	0.00306	0.00735	0.00735	0.00980	0.01593	0.03309	0.01838	0.82229	0.02574	0.00490	0.00490	0.00735	0.00306	0.00306
13	0.01524	0.00869	0.03066	0.00852	0.01178	0.00763	0.00707	0.07786	0.05628	0.33326	0.17336	0.02334	0.05421	0.00739	0.00520	0.00151	0.00395	0.04376	0.00525	0.12505
14	0.01049	0.00899	0.01049	0.00749	0.01198	0.00674	0.00599	0.01273	0.01049	0.01648	0.00899	0.01049	0.00749	0.00374	0.00374	0.00075	0.00374	0.00300	0.00300	0.85320
15	0.01021	0.04200	0.78083	0.01430	0.02171	0.01191	0.01848	0.01600	0.01067	0.01593	0.00903	0.01063	0.00641	0.00479	0.00477	0.00159	0.00743	0.00372	0.00214	0.00745
16	0.00666	0.00517	0.00609	0.00591	0.00732	0.00455	0.00440	0.00848	0.01277	0.01695	0.41497	0.09455	0.35457	0.01161	0.00596	0.00165	0.00252	0.01002	0.00510	0.02073
17	0.01248	0.02872	0.16564	0.23165	0.10238	0.02315	0.01246	0.16049	0.07926	0.04359	0.02304	0.01528	0.03520	0.03800	0.00583	0.00173	0.00601	0.00481	0.00333	0.00696
18	0.00961	0.00650	0.00813	0.00757	0.00928	0.00631	0.01666	0.03837	0.10533	0.09949	0.32445	0.18890	0.11846	0.01073	0.00587	0.00173	0.00316	0.02869	0.00523	0.00553
19	0.01226	0.01306	0.12153	0.05807	0.16426	0.03691	0.01083	0.14057	0.02374	0.01864	0.04731	0.03911	0.01039	0.00546	0.00508	0.00135	0.03155	0.00448	0.00325	0.25215
20	0.01288	0.01207	0.02132	0.08934	0.02178	0.01248	0.38411	0.12083	0.10192	0.04851	0.01287	0.02769	0.01024	0.00591	0.00631	0.00174	0.05421	0.04543	0.00344	0.00693
21	0.02532	0.01145	0.01339	0.01299	0.14264	0.05719	0.00884	0.12080	0.11625	0.04011	0.01116	0.01228	0.00881	0.00502	0.00501	0.00125	0.04320	0.00396	0.00352	0.35681
22	0.00817	0.00656	0.00746	0.00689	0.00871	0.00640	0.00520	0.01268	0.17559	0.01804	0.35178	0.03505	0.23901	0.04205	0.00645	0.00173	0.00295	0.00843	0.00500	0.05185
23	0.00734	0.00548	0.00688	0.00649	0.00784	0.00519	0.00492	0.03392	0.01350	0.01860	0.55226	0.03710	0.17631	0.01342	0.08607	0.00227	0.00364	0.00890	0.00511	0.00478
24	0.00888	0.00785	0.01130	0.01035	0.01086	0.01028	0.00837	0.01038	0.00796	0.01192	0.01056	0.01607	0.01005	0.02538	0.46317	0.00557	0.35860	0.00499	0.00249	0.00495
25	0.01404	0.01159	0.01226	0.01059	0.01371	0.01326	0.00836	0.19149	0.61461	0.02351	0.01872	0.01738	0.01393	0.00669	0.00513	0.00167	0.00435	0.00546	0.00513	0.00814
26	0.01161	0.01110	0.01890	0.26768	0.56114	0.01178	0.01507	0.01473	0.01109	0.01543	0.00935	0.01281	0.00762	0.00467	0.00502	0.00156	0.00623	0.00450	0.00243	0.00728
27	0.00680	0.00525	0.00630	0.00624	0.00762	0.00463	0.00464	0.00854	0.01225	0.01634	0.33434	0.17710	0.29337	0.01193	0.00598	0.00170	0.00270	0.03984	0.00495	0.04949
28	0.85801	0.00978	0.00743	0.00665	0.00978	0.01134	0.00548	0.01486	0.00861	0.02269	0.00704	0.00821	0.00548	0.00469	0.00313	0.00156	0.00391	0.00274	0.00313	0.00548
29	0.09767	0.09795	0.17963	0.01069	0.01467	0.01084	0.08152	0.10232	0.02258	0.11038	0.04095	0.10452	0.05862	0.03867	0.00575	0.00172	0.00530	0.00592	0.00373	0.00656
30	0.01087	0.01171	0.07209	0.49704	0.02779	0.05507	0.05310	0.01667	0.17389	0.01503	0.01145	0.01419	0.00859	0.00539	0.00508	0.00167	0.00644	0.00471	0.00289	0.00634
31	0.15282	0.00883	0.01050	0.00847	0.01179	0.00855	0.00689	0.10038	0.02790	0.44660	0.09498	0.04455	0.04180	0.00694	0.00493	0.00159	0.00407	0.00556	0.00544	0.00742
32	0.01129	0.08056	0.03286	0.01454	0.11237	0.01153	0.14800	0.01399	0.04061	0.06591	0.03087	0.08487	0.09461	0.00797	0.00807	0.00179	0.19499	0.03566	0.00331	0.00620
33	0.00628	0.00456	0.00596	0.00703	0.00750	0.00424	0.00486	0.00729	0.00997	0.01312	0.02981	0.70060	0.09842	0.01545	0.00645	0.00204	0.00302	0.06453	0.00469	0.00416
34	0.01067	0.12207	0.65240	0.01417	0.02111	0.01281	0.06717	0.01592	0.01071	0.01553	0.00890	0.01056	0.00650	0.00471	0.00469	0.00155	0.00729	0.00376	0.00217	0.00731
35	0.00943	0.00471	0.00471	0.00471	0.00589	0.00471	0.00353	0.01178	0.01060	0.01885	0.01650	0.01885	0.01296	0.00589	0.00353	0.00118	0.00236	0.00471	0.85036	0.00471
36	0.00736	0.00565	0.00661	0.00673	0.00788	0.00551	0.00482	0.03873	0.06653	0.01478	0.10375	0.29192	0.25724	0.09564	0.06088	0.00255	0.00385	0.01046	0.00453	0.00460
37	0.00703	0.00516	0.00658	0.00623	0.00748	0.00472	0.00467	0.00930	0.01402	0.01957	0.70946	0.03893	0.12677	0.01060	0.00597	0.00160	0.00240	0.00931	0.00547	0.00472
38	0.01048	0.01880	0.45677	0.01213	0.01732	0.01110	0.01360	0.01835	0.24629	0.01746	0.05482	0.04248	0.01273	0.03845	0.00585	0.00178	0.00589	0.00513	0.00336	0.00721
39	0.03797	0.01117	0.01322	0.01015	0.01411	0.01128	0.00839	0.36653	0.01860	0.43059	0.01612	0.01471	0.01059	0.00614	0.00503	0.00154	0.00487	0.00479	0.00565	0.00854
40	0.01638	0.01013	0.04318	0.01055	0.01300	0.01059	0.00896	0.06897	0.01266	0.36586	0.09646	0.01673	0.01378	0.00750	0.00905	0.00178	0.27751	0.00521	0.00458	0.00711
41	0.01049	0.00899	0.01049	0.00749	0.01198	0.00674	0.00599	0.01273	0.01049	0.01648	0.00899	0.01049	0.00749	0.00374	0.00374	0.00075	0.00374	0.00300	0.00300	0.85320
42	0.01180	0.00759	0.00955	0.09353	0.01282	0.00770	0.00703	0.06583	0.12166	0.17200	0.16002	0.12160	0.14368	0.00935	0.00561	0.00171	0.00384	0.03353	0.00498	0.00617
43	0.02258	0.00879	0.01185	0.00908	0.01300	0.00770	0.00750	0.04899	0.01478	0.76947	0.01970	0.01705	0.01239	0.00625	0.00508	0.00156	0.00434	0.00507	0.00622	0.00861
44	0.01461	0.01200	0.01619	0.01557	0.15791	0.02338	0.10593	0.22274	0.23658	0.06736	0.06278	0.01619	0.01299	0.00605	0.00524	0.00160	0.00535	0.00536	0.00437	0.00782
45	0.00659	0.00507	0.00603	0.00595	0.00725	0.00451	0.00440	0.00839	0.01274	0.01692	0.42097	0.12361	0.33555	0.01188	0.00602	0.00168	0.00251	0.01029	0.00514	0.00451
46	0.01201	0.01256	0.01777	0.15021	0.16676	0.09775	0.09178	0.01421	0.01000	0.01357	0.00808	0.01180	0.00701	0.00652	0.01007	0.00184	0.35503	0.00449	0.00235	0.00619
47	0.00878	0.00439	0.00659	0.00659	0.00659	0.00439	0.00439	0.00659	0.00659	0.00878	0.00878	0.01537	0.00878	0.01757	0.01976	0.85288	0.00439	0.00439	0.00220	0.00220
48	0.00727	0.00490	0.00569	0.00577	0.00584	0.00493	0.00336	0.00743	0.00755	0.01012	0.01658	0.08416	0.01905	0.72394	0.06918	0.00490	0.00527	0.00771	0.00315	0.00322
49	0.01087	0.01074	0.01496	0.01286	0.01286	0.01493	0.01064	0.01191	0.00772	0.01204	0.00713	0.01223	0.00726	0.05200	0.01708	0.00236	0.77016	0.00458	0.00226	0.00540
50	0.01310	0.06636	0.01574	0.01297	0.03593	0.13428	0.02865	0.01494	0.03572	0.06498	0.00875	0.01183	0.00769	0.00910	0.05468	0.00223	0.47009	0.00431	0.00268	0.00598
51	0.79739	0.00967	0.00757	0.00678	0.00984	0.01118	0.00555	0.01516	0.03883	0.02255	0.03305	0.00959	0.00724	0.00496	0.00330	0.00157	0.00387	0.00306	0.00329	0.00555
52	0.00881	0.00686	0.00998	0.06442	0.14586	0.00695	0.00764	0.01132	0.05215	0.04595	0.19110	0.35920	0.02802	0.01092	0.00612	0.00180	0.02330	0.00979	0.00437	0.00545
53	0.00994	0.00846	0.01032	0.00771	0.01165	0.00654	0.02434	0.01213	0.01071	0.01642	0.06199	0.08045	0.01233	0.00521	0.00417	0.00094	0.00370	0.00443	0.00330	0.70527
54	0.00689	0.00516	0.00644	0.00644	0.00767	0.00470	0.00490	0.00887	0.01295	0.01749	0.46311	0.11142	0.22208	0.01180	0.00612	0.00174	0.00272	0.08973	0.00518	0.00458
55	0.01356	0.00922	0.01110	0.00932	0.01206	0.05030	0.04823	0.08185	0.13100	0.19760	0.20424	0.08148	0.04749	0.00811	0.00542	0.00160	0.00421	0.02499	0.00504	0.05317
56	0.00889	0.00705	0.00925	0.04155	0.07756	0.02126	0.00697	0.05200	0.02343	0.01412	0.01807	0.16523	0.03214	0.16964	0.16928	0.00365	0.00641	0.10913	0.00357	0.06080
57	0.35298	0.31522	0.01565	0.05067	0.01285	0.07141	0.00754	0.01579	0.06079	0.01699	0.00956	0.01057	0.03280	0.00503	0.00361	0.00139	0.00496	0.00332	0.00287	0.00602
58	0.01556	0.01200	0.01396	0.27666	0.02107	0.11035	0.01043	0.17255	0.03542	0.17500	0.01193	0.01326	0.00855	0.00564	0.00537	0.00154	0.03794	0.00440	0.00381	0.06456

[dist]
# distance from previous block
# <min> <max>
3	5

[block]
# block no. 7 follows, 49 sequences, length 6
# corresponding to MSA columns:
# 564-569
name=unknown_H
#
# <colnr> <probs for GDERKNQSTAVLIFYWHMCP>
#	G	D	E	R	K	N	Q	S	T	A	V	L	I	F	Y	W	H	M	C	P
0	0.01125	0.01127	0.02029	0.10126	0.29862	0.01210	0.21472	0.01418	0.01050	0.01484	0.00961	0.01346	0.00807	0.00882	0.09328	0.00241	0.14121	0.00498	0.00247	0.00667
1	0.01042	0.25960	0.27853	0.01175	0.01625	0.01251	0.10580	0.01360	0.01047	0.01405	0.01315	0.20576	0.01313	0.00726	0.00488	0.00157	0.00588	0.00628	0.00281	0.00628
2	0.01378	0.30900	0.01712	0.00948	0.01270	0.04611	0.00818	0.15438	0.13126	0.05184	0.07706	0.04182	0.04925	0.00666	0.00518	0.00145	0.04908	0.00500	0.00382	0.00680
3	0.07909	0.11604	0.41643	0.01172	0.01728	0.01226	0.01329	0.05702	0.07918	0.10781	0.03588	0.01259	0.00927	0.00533	0.00460	0.00154	0.00601	0.00408	0.00322	0.00735
4	0.00715	0.00638	0.05057	0.00756	0.00899	0.00511	0.00604	0.00887	0.01085	0.01467	0.11655	0.41195	0.11321	0.01296	0.00611	0.00187	0.00342	0.12832	0.00451	0.07491
5	0.03842	0.00877	0.01358	0.03092	0.01421	0.00847	0.18523	0.03265	0.10492	0.06542	0.23637	0.06852	0.08636	0.00780	0.00552	0.00160	0.00452	0.00722	0.00435	0.07514

[dist]
# distance from previous block
# <min> <max>
0	5

[block]
# block no. 8 follows, 49 sequences, length 94
# corresponding to MSA columns:
# 575-630,632-669
name=unknown_I
#
# <colnr> <probs for GDERKNQSTAVLIFYWHMCP>
#	G	D	E	R	K	N	Q	S	T	A	V	L	I	F	Y	W	H	M	C	P
0	0.01686	0.01188	0.01336	0.05157	0.01527	0.01285	0.00881	0.39915	0.19409	0.12817	0.01481	0.01473	0.01071	0.02220	0.00540	0.00159	0.00497	0.00484	0.00492	0.06381
1	0.01089	0.00955	0.01275	0.01497	0.21900	0.07496	0.04346	0.03761	0.03823	0.04895	0.11980	0.21967	0.02064	0.01070	0.05800	0.00208	0.00538	0.01862	0.00387	0.03087
2	0.01112	0.25080	0.06452	0.01011	0.01333	0.01286	0.04725	0.01387	0.05731	0.01415	0.01116	0.11286	0.01076	0.00664	0.00651	0.00143	0.14967	0.00497	0.00288	0.19781
3	0.01233	0.01237	0.03961	0.14120	0.02175	0.02539	0.27892	0.13442	0.01256	0.01712	0.01055	0.01551	0.00880	0.00638	0.00810	0.00182	0.18925	0.05450	0.00295	0.00648
4	0.00724	0.00545	0.00805	0.00807	0.00889	0.00632	0.00621	0.00893	0.00816	0.01173	0.01417	0.05650	0.01370	0.06529	0.72455	0.00763	0.02597	0.00588	0.00280	0.00446
5	0.00863	0.00753	0.00893	0.00845	0.00943	0.07385	0.00650	0.01037	0.01036	0.01420	0.23754	0.02397	0.02199	0.07204	0.36635	0.00478	0.10052	0.00632	0.00350	0.00473
6	0.01677	0.01436	0.01328	0.01118	0.01447	0.16469	0.00885	0.27950	0.32179	0.07843	0.01522	0.01459	0.01119	0.00623	0.00500	0.00156	0.00554	0.00480	0.00471	0.00784
7	0.01201	0.11963	0.01354	0.06093	0.14821	0.00943	0.00843	0.03630	0.01293	0.14443	0.28632	0.06159	0.03531	0.00766	0.00542	0.00154	0.01909	0.00656	0.00434	0.00634
8	0.00952	0.00854	0.01432	0.05470	0.11042	0.00839	0.17268	0.04643	0.01265	0.01715	0.21703	0.03006	0.11360	0.01005	0.04678	0.00206	0.00543	0.11048	0.00397	0.00574
9	0.01032	0.00977	0.01656	0.60799	0.23096	0.01144	0.01443	0.01359	0.01048	0.01385	0.00912	0.01323	0.00707	0.00491	0.00504	0.00164	0.00655	0.00450	0.00231	0.00624
10	0.01106	0.01106	0.01549	0.01328	0.01328	0.01549	0.01106	0.01217	0.00774	0.01217	0.00664	0.01106	0.00664	0.00885	0.01659	0.00221	0.81303	0.00443	0.00221	0.00553
11	0.00983	0.00847	0.01272	0.01068	0.01301	0.00855	0.15626	0.07567	0.12479	0.01863	0.24046	0.12444	0.07666	0.00940	0.00613	0.00176	0.02037	0.07173	0.00457	0.00585
12	0.00616	0.00440	0.00587	0.00704	0.00733	0.00411	0.00469	0.00704	0.00968	0.01291	0.02787	0.81899	0.03344	0.01584	0.00645	0.00205	0.00293	0.01438	0.00469	0.00411
