[name]
unknown

[dist]
# distance from previous block
# <min> <max>
7	18

[block]
# block no. 0 follows, 44 sequences, length 18
# corresponding to MSA columns:
# 220-237
name=unknown_A
#
# <colnr> <probs for GDERKNQSTAVLIFYWHMCP>
#	G	D	E	R	K	N	Q	S	T	A	V	L	I	F	Y	W	H	M	C	P
0	0.00980	0.05405	0.18507	0.01032	0.01319	0.03053	0.00983	0.04541	0.01035	0.01446	0.01320	0.01945	0.01209	0.11656	0.42471	0.00585	0.01107	0.00541	0.00290	0.00576
1	0.15585	0.06397	0.11917	0.22102	0.02221	0.07831	0.06476	0.08512	0.03625	0.01826	0.00981	0.01246	0.00760	0.00621	0.00620	0.04080	0.03800	0.00433	0.00300	0.00668
2	0.00884	0.00746	0.00788	0.00768	0.00942	0.04126	0.00566	0.03739	0.09480	0.01721	0.14470	0.25631	0.27264	0.01252	0.00626	0.00185	0.00351	0.01080	0.00507	0.04873
3	0.00906	0.00771	0.01120	0.01047	0.01114	0.00985	0.00839	0.01078	0.00863	0.01280	0.01232	0.01850	0.01164	0.03126	0.55057	0.00680	0.25542	0.00551	0.00276	0.00520
4	0.01210	0.00804	0.00980	0.03611	0.07458	0.00835	0.00725	0.01763	0.19157	0.09678	0.06203	0.02534	0.08733	0.00882	0.02778	0.00185	0.00414	0.03910	0.27474	0.00663
5	0.01301	0.01267	0.04555	0.01813	0.27398	0.04674	0.01126	0.04157	0.22068	0.01941	0.03656	0.01752	0.05213	0.00615	0.00524	0.00154	0.00532	0.00531	0.00387	0.16335
6	0.05205	0.01141	0.06602	0.13077	0.11583	0.00976	0.05732	0.01716	0.01249	0.17236	0.05057	0.01514	0.01115	0.00542	0.00503	0.00145	0.00548	0.00472	0.00381	0.25204
7	0.01317	0.01858	0.21044	0.01713	0.13944	0.18432	0.09731	0.01727	0.05250	0.01642	0.04132	0.01761	0.08312	0.00779	0.03537	0.00195	0.03060	0.00544	0.00312	0.00710
8	0.01703	0.27922	0.08012	0.01137	0.01512	0.17790	0.01027	0.01912	0.01290	0.17984	0.04569	0.01315	0.01045	0.00622	0.00617	0.00154	0.09886	0.00422	0.00356	0.00723
9	0.08092	0.04925	0.01088	0.03885	0.01238	0.00850	0.00658	0.05206	0.01191	0.04058	0.01425	0.05209	0.03836	0.03268	0.00517	0.00136	0.00416	0.01959	0.11936	0.40110
10	0.01327	0.21940	0.26702	0.01993	0.25284	0.05595	0.06487	0.01712	0.01198	0.01612	0.00939	0.01155	0.00756	0.00493	0.00489	0.00154	0.00718	0.00414	0.00249	0.00783
11	0.01360	0.17543	0.34951	0.01274	0.01866	0.02627	0.02862	0.08133	0.09553	0.05265	0.01152	0.01241	0.00863	0.00540	0.00484	0.00153	0.00655	0.00415	0.00324	0.08742
12	0.03146	0.00538	0.00627	0.00658	0.00691	0.00532	0.00415	0.00833	0.00915	0.01250	0.04446	0.21082	0.04853	0.51548	0.01997	0.00413	0.00460	0.04822	0.00393	0.00382
13	0.00950	0.03510	0.23437	0.00897	0.01160	0.00800	0.00857	0.01147	0.00930	0.03565	0.01486	0.02729	0.01547	0.52534	0.01976	0.00401	0.00610	0.00657	0.00308	0.00499
14	0.01372	0.32788	0.35262	0.01296	0.03456	0.01550	0.03874	0.01764	0.01191	0.09115	0.02978	0.01204	0.00882	0.00526	0.00464	0.00151	0.00672	0.00399	0.00287	0.00768
15	0.01352	0.01199	0.01647	0.42471	0.12188	0.04943	0.01338	0.18724	0.03533	0.01938	0.01175	0.04947	0.00944	0.00621	0.00549	0.00175	0.00673	0.00531	0.00338	0.00714
16	0.00678	0.00488	0.00635	0.00747	0.00790	0.00455	0.00506	0.00776	0.01051	0.01389	0.03091	0.69153	0.08052	0.05670	0.00800	0.00236	0.00332	0.04214	0.00497	0.00440
17	0.03817	0.16524	0.17797	0.05641	0.13742	0.02847	0.11881	0.12707	0.03990	0.01903	0.01045	0.01250	0.00815	0.00567	0.00558	0.02702	0.00690	0.00452	0.00306	0.00768

[dist]
# distance from previous block
# <min> <max>
4	13

[block]
# block no. 1 follows, 44 sequences, length 9
# corresponding to MSA columns:
# 251-259
name=unknown_B
#
# <colnr> <probs for GDERKNQSTAVLIFYWHMCP>
#	G	D	E	R	K	N	Q	S	T	A	V	L	I	F	Y	W	H	M	C	P
0	0.03272	0.03251	0.01308	0.12905	0.08175	0.03218	0.03765	0.05927	0.12510	0.05840	0.14147	0.17830	0.03755	0.00919	0.00586	0.00182	0.00490	0.00808	0.00453	0.00660
1	0.01021	0.00988	0.04167	0.01721	0.24224	0.02770	0.07899	0.01306	0.03630	0.01684	0.12954	0.27384	0.02439	0.04425	0.00709	0.00201	0.00510	0.00928	0.00406	0.00634
2	0.01080	0.00914	0.03753	0.01278	0.05376	0.00839	0.15754	0.01357	0.04385	0.08455	0.05052	0.33869	0.02272	0.05672	0.00800	0.00214	0.03555	0.00990	0.00432	0.03955
3	0.01352	0.02155	0.50161	0.01451	0.05714	0.01153	0.01605	0.04026	0.04909	0.14751	0.04425	0.01555	0.03095	0.00605	0.00535	0.00172	0.00680	0.00488	0.00355	0.00815
4	0.01471	0.01351	0.08723	0.01043	0.01541	0.01131	0.00920	0.28533	0.01656	0.02378	0.01094	0.01198	0.00840	0.00506	0.00466	0.00120	0.00514	0.00392	0.00395	0.45728
5	0.01030	0.00969	0.01635	0.79530	0.03755	0.01211	0.01514	0.01393	0.01090	0.01393	0.00969	0.01453	0.00727	0.00545	0.00545	0.00182	0.00727	0.00484	0.00242	0.00606
6	0.01537	0.01439	0.01737	0.02069	0.33619	0.11939	0.01223	0.17082	0.05230	0.02072	0.01183	0.04240	0.00988	0.00577	0.00521	0.00151	0.00626	0.00491	0.00359	0.12915
7	0.01145	0.00957	0.01102	0.01024	0.01255	0.01110	0.00797	0.02194	0.48843	0.01910	0.01942	0.02073	0.01554	0.01963	0.29097	0.00437	0.00807	0.00605	0.00459	0.00725
8	0.00809	0.00538	0.00646	0.00646	0.00678	0.00559	0.00409	0.00872	0.00841	0.01186	0.01669	0.03134	0.01801	0.57716	0.18524	0.00567	0.00701	0.00724	0.07601	0.00379

[dist]
# distance from previous block
# <min> <max>
1	6

[block]
# block no. 2 follows, 44 sequences, length 35
# corresponding to MSA columns:
# 266-300
name=unknown_C
#
# <colnr> <probs for GDERKNQSTAVLIFYWHMCP>
#	G	D	E	R	K	N	Q	S	T	A	V	L	I	F	Y	W	H	M	C	P
0	0.01220	0.01164	0.01980	0.34116	0.47679	0.01261	0.01609	0.01560	0.01180	0.01624	0.01003	0.01391	0.00808	0.00510	0.00542	0.00170	0.00680	0.00485	0.00259	0.00759
1	0.01380	0.00710	0.00918	0.00783	0.01041	0.00622	0.00620	0.01602	0.01480	0.29624	0.33933	0.03384	0.14352	0.00977	0.00602	0.00171	0.00348	0.02910	0.00600	0.03941
2	0.84691	0.01054	0.00801	0.00717	0.01054	0.01223	0.00590	0.01603	0.00928	0.02446	0.00759	0.00886	0.00590	0.00506	0.00337	0.00169	0.00422	0.00295	0.00337	0.00590
3	0.01173	0.00702	0.00894	0.00791	0.00999	0.00668	0.00612	0.01568	0.10115	0.17308	0.53596	0.03396	0.03988	0.00984	0.00614	0.00172	0.00318	0.00856	0.00610	0.00637
4	0.00714	0.00513	0.00677	0.00725	0.00802	0.00476	0.00510	0.00885	0.01276	0.01762	0.37525	0.44910	0.04322	0.01432	0.00671	0.00198	0.00289	0.01287	0.00550	0.00476
5	0.01788	0.01367	0.03924	0.01178	0.01573	0.01455	0.00975	0.36693	0.32263	0.10202	0.01748	0.01650	0.01259	0.00686	0.00549	0.00173	0.00525	0.00544	0.00552	0.00897
6	0.01505	0.01445	0.01303	0.01168	0.01476	0.15561	0.00904	0.05175	0.60250	0.02145	0.01936	0.01817	0.01463	0.00704	0.00543	0.00176	0.00538	0.00564	0.00504	0.00823
7	0.01244	0.00662	0.00880	0.00766	0.00977	0.00595	0.00595	0.01488	0.01548	0.23509	0.56007	0.03447	0.04074	0.00991	0.00616	0.00171	0.00315	0.00863	0.00621	0.00631
8	0.01210	0.01150	0.01952	0.31991	0.47599	0.01241	0.01582	0.01543	0.01179	0.01624	0.01058	0.03524	0.00886	0.00541	0.00546	0.00171	0.00669	0.00514	0.00266	0.00755
9	0.84691	0.01054	0.00801	0.00717	0.01054	0.01223	0.00590	0.01603	0.00928	0.02446	0.00759	0.00886	0.00590	0.00506	0.00337	0.00169	0.00422	0.00295	0.00337	0.00590
10	0.02072	0.01527	0.01636	0.01254	0.01691	0.01691	0.01036	0.75622	0.02563	0.03436	0.01309	0.01309	0.00927	0.00654	0.00545	0.00164	0.00600	0.00491	0.00545	0.00927
11	0.02446	0.00928	0.01265	0.00970	0.01392	0.00801	0.00801	0.02657	0.01560	0.77817	0.02151	0.01856	0.01350	0.00675	0.00548	0.00169	0.00464	0.00548	0.00675	0.00928
12	0.00779	0.00584	0.00876	0.00876	0.00974	0.00681	0.00681	0.00974	0.00876	0.01266	0.01460	0.02142	0.01363	0.04089	0.78680	0.00876	0.01460	0.00584	0.00292	0.00487
13	0.00839	0.00607	0.00823	0.00904	0.01035	0.00591	0.00768	0.01082	0.01313	0.01733	0.18273	0.05655	0.09289	0.01416	0.00722	0.00230	0.00434	0.53263	0.00522	0.00501
14	0.01093	0.02820	0.78016	0.01554	0.02360	0.01266	0.02014	0.01727	0.01151	0.01727	0.00978	0.01151	0.00691	0.00518	0.00518	0.00173	0.00806	0.00403	0.00230	0.00806
15	0.00747	0.00553	0.00807	0.00843	0.00922	0.00614	0.00632	0.00913	0.00923	0.01301	0.01896	0.24229	0.01995	0.03418	0.56694	0.00692	0.01138	0.00856	0.00352	0.00474
16	0.84691	0.01054	0.00801	0.00717	0.01054	0.01223	0.00590	0.01603	0.00928	0.02446	0.00759	0.00886	0.00590	0.00506	0.00337	0.00169	0.00422	0.00295	0.00337	0.00590
17	0.01963	0.02459	0.01616	0.01611	0.09758	0.70409	0.01119	0.02123	0.01513	0.01382	0.00862	0.01022	0.00719	0.00554	0.00497	0.00143	0.00947	0.00365	0.00280	0.00657
18	0.01356	0.01171	0.01233	0.01109	0.01418	0.01356	0.00863	0.02897	0.76455	0.02281	0.02219	0.02034	0.01664	0.00740	0.00555	0.00185	0.00431	0.00616	0.00555	0.00863
19	0.01349	0.01295	0.02213	0.03346	0.77440	0.01295	0.01673	0.01673	0.01241	0.01781	0.01025	0.01349	0.00864	0.00486	0.00540	0.00162	0.00648	0.00486	0.00270	0.00864
20	0.00865	0.00577	0.00755	0.00710	0.00853	0.00530	0.00537	0.01110	0.01510	0.06563	0.66215	0.07166	0.06561	0.01129	0.00642	0.00176	0.00278	0.02694	0.00596	0.00534
21	0.00750	0.00562	0.00715	0.00805	0.00920	0.00527	0.00639	0.00924	0.01190	0.01517	0.03664	0.27518	0.24159	0.01529	0.00706	0.00224	0.00384	0.32289	0.00504	0.00473
22	0.01974	0.00823	0.01114	0.00890	0.01229	0.00720	0.00720	0.02198	0.01556	0.56495	0.23296	0.02481	0.02419	0.00799	0.00575	0.00169	0.00406	0.00672	0.00654	0.00811
23	0.01351	0.01123	0.01489	0.01162	0.01518	0.01136	0.14452	0.31829	0.01795	0.02333	0.02973	0.02929	0.31722	0.00912	0.00603	0.00176	0.00528	0.00785	0.00480	0.00703
24	0.00740	0.00556	0.00686	0.00653	0.00795	0.00501	0.00490	0.00968	0.01470	0.02011	0.59607	0.04360	0.22798	0.01180	0.00643	0.00175	0.00262	0.01026	0.00577	0.00501
25	0.01561	0.04575	0.22175	0.01029	0.01439	0.00926	0.01011	0.03477	0.01236	0.30578	0.01633	0.02093	0.01312	0.23224	0.01160	0.00269	0.00584	0.00566	0.00435	0.00717
26	0.01276	0.23578	0.01623	0.00849	0.01326	0.01133	0.00733	0.01498	0.01141	0.04696	0.00957	0.01087	0.00799	0.00432	0.00394	0.00094	0.00457	0.00323	0.00312	0.57291
27	0.01130	0.00969	0.01130	0.00807	0.01292	0.00727	0.00646	0.01373	0.01130	0.01776	0.00969	0.01130	0.00807	0.00404	0.00404	0.00081	0.00404	0.00323	0.00323	0.84173
28	0.01165	0.01114	0.01852	0.42908	0.30605	0.01293	0.01537	0.01487	0.01118	0.01527	0.00962	0.01386	0.00776	0.00568	0.00680	0.00181	0.09407	0.00484	0.00252	0.00699
29	0.01093	0.02820	0.78016	0.01554	0.02360	0.01266	0.02014	0.01727	0.01151	0.01727	0.00978	0.01151	0.00691	0.00518	0.00518	0.00173	0.00806	0.00403	0.00230	0.00806
30	0.00670	0.00511	0.00617	0.00688	0.00782	0.00458	0.00484	0.00794	0.01150	0.01476	0.08496	0.47348	0.29540	0.01551	0.00676	0.00206	0.00303	0.03283	0.00512	0.00455
31	0.03939	0.01109	0.01064	0.00915	0.01219	0.11625	0.00724	0.10160	0.03233	0.01914	0.09988	0.04287	0.14153	0.00855	0.00545	0.00153	0.00482	0.09038	0.00433	0.24165
32	0.01220	0.01164	0.01980	0.34116	0.47679	0.01261	0.01609	0.01560	0.01180	0.01624	0.01003	0.01391	0.00808	0.00510	0.00542	0.00170	0.00680	0.00485	0.00259	0.00759
33	0.01767	0.01372	0.02355	0.01728	0.02213	0.04928	0.40179	0.11729	0.01547	0.24337	0.01426	0.01539	0.00988	0.00553	0.00595	0.00175	0.00746	0.00581	0.00429	0.00812
34	0.01903	0.01698	0.01525	0.01244	0.01626	0.19940	0.00993	0.42859	0.13846	0.02668	0.01323	0.01336	0.00983	0.00633	0.00527	0.00157	0.00655	0.00469	0.00472	0.05145

[dist]
# distance from previous block
# <min> <max>
0	1

[block]
# block no. 3 follows, 44 sequences, length 26
# corresponding to MSA columns:
# 302-327
name=unknown_D
#
# <colnr> <probs for GDERKNQSTAVLIFYWHMCP>
#	G	D	E	R	K	N	Q	S	T	A	V	L	I	F	Y	W	H	M	C	P
0	0.03765	0.01160	0.01934	0.32388	0.44833	0.01271	0.01566	0.01554	0.01163	0.01640	0.00987	0.01371	0.00799	0.00522	0.00569	0.00172	0.02818	0.00479	0.00260	0.00749
1	0.01095	0.00887	0.01128	0.26506	0.01867	0.03030	0.00882	0.12522	0.01261	0.01648	0.01824	0.02606	0.09441	0.23580	0.03522	0.00297	0.00604	0.02743	0.04006	0.00551
2	0.22091	0.07722	0.01086	0.00903	0.01144	0.12952	0.00742	0.01562	0.05536	0.01897	0.08072	0.02654	0.01787	0.00834	0.00507	0.00176	0.00506	0.18080	0.11167	0.00583
3	0.08603	0.01767	0.10197	0.01281	0.01673	0.24397	0.07346	0.04118	0.20130	0.04125	0.01346	0.03812	0.01066	0.00617	0.00513	0.00161	0.00680	0.00488	0.00377	0.07303
4	0.00734	0.00524	0.00713	0.00839	0.00901	0.00503	0.00628	0.00880	0.01113	0.01470	0.02966	0.56210	0.03453	0.01642	0.00715	0.00231	0.00377	0.25133	0.00505	0.00462
5	0.84691	0.01054	0.00801	0.00717	0.01054	0.01223	0.00590	0.01603	0.00928	0.02446	0.00759	0.00886	0.00590	0.00506	0.00337	0.00169	0.00422	0.00295	0.00337	0.00590
6	0.00885	0.03591	0.22746	0.00946	0.01278	0.00787	0.00953	0.02660	0.01355	0.01898	0.36707	0.11483	0.10559	0.01007	0.00603	0.00177	0.00438	0.00867	0.00464	0.00598
7	0.00678	0.00512	0.00626	0.00685	0.00779	0.00461	0.00480	0.00814	0.01192	0.01558	0.17071	0.44486	0.25672	0.01504	0.00671	0.00201	0.00294	0.01330	0.00523	0.00461
8	0.01256	0.01271	0.01051	0.00980	0.01164	0.23788	0.00726	0.03854	0.11498	0.01581	0.10113	0.04775	0.08175	0.13869	0.13189	0.00333	0.00741	0.00670	0.00397	0.00569
9	0.01016	0.00508	0.00508	0.00508	0.00635	0.00508	0.00381	0.01270	0.01143	0.02033	0.01778	0.02033	0.01397	0.00635	0.00381	0.00127	0.00254	0.00508	0.83867	0.00508
10	0.01360	0.26155	0.01707	0.01001	0.01315	0.01457	0.00853	0.18138	0.11600	0.01888	0.01318	0.01591	0.01119	0.04309	0.23449	0.00373	0.00821	0.00483	0.00367	0.00698
11	0.00760	0.00536	0.00678	0.00674	0.00753	0.00506	0.00464	0.00922	0.01263	0.01758	0.45068	0.16471	0.04057	0.22269	0.01215	0.00274	0.00339	0.01027	0.00513	0.00454
12	0.01574	0.01721	0.01995	0.02712	0.52702	0.26556	0.01471	0.01838	0.01340	0.01635	0.00966	0.01230	0.00811	0.00511	0.00524	0.00155	0.00757	0.00442	0.00273	0.00788
13	0.00794	0.00552	0.00713	0.00713	0.00759	0.00594	0.00483	0.00887	0.00841	0.01180	0.01609	0.02902	0.01696	0.45076	0.35362	0.00664	0.00920	0.00693	0.03159	0.00404
14	0.02329	0.01116	0.01382	0.01059	0.01485	0.01080	0.00875	0.25548	0.01875	0.54482	0.01887	0.01684	0.01217	0.00668	0.00547	0.00167	0.00507	0.00530	0.00634	0.00928
15	0.01560	0.00956	0.01174	0.00861	0.01325	0.00751	0.00697	0.01792	0.01271	0.26608	0.01355	0.01367	0.00984	0.00492	0.00451	0.00109	0.00423	0.00397	0.00438	0.56989
16	0.00793	0.00529	0.00595	0.00595	0.00595	0.00529	0.00330	0.00793	0.00793	0.01057	0.01718	0.03568	0.01982	0.80840	0.02775	0.00529	0.00529	0.00793	0.00330	0.00330
17	0.02306	0.00949	0.01250	0.00970	0.01378	0.00850	0.00798	0.05933	0.04641	0.67994	0.02262	0.01986	0.04658	0.00707	0.00553	0.00170	0.00461	0.00575	0.00657	0.00905
18	0.01536	0.01168	0.01245	0.01053	0.01362	0.04572	0.00831	0.25867	0.23436	0.07821	0.14121	0.08520	0.02066	0.00831	0.00570	0.00173	0.00474	0.00688	0.00545	0.03122
19	0.30733	0.07571	0.01203	0.01155	0.11473	0.01064	0.00806	0.01548	0.03364	0.08448	0.05802	0.09834	0.03851	0.00804	0.00498	0.00177	0.00454	0.08318	0.00408	0.02489
20	0.01210	0.43902	0.13847	0.01037	0.01468	0.01548	0.04855	0.01486	0.01221	0.01585	0.18373	0.04301	0.01818	0.00663	0.00469	0.00145	0.00551	0.00527	0.00328	0.00667
21	0.01012	0.00824	0.01137	0.25529	0.01893	0.00871	0.00902	0.09598	0.01285	0.01743	0.08040	0.29543	0.02144	0.00997	0.00587	0.00179	0.00484	0.00881	0.00411	0.11940
22	0.01416	0.08284	0.35485	0.01979	0.25686	0.01297	0.01627	0.04171	0.01276	0.12016	0.01144	0.01291	0.00842	0.00529	0.00516	0.00164	0.00686	0.00442	0.00313	0.00836
23	0.01526	0.01089	0.01162	0.00980	0.01282	0.02941	0.00778	0.26038	0.19547	0.08921	0.07623	0.04763	0.08093	0.00802	0.00545	0.00168	0.00448	0.00652	0.11881	0.00762
24	0.00856	0.00698	0.00839	0.00739	0.00968	0.00617	0.00577	0.01064	0.01285	0.01784	0.27177	0.05923	0.23207	0.01032	0.00645	0.00160	0.04265	0.05091	0.00475	0.22597
25	0.01453	0.01313	0.01805	0.01338	0.01807	0.09525	0.21988	0.04752	0.02846	0.09619	0.01154	0.01311	0.00879	0.00482	0.00505	0.00131	0.00629	0.00453	0.00355	0.37655

[dist]
# distance from previous block
# <min> <max>
0	2

[block]
# block no. 4 follows, 44 sequences, length 90
# corresponding to MSA columns:
# 330-408,410-420
name=unknown_E
#
# <colnr> <probs for GDERKNQSTAVLIFYWHMCP>
#	G	D	E	R	K	N	Q	S	T	A	V	L	I	F	Y	W	H	M	C	P
0	0.01492	0.01584	0.26309	0.25895	0.02459	0.01135	0.01429	0.03931	0.05376	0.22960	0.01379	0.01495	0.00945	0.00586	0.00538	0.00175	0.00659	0.00483	0.00384	0.00783
1	0.01124	0.01065	0.01805	0.57073	0.25476	0.01236	0.01561	0.01476	0.01135	0.01507	0.00986	0.01423	0.00767	0.00528	0.00543	0.00176	0.00703	0.00485	0.00250	0.00682
2	0.05636	0.02724	0.73820	0.01508	0.02289	0.01264	0.01937	0.01720	0.01139	0.01766	0.00966	0.01137	0.00685	0.00517	0.00508	0.00172	0.00785	0.00397	0.00236	0.00794
3	0.01283	0.01131	0.01664	0.45180	0.13994	0.01318	0.01372	0.13042	0.11985	0.01889	0.01206	0.01498	0.00910	0.00581	0.00546	0.00176	0.00654	0.00504	0.00337	0.00729
4	0.01542	0.01248	0.01465	0.01198	0.01420	0.03012	0.02422	0.36114	0.01665	0.02272	0.01229	0.03000	0.01100	0.15669	0.01321	0.00254	0.23399	0.00561	0.00406	0.00703
5	0.00782	0.00558	0.00767	0.00893	0.00976	0.00544	0.00710	0.00962	0.01159	0.01523	0.02940	0.39799	0.03350	0.01597	0.00727	0.00238	0.00418	0.41078	0.00504	0.00475
6	0.21682	0.01130	0.01257	0.00993	0.01395	0.01163	0.00818	0.22455	0.04069	0.37233	0.01594	0.01483	0.01065	0.00632	0.00498	0.00168	0.00490	0.00475	0.00556	0.00846
7	0.04787	0.01102	0.01238	0.01039	0.01363	0.01179	0.00826	0.24737	0.22345	0.16659	0.08342	0.10441	0.01846	0.00830	0.00565	0.00178	0.00461	0.00686	0.00565	0.00809
8	0.01906	0.00824	0.01132	0.00982	0.01301	0.00741	0.00828	0.02131	0.01455	0.51566	0.02404	0.03335	0.01966	0.00961	0.00619	0.00197	0.00477	0.25779	0.00615	0.00781
9	0.00672	0.00480	0.00641	0.00768	0.00802	0.00449	0.00519	0.00772	0.01051	0.01400	0.03001	0.77904	0.03590	0.01701	0.00698	0.00222	0.00323	0.04057	0.00506	0.00445
10	0.01489	0.01187	0.01533	0.01756	0.23829	0.01282	0.01098	0.03831	0.44582	0.10585	0.01843	0.01799	0.01380	0.00656	0.00549	0.00176	0.00502	0.00568	0.00484	0.00872
11	0.01610	0.01379	0.02005	0.02592	0.50121	0.01438	0.01443	0.28343	0.01718	0.02378	0.01128	0.01335	0.00886	0.00547	0.00542	0.00163	0.00630	0.00488	0.00369	0.00886
12	0.02434	0.00947	0.01277	0.00979	0.01401	0.00830	0.00809	0.05029	0.01593	0.75399	0.02123	0.01838	0.01336	0.00674	0.00548	0.00169	0.00468	0.00546	0.00671	0.00928
13	0.00696	0.00497	0.00669	0.00796	0.00841	0.00470	0.00562	0.00815	0.01075	0.01428	0.02987	0.69364	0.03536	0.01678	0.00704	0.00226	0.00344	0.12354	0.00505	0.00452
14	0.07206	0.02618	0.45105	0.01442	0.02026	0.29172	0.01569	0.01880	0.01278	0.01635	0.00914	0.01072	0.00688	0.00533	0.00496	0.00161	0.00843	0.00377	0.00256	0.00728
15	0.01130	0.00969	0.01130	0.00807	0.01292	0.00727	0.00646	0.01373	0.01130	0.01776	0.00969	0.01130	0.00807	0.00404	0.00404	0.00081	0.00404	0.00323	0.00323	0.84173
16	0.01289	0.00875	0.01039	0.00889	0.01125	0.00890	0.00696	0.23977	0.01810	0.08316	0.41167	0.10248	0.03415	0.00996	0.00611	0.00174	0.00384	0.00854	0.00580	0.00666
17	0.00743	0.00556	0.00689	0.00656	0.00797	0.00502	0.00492	0.00973	0.01475	0.02025	0.60983	0.04337	0.21414	0.01175	0.00643	0.00174	0.00261	0.01023	0.00579	0.00502
18	0.01016	0.00508	0.00508	0.00508	0.00635	0.00508	0.00381	0.01270	0.01143	0.02033	0.01778	0.02033	0.01397	0.00635	0.00381	0.00127	0.00254	0.00508	0.83867	0.00508
19	0.00993	0.00919	0.01534	0.71589	0.03456	0.01134	0.01412	0.01329	0.01085	0.01393	0.01174	0.09421	0.01017	0.00662	0.00560	0.00186	0.00685	0.00592	0.00269	0.00589
20	0.01412	0.01490	0.01542	0.01351	0.01483	0.18137	0.01087	0.01863	0.18421	0.01540	0.01090	0.01342	0.00931	0.00820	0.01226	0.00205	0.44592	0.00482	0.00321	0.00665
21	0.00945	0.01931	0.47731	0.01291	0.01809	0.00973	0.03804	0.01378	0.01117	0.01606	0.01713	0.29773	0.01746	0.00945	0.00586	0.00191	0.00633	0.00824	0.00331	0.00673
22	0.00793	0.00529	0.00595	0.00595	0.00595	0.00529	0.00330	0.00793	0.00793	0.01057	0.01718	0.03568	0.01982	0.80840	0.02775	0.00529	0.00529	0.00793	0.00330	0.00330
23	0.01082	0.00795	0.00970	0.00805	0.01128	0.00635	0.00611	0.01271	0.01137	0.08123	0.01771	0.28536	0.01818	0.00876	0.00517	0.00137	0.00379	0.00765	0.00416	0.48229
24	0.01900	0.02379	0.01472	0.01347	0.01608	0.70172	0.01013	0.02046	0.01472	0.01327	0.00910	0.01109	0.00774	0.00945	0.08995	0.00220	0.01035	0.00376	0.00282	0.00616
25	0.00746	0.00509	0.00608	0.00654	0.00665	0.00498	0.00394	0.00781	0.00883	0.01178	0.02182	0.31308	0.02568	0.52301	0.02025	0.00418	0.00452	0.01066	0.00394	0.00371
26	0.01279	0.01456	0.03170	0.04611	0.02876	0.01374	0.73245	0.01736	0.01281	0.01736	0.01099	0.01470	0.00824	0.00462	0.00640	0.00184	0.00913	0.00639	0.00275	0.00731
27	0.00657	0.00503	0.00604	0.00685	0.00771	0.00449	0.00473	0.00768	0.01115	0.01421	0.03913	0.53350	0.30154	0.01590	0.00677	0.00208	0.00302	0.01406	0.00506	0.00449
28	0.01350	0.58073	0.25012	0.01116	0.01682	0.01895	0.01252	0.01660	0.01120	0.01413	0.00823	0.00956	0.00697	0.00482	0.00399	0.00133	0.00649	0.00324	0.00232	0.00731
29	0.00695	0.00554	0.00623	0.00606	0.00768	0.00482	0.00454	0.00881	0.01363	0.01758	0.34165	0.04777	0.48398	0.01274	0.00644	0.00179	0.00269	0.01085	0.00544	0.00482
30	0.01038	0.00906	0.01430	0.28605	0.24336	0.00990	0.01134	0.01259	0.01027	0.01386	0.01256	0.02185	0.01220	0.29486	0.01348	0.00301	0.00632	0.00596	0.00282	0.00582
31	0.01448	0.00707	0.00945	0.00801	0.01048	0.00630	0.00630	0.01687	0.01550	0.32742	0.46850	0.03177	0.03611	0.00937	0.00605	0.00170	0.00341	0.00809	0.00630	0.00681
32	0.01157	0.01247	0.00955	0.00974	0.01109	0.28650	0.00695	0.01272	0.01242	0.01378	0.02444	0.45256	0.08973	0.01266	0.00618	0.00189	0.00553	0.01083	0.00425	0.00513
33	0.00699	0.00554	0.00628	0.00610	0.00770	0.00484	0.00457	0.00888	0.01372	0.01779	0.36301	0.04742	0.46248	0.01266	0.00644	0.00179	0.00268	0.01080	0.00547	0.00484
34	0.00667	0.00488	0.00628	0.00739	0.00792	0.00450	0.00503	0.00771	0.01074	0.01408	0.03321	0.69148	0.12922	0.01662	0.00691	0.00217	0.00316	0.03251	0.00506	0.00446
35	0.01319	0.51354	0.31458	0.01169	0.01765	0.01818	0.01344	0.01668	0.01124	0.01452	0.00842	0.00980	0.00696	0.00486	0.00414	0.00138	0.00668	0.00334	0.00232	0.00740
36	0.01474	0.78889	0.02819	0.00947	0.01408	0.04376	0.00936	0.01648	0.01120	0.01284	0.00760	0.00878	0.00700	0.00469	0.00354	0.00117	0.00595	0.00293	0.00235	0.00698
37	0.04347	0.78388	0.02785	0.00925	0.01387	0.02125	0.00921	0.01631	0.01101	0.01323	0.00758	0.00875	0.00696	0.00468	0.00349	0.00118	0.00577	0.00292	0.00237	0.00696
38	0.84691	0.01054	0.00801	0.00717	0.01054	0.01223	0.00590	0.01603	0.00928	0.02446	0.00759	0.00886	0.00590	0.00506	0.00337	0.00169	0.00422	0.00295	0.00337	0.00590
39	0.01397	0.00876	0.00915	0.00777	0.01016	0.00935	0.00617	0.28085	0.01655	0.02539	0.01609	0.01772	0.01228	0.00642	0.00440	0.00140	0.00379	0.00502	0.53817	0.00659
40	0.01695	0.00782	0.01030	0.00901	0.01171	0.00717	0.00697	0.01979	0.07697	0.43080	0.04468	0.29024	0.02256	0.01048	0.00602	0.00188	0.00405	0.00911	0.00605	0.00744
41	0.00664	0.00474	0.00633	0.00759	0.00791	0.00443	0.00506	0.00759	0.01044	0.01392	0.03005	0.80485	0.03606	0.01708	0.00696	0.00221	0.00316	0.01550	0.00506	0.00443
42	0.02165	0.01378	0.01544	0.01184	0.01616	0.01469	0.00978	0.57450	0.02314	0.21960	0.01519	0.01445	0.01032	0.00660	0.00546	0.00165	0.00566	0.00505	0.00578	0.00927
43	0.01236	0.00970	0.01080	0.00972	0.01231	0.01068	0.00753	0.02312	0.49439	0.06356	0.25168	0.02649	0.02713	0.00851	0.00581	0.00180	0.00380	0.00726	0.00575	0.00760
44	0.02308	0.00897	0.01221	0.00947	0.01344	0.00778	0.00778	0.02522	0.01559	0.71573	0.08343	0.02039	0.01663	0.00711	0.00556	0.00169	0.00447	0.00584	0.00669	0.00894
45	0.00644	0.00552	0.00552	0.00552	0.00736	0.00460	0.00414	0.00782	0.01243	0.01473	0.05523	0.05247	0.77218	0.01381	0.00644	0.00184	0.00276	0.01151	0.00506	0.00460
46	0.01722	0.01940	0.01401	0.01268	0.01562	0.42982	0.00965	0.02509	0.36113	0.01771	0.01478	0.01468	0.01146	0.00644	0.00521	0.00161	0.00729	0.00474	0.00407	0.00739
47	0.01532	0.00659	0.00781	0.00675	0.00908	0.00614	0.00533	0.01770	0.01294	0.29364	0.01913	0.01969	0.01380	0.00649	0.00441	0.00142	0.00330	0.00523	0.53864	0.00659
48	0.01532	0.00659	0.00781	0.00675	0.00908	0.00614	0.00533	0.01770	0.01294	0.29364	0.01913	0.01969	0.01380	0.00649	0.00441	0.00142	0.00330	0.00523	0.53864	0.00659
49	0.84691	0.01054	0.00801	0.00717	0.01054	0.01223	0.00590	0.01603	0.00928	0.02446	0.00759	0.00886	0.00590	0.00506	0.00337	0.00169	0.00422	0.00295	0.00337	0.00590
50	0.01054	0.00599	0.00793	0.00763	0.00915	0.00543	0.00564	0.01239	0.01357	0.16547	0.33588	0.31238	0.06143	0.01252	0.00644	0.00189	0.00319	0.01110	0.00578	0.00567
51	0.02446	0.00928	0.01265	0.00970	0.01392	0.00801	0.00801	0.02657	0.01560	0.77817	0.02151	0.01856	0.01350	0.00675	0.00548	0.00169	0.00464	0.00548	0.00675	0.00928
52	0.00664	0.00474	0.00633	0.00759	0.00791	0.00443	0.00506	0.00759	0.01044	0.01392	0.03005	0.80485	0.03606	0.01708	0.00696	0.00221	0.00316	0.01550	0.00506	0.00443
53	0.19345	0.00717	0.00760	0.00691	0.00910	0.00708	0.00538	0.03014	0.01347	0.08338	0.32381	0.03338	0.21091	0.00982	0.00557	0.00172	0.00323	0.00810	0.03415	0.00562
54	0.01301	0.47496	0.35159	0.01200	0.01812	0.01774	0.01398	0.01673	0.01126	0.01473	0.00853	0.00993	0.00696	0.00489	0.00422	0.00141	0.00679	0.00339	0.00232	0.00745
55	0.08961	0.00794	0.00965	0.00789	0.01102	0.00736	0.00639	0.02089	0.01363	0.45282	0.01904	0.01834	0.01301	0.00647	0.00473	0.00154	0.00388	0.00513	0.29312	0.00754
56	0.54575	0.00916	0.00760	0.00685	0.00964	0.01033	0.00553	0.05754	0.01087	0.02378	0.01100	0.01258	0.00854	0.00554	0.00363	0.00156	0.00381	0.00371	0.25675	0.00585
57	0.00656	0.00553	0.00568	0.00564	0.00743	0.00465	0.00423	0.00804	0.01269	0.01536	0.11900	0.05142	0.70802	0.01357	0.00644	0.00183	0.00274	0.01136	0.00515	0.00465
58	0.01598	0.01157	0.01319	0.00979	0.01440	0.01067	0.00797	0.27097	0.01671	0.10618	0.01215	0.01271	0.00908	0.00520	0.00468	0.00119	0.00478	0.00405	0.00438	0.46435
59	0.01169	0.00958	0.01094	0.01068	0.01305	0.01070	0.00869	0.02203	0.46945	0.02026	0.02481	0.03649	0.02242	0.01040	0.00633	0.00211	0.00459	0.29323	0.00534	0.00721
60	0.00784	0.00563	0.00770	0.00770	0.00831	0.00624	0.00549	0.00906	0.00845	0.01187	0.01557	0.02678	0.01596	0.32962	0.50125	0.00745	0.01110	0.00663	0.00306	0.00428
61	0.01458	0.81168	0.02857	0.00933	0.01399	0.02157	0.00933	0.01632	0.01108	0.01283	0.00758	0.00875	0.00700	0.00466	0.00350	0.00117	0.00583	0.00292	0.00233	0.00700
62	0.00674	0.00505	0.00626	0.00699	0.00781	0.00457	0.00485	0.00802	0.01161	0.01521	0.13814	0.51734	0.21664	0.01547	0.00676	0.00205	0.00298	0.01375	0.00519	0.00457
63	0.00693	0.00549	0.00622	0.00614	0.00769	0.00479	0.00457	0.00872	0.01341	0.01731	0.31787	0.09505	0.46043	0.01303	0.00647	0.00182	0.00272	0.01115	0.00541	0.00479
64	0.01311	0.01104	0.01177	0.01071	0.01364	0.01258	0.00838	0.02682	0.66919	0.03572	0.02434	0.02429	0.05844	0.00815	0.00570	0.00188	0.00427	0.04622	0.00551	0.00823
65	0.02435	0.00946	0.01276	0.00978	0.01401	0.00828	0.00808	0.04835	0.01590	0.75597	0.02126	0.01839	0.01337	0.00674	0.00548	0.00169	0.00468	0.00547	0.00671	0.00928
66	0.02079	0.01354	0.01509	0.01175	0.01594	0.01455	0.00965	0.51392	0.10326	0.19997	0.01596	0.01510	0.01102	0.00668	0.00547	0.00167	0.00551	0.00517	0.00575	0.00920
67	0.01407	0.01256	0.01258	0.01128	0.01438	0.05563	0.00877	0.04284	0.70935	0.02252	0.02126	0.01963	0.01597	0.00728	0.00551	0.00182	0.00465	0.00599	0.00540	0.00852
68	0.01853	0.00797	0.01075	0.00869	0.01187	0.00700	0.00700	0.02080	0.01554	0.51036	0.28709	0.02641	0.02693	0.00830	0.00582	0.00170	0.00391	0.00703	0.00648	0.00781
69	0.26724	0.00698	0.00639	0.00597	0.00805	0.00743	0.00468	0.01447	0.01100	0.06277	0.01486	0.01672	0.01148	0.00598	0.00377	0.00142	0.00317	0.00445	0.53760	0.00556
70	0.00754	0.00630	0.00779	0.00916	0.09109	0.00567	0.00593	0.00924	0.01244	0.01573	0.12466	0.11603	0.47756	0.03815	0.00711	0.00198	0.00338	0.05032	0.00485	0.00507
71	0.00716	0.00524	0.00728	0.00794	0.00855	0.00544	0.00567	0.00848	0.00969	0.01327	0.02380	0.43156	0.04458	0.06364	0.32501	0.00501	0.00790	0.01112	0.00411	0.00456
72	0.31343	0.01186	0.01493	0.27204	0.19516	0.06067	0.02697	0.01589	0.01099	0.01865	0.00901	0.01196	0.00709	0.00517	0.00468	0.00170	0.00619	0.00411	0.00286	0.00664
73	0.10648	0.42816	0.06802	0.03684	0.01640	0.19404	0.05077	0.01758	0.01200	0.01477	0.00816	0.00968	0.00696	0.00498	0.00413	0.00137	0.00693	0.00338	0.00258	0.00677
74	0.01103	0.01016	0.01551	0.29479	0.02263	0.03750	0.08792	0.01374	0.01146	0.03957	0.11274	0.03480	0.04960	0.00883	0.03371	0.00213	0.17815	0.00618	0.02354	0.00600
75	0.00852	0.03724	0.21085	0.00894	0.01236	0.00756	0.00906	0.01169	0.01319	0.01800	0.29545	0.03537	0.25059	0.01010	0.00598	0.00174	0.00428	0.02845	0.00454	0.02609
76	0.00744	0.00533	0.00589	0.00595	0.00651	0.00505	0.00369	0.00796	0.00954	0.01225	0.05231	0.08224	0.22823	0.52193	0.02009	0.00406	0.00439	0.00938	0.00397	0.00378
77	0.00816	0.00553	0.00698	0.00706	0.00822	0.00505	0.00511	0.00987	0.01290	0.05857	0.32650	0.26614	0.15345	0.06823	0.00804	0.00215	0.00315	0.03455	0.00540	0.00494
78	0.01828	0.30934	0.02018	0.01234	0.01582	0.51064	0.01010	0.01981	0.01387	0.01316	0.00812	0.00944	0.00701	0.00527	0.00440	0.00132	0.00839	0.00330	0.00264	0.00656
79	0.01130	0.00969	0.01130	0.00807	0.01292	0.00727	0.00646	0.01373	0.01130	0.01776	0.00969	0.01130	0.00807	0.00404	0.00404	0.00081	0.00404	0.00323	0.00323	0.84173
80	0.01723	0.01505	0.01430	0.01206	0.01559	0.12239	0.00955	0.30471	0.37913	0.02589	0.01681	0.01612	0.01250	0.00682	0.00542	0.00171	0.00572	0.00532	0.00513	0.00855
81	0.02414	0.00979	0.01297	0.00994	0.01417	0.00877	0.00821	0.08835	0.01645	0.71519	0.02080	0.01809	0.01314	0.00673	0.00548	0.00168	0.00475	0.00543	0.00664	0.00928
82	0.01199	0.16610	0.29475	0.01909	0.26362	0.01345	0.01512	0.01593	0.01204	0.01679	0.06167	0.01632	0.04409	0.00594	0.00512	0.00161	0.00648	0.01939	0.00285	0.00765
83	0.00871	0.01451	0.31169	0.01007	0.01417	0.00802	0.01095	0.01246	0.01301	0.01803	0.26084	0.03299	0.21476	0.00962	0.00598	0.00178	0.00488	0.03710	0.00427	0.00615
84	0.01093	0.02820	0.78016	0.01554	0.02360	0.01266	0.02014	0.01727	0.01151	0.01727	0.00978	0.01151	0.00691	0.00518	0.00518	0.00173	0.00806	0.00403	0.00230	0.00806
85	0.01480	0.16669	0.27160	0.03597	0.02013	0.01488	0.10539	0.14568	0.07552	0.08014	0.01203	0.01302	0.00882	0.00556	0.00513	0.00163	0.00683	0.00458	0.00353	0.00807
86	0.00664	0.00474	0.00633	0.00759	0.00791	0.00443	0.00506	0.00759	0.01044	0.01392	0.03005	0.80485	0.03606	0.01708	0.00696	0.00221	0.00316	0.01550	0.00506	0.00443
87	0.00839	0.00505	0.00609	0.00660	0.00743	0.00483	0.00463	0.01008	0.01137	0.03096	0.10580	0.40580	0.02896	0.03157	0.00624	0.00188	0.00295	0.01076	0.30579	0.00480
88	0.02664	0.00763	0.01031	0.07393	0.01293	0.00848	0.00832	0.09135	0.01178	0.01597	0.01840	0.12258	0.01929	0.01378	0.01138	0.20632	0.08500	0.24702	0.00392	0.00496
89	0.03761	0.25394	0.02175	0.01709	0.20585	0.01567	0.08105	0.11502	0.09564	0.06080	0.01198	0.01324	0.00943	0.00543	0.00484	0.00152	0.00595	0.00456	0.03068	0.00795

[dist]
# distance from previous block
# <min> <max>
2	21

[block]
# block no. 5 follows, 44 sequences, length 76
# corresponding to MSA columns:
# 442-517
name=unknown_F
#
# <colnr> <probs for GDERKNQSTAVLIFYWHMCP>
#	G	D	E	R	K	N	Q	S	T	A	V	L	I	F	Y	W	H	M	C	P
0	0.10462	0.04881	0.01432	0.01097	0.01486	0.01356	0.02722	0.24010	0.25404	0.15911	0.01645	0.01568	0.01182	0.00647	0.00515	0.00167	0.00504	0.00509	0.00520	0.03983
1	0.01040	0.10902	0.25564	0.01033	0.01444	0.02743	0.01074	0.03797	0.01289	0.02888	0.17063	0.10651	0.11755	0.00894	0.00560	0.00170	0.00521	0.02545	0.00397	0.03670
2	0.04890	0.11788	0.36236	0.01610	0.02223	0.01391	0.23001	0.01748	0.03484	0.03545	0.01051	0.01267	0.00790	0.00600	0.02460	0.00188	0.02230	0.00470	0.00271	0.00756
3	0.01393	0.02750	0.53734	0.01506	0.02146	0.25838	0.01709	0.01870	0.01276	0.01602	0.00935	0.01098	0.00694	0.00532	0.00510	0.00162	0.00862	0.00386	0.00246	0.00751
4	0.01186	0.01188	0.01705	0.01448	0.01470	0.01636	0.03806	0.01319	0.00852	0.01326	0.00747	0.01226	0.00735	0.01013	0.03610	0.00252	0.75155	0.00486	0.00241	0.00599
5	0.84691	0.01054	0.00801	0.00717	0.01054	0.01223	0.00590	0.01603	0.00928	0.02446	0.00759	0.00886	0.00590	0.00506	0.00337	0.00169	0.00422	0.00295	0.00337	0.00590
6	0.00674	0.00510	0.00625	0.00702	0.00791	0.00461	0.00495	0.00799	0.01144	0.01474	0.08039	0.49396	0.26421	0.01563	0.00680	0.00208	0.00309	0.04742	0.00511	0.00455
7	0.00721	0.00540	0.00669	0.00669	0.00792	0.00488	0.00489	0.00918	0.01375	0.01863	0.45841	0.19416	0.21633	0.01294	0.00654	0.00184	0.00273	0.01136	0.00560	0.00488
8	0.00794	0.00608	0.00745	0.00761	0.00915	0.00574	0.00610	0.01077	0.05137	0.01806	0.29155	0.04951	0.26556	0.01294	0.00672	0.00200	0.00345	0.22749	0.00540	0.00512
9	0.01157	0.01006	0.01000	0.00950	0.01158	0.08639	0.00712	0.01884	0.32404	0.04294	0.12837	0.21728	0.07872	0.01055	0.00601	0.00187	0.00424	0.00906	0.00522	0.00662
10	0.02446	0.00928	0.01265	0.00970	0.01392	0.00801	0.00801	0.02657	0.01560	0.77817	0.02151	0.01856	0.01350	0.00675	0.00548	0.00169	0.00464	0.00548	0.00675	0.00928
11	0.01843	0.01453	0.01819	0.01919	0.25743	0.01565	0.01238	0.52141	0.02144	0.02910	0.01219	0.01322	0.00907	0.00601	0.00544	0.00163	0.00615	0.00489	0.00458	0.00907
12	0.00734	0.00524	0.00712	0.00839	0.00901	0.00503	0.00627	0.00879	0.01112	0.01470	0.02966	0.56359	0.03454	0.01642	0.00714	0.00231	0.00377	0.24990	0.00505	0.00462
13	0.01668	0.28607	0.01878	0.00994	0.01451	0.01492	0.00871	0.22069	0.01572	0.11682	0.01140	0.01184	0.00872	0.00529	0.00443	0.00127	0.00527	0.00387	0.00398	0.22110
14	0.04399	0.01223	0.01256	0.01092	0.01425	0.06473	0.00859	0.04517	0.51966	0.17516	0.02042	0.01871	0.01482	0.00705	0.00542	0.00178	0.00479	0.00571	0.00553	0.00853
15	0.09513	0.00573	0.00660	0.00681	0.00757	0.00571	0.00457	0.00922	0.01063	0.01574	0.19769	0.27830	0.03096	0.28567	0.01359	0.00309	0.00386	0.01027	0.00450	0.00437
16	0.16485	0.43281	0.22447	0.01074	0.01601	0.04178	0.01162	0.01669	0.01100	0.01614	0.00820	0.00954	0.00677	0.00490	0.00397	0.00142	0.00626	0.00324	0.00253	0.00706
17	0.01287	0.01471	0.03217	0.02298	0.02849	0.01379	0.75460	0.01746	0.01287	0.01746	0.01103	0.01471	0.00827	0.00460	0.00643	0.00184	0.00919	0.00643	0.00276	0.00735
18	0.00708	0.00544	0.00648	0.00645	0.00781	0.00483	0.00475	0.00896	0.01357	0.01800	0.39204	0.15444	0.32443	0.01301	0.00651	0.00183	0.00273	0.01129	0.00551	0.00483
19	0.01845	0.01120	0.01316	0.01013	0.01442	0.01072	0.00824	0.20537	0.11162	0.28319	0.01617	0.01538	0.01132	0.00602	0.00508	0.00145	0.00477	0.00479	0.00528	0.24325
20	0.01159	0.05408	0.49366	0.01748	0.02441	0.01317	0.25363	0.01706	0.01190	0.01707	0.01058	0.03130	0.00804	0.00526	0.00556	0.00175	0.00821	0.00503	0.00251	0.00770
21	0.00875	0.00524	0.00531	0.00531	0.00663	0.00495	0.00386	0.01065	0.01138	0.01753	0.02961	0.03214	0.25534	0.09252	0.00715	0.00187	0.00290	0.00742	0.48669	0.00474
22	0.01026	0.00912	0.01661	0.14389	0.03687	0.00924	0.24545	0.01206	0.00998	0.01334	0.01264	0.02205	0.01222	0.27996	0.01573	0.12953	0.00681	0.00638	0.00283	0.00504
23	0.01287	0.01471	0.03217	0.02298	0.02849	0.01379	0.75460	0.01746	0.01287	0.01746	0.01103	0.01471	0.00827	0.00460	0.00643	0.00184	0.00919	0.00643	0.00276	0.00735
24	0.02622	0.00868	0.01264	0.01625	0.26892	0.00909	0.00948	0.05842	0.01184	0.01824	0.01387	0.01767	0.01163	0.01553	0.22419	0.00352	0.00750	0.00517	0.25465	0.00650
25	0.84691	0.01054	0.00801	0.00717	0.01054	0.01223	0.00590	0.01603	0.00928	0.02446	0.00759	0.00886	0.00590	0.00506	0.00337	0.00169	0.00422	0.00295	0.00337	0.00590
26	0.01088	0.01009	0.01038	0.00989	0.01138	0.15013	0.00763	0.05728	0.01099	0.01405	0.01344	0.01914	0.01231	0.05115	0.57755	0.00690	0.01298	0.00541	0.00306	0.00536
27	0.00715	0.00520	0.00666	0.00717	0.00799	0.00482	0.00508	0.00870	0.01225	0.01654	0.27515	0.39602	0.11689	0.05853	0.00791	0.00220	0.00314	0.04869	0.00527	0.00465
28	0.01422	0.19246	0.09137	0.06200	0.22425	0.02724	0.01247	0.17304	0.02533	0.01952	0.01248	0.09830	0.01123	0.00661	0.00513	0.00161	0.00609	0.00551	0.00345	0.00771
29	0.01186	0.00911	0.01072	0.00829	0.01199	0.00782	0.00658	0.10398	0.01440	0.05070	0.22366	0.02097	0.03869	0.00666	0.00499	0.00122	0.00386	0.00557	0.00445	0.45447
30	0.04395	0.23842	0.43616	0.01268	0.01898	0.01456	0.01488	0.01801	0.04205	0.07737	0.02867	0.01227	0.00887	0.00539	0.00472	0.00157	0.00675	0.00403	0.00292	0.00774
31	0.01311	0.01071	0.01161	0.01065	0.01347	0.01212	0.00833	0.02597	0.62260	0.05132	0.02387	0.06249	0.03735	0.00858	0.00579	0.00191	0.00429	0.06224	0.00552	0.00808
32	0.00708	0.00514	0.00713	0.00789	0.00845	0.00524	0.00558	0.00839	0.01004	0.01375	0.05467	0.50590	0.02914	0.04407	0.25539	0.00435	0.00683	0.01201	0.00437	0.00457
33	0.00979	0.01135	0.17471	0.01160	0.05692	0.00789	0.06063	0.01205	0.02954	0.01609	0.21257	0.02390	0.03887	0.01163	0.01084	0.26837	0.00523	0.02913	0.00358	0.00530
34	0.01209	0.05355	0.11261	0.31753	0.22828	0.03197	0.13479	0.01595	0.01181	0.01586	0.00993	0.01352	0.00773	0.00509	0.00545	0.00171	0.00745	0.00488	0.00254	0.00724
35	0.00966	0.00677	0.00826	0.00860	0.00988	0.00691	0.00615	0.01420	0.19326	0.07385	0.02750	0.55561	0.02965	0.01396	0.00651	0.00209	0.00355	0.01248	0.00531	0.00581
36	0.00931	0.00583	0.00654	0.00682	0.00798	0.00598	0.00494	0.01292	0.10626	0.01821	0.02245	0.28927	0.02187	0.01122	0.02914	0.00190	0.00335	0.00881	0.42191	0.00530
37	0.01350	0.39943	0.17830	0.01744	0.22974	0.01705	0.01357	0.01709	0.03894	0.01549	0.00931	0.01106	0.00779	0.00492	0.00445	0.00143	0.00641	0.00380	0.00255	0.00773
38	0.01040	0.01009	0.01756	0.01433	0.01625	0.01162	0.21638	0.01282	0.00985	0.01418	0.01198	0.04745	0.01108	0.02047	0.30879	0.00467	0.24735	0.00606	0.00280	0.00587
39	0.01157	0.00892	0.01008	0.00966	0.01171	0.00971	0.00722	0.06965	0.36555	0.05026	0.02486	0.35085	0.02420	0.01140	0.00613	0.00198	0.00396	0.00999	0.00538	0.00693
40	0.01100	0.01149	0.00922	0.00964	0.01075	0.25277	0.00680	0.01209	0.01203	0.01373	0.02318	0.55240	0.02684	0.01344	0.00631	0.00196	0.00528	0.01169	0.00435	0.00503
41	0.01681	0.03703	0.10114	0.03941	0.01569	0.04161	0.02766	0.02284	0.20062	0.30691	0.11390	0.02011	0.01752	0.00708	0.00552	0.00172	0.00514	0.00588	0.00530	0.00810
42	0.01139	0.00843	0.00836	0.00760	0.00988	0.07759	0.00586	0.04675	0.01414	0.13477	0.13800	0.06379	0.41655	0.01140	0.00614	0.00177	0.00388	0.02267	0.00526	0.00577
43	0.01713	0.01935	0.01216	0.01120	0.01352	0.53839	0.00840	0.01889	0.01417	0.01556	0.01140	0.01316	0.00923	0.00585	0.00456	0.00136	0.00752	0.00401	0.26822	0.00593
44	0.19434	0.01390	0.11427	0.03222	0.26488	0.01229	0.11635	0.04574	0.03946	0.03820	0.01199	0.07084	0.01020	0.00602	0.00520	0.00174	0.00619	0.00540	0.00328	0.00748
45	0.03547	0.23831	0.04733	0.24606	0.02236	0.04750	0.01176	0.25159	0.01581	0.02048	0.01008	0.01201	0.00777	0.00557	0.00482	0.00155	0.00652	0.00419	0.00340	0.00742
46	0.00703	0.00525	0.00714	0.00799	0.00872	0.00489	0.02255	0.00833	0.01106	0.01454	0.04876	0.60590	0.11179	0.01609	0.00695	0.00219	0.00346	0.09775	0.00502	0.00460
47	0.00827	0.00673	0.01010	0.27734	0.01815	0.00731	0.00854	0.01071	0.01235	0.01671	0.28306	0.26601	0.03158	0.01101	0.00626	0.00190	0.00436	0.00987	0.00449	0.00524
48	0.01278	0.26673	0.07022	0.01329	0.01837	0.01417	0.22076	0.01582	0.01163	0.01599	0.00936	0.01148	0.00770	0.00457	0.00489	0.00130	0.02188	0.00412	0.00274	0.27220
49	0.00904	0.00740	0.00824	0.00815	0.00991	0.00765	0.00603	0.01518	0.26763	0.01793	0.10673	0.25973	0.23044	0.01232	0.00629	0.00194	0.00339	0.01069	0.00532	0.00597
50	0.00723	0.00553	0.00662	0.00640	0.00786	0.00493	0.00478	0.00932	0.01420	0.01905	0.49125	0.06901	0.30946	0.01229	0.00645	0.00178	0.00266	0.01063	0.00564	0.00493
51	0.01158	0.01176	0.02222	0.43858	0.14249	0.01277	0.25017	0.01546	0.01175	0.01562	0.01020	0.01444	0.00779	0.00509	0.00575	0.00179	0.00776	0.00535	0.00257	0.00685
52	0.10740	0.01150	0.03110	0.12088	0.01897	0.01366	0.14019	0.02542	0.00993	0.01553	0.00943	0.01432	0.00837	0.04875	0.07246	0.00275	0.33547	0.00509	0.00270	0.00609
53	0.00746	0.00537	0.00705	0.00704	0.00809	0.00497	0.00512	0.00964	0.01422	0.01994	0.59214	0.22558	0.04772	0.01258	0.00656	0.00184	0.00271	0.01122	0.00577	0.00497
54	0.00664	0.00474	0.00633	0.00759	0.00791	0.00443	0.00506	0.00759	0.01044	0.01392	0.03005	0.80485	0.03606	0.01708	0.00696	0.00221	0.00316	0.01550	0.00506	0.00443
55	0.00980	0.00784	0.00883	0.00817	0.01001	0.01993	0.00616	0.04171	0.21485	0.02048	0.36793	0.05264	0.11155	0.06596	0.02803	0.00220	0.00381	0.00867	0.00542	0.00603
56	0.01801	0.11145	0.06053	0.01553	0.11573	0.22157	0.02946	0.25388	0.05585	0.04988	0.01138	0.01229	0.00870	0.00579	0.00509	0.00154	0.00712	0.00437	0.00384	0.00799
57	0.01240	0.01183	0.02015	0.29460	0.52183	0.01267	0.01619	0.01577	0.01190	0.01648	0.01006	0.01385	0.00817	0.00506	0.00542	0.00169	0.00675	0.00485	0.00260	0.00775
