[name]
unknown

[dist]
# distance from previous block
# <min> <max>
0	75

[block]
# block no. 0 follows, 47 sequences, length 7
# corresponding to MSA columns:
# 78-84
name=unknown_A
#
# <colnr> <probs for GDERKNQSTAVLIFYWHMCP>
#	G	D	E	R	K	N	Q	S	T	A	V	L	I	F	Y	W	H	M	C	P
0	0.01087	0.01197	0.17966	0.05008	0.01482	0.00905	0.01028	0.01677	0.18077	0.07942	0.12830	0.03097	0.05479	0.00904	0.00584	0.00186	0.00493	0.18953	0.00448	0.00656
1	0.00984	0.00844	0.01123	0.08438	0.09985	0.00731	0.00771	0.01201	0.01068	0.01573	0.01412	0.20941	0.01430	0.00714	0.00482	0.00128	0.00420	0.00629	0.00339	0.46789
2	0.01235	0.01183	0.02011	0.07161	0.59836	0.01198	0.06719	0.01621	0.05706	0.01729	0.05609	0.01495	0.01102	0.00515	0.00529	0.00159	0.00607	0.00510	0.00291	0.00783
3	0.01398	0.07399	0.01535	0.32115	0.04618	0.01058	0.04065	0.01669	0.01203	0.22410	0.06615	0.01586	0.01163	0.00581	0.00540	0.00157	0.02939	0.00490	0.00375	0.08085
4	0.01204	0.01107	0.01828	0.12817	0.55321	0.01164	0.01412	0.01499	0.01133	0.01653	0.01035	0.01366	0.00856	0.00515	0.00572	0.00158	0.05455	0.00466	0.09700	0.00739
5	0.00690	0.00731	0.09854	0.00779	0.00911	0.00524	0.00630	0.00839	0.01012	0.01351	0.02826	0.56666	0.11794	0.07856	0.00797	0.00225	0.00369	0.01248	0.00439	0.00457
6	0.05538	0.05894	0.06222	0.01200	0.01597	0.06220	0.07914	0.23254	0.16905	0.08968	0.01332	0.01363	0.00984	0.00591	0.00545	0.00157	0.03763	0.00467	0.00424	0.06664

[dist]
# distance from previous block
# <min> <max>
8	42

[block]
# block no. 1 follows, 47 sequences, length 27
# corresponding to MSA columns:
# 130-156
name=unknown_B
#
# <colnr> <probs for GDERKNQSTAVLIFYWHMCP>
#	G	D	E	R	K	N	Q	S	T	A	V	L	I	F	Y	W	H	M	C	P
0	0.03204	0.11032	0.09999	0.01022	0.01431	0.11911	0.00912	0.11809	0.04852	0.10434	0.01228	0.05183	0.00993	0.00632	0.01860	0.00146	0.00569	0.00441	0.02150	0.20190
1	0.03866	0.05588	0.07714	0.00871	0.01062	0.00768	0.03900	0.01145	0.05922	0.02811	0.07765	0.31688	0.02325	0.14758	0.03024	0.00253	0.01845	0.00917	0.00399	0.03380
2	0.06793	0.04455	0.07194	0.00792	0.00984	0.00830	0.02552	0.07270	0.04771	0.01513	0.05689	0.02628	0.03717	0.44170	0.01647	0.00342	0.00508	0.00643	0.00348	0.03152
3	0.08788	0.02451	0.02647	0.01037	0.03713	0.01040	0.03185	0.19306	0.07249	0.20696	0.10940	0.05588	0.02871	0.00701	0.00513	0.00157	0.00456	0.00578	0.00494	0.07590
4	0.01070	0.01181	0.07754	0.01613	0.10591	0.01009	0.28880	0.03025	0.02601	0.01720	0.11046	0.05496	0.09603	0.00679	0.00587	0.00162	0.02018	0.00669	0.00345	0.09952
5	0.01229	0.01025	0.01188	0.00932	0.03784	0.00888	0.00717	0.11965	0.07306	0.01956	0.01067	0.01179	0.00854	0.00447	0.00420	0.00099	0.00421	0.00358	0.00354	0.63811
6	0.00698	0.00508	0.00653	0.00696	0.00758	0.00503	0.00477	0.00796	0.00923	0.01242	0.02416	0.35707	0.09434	0.21152	0.19068	0.00417	0.00597	0.01034	0.00393	0.02528
7	0.00937	0.05473	0.00833	0.03258	0.00812	0.00574	0.00511	0.00753	0.00713	0.00938	0.00894	0.01531	0.00883	0.01684	0.01882	0.76923	0.00466	0.00442	0.00226	0.00265
8	0.01232	0.01346	0.08075	0.05076	0.03827	0.03316	0.37228	0.12408	0.01355	0.01817	0.01450	0.10302	0.03652	0.00687	0.00620	0.00178	0.02802	0.03617	0.00335	0.00678
9	0.01162	0.01218	0.03715	0.22593	0.27394	0.01230	0.27347	0.01520	0.01146	0.01571	0.01037	0.03633	0.00847	0.00516	0.00586	0.00170	0.02815	0.00543	0.00258	0.00700
10	0.00742	0.00508	0.00605	0.00604	0.00640	0.00494	0.00377	0.00815	0.00969	0.01325	0.22184	0.10093	0.02830	0.53429	0.01940	0.00389	0.00419	0.00867	0.00398	0.00372
11	0.00763	0.00581	0.00856	0.00845	0.00929	0.00685	0.00654	0.00935	0.00830	0.01199	0.01377	0.02084	0.01308	0.08338	0.71555	0.00790	0.04966	0.00565	0.00279	0.00461
12	0.03574	0.04787	0.20068	0.08156	0.13372	0.13215	0.06467	0.05774	0.03626	0.06162	0.01157	0.04691	0.00946	0.00591	0.00532	0.00162	0.02373	0.01818	0.01821	0.00708
13	0.00771	0.00635	0.00677	0.00684	0.00828	0.02298	0.00498	0.01073	0.11827	0.01499	0.07940	0.20625	0.37555	0.06217	0.00775	0.02433	0.00330	0.02378	0.00473	0.00484
14	0.01045	0.02694	0.79000	0.01484	0.02254	0.01209	0.01924	0.01649	0.01099	0.01649	0.00935	0.01099	0.00660	0.00495	0.00495	0.00165	0.00770	0.00385	0.00220	0.00770
15	0.00964	0.00747	0.03833	0.09338	0.03696	0.02350	0.04207	0.01206	0.01164	0.04929	0.11920	0.14466	0.08438	0.00857	0.00511	0.00158	0.00387	0.00746	0.29547	0.00534
16	0.03251	0.02954	0.24929	0.06214	0.26259	0.03647	0.16765	0.05172	0.01226	0.03210	0.00997	0.01241	0.00761	0.00484	0.00521	0.00162	0.00718	0.00461	0.00267	0.00760
17	0.00652	0.00465	0.00624	0.00745	0.00783	0.00438	0.00513	0.00755	0.01014	0.01349	0.02861	0.75009	0.03407	0.01615	0.00669	0.00214	0.00317	0.07659	0.00483	0.00428
18	0.01903	0.02159	0.01444	0.01267	0.01560	0.58720	0.00970	0.18136	0.01666	0.01742	0.00947	0.01058	0.00751	0.00559	0.00475	0.00138	0.00824	0.00372	0.04651	0.00658
19	0.08973	0.13136	0.29965	0.01167	0.01692	0.03627	0.04577	0.03609	0.01242	0.21385	0.04905	0.01358	0.01030	0.00554	0.00475	0.00155	0.00604	0.00434	0.00365	0.00748
20	0.03072	0.09334	0.19769	0.01243	0.05994	0.02819	0.04109	0.05462	0.04882	0.30354	0.03175	0.01537	0.02347	0.00682	0.02759	0.00177	0.00593	0.00479	0.00427	0.00784
21	0.00634	0.00453	0.00604	0.00725	0.00755	0.00423	0.00483	0.00725	0.00997	0.01329	0.02870	0.81358	0.03444	0.01632	0.00665	0.00211	0.00302	0.01480	0.00483	0.00423
22	0.03943	0.15733	0.05053	0.31030	0.02301	0.01310	0.07293	0.09561	0.01220	0.05490	0.01163	0.08878	0.01004	0.00634	0.00539	0.00165	0.03194	0.00533	0.00311	0.00646
23	0.05252	0.01477	0.06492	0.01962	0.25711	0.12704	0.14367	0.07607	0.08675	0.04291	0.01222	0.05696	0.01012	0.00579	0.00526	0.00162	0.00664	0.00529	0.00332	0.00740
24	0.00680	0.00504	0.00628	0.00681	0.00770	0.00464	0.00491	0.00823	0.01147	0.01513	0.19554	0.35835	0.19888	0.06282	0.00769	0.00214	0.00311	0.08514	0.00492	0.00440
25	0.03031	0.04980	0.16873	0.01223	0.07189	0.02410	0.03930	0.03160	0.16491	0.13569	0.08120	0.04370	0.06723	0.00690	0.00519	0.00161	0.00511	0.00581	0.00420	0.05051
26	0.00960	0.00754	0.01004	0.01108	0.11553	0.00722	0.00707	0.01212	0.06714	0.04762	0.03741	0.31198	0.05570	0.07809	0.00784	0.00197	0.03757	0.00885	0.00408	0.16155

[dist]
# distance from previous block
# <min> <max>
0	2

[block]
# block no. 2 follows, 47 sequences, length 7
# corresponding to MSA columns:
# 159-165
name=unknown_C
#
# <colnr> <probs for GDERKNQSTAVLIFYWHMCP>
#	G	D	E	R	K	N	Q	S	T	A	V	L	I	F	Y	W	H	M	C	P
0	0.01153	0.00963	0.01109	0.00818	0.01252	0.00797	0.00655	0.07963	0.05250	0.01880	0.04751	0.01276	0.01025	0.00456	0.00416	0.00093	0.00397	0.00368	0.00352	0.69026
1	0.03591	0.03035	0.04814	0.01133	0.06732	0.02957	0.00884	0.20267	0.07203	0.14514	0.04311	0.01409	0.01096	0.00555	0.00474	0.00134	0.00488	0.00442	0.00432	0.25531
2	0.07433	0.08419	0.24725	0.01189	0.01673	0.18791	0.01177	0.11112	0.04193	0.06127	0.01019	0.01110	0.00766	0.00520	0.00458	0.00143	0.00667	0.00376	0.00320	0.09780
3	0.00737	0.00590	0.00667	0.00647	0.00806	0.00552	0.00484	0.01056	0.09721	0.01739	0.31725	0.09435	0.37570	0.01178	0.00609	0.00174	0.00276	0.01010	0.00522	0.00500
4	0.06090	0.01116	0.01475	0.01267	0.07142	0.03045	0.09206	0.10415	0.14405	0.26854	0.01578	0.01620	0.01137	0.00596	0.00511	0.00156	0.00518	0.02287	0.00473	0.10106
5	0.01357	0.00760	0.00970	0.00842	0.01014	0.00825	0.00663	0.01599	0.05172	0.23373	0.03757	0.01973	0.01377	0.09910	0.06958	0.00253	0.15092	0.00545	0.22949	0.00612
6	0.00925	0.00664	0.00730	0.00682	0.00871	0.00652	0.00526	0.05258	0.11682	0.04099	0.19392	0.03566	0.30101	0.01007	0.00556	0.00165	0.00306	0.03368	0.14901	0.00549

[dist]
# distance from previous block
# <min> <max>
0	8

[block]
# block no. 3 follows, 47 sequences, length 22
# corresponding to MSA columns:
# 174-195
name=unknown_D
#
# <colnr> <probs for GDERKNQSTAVLIFYWHMCP>
#	G	D	E	R	K	N	Q	S	T	A	V	L	I	F	Y	W	H	M	C	P
0	0.00744	0.00558	0.00837	0.00837	0.00930	0.00651	0.00651	0.00930	0.00837	0.01209	0.01395	0.02046	0.01302	0.03906	0.79635	0.00837	0.01395	0.00558	0.00279	0.00465
1	0.01823	0.20063	0.01753	0.01242	0.01550	0.62464	0.00981	0.01965	0.01383	0.01264	0.00787	0.00916	0.00670	0.00517	0.00440	0.00129	0.00855	0.00323	0.00258	0.00618
2	0.01158	0.00923	0.01088	0.00781	0.01240	0.00699	0.00626	0.01388	0.01105	0.06496	0.00996	0.01123	0.00804	0.00402	0.00394	0.00082	0.00389	0.00322	0.00329	0.79654
3	0.00662	0.00522	0.00596	0.00593	0.00736	0.00457	0.00439	0.00832	0.01275	0.01649	0.31772	0.11653	0.44455	0.01255	0.00620	0.00175	0.00261	0.01077	0.00516	0.00457
4	0.01048	0.14312	0.39464	0.01109	0.01610	0.01098	0.01267	0.01456	0.01226	0.04533	0.25414	0.01967	0.02032	0.00673	0.00509	0.00156	0.00559	0.00550	0.00348	0.00670
5	0.00744	0.00558	0.00837	0.00837	0.00930	0.00651	0.00651	0.00930	0.00837	0.01209	0.01395	0.02046	0.01302	0.03906	0.79635	0.00837	0.01395	0.00558	0.00279	0.00465
6	0.02336	0.00886	0.01209	0.00927	0.01329	0.00765	0.00765	0.02538	0.01491	0.78810	0.02055	0.01773	0.01289	0.00645	0.00524	0.00161	0.00443	0.00524	0.00645	0.00886
7	0.04124	0.04235	0.04463	0.01279	0.08307	0.01325	0.00993	0.40704	0.03656	0.21338	0.01439	0.03425	0.01036	0.00628	0.00512	0.00158	0.00537	0.00495	0.00499	0.00846
8	0.01401	0.06518	0.28826	0.01551	0.02106	0.07014	0.22504	0.13291	0.04299	0.05861	0.01098	0.01248	0.00800	0.00515	0.00524	0.00162	0.00739	0.00467	0.00316	0.00759
9	0.00647	0.00481	0.00604	0.00683	0.00756	0.00439	0.00475	0.00767	0.01093	0.01433	0.11449	0.55074	0.19229	0.01500	0.00650	0.00200	0.00293	0.03300	0.00493	0.00435
10	0.01139	0.01139	0.01595	0.01367	0.01367	0.01595	0.01139	0.01253	0.00798	0.01253	0.00684	0.01139	0.00684	0.00911	0.01709	0.00228	0.80745	0.00456	0.00228	0.00570
11	0.01017	0.00597	0.00689	0.10409	0.01043	0.00634	0.00541	0.05769	0.01163	0.01918	0.01632	0.05586	0.01328	0.00646	0.00407	0.00134	0.00321	0.00529	0.65119	0.00518
12	0.01926	0.24482	0.09992	0.00976	0.01431	0.01187	0.00926	0.02160	0.01324	0.48152	0.01551	0.01430	0.01042	0.00571	0.00466	0.00147	0.00511	0.00438	0.00477	0.00811
13	0.00745	0.00555	0.00820	0.00820	0.00907	0.00642	0.00630	0.00919	0.00832	0.01197	0.01410	0.02131	0.01339	0.08747	0.74843	0.00816	0.01340	0.00570	0.00281	0.00456
14	0.00681	0.00487	0.00657	0.00773	0.00825	0.00463	0.00560	0.00809	0.01054	0.01401	0.05063	0.62880	0.03392	0.01573	0.00675	0.00216	0.00339	0.17229	0.00485	0.00437
15	0.01133	0.06380	0.10670	0.39191	0.17562	0.01268	0.11540	0.03350	0.01137	0.01525	0.00949	0.01301	0.00731	0.00494	0.00518	0.00165	0.00701	0.00463	0.00246	0.00677
16	0.01066	0.00998	0.01667	0.49432	0.25901	0.01152	0.01419	0.01381	0.01076	0.01453	0.01030	0.04633	0.00859	0.00564	0.00563	0.00170	0.03433	0.00505	0.02052	0.00644
17	0.00751	0.00530	0.00697	0.00697	0.00742	0.00575	0.00476	0.00840	0.00795	0.01105	0.01523	0.02755	0.01610	0.44394	0.39567	0.00664	0.00932	0.00662	0.00298	0.00387
18	0.00654	0.00467	0.00627	0.00748	0.00786	0.00440	0.00518	0.00759	0.01016	0.01351	0.02859	0.74114	0.03401	0.01613	0.00670	0.00214	0.00319	0.08531	0.00483	0.00428
19	0.03214	0.37837	0.03383	0.01155	0.04190	0.23230	0.02567	0.06034	0.08921	0.01523	0.00960	0.01059	0.00796	0.00513	0.00417	0.00132	0.00651	0.00357	0.02382	0.00680
20	0.73465	0.03257	0.03879	0.00830	0.03786	0.01215	0.00679	0.04724	0.00976	0.02299	0.00764	0.00888	0.00593	0.00488	0.00344	0.00160	0.00436	0.00300	0.00322	0.00597
21	0.01119	0.00911	0.01084	0.04370	0.01303	0.00790	0.00677	0.01450	0.07274	0.03703	0.01108	0.01260	0.00893	0.00469	0.00468	0.00103	0.04189	0.00366	0.07778	0.60684

[dist]
# distance from previous block
# <min> <max>
0	1

[block]
# block no. 4 follows, 47 sequences, length 73
# corresponding to MSA columns:
# 197-269
name=unknown_E
#
# <colnr> <probs for GDERKNQSTAVLIFYWHMCP>
#	G	D	E	R	K	N	Q	S	T	A	V	L	I	F	Y	W	H	M	C	P
0	0.01268	0.01208	0.02055	0.03093	0.74882	0.01208	0.01563	0.01574	0.01186	0.01695	0.01062	0.01500	0.00925	0.00509	0.00525	0.00159	0.00612	0.03898	0.00268	0.00809
1	0.01246	0.01171	0.01657	0.13763	0.32953	0.05993	0.01243	0.03590	0.01161	0.02909	0.01025	0.01441	0.00878	0.00563	0.00629	0.00154	0.09306	0.03790	0.00285	0.16244
2	0.00710	0.00516	0.00668	0.00663	0.00769	0.00475	0.00485	0.00918	0.01362	0.01897	0.58935	0.19742	0.08526	0.01194	0.00625	0.00174	0.00258	0.01060	0.00550	0.00475
3	0.00685	0.00506	0.00646	0.00701	0.00793	0.00467	0.00515	0.00845	0.01188	0.01584	0.24343	0.37125	0.16690	0.01395	0.00649	0.00196	0.00302	0.10411	0.00508	0.00452
4	0.00753	0.00503	0.00569	0.00573	0.00574	0.00502	0.00321	0.00756	0.00765	0.01021	0.01682	0.06040	0.01946	0.78994	0.02584	0.00495	0.00498	0.00782	0.00321	0.00319
5	0.00662	0.00525	0.00595	0.00587	0.00734	0.00458	0.00436	0.00833	0.01282	0.01655	0.32214	0.09103	0.46584	0.01243	0.00618	0.00173	0.00259	0.01063	0.00517	0.00458
6	0.85377	0.01007	0.00765	0.00685	0.01007	0.01168	0.00564	0.01531	0.00886	0.02336	0.00725	0.00846	0.00564	0.00483	0.00322	0.00161	0.00403	0.00282	0.00322	0.00564
7	0.00825	0.00595	0.00819	0.00931	0.01055	0.00589	0.00811	0.01058	0.01198	0.01549	0.02920	0.05819	0.07859	0.01431	0.00713	0.00236	0.00466	0.70173	0.00480	0.00477
8	0.01945	0.02482	0.01476	0.01342	0.01610	0.79608	0.01006	0.02079	0.01476	0.01275	0.00805	0.00939	0.00671	0.00537	0.00470	0.00134	0.00939	0.00335	0.00268	0.00604
9	0.01080	0.00926	0.01080	0.00771	0.01234	0.00694	0.00617	0.01311	0.01080	0.01697	0.00926	0.01080	0.00771	0.00386	0.00386	0.00077	0.00386	0.00309	0.00309	0.84882
10	0.85377	0.01007	0.00765	0.00685	0.01007	0.01168	0.00564	0.01531	0.00886	0.02336	0.00725	0.00846	0.00564	0.00483	0.00322	0.00161	0.00403	0.00282	0.00322	0.00564
11	0.05147	0.00937	0.01093	0.00797	0.01245	0.00747	0.00642	0.03298	0.01156	0.11528	0.01067	0.01161	0.00830	0.00429	0.00403	0.00094	0.00398	0.00338	0.00357	0.68330
12	0.01508	0.08981	0.01379	0.01208	0.06260	0.39630	0.00860	0.01625	0.05482	0.01239	0.00913	0.01199	0.00802	0.00910	0.00927	0.25190	0.00710	0.00387	0.00266	0.00525
13	0.85377	0.01007	0.00765	0.00685	0.01007	0.01168	0.00564	0.01531	0.00886	0.02336	0.00725	0.00846	0.00564	0.00483	0.00322	0.00161	0.00403	0.00282	0.00322	0.00564
14	0.00839	0.00599	0.00839	0.00959	0.01079	0.00599	0.00839	0.01079	0.01199	0.01558	0.02757	0.05874	0.02997	0.01439	0.00719	0.00240	0.00480	0.74945	0.00480	0.00480
15	0.29523	0.00738	0.00725	0.00646	0.00887	0.00767	0.00513	0.01564	0.01098	0.17100	0.01479	0.04052	0.01134	0.00605	0.00391	0.00145	0.00337	0.00456	0.37251	0.00588
16	0.01229	0.01405	0.03073	0.02195	0.02722	0.01317	0.76558	0.01668	0.01229	0.01668	0.01054	0.01405	0.00790	0.00439	0.00615	0.00176	0.00878	0.00615	0.00263	0.00702
17	0.01355	0.01243	0.01205	0.01086	0.01378	0.08441	0.00841	0.02704	0.70571	0.02096	0.02000	0.01851	0.01506	0.00691	0.00524	0.00173	0.00460	0.00566	0.00506	0.00804
18	0.85377	0.01007	0.00765	0.00685	0.01007	0.01168	0.00564	0.01531	0.00886	0.02336	0.00725	0.00846	0.00564	0.00483	0.00322	0.00161	0.00403	0.00282	0.00322	0.00564
19	0.00687	0.00530	0.00627	0.00603	0.00747	0.00470	0.00452	0.00886	0.01357	0.01809	0.48336	0.04349	0.34926	0.01169	0.00615	0.00169	0.00253	0.01006	0.00537	0.00470
20	0.01122	0.00924	0.01084	0.00776	0.01237	0.00697	0.00622	0.01352	0.01094	0.04257	0.00963	0.01103	0.00789	0.00394	0.00390	0.00080	0.00388	0.00316	0.00320	0.82093
21	0.00757	0.00505	0.00568	0.00568	0.00568	0.00505	0.00316	0.00757	0.00757	0.01010	0.01641	0.03408	0.01893	0.81698	0.02651	0.00505	0.00505	0.00757	0.00316	0.00316
22	0.85377	0.01007	0.00765	0.00685	0.01007	0.01168	0.00564	0.01531	0.00886	0.02336	0.00725	0.00846	0.00564	0.00483	0.00322	0.00161	0.00403	0.00282	0.00322	0.00564
23	0.01590	0.01913	0.01287	0.01192	0.01409	0.56256	0.00901	0.01740	0.01287	0.01255	0.00979	0.01266	0.00857	0.01533	0.23883	0.00342	0.01074	0.00401	0.00271	0.00563
24	0.00693	0.00531	0.00635	0.00609	0.00751	0.00473	0.00457	0.00898	0.01371	0.01842	0.51870	0.04295	0.31372	0.01156	0.00615	0.00168	0.00252	0.00999	0.00541	0.00473
25	0.06571	0.00972	0.01265	0.26654	0.04552	0.01020	0.00960	0.08333	0.09540	0.01787	0.01236	0.07919	0.01056	0.00598	0.00481	0.00146	0.00507	0.00504	0.00341	0.25560
26	0.01619	0.01058	0.01196	0.01024	0.01353	0.01146	0.00811	0.04419	0.53281	0.24868	0.02080	0.01876	0.01484	0.00686	0.00528	0.00172	0.00425	0.00567	0.00564	0.00844
27	0.00726	0.00532	0.00681	0.00644	0.00771	0.00487	0.00483	0.00962	0.01448	0.02027	0.71618	0.03991	0.11509	0.01088	0.00614	0.00165	0.00247	0.00956	0.00565	0.00487
28	0.01108	0.01026	0.01686	0.58601	0.20304	0.01201	0.01455	0.05653	0.01153	0.01524	0.00956	0.01358	0.00734	0.00514	0.00520	0.00168	0.00670	0.00463	0.00254	0.00651
29	0.01279	0.48193	0.08097	0.00943	0.01317	0.10702	0.00899	0.01488	0.01175	0.01415	0.14109	0.04030	0.01499	0.00677	0.02082	0.00146	0.00574	0.00452	0.00298	0.00626
30	0.00945	0.00877	0.09534	0.01070	0.08584	0.00709	0.00798	0.07170	0.01084	0.01458	0.01998	0.21812	0.09621	0.01317	0.01023	0.25226	0.00459	0.05470	0.00359	0.00486
31	0.00839	0.00599	0.00839	0.00959	0.01079	0.00599	0.00839	0.01079	0.01199	0.01558	0.02757	0.05874	0.02997	0.01439	0.00719	0.00240	0.00480	0.74945	0.00480	0.00480
32	0.24788	0.01380	0.06479	0.01685	0.06586	0.04795	0.38025	0.01650	0.01124	0.03978	0.00952	0.01203	0.00726	0.00486	0.00556	0.00170	0.03983	0.00478	0.00286	0.00670
33	0.00631	0.00465	0.00592	0.00693	0.00747	0.00426	0.00469	0.00729	0.01028	0.01342	0.03263	0.68887	0.15662	0.01580	0.00657	0.00206	0.00296	0.01418	0.00483	0.00426
34	0.01643	0.01434	0.06200	0.16995	0.02054	0.08319	0.05882	0.36396	0.03615	0.07666	0.01205	0.01376	0.00887	0.03272	0.00592	0.00172	0.00646	0.00476	0.00409	0.00761
35	0.81678	0.01081	0.04197	0.00720	0.01062	0.01170	0.00624	0.01536	0.00896	0.02306	0.00734	0.00857	0.00568	0.00484	0.00330	0.00161	0.00419	0.00287	0.00318	0.00573
36	0.01313	0.04128	0.17289	0.01123	0.01511	0.05572	0.02555	0.16618	0.15406	0.04611	0.05126	0.11794	0.01557	0.00770	0.00534	0.00166	0.00543	0.03873	0.00420	0.05091
37	0.00726	0.00532	0.00681	0.00644	0.00771	0.00487	0.00483	0.00961	0.01448	0.02026	0.71523	0.03992	0.11605	0.01088	0.00614	0.00165	0.00247	0.00956	0.00565	0.00487
38	0.10485	0.12357	0.11670	0.04569	0.01633	0.02926	0.11659	0.08382	0.02734	0.06916	0.04881	0.12577	0.01382	0.00724	0.00552	0.00168	0.03316	0.02053	0.00360	0.00658
39	0.01240	0.05080	0.05984	0.06961	0.35483	0.01303	0.32988	0.01613	0.01186	0.01642	0.00994	0.01314	0.00788	0.00457	0.00548	0.00163	0.00736	0.00515	0.00255	0.00750
40	0.01080	0.00926	0.01080	0.00771	0.01234	0.00694	0.00617	0.01311	0.01080	0.01697	0.00926	0.01080	0.00771	0.00386	0.00386	0.00077	0.00386	0.00309	0.00309	0.84882
41	0.01195	0.02930	0.03786	0.02301	0.01346	0.02541	0.02401	0.06580	0.07542	0.04970	0.03517	0.03054	0.05273	0.00565	0.00498	0.00119	0.03430	0.00453	0.00364	0.47136
42	0.14092	0.02604	0.04380	0.00997	0.03872	0.05661	0.04236	0.12232	0.02617	0.03328	0.19222	0.07092	0.06573	0.00757	0.00508	0.00154	0.00455	0.00628	0.00422	0.10171
43	0.00912	0.01526	0.33344	0.01164	0.01589	0.00894	0.08035	0.01356	0.05609	0.01672	0.14224	0.16836	0.08899	0.00878	0.00569	0.00176	0.00542	0.00775	0.00371	0.00628
44	0.00990	0.00936	0.01302	0.01177	0.01186	0.01248	0.00945	0.01097	0.00857	0.01276	0.01330	0.24864	0.01500	0.01124	0.01400	0.00223	0.56954	0.00759	0.00303	0.00526
45	0.01477	0.01034	0.03354	0.02337	0.01365	0.00879	0.00758	0.14779	0.01412	0.18295	0.02927	0.04324	0.01084	0.00549	0.00459	0.00120	0.00441	0.00444	0.00425	0.43538
46	0.01380	0.01097	0.01785	0.02494	0.55574	0.01077	0.01320	0.03040	0.01291	0.12957	0.11358	0.01703	0.01434	0.00573	0.00530	0.00157	0.00543	0.00536	0.00360	0.00791
47	0.00983	0.00926	0.01562	0.80447	0.03587	0.01157	0.01446	0.01331	0.01041	0.01331	0.00926	0.01388	0.00694	0.00521	0.00521	0.00174	0.00694	0.00463	0.00231	0.00579
48	0.01094	0.00915	0.01077	0.02591	0.01275	0.00710	0.00636	0.01348	0.02578	0.03366	0.01118	0.01249	0.03369	0.00432	0.00402	0.00086	0.00390	0.00348	0.00324	0.76692
49	0.00717	0.00532	0.00669	0.00634	0.00766	0.00483	0.00476	0.00944	0.01427	0.01977	0.66285	0.04073	0.16873	0.01106	0.00614	0.00166	0.00249	0.00967	0.00559	0.00483
50	0.01262	0.09081	0.17309	0.01314	0.05087	0.10060	0.09933	0.03517	0.10715	0.05737	0.06874	0.07209	0.01467	0.03020	0.02259	0.00188	0.00634	0.03297	0.00357	0.00678
51	0.85377	0.01007	0.00765	0.00685	0.01007	0.01168	0.00564	0.01531	0.00886	0.02336	0.00725	0.00846	0.00564	0.00483	0.00322	0.00161	0.00403	0.00282	0.00322	0.00564
52	0.00646	0.00458	0.00601	0.00711	0.00738	0.00430	0.00468	0.00728	0.00975	0.01300	0.02758	0.74245	0.03303	0.08938	0.00846	0.00238	0.00321	0.01414	0.00468	0.00413
53	0.01513	0.24899	0.19566	0.01394	0.06356	0.09614	0.10675	0.05464	0.01272	0.12980	0.01059	0.01163	0.00794	0.00505	0.00468	0.00146	0.00673	0.00407	0.00311	0.00741
54	0.00973	0.00552	0.00607	0.00585	0.00689	0.00599	0.00447	0.01193	0.01044	0.01820	0.01589	0.01917	0.01290	0.03516	0.02978	0.00167	0.08120	0.00494	0.70934	0.00487
55	0.04115	0.01107	0.01367	0.16397	0.10095	0.03109	0.02653	0.03856	0.42042	0.01919	0.01699	0.03464	0.02767	0.00651	0.00521	0.00170	0.00508	0.00556	0.00418	0.02585
56	0.01002	0.00887	0.01187	0.30780	0.05488	0.00997	0.00973	0.04113	0.19985	0.01665	0.04573	0.02568	0.22077	0.00799	0.00551	0.00173	0.00488	0.00680	0.00394	0.00621
57	0.04456	0.02479	0.68874	0.01442	0.02164	0.01185	0.04161	0.01698	0.01118	0.06277	0.00997	0.01139	0.00698	0.00501	0.00493	0.00165	0.00739	0.00396	0.00251	0.00766
58	0.01045	0.02694	0.79000	0.01484	0.02254	0.01209	0.01924	0.01649	0.01099	0.01649	0.00935	0.01099	0.00660	0.00495	0.00495	0.00165	0.00770	0.00385	0.00220	0.00770
59	0.01128	0.01098	0.01825	0.05789	0.01903	0.00945	0.28030	0.01441	0.01131	0.01666	0.00972	0.01214	0.00774	0.00413	0.00476	0.00118	0.00581	0.00428	0.00288	0.49780
60	0.01980	0.01459	0.01563	0.01198	0.01615	0.01615	0.00990	0.76713	0.02448	0.03282	0.01250	0.01250	0.00886	0.00625	0.00521	0.00156	0.00573	0.00469	0.00521	0.00886
61	0.85377	0.01007	0.00765	0.00685	0.01007	0.01168	0.00564	0.01531	0.00886	0.02336	0.00725	0.00846	0.00564	0.00483	0.00322	0.00161	0.00403	0.00282	0.00322	0.00564
62	0.01028	0.00884	0.01464	0.01759	0.29675	0.00852	0.08445	0.01305	0.01313	0.04000	0.35024	0.07629	0.02798	0.00806	0.00579	0.00165	0.00455	0.00756	0.00422	0.00642
63	0.00983	0.00926	0.01562	0.80447	0.03587	0.01157	0.01446	0.01331	0.01041	0.01331	0.00926	0.01388	0.00694	0.00521	0.00521	0.00174	0.00694	0.00463	0.00231	0.00579
64	0.00704	0.00462	0.00613	0.00688	0.00722	0.00436	0.00459	0.00718	0.00923	0.01216	0.02532	0.51561	0.08936	0.06421	0.01103	0.20212	0.00347	0.01163	0.00413	0.00371
65	0.00905	0.00452	0.00678	0.00678	0.00678	0.00452	0.00452	0.00678	0.00678	0.00905	0.00905	0.01583	0.00905	0.01809	0.02035	0.84848	0.00452	0.00452	0.00226	0.00226
66	0.32902	0.04292	0.24557	0.01038	0.01515	0.03601	0.01063	0.08175	0.08117	0.02075	0.00980	0.01079	0.00738	0.00512	0.00420	0.00154	0.00549	0.00361	0.00321	0.07551
67	0.00634	0.00453	0.00604	0.00725	0.00755	0.00423	0.00483	0.00725	0.00997	0.01329	0.02870	0.81358	0.03444	0.01632	0.00665	0.00211	0.00302	0.01480	0.00483	0.00423
68	0.00734	0.00510	0.00616	0.00628	0.00657	0.00518	0.00395	0.00783	0.00820	0.01099	0.01928	0.11260	0.06228	0.55541	0.15631	0.00514	0.00624	0.00816	0.00336	0.00359
69	0.01005	0.01668	0.33515	0.01631	0.10397	0.01031	0.17796	0.01407	0.01111	0.01576	0.01470	0.22086	0.01432	0.00775	0.00567	0.00178	0.00655	0.00729	0.00302	0.00671
70	0.01201	0.01595	0.22433	0.23595	0.24157	0.03265	0.06045	0.06693	0.02961	0.01691	0.00997	0.01276	0.00761	0.00505	0.00517	0.00164	0.00696	0.00451	0.00265	0.00734
71	0.00634	0.00453	0.00604	0.00725	0.00755	0.00423	0.00483	0.00725	0.00997	0.01329	0.02870	0.81358	0.03444	0.01632	0.00665	0.00211	0.00302	0.01480	0.00483	0.00423
72	0.01916	0.00794	0.01011	0.00808	0.01129	0.00721	0.00657	0.05495	0.01416	0.52667	0.01913	0.01799	0.01284	0.00632	0.00476	0.00149	0.00390	0.00510	0.25466	0.00768

[dist]
# distance from previous block
# <min> <max>
0	1

[block]
# block no. 5 follows, 47 sequences, length 74
# corresponding to MSA columns:
# 271-292,294-345
name=unknown_F
#
# <colnr> <probs for GDERKNQSTAVLIFYWHMCP>
#	G	D	E	R	K	N	Q	S	T	A	V	L	I	F	Y	W	H	M	C	P
0	0.80200	0.03575	0.00848	0.00711	0.01036	0.03603	0.00588	0.01549	0.00910	0.02269	0.00728	0.00849	0.00571	0.00484	0.00327	0.00159	0.00424	0.00284	0.00318	0.00568
1	0.03521	0.01548	0.01427	0.03655	0.01591	0.18381	0.00947	0.37373	0.15216	0.07007	0.01324	0.01327	0.00971	0.00609	0.00504	0.00154	0.00612	0.00456	0.00457	0.02919
2	0.00929	0.00677	0.00843	0.00818	0.01004	0.00620	0.00627	0.06964	0.01191	0.04112	0.02371	0.38049	0.05189	0.01210	0.00599	0.00182	0.00379	0.15552	0.00454	0.18231
3	0.01291	0.35460	0.28547	0.01243	0.01775	0.06897	0.07223	0.04022	0.02646	0.01507	0.00961	0.01234	0.00802	0.00523	0.00447	0.00145	0.00675	0.03645	0.00255	0.00703
4	0.01266	0.01181	0.01146	0.04945	0.01370	0.14423	0.03108	0.05275	0.28589	0.04303	0.07075	0.02434	0.17376	0.00803	0.00557	0.00166	0.01700	0.00655	0.02968	0.00661
5	0.00754	0.00503	0.00569	0.00573	0.00574	0.00502	0.00321	0.00756	0.00764	0.01019	0.01678	0.05740	0.01940	0.79303	0.02591	0.00496	0.00499	0.00779	0.00321	0.00319
6	0.08946	0.00879	0.00945	0.00803	0.00991	0.00935	0.00582	0.25033	0.01355	0.07116	0.01462	0.02380	0.01412	0.43121	0.01620	0.00340	0.00513	0.00607	0.00404	0.00558
7	0.01133	0.01305	0.08929	0.31026	0.17241	0.01239	0.27014	0.01522	0.01133	0.01541	0.00976	0.01346	0.00748	0.00487	0.00571	0.00171	0.02182	0.00508	0.00246	0.00683
8	0.01485	0.01556	0.02309	0.01812	0.05752	0.15559	0.40199	0.16917	0.01508	0.01909	0.01135	0.05255	0.00921	0.00555	0.00567	0.00165	0.00786	0.00570	0.00327	0.00713
9	0.01001	0.00515	0.00518	0.00507	0.00637	0.00519	0.00383	0.03490	0.01133	0.01982	0.01685	0.01921	0.01321	0.00607	0.00369	0.00122	0.00253	0.00485	0.82054	0.00497
10	0.00859	0.00580	0.00649	0.00645	0.00656	0.00569	0.00371	0.00837	0.00825	0.01112	0.01721	0.03474	0.01954	0.78639	0.04526	0.00525	0.00559	0.00779	0.00347	0.00373
11	0.00737	0.00532	0.00696	0.00655	0.00778	0.00491	0.00491	0.00983	0.01474	0.02088	0.78175	0.03890	0.04914	0.01065	0.00614	0.00164	0.00246	0.00942	0.00573	0.00491
12	0.01000	0.00930	0.01310	0.01162	0.01190	0.01252	0.00945	0.01128	0.00806	0.01225	0.00951	0.01546	0.00940	0.06867	0.24463	0.00423	0.52586	0.00504	0.00248	0.00523
13	0.01945	0.02482	0.01476	0.01342	0.01610	0.79608	0.01006	0.02079	0.01476	0.01275	0.00805	0.00939	0.00671	0.00537	0.00470	0.00134	0.00939	0.00335	0.00268	0.00604
14	0.00710	0.00490	0.00577	0.00615	0.00636	0.00475	0.00374	0.00746	0.00860	0.01136	0.02259	0.28184	0.07188	0.51296	0.01894	0.00391	0.00426	0.01008	0.00379	0.00357
15	0.00971	0.00485	0.00485	0.00485	0.00607	0.00485	0.00364	0.01213	0.01092	0.01942	0.01699	0.01942	0.01335	0.00607	0.00364	0.00121	0.00243	0.00485	0.84589	0.00485
16	0.01080	0.00926	0.01080	0.00771	0.01234	0.00694	0.00617	0.01311	0.01080	0.01697	0.00926	0.01080	0.00771	0.00386	0.00386	0.00077	0.00386	0.00309	0.00309	0.84882
17	0.00738	0.00528	0.00678	0.00793	0.00832	0.00484	0.00528	0.00802	0.01059	0.01422	0.02938	0.80269	0.03495	0.01679	0.00704	0.00228	0.00338	0.01496	0.00514	0.00476
18	0.01898	0.00809	0.01063	0.00860	0.01199	0.00709	0.00705	0.03596	0.01438	0.57104	0.04478	0.02638	0.14561	0.00822	0.00555	0.00169	0.00413	0.05607	0.00602	0.00774
19	0.00763	0.00509	0.00588	0.00588	0.00599	0.00516	0.00345	0.00786	0.00775	0.01056	0.01622	0.03248	0.01826	0.72667	0.08968	0.00520	0.00570	0.00732	0.02987	0.00333
20	0.00755	0.00514	0.00614	0.00614	0.00630	0.00530	0.00373	0.00787	0.00771	0.01044	0.01599	0.03174	0.01792	0.68322	0.15888	0.00562	0.00658	0.00723	0.00309	0.00341
21	0.06252	0.47643	0.02195	0.01049	0.01340	0.03420	0.00957	0.03372	0.01008	0.01352	0.00726	0.00946	0.00673	0.00604	0.00783	0.00153	0.26313	0.00342	0.00239	0.00635
22	0.01505	0.06490	0.19660	0.01805	0.21097	0.01220	0.10777	0.09537	0.01351	0.17192	0.01203	0.01318	0.00870	0.00517	0.00510	0.00156	0.00635	0.00461	0.00353	0.03341
23	0.03459	0.09983	0.03987	0.01260	0.05460	0.03502	0.05642	0.22490	0.06350	0.23840	0.01370	0.01377	0.00975	0.00611	0.00600	0.00161	0.07213	0.00469	0.00451	0.00800
24	0.83240	0.01005	0.00786	0.02704	0.01072	0.01168	0.00586	0.01526	0.00890	0.02311	0.00730	0.00860	0.00567	0.00484	0.00327	0.00161	0.00410	0.00287	0.00320	0.00564
25	0.03699	0.01081	0.01715	0.44318	0.29996	0.03357	0.01433	0.01443	0.01102	0.01505	0.02494	0.01367	0.00821	0.00522	0.00549	0.00167	0.03051	0.00464	0.00251	0.00664
26	0.01945	0.02482	0.01476	0.01342	0.01610	0.79608	0.01006	0.02079	0.01476	0.01275	0.00805	0.00939	0.00671	0.00537	0.00470	0.00134	0.00939	0.00335	0.00268	0.00604
27	0.00629	0.00516	0.00554	0.00570	0.00718	0.00441	0.00418	0.00764	0.01181	0.01453	0.11128	0.17017	0.60113	0.01347	0.00623	0.00180	0.00268	0.01146	0.00491	0.00441
28	0.01295	0.01119	0.01178	0.01060	0.01354	0.01295	0.00824	0.02767	0.77509	0.02178	0.02120	0.01943	0.01590	0.00707	0.00530	0.00177	0.00412	0.00589	0.00530	0.00824
29	0.01080	0.00926	0.01080	0.00771	0.01234	0.00694	0.00617	0.01311	0.01080	0.01697	0.00926	0.01080	0.00771	0.00386	0.00386	0.00077	0.00386	0.00309	0.00309	0.84882
30	0.03210	0.06124	0.01532	0.01130	0.01523	0.07660	0.00932	0.52375	0.04477	0.11860	0.01310	0.01296	0.00932	0.00610	0.00500	0.00152	0.00570	0.00455	0.02519	0.00834
31	0.01050	0.02603	0.74490	0.01477	0.02202	0.01232	0.01878	0.01626	0.01082	0.01626	0.00920	0.01102	0.00661	0.00519	0.00566	0.00169	0.05429	0.00389	0.00220	0.00758
32	0.00638	0.00459	0.00599	0.00709	0.00746	0.00427	0.00473	0.00727	0.00999	0.01323	0.02957	0.74655	0.07375	0.04324	0.00729	0.00220	0.00307	0.01436	0.00478	0.00420
33	0.01294	0.01232	0.02075	0.04866	0.73993	0.01243	0.01570	0.02953	0.02588	0.01730	0.01004	0.01302	0.00837	0.00473	0.00516	0.00156	0.00616	0.00466	0.00267	0.00820
34	0.83393	0.01018	0.00784	0.00697	0.01022	0.01179	0.00574	0.03319	0.00923	0.02359	0.00738	0.00856	0.00572	0.00487	0.00327	0.00161	0.00407	0.00286	0.00327	0.00572
35	0.01305	0.17312	0.06415	0.01391	0.15402	0.02903	0.03252	0.04368	0.11204	0.05382	0.02757	0.02925	0.01028	0.00526	0.00455	0.00132	0.00520	0.00435	0.00336	0.21954
36	0.01183	0.00782	0.05282	0.00909	0.01118	0.00739	0.00761	0.02639	0.01045	0.20600	0.01561	0.04266	0.01307	0.02720	0.50247	0.00589	0.02718	0.00564	0.00376	0.00595
37	0.01275	0.01223	0.02088	0.06807	0.74951	0.01234	0.01591	0.01586	0.01179	0.01684	0.00977	0.01294	0.00819	0.00467	0.00516	0.00156	0.00622	0.00464	0.00257	0.00813
38	0.18489	0.01204	0.01719	0.06388	0.21932	0.03000	0.13505	0.08550	0.09774	0.08708	0.01178	0.01328	0.00886	0.00526	0.00495	0.00163	0.00587	0.00468	0.00358	0.00743
39	0.01058	0.01668	0.29362	0.06696	0.09748	0.01134	0.23940	0.01478	0.01136	0.01586	0.01492	0.06277	0.08262	0.00634	0.00594	0.00173	0.03198	0.00600	0.00278	0.00685
40	0.00640	0.00511	0.00575	0.00604	0.00736	0.00446	0.00441	0.00778	0.01172	0.01468	0.12727	0.24148	0.49026	0.01373	0.00631	0.00185	0.00278	0.03326	0.00493	0.00442
41	0.19576	0.01098	0.01917	0.24753	0.02437	0.01163	0.31476	0.01460	0.01079	0.01687	0.01095	0.07914	0.00933	0.00572	0.00527	0.00175	0.00672	0.00569	0.00285	0.00612
42	0.01404	0.37260	0.09170	0.01402	0.13837	0.03616	0.01115	0.08675	0.09698	0.03028	0.01011	0.01131	0.00827	0.00531	0.00503	0.00143	0.05228	0.00386	0.00299	0.00737
43	0.00910	0.00696	0.00843	0.02089	0.05443	0.02356	0.00625	0.03051	0.05958	0.05343	0.18794	0.16511	0.22335	0.03635	0.02276	0.00202	0.01675	0.04685	0.02037	0.00534
44	0.04053	0.00665	0.00692	0.00620	0.00807	0.00685	0.00484	0.11974	0.01301	0.06877	0.01624	0.01796	0.01242	0.00607	0.00395	0.00130	0.00307	0.00479	0.64691	0.00569
45	0.00878	0.01054	0.16619	0.00936	0.01157	0.02695	0.00833	0.08021	0.01160	0.01568	0.02250	0.54015	0.02540	0.02896	0.00652	0.00201	0.00442	0.01121	0.00425	0.00539
46	0.04979	0.18365	0.25678	0.09467	0.10977	0.01400	0.12131	0.03902	0.01142	0.01608	0.00963	0.01279	0.00777	0.00517	0.00511	0.00158	0.02490	0.02692	0.00254	0.00707
47	0.01492	0.00868	0.01098	0.03331	0.01270	0.00913	0.00761	0.03920	0.22170	0.28373	0.06346	0.02017	0.01567	0.03961	0.17446	0.00322	0.02350	0.00576	0.00496	0.00722
48	0.00667	0.00481	0.00628	0.00736	0.00775	0.00459	0.00497	0.00801	0.03375	0.01348	0.02787	0.73004	0.03302	0.05257	0.00753	0.00225	0.00320	0.03674	0.00477	0.00432
49	0.01347	0.18621	0.40719	0.01182	0.01749	0.01231	0.01352	0.01739	0.01172	0.17251	0.02888	0.06291	0.01055	0.00599	0.00481	0.00156	0.00618	0.00472	0.00331	0.00745
50	0.01251	0.03176	0.22470	0.06831	0.24845	0.01168	0.05261	0.07854	0.04917	0.06019	0.02539	0.06236	0.02372	0.00622	0.00529	0.00166	0.00619	0.02044	0.00328	0.00751
51	0.01506	0.01366	0.14459	0.01551	0.02036	0.01048	0.33916	0.01866	0.01273	0.26416	0.01507	0.08111	0.01150	0.00613	0.00570	0.00172	0.00673	0.00620	0.00397	0.00749
52	0.00634	0.00465	0.00596	0.00696	0.00749	0.00427	0.00471	0.00734	0.01034	0.01357	0.04883	0.68928	0.13966	0.01575	0.00657	0.00205	0.00295	0.01415	0.00485	0.00427
53	0.01187	0.11226	0.10613	0.03325	0.04584	0.05584	0.13835	0.01593	0.09680	0.03870	0.04291	0.05698	0.06207	0.02480	0.00742	0.00180	0.11824	0.02100	0.00331	0.00651
54	0.00644	0.00466	0.00609	0.00705	0.00755	0.00431	0.00479	0.00755	0.01061	0.01417	0.11209	0.68194	0.08247	0.01550	0.00656	0.00204	0.00294	0.01398	0.00493	0.00431
55	0.00656	0.00473	0.00612	0.00702	0.00752	0.00441	0.00478	0.00762	0.01043	0.01387	0.09416	0.61798	0.08968	0.06592	0.00783	0.00224	0.00313	0.03692	0.00480	0.00425
56	0.06563	0.05352	0.06404	0.09746	0.34190	0.06999	0.18259	0.01602	0.01169	0.01633	0.00988	0.02945	0.00816	0.00496	0.00516	0.00160	0.00692	0.00485	0.00262	0.00722
57	0.01077	0.00894	0.01033	0.00756	0.01185	0.00693	0.00602	0.01343	0.03184	0.01730	0.01023	0.01175	0.00841	0.00413	0.00388	0.00084	0.00375	0.00331	0.07311	0.75563
58	0.01164	0.07424	0.23843	0.07493	0.14096	0.01293	0.20418	0.01677	0.08236	0.01635	0.01129	0.03107	0.00907	0.00549	0.00573	0.00168	0.03580	0.01704	0.00277	0.00726
59	0.00684	0.00529	0.00615	0.00598	0.00732	0.00477	0.00440	0.00854	0.01250	0.01642	0.34821	0.04266	0.37489	0.08663	0.04452	0.00231	0.00331	0.00978	0.00496	0.00451
60	0.00671	0.00519	0.00612	0.00611	0.00743	0.00460	0.00450	0.00847	0.01287	0.01695	0.36898	0.15049	0.35783	0.01251	0.00622	0.00175	0.00261	0.01083	0.00523	0.00460
61	0.00710	0.00531	0.00658	0.00626	0.00761	0.00480	0.00470	0.00930	0.01409	0.01935	0.61728	0.04143	0.21456	0.01122	0.00614	0.00167	0.00250	0.00977	0.00553	0.00480
62	0.02033	0.01056	0.01288	0.00984	0.01390	0.01009	0.00809	0.25058	0.01734	0.44368	0.03768	0.01588	0.01204	0.00619	0.00509	0.00150	0.00471	0.00493	0.00565	0.10904
63	0.00700	0.00531	0.00644	0.00616	0.00755	0.00475	0.00462	0.00910	0.01386	0.01878	0.55717	0.04236	0.27503	0.01143	0.00615	0.00168	0.00251	0.00990	0.00546	0.00475
64	0.85377	0.01007	0.00765	0.00685	0.01007	0.01168	0.00564	0.01531	0.00886	0.02336	0.00725	0.00846	0.00564	0.00483	0.00322	0.00161	0.00403	0.00282	0.00322	0.00564
65	0.01265	0.20767	0.23121	0.26693	0.04011	0.04116	0.01372	0.05946	0.01185	0.05522	0.00954	0.01172	0.00722	0.00507	0.00468	0.00153	0.00669	0.00397	0.00266	0.00692
66	0.00753	0.00552	0.00828	0.00828	0.00915	0.00639	0.00639	0.00915	0.00828	0.01191	0.01366	0.02019	0.01279	0.03784	0.75113	0.05732	0.01340	0.00552	0.00276	0.00451
67	0.00863	0.00652	0.00778	0.00736	0.00897	0.00657	0.00565	0.01350	0.16840	0.02023	0.48842	0.03561	0.08550	0.01001	0.00588	0.00169	0.00294	0.05237	0.05840	0.00555
68	0.01065	0.01671	0.30750	0.05697	0.03545	0.06715	0.01294	0.01374	0.00991	0.01390	0.01064	0.03051	0.00980	0.12569	0.05053	0.00263	0.19674	0.01992	0.00254	0.00608
69	0.08432	0.32388	0.02024	0.03675	0.06203	0.01511	0.09551	0.06158	0.11557	0.07188	0.01294	0.01454	0.03302	0.00566	0.00452	0.00148	0.00551	0.02497	0.00342	0.00707
70	0.01268	0.00918	0.05677	0.26432	0.01947	0.00883	0.00984	0.02759	0.06366	0.19007	0.05764	0.03801	0.07387	0.00755	0.00539	0.00172	0.00503	0.06781	0.07413	0.00646
71	0.00671	0.00491	0.00633	0.00694	0.00771	0.00453	0.00492	0.00818	0.01164	0.01567	0.24767	0.47187	0.12123	0.01425	0.00647	0.00195	0.00290	0.04656	0.00509	0.00447
72	0.01298	0.01268	0.02098	0.05491	0.72287	0.03581	0.03126	0.01606	0.01191	0.01677	0.00974	0.01284	0.00816	0.00467	0.00516	0.00155	0.00636	0.00463	0.00257	0.00808
73	0.07825	0.01162	0.05795	0.29075	0.12501	0.03579	0.03551	0.05125	0.08934	0.05915	0.03773	0.03771	0.01056	0.00610	0.00579	0.00171	0.05070	0.00507	0.00329	0.00674

[dist]
# distance from previous block
# <min> <max>
5	12

[block]
# block no. 6 follows, 47 sequences, length 34
# corresponding to MSA columns:
# 358-391
name=unknown_G
#
# <colnr> <probs for GDERKNQSTAVLIFYWHMCP>
#	G	D	E	R	K	N	Q	S	T	A	V	L	I	F	Y	W	H	M	C	P
0	0.05783	0.01009	0.01346	0.16894	0.15073	0.01086	0.01009	0.16996	0.06411	0.06533	0.11098	0.04772	0.05169	0.00696	0.00526	0.00163	0.00502	0.00592	0.02335	0.02008
1	0.00852	0.00696	0.00835	0.00790	0.00933	0.00739	0.00601	0.01291	0.16593	0.01804	0.32431	0.13741	0.16865	0.01099	0.00707	0.00181	0.07867	0.00925	0.00504	0.00547
2	0.00831	0.00647	0.00881	0.00990	0.06915	0.00687	0.00683	0.02906	0.01061	0.01473	0.03948	0.32927	0.09226	0.03076	0.09276	0.00272	0.08630	0.08314	0.06760	0.00497
3	0.01030	0.00812	0.01228	0.32533	0.15837	0.00907	0.01031	0.01356	0.03322	0.01642	0.01320	0.04551	0.01076	0.00588	0.00469	0.00153	0.00496	0.00513	0.30546	0.00591
4	0.00679	0.00491	0.00651	0.00764	0.00824	0.00463	0.00556	0.00805	0.01054	0.01385	0.03005	0.59563	0.08308	0.01568	0.00674	0.00215	0.00339	0.17736	0.00483	0.00437
5	0.01241	0.03458	0.01283	0.01063	0.08243	0.00872	0.00775	0.01464	0.01106	0.09480	0.01018	0.01167	0.00818	0.00467	0.00527	0.00107	0.07505	0.00357	0.00328	0.58722
6	0.01139	0.01139	0.01595	0.01367	0.01367	0.01595	0.01139	0.01253	0.00798	0.01253	0.00684	0.01139	0.00684	0.00911	0.01709	0.00228	0.80745	0.00456	0.00228	0.00570
7	0.01080	0.00926	0.01080	0.00771	0.01234	0.00694	0.00617	0.01311	0.01080	0.01697	0.00926	0.01080	0.00771	0.00386	0.00386	0.00077	0.00386	0.00309	0.00309	0.84882
8	0.01980	0.01459	0.01563	0.01198	0.01615	0.01615	0.00990	0.76713	0.02448	0.03282	0.01250	0.01250	0.00886	0.00625	0.00521	0.00156	0.00573	0.00469	0.00521	0.00886
9	0.01068	0.00910	0.01068	0.00781	0.01227	0.00690	0.00628	0.01300	0.01086	0.01690	0.01015	0.01315	0.00880	0.00437	0.00402	0.00085	0.00390	0.03963	0.00317	0.80749
10	0.00983	0.00926	0.01562	0.80447	0.03587	0.01157	0.01446	0.01331	0.01041	0.01331	0.00926	0.01388	0.00694	0.00521	0.00521	0.00174	0.00694	0.00463	0.00231	0.00579
11	0.01929	0.01276	0.01423	0.01102	0.01490	0.01366	0.00906	0.57034	0.02195	0.16238	0.08347	0.01579	0.01320	0.00668	0.00530	0.00158	0.00521	0.00521	0.00547	0.00850
12	0.00829	0.00573	0.00748	0.02910	0.00932	0.00530	0.00550	0.01024	0.03358	0.06097	0.21621	0.45390	0.03320	0.01261	0.00611	0.00182	0.00318	0.01129	0.00494	0.08122
13	0.10170	0.02268	0.01426	0.01327	0.03619	0.67713	0.00982	0.01991	0.01392	0.01391	0.00799	0.00944	0.00665	0.00539	0.00488	0.00140	0.02933	0.00337	0.00272	0.00605
14	0.01945	0.02482	0.01476	0.01342	0.01610	0.79608	0.01006	0.02079	0.01476	0.01275	0.00805	0.00939	0.00671	0.00537	0.00470	0.00134	0.00939	0.00335	0.00268	0.00604
15	0.01379	0.01335	0.01579	0.01311	0.01641	0.10865	0.15032	0.02439	0.50777	0.03418	0.01726	0.01698	0.01302	0.00639	0.00564	0.00172	0.02351	0.00558	0.00444	0.00770
16	0.01820	0.06527	0.01583	0.01491	0.09726	0.65000	0.01045	0.01977	0.01412	0.01335	0.00844	0.00998	0.00705	0.00526	0.00464	0.00135	0.00866	0.00350	0.02567	0.00627
17	0.00905	0.00452	0.00678	0.00678	0.00678	0.00452	0.00452	0.00678	0.00678	0.00905	0.00905	0.01583	0.00905	0.01809	0.02035	0.84848	0.00452	0.00452	0.00226	0.00226
18	0.01363	0.07398	0.01309	0.00895	0.01316	0.06768	0.00731	0.07966	0.01253	0.08853	0.01024	0.01131	0.00810	0.00465	0.00459	0.00104	0.03306	0.00347	0.00345	0.54157
19	0.01088	0.04931	0.70338	0.01528	0.03812	0.03029	0.04876	0.01656	0.01114	0.01630	0.00931	0.01104	0.00669	0.00491	0.00495	0.00163	0.00769	0.00391	0.00224	0.00761
20	0.01251	0.01352	0.09039	0.07149	0.67577	0.01231	0.01620	0.01589	0.01170	0.01677	0.00973	0.01277	0.00803	0.00470	0.00514	0.00157	0.00636	0.00457	0.00253	0.00807
21	0.02336	0.00886	0.01209	0.00927	0.01329	0.00765	0.00765	0.02538	0.01491	0.78810	0.02055	0.01773	0.01289	0.00645	0.00524	0.00161	0.00443	0.00524	0.00645	0.00886
22	0.01181	0.05769	0.20586	0.13499	0.28221	0.01279	0.15484	0.01631	0.04312	0.01624	0.01009	0.01283	0.00784	0.00484	0.00521	0.00162	0.00702	0.00468	0.00255	0.00745
23	0.03085	0.02789	0.08100	0.06184	0.17662	0.00992	0.05651	0.05094	0.03707	0.24725	0.05220	0.07381	0.05697	0.00695	0.00536	0.00165	0.00526	0.00610	0.00432	0.00746
