[name]
unknown

[dist]
# distance from previous block
# <min> <max>
0	249

[block]
# block no. 0 follows, 51 sequences, length 6
# corresponding to MSA columns:
# 259-264
name=unknown_A
#
# <colnr> <probs for GDERKNQSTAVLIFYWHMCP>
#	G	D	E	R	K	N	Q	S	T	A	V	L	I	F	Y	W	H	M	C	P
0	0.00682	0.00530	0.00638	0.00693	0.00833	0.00487	0.00574	0.00855	0.01125	0.01396	0.03842	0.05119	0.42807	0.01299	0.00628	0.00195	0.00346	0.37064	0.00455	0.00433
1	0.00715	0.00476	0.00536	0.00536	0.00536	0.00476	0.00298	0.00715	0.00715	0.00953	0.01548	0.03216	0.01787	0.82729	0.02501	0.00476	0.00476	0.00715	0.00298	0.00298
2	0.86201	0.00950	0.00722	0.00646	0.00950	0.01102	0.00532	0.01445	0.00836	0.02205	0.00684	0.00798	0.00532	0.00456	0.00304	0.00152	0.00380	0.00266	0.00304	0.00532
3	0.01365	0.01185	0.01574	0.35208	0.02388	0.05036	0.07951	0.30431	0.06422	0.02028	0.01066	0.01275	0.00784	0.00534	0.00498	0.00156	0.00621	0.00453	0.00344	0.00682
4	0.06426	0.01320	0.01979	0.01478	0.01894	0.05864	0.33412	0.25981	0.05856	0.09075	0.01162	0.01283	0.00839	0.00509	0.00516	0.00156	0.00654	0.00494	0.00375	0.00727
5	0.09292	0.01343	0.01318	0.01055	0.01412	0.10486	0.00856	0.44727	0.08876	0.13821	0.01272	0.01243	0.00901	0.00578	0.00471	0.00148	0.00535	0.00430	0.00465	0.00773

[dist]
# distance from previous block
# <min> <max>
1	7

[block]
# block no. 1 follows, 51 sequences, length 18
# corresponding to MSA columns:
# 272-289
name=unknown_B
#
# <colnr> <probs for GDERKNQSTAVLIFYWHMCP>
#	G	D	E	R	K	N	Q	S	T	A	V	L	I	F	Y	W	H	M	C	P
0	0.26560	0.01297	0.01240	0.00990	0.01348	0.06362	0.00811	0.48642	0.01795	0.04937	0.01030	0.01064	0.00745	0.00546	0.00434	0.00148	0.00512	0.00384	0.00425	0.00730
1	0.32768	0.01489	0.01148	0.00977	0.01289	0.25330	0.00776	0.24853	0.01460	0.02149	0.00971	0.01045	0.02740	0.00533	0.00410	0.00143	0.00579	0.00355	0.00350	0.00633
2	0.15603	0.01630	0.01325	0.01097	0.01429	0.27918	0.00874	0.40139	0.01764	0.02319	0.00959	0.01020	0.00719	0.00540	0.00445	0.00141	0.00630	0.00372	0.00381	0.00697
3	0.01520	0.01300	0.01465	0.30653	0.02206	0.10211	0.01094	0.41364	0.01721	0.02210	0.01021	0.01195	0.00747	0.00544	0.00486	0.00151	0.00621	0.00426	0.00365	0.00700
4	0.01557	0.01877	0.01434	0.01275	0.01435	0.51677	0.00996	0.01676	0.01158	0.01195	0.00718	0.00956	0.00637	0.00636	0.00872	0.00159	0.30587	0.00358	0.00239	0.00558
5	0.00750	0.00572	0.00788	0.00974	0.09580	0.00558	0.00605	0.05799	0.01050	0.01413	0.02410	0.68069	0.02818	0.01355	0.00603	0.00190	0.00335	0.01228	0.00435	0.00470
6	0.00674	0.00494	0.00633	0.00615	0.00725	0.00452	0.00455	0.00880	0.01316	0.01832	0.64098	0.12557	0.11263	0.01086	0.00585	0.00161	0.00239	0.00959	0.00524	0.00452
7	0.00986	0.02542	0.80183	0.01401	0.02127	0.01141	0.01816	0.01556	0.01038	0.01556	0.00882	0.01038	0.00623	0.00467	0.00467	0.00156	0.00726	0.00363	0.00208	0.00726
8	0.00715	0.00476	0.00536	0.00536	0.00536	0.00476	0.00298	0.00715	0.00715	0.00953	0.01548	0.03216	0.01787	0.82729	0.02501	0.00476	0.00476	0.00715	0.00298	0.00298
9	0.00979	0.00925	0.01566	0.67681	0.16854	0.01105	0.01390	0.01300	0.01007	0.01317	0.00882	0.01294	0.00677	0.00482	0.00490	0.00161	0.00643	0.00437	0.00223	0.00587
10	0.02205	0.00836	0.01140	0.00874	0.01254	0.00722	0.00722	0.02395	0.01407	0.80004	0.01939	0.01673	0.01216	0.00608	0.00494	0.00152	0.00418	0.00494	0.00608	0.00836
11	0.86201	0.00950	0.00722	0.00646	0.00950	0.01102	0.00532	0.01445	0.00836	0.02205	0.00684	0.00798	0.00532	0.00456	0.00304	0.00152	0.00380	0.00266	0.00304	0.00532
12	0.00928	0.00873	0.01474	0.81548	0.03385	0.01092	0.01365	0.01256	0.00983	0.01256	0.00873	0.01310	0.00655	0.00491	0.00491	0.00164	0.00655	0.00437	0.00218	0.00546
13	0.00792	0.00566	0.00792	0.00905	0.01018	0.00566	0.00792	0.01018	0.01131	0.01471	0.02602	0.05543	0.02828	0.01358	0.00679	0.00226	0.00453	0.76356	0.00453	0.00453
14	0.01819	0.02192	0.01393	0.01242	0.01512	0.69291	0.00942	0.10475	0.04044	0.01442	0.00847	0.00950	0.00684	0.00521	0.00450	0.00130	0.00831	0.00338	0.00288	0.00606
15	0.00718	0.00512	0.00701	0.00810	0.00888	0.00501	0.00651	0.00884	0.01046	0.01373	0.02604	0.33807	0.02947	0.04322	0.00725	0.00225	0.00392	0.46020	0.00448	0.00427
16	0.00665	0.00501	0.00615	0.00586	0.00715	0.00451	0.00440	0.00868	0.01319	0.01799	0.59570	0.03953	0.24579	0.01069	0.00580	0.00158	0.00236	0.00928	0.00518	0.00451
17	0.48513	0.15818	0.01230	0.00847	0.01158	0.22682	0.00699	0.01589	0.01015	0.01750	0.00704	0.00820	0.00577	0.00463	0.00343	0.00137	0.00542	0.00279	0.00274	0.00560

[dist]
# distance from previous block
# <min> <max>
0	9

[block]
# block no. 2 follows, 51 sequences, length 101
# corresponding to MSA columns:
# 299-399
name=unknown_C
#
# <colnr> <probs for GDERKNQSTAVLIFYWHMCP>
#	G	D	E	R	K	N	Q	S	T	A	V	L	I	F	Y	W	H	M	C	P
0	0.01216	0.01168	0.01995	0.03016	0.79664	0.01168	0.01508	0.01508	0.01119	0.01605	0.00924	0.01216	0.00778	0.00438	0.00487	0.00146	0.00584	0.00438	0.00243	0.00778
1	0.00792	0.00566	0.00792	0.00905	0.01018	0.00566	0.00792	0.01018	0.01131	0.01471	0.02602	0.05543	0.02828	0.01358	0.00679	0.00226	0.00453	0.76356	0.00453	0.00453
2	0.00696	0.00502	0.00657	0.00618	0.00734	0.00464	0.00464	0.00927	0.01391	0.01971	0.79405	0.03671	0.04637	0.01005	0.00580	0.00155	0.00232	0.00889	0.00541	0.00464
3	0.01075	0.01075	0.01505	0.01290	0.01290	0.01505	0.01075	0.01183	0.00753	0.01183	0.00645	0.01075	0.00645	0.00860	0.01613	0.00215	0.81830	0.00430	0.00215	0.00538
4	0.01135	0.00870	0.01031	0.00742	0.01173	0.00662	0.00596	0.01350	0.01057	0.09247	0.00977	0.01083	0.00776	0.00388	0.00377	0.00081	0.00369	0.00311	0.00322	0.77454
5	0.01314	0.83025	0.02575	0.00841	0.01261	0.01945	0.00841	0.01472	0.00999	0.01156	0.00683	0.00788	0.00631	0.00420	0.00315	0.00105	0.00526	0.00263	0.00210	0.00631
6	0.01692	0.01532	0.01316	0.01175	0.04566	0.28696	0.00885	0.16605	0.22008	0.12984	0.01343	0.01320	0.00991	0.00574	0.00475	0.00145	0.00601	0.00433	0.00414	0.02245
7	0.00931	0.00877	0.01475	0.79968	0.03343	0.01100	0.01359	0.01254	0.00978	0.01254	0.00869	0.01306	0.00655	0.00499	0.00513	0.00165	0.02254	0.00437	0.00218	0.00546
8	0.01216	0.01168	0.01995	0.03016	0.79664	0.01168	0.01508	0.01508	0.01119	0.01605	0.00924	0.01216	0.00778	0.00438	0.00487	0.00146	0.00584	0.00438	0.00243	0.00778
9	0.86201	0.00950	0.00722	0.00646	0.00950	0.01102	0.00532	0.01445	0.00836	0.02205	0.00684	0.00798	0.00532	0.00456	0.00304	0.00152	0.00380	0.00266	0.00304	0.00532
10	0.00649	0.00465	0.00610	0.00709	0.00753	0.00444	0.00487	0.03261	0.00995	0.01325	0.02653	0.76351	0.03152	0.01500	0.00625	0.00199	0.00301	0.04649	0.00457	0.00416
11	0.00687	0.00496	0.00649	0.00624	0.00732	0.00458	0.00463	0.00906	0.01351	0.01907	0.72547	0.10711	0.04513	0.01052	0.00584	0.00159	0.00237	0.00934	0.00533	0.00458
12	0.00702	0.00525	0.00784	0.00784	0.00869	0.00611	0.00606	0.00874	0.00788	0.01136	0.01322	0.01962	0.01242	0.05628	0.78858	0.00782	0.01296	0.00531	0.00264	0.00435
13	0.00707	0.00514	0.00683	0.00741	0.00843	0.00490	0.00592	0.00899	0.01172	0.01568	0.26092	0.19952	0.09828	0.01277	0.00630	0.00194	0.00336	0.32559	0.00480	0.00442
14	0.00997	0.00827	0.00972	0.00909	0.01105	0.00959	0.00707	0.01861	0.45026	0.01660	0.01704	0.01876	0.01383	0.01973	0.35244	0.00436	0.00790	0.00543	0.00398	0.00631
15	0.01219	0.01330	0.02781	0.01993	0.02482	0.01266	0.71484	0.07928	0.01256	0.01701	0.01010	0.01313	0.00753	0.00429	0.00573	0.00164	0.00805	0.00569	0.00269	0.00677
16	0.09065	0.01107	0.01267	0.00979	0.01359	0.01142	0.00809	0.38892	0.01796	0.36306	0.01467	0.01361	0.00975	0.00587	0.00477	0.00150	0.00474	0.00450	0.00526	0.00811
17	0.01155	0.45310	0.37385	0.01088	0.01640	0.01556	0.01271	0.01499	0.01024	0.01351	0.02278	0.00955	0.00704	0.00452	0.00388	0.00129	0.00610	0.00320	0.00215	0.00670
18	0.01314	0.83025	0.02575	0.00841	0.01261	0.01945	0.00841	0.01472	0.00999	0.01156	0.00683	0.00788	0.00631	0.00420	0.00315	0.00105	0.00526	0.00263	0.00210	0.00631
19	0.86201	0.00950	0.00722	0.00646	0.00950	0.01102	0.00532	0.01445	0.00836	0.02205	0.00684	0.00798	0.00532	0.00456	0.00304	0.00152	0.00380	0.00266	0.00304	0.00532
20	0.00599	0.00428	0.00570	0.00684	0.00713	0.00399	0.00456	0.00684	0.00941	0.01254	0.02709	0.82409	0.03250	0.01540	0.00627	0.00200	0.00285	0.01397	0.00456	0.00399
21	0.00754	0.00583	0.00716	0.00771	0.00916	0.00567	0.00644	0.01041	0.07580	0.01469	0.03383	0.04950	0.29515	0.01261	0.00630	0.00200	0.00376	0.43720	0.00458	0.00466
22	0.01075	0.01075	0.01505	0.01290	0.01290	0.01505	0.01075	0.01183	0.00753	0.01183	0.00645	0.01075	0.00645	0.00860	0.01613	0.00215	0.81830	0.00430	0.00215	0.00538
23	0.00715	0.00476	0.00536	0.00536	0.00536	0.00476	0.00298	0.00715	0.00715	0.00953	0.01548	0.03216	0.01787	0.82729	0.02501	0.00476	0.00476	0.00715	0.00298	0.00298
24	0.00916	0.00458	0.00458	0.00458	0.00573	0.00458	0.00344	0.01145	0.01031	0.01832	0.01603	0.01832	0.01260	0.00573	0.00344	0.00115	0.00229	0.00458	0.85457	0.00458
25	0.00854	0.00427	0.00640	0.00640	0.00640	0.00427	0.00427	0.00640	0.00640	0.00854	0.00854	0.01494	0.00854	0.01707	0.01921	0.85702	0.00427	0.00427	0.00213	0.00213
26	0.01216	0.01168	0.01995	0.03016	0.79664	0.01168	0.01508	0.01508	0.01119	0.01605	0.00924	0.01216	0.00778	0.00438	0.00487	0.00146	0.00584	0.00438	0.00243	0.00778
27	0.01338	0.79260	0.02520	0.00861	0.01273	0.05622	0.00846	0.01494	0.01017	0.01158	0.00687	0.00793	0.00631	0.00424	0.00321	0.00106	0.00542	0.00265	0.00212	0.00628
28	0.00928	0.00873	0.01474	0.81548	0.03385	0.01092	0.01365	0.01256	0.00983	0.01256	0.00873	0.01310	0.00655	0.00491	0.00491	0.00164	0.00655	0.00437	0.00218	0.00546
29	0.01245	0.01051	0.01112	0.00997	0.01277	0.01211	0.00777	0.02606	0.76973	0.03872	0.01999	0.01830	0.01494	0.00665	0.00500	0.00166	0.00390	0.00554	0.00503	0.00779
30	0.01642	0.01249	0.01336	0.01078	0.01429	0.01397	0.00873	0.49085	0.29950	0.04410	0.01493	0.01427	0.01084	0.00618	0.00495	0.00155	0.00483	0.00485	0.00497	0.00815
31	0.82264	0.01015	0.00754	0.00675	0.00977	0.04819	0.00552	0.01469	0.00862	0.02158	0.00688	0.00802	0.00537	0.00459	0.00311	0.00151	0.00404	0.00268	0.00302	0.00534
32	0.01341	0.01381	0.01710	0.02291	0.49446	0.17066	0.01260	0.01805	0.15655	0.01609	0.01092	0.01265	0.00884	0.00494	0.00480	0.00146	0.00608	0.00436	0.00293	0.00737
33	0.00673	0.00497	0.00628	0.00605	0.00722	0.00452	0.00450	0.00880	0.01323	0.01831	0.63665	0.08718	0.15586	0.01073	0.00583	0.00159	0.00238	0.00942	0.00523	0.00452
34	0.00994	0.04604	0.78194	0.01386	0.02105	0.01162	0.01791	0.01554	0.01037	0.01546	0.00877	0.01031	0.00623	0.00466	0.00463	0.00154	0.00721	0.00361	0.00208	0.00724
35	0.01314	0.83025	0.02575	0.00841	0.01261	0.01945	0.00841	0.01472	0.00999	0.01156	0.00683	0.00788	0.00631	0.00420	0.00315	0.00105	0.00526	0.00263	0.00210	0.00631
36	0.01314	0.83025	0.02575	0.00841	0.01261	0.01945	0.00841	0.01472	0.00999	0.01156	0.00683	0.00788	0.00631	0.00420	0.00315	0.00105	0.00526	0.00263	0.00210	0.00631
37	0.00599	0.00428	0.00570	0.00684	0.00713	0.00399	0.00456	0.00684	0.00941	0.01254	0.02709	0.82409	0.03250	0.01540	0.00627	0.00200	0.00285	0.01397	0.00456	0.00399
38	0.00581	0.00498	0.00498	0.00498	0.00664	0.00415	0.00373	0.00705	0.01120	0.01328	0.04978	0.04729	0.79464	0.01245	0.00581	0.00166	0.00249	0.01037	0.00456	0.00415
39	0.00657	0.00483	0.00615	0.00619	0.00720	0.00442	0.00450	0.00839	0.01246	0.01712	0.50983	0.23072	0.14008	0.01167	0.00591	0.00167	0.00247	0.01032	0.00509	0.00442
40	0.00715	0.00476	0.00536	0.00536	0.00536	0.00476	0.00298	0.00715	0.00715	0.00953	0.01548	0.03216	0.01787	0.82729	0.02501	0.00476	0.00476	0.00715	0.00298	0.00298
41	0.01019	0.00873	0.01019	0.00728	0.01165	0.00655	0.00582	0.01237	0.01019	0.01601	0.00873	0.01019	0.00728	0.00364	0.00364	0.00073	0.00364	0.00291	0.00291	0.85734
42	0.01314	0.83025	0.02575	0.00841	0.01261	0.01945	0.00841	0.01472	0.00999	0.01156	0.00683	0.00788	0.00631	0.00420	0.00315	0.00105	0.00526	0.00263	0.00210	0.00631
43	0.01314	0.83025	0.02575	0.00841	0.01261	0.01945	0.00841	0.01472	0.00999	0.01156	0.00683	0.00788	0.00631	0.00420	0.00315	0.00105	0.00526	0.00263	0.00210	0.00631
44	0.00802	0.00468	0.00502	0.00502	0.00552	0.00468	0.00318	0.00901	0.00851	0.01333	0.01572	0.02617	0.01559	0.47174	0.01567	0.00320	0.00369	0.00604	0.37152	0.00367
45	0.00986	0.02542	0.80183	0.01401	0.02127	0.01141	0.01816	0.01556	0.01038	0.01556	0.00882	0.01038	0.00623	0.00467	0.00467	0.00156	0.00726	0.00363	0.00208	0.00726
46	0.00710	0.00496	0.00633	0.00633	0.00667	0.00529	0.00419	0.00777	0.00743	0.01025	0.01460	0.02724	0.01573	0.52465	0.32474	0.00596	0.00798	0.00643	0.00285	0.00352
47	0.01209	0.01157	0.01961	0.04982	0.75892	0.01167	0.01488	0.01527	0.02916	0.01607	0.00948	0.01233	0.00792	0.00445	0.00487	0.00147	0.00581	0.00441	0.00249	0.00772
48	0.01039	0.00987	0.01675	0.51226	0.32837	0.01121	0.01420	0.01353	0.01035	0.01391	0.00893	0.01274	0.00703	0.00471	0.00489	0.00157	0.00628	0.00437	0.00228	0.00636
49	0.00664	0.00489	0.00621	0.00614	0.00721	0.00446	0.00451	0.00856	0.01278	0.01763	0.56457	0.17543	0.14014	0.01129	0.00588	0.00164	0.00243	0.00996	0.00515	0.00446
50	0.01170	0.47646	0.36691	0.01087	0.01642	0.01591	0.01269	0.01509	0.01016	0.01332	0.00771	0.00898	0.00627	0.00441	0.00382	0.00127	0.00614	0.00307	0.00209	0.00673
51	0.01087	0.01189	0.02296	0.01711	0.02093	0.05729	0.54487	0.01426	0.01083	0.01446	0.01059	0.01448	0.00857	0.01220	0.20194	0.00316	0.00951	0.00552	0.00252	0.00603
52	0.00849	0.00471	0.00518	0.00507	0.00622	0.00460	0.00380	0.01079	0.01140	0.01874	0.25177	0.02389	0.02283	0.00703	0.00415	0.00127	0.00230	0.00589	0.59728	0.00460
53	0.01216	0.01168	0.01995	0.03016	0.79664	0.01168	0.01508	0.01508	0.01119	0.01605	0.00924	0.01216	0.00778	0.00438	0.00487	0.00146	0.00584	0.00438	0.00243	0.00778
54	0.01461	0.08262	0.01345	0.01074	0.01367	0.23908	0.00846	0.08951	0.43612	0.01830	0.01466	0.01420	0.01123	0.00594	0.00468	0.00148	0.00555	0.00453	0.00405	0.00712
55	0.86201	0.00950	0.00722	0.00646	0.00950	0.01102	0.00532	0.01445	0.00836	0.02205	0.00684	0.00798	0.00532	0.00456	0.00304	0.00152	0.00380	0.00266	0.00304	0.00532
56	0.00928	0.00873	0.01474	0.81548	0.03385	0.01092	0.01365	0.01256	0.00983	0.01256	0.00873	0.01310	0.00655	0.00491	0.00491	0.00164	0.00655	0.00437	0.00218	0.00546
57	0.00693	0.00502	0.00653	0.00615	0.00733	0.00463	0.00462	0.00922	0.01385	0.01956	0.77679	0.03695	0.06371	0.01010	0.00580	0.00155	0.00232	0.00892	0.00539	0.00463
58	0.00706	0.00512	0.00717	0.00717	0.00779	0.00575	0.00523	0.00831	0.00768	0.01087	0.01383	0.02300	0.01389	0.26390	0.58297	0.00700	0.01075	0.00581	0.00273	0.00398
59	0.00677	0.00488	0.00641	0.00631	0.00730	0.00452	0.00462	0.00882	0.01306	0.01836	0.64977	0.18483	0.04376	0.01105	0.00589	0.00163	0.00242	0.00984	0.00525	0.00452
60	0.00599	0.00428	0.00570	0.00684	0.00713	0.00399	0.00456	0.00684	0.00941	0.01254	0.02709	0.82409	0.03250	0.01540	0.00627	0.00200	0.00285	0.01397	0.00456	0.00399
61	0.01204	0.01155	0.01972	0.06374	0.76402	0.01164	0.01502	0.01497	0.01113	0.01591	0.00922	0.01220	0.00773	0.00440	0.00487	0.00147	0.00587	0.00438	0.00242	0.00768
62	0.00715	0.00476	0.00536	0.00536	0.00536	0.00476	0.00298	0.00715	0.00715	0.00953	0.01548	0.03216	0.01787	0.82729	0.02501	0.00476	0.00476	0.00715	0.00298	0.00298
63	0.01216	0.01168	0.01995	0.03016	0.79664	0.01168	0.01508	0.01508	0.01119	0.01605	0.00924	0.01216	0.00778	0.00438	0.00487	0.00146	0.00584	0.00438	0.00243	0.00778
64	0.01798	0.01342	0.01435	0.01116	0.01497	0.01491	0.00917	0.69804	0.10647	0.02984	0.01269	0.01251	0.00908	0.00598	0.00493	0.00150	0.00524	0.00455	0.00493	0.00829
65	0.01867	0.01422	0.01471	0.01137	0.01524	0.05221	0.00935	0.74476	0.02268	0.03009	0.01160	0.01166	0.00826	0.00586	0.00489	0.00147	0.00557	0.00437	0.00480	0.00823
66	0.01705	0.01401	0.01376	0.01113	0.01463	0.09981	0.00897	0.51223	0.21083	0.02636	0.01337	0.01310	0.00978	0.00600	0.00488	0.00150	0.00540	0.00457	0.00468	0.00793
67	0.00970	0.00942	0.01470	0.77802	0.03298	0.04809	0.01345	0.01289	0.01002	0.01253	0.00868	0.01290	0.00654	0.00492	0.00489	0.00162	0.00666	0.00431	0.00220	0.00547
68	0.00969	0.00916	0.01549	0.70301	0.14309	0.01103	0.01385	0.01292	0.01002	0.01306	0.00881	0.01297	0.00673	0.00484	0.00491	0.00161	0.00645	0.00437	0.00222	0.00579
69	0.00704	0.00505	0.00690	0.00802	0.00879	0.00491	0.00639	0.00868	0.01049	0.01374	0.02693	0.38793	0.04448	0.01434	0.00655	0.00214	0.00376	0.42504	0.00454	0.00429
70	0.00715	0.00476	0.00536	0.00536	0.00536	0.00476	0.00298	0.00715	0.00715	0.00953	0.01548	0.03216	0.01787	0.82729	0.02501	0.00476	0.00476	0.00715	0.00298	0.00298
71	0.00715	0.00476	0.00536	0.00536	0.00536	0.00476	0.00298	0.00715	0.00715	0.00953	0.01548	0.03216	0.01787	0.82729	0.02501	0.00476	0.00476	0.00715	0.00298	0.00298
72	0.00854	0.00427	0.00640	0.00640	0.00640	0.00427	0.00427	0.00640	0.00640	0.00854	0.00854	0.01494	0.00854	0.01707	0.01921	0.85702	0.00427	0.00427	0.00213	0.00213
73	0.00772	0.00551	0.00769	0.00882	0.00987	0.00548	0.00757	0.00984	0.01112	0.01448	0.02613	0.13463	0.02872	0.01376	0.00673	0.00224	0.00435	0.68633	0.00453	0.00447
74	0.01160	0.01326	0.02900	0.02071	0.02568	0.01243	0.77879	0.01574	0.01160	0.01574	0.00994	0.01326	0.00746	0.00414	0.00580	0.00166	0.00829	0.00580	0.00249	0.00663
75	0.00986	0.02542	0.80183	0.01401	0.02127	0.01141	0.01816	0.01556	0.01038	0.01556	0.00882	0.01038	0.00623	0.00467	0.00467	0.00156	0.00726	0.00363	0.00208	0.00726
76	0.01024	0.00878	0.01021	0.00735	0.01167	0.00670	0.00587	0.01272	0.02995	0.01613	0.00902	0.01040	0.00748	0.00372	0.00367	0.00075	0.00365	0.00298	0.00296	0.83575
77	0.01243	0.01171	0.01936	0.02854	0.73159	0.01184	0.01454	0.04643	0.04487	0.01685	0.00981	0.01241	0.00812	0.00454	0.00487	0.00147	0.00574	0.00443	0.00264	0.00781
78	0.01277	0.01079	0.01106	0.00973	0.01252	0.04552	0.00760	0.10793	0.55659	0.03830	0.04686	0.03210	0.05672	0.00701	0.00503	0.00161	0.00413	0.00577	0.00486	0.02310
79	0.01267	0.71551	0.13639	0.00921	0.01385	0.01830	0.00980	0.01484	0.01004	0.01213	0.00712	0.00824	0.00629	0.00427	0.00337	0.00112	0.00554	0.00277	0.00210	0.00644
80	0.01146	0.01096	0.01867	0.22229	0.61002	0.01149	0.01473	0.01446	0.01086	0.01520	0.00912	0.01239	0.00748	0.00451	0.00488	0.00150	0.00601	0.00438	0.00237	0.00722
81	0.01314	0.83025	0.02575	0.00841	0.01261	0.01945	0.00841	0.01472	0.00999	0.01156	0.00683	0.00788	0.00631	0.00420	0.00315	0.00105	0.00526	0.00263	0.00210	0.00631
82	0.01189	0.52401	0.32106	0.01054	0.01591	0.01639	0.01212	0.01504	0.01013	0.01308	0.00759	0.00883	0.00628	0.00438	0.00373	0.00124	0.00602	0.00301	0.00209	0.00667
83	0.00986	0.02542	0.80183	0.01401	0.02127	0.01141	0.01816	0.01556	0.01038	0.01556	0.00882	0.01038	0.00623	0.00467	0.00467	0.00156	0.00726	0.00363	0.00208	0.00726
84	0.00881	0.00684	0.00993	0.00917	0.00942	0.00842	0.02066	0.00887	0.00747	0.01072	0.01084	0.10970	0.01136	0.03436	0.13065	0.30193	0.28878	0.00566	0.00252	0.00391
85	0.00916	0.00458	0.00458	0.00458	0.00573	0.00458	0.00344	0.01145	0.01031	0.01832	0.01603	0.01832	0.01260	0.00573	0.00344	0.00115	0.00229	0.00458	0.85457	0.00458
86	0.00928	0.00873	0.01474	0.81548	0.03385	0.01092	0.01365	0.01256	0.00983	0.01256	0.00873	0.01310	0.00655	0.00491	0.00491	0.00164	0.00655	0.00437	0.00218	0.00546
87	0.00940	0.00885	0.01495	0.78379	0.06463	0.01095	0.01371	0.01266	0.00988	0.01270	0.00876	0.01306	0.00660	0.00489	0.00491	0.00163	0.00652	0.00437	0.00219	0.00555
88	0.00617	0.00499	0.00548	0.00536	0.00686	0.00430	0.00402	0.00775	0.01206	0.01531	0.28480	0.04395	0.55836	0.01169	0.00580	0.00162	0.00244	0.00990	0.00483	0.00430
89	0.01836	0.02342	0.01393	0.01266	0.01519	0.80756	0.00950	0.01962	0.01393	0.01203	0.00760	0.00886	0.00633	0.00506	0.00443	0.00127	0.00886	0.00317	0.00253	0.00570
90	0.01001	0.06297	0.76562	0.01375	0.02087	0.01179	0.01770	0.01552	0.01036	0.01538	0.00873	0.01026	0.00623	0.00465	0.00460	0.00153	0.00717	0.00358	0.00208	0.00722
91	0.00666	0.00463	0.00610	0.00662	0.00731	0.00428	0.00463	0.00803	0.01103	0.03266	0.27837	0.52858	0.05595	0.01336	0.00607	0.00183	0.00270	0.01201	0.00487	0.00431
92	0.00638	0.00481	0.00599	0.00679	0.00768	0.00442	0.00509	0.00768	0.01039	0.01326	0.03372	0.41146	0.26246	0.01408	0.00625	0.00196	0.00313	0.18575	0.00455	0.00416
93	0.01836	0.02342	0.01393	0.01266	0.01519	0.80756	0.00950	0.01962	0.01393	0.01203	0.00760	0.00886	0.00633	0.00506	0.00443	0.00127	0.00886	0.00317	0.00253	0.00570
94	0.01836	0.02342	0.01393	0.01266	0.01519	0.80756	0.00950	0.01962	0.01393	0.01203	0.00760	0.00886	0.00633	0.00506	0.00443	0.00127	0.00886	0.00317	0.00253	0.00570
95	0.01019	0.00873	0.01019	0.00728	0.01165	0.00655	0.00582	0.01237	0.01019	0.01601	0.00873	0.01019	0.00728	0.00364	0.00364	0.00073	0.00364	0.00291	0.00291	0.85734
96	0.01019	0.00873	0.01019	0.00728	0.01165	0.00655	0.00582	0.01237	0.01019	0.01601	0.00873	0.01019	0.00728	0.00364	0.00364	0.00073	0.00364	0.00291	0.00291	0.85734
97	0.01846	0.01364	0.01526	0.01164	0.01561	0.01497	0.04035	0.73433	0.02246	0.04568	0.01187	0.01196	0.00840	0.00583	0.00495	0.00148	0.00550	0.00449	0.00484	0.00829
98	0.22554	0.00948	0.01212	0.00943	0.01304	0.00932	0.07806	0.09665	0.01335	0.42315	0.05083	0.01470	0.01127	0.00570	0.00459	0.00153	0.00450	0.00459	0.00486	0.00728
99	0.05114	0.01621	0.01543	0.01300	0.01510	0.32368	0.08068	0.10404	0.03205	0.01513	0.00820	0.01044	0.00688	0.00628	0.00848	0.00164	0.27888	0.00397	0.00276	0.00602
100	0.05004	0.01257	0.01909	0.20138	0.02277	0.04547	0.26758	0.26716	0.03021	0.02023	0.01024	0.01243	0.00755	0.00501	0.00511	0.00157	0.00668	0.00477	0.00329	0.00685

[dist]
# distance from previous block
# <min> <max>
1	10

[block]
# block no. 3 follows, 51 sequences, length 41
# corresponding to MSA columns:
# 410-450
name=unknown_D
#
# <colnr> <probs for GDERKNQSTAVLIFYWHMCP>
#	G	D	E	R	K	N	Q	S	T	A	V	L	I	F	Y	W	H	M	C	P
0	0.68532	0.01141	0.00906	0.00787	0.01096	0.10581	0.02965	0.04429	0.00981	0.03815	0.00749	0.00859	0.00577	0.00469	0.00340	0.00149	0.00461	0.00293	0.00310	0.00559
1	0.01731	0.01541	0.01663	0.03851	0.01732	0.16854	0.11954	0.49881	0.01926	0.02453	0.01062	0.01148	0.00778	0.00545	0.00495	0.00147	0.00653	0.00437	0.00402	0.00750
2	0.01376	0.51550	0.15272	0.01029	0.01464	0.19425	0.01028	0.01595	0.01093	0.01233	0.00733	0.00852	0.00630	0.00447	0.00369	0.00118	0.00640	0.00292	0.00219	0.00633
3	0.23440	0.19866	0.01497	0.00990	0.01316	0.30231	0.00815	0.13630	0.01305	0.01747	0.00789	0.00888	0.00638	0.00487	0.00386	0.00132	0.00621	0.00311	0.00294	0.00615
4	0.62489	0.01000	0.00854	0.00753	0.01057	0.01155	0.00611	0.06476	0.17850	0.02228	0.01001	0.01047	0.00761	0.00510	0.00358	0.00155	0.00392	0.00340	0.00358	0.00604
5	0.01314	0.83025	0.02575	0.00841	0.01261	0.01945	0.00841	0.01472	0.00999	0.01156	0.00683	0.00788	0.00631	0.00420	0.00315	0.00105	0.00526	0.00263	0.00210	0.00631
6	0.00599	0.00428	0.00570	0.00684	0.00713	0.00399	0.00456	0.00684	0.00941	0.01254	0.02709	0.82409	0.03250	0.01540	0.00627	0.00200	0.00285	0.01397	0.00456	0.00399
7	0.01241	0.01331	0.02737	0.01964	0.02449	0.01275	0.69066	0.10331	0.01292	0.01749	0.01015	0.01309	0.00756	0.00434	0.00570	0.00164	0.00796	0.00564	0.00276	0.00683
8	0.00702	0.00527	0.00790	0.00790	0.00878	0.00614	0.00614	0.00878	0.00790	0.01141	0.01316	0.01931	0.01229	0.03686	0.80782	0.00790	0.01316	0.00527	0.00263	0.00439
9	0.00774	0.00560	0.00767	0.00871	0.00989	0.00553	0.00757	0.00992	0.01130	0.01459	0.02800	0.05475	0.09226	0.01348	0.00671	0.00221	0.00436	0.70068	0.00453	0.00449
10	0.00615	0.00439	0.00589	0.00703	0.00738	0.00413	0.00484	0.00712	0.00957	0.01273	0.02700	0.75992	0.03215	0.01524	0.00632	0.00202	0.00299	0.07655	0.00456	0.00404
11	0.01779	0.02257	0.01518	0.01333	0.01607	0.74118	0.07372	0.01930	0.01373	0.01234	0.00779	0.00923	0.00642	0.00499	0.00455	0.00130	0.00881	0.00338	0.00253	0.00577
12	0.01836	0.02342	0.01393	0.01266	0.01519	0.80756	0.00950	0.01962	0.01393	0.01203	0.00760	0.00886	0.00633	0.00506	0.00443	0.00127	0.00886	0.00317	0.00253	0.00570
13	0.00792	0.00566	0.00792	0.00905	0.01018	0.00566	0.00792	0.01018	0.01131	0.01471	0.02602	0.05543	0.02828	0.01358	0.00679	0.00226	0.00453	0.76356	0.00453	0.00453
14	0.01868	0.01376	0.01475	0.01131	0.01524	0.01524	0.00934	0.78025	0.02311	0.03097	0.01180	0.01180	0.00836	0.00590	0.00492	0.00147	0.00541	0.00442	0.00492	0.00836
15	0.01160	0.01326	0.02900	0.02071	0.02568	0.01243	0.77879	0.01574	0.01160	0.01574	0.00994	0.01326	0.00746	0.00414	0.00580	0.00166	0.00829	0.00580	0.00249	0.00663
16	0.01160	0.01326	0.02900	0.02071	0.02568	0.01243	0.77879	0.01574	0.01160	0.01574	0.00994	0.01326	0.00746	0.00414	0.00580	0.00166	0.00829	0.00580	0.00249	0.00663
17	0.01160	0.01326	0.02900	0.02071	0.02568	0.01243	0.77879	0.01574	0.01160	0.01574	0.00994	0.01326	0.00746	0.00414	0.00580	0.00166	0.00829	0.00580	0.00249	0.00663
18	0.00595	0.00441	0.00556	0.00648	0.00703	0.00402	0.00440	0.00688	0.00975	0.01269	0.03144	0.67494	0.17884	0.01483	0.00618	0.00193	0.00278	0.01328	0.00456	0.00402
19	0.00770	0.00550	0.00767	0.00880	0.00983	0.00547	0.00753	0.00980	0.01109	0.01446	0.02614	0.14347	0.02877	0.01378	0.00673	0.00223	0.00433	0.67770	0.00453	0.00446
20	0.01160	0.01326	0.02900	0.02071	0.02568	0.01243	0.77879	0.01574	0.01160	0.01574	0.00994	0.01326	0.00746	0.00414	0.00580	0.00166	0.00829	0.00580	0.00249	0.00663
21	0.00599	0.00428	0.00570	0.00684	0.00713	0.00399	0.00456	0.00684	0.00941	0.01254	0.02709	0.82409	0.03250	0.01540	0.00627	0.00200	0.00285	0.01397	0.00456	0.00399
22	0.00715	0.00476	0.00536	0.00536	0.00536	0.00476	0.00298	0.00715	0.00715	0.00953	0.01548	0.03216	0.01787	0.82729	0.02501	0.00476	0.00476	0.00715	0.00298	0.00298
23	0.86201	0.00950	0.00722	0.00646	0.00950	0.01102	0.00532	0.01445	0.00836	0.02205	0.00684	0.00798	0.00532	0.00456	0.00304	0.00152	0.00380	0.00266	0.00304	0.00532
24	0.76538	0.01110	0.00799	0.00717	0.01016	0.10226	0.00580	0.01504	0.00900	0.02090	0.00693	0.00808	0.00544	0.00462	0.00320	0.00149	0.00438	0.00272	0.00298	0.00537
25	0.00696	0.00502	0.00657	0.00618	0.00734	0.00464	0.00464	0.00927	0.01391	0.01971	0.79405	0.03671	0.04637	0.01005	0.00580	0.00155	0.00232	0.00889	0.00541	0.00464
26	0.86201	0.00950	0.00722	0.00646	0.00950	0.01102	0.00532	0.01445	0.00836	0.02205	0.00684	0.00798	0.00532	0.00456	0.00304	0.00152	0.00380	0.00266	0.00304	0.00532
27	0.01160	0.01326	0.02900	0.02071	0.02568	0.01243	0.77879	0.01574	0.01160	0.01574	0.00994	0.01326	0.00746	0.00414	0.00580	0.00166	0.00829	0.00580	0.00249	0.00663
28	0.00786	0.00564	0.00784	0.00894	0.01009	0.00562	0.00781	0.01010	0.01131	0.01467	0.02666	0.05521	0.04902	0.01354	0.00676	0.00225	0.00447	0.74318	0.00453	0.00451
29	0.86201	0.00950	0.00722	0.00646	0.00950	0.01102	0.00532	0.01445	0.00836	0.02205	0.00684	0.00798	0.00532	0.00456	0.00304	0.00152	0.00380	0.00266	0.00304	0.00532
30	0.86201	0.00950	0.00722	0.00646	0.00950	0.01102	0.00532	0.01445	0.00836	0.02205	0.00684	0.00798	0.00532	0.00456	0.00304	0.00152	0.00380	0.00266	0.00304	0.00532
31	0.00599	0.00428	0.00570	0.00684	0.00713	0.00399	0.00456	0.00684	0.00941	0.01254	0.02709	0.82409	0.03250	0.01540	0.00627	0.00200	0.00285	0.01397	0.00456	0.00399
32	0.01812	0.01349	0.01443	0.01119	0.01503	0.01498	0.00920	0.71463	0.08964	0.03007	0.01251	0.01237	0.00894	0.00597	0.00492	0.00149	0.00528	0.00452	0.00492	0.00831
33	0.01864	0.01487	0.01465	0.01146	0.01523	0.10599	0.00936	0.69313	0.02205	0.02880	0.01132	0.01146	0.00813	0.00580	0.00486	0.00145	0.00580	0.00428	0.00464	0.00805
34	0.00610	0.00436	0.00580	0.00677	0.00715	0.00407	0.00457	0.00712	0.00992	0.01337	0.11493	0.73390	0.03409	0.01478	0.00622	0.00194	0.00279	0.01339	0.00466	0.00407
35	0.00597	0.00436	0.00562	0.00663	0.00707	0.00401	0.00447	0.00687	0.00961	0.01263	0.02969	0.73511	0.11980	0.01506	0.00622	0.00196	0.00281	0.01356	0.00456	0.00401
36	0.86201	0.00950	0.00722	0.00646	0.00950	0.01102	0.00532	0.01445	0.00836	0.02205	0.00684	0.00798	0.00532	0.00456	0.00304	0.00152	0.00380	0.00266	0.00304	0.00532
37	0.01563	0.01323	0.01898	0.01422	0.01836	0.01398	0.26006	0.44458	0.10694	0.02481	0.01213	0.01302	0.00882	0.00541	0.00521	0.00156	0.00617	0.00500	0.00413	0.00773
38	0.00829	0.00615	0.00812	0.00896	0.01027	0.00631	0.00767	0.01180	0.10018	0.01527	0.02612	0.07442	0.05128	0.01280	0.00654	0.00217	0.00434	0.62986	0.00458	0.00487
39	0.01565	0.01767	0.01245	0.01131	0.01376	0.47913	0.00855	0.08305	0.17982	0.01549	0.01283	0.10451	0.01135	0.00666	0.00480	0.00145	0.00682	0.00502	0.00349	0.00617
40	0.01426	0.01253	0.01457	0.37506	0.02360	0.10397	0.01127	0.33010	0.03217	0.02025	0.01010	0.01219	0.00745	0.00537	0.00486	0.00153	0.00629	0.00428	0.00341	0.00673

[dist]
# distance from previous block
# <min> <max>
13	32

[block]
# block no. 4 follows, 51 sequences, length 6
# corresponding to MSA columns:
# 490-495
name=unknown_E
#
# <colnr> <probs for GDERKNQSTAVLIFYWHMCP>
#	G	D	E	R	K	N	Q	S	T	A	V	L	I	F	Y	W	H	M	C	P
0	0.17194	0.01183	0.09013	0.00962	0.01352	0.01090	0.00854	0.19728	0.12396	0.29133	0.01437	0.01358	0.00984	0.00570	0.00457	0.00153	0.00466	0.00436	0.00470	0.00761
1	0.08117	0.01020	0.01120	0.00907	0.01236	0.07035	0.00732	0.12398	0.08886	0.42061	0.09830	0.01707	0.01457	0.00634	0.00485	0.00151	0.00445	0.00504	0.00525	0.00748
2	0.00839	0.00664	0.00779	0.00778	0.00915	0.00701	0.00570	0.01413	0.28125	0.01706	0.20930	0.35421	0.02975	0.01107	0.00572	0.00177	0.00308	0.00982	0.00492	0.00546
3	0.01099	0.00908	0.01318	0.01098	0.01320	0.00988	0.13348	0.01668	0.24177	0.08110	0.18113	0.09694	0.02057	0.00805	0.00709	0.00173	0.12675	0.00687	0.00429	0.00625
4	0.01434	0.01155	0.01175	0.01005	0.01317	0.06863	0.00792	0.12204	0.50487	0.09866	0.01725	0.01611	0.01273	0.00619	0.00485	0.00154	0.00445	0.00500	0.00478	0.06410
5	0.01186	0.00995	0.01103	0.00870	0.01245	0.00955	0.00692	0.10276	0.29019	0.01931	0.01311	0.01329	0.01017	0.00498	0.00427	0.00115	0.00393	0.00403	0.00388	0.45850

[dist]
# distance from previous block
# <min> <max>
1	3

[block]
# block no. 5 follows, 51 sequences, length 14
# corresponding to MSA columns:
# 499-512
name=unknown_F
#
# <colnr> <probs for GDERKNQSTAVLIFYWHMCP>
#	G	D	E	R	K	N	Q	S	T	A	V	L	I	F	Y	W	H	M	C	P
0	0.01676	0.01562	0.01231	0.01068	0.01353	0.35494	0.00828	0.11281	0.15675	0.14935	0.04818	0.01544	0.05125	0.00622	0.00481	0.00144	0.00613	0.00467	0.00410	0.00673
1	0.04892	0.01160	0.01005	0.00897	0.01115	0.20882	0.00686	0.12208	0.07184	0.04637	0.25655	0.09798	0.04565	0.00804	0.00512	0.00150	0.00473	0.00658	0.00435	0.02283
2	0.04760	0.01506	0.01274	0.01081	0.01395	0.27301	0.00850	0.18701	0.20631	0.15468	0.01357	0.01316	0.00988	0.00580	0.00472	0.00146	0.00590	0.00432	0.00429	0.00723
3	0.01479	0.00909	0.01190	0.00950	0.01247	0.00905	0.06421	0.20236	0.06937	0.24337	0.27290	0.02199	0.02239	0.00724	0.00529	0.00154	0.00415	0.00623	0.00524	0.00696
4	0.01156	0.00954	0.01204	0.00870	0.01305	0.00784	0.06223	0.08753	0.01169	0.04659	0.00952	0.01081	0.00758	0.00399	0.00397	0.00090	0.00417	0.00334	0.00319	0.68178
5	0.01221	0.01058	0.05595	0.45066	0.07865	0.01123	0.01213	0.17082	0.01296	0.07520	0.01119	0.05686	0.00881	0.00572	0.00497	0.00160	0.00593	0.00490	0.00317	0.00644
6	0.01128	0.00969	0.01024	0.00928	0.01186	0.01099	0.00720	0.02326	0.66662	0.01977	0.06500	0.02228	0.09620	0.00744	0.00513	0.00166	0.00366	0.00623	0.00498	0.00724
7	0.01079	0.00842	0.01000	0.00730	0.01138	0.00645	0.00583	0.01297	0.01076	0.07284	0.07041	0.01272	0.01066	0.00431	0.00390	0.00085	0.00358	0.00352	0.00333	0.72998
8	0.01452	0.01181	0.01530	0.24275	0.05771	0.01332	0.05131	0.39221	0.11116	0.02292	0.01170	0.01306	0.00857	0.00555	0.00497	0.00155	0.00572	0.00462	0.00390	0.00734
9	0.02120	0.00818	0.01113	0.00860	0.01225	0.00708	0.00708	0.02312	0.01406	0.75613	0.06298	0.01785	0.01409	0.00631	0.00499	0.00152	0.00408	0.00516	0.00604	0.00815
10	0.01129	0.00939	0.01078	0.00780	0.01211	0.00768	0.00628	0.11213	0.01187	0.01796	0.00913	0.01040	0.00742	0.00393	0.00381	0.00082	0.00387	0.00311	0.00317	0.74705
11	0.01308	0.01151	0.01726	0.17973	0.42618	0.01236	0.01310	0.18875	0.05594	0.01899	0.01031	0.01260	0.00806	0.00495	0.00489	0.00151	0.00577	0.00445	0.00309	0.00746
12	0.11368	0.01154	0.01702	0.04929	0.51082	0.01200	0.01256	0.14743	0.01299	0.05208	0.00981	0.01183	0.00774	0.00475	0.00466	0.00148	0.00548	0.00421	0.00308	0.00754
13	0.08814	0.01316	0.05174	0.01576	0.22439	0.10992	0.03683	0.09744	0.14203	0.06319	0.01142	0.01238	0.00876	0.00504	0.00457	0.00141	0.00548	0.00416	0.00343	0.10072

[dist]
# distance from previous block
# <min> <max>
22	86

[block]
# block no. 6 follows, 51 sequences, length 10
# corresponding to MSA columns:
# 604-613
name=unknown_G
#
# <colnr> <probs for GDERKNQSTAVLIFYWHMCP>
#	G	D	E	R	K	N	Q	S	T	A	V	L	I	F	Y	W	H	M	C	P
0	0.00773	0.00686	0.01131	0.18397	0.01572	0.00728	0.11096	0.00958	0.00976	0.01297	0.02060	0.45741	0.05573	0.01108	0.00647	0.00187	0.05224	0.01007	0.00363	0.00475
1	0.01807	0.02135	0.01389	0.01232	0.01507	0.65186	0.00938	0.12851	0.05673	0.01519	0.00886	0.00979	0.00708	0.00527	0.00453	0.00132	0.00810	0.00347	0.00300	0.00619
2	0.00613	0.00499	0.00542	0.00532	0.00683	0.00429	0.00399	0.00767	0.01196	0.01508	0.25823	0.04433	0.58508	0.01177	0.00580	0.00163	0.00244	0.00996	0.00480	0.00429
3	0.01314	0.83025	0.02575	0.00841	0.01261	0.01945	0.00841	0.01472	0.00999	0.01156	0.00683	0.00788	0.00631	0.00420	0.00315	0.00105	0.00526	0.00263	0.00210	0.00631
4	0.00599	0.00428	0.00570	0.00684	0.00713	0.00399	0.00456	0.00684	0.00941	0.01254	0.02709	0.82409	0.03250	0.01540	0.00627	0.00200	0.00285	0.01397	0.00456	0.00399
5	0.01996	0.01171	0.01348	0.01033	0.01421	0.01219	0.00853	0.49234	0.01966	0.32374	0.01469	0.01367	0.00981	0.00597	0.00493	0.00149	0.00494	0.00462	0.00536	0.00836
6	0.01509	0.01162	0.01246	0.01041	0.01367	0.01307	0.00832	0.30182	0.46842	0.06433	0.01697	0.01586	0.01243	0.00636	0.00497	0.00159	0.00446	0.00511	0.00503	0.00802
7	0.09826	0.00948	0.01165	0.00901	0.01277	0.00907	0.00744	0.16445	0.01523	0.58512	0.01682	0.01501	0.01083	0.00591	0.00476	0.00151	0.00438	0.00464	0.00559	0.00808
8	0.00628	0.00456	0.00584	0.00642	0.00705	0.00421	0.00442	0.00751	0.01064	0.01432	0.22766	0.50552	0.10877	0.05422	0.00704	0.00198	0.00277	0.01196	0.00470	0.00412
9	0.01589	0.01560	0.01395	0.01162	0.01470	0.29932	0.06512	0.21539	0.13508	0.04865	0.08317	0.01427	0.01217	0.00592	0.00487	0.00143	0.00626	0.00463	0.00393	0.02803

[dist]
# distance from previous block
# <min> <max>
0	1

[block]
# block no. 7 follows, 51 sequences, length 27
# corresponding to MSA columns:
# 615-641
name=unknown_H
#
# <colnr> <probs for GDERKNQSTAVLIFYWHMCP>
#	G	D	E	R	K	N	Q	S	T	A	V	L	I	F	Y	W	H	M	C	P
0	0.01928	0.01170	0.01334	0.01035	0.01414	0.01232	0.00851	0.46704	0.08194	0.28660	0.01499	0.01397	0.01016	0.00602	0.00493	0.00151	0.00488	0.00469	0.00531	0.00831
1	0.01079	0.18867	0.52752	0.01386	0.02015	0.01321	0.12948	0.01542	0.01048	0.01477	0.00858	0.01029	0.00643	0.00450	0.00453	0.00147	0.00700	0.00375	0.00214	0.00697
2	0.01871	0.00990	0.01187	0.00946	0.01300	0.00994	0.00770	0.18530	0.18557	0.44267	0.01877	0.01690	0.03422	0.00635	0.00497	0.00155	0.00433	0.00512	0.00555	0.00811
3	0.00594	0.00466	0.00538	0.00588	0.00689	0.00410	0.00415	0.00706	0.01051	0.01325	0.07476	0.40034	0.41227	0.01367	0.00602	0.00181	0.00265	0.01194	0.00460	0.00410
4	0.01834	0.11551	0.01488	0.01117	0.01431	0.44582	0.00886	0.10850	0.03329	0.16809	0.01059	0.01085	0.00791	0.00530	0.00445	0.00132	0.00700	0.00365	0.00351	0.00665
5	0.01465	0.09124	0.06138	0.01591	0.11144	0.01409	0.21940	0.32833	0.05719	0.02185	0.01080	0.01214	0.00809	0.00506	0.00497	0.00150	0.00624	0.00464	0.00355	0.00754
6	0.00599	0.00478	0.00538	0.00566	0.00686	0.00416	0.00408	0.00725	0.01099	0.01381	0.12970	0.27337	0.48461	0.01303	0.00594	0.00174	0.00258	0.01125	0.00466	0.00416
7	0.00747	0.00714	0.00633	0.00639	0.00795	0.10028	0.00480	0.00874	0.01132	0.01313	0.04042	0.13744	0.55743	0.01200	0.00576	0.00169	0.00343	0.05961	0.00432	0.00434
8	0.01796	0.01051	0.01211	0.00952	0.01306	0.01076	0.00779	0.35917	0.06877	0.31179	0.01968	0.01829	0.10421	0.00680	0.00504	0.00153	0.00451	0.00540	0.00531	0.00782
9	0.01340	0.78962	0.02516	0.00862	0.01274	0.05913	0.00846	0.01496	0.01018	0.01159	0.00687	0.00793	0.00631	0.00425	0.00322	0.00106	0.00544	0.00265	0.00212	0.00628
10	0.01168	0.01085	0.01705	0.01227	0.01679	0.00956	0.26563	0.10531	0.01221	0.01771	0.00951	0.01141	0.00747	0.00408	0.00452	0.00113	0.00541	0.00406	0.00301	0.47035
11	0.01005	0.07403	0.75496	0.01367	0.02075	0.01190	0.01757	0.01551	0.01035	0.01532	0.00870	0.01022	0.00623	0.00464	0.00458	0.00153	0.00714	0.00357	0.00208	0.00720
12	0.01035	0.00965	0.01614	0.41098	0.33998	0.01079	0.01352	0.01333	0.01041	0.01419	0.01021	0.02743	0.00868	0.00538	0.00519	0.00160	0.02169	0.04275	0.02140	0.00631
13	0.00841	0.00582	0.00732	0.00686	0.00829	0.00564	0.00516	0.01195	0.10600	0.06683	0.57970	0.10971	0.03918	0.00992	0.00569	0.00160	0.00267	0.00874	0.00532	0.00518
14	0.01444	0.28769	0.02095	0.01706	0.26101	0.11970	0.08528	0.01669	0.01153	0.10771	0.00950	0.01094	0.00759	0.00459	0.00433	0.00132	0.00608	0.00383	0.00278	0.00697
15	0.01827	0.01141	0.01204	0.00987	0.01315	0.10521	0.00792	0.20354	0.11090	0.35863	0.01687	0.06549	0.01254	0.00674	0.00501	0.00154	0.00493	0.02323	0.00511	0.00761
16	0.00597	0.00436	0.00562	0.00662	0.00707	0.00401	0.00446	0.00687	0.00962	0.01263	0.02980	0.73121	0.12362	0.01504	0.00622	0.00196	0.00281	0.01354	0.00456	0.00401
17	0.01108	0.00769	0.00982	0.04703	0.01149	0.00756	0.04375	0.16064	0.01472	0.11302	0.28461	0.02988	0.22087	0.00884	0.00548	0.00157	0.00368	0.00756	0.00488	0.00582
18	0.04606	0.00980	0.13784	0.00865	0.01183	0.00702	0.02646	0.01544	0.01311	0.27366	0.36385	0.02422	0.02613	0.00752	0.00523	0.00154	0.00393	0.00643	0.00492	0.00635
19	0.01075	0.01075	0.01505	0.01290	0.01290	0.01505	0.01075	0.01183	0.00753	0.01183	0.00645	0.01075	0.00645	0.00860	0.01613	0.00215	0.81830	0.00430	0.00215	0.00538
20	0.00599	0.00428	0.00570	0.00684	0.00713	0.00399	0.00456	0.00684	0.00941	0.01254	0.02709	0.82409	0.03250	0.01540	0.00627	0.00200	0.00285	0.01397	0.00456	0.00399
21	0.01019	0.00873	0.01019	0.00728	0.01165	0.00655	0.00582	0.01237	0.01019	0.01601	0.00873	0.01019	0.00728	0.00364	0.00364	0.00073	0.00364	0.00291	0.00291	0.85734
22	0.01192	0.02018	0.40944	0.01471	0.02023	0.10293	0.18229	0.05455	0.10461	0.01655	0.01041	0.01185	0.00766	0.00490	0.00494	0.00155	0.00718	0.00432	0.00271	0.00706
23	0.01041	0.00784	0.00861	0.00771	0.00982	0.00799	0.00594	0.23845	0.06262	0.03292	0.06862	0.20422	0.29412	0.01056	0.00558	0.00167	0.00354	0.00892	0.00476	0.00569
24	0.01068	0.08064	0.65343	0.01463	0.07550	0.01218	0.01682	0.05246	0.01102	0.01606	0.00885	0.01040	0.00644	0.00468	0.00459	0.00151	0.00693	0.00365	0.00224	0.00729
25	0.29771	0.35717	0.09279	0.00860	0.01250	0.03602	0.00827	0.01620	0.10257	0.01656	0.00862	0.00943	0.00701	0.00469	0.00352	0.00134	0.00490	0.00310	0.00277	0.00623
26	0.01706	0.28695	0.05495	0.00939	0.01322	0.10757	0.00842	0.05591	0.02447	0.32064	0.04622	0.01315	0.01054	0.00543	0.00430	0.00134	0.00523	0.00404	0.00403	0.00713

[dist]
# distance from previous block
# <min> <max>
0	7

[block]
# block no. 8 follows, 51 sequences, length 72
# corresponding to MSA columns:
# 649-720
name=unknown_I
#
# <colnr> <probs for GDERKNQSTAVLIFYWHMCP>
#	G	D	E	R	K	N	Q	S	T	A	V	L	I	F	Y	W	H	M	C	P
0	0.01095	0.10389	0.66008	0.01327	0.01987	0.06400	0.01644	0.01590	0.01064	0.02915	0.00874	0.01015	0.00635	0.00467	0.00451	0.00149	0.00711	0.00353	0.00218	0.00709
1	0.01658	0.33770	0.01848	0.01061	0.01401	0.37052	0.00891	0.09098	0.01327	0.06501	0.00847	0.00927	0.00690	0.00487	0.00401	0.00122	0.00681	0.00319	0.00282	0.00636
2	0.01066	0.01005	0.01664	0.30053	0.43420	0.01064	0.01333	0.01359	0.01073	0.01484	0.03272	0.01437	0.03744	0.00498	0.00487	0.00149	0.00574	0.00464	0.00254	0.05601
3	0.01210	0.01161	0.01983	0.04716	0.78013	0.01166	0.01505	0.01503	0.01116	0.01598	0.00923	0.01218	0.00776	0.00439	0.00487	0.00146	0.00585	0.00438	0.00243	0.00773
4	0.01112	0.01661	0.24181	0.01887	0.02447	0.01215	0.56933	0.01569	0.01126	0.01569	0.00963	0.01246	0.00712	0.00429	0.00549	0.00163	0.00800	0.00520	0.00237	0.00680
5	0.01160	0.01326	0.02900	0.02071	0.02568	0.01243	0.77879	0.01574	0.01160	0.01574	0.00994	0.01326	0.00746	0.00414	0.00580	0.00166	0.00829	0.00580	0.00249	0.00663
6	0.00588	0.00470	0.00527	0.00572	0.00683	0.00409	0.00406	0.00697	0.01049	0.01299	0.04077	0.35579	0.49197	0.01362	0.00599	0.00179	0.00263	0.01180	0.00456	0.00409
7	0.01216	0.01168	0.01995	0.03016	0.79664	0.01168	0.01508	0.01508	0.01119	0.01605	0.00924	0.01216	0.00778	0.00438	0.00487	0.00146	0.00584	0.00438	0.00243	0.00778
