[name]
unknown

[dist]
# distance from previous block
# <min> <max>
0	61

[block]
# block no. 0 follows, 52 sequences, length 108
# corresponding to MSA columns:
# 63-170
name=unknown_A
#
# <colnr> <probs for GDERKNQSTAVLIFYWHMCP>
#	G	D	E	R	K	N	Q	S	T	A	V	L	I	F	Y	W	H	M	C	P
0	0.00674	0.00560	0.00589	0.00603	0.02176	0.02550	0.00444	0.00815	0.01134	0.02674	0.12852	0.04337	0.58885	0.03831	0.00634	0.00175	0.00289	0.05899	0.00447	0.00431
1	0.01480	0.01085	0.01232	0.01001	0.03809	0.01091	0.00782	0.31687	0.14234	0.09934	0.02437	0.01305	0.00989	0.00530	0.00449	0.00127	0.00441	0.00421	0.00431	0.26534
2	0.53534	0.00896	0.00894	0.06011	0.01191	0.00965	0.00639	0.01716	0.01016	0.27410	0.01088	0.01099	0.00751	0.00501	0.00373	0.00151	0.00405	0.00346	0.00392	0.00623
3	0.00915	0.00861	0.01453	0.81804	0.03338	0.01077	0.01346	0.01238	0.00969	0.01238	0.00861	0.01292	0.00646	0.00484	0.00484	0.00161	0.00646	0.00431	0.00215	0.00538
4	0.02156	0.00829	0.01124	0.00865	0.01237	0.00721	0.00713	0.02366	0.02844	0.78814	0.01913	0.01652	0.01205	0.00601	0.00487	0.00150	0.00412	0.00488	0.00598	0.00824
5	0.00590	0.00422	0.00562	0.00675	0.00703	0.00394	0.00450	0.00675	0.00928	0.01237	0.02671	0.82653	0.03205	0.01518	0.00619	0.00197	0.00281	0.01378	0.00450	0.00394
6	0.01060	0.01060	0.01484	0.01272	0.01272	0.01484	0.01060	0.01166	0.00742	0.01166	0.00636	0.01060	0.00636	0.00848	0.01590	0.00212	0.82082	0.00424	0.00212	0.00530
7	0.00731	0.00573	0.00843	0.00821	0.00896	0.00692	0.00642	0.00891	0.00773	0.01123	0.01237	0.01858	0.01170	0.05936	0.70313	0.00710	0.09580	0.00515	0.00256	0.00438
8	0.00686	0.00495	0.00648	0.00610	0.00724	0.00457	0.00457	0.00914	0.01372	0.01943	0.79691	0.03620	0.04572	0.00991	0.00572	0.00152	0.00229	0.00876	0.00533	0.00457
9	0.00666	0.00454	0.00540	0.00578	0.00587	0.00444	0.00346	0.00695	0.00780	0.01039	0.01911	0.29825	0.02246	0.55655	0.01847	0.00378	0.00407	0.00930	0.00346	0.00327
10	0.01189	0.01141	0.01948	0.05868	0.77134	0.01149	0.01482	0.01478	0.01099	0.01571	0.00910	0.01203	0.00763	0.00434	0.00480	0.00145	0.00578	0.00432	0.00239	0.00759
11	0.00573	0.00491	0.00491	0.00491	0.00655	0.00409	0.00368	0.00695	0.01105	0.01309	0.04909	0.04664	0.79750	0.01227	0.00573	0.00164	0.00245	0.01023	0.00450	0.00409
12	0.86392	0.00937	0.00712	0.00637	0.00937	0.01087	0.00525	0.01425	0.00825	0.02174	0.00675	0.00787	0.00525	0.00450	0.00300	0.00150	0.00375	0.00262	0.00300	0.00525
13	0.01593	0.33009	0.01819	0.01090	0.01395	0.48693	0.00899	0.01729	0.01208	0.01168	0.00717	0.00843	0.00624	0.00477	0.00422	0.00119	0.03083	0.00295	0.00233	0.00584
14	0.00915	0.00861	0.01453	0.81804	0.03338	0.01077	0.01346	0.01238	0.00969	0.01238	0.00861	0.01292	0.00646	0.00484	0.00484	0.00161	0.00646	0.00431	0.00215	0.00538
15	0.14578	0.00922	0.01182	0.00919	0.01280	0.00886	0.04962	0.11690	0.01388	0.52078	0.01606	0.04012	0.01090	0.00594	0.00468	0.00152	0.00440	0.00480	0.00516	0.00757
16	0.01323	0.01094	0.01873	0.08004	0.56939	0.01086	0.07187	0.01607	0.01140	0.13416	0.01064	0.01282	0.00822	0.00459	0.00488	0.00148	0.00574	0.00451	0.00293	0.00752
17	0.01748	0.02179	0.01345	0.01221	0.01474	0.72814	0.00919	0.02001	0.09365	0.01273	0.00875	0.00970	0.00712	0.00516	0.00443	0.00129	0.00823	0.00336	0.00275	0.00583
18	0.01278	0.00779	0.00897	0.00766	0.01028	0.00750	0.00622	0.18966	0.01444	0.21067	0.03074	0.03204	0.34468	0.00937	0.00542	0.00162	0.00373	0.08539	0.00494	0.00610
19	0.00958	0.06922	0.11017	0.01031	0.01207	0.04847	0.06869	0.01122	0.00851	0.01170	0.01072	0.03487	0.01086	0.25944	0.08419	0.00317	0.22421	0.00524	0.00249	0.00487
20	0.00705	0.00470	0.00529	0.00529	0.00529	0.00470	0.00294	0.00705	0.00705	0.00940	0.01527	0.03171	0.01762	0.82969	0.02467	0.00470	0.00470	0.00705	0.00294	0.00294
21	0.00703	0.00475	0.00554	0.00554	0.00563	0.00484	0.00326	0.00721	0.00712	0.00959	0.01503	0.03041	0.01705	0.74810	0.10549	0.00502	0.00555	0.00686	0.00290	0.00308
22	0.00923	0.00870	0.01468	0.79554	0.05525	0.01079	0.01350	0.01245	0.00973	0.01248	0.00863	0.01289	0.00649	0.00483	0.00484	0.00161	0.00644	0.00431	0.00216	0.00545
23	0.01342	0.25433	0.12791	0.01438	0.09734	0.20316	0.13869	0.02837	0.05274	0.01395	0.00870	0.01025	0.00704	0.00457	0.00434	0.00133	0.00678	0.00373	0.00246	0.00652
24	0.00587	0.00487	0.00513	0.00516	0.00666	0.00414	0.00384	0.00719	0.01123	0.01377	0.13289	0.09638	0.66180	0.01219	0.00576	0.00165	0.00246	0.01029	0.00460	0.00414
25	0.00590	0.00422	0.00562	0.00675	0.00703	0.00394	0.00450	0.00675	0.00928	0.01237	0.02671	0.82653	0.03205	0.01518	0.00619	0.00197	0.00281	0.01378	0.00450	0.00394
26	0.81742	0.01013	0.00749	0.00671	0.00968	0.05482	0.00547	0.01453	0.00855	0.02120	0.00679	0.00792	0.00530	0.00453	0.00307	0.00149	0.00402	0.00265	0.00297	0.00527
27	0.00781	0.00558	0.00781	0.00892	0.01004	0.00558	0.00781	0.01004	0.01116	0.01450	0.02566	0.05466	0.02789	0.01339	0.00669	0.00223	0.00446	0.76685	0.00446	0.00446
28	0.01205	0.01166	0.02004	0.02695	0.63995	0.01170	0.10536	0.02926	0.06454	0.01636	0.00997	0.01253	0.00813	0.00447	0.00492	0.00148	0.00590	0.00456	0.00262	0.00755
29	0.03373	0.00509	0.00647	0.00608	0.00729	0.00476	0.00458	0.00927	0.01350	0.01940	0.75920	0.03549	0.05744	0.00978	0.00563	0.00153	0.00234	0.00860	0.00525	0.00459
30	0.00590	0.00422	0.00562	0.00675	0.00703	0.00394	0.00450	0.00675	0.00928	0.01237	0.02671	0.82653	0.03205	0.01518	0.00619	0.00197	0.00281	0.01378	0.00450	0.00394
31	0.00915	0.00861	0.01453	0.81804	0.03338	0.01077	0.01346	0.01238	0.00969	0.01238	0.00861	0.01292	0.00646	0.00484	0.00484	0.00161	0.00646	0.00431	0.00215	0.00538
32	0.01084	0.01099	0.01481	0.01272	0.01279	0.03980	0.01056	0.01190	0.00762	0.01167	0.00640	0.01054	0.00636	0.00837	0.01554	0.00209	0.79534	0.00421	0.00213	0.00531
33	0.00979	0.02464	0.77996	0.01431	0.04540	0.01126	0.01781	0.01533	0.01026	0.01536	0.00871	0.01029	0.00619	0.00460	0.00461	0.00153	0.00712	0.00360	0.00206	0.00718
34	0.00972	0.02507	0.80458	0.01381	0.02097	0.01125	0.01790	0.01535	0.01023	0.01535	0.00870	0.01023	0.00614	0.00460	0.00460	0.00153	0.00716	0.00358	0.00205	0.00716
35	0.00705	0.00470	0.00529	0.00529	0.00529	0.00470	0.00294	0.00705	0.00705	0.00940	0.01527	0.03171	0.01762	0.82969	0.02467	0.00470	0.00470	0.00705	0.00294	0.00294
36	0.01193	0.01092	0.01510	0.01892	0.36370	0.01199	0.01108	0.01998	0.39168	0.01773	0.01412	0.01488	0.01107	0.00569	0.00559	0.00158	0.05804	0.00488	0.00362	0.00752
37	0.01022	0.02165	0.59348	0.01491	0.02132	0.01151	0.17404	0.01606	0.06145	0.01570	0.00964	0.01133	0.00695	0.00463	0.00485	0.00156	0.00715	0.00414	0.00232	0.00707
38	0.72040	0.00923	0.00756	0.00690	0.00975	0.01065	0.00566	0.01515	0.08891	0.02112	0.00932	0.01198	0.00771	0.00529	0.00344	0.00156	0.00380	0.05282	0.00329	0.00545
39	0.00903	0.00452	0.00452	0.00452	0.00565	0.00452	0.00339	0.01129	0.01016	0.01807	0.01581	0.01807	0.01242	0.00565	0.00339	0.00113	0.00226	0.00452	0.85659	0.00452
40	0.01292	0.51105	0.25169	0.00994	0.01493	0.01561	0.01098	0.01570	0.01038	0.09465	0.00859	0.00940	0.00679	0.00447	0.00373	0.00123	0.00565	0.00312	0.00247	0.00670
41	0.02174	0.00825	0.01125	0.00862	0.01237	0.00712	0.00712	0.02362	0.01387	0.80282	0.01912	0.01649	0.01200	0.00600	0.00487	0.00150	0.00412	0.00487	0.00600	0.00825
42	0.01556	0.01291	0.14109	0.01405	0.04296	0.01022	0.25516	0.05855	0.05742	0.32044	0.01387	0.01413	0.00944	0.00514	0.00510	0.00155	0.00598	0.00493	0.00402	0.00748
43	0.00903	0.00452	0.00452	0.00452	0.00565	0.00452	0.00339	0.01129	0.01016	0.01807	0.01581	0.01807	0.01242	0.00565	0.00339	0.00113	0.00226	0.00452	0.85659	0.00452
44	0.01810	0.02310	0.01373	0.01248	0.01498	0.81024	0.00936	0.01935	0.01373	0.01186	0.00749	0.00874	0.00624	0.00499	0.00437	0.00125	0.00874	0.00312	0.00250	0.00562
45	0.86392	0.00937	0.00712	0.00637	0.00937	0.01087	0.00525	0.01425	0.00825	0.02174	0.00675	0.00787	0.00525	0.00450	0.00300	0.00150	0.00375	0.00262	0.00300	0.00525
46	0.01005	0.00861	0.01005	0.00718	0.01148	0.00646	0.00574	0.01220	0.01005	0.01579	0.00861	0.01005	0.00718	0.00359	0.00359	0.00072	0.00359	0.00287	0.00287	0.85932
47	0.00692	0.00519	0.00779	0.00779	0.00865	0.00606	0.00606	0.00865	0.00779	0.01125	0.01298	0.01904	0.01211	0.03634	0.81049	0.00779	0.01298	0.00519	0.00260	0.00433
48	0.01296	0.83261	0.02539	0.00829	0.01244	0.01917	0.00829	0.01451	0.00985	0.01140	0.00674	0.00777	0.00622	0.00415	0.00311	0.00104	0.00518	0.00259	0.00207	0.00622
49	0.07334	0.02220	0.01330	0.01209	0.01461	0.75804	0.00909	0.01902	0.01337	0.01251	0.00744	0.00868	0.00618	0.00496	0.00428	0.00126	0.00841	0.00309	0.00253	0.00559
50	0.00934	0.00880	0.01487	0.76657	0.08340	0.01082	0.01355	0.01254	0.00978	0.01261	0.00865	0.01286	0.00654	0.00481	0.00484	0.00160	0.00641	0.00431	0.00217	0.00553
51	0.00842	0.00421	0.00631	0.00631	0.00631	0.00421	0.00421	0.00631	0.00631	0.00842	0.00842	0.01473	0.00842	0.01684	0.01894	0.85901	0.00421	0.00421	0.00210	0.00210
52	0.01842	0.01357	0.01454	0.01115	0.01503	0.01503	0.00921	0.78330	0.02278	0.03054	0.01163	0.01163	0.00824	0.00582	0.00485	0.00145	0.00533	0.00436	0.00485	0.00824
53	0.01199	0.01151	0.01967	0.02974	0.79946	0.01151	0.01487	0.01487	0.01103	0.01583	0.00912	0.01199	0.00768	0.00432	0.00480	0.00144	0.00576	0.00432	0.00240	0.00768
54	0.01217	0.01047	0.01103	0.00989	0.01265	0.01211	0.00770	0.03997	0.77629	0.02046	0.01957	0.01796	0.01467	0.00656	0.00493	0.00164	0.00386	0.00546	0.00493	0.00768
55	0.00781	0.00558	0.00781	0.00892	0.01004	0.00558	0.00781	0.01004	0.01116	0.01450	0.02566	0.05466	0.02789	0.01339	0.00669	0.00223	0.00446	0.76685	0.00446	0.00446
56	0.00631	0.00497	0.00571	0.00562	0.00703	0.00437	0.00428	0.00802	0.01214	0.01575	0.35121	0.04287	0.44782	0.01138	0.00578	0.00163	0.00250	0.05347	0.00484	0.00431
57	0.86392	0.00937	0.00712	0.00637	0.00937	0.01087	0.00525	0.01425	0.00825	0.02174	0.00675	0.00787	0.00525	0.00450	0.00300	0.00150	0.00375	0.00262	0.00300	0.00525
58	0.00693	0.00518	0.00772	0.00772	0.00856	0.00602	0.00597	0.00861	0.00777	0.01120	0.01305	0.01940	0.01227	0.05900	0.78805	0.00770	0.01274	0.00525	0.00261	0.00429
59	0.83465	0.03769	0.00775	0.00644	0.00948	0.01116	0.00535	0.01425	0.00830	0.02139	0.00675	0.00787	0.00528	0.00449	0.00300	0.00148	0.00380	0.00262	0.00297	0.00528
60	0.01033	0.03925	0.01067	0.00742	0.01155	0.03456	0.00597	0.01242	0.01010	0.01535	0.00864	0.01021	0.00727	0.00470	0.02921	0.00097	0.00412	0.00294	0.00282	0.77149
61	0.00972	0.02507	0.80458	0.01381	0.02097	0.01125	0.01790	0.01535	0.01023	0.01535	0.00870	0.01023	0.00614	0.00460	0.00460	0.00153	0.00716	0.00358	0.00205	0.00716
62	0.01711	0.13502	0.01561	0.01086	0.04089	0.02680	0.02294	0.47856	0.01828	0.11942	0.01186	0.01201	0.00857	0.00548	0.00451	0.00138	0.00511	0.00417	0.05379	0.00763
63	0.03855	0.10489	0.01517	0.01160	0.06369	0.04039	0.00903	0.47695	0.12059	0.03944	0.01193	0.01208	0.00884	0.00557	0.00457	0.00142	0.00514	0.00423	0.01824	0.00768
64	0.01106	0.01141	0.01467	0.01255	0.01294	0.08291	0.03660	0.01220	0.00809	0.01170	0.00709	0.01164	0.00700	0.04696	0.02671	0.00223	0.67243	0.00434	0.00221	0.00525
65	0.00705	0.00470	0.00529	0.00529	0.00529	0.00470	0.00294	0.00705	0.00705	0.00940	0.01527	0.03171	0.01762	0.82969	0.02467	0.00470	0.00470	0.00705	0.00294	0.00294
66	0.00686	0.00495	0.00648	0.00610	0.00724	0.00457	0.00457	0.00914	0.01372	0.01943	0.79691	0.03620	0.04572	0.00991	0.00572	0.00152	0.00229	0.00876	0.00533	0.00457
67	0.00603	0.00476	0.00524	0.00541	0.00655	0.00418	0.00383	0.00714	0.01049	0.01313	0.11416	0.18918	0.48529	0.11292	0.00814	0.00206	0.00278	0.01036	0.00439	0.00397
68	0.00972	0.02507	0.80458	0.01381	0.02097	0.01125	0.01790	0.01535	0.01023	0.01535	0.00870	0.01023	0.00614	0.00460	0.00460	0.00153	0.00716	0.00358	0.00205	0.00716
69	0.00590	0.00422	0.00562	0.00675	0.00703	0.00394	0.00450	0.00675	0.00928	0.01237	0.02671	0.82653	0.03205	0.01518	0.00619	0.00197	0.00281	0.01378	0.00450	0.00394
70	0.01205	0.01041	0.01096	0.00986	0.01260	0.01205	0.00767	0.02575	0.79071	0.02027	0.01972	0.01808	0.01479	0.00657	0.00493	0.00164	0.00384	0.00548	0.00493	0.00767
71	0.00692	0.00519	0.00779	0.00779	0.00865	0.00606	0.00606	0.00865	0.00779	0.01125	0.01298	0.01904	0.01211	0.03634	0.81049	0.00779	0.01298	0.00519	0.00260	0.00433
72	0.01810	0.02310	0.01373	0.01248	0.01498	0.81024	0.00936	0.01935	0.01373	0.01186	0.00749	0.00874	0.00624	0.00499	0.00437	0.00125	0.00874	0.00312	0.00250	0.00562
73	0.00692	0.00519	0.00779	0.00779	0.00865	0.00606	0.00606	0.00865	0.00779	0.01125	0.01298	0.01904	0.01211	0.03634	0.81049	0.00779	0.01298	0.00519	0.00260	0.00433
74	0.86392	0.00937	0.00712	0.00637	0.00937	0.01087	0.00525	0.01425	0.00825	0.02174	0.00675	0.00787	0.00525	0.00450	0.00300	0.00150	0.00375	0.00262	0.00300	0.00525
75	0.00677	0.00495	0.00636	0.00601	0.00719	0.00454	0.00450	0.00898	0.01351	0.01895	0.74010	0.03699	0.10284	0.01009	0.00572	0.00153	0.00230	0.00888	0.00527	0.00454
76	0.01456	0.01170	0.01680	0.03315	0.36002	0.01221	0.05198	0.23195	0.11214	0.08825	0.01204	0.01312	0.00906	0.00516	0.00488	0.00149	0.00540	0.00460	0.00371	0.00778
77	0.01527	0.06315	0.27162	0.01197	0.01681	0.08197	0.01200	0.42639	0.01722	0.02296	0.01006	0.01072	0.00728	0.00526	0.00463	0.00144	0.00621	0.00391	0.00358	0.00756
78	0.00692	0.00519	0.00779	0.00779	0.00865	0.00606	0.00606	0.00865	0.00779	0.01125	0.01298	0.01904	0.01211	0.03634	0.81049	0.00779	0.01298	0.00519	0.00260	0.00433
79	0.01205	0.04311	0.44193	0.01518	0.16040	0.01055	0.01428	0.01655	0.03733	0.13976	0.05406	0.01316	0.00981	0.00512	0.00471	0.00150	0.00599	0.00424	0.00301	0.00727
80	0.00655	0.00469	0.00635	0.00745	0.00804	0.00449	0.00560	0.00786	0.00994	0.01310	0.02675	0.55182	0.04416	0.01452	0.00635	0.00205	0.00336	0.26830	0.00449	0.00412
81	0.86392	0.00937	0.00712	0.00637	0.00937	0.01087	0.00525	0.01425	0.00825	0.02174	0.00675	0.00787	0.00525	0.00450	0.00300	0.00150	0.00375	0.00262	0.00300	0.00525
82	0.01810	0.02310	0.01373	0.01248	0.01498	0.81024	0.00936	0.01935	0.01373	0.01186	0.00749	0.00874	0.00624	0.00499	0.00437	0.00125	0.00874	0.00312	0.00250	0.00562
83	0.01250	0.71784	0.13613	0.00908	0.01365	0.01805	0.00966	0.01463	0.00990	0.01196	0.00702	0.00812	0.00621	0.00421	0.00332	0.00111	0.00546	0.00273	0.00207	0.00635
84	0.00685	0.00462	0.00534	0.00554	0.00559	0.00457	0.00321	0.00700	0.00743	0.00991	0.01725	0.16906	0.02011	0.68894	0.02147	0.00423	0.00437	0.00821	0.00321	0.00311
85	0.56066	0.00914	0.00822	0.00706	0.01004	0.03548	0.00575	0.01607	0.01024	0.20030	0.08573	0.01261	0.01073	0.00538	0.00374	0.00149	0.00386	0.00375	0.00390	0.00588
86	0.76241	0.00958	0.00783	0.00681	0.00991	0.01094	0.00561	0.06498	0.00951	0.06526	0.00775	0.00859	0.00581	0.00467	0.00322	0.00150	0.00387	0.00286	0.00328	0.00561
87	0.00628	0.00483	0.00576	0.00585	0.00703	0.00431	0.00432	0.00790	0.01180	0.01554	0.34189	0.18041	0.33652	0.01188	0.00584	0.00167	0.00252	0.03656	0.00483	0.00427
88	0.01145	0.00990	0.01104	0.08878	0.01431	0.01147	0.00805	0.02343	0.66709	0.01945	0.06578	0.01867	0.01585	0.00661	0.00497	0.00163	0.00400	0.00556	0.00468	0.00726
89	0.00589	0.00483	0.00519	0.00528	0.00669	0.00413	0.00389	0.00721	0.01117	0.01380	0.14054	0.14105	0.60885	0.01233	0.00578	0.00166	0.00248	0.01048	0.00460	0.00413
90	0.01233	0.01212	0.09371	0.05621	0.36783	0.02485	0.01282	0.01486	0.01025	0.10171	0.00956	0.01217	0.00773	0.00655	0.03130	0.00182	0.21033	0.00429	0.00269	0.00686
91	0.03091	0.05150	0.01453	0.01075	0.01448	0.01466	0.00895	0.69570	0.02134	0.02875	0.01186	0.01292	0.00882	0.00596	0.00477	0.00145	0.00522	0.02913	0.02040	0.00791
92	0.02884	0.01193	0.01711	0.04564	0.35059	0.05233	0.09041	0.13087	0.07045	0.04218	0.01045	0.01220	0.00817	0.00471	0.00472	0.00139	0.00564	0.00431	0.00313	0.10492
93	0.11084	0.28750	0.37483	0.01081	0.01612	0.01409	0.01233	0.06548	0.03934	0.01597	0.00842	0.00953	0.00652	0.00459	0.00395	0.00137	0.00587	0.00326	0.00245	0.00672
94	0.01051	0.00685	0.00767	0.00670	0.00899	0.00643	0.00526	0.10636	0.05527	0.15272	0.11233	0.03455	0.44769	0.00985	0.00543	0.00158	0.00315	0.00818	0.00491	0.00556
95	0.00696	0.00476	0.00606	0.00643	0.00736	0.00438	0.00459	0.00822	0.01050	0.05702	0.15168	0.44248	0.19077	0.01462	0.05847	0.00218	0.00339	0.01120	0.00459	0.00433
96	0.01361	0.14919	0.31293	0.02631	0.05709	0.07344	0.01239	0.16814	0.01321	0.07529	0.00965	0.01059	0.00714	0.00484	0.00438	0.00137	0.00612	0.00365	0.00299	0.04765
97	0.00941	0.00901	0.01564	0.73702	0.06097	0.01089	0.06369	0.01268	0.00985	0.01271	0.00871	0.01290	0.00656	0.00478	0.00490	0.00161	0.00655	0.00440	0.00218	0.00554
98	0.01851	0.00756	0.01005	0.00794	0.01122	0.00653	0.00648	0.02033	0.01348	0.63959	0.08139	0.02196	0.11847	0.00712	0.00505	0.00152	0.00376	0.00587	0.00575	0.00742
99	0.01255	0.00853	0.01298	0.22679	0.14492	0.00882	0.03798	0.02921	0.06186	0.21233	0.02879	0.10807	0.07219	0.00695	0.00511	0.00160	0.00486	0.00616	0.00388	0.00644
100	0.01384	0.01421	0.17133	0.03178	0.27801	0.04840	0.07206	0.10564	0.02475	0.14401	0.01172	0.04227	0.00903	0.00528	0.00488	0.00150	0.00592	0.00469	0.00331	0.00737
101	0.06845	0.01234	0.01456	0.01250	0.02654	0.14432	0.08565	0.06765	0.01016	0.01412	0.00882	0.04959	0.00826	0.02347	0.05642	0.00219	0.38213	0.00466	0.00262	0.00556
102	0.14571	0.11275	0.01448	0.01119	0.04256	0.31156	0.00870	0.23851	0.01496	0.04387	0.00891	0.00969	0.00690	0.00506	0.00418	0.00134	0.00632	0.00344	0.00331	0.00655
103	0.00726	0.00556	0.00835	0.00901	0.06001	0.00630	0.00637	0.00892	0.00794	0.01139	0.01292	0.01965	0.01229	0.10111	0.69165	0.00711	0.01181	0.00529	0.00261	0.00443
104	0.06580	0.00913	0.03254	0.00731	0.01162	0.00688	0.00606	0.01243	0.00994	0.01617	0.00849	0.00991	0.00702	0.00368	0.00358	0.00079	0.00370	0.00288	0.00286	0.77921
105	0.00680	0.00508	0.00625	0.00616	0.00724	0.00485	0.00458	0.00864	0.02571	0.01518	0.34414	0.03738	0.21242	0.14016	0.09006	0.00273	0.00399	0.06998	0.00441	0.00423
106	0.04033	0.02741	0.22810	0.01157	0.04055	0.05674	0.03561	0.13129	0.18017	0.06990	0.03898	0.06778	0.03749	0.00639	0.00486	0.00155	0.00532	0.00525	0.00376	0.00694
107	0.01124	0.09532	0.17988	0.01758	0.21637	0.01188	0.18730	0.04173	0.07631	0.01580	0.03603	0.01404	0.00965	0.05863	0.00614	0.00170	0.00618	0.00474	0.00273	0.00678

[dist]
# distance from previous block
# <min> <max>
3	6

[block]
# block no. 1 follows, 52 sequences, length 17
# corresponding to MSA columns:
# 177-193
name=unknown_B
#
# <colnr> <probs for GDERKNQSTAVLIFYWHMCP>
#	G	D	E	R	K	N	Q	S	T	A	V	L	I	F	Y	W	H	M	C	P
0	0.15838	0.01011	0.01474	0.10955	0.09799	0.01033	0.14384	0.09662	0.01165	0.06706	0.03495	0.04460	0.00943	0.00526	0.00490	0.00144	0.03028	0.00460	0.00321	0.14107
1	0.01268	0.03072	0.03692	0.01080	0.07605	0.04400	0.00807	0.24832	0.01430	0.07702	0.06607	0.11111	0.09272	0.04137	0.05150	0.00204	0.05964	0.00636	0.00405	0.00624
2	0.00739	0.00482	0.00632	0.00652	0.00741	0.00443	0.00464	0.00886	0.01134	0.06839	0.33605	0.40989	0.05437	0.03832	0.00649	0.00184	0.00274	0.01086	0.00489	0.00445
3	0.00595	0.00430	0.00564	0.00661	0.00702	0.00398	0.00446	0.00691	0.00965	0.01285	0.07615	0.73409	0.07508	0.01469	0.00613	0.00192	0.00276	0.01327	0.00455	0.00398
4	0.00999	0.00858	0.01118	0.15872	0.05214	0.00971	0.03252	0.01712	0.34106	0.01676	0.06156	0.11368	0.04546	0.00749	0.00544	0.00164	0.03287	0.00645	0.06146	0.00617
5	0.01888	0.01342	0.01401	0.01087	0.01464	0.06548	0.00892	0.62382	0.02091	0.14107	0.01245	0.01215	0.00865	0.00579	0.00482	0.00145	0.00538	0.00436	0.00486	0.00807
6	0.01005	0.00861	0.01005	0.00718	0.01148	0.00646	0.00574	0.01220	0.01005	0.01579	0.00861	0.01005	0.00718	0.00359	0.00359	0.00072	0.00359	0.00287	0.00287	0.85932
7	0.01296	0.83261	0.02539	0.00829	0.01244	0.01917	0.00829	0.01451	0.00985	0.01140	0.00674	0.00777	0.00622	0.00415	0.00311	0.00104	0.00518	0.00259	0.00207	0.00622
8	0.86392	0.00937	0.00712	0.00637	0.00937	0.01087	0.00525	0.01425	0.00825	0.02174	0.00675	0.00787	0.00525	0.00450	0.00300	0.00150	0.00375	0.00262	0.00300	0.00525
9	0.00694	0.00514	0.00751	0.00751	0.00828	0.00591	0.00572	0.00848	0.00771	0.01105	0.01323	0.02043	0.01272	0.12327	0.72438	0.00745	0.01207	0.00540	0.00263	0.00417
10	0.01155	0.01129	0.01713	0.16684	0.52111	0.06656	0.01336	0.01431	0.01095	0.01485	0.00996	0.01461	0.00865	0.00501	0.00484	0.00148	0.00591	0.05364	0.00252	0.04542
11	0.00701	0.00475	0.00554	0.00546	0.00570	0.00467	0.00328	0.00749	0.00847	0.01153	0.18148	0.03267	0.02359	0.65537	0.02064	0.00402	0.00419	0.00741	0.00345	0.00328
12	0.00712	0.00632	0.05818	0.00688	0.00775	0.00572	0.00524	0.00821	0.00804	0.01105	0.03369	0.07650	0.06896	0.39171	0.25681	0.00491	0.02918	0.00686	0.00301	0.00387
13	0.00628	0.00493	0.00567	0.00549	0.00688	0.00433	0.00412	0.00802	0.01235	0.01619	0.41393	0.04154	0.43073	0.01112	0.00572	0.00158	0.00237	0.00951	0.00491	0.00433
14	0.03607	0.03937	0.04814	0.03391	0.00918	0.00610	0.00567	0.03321	0.01149	0.01553	0.24754	0.14156	0.27901	0.01213	0.05769	0.00201	0.00376	0.00869	0.00427	0.00468
15	0.01422	0.19958	0.12375	0.01027	0.01435	0.24245	0.00938	0.08193	0.01236	0.05034	0.00861	0.00961	0.00686	0.00456	0.00401	0.00115	0.00609	0.00320	0.00278	0.19449
16	0.03231	0.11072	0.38656	0.01298	0.03926	0.01157	0.10862	0.04587	0.02404	0.09704	0.02541	0.01162	0.00799	0.00474	0.00454	0.00143	0.00618	0.00398	0.00281	0.06234

[dist]
# distance from previous block
# <min> <max>
1	6

[block]
# block no. 2 follows, 52 sequences, length 6
# corresponding to MSA columns:
# 200-205
name=unknown_C
#
# <colnr> <probs for GDERKNQSTAVLIFYWHMCP>
#	G	D	E	R	K	N	Q	S	T	A	V	L	I	F	Y	W	H	M	C	P
0	0.03884	0.07019	0.25046	0.03527	0.01689	0.01162	0.08725	0.17415	0.06319	0.09074	0.01165	0.03714	0.00882	0.00533	0.00463	0.00146	0.00566	0.00442	0.02921	0.05309
1	0.01418	0.51693	0.11663	0.00970	0.01401	0.08909	0.00960	0.10805	0.01203	0.05801	0.00832	0.00911	0.00677	0.00458	0.00371	0.00119	0.00571	0.00310	0.00266	0.00663
2	0.00960	0.00844	0.01170	0.00990	0.06943	0.00694	0.07910	0.01189	0.01063	0.01593	0.10572	0.08031	0.01393	0.00540	0.00435	0.00106	0.00396	0.00485	0.00323	0.54362
3	0.00664	0.00501	0.00618	0.00607	0.00734	0.00455	0.00467	0.00863	0.01270	0.01714	0.50586	0.04108	0.25369	0.01094	0.00582	0.00163	0.00257	0.09006	0.00501	0.00443
4	0.01095	0.01252	0.13670	0.05244	0.10087	0.01056	0.21856	0.10330	0.08265	0.01770	0.09722	0.07514	0.01468	0.00646	0.00531	0.00161	0.00579	0.03763	0.00341	0.00651
5	0.05444	0.04156	0.05283	0.24591	0.17523	0.12098	0.08112	0.11003	0.01216	0.01599	0.00913	0.01215	0.00729	0.03453	0.00540	0.00159	0.00644	0.00420	0.00267	0.00634

[dist]
# distance from previous block
# <min> <max>
0	39

[block]
# block no. 3 follows, 52 sequences, length 27
# corresponding to MSA columns:
# 245-271
name=unknown_D
#
# <colnr> <probs for GDERKNQSTAVLIFYWHMCP>
#	G	D	E	R	K	N	Q	S	T	A	V	L	I	F	Y	W	H	M	C	P
0	0.00689	0.00508	0.00645	0.00609	0.00731	0.00471	0.00457	0.00936	0.03246	0.01890	0.71317	0.03666	0.11007	0.01003	0.00570	0.00154	0.00234	0.00881	0.00525	0.00461
1	0.05692	0.01439	0.22874	0.01011	0.01412	0.08199	0.00990	0.05574	0.14735	0.17759	0.05935	0.01782	0.09224	0.00639	0.00480	0.00152	0.00510	0.00508	0.00401	0.00683
2	0.00607	0.00440	0.00582	0.00666	0.00711	0.00419	0.00455	0.00708	0.00947	0.01268	0.07532	0.64280	0.07211	0.03859	0.07628	0.00250	0.00369	0.01234	0.00434	0.00399
3	0.01372	0.01562	0.01369	0.01213	0.01331	0.35849	0.00959	0.02735	0.01055	0.01224	0.00811	0.04840	0.00769	0.00718	0.00999	0.00170	0.39878	0.00421	0.02184	0.00540
4	0.00923	0.00659	0.00782	0.00695	0.00862	0.00666	0.00537	0.13523	0.05674	0.02113	0.54697	0.02937	0.03454	0.00862	0.00529	0.00148	0.00286	0.00743	0.09376	0.00533
5	0.01546	0.01262	0.01284	0.01063	0.01390	0.05657	0.00851	0.39125	0.37793	0.02478	0.01516	0.01446	0.01117	0.00612	0.00486	0.00153	0.00482	0.00481	0.00476	0.00784
6	0.01532	0.42635	0.03462	0.01071	0.03250	0.33956	0.00907	0.04059	0.01195	0.02900	0.00755	0.00862	0.00645	0.00459	0.00378	0.00116	0.00666	0.00297	0.00242	0.00613
7	0.00629	0.00440	0.00569	0.00659	0.00711	0.00403	0.00447	0.00720	0.00959	0.03260	0.02901	0.71911	0.11671	0.01462	0.00610	0.00192	0.00281	0.01315	0.00454	0.00406
8	0.02814	0.03367	0.20783	0.01347	0.09032	0.03220	0.11335	0.09640	0.03398	0.19483	0.04645	0.01578	0.06007	0.00570	0.00491	0.00151	0.00564	0.00494	0.00371	0.00710
9	0.01430	0.01186	0.07869	0.18095	0.14273	0.09129	0.04828	0.02782	0.03963	0.23445	0.04922	0.01453	0.01052	0.00538	0.00482	0.00149	0.00565	0.00461	0.02696	0.00683
10	0.01794	0.01300	0.01403	0.01090	0.01466	0.01435	0.00896	0.67086	0.09971	0.06624	0.01281	0.01252	0.00908	0.00590	0.00486	0.00148	0.00512	0.00450	0.00491	0.00818
11	0.00934	0.00861	0.01408	0.36566	0.27907	0.00943	0.01173	0.01198	0.01036	0.01387	0.04732	0.11152	0.07362	0.00668	0.00509	0.00160	0.00531	0.00607	0.00283	0.00583
12	0.01407	0.05474	0.03759	0.06379	0.29210	0.08689	0.07786	0.03607	0.04476	0.15363	0.01110	0.01265	0.00842	0.00513	0.00548	0.00149	0.06034	0.00436	0.02249	0.00705
13	0.00694	0.00512	0.00744	0.00744	0.00819	0.00587	0.00563	0.00843	0.00769	0.01099	0.01329	0.02078	0.01287	0.14536	0.70251	0.00736	0.01184	0.00545	0.00264	0.00414
14	0.00842	0.00421	0.00631	0.00631	0.00631	0.00421	0.00421	0.00631	0.00631	0.00842	0.00842	0.01473	0.00842	0.01684	0.01894	0.85901	0.00421	0.00421	0.00210	0.00210
15	0.01265	0.01031	0.03739	0.01031	0.01222	0.06353	0.03565	0.05910	0.03013	0.16433	0.11627	0.01943	0.10574	0.00793	0.00891	0.00173	0.28896	0.00564	0.00381	0.00598
16	0.16664	0.33804	0.18473	0.01028	0.01457	0.16121	0.03508	0.01556	0.01041	0.01432	0.00739	0.00866	0.00607	0.00446	0.00372	0.00128	0.00609	0.00301	0.00232	0.00614
17	0.00777	0.00624	0.00759	0.00838	0.05018	0.00637	0.00566	0.01192	0.19810	0.01484	0.06835	0.41510	0.13106	0.03720	0.00630	0.00188	0.00320	0.01031	0.00449	0.00506
18	0.00590	0.00422	0.00562	0.00675	0.00703	0.00394	0.00450	0.00675	0.00928	0.01237	0.02671	0.82653	0.03205	0.01518	0.00619	0.00197	0.00281	0.01378	0.00450	0.00394
19	0.09150	0.03421	0.05094	0.05736	0.26939	0.11164	0.13006	0.01672	0.08019	0.07157	0.01084	0.03528	0.00869	0.00505	0.00473	0.00149	0.00603	0.00456	0.00298	0.00678
20	0.00769	0.00549	0.00768	0.00879	0.00986	0.00548	0.00761	0.00984	0.01104	0.01437	0.02572	0.10177	0.02814	0.01350	0.00666	0.00222	0.00436	0.72089	0.00446	0.00443
21	0.01242	0.01297	0.06913	0.02822	0.27079	0.12081	0.13658	0.04000	0.03433	0.05895	0.11608	0.03554	0.01347	0.00561	0.00502	0.00147	0.00592	0.00520	0.00320	0.02430
22	0.00756	0.00620	0.00853	0.00834	0.05075	0.00544	0.04369	0.00934	0.01095	0.01524	0.21443	0.28740	0.12050	0.01005	0.00539	0.00152	0.00322	0.00899	0.00416	0.17832
23	0.00683	0.03159	0.03089	0.00653	0.00784	0.02498	0.00499	0.00856	0.02668	0.01440	0.20778	0.33210	0.25496	0.01204	0.00573	0.00170	0.00296	0.01051	0.00450	0.00441
24	0.09537	0.06235	0.20351	0.03466	0.08253	0.03952	0.01058	0.15466	0.01299	0.11482	0.03481	0.03057	0.00933	0.00531	0.00442	0.00141	0.00530	0.00416	0.02555	0.06815
25	0.05550	0.01817	0.35625	0.01544	0.09139	0.06871	0.16323	0.03650	0.08201	0.05143	0.01030	0.01175	0.00758	0.00477	0.00479	0.00153	0.00668	0.00423	0.00275	0.00700
26	0.11182	0.19326	0.10815	0.01018	0.02845	0.05670	0.00915	0.16224	0.15260	0.05923	0.04210	0.01240	0.00990	0.00543	0.00443	0.00142	0.01809	0.00401	0.00357	0.00688

[dist]
# distance from previous block
# <min> <max>
0	6

[block]
# block no. 4 follows, 52 sequences, length 10
# corresponding to MSA columns:
# 278-287
name=unknown_E
#
# <colnr> <probs for GDERKNQSTAVLIFYWHMCP>
#	G	D	E	R	K	N	Q	S	T	A	V	L	I	F	Y	W	H	M	C	P
0	0.03238	0.16245	0.18212	0.01246	0.08391	0.05246	0.03833	0.19924	0.01352	0.04627	0.00938	0.01045	0.00717	0.00469	0.00427	0.00129	0.00567	0.00363	0.00307	0.12723
1	0.11074	0.22665	0.05092	0.04817	0.16625	0.13695	0.05203	0.03488	0.05682	0.03861	0.00888	0.01039	0.00719	0.00475	0.00445	0.00137	0.02814	0.00362	0.00268	0.00649
2	0.03288	0.01154	0.03143	0.11017	0.06717	0.01265	0.00979	0.38182	0.05294	0.07050	0.07289	0.01412	0.01116	0.00619	0.00604	0.00156	0.09121	0.00471	0.00408	0.00714
3	0.03347	0.00591	0.00724	0.00683	0.00835	0.00558	0.00505	0.03225	0.01098	0.18380	0.07429	0.28017	0.19350	0.09749	0.00787	0.00203	0.02633	0.00923	0.00461	0.00503
4	0.01008	0.04304	0.07919	0.12297	0.01521	0.02379	0.06228	0.01477	0.18298	0.05583	0.04427	0.21601	0.01660	0.02183	0.00644	0.03382	0.03436	0.00708	0.00369	0.00576
5	0.00600	0.00429	0.00571	0.00668	0.00705	0.00400	0.00451	0.00700	0.00975	0.01312	0.10802	0.74310	0.03349	0.01463	0.00614	0.00192	0.00276	0.01325	0.00459	0.00400
6	0.01676	0.01272	0.01366	0.01186	0.06729	0.06006	0.00896	0.50210	0.10537	0.07953	0.01323	0.03987	0.01012	0.02915	0.00543	0.00157	0.00521	0.00483	0.00457	0.00770
7	0.00694	0.00512	0.00742	0.00742	0.00815	0.00586	0.00559	0.00842	0.00768	0.01097	0.01332	0.02092	0.01293	0.15414	0.69381	0.00733	0.01175	0.00547	0.00265	0.00412
8	0.36178	0.23203	0.01454	0.00984	0.06811	0.12306	0.00769	0.07156	0.01093	0.05076	0.00789	0.00890	0.00632	0.00462	0.00356	0.00133	0.00509	0.00303	0.00290	0.00608
9	0.11917	0.15660	0.19404	0.01360	0.07953	0.09671	0.14909	0.02942	0.01114	0.05874	0.04207	0.01147	0.00842	0.00476	0.00440	0.00142	0.00622	0.00399	0.00272	0.00650

[dist]
# distance from previous block
# <min> <max>
0	2

[block]
# block no. 5 follows, 52 sequences, length 7
# corresponding to MSA columns:
# 290-296
name=unknown_F
#
# <colnr> <probs for GDERKNQSTAVLIFYWHMCP>
#	G	D	E	R	K	N	Q	S	T	A	V	L	I	F	Y	W	H	M	C	P
0	0.01476	0.00729	0.00905	0.00753	0.00985	0.00686	0.00565	0.01749	0.11020	0.38521	0.01733	0.02177	0.01411	0.29714	0.01182	0.00261	0.00426	0.00562	0.00463	0.04683
1	0.20673	0.00940	0.01121	0.07914	0.09265	0.00995	0.00803	0.18147	0.01369	0.16084	0.11303	0.01740	0.04497	0.00629	0.00462	0.00152	0.00437	0.02398	0.00420	0.00654
2	0.00588	0.00431	0.00553	0.00651	0.00697	0.00396	0.00439	0.00677	0.00951	0.01246	0.02961	0.72535	0.13136	0.01480	0.00613	0.00193	0.00277	0.01332	0.00450	0.00396
3	0.01019	0.01506	0.27133	0.21590	0.09743	0.03608	0.12233	0.01474	0.06006	0.01495	0.03206	0.01441	0.04344	0.00520	0.00490	0.00155	0.00638	0.00469	0.02291	0.00640
4	0.00612	0.00447	0.00547	0.00610	0.00664	0.00413	0.00407	0.00696	0.00946	0.01235	0.06799	0.49553	0.17955	0.15672	0.00930	0.00236	0.00305	0.01165	0.00427	0.00382
5	0.01205	0.01053	0.01391	0.12533	0.18072	0.03135	0.03999	0.06888	0.33782	0.04156	0.05416	0.03679	0.01315	0.00605	0.00497	0.00157	0.00489	0.00531	0.00390	0.00706
6	0.01100	0.04194	0.14267	0.03986	0.16351	0.01126	0.35497	0.01456	0.01095	0.03764	0.03332	0.07252	0.01018	0.00538	0.00554	0.00159	0.02826	0.00560	0.00268	0.00657

[dist]
# distance from previous block
# <min> <max>
1	3

[block]
# block no. 6 follows, 52 sequences, length 96
# corresponding to MSA columns:
# 300-395
name=unknown_G
#
# <colnr> <probs for GDERKNQSTAVLIFYWHMCP>
#	G	D	E	R	K	N	Q	S	T	A	V	L	I	F	Y	W	H	M	C	P
0	0.10836	0.11820	0.07010	0.01149	0.03976	0.08110	0.09277	0.15023	0.09617	0.14014	0.01185	0.02534	0.00887	0.00529	0.00447	0.00144	0.00546	0.00426	0.00370	0.02099
1	0.08661	0.12485	0.38248	0.01236	0.04153	0.01187	0.07651	0.01580	0.09988	0.01635	0.07736	0.01312	0.01061	0.00516	0.00450	0.00148	0.00584	0.00423	0.00279	0.00667
2	0.01280	0.00946	0.01213	0.01005	0.06654	0.02684	0.05083	0.01579	0.06177	0.16536	0.01140	0.01207	0.00861	0.00435	0.00414	0.00104	0.00424	0.00369	0.00353	0.51535
3	0.00600	0.00457	0.00547	0.00597	0.00683	0.00410	0.00417	0.00713	0.01040	0.01343	0.13157	0.42478	0.30541	0.03881	0.00654	0.00188	0.00268	0.01167	0.00456	0.00404
4	0.01457	0.41688	0.01934	0.07996	0.01516	0.33724	0.00909	0.01616	0.01148	0.01185	0.02431	0.00922	0.00710	0.00467	0.00382	0.00118	0.00666	0.00309	0.00232	0.00587
5	0.00928	0.00879	0.01456	0.74840	0.03159	0.01112	0.01321	0.01232	0.00949	0.01232	0.00842	0.01272	0.00645	0.00516	0.00580	0.00166	0.07689	0.00430	0.00215	0.00538
6	0.03363	0.00990	0.08026	0.01023	0.05768	0.00779	0.00846	0.02226	0.01330	0.67761	0.01745	0.01556	0.01114	0.00576	0.00482	0.00150	0.00447	0.00469	0.00540	0.00807
7	0.01222	0.01210	0.04407	0.02725	0.67055	0.01184	0.05119	0.05838	0.01159	0.01651	0.00920	0.01193	0.00761	0.00452	0.00517	0.00147	0.02995	0.00436	0.00252	0.00757
8	0.02174	0.00825	0.01125	0.00862	0.01237	0.00712	0.00712	0.02362	0.01387	0.80282	0.01912	0.01649	0.01200	0.00600	0.00487	0.00150	0.00412	0.00487	0.00600	0.00825
9	0.00694	0.00514	0.00750	0.00750	0.00827	0.00590	0.00570	0.00847	0.00770	0.01104	0.01324	0.02048	0.01274	0.12634	0.72135	0.00744	0.01204	0.00540	0.00263	0.00417
10	0.86392	0.00937	0.00712	0.00637	0.00937	0.01087	0.00525	0.01425	0.00825	0.02174	0.00675	0.00787	0.00525	0.00450	0.00300	0.00150	0.00375	0.00262	0.00300	0.00525
11	0.00915	0.00861	0.01453	0.81804	0.03338	0.01077	0.01346	0.01238	0.00969	0.01238	0.00861	0.01292	0.00646	0.00484	0.00484	0.00161	0.00646	0.00431	0.00215	0.00538
12	0.00575	0.00491	0.00494	0.00493	0.00656	0.00410	0.00370	0.00699	0.01109	0.01320	0.06235	0.04645	0.78417	0.01223	0.00573	0.00163	0.00245	0.01020	0.00451	0.00410
13	0.02174	0.00825	0.01125	0.00862	0.01237	0.00712	0.00712	0.02362	0.01387	0.80282	0.01912	0.01649	0.01200	0.00600	0.00487	0.00150	0.00412	0.00487	0.00600	0.00825
14	0.00705	0.00470	0.00529	0.00529	0.00529	0.00470	0.00294	0.00705	0.00705	0.00940	0.01527	0.03171	0.01762	0.82969	0.02467	0.00470	0.00470	0.00705	0.00294	0.00294
15	0.09428	0.00854	0.01101	0.00852	0.01221	0.00774	0.00704	0.05080	0.01371	0.70697	0.01778	0.01557	0.01128	0.00586	0.00471	0.00150	0.00414	0.00466	0.00570	0.00799
16	0.00677	0.00490	0.00592	0.00566	0.00693	0.00445	0.00425	0.00879	0.01275	0.01774	0.54340	0.03723	0.22978	0.01013	0.00552	0.00152	0.00233	0.00876	0.07874	0.00445
17	0.01005	0.00861	0.01005	0.00718	0.01148	0.00646	0.00574	0.01220	0.01005	0.01579	0.00861	0.01005	0.00718	0.00359	0.00359	0.00072	0.00359	0.00287	0.00287	0.85932
18	0.02822	0.00926	0.07933	0.01129	0.10753	0.00829	0.00840	0.08183	0.02494	0.19292	0.01432	0.06491	0.01217	0.08389	0.23474	0.00358	0.01914	0.00541	0.00367	0.00616
19	0.01746	0.29362	0.05149	0.00938	0.01334	0.07549	0.00846	0.12357	0.01354	0.32938	0.01248	0.01196	0.00879	0.00520	0.00421	0.00132	0.00515	0.00383	0.00405	0.00730
20	0.00949	0.09331	0.13169	0.02353	0.03964	0.02895	0.15984	0.01322	0.06957	0.01592	0.21905	0.06768	0.09316	0.00731	0.00519	0.00154	0.00494	0.00661	0.00359	0.00579
21	0.01096	0.01231	0.02661	0.01924	0.02374	0.01154	0.71464	0.01476	0.01125	0.01525	0.01127	0.08342	0.00949	0.00504	0.00576	0.00166	0.00771	0.00642	0.00263	0.00631
22	0.01163	0.00969	0.03112	0.00980	0.05283	0.00789	0.06057	0.03954	0.05519	0.08456	0.01036	0.01143	0.00807	0.00413	0.00405	0.00098	0.00422	0.00353	0.00325	0.58715
23	0.05642	0.03540	0.02884	0.11529	0.10240	0.00947	0.07124	0.06842	0.01110	0.05067	0.02193	0.01199	0.00815	0.00613	0.04713	0.00155	0.01730	0.00387	0.00295	0.32975
24	0.00580	0.00461	0.00522	0.00571	0.00676	0.00402	0.00404	0.00686	0.01028	0.01278	0.03934	0.38649	0.46394	0.01354	0.00593	0.00178	0.00261	0.01177	0.00450	0.00402
25	0.01302	0.31870	0.03366	0.01133	0.01455	0.11508	0.12585	0.10314	0.01155	0.01427	0.00872	0.01153	0.00765	0.05614	0.05121	0.00191	0.08911	0.00393	0.00259	0.00605
26	0.01198	0.17754	0.39754	0.02766	0.01783	0.05680	0.05628	0.01600	0.03392	0.07581	0.00926	0.01064	0.00697	0.00502	0.00538	0.00148	0.07693	0.00371	0.00250	0.00676
27	0.01231	0.05455	0.04074	0.00914	0.05087	0.00759	0.00704	0.09329	0.01257	0.21975	0.07199	0.25177	0.08896	0.00955	0.00536	0.00165	0.00389	0.04832	0.00464	0.00603
28	0.00633	0.00500	0.00575	0.00574	0.00715	0.00441	0.00442	0.00802	0.01196	0.01538	0.29815	0.04399	0.46218	0.01160	0.00583	0.00166	0.00261	0.09076	0.00478	0.00429
29	0.01073	0.01113	0.05893	0.10129	0.29601	0.01064	0.14419	0.03112	0.13033	0.01599	0.01656	0.01806	0.12159	0.00586	0.00511	0.00156	0.00554	0.00554	0.00310	0.00671
30	0.03308	0.03093	0.15338	0.02831	0.21179	0.04295	0.08317	0.01851	0.01203	0.31835	0.01278	0.01322	0.00888	0.00503	0.00479	0.00148	0.00568	0.00441	0.00373	0.00750
31	0.01769	0.01057	0.01170	0.01082	0.08015	0.13485	0.00784	0.04789	0.02609	0.44705	0.09243	0.06256	0.01504	0.00660	0.00494	0.00148	0.00478	0.00542	0.00492	0.00717
32	0.37185	0.09273	0.09388	0.01146	0.09768	0.19607	0.00900	0.04913	0.01080	0.01757	0.00759	0.00891	0.00605	0.00463	0.00376	0.00139	0.00567	0.00309	0.00271	0.00601
33	0.58751	0.01025	0.02640	0.00929	0.01257	0.02248	0.15222	0.01451	0.02838	0.02006	0.05266	0.01097	0.00835	0.00481	0.00377	0.00152	0.00461	0.00369	0.02041	0.00554
34	0.01315	0.00985	0.01146	0.01092	0.07413	0.01064	0.00791	0.03602	0.51966	0.13148	0.05942	0.01777	0.01494	0.00631	0.00488	0.00154	0.00396	0.00531	0.00479	0.05587
35	0.00583	0.00491	0.00505	0.00501	0.00661	0.00413	0.00376	0.00714	0.01128	0.01364	0.11391	0.04573	0.73234	0.01207	0.00573	0.00163	0.00244	0.01010	0.00457	0.00413
36	0.00589	0.00426	0.00558	0.00664	0.00700	0.00394	0.00445	0.00676	0.00938	0.01241	0.02798	0.78232	0.07544	0.01502	0.00616	0.00195	0.00279	0.01358	0.00450	0.00394
37	0.01196	0.01067	0.01313	0.01448	0.18889	0.01209	0.00945	0.02251	0.57164	0.01879	0.01659	0.01629	0.01272	0.00618	0.00552	0.00162	0.05057	0.00515	0.00420	0.00754
38	0.01050	0.00903	0.01103	0.00926	0.07975	0.00719	0.00665	0.03849	0.01056	0.01629	0.00876	0.01027	0.00726	0.00373	0.00374	0.00081	0.00384	0.00305	0.00290	0.75691
39	0.00590	0.00422	0.00562	0.00675	0.00703	0.00394	0.00450	0.00675	0.00928	0.01237	0.02671	0.82653	0.03205	0.01518	0.00619	0.00197	0.00281	0.01378	0.00450	0.00394
40	0.00628	0.00522	0.00553	0.00542	0.00702	0.00462	0.00408	0.00840	0.05567	0.01458	0.17625	0.05590	0.61081	0.01159	0.00569	0.00162	0.00251	0.00976	0.00467	0.00437
41	0.01384	0.01356	0.13266	0.01126	0.03203	0.01270	0.00983	0.25148	0.40572	0.04122	0.01537	0.01478	0.01129	0.00598	0.00485	0.00156	0.00484	0.00482	0.00444	0.00778
42	0.00590	0.00424	0.00560	0.00670	0.00702	0.00394	0.00448	0.00675	0.00932	0.01239	0.02728	0.80652	0.05169	0.01511	0.00617	0.00196	0.00280	0.01369	0.00450	0.00394
43	0.03013	0.78330	0.05645	0.00848	0.01272	0.01869	0.00862	0.01454	0.00983	0.01177	0.00682	0.00787	0.00620	0.00417	0.00317	0.00107	0.00523	0.00263	0.00209	0.00624
44	0.01205	0.01041	0.01096	0.00986	0.01260	0.01205	0.00767	0.02575	0.79071	0.02027	0.01972	0.01808	0.01479	0.00657	0.00493	0.00164	0.00384	0.00548	0.00493	0.00767
45	0.01005	0.00861	0.01005	0.00718	0.01148	0.00646	0.00574	0.01220	0.01005	0.01579	0.00861	0.01005	0.00718	0.00359	0.00359	0.00072	0.00359	0.00287	0.00287	0.85932
46	0.84319	0.02943	0.00757	0.00642	0.00945	0.01107	0.00532	0.01425	0.00829	0.02149	0.00675	0.00787	0.00527	0.00449	0.00300	0.00149	0.00378	0.00262	0.00298	0.00527
47	0.01199	0.01151	0.01967	0.02974	0.79946	0.01151	0.01487	0.01487	0.01103	0.01583	0.00912	0.01199	0.00768	0.00432	0.00480	0.00144	0.00576	0.00432	0.00240	0.00768
48	0.02027	0.01030	0.10820	0.00926	0.01342	0.00763	0.00844	0.02261	0.01343	0.70658	0.01784	0.01573	0.01128	0.00583	0.00484	0.00150	0.00449	0.00472	0.00551	0.00811
49	0.01322	0.01099	0.01161	0.01010	0.01304	0.01260	0.00795	0.16400	0.65057	0.02215	0.01825	0.01690	0.01360	0.00644	0.00492	0.00161	0.00411	0.00528	0.00492	0.00777
50	0.00686	0.00495	0.00648	0.00610	0.00724	0.00457	0.00457	0.00914	0.01372	0.01943	0.79691	0.03620	0.04572	0.00991	0.00572	0.00152	0.00229	0.00876	0.00533	0.00457
51	0.01130	0.01020	0.01566	0.46656	0.02622	0.01180	0.10561	0.13117	0.13997	0.01680	0.01104	0.01359	0.00820	0.00518	0.00497	0.00160	0.00607	0.00468	0.00305	0.00633
52	0.00686	0.00495	0.00648	0.00610	0.00724	0.00457	0.00457	0.00914	0.01372	0.01943	0.79691	0.03620	0.04572	0.00991	0.00572	0.00152	0.00229	0.00876	0.00533	0.00457
53	0.00606	0.00481	0.00545	0.00552	0.00681	0.00420	0.00405	0.00752	0.01149	0.01471	0.24949	0.16733	0.47123	0.01209	0.00580	0.00166	0.00247	0.01039	0.00473	0.00420
54	0.00573	0.00491	0.00491	0.00491	0.00655	0.00409	0.00368	0.00695	0.01105	0.01309	0.04909	0.04664	0.79750	0.01227	0.00573	0.00164	0.00245	0.01023	0.00450	0.00409
55	0.00590	0.00422	0.00562	0.00675	0.00703	0.00394	0.00450	0.00675	0.00928	0.01237	0.02671	0.82653	0.03205	0.01518	0.00619	0.00197	0.00281	0.01378	0.00450	0.00394
56	0.14738	0.00888	0.01092	0.00851	0.01216	0.00838	0.00703	0.08890	0.01381	0.61823	0.01661	0.01478	0.01066	0.00576	0.00459	0.00150	0.00417	0.00449	0.00545	0.00780
57	0.01296	0.83261	0.02539	0.00829	0.01244	0.01917	0.00829	0.01451	0.00985	0.01140	0.00674	0.00777	0.00622	0.00415	0.00311	0.00104	0.00518	0.00259	0.00207	0.00622
58	0.01005	0.00861	0.01005	0.00718	0.01148	0.00646	0.00574	0.01220	0.01005	0.01579	0.00861	0.01005	0.00718	0.00359	0.00359	0.00072	0.00359	0.00287	0.00287	0.85932
