[name]
unknown

[dist]
# distance from previous block
# <min> <max>
0	1883

[block]
# block no. 0 follows, 40 sequences, length 22
# corresponding to MSA columns:
# 1952-1965,1968-1975
name=unknown_A
#
# <colnr> <probs for GDERKNQSTAVLIFYWHMCP>
#	G	D	E	R	K	N	Q	S	T	A	V	L	I	F	Y	W	H	M	C	P
0	0.08996	0.01443	0.11307	0.01407	0.01814	0.07056	0.19239	0.03479	0.03947	0.08729	0.08540	0.10871	0.05655	0.02998	0.00681	0.00202	0.00659	0.01838	0.00428	0.00712
1	0.01245	0.01154	0.01105	0.01002	0.01231	0.14837	0.00776	0.07725	0.04500	0.01978	0.24252	0.02887	0.06815	0.01654	0.16500	0.00329	0.00746	0.03709	0.00469	0.07087
2	0.01537	0.01354	0.01307	0.01103	0.01435	0.12147	0.00862	0.20194	0.15130	0.02441	0.16934	0.06530	0.02173	0.00825	0.00583	0.00167	0.00541	0.00673	0.00516	0.13550
3	0.01366	0.01158	0.01511	0.01584	0.19400	0.01055	0.01005	0.01912	0.15526	0.05022	0.01358	0.01480	0.01076	0.00533	0.00503	0.00132	0.00502	0.00457	0.00394	0.44026
4	0.18537	0.02148	0.40715	0.01334	0.01981	0.01316	0.01508	0.09227	0.03191	0.10298	0.01199	0.01290	0.00846	0.00584	0.00516	0.00179	0.00688	0.00435	0.00367	0.03641
5	0.03678	0.04637	0.24375	0.02181	0.28111	0.01318	0.04763	0.04946	0.01410	0.17048	0.01321	0.01459	0.00959	0.00575	0.00563	0.00177	0.00704	0.00500	0.00375	0.00900
6	0.00732	0.00523	0.00701	0.00836	0.00880	0.00492	0.00580	0.00850	0.01136	0.01510	0.03192	0.71849	0.03796	0.01800	0.00748	0.00239	0.00357	0.08760	0.00539	0.00479
7	0.00696	0.00555	0.00624	0.00680	0.00809	0.00483	0.00482	0.00824	0.01238	0.01535	0.04786	0.35880	0.46129	0.01616	0.00710	0.00213	0.00312	0.01403	0.00540	0.00483
8	0.01967	0.01921	0.20537	0.01438	0.01998	0.05446	0.05496	0.35798	0.02038	0.15461	0.01423	0.01446	0.00984	0.00648	0.00578	0.00178	0.00711	0.00512	0.00490	0.00928
9	0.19066	0.01551	0.01542	0.01226	0.01639	0.05991	0.01006	0.49165	0.02191	0.05843	0.01251	0.01298	0.00907	0.00674	0.00590	0.00178	0.04016	0.00473	0.00510	0.00881
10	0.01211	0.00652	0.00783	0.00717	0.00810	0.00624	0.00456	0.01258	0.01015	0.16716	0.01928	0.03427	0.01974	0.63221	0.02468	0.00484	0.00549	0.00792	0.00429	0.00484
11	0.01278	0.17383	0.01588	0.00889	0.01402	0.01091	0.00752	0.01522	0.01201	0.01786	0.00987	0.01149	0.00837	0.00445	0.00419	0.00094	0.00470	0.00338	0.00325	0.66045
12	0.01418	0.01087	0.06998	0.01006	0.01335	0.00974	0.00853	0.02165	0.26466	0.17588	0.22427	0.03001	0.10329	0.00935	0.00623	0.00189	0.00431	0.00791	0.00599	0.00785
13	0.01427	0.19144	0.07253	0.01182	0.04656	0.01338	0.00992	0.02018	0.19307	0.11653	0.01736	0.07006	0.01455	0.01494	0.16438	0.00332	0.00761	0.00606	0.00430	0.00772
14	0.01438	0.01370	0.02214	0.03049	0.57305	0.01483	0.01649	0.04830	0.01295	0.01873	0.01038	0.01403	0.00891	0.00629	0.00852	0.00190	0.16816	0.00516	0.00294	0.00865
15	0.00786	0.00514	0.00647	0.00754	0.00809	0.00487	0.00512	0.00923	0.01135	0.01626	0.02934	0.63221	0.03358	0.01585	0.00673	0.00215	0.00324	0.01423	0.17588	0.00487
16	0.01708	0.17453	0.01987	0.28353	0.02489	0.01437	0.05358	0.07131	0.04615	0.21765	0.01417	0.01554	0.01012	0.00613	0.00546	0.00175	0.00657	0.00509	0.00420	0.00803
17	0.01990	0.01537	0.01836	0.01788	0.17142	0.01671	0.01236	0.54830	0.04376	0.03206	0.01412	0.01586	0.01070	0.00691	0.00588	0.00178	0.00642	0.02742	0.00520	0.00959
18	0.00786	0.00514	0.00647	0.00754	0.00809	0.00487	0.00512	0.00923	0.01135	0.01626	0.02934	0.63221	0.03358	0.01585	0.00673	0.00215	0.00324	0.01423	0.17588	0.00487
19	0.01680	0.18054	0.01740	0.01210	0.01554	0.28967	0.00971	0.03673	0.25358	0.01795	0.01801	0.01791	0.07600	0.00718	0.00530	0.00164	0.00696	0.00530	0.00410	0.00759
20	0.01827	0.01321	0.02303	0.02072	0.17469	0.01257	0.26780	0.08857	0.01579	0.25264	0.01692	0.01794	0.03674	0.00621	0.00622	0.00184	0.00713	0.00623	0.00461	0.00886
21	0.01439	0.01382	0.02360	0.03569	0.75936	0.01382	0.01785	0.01785	0.01324	0.01900	0.01094	0.01439	0.00921	0.00518	0.00576	0.00173	0.00691	0.00518	0.00288	0.00921

[dist]
# distance from previous block
# <min> <max>
0	1

[block]
# block no. 1 follows, 40 sequences, length 17
# corresponding to MSA columns:
# 1977-1993
name=unknown_B
#
# <colnr> <probs for GDERKNQSTAVLIFYWHMCP>
#	G	D	E	R	K	N	Q	S	T	A	V	L	I	F	Y	W	H	M	C	P
0	0.00732	0.00591	0.00651	0.00636	0.00813	0.00510	0.00477	0.00920	0.01430	0.01819	0.28658	0.05188	0.52777	0.01380	0.00687	0.00192	0.00288	0.01170	0.00573	0.00510
1	0.01958	0.01590	0.01598	0.01299	0.01708	0.07285	0.01046	0.45528	0.26209	0.03096	0.01676	0.01623	0.01228	0.00720	0.00581	0.00180	0.00612	0.00556	0.00564	0.00943
2	0.01693	0.01906	0.01315	0.01180	0.01468	0.42073	0.00899	0.11437	0.01688	0.01772	0.02595	0.02580	0.25250	0.00898	0.00585	0.00168	0.00748	0.00673	0.00416	0.00656
3	0.01557	0.01269	0.01702	0.01853	0.25813	0.01191	0.01141	0.16753	0.01585	0.05757	0.01188	0.01358	0.00935	0.00529	0.00517	0.00137	0.00562	0.00450	0.00393	0.35311
4	0.01098	0.01034	0.01744	0.78165	0.04005	0.01292	0.01615	0.01486	0.01163	0.01486	0.01034	0.01550	0.00775	0.00581	0.00581	0.00194	0.00775	0.00517	0.00258	0.00646
5	0.00912	0.00505	0.00731	0.00775	0.00786	0.00494	0.00516	0.00775	0.00874	0.01165	0.01727	0.27042	0.01936	0.01955	0.01773	0.56034	0.00450	0.00880	0.00346	0.00324
6	0.00908	0.00577	0.00700	0.00670	0.00806	0.00547	0.00502	0.01181	0.01507	0.02278	0.51557	0.03634	0.04182	0.01022	0.00595	0.00167	0.00273	0.00885	0.27460	0.00547
7	0.00823	0.00594	0.00777	0.00732	0.00869	0.00549	0.00549	0.01097	0.01646	0.02332	0.75629	0.04344	0.05487	0.01189	0.00686	0.00183	0.00274	0.01052	0.00640	0.00549
8	0.01282	0.01147	0.01583	0.01745	0.25719	0.00973	0.01047	0.01569	0.01244	0.01897	0.01053	0.01282	0.00881	0.00459	0.00478	0.00114	0.00516	0.00401	0.00326	0.56283
9	0.01024	0.00851	0.01294	0.01658	0.25376	0.00821	0.00952	0.01322	0.01541	0.02191	0.51295	0.03396	0.03996	0.00970	0.00650	0.00180	0.00410	0.00877	0.00525	0.00670
10	0.00709	0.00506	0.00675	0.00810	0.00843	0.00472	0.00540	0.00810	0.01113	0.01484	0.03205	0.79184	0.03846	0.01822	0.00742	0.00236	0.00337	0.01653	0.00540	0.00472
11	0.01206	0.01034	0.01206	0.00861	0.01378	0.00775	0.00689	0.01464	0.01206	0.01895	0.01034	0.01206	0.00861	0.00431	0.00431	0.00086	0.00431	0.00345	0.00345	0.83118
12	0.01422	0.07262	0.31430	0.01291	0.01928	0.03342	0.01378	0.14832	0.01502	0.02147	0.01085	0.01227	0.00824	0.00537	0.00505	0.00145	0.00669	0.00410	0.00341	0.27725
13	0.01193	0.01251	0.02565	0.01890	0.02331	0.01170	0.49901	0.01613	0.01462	0.02016	0.25483	0.02475	0.02386	0.00718	0.00686	0.00192	0.00750	0.00806	0.00407	0.00707
14	0.01017	0.02191	0.51779	0.01381	0.01971	0.01064	0.01623	0.01505	0.01190	0.01725	0.01749	0.26678	0.01752	0.00967	0.00614	0.00201	0.00689	0.00829	0.00342	0.00733
15	0.01329	0.00664	0.00895	0.00883	0.01053	0.00597	0.00643	0.01471	0.01293	0.25922	0.02908	0.53979	0.03060	0.01462	0.00691	0.00218	0.00389	0.01304	0.00599	0.00641
16	0.01081	0.16188	0.38399	0.01188	0.01766	0.01243	0.01382	0.01495	0.01251	0.01667	0.02583	0.02600	0.25212	0.00843	0.00564	0.00177	0.00632	0.00669	0.00342	0.00719

[dist]
# distance from previous block
# <min> <max>
0	21

[block]
# block no. 2 follows, 40 sequences, length 103
# corresponding to MSA columns:
# 2015-2045,2078-2086,2102-2126,2138-2164,2168-2178
name=unknown_C
#
# <colnr> <probs for GDERKNQSTAVLIFYWHMCP>
#	G	D	E	R	K	N	Q	S	T	A	V	L	I	F	Y	W	H	M	C	P
0	0.00978	0.00722	0.05043	0.00704	0.00886	0.00610	0.00581	0.01302	0.02883	0.02228	0.35066	0.03094	0.03253	0.00903	0.00544	0.00161	0.00310	0.00767	0.39392	0.00571
1	0.00716	0.00509	0.00672	0.00800	0.00831	0.00478	0.00529	0.00812	0.01098	0.01464	0.03126	0.74840	0.03746	0.06301	0.00870	0.00255	0.00350	0.01607	0.00529	0.00465
2	0.00737	0.00536	0.00705	0.00813	0.00874	0.00490	0.00548	0.00847	0.01119	0.01508	0.03080	0.74691	0.03674	0.01742	0.00724	0.00228	0.00343	0.01578	0.00529	0.05234
3	0.01957	0.21805	0.02001	0.05791	0.01849	0.54268	0.01120	0.02130	0.01504	0.01413	0.00884	0.01049	0.00750	0.00573	0.00490	0.00146	0.00927	0.00367	0.00285	0.00690
4	0.02189	0.00919	0.01255	0.01007	0.01380	0.00838	0.00821	0.04185	0.01564	0.57327	0.06370	0.02154	0.01664	0.01375	0.13830	0.00310	0.00669	0.00617	0.00641	0.00883
5	0.02500	0.00962	0.01311	0.01022	0.01448	0.00833	0.00837	0.02717	0.01633	0.72025	0.02347	0.06428	0.01578	0.00783	0.00594	0.00183	0.00486	0.00646	0.00709	0.00960
6	0.00737	0.05160	0.00731	0.00612	0.00826	0.00595	0.00474	0.00887	0.01317	0.01559	0.05598	0.05328	0.71381	0.01417	0.00669	0.00192	0.00313	0.01174	0.00523	0.00506
7	0.05930	0.02040	0.33245	0.05954	0.10728	0.01346	0.24077	0.01779	0.01273	0.01874	0.01194	0.01664	0.00948	0.00591	0.00601	0.00192	0.00832	0.04642	0.00289	0.00800
8	0.00735	0.00650	0.05047	0.00859	0.00940	0.00523	0.00633	0.00869	0.01120	0.01505	0.03081	0.74692	0.03667	0.01749	0.00731	0.00233	0.00367	0.01583	0.00523	0.00495
9	0.01856	0.01368	0.01488	0.01214	0.01621	0.01498	0.00977	0.32046	0.34110	0.09917	0.01885	0.01779	0.01368	0.00724	0.00578	0.00180	0.00535	0.00578	0.00586	0.05691
10	0.01380	0.01288	0.02290	0.01892	0.08216	0.01284	0.34338	0.02078	0.19373	0.06515	0.04242	0.04798	0.03403	0.00901	0.05062	0.00237	0.00768	0.00717	0.00421	0.00799
11	0.02083	0.00891	0.01188	0.00984	0.01330	0.00799	0.00782	0.02369	0.05779	0.53786	0.06635	0.16657	0.02142	0.00958	0.00621	0.00192	0.00451	0.00817	0.00674	0.00863
12	0.74650	0.01244	0.00948	0.00837	0.01199	0.05523	0.00683	0.05756	0.01123	0.02602	0.00847	0.00975	0.00656	0.00552	0.00381	0.00178	0.00493	0.00330	0.00369	0.00652
13	0.00849	0.00604	0.00742	0.00708	0.00868	0.00541	0.00531	0.01077	0.01531	0.04951	0.49756	0.08437	0.24688	0.01282	0.00685	0.00189	0.00292	0.01113	0.00610	0.00546
14	0.01555	0.79913	0.03047	0.00995	0.01493	0.02301	0.00995	0.01741	0.01182	0.01368	0.00808	0.00933	0.00746	0.00498	0.00373	0.00124	0.00622	0.00311	0.00249	0.00746
15	0.21669	0.05305	0.06156	0.01253	0.01433	0.01546	0.01093	0.01481	0.00956	0.01720	0.00882	0.01283	0.00804	0.01214	0.09703	0.00300	0.41816	0.00458	0.00286	0.00641
16	0.01429	0.43909	0.30439	0.01396	0.05707	0.05024	0.01472	0.01805	0.01226	0.01575	0.00915	0.01074	0.00752	0.00523	0.00457	0.00150	0.00732	0.00369	0.00252	0.00795
17	0.01084	0.00542	0.00542	0.00542	0.00678	0.00542	0.00407	0.01355	0.01220	0.02168	0.01897	0.02168	0.01491	0.00678	0.00407	0.00136	0.00271	0.00542	0.82791	0.00542
18	0.01166	0.03008	0.76550	0.01657	0.02517	0.01351	0.02149	0.01842	0.01228	0.01842	0.01044	0.01228	0.00737	0.00552	0.00552	0.00184	0.00859	0.00430	0.00246	0.00859
19	0.01233	0.01055	0.01235	0.00891	0.01393	0.00829	0.00715	0.03315	0.01236	0.01927	0.01036	0.01213	0.00862	0.00453	0.00474	0.00093	0.02547	0.00354	0.00348	0.78790
20	0.01084	0.00542	0.00542	0.00542	0.00678	0.00542	0.00407	0.01355	0.01220	0.02168	0.01897	0.02168	0.01491	0.00678	0.00407	0.00136	0.00271	0.00542	0.82791	0.00542
21	0.00851	0.00612	0.00816	0.00813	0.00950	0.00578	0.00642	0.01123	0.01572	0.02189	0.58129	0.04878	0.04971	0.01290	0.00714	0.00203	0.00337	0.18171	0.00615	0.00546
22	0.01152	0.02094	0.41273	0.33944	0.06909	0.01327	0.01905	0.01689	0.01205	0.01695	0.01042	0.01374	0.00762	0.00563	0.00566	0.00188	0.00815	0.00471	0.00253	0.00773
23	0.00846	0.00564	0.00634	0.00634	0.00634	0.00564	0.00352	0.00846	0.00846	0.01128	0.01832	0.03805	0.02114	0.79563	0.02960	0.00564	0.00564	0.00846	0.00352	0.00352
24	0.00831	0.00623	0.00935	0.00935	0.01038	0.00727	0.00727	0.01038	0.00935	0.01350	0.01558	0.02285	0.01454	0.04361	0.77259	0.00935	0.01558	0.00623	0.00312	0.00519
25	0.01168	0.01163	0.02108	0.57282	0.03648	0.01360	0.17088	0.01561	0.01191	0.01561	0.01048	0.01537	0.00797	0.00588	0.00684	0.00198	0.05522	0.00553	0.00266	0.00675
26	0.01991	0.11308	0.10289	0.01456	0.01846	0.58300	0.01225	0.04141	0.01578	0.01525	0.00919	0.01066	0.00754	0.00585	0.00512	0.00152	0.00969	0.00378	0.00295	0.00712
27	0.48985	0.01568	0.19717	0.01034	0.01533	0.01237	0.01046	0.01940	0.01167	0.15354	0.01128	0.01196	0.00798	0.00575	0.00447	0.00181	0.00559	0.00391	0.00395	0.00750
28	0.00709	0.00506	0.00675	0.00810	0.00843	0.00472	0.00540	0.00810	0.01113	0.01484	0.03205	0.79184	0.03846	0.01822	0.00742	0.00236	0.00337	0.01653	0.00540	0.00472
29	0.01900	0.01267	0.01416	0.01180	0.01568	0.01377	0.00944	0.18341	0.41140	0.21030	0.02139	0.01955	0.01522	0.00752	0.00588	0.00188	0.00508	0.00611	0.00621	0.00952
30	0.01263	0.01076	0.01146	0.01044	0.01331	0.01202	0.00807	0.02527	0.55568	0.02295	0.11486	0.02924	0.12977	0.00936	0.00617	0.00195	0.00414	0.00787	0.00590	0.00814
31	0.02211	0.01629	0.01745	0.01338	0.01803	0.01803	0.01105	0.73997	0.02734	0.03665	0.01396	0.01396	0.00989	0.00698	0.00582	0.00175	0.00640	0.00524	0.00582	0.00989
32	0.00846	0.00564	0.00634	0.00634	0.00634	0.00564	0.00352	0.00846	0.00846	0.01128	0.01832	0.03805	0.02114	0.79563	0.02960	0.00564	0.00564	0.00846	0.00352	0.00352
33	0.01598	0.00924	0.01086	0.00946	0.01266	0.00904	0.00755	0.02208	0.22495	0.28187	0.03440	0.03400	0.23882	0.01020	0.00631	0.00195	0.00427	0.05225	0.00618	0.00792
34	0.01621	0.01726	0.02184	0.03056	0.57546	0.20195	0.01621	0.01918	0.01404	0.01782	0.01045	0.01342	0.00878	0.00538	0.00563	0.00167	0.00780	0.00483	0.00291	0.00860
35	0.00687	0.00589	0.00589	0.00589	0.00785	0.00491	0.00442	0.00835	0.01325	0.01571	0.05891	0.05596	0.75700	0.01473	0.00687	0.00196	0.00295	0.01227	0.00540	0.00491
36	0.00709	0.00506	0.00675	0.00810	0.00843	0.00472	0.00540	0.00810	0.01113	0.01484	0.03205	0.79184	0.03846	0.01822	0.00742	0.00236	0.00337	0.01653	0.00540	0.00472
37	0.01446	0.01249	0.01315	0.01183	0.01512	0.01446	0.00920	0.03090	0.74885	0.02433	0.02367	0.02170	0.01775	0.00789	0.00592	0.00197	0.00460	0.00657	0.00592	0.00920
38	0.01555	0.79913	0.03047	0.00995	0.01493	0.02301	0.00995	0.01741	0.01182	0.01368	0.00808	0.00933	0.00746	0.00498	0.00373	0.00124	0.00622	0.00311	0.00249	0.00746
39	0.01188	0.07253	0.72492	0.01621	0.02460	0.01403	0.02085	0.01836	0.01225	0.01815	0.01031	0.01211	0.00737	0.00549	0.00543	0.00181	0.00846	0.00423	0.00246	0.00853
40	0.02609	0.00990	0.01350	0.01035	0.01484	0.00855	0.00855	0.02834	0.01664	0.76338	0.02294	0.01979	0.01439	0.00720	0.00585	0.00180	0.00495	0.00585	0.00720	0.00990
41	0.00823	0.00594	0.00777	0.00732	0.00869	0.00549	0.00549	0.01097	0.01646	0.02332	0.75629	0.04344	0.05487	0.01189	0.00686	0.00183	0.00274	0.01052	0.00640	0.00549
42	0.01864	0.02126	0.01473	0.01363	0.01641	0.50202	0.01063	0.09668	0.01687	0.01736	0.01564	0.02428	0.03266	0.00856	0.00597	0.00180	0.00872	0.16355	0.00388	0.00672
43	0.02211	0.01629	0.01745	0.01338	0.01803	0.01803	0.01105	0.73997	0.02734	0.03665	0.01396	0.01396	0.00989	0.00698	0.00582	0.00175	0.00640	0.00524	0.00582	0.00989
44	0.01010	0.00505	0.00758	0.00758	0.00758	0.00505	0.00505	0.00758	0.00758	0.01010	0.01010	0.01768	0.01010	0.02020	0.02273	0.83081	0.00505	0.00505	0.00253	0.00253
45	0.01439	0.01382	0.02360	0.03569	0.75936	0.01382	0.01785	0.01785	0.01324	0.01900	0.01094	0.01439	0.00921	0.00518	0.00576	0.00173	0.00691	0.00518	0.00288	0.00921
46	0.01218	0.01244	0.01089	0.01059	0.01203	0.23478	0.00788	0.01377	0.01158	0.01365	0.01571	0.10579	0.01574	0.10365	0.38606	0.00587	0.01173	0.00685	0.00337	0.00544
47	0.02187	0.02711	0.01638	0.01482	0.01787	0.74633	0.01114	0.02339	0.01649	0.03969	0.00946	0.01080	0.00773	0.00603	0.00526	0.00151	0.01030	0.00382	0.00314	0.00685
48	0.00687	0.00589	0.00589	0.00589	0.00785	0.00491	0.00442	0.00835	0.01325	0.01571	0.05891	0.05596	0.75700	0.01473	0.00687	0.00196	0.00295	0.01227	0.00540	0.00491
49	0.01272	0.01272	0.01781	0.01527	0.01527	0.01781	0.01272	0.01399	0.00891	0.01399	0.00763	0.01272	0.00763	0.01018	0.01908	0.00254	0.78499	0.00509	0.00254	0.00636
50	0.01316	0.01363	0.01509	0.01325	0.01410	0.14503	0.01067	0.01484	0.01209	0.01635	0.19356	0.01996	0.01933	0.00988	0.01366	0.00219	0.45722	0.00620	0.00358	0.00621
51	0.01204	0.00789	0.00664	0.00648	0.00802	0.09032	0.00486	0.01462	0.01267	0.02086	0.01787	0.02044	0.01408	0.00669	0.00420	0.00137	0.00357	0.00523	0.73659	0.00557
52	0.00687	0.00589	0.00589	0.00589	0.00785	0.00491	0.00442	0.00835	0.01325	0.01571	0.05891	0.05596	0.75700	0.01473	0.00687	0.00196	0.00295	0.01227	0.00540	0.00491
53	0.00751	0.00524	0.00662	0.00755	0.00779	0.00501	0.00482	0.00821	0.01030	0.01374	0.02780	0.55816	0.03309	0.25922	0.01430	0.00338	0.00408	0.01403	0.00482	0.00435
54	0.01039	0.00925	0.01200	0.01500	0.19565	0.05504	0.00913	0.01288	0.01437	0.01908	0.27094	0.09490	0.16027	0.01128	0.00666	0.00194	0.00462	0.08533	0.00495	0.00632
55	0.02044	0.01505	0.01627	0.01280	0.01697	0.01656	0.01043	0.65894	0.02555	0.03424	0.01596	0.10008	0.01305	0.00822	0.00600	0.00181	0.00606	0.00649	0.00577	0.00932
56	0.01084	0.00542	0.00542	0.00542	0.00678	0.00542	0.00407	0.01355	0.01220	0.02168	0.01897	0.02168	0.01491	0.00678	0.00407	0.00136	0.00271	0.00542	0.82791	0.00542
57	0.53874	0.00973	0.00818	0.00737	0.01033	0.01094	0.00594	0.05291	0.01177	0.02537	0.05746	0.01482	0.01163	0.00622	0.00403	0.00169	0.00404	0.00428	0.20835	0.00621
58	0.01439	0.01382	0.02360	0.03569	0.75936	0.01382	0.01785	0.01785	0.01324	0.01900	0.01094	0.01439	0.00921	0.00518	0.00576	0.00173	0.00691	0.00518	0.00288	0.00921
59	0.00751	0.00524	0.00662	0.00755	0.00779	0.00501	0.00482	0.00821	0.01030	0.01374	0.02780	0.55816	0.03309	0.25922	0.01430	0.00338	0.00408	0.01403	0.00482	0.00435
60	0.00723	0.00516	0.00691	0.00826	0.00866	0.00485	0.00564	0.00834	0.01127	0.01500	0.03197	0.74683	0.03815	0.01809	0.00746	0.00238	0.00350	0.06014	0.00540	0.00476
61	0.01230	0.01240	0.01716	0.09705	0.01805	0.05676	0.05694	0.01405	0.01023	0.01451	0.01169	0.12273	0.01205	0.01028	0.01450	0.00236	0.50095	0.00674	0.00300	0.00625
62	0.00709	0.00506	0.00675	0.00810	0.00843	0.00472	0.00540	0.00810	0.01113	0.01484	0.03205	0.79184	0.03846	0.01822	0.00742	0.00236	0.00337	0.01653	0.00540	0.00472
63	0.01232	0.00680	0.00770	0.00691	0.00940	0.00590	0.00538	0.01420	0.01391	0.20219	0.04309	0.04107	0.44466	0.01149	0.00613	0.00182	0.00340	0.00950	0.14787	0.00623
64	0.02524	0.01127	0.01434	0.01100	0.01553	0.01058	0.00908	0.18103	0.01894	0.60745	0.02102	0.01854	0.01343	0.00715	0.00584	0.00179	0.00526	0.00572	0.00690	0.00990
65	0.00734	0.00609	0.00783	0.00784	0.00935	0.00538	0.04556	0.00881	0.01240	0.01551	0.04511	0.36022	0.41620	0.01564	0.00710	0.00213	0.00350	0.01375	0.00526	0.00499
66	0.01272	0.01272	0.01781	0.01527	0.01527	0.01781	0.01272	0.01399	0.00891	0.01399	0.00763	0.01272	0.00763	0.01018	0.01908	0.00254	0.78499	0.00509	0.00254	0.00636
67	0.00923	0.00659	0.00921	0.01055	0.01182	0.00657	0.00912	0.01180	0.01325	0.01724	0.03087	0.11060	0.03378	0.01620	0.00799	0.00266	0.00523	0.67661	0.00536	0.00532
68	0.01339	0.01809	0.20906	0.02249	0.18927	0.01399	0.25719	0.02041	0.14228	0.01975	0.02758	0.01614	0.01100	0.00578	0.00612	0.00188	0.00781	0.00587	0.00339	0.00853
69	0.01175	0.01019	0.01671	0.65679	0.03565	0.01252	0.01496	0.01534	0.01203	0.05660	0.05230	0.01715	0.01073	0.00645	0.00655	0.00196	0.04718	0.00550	0.00305	0.00659
70	0.01555	0.79913	0.03047	0.00995	0.01493	0.02301	0.00995	0.01741	0.01182	0.01368	0.00808	0.00933	0.00746	0.00498	0.00373	0.00124	0.00622	0.00311	0.00249	0.00746
71	0.02172	0.02772	0.01648	0.01498	0.01798	0.77228	0.01124	0.02322	0.01648	0.01423	0.00899	0.01049	0.00749	0.00599	0.00524	0.00150	0.01049	0.00375	0.00300	0.00674
72	0.01341	0.01204	0.01754	0.01280	0.01772	0.01064	0.16960	0.10029	0.01438	0.02106	0.05241	0.01485	0.01135	0.00533	0.00558	0.00131	0.02624	0.00485	0.00375	0.48486
73	0.01106	0.00806	0.01058	0.00954	0.01152	0.00875	0.00755	0.08324	0.01191	0.03507	0.01490	0.01989	0.01302	0.02840	0.45848	0.00612	0.05104	0.00562	0.09480	0.11047
74	0.00709	0.00506	0.00675	0.00810	0.00843	0.00472	0.00540	0.00810	0.01113	0.01484	0.03205	0.79184	0.03846	0.01822	0.00742	0.00236	0.00337	0.01653	0.00540	0.00472
75	0.00709	0.00506	0.00675	0.00810	0.00843	0.00472	0.00540	0.00810	0.01113	0.01484	0.03205	0.79184	0.03846	0.01822	0.00742	0.00236	0.00337	0.01653	0.00540	0.00472
76	0.01425	0.43543	0.33904	0.01291	0.01939	0.01876	0.01486	0.05490	0.01281	0.01685	0.00938	0.01081	0.00755	0.00531	0.00459	0.00152	0.00723	0.00372	0.00264	0.00806
77	0.00709	0.00506	0.00675	0.00810	0.00843	0.00472	0.00540	0.00810	0.01113	0.01484	0.03205	0.79184	0.03846	0.01822	0.00742	0.00236	0.00337	0.01653	0.00540	0.00472
78	0.00709	0.00506	0.00675	0.00810	0.00843	0.00472	0.00540	0.00810	0.01113	0.01484	0.03205	0.79184	0.03846	0.01822	0.00742	0.00236	0.00337	0.01653	0.00540	0.00472
79	0.02560	0.01135	0.01390	0.01080	0.01521	0.05640	0.00885	0.06731	0.01722	0.67684	0.02158	0.01889	0.01372	0.00711	0.00581	0.00178	0.00537	0.00568	0.00686	0.00970
80	0.00792	0.00667	0.00698	0.00690	0.00891	0.00611	0.00523	0.01124	0.09954	0.01714	0.08870	0.07664	0.58573	0.01394	0.00682	0.00200	0.00322	0.03536	0.00551	0.00545
81	0.00922	0.00616	0.00809	0.00748	0.00903	0.00566	0.00566	0.01194	0.01647	0.06440	0.71558	0.04213	0.05262	0.01163	0.00680	0.00183	0.00287	0.01026	0.00645	0.00573
82	0.00830	0.00557	0.00639	0.00655	0.00659	0.00553	0.00374	0.00841	0.00877	0.01169	0.01994	0.12660	0.02318	0.70431	0.02699	0.00525	0.00537	0.00941	0.00374	0.00366
83	0.01533	0.75668	0.07105	0.01032	0.01549	0.02249	0.01059	0.01747	0.01184	0.01394	0.00821	0.00949	0.00746	0.00501	0.00383	0.00128	0.00635	0.00318	0.00249	0.00753
84	0.01317	0.01051	0.01232	0.00887	0.01398	0.00814	0.00712	0.03968	0.01282	0.06086	0.01116	0.01255	0.00898	0.00456	0.00444	0.00094	0.00441	0.00364	0.00373	0.75810
85	0.01268	0.23036	0.57408	0.01485	0.02250	0.01598	0.01848	0.01815	0.01216	0.01718	0.00982	0.01151	0.00739	0.00538	0.00506	0.00169	0.00798	0.00399	0.00246	0.00830
86	0.02172	0.02772	0.01648	0.01498	0.01798	0.77228	0.01124	0.02322	0.01648	0.01423	0.00899	0.01049	0.00749	0.00599	0.00524	0.00150	0.01049	0.00375	0.00300	0.00674
87	0.01439	0.01382	0.02360	0.03569	0.75936	0.01382	0.01785	0.01785	0.01324	0.01900	0.01094	0.01439	0.00921	0.00518	0.00576	0.00173	0.00691	0.00518	0.00288	0.00921
88	0.00845	0.00566	0.00644	0.00644	0.00648	0.00569	0.00365	0.00852	0.00849	0.01135	0.01823	0.03754	0.02092	0.77007	0.05485	0.00576	0.00598	0.00838	0.00351	0.00358
89	0.01803	0.02157	0.01703	0.01510	0.01687	0.46292	0.01185	0.01944	0.01337	0.01413	0.00843	0.01140	0.00755	0.00771	0.01092	0.00193	0.32806	0.00430	0.00281	0.00659
90	0.01352	0.01088	0.01209	0.01132	0.01414	0.01222	0.00899	0.02597	0.53976	0.04960	0.04455	0.05624	0.02226	0.00985	0.00639	0.00211	0.00467	0.14132	0.00585	0.00826
91	0.01024	0.00875	0.01217	0.01075	0.01115	0.01062	0.04485	0.01114	0.00897	0.01283	0.01390	0.02643	0.01506	0.40441	0.09272	0.00468	0.28635	0.00696	0.00311	0.00492
92	0.02172	0.02772	0.01648	0.01498	0.01798	0.77228	0.01124	0.02322	0.01648	0.01423	0.00899	0.01049	0.00749	0.00599	0.00524	0.00150	0.01049	0.00375	0.00300	0.00674
93	0.03667	0.00860	0.01088	0.00882	0.01246	0.00744	0.00714	0.02151	0.01538	0.50128	0.03450	0.03151	0.25927	0.00964	0.00614	0.00185	0.00428	0.00791	0.00653	0.00818
94	0.03927	0.01087	0.01386	0.01073	0.01514	0.01016	0.00884	0.13230	0.04297	0.60377	0.03591	0.01929	0.01450	0.00725	0.00583	0.00180	0.00510	0.00583	0.00687	0.00972
95	0.01098	0.01034	0.01744	0.78165	0.04005	0.01292	0.01615	0.01486	0.01163	0.01486	0.01034	0.01550	0.00775	0.00581	0.00581	0.00194	0.00775	0.00517	0.00258	0.00646
96	0.01368	0.01556	0.03363	0.02412	0.02976	0.01484	0.70797	0.01843	0.01352	0.01843	0.01159	0.01556	0.00877	0.00512	0.00737	0.00199	0.04214	0.00679	0.00292	0.00778
97	0.01330	0.01102	0.01264	0.00955	0.01430	0.00946	0.00770	0.10084	0.07474	0.02139	0.01291	0.01582	0.01079	0.00552	0.00481	0.00115	0.00463	0.04068	0.00403	0.62474
98	0.01241	0.02782	0.68729	0.01580	0.02384	0.01286	0.02002	0.01872	0.01272	0.06478	0.04233	0.01404	0.00978	0.00589	0.00560	0.00184	0.00812	0.00465	0.00291	0.00855
99	0.01283	0.01075	0.00871	0.00841	0.01020	0.17049	0.00623	0.01585	0.05859	0.01905	0.01895	0.14372	0.01710	0.00845	0.00498	0.00157	0.00466	0.00687	0.43913	0.03347
100	0.00886	0.00627	0.00743	0.00761	0.00821	0.00639	0.00517	0.01055	0.05554	0.01357	0.02305	0.06114	0.06017	0.51487	0.06082	0.00482	0.00584	0.13120	0.00411	0.00438
101	0.02049	0.01448	0.01405	0.01176	0.01540	0.15479	0.00929	0.18239	0.12145	0.26910	0.02043	0.08369	0.03985	0.00821	0.00591	0.00181	0.00606	0.00654	0.00571	0.00860
102	0.01655	0.01151	0.01300	0.01097	0.01444	0.01221	0.00868	0.16605	0.31649	0.14480	0.10245	0.06940	0.02049	0.00846	0.00599	0.00184	0.00471	0.00706	0.00597	0.05892

[dist]
# distance from previous block
# <min> <max>
11	142

[block]
# block no. 3 follows, 40 sequences, length 48
# corresponding to MSA columns:
# 2329-2376
name=unknown_D
#
# <colnr> <probs for GDERKNQSTAVLIFYWHMCP>
#	G	D	E	R	K	N	Q	S	T	A	V	L	I	F	Y	W	H	M	C	P
0	0.01286	0.01097	0.01840	0.02348	0.39216	0.01065	0.07581	0.01598	0.01416	0.06630	0.20718	0.08662	0.02378	0.00810	0.00628	0.00183	0.00566	0.00769	0.00428	0.00780
1	0.01208	0.00884	0.01046	0.01010	0.01237	0.00912	0.00845	0.17911	0.04010	0.02223	0.05670	0.04725	0.14908	0.01278	0.00698	0.00221	0.00491	0.34508	0.05569	0.00645
2	0.00840	0.00588	0.00755	0.00755	0.00797	0.00629	0.00503	0.00923	0.00881	0.01217	0.01722	0.03194	0.01849	0.49350	0.32810	0.00713	0.00963	0.00756	0.00336	0.00419
3	0.02609	0.00990	0.01350	0.01035	0.01484	0.00855	0.00855	0.02834	0.01664	0.76338	0.02294	0.01979	0.01439	0.00720	0.00585	0.00180	0.00495	0.00585	0.00720	0.00990
4	0.01351	0.01292	0.02202	0.22774	0.57417	0.01359	0.01741	0.01708	0.01283	0.01793	0.01078	0.01468	0.00884	0.00534	0.00577	0.00178	0.00713	0.00518	0.00280	0.00850
5	0.01435	0.01193	0.01445	0.01052	0.01562	0.01038	0.04776	0.17361	0.01549	0.02281	0.01121	0.01267	0.00890	0.00492	0.00478	0.00111	0.00506	0.00402	0.00394	0.60645
6	0.01214	0.01061	0.01320	0.00943	0.01463	0.00811	0.04443	0.01485	0.01214	0.01893	0.01041	0.01224	0.00862	0.00434	0.00444	0.00092	0.00459	0.00362	0.00342	0.78892
7	0.01468	0.00975	0.01209	0.00942	0.01339	0.00846	0.02411	0.07979	0.03046	0.16804	0.14524	0.04887	0.05994	0.00756	0.00552	0.00145	0.00437	0.00637	0.00512	0.34537
8	0.01166	0.03008	0.76550	0.01657	0.02517	0.01351	0.02149	0.01842	0.01228	0.01842	0.01044	0.01228	0.00737	0.00552	0.00552	0.00184	0.00859	0.00430	0.00246	0.00859
9	0.01283	0.01103	0.01241	0.00965	0.01421	0.00992	0.00764	0.01988	0.24959	0.02068	0.01463	0.01517	0.01156	0.00546	0.00483	0.00122	0.00440	0.00445	0.00424	0.56618
10	0.01388	0.01334	0.02245	0.11626	0.61856	0.01405	0.01724	0.01720	0.01271	0.01813	0.01060	0.01438	0.00892	0.00566	0.00686	0.00182	0.07129	0.00517	0.00282	0.00867
11	0.02051	0.02458	0.01722	0.01505	0.01811	0.59510	0.03728	0.08874	0.01666	0.01656	0.00947	0.01122	0.00780	0.00635	0.00648	0.00161	0.07393	0.00410	0.00323	0.02600
12	0.01606	0.01021	0.01247	0.00911	0.01408	0.00798	0.00736	0.01855	0.01337	0.23141	0.01393	0.01427	0.01026	0.00513	0.00475	0.00113	0.00449	0.00413	0.00452	0.59679
13	0.01098	0.01034	0.01744	0.78165	0.04005	0.01292	0.01615	0.01486	0.01163	0.01486	0.01034	0.01550	0.00775	0.00581	0.00581	0.00194	0.00775	0.00517	0.00258	0.00646
14	0.83671	0.01125	0.00855	0.00765	0.01125	0.01305	0.00630	0.01709	0.00990	0.02609	0.00810	0.00945	0.00630	0.00540	0.00360	0.00180	0.00450	0.00315	0.00360	0.00630
15	0.01010	0.00505	0.00758	0.00758	0.00758	0.00505	0.00505	0.00758	0.00758	0.01010	0.01010	0.01768	0.01010	0.02020	0.02273	0.83081	0.00505	0.00505	0.00253	0.00253
16	0.00709	0.00506	0.00675	0.00810	0.00843	0.00472	0.00540	0.00810	0.01113	0.01484	0.03205	0.79184	0.03846	0.01822	0.00742	0.00236	0.00337	0.01653	0.00540	0.00472
17	0.00802	0.00573	0.00740	0.00737	0.00837	0.00535	0.00524	0.01009	0.01444	0.02018	0.52123	0.19837	0.04760	0.10298	0.00958	0.00238	0.00321	0.01153	0.00586	0.00510
18	0.01754	0.55043	0.02596	0.01157	0.01591	0.26457	0.01036	0.01929	0.01332	0.01386	0.00838	0.00970	0.00747	0.00530	0.00422	0.00133	0.00759	0.00331	0.00265	0.00723
19	0.00745	0.00522	0.00664	0.00763	0.00787	0.00497	0.00490	0.00819	0.01042	0.01389	0.02838	0.59000	0.03382	0.22638	0.01336	0.00324	0.00398	0.01437	0.00490	0.00440
20	0.00687	0.00589	0.00589	0.00589	0.00785	0.00491	0.00442	0.00835	0.01325	0.01571	0.05891	0.05596	0.75700	0.01473	0.00687	0.00196	0.00295	0.01227	0.00540	0.00491
21	0.02172	0.02772	0.01648	0.01498	0.01798	0.77228	0.01124	0.02322	0.01648	0.01423	0.00899	0.01049	0.00749	0.00599	0.00524	0.00150	0.01049	0.00375	0.00300	0.00674
22	0.01209	0.01219	0.02249	0.47542	0.09554	0.01374	0.20945	0.01607	0.01217	0.01616	0.01062	0.01531	0.00815	0.00576	0.00682	0.00196	0.05069	0.00562	0.00270	0.00705
23	0.00846	0.00564	0.00634	0.00634	0.00634	0.00564	0.00352	0.00846	0.00846	0.01128	0.01832	0.03805	0.02114	0.79563	0.02960	0.00564	0.00564	0.00846	0.00352	0.00352
24	0.83671	0.01125	0.00855	0.00765	0.01125	0.01305	0.00630	0.01709	0.00990	0.02609	0.00810	0.00945	0.00630	0.00540	0.00360	0.00180	0.00450	0.00315	0.00360	0.00630
25	0.01186	0.01284	0.04971	0.01811	0.02215	0.01201	0.41754	0.01583	0.01399	0.01943	0.21177	0.02548	0.02235	0.00784	0.00789	0.00201	0.07167	0.04658	0.00395	0.00698
26	0.00795	0.00575	0.00778	0.00838	0.00889	0.00606	0.00589	0.00920	0.01022	0.01419	0.02417	0.41602	0.02738	0.12899	0.23084	0.00478	0.03426	0.01171	0.03278	0.00478
27	0.52363	0.01589	0.01209	0.01173	0.05861	0.21665	0.00867	0.01861	0.01181	0.02182	0.00848	0.01020	0.00687	0.00581	0.00502	0.00176	0.04889	0.00354	0.00334	0.00660
28	0.83671	0.01125	0.00855	0.00765	0.01125	0.01305	0.00630	0.01709	0.00990	0.02609	0.00810	0.00945	0.00630	0.00540	0.00360	0.00180	0.00450	0.00315	0.00360	0.00630
29	0.00846	0.00564	0.00634	0.00634	0.00634	0.00564	0.00352	0.00846	0.00846	0.01128	0.01832	0.03805	0.02114	0.79563	0.02960	0.00564	0.00564	0.00846	0.00352	0.00352
30	0.01498	0.68647	0.13815	0.01092	0.01643	0.02162	0.01164	0.01756	0.01188	0.01438	0.00843	0.00976	0.00745	0.00506	0.00399	0.00133	0.00657	0.00328	0.00248	0.00763
31	0.02172	0.02772	0.01648	0.01498	0.01798	0.77228	0.01124	0.02322	0.01648	0.01423	0.00899	0.01049	0.00749	0.00599	0.00524	0.00150	0.01049	0.00375	0.00300	0.00674
32	0.00755	0.00526	0.00661	0.00750	0.00773	0.00503	0.00476	0.00822	0.01023	0.01364	0.02741	0.53699	0.03261	0.28105	0.01492	0.00347	0.00414	0.01380	0.00476	0.00432
33	0.00794	0.00642	0.01028	0.01020	0.01125	0.00600	0.09942	0.00945	0.01147	0.01533	0.02945	0.69226	0.03466	0.01651	0.00735	0.00231	0.00420	0.01529	0.00508	0.00512
34	0.01286	0.08837	0.46559	0.02219	0.26102	0.01439	0.01936	0.01815	0.01255	0.01821	0.01040	0.01272	0.00797	0.00537	0.00545	0.00176	0.00785	0.00448	0.00259	0.00870
35	0.01098	0.01034	0.01744	0.78165	0.04005	0.01292	0.01615	0.01486	0.01163	0.01486	0.01034	0.01550	0.00775	0.00581	0.00581	0.00194	0.00775	0.00517	0.00258	0.00646
36	0.00866	0.00593	0.00728	0.00776	0.00818	0.00591	0.00539	0.00952	0.01009	0.01332	0.02284	0.08756	0.02581	0.51752	0.02187	0.00456	0.00543	0.22404	0.00418	0.00414
37	0.01827	0.02103	0.01482	0.01350	0.01643	0.46476	0.01025	0.02464	0.25200	0.01743	0.01427	0.01512	0.01138	0.00971	0.06886	0.00230	0.00901	0.00486	0.00395	0.00741
38	0.01459	0.00998	0.01277	0.10978	0.04711	0.01041	0.00915	0.20612	0.01818	0.11261	0.28124	0.06626	0.04162	0.00925	0.00626	0.00183	0.00482	0.00790	0.02273	0.00740
39	0.57537	0.01081	0.01014	0.00852	0.01241	0.01160	0.00702	0.02072	0.01207	0.26379	0.01288	0.01278	0.00891	0.00598	0.00432	0.00180	0.00464	0.00402	0.00476	0.00746
40	0.00717	0.00549	0.00648	0.00708	0.00812	0.00491	0.00492	0.00845	0.01227	0.01570	0.10173	0.40232	0.32111	0.05623	0.00830	0.00233	0.00327	0.01395	0.00539	0.00480
41	0.01433	0.02321	0.51570	0.01487	0.02182	0.01180	0.04699	0.01963	0.01327	0.17052	0.03383	0.06230	0.01200	0.00678	0.00580	0.00187	0.00743	0.00563	0.00373	0.00851
42	0.01078	0.00897	0.01611	0.01336	0.01599	0.00828	0.24182	0.01319	0.01263	0.07799	0.02742	0.40501	0.09802	0.01267	0.00706	0.00215	0.00553	0.01211	0.00475	0.00617
43	0.00914	0.00790	0.01161	0.01096	0.01190	0.00872	0.06944	0.01112	0.03728	0.01521	0.02540	0.44987	0.06440	0.04257	0.03588	0.00268	0.16380	0.01218	0.00448	0.00547
44	0.01349	0.01393	0.02680	0.16977	0.33047	0.01401	0.30930	0.01761	0.01314	0.01808	0.01116	0.01512	0.00878	0.00519	0.00622	0.00186	0.00824	0.00586	0.00285	0.00815
45	0.01245	0.01172	0.01922	0.46024	0.28659	0.01336	0.01616	0.01722	0.07309	0.01707	0.01165	0.01563	0.00908	0.00577	0.00580	0.00187	0.00720	0.00529	0.00296	0.00764
46	0.01543	0.01668	0.01992	0.01597	0.01936	0.24108	0.23200	0.01946	0.07556	0.04312	0.16074	0.02007	0.01845	0.00736	0.00721	0.00184	0.06818	0.00646	0.00401	0.00711
47	0.01560	0.01480	0.02568	0.09368	0.08692	0.01509	0.35614	0.20723	0.01681	0.02289	0.01192	0.01482	0.00898	0.00571	0.00669	0.00185	0.03507	0.00590	0.00367	0.05057

[dist]
# distance from previous block
# <min> <max>
7	49

[block]
# block no. 4 follows, 40 sequences, length 135
# corresponding to MSA columns:
# 2427-2561
name=unknown_E
#
# <colnr> <probs for GDERKNQSTAVLIFYWHMCP>
#	G	D	E	R	K	N	Q	S	T	A	V	L	I	F	Y	W	H	M	C	P
0	0.11649	0.09842	0.22105	0.01361	0.06481	0.07288	0.01251	0.07487	0.05540	0.04585	0.01392	0.10779	0.01228	0.00725	0.00531	0.00174	0.00645	0.00574	0.00372	0.05990
1	0.31074	0.12079	0.02902	0.01055	0.03959	0.05676	0.00840	0.08386	0.06075	0.06434	0.05454	0.10897	0.01476	0.00770	0.00495	0.00178	0.00522	0.00588	0.00429	0.00712
2	0.12061	0.08523	0.12507	0.01181	0.01573	0.07441	0.03626	0.05728	0.05232	0.08998	0.03932	0.10941	0.01427	0.00791	0.00645	0.00180	0.06731	0.00614	0.01913	0.05954
3	0.20422	0.06196	0.24608	0.01694	0.17730	0.01313	0.01393	0.01854	0.04867	0.06343	0.02643	0.01575	0.02336	0.00619	0.00515	0.00179	0.00634	0.02370	0.01913	0.00797
4	0.03717	0.01618	0.15728	0.04347	0.02386	0.01317	0.35112	0.05366	0.01369	0.06761	0.01287	0.01565	0.00956	0.00583	0.00671	0.00187	0.05098	0.00582	0.10576	0.00774
5	0.01657	0.38510	0.03952	0.08322	0.13298	0.17888	0.01228	0.05960	0.01390	0.01612	0.00930	0.01122	0.00790	0.00542	0.00470	0.00147	0.00742	0.00389	0.00285	0.00765
6	0.28844	0.02157	0.01395	0.01248	0.01578	0.47378	0.00961	0.06878	0.01505	0.01960	0.00903	0.01038	0.00726	0.00586	0.00474	0.00161	0.00826	0.00365	0.00338	0.00681
7	0.01362	0.01344	0.02089	0.30696	0.44879	0.06230	0.01680	0.01710	0.01286	0.01718	0.01059	0.01455	0.00857	0.00546	0.00574	0.00179	0.00745	0.00508	0.00278	0.00805
8	0.00719	0.00539	0.00670	0.00769	0.00853	0.00491	0.00541	0.00844	0.01185	0.01525	0.03911	0.54619	0.22918	0.01714	0.00732	0.00228	0.00340	0.06382	0.00540	0.00482
9	0.01807	0.01429	0.01518	0.01256	0.01650	0.01615	0.01008	0.36583	0.40804	0.03015	0.01908	0.01804	0.01404	0.00746	0.00587	0.00187	0.00545	0.00594	0.00587	0.00953
10	0.00709	0.00506	0.00675	0.00810	0.00843	0.00472	0.00540	0.00810	0.01113	0.01484	0.03205	0.79184	0.03846	0.01822	0.00742	0.00236	0.00337	0.01653	0.00540	0.00472
11	0.01862	0.01128	0.01805	0.01364	0.01797	0.01037	0.18137	0.03467	0.01453	0.35330	0.01786	0.07489	0.01346	0.00722	0.00682	0.00178	0.05610	0.00646	0.00515	0.13647
12	0.00718	0.00514	0.00684	0.00803	0.00846	0.00479	0.00541	0.00835	0.01160	0.01558	0.09478	0.72701	0.03988	0.01767	0.00737	0.00232	0.00332	0.01601	0.00549	0.00479
13	0.00694	0.00562	0.00617	0.00661	0.00804	0.00485	0.00474	0.00826	0.01256	0.01543	0.05012	0.29677	0.52186	0.01587	0.00705	0.00209	0.00309	0.01367	0.00540	0.00485
14	0.01051	0.00944	0.01346	0.01219	0.01267	0.01246	0.00985	0.01211	0.00910	0.01367	0.01172	0.01834	0.01133	0.05368	0.37094	0.00583	0.39839	0.00574	0.00285	0.00572
15	0.02116	0.01278	0.01456	0.01166	0.01563	0.02735	0.00942	0.35841	0.06261	0.27611	0.01964	0.11133	0.01529	0.00846	0.00602	0.00185	0.00552	0.00687	0.00618	0.00916
16	0.00709	0.00506	0.00675	0.00810	0.00843	0.00472	0.00540	0.00810	0.01113	0.01484	0.03205	0.79184	0.03846	0.01822	0.00742	0.00236	0.00337	0.01653	0.00540	0.00472
17	0.00716	0.00512	0.00681	0.00805	0.00845	0.00477	0.00540	0.00828	0.01148	0.01539	0.07865	0.74368	0.03952	0.01781	0.00739	0.00233	0.00333	0.01614	0.00546	0.00477
18	0.01121	0.01057	0.01785	0.73215	0.08779	0.01298	0.01626	0.01506	0.01173	0.01513	0.01038	0.01543	0.00785	0.00577	0.00581	0.00192	0.00770	0.00517	0.00260	0.00664
19	0.01206	0.01034	0.01206	0.00861	0.01378	0.00775	0.00689	0.01464	0.01206	0.01895	0.01034	0.01206	0.00861	0.00431	0.00431	0.00086	0.00431	0.00345	0.00345	0.83118
20	0.00846	0.00564	0.00634	0.00634	0.00634	0.00564	0.00352	0.00846	0.00846	0.01128	0.01832	0.03805	0.02114	0.79563	0.02960	0.00564	0.00564	0.00846	0.00352	0.00352
21	0.83671	0.01125	0.00855	0.00765	0.01125	0.01305	0.00630	0.01709	0.00990	0.02609	0.00810	0.00945	0.00630	0.00540	0.00360	0.00180	0.00450	0.00315	0.00360	0.00630
22	0.01193	0.01281	0.02686	0.02007	0.02446	0.01201	0.54010	0.01578	0.01302	0.01760	0.01725	0.22553	0.01684	0.00850	0.00701	0.00207	0.00807	0.00948	0.00361	0.00700
23	0.01084	0.00542	0.00542	0.00542	0.00678	0.00542	0.00407	0.01355	0.01220	0.02168	0.01897	0.02168	0.01491	0.00678	0.00407	0.00136	0.00271	0.00542	0.82791	0.00542
24	0.06101	0.00866	0.01192	0.01057	0.01251	0.00981	0.00853	0.01626	0.01127	0.21705	0.01573	0.01946	0.01281	0.02566	0.38791	0.00567	0.14853	0.00575	0.00415	0.00673
25	0.01166	0.03008	0.76550	0.01657	0.02517	0.01351	0.02149	0.01842	0.01228	0.01842	0.01044	0.01228	0.00737	0.00552	0.00552	0.00184	0.00859	0.00430	0.00246	0.00859
26	0.00754	0.00547	0.00760	0.00858	0.00916	0.00552	0.00613	0.00894	0.01078	0.01462	0.02753	0.54338	0.03171	0.02496	0.21433	0.00427	0.00678	0.05303	0.00478	0.00489
27	0.00709	0.00506	0.00675	0.00810	0.00843	0.00472	0.00540	0.00810	0.01113	0.01484	0.03205	0.79184	0.03846	0.01822	0.00742	0.00236	0.00337	0.01653	0.00540	0.00472
28	0.01381	0.01132	0.01227	0.01121	0.01416	0.01282	0.00868	0.02748	0.60874	0.04796	0.06537	0.08450	0.02170	0.00909	0.00613	0.00201	0.00443	0.02381	0.00593	0.00858
29	0.01162	0.00871	0.01056	0.00834	0.01196	0.00717	0.00654	0.01470	0.03855	0.07019	0.29480	0.02481	0.02686	0.00750	0.00543	0.00133	0.00377	0.00639	0.00490	0.43587
30	0.02003	0.17174	0.07069	0.06384	0.10860	0.01402	0.01169	0.11982	0.01608	0.32333	0.01559	0.01544	0.01084	0.00627	0.00538	0.00168	0.00607	0.00498	0.00491	0.00901
31	0.01524	0.01232	0.01317	0.01174	0.01510	0.01407	0.00916	0.03073	0.70026	0.07337	0.02362	0.02157	0.01753	0.00784	0.00591	0.00196	0.00463	0.00653	0.00600	0.00925
32	0.00695	0.00589	0.00600	0.00597	0.00790	0.00494	0.00448	0.00850	0.01344	0.01614	0.09857	0.05525	0.71706	0.01457	0.00687	0.00196	0.00293	0.01217	0.00546	0.00494
33	0.01806	0.02126	0.40047	0.01402	0.02064	0.01257	0.01558	0.13372	0.01606	0.26781	0.01512	0.01503	0.01008	0.00630	0.00568	0.00181	0.00705	0.00496	0.00455	0.00923
34	0.01347	0.01288	0.02194	0.23738	0.56488	0.01357	0.01739	0.01704	0.01281	0.01788	0.01078	0.01469	0.00882	0.00535	0.00577	0.00178	0.00714	0.00518	0.00280	0.00847
35	0.00831	0.00623	0.00935	0.00935	0.01038	0.00727	0.00727	0.01038	0.00935	0.01350	0.01558	0.02285	0.01454	0.04361	0.77259	0.00935	0.01558	0.00623	0.00312	0.00519
36	0.00809	0.00548	0.00645	0.00682	0.00691	0.00539	0.00403	0.00836	0.00918	0.01224	0.02203	0.24185	0.02582	0.58544	0.02360	0.00475	0.00503	0.01064	0.00403	0.00385
37	0.00919	0.00703	0.01014	0.01068	0.01207	0.00700	0.04872	0.01234	0.06146	0.01707	0.02968	0.30298	0.03272	0.01562	0.00762	0.00248	0.00489	0.39750	0.00527	0.00554
38	0.01206	0.01034	0.01206	0.00861	0.01378	0.00775	0.00689	0.01464	0.01206	0.01895	0.01034	0.01206	0.00861	0.00431	0.00431	0.00086	0.00431	0.00345	0.00345	0.83118
39	0.23389	0.00949	0.00926	0.00877	0.01146	0.01033	0.00687	0.01831	0.25266	0.02138	0.03006	0.08164	0.21815	0.01029	0.00579	0.00199	0.00409	0.05378	0.00508	0.00670
40	0.01030	0.00515	0.00699	0.00699	0.00736	0.00515	0.00478	0.00919	0.00882	0.01323	0.01250	0.01876	0.01140	0.01657	0.01768	0.60655	0.00442	0.00515	0.22568	0.00331
41	0.01659	0.06733	0.15726	0.22227	0.02511	0.38283	0.01440	0.01973	0.01412	0.01515	0.00957	0.01211	0.00754	0.00580	0.00536	0.00167	0.00915	0.00420	0.00275	0.00705
42	0.00867	0.00639	0.00779	0.00712	0.00862	0.00577	0.00506	0.01057	0.01355	0.01904	0.42075	0.03895	0.08528	0.22304	0.01270	0.00275	0.00373	0.00921	0.00520	0.10581
43	0.00801	0.00583	0.00754	0.00733	0.00861	0.00536	0.00542	0.01047	0.01563	0.02185	0.62813	0.13560	0.09280	0.01282	0.00693	0.00190	0.00283	0.01135	0.00622	0.00536
44	0.00707	0.00512	0.00669	0.00795	0.00840	0.00474	0.00533	0.00811	0.01127	0.01490	0.03383	0.74300	0.08615	0.01799	0.00739	0.00234	0.00335	0.01625	0.00540	0.00474
45	0.01495	0.44949	0.10902	0.01219	0.01723	0.01921	0.05797	0.04484	0.18725	0.01782	0.01248	0.01316	0.01006	0.00579	0.00472	0.00155	0.00634	0.00438	0.00344	0.00811
46	0.00745	0.00543	0.00690	0.00752	0.00831	0.00500	0.00520	0.00893	0.01269	0.01704	0.23040	0.45673	0.13048	0.05948	0.00844	0.00235	0.00328	0.01393	0.00556	0.00489
