[name]
unknown

[dist]
# distance from previous block
# <min> <max>
0	8

[block]
# block no. 0 follows, 54 sequences, length 9
# corresponding to MSA columns:
# 8-16
name=unknown_A
#
# <colnr> <probs for GDERKNQSTAVLIFYWHMCP>
#	G	D	E	R	K	N	Q	S	T	A	V	L	I	F	Y	W	H	M	C	P
0	0.01129	0.17188	0.44462	0.01175	0.01679	0.15361	0.01325	0.01495	0.01058	0.01354	0.00955	0.01358	0.00812	0.00532	0.00437	0.00142	0.00662	0.08017	0.00231	0.00627
1	0.01161	0.09362	0.01942	0.06986	0.68379	0.01191	0.01376	0.01430	0.01055	0.01479	0.00861	0.01131	0.00726	0.00421	0.00451	0.00137	0.00558	0.00403	0.00229	0.00721
2	0.00730	0.00459	0.00598	0.00654	0.00732	0.00418	0.00455	0.00832	0.00983	0.09198	0.05898	0.63549	0.11029	0.01338	0.00583	0.00182	0.00281	0.01198	0.00456	0.00429
3	0.01135	0.01088	0.01856	0.12056	0.71576	0.01112	0.01431	0.01419	0.01059	0.01502	0.00881	0.01177	0.00733	0.00426	0.00467	0.00142	0.00568	0.00420	0.00231	0.00721
4	0.00675	0.00499	0.00726	0.00726	0.00799	0.00572	0.00550	0.00822	0.00748	0.01071	0.01292	0.02013	0.01249	0.13955	0.71238	0.00719	0.01158	0.00529	0.00257	0.00403
5	0.01683	0.01266	0.01354	0.01063	0.01421	0.01411	0.00870	0.65448	0.15863	0.02795	0.01271	0.01243	0.00914	0.00579	0.00473	0.00145	0.00493	0.00444	0.00473	0.00792
6	0.00596	0.00419	0.00541	0.00629	0.00651	0.00397	0.00408	0.00662	0.00860	0.01147	0.02382	0.67513	0.02845	0.17460	0.00952	0.00243	0.00309	0.01213	0.00408	0.00364
7	0.00580	0.00430	0.00544	0.00632	0.00689	0.00394	0.00438	0.00676	0.00945	0.01228	0.03023	0.63854	0.18315	0.01413	0.00595	0.00186	0.00274	0.04958	0.00438	0.00388
8	0.00890	0.00838	0.01414	0.82296	0.03247	0.01048	0.01309	0.01205	0.00943	0.01205	0.00838	0.01257	0.00629	0.00471	0.00471	0.00157	0.00629	0.00419	0.00210	0.00524

[dist]
# distance from previous block
# <min> <max>
0	1

[block]
# block no. 1 follows, 54 sequences, length 69
# corresponding to MSA columns:
# 18-86
name=unknown_B
#
# <colnr> <probs for GDERKNQSTAVLIFYWHMCP>
#	G	D	E	R	K	N	Q	S	T	A	V	L	I	F	Y	W	H	M	C	P
0	0.01135	0.26753	0.37279	0.01080	0.01578	0.01301	0.01215	0.01522	0.04767	0.06408	0.00887	0.01000	0.00685	0.00473	0.00479	0.00134	0.06396	0.00336	0.00244	0.06330
1	0.00855	0.21170	0.01078	0.00707	0.00865	0.00781	0.00550	0.00966	0.00946	0.05907	0.01992	0.54069	0.02268	0.01106	0.00508	0.00161	0.00342	0.00970	0.00380	0.04380
2	0.06459	0.06544	0.04805	0.00808	0.01026	0.18153	0.00660	0.01347	0.09177	0.01640	0.35678	0.02361	0.08015	0.00749	0.00481	0.00141	0.00425	0.00610	0.00399	0.00521
3	0.01203	0.68857	0.16822	0.00905	0.01362	0.01725	0.00978	0.01427	0.00965	0.01179	0.00690	0.00800	0.00604	0.00412	0.00329	0.00110	0.00539	0.00270	0.00201	0.00622
4	0.16073	0.05107	0.01222	0.00983	0.01287	0.17739	0.00786	0.24110	0.24292	0.02077	0.01176	0.01177	0.00889	0.00542	0.00426	0.00142	0.00517	0.00395	0.00384	0.00675
5	0.01088	0.01236	0.02677	0.01918	0.02381	0.01156	0.75201	0.01472	0.01111	0.01500	0.01128	0.01421	0.04343	0.00434	0.00556	0.00159	0.00770	0.00576	0.00248	0.00625
6	0.01552	0.01251	0.01247	0.06771	0.01440	0.11461	0.00839	0.49743	0.01785	0.02367	0.01119	0.01221	0.00836	0.00690	0.04346	0.00166	0.00566	0.00415	0.11503	0.00684
7	0.00740	0.00573	0.00674	0.00628	0.00763	0.00573	0.00482	0.02222	0.01048	0.05359	0.11328	0.03542	0.47433	0.06468	0.06535	0.00224	0.09742	0.00823	0.00405	0.00438
8	0.00819	0.00410	0.00614	0.00614	0.00614	0.00410	0.00410	0.00614	0.00614	0.00819	0.00819	0.01433	0.00819	0.01638	0.01843	0.86282	0.00410	0.00410	0.00205	0.00205
9	0.01401	0.01365	0.01179	0.01040	0.01315	0.21581	0.00807	0.12037	0.49970	0.01892	0.01518	0.01449	0.01148	0.00591	0.00465	0.00148	0.00513	0.00461	0.00419	0.00703
10	0.00890	0.00838	0.01414	0.82296	0.03247	0.01048	0.01309	0.01205	0.00943	0.01205	0.00838	0.01257	0.00629	0.00471	0.00471	0.00157	0.00629	0.00419	0.00210	0.00524
11	0.01392	0.01387	0.01626	0.01310	0.01540	0.17245	0.13646	0.21824	0.02799	0.01699	0.00855	0.01075	0.00696	0.00617	0.00861	0.00164	0.29930	0.00420	0.00294	0.00621
12	0.00946	0.02439	0.80987	0.01344	0.02041	0.01095	0.01742	0.01493	0.00995	0.01493	0.00846	0.00995	0.00597	0.00448	0.00448	0.00149	0.00697	0.00348	0.00199	0.00697
13	0.01167	0.01120	0.01914	0.02894	0.80488	0.01120	0.01447	0.01447	0.01074	0.01540	0.00887	0.01167	0.00747	0.00420	0.00467	0.00140	0.00560	0.00420	0.00233	0.00747
14	0.00890	0.00838	0.01414	0.82296	0.03247	0.01048	0.01309	0.01205	0.00943	0.01205	0.00838	0.01257	0.00629	0.00471	0.00471	0.00157	0.00629	0.00419	0.00210	0.00524
15	0.00817	0.00675	0.00904	0.20993	0.01443	0.00741	0.00720	0.01280	0.17789	0.01647	0.33500	0.10955	0.04982	0.00833	0.00524	0.00158	0.00361	0.00732	0.00423	0.00521
16	0.00819	0.00410	0.00614	0.00614	0.00614	0.00410	0.00410	0.00614	0.00614	0.00819	0.00819	0.01433	0.00819	0.01638	0.01843	0.86282	0.00410	0.00410	0.00205	0.00205
17	0.00686	0.00457	0.00514	0.00514	0.00514	0.00457	0.00286	0.00686	0.00686	0.00914	0.01486	0.03086	0.01714	0.83430	0.02400	0.00457	0.00457	0.00686	0.00286	0.00286
18	0.00616	0.00450	0.00517	0.00553	0.00631	0.00412	0.00378	0.00711	0.00947	0.01237	0.06614	0.29866	0.29855	0.17738	0.00929	0.00227	0.00295	0.02170	0.05478	0.00376
19	0.01173	0.01013	0.01066	0.00960	0.01226	0.01173	0.00746	0.02505	0.79636	0.01972	0.01919	0.01759	0.01439	0.00640	0.00480	0.00160	0.00373	0.00533	0.00480	0.00746
20	0.00574	0.00410	0.00547	0.00657	0.00684	0.00383	0.00438	0.00657	0.00903	0.01204	0.02599	0.83122	0.03119	0.01477	0.00602	0.00191	0.00274	0.01340	0.00438	0.00383
21	0.00595	0.00448	0.00512	0.00551	0.00623	0.00407	0.00369	0.00672	0.00916	0.01159	0.03171	0.32563	0.32875	0.21748	0.01032	0.00245	0.00306	0.01043	0.00400	0.00365
22	0.01220	0.00849	0.00954	0.00856	0.01084	0.00924	0.00652	0.02067	0.48593	0.15644	0.01930	0.10408	0.01599	0.10176	0.00711	0.00195	0.00377	0.00625	0.00471	0.00665
23	0.86760	0.00912	0.00693	0.00620	0.00912	0.01058	0.00511	0.01386	0.00802	0.02115	0.00657	0.00766	0.00511	0.00438	0.00292	0.00146	0.00365	0.00255	0.00292	0.00511
24	0.01152	0.00972	0.01022	0.00923	0.01178	0.01121	0.00717	0.02406	0.74050	0.01957	0.01892	0.01759	0.01423	0.00633	0.00469	0.00156	0.00362	0.00526	0.06558	0.00725
25	0.00875	0.00471	0.00484	0.00485	0.00599	0.00479	0.00362	0.01152	0.05638	0.01733	0.01633	0.07323	0.01353	0.00618	0.00357	0.00118	0.00232	0.00507	0.75127	0.00454
26	0.00803	0.00580	0.00788	0.00877	0.00999	0.00589	0.00763	0.03326	0.03446	0.01474	0.02439	0.05089	0.02619	0.01261	0.00641	0.00213	0.00435	0.72767	0.00437	0.00454
27	0.00587	0.00420	0.00558	0.00648	0.00687	0.00391	0.00439	0.00688	0.00961	0.01296	0.13038	0.72419	0.03297	0.01408	0.00596	0.00186	0.00267	0.01275	0.00449	0.00391
28	0.00674	0.00505	0.00758	0.00758	0.00842	0.00589	0.00589	0.00842	0.00758	0.01095	0.01263	0.01852	0.01179	0.03536	0.81561	0.00758	0.01263	0.00505	0.00253	0.00421
29	0.01836	0.01251	0.01372	0.01052	0.01427	0.01359	0.00869	0.68615	0.02100	0.13438	0.01230	0.01196	0.00851	0.00568	0.00472	0.00142	0.00503	0.00431	0.00487	0.00802
30	0.01173	0.01013	0.01066	0.00960	0.01226	0.01173	0.00746	0.02505	0.79636	0.01972	0.01919	0.01759	0.01439	0.00640	0.00480	0.00160	0.00373	0.00533	0.00480	0.00746
31	0.00890	0.00838	0.01414	0.82296	0.03247	0.01048	0.01309	0.01205	0.00943	0.01205	0.00838	0.01257	0.00629	0.00471	0.00471	0.00157	0.00629	0.00419	0.00210	0.00524
32	0.01173	0.01013	0.01066	0.00960	0.01226	0.01173	0.00746	0.02505	0.79636	0.01972	0.01919	0.01759	0.01439	0.00640	0.00480	0.00160	0.00373	0.00533	0.00480	0.00746
33	0.01253	0.01053	0.01111	0.00976	0.01257	0.01210	0.00766	0.12395	0.69617	0.02102	0.01817	0.01678	0.01357	0.00630	0.00479	0.00158	0.00392	0.00519	0.00479	0.00753
34	0.00748	0.00534	0.00746	0.00854	0.00957	0.00532	0.00738	0.00956	0.01073	0.01397	0.02503	0.10467	0.02740	0.01314	0.00648	0.00215	0.00424	0.72288	0.00434	0.00431
35	0.00978	0.00838	0.00978	0.00698	0.01117	0.00629	0.00559	0.01187	0.00978	0.01536	0.00838	0.00978	0.00698	0.00349	0.00349	0.00070	0.00349	0.00279	0.00279	0.86312
36	0.00574	0.00410	0.00547	0.00657	0.00684	0.00383	0.00438	0.00657	0.00903	0.01204	0.02599	0.83122	0.03119	0.01477	0.00602	0.00191	0.00274	0.01340	0.00438	0.00383
37	0.00585	0.00419	0.00557	0.00649	0.00686	0.00390	0.00439	0.00683	0.00952	0.01282	0.11469	0.74028	0.03270	0.01419	0.00597	0.00187	0.00268	0.01285	0.00447	0.00390
38	0.00643	0.00482	0.00599	0.00592	0.00710	0.00438	0.00450	0.00831	0.01223	0.01657	0.50348	0.08733	0.22884	0.01080	0.00567	0.00159	0.00248	0.07442	0.00487	0.00429
39	0.00978	0.00838	0.00978	0.00698	0.01117	0.00629	0.00559	0.01187	0.00978	0.01536	0.00838	0.00978	0.00698	0.00349	0.00349	0.00070	0.00349	0.00279	0.00279	0.86312
40	0.01976	0.00950	0.01225	0.01030	0.06295	0.00909	0.00791	0.21070	0.01545	0.56660	0.01620	0.01461	0.01051	0.00569	0.00473	0.00144	0.00440	0.00459	0.00534	0.00799
41	0.00650	0.00474	0.00611	0.00593	0.00698	0.00435	0.00439	0.00850	0.01269	0.01773	0.66584	0.12680	0.09107	0.01037	0.00561	0.00154	0.00229	0.00917	0.00505	0.00435
42	0.01950	0.00766	0.01041	0.00811	0.01147	0.00665	0.00665	0.02137	0.01348	0.71798	0.10814	0.01824	0.01542	0.00627	0.00484	0.00146	0.00381	0.00517	0.00576	0.00762
43	0.09297	0.00996	0.01135	0.00893	0.01241	0.04594	0.00731	0.19503	0.03864	0.49189	0.02742	0.01425	0.01061	0.00570	0.00457	0.00144	0.00442	0.00444	0.00513	0.00758
44	0.01272	0.07165	0.55113	0.01178	0.01769	0.01039	0.01408	0.01698	0.01086	0.22213	0.01099	0.01140	0.00747	0.00481	0.00446	0.00145	0.00607	0.00375	0.00300	0.00719
45	0.01078	0.01011	0.01872	0.23712	0.16832	0.01060	0.26774	0.01377	0.01038	0.06190	0.01087	0.05163	0.00916	0.00549	0.00581	0.00161	0.05829	0.03895	0.00266	0.00608
46	0.01169	0.01157	0.01808	0.13459	0.64874	0.06431	0.01393	0.01443	0.01073	0.01470	0.00870	0.01158	0.00722	0.00431	0.00465	0.00141	0.00589	0.00412	0.00231	0.00704
47	0.00800	0.00419	0.00618	0.00618	0.00624	0.00425	0.00414	0.00635	0.00629	0.00845	0.00893	0.01568	0.00901	0.06960	0.07541	0.74764	0.00473	0.00434	0.00213	0.00225
48	0.01737	0.01349	0.01380	0.01082	0.01442	0.06176	0.00884	0.67793	0.08815	0.02778	0.01176	0.01169	0.00845	0.00568	0.00470	0.00142	0.00526	0.00427	0.00459	0.00782
49	0.01167	0.01120	0.01914	0.02894	0.80488	0.01120	0.01447	0.01447	0.01074	0.01540	0.00887	0.01167	0.00747	0.00420	0.00467	0.00140	0.00560	0.00420	0.00233	0.00747
50	0.01244	0.01048	0.01106	0.00974	0.01253	0.01206	0.00763	0.11235	0.70792	0.02087	0.01829	0.01688	0.01366	0.00631	0.00479	0.00158	0.00390	0.00521	0.00479	0.00753
51	0.01137	0.59575	0.16411	0.00898	0.01318	0.01581	0.00950	0.01361	0.00942	0.01177	0.00759	0.00925	0.00669	0.00769	0.09612	0.00185	0.00626	0.00298	0.00207	0.00601
52	0.01792	0.01321	0.01415	0.01085	0.01462	0.01462	0.00896	0.78916	0.02217	0.02972	0.01132	0.01132	0.00802	0.00566	0.00472	0.00142	0.00519	0.00425	0.00472	0.00802
53	0.86760	0.00912	0.00693	0.00620	0.00912	0.01058	0.00511	0.01386	0.00802	0.02115	0.00657	0.00766	0.00511	0.00438	0.00292	0.00146	0.00365	0.00255	0.00292	0.00511
54	0.01173	0.01013	0.01066	0.00960	0.01226	0.01173	0.00746	0.02505	0.79636	0.01972	0.01919	0.01759	0.01439	0.00640	0.00480	0.00160	0.00373	0.00533	0.00480	0.00746
55	0.00640	0.00476	0.00595	0.00575	0.00690	0.00432	0.00428	0.00833	0.01256	0.01726	0.60490	0.08986	0.19048	0.01042	0.00559	0.00153	0.00229	0.00913	0.00498	0.00432
56	0.00574	0.00410	0.00547	0.00657	0.00684	0.00383	0.00438	0.00657	0.00903	0.01204	0.02599	0.83122	0.03119	0.01477	0.00602	0.00191	0.00274	0.01340	0.00438	0.00383
57	0.01792	0.01321	0.01415	0.01085	0.01462	0.01462	0.00896	0.78916	0.02217	0.02972	0.01132	0.01132	0.00802	0.00566	0.00472	0.00142	0.00519	0.00425	0.00472	0.00802
58	0.01792	0.01321	0.01415	0.01085	0.01462	0.01462	0.00896	0.78916	0.02217	0.02972	0.01132	0.01132	0.00802	0.00566	0.00472	0.00142	0.00519	0.00425	0.00472	0.00802
59	0.00686	0.00457	0.00514	0.00514	0.00514	0.00457	0.00286	0.00686	0.00686	0.00914	0.01486	0.03086	0.01714	0.83430	0.02400	0.00457	0.00457	0.00686	0.00286	0.00286
60	0.00686	0.00457	0.00514	0.00514	0.00514	0.00457	0.00286	0.00686	0.00686	0.00914	0.01486	0.03086	0.01714	0.83430	0.02400	0.00457	0.00457	0.00686	0.00286	0.00286
61	0.00819	0.00410	0.00614	0.00614	0.00614	0.00410	0.00410	0.00614	0.00614	0.00819	0.00819	0.01433	0.00819	0.01638	0.01843	0.86282	0.00410	0.00410	0.00205	0.00205
62	0.86760	0.00912	0.00693	0.00620	0.00912	0.01058	0.00511	0.01386	0.00802	0.02115	0.00657	0.00766	0.00511	0.00438	0.00292	0.00146	0.00365	0.00255	0.00292	0.00511
63	0.00674	0.00505	0.00758	0.00758	0.00842	0.00589	0.00589	0.00842	0.00758	0.01095	0.01263	0.01852	0.01179	0.03536	0.81561	0.00758	0.01263	0.00505	0.00253	0.00421
64	0.01133	0.00936	0.00982	0.00890	0.01135	0.01074	0.00690	0.02316	0.69062	0.01944	0.01868	0.01759	0.01408	0.00628	0.00460	0.00153	0.00353	0.00520	0.11985	0.00705
65	0.00617	0.00457	0.00582	0.00665	0.00718	0.00439	0.00455	0.00790	0.06140	0.01289	0.06198	0.70332	0.06778	0.01385	0.00590	0.00186	0.00276	0.01248	0.00444	0.00411
66	0.01217	0.01035	0.01091	0.00968	0.01243	0.01193	0.00757	0.07933	0.74137	0.02043	0.01863	0.01715	0.01394	0.00634	0.00479	0.00159	0.00384	0.00525	0.00479	0.00750
67	0.01113	0.01272	0.02782	0.01987	0.02464	0.01192	0.78776	0.01510	0.01113	0.01510	0.00954	0.01272	0.00715	0.00397	0.00556	0.00159	0.00795	0.00556	0.00238	0.00636
68	0.00640	0.00481	0.00592	0.00564	0.00688	0.00433	0.00423	0.00837	0.01270	0.01737	0.61472	0.03775	0.23312	0.01021	0.00556	0.00151	0.00227	0.00888	0.00499	0.00433

[dist]
# distance from previous block
# <min> <max>
0	1

[block]
# block no. 2 follows, 54 sequences, length 36
# corresponding to MSA columns:
# 88-123
name=unknown_C
#
# <colnr> <probs for GDERKNQSTAVLIFYWHMCP>
#	G	D	E	R	K	N	Q	S	T	A	V	L	I	F	Y	W	H	M	C	P
0	0.00788	0.00493	0.00657	0.00660	0.00758	0.00467	0.00483	0.00937	0.01079	0.09393	0.29550	0.30093	0.03101	0.07859	0.07266	0.00240	0.00371	0.04909	0.00454	0.00445
1	0.78287	0.00901	0.00733	0.00642	0.00941	0.01021	0.00529	0.01477	0.00857	0.09994	0.00777	0.00850	0.00576	0.00452	0.00310	0.00146	0.00368	0.00277	0.00321	0.00540
2	0.86760	0.00912	0.00693	0.00620	0.00912	0.01058	0.00511	0.01386	0.00802	0.02115	0.00657	0.00766	0.00511	0.00438	0.00292	0.00146	0.00365	0.00255	0.00292	0.00511
3	0.00666	0.00498	0.00741	0.00750	0.00829	0.00573	0.00577	0.00827	0.00769	0.01103	0.01371	0.08425	0.01336	0.03370	0.75013	0.00712	0.01183	0.00573	0.00268	0.00418
4	0.00632	0.00435	0.00530	0.00582	0.00595	0.00422	0.00358	0.00672	0.00790	0.01053	0.02019	0.41416	0.02387	0.44181	0.01539	0.00330	0.00369	0.00999	0.00358	0.00332
5	0.01792	0.01321	0.01415	0.01085	0.01462	0.01462	0.00896	0.78916	0.02217	0.02972	0.01132	0.01132	0.00802	0.00566	0.00472	0.00142	0.00519	0.00425	0.00472	0.00802
6	0.01261	0.83713	0.02471	0.00807	0.01210	0.01866	0.00807	0.01412	0.00958	0.01109	0.00656	0.00756	0.00605	0.00403	0.00303	0.00101	0.00504	0.00252	0.00202	0.00605
7	0.00999	0.00949	0.01610	0.51111	0.33584	0.01076	0.01363	0.01300	0.00994	0.01337	0.00857	0.01222	0.00675	0.00451	0.00470	0.00150	0.00602	0.00419	0.00219	0.00611
8	0.00666	0.00469	0.00555	0.00555	0.00592	0.00474	0.00352	0.00714	0.00751	0.00995	0.01879	0.03047	0.11997	0.57621	0.16962	0.00474	0.00579	0.00693	0.00300	0.00326
9	0.86760	0.00912	0.00693	0.00620	0.00912	0.01058	0.00511	0.01386	0.00802	0.02115	0.00657	0.00766	0.00511	0.00438	0.00292	0.00146	0.00365	0.00255	0.00292	0.00511
10	0.86760	0.00912	0.00693	0.00620	0.00912	0.01058	0.00511	0.01386	0.00802	0.02115	0.00657	0.00766	0.00511	0.00438	0.00292	0.00146	0.00365	0.00255	0.00292	0.00511
11	0.01130	0.01391	0.10543	0.01878	0.02372	0.01196	0.67201	0.05349	0.01156	0.01581	0.00952	0.01237	0.00708	0.00411	0.00541	0.00157	0.00771	0.00529	0.00246	0.00650
12	0.00951	0.00900	0.01523	0.64931	0.20140	0.01063	0.01340	0.01258	0.00971	0.01278	0.00849	0.01237	0.00654	0.00460	0.00470	0.00153	0.00614	0.00419	0.00215	0.00573
13	0.00658	0.00482	0.00618	0.00584	0.00699	0.00441	0.00438	0.00873	0.01314	0.01841	0.74136	0.03604	0.10583	0.00983	0.00556	0.00149	0.00224	0.00864	0.00512	0.00441
14	0.00569	0.00480	0.00494	0.00496	0.00652	0.00405	0.00376	0.00696	0.01085	0.01302	0.07592	0.04526	0.74629	0.01189	0.00561	0.00161	0.00245	0.03701	0.00441	0.00401
15	0.00609	0.00425	0.00537	0.00612	0.00631	0.00406	0.00391	0.00666	0.00835	0.01114	0.02254	0.58324	0.02683	0.26868	0.01159	0.00274	0.00330	0.01138	0.00391	0.00353
16	0.00749	0.00474	0.00568	0.00576	0.00660	0.00439	0.00393	0.00835	0.00945	0.07298	0.08747	0.25660	0.18864	0.23335	0.01084	0.02726	0.00322	0.00911	0.05017	0.00395
17	0.02055	0.00900	0.01154	0.00885	0.01252	0.00837	0.00731	0.16649	0.01512	0.66234	0.01724	0.01516	0.01099	0.00580	0.00474	0.00145	0.00423	0.00465	0.00563	0.00802
18	0.02041	0.00922	0.01168	0.00896	0.01263	0.00870	0.00740	0.19965	0.01550	0.62865	0.01692	0.01496	0.01083	0.00580	0.00474	0.00145	0.00428	0.00463	0.00558	0.00802
19	0.00573	0.00466	0.00505	0.00520	0.00649	0.00401	0.00379	0.00693	0.01062	0.01313	0.11392	0.18150	0.58258	0.02748	0.00599	0.00169	0.00247	0.01036	0.00443	0.00398
20	0.60085	0.00772	0.00636	0.00585	0.00795	0.00869	0.00445	0.01169	0.00786	0.01761	0.01077	0.01557	0.04782	0.22071	0.00854	0.00228	0.00383	0.00404	0.00297	0.00447
21	0.00819	0.00410	0.00614	0.00614	0.00614	0.00410	0.00410	0.00614	0.00614	0.00819	0.00819	0.01433	0.00819	0.01638	0.01843	0.86282	0.00410	0.00410	0.00205	0.00205
22	0.01818	0.01280	0.01390	0.01065	0.01442	0.01401	0.00880	0.72845	0.02148	0.09139	0.01190	0.01169	0.00831	0.00567	0.00472	0.00142	0.00510	0.00428	0.00481	0.00802
23	0.00706	0.00537	0.00631	0.00664	0.00767	0.00521	0.00475	0.06974	0.05502	0.01404	0.02974	0.49096	0.22394	0.02794	0.00607	0.00183	0.00296	0.02596	0.00440	0.00440
24	0.00559	0.00472	0.00483	0.00492	0.00641	0.00397	0.00364	0.00675	0.01061	0.01268	0.04607	0.10657	0.74287	0.01216	0.00561	0.00162	0.00242	0.01022	0.00438	0.00397
25	0.01173	0.01013	0.01066	0.00960	0.01226	0.01173	0.00746	0.02505	0.79636	0.01972	0.01919	0.01759	0.01439	0.00640	0.00480	0.00160	0.00373	0.00533	0.00480	0.00746
26	0.00675	0.00468	0.00532	0.00542	0.00574	0.00457	0.00340	0.00712	0.00776	0.01010	0.02032	0.03493	0.12606	0.64477	0.01984	0.00394	0.00425	0.07868	0.00320	0.00315
27	0.01022	0.00503	0.00695	0.00676	0.00770	0.00468	0.00478	0.01022	0.00893	0.19411	0.01744	0.31338	0.01786	0.05759	0.01105	0.30398	0.00361	0.00779	0.00381	0.00412
28	0.00760	0.00543	0.00760	0.00868	0.00977	0.00543	0.00760	0.00977	0.01085	0.01411	0.02496	0.05319	0.02714	0.01303	0.00651	0.00217	0.00434	0.77315	0.00434	0.00434
29	0.00978	0.00838	0.00978	0.00698	0.01117	0.00629	0.00559	0.01187	0.00978	0.01536	0.00838	0.00978	0.00698	0.00349	0.00349	0.00070	0.00349	0.00279	0.00279	0.86312
30	0.01533	0.01708	0.01211	0.01083	0.01326	0.47361	0.00819	0.09404	0.20852	0.01515	0.01124	0.01281	0.00921	0.07104	0.00600	0.00160	0.00668	0.00403	0.00327	0.00600
31	0.00563	0.00472	0.00484	0.00493	0.00636	0.00399	0.00362	0.00675	0.01047	0.01255	0.04487	0.10713	0.71390	0.04138	0.00626	0.00172	0.00249	0.01011	0.00432	0.00393
32	0.00570	0.00467	0.00490	0.00505	0.00633	0.00401	0.00363	0.00675	0.01020	0.01235	0.04215	0.15090	0.63462	0.07884	0.00712	0.00188	0.00261	0.01017	0.00426	0.00387
33	0.00960	0.07551	0.08500	0.00860	0.01077	0.00818	0.05084	0.01273	0.18032	0.01274	0.01152	0.05685	0.01023	0.01028	0.01033	0.36197	0.00446	0.00465	0.00284	0.07258
34	0.01319	0.01051	0.04506	0.00959	0.01233	0.02251	0.02032	0.40514	0.05389	0.03385	0.01692	0.13071	0.05896	0.00861	0.00594	0.05255	0.00462	0.08467	0.00429	0.00635
35	0.01874	0.01012	0.01245	0.07392	0.01467	0.01031	0.00822	0.32210	0.03154	0.42524	0.01495	0.01395	0.00987	0.00569	0.00473	0.00145	0.00465	0.00451	0.00508	0.00779

[dist]
# distance from previous block
# <min> <max>
0	2

[block]
# block no. 3 follows, 54 sequences, length 105
# corresponding to MSA columns:
# 126-230
name=unknown_D
#
# <colnr> <probs for GDERKNQSTAVLIFYWHMCP>
#	G	D	E	R	K	N	Q	S	T	A	V	L	I	F	Y	W	H	M	C	P
0	0.00759	0.00567	0.00706	0.00649	0.00765	0.00543	0.04105	0.06195	0.01037	0.02546	0.12529	0.10561	0.23010	0.30913	0.01224	0.00269	0.00371	0.02457	0.00388	0.00408
1	0.06781	0.00955	0.01386	0.01716	0.36165	0.00932	0.00987	0.08465	0.01163	0.15432	0.01173	0.06882	0.00972	0.00586	0.00518	0.04206	0.00465	0.00467	0.00338	0.10413
2	0.04122	0.01206	0.01288	0.01022	0.01362	0.02424	0.00834	0.56792	0.12906	0.05997	0.02408	0.01294	0.00966	0.00718	0.04298	0.00173	0.00524	0.00445	0.00460	0.00759
3	0.00676	0.00487	0.00713	0.00722	0.00789	0.00550	0.00542	0.00800	0.00754	0.01071	0.01358	0.08587	0.01352	0.09039	0.63641	0.06613	0.01064	0.00580	0.00267	0.00393
4	0.07788	0.01078	0.01228	0.00951	0.01315	0.01121	0.00785	0.40944	0.04001	0.33775	0.01411	0.01312	0.00945	0.00566	0.00460	0.00144	0.00457	0.00436	0.00504	0.00780
5	0.00561	0.00463	0.00493	0.00517	0.00647	0.00395	0.00376	0.00672	0.01037	0.01258	0.04300	0.21723	0.63419	0.01256	0.00567	0.00166	0.00246	0.01071	0.00438	0.00395
6	0.01133	0.00833	0.00994	0.00718	0.01129	0.00637	0.00577	0.01339	0.01028	0.12363	0.00978	0.01063	0.00762	0.00381	0.00366	0.00080	0.00356	0.00306	0.00321	0.74634
7	0.00677	0.00457	0.00514	0.00517	0.00531	0.00451	0.00298	0.00694	0.00731	0.00974	0.03063	0.05919	0.06296	0.73279	0.02171	0.00421	0.00431	0.00725	0.01552	0.00300
8	0.00597	0.00512	0.00515	0.00508	0.00675	0.00448	0.00383	0.00794	0.06097	0.01318	0.04594	0.04360	0.75256	0.01159	0.00552	0.00159	0.00247	0.00966	0.00441	0.00420
9	0.00667	0.00482	0.00630	0.00593	0.00704	0.00445	0.00445	0.00890	0.01335	0.01891	0.80239	0.03522	0.04449	0.00964	0.00556	0.00148	0.00222	0.00853	0.00519	0.00445
10	0.01299	0.00804	0.00942	0.00831	0.01067	0.00840	0.00640	0.01983	0.36851	0.24229	0.07376	0.11600	0.01790	0.06760	0.00637	0.00180	0.00365	0.00645	0.00493	0.00665
11	0.00615	0.00478	0.00547	0.00531	0.00658	0.00423	0.00391	0.00771	0.01161	0.01519	0.37736	0.03985	0.41221	0.07066	0.00691	0.00176	0.00247	0.00910	0.00463	0.00410
12	0.00890	0.00838	0.01414	0.82296	0.03247	0.01048	0.01309	0.01205	0.00943	0.01205	0.00838	0.01257	0.00629	0.00471	0.00471	0.00157	0.00629	0.00419	0.00210	0.00524
13	0.00572	0.00478	0.00498	0.00493	0.00646	0.00404	0.00370	0.00706	0.01110	0.01358	0.15082	0.04399	0.69938	0.01163	0.00557	0.00158	0.00237	0.00976	0.00449	0.00404
14	0.00583	0.00449	0.00528	0.00569	0.00662	0.00400	0.00401	0.00697	0.01026	0.01316	0.13817	0.37300	0.35500	0.03734	0.00631	0.00180	0.00258	0.01112	0.00444	0.00395
15	0.01662	0.02081	0.01351	0.01218	0.01428	0.70598	0.00927	0.01781	0.01252	0.01151	0.00714	0.00875	0.00609	0.00532	0.00578	0.00133	0.12010	0.00319	0.00238	0.00542
16	0.86760	0.00912	0.00693	0.00620	0.00912	0.01058	0.00511	0.01386	0.00802	0.02115	0.00657	0.00766	0.00511	0.00438	0.00292	0.00146	0.00365	0.00255	0.00292	0.00511
17	0.01912	0.00752	0.01017	0.00805	0.01122	0.00655	0.00648	0.02076	0.01275	0.69924	0.01890	0.07621	0.01344	0.05945	0.00607	0.00169	0.00396	0.00551	0.00554	0.00739
18	0.00870	0.00564	0.00638	0.00620	0.00719	0.00575	0.00442	0.11504	0.01076	0.01568	0.04970	0.20733	0.01914	0.22505	0.00975	0.00230	0.00344	0.03891	0.25425	0.00436
19	0.01113	0.01272	0.02782	0.01987	0.02464	0.01192	0.78776	0.01510	0.01113	0.01510	0.00954	0.01272	0.00715	0.00397	0.00556	0.00159	0.00795	0.00556	0.00238	0.00636
20	0.86760	0.00912	0.00693	0.00620	0.00912	0.01058	0.00511	0.01386	0.00802	0.02115	0.00657	0.00766	0.00511	0.00438	0.00292	0.00146	0.00365	0.00255	0.00292	0.00511
21	0.00670	0.00479	0.00614	0.00582	0.00678	0.00447	0.00423	0.00862	0.01246	0.01757	0.69484	0.03462	0.04075	0.12226	0.00808	0.00190	0.00254	0.00830	0.00487	0.00423
22	0.01002	0.00988	0.01388	0.01198	0.01205	0.01374	0.00995	0.01111	0.00725	0.01131	0.00672	0.01099	0.00665	0.01048	0.08118	0.00252	0.75890	0.00420	0.00210	0.00508
23	0.00686	0.00457	0.00514	0.00514	0.00514	0.00457	0.00286	0.00686	0.00686	0.00914	0.01486	0.03086	0.01714	0.83430	0.02400	0.00457	0.00457	0.00686	0.00286	0.00286
24	0.01133	0.00833	0.00994	0.00718	0.01129	0.00637	0.00577	0.01339	0.01028	0.12363	0.00978	0.01063	0.00762	0.00381	0.00366	0.00080	0.00356	0.00306	0.00321	0.74634
25	0.01821	0.01275	0.01387	0.01063	0.01439	0.01394	0.00878	0.72141	0.02140	0.09855	0.01196	0.01174	0.00834	0.00568	0.00472	0.00142	0.00508	0.00429	0.00482	0.00802
26	0.00760	0.00543	0.00760	0.00868	0.00977	0.00543	0.00760	0.00977	0.01085	0.01411	0.02496	0.05319	0.02714	0.01303	0.00651	0.00217	0.00434	0.77315	0.00434	0.00434
27	0.00639	0.00521	0.00554	0.00538	0.00699	0.00461	0.00412	0.04414	0.01165	0.01444	0.14816	0.04270	0.62987	0.01137	0.00557	0.00159	0.00258	0.04093	0.00450	0.00425
28	0.01792	0.01321	0.01415	0.01085	0.01462	0.01462	0.00896	0.78916	0.02217	0.02972	0.01132	0.01132	0.00802	0.00566	0.00472	0.00142	0.00519	0.00425	0.00472	0.00802
29	0.00580	0.00448	0.00529	0.00572	0.00667	0.00398	0.00405	0.00697	0.01034	0.01327	0.14120	0.39119	0.35839	0.01288	0.00577	0.00172	0.00252	0.01128	0.00449	0.00398
30	0.01173	0.01013	0.01066	0.00960	0.01226	0.01173	0.00746	0.02505	0.79636	0.01972	0.01919	0.01759	0.01439	0.00640	0.00480	0.00160	0.00373	0.00533	0.00480	0.00746
31	0.01792	0.01321	0.01415	0.01085	0.01462	0.01462	0.00896	0.78916	0.02217	0.02972	0.01132	0.01132	0.00802	0.00566	0.00472	0.00142	0.00519	0.00425	0.00472	0.00802
32	0.01160	0.01343	0.02677	0.01931	0.02391	0.07029	0.73120	0.01537	0.01129	0.01484	0.00938	0.01241	0.00708	0.00404	0.00547	0.00156	0.00799	0.00538	0.00239	0.00629
33	0.01710	0.02165	0.01309	0.01193	0.01429	0.77713	0.00896	0.01834	0.01309	0.01151	0.00754	0.00898	0.00634	0.00630	0.04257	0.00152	0.00870	0.00313	0.00243	0.00541
34	0.00574	0.00410	0.00547	0.00657	0.00684	0.00383	0.00438	0.00657	0.00903	0.01204	0.02599	0.83122	0.03119	0.01477	0.00602	0.00191	0.00274	0.01340	0.00438	0.00383
35	0.01310	0.00895	0.00898	0.00750	0.00981	0.04201	0.00598	0.34793	0.01534	0.02258	0.01329	0.01450	0.01008	0.00554	0.00395	0.00124	0.00375	0.00427	0.45518	0.00601
36	0.01492	0.01103	0.07818	0.00990	0.01388	0.00948	0.06919	0.23260	0.01461	0.22909	0.06968	0.01396	0.01117	0.00528	0.00456	0.00129	0.00465	0.00441	0.00421	0.19790
37	0.01539	0.02885	0.01213	0.01048	0.01307	0.40391	0.00809	0.15446	0.18139	0.01712	0.01139	0.01190	0.00884	0.00538	0.00433	0.00132	0.00617	0.00388	0.09568	0.00623
38	0.00969	0.08343	0.75283	0.01305	0.01980	0.01151	0.01674	0.01487	0.00993	0.01465	0.00832	0.00978	0.00598	0.00445	0.00437	0.00146	0.00683	0.00341	0.00199	0.00690
39	0.00890	0.00838	0.01414	0.82296	0.03247	0.01048	0.01309	0.01205	0.00943	0.01205	0.00838	0.01257	0.00629	0.00471	0.00471	0.00157	0.00629	0.00419	0.00210	0.00524
40	0.08638	0.01056	0.01159	0.00944	0.01274	0.01144	0.00764	0.27942	0.28212	0.21487	0.01538	0.01430	0.01083	0.00585	0.00460	0.00149	0.00428	0.00460	0.00487	0.00759
41	0.01786	0.01523	0.01398	0.01113	0.01461	0.18974	0.00899	0.62070	0.02024	0.02574	0.01044	0.01070	0.00759	0.00548	0.00461	0.00137	0.00591	0.00398	0.00422	0.00746
42	0.00686	0.00457	0.00514	0.00514	0.00514	0.00457	0.00286	0.00686	0.00686	0.00914	0.01486	0.03086	0.01714	0.83430	0.02400	0.00457	0.00457	0.00686	0.00286	0.00286
43	0.00686	0.00457	0.00514	0.00514	0.00514	0.00457	0.00286	0.00686	0.00686	0.00914	0.01486	0.03086	0.01714	0.83430	0.02400	0.00457	0.00457	0.00686	0.00286	0.00286
44	0.37730	0.01138	0.01104	0.00884	0.01225	0.01277	0.00729	0.44679	0.01602	0.04084	0.00945	0.00986	0.00686	0.00512	0.00396	0.00143	0.00451	0.00354	0.00398	0.00679
45	0.00583	0.00435	0.00546	0.00631	0.00694	0.00397	0.00442	0.00683	0.00954	0.01234	0.03077	0.60210	0.20300	0.01402	0.00595	0.00186	0.00277	0.06526	0.00437	0.00390
46	0.00574	0.00410	0.00547	0.00657	0.00684	0.00383	0.00438	0.00657	0.00903	0.01204	0.02599	0.83122	0.03119	0.01477	0.00602	0.00191	0.00274	0.01340	0.00438	0.00383
47	0.01173	0.01013	0.01066	0.00960	0.01226	0.01173	0.00746	0.02505	0.79636	0.01972	0.01919	0.01759	0.01439	0.00640	0.00480	0.00160	0.00373	0.00533	0.00480	0.00746
48	0.01737	0.01047	0.01201	0.00952	0.01285	0.01095	0.00787	0.45098	0.01790	0.25140	0.01482	0.01655	0.01092	0.00630	0.00477	0.00147	0.00457	0.06754	0.06428	0.00747
49	0.86760	0.00912	0.00693	0.00620	0.00912	0.01058	0.00511	0.01386	0.00802	0.02115	0.00657	0.00766	0.00511	0.00438	0.00292	0.00146	0.00365	0.00255	0.00292	0.00511
50	0.01836	0.01250	0.01371	0.01051	0.01427	0.01357	0.00868	0.68452	0.02098	0.13603	0.01231	0.01197	0.00852	0.00568	0.00472	0.00142	0.00503	0.00431	0.00487	0.00802
51	0.02115	0.00802	0.01094	0.00839	0.01204	0.00693	0.00693	0.02298	0.01350	0.80815	0.01860	0.01605	0.01167	0.00584	0.00474	0.00146	0.00401	0.00474	0.00584	0.00802
52	0.00620	0.00439	0.00568	0.00654	0.00692	0.00419	0.00452	0.00707	0.00894	0.01181	0.02449	0.55208	0.05220	0.16479	0.00937	0.00243	0.00328	0.11727	0.00409	0.00373
53	0.86760	0.00912	0.00693	0.00620	0.00912	0.01058	0.00511	0.01386	0.00802	0.02115	0.00657	0.00766	0.00511	0.00438	0.00292	0.00146	0.00365	0.00255	0.00292	0.00511
54	0.01173	0.01013	0.01066	0.00960	0.01226	0.01173	0.00746	0.02505	0.79636	0.01972	0.01919	0.01759	0.01439	0.00640	0.00480	0.00160	0.00373	0.00533	0.00480	0.00746
55	0.00574	0.00410	0.00547	0.00657	0.00684	0.00383	0.00438	0.00657	0.00903	0.01204	0.02599	0.83122	0.03119	0.01477	0.00602	0.00191	0.00274	0.01340	0.00438	0.00383
56	0.00610	0.00449	0.00577	0.00670	0.00722	0.00427	0.00465	0.00755	0.04170	0.01254	0.02722	0.69088	0.08630	0.01411	0.00597	0.00189	0.00285	0.06139	0.00439	0.00402
57	0.01173	0.01013	0.01066	0.00960	0.01226	0.01173	0.00746	0.02505	0.79636	0.01972	0.01919	0.01759	0.01439	0.00640	0.00480	0.00160	0.00373	0.00533	0.00480	0.00746
58	0.86760	0.00912	0.00693	0.00620	0.00912	0.01058	0.00511	0.01386	0.00802	0.02115	0.00657	0.00766	0.00511	0.00438	0.00292	0.00146	0.00365	0.00255	0.00292	0.00511
59	0.00693	0.00539	0.00572	0.00563	0.00712	0.00500	0.00422	0.05261	0.04034	0.01410	0.03729	0.10435	0.52032	0.06376	0.00659	0.00179	0.00285	0.04518	0.06650	0.00430
60	0.00653	0.00463	0.00612	0.00679	0.00738	0.00445	0.00499	0.00784	0.00999	0.01343	0.16766	0.37885	0.03071	0.12531	0.00851	0.00226	0.00330	0.20300	0.00431	0.00394
61	0.86760	0.00912	0.00693	0.00620	0.00912	0.01058	0.00511	0.01386	0.00802	0.02115	0.00657	0.00766	0.00511	0.00438	0.00292	0.00146	0.00365	0.00255	0.00292	0.00511
62	0.01657	0.01253	0.01339	0.01057	0.01411	0.01399	0.00863	0.62206	0.19148	0.02753	0.01304	0.01269	0.00941	0.00582	0.00473	0.00146	0.00487	0.00448	0.00473	0.00790
63	0.00677	0.00456	0.00514	0.00517	0.00524	0.00453	0.00293	0.00684	0.00707	0.00937	0.01644	0.05689	0.04699	0.77743	0.02274	0.00438	0.00443	0.00718	0.00296	0.00293
64	0.00607	0.00456	0.00563	0.00590	0.00684	0.00412	0.00425	0.00753	0.01110	0.01479	0.31806	0.32154	0.23576	0.01212	0.00574	0.00168	0.00248	0.02304	0.00468	0.00411
65	0.00574	0.00410	0.00547	0.00657	0.00684	0.00383	0.00438	0.00657	0.00903	0.01204	0.02599	0.83122	0.03119	0.01477	0.00602	0.00191	0.00274	0.01340	0.00438	0.00383
66	0.01255	0.82337	0.03800	0.00816	0.01224	0.01853	0.00823	0.01413	0.00959	0.01116	0.00659	0.00760	0.00605	0.00404	0.00305	0.00102	0.00507	0.00254	0.00202	0.00607
67	0.00674	0.00505	0.00758	0.00758	0.00842	0.00589	0.00589	0.00842	0.00758	0.01095	0.01263	0.01852	0.01179	0.03536	0.81561	0.00758	0.01263	0.00505	0.00253	0.00421
68	0.00686	0.00457	0.00514	0.00514	0.00514	0.00457	0.00286	0.00686	0.00686	0.00914	0.01486	0.03086	0.01714	0.83430	0.02400	0.00457	0.00457	0.00686	0.00286	0.00286
69	0.86760	0.00912	0.00693	0.00620	0.00912	0.01058	0.00511	0.01386	0.00802	0.02115	0.00657	0.00766	0.00511	0.00438	0.00292	0.00146	0.00365	0.00255	0.00292	0.00511
70	0.00819	0.00410	0.00614	0.00614	0.00614	0.00410	0.00410	0.00614	0.00614	0.00819	0.00819	0.01433	0.00819	0.01638	0.01843	0.86282	0.00410	0.00410	0.00205	0.00205
71	0.01392	0.01075	0.01260	0.00948	0.01339	0.01052	0.04416	0.34425	0.07241	0.05444	0.01089	0.01140	0.00816	0.00475	0.00426	0.00114	0.00446	0.00381	0.00386	0.36135
72	0.00984	0.00665	0.00852	0.00797	0.00948	0.00731	0.00616	0.03824	0.18452	0.09408	0.01504	0.02002	0.01306	0.08039	0.36562	0.07519	0.00786	0.04139	0.00351	0.00517
73	0.00972	0.00577	0.00748	0.00659	0.00827	0.00536	0.00509	0.04820	0.01379	0.15664	0.62876	0.03076	0.03706	0.00879	0.00538	0.00148	0.00268	0.00767	0.00528	0.00524
74	0.00686	0.00457	0.00514	0.00514	0.00514	0.00457	0.00286	0.00686	0.00686	0.00914	0.01486	0.03086	0.01714	0.83430	0.02400	0.00457	0.00457	0.00686	0.00286	0.00286
75	0.00934	0.00918	0.01628	0.64685	0.02998	0.01095	0.13281	0.01248	0.00955	0.01248	0.00842	0.01245	0.00641	0.00483	0.00553	0.00161	0.05893	0.00440	0.00214	0.00541
76	0.00753	0.00501	0.00651	0.00604	0.00733	0.00458	0.00457	0.00966	0.01317	0.06897	0.70458	0.04684	0.07801	0.00958	0.00552	0.00149	0.00235	0.00843	0.00518	0.00465
77	0.00557	0.00478	0.00478	0.00478	0.00637	0.00398	0.00358	0.00677	0.01075	0.01274	0.04776	0.04538	0.80297	0.01194	0.00557	0.00159	0.00239	0.00995	0.00438	0.00398
78	0.86760	0.00912	0.00693	0.00620	0.00912	0.01058	0.00511	0.01386	0.00802	0.02115	0.00657	0.00766	0.00511	0.00438	0.00292	0.00146	0.00365	0.00255	0.00292	0.00511
79	0.00652	0.00444	0.00529	0.00566	0.00576	0.00435	0.00342	0.00681	0.00761	0.01015	0.01857	0.28545	0.02177	0.55992	0.01799	0.00369	0.00398	0.02207	0.00337	0.00319
80	0.00650	0.00473	0.00626	0.00714	0.00793	0.00450	0.00553	0.00797	0.01020	0.01335	0.07771	0.39159	0.11834	0.01345	0.00613	0.00195	0.00328	0.30495	0.00442	0.00408
81	0.75200	0.00897	0.00748	0.00650	0.00952	0.01008	0.00536	0.01511	0.00877	0.12863	0.00821	0.00881	0.00600	0.00458	0.00317	0.00146	0.00370	0.00285	0.00332	0.00550
82	0.00581	0.00442	0.00522	0.00576	0.00653	0.00397	0.00396	0.00676	0.00965	0.01232	0.06332	0.44090	0.31771	0.08211	0.00734	0.00200	0.00274	0.01138	0.00428	0.00383
83	0.01835	0.01029	0.01212	0.00938	0.01288	0.01048	0.00771	0.39622	0.01772	0.36093	0.08139	0.01536	0.01266	0.00607	0.00480	0.00144	0.00444	0.00482	0.00523	0.00772
84	0.00819	0.00410	0.00614	0.00614	0.00614	0.00410	0.00410	0.00614	0.00614	0.00819	0.00819	0.01433	0.00819	0.01638	0.01843	0.86282	0.00410	0.00410	0.00205	0.00205
85	0.03564	0.00946	0.01120	0.00908	0.01240	0.00966	0.00735	0.12811	0.27540	0.42236	0.01755	0.01574	0.01194	0.00597	0.00472	0.00150	0.00407	0.00482	0.00527	0.00777
86	0.00574	0.00410	0.00547	0.00657	0.00684	0.00383	0.00438	0.00657	0.00903	0.01204	0.02599	0.83122	0.03119	0.01477	0.00602	0.00191	0.00274	0.01340	0.00438	0.00383
87	0.00660	0.00464	0.00579	0.00604	0.00672	0.00440	0.00428	0.00789	0.01021	0.01399	0.26994	0.22243	0.08361	0.20864	0.01010	0.00239	0.00314	0.08903	0.03629	0.00388
88	0.00583	0.00417	0.00557	0.00667	0.00698	0.00391	0.00453	0.00672	0.00911	0.01213	0.02594	0.79447	0.03099	0.01469	0.00604	0.00193	0.00281	0.04929	0.00438	0.00385
89	0.00890	0.00838	0.01414	0.82296	0.03247	0.01048	0.01309	0.01205	0.00943	0.01205	0.00838	0.01257	0.00629	0.00471	0.00471	0.00157	0.00629	0.00419	0.00210	0.00524
90	0.00674	0.00503	0.00746	0.00746	0.00826	0.00583	0.00575	0.00835	0.00754	0.01086	0.01273	0.01911	0.01204	0.07310	0.77822	0.00744	0.01225	0.00514	0.00254	0.00415
91	0.00681	0.00516	0.00772	0.00768	0.00850	0.00608	0.00599	0.00848	0.00757	0.01095	0.01249	0.01835	0.01167	0.03478	0.79853	0.00746	0.02998	0.00503	0.00252	0.00423
92	0.01580	0.00922	0.01078	0.00907	0.01216	0.00966	0.00723	0.02416	0.45824	0.36024	0.01894	0.01693	0.01322	0.00615	0.00477	0.00154	0.00385	0.00508	0.00525	0.00771
93	0.00743	0.00537	0.00737	0.00836	0.00949	0.00531	0.00727	0.00952	0.01085	0.01400	0.02684	0.05254	0.09085	0.01294	0.00644	0.00212	0.00418	0.71047	0.00434	0.00431
94	0.02002	0.00984	0.01207	0.00925	0.01294	0.00963	0.00764	0.29160	0.01654	0.53523	0.01605	0.01439	0.01039	0.00577	0.00473	0.00144	0.00442	0.00457	0.00544	0.00802
95	0.39216	0.01132	0.01049	0.06059	0.01293	0.07024	0.00730	0.28593	0.03996	0.02234	0.00889	0.00990	0.00670	0.00540	0.00440	0.03366	0.00473	0.00344	0.00349	0.00613
96	0.12777	0.30998	0.42229	0.01055	0.01593	0.01363	0.01243	0.01450	0.00956	0.01442	0.00753	0.00879	0.00588	0.00431	0.00375	0.00132	0.00583	0.00302	0.00213	0.00639
97	0.00910	0.00858	0.01449	0.76797	0.08597	0.01053	0.01319	0.01221	0.00952	0.01228	0.00841	0.01251	0.00637	0.00468	0.00471	0.00156	0.00624	0.00419	0.00211	0.00539
98	0.06443	0.01711	0.01529	0.01262	0.01564	0.42290	0.14702	0.16743	0.01410	0.01628	0.00929	0.04360	0.00772	0.00577	0.01887	0.00148	0.00732	0.00415	0.00298	0.00601
99	0.00902	0.00850	0.01435	0.79047	0.06409	0.01051	0.01315	0.01215	0.00948	0.01218	0.00840	0.01253	0.00633	0.00469	0.00471	0.00156	0.00626	0.00419	0.00210	0.00533
100	0.00569	0.00478	0.00494	0.00490	0.00644	0.00403	0.00368	0.00700	0.01103	0.01342	0.13092	0.04426	0.71939	0.01169	0.00557	0.00158	0.00237	0.00979	0.00447	0.00403
101	0.00565	0.00478	0.00488	0.00486	0.00642	0.00401	0.00364	0.00691	0.01093	0.01316	0.10003	0.04467	0.75043	0.01178	0.00557	0.00158	0.00238	0.00985	0.00443	0.00401
102	0.01739	0.02214	0.01386	0.01241	0.01492	0.78765	0.03597	0.01870	0.01328	0.01166	0.00737	0.00865	0.00611	0.00483	0.00430	0.00123	0.00848	0.00312	0.00243	0.00550
103	0.00588	0.00477	0.00521	0.00515	0.00657	0.00410	0.00384	0.00734	0.01139	0.01438	0.25138	0.06912	0.57156	0.01141	0.00558	0.00157	0.00236	0.00968	0.00460	0.00410
104	0.04733	0.01213	0.01429	0.01088	0.01467	0.01295	0.06242	0.57510	0.01940	0.16425	0.01230	0.01212	0.00850	0.00553	0.00472	0.00144	0.00512	0.00436	0.00469	0.00780

[dist]
# distance from previous block
# <min> <max>
8	14

[block]
# block no. 4 follows, 54 sequences, length 201
# corresponding to MSA columns:
# 245-445
name=unknown_E
#
# <colnr> <probs for GDERKNQSTAVLIFYWHMCP>
#	G	D	E	R	K	N	Q	S	T	A	V	L	I	F	Y	W	H	M	C	P
0	0.01283	0.14314	0.30009	0.01099	0.01566	0.06566	0.01141	0.14433	0.15971	0.05358	0.01103	0.01142	0.00819	0.00503	0.00433	0.00139	0.00565	0.00382	0.00319	0.02855
1	0.01460	0.06442	0.11181	0.00993	0.01344	0.10200	0.00881	0.11816	0.24555	0.18477	0.06627	0.01502	0.01248	0.00584	0.00461	0.00144	0.00490	0.00461	0.00424	0.00708
2	0.00667	0.00482	0.00630	0.00593	0.00704	0.00445	0.00445	0.00890	0.01335	0.01891	0.80239	0.03522	0.04449	0.00964	0.00556	0.00148	0.00222	0.00853	0.00519	0.00445
3	0.00978	0.00838	0.00978	0.00698	0.01117	0.00629	0.00559	0.01187	0.00978	0.01536	0.00838	0.00978	0.00698	0.00349	0.00349	0.00070	0.00349	0.00279	0.00279	0.86312
4	0.00819	0.00410	0.00614	0.00614	0.00614	0.00410	0.00410	0.00614	0.00614	0.00819	0.00819	0.01433	0.00819	0.01638	0.01843	0.86282	0.00410	0.00410	0.00205	0.00205
5	0.00574	0.00410	0.00547	0.00657	0.00684	0.00383	0.00438	0.00657	0.00903	0.01204	0.02599	0.83122	0.03119	0.01477	0.00602	0.00191	0.00274	0.01340	0.00438	0.00383
6	0.00952	0.00904	0.01559	0.56024	0.19046	0.01038	0.06287	0.01260	0.00998	0.01331	0.04258	0.01343	0.00830	0.00478	0.00478	0.00153	0.00602	0.00447	0.01440	0.00573
7	0.00620	0.00463	0.00609	0.00645	0.00716	0.00470	0.00463	0.00732	0.00859	0.01146	0.02405	0.29338	0.17131	0.10820	0.30869	0.00424	0.00654	0.00894	0.00353	0.00390
8	0.00649	0.00446	0.00521	0.00549	0.00565	0.00434	0.00329	0.00678	0.00765	0.01011	0.01972	0.23857	0.06814	0.57294	0.01824	0.00371	0.00397	0.00874	0.00334	0.00318
9	0.08111	0.01268	0.14133	0.25864	0.02022	0.01173	0.01104	0.29006	0.02817	0.07227	0.01027	0.01171	0.00734	0.00510	0.00452	0.00148	0.00554	0.00403	0.01606	0.00671
10	0.01163	0.00994	0.01456	0.44870	0.13855	0.01156	0.01183	0.20902	0.01279	0.01717	0.00936	0.01222	0.00708	0.00502	0.00501	0.00151	0.03242	0.00421	0.03120	0.00623
11	0.08881	0.00764	0.00876	0.05691	0.01100	0.00819	0.00632	0.17761	0.09270	0.06490	0.01804	0.33543	0.01805	0.02384	0.00533	0.00168	0.00373	0.00789	0.05761	0.00556
12	0.01542	0.01185	0.01403	0.21628	0.01905	0.01335	0.00992	0.57128	0.01861	0.02485	0.01050	0.01159	0.00755	0.00536	0.00468	0.00144	0.00542	0.00419	0.00400	0.03063
13	0.00662	0.00451	0.00535	0.00552	0.00571	0.00441	0.00335	0.00706	0.00810	0.01094	0.11688	0.18498	0.02330	0.57246	0.01821	0.00367	0.00392	0.00832	0.00344	0.00325
14	0.00819	0.00410	0.00614	0.00614	0.00614	0.00410	0.00410	0.00614	0.00614	0.00819	0.00819	0.01433	0.00819	0.01638	0.01843	0.86282	0.00410	0.00410	0.00205	0.00205
15	0.02055	0.00816	0.01092	0.00847	0.01205	0.00724	0.00696	0.02311	0.06402	0.75726	0.01864	0.01615	0.01185	0.00587	0.00475	0.00147	0.00399	0.00478	0.00577	0.00799
16	0.00874	0.00444	0.00453	0.00458	0.00568	0.00444	0.00348	0.01093	0.00993	0.01743	0.01579	0.01910	0.01273	0.00582	0.00343	0.00114	0.00229	0.03724	0.82389	0.00439
17	0.00648	0.00472	0.00610	0.00594	0.00697	0.00434	0.00438	0.00846	0.01262	0.01763	0.65410	0.13798	0.09174	0.01045	0.00562	0.00155	0.00230	0.00924	0.00503	0.00434
