[name]
unknown

[dist]
# distance from previous block
# <min> <max>
0	72

[block]
# block no. 0 follows, 47 sequences, length 9
# corresponding to MSA columns:
# 126-134
name=unknown_A
#
# <colnr> <probs for GDERKNQSTAVLIFYWHMCP>
#	G	D	E	R	K	N	Q	S	T	A	V	L	I	F	Y	W	H	M	C	P
0	0.00740	0.00561	0.00630	0.00617	0.00779	0.00501	0.00460	0.00959	0.04745	0.04385	0.22288	0.12089	0.46892	0.01237	0.00613	0.00176	0.00277	0.01055	0.00513	0.00484
1	0.12618	0.08233	0.08087	0.20893	0.21436	0.06562	0.02827	0.03454	0.03416	0.03000	0.00943	0.01199	0.00746	0.00519	0.00523	0.00160	0.04006	0.00416	0.00275	0.00686
2	0.01286	0.01271	0.04194	0.01989	0.31126	0.05481	0.09433	0.06939	0.18653	0.01910	0.07905	0.01790	0.04435	0.00617	0.00539	0.00163	0.00574	0.00565	0.00373	0.00758
3	0.00633	0.00459	0.00598	0.00709	0.00751	0.00424	0.00476	0.00727	0.01013	0.01336	0.03072	0.74951	0.09721	0.01605	0.00661	0.00209	0.00299	0.01448	0.00483	0.00424
4	0.13448	0.00827	0.00921	0.00829	0.01044	0.02826	0.00648	0.09770	0.04790	0.11645	0.01741	0.05614	0.06368	0.06180	0.25717	0.00395	0.00738	0.00584	0.05325	0.00590
5	0.09663	0.13508	0.15401	0.12400	0.08940	0.13714	0.10108	0.07420	0.01250	0.01684	0.00904	0.01115	0.00706	0.00497	0.00472	0.00153	0.00703	0.00403	0.00271	0.00688
6	0.00704	0.00524	0.00719	0.00776	0.00820	0.00557	0.00550	0.00814	0.00919	0.01262	0.02223	0.47442	0.02548	0.09686	0.23228	0.00416	0.04886	0.01098	0.00396	0.00433
7	0.00661	0.00528	0.00628	0.00641	0.00770	0.00503	0.00476	0.00799	0.01046	0.01324	0.03731	0.12173	0.44554	0.05485	0.23862	0.00387	0.00609	0.00967	0.00417	0.00440
8	0.46664	0.01003	0.01020	0.14641	0.01532	0.01137	0.00773	0.12062	0.01155	0.02170	0.01038	0.08232	0.00902	0.00608	0.00419	0.00163	0.00468	0.00449	0.00348	0.05217

[dist]
# distance from previous block
# <min> <max>
2	5

[block]
# block no. 1 follows, 47 sequences, length 25
# corresponding to MSA columns:
# 140-159,176-180
name=unknown_B
#
# <colnr> <probs for GDERKNQSTAVLIFYWHMCP>
#	G	D	E	R	K	N	Q	S	T	A	V	L	I	F	Y	W	H	M	C	P
0	0.00724	0.00505	0.00640	0.00670	0.00699	0.00520	0.00436	0.00790	0.00834	0.01134	0.01881	0.22006	0.02130	0.43852	0.20389	0.00512	0.00666	0.00886	0.00348	0.00377
1	0.01080	0.00926	0.01080	0.00771	0.01234	0.00694	0.00617	0.01311	0.01080	0.01697	0.00926	0.01080	0.00771	0.00386	0.00386	0.00077	0.00386	0.00309	0.00309	0.84882
2	0.01466	0.04632	0.07522	0.03933	0.01561	0.08447	0.03662	0.11396	0.01348	0.12455	0.01102	0.01201	0.00830	0.00501	0.00490	0.00124	0.02970	0.00388	0.00361	0.35610
3	0.02077	0.00835	0.01099	0.00863	0.01216	0.00743	0.00706	0.04665	0.01462	0.62858	0.04282	0.01845	0.01393	0.00651	0.00503	0.00155	0.00412	0.00529	0.12890	0.00816
4	0.00661	0.00501	0.00562	0.00597	0.00718	0.00443	0.00429	0.00799	0.01143	0.01484	0.10346	0.28728	0.42066	0.01337	0.00610	0.00182	0.00273	0.01155	0.07525	0.00443
5	0.00795	0.00630	0.00922	0.00893	0.00969	0.00766	0.00698	0.00963	0.00828	0.01205	0.01315	0.01993	0.01250	0.07190	0.65973	0.00743	0.11567	0.00554	0.00274	0.00471
6	0.00650	0.00503	0.00596	0.00646	0.00755	0.00449	0.00468	0.00786	0.01146	0.01465	0.12661	0.34981	0.35830	0.01419	0.00641	0.00192	0.00289	0.05588	0.00494	0.00441
7	0.00894	0.00691	0.00861	0.00822	0.00919	0.03232	0.00611	0.06910	0.00962	0.01322	0.01413	0.02294	0.01394	0.24606	0.47906	0.00655	0.03143	0.00595	0.00306	0.00465
8	0.85377	0.01007	0.00765	0.00685	0.01007	0.01168	0.00564	0.01531	0.00886	0.02336	0.00725	0.00846	0.00564	0.00483	0.00322	0.00161	0.00403	0.00282	0.00322	0.00564
9	0.01163	0.01205	0.02015	0.01578	0.01779	0.01437	0.24593	0.01387	0.00954	0.01418	0.00818	0.01217	0.00724	0.00723	0.01264	0.00200	0.49522	0.00494	0.00245	0.07266
10	0.01640	0.01260	0.01480	0.01403	0.12712	0.01353	0.00992	0.35472	0.22665	0.06768	0.01467	0.01461	0.01083	0.00606	0.00512	0.00156	0.00514	0.00491	0.00475	0.07490
11	0.40159	0.01147	0.01086	0.00890	0.01231	0.01287	0.00730	0.33952	0.01595	0.02706	0.03358	0.01199	0.00895	0.00572	0.00420	0.00156	0.00459	0.00399	0.07067	0.00694
12	0.01203	0.00998	0.01065	0.00966	0.01226	0.01135	0.00748	0.02430	0.62351	0.02149	0.11215	0.02177	0.01969	0.00742	0.00527	0.00171	0.00379	0.00623	0.07170	0.00758
13	0.85377	0.01007	0.00765	0.00685	0.01007	0.01168	0.00564	0.01531	0.00886	0.02336	0.00725	0.00846	0.00564	0.00483	0.00322	0.00161	0.00403	0.00282	0.00322	0.00564
14	0.01289	0.01237	0.02114	0.03196	0.78450	0.01237	0.01598	0.01598	0.01186	0.01701	0.00980	0.01289	0.00825	0.00464	0.00516	0.00155	0.00619	0.00464	0.00258	0.00825
15	0.03677	0.01176	0.01260	0.01060	0.01394	0.01316	0.00846	0.25061	0.43885	0.08610	0.01800	0.01692	0.01317	0.00668	0.00515	0.00167	0.00457	0.00536	0.03736	0.00828
16	0.01629	0.00983	0.01162	0.00965	0.01270	0.01009	0.00775	0.24675	0.11092	0.23916	0.14983	0.08340	0.02065	0.00829	0.00558	0.00169	0.00436	0.03826	0.00561	0.00757
17	0.00679	0.00503	0.00551	0.00580	0.00707	0.00445	0.00419	0.00824	0.01141	0.01505	0.08437	0.24109	0.43475	0.01280	0.00591	0.00176	0.00269	0.01098	0.12764	0.00445
18	0.00904	0.00701	0.00807	0.00798	0.00957	0.00724	0.00588	0.02859	0.23818	0.03410	0.13411	0.32075	0.14508	0.01190	0.00604	0.00187	0.00329	0.01043	0.00514	0.00573
19	0.01180	0.01357	0.12923	0.33484	0.23259	0.01240	0.09860	0.07436	0.01220	0.01667	0.00981	0.01311	0.00750	0.00501	0.00526	0.00166	0.00696	0.00469	0.00263	0.00710
20	0.01669	0.08974	0.17227	0.03353	0.09636	0.09902	0.02998	0.07667	0.03400	0.24504	0.01284	0.01326	0.00912	0.00570	0.00550	0.00157	0.04264	0.00441	0.00388	0.00777
21	0.00714	0.00496	0.00602	0.00630	0.00666	0.00477	0.00400	0.00791	0.00974	0.01318	0.16737	0.26274	0.04646	0.41089	0.01635	0.00347	0.00391	0.01011	0.00418	0.00383
22	0.00648	0.00459	0.00600	0.00708	0.00734	0.00432	0.00465	0.00729	0.00970	0.01294	0.02733	0.72625	0.03271	0.10602	0.00887	0.00244	0.00325	0.01399	0.00465	0.00411
23	0.01237	0.04219	0.08227	0.34967	0.18479	0.05409	0.05468	0.06426	0.01206	0.03898	0.00985	0.01303	0.00760	0.00546	0.00555	0.02623	0.00674	0.00450	0.00272	0.02295
24	0.02759	0.03520	0.20750	0.07348	0.04216	0.04395	0.10330	0.07363	0.01197	0.01671	0.01538	0.08939	0.06721	0.00956	0.06810	0.00220	0.03507	0.00597	0.06525	0.00636

[dist]
# distance from previous block
# <min> <max>
1	8

[block]
# block no. 2 follows, 47 sequences, length 28
# corresponding to MSA columns:
# 189-216
name=unknown_C
#
# <colnr> <probs for GDERKNQSTAVLIFYWHMCP>
#	G	D	E	R	K	N	Q	S	T	A	V	L	I	F	Y	W	H	M	C	P
0	0.19290	0.07854	0.06083	0.02596	0.17529	0.10519	0.00996	0.03020	0.02450	0.03545	0.02722	0.01255	0.00875	0.00864	0.05197	0.09007	0.04875	0.00408	0.00291	0.00622
1	0.00727	0.00548	0.00665	0.00679	0.00782	0.00526	0.00483	0.00966	0.06507	0.01609	0.27336	0.26143	0.16818	0.09771	0.03828	0.00242	0.00347	0.01066	0.00490	0.00466
2	0.01271	0.01315	0.04084	0.30938	0.13980	0.16349	0.04550	0.01554	0.01177	0.03960	0.03188	0.01466	0.00937	0.00574	0.00574	0.00163	0.05094	0.01792	0.06401	0.00631
3	0.01118	0.00789	0.00904	0.00812	0.01017	0.00845	0.00633	0.13536	0.14005	0.04856	0.07859	0.02435	0.11442	0.04103	0.18315	0.00321	0.00601	0.00639	0.15163	0.00606
4	0.01725	0.00799	0.01040	0.00848	0.01149	0.00727	0.00680	0.07667	0.01524	0.45385	0.22718	0.06162	0.05594	0.00831	0.00558	0.00164	0.00386	0.00701	0.00601	0.00739
5	0.00965	0.00882	0.01295	0.01210	0.06690	0.02890	0.08442	0.01148	0.01045	0.01473	0.18019	0.02351	0.04404	0.13016	0.12004	0.00323	0.22322	0.00654	0.00338	0.00530
6	0.00670	0.00501	0.00622	0.00653	0.00752	0.00453	0.00466	0.00830	0.01224	0.01640	0.32462	0.34056	0.21082	0.01342	0.00634	0.00185	0.00272	0.01186	0.00518	0.00453
7	0.01734	0.08595	0.03563	0.01340	0.01638	0.57273	0.06493	0.03401	0.01377	0.01344	0.00859	0.01044	0.00720	0.00727	0.05033	0.00180	0.03423	0.00372	0.00268	0.00617
8	0.01687	0.00761	0.00942	0.00783	0.01066	0.00716	0.00626	0.02041	0.09545	0.41155	0.06820	0.01980	0.01568	0.00666	0.00479	0.00150	0.00363	0.00545	0.27379	0.00727
9	0.00896	0.00675	0.00689	0.00649	0.00837	0.05006	0.00492	0.01056	0.01286	0.09587	0.19226	0.07090	0.48269	0.01165	0.00599	0.00171	0.00319	0.00978	0.00506	0.00505
10	0.07646	0.02147	0.53135	0.01294	0.01917	0.01177	0.01532	0.10883	0.01300	0.06576	0.06638	0.01342	0.01027	0.00560	0.00495	0.00163	0.00660	0.00436	0.00316	0.00755
11	0.01346	0.00762	0.00772	0.00694	0.00890	0.03847	0.00533	0.08720	0.01331	0.11560	0.01726	0.01902	0.01320	0.00656	0.00435	0.00143	0.00353	0.00505	0.61888	0.00615
12	0.00744	0.00558	0.00837	0.00837	0.00930	0.00651	0.00651	0.00930	0.00837	0.01209	0.01395	0.02046	0.01302	0.03906	0.79635	0.00837	0.01395	0.00558	0.00279	0.00465
13	0.01479	0.01184	0.01323	0.01236	0.07007	0.01330	0.00911	0.17335	0.53525	0.05945	0.01861	0.01750	0.01380	0.00670	0.00527	0.00170	0.00461	0.00553	0.00514	0.00839
14	0.01718	0.01727	0.01383	0.01198	0.01508	0.32148	0.00931	0.22668	0.24711	0.02099	0.01388	0.03811	0.01093	0.00646	0.00508	0.00155	0.00660	0.00484	0.00423	0.00742
15	0.01225	0.01188	0.02075	0.18296	0.58243	0.01227	0.07016	0.01551	0.01161	0.01626	0.00974	0.01317	0.00797	0.00473	0.00524	0.00160	0.00652	0.00475	0.00253	0.00768
16	0.00624	0.00522	0.00543	0.00550	0.00712	0.00441	0.00408	0.00760	0.01190	0.01441	0.09402	0.10557	0.68412	0.01327	0.00619	0.00178	0.00266	0.01118	0.00489	0.00441
17	0.00676	0.00480	0.00639	0.00750	0.00792	0.00457	0.00527	0.00783	0.01011	0.01341	0.02759	0.63503	0.03255	0.07707	0.00825	0.00238	0.00346	0.13018	0.00470	0.00424
18	0.00721	0.00494	0.00598	0.00633	0.00649	0.00492	0.00389	0.00760	0.00833	0.01117	0.01981	0.25992	0.02302	0.52746	0.07667	0.00444	0.00511	0.00953	0.00362	0.00358
19	0.01079	0.10468	0.71525	0.01426	0.02164	0.01293	0.01823	0.01640	0.01095	0.01608	0.00914	0.01074	0.00661	0.00490	0.00479	0.00160	0.00749	0.00374	0.00220	0.00760
20	0.01518	0.04593	0.01310	0.01112	0.01387	0.29162	0.00865	0.06478	0.29064	0.04047	0.01800	0.01780	0.08910	0.00749	0.01773	0.00169	0.03657	0.00524	0.00408	0.00691
21	0.00674	0.00538	0.00608	0.00625	0.00768	0.00480	0.00469	0.00862	0.03237	0.01545	0.17349	0.16445	0.46648	0.01315	0.00628	0.00184	0.00286	0.06380	0.00500	0.00459
22	0.01024	0.00572	0.00734	0.00724	0.00871	0.00511	0.00527	0.01160	0.01184	0.18651	0.10972	0.40150	0.16102	0.03440	0.00673	0.00197	0.00326	0.01125	0.00524	0.00533
23	0.01333	0.27555	0.14359	0.15707	0.01967	0.18115	0.03735	0.01596	0.01131	0.01329	0.00864	0.01154	0.00734	0.04305	0.00599	0.00162	0.04100	0.00383	0.00239	0.00635
24	0.10339	0.04423	0.09354	0.03888	0.11713	0.01231	0.14894	0.15387	0.04070	0.08309	0.01185	0.01426	0.00919	0.04029	0.06364	0.00225	0.00680	0.00486	0.00353	0.00725
25	0.00659	0.00471	0.00596	0.00681	0.00720	0.00441	0.00448	0.00743	0.00988	0.01310	0.05853	0.59088	0.08689	0.15547	0.01005	0.00258	0.00332	0.01305	0.00458	0.00408
26	0.01446	0.01351	0.10878	0.04312	0.01542	0.12008	0.07036	0.07172	0.04407	0.15900	0.06823	0.01819	0.03348	0.06544	0.00754	0.00187	0.06220	0.00537	0.07048	0.00668
27	0.15699	0.08719	0.01392	0.07243	0.03891	0.16640	0.01907	0.11345	0.02418	0.01852	0.00951	0.01119	0.00765	0.00625	0.03405	0.00159	0.00610	0.00367	0.02557	0.18336

[dist]
# distance from previous block
# <min> <max>
0	17

[block]
# block no. 3 follows, 47 sequences, length 16
# corresponding to MSA columns:
# 234-249
name=unknown_D
#
# <colnr> <probs for GDERKNQSTAVLIFYWHMCP>
#	G	D	E	R	K	N	Q	S	T	A	V	L	I	F	Y	W	H	M	C	P
0	0.04992	0.12429	0.07498	0.01025	0.01384	0.02248	0.03893	0.20248	0.07098	0.03173	0.05034	0.02968	0.07793	0.01011	0.08892	0.00223	0.02098	0.00530	0.00388	0.07076
1	0.02691	0.21674	0.07561	0.00988	0.01318	0.04434	0.00882	0.16926	0.01371	0.07672	0.07097	0.04054	0.01316	0.07926	0.05136	0.00218	0.05236	0.00503	0.00368	0.02629
2	0.07457	0.00723	0.00963	0.11570	0.01349	0.00704	0.02962	0.01397	0.01228	0.20990	0.11720	0.13972	0.19209	0.00952	0.00559	0.00173	0.00399	0.00815	0.02265	0.00593
3	0.01319	0.01304	0.01849	0.18221	0.47528	0.09869	0.01428	0.04882	0.03810	0.01673	0.02555	0.01343	0.00892	0.00511	0.00514	0.00157	0.00653	0.00464	0.00281	0.00747
4	0.01162	0.00626	0.00763	0.00707	0.00895	0.00581	0.00536	0.01420	0.05654	0.20310	0.14683	0.18811	0.13354	0.01005	0.00549	0.00167	0.00316	0.00863	0.17013	0.00583
5	0.01239	0.47063	0.36335	0.01152	0.01741	0.01686	0.01346	0.01599	0.01076	0.01412	0.00817	0.00952	0.00665	0.00467	0.00405	0.00135	0.00651	0.00325	0.00222	0.00713
6	0.01491	0.01583	0.01229	0.01116	0.01349	0.35040	0.00857	0.06273	0.18772	0.01637	0.01299	0.01462	0.01054	0.01181	0.14240	0.00269	0.03227	0.00455	0.06829	0.00636
7	0.00905	0.00587	0.00788	0.00829	0.00963	0.00559	0.00679	0.01114	0.01250	0.08045	0.19598	0.12559	0.07656	0.03668	0.00725	0.00218	0.00395	0.38448	0.00510	0.00503
8	0.01129	0.01452	0.17104	0.07977	0.29681	0.09670	0.01311	0.01430	0.01152	0.01539	0.02955	0.19422	0.01442	0.00759	0.00543	0.00169	0.00611	0.00674	0.00307	0.00672
9	0.01376	0.55492	0.12962	0.01150	0.01637	0.06168	0.09387	0.03932	0.01149	0.01398	0.00810	0.00952	0.00687	0.00462	0.00400	0.00128	0.00643	0.00339	0.00239	0.00689
10	0.00752	0.00506	0.00566	0.00566	0.00573	0.00502	0.00319	0.00757	0.00774	0.01025	0.01782	0.03470	0.04867	0.78568	0.02571	0.00492	0.00495	0.00771	0.00322	0.00320
11	0.00707	0.00524	0.00663	0.00692	0.00788	0.00494	0.00494	0.00931	0.04691	0.01702	0.35548	0.37444	0.10737	0.01317	0.00632	0.00186	0.00279	0.01173	0.00524	0.00472
12	0.05047	0.01802	0.37784	0.01331	0.06030	0.04370	0.02670	0.01816	0.02565	0.20925	0.01359	0.05976	0.01032	0.00754	0.04069	0.00195	0.00667	0.00496	0.00359	0.00752
13	0.01182	0.01426	0.18020	0.02986	0.04468	0.01118	0.29743	0.01576	0.03377	0.07858	0.02627	0.04308	0.01097	0.06964	0.05208	0.00238	0.06241	0.00583	0.00308	0.00672
14	0.00633	0.00460	0.00598	0.00708	0.00751	0.00424	0.00476	0.00727	0.01014	0.01336	0.03081	0.74670	0.09996	0.01604	0.00660	0.00208	0.00299	0.01447	0.00483	0.00424
15	0.01210	0.01139	0.01712	0.45052	0.11231	0.05571	0.08487	0.11287	0.01309	0.01700	0.05458	0.01481	0.00986	0.00553	0.00532	0.00167	0.00675	0.00499	0.00297	0.00654

[dist]
# distance from previous block
# <min> <max>
4	12

[block]
# block no. 4 follows, 47 sequences, length 48
# corresponding to MSA columns:
# 262-290,292-310
name=unknown_E
#
# <colnr> <probs for GDERKNQSTAVLIFYWHMCP>
#	G	D	E	R	K	N	Q	S	T	A	V	L	I	F	Y	W	H	M	C	P
0	0.05145	0.04724	0.05851	0.11857	0.17098	0.02868	0.10961	0.01516	0.05902	0.06454	0.01635	0.07088	0.08193	0.02204	0.02892	0.02406	0.00601	0.00603	0.00334	0.01668
1	0.22176	0.01259	0.01388	0.04406	0.01563	0.01381	0.04516	0.41689	0.05208	0.07051	0.01173	0.01220	0.00845	0.00574	0.00473	0.00158	0.00531	0.00433	0.00448	0.03508
2	0.00740	0.00534	0.00735	0.00742	0.00805	0.00585	0.00534	0.00867	0.00853	0.01198	0.05004	0.08132	0.01788	0.26422	0.47954	0.00665	0.01005	0.00699	0.00317	0.00419
3	0.00673	0.00508	0.00622	0.00640	0.00750	0.00457	0.00462	0.00841	0.01253	0.01674	0.35601	0.27037	0.24978	0.01303	0.00629	0.00181	0.00267	0.01145	0.00522	0.00457
4	0.00639	0.00527	0.00563	0.00573	0.00732	0.00451	0.00432	0.00784	0.01201	0.01470	0.11517	0.09827	0.63142	0.01322	0.00624	0.00180	0.00275	0.04804	0.00491	0.00445
5	0.01410	0.00695	0.00925	0.00787	0.01028	0.00628	0.00625	0.03064	0.01489	0.33053	0.43146	0.03060	0.03302	0.00901	0.00580	0.00165	0.00340	0.03549	0.00598	0.00658
6	0.00665	0.00492	0.00621	0.00668	0.00754	0.00449	0.00471	0.00814	0.01188	0.01594	0.28211	0.42451	0.16930	0.01390	0.00639	0.00190	0.00277	0.01236	0.00513	0.00449
7	0.01239	0.42151	0.27807	0.05563	0.05307	0.01642	0.06679	0.01586	0.01089	0.01423	0.00839	0.01013	0.00683	0.00466	0.00425	0.00139	0.00660	0.00356	0.00227	0.00706
8	0.01706	0.02142	0.04030	0.06542	0.06029	0.57368	0.06428	0.01901	0.01361	0.01338	0.00858	0.01065	0.00709	0.00639	0.02960	0.00166	0.03491	0.00383	0.00263	0.00621
9	0.04106	0.00889	0.01199	0.00921	0.01323	0.00774	0.00761	0.02516	0.01478	0.77181	0.02026	0.01753	0.01274	0.00641	0.00519	0.00161	0.00442	0.00519	0.00638	0.00879
10	0.01082	0.11287	0.70737	0.01420	0.02155	0.01302	0.01812	0.01639	0.01095	0.01603	0.00912	0.01071	0.00661	0.00489	0.00477	0.00159	0.00747	0.00373	0.00220	0.00759
11	0.01043	0.00986	0.01669	0.65409	0.18159	0.01173	0.01476	0.01383	0.01069	0.01403	0.00936	0.01369	0.00720	0.00510	0.00520	0.00170	0.00679	0.00463	0.00237	0.00626
12	0.00637	0.00457	0.00604	0.00718	0.00754	0.00425	0.00481	0.00733	0.01015	0.01352	0.04910	0.77101	0.05668	0.01608	0.00662	0.00209	0.00300	0.01455	0.00486	0.00425
13	0.00972	0.00910	0.01531	0.77860	0.03495	0.01133	0.01415	0.01311	0.01040	0.01331	0.00989	0.03983	0.00783	0.00557	0.00525	0.00175	0.00681	0.00496	0.00240	0.00573
14	0.01421	0.79518	0.02682	0.00892	0.01336	0.02021	0.00887	0.01589	0.01071	0.03610	0.00765	0.00864	0.00687	0.00452	0.00340	0.00113	0.00553	0.00286	0.00236	0.00675
15	0.00896	0.00610	0.00853	0.00958	0.01088	0.00606	0.00836	0.01134	0.01210	0.04465	0.02731	0.05720	0.02933	0.01409	0.00712	0.00237	0.00478	0.72144	0.00486	0.00495
16	0.01513	0.52901	0.15529	0.01000	0.01493	0.01667	0.01044	0.01762	0.01148	0.16119	0.01014	0.01060	0.00785	0.00492	0.00398	0.00130	0.00572	0.00344	0.00303	0.00727
17	0.06085	0.00909	0.01234	0.01019	0.01248	0.00980	0.03636	0.03459	0.01179	0.33780	0.01760	0.06909	0.05475	0.06404	0.02873	0.00222	0.21092	0.00605	0.00453	0.00678
18	0.01945	0.02482	0.01476	0.01342	0.01610	0.79608	0.01006	0.02079	0.01476	0.01275	0.00805	0.00939	0.00671	0.00537	0.00470	0.00134	0.00939	0.00335	0.00268	0.00604
19	0.00686	0.00516	0.00635	0.00636	0.00755	0.00465	0.00465	0.00873	0.01309	0.01768	0.45054	0.18977	0.23478	0.01238	0.00624	0.00176	0.00261	0.01085	0.00533	0.00465
20	0.00646	0.00467	0.00615	0.00729	0.00773	0.00435	0.00501	0.00749	0.01020	0.01348	0.02995	0.72345	0.07526	0.01602	0.00665	0.00211	0.00311	0.06148	0.00483	0.00428
21	0.01149	0.00923	0.01087	0.00780	0.01239	0.00698	0.00625	0.01379	0.01102	0.05935	0.00988	0.01118	0.00800	0.00400	0.00393	0.00082	0.00389	0.00320	0.00327	0.80265
22	0.01077	0.00815	0.00951	0.00882	0.01078	0.00857	0.00689	0.17067	0.13972	0.02115	0.22962	0.18112	0.05720	0.01080	0.00604	0.00184	0.00383	0.10318	0.00523	0.00612
23	0.00680	0.00477	0.00599	0.00678	0.00705	0.00456	0.00440	0.00748	0.00932	0.01237	0.02535	0.51877	0.04860	0.27216	0.01300	0.00305	0.00372	0.03763	0.00430	0.00391
24	0.00775	0.00563	0.00726	0.00811	0.00891	0.00557	0.00596	0.05049	0.03953	0.01515	0.02730	0.58669	0.03144	0.01503	0.00663	0.00213	0.00357	0.16326	0.00486	0.00475
25	0.01108	0.01112	0.02061	0.44715	0.18606	0.01214	0.20679	0.01471	0.01119	0.01492	0.00969	0.01372	0.00745	0.00488	0.00544	0.00170	0.00726	0.00502	0.00245	0.00660
26	0.00634	0.00453	0.00604	0.00725	0.00755	0.00423	0.00483	0.00725	0.00997	0.01329	0.02870	0.81358	0.03444	0.01632	0.00665	0.00211	0.00302	0.01480	0.00483	0.00423
27	0.01171	0.01231	0.02371	0.05240	0.02287	0.01112	0.49022	0.01539	0.01173	0.01662	0.01007	0.01301	0.00780	0.00426	0.00537	0.00144	0.00713	0.00510	0.00276	0.27498
28	0.01099	0.04268	0.58087	0.01649	0.02350	0.01257	0.20663	0.01652	0.01131	0.01644	0.00959	0.01170	0.00693	0.00480	0.00521	0.00166	0.00792	0.00440	0.00231	0.00750
29	0.01119	0.00586	0.00767	0.00747	0.00876	0.00538	0.00532	0.01232	0.01108	0.21688	0.06565	0.37852	0.02622	0.18157	0.01043	0.00258	0.00383	0.02905	0.00495	0.00527
30	0.01447	0.01146	0.01218	0.01051	0.01363	0.01300	0.00830	0.18305	0.55090	0.04336	0.01909	0.01792	0.01418	0.00682	0.00518	0.00169	0.00437	0.00556	0.05616	0.00818
31	0.68799	0.01110	0.00920	0.00842	0.03481	0.04013	0.00657	0.10205	0.01100	0.02381	0.00812	0.00928	0.00626	0.00503	0.00357	0.00159	0.00446	0.00314	0.01739	0.00609
32	0.00666	0.00497	0.00706	0.00787	0.00843	0.00465	0.03360	0.00777	0.01018	0.01354	0.02840	0.73603	0.04668	0.01572	0.00664	0.00211	0.00331	0.04726	0.00475	0.00436
33	0.01945	0.02482	0.01476	0.01342	0.01610	0.79608	0.01006	0.02079	0.01476	0.01275	0.00805	0.00939	0.00671	0.00537	0.00470	0.00134	0.00939	0.00335	0.00268	0.00604
34	0.00641	0.00509	0.00576	0.00601	0.00730	0.00444	0.00435	0.00781	0.01184	0.01500	0.16769	0.25048	0.46225	0.01359	0.00628	0.00183	0.00271	0.01174	0.00498	0.00444
35	0.01481	0.00977	0.01030	0.00846	0.01116	0.01056	0.00680	0.39370	0.01778	0.02619	0.01472	0.01592	0.01108	0.00616	0.00443	0.00139	0.00410	0.00477	0.42103	0.00688
36	0.00857	0.00572	0.00706	0.00660	0.00802	0.00549	0.00499	0.01179	0.06263	0.04245	0.58323	0.03379	0.03998	0.00953	0.00564	0.00157	0.00261	0.00831	0.14678	0.00523
37	0.00672	0.00524	0.00610	0.00601	0.00741	0.00462	0.00446	0.00852	0.01301	0.01708	0.37936	0.10676	0.39147	0.01230	0.00619	0.00173	0.00259	0.01059	0.00524	0.00462
38	0.00647	0.00460	0.00607	0.00720	0.00750	0.00432	0.00480	0.00735	0.00986	0.01314	0.02789	0.74745	0.03336	0.06737	0.00793	0.00231	0.00319	0.03029	0.00473	0.00417
39	0.00681	0.00507	0.00636	0.00662	0.00765	0.00461	0.00480	0.00852	0.01248	0.01681	0.35988	0.30056	0.19155	0.01317	0.00635	0.00185	0.00275	0.03436	0.00522	0.00458
40	0.11602	0.01369	0.01443	0.01122	0.01524	0.01512	0.00925	0.62372	0.04154	0.06975	0.01253	0.01248	0.00887	0.00612	0.00498	0.00158	0.00543	0.00453	0.00505	0.00847
41	0.01419	0.05833	0.02380	0.01706	0.02101	0.01489	0.38390	0.21322	0.01460	0.01990	0.01018	0.01283	0.00789	0.00577	0.00779	0.00177	0.15715	0.00528	0.00322	0.00724
42	0.00628	0.00479	0.00578	0.00657	0.00738	0.00429	0.00453	0.00733	0.01062	0.01356	0.03695	0.55168	0.29102	0.01524	0.00648	0.00199	0.00289	0.01350	0.00483	0.00429
43	0.01378	0.00956	0.01138	0.00831	0.01279	0.00773	0.00671	0.06869	0.01253	0.16229	0.01160	0.01221	0.00876	0.00451	0.00421	0.00098	0.00410	0.00360	0.00386	0.63239
44	0.00741	0.00508	0.00618	0.00631	0.00651	0.00520	0.00391	0.00783	0.00798	0.01080	0.01738	0.12000	0.01969	0.59450	0.15474	0.00528	0.00633	0.00805	0.00328	0.00353
45	0.01053	0.02505	0.71128	0.01425	0.02135	0.01174	0.01798	0.04372	0.01143	0.01689	0.01070	0.06227	0.00846	0.00572	0.00507	0.00168	0.00733	0.00458	0.00248	0.00752
46	0.01289	0.01237	0.02114	0.03196	0.78450	0.01237	0.01598	0.01598	0.01186	0.01701	0.00980	0.01289	0.00825	0.00464	0.00516	0.00155	0.00619	0.00464	0.00258	0.00825
47	0.00759	0.00532	0.00678	0.00693	0.00740	0.00557	0.00479	0.00846	0.00847	0.01146	0.01814	0.03349	0.04229	0.46703	0.25076	0.00561	0.00757	0.09521	0.00329	0.00383

[dist]
# distance from previous block
# <min> <max>
0	4

[block]
# block no. 5 follows, 47 sequences, length 28
# corresponding to MSA columns:
# 315-342
name=unknown_F
#
# <colnr> <probs for GDERKNQSTAVLIFYWHMCP>
#	G	D	E	R	K	N	Q	S	T	A	V	L	I	F	Y	W	H	M	C	P
0	0.63344	0.06412	0.01034	0.00785	0.01134	0.01269	0.00658	0.12376	0.01155	0.06563	0.00873	0.00954	0.00657	0.00510	0.00363	0.00157	0.00440	0.00322	0.00362	0.00635
1	0.03778	0.00571	0.00694	0.00756	0.00847	0.00559	0.00538	0.07107	0.01142	0.01547	0.02882	0.60827	0.10219	0.01467	0.00639	0.00203	0.00333	0.04939	0.00481	0.00471
2	0.02801	0.14052	0.01500	0.00959	0.01379	0.01269	0.00803	0.23907	0.10714	0.06358	0.01192	0.01229	0.00912	0.00520	0.00441	0.00124	0.00475	0.00396	0.00403	0.30564
3	0.01235	0.10280	0.32134	0.01292	0.05942	0.01211	0.03250	0.11646	0.01279	0.01841	0.00958	0.01105	0.00735	0.00473	0.00454	0.00133	0.00606	0.00373	0.00289	0.24763
4	0.00729	0.00562	0.00683	0.00660	0.00817	0.00494	0.00498	0.00920	0.01275	0.01725	0.35437	0.14317	0.24769	0.01171	0.00606	0.00170	0.00287	0.05882	0.00505	0.08492
5	0.00714	0.00592	0.00684	0.00651	0.00811	0.00550	0.00502	0.00882	0.01224	0.01585	0.22714	0.05676	0.46232	0.01193	0.00684	0.00175	0.05740	0.04284	0.00480	0.04626
6	0.02246	0.01316	0.10789	0.01892	0.30558	0.01216	0.01236	0.09395	0.16465	0.01925	0.02653	0.03247	0.03746	0.00630	0.00596	0.00165	0.05986	0.00526	0.03420	0.01992
7	0.00643	0.00485	0.00595	0.00659	0.00744	0.00437	0.00460	0.00768	0.01118	0.01458	0.14128	0.48781	0.24908	0.01463	0.00644	0.00195	0.00283	0.01296	0.00496	0.00437
8	0.00972	0.00867	0.01147	0.01130	0.06267	0.03456	0.00807	0.01080	0.00841	0.01199	0.01156	0.02042	0.01200	0.26709	0.18281	0.00435	0.31090	0.00568	0.00269	0.00487
9	0.00748	0.00507	0.00637	0.00640	0.00731	0.00477	0.00457	0.00937	0.01256	0.01807	0.45147	0.19910	0.03854	0.08792	0.00786	0.00201	0.00282	0.00979	0.11393	0.00459
10	0.04068	0.00956	0.01147	0.00861	0.01267	0.00835	0.00699	0.07025	0.01257	0.20499	0.01225	0.01280	0.00910	0.00504	0.00498	0.00115	0.04786	0.00384	0.02800	0.48882
11	0.01265	0.16633	0.22866	0.01704	0.02274	0.01399	0.39211	0.01686	0.01176	0.05385	0.01011	0.01237	0.00758	0.00465	0.00527	0.00160	0.00769	0.00488	0.00263	0.00723
12	0.00745	0.00554	0.00819	0.00819	0.00906	0.00641	0.00629	0.00919	0.00832	0.01196	0.01411	0.02136	0.01341	0.09041	0.74553	0.00815	0.01336	0.00571	0.00281	0.00455
13	0.01647	0.01512	0.01361	0.01163	0.01490	0.17891	0.00914	0.25805	0.37962	0.02334	0.01570	0.01514	0.01175	0.00645	0.00514	0.00161	0.00574	0.00498	0.00472	0.00797
14	0.01211	0.01158	0.01973	0.22890	0.59365	0.01217	0.01559	0.01530	0.01149	0.01607	0.00966	0.01314	0.00792	0.00478	0.00517	0.00159	0.00638	0.00464	0.00251	0.00762
15	0.04271	0.06701	0.07852	0.01179	0.05835	0.10331	0.03840	0.09873	0.04873	0.27254	0.02932	0.03498	0.01152	0.00613	0.00491	0.00153	0.00550	0.00492	0.07354	0.00753
16	0.01173	0.19002	0.54247	0.01403	0.02064	0.05258	0.06732	0.01653	0.01118	0.01544	0.00893	0.01058	0.00671	0.00483	0.00468	0.00153	0.00741	0.00376	0.00226	0.00736
17	0.00906	0.00747	0.00831	0.00824	0.01020	0.00776	0.00651	0.01533	0.28117	0.01708	0.03442	0.09160	0.29504	0.01150	0.00612	0.00193	0.00367	0.17376	0.00499	0.00583
18	0.02488	0.01021	0.06851	0.01300	0.01612	0.00878	0.27460	0.01331	0.06007	0.03813	0.02328	0.25806	0.12767	0.00975	0.00611	0.00187	0.00550	0.03031	0.00393	0.00591
19	0.01274	0.06350	0.07431	0.34385	0.11326	0.01203	0.01289	0.05631	0.01186	0.11046	0.01181	0.01643	0.00944	0.00623	0.00617	0.00173	0.07198	0.05509	0.00316	0.00675
20	0.00615	0.00528	0.00528	0.00528	0.00703	0.00440	0.00396	0.00747	0.01187	0.01407	0.05276	0.05012	0.78238	0.01319	0.00615	0.00176	0.00264	0.01099	0.00484	0.00440
21	0.00656	0.00469	0.00615	0.00721	0.00761	0.00440	0.00491	0.00753	0.01008	0.01339	0.04416	0.68290	0.05303	0.06885	0.00797	0.00231	0.00323	0.05607	0.00474	0.00421
22	0.14177	0.01012	0.01138	0.01026	0.03409	0.01083	0.00807	0.30430	0.01631	0.08876	0.03925	0.13200	0.01690	0.00953	0.02216	0.00193	0.00493	0.12577	0.00479	0.00685
23	0.12950	0.01679	0.01397	0.01284	0.06691	0.31148	0.00948	0.20230	0.04131	0.09431	0.01092	0.01172	0.00826	0.00654	0.02491	0.00168	0.02210	0.00404	0.00381	0.00713
24	0.07617	0.55933	0.02373	0.03985	0.07860	0.03793	0.02637	0.01543	0.01048	0.01365	0.00759	0.00934	0.00679	0.00493	0.00477	0.00132	0.07152	0.00324	0.00236	0.00661
25	0.00835	0.00590	0.00737	0.00713	0.00776	0.00636	0.00488	0.05980	0.00902	0.01240	0.01521	0.02745	0.01601	0.46708	0.31686	0.00607	0.00847	0.00662	0.00316	0.00411
26	0.01276	0.06866	0.29863	0.04486	0.10291	0.01162	0.03478	0.03925	0.02501	0.10944	0.02830	0.02591	0.00960	0.02374	0.00621	0.00165	0.06056	0.00454	0.00315	0.08844
27	0.01351	0.01565	0.14391	0.07108	0.13449	0.08689	0.17573	0.11472	0.03071	0.04197	0.01244	0.02871	0.03097	0.00590	0.00589	0.00166	0.04066	0.02152	0.00319	0.02039

[dist]
# distance from previous block
# <min> <max>
1	31

[block]
# block no. 6 follows, 47 sequences, length 83
# corresponding to MSA columns:
# 374-456
name=unknown_G
#
# <colnr> <probs for GDERKNQSTAVLIFYWHMCP>
#	G	D	E	R	K	N	Q	S	T	A	V	L	I	F	Y	W	H	M	C	P
0	0.01081	0.06461	0.21008	0.01183	0.02969	0.05336	0.07828	0.05399	0.01212	0.03443	0.05842	0.10728	0.16705	0.00850	0.00649	0.00173	0.07455	0.00700	0.00353	0.00624
1	0.00876	0.00583	0.02452	0.00625	0.00777	0.00503	0.00479	0.01005	0.01121	0.07139	0.10989	0.08150	0.30050	0.03451	0.02693	0.11244	0.00343	0.00826	0.16233	0.00462
2	0.00938	0.05898	0.07730	0.02268	0.09137	0.00793	0.04246	0.02919	0.01253	0.04040	0.24803	0.19120	0.10812	0.00985	0.00575	0.00169	0.00414	0.00872	0.00436	0.02591
3	0.01412	0.06408	0.27294	0.04836	0.06816	0.05216	0.04549	0.15152	0.03615	0.09881	0.01263	0.03771	0.00997	0.02238	0.01905	0.00181	0.00661	0.02702	0.00353	0.00749
4	0.01769	0.02904	0.07902	0.01144	0.01537	0.10527	0.03310	0.18637	0.19069	0.23052	0.03693	0.01571	0.01216	0.00631	0.00517	0.00160	0.00561	0.00502	0.00489	0.00808
5	0.00693	0.00511	0.00638	0.00676	0.00770	0.00471	0.00491	0.00846	0.01181	0.01574	0.26222	0.29029	0.18210	0.07815	0.00805	0.00216	0.00312	0.08599	0.00497	0.00444
6	0.01426	0.11788	0.01437	0.01075	0.01397	0.11909	0.00860	0.06548	0.50981	0.01980	0.01679	0.01601	0.01284	0.00636	0.00492	0.00158	0.00510	0.00500	0.00448	0.03292
7	0.01042	0.01553	0.28352	0.08742	0.04829	0.01039	0.13102	0.01494	0.04936	0.02851	0.08530	0.08046	0.03337	0.00668	0.00569	0.00166	0.02609	0.00598	0.00319	0.07219
8	0.01158	0.28534	0.54153	0.01291	0.01955	0.01487	0.01588	0.01620	0.01086	0.01511	0.00866	0.01013	0.00662	0.00479	0.00442	0.00147	0.00700	0.00350	0.00221	0.00737
9	0.00757	0.00505	0.00568	0.00568	0.00568	0.00505	0.00316	0.00757	0.00757	0.01010	0.01641	0.03408	0.01893	0.81698	0.02651	0.00505	0.00505	0.00757	0.00316	0.00316
10	0.00799	0.00618	0.00857	0.00827	0.00880	0.00731	0.00616	0.00921	0.00808	0.01156	0.01374	0.02329	0.01395	0.26421	0.46794	0.00660	0.11492	0.00603	0.00283	0.00435
11	0.02714	0.04111	0.03909	0.18884	0.14238	0.30920	0.02792	0.10265	0.01409	0.04559	0.00962	0.01170	0.00749	0.00529	0.00494	0.00151	0.00750	0.00411	0.00299	0.00684
12	0.01902	0.02409	0.01482	0.01343	0.01597	0.75391	0.01013	0.02035	0.01439	0.01273	0.00798	0.00950	0.00671	0.00557	0.00537	0.00139	0.05253	0.00342	0.00266	0.00602
13	0.00745	0.00553	0.00811	0.00811	0.00895	0.00637	0.00618	0.00913	0.00829	0.01189	0.01419	0.02179	0.01360	0.11499	0.72120	0.00805	0.01308	0.00577	0.00283	0.00450
14	0.00661	0.00478	0.00627	0.00707	0.00767	0.00443	0.00491	0.00791	0.01113	0.01500	0.18953	0.59238	0.07279	0.01491	0.00653	0.00200	0.00293	0.03373	0.00502	0.00440
15	0.01904	0.02193	0.01493	0.01309	0.01595	0.59131	0.01005	0.16938	0.03122	0.01691	0.00914	0.01029	0.00732	0.00574	0.00535	0.00143	0.04333	0.00372	0.00322	0.00663
16	0.00797	0.00562	0.00689	0.00728	0.00844	0.00532	0.00529	0.01036	0.07271	0.05684	0.10093	0.42732	0.19430	0.01374	0.00634	0.00196	0.00316	0.05558	0.00504	0.00493
17	0.00757	0.00507	0.00580	0.00580	0.00584	0.00511	0.00330	0.00765	0.00761	0.01018	0.01630	0.03349	0.01868	0.78309	0.06004	0.00519	0.00544	0.00749	0.00314	0.00322
18	0.00634	0.00453	0.00604	0.00725	0.00755	0.00423	0.00483	0.00725	0.00997	0.01329	0.02870	0.81358	0.03444	0.01632	0.00665	0.00211	0.00302	0.01480	0.00483	0.00423
19	0.24418	0.01475	0.01283	0.01080	0.01385	0.18392	0.00868	0.29124	0.01576	0.02291	0.00975	0.01116	0.00763	0.00804	0.05691	0.00203	0.07105	0.00394	0.00373	0.00684
20	0.00890	0.00690	0.00832	0.00785	0.00952	0.00709	0.00606	0.01453	0.21173	0.02069	0.52386	0.03545	0.03897	0.01002	0.00601	0.00173	0.00308	0.06799	0.00554	0.00577
21	0.00757	0.00505	0.00568	0.00568	0.00568	0.00505	0.00316	0.00757	0.00757	0.01010	0.01641	0.03408	0.01893	0.81698	0.02651	0.00505	0.00505	0.00757	0.00316	0.00316
22	0.00812	0.00565	0.00829	0.00814	0.00872	0.00652	0.00611	0.00876	0.00789	0.01121	0.01236	0.01947	0.01194	0.07754	0.49906	0.22568	0.06253	0.00536	0.00264	0.00401
23	0.01264	0.01212	0.02069	0.09407	0.72431	0.01231	0.01586	0.01577	0.01174	0.01672	0.00975	0.01297	0.00814	0.00469	0.00516	0.00156	0.00625	0.00464	0.00256	0.00805
24	0.01627	0.00729	0.00981	0.00806	0.01085	0.00644	0.00644	0.01848	0.01483	0.44757	0.35841	0.02712	0.02898	0.00831	0.00564	0.00162	0.00355	0.00709	0.00613	0.00711
25	0.00985	0.00514	0.00517	0.00511	0.00640	0.00522	0.00385	0.01284	0.04541	0.01952	0.01718	0.01942	0.01346	0.00611	0.00372	0.00124	0.00250	0.00490	0.80795	0.00501
26	0.00983	0.00926	0.01562	0.80447	0.03587	0.01157	0.01446	0.01331	0.01041	0.01331	0.00926	0.01388	0.00694	0.00521	0.00521	0.00174	0.00694	0.00463	0.00231	0.00579
27	0.01437	0.75618	0.02628	0.00927	0.01359	0.08295	0.00900	0.01601	0.01092	0.01229	0.00731	0.00844	0.00669	0.00453	0.00345	0.00113	0.00588	0.00283	0.00226	0.00663
28	0.00746	0.00509	0.00664	0.00692	0.00785	0.00467	0.00493	0.00911	0.01235	0.04745	0.35847	0.40245	0.08043	0.01328	0.00634	0.00187	0.00281	0.01187	0.00529	0.00472
29	0.01258	0.01090	0.01457	0.01649	0.27054	0.01041	0.00999	0.11927	0.08774	0.01941	0.01455	0.01574	0.07113	0.00551	0.00480	0.00132	0.00482	0.00474	0.00357	0.30193
30	0.01059	0.02590	0.72896	0.01541	0.02292	0.01218	0.07924	0.01651	0.01110	0.01651	0.00944	0.01124	0.00670	0.00490	0.00504	0.00166	0.00778	0.00403	0.00223	0.00764
31	0.00634	0.00453	0.00604	0.00725	0.00755	0.00423	0.00483	0.00725	0.00997	0.01329	0.02870	0.81358	0.03444	0.01632	0.00665	0.00211	0.00302	0.01480	0.00483	0.00423
32	0.01188	0.03655	0.02316	0.28111	0.19143	0.01278	0.31289	0.03718	0.01188	0.01598	0.00991	0.01353	0.00765	0.00477	0.00551	0.00168	0.00743	0.00518	0.00258	0.00692
33	0.00747	0.00614	0.00664	0.00737	0.00808	0.05593	0.00514	0.00849	0.01046	0.01320	0.02946	0.49844	0.14204	0.10577	0.00874	0.00237	0.00375	0.07173	0.00450	0.00430
34	0.04654	0.00804	0.00894	0.00836	0.01037	0.00867	0.00636	0.01757	0.35048	0.02023	0.29320	0.11049	0.07062	0.00954	0.00570	0.00175	0.00333	0.00822	0.00529	0.00632
35	0.02166	0.00948	0.01213	0.00939	0.01326	0.00875	0.00773	0.13959	0.01615	0.61458	0.02059	0.01837	0.04580	0.00670	0.00523	0.00160	0.00450	0.00539	0.03056	0.00855
36	0.02908	0.15425	0.03944	0.24496	0.03131	0.17290	0.01050	0.04915	0.02840	0.08924	0.02519	0.01403	0.00934	0.05328	0.00597	0.00170	0.00650	0.00435	0.02405	0.00637
37	0.01199	0.06895	0.24400	0.02292	0.41073	0.03183	0.04823	0.01580	0.01173	0.01651	0.04122	0.01398	0.02879	0.00518	0.00507	0.00156	0.00654	0.00467	0.00263	0.00765
38	0.00953	0.00490	0.00506	0.00504	0.00625	0.00491	0.00379	0.01194	0.01102	0.01926	0.05304	0.02037	0.01503	0.00731	0.02845	0.00146	0.00279	0.00509	0.77991	0.00485
39	0.00745	0.00511	0.00624	0.00637	0.00659	0.00525	0.00400	0.00790	0.00800	0.01084	0.01726	0.10409	0.01945	0.58965	0.16440	0.00534	0.00648	0.01876	0.00327	0.00355
40	0.01213	0.04672	0.09356	0.01107	0.04849	0.01018	0.05328	0.14540	0.08908	0.05208	0.12615	0.06824	0.10046	0.00761	0.00531	0.00155	0.00472	0.00649	0.00430	0.11318
41	0.01286	0.00996	0.01252	0.01291	0.14867	0.01013	0.00856	0.18223	0.06570	0.06824	0.04205	0.02264	0.15753	0.06255	0.02779	0.00197	0.03982	0.00615	0.00420	0.10353
42	0.00744	0.00558	0.00837	0.00837	0.00930	0.00651	0.00651	0.00930	0.00837	0.01209	0.01395	0.02046	0.01302	0.03906	0.79635	0.00837	0.01395	0.00558	0.00279	0.00465
43	0.00818	0.00525	0.00681	0.00731	0.00829	0.00541	0.00572	0.01019	0.01045	0.01562	0.03285	0.17689	0.02176	0.01797	0.19540	0.00339	0.00588	0.18685	0.27111	0.00468
44	0.01236	0.02329	0.57481	0.01552	0.07080	0.03508	0.03884	0.08059	0.03240	0.05276	0.01045	0.01181	0.00746	0.00516	0.00503	0.00163	0.00727	0.00414	0.00278	0.00783
45	0.01080	0.00926	0.01080	0.00771	0.01234	0.00694	0.00617	0.01311	0.01080	0.01697	0.00926	0.01080	0.00771	0.00386	0.00386	0.00077	0.00386	0.00309	0.00309	0.84882
46	0.00712	0.00531	0.00661	0.00629	0.00762	0.00481	0.00471	0.00934	0.01414	0.01947	0.63021	0.04123	0.20156	0.01117	0.00614	0.00166	0.00249	0.00974	0.00555	0.00481
47	0.00697	0.00533	0.00745	0.12973	0.01174	0.00543	0.00614	0.00822	0.00993	0.01307	0.02577	0.59459	0.06155	0.07884	0.00800	0.00228	0.00377	0.01249	0.00431	0.00439
48	0.01431	0.44401	0.09082	0.04740	0.05736	0.06681	0.01063	0.11918	0.05037	0.01635	0.00973	0.01179	0.00823	0.00528	0.00422	0.00136	0.00602	0.02613	0.00291	0.00709
49	0.67245	0.07516	0.01044	0.09545	0.03241	0.01240	0.00713	0.01513	0.00925	0.02121	0.00753	0.00916	0.00593	0.00484	0.00350	0.00158	0.00453	0.00306	0.00303	0.00580
50	0.01403	0.01562	0.18654	0.01167	0.01609	0.03329	0.01094	0.18580	0.34799	0.03315	0.01533	0.01505	0.01134	0.00610	0.00507	0.00160	0.00539	0.00487	0.00436	0.07578
51	0.00778	0.00603	0.00685	0.00639	0.00810	0.00556	0.00486	0.06956	0.01410	0.01851	0.36375	0.05329	0.39298	0.01158	0.00608	0.00170	0.00281	0.00986	0.00525	0.00498
52	0.01229	0.17852	0.21302	0.01265	0.09559	0.01187	0.01142	0.05275	0.01217	0.06221	0.05372	0.01711	0.02489	0.00598	0.00474	0.00143	0.00553	0.06406	0.00325	0.15680
53	0.01647	0.00892	0.01117	0.00922	0.01228	0.00865	0.00758	0.13709	0.01501	0.33657	0.06975	0.02546	0.08510	0.00823	0.00612	0.00168	0.04770	0.09820	0.02860	0.06618
54	0.01475	0.03788	0.01501	0.01228	0.01511	0.11616	0.05284	0.16476	0.32797	0.02056	0.01474	0.01591	0.01157	0.00696	0.00706	0.00175	0.12919	0.02383	0.00422	0.00748
55	0.01437	0.75618	0.02628	0.00927	0.01359	0.08295	0.00900	0.01601	0.01092	0.01229	0.00731	0.00844	0.00669	0.00453	0.00345	0.00113	0.00588	0.00283	0.00226	0.00663
56	0.01316	0.00755	0.00928	0.00784	0.01030	0.00714	0.00619	0.12011	0.01572	0.22412	0.36229	0.03129	0.14479	0.00930	0.00577	0.00164	0.00347	0.00789	0.00571	0.00643
57	0.01493	0.01250	0.01354	0.01143	0.01448	0.09763	0.05776	0.27780	0.16062	0.04678	0.06858	0.05711	0.03164	0.00811	0.00563	0.00173	0.00547	0.10223	0.00478	0.00724
58	0.01295	0.01364	0.01657	0.31090	0.26511	0.19606	0.01342	0.01571	0.01202	0.01453	0.01061	0.01612	0.00915	0.00580	0.00523	0.00164	0.00711	0.06421	0.00268	0.00654
59	0.00634	0.00453	0.00604	0.00725	0.00755	0.00423	0.00483	0.00725	0.00997	0.01329	0.02870	0.81358	0.03444	0.01632	0.00665	0.00211	0.00302	0.01480	0.00483	0.00423
60	0.00905	0.00452	0.00678	0.00678	0.00678	0.00452	0.00452	0.00678	0.00678	0.00905	0.00905	0.01583	0.00905	0.01809	0.02035	0.84848	0.00452	0.00452	0.00226	0.00226
61	0.00983	0.00926	0.01562	0.80447	0.03587	0.01157	0.01446	0.01331	0.01041	0.01331	0.00926	0.01388	0.00694	0.00521	0.00521	0.00174	0.00694	0.00463	0.00231	0.00579
62	0.01603	0.01845	0.01440	0.01323	0.03841	0.45388	0.01003	0.03632	0.01260	0.01395	0.00870	0.01109	0.00747	0.00651	0.00819	0.00161	0.23812	0.00391	0.08113	0.00597
63	0.00641	0.00529	0.00563	0.00554	0.00719	0.00450	0.00416	0.00796	0.01247	0.01549	0.20442	0.04778	0.62983	0.01266	0.00615	0.00173	0.00260	0.01066	0.00502	0.00450
64	0.01784	0.01072	0.01240	0.01013	0.01355	0.01122	0.00812	0.21980	0.24510	0.28970	0.04245	0.04113	0.01467	0.03124	0.00595	0.00176	0.00460	0.00577	0.00561	0.00825
65	0.35121	0.01112	0.01453	0.01906	0.37969	0.01164	0.01074	0.01612	0.03444	0.03887	0.00936	0.01130	0.00752	0.00479	0.00430	0.00153	0.00506	0.00386	0.00305	0.06182
66	0.01210	0.00999	0.01238	0.01008	0.01351	0.00990	0.06606	0.04219	0.32609	0.05320	0.08683	0.05377	0.01637	0.00659	0.00507	0.00146	0.00426	0.00573	0.00449	0.25992
67	0.00654	0.00467	0.00627	0.00748	0.00787	0.00440	0.00518	0.00759	0.01017	0.01352	0.02859	0.74040	0.03401	0.01613	0.00670	0.00214	0.00319	0.08603	0.00483	0.00428
68	0.01108	0.01065	0.01845	0.48076	0.30812	0.01195	0.05561	0.01446	0.01104	0.01484	0.00952	0.01353	0.00747	0.00496	0.00524	0.00167	0.00677	0.00471	0.00243	0.00675
69	0.01607	0.01022	0.01180	0.00998	0.01311	0.01078	0.00801	0.19377	0.25922	0.21889	0.06411	0.06827	0.03230	0.00802	0.00552	0.00173	0.00442	0.05039	0.00553	0.00784
70	0.02210	0.00956	0.01236	0.00962	0.01356	0.00886	0.00790	0.08815	0.08595	0.65359	0.01993	0.01744	0.01283	0.00649	0.00524	0.00162	0.00451	0.00525	0.00624	0.00880
71	0.00634	0.00453	0.00604	0.00725	0.00755	0.00423	0.00483	0.00725	0.00997	0.01329	0.02870	0.81358	0.03444	0.01632	0.00665	0.00211	0.00302	0.01480	0.00483	0.00423
72	0.03977	0.01489	0.07663	0.01213	0.01589	0.09546	0.05068	0.24777	0.32442	0.02335	0.01543	0.01603	0.01170	0.00645	0.00522	0.00166	0.00571	0.02437	0.00453	0.00792
73	0.01297	0.01261	0.02034	0.01569	0.01971	0.01319	0.34364	0.05618	0.40348	0.02002	0.01608	0.01673	0.01204	0.00584	0.00567	0.00175	0.00626	0.00595	0.00411	0.00773
74	0.05319	0.00600	0.00677	0.00687	0.00845	0.00566	0.00536	0.04310	0.01249	0.01661	0.14971	0.14066	0.36967	0.01265	0.00620	0.00188	0.00326	0.14181	0.00489	0.00479
75	0.00821	0.00630	0.00911	0.00882	0.00984	0.00745	0.00693	0.04368	0.00908	0.01305	0.01350	0.01961	0.01250	0.03596	0.71852	0.00773	0.05647	0.00548	0.00287	0.00490
76	0.00832	0.00618	0.00811	0.00900	0.01029	0.00620	0.00756	0.01144	0.07309	0.01568	0.02953	0.14030	0.09940	0.01390	0.00688	0.00226	0.00434	0.53769	0.00484	0.00497
77	0.00983	0.00926	0.01562	0.80447	0.03587	0.01157	0.01446	0.01331	0.01041	0.01331	0.00926	0.01388	0.00694	0.00521	0.00521	0.00174	0.00694	0.00463	0.00231	0.00579
78	0.00802	0.00653	0.00723	0.00740	0.00871	0.03851	0.00554	0.04791	0.02119	0.01521	0.08804	0.25748	0.26732	0.04061	0.07788	0.00258	0.00450	0.08599	0.00460	0.00476
79	0.45435	0.13277	0.17182	0.00999	0.01435	0.07619	0.04355	0.01609	0.01018	0.01919	0.00789	0.00929	0.00617	0.00482	0.00384	0.00153	0.00565	0.00322	0.00280	0.00631
