[name]
unknown

[dist]
# distance from previous block
# <min> <max>
2	20

[block]
# block no. 0 follows, 46 sequences, length 68
# corresponding to MSA columns:
# 20-87
name=unknown_A
#
# <colnr> <probs for GDERKNQSTAVLIFYWHMCP>
#	G	D	E	R	K	N	Q	S	T	A	V	L	I	F	Y	W	H	M	C	P
0	0.01243	0.29791	0.28158	0.01528	0.02116	0.01563	0.25294	0.01649	0.01144	0.01531	0.00913	0.01122	0.00715	0.00467	0.00484	0.00152	0.00741	0.00428	0.00238	0.00724
1	0.07921	0.40859	0.02279	0.01704	0.26567	0.09741	0.01127	0.01648	0.01147	0.01495	0.00829	0.01011	0.00723	0.00471	0.00413	0.00134	0.00614	0.00351	0.00250	0.00716
2	0.00914	0.00461	0.00685	0.00685	0.00685	0.00461	0.00455	0.00691	0.00691	0.00921	0.00940	0.01662	0.00948	0.04189	0.02085	0.82132	0.00461	0.00468	0.00232	0.00232
3	0.00740	0.00610	0.00678	0.02730	0.00886	0.00575	0.00506	0.01055	0.10028	0.01643	0.18525	0.10547	0.47114	0.01222	0.00616	0.00179	0.00296	0.01040	0.00507	0.00504
4	0.85155	0.01022	0.00777	0.00695	0.01022	0.01186	0.00573	0.01554	0.00900	0.02372	0.00736	0.00859	0.00573	0.00491	0.00327	0.00164	0.00409	0.00286	0.00327	0.00573
5	0.01271	0.01076	0.01688	0.02413	0.53443	0.01086	0.01263	0.06313	0.01262	0.01892	0.01198	0.01475	0.00973	0.00518	0.00484	0.00148	0.00528	0.00477	0.21738	0.00753
6	0.02253	0.01090	0.01345	0.01031	0.01445	0.01060	0.00852	0.26805	0.01832	0.53810	0.01818	0.01625	0.01174	0.00648	0.00531	0.00162	0.00493	0.00513	0.00613	0.00899
7	0.00748	0.00540	0.00707	0.00665	0.00790	0.00499	0.00499	0.00998	0.01496	0.02120	0.77844	0.03949	0.04988	0.01081	0.00624	0.00166	0.00249	0.00956	0.00582	0.00499
8	0.02010	0.01481	0.01587	0.01216	0.01639	0.01639	0.01005	0.76360	0.02486	0.03332	0.01269	0.01269	0.00899	0.00635	0.00529	0.00159	0.00582	0.00476	0.00529	0.00899
9	0.00627	0.00528	0.00543	0.00555	0.00719	0.00445	0.00410	0.00756	0.01186	0.01420	0.05118	0.12492	0.70658	0.01370	0.00630	0.00182	0.00272	0.01153	0.00491	0.00445
10	0.01376	0.01509	0.20701	0.01423	0.06930	0.01307	0.01275	0.01847	0.12257	0.14846	0.01232	0.01388	0.00939	0.00711	0.00961	0.00191	0.29541	0.00477	0.00349	0.00740
11	0.00985	0.00493	0.00493	0.00493	0.00616	0.00493	0.00370	0.01232	0.01109	0.01971	0.01725	0.01971	0.01355	0.00616	0.00370	0.00123	0.00246	0.00493	0.84356	0.00493
12	0.01248	0.41106	0.02054	0.26679	0.02048	0.07165	0.01042	0.01475	0.01109	0.01322	0.01165	0.01374	0.06073	0.00551	0.00432	0.00140	0.00606	0.00413	0.03376	0.00621
13	0.07602	0.19103	0.16669	0.01305	0.07093	0.20033	0.01149	0.01894	0.01250	0.15127	0.01053	0.01137	0.00793	0.00539	0.00494	0.00149	0.03184	0.00381	0.00322	0.00723
14	0.01244	0.26162	0.09581	0.01528	0.14454	0.07408	0.11684	0.01529	0.01231	0.01595	0.15403	0.01676	0.01558	0.02146	0.00536	0.00154	0.00612	0.00514	0.00310	0.00674
15	0.00636	0.00493	0.00580	0.00649	0.00744	0.00437	0.00452	0.00746	0.01095	0.01383	0.03968	0.48256	0.35636	0.01519	0.00653	0.00199	0.00290	0.01336	0.00491	0.00437
16	0.85155	0.01022	0.00777	0.00695	0.01022	0.01186	0.00573	0.01554	0.00900	0.02372	0.00736	0.00859	0.00573	0.00491	0.00327	0.00164	0.00409	0.00286	0.00327	0.00573
17	0.00694	0.00538	0.00632	0.00608	0.00757	0.00476	0.00456	0.00893	0.01369	0.01817	0.46145	0.04447	0.36876	0.01194	0.00624	0.00172	0.00257	0.01026	0.00542	0.00476
18	0.00769	0.00513	0.00577	0.00577	0.00577	0.00513	0.00320	0.00769	0.00769	0.01025	0.01666	0.03460	0.01922	0.81421	0.02691	0.00513	0.00513	0.00769	0.00320	0.00320
19	0.01248	0.01426	0.03119	0.02228	0.02763	0.01337	0.76203	0.01693	0.01248	0.01693	0.01070	0.01426	0.00802	0.00446	0.00624	0.00178	0.00891	0.00624	0.00267	0.00713
20	0.85155	0.01022	0.00777	0.00695	0.01022	0.01186	0.00573	0.01554	0.00900	0.02372	0.00736	0.00859	0.00573	0.00491	0.00327	0.00164	0.00409	0.00286	0.00327	0.00573
21	0.00720	0.00579	0.00705	0.00702	0.00843	0.00535	0.02421	0.00967	0.06482	0.01608	0.19125	0.26857	0.33880	0.01313	0.00633	0.00187	0.00302	0.01148	0.00507	0.00486
22	0.00625	0.00536	0.00536	0.00536	0.00714	0.00446	0.00402	0.00759	0.01205	0.01428	0.05355	0.05088	0.77909	0.01339	0.00625	0.00179	0.00268	0.01116	0.00491	0.00446
23	0.01388	0.01286	0.02106	0.02984	0.67344	0.01302	0.03463	0.10269	0.01353	0.01912	0.01028	0.01307	0.00844	0.00489	0.00527	0.00158	0.00629	0.00476	0.00293	0.00841
24	0.01240	0.11342	0.02314	0.27654	0.10099	0.05362	0.27931	0.03518	0.01201	0.01545	0.01000	0.02593	0.00798	0.00506	0.00538	0.00165	0.00749	0.00511	0.00262	0.00675
25	0.00898	0.00572	0.00661	0.00617	0.00797	0.00505	0.00470	0.01090	0.01322	0.10157	0.27943	0.04000	0.37155	0.01097	0.00585	0.00167	0.00279	0.00928	0.10239	0.00518
26	0.01741	0.01421	0.01430	0.01173	0.01538	0.06906	0.00942	0.43010	0.31047	0.02761	0.01576	0.01517	0.01158	0.00660	0.00529	0.00165	0.00545	0.00513	0.00515	0.00855
27	0.01555	0.03158	0.05517	0.00901	0.01347	0.00848	0.00775	0.06945	0.01347	0.26349	0.05268	0.01474	0.01166	0.00535	0.00462	0.00121	0.00442	0.00431	0.00444	0.40915
28	0.01537	0.07345	0.24730	0.01217	0.01718	0.01402	0.01220	0.32335	0.10624	0.05694	0.03994	0.01490	0.03068	0.00626	0.00515	0.00162	0.00596	0.00487	0.00423	0.00815
29	0.01009	0.03968	0.49804	0.01356	0.05542	0.01060	0.01509	0.01518	0.03052	0.01764	0.16886	0.02058	0.01752	0.00690	0.00541	0.00171	0.00630	0.05662	0.00325	0.00704
30	0.00665	0.00537	0.00592	0.00578	0.00739	0.00464	0.00434	0.00837	0.01301	0.01655	0.29159	0.04714	0.53964	0.01254	0.00624	0.00174	0.00262	0.01063	0.00521	0.00464
31	0.01070	0.00879	0.00984	0.00898	0.01122	0.00962	0.00691	0.02027	0.44485	0.02172	0.34844	0.02826	0.03071	0.00874	0.00575	0.00174	0.00345	0.00752	0.00557	0.00691
32	0.00625	0.00536	0.00536	0.00536	0.00714	0.00446	0.00402	0.00759	0.01205	0.01428	0.05355	0.05088	0.77909	0.01339	0.00625	0.00179	0.00268	0.01116	0.00491	0.00446
33	0.01029	0.00821	0.00928	0.00839	0.01053	0.00869	0.00647	0.06861	0.28966	0.02167	0.37741	0.03162	0.10874	0.00944	0.00586	0.00172	0.00336	0.00809	0.00553	0.00644
34	0.01111	0.01054	0.01789	0.52272	0.30641	0.01204	0.01524	0.01449	0.01110	0.01487	0.00959	0.01373	0.00753	0.00508	0.00527	0.00169	0.00677	0.00470	0.00245	0.00678
35	0.02329	0.00909	0.01226	0.00946	0.01351	0.00799	0.00779	0.02586	0.04551	0.75427	0.02088	0.01806	0.01321	0.00657	0.00532	0.00164	0.00449	0.00534	0.00650	0.00897
36	0.00757	0.00522	0.00617	0.00604	0.00651	0.00506	0.00381	0.00843	0.01022	0.01396	0.26587	0.03679	0.05742	0.52308	0.01941	0.00387	0.00418	0.00843	0.00412	0.00383
37	0.00998	0.00940	0.01586	0.80150	0.03641	0.01175	0.01468	0.01351	0.01057	0.01351	0.00940	0.01409	0.00705	0.00529	0.00529	0.00176	0.00705	0.00470	0.00235	0.00587
38	0.01975	0.02520	0.01498	0.01362	0.01634	0.79299	0.01021	0.02111	0.01498	0.01294	0.00817	0.00953	0.00681	0.00545	0.00477	0.00136	0.00953	0.00340	0.00272	0.00613
39	0.85155	0.01022	0.00777	0.00695	0.01022	0.01186	0.00573	0.01554	0.00900	0.02372	0.00736	0.00859	0.00573	0.00491	0.00327	0.00164	0.00409	0.00286	0.00327	0.00573
40	0.00687	0.00530	0.00628	0.00620	0.00757	0.00470	0.00459	0.00874	0.01327	0.01759	0.40663	0.12626	0.34200	0.01246	0.00629	0.00176	0.00263	0.01079	0.00536	0.00470
41	0.01096	0.00940	0.01096	0.00783	0.01253	0.00705	0.00626	0.01331	0.01096	0.01723	0.00940	0.01096	0.00783	0.00392	0.00392	0.00078	0.00392	0.00313	0.00313	0.84653
42	0.00664	0.00472	0.00621	0.00717	0.00756	0.00443	0.00480	0.00767	0.01048	0.01411	0.10975	0.67302	0.03549	0.07130	0.00809	0.00230	0.00315	0.01392	0.00489	0.00429
43	0.01163	0.01108	0.01883	0.39319	0.43186	0.01218	0.01550	0.01495	0.01135	0.01551	0.00969	0.01356	0.00775	0.00498	0.00526	0.00166	0.00664	0.00470	0.00249	0.00720
44	0.01319	0.01368	0.07436	0.03043	0.69788	0.01270	0.01621	0.04627	0.01249	0.01788	0.01002	0.01294	0.00828	0.00480	0.00522	0.00158	0.00637	0.00466	0.00270	0.00836
45	0.01451	0.01588	0.02358	0.01784	0.02207	0.17888	0.43686	0.10393	0.04019	0.01792	0.01204	0.06855	0.01002	0.00582	0.00582	0.00170	0.00812	0.00607	0.00323	0.00698
46	0.01750	0.25284	0.01834	0.01203	0.01524	0.51267	0.00970	0.01961	0.04925	0.01321	0.00872	0.01000	0.00741	0.00616	0.02502	0.00150	0.00828	0.00342	0.00272	0.00639
47	0.01779	0.00766	0.01035	0.00844	0.01146	0.00673	0.00676	0.01994	0.01488	0.50775	0.26539	0.05675	0.02583	0.00832	0.00567	0.00166	0.00379	0.00707	0.00624	0.00752
48	0.01060	0.02735	0.78682	0.01507	0.02288	0.01228	0.01953	0.01674	0.01116	0.01674	0.00949	0.01116	0.00670	0.00502	0.00502	0.00167	0.00781	0.00391	0.00223	0.00781
49	0.00748	0.00540	0.00707	0.00665	0.00790	0.00499	0.00499	0.00998	0.01496	0.02120	0.77844	0.03949	0.04988	0.01081	0.00624	0.00166	0.00249	0.00956	0.00582	0.00499
50	0.01210	0.01040	0.01102	0.01021	0.03082	0.05072	0.00768	0.06622	0.42758	0.02191	0.26168	0.02492	0.02581	0.00813	0.00561	0.00171	0.00407	0.00688	0.00531	0.00721
51	0.00643	0.00465	0.00608	0.00722	0.00763	0.00431	0.00485	0.00738	0.01026	0.01355	0.03083	0.75801	0.08662	0.01634	0.00671	0.00212	0.00304	0.01476	0.00491	0.00431
52	0.01304	0.01086	0.01537	0.28909	0.19153	0.03062	0.01224	0.14815	0.03998	0.04320	0.04345	0.01831	0.01188	0.00637	0.00536	0.00169	0.00596	0.05638	0.04951	0.00701
53	0.01803	0.00883	0.01046	0.00843	0.01154	0.00866	0.00683	0.18279	0.01583	0.34969	0.01779	0.01744	0.01235	0.00636	0.00474	0.00148	0.00407	0.00506	0.30207	0.00756
54	0.01664	0.01131	0.01486	0.09849	0.09642	0.01214	0.03377	0.16448	0.20741	0.21726	0.03110	0.01655	0.01227	0.00646	0.00581	0.00170	0.03495	0.00533	0.00486	0.00818
55	0.01413	0.81739	0.02770	0.00905	0.01357	0.02092	0.00905	0.01583	0.01074	0.01244	0.00735	0.00848	0.00678	0.00452	0.00339	0.00113	0.00565	0.00283	0.00226	0.00678
56	0.00626	0.00530	0.00541	0.00550	0.00718	0.00445	0.00408	0.00757	0.01191	0.01422	0.05180	0.10546	0.72564	0.01362	0.00628	0.00181	0.00271	0.01144	0.00491	0.00445
57	0.01287	0.00903	0.03866	0.19131	0.07249	0.00867	0.02393	0.04337	0.02961	0.19483	0.21441	0.04240	0.08025	0.00789	0.00565	0.00170	0.00476	0.00686	0.00466	0.00666
58	0.01636	0.01446	0.01869	0.02332	0.43509	0.09696	0.01336	0.24612	0.01640	0.05176	0.01102	0.01278	0.00858	0.00536	0.00520	0.00156	0.00642	0.00461	0.00360	0.00835
59	0.00648	0.00518	0.00556	0.00578	0.00705	0.00452	0.00407	0.00756	0.01110	0.01359	0.04399	0.19016	0.53708	0.12300	0.00915	0.00231	0.00308	0.01141	0.00468	0.00426
60	0.01612	0.30857	0.10865	0.01140	0.01564	0.19315	0.01055	0.19614	0.01508	0.01824	0.00952	0.01070	0.00768	0.00631	0.02771	0.00158	0.00699	0.00369	0.02511	0.00717
61	0.00644	0.00460	0.00613	0.00736	0.00767	0.00429	0.00491	0.00736	0.01012	0.01350	0.02914	0.81076	0.03497	0.01656	0.00675	0.00215	0.00307	0.01503	0.00491	0.00429
62	0.00629	0.00521	0.00551	0.00574	0.00724	0.00443	0.00419	0.00754	0.01168	0.01413	0.04884	0.19761	0.63540	0.01400	0.00634	0.00186	0.00275	0.01190	0.00491	0.00443
63	0.01413	0.01631	0.25981	0.01126	0.01668	0.01104	0.01149	0.20282	0.01484	0.08354	0.01143	0.01230	0.00837	0.00516	0.00472	0.00135	0.00564	0.00402	0.03008	0.27502
64	0.04155	0.00919	0.00995	0.00802	0.01125	0.00896	0.00638	0.15886	0.09250	0.03932	0.01405	0.01515	0.01084	0.00555	0.00427	0.00124	0.00385	0.00437	0.27983	0.27488
65	0.01240	0.00917	0.01080	0.00922	0.01123	0.01004	0.00717	0.25808	0.04166	0.03408	0.22611	0.02479	0.02262	0.13995	0.10097	0.00303	0.06111	0.00670	0.00464	0.00622
66	0.01785	0.02083	0.01691	0.01896	0.23741	0.51417	0.01194	0.07062	0.01481	0.01559	0.00899	0.01078	0.00741	0.00530	0.00494	0.00144	0.00834	0.00388	0.00287	0.00697
67	0.12295	0.08901	0.03788	0.01089	0.01395	0.04460	0.15196	0.06554	0.01369	0.01995	0.31780	0.04981	0.02524	0.00767	0.00542	0.00163	0.00496	0.00679	0.00422	0.00606

[dist]
# distance from previous block
# <min> <max>
0	8

[block]
# block no. 1 follows, 46 sequences, length 11
# corresponding to MSA columns:
# 96-106
name=unknown_B
#
# <colnr> <probs for GDERKNQSTAVLIFYWHMCP>
#	G	D	E	R	K	N	Q	S	T	A	V	L	I	F	Y	W	H	M	C	P
0	0.01282	0.01041	0.01192	0.00895	0.01326	0.00927	0.00720	0.11984	0.09697	0.03932	0.01142	0.01236	0.00902	0.00482	0.00464	0.00107	0.02448	0.00377	0.00375	0.59471
1	0.01668	0.01561	0.01359	0.01134	0.01481	0.22857	0.00892	0.23781	0.18931	0.03850	0.04626	0.01445	0.01171	0.00614	0.00501	0.00146	0.00604	0.00465	0.00435	0.12478
2	0.00801	0.13008	0.00962	0.00675	0.00852	0.00719	0.00532	0.00984	0.01282	0.01683	0.35091	0.14386	0.24857	0.01137	0.00587	0.00168	0.00311	0.00973	0.00489	0.00502
3	0.00984	0.00924	0.00894	0.00800	0.01034	0.11550	0.00604	0.01147	0.01124	0.01448	0.03714	0.10204	0.19206	0.06704	0.11490	0.00263	0.00581	0.02548	0.00372	0.24410
4	0.01610	0.01701	0.01501	0.01544	0.15241	0.32338	0.01031	0.11412	0.10524	0.01802	0.01161	0.04212	0.00968	0.00584	0.00495	0.00143	0.00682	0.00452	0.00349	0.12249
5	0.13085	0.01245	0.01862	0.04882	0.54673	0.01297	0.01387	0.11867	0.01333	0.02026	0.00995	0.01243	0.00805	0.00498	0.00497	0.00159	0.00593	0.00446	0.00307	0.00802
6	0.01409	0.00884	0.01103	0.00835	0.01243	0.00719	0.00672	0.01630	0.01182	0.22907	0.01314	0.01408	0.00993	0.00890	0.09846	0.00194	0.00530	0.00404	0.00404	0.51435
7	0.12769	0.01052	0.01327	0.01111	0.01422	0.01143	0.11249	0.02172	0.40424	0.05368	0.14299	0.02062	0.01902	0.00706	0.00535	0.00174	0.00456	0.00615	0.00483	0.00730
8	0.23108	0.01243	0.01150	0.00928	0.01311	0.11927	0.00743	0.10055	0.04612	0.14701	0.01148	0.01188	0.00850	0.00523	0.00432	0.00136	0.00506	0.00376	0.00401	0.24661
9	0.01052	0.00826	0.00936	0.00821	0.01055	0.00842	0.00638	0.11735	0.18367	0.02185	0.35624	0.03123	0.13581	0.00932	0.00577	0.00164	0.00344	0.00793	0.00535	0.05868
10	0.01418	0.01163	0.01743	0.02279	0.45555	0.01181	0.01264	0.16653	0.01528	0.06486	0.13799	0.01764	0.01562	0.00615	0.00541	0.00159	0.00546	0.00556	0.00391	0.00797

[dist]
# distance from previous block
# <min> <max>
5	79

[block]
# block no. 2 follows, 46 sequences, length 10
# corresponding to MSA columns:
# 194-203
name=unknown_C
#
# <colnr> <probs for GDERKNQSTAVLIFYWHMCP>
#	G	D	E	R	K	N	Q	S	T	A	V	L	I	F	Y	W	H	M	C	P
0	0.01466	0.30169	0.08724	0.01093	0.01556	0.11431	0.05866	0.05656	0.01255	0.06906	0.00957	0.01071	0.00767	0.00477	0.00426	0.00123	0.00607	0.00357	0.00301	0.20794
1	0.07191	0.01361	0.02276	0.02536	0.41378	0.04608	0.23887	0.07045	0.01301	0.01859	0.01011	0.01295	0.00806	0.00480	0.00538	0.00163	0.00702	0.00499	0.00288	0.00777
2	0.00869	0.08596	0.00968	0.00813	0.00959	0.00718	0.00648	0.01031	0.01059	0.01418	0.06158	0.14722	0.02412	0.16830	0.08173	0.00315	0.00537	0.25624	0.00401	0.07749
3	0.04472	0.24586	0.13843	0.07217	0.12111	0.07441	0.09075	0.01566	0.01116	0.01484	0.00971	0.05357	0.00861	0.00579	0.00574	0.00157	0.07195	0.00458	0.00257	0.00682
4	0.12273	0.08782	0.05588	0.01563	0.06819	0.17666	0.22325	0.05699	0.01264	0.01703	0.01133	0.01337	0.04615	0.00567	0.00592	0.00163	0.06475	0.00475	0.00293	0.00669
5	0.00924	0.00744	0.00815	0.00802	0.00959	0.04436	0.00600	0.10281	0.01327	0.01725	0.10789	0.34817	0.17215	0.01278	0.00623	0.00188	0.00377	0.07036	0.00486	0.04578
6	0.01221	0.01138	0.01423	0.07399	0.25971	0.09832	0.01094	0.08027	0.04294	0.01794	0.09372	0.02726	0.09516	0.00822	0.00574	0.00175	0.00560	0.13007	0.00388	0.00667
7	0.09321	0.00736	0.00821	0.00785	0.00953	0.00748	0.00578	0.14454	0.01304	0.05470	0.04201	0.36382	0.12566	0.08259	0.00777	0.00217	0.00384	0.01024	0.00476	0.00544
8	0.01264	0.01438	0.19718	0.01286	0.08216	0.05690	0.01122	0.13090	0.01397	0.07179	0.01940	0.11071	0.08207	0.00865	0.00566	0.00176	0.00566	0.11131	0.00402	0.04678
9	0.08671	0.01525	0.13569	0.01167	0.04352	0.18977	0.00976	0.06950	0.06256	0.06735	0.01631	0.23686	0.01586	0.00868	0.00537	0.00173	0.00589	0.00715	0.00391	0.00647

[dist]
# distance from previous block
# <min> <max>
8	44

[block]
# block no. 3 follows, 46 sequences, length 6
# corresponding to MSA columns:
# 248-253
name=unknown_D
#
# <colnr> <probs for GDERKNQSTAVLIFYWHMCP>
#	G	D	E	R	K	N	Q	S	T	A	V	L	I	F	Y	W	H	M	C	P
0	0.13195	0.01242	0.01791	0.01359	0.01770	0.01278	0.24783	0.23920	0.08144	0.02296	0.01620	0.01715	0.08980	0.00623	0.00535	0.00165	0.00599	0.00566	0.00403	0.05014
1	0.00841	0.07970	0.00970	0.11819	0.01177	0.00739	0.00616	0.01021	0.01174	0.01580	0.33900	0.03251	0.08091	0.23332	0.01160	0.00260	0.00417	0.00785	0.00422	0.00474
2	0.01608	0.01176	0.01966	0.05470	0.21634	0.01169	0.19356	0.05101	0.08241	0.23727	0.01428	0.01535	0.01025	0.00565	0.00595	0.00170	0.03481	0.00537	0.00409	0.00807
3	0.01746	0.01561	0.08695	0.01146	0.01541	0.22738	0.03787	0.02116	0.09345	0.25420	0.01459	0.04034	0.01085	0.00604	0.00503	0.00148	0.00622	0.00477	0.00427	0.12545
4	0.24621	0.00968	0.01196	0.00979	0.01245	0.01025	0.11200	0.09378	0.08049	0.07103	0.01354	0.01971	0.01212	0.26194	0.01173	0.00277	0.00531	0.00552	0.00379	0.00593
5	0.01115	0.00950	0.01277	0.09359	0.01505	0.03728	0.11289	0.01628	0.20994	0.04255	0.01592	0.02335	0.01449	0.31709	0.01370	0.00301	0.00570	0.00632	0.00371	0.03570

[dist]
# distance from previous block
# <min> <max>
6	54

[block]
# block no. 4 follows, 46 sequences, length 13
# corresponding to MSA columns:
# 314-326
name=unknown_E
#
# <colnr> <probs for GDERKNQSTAVLIFYWHMCP>
#	G	D	E	R	K	N	Q	S	T	A	V	L	I	F	Y	W	H	M	C	P
0	0.14627	0.01222	0.01389	0.02947	0.01531	0.05334	0.05426	0.23901	0.08608	0.25885	0.02942	0.01481	0.01097	0.00616	0.00505	0.00163	0.00535	0.00486	0.00502	0.00802
1	0.03352	0.01164	0.01276	0.07376	0.01537	0.01285	0.00873	0.40569	0.14027	0.02596	0.02014	0.02002	0.12528	0.00740	0.00530	0.00164	0.00492	0.00588	0.06126	0.00762
2	0.01971	0.01461	0.01565	0.01208	0.01625	0.01621	0.00995	0.72248	0.06661	0.03269	0.01319	0.01309	0.00939	0.00639	0.00529	0.00160	0.00573	0.00483	0.00529	0.00896
3	0.01436	0.01395	0.01786	0.23221	0.17960	0.12672	0.05849	0.16219	0.01413	0.01819	0.00976	0.01266	0.00771	0.00583	0.00671	0.00170	0.10319	0.00461	0.00305	0.00710
4	0.01275	0.01046	0.01192	0.00868	0.01329	0.00888	0.00701	0.16026	0.01368	0.02038	0.01004	0.01130	0.00806	0.00439	0.00418	0.00094	0.00429	0.00345	0.00355	0.68250
5	0.00649	0.00536	0.00569	0.00561	0.00729	0.00457	0.00421	0.00805	0.01262	0.01564	0.19552	0.04865	0.63627	0.01288	0.00625	0.00176	0.00264	0.01084	0.00509	0.00457
6	0.01380	0.62844	0.05449	0.00962	0.01397	0.01906	0.00933	0.01827	0.15979	0.01450	0.01021	0.01079	0.00861	0.00506	0.00385	0.00128	0.00545	0.00349	0.00287	0.00713
7	0.00649	0.00536	0.00569	0.00561	0.00729	0.00457	0.00421	0.00805	0.01262	0.01564	0.19552	0.04865	0.63627	0.01288	0.00625	0.00176	0.00264	0.01084	0.00509	0.00457
8	0.01325	0.01273	0.01163	0.01177	0.08390	0.21766	0.00817	0.01780	0.16262	0.06454	0.23565	0.02497	0.09719	0.00809	0.00553	0.00161	0.00520	0.00666	0.00456	0.00646
9	0.21569	0.01307	0.01273	0.01037	0.01391	0.12532	0.03609	0.20144	0.03951	0.17288	0.07295	0.01464	0.01209	0.00615	0.00481	0.00157	0.00544	0.00465	0.00457	0.03213
10	0.11409	0.01406	0.01357	0.01274	0.08547	0.22895	0.05431	0.06597	0.01386	0.03667	0.17269	0.01703	0.01647	0.00638	0.00527	0.00148	0.02459	0.00507	0.00373	0.10758
11	0.26086	0.01275	0.01329	0.01260	0.10160	0.05364	0.00911	0.29906	0.04887	0.08363	0.02848	0.01383	0.00989	0.00604	0.00474	0.00162	0.00529	0.02273	0.00436	0.00761
12	0.09911	0.15759	0.01502	0.01043	0.01337	0.18544	0.02367	0.10625	0.05338	0.04874	0.03197	0.01461	0.02845	0.01255	0.15925	0.00285	0.02293	0.00449	0.00345	0.00645

[dist]
# distance from previous block
# <min> <max>
28	67

[block]
# block no. 5 follows, 46 sequences, length 8
# corresponding to MSA columns:
# 404-411
name=unknown_F
#
# <colnr> <probs for GDERKNQSTAVLIFYWHMCP>
#	G	D	E	R	K	N	Q	S	T	A	V	L	I	F	Y	W	H	M	C	P
0	0.04350	0.01287	0.01926	0.16698	0.30388	0.05719	0.11460	0.10363	0.05279	0.03753	0.01093	0.01344	0.00847	0.00517	0.00527	0.00162	0.00662	0.00482	0.00317	0.02825
1	0.06616	0.01317	0.01898	0.25106	0.16909	0.13005	0.18047	0.01561	0.01181	0.01556	0.01096	0.07265	0.00949	0.00584	0.00539	0.00169	0.00721	0.00551	0.00278	0.00654
2	0.08762	0.01308	0.01902	0.18417	0.20586	0.04692	0.13742	0.20470	0.01490	0.02085	0.01035	0.01285	0.00789	0.00525	0.00523	0.00165	0.00671	0.00476	0.00331	0.00747
3	0.06605	0.01168	0.01456	0.48057	0.02724	0.10401	0.01223	0.11289	0.01268	0.01659	0.01000	0.01364	0.00776	0.00860	0.07795	0.00231	0.00765	0.00453	0.00288	0.00620
4	0.09972	0.01688	0.01729	0.07130	0.36876	0.30625	0.01281	0.01782	0.01275	0.01605	0.00898	0.01136	0.00743	0.00504	0.00486	0.00151	0.00733	0.00403	0.00271	0.00710
5	0.01403	0.01616	0.01970	0.31896	0.02711	0.28175	0.21521	0.01706	0.01261	0.01424	0.00932	0.01257	0.00723	0.00512	0.00536	0.00163	0.00841	0.00467	0.00257	0.00630
6	0.00832	0.00725	0.00798	0.05469	0.01037	0.07814	0.00607	0.01010	0.01227	0.01597	0.27610	0.26521	0.12038	0.01491	0.08534	0.00249	0.00478	0.01013	0.00465	0.00485
7	0.01355	0.00925	0.01430	0.40297	0.06963	0.01054	0.01159	0.01611	0.01129	0.20817	0.01283	0.01685	0.00987	0.08728	0.00858	0.00211	0.07990	0.00515	0.00351	0.00653

[dist]
# distance from previous block
# <min> <max>
2	11

[block]
# block no. 6 follows, 46 sequences, length 10
# corresponding to MSA columns:
# 423-432
name=unknown_G
#
# <colnr> <probs for GDERKNQSTAVLIFYWHMCP>
#	G	D	E	R	K	N	Q	S	T	A	V	L	I	F	Y	W	H	M	C	P
0	0.01410	0.01340	0.02387	0.01760	0.02213	0.01329	0.45407	0.23611	0.01599	0.02148	0.01422	0.05281	0.03790	0.00622	0.00602	0.00176	0.00738	0.03058	0.00370	0.00738
1	0.01385	0.01120	0.01197	0.01067	0.01373	0.01279	0.00833	0.02794	0.72170	0.07251	0.02147	0.01961	0.01594	0.00713	0.00538	0.00178	0.00420	0.00593	0.00546	0.00841
2	0.00769	0.00513	0.00577	0.00577	0.00577	0.00513	0.00320	0.00769	0.00769	0.01025	0.01666	0.03460	0.01922	0.81421	0.02691	0.00513	0.00513	0.00769	0.00320	0.00320
3	0.65703	0.10382	0.01102	0.00781	0.01134	0.01344	0.00662	0.10372	0.01107	0.02355	0.00799	0.00906	0.00623	0.00503	0.00352	0.00157	0.00447	0.00308	0.00339	0.00623
4	0.06026	0.01284	0.01385	0.01115	0.01494	0.01416	0.00905	0.41563	0.24972	0.11799	0.01607	0.01525	0.01148	0.00655	0.00522	0.00166	0.00508	0.00510	0.00536	0.00864
5	0.01361	0.01759	0.29554	0.01179	0.01748	0.01180	0.01226	0.24300	0.01526	0.02195	0.01043	0.01156	0.00777	0.00506	0.00474	0.00135	0.00592	0.00391	0.00346	0.28551
6	0.01471	0.16601	0.03896	0.00830	0.01149	0.00931	0.00720	0.01691	0.01383	0.29741	0.26489	0.02560	0.08777	0.00805	0.00531	0.00156	0.00404	0.00664	0.00519	0.00685
7	0.01462	0.68971	0.06117	0.00985	0.01432	0.10953	0.00966	0.01648	0.01125	0.01269	0.00754	0.00873	0.00678	0.00465	0.00363	0.00118	0.00620	0.00294	0.00231	0.00676
8	0.01413	0.81739	0.02770	0.00905	0.01357	0.02092	0.00905	0.01583	0.01074	0.01244	0.00735	0.00848	0.00678	0.00452	0.00339	0.00113	0.00565	0.00283	0.00226	0.00678
9	0.01096	0.00940	0.01096	0.00783	0.01253	0.00705	0.00626	0.01331	0.01096	0.01723	0.00940	0.01096	0.00783	0.00392	0.00392	0.00078	0.00392	0.00313	0.00313	0.84653

[dist]
# distance from previous block
# <min> <max>
0	1

[block]
# block no. 7 follows, 46 sequences, length 27
# corresponding to MSA columns:
# 434-460
name=unknown_H
#
# <colnr> <probs for GDERKNQSTAVLIFYWHMCP>
#	G	D	E	R	K	N	Q	S	T	A	V	L	I	F	Y	W	H	M	C	P
0	0.00714	0.00586	0.03534	0.00811	0.00900	0.00506	0.00628	0.00872	0.01098	0.01464	0.07245	0.53578	0.05576	0.01525	0.00677	0.00216	0.00362	0.18763	0.00485	0.00460
1	0.00718	0.00536	0.00684	0.00774	0.00878	0.00502	0.00605	0.00878	0.01140	0.01458	0.03500	0.32987	0.22526	0.01500	0.00683	0.00216	0.00365	0.29107	0.00489	0.00456
2	0.03399	0.24745	0.06974	0.03045	0.01632	0.05586	0.08946	0.01483	0.00994	0.01364	0.00774	0.01080	0.00696	0.00672	0.01010	0.00180	0.36134	0.00412	0.00238	0.00636
3	0.04182	0.02113	0.53321	0.01409	0.06350	0.01098	0.01570	0.01644	0.03577	0.05553	0.12699	0.01608	0.01392	0.00602	0.00518	0.00167	0.00650	0.00491	0.00315	0.00742
4	0.01285	0.53018	0.30367	0.01123	0.01695	0.01778	0.01286	0.01616	0.01089	0.01400	0.00813	0.00945	0.00675	0.00470	0.00398	0.00133	0.00644	0.00322	0.00225	0.00716
5	0.00769	0.00513	0.00577	0.00577	0.00577	0.00513	0.00320	0.00769	0.00769	0.01025	0.01666	0.03460	0.01922	0.81421	0.02691	0.00513	0.00513	0.00769	0.00320	0.00320
6	0.01413	0.81739	0.02770	0.00905	0.01357	0.02092	0.00905	0.01583	0.01074	0.01244	0.00735	0.00848	0.00678	0.00452	0.00339	0.00113	0.00565	0.00283	0.00226	0.00678
7	0.00769	0.00513	0.00577	0.00577	0.00577	0.00513	0.00320	0.00769	0.00769	0.01025	0.01666	0.03460	0.01922	0.81421	0.02691	0.00513	0.00513	0.00769	0.00320	0.00320
8	0.01060	0.02735	0.78682	0.01507	0.02288	0.01228	0.01953	0.01674	0.01116	0.01674	0.00949	0.01116	0.00670	0.00502	0.00502	0.00167	0.00781	0.00391	0.00223	0.00781
9	0.53362	0.01111	0.01296	0.01662	0.30258	0.01213	0.00971	0.01580	0.01015	0.02127	0.00834	0.01029	0.00673	0.00483	0.00402	0.00161	0.00492	0.00356	0.00302	0.00673
10	0.01975	0.02520	0.01498	0.01362	0.01634	0.79299	0.01021	0.02111	0.01498	0.01294	0.00817	0.00953	0.00681	0.00545	0.00477	0.00136	0.00953	0.00340	0.00272	0.00613
11	0.00644	0.00460	0.00613	0.00736	0.00767	0.00429	0.00491	0.00736	0.01012	0.01350	0.02914	0.81076	0.03497	0.01656	0.00675	0.00215	0.00307	0.01503	0.00491	0.00429
12	0.02372	0.00900	0.01227	0.00941	0.01350	0.00777	0.00777	0.02576	0.01513	0.78489	0.02086	0.01799	0.01309	0.00654	0.00532	0.00164	0.00450	0.00532	0.00654	0.00900
13	0.00644	0.00460	0.00613	0.00736	0.00767	0.00429	0.00491	0.00736	0.01012	0.01350	0.02914	0.81076	0.03497	0.01656	0.00675	0.00215	0.00307	0.01503	0.00491	0.00429
14	0.00769	0.00513	0.00577	0.00577	0.00577	0.00513	0.00320	0.00769	0.00769	0.01025	0.01666	0.03460	0.01922	0.81421	0.02691	0.00513	0.00513	0.00769	0.00320	0.00320
15	0.01489	0.71037	0.02598	0.00966	0.01394	0.12522	0.00920	0.01654	0.01131	0.01251	0.00746	0.00862	0.00679	0.00465	0.00358	0.00116	0.00618	0.00290	0.00232	0.00670
16	0.01308	0.01256	0.02146	0.03245	0.78123	0.01256	0.01622	0.01622	0.01204	0.01727	0.00994	0.01308	0.00837	0.00471	0.00523	0.00157	0.00628	0.00471	0.00262	0.00837
17	0.01248	0.01426	0.03119	0.02228	0.02763	0.01337	0.76203	0.01693	0.01248	0.01693	0.01070	0.01426	0.00802	0.00446	0.00624	0.00178	0.00891	0.00624	0.00267	0.00713
18	0.02372	0.00900	0.01227	0.00941	0.01350	0.00777	0.00777	0.02576	0.01513	0.78489	0.02086	0.01799	0.01309	0.00654	0.00532	0.00164	0.00450	0.00532	0.00654	0.00900
19	0.00625	0.00536	0.00536	0.00536	0.00714	0.00446	0.00402	0.00759	0.01205	0.01428	0.05355	0.05088	0.77909	0.01339	0.00625	0.00179	0.00268	0.01116	0.00491	0.00446
20	0.00918	0.00459	0.00689	0.00689	0.00689	0.00459	0.00459	0.00689	0.00689	0.00918	0.00918	0.01607	0.00918	0.01837	0.02066	0.84619	0.00459	0.00459	0.00230	0.00230
21	0.01584	0.50638	0.06660	0.01084	0.01503	0.23406	0.01002	0.06083	0.01276	0.01404	0.00801	0.00917	0.00691	0.00491	0.00398	0.00125	0.00686	0.00316	0.00256	0.00679
22	0.01296	0.28441	0.29202	0.01196	0.03551	0.05906	0.01254	0.10329	0.01297	0.01678	0.01419	0.01500	0.09631	0.00600	0.00465	0.00148	0.00633	0.00448	0.00295	0.00714
23	0.00628	0.00525	0.00546	0.00564	0.00721	0.00444	0.00414	0.00756	0.01178	0.01417	0.05013	0.15760	0.67457	0.01383	0.00632	0.00184	0.00273	0.01170	0.00491	0.00444
24	0.01262	0.32676	0.44134	0.01268	0.01886	0.07385	0.01486	0.01672	0.01129	0.01483	0.00858	0.01002	0.00674	0.00486	0.00439	0.00144	0.00712	0.00346	0.00228	0.00730
25	0.02180	0.01238	0.01414	0.01090	0.01502	0.03644	0.00898	0.39156	0.01995	0.38817	0.01641	0.01510	0.01086	0.00641	0.00529	0.00160	0.00531	0.00498	0.00580	0.00890
26	0.11189	0.01545	0.10127	0.01108	0.01429	0.17960	0.00951	0.02076	0.30660	0.01832	0.01791	0.01787	0.08834	0.00705	0.00581	0.00170	0.05639	0.00526	0.00396	0.00695

[dist]
# distance from previous block
# <min> <max>
11	30

[block]
# block no. 8 follows, 46 sequences, length 27
# corresponding to MSA columns:
# 507-533
name=unknown_I
#
# <colnr> <probs for GDERKNQSTAVLIFYWHMCP>
#	G	D	E	R	K	N	Q	S	T	A	V	L	I	F	Y	W	H	M	C	P
0	0.04036	0.01146	0.03372	0.01266	0.08879	0.05030	0.04775	0.07849	0.07139	0.13977	0.08742	0.03652	0.01401	0.00648	0.00613	0.00152	0.07467	0.00523	0.00414	0.18919
1	0.01132	0.01573	0.23403	0.02136	0.29760	0.01132	0.14590	0.01538	0.01210	0.01717	0.07085	0.01947	0.03103	0.00623	0.00562	0.00172	0.00668	0.06610	0.00300	0.00736
2	0.01284	0.01307	0.03862	0.02133	0.24907	0.01303	0.27051	0.02044	0.26539	0.01876	0.01405	0.01566	0.01080	0.00545	0.00562	0.00172	0.00652	0.00564	0.00355	0.00793
3	0.01359	0.01352	0.02097	0.03102	0.72312	0.07186	0.01577	0.01660	0.01226	0.01694	0.00981	0.01281	0.00826	0.00477	0.00520	0.00155	0.00653	0.00461	0.00262	0.00820
4	0.00756	0.00562	0.00826	0.00826	0.00912	0.00648	0.00631	0.00929	0.00843	0.01210	0.01438	0.02197	0.01374	0.10714	0.72648	0.00820	0.01337	0.00584	0.00286	0.00459
5	0.00998	0.00940	0.01586	0.80150	0.03641	0.01175	0.01468	0.01351	0.01057	0.01351	0.00940	0.01409	0.00705	0.00529	0.00529	0.00176	0.00705	0.00470	0.00235	0.00587
6	0.01157	0.01157	0.01619	0.01388	0.01388	0.01619	0.01157	0.01272	0.00810	0.01272	0.00694	0.01157	0.00694	0.00925	0.01735	0.00231	0.80453	0.00463	0.00231	0.00578
7	0.01413	0.81739	0.02770	0.00905	0.01357	0.02092	0.00905	0.01583	0.01074	0.01244	0.00735	0.00848	0.00678	0.00452	0.00339	0.00113	0.00565	0.00283	0.00226	0.00678
8	0.01060	0.02735	0.78682	0.01507	0.02288	0.01228	0.01953	0.01674	0.01116	0.01674	0.00949	0.01116	0.00670	0.00502	0.00502	0.00167	0.00781	0.00391	0.00223	0.00781
9	0.01975	0.02520	0.01498	0.01362	0.01634	0.79299	0.01021	0.02111	0.01498	0.01294	0.00817	0.00953	0.00681	0.00545	0.00477	0.00136	0.00953	0.00340	0.00272	0.00613
10	0.00670	0.00537	0.00598	0.00583	0.00742	0.00465	0.00437	0.00846	0.01311	0.01680	0.31774	0.04673	0.51333	0.01245	0.00624	0.00174	0.00261	0.01058	0.00524	0.00465
11	0.00642	0.00467	0.00607	0.00719	0.00762	0.00431	0.00483	0.00738	0.01029	0.01356	0.03127	0.74455	0.09980	0.01629	0.00670	0.00212	0.00303	0.01469	0.00491	0.00431
12	0.05453	0.00833	0.01047	0.00864	0.01143	0.00809	0.00693	0.09014	0.03426	0.33132	0.31899	0.02540	0.02680	0.00824	0.00596	0.00167	0.02900	0.00682	0.00582	0.00714
13	0.02010	0.01481	0.01587	0.01216	0.01639	0.01639	0.01005	0.76360	0.02486	0.03332	0.01269	0.01269	0.00899	0.00635	0.00529	0.00159	0.00582	0.00476	0.00529	0.00899
14	0.01179	0.01568	0.22852	0.01974	0.29987	0.01187	0.03021	0.01844	0.19145	0.01823	0.04414	0.01739	0.05700	0.00612	0.00533	0.00167	0.00591	0.00539	0.00342	0.00783
15	0.01096	0.00940	0.01096	0.00783	0.01253	0.00705	0.00626	0.01331	0.01096	0.01723	0.00940	0.01096	0.00783	0.00392	0.00392	0.00078	0.00392	0.00313	0.00313	0.84653
16	0.01581	0.00739	0.00976	0.00856	0.01108	0.00675	0.00661	0.01845	0.06640	0.40745	0.10362	0.27052	0.02409	0.01020	0.00587	0.00181	0.00381	0.00888	0.00587	0.00705
17	0.07595	0.01367	0.04401	0.10367	0.05087	0.01303	0.58583	0.01644	0.01197	0.01709	0.01025	0.01371	0.00773	0.00460	0.00585	0.00176	0.00824	0.00572	0.00267	0.00694
18	0.00723	0.00523	0.00730	0.00798	0.00862	0.00545	0.00590	0.00864	0.00963	0.01312	0.02257	0.35998	0.02521	0.08531	0.29500	0.00473	0.00752	0.11212	0.00402	0.00445
19	0.00998	0.00940	0.01586	0.80150	0.03641	0.01175	0.01468	0.01351	0.01057	0.01351	0.00940	0.01409	0.00705	0.00529	0.00529	0.00176	0.00705	0.00470	0.00235	0.00587
20	0.01229	0.01389	0.03002	0.08188	0.02830	0.01324	0.70487	0.01667	0.01233	0.01667	0.01060	0.01425	0.00795	0.00452	0.00617	0.00178	0.00877	0.00612	0.00265	0.00703
21	0.00625	0.00536	0.00536	0.00536	0.00714	0.00446	0.00402	0.00759	0.01205	0.01428	0.05355	0.05088	0.77909	0.01339	0.00625	0.00179	0.00268	0.01116	0.00491	0.00446
22	0.01061	0.02414	0.64991	0.01429	0.02118	0.01182	0.03668	0.01710	0.06927	0.01749	0.06822	0.01402	0.01069	0.00561	0.00517	0.00169	0.00717	0.00455	0.00275	0.00763
23	0.01393	0.01158	0.01144	0.00980	0.01250	0.09332	0.00770	0.32908	0.04150	0.02256	0.06402	0.10785	0.17051	0.01159	0.06590	0.00220	0.00569	0.00738	0.00474	0.00670
24	0.03059	0.00927	0.08112	0.01392	0.17982	0.00764	0.03059	0.01134	0.01151	0.01559	0.02775	0.20166	0.20373	0.01116	0.00613	0.00192	0.00462	0.14181	0.00405	0.00577
25	0.03615	0.06863	0.01023	0.07783	0.06929	0.00848	0.00627	0.06510	0.01012	0.01425	0.01428	0.02533	0.01467	0.45799	0.01702	0.00351	0.00518	0.00620	0.08470	0.00477
26	0.11212	0.32972	0.12139	0.01165	0.07313	0.01526	0.01033	0.09698	0.02851	0.08360	0.04689	0.01224	0.00983	0.00536	0.00429	0.00142	0.00551	0.00393	0.00335	0.02449

[dist]
# distance from previous block
# <min> <max>
1	8

[block]
# block no. 9 follows, 46 sequences, length 77
# corresponding to MSA columns:
# 550-557,559-627
name=unknown_J
#
# <colnr> <probs for GDERKNQSTAVLIFYWHMCP>
#	G	D	E	R	K	N	Q	S	T	A	V	L	I	F	Y	W	H	M	C	P
0	0.05694	0.01399	0.01466	0.01159	0.01548	0.06548	0.02482	0.48128	0.10420	0.11774	0.01414	0.01388	0.01005	0.00629	0.00516	0.00160	0.00564	0.00482	0.02376	0.00846
1	0.01254	0.01474	0.10518	0.09192	0.15193	0.02761	0.35173	0.03583	0.10459	0.01753	0.01157	0.01420	0.00882	0.00512	0.00592	0.00173	0.02319	0.00544	0.00297	0.00745
2	0.01264	0.43815	0.37568	0.01187	0.01790	0.01686	0.01388	0.03192	0.01123	0.01485	0.00844	0.00980	0.00679	0.00479	0.00418	0.00139	0.00665	0.00336	0.00231	0.00730
3	0.00764	0.00533	0.00680	0.00680	0.00715	0.00569	0.00449	0.00835	0.00799	0.01101	0.01571	0.02937	0.01695	0.52159	0.31642	0.00640	0.00854	0.00692	0.00306	0.00378
4	0.00734	0.00529	0.00694	0.00675	0.00787	0.00489	0.00498	0.00962	0.01431	0.02015	0.67667	0.14425	0.04786	0.01159	0.00630	0.00173	0.00257	0.01030	0.00570	0.00489
5	0.01315	0.01136	0.01195	0.01076	0.01375	0.01315	0.00837	0.02809	0.77168	0.02211	0.02152	0.01972	0.01614	0.00717	0.00538	0.00179	0.00418	0.00598	0.00538	0.00837
6	0.01413	0.81739	0.02770	0.00905	0.01357	0.02092	0.00905	0.01583	0.01074	0.01244	0.00735	0.00848	0.00678	0.00452	0.00339	0.00113	0.00565	0.00283	0.00226	0.00678
7	0.01199	0.33657	0.48970	0.01271	0.01924	0.01566	0.01543	0.01639	0.01100	0.01506	0.00865	0.01011	0.00673	0.00483	0.00438	0.00146	0.00697	0.00348	0.00224	0.00741
8	0.85155	0.01022	0.00777	0.00695	0.01022	0.01186	0.00573	0.01554	0.00900	0.02372	0.00736	0.00859	0.00573	0.00491	0.00327	0.00164	0.00409	0.00286	0.00327	0.00573
9	0.00643	0.00466	0.00607	0.00720	0.00763	0.00431	0.00484	0.00738	0.01028	0.01356	0.03111	0.74925	0.09520	0.01631	0.00671	0.00212	0.00304	0.01472	0.00491	0.00431
10	0.00671	0.00537	0.00600	0.00584	0.00743	0.00466	0.00438	0.00849	0.01315	0.01689	0.32741	0.04657	0.50360	0.01241	0.00624	0.00174	0.00261	0.01055	0.00525	0.00466
11	0.00627	0.00536	0.00539	0.00538	0.00716	0.00447	0.00404	0.00764	0.01211	0.01443	0.06883	0.05064	0.76372	0.01333	0.00625	0.00178	0.00267	0.01112	0.00493	0.00447
12	0.01096	0.00940	0.01096	0.00783	0.01253	0.00705	0.00626	0.01331	0.01096	0.01723	0.00940	0.01096	0.00783	0.00392	0.00392	0.00078	0.00392	0.00313	0.00313	0.84653
13	0.01577	0.01266	0.01343	0.01129	0.01475	0.01438	0.00900	0.30596	0.48954	0.02635	0.01818	0.01707	0.01344	0.00686	0.00534	0.00172	0.00480	0.00552	0.00534	0.00860
14	0.00644	0.00536	0.00562	0.00556	0.00726	0.00455	0.00417	0.00796	0.01251	0.01537	0.16760	0.04909	0.66437	0.01298	0.00625	0.00177	0.00265	0.01091	0.00505	0.00455
15	0.01150	0.00962	0.01115	0.00816	0.01263	0.00768	0.00651	0.07378	0.01205	0.01836	0.01054	0.04656	0.00913	0.00467	0.00415	0.00091	0.00403	0.00379	0.00339	0.74140
16	0.03587	0.00994	0.01254	0.04548	0.01445	0.00966	0.02359	0.18369	0.03299	0.35573	0.06106	0.06899	0.01480	0.00703	0.00527	0.00159	0.00468	0.00582	0.02275	0.08406
17	0.01065	0.07316	0.01061	0.00844	0.01024	0.00935	0.00648	0.09331	0.13107	0.03372	0.05253	0.02417	0.04978	0.20881	0.24976	0.00454	0.00759	0.00628	0.00385	0.00566
18	0.00825	0.00568	0.00723	0.00710	0.00840	0.00532	0.00526	0.01083	0.04774	0.05748	0.46181	0.21374	0.10174	0.01202	0.00629	0.00180	0.00287	0.02579	0.00554	0.00514
19	0.00972	0.00898	0.01496	0.72941	0.03372	0.01111	0.01372	0.01296	0.01042	0.01336	0.01063	0.05193	0.00888	0.04167	0.00631	0.00193	0.00678	0.00531	0.00251	0.00568
20	0.01719	0.01550	0.01402	0.03002	0.01502	0.29358	0.02519	0.04728	0.07705	0.17342	0.01261	0.01378	0.00961	0.00805	0.04214	0.00196	0.14947	0.00454	0.04273	0.00685
21	0.01184	0.01087	0.01687	0.13666	0.41403	0.01165	0.01304	0.01719	0.16379	0.01707	0.01343	0.05127	0.01138	0.00899	0.07680	0.00230	0.00654	0.00551	0.00325	0.00749
22	0.00660	0.00537	0.00585	0.00573	0.00736	0.00461	0.00430	0.00827	0.01289	0.01627	0.26167	0.04761	0.56973	0.01265	0.00624	0.00175	0.00263	0.01070	0.00517	0.00461
23	0.04990	0.02438	0.62502	0.01589	0.02308	0.01244	0.14239	0.01672	0.01128	0.01710	0.00959	0.01156	0.00687	0.00492	0.00514	0.00169	0.00782	0.00425	0.00235	0.00760
24	0.01026	0.01227	0.16703	0.01103	0.01409	0.03004	0.07402	0.08599	0.06215	0.01695	0.02145	0.21988	0.07464	0.08317	0.00793	0.00220	0.00540	0.09148	0.00403	0.00600
25	0.01159	0.00888	0.01248	0.04550	0.01379	0.00940	0.10316	0.20059	0.01399	0.01971	0.01680	0.18375	0.01585	0.01488	0.16391	0.00307	0.00681	0.00732	0.14243	0.00610
26	0.02372	0.00900	0.01227	0.00941	0.01350	0.00777	0.00777	0.02576	0.01513	0.78489	0.02086	0.01799	0.01309	0.00654	0.00532	0.00164	0.00450	0.00532	0.00654	0.00900
27	0.01010	0.09455	0.45727	0.01238	0.01788	0.01102	0.04463	0.01466	0.01216	0.01737	0.20049	0.02001	0.03512	0.00678	0.00530	0.00164	0.00616	0.02237	0.00326	0.00685
28	0.03004	0.01242	0.01659	0.06031	0.39157	0.08197	0.01224	0.13189	0.01444	0.01971	0.10897	0.05153	0.01478	0.00640	0.00533	0.00159	0.00579	0.00564	0.02138	0.00741
29	0.03691	0.01150	0.08758	0.01019	0.01316	0.07544	0.00897	0.06622	0.01322	0.25518	0.01778	0.02563	0.01519	0.07488	0.04434	0.00239	0.04193	0.15395	0.03878	0.00674
30	0.85155	0.01022	0.00777	0.00695	0.01022	0.01186	0.00573	0.01554	0.00900	0.02372	0.00736	0.00859	0.00573	0.00491	0.00327	0.00164	0.00409	0.00286	0.00327	0.00573
31	0.00673	0.00475	0.00617	0.00711	0.00739	0.00456	0.00466	0.00752	0.00958	0.01282	0.02606	0.62605	0.03095	0.16982	0.04705	0.00301	0.00397	0.01319	0.00449	0.00411
32	0.12393	0.08679	0.01566	0.01113	0.01519	0.01602	0.00930	0.55328	0.07051	0.02948	0.01211	0.01225	0.00885	0.00605	0.00487	0.00156	0.00548	0.00442	0.00477	0.00834
33	0.00894	0.00684	0.01071	0.27204	0.01818	0.00736	0.03645	0.01080	0.01081	0.04882	0.08960	0.33085	0.03653	0.01146	0.00725	0.07025	0.00474	0.00941	0.00392	0.00504
34	0.01175	0.05335	0.24027	0.01709	0.02253	0.01287	0.35646	0.01600	0.01144	0.01633	0.00970	0.01247	0.00747	0.00499	0.00649	0.00165	0.07999	0.00489	0.00256	0.11171
35	0.00998	0.00940	0.01586	0.80150	0.03641	0.01175	0.01468	0.01351	0.01057	0.01351	0.00940	0.01409	0.00705	0.00529	0.00529	0.00176	0.00705	0.00470	0.00235	0.00587
36	0.01248	0.01426	0.03119	0.02228	0.02763	0.01337	0.76203	0.01693	0.01248	0.01693	0.01070	0.01426	0.00802	0.00446	0.00624	0.00178	0.00891	0.00624	0.00267	0.00713
37	0.01108	0.01162	0.00924	0.00895	0.01048	0.24452	0.00665	0.01240	0.01210	0.01401	0.02741	0.21871	0.24341	0.01086	0.00654	0.00174	0.06454	0.00876	0.07194	0.00506
38	0.01413	0.81739	0.02770	0.00905	0.01357	0.02092	0.00905	0.01583	0.01074	0.01244	0.00735	0.00848	0.00678	0.00452	0.00339	0.00113	0.00565	0.00283	0.00226	0.00678
39	0.00698	0.00522	0.00593	0.00626	0.00714	0.00481	0.00433	0.00791	0.01028	0.01295	0.03460	0.17730	0.32577	0.28044	0.01331	0.00302	0.00377	0.08158	0.00434	0.00405
40	0.00644	0.00460	0.00613	0.00736	0.00767	0.00429	0.00491	0.00736	0.01012	0.01350	0.02914	0.81076	0.03497	0.01656	0.00675	0.00215	0.00307	0.01503	0.00491	0.00429
41	0.02315	0.00953	0.01255	0.00966	0.01374	0.00861	0.00797	0.08555	0.03537	0.70445	0.02021	0.01761	0.01283	0.00654	0.00532	0.00164	0.00460	0.00529	0.00641	0.00898
42	0.00998	0.00940	0.01586	0.80150	0.03641	0.01175	0.01468	0.01351	0.01057	0.01351	0.00940	0.01409	0.00705	0.00529	0.00529	0.00176	0.00705	0.00470	0.00235	0.00587
43	0.78425	0.01059	0.00843	0.00737	0.01072	0.01223	0.00608	0.07609	0.01028	0.02450	0.00779	0.00892	0.00599	0.00502	0.00343	0.00163	0.00423	0.00302	0.00343	0.00599
44	0.01991	0.00895	0.01157	0.00929	0.01284	0.00833	0.00752	0.02419	0.14282	0.56103	0.11531	0.02096	0.01818	0.00718	0.00544	0.00167	0.00420	0.00596	0.00626	0.00839
45	0.01465	0.01121	0.01220	0.01038	0.01347	0.01246	0.00822	0.22802	0.40676	0.05946	0.12984	0.02060	0.01892	0.00743	0.00545	0.00170	0.00437	0.00612	0.02073	0.00801
46	0.01251	0.45497	0.37593	0.01181	0.01784	0.01695	0.01386	0.01625	0.01093	0.01441	0.00833	0.00971	0.00674	0.00475	0.00414	0.00138	0.00664	0.00332	0.00225	0.00726
47	0.00643	0.00463	0.00610	0.00727	0.00764	0.00430	0.00487	0.00737	0.01021	0.01353	0.03024	0.77646	0.06855	0.01642	0.00673	0.00213	0.00305	0.01485	0.00491	0.00430
48	0.02260	0.00867	0.01167	0.00904	0.01290	0.00754	0.00744	0.02468	0.01480	0.72296	0.02056	0.01813	0.01312	0.00651	0.00519	0.00160	0.00433	0.00528	0.07429	0.00867
49	0.00634	0.00501	0.00571	0.00628	0.00738	0.00439	0.00443	0.00748	0.01117	0.01392	0.04235	0.39946	0.43774	0.01484	0.00648	0.00195	0.00286	0.01293	0.00491	0.00439
