[name]
unknown

[dist]
# distance from previous block
# <min> <max>
6	65

[block]
# block no. 0 follows, 49 sequences, length 25
# corresponding to MSA columns:
# 68-92
name=unknown_A
#
# <colnr> <probs for GDERKNQSTAVLIFYWHMCP>
#	G	D	E	R	K	N	Q	S	T	A	V	L	I	F	Y	W	H	M	C	P
0	0.03071	0.27877	0.35723	0.01263	0.05833	0.09286	0.01319	0.01592	0.01118	0.02937	0.04947	0.01129	0.00880	0.00499	0.00432	0.00140	0.00649	0.00369	0.00249	0.00686
1	0.03450	0.44158	0.14238	0.01110	0.01558	0.04928	0.09015	0.01511	0.01065	0.01386	0.03230	0.01037	0.00794	0.00482	0.00463	0.00130	0.04763	0.00354	0.00241	0.06088
2	0.02569	0.00595	0.00661	0.00676	0.00768	0.03018	0.00471	0.04878	0.01118	0.01529	0.15724	0.34487	0.09666	0.15011	0.00922	0.00231	0.00346	0.01021	0.05866	0.00442
3	0.07864	0.01634	0.22163	0.01777	0.04483	0.01246	0.43294	0.03807	0.05538	0.01740	0.01030	0.01268	0.00765	0.00464	0.00535	0.00166	0.00748	0.00505	0.00271	0.00703
4	0.00659	0.00474	0.00559	0.00607	0.00653	0.00445	0.00389	0.00721	0.00913	0.01184	0.02773	0.36240	0.17399	0.33051	0.01390	0.00310	0.00363	0.01091	0.00406	0.00373
5	0.04621	0.07675	0.01718	0.20867	0.17574	0.06917	0.04773	0.19942	0.07616	0.01930	0.01054	0.01247	0.00811	0.00524	0.00485	0.00153	0.00613	0.00438	0.00328	0.00715
6	0.01258	0.01086	0.01143	0.01029	0.01315	0.01258	0.00800	0.02687	0.78161	0.02115	0.02058	0.01887	0.01544	0.00686	0.00515	0.00172	0.00400	0.00572	0.00515	0.00800
7	0.01889	0.02410	0.01433	0.01303	0.01563	0.80199	0.00977	0.02019	0.01433	0.01238	0.00782	0.00912	0.00651	0.00521	0.00456	0.00130	0.00912	0.00326	0.00261	0.00586
8	0.01218	0.01406	0.12906	0.05297	0.44765	0.01231	0.11750	0.04094	0.06837	0.01699	0.01035	0.01286	0.00822	0.00488	0.00545	0.00159	0.02957	0.00468	0.00272	0.00763
9	0.04979	0.27496	0.14434	0.01116	0.01549	0.18819	0.01057	0.19100	0.01440	0.04309	0.00913	0.00997	0.00712	0.00508	0.00426	0.00135	0.00649	0.00350	0.00309	0.00702
10	0.00723	0.00540	0.00802	0.00802	0.00888	0.00626	0.00618	0.00896	0.00809	0.01166	0.01365	0.02043	0.01288	0.07112	0.76938	0.00799	0.01318	0.00550	0.00272	0.00445
11	0.02269	0.00861	0.01174	0.00900	0.01291	0.00743	0.00743	0.02464	0.01447	0.79425	0.01995	0.01721	0.01252	0.00626	0.00509	0.00156	0.00430	0.00509	0.00626	0.00861
12	0.01265	0.01242	0.02039	0.05469	0.71523	0.04191	0.03733	0.01563	0.01159	0.01624	0.00945	0.01245	0.00790	0.00454	0.00502	0.00151	0.00622	0.00450	0.00250	0.00782
13	0.01303	0.01132	0.01368	0.01155	0.01334	0.01400	0.00945	0.20463	0.18577	0.01921	0.01466	0.01605	0.07083	0.00802	0.01032	0.00189	0.36649	0.00524	0.00378	0.00675
14	0.00722	0.00542	0.00813	0.00813	0.00903	0.00632	0.00632	0.00903	0.00813	0.01174	0.01354	0.01987	0.01264	0.03792	0.80225	0.00813	0.01354	0.00542	0.00271	0.00451
15	0.01677	0.34066	0.01914	0.01130	0.01458	0.49303	0.00933	0.01820	0.01273	0.01219	0.00751	0.00872	0.00650	0.00486	0.00404	0.00122	0.00765	0.00304	0.00243	0.00611
16	0.01169	0.01830	0.34057	0.01225	0.01686	0.11263	0.05201	0.09057	0.05800	0.01724	0.06754	0.01814	0.11403	0.00668	0.00562	0.00161	0.04101	0.00530	0.00326	0.00668
17	0.00679	0.00467	0.00568	0.00623	0.00637	0.00453	0.00383	0.00721	0.00845	0.01126	0.02154	0.40217	0.02546	0.44356	0.01668	0.00356	0.00398	0.01065	0.00383	0.00355
18	0.00955	0.00899	0.01517	0.81013	0.03483	0.01123	0.01404	0.01292	0.01011	0.01292	0.00899	0.01348	0.00674	0.00506	0.00506	0.00169	0.00674	0.00449	0.00225	0.00562
19	0.01237	0.01187	0.02027	0.06803	0.75486	0.01198	0.01545	0.01540	0.01145	0.01635	0.00949	0.01256	0.00795	0.00453	0.00501	0.00151	0.00604	0.00450	0.00249	0.00790
20	0.01240	0.01190	0.02032	0.06079	0.76188	0.01198	0.01546	0.01542	0.01146	0.01638	0.00949	0.01255	0.00796	0.00453	0.00501	0.00151	0.00604	0.00451	0.00249	0.00792
21	0.01014	0.02616	0.79609	0.01441	0.02189	0.01174	0.01868	0.01601	0.01068	0.01601	0.00907	0.01068	0.00641	0.00480	0.00480	0.00160	0.00747	0.00374	0.00214	0.00747
22	0.00618	0.00473	0.00568	0.00629	0.00717	0.00422	0.00440	0.00734	0.01076	0.01384	0.10404	0.47313	0.30550	0.01426	0.00624	0.00189	0.00275	0.01258	0.00477	0.00422
23	0.00624	0.00446	0.00594	0.00699	0.00735	0.00416	0.00470	0.00724	0.01005	0.01349	0.08788	0.75732	0.03457	0.01541	0.00642	0.00202	0.00289	0.01396	0.00476	0.00416
24	0.24182	0.01214	0.01941	0.01704	0.14327	0.01244	0.30730	0.12603	0.01277	0.02042	0.03391	0.01253	0.00852	0.00487	0.00491	0.00160	0.00625	0.00475	0.00316	0.00684

[dist]
# distance from previous block
# <min> <max>
0	5

[block]
# block no. 1 follows, 49 sequences, length 6
# corresponding to MSA columns:
# 98-103
name=unknown_B
#
# <colnr> <probs for GDERKNQSTAVLIFYWHMCP>
#	G	D	E	R	K	N	Q	S	T	A	V	L	I	F	Y	W	H	M	C	P
0	0.01334	0.01357	0.01973	0.02871	0.69076	0.11392	0.01478	0.01612	0.01188	0.01599	0.00929	0.01208	0.00782	0.00460	0.00495	0.00148	0.00641	0.00434	0.00252	0.00773
1	0.01675	0.29497	0.01810	0.01111	0.01439	0.43110	0.00913	0.01924	0.07485	0.05329	0.00920	0.00998	0.00754	0.00510	0.00419	0.00127	0.00719	0.00336	0.00285	0.00639
2	0.00883	0.00705	0.01061	0.16737	0.14627	0.00722	0.00879	0.01085	0.01079	0.04720	0.02381	0.28718	0.12623	0.01075	0.00588	0.00186	0.00443	0.10563	0.00391	0.00535
3	0.26341	0.15622	0.09396	0.03628	0.07001	0.03855	0.03323	0.21740	0.01368	0.02132	0.00896	0.01015	0.00690	0.00501	0.00416	0.00147	0.00551	0.00361	0.00327	0.00692
4	0.00955	0.07965	0.28544	0.01049	0.01457	0.00935	0.03658	0.04840	0.01091	0.01533	0.01605	0.23335	0.04390	0.00976	0.04764	0.00193	0.00569	0.00693	0.00322	0.11126
5	0.06642	0.17291	0.37209	0.01337	0.07158	0.01418	0.01370	0.18504	0.01345	0.01923	0.00927	0.01049	0.00696	0.00497	0.00447	0.00147	0.00633	0.00371	0.00288	0.00745

[dist]
# distance from previous block
# <min> <max>
12	19

[block]
# block no. 2 follows, 49 sequences, length 39
# corresponding to MSA columns:
# 123-161
name=unknown_C
#
# <colnr> <probs for GDERKNQSTAVLIFYWHMCP>
#	G	D	E	R	K	N	Q	S	T	A	V	L	I	F	Y	W	H	M	C	P
0	0.00787	0.00615	0.02654	0.00692	0.00833	0.00554	0.00536	0.05549	0.01419	0.01992	0.63125	0.10967	0.04227	0.03012	0.00641	0.00171	0.00282	0.00919	0.00531	0.00496
1	0.01412	0.73571	0.02514	0.00914	0.01328	0.10748	0.00878	0.01571	0.01073	0.01195	0.00712	0.00822	0.00649	0.00443	0.00339	0.00111	0.00582	0.00277	0.00221	0.00642
2	0.01075	0.00820	0.00979	0.00740	0.01120	0.00640	0.00590	0.01295	0.01137	0.07866	0.11074	0.01758	0.05267	0.00549	0.00433	0.00101	0.00358	0.02377	0.00371	0.61453
3	0.03080	0.15394	0.19703	0.04715	0.31137	0.01357	0.03811	0.06282	0.06740	0.01689	0.00990	0.01176	0.00785	0.00482	0.00466	0.00148	0.00613	0.00412	0.00272	0.00749
4	0.00735	0.00490	0.00552	0.00552	0.00552	0.00490	0.00306	0.00735	0.00735	0.00980	0.01593	0.03309	0.01838	0.82229	0.02574	0.00490	0.00490	0.00735	0.00306	0.00306
5	0.01352	0.82533	0.02650	0.00865	0.01298	0.02001	0.00865	0.01514	0.01027	0.01190	0.00703	0.00811	0.00649	0.00433	0.00324	0.00108	0.00541	0.00270	0.00216	0.00649
6	0.01199	0.01298	0.04394	0.07282	0.35071	0.01234	0.38731	0.01571	0.01162	0.01613	0.00982	0.01308	0.00773	0.00443	0.00548	0.00162	0.00732	0.00520	0.00251	0.00727
7	0.01092	0.20966	0.61938	0.01309	0.01984	0.01364	0.01638	0.01581	0.01058	0.01507	0.00861	0.01009	0.00642	0.00469	0.00445	0.00148	0.00700	0.00350	0.00214	0.00725
8	0.00735	0.00490	0.00552	0.00552	0.00552	0.00490	0.00306	0.00735	0.00735	0.00980	0.01593	0.03309	0.01838	0.82229	0.02574	0.00490	0.00490	0.00735	0.00306	0.00306
9	0.00701	0.00476	0.00562	0.00595	0.00604	0.00467	0.00353	0.00726	0.00802	0.01069	0.01935	0.25814	0.02270	0.59135	0.02022	0.00409	0.00434	0.00936	0.00353	0.00336
10	0.01215	0.01130	0.01860	0.25286	0.51817	0.01206	0.01467	0.06956	0.01200	0.01660	0.00955	0.01277	0.00769	0.00478	0.00502	0.00156	0.00619	0.00451	0.00261	0.00737
11	0.01301	0.01108	0.01168	0.01038	0.01331	0.01278	0.00811	0.07572	0.73205	0.02185	0.02003	0.01843	0.01499	0.00681	0.00514	0.00170	0.00410	0.00564	0.00514	0.00804
12	0.00616	0.00440	0.00587	0.00704	0.00733	0.00411	0.00469	0.00704	0.00968	0.01291	0.02787	0.81899	0.03344	0.01584	0.00645	0.00205	0.00293	0.01438	0.00469	0.00411
13	0.02165	0.01027	0.01277	0.00979	0.01374	0.00991	0.00809	0.24962	0.01727	0.56532	0.01760	0.01569	0.01134	0.00620	0.00508	0.00155	0.00468	0.00493	0.00590	0.00860
14	0.01449	0.01051	0.01150	0.00937	0.01187	0.01148	0.00722	0.46863	0.01728	0.02321	0.01349	0.01961	0.01211	0.27895	0.06505	0.00308	0.00588	0.00554	0.00424	0.00649
15	0.00616	0.00440	0.00587	0.00704	0.00733	0.00411	0.00469	0.00704	0.00968	0.01291	0.02787	0.81899	0.03344	0.01584	0.00645	0.00205	0.00293	0.01438	0.00469	0.00411
16	0.01252	0.01201	0.02053	0.03104	0.79074	0.01201	0.01552	0.01552	0.01151	0.01652	0.00951	0.01252	0.00801	0.00451	0.00501	0.00150	0.00601	0.00451	0.00250	0.00801
17	0.01641	0.01401	0.01506	0.24060	0.02116	0.11961	0.01090	0.45502	0.01860	0.02383	0.01066	0.01212	0.00779	0.00566	0.00499	0.00154	0.00638	0.00436	0.00392	0.00738
18	0.01257	0.01230	0.01992	0.08224	0.70925	0.04367	0.01519	0.01553	0.01153	0.01611	0.00941	0.01244	0.00787	0.00457	0.00499	0.00151	0.00618	0.00445	0.00249	0.00776
19	0.01375	0.79150	0.02598	0.00884	0.01309	0.05303	0.00870	0.01535	0.01045	0.01192	0.00706	0.00815	0.00649	0.00436	0.00330	0.00109	0.00556	0.00273	0.00218	0.00646
20	0.01078	0.00943	0.01196	0.01094	0.12608	0.00751	0.00739	0.01314	0.01064	0.01648	0.00906	0.01078	0.00757	0.00386	0.00393	0.00086	0.00408	0.00322	0.00292	0.72937
21	0.04741	0.04258	0.02871	0.23616	0.12301	0.10560	0.01087	0.09211	0.10682	0.08959	0.01343	0.01482	0.04172	0.00573	0.00487	0.00155	0.00585	0.00467	0.01767	0.00682
22	0.00858	0.00787	0.01126	0.01545	0.31912	0.00735	0.00849	0.01055	0.01152	0.01480	0.03461	0.03426	0.47769	0.00950	0.00559	0.00163	0.00393	0.00822	0.00382	0.00576
23	0.00722	0.00542	0.00813	0.00813	0.00903	0.00632	0.00632	0.00903	0.00813	0.01174	0.01354	0.01987	0.01264	0.03792	0.80225	0.00813	0.01354	0.00542	0.00271	0.00451
24	0.01368	0.52250	0.07932	0.01160	0.08870	0.03415	0.00997	0.03478	0.10277	0.04563	0.00969	0.01048	0.00799	0.00482	0.00390	0.00127	0.00549	0.00346	0.00279	0.00701
25	0.01185	0.01670	0.27842	0.05000	0.48467	0.01202	0.01633	0.04072	0.01160	0.01674	0.00944	0.01192	0.00745	0.00467	0.00494	0.00154	0.00650	0.00425	0.00246	0.00777
26	0.12672	0.05526	0.14929	0.01494	0.11347	0.11342	0.15136	0.08892	0.01255	0.01762	0.01382	0.01519	0.09445	0.00570	0.00487	0.00154	0.00638	0.00485	0.00302	0.00665
27	0.01170	0.01013	0.01260	0.01025	0.01362	0.01034	0.07667	0.02024	0.40360	0.03467	0.07146	0.01716	0.01454	0.00602	0.00515	0.00144	0.02305	0.00517	0.00428	0.24790
28	0.01229	0.01144	0.01868	0.15826	0.32024	0.01215	0.13310	0.03312	0.17741	0.03709	0.01218	0.01431	0.00944	0.00523	0.00544	0.00163	0.02242	0.00501	0.00318	0.00738
29	0.00735	0.00490	0.00552	0.00552	0.00552	0.00490	0.00306	0.00735	0.00735	0.00980	0.01593	0.03309	0.01838	0.82229	0.02574	0.00490	0.00490	0.00735	0.00306	0.00306
30	0.00735	0.00490	0.00552	0.00552	0.00552	0.00490	0.00306	0.00735	0.00735	0.00980	0.01593	0.03309	0.01838	0.82229	0.02574	0.00490	0.00490	0.00735	0.00306	0.00306
31	0.03524	0.02121	0.37524	0.03511	0.04961	0.18489	0.12627	0.05194	0.01238	0.04766	0.00951	0.01118	0.00701	0.00492	0.00492	0.00154	0.00761	0.00407	0.00264	0.00704
32	0.01563	0.06737	0.19894	0.01465	0.08864	0.34443	0.02839	0.07549	0.01333	0.05423	0.00915	0.01056	0.00711	0.00527	0.00526	0.00146	0.04671	0.00376	0.00281	0.00682
33	0.01011	0.00902	0.06255	0.00954	0.05372	0.02387	0.00734	0.16275	0.01499	0.02058	0.38038	0.15500	0.05036	0.00963	0.00570	0.00164	0.00379	0.00837	0.00484	0.00580
34	0.01510	0.03676	0.10747	0.01729	0.23793	0.21637	0.01194	0.15546	0.01430	0.03256	0.00958	0.01111	0.00753	0.00495	0.00469	0.00137	0.00660	0.00390	0.00307	0.10201
35	0.08592	0.12490	0.09260	0.01034	0.03732	0.06345	0.00896	0.15513	0.08023	0.01930	0.01009	0.01099	0.00792	0.00483	0.00418	0.00123	0.00513	0.00359	0.00333	0.27054
36	0.07926	0.24915	0.07501	0.00851	0.01177	0.03184	0.03045	0.06507	0.01247	0.03696	0.18599	0.02281	0.15705	0.00742	0.00473	0.00145	0.00445	0.00593	0.00377	0.00590
37	0.01171	0.15847	0.46258	0.01234	0.01820	0.05225	0.02859	0.05082	0.03020	0.03234	0.01169	0.01274	0.05065	0.00527	0.00460	0.00147	0.00655	0.00405	0.00265	0.04283
38	0.02729	0.16176	0.45803	0.01250	0.01821	0.07834	0.01432	0.09215	0.01204	0.01646	0.00916	0.01076	0.00701	0.00688	0.05258	0.00187	0.00736	0.00368	0.00253	0.00707

[dist]
# distance from previous block
# <min> <max>
4	17

[block]
# block no. 3 follows, 49 sequences, length 32
# corresponding to MSA columns:
# 179-210
name=unknown_D
#
# <colnr> <probs for GDERKNQSTAVLIFYWHMCP>
#	G	D	E	R	K	N	Q	S	T	A	V	L	I	F	Y	W	H	M	C	P
0	0.03891	0.01432	0.13361	0.02388	0.43013	0.01223	0.15365	0.06201	0.03302	0.03450	0.01019	0.01257	0.00797	0.00471	0.00510	0.00156	0.00650	0.00466	0.00279	0.00768
1	0.01217	0.01079	0.01881	0.24346	0.36481	0.01122	0.11730	0.02724	0.01151	0.07486	0.01122	0.05375	0.00924	0.00535	0.00523	0.00161	0.00626	0.00524	0.00288	0.00704
2	0.01248	0.06348	0.05410	0.01751	0.26341	0.08721	0.03099	0.06476	0.03164	0.01607	0.02530	0.01324	0.00917	0.00823	0.06755	0.00207	0.14405	0.00445	0.06439	0.01989
3	0.01254	0.01249	0.03983	0.07888	0.52451	0.03556	0.01428	0.05436	0.01148	0.01621	0.00907	0.01217	0.00764	0.00539	0.00695	0.00163	0.14264	0.00444	0.00256	0.00738
4	0.12840	0.01173	0.01782	0.04436	0.54867	0.01244	0.01333	0.07296	0.01174	0.01812	0.00915	0.01182	0.00758	0.00498	0.00561	0.00157	0.06524	0.00426	0.00276	0.00747
5	0.01431	0.02865	0.19776	0.01434	0.07649	0.09010	0.10359	0.14000	0.04458	0.09920	0.01153	0.03247	0.00882	0.00558	0.00553	0.00153	0.04571	0.00460	0.00342	0.07179
6	0.01252	0.01201	0.02053	0.03104	0.79074	0.01201	0.01552	0.01552	0.01151	0.01652	0.00951	0.01252	0.00801	0.00451	0.00501	0.00150	0.00601	0.00451	0.00250	0.00801
7	0.01049	0.00899	0.01049	0.00749	0.01198	0.00674	0.00599	0.01273	0.01049	0.01648	0.00899	0.01049	0.00749	0.00374	0.00374	0.00075	0.00374	0.00300	0.00300	0.85320
8	0.00715	0.00522	0.00682	0.00706	0.00818	0.00489	0.00551	0.00921	0.01274	0.01734	0.42290	0.15039	0.11431	0.01223	0.00628	0.00185	0.00304	0.19514	0.00514	0.00460
9	0.01258	0.01086	0.01143	0.01029	0.01315	0.01258	0.00800	0.02687	0.78161	0.02115	0.02058	0.01887	0.01544	0.00686	0.00515	0.00172	0.00400	0.00572	0.00515	0.00800
10	0.00656	0.00471	0.00623	0.00677	0.00742	0.00438	0.00473	0.00805	0.01156	0.01590	0.33595	0.50239	0.03923	0.01361	0.00626	0.00187	0.00271	0.01226	0.00505	0.00438
11	0.01513	0.01105	0.01809	0.04237	0.56946	0.01079	0.01336	0.01786	0.01226	0.22107	0.01225	0.01377	0.00917	0.00498	0.00503	0.00152	0.00558	0.00466	0.00349	0.00811
12	0.01324	0.75867	0.09069	0.00913	0.01372	0.01932	0.00949	0.01521	0.01031	0.01224	0.00720	0.00833	0.00648	0.00437	0.00337	0.00112	0.00558	0.00279	0.00216	0.00657
13	0.00762	0.00600	0.00889	0.00866	0.00947	0.00727	0.00681	0.00935	0.00809	0.01178	0.01283	0.01896	0.01202	0.03492	0.72099	0.00752	0.09623	0.00532	0.00266	0.00462
14	0.01061	0.02286	0.59448	0.01623	0.02308	0.01202	0.21699	0.01606	0.01101	0.01606	0.00938	0.01146	0.00674	0.00466	0.00511	0.00163	0.00775	0.00432	0.00225	0.00730
15	0.00955	0.00899	0.01517	0.81013	0.03483	0.01123	0.01404	0.01292	0.01011	0.01292	0.00899	0.01348	0.00674	0.00506	0.00506	0.00169	0.00674	0.00449	0.00225	0.00562
16	0.01223	0.01672	0.22521	0.02373	0.41870	0.06383	0.11628	0.01630	0.02885	0.01618	0.00963	0.01210	0.00761	0.00465	0.00505	0.00155	0.00689	0.00444	0.00248	0.00757
17	0.00747	0.00600	0.00828	0.17741	0.01335	0.00609	0.00672	0.00984	0.01272	0.01711	0.43550	0.03574	0.18963	0.00989	0.00582	0.00167	0.00346	0.04382	0.00464	0.00484
18	0.00640	0.00500	0.00588	0.00647	0.00761	0.00447	0.00485	0.00772	0.01093	0.01365	0.03929	0.30875	0.40783	0.01402	0.00631	0.00193	0.00304	0.13689	0.00469	0.00428
19	0.00613	0.00452	0.00575	0.00673	0.00725	0.00413	0.00456	0.00708	0.00998	0.01303	0.03160	0.69598	0.15405	0.01536	0.00638	0.00200	0.00287	0.01378	0.00469	0.00413
20	0.01120	0.12450	0.49374	0.01805	0.22305	0.01287	0.01657	0.01577	0.01085	0.01562	0.00893	0.01083	0.00684	0.00466	0.00466	0.00151	0.00682	0.00381	0.00224	0.00749
21	0.01256	0.01227	0.01633	0.04520	0.32372	0.07024	0.01203	0.01798	0.21341	0.01630	0.01161	0.01363	0.00949	0.00621	0.00772	0.00172	0.19452	0.00471	0.00313	0.00720
22	0.38830	0.07889	0.13346	0.01004	0.01381	0.24568	0.00916	0.04018	0.01121	0.01807	0.00774	0.00898	0.00610	0.00488	0.00388	0.00145	0.00617	0.00310	0.00281	0.00607
23	0.85801	0.00978	0.00743	0.00665	0.00978	0.01134	0.00548	0.01486	0.00861	0.02269	0.00704	0.00821	0.00548	0.00469	0.00313	0.00156	0.00391	0.00274	0.00313	0.00548
24	0.01073	0.01021	0.01500	0.10160	0.37855	0.05206	0.01144	0.01323	0.01176	0.01605	0.16853	0.03436	0.07922	0.00697	0.00617	0.00161	0.06675	0.00603	0.00329	0.00644
25	0.00756	0.00517	0.00635	0.00666	0.00701	0.00522	0.00458	0.00827	0.00852	0.01131	0.01866	0.03867	0.02089	0.56699	0.06300	0.00440	0.00531	0.20441	0.00346	0.00356
26	0.01229	0.02133	0.52795	0.01304	0.01912	0.01223	0.01519	0.21491	0.01441	0.02052	0.07173	0.01321	0.01026	0.00558	0.00496	0.00158	0.00657	0.00438	0.00318	0.00756
27	0.01439	0.47156	0.16158	0.01050	0.01528	0.03768	0.01070	0.19292	0.01361	0.01732	0.00861	0.00954	0.00697	0.00484	0.00398	0.00128	0.00591	0.00334	0.00285	0.00714
28	0.01453	0.40043	0.19050	0.01094	0.01575	0.07684	0.01115	0.19321	0.01383	0.01750	0.00873	0.00969	0.00697	0.00491	0.00411	0.00131	0.00618	0.00340	0.00287	0.00715
29	0.01304	0.35303	0.29389	0.01108	0.01648	0.01544	0.01214	0.13889	0.01263	0.01693	0.00872	0.00984	0.00688	0.00474	0.00412	0.00131	0.00604	0.00339	0.00269	0.06874
30	0.01268	0.44610	0.32559	0.01115	0.01668	0.01643	0.01264	0.07877	0.01156	0.01517	0.00825	0.00945	0.00663	0.00466	0.00400	0.00132	0.00623	0.00326	0.00239	0.00705
31	0.01197	0.15526	0.46166	0.01182	0.01757	0.03778	0.01379	0.01602	0.01115	0.09826	0.01301	0.03699	0.05622	0.00568	0.00465	0.00149	0.00629	0.00441	0.00286	0.03311

[dist]
# distance from previous block
# <min> <max>
1	12

[block]
# block no. 4 follows, 49 sequences, length 25
# corresponding to MSA columns:
# 223-247
name=unknown_E
#
# <colnr> <probs for GDERKNQSTAVLIFYWHMCP>
#	G	D	E	R	K	N	Q	S	T	A	V	L	I	F	Y	W	H	M	C	P
0	0.06435	0.01126	0.01167	0.00917	0.01297	0.09904	0.00738	0.12043	0.04165	0.28723	0.01474	0.01428	0.03465	0.00555	0.00456	0.00131	0.00477	0.00429	0.00450	0.24619
1	0.04391	0.02963	0.17777	0.02197	0.01675	0.09977	0.15894	0.01653	0.01205	0.15577	0.07682	0.04388	0.01273	0.02137	0.01968	0.00173	0.01688	0.00526	0.03461	0.03395
2	0.01813	0.01488	0.06541	0.01251	0.01685	0.01523	0.06512	0.67158	0.02210	0.02974	0.01181	0.01216	0.00839	0.00586	0.00511	0.00154	0.00590	0.00460	0.00469	0.00840
3	0.00960	0.00801	0.00955	0.00753	0.01110	0.00624	0.00591	0.01162	0.01042	0.01579	0.01332	0.15079	0.01326	0.00644	0.00441	0.00107	0.00366	0.05240	0.00339	0.65549
4	0.01522	0.01185	0.01257	0.01047	0.01372	0.01335	0.00838	0.34867	0.39852	0.02562	0.01664	0.01596	0.01230	0.00645	0.00499	0.00159	0.00456	0.00514	0.06598	0.00802
5	0.01178	0.00610	0.00833	0.00787	0.00950	0.00585	0.00599	0.01326	0.01084	0.25470	0.03521	0.23717	0.03429	0.08887	0.19308	0.00357	0.00610	0.05733	0.00459	0.00555
6	0.00946	0.00569	0.00744	0.00670	0.00833	0.00515	0.00513	0.01173	0.01420	0.13769	0.63482	0.03518	0.07897	0.00984	0.00583	0.00159	0.00269	0.00860	0.00563	0.00533
7	0.01262	0.02137	0.55961	0.01488	0.06379	0.01107	0.06993	0.01752	0.01148	0.15360	0.01110	0.01214	0.00767	0.00501	0.00495	0.00160	0.00691	0.00418	0.00291	0.00766
8	0.01070	0.02384	0.66056	0.01535	0.02239	0.01181	0.13454	0.01623	0.01095	0.03339	0.00950	0.01128	0.00674	0.00475	0.00499	0.00162	0.00756	0.00411	0.00229	0.00740
9	0.01077	0.02174	0.52589	0.01685	0.02349	0.01211	0.28446	0.01608	0.01112	0.01608	0.00948	0.01172	0.00685	0.00461	0.00521	0.00164	0.00784	0.00452	0.00228	0.00724
10	0.01072	0.01545	0.25312	0.42366	0.09986	0.05172	0.03002	0.03009	0.01094	0.01462	0.00909	0.01229	0.00680	0.00494	0.00497	0.00162	0.00703	0.00423	0.00232	0.00650
11	0.01127	0.04117	0.03771	0.32124	0.33925	0.01222	0.09107	0.01472	0.02630	0.01489	0.00941	0.01286	0.00751	0.00489	0.00546	0.00161	0.03458	0.00459	0.00243	0.00683
12	0.00607	0.00475	0.00550	0.00611	0.00709	0.00419	0.00428	0.00715	0.01058	0.01327	0.03925	0.44378	0.40131	0.01436	0.00622	0.00189	0.00275	0.01257	0.00469	0.00419
13	0.01252	0.01201	0.02053	0.03104	0.79074	0.01201	0.01552	0.01552	0.01151	0.01652	0.00951	0.01252	0.00801	0.00451	0.00501	0.00150	0.00601	0.00451	0.00250	0.00801
14	0.01577	0.27273	0.17721	0.01237	0.07131	0.16854	0.01115	0.01836	0.01214	0.17991	0.01053	0.01109	0.00787	0.00502	0.00434	0.00136	0.00636	0.00366	0.00314	0.00713
15	0.01113	0.15410	0.64452	0.01329	0.02014	0.01292	0.01667	0.01618	0.01075	0.04289	0.00913	0.01049	0.00664	0.00478	0.00456	0.00152	0.00703	0.00362	0.00229	0.00736
16	0.00669	0.00485	0.00549	0.00576	0.00630	0.00454	0.00366	0.00725	0.00906	0.01160	0.02852	0.22045	0.23597	0.40951	0.01575	0.00335	0.00379	0.00991	0.00390	0.00364
17	0.01170	0.01108	0.01880	0.24602	0.51144	0.01172	0.03891	0.03389	0.01145	0.01585	0.01001	0.01425	0.00834	0.00500	0.00512	0.00159	0.00624	0.02883	0.00257	0.00721
18	0.01347	0.01435	0.04678	0.08997	0.22060	0.14019	0.18771	0.08908	0.06855	0.01716	0.01136	0.01517	0.00930	0.00547	0.00528	0.00160	0.00695	0.04694	0.00305	0.00702
19	0.01509	0.00692	0.00930	0.00771	0.01029	0.00613	0.00613	0.01726	0.01440	0.41562	0.39572	0.02727	0.02973	0.00825	0.00552	0.00158	0.00336	0.00707	0.00592	0.00673
20	0.00759	0.00595	0.00718	0.00810	0.00890	0.04420	0.00620	0.00914	0.01101	0.01431	0.09127	0.43739	0.03176	0.01417	0.00651	0.00208	0.00381	0.28131	0.00465	0.00445
21	0.01596	0.02754	0.08972	0.01194	0.03508	0.31406	0.00983	0.16204	0.02580	0.08749	0.05124	0.06666	0.01296	0.00698	0.00509	0.00154	0.00660	0.05903	0.00381	0.00663
22	0.01377	0.13672	0.04722	0.05899	0.30779	0.05188	0.14069	0.01741	0.06026	0.10059	0.01097	0.01276	0.00849	0.00485	0.00489	0.00149	0.00627	0.00453	0.00302	0.00740
23	0.05417	0.09204	0.21387	0.01033	0.01434	0.08107	0.01017	0.19044	0.01420	0.01903	0.06526	0.06921	0.13053	0.00735	0.00497	0.00155	0.00545	0.00580	0.00367	0.00653
24	0.13197	0.55278	0.02146	0.00883	0.01293	0.01755	0.00829	0.12733	0.01224	0.05457	0.00842	0.00916	0.00695	0.00473	0.00359	0.00124	0.00517	0.00310	0.00292	0.00676

[dist]
# distance from previous block
# <min> <max>
2	19

[block]
# block no. 5 follows, 49 sequences, length 30
# corresponding to MSA columns:
# 267-296
name=unknown_F
#
# <colnr> <probs for GDERKNQSTAVLIFYWHMCP>
#	G	D	E	R	K	N	Q	S	T	A	V	L	I	F	Y	W	H	M	C	P
0	0.68586	0.08967	0.05331	0.00761	0.01106	0.05382	0.00674	0.01524	0.00918	0.02074	0.00719	0.00839	0.00568	0.00469	0.00331	0.00151	0.00453	0.00282	0.00295	0.00570
1	0.70813	0.01009	0.00960	0.03326	0.12652	0.01144	0.00721	0.01491	0.00908	0.02149	0.00746	0.00900	0.00589	0.00468	0.00346	0.00156	0.00430	0.00305	0.00301	0.00586
2	0.00625	0.00480	0.00575	0.00646	0.00739	0.00431	0.00463	0.00741	0.01058	0.01339	0.03713	0.44886	0.33529	0.01448	0.00631	0.00194	0.00292	0.07319	0.00469	0.00422
3	0.00682	0.00468	0.00567	0.00620	0.00633	0.00455	0.00380	0.00721	0.00840	0.01120	0.02129	0.38561	0.02514	0.46056	0.01709	0.00362	0.00402	0.01050	0.00380	0.00353
4	0.01226	0.01189	0.02074	0.02953	0.70814	0.01181	0.07167	0.01529	0.01149	0.01638	0.01016	0.03890	0.00881	0.00486	0.00513	0.00154	0.00610	0.00494	0.00258	0.00779
5	0.01057	0.01480	0.24420	0.01973	0.32648	0.01063	0.06029	0.01422	0.01155	0.01657	0.12728	0.01774	0.05660	0.00609	0.00570	0.00160	0.04062	0.00540	0.00296	0.00699
6	0.00974	0.00918	0.01550	0.76135	0.08216	0.01128	0.01414	0.01308	0.01020	0.01315	0.00902	0.01342	0.00682	0.00502	0.00505	0.00167	0.00669	0.00449	0.00226	0.00577
7	0.01412	0.07911	0.13456	0.01286	0.07675	0.11861	0.03215	0.19339	0.12567	0.03622	0.08915	0.01599	0.03693	0.00619	0.00496	0.00151	0.00578	0.00496	0.00386	0.00720
8	0.01234	0.01184	0.02022	0.07604	0.74708	0.01197	0.01543	0.01537	0.01143	0.01631	0.00948	0.01257	0.00794	0.00454	0.00501	0.00151	0.00605	0.00450	0.00249	0.00787
9	0.04590	0.01224	0.01302	0.01052	0.01414	0.01342	0.00848	0.39032	0.29990	0.02594	0.01471	0.01429	0.01088	0.00606	0.00488	0.00151	0.00474	0.00475	0.00480	0.09951
10	0.01323	0.01248	0.06921	0.06827	0.58606	0.01152	0.05040	0.01638	0.01171	0.09622	0.01056	0.01298	0.00829	0.00472	0.00505	0.00153	0.00608	0.00458	0.00285	0.00785
11	0.04072	0.12378	0.31874	0.01115	0.01643	0.01149	0.01203	0.07834	0.01300	0.29112	0.02731	0.01319	0.00948	0.00545	0.00469	0.00151	0.00573	0.00421	0.00391	0.00772
12	0.01084	0.10495	0.56444	0.01521	0.02189	0.01279	0.16851	0.01596	0.01089	0.01563	0.00910	0.01101	0.00667	0.00465	0.00488	0.00157	0.00747	0.00408	0.00222	0.00724
13	0.01168	0.01012	0.02412	0.05575	0.07297	0.01076	0.08042	0.03840	0.37823	0.05293	0.06223	0.09070	0.05716	0.00761	0.00564	0.00172	0.02142	0.00669	0.00445	0.00702
14	0.01227	0.19547	0.47605	0.01223	0.01808	0.01281	0.01444	0.01645	0.01101	0.10659	0.01078	0.01334	0.00834	0.00546	0.00491	0.00154	0.02694	0.04333	0.00276	0.00720
15	0.01519	0.01142	0.01839	0.06453	0.45882	0.01137	0.06050	0.09017	0.01329	0.18791	0.01206	0.01363	0.00896	0.00505	0.00509	0.00154	0.00579	0.00473	0.00356	0.00800
16	0.01044	0.09738	0.72750	0.01390	0.02109	0.01248	0.01779	0.01594	0.01064	0.01565	0.00889	0.01045	0.00641	0.00476	0.00467	0.00156	0.00729	0.00364	0.00214	0.00739
17	0.01154	0.14284	0.32130	0.01757	0.08820	0.01343	0.30228	0.01591	0.01116	0.01550	0.00924	0.01156	0.00704	0.00450	0.00502	0.00155	0.00743	0.00449	0.00233	0.00712
18	0.01839	0.01339	0.16699	0.01324	0.11199	0.01022	0.01101	0.14658	0.01491	0.41806	0.01522	0.01450	0.01011	0.00572	0.00502	0.00156	0.00535	0.00466	0.00478	0.00831
19	0.01386	0.77516	0.02574	0.00893	0.01314	0.06897	0.00872	0.01546	0.01053	0.01193	0.00708	0.00817	0.00649	0.00438	0.00333	0.00110	0.00564	0.00274	0.00219	0.00645
20	0.00725	0.00530	0.00753	0.00753	0.00823	0.00600	0.00558	0.00865	0.00795	0.01130	0.01409	0.02289	0.01396	0.21735	0.62462	0.00739	0.01157	0.00586	0.00279	0.00418
21	0.01051	0.00786	0.08340	0.05419	0.01145	0.00606	0.00700	0.01232	0.01118	0.19200	0.02724	0.34727	0.16563	0.03185	0.00630	0.00188	0.00388	0.00979	0.00462	0.00555
22	0.01251	0.01255	0.05455	0.06910	0.39013	0.01203	0.18330	0.10434	0.01289	0.01786	0.01132	0.03588	0.00963	0.00547	0.00536	0.00162	0.00647	0.04466	0.00296	0.00737
23	0.00878	0.00439	0.00659	0.00659	0.00659	0.00439	0.00439	0.00659	0.00659	0.00878	0.00878	0.01537	0.00878	0.01757	0.01976	0.85288	0.00439	0.00439	0.00220	0.00220
24	0.00615	0.00444	0.00583	0.00693	0.00731	0.00412	0.00465	0.00705	0.00978	0.01295	0.02916	0.77632	0.07528	0.01567	0.00643	0.00203	0.00291	0.01417	0.00469	0.00412
25	0.02079	0.00827	0.01116	0.00885	0.01238	0.00727	0.00719	0.02302	0.03790	0.69523	0.02073	0.09417	0.01462	0.00720	0.00522	0.00162	0.00416	0.00600	0.00607	0.00816
26	0.39579	0.37794	0.01642	0.00790	0.01155	0.01537	0.00715	0.01614	0.08351	0.01767	0.00833	0.00919	0.00689	0.00474	0.00337	0.00136	0.00460	0.00301	0.00289	0.00618
27	0.01220	0.01249	0.02366	0.05548	0.49032	0.01226	0.28614	0.01567	0.01161	0.01628	0.00975	0.01295	0.00784	0.00444	0.00535	0.00158	0.00693	0.00503	0.00251	0.00750
28	0.01295	0.01223	0.02235	0.02667	0.52135	0.01197	0.22038	0.01648	0.02857	0.06146	0.01055	0.01323	0.00834	0.00459	0.00527	0.00157	0.00655	0.00496	0.00279	0.00772
29	0.01810	0.10780	0.10910	0.01257	0.09854	0.04771	0.01022	0.12506	0.03414	0.36442	0.01439	0.01383	0.00985	0.00561	0.00480	0.00149	0.00538	0.00444	0.00452	0.00802

[dist]
# distance from previous block
# <min> <max>
0	8

[block]
# block no. 6 follows, 49 sequences, length 34
# corresponding to MSA columns:
# 305-338
name=unknown_G
#
# <colnr> <probs for GDERKNQSTAVLIFYWHMCP>
#	G	D	E	R	K	N	Q	S	T	A	V	L	I	F	Y	W	H	M	C	P
0	0.01222	0.01064	0.04230	0.03362	0.38786	0.01008	0.05320	0.07417	0.01325	0.07639	0.18890	0.04391	0.01816	0.00645	0.00533	0.00156	0.00512	0.00598	0.00374	0.00711
1	0.01151	0.01778	0.32622	0.02321	0.38675	0.01201	0.11794	0.01580	0.01124	0.01628	0.00944	0.01194	0.00734	0.00459	0.00506	0.00157	0.00692	0.00440	0.00237	0.00764
2	0.01297	0.03625	0.01841	0.01595	0.13976	0.01058	0.24375	0.08920	0.03680	0.10646	0.16787	0.01836	0.01660	0.00597	0.00538	0.00154	0.00560	0.00585	0.00391	0.05880
3	0.00625	0.00444	0.00584	0.00692	0.00719	0.00417	0.00457	0.00707	0.00950	0.01266	0.02693	0.75723	0.03226	0.07921	0.00797	0.00228	0.00309	0.01382	0.00457	0.00403
4	0.01178	0.02014	0.47450	0.01945	0.25783	0.01158	0.04770	0.01644	0.01124	0.06769	0.00998	0.01179	0.00736	0.00479	0.00493	0.00157	0.00686	0.00415	0.00254	0.00769
5	0.01049	0.00899	0.01049	0.00749	0.01198	0.00674	0.00599	0.01273	0.01049	0.01648	0.00899	0.01049	0.00749	0.00374	0.00374	0.00075	0.00374	0.00300	0.00300	0.85320
6	0.00616	0.00440	0.00587	0.00704	0.00733	0.00411	0.00469	0.00704	0.00968	0.01291	0.02787	0.81899	0.03344	0.01584	0.00645	0.00205	0.00293	0.01438	0.00469	0.00411
7	0.01252	0.01201	0.02053	0.03104	0.79074	0.01201	0.01552	0.01552	0.01151	0.01652	0.00951	0.01252	0.00801	0.00451	0.00501	0.00150	0.00601	0.00451	0.00250	0.00801
8	0.01323	0.13394	0.11544	0.01558	0.05917	0.14201	0.20154	0.04910	0.01148	0.01473	0.00847	0.01104	0.00699	0.00562	0.00751	0.00163	0.18920	0.00430	0.00249	0.00655
9	0.00727	0.00522	0.00711	0.00711	0.00766	0.00577	0.00505	0.00838	0.00783	0.01098	0.01448	0.02503	0.01488	0.34393	0.49930	0.00687	0.01017	0.00617	0.00285	0.00395
10	0.00878	0.00439	0.00659	0.00659	0.00659	0.00439	0.00439	0.00659	0.00659	0.00878	0.00878	0.01537	0.00878	0.01757	0.01976	0.85288	0.00439	0.00439	0.00220	0.00220
11	0.01768	0.01568	0.01401	0.01160	0.01501	0.20626	0.00922	0.39777	0.19773	0.04354	0.01325	0.01310	0.00978	0.00605	0.00496	0.00151	0.00603	0.00452	0.00451	0.00779
12	0.01896	0.01576	0.01520	0.01248	0.03998	0.14681	0.00982	0.62430	0.02181	0.02813	0.01134	0.01165	0.00823	0.00588	0.00497	0.00148	0.00617	0.00433	0.00457	0.00812
13	0.03120	0.12823	0.20515	0.01425	0.09904	0.29958	0.01216	0.10215	0.01356	0.01621	0.02817	0.01076	0.00789	0.00513	0.00455	0.00140	0.00723	0.00371	0.00278	0.00684
14	0.01300	0.01425	0.09277	0.02616	0.55513	0.05728	0.06812	0.06334	0.01231	0.01708	0.00952	0.01217	0.00776	0.00475	0.00529	0.00153	0.02469	0.00447	0.00263	0.00774
15	0.00616	0.00440	0.00587	0.00704	0.00733	0.00411	0.00469	0.00704	0.00968	0.01291	0.02787	0.81899	0.03344	0.01584	0.00645	0.00205	0.00293	0.01438	0.00469	0.00411
16	0.01500	0.01227	0.01283	0.01025	0.01399	0.04399	0.00823	0.32561	0.25331	0.02398	0.01379	0.01368	0.01035	0.00570	0.00474	0.00138	0.00478	0.00447	0.00448	0.21718
17	0.01271	0.01289	0.02438	0.04265	0.34958	0.01266	0.37295	0.07689	0.01267	0.01752	0.01005	0.01304	0.00787	0.00453	0.00547	0.00160	0.00718	0.00520	0.00273	0.00744
18	0.27407	0.07967	0.24986	0.03456	0.01593	0.01282	0.01100	0.17953	0.01306	0.07179	0.00966	0.01054	0.00701	0.00511	0.00425	0.00153	0.00557	0.00363	0.00335	0.00704
19	0.01154	0.35792	0.47661	0.01202	0.01819	0.01517	0.01452	0.01565	0.01051	0.01430	0.00823	0.00961	0.00644	0.00461	0.00416	0.00139	0.00662	0.00331	0.00215	0.00706
20	0.01683	0.01093	0.01581	0.08002	0.15160	0.01107	0.08901	0.21774	0.01550	0.25585	0.01391	0.01450	0.00976	0.00557	0.00504	0.00154	0.00542	0.00486	0.06725	0.00778
21	0.00735	0.00490	0.00552	0.00552	0.00552	0.00490	0.00306	0.00735	0.00735	0.00980	0.01593	0.03309	0.01838	0.82229	0.02574	0.00490	0.00490	0.00735	0.00306	0.00306
22	0.00616	0.00440	0.00587	0.00704	0.00733	0.00411	0.00469	0.00704	0.00968	0.01291	0.02787	0.81899	0.03344	0.01584	0.00645	0.00205	0.00293	0.01438	0.00469	0.00411
23	0.01055	0.01001	0.01697	0.54812	0.28904	0.01150	0.01454	0.01379	0.01058	0.01413	0.00916	0.01316	0.00717	0.00487	0.00504	0.00162	0.00649	0.00450	0.00233	0.00642
24	0.01352	0.82533	0.02650	0.00865	0.01298	0.02001	0.00865	0.01514	0.01027	0.01190	0.00703	0.00811	0.00649	0.00433	0.00324	0.00108	0.00541	0.00270	0.00216	0.00649
25	0.00723	0.00539	0.00798	0.00798	0.00884	0.00624	0.00614	0.00894	0.00808	0.01163	0.01368	0.02059	0.01296	0.08109	0.75952	0.00795	0.01307	0.00552	0.00273	0.00444
26	0.00604	0.00513	0.00522	0.00519	0.00687	0.00430	0.00389	0.00739	0.01168	0.01403	0.09287	0.04805	0.74681	0.01267	0.00598	0.00170	0.00255	0.01059	0.00474	0.00430
27	0.00623	0.00445	0.00593	0.00700	0.00735	0.00415	0.00470	0.00720	0.00998	0.01339	0.07742	0.76807	0.03437	0.01548	0.00642	0.00202	0.00290	0.01403	0.00475	0.00415
28	0.01890	0.02366	0.01437	0.01297	0.01563	0.76727	0.00976	0.05347	0.01475	0.01324	0.00801	0.00925	0.00661	0.00525	0.00458	0.00131	0.00896	0.00331	0.00271	0.00598
29	0.01252	0.01201	0.02053	0.03104	0.79074	0.01201	0.01552	0.01552	0.01151	0.01652	0.00951	0.01252	0.00801	0.00451	0.00501	0.00150	0.00601	0.00451	0.00250	0.00801
30	0.46228	0.00956	0.01125	0.30413	0.08029	0.01122	0.00938	0.01414	0.00943	0.01853	0.00814	0.01071	0.00629	0.00484	0.00399	0.00160	0.00509	0.00356	0.01986	0.00571
31	0.00727	0.00524	0.00725	0.00725	0.00785	0.00584	0.00523	0.00847	0.00787	0.01109	0.01435	0.02431	0.01457	0.30171	0.54111	0.00704	0.01064	0.00607	0.00283	0.00403
32	0.03261	0.00754	0.00956	0.00823	0.01082	0.00717	0.00664	0.03652	0.09507	0.33081	0.25400	0.02869	0.05490	0.00858	0.00555	0.00167	0.00368	0.08561	0.00561	0.00673
33	0.01479	0.15225	0.08285	0.01592	0.10636	0.32807	0.16056	0.01760	0.03166	0.01405	0.00918	0.02694	0.00767	0.00502	0.00474	0.00142	0.00765	0.00417	0.00258	0.00655

[dist]
# distance from previous block
# <min> <max>
0	3

[block]
# block no. 7 follows, 49 sequences, length 12
# corresponding to MSA columns:
# 342-353
name=unknown_H
#
# <colnr> <probs for GDERKNQSTAVLIFYWHMCP>
#	G	D	E	R	K	N	Q	S	T	A	V	L	I	F	Y	W	H	M	C	P
0	0.07325	0.01596	0.15086	0.01317	0.09038	0.16834	0.01084	0.15831	0.03860	0.12978	0.01167	0.01276	0.00871	0.00867	0.08444	0.00216	0.00710	0.00422	0.00362	0.00716
1	0.38628	0.01142	0.01089	0.00898	0.01245	0.03606	0.00733	0.23686	0.09155	0.13505	0.01174	0.01173	0.00841	0.00555	0.00421	0.00156	0.00461	0.00391	0.00432	0.00709
2	0.01442	0.32515	0.27638	0.01137	0.01638	0.15466	0.01202	0.01742	0.01161	0.10380	0.00934	0.01019	0.00716	0.00486	0.00421	0.00135	0.00662	0.00342	0.00271	0.00695
3	0.00715	0.00923	0.16279	0.00753	0.01008	0.00587	0.00714	0.00959	0.01190	0.01584	0.24064	0.12640	0.34517	0.01089	0.00579	0.00169	0.00353	0.00930	0.00442	0.00502
4	0.01323	0.00998	0.01152	0.00844	0.01279	0.00857	0.00683	0.16494	0.01346	0.08387	0.01052	0.01137	0.00813	0.00441	0.00412	0.00097	0.00415	0.00348	0.00368	0.61554
5	0.01319	0.01445	0.16794	0.01133	0.01530	0.01292	0.01039	0.14815	0.50323	0.02190	0.01690	0.01613	0.01251	0.00632	0.00506	0.00166	0.00495	0.00513	0.00453	0.00800
6	0.00725	0.00532	0.00761	0.00761	0.00833	0.00604	0.00567	0.00870	0.00797	0.01135	0.01402	0.02249	0.01378	0.19375	0.64798	0.00749	0.01183	0.00580	0.00278	0.00423
7	0.01269	0.51480	0.16875	0.01417	0.16916	0.01688	0.01189	0.01538	0.01060	0.01358	0.00790	0.00946	0.00678	0.00445	0.00389	0.00126	0.00591	0.00325	0.00223	0.00697
8	0.01206	0.47916	0.35985	0.01115	0.01684	0.01643	0.01300	0.01552	0.01045	0.01368	0.00792	0.00922	0.00645	0.00453	0.00392	0.00131	0.00630	0.00315	0.00215	0.00692
9	0.00641	0.00520	0.00572	0.00576	0.00732	0.00451	0.00443	0.00800	0.01206	0.01504	0.18634	0.04744	0.57678	0.01246	0.00607	0.00175	0.00273	0.08274	0.00485	0.00440
10	0.00704	0.00516	0.00660	0.00624	0.00748	0.00472	0.00468	0.00932	0.01404	0.01964	0.71662	0.03883	0.11957	0.01058	0.00597	0.00160	0.00240	0.00929	0.00548	0.00472
11	0.62195	0.01001	0.00874	0.00746	0.01076	0.03916	0.00611	0.01746	0.01026	0.21214	0.01025	0.01046	0.00725	0.00510	0.00366	0.00156	0.00420	0.00333	0.00388	0.00626

[dist]
# distance from previous block
# <min> <max>
1	10

[block]
# block no. 8 follows, 49 sequences, length 155
# corresponding to MSA columns:
# 364-518
name=unknown_I
#
# <colnr> <probs for GDERKNQSTAVLIFYWHMCP>
#	G	D	E	R	K	N	Q	S	T	A	V	L	I	F	Y	W	H	M	C	P
0	0.01931	0.01402	0.01509	0.01157	0.01561	0.01547	0.00956	0.75468	0.02354	0.05140	0.01234	0.01227	0.00870	0.00608	0.00506	0.00152	0.00553	0.00457	0.00509	0.00860
1	0.01080	0.18083	0.64714	0.01330	0.02016	0.01334	0.01674	0.01585	0.01060	0.01522	0.00868	0.01018	0.00642	0.00471	0.00450	0.00150	0.00707	0.00354	0.00214	0.00728
2	0.01352	0.82533	0.02650	0.00865	0.01298	0.02001	0.00865	0.01514	0.01027	0.01190	0.00703	0.00811	0.00649	0.00433	0.00324	0.00108	0.00541	0.00270	0.00216	0.00649
3	0.01014	0.02616	0.79609	0.01441	0.02189	0.01174	0.01868	0.01601	0.01068	0.01601	0.00907	0.01068	0.00641	0.00480	0.00480	0.00160	0.00747	0.00374	0.00214	0.00747
4	0.01098	0.01897	0.39229	0.01903	0.15046	0.01182	0.25350	0.01572	0.01132	0.01625	0.02998	0.01348	0.00856	0.00490	0.00527	0.00163	0.00737	0.01876	0.00246	0.00724
5	0.01014	0.02616	0.79609	0.01441	0.02189	0.01174	0.01868	0.01601	0.01068	0.01601	0.00907	0.01068	0.00641	0.00480	0.00480	0.00160	0.00747	0.00374	0.00214	0.00747
6	0.00632	0.00452	0.00601	0.00693	0.00737	0.00421	0.00471	0.00743	0.01041	0.01407	0.14718	0.69638	0.03568	0.01498	0.00638	0.00198	0.00285	0.01355	0.00483	0.00421
7	0.01054	0.06513	0.73825	0.01406	0.02129	0.01225	0.01796	0.03539	0.01099	0.01622	0.00905	0.01059	0.00647	0.00481	0.00473	0.00157	0.00732	0.00371	0.00221	0.00745
8	0.01208	0.01154	0.01989	0.05075	0.67581	0.01157	0.05021	0.01510	0.01150	0.01630	0.01082	0.01591	0.00953	0.00522	0.00520	0.00158	0.00604	0.06065	0.00266	0.00764
9	0.01197	0.01351	0.02898	0.02080	0.02581	0.01278	0.73674	0.01670	0.04782	0.01643	0.01071	0.01388	0.00803	0.00438	0.00593	0.00171	0.00831	0.00596	0.00268	0.00688
10	0.01729	0.09857	0.29219	0.01089	0.01611	0.01025	0.01156	0.02060	0.01269	0.43728	0.01476	0.01395	0.00973	0.00554	0.00480	0.00153	0.00554	0.00436	0.00437	0.00799
11	0.01075	0.11316	0.69039	0.01375	0.02074	0.03474	0.01734	0.01604	0.01073	0.01546	0.00882	0.01035	0.00642	0.00476	0.00463	0.00154	0.00729	0.00361	0.00215	0.00732
12	0.00730	0.00511	0.00659	0.00659	0.00696	0.00549	0.00440	0.00804	0.00767	0.01060	0.01495	0.02765	0.01602	0.49950	0.34529	0.00623	0.00846	0.00656	0.00292	0.00366
13	0.01014	0.02616	0.79609	0.01441	0.02189	0.01174	0.01868	0.01601	0.01068	0.01601	0.00907	0.01068	0.00641	0.00480	0.00480	0.00160	0.00747	0.00374	0.00214	0.00747
14	0.01099	0.01120	0.01980	0.28455	0.04223	0.01286	0.25790	0.01501	0.07375	0.01456	0.00980	0.01339	0.00776	0.00583	0.00807	0.00181	0.19660	0.00505	0.00258	0.00624
15	0.01231	0.01205	0.02133	0.06753	0.66665	0.01207	0.10220	0.01547	0.01149	0.01631	0.00957	0.01269	0.00791	0.00450	0.00512	0.00153	0.00633	0.00467	0.00250	0.00776
16	0.00723	0.00540	0.00802	0.00802	0.00889	0.00626	0.00619	0.00896	0.00810	0.01166	0.01364	0.02040	0.01287	0.06949	0.77100	0.00800	0.01320	0.00550	0.00272	0.00446
17	0.01889	0.02410	0.01433	0.01303	0.01563	0.80199	0.00977	0.02019	0.01433	0.01238	0.00782	0.00912	0.00651	0.00521	0.00456	0.00130	0.00912	0.00326	0.00261	0.00586
18	0.00735	0.00490	0.00552	0.00552	0.00552	0.00490	0.00306	0.00735	0.00735	0.00980	0.01593	0.03309	0.01838	0.82229	0.02574	0.00490	0.00490	0.00735	0.00306	0.00306
19	0.00955	0.00899	0.01517	0.81013	0.03483	0.01123	0.01404	0.01292	0.01011	0.01292	0.00899	0.01348	0.00674	0.00506	0.00506	0.00169	0.00674	0.00449	0.00225	0.00562
20	0.00735	0.00493	0.00564	0.00564	0.00568	0.00497	0.00322	0.00743	0.00739	0.00990	0.01582	0.03246	0.01811	0.78491	0.06274	0.00506	0.00531	0.00726	0.00305	0.00313
21	0.01014	0.02616	0.79609	0.01441	0.02189	0.01174	0.01868	0.01601	0.01068	0.01601	0.00907	0.01068	0.00641	0.00480	0.00480	0.00160	0.00747	0.00374	0.00214	0.00747
22	0.01043	0.06239	0.70350	0.01466	0.02181	0.01221	0.07409	0.01599	0.01075	0.01584	0.00907	0.01078	0.00650	0.00474	0.00482	0.00158	0.00746	0.00385	0.00217	0.00738
23	0.01049	0.00899	0.01049	0.00749	0.01198	0.00674	0.00599	0.01273	0.01049	0.01648	0.00899	0.01049	0.00749	0.00374	0.00374	0.00075	0.00374	0.00300	0.00300	0.85320
24	0.01352	0.82533	0.02650	0.00865	0.01298	0.02001	0.00865	0.01514	0.01027	0.01190	0.00703	0.00811	0.00649	0.00433	0.00324	0.00108	0.00541	0.00270	0.00216	0.00649
25	0.01863	0.01175	0.01369	0.01083	0.01439	0.10382	0.05866	0.10006	0.09337	0.39358	0.01561	0.01485	0.01070	0.00602	0.00564	0.00153	0.05102	0.00475	0.00489	0.06618
26	0.01131	0.30226	0.53021	0.01242	0.01881	0.01460	0.01522	0.01571	0.01054	0.01459	0.00837	0.00979	0.00643	0.00464	0.00427	0.00142	0.00676	0.00338	0.00214	0.00713
27	0.00734	0.00497	0.00588	0.00588	0.00600	0.00510	0.00352	0.00759	0.00746	0.01007	0.01560	0.03125	0.01759	0.71321	0.13373	0.00535	0.00610	0.00708	0.00301	0.00327
