[name]
unknown

[dist]
# distance from previous block
# <min> <max>
0	170

[block]
# block no. 0 follows, 47 sequences, length 14
# corresponding to MSA columns:
# 202-215
name=unknown_A
#
# <colnr> <probs for GDERKNQSTAVLIFYWHMCP>
#	G	D	E	R	K	N	Q	S	T	A	V	L	I	F	Y	W	H	M	C	P
0	0.00784	0.00560	0.00775	0.00895	0.00991	0.00551	0.00743	0.00983	0.01144	0.01496	0.02788	0.26385	0.03119	0.01491	0.00704	0.00232	0.00431	0.54983	0.00481	0.00464
1	0.01184	0.01167	0.02075	0.17861	0.42459	0.01230	0.14188	0.01504	0.01124	0.01572	0.00982	0.01354	0.00807	0.00661	0.04334	0.00199	0.05830	0.00493	0.00253	0.00723
2	0.01284	0.01254	0.01539	0.01312	0.01444	0.06815	0.03763	0.06142	0.19166	0.01609	0.01080	0.01333	0.00914	0.00803	0.01235	0.00203	0.48640	0.00486	0.00321	0.00656
3	0.00774	0.00620	0.00882	0.00855	0.00948	0.00728	0.00671	0.00948	0.00898	0.01271	0.04768	0.02356	0.10231	0.03155	0.58555	0.00665	0.10268	0.00624	0.00308	0.00475
4	0.01392	0.82012	0.02729	0.00891	0.01337	0.02061	0.00891	0.01559	0.01058	0.01225	0.00724	0.00835	0.00668	0.00446	0.00334	0.00111	0.00557	0.00278	0.00223	0.00668
5	0.00615	0.00528	0.00528	0.00528	0.00703	0.00440	0.00396	0.00747	0.01187	0.01407	0.05276	0.05012	0.78238	0.01319	0.00615	0.00176	0.00264	0.01099	0.00484	0.00440
6	0.00905	0.00452	0.00678	0.00678	0.00678	0.00452	0.00452	0.00678	0.00678	0.00905	0.00905	0.01583	0.00905	0.01809	0.02035	0.84848	0.00452	0.00452	0.00226	0.00226
7	0.32223	0.13064	0.03839	0.01012	0.01373	0.20667	0.00854	0.17944	0.01400	0.02100	0.00865	0.00963	0.00678	0.00522	0.00409	0.00146	0.00605	0.00338	0.00335	0.00665
8	0.04507	0.35152	0.04085	0.00957	0.01376	0.01479	0.00869	0.09336	0.10157	0.22730	0.01312	0.01275	0.00965	0.00548	0.00433	0.00139	0.00506	0.00404	0.00408	0.03363
9	0.01243	0.20951	0.01542	0.00991	0.03144	0.09533	0.00806	0.03085	0.04333	0.03831	0.06733	0.01666	0.07691	0.00841	0.05286	0.00179	0.09818	0.00473	0.00328	0.17527
10	0.03593	0.01175	0.10962	0.01160	0.07217	0.05536	0.02824	0.02839	0.10592	0.06536	0.03279	0.18718	0.03514	0.02844	0.00653	0.02202	0.02883	0.00693	0.00386	0.12394
11	0.11573	0.08917	0.01629	0.03435	0.04954	0.06788	0.14104	0.07449	0.08063	0.10652	0.04264	0.10463	0.01331	0.00674	0.00508	0.00161	0.00558	0.00587	0.00391	0.03499
12	0.05009	0.06943	0.18724	0.01166	0.03468	0.06810	0.04730	0.05820	0.07330	0.08130	0.08098	0.01500	0.01231	0.00703	0.02734	0.02588	0.02107	0.00463	0.00353	0.12094
13	0.03455	0.12029	0.12848	0.02974	0.01627	0.01211	0.10350	0.13637	0.07131	0.01863	0.01275	0.09317	0.01126	0.03538	0.00567	0.00160	0.00561	0.00537	0.00346	0.15448

[dist]
# distance from previous block
# <min> <max>
24	89

[block]
# block no. 1 follows, 47 sequences, length 14
# corresponding to MSA columns:
# 329-342
name=unknown_B
#
# <colnr> <probs for GDERKNQSTAVLIFYWHMCP>
#	G	D	E	R	K	N	Q	S	T	A	V	L	I	F	Y	W	H	M	C	P
0	0.04399	0.12486	0.09543	0.10749	0.03546	0.16220	0.03187	0.07421	0.03842	0.03242	0.05338	0.11684	0.01337	0.00770	0.02292	0.00172	0.00634	0.00565	0.00336	0.02237
1	0.07015	0.01151	0.07205	0.15858	0.04291	0.04136	0.12887	0.04283	0.05011	0.03468	0.06270	0.06588	0.07437	0.00709	0.00571	0.00168	0.02983	0.02785	0.00348	0.06835
2	0.08812	0.02850	0.01351	0.12195	0.01726	0.14658	0.03089	0.07436	0.26166	0.07028	0.01375	0.01423	0.01033	0.00581	0.00485	0.00155	0.00569	0.00458	0.00399	0.08212
3	0.07832	0.01394	0.01409	0.18717	0.09051	0.21049	0.02612	0.13674	0.03169	0.01805	0.05601	0.03382	0.04345	0.03078	0.00571	0.00169	0.00647	0.00510	0.00343	0.00642
4	0.06772	0.03268	0.01597	0.18460	0.16076	0.12920	0.03416	0.17165	0.03186	0.01945	0.07146	0.01433	0.01105	0.00585	0.00537	0.00159	0.02718	0.00475	0.00342	0.00695
5	0.05893	0.00909	0.01404	0.59622	0.02941	0.01060	0.01228	0.01436	0.01075	0.07892	0.01040	0.01388	0.00769	0.00522	0.00492	0.00162	0.00613	0.00446	0.03790	0.07316
6	0.01303	0.01212	0.01695	0.04609	0.07677	0.07873	0.18912	0.12598	0.09614	0.03810	0.01607	0.08378	0.05638	0.05386	0.02648	0.00208	0.05146	0.00644	0.00371	0.00670
7	0.14258	0.01100	0.02585	0.01256	0.13313	0.06083	0.00868	0.11253	0.01409	0.23466	0.06080	0.05113	0.07694	0.00695	0.00503	0.00159	0.00486	0.00563	0.00456	0.02660
8	0.01119	0.01035	0.01693	0.11763	0.49263	0.01038	0.01300	0.01387	0.01126	0.01591	0.01305	0.15541	0.01271	0.00672	0.00532	0.00161	0.00552	0.00632	0.00299	0.07721
9	0.00729	0.00526	0.00689	0.00661	0.00776	0.00486	0.00491	0.00962	0.01436	0.02028	0.72176	0.10062	0.04797	0.01110	0.00618	0.00168	0.00250	0.00985	0.00566	0.00486
10	0.00622	0.00501	0.00555	0.00599	0.00722	0.00434	0.00427	0.00739	0.01119	0.01379	0.04410	0.32470	0.51339	0.01431	0.00633	0.00189	0.00278	0.01236	0.00484	0.00434
11	0.01392	0.06413	0.01628	0.01331	0.01437	0.24645	0.01085	0.01516	0.01013	0.01258	0.00722	0.01062	0.00679	0.00773	0.01260	0.00193	0.52358	0.00410	0.00239	0.00586
12	0.00677	0.00478	0.00585	0.00653	0.00684	0.00453	0.00416	0.00738	0.00928	0.01222	0.02634	0.47299	0.09119	0.30062	0.01366	0.00313	0.00371	0.01192	0.00424	0.00386
13	0.00727	0.00492	0.00577	0.00607	0.00615	0.00485	0.00357	0.00749	0.00817	0.01089	0.01947	0.22802	0.02279	0.61778	0.02157	0.00432	0.00454	0.00937	0.00357	0.00342

[dist]
# distance from previous block
# <min> <max>
0	1

[block]
# block no. 2 follows, 47 sequences, length 33
# corresponding to MSA columns:
# 344-376
name=unknown_C
#
# <colnr> <probs for GDERKNQSTAVLIFYWHMCP>
#	G	D	E	R	K	N	Q	S	T	A	V	L	I	F	Y	W	H	M	C	P
0	0.01194	0.00949	0.01111	0.00801	0.01258	0.00743	0.00644	0.05045	0.01169	0.06101	0.01005	0.01127	0.00806	0.00412	0.00400	0.00086	0.00398	0.00328	0.00338	0.76085
1	0.00740	0.00529	0.00681	0.00645	0.00752	0.00493	0.00470	0.00955	0.01387	0.01957	0.68857	0.03831	0.04546	0.10881	0.00862	0.00205	0.00277	0.00919	0.00542	0.00470
2	0.01146	0.00965	0.01115	0.00803	0.01262	0.00762	0.00644	0.06826	0.01180	0.01813	0.00949	0.01092	0.00780	0.00403	0.00396	0.00083	0.00399	0.00320	0.00324	0.78738
3	0.00731	0.00532	0.00688	0.00649	0.00774	0.00489	0.00487	0.00971	0.01460	0.02055	0.74631	0.03945	0.08478	0.01077	0.00614	0.00164	0.00247	0.00949	0.00569	0.00489
4	0.01411	0.79273	0.02686	0.00907	0.01346	0.04731	0.00895	0.01577	0.01073	0.01227	0.00727	0.00839	0.00668	0.00449	0.00339	0.00112	0.00570	0.00280	0.00224	0.00666
5	0.52613	0.31451	0.01578	0.00835	0.01209	0.01557	0.00733	0.01610	0.01019	0.02003	0.00832	0.00990	0.00705	0.00539	0.00374	0.00161	0.00497	0.00317	0.00320	0.00657
6	0.01084	0.16757	0.59444	0.01329	0.01990	0.01320	0.01643	0.01579	0.01072	0.01540	0.00931	0.01123	0.00710	0.00742	0.06418	0.00206	0.00779	0.00379	0.00225	0.00729
7	0.00971	0.00485	0.00485	0.00485	0.00607	0.00485	0.00364	0.01213	0.01092	0.01942	0.01699	0.01942	0.01335	0.00607	0.00364	0.00121	0.00243	0.00485	0.84589	0.00485
8	0.00678	0.00489	0.00649	0.00760	0.00809	0.00468	0.00534	0.00825	0.02964	0.01396	0.04589	0.68603	0.03379	0.01572	0.00667	0.00213	0.00325	0.10154	0.00486	0.00441
9	0.01980	0.01459	0.01563	0.01198	0.01615	0.01615	0.00990	0.76713	0.02448	0.03282	0.01250	0.01250	0.00886	0.00625	0.00521	0.00156	0.00573	0.00469	0.00521	0.00886
10	0.01607	0.40913	0.08370	0.01125	0.01530	0.30162	0.01024	0.07119	0.01313	0.01424	0.00808	0.00924	0.00684	0.00495	0.00410	0.00127	0.00714	0.00321	0.00260	0.00669
11	0.01392	0.82012	0.02729	0.00891	0.01337	0.02061	0.00891	0.01559	0.01058	0.01225	0.00724	0.00835	0.00668	0.00446	0.00334	0.00111	0.00557	0.00278	0.00223	0.00668
12	0.80202	0.03557	0.00848	0.00712	0.01036	0.03619	0.00588	0.01549	0.00910	0.02269	0.00728	0.00849	0.00571	0.00484	0.00327	0.00159	0.00424	0.00284	0.00318	0.00568
13	0.00955	0.00887	0.01484	0.73987	0.03357	0.01098	0.01368	0.01281	0.01038	0.01330	0.01083	0.07868	0.00917	0.00611	0.00532	0.00177	0.00662	0.00545	0.00252	0.00566
14	0.00983	0.00926	0.01562	0.80447	0.03587	0.01157	0.01446	0.01331	0.01041	0.01331	0.00926	0.01388	0.00694	0.00521	0.00521	0.00174	0.00694	0.00463	0.00231	0.00579
15	0.01082	0.00850	0.00936	0.00903	0.01116	0.00864	0.00698	0.05456	0.25155	0.03422	0.03384	0.11994	0.27394	0.01186	0.00646	0.00208	0.00407	0.13112	0.00535	0.00652
16	0.85377	0.01007	0.00765	0.00685	0.01007	0.01168	0.00564	0.01531	0.00886	0.02336	0.00725	0.00846	0.00564	0.00483	0.00322	0.00161	0.00403	0.00282	0.00322	0.00564
17	0.01471	0.01648	0.01408	0.01266	0.01520	0.38248	0.08538	0.03301	0.11336	0.01533	0.01554	0.07997	0.01478	0.00812	0.00558	0.00171	0.00718	0.15469	0.00365	0.00610
18	0.00971	0.00485	0.00485	0.00485	0.00607	0.00485	0.00364	0.01213	0.01092	0.01942	0.01699	0.01942	0.01335	0.00607	0.00364	0.00121	0.00243	0.00485	0.84589	0.00485
19	0.00732	0.00514	0.00670	0.00758	0.00809	0.00501	0.00552	0.00846	0.00998	0.01318	0.02508	0.36583	0.02890	0.22837	0.01210	0.00298	0.00413	0.24715	0.00438	0.00412
20	0.01945	0.02482	0.01476	0.01342	0.01610	0.79608	0.01006	0.02079	0.01476	0.01275	0.00805	0.00939	0.00671	0.00537	0.00470	0.00134	0.00939	0.00335	0.00268	0.00604
21	0.01654	0.00763	0.00998	0.00821	0.01113	0.00686	0.00657	0.01936	0.05728	0.44899	0.26546	0.02673	0.07581	0.00827	0.00559	0.00164	0.00366	0.00699	0.00605	0.00727
22	0.00744	0.00558	0.00837	0.00837	0.00930	0.00651	0.00651	0.00930	0.00837	0.01209	0.01395	0.02046	0.01302	0.03906	0.79635	0.00837	0.01395	0.00558	0.00279	0.00465
23	0.01045	0.02694	0.79000	0.01484	0.02254	0.01209	0.01924	0.01649	0.01099	0.01649	0.00935	0.01099	0.00660	0.00495	0.00495	0.00165	0.00770	0.00385	0.00220	0.00770
24	0.00971	0.00485	0.00485	0.00485	0.00607	0.00485	0.00364	0.01213	0.01092	0.01942	0.01699	0.01942	0.01335	0.00607	0.00364	0.00121	0.00243	0.00485	0.84589	0.00485
25	0.00990	0.00934	0.01563	0.77293	0.03498	0.01174	0.01434	0.01327	0.01032	0.01327	0.00916	0.01378	0.00694	0.00536	0.00568	0.00176	0.03886	0.00463	0.00231	0.00578
26	0.01193	0.01070	0.01742	0.01362	0.03130	0.03843	0.30157	0.08481	0.01352	0.08360	0.02638	0.05717	0.26977	0.00820	0.00593	0.00172	0.00580	0.00776	0.00403	0.00635
27	0.03379	0.01284	0.02383	0.02817	0.52613	0.01261	0.25225	0.01619	0.01192	0.01707	0.00997	0.01314	0.00807	0.00457	0.00542	0.00161	0.00695	0.00507	0.00261	0.00780
28	0.64021	0.18455	0.01215	0.00755	0.01102	0.04488	0.00652	0.01559	0.00947	0.02056	0.00728	0.00847	0.00591	0.00477	0.00331	0.00149	0.00457	0.00283	0.00299	0.00588
29	0.85377	0.01007	0.00765	0.00685	0.01007	0.01168	0.00564	0.01531	0.00886	0.02336	0.00725	0.00846	0.00564	0.00483	0.00322	0.00161	0.00403	0.00282	0.00322	0.00564
30	0.01226	0.01181	0.03523	0.01542	0.03424	0.01147	0.34655	0.06013	0.19595	0.05088	0.01920	0.07746	0.09058	0.00700	0.00585	0.00176	0.00619	0.00701	0.00395	0.00706
31	0.02282	0.00974	0.01263	0.00968	0.01373	0.00895	0.00800	0.13862	0.01637	0.67280	0.01932	0.01693	0.01228	0.00642	0.00523	0.00160	0.00463	0.00515	0.00626	0.00886
32	0.01135	0.01088	0.01866	0.41422	0.35879	0.01203	0.05161	0.01495	0.02838	0.01527	0.00982	0.01359	0.00776	0.00496	0.00523	0.00166	0.00664	0.00474	0.00251	0.00697

[dist]
# distance from previous block
# <min> <max>
0	32

[block]
# block no. 3 follows, 47 sequences, length 30
# corresponding to MSA columns:
# 409-438
name=unknown_D
#
# <colnr> <probs for GDERKNQSTAVLIFYWHMCP>
#	G	D	E	R	K	N	Q	S	T	A	V	L	I	F	Y	W	H	M	C	P
0	0.00749	0.00513	0.00602	0.00594	0.00626	0.00507	0.00365	0.00805	0.00904	0.01226	0.15555	0.03485	0.04790	0.61208	0.05619	0.00448	0.00490	0.00792	0.00366	0.00358
1	0.00803	0.00895	0.12156	0.00809	0.01038	0.00660	0.00718	0.01183	0.09246	0.01789	0.33806	0.16729	0.15983	0.01083	0.00597	0.00175	0.00352	0.00942	0.00487	0.00547
2	0.02219	0.00938	0.01224	0.00953	0.01346	0.00859	0.00782	0.06346	0.08779	0.67658	0.02020	0.01762	0.01297	0.00649	0.00524	0.00162	0.00447	0.00527	0.00627	0.00880
3	0.01673	0.01518	0.01376	0.01167	0.01500	0.17368	0.00921	0.29095	0.35148	0.02389	0.01541	0.01490	0.01150	0.00643	0.00514	0.00161	0.00577	0.00494	0.00473	0.00801
4	0.00971	0.00485	0.00485	0.00485	0.00607	0.00485	0.00364	0.01213	0.01092	0.01942	0.01699	0.01942	0.01335	0.00607	0.00364	0.00121	0.00243	0.00485	0.84589	0.00485
5	0.01796	0.24020	0.01815	0.01220	0.01536	0.58606	0.00975	0.01939	0.01363	0.01261	0.00783	0.00911	0.00670	0.00512	0.00433	0.00128	0.00836	0.00320	0.00256	0.00621
6	0.10501	0.03432	0.30623	0.01334	0.01848	0.01227	0.12988	0.03263	0.20307	0.04358	0.04146	0.01453	0.01086	0.00565	0.00506	0.00168	0.00618	0.00485	0.00348	0.00743
7	0.01186	0.01807	0.35168	0.01245	0.01747	0.01258	0.01305	0.02279	0.44135	0.01947	0.01602	0.01575	0.01183	0.00614	0.00515	0.00172	0.00568	0.00500	0.00394	0.00800
8	0.00657	0.00536	0.00585	0.00591	0.00754	0.00464	0.00456	0.00816	0.01230	0.01522	0.15675	0.04938	0.59639	0.01294	0.00626	0.00181	0.00284	0.08804	0.00496	0.00451
9	0.01662	0.01151	0.01244	0.01018	0.01337	0.04520	0.00811	0.31376	0.16300	0.15835	0.13015	0.01963	0.01732	0.04844	0.00644	0.00179	0.00483	0.00581	0.00531	0.00774
10	0.01949	0.02380	0.01484	0.01327	0.01610	0.71869	0.01005	0.09485	0.01572	0.01474	0.00849	0.00970	0.00692	0.00545	0.00475	0.00136	0.00903	0.00349	0.00293	0.00632
11	0.01945	0.02482	0.01476	0.01342	0.01610	0.79608	0.01006	0.02079	0.01476	0.01275	0.00805	0.00939	0.00671	0.00537	0.00470	0.00134	0.00939	0.00335	0.00268	0.00604
12	0.00647	0.00529	0.00576	0.00595	0.00750	0.00458	0.00453	0.00794	0.01192	0.01461	0.09624	0.11023	0.59988	0.01339	0.00630	0.00184	0.00287	0.08534	0.00489	0.00446
13	0.01295	0.01119	0.01178	0.01060	0.01354	0.01295	0.00824	0.02767	0.77509	0.02178	0.02120	0.01943	0.01590	0.00707	0.00530	0.00177	0.00412	0.00589	0.00530	0.00824
14	0.00744	0.00558	0.00837	0.00837	0.00930	0.00651	0.00651	0.00930	0.00837	0.01209	0.01395	0.02046	0.01302	0.03906	0.79635	0.00837	0.01395	0.00558	0.00279	0.00465
15	0.00682	0.00498	0.00565	0.00597	0.00658	0.00464	0.00384	0.00746	0.00950	0.01213	0.03062	0.24182	0.25426	0.36508	0.01517	0.00329	0.00379	0.01049	0.00410	0.00381
16	0.00781	0.00583	0.00732	0.00692	0.00828	0.00562	0.00519	0.01131	0.08490	0.02046	0.65907	0.06912	0.06700	0.01062	0.00609	0.00167	0.00264	0.00936	0.00563	0.00518
17	0.01980	0.01459	0.01563	0.01198	0.01615	0.01615	0.00990	0.76713	0.02448	0.03282	0.01250	0.01250	0.00886	0.00625	0.00521	0.00156	0.00573	0.00469	0.00521	0.00886
18	0.01080	0.00926	0.01080	0.00771	0.01234	0.00694	0.00617	0.01311	0.01080	0.01697	0.00926	0.01080	0.00771	0.00386	0.00386	0.00077	0.00386	0.00309	0.00309	0.84882
19	0.13734	0.01517	0.08525	0.01532	0.12894	0.09848	0.08197	0.24142	0.01563	0.09134	0.01096	0.01209	0.00808	0.00553	0.00528	0.00159	0.02985	0.00437	0.00378	0.00763
20	0.00757	0.00505	0.00568	0.00568	0.00568	0.00505	0.00316	0.00757	0.00757	0.01010	0.01641	0.03408	0.01893	0.81698	0.02651	0.00505	0.00505	0.00757	0.00316	0.00316
21	0.01080	0.00926	0.01080	0.00771	0.01234	0.00694	0.00617	0.01311	0.01080	0.01697	0.00926	0.01080	0.00771	0.00386	0.00386	0.00077	0.00386	0.00309	0.00309	0.84882
22	0.17569	0.01231	0.01326	0.01035	0.01430	0.01319	0.00854	0.44128	0.01918	0.22058	0.01354	0.01306	0.00927	0.00604	0.00485	0.00158	0.00509	0.00448	0.00515	0.00826
23	0.00699	0.00499	0.00566	0.00591	0.00638	0.00473	0.00369	0.00748	0.00906	0.01167	0.02731	0.19905	0.19764	0.46655	0.01772	0.00369	0.00408	0.00985	0.00389	0.00366
24	0.00802	0.00574	0.00791	0.00876	0.00990	0.00563	0.00738	0.01032	0.01243	0.01655	0.19015	0.11112	0.03444	0.01372	0.00693	0.00221	0.00416	0.53487	0.00500	0.00478
25	0.01100	0.00943	0.01089	0.00798	0.01245	0.00750	0.00636	0.01446	0.08161	0.01742	0.01036	0.01160	0.00847	0.00415	0.00399	0.00086	0.00388	0.00334	0.00329	0.77094
26	0.01509	0.01444	0.08761	0.06698	0.19123	0.07073	0.01204	0.28599	0.03032	0.03594	0.01195	0.01562	0.00978	0.04768	0.00692	0.00182	0.04715	0.03745	0.00372	0.00756
27	0.01686	0.33156	0.05930	0.01175	0.01538	0.45693	0.01009	0.01857	0.01295	0.01275	0.00780	0.00907	0.00669	0.00499	0.00419	0.00127	0.00783	0.00316	0.00248	0.00637
28	0.00798	0.00602	0.00829	0.04993	0.08273	0.00611	0.00621	0.00919	0.00959	0.01293	0.05806	0.19021	0.04051	0.33169	0.07717	0.00369	0.00534	0.08625	0.00371	0.00440
29	0.17141	0.01368	0.08649	0.01080	0.01468	0.01377	0.00939	0.28628	0.29399	0.02548	0.01440	0.01413	0.01061	0.00616	0.00485	0.00165	0.00501	0.00470	0.00459	0.00792

[dist]
# distance from previous block
# <min> <max>
0	1

[block]
# block no. 4 follows, 47 sequences, length 47
# corresponding to MSA columns:
# 440-486
name=unknown_E
#
# <colnr> <probs for GDERKNQSTAVLIFYWHMCP>
#	G	D	E	R	K	N	Q	S	T	A	V	L	I	F	Y	W	H	M	C	P
0	0.30267	0.08096	0.01230	0.00926	0.01263	0.15368	0.00749	0.14060	0.02995	0.02069	0.03317	0.04843	0.00960	0.00577	0.00420	0.00143	0.00529	0.00408	0.00355	0.11424
1	0.00971	0.00485	0.00485	0.00485	0.00607	0.00485	0.00364	0.01213	0.01092	0.01942	0.01699	0.01942	0.01335	0.00607	0.00364	0.00121	0.00243	0.00485	0.84589	0.00485
2	0.01628	0.01604	0.01850	0.04715	0.24802	0.20318	0.09022	0.23143	0.04278	0.02048	0.01060	0.01232	0.00823	0.00535	0.00517	0.00154	0.00706	0.00454	0.00344	0.00767
3	0.00648	0.00467	0.00613	0.00712	0.00752	0.00444	0.00479	0.00742	0.00982	0.01306	0.02830	0.67075	0.07336	0.06762	0.05965	0.00269	0.00384	0.01354	0.00460	0.00420
4	0.01206	0.01153	0.01964	0.24131	0.58162	0.01216	0.01557	0.01526	0.01147	0.01601	0.00965	0.01316	0.00789	0.00479	0.00517	0.00160	0.00639	0.00464	0.00251	0.00758
5	0.00665	0.00530	0.00596	0.00580	0.00734	0.00461	0.00435	0.00844	0.01304	0.01685	0.35083	0.04553	0.48257	0.01215	0.00615	0.00171	0.00256	0.01035	0.00520	0.00461
6	0.01255	0.01255	0.04101	0.09597	0.67429	0.01233	0.04325	0.01580	0.01173	0.01668	0.00977	0.01297	0.00808	0.00469	0.00519	0.00157	0.00638	0.00467	0.00255	0.00798
7	0.00687	0.00493	0.00662	0.00773	0.00832	0.00468	0.00566	0.00821	0.01070	0.01417	0.05911	0.58128	0.05462	0.01554	0.00674	0.00215	0.00341	0.19000	0.00486	0.00440
8	0.00799	0.00577	0.00787	0.00887	0.01004	0.00565	0.00753	0.01018	0.01200	0.01564	0.08073	0.12009	0.08738	0.01421	0.00700	0.00228	0.00433	0.58287	0.00487	0.00473
9	0.04863	0.01773	0.01490	0.04384	0.01661	0.29283	0.00993	0.41871	0.04681	0.02418	0.01092	0.01156	0.00815	0.00587	0.00496	0.00150	0.00696	0.00419	0.00413	0.00760
10	0.01440	0.35422	0.11412	0.01055	0.01488	0.17421	0.00998	0.01665	0.01161	0.04807	0.00858	0.00984	0.00714	0.00487	0.00453	0.00124	0.03822	0.00326	0.00265	0.15097
11	0.01243	0.48049	0.35387	0.01145	0.01729	0.01696	0.01333	0.01598	0.01076	0.01407	0.00814	0.00948	0.00665	0.00467	0.00403	0.00134	0.00648	0.00324	0.00222	0.00712
12	0.00644	0.00529	0.00567	0.00557	0.00721	0.00452	0.00418	0.00802	0.01254	0.01566	0.22306	0.04750	0.61108	0.01259	0.00615	0.00173	0.00260	0.01062	0.00505	0.00452
13	0.01927	0.01433	0.01533	0.01188	0.01595	0.01590	0.00977	0.71024	0.08223	0.03197	0.01317	0.01304	0.00940	0.00631	0.00522	0.00158	0.00561	0.00478	0.00522	0.00881
14	0.01229	0.01405	0.03073	0.02195	0.02722	0.01317	0.76558	0.01668	0.01229	0.01668	0.01054	0.01405	0.00790	0.00439	0.00615	0.00176	0.00878	0.00615	0.00263	0.00702
15	0.00653	0.00475	0.00615	0.00694	0.00755	0.00438	0.00477	0.00777	0.01106	0.01482	0.17573	0.59716	0.10325	0.01495	0.00651	0.00199	0.00288	0.01343	0.00501	0.00438
16	0.01064	0.01008	0.01708	0.59983	0.23418	0.01178	0.01487	0.01401	0.01080	0.01429	0.00940	0.01362	0.00729	0.00506	0.00519	0.00169	0.00674	0.00463	0.00238	0.00644
17	0.00660	0.00504	0.00556	0.00584	0.00677	0.00454	0.00393	0.00745	0.01023	0.01277	0.03705	0.21870	0.39754	0.24053	0.01200	0.00277	0.00340	0.01089	0.00436	0.00401
18	0.01376	0.78205	0.06390	0.00920	0.01381	0.02020	0.00941	0.01564	0.01060	0.01246	0.00734	0.00848	0.00668	0.00448	0.00342	0.00114	0.00567	0.00284	0.00223	0.00673
19	0.00749	0.00501	0.00570	0.00579	0.00581	0.00499	0.00327	0.00755	0.00773	0.01031	0.01724	0.08667	0.01998	0.76296	0.02517	0.00485	0.00491	0.00806	0.00327	0.00323
20	0.00877	0.00801	0.00996	0.00929	0.01020	0.04506	0.00734	0.01024	0.00965	0.01304	0.04468	0.06864	0.19383	0.02066	0.28168	0.00418	0.23940	0.00708	0.00332	0.00494
21	0.01139	0.01139	0.01595	0.01367	0.01367	0.01595	0.01139	0.01253	0.00798	0.01253	0.00684	0.01139	0.00684	0.00911	0.01709	0.00228	0.80745	0.00456	0.00228	0.00570
22	0.00757	0.00505	0.00568	0.00568	0.00568	0.00505	0.00316	0.00757	0.00757	0.01010	0.01641	0.03408	0.01893	0.81698	0.02651	0.00505	0.00505	0.00757	0.00316	0.00316
23	0.01749	0.01131	0.01271	0.01038	0.01393	0.01207	0.00837	0.26066	0.29156	0.22785	0.02008	0.01854	0.05692	0.00699	0.00530	0.00166	0.00463	0.00563	0.00555	0.00838
24	0.00657	0.00469	0.00629	0.00744	0.00786	0.00442	0.00516	0.00767	0.01033	0.01378	0.05604	0.71623	0.03457	0.01593	0.00668	0.00212	0.00316	0.08188	0.00486	0.00431
25	0.77449	0.01050	0.00841	0.00734	0.01065	0.01211	0.00604	0.08678	0.01035	0.02426	0.00775	0.00884	0.00595	0.00497	0.00341	0.00161	0.00419	0.00300	0.00341	0.00595
26	0.01229	0.01405	0.03073	0.02195	0.02722	0.01317	0.76558	0.01668	0.01229	0.01668	0.01054	0.01405	0.00790	0.00439	0.00615	0.00176	0.00878	0.00615	0.00263	0.00702
27	0.01080	0.00926	0.01080	0.00771	0.01234	0.00694	0.00617	0.01311	0.01080	0.01697	0.00926	0.01080	0.00771	0.00386	0.00386	0.00077	0.00386	0.00309	0.00309	0.84882
28	0.01945	0.02482	0.01476	0.01342	0.01610	0.79608	0.01006	0.02079	0.01476	0.01275	0.00805	0.00939	0.00671	0.00537	0.00470	0.00134	0.00939	0.00335	0.00268	0.00604
29	0.00983	0.00926	0.01562	0.80447	0.03587	0.01157	0.01446	0.01331	0.01041	0.01331	0.00926	0.01388	0.00694	0.00521	0.00521	0.00174	0.00694	0.00463	0.00231	0.00579
30	0.01100	0.00941	0.01530	0.68815	0.05103	0.01140	0.01369	0.01498	0.05297	0.06646	0.01069	0.01443	0.00787	0.00538	0.00521	0.00172	0.00660	0.00474	0.00277	0.00619
31	0.01382	0.01185	0.01225	0.01081	0.01387	0.03119	0.00846	0.10490	0.67915	0.02273	0.01999	0.01848	0.01495	0.00694	0.00528	0.00174	0.00441	0.00570	0.00523	0.00826
32	0.85377	0.01007	0.00765	0.00685	0.01007	0.01168	0.00564	0.01531	0.00886	0.02336	0.00725	0.00846	0.00564	0.00483	0.00322	0.00161	0.00403	0.00282	0.00322	0.00564
33	0.00779	0.02606	0.00751	0.00660	0.00810	0.00563	0.00504	0.03718	0.01452	0.01998	0.61393	0.03903	0.16770	0.01075	0.00604	0.00164	0.00268	0.00934	0.00548	0.00502
34	0.00971	0.00485	0.00485	0.00485	0.00607	0.00485	0.00364	0.01213	0.01092	0.01942	0.01699	0.01942	0.01335	0.00607	0.00364	0.00121	0.00243	0.00485	0.84589	0.00485
35	0.01223	0.43446	0.39813	0.01180	0.01783	0.01647	0.01393	0.01603	0.01078	0.01431	0.00826	0.00964	0.00664	0.00469	0.00412	0.00137	0.00660	0.00330	0.00221	0.00718
36	0.75108	0.01153	0.00856	0.00761	0.01081	0.08103	0.00618	0.04202	0.00993	0.02276	0.00750	0.00868	0.00585	0.00493	0.00342	0.00159	0.00456	0.00293	0.00324	0.00579
37	0.01392	0.82012	0.02729	0.00891	0.01337	0.02061	0.00891	0.01559	0.01058	0.01225	0.00724	0.00835	0.00668	0.00446	0.00334	0.00111	0.00557	0.00278	0.00223	0.00668
38	0.00880	0.00649	0.00737	0.00709	0.00849	0.04859	0.00526	0.01074	0.01351	0.07132	0.45550	0.18279	0.13130	0.01144	0.00610	0.00172	0.00310	0.01000	0.00533	0.00506
39	0.00757	0.00505	0.00568	0.00568	0.00568	0.00505	0.00316	0.00757	0.00757	0.01010	0.01641	0.03408	0.01893	0.81698	0.02651	0.00505	0.00505	0.00757	0.00316	0.00316
40	0.01625	0.01429	0.03328	0.16329	0.07959	0.14239	0.08522	0.19396	0.08282	0.11839	0.01248	0.01368	0.00909	0.00567	0.00522	0.00160	0.00663	0.00475	0.00389	0.00751
41	0.00652	0.00504	0.00595	0.00625	0.00739	0.00447	0.00449	0.00799	0.01196	0.01551	0.22696	0.30139	0.35020	0.01359	0.00632	0.00185	0.00272	0.01187	0.00506	0.00447
42	0.17573	0.05658	0.01135	0.00896	0.01193	0.12543	0.00719	0.19438	0.04136	0.04410	0.07277	0.02206	0.19250	0.00771	0.00494	0.00157	0.00488	0.00589	0.00428	0.00637
43	0.85377	0.01007	0.00765	0.00685	0.01007	0.01168	0.00564	0.01531	0.00886	0.02336	0.00725	0.00846	0.00564	0.00483	0.00322	0.00161	0.00403	0.00282	0.00322	0.00564
44	0.85377	0.01007	0.00765	0.00685	0.01007	0.01168	0.00564	0.01531	0.00886	0.02336	0.00725	0.00846	0.00564	0.00483	0.00322	0.00161	0.00403	0.00282	0.00322	0.00564
45	0.03996	0.00860	0.00977	0.00759	0.01129	0.00719	0.00600	0.03805	0.05392	0.03871	0.07615	0.03701	0.11932	0.00631	0.00455	0.00114	0.00366	0.00519	0.00386	0.52174
46	0.28055	0.01111	0.01107	0.00921	0.01231	0.01235	0.00734	0.32550	0.07464	0.04242	0.03370	0.05220	0.01175	0.08593	0.00677	0.00196	0.00476	0.00509	0.00441	0.00691

[dist]
# distance from previous block
# <min> <max>
0	1

[block]
# block no. 5 follows, 47 sequences, length 12
# corresponding to MSA columns:
# 490-501
name=unknown_F
#
# <colnr> <probs for GDERKNQSTAVLIFYWHMCP>
#	G	D	E	R	K	N	Q	S	T	A	V	L	I	F	Y	W	H	M	C	P
0	0.01473	0.01427	0.05249	0.01022	0.01418	0.19240	0.00839	0.04325	0.15005	0.09420	0.01236	0.01278	0.00945	0.00518	0.00455	0.00124	0.00551	0.00396	0.00375	0.34706
1	0.00715	0.00498	0.00569	0.00592	0.00622	0.00480	0.00358	0.00750	0.00861	0.01124	0.02370	0.18356	0.12632	0.55572	0.01997	0.00404	0.00434	0.00941	0.00370	0.00353
2	0.01597	0.16734	0.01607	0.01051	0.01419	0.03755	0.00881	0.38048	0.16583	0.02444	0.03810	0.01651	0.06838	0.00668	0.00495	0.00153	0.00517	0.00512	0.00457	0.00780
3	0.00640	0.00472	0.00602	0.00702	0.00761	0.00433	0.00484	0.00744	0.01037	0.01352	0.03266	0.65392	0.15869	0.01571	0.00659	0.00207	0.00303	0.04593	0.00483	0.00428
4	0.00971	0.00485	0.00485	0.00485	0.00607	0.00485	0.00364	0.01213	0.01092	0.01942	0.01699	0.01942	0.01335	0.00607	0.00364	0.00121	0.00243	0.00485	0.84589	0.00485
5	0.85377	0.01007	0.00765	0.00685	0.01007	0.01168	0.00564	0.01531	0.00886	0.02336	0.00725	0.00846	0.00564	0.00483	0.00322	0.00161	0.00403	0.00282	0.00322	0.00564
6	0.01229	0.01405	0.03073	0.02195	0.02722	0.01317	0.76558	0.01668	0.01229	0.01668	0.01054	0.01405	0.00790	0.00439	0.00615	0.00176	0.00878	0.00615	0.00263	0.00702
7	0.01945	0.02482	0.01476	0.01342	0.01610	0.79608	0.01006	0.02079	0.01476	0.01275	0.00805	0.00939	0.00671	0.00537	0.00470	0.00134	0.00939	0.00335	0.00268	0.00604
8	0.01976	0.01555	0.01555	0.01212	0.01614	0.08948	0.00991	0.69696	0.02357	0.03093	0.01208	0.01221	0.00865	0.00617	0.00516	0.00154	0.00607	0.00456	0.00497	0.00859
9	0.79206	0.00998	0.00798	0.00703	0.01031	0.01138	0.00579	0.01606	0.00931	0.08019	0.00824	0.00915	0.00618	0.00495	0.00337	0.00161	0.00406	0.00300	0.00346	0.00588
10	0.01229	0.01405	0.03073	0.02195	0.02722	0.01317	0.76558	0.01668	0.01229	0.01668	0.01054	0.01405	0.00790	0.00439	0.00615	0.00176	0.00878	0.00615	0.00263	0.00702
11	0.01139	0.01139	0.01595	0.01367	0.01367	0.01595	0.01139	0.01253	0.00798	0.01253	0.00684	0.01139	0.00684	0.00911	0.01709	0.00228	0.80745	0.00456	0.00228	0.00570

[dist]
# distance from previous block
# <min> <max>
11	40

[block]
# block no. 6 follows, 47 sequences, length 101
# corresponding to MSA columns:
# 545-645
name=unknown_G
#
# <colnr> <probs for GDERKNQSTAVLIFYWHMCP>
#	G	D	E	R	K	N	Q	S	T	A	V	L	I	F	Y	W	H	M	C	P
0	0.03421	0.33710	0.16514	0.01116	0.01560	0.13248	0.01100	0.10611	0.05762	0.01660	0.01052	0.01343	0.00896	0.00571	0.00443	0.00144	0.00639	0.05212	0.00301	0.00698
1	0.01041	0.01446	0.21501	0.20727	0.02376	0.01078	0.19010	0.01473	0.03221	0.01573	0.01404	0.01854	0.05968	0.00603	0.00543	0.00167	0.00674	0.05749	0.00286	0.09305
2	0.00954	0.01419	0.28720	0.01107	0.01493	0.00865	0.08107	0.01310	0.03916	0.03126	0.03516	0.10738	0.06210	0.19090	0.01023	0.00246	0.00579	0.02054	0.00329	0.05199
3	0.00632	0.00521	0.00556	0.00562	0.00717	0.00444	0.00416	0.00774	0.01205	0.01484	0.14076	0.11954	0.62226	0.01316	0.00620	0.00178	0.00265	0.01115	0.00495	0.00444
4	0.01280	0.29372	0.38361	0.01298	0.05308	0.06384	0.01397	0.01662	0.01144	0.05111	0.03579	0.01136	0.00847	0.00506	0.00445	0.00144	0.00668	0.00375	0.00258	0.00723
5	0.00623	0.00509	0.00552	0.00581	0.00719	0.00437	0.00421	0.00748	0.01146	0.01405	0.06552	0.24467	0.57249	0.01392	0.00628	0.00185	0.00273	0.01192	0.00486	0.00437
6	0.01639	0.04845	0.17864	0.01294	0.03259	0.31969	0.01153	0.19428	0.01578	0.03759	0.03938	0.02996	0.00984	0.02371	0.00542	0.00157	0.00735	0.00440	0.00342	0.00704
7	0.00704	0.00520	0.00673	0.00770	0.00861	0.00489	0.00594	0.00856	0.01106	0.01426	0.03298	0.39472	0.17852	0.01502	0.00675	0.00215	0.00358	0.27700	0.00482	0.00446
8	0.03615	0.02243	0.01528	0.01492	0.08718	0.64293	0.01054	0.06192	0.01474	0.01449	0.00841	0.00992	0.00695	0.00543	0.00506	0.00140	0.02947	0.00357	0.00282	0.00638
9	0.00703	0.00483	0.00589	0.00640	0.00659	0.00468	0.00396	0.00752	0.00891	0.01193	0.05211	0.37677	0.02694	0.43326	0.01697	0.00362	0.00406	0.01082	0.00400	0.00370
10	0.02027	0.01283	0.01413	0.01185	0.05012	0.07589	0.00919	0.32473	0.08056	0.32171	0.01584	0.01485	0.01079	0.00625	0.00518	0.00158	0.00542	0.00489	0.00537	0.00855
11	0.01582	0.01486	0.01893	0.04256	0.05509	0.13643	0.21007	0.25073	0.05343	0.03931	0.01129	0.01275	0.00848	0.00528	0.00523	0.00151	0.00686	0.00475	0.00370	0.10292
12	0.00983	0.00926	0.01562	0.80447	0.03587	0.01157	0.01446	0.01331	0.01041	0.01331	0.00926	0.01388	0.00694	0.00521	0.00521	0.00174	0.00694	0.00463	0.00231	0.00579
13	0.01208	0.00863	0.00956	0.00832	0.00998	0.00918	0.00600	0.29811	0.01450	0.01943	0.03068	0.13280	0.01776	0.38224	0.01526	0.00325	0.00498	0.00750	0.00422	0.00552
14	0.00740	0.00574	0.00860	0.00827	0.00912	0.00544	0.08255	0.00863	0.01020	0.01379	0.11957	0.43391	0.02963	0.21871	0.01160	0.00277	0.00406	0.01138	0.00429	0.00433
15	0.01498	0.00948	0.01144	0.00849	0.01285	0.00784	0.00687	0.05262	0.04615	0.24299	0.01323	0.01328	0.00964	0.00487	0.00439	0.00110	0.00412	0.00391	0.00426	0.52749
16	0.01044	0.00945	0.01430	0.01178	0.01455	0.00952	0.20001	0.07623	0.18800	0.01785	0.02558	0.21702	0.16314	0.00973	0.00600	0.00183	0.00489	0.00900	0.00441	0.00627
17	0.00983	0.00926	0.01562	0.80447	0.03587	0.01157	0.01446	0.01331	0.01041	0.01331	0.00926	0.01388	0.00694	0.00521	0.00521	0.00174	0.00694	0.00463	0.00231	0.00579
18	0.00630	0.00469	0.00588	0.00684	0.00744	0.00426	0.00465	0.00730	0.01037	0.01346	0.03375	0.65332	0.19145	0.01566	0.00654	0.00204	0.00294	0.01400	0.00483	0.00426
19	0.00905	0.00452	0.00678	0.00678	0.00678	0.00452	0.00452	0.00678	0.00678	0.00905	0.00905	0.01583	0.00905	0.01809	0.02035	0.84848	0.00452	0.00452	0.00226	0.00226
20	0.01059	0.05992	0.75828	0.01460	0.02216	0.01245	0.01881	0.01645	0.01098	0.01632	0.00926	0.01088	0.00660	0.00493	0.00488	0.00163	0.00761	0.00380	0.00220	0.00765
21	0.00666	0.00541	0.00599	0.00626	0.00785	0.00474	0.00493	0.00823	0.01193	0.01455	0.06692	0.06948	0.58760	0.01344	0.00638	0.00190	0.00309	0.16530	0.00485	0.00449
22	0.01240	0.01069	0.01586	0.57730	0.06388	0.01272	0.01342	0.19729	0.01391	0.01823	0.01007	0.01350	0.00747	0.00544	0.00521	0.00169	0.00661	0.00464	0.00303	0.00664
23	0.00681	0.00526	0.00622	0.00606	0.00746	0.00467	0.00451	0.00872	0.01331	0.01768	0.44170	0.08161	0.35326	0.01198	0.00617	0.00171	0.00256	0.01034	0.00532	0.00467
24	0.01602	0.00963	0.01141	0.00935	0.01240	0.00983	0.00749	0.21568	0.12942	0.24301	0.25058	0.02306	0.02332	0.00777	0.00551	0.00163	0.00412	0.00646	0.00573	0.00757
25	0.01229	0.01405	0.03073	0.02195	0.02722	0.01317	0.76558	0.01668	0.01229	0.01668	0.01054	0.01405	0.00790	0.00439	0.00615	0.00176	0.00878	0.00615	0.00263	0.00702
26	0.00621	0.00528	0.00535	0.00534	0.00707	0.00442	0.00400	0.00758	0.01200	0.01439	0.08688	0.04959	0.74806	0.01307	0.00615	0.00175	0.00263	0.01092	0.00488	0.00442
27	0.01163	0.00975	0.01125	0.00811	0.01269	0.00780	0.00652	0.08304	0.01207	0.01844	0.00956	0.01096	0.00782	0.00408	0.00398	0.00084	0.00403	0.00323	0.00328	0.77092
28	0.00752	0.00502	0.00570	0.00575	0.00577	0.00501	0.00323	0.00756	0.00769	0.01025	0.01698	0.07056	0.01966	0.77951	0.02558	0.00491	0.00495	0.00791	0.00323	0.00321
29	0.04236	0.01479	0.01515	0.01177	0.01579	0.05595	0.00967	0.69215	0.02329	0.03113	0.01297	0.01302	0.02488	0.00631	0.00515	0.00156	0.00581	0.00470	0.00502	0.00853
30	0.01292	0.01319	0.02808	0.02024	0.02518	0.01231	0.66896	0.01696	0.01240	0.07930	0.01218	0.05108	0.00953	0.00510	0.00609	0.00176	0.00816	0.00647	0.00305	0.00704
31	0.00997	0.00940	0.01587	0.76898	0.07026	0.01161	0.01453	0.01343	0.01048	0.01348	0.00928	0.01384	0.00700	0.00518	0.00520	0.00173	0.00691	0.00463	0.00233	0.00590
32	0.02240	0.01041	0.01304	0.01000	0.01407	0.00995	0.00826	0.22569	0.01749	0.58414	0.01837	0.01631	0.01180	0.00639	0.00523	0.00160	0.00478	0.00509	0.00611	0.00886
33	0.01080	0.00926	0.01080	0.00771	0.01234	0.00694	0.00617	0.01311	0.01080	0.01697	0.00926	0.01080	0.00771	0.00386	0.00386	0.00077	0.00386	0.00309	0.00309	0.84882
34	0.01921	0.01049	0.01256	0.00991	0.01359	0.01049	0.00808	0.24712	0.10072	0.37983	0.09610	0.01835	0.01560	0.00682	0.00530	0.00160	0.00457	0.00552	0.00580	0.02833
35	0.85377	0.01007	0.00765	0.00685	0.01007	0.01168	0.00564	0.01531	0.00886	0.02336	0.00725	0.00846	0.00564	0.00483	0.00322	0.00161	0.00403	0.00282	0.00322	0.00564
36	0.00971	0.00485	0.00485	0.00485	0.00607	0.00485	0.00364	0.01213	0.01092	0.01942	0.01699	0.01942	0.01335	0.00607	0.00364	0.00121	0.00243	0.00485	0.84589	0.00485
37	0.00696	0.00497	0.00675	0.00796	0.00853	0.00476	0.00591	0.00832	0.01058	0.01398	0.02836	0.58627	0.03310	0.01573	0.00681	0.00220	0.00356	0.23604	0.00482	0.00440
38	0.01229	0.01405	0.03073	0.02195	0.02722	0.01317	0.76558	0.01668	0.01229	0.01668	0.01054	0.01405	0.00790	0.00439	0.00615	0.00176	0.00878	0.00615	0.00263	0.00702
39	0.00744	0.00558	0.00837	0.00837	0.00930	0.00651	0.00651	0.00930	0.00837	0.01209	0.01395	0.02046	0.01302	0.03906	0.79635	0.00837	0.01395	0.00558	0.00279	0.00465
40	0.00929	0.00802	0.01078	0.00974	0.00989	0.01024	0.00744	0.01010	0.00788	0.01152	0.01166	0.02158	0.01249	0.32478	0.14606	0.00432	0.37106	0.00588	0.00270	0.00455
41	0.01314	0.01128	0.01188	0.01064	0.01361	0.01304	0.00829	0.04829	0.75417	0.02209	0.02095	0.01924	0.01570	0.00704	0.00530	0.00176	0.00417	0.00585	0.00530	0.00826
42	0.85377	0.01007	0.00765	0.00685	0.01007	0.01168	0.00564	0.01531	0.00886	0.02336	0.00725	0.00846	0.00564	0.00483	0.00322	0.00161	0.00403	0.00282	0.00322	0.00564
43	0.01359	0.07756	0.01275	0.02424	0.01329	0.10239	0.00806	0.08273	0.37138	0.05404	0.08606	0.07279	0.04357	0.00768	0.00525	0.00165	0.00477	0.00628	0.00473	0.00720
44	0.01053	0.04637	0.77131	0.01470	0.02231	0.01230	0.01899	0.01647	0.01098	0.01639	0.00929	0.01093	0.00660	0.00494	0.00491	0.00164	0.00764	0.00382	0.00220	0.00767
45	0.85377	0.01007	0.00765	0.00685	0.01007	0.01168	0.00564	0.01531	0.00886	0.02336	0.00725	0.00846	0.00564	0.00483	0.00322	0.00161	0.00403	0.00282	0.00322	0.00564
46	0.00663	0.00512	0.00602	0.00614	0.00737	0.00455	0.00445	0.00822	0.01233	0.01610	0.29103	0.21332	0.35695	0.02968	0.00668	0.00186	0.00271	0.01123	0.00510	0.00451
47	0.00696	0.00538	0.00636	0.00686	0.00813	0.00490	0.00534	0.00848	0.01141	0.01427	0.05355	0.14887	0.39658	0.07046	0.00796	0.00222	0.00349	0.22965	0.00472	0.00442
48	0.01229	0.01405	0.03073	0.02195	0.02722	0.01317	0.76558	0.01668	0.01229	0.01668	0.01054	0.01405	0.00790	0.00439	0.00615	0.00176	0.00878	0.00615	0.00263	0.00702
49	0.01295	0.01119	0.01178	0.01060	0.01354	0.01295	0.00824	0.02767	0.77509	0.02178	0.02120	0.01943	0.01590	0.00707	0.00530	0.00177	0.00412	0.00589	0.00530	0.00824
50	0.00757	0.00505	0.00568	0.00568	0.00568	0.00505	0.00316	0.00757	0.00757	0.01010	0.01641	0.03408	0.01893	0.81698	0.02651	0.00505	0.00505	0.00757	0.00316	0.00316
51	0.01945	0.02482	0.01476	0.01342	0.01610	0.79608	0.01006	0.02079	0.01476	0.01275	0.00805	0.00939	0.00671	0.00537	0.00470	0.00134	0.00939	0.00335	0.00268	0.00604
52	0.00756	0.00509	0.00588	0.00588	0.00595	0.00516	0.00341	0.00770	0.00763	0.01025	0.01622	0.03305	0.01849	0.75847	0.08441	0.00530	0.00572	0.00742	0.00313	0.00327
53	0.02336	0.00886	0.01209	0.00927	0.01329	0.00765	0.00765	0.02538	0.01491	0.78810	0.02055	0.01773	0.01289	0.00645	0.00524	0.00161	0.00443	0.00524	0.00645	0.00886
54	0.01177	0.32937	0.49919	0.01258	0.01904	0.01534	0.01530	0.01615	0.01084	0.01488	0.00854	0.00999	0.00663	0.00476	0.00434	0.00145	0.00689	0.00344	0.00221	0.00731
55	0.01945	0.02482	0.01476	0.01342	0.01610	0.79608	0.01006	0.02079	0.01476	0.01275	0.00805	0.00939	0.00671	0.00537	0.00470	0.00134	0.00939	0.00335	0.00268	0.00604
56	0.85377	0.01007	0.00765	0.00685	0.01007	0.01168	0.00564	0.01531	0.00886	0.02336	0.00725	0.00846	0.00564	0.00483	0.00322	0.00161	0.00403	0.00282	0.00322	0.00564
57	0.00983	0.00926	0.01562	0.80447	0.03587	0.01157	0.01446	0.01331	0.01041	0.01331	0.00926	0.01388	0.00694	0.00521	0.00521	0.00174	0.00694	0.00463	0.00231	0.00579
58	0.01065	0.01030	0.01452	0.01267	0.01285	0.01417	0.01047	0.01192	0.00805	0.01245	0.00818	0.01310	0.00800	0.01476	0.16412	0.00343	0.65774	0.00475	0.00238	0.00550
59	0.00634	0.00453	0.00604	0.00725	0.00755	0.00423	0.00483	0.00725	0.00997	0.01329	0.02870	0.81358	0.03444	0.01632	0.00665	0.00211	0.00302	0.01480	0.00483	0.00423
60	0.02336	0.00886	0.01209	0.00927	0.01329	0.00765	0.00765	0.02538	0.01491	0.78810	0.02055	0.01773	0.01289	0.00645	0.00524	0.00161	0.00443	0.00524	0.00645	0.00886
61	0.01945	0.02482	0.01476	0.01342	0.01610	0.79608	0.01006	0.02079	0.01476	0.01275	0.00805	0.00939	0.00671	0.00537	0.00470	0.00134	0.00939	0.00335	0.00268	0.00604
62	0.01213	0.01356	0.02804	0.02044	0.02475	0.01368	0.62836	0.01593	0.01151	0.01593	0.00986	0.01356	0.00771	0.00525	0.00814	0.00185	0.15410	0.00586	0.00257	0.00678
63	0.01780	0.10429	0.01620	0.01299	0.01549	0.61138	0.01012	0.01915	0.01341	0.01267	0.00780	0.00956	0.00672	0.00578	0.00623	0.00144	0.11687	0.00346	0.00258	0.00606
64	0.00744	0.00558	0.00837	0.00837	0.00930	0.00651	0.00651	0.00930	0.00837	0.01209	0.01395	0.02046	0.01302	0.03906	0.79635	0.00837	0.01395	0.00558	0.00279	0.00465
65	0.01005	0.00947	0.01600	0.75064	0.08803	0.01163	0.01457	0.01349	0.01051	0.01356	0.00929	0.01381	0.00703	0.00517	0.00520	0.00172	0.00689	0.00463	0.00233	0.00596
66	0.01248	0.00711	0.00821	0.00705	0.00968	0.00635	0.00558	0.07474	0.01388	0.24885	0.05684	0.03704	0.47055	0.01053	0.00580	0.00170	0.00343	0.00871	0.00537	0.00612
67	0.00971	0.00485	0.00485	0.00485	0.00607	0.00485	0.00364	0.01213	0.01092	0.01942	0.01699	0.01942	0.01335	0.00607	0.00364	0.00121	0.00243	0.00485	0.84589	0.00485
68	0.00708	0.00545	0.00656	0.00669	0.00814	0.00493	0.00529	0.00903	0.01289	0.01677	0.29911	0.04818	0.35963	0.01258	0.00638	0.00186	0.00306	0.17658	0.00514	0.00466
69	0.00983	0.00926	0.01562	0.80447	0.03587	0.01157	0.01446	0.01331	0.01041	0.01331	0.00926	0.01388	0.00694	0.00521	0.00521	0.00174	0.00694	0.00463	0.00231	0.00579
70	0.01229	0.01405	0.03073	0.02195	0.02722	0.01317	0.76558	0.01668	0.01229	0.01668	0.01054	0.01405	0.00790	0.00439	0.00615	0.00176	0.00878	0.00615	0.00263	0.00702
71	0.01045	0.02694	0.79000	0.01484	0.02254	0.01209	0.01924	0.01649	0.01099	0.01649	0.00935	0.01099	0.00660	0.00495	0.00495	0.00165	0.00770	0.00385	0.00220	0.00770
72	0.01194	0.01069	0.01617	0.03051	0.24677	0.01084	0.10336	0.07716	0.15665	0.01875	0.04948	0.11336	0.01555	0.00724	0.00552	0.00167	0.00530	0.03948	0.00386	0.07572
73	0.23092	0.39558	0.06493	0.07358	0.01474	0.04886	0.00895	0.01568	0.01038	0.04609	0.00845	0.01027	0.00710	0.02534	0.01954	0.00159	0.00568	0.00330	0.00271	0.00633
74	0.00872	0.00655	0.00957	0.07530	0.04837	0.00674	0.00923	0.01123	0.01185	0.01546	0.02527	0.05299	0.02710	0.01319	0.00694	0.00230	0.00503	0.65462	0.00449	0.00503
75	0.00971	0.00485	0.00485	0.00485	0.00607	0.00485	0.00364	0.01213	0.01092	0.01942	0.01699	0.01942	0.01335	0.00607	0.00364	0.00121	0.00243	0.00485	0.84589	0.00485
76	0.01980	0.01459	0.01563	0.01198	0.01615	0.01615	0.00990	0.76713	0.02448	0.03282	0.01250	0.01250	0.00886	0.00625	0.00521	0.00156	0.00573	0.00469	0.00521	0.00886
77	0.00647	0.00529	0.00571	0.00560	0.00722	0.00453	0.00420	0.00807	0.01260	0.01581	0.23880	0.04725	0.59525	0.01254	0.00615	0.00173	0.00259	0.01059	0.00506	0.00453
78	0.01193	0.00816	0.01203	0.01043	0.01290	0.00790	0.10377	0.09555	0.01436	0.13165	0.18635	0.05309	0.06895	0.01023	0.00626	0.00190	0.00469	0.24871	0.00501	0.00611
79	0.00744	0.00558	0.00837	0.00837	0.00930	0.00651	0.00651	0.00930	0.00837	0.01209	0.01395	0.02046	0.01302	0.03906	0.79635	0.00837	0.01395	0.00558	0.00279	0.00465
80	0.01160	0.01892	0.32078	0.01900	0.02515	0.01275	0.46461	0.01683	0.02739	0.01671	0.01030	0.01299	0.00757	0.00466	0.00567	0.00172	0.00827	0.00526	0.00252	0.00731
81	0.01090	0.00934	0.01084	0.00785	0.01240	0.00722	0.00627	0.01378	0.04591	0.01719	0.00980	0.01120	0.00809	0.00400	0.00392	0.00082	0.00387	0.00321	0.00319	0.81020
82	0.00971	0.00485	0.00485	0.00485	0.00607	0.00485	0.00364	0.01213	0.01092	0.01942	0.01699	0.01942	0.01335	0.00607	0.00364	0.00121	0.00243	0.00485	0.84589	0.00485
83	0.01457	0.70052	0.02544	0.00959	0.01372	0.11922	0.00911	0.01619	0.01105	0.01232	0.00733	0.00855	0.00669	0.00468	0.00383	0.00117	0.02425	0.00290	0.00229	0.00658
