[name]
unknown

[dist]
# distance from previous block
# <min> <max>
0	348

[block]
# block no. 0 follows, 49 sequences, length 11
# corresponding to MSA columns:
# 394-404
name=unknown_A
#
# <colnr> <probs for GDERKNQSTAVLIFYWHMCP>
#	G	D	E	R	K	N	Q	S	T	A	V	L	I	F	Y	W	H	M	C	P
0	0.00815	0.00582	0.00815	0.00931	0.01048	0.00582	0.00815	0.01048	0.01164	0.01513	0.02677	0.05704	0.02910	0.01397	0.00698	0.00233	0.00466	0.75671	0.00466	0.00466
1	0.22250	0.00634	0.00693	0.00643	0.00812	0.00643	0.00495	0.01089	0.01287	0.02089	0.59041	0.03029	0.03702	0.00891	0.00525	0.00158	0.00277	0.00752	0.00495	0.00495
2	0.00942	0.00892	0.01613	0.06738	0.21209	0.00872	0.19899	0.01184	0.01073	0.01464	0.01764	0.36367	0.01891	0.00941	0.00588	0.00180	0.00534	0.00916	0.00345	0.00587
3	0.01049	0.00899	0.01049	0.00749	0.01198	0.00674	0.00599	0.01273	0.01049	0.01648	0.00899	0.01049	0.00749	0.00374	0.00374	0.00075	0.00374	0.00300	0.00300	0.85320
4	0.00734	0.00492	0.00558	0.00556	0.00563	0.00490	0.00316	0.00747	0.00773	0.01037	0.05771	0.03334	0.01997	0.77836	0.02467	0.00472	0.00477	0.00745	0.00320	0.00316
5	0.30961	0.01459	0.01112	0.01005	0.01249	0.28337	0.00786	0.01753	0.11165	0.01706	0.00960	0.01117	0.00785	0.00836	0.07309	0.00211	0.07987	0.00369	0.00309	0.00586
6	0.01228	0.14377	0.01279	0.00952	0.01175	0.16798	0.00742	0.08421	0.15728	0.01591	0.01770	0.30250	0.01807	0.00928	0.00518	0.00163	0.00500	0.00775	0.00399	0.00598
7	0.22163	0.04049	0.01106	0.00885	0.01171	0.06036	0.00714	0.10288	0.06965	0.05473	0.01419	0.06991	0.06545	0.00675	0.00567	0.00151	0.09092	0.00491	0.00368	0.14849
8	0.01331	0.11044	0.21793	0.01053	0.01537	0.01174	0.01058	0.18520	0.04140	0.06840	0.01274	0.01438	0.03666	0.00557	0.00459	0.00136	0.00535	0.03097	0.00354	0.19996
9	0.01520	0.30928	0.22334	0.01107	0.01598	0.07602	0.01138	0.15027	0.01359	0.11437	0.01014	0.01071	0.00759	0.00507	0.00430	0.00137	0.00613	0.00364	0.00321	0.00733
10	0.31895	0.01186	0.01075	0.01036	0.07777	0.15842	0.00744	0.01683	0.01176	0.15319	0.10050	0.01392	0.01217	0.00563	0.00427	0.00145	0.00495	0.00416	0.00379	0.07182

[dist]
# distance from previous block
# <min> <max>
12	61

[block]
# block no. 1 follows, 49 sequences, length 41
# corresponding to MSA columns:
# 474-493,495-515
name=unknown_B
#
# <colnr> <probs for GDERKNQSTAVLIFYWHMCP>
#	G	D	E	R	K	N	Q	S	T	A	V	L	I	F	Y	W	H	M	C	P
0	0.09212	0.00753	0.00873	0.03678	0.01074	0.00735	0.00608	0.07527	0.04832	0.20436	0.19036	0.02943	0.24508	0.00885	0.00535	0.00162	0.00353	0.00732	0.00507	0.00609
1	0.01278	0.09199	0.01138	0.00900	0.01144	0.32949	0.00699	0.01461	0.04143	0.04099	0.02713	0.02651	0.34004	0.00846	0.00508	0.00148	0.00561	0.00652	0.00368	0.00542
2	0.03855	0.31882	0.04438	0.00801	0.01149	0.01167	0.00726	0.01341	0.01126	0.05068	0.18767	0.01668	0.01679	0.00784	0.05513	0.00163	0.00486	0.00456	0.00337	0.18594
3	0.11804	0.17180	0.09305	0.01065	0.01443	0.22000	0.00946	0.16032	0.04986	0.06308	0.01011	0.01080	0.00775	0.00526	0.00427	0.00139	0.00620	0.00365	0.03305	0.00683
4	0.01181	0.01188	0.05445	0.01334	0.01796	0.01010	0.28816	0.10153	0.01252	0.01796	0.01067	0.04842	0.00881	0.00480	0.00488	0.00129	0.00585	0.00481	0.00311	0.36764
5	0.00736	0.00564	0.00807	0.00799	0.00876	0.00654	0.00610	0.00889	0.00824	0.01170	0.01567	0.05186	0.04973	0.11219	0.61247	0.00694	0.05843	0.00613	0.00288	0.00440
6	0.00664	0.00515	0.00604	0.00582	0.00724	0.00455	0.00436	0.00854	0.01309	0.01736	0.46359	0.04257	0.37402	0.01142	0.00597	0.00164	0.00246	0.00982	0.00518	0.00455
7	0.01344	0.70186	0.07940	0.01026	0.04986	0.04829	0.00971	0.01541	0.01051	0.01242	0.00732	0.00853	0.00656	0.00440	0.00348	0.00115	0.00572	0.00288	0.00219	0.00661
8	0.00735	0.00490	0.00552	0.00552	0.00552	0.00490	0.00306	0.00735	0.00735	0.00980	0.01593	0.03309	0.01838	0.82229	0.02574	0.00490	0.00490	0.00735	0.00306	0.00306
9	0.00607	0.00477	0.00549	0.00606	0.00708	0.00419	0.00426	0.00715	0.01062	0.01329	0.03976	0.42691	0.41785	0.01430	0.00621	0.00188	0.00274	0.01249	0.00469	0.00419
10	0.00680	0.00509	0.00631	0.00615	0.00737	0.00460	0.00456	0.00880	0.01326	0.01811	0.55271	0.11365	0.21119	0.01140	0.00601	0.00166	0.00248	0.00998	0.00529	0.00460
11	0.00659	0.00473	0.00629	0.00681	0.00747	0.00444	0.00477	0.00809	0.01146	0.01578	0.32684	0.48720	0.03844	0.01434	0.03027	0.00205	0.00304	0.01205	0.00498	0.00438
12	0.52753	0.01542	0.01015	0.00916	0.01208	0.32273	0.00717	0.01696	0.01086	0.01863	0.00735	0.00857	0.00588	0.00490	0.00369	0.00146	0.00596	0.00294	0.00292	0.00563
13	0.34937	0.01846	0.01161	0.01052	0.01333	0.49060	0.00808	0.01809	0.01208	0.01644	0.00751	0.00876	0.00611	0.00501	0.00400	0.00141	0.00707	0.00305	0.00281	0.00571
14	0.01281	0.30864	0.04569	0.02239	0.48469	0.01492	0.01311	0.01540	0.01104	0.01482	0.00859	0.01086	0.00741	0.00445	0.00436	0.00135	0.00583	0.00383	0.00237	0.00744
15	0.01147	0.34090	0.49299	0.01214	0.01838	0.01500	0.01473	0.01567	0.01052	0.01439	0.00827	0.00967	0.00644	0.00462	0.00419	0.00140	0.00666	0.00333	0.00215	0.00709
16	0.01521	0.01815	0.01466	0.32696	0.02319	0.49056	0.01145	0.01733	0.01267	0.01259	0.00828	0.01084	0.00660	0.00515	0.00475	0.00145	0.00818	0.00374	0.00246	0.00577
17	0.00757	0.00550	0.00807	0.00801	0.00893	0.00634	0.00620	0.02232	0.00840	0.01216	0.01338	0.01948	0.01240	0.03543	0.72684	0.04832	0.01263	0.00533	0.02819	0.00448
18	0.01082	0.03829	0.01079	0.00963	0.01160	0.00832	0.04300	0.16955	0.01376	0.04707	0.02302	0.22818	0.04799	0.01164	0.00616	0.00197	0.00455	0.30339	0.00462	0.00565
19	0.00669	0.00515	0.00611	0.00587	0.00727	0.00457	0.00441	0.00864	0.01322	0.01767	0.49788	0.04206	0.33954	0.01131	0.00597	0.00164	0.00245	0.00975	0.00522	0.00457
20	0.00950	0.00892	0.01476	0.71725	0.03205	0.01120	0.01340	0.01259	0.00993	0.01287	0.00970	0.05077	0.00798	0.00582	0.00592	0.00174	0.06276	0.00495	0.00236	0.00554
21	0.01746	0.00707	0.00897	0.00731	0.01014	0.00636	0.00590	0.01958	0.01295	0.48887	0.01859	0.01786	0.01269	0.00611	0.00447	0.00141	0.00354	0.00494	0.33870	0.00707
22	0.01090	0.20630	0.62262	0.01311	0.01988	0.01361	0.01642	0.01582	0.01059	0.01509	0.00861	0.01010	0.00642	0.00470	0.00445	0.00148	0.00701	0.00350	0.00214	0.00725
23	0.00983	0.00927	0.01567	0.73751	0.10529	0.01131	0.01418	0.01316	0.01024	0.01326	0.00904	0.01339	0.00686	0.00500	0.00505	0.00167	0.00667	0.00449	0.00227	0.00584
24	0.01178	0.01114	0.01884	0.02828	0.70055	0.01110	0.01427	0.01454	0.01130	0.01610	0.01163	0.10537	0.01094	0.00581	0.00517	0.00157	0.00565	0.00564	0.00276	0.00756
25	0.01983	0.01057	0.01275	0.00970	0.01374	0.01018	0.00799	0.28114	0.01714	0.42575	0.01577	0.01455	0.01048	0.00585	0.00489	0.00144	0.00466	0.00462	0.00540	0.12355
26	0.00649	0.00514	0.00584	0.00567	0.00715	0.00449	0.00425	0.00826	0.01275	0.01657	0.37476	0.04388	0.46334	0.01172	0.00597	0.00166	0.00248	0.01000	0.00508	0.00449
27	0.00619	0.00443	0.00590	0.00702	0.00734	0.00413	0.00470	0.00713	0.00984	0.01316	0.05384	0.79230	0.03393	0.01565	0.00644	0.00204	0.00292	0.01420	0.00472	0.00413
28	0.01281	0.41834	0.32819	0.01142	0.01679	0.10679	0.01273	0.01607	0.01090	0.01357	0.00793	0.00924	0.00646	0.00462	0.00401	0.00131	0.00665	0.00317	0.00220	0.00680
29	0.01695	0.01461	0.01503	0.19502	0.02006	0.14398	0.01065	0.47538	0.01909	0.02432	0.01071	0.01195	0.00783	0.00570	0.00498	0.00152	0.00642	0.00433	0.00401	0.00747
30	0.01902	0.02019	0.01466	0.01248	0.01565	0.49231	0.00971	0.31702	0.01805	0.02005	0.00952	0.01031	0.00734	0.00555	0.00476	0.00139	0.00772	0.00377	0.00357	0.00694
31	0.01044	0.00862	0.00959	0.00874	0.01095	0.00950	0.00673	0.02005	0.47942	0.02081	0.32285	0.02631	0.02815	0.00823	0.00547	0.00167	0.00337	0.00707	0.00531	0.00673
32	0.26327	0.04716	0.41156	0.01202	0.01746	0.01157	0.08375	0.01524	0.01039	0.01815	0.05824	0.01186	0.00889	0.00506	0.00443	0.00158	0.00611	0.00396	0.00269	0.00661
33	0.00616	0.00440	0.00587	0.00704	0.00733	0.00411	0.00469	0.00704	0.00968	0.01291	0.02787	0.81899	0.03344	0.01584	0.00645	0.00205	0.00293	0.01438	0.00469	0.00411
34	0.02253	0.00886	0.01190	0.00912	0.01304	0.00782	0.00753	0.05951	0.01491	0.75877	0.01959	0.01698	0.01234	0.00625	0.00508	0.00156	0.00436	0.00506	0.00620	0.00861
35	0.01180	0.01209	0.02236	0.11436	0.35483	0.01262	0.26452	0.01503	0.01102	0.01546	0.00933	0.01281	0.00758	0.00503	0.00678	0.00168	0.10824	0.00498	0.00246	0.00703
36	0.00686	0.00497	0.00662	0.00766	0.00839	0.00473	0.00583	0.00830	0.01061	0.01390	0.04531	0.47644	0.09283	0.01483	0.00659	0.00211	0.00349	0.27152	0.00470	0.00432
37	0.00633	0.00495	0.00574	0.00593	0.00715	0.00436	0.00430	0.00779	0.01177	0.01517	0.23468	0.24407	0.40385	0.01295	0.00610	0.00177	0.00261	0.01123	0.00492	0.00436
38	0.01462	0.01295	0.01523	0.09580	0.07735	0.08767	0.01083	0.23765	0.07022	0.04426	0.01027	0.01233	0.00815	0.00674	0.00879	0.00176	0.27049	0.00448	0.00345	0.00694
39	0.24830	0.00983	0.01102	0.00880	0.01245	0.00995	0.00724	0.12469	0.06313	0.43110	0.01542	0.01418	0.01026	0.00585	0.00455	0.00157	0.00435	0.00442	0.00517	0.00772
40	0.56227	0.01184	0.09939	0.00826	0.01196	0.01125	0.00757	0.09926	0.01125	0.08262	0.04630	0.01105	0.00850	0.00525	0.00382	0.00156	0.00446	0.00354	0.00359	0.00626

[dist]
# distance from previous block
# <min> <max>
1	10

[block]
# block no. 2 follows, 49 sequences, length 30
# corresponding to MSA columns:
# 526-555
name=unknown_C
#
# <colnr> <probs for GDERKNQSTAVLIFYWHMCP>
#	G	D	E	R	K	N	Q	S	T	A	V	L	I	F	Y	W	H	M	C	P
0	0.18248	0.01619	0.01162	0.01024	0.01276	0.36701	0.00775	0.15419	0.01373	0.01752	0.00983	0.01358	0.00871	0.14453	0.00798	0.00201	0.00673	0.00409	0.00323	0.00581
1	0.01190	0.01141	0.01679	0.01980	0.32127	0.01362	0.01231	0.01600	0.14114	0.01542	0.01015	0.01297	0.00868	0.00679	0.01005	0.00185	0.35541	0.00468	0.00283	0.00693
2	0.00839	0.00587	0.00670	0.00635	0.00710	0.00624	0.00444	0.03939	0.00950	0.01362	0.02095	0.02921	0.14678	0.36682	0.04468	0.00327	0.08113	0.00688	0.18854	0.00414
3	0.01123	0.01207	0.01805	0.01398	0.01711	0.14413	0.33828	0.01424	0.01329	0.01716	0.31799	0.02243	0.02334	0.00683	0.00573	0.00159	0.00619	0.00676	0.00376	0.00585
4	0.00746	0.00642	0.00909	0.00789	0.00960	0.00613	0.08336	0.00954	0.01257	0.01680	0.37595	0.03761	0.32168	0.01055	0.00669	0.00169	0.05834	0.00908	0.00470	0.00484
5	0.01302	0.01034	0.01348	0.32715	0.02175	0.01182	0.01047	0.33313	0.01580	0.02092	0.01375	0.15922	0.01238	0.00744	0.00531	0.00168	0.00555	0.00631	0.00388	0.00660
6	0.05698	0.30269	0.01824	0.01120	0.01443	0.49177	0.00918	0.01818	0.01264	0.01270	0.00751	0.00872	0.00646	0.00488	0.00403	0.00124	0.00758	0.00304	0.00248	0.00606
7	0.00708	0.00517	0.00665	0.00628	0.00751	0.00474	0.00471	0.00939	0.01412	0.01983	0.73785	0.03852	0.09822	0.01051	0.00596	0.00160	0.00240	0.00925	0.00551	0.00474
8	0.01544	0.50099	0.02183	0.01114	0.04483	0.30473	0.00933	0.01700	0.01180	0.01226	0.00742	0.00865	0.00656	0.00466	0.00379	0.00118	0.00678	0.00298	0.00234	0.00632
9	0.06941	0.01027	0.01632	0.25737	0.38914	0.01084	0.01290	0.01471	0.01114	0.05627	0.04908	0.01392	0.00967	0.00502	0.00487	0.00153	0.00568	0.00456	0.00285	0.05445
10	0.01513	0.26284	0.01756	0.05221	0.01491	0.29340	0.00931	0.05555	0.05688	0.03804	0.05266	0.01180	0.00965	0.00574	0.00550	0.00140	0.08431	0.00386	0.00296	0.00629
11	0.01621	0.37059	0.01944	0.01098	0.01434	0.41877	0.00919	0.01838	0.05565	0.01266	0.00819	0.00923	0.00700	0.00492	0.00402	0.00123	0.00722	0.00316	0.00256	0.00625
12	0.00735	0.00490	0.00552	0.00552	0.00552	0.00490	0.00306	0.00735	0.00735	0.00980	0.01593	0.03309	0.01838	0.82229	0.02574	0.00490	0.00490	0.00735	0.00306	0.00306
13	0.01000	0.02516	0.75850	0.01403	0.02120	0.01141	0.01802	0.01571	0.01085	0.01622	0.04617	0.01197	0.00837	0.00507	0.00486	0.00160	0.00723	0.00399	0.00230	0.00734
14	0.01056	0.00699	0.00824	0.00802	0.00967	0.00716	0.00593	0.05385	0.19369	0.10911	0.02451	0.39825	0.05603	0.01118	0.00566	0.00181	0.00342	0.00981	0.07028	0.00585
15	0.00672	0.00492	0.00564	0.00578	0.00650	0.00456	0.00381	0.00758	0.00995	0.01294	0.13700	0.17226	0.25047	0.33368	0.01389	0.00302	0.00353	0.00977	0.00417	0.00383
16	0.00688	0.00516	0.00638	0.00608	0.00739	0.00466	0.00456	0.00902	0.01367	0.01875	0.61813	0.04028	0.21861	0.01091	0.00597	0.00162	0.00243	0.00950	0.00537	0.00466
17	0.00955	0.00899	0.01517	0.81013	0.03483	0.01123	0.01404	0.01292	0.01011	0.01292	0.00899	0.01348	0.00674	0.00506	0.00506	0.00169	0.00674	0.00449	0.00225	0.00562
18	0.00727	0.00524	0.00721	0.00721	0.00780	0.00582	0.00518	0.00844	0.00786	0.01106	0.01438	0.02450	0.01465	0.31285	0.53007	0.00700	0.01052	0.00610	0.00283	0.00401
19	0.00663	0.00488	0.00632	0.00729	0.00804	0.00457	0.00542	0.00795	0.01049	0.01360	0.03157	0.49468	0.16107	0.01485	0.00651	0.00206	0.00331	0.20178	0.00468	0.00427
20	0.01014	0.02616	0.79609	0.01441	0.02189	0.01174	0.01868	0.01601	0.01068	0.01601	0.00907	0.01068	0.00641	0.00480	0.00480	0.00160	0.00747	0.00374	0.00214	0.00747
21	0.01256	0.01115	0.01374	0.01555	0.21012	0.01243	0.00991	0.02399	0.58654	0.01998	0.01778	0.01726	0.01355	0.00626	0.00511	0.00166	0.00451	0.00541	0.00448	0.00801
22	0.01202	0.01148	0.01862	0.02549	0.56264	0.01260	0.01391	0.01452	0.01052	0.01551	0.00906	0.01240	0.00786	0.00566	0.00788	0.00167	0.21029	0.00449	0.03609	0.00725
23	0.00777	0.00518	0.00589	0.00579	0.00601	0.00527	0.00345	0.02865	0.00800	0.01095	0.01572	0.03109	0.01753	0.71655	0.06770	0.00481	0.00528	0.00704	0.04393	0.00338
24	0.00619	0.00511	0.00544	0.00540	0.00698	0.00435	0.00404	0.00766	0.01197	0.01483	0.18319	0.07022	0.63221	0.01245	0.00599	0.00170	0.00254	0.01051	0.00485	0.00435
25	0.01125	0.01048	0.01662	0.22311	0.40134	0.01048	0.01273	0.01415	0.01090	0.01559	0.00925	0.01225	0.00756	0.00445	0.00470	0.00136	0.00562	0.00412	0.00256	0.22150
26	0.00739	0.00528	0.00688	0.00682	0.00721	0.00577	0.00465	0.00819	0.00769	0.01069	0.01468	0.02690	0.01564	0.46772	0.35623	0.00621	0.02895	0.00646	0.00289	0.00374
27	0.07010	0.04967	0.01391	0.34251	0.02199	0.07471	0.01049	0.09431	0.07870	0.04889	0.05598	0.01415	0.01024	0.00572	0.00528	0.00156	0.04016	0.00451	0.00327	0.05385
28	0.01558	0.50387	0.02190	0.00979	0.01398	0.01820	0.00899	0.29393	0.03775	0.01950	0.00930	0.00990	0.00752	0.00504	0.00397	0.00126	0.00542	0.00347	0.00331	0.00731
29	0.01243	0.14910	0.01554	0.01048	0.01286	0.01318	0.00888	0.01473	0.05291	0.08177	0.00924	0.01139	0.00783	0.00645	0.00942	0.00157	0.35481	0.00390	0.00292	0.22058

[dist]
# distance from previous block
# <min> <max>
0	1

[block]
# block no. 3 follows, 49 sequences, length 54
# corresponding to MSA columns:
# 557-610
name=unknown_D
#
# <colnr> <probs for GDERKNQSTAVLIFYWHMCP>
#	G	D	E	R	K	N	Q	S	T	A	V	L	I	F	Y	W	H	M	C	P
0	0.01179	0.01023	0.01454	0.06254	0.32598	0.01083	0.01084	0.10484	0.17535	0.01833	0.01606	0.18627	0.01502	0.00764	0.00535	0.00168	0.00492	0.00688	0.00382	0.00711
1	0.01223	0.01301	0.01532	0.01324	0.01363	0.13281	0.01087	0.01337	0.00873	0.01220	0.00681	0.01077	0.00662	0.00831	0.01480	0.00208	0.69311	0.00425	0.00227	0.00558
2	0.00991	0.00736	0.00840	0.00818	0.01007	0.00763	0.00626	0.01596	0.29028	0.07646	0.02951	0.22814	0.18633	0.01102	0.00582	0.00185	0.00352	0.08237	0.00497	0.00595
3	0.00616	0.00440	0.00587	0.00704	0.00733	0.00411	0.00469	0.00704	0.00968	0.01291	0.02787	0.81899	0.03344	0.01584	0.00645	0.00205	0.00293	0.01438	0.00469	0.00411
4	0.01233	0.05899	0.29786	0.02189	0.37683	0.09068	0.03870	0.01616	0.01144	0.01569	0.00908	0.01133	0.00720	0.00467	0.00483	0.00150	0.00689	0.00406	0.00237	0.00749
5	0.00682	0.00539	0.00630	0.00675	0.00824	0.00487	0.00551	0.00851	0.01157	0.01423	0.04174	0.05191	0.49399	0.01326	0.00637	0.00195	0.00337	0.30011	0.00468	0.00442
6	0.00616	0.00440	0.00587	0.00704	0.00733	0.00411	0.00469	0.00704	0.00968	0.01291	0.02787	0.81899	0.03344	0.01584	0.00645	0.00205	0.00293	0.01438	0.00469	0.00411
7	0.01025	0.07288	0.72587	0.01382	0.02091	0.01202	0.01766	0.01576	0.01077	0.01590	0.03322	0.01137	0.00770	0.00495	0.00475	0.00157	0.00719	0.00384	0.00224	0.00733
8	0.00616	0.00440	0.00587	0.00704	0.00733	0.00411	0.00469	0.00704	0.00968	0.01291	0.02787	0.81899	0.03344	0.01584	0.00645	0.00205	0.00293	0.01438	0.00469	0.00411
9	0.02207	0.00960	0.01235	0.00947	0.01341	0.00891	0.00782	0.15909	0.01614	0.65744	0.01855	0.01630	0.01181	0.00622	0.00508	0.00156	0.00453	0.00499	0.00604	0.00860
10	0.01428	0.38838	0.01907	0.00970	0.01344	0.01644	0.00855	0.18216	0.23710	0.01915	0.03640	0.01303	0.01082	0.00563	0.00427	0.00138	0.00494	0.00418	0.00376	0.00733
11	0.00992	0.00929	0.01532	0.64401	0.03096	0.01119	0.05811	0.01438	0.08680	0.01404	0.01110	0.01620	0.00878	0.00563	0.00522	0.00172	0.00647	0.04232	0.00267	0.00588
12	0.00733	0.00498	0.00593	0.00593	0.00607	0.00513	0.00358	0.00762	0.00748	0.01011	0.01555	0.03099	0.01747	0.69748	0.14930	0.00542	0.00628	0.00705	0.00301	0.00329
13	0.01515	0.01848	0.02266	0.01748	0.02143	0.37807	0.41940	0.01805	0.01304	0.01443	0.00911	0.01155	0.00714	0.00470	0.00532	0.00152	0.00880	0.00471	0.00258	0.00638
14	0.00886	0.00483	0.00522	0.00512	0.00631	0.00473	0.00384	0.01122	0.01153	0.01921	0.20868	0.02357	0.02162	0.00700	0.00414	0.00128	0.00236	0.00582	0.63993	0.00473
15	0.01028	0.00930	0.01270	0.25969	0.01933	0.00945	0.00927	0.01271	0.00996	0.01472	0.00864	0.01151	0.00713	0.00492	0.00607	0.00126	0.12541	0.00368	0.00264	0.46134
16	0.01290	0.51042	0.02779	0.01356	0.01820	0.01721	0.30496	0.01555	0.01092	0.01357	0.00827	0.01026	0.00695	0.00430	0.00430	0.00132	0.00662	0.00397	0.00232	0.00662
17	0.00616	0.00440	0.00587	0.00704	0.00733	0.00411	0.00469	0.00704	0.00968	0.01291	0.02787	0.81899	0.03344	0.01584	0.00645	0.00205	0.00293	0.01438	0.00469	0.00411
18	0.00841	0.01580	0.39182	0.01057	0.01521	0.00838	0.04959	0.01218	0.01139	0.01554	0.09566	0.02742	0.30116	0.00826	0.00540	0.00165	0.00524	0.00692	0.00342	0.00600
19	0.00605	0.00508	0.00526	0.00531	0.00690	0.00429	0.00394	0.00737	0.01157	0.01398	0.09079	0.09373	0.70274	0.01285	0.00600	0.00172	0.00257	0.01081	0.00474	0.00429
20	0.01163	0.00896	0.01262	0.01100	0.01184	0.01145	0.00900	0.01303	0.00885	0.12866	0.01079	0.01498	0.00948	0.03555	0.23718	0.00385	0.44765	0.00487	0.00298	0.00565
21	0.00978	0.00506	0.00509	0.00496	0.00625	0.00511	0.00376	0.03949	0.01108	0.01933	0.01634	0.01861	0.01280	0.00590	0.00359	0.00119	0.00247	0.00471	0.81963	0.00485
22	0.00690	0.00540	0.00628	0.00610	0.00754	0.00494	0.00456	0.00937	0.05333	0.01717	0.40034	0.08756	0.34908	0.01149	0.00596	0.00167	0.00258	0.00990	0.00514	0.00470
23	0.01114	0.01061	0.01805	0.39165	0.44086	0.01165	0.01484	0.01432	0.01086	0.01485	0.00927	0.01296	0.00742	0.00476	0.00503	0.00159	0.00635	0.00450	0.00238	0.00690
24	0.01022	0.04518	0.77777	0.01428	0.02167	0.01194	0.01844	0.01599	0.01067	0.01592	0.00903	0.01062	0.00641	0.00479	0.00477	0.00159	0.00742	0.00371	0.00214	0.00745
25	0.00616	0.00440	0.00587	0.00704	0.00733	0.00411	0.00469	0.00704	0.00968	0.01291	0.02787	0.81899	0.03344	0.01584	0.00645	0.00205	0.00293	0.01438	0.00469	0.00411
26	0.01352	0.82533	0.02650	0.00865	0.01298	0.02001	0.00865	0.01514	0.01027	0.01190	0.00703	0.00811	0.00649	0.00433	0.00324	0.00108	0.00541	0.00270	0.00216	0.00649
27	0.00751	0.00531	0.00674	0.00756	0.00811	0.02242	0.00529	0.00852	0.01005	0.05204	0.02634	0.70317	0.03080	0.01483	0.00667	0.00203	0.02779	0.04573	0.00465	0.00444
28	0.01520	0.01656	0.01881	0.12785	0.13623	0.29447	0.17422	0.12431	0.01415	0.01665	0.00936	0.01162	0.00731	0.00500	0.00507	0.00150	0.00769	0.00438	0.00288	0.00674
29	0.00611	0.00458	0.00568	0.00656	0.00721	0.00415	0.00448	0.00709	0.01014	0.01310	0.03369	0.62711	0.22156	0.01509	0.00634	0.00197	0.00284	0.01345	0.00469	0.00415
30	0.01589	0.05336	0.01509	0.03051	0.01517	0.01430	0.03682	0.36664	0.19098	0.06699	0.01345	0.01381	0.01001	0.00644	0.00649	0.00164	0.10984	0.00479	0.02003	0.00775
31	0.01288	0.00939	0.01083	0.00946	0.03957	0.00979	0.00721	0.34267	0.01801	0.03997	0.32631	0.02564	0.08712	0.00826	0.00545	0.00155	0.00395	0.00690	0.02844	0.00659
32	0.01767	0.25177	0.14327	0.01003	0.01461	0.03724	0.00979	0.05816	0.01309	0.37570	0.01362	0.01297	0.00937	0.00541	0.00448	0.00142	0.00536	0.00408	0.00421	0.00771
33	0.01268	0.01280	0.01298	0.01149	0.01313	0.15526	0.00912	0.01884	0.29733	0.01629	0.08311	0.01604	0.01362	0.00759	0.00920	0.00181	0.29346	0.00512	0.00368	0.00644
34	0.01097	0.00598	0.00795	0.00706	0.00888	0.00539	0.00543	0.01316	0.01408	0.21262	0.55168	0.07896	0.03810	0.00965	0.00577	0.00161	0.00290	0.00844	0.00569	0.00569
35	0.00623	0.00466	0.00579	0.00651	0.00724	0.00422	0.00450	0.00737	0.01064	0.01392	0.11914	0.54869	0.21367	0.01450	0.00629	0.00192	0.00278	0.01291	0.00479	0.00422
36	0.01251	0.58755	0.25548	0.01037	0.01563	0.01755	0.01164	0.01540	0.01039	0.01312	0.00764	0.00887	0.00646	0.00447	0.00371	0.00124	0.00602	0.00301	0.00215	0.00678
37	0.00664	0.00515	0.00604	0.00582	0.00724	0.00455	0.00436	0.00854	0.01309	0.01737	0.46445	0.04256	0.37315	0.01142	0.00597	0.00164	0.00246	0.00982	0.00518	0.00455
38	0.00728	0.00508	0.00649	0.00651	0.00685	0.00541	0.00430	0.00797	0.00769	0.01059	0.01530	0.04447	0.01657	0.51519	0.31282	0.00604	0.00806	0.00678	0.00297	0.00362
39	0.01095	0.01062	0.01863	0.42827	0.33511	0.01169	0.08345	0.01425	0.01084	0.01465	0.00931	0.01311	0.00733	0.00476	0.00512	0.00161	0.00661	0.00463	0.00238	0.00668
40	0.02043	0.00894	0.01146	0.00895	0.01255	0.00828	0.00733	0.11682	0.03315	0.59405	0.05224	0.01762	0.01366	0.00640	0.00502	0.00154	0.00424	0.00518	0.06399	0.00816
41	0.00616	0.00440	0.00587	0.00704	0.00733	0.00411	0.00469	0.00704	0.00968	0.01291	0.02787	0.81899	0.03344	0.01584	0.00645	0.00205	0.00293	0.01438	0.00469	0.00411
42	0.00881	0.00511	0.00780	0.12639	0.01074	0.00544	0.00575	0.00758	0.00716	0.00946	0.00924	0.01614	0.00905	0.06341	0.01792	0.67563	0.00477	0.00458	0.00225	0.00276
43	0.00724	0.00503	0.00606	0.00606	0.00635	0.00517	0.00381	0.00771	0.00777	0.01045	0.01751	0.03116	0.06281	0.60498	0.19219	0.00541	0.00663	0.00713	0.00308	0.00345
44	0.00722	0.00542	0.00813	0.00813	0.00903	0.00632	0.00632	0.00903	0.00813	0.01174	0.01354	0.01987	0.01264	0.03792	0.80225	0.00813	0.01354	0.00542	0.00271	0.00451
45	0.01544	0.01830	0.02159	0.01679	0.02056	0.36826	0.36278	0.05997	0.01354	0.01522	0.00914	0.01144	0.00717	0.00493	0.00562	0.00153	0.03395	0.00462	0.00271	0.00645
46	0.27225	0.01154	0.01164	0.00951	0.01298	0.01278	0.00774	0.34058	0.13086	0.07889	0.01282	0.03766	0.00970	0.00604	0.00450	0.00157	0.00462	0.00449	0.00451	0.02532
47	0.00749	0.00628	0.00744	0.00827	0.08519	0.00571	0.00551	0.04678	0.01251	0.01577	0.14317	0.04198	0.55687	0.01134	0.00585	0.00168	0.00307	0.02554	0.00461	0.00493
48	0.01749	0.01002	0.01296	0.01030	0.01392	0.00996	0.06014	0.09178	0.24400	0.37695	0.04618	0.01744	0.01375	0.00632	0.00513	0.00158	0.00452	0.00534	0.00539	0.04682
49	0.00905	0.00709	0.00854	0.00742	0.00975	0.00631	0.00562	0.06205	0.04369	0.01799	0.25492	0.22075	0.02677	0.00908	0.00525	0.00142	0.00326	0.00794	0.00444	0.28865
50	0.01310	0.01059	0.01322	0.01038	0.01408	0.02694	0.08797	0.11147	0.21589	0.07928	0.03784	0.04980	0.01246	0.00586	0.00482	0.00136	0.00462	0.00507	0.00417	0.29109
51	0.01537	0.03537	0.01579	0.01817	0.27994	0.34857	0.01109	0.01867	0.09501	0.05057	0.01271	0.01387	0.05172	0.00560	0.00485	0.00144	0.00684	0.00443	0.00311	0.00688
52	0.01268	0.01066	0.04235	0.01345	0.01721	0.02592	0.32300	0.01564	0.01260	0.17668	0.11854	0.02238	0.13026	0.00683	0.00583	0.00163	0.01945	0.00665	0.00402	0.03424
53	0.01221	0.01003	0.01369	0.09682	0.05824	0.01172	0.00977	0.08179	0.02548	0.08022	0.03816	0.01364	0.00960	0.00894	0.06400	0.00214	0.31385	0.00454	0.00316	0.14200

[dist]
# distance from previous block
# <min> <max>
1	53

[block]
# block no. 4 follows, 49 sequences, length 128
# corresponding to MSA columns:
# 667-754,756-795
name=unknown_E
#
# <colnr> <probs for GDERKNQSTAVLIFYWHMCP>
#	G	D	E	R	K	N	Q	S	T	A	V	L	I	F	Y	W	H	M	C	P
0	0.03662	0.03626	0.06700	0.03002	0.01537	0.35362	0.00978	0.08877	0.03094	0.15166	0.01066	0.01143	0.00799	0.00567	0.00564	0.00145	0.07475	0.00387	0.00348	0.05501
1	0.02673	0.03612	0.05628	0.02257	0.01330	0.02717	0.00746	0.12426	0.02499	0.01856	0.01086	0.01203	0.02928	0.00459	0.00409	0.00102	0.00439	0.00358	0.02293	0.54980
2	0.27867	0.01689	0.01316	0.01382	0.14027	0.37712	0.00930	0.04515	0.01244	0.03844	0.00834	0.00972	0.00668	0.00500	0.00422	0.00143	0.00673	0.00340	0.00294	0.00627
3	0.01049	0.00899	0.01049	0.00749	0.01198	0.00674	0.00599	0.01273	0.01049	0.01648	0.00899	0.01049	0.00749	0.00374	0.00374	0.00075	0.00374	0.00300	0.00300	0.85320
4	0.00826	0.00577	0.00677	0.00659	0.00727	0.00579	0.00436	0.08449	0.01068	0.01446	0.15021	0.19707	0.02559	0.43191	0.01623	0.00340	0.00412	0.00886	0.00404	0.00413
5	0.05810	0.01063	0.01145	0.01044	0.03024	0.01203	0.00799	0.02578	0.65408	0.09129	0.01956	0.01801	0.01448	0.00664	0.00503	0.00169	0.00407	0.00548	0.00508	0.00793
6	0.01515	0.00950	0.01121	0.00892	0.01268	0.00894	0.00714	0.02137	0.27224	0.27010	0.01646	0.01550	0.01180	0.00561	0.00465	0.00134	0.00401	0.00459	0.00478	0.29402
7	0.01014	0.02616	0.79609	0.01441	0.02189	0.01174	0.01868	0.01601	0.01068	0.01601	0.00907	0.01068	0.00641	0.00480	0.00480	0.00160	0.00747	0.00374	0.00214	0.00747
8	0.01166	0.37168	0.43932	0.01213	0.01817	0.01535	0.03762	0.01564	0.01054	0.01424	0.00823	0.00966	0.00648	0.00458	0.00417	0.00138	0.00661	0.00336	0.00216	0.00703
9	0.00767	0.00598	0.00860	0.00835	0.00904	0.00715	0.00642	0.00916	0.00798	0.01153	0.01309	0.02064	0.01274	0.13896	0.61141	0.00704	0.10154	0.00556	0.00270	0.00444
10	0.44809	0.00736	0.00656	0.00632	0.00799	0.00813	0.00455	0.01120	0.00834	0.01693	0.01304	0.13299	0.01386	0.28278	0.01125	0.00276	0.00411	0.00597	0.00333	0.00446
11	0.01418	0.00910	0.00965	0.00846	0.01077	0.12017	0.00668	0.01626	0.01414	0.28044	0.35127	0.02835	0.02831	0.00853	0.00555	0.00160	0.00419	0.07083	0.00530	0.00621
12	0.02269	0.00861	0.01174	0.00900	0.01291	0.00743	0.00743	0.02464	0.01447	0.79425	0.01995	0.01721	0.01252	0.00626	0.00509	0.00156	0.00430	0.00509	0.00626	0.00861
13	0.00635	0.00454	0.00609	0.00726	0.00764	0.00427	0.00503	0.00737	0.00987	0.01312	0.02777	0.74580	0.03303	0.01566	0.00651	0.00208	0.00310	0.08568	0.00469	0.00416
14	0.00633	0.00447	0.00582	0.00682	0.00707	0.00422	0.00446	0.00709	0.00935	0.01246	0.02616	0.70620	0.03128	0.13158	0.00922	0.00246	0.00322	0.01337	0.00446	0.00396
15	0.03709	0.01388	0.01275	0.01127	0.01285	0.24997	0.00882	0.03374	0.09300	0.06040	0.01153	0.01485	0.02527	0.08265	0.05249	0.00236	0.26346	0.00465	0.00313	0.00584
16	0.01889	0.02410	0.01433	0.01303	0.01563	0.80199	0.00977	0.02019	0.01433	0.01238	0.00782	0.00912	0.00651	0.00521	0.00456	0.00130	0.00912	0.00326	0.00261	0.00586
17	0.01379	0.00884	0.00964	0.00837	0.01096	0.00952	0.00660	0.10900	0.31866	0.13591	0.01812	0.01783	0.01337	0.00635	0.00458	0.00149	0.00367	0.00515	0.29112	0.00705
18	0.00616	0.00440	0.00587	0.00704	0.00733	0.00411	0.00469	0.00704	0.00968	0.01291	0.02787	0.81899	0.03344	0.01584	0.00645	0.00205	0.00293	0.01438	0.00469	0.00411
19	0.01194	0.01364	0.02984	0.02131	0.02643	0.01279	0.77238	0.01620	0.01194	0.01620	0.01023	0.01364	0.00767	0.00426	0.00597	0.00171	0.00853	0.00597	0.00256	0.00682
20	0.00633	0.00447	0.00582	0.00682	0.00707	0.00422	0.00446	0.00709	0.00935	0.01246	0.02616	0.70620	0.03128	0.13158	0.00922	0.00246	0.00322	0.01337	0.00446	0.00396
21	0.00598	0.00512	0.00512	0.00512	0.00683	0.00427	0.00384	0.00726	0.01153	0.01366	0.05123	0.04866	0.78869	0.01281	0.00598	0.00171	0.00256	0.01067	0.00470	0.00427
22	0.01352	0.82533	0.02650	0.00865	0.01298	0.02001	0.00865	0.01514	0.01027	0.01190	0.00703	0.00811	0.00649	0.00433	0.00324	0.00108	0.00541	0.00270	0.00216	0.00649
23	0.00869	0.00694	0.01126	0.01103	0.01277	0.00682	0.11783	0.01130	0.01168	0.01529	0.02440	0.05081	0.02603	0.01258	0.00684	0.00224	0.00521	0.64896	0.00436	0.00497
24	0.01251	0.01264	0.01733	0.01425	0.01545	0.09355	0.12382	0.01414	0.00934	0.04872	0.00790	0.01153	0.00705	0.00769	0.01328	0.00202	0.57584	0.00457	0.00249	0.00590
25	0.02241	0.00867	0.01173	0.00903	0.01292	0.00757	0.00745	0.02470	0.03562	0.77293	0.01997	0.01726	0.01260	0.00628	0.00509	0.00157	0.00429	0.00510	0.00623	0.00859
26	0.01086	0.06092	0.60627	0.01405	0.02057	0.01173	0.08129	0.01596	0.01108	0.04969	0.05061	0.01253	0.00897	0.00515	0.00509	0.00159	0.01965	0.00423	0.00253	0.00725
27	0.00883	0.13616	0.20309	0.01031	0.01338	0.00920	0.07453	0.01133	0.01018	0.01374	0.01821	0.38816	0.01998	0.03517	0.00613	0.00186	0.00499	0.02579	0.00345	0.00550
28	0.00753	0.00612	0.00920	0.00816	0.00970	0.00573	0.08877	0.00980	0.01301	0.01796	0.49803	0.13088	0.11697	0.01068	0.00624	0.00170	0.01720	0.03248	0.00496	0.00487
29	0.00651	0.00455	0.00576	0.00660	0.00680	0.00434	0.00422	0.00713	0.00900	0.01200	0.02438	0.58933	0.02904	0.25151	0.01209	0.00289	0.00351	0.01232	0.00422	0.00380
30	0.04741	0.01212	0.01308	0.01055	0.01413	0.02902	0.00854	0.38177	0.21867	0.17002	0.01585	0.03101	0.01146	0.00644	0.00504	0.00159	0.00488	0.00506	0.00518	0.00819
31	0.01054	0.01031	0.01940	0.09102	0.18821	0.01017	0.29338	0.01377	0.01154	0.01555	0.01585	0.04258	0.03174	0.00752	0.00597	0.00184	0.00649	0.21467	0.00319	0.00626
32	0.01185	0.11680	0.27937	0.02390	0.03505	0.01119	0.06105	0.03086	0.05181	0.06011	0.01016	0.01141	0.00774	0.00460	0.00441	0.00128	0.00570	0.00375	0.00289	0.26609
33	0.03649	0.03579	0.38564	0.01255	0.01825	0.01032	0.07813	0.01937	0.01221	0.32160	0.01335	0.01338	0.00889	0.00532	0.00494	0.00158	0.00618	0.00441	0.00382	0.00779
34	0.00710	0.00539	0.00675	0.00749	0.00874	0.00504	0.00613	0.00886	0.01136	0.01431	0.03593	0.14812	0.30990	0.01377	0.00655	0.00207	0.00367	0.38970	0.00468	0.00445
35	0.01103	0.00890	0.00917	0.04663	0.01135	0.09104	0.00669	0.11209	0.10091	0.04683	0.02066	0.39631	0.02141	0.01065	0.00554	0.00175	0.00423	0.00924	0.07993	0.00562
36	0.01434	0.18687	0.25701	0.01224	0.05939	0.01315	0.01186	0.07494	0.14461	0.15782	0.01283	0.01293	0.00933	0.00540	0.00462	0.00149	0.00565	0.00421	0.00364	0.00767
37	0.00616	0.00440	0.00587	0.00704	0.00733	0.00411	0.00469	0.00704	0.00968	0.01291	0.02787	0.81899	0.03344	0.01584	0.00645	0.00205	0.00293	0.01438	0.00469	0.00411
38	0.00958	0.00880	0.01459	0.74666	0.03271	0.01097	0.01339	0.01284	0.01008	0.01323	0.00935	0.01373	0.00709	0.00519	0.00524	0.00167	0.02519	0.00450	0.04963	0.00556
39	0.00735	0.00490	0.00552	0.00552	0.00552	0.00490	0.00306	0.00735	0.00735	0.00980	0.01593	0.03309	0.01838	0.82229	0.02574	0.00490	0.00490	0.00735	0.00306	0.00306
40	0.01050	0.02160	0.57590	0.01300	0.01964	0.01075	0.03887	0.03422	0.01100	0.01652	0.00917	0.01076	0.00674	0.00458	0.00461	0.00141	0.00662	0.00366	0.00242	0.19803
41	0.01026	0.04361	0.75982	0.01446	0.02180	0.01195	0.03730	0.01600	0.01070	0.01593	0.00906	0.01069	0.00644	0.00478	0.00480	0.00159	0.00745	0.00377	0.00215	0.00744
42	0.00622	0.00443	0.00585	0.00696	0.00724	0.00415	0.00461	0.00706	0.00956	0.01274	0.02724	0.77752	0.03265	0.05839	0.00747	0.00220	0.00304	0.01400	0.00461	0.00405
43	0.01014	0.02616	0.79609	0.01441	0.02189	0.01174	0.01868	0.01601	0.01068	0.01601	0.00907	0.01068	0.00641	0.00480	0.00480	0.00160	0.00747	0.00374	0.00214	0.00747
44	0.00918	0.00720	0.00874	0.00910	0.01078	0.00762	0.00753	0.01493	0.24311	0.01670	0.02731	0.08092	0.09816	0.01181	0.00631	0.00207	0.00418	0.42395	0.00481	0.00560
45	0.00610	0.00492	0.00543	0.00574	0.00702	0.00425	0.00414	0.00733	0.01116	0.01384	0.08803	0.26761	0.52970	0.01353	0.00611	0.00180	0.00266	0.01164	0.00475	0.00425
46	0.01310	0.00665	0.00866	0.00743	0.00975	0.00599	0.00587	0.01558	0.03773	0.31175	0.38457	0.03095	0.10413	0.00902	0.00563	0.00161	0.00323	0.02634	0.00571	0.00627
47	0.01209	0.01158	0.01975	0.14307	0.68205	0.01190	0.01531	0.01515	0.01131	0.01600	0.00944	0.01265	0.00783	0.00458	0.00501	0.00153	0.00611	0.00450	0.00247	0.00767
48	0.00955	0.00899	0.01517	0.81013	0.03483	0.01123	0.01404	0.01292	0.01011	0.01292	0.00899	0.01348	0.00674	0.00506	0.00506	0.00169	0.00674	0.00449	0.00225	0.00562
49	0.01293	0.59748	0.19665	0.01021	0.01507	0.04959	0.01098	0.01547	0.01047	0.01284	0.00751	0.00879	0.00648	0.00457	0.00394	0.00123	0.02398	0.00299	0.00218	0.00666
50	0.01965	0.00928	0.01164	0.00939	0.01298	0.00898	0.00760	0.02531	0.24519	0.56174	0.02014	0.01771	0.01340	0.00644	0.00510	0.00161	0.00421	0.00528	0.00592	0.00842
51	0.00616	0.00440	0.00587	0.00704	0.00733	0.00411	0.00469	0.00704	0.00968	0.01291	0.02787	0.81899	0.03344	0.01584	0.00645	0.00205	0.00293	0.01438	0.00469	0.00411
52	0.01194	0.01364	0.02984	0.02131	0.02643	0.01279	0.77238	0.01620	0.01194	0.01620	0.01023	0.01364	0.00767	0.00426	0.00597	0.00171	0.00853	0.00597	0.00256	0.00682
53	0.00641	0.00470	0.00608	0.00708	0.00770	0.00437	0.00506	0.00755	0.01022	0.01333	0.03107	0.60143	0.14123	0.01514	0.00646	0.00204	0.00312	0.11809	0.00469	0.00421
54	0.01509	0.01190	0.01451	0.23636	0.02051	0.01314	0.01037	0.43577	0.01771	0.02395	0.01070	0.01226	0.00788	0.00550	0.00508	0.00147	0.02066	0.00431	0.00392	0.12892
55	0.01898	0.01404	0.01504	0.01159	0.01559	0.01557	0.00955	0.74681	0.05124	0.03148	0.01245	0.01238	0.00885	0.00610	0.00506	0.00152	0.00551	0.00459	0.00506	0.00858
56	0.01014	0.02616	0.79609	0.01441	0.02189	0.01174	0.01868	0.01601	0.01068	0.01601	0.00907	0.01068	0.00641	0.00480	0.00480	0.00160	0.00747	0.00374	0.00214	0.00747
57	0.01010	0.00747	0.00901	0.05231	0.01142	0.00792	0.00666	0.01630	0.28233	0.07504	0.20089	0.20970	0.04960	0.00997	0.00570	0.00177	0.00353	0.02918	0.00503	0.00606
58	0.00931	0.00761	0.00853	0.00790	0.00987	0.00806	0.00604	0.01666	0.34594	0.01956	0.33470	0.04700	0.13980	0.00930	0.00562	0.00167	0.00312	0.00799	0.00524	0.00608
59	0.00613	0.00450	0.00576	0.00677	0.00726	0.00413	0.00457	0.00707	0.00995	0.01302	0.03122	0.70843	0.14184	0.01541	0.00639	0.00200	0.00288	0.01384	0.00469	0.00413
60	0.00704	0.00483	0.00570	0.00591	0.00614	0.00470	0.00360	0.00749	0.00864	0.01158	0.09349	0.20273	0.04567	0.54896	0.01916	0.00389	0.00417	0.00912	0.00370	0.00348
61	0.01354	0.34270	0.26383	0.01190	0.03082	0.18449	0.01212	0.01716	0.05446	0.01389	0.00864	0.00981	0.00700	0.00481	0.00415	0.00133	0.00678	0.00335	0.00242	0.00678
62	0.00795	0.00463	0.00535	0.00577	0.00661	0.00448	0.00410	0.00973	0.01059	0.01667	0.09196	0.33234	0.02414	0.01018	0.00490	0.00156	0.00258	0.00889	0.44310	0.00448
63	0.00616	0.00440	0.00587	0.00704	0.00733	0.00411	0.00469	0.00704	0.00968	0.01291	0.02787	0.81899	0.03344	0.01584	0.00645	0.00205	0.00293	0.01438	0.00469	0.00411
64	0.02226	0.00863	0.01168	0.00899	0.01284	0.00753	0.00741	0.03856	0.01465	0.76172	0.03768	0.01759	0.01326	0.00635	0.00511	0.00156	0.00428	0.00517	0.00622	0.00852
65	0.01340	0.27159	0.05191	0.23526	0.02008	0.10378	0.01071	0.08666	0.11795	0.02775	0.01029	0.01184	0.00808	0.00519	0.00443	0.00143	0.00609	0.00394	0.00298	0.00665
66	0.00878	0.00439	0.00659	0.00659	0.00659	0.00439	0.00439	0.00659	0.00659	0.00878	0.00878	0.01537	0.00878	0.01757	0.01976	0.85288	0.00439	0.00439	0.00220	0.00220
67	0.01922	0.01416	0.01518	0.01163	0.01568	0.01568	0.00961	0.77388	0.02378	0.03187	0.01214	0.01214	0.00860	0.00607	0.00506	0.00152	0.00556	0.00455	0.00506	0.00860
68	0.00881	0.00666	0.00822	0.05357	0.01055	0.00689	0.00616	0.11921	0.07104	0.01706	0.10423	0.48629	0.05643	0.01245	0.00601	0.00187	0.00354	0.01106	0.00473	0.00521
69	0.01726	0.01464	0.26080	0.01387	0.12738	0.00945	0.01215	0.02061	0.01285	0.43676	0.01502	0.01447	0.00994	0.00555	0.00499	0.00157	0.00555	0.00458	0.00442	0.00816
70	0.01109	0.25087	0.57969	0.01279	0.01938	0.01407	0.01586	0.01577	0.01056	0.01486	0.00850	0.00995	0.00643	0.00467	0.00437	0.00146	0.00689	0.00345	0.00214	0.00720
71	0.00943	0.00471	0.00471	0.00471	0.00589	0.00471	0.00353	0.01178	0.01060	0.01885	0.01650	0.01885	0.01296	0.00589	0.00353	0.00118	0.00236	0.00471	0.85036	0.00471
72	0.01412	0.01295	0.12947	0.09754	0.24878	0.01083	0.10839	0.06325	0.01265	0.18544	0.01292	0.03696	0.00995	0.00564	0.00522	0.00161	0.00609	0.02717	0.00353	0.00750
73	0.00955	0.00899	0.01517	0.81013	0.03483	0.01123	0.01404	0.01292	0.01011	0.01292	0.00899	0.01348	0.00674	0.00506	0.00506	0.00169	0.00674	0.00449	0.00225	0.00562
74	0.01233	0.01182	0.02018	0.08057	0.74269	0.01197	0.01543	0.01535	0.01142	0.01629	0.00948	0.01258	0.00793	0.00454	0.00501	0.00151	0.00605	0.00450	0.00249	0.00786
75	0.05201	0.01442	0.01532	0.01570	0.15525	0.24773	0.06198	0.01502	0.01127	0.01406	0.01301	0.01658	0.08305	0.00710	0.00808	0.00170	0.21849	0.04043	0.00280	0.00600
76	0.00618	0.00483	0.00561	0.00606	0.00712	0.00426	0.00430	0.00741	0.01106	0.01406	0.12138	0.36917	0.39294	0.01381	0.00617	0.00184	0.00270	0.01205	0.00479	0.00426
77	0.01234	0.56017	0.23849	0.01026	0.01522	0.01715	0.01131	0.01507	0.01024	0.01298	0.00786	0.00966	0.00684	0.02970	0.00468	0.00137	0.02469	0.00317	0.00218	0.00663
78	0.07133	0.00858	0.01048	0.00806	0.01189	0.00725	0.00649	0.01767	0.02688	0.33764	0.03060	0.05990	0.01188	0.00573	0.00448	0.00125	0.00392	0.00467	0.00454	0.36675
79	0.01436	0.01252	0.01239	0.01076	0.01384	0.07328	0.00845	0.17293	0.57451	0.02259	0.01795	0.01680	0.01342	0.00658	0.00508	0.00164	0.00470	0.00530	0.00493	0.00796
80	0.01569	0.03585	0.14571	0.00965	0.01399	0.00884	0.00902	0.03373	0.08575	0.33984	0.01581	0.06320	0.01172	0.00606	0.00479	0.00143	0.00467	0.00496	0.00453	0.18475
81	0.01049	0.10760	0.71766	0.01383	0.02098	0.01259	0.01766	0.01593	0.01064	0.01559	0.00887	0.01041	0.00641	0.00476	0.00465	0.00155	0.00726	0.00363	0.00214	0.00737
82	0.01889	0.02410	0.01433	0.01303	0.01563	0.80199	0.00977	0.02019	0.01433	0.01238	0.00782	0.00912	0.00651	0.00521	0.00456	0.00130	0.00912	0.00326	0.00261	0.00586
83	0.00961	0.00905	0.01528	0.79364	0.05083	0.01125	0.01407	0.01297	0.01014	0.01300	0.00900	0.01346	0.00677	0.00504	0.00505	0.00168	0.00673	0.00449	0.00225	0.00567
84	0.00955	0.00890	0.01496	0.79425	0.03426	0.01111	0.01384	0.01290	0.01012	0.01304	0.00914	0.01359	0.00686	0.00507	0.00503	0.00168	0.00665	0.00450	0.01897	0.00560
85	0.01023	0.00927	0.01412	0.51017	0.08558	0.01101	0.01235	0.01564	0.16378	0.01506	0.01315	0.01892	0.01085	0.00628	0.00527	0.00174	0.00593	0.08140	0.00309	0.00618
86	0.01152	0.00614	0.00816	0.00710	0.00906	0.00552	0.00552	0.01379	0.01436	0.23790	0.57209	0.03199	0.03782	0.00919	0.00572	0.00158	0.00292	0.00800	0.00576	0.00585
87	0.00616	0.00440	0.00587	0.00704	0.00733	0.00411	0.00469	0.00704	0.00968	0.01291	0.02787	0.81899	0.03344	0.01584	0.00645	0.00205	0.00293	0.01438	0.00469	0.00411
88	0.85801	0.00978	0.00743	0.00665	0.00978	0.01134	0.00548	0.01486	0.00861	0.02269	0.00704	0.00821	0.00548	0.00469	0.00313	0.00156	0.00391	0.00274	0.00313	0.00548
89	0.10009	0.00892	0.01066	0.00798	0.01212	0.00747	0.00649	0.01749	0.01182	0.31378	0.01297	0.01282	0.00921	0.00480	0.00419	0.00114	0.00397	0.00377	0.00425	0.44606
90	0.00616	0.00440	0.00587	0.00704	0.00733	0.00411	0.00469	0.00704	0.00968	0.01291	0.02787	0.81899	0.03344	0.01584	0.00645	0.00205	0.00293	0.01438	0.00469	0.00411
91	0.00893	0.00477	0.00477	0.00477	0.00603	0.00465	0.00358	0.01113	0.01074	0.01811	0.02148	0.02313	0.12429	0.00688	0.00389	0.00125	0.00239	0.00557	0.72899	0.00465
92	0.00684	0.00505	0.00732	0.00774	0.00842	0.00553	0.00574	0.00832	0.00868	0.01216	0.01865	0.30492	0.02006	0.03005	0.51838	0.00596	0.00976	0.00861	0.00342	0.00437
93	0.01649	0.00978	0.01149	0.00974	0.01290	0.01021	0.00781	0.09609	0.34496	0.31179	0.02019	0.05433	0.01521	0.00734	0.00527	0.00169	0.00425	0.04702	0.00551	0.00793
94	0.01049	0.00899	0.01049	0.00749	0.01198	0.00674	0.00599	0.01273	0.01049	0.01648	0.00899	0.01049	0.00749	0.00374	0.00374	0.00075	0.00374	0.00300	0.00300	0.85320
95	0.00959	0.00905	0.01518	0.78662	0.03419	0.01136	0.01396	0.01290	0.01004	0.01290	0.00892	0.01341	0.00674	0.00517	0.00540	0.00170	0.03053	0.00449	0.00225	0.00561
96	0.00724	0.00537	0.00787	0.00787	0.00868	0.00618	0.00599	0.00886	0.00805	0.01154	0.01378	0.02119	0.01322	0.11654	0.72442	0.00780	0.01268	0.00561	0.00274	0.00437
97	0.00760	0.00474	0.00625	0.00706	0.00768	0.00439	0.00484	0.00865	0.01010	0.07272	0.02663	0.71317	0.03071	0.01456	0.00619	0.00197	0.00301	0.01313	0.05214	0.00448
98	0.00963	0.00816	0.01058	0.23393	0.01725	0.00935	0.00856	0.01635	0.30427	0.01617	0.01956	0.27163	0.01867	0.00919	0.00550	0.00180	0.00440	0.00811	0.02086	0.00603
99	0.00804	0.00575	0.00803	0.00919	0.01031	0.00573	0.00797	0.01030	0.01154	0.01502	0.02683	0.09724	0.02933	0.01407	0.00696	0.00231	0.00457	0.71754	0.00466	0.00463
100	0.01592	0.01290	0.01303	0.01092	0.01424	0.06855	0.00869	0.30126	0.41458	0.05933	0.01656	0.01564	0.01217	0.00643	0.00507	0.00161	0.00495	0.00509	0.00499	0.00810
