[name]
unknown

[dist]
# distance from previous block
# <min> <max>
6	55

[block]
# block no. 0 follows, 43 sequences, length 7
# corresponding to MSA columns:
# 55-61
name=unknown_A
#
# <colnr> <probs for GDERKNQSTAVLIFYWHMCP>
#	G	D	E	R	K	N	Q	S	T	A	V	L	I	F	Y	W	H	M	C	P
0	0.01131	0.01022	0.01427	0.01384	0.07269	0.01292	0.01033	0.06524	0.01070	0.01561	0.03710	0.14454	0.01469	0.01463	0.11545	0.00311	0.41699	0.00697	0.00331	0.00608
1	0.00707	0.00503	0.00636	0.00721	0.00761	0.00473	0.00473	0.00796	0.01048	0.01396	0.07347	0.55844	0.07220	0.18018	0.01139	0.00285	0.00360	0.01359	0.00483	0.00431
2	0.01243	0.01151	0.01742	0.01881	0.28369	0.01007	0.08152	0.01539	0.01204	0.01803	0.01018	0.01260	0.00842	0.00445	0.00483	0.00121	0.00548	0.00418	0.00304	0.46468
3	0.01749	0.12877	0.01459	0.01066	0.01338	0.31857	0.00821	0.01879	0.01327	0.17068	0.01392	0.04677	0.01238	0.17763	0.00996	0.00233	0.00707	0.00531	0.00381	0.00641
4	0.01327	0.01277	0.01938	0.09483	0.51522	0.04632	0.01441	0.01634	0.01238	0.01753	0.01016	0.01317	0.00846	0.00485	0.00518	0.00148	0.00629	0.00453	0.00283	0.18059
5	0.01125	0.00876	0.01149	0.17101	0.01713	0.00838	0.00836	0.07573	0.01257	0.05258	0.01708	0.25662	0.01717	0.00883	0.00551	0.00159	0.00471	0.00772	0.00404	0.29947
6	0.01599	0.03834	0.03647	0.01231	0.01497	0.20386	0.01003	0.24293	0.01594	0.01997	0.01152	0.01471	0.00973	0.03823	0.18027	0.00341	0.11592	0.00483	0.00364	0.00695

[dist]
# distance from previous block
# <min> <max>
0	1

[block]
# block no. 1 follows, 43 sequences, length 6
# corresponding to MSA columns:
# 65-70
name=unknown_B
#
# <colnr> <probs for GDERKNQSTAVLIFYWHMCP>
#	G	D	E	R	K	N	Q	S	T	A	V	L	I	F	Y	W	H	M	C	P
0	0.01245	0.22513	0.35767	0.05473	0.02229	0.01569	0.14235	0.01682	0.01153	0.01591	0.00936	0.01172	0.00732	0.00539	0.00607	0.00168	0.06961	0.00432	0.00244	0.00751
1	0.01002	0.00839	0.01275	0.15652	0.22432	0.00876	0.00964	0.01205	0.01116	0.01535	0.14188	0.02697	0.02014	0.30314	0.01410	0.00308	0.00560	0.00695	0.00349	0.00568
2	0.00796	0.00654	0.00847	0.00844	0.00919	0.00713	0.00629	0.00930	0.01103	0.01490	0.11811	0.31236	0.19110	0.04907	0.06735	0.00276	0.14948	0.01112	0.00452	0.00490
3	0.01248	0.01128	0.01583	0.13995	0.24567	0.01125	0.01156	0.01818	0.17076	0.01853	0.01271	0.01462	0.01009	0.00530	0.00507	0.00145	0.00542	0.00467	0.00349	0.28167
4	0.00724	0.00529	0.00680	0.00715	0.00809	0.00486	0.00509	0.00902	0.01319	0.01801	0.37957	0.36969	0.11708	0.01419	0.00676	0.00197	0.00289	0.01265	0.00559	0.00486
5	0.01310	0.20514	0.20490	0.01376	0.01784	0.01600	0.07937	0.08893	0.01224	0.01689	0.01066	0.06869	0.00961	0.00724	0.00846	0.00183	0.21008	0.00517	0.00293	0.00717

[dist]
# distance from previous block
# <min> <max>
0	1

[block]
# block no. 2 follows, 43 sequences, length 7
# corresponding to MSA columns:
# 72-78
name=unknown_C
#
# <colnr> <probs for GDERKNQSTAVLIFYWHMCP>
#	G	D	E	R	K	N	Q	S	T	A	V	L	I	F	Y	W	H	M	C	P
0	0.00767	0.00556	0.00643	0.00623	0.00757	0.00505	0.00453	0.00957	0.01337	0.01829	0.36999	0.04274	0.28294	0.10614	0.00886	0.00217	0.00300	0.00987	0.08521	0.00481
1	0.01641	0.59580	0.02539	0.01078	0.01501	0.22907	0.00981	0.01809	0.01246	0.01317	0.00793	0.00918	0.00711	0.00500	0.00395	0.00125	0.00703	0.00313	0.00250	0.00692
2	0.08211	0.00569	0.00691	0.00777	0.00847	0.00566	0.00550	0.00914	0.01039	0.01488	0.02598	0.47730	0.03021	0.15580	0.01059	0.00280	0.00399	0.12762	0.00466	0.00453
3	0.08198	0.13983	0.18297	0.01342	0.01844	0.12700	0.07805	0.17980	0.05319	0.05806	0.01129	0.01225	0.00844	0.00568	0.00503	0.00161	0.00708	0.00435	0.00363	0.00789
4	0.08084	0.01733	0.22437	0.15353	0.13816	0.04579	0.06794	0.13645	0.01411	0.02016	0.01124	0.04501	0.00897	0.00595	0.00540	0.00175	0.00710	0.00505	0.00320	0.00767
5	0.01591	0.15042	0.01830	0.14474	0.10365	0.26195	0.01147	0.06765	0.07885	0.01667	0.01047	0.01228	0.00844	0.00552	0.00492	0.00149	0.00728	0.00415	0.00315	0.07270
6	0.01220	0.00950	0.01076	0.00943	0.01191	0.01021	0.00735	0.15233	0.26139	0.02484	0.38602	0.02946	0.03286	0.00922	0.00606	0.00177	0.00383	0.00787	0.00584	0.00715

[dist]
# distance from previous block
# <min> <max>
0	1

[block]
# block no. 3 follows, 43 sequences, length 11
# corresponding to MSA columns:
# 80-90
name=unknown_D
#
# <colnr> <probs for GDERKNQSTAVLIFYWHMCP>
#	G	D	E	R	K	N	Q	S	T	A	V	L	I	F	Y	W	H	M	C	P
0	0.09923	0.01499	0.14802	0.01243	0.01691	0.04361	0.06967	0.17607	0.01575	0.22680	0.01559	0.08858	0.01217	0.00721	0.00582	0.00178	0.02680	0.00587	0.00468	0.00804
1	0.01232	0.05613	0.05145	0.01143	0.01404	0.01059	0.07823	0.01646	0.10633	0.11619	0.07470	0.03810	0.01588	0.01916	0.27044	0.00424	0.08750	0.00616	0.00398	0.00666
2	0.00675	0.00482	0.00643	0.00771	0.00803	0.00450	0.00514	0.00771	0.01060	0.01414	0.03053	0.80175	0.03663	0.01735	0.00707	0.00225	0.00321	0.01574	0.00514	0.00450
3	0.01213	0.01110	0.01865	0.21435	0.47146	0.01166	0.01470	0.01501	0.01205	0.01678	0.06991	0.01639	0.01193	0.00672	0.00687	0.06839	0.00632	0.00532	0.00291	0.00735
4	0.01467	0.08011	0.29379	0.01484	0.07794	0.04103	0.05645	0.09291	0.05915	0.10585	0.01351	0.01551	0.01017	0.00603	0.00526	0.00168	0.00664	0.02650	0.06996	0.00801
5	0.01023	0.01536	0.27751	0.07048	0.12094	0.00974	0.04561	0.01402	0.01237	0.03436	0.08763	0.09478	0.16678	0.00863	0.00591	0.00182	0.00587	0.00750	0.00367	0.00682
6	0.01288	0.00684	0.00840	0.00733	0.00970	0.00598	0.00565	0.01470	0.01402	0.26185	0.20806	0.03804	0.29848	0.07344	0.00793	0.00207	0.00358	0.00903	0.00578	0.00623
7	0.06586	0.01157	0.01398	0.09382	0.08426	0.04543	0.00987	0.12217	0.14132	0.26346	0.07655	0.01834	0.01489	0.00683	0.00549	0.00173	0.00533	0.00560	0.00521	0.00825
8	0.07962	0.01805	0.23797	0.02468	0.40770	0.04075	0.05040	0.04362	0.01271	0.01890	0.01014	0.01266	0.00799	0.00512	0.00529	0.00168	0.00709	0.00457	0.00279	0.00826
9	0.01183	0.01469	0.22584	0.01757	0.18681	0.01002	0.08442	0.01529	0.01209	0.08765	0.01763	0.25664	0.01730	0.00901	0.00602	0.00189	0.00608	0.00825	0.00376	0.00723
10	0.00837	0.00640	0.00727	0.00748	0.00905	0.00624	0.00569	0.01205	0.11858	0.01720	0.08715	0.19671	0.29882	0.01304	0.00641	0.00197	0.00338	0.10502	0.08381	0.00536

[dist]
# distance from previous block
# <min> <max>
0	2

[block]
# block no. 4 follows, 43 sequences, length 24
# corresponding to MSA columns:
# 93-111,113-117
name=unknown_E
#
# <colnr> <probs for GDERKNQSTAVLIFYWHMCP>
#	G	D	E	R	K	N	Q	S	T	A	V	L	I	F	Y	W	H	M	C	P
0	0.06881	0.18101	0.09027	0.01796	0.07668	0.03069	0.35253	0.01660	0.01205	0.01672	0.01110	0.04754	0.00954	0.03714	0.00637	0.00183	0.00758	0.00562	0.00283	0.00714
1	0.04330	0.00701	0.00832	0.00766	0.00876	0.00742	0.00549	0.06524	0.01185	0.04965	0.17712	0.05682	0.02425	0.32167	0.05921	0.00358	0.05801	0.00764	0.07196	0.00503
2	0.01509	0.28399	0.18640	0.01275	0.06700	0.01493	0.01186	0.04593	0.09232	0.12983	0.01312	0.03893	0.01033	0.00593	0.00480	0.00153	0.00594	0.00459	0.00366	0.05107
3	0.02012	0.01097	0.06447	0.01216	0.07698	0.00911	0.00960	0.07031	0.01566	0.48814	0.08156	0.02136	0.01649	0.00727	0.00567	0.00172	0.00501	0.04152	0.00586	0.03602
4	0.06288	0.30248	0.09736	0.01157	0.01581	0.13931	0.01069	0.14899	0.06510	0.01890	0.01160	0.01250	0.03250	0.00602	0.00521	0.00152	0.04261	0.00412	0.00338	0.00744
5	0.01336	0.20776	0.41812	0.01657	0.12352	0.05325	0.01638	0.05897	0.01272	0.01735	0.00960	0.01132	0.00742	0.00519	0.00490	0.00158	0.00741	0.00397	0.00261	0.00800
6	0.00718	0.00515	0.00627	0.00688	0.00739	0.00483	0.00449	0.00803	0.01048	0.01380	0.07975	0.42207	0.13477	0.24749	0.01315	0.00308	0.00375	0.01254	0.00468	0.00424
7	0.01271	0.14786	0.50730	0.01384	0.02053	0.01441	0.01642	0.09604	0.04562	0.01916	0.04781	0.01327	0.00994	0.00572	0.00510	0.00166	0.00717	0.00440	0.00301	0.00803
8	0.00707	0.00528	0.00636	0.00700	0.00785	0.00484	0.00489	0.00824	0.01130	0.01457	0.08012	0.38542	0.24908	0.12141	0.00975	0.00255	0.00347	0.06137	0.00496	0.00448
9	0.00745	0.00548	0.00593	0.00595	0.00749	0.00484	0.00441	0.00924	0.01284	0.01719	0.17691	0.10749	0.44730	0.01250	0.00612	0.00178	0.00277	0.01059	0.14887	0.00484
10	0.00863	0.00699	0.01024	0.00981	0.01064	0.00859	0.00776	0.01050	0.00905	0.01324	0.03779	0.02073	0.01395	0.03510	0.62704	0.00756	0.14839	0.00588	0.00297	0.00515
11	0.01174	0.05462	0.01145	0.03518	0.04867	0.09072	0.01896	0.01383	0.01139	0.01699	0.01523	0.10270	0.01378	0.00865	0.02387	0.00180	0.13654	0.00600	0.37216	0.00572
12	0.84448	0.01071	0.00814	0.00728	0.01071	0.01242	0.00600	0.01628	0.00943	0.02485	0.00771	0.00900	0.00600	0.00514	0.00343	0.00171	0.00428	0.00300	0.00343	0.00600
13	0.01418	0.07683	0.03231	0.07596	0.13537	0.13951	0.04136	0.13904	0.03872	0.01886	0.01670	0.14914	0.05084	0.00807	0.00557	0.00171	0.00624	0.00683	0.03575	0.00702
14	0.00971	0.00658	0.00891	0.00807	0.01001	0.00583	0.04212	0.01174	0.01354	0.10356	0.28941	0.21412	0.18397	0.01202	0.00641	0.00184	0.00344	0.01062	0.00545	0.05264
15	0.00675	0.00482	0.00643	0.00771	0.00803	0.00450	0.00514	0.00771	0.01060	0.01414	0.03053	0.80175	0.03663	0.01735	0.00707	0.00225	0.00321	0.01574	0.00514	0.00450
16	0.01309	0.05194	0.28153	0.02126	0.26066	0.04313	0.08067	0.04657	0.05509	0.01824	0.01179	0.01552	0.00959	0.00588	0.00582	0.00175	0.02581	0.04060	0.00298	0.00808
17	0.01471	0.61099	0.02548	0.01105	0.05156	0.04649	0.00970	0.01840	0.11022	0.01480	0.00989	0.01080	0.00852	0.00513	0.00399	0.00130	0.00583	0.00352	0.00286	0.03476
18	0.01560	0.43080	0.16469	0.01097	0.01592	0.08350	0.01119	0.01833	0.01265	0.12195	0.05796	0.01296	0.01086	0.00563	0.00447	0.00142	0.00632	0.00404	0.00327	0.00746
19	0.01569	0.40691	0.15126	0.01299	0.06480	0.07155	0.02853	0.08382	0.01344	0.07234	0.01014	0.01125	0.00807	0.00527	0.00447	0.00143	0.00657	0.00382	0.01997	0.00769
20	0.01127	0.01007	0.01391	0.01522	0.19015	0.00988	0.05097	0.01708	0.19395	0.01936	0.13181	0.02595	0.14713	0.00791	0.00571	0.00164	0.00461	0.00700	0.00443	0.13196
21	0.00670	0.00499	0.00625	0.00725	0.00791	0.00454	0.00494	0.00776	0.01104	0.01432	0.03611	0.63845	0.19633	0.01663	0.00695	0.00217	0.00312	0.01486	0.00514	0.00454
22	0.06135	0.01625	0.01959	0.01707	0.09494	0.18590	0.19458	0.20854	0.01667	0.04575	0.01280	0.07708	0.01076	0.00657	0.00567	0.00171	0.00745	0.00584	0.00387	0.00761
23	0.03153	0.07742	0.10748	0.15089	0.14315	0.14080	0.07076	0.12114	0.03543	0.05339	0.01102	0.01305	0.00839	0.00557	0.00530	0.00165	0.00737	0.00462	0.00331	0.00771

[dist]
# distance from previous block
# <min> <max>
0	1

[block]
# block no. 5 follows, 43 sequences, length 19
# corresponding to MSA columns:
# 119-124,129-141
name=unknown_F
#
# <colnr> <probs for GDERKNQSTAVLIFYWHMCP>
#	G	D	E	R	K	N	Q	S	T	A	V	L	I	F	Y	W	H	M	C	P
0	0.34784	0.01219	0.01098	0.00956	0.01277	0.07318	0.00761	0.11891	0.17317	0.06580	0.06367	0.01669	0.01330	0.03235	0.00551	0.00185	0.00496	0.01801	0.00453	0.00712
1	0.00719	0.00542	0.00668	0.00710	0.00823	0.00492	0.00521	0.00889	0.01283	0.01690	0.24939	0.30259	0.25409	0.01448	0.00681	0.00202	0.00308	0.07394	0.00541	0.00481
2	0.03227	0.01438	0.12045	0.14080	0.26555	0.01275	0.11322	0.08990	0.03551	0.04187	0.01186	0.01450	0.00907	0.00546	0.00545	0.00171	0.00677	0.00507	0.06556	0.00787
3	0.01552	0.21438	0.01678	0.00973	0.01419	0.13927	0.00818	0.01759	0.01267	0.11069	0.01059	0.01150	0.00844	0.00487	0.00429	0.00112	0.00561	0.00353	0.00343	0.38760
4	0.42897	0.01884	0.09216	0.01096	0.01466	0.31901	0.00939	0.01873	0.01216	0.01959	0.00828	0.00968	0.00656	0.00538	0.00424	0.00160	0.00696	0.00334	0.00308	0.00640
5	0.08801	0.01299	0.01462	0.01129	0.01559	0.01362	0.00933	0.43842	0.02113	0.29444	0.01586	0.01491	0.01066	0.00660	0.00538	0.00168	0.00546	0.00503	0.00583	0.00915
6	0.00957	0.00748	0.00902	0.00906	0.01086	0.00774	0.00730	0.01534	0.20591	0.01951	0.22442	0.06705	0.11199	0.01218	0.00670	0.00208	0.00396	0.25831	0.00551	0.00601
7	0.00710	0.00563	0.00638	0.00619	0.00782	0.00491	0.00464	0.00902	0.01393	0.01806	0.36054	0.04820	0.46219	0.01287	0.00654	0.00182	0.00272	0.01097	0.00555	0.00491
8	0.01212	0.01212	0.01696	0.01454	0.01454	0.01696	0.01212	0.01333	0.00848	0.01333	0.00727	0.01212	0.00727	0.00969	0.01818	0.00242	0.79523	0.00485	0.00242	0.00606
9	0.00894	0.00530	0.00615	0.00616	0.00733	0.00510	0.00453	0.01132	0.01296	0.02035	0.29256	0.13205	0.03103	0.00967	0.00526	0.00158	0.00268	0.00834	0.42360	0.00510
10	0.00733	0.00540	0.00592	0.00606	0.00682	0.00500	0.00388	0.00798	0.01010	0.01275	0.03381	0.12794	0.31060	0.41257	0.01749	0.00367	0.00414	0.01031	0.00424	0.00399
11	0.01291	0.01398	0.02435	0.23859	0.09922	0.07502	0.34537	0.01659	0.01224	0.01601	0.01016	0.01411	0.00794	0.00550	0.00715	0.00186	0.08379	0.00553	0.00267	0.00700
12	0.01349	0.01307	0.02271	0.07594	0.68911	0.01316	0.05705	0.01688	0.01255	0.01785	0.01043	0.01383	0.00867	0.00495	0.00554	0.00167	0.00678	0.00502	0.00273	0.00855
13	0.01119	0.00983	0.01306	0.19191	0.11868	0.01082	0.01038	0.03508	0.24638	0.01855	0.04764	0.02831	0.17035	0.00867	0.00594	0.00187	0.00507	0.05486	0.00440	0.00699
14	0.01339	0.01323	0.05449	0.17933	0.44121	0.01313	0.05582	0.08370	0.02906	0.01905	0.03666	0.01494	0.01011	0.00548	0.00559	0.00171	0.00674	0.00519	0.00310	0.00809
15	0.04719	0.05268	0.36506	0.18081	0.05517	0.01327	0.12407	0.04604	0.01226	0.01777	0.01027	0.01295	0.00759	0.00528	0.00534	0.00175	0.00764	0.00463	0.02275	0.00751
16	0.01129	0.01195	0.09912	0.01547	0.14191	0.03317	0.05149	0.08065	0.01188	0.01664	0.01324	0.04970	0.01190	0.02224	0.35315	0.00497	0.05569	0.00578	0.00314	0.00659
17	0.01341	0.13826	0.07040	0.05316	0.01569	0.03571	0.00946	0.11431	0.19078	0.02046	0.08123	0.04152	0.03177	0.00681	0.00511	0.00153	0.00518	0.00548	0.00421	0.15551
18	0.03661	0.00967	0.01108	0.00839	0.01260	0.00807	0.00667	0.08460	0.01320	0.03798	0.05686	0.05163	0.06139	0.00609	0.00468	0.00113	0.00411	0.00497	0.00395	0.57630

[dist]
# distance from previous block
# <min> <max>
5	14

[block]
# block no. 6 follows, 43 sequences, length 93
# corresponding to MSA columns:
# 156-170,175-229,232-254
name=unknown_G
#
# <colnr> <probs for GDERKNQSTAVLIFYWHMCP>
#	G	D	E	R	K	N	Q	S	T	A	V	L	I	F	Y	W	H	M	C	P
0	0.01232	0.00760	0.00961	0.00966	0.05592	0.00737	0.00644	0.05486	0.05935	0.15440	0.04241	0.22374	0.03321	0.25140	0.01278	0.00293	0.00459	0.00901	0.00478	0.03762
1	0.01588	0.06156	0.01456	0.01159	0.01511	0.04497	0.00927	0.18851	0.51293	0.03539	0.01904	0.01787	0.01423	0.00707	0.00546	0.00177	0.00508	0.00566	0.00532	0.00873
2	0.01123	0.05607	0.56680	0.01453	0.04436	0.01201	0.01702	0.01651	0.01163	0.01732	0.01065	0.04244	0.00843	0.00551	0.00508	0.00159	0.00718	0.00439	0.00262	0.14461
3	0.01409	0.01010	0.11589	0.00917	0.01245	0.00714	0.00826	0.01639	0.01320	0.29483	0.03027	0.17585	0.19988	0.02993	0.00667	0.00198	0.00448	0.03723	0.00534	0.00686
4	0.01681	0.27233	0.13783	0.01312	0.01745	0.30174	0.04389	0.01929	0.01318	0.06034	0.00935	0.01077	0.00757	0.00557	0.00539	0.00149	0.05015	0.00378	0.00284	0.00712
5	0.00947	0.00755	0.00872	0.00809	0.01003	0.00775	0.00617	0.01589	0.24189	0.02152	0.44527	0.03668	0.13804	0.01053	0.00626	0.00180	0.00318	0.00910	0.00583	0.00623
6	0.06409	0.03821	0.02241	0.08217	0.22135	0.03638	0.24289	0.06718	0.08487	0.06735	0.01239	0.01460	0.00941	0.00541	0.00564	0.00174	0.00709	0.00539	0.00349	0.00796
7	0.01389	0.01551	0.12915	0.15748	0.11364	0.10856	0.03819	0.01685	0.01178	0.08089	0.01091	0.02767	0.00881	0.00680	0.00854	0.00187	0.20200	0.00493	0.03549	0.00704
8	0.00908	0.00659	0.00770	0.00735	0.00923	0.00620	0.00567	0.01260	0.09683	0.06454	0.29253	0.06249	0.32133	0.01211	0.00647	0.00188	0.00321	0.06294	0.00563	0.00563
9	0.01119	0.00964	0.01748	0.01397	0.01662	0.00956	0.28409	0.01389	0.01192	0.06171	0.04188	0.26189	0.01953	0.00967	0.00741	0.00195	0.08095	0.00912	0.11137	0.00616
10	0.11078	0.05840	0.25937	0.01222	0.01742	0.03513	0.01249	0.26057	0.01680	0.07218	0.06360	0.01442	0.01140	0.00624	0.00512	0.00167	0.00625	0.00472	0.02317	0.00805
11	0.00690	0.00509	0.00649	0.00748	0.00817	0.00468	0.00523	0.00812	0.01131	0.01479	0.06694	0.59114	0.16316	0.01638	0.00699	0.00218	0.00324	0.06190	0.00518	0.00460
12	0.00846	0.00528	0.00696	0.00701	0.00721	0.00545	0.00455	0.00812	0.00805	0.01092	0.01503	0.05734	0.01631	0.38541	0.16768	0.26590	0.00689	0.00694	0.00306	0.00340
13	0.01491	0.01356	0.01602	0.40270	0.02722	0.11735	0.01276	0.23948	0.01612	0.02030	0.01102	0.01410	0.00836	0.00808	0.05265	0.00216	0.00779	0.00482	0.00348	0.00711
14	0.06444	0.00948	0.01017	0.00963	0.01175	0.03260	0.00735	0.10887	0.23724	0.02123	0.11460	0.25880	0.02617	0.01109	0.00613	0.00196	0.00423	0.05234	0.00528	0.00666
15	0.00890	0.00714	0.00816	0.00793	0.00967	0.00723	0.00591	0.01438	0.21155	0.01924	0.26441	0.18201	0.20789	0.01208	0.00640	0.00190	0.00324	0.01049	0.00557	0.00590
16	0.06950	0.26387	0.01929	0.01129	0.01544	0.16153	0.00964	0.24279	0.01710	0.12314	0.01147	0.01178	0.00864	0.00581	0.00469	0.00148	0.00648	0.00405	0.00409	0.00793
17	0.01780	0.01617	0.01639	0.01344	0.01618	0.15328	0.01094	0.36011	0.01807	0.02360	0.01040	0.01227	0.00828	0.00737	0.00946	0.00184	0.26032	0.00463	0.00398	0.03546
18	0.16976	0.01005	0.01040	0.00925	0.01192	0.01086	0.00720	0.24370	0.08696	0.02361	0.02365	0.22778	0.12236	0.01031	0.00570	0.00188	0.00437	0.00852	0.00499	0.00675
19	0.01688	0.02067	0.02418	0.01880	0.02303	0.39889	0.38039	0.01993	0.01438	0.01565	0.00988	0.01246	0.00777	0.00519	0.00576	0.00165	0.00966	0.00505	0.00283	0.00694
20	0.00734	0.00549	0.00589	0.00587	0.00679	0.00504	0.00382	0.00809	0.01044	0.01310	0.06129	0.04435	0.36935	0.40994	0.01738	0.00362	0.00408	0.00981	0.00428	0.00403
21	0.01684	0.01597	0.02159	0.01657	0.02034	0.10569	0.24173	0.29853	0.01748	0.02299	0.01095	0.01320	0.00843	0.00649	0.00817	0.00184	0.15631	0.00528	0.00378	0.00783
22	0.01069	0.00935	0.01487	0.02055	0.38985	0.00914	0.01111	0.01351	0.01374	0.01952	0.33093	0.08723	0.02927	0.00860	0.00605	0.00173	0.00464	0.00792	0.00434	0.00694
23	0.01337	0.01186	0.01088	0.00968	0.01224	0.14362	0.00747	0.09846	0.17707	0.05684	0.22232	0.02953	0.16526	0.00931	0.00592	0.00173	0.00480	0.00763	0.00523	0.00676
24	0.01589	0.01195	0.01463	0.25451	0.02185	0.01357	0.01089	0.39369	0.01887	0.02596	0.01305	0.01503	0.00961	0.00627	0.00525	0.00165	0.00589	0.00500	0.14880	0.00766
25	0.01119	0.01119	0.02029	0.55152	0.03405	0.01309	0.18212	0.01490	0.01131	0.01490	0.00993	0.01458	0.00761	0.00569	0.00684	0.00190	0.07463	0.00528	0.00254	0.00644
26	0.00972	0.00768	0.00908	0.00734	0.01011	0.00634	0.00540	0.01156	0.01156	0.01709	0.18960	0.02506	0.02170	0.21822	0.01106	0.00224	0.00409	0.00613	0.00396	0.42208
27	0.01589	0.02752	0.39651	0.01503	0.02055	0.39767	0.01559	0.01983	0.01369	0.01555	0.00925	0.01084	0.00707	0.00548	0.00513	0.00159	0.00909	0.00383	0.00260	0.00730
28	0.00726	0.00554	0.00608	0.00600	0.00718	0.00500	0.00413	0.00845	0.01177	0.01501	0.17822	0.04573	0.40009	0.26035	0.01329	0.00294	0.00357	0.01024	0.00477	0.00437
29	0.00859	0.00570	0.00753	0.00837	0.00944	0.00534	0.00640	0.01018	0.01187	0.06491	0.03272	0.42781	0.12358	0.01561	0.00709	0.00226	0.00385	0.23848	0.00524	0.00503
30	0.01339	0.01405	0.02758	0.02867	0.40020	0.01358	0.38354	0.01737	0.01284	0.01792	0.01081	0.01432	0.00859	0.00480	0.00601	0.00176	0.00796	0.00573	0.00277	0.00812
31	0.01494	0.01811	0.11210	0.02414	0.40165	0.21855	0.01493	0.01850	0.03911	0.01689	0.01152	0.01591	0.00991	0.00595	0.00547	0.00167	0.00752	0.05233	0.00298	0.00783
32	0.00856	0.00594	0.00693	0.00651	0.00834	0.00518	0.00494	0.01051	0.01413	0.07948	0.34369	0.04564	0.41519	0.01234	0.00646	0.00181	0.00288	0.01051	0.00567	0.00528
33	0.00690	0.00494	0.00633	0.00737	0.00775	0.00462	0.00486	0.00777	0.01041	0.01376	0.03051	0.65853	0.08098	0.11571	0.00968	0.00262	0.00346	0.01453	0.00492	0.00437
34	0.02007	0.31182	0.01925	0.00998	0.01436	0.01436	0.00885	0.11168	0.01536	0.37307	0.03839	0.01510	0.01187	0.00617	0.00483	0.00151	0.00527	0.00465	0.00498	0.00842
35	0.01676	0.01862	0.35319	0.01681	0.15404	0.01113	0.01519	0.02101	0.01343	0.30349	0.01452	0.01476	0.00986	0.00580	0.00542	0.00172	0.00659	0.00480	0.00412	0.00876
36	0.00964	0.00861	0.01071	0.01022	0.01121	0.07427	0.00803	0.01145	0.00941	0.01299	0.01315	0.01929	0.01227	0.03364	0.60076	0.00728	0.13338	0.00557	0.00287	0.00524
37	0.01148	0.00984	0.01148	0.00820	0.01312	0.00738	0.00656	0.01395	0.01148	0.01805	0.00984	0.01148	0.00820	0.00410	0.00410	0.00082	0.00410	0.00328	0.00328	0.83922
38	0.01522	0.02292	0.53858	0.01406	0.02104	0.01179	0.01673	0.05282	0.01344	0.22073	0.01327	0.01368	0.00891	0.00575	0.00536	0.00174	0.00716	0.00453	0.00369	0.00857
39	0.00732	0.00539	0.00593	0.00608	0.00683	0.00500	0.00390	0.00797	0.01009	0.01275	0.03365	0.13674	0.30473	0.40977	0.01742	0.00366	0.00414	0.01037	0.00425	0.00399
40	0.01099	0.01069	0.01897	0.64785	0.08510	0.01257	0.10584	0.01478	0.01142	0.01485	0.01005	0.01472	0.00760	0.00539	0.00566	0.00184	0.00757	0.00512	0.00252	0.00649
41	0.03614	0.01105	0.01834	0.48724	0.21060	0.01301	0.03969	0.01494	0.01121	0.01545	0.00972	0.01409	0.00770	0.00575	0.00670	0.00185	0.08223	0.00491	0.00256	0.00681
42	0.01891	0.26332	0.01973	0.01282	0.01624	0.55259	0.01033	0.02044	0.01435	0.01340	0.00830	0.00965	0.00713	0.00541	0.00456	0.00135	0.00876	0.00338	0.00271	0.00663
43	0.00708	0.00529	0.00667	0.00758	0.00831	0.00489	0.00518	0.00860	0.03418	0.01464	0.03281	0.66213	0.12511	0.01624	0.00687	0.00215	0.00323	0.01458	0.00510	0.02936
44	0.29199	0.00785	0.00812	0.00732	0.00953	0.00812	0.00554	0.01407	0.01082	0.14150	0.06811	0.02438	0.10723	0.15582	0.04519	0.07371	0.00478	0.00615	0.00425	0.00551
45	0.07477	0.00865	0.01131	0.00903	0.01258	0.00776	0.00734	0.02253	0.01539	0.55454	0.19037	0.02332	0.02196	0.00776	0.00565	0.00172	0.00421	0.00641	0.00646	0.00825
46	0.01010	0.00924	0.01663	0.01370	0.01621	0.00886	0.27429	0.05587	0.01239	0.01662	0.02163	0.37425	0.02348	0.06198	0.00816	0.00229	0.00585	0.05840	0.00421	0.00583
47	0.02135	0.01209	0.01408	0.01093	0.01507	0.01231	0.00899	0.37258	0.03686	0.34455	0.02046	0.01894	0.07100	0.00733	0.00563	0.00170	0.00522	0.00579	0.00606	0.00903
48	0.00709	0.00507	0.00641	0.00735	0.00779	0.00478	0.00492	0.00799	0.01041	0.01369	0.03017	0.55560	0.09534	0.16550	0.01104	0.00282	0.00368	0.05122	0.00480	0.00433
49	0.00675	0.00527	0.00613	0.00666	0.00780	0.00465	0.00471	0.00807	0.01201	0.01525	0.10903	0.38227	0.38119	0.01525	0.00678	0.00203	0.00297	0.01333	0.00523	0.00465
50	0.01208	0.01150	0.01955	0.41270	0.40479	0.01273	0.01619	0.01557	0.01184	0.01612	0.01013	0.01424	0.00808	0.00524	0.00551	0.00175	0.00698	0.00493	0.00260	0.00746
51	0.01481	0.80869	0.02902	0.00948	0.01421	0.02191	0.00948	0.01658	0.01125	0.01303	0.00770	0.00888	0.00711	0.00474	0.00355	0.00118	0.00592	0.00296	0.00237	0.00711
52	0.01626	0.01268	0.01405	0.01047	0.01515	0.01227	0.00854	0.38283	0.01876	0.02647	0.01157	0.01239	0.00881	0.00537	0.00482	0.00124	0.00510	0.00413	0.00441	0.42467
53	0.00719	0.00564	0.00651	0.00629	0.00788	0.00495	0.00472	0.00920	0.01415	0.01858	0.41170	0.04734	0.41072	0.01268	0.00654	0.00181	0.00271	0.01085	0.00562	0.00495
54	0.00675	0.00482	0.00643	0.00771	0.00803	0.00450	0.00514	0.00771	0.01060	0.01414	0.03053	0.80175	0.03663	0.01735	0.00707	0.00225	0.00321	0.01574	0.00514	0.00450
55	0.00740	0.00509	0.00623	0.00688	0.00704	0.00493	0.00425	0.00788	0.00933	0.01244	0.02399	0.41932	0.02839	0.41102	0.01762	0.00381	0.00429	0.01190	0.00425	0.00393
56	0.02087	0.02095	0.01616	0.01350	0.01715	0.39983	0.01061	0.38754	0.02087	0.02424	0.01093	0.01164	0.00828	0.00618	0.00527	0.00154	0.00804	0.00428	0.00420	0.00792
57	0.01688	0.01472	0.01356	0.01201	0.01505	0.18763	0.00971	0.24836	0.12603	0.06107	0.02839	0.02664	0.01643	0.00881	0.00598	0.00187	0.00636	0.18808	0.00491	0.00750
58	0.00765	0.00544	0.00735	0.00854	0.00921	0.00526	0.00646	0.00915	0.01125	0.01484	0.02924	0.47409	0.03379	0.06655	0.00863	0.00256	0.00406	0.28626	0.00501	0.00465
59	0.01259	0.01353	0.02483	0.01895	0.02175	0.01548	0.38172	0.01554	0.01078	0.01554	0.00924	0.01353	0.00784	0.00718	0.01235	0.00215	0.40195	0.00569	0.00261	0.00676
60	0.01408	0.02210	0.28359	0.01819	0.02373	0.18878	0.28985	0.01842	0.01294	0.01647	0.00995	0.01254	0.00757	0.00539	0.00640	0.00176	0.05330	0.00493	0.00263	0.00740
61	0.01180	0.01011	0.01204	0.00932	0.04280	0.00784	0.00707	0.03187	0.01188	0.01846	0.00995	0.01161	0.00825	0.00420	0.00419	0.00087	0.00425	0.00339	0.00331	0.78679
62	0.01272	0.20940	0.54350	0.01420	0.02117	0.07544	0.01715	0.01768	0.01191	0.01618	0.00931	0.01091	0.00705	0.00518	0.00484	0.00160	0.00780	0.00379	0.00239	0.00780
63	0.01058	0.00852	0.00979	0.00907	0.01120	0.00915	0.00700	0.01909	0.35287	0.02237	0.39522	0.03300	0.03528	0.00979	0.00618	0.00184	0.00353	0.04284	0.00584	0.00682
64	0.00732	0.00564	0.00668	0.00642	0.00795	0.00500	0.00482	0.00944	0.01445	0.01929	0.48076	0.04618	0.34122	0.01241	0.00654	0.00179	0.00269	0.01069	0.00571	0.00500
65	0.01250	0.04406	0.02197	0.40802	0.11878	0.07376	0.20991	0.01616	0.01215	0.01547	0.01009	0.01408	0.00779	0.00522	0.00568	0.00177	0.00795	0.00517	0.00261	0.00687
66	0.01467	0.01591	0.01697	0.26123	0.21076	0.26615	0.01329	0.03968	0.01340	0.01557	0.01129	0.07468	0.01001	0.00640	0.00546	0.00168	0.00767	0.00533	0.00297	0.00686
67	0.00751	0.00552	0.00710	0.00739	0.00850	0.00510	0.00553	0.00952	0.01357	0.01843	0.38901	0.24710	0.13885	0.01376	0.00681	0.00199	0.00310	0.10065	0.00560	0.00495
68	0.07433	0.00894	0.01144	0.00915	0.01267	0.00823	0.00743	0.06310	0.01596	0.50250	0.20023	0.02332	0.02225	0.00781	0.00566	0.00172	0.00426	0.00644	0.00637	0.00819
69	0.01141	0.03924	0.28661	0.13374	0.14710	0.01171	0.06340	0.01564	0.01164	0.01675	0.01112	0.04820	0.00922	0.00697	0.03565	0.00190	0.00722	0.00495	0.00275	0.13476
70	0.01428	0.19250	0.05261	0.01909	0.25093	0.12185	0.01281	0.01736	0.05385	0.01549	0.00979	0.01244	0.00847	0.00749	0.03776	0.00196	0.15678	0.00437	0.00277	0.00739
71	0.01035	0.00951	0.01357	0.01217	0.01258	0.01274	0.00993	0.01188	0.00866	0.01313	0.01046	0.01618	0.01004	0.02310	0.34038	0.00515	0.46664	0.00530	0.00265	0.00559
72	0.01096	0.00951	0.01238	0.17919	0.01831	0.00842	0.00852	0.01365	0.01118	0.01676	0.01027	0.01307	0.00850	0.00759	0.07050	0.00173	0.00573	0.00386	0.00308	0.58682
73	0.00776	0.00599	0.00690	0.00693	0.00839	0.00549	0.00508	0.05270	0.01354	0.01754	0.20631	0.25978	0.35557	0.01392	0.00663	0.00194	0.00307	0.01206	0.00538	0.00503
74	0.00665	0.00521	0.00602	0.00666	0.00776	0.00459	0.00467	0.00783	0.01161	0.01455	0.04330	0.42784	0.40229	0.01569	0.00681	0.00206	0.00301	0.01372	0.00514	0.00459
75	0.00800	0.00534	0.00564	0.00580	0.00722	0.00485	0.00426	0.00982	0.01213	0.01725	0.07291	0.14192	0.36379	0.01162	0.00565	0.00171	0.00277	0.00980	0.30466	0.00485
76	0.01172	0.13982	0.64448	0.01549	0.04746	0.01417	0.01877	0.01738	0.01166	0.01691	0.00963	0.01136	0.00709	0.00518	0.00502	0.00167	0.00781	0.00396	0.00236	0.00805
77	0.02476	0.00957	0.01294	0.00992	0.01421	0.00836	0.00820	0.04449	0.01610	0.75681	0.02164	0.01872	0.01361	0.00685	0.00557	0.00171	0.00475	0.00556	0.00682	0.00943
78	0.02278	0.01274	0.01490	0.01143	0.01579	0.01306	0.00944	0.42160	0.02139	0.37221	0.01720	0.01583	0.01138	0.00674	0.00555	0.00169	0.00546	0.00525	0.00614	0.00942
79	0.01281	0.01328	0.11274	0.25449	0.02305	0.01136	0.01181	0.14553	0.01397	0.01976	0.01047	0.01286	0.00801	0.00515	0.00495	0.00141	0.00601	0.00420	0.00330	0.32485
80	0.01186	0.00889	0.00972	0.00882	0.01056	0.00974	0.00629	0.08003	0.30045	0.04023	0.01912	0.02736	0.01761	0.38441	0.03824	0.00370	0.00530	0.00697	0.00451	0.00618
81	0.00677	0.00568	0.00593	0.00605	0.00786	0.00484	0.00466	0.00828	0.01264	0.01511	0.05355	0.05417	0.69837	0.01415	0.00665	0.00193	0.00302	0.08047	0.00514	0.00472
82	0.00814	0.00560	0.00713	0.00675	0.00805	0.00522	0.00506	0.01075	0.01518	0.02202	0.67576	0.03882	0.04758	0.01072	0.00621	0.00169	0.00261	0.00942	0.10808	0.00522
83	0.05766	0.26320	0.06166	0.01646	0.08944	0.06188	0.21991	0.08310	0.01370	0.06760	0.01053	0.01229	0.00821	0.00515	0.00505	0.00157	0.00715	0.00460	0.00318	0.00768
84	0.01367	0.00922	0.01068	0.00989	0.01237	0.00982	0.00752	0.02220	0.38638	0.16201	0.02490	0.26396	0.02246	0.01046	0.00607	0.00196	0.00408	0.00909	0.00571	0.00756
85	0.00683	0.00522	0.00627	0.00685	0.00787	0.00466	0.00482	0.00818	0.01204	0.01556	0.14237	0.42618	0.30259	0.01531	0.00681	0.00204	0.00298	0.01349	0.00527	0.00466
86	0.01434	0.01571	0.01757	0.38903	0.18662	0.25293	0.01426	0.01724	0.01284	0.01480	0.00956	0.01305	0.00760	0.00546	0.00536	0.00167	0.00803	0.00450	0.00264	0.00679
87	0.01738	0.01434	0.01955	0.02336	0.39367	0.01517	0.01376	0.38499	0.01933	0.02651	0.01186	0.01350	0.00910	0.00579	0.00551	0.00165	0.00634	0.00496	0.00414	0.00910
88	0.01234	0.01973	0.39666	0.01991	0.25431	0.01167	0.01664	0.01697	0.01256	0.06754	0.06168	0.01715	0.05615	0.00617	0.00551	0.00172	0.00678	0.00528	0.00317	0.00805
89	0.00874	0.00688	0.01023	0.01344	0.15289	0.00672	0.00856	0.01064	0.01165	0.01564	0.02636	0.42260	0.02990	0.01437	0.00695	0.00223	0.00444	0.23761	0.00468	0.00549
90	0.01708	0.00928	0.01033	0.00866	0.01188	0.05807	0.00689	0.01975	0.06188	0.39491	0.03374	0.03118	0.29382	0.00948	0.00590	0.00176	0.00433	0.00775	0.00588	0.00742
91	0.01554	0.01149	0.01594	0.34186	0.08421	0.01287	0.01243	0.24579	0.01642	0.11438	0.01380	0.06637	0.01082	0.00677	0.00564	0.00178	0.00632	0.00573	0.00416	0.00767
92	0.01774	0.01753	0.01766	0.01964	0.25189	0.24123	0.01238	0.21734	0.11071	0.02190	0.01216	0.01337	0.00948	0.00594	0.00537	0.00161	0.00718	0.00471	0.00389	0.00825

[dist]
# distance from previous block
# <min> <max>
7	16

[block]
# block no. 7 follows, 43 sequences, length 13
# corresponding to MSA columns:
# 275-287
name=unknown_H
#
# <colnr> <probs for GDERKNQSTAVLIFYWHMCP>
#	G	D	E	R	K	N	Q	S	T	A	V	L	I	F	Y	W	H	M	C	P
0	0.01686	0.15805	0.08276	0.11984	0.02126	0.01669	0.08699	0.38479	0.01885	0.02498	0.01133	0.01274	0.00843	0.00584	0.00526	0.00163	0.00674	0.00470	0.00401	0.00826
1	0.01898	0.01524	0.01826	0.01378	0.01837	0.04266	0.11114	0.55143	0.02243	0.03010	0.01249	0.01322	0.00908	0.00609	0.00551	0.00160	0.00647	0.00497	0.00484	0.09333
2	0.01554	0.02098	0.39489	0.01299	0.01879	0.11592	0.01426	0.01966	0.01342	0.21459	0.01755	0.01756	0.08613	0.00663	0.00544	0.00171	0.00698	0.00518	0.00387	0.00791
3	0.00909	0.01690	0.39189	0.01131	0.01568	0.00882	0.01247	0.01270	0.01101	0.01546	0.02103	0.22574	0.09390	0.11850	0.00899	0.00239	0.00595	0.00845	0.00349	0.00621
4	0.01288	0.40232	0.41852	0.01276	0.01930	0.01720	0.01520	0.01708	0.01148	0.01538	0.00887	0.01035	0.00706	0.00501	0.00444	0.00148	0.00710	0.00355	0.00235	0.00767
5	0.01776	0.41668	0.02238	0.01182	0.01567	0.37642	0.01008	0.04469	0.01384	0.01403	0.00830	0.00955	0.00720	0.00526	0.00429	0.00131	0.00782	0.00331	0.00270	0.00687
6	0.01586	0.01139	0.01278	0.01030	0.01378	0.01160	0.00813	0.36030	0.04170	0.07292	0.01661	0.14652	0.01498	0.06503	0.00713	0.00187	0.00503	0.00674	0.00496	0.17239
7	0.01052	0.00764	0.00921	0.00886	0.01044	0.00778	0.00663	0.18580	0.01558	0.02110	0.19942	0.39834	0.03358	0.01329	0.00661	0.00201	0.00385	0.04802	0.00546	0.00587
8	0.29894	0.20366	0.01641	0.01020	0.01414	0.09625	0.00868	0.21801	0.04947	0.02352	0.01000	0.01078	0.00781	0.00562	0.00430	0.00155	0.00577	0.00374	0.00379	0.00736
9	0.01951	0.22236	0.09785	0.01135	0.01621	0.01528	0.01058	0.26795	0.01765	0.24730	0.01403	0.01363	0.00984	0.00607	0.00500	0.00156	0.00586	0.00454	0.00477	0.00869
10	0.19737	0.01497	0.01470	0.09283	0.01796	0.09167	0.01007	0.44441	0.01987	0.02846	0.01126	0.01219	0.00824	0.00611	0.00503	0.00167	0.00622	0.00441	0.00450	0.00804
11	0.01965	0.05523	0.05462	0.01261	0.01714	0.01692	0.01082	0.62025	0.08468	0.03200	0.01361	0.01360	0.00980	0.00656	0.00544	0.00166	0.00605	0.00495	0.00523	0.00919
12	0.01890	0.01436	0.01662	0.17120	0.02144	0.01618	0.01151	0.60225	0.02300	0.03068	0.01259	0.01360	0.00900	0.00642	0.00554	0.00170	0.00636	0.00497	0.00491	0.00875

[dist]
# distance from previous block
# <min> <max>
12	23

[block]
# block no. 8 follows, 43 sequences, length 17
# corresponding to MSA columns:
# 311-327
name=unknown_I
#
# <colnr> <probs for GDERKNQSTAVLIFYWHMCP>
#	G	D	E	R	K	N	Q	S	T	A	V	L	I	F	Y	W	H	M	C	P
0	0.01859	0.01595	0.01483	0.18067	0.02057	0.26987	0.01081	0.07279	0.11595	0.20338	0.01431	0.01486	0.01028	0.00626	0.00538	0.00166	0.00711	0.00481	0.00431	0.00762
1	0.08049	0.00744	0.00790	0.00716	0.00961	0.00698	0.00556	0.08349	0.01393	0.11714	0.04147	0.09804	0.47652	0.01188	0.00610	0.00185	0.00353	0.00982	0.00526	0.00586
2	0.01029	0.00961	0.01614	0.75593	0.03676	0.01195	0.01491	0.01385	0.01105	0.01415	0.01080	0.05101	0.00873	0.00608	0.00561	0.00186	0.00719	0.00542	0.00258	0.00608
3	0.01067	0.01051	0.01947	0.36512	0.02851	0.01124	0.24242	0.01427	0.01204	0.01567	0.01699	0.04277	0.06962	0.00755	0.00626	0.00196	0.00723	0.10822	0.00320	0.00626
4	0.00655	0.00561	0.00561	0.00561	0.00748	0.00468	0.00421	0.00795	0.01262	0.01496	0.05610	0.05330	0.76857	0.01403	0.00655	0.00187	0.00281	0.01169	0.00514	0.00468
5	0.01733	0.01366	0.01453	0.01199	0.01576	0.01544	0.00963	0.38263	0.40182	0.02890	0.01802	0.01706	0.01325	0.00709	0.00559	0.00177	0.00522	0.00564	0.00559	0.00908
6	0.01493	0.01074	0.01478	0.44093	0.02720	0.07517	0.01222	0.01785	0.01253	0.21805	0.01344	0.01614	0.00969	0.00940	0.08112	0.00246	0.00761	0.00508	0.00372	0.00694
7	0.01342	0.30710	0.13987	0.01717	0.02283	0.01673	0.37322	0.01729	0.01221	0.01599	0.00974	0.01225	0.00773	0.00478	0.00526	0.00160	0.00792	0.00487	0.00258	0.00744
8	0.01317	0.01470	0.02538	0.01904	0.02300	0.10682	0.47997	0.01655	0.01227	0.01591	0.01125	0.01627	0.00946	0.07458	0.05760	0.00260	0.08582	0.00610	0.00283	0.00670
9	0.00694	0.00492	0.00647	0.00763	0.00795	0.00464	0.00509	0.00786	0.01042	0.01388	0.02922	0.70391	0.03488	0.09389	0.00914	0.00256	0.00348	0.03774	0.00497	0.00441
10	0.01875	0.01055	0.01711	0.20238	0.02231	0.01060	0.12600	0.02161	0.01381	0.42604	0.01640	0.01684	0.01096	0.00636	0.00647	0.00181	0.05348	0.00552	0.00489	0.00812
11	0.01905	0.01565	0.01633	0.15398	0.02082	0.20595	0.05683	0.21710	0.01744	0.18407	0.01414	0.01491	0.02590	0.00629	0.00549	0.00166	0.00714	0.00499	0.00441	0.00785
12	0.02393	0.01091	0.01377	0.01056	0.01488	0.01034	0.00872	0.20331	0.01833	0.59483	0.01977	0.01750	0.01267	0.00680	0.00556	0.00170	0.00505	0.00543	0.00654	0.00942
13	0.00675	0.00482	0.00643	0.00771	0.00803	0.00450	0.00514	0.00771	0.01060	0.01414	0.03053	0.80175	0.03663	0.01735	0.00707	0.00225	0.00321	0.01574	0.00514	0.00450
14	0.02418	0.00957	0.01283	0.00994	0.01415	0.00848	0.00818	0.02714	0.06052	0.72959	0.02189	0.01896	0.01390	0.00689	0.00557	0.00172	0.00469	0.00561	0.00678	0.00939
15	0.01489	0.01379	0.07146	0.15829	0.01877	0.15023	0.04167	0.08800	0.01360	0.12669	0.01565	0.02071	0.04770	0.18258	0.01051	0.00250	0.00682	0.00580	0.00380	0.00652
16	0.01473	0.00726	0.00920	0.00780	0.01054	0.00631	0.00617	0.01678	0.01484	0.34189	0.23548	0.03531	0.25042	0.01022	0.00612	0.00177	0.00357	0.00862	0.00614	0.00686

[dist]
# distance from previous block
# <min> <max>
1	8

[block]
# block no. 9 follows, 43 sequences, length 18
# corresponding to MSA columns:
# 336-353
name=unknown_J
#
# <colnr> <probs for GDERKNQSTAVLIFYWHMCP>
#	G	D	E	R	K	N	Q	S	T	A	V	L	I	F	Y	W	H	M	C	P
0	0.08428	0.01594	0.01572	0.01231	0.01654	0.08549	0.01006	0.60593	0.02336	0.03166	0.01233	0.01261	0.00891	0.00637	0.00528	0.00162	0.00624	0.00465	0.00506	0.03566
1	0.00963	0.00695	0.01042	0.05022	0.01180	0.00702	0.07292	0.01147	0.01116	0.06601	0.17537	0.03017	0.04891	0.25792	0.20127	0.00459	0.00741	0.00761	0.00404	0.00511
2	0.02069	0.02640	0.01569	0.01427	0.01712	0.78313	0.01070	0.02212	0.01569	0.01355	0.00856	0.00999	0.00713	0.00571	0.00499	0.00143	0.00999	0.00357	0.00285	0.00642
3	0.02105	0.01551	0.01662	0.01274	0.01717	0.01717	0.01053	0.75235	0.02604	0.03490	0.01330	0.01330	0.00942	0.00665	0.00554	0.00166	0.00609	0.00499	0.00554	0.00942
4	0.00675	0.00482	0.00643	0.00771	0.00803	0.00450	0.00514	0.00771	0.01060	0.01414	0.03053	0.80175	0.03663	0.01735	0.00707	0.00225	0.00321	0.01574	0.00514	0.00450
5	0.02074	0.01558	0.01585	0.01249	0.01666	0.08122	0.01018	0.56295	0.08721	0.09872	0.01446	0.01415	0.01025	0.00666	0.00550	0.00167	0.00615	0.00503	0.00544	0.00911
6	0.02072	0.02557	0.01577	0.01415	0.01713	0.72489	0.01069	0.07764	0.01648	0.01518	0.00892	0.01024	0.00731	0.00578	0.00504	0.00144	0.00969	0.00367	0.00306	0.00665
7	0.00655	0.00561	0.00561	0.00561	0.00748	0.00468	0.00421	0.00795	0.01262	0.01496	0.05610	0.05330	0.76857	0.01403	0.00655	0.00187	0.00281	0.01169	0.00514	0.00468
8	0.02359	0.01145	0.01411	0.01081	0.01515	0.01114	0.00893	0.26814	0.01924	0.52872	0.01901	0.01700	0.01228	0.00679	0.00556	0.00170	0.00517	0.00538	0.00642	0.00942
9	0.01292	0.01598	0.08901	0.02277	0.02857	0.01392	0.69541	0.01773	0.01297	0.01773	0.01111	0.01469	0.00830	0.00471	0.00644	0.00186	0.00925	0.00635	0.00277	0.00752
10	0.01046	0.00984	0.01661	0.79205	0.03814	0.01230	0.01538	0.01415	0.01107	0.01415	0.00984	0.01477	0.00738	0.00554	0.00554	0.00185	0.00738	0.00492	0.00246	0.00615
11	0.01828	0.21454	0.01992	0.01355	0.01704	0.51812	0.06625	0.02004	0.01433	0.01378	0.00991	0.01133	0.02901	0.00563	0.00481	0.00141	0.00875	0.00388	0.00280	0.00662
12	0.08128	0.00960	0.01158	0.00964	0.01295	0.00946	0.00769	0.10979	0.10216	0.37557	0.07808	0.13121	0.01920	0.00862	0.00570	0.00181	0.00443	0.00718	0.00599	0.00806
13	0.07748	0.51546	0.14005	0.01084	0.01573	0.01912	0.01113	0.08281	0.01237	0.01660	0.00852	0.00989	0.00723	0.00528	0.00476	0.00142	0.04782	0.00342	0.00273	0.00734
14	0.01557	0.02433	0.34511	0.01532	0.02085	0.27259	0.08134	0.04876	0.06426	0.04424	0.01099	0.01233	0.00818	0.00562	0.00533	0.00166	0.00844	0.00437	0.00306	0.00766
15	0.01867	0.07660	0.01546	0.19981	0.02021	0.01188	0.01029	0.14466	0.04365	0.33876	0.05195	0.01724	0.01286	0.00656	0.00544	0.00170	0.00558	0.00534	0.00512	0.00821
16	0.08377	0.01153	0.04561	0.03925	0.01540	0.08566	0.09727	0.01815	0.06643	0.20640	0.04358	0.22582	0.01886	0.00921	0.00587	0.00187	0.00551	0.00809	0.00477	0.00694
17	0.11935	0.03117	0.01768	0.01360	0.01757	0.09987	0.16289	0.18615	0.10547	0.11660	0.04958	0.01553	0.01191	0.00631	0.00568	0.00172	0.02122	0.00532	0.00449	0.00787

[dist]
# distance from previous block
# <min> <max>
9	45

[block]
# block no. 10 follows, 43 sequences, length 29
# corresponding to MSA columns:
# 401-429
name=unknown_K
#
# <colnr> <probs for GDERKNQSTAVLIFYWHMCP>
#	G	D	E	R	K	N	Q	S	T	A	V	L	I	F	Y	W	H	M	C	P
0	0.16444	0.01295	0.01373	0.01096	0.01497	0.01407	0.00895	0.38817	0.11707	0.14385	0.01505	0.02768	0.01089	0.00665	0.00518	0.00170	0.00525	0.00504	0.00532	0.02807
1	0.20506	0.01420	0.05007	0.01063	0.01427	0.11490	0.00888	0.20666	0.08263	0.11139	0.11279	0.01681	0.01504	0.00683	0.00512	0.00168	0.00553	0.00515	0.00478	0.00757
2	0.03849	0.01365	0.01394	0.01106	0.01517	0.11446	0.00891	0.22312	0.08081	0.28180	0.01576	0.01502	0.01097	0.00627	0.00523	0.00155	0.00567	0.00482	0.00527	0.12804
3	0.09961	0.01096	0.01264	0.01006	0.01399	0.01098	0.00819	0.18313	0.11212	0.33618	0.05052	0.01835	0.03568	0.00693	0.00533	0.00167	0.00474	0.00549	0.00574	0.06771
4	0.15684	0.01223	0.01394	0.08808	0.01718	0.01312	0.00949	0.31510	0.04976	0.24706	0.01492	0.01467	0.01022	0.00639	0.00520	0.00171	0.00545	0.00488	0.00527	0.00850
5	0.19672	0.08314	0.03307	0.06769	0.01699	0.01431	0.05376	0.24342	0.09698	0.09281	0.04004	0.01445	0.01094	0.00620	0.00501	0.00169	0.00559	0.00482	0.00449	0.00787
6	0.28147	0.05350	0.20930	0.05800	0.01750	0.09464	0.01148	0.07542	0.02955	0.05268	0.01002	0.01132	0.00750	0.00541	0.00455	0.00162	0.00630	0.00381	0.00333	0.06260
7	0.05575	0.01024	0.01410	0.40653	0.02559	0.01170	0.01149	0.13898	0.03566	0.06784	0.01535	0.01875	0.06428	0.05493	0.02000	0.00210	0.00632	0.00556	0.00369	0.03113
8	0.00668	0.00557	0.00583	0.00586	0.00759	0.00472	0.00436	0.00818	0.01280	0.01561	0.12315	0.09474	0.65798	0.01396	0.00657	0.00188	0.00281	0.01176	0.00523	0.00472
9	0.01871	0.01435	0.01530	0.01227	0.01628	0.01608	0.00996	0.51926	0.26295	0.03112	0.01628	0.01567	0.01183	0.00693	0.00557	0.00173	0.00554	0.00540	0.00557	0.00921
10	0.02029	0.01488	0.01600	0.01247	0.01674	0.01648	0.01024	0.64151	0.11515	0.05677	0.01469	0.01437	0.01047	0.00676	0.00555	0.00169	0.00584	0.00516	0.00559	0.00934
11	0.01671	0.11708	0.25665	0.01320	0.01877	0.01619	0.01341	0.38582	0.06555	0.02602	0.01213	0.01271	0.00885	0.00603	0.00521	0.00165	0.00662	0.00454	0.00415	0.00871
12	0.00821	0.00607	0.00878	0.00959	0.01067	0.00590	0.03401	0.01025	0.01210	0.01598	0.06456	0.33483	0.03378	0.01549	0.00734	0.00237	0.00443	0.40560	0.00508	0.00497
