[name]
unknown

[dist]
# distance from previous block
# <min> <max>
0	54

[block]
# block no. 0 follows, 40 sequences, length 83
# corresponding to MSA columns:
# 98-180
name=unknown_A
#
# <colnr> <probs for GDERKNQSTAVLIFYWHMCP>
#	G	D	E	R	K	N	Q	S	T	A	V	L	I	F	Y	W	H	M	C	P
0	0.01385	0.01030	0.01166	0.01119	0.01354	0.05575	0.00929	0.17634	0.03830	0.06539	0.06159	0.10430	0.02654	0.01263	0.00707	0.00226	0.00556	0.36215	0.00550	0.00678
1	0.01549	0.01035	0.01223	0.00970	0.01352	0.00969	0.00775	0.13773	0.08939	0.15593	0.20277	0.02262	0.02243	0.00753	0.00563	0.00153	0.00440	0.00626	0.00550	0.25956
2	0.03341	0.01435	0.01468	0.01207	0.01606	0.08317	0.00970	0.26223	0.23492	0.15854	0.01817	0.01836	0.01337	0.00729	0.00574	0.00178	0.00580	0.02750	0.00564	0.05720
3	0.23210	0.25736	0.05427	0.01086	0.01481	0.24522	0.00950	0.01840	0.01286	0.01750	0.01258	0.01362	0.06769	0.00621	0.00450	0.00155	0.00691	0.00411	0.00317	0.00679
4	0.01745	0.01234	0.01449	0.24415	0.02241	0.10143	0.01091	0.02219	0.11957	0.24543	0.01636	0.01713	0.01160	0.00648	0.00556	0.00173	0.00625	0.00528	0.04476	0.07448
5	0.01945	0.02393	0.01682	0.01505	0.01729	0.58186	0.01161	0.02089	0.01457	0.01417	0.00865	0.01105	0.00753	0.00705	0.00874	0.00176	0.20596	0.00408	0.00288	0.00665
6	0.00815	0.00651	0.00818	0.00948	0.05477	0.00598	0.00689	0.01008	0.01311	0.01651	0.06271	0.15126	0.38089	0.01493	0.00723	0.00221	0.00396	0.22659	0.00526	0.00530
7	0.01896	0.37367	0.02279	0.01268	0.01661	0.41394	0.01065	0.04152	0.01470	0.01464	0.00873	0.01007	0.00755	0.00556	0.00458	0.00139	0.00845	0.00350	0.00285	0.00716
8	0.01010	0.00505	0.00758	0.00758	0.00758	0.00505	0.00505	0.00758	0.00758	0.01010	0.01010	0.01768	0.01010	0.02020	0.02273	0.83081	0.00505	0.00505	0.00253	0.00253
9	0.00709	0.00506	0.00675	0.00810	0.00843	0.00472	0.00540	0.00810	0.01113	0.01484	0.03205	0.79184	0.03846	0.01822	0.00742	0.00236	0.00337	0.01653	0.00540	0.00472
10	0.00704	0.00540	0.00645	0.00723	0.00822	0.00482	0.00502	0.00827	0.01210	0.01542	0.06287	0.48851	0.31440	0.01670	0.00720	0.00219	0.00319	0.01473	0.00543	0.00482
11	0.01272	0.01272	0.01781	0.01527	0.01527	0.01781	0.01272	0.01399	0.00891	0.01399	0.00763	0.01272	0.00763	0.01018	0.01908	0.00254	0.78499	0.00509	0.00254	0.00636
12	0.14768	0.00968	0.04846	0.01264	0.13632	0.00863	0.00866	0.01391	0.01281	0.08308	0.03277	0.08735	0.29730	0.01081	0.00612	0.00196	0.00455	0.06607	0.00468	0.00650
13	0.00955	0.00625	0.00890	0.00928	0.01043	0.00651	0.00716	0.01142	0.01115	0.07512	0.02371	0.26249	0.02494	0.02837	0.35088	0.00550	0.00931	0.12907	0.00451	0.00546
14	0.00838	0.00595	0.00790	0.00790	0.00844	0.00648	0.00547	0.00946	0.00892	0.01243	0.01690	0.03016	0.01772	0.40548	0.41506	0.00756	0.01079	0.00730	0.00331	0.00439
15	0.01674	0.01111	0.01266	0.01106	0.01428	0.01193	0.00864	0.11058	0.37539	0.18991	0.02376	0.14952	0.01954	0.00936	0.00614	0.00197	0.00469	0.00792	0.00611	0.00869
16	0.01029	0.00959	0.01550	0.65154	0.03465	0.01158	0.01418	0.01377	0.01190	0.01500	0.01848	0.02229	0.13342	0.00731	0.00599	0.00194	0.00695	0.00636	0.00306	0.00620
17	0.01288	0.05933	0.06689	0.36980	0.26809	0.01410	0.07484	0.03435	0.01275	0.01718	0.01061	0.01457	0.00832	0.00550	0.00574	0.00182	0.00757	0.00514	0.00277	0.00773
18	0.01334	0.27313	0.28487	0.01469	0.01975	0.01775	0.06888	0.01699	0.01139	0.01579	0.00907	0.01169	0.00757	0.00648	0.00847	0.00183	0.20387	0.00430	0.00252	0.00761
19	0.00844	0.00572	0.00677	0.00677	0.00692	0.00587	0.00405	0.00873	0.00858	0.01159	0.01793	0.03590	0.02021	0.68906	0.13489	0.00616	0.00705	0.00814	0.00347	0.00376
20	0.01404	0.17599	0.22106	0.01443	0.08976	0.01415	0.01312	0.03498	0.14255	0.07662	0.07681	0.02037	0.03180	0.00721	0.00555	0.00177	0.00615	0.04141	0.00408	0.00816
21	0.01122	0.03453	0.01806	0.32033	0.02590	0.01188	0.15125	0.03439	0.01160	0.01541	0.01336	0.05854	0.01234	0.14201	0.07261	0.00319	0.04749	0.00664	0.00308	0.00617
22	0.01084	0.00542	0.00542	0.00542	0.00678	0.00542	0.00407	0.01355	0.01220	0.02168	0.01897	0.02168	0.01491	0.00678	0.00407	0.00136	0.00271	0.00542	0.82791	0.00542
23	0.03662	0.01224	0.02051	0.35666	0.42752	0.01341	0.01678	0.01654	0.01245	0.01742	0.01060	0.01473	0.00850	0.00546	0.00572	0.00182	0.00720	0.00512	0.00277	0.00794
24	0.01236	0.01337	0.07924	0.32406	0.32294	0.03443	0.01603	0.01602	0.01266	0.01706	0.03436	0.03636	0.04347	0.00641	0.00587	0.00184	0.00710	0.00581	0.00301	0.00760
25	0.00716	0.00521	0.00675	0.00782	0.00840	0.00480	0.00531	0.00835	0.01177	0.01561	0.09314	0.65993	0.10957	0.01737	0.00732	0.00228	0.00328	0.01563	0.00548	0.00480
26	0.00687	0.00589	0.00589	0.00589	0.00785	0.00491	0.00442	0.00835	0.01325	0.01571	0.05891	0.05596	0.75700	0.01473	0.00687	0.00196	0.00295	0.01227	0.00540	0.00491
27	0.03138	0.35842	0.38024	0.01348	0.03105	0.01730	0.01543	0.01851	0.01229	0.05885	0.01010	0.01141	0.00781	0.00538	0.00474	0.00158	0.00726	0.00386	0.00277	0.00814
28	0.01110	0.01177	0.06394	0.59182	0.03572	0.01269	0.09310	0.01512	0.01171	0.01537	0.01092	0.01592	0.00839	0.00875	0.06783	0.00253	0.00865	0.00538	0.00266	0.00664
29	0.01280	0.02215	0.36254	0.02095	0.02805	0.01417	0.41649	0.01853	0.01308	0.01853	0.01117	0.01416	0.00817	0.00518	0.00626	0.00191	0.00926	0.00571	0.00272	0.00818
30	0.00731	0.00519	0.00684	0.00808	0.00844	0.00489	0.00544	0.00832	0.01103	0.01468	0.03088	0.69562	0.03682	0.08089	0.00924	0.00264	0.00365	0.05013	0.00524	0.00466
31	0.14913	0.01866	0.10315	0.01265	0.01626	0.26271	0.01089	0.02169	0.11510	0.10003	0.01297	0.01418	0.01000	0.00933	0.06343	0.00234	0.06154	0.00461	0.00387	0.00744
32	0.01090	0.01211	0.07506	0.33845	0.04358	0.05678	0.04754	0.01494	0.05577	0.01639	0.04247	0.02723	0.21837	0.00849	0.00613	0.00191	0.00642	0.00728	0.00369	0.00649
33	0.01501	0.01166	0.01333	0.01143	0.01325	0.05121	0.00925	0.13104	0.07339	0.06452	0.01430	0.01664	0.01138	0.00808	0.00994	0.00192	0.27915	0.00531	0.25212	0.00709
34	0.00796	0.00603	0.00855	0.00907	0.00970	0.00662	0.00666	0.00946	0.01021	0.01420	0.02331	0.40488	0.02604	0.02902	0.34783	0.00547	0.05447	0.01129	0.00422	0.00503
35	0.01862	0.41530	0.02351	0.01245	0.01644	0.39583	0.01059	0.02030	0.01414	0.01396	0.00853	0.00990	0.00748	0.00548	0.00448	0.00137	0.00834	0.00343	0.00274	0.00710
36	0.01493	0.01231	0.01931	0.02089	0.28505	0.01162	0.09145	0.01793	0.01300	0.11352	0.01210	0.01434	0.00951	0.00553	0.00650	0.00155	0.06897	0.00488	0.00359	0.27302
37	0.01194	0.02815	0.66765	0.01764	0.02587	0.01367	0.11740	0.01844	0.01247	0.01844	0.01061	0.01273	0.00756	0.00544	0.00570	0.00186	0.00876	0.00464	0.00252	0.00849
38	0.00833	0.00613	0.00884	0.00884	0.00970	0.00699	0.00663	0.01006	0.00920	0.01312	0.01604	0.02542	0.01566	0.17092	0.64681	0.00872	0.01389	0.00661	0.00318	0.00491
39	0.00724	0.00517	0.00693	0.00828	0.00868	0.00486	0.00567	0.00837	0.01129	0.01502	0.03196	0.74188	0.03812	0.01807	0.00746	0.00238	0.00351	0.06494	0.00540	0.00477
40	0.00854	0.00668	0.00958	0.00944	0.01035	0.00783	0.00728	0.01035	0.00961	0.01365	0.01860	0.06964	0.06065	0.07404	0.57901	0.00771	0.08130	0.00721	0.00336	0.00517
41	0.00831	0.00586	0.00766	0.00775	0.00822	0.00629	0.00526	0.00927	0.00900	0.01245	0.01797	0.07717	0.01934	0.42360	0.34926	0.00704	0.00979	0.00798	0.00346	0.00432
42	0.00930	0.00696	0.00890	0.00908	0.01068	0.00693	0.00737	0.01348	0.09654	0.02075	0.35704	0.05030	0.07654	0.01322	0.00721	0.00218	0.00398	0.28783	0.00589	0.00582
43	0.01406	0.01413	0.02611	0.03213	0.54921	0.01386	0.20980	0.01785	0.01333	0.01881	0.01160	0.03093	0.00972	0.00538	0.00609	0.00180	0.00761	0.00587	0.00295	0.00875
44	0.83671	0.01125	0.00855	0.00765	0.01125	0.01305	0.00630	0.01709	0.00990	0.02609	0.00810	0.00945	0.00630	0.00540	0.00360	0.00180	0.00450	0.00315	0.00360	0.00630
45	0.00815	0.00637	0.00929	0.05024	0.09942	0.00622	0.00742	0.00960	0.01141	0.01534	0.02845	0.66028	0.03344	0.01604	0.00714	0.00226	0.00401	0.01461	0.00496	0.00534
46	0.00695	0.00586	0.00603	0.00615	0.00800	0.00495	0.00461	0.00843	0.01314	0.01570	0.05661	0.09862	0.69620	0.01496	0.00694	0.00201	0.00303	0.03150	0.00540	0.00491
47	0.01235	0.31819	0.05981	0.00944	0.01246	0.01280	0.00837	0.01421	0.01189	0.07521	0.01979	0.33148	0.02115	0.01183	0.02869	0.00203	0.00526	0.00906	0.02952	0.00647
48	0.01098	0.01034	0.01744	0.78165	0.04005	0.01292	0.01615	0.01486	0.01163	0.01486	0.01034	0.01550	0.00775	0.00581	0.00581	0.00194	0.00775	0.00517	0.00258	0.00646
49	0.01228	0.20520	0.53508	0.01430	0.02148	0.01505	0.01754	0.01758	0.01251	0.01772	0.07012	0.01411	0.01122	0.00591	0.00522	0.00170	0.00757	0.00453	0.00278	0.00808
50	0.01258	0.05910	0.69684	0.01598	0.02422	0.01361	0.02035	0.01890	0.01249	0.05776	0.01101	0.01256	0.00774	0.00559	0.00547	0.00182	0.00831	0.00433	0.00271	0.00862
51	0.63945	0.05367	0.01119	0.00912	0.01272	0.13852	0.00742	0.03764	0.01155	0.02380	0.00840	0.00973	0.00665	0.00552	0.00394	0.00172	0.00562	0.00330	0.00350	0.00653
52	0.01959	0.02379	0.01812	0.01954	0.18051	0.56175	0.01277	0.02150	0.01533	0.01526	0.00934	0.01147	0.00788	0.00606	0.00616	0.00161	0.05496	0.00414	0.00294	0.00726
53	0.01706	0.01613	0.01481	0.01278	0.01527	0.25350	0.01006	0.07119	0.01413	0.10518	0.01310	0.07640	0.01157	0.01029	0.05524	0.00228	0.19327	0.00557	0.00384	0.09834
54	0.01145	0.01104	0.01413	0.01159	0.01491	0.05586	0.14405	0.03882	0.16905	0.01883	0.03525	0.03445	0.34650	0.01004	0.00638	0.00186	0.00523	0.00878	0.00480	0.05700
55	0.01192	0.08083	0.71700	0.01614	0.02449	0.01413	0.02072	0.01835	0.01225	0.01810	0.01028	0.01208	0.00737	0.00549	0.00541	0.00180	0.00844	0.00422	0.00246	0.00852
56	0.02577	0.01041	0.01381	0.01059	0.01510	0.00931	0.00875	0.08581	0.01751	0.70470	0.02222	0.01932	0.01403	0.00718	0.00585	0.00179	0.00507	0.00580	0.00709	0.00990
57	0.00756	0.00570	0.00705	0.00788	0.00874	0.00537	0.00546	0.00967	0.05440	0.01617	0.08968	0.56624	0.16143	0.01656	0.00720	0.00223	0.00332	0.01478	0.00550	0.00507
58	0.01330	0.01291	0.01912	0.36327	0.16692	0.05269	0.03594	0.05971	0.01258	0.01684	0.01004	0.01433	0.00815	0.00672	0.00877	0.00200	0.18149	0.00513	0.00286	0.00722
59	0.01432	0.01303	0.01131	0.01023	0.01179	0.20224	0.00787	0.05103	0.01307	0.01818	0.01393	0.01804	0.01186	0.07096	0.00946	0.00199	0.15860	0.00517	0.35094	0.00600
60	0.00773	0.00533	0.00656	0.00727	0.00745	0.00515	0.00452	0.00827	0.00987	0.01317	0.02559	0.43729	0.03032	0.38388	0.01785	0.00390	0.00444	0.01273	0.00452	0.00416
61	0.01380	0.01546	0.03304	0.02584	0.11718	0.01460	0.65247	0.01853	0.01367	0.01867	0.01167	0.01553	0.00887	0.00494	0.00673	0.00193	0.00946	0.00666	0.00293	0.00801
62	0.01315	0.01324	0.02475	0.16496	0.36541	0.01339	0.23482	0.01698	0.01297	0.01790	0.01231	0.06042	0.01054	0.00597	0.00620	0.00187	0.00773	0.00635	0.00299	0.00804
63	0.02289	0.01234	0.01468	0.01155	0.01589	0.01251	0.00944	0.25188	0.14281	0.41157	0.02025	0.01828	0.01355	0.00725	0.00585	0.00181	0.00535	0.00578	0.00655	0.00978
64	0.00941	0.00628	0.00731	0.00706	0.00899	0.00546	0.00534	0.01119	0.01401	0.10215	0.18461	0.13555	0.43472	0.01377	0.00685	0.00198	0.00325	0.03068	0.00580	0.00558
65	0.01437	0.18049	0.37210	0.01329	0.03342	0.01349	0.01469	0.01863	0.01313	0.14230	0.05540	0.05516	0.03534	0.00695	0.00543	0.00174	0.00671	0.00553	0.00372	0.00812
66	0.01064	0.00660	0.00829	0.00848	0.00957	0.00638	0.00589	0.06951	0.01261	0.09924	0.02728	0.51675	0.03057	0.14648	0.01084	0.00280	0.00417	0.01308	0.00532	0.00551
67	0.02035	0.15641	0.01849	0.01384	0.01712	0.62303	0.01080	0.02195	0.01557	0.01437	0.00914	0.01064	0.00771	0.00585	0.00495	0.00145	0.00953	0.00369	0.02828	0.00682
68	0.03863	0.01391	0.01592	0.10513	0.09330	0.05886	0.01088	0.28712	0.03389	0.02517	0.01209	0.01367	0.00925	0.00583	0.00526	0.00150	0.00611	0.00461	0.02235	0.23650
69	0.01439	0.01461	0.02176	0.19218	0.48477	0.09547	0.04124	0.01773	0.01317	0.01748	0.01056	0.01422	0.00867	0.00550	0.00604	0.00177	0.02430	0.00508	0.00282	0.00825
70	0.01919	0.02799	0.20555	0.01534	0.01979	0.55940	0.01382	0.04232	0.01573	0.01592	0.00949	0.01104	0.00753	0.00590	0.00533	0.00159	0.00989	0.00393	0.00294	0.00730
71	0.01232	0.00825	0.00950	0.00798	0.01120	0.00704	0.00623	0.05041	0.02657	0.14306	0.03559	0.09555	0.33543	0.01061	0.00603	0.00168	0.00386	0.00886	0.00524	0.21460
72	0.01312	0.09001	0.54384	0.06264	0.02474	0.09557	0.05514	0.01864	0.01272	0.01738	0.01015	0.01221	0.00748	0.00552	0.00543	0.00177	0.00861	0.00432	0.00255	0.00814
73	0.01834	0.02103	0.01468	0.01330	0.01635	0.45825	0.01010	0.03746	0.25619	0.01804	0.01730	0.01733	0.06222	0.00723	0.00559	0.00169	0.00797	0.00528	0.00417	0.00748
74	0.00822	0.00610	0.00898	0.00909	0.01001	0.00698	0.00692	0.01010	0.00944	0.01349	0.01705	0.08575	0.01682	0.08136	0.67148	0.00859	0.01407	0.00718	0.00332	0.00507
75	0.01439	0.01382	0.02360	0.03569	0.75936	0.01382	0.01785	0.01785	0.01324	0.01900	0.01094	0.01439	0.00921	0.00518	0.00576	0.00173	0.00691	0.00518	0.00288	0.00921
76	0.01166	0.03008	0.76550	0.01657	0.02517	0.01351	0.02149	0.01842	0.01228	0.01842	0.01044	0.01228	0.00737	0.00552	0.00552	0.00184	0.00859	0.00430	0.00246	0.00859
77	0.00694	0.00564	0.00615	0.00656	0.00803	0.00485	0.00471	0.00827	0.01261	0.01545	0.05078	0.27866	0.53955	0.01578	0.00704	0.00208	0.00308	0.01356	0.00540	0.00485
78	0.52593	0.01073	0.01044	0.00868	0.01263	0.01132	0.00716	0.02141	0.01248	0.30875	0.01379	0.01341	0.00940	0.00609	0.00446	0.00180	0.00467	0.00418	0.00498	0.00768
79	0.01335	0.01275	0.02172	0.26353	0.53966	0.01354	0.01733	0.01693	0.01275	0.01773	0.01075	0.01473	0.00877	0.00537	0.00577	0.00179	0.00717	0.00518	0.00279	0.00837
80	0.01446	0.01249	0.01315	0.01183	0.01512	0.01446	0.00920	0.03090	0.74885	0.02433	0.02367	0.02170	0.01775	0.00789	0.00592	0.00197	0.00460	0.00657	0.00592	0.00920
81	0.00709	0.00506	0.00675	0.00810	0.00843	0.00472	0.00540	0.00810	0.01113	0.01484	0.03205	0.79184	0.03846	0.01822	0.00742	0.00236	0.00337	0.01653	0.00540	0.00472
82	0.00836	0.00602	0.00826	0.00826	0.00892	0.00668	0.00592	0.00969	0.00902	0.01270	0.01657	0.02834	0.01692	0.31541	0.50405	0.00801	0.01198	0.00704	0.00326	0.00459

[dist]
# distance from previous block
# <min> <max>
0	35

[block]
# block no. 1 follows, 40 sequences, length 41
# corresponding to MSA columns:
# 216-256
name=unknown_B
#
# <colnr> <probs for GDERKNQSTAVLIFYWHMCP>
#	G	D	E	R	K	N	Q	S	T	A	V	L	I	F	Y	W	H	M	C	P
0	0.01305	0.01032	0.01344	0.01449	0.14188	0.02723	0.03788	0.11673	0.06641	0.07063	0.05355	0.11280	0.20701	0.01082	0.00653	0.00198	0.00508	0.07793	0.00506	0.00719
1	0.00926	0.00666	0.00922	0.01050	0.01187	0.00662	0.00916	0.01189	0.01338	0.01733	0.03199	0.06519	0.06425	0.01601	0.00798	0.00265	0.00525	0.69009	0.00536	0.00534
2	0.73866	0.01348	0.09850	0.00871	0.01290	0.01310	0.00810	0.01725	0.01018	0.02518	0.00838	0.00978	0.00642	0.00541	0.00383	0.00180	0.00499	0.00329	0.00346	0.00657
3	0.01258	0.01178	0.01963	0.48951	0.29509	0.01342	0.01658	0.04127	0.01275	0.01709	0.01068	0.01505	0.00835	0.00563	0.00579	0.00186	0.00740	0.00518	0.00280	0.00756
4	0.00829	0.00573	0.00711	0.00724	0.00752	0.00594	0.00461	0.00889	0.00893	0.01216	0.01899	0.10729	0.02122	0.53866	0.20705	0.00622	0.00782	0.00870	0.00361	0.00404
5	0.06463	0.03560	0.01824	0.11763	0.18898	0.23418	0.01294	0.19508	0.01729	0.04513	0.01119	0.01308	0.00865	0.00601	0.00547	0.00169	0.00772	0.00464	0.00376	0.00812
6	0.01490	0.01725	0.03106	0.02394	0.07915	0.12144	0.58584	0.01922	0.01408	0.01803	0.01132	0.01486	0.00866	0.00508	0.00656	0.00188	0.00970	0.00631	0.00294	0.00778
7	0.02498	0.01168	0.01460	0.01119	0.01573	0.01119	0.00924	0.22654	0.01962	0.56097	0.02044	0.01817	0.01314	0.00714	0.00584	0.00178	0.00535	0.00568	0.00681	0.00989
8	0.00709	0.00506	0.00675	0.00810	0.00843	0.00472	0.00540	0.00810	0.01113	0.01484	0.03205	0.79184	0.03846	0.01822	0.00742	0.00236	0.00337	0.01653	0.00540	0.00472
9	0.17612	0.19750	0.30512	0.01269	0.01863	0.05507	0.01380	0.09767	0.01373	0.04619	0.01019	0.01141	0.00770	0.00562	0.00477	0.00167	0.00699	0.00393	0.00325	0.00798
10	0.00782	0.00590	0.00722	0.00695	0.00845	0.00530	0.00519	0.01015	0.01539	0.02093	0.53901	0.07305	0.24756	0.01289	0.00688	0.00188	0.00282	0.01121	0.00609	0.00530
11	0.00846	0.00564	0.00634	0.00634	0.00634	0.00564	0.00352	0.00846	0.00846	0.01128	0.01832	0.03805	0.02114	0.79563	0.02960	0.00564	0.00564	0.00846	0.00352	0.00352
12	0.00903	0.00769	0.01207	0.39330	0.02418	0.00880	0.01075	0.01146	0.01138	0.01485	0.02124	0.40526	0.02317	0.01204	0.00662	0.00215	0.00555	0.01087	0.00400	0.00559
13	0.01333	0.09719	0.32086	0.04384	0.37510	0.01457	0.01849	0.01796	0.01268	0.01814	0.01044	0.01308	0.00827	0.00531	0.00547	0.00173	0.00754	0.00462	0.00266	0.00873
14	0.02381	0.00942	0.01259	0.00982	0.01401	0.00811	0.00806	0.02596	0.01624	0.67453	0.02722	0.02409	0.10264	0.00809	0.00597	0.00182	0.00471	0.00661	0.00698	0.00930
15	0.01213	0.12147	0.67815	0.01579	0.02395	0.01463	0.02011	0.01830	0.01222	0.01785	0.01016	0.01193	0.00738	0.00546	0.00531	0.00177	0.00831	0.00416	0.00246	0.00846
16	0.01585	0.01733	0.14575	0.01994	0.12606	0.01499	0.22324	0.18996	0.12573	0.04112	0.01397	0.01553	0.01034	0.00603	0.00608	0.00186	0.00751	0.00576	0.00407	0.00889
17	0.00917	0.00751	0.01139	0.16056	0.01658	0.00788	0.06592	0.02415	0.01193	0.01619	0.02641	0.34674	0.11081	0.01418	0.04666	0.00246	0.02358	0.01099	0.08134	0.00555
18	0.01645	0.01182	0.01325	0.01128	0.01427	0.01269	0.00882	0.44114	0.02085	0.04705	0.02113	0.31220	0.02095	0.01129	0.00643	0.00198	0.00520	0.00958	0.00569	0.00791
19	0.04028	0.01915	0.30153	0.01257	0.01878	0.02480	0.01323	0.11296	0.06121	0.02157	0.01161	0.01290	0.00879	0.00542	0.00507	0.00147	0.00635	0.00420	0.00353	0.31458
20	0.01416	0.01244	0.01653	0.55273	0.03282	0.10263	0.01417	0.04555	0.01341	0.09509	0.01327	0.01665	0.03343	0.00632	0.00579	0.00186	0.00757	0.00531	0.00334	0.00694
21	0.01228	0.01163	0.01877	0.10743	0.11545	0.01049	0.17154	0.01554	0.01247	0.01814	0.01212	0.06336	0.01054	0.00562	0.00544	0.00144	0.00621	0.00547	0.00328	0.39279
22	0.01555	0.79913	0.03047	0.00995	0.01493	0.02301	0.00995	0.01741	0.01182	0.01368	0.00808	0.00933	0.00746	0.00498	0.00373	0.00124	0.00622	0.00311	0.00249	0.00746
23	0.01204	0.01392	0.10542	0.01450	0.01560	0.01587	0.01286	0.01396	0.00931	0.01434	0.00913	0.01479	0.00884	0.05463	0.07340	0.00313	0.59398	0.00526	0.00263	0.00639
24	0.01200	0.02799	0.67610	0.01601	0.02397	0.01362	0.02003	0.01990	0.09981	0.01912	0.01201	0.01340	0.00860	0.00581	0.00557	0.00186	0.00812	0.00457	0.00287	0.00867
25	0.00720	0.00590	0.00634	0.00623	0.00805	0.00505	0.00467	0.00897	0.01402	0.01752	0.22462	0.05299	0.59016	0.01405	0.00687	0.00193	0.00290	0.01186	0.00564	0.00505
26	0.00888	0.00600	0.00823	0.00823	0.00925	0.00673	0.00625	0.01092	0.00990	0.01511	0.01655	0.02386	0.01517	0.09839	0.54154	0.00728	0.01192	0.00624	0.18445	0.00510
27	0.01225	0.01211	0.01770	0.01506	0.01551	0.01639	0.05138	0.01382	0.00922	0.01419	0.00880	0.01409	0.00852	0.01387	0.10796	0.00332	0.65156	0.00532	0.00263	0.00630
28	0.01154	0.00827	0.01064	0.00966	0.01086	0.00944	0.00727	0.09962	0.01158	0.05627	0.01567	0.02525	0.01524	0.27588	0.30385	0.00597	0.10698	0.00667	0.00372	0.00562
29	0.00694	0.00561	0.00618	0.00663	0.00805	0.00485	0.00474	0.00826	0.01255	0.01542	0.04996	0.30110	0.51764	0.01589	0.00706	0.00210	0.00309	0.01369	0.00540	0.00485
30	0.79461	0.01118	0.00880	0.00779	0.01143	0.01281	0.00641	0.01768	0.01025	0.06438	0.00887	0.00998	0.00672	0.00549	0.00372	0.00180	0.00452	0.00329	0.00379	0.00648
31	0.01166	0.03008	0.76550	0.01657	0.02517	0.01351	0.02149	0.01842	0.01228	0.01842	0.01044	0.01228	0.00737	0.00552	0.00552	0.00184	0.00859	0.00430	0.00246	0.00859
32	0.00709	0.00506	0.00675	0.00810	0.00843	0.00472	0.00540	0.00810	0.01113	0.01484	0.03205	0.79184	0.03846	0.01822	0.00742	0.00236	0.00337	0.01653	0.00540	0.00472
33	0.00738	0.00532	0.00728	0.00831	0.00879	0.00528	0.00574	0.00859	0.01068	0.01446	0.02821	0.60937	0.03295	0.04500	0.16891	0.00392	0.00600	0.01414	0.00487	0.00479
34	0.00956	0.00793	0.01160	0.09222	0.01418	0.00983	0.00901	0.01155	0.00969	0.01409	0.01460	0.06945	0.01410	0.05351	0.42737	0.00623	0.17752	0.00657	0.03549	0.00550
35	0.01130	0.01047	0.01749	0.47539	0.22233	0.01196	0.01503	0.01465	0.01198	0.01593	0.01365	0.12808	0.01260	0.00745	0.00603	0.00194	0.00690	0.00682	0.00307	0.00692
36	0.07864	0.01691	0.01620	0.01521	0.10475	0.21631	0.01088	0.21333	0.01856	0.23104	0.01438	0.01440	0.01018	0.00645	0.00551	0.00170	0.00702	0.00486	0.00495	0.00872
37	0.01885	0.00863	0.01080	0.00897	0.01189	0.00811	0.00689	0.02213	0.09185	0.41796	0.02145	0.02456	0.01642	0.19473	0.01129	0.00268	0.00481	0.00649	0.10372	0.00778
38	0.21233	0.01100	0.01289	0.01324	0.12152	0.01142	0.00907	0.03738	0.17073	0.21775	0.02191	0.02113	0.10058	0.00751	0.00544	0.00184	0.00485	0.00601	0.00520	0.00820
39	0.01594	0.01391	0.02018	0.01805	0.10716	0.04360	0.16958	0.06378	0.23303	0.09846	0.01572	0.01696	0.01193	0.00710	0.00825	0.00199	0.13560	0.00596	0.00437	0.00846
40	0.01510	0.01251	0.02043	0.06439	0.02151	0.01185	0.25217	0.12251	0.01543	0.09614	0.01504	0.02091	0.01235	0.00668	0.00607	0.00174	0.00685	0.09037	0.00417	0.20378

[dist]
# distance from previous block
# <min> <max>
0	6

[block]
# block no. 2 follows, 40 sequences, length 83
# corresponding to MSA columns:
# 263-345
name=unknown_C
#
# <colnr> <probs for GDERKNQSTAVLIFYWHMCP>
#	G	D	E	R	K	N	Q	S	T	A	V	L	I	F	Y	W	H	M	C	P
0	0.01456	0.01389	0.01965	0.21355	0.34854	0.06625	0.01522	0.07493	0.09152	0.01928	0.01203	0.01504	0.00959	0.00612	0.00657	0.00184	0.05461	0.00523	0.00334	0.00824
1	0.01841	0.01268	0.02184	0.01781	0.09019	0.01184	0.26647	0.06307	0.01519	0.28799	0.01606	0.03365	0.01153	0.00625	0.00643	0.00180	0.02676	0.00611	0.00472	0.08118
2	0.20440	0.01793	0.13912	0.01577	0.02062	0.14144	0.25240	0.01791	0.01298	0.01925	0.01478	0.03143	0.07419	0.00642	0.00563	0.00183	0.00777	0.00573	0.00329	0.00710
3	0.01235	0.01417	0.13884	0.04995	0.02097	0.01139	0.24817	0.01812	0.11254	0.05896	0.14485	0.10539	0.02124	0.00822	0.00648	0.00195	0.00664	0.00797	0.00434	0.00745
4	0.14755	0.22782	0.04166	0.01111	0.04135	0.01335	0.03447	0.01832	0.02548	0.18852	0.01675	0.16539	0.01521	0.00830	0.00547	0.00178	0.01893	0.00671	0.00440	0.00742
5	0.01232	0.16039	0.64096	0.01545	0.02343	0.01512	0.01953	0.01825	0.01220	0.01761	0.01004	0.01178	0.00738	0.00543	0.00522	0.00174	0.00819	0.00410	0.00246	0.00840
6	0.02214	0.00960	0.01255	0.00989	0.01381	0.00863	0.00807	0.07938	0.01724	0.55939	0.12767	0.02480	0.06337	0.00828	0.00605	0.00181	0.00463	0.00684	0.00687	0.00898
7	0.01325	0.01266	0.02155	0.28452	0.51942	0.01352	0.01728	0.01685	0.01270	0.01762	0.01074	0.01476	0.00872	0.00539	0.00578	0.00180	0.00719	0.00518	0.00278	0.00829
8	0.07535	0.08890	0.34364	0.01312	0.01897	0.01366	0.01429	0.11840	0.05603	0.10216	0.03297	0.03957	0.01201	0.02287	0.00596	0.00189	0.00672	0.02120	0.00399	0.00831
9	0.00831	0.00623	0.00935	0.00935	0.01038	0.00727	0.00727	0.01038	0.00935	0.01350	0.01558	0.02285	0.01454	0.04361	0.77259	0.00935	0.01558	0.00623	0.00312	0.00519
10	0.00814	0.00550	0.00644	0.00675	0.00683	0.00543	0.00396	0.00837	0.00908	0.01210	0.02150	0.21243	0.02515	0.61579	0.02447	0.00488	0.00511	0.01032	0.00396	0.00380
11	0.01260	0.02077	0.35702	0.10786	0.23858	0.01398	0.06285	0.01748	0.01228	0.01781	0.01040	0.01350	0.00806	0.00583	0.00690	0.00189	0.07641	0.00488	0.00263	0.00829
12	0.01141	0.01101	0.02007	0.17865	0.20658	0.01120	0.19343	0.01463	0.01246	0.01688	0.01725	0.22729	0.01737	0.00906	0.00655	0.00203	0.00681	0.02676	0.00358	0.00699
13	0.02487	0.01186	0.01471	0.01128	0.01583	0.01146	0.00932	0.24714	0.01993	0.53993	0.02018	0.01800	0.01301	0.00713	0.00584	0.00178	0.00539	0.00566	0.00677	0.00989
14	0.00772	0.00605	0.00699	0.00673	0.00842	0.00539	0.00506	0.01013	0.02954	0.01976	0.41330	0.04890	0.38477	0.01315	0.00685	0.00190	0.00288	0.01127	0.00592	0.00529
15	0.01279	0.01281	0.02361	0.08584	0.02453	0.01294	0.38255	0.01955	0.16534	0.01924	0.01779	0.02660	0.01536	0.00777	0.00680	0.00210	0.00768	0.14518	0.00399	0.00752
16	0.01556	0.07953	0.01253	0.00933	0.01237	0.01196	0.00757	0.17666	0.18201	0.07544	0.01826	0.01879	0.01377	0.00694	0.00496	0.00160	0.00440	0.00547	0.33512	0.00773
17	0.83671	0.01125	0.00855	0.00765	0.01125	0.01305	0.00630	0.01709	0.00990	0.02609	0.00810	0.00945	0.00630	0.00540	0.00360	0.00180	0.00450	0.00315	0.00360	0.00630
18	0.01365	0.01306	0.02227	0.19746	0.60337	0.01362	0.01748	0.01720	0.01289	0.01810	0.01081	0.01463	0.00889	0.00532	0.00577	0.00177	0.00709	0.00518	0.00281	0.00861
19	0.01406	0.01447	0.02480	0.02746	0.37705	0.03800	0.20192	0.01732	0.01246	0.01760	0.01033	0.01422	0.00869	0.00629	0.00911	0.00197	0.18776	0.00555	0.00282	0.00812
20	0.00831	0.00659	0.00976	0.00917	0.01067	0.00605	0.08051	0.00993	0.01276	0.01685	0.18293	0.29284	0.20177	0.01484	0.00849	0.07503	0.00403	0.03930	0.00510	0.00507
21	0.01345	0.06176	0.48952	0.01945	0.12801	0.01381	0.10310	0.01898	0.01286	0.06867	0.01139	0.01334	0.00828	0.00549	0.00565	0.00181	0.00814	0.00477	0.00289	0.00863
22	0.02081	0.01565	0.01672	0.01312	0.01754	0.01743	0.01074	0.61982	0.14960	0.03456	0.01561	0.01527	0.01122	0.00713	0.00583	0.00178	0.00609	0.00546	0.00583	0.00977
23	0.00852	0.00631	0.00879	0.00869	0.00939	0.00720	0.00638	0.00996	0.00907	0.01287	0.01608	0.02691	0.01621	0.26265	0.52601	0.00800	0.04217	0.00684	0.00321	0.00475
24	0.01139	0.01067	0.01810	0.02130	0.31296	0.01024	0.12745	0.01456	0.01415	0.01948	0.20939	0.02992	0.14031	0.00864	0.00645	0.00185	0.00564	0.02602	0.00425	0.00726
25	0.01062	0.00967	0.01404	0.47175	0.02838	0.01133	0.01226	0.01607	0.13692	0.01666	0.02383	0.02591	0.18277	0.00823	0.00608	0.00195	0.00611	0.00705	0.00380	0.00657
26	0.00709	0.00506	0.00675	0.00810	0.00843	0.00472	0.00540	0.00810	0.01113	0.01484	0.03205	0.79184	0.03846	0.01822	0.00742	0.00236	0.00337	0.01653	0.00540	0.00472
27	0.02574	0.01046	0.01384	0.01061	0.01513	0.00938	0.00877	0.09096	0.01759	0.69943	0.02215	0.01928	0.01400	0.00718	0.00585	0.00179	0.00508	0.00579	0.00708	0.00990
28	0.05586	0.02713	0.63828	0.06016	0.02487	0.01371	0.01976	0.06053	0.01300	0.01969	0.01051	0.01241	0.00748	0.00562	0.00546	0.00184	0.00820	0.00434	0.00272	0.00843
29	0.00695	0.00560	0.00619	0.00667	0.00806	0.00484	0.00476	0.00826	0.01251	0.01541	0.04947	0.31458	0.50447	0.01595	0.00707	0.00210	0.00310	0.01377	0.00540	0.00484
30	0.00827	0.00621	0.00904	0.00916	0.01001	0.00711	0.00694	0.01006	0.00952	0.01356	0.01774	0.12642	0.01795	0.08352	0.60699	0.00802	0.03329	0.00771	0.00343	0.00506
31	0.01033	0.00961	0.01531	0.53655	0.09590	0.01115	0.01359	0.01361	0.01215	0.01542	0.02163	0.02477	0.18121	0.00782	0.00605	0.00193	0.00657	0.00681	0.00326	0.00634
32	0.01403	0.01691	0.17645	0.04546	0.50793	0.01367	0.01759	0.01930	0.07782	0.03680	0.01222	0.01475	0.00967	0.00555	0.00573	0.00178	0.00703	0.00514	0.00315	0.00904
33	0.01264	0.22381	0.58034	0.01491	0.02259	0.01590	0.01858	0.01816	0.01216	0.01722	0.00984	0.01153	0.00739	0.00539	0.00507	0.00169	0.00800	0.00400	0.00246	0.00831
34	0.20527	0.01445	0.01949	0.02738	0.52105	0.08038	0.01459	0.01815	0.01275	0.02022	0.01011	0.01290	0.00839	0.00530	0.00521	0.00172	0.00667	0.00458	0.00306	0.00832
35	0.01551	0.35528	0.11916	0.01525	0.02044	0.15138	0.19326	0.01866	0.01316	0.01562	0.00998	0.02872	0.00848	0.00550	0.00508	0.00157	0.00810	0.00460	0.00275	0.00751
36	0.01102	0.00878	0.01057	0.01000	0.01161	0.04515	0.00768	0.11082	0.04763	0.01719	0.01704	0.08955	0.01621	0.07639	0.48488	0.00676	0.01191	0.00703	0.00384	0.00596
37	0.01199	0.01086	0.01812	0.01421	0.01767	0.02948	0.26367	0.01526	0.03561	0.06857	0.06752	0.16481	0.13733	0.00972	0.00703	0.00193	0.03343	0.00918	0.00440	0.07922
38	0.01411	0.01367	0.02383	0.05690	0.66575	0.01367	0.06983	0.01767	0.01323	0.01881	0.01148	0.01581	0.00975	0.00546	0.00590	0.00177	0.00710	0.02338	0.00294	0.00893
39	0.02609	0.00990	0.01350	0.01035	0.01484	0.00855	0.00855	0.02834	0.01664	0.76338	0.02294	0.01979	0.01439	0.00720	0.00585	0.00180	0.00495	0.00585	0.00720	0.00990
40	0.00687	0.00589	0.00589	0.00589	0.00785	0.00491	0.00442	0.00835	0.01325	0.01571	0.05891	0.05596	0.75700	0.01473	0.00687	0.00196	0.00295	0.01227	0.00540	0.00491
41	0.01265	0.22574	0.57850	0.01489	0.02256	0.01592	0.01855	0.01816	0.01216	0.01721	0.00984	0.01153	0.00739	0.00539	0.00507	0.00169	0.00799	0.00399	0.00246	0.00831
42	0.00828	0.00601	0.00796	0.00845	0.00966	0.00569	0.00664	0.01059	0.01425	0.01930	0.33936	0.19309	0.09336	0.01462	0.00734	0.00221	0.00371	0.23841	0.00581	0.00526
43	0.00704	0.00525	0.00655	0.00759	0.00830	0.00477	0.00517	0.00815	0.01162	0.01504	0.03826	0.62160	0.20468	0.01741	0.00730	0.00227	0.00327	0.01555	0.00540	0.00477
44	0.01180	0.05713	0.73965	0.01634	0.02481	0.01384	0.02108	0.01838	0.01226	0.01825	0.01035	0.01217	0.00737	0.00551	0.00546	0.00182	0.00851	0.00426	0.00246	0.00855
45	0.02095	0.02080	0.01599	0.01369	0.01730	0.38624	0.01066	0.22135	0.13940	0.07614	0.01376	0.01395	0.01033	0.00666	0.00555	0.00167	0.00800	0.00477	0.00455	0.00824
46	0.01201	0.00721	0.00895	0.00775	0.00977	0.00727	0.06924	0.07331	0.01357	0.02263	0.01793	0.02052	0.01396	0.00663	0.00445	0.00144	0.00364	0.00553	0.68819	0.00600
47	0.00772	0.00576	0.00727	0.00831	0.00899	0.00559	0.00568	0.01012	0.07616	0.01572	0.03273	0.68516	0.07463	0.01713	0.00726	0.00231	0.00346	0.01543	0.00544	0.00513
48	0.01369	0.01438	0.02114	0.01694	0.01947	0.10269	0.24297	0.05399	0.01266	0.01684	0.01335	0.13796	0.01304	0.00912	0.01100	0.00216	0.28111	0.00733	0.00335	0.00680
49	0.00729	0.00540	0.00681	0.00752	0.00838	0.00492	0.00524	0.00876	0.01268	0.01683	0.19334	0.49421	0.17489	0.01621	0.00720	0.00217	0.00316	0.01445	0.00562	0.00492
50	0.01852	0.01301	0.01428	0.01188	0.01572	0.01432	0.00951	0.23934	0.39744	0.14833	0.02056	0.01910	0.01481	0.00748	0.00583	0.00186	0.00514	0.00603	0.02743	0.00942
51	0.01221	0.01125	0.01697	0.01248	0.01747	0.00927	0.17629	0.01534	0.01256	0.01874	0.01247	0.01761	0.01085	0.00548	0.00523	0.00128	0.00567	0.06731	0.00350	0.56804
52	0.10468	0.21279	0.50438	0.01399	0.02115	0.01574	0.01702	0.01803	0.01190	0.01814	0.00961	0.01125	0.00727	0.00538	0.00488	0.00169	0.00757	0.00388	0.00259	0.00807
53	0.01980	0.27252	0.02108	0.01316	0.01701	0.43161	0.01080	0.11773	0.01645	0.01707	0.00937	0.01058	0.00780	0.00580	0.00484	0.00145	0.00857	0.00374	0.00321	0.00740
54	0.01506	0.05501	0.01227	0.00941	0.01239	0.01007	0.00757	0.16005	0.06288	0.16465	0.33174	0.03075	0.08467	0.00959	0.00622	0.00179	0.00421	0.00805	0.00611	0.00749
55	0.03633	0.13949	0.43909	0.01535	0.06376	0.01446	0.01663	0.05101	0.03068	0.12231	0.01225	0.01322	0.00879	0.00577	0.00529	0.00174	0.00734	0.00445	0.00340	0.00865
56	0.00785	0.00575	0.00741	0.00768	0.00882	0.00531	0.00568	0.00994	0.01429	0.01950	0.40519	0.26320	0.12661	0.01440	0.00713	0.00207	0.00318	0.07490	0.00591	0.00519
57	0.00761	0.00544	0.00735	0.00870	0.00927	0.00518	0.00632	0.00901	0.01165	0.01544	0.03176	0.62383	0.03731	0.01772	0.00756	0.00243	0.00383	0.17932	0.00539	0.00487
58	0.01312	0.01115	0.01169	0.01052	0.01357	0.01241	0.00818	0.06722	0.53255	0.02301	0.03143	0.02934	0.19207	0.00945	0.00614	0.00196	0.00432	0.00784	0.00579	0.00823
59	0.06104	0.11078	0.47052	0.01715	0.02443	0.01481	0.18512	0.01828	0.01242	0.01839	0.01035	0.01257	0.00765	0.00531	0.00552	0.00180	0.00837	0.00469	0.00264	0.00816
60	0.00691	0.00575	0.00604	0.00626	0.00795	0.00488	0.00458	0.00830	0.01290	0.01556	0.05436	0.18065	0.63525	0.01532	0.00697	0.00203	0.00302	0.01299	0.00540	0.00488
61	0.55042	0.01302	0.01168	0.00966	0.01363	0.01480	0.00797	0.27114	0.01603	0.02980	0.01016	0.01103	0.00756	0.00595	0.00438	0.00178	0.00517	0.00388	0.00438	0.00756
62	0.00760	0.00592	0.00690	0.00666	0.00830	0.00522	0.00499	0.00976	0.01498	0.01980	0.43352	0.04924	0.37983	0.01320	0.00687	0.00189	0.00284	0.01133	0.00594	0.00522
63	0.00734	0.00524	0.00704	0.00839	0.00883	0.00494	0.00584	0.00853	0.01138	0.01513	0.03191	0.71144	0.03791	0.01798	0.00749	0.00240	0.00359	0.09443	0.00539	0.00479
64	0.00853	0.00644	0.00954	0.00945	0.01046	0.00759	0.00738	0.01059	0.00940	0.01373	0.01538	0.02246	0.01430	0.04150	0.72645	0.00890	0.04231	0.00617	0.02416	0.00524
65	0.00709	0.00506	0.00675	0.00810	0.00843	0.00472	0.00540	0.00810	0.01113	0.01484	0.03205	0.79184	0.03846	0.01822	0.00742	0.00236	0.00337	0.01653	0.00540	0.00472
66	0.01409	0.01351	0.02306	0.10134	0.69606	0.01374	0.01770	0.01758	0.01310	0.01863	0.01089	0.01449	0.00908	0.00524	0.00576	0.00175	0.00698	0.00518	0.00285	0.00897
67	0.00696	0.00584	0.00605	0.00611	0.00794	0.00493	0.00454	0.00848	0.01331	0.01610	0.09760	0.10019	0.67250	0.01478	0.00691	0.00198	0.00296	0.01243	0.00546	0.00493
68	0.02172	0.02772	0.01648	0.01498	0.01798	0.77228	0.01124	0.02322	0.01648	0.01423	0.00899	0.01049	0.00749	0.00599	0.00524	0.00150	0.01049	0.00375	0.00300	0.00674
69	0.01239	0.17366	0.62828	0.01534	0.02326	0.01528	0.01933	0.01823	0.01219	0.01753	0.01000	0.01173	0.00738	0.00542	0.00519	0.00173	0.00815	0.00408	0.00246	0.00838
70	0.01245	0.01018	0.01168	0.01077	0.01328	0.01154	0.00845	0.06026	0.41543	0.02196	0.10346	0.02652	0.02164	0.01702	0.18350	0.00369	0.00707	0.04813	0.00529	0.00767
71	0.01409	0.14827	0.03272	0.02303	0.09192	0.01603	0.55144	0.01835	0.01336	0.01782	0.01107	0.01450	0.00863	0.00494	0.00623	0.00182	0.00894	0.00608	0.00286	0.00790
72	0.01358	0.01251	0.02037	0.36016	0.37935	0.01380	0.01651	0.08008	0.01378	0.01874	0.01094	0.01484	0.00863	0.00562	0.00579	0.00182	0.00723	0.00518	0.00301	0.00807
73	0.02609	0.00990	0.01350	0.01035	0.01484	0.00855	0.00855	0.02834	0.01664	0.76338	0.02294	0.01979	0.01439	0.00720	0.00585	0.00180	0.00495	0.00585	0.00720	0.00990
74	0.00927	0.00717	0.00925	0.00874	0.00896	0.00839	0.00613	0.00996	0.00873	0.01228	0.01563	0.02983	0.01707	0.48164	0.18402	0.00581	0.16211	0.00732	0.00324	0.00444
75	0.01478	0.49444	0.28098	0.01224	0.01842	0.01900	0.01382	0.01833	0.01223	0.05487	0.00967	0.01089	0.00780	0.00528	0.00446	0.00148	0.00696	0.00366	0.00273	0.00798
76	0.01265	0.01204	0.02045	0.41705	0.39163	0.01336	0.01698	0.01632	0.01242	0.01688	0.01063	0.01496	0.00847	0.00550	0.00579	0.00183	0.00734	0.00517	0.00273	0.00780
77	0.00709	0.00506	0.00675	0.00810	0.00843	0.00472	0.00540	0.00810	0.01113	0.01484	0.03205	0.79184	0.03846	0.01822	0.00742	0.00236	0.00337	0.01653	0.00540	0.00472
78	0.01578	0.00929	0.01367	0.01130	0.01424	0.00873	0.10641	0.08841	0.01477	0.26139	0.02491	0.24815	0.06445	0.07991	0.00859	0.00233	0.00523	0.00966	0.00553	0.00725
79	0.01290	0.27566	0.53078	0.01446	0.02190	0.01654	0.01780	0.01810	0.01213	0.01690	0.00969	0.01134	0.00740	0.00535	0.00495	0.00165	0.00784	0.00392	0.00247	0.00823
80	0.01531	0.00753	0.00996	0.00845	0.01111	0.00668	0.00666	0.01779	0.01636	0.31951	0.42449	0.03464	0.07680	0.01016	0.00645	0.00182	0.00364	0.00874	0.00667	0.00722
81	0.01045	0.00912	0.00930	0.00867	0.01087	0.05231	0.00660	0.01677	0.23126	0.02084	0.29073	0.03884	0.24912	0.01121	0.00649	0.00189	0.00380	0.00948	0.00577	0.00648
82	0.03244	0.01446	0.01826	0.01588	0.08329	0.11397	0.13581	0.15238	0.05293	0.21193	0.01738	0.06163	0.02720	0.00720	0.00596	0.00180	0.00675	0.00630	0.02597	0.00845

[dist]
# distance from previous block
# <min> <max>
5	9

[block]
# block no. 3 follows, 40 sequences, length 12
# corresponding to MSA columns:
# 358-369
name=unknown_D
#
# <colnr> <probs for GDERKNQSTAVLIFYWHMCP>
#	G	D	E	R	K	N	Q	S	T	A	V	L	I	F	Y	W	H	M	C	P
0	0.01282	0.01079	0.01200	0.01019	0.01379	0.01077	0.00789	0.04878	0.34804	0.02148	0.01967	0.12855	0.01711	0.00804	0.00555	0.00162	0.00439	0.00682	0.00494	0.30679
1	0.01690	0.01751	0.01941	0.13308	0.31825	0.23126	0.01446	0.10346	0.05468	0.01937	0.01132	0.01377	0.00904	0.00586	0.00563	0.00171	0.00787	0.00485	0.00337	0.00819
2	0.43610	0.01143	0.01152	0.00938	0.01345	0.01209	0.00774	0.11760	0.01465	0.29301	0.01423	0.01377	0.00969	0.00626	0.00470	0.00179	0.00491	0.00440	0.00519	0.00807
3	0.00706	0.00514	0.00666	0.00788	0.00838	0.00474	0.00530	0.00812	0.01134	0.01493	0.03472	0.71885	0.10973	0.01787	0.00737	0.00232	0.00333	0.01611	0.00540	0.00474
4	0.00741	0.00530	0.00712	0.00847	0.00895	0.00501	0.00597	0.00866	0.01146	0.01521	0.03187	0.68749	0.03774	0.01791	0.00751	0.00241	0.00366	0.11763	0.00539	0.00481
5	0.02609	0.00990	0.01350	0.01035	0.01484	0.00855	0.00855	0.02834	0.01664	0.76338	0.02294	0.01979	0.01439	0.00720	0.00585	0.00180	0.00495	0.00585	0.00720	0.00990
6	0.00773	0.00547	0.00680	0.00735	0.00779	0.00530	0.00479	0.00860	0.01054	0.01409	0.07723	0.36492	0.07830	0.30114	0.06978	0.00398	0.00499	0.01218	0.00463	0.00439
7	0.76202	0.01112	0.00900	0.00790	0.01158	0.01263	0.00651	0.01813	0.01052	0.09402	0.00946	0.01040	0.00704	0.00556	0.00381	0.00180	0.00454	0.00340	0.00393	0.00663
8	0.02505	0.01156	0.01453	0.01114	0.01568	0.01102	0.00920	0.21402	0.01944	0.57376	0.02060	0.01827	0.01322	0.00714	0.00584	0.00179	0.00533	0.00569	0.00684	0.00989
9	0.00701	0.00590	0.00608	0.00603	0.00794	0.00497	0.00452	0.00861	0.01357	0.01646	0.12808	0.05472	0.68736	0.01445	0.00687	0.00195	0.00293	0.01210	0.00550	0.00497
10	0.00797	0.00648	0.01043	0.01029	0.01136	0.00606	0.10318	0.00950	0.01148	0.01535	0.02934	0.68827	0.03451	0.01644	0.00735	0.00231	0.00423	0.01524	0.00507	0.00514
11	0.01373	0.01569	0.03431	0.02451	0.03039	0.01471	0.73824	0.01863	0.01373	0.01863	0.01176	0.01569	0.00882	0.00490	0.00686	0.00196	0.00980	0.00686	0.00294	0.00784

[dist]
# distance from previous block
# <min> <max>
0	43

[block]
# block no. 4 follows, 40 sequences, length 80
# corresponding to MSA columns:
# 413-451,502-542
name=unknown_E
#
# <colnr> <probs for GDERKNQSTAVLIFYWHMCP>
#	G	D	E	R	K	N	Q	S	T	A	V	L	I	F	Y	W	H	M	C	P
0	0.09330	0.01001	0.01308	0.01012	0.01455	0.00892	0.00836	0.02741	0.01608	0.70225	0.02171	0.01894	0.01372	0.00705	0.00566	0.00180	0.00491	0.00562	0.00690	0.00960
1	0.00720	0.00595	0.00634	0.00638	0.00823	0.00510	0.00487	0.00890	0.01363	0.01669	0.13680	0.05518	0.62793	0.01449	0.00695	0.00200	0.00308	0.05976	0.00551	0.00501
2	0.02265	0.01542	0.01691	0.01297	0.01760	0.01675	0.01071	0.64337	0.02589	0.13529	0.01518	0.01475	0.01050	0.00701	0.00582	0.00175	0.00620	0.00532	0.00600	0.00989
3	0.01650	0.01088	0.01146	0.00942	0.01243	0.01175	0.00757	0.37824	0.01980	0.02920	0.01646	0.01781	0.01239	0.00688	0.00494	0.00155	0.00456	0.00533	0.41518	0.00766
4	0.00709	0.00506	0.00675	0.00810	0.00843	0.00472	0.00540	0.00810	0.01113	0.01484	0.03205	0.79184	0.03846	0.01822	0.00742	0.00236	0.00337	0.01653	0.00540	0.00472
5	0.01253	0.01191	0.02023	0.44358	0.36604	0.01333	0.01692	0.01621	0.01236	0.01673	0.01061	0.01500	0.00841	0.00553	0.00579	0.00184	0.00737	0.00517	0.00272	0.00771
6	0.01439	0.01382	0.02360	0.03569	0.75936	0.01382	0.01785	0.01785	0.01324	0.01900	0.01094	0.01439	0.00921	0.00518	0.00576	0.00173	0.00691	0.00518	0.00288	0.00921
7	0.02410	0.01308	0.01547	0.01186	0.01644	0.01328	0.00980	0.38330	0.02198	0.40089	0.01846	0.01688	0.01215	0.00709	0.00583	0.00177	0.00567	0.00554	0.00651	0.00989
8	0.01021	0.00684	0.00825	0.00784	0.00969	0.00639	0.00588	0.02987	0.06375	0.09516	0.29486	0.18505	0.22788	0.01298	0.00678	0.00197	0.00335	0.01126	0.00598	0.00599
9	0.01012	0.00506	0.00751	0.00751	0.00755	0.00506	0.00502	0.00776	0.00772	0.01045	0.01037	0.01780	0.01025	0.01979	0.02216	0.80562	0.00498	0.00506	0.02759	0.00261
10	0.00725	0.00536	0.00672	0.00752	0.00830	0.00489	0.00517	0.00856	0.01220	0.01610	0.13889	0.52728	0.17433	0.03899	0.00788	0.00231	0.00327	0.01466	0.00549	0.00483
11	0.02010	0.01647	0.06500	0.01264	0.01703	0.06676	0.01083	0.53751	0.02349	0.04943	0.01423	0.01471	0.01029	0.00680	0.00554	0.00169	0.00633	0.00511	0.10700	0.00904
12	0.01217	0.01070	0.01356	0.00968	0.01490	0.00822	0.05615	0.01491	0.01217	0.01893	0.01043	0.01230	0.00863	0.00435	0.00448	0.00094	0.00468	0.00368	0.00341	0.77572
13	0.00733	0.00508	0.00666	0.00792	0.00833	0.00477	0.00531	0.00846	0.01120	0.01529	0.03119	0.74119	0.03691	0.01747	0.00720	0.00230	0.00333	0.01580	0.05949	0.00477
14	0.02172	0.02772	0.01648	0.01498	0.01798	0.77228	0.01124	0.02322	0.01648	0.01423	0.00899	0.01049	0.00749	0.00599	0.00524	0.00150	0.01049	0.00375	0.00300	0.00674
15	0.00836	0.00601	0.00822	0.00822	0.00887	0.00666	0.00586	0.00966	0.00901	0.01266	0.01661	0.02856	0.01702	0.32594	0.49365	0.00795	0.01185	0.00707	0.00327	0.00457
16	0.02172	0.02772	0.01648	0.01498	0.01798	0.77228	0.01124	0.02322	0.01648	0.01423	0.00899	0.01049	0.00749	0.00599	0.00524	0.00150	0.01049	0.00375	0.00300	0.00674
17	0.02159	0.00884	0.01174	0.00935	0.01308	0.00772	0.00760	0.02387	0.01610	0.57281	0.11499	0.02529	0.07016	0.00826	0.00592	0.00179	0.00439	0.00683	0.06095	0.00872
