[name]
unknown

[dist]
# distance from previous block
# <min> <max>
0	318

[block]
# block no. 0 follows, 48 sequences, length 22
# corresponding to MSA columns:
# 318-339
name=unknown_A
#
# <colnr> <probs for GDERKNQSTAVLIFYWHMCP>
#	G	D	E	R	K	N	Q	S	T	A	V	L	I	F	Y	W	H	M	C	P
0	0.02972	0.26158	0.05774	0.00940	0.01256	0.01166	0.03135	0.01542	0.08309	0.09473	0.08416	0.02765	0.06120	0.00828	0.00516	0.00166	0.00480	0.18957	0.00400	0.00625
1	0.00987	0.10812	0.30446	0.01038	0.01419	0.00947	0.01085	0.03552	0.01095	0.05350	0.01779	0.35613	0.01865	0.00973	0.00543	0.00176	0.00515	0.00839	0.00358	0.00610
2	0.01471	0.10854	0.07036	0.01197	0.05302	0.12692	0.00971	0.19242	0.25471	0.02076	0.05630	0.01571	0.03003	0.00630	0.00492	0.00153	0.00557	0.00492	0.00414	0.00747
3	0.01414	0.52314	0.07855	0.00994	0.01405	0.13156	0.00946	0.03231	0.08832	0.01403	0.00921	0.01012	0.00776	0.00490	0.00384	0.00125	0.00594	0.00332	0.03146	0.00670
4	0.05163	0.04282	0.22400	0.15986	0.34680	0.01193	0.01509	0.01522	0.01097	0.01612	0.00921	0.01190	0.00727	0.00471	0.00481	0.00153	0.00637	0.00413	0.00244	0.05319
5	0.00715	0.00515	0.00675	0.00654	0.00764	0.00476	0.00483	0.00939	0.01398	0.01971	0.69724	0.12851	0.04674	0.01114	0.00611	0.00167	0.00249	0.00989	0.00555	0.00476
6	0.03037	0.15653	0.05064	0.00825	0.01051	0.00842	0.05700	0.01036	0.01122	0.01484	0.14090	0.27296	0.18737	0.01080	0.00557	0.00170	0.00391	0.00940	0.00411	0.00514
7	0.03270	0.05205	0.10251	0.01024	0.03150	0.02677	0.00890	0.13219	0.11409	0.19808	0.13493	0.03414	0.06061	0.00744	0.00525	0.00162	0.00468	0.03023	0.00482	0.00723
8	0.02062	0.00927	0.01184	0.00944	0.01316	0.00876	0.00768	0.02553	0.19347	0.61102	0.02039	0.01786	0.01339	0.00649	0.00517	0.00162	0.00429	0.00531	0.00609	0.00859
9	0.01256	0.01205	0.02057	0.06846	0.75183	0.01215	0.01568	0.01562	0.01162	0.01659	0.00963	0.01275	0.00807	0.00460	0.00508	0.00153	0.00613	0.00457	0.00253	0.00801
10	0.01410	0.03756	0.18407	0.01596	0.02078	0.17083	0.28035	0.10564	0.08685	0.01784	0.01079	0.01249	0.00811	0.00510	0.00527	0.00159	0.00769	0.00476	0.00305	0.00718
11	0.02069	0.00895	0.01229	0.10176	0.01570	0.00839	0.00836	0.02380	0.07267	0.64206	0.01900	0.01715	0.01225	0.00626	0.00516	0.00161	0.00463	0.00514	0.00579	0.00833
12	0.00625	0.00447	0.00595	0.00714	0.00744	0.00417	0.00476	0.00714	0.00982	0.01310	0.02828	0.81633	0.03394	0.01608	0.00655	0.00208	0.00298	0.01459	0.00476	0.00417
13	0.00964	0.00587	0.00769	0.00791	0.00937	0.00563	0.00654	0.01179	0.01224	0.09842	0.15798	0.04401	0.07280	0.05146	0.00718	0.00211	0.00390	0.37762	0.10275	0.00507
14	0.08022	0.00955	0.06801	0.01070	0.01345	0.00841	0.14612	0.06829	0.03105	0.05440	0.22976	0.18482	0.02543	0.00918	0.00575	0.00176	0.00462	0.03819	0.00441	0.00588
15	0.02120	0.00975	0.01424	0.01079	0.01487	0.00886	0.09597	0.07057	0.03985	0.62902	0.01863	0.01678	0.01198	0.00612	0.00526	0.00161	0.00493	0.00525	0.00580	0.00850
16	0.00625	0.00447	0.00595	0.00714	0.00744	0.00417	0.00476	0.00714	0.00982	0.01310	0.02828	0.81633	0.03394	0.01608	0.00655	0.00208	0.00298	0.01459	0.00476	0.00417
17	0.85592	0.00992	0.00754	0.00675	0.00992	0.01151	0.00556	0.01508	0.00873	0.02302	0.00714	0.00834	0.00556	0.00476	0.00318	0.00159	0.00397	0.00278	0.00318	0.00556
18	0.01224	0.47831	0.35835	0.01131	0.01708	0.01667	0.01318	0.01575	0.01060	0.01388	0.00803	0.00936	0.00655	0.00460	0.00398	0.00133	0.00639	0.00320	0.00218	0.00702
19	0.01625	0.11215	0.01825	0.01915	0.29037	0.39167	0.01185	0.05358	0.01350	0.01493	0.00866	0.01051	0.00725	0.00497	0.00466	0.00138	0.00752	0.00375	0.00267	0.00693
20	0.10952	0.00588	0.00772	0.00711	0.00824	0.00584	0.00515	0.01104	0.00871	0.14947	0.04788	0.01617	0.01109	0.01393	0.01479	0.56143	0.00429	0.00462	0.00323	0.00389
21	0.01405	0.01475	0.19570	0.01166	0.01599	0.01203	0.03054	0.12051	0.28775	0.11383	0.01504	0.01489	0.01096	0.00607	0.00560	0.00162	0.04504	0.00482	0.00424	0.07491

[dist]
# distance from previous block
# <min> <max>
0	1

[block]
# block no. 1 follows, 48 sequences, length 12
# corresponding to MSA columns:
# 341-352
name=unknown_B
#
# <colnr> <probs for GDERKNQSTAVLIFYWHMCP>
#	G	D	E	R	K	N	Q	S	T	A	V	L	I	F	Y	W	H	M	C	P
0	0.01116	0.00979	0.01540	0.24410	0.30543	0.01054	0.01258	0.07842	0.01242	0.01682	0.04531	0.05372	0.01432	0.00729	0.00556	0.00175	0.00575	0.13975	0.00330	0.00659
1	0.00733	0.00550	0.00825	0.00825	0.00916	0.00641	0.00641	0.00916	0.00825	0.01191	0.01374	0.02016	0.01283	0.03848	0.79934	0.00825	0.01374	0.00550	0.00275	0.00458
2	0.00764	0.00618	0.00901	0.23455	0.01578	0.00673	0.00776	0.01000	0.04975	0.01362	0.02242	0.51977	0.02514	0.01243	0.00610	0.00197	0.00419	0.03807	0.00408	0.00483
3	0.06258	0.01084	0.01196	0.00973	0.01317	0.07265	0.00782	0.15056	0.07751	0.43007	0.01797	0.08431	0.01323	0.00704	0.00514	0.00161	0.00481	0.00566	0.00545	0.00790
4	0.01741	0.02165	0.01361	0.01248	0.01487	0.68166	0.00940	0.01881	0.01361	0.01246	0.00879	0.01087	0.00753	0.01020	0.12234	0.00235	0.00992	0.00363	0.00266	0.00575
5	0.00780	0.00557	0.00773	0.00891	0.00988	0.00550	0.00745	0.00981	0.01135	0.01483	0.02743	0.23546	0.03056	0.01462	0.00696	0.00230	0.00432	0.58020	0.00473	0.00459
6	0.01345	0.01225	0.01956	0.09532	0.60864	0.01267	0.01473	0.12733	0.01340	0.01876	0.01000	0.01273	0.00811	0.00485	0.00509	0.00154	0.00609	0.00458	0.00290	0.00801
7	0.01045	0.01052	0.00900	0.00947	0.01067	0.23028	0.00715	0.01185	0.01169	0.01354	0.02221	0.38796	0.02502	0.01251	0.00614	0.00194	0.00522	0.20541	0.00415	0.00482
8	0.00891	0.00446	0.00668	0.00668	0.00668	0.00446	0.00446	0.00668	0.00668	0.00891	0.00891	0.01560	0.00891	0.01783	0.02005	0.85071	0.00446	0.00446	0.00223	0.00223
9	0.00746	0.00497	0.00560	0.00560	0.00560	0.00497	0.00311	0.00746	0.00746	0.00995	0.01617	0.03358	0.01865	0.81967	0.02612	0.00497	0.00497	0.00746	0.00311	0.00311
10	0.00969	0.00912	0.01539	0.80734	0.03534	0.01140	0.01425	0.01311	0.01026	0.01311	0.00912	0.01368	0.00684	0.00513	0.00513	0.00171	0.00684	0.00456	0.00228	0.00570
11	0.01483	0.01506	0.01636	0.01884	0.28197	0.22470	0.01171	0.13861	0.01367	0.01714	0.00968	0.01229	0.00812	0.00899	0.08675	0.00224	0.10478	0.00432	0.00297	0.00697

[dist]
# distance from previous block
# <min> <max>
0	1

[block]
# block no. 2 follows, 48 sequences, length 44
# corresponding to MSA columns:
# 354-397
name=unknown_C
#
# <colnr> <probs for GDERKNQSTAVLIFYWHMCP>
#	G	D	E	R	K	N	Q	S	T	A	V	L	I	F	Y	W	H	M	C	P
0	0.01140	0.01118	0.01628	0.22229	0.39029	0.08219	0.01292	0.01401	0.01126	0.01481	0.01262	0.15313	0.01217	0.00679	0.00531	0.00165	0.00603	0.00620	0.00287	0.00662
1	0.00955	0.00644	0.00868	0.00821	0.00862	0.00731	0.00595	0.04758	0.04570	0.01188	0.01211	0.09775	0.01244	0.08881	0.04460	0.43936	0.13252	0.00587	0.00288	0.00374
2	0.01595	0.01251	0.01336	0.01098	0.01448	0.01400	0.00881	0.39929	0.36271	0.02661	0.01642	0.03214	0.01234	0.00666	0.00517	0.00162	0.00483	0.00532	0.00511	0.03170
3	0.01250	0.01242	0.02248	0.05232	0.61939	0.01232	0.16049	0.01580	0.01172	0.01659	0.00978	0.01295	0.00802	0.00454	0.00527	0.00157	0.00661	0.00486	0.00254	0.00782
4	0.01029	0.02654	0.79309	0.01462	0.02221	0.01192	0.01896	0.01625	0.01083	0.01625	0.00921	0.01083	0.00650	0.00487	0.00487	0.00162	0.00758	0.00379	0.00217	0.00758
5	0.01164	0.02116	0.54021	0.01454	0.02085	0.01107	0.11752	0.01665	0.01148	0.09463	0.01212	0.01619	0.00940	0.00580	0.00526	0.00170	0.00714	0.07242	0.00288	0.00735
6	0.00746	0.00497	0.00560	0.00560	0.00560	0.00497	0.00311	0.00746	0.00746	0.00995	0.01617	0.03358	0.01865	0.81967	0.02612	0.00497	0.00497	0.00746	0.00311	0.00311
7	0.01427	0.74196	0.02564	0.00923	0.01344	0.09912	0.00889	0.01588	0.01084	0.01212	0.00721	0.00833	0.00659	0.00448	0.00343	0.00112	0.00587	0.00280	0.00224	0.00652
8	0.01169	0.00776	0.01164	0.01139	0.08206	0.00757	0.08403	0.07073	0.01210	0.14819	0.02030	0.28717	0.04134	0.01299	0.09403	0.00247	0.00541	0.00851	0.07457	0.00603
9	0.01029	0.02654	0.79309	0.01462	0.02221	0.01192	0.01896	0.01625	0.01083	0.01625	0.00921	0.01083	0.00650	0.00487	0.00487	0.00162	0.00758	0.00379	0.00217	0.00758
10	0.01648	0.00972	0.01078	0.00868	0.01168	0.01016	0.00703	0.34503	0.01734	0.17328	0.01549	0.01584	0.01114	0.00613	0.00456	0.00142	0.00419	0.00478	0.31900	0.00726
11	0.00969	0.00912	0.01539	0.80734	0.03534	0.01140	0.01425	0.01311	0.01026	0.01311	0.00912	0.01368	0.00684	0.00513	0.00513	0.00171	0.00684	0.00456	0.00228	0.00570
12	0.01250	0.01199	0.02046	0.08346	0.73728	0.01214	0.01565	0.01557	0.01159	0.01652	0.00962	0.01277	0.00804	0.00461	0.00508	0.00154	0.00615	0.00457	0.00252	0.00797
13	0.00643	0.00475	0.00570	0.00636	0.00697	0.00436	0.00423	0.00726	0.00986	0.01270	0.03202	0.47505	0.22165	0.16603	0.01010	0.00254	0.00326	0.01230	0.00445	0.00401
14	0.00684	0.00477	0.00608	0.00689	0.00719	0.00460	0.00460	0.00760	0.00928	0.01233	0.02434	0.49130	0.02866	0.26973	0.01279	0.00303	0.00379	0.08806	0.00424	0.00389
15	0.01672	0.05400	0.01415	0.01095	0.01452	0.04140	0.00888	0.34899	0.32920	0.08206	0.01597	0.01516	0.01166	0.00638	0.00506	0.00159	0.00502	0.00500	0.00502	0.00828
16	0.01149	0.00893	0.01044	0.04834	0.01281	0.00770	0.00659	0.09318	0.02585	0.06769	0.01862	0.01901	0.15768	0.00610	0.00456	0.00115	0.00396	0.00497	0.00381	0.48712
17	0.01369	0.44816	0.21485	0.01105	0.01588	0.08203	0.01156	0.07802	0.02676	0.01500	0.00839	0.00961	0.00692	0.00494	0.00446	0.00134	0.03455	0.00332	0.00253	0.00695
18	0.01219	0.01287	0.02558	0.02536	0.34716	0.01239	0.42893	0.01587	0.01186	0.01648	0.01060	0.03686	0.00870	0.00477	0.00566	0.00165	0.00741	0.00568	0.00264	0.00735
19	0.00765	0.00572	0.00786	0.06705	0.01101	0.00583	0.00696	0.01005	0.04988	0.01476	0.06445	0.39087	0.03008	0.01381	0.00656	0.00212	0.00395	0.29205	0.00463	0.00473
20	0.01123	0.01123	0.01572	0.01347	0.01347	0.01572	0.01123	0.01235	0.00786	0.01235	0.00674	0.01123	0.00674	0.00898	0.01684	0.00225	0.81028	0.00449	0.00225	0.00561
21	0.00634	0.00450	0.00593	0.00703	0.00731	0.00423	0.00464	0.00717	0.00965	0.01287	0.02739	0.75871	0.03281	0.07523	0.00799	0.00230	0.00312	0.01406	0.00464	0.00409
22	0.01140	0.01173	0.01851	0.01504	0.01604	0.01519	0.15688	0.01313	0.00868	0.01313	0.00744	0.01173	0.00694	0.00809	0.01477	0.00215	0.65621	0.00479	0.00231	0.00586
23	0.01917	0.02445	0.01454	0.01322	0.01586	0.79907	0.00991	0.02049	0.01454	0.01256	0.00793	0.00925	0.00661	0.00529	0.00463	0.00132	0.00925	0.00330	0.00264	0.00595
24	0.01117	0.01476	0.15942	0.22917	0.04935	0.01235	0.41674	0.01550	0.01138	0.01553	0.00982	0.01324	0.00732	0.00464	0.00558	0.00170	0.00791	0.00522	0.00244	0.00675
25	0.00746	0.00497	0.00560	0.00560	0.00560	0.00497	0.00311	0.00746	0.00746	0.00995	0.01617	0.03358	0.01865	0.81967	0.02612	0.00497	0.00497	0.00746	0.00311	0.00311
26	0.00645	0.00466	0.00594	0.00675	0.00724	0.00433	0.00454	0.00745	0.01025	0.01363	0.10588	0.59397	0.10235	0.09103	0.00830	0.00228	0.00307	0.01304	0.00470	0.00415
27	0.00653	0.00458	0.00576	0.00670	0.00725	0.00424	0.00455	0.00761	0.01013	0.01374	0.03008	0.65160	0.12239	0.01479	0.00622	0.00196	0.00288	0.01324	0.08150	0.00424
28	0.02276	0.00879	0.01190	0.00916	0.01310	0.00767	0.00756	0.02506	0.03404	0.77172	0.02026	0.01751	0.01278	0.00637	0.00516	0.00159	0.00436	0.00518	0.00632	0.00872
29	0.00650	0.00508	0.00597	0.00656	0.00773	0.00455	0.00493	0.00785	0.01110	0.01387	0.03999	0.30175	0.41065	0.01420	0.00640	0.00196	0.00309	0.13873	0.00476	0.00435
30	0.00622	0.00461	0.00581	0.00677	0.00734	0.00420	0.00460	0.00719	0.01018	0.01324	0.03284	0.66892	0.17840	0.01548	0.00646	0.00202	0.00290	0.01386	0.00476	0.00420
31	0.01834	0.02204	0.01470	0.08533	0.01764	0.64814	0.01029	0.09573	0.01512	0.01461	0.00848	0.00997	0.00684	0.00536	0.00472	0.00138	0.00867	0.00355	0.00286	0.00621
32	0.01270	0.01219	0.02083	0.03149	0.78767	0.01219	0.01575	0.01575	0.01168	0.01676	0.00965	0.01270	0.00813	0.00457	0.00508	0.00152	0.00610	0.00457	0.00254	0.00813
33	0.00738	0.00632	0.00647	0.00624	0.00818	0.00596	0.00473	0.01124	0.15912	0.01548	0.06302	0.04331	0.62049	0.01178	0.00590	0.00173	0.00288	0.00983	0.00487	0.00507
34	0.01285	0.60579	0.02151	0.00813	0.01180	0.01676	0.00773	0.01559	0.06702	0.01412	0.00999	0.01113	0.00852	0.00488	0.00349	0.00116	0.00479	0.00336	0.16501	0.00635
35	0.18217	0.00917	0.01104	0.00879	0.01251	0.00878	0.00721	0.02331	0.08350	0.57305	0.01778	0.01586	0.01160	0.00610	0.00478	0.00160	0.00426	0.00476	0.00564	0.00807
36	0.00762	0.00541	0.00661	0.00626	0.00705	0.00522	0.00417	0.00869	0.00984	0.01376	0.24071	0.03192	0.02597	0.44341	0.09685	0.00401	0.00503	0.00747	0.00381	0.06618
37	0.01588	0.01082	0.01506	0.01190	0.01538	0.01111	0.13799	0.17339	0.18928	0.22010	0.05629	0.07594	0.01500	0.00707	0.00566	0.00169	0.01851	0.00624	0.00498	0.00770
38	0.01090	0.00923	0.01396	0.06924	0.01581	0.00838	0.15334	0.01455	0.07035	0.06277	0.13334	0.02053	0.05506	0.00628	0.00510	0.00138	0.00477	0.03349	0.00381	0.30768
39	0.01251	0.00929	0.01082	0.00834	0.01206	0.00820	0.00667	0.15859	0.01393	0.07683	0.09213	0.06075	0.03547	0.00621	0.00465	0.00118	0.00399	0.01576	0.00412	0.45852
40	0.01123	0.03959	0.24064	0.01574	0.02064	0.06919	0.33213	0.01535	0.01234	0.01677	0.15865	0.01720	0.01511	0.00574	0.00554	0.00163	0.00711	0.00574	0.00305	0.00663
41	0.01589	0.07365	0.03344	0.01289	0.02911	0.11200	0.13818	0.22604	0.09266	0.09096	0.01260	0.03295	0.00966	0.00566	0.00500	0.00147	0.00612	0.00480	0.00397	0.09296
42	0.01187	0.00956	0.01139	0.00962	0.01252	0.00976	0.04560	0.15546	0.23132	0.03238	0.04170	0.17217	0.07491	0.00844	0.00535	0.00160	0.00418	0.00728	0.00461	0.15030
43	0.02765	0.01128	0.01294	0.09211	0.08576	0.08420	0.00888	0.10782	0.06594	0.16066	0.05269	0.01515	0.02594	0.00564	0.00478	0.00137	0.00508	0.00459	0.00406	0.22344

[dist]
# distance from previous block
# <min> <max>
7	36

[block]
# block no. 3 follows, 48 sequences, length 11
# corresponding to MSA columns:
# 435-445
name=unknown_D
#
# <colnr> <probs for GDERKNQSTAVLIFYWHMCP>
#	G	D	E	R	K	N	Q	S	T	A	V	L	I	F	Y	W	H	M	C	P
0	0.01267	0.01012	0.01363	0.27307	0.08734	0.01127	0.01049	0.22489	0.06300	0.04148	0.15466	0.01939	0.04241	0.00677	0.00533	0.00163	0.00525	0.00575	0.00409	0.00678
1	0.05833	0.01527	0.01582	0.01629	0.19773	0.17040	0.01081	0.36676	0.01803	0.04366	0.03083	0.01241	0.00914	0.00566	0.00495	0.00150	0.00627	0.00439	0.00397	0.00778
2	0.21760	0.01089	0.01604	0.13604	0.42219	0.01150	0.01234	0.01601	0.01102	0.08556	0.00989	0.01220	0.00772	0.00485	0.00463	0.00157	0.00554	0.00419	0.00299	0.00721
3	0.01265	0.01195	0.02005	0.18371	0.63385	0.01232	0.01561	0.01559	0.01175	0.01655	0.01010	0.01365	0.00840	0.00506	0.00533	0.00166	0.00642	0.00475	0.00268	0.00792
4	0.00969	0.00912	0.01539	0.80734	0.03534	0.01140	0.01425	0.01311	0.01026	0.01311	0.00912	0.01368	0.00684	0.00513	0.00513	0.00171	0.00684	0.00456	0.00228	0.00570
5	0.01223	0.01171	0.01998	0.15213	0.67069	0.01207	0.01551	0.01534	0.01146	0.01620	0.00957	0.01285	0.00793	0.00466	0.00509	0.00155	0.00621	0.00457	0.00250	0.00775
6	0.01057	0.01002	0.01698	0.58051	0.25529	0.01163	0.01469	0.01388	0.01068	0.01418	0.00928	0.01339	0.00722	0.00497	0.00512	0.00166	0.00662	0.00456	0.00236	0.00641
7	0.01743	0.01325	0.01389	0.01114	0.01459	0.04674	0.00898	0.62058	0.02150	0.02852	0.01462	0.13721	0.01256	0.00766	0.00533	0.00162	0.00538	0.00611	0.00497	0.00790
8	0.01695	0.13889	0.01591	0.01062	0.01432	0.01530	0.00886	0.51524	0.08954	0.02641	0.01267	0.01383	0.00977	0.05627	0.00611	0.00169	0.00534	0.00462	0.02982	0.00787
9	0.01062	0.00991	0.01606	0.48249	0.22616	0.01090	0.01337	0.01376	0.01069	0.01462	0.00926	0.01295	0.00729	0.00478	0.00491	0.00151	0.00617	0.00433	0.00247	0.13777
10	0.01616	0.01129	0.01248	0.01021	0.01355	0.01222	0.00822	0.33207	0.25439	0.13244	0.08654	0.01928	0.05342	0.00716	0.00529	0.00162	0.00454	0.00578	0.00536	0.00798

[dist]
# distance from previous block
# <min> <max>
0	1

[block]
# block no. 4 follows, 48 sequences, length 24
# corresponding to MSA columns:
# 447-470
name=unknown_E
#
# <colnr> <probs for GDERKNQSTAVLIFYWHMCP>
#	G	D	E	R	K	N	Q	S	T	A	V	L	I	F	Y	W	H	M	C	P
0	0.01894	0.01204	0.01344	0.01066	0.01432	0.02722	0.00866	0.43935	0.07992	0.23553	0.01624	0.07337	0.01217	0.00699	0.00524	0.00160	0.00504	0.00557	0.00540	0.00829
1	0.01205	0.46247	0.34183	0.01117	0.01674	0.01630	0.01288	0.01548	0.01051	0.01379	0.00825	0.00977	0.00680	0.00593	0.03535	0.00160	0.00668	0.00328	0.00221	0.00692
2	0.01074	0.00923	0.01557	0.72569	0.03345	0.01116	0.03576	0.01408	0.01064	0.07048	0.00998	0.01396	0.00730	0.00520	0.00516	0.00170	0.00671	0.00465	0.00259	0.00596
3	0.01491	0.00888	0.01024	0.00882	0.01138	0.03929	0.00686	0.14158	0.07114	0.26510	0.12119	0.18678	0.05552	0.02637	0.00603	0.00176	0.00414	0.00784	0.00536	0.00681
4	0.01382	0.01399	0.01203	0.01088	0.01351	0.21044	0.00839	0.02350	0.49904	0.01830	0.01935	0.01856	0.06970	0.00706	0.00559	0.00165	0.03707	0.00549	0.00442	0.00720
5	0.00746	0.00497	0.00560	0.00560	0.00560	0.00497	0.00311	0.00746	0.00746	0.00995	0.01617	0.03358	0.01865	0.81967	0.02612	0.00497	0.00497	0.00746	0.00311	0.00311
6	0.01138	0.05086	0.70847	0.01401	0.02122	0.01185	0.01775	0.01689	0.01112	0.07554	0.00999	0.01126	0.00698	0.00497	0.00485	0.00161	0.00727	0.00386	0.00249	0.00764
7	0.00916	0.00756	0.00905	0.00745	0.01059	0.00597	0.00570	0.01102	0.01048	0.01555	0.01659	0.24266	0.04198	0.00793	0.00476	0.00122	0.00355	0.03048	0.00364	0.55466
8	0.01063	0.00646	0.00812	0.00770	0.00948	0.00641	0.00617	0.04280	0.04291	0.10918	0.12114	0.05634	0.03851	0.01365	0.12568	0.00266	0.00510	0.15721	0.18894	0.04093
9	0.06716	0.24304	0.14248	0.01048	0.01505	0.01486	0.01012	0.25137	0.05978	0.02079	0.01059	0.02992	0.00846	0.00541	0.00436	0.00138	0.00547	0.00399	0.00349	0.09181
10	0.00776	0.00585	0.00725	0.00675	0.00828	0.00514	0.00487	0.00942	0.01148	0.01624	0.30726	0.20776	0.04606	0.13310	0.00876	0.00207	0.00327	0.02400	0.00449	0.18019
11	0.00750	0.00592	0.00817	0.00837	0.00885	0.00673	0.00624	0.00870	0.00902	0.01252	0.02041	0.35591	0.04018	0.08043	0.23770	0.00410	0.13040	0.04074	0.00367	0.00446
12	0.01235	0.50399	0.33364	0.01112	0.01679	0.01695	0.01285	0.01572	0.01059	0.01374	0.00796	0.00927	0.00655	0.00458	0.00393	0.00131	0.00633	0.00316	0.00218	0.00698
13	0.00740	0.00524	0.00692	0.00692	0.00737	0.00569	0.00476	0.00831	0.00785	0.01093	0.01496	0.02689	0.01575	0.43046	0.41136	0.00660	0.00934	0.00648	0.00293	0.00384
14	0.00648	0.00513	0.00585	0.00594	0.00732	0.00450	0.00441	0.00806	0.01221	0.01562	0.24651	0.15310	0.45773	0.01278	0.00616	0.00177	0.00267	0.03429	0.00500	0.00446
15	0.04972	0.00972	0.01171	0.01048	0.07724	0.00904	0.00763	0.12813	0.06633	0.08887	0.08384	0.03355	0.01389	0.00598	0.00469	0.00129	0.00424	0.03338	0.00410	0.35618
16	0.04232	0.01852	0.41698	0.23900	0.06959	0.01165	0.01583	0.04617	0.01143	0.06680	0.00998	0.01215	0.00715	0.00507	0.00493	0.00164	0.00687	0.00414	0.00265	0.00713
17	0.01193	0.40835	0.42568	0.01182	0.01787	0.01594	0.01408	0.01583	0.01064	0.01425	0.00821	0.00959	0.00654	0.00464	0.00412	0.00137	0.00658	0.00329	0.00218	0.00710
18	0.01481	0.01553	0.01178	0.01026	0.01321	0.36897	0.00780	0.01716	0.05838	0.06748	0.01444	0.09295	0.05610	0.00659	0.00476	0.00132	0.00620	0.00507	0.00349	0.22372
19	0.06193	0.06776	0.01056	0.00890	0.01123	0.02910	0.00745	0.01597	0.09304	0.18301	0.06750	0.07487	0.05469	0.01006	0.00577	0.00188	0.00439	0.28092	0.00485	0.00612
20	0.05236	0.06142	0.11783	0.01642	0.09640	0.01207	0.28139	0.08925	0.01309	0.11520	0.02613	0.01420	0.02730	0.00516	0.00520	0.00157	0.00654	0.00505	0.00338	0.05005
21	0.00969	0.10884	0.07039	0.02435	0.01094	0.00805	0.00692	0.03169	0.01172	0.04383	0.17543	0.14883	0.06704	0.01026	0.05168	0.00186	0.00440	0.00710	0.08168	0.12531
22	0.00960	0.15944	0.07344	0.06704	0.01311	0.04284	0.02938	0.01292	0.08804	0.01453	0.02980	0.02928	0.36883	0.00875	0.00518	0.00156	0.00447	0.00714	0.00375	0.03092
23	0.01082	0.07369	0.06439	0.35153	0.05647	0.01230	0.16752	0.01437	0.02754	0.01440	0.00950	0.01303	0.00748	0.00615	0.03149	0.00183	0.06194	0.00462	0.00248	0.06845

[dist]
# distance from previous block
# <min> <max>
2	18

[block]
# block no. 5 follows, 48 sequences, length 68
# corresponding to MSA columns:
# 489-556
name=unknown_F
#
# <colnr> <probs for GDERKNQSTAVLIFYWHMCP>
#	G	D	E	R	K	N	Q	S	T	A	V	L	I	F	Y	W	H	M	C	P
0	0.01251	0.01171	0.01590	0.01253	0.01597	0.05103	0.19879	0.13529	0.20638	0.01938	0.02088	0.02114	0.15731	0.00710	0.00586	0.00164	0.03358	0.00628	0.00408	0.06266
1	0.00860	0.00739	0.00799	0.00807	0.00907	0.07886	0.00587	0.00983	0.01092	0.03536	0.10022	0.45050	0.11669	0.01281	0.00710	0.00188	0.07922	0.01098	0.00440	0.03425
2	0.01107	0.01061	0.05200	0.00967	0.01398	0.00859	0.06864	0.04510	0.03888	0.01707	0.00987	0.01173	0.00808	0.00587	0.03946	0.00135	0.04414	0.00366	0.00307	0.59714
3	0.01375	0.01189	0.01491	0.01218	0.01548	0.03202	0.12863	0.18205	0.39852	0.02177	0.01769	0.01813	0.04042	0.00721	0.00613	0.04446	0.00523	0.01747	0.00455	0.00752
4	0.01017	0.01041	0.02036	0.01547	0.01914	0.00963	0.43935	0.01342	0.01188	0.01599	0.05729	0.08638	0.09613	0.00773	0.00608	0.00177	0.00642	0.10714	0.00346	0.06178
5	0.00977	0.00923	0.01541	0.76736	0.03424	0.01162	0.01410	0.01307	0.01014	0.01307	0.00900	0.01356	0.00683	0.00532	0.00572	0.00174	0.04731	0.00456	0.00228	0.00570
6	0.00729	0.00540	0.00767	0.00767	0.00849	0.00608	0.00576	0.00880	0.00830	0.01170	0.01605	0.02375	0.05267	0.16086	0.63699	0.00740	0.01179	0.00608	0.00291	0.00434
7	0.01490	0.00687	0.00837	0.00712	0.00950	0.00646	0.00563	0.06057	0.01334	0.31437	0.08927	0.06002	0.01702	0.00706	0.00465	0.00145	0.00337	0.00583	0.35772	0.00649
8	0.01936	0.00809	0.01113	0.04883	0.01319	0.00722	0.00737	0.02150	0.01443	0.60588	0.16470	0.02123	0.01918	0.00707	0.00533	0.00160	0.00412	0.00591	0.00601	0.00784
9	0.01191	0.01317	0.02779	0.02010	0.02466	0.01279	0.66776	0.01587	0.01169	0.01623	0.01040	0.01389	0.00797	0.00479	0.00682	0.00175	0.07468	0.00586	0.04515	0.00670
10	0.01029	0.02654	0.79309	0.01462	0.02221	0.01192	0.01896	0.01625	0.01083	0.01625	0.00921	0.01083	0.00650	0.00487	0.00487	0.00162	0.00758	0.00379	0.00217	0.00758
11	0.00625	0.00447	0.00595	0.00714	0.00744	0.00417	0.00476	0.00714	0.00982	0.01310	0.02828	0.81633	0.03394	0.01608	0.00655	0.00208	0.00298	0.01459	0.00476	0.00417
12	0.00746	0.00497	0.00560	0.00560	0.00560	0.00497	0.00311	0.00746	0.00746	0.00995	0.01617	0.03358	0.01865	0.81967	0.02612	0.00497	0.00497	0.00746	0.00311	0.00311
13	0.00625	0.00447	0.00595	0.00714	0.00744	0.00417	0.00476	0.00714	0.00982	0.01310	0.02828	0.81633	0.03394	0.01608	0.00655	0.00208	0.00298	0.01459	0.00476	0.00417
14	0.01064	0.00912	0.01064	0.00760	0.01216	0.00684	0.00608	0.01292	0.01064	0.01672	0.00912	0.01064	0.00760	0.00380	0.00380	0.00076	0.00380	0.00304	0.00304	0.85104
15	0.01372	0.82276	0.02689	0.00878	0.01317	0.02030	0.00878	0.01536	0.01043	0.01207	0.00713	0.00823	0.00658	0.00439	0.00329	0.00110	0.00549	0.00274	0.00219	0.00658
16	0.01999	0.01449	0.01323	0.01100	0.01426	0.25634	0.00873	0.09189	0.07990	0.37098	0.01500	0.01423	0.01036	0.00619	0.00562	0.00155	0.04927	0.00455	0.00476	0.00764
17	0.77908	0.00981	0.00794	0.00697	0.01022	0.01114	0.00574	0.01600	0.00928	0.09389	0.00835	0.00918	0.00622	0.00491	0.00336	0.00159	0.00401	0.00300	0.00347	0.00585
18	0.00683	0.00471	0.00578	0.00641	0.00656	0.00455	0.00398	0.00730	0.00870	0.01160	0.02252	0.44392	0.02667	0.39840	0.01586	0.00346	0.00393	0.01120	0.00398	0.00366
19	0.00670	0.00522	0.00608	0.00586	0.00732	0.00460	0.00440	0.00859	0.01319	0.01741	0.43943	0.04354	0.39592	0.01167	0.00606	0.00167	0.00250	0.01001	0.00523	0.00460
20	0.00713	0.00507	0.00685	0.00796	0.00859	0.00491	0.00605	0.00855	0.01046	0.01379	0.02704	0.46299	0.03117	0.06839	0.00806	0.00239	0.00380	0.30785	0.00464	0.00432
21	0.85592	0.00992	0.00754	0.00675	0.00992	0.01151	0.00556	0.01508	0.00873	0.02302	0.00714	0.00834	0.00556	0.00476	0.00318	0.00159	0.00397	0.00278	0.00318	0.00556
22	0.00969	0.00912	0.01539	0.80734	0.03534	0.01140	0.01425	0.01311	0.01026	0.01311	0.00912	0.01368	0.00684	0.00513	0.00513	0.00171	0.00684	0.00456	0.00228	0.00570
23	0.00683	0.00471	0.00578	0.00641	0.00656	0.00455	0.00398	0.00730	0.00870	0.01160	0.02252	0.44392	0.02667	0.39840	0.01586	0.00346	0.00393	0.01120	0.00398	0.00366
24	0.00625	0.00447	0.00595	0.00714	0.00744	0.00417	0.00476	0.00714	0.00982	0.01310	0.02828	0.81633	0.03394	0.01608	0.00655	0.00208	0.00298	0.01459	0.00476	0.00417
25	0.00661	0.00522	0.00596	0.00577	0.00727	0.00457	0.00433	0.00843	0.01299	0.01694	0.38783	0.04432	0.44781	0.01185	0.00606	0.00168	0.00252	0.01012	0.00517	0.00457
26	0.80092	0.00984	0.00783	0.00690	0.01013	0.01125	0.00569	0.01574	0.00913	0.07375	0.00801	0.00894	0.00603	0.00487	0.00331	0.00159	0.00400	0.00294	0.00339	0.00577
27	0.02302	0.00873	0.01191	0.00913	0.01310	0.00754	0.00754	0.02501	0.01469	0.79122	0.02024	0.01746	0.01270	0.00635	0.00516	0.00159	0.00437	0.00516	0.00635	0.00873
28	0.00891	0.00446	0.00668	0.00668	0.00668	0.00446	0.00446	0.00668	0.00668	0.00891	0.00891	0.01560	0.00891	0.01783	0.02005	0.85071	0.00446	0.00446	0.00223	0.00223
29	0.01029	0.02654	0.79309	0.01462	0.02221	0.01192	0.01896	0.01625	0.01083	0.01625	0.00921	0.01083	0.00650	0.00487	0.00487	0.00162	0.00758	0.00379	0.00217	0.00758
30	0.01143	0.01137	0.01082	0.00961	0.01133	0.16014	0.00760	0.09702	0.01288	0.01575	0.07193	0.02784	0.30454	0.00966	0.00830	0.00176	0.19896	0.01974	0.00385	0.00548
31	0.83306	0.01037	0.02878	0.00696	0.01026	0.01152	0.00592	0.01511	0.00879	0.02284	0.00720	0.00840	0.00558	0.00477	0.00322	0.00159	0.00407	0.00281	0.00315	0.00561
32	0.00625	0.00447	0.00595	0.00714	0.00744	0.00417	0.00476	0.00714	0.00982	0.01310	0.02828	0.81633	0.03394	0.01608	0.00655	0.00208	0.00298	0.01459	0.00476	0.00417
33	0.01261	0.00741	0.00934	0.00811	0.01029	0.00731	0.00642	0.04659	0.07299	0.23018	0.29410	0.04831	0.13206	0.00938	0.00646	0.00170	0.05666	0.02839	0.00539	0.00628
34	0.01868	0.01700	0.01455	0.01197	0.01538	0.27573	0.00953	0.45226	0.01965	0.04311	0.01115	0.01194	0.00839	0.00801	0.05741	0.00191	0.00735	0.00425	0.00418	0.00753
35	0.01327	0.00657	0.00878	0.00747	0.00974	0.00587	0.00587	0.01552	0.01459	0.31423	0.49356	0.03038	0.03481	0.00891	0.00571	0.00160	0.00316	0.00771	0.00592	0.00632
36	0.01239	0.51498	0.32306	0.01104	0.01666	0.01706	0.01271	0.01571	0.01058	0.01369	0.00794	0.00924	0.00655	0.00458	0.00390	0.00130	0.00630	0.00315	0.00218	0.00697
37	0.01332	0.72964	0.11650	0.00946	0.01423	0.01932	0.00997	0.01547	0.01047	0.01256	0.00738	0.00854	0.00657	0.00445	0.00348	0.00116	0.00573	0.00287	0.00219	0.00670
38	0.08226	0.01696	0.01342	0.01129	0.01463	0.36652	0.00887	0.16026	0.01593	0.24256	0.01225	0.01213	0.00869	0.00572	0.00477	0.00146	0.00678	0.00405	0.00422	0.00724
39	0.01440	0.00684	0.00906	0.00760	0.01011	0.00604	0.00602	0.01655	0.01441	0.37324	0.38616	0.02950	0.08073	0.00876	0.00564	0.00161	0.00332	0.00749	0.00591	0.00659
40	0.01702	0.00783	0.01029	0.00833	0.01130	0.00711	0.00670	0.06863	0.01525	0.45910	0.29956	0.02476	0.02551	0.00785	0.00548	0.00159	0.00374	0.00663	0.00601	0.00731
41	0.01041	0.05447	0.76621	0.01442	0.02189	0.01221	0.01860	0.01622	0.01082	0.01610	0.00914	0.01074	0.00650	0.00486	0.00482	0.00161	0.00751	0.00375	0.00217	0.00755
42	0.00713	0.00522	0.00746	0.00808	0.00883	0.00555	0.00618	0.00873	0.00943	0.01294	0.02116	0.30139	0.02310	0.02639	0.38383	0.00507	0.00841	0.14284	0.00380	0.00446
43	0.00666	0.00510	0.00611	0.00610	0.00736	0.00455	0.00448	0.00843	0.01275	0.01694	0.39695	0.16552	0.31588	0.01229	0.00614	0.00173	0.00257	0.01069	0.00518	0.00455
44	0.01538	0.00728	0.00950	0.00785	0.01051	0.00660	0.00626	0.05021	0.01478	0.38753	0.33588	0.02655	0.04225	0.00816	0.00547	0.00158	0.00349	0.00693	0.04693	0.00685
45	0.05373	0.01095	0.01067	0.01015	0.01216	0.15677	0.00833	0.09378	0.03071	0.06263	0.10252	0.03382	0.02150	0.00992	0.00646	0.00190	0.04637	0.31746	0.00438	0.00578
46	0.07710	0.01028	0.01253	0.00967	0.01362	0.00999	0.00799	0.21917	0.01676	0.54218	0.01731	0.01552	0.01119	0.00620	0.00502	0.00158	0.00467	0.00486	0.00582	0.00852
47	0.00726	0.00524	0.00686	0.00646	0.00767	0.00484	0.00484	0.00968	0.01452	0.02058	0.78496	0.03833	0.04841	0.01049	0.00605	0.00161	0.00242	0.00928	0.00565	0.00484
48	0.01211	0.01384	0.03028	0.02163	0.02682	0.01298	0.76903	0.01644	0.01211	0.01644	0.01038	0.01384	0.00779	0.00433	0.00606	0.00173	0.00865	0.00606	0.00260	0.00692
49	0.00789	0.00593	0.00739	0.00699	0.00841	0.00577	0.00533	0.01164	0.10189	0.02016	0.63302	0.03745	0.07528	0.01035	0.00600	0.00167	0.00272	0.04138	0.00552	0.00519
50	0.00625	0.00447	0.00595	0.00714	0.00744	0.00417	0.00476	0.00714	0.00982	0.01310	0.02828	0.81633	0.03394	0.01608	0.00655	0.00208	0.00298	0.01459	0.00476	0.00417
51	0.00625	0.00447	0.00595	0.00714	0.00744	0.00417	0.00476	0.00714	0.00982	0.01310	0.02828	0.81633	0.03394	0.01608	0.00655	0.00208	0.00298	0.01459	0.00476	0.00417
52	0.01270	0.01219	0.02083	0.03149	0.78767	0.01219	0.01575	0.01575	0.01168	0.01676	0.00965	0.01270	0.00813	0.00457	0.00508	0.00152	0.00610	0.00457	0.00254	0.00813
53	0.01761	0.25287	0.01807	0.01195	0.01509	0.57625	0.00959	0.01902	0.01336	0.01242	0.00770	0.00896	0.00660	0.00503	0.00424	0.00126	0.00818	0.00314	0.00252	0.00613
54	0.00615	0.00485	0.00556	0.00612	0.00717	0.00425	0.00431	0.00726	0.01080	0.01350	0.04070	0.41427	0.42798	0.01446	0.00629	0.00190	0.00278	0.01262	0.00476	0.00425
55	0.00625	0.00462	0.00584	0.00678	0.00736	0.00422	0.00461	0.00725	0.01028	0.01344	0.05297	0.65841	0.16848	0.01537	0.00645	0.00201	0.00289	0.01377	0.00479	0.00422
56	0.04796	0.01299	0.01411	0.01112	0.01495	0.01422	0.00914	0.55582	0.11237	0.11007	0.01441	0.01480	0.01044	0.00645	0.00513	0.00159	0.00524	0.02557	0.00519	0.00843
57	0.02056	0.00891	0.01168	0.00939	0.01301	0.00822	0.00775	0.05410	0.08585	0.61728	0.02062	0.02114	0.01437	0.00712	0.00534	0.00167	0.00442	0.07420	0.00605	0.00831
58	0.00693	0.00556	0.00624	0.00610	0.00770	0.00503	0.00465	0.00936	0.05381	0.01657	0.29221	0.04450	0.46295	0.01190	0.00606	0.00172	0.00272	0.04616	0.00508	0.00472
59	0.00625	0.00518	0.00531	0.00529	0.00684	0.00441	0.00387	0.00748	0.01143	0.01381	0.08208	0.04742	0.68124	0.08730	0.00791	0.00203	0.00281	0.01045	0.00465	0.00424
60	0.01018	0.00856	0.01268	0.03600	0.25362	0.00883	0.01054	0.01435	0.11514	0.01644	0.02047	0.07821	0.02066	0.01009	0.00613	0.00199	0.00502	0.36079	0.00405	0.00624
61	0.01598	0.01392	0.01725	0.02215	0.43323	0.16965	0.01250	0.01923	0.06346	0.16424	0.01207	0.01334	0.00919	0.00521	0.00501	0.00151	0.00627	0.00451	0.00347	0.00780
62	0.01013	0.00957	0.01619	0.69368	0.14556	0.01152	0.01447	0.01350	0.01047	0.01365	0.00920	0.01354	0.00703	0.00505	0.00512	0.00168	0.00673	0.00456	0.00232	0.00606
63	0.01253	0.01307	0.06327	0.03001	0.70193	0.01222	0.05969	0.01581	0.01166	0.01672	0.00967	0.01266	0.00802	0.00457	0.00513	0.00154	0.00632	0.00462	0.00252	0.00803
64	0.01161	0.10853	0.01661	0.01269	0.01355	0.04872	0.02598	0.01298	0.00890	0.01268	0.00879	0.01514	0.00884	0.00866	0.01358	0.00207	0.58916	0.07333	0.00249	0.00569
65	0.00766	0.00532	0.00738	0.00738	0.00820	0.00598	0.00554	0.00931	0.00849	0.01264	0.01451	0.02193	0.01371	0.14577	0.57683	0.00679	0.01089	0.00568	0.12158	0.00440
66	0.01140	0.01086	0.01848	0.36664	0.46268	0.01185	0.01510	0.01461	0.01107	0.01519	0.00942	0.01312	0.00757	0.00481	0.00510	0.00160	0.00642	0.00457	0.00243	0.00708
67	0.00983	0.00786	0.00885	0.00821	0.01018	0.00846	0.00626	0.01774	0.36909	0.02024	0.32135	0.07071	0.06125	0.00903	0.00557	0.00168	0.00322	0.00779	0.04636	0.00631

[dist]
# distance from previous block
# <min> <max>
0	1

[block]
# block no. 6 follows, 48 sequences, length 38
# corresponding to MSA columns:
# 558-595
name=unknown_G
#
# <colnr> <probs for GDERKNQSTAVLIFYWHMCP>
#	G	D	E	R	K	N	Q	S	T	A	V	L	I	F	Y	W	H	M	C	P
0	0.48010	0.00994	0.00976	0.00804	0.01153	0.01061	0.00662	0.10262	0.01239	0.26940	0.01209	0.01190	0.00834	0.00545	0.00404	0.00157	0.00425	0.00378	0.02064	0.00691
1	0.01362	0.07024	0.37132	0.01390	0.05472	0.27572	0.01387	0.01726	0.01207	0.01484	0.00867	0.01022	0.00673	0.00486	0.00460	0.00140	0.00757	0.00353	0.00243	0.09244
2	0.85592	0.00992	0.00754	0.00675	0.00992	0.01151	0.00556	0.01508	0.00873	0.02302	0.00714	0.00834	0.00556	0.00476	0.00318	0.00159	0.00397	0.00278	0.00318	0.00556
3	0.01570	0.05206	0.01304	0.01071	0.01367	0.22250	0.00842	0.14545	0.30766	0.04995	0.01494	0.01481	0.01132	0.00614	0.00479	0.00150	0.00562	0.00467	0.08981	0.00726
4	0.00746	0.00499	0.00566	0.00566	0.00569	0.00501	0.00319	0.00750	0.00748	0.01000	0.01611	0.03324	0.01851	0.79999	0.04560	0.00506	0.00520	0.00741	0.00310	0.00315
5	0.00818	0.00552	0.00774	0.00761	0.00848	0.00610	0.00566	0.00964	0.00846	0.04910	0.01467	0.02292	0.01410	0.20636	0.56867	0.00700	0.01104	0.00589	0.02840	0.00447
6	0.00733	0.00548	0.00817	0.00817	0.00906	0.00637	0.00632	0.00911	0.00822	0.01186	0.01381	0.02053	0.01299	0.06040	0.77765	0.00815	0.01350	0.00555	0.00276	0.00454
7	0.01372	0.82276	0.02689	0.00878	0.01317	0.02030	0.00878	0.01536	0.01043	0.01207	0.00713	0.00823	0.00658	0.00439	0.00329	0.00110	0.00549	0.00274	0.00219	0.00658
8	0.00765	0.00537	0.00686	0.00648	0.00784	0.00490	0.00492	0.00992	0.01411	0.04391	0.65040	0.03958	0.13491	0.01077	0.00606	0.00165	0.00257	0.03168	0.00554	0.00490
9	0.85592	0.00992	0.00754	0.00675	0.00992	0.01151	0.00556	0.01508	0.00873	0.02302	0.00714	0.00834	0.00556	0.00476	0.00318	0.00159	0.00397	0.00278	0.00318	0.00556
10	0.01625	0.00925	0.01265	0.07946	0.01441	0.01038	0.00889	0.05203	0.01206	0.34992	0.01429	0.01530	0.01028	0.00815	0.03723	0.00199	0.24578	0.00486	0.08985	0.00699
11	0.14152	0.12025	0.11576	0.01053	0.01528	0.01103	0.10703	0.03160	0.01107	0.06397	0.00947	0.01085	0.00737	0.00444	0.00418	0.00124	0.00524	0.00361	0.00302	0.32255
12	0.00696	0.00508	0.00678	0.00754	0.00827	0.00497	0.00555	0.00872	0.02890	0.01455	0.12774	0.46682	0.05844	0.01698	0.08683	0.00267	0.00428	0.12973	0.00468	0.00449
13	0.01335	0.06170	0.01831	0.24523	0.37936	0.12677	0.01366	0.01611	0.01177	0.05200	0.00961	0.01243	0.00767	0.00491	0.00492	0.00152	0.00665	0.00430	0.00264	0.00706
14	0.01285	0.39346	0.02250	0.01206	0.01499	0.05360	0.09989	0.01464	0.00996	0.01284	0.00748	0.01002	0.00681	0.00595	0.00825	0.00156	0.27663	0.00376	0.00230	0.03045
15	0.01069	0.00907	0.01055	0.00810	0.01217	0.00746	0.00651	0.01443	0.10195	0.01716	0.01209	0.01576	0.01046	0.00508	0.00425	0.00102	0.00391	0.06857	0.00345	0.67734
16	0.01328	0.07984	0.01152	0.00842	0.01075	0.01053	0.00649	0.29805	0.01504	0.06059	0.05295	0.02383	0.06988	0.30200	0.01270	0.00277	0.00495	0.00618	0.00421	0.00600
17	0.00782	0.00602	0.00733	0.00747	0.00844	0.04284	0.01913	0.00945	0.01214	0.03601	0.33698	0.42359	0.03754	0.01280	0.00621	0.00184	0.00319	0.01147	0.00502	0.00470
18	0.00999	0.00943	0.01594	0.72875	0.11155	0.01148	0.01440	0.01338	0.01040	0.01348	0.00917	0.01358	0.00697	0.00507	0.00512	0.00169	0.00676	0.00456	0.00231	0.00595
19	0.01917	0.02445	0.01454	0.01322	0.01586	0.79907	0.00991	0.02049	0.01454	0.01256	0.00793	0.00925	0.00661	0.00529	0.00463	0.00132	0.00925	0.00330	0.00264	0.00595
20	0.01389	0.01158	0.01224	0.01067	0.01377	0.01329	0.00839	0.15143	0.65240	0.02328	0.01945	0.01800	0.01450	0.00683	0.00521	0.00171	0.00433	0.00560	0.00521	0.00822
21	0.00883	0.00560	0.00733	0.00669	0.00820	0.00510	0.00509	0.01117	0.01446	0.09846	0.68759	0.03651	0.06482	0.01014	0.00596	0.00161	0.00262	0.00890	0.00570	0.00522
22	0.01276	0.01102	0.01160	0.01044	0.01334	0.01276	0.00812	0.02727	0.77840	0.02146	0.02088	0.01914	0.01566	0.00696	0.00522	0.00174	0.00406	0.00580	0.00522	0.00812
23	0.01079	0.01024	0.01737	0.52468	0.30943	0.01169	0.01480	0.01407	0.01078	0.01444	0.00931	0.01332	0.00731	0.00493	0.00511	0.00164	0.00657	0.00456	0.00237	0.00658
24	0.01467	0.01348	0.02391	0.01754	0.02216	0.03267	0.47832	0.15190	0.08115	0.09184	0.01250	0.01426	0.00907	0.00509	0.00570	0.00167	0.00733	0.00563	0.00362	0.00749
25	0.01215	0.01149	0.01941	0.02896	0.70866	0.01145	0.01464	0.01513	0.01197	0.01715	0.08819	0.01530	0.01221	0.00517	0.00518	0.00153	0.00572	0.00505	0.00285	0.00779
26	0.00672	0.00537	0.00649	0.00618	0.00770	0.00473	0.02092	0.00856	0.01285	0.01680	0.36814	0.07694	0.41636	0.01185	0.00608	0.00170	0.00267	0.01022	0.00510	0.00460
27	0.01372	0.82276	0.02689	0.00878	0.01317	0.02030	0.00878	0.01536	0.01043	0.01207	0.00713	0.00823	0.00658	0.00439	0.00329	0.00110	0.00549	0.00274	0.00219	0.00658
28	0.01372	0.82276	0.02689	0.00878	0.01317	0.02030	0.00878	0.01536	0.01043	0.01207	0.00713	0.00823	0.00658	0.00439	0.00329	0.00110	0.00549	0.00274	0.00219	0.00658
29	0.15542	0.01697	0.31062	0.04262	0.01721	0.01271	0.01250	0.07473	0.18963	0.01931	0.01155	0.01260	0.00867	0.00586	0.00591	0.00171	0.08728	0.00425	0.00328	0.00718
30	0.01049	0.00896	0.01048	0.00758	0.01200	0.00675	0.00603	0.01272	0.01061	0.01660	0.00978	0.03835	0.00851	0.00422	0.00389	0.00081	0.00377	0.00344	0.00310	0.82191
31	0.00709	0.00516	0.00684	0.00777	0.00863	0.00491	0.00602	0.00872	0.01117	0.01467	0.09456	0.38247	0.10962	0.01456	0.00666	0.00211	0.00356	0.29619	0.00482	0.00445
32	0.01086	0.15906	0.66557	0.01365	0.02070	0.01331	0.01726	0.01610	0.01077	0.01555	0.00886	0.01040	0.00651	0.00479	0.00461	0.00154	0.00723	0.00362	0.00217	0.00742
33	0.00667	0.00496	0.00637	0.00711	0.00747	0.00491	0.00481	0.00749	0.00956	0.01270	0.02749	0.60166	0.09428	0.12447	0.00972	0.00245	0.04661	0.01276	0.00440	0.00412
34	0.01353	0.78505	0.02635	0.04579	0.01420	0.01989	0.00903	0.01526	0.01042	0.01212	0.00723	0.00848	0.00660	0.00442	0.00338	0.00113	0.00555	0.00283	0.00220	0.00654
35	0.01168	0.01115	0.01899	0.29371	0.53340	0.01192	0.01524	0.01486	0.01120	0.01553	0.00947	0.01303	0.00769	0.00476	0.00510	0.00159	0.00635	0.00457	0.00245	0.00731
36	0.01039	0.02499	0.71434	0.01451	0.02132	0.01230	0.01817	0.01585	0.01053	0.01585	0.00896	0.01087	0.00652	0.00529	0.00609	0.00169	0.08889	0.00386	0.00217	0.00738
37	0.00788	0.00536	0.00614	0.00616	0.00772	0.00463	0.00453	0.00918	0.01161	0.09266	0.07076	0.25043	0.47818	0.01305	0.00610	0.00181	0.00287	0.01120	0.00496	0.00475

[dist]
# distance from previous block
# <min> <max>
2	5

[block]
# block no. 7 follows, 48 sequences, length 22
# corresponding to MSA columns:
# 601-622
name=unknown_H
#
# <colnr> <probs for GDERKNQSTAVLIFYWHMCP>
#	G	D	E	R	K	N	Q	S	T	A	V	L	I	F	Y	W	H	M	C	P
0	0.07595	0.00593	0.00715	0.00702	0.00772	0.00651	0.00496	0.00885	0.00839	0.01231	0.01856	0.07892	0.09415	0.34859	0.23412	0.00490	0.06150	0.00715	0.00323	0.00408
1	0.00872	0.00653	0.00883	0.00900	0.01041	0.00659	0.03469	0.01254	0.12359	0.03337	0.13656	0.24366	0.03025	0.01255	0.00644	0.00205	0.00397	0.30008	0.00490	0.00526
2	0.01138	0.09315	0.01887	0.39643	0.35280	0.01264	0.01433	0.01446	0.01088	0.01456	0.00914	0.01271	0.00736	0.00482	0.00492	0.00157	0.00639	0.00438	0.00238	0.00682
3	0.01070	0.01012	0.01304	0.41602	0.02400	0.06158	0.01066	0.01547	0.13976	0.01517	0.01448	0.01666	0.07130	0.00585	0.00495	0.00152	0.00565	0.00492	0.00313	0.15501
4	0.01195	0.01074	0.01569	0.01154	0.01585	0.00966	0.19475	0.12879	0.03717	0.01888	0.01464	0.01589	0.08717	0.00532	0.00483	0.00125	0.00516	0.00490	0.00349	0.40230
5	0.01422	0.01467	0.01163	0.00986	0.01301	0.33003	0.00760	0.01597	0.01234	0.06476	0.01329	0.01461	0.07086	0.00884	0.08530	0.00188	0.00698	0.00416	0.00320	0.29678
6	0.16146	0.40761	0.07005	0.00897	0.01312	0.01556	0.00850	0.01712	0.13919	0.01633	0.00978	0.01050	0.00803	0.00486	0.00375	0.00129	0.00495	0.00336	0.00296	0.09259
7	0.01277	0.60146	0.23984	0.01040	0.01568	0.01797	0.01161	0.01561	0.01054	0.01323	0.00771	0.00895	0.00656	0.00452	0.00373	0.00124	0.00607	0.00303	0.00219	0.00686
8	0.07046	0.01064	0.01155	0.00953	0.01257	0.01148	0.00767	0.35248	0.12962	0.06194	0.17861	0.02203	0.07221	0.00770	0.00531	0.00162	0.00434	0.01784	0.00515	0.00725
9	0.01052	0.00837	0.00943	0.00859	0.01069	0.00900	0.00659	0.09361	0.31679	0.02101	0.28888	0.11303	0.06345	0.00938	0.00568	0.00171	0.00347	0.00808	0.00529	0.00644
10	0.00745	0.00502	0.00581	0.00581	0.00588	0.00509	0.00338	0.00760	0.00753	0.01011	0.01597	0.03249	0.01818	0.75661	0.08853	0.00524	0.00568	0.00730	0.00308	0.00323
11	0.00625	0.00447	0.00595	0.00714	0.00744	0.00417	0.00476	0.00714	0.00982	0.01310	0.02828	0.81633	0.03394	0.01608	0.00655	0.00208	0.00298	0.01459	0.00476	0.00417
12	0.01987	0.01142	0.01328	0.01044	0.01429	0.01183	0.00854	0.32971	0.14595	0.35303	0.01712	0.01564	0.01157	0.00637	0.00516	0.00159	0.00484	0.00505	0.00567	0.00863
13	0.05955	0.06531	0.07674	0.01028	0.01452	0.03992	0.00911	0.21744	0.01627	0.41549	0.01537	0.01426	0.01021	0.00594	0.00490	0.00154	0.00519	0.00457	0.00514	0.00825
