[name]
unknown

[dist]
# distance from previous block
# <min> <max>
0	215

[block]
# block no. 0 follows, 48 sequences, length 146
# corresponding to MSA columns:
# 255-400
name=unknown_A
#
# <colnr> <probs for GDERKNQSTAVLIFYWHMCP>
#	G	D	E	R	K	N	Q	S	T	A	V	L	I	F	Y	W	H	M	C	P
0	0.00747	0.00533	0.00735	0.00853	0.00936	0.00521	0.00687	0.00924	0.01102	0.01446	0.02761	0.35939	0.03128	0.01493	0.00687	0.00225	0.00403	0.45953	0.00474	0.00450
1	0.01597	0.01305	0.01338	0.01115	0.01457	0.04739	0.00891	0.35037	0.41792	0.02582	0.01661	0.01576	0.01226	0.00654	0.00516	0.00164	0.00497	0.00518	0.00507	0.00829
2	0.01078	0.02364	0.63696	0.01804	0.17696	0.01197	0.01831	0.01615	0.01100	0.01635	0.00930	0.01121	0.00683	0.00481	0.00492	0.00160	0.00728	0.00395	0.00224	0.00769
3	0.00969	0.00912	0.01539	0.80734	0.03534	0.01140	0.01425	0.01311	0.01026	0.01311	0.00912	0.01368	0.00684	0.00513	0.00513	0.00171	0.00684	0.00456	0.00228	0.00570
4	0.01163	0.01605	0.17910	0.03815	0.02518	0.01292	0.55098	0.01604	0.01152	0.01604	0.00987	0.01306	0.00744	0.00478	0.00655	0.00174	0.06407	0.00547	0.00248	0.00693
5	0.00606	0.00520	0.00520	0.00520	0.00693	0.00433	0.00390	0.00736	0.01170	0.01386	0.05198	0.04938	0.78558	0.01299	0.00606	0.00173	0.00260	0.01083	0.00476	0.00433
6	0.01054	0.04131	0.70440	0.01518	0.02247	0.01219	0.09083	0.01625	0.01095	0.01618	0.00928	0.01107	0.00663	0.00481	0.00496	0.00162	0.00764	0.00399	0.00221	0.00750
7	0.00922	0.00839	0.01396	0.64712	0.03009	0.01040	0.01268	0.01232	0.00986	0.01287	0.01005	0.01498	0.00804	0.01182	0.16437	0.00302	0.00822	0.00475	0.00237	0.00548
8	0.00891	0.00446	0.00668	0.00668	0.00668	0.00446	0.00446	0.00668	0.00668	0.00891	0.00891	0.01560	0.00891	0.01783	0.02005	0.85071	0.00446	0.00446	0.00223	0.00223
9	0.00891	0.00446	0.00668	0.00668	0.00668	0.00446	0.00446	0.00668	0.00668	0.00891	0.00891	0.01560	0.00891	0.01783	0.02005	0.85071	0.00446	0.00446	0.00223	0.00223
10	0.00969	0.00912	0.01539	0.80734	0.03534	0.01140	0.01425	0.01311	0.01026	0.01311	0.00912	0.01368	0.00684	0.00513	0.00513	0.00171	0.00684	0.00456	0.00228	0.00570
11	0.00863	0.00750	0.01183	0.25202	0.15809	0.00819	0.00983	0.01068	0.01023	0.01374	0.01840	0.40166	0.02018	0.01045	0.00621	0.00188	0.03216	0.00941	0.00353	0.00540
12	0.00969	0.00912	0.01539	0.80734	0.03534	0.01140	0.01425	0.01311	0.01026	0.01311	0.00912	0.01368	0.00684	0.00513	0.00513	0.00171	0.00684	0.00456	0.00228	0.00570
13	0.00983	0.00927	0.01565	0.77066	0.07091	0.01144	0.01432	0.01323	0.01033	0.01328	0.00915	0.01363	0.00690	0.00510	0.00513	0.00170	0.00680	0.00456	0.00229	0.00581
14	0.02302	0.00873	0.01191	0.00913	0.01310	0.00754	0.00754	0.02501	0.01469	0.79122	0.02024	0.01746	0.01270	0.00635	0.00516	0.00159	0.00437	0.00516	0.00635	0.00873
15	0.02929	0.01347	0.02879	0.02063	0.02571	0.01264	0.71086	0.01690	0.01219	0.06050	0.01088	0.01394	0.00802	0.00445	0.00595	0.00172	0.00832	0.00594	0.00282	0.00700
16	0.01471	0.67740	0.02464	0.00959	0.01366	0.16211	0.00899	0.01630	0.01118	0.01216	0.00728	0.00842	0.00659	0.00455	0.00354	0.00114	0.00617	0.00285	0.00228	0.00647
17	0.01241	0.01190	0.02030	0.10605	0.71537	0.01212	0.01560	0.01549	0.01155	0.01641	0.00960	0.01279	0.00800	0.00463	0.00508	0.00154	0.00617	0.00457	0.00251	0.00789
18	0.01002	0.00841	0.00995	0.00739	0.01134	0.00648	0.00585	0.01233	0.01135	0.01742	0.15039	0.01568	0.01503	0.00502	0.00421	0.00092	0.00355	0.00418	0.00351	0.69696
19	0.01561	0.01243	0.01320	0.01102	0.01443	0.01409	0.00881	0.34065	0.46038	0.02605	0.01727	0.01627	0.01274	0.00662	0.00518	0.00166	0.00473	0.00530	0.00518	0.00838
20	0.01176	0.00997	0.01074	0.00972	0.01231	0.01132	0.00752	0.02406	0.63931	0.02130	0.16001	0.02264	0.02163	0.00760	0.00537	0.00172	0.00376	0.00643	0.00530	0.00752
21	0.00624	0.00452	0.00590	0.00700	0.00740	0.00418	0.00470	0.00716	0.00997	0.01316	0.03009	0.75768	0.09141	0.01584	0.00651	0.00206	0.00295	0.01430	0.00476	0.00418
22	0.00859	0.00999	0.15113	0.00950	0.04773	0.00722	0.00824	0.01282	0.08542	0.01969	0.53532	0.03031	0.03580	0.00886	0.00571	0.00162	0.00369	0.00773	0.00483	0.00580
23	0.01270	0.01219	0.02083	0.03149	0.78767	0.01219	0.01575	0.01575	0.01168	0.01676	0.00965	0.01270	0.00813	0.00457	0.00508	0.00152	0.00610	0.00457	0.00254	0.00813
24	0.00746	0.00497	0.00560	0.00560	0.00560	0.00497	0.00311	0.00746	0.00746	0.00995	0.01617	0.03358	0.01865	0.81967	0.02612	0.00497	0.00497	0.00746	0.00311	0.00311
25	0.00976	0.00497	0.00499	0.00492	0.00617	0.00500	0.00371	0.02694	0.01102	0.01939	0.01665	0.01900	0.01306	0.00598	0.00362	0.00120	0.00246	0.00478	0.83151	0.00486
26	0.01092	0.17152	0.65357	0.01356	0.02056	0.01344	0.01710	0.01609	0.01076	0.01549	0.00883	0.01036	0.00652	0.00479	0.00459	0.00153	0.00720	0.00360	0.00217	0.00740
27	0.01773	0.02145	0.01388	0.01260	0.01530	0.62293	0.00951	0.02201	0.18566	0.01455	0.01083	0.01147	0.00864	0.00566	0.00476	0.00142	0.00809	0.00386	0.00322	0.00644
28	0.01401	0.01065	0.01131	0.00965	0.01253	0.01191	0.00765	0.25439	0.36835	0.02437	0.05360	0.01793	0.01460	0.00670	0.00494	0.00157	0.00417	0.00541	0.15870	0.00755
29	0.00891	0.00446	0.00668	0.00668	0.00668	0.00446	0.00446	0.00668	0.00668	0.00891	0.00891	0.01560	0.00891	0.01783	0.02005	0.85071	0.00446	0.00446	0.00223	0.00223
30	0.00969	0.00912	0.01539	0.80734	0.03534	0.01140	0.01425	0.01311	0.01026	0.01311	0.00912	0.01368	0.00684	0.00513	0.00513	0.00171	0.00684	0.00456	0.00228	0.00570
31	0.00956	0.00478	0.00478	0.00478	0.00598	0.00478	0.00359	0.01196	0.01076	0.01913	0.01674	0.01913	0.01315	0.00598	0.00359	0.00120	0.00239	0.00478	0.84816	0.00478
32	0.00869	0.00688	0.00732	0.00680	0.00885	0.00654	0.00531	0.14657	0.01391	0.01739	0.05325	0.08357	0.54300	0.01195	0.00599	0.00176	0.00331	0.05891	0.00484	0.00516
33	0.00735	0.00540	0.00776	0.00776	0.00851	0.00615	0.00581	0.00885	0.00810	0.01155	0.01419	0.02260	0.01389	0.18073	0.65855	0.00765	0.01215	0.00586	0.00281	0.00431
34	0.00733	0.00550	0.00825	0.00825	0.00916	0.00641	0.00641	0.00916	0.00825	0.01191	0.01374	0.02016	0.01283	0.03848	0.79934	0.00825	0.01374	0.00550	0.00275	0.00458
35	0.01001	0.00823	0.00899	0.00860	0.01059	0.00888	0.00646	0.05988	0.37025	0.01824	0.02823	0.25843	0.16083	0.01069	0.00576	0.00183	0.00357	0.00923	0.00500	0.00630
36	0.00735	0.00540	0.00776	0.00776	0.00851	0.00615	0.00581	0.00885	0.00810	0.01155	0.01419	0.02260	0.01389	0.18073	0.65855	0.00765	0.01215	0.00586	0.00281	0.00431
37	0.01944	0.01621	0.01524	0.01206	0.01590	0.15852	0.00978	0.63398	0.02238	0.02874	0.01152	0.01176	0.00834	0.00600	0.00504	0.00150	0.00630	0.00438	0.00468	0.00822
38	0.00746	0.00497	0.00560	0.00560	0.00560	0.00497	0.00311	0.00746	0.00746	0.00995	0.01617	0.03358	0.01865	0.81967	0.02612	0.00497	0.00497	0.00746	0.00311	0.00311
39	0.00744	0.00637	0.00652	0.00628	0.00824	0.00604	0.00477	0.01142	0.16644	0.01552	0.05960	0.04307	0.61627	0.01173	0.00589	0.00173	0.00289	0.00979	0.00487	0.00511
40	0.00724	0.00490	0.00575	0.00597	0.00605	0.00488	0.00352	0.00746	0.00792	0.01059	0.01829	0.17565	0.02124	0.64679	0.04884	0.00456	0.00491	0.00869	0.00340	0.00335
41	0.85592	0.00992	0.00754	0.00675	0.00992	0.01151	0.00556	0.01508	0.00873	0.02302	0.00714	0.00834	0.00556	0.00476	0.00318	0.00159	0.00397	0.00278	0.00318	0.00556
42	0.00884	0.00589	0.00673	0.00628	0.00793	0.00552	0.00478	0.06195	0.01337	0.05507	0.28704	0.07599	0.26578	0.01023	0.00552	0.00159	0.00281	0.00869	0.16086	0.00509
43	0.00676	0.00512	0.00521	0.00519	0.00680	0.00444	0.00389	0.00832	0.01167	0.01517	0.08387	0.04329	0.60641	0.01159	0.00561	0.00163	0.00255	0.00965	0.15838	0.00444
44	0.00722	0.00524	0.00680	0.00641	0.00764	0.00482	0.00481	0.00960	0.01443	0.02035	0.76004	0.03870	0.07348	0.01057	0.00605	0.00162	0.00243	0.00933	0.00562	0.00482
45	0.00686	0.00490	0.00665	0.00784	0.00840	0.00469	0.00582	0.00819	0.01042	0.01378	0.02795	0.58864	0.03261	0.01550	0.00671	0.00217	0.00350	0.23630	0.00475	0.00433
46	0.00880	0.00453	0.00679	0.00679	0.00686	0.00459	0.00459	0.00686	0.00679	0.00912	0.00925	0.01591	0.00918	0.01926	0.07417	0.79221	0.00510	0.00453	0.00226	0.00239
47	0.01403	0.77685	0.02618	0.00903	0.01332	0.06509	0.00884	0.01566	0.01066	0.01210	0.00718	0.00829	0.00659	0.00444	0.00337	0.00111	0.00570	0.00278	0.00222	0.00655
48	0.01270	0.01219	0.02083	0.03149	0.78767	0.01219	0.01575	0.01575	0.01168	0.01676	0.00965	0.01270	0.00813	0.00457	0.00508	0.00152	0.00610	0.00457	0.00254	0.00813
49	0.01151	0.04108	0.01155	0.00790	0.01242	0.00785	0.00641	0.05278	0.01143	0.03556	0.00947	0.01079	0.00774	0.00401	0.00388	0.00083	0.00398	0.00316	0.00319	0.75445
50	0.00891	0.00446	0.00668	0.00668	0.00668	0.00446	0.00446	0.00668	0.00668	0.00891	0.00891	0.01560	0.00891	0.01783	0.02005	0.85071	0.00446	0.00446	0.00223	0.00223
51	0.00677	0.00469	0.00580	0.00648	0.00665	0.00452	0.00405	0.00728	0.00880	0.01174	0.02305	0.47849	0.02734	0.36291	0.01499	0.00333	0.00384	0.01151	0.00405	0.00371
52	0.00891	0.00446	0.00668	0.00668	0.00668	0.00446	0.00446	0.00668	0.00668	0.00891	0.00891	0.01560	0.00891	0.01783	0.02005	0.85071	0.00446	0.00446	0.00223	0.00223
53	0.01454	0.56792	0.10348	0.01034	0.01469	0.18770	0.01008	0.01656	0.01136	0.01261	0.00752	0.00872	0.00658	0.00463	0.00374	0.00120	0.00652	0.00297	0.00229	0.00655
54	0.00679	0.00516	0.00593	0.00579	0.00698	0.00464	0.00414	0.00828	0.01199	0.01574	0.32912	0.05671	0.34600	0.15897	0.00972	0.00228	0.00297	0.00969	0.00481	0.00430
55	0.01197	0.01129	0.01784	0.02616	0.61902	0.03763	0.01325	0.01440	0.01101	0.01538	0.01078	0.01638	0.00999	0.15302	0.00889	0.00215	0.00600	0.00505	0.00265	0.00714
56	0.01597	0.16254	0.01934	0.01307	0.01647	0.15598	0.12157	0.22733	0.04039	0.04367	0.01002	0.01148	0.00788	0.00586	0.00658	0.00156	0.12552	0.00429	0.00339	0.00709
57	0.00933	0.00499	0.00542	0.00563	0.00683	0.00499	0.00444	0.01171	0.01095	0.01844	0.01864	0.02619	0.01613	0.00747	0.00422	0.00141	0.00282	0.14105	0.69458	0.00477
58	0.00865	0.00455	0.00649	0.00649	0.00649	0.00455	0.00421	0.00683	0.00683	0.00910	0.01023	0.01887	0.01069	0.16383	0.02116	0.69671	0.00455	0.00500	0.00239	0.00239
59	0.00783	0.00626	0.00968	0.15385	0.01401	0.00749	0.00793	0.00994	0.00861	0.01214	0.01278	0.01882	0.01163	0.03188	0.64065	0.00695	0.02682	0.00531	0.00265	0.00480
60	0.66300	0.15862	0.01140	0.00742	0.01079	0.05035	0.00635	0.01539	0.00932	0.02053	0.00718	0.00836	0.00579	0.00472	0.00327	0.00149	0.00450	0.00280	0.00297	0.00576
61	0.00733	0.00550	0.00825	0.00825	0.00916	0.00641	0.00641	0.00916	0.00825	0.01191	0.01374	0.02016	0.01283	0.03848	0.79934	0.00825	0.01374	0.00550	0.00275	0.00458
62	0.01064	0.00912	0.01064	0.00760	0.01216	0.00684	0.00608	0.01292	0.01064	0.01672	0.00912	0.01064	0.00760	0.00380	0.00380	0.00076	0.00380	0.00304	0.00304	0.85104
63	0.01267	0.01363	0.01550	0.01343	0.01391	0.15836	0.01099	0.01383	0.00907	0.01239	0.00695	0.01087	0.00671	0.00831	0.01462	0.00208	0.66443	0.00427	0.00232	0.00567
64	0.01195	0.01336	0.02763	0.02014	0.02439	0.01347	0.63104	0.01569	0.01134	0.01569	0.00972	0.01336	0.00759	0.00517	0.00802	0.00182	0.15462	0.00577	0.00253	0.00668
65	0.01951	0.01437	0.01540	0.01181	0.01591	0.01591	0.00975	0.77056	0.02412	0.03234	0.01232	0.01232	0.00873	0.00616	0.00513	0.00154	0.00565	0.00462	0.00513	0.00873
66	0.00656	0.00522	0.00589	0.00572	0.00724	0.00454	0.00429	0.00833	0.01287	0.01665	0.35653	0.04479	0.47929	0.01195	0.00606	0.00168	0.00252	0.01019	0.00513	0.00454
67	0.01554	0.18755	0.01626	0.01051	0.01412	0.01533	0.00880	0.34103	0.25413	0.02368	0.01461	0.05157	0.01160	0.00649	0.00483	0.00153	0.00499	0.00505	0.00451	0.00786
68	0.05318	0.16762	0.01663	0.01192	0.01513	0.50077	0.00950	0.13772	0.01506	0.01603	0.00845	0.00951	0.00690	0.00524	0.00440	0.00133	0.00778	0.00339	0.00298	0.00649
69	0.16707	0.67475	0.02336	0.00841	0.01258	0.01870	0.00819	0.01531	0.01012	0.01407	0.00714	0.00825	0.00640	0.00446	0.00327	0.00119	0.00521	0.00275	0.00237	0.00640
70	0.00612	0.00520	0.00528	0.00526	0.00697	0.00436	0.00394	0.00747	0.01183	0.01418	0.08664	0.04886	0.75073	0.01288	0.00606	0.00173	0.00259	0.01076	0.00481	0.00436
71	0.00891	0.00446	0.00668	0.00668	0.00668	0.00446	0.00446	0.00668	0.00668	0.00891	0.00891	0.01560	0.00891	0.01783	0.02005	0.85071	0.00446	0.00446	0.00223	0.00223
72	0.00891	0.00446	0.00668	0.00668	0.00668	0.00446	0.00446	0.00668	0.00668	0.00891	0.00891	0.01560	0.00891	0.01783	0.02005	0.85071	0.00446	0.00446	0.00223	0.00223
73	0.00733	0.00550	0.00825	0.00825	0.00916	0.00641	0.00641	0.00916	0.00825	0.01191	0.01374	0.02016	0.01283	0.03848	0.79934	0.00825	0.01374	0.00550	0.00275	0.00458
74	0.00733	0.00550	0.00825	0.00825	0.00916	0.00641	0.00641	0.00916	0.00825	0.01191	0.01374	0.02016	0.01283	0.03848	0.79934	0.00825	0.01374	0.00550	0.00275	0.00458
75	0.01025	0.00928	0.00941	0.01014	0.01158	0.15033	0.00857	0.01243	0.01231	0.01485	0.02366	0.04902	0.02536	0.01256	0.00664	0.00217	0.00555	0.61660	0.00435	0.00495
76	0.00606	0.00520	0.00520	0.00520	0.00693	0.00433	0.00390	0.00736	0.01170	0.01386	0.05198	0.04938	0.78558	0.01299	0.00606	0.00173	0.00260	0.01083	0.00476	0.00433
77	0.01828	0.01376	0.01471	0.01156	0.01544	0.01534	0.00946	0.63521	0.16147	0.03036	0.01388	0.01356	0.00999	0.00631	0.00515	0.00158	0.00536	0.00483	0.00515	0.00862
78	0.00827	0.00591	0.00827	0.00945	0.01063	0.00591	0.00827	0.01063	0.01181	0.01536	0.02717	0.05788	0.02953	0.01417	0.00709	0.00236	0.00472	0.75313	0.00472	0.00472
79	0.17340	0.01101	0.01239	0.00967	0.01355	0.01132	0.00799	0.29568	0.01705	0.37398	0.01496	0.01392	0.00995	0.00599	0.00479	0.00157	0.00476	0.00453	0.00533	0.00815
80	0.00746	0.00497	0.00560	0.00560	0.00560	0.00497	0.00311	0.00746	0.00746	0.00995	0.01617	0.03358	0.01865	0.81967	0.02612	0.00497	0.00497	0.00746	0.00311	0.00311
81	0.00733	0.00550	0.00825	0.00825	0.00916	0.00641	0.00641	0.00916	0.00825	0.01191	0.01374	0.02016	0.01283	0.03848	0.79934	0.00825	0.01374	0.00550	0.00275	0.00458
82	0.00843	0.00446	0.00655	0.00677	0.00682	0.00440	0.00451	0.00677	0.00726	0.00967	0.01244	0.16140	0.01347	0.01751	0.01759	0.69619	0.00419	0.00630	0.00269	0.00258
83	0.01951	0.01437	0.01540	0.01181	0.01591	0.01591	0.00975	0.77056	0.02412	0.03234	0.01232	0.01232	0.00873	0.00616	0.00513	0.00154	0.00565	0.00462	0.00513	0.00873
84	0.00625	0.00447	0.00595	0.00714	0.00744	0.00417	0.00476	0.00714	0.00982	0.01310	0.02828	0.81633	0.03394	0.01608	0.00655	0.00208	0.00298	0.01459	0.00476	0.00417
85	0.01399	0.01163	0.01229	0.01069	0.01381	0.01334	0.00842	0.16261	0.64105	0.02344	0.01932	0.01790	0.01440	0.00682	0.00520	0.00170	0.00435	0.00559	0.00520	0.00823
86	0.20116	0.00735	0.00830	0.00715	0.00943	0.00721	0.00545	0.01526	0.01157	0.26830	0.16274	0.02418	0.04554	0.19356	0.00973	0.00237	0.00399	0.00613	0.00471	0.00585
87	0.01502	0.01214	0.01287	0.01090	0.01420	0.01382	0.00867	0.27568	0.52631	0.02510	0.01802	0.01686	0.01334	0.00669	0.00519	0.00167	0.00459	0.00541	0.00519	0.00832
88	0.01126	0.01223	0.02578	0.01871	0.02295	0.01152	0.62957	0.01480	0.01126	0.01525	0.01143	0.01743	0.00976	0.15279	0.00971	0.00232	0.00798	0.00631	0.00269	0.00623
89	0.00754	0.00506	0.00604	0.00604	0.00626	0.00523	0.00373	0.00798	0.00776	0.01074	0.01575	0.03045	0.01733	0.63896	0.16585	0.00539	0.00645	0.00698	0.04300	0.00346
90	0.00736	0.00526	0.00652	0.03342	0.00761	0.00541	0.00436	0.00815	0.00866	0.01163	0.07726	0.03209	0.09304	0.49639	0.17699	0.00495	0.00637	0.00743	0.00336	0.00374
91	0.01309	0.67778	0.16640	0.00984	0.01482	0.01878	0.01063	0.01553	0.01050	0.01283	0.00751	0.00870	0.00657	0.00448	0.00358	0.00119	0.00587	0.00293	0.00219	0.00677
92	0.00883	0.00721	0.00809	0.00750	0.00909	0.04384	0.00568	0.01340	0.15362	0.02036	0.60909	0.03346	0.04047	0.00960	0.00583	0.00162	0.00304	0.00836	0.00543	0.00549
93	0.01215	0.01163	0.01984	0.17277	0.65068	0.01205	0.01547	0.01527	0.01142	0.01610	0.00955	0.01288	0.00789	0.00467	0.00509	0.00156	0.00623	0.00457	0.00249	0.00769
94	0.00967	0.00833	0.01346	0.66121	0.02999	0.01019	0.01231	0.01290	0.01035	0.01421	0.01051	0.01467	0.00799	0.00528	0.00485	0.00162	0.00603	0.00460	0.15630	0.00553
95	0.01270	0.01219	0.02083	0.03149	0.78767	0.01219	0.01575	0.01575	0.01168	0.01676	0.00965	0.01270	0.00813	0.00457	0.00508	0.00152	0.00610	0.00457	0.00254	0.00813
96	0.01372	0.82276	0.02689	0.00878	0.01317	0.02030	0.00878	0.01536	0.01043	0.01207	0.00713	0.00823	0.00658	0.00439	0.00329	0.00110	0.00549	0.00274	0.00219	0.00658
97	0.00746	0.00497	0.00560	0.00560	0.00560	0.00497	0.00311	0.00746	0.00746	0.00995	0.01617	0.03358	0.01865	0.81967	0.02612	0.00497	0.00497	0.00746	0.00311	0.00311
98	0.00905	0.00531	0.00827	0.15247	0.01190	0.00572	0.00624	0.00785	0.00734	0.00968	0.00895	0.01525	0.00854	0.01551	0.01734	0.69612	0.00489	0.00448	0.00224	0.00286
99	0.01211	0.01384	0.03028	0.02163	0.02682	0.01298	0.76903	0.01644	0.01211	0.01644	0.01038	0.01384	0.00779	0.00433	0.00606	0.00173	0.00865	0.00606	0.00260	0.00692
100	0.00790	0.00564	0.00785	0.00903	0.01005	0.00559	0.00763	0.01000	0.01145	0.01494	0.02737	0.19598	0.03033	0.01452	0.00699	0.00231	0.00441	0.61865	0.00473	0.00462
101	0.00721	0.00502	0.00552	0.00552	0.00584	0.00486	0.00325	0.00744	0.00823	0.01066	0.02269	0.03646	0.15830	0.67279	0.02246	0.00438	0.00454	0.00807	0.00341	0.00333
102	0.00981	0.00603	0.00697	0.00631	0.00842	0.00523	0.00488	0.01170	0.02730	0.17109	0.17833	0.04040	0.48200	0.01109	0.00586	0.00168	0.00295	0.00932	0.00525	0.00538
103	0.01123	0.01123	0.01572	0.01347	0.01347	0.01572	0.01123	0.01235	0.00786	0.01235	0.00674	0.01123	0.00674	0.00898	0.01684	0.00225	0.81028	0.00449	0.00225	0.00561
104	0.01168	0.15900	0.01775	0.01262	0.01342	0.01655	0.01078	0.01290	0.00833	0.01230	0.00681	0.01068	0.00671	0.00814	0.01437	0.00204	0.66374	0.00417	0.00224	0.00579
105	0.00904	0.00681	0.00881	0.00949	0.01098	0.00710	0.00808	0.01361	0.15153	0.01671	0.06185	0.04990	0.02790	0.01269	0.00670	0.00221	0.00449	0.58188	0.00486	0.00535
106	0.00673	0.00505	0.00623	0.00630	0.00743	0.00456	0.00458	0.00851	0.01273	0.01716	0.42601	0.21957	0.23154	0.01240	0.00617	0.00175	0.00259	0.01089	0.00522	0.00456
107	0.01276	0.01102	0.01160	0.01044	0.01334	0.01276	0.00812	0.02727	0.77840	0.02146	0.02088	0.01914	0.01566	0.00696	0.00522	0.00174	0.00406	0.00580	0.00522	0.00812
108	0.00642	0.00474	0.00570	0.00637	0.00698	0.00436	0.00424	0.00726	0.00987	0.01272	0.03207	0.47982	0.22126	0.16162	0.00999	0.00252	0.00325	0.01234	0.00446	0.00402
109	0.00640	0.00474	0.00601	0.00685	0.00753	0.00434	0.00479	0.00757	0.01065	0.01396	0.09368	0.57429	0.17174	0.01496	0.00645	0.00200	0.00295	0.05196	0.00483	0.00428
110	0.00625	0.00447	0.00595	0.00714	0.00744	0.00417	0.00476	0.00714	0.00982	0.01310	0.02828	0.81633	0.03394	0.01608	0.00655	0.00208	0.00298	0.01459	0.00476	0.00417
111	0.00762	0.00567	0.00738	0.00825	0.00955	0.00543	0.00700	0.00965	0.01171	0.01489	0.03373	0.08143	0.22844	0.01393	0.00680	0.00219	0.00411	0.53288	0.00474	0.00460
112	0.01815	0.01096	0.01246	0.00977	0.01341	0.01121	0.00800	0.40074	0.01894	0.26395	0.02199	0.02066	0.15141	0.00746	0.00531	0.00159	0.00470	0.00592	0.00544	0.00793
113	0.00937	0.00527	0.00702	0.00743	0.00838	0.00482	0.00518	0.01041	0.01059	0.15462	0.02619	0.63008	0.02927	0.05618	0.00732	0.00214	0.00333	0.01250	0.00497	0.00494
114	0.01951	0.01437	0.01540	0.01181	0.01591	0.01591	0.00975	0.77056	0.02412	0.03234	0.01232	0.01232	0.00873	0.00616	0.00513	0.00154	0.00565	0.00462	0.00513	0.00873
115	0.00891	0.00446	0.00668	0.00668	0.00668	0.00446	0.00446	0.00668	0.00668	0.00891	0.00891	0.01560	0.00891	0.01783	0.02005	0.85071	0.00446	0.00446	0.00223	0.00223
116	0.00821	0.00633	0.00765	0.00723	0.00879	0.00629	0.00553	0.01273	0.15322	0.01987	0.54079	0.03685	0.10710	0.01026	0.00596	0.00169	0.00286	0.04782	0.00544	0.00539
117	0.00915	0.00487	0.00516	0.00509	0.00629	0.00479	0.00382	0.01154	0.01145	0.01939	0.15662	0.02263	0.01957	0.00680	0.00404	0.00127	0.00240	0.00560	0.69475	0.00479
118	0.01917	0.02445	0.01454	0.01322	0.01586	0.79907	0.00991	0.02049	0.01454	0.01256	0.00793	0.00925	0.00661	0.00529	0.00463	0.00132	0.00925	0.00330	0.00264	0.00595
119	0.16097	0.00546	0.00624	0.00707	0.00789	0.00550	0.00491	0.00859	0.00963	0.01491	0.02443	0.66920	0.02877	0.01402	0.00593	0.00199	0.00316	0.01244	0.00447	0.00442
120	0.01029	0.01013	0.01380	0.01196	0.01228	0.01364	0.00989	0.01144	0.00856	0.01262	0.01497	0.01817	0.14855	0.00971	0.01488	0.00215	0.66321	0.00564	0.00270	0.00538
121	0.00969	0.00912	0.01539	0.80734	0.03534	0.01140	0.01425	0.01311	0.01026	0.01311	0.00912	0.01368	0.00684	0.00513	0.00513	0.00171	0.00684	0.00456	0.00228	0.00570
122	0.01011	0.00588	0.00774	0.00692	0.00864	0.00532	0.00531	0.01243	0.01450	0.16077	0.63100	0.03475	0.05671	0.00979	0.00589	0.00161	0.00278	0.00856	0.00576	0.00554
123	0.85592	0.00992	0.00754	0.00675	0.00992	0.01151	0.00556	0.01508	0.00873	0.02302	0.00714	0.00834	0.00556	0.00476	0.00318	0.00159	0.00397	0.00278	0.00318	0.00556
124	0.01951	0.01437	0.01540	0.01181	0.01591	0.01591	0.00975	0.77056	0.02412	0.03234	0.01232	0.01232	0.00873	0.00616	0.00513	0.00154	0.00565	0.00462	0.00513	0.00873
125	0.00644	0.00461	0.00612	0.00702	0.00748	0.00429	0.00478	0.00761	0.01068	0.01446	0.16606	0.67466	0.03657	0.01506	0.00646	0.00200	0.00288	0.01362	0.00492	0.00429
126	0.00704	0.00524	0.00656	0.00623	0.00753	0.00475	0.00467	0.00926	0.01401	0.01935	0.65149	0.04034	0.18264	0.01095	0.00605	0.00164	0.00245	0.00956	0.00549	0.00475
127	0.00644	0.00461	0.00612	0.00702	0.00748	0.00429	0.00478	0.00761	0.01068	0.01446	0.16606	0.67466	0.03657	0.01506	0.00646	0.00200	0.00288	0.01362	0.00492	0.00429
128	0.00747	0.00507	0.00645	0.00654	0.00737	0.00473	0.00455	0.00892	0.01168	0.04225	0.35350	0.27459	0.07222	0.15951	0.00983	0.00237	0.00313	0.01050	0.00490	0.00443
129	0.00734	0.00517	0.00672	0.00658	0.00770	0.00475	0.00484	0.00942	0.01355	0.03406	0.60155	0.18004	0.07586	0.01153	0.00613	0.00170	0.00257	0.01023	0.00546	0.00477
130	0.01123	0.01123	0.01572	0.01347	0.01347	0.01572	0.01123	0.01235	0.00786	0.01235	0.00674	0.01123	0.00674	0.00898	0.01684	0.00225	0.81028	0.00449	0.00225	0.00561
131	0.01372	0.82276	0.02689	0.00878	0.01317	0.02030	0.00878	0.01536	0.01043	0.01207	0.00713	0.00823	0.00658	0.00439	0.00329	0.00110	0.00549	0.00274	0.00219	0.00658
132	0.00883	0.00487	0.00490	0.00490	0.00613	0.00471	0.00362	0.01091	0.01077	0.01774	0.02313	0.02532	0.15406	0.04573	0.00510	0.00147	0.00255	0.00601	0.65463	0.00462
133	0.04904	0.00877	0.01177	0.00905	0.01300	0.00767	0.00748	0.02470	0.01450	0.76722	0.01983	0.01718	0.01248	0.00630	0.00510	0.00159	0.00435	0.00509	0.00625	0.00863
134	0.01372	0.82276	0.02689	0.00878	0.01317	0.02030	0.00878	0.01536	0.01043	0.01207	0.00713	0.00823	0.00658	0.00439	0.00329	0.00110	0.00549	0.00274	0.00219	0.00658
135	0.00606	0.00520	0.00520	0.00520	0.00693	0.00433	0.00390	0.00736	0.01170	0.01386	0.05198	0.04938	0.78558	0.01299	0.00606	0.00173	0.00260	0.01083	0.00476	0.00433
136	0.00724	0.00488	0.00566	0.00588	0.00593	0.00483	0.00341	0.00740	0.00789	0.01052	0.01837	0.17611	0.02144	0.67335	0.02255	0.00445	0.00461	0.00876	0.00341	0.00330
137	0.00625	0.00447	0.00595	0.00714	0.00744	0.00417	0.00476	0.00714	0.00982	0.01310	0.02828	0.81633	0.03394	0.01608	0.00655	0.00208	0.00298	0.01459	0.00476	0.00417
138	0.01029	0.02654	0.79309	0.01462	0.02221	0.01192	0.01896	0.01625	0.01083	0.01625	0.00921	0.01083	0.00650	0.00487	0.00487	0.00162	0.00758	0.00379	0.00217	0.00758
139	0.02232	0.00986	0.01261	0.00967	0.01366	0.00922	0.00798	0.17449	0.01658	0.63906	0.01865	0.01643	0.01190	0.00631	0.00515	0.00158	0.00462	0.00505	0.00611	0.00873
140	0.17468	0.00895	0.01111	0.00870	0.01252	0.00826	0.00718	0.02320	0.01360	0.65134	0.01786	0.01580	0.01140	0.00606	0.00480	0.00159	0.00429	0.00473	0.00577	0.00815
141	0.01270	0.01219	0.02083	0.03149	0.78767	0.01219	0.01575	0.01575	0.01168	0.01676	0.00965	0.01270	0.00813	0.00457	0.00508	0.00152	0.00610	0.00457	0.00254	0.00813
142	0.00939	0.00533	0.00702	0.00737	0.00842	0.00486	0.00521	0.01049	0.01073	0.15472	0.02747	0.57941	0.06866	0.05210	0.00721	0.00212	0.00334	0.02621	0.00497	0.00497
143	0.01145	0.00966	0.01047	0.00956	0.01203	0.01091	0.00737	0.02311	0.60297	0.02091	0.16036	0.06033	0.02249	0.00803	0.00544	0.00173	0.00371	0.00685	0.00528	0.00734
144	0.01270	0.01219	0.02083	0.03149	0.78767	0.01219	0.01575	0.01575	0.01168	0.01676	0.00965	0.01270	0.00813	0.00457	0.00508	0.00152	0.00610	0.00457	0.00254	0.00813
145	0.00733	0.00550	0.00825	0.00825	0.00916	0.00641	0.00641	0.00916	0.00825	0.01191	0.01374	0.02016	0.01283	0.03848	0.79934	0.00825	0.01374	0.00550	0.00275	0.00458

[dist]
# distance from previous block
# <min> <max>
0	63

[block]
# block no. 1 follows, 48 sequences, length 80
# corresponding to MSA columns:
# 464-543
name=unknown_B
#
# <colnr> <probs for GDERKNQSTAVLIFYWHMCP>
#	G	D	E	R	K	N	Q	S	T	A	V	L	I	F	Y	W	H	M	C	P
0	0.02302	0.00873	0.01191	0.00913	0.01310	0.00754	0.00754	0.02501	0.01469	0.79122	0.02024	0.01746	0.01270	0.00635	0.00516	0.00159	0.00437	0.00516	0.00635	0.00873
1	0.01518	0.01683	0.02064	0.02166	0.29323	0.27511	0.19549	0.06940	0.01360	0.01635	0.00944	0.01180	0.00758	0.00486	0.00517	0.00151	0.00774	0.00451	0.00277	0.00715
2	0.01054	0.00608	0.00873	0.00823	0.00970	0.00643	0.00639	0.01225	0.00966	0.17458	0.01621	0.07495	0.01452	0.06564	0.54401	0.00628	0.01065	0.00614	0.00366	0.00535
3	0.01223	0.01350	0.02830	0.02369	0.18563	0.01281	0.61179	0.01629	0.01202	0.01650	0.01023	0.01360	0.00786	0.00438	0.00585	0.00169	0.00812	0.00575	0.00258	0.00717
4	0.01207	0.01155	0.01969	0.19344	0.63063	0.01203	0.01543	0.01520	0.01139	0.01600	0.00954	0.01290	0.00786	0.00469	0.00509	0.00156	0.00625	0.00457	0.00249	0.00762
5	0.00906	0.00636	0.00781	0.00777	0.00913	0.00639	0.00568	0.01332	0.17196	0.07054	0.24771	0.36722	0.03290	0.01187	0.00603	0.00184	0.00314	0.01055	0.00523	0.00550
6	0.00991	0.00613	0.00706	0.00660	0.00754	0.00706	0.00518	0.01204	0.01015	0.01771	0.01465	0.01748	0.01181	0.00660	0.00635	0.00141	0.17103	0.00472	0.67158	0.00496
7	0.01486	0.65612	0.02431	0.00971	0.01373	0.18286	0.00902	0.01643	0.01128	0.01217	0.00730	0.00844	0.00659	0.00458	0.00357	0.00114	0.00627	0.00286	0.00229	0.00645
8	0.01660	0.00849	0.01034	0.00864	0.01167	0.00821	0.00682	0.02158	0.21183	0.41410	0.02460	0.03798	0.11996	0.06687	0.00685	0.00190	0.00406	0.00644	0.00558	0.00748
9	0.00661	0.00535	0.00595	0.00617	0.00775	0.00470	0.00488	0.00821	0.01191	0.01463	0.09720	0.05039	0.57708	0.01307	0.00628	0.00186	0.00303	0.16567	0.00482	0.00445
10	0.00746	0.00497	0.00560	0.00560	0.00560	0.00497	0.00311	0.00746	0.00746	0.00995	0.01617	0.03358	0.01865	0.81967	0.02612	0.00497	0.00497	0.00746	0.00311	0.00311
11	0.07700	0.00809	0.01055	0.00841	0.01175	0.00725	0.00684	0.02113	0.01424	0.57753	0.17897	0.02119	0.01966	0.00711	0.00521	0.00159	0.00393	0.00586	0.00599	0.00770
12	0.00649	0.00521	0.00578	0.00564	0.00719	0.00451	0.00423	0.00818	0.01269	0.01623	0.31020	0.04549	0.52589	0.01211	0.00606	0.00169	0.00254	0.01028	0.00508	0.00451
13	0.00746	0.00497	0.00560	0.00560	0.00560	0.00497	0.00311	0.00746	0.00746	0.00995	0.01617	0.03358	0.01865	0.81967	0.02612	0.00497	0.00497	0.00746	0.00311	0.00311
14	0.01136	0.00981	0.01027	0.00935	0.01200	0.01100	0.00724	0.02311	0.61836	0.01988	0.02737	0.02546	0.17637	0.00822	0.00540	0.00174	0.00376	0.00685	0.00513	0.00733
15	0.01053	0.00597	0.00788	0.00699	0.00879	0.00540	0.00539	0.01284	0.01450	0.18131	0.61130	0.03418	0.05507	0.00967	0.00587	0.00161	0.00283	0.00845	0.00578	0.00564
16	0.00785	0.00586	0.00710	0.00656	0.00808	0.00550	0.00498	0.06152	0.01459	0.01998	0.57883	0.03885	0.19956	0.01071	0.00599	0.00163	0.00268	0.00928	0.00543	0.00500
17	0.00891	0.00446	0.00668	0.00668	0.00668	0.00446	0.00446	0.00668	0.00668	0.00891	0.00891	0.01560	0.00891	0.01783	0.02005	0.85071	0.00446	0.00446	0.00223	0.00223
18	0.00608	0.00515	0.00525	0.00533	0.00697	0.00432	0.00396	0.00735	0.01157	0.01381	0.05035	0.10212	0.73390	0.01321	0.00610	0.00176	0.00262	0.01109	0.00476	0.00432
19	0.00822	0.00667	0.00953	0.01153	0.17038	0.00629	0.00699	0.01059	0.01346	0.01873	0.50989	0.04954	0.13886	0.00970	0.00586	0.00162	0.00322	0.00861	0.00486	0.00545
20	0.01289	0.01108	0.01167	0.01047	0.01339	0.01282	0.00815	0.04119	0.76426	0.02167	0.02072	0.01902	0.01553	0.00695	0.00522	0.00174	0.00409	0.00578	0.00522	0.00813
21	0.00969	0.00912	0.01539	0.80734	0.03534	0.01140	0.01425	0.01311	0.01026	0.01311	0.00912	0.01368	0.00684	0.00513	0.00513	0.00171	0.00684	0.00456	0.00228	0.00570
22	0.00625	0.00447	0.00595	0.00714	0.00744	0.00417	0.00476	0.00714	0.00982	0.01310	0.02828	0.81633	0.03394	0.01608	0.00655	0.00208	0.00298	0.01459	0.00476	0.00417
23	0.48675	0.00798	0.00744	0.00704	0.00936	0.00895	0.00568	0.01243	0.00947	0.01910	0.05791	0.02000	0.09568	0.01360	0.17008	0.00304	0.00582	0.05106	0.00349	0.00513
24	0.00679	0.00486	0.00562	0.00599	0.00645	0.00459	0.00379	0.00734	0.00908	0.01174	0.02740	0.27992	0.18349	0.40177	0.01586	0.00340	0.00386	0.01038	0.00397	0.00369
25	0.00737	0.00532	0.00737	0.00737	0.00798	0.00594	0.00532	0.00860	0.00799	0.01126	0.01455	0.02460	0.01476	0.29712	0.54334	0.00716	0.01084	0.00615	0.00287	0.00409
26	0.01249	0.01022	0.01163	0.00848	0.01294	0.00873	0.00685	0.17107	0.01345	0.01998	0.00979	0.01099	0.00783	0.00429	0.00408	0.00092	0.00419	0.00337	0.00348	0.67522
27	0.01032	0.00976	0.01652	0.64539	0.19238	0.01157	0.01456	0.01366	0.01056	0.01387	0.00923	0.01348	0.00711	0.00501	0.00512	0.00167	0.00668	0.00456	0.00233	0.00621
28	0.00611	0.00519	0.00527	0.00527	0.00696	0.00435	0.00395	0.00744	0.01176	0.01407	0.07632	0.06242	0.74754	0.01296	0.00607	0.00173	0.00260	0.01084	0.00479	0.00435
29	0.00607	0.00517	0.00523	0.00527	0.00695	0.00433	0.00393	0.00736	0.01163	0.01383	0.05111	0.07762	0.75791	0.01311	0.00608	0.00175	0.00261	0.01097	0.00476	0.00433
30	0.00710	0.00528	0.00777	0.00802	0.00880	0.00594	0.00607	0.00874	0.00858	0.01216	0.01678	0.18635	0.01723	0.03381	0.63385	0.00696	0.01150	0.00739	0.00317	0.00449
31	0.01742	0.01274	0.01315	0.01039	0.01384	0.04242	0.00847	0.58459	0.02098	0.02885	0.01308	0.01363	0.00957	0.00609	0.00479	0.00146	0.00510	0.00461	0.18101	0.00780
32	0.19360	0.01320	0.01348	0.01065	0.01447	0.01476	0.00876	0.55838	0.07620	0.02960	0.01187	0.01199	0.00857	0.00593	0.00473	0.00156	0.00518	0.00432	0.00473	0.00802
33	0.01624	0.01223	0.01301	0.01033	0.01386	0.01328	0.00842	0.56014	0.07340	0.02773	0.02119	0.02052	0.17136	0.00764	0.00533	0.00159	0.00490	0.00600	0.00506	0.00777
34	0.00689	0.00523	0.00634	0.00606	0.00744	0.00468	0.00455	0.00896	0.01364	0.01847	0.55526	0.04179	0.27943	0.01127	0.00606	0.00165	0.00248	0.00977	0.00537	0.00468
35	0.01017	0.02290	0.63075	0.18009	0.02495	0.01181	0.01798	0.01559	0.01071	0.01559	0.00919	0.01143	0.00657	0.00493	0.00493	0.00164	0.00743	0.00395	0.00219	0.00719
36	0.01977	0.00795	0.01059	0.00839	0.01153	0.00701	0.00662	0.02134	0.01318	0.62814	0.01939	0.02083	0.01394	0.17612	0.00953	0.00229	0.00449	0.00564	0.00567	0.00756
37	0.01064	0.00912	0.01064	0.00760	0.01216	0.00684	0.00608	0.01292	0.01064	0.01672	0.00912	0.01064	0.00760	0.00380	0.00380	0.00076	0.00380	0.00304	0.00304	0.85104
38	0.01368	0.01296	0.02026	0.27689	0.05260	0.05636	0.25259	0.21492	0.01480	0.01935	0.01032	0.01309	0.00767	0.00514	0.00540	0.00164	0.00721	0.00498	0.00316	0.00699
39	0.00606	0.00520	0.00520	0.00520	0.00693	0.00433	0.00390	0.00736	0.01170	0.01386	0.05198	0.04938	0.78558	0.01299	0.00606	0.00173	0.00260	0.01083	0.00476	0.00433
40	0.00648	0.00468	0.00643	0.00737	0.00780	0.00464	0.00511	0.00757	0.00949	0.01285	0.02525	0.65014	0.02953	0.02075	0.17203	0.00337	0.00522	0.01269	0.00434	0.00425
41	0.01064	0.00912	0.01064	0.00760	0.01216	0.00684	0.00608	0.01292	0.01064	0.01672	0.00912	0.01064	0.00760	0.00380	0.00380	0.00076	0.00380	0.00304	0.00304	0.85104
42	0.00857	0.00658	0.00975	0.17600	0.01579	0.00705	0.00952	0.01115	0.01149	0.01489	0.02340	0.04865	0.02479	0.01229	0.00668	0.00223	0.00517	0.59688	0.00421	0.00493
43	0.00743	0.00512	0.00633	0.00633	0.00659	0.00537	0.00403	0.00793	0.00768	0.01049	0.01549	0.02985	0.01704	0.60289	0.24069	0.00588	0.00741	0.00692	0.00301	0.00352
44	0.01064	0.00912	0.01064	0.00760	0.01216	0.00684	0.00608	0.01292	0.01064	0.01672	0.00912	0.01064	0.00760	0.00380	0.00380	0.00076	0.00380	0.00304	0.00304	0.85104
45	0.01844	0.00760	0.01032	0.00853	0.01154	0.00665	0.00678	0.02022	0.01366	0.57580	0.07450	0.18565	0.01959	0.00867	0.00551	0.00169	0.00394	0.00741	0.00597	0.00751
46	0.00733	0.00550	0.00825	0.00825	0.00916	0.00641	0.00641	0.00916	0.00825	0.01191	0.01374	0.02016	0.01283	0.03848	0.79934	0.00825	0.01374	0.00550	0.00275	0.00458
47	0.00733	0.00550	0.00825	0.00825	0.00916	0.00641	0.00641	0.00916	0.00825	0.01191	0.01374	0.02016	0.01283	0.03848	0.79934	0.00825	0.01374	0.00550	0.00275	0.00458
48	0.00631	0.00521	0.00554	0.00546	0.00708	0.00444	0.00410	0.00785	0.01229	0.01526	0.20498	0.04707	0.63171	0.01247	0.00606	0.00171	0.00256	0.01051	0.00495	0.00444
49	0.00746	0.00497	0.00560	0.00560	0.00560	0.00497	0.00311	0.00746	0.00746	0.00995	0.01617	0.03358	0.01865	0.81967	0.02612	0.00497	0.00497	0.00746	0.00311	0.00311
50	0.01997	0.02117	0.01399	0.01237	0.01529	0.63385	0.00942	0.02143	0.01457	0.17509	0.01050	0.01097	0.00788	0.00551	0.00474	0.00138	0.00823	0.00369	0.00342	0.00653
51	0.05637	0.01113	0.01196	0.00998	0.01304	0.01233	0.00798	0.32658	0.27253	0.02580	0.17619	0.01982	0.01916	0.00726	0.00526	0.00162	0.00436	0.00589	0.00517	0.00756
52	0.00625	0.00447	0.00595	0.00714	0.00744	0.00417	0.00476	0.00714	0.00982	0.01310	0.02828	0.81633	0.03394	0.01608	0.00655	0.00208	0.00298	0.01459	0.00476	0.00417
53	0.00761	0.00583	0.00713	0.00783	0.00867	0.00596	0.00546	0.01134	0.17025	0.01484	0.02674	0.64992	0.03012	0.01417	0.00627	0.00201	0.00320	0.01275	0.00486	0.00499
54	0.00683	0.00546	0.00597	0.00609	0.00754	0.00488	0.00446	0.04541	0.01192	0.01482	0.07066	0.25203	0.51893	0.01339	0.00615	0.00181	0.00285	0.01147	0.00482	0.00453
55	0.00837	0.00579	0.00747	0.00808	0.00896	0.00577	0.00622	0.05070	0.01103	0.02791	0.02427	0.27540	0.02714	0.18231	0.01076	0.00277	0.00430	0.32378	0.00445	0.00451
56	0.00625	0.00447	0.00595	0.00714	0.00744	0.00417	0.00476	0.00714	0.00982	0.01310	0.02828	0.81633	0.03394	0.01608	0.00655	0.00208	0.00298	0.01459	0.00476	0.00417
57	0.00625	0.00447	0.00595	0.00714	0.00744	0.00417	0.00476	0.00714	0.00982	0.01310	0.02828	0.81633	0.03394	0.01608	0.00655	0.00208	0.00298	0.01459	0.00476	0.00417
58	0.00862	0.00643	0.00777	0.00733	0.00878	0.00650	0.00544	0.01325	0.17306	0.03333	0.49069	0.10105	0.03753	0.06838	0.00735	0.00192	0.00303	0.00881	0.00531	0.00541
59	0.00625	0.00447	0.00595	0.00714	0.00744	0.00417	0.00476	0.00714	0.00982	0.01310	0.02828	0.81633	0.03394	0.01608	0.00655	0.00208	0.00298	0.01459	0.00476	0.00417
60	0.01123	0.01123	0.01572	0.01347	0.01347	0.01572	0.01123	0.01235	0.00786	0.01235	0.00674	0.01123	0.00674	0.00898	0.01684	0.00225	0.81028	0.00449	0.00225	0.00561
61	0.00651	0.00516	0.00585	0.00579	0.00723	0.00450	0.00430	0.00819	0.01259	0.01623	0.31509	0.09813	0.46764	0.01230	0.00609	0.00171	0.00256	0.01053	0.00508	0.00450
62	0.08115	0.00551	0.00569	0.00556	0.00689	0.00524	0.00398	0.00915	0.01087	0.01576	0.15520	0.03602	0.31737	0.17917	0.00961	0.00229	0.00315	0.00824	0.13481	0.00434
63	0.00891	0.00446	0.00668	0.00668	0.00668	0.00446	0.00446	0.00668	0.00668	0.00891	0.00891	0.01560	0.00891	0.01783	0.02005	0.85071	0.00446	0.00446	0.00223	0.00223
64	0.01276	0.01102	0.01160	0.01044	0.01334	0.01276	0.00812	0.02727	0.77840	0.02146	0.02088	0.01914	0.01566	0.00696	0.00522	0.00174	0.00406	0.00580	0.00522	0.00812
65	0.00736	0.00539	0.00769	0.00769	0.00842	0.00611	0.00572	0.00881	0.00808	0.01150	0.01425	0.02296	0.01404	0.20155	0.63794	0.00756	0.01191	0.00591	0.00282	0.00427
66	0.00752	0.00537	0.00741	0.00860	0.00945	0.00526	0.00697	0.00934	0.01108	0.01452	0.02758	0.33823	0.03116	0.01488	0.00689	0.00226	0.00408	0.48013	0.00474	0.00452
67	0.00606	0.00520	0.00520	0.00520	0.00693	0.00433	0.00390	0.00736	0.01170	0.01386	0.05198	0.04938	0.78558	0.01299	0.00606	0.00173	0.00260	0.01083	0.00476	0.00433
68	0.00667	0.00474	0.00601	0.00676	0.00719	0.00448	0.00453	0.00758	0.00990	0.01318	0.08696	0.51430	0.07352	0.18312	0.01059	0.00264	0.00341	0.04589	0.00449	0.00403
69	0.01185	0.01218	0.02332	0.18966	0.33864	0.01233	0.30452	0.01546	0.01155	0.01588	0.00982	0.01334	0.00773	0.00459	0.00546	0.00164	0.00723	0.00514	0.00251	0.00716
70	0.00640	0.00521	0.00566	0.00555	0.00713	0.00447	0.00416	0.00801	0.01248	0.01572	0.25538	0.04631	0.58102	0.01230	0.00606	0.00170	0.00255	0.01040	0.00501	0.00447
71	0.18759	0.00693	0.00802	0.00706	0.00923	0.00678	0.00554	0.01390	0.01335	0.17660	0.46828	0.02786	0.03226	0.00846	0.00527	0.00160	0.00314	0.00709	0.00527	0.00578
72	0.00704	0.00519	0.00629	0.00609	0.00715	0.00484	0.00435	0.00867	0.01208	0.01639	0.41841	0.03888	0.20699	0.18143	0.05177	0.00269	0.00359	0.00905	0.00477	0.00435
73	0.01249	0.37147	0.02269	0.18191	0.20597	0.01570	0.06386	0.01550	0.03909	0.01407	0.00889	0.01124	0.00743	0.00468	0.00437	0.00140	0.00608	0.00390	0.00243	0.00685
74	0.01768	0.01080	0.01268	0.01047	0.01385	0.01128	0.00871	0.35314	0.07079	0.23944	0.01821	0.02373	0.01465	0.00794	0.00555	0.00174	0.00499	0.16109	0.00539	0.00785
75	0.00623	0.00472	0.00575	0.00651	0.00729	0.00424	0.00450	0.00731	0.01058	0.01361	0.06350	0.54955	0.26786	0.01491	0.00638	0.00196	0.00284	0.01322	0.00480	0.00424
76	0.01165	0.01206	0.02311	0.21713	0.25261	0.01249	0.32375	0.01521	0.01132	0.01551	0.00967	0.01333	0.00760	0.00483	0.00608	0.00169	0.04738	0.00517	0.00248	0.00691
77	0.01678	0.01292	0.01751	0.02032	0.35829	0.01355	0.01222	0.37177	0.01780	0.09025	0.01181	0.01293	0.00880	0.00547	0.00511	0.00154	0.00574	0.00464	0.00409	0.00846
78	0.67877	0.00895	0.00740	0.00669	0.00945	0.01012	0.00541	0.01396	0.00994	0.02251	0.16950	0.01460	0.01450	0.00596	0.00378	0.00159	0.00365	0.00414	0.00369	0.00541
79	0.01179	0.00861	0.01564	0.01259	0.01535	0.00793	0.27079	0.01410	0.01163	0.17668	0.02039	0.37086	0.02042	0.00996	0.00609	0.00186	0.00524	0.00966	0.00434	0.00608

[dist]
# distance from previous block
# <min> <max>
1	4

[block]
# block no. 2 follows, 48 sequences, length 10
# corresponding to MSA columns:
# 548-557
name=unknown_C
#
# <colnr> <probs for GDERKNQSTAVLIFYWHMCP>
#	G	D	E	R	K	N	Q	S	T	A	V	L	I	F	Y	W	H	M	C	P
0	0.01249	0.01467	0.19973	0.40385	0.02696	0.01275	0.01415	0.21912	0.01415	0.01906	0.01001	0.01264	0.00727	0.00535	0.00507	0.00164	0.00669	0.00439	0.00303	0.00697
1	0.43969	0.01189	0.16901	0.00781	0.01133	0.00967	0.00776	0.01443	0.00975	0.02051	0.01031	0.01193	0.00792	0.00513	0.00364	0.00148	0.00427	0.00356	0.24414	0.00575
2	0.01326	0.59188	0.02785	0.01245	0.01706	0.01821	0.22577	0.01567	0.01091	0.01332	0.00806	0.00983	0.00693	0.00437	0.00408	0.00128	0.00639	0.00369	0.00231	0.00668
3	0.00945	0.00712	0.00815	0.00720	0.00916	0.00698	0.00559	0.16618	0.01570	0.02109	0.41608	0.03611	0.25070	0.01031	0.00587	0.00163	0.00314	0.00876	0.00529	0.00550
4	0.01435	0.01666	0.01497	0.41666	0.02576	0.39891	0.01212	0.01674	0.01237	0.01284	0.00854	0.01150	0.00673	0.00521	0.00488	0.00152	0.00803	0.00394	0.00246	0.00582
5	0.18843	0.01083	0.01086	0.00888	0.01211	0.01170	0.00722	0.39669	0.01740	0.02514	0.02257	0.02207	0.22980	0.00782	0.00499	0.00160	0.00443	0.00601	0.00462	0.00682
6	0.25618	0.01112	0.01096	0.00891	0.01215	0.01236	0.00728	0.39824	0.01697	0.02695	0.01175	0.01259	0.00874	0.00572	0.00425	0.00148	0.00450	0.00413	0.17870	0.00701
7	0.25476	0.23469	0.17690	0.01012	0.01476	0.01502	0.01019	0.19447	0.01327	0.02086	0.00879	0.00977	0.00678	0.00502	0.00402	0.00145	0.00552	0.00341	0.00317	0.00701
8	0.01915	0.05300	0.01566	0.01208	0.01578	0.23963	0.00976	0.52308	0.02078	0.02580	0.01084	0.01126	0.00803	0.00583	0.00491	0.00146	0.00667	0.00416	0.00429	0.00784
9	0.01015	0.25598	0.34157	0.01076	0.01532	0.01219	0.01189	0.01339	0.01042	0.01411	0.01404	0.23996	0.01436	0.00793	0.00488	0.00160	0.00565	0.00656	0.00292	0.00631

[dist]
# distance from previous block
# <min> <max>
12	77

# created by:
# /st0/software/busco_prod/Augustus/scripts/msa2prfl.pl ./align_prep/46758.fa
