[name]
unknown

[dist]
# distance from previous block
# <min> <max>
0	151

[block]
# block no. 0 follows, 53 sequences, length 72
# corresponding to MSA columns:
# 151-222
name=unknown_A
#
# <colnr> <probs for GDERKNQSTAVLIFYWHMCP>
#	G	D	E	R	K	N	Q	S	T	A	V	L	I	F	Y	W	H	M	C	P
0	0.00738	0.00618	0.04563	0.03786	0.00911	0.00539	0.00576	0.00921	0.01124	0.04697	0.30982	0.21044	0.15971	0.03565	0.00662	0.00177	0.03449	0.04773	0.00445	0.00457
1	0.01396	0.59272	0.05360	0.00946	0.01325	0.22344	0.00883	0.01558	0.01072	0.01152	0.00691	0.00801	0.00614	0.00432	0.00345	0.00110	0.00610	0.00273	0.00215	0.00602
2	0.00607	0.00420	0.00563	0.00657	0.00686	0.00394	0.00439	0.00673	0.00908	0.01215	0.05782	0.71957	0.03017	0.02839	0.00734	0.06763	0.00289	0.01255	0.00427	0.00375
3	0.09162	0.48752	0.18017	0.00965	0.01402	0.12130	0.00996	0.01508	0.01015	0.01303	0.00713	0.00829	0.00603	0.00432	0.00352	0.00119	0.00584	0.00283	0.00218	0.00616
4	0.01146	0.01435	0.23275	0.05953	0.40185	0.01077	0.01393	0.07168	0.01144	0.04629	0.01074	0.07400	0.00914	0.00535	0.00479	0.00150	0.00578	0.00480	0.00273	0.00710
5	0.00883	0.00448	0.00458	0.00458	0.00569	0.00452	0.00345	0.01103	0.00993	0.01755	0.01548	0.01786	0.01224	0.00679	0.03597	0.00138	0.00265	0.00448	0.82406	0.00445
6	0.00713	0.00521	0.00673	0.00662	0.00690	0.00579	0.00451	0.00779	0.00730	0.01014	0.01416	0.05982	0.01542	0.48287	0.27149	0.00528	0.07004	0.00644	0.00279	0.00355
7	0.01052	0.12463	0.62248	0.01327	0.01967	0.01202	0.07507	0.01532	0.01026	0.04150	0.00877	0.01021	0.00635	0.00449	0.00445	0.00146	0.00679	0.00362	0.00218	0.00694
8	0.00779	0.00650	0.00841	0.00783	0.00873	0.00733	0.00606	0.01031	0.07079	0.01580	0.36755	0.14749	0.10134	0.01018	0.00803	0.00173	0.19686	0.00821	0.00428	0.00478
9	0.00819	0.00526	0.00651	0.00598	0.00755	0.00467	0.00456	0.01010	0.01280	0.11088	0.49386	0.03631	0.25524	0.00997	0.00554	0.00153	0.00252	0.00860	0.00511	0.00481
10	0.01356	0.01174	0.01111	0.00991	0.01224	0.15798	0.00785	0.33148	0.02931	0.02000	0.01642	0.19354	0.01623	0.00886	0.00529	0.00164	0.00517	0.13735	0.00422	0.00609
11	0.14614	0.10602	0.02899	0.04362	0.04616	0.26047	0.15022	0.08215	0.01234	0.06828	0.00884	0.01022	0.00681	0.00469	0.00432	0.00137	0.00656	0.00373	0.00289	0.00620
12	0.00660	0.00437	0.00583	0.00673	0.00719	0.00405	0.00456	0.00751	0.00946	0.05083	0.04185	0.77321	0.03093	0.01443	0.00603	0.00191	0.00283	0.01306	0.00453	0.00410
13	0.00692	0.00514	0.00648	0.00613	0.00735	0.00484	0.00460	0.00964	0.05304	0.01858	0.68542	0.05273	0.10128	0.00990	0.00561	0.00153	0.00236	0.00870	0.00516	0.00462
14	0.02813	0.21230	0.22875	0.01146	0.03788	0.08671	0.01110	0.16957	0.11810	0.01756	0.00997	0.01071	0.00768	0.00505	0.00451	0.00138	0.02552	0.00368	0.00302	0.00692
15	0.01100	0.01805	0.40976	0.01649	0.17141	0.01156	0.08484	0.05581	0.14198	0.01682	0.01072	0.01205	0.00799	0.00482	0.00474	0.00152	0.00624	0.00422	0.00274	0.00724
16	0.05219	0.00838	0.01107	0.00852	0.01219	0.00746	0.00704	0.05209	0.01381	0.74725	0.01813	0.01577	0.01145	0.00585	0.00474	0.00148	0.00410	0.00471	0.00576	0.00803
17	0.86579	0.00924	0.00702	0.00629	0.00924	0.01072	0.00518	0.01405	0.00813	0.02144	0.00666	0.00776	0.00518	0.00444	0.00296	0.00148	0.00370	0.00259	0.00296	0.00518
18	0.01264	0.01283	0.14696	0.25307	0.11113	0.01122	0.11836	0.13142	0.03004	0.10971	0.01064	0.01256	0.00767	0.00489	0.00486	0.00153	0.00614	0.00442	0.00308	0.00682
19	0.00580	0.00438	0.00537	0.00610	0.00680	0.00395	0.00420	0.00679	0.00981	0.01264	0.05867	0.57363	0.25664	0.01396	0.00595	0.00183	0.00265	0.01240	0.00446	0.00395
20	0.00585	0.00485	0.00512	0.00505	0.00658	0.00412	0.00379	0.00725	0.01136	0.01403	0.18257	0.04416	0.66542	0.01169	0.00565	0.00159	0.00239	0.00983	0.00459	0.00412
21	0.01984	0.07159	0.01196	0.00839	0.01196	0.00796	0.00701	0.03825	0.01356	0.68133	0.06383	0.01665	0.01328	0.00600	0.00472	0.00144	0.00407	0.00485	0.00556	0.00777
22	0.01431	0.04109	0.03221	0.22653	0.08989	0.01211	0.01047	0.28780	0.05602	0.11663	0.01168	0.03023	0.00873	0.00562	0.00514	0.00151	0.03477	0.00452	0.00374	0.00701
23	0.01153	0.01255	0.01411	0.59092	0.02776	0.23853	0.01213	0.01416	0.01069	0.01207	0.00818	0.01157	0.00631	0.00482	0.00465	0.00149	0.00701	0.00392	0.00222	0.00538
24	0.01733	0.02190	0.01314	0.01197	0.01431	0.77363	0.00893	0.01850	0.01322	0.01158	0.00776	0.00972	0.00670	0.04505	0.00528	0.00140	0.00843	0.00327	0.00248	0.00541
25	0.01357	0.04851	0.30911	0.01109	0.01564	0.01162	0.01150	0.30205	0.01451	0.08051	0.01057	0.01182	0.00778	0.00776	0.04858	0.07490	0.00614	0.00402	0.00338	0.00693
26	0.10310	0.01233	0.04322	0.01357	0.01682	0.06182	0.27447	0.01826	0.26880	0.01681	0.01197	0.01331	0.00922	0.00550	0.00624	0.00163	0.10837	0.00483	0.00323	0.00649
27	0.01060	0.00945	0.05617	0.64770	0.06725	0.01027	0.01287	0.01374	0.01012	0.10218	0.00969	0.01296	0.00703	0.00487	0.00477	0.00157	0.00611	0.00427	0.00256	0.00583
28	0.01163	0.01189	0.02234	0.02513	0.48115	0.01165	0.30155	0.01533	0.04202	0.01567	0.00966	0.01246	0.00773	0.00426	0.00508	0.00150	0.00649	0.00482	0.00248	0.00715
29	0.01091	0.18180	0.28093	0.13252	0.01806	0.01250	0.01181	0.01713	0.21025	0.03301	0.03804	0.01298	0.00975	0.00519	0.00440	0.00145	0.00550	0.00412	0.00296	0.00668
30	0.00677	0.00476	0.00570	0.00553	0.00615	0.00453	0.00365	0.00784	0.01011	0.01385	0.35835	0.03432	0.08926	0.41226	0.01478	0.00304	0.00343	0.00793	0.00404	0.00368
31	0.00871	0.01042	0.17264	0.01015	0.05033	0.00747	0.06432	0.07023	0.01288	0.01820	0.42316	0.08677	0.02871	0.00811	0.00534	0.00154	0.00409	0.00722	0.00415	0.00555
32	0.00932	0.01315	0.28820	0.00997	0.01369	0.00849	0.07317	0.01443	0.13255	0.01620	0.01657	0.08162	0.07049	0.00647	0.00458	0.00148	0.00470	0.00553	0.22347	0.00594
33	0.01183	0.01136	0.01940	0.02934	0.80221	0.01136	0.01467	0.01467	0.01088	0.01562	0.00899	0.01183	0.00757	0.00426	0.00473	0.00142	0.00568	0.00426	0.00237	0.00757
34	0.01604	0.01196	0.01485	0.01151	0.01507	0.01281	0.10513	0.51442	0.07831	0.08020	0.01360	0.07988	0.01071	0.00636	0.00501	0.00152	0.00521	0.00535	0.00454	0.00753
35	0.21177	0.07664	0.01284	0.00985	0.01263	0.19730	0.00802	0.25091	0.01389	0.01982	0.00869	0.00987	0.00684	0.00540	0.00524	0.00142	0.09443	0.00349	0.04474	0.00621
36	0.01406	0.55277	0.02072	0.00909	0.01279	0.20555	0.00820	0.01558	0.01077	0.03864	0.00737	0.00835	0.00640	0.00431	0.00346	0.00106	0.00579	0.00278	0.00233	0.06998
37	0.00655	0.00589	0.00559	0.00547	0.00719	0.03418	0.00412	0.00864	0.06745	0.01338	0.04483	0.04260	0.71456	0.01144	0.00554	0.00160	0.00275	0.00949	0.00440	0.00434
38	0.01278	0.83490	0.02505	0.00818	0.01227	0.01891	0.00818	0.01431	0.00971	0.01125	0.00664	0.00767	0.00613	0.00409	0.00307	0.00102	0.00511	0.00256	0.00204	0.00613
39	0.00595	0.00421	0.00551	0.00650	0.00675	0.00396	0.00427	0.00669	0.00891	0.01188	0.02512	0.74221	0.03006	0.10378	0.00808	0.00223	0.00298	0.01287	0.00427	0.00378
40	0.00647	0.00466	0.00612	0.00621	0.00708	0.00431	0.00449	0.00828	0.01216	0.01699	0.55746	0.28415	0.04087	0.01140	0.00578	0.00164	0.00242	0.01019	0.00500	0.00431
41	0.01189	0.01027	0.01081	0.00973	0.01243	0.01189	0.00757	0.02540	0.79357	0.01999	0.01945	0.01783	0.01459	0.00648	0.00486	0.00162	0.00378	0.00540	0.00486	0.00757
42	0.01098	0.04350	0.51224	0.01493	0.02105	0.01131	0.23031	0.01573	0.01066	0.07030	0.00954	0.01123	0.00679	0.00448	0.00482	0.00152	0.00708	0.00418	0.00240	0.00694
43	0.01189	0.01027	0.01081	0.00973	0.01243	0.01189	0.00757	0.02540	0.79357	0.01999	0.01945	0.01783	0.01459	0.00648	0.00486	0.00162	0.00378	0.00540	0.00486	0.00757
44	0.01278	0.83490	0.02505	0.00818	0.01227	0.01891	0.00818	0.01431	0.00971	0.01125	0.00664	0.00767	0.00613	0.00409	0.00307	0.00102	0.00511	0.00256	0.00204	0.00613
45	0.01152	0.01223	0.02440	0.02411	0.36036	0.01177	0.45251	0.01503	0.01111	0.01544	0.00938	0.01243	0.00739	0.00413	0.00525	0.00153	0.00703	0.00504	0.00240	0.00693
46	0.01142	0.23597	0.22472	0.01510	0.02028	0.01358	0.36955	0.01513	0.01060	0.02704	0.00873	0.01084	0.00672	0.00421	0.00466	0.00143	0.00695	0.00427	0.00227	0.00655
47	0.00672	0.00488	0.00633	0.00597	0.00711	0.00449	0.00448	0.00894	0.01343	0.01893	0.77100	0.03610	0.07393	0.00986	0.00564	0.00151	0.00226	0.00870	0.00523	0.00449
48	0.00959	0.02472	0.80726	0.01362	0.02069	0.01110	0.01766	0.01514	0.01009	0.01514	0.00858	0.01009	0.00605	0.00454	0.00454	0.00151	0.00706	0.00353	0.00202	0.00706
49	0.01135	0.01128	0.01882	0.24447	0.34267	0.04670	0.16369	0.05126	0.01125	0.01505	0.00985	0.02305	0.01932	0.00471	0.00494	0.00151	0.00636	0.00468	0.00249	0.00656
50	0.00639	0.00468	0.00635	0.00733	0.00776	0.00464	0.00534	0.00750	0.00945	0.01260	0.02533	0.63976	0.02976	0.01435	0.00659	0.00200	0.03617	0.16564	0.00434	0.00404
51	0.00580	0.00423	0.00547	0.00646	0.00688	0.00390	0.00435	0.00668	0.00934	0.01228	0.02870	0.74521	0.11378	0.01467	0.00605	0.00191	0.00274	0.01321	0.00444	0.00390
52	0.00748	0.00566	0.00718	0.00774	0.00908	0.00558	0.00650	0.01033	0.07102	0.01484	0.09594	0.04782	0.20204	0.01215	0.00617	0.00196	0.00373	0.47568	0.00452	0.00457
53	0.01282	0.42056	0.20128	0.01205	0.07036	0.15616	0.03817	0.01540	0.01061	0.01266	0.00749	0.00886	0.00626	0.00435	0.00383	0.00122	0.00632	0.00310	0.00215	0.00635
54	0.74205	0.00968	0.00760	0.00676	0.00968	0.04110	0.00550	0.01504	0.04676	0.05099	0.02405	0.00918	0.00674	0.00472	0.00323	0.00148	0.00387	0.00295	0.00319	0.00541
55	0.00574	0.00466	0.00510	0.00538	0.00661	0.00401	0.00389	0.00689	0.01053	0.01298	0.07408	0.25825	0.55963	0.01279	0.00577	0.00170	0.00251	0.01098	0.00447	0.00401
56	0.01052	0.00977	0.01541	0.35398	0.06057	0.01122	0.12291	0.07180	0.14043	0.01538	0.01180	0.07032	0.00980	0.00599	0.00584	0.00164	0.06827	0.00529	0.00299	0.00606
57	0.04689	0.06969	0.09519	0.14403	0.07891	0.07220	0.06733	0.06792	0.01221	0.23770	0.03828	0.01320	0.00938	0.00523	0.00483	0.00146	0.02092	0.00432	0.00355	0.00677
58	0.01204	0.01323	0.11664	0.01998	0.34923	0.04279	0.06839	0.05449	0.01085	0.04652	0.02303	0.01183	0.00788	0.00549	0.00731	0.00160	0.19499	0.00431	0.00258	0.00680
59	0.00692	0.00476	0.00583	0.00583	0.00605	0.00497	0.00367	0.00735	0.00713	0.00973	0.01449	0.02814	0.01601	0.63197	0.22252	0.00540	0.00669	0.00649	0.00281	0.00324
60	0.00991	0.00850	0.00991	0.00708	0.01133	0.00637	0.00566	0.01203	0.00991	0.01557	0.00850	0.00991	0.00708	0.00354	0.00354	0.00071	0.00354	0.00283	0.00283	0.86124
61	0.01349	0.59273	0.06603	0.00936	0.01324	0.09494	0.00901	0.08814	0.01120	0.01331	0.00727	0.00839	0.00633	0.00456	0.00404	0.00116	0.04526	0.00291	0.00235	0.00627
62	0.01046	0.01046	0.01464	0.01255	0.01255	0.01464	0.01046	0.01150	0.00732	0.01150	0.00627	0.01046	0.00627	0.00837	0.01569	0.00209	0.82328	0.00418	0.00209	0.00523
63	0.01110	0.01139	0.05069	0.19749	0.55117	0.01124	0.06880	0.01421	0.01060	0.01485	0.00892	0.01203	0.00723	0.00437	0.00480	0.00147	0.00605	0.00432	0.00230	0.00699
64	0.00695	0.00463	0.00521	0.00521	0.00521	0.00463	0.00290	0.00695	0.00695	0.00927	0.01506	0.03128	0.01738	0.83203	0.02433	0.00463	0.00463	0.00695	0.00290	0.00290
65	0.00565	0.00484	0.00484	0.00484	0.00646	0.00403	0.00363	0.00686	0.01089	0.01291	0.04842	0.04600	0.80027	0.01210	0.00565	0.00161	0.00242	0.01009	0.00444	0.00403
66	0.86579	0.00924	0.00702	0.00629	0.00924	0.01072	0.00518	0.01405	0.00813	0.02144	0.00666	0.00776	0.00518	0.00444	0.00296	0.00148	0.00370	0.00259	0.00296	0.00518
67	0.00959	0.02472	0.80726	0.01362	0.02069	0.01110	0.01766	0.01514	0.01009	0.01514	0.00858	0.01009	0.00605	0.00454	0.00454	0.00151	0.00706	0.00353	0.00202	0.00706
68	0.00959	0.02472	0.80726	0.01362	0.02069	0.01110	0.01766	0.01514	0.01009	0.01514	0.00858	0.01009	0.00605	0.00454	0.00454	0.00151	0.00706	0.00353	0.00202	0.00706
69	0.02646	0.05502	0.66199	0.01263	0.01908	0.01090	0.01573	0.01610	0.01049	0.11385	0.00975	0.01072	0.00676	0.00469	0.00449	0.00149	0.00655	0.00363	0.00252	0.00713
70	0.01529	0.01171	0.01251	0.01015	0.01332	0.01310	0.00812	0.48181	0.26946	0.02527	0.01432	0.01504	0.01092	0.06914	0.00630	0.00174	0.00474	0.00486	0.00466	0.00755
71	0.08332	0.01250	0.01343	0.01036	0.01411	0.01366	0.00856	0.64373	0.02041	0.11433	0.01191	0.01172	0.00831	0.00566	0.00464	0.00144	0.00501	0.00423	0.00477	0.00790

[dist]
# distance from previous block
# <min> <max>
0	1

[block]
# block no. 1 follows, 53 sequences, length 200
# corresponding to MSA columns:
# 224-423
name=unknown_B
#
# <colnr> <probs for GDERKNQSTAVLIFYWHMCP>
#	G	D	E	R	K	N	Q	S	T	A	V	L	I	F	Y	W	H	M	C	P
0	0.14999	0.07304	0.55904	0.01164	0.01756	0.01120	0.01411	0.01560	0.01005	0.08311	0.00901	0.01008	0.00641	0.00461	0.00421	0.00147	0.00614	0.00342	0.00250	0.00679
1	0.70479	0.01050	0.07221	0.00747	0.02241	0.01054	0.00653	0.02730	0.00899	0.08175	0.00787	0.00873	0.00585	0.00458	0.00328	0.00148	0.00405	0.00289	0.00313	0.00564
2	0.25424	0.01067	0.01353	0.01678	0.33960	0.05596	0.00982	0.01692	0.02765	0.19509	0.01069	0.01163	0.00793	0.00477	0.00423	0.00144	0.00489	0.00387	0.00339	0.00691
3	0.00985	0.00883	0.01370	0.04113	0.37898	0.00835	0.02279	0.01240	0.01141	0.01646	0.23124	0.01871	0.02988	0.00580	0.00479	0.00132	0.00432	0.00532	0.00329	0.17143
4	0.01547	0.01179	0.01298	0.01383	0.18832	0.17503	0.00904	0.06113	0.01290	0.25124	0.07574	0.01581	0.04188	0.00600	0.00537	0.00144	0.05330	0.00475	0.03729	0.00672
5	0.01072	0.01577	0.28939	0.02111	0.39078	0.02219	0.08737	0.01453	0.01088	0.01563	0.06762	0.01306	0.00979	0.00475	0.00481	0.00147	0.00616	0.00445	0.00247	0.00703
6	0.00582	0.00416	0.00555	0.00666	0.00693	0.00388	0.00444	0.00666	0.00915	0.01220	0.02634	0.82891	0.03161	0.01497	0.00610	0.00194	0.00277	0.01359	0.00444	0.00388
7	0.01202	0.01033	0.01088	0.00975	0.01248	0.01195	0.00760	0.04184	0.77691	0.02021	0.01928	0.01770	0.01445	0.00647	0.00486	0.00162	0.00381	0.00538	0.00486	0.00758
8	0.01298	0.68907	0.09108	0.00903	0.01323	0.09286	0.00909	0.01483	0.01010	0.01162	0.00688	0.00796	0.00613	0.00421	0.00331	0.00108	0.00561	0.00269	0.00208	0.00616
9	0.01856	0.19130	0.04988	0.00903	0.01295	0.02814	0.00804	0.10985	0.01367	0.48853	0.01461	0.01338	0.00977	0.00541	0.00440	0.00137	0.00467	0.00416	0.00469	0.00759
10	0.00991	0.00850	0.00991	0.00708	0.01133	0.00637	0.00566	0.01203	0.00991	0.01557	0.00850	0.00991	0.00708	0.00354	0.00354	0.00071	0.00354	0.00283	0.00283	0.86124
11	0.01189	0.01027	0.01081	0.00973	0.01243	0.01189	0.00757	0.02540	0.79357	0.01999	0.01945	0.01783	0.01459	0.00648	0.00486	0.00162	0.00378	0.00540	0.00486	0.00757
12	0.00830	0.00415	0.00623	0.00623	0.00623	0.00415	0.00415	0.00623	0.00623	0.00830	0.00830	0.01453	0.00830	0.01660	0.01868	0.86094	0.00415	0.00415	0.00208	0.00208
13	0.00565	0.00484	0.00484	0.00484	0.00646	0.00403	0.00363	0.00686	0.01089	0.01291	0.04842	0.04600	0.80027	0.01210	0.00565	0.00161	0.00242	0.01009	0.00444	0.00403
14	0.00565	0.00484	0.00484	0.00484	0.00646	0.00403	0.00363	0.00686	0.01089	0.01291	0.04842	0.04600	0.80027	0.01210	0.00565	0.00161	0.00242	0.01009	0.00444	0.00403
15	0.01278	0.83490	0.02505	0.00818	0.01227	0.01891	0.00818	0.01431	0.00971	0.01125	0.00664	0.00767	0.00613	0.00409	0.00307	0.00102	0.00511	0.00256	0.00204	0.00613
16	0.00991	0.00850	0.00991	0.00708	0.01133	0.00637	0.00566	0.01203	0.00991	0.01557	0.00850	0.00991	0.00708	0.00354	0.00354	0.00071	0.00354	0.00283	0.00283	0.86124
17	0.00663	0.00488	0.00621	0.00588	0.00706	0.00445	0.00441	0.00877	0.01322	0.01843	0.71175	0.03691	0.13349	0.01004	0.00564	0.00152	0.00227	0.00881	0.00517	0.00445
18	0.01278	0.83490	0.02505	0.00818	0.01227	0.01891	0.00818	0.01431	0.00971	0.01125	0.00664	0.00767	0.00613	0.00409	0.00307	0.00102	0.00511	0.00256	0.00204	0.00613
19	0.86579	0.00924	0.00702	0.00629	0.00924	0.01072	0.00518	0.01405	0.00813	0.02144	0.00666	0.00776	0.00518	0.00444	0.00296	0.00148	0.00370	0.00259	0.00296	0.00518
20	0.01189	0.01027	0.01081	0.00973	0.01243	0.01189	0.00757	0.02540	0.79357	0.01999	0.01945	0.01783	0.01459	0.00648	0.00486	0.00162	0.00378	0.00540	0.00486	0.00757
21	0.00775	0.00546	0.00757	0.00862	0.00972	0.00546	0.00752	0.00995	0.01096	0.01445	0.02490	0.05240	0.02687	0.01288	0.00647	0.00216	0.00431	0.73799	0.04015	0.00440
22	0.01787	0.02239	0.01358	0.01226	0.01478	0.77943	0.00923	0.05120	0.01392	0.01247	0.00756	0.00874	0.00624	0.00496	0.00433	0.00124	0.00848	0.00313	0.00256	0.00565
23	0.00695	0.00463	0.00521	0.00521	0.00521	0.00463	0.00290	0.00695	0.00695	0.00927	0.01506	0.03128	0.01738	0.83203	0.02433	0.00463	0.00463	0.00695	0.00290	0.00290
24	0.00676	0.00489	0.00639	0.00601	0.00714	0.00451	0.00451	0.00902	0.01353	0.01917	0.79969	0.03570	0.04510	0.00977	0.00564	0.00150	0.00225	0.00864	0.00526	0.00451
25	0.01046	0.01046	0.01464	0.01255	0.01255	0.01464	0.01046	0.01150	0.00732	0.01150	0.00627	0.01046	0.00627	0.00837	0.01569	0.00209	0.82328	0.00418	0.00209	0.00523
26	0.03445	0.01127	0.01295	0.00995	0.01371	0.01172	0.00822	0.47624	0.01880	0.33115	0.01426	0.01327	0.00951	0.00578	0.00476	0.00145	0.00477	0.00447	0.00519	0.00808
27	0.00695	0.00465	0.00529	0.00529	0.00531	0.00467	0.00299	0.00700	0.00697	0.00932	0.01499	0.03091	0.01722	0.80873	0.04741	0.00472	0.00487	0.00690	0.00289	0.00294
28	0.00991	0.00850	0.00991	0.00708	0.01133	0.00637	0.00566	0.01203	0.00991	0.01557	0.00850	0.00991	0.00708	0.00354	0.00354	0.00071	0.00354	0.00283	0.00283	0.86124
29	0.01050	0.01060	0.01541	0.01298	0.01326	0.01449	0.05466	0.01172	0.00755	0.01172	0.00647	0.01060	0.00633	0.00812	0.01511	0.00206	0.77674	0.00427	0.00211	0.00530
30	0.01817	0.01339	0.01434	0.01100	0.01482	0.01482	0.00908	0.78627	0.02247	0.03012	0.01148	0.01148	0.00813	0.00574	0.00478	0.00143	0.00526	0.00430	0.00478	0.00813
31	0.01078	0.00500	0.00545	0.00506	0.00656	0.00484	0.00389	0.01295	0.01057	0.13556	0.01608	0.01759	0.01219	0.00562	0.00356	0.00117	0.00250	0.00451	0.73111	0.00500
32	0.00575	0.00485	0.00499	0.00495	0.00652	0.00408	0.00371	0.00706	0.01114	0.01349	0.11811	0.04504	0.73022	0.01189	0.00565	0.00160	0.00241	0.00995	0.00451	0.00408
33	0.01817	0.01339	0.01434	0.01100	0.01482	0.01482	0.00908	0.78627	0.02247	0.03012	0.01148	0.01148	0.00813	0.00574	0.00478	0.00143	0.00526	0.00430	0.00478	0.00813
34	0.00620	0.00486	0.00561	0.00542	0.00680	0.00427	0.00407	0.00793	0.01220	0.01601	0.42077	0.04090	0.42599	0.01095	0.00564	0.00156	0.00234	0.00937	0.00485	0.00427
35	0.48219	0.00874	0.00887	0.00729	0.01059	0.00904	0.00602	0.01825	0.01065	0.37766	0.01220	0.01163	0.00820	0.00511	0.00380	0.00148	0.00387	0.00360	0.00430	0.00652
36	0.00582	0.00416	0.00555	0.00666	0.00693	0.00388	0.00444	0.00666	0.00915	0.01220	0.02634	0.82891	0.03161	0.01497	0.00610	0.00194	0.00277	0.01359	0.00444	0.00388
37	0.00834	0.00696	0.01091	0.01513	0.30751	0.00679	0.00830	0.00992	0.01012	0.01404	0.10431	0.38583	0.02269	0.01044	0.00625	0.05073	0.00389	0.00898	0.00361	0.00524
38	0.00672	0.00488	0.00633	0.00597	0.00711	0.00449	0.00448	0.00894	0.01343	0.01893	0.77104	0.03610	0.07389	0.00986	0.00564	0.00151	0.00226	0.00870	0.00523	0.00449
39	0.03166	0.05156	0.14899	0.01327	0.06186	0.58596	0.01087	0.01789	0.01256	0.01268	0.00764	0.00901	0.00620	0.00478	0.00430	0.00129	0.00796	0.00320	0.00238	0.00593
40	0.01162	0.01114	0.01902	0.08949	0.74372	0.01130	0.01456	0.01448	0.01078	0.01536	0.00895	0.01190	0.00748	0.00430	0.00474	0.00143	0.00573	0.00426	0.00235	0.00740
41	0.00757	0.00581	0.00785	0.03259	0.00907	0.00556	0.03714	0.05354	0.01358	0.01883	0.62708	0.03361	0.11052	0.00936	0.00556	0.00152	0.00281	0.00827	0.00494	0.00478
42	0.01400	0.00967	0.01082	0.00929	0.01231	0.01044	0.00733	0.02415	0.56733	0.20257	0.01869	0.01702	0.01352	0.00618	0.00477	0.00154	0.00383	0.00512	0.00499	0.05643
43	0.00959	0.02472	0.80726	0.01362	0.02069	0.01110	0.01766	0.01514	0.01009	0.01514	0.00858	0.01009	0.00605	0.00454	0.00454	0.00151	0.00706	0.00353	0.00202	0.00706
44	0.00574	0.00462	0.00512	0.00551	0.00667	0.00401	0.00397	0.00684	0.01031	0.01270	0.04067	0.30791	0.53093	0.01308	0.00582	0.00173	0.00257	0.02338	0.00444	0.00399
45	0.50407	0.00877	0.00877	0.00724	0.01051	0.00914	0.00597	0.01801	0.01051	0.35734	0.01188	0.01141	0.00803	0.00507	0.00375	0.00148	0.00386	0.00354	0.00423	0.00644
46	0.00581	0.00476	0.00521	0.00543	0.00676	0.00417	0.00402	0.00701	0.01042	0.01273	0.04197	0.17511	0.60310	0.01401	0.05320	0.00204	0.00315	0.03274	0.00433	0.00403
47	0.00622	0.00486	0.00564	0.00544	0.00681	0.00428	0.00408	0.00797	0.01225	0.01613	0.43464	0.04071	0.41204	0.01091	0.00564	0.00156	0.00234	0.00935	0.00486	0.00428
48	0.00686	0.00498	0.00694	0.00694	0.00754	0.00557	0.00505	0.00806	0.00746	0.01055	0.01348	0.02252	0.01357	0.27397	0.57718	0.00677	0.01036	0.00567	0.00266	0.00386
49	0.01785	0.02278	0.01354	0.01231	0.01478	0.81284	0.00924	0.01909	0.01354	0.01170	0.00739	0.00862	0.00616	0.00493	0.00431	0.00123	0.00862	0.00308	0.00246	0.00554
50	0.00991	0.00850	0.00991	0.00708	0.01133	0.00637	0.00566	0.01203	0.00991	0.01557	0.00850	0.00991	0.00708	0.00354	0.00354	0.00071	0.00354	0.00283	0.00283	0.86124
51	0.00657	0.00503	0.00615	0.00649	0.00776	0.00461	0.00520	0.00831	0.01141	0.01468	0.20217	0.08800	0.34236	0.01211	0.00598	0.00180	0.00305	0.25944	0.00460	0.00425
52	0.00602	0.00431	0.00562	0.00642	0.00685	0.00402	0.00433	0.00702	0.00972	0.01306	0.13777	0.64207	0.05939	0.06076	0.00706	0.00202	0.00279	0.01238	0.00447	0.00392
53	0.25713	0.01746	0.27699	0.01303	0.09268	0.16489	0.05424	0.03119	0.01064	0.02925	0.00812	0.00959	0.00617	0.00457	0.00413	0.00144	0.00623	0.00340	0.00255	0.00628
54	0.01128	0.01289	0.02820	0.02015	0.02498	0.01209	0.78485	0.01531	0.01128	0.01531	0.00967	0.01289	0.00725	0.00403	0.00564	0.00161	0.00806	0.00564	0.00242	0.00645
55	0.00999	0.00936	0.01574	0.35545	0.39339	0.01021	0.01294	0.01275	0.01014	0.01382	0.01073	0.10391	0.00977	0.00568	0.00490	0.00155	0.00564	0.00530	0.00250	0.00622
56	0.00695	0.00463	0.00521	0.00521	0.00521	0.00463	0.00290	0.00695	0.00695	0.00927	0.01506	0.03128	0.01738	0.83203	0.02433	0.00463	0.00463	0.00695	0.00290	0.00290
57	0.01212	0.01036	0.01111	0.00987	0.01250	0.01206	0.00774	0.07099	0.70029	0.02011	0.01832	0.01718	0.01382	0.00709	0.02123	0.00175	0.03603	0.00528	0.00470	0.00744
58	0.02144	0.00813	0.01109	0.00850	0.01220	0.00702	0.00702	0.02329	0.01368	0.80552	0.01886	0.01627	0.01183	0.00592	0.00481	0.00148	0.00407	0.00481	0.00592	0.00813
59	0.00907	0.00858	0.01459	0.80567	0.03277	0.01065	0.02761	0.01227	0.00959	0.01227	0.00852	0.01275	0.00639	0.00476	0.00479	0.00159	0.00640	0.00427	0.00213	0.00533
60	0.00903	0.00850	0.01434	0.82054	0.03292	0.01062	0.01327	0.01221	0.00956	0.01221	0.00850	0.01274	0.00637	0.00478	0.00478	0.00159	0.00637	0.00425	0.00212	0.00531
61	0.86579	0.00924	0.00702	0.00629	0.00924	0.01072	0.00518	0.01405	0.00813	0.02144	0.00666	0.00776	0.00518	0.00444	0.00296	0.00148	0.00370	0.00259	0.00296	0.00518
62	0.01144	0.01170	0.02219	0.01978	0.19116	0.01224	0.39725	0.01439	0.01030	0.03948	0.00927	0.02497	0.00762	0.00533	0.00779	0.00168	0.19942	0.00509	0.00247	0.00642
63	0.86579	0.00924	0.00702	0.00629	0.00924	0.01072	0.00518	0.01405	0.00813	0.02144	0.00666	0.00776	0.00518	0.00444	0.00296	0.00148	0.00370	0.00259	0.00296	0.00518
64	0.02134	0.00830	0.01120	0.00858	0.01229	0.00728	0.00709	0.04803	0.01397	0.78038	0.01862	0.01611	0.01171	0.00591	0.00481	0.00148	0.00411	0.00479	0.00588	0.00813
65	0.00697	0.00470	0.00557	0.00557	0.00573	0.00483	0.00337	0.00727	0.00712	0.00971	0.01473	0.02912	0.01645	0.69530	0.14396	0.00503	0.00583	0.00663	0.01897	0.00313
66	0.00659	0.00486	0.00706	0.00745	0.00815	0.00534	0.00563	0.00807	0.00830	0.01160	0.01746	0.25599	0.01856	0.02847	0.53204	0.00570	0.00940	0.05195	0.00321	0.00416
67	0.01785	0.02278	0.01354	0.01231	0.01478	0.81284	0.00924	0.01909	0.01354	0.01170	0.00739	0.00862	0.00616	0.00493	0.00431	0.00123	0.00862	0.00308	0.00246	0.00554
68	0.75172	0.02579	0.05342	0.00709	0.01028	0.05802	0.00618	0.01441	0.00859	0.02033	0.00681	0.00795	0.00530	0.00447	0.00313	0.00146	0.00420	0.00267	0.00286	0.00532
69	0.01204	0.01313	0.01887	0.25870	0.20177	0.16888	0.21326	0.01517	0.02565	0.01383	0.00890	0.01186	0.00698	0.00453	0.00490	0.00149	0.00705	0.00440	0.00237	0.00621
70	0.01099	0.00926	0.01461	0.45007	0.07713	0.00996	0.06692	0.05886	0.01090	0.07248	0.00955	0.01234	0.00715	0.00460	0.00461	0.00140	0.00568	0.00413	0.00273	0.16664
71	0.00573	0.00487	0.00495	0.00500	0.00659	0.00409	0.00379	0.00698	0.01090	0.01297	0.04752	0.04631	0.77011	0.01215	0.00569	0.00164	0.00250	0.03974	0.00444	0.00405
72	0.01080	0.01088	0.01691	0.24538	0.08708	0.04307	0.13870	0.02679	0.05560	0.01350	0.00860	0.01201	0.00709	0.00600	0.00875	0.00174	0.29438	0.00448	0.00240	0.00585
73	0.00781	0.00520	0.00678	0.00624	0.00757	0.00481	0.00473	0.01025	0.02787	0.07024	0.73465	0.03411	0.04238	0.00946	0.00557	0.00150	0.00240	0.00834	0.00530	0.00480
74	0.01817	0.01339	0.01434	0.01100	0.01482	0.01482	0.00908	0.78627	0.02247	0.03012	0.01148	0.01148	0.00813	0.00574	0.00478	0.00143	0.00526	0.00430	0.00478	0.00813
75	0.74892	0.04076	0.05744	0.00689	0.01018	0.01091	0.00613	0.01448	0.00853	0.05057	0.00724	0.00823	0.00552	0.00449	0.00313	0.00146	0.00397	0.00273	0.00298	0.00544
76	0.01032	0.01765	0.36262	0.01670	0.02236	0.01133	0.42187	0.01488	0.01075	0.01514	0.01082	0.01307	0.03993	0.00459	0.00517	0.00157	0.00739	0.00492	0.00233	0.00661
77	0.01148	0.01084	0.01695	0.11093	0.38366	0.01152	0.08962	0.01791	0.26258	0.01661	0.01237	0.01397	0.00966	0.00501	0.00487	0.00152	0.00539	0.00476	0.00315	0.00720
78	0.03933	0.14094	0.34773	0.08441	0.01851	0.03419	0.07094	0.06885	0.01145	0.08792	0.04493	0.01187	0.00859	0.00491	0.00446	0.00144	0.00610	0.00396	0.00280	0.00667
79	0.00595	0.00432	0.00544	0.00624	0.00669	0.00400	0.00417	0.00679	0.00928	0.01220	0.05209	0.61508	0.13237	0.10194	0.00798	0.00217	0.00291	0.01226	0.00430	0.00382
80	0.25717	0.01438	0.19723	0.01040	0.03593	0.06211	0.00972	0.14367	0.07196	0.13778	0.01081	0.01112	0.00771	0.00508	0.00418	0.00147	0.00517	0.00371	0.00358	0.00682
81	0.02607	0.01167	0.01742	0.12540	0.49250	0.08432	0.04315	0.01424	0.01051	0.01439	0.00877	0.01189	0.00737	0.00629	0.04696	0.00180	0.06400	0.00421	0.00235	0.00668
82	0.02071	0.00932	0.01182	0.00906	0.01279	0.00878	0.00749	0.19500	0.01566	0.63102	0.01720	0.01519	0.01100	0.00588	0.00480	0.00147	0.00434	0.00469	0.00566	0.00813
83	0.00582	0.00416	0.00555	0.00666	0.00693	0.00388	0.00444	0.00666	0.00915	0.01220	0.02634	0.82891	0.03161	0.01497	0.00610	0.00194	0.00277	0.01359	0.00444	0.00388
84	0.00967	0.00560	0.00680	0.00611	0.00802	0.00487	0.00472	0.01134	0.01230	0.19884	0.27427	0.06128	0.35767	0.01004	0.00546	0.00156	0.00276	0.00853	0.00504	0.00513
85	0.01099	0.00932	0.01007	0.00931	0.01173	0.01060	0.00733	0.02233	0.64614	0.01902	0.04657	0.02373	0.04775	0.00760	0.00512	0.00168	0.00375	0.09519	0.00481	0.00696
86	0.01421	0.01111	0.01190	0.00985	0.01291	0.01239	0.00789	0.38215	0.33860	0.02444	0.07917	0.01731	0.04310	0.00660	0.00492	0.00152	0.00431	0.00532	0.00484	0.00746
87	0.00959	0.02472	0.80726	0.01362	0.02069	0.01110	0.01766	0.01514	0.01009	0.01514	0.00858	0.01009	0.00605	0.00454	0.00454	0.00151	0.00706	0.00353	0.00202	0.00706
88	0.00695	0.00463	0.00521	0.00521	0.00521	0.00463	0.00290	0.00695	0.00695	0.00927	0.01506	0.03128	0.01738	0.83203	0.02433	0.00463	0.00463	0.00695	0.00290	0.00290
89	0.86579	0.00924	0.00702	0.00629	0.00924	0.01072	0.00518	0.01405	0.00813	0.02144	0.00666	0.00776	0.00518	0.00444	0.00296	0.00148	0.00370	0.00259	0.00296	0.00518
90	0.01213	0.01039	0.01095	0.00978	0.01252	0.01200	0.00762	0.05509	0.76348	0.02039	0.01914	0.01758	0.01434	0.00646	0.00486	0.00161	0.00384	0.00536	0.00486	0.00759
91	0.01647	0.01341	0.01313	0.01070	0.01404	0.10712	0.00860	0.45358	0.23957	0.05287	0.01352	0.01311	0.00986	0.00586	0.00475	0.00147	0.00519	0.00449	0.00457	0.00767
92	0.00903	0.00850	0.01434	0.82054	0.03292	0.01062	0.01327	0.01221	0.00956	0.01221	0.00850	0.01274	0.00637	0.00478	0.00478	0.00159	0.00637	0.00425	0.00212	0.00531
93	0.01191	0.61403	0.23829	0.00966	0.01456	0.01678	0.01076	0.01454	0.00982	0.01231	0.00717	0.00833	0.00611	0.00421	0.00347	0.00116	0.00564	0.00282	0.00204	0.00639
94	0.01164	0.01882	0.48400	0.01174	0.01744	0.01067	0.01344	0.10637	0.07639	0.07132	0.01050	0.01129	0.00754	0.00480	0.00448	0.00140	0.00589	0.00377	0.00296	0.12556
95	0.01242	0.17352	0.42554	0.01265	0.04826	0.01187	0.06531	0.01631	0.01074	0.14942	0.01006	0.01094	0.00721	0.00463	0.00437	0.00140	0.00613	0.00372	0.00274	0.02275
96	0.01171	0.01124	0.01919	0.06196	0.77049	0.01133	0.01461	0.01457	0.01083	0.01547	0.00897	0.01187	0.00752	0.00428	0.00473	0.00143	0.00571	0.00426	0.00236	0.00748
97	0.00852	0.00662	0.00810	0.00836	0.00981	0.00701	0.00671	0.01388	0.24443	0.01630	0.12616	0.16735	0.02665	0.01103	0.00587	0.00189	0.00367	0.31771	0.00466	0.00527
98	0.01143	0.01205	0.08559	0.19511	0.37843	0.04436	0.07096	0.01501	0.04866	0.04731	0.01035	0.04096	0.00846	0.00496	0.00483	0.00150	0.00599	0.00465	0.00263	0.00676
99	0.00689	0.00494	0.00627	0.00590	0.00714	0.00449	0.00444	0.00900	0.01318	0.03279	0.68615	0.03671	0.14419	0.01001	0.00562	0.00152	0.00231	0.00876	0.00516	0.00451
100	0.00712	0.00540	0.00663	0.00623	0.00757	0.00516	0.00470	0.01033	0.08817	0.01849	0.63337	0.03524	0.13398	0.00974	0.00556	0.00153	0.00242	0.00851	0.00512	0.00475
101	0.01014	0.01031	0.00963	0.01072	0.08552	0.22261	0.00721	0.01137	0.01046	0.01237	0.01770	0.33965	0.01976	0.07816	0.00745	0.00196	0.03933	0.09747	0.00348	0.00472
102	0.01024	0.02422	0.74605	0.01347	0.02023	0.04253	0.01700	0.04469	0.01070	0.01557	0.00864	0.01009	0.00614	0.00460	0.00454	0.00150	0.00706	0.00354	0.00214	0.00704
103	0.01785	0.02278	0.01354	0.01231	0.01478	0.81284	0.00924	0.01909	0.01354	0.01170	0.00739	0.00862	0.00616	0.00493	0.00431	0.00123	0.00862	0.00308	0.00246	0.00554
104	0.00639	0.00464	0.00518	0.00532	0.00589	0.00435	0.00338	0.00695	0.00867	0.01110	0.05194	0.14146	0.26135	0.44503	0.01556	0.00325	0.00363	0.00885	0.00365	0.00343
105	0.24154	0.04468	0.13782	0.01114	0.04519	0.07397	0.08470	0.06267	0.03694	0.20126	0.01093	0.01137	0.00775	0.00492	0.00425	0.00146	0.00535	0.00384	0.00352	0.00669
106	0.01206	0.01193	0.01831	0.02691	0.70111	0.07104	0.01377	0.01487	0.02362	0.01527	0.00968	0.04197	0.00847	0.00474	0.00475	0.00143	0.00576	0.00453	0.00249	0.00728
107	0.00647	0.00477	0.00614	0.00695	0.00777	0.00449	0.00531	0.00784	0.01014	0.01313	0.05133	0.37841	0.17543	0.03985	0.00675	0.00204	0.00329	0.26144	0.00440	0.00407
108	0.01164	0.00615	0.00798	0.00690	0.00892	0.00558	0.00538	0.03846	0.01350	0.26644	0.44190	0.06052	0.08932	0.00880	0.00537	0.00152	0.00296	0.00760	0.00536	0.00571
109	0.01073	0.01096	0.09268	0.33685	0.26986	0.01012	0.01276	0.01382	0.01029	0.05519	0.00920	0.01198	0.00710	0.00448	0.00457	0.00140	0.00571	0.00401	0.00249	0.12580
110	0.01156	0.01061	0.01850	0.06125	0.41752	0.01081	0.15879	0.01479	0.04146	0.06048	0.05632	0.04035	0.01084	0.00536	0.00573	0.00154	0.05924	0.00515	0.00288	0.00683
111	0.01153	0.00658	0.00811	0.00697	0.00909	0.00619	0.00547	0.07590	0.04354	0.21836	0.37483	0.02891	0.13635	0.00851	0.00524	0.00150	0.00304	0.00724	0.03688	0.00577
112	0.01046	0.01046	0.01464	0.01255	0.01255	0.01464	0.01046	0.01150	0.00732	0.01150	0.00627	0.01046	0.00627	0.00837	0.01569	0.00209	0.82328	0.00418	0.00209	0.00523
113	0.86579	0.00924	0.00702	0.00629	0.00924	0.01072	0.00518	0.01405	0.00813	0.02144	0.00666	0.00776	0.00518	0.00444	0.00296	0.00148	0.00370	0.00259	0.00296	0.00518
114	0.00629	0.00460	0.00579	0.00652	0.00718	0.00431	0.00469	0.00739	0.00970	0.01263	0.05892	0.43101	0.16525	0.10902	0.00821	0.00223	0.00319	0.14488	0.00428	0.00391
115	0.00903	0.00850	0.01434	0.82054	0.03292	0.01062	0.01327	0.01221	0.00956	0.01221	0.00850	0.01274	0.00637	0.00478	0.00478	0.00159	0.00637	0.00425	0.00212	0.00531
116	0.01177	0.00772	0.00907	0.00785	0.01000	0.00791	0.00632	0.24236	0.01544	0.08907	0.29689	0.02713	0.04020	0.00821	0.00516	0.00152	0.00357	0.09902	0.10493	0.00587
117	0.00624	0.00456	0.00593	0.00691	0.00736	0.00440	0.00474	0.00785	0.05400	0.01273	0.02591	0.75237	0.03048	0.01442	0.00605	0.00193	0.00289	0.04264	0.00446	0.00411
118	0.86579	0.00924	0.00702	0.00629	0.00924	0.01072	0.00518	0.01405	0.00813	0.02144	0.00666	0.00776	0.00518	0.00444	0.00296	0.00148	0.00370	0.00259	0.00296	0.00518
119	0.11776	0.01230	0.01311	0.01016	0.01387	0.01345	0.00839	0.60821	0.01978	0.11821	0.01176	0.01159	0.00821	0.00561	0.00457	0.00144	0.00494	0.00416	0.00470	0.00778
120	0.02144	0.00813	0.01109	0.00850	0.01220	0.00702	0.00702	0.02329	0.01368	0.80552	0.01886	0.01627	0.01183	0.00592	0.00481	0.00148	0.00407	0.00481	0.00592	0.00813
121	0.01973	0.00775	0.01054	0.00821	0.01161	0.00673	0.00673	0.02162	0.01366	0.71348	0.11025	0.01854	0.01573	0.00637	0.00490	0.00148	0.00385	0.00526	0.00584	0.00771
122	0.00582	0.00416	0.00555	0.00666	0.00693	0.00388	0.00444	0.00666	0.00915	0.01220	0.02634	0.82891	0.03161	0.01497	0.00610	0.00194	0.00277	0.01359	0.00444	0.00388
123	0.01785	0.02278	0.01354	0.01231	0.01478	0.81284	0.00924	0.01909	0.01354	0.01170	0.00739	0.00862	0.00616	0.00493	0.00431	0.00123	0.00862	0.00308	0.00246	0.00554
124	0.00728	0.00532	0.00714	0.00808	0.00920	0.00518	0.00689	0.00925	0.01087	0.01396	0.02883	0.10102	0.14327	0.01315	0.00643	0.00210	0.00400	0.60931	0.00441	0.00431
125	0.01702	0.00849	0.01007	0.00802	0.01102	0.00837	0.00653	0.22230	0.01498	0.37661	0.01597	0.01544	0.01097	0.00577	0.00438	0.00136	0.00386	0.00457	0.24718	0.00709
126	0.00767	0.00549	0.00770	0.00876	0.00985	0.00552	0.00763	0.00985	0.01086	0.01417	0.02478	0.05244	0.02686	0.01415	0.04036	0.00243	0.00475	0.73802	0.00432	0.00440
127	0.00676	0.00489	0.00639	0.00601	0.00714	0.00451	0.00451	0.00902	0.01353	0.01917	0.79969	0.03570	0.04510	0.00977	0.00564	0.00150	0.00225	0.00864	0.00526	0.00451
128	0.02144	0.00813	0.01109	0.00850	0.01220	0.00702	0.00702	0.02329	0.01368	0.80552	0.01886	0.01627	0.01183	0.00592	0.00481	0.00148	0.00407	0.00481	0.00592	0.00813
129	0.00613	0.00466	0.00684	0.00743	0.00796	0.00435	0.04898	0.00715	0.00927	0.01238	0.02539	0.78233	0.03022	0.01435	0.00607	0.00192	0.00307	0.01313	0.00432	0.00403
130	0.86579	0.00924	0.00702	0.00629	0.00924	0.01072	0.00518	0.01405	0.00813	0.02144	0.00666	0.00776	0.00518	0.00444	0.00296	0.00148	0.00370	0.00259	0.00296	0.00518
131	0.32146	0.00873	0.00977	0.00781	0.01125	0.00864	0.00645	0.04978	0.01205	0.49654	0.01423	0.01306	0.00932	0.00538	0.00415	0.00148	0.00398	0.00400	0.00482	0.00708
132	0.02097	0.00803	0.01094	0.00842	0.01204	0.00694	0.00694	0.02283	0.01368	0.78016	0.04404	0.01690	0.01290	0.00604	0.00483	0.00148	0.00401	0.00493	0.00589	0.00802
133	0.01240	0.74007	0.11660	0.00882	0.01325	0.01800	0.00929	0.01441	0.00976	0.01170	0.00687	0.00795	0.00612	0.00414	0.00324	0.00108	0.00534	0.00267	0.00204	0.00624
134	0.01270	0.00597	0.00746	0.00650	0.00830	0.00544	0.00482	0.01404	0.01090	0.32009	0.08056	0.07024	0.06622	0.22666	0.00997	0.00230	0.00362	0.00645	0.13233	0.00541
135	0.01727	0.01946	0.01272	0.01145	0.01391	0.64494	0.00868	0.01862	0.01303	0.10456	0.00922	0.01044	0.00735	0.00786	0.07812	0.00185	0.00847	0.00347	0.00288	0.00573
136	0.00684	0.00506	0.00739	0.00739	0.00814	0.00581	0.00561	0.00835	0.00759	0.01088	0.01307	0.02027	0.01260	0.13103	0.71879	0.00732	0.01183	0.00534	0.00260	0.00410
137	0.00996	0.11955	0.71570	0.01299	0.01970	0.01201	0.01655	0.01504	0.01005	0.01468	0.00835	0.00981	0.00606	0.00449	0.00437	0.00146	0.00684	0.00342	0.00202	0.00695
138	0.00703	0.00469	0.00545	0.00547	0.00561	0.00476	0.00327	0.00732	0.00722	0.00987	0.01507	0.03004	0.01687	0.71266	0.09272	0.00471	0.00525	0.02071	0.03818	0.00311
139	0.86579	0.00924	0.00702	0.00629	0.00924	0.01072	0.00518	0.01405	0.00813	0.02144	0.00666	0.00776	0.00518	0.00444	0.00296	0.00148	0.00370	0.00259	0.00296	0.00518
140	0.00787	0.00544	0.00604	0.00553	0.00749	0.00457	0.00425	0.00933	0.01147	0.10656	0.12901	0.03928	0.57593	0.01062	0.00543	0.00153	0.00266	0.00889	0.00461	0.05350
141	0.01046	0.01046	0.01464	0.01255	0.01255	0.01464	0.01046	0.01150	0.00732	0.01150	0.00627	0.01046	0.00627	0.00837	0.01569	0.00209	0.82328	0.00418	0.00209	0.00523
142	0.02144	0.00813	0.01109	0.00850	0.01220	0.00702	0.00702	0.02329	0.01368	0.80552	0.01886	0.01627	0.01183	0.00592	0.00481	0.00148	0.00407	0.00481	0.00592	0.00813
143	0.00830	0.00415	0.00623	0.00623	0.00623	0.00415	0.00415	0.00623	0.00623	0.00830	0.00830	0.01453	0.00830	0.01660	0.01868	0.86094	0.00415	0.00415	0.00208	0.00208
144	0.01278	0.83490	0.02505	0.00818	0.01227	0.01891	0.00818	0.01431	0.00971	0.01125	0.00664	0.00767	0.00613	0.00409	0.00307	0.00102	0.00511	0.00256	0.00204	0.00613
145	0.00649	0.00494	0.00619	0.00606	0.00730	0.00464	0.00464	0.00834	0.01171	0.01578	0.40885	0.03735	0.26935	0.01458	0.12639	0.00250	0.00400	0.05202	0.00456	0.00432
146	0.01532	0.00634	0.00785	0.00653	0.00896	0.00577	0.00522	0.01735	0.01189	0.42064	0.01726	0.01703	0.01204	0.00575	0.00409	0.00130	0.00317	0.00463	0.42253	0.00634
147	0.02144	0.00813	0.01109	0.00850	0.01220	0.00702	0.00702	0.02329	0.01368	0.80552	0.01886	0.01627	0.01183	0.00592	0.00481	0.00148	0.00407	0.00481	0.00592	0.00813
148	0.71696	0.00966	0.00812	0.00697	0.01007	0.01098	0.00574	0.10498	0.01014	0.06853	0.00794	0.00870	0.00591	0.00468	0.00328	0.00147	0.00390	0.00292	0.00335	0.00570
149	0.01215	0.63045	0.20627	0.00950	0.01427	0.01702	0.01040	0.03003	0.01006	0.01253	0.00719	0.00831	0.00616	0.00423	0.00344	0.00114	0.00557	0.00282	0.00209	0.00639
150	0.00599	0.00425	0.00547	0.00638	0.00666	0.00400	0.00418	0.00671	0.00888	0.01179	0.02543	0.68213	0.05654	0.13700	0.00881	0.00233	0.00304	0.01247	0.00421	0.00374
151	0.00571	0.00459	0.00510	0.00551	0.00663	0.00398	0.00393	0.00678	0.01026	0.01265	0.04034	0.33241	0.51907	0.01315	0.00581	0.00173	0.00255	0.01137	0.00444	0.00398
152	0.00676	0.00489	0.00639	0.00601	0.00714	0.00451	0.00451	0.00902	0.01353	0.01917	0.79969	0.03570	0.04510	0.00977	0.00564	0.00150	0.00225	0.00864	0.00526	0.00451
153	0.02600	0.00815	0.01346	0.73702	0.03030	0.01007	0.01238	0.01179	0.00950	0.01240	0.00993	0.07996	0.00843	0.00561	0.00485	0.00162	0.00602	0.00498	0.00233	0.00519
154	0.00959	0.02472	0.80726	0.01362	0.02069	0.01110	0.01766	0.01514	0.01009	0.01514	0.00858	0.01009	0.00605	0.00454	0.00454	0.00151	0.00706	0.00353	0.00202	0.00706
155	0.02144	0.00813	0.01109	0.00850	0.01220	0.00702	0.00702	0.02329	0.01368	0.80552	0.01886	0.01627	0.01183	0.00592	0.00481	0.00148	0.00407	0.00481	0.00592	0.00813
156	0.86579	0.00924	0.00702	0.00629	0.00924	0.01072	0.00518	0.01405	0.00813	0.02144	0.00666	0.00776	0.00518	0.00444	0.00296	0.00148	0.00370	0.00259	0.00296	0.00518
157	0.86579	0.00924	0.00702	0.00629	0.00924	0.01072	0.00518	0.01405	0.00813	0.02144	0.00666	0.00776	0.00518	0.00444	0.00296	0.00148	0.00370	0.00259	0.00296	0.00518
158	0.00677	0.00489	0.00643	0.00607	0.00719	0.00456	0.00456	0.00900	0.01334	0.01891	0.77417	0.03515	0.04402	0.01062	0.03182	0.00170	0.00260	0.00853	0.00517	0.00450
159	0.00845	0.00586	0.00668	0.00628	0.00774	0.00601	0.00477	0.01300	0.17352	0.01879	0.38342	0.02678	0.04495	0.00786	0.00478	0.00141	0.00257	0.00673	0.26528	0.00511
160	0.00597	0.00465	0.00528	0.00575	0.00685	0.00411	0.00420	0.00716	0.01028	0.01293	0.03807	0.31335	0.45389	0.01296	0.00580	0.00175	0.00268	0.06816	0.03213	0.00402
161	0.01278	0.83490	0.02505	0.00818	0.01227	0.01891	0.00818	0.01431	0.00971	0.01125	0.00664	0.00767	0.00613	0.00409	0.00307	0.00102	0.00511	0.00256	0.00204	0.00613
162	0.00999	0.00857	0.00995	0.00719	0.01137	0.00660	0.00574	0.01258	0.04196	0.01576	0.00894	0.01024	0.00739	0.00366	0.00359	0.00075	0.00355	0.00294	0.00291	0.82633
163	0.01974	0.00948	0.01174	0.00913	0.01274	0.00920	0.00750	0.20347	0.07602	0.54983	0.01711	0.01528	0.01118	0.00591	0.00478	0.00147	0.00430	0.00473	0.01835	0.00803
164	0.86579	0.00924	0.00702	0.00629	0.00924	0.01072	0.00518	0.01405	0.00813	0.02144	0.00666	0.00776	0.00518	0.00444	0.00296	0.00148	0.00370	0.00259	0.00296	0.00518
165	0.79543	0.07735	0.00851	0.00644	0.00949	0.01140	0.00542	0.01407	0.00826	0.02060	0.00665	0.00776	0.00526	0.00441	0.00297	0.00144	0.00381	0.00259	0.00288	0.00526
166	0.01146	0.09268	0.22515	0.01210	0.10957	0.03980	0.01055	0.01540	0.07380	0.06168	0.00985	0.01094	0.00763	0.00437	0.00412	0.00118	0.00513	0.00350	0.00282	0.29827
167	0.00651	0.00445	0.00534	0.00578	0.00589	0.00434	0.00350	0.00683	0.00782	0.01042	0.01951	0.34582	0.02299	0.50983	0.01714	0.00357	0.00390	0.00957	0.00350	0.00328
168	0.01278	0.83490	0.02505	0.00818	0.01227	0.01891	0.00818	0.01431	0.00971	0.01125	0.00664	0.00767	0.00613	0.00409	0.00307	0.00102	0.00511	0.00256	0.00204	0.00613
