[name]
unknown

[dist]
# distance from previous block
# <min> <max>
0	194

[block]
# block no. 0 follows, 41 sequences, length 6
# corresponding to MSA columns:
# 226-231
name=unknown_A
#
# <colnr> <probs for GDERKNQSTAVLIFYWHMCP>
#	G	D	E	R	K	N	Q	S	T	A	V	L	I	F	Y	W	H	M	C	P
0	0.01008	0.00887	0.01159	0.01438	0.19198	0.00874	0.00886	0.01464	0.13916	0.01786	0.03768	0.04043	0.37468	0.01121	0.00646	0.00195	0.00437	0.08565	0.00479	0.00662
1	0.00915	0.00742	0.01049	0.19587	0.01677	0.00769	0.00819	0.01114	0.01053	0.01456	0.01782	0.22391	0.01878	0.12894	0.14734	0.00366	0.00699	0.00837	0.00364	0.14873
2	0.00914	0.00748	0.00879	0.00843	0.01033	0.00790	0.00648	0.01445	0.19090	0.01749	0.10051	0.03526	0.27541	0.02177	0.25467	0.00426	0.00728	0.00864	0.00480	0.00599
3	0.01073	0.00921	0.01226	0.24630	0.02028	0.00993	0.00969	0.01651	0.19058	0.01755	0.01937	0.23651	0.01868	0.00941	0.00594	0.00185	0.00508	0.00829	0.00426	0.14758
4	0.01086	0.00831	0.00912	0.00835	0.01057	0.00824	0.00637	0.20367	0.01638	0.02112	0.07834	0.22229	0.34803	0.01314	0.00661	0.00196	0.00389	0.01115	0.00547	0.00612
5	0.00947	0.00727	0.00888	0.00879	0.00996	0.00801	0.00632	0.01420	0.18901	0.01550	0.02072	0.15788	0.02080	0.23085	0.26070	0.00530	0.00807	0.00852	0.00422	0.00555

[dist]
# distance from previous block
# <min> <max>
5	106

[block]
# block no. 1 follows, 41 sequences, length 38
# corresponding to MSA columns:
# 342-379
name=unknown_B
#
# <colnr> <probs for GDERKNQSTAVLIFYWHMCP>
#	G	D	E	R	K	N	Q	S	T	A	V	L	I	F	Y	W	H	M	C	P
0	0.01417	0.01156	0.01370	0.01163	0.01518	0.01238	0.05183	0.02587	0.50791	0.07162	0.02074	0.04611	0.01607	0.00853	0.03050	0.00202	0.00512	0.00633	0.00529	0.12343
1	0.00863	0.00650	0.00804	0.00858	0.00968	0.00634	0.00601	0.04400	0.08276	0.01672	0.02862	0.63776	0.03281	0.01561	0.00690	0.00217	0.00363	0.01403	0.00526	0.05595
2	0.80168	0.01080	0.00827	0.00742	0.01086	0.01249	0.00609	0.01666	0.00984	0.02547	0.00845	0.00984	0.00658	0.00537	0.00356	0.00175	0.00434	0.00320	0.04118	0.00616
3	0.01258	0.25409	0.55456	0.01441	0.02183	0.01600	0.01784	0.01783	0.01194	0.01676	0.00959	0.01123	0.00727	0.00528	0.00492	0.00164	0.00777	0.00389	0.00242	0.00813
4	0.75764	0.01096	0.00913	0.05536	0.01294	0.01266	0.00687	0.01710	0.01009	0.05313	0.00865	0.01004	0.00658	0.00540	0.00376	0.00178	0.00464	0.00332	0.00361	0.00634
5	0.01169	0.01084	0.01505	0.01319	0.01364	0.01454	0.01080	0.04424	0.00963	0.01451	0.01008	0.01590	0.00975	0.04538	0.20666	0.00424	0.53562	0.00541	0.00281	0.00602
6	0.01625	0.01756	0.02118	0.02919	0.54670	0.23507	0.01567	0.01909	0.01395	0.01732	0.01020	0.01304	0.00857	0.00533	0.00552	0.00163	0.00782	0.00469	0.00286	0.00835
7	0.01607	0.01758	0.02372	0.01839	0.02209	0.19573	0.31367	0.09699	0.04074	0.01846	0.01073	0.01364	0.00855	0.00647	0.00872	0.00192	0.17040	0.00548	0.00323	0.00742
8	0.00810	0.00585	0.00765	0.00720	0.00855	0.00540	0.00540	0.01079	0.01619	0.02294	0.76028	0.04273	0.05397	0.01169	0.00675	0.00180	0.00270	0.01034	0.00630	0.00540
9	0.01263	0.01203	0.02045	0.37730	0.43307	0.01319	0.01679	0.01621	0.01230	0.01683	0.01049	0.01466	0.00841	0.00538	0.00569	0.00179	0.00717	0.00509	0.00270	0.00783
10	0.00715	0.00581	0.00633	0.00620	0.00796	0.00499	0.00465	0.00896	0.01395	0.01763	0.26197	0.05147	0.55559	0.01367	0.00676	0.00189	0.00284	0.01157	0.00560	0.00499
11	0.83938	0.01106	0.00841	0.00752	0.01106	0.01283	0.00619	0.01681	0.00973	0.02566	0.00796	0.00929	0.00619	0.00531	0.00354	0.00177	0.00442	0.00310	0.00354	0.00619
12	0.01432	0.01659	0.03107	0.02266	0.02786	0.09812	0.62820	0.01860	0.01358	0.01764	0.01108	0.01473	0.00848	0.00518	0.00714	0.00191	0.04611	0.00633	0.00288	0.00753
13	0.00697	0.00498	0.00664	0.00796	0.00830	0.00465	0.00531	0.00796	0.01095	0.01460	0.03153	0.79525	0.03783	0.01792	0.00730	0.00232	0.00332	0.01626	0.00531	0.00465
14	0.01797	0.01827	0.01327	0.01173	0.01438	0.38487	0.00903	0.14980	0.01661	0.02009	0.01252	0.01422	0.00992	0.00646	0.00547	0.00152	0.03868	0.00448	0.24390	0.00680
15	0.01423	0.01229	0.01293	0.01164	0.01487	0.01423	0.00905	0.03039	0.75297	0.02393	0.02328	0.02134	0.01746	0.00776	0.00582	0.00194	0.00453	0.00647	0.00582	0.00905
16	0.00872	0.00859	0.01392	0.01111	0.01417	0.00763	0.21879	0.01115	0.01317	0.01629	0.04447	0.04354	0.54244	0.01168	0.00676	0.00193	0.00486	0.01053	0.00461	0.00567
17	0.00756	0.00572	0.00698	0.00689	0.00828	0.00514	0.00508	0.00968	0.01460	0.01969	0.46286	0.14274	0.25729	0.01330	0.00682	0.00190	0.00284	0.01160	0.00588	0.00514
18	0.83938	0.01106	0.00841	0.00752	0.01106	0.01283	0.00619	0.01681	0.00973	0.02566	0.00796	0.00929	0.00619	0.00531	0.00354	0.00177	0.00442	0.00310	0.00354	0.00619
19	0.01850	0.01590	0.01496	0.01263	0.01631	0.14133	0.01004	0.29286	0.31479	0.05480	0.01751	0.01775	0.01320	0.00730	0.00573	0.00179	0.00617	0.02425	0.00534	0.00883
20	0.00704	0.00503	0.00670	0.00792	0.00831	0.00469	0.00531	0.00814	0.01127	0.01511	0.07626	0.74905	0.03882	0.01754	0.00727	0.00229	0.00328	0.01590	0.00537	0.00469
21	0.01331	0.01313	0.01082	0.00980	0.01202	0.23054	0.00745	0.08236	0.03401	0.02062	0.34085	0.03065	0.11706	0.00958	0.00605	0.00170	0.00531	0.00782	0.04074	0.00617
22	0.00922	0.00658	0.00922	0.01053	0.01185	0.00658	0.00922	0.01185	0.01317	0.01712	0.03029	0.06452	0.03292	0.01580	0.00790	0.00263	0.00527	0.72480	0.00527	0.00527
23	0.02256	0.01403	0.01585	0.01223	0.01670	0.01488	0.01008	0.50531	0.05519	0.24794	0.01671	0.01573	0.01135	0.00697	0.00573	0.00174	0.00580	0.00538	0.00612	0.00970
24	0.00810	0.00585	0.00765	0.00720	0.00855	0.00540	0.00540	0.01079	0.01619	0.02294	0.76028	0.04273	0.05397	0.01169	0.00675	0.00180	0.00270	0.01034	0.00630	0.00540
25	0.02480	0.01112	0.01413	0.01083	0.01529	0.01046	0.00895	0.18566	0.01869	0.60620	0.02062	0.01821	0.01318	0.00703	0.00575	0.00176	0.00518	0.00562	0.00678	0.00973
26	0.00817	0.00613	0.00919	0.00919	0.01021	0.00715	0.00715	0.01021	0.00919	0.01328	0.01532	0.02247	0.01430	0.04290	0.77631	0.00919	0.01532	0.00613	0.00306	0.00511
27	0.01080	0.01017	0.01716	0.78523	0.03940	0.01271	0.01589	0.01461	0.01144	0.01461	0.01017	0.01525	0.00762	0.00572	0.00572	0.00191	0.00762	0.00508	0.00254	0.00635
28	0.01423	0.01229	0.01293	0.01164	0.01487	0.01423	0.00905	0.03039	0.75297	0.02393	0.02328	0.02134	0.01746	0.00776	0.00582	0.00194	0.00453	0.00647	0.00582	0.00905
29	0.01416	0.01359	0.02322	0.03511	0.76330	0.01359	0.01755	0.01755	0.01302	0.01869	0.01076	0.01416	0.00906	0.00510	0.00566	0.00170	0.00680	0.00510	0.00283	0.00906
30	0.00768	0.00576	0.00727	0.00821	0.00934	0.00536	0.00636	0.00936	0.01231	0.01571	0.03878	0.33064	0.24623	0.01620	0.00735	0.00232	0.00386	0.25704	0.00530	0.00491
31	0.01423	0.01229	0.01293	0.01164	0.01487	0.01423	0.00905	0.03039	0.75297	0.02393	0.02328	0.02134	0.01746	0.00776	0.00582	0.00194	0.00453	0.00647	0.00582	0.00905
32	0.00721	0.00572	0.00592	0.00592	0.00729	0.00504	0.00409	0.00824	0.01167	0.01418	0.04635	0.04993	0.54596	0.24238	0.01325	0.00298	0.00367	0.01098	0.00478	0.00443
33	0.01948	0.01490	0.01589	0.01270	0.01688	0.01668	0.01032	0.52915	0.24566	0.03240	0.01661	0.01603	0.01206	0.00714	0.00575	0.00178	0.00576	0.00555	0.00575	0.00952
34	0.01186	0.01017	0.01186	0.00847	0.01356	0.00762	0.00678	0.01440	0.01186	0.01864	0.01017	0.01186	0.00847	0.00424	0.00424	0.00085	0.00424	0.00339	0.00339	0.83395
35	0.01473	0.01254	0.01322	0.01174	0.01506	0.01446	0.00917	0.07785	0.70470	0.02473	0.02265	0.02083	0.01695	0.00770	0.00581	0.00193	0.00464	0.00638	0.00581	0.00910
36	0.01843	0.01192	0.01892	0.01450	0.01889	0.01160	0.22172	0.02512	0.21079	0.32440	0.04756	0.01967	0.01495	0.00678	0.00610	0.00186	0.00608	0.00641	0.00550	0.00880
37	0.10400	0.01151	0.01327	0.01096	0.01485	0.01206	0.02393	0.07616	0.32697	0.28556	0.02010	0.01847	0.01412	0.00702	0.00552	0.00181	0.00485	0.00568	0.00588	0.03729

[dist]
# distance from previous block
# <min> <max>
0	14

[block]
# block no. 2 follows, 41 sequences, length 25
# corresponding to MSA columns:
# 394-418
name=unknown_C
#
# <colnr> <probs for GDERKNQSTAVLIFYWHMCP>
#	G	D	E	R	K	N	Q	S	T	A	V	L	I	F	Y	W	H	M	C	P
0	0.24382	0.01339	0.09531	0.19760	0.02181	0.01302	0.05475	0.06638	0.06181	0.12012	0.01226	0.01399	0.00890	0.00614	0.00584	0.00186	0.04698	0.00472	0.00385	0.00746
1	0.01176	0.02289	0.47215	0.15703	0.02806	0.01353	0.15429	0.01738	0.01212	0.01738	0.01040	0.01329	0.00759	0.00552	0.00615	0.00187	0.03332	0.00488	0.00253	0.00787
2	0.01786	0.14169	0.03469	0.01262	0.01656	0.11461	0.02946	0.31152	0.13604	0.02476	0.01471	0.01515	0.03280	0.00686	0.00599	0.00169	0.04513	0.00506	0.02447	0.00834
3	0.02059	0.06696	0.01795	0.01503	0.01824	0.69211	0.05387	0.02228	0.01581	0.01422	0.00896	0.01056	0.00744	0.00578	0.00517	0.00149	0.01006	0.00383	0.00292	0.00673
4	0.01474	0.01152	0.01375	0.01171	0.01519	0.01246	0.06126	0.02663	0.51973	0.11092	0.02534	0.02369	0.08819	0.00802	0.00593	0.00189	0.00477	0.00686	0.00564	0.03175
5	0.00676	0.00579	0.00579	0.00579	0.00773	0.00483	0.00435	0.00821	0.01304	0.01545	0.05794	0.05505	0.76098	0.01449	0.00676	0.00193	0.00290	0.01207	0.00531	0.00483
6	0.00922	0.00658	0.00922	0.01053	0.01185	0.00658	0.00922	0.01185	0.01317	0.01712	0.03029	0.06452	0.03292	0.01580	0.00790	0.00263	0.00527	0.72480	0.00527	0.00527
7	0.00706	0.00527	0.00658	0.00754	0.00833	0.00480	0.00526	0.00829	0.01171	0.01517	0.06000	0.56143	0.21177	0.01681	0.00718	0.00223	0.00329	0.04721	0.00534	0.00474
8	0.01443	0.20304	0.02484	0.02903	0.58351	0.01576	0.01569	0.01745	0.01269	0.01743	0.01008	0.01296	0.00865	0.00505	0.00518	0.00158	0.00663	0.00461	0.00274	0.00865
9	0.02174	0.01602	0.01717	0.01316	0.01774	0.01774	0.01087	0.74423	0.02689	0.03605	0.01373	0.01373	0.00973	0.00687	0.00572	0.00172	0.00629	0.00515	0.00572	0.00973
10	0.01675	0.61626	0.02667	0.01098	0.01540	0.20356	0.01009	0.01850	0.01272	0.01359	0.00817	0.00945	0.00735	0.00513	0.00403	0.00128	0.00713	0.00321	0.00257	0.00717
11	0.01251	0.01251	0.01752	0.01502	0.01502	0.01752	0.01251	0.01377	0.00876	0.01377	0.00751	0.01251	0.00751	0.01001	0.01877	0.00250	0.78851	0.00501	0.00250	0.00626
12	0.00832	0.00555	0.00624	0.00624	0.00624	0.00555	0.00347	0.00832	0.00832	0.01109	0.01802	0.03743	0.02080	0.79898	0.02911	0.00555	0.00555	0.00832	0.00347	0.00347
13	0.01055	0.00967	0.01604	0.54651	0.12824	0.01136	0.01419	0.01379	0.01156	0.01514	0.01411	0.15643	0.01328	0.00785	0.00600	0.00195	0.00674	0.00711	0.00308	0.00640
14	0.01223	0.01109	0.01531	0.11060	0.15279	0.01063	0.01061	0.01492	0.01161	0.01751	0.00993	0.01278	0.00835	0.00533	0.00658	0.00135	0.10748	0.00412	0.00307	0.47371
15	0.10225	0.15429	0.01679	0.01068	0.01489	0.01286	0.05143	0.10178	0.05320	0.33521	0.01657	0.01596	0.01153	0.00635	0.00507	0.00165	0.00529	0.00499	0.07075	0.00844
16	0.01438	0.19952	0.11522	0.01117	0.01545	0.05465	0.01035	0.13973	0.18999	0.02068	0.02194	0.02156	0.14666	0.00776	0.00539	0.00169	0.00571	0.00603	0.00433	0.00779
17	0.01943	0.32697	0.02129	0.01137	0.01585	0.07807	0.00995	0.24209	0.05541	0.14778	0.01303	0.01301	0.00974	0.00609	0.00488	0.00152	0.00621	0.00437	0.00444	0.00850
18	0.01851	0.01247	0.01334	0.01071	0.01472	0.07160	0.00858	0.16002	0.14134	0.24014	0.05386	0.01923	0.04661	0.00708	0.00553	0.00161	0.00521	0.00566	0.00550	0.15829
19	0.05907	0.01510	0.01725	0.01652	0.15208	0.10417	0.05372	0.24536	0.04947	0.02411	0.01177	0.01317	0.00913	0.00565	0.00525	0.00151	0.00641	0.00460	0.00405	0.20163
20	0.01646	0.01438	0.01748	0.01841	0.19551	0.06006	0.01227	0.20049	0.19926	0.04166	0.01419	0.01544	0.01105	0.00718	0.00806	0.00190	0.14790	0.00537	0.00434	0.00859
21	0.01334	0.14441	0.02014	0.01279	0.01736	0.01209	0.19473	0.05387	0.01390	0.05027	0.13138	0.01769	0.01595	0.00595	0.00532	0.00142	0.00582	0.00550	0.00385	0.27422
22	0.12013	0.01664	0.01522	0.15462	0.10156	0.26431	0.01136	0.07663	0.08886	0.01929	0.04777	0.01563	0.03143	0.00647	0.00534	0.00171	0.00724	0.00496	0.00366	0.00717
23	0.01401	0.01127	0.01273	0.01114	0.01358	0.11184	0.04724	0.05936	0.07350	0.11482	0.03497	0.09703	0.01611	0.05248	0.23135	0.00410	0.03364	0.00679	0.00426	0.04977
24	0.09272	0.01675	0.02175	0.01677	0.02118	0.15280	0.28534	0.18074	0.09764	0.02268	0.01290	0.02962	0.00998	0.00609	0.00585	0.00179	0.00786	0.00566	0.00396	0.00791

[dist]
# distance from previous block
# <min> <max>
5	25

[block]
# block no. 3 follows, 41 sequences, length 43
# corresponding to MSA columns:
# 446-468,470-489
name=unknown_D
#
# <colnr> <probs for GDERKNQSTAVLIFYWHMCP>
#	G	D	E	R	K	N	Q	S	T	A	V	L	I	F	Y	W	H	M	C	P
0	0.01342	0.34060	0.44946	0.01350	0.02040	0.01691	0.01619	0.01800	0.01202	0.03782	0.00969	0.01112	0.00748	0.00526	0.00473	0.00157	0.00741	0.00380	0.00256	0.00804
1	0.01292	0.01233	0.02098	0.31197	0.49612	0.01326	0.01694	0.01647	0.01244	0.01718	0.01054	0.01456	0.00853	0.00533	0.00568	0.00178	0.00710	0.00509	0.00272	0.00806
2	0.01269	0.01209	0.02057	0.36289	0.44697	0.01320	0.01682	0.01627	0.01233	0.01691	0.01050	0.01463	0.00843	0.00537	0.00569	0.00179	0.00716	0.00509	0.00270	0.00788
3	0.00864	0.00598	0.00701	0.00668	0.00807	0.00553	0.00479	0.01036	0.01266	0.03749	0.25113	0.03987	0.22369	0.18730	0.05710	0.00302	0.00424	0.00926	0.08414	0.03302
4	0.00684	0.00580	0.00590	0.00588	0.00777	0.00486	0.00441	0.00836	0.01322	0.01589	0.09906	0.05433	0.71959	0.01432	0.00676	0.00192	0.00289	0.01197	0.00537	0.00486
5	0.01512	0.76848	0.06245	0.01007	0.01512	0.02222	0.01029	0.01717	0.01164	0.01366	0.00805	0.00930	0.00734	0.00492	0.00375	0.00125	0.00622	0.00311	0.00245	0.00739
6	0.00683	0.00552	0.00607	0.00651	0.00791	0.00477	0.00466	0.00813	0.01235	0.01517	0.04922	0.29954	0.52212	0.01562	0.00694	0.00206	0.00304	0.01346	0.00531	0.00477
7	0.01273	0.28486	0.52513	0.01415	0.02143	0.01637	0.01739	0.01779	0.01193	0.01658	0.00950	0.01112	0.00728	0.00526	0.00485	0.00162	0.00768	0.00384	0.00243	0.00809
8	0.01416	0.01359	0.02322	0.03511	0.76330	0.01359	0.01755	0.01755	0.01302	0.01869	0.01076	0.01416	0.00906	0.00510	0.00566	0.00170	0.00680	0.00510	0.00283	0.00906
9	0.01186	0.01017	0.01186	0.00847	0.01356	0.00762	0.00678	0.01440	0.01186	0.01864	0.01017	0.01186	0.00847	0.00424	0.00424	0.00085	0.00424	0.00339	0.00339	0.83395
10	0.00771	0.00551	0.00749	0.00881	0.00947	0.00529	0.00660	0.00925	0.01168	0.01543	0.03112	0.55389	0.03621	0.01722	0.00750	0.00243	0.00396	0.25029	0.00530	0.00485
11	0.01080	0.01017	0.01716	0.78523	0.03940	0.01271	0.01589	0.01461	0.01144	0.01461	0.01017	0.01525	0.00762	0.00572	0.00572	0.00191	0.00762	0.00508	0.00254	0.00635
12	0.01190	0.00899	0.01017	0.00774	0.01171	0.00735	0.00613	0.04277	0.01249	0.02010	0.01278	0.01469	0.01032	0.00505	0.00423	0.00102	0.00386	0.00402	0.24424	0.56043
13	0.83938	0.01106	0.00841	0.00752	0.01106	0.01283	0.00619	0.01681	0.00973	0.02566	0.00796	0.00929	0.00619	0.00531	0.00354	0.00177	0.00442	0.00310	0.00354	0.00619
14	0.02442	0.00977	0.01315	0.01002	0.01451	0.00834	0.00826	0.02667	0.01597	0.70005	0.02145	0.01879	0.01365	0.00682	0.00562	0.00169	0.00481	0.00554	0.00675	0.08373
15	0.00832	0.00555	0.00624	0.00624	0.00624	0.00555	0.00347	0.00832	0.00832	0.01109	0.01802	0.03743	0.02080	0.79898	0.02911	0.00555	0.00555	0.00832	0.00347	0.00347
16	0.01325	0.00993	0.01122	0.01004	0.01276	0.01078	0.00779	0.02369	0.44226	0.09156	0.26665	0.02823	0.02922	0.00900	0.00612	0.00188	0.00395	0.00768	0.00609	0.00791
17	0.01529	0.80242	0.02997	0.00979	0.01468	0.02263	0.00979	0.01713	0.01162	0.01346	0.00795	0.00918	0.00734	0.00489	0.00367	0.00122	0.00612	0.00306	0.00245	0.00734
18	0.01411	0.00778	0.01010	0.00929	0.01176	0.00730	0.00749	0.01757	0.07712	0.24440	0.18492	0.10838	0.06286	0.01141	0.00662	0.00202	0.00422	0.17538	0.00603	0.03124
19	0.47456	0.01243	0.01166	0.00957	0.01347	0.01386	0.00788	0.25798	0.01606	0.09556	0.01146	0.01199	0.00830	0.00602	0.00447	0.00174	0.00504	0.00407	0.02624	0.00766
20	0.01305	0.01246	0.02121	0.28288	0.52419	0.01330	0.01700	0.01658	0.01250	0.01734	0.01056	0.01452	0.00859	0.00530	0.00568	0.00177	0.00707	0.00509	0.00274	0.00817
21	0.00734	0.00526	0.00697	0.00771	0.00838	0.00489	0.00534	0.00890	0.01268	0.01735	0.27224	0.54669	0.04316	0.01586	0.00712	0.00215	0.00311	0.01431	0.00564	0.00489
22	0.01265	0.01205	0.02049	0.37291	0.43730	0.01319	0.01680	0.01623	0.01231	0.01685	0.01049	0.01465	0.00841	0.00538	0.00569	0.00179	0.00717	0.00509	0.00270	0.00784
23	0.01372	0.01482	0.03027	0.02774	0.27214	0.01418	0.50307	0.01807	0.01334	0.01844	0.01130	0.01501	0.00880	0.00491	0.00639	0.00185	0.00870	0.00620	0.00287	0.00816
24	0.00929	0.00710	0.00993	0.00931	0.01031	0.00806	0.00709	0.01048	0.00906	0.01315	0.01352	0.02141	0.01315	0.12279	0.42775	0.10887	0.11100	0.00586	0.00300	0.07890
25	0.01372	0.01185	0.01245	0.01125	0.01439	0.01359	0.00874	0.02890	0.70317	0.02336	0.02561	0.02361	0.06750	0.00821	0.00588	0.00194	0.00442	0.00684	0.00579	0.00877
26	0.01173	0.08160	0.71958	0.01586	0.02408	0.01391	0.02037	0.01805	0.01205	0.01780	0.01011	0.01188	0.00725	0.00540	0.00532	0.00177	0.00830	0.00415	0.00242	0.00838
27	0.01460	0.54124	0.09369	0.01387	0.10798	0.01982	0.01183	0.01809	0.06644	0.01531	0.00962	0.01110	0.00830	0.00541	0.00492	0.00145	0.04208	0.00376	0.00274	0.00773
28	0.01481	0.74881	0.02847	0.00961	0.01427	0.02147	0.00949	0.01670	0.01193	0.01410	0.05858	0.01143	0.01048	0.00535	0.00388	0.00126	0.00589	0.00355	0.00271	0.00721
29	0.00853	0.00628	0.00821	0.00809	0.00846	0.00703	0.00559	0.00939	0.00883	0.01229	0.01714	0.08129	0.01863	0.42447	0.28006	0.00631	0.07387	0.00783	0.00337	0.00433
30	0.00846	0.00671	0.00776	0.00731	0.00917	0.00630	0.00552	0.01229	0.10196	0.02019	0.39448	0.06356	0.28428	0.01209	0.00658	0.00184	0.00305	0.01040	0.00579	0.03226
31	0.00697	0.00498	0.00664	0.00796	0.00830	0.00465	0.00531	0.00796	0.01095	0.01460	0.03153	0.79525	0.03783	0.01792	0.00730	0.00232	0.00332	0.01626	0.00531	0.00465
32	0.01186	0.01017	0.01186	0.00847	0.01356	0.00762	0.00678	0.01440	0.01186	0.01864	0.01017	0.01186	0.00847	0.00424	0.00424	0.00085	0.00424	0.00339	0.00339	0.83395
33	0.01147	0.02959	0.76934	0.01630	0.02476	0.01328	0.02113	0.01811	0.01208	0.01811	0.01026	0.01208	0.00725	0.00543	0.00543	0.00181	0.00845	0.00423	0.00242	0.00845
34	0.01423	0.01229	0.01293	0.01164	0.01487	0.01423	0.00905	0.03039	0.75297	0.02393	0.02328	0.02134	0.01746	0.00776	0.00582	0.00194	0.00453	0.00647	0.00582	0.00905
35	0.01186	0.01017	0.01186	0.00847	0.01356	0.00762	0.00678	0.01440	0.01186	0.01864	0.01017	0.01186	0.00847	0.00424	0.00424	0.00085	0.00424	0.00339	0.00339	0.83395
36	0.01186	0.01017	0.01186	0.00847	0.01356	0.00762	0.00678	0.01440	0.01186	0.01864	0.01017	0.01186	0.00847	0.00424	0.00424	0.00085	0.00424	0.00339	0.00339	0.83395
37	0.00830	0.00561	0.00658	0.00658	0.00670	0.00573	0.00389	0.00854	0.00842	0.01134	0.01771	0.03570	0.02005	0.71168	0.11539	0.00597	0.00667	0.00807	0.00342	0.00366
38	0.01486	0.02511	0.52090	0.01526	0.02244	0.01476	0.01774	0.25795	0.01697	0.02404	0.01141	0.01262	0.00807	0.00591	0.00553	0.00178	0.00774	0.00453	0.00351	0.00887
39	0.00994	0.00497	0.00745	0.00745	0.00745	0.00497	0.00497	0.00745	0.00745	0.00994	0.00994	0.01739	0.00994	0.01987	0.02235	0.83358	0.00497	0.00497	0.00248	0.00248
40	0.00713	0.00509	0.00682	0.00815	0.00855	0.00478	0.00559	0.00824	0.01111	0.01478	0.03144	0.74322	0.03748	0.01777	0.00734	0.00235	0.00346	0.06671	0.00531	0.00469
41	0.00697	0.00498	0.00664	0.00796	0.00830	0.00465	0.00531	0.00796	0.01095	0.01460	0.03153	0.79525	0.03783	0.01792	0.00730	0.00232	0.00332	0.01626	0.00531	0.00465
42	0.01145	0.01049	0.01585	0.44876	0.08194	0.01126	0.01288	0.01473	0.01160	0.01621	0.01012	0.01396	0.00800	0.00533	0.00567	0.00156	0.03293	0.00452	0.00284	0.27990

[dist]
# distance from previous block
# <min> <max>
3	16

[block]
# block no. 4 follows, 41 sequences, length 9
# corresponding to MSA columns:
# 507-515
name=unknown_E
#
# <colnr> <probs for GDERKNQSTAVLIFYWHMCP>
#	G	D	E	R	K	N	Q	S	T	A	V	L	I	F	Y	W	H	M	C	P
0	0.01964	0.27283	0.02135	0.01206	0.01674	0.01934	0.01052	0.50679	0.02191	0.02867	0.01184	0.01224	0.00895	0.00622	0.00505	0.00156	0.00624	0.00447	0.00465	0.00895
1	0.00866	0.00727	0.01031	0.26103	0.01853	0.00768	0.00869	0.01138	0.01365	0.01792	0.29164	0.03806	0.23218	0.01068	0.00646	0.00191	0.00447	0.03918	0.00476	0.00555
2	0.01025	0.02183	0.52043	0.01320	0.01939	0.01066	0.01590	0.01548	0.01313	0.01899	0.18977	0.02323	0.08836	0.00774	0.00586	0.00182	0.00659	0.00639	0.00359	0.00740
3	0.02174	0.01602	0.01717	0.01316	0.01774	0.01774	0.01087	0.74423	0.02689	0.03605	0.01373	0.01373	0.00973	0.00687	0.00572	0.00172	0.00629	0.00515	0.00572	0.00973
4	0.00697	0.00498	0.00664	0.00796	0.00830	0.00465	0.00531	0.00796	0.01095	0.01460	0.03153	0.79525	0.03783	0.01792	0.00730	0.00232	0.00332	0.01626	0.00531	0.00465
5	0.01850	0.02182	0.01669	0.01474	0.01682	0.48594	0.01152	0.06020	0.01437	0.01516	0.00868	0.01122	0.00755	0.00729	0.00963	0.00182	0.26422	0.00420	0.00296	0.00668
6	0.01489	0.01266	0.01785	0.38216	0.10893	0.01488	0.01413	0.25312	0.01642	0.02198	0.01116	0.01439	0.00846	0.00641	0.00689	0.00188	0.07736	0.00510	0.00361	0.00774
7	0.01132	0.01001	0.01479	0.05946	0.27969	0.00923	0.01070	0.01383	0.01201	0.01737	0.01603	0.22032	0.01641	0.00824	0.00563	0.00160	0.00508	0.00749	0.00365	0.27712
8	0.01509	0.22066	0.01652	0.01001	0.01351	0.01510	0.00845	0.15453	0.25661	0.02280	0.01643	0.01671	0.01273	0.00659	0.00482	0.00157	0.00486	0.00507	0.19004	0.00789

[dist]
# distance from previous block
# <min> <max>
14	49

[block]
# block no. 5 follows, 41 sequences, length 10
# corresponding to MSA columns:
# 565-574
name=unknown_F
#
# <colnr> <probs for GDERKNQSTAVLIFYWHMCP>
#	G	D	E	R	K	N	Q	S	T	A	V	L	I	F	Y	W	H	M	C	P
0	0.01510	0.01363	0.01269	0.01086	0.01350	0.16382	0.00852	0.23980	0.01884	0.02410	0.28164	0.02665	0.08571	0.00918	0.00677	0.00176	0.04805	0.00726	0.00516	0.00698
1	0.01687	0.01589	0.01308	0.01193	0.01484	0.27244	0.00925	0.02355	0.26737	0.11023	0.02131	0.05214	0.06034	0.00859	0.00590	0.00184	0.00648	0.07554	0.00489	0.00753
2	0.20407	0.01259	0.01361	0.01085	0.01493	0.01347	0.00891	0.32226	0.05167	0.23184	0.01535	0.01504	0.01070	0.00822	0.03944	0.00208	0.00581	0.00496	0.00549	0.00871
3	0.00976	0.00776	0.01119	0.01483	0.22415	0.00770	0.00783	0.01091	0.01012	0.01388	0.01826	0.16134	0.02036	0.43624	0.01862	0.00388	0.00552	0.00876	0.00360	0.00528
4	0.25130	0.01286	0.01896	0.02718	0.54713	0.01337	0.01429	0.01734	0.01208	0.02069	0.00996	0.01276	0.00824	0.00516	0.00505	0.00172	0.00611	0.00452	0.00303	0.00824
5	0.01983	0.01418	0.01513	0.01181	0.01583	0.01560	0.00969	0.61827	0.02433	0.03351	0.01458	0.01504	0.01058	0.00683	0.00542	0.00165	0.00567	0.00518	0.14790	0.00897
6	0.00797	0.00566	0.00746	0.00765	0.00826	0.00583	0.00529	0.00925	0.01047	0.01450	0.14782	0.18539	0.02794	0.27686	0.24839	0.00537	0.00759	0.00959	0.00420	0.00453
7	0.01147	0.02959	0.76934	0.01630	0.02476	0.01328	0.02113	0.01811	0.01208	0.01811	0.01026	0.01208	0.00725	0.00543	0.00543	0.00181	0.00845	0.00423	0.00242	0.00845
8	0.01929	0.01989	0.01861	0.02046	0.24383	0.32688	0.01297	0.22854	0.01831	0.02176	0.01083	0.01246	0.00856	0.00593	0.00547	0.00161	0.00809	0.00453	0.00371	0.00826
9	0.10015	0.07530	0.06749	0.01297	0.01690	0.35599	0.03822	0.13315	0.01602	0.01972	0.01028	0.01168	0.00813	0.00578	0.00494	0.00152	0.00784	0.00403	0.04838	0.06151

[dist]
# distance from previous block
# <min> <max>
6	42

[block]
# block no. 6 follows, 41 sequences, length 7
# corresponding to MSA columns:
# 623-629
name=unknown_G
#
# <colnr> <probs for GDERKNQSTAVLIFYWHMCP>
#	G	D	E	R	K	N	Q	S	T	A	V	L	I	F	Y	W	H	M	C	P
0	0.01889	0.01619	0.01546	0.01281	0.01666	0.12195	0.01022	0.37781	0.29600	0.02846	0.01661	0.01609	0.01228	0.00706	0.00568	0.00177	0.00620	0.00544	0.00537	0.00905
1	0.00736	0.00542	0.00690	0.00738	0.00831	0.00495	0.00521	0.00905	0.01319	0.01783	0.30679	0.41179	0.14448	0.01512	0.00702	0.00207	0.00303	0.01347	0.00568	0.00495
2	0.01520	0.00787	0.00991	0.00898	0.01117	0.00755	0.00664	0.01857	0.11573	0.29574	0.02450	0.25587	0.02297	0.15940	0.01062	0.00267	0.00448	0.00949	0.00569	0.00693
3	0.00722	0.00588	0.00643	0.00650	0.00827	0.00510	0.00501	0.00898	0.01354	0.01678	0.16424	0.05410	0.57689	0.01419	0.00687	0.00198	0.00311	0.08449	0.00546	0.00496
4	0.01186	0.01017	0.01186	0.00847	0.01356	0.00762	0.00678	0.01440	0.01186	0.01864	0.01017	0.01186	0.00847	0.00424	0.00424	0.00085	0.00424	0.00339	0.00339	0.83395
5	0.02064	0.01061	0.01344	0.01056	0.01454	0.04027	0.03876	0.06841	0.04544	0.46741	0.10546	0.02225	0.04815	0.00760	0.00583	0.00172	0.00500	0.00633	0.00621	0.06138
6	0.01636	0.01214	0.01361	0.01063	0.01505	0.01193	0.00855	0.20349	0.20530	0.10072	0.01568	0.01553	0.01166	0.00609	0.00517	0.00144	0.00489	0.00486	0.00497	0.33193

[dist]
# distance from previous block
# <min> <max>
9	31

[block]
# block no. 7 follows, 41 sequences, length 20
# corresponding to MSA columns:
# 665-684
name=unknown_H
#
# <colnr> <probs for GDERKNQSTAVLIFYWHMCP>
#	G	D	E	R	K	N	Q	S	T	A	V	L	I	F	Y	W	H	M	C	P
0	0.01384	0.24696	0.01938	0.03262	0.01550	0.05237	0.03958	0.03763	0.01187	0.04069	0.01047	0.03093	0.00929	0.00928	0.07047	0.00213	0.14535	0.00444	0.00310	0.20410
1	0.01305	0.01099	0.01377	0.19089	0.02010	0.01046	0.00952	0.12847	0.03100	0.02044	0.01249	0.01449	0.03179	0.00539	0.00493	0.00129	0.00532	0.00440	0.00367	0.46756
2	0.01639	0.03607	0.01394	0.01008	0.01470	0.01127	0.00823	0.24987	0.01712	0.10067	0.01329	0.03267	0.01033	0.00580	0.00492	0.00128	0.00495	0.00456	0.02947	0.41438
3	0.01328	0.39495	0.41980	0.01322	0.01999	0.01770	0.01577	0.01765	0.01186	0.01591	0.00917	0.01070	0.00729	0.00518	0.00460	0.00153	0.00735	0.00367	0.00243	0.00793
4	0.01661	0.63438	0.02699	0.01086	0.01533	0.18596	0.01006	0.01837	0.01262	0.01357	0.00814	0.00942	0.00735	0.00511	0.00399	0.00128	0.00703	0.00319	0.00256	0.00719
5	0.01436	0.56733	0.19228	0.01330	0.07845	0.01983	0.01292	0.01738	0.01184	0.01491	0.00869	0.01022	0.00746	0.00503	0.00422	0.00139	0.00669	0.00348	0.00247	0.00773
6	0.01765	0.01948	0.01719	0.17172	0.12512	0.37720	0.01262	0.10373	0.01576	0.01765	0.01003	0.01234	0.00800	0.00575	0.00534	0.00158	0.00841	0.00431	0.00320	0.06294
7	0.00764	0.00546	0.00740	0.00873	0.00935	0.00522	0.00647	0.00912	0.01161	0.01535	0.03116	0.57794	0.03637	0.01729	0.00748	0.00242	0.00390	0.22697	0.00530	0.00483
8	0.00712	0.00509	0.00681	0.00814	0.00854	0.00478	0.00557	0.00823	0.01110	0.01477	0.03144	0.74608	0.03750	0.01778	0.00734	0.00234	0.00345	0.06393	0.00531	0.00469
9	0.01416	0.01359	0.02322	0.03511	0.76330	0.01359	0.01755	0.01755	0.01302	0.01869	0.01076	0.01416	0.00906	0.00510	0.00566	0.00170	0.00680	0.00510	0.00283	0.00906
10	0.01302	0.02742	0.68667	0.01563	0.02365	0.01275	0.01974	0.01918	0.01255	0.10004	0.01161	0.01288	0.00800	0.00561	0.00547	0.00181	0.00806	0.00439	0.00293	0.00859
11	0.00695	0.00507	0.00654	0.00773	0.00823	0.00467	0.00520	0.00799	0.01118	0.01469	0.03441	0.71430	0.11691	0.01754	0.00724	0.00228	0.00327	0.01580	0.00531	0.00467
12	0.01476	0.01615	0.01927	0.04634	0.09994	0.19251	0.09448	0.01688	0.01180	0.01523	0.00891	0.01257	0.00785	0.00738	0.01135	0.00198	0.35255	0.00480	0.00275	0.06251
13	0.00824	0.00556	0.00622	0.00622	0.00631	0.00551	0.00351	0.00831	0.00854	0.01130	0.01993	0.03827	0.05611	0.76156	0.02805	0.00537	0.00542	0.00850	0.00355	0.00353
14	0.01597	0.01004	0.01228	0.00898	0.01387	0.00786	0.00726	0.01841	0.01320	0.24127	0.01385	0.01412	0.01016	0.00508	0.00469	0.00112	0.00442	0.00409	0.00449	0.58883
15	0.00832	0.00555	0.00624	0.00624	0.00624	0.00555	0.00347	0.00832	0.00832	0.01109	0.01802	0.03743	0.02080	0.79898	0.02911	0.00555	0.00555	0.00832	0.00347	0.00347
16	0.02566	0.00973	0.01327	0.01018	0.01460	0.00841	0.00841	0.02788	0.01637	0.76726	0.02257	0.01947	0.01416	0.00708	0.00575	0.00177	0.00487	0.00575	0.00708	0.00973
17	0.01538	0.01753	0.23835	0.01269	0.01739	0.01345	0.01242	0.35610	0.01847	0.02531	0.01539	0.11318	0.01370	0.09444	0.00839	0.00224	0.00648	0.00661	0.00444	0.00803
18	0.01317	0.01110	0.01252	0.00954	0.01418	0.00987	0.00760	0.07670	0.17374	0.02119	0.01330	0.01407	0.01052	0.00521	0.00470	0.00115	0.00446	0.00420	0.00410	0.58869
19	0.01523	0.10056	0.01521	0.01182	0.01520	0.11004	0.00938	0.02800	0.58013	0.02155	0.01981	0.01864	0.01510	0.00721	0.00550	0.00180	0.00542	0.00575	0.00509	0.00856

[dist]
# distance from previous block
# <min> <max>
0	1

[block]
# block no. 8 follows, 41 sequences, length 27
# corresponding to MSA columns:
# 686-712
name=unknown_I
#
# <colnr> <probs for GDERKNQSTAVLIFYWHMCP>
#	G	D	E	R	K	N	Q	S	T	A	V	L	I	F	Y	W	H	M	C	P
0	0.01704	0.01154	0.01660	0.05083	0.01658	0.01401	0.03723	0.01888	0.01170	0.27602	0.01302	0.01517	0.00987	0.00860	0.01319	0.00220	0.45057	0.00533	0.00411	0.00752
1	0.00998	0.00918	0.01672	0.01308	0.01597	0.00855	0.26176	0.01341	0.01526	0.02133	0.49989	0.03323	0.03822	0.00930	0.00675	0.00184	0.00511	0.00909	0.00511	0.00620
2	0.23937	0.02294	0.01413	0.01281	0.01592	0.57263	0.00976	0.02123	0.01448	0.01711	0.00861	0.01004	0.00706	0.00574	0.00473	0.00155	0.00875	0.00353	0.00311	0.00651
3	0.01396	0.53364	0.28712	0.01205	0.01818	0.01938	0.01373	0.01747	0.01178	0.01508	0.00876	0.01018	0.00731	0.00508	0.00428	0.00143	0.00693	0.00346	0.00244	0.00773
4	0.00697	0.00498	0.00664	0.00796	0.00830	0.00465	0.00531	0.00796	0.01095	0.01460	0.03153	0.79525	0.03783	0.01792	0.00730	0.00232	0.00332	0.01626	0.00531	0.00465
5	0.02566	0.00973	0.01327	0.01018	0.01460	0.00841	0.00841	0.02788	0.01637	0.76726	0.02257	0.01947	0.01416	0.00708	0.00575	0.00177	0.00487	0.00575	0.00708	0.00973
6	0.01413	0.01368	0.02373	0.03458	0.72790	0.01363	0.05254	0.01759	0.01305	0.01867	0.01080	0.01422	0.00904	0.00508	0.00572	0.00171	0.00693	0.00518	0.00283	0.00900
7	0.00832	0.00555	0.00624	0.00624	0.00624	0.00555	0.00347	0.00832	0.00832	0.01109	0.01802	0.03743	0.02080	0.79898	0.02911	0.00555	0.00555	0.00832	0.00347	0.00347
8	0.00775	0.00573	0.00830	0.00877	0.00955	0.00628	0.00651	0.00943	0.00980	0.01374	0.02096	0.29123	0.02248	0.03421	0.50886	0.00680	0.01115	0.00965	0.00385	0.00495
9	0.01080	0.01017	0.01716	0.78523	0.03940	0.01271	0.01589	0.01461	0.01144	0.01461	0.01017	0.01525	0.00762	0.00572	0.00572	0.00191	0.00762	0.00508	0.00254	0.00635
10	0.01260	0.25725	0.55154	0.01438	0.02179	0.01604	0.01779	0.01782	0.01194	0.01674	0.00958	0.01122	0.00727	0.00528	0.00491	0.00164	0.00777	0.00388	0.00242	0.00813
11	0.01066	0.00533	0.00533	0.00533	0.00666	0.00533	0.00400	0.01333	0.01200	0.02132	0.01866	0.02132	0.01466	0.00666	0.00400	0.00133	0.00267	0.00533	0.83073	0.00533
12	0.01192	0.00950	0.01391	0.01186	0.01426	0.01045	0.09424	0.18037	0.01378	0.01912	0.01452	0.01963	0.01259	0.03013	0.50843	0.00662	0.01257	0.00598	0.00366	0.00648
13	0.01489	0.01664	0.01622	0.01426	0.01533	0.25758	0.01145	0.01625	0.01136	0.01391	0.01072	0.01428	0.04513	0.01010	0.04081	0.00239	0.47465	0.00498	0.00280	0.00626
14	0.02566	0.00973	0.01327	0.01018	0.01460	0.00841	0.00841	0.02788	0.01637	0.76726	0.02257	0.01947	0.01416	0.00708	0.00575	0.00177	0.00487	0.00575	0.00708	0.00973
15	0.01186	0.01017	0.01186	0.00847	0.01356	0.00762	0.00678	0.01440	0.01186	0.01864	0.01017	0.01186	0.00847	0.00424	0.00424	0.00085	0.00424	0.00339	0.00339	0.83395
16	0.01361	0.01070	0.01226	0.00945	0.01399	0.00945	0.00752	0.01976	0.20973	0.08090	0.01467	0.01501	0.01133	0.00541	0.00478	0.00121	0.00436	0.00440	0.00434	0.54712
17	0.00697	0.00498	0.00664	0.00796	0.00830	0.00465	0.00531	0.00796	0.01095	0.01460	0.03153	0.79525	0.03783	0.01792	0.00730	0.00232	0.00332	0.01626	0.00531	0.00465
18	0.01257	0.01200	0.02057	0.18705	0.17860	0.01305	0.17562	0.07026	0.01299	0.01780	0.01377	0.13264	0.01287	0.00786	0.00781	0.00199	0.10487	0.00714	0.00334	0.00721
19	0.55145	0.01750	0.27305	0.01058	0.01582	0.01299	0.01139	0.01727	0.01055	0.02304	0.00876	0.01026	0.00656	0.00535	0.00420	0.00178	0.00583	0.00349	0.00315	0.00698
20	0.00746	0.00521	0.00647	0.00727	0.00753	0.00498	0.00461	0.00810	0.01005	0.01334	0.02732	0.49794	0.05148	0.30329	0.01526	0.00349	0.00412	0.01324	0.00464	0.00422
21	0.06729	0.30197	0.02088	0.01222	0.01623	0.30895	0.01028	0.16520	0.01633	0.01891	0.00945	0.01053	0.00776	0.00570	0.00464	0.00145	0.00766	0.00372	0.00336	0.00748
22	0.01042	0.02140	0.50465	0.01384	0.01973	0.01071	0.01638	0.01554	0.01250	0.01800	0.07242	0.08807	0.01816	0.00890	0.00616	0.00201	0.00699	0.14332	0.00349	0.00730
23	0.00907	0.00702	0.00913	0.01052	0.04781	0.00711	0.00760	0.01298	0.12317	0.01700	0.03023	0.38472	0.06877	0.01495	0.00715	0.00231	0.00423	0.22525	0.00525	0.00572
24	0.01293	0.01411	0.02775	0.25830	0.05761	0.03730	0.47166	0.01729	0.01293	0.01706	0.01103	0.01517	0.00833	0.00514	0.00635	0.00190	0.00895	0.00609	0.00278	0.00731
25	0.02085	0.01332	0.01505	0.01178	0.01597	0.07007	0.03437	0.27431	0.05406	0.29208	0.06846	0.01782	0.01444	0.00699	0.00570	0.00168	0.00573	0.00561	0.00578	0.06593
26	0.01540	0.08536	0.36225	0.01380	0.02023	0.01495	0.01502	0.27015	0.01717	0.02403	0.01127	0.01239	0.00825	0.00575	0.00526	0.00162	0.00704	0.00436	0.00368	0.10202

[dist]
# distance from previous block
# <min> <max>
0	67

[block]
# block no. 9 follows, 41 sequences, length 24
# corresponding to MSA columns:
# 795-818
name=unknown_J
#
# <colnr> <probs for GDERKNQSTAVLIFYWHMCP>
#	G	D	E	R	K	N	Q	S	T	A	V	L	I	F	Y	W	H	M	C	P
0	0.01555	0.64997	0.02634	0.00970	0.01423	0.01990	0.00932	0.01802	0.04054	0.07482	0.06545	0.01295	0.01173	0.00568	0.00415	0.00134	0.00570	0.00394	0.00323	0.00745
1	0.01072	0.00602	0.00806	0.00828	0.00954	0.00548	0.00592	0.01220	0.01276	0.16039	0.13623	0.53634	0.03564	0.01493	0.00692	0.00214	0.00353	0.01338	0.00579	0.00573
2	0.01673	0.01288	0.01399	0.01153	0.01506	0.01425	0.00924	0.37599	0.25609	0.02967	0.16017	0.02173	0.02069	0.00808	0.00595	0.00180	0.00504	0.00657	0.00586	0.00868
3	0.01122	0.01419	0.16216	0.57276	0.09910	0.01289	0.01704	0.01554	0.01170	0.01564	0.01024	0.01455	0.00768	0.00561	0.00566	0.00187	0.00771	0.00492	0.00254	0.00699
4	0.01350	0.01543	0.03375	0.02411	0.02989	0.01446	0.74253	0.01832	0.01350	0.01832	0.01157	0.01543	0.00868	0.00482	0.00675	0.00193	0.00964	0.00675	0.00289	0.00771
5	0.00697	0.00498	0.00664	0.00796	0.00830	0.00465	0.00531	0.00796	0.01095	0.01460	0.03153	0.79525	0.03783	0.01792	0.00730	0.00232	0.00332	0.01626	0.00531	0.00465
6	0.01271	0.02786	0.70363	0.01577	0.02387	0.01286	0.02003	0.01896	0.01245	0.08323	0.01133	0.01272	0.00785	0.00558	0.00546	0.00181	0.00814	0.00436	0.00282	0.00856
7	0.01311	0.01815	0.17505	0.02261	0.02891	0.01424	0.60396	0.01828	0.01323	0.01828	0.01132	0.01479	0.00840	0.00494	0.00650	0.00191	0.00941	0.00627	0.00280	0.00786
8	0.00832	0.00555	0.00624	0.00624	0.00624	0.00555	0.00347	0.00832	0.00832	0.01109	0.01802	0.03743	0.02080	0.79898	0.02911	0.00555	0.00555	0.00832	0.00347	0.00347
9	0.01147	0.02959	0.76934	0.01630	0.02476	0.01328	0.02113	0.01811	0.01208	0.01811	0.01026	0.01208	0.00725	0.00543	0.00543	0.00181	0.00845	0.00423	0.00242	0.00845
10	0.01423	0.01229	0.01293	0.01164	0.01487	0.01423	0.00905	0.03039	0.75297	0.02393	0.02328	0.02134	0.01746	0.00776	0.00582	0.00194	0.00453	0.00647	0.00582	0.00905
11	0.02098	0.01529	0.01635	0.01262	0.01698	0.01688	0.01040	0.69388	0.02587	0.03503	0.01407	0.01426	0.01007	0.00685	0.00560	0.00169	0.00604	0.00516	0.06255	0.00942
12	0.00697	0.00498	0.00664	0.00796	0.00830	0.00465	0.00531	0.00796	0.01095	0.01460	0.03153	0.79525	0.03783	0.01792	0.00730	0.00232	0.00332	0.01626	0.00531	0.00465
13	0.05075	0.05371	0.46241	0.01313	0.02014	0.01184	0.01540	0.01683	0.01188	0.01845	0.01003	0.01176	0.00759	0.00502	0.00489	0.00148	0.00683	0.00386	0.00278	0.27122
14	0.01426	0.59407	0.22931	0.01154	0.01740	0.02011	0.01285	0.01739	0.01174	0.01471	0.00858	0.00996	0.00731	0.00504	0.00415	0.00138	0.00675	0.00337	0.00244	0.00764
15	0.00818	0.00608	0.00895	0.00895	0.00988	0.00702	0.00684	0.01006	0.00912	0.01310	0.01554	0.02371	0.01484	0.10552	0.71442	0.00889	0.01451	0.00631	0.00310	0.00497
16	0.01393	0.52617	0.29426	0.01212	0.01828	0.01929	0.01384	0.01748	0.01178	0.01512	0.00878	0.01021	0.00731	0.00509	0.00430	0.00143	0.00695	0.00348	0.00244	0.00774
17	0.01199	0.04313	0.16282	0.02326	0.38174	0.01204	0.01502	0.01557	0.01171	0.01686	0.01185	0.01592	0.01013	0.01582	0.22308	0.00382	0.00950	0.00515	0.00280	0.00777
18	0.00697	0.00498	0.00664	0.00796	0.00830	0.00465	0.00531	0.00796	0.01095	0.01460	0.03153	0.79525	0.03783	0.01792	0.00730	0.00232	0.00332	0.01626	0.00531	0.00465
19	0.00802	0.00579	0.00758	0.00725	0.00853	0.00535	0.00539	0.01060	0.01583	0.02236	0.71009	0.09456	0.05286	0.01212	0.00678	0.00184	0.00274	0.01075	0.00623	0.00535
20	0.01891	0.01416	0.01530	0.01232	0.01619	0.01566	0.00994	0.55551	0.12614	0.03176	0.01722	0.10952	0.01421	0.00833	0.00593	0.00182	0.00569	0.00668	0.00569	0.00902
21	0.01613	0.01562	0.02847	0.02062	0.02602	0.01551	0.50949	0.24952	0.01777	0.02397	0.01226	0.01489	0.00901	0.00547	0.00642	0.00186	0.00858	0.00624	0.00379	0.00836
22	0.00765	0.00531	0.00661	0.00723	0.00750	0.00517	0.00459	0.00834	0.01001	0.01345	0.06072	0.40203	0.03037	0.35492	0.04662	0.00395	0.00471	0.01216	0.00448	0.00419
23	0.44974	0.00936	0.00796	0.00719	0.01002	0.03077	0.00575	0.01650	0.01134	0.08802	0.01461	0.01582	0.03902	0.00627	0.00405	0.00163	0.00401	0.00441	0.26736	0.00619

[dist]
# distance from previous block
# <min> <max>
0	1

[block]
# block no. 10 follows, 41 sequences, length 9
# corresponding to MSA columns:
# 820-828
name=unknown_K
#
# <colnr> <probs for GDERKNQSTAVLIFYWHMCP>
#	G	D	E	R	K	N	Q	S	T	A	V	L	I	F	Y	W	H	M	C	P
0	0.00979	0.00950	0.01837	0.01495	0.01764	0.00889	0.32424	0.01245	0.01205	0.01621	0.02289	0.45789	0.02522	0.01225	0.00706	0.00215	0.00605	0.01215	0.00426	0.00597
1	0.01741	0.01414	0.01637	0.01326	0.01727	0.01576	0.06681	0.33705	0.38265	0.02872	0.01826	0.01760	0.01345	0.00715	0.00585	0.00184	0.00569	0.00592	0.00555	0.00924
2	0.24558	0.00898	0.00891	0.00821	0.01085	0.00957	0.00639	0.01722	0.18810	0.05672	0.14169	0.06920	0.18806	0.00969	0.00560	0.00188	0.00380	0.00785	0.00517	0.00653
3	0.01895	0.35623	0.02271	0.01170	0.01642	0.01986	0.01040	0.42968	0.02029	0.02628	0.01123	0.01176	0.00869	0.00601	0.00483	0.00150	0.00622	0.00425	0.00431	0.00869
4	0.02073	0.07796	0.01790	0.01279	0.01730	0.01789	0.01066	0.63903	0.07420	0.03345	0.01391	0.01388	0.01006	0.00677	0.00557	0.00169	0.00616	0.00507	0.00547	0.00949
5	0.02158	0.02088	0.01675	0.01384	0.01771	0.34578	0.01095	0.43215	0.02227	0.02651	0.01162	0.01225	0.00871	0.00645	0.00548	0.00161	0.00803	0.00452	0.00452	0.00839
6	0.01661	0.01319	0.01410	0.01195	0.01549	0.01487	0.00948	0.30724	0.41297	0.02795	0.02018	0.07746	0.01600	0.00819	0.00589	0.00188	0.00512	0.00670	0.00574	0.00898
7	0.48550	0.01807	0.01178	0.01064	0.01393	0.34299	0.00830	0.01942	0.01254	0.02062	0.00834	0.00973	0.00670	0.00556	0.00424	0.00164	0.00697	0.00335	0.00328	0.00638
8	0.02174	0.01602	0.01717	0.01316	0.01774	0.01774	0.01087	0.74423	0.02689	0.03605	0.01373	0.01373	0.00973	0.00687	0.00572	0.00172	0.00629	0.00515	0.00572	0.00973

[dist]
# distance from previous block
# <min> <max>
0	10

# created by:
# /st0/software/busco_prod/Augustus/scripts/msa2prfl.pl ./align_prep/47053.fa
