[name]
unknown

[dist]
# distance from previous block
# <min> <max>
0	27

[block]
# block no. 0 follows, 48 sequences, length 8
# corresponding to MSA columns:
# 27-34
name=unknown_A
#
# <colnr> <probs for GDERKNQSTAVLIFYWHMCP>
#	G	D	E	R	K	N	Q	S	T	A	V	L	I	F	Y	W	H	M	C	P
0	0.01280	0.01049	0.01147	0.01043	0.01317	0.01187	0.00837	0.12294	0.53167	0.02174	0.02095	0.02563	0.01739	0.00823	0.00557	0.00183	0.00440	0.14838	0.00511	0.00755
1	0.01003	0.00833	0.00968	0.00722	0.01091	0.00648	0.00551	0.01188	0.01003	0.01543	0.01047	0.01502	0.00971	0.15963	0.00806	0.00156	0.00402	0.00388	0.00305	0.68909
2	0.00987	0.00838	0.01055	0.11374	0.01438	0.00706	0.00693	0.01233	0.01133	0.01698	0.15730	0.01633	0.01529	0.00525	0.00441	0.00105	0.00394	0.00443	0.00344	0.57700
3	0.01069	0.01000	0.04294	0.32016	0.02254	0.01134	0.06006	0.01408	0.05244	0.04795	0.01324	0.02194	0.01194	0.00781	0.00818	0.00195	0.18606	0.14768	0.00309	0.00590
4	0.01454	0.01141	0.01353	0.13114	0.01714	0.01214	0.00920	0.38428	0.01746	0.02403	0.08501	0.01460	0.01192	0.00600	0.00538	0.00143	0.03656	0.00470	0.00417	0.19534
5	0.01322	0.16591	0.01469	0.00915	0.01303	0.05095	0.00765	0.05550	0.11369	0.06653	0.01098	0.01180	0.00876	0.00500	0.00486	0.00116	0.05196	0.00367	0.00342	0.38807
6	0.01217	0.23855	0.18420	0.00990	0.01368	0.03149	0.00995	0.01479	0.01088	0.11688	0.01454	0.03636	0.03558	0.04929	0.12479	0.00270	0.00689	0.07779	0.00326	0.00631
7	0.04317	0.11292	0.02536	0.00729	0.00973	0.02960	0.02642	0.01106	0.03859	0.01441	0.06028	0.06656	0.28058	0.13118	0.00824	0.00200	0.00405	0.00737	0.00378	0.11742

[dist]
# distance from previous block
# <min> <max>
15	36

[block]
# block no. 1 follows, 48 sequences, length 11
# corresponding to MSA columns:
# 81-91
name=unknown_B
#
# <colnr> <probs for GDERKNQSTAVLIFYWHMCP>
#	G	D	E	R	K	N	Q	S	T	A	V	L	I	F	Y	W	H	M	C	P
0	0.01312	0.27342	0.34259	0.01173	0.01710	0.06126	0.02925	0.04129	0.01197	0.08149	0.06266	0.01248	0.01003	0.00529	0.00450	0.00144	0.00636	0.00400	0.00291	0.00710
1	0.01469	0.01649	0.24665	0.01529	0.02060	0.04339	0.27259	0.01947	0.06496	0.21403	0.01317	0.01406	0.00915	0.00522	0.00537	0.00165	0.00696	0.00504	0.00361	0.00762
2	0.00745	0.00466	0.00654	0.00715	0.00749	0.00454	0.00498	0.00747	0.00905	0.01216	0.06587	0.39464	0.02459	0.01734	0.05043	0.30334	0.00412	0.06079	0.00382	0.00358
3	0.01073	0.06043	0.66187	0.01347	0.02024	0.01154	0.01687	0.01604	0.01127	0.04869	0.07242	0.01322	0.01016	0.00537	0.00491	0.00160	0.00694	0.00425	0.00262	0.00736
4	0.01596	0.01673	0.29170	0.08301	0.01980	0.05352	0.07832	0.06460	0.01326	0.29223	0.01334	0.01370	0.00899	0.00547	0.00510	0.00161	0.00644	0.00456	0.00391	0.00775
5	0.00942	0.05856	0.26148	0.35715	0.02451	0.01068	0.01351	0.01311	0.01062	0.01415	0.01587	0.06521	0.11155	0.00671	0.00516	0.00167	0.00621	0.00565	0.00272	0.00607
6	0.00982	0.00861	0.09733	0.00850	0.01080	0.00662	0.00732	0.05667	0.01194	0.09552	0.09152	0.29476	0.08581	0.02632	0.05222	0.00222	0.00457	0.06532	0.00447	0.05967
7	0.19992	0.17071	0.03506	0.01041	0.01394	0.21885	0.03484	0.07917	0.03833	0.10750	0.01016	0.01100	0.00783	0.00645	0.03401	0.00168	0.00645	0.00368	0.00338	0.00663
8	0.05689	0.20713	0.09429	0.01020	0.01335	0.10937	0.00930	0.08373	0.03880	0.03178	0.01457	0.06160	0.04191	0.02340	0.03766	0.00194	0.05021	0.10432	0.00337	0.00619
9	0.23143	0.16103	0.10693	0.00932	0.01274	0.05460	0.00860	0.01576	0.01048	0.13561	0.01125	0.07509	0.00959	0.00689	0.00599	0.04820	0.06364	0.00445	0.00334	0.02507
10	0.11451	0.28731	0.19864	0.01061	0.01543	0.05190	0.01083	0.13297	0.01310	0.10607	0.00994	0.01057	0.00747	0.00508	0.00420	0.00141	0.00587	0.00358	0.00325	0.00724

[dist]
# distance from previous block
# <min> <max>
4	39

[block]
# block no. 2 follows, 48 sequences, length 94
# corresponding to MSA columns:
# 131-224
name=unknown_C
#
# <colnr> <probs for GDERKNQSTAVLIFYWHMCP>
#	G	D	E	R	K	N	Q	S	T	A	V	L	I	F	Y	W	H	M	C	P
0	0.07826	0.37071	0.07269	0.04416	0.01551	0.03033	0.07205	0.05618	0.04109	0.05283	0.03347	0.01340	0.00964	0.00555	0.00475	0.00143	0.03604	0.03586	0.00302	0.02305
1	0.04286	0.14296	0.14785	0.26726	0.02161	0.01199	0.03539	0.04427	0.02792	0.09061	0.04105	0.03021	0.04688	0.00608	0.00490	0.00159	0.00588	0.02099	0.00319	0.00651
2	0.03552	0.05256	0.31465	0.03839	0.01740	0.07704	0.01247	0.17636	0.03651	0.03961	0.05800	0.06381	0.01169	0.00627	0.00496	0.00156	0.00617	0.00496	0.00347	0.03860
3	0.01090	0.01083	0.06799	0.40588	0.02390	0.05696	0.01136	0.04951	0.01135	0.04310	0.05686	0.03144	0.02614	0.06302	0.02246	0.00198	0.03676	0.00516	0.00299	0.06142
4	0.00907	0.00863	0.01278	0.20962	0.07529	0.03218	0.09419	0.01177	0.03349	0.01435	0.05745	0.02798	0.27791	0.04257	0.04079	0.00212	0.03365	0.00724	0.00348	0.00543
5	0.03055	0.01098	0.06094	0.02186	0.01438	0.00984	0.05375	0.17356	0.07016	0.24468	0.09453	0.01907	0.04756	0.00664	0.00516	0.00153	0.00476	0.01869	0.00486	0.10650
6	0.01443	0.01180	0.01213	0.02700	0.03411	0.14525	0.02473	0.02995	0.02430	0.14839	0.01151	0.01238	0.00875	0.00476	0.00432	0.00111	0.00504	0.00375	0.04947	0.42680
7	0.03184	0.07033	0.20096	0.00852	0.01194	0.00794	0.00859	0.01228	0.01212	0.07703	0.19242	0.04766	0.26488	0.00919	0.00545	0.00164	0.00422	0.02299	0.00421	0.00579
8	0.01080	0.01052	0.03407	0.46115	0.16020	0.01125	0.09841	0.01451	0.03399	0.02829	0.01080	0.01425	0.02394	0.00509	0.00516	0.00162	0.00652	0.00479	0.00262	0.06202
9	0.01372	0.82276	0.02689	0.00878	0.01317	0.02030	0.00878	0.01536	0.01043	0.01207	0.00713	0.00823	0.00658	0.00439	0.00329	0.00110	0.00549	0.00274	0.00219	0.00658
10	0.01288	0.61772	0.20748	0.01043	0.01559	0.01817	0.02757	0.01560	0.01056	0.01315	0.00769	0.00896	0.00659	0.00450	0.00372	0.00124	0.00605	0.00306	0.00220	0.00683
11	0.02234	0.00982	0.01258	0.00965	0.01364	0.00916	0.00797	0.16873	0.01651	0.64493	0.01872	0.01647	0.01194	0.00631	0.00515	0.00158	0.00461	0.00506	0.00612	0.00873
12	0.00992	0.00931	0.08732	0.04589	0.14180	0.00761	0.02015	0.01292	0.04953	0.08458	0.15020	0.08725	0.22943	0.03364	0.00626	0.00178	0.00425	0.00792	0.00425	0.00599
13	0.00664	0.00487	0.00624	0.00681	0.00755	0.00456	0.00481	0.00798	0.01097	0.01468	0.19110	0.43792	0.13787	0.05341	0.04634	0.00239	0.00350	0.04327	0.00477	0.00433
14	0.01276	0.01102	0.01160	0.01044	0.01334	0.01276	0.00812	0.02727	0.77840	0.02146	0.02088	0.01914	0.01566	0.00696	0.00522	0.00174	0.00406	0.00580	0.00522	0.00812
15	0.00746	0.00497	0.00560	0.00560	0.00560	0.00497	0.00311	0.00746	0.00746	0.00995	0.01617	0.03358	0.01865	0.81967	0.02612	0.00497	0.00497	0.00746	0.00311	0.00311
16	0.01219	0.01137	0.02938	0.25980	0.13459	0.03550	0.06823	0.09908	0.14867	0.01791	0.01298	0.01712	0.01052	0.00598	0.00524	0.00164	0.00598	0.05791	0.00341	0.06251
17	0.01284	0.01276	0.06493	0.03708	0.45642	0.04413	0.11080	0.01615	0.02463	0.06718	0.01194	0.03918	0.01015	0.00655	0.02982	0.00182	0.00659	0.03658	0.00299	0.00748
18	0.01123	0.01123	0.01572	0.01347	0.01347	0.01572	0.01123	0.01235	0.00786	0.01235	0.00674	0.01123	0.00674	0.00898	0.01684	0.00225	0.81028	0.00449	0.00225	0.00561
19	0.03920	0.01196	0.01365	0.01422	0.14857	0.03666	0.00961	0.11579	0.48843	0.03965	0.01706	0.01652	0.01285	0.00632	0.00511	0.00166	0.00477	0.00526	0.00463	0.00807
20	0.10577	0.00999	0.01268	0.01148	0.08566	0.00976	0.00855	0.15461	0.01528	0.45414	0.01696	0.01783	0.01194	0.00650	0.00507	0.00162	0.00474	0.05399	0.00535	0.00809
21	0.01305	0.00940	0.01109	0.00821	0.01247	0.00778	0.00660	0.07334	0.04017	0.12926	0.03885	0.01304	0.01015	0.00470	0.00423	0.00100	0.00398	0.00379	0.00385	0.60504
22	0.00762	0.00531	0.00680	0.00647	0.00777	0.00484	0.00483	0.00980	0.01391	0.04643	0.62981	0.09366	0.12143	0.01099	0.00606	0.00166	0.00255	0.00967	0.00552	0.00488
23	0.00746	0.00497	0.00560	0.00560	0.00560	0.00497	0.00311	0.00746	0.00746	0.00995	0.01617	0.03358	0.01865	0.81967	0.02612	0.00497	0.00497	0.00746	0.00311	0.00311
24	0.13144	0.00780	0.00869	0.00726	0.00998	0.00774	0.00584	0.08958	0.01315	0.29326	0.01623	0.01641	0.01153	0.00596	0.00423	0.00142	0.00362	0.00462	0.35458	0.00666
25	0.32959	0.00698	0.00629	0.00581	0.00793	0.00750	0.00459	0.01398	0.01025	0.07079	0.01335	0.01495	0.01026	0.00554	0.00353	0.00137	0.00311	0.00405	0.47481	0.00533
26	0.01913	0.04481	0.01493	0.01160	0.03531	0.02650	0.00936	0.46091	0.03552	0.20979	0.01408	0.01443	0.01004	0.00641	0.00569	0.00159	0.04552	0.02103	0.00505	0.00833
27	0.00658	0.00463	0.00602	0.00700	0.00730	0.00441	0.00467	0.00739	0.00952	0.01267	0.02610	0.63731	0.03102	0.15627	0.01000	0.00260	0.00342	0.05459	0.00447	0.00401
28	0.01199	0.01251	0.01560	0.01345	0.01370	0.09149	0.01110	0.01314	0.00850	0.01237	0.00685	0.01104	0.00672	0.00862	0.01566	0.00216	0.73280	0.00438	0.00228	0.00565
29	0.01056	0.00908	0.01068	0.00776	0.01209	0.00704	0.00620	0.01277	0.01054	0.01651	0.00949	0.02897	0.00817	0.00423	0.00424	0.00083	0.02730	0.00334	0.00306	0.80714
30	0.01388	0.09518	0.01690	0.03782	0.05644	0.08116	0.09921	0.08707	0.33398	0.03281	0.01420	0.01474	0.01093	0.00616	0.00606	0.00165	0.07552	0.00498	0.00391	0.00741
31	0.07253	0.04848	0.22718	0.06771	0.01613	0.13901	0.01119	0.01441	0.01052	0.03692	0.01136	0.07443	0.01018	0.02584	0.15788	0.00295	0.05956	0.00495	0.00278	0.00599
32	0.01480	0.27671	0.09835	0.01087	0.01480	0.23187	0.00983	0.09326	0.06781	0.01593	0.03290	0.01136	0.00894	0.00608	0.02493	0.00148	0.00666	0.00370	0.00301	0.06670
33	0.00716	0.00451	0.00616	0.00686	0.00715	0.00428	0.00460	0.00700	0.00886	0.01171	0.02310	0.49246	0.07252	0.01648	0.01117	0.29426	0.00346	0.01086	0.00389	0.00351
34	0.02049	0.00804	0.01070	0.00841	0.01188	0.00704	0.00688	0.02255	0.01413	0.65152	0.05075	0.01854	0.01421	0.00647	0.00498	0.00153	0.00401	0.00527	0.12457	0.00802
35	0.01059	0.00598	0.00793	0.00702	0.00881	0.00541	0.00541	0.01292	0.01456	0.18355	0.62324	0.03392	0.04086	0.00961	0.00586	0.00161	0.00283	0.00841	0.00580	0.00566
36	0.01296	0.01112	0.01172	0.01048	0.01342	0.01286	0.00817	0.04948	0.75586	0.02179	0.02063	0.01894	0.01546	0.00694	0.00522	0.00173	0.00411	0.00577	0.00522	0.00814
37	0.85592	0.00992	0.00754	0.00675	0.00992	0.01151	0.00556	0.01508	0.00873	0.02302	0.00714	0.00834	0.00556	0.00476	0.00318	0.00159	0.00397	0.00278	0.00318	0.00556
38	0.55002	0.01155	0.01042	0.00860	0.01211	0.01312	0.00709	0.29138	0.01436	0.02643	0.00904	0.00979	0.00672	0.00527	0.00389	0.00157	0.00458	0.00345	0.00389	0.00672
39	0.01029	0.02654	0.79309	0.01462	0.02221	0.01192	0.01896	0.01625	0.01083	0.01625	0.00921	0.01083	0.00650	0.00487	0.00487	0.00162	0.00758	0.00379	0.00217	0.00758
40	0.01372	0.82276	0.02689	0.00878	0.01317	0.02030	0.00878	0.01536	0.01043	0.01207	0.00713	0.00823	0.00658	0.00439	0.00329	0.00110	0.00549	0.00274	0.00219	0.00658
41	0.01372	0.82276	0.02689	0.00878	0.01317	0.02030	0.00878	0.01536	0.01043	0.01207	0.00713	0.00823	0.00658	0.00439	0.00329	0.00110	0.00549	0.00274	0.00219	0.00658
42	0.01169	0.01063	0.01744	0.26040	0.44556	0.01137	0.01390	0.02750	0.04248	0.03077	0.01138	0.05954	0.00971	0.00558	0.00516	0.00162	0.00595	0.00521	0.01698	0.00714
43	0.02075	0.00834	0.01126	0.00880	0.01238	0.00730	0.00720	0.03534	0.01482	0.67026	0.12753	0.02031	0.01765	0.00693	0.00528	0.00159	0.00411	0.00573	0.00623	0.00819
44	0.00729	0.00531	0.00734	0.00738	0.00805	0.00587	0.00537	0.00857	0.00819	0.01147	0.01613	0.05123	0.04001	0.25264	0.53396	0.00693	0.01061	0.00651	0.00298	0.00415
45	0.00726	0.00524	0.00686	0.00646	0.00767	0.00484	0.00484	0.00968	0.01452	0.02058	0.78496	0.03833	0.04841	0.01049	0.00605	0.00161	0.00242	0.00928	0.00565	0.00484
46	0.00891	0.00446	0.00668	0.00668	0.00668	0.00446	0.00446	0.00668	0.00668	0.00891	0.00891	0.01560	0.00891	0.01783	0.02005	0.85071	0.00446	0.00446	0.00223	0.00223
47	0.01544	0.32129	0.06732	0.04557	0.09434	0.26590	0.01081	0.08269	0.01303	0.01477	0.00829	0.00979	0.00694	0.00498	0.00445	0.00133	0.02024	0.00344	0.00263	0.00673
48	0.00993	0.00854	0.00994	0.12049	0.01412	0.00929	0.00746	0.01766	0.35798	0.01812	0.11932	0.02780	0.20737	0.00849	0.00546	0.00168	0.00388	0.00717	0.00466	0.04062
49	0.01570	0.07363	0.05372	0.12628	0.06570	0.24616	0.01069	0.14544	0.09786	0.06501	0.04261	0.01337	0.01013	0.00574	0.00488	0.00150	0.00662	0.00439	0.00358	0.00700
50	0.01434	0.01368	0.01237	0.01103	0.01396	0.15678	0.00855	0.07028	0.59376	0.02048	0.01800	0.01693	0.01359	0.00661	0.00511	0.00165	0.00510	0.00527	0.00474	0.00776
51	0.76311	0.00963	0.00759	0.00676	0.00983	0.01105	0.00554	0.03091	0.00931	0.03690	0.00817	0.00935	0.00629	0.00491	0.00328	0.00156	0.00390	0.00300	0.06328	0.00563
52	0.01070	0.09226	0.67884	0.01460	0.02176	0.01269	0.06747	0.01619	0.01088	0.01591	0.00911	0.01081	0.00659	0.00480	0.00482	0.00159	0.00748	0.00385	0.00220	0.00746
53	0.00777	0.00579	0.00737	0.03068	0.00892	0.00557	0.00537	0.03909	0.03083	0.01961	0.58254	0.09278	0.10677	0.01078	0.00603	0.00168	0.00282	0.02525	0.00536	0.00499
54	0.00748	0.00621	0.00975	0.00959	0.04138	0.00577	0.10056	0.00930	0.01152	0.01558	0.21497	0.42241	0.10030	0.01248	0.00626	0.00187	0.00364	0.01147	0.00462	0.00485
55	0.00837	0.00675	0.00931	0.00860	0.00902	0.00801	0.02546	0.00932	0.00792	0.01127	0.01316	0.02382	0.01387	0.36882	0.27191	0.00534	0.18588	0.00614	0.00279	0.00423
56	0.01107	0.02437	0.68375	0.01606	0.09759	0.01176	0.01816	0.01657	0.01108	0.04895	0.00972	0.01130	0.00692	0.00491	0.00491	0.00161	0.00730	0.00393	0.00238	0.00769
57	0.00669	0.00520	0.00596	0.00578	0.00717	0.00460	0.00427	0.00840	0.01267	0.01659	0.37521	0.04343	0.40766	0.06497	0.00738	0.00189	0.00268	0.00992	0.00505	0.00448
58	0.01303	0.01167	0.04364	0.01121	0.03757	0.01258	0.00879	0.05974	0.65816	0.03557	0.03703	0.01870	0.01543	0.00684	0.00522	0.00171	0.00431	0.00570	0.00504	0.00806
59	0.10879	0.20004	0.35626	0.01212	0.01736	0.19439	0.01312	0.01690	0.01136	0.01525	0.00822	0.00961	0.00644	0.00485	0.00428	0.00143	0.00709	0.00333	0.00240	0.00676
60	0.01106	0.01098	0.01540	0.01325	0.01329	0.01532	0.01102	0.01221	0.00787	0.01233	0.00703	0.01160	0.00699	0.01022	0.04980	0.00250	0.77673	0.00453	0.00227	0.00557
61	0.03134	0.01206	0.01758	0.02346	0.48989	0.01271	0.01293	0.09683	0.21232	0.01973	0.01280	0.01424	0.01009	0.00536	0.00508	0.00158	0.00547	0.00486	0.00352	0.00813
62	0.01372	0.82276	0.02689	0.00878	0.01317	0.02030	0.00878	0.01536	0.01043	0.01207	0.00713	0.00823	0.00658	0.00439	0.00329	0.00110	0.00549	0.00274	0.00219	0.00658
63	0.01548	0.01237	0.01313	0.01099	0.01438	0.01403	0.00878	0.32730	0.47393	0.02585	0.01743	0.01639	0.01286	0.00664	0.00519	0.00166	0.00470	0.00532	0.00519	0.00837
64	0.00717	0.00524	0.00673	0.00636	0.00761	0.00480	0.00477	0.00950	0.01430	0.02005	0.72715	0.03920	0.10656	0.01069	0.00605	0.00162	0.00243	0.00940	0.00558	0.00480
65	0.00946	0.00798	0.00854	0.00792	0.01011	0.00843	0.00608	0.01725	0.37707	0.01867	0.16681	0.03304	0.28881	0.00968	0.00566	0.00172	0.00326	0.00816	0.00514	0.00623
66	0.07953	0.09922	0.34049	0.01129	0.01676	0.01119	0.01236	0.03938	0.01244	0.30916	0.01309	0.01292	0.00884	0.00541	0.00470	0.00155	0.00583	0.00415	0.00390	0.00779
67	0.01267	0.00759	0.00926	0.00805	0.01037	0.00754	0.00629	0.04000	0.18202	0.20378	0.38035	0.02758	0.03008	0.00841	0.00553	0.00162	0.00334	0.00721	0.04172	0.00660
68	0.20502	0.01338	0.14905	0.01190	0.01432	0.01337	0.03054	0.04427	0.00937	0.01636	0.00808	0.01124	0.00696	0.00916	0.06643	0.00237	0.37544	0.00409	0.00261	0.00603
69	0.00746	0.00497	0.00560	0.00560	0.00560	0.00497	0.00311	0.00746	0.00746	0.00995	0.01617	0.03358	0.01865	0.81967	0.02612	0.00497	0.00497	0.00746	0.00311	0.00311
70	0.01946	0.01579	0.01528	0.01200	0.01591	0.12592	0.00978	0.66520	0.02278	0.02956	0.01170	0.01189	0.00843	0.00604	0.00506	0.00151	0.00615	0.00443	0.00478	0.00834
71	0.00987	0.00927	0.01291	0.06378	0.01337	0.02980	0.00962	0.01141	0.00831	0.01224	0.00951	0.01464	0.00899	0.01955	0.30500	0.00441	0.44481	0.00484	0.00244	0.00524
72	0.01372	0.82276	0.02689	0.00878	0.01317	0.02030	0.00878	0.01536	0.01043	0.01207	0.00713	0.00823	0.00658	0.00439	0.00329	0.00110	0.00549	0.00274	0.00219	0.00658
73	0.85592	0.00992	0.00754	0.00675	0.00992	0.01151	0.00556	0.01508	0.00873	0.02302	0.00714	0.00834	0.00556	0.00476	0.00318	0.00159	0.00397	0.00278	0.00318	0.00556
74	0.03816	0.00947	0.00978	0.00879	0.01107	0.07858	0.00676	0.04290	0.23655	0.12780	0.23835	0.10235	0.02503	0.00852	0.00541	0.00165	0.00399	0.00720	0.03111	0.00652
75	0.00734	0.00536	0.00759	0.00762	0.00831	0.00604	0.00562	0.00873	0.00810	0.01148	0.01459	0.03917	0.01459	0.21729	0.60604	0.00737	0.01152	0.00613	0.00287	0.00424
76	0.00656	0.00470	0.00623	0.00694	0.00751	0.00437	0.00479	0.00791	0.01124	0.01536	0.25691	0.58125	0.03831	0.01439	0.00640	0.00194	0.00281	0.01298	0.00503	0.00437
77	0.02172	0.00844	0.01149	0.00891	0.01265	0.00732	0.00732	0.02374	0.01467	0.72769	0.08329	0.01918	0.01565	0.00669	0.00523	0.00159	0.00421	0.00550	0.00629	0.00841
78	0.01333	0.01130	0.01192	0.01056	0.01356	0.01303	0.00826	0.08994	0.71479	0.02238	0.02016	0.01857	0.01508	0.00689	0.00521	0.00172	0.00419	0.00570	0.00521	0.00817
79	0.67730	0.00967	0.00848	0.00726	0.01060	0.01066	0.00598	0.01721	0.01001	0.18776	0.00995	0.01029	0.00709	0.00510	0.00360	0.00159	0.00405	0.00329	0.00386	0.00624
80	0.01372	0.82276	0.02689	0.00878	0.01317	0.02030	0.00878	0.01536	0.01043	0.01207	0.00713	0.00823	0.00658	0.00439	0.00329	0.00110	0.00549	0.00274	0.00219	0.00658
81	0.00718	0.00531	0.00691	0.00784	0.00886	0.00504	0.00626	0.00886	0.01117	0.01434	0.03271	0.29203	0.18913	0.01452	0.00671	0.00214	0.00374	0.36804	0.00475	0.00447
82	0.05492	0.01043	0.01252	0.00972	0.01356	0.01032	0.00800	0.25866	0.03207	0.47386	0.01708	0.01558	0.01124	0.00622	0.00501	0.00156	0.00466	0.00489	0.04128	0.00842
83	0.85592	0.00992	0.00754	0.00675	0.00992	0.01151	0.00556	0.01508	0.00873	0.02302	0.00714	0.00834	0.00556	0.00476	0.00318	0.00159	0.00397	0.00278	0.00318	0.00556
84	0.01033	0.08445	0.46429	0.01295	0.01828	0.03227	0.06917	0.01458	0.01035	0.01478	0.01026	0.01370	0.00839	0.05920	0.12339	0.00277	0.02350	0.00436	0.01637	0.00661
85	0.00627	0.00492	0.00570	0.00623	0.00732	0.00434	0.00447	0.00748	0.01100	0.01381	0.06312	0.37195	0.41534	0.01426	0.00631	0.00190	0.00284	0.04363	0.00479	0.00429
86	0.00991	0.00946	0.01592	0.03682	0.07098	0.04154	0.26731	0.01192	0.01010	0.01341	0.03743	0.06943	0.01504	0.33947	0.02656	0.00314	0.00649	0.00695	0.00302	0.00511
87	0.00901	0.00555	0.00734	0.00687	0.00829	0.00507	0.00515	0.01117	0.01388	0.11215	0.58676	0.14510	0.04209	0.01078	0.00601	0.00168	0.00273	0.00953	0.00561	0.00521
88	0.00821	0.00627	0.00775	0.00733	0.00734	0.00721	0.00490	0.00848	0.00765	0.01059	0.01470	0.06267	0.01679	0.61351	0.02331	0.00427	0.17519	0.00714	0.00300	0.00368
89	0.01245	0.01194	0.02038	0.09563	0.72547	0.01213	0.01562	0.01553	0.01157	0.01646	0.00961	0.01278	0.00802	0.00462	0.00508	0.00154	0.00616	0.00457	0.00252	0.00793
90	0.00764	0.00544	0.00691	0.00674	0.00796	0.00509	0.00497	0.01021	0.04612	0.03920	0.54033	0.18166	0.09538	0.01144	0.00609	0.00171	0.00266	0.01011	0.00542	0.00492
91	0.01645	0.07299	0.04244	0.01381	0.01793	0.10056	0.17043	0.37153	0.08702	0.02354	0.01164	0.01257	0.00867	0.00564	0.00536	0.00156	0.02141	0.00473	0.00398	0.00774
92	0.01124	0.02030	0.43339	0.01956	0.15168	0.01228	0.24505	0.01622	0.01136	0.01639	0.00964	0.01205	0.00716	0.00466	0.00527	0.00164	0.00766	0.00461	0.00236	0.00747
93	0.07668	0.01788	0.13036	0.01474	0.04138	0.27553	0.18677	0.04796	0.01307	0.04762	0.02705	0.02744	0.00997	0.00588	0.00516	0.00159	0.00750	0.05379	0.00308	0.00654

[dist]
# distance from previous block
# <min> <max>
0	16

[block]
# block no. 3 follows, 48 sequences, length 49
# corresponding to MSA columns:
# 241-289
name=unknown_D
#
# <colnr> <probs for GDERKNQSTAVLIFYWHMCP>
#	G	D	E	R	K	N	Q	S	T	A	V	L	I	F	Y	W	H	M	C	P
0	0.00700	0.00504	0.00693	0.00738	0.00791	0.00533	0.00524	0.00816	0.00874	0.01203	0.01966	0.30483	0.02179	0.17984	0.35259	0.00531	0.00805	0.02646	0.00358	0.00416
1	0.01253	0.01086	0.01541	0.34148	0.17318	0.05194	0.01239	0.01707	0.12558	0.08653	0.01183	0.01434	0.00904	0.00636	0.02084	0.00181	0.07409	0.00475	0.00317	0.00680
2	0.01256	0.01215	0.02103	0.05982	0.72747	0.01220	0.04770	0.01568	0.01165	0.01661	0.00966	0.01278	0.00807	0.00458	0.00512	0.00154	0.00623	0.00463	0.00253	0.00799
3	0.00717	0.00524	0.00673	0.00636	0.00761	0.00480	0.00477	0.00950	0.01430	0.02005	0.72766	0.03919	0.10604	0.01069	0.00605	0.00162	0.00243	0.00940	0.00558	0.00480
4	0.00891	0.00446	0.00668	0.00668	0.00668	0.00446	0.00446	0.00668	0.00668	0.00891	0.00891	0.01560	0.00891	0.01783	0.02005	0.85071	0.00446	0.00446	0.00223	0.00223
5	0.01072	0.10794	0.66718	0.01414	0.02106	0.01295	0.03527	0.01602	0.01071	0.01568	0.00893	0.01065	0.00655	0.00496	0.00518	0.00160	0.03713	0.00376	0.00218	0.00739
6	0.00764	0.00573	0.00734	0.00734	0.00793	0.02482	0.00521	0.00874	0.00814	0.01122	0.01489	0.04554	0.01542	0.33195	0.46795	0.00669	0.01005	0.00642	0.00293	0.00405
7	0.01831	0.01493	0.01439	0.01163	0.01529	0.12799	0.00936	0.48631	0.16781	0.06058	0.01368	0.01342	0.00993	0.00620	0.00508	0.00155	0.00581	0.00468	0.00484	0.00821
8	0.00855	0.00585	0.00806	0.00873	0.01002	0.00571	0.00743	0.01091	0.01255	0.04395	0.20608	0.05183	0.03340	0.01303	0.00677	0.00216	0.00417	0.55090	0.00500	0.00489
9	0.56592	0.01056	0.00933	0.00794	0.01105	0.01197	0.00641	0.20340	0.01251	0.02417	0.00954	0.02774	0.00791	0.06616	0.00545	0.00184	0.00444	0.00383	0.00369	0.00614
10	0.01372	0.82276	0.02689	0.00878	0.01317	0.02030	0.00878	0.01536	0.01043	0.01207	0.00713	0.00823	0.00658	0.00439	0.00329	0.00110	0.00549	0.00274	0.00219	0.00658
11	0.00806	0.00585	0.00796	0.00903	0.01019	0.00582	0.00769	0.01052	0.03008	0.01520	0.02836	0.13327	0.06728	0.01413	0.00694	0.00229	0.00443	0.62344	0.00474	0.00473
12	0.07387	0.01039	0.01126	0.00910	0.01233	0.01101	0.00737	0.31728	0.09600	0.14804	0.01502	0.01509	0.01085	0.00604	0.00460	0.00146	0.00433	0.00468	0.20116	0.04011
13	0.02997	0.00469	0.00683	0.00674	0.00691	0.00470	0.00456	0.00732	0.00692	0.02754	0.00913	0.01546	0.00892	0.01724	0.01929	0.81009	0.00444	0.00443	0.00235	0.00246
14	0.00758	0.00542	0.00748	0.00867	0.00955	0.00532	0.00708	0.00945	0.01114	0.01459	0.02755	0.31567	0.03103	0.01482	0.00690	0.00227	0.00413	0.50210	0.00474	0.00454
15	0.00979	0.00872	0.04094	0.29223	0.14041	0.00904	0.00990	0.04091	0.01011	0.01387	0.01229	0.02062	0.01162	0.28641	0.01225	0.00276	0.00575	0.00555	0.06151	0.00531
16	0.00882	0.00449	0.00661	0.00661	0.00661	0.00449	0.00437	0.00674	0.00674	0.00898	0.00939	0.01679	0.00956	0.07090	0.02045	0.79473	0.00449	0.00466	0.00229	0.00229
17	0.01123	0.01123	0.01572	0.01347	0.01347	0.01572	0.01123	0.01235	0.00786	0.01235	0.00674	0.01123	0.00674	0.00898	0.01684	0.00225	0.81028	0.00449	0.00225	0.00561
18	0.03103	0.00966	0.03253	0.39163	0.12924	0.01038	0.01157	0.04637	0.05694	0.01542	0.01437	0.01869	0.07221	0.05643	0.00641	0.00183	0.00575	0.02451	0.00300	0.06201
19	0.43571	0.00977	0.01067	0.01014	0.08573	0.01014	0.00739	0.03496	0.01164	0.31941	0.01255	0.01236	0.00863	0.00539	0.00417	0.00158	0.00436	0.00391	0.00438	0.00710
20	0.02140	0.00974	0.01234	0.00963	0.01350	0.00924	0.00790	0.12426	0.10204	0.60367	0.01926	0.01697	0.01251	0.00639	0.00516	0.00160	0.00450	0.00516	0.00606	0.00866
21	0.01448	0.01668	0.01492	0.01316	0.01433	0.35188	0.01047	0.01572	0.01074	0.01242	0.00753	0.01073	0.00692	0.00856	0.04243	0.00209	0.43477	0.00402	0.00244	0.00572
22	0.00707	0.00524	0.00660	0.00626	0.00755	0.00476	0.00469	0.00932	0.01408	0.01953	0.67039	0.04006	0.16364	0.01088	0.00605	0.00163	0.00245	0.00952	0.00551	0.00476
23	0.00625	0.00447	0.00595	0.00714	0.00744	0.00417	0.00476	0.00714	0.00982	0.01310	0.02828	0.81633	0.03394	0.01608	0.00655	0.00208	0.00298	0.01459	0.00476	0.00417
24	0.00667	0.00487	0.00636	0.00740	0.00807	0.00457	0.00542	0.00793	0.01049	0.01368	0.03097	0.55670	0.12607	0.01528	0.00661	0.00210	0.00331	0.17444	0.00475	0.00431
25	0.02302	0.00873	0.01191	0.00913	0.01310	0.00754	0.00754	0.02501	0.01469	0.79122	0.02024	0.01746	0.01270	0.00635	0.00516	0.00159	0.00437	0.00516	0.00635	0.00873
26	0.85592	0.00992	0.00754	0.00675	0.00992	0.01151	0.00556	0.01508	0.00873	0.02302	0.00714	0.00834	0.00556	0.00476	0.00318	0.00159	0.00397	0.00278	0.00318	0.00556
27	0.07720	0.01168	0.01231	0.00987	0.01324	0.01284	0.00804	0.46910	0.09396	0.06002	0.01395	0.01420	0.01018	0.00611	0.00471	0.00150	0.00470	0.00466	0.16403	0.00770
28	0.01205	0.43435	0.40066	0.01163	0.01758	0.01621	0.01374	0.01580	0.01062	0.01411	0.00815	0.00950	0.00654	0.00463	0.00406	0.00135	0.00651	0.00325	0.00218	0.00707
29	0.01723	0.12035	0.01573	0.01085	0.01454	0.06949	0.00902	0.48536	0.06482	0.04393	0.08598	0.01458	0.01259	0.00633	0.00495	0.00149	0.00544	0.00481	0.00466	0.00784
30	0.85592	0.00992	0.00754	0.00675	0.00992	0.01151	0.00556	0.01508	0.00873	0.02302	0.00714	0.00834	0.00556	0.00476	0.00318	0.00159	0.00397	0.00278	0.00318	0.00556
31	0.01054	0.08529	0.73656	0.01419	0.02154	0.01254	0.01821	0.01618	0.01080	0.01594	0.00906	0.01064	0.00651	0.00484	0.00476	0.00159	0.00743	0.00371	0.00217	0.00751
32	0.00687	0.00523	0.00631	0.00604	0.00742	0.00467	0.00453	0.00891	0.01359	0.01835	0.54214	0.04199	0.29262	0.01132	0.00606	0.00165	0.00248	0.00979	0.00536	0.00467
33	0.00736	0.00539	0.00771	0.00771	0.00844	0.00612	0.00574	0.00882	0.00809	0.01151	0.01424	0.02289	0.01402	0.19773	0.64172	0.00758	0.01196	0.00590	0.00282	0.00428
34	0.00703	0.00521	0.00638	0.00610	0.00730	0.00475	0.00446	0.00897	0.01320	0.01807	0.55160	0.04016	0.20021	0.09456	0.00813	0.00199	0.00272	0.00942	0.00520	0.00456
35	0.00873	0.00452	0.00655	0.00655	0.00655	0.00452	0.00429	0.00678	0.00678	0.00904	0.00983	0.01787	0.01015	0.11934	0.02082	0.74364	0.00452	0.00484	0.00234	0.00234
36	0.00984	0.00927	0.01566	0.76849	0.07301	0.01144	0.01432	0.01324	0.01033	0.01329	0.00915	0.01363	0.00690	0.00510	0.00513	0.00170	0.00680	0.00456	0.00229	0.00582
37	0.00618	0.00514	0.00534	0.00540	0.00694	0.00437	0.00397	0.00745	0.01153	0.01395	0.08114	0.09854	0.67439	0.04429	0.00687	0.00188	0.00271	0.01088	0.00474	0.00430
38	0.01064	0.00912	0.01064	0.00760	0.01216	0.00684	0.00608	0.01292	0.01064	0.01672	0.00912	0.01064	0.00760	0.00380	0.00380	0.00076	0.00380	0.00304	0.00304	0.85104
39	0.05515	0.01320	0.01446	0.01112	0.01517	0.01426	0.00919	0.60807	0.02182	0.16514	0.01349	0.01306	0.00929	0.00613	0.00506	0.00155	0.00535	0.00464	0.00526	0.00859
40	0.85592	0.00992	0.00754	0.00675	0.00992	0.01151	0.00556	0.01508	0.00873	0.02302	0.00714	0.00834	0.00556	0.00476	0.00318	0.00159	0.00397	0.00278	0.00318	0.00556
41	0.01324	0.69067	0.11519	0.01010	0.01489	0.01897	0.04802	0.01552	0.01056	0.01277	0.00753	0.00881	0.00664	0.00444	0.00361	0.00119	0.00589	0.00303	0.00221	0.00672
42	0.00956	0.00478	0.00478	0.00478	0.00598	0.00478	0.00359	0.01196	0.01076	0.01913	0.01674	0.01913	0.01315	0.00598	0.00359	0.00120	0.00239	0.00478	0.84816	0.00478
43	0.01270	0.01219	0.02083	0.03149	0.78767	0.01219	0.01575	0.01575	0.01168	0.01676	0.00965	0.01270	0.00813	0.00457	0.00508	0.00152	0.00610	0.00457	0.00254	0.00813
44	0.00661	0.00522	0.00595	0.00577	0.00726	0.00456	0.00433	0.00842	0.01298	0.01691	0.38435	0.04437	0.45131	0.01186	0.00606	0.00168	0.00252	0.01013	0.00517	0.00456
45	0.00631	0.00458	0.00593	0.00699	0.00742	0.00424	0.00473	0.00725	0.00997	0.01314	0.03000	0.71134	0.09892	0.03665	0.00703	0.00213	0.00304	0.03143	0.00472	0.00417
46	0.05430	0.01015	0.01484	0.01072	0.01530	0.00846	0.17142	0.01477	0.01119	0.08001	0.01020	0.01177	0.00795	0.00417	0.00437	0.00108	0.00491	0.00385	0.00322	0.55731
47	0.85592	0.00992	0.00754	0.00675	0.00992	0.01151	0.00556	0.01508	0.00873	0.02302	0.00714	0.00834	0.00556	0.00476	0.00318	0.00159	0.00397	0.00278	0.00318	0.00556
48	0.01216	0.02782	0.07397	0.01505	0.01813	0.07251	0.26385	0.01541	0.04882	0.03152	0.00997	0.01375	0.00843	0.05649	0.01011	0.00197	0.25008	0.00501	0.00273	0.06223

[dist]
# distance from previous block
# <min> <max>
0	1

[block]
# block no. 4 follows, 48 sequences, length 40
# corresponding to MSA columns:
# 291-330
name=unknown_E
#
# <colnr> <probs for GDERKNQSTAVLIFYWHMCP>
#	G	D	E	R	K	N	Q	S	T	A	V	L	I	F	Y	W	H	M	C	P
0	0.01383	0.01268	0.17810	0.00985	0.01360	0.00963	0.00940	0.19466	0.03372	0.15633	0.17854	0.02097	0.04090	0.03961	0.00604	0.00171	0.00478	0.00586	0.06278	0.00702
1	0.03600	0.01066	0.01759	0.41624	0.36948	0.01188	0.01454	0.03513	0.01123	0.01556	0.00939	0.01305	0.00743	0.00490	0.00505	0.00162	0.00639	0.00451	0.00250	0.00686
2	0.01159	0.00637	0.00677	0.00622	0.00801	0.00656	0.00480	0.04557	0.11663	0.08804	0.01744	0.01871	0.01328	0.00615	0.00401	0.00132	0.00292	0.00495	0.62491	0.00575
3	0.05379	0.05563	0.66604	0.01349	0.02036	0.01197	0.01694	0.03100	0.01103	0.02916	0.00954	0.01105	0.00684	0.00494	0.00469	0.00158	0.00703	0.00377	0.03377	0.00738
4	0.01453	0.00964	0.01103	0.00915	0.01195	0.01013	0.00728	0.26308	0.14093	0.13589	0.25111	0.02283	0.02293	0.02418	0.00579	0.00166	0.00407	0.00638	0.04029	0.00717
5	0.43534	0.00915	0.00946	0.00781	0.01126	0.00936	0.00641	0.01928	0.01156	0.37511	0.01468	0.03063	0.02813	0.00593	0.00423	0.00160	0.00410	0.00431	0.00470	0.00696
6	0.01098	0.10835	0.45428	0.06859	0.04849	0.01204	0.03572	0.04639	0.01175	0.02754	0.06603	0.01611	0.01132	0.00590	0.00500	0.00162	0.00659	0.05347	0.00280	0.00702
7	0.00639	0.00463	0.00580	0.00667	0.00712	0.00430	0.00442	0.00722	0.00975	0.01277	0.02982	0.60511	0.13355	0.12596	0.00917	0.00243	0.00320	0.01310	0.00454	0.00404
8	0.01516	0.01209	0.01290	0.01089	0.01417	0.01368	0.00869	0.31477	0.45619	0.02540	0.01783	0.03324	0.01360	0.00697	0.00525	0.00168	0.00467	0.01944	0.00517	0.00821
9	0.30037	0.01165	0.01200	0.01026	0.01244	0.07836	0.00838	0.08878	0.01117	0.10966	0.00991	0.04083	0.00823	0.00692	0.00829	0.00179	0.26700	0.00428	0.00345	0.00624
10	0.01372	0.82276	0.02689	0.00878	0.01317	0.02030	0.00878	0.01536	0.01043	0.01207	0.00713	0.00823	0.00658	0.00439	0.00329	0.00110	0.00549	0.00274	0.00219	0.00658
11	0.70564	0.06444	0.06523	0.00754	0.01115	0.01195	0.00681	0.01560	0.00924	0.05358	0.00783	0.00888	0.00599	0.00481	0.00339	0.00156	0.00434	0.00295	0.00317	0.00590
12	0.01250	0.01199	0.02047	0.08244	0.73826	0.01214	0.01565	0.01557	0.01159	0.01652	0.00962	0.01276	0.00804	0.00461	0.00508	0.00154	0.00614	0.00457	0.00252	0.00797
13	0.01192	0.01128	0.01913	0.15492	0.61555	0.01165	0.01502	0.01499	0.01146	0.01608	0.01072	0.01582	0.00933	0.00529	0.00522	0.00161	0.00613	0.05373	0.00264	0.00751
14	0.00632	0.00461	0.00581	0.00674	0.00723	0.00425	0.00451	0.00720	0.00992	0.01297	0.03086	0.64320	0.14382	0.07702	0.00797	0.00225	0.00307	0.01349	0.00464	0.00411
15	0.01391	0.00654	0.00860	0.00759	0.00953	0.00594	0.00563	0.01528	0.01190	0.34933	0.11081	0.18287	0.02251	0.19595	0.02763	0.00261	0.00420	0.00806	0.00513	0.00598
16	0.01524	0.00812	0.01014	0.00855	0.01134	0.00790	0.00678	0.02042	0.20025	0.34570	0.27684	0.02487	0.02540	0.00789	0.00547	0.00163	0.00364	0.00670	0.00584	0.00728
17	0.52370	0.00990	0.00935	0.00783	0.01115	0.01077	0.00643	0.10952	0.01224	0.18070	0.06506	0.01279	0.01041	0.00566	0.00402	0.00158	0.00415	0.00395	0.00424	0.00654
18	0.00733	0.00550	0.00825	0.00825	0.00916	0.00641	0.00641	0.00916	0.00825	0.01191	0.01374	0.02016	0.01283	0.03848	0.79934	0.00825	0.01374	0.00550	0.00275	0.00458
19	0.36047	0.01147	0.01020	0.00914	0.01191	0.12125	0.02924	0.07145	0.08037	0.05189	0.02589	0.07310	0.03464	0.00725	0.00463	0.00168	0.00494	0.08057	0.00389	0.00602
20	0.01760	0.25564	0.01814	0.01190	0.01508	0.55633	0.00958	0.03528	0.01356	0.01285	0.00780	0.00902	0.00665	0.00505	0.00425	0.00126	0.00808	0.00317	0.00257	0.00619
21	0.85592	0.00992	0.00754	0.00675	0.00992	0.01151	0.00556	0.01508	0.00873	0.02302	0.00714	0.00834	0.00556	0.00476	0.00318	0.00159	0.00397	0.00278	0.00318	0.00556
22	0.01460	0.01068	0.01368	0.01124	0.01388	0.01200	0.05624	0.14606	0.21827	0.15376	0.10154	0.01833	0.02633	0.00745	0.00772	0.00177	0.16874	0.00570	0.00467	0.00732
23	0.00732	0.00513	0.00627	0.00605	0.00675	0.00489	0.00407	0.00867	0.01140	0.01582	0.43482	0.03655	0.05374	0.36007	0.01472	0.00307	0.00353	0.00853	0.00453	0.00408
24	0.01237	0.01186	0.02024	0.11517	0.70652	0.01211	0.01559	0.01546	0.01153	0.01637	0.00959	0.01281	0.00799	0.00463	0.00509	0.00154	0.00618	0.00457	0.00251	0.00787
25	0.00624	0.00452	0.00590	0.00701	0.00741	0.00418	0.00470	0.00716	0.00995	0.01315	0.02992	0.76320	0.08600	0.01586	0.00652	0.00206	0.00295	0.01433	0.00476	0.00418
26	0.00885	0.00450	0.00675	0.00675	0.00678	0.00454	0.00454	0.00678	0.00675	0.00903	0.00911	0.01578	0.00907	0.01866	0.05147	0.81675	0.00483	0.00450	0.00225	0.00232
27	0.01372	0.82276	0.02689	0.00878	0.01317	0.02030	0.00878	0.01536	0.01043	0.01207	0.00713	0.00823	0.00658	0.00439	0.00329	0.00110	0.00549	0.00274	0.00219	0.00658
28	0.00626	0.00472	0.00580	0.00655	0.00731	0.00426	0.00452	0.00737	0.01066	0.01381	0.08469	0.54770	0.24808	0.01483	0.00638	0.00195	0.00283	0.01317	0.00482	0.00426
29	0.01247	0.01196	0.02041	0.09078	0.73018	0.01213	0.01563	0.01555	0.01157	0.01648	0.00961	0.01277	0.00803	0.00461	0.00508	0.00154	0.00615	0.00457	0.00252	0.00794
30	0.01638	0.01472	0.04387	0.01135	0.01477	0.15030	0.00925	0.26287	0.30461	0.06985	0.01560	0.03808	0.01186	0.00656	0.00511	0.00160	0.00560	0.00513	0.00468	0.00784
31	0.16783	0.01104	0.01127	0.00950	0.01210	0.14992	0.11060	0.01618	0.05689	0.05428	0.01294	0.01458	0.00998	0.00548	0.00421	0.00141	0.00496	0.00440	0.33663	0.00581
32	0.01391	0.01161	0.01889	0.01461	0.01852	0.01183	0.30752	0.02210	0.33533	0.13595	0.01686	0.01810	0.01258	0.00607	0.00560	0.00173	0.00594	0.03087	0.00434	0.00763
33	0.01105	0.00791	0.00936	0.00784	0.01065	0.00735	0.00612	0.01591	0.17732	0.10603	0.28451	0.02512	0.06999	0.00763	0.00517	0.00142	0.00337	0.00650	0.00489	0.23186
34	0.00765	0.00568	0.00676	0.00674	0.00808	0.00534	0.00495	0.02734	0.06196	0.03524	0.28046	0.25977	0.24612	0.01235	0.00610	0.00179	0.00285	0.01079	0.00513	0.00490
35	0.00804	0.00632	0.00983	0.00985	0.01122	0.00611	0.08841	0.01016	0.01134	0.01493	0.05428	0.24833	0.05015	0.02983	0.00716	0.00223	0.00455	0.41800	0.00451	0.00478
36	0.01162	0.14780	0.55286	0.01347	0.01985	0.06498	0.03080	0.01718	0.06599	0.01574	0.00966	0.01098	0.00720	0.00497	0.00466	0.00153	0.00714	0.00379	0.00243	0.00735
37	0.00677	0.00518	0.00620	0.00604	0.00739	0.00462	0.00450	0.00869	0.01322	0.01770	0.47432	0.08972	0.31357	0.01173	0.00609	0.00169	0.00252	0.01016	0.00528	0.00462
38	0.04219	0.32803	0.04947	0.01017	0.01405	0.20642	0.00898	0.07637	0.03400	0.07555	0.03190	0.01100	0.00874	0.00513	0.00414	0.00126	0.00609	0.00356	0.00314	0.07980
39	0.01276	0.05023	0.32053	0.02969	0.01742	0.02345	0.01219	0.14292	0.01321	0.05142	0.01006	0.01124	0.00750	0.00481	0.00453	0.00131	0.00585	0.00372	0.00313	0.27401

[dist]
# distance from previous block
# <min> <max>
0	11

[block]
# block no. 5 follows, 48 sequences, length 8
# corresponding to MSA columns:
# 342-349
name=unknown_F
#
# <colnr> <probs for GDERKNQSTAVLIFYWHMCP>
#	G	D	E	R	K	N	Q	S	T	A	V	L	I	F	Y	W	H	M	C	P
0	0.01361	0.08265	0.08965	0.07519	0.01596	0.01116	0.00922	0.13476	0.11683	0.09029	0.01207	0.01274	0.00908	0.00510	0.00449	0.00128	0.00494	0.00403	0.00374	0.30322
1	0.08458	0.07551	0.01044	0.00892	0.01093	0.08526	0.00728	0.01441	0.08758	0.06873	0.11892	0.13310	0.02384	0.01022	0.00568	0.00184	0.00455	0.23816	0.00446	0.00562
2	0.38186	0.01102	0.01006	0.00851	0.01162	0.07532	0.00682	0.12988	0.04076	0.15583	0.07772	0.01453	0.01190	0.03754	0.00514	0.00170	0.00463	0.00436	0.00426	0.00655
3	0.00974	0.01048	0.08850	0.01098	0.01251	0.01052	0.06423	0.01133	0.00871	0.01276	0.01156	0.06889	0.01206	0.24409	0.01580	0.00280	0.31777	0.00592	0.00274	0.07864
4	0.15863	0.03350	0.01529	0.04039	0.11661	0.01124	0.12401	0.09757	0.09468	0.02010	0.08616	0.01482	0.01225	0.00546	0.00475	0.00147	0.00511	0.00477	0.00360	0.14962
5	0.07257	0.04129	0.25040	0.01203	0.01665	0.01173	0.07731	0.20144	0.03096	0.08260	0.03126	0.07994	0.01174	0.00657	0.00507	0.00163	0.00581	0.02147	0.03231	0.00724
6	0.14706	0.01312	0.01068	0.00929	0.01205	0.24182	0.00725	0.09008	0.01417	0.14904	0.12224	0.02061	0.12733	0.00730	0.00494	0.00153	0.00535	0.00558	0.00431	0.00624
7	0.00931	0.00743	0.00759	0.00695	0.00906	0.02752	0.00535	0.08459	0.11644	0.03573	0.11733	0.03718	0.45023	0.01053	0.00567	0.00166	0.00327	0.00874	0.04992	0.00549

[dist]
# distance from previous block
# <min> <max>
0	1

[block]
# block no. 6 follows, 48 sequences, length 19
# corresponding to MSA columns:
# 351-369
name=unknown_G
#
# <colnr> <probs for GDERKNQSTAVLIFYWHMCP>
#	G	D	E	R	K	N	Q	S	T	A	V	L	I	F	Y	W	H	M	C	P
0	0.01357	0.00901	0.01024	0.00910	0.01181	0.00951	0.00708	0.02196	0.41585	0.19810	0.04389	0.10389	0.10651	0.00853	0.00546	0.00174	0.00381	0.00721	0.00539	0.00734
1	0.01263	0.00869	0.00994	0.00866	0.01106	0.00918	0.00689	0.17841	0.17854	0.08217	0.25201	0.02605	0.02458	0.00819	0.00538	0.00162	0.00377	0.05767	0.10790	0.00666
2	0.00701	0.00507	0.00666	0.00688	0.00783	0.00471	0.00508	0.00893	0.01279	0.01766	0.46824	0.27383	0.06655	0.01257	0.00629	0.00182	0.00279	0.07540	0.00527	0.00461
3	0.04669	0.04975	0.01353	0.00983	0.01384	0.01075	0.00820	0.24477	0.01709	0.50592	0.01687	0.01522	0.01101	0.00615	0.00500	0.00155	0.00479	0.00481	0.00569	0.00853
4	0.01034	0.00630	0.00717	0.00665	0.00825	0.00647	0.00514	0.01355	0.08556	0.09070	0.09881	0.05239	0.14285	0.00825	0.00555	0.00152	0.05818	0.00666	0.38021	0.00545
5	0.01272	0.59074	0.25016	0.01048	0.01580	0.01786	0.01175	0.01562	0.01054	0.01329	0.00774	0.00899	0.00656	0.00453	0.00375	0.00125	0.00610	0.00305	0.00219	0.00688
6	0.01223	0.01215	0.01921	0.22117	0.21262	0.06115	0.17382	0.06523	0.01210	0.01620	0.01015	0.03825	0.00838	0.00533	0.00580	0.00160	0.04606	0.00501	0.00276	0.07078
7	0.01283	0.34979	0.40389	0.01182	0.01771	0.03864	0.01376	0.01662	0.01104	0.06756	0.00908	0.01018	0.00696	0.00479	0.00424	0.00140	0.00656	0.00344	0.00248	0.00721
8	0.11933	0.01619	0.01366	0.01129	0.01465	0.23946	0.00896	0.42147	0.01865	0.02436	0.01098	0.03310	0.00871	0.03004	0.00541	0.00160	0.00639	0.00437	0.00411	0.00726
9	0.01207	0.01250	0.01859	0.01357	0.01818	0.08973	0.30003	0.01504	0.01160	0.01619	0.00948	0.01173	0.00757	0.00415	0.00475	0.00119	0.00622	0.00423	0.00283	0.44035
10	0.00677	0.00480	0.00580	0.00637	0.00676	0.00456	0.00412	0.00741	0.00919	0.01203	0.02639	0.38864	0.12025	0.33173	0.01420	0.00319	0.00377	0.03609	0.00411	0.00379
11	0.00718	0.00526	0.00680	0.00677	0.00752	0.00551	0.00481	0.00835	0.00891	0.01212	0.07173	0.03028	0.13251	0.29763	0.36589	0.00572	0.00835	0.00721	0.00337	0.00406
12	0.00835	0.00554	0.00681	0.00667	0.00822	0.00496	0.00512	0.01016	0.01272	0.09116	0.29000	0.13648	0.29402	0.01201	0.00614	0.00179	0.00297	0.08674	0.00521	0.00495
13	0.01416	0.00964	0.01037	0.00889	0.01163	0.01055	0.00704	0.18345	0.31286	0.09156	0.01771	0.01751	0.01313	0.00643	0.00470	0.00152	0.00392	0.00518	0.26245	0.00729
14	0.61251	0.00958	0.00882	0.00744	0.01085	0.01035	0.00614	0.01798	0.01047	0.24752	0.01097	0.01100	0.00764	0.00523	0.00376	0.00159	0.00409	0.00347	0.00410	0.00648
15	0.17498	0.08392	0.25009	0.01006	0.01459	0.01129	0.01046	0.10448	0.01243	0.14132	0.01162	0.01246	0.00841	0.00567	0.00474	0.02406	0.00529	0.00396	0.10322	0.00695
16	0.18234	0.01675	0.36791	0.01092	0.01583	0.01025	0.01202	0.05400	0.01170	0.11247	0.06399	0.09481	0.01276	0.00661	0.00483	0.00165	0.00555	0.00526	0.00352	0.00684
17	0.11820	0.35085	0.06659	0.01014	0.01423	0.13396	0.00928	0.15579	0.01368	0.07087	0.00923	0.00994	0.00727	0.00506	0.00404	0.00134	0.00595	0.00341	0.00321	0.00697
18	0.85592	0.00992	0.00754	0.00675	0.00992	0.01151	0.00556	0.01508	0.00873	0.02302	0.00714	0.00834	0.00556	0.00476	0.00318	0.00159	0.00397	0.00278	0.00318	0.00556

[dist]
# distance from previous block
# <min> <max>
0	20

[block]
# block no. 7 follows, 48 sequences, length 17
# corresponding to MSA columns:
# 390-406
name=unknown_H
#
# <colnr> <probs for GDERKNQSTAVLIFYWHMCP>
#	G	D	E	R	K	N	Q	S	T	A	V	L	I	F	Y	W	H	M	C	P
0	0.01388	0.01204	0.01766	0.15242	0.39886	0.01291	0.01325	0.21562	0.05876	0.02048	0.01130	0.02964	0.00904	0.00546	0.00514	0.00158	0.00592	0.00486	0.00338	0.00780
1	0.01157	0.00703	0.00864	0.00801	0.01001	0.00676	0.00625	0.09670	0.04085	0.16869	0.13954	0.21413	0.15262	0.01121	0.00598	0.00182	0.00364	0.09541	0.00526	0.00589
2	0.00862	0.00719	0.00845	0.00978	0.09359	0.06474	0.00629	0.01033	0.01121	0.01525	0.15971	0.24602	0.09441	0.04703	0.10134	0.00261	0.00496	0.00892	0.09460	0.00494
3	0.00694	0.00495	0.00597	0.00615	0.00676	0.00466	0.00407	0.00796	0.01042	0.01399	0.22583	0.22771	0.12442	0.31162	0.01360	0.00299	0.00352	0.01009	0.00438	0.00397
