[name]
unknown

[dist]
# distance from previous block
# <min> <max>
0	687

[block]
# block no. 0 follows, 48 sequences, length 37
# corresponding to MSA columns:
# 717-753
name=unknown_A
#
# <colnr> <probs for GDERKNQSTAVLIFYWHMCP>
#	G	D	E	R	K	N	Q	S	T	A	V	L	I	F	Y	W	H	M	C	P
0	0.01260	0.00884	0.01307	0.29983	0.09239	0.00955	0.02217	0.01681	0.10677	0.16996	0.06193	0.02083	0.06128	0.00676	0.00529	0.00167	0.00516	0.03795	0.04051	0.00663
1	0.03448	0.00963	0.01562	0.36120	0.31388	0.01056	0.01291	0.01320	0.01077	0.01468	0.01438	0.01751	0.10050	0.00640	0.00581	0.03835	0.00587	0.00526	0.00270	0.00630
2	0.85592	0.00992	0.00754	0.00675	0.00992	0.01151	0.00556	0.01508	0.00873	0.02302	0.00714	0.00834	0.00556	0.00476	0.00318	0.00159	0.00397	0.00278	0.00318	0.00556
3	0.00701	0.00536	0.00651	0.00658	0.00799	0.00486	0.00518	0.00899	0.01290	0.01696	0.35191	0.04651	0.32556	0.01219	0.00627	0.00181	0.00296	0.16071	0.00512	0.00462
4	0.00808	0.00525	0.00642	0.01868	0.00763	0.00529	0.00474	0.00944	0.03167	0.01379	0.05395	0.08141	0.09592	0.21219	0.07902	0.10457	0.00464	0.08179	0.17145	0.00407
5	0.01248	0.01336	0.01589	0.04797	0.01516	0.14304	0.03103	0.01381	0.00916	0.01252	0.00713	0.01108	0.00675	0.00809	0.01406	0.00206	0.62405	0.00434	0.00232	0.00571
6	0.01211	0.01384	0.03028	0.02163	0.02682	0.01298	0.76903	0.01644	0.01211	0.01644	0.01038	0.01384	0.00779	0.00433	0.00606	0.00173	0.00865	0.00606	0.00260	0.00692
7	0.00640	0.00505	0.00566	0.00583	0.00716	0.00440	0.00425	0.00786	0.01184	0.01510	0.18631	0.20259	0.47622	0.01300	0.00611	0.00177	0.00264	0.01117	0.02225	0.00440
8	0.00667	0.00522	0.00749	0.00780	0.00863	0.00481	0.05584	0.00785	0.01025	0.01347	0.04321	0.62464	0.13369	0.03586	0.00696	0.00208	0.00335	0.01323	0.00459	0.00436
9	0.01358	0.00794	0.00975	0.00844	0.01083	0.00776	0.00666	0.17273	0.01558	0.21241	0.24068	0.14772	0.06569	0.00973	0.00577	0.00171	0.00380	0.04725	0.00549	0.00649
10	0.01276	0.01102	0.01160	0.01044	0.01334	0.01276	0.00812	0.02727	0.77840	0.02146	0.02088	0.01914	0.01566	0.00696	0.00522	0.00174	0.00406	0.00580	0.00522	0.00812
11	0.10842	0.00691	0.00721	0.00657	0.00838	0.00723	0.00508	0.12703	0.01324	0.02147	0.16835	0.07410	0.02000	0.00744	0.00446	0.00144	0.00311	0.00608	0.39804	0.00544
12	0.01913	0.00815	0.01056	0.00842	0.01189	0.00717	0.00685	0.02162	0.05311	0.59746	0.02658	0.02389	0.16640	0.00770	0.00534	0.00162	0.00400	0.00632	0.00598	0.00783
13	0.00713	0.00519	0.00671	0.00644	0.00761	0.00477	0.00479	0.00939	0.01406	0.01972	0.69572	0.09106	0.08618	0.01100	0.00609	0.00165	0.00247	0.00972	0.00554	0.00477
14	0.00887	0.00648	0.00778	0.00794	0.00909	0.00651	0.00570	0.15882	0.01279	0.01697	0.02670	0.60518	0.07932	0.01390	0.00624	0.00195	0.00348	0.01235	0.00484	0.00508
15	0.00663	0.00474	0.00596	0.00658	0.00707	0.00444	0.00438	0.00761	0.01022	0.01367	0.14266	0.48131	0.09326	0.17463	0.01032	0.00256	0.00326	0.01206	0.00457	0.00407
16	0.00827	0.00655	0.01109	0.01012	0.01158	0.00609	0.15674	0.00990	0.01053	0.05352	0.02431	0.61609	0.02766	0.01324	0.00638	0.00199	0.00418	0.01241	0.00441	0.00495
17	0.01727	0.01102	0.01275	0.01057	0.01393	0.01167	0.00877	0.36380	0.10865	0.19867	0.01807	0.02334	0.01457	0.00789	0.00554	0.00174	0.00499	0.15358	0.00534	0.00786
18	0.01850	0.00792	0.01019	0.00818	0.01151	0.00698	0.00664	0.02091	0.04691	0.56294	0.02639	0.02397	0.16640	0.00768	0.00526	0.00160	0.00390	0.00629	0.05022	0.00762
19	0.32513	0.01029	0.01101	0.00880	0.01250	0.01065	0.00726	0.16951	0.01440	0.36117	0.01391	0.01312	0.00931	0.00574	0.00443	0.00158	0.00448	0.00419	0.00495	0.00758
20	0.00946	0.00496	0.00553	0.00559	0.00676	0.00481	0.00411	0.01153	0.01103	0.05860	0.07072	0.17870	0.01962	0.00831	0.00442	0.00142	0.00261	0.00705	0.57989	0.00487
21	0.69045	0.00969	0.00841	0.00722	0.01055	0.01072	0.00595	0.01705	0.00992	0.17563	0.00975	0.01015	0.00698	0.00508	0.00357	0.00159	0.00405	0.00325	0.00381	0.00619
22	0.00903	0.00748	0.01264	0.01187	0.01385	0.00731	0.15940	0.01178	0.01187	0.01557	0.02383	0.04913	0.02521	0.01222	0.00688	0.00224	0.00550	0.60471	0.00430	0.00516
23	0.01017	0.00848	0.01017	0.00797	0.01186	0.00665	0.00651	0.01247	0.01087	0.01645	0.01271	0.02002	0.01196	0.00586	0.00445	0.00108	0.00398	0.15206	0.00337	0.68291
24	0.00610	0.00505	0.00535	0.00558	0.00703	0.00430	0.00407	0.00732	0.01132	0.01371	0.04727	0.20174	0.63626	0.01361	0.00616	0.00180	0.00267	0.01158	0.00476	0.00430
25	0.68975	0.01081	0.00910	0.00775	0.01111	0.01239	0.00639	0.16517	0.01179	0.02487	0.00817	0.00913	0.00619	0.00504	0.00356	0.00158	0.00430	0.00314	0.00356	0.00619
26	0.00738	0.00531	0.00730	0.00730	0.00789	0.00590	0.00523	0.00856	0.00797	0.01121	0.01461	0.02494	0.01491	0.31714	0.52352	0.00708	0.01062	0.00620	0.00288	0.00406
27	0.01774	0.01333	0.01445	0.01097	0.01517	0.01411	0.00902	0.62004	0.02145	0.02923	0.01168	0.01199	0.00850	0.00569	0.00487	0.00138	0.00528	0.00431	0.00472	0.17606
28	0.02111	0.00890	0.01170	0.00916	0.01287	0.00808	0.00750	0.05637	0.06757	0.65384	0.07121	0.01876	0.01513	0.00666	0.00522	0.00160	0.00427	0.00546	0.00617	0.00843
29	0.00768	0.00947	0.16280	0.00788	0.01044	0.00617	0.00750	0.01063	0.01335	0.01868	0.51778	0.03457	0.15380	0.00976	0.00582	0.00163	0.00347	0.00843	0.00482	0.00531
30	0.00646	0.00467	0.00577	0.00655	0.00700	0.00435	0.00431	0.00724	0.00963	0.01258	0.02933	0.54898	0.14051	0.17527	0.01037	0.00261	0.00332	0.01262	0.00443	0.00398
31	0.00888	0.00646	0.00780	0.00800	0.00911	0.00651	0.00573	0.15881	0.01273	0.01695	0.02591	0.63064	0.05437	0.01400	0.00625	0.00196	0.00349	0.01248	0.00484	0.00508
32	0.01064	0.00912	0.01064	0.00760	0.01216	0.00684	0.00608	0.01292	0.01064	0.01672	0.00912	0.01064	0.00760	0.00380	0.00380	0.00076	0.00380	0.00304	0.00304	0.85104
33	0.01211	0.01384	0.03028	0.02163	0.02682	0.01298	0.76903	0.01644	0.01211	0.01644	0.01038	0.01384	0.00779	0.00433	0.00606	0.00173	0.00865	0.00606	0.00260	0.00692
34	0.00650	0.00466	0.00618	0.00697	0.00750	0.00434	0.00478	0.00778	0.01100	0.01497	0.21726	0.62202	0.03755	0.01468	0.00642	0.00197	0.00284	0.01326	0.00498	0.00434
35	0.01152	0.00914	0.01163	0.18086	0.01680	0.01030	0.00895	0.20519	0.10865	0.01938	0.05759	0.07491	0.05470	0.01338	0.14267	0.00286	0.00654	0.05455	0.00408	0.00629
36	0.02907	0.35694	0.03046	0.01060	0.01415	0.31705	0.00910	0.03758	0.01283	0.08859	0.02171	0.02217	0.00859	0.00538	0.00420	0.00130	0.00674	0.01406	0.00299	0.00652

[dist]
# distance from previous block
# <min> <max>
0	9

[block]
# block no. 1 follows, 48 sequences, length 141
# corresponding to MSA columns:
# 763-837,839-904
name=unknown_B
#
# <colnr> <probs for GDERKNQSTAVLIFYWHMCP>
#	G	D	E	R	K	N	Q	S	T	A	V	L	I	F	Y	W	H	M	C	P
0	0.01690	0.01601	0.01360	0.01165	0.01485	0.25129	0.00913	0.24160	0.31034	0.03957	0.01446	0.01413	0.01084	0.00621	0.00501	0.00155	0.00610	0.00469	0.00444	0.00765
1	0.01325	0.23762	0.18608	0.01049	0.01509	0.01358	0.01041	0.01997	0.25227	0.08986	0.01334	0.01333	0.01010	0.00543	0.00447	0.00143	0.00522	0.00419	0.00361	0.09026
2	0.01286	0.03290	0.39460	0.01215	0.01790	0.01177	0.01334	0.14259	0.10042	0.05834	0.01155	0.01228	0.00840	0.00521	0.00477	0.00147	0.00604	0.00408	0.00336	0.14596
3	0.00688	0.00550	0.00637	0.00633	0.00791	0.00467	0.00459	0.00827	0.01113	0.01457	0.09961	0.31281	0.34857	0.01256	0.00591	0.00171	0.00289	0.01092	0.00459	0.12420
4	0.01441	0.01007	0.02863	0.01037	0.01431	0.02017	0.11487	0.05503	0.05135	0.22917	0.08814	0.01735	0.02876	0.02376	0.00541	0.00143	0.00477	0.00513	0.00436	0.27250
5	0.00639	0.00519	0.00572	0.00604	0.00750	0.00452	0.00461	0.00777	0.01145	0.01395	0.04530	0.15911	0.57793	0.01359	0.00627	0.00187	0.00294	0.11075	0.00476	0.00436
6	0.01467	0.66523	0.02440	0.00960	0.01365	0.15868	0.00897	0.01650	0.02586	0.01234	0.00754	0.00862	0.00676	0.00460	0.00357	0.00115	0.00613	0.00290	0.00233	0.00650
7	0.00681	0.00528	0.00661	0.00695	0.02698	0.00488	0.00493	0.00853	0.01202	0.01599	0.30341	0.18233	0.29110	0.01494	0.08334	0.00238	0.00378	0.01029	0.00483	0.00460
8	0.04208	0.06432	0.51545	0.01259	0.01843	0.05198	0.01479	0.07064	0.01242	0.01788	0.11902	0.01452	0.01257	0.00576	0.00490	0.00157	0.00655	0.00451	0.00294	0.00707
9	0.00988	0.01027	0.12030	0.01033	0.01293	0.00864	0.00962	0.03440	0.20123	0.01750	0.04040	0.03991	0.03773	0.01077	0.00622	0.00205	0.00489	0.41233	0.00452	0.00606
10	0.65452	0.00914	0.00763	0.00676	0.00981	0.01011	0.00552	0.01496	0.00973	0.09650	0.01477	0.01504	0.11670	0.00608	0.00378	0.00161	0.00381	0.00415	0.00371	0.00569
11	0.01959	0.01423	0.01531	0.01174	0.01584	0.01570	0.00970	0.75196	0.02389	0.05127	0.01252	0.01245	0.00883	0.00616	0.00513	0.00154	0.00561	0.00463	0.00516	0.00873
12	0.00891	0.00446	0.00668	0.00668	0.00668	0.00446	0.00446	0.00668	0.00668	0.00891	0.00891	0.01560	0.00891	0.01783	0.02005	0.85071	0.00446	0.00446	0.00223	0.00223
13	0.00640	0.00525	0.00585	0.00580	0.00735	0.00469	0.00438	0.00793	0.01159	0.01448	0.14470	0.04376	0.57747	0.01627	0.11838	0.00264	0.00415	0.00987	0.00460	0.00444
14	0.02135	0.00910	0.01186	0.00934	0.01314	0.00839	0.00764	0.02537	0.13884	0.66608	0.02035	0.01774	0.01318	0.00645	0.00517	0.00161	0.00432	0.00526	0.00617	0.00863
15	0.01951	0.01437	0.01540	0.01181	0.01591	0.01591	0.00975	0.77056	0.02412	0.03234	0.01232	0.01232	0.00873	0.00616	0.00513	0.00154	0.00565	0.00462	0.00513	0.00873
16	0.00708	0.00524	0.00660	0.00626	0.00755	0.00476	0.00470	0.00932	0.01409	0.01954	0.67144	0.04004	0.16258	0.01088	0.00605	0.00163	0.00245	0.00952	0.00551	0.00476
17	0.01235	0.01310	0.01555	0.01344	0.01381	0.12663	0.01104	0.01350	0.00880	0.01238	0.00690	0.01095	0.00672	0.00846	0.01511	0.00211	0.69686	0.00432	0.00230	0.00566
18	0.01951	0.01437	0.01540	0.01181	0.01591	0.01591	0.00975	0.77056	0.02412	0.03234	0.01232	0.01232	0.00873	0.00616	0.00513	0.00154	0.00565	0.00462	0.00513	0.00873
19	0.00766	0.00482	0.00645	0.00731	0.00792	0.00445	0.00500	0.00864	0.01023	0.07830	0.02761	0.74939	0.03216	0.01526	0.00643	0.00204	0.00309	0.01380	0.00490	0.00455
20	0.02157	0.00906	0.01186	0.00932	0.01313	0.00828	0.00762	0.02533	0.12282	0.68223	0.02033	0.01770	0.01312	0.00644	0.00517	0.00161	0.00432	0.00525	0.00619	0.00865
21	0.01372	0.01150	0.01214	0.01064	0.01371	0.01321	0.00835	0.13251	0.67160	0.02300	0.01967	0.01818	0.01468	0.00685	0.00521	0.00171	0.00429	0.00563	0.00521	0.00821
22	0.00999	0.00856	0.00987	0.00726	0.01142	0.00648	0.00577	0.01213	0.01079	0.01632	0.01519	0.01613	0.11776	0.00510	0.00412	0.00090	0.00363	0.00414	0.00328	0.73115
23	0.00663	0.00514	0.00553	0.00548	0.00663	0.00459	0.00379	0.00769	0.01081	0.01357	0.13587	0.04329	0.46426	0.25073	0.01198	0.00267	0.00328	0.00964	0.00439	0.00404
24	0.85592	0.00992	0.00754	0.00675	0.00992	0.01151	0.00556	0.01508	0.00873	0.02302	0.00714	0.00834	0.00556	0.00476	0.00318	0.00159	0.00397	0.00278	0.00318	0.00556
25	0.01959	0.01424	0.01532	0.01174	0.01585	0.01572	0.00970	0.75348	0.02391	0.04972	0.01250	0.01244	0.00882	0.00616	0.00513	0.00154	0.00562	0.00463	0.00516	0.00873
26	0.00668	0.00464	0.00583	0.00660	0.00679	0.00445	0.00418	0.00726	0.00899	0.01199	0.02401	0.54039	0.02855	0.29937	0.01345	0.00310	0.00368	0.01208	0.00418	0.00379
27	0.01379	0.00667	0.00856	0.00759	0.00999	0.00583	0.00595	0.01543	0.01282	0.35877	0.06887	0.17956	0.22495	0.01057	0.00581	0.00176	0.00356	0.04772	0.00551	0.00630
28	0.02000	0.01357	0.01490	0.01143	0.01551	0.01473	0.00944	0.66499	0.02279	0.13979	0.01344	0.01305	0.00929	0.00619	0.00514	0.00155	0.00546	0.00470	0.00531	0.00873
29	0.77331	0.00947	0.00748	0.00672	0.00970	0.01086	0.00549	0.01456	0.00930	0.02278	0.08285	0.01125	0.00973	0.00532	0.00346	0.00159	0.00382	0.00341	0.00342	0.00549
30	0.01062	0.00894	0.01021	0.00756	0.01169	0.00713	0.00603	0.06622	0.01175	0.01743	0.01542	0.01625	0.11784	0.00527	0.00422	0.00095	0.00376	0.00426	0.00343	0.67102
31	0.00627	0.00490	0.00571	0.00631	0.00736	0.00434	0.00453	0.00744	0.01085	0.01360	0.03991	0.39686	0.40459	0.01445	0.00634	0.00193	0.00288	0.05268	0.00476	0.00428
32	0.01574	0.00734	0.01011	0.00929	0.01188	0.00673	0.00790	0.01791	0.01327	0.40838	0.02366	0.03741	0.02101	0.01021	0.00611	0.00197	0.00454	0.37424	0.00555	0.00675
33	0.01372	0.82276	0.02689	0.00878	0.01317	0.02030	0.00878	0.01536	0.01043	0.01207	0.00713	0.00823	0.00658	0.00439	0.00329	0.00110	0.00549	0.00274	0.00219	0.00658
34	0.00929	0.00732	0.01121	0.32472	0.01965	0.00865	0.00940	0.01225	0.04787	0.04953	0.01276	0.01845	0.01104	0.08221	0.34802	0.00477	0.00941	0.00528	0.00288	0.00528
35	0.00728	0.00481	0.00666	0.00715	0.00768	0.00486	0.00508	0.00787	0.00910	0.01248	0.04926	0.34201	0.05925	0.02105	0.19877	0.18846	0.00585	0.02388	0.03459	0.00391
36	0.85592	0.00992	0.00754	0.00675	0.00992	0.01151	0.00556	0.01508	0.00873	0.02302	0.00714	0.00834	0.00556	0.00476	0.00318	0.00159	0.00397	0.00278	0.00318	0.00556
37	0.00969	0.00912	0.01539	0.80734	0.03534	0.01140	0.01425	0.01311	0.01026	0.01311	0.00912	0.01368	0.00684	0.00513	0.00513	0.00171	0.00684	0.00456	0.00228	0.00570
38	0.01016	0.00960	0.01624	0.68630	0.15271	0.01152	0.01448	0.01352	0.01048	0.01368	0.00920	0.01353	0.00704	0.00504	0.00512	0.00168	0.00672	0.00456	0.00232	0.00608
39	0.01282	0.01117	0.01395	0.09396	0.18090	0.05009	0.00986	0.16037	0.07850	0.02011	0.12063	0.01627	0.01426	0.00584	0.00494	0.00140	0.00505	0.00495	0.00379	0.19115
40	0.01703	0.01007	0.01173	0.00990	0.01324	0.01059	0.00788	0.02633	0.46099	0.34138	0.02062	0.01845	0.01443	0.00671	0.00520	0.00168	0.00419	0.00553	0.00569	0.00838
41	0.00625	0.00447	0.00595	0.00714	0.00744	0.00417	0.00476	0.00714	0.00982	0.01310	0.02828	0.81633	0.03394	0.01608	0.00655	0.00208	0.00298	0.01459	0.00476	0.00417
42	0.00628	0.00473	0.00584	0.00669	0.00743	0.00429	0.00466	0.00735	0.01044	0.01341	0.03498	0.56629	0.24763	0.01512	0.00643	0.00200	0.00294	0.04449	0.00476	0.00424
43	0.00670	0.00495	0.00628	0.00662	0.00755	0.00453	0.00477	0.00834	0.01213	0.01637	0.34306	0.34616	0.16317	0.01321	0.00628	0.00184	0.00274	0.03569	0.00513	0.00449
44	0.01909	0.01228	0.01389	0.01057	0.01471	0.01263	0.00870	0.48514	0.01996	0.21145	0.01376	0.01331	0.00952	0.00587	0.00495	0.00144	0.00508	0.00453	0.00513	0.12799
45	0.00689	0.00518	0.00609	0.00605	0.00741	0.00457	0.00447	0.00859	0.01261	0.03131	0.33963	0.15296	0.37108	0.01231	0.00611	0.00173	0.00262	0.01064	0.00515	0.00460
46	0.00749	0.00538	0.00641	0.00623	0.00774	0.00477	0.00473	0.00932	0.01292	0.05343	0.35549	0.08665	0.35972	0.01186	0.00609	0.00173	0.00274	0.04731	0.00521	0.00476
47	0.01064	0.00912	0.01064	0.00760	0.01216	0.00684	0.00608	0.01292	0.01064	0.01672	0.00912	0.01064	0.00760	0.00380	0.00380	0.00076	0.00380	0.00304	0.00304	0.85104
48	0.00648	0.00460	0.00595	0.00685	0.00719	0.00433	0.00452	0.00735	0.00981	0.01313	0.07357	0.64460	0.04539	0.12946	0.00928	0.00246	0.00322	0.01319	0.00458	0.00406
49	0.00720	0.00492	0.00544	0.00564	0.00629	0.00465	0.00365	0.00801	0.00937	0.01273	0.02717	0.16708	0.21072	0.37131	0.01472	0.00316	0.00369	0.00912	0.12130	0.00382
50	0.04017	0.00687	0.00771	0.00749	0.00909	0.00698	0.00560	0.09068	0.09968	0.03243	0.07659	0.24887	0.17744	0.07271	0.00734	0.00205	0.00355	0.05243	0.04701	0.00529
51	0.73799	0.00975	0.00816	0.00708	0.01037	0.01095	0.00584	0.01649	0.00958	0.13179	0.00900	0.00963	0.00657	0.00499	0.00346	0.00159	0.00403	0.00312	0.00362	0.00601
52	0.00891	0.00446	0.00668	0.00668	0.00668	0.00446	0.00446	0.00668	0.00668	0.00891	0.00891	0.01560	0.00891	0.01783	0.02005	0.85071	0.00446	0.00446	0.00223	0.00223
53	0.05447	0.00904	0.00964	0.00810	0.01068	0.00942	0.00644	0.31080	0.01685	0.02321	0.16768	0.02809	0.23105	0.02315	0.00572	0.00164	0.00387	0.00717	0.06672	0.00624
54	0.01002	0.00808	0.00874	0.00819	0.01022	0.00863	0.00618	0.06788	0.32783	0.01852	0.06856	0.15632	0.19633	0.04218	0.00644	0.00188	0.00355	0.00851	0.03579	0.00616
55	0.00741	0.00568	0.00695	0.00765	0.00862	0.00563	0.00557	0.01047	0.11915	0.01467	0.03026	0.50344	0.13142	0.01413	0.00637	0.00202	0.00330	0.10761	0.00482	0.00482
56	0.02302	0.00873	0.01191	0.00913	0.01310	0.00754	0.00754	0.02501	0.01469	0.79122	0.02024	0.01746	0.01270	0.00635	0.00516	0.00159	0.00437	0.00516	0.00635	0.00873
57	0.00899	0.00726	0.00833	0.00846	0.01008	0.00770	0.00644	0.01529	0.29986	0.01671	0.02871	0.28948	0.13383	0.01191	0.00606	0.00195	0.00360	0.12464	0.00493	0.00577
58	0.02116	0.00982	0.01236	0.00964	0.01348	0.00937	0.00791	0.14885	0.08827	0.57722	0.03413	0.01718	0.01303	0.00646	0.00518	0.00159	0.00451	0.00521	0.00603	0.00860
59	0.01382	0.01398	0.05729	0.03821	0.30437	0.05085	0.18625	0.15814	0.03684	0.01915	0.01046	0.01290	0.00822	0.00574	0.01931	0.00173	0.04719	0.00487	0.00309	0.00760
60	0.04788	0.03455	0.01520	0.01153	0.01551	0.04153	0.00951	0.66368	0.06072	0.03031	0.01230	0.01232	0.00884	0.00608	0.00501	0.00153	0.00562	0.00453	0.00491	0.00844
61	0.00851	0.00727	0.00955	0.00875	0.00926	0.00876	0.00670	0.00963	0.00933	0.01311	0.12425	0.05808	0.12336	0.20414	0.09235	0.00331	0.28843	0.00722	0.00341	0.00458
62	0.02552	0.00864	0.01124	0.01334	0.20527	0.01991	0.00793	0.04934	0.09045	0.01684	0.05271	0.02149	0.01464	0.18364	0.00977	0.02166	0.00461	0.03276	0.12308	0.08716
63	0.00839	0.00542	0.00704	0.00706	0.00830	0.00498	0.00532	0.01020	0.01257	0.08459	0.34491	0.23740	0.11276	0.03241	0.00672	0.00191	0.00308	0.09681	0.00523	0.00490
64	0.00643	0.00483	0.00597	0.00656	0.00741	0.00437	0.00462	0.00774	0.01123	0.01475	0.17796	0.45965	0.22874	0.01420	0.00634	0.00191	0.00280	0.02523	0.00493	0.00435
65	0.00618	0.00474	0.00567	0.00642	0.00725	0.00423	0.00444	0.00723	0.01052	0.01338	0.03712	0.53020	0.31436	0.01493	0.00637	0.00195	0.00284	0.01318	0.00476	0.00423
66	0.00668	0.00493	0.00578	0.00606	0.00682	0.00454	0.00407	0.00768	0.01042	0.01358	0.14636	0.26311	0.24725	0.23573	0.01173	0.00271	0.00333	0.01074	0.00444	0.00403
67	0.47575	0.01018	0.01003	0.00821	0.01177	0.01089	0.00677	0.12517	0.01278	0.26575	0.01199	0.01177	0.00825	0.00546	0.00408	0.00158	0.00433	0.00379	0.00445	0.00700
68	0.00969	0.00912	0.01539	0.80734	0.03534	0.01140	0.01425	0.01311	0.01026	0.01311	0.00912	0.01368	0.00684	0.00513	0.00513	0.00171	0.00684	0.00456	0.00228	0.00570
69	0.01051	0.00641	0.00778	0.00742	0.00865	0.00586	0.00520	0.01147	0.01201	0.12554	0.23403	0.13840	0.09909	0.26590	0.01278	0.00296	0.00407	0.03156	0.00506	0.00530
70	0.00746	0.00503	0.00651	0.00680	0.00773	0.00461	0.00483	0.00898	0.01187	0.05477	0.30169	0.41720	0.10077	0.02883	0.00664	0.00192	0.00285	0.01175	0.00513	0.00463
71	0.01252	0.00574	0.00676	0.00622	0.00800	0.00540	0.00476	0.01460	0.01163	0.21478	0.01926	0.13158	0.01598	0.00750	0.00441	0.00142	0.00298	0.00627	0.51449	0.00570
72	0.85592	0.00992	0.00754	0.00675	0.00992	0.01151	0.00556	0.01508	0.00873	0.02302	0.00714	0.00834	0.00556	0.00476	0.00318	0.00159	0.00397	0.00278	0.00318	0.00556
73	0.00691	0.00511	0.00557	0.00560	0.00639	0.00474	0.00368	0.00760	0.00958	0.01208	0.05443	0.04113	0.33657	0.43291	0.01654	0.00344	0.00391	0.03616	0.00393	0.00372
74	0.01987	0.00973	0.01196	0.00935	0.01280	0.00945	0.00751	0.22444	0.01622	0.47507	0.01752	0.01835	0.01247	0.12146	0.00812	0.00205	0.00480	0.00534	0.00556	0.00793
75	0.13021	0.00883	0.00936	0.00852	0.01086	0.00980	0.00660	0.01935	0.40065	0.02137	0.28778	0.02436	0.02576	0.00789	0.00522	0.00167	0.00347	0.00660	0.00508	0.00660
76	0.85592	0.00992	0.00754	0.00675	0.00992	0.01151	0.00556	0.01508	0.00873	0.02302	0.00714	0.00834	0.00556	0.00476	0.00318	0.00159	0.00397	0.00278	0.00318	0.00556
77	0.00635	0.00484	0.00559	0.00612	0.00697	0.00435	0.00417	0.00728	0.01026	0.01297	0.03634	0.38931	0.34165	0.12859	0.00912	0.00235	0.00310	0.01203	0.00453	0.00409
78	0.12671	0.00556	0.00621	0.00682	0.00797	0.00542	0.00500	0.00866	0.01034	0.01492	0.03121	0.43290	0.22079	0.01350	0.00600	0.00195	0.00319	0.08385	0.00453	0.00446
79	0.44245	0.00952	0.00945	0.00770	0.01122	0.00975	0.00627	0.05285	0.01128	0.22801	0.01151	0.01222	0.00839	0.03491	0.00473	0.00159	0.00417	0.00371	0.00410	0.12618
80	0.44318	0.00939	0.00952	0.00771	0.01136	0.00945	0.00633	0.01827	0.01110	0.29242	0.01203	0.01187	0.00836	0.00519	0.00396	0.00147	0.00408	0.00365	0.00427	0.12639
81	0.01016	0.00857	0.01010	0.00744	0.01152	0.00656	0.00590	0.01246	0.01119	0.01727	0.11897	0.01456	0.01338	0.00475	0.00412	0.00088	0.00360	0.00392	0.00341	0.73123
82	0.33118	0.00862	0.00927	0.00763	0.01091	0.00863	0.00624	0.01946	0.01191	0.39592	0.01487	0.01430	0.01011	0.00571	0.00420	0.00153	0.00394	0.00422	0.12436	0.00699
83	0.01211	0.01384	0.03028	0.02163	0.02682	0.01298	0.76903	0.01644	0.01211	0.01644	0.01038	0.01384	0.00779	0.00433	0.00606	0.00173	0.00865	0.00606	0.00260	0.00692
84	0.00682	0.00523	0.00624	0.00599	0.00739	0.00465	0.00449	0.00882	0.01347	0.01807	0.51143	0.04245	0.32350	0.01142	0.00606	0.00166	0.00249	0.00986	0.00532	0.00465
85	0.00767	0.00635	0.01064	0.00979	0.01112	0.00663	0.11387	0.00956	0.00929	0.01293	0.01785	0.27029	0.01877	0.02658	0.43705	0.00538	0.00963	0.00844	0.00336	0.00478
86	0.00644	0.00507	0.00587	0.00641	0.00762	0.00450	0.00479	0.00776	0.01112	0.01383	0.04099	0.29240	0.44154	0.01413	0.00636	0.00193	0.00302	0.11712	0.00476	0.00434
87	0.02302	0.00873	0.01191	0.00913	0.01310	0.00754	0.00754	0.02501	0.01469	0.79122	0.02024	0.01746	0.01270	0.00635	0.00516	0.00159	0.00437	0.00516	0.00635	0.00873
88	0.01029	0.02654	0.79309	0.01462	0.02221	0.01192	0.01896	0.01625	0.01083	0.01625	0.00921	0.01083	0.00650	0.00487	0.00487	0.00162	0.00758	0.00379	0.00217	0.00758
89	0.00993	0.00799	0.00842	0.00791	0.01009	0.00856	0.00613	0.01785	0.38260	0.01851	0.04741	0.03062	0.25123	0.00908	0.00535	0.00169	0.00337	0.04257	0.12442	0.00626
90	0.02223	0.00938	0.01223	0.00945	0.01338	0.00858	0.00778	0.09767	0.04897	0.68373	0.01950	0.01704	0.01244	0.00636	0.00516	0.00159	0.00448	0.00514	0.00618	0.00870
91	0.01095	0.13804	0.61035	0.01448	0.02138	0.01321	0.09053	0.01614	0.01090	0.01568	0.00903	0.01076	0.00664	0.00475	0.00477	0.00156	0.00739	0.00386	0.00221	0.00738
92	0.01310	0.00983	0.01144	0.00834	0.01278	0.00819	0.00674	0.12137	0.01294	0.09432	0.01066	0.01154	0.00826	0.00438	0.00412	0.00095	0.00412	0.00347	0.00366	0.64979
93	0.01768	0.01893	0.01436	0.16816	0.01923	0.51542	0.01046	0.01950	0.01358	0.12291	0.00988	0.01133	0.00752	0.00549	0.00507	0.00146	0.02581	0.00384	0.00309	0.00629
94	0.00654	0.00467	0.00628	0.00747	0.00789	0.00441	0.00526	0.00764	0.01011	0.01342	0.02812	0.70894	0.03331	0.01581	0.00663	0.00212	0.00322	0.11916	0.00476	0.00425
95	0.00969	0.00912	0.01539	0.80734	0.03534	0.01140	0.01425	0.01311	0.01026	0.01311	0.00912	0.01368	0.00684	0.00513	0.00513	0.00171	0.00684	0.00456	0.00228	0.00570
96	0.35903	0.01257	0.01221	0.00975	0.01348	0.01413	0.00805	0.46388	0.01788	0.02856	0.01022	0.01070	0.00744	0.00559	0.00434	0.00156	0.00497	0.00387	0.00434	0.00744
97	0.00948	0.00653	0.00793	0.00796	0.00929	0.00646	0.00584	0.13873	0.01287	0.05703	0.03949	0.51687	0.09943	0.01341	0.00621	0.00194	0.00354	0.04684	0.00492	0.00524
98	0.00639	0.00458	0.00608	0.00705	0.00747	0.00426	0.00477	0.00750	0.01049	0.01416	0.13542	0.70617	0.03599	0.01528	0.00648	0.00202	0.00290	0.01384	0.00489	0.00426
99	0.00655	0.00532	0.00588	0.00602	0.00760	0.00464	0.00470	0.00815	0.01204	0.01486	0.13131	0.04948	0.58149	0.01290	0.00623	0.00182	0.00292	0.12880	0.00486	0.00445
100	0.67682	0.01206	0.00883	0.00785	0.01095	0.12306	0.00632	0.05146	0.01033	0.02188	0.00774	0.00892	0.00605	0.00493	0.00348	0.00154	0.00476	0.00299	0.02427	0.00574
101	0.01885	0.00782	0.01051	0.00837	0.01164	0.00681	0.00679	0.02089	0.01450	0.58970	0.18315	0.02346	0.05895	0.00756	0.00539	0.00160	0.00387	0.00631	0.00612	0.00769
102	0.13032	0.00923	0.01020	0.00748	0.01184	0.00750	0.00601	0.01323	0.01037	0.01761	0.00884	0.01031	0.00731	0.00394	0.00371	0.00088	0.00382	0.00300	0.00306	0.73133
103	0.00739	0.00526	0.00705	0.00705	0.00756	0.00577	0.00493	0.00840	0.00789	0.01103	0.01483	0.02619	0.01545	0.38991	0.45150	0.00677	0.00980	0.00638	0.00291	0.00392
104	0.00727	0.00524	0.00681	0.00642	0.00759	0.00485	0.00478	0.00960	0.01427	0.02019	0.75686	0.03815	0.04733	0.04007	0.00679	0.00174	0.00251	0.00921	0.00556	0.00478
105	0.02084	0.01222	0.01407	0.01079	0.01484	0.01272	0.00891	0.48664	0.02053	0.32133	0.01534	0.01428	0.01024	0.00623	0.00514	0.00156	0.00516	0.00483	0.00560	0.00873
106	0.00718	0.00535	0.00792	0.00809	0.00892	0.00610	0.00618	0.00888	0.00847	0.01208	0.01580	0.13289	0.01582	0.03531	0.68709	0.00737	0.01222	0.00678	0.00303	0.00452
107	0.01951	0.01437	0.01540	0.01181	0.01591	0.01591	0.00975	0.77056	0.02412	0.03234	0.01232	0.01232	0.00873	0.00616	0.00513	0.00154	0.00565	0.00462	0.00513	0.00873
108	0.02376	0.00670	0.00746	0.00725	0.00882	0.00674	0.00543	0.13503	0.03819	0.01803	0.04159	0.29265	0.19214	0.02330	0.00593	0.00180	0.00337	0.03627	0.14031	0.00523
109	0.85592	0.00992	0.00754	0.00675	0.00992	0.01151	0.00556	0.01508	0.00873	0.02302	0.00714	0.00834	0.00556	0.00476	0.00318	0.00159	0.00397	0.00278	0.00318	0.00556
110	0.00629	0.00517	0.00529	0.00528	0.00676	0.00443	0.00381	0.00743	0.01116	0.01346	0.06369	0.04689	0.66011	0.12716	0.00890	0.00219	0.00293	0.01032	0.00455	0.00417
111	0.00632	0.00451	0.00603	0.00722	0.00755	0.00422	0.00488	0.00726	0.00989	0.01317	0.02824	0.79132	0.03379	0.01601	0.00657	0.00209	0.00303	0.03894	0.00476	0.00419
112	0.00636	0.00473	0.00592	0.00682	0.00750	0.00433	0.00476	0.00742	0.01034	0.01336	0.03343	0.57918	0.20542	0.02884	0.00680	0.00207	0.00304	0.06072	0.00473	0.00422
113	0.00793	0.00606	0.00738	0.00690	0.00840	0.00592	0.00522	0.01196	0.12242	0.02008	0.60917	0.03663	0.11176	0.01022	0.00594	0.00164	0.00267	0.00893	0.00551	0.00526
114	0.00735	0.00542	0.00787	0.00787	0.00866	0.00621	0.00595	0.00892	0.00814	0.01163	0.01409	0.02206	0.01365	0.14909	0.68986	0.00778	0.01250	0.00578	0.00280	0.00437
115	0.09284	0.01065	0.01238	0.00968	0.01338	0.01079	0.00790	0.28576	0.03220	0.39630	0.01609	0.01584	0.01109	0.05385	0.00621	0.00177	0.00481	0.00491	0.00543	0.00811
116	0.00642	0.00454	0.00590	0.00693	0.00718	0.00428	0.00453	0.00719	0.00949	0.01265	0.02657	0.70550	0.03177	0.12986	0.00932	0.00249	0.00326	0.01358	0.00453	0.00402
117	0.85592	0.00992	0.00754	0.00675	0.00992	0.01151	0.00556	0.01508	0.00873	0.02302	0.00714	0.00834	0.00556	0.00476	0.00318	0.00159	0.00397	0.00278	0.00318	0.00556
118	0.03307	0.01357	0.01460	0.01142	0.01525	0.01508	0.00938	0.66528	0.07184	0.03029	0.01287	0.01314	0.00936	0.00805	0.05080	0.00194	0.00598	0.00471	0.00497	0.00839
119	0.01135	0.00826	0.03469	0.01026	0.01285	0.00733	0.13366	0.02716	0.03154	0.16189	0.09711	0.12237	0.14302	0.04339	0.00687	0.00197	0.00465	0.13107	0.00465	0.00590
120	0.00722	0.00512	0.00680	0.00771	0.00831	0.00502	0.00577	0.00852	0.01007	0.01330	0.02545	0.36579	0.03922	0.15775	0.04500	0.00296	0.00441	0.27303	0.00437	0.00420
121	0.01182	0.01093	0.01340	0.01169	0.01272	0.06870	0.00951	0.11935	0.01075	0.01507	0.00967	0.01386	0.00879	0.01697	0.24380	0.00384	0.40582	0.00472	0.00283	0.00578
122	0.00891	0.00446	0.00668	0.00668	0.00668	0.00446	0.00446	0.00668	0.00668	0.00891	0.00891	0.01560	0.00891	0.01783	0.02005	0.85071	0.00446	0.00446	0.00223	0.00223
123	0.00969	0.00912	0.01539	0.80734	0.03534	0.01140	0.01425	0.01311	0.01026	0.01311	0.00912	0.01368	0.00684	0.00513	0.00513	0.00171	0.00684	0.00456	0.00228	0.00570
124	0.03248	0.06901	0.10064	0.01125	0.02808	0.09163	0.00986	0.22735	0.06028	0.15260	0.03174	0.01808	0.04798	0.00690	0.00557	0.00161	0.03826	0.05498	0.00433	0.00738
125	0.00786	0.00530	0.00697	0.00668	0.00789	0.00487	0.00496	0.01005	0.01387	0.05592	0.64170	0.14750	0.04468	0.01109	0.00608	0.00168	0.00259	0.00984	0.00556	0.00493
126	0.02302	0.00873	0.01191	0.00913	0.01310	0.00754	0.00754	0.02501	0.01469	0.79122	0.02024	0.01746	0.01270	0.00635	0.00516	0.00159	0.00437	0.00516	0.00635	0.00873
127	0.00882	0.00466	0.00691	0.00708	0.00724	0.00466	0.00500	0.00724	0.00741	0.00982	0.01150	0.02158	0.01183	0.01731	0.01822	0.73059	0.00449	0.11046	0.00258	0.00258
128	0.16317	0.00679	0.00674	0.00633	0.00821	0.00734	0.00492	0.01499	0.11906	0.04858	0.01553	0.01719	0.01210	0.00808	0.05683	0.00183	0.00374	0.00463	0.48842	0.00553
129	0.48520	0.00939	0.00948	0.00781	0.01134	0.00974	0.00644	0.01950	0.01138	0.36495	0.01297	0.01240	0.00874	0.00547	0.00406	0.00159	0.00415	0.00384	0.00459	0.00697
130	0.01325	0.01435	0.01054	0.00977	0.01201	0.33402	0.00737	0.01755	0.17997	0.01566	0.06012	0.05976	0.16889	0.00802	0.00513	0.00154	0.00566	0.00630	0.06425	0.00587
131	0.00698	0.00528	0.00609	0.00603	0.00750	0.00465	0.00454	0.00866	0.01248	0.03361	0.28206	0.09459	0.43274	0.02654	0.00648	0.00180	0.00275	0.04757	0.00505	0.00458
132	0.00635	0.00454	0.00607	0.00726	0.00760	0.00425	0.00494	0.00732	0.00992	0.01321	0.02822	0.77833	0.03372	0.01598	0.00658	0.00210	0.00306	0.05159	0.00476	0.00420
133	0.01064	0.00912	0.01064	0.00760	0.01216	0.00684	0.00608	0.01292	0.01064	0.01672	0.00912	0.01064	0.00760	0.00380	0.00380	0.00076	0.00380	0.00304	0.00304	0.85104
134	0.01005	0.00583	0.00720	0.00700	0.00866	0.00522	0.00519	0.01170	0.02915	0.18120	0.07467	0.31776	0.26660	0.02619	0.00638	0.00189	0.00321	0.02164	0.00513	0.00532
135	0.00751	0.00497	0.00621	0.00688	0.00748	0.00476	0.00466	0.00901	0.03802	0.03941	0.04244	0.56185	0.04382	0.11094	0.00852	0.00230	0.00323	0.01201	0.08157	0.00441
136	0.02036	0.01099	0.01306	0.01023	0.01410	0.01115	0.00838	0.28070	0.12605	0.42229	0.01762	0.01594	0.01176	0.00637	0.00516	0.00159	0.00476	0.00507	0.00577	0.00864
137	0.01023	0.00620	0.00778	0.00758	0.00877	0.00605	0.00562	0.05711	0.01139	0.11662	0.09418	0.14676	0.02466	0.29599	0.01323	0.00302	0.00435	0.17111	0.00449	0.00486
138	0.00674	0.00513	0.00622	0.00630	0.00753	0.00461	0.00468	0.00853	0.01267	0.01685	0.37954	0.17443	0.28815	0.01243	0.00619	0.00177	0.00268	0.04583	0.00516	0.00455
139	0.13976	0.01024	0.01201	0.00937	0.01320	0.01016	0.00773	0.21163	0.01614	0.47323	0.01631	0.01491	0.01070	0.00607	0.00484	0.00157	0.00459	0.00468	0.02471	0.00819
140	0.00613	0.00495	0.00546	0.00587	0.00711	0.00428	0.00420	0.00729	0.01105	0.01360	0.04381	0.31389	0.52635	0.01406	0.00623	0.00185	0.00273	0.01213	0.00476	0.00428

[dist]
# distance from previous block
# <min> <max>
0	1

[block]
# block no. 2 follows, 48 sequences, length 50
# corresponding to MSA columns:
# 906-926,956-984
name=unknown_C
#
# <colnr> <probs for GDERKNQSTAVLIFYWHMCP>
#	G	D	E	R	K	N	Q	S	T	A	V	L	I	F	Y	W	H	M	C	P
0	0.01063	0.00672	0.00798	0.00726	0.00847	0.00687	0.00508	0.11438	0.01098	0.09752	0.01818	0.07566	0.05304	0.42899	0.12225	0.00425	0.00594	0.00716	0.00387	0.00480
1	0.00763	0.00492	0.00557	0.00567	0.00616	0.00479	0.00361	0.00852	0.00931	0.01337	0.09220	0.12353	0.06897	0.43980	0.01627	0.00338	0.00385	0.00814	0.17052	0.00380
2	0.01235	0.00651	0.00788	0.00691	0.00939	0.00560	0.00550	0.01403	0.01295	0.29401	0.08399	0.03767	0.42245	0.01051	0.00579	0.00171	0.00334	0.04804	0.00539	0.00597
3	0.01064	0.00912	0.01064	0.00760	0.01216	0.00684	0.00608	0.01292	0.01064	0.01672	0.00912	0.01064	0.00760	0.00380	0.00380	0.00076	0.00380	0.00304	0.00304	0.85104
4	0.01029	0.02654	0.79309	0.01462	0.02221	0.01192	0.01896	0.01625	0.01083	0.01625	0.00921	0.01083	0.00650	0.00487	0.00487	0.00162	0.00758	0.00379	0.00217	0.00758
5	0.01662	0.01294	0.01378	0.01122	0.01481	0.01457	0.00906	0.45292	0.34646	0.02769	0.01598	0.01524	0.01169	0.00650	0.00517	0.00163	0.00497	0.00512	0.00517	0.00847
6	0.01064	0.00912	0.01064	0.00760	0.01216	0.00684	0.00608	0.01292	0.01064	0.01672	0.00912	0.01064	0.00760	0.00380	0.00380	0.00076	0.00380	0.00304	0.00304	0.85104
7	0.01534	0.00906	0.01022	0.00862	0.01148	0.06658	0.00683	0.01895	0.11069	0.32898	0.21103	0.02494	0.06886	0.00785	0.00538	0.00158	0.00408	0.02743	0.00542	0.05668
8	0.00883	0.00451	0.00677	0.00677	0.00682	0.00456	0.00456	0.00682	0.00677	0.00907	0.00917	0.01584	0.00912	0.01892	0.06136	0.80605	0.00495	0.00451	0.00226	0.00235
9	0.00625	0.00447	0.00595	0.00714	0.00744	0.00417	0.00476	0.00714	0.00982	0.01310	0.02828	0.81633	0.03394	0.01608	0.00655	0.00208	0.00298	0.01459	0.00476	0.00417
10	0.01249	0.00613	0.00821	0.00775	0.00952	0.00548	0.00577	0.01396	0.01216	0.29837	0.10971	0.42059	0.04496	0.01183	0.00598	0.00184	0.00341	0.01047	0.00544	0.00591
11	0.00969	0.00912	0.01539	0.80734	0.03534	0.01140	0.01425	0.01311	0.01026	0.01311	0.00912	0.01368	0.00684	0.00513	0.00513	0.00171	0.00684	0.00456	0.00228	0.00570
12	0.01672	0.02002	0.01543	0.01499	0.08892	0.52682	0.01077	0.03300	0.01291	0.01330	0.00790	0.01010	0.00683	0.00609	0.00751	0.00156	0.19468	0.00373	0.00259	0.00613
13	0.33771	0.14528	0.09871	0.04869	0.03425	0.21392	0.00940	0.03153	0.01117	0.01742	0.00783	0.00927	0.00628	0.00489	0.00393	0.00145	0.00618	0.00318	0.00275	0.00618
14	0.01106	0.02711	0.02018	0.07372	0.20187	0.01205	0.24619	0.01388	0.01038	0.01461	0.01030	0.02786	0.00897	0.02447	0.12684	0.00280	0.15338	0.00534	0.00256	0.00642
15	0.01005	0.03883	0.22682	0.01244	0.06218	0.00961	0.06656	0.02978	0.04700	0.02777	0.01534	0.18094	0.03180	0.01071	0.08145	0.00227	0.03747	0.00662	0.00325	0.09911
16	0.03519	0.11725	0.18187	0.02748	0.18259	0.01306	0.07817	0.14132	0.01382	0.14374	0.01139	0.01246	0.00832	0.00515	0.00487	0.00153	0.00616	0.00437	0.00348	0.00782
17	0.04276	0.01080	0.03391	0.43761	0.34709	0.01174	0.01465	0.01435	0.01081	0.01507	0.00927	0.01301	0.00732	0.00488	0.00503	0.00163	0.00644	0.00448	0.00242	0.00674
18	0.02292	0.00889	0.01201	0.00920	0.01318	0.00778	0.00760	0.04602	0.01495	0.76983	0.02002	0.01732	0.01259	0.00635	0.00516	0.00159	0.00440	0.00514	0.00632	0.00873
19	0.01169	0.00820	0.01164	0.07670	0.05555	0.00849	0.05297	0.12263	0.01269	0.11767	0.01973	0.34534	0.02029	0.04388	0.00723	0.00199	0.04154	0.03143	0.00438	0.00597
20	0.01288	0.03761	0.02213	0.04553	0.51901	0.04952	0.17469	0.01602	0.01185	0.02915	0.01020	0.02934	0.00851	0.00483	0.00524	0.00156	0.00669	0.00499	0.00265	0.00759
21	0.02279	0.00969	0.01207	0.00938	0.01327	0.05586	0.00769	0.02473	0.01468	0.74369	0.01949	0.01696	0.01233	0.00629	0.00513	0.00157	0.00466	0.00505	0.00612	0.00856
22	0.00625	0.00447	0.00595	0.00714	0.00744	0.00417	0.00476	0.00714	0.00982	0.01310	0.02828	0.81633	0.03394	0.01608	0.00655	0.00208	0.00298	0.01459	0.00476	0.00417
23	0.01279	0.01097	0.01266	0.02734	0.01422	0.01253	0.04420	0.07555	0.57570	0.03205	0.02069	0.01971	0.06112	0.00721	0.00592	0.00175	0.04710	0.00593	0.00486	0.00770
24	0.00822	0.00489	0.00624	0.00624	0.00632	0.00490	0.00387	0.01981	0.00752	0.01003	0.01358	0.06253	0.01506	0.42613	0.02226	0.36555	0.00467	0.00647	0.00285	0.00288
25	0.00625	0.00447	0.00595	0.00714	0.00744	0.00417	0.00476	0.00714	0.00982	0.01310	0.02828	0.81633	0.03394	0.01608	0.00655	0.00208	0.00298	0.01459	0.00476	0.00417
26	0.00969	0.00912	0.01539	0.80734	0.03534	0.01140	0.01425	0.01311	0.01026	0.01311	0.00912	0.01368	0.00684	0.00513	0.00513	0.00171	0.00684	0.00456	0.00228	0.00570
27	0.77559	0.08745	0.00939	0.00694	0.01023	0.01235	0.00586	0.01511	0.00889	0.02198	0.00714	0.00833	0.00565	0.00473	0.00319	0.00154	0.00411	0.00278	0.00308	0.00565
28	0.01622	0.10092	0.01396	0.01026	0.02657	0.12583	0.00823	0.37810	0.01770	0.02373	0.01219	0.01315	0.00929	0.00577	0.00447	0.00137	0.00534	0.00427	0.21553	0.00710
29	0.01168	0.13993	0.41933	0.01152	0.01758	0.01153	0.01326	0.01575	0.01096	0.06306	0.00955	0.01080	0.00719	0.00460	0.00437	0.00131	0.00605	0.00352	0.00266	0.23537
30	0.00831	0.04727	0.08246	0.00725	0.00970	0.05471	0.00631	0.01055	0.03704	0.03111	0.06567	0.08454	0.50057	0.01112	0.00573	0.00169	0.00376	0.02279	0.00435	0.00508
31	0.01286	0.01212	0.06201	0.01441	0.09454	0.02456	0.17055	0.16040	0.12060	0.04938	0.05405	0.02136	0.11701	0.02022	0.00585	0.00170	0.00561	0.02498	0.00406	0.02374
32	0.02302	0.00873	0.01191	0.00913	0.01310	0.00754	0.00754	0.02501	0.01469	0.79122	0.02024	0.01746	0.01270	0.00635	0.00516	0.00159	0.00437	0.00516	0.00635	0.00873
33	0.01204	0.01257	0.02378	0.07060	0.29801	0.01302	0.33832	0.01537	0.01120	0.01573	0.00949	0.01302	0.00769	0.00517	0.00730	0.00173	0.13018	0.00520	0.00250	0.00708
34	0.01290	0.01268	0.02023	0.10363	0.43722	0.07750	0.14897	0.01593	0.01198	0.04763	0.01232	0.01490	0.05023	0.00517	0.00528	0.00158	0.00663	0.00509	0.00281	0.00730
35	0.01029	0.02654	0.79309	0.01462	0.02221	0.01192	0.01896	0.01625	0.01083	0.01625	0.00921	0.01083	0.00650	0.00487	0.00487	0.00162	0.00758	0.00379	0.00217	0.00758
36	0.00713	0.00485	0.00636	0.00724	0.00792	0.00449	0.00511	0.00827	0.01047	0.04577	0.04720	0.63308	0.09790	0.01511	0.00649	0.00205	0.00314	0.07816	0.00485	0.00443
37	0.01632	0.01892	0.01503	0.01456	0.08856	0.47147	0.01046	0.06662	0.01353	0.01463	0.04933	0.01172	0.00913	0.00630	0.00726	0.00156	0.17143	0.00407	0.00287	0.00621
38	0.01307	0.31509	0.09855	0.01732	0.18522	0.07435	0.17518	0.01601	0.01151	0.01468	0.02826	0.01150	0.00823	0.00468	0.00460	0.00141	0.00671	0.00416	0.00247	0.00700
39	0.00824	0.00626	0.00831	0.00906	0.01005	0.00661	0.00732	0.01122	0.08406	0.01504	0.02567	0.29206	0.02821	0.01377	0.00733	0.00221	0.05328	0.40174	0.00463	0.00493
40	0.01324	0.01133	0.01439	0.01688	0.26890	0.02952	0.01031	0.14032	0.25272	0.03975	0.02009	0.02013	0.12602	0.00688	0.00527	0.00162	0.00490	0.00588	0.00422	0.00762
41	0.01031	0.01918	0.43255	0.01520	0.02083	0.01130	0.21424	0.01496	0.01125	0.01602	0.03778	0.01765	0.06836	0.00616	0.00600	0.00173	0.04639	0.04053	0.00271	0.00684
42	0.00977	0.00923	0.01541	0.76422	0.03415	0.01163	0.01409	0.01307	0.01013	0.01307	0.00899	0.01355	0.00683	0.00534	0.00577	0.00174	0.05048	0.00456	0.00228	0.00570
43	0.00662	0.00470	0.00577	0.00647	0.00681	0.00444	0.00416	0.00727	0.00925	0.01217	0.02670	0.49474	0.10078	0.27084	0.01271	0.00297	0.00357	0.01197	0.00424	0.00385
44	0.01362	0.05780	0.45705	0.05499	0.01974	0.06349	0.01472	0.07107	0.03099	0.13638	0.02544	0.01259	0.00863	0.00536	0.00489	0.00158	0.00675	0.00417	0.00320	0.00755
45	0.01335	0.01671	0.17251	0.13069	0.33441	0.15081	0.04353	0.01673	0.01196	0.04733	0.00965	0.01210	0.00753	0.00490	0.00501	0.00154	0.00708	0.00427	0.00261	0.00728
46	0.01029	0.02654	0.79309	0.01462	0.02221	0.01192	0.01896	0.01625	0.01083	0.01625	0.00921	0.01083	0.00650	0.00487	0.00487	0.00162	0.00758	0.00379	0.00217	0.00758
47	0.01099	0.01077	0.01912	0.40863	0.21644	0.01181	0.15586	0.01505	0.05178	0.01525	0.02812	0.01433	0.00877	0.00506	0.00532	0.00167	0.00675	0.00502	0.00264	0.00663
48	0.01641	0.01116	0.06633	0.01173	0.01548	0.04141	0.14449	0.07784	0.01427	0.34352	0.09948	0.06242	0.01672	0.00722	0.00555	0.00167	0.00538	0.04668	0.00491	0.00734
49	0.01390	0.01467	0.08959	0.01340	0.01717	0.12071	0.17429	0.05224	0.32217	0.06387	0.01511	0.01615	0.01152	0.04429	0.00627	0.00181	0.00623	0.00531	0.00397	0.00733

[dist]
# distance from previous block
# <min> <max>
2	6

[block]
# block no. 3 follows, 48 sequences, length 47
# corresponding to MSA columns:
# 991-1037
name=unknown_D
#
# <colnr> <probs for GDERKNQSTAVLIFYWHMCP>
#	G	D	E	R	K	N	Q	S	T	A	V	L	I	F	Y	W	H	M	C	P
0	0.01711	0.01734	0.01459	0.02879	0.01586	0.38615	0.05417	0.10767	0.01452	0.09615	0.01009	0.01115	0.00776	0.00524	0.00499	0.00132	0.02751	0.00382	0.00338	0.17239
1	0.01305	0.02086	0.41974	0.01555	0.02165	0.03929	0.18809	0.18423	0.01421	0.01975	0.01013	0.01180	0.00729	0.00505	0.00519	0.00162	0.00745	0.00448	0.00294	0.00763
2	0.04507	0.01892	0.01454	0.16926	0.01944	0.46805	0.01052	0.14641	0.01506	0.01647	0.00891	0.01065	0.00700	0.00536	0.00475	0.00143	0.00788	0.00375	0.00302	0.02351
3	0.00656	0.00501	0.00554	0.00571	0.00669	0.00451	0.00388	0.00749	0.01037	0.01304	0.08160	0.17436	0.40114	0.23758	0.01172	0.00269	0.00331	0.01044	0.00436	0.00399
4	0.00822	0.00575	0.04233	0.00654	0.00695	0.00506	0.00452	0.00765	0.00767	0.01038	0.05563	0.02491	0.01549	0.38543	0.02136	0.37546	0.00472	0.00608	0.00282	0.00303
5	0.01179	0.01168	0.02097	0.29222	0.19074	0.01263	0.23980	0.05987	0.02324	0.01610	0.00981	0.01335	0.00763	0.00512	0.00621	0.00170	0.06266	0.00503	0.00264	0.00679
6	0.01077	0.09160	0.01077	0.00842	0.01036	0.00915	0.00651	0.21897	0.01443	0.01913	0.10279	0.38631	0.06770	0.01137	0.00574	0.00176	0.00389	0.00985	0.00469	0.00575
7	0.00788	0.00474	0.00530	0.00569	0.00653	0.00455	0.00396	0.00941	0.01021	0.01563	0.02423	0.28839	0.10205	0.09387	0.00715	0.00194	0.00287	0.00895	0.39230	0.00436
8	0.11489	0.00820	0.00944	0.05705	0.09151	0.00887	0.00699	0.05832	0.14541	0.04588	0.01497	0.01638	0.01150	0.00583	0.00421	0.00144	0.00377	0.00468	0.38443	0.00621
9	0.01121	0.01822	0.31746	0.08922	0.02584	0.01243	0.41786	0.01607	0.01146	0.01607	0.00982	0.01269	0.00721	0.00461	0.00553	0.00169	0.00808	0.00507	0.00240	0.00706
