[name]
unknown

[dist]
# distance from previous block
# <min> <max>
0	175

[block]
# block no. 0 follows, 53 sequences, length 80
# corresponding to MSA columns:
# 192-271
name=unknown_A
#
# <colnr> <probs for GDERKNQSTAVLIFYWHMCP>
#	G	D	E	R	K	N	Q	S	T	A	V	L	I	F	Y	W	H	M	C	P
0	0.01127	0.00780	0.00872	0.00785	0.00955	0.01922	0.00579	0.07978	0.24685	0.10866	0.01685	0.02404	0.01521	0.32406	0.05176	0.00306	0.00480	0.04513	0.00406	0.00554
1	0.00601	0.00433	0.00584	0.02306	0.00759	0.00412	0.00476	0.00698	0.00930	0.01239	0.03907	0.74886	0.03094	0.02502	0.00632	0.00197	0.00294	0.05215	0.00438	0.00394
2	0.01240	0.01205	0.08916	0.01555	0.15979	0.01092	0.18447	0.22675	0.01383	0.04112	0.01418	0.08520	0.05649	0.04866	0.00611	0.00170	0.00569	0.00581	0.00344	0.00668
3	0.00709	0.00539	0.00784	0.00779	0.00874	0.00628	0.00606	0.00940	0.04812	0.01155	0.01314	0.01873	0.01208	0.03434	0.77150	0.00737	0.01234	0.00514	0.00268	0.00444
4	0.02922	0.51732	0.31483	0.01016	0.01533	0.01585	0.01163	0.01461	0.00982	0.01290	0.00736	0.00857	0.00608	0.00426	0.00361	0.00121	0.00581	0.00292	0.00205	0.00646
5	0.01101	0.01055	0.01779	0.24986	0.46728	0.01124	0.06307	0.01495	0.07835	0.01502	0.00980	0.01268	0.00782	0.00458	0.00481	0.00150	0.00586	0.00444	0.00252	0.00686
6	0.01278	0.83490	0.02505	0.00818	0.01227	0.01891	0.00818	0.01431	0.00971	0.01125	0.00664	0.00767	0.00613	0.00409	0.00307	0.00102	0.00511	0.00256	0.00204	0.00613
7	0.00991	0.00850	0.00991	0.00708	0.01133	0.00637	0.00566	0.01203	0.00991	0.01557	0.00850	0.00991	0.00708	0.00354	0.00354	0.00071	0.00354	0.00283	0.00283	0.86124
8	0.09369	0.01065	0.01889	0.01398	0.01790	0.01023	0.39252	0.05399	0.02225	0.20654	0.01510	0.01604	0.07698	0.00543	0.00535	0.00157	0.02324	0.00544	0.00363	0.00660
9	0.01001	0.00858	0.00995	0.00721	0.01138	0.00664	0.00576	0.01269	0.04809	0.01579	0.00903	0.01030	0.00745	0.00368	0.00360	0.00075	0.00355	0.00296	0.00293	0.81965
10	0.01006	0.00817	0.05248	0.01007	0.01222	0.00733	0.14076	0.04955	0.02289	0.12086	0.09613	0.36714	0.02215	0.00992	0.00610	0.00173	0.04382	0.00900	0.00415	0.00545
11	0.00695	0.00463	0.00521	0.00521	0.00521	0.00463	0.00290	0.00695	0.00695	0.00927	0.01506	0.03128	0.01738	0.83203	0.02433	0.00463	0.00463	0.00695	0.00290	0.00290
12	0.00973	0.00782	0.00891	0.00872	0.01047	0.00865	0.00687	0.01743	0.41505	0.01647	0.02077	0.04311	0.01938	0.13136	0.00833	0.00226	0.00409	0.25036	0.00442	0.00581
13	0.01214	0.40189	0.01931	0.28062	0.01955	0.12983	0.01014	0.01416	0.01009	0.01165	0.00735	0.00964	0.00622	0.00465	0.00443	0.00130	0.04590	0.00328	0.00213	0.00573
14	0.05803	0.13647	0.07874	0.01035	0.08107	0.01013	0.00838	0.04178	0.06174	0.22881	0.01176	0.01191	0.00859	0.00471	0.00409	0.00121	0.00447	0.00370	0.00364	0.23039
15	0.01065	0.26422	0.53483	0.01282	0.05840	0.01343	0.01469	0.01487	0.01002	0.01401	0.00803	0.00946	0.00616	0.00439	0.00411	0.00136	0.00641	0.00328	0.00204	0.00681
16	0.01000	0.00903	0.00887	0.00815	0.01024	0.07803	0.00624	0.01743	0.39085	0.01779	0.21695	0.02657	0.16385	0.00818	0.00515	0.00156	0.00358	0.00685	0.00468	0.00599
17	0.01109	0.01251	0.02700	0.08949	0.02567	0.01196	0.71800	0.01504	0.01113	0.01504	0.00957	0.01288	0.00718	0.00409	0.00557	0.00161	0.00791	0.00552	0.00239	0.00635
18	0.01123	0.08225	0.01912	0.26833	0.38083	0.02677	0.09975	0.02921	0.01070	0.01437	0.00873	0.01180	0.00703	0.00442	0.00470	0.00146	0.00615	0.00424	0.00232	0.00660
19	0.00582	0.00416	0.00555	0.00666	0.00693	0.00388	0.00444	0.00666	0.00915	0.01220	0.02634	0.82891	0.03161	0.01497	0.00610	0.00194	0.00277	0.01359	0.00444	0.00388
20	0.00582	0.00416	0.00555	0.00666	0.00693	0.00388	0.00444	0.00666	0.00915	0.01220	0.02634	0.82891	0.03161	0.01497	0.00610	0.00194	0.00277	0.01359	0.00444	0.00388
21	0.01171	0.01181	0.02189	0.08270	0.35635	0.01179	0.32317	0.05256	0.04964	0.01615	0.00986	0.01260	0.00772	0.00439	0.00511	0.00152	0.00657	0.00487	0.00261	0.00698
22	0.01816	0.01358	0.01433	0.01102	0.01482	0.03083	0.00909	0.77089	0.02229	0.02975	0.01139	0.01142	0.00809	0.00572	0.00477	0.00143	0.00533	0.00428	0.00473	0.00808
23	0.00661	0.00498	0.00628	0.00700	0.00808	0.00465	0.00560	0.00820	0.01063	0.01353	0.05364	0.22212	0.27418	0.01315	0.00616	0.00194	0.00336	0.34128	0.00444	0.00417
24	0.01189	0.01027	0.01081	0.00973	0.01243	0.01189	0.00757	0.02540	0.79357	0.01999	0.01945	0.01783	0.01459	0.00648	0.00486	0.00162	0.00378	0.00540	0.00486	0.00757
25	0.01032	0.01050	0.02048	0.29675	0.02545	0.01091	0.41113	0.01436	0.04838	0.01468	0.01025	0.01351	0.00773	0.00454	0.00510	0.00156	0.00676	0.00504	0.07661	0.00593
26	0.00587	0.00419	0.00560	0.00671	0.00701	0.00392	0.00452	0.00674	0.00920	0.01225	0.02632	0.80929	0.03151	0.01493	0.00611	0.00195	0.00281	0.03273	0.00444	0.00390
27	0.01204	0.23716	0.21758	0.02855	0.01876	0.11817	0.23620	0.01526	0.01065	0.01348	0.00811	0.01013	0.00645	0.00450	0.00495	0.00140	0.04421	0.00387	0.00220	0.00632
28	0.00588	0.00423	0.00559	0.00656	0.00693	0.00393	0.00442	0.00682	0.00950	0.01270	0.08066	0.75281	0.05316	0.01454	0.00606	0.00190	0.00273	0.01315	0.00449	0.00393
29	0.01268	0.50474	0.13728	0.01044	0.03208	0.01625	0.04729	0.09244	0.07905	0.01475	0.00872	0.00963	0.00714	0.00453	0.00377	0.00122	0.00545	0.00331	0.00258	0.00664
30	0.01146	0.01098	0.01873	0.13472	0.69974	0.01126	0.01448	0.01434	0.01071	0.01516	0.00892	0.01195	0.00741	0.00433	0.00474	0.00144	0.00577	0.00426	0.00233	0.00727
31	0.00647	0.00481	0.00602	0.00584	0.00699	0.00436	0.00433	0.00840	0.01264	0.01735	0.58737	0.10642	0.19000	0.01067	0.00568	0.00156	0.00233	0.00935	0.00503	0.00436
32	0.00693	0.00472	0.00567	0.00567	0.00583	0.00488	0.00347	0.00724	0.00709	0.00961	0.01464	0.02896	0.01637	0.68447	0.17050	0.00520	0.00615	0.00661	0.00283	0.00315
33	0.00959	0.02781	0.01691	0.64355	0.06874	0.01106	0.12914	0.01284	0.00988	0.01282	0.00865	0.01261	0.00656	0.00463	0.00487	0.00157	0.00656	0.00442	0.00218	0.00561
34	0.01081	0.01023	0.01743	0.17071	0.56735	0.01067	0.02693	0.01362	0.01037	0.01458	0.00951	0.01330	0.00805	0.00723	0.07482	0.00201	0.00644	0.01676	0.00237	0.00680
35	0.01027	0.00886	0.01369	0.64583	0.02856	0.01074	0.01206	0.03595	0.11980	0.05184	0.01061	0.01359	0.00783	0.00510	0.00479	0.00159	0.00587	0.00444	0.00276	0.00584
36	0.01391	0.01074	0.01163	0.00973	0.01291	0.01181	0.00774	0.21260	0.48243	0.07472	0.01649	0.01547	0.01215	0.00601	0.00472	0.00149	0.00415	0.00487	0.00474	0.08170
37	0.00911	0.00559	0.00722	0.00650	0.00809	0.00515	0.00501	0.03238	0.01362	0.12958	0.61523	0.03319	0.07582	0.00930	0.00552	0.00152	0.00265	0.02415	0.00528	0.00509
38	0.01285	0.01077	0.01414	0.04725	0.23626	0.04832	0.03016	0.12336	0.01243	0.07548	0.00980	0.01127	0.00765	0.00436	0.00429	0.00115	0.00490	0.00373	0.00315	0.33868
39	0.01179	0.57374	0.02043	0.05076	0.05030	0.05439	0.00805	0.01338	0.01002	0.01200	0.07225	0.01250	0.01037	0.07637	0.00535	0.00143	0.00510	0.00363	0.00242	0.00572
40	0.01682	0.02226	0.08211	0.01225	0.01508	0.70583	0.00983	0.03366	0.01331	0.01238	0.00808	0.03080	0.00687	0.00518	0.00439	0.00128	0.00826	0.00342	0.00252	0.00568
41	0.01492	0.01142	0.01307	0.10373	0.01590	0.01300	0.00904	0.37881	0.26470	0.06384	0.01379	0.01384	0.01008	0.00600	0.00534	0.00155	0.04440	0.00467	0.00443	0.00749
42	0.01003	0.00776	0.00958	0.00944	0.07816	0.00801	0.00664	0.16114	0.11374	0.02096	0.46661	0.02690	0.04502	0.00814	0.00530	0.00150	0.00333	0.00705	0.00485	0.00585
43	0.01102	0.09286	0.63297	0.01280	0.01917	0.01227	0.01569	0.11915	0.01173	0.01682	0.00880	0.01007	0.00634	0.00466	0.00445	0.00146	0.00665	0.00355	0.00239	0.00713
44	0.00801	0.00631	0.00822	0.00799	0.00926	0.00724	0.00617	0.01242	0.19325	0.01322	0.01572	0.02061	0.03505	0.06660	0.54564	0.00583	0.00982	0.02046	0.00321	0.00498
45	0.01103	0.01054	0.01796	0.25495	0.58284	0.01115	0.01427	0.01397	0.01051	0.01464	0.00885	0.01209	0.00723	0.00441	0.00475	0.00147	0.00588	0.00426	0.00230	0.00693
46	0.00685	0.00459	0.00524	0.00534	0.00536	0.00457	0.00303	0.00693	0.00714	0.00952	0.01603	0.09987	0.01860	0.76176	0.02276	0.00440	0.00447	0.00752	0.00303	0.00298
47	0.00745	0.00532	0.00741	0.00851	0.00950	0.00528	0.00726	0.00946	0.01075	0.01402	0.02545	0.15852	0.02806	0.01344	0.00653	0.00217	0.00418	0.66794	0.00441	0.00433
48	0.01216	0.01040	0.01096	0.00978	0.01253	0.01201	0.00763	0.05805	0.76049	0.02043	0.01911	0.01756	0.01431	0.00645	0.00486	0.00161	0.00385	0.00536	0.00486	0.00759
49	0.01233	0.26791	0.12303	0.00977	0.01339	0.13064	0.00907	0.03180	0.23484	0.01526	0.05599	0.01388	0.03508	0.00554	0.00422	0.00134	0.00524	0.00418	0.00322	0.02328
50	0.01189	0.15633	0.45736	0.01362	0.09374	0.08145	0.01402	0.01577	0.01066	0.07445	0.00929	0.02443	0.00711	0.00476	0.00434	0.00140	0.00644	0.00367	0.00243	0.00685
51	0.01075	0.02898	0.14049	0.01800	0.02282	0.01150	0.59148	0.01480	0.01105	0.01512	0.01080	0.01591	0.00880	0.00489	0.00552	0.00164	0.00754	0.07101	0.00252	0.00636
52	0.00591	0.00423	0.00563	0.00659	0.00695	0.00394	0.00444	0.00688	0.00958	0.01288	0.10136	0.75196	0.03292	0.01447	0.00606	0.00190	0.00272	0.01311	0.00452	0.00394
53	0.00990	0.12433	0.40004	0.28306	0.02390	0.01201	0.05443	0.01406	0.00992	0.01366	0.00835	0.01081	0.00623	0.00454	0.00448	0.00148	0.00663	0.00375	0.00208	0.00632
54	0.03049	0.17787	0.08949	0.08305	0.11051	0.06497	0.17707	0.14522	0.03489	0.01674	0.00939	0.02223	0.00747	0.00475	0.00455	0.00141	0.00624	0.00421	0.00279	0.00667
55	0.00963	0.03472	0.64767	0.01439	0.08723	0.01073	0.02951	0.01459	0.01045	0.01545	0.07308	0.01234	0.00939	0.00493	0.00464	0.00150	0.00654	0.00403	0.00232	0.00687
56	0.00671	0.00467	0.00566	0.00590	0.00631	0.00452	0.00389	0.00748	0.00897	0.01203	0.14720	0.18014	0.06564	0.43633	0.01547	0.00327	0.00377	0.07471	0.00377	0.00353
57	0.03027	0.01023	0.12334	0.25639	0.02024	0.00876	0.15498	0.01171	0.01042	0.01436	0.10912	0.14799	0.04234	0.00735	0.00526	0.00165	0.00545	0.03169	0.00309	0.00536
58	0.01308	0.09748	0.01939	0.05476	0.24055	0.10365	0.19205	0.03857	0.02121	0.08307	0.01029	0.04322	0.00847	0.00513	0.00535	0.00147	0.04813	0.00469	0.00282	0.00663
59	0.01321	0.01033	0.01189	0.04989	0.05200	0.01146	0.00842	0.28319	0.29972	0.03728	0.02963	0.06664	0.02581	0.00723	0.00507	0.00161	0.00446	0.07055	0.00454	0.00707
60	0.00607	0.00472	0.00536	0.00545	0.00657	0.00418	0.00390	0.00735	0.01087	0.01394	0.22143	0.16639	0.42158	0.09158	0.00753	0.00193	0.00265	0.00999	0.00449	0.00401
61	0.13641	0.01539	0.32876	0.12323	0.05562	0.04755	0.01200	0.01456	0.02203	0.06919	0.10755	0.02531	0.01177	0.00548	0.00452	0.00151	0.00557	0.00439	0.00295	0.00621
62	0.01043	0.05106	0.07548	0.32640	0.27179	0.01146	0.11035	0.01376	0.02163	0.01394	0.00916	0.02735	0.00742	0.00477	0.00505	0.00153	0.02530	0.00448	0.00231	0.00634
63	0.02144	0.00813	0.01109	0.00850	0.01220	0.00702	0.00702	0.02329	0.01368	0.80552	0.01886	0.01627	0.01183	0.00592	0.00481	0.00148	0.00407	0.00481	0.00592	0.00813
64	0.01131	0.02967	0.08750	0.11826	0.33051	0.04787	0.25616	0.01467	0.01081	0.01470	0.00907	0.01205	0.00720	0.00501	0.02306	0.00163	0.00691	0.00456	0.00233	0.00671
65	0.01070	0.01069	0.04585	0.15770	0.20468	0.02146	0.10433	0.02931	0.00996	0.03506	0.02270	0.08049	0.00964	0.00651	0.00794	0.00170	0.22741	0.00523	0.00261	0.00603
66	0.00855	0.00645	0.00977	0.08505	0.11613	0.00648	0.02922	0.01040	0.01016	0.05156	0.02059	0.24033	0.03317	0.08203	0.00747	0.00213	0.00440	0.26743	0.00382	0.00487
67	0.00582	0.00416	0.00555	0.00666	0.00693	0.00388	0.00444	0.00666	0.00915	0.01220	0.02634	0.82891	0.03161	0.01497	0.00610	0.00194	0.00277	0.01359	0.00444	0.00388
68	0.01074	0.01235	0.04727	0.03132	0.04555	0.01131	0.66231	0.01449	0.01103	0.01500	0.01105	0.08348	0.00933	0.00501	0.00561	0.00163	0.00748	0.00621	0.00258	0.00626
69	0.00764	0.00543	0.00749	0.00849	0.00950	0.00543	0.00729	0.00965	0.01065	0.01387	0.02442	0.05195	0.02663	0.08415	0.00814	0.00241	0.00442	0.70393	0.00427	0.00427
70	0.00991	0.00850	0.00991	0.00708	0.01133	0.00637	0.00566	0.01203	0.00991	0.01557	0.00850	0.00991	0.00708	0.00354	0.00354	0.00071	0.00354	0.00283	0.00283	0.86124
71	0.00991	0.00850	0.00991	0.00708	0.01133	0.00637	0.00566	0.01203	0.00991	0.01557	0.00850	0.00991	0.00708	0.00354	0.00354	0.00071	0.00354	0.00283	0.00283	0.86124
72	0.00643	0.00489	0.00592	0.00571	0.00700	0.00438	0.00431	0.00835	0.01261	0.01701	0.53538	0.03953	0.28882	0.01062	0.00567	0.00156	0.00237	0.03012	0.00497	0.00435
73	0.00680	0.00490	0.00646	0.00629	0.00737	0.00457	0.00478	0.00898	0.01310	0.01841	0.69522	0.07562	0.04292	0.01032	0.00574	0.00158	0.00247	0.07485	0.00515	0.00447
74	0.01150	0.05042	0.06359	0.02166	0.27671	0.02705	0.40745	0.01508	0.02060	0.01511	0.00952	0.01276	0.00762	0.00441	0.00535	0.00153	0.02320	0.01725	0.00242	0.00677
75	0.00741	0.00761	0.10294	0.00699	0.00922	0.00542	0.00631	0.00968	0.01175	0.03809	0.29678	0.03646	0.29151	0.00993	0.00550	0.00159	0.00326	0.09868	0.00439	0.04649
76	0.01072	0.08160	0.01883	0.14233	0.34682	0.01108	0.15318	0.01361	0.01067	0.01445	0.01149	0.01864	0.01045	0.00573	0.00506	0.00157	0.00596	0.12878	0.00264	0.00638
77	0.01224	0.12468	0.17670	0.01760	0.24318	0.14264	0.10241	0.01546	0.02846	0.01425	0.02407	0.01105	0.00764	0.00471	0.00501	0.00140	0.04374	0.00395	0.00238	0.01843
78	0.01242	0.73938	0.07544	0.00848	0.01277	0.01776	0.00867	0.01425	0.00975	0.01172	0.00687	0.00794	0.00618	0.00409	0.00319	0.00104	0.00516	0.00263	0.00208	0.05019
79	0.01242	0.01357	0.14656	0.01329	0.12098	0.09007	0.04761	0.08727	0.21067	0.06380	0.12917	0.01654	0.01478	0.00597	0.00488	0.00149	0.00520	0.00506	0.00380	0.00686

[dist]
# distance from previous block
# <min> <max>
0	1

[block]
# block no. 1 follows, 53 sequences, length 14
# corresponding to MSA columns:
# 273-286
name=unknown_B
#
# <colnr> <probs for GDERKNQSTAVLIFYWHMCP>
#	G	D	E	R	K	N	Q	S	T	A	V	L	I	F	Y	W	H	M	C	P
0	0.00919	0.06051	0.17118	0.05477	0.01482	0.00875	0.13820	0.01217	0.00996	0.01451	0.01472	0.03341	0.08940	0.00889	0.08955	0.00204	0.02313	0.00502	0.15788	0.08190
1	0.01093	0.01136	0.09567	0.47624	0.17683	0.04749	0.01331	0.01407	0.01030	0.06913	0.00924	0.01231	0.00694	0.00481	0.00494	0.00154	0.02217	0.00416	0.00244	0.00613
2	0.00639	0.00506	0.00579	0.00566	0.00704	0.00457	0.00422	0.00855	0.04724	0.01570	0.34854	0.09546	0.40628	0.01111	0.00564	0.00159	0.00244	0.00954	0.00479	0.00438
3	0.00574	0.00474	0.00503	0.00519	0.00657	0.00404	0.00380	0.00694	0.01076	0.01313	0.08508	0.16768	0.63995	0.01243	0.00572	0.00166	0.00247	0.01056	0.00448	0.00404
4	0.01826	0.03347	0.01401	0.01052	0.01429	0.01369	0.00871	0.62773	0.05059	0.14057	0.01272	0.01231	0.00886	0.00575	0.00474	0.00144	0.00503	0.00437	0.00488	0.00806
5	0.01242	0.01295	0.04886	0.05256	0.57391	0.10832	0.01333	0.05031	0.01179	0.01584	0.04725	0.01255	0.00914	0.00470	0.00472	0.00141	0.00593	0.00430	0.00261	0.00710
6	0.01278	0.83490	0.02505	0.00818	0.01227	0.01891	0.00818	0.01431	0.00971	0.01125	0.00664	0.00767	0.00613	0.00409	0.00307	0.00102	0.00511	0.00256	0.00204	0.00613
7	0.19552	0.01103	0.09427	0.01015	0.08190	0.00932	0.00812	0.10659	0.02512	0.08711	0.04539	0.01168	0.00899	0.00470	0.00400	0.00123	0.00433	0.00363	0.00338	0.28356
8	0.10883	0.00994	0.09162	0.00879	0.01275	0.00783	0.00791	0.02149	0.01273	0.64289	0.01653	0.01475	0.01055	0.00562	0.00459	0.00148	0.00433	0.00444	0.00521	0.00771
9	0.00586	0.00427	0.00554	0.00654	0.00698	0.00395	0.00446	0.00678	0.00939	0.01234	0.02856	0.72508	0.10964	0.01463	0.00607	0.00192	0.00279	0.03687	0.00444	0.00391
10	0.01334	0.01125	0.01820	0.02282	0.49912	0.01133	0.09104	0.08440	0.08360	0.10013	0.01127	0.01292	0.00867	0.00474	0.00485	0.00146	0.00554	0.00456	0.00318	0.00756
11	0.29164	0.27430	0.04040	0.00838	0.01189	0.09737	0.00747	0.08916	0.01123	0.09526	0.00868	0.00935	0.00673	0.00468	0.00355	0.00130	0.00492	0.00309	0.02448	0.00614
12	0.00664	0.00456	0.00556	0.00586	0.00602	0.00457	0.00363	0.00704	0.00761	0.01024	0.01783	0.24242	0.02060	0.53087	0.10223	0.00424	0.00500	0.00853	0.00327	0.00330
13	0.01640	0.06241	0.01273	0.00940	0.01282	0.01166	0.00775	0.36002	0.13470	0.21236	0.01791	0.01686	0.09041	0.00644	0.00478	0.00147	0.00445	0.00507	0.00486	0.00750

[dist]
# distance from previous block
# <min> <max>
0	1

[block]
# block no. 2 follows, 53 sequences, length 61
# corresponding to MSA columns:
# 288-348
name=unknown_C
#
# <colnr> <probs for GDERKNQSTAVLIFYWHMCP>
#	G	D	E	R	K	N	Q	S	T	A	V	L	I	F	Y	W	H	M	C	P
0	0.01303	0.30681	0.09520	0.01254	0.12092	0.09814	0.00999	0.07512	0.17938	0.01563	0.01037	0.01107	0.00830	0.00487	0.00409	0.00130	0.00545	0.00368	0.00295	0.02114
1	0.01536	0.01100	0.01225	0.01013	0.01320	0.01229	0.00816	0.27895	0.37148	0.14257	0.01593	0.01504	0.01153	0.00626	0.00545	0.00156	0.05141	0.00487	0.00484	0.00771
2	0.01255	0.05227	0.01914	0.02635	0.67973	0.01210	0.01376	0.09642	0.01205	0.01694	0.00914	0.01159	0.00756	0.00441	0.00465	0.00140	0.00561	0.00418	0.00261	0.00756
3	0.00717	0.00535	0.00704	0.00695	0.00743	0.00596	0.00502	0.00811	0.00773	0.01067	0.01589	0.02724	0.05386	0.36914	0.31908	0.00526	0.07181	0.05965	0.00289	0.00376
4	0.00668	0.00488	0.00627	0.00592	0.00709	0.00447	0.00444	0.00886	0.01333	0.01869	0.74301	0.03648	0.10207	0.00995	0.00564	0.00151	0.00227	0.00875	0.00520	0.00447
5	0.00669	0.00468	0.00517	0.00516	0.00551	0.00451	0.00308	0.00698	0.00790	0.01024	0.04103	0.03431	0.17358	0.64888	0.02016	0.00396	0.00414	0.00762	0.00326	0.00316
6	0.01140	0.00984	0.01034	0.00934	0.01196	0.01127	0.00726	0.02394	0.73217	0.01944	0.02173	0.02004	0.07623	0.00693	0.00493	0.00162	0.00368	0.00577	0.00483	0.00729
7	0.01278	0.83490	0.02505	0.00818	0.01227	0.01891	0.00818	0.01431	0.00971	0.01125	0.00664	0.00767	0.00613	0.00409	0.00307	0.00102	0.00511	0.00256	0.00204	0.00613
8	0.00684	0.00552	0.00587	0.00554	0.00724	0.00497	0.00422	0.06840	0.01229	0.01541	0.18312	0.04140	0.59982	0.01118	0.00558	0.00158	0.00261	0.00937	0.00462	0.00444
9	0.01332	0.01098	0.01162	0.01002	0.01298	0.01256	0.00791	0.19932	0.61731	0.02231	0.01763	0.01638	0.01311	0.00631	0.00484	0.00158	0.00412	0.00515	0.00484	0.00769
10	0.00707	0.00515	0.00684	0.00674	0.00714	0.00576	0.00472	0.00792	0.00731	0.01024	0.01356	0.02436	0.01427	0.41612	0.39560	0.00594	0.04894	0.00595	0.00270	0.00366
11	0.86579	0.00924	0.00702	0.00629	0.00924	0.01072	0.00518	0.01405	0.00813	0.02144	0.00666	0.00776	0.00518	0.00444	0.00296	0.00148	0.00370	0.00259	0.00296	0.00518
12	0.00675	0.00529	0.00716	0.12056	0.01097	0.00546	0.00587	0.00894	0.06993	0.01298	0.03987	0.59282	0.06992	0.01263	0.00579	0.00184	0.00332	0.01136	0.00416	0.00439
13	0.01107	0.01021	0.01653	0.34887	0.39479	0.01109	0.01328	0.07070	0.01116	0.01530	0.00895	0.01209	0.00710	0.00455	0.00470	0.00146	0.00583	0.00419	0.00247	0.04566
14	0.01394	0.12147	0.01976	0.01405	0.01751	0.33180	0.27091	0.01621	0.01164	0.01314	0.00808	0.01015	0.00660	0.00462	0.00524	0.00135	0.05740	0.00393	0.00240	0.06981
15	0.01565	0.01217	0.01341	0.12055	0.01645	0.03804	0.00913	0.54945	0.07161	0.02501	0.01251	0.01376	0.02683	0.04661	0.00576	0.00162	0.00532	0.00460	0.00425	0.00727
16	0.01060	0.15649	0.47372	0.01506	0.07484	0.01261	0.16168	0.01500	0.01031	0.01455	0.00849	0.01034	0.00640	0.00435	0.00452	0.00144	0.00683	0.00382	0.00212	0.00683
17	0.00903	0.00850	0.01434	0.82054	0.03292	0.01062	0.01327	0.01221	0.00956	0.01221	0.00850	0.01274	0.00637	0.00478	0.00478	0.00159	0.00637	0.00425	0.00212	0.00531
18	0.01385	0.01187	0.01671	0.02102	0.45189	0.01253	0.01199	0.26161	0.11338	0.02079	0.01110	0.01247	0.00863	0.00501	0.00476	0.00145	0.00531	0.00442	0.00345	0.00775
19	0.00620	0.00486	0.00560	0.00542	0.00679	0.00427	0.00406	0.00792	0.01219	0.01598	0.41712	0.04095	0.42966	0.01096	0.00564	0.00156	0.00234	0.00938	0.00484	0.00427
20	0.00672	0.00484	0.00606	0.00578	0.00674	0.00450	0.00415	0.00849	0.01215	0.01691	0.60211	0.03567	0.09644	0.15825	0.00901	0.00208	0.00270	0.00845	0.00477	0.00418
21	0.00707	0.00783	0.12516	0.00703	0.00909	0.00544	0.00638	0.00972	0.01276	0.01796	0.60864	0.03291	0.11326	0.00922	0.00548	0.00152	0.00299	0.00803	0.00470	0.00484
22	0.00903	0.00850	0.01434	0.82054	0.03292	0.01062	0.01327	0.01221	0.00956	0.01221	0.00850	0.01274	0.00637	0.00478	0.00478	0.00159	0.00637	0.00425	0.00212	0.00531
23	0.01009	0.16673	0.25923	0.01246	0.05417	0.01211	0.07702	0.01353	0.04754	0.01360	0.01119	0.13212	0.01058	0.00713	0.01845	0.00168	0.13843	0.00528	0.00259	0.00608
24	0.01062	0.00882	0.00993	0.00812	0.01134	0.00848	0.00639	0.03141	0.31820	0.03004	0.10341	0.01676	0.01476	0.00563	0.00439	0.00120	0.00354	0.01627	0.00401	0.38667
25	0.01356	0.71019	0.02328	0.00881	0.01265	0.14083	0.00834	0.01505	0.01030	0.01131	0.00676	0.00781	0.00614	0.00422	0.00326	0.00105	0.00565	0.00264	0.00211	0.00604
26	0.86579	0.00924	0.00702	0.00629	0.00924	0.01072	0.00518	0.01405	0.00813	0.02144	0.00666	0.00776	0.00518	0.00444	0.00296	0.00148	0.00370	0.00259	0.00296	0.00518
27	0.01121	0.01051	0.05600	0.00943	0.01225	0.01096	0.00774	0.04641	0.62514	0.01944	0.05870	0.02027	0.07702	0.00695	0.00494	0.00160	0.00384	0.00579	0.00468	0.00713
28	0.00582	0.00416	0.00555	0.00666	0.00693	0.00388	0.00444	0.00666	0.00915	0.01220	0.02634	0.82891	0.03161	0.01497	0.00610	0.00194	0.00277	0.01359	0.00444	0.00388
29	0.01297	0.01342	0.18357	0.14555	0.06593	0.01088	0.19608	0.05340	0.01146	0.17909	0.01094	0.01266	0.00779	0.00508	0.00578	0.00158	0.06939	0.00454	0.00310	0.00679
30	0.00900	0.01372	0.30178	0.01081	0.01405	0.00984	0.01109	0.01353	0.10901	0.01377	0.01118	0.01429	0.00932	0.01671	0.30007	0.00385	0.12509	0.00444	0.00259	0.00585
31	0.02046	0.00785	0.01057	0.00819	0.01168	0.00682	0.00674	0.02234	0.01339	0.74372	0.01860	0.01639	0.01186	0.00589	0.00469	0.00145	0.00392	0.00478	0.07281	0.00785
32	0.01260	0.09348	0.01243	0.00838	0.01227	0.06277	0.00686	0.12232	0.07954	0.05504	0.01009	0.01080	0.00794	0.00436	0.00389	0.00099	0.00432	0.00334	0.00332	0.48524
33	0.00731	0.00590	0.00959	0.00912	0.01033	0.00599	0.10537	0.00910	0.00926	0.01257	0.01913	0.25554	0.02065	0.05944	0.26331	0.00391	0.00709	0.17848	0.00350	0.00440
34	0.01057	0.34684	0.43181	0.01090	0.01624	0.01366	0.01283	0.01414	0.00987	0.01335	0.00920	0.07336	0.00809	0.00518	0.00407	0.00135	0.00595	0.00393	0.00222	0.00644
35	0.00924	0.00751	0.00859	0.00827	0.01017	0.00810	0.00659	0.01658	0.37295	0.01777	0.18100	0.03279	0.10233	0.00930	0.00551	0.00173	0.00348	0.18745	0.00479	0.00585
36	0.01144	0.00916	0.01340	0.39113	0.06762	0.01045	0.03626	0.01744	0.23874	0.10666	0.02819	0.01551	0.02200	0.00555	0.00486	0.00158	0.00523	0.00486	0.00348	0.00643
37	0.01161	0.01113	0.01900	0.09141	0.74186	0.01130	0.01456	0.01448	0.01078	0.01535	0.00895	0.01190	0.00748	0.00430	0.00474	0.00143	0.00573	0.00426	0.00235	0.00739
38	0.00903	0.00850	0.01434	0.82054	0.03292	0.01062	0.01327	0.01221	0.00956	0.01221	0.00850	0.01274	0.00637	0.00478	0.00478	0.00159	0.00637	0.00425	0.00212	0.00531
39	0.00797	0.00519	0.00707	0.00791	0.00891	0.00504	0.00644	0.00973	0.01054	0.05929	0.02479	0.28988	0.02714	0.01296	0.00619	0.00203	0.00377	0.45479	0.04594	0.00446
40	0.01425	0.01663	0.01300	0.06353	0.10786	0.48488	0.00936	0.01559	0.01167	0.01200	0.00940	0.07452	0.00874	0.00794	0.04507	0.05108	0.04224	0.00432	0.00255	0.00536
41	0.01128	0.01289	0.02820	0.02015	0.02498	0.01209	0.78485	0.01531	0.01128	0.01531	0.00967	0.01289	0.00725	0.00403	0.00564	0.00161	0.00806	0.00564	0.00242	0.00645
42	0.00576	0.00450	0.00523	0.00578	0.00671	0.00397	0.00405	0.00679	0.01006	0.01266	0.05053	0.44201	0.39794	0.01352	0.00588	0.00178	0.00260	0.01183	0.00445	0.00397
43	0.00684	0.00508	0.00749	0.00749	0.00828	0.00587	0.00574	0.00841	0.00763	0.01095	0.01298	0.01974	0.01237	0.09729	0.75221	0.00745	0.01217	0.00526	0.00259	0.00416
44	0.00746	0.00490	0.00564	0.00548	0.00576	0.00485	0.00329	0.02120	0.00814	0.02897	0.10582	0.03110	0.02029	0.70359	0.02138	0.00414	0.00436	0.00705	0.00327	0.00329
45	0.00991	0.00850	0.00991	0.00708	0.01133	0.00637	0.00566	0.01203	0.00991	0.01557	0.00850	0.00991	0.00708	0.00354	0.00354	0.00071	0.00354	0.00283	0.00283	0.86124
46	0.00621	0.00454	0.00589	0.00687	0.00734	0.00436	0.00473	0.00774	0.04805	0.01271	0.02650	0.73193	0.04952	0.01440	0.00605	0.00193	0.00289	0.04979	0.00446	0.00409
47	0.01234	0.06929	0.32254	0.01388	0.10967	0.16164	0.01263	0.01798	0.16957	0.03336	0.01072	0.01158	0.00814	0.00496	0.00448	0.00143	0.00627	0.00387	0.00282	0.02285
48	0.81677	0.05669	0.00806	0.00639	0.00942	0.01119	0.00535	0.01406	0.00822	0.02086	0.00665	0.00776	0.00523	0.00442	0.00296	0.00145	0.00378	0.00259	0.00291	0.00523
49	0.00903	0.00850	0.01434	0.82054	0.03292	0.01062	0.01327	0.01221	0.00956	0.01221	0.00850	0.01274	0.00637	0.00478	0.00478	0.00159	0.00637	0.00425	0.00212	0.00531
50	0.01357	0.01180	0.01768	0.05751	0.27150	0.01250	0.13293	0.28651	0.05270	0.02042	0.01058	0.01251	0.00818	0.00648	0.04378	0.00179	0.02438	0.00459	0.00334	0.00727
51	0.00945	0.00715	0.00780	0.00697	0.00881	0.00717	0.00528	0.22741	0.01374	0.01784	0.09629	0.14012	0.32374	0.09738	0.00744	0.00192	0.00349	0.00847	0.00444	0.00509
52	0.00906	0.07292	0.01390	0.34169	0.02022	0.01078	0.04085	0.01133	0.00868	0.01181	0.00919	0.01362	0.00795	0.01416	0.23530	0.00337	0.16342	0.00440	0.00225	0.00511
53	0.01045	0.05110	0.10015	0.01037	0.01352	0.02278	0.09149	0.01857	0.39002	0.01755	0.11310	0.02145	0.07830	0.00694	0.00503	0.00158	0.00447	0.03249	0.00411	0.00653
54	0.00991	0.00850	0.00991	0.00708	0.01133	0.00637	0.00566	0.01203	0.00991	0.01557	0.00850	0.00991	0.00708	0.00354	0.00354	0.00071	0.00354	0.00283	0.00283	0.86124
55	0.01023	0.00965	0.01567	0.36238	0.22575	0.01017	0.06979	0.01368	0.04813	0.01434	0.00924	0.01223	0.00728	0.00444	0.00460	0.00138	0.00566	0.00414	0.00248	0.16877
56	0.00758	0.00546	0.00754	0.00857	0.00970	0.00542	0.00747	0.00973	0.01100	0.01422	0.02663	0.05346	0.07191	0.01314	0.00655	0.00217	0.00429	0.72637	0.00440	0.00438
57	0.00695	0.00463	0.00521	0.00521	0.00521	0.00463	0.00290	0.00695	0.00695	0.00927	0.01506	0.03128	0.01738	0.83203	0.02433	0.00463	0.00463	0.00695	0.00290	0.00290
58	0.01272	0.03068	0.47207	0.01240	0.01788	0.07346	0.05036	0.05571	0.03815	0.14672	0.02323	0.02616	0.00852	0.00516	0.00467	0.00149	0.00636	0.00415	0.00305	0.00705
59	0.07836	0.26649	0.11814	0.00927	0.02580	0.01199	0.00858	0.03690	0.01000	0.06943	0.01127	0.13860	0.01073	0.00687	0.01672	0.00148	0.08186	0.00488	0.00294	0.08968
60	0.07037	0.05832	0.50602	0.03404	0.03096	0.04940	0.01369	0.01478	0.01052	0.04558	0.07444	0.01220	0.00955	0.00497	0.00441	0.00143	0.00609	0.00387	0.00257	0.04678

[dist]
# distance from previous block
# <min> <max>
0	1

[block]
# block no. 3 follows, 53 sequences, length 99
# corresponding to MSA columns:
# 350-448
name=unknown_D
#
# <colnr> <probs for GDERKNQSTAVLIFYWHMCP>
#	G	D	E	R	K	N	Q	S	T	A	V	L	I	F	Y	W	H	M	C	P
0	0.01046	0.01096	0.01091	0.01020	0.01098	0.20294	0.00788	0.01157	0.00940	0.01171	0.01317	0.25013	0.01431	0.01268	0.10332	0.00249	0.29240	0.00677	0.00292	0.00480
1	0.00603	0.00428	0.00555	0.00648	0.00678	0.00404	0.00431	0.00680	0.00894	0.01188	0.02526	0.67977	0.04637	0.12630	0.00859	0.00231	0.00307	0.03526	0.00423	0.00377
2	0.01252	0.01189	0.03399	0.09441	0.18312	0.02966	0.35210	0.07519	0.01197	0.08323	0.01068	0.03700	0.00835	0.00492	0.00548	0.00156	0.02916	0.00515	0.00291	0.00673
3	0.02863	0.00965	0.01605	0.51009	0.23457	0.01099	0.04618	0.04568	0.01057	0.02943	0.00896	0.01242	0.00688	0.00466	0.00477	0.00154	0.00611	0.00429	0.00240	0.00613
4	0.00774	0.00468	0.00550	0.04729	0.00766	0.00458	0.00433	0.00943	0.00987	0.03011	0.02259	0.29639	0.10602	0.00946	0.00464	0.00148	0.00268	0.00818	0.41305	0.00433
5	0.00587	0.00423	0.00558	0.00665	0.00700	0.00394	0.00450	0.00676	0.00927	0.01229	0.02717	0.77583	0.06142	0.01481	0.00610	0.00194	0.00281	0.03550	0.00444	0.00390
6	0.01183	0.31511	0.39490	0.01096	0.01632	0.01377	0.01257	0.02677	0.07566	0.06637	0.00950	0.01029	0.00720	0.00465	0.00406	0.00134	0.00586	0.00343	0.00256	0.00685
7	0.01199	0.05332	0.60209	0.01242	0.01861	0.01094	0.01505	0.04957	0.02612	0.13999	0.01045	0.01117	0.00722	0.00483	0.00454	0.00149	0.00638	0.00376	0.00280	0.00725
8	0.35452	0.01010	0.01348	0.06928	0.05275	0.01209	0.11404	0.01317	0.00855	0.01628	0.00752	0.02362	0.00646	0.00585	0.00773	0.00171	0.27094	0.00391	0.00254	0.00547
9	0.01161	0.05715	0.06596	0.06073	0.64826	0.01175	0.04621	0.01460	0.01073	0.01519	0.00884	0.01158	0.00734	0.00428	0.00467	0.00142	0.00586	0.00418	0.00232	0.00732
10	0.00683	0.00512	0.00768	0.00768	0.00853	0.00597	0.00597	0.00853	0.00768	0.01110	0.01280	0.01878	0.01195	0.03585	0.81308	0.00768	0.01280	0.00512	0.00256	0.00427
11	0.00909	0.02105	0.65057	0.01280	0.01873	0.01003	0.04727	0.01387	0.01007	0.01481	0.02462	0.12384	0.01031	0.00605	0.00482	0.00158	0.00643	0.00510	0.00242	0.00655
12	0.00695	0.00465	0.00530	0.00530	0.00534	0.00468	0.00301	0.00701	0.00698	0.00934	0.01498	0.03082	0.01718	0.80255	0.05353	0.00475	0.00494	0.00688	0.00288	0.00295
13	0.00629	0.00487	0.00575	0.00569	0.00700	0.00433	0.00431	0.00802	0.01202	0.01579	0.38503	0.07415	0.37968	0.01124	0.00572	0.00161	0.00248	0.05692	0.00481	0.00427
14	0.00586	0.00419	0.00559	0.00670	0.00700	0.00392	0.00451	0.00673	0.00919	0.01225	0.02632	0.81194	0.03152	0.01494	0.00611	0.00195	0.00281	0.03014	0.00444	0.00389
15	0.01335	0.74328	0.02375	0.00864	0.01255	0.10848	0.00830	0.01485	0.01014	0.01130	0.00673	0.00777	0.00614	0.00418	0.00321	0.00105	0.00551	0.00261	0.00209	0.00607
16	0.00903	0.00850	0.01434	0.82054	0.03292	0.01062	0.01327	0.01221	0.00956	0.01221	0.00850	0.01274	0.00637	0.00478	0.00478	0.00159	0.00637	0.00425	0.00212	0.00531
17	0.01203	0.00582	0.00781	0.00748	0.00918	0.00529	0.00575	0.01350	0.01112	0.30544	0.02278	0.37634	0.02257	0.01081	0.00552	0.00175	0.00343	0.10963	0.05819	0.00555
18	0.00809	0.00537	0.00602	0.00609	0.00727	0.00546	0.00446	0.01167	0.13405	0.01654	0.11981	0.23690	0.07098	0.00914	0.00475	0.00149	0.00263	0.00790	0.33660	0.00478
19	0.00668	0.00485	0.00629	0.00599	0.00711	0.00447	0.00447	0.00884	0.01325	0.01864	0.73853	0.06884	0.07394	0.01008	0.00566	0.00153	0.00228	0.00890	0.00520	0.00447
20	0.01128	0.01289	0.02820	0.02015	0.02498	0.01209	0.78485	0.01531	0.01128	0.01531	0.00967	0.01289	0.00725	0.00403	0.00564	0.00161	0.00806	0.00564	0.00242	0.00645
21	0.00689	0.00489	0.00652	0.00652	0.00697	0.00534	0.00452	0.00779	0.00734	0.01023	0.01387	0.02468	0.01451	0.41204	0.44040	0.00624	0.00894	0.00599	0.00272	0.00362
22	0.01009	0.11093	0.70874	0.01302	0.01968	0.02733	0.01649	0.01512	0.01012	0.01466	0.00835	0.00980	0.00607	0.00450	0.00438	0.00146	0.00689	0.00342	0.00203	0.00694
23	0.00991	0.00850	0.00991	0.00708	0.01133	0.00637	0.00566	0.01203	0.00991	0.01557	0.00850	0.00991	0.00708	0.00354	0.00354	0.00071	0.00354	0.00283	0.00283	0.86124
24	0.00806	0.09915	0.01034	0.00812	0.00909	0.00855	0.00647	0.00941	0.00775	0.01092	0.01144	0.01803	0.01120	0.13995	0.49100	0.00566	0.13300	0.00495	0.00248	0.00443
25	0.00959	0.02472	0.80726	0.01362	0.02069	0.01110	0.01766	0.01514	0.01009	0.01514	0.00858	0.01009	0.00605	0.00454	0.00454	0.00151	0.00706	0.00353	0.00202	0.00706
26	0.01154	0.00956	0.01418	0.12519	0.17996	0.00911	0.07439	0.01534	0.09813	0.08909	0.01115	0.02452	0.00874	0.00462	0.00444	0.00125	0.00482	0.00419	0.00314	0.30665
27	0.01072	0.24313	0.50151	0.01401	0.11100	0.01325	0.01473	0.01486	0.01008	0.01414	0.00810	0.00964	0.00626	0.00438	0.00416	0.00137	0.00637	0.00335	0.00207	0.00687
28	0.00690	0.00485	0.00631	0.00631	0.00669	0.00523	0.00427	0.00766	0.00728	0.01008	0.01406	0.02572	0.01496	0.47782	0.37523	0.00599	0.00827	0.00614	0.00275	0.00351
29	0.01046	0.01046	0.01464	0.01255	0.01255	0.01464	0.01046	0.01150	0.00732	0.01150	0.00627	0.01046	0.00627	0.00837	0.01569	0.00209	0.82328	0.00418	0.00209	0.00523
30	0.01288	0.10498	0.01807	0.16130	0.01965	0.27358	0.19075	0.01541	0.02669	0.01270	0.00851	0.01115	0.00695	0.00660	0.05065	0.00179	0.06617	0.00407	0.00237	0.00572
31	0.00571	0.00470	0.00499	0.00520	0.00653	0.00402	0.00378	0.00682	0.01048	0.01271	0.04349	0.19909	0.63544	0.02760	0.00608	0.00173	0.00253	0.01072	0.00441	0.00398
32	0.01480	0.01151	0.01226	0.01013	0.01329	0.01295	0.00812	0.40280	0.36957	0.02481	0.01549	0.03015	0.01163	0.00625	0.00480	0.00152	0.00445	0.00498	0.03284	0.00767
33	0.02008	0.01033	0.01245	0.00954	0.01329	0.01028	0.00788	0.34165	0.01735	0.48198	0.01578	0.01427	0.01029	0.00584	0.00480	0.00146	0.00456	0.00460	0.00544	0.00813
34	0.01035	0.00994	0.01643	0.35283	0.29986	0.02299	0.07598	0.01407	0.06847	0.01423	0.01068	0.06359	0.00905	0.00530	0.00491	0.00155	0.00588	0.00502	0.00259	0.00628
35	0.00701	0.00522	0.00656	0.00617	0.00742	0.00494	0.00464	0.00990	0.06195	0.01880	0.70086	0.03528	0.09368	0.00972	0.00559	0.00152	0.00236	0.00854	0.00518	0.00467
36	0.00686	0.00499	0.00700	0.00700	0.00761	0.00560	0.00512	0.00809	0.00748	0.01059	0.01343	0.02225	0.01346	0.25698	0.59401	0.00683	0.01053	0.00563	0.00265	0.00389
37	0.01013	0.01422	0.22403	0.01518	0.01940	0.01065	0.36241	0.01412	0.03797	0.02904	0.01223	0.13940	0.01100	0.00633	0.00618	0.00167	0.07090	0.00620	0.00275	0.00618
38	0.01046	0.01046	0.01464	0.01255	0.01255	0.01464	0.01046	0.01150	0.00732	0.01150	0.00627	0.01046	0.00627	0.00837	0.01569	0.00209	0.82328	0.00418	0.00209	0.00523
39	0.00606	0.00462	0.00558	0.00584	0.00684	0.00413	0.00419	0.00748	0.01114	0.01467	0.28082	0.31025	0.29640	0.01234	0.00580	0.00169	0.00249	0.01082	0.00470	0.00413
40	0.01664	0.05431	0.01347	0.01164	0.01409	0.67501	0.00888	0.04779	0.01329	0.01242	0.00872	0.01054	0.01851	0.00708	0.05471	0.00165	0.00845	0.01465	0.00260	0.00555
41	0.01015	0.06131	0.70353	0.01423	0.06879	0.01139	0.01679	0.01526	0.01020	0.03301	0.00875	0.01023	0.00628	0.00453	0.00449	0.00148	0.00682	0.00356	0.00213	0.00708
42	0.01599	0.01355	0.01389	0.01215	0.06325	0.10709	0.00924	0.44730	0.17134	0.02383	0.01207	0.01235	0.00901	0.00587	0.00547	0.00149	0.06007	0.00437	0.00420	0.00749
43	0.01077	0.01021	0.01748	0.17725	0.54346	0.01057	0.04353	0.01360	0.01058	0.01473	0.01066	0.04839	0.00956	0.00535	0.00495	0.00153	0.00570	0.05240	0.00253	0.00675
44	0.01332	0.03372	0.21118	0.01499	0.05154	0.01117	0.28637	0.11804	0.01273	0.14879	0.01173	0.04419	0.00878	0.00513	0.00504	0.00153	0.00641	0.00499	0.00328	0.00704
45	0.00695	0.00463	0.00521	0.00521	0.00521	0.00463	0.00290	0.00695	0.00695	0.00927	0.01506	0.03128	0.01738	0.83203	0.02433	0.00463	0.00463	0.00695	0.00290	0.00290
46	0.01228	0.69838	0.12215	0.00905	0.01333	0.01775	0.00946	0.01429	0.00966	0.01174	0.00687	0.00809	0.00613	0.00433	0.00379	0.00113	0.04057	0.00275	0.00204	0.00621
47	0.01232	0.02466	0.01212	0.01003	0.02600	0.00817	0.12007	0.14416	0.02504	0.17048	0.06009	0.27701	0.01856	0.00865	0.00526	0.00161	0.00427	0.00780	0.05766	0.00604
48	0.00582	0.00416	0.00555	0.00666	0.00693	0.00388	0.00444	0.00666	0.00915	0.01220	0.02634	0.82891	0.03161	0.01497	0.00610	0.00194	0.00277	0.01359	0.00444	0.00388
49	0.00903	0.00850	0.01434	0.82054	0.03292	0.01062	0.01327	0.01221	0.00956	0.01221	0.00850	0.01274	0.00637	0.00478	0.00478	0.00159	0.00637	0.00425	0.00212	0.00531
50	0.01817	0.01339	0.01434	0.01100	0.01482	0.01482	0.00908	0.78627	0.02247	0.03012	0.01148	0.01148	0.00813	0.00574	0.00478	0.00143	0.00526	0.00430	0.00478	0.00813
51	0.01189	0.01027	0.01081	0.00973	0.01243	0.01189	0.00757	0.02540	0.79357	0.01999	0.01945	0.01783	0.01459	0.00648	0.00486	0.00162	0.00378	0.00540	0.00486	0.00757
52	0.00903	0.00850	0.01434	0.82054	0.03292	0.01062	0.01327	0.01221	0.00956	0.01221	0.00850	0.01274	0.00637	0.00478	0.00478	0.00159	0.00637	0.00425	0.00212	0.00531
53	0.01046	0.01046	0.01464	0.01255	0.01255	0.01464	0.01046	0.01150	0.00732	0.01150	0.00627	0.01046	0.00627	0.00837	0.01569	0.00209	0.82328	0.00418	0.00209	0.00523
54	0.00695	0.00463	0.00521	0.00521	0.00521	0.00463	0.00290	0.00695	0.00695	0.00927	0.01506	0.03128	0.01738	0.83203	0.02433	0.00463	0.00463	0.00695	0.00290	0.00290
55	0.86579	0.00924	0.00702	0.00629	0.00924	0.01072	0.00518	0.01405	0.00813	0.02144	0.00666	0.00776	0.00518	0.00444	0.00296	0.00148	0.00370	0.00259	0.00296	0.00518
56	0.01003	0.00861	0.00997	0.00724	0.01140	0.00672	0.00578	0.01287	0.05873	0.01585	0.00918	0.01040	0.00755	0.00372	0.00362	0.00076	0.00355	0.00299	0.00296	0.80806
57	0.00748	0.00526	0.00706	0.00791	0.00873	0.00526	0.00649	0.00913	0.01001	0.01307	0.02293	0.06844	0.02524	0.20500	0.01074	0.00276	0.00441	0.57199	0.00405	0.00404
58	0.01809	0.00786	0.01033	0.00823	0.01141	0.00715	0.00668	0.03509	0.07863	0.59223	0.15155	0.01961	0.01765	0.00662	0.00495	0.00149	0.00376	0.00550	0.00570	0.00747
59	0.00695	0.00463	0.00521	0.00521	0.00521	0.00463	0.00290	0.00695	0.00695	0.00927	0.01506	0.03128	0.01738	0.83203	0.02433	0.00463	0.00463	0.00695	0.00290	0.00290
60	0.00695	0.00463	0.00521	0.00521	0.00521	0.00463	0.00290	0.00695	0.00695	0.00927	0.01506	0.03128	0.01738	0.83203	0.02433	0.00463	0.00463	0.00695	0.00290	0.00290
61	0.00643	0.00464	0.00637	0.00683	0.00730	0.00488	0.00480	0.00748	0.00816	0.01124	0.01880	0.35621	0.02103	0.16516	0.34246	0.00478	0.00724	0.00894	0.00340	0.00387
62	0.01985	0.00795	0.01069	0.00835	0.01179	0.00701	0.00684	0.02221	0.04514	0.70923	0.08302	0.01793	0.01468	0.00626	0.00488	0.00149	0.00391	0.00515	0.00582	0.00781
63	0.00830	0.00415	0.00623	0.00623	0.00623	0.00415	0.00415	0.00623	0.00623	0.00830	0.00830	0.01453	0.00830	0.01660	0.01868	0.86094	0.00415	0.00415	0.00208	0.00208
64	0.01046	0.01046	0.01464	0.01255	0.01255	0.01464	0.01046	0.01150	0.00732	0.01150	0.00627	0.01046	0.00627	0.00837	0.01569	0.00209	0.82328	0.00418	0.00209	0.00523
65	0.01059	0.01014	0.01657	0.43977	0.37449	0.02799	0.01375	0.02463	0.01042	0.01397	0.00874	0.01223	0.00693	0.00456	0.00475	0.00151	0.00609	0.00423	0.00228	0.00636
66	0.00786	0.00481	0.00550	0.00589	0.00686	0.00478	0.00438	0.01024	0.05350	0.01563	0.02154	0.27299	0.05386	0.00959	0.00471	0.00153	0.00272	0.08685	0.42233	0.00443
67	0.00606	0.00508	0.00530	0.00520	0.00680	0.00443	0.00391	0.00794	0.04493	0.01402	0.14402	0.04346	0.66910	0.01156	0.00561	0.00160	0.00246	0.00970	0.00456	0.00425
68	0.01278	0.83490	0.02505	0.00818	0.01227	0.01891	0.00818	0.01431	0.00971	0.01125	0.00664	0.00767	0.00613	0.00409	0.00307	0.00102	0.00511	0.00256	0.00204	0.00613
69	0.01352	0.71584	0.02336	0.00878	0.01264	0.13531	0.00833	0.01501	0.01027	0.01131	0.00675	0.00781	0.00614	0.00421	0.00325	0.00105	0.00563	0.00263	0.00211	0.00605
70	0.00582	0.00416	0.00555	0.00666	0.00693	0.00388	0.00444	0.00666	0.00915	0.01220	0.02634	0.82891	0.03161	0.01497	0.00610	0.00194	0.00277	0.01359	0.00444	0.00388
71	0.00588	0.00420	0.00560	0.00662	0.00695	0.00392	0.00444	0.00680	0.00942	0.01264	0.07452	0.77949	0.03245	0.01465	0.00607	0.00191	0.00274	0.01328	0.00449	0.00392
72	0.00659	0.00506	0.00668	0.00709	0.00776	0.02092	0.00516	0.00784	0.00854	0.01157	0.02027	0.33570	0.06882	0.05992	0.39919	0.00481	0.00782	0.00876	0.00342	0.00407
73	0.01278	0.83490	0.02505	0.00818	0.01227	0.01891	0.00818	0.01431	0.00971	0.01125	0.00664	0.00767	0.00613	0.00409	0.00307	0.00102	0.00511	0.00256	0.00204	0.00613
74	0.00790	0.00562	0.00755	0.00844	0.00962	0.00566	0.00728	0.01056	0.04467	0.01481	0.03704	0.04965	0.04422	0.01236	0.00629	0.00208	0.00416	0.65993	0.05765	0.00453
75	0.00591	0.00478	0.00526	0.00529	0.00666	0.00412	0.00391	0.00731	0.01129	0.01421	0.21114	0.12600	0.55361	0.01189	0.00569	0.00162	0.00242	0.01014	0.00462	0.00412
76	0.01025	0.00975	0.01655	0.47412	0.36975	0.01094	0.01388	0.01329	0.01014	0.01370	0.00871	0.01234	0.00690	0.00455	0.00476	0.00152	0.00607	0.00425	0.00223	0.00630
77	0.01042	0.01078	0.01614	0.49464	0.08880	0.10470	0.12586	0.01332	0.01036	0.01288	0.00969	0.06305	0.00814	0.00528	0.00493	0.00156	0.00660	0.00490	0.00237	0.00559
78	0.01278	0.83490	0.02505	0.00818	0.01227	0.01891	0.00818	0.01431	0.00971	0.01125	0.00664	0.00767	0.00613	0.00409	0.00307	0.00102	0.00511	0.00256	0.00204	0.00613
79	0.00684	0.00507	0.00744	0.00744	0.00822	0.00585	0.00568	0.00838	0.00761	0.01092	0.01302	0.01998	0.01247	0.11235	0.73730	0.00739	0.01202	0.00530	0.00259	0.00414
80	0.00595	0.00428	0.00567	0.00664	0.00703	0.00396	0.00446	0.00687	0.00936	0.01257	0.06001	0.77787	0.03172	0.01452	0.00603	0.00190	0.00277	0.01316	0.00444	0.02081
81	0.00999	0.01022	0.04687	0.34590	0.11969	0.01139	0.10097	0.03397	0.00975	0.01341	0.00924	0.04738	0.00792	0.00692	0.03569	0.00190	0.17585	0.00480	0.00237	0.00575
82	0.01785	0.02278	0.01354	0.01231	0.01478	0.81284	0.00924	0.01909	0.01354	0.01170	0.00739	0.00862	0.00616	0.00493	0.00431	0.00123	0.00862	0.00308	0.00246	0.00554
83	0.39335	0.00862	0.00930	0.00753	0.01090	0.00865	0.00621	0.01922	0.01124	0.46016	0.01348	0.01252	0.00890	0.00526	0.00399	0.00148	0.00390	0.00383	0.00461	0.00683
