[name]
unknown

[dist]
# distance from previous block
# <min> <max>
0	13

[block]
# block no. 0 follows, 44 sequences, length 6
# corresponding to MSA columns:
# 13-18
name=unknown_A
#
# <colnr> <probs for GDERKNQSTAVLIFYWHMCP>
#	G	D	E	R	K	N	Q	S	T	A	V	L	I	F	Y	W	H	M	C	P
0	0.01415	0.00985	0.01142	0.00942	0.01282	0.00950	0.00745	0.15506	0.12876	0.12622	0.05375	0.12453	0.04959	0.00820	0.00544	0.00157	0.00432	0.02844	0.00498	0.23453
1	0.01311	0.01000	0.01160	0.00887	0.01297	0.00879	0.00709	0.13524	0.03878	0.06742	0.05339	0.03891	0.03716	0.00719	0.03435	0.00145	0.00466	0.00481	0.00413	0.50007
2	0.01391	0.04932	0.03597	0.00924	0.01262	0.00963	0.00765	0.13584	0.08258	0.13546	0.23115	0.05785	0.02339	0.00783	0.00544	0.00153	0.00423	0.00656	0.00512	0.16467
3	0.01456	0.01045	0.01178	0.00904	0.01312	0.03474	0.00718	0.09275	0.06504	0.14612	0.05291	0.01599	0.01249	0.04495	0.00585	0.00140	0.00454	0.00456	0.00434	0.44820
4	0.01209	0.01021	0.01171	0.00860	0.01327	0.00838	0.00688	0.06294	0.07018	0.01923	0.01087	0.01212	0.00881	0.00446	0.00425	0.00094	0.00419	0.00356	0.00355	0.72378
5	0.01090	0.00937	0.01167	0.03659	0.01372	0.00762	0.03455	0.01373	0.04081	0.01719	0.01216	0.07487	0.01111	0.04209	0.00555	0.00124	0.00434	0.00469	0.00342	0.64437

[dist]
# distance from previous block
# <min> <max>
17	63

[block]
# block no. 1 follows, 44 sequences, length 11
# corresponding to MSA columns:
# 84-94
name=unknown_B
#
# <colnr> <probs for GDERKNQSTAVLIFYWHMCP>
#	G	D	E	R	K	N	Q	S	T	A	V	L	I	F	Y	W	H	M	C	P
0	0.01244	0.08835	0.01653	0.04132	0.13651	0.14570	0.09352	0.01556	0.06755	0.01532	0.01991	0.08131	0.13773	0.04076	0.03497	0.00210	0.03372	0.00678	0.00348	0.00642
1	0.01076	0.00842	0.01040	0.00883	0.01140	0.03761	0.05614	0.01277	0.02693	0.08756	0.03993	0.17124	0.18746	0.07978	0.00799	0.00195	0.02667	0.00844	0.00435	0.20136
2	0.01383	0.02979	0.12272	0.01301	0.01699	0.01269	0.10475	0.12650	0.21434	0.06419	0.01614	0.09289	0.01337	0.00740	0.00653	0.00178	0.06649	0.00622	0.00428	0.06610
3	0.03330	0.01004	0.01052	0.06954	0.01328	0.06499	0.00753	0.14089	0.16251	0.01953	0.01935	0.21785	0.01877	0.10457	0.00827	0.00223	0.00489	0.00806	0.07759	0.00630
4	0.18657	0.22219	0.11014	0.01066	0.01528	0.07472	0.01001	0.19596	0.01465	0.02149	0.00945	0.01048	0.00742	0.00528	0.00431	0.00144	0.00595	0.00362	0.00342	0.08697
5	0.07312	0.02099	0.44977	0.01544	0.06325	0.01241	0.08581	0.04432	0.08412	0.01934	0.06946	0.01487	0.01149	0.00582	0.00532	0.00174	0.00694	0.00491	0.00315	0.00774
6	0.08935	0.00560	0.00536	0.00528	0.00675	0.00576	0.00401	0.01302	0.01123	0.02072	0.01682	0.01924	0.01321	0.00623	0.00377	0.00131	0.00270	0.00488	0.75962	0.00516
7	0.11412	0.01053	0.01236	0.01195	0.07924	0.01149	0.00861	0.17763	0.12543	0.09208	0.06026	0.13347	0.06113	0.00881	0.00650	0.00183	0.06541	0.00710	0.00481	0.00726
8	0.00947	0.00473	0.00710	0.00710	0.00710	0.00473	0.00473	0.00710	0.00710	0.00947	0.00947	0.01657	0.00947	0.01894	0.02131	0.84138	0.00473	0.00473	0.00237	0.00237
9	0.02334	0.00947	0.01248	0.00963	0.01369	0.00849	0.00794	0.07943	0.01609	0.67849	0.02067	0.01826	0.01321	0.00671	0.00538	0.00166	0.00461	0.00542	0.05601	0.00903
10	0.01208	0.00914	0.01180	0.01321	0.14860	0.00942	0.00847	0.12815	0.11874	0.04556	0.05832	0.16041	0.10792	0.01063	0.00737	0.08157	0.00450	0.02251	0.03501	0.00658

[dist]
# distance from previous block
# <min> <max>
0	1

[block]
# block no. 2 follows, 44 sequences, length 23
# corresponding to MSA columns:
# 96-118
name=unknown_C
#
# <colnr> <probs for GDERKNQSTAVLIFYWHMCP>
#	G	D	E	R	K	N	Q	S	T	A	V	L	I	F	Y	W	H	M	C	P
0	0.00949	0.14979	0.01307	0.00942	0.01082	0.01056	0.00768	0.01113	0.00921	0.01275	0.01362	0.07865	0.01355	0.06308	0.44600	0.00586	0.12110	0.00601	0.00292	0.00529
1	0.01160	0.01014	0.01278	0.01154	0.11685	0.00804	0.00786	0.01414	0.01146	0.01777	0.00977	0.01160	0.00815	0.00415	0.00422	0.00092	0.00437	0.00345	0.00316	0.72802
2	0.01237	0.21671	0.56702	0.01380	0.02088	0.01462	0.01703	0.01742	0.01157	0.04748	0.00973	0.01113	0.00720	0.00512	0.00479	0.00159	0.00738	0.00382	0.00249	0.00785
3	0.00700	0.00526	0.00649	0.00679	0.00786	0.00474	0.00486	0.00868	0.01284	0.01715	0.31881	0.32406	0.22757	0.01399	0.00663	0.00193	0.00284	0.01234	0.00542	0.00474
4	0.01262	0.01409	0.02996	0.02271	0.07382	0.01344	0.65296	0.01687	0.01259	0.01720	0.01164	0.04734	0.00941	0.00529	0.00677	0.00186	0.03468	0.00666	0.00284	0.00727
5	0.01277	0.01302	0.05656	0.12168	0.62698	0.01256	0.01632	0.01613	0.01213	0.01720	0.01082	0.03950	0.00929	0.00534	0.00544	0.00167	0.00654	0.00517	0.00272	0.00817
6	0.24269	0.01043	0.01192	0.00941	0.01343	0.01035	0.00777	0.12335	0.01529	0.47619	0.01666	0.01523	0.01090	0.00627	0.00492	0.00168	0.00471	0.00473	0.00567	0.00838
7	0.01122	0.00539	0.00564	0.00542	0.00691	0.00530	0.00412	0.01373	0.01174	0.07636	0.01806	0.02019	0.01394	0.00638	0.00393	0.00130	0.00270	0.00511	0.77715	0.00539
8	0.00887	0.00620	0.00752	0.00722	0.00782	0.00660	0.00481	0.06588	0.00952	0.01297	0.01616	0.03004	0.01732	0.53687	0.23368	0.00596	0.00789	0.00713	0.00336	0.00419
9	0.00723	0.00519	0.00687	0.04441	0.00908	0.00509	0.00538	0.00819	0.01004	0.01333	0.02620	0.55308	0.03086	0.18964	0.01147	0.00289	0.00394	0.05825	0.00455	0.00430
10	0.04533	0.01343	0.01389	0.04013	0.01570	0.14082	0.00917	0.18549	0.01716	0.39978	0.01616	0.01532	0.01087	0.00648	0.00561	0.00164	0.02675	0.00490	0.02295	0.00839
11	0.01091	0.01060	0.01838	0.60206	0.08935	0.01269	0.08867	0.01443	0.01101	0.01451	0.00967	0.01427	0.00746	0.00564	0.00650	0.00185	0.06815	0.00500	0.00247	0.00637
12	0.00779	0.00582	0.00726	0.00686	0.00829	0.00542	0.00515	0.01073	0.04591	0.02095	0.64509	0.04145	0.14614	0.01135	0.00640	0.00174	0.00267	0.00993	0.00586	0.00522
13	0.01004	0.00509	0.00513	0.00513	0.00633	0.00509	0.00378	0.01245	0.01125	0.01980	0.01775	0.02115	0.01429	0.04918	0.00509	0.00148	0.00269	0.00523	0.79406	0.00499
14	0.01157	0.01532	0.21180	0.01568	0.02045	0.01101	0.29433	0.04296	0.03928	0.04856	0.01839	0.15752	0.07207	0.00793	0.00611	0.00186	0.00686	0.00772	0.00359	0.00699
15	0.01072	0.12386	0.03066	0.04378	0.01422	0.04835	0.06605	0.01322	0.03662	0.01363	0.01256	0.04917	0.01180	0.05043	0.32114	0.00472	0.13480	0.00560	0.00290	0.00577
16	0.05279	0.01127	0.02969	0.11712	0.04872	0.01149	0.00992	0.13383	0.17368	0.31190	0.03156	0.01723	0.01274	0.00658	0.00541	0.00173	0.00522	0.00537	0.00531	0.00844
17	0.01399	0.01148	0.03090	0.04053	0.10481	0.01026	0.03744	0.16066	0.01470	0.06907	0.02895	0.01494	0.04129	0.00545	0.00488	0.00128	0.00506	0.00457	0.00389	0.39583
18	0.01130	0.00969	0.01130	0.00807	0.01292	0.00727	0.00646	0.01373	0.01130	0.01776	0.00969	0.01130	0.00807	0.00404	0.00404	0.00081	0.00404	0.00323	0.00323	0.84173
19	0.01147	0.01081	0.01828	0.17215	0.43771	0.01112	0.05229	0.01447	0.01205	0.01660	0.04320	0.10157	0.06062	0.00705	0.00573	0.00175	0.00604	0.00667	0.00317	0.00725
20	0.01192	0.01778	0.31274	0.09661	0.07970	0.01334	0.01513	0.08756	0.01190	0.01721	0.01005	0.01328	0.00808	0.01008	0.09077	0.00261	0.18666	0.00462	0.00274	0.00720
21	0.00916	0.00507	0.00562	0.00585	0.00692	0.00500	0.00426	0.01135	0.01145	0.01887	0.07815	0.18721	0.02149	0.00998	0.02735	0.00172	0.00302	0.00767	0.57490	0.00494
22	0.01188	0.01206	0.04951	0.24107	0.02644	0.01183	0.32485	0.01672	0.07033	0.04863	0.11568	0.01868	0.01468	0.00606	0.00600	0.00181	0.00713	0.00630	0.00346	0.00688

[dist]
# distance from previous block
# <min> <max>
0	1

[block]
# block no. 3 follows, 44 sequences, length 26
# corresponding to MSA columns:
# 120-145
name=unknown_D
#
# <colnr> <probs for GDERKNQSTAVLIFYWHMCP>
#	G	D	E	R	K	N	Q	S	T	A	V	L	I	F	Y	W	H	M	C	P
0	0.00804	0.00611	0.00887	0.00982	0.06594	0.00646	0.00666	0.00988	0.01049	0.01481	0.16201	0.14343	0.02442	0.09603	0.39525	0.00559	0.00916	0.00817	0.00385	0.00500
1	0.01046	0.00981	0.01565	0.10300	0.01807	0.03745	0.17723	0.01475	0.10023	0.01544	0.01551	0.06206	0.01403	0.01964	0.28817	0.00440	0.02882	0.05584	0.00338	0.00608
2	0.01759	0.08058	0.01688	0.05607	0.11605	0.31700	0.01101	0.17894	0.01635	0.04216	0.01197	0.01444	0.02629	0.00616	0.00513	0.00152	0.00739	0.03230	0.00358	0.03859
3	0.00736	0.00552	0.00674	0.00649	0.00783	0.00499	0.00479	0.00946	0.01417	0.01926	0.52882	0.06414	0.23950	0.04798	0.00741	0.00192	0.00276	0.01036	0.00561	0.00490
4	0.01501	0.06393	0.20302	0.03351	0.12296	0.16212	0.01300	0.08468	0.08934	0.04850	0.01145	0.01266	0.00877	0.00547	0.00501	0.00152	0.00688	0.00426	0.00335	0.10458
5	0.01730	0.01242	0.01390	0.01058	0.01493	0.01241	0.00863	0.38968	0.05290	0.09952	0.03728	0.01424	0.01096	0.00594	0.00503	0.00139	0.00505	0.00463	0.00488	0.27832
6	0.00676	0.00572	0.00582	0.00581	0.00759	0.00495	0.00431	0.00860	0.04011	0.01487	0.05198	0.07659	0.69590	0.03796	0.00708	0.00196	0.00291	0.01134	0.00503	0.00471
7	0.00690	0.00510	0.00653	0.00738	0.00812	0.00464	0.00509	0.00809	0.01105	0.01469	0.07723	0.62627	0.12054	0.01582	0.00677	0.00210	0.00315	0.03047	0.00505	0.03500
8	0.01287	0.01471	0.03217	0.02298	0.02849	0.01379	0.75460	0.01746	0.01287	0.01746	0.01103	0.01471	0.00827	0.00460	0.00643	0.00184	0.00919	0.00643	0.00276	0.00735
9	0.01137	0.01342	0.09938	0.00993	0.01243	0.18526	0.00850	0.01466	0.05374	0.01867	0.39744	0.02882	0.07590	0.00909	0.00633	0.00169	0.03537	0.00744	0.00462	0.00593
10	0.84691	0.01054	0.00801	0.00717	0.01054	0.01223	0.00590	0.01603	0.00928	0.02446	0.00759	0.00886	0.00590	0.00506	0.00337	0.00169	0.00422	0.00295	0.00337	0.00590
11	0.01130	0.00969	0.01130	0.00807	0.01292	0.00727	0.00646	0.01373	0.01130	0.01776	0.00969	0.01130	0.00807	0.00404	0.00404	0.00081	0.00404	0.00323	0.00323	0.84173
12	0.01356	0.01171	0.01233	0.01109	0.01418	0.01356	0.00863	0.02897	0.76455	0.02281	0.02219	0.02034	0.01664	0.00740	0.00555	0.00185	0.00431	0.00616	0.00555	0.00863
13	0.01016	0.00508	0.00508	0.00508	0.00635	0.00508	0.00381	0.01270	0.01143	0.02033	0.01778	0.02033	0.01397	0.00635	0.00381	0.00127	0.00254	0.00508	0.83867	0.00508
14	0.84691	0.01054	0.00801	0.00717	0.01054	0.01223	0.00590	0.01603	0.00928	0.02446	0.00759	0.00886	0.00590	0.00506	0.00337	0.00169	0.00422	0.00295	0.00337	0.00590
15	0.00664	0.00474	0.00633	0.00759	0.00791	0.00443	0.00506	0.00759	0.01044	0.01392	0.03005	0.80485	0.03606	0.01708	0.00696	0.00221	0.00316	0.01550	0.00506	0.00443
16	0.01302	0.01131	0.01151	0.01043	0.01320	0.04703	0.00806	0.02566	0.60564	0.02214	0.10706	0.02220	0.02005	0.00769	0.00553	0.00178	0.00427	0.00641	0.04908	0.00794
17	0.02446	0.00928	0.01265	0.00970	0.01392	0.00801	0.00801	0.02657	0.01560	0.77817	0.02151	0.01856	0.01350	0.00675	0.00548	0.00169	0.00464	0.00548	0.00675	0.00928
18	0.00671	0.00480	0.00638	0.00755	0.00792	0.00447	0.00507	0.00776	0.01074	0.01440	0.07552	0.75799	0.03700	0.01672	0.00693	0.00218	0.00313	0.01515	0.00512	0.00447
19	0.02070	0.01607	0.01629	0.01266	0.01690	0.07439	0.01037	0.70136	0.02487	0.03279	0.01274	0.01285	0.00910	0.00648	0.00541	0.00162	0.00629	0.00480	0.00526	0.00905
20	0.00871	0.00625	0.00868	0.00989	0.01117	0.00622	0.00863	0.01118	0.01255	0.01626	0.02973	0.06120	0.05564	0.01502	0.00749	0.00249	0.00495	0.71391	0.00502	0.00501
21	0.00668	0.00497	0.00623	0.00709	0.00781	0.00452	0.00487	0.00784	0.01124	0.01469	0.09101	0.58598	0.19534	0.01593	0.00681	0.00210	0.00303	0.01422	0.00513	0.00452
22	0.00767	0.00555	0.00693	0.00748	0.00800	0.00561	0.00500	0.00958	0.06605	0.01376	0.04784	0.42729	0.02830	0.24312	0.08874	0.00368	0.00495	0.01153	0.00442	0.00449
23	0.35371	0.18654	0.04106	0.01042	0.03936	0.17918	0.00858	0.05060	0.01201	0.01935	0.00871	0.01008	0.00708	0.00523	0.00398	0.00149	0.00596	0.00337	0.04678	0.00650
24	0.78474	0.07039	0.00955	0.00733	0.01080	0.01293	0.00616	0.01605	0.00941	0.02359	0.00759	0.00885	0.00599	0.00503	0.00338	0.00165	0.00434	0.00295	0.00330	0.00599
25	0.01660	0.01236	0.01635	0.04070	0.01724	0.05913	0.12809	0.11878	0.16588	0.20130	0.03683	0.04460	0.02963	0.00727	0.00683	0.00181	0.07784	0.00608	0.00480	0.00787

[dist]
# distance from previous block
# <min> <max>
0	1

[block]
# block no. 4 follows, 44 sequences, length 36
# corresponding to MSA columns:
# 147-182
name=unknown_E
#
# <colnr> <probs for GDERKNQSTAVLIFYWHMCP>
#	G	D	E	R	K	N	Q	S	T	A	V	L	I	F	Y	W	H	M	C	P
0	0.01066	0.00908	0.01052	0.00792	0.01216	0.00707	0.00624	0.01333	0.03660	0.01743	0.01542	0.06430	0.07811	0.00583	0.00448	0.00102	0.00388	0.00482	0.00358	0.68756
1	0.01643	0.01407	0.01391	0.01144	0.01522	0.09020	0.00910	0.28359	0.31347	0.02519	0.01569	0.01535	0.01177	0.00640	0.00522	0.00157	0.00541	0.00501	0.00489	0.13607
2	0.02070	0.00933	0.01202	0.00924	0.01335	0.00808	0.00757	0.06254	0.01523	0.55716	0.02230	0.02020	0.08000	0.00696	0.00535	0.00157	0.00446	0.00565	0.00601	0.13228
3	0.05544	0.20469	0.05348	0.01388	0.13285	0.01421	0.01040	0.09038	0.12521	0.17931	0.01407	0.01429	0.01046	0.00592	0.00509	0.00157	0.02245	0.00460	0.03359	0.00810
4	0.01409	0.20607	0.29183	0.02909	0.01811	0.01399	0.03562	0.08408	0.05268	0.10525	0.06860	0.01484	0.01193	0.00672	0.02284	0.00175	0.00652	0.00469	0.00358	0.00773
5	0.00673	0.00489	0.00625	0.00726	0.00775	0.00452	0.00487	0.00773	0.01070	0.01411	0.05820	0.65684	0.11498	0.05780	0.00797	0.00232	0.00321	0.01448	0.00500	0.00441
6	0.00664	0.00474	0.00633	0.00759	0.00791	0.00443	0.00506	0.00759	0.01044	0.01392	0.03005	0.80485	0.03606	0.01708	0.00696	0.00221	0.00316	0.01550	0.00506	0.00443
7	0.01333	0.06244	0.21498	0.03712	0.24626	0.01220	0.13844	0.01718	0.01232	0.10058	0.01310	0.08393	0.01098	0.00619	0.00555	0.00172	0.00682	0.00581	0.00324	0.00782
8	0.01230	0.24803	0.13634	0.02964	0.03684	0.02682	0.04101	0.01531	0.03914	0.08295	0.03476	0.18733	0.07097	0.00856	0.00529	0.00167	0.00541	0.00720	0.00375	0.00668
9	0.02400	0.00955	0.01276	0.00984	0.01402	0.00847	0.00811	0.05016	0.03954	0.73038	0.02126	0.01844	0.01346	0.00676	0.00548	0.00169	0.00467	0.00549	0.00667	0.00926
10	0.00947	0.00822	0.01140	0.06975	0.15729	0.00802	0.03091	0.05292	0.03100	0.01802	0.17982	0.03587	0.34576	0.01013	0.00609	0.00176	0.00417	0.00878	0.00457	0.00602
11	0.01744	0.04694	0.13977	0.07160	0.08596	0.02797	0.11443	0.02169	0.06687	0.32811	0.01554	0.01570	0.01066	0.00588	0.00547	0.00170	0.00630	0.00518	0.00447	0.00832
12	0.01110	0.01088	0.01906	0.22776	0.16501	0.02875	0.20106	0.01421	0.01163	0.01575	0.01435	0.17100	0.01372	0.00760	0.00633	0.00185	0.03266	0.00734	0.03344	0.00651
13	0.21386	0.04203	0.22148	0.04762	0.16970	0.04056	0.09571	0.01656	0.01116	0.01841	0.00916	0.01162	0.00720	0.00537	0.00585	0.00173	0.06778	0.00424	0.00272	0.00724
14	0.00781	0.00575	0.00830	0.00830	0.00911	0.00656	0.00624	0.00944	0.00863	0.01231	0.01502	0.02375	0.01464	0.16667	0.66241	0.00819	0.01308	0.00618	0.00298	0.00461
15	0.01578	0.01281	0.01357	0.01154	0.01502	0.01460	0.00917	0.25387	0.53604	0.02638	0.01938	0.01810	0.01436	0.00713	0.00552	0.00178	0.00484	0.00578	0.00552	0.00883
16	0.01372	0.01572	0.01155	0.02492	0.03855	0.38937	0.00829	0.01514	0.01315	0.01380	0.02100	0.21973	0.12263	0.01185	0.05398	0.00214	0.00727	0.00791	0.00370	0.00558
17	0.01961	0.02473	0.01556	0.01407	0.01663	0.71799	0.01066	0.02100	0.01482	0.01332	0.00831	0.01002	0.00703	0.00597	0.00607	0.00149	0.08003	0.00362	0.00277	0.00629
18	0.84691	0.01054	0.00801	0.00717	0.01054	0.01223	0.00590	0.01603	0.00928	0.02446	0.00759	0.00886	0.00590	0.00506	0.00337	0.00169	0.00422	0.00295	0.00337	0.00590
19	0.01093	0.02820	0.78016	0.01554	0.02360	0.01266	0.02014	0.01727	0.01151	0.01727	0.00978	0.01151	0.00691	0.00518	0.00518	0.00173	0.00806	0.00403	0.00230	0.00806
20	0.00829	0.00591	0.00816	0.00939	0.01040	0.00584	0.00782	0.01038	0.01196	0.01563	0.02883	0.22620	0.03212	0.03600	0.00793	0.00252	0.00461	0.55819	0.00498	0.00484
21	0.00793	0.00529	0.00595	0.00595	0.00595	0.00529	0.00330	0.00793	0.00793	0.01057	0.01718	0.03568	0.01982	0.80840	0.02775	0.00529	0.00529	0.00793	0.00330	0.00330
22	0.01978	0.01436	0.01536	0.01188	0.01597	0.01585	0.00978	0.69003	0.02437	0.03311	0.01351	0.01373	0.00969	0.00653	0.00531	0.00160	0.00569	0.00492	0.07962	0.00890
23	0.09717	0.00952	0.01222	0.00955	0.01363	0.00868	0.00786	0.02575	0.05411	0.67161	0.02030	0.01778	0.01298	0.00663	0.00530	0.00170	0.00458	0.00529	0.00638	0.00894
24	0.01225	0.01257	0.02393	0.19472	0.13308	0.01314	0.35445	0.04251	0.01228	0.01675	0.01112	0.04089	0.00912	0.00667	0.02769	0.00204	0.07097	0.00596	0.00282	0.00704
25	0.01317	0.01430	0.01637	0.01371	0.01628	0.25738	0.18725	0.01520	0.01174	0.01375	0.01132	0.01567	0.00986	0.01896	0.28168	0.07883	0.01090	0.00514	0.00280	0.00571
26	0.00674	0.00480	0.00638	0.00761	0.00794	0.00451	0.00511	0.00770	0.01042	0.01388	0.02961	0.76045	0.03542	0.04193	0.00763	0.00232	0.00328	0.03487	0.00500	0.00441
27	0.01117	0.02473	0.01171	0.01034	0.01178	0.18096	0.07308	0.01249	0.01058	0.01275	0.01520	0.11322	0.01595	0.26596	0.18197	0.00437	0.02852	0.00707	0.00323	0.00494
28	0.01263	0.08856	0.39809	0.01862	0.10170	0.03633	0.20488	0.04413	0.01254	0.01751	0.01004	0.01230	0.00753	0.00502	0.00538	0.00168	0.00797	0.00465	0.00259	0.00784
29	0.00663	0.00479	0.00627	0.00746	0.00787	0.00444	0.00500	0.00761	0.01056	0.01397	0.03165	0.75687	0.08299	0.01687	0.00693	0.00219	0.00314	0.01524	0.00506	0.00444
30	0.01123	0.00775	0.00874	0.00808	0.00999	0.00790	0.00593	0.03611	0.21389	0.10449	0.07009	0.11432	0.17575	0.18832	0.01087	0.00262	0.00408	0.00874	0.00506	0.00607
31	0.04092	0.01196	0.11753	0.23483	0.12640	0.02968	0.04105	0.01497	0.01180	0.05654	0.01624	0.03147	0.07753	0.00646	0.00517	0.00166	0.00582	0.00555	0.15786	0.00657
32	0.01264	0.17650	0.06149	0.01988	0.29015	0.02525	0.12356	0.01547	0.01204	0.03150	0.05365	0.01811	0.05134	0.07717	0.00725	0.00191	0.00634	0.00553	0.00305	0.00718
33	0.05531	0.01041	0.01188	0.01070	0.01210	0.07540	0.00847	0.04146	0.08265	0.04415	0.14299	0.08955	0.01936	0.01412	0.12412	0.00297	0.23761	0.00671	0.00397	0.00604
34	0.00713	0.00515	0.00665	0.00759	0.00822	0.00485	0.00540	0.00837	0.01102	0.01453	0.07442	0.50678	0.10330	0.08655	0.00882	0.00247	0.00357	0.12575	0.00495	0.00448
35	0.01342	0.16316	0.16289	0.01444	0.09162	0.09457	0.06747	0.03312	0.03158	0.01654	0.00961	0.01149	0.00782	0.00508	0.00533	0.00139	0.04679	0.00394	0.00282	0.21690

[dist]
# distance from previous block
# <min> <max>
0	51

[block]
# block no. 5 follows, 44 sequences, length 6
# corresponding to MSA columns:
# 237-242
name=unknown_F
#
# <colnr> <probs for GDERKNQSTAVLIFYWHMCP>
#	G	D	E	R	K	N	Q	S	T	A	V	L	I	F	Y	W	H	M	C	P
0	0.01251	0.00937	0.01240	0.03812	0.12555	0.00890	0.00849	0.07766	0.04085	0.09314	0.23094	0.02317	0.05585	0.00741	0.00575	0.00150	0.02471	0.00629	0.00458	0.21282
1	0.15635	0.03045	0.04567	0.00905	0.01187	0.00912	0.04113	0.03559	0.10770	0.10054	0.24183	0.08990	0.08138	0.00898	0.00557	0.00176	0.00409	0.00759	0.00499	0.00644
2	0.01464	0.01363	0.13344	0.08561	0.06050	0.01281	0.01218	0.05231	0.11837	0.16767	0.04498	0.01593	0.01174	0.00730	0.00885	0.00191	0.22133	0.00522	0.00399	0.00759
3	0.01287	0.00814	0.00908	0.00803	0.01009	0.00882	0.00634	0.08891	0.12764	0.09060	0.02054	0.02141	0.07756	0.00749	0.00590	0.00158	0.07613	0.00578	0.40661	0.00646
4	0.01040	0.07888	0.06692	0.01422	0.01744	0.01087	0.27556	0.01340	0.01162	0.01596	0.09912	0.15880	0.01858	0.01326	0.12256	0.00288	0.05210	0.00780	0.00347	0.00615
5	0.00700	0.00521	0.00633	0.00689	0.00776	0.00478	0.00483	0.00826	0.01145	0.01491	0.13142	0.36969	0.23431	0.10833	0.00923	0.00243	0.00333	0.05440	0.00497	0.00447

[dist]
# distance from previous block
# <min> <max>
0	1

[block]
# block no. 6 follows, 44 sequences, length 22
# corresponding to MSA columns:
# 244-265
name=unknown_G
#
# <colnr> <probs for GDERKNQSTAVLIFYWHMCP>
#	G	D	E	R	K	N	Q	S	T	A	V	L	I	F	Y	W	H	M	C	P
0	0.18704	0.10905	0.23685	0.01247	0.01757	0.01287	0.10901	0.06524	0.01286	0.09387	0.08248	0.01460	0.01189	0.00582	0.00494	0.00166	0.00616	0.00474	0.00357	0.00732
1	0.81857	0.01071	0.00830	0.00735	0.01076	0.01239	0.00606	0.04142	0.00984	0.02480	0.00778	0.00900	0.00602	0.00511	0.00345	0.00169	0.00428	0.00302	0.00345	0.00602
2	0.01132	0.03445	0.01124	0.10693	0.04103	0.02536	0.02065	0.02656	0.01093	0.07057	0.05986	0.05594	0.06977	0.03411	0.01076	0.25325	0.00492	0.00590	0.00349	0.14297
3	0.00727	0.00526	0.00700	0.00817	0.00888	0.00499	0.00611	0.00872	0.01122	0.01470	0.03155	0.52664	0.08895	0.01623	0.00709	0.00228	0.00369	0.23158	0.00505	0.00462
4	0.01600	0.56014	0.03927	0.01073	0.01490	0.21779	0.00982	0.03445	0.01250	0.01353	0.00810	0.00943	0.00718	0.00568	0.01942	0.00140	0.00708	0.00319	0.00254	0.00685
5	0.01233	0.19886	0.06048	0.00766	0.01050	0.01087	0.00692	0.08038	0.04416	0.01970	0.01463	0.01639	0.01157	0.00594	0.00404	0.00133	0.00405	0.00453	0.47940	0.00624
6	0.01498	0.14140	0.07363	0.03422	0.12001	0.02506	0.01011	0.01861	0.06807	0.17268	0.03778	0.01439	0.01101	0.00544	0.00476	0.00137	0.00525	0.00441	0.00389	0.23294
7	0.01521	0.01642	0.03056	0.04653	0.31644	0.25281	0.03409	0.06339	0.01347	0.01630	0.01055	0.01489	0.00934	0.09883	0.00833	0.00202	0.03594	0.00483	0.00295	0.00711
8	0.00698	0.00554	0.00626	0.00608	0.00769	0.00483	0.00456	0.00885	0.01368	0.01771	0.35487	0.04755	0.47068	0.01269	0.00644	0.00179	0.00268	0.01082	0.00546	0.00483
9	0.01251	0.01316	0.04824	0.20584	0.38198	0.01297	0.21223	0.01630	0.01216	0.01681	0.01031	0.01399	0.00817	0.00494	0.00568	0.00173	0.00743	0.00525	0.00264	0.00768
10	0.01174	0.07927	0.35768	0.01189	0.01711	0.01096	0.03444	0.06586	0.01304	0.07539	0.03456	0.05615	0.16878	0.00806	0.00556	0.00175	0.00602	0.03093	0.00371	0.00711
11	0.01321	0.01135	0.04531	0.02014	0.28372	0.01082	0.11859	0.03754	0.01248	0.11500	0.01630	0.19989	0.01549	0.00834	0.00684	0.00186	0.06431	0.00763	0.00383	0.00735
12	0.00663	0.00480	0.00627	0.00744	0.00787	0.00444	0.00499	0.00761	0.01058	0.01398	0.03191	0.74935	0.09035	0.01684	0.00692	0.00219	0.00313	0.01520	0.00506	0.00444
13	0.01114	0.01088	0.03520	0.33977	0.19396	0.01147	0.11618	0.02749	0.01174	0.01600	0.01348	0.07412	0.03530	0.00714	0.02109	0.00192	0.01967	0.00608	0.04070	0.00668
14	0.01656	0.01063	0.02788	0.01100	0.01410	0.06866	0.08283	0.09408	0.01466	0.29096	0.02045	0.20505	0.01803	0.00916	0.00586	0.00181	0.00524	0.03836	0.05744	0.00724
15	0.74982	0.01070	0.00902	0.00800	0.01098	0.01275	0.00660	0.01569	0.00917	0.02314	0.00754	0.00921	0.00605	0.00558	0.00506	0.00177	0.09657	0.00316	0.00326	0.00591
16	0.26289	0.00963	0.01071	0.00865	0.01229	0.00960	0.00709	0.07912	0.01406	0.41139	0.01635	0.01550	0.01100	0.00619	0.00467	0.00163	0.00438	0.00465	0.10240	0.00780
17	0.00994	0.00561	0.00637	0.00656	0.00802	0.00544	0.00526	0.01231	0.01201	0.04996	0.02543	0.03453	0.11423	0.00947	0.00514	0.00167	0.00327	0.18758	0.49204	0.00518
18	0.00702	0.00512	0.00618	0.00681	0.00744	0.00475	0.00457	0.00795	0.01055	0.01373	0.06602	0.40865	0.18759	0.20255	0.01174	0.00285	0.00361	0.03394	0.00469	0.00425
19	0.00776	0.00553	0.00688	0.00756	0.00813	0.00538	0.00507	0.05552	0.01102	0.01466	0.02740	0.59955	0.05139	0.15454	0.01048	0.00270	0.00370	0.01339	0.00478	0.00455
20	0.00765	0.00552	0.00723	0.00691	0.00813	0.00510	0.00514	0.01012	0.01511	0.02135	0.72411	0.08958	0.05046	0.01152	0.00646	0.00175	0.00261	0.01022	0.00594	0.00510
21	0.01320	0.00976	0.01155	0.00848	0.01313	0.00777	0.00680	0.01641	0.06004	0.11906	0.01206	0.01285	0.00934	0.00461	0.00433	0.00099	0.00414	0.00372	0.00385	0.67792

[dist]
# distance from previous block
# <min> <max>
4	32

[block]
# block no. 7 follows, 44 sequences, length 94
# corresponding to MSA columns:
# 299-302,305-307,311-397
name=unknown_H
#
# <colnr> <probs for GDERKNQSTAVLIFYWHMCP>
#	G	D	E	R	K	N	Q	S	T	A	V	L	I	F	Y	W	H	M	C	P
0	0.00932	0.00780	0.01186	0.19086	0.13024	0.00842	0.00933	0.01186	0.01226	0.01705	0.30392	0.02734	0.02644	0.09732	0.08773	0.00284	0.02854	0.00720	0.00398	0.00568
1	0.01999	0.05910	0.01595	0.01379	0.01668	0.73988	0.01045	0.02167	0.02897	0.01349	0.00864	0.00998	0.00720	0.00561	0.00487	0.00140	0.00956	0.00353	0.00284	0.00639
2	0.01193	0.01193	0.01670	0.01431	0.01431	0.01670	0.01193	0.01312	0.00835	0.01312	0.00716	0.01193	0.00716	0.00954	0.01789	0.00239	0.79843	0.00477	0.00239	0.00596
3	0.01888	0.01180	0.04446	0.01085	0.01472	0.01159	0.00908	0.18013	0.23476	0.32131	0.03301	0.01817	0.01395	0.00847	0.04128	0.00205	0.00539	0.00560	0.00575	0.00876
4	0.01130	0.00969	0.01130	0.00807	0.01292	0.00727	0.00646	0.01373	0.01130	0.01776	0.00969	0.01130	0.00807	0.00404	0.00404	0.00081	0.00404	0.00323	0.00323	0.84173
5	0.01138	0.00574	0.00597	0.00565	0.00721	0.00574	0.00431	0.04478	0.01226	0.06192	0.01779	0.01992	0.01375	0.00638	0.00397	0.00131	0.00280	0.00510	0.75855	0.00548
6	0.00799	0.00673	0.00906	0.00984	0.04465	0.03842	0.05231	0.00943	0.01135	0.01490	0.08134	0.59081	0.07278	0.01466	0.00670	0.00207	0.00391	0.01332	0.00478	0.00494
7	0.01426	0.01613	0.06045	0.07713	0.41692	0.19512	0.04558	0.01719	0.01299	0.01638	0.03196	0.04964	0.01050	0.00582	0.00542	0.00163	0.00726	0.00519	0.00289	0.00754
8	0.01620	0.01535	0.01624	0.07701	0.16885	0.18886	0.01157	0.24626	0.01638	0.02067	0.01116	0.01390	0.00909	0.02605	0.09638	0.00253	0.04777	0.00474	0.00358	0.00743
9	0.84691	0.01054	0.00801	0.00717	0.01054	0.01223	0.00590	0.01603	0.00928	0.02446	0.00759	0.00886	0.00590	0.00506	0.00337	0.00169	0.00422	0.00295	0.00337	0.00590
10	0.01186	0.01184	0.01668	0.04626	0.01526	0.01651	0.01206	0.01315	0.00845	0.01315	0.00726	0.01203	0.00716	0.00937	0.01738	0.00236	0.76607	0.00477	0.00239	0.00597
11	0.01190	0.01112	0.01848	0.48327	0.30754	0.01262	0.01553	0.04532	0.01206	0.01619	0.01004	0.01409	0.00785	0.00528	0.00543	0.00174	0.00692	0.00485	0.00265	0.00714
12	0.02446	0.00928	0.01265	0.00970	0.01392	0.00801	0.00801	0.02657	0.01560	0.77817	0.02151	0.01856	0.01350	0.00675	0.00548	0.00169	0.00464	0.00548	0.00675	0.00928
13	0.01193	0.01193	0.01670	0.01431	0.01431	0.01670	0.01193	0.01312	0.00835	0.01312	0.00716	0.01193	0.00716	0.00954	0.01789	0.00239	0.79843	0.00477	0.00239	0.00596
14	0.00947	0.00473	0.00710	0.00710	0.00710	0.00473	0.00473	0.00710	0.00710	0.00947	0.00947	0.01657	0.00947	0.01894	0.02131	0.84138	0.00473	0.00473	0.00237	0.00237
15	0.02308	0.00887	0.01192	0.00926	0.01319	0.00773	0.00761	0.02523	0.01520	0.70524	0.02115	0.01873	0.01354	0.00671	0.00532	0.00165	0.00444	0.00544	0.08681	0.00887
16	0.00672	0.00480	0.00639	0.00754	0.00792	0.00448	0.00507	0.00777	0.01078	0.01446	0.08031	0.75305	0.03710	0.01668	0.00692	0.00218	0.00312	0.01512	0.00512	0.00448
17	0.00666	0.00553	0.00583	0.00575	0.00750	0.00470	0.00432	0.00825	0.01295	0.01597	0.17950	0.05043	0.64714	0.01335	0.00644	0.00182	0.00273	0.01122	0.00523	0.00470
18	0.00769	0.00546	0.00648	0.00629	0.00768	0.00497	0.00469	0.00989	0.01389	0.01949	0.45077	0.07209	0.23000	0.01139	0.00608	0.00170	0.00264	0.00983	0.12399	0.00497
19	0.84691	0.01054	0.00801	0.00717	0.01054	0.01223	0.00590	0.01603	0.00928	0.02446	0.00759	0.00886	0.00590	0.00506	0.00337	0.00169	0.00422	0.00295	0.00337	0.00590
20	0.00796	0.00574	0.00826	0.00826	0.00916	0.00656	0.00629	0.00977	0.00887	0.01299	0.01505	0.02263	0.01421	0.10783	0.66520	0.00794	0.01294	0.00598	0.05961	0.00474
21	0.00664	0.00474	0.00633	0.00759	0.00791	0.00443	0.00506	0.00759	0.01044	0.01392	0.03005	0.80485	0.03606	0.01708	0.00696	0.00221	0.00316	0.01550	0.00506	0.00443
22	0.00738	0.00622	0.02790	0.00641	0.00823	0.00507	0.00503	0.00927	0.01332	0.03423	0.27517	0.08135	0.47545	0.01273	0.00641	0.00181	0.00291	0.01083	0.00532	0.00497
23	0.01499	0.64443	0.05804	0.01059	0.02923	0.08067	0.01002	0.03854	0.04431	0.01420	0.00858	0.00966	0.00751	0.00494	0.00386	0.00126	0.00619	0.00324	0.00260	0.00715
24	0.01309	0.29886	0.10940	0.03425	0.03126	0.02996	0.17381	0.01735	0.08053	0.03324	0.02853	0.01583	0.04822	0.00580	0.00498	0.00153	0.00646	0.01844	0.00313	0.04531
25	0.01252	0.01299	0.06162	0.01535	0.09661	0.07889	0.17931	0.07060	0.09624	0.01689	0.01447	0.05706	0.01346	0.21831	0.01186	0.00270	0.02463	0.00651	0.00348	0.00649
26	0.05377	0.44380	0.08855	0.01285	0.07450	0.21596	0.01099	0.01782	0.01226	0.01426	0.00820	0.00964	0.00707	0.00499	0.00415	0.00133	0.00703	0.00332	0.00253	0.00699
27	0.01345	0.20656	0.19902	0.11551	0.13831	0.10253	0.11814	0.01708	0.01211	0.01547	0.00934	0.01180	0.00744	0.00501	0.00500	0.00157	0.00755	0.00427	0.00251	0.00735
28	0.00787	0.00535	0.00636	0.00640	0.00655	0.00548	0.00386	0.00818	0.00812	0.01097	0.01718	0.05566	0.01940	0.67571	0.13597	0.00570	0.00656	0.00785	0.00330	0.00356
29	0.00863	0.00693	0.00976	0.00929	0.00988	0.00845	0.00712	0.01004	0.00851	0.01233	0.01366	0.02241	0.01360	0.18867	0.48337	0.00681	0.16685	0.00605	0.00289	0.00477
30	0.00774	0.00567	0.00727	0.00689	0.00822	0.00527	0.00516	0.01046	0.03044	0.02127	0.69621	0.06283	0.08928	0.01138	0.00643	0.00174	0.00263	0.01003	0.00591	0.00517
31	0.00732	0.00512	0.00622	0.00666	0.00703	0.00490	0.00423	0.00805	0.00999	0.01335	0.10785	0.33319	0.07348	0.36928	0.01615	0.00351	0.00402	0.01126	0.00438	0.00402
32	0.02333	0.00903	0.01229	0.00951	0.01353	0.00782	0.00782	0.02547	0.01559	0.72690	0.07235	0.02006	0.01607	0.00705	0.00555	0.00169	0.00450	0.00578	0.00670	0.00900
33	0.01030	0.00969	0.01635	0.79530	0.03755	0.01211	0.01514	0.01393	0.01090	0.01393	0.00969	0.01453	0.00727	0.00545	0.00545	0.00182	0.00727	0.00484	0.00242	0.00606
34	0.01238	0.01269	0.01663	0.01430	0.01445	0.05835	0.01185	0.01359	0.00873	0.01313	0.00723	0.01181	0.00715	0.00933	0.01719	0.00233	0.75576	0.00470	0.00241	0.00598
35	0.84691	0.01054	0.00801	0.00717	0.01054	0.01223	0.00590	0.01603	0.00928	0.02446	0.00759	0.00886	0.00590	0.00506	0.00337	0.00169	0.00422	0.00295	0.00337	0.00590
36	0.01349	0.01295	0.02213	0.03346	0.77440	0.01295	0.01673	0.01673	0.01241	0.01781	0.01025	0.01349	0.00864	0.00486	0.00540	0.00162	0.00648	0.00486	0.00270	0.00864
37	0.01641	0.01180	0.01295	0.01106	0.01452	0.01309	0.00877	0.13088	0.53375	0.15236	0.02079	0.01902	0.01507	0.00717	0.00552	0.00179	0.00461	0.00587	0.00574	0.00883
38	0.01210	0.01160	0.01932	0.37374	0.40569	0.02559	0.02773	0.01540	0.01170	0.01584	0.00997	0.01397	0.00800	0.00538	0.00571	0.01660	0.00690	0.00485	0.00257	0.00731
39	0.02038	0.02568	0.01548	0.01400	0.01686	0.76452	0.01053	0.04276	0.01574	0.01394	0.00856	0.00992	0.00709	0.00564	0.00493	0.00141	0.00972	0.00355	0.00288	0.00640
40	0.00664	0.00476	0.00631	0.00754	0.00789	0.00443	0.00504	0.00760	0.01048	0.01394	0.03064	0.78707	0.05345	0.01700	0.00695	0.00221	0.00315	0.01540	0.00506	0.00443
41	0.14127	0.00946	0.01199	0.00934	0.01344	0.00861	0.00771	0.02507	0.01471	0.67112	0.01953	0.01718	0.01242	0.00651	0.00518	0.00169	0.00458	0.00512	0.00627	0.00880
42	0.00719	0.00523	0.00678	0.00708	0.00800	0.00481	0.00505	0.00902	0.01318	0.01814	0.42106	0.35747	0.08915	0.01376	0.00665	0.00193	0.00283	0.01229	0.00555	0.00481
43	0.00925	0.00481	0.00694	0.00694	0.00694	0.00481	0.00453	0.00722	0.00722	0.00963	0.01056	0.01929	0.01094	0.13107	0.02222	0.72263	0.00481	0.00519	0.00250	0.00250
44	0.01948	0.01410	0.01537	0.01179	0.01609	0.01510	0.00968	0.62089	0.02319	0.06604	0.01355	0.03413	0.01004	0.00656	0.00534	0.00156	0.00564	0.00503	0.00526	0.10116
45	0.00683	0.00488	0.00654	0.00780	0.00820	0.00459	0.00539	0.00791	0.01062	0.01413	0.02994	0.73999	0.03565	0.01690	0.00701	0.00224	0.00332	0.07851	0.00506	0.00448
46	0.01347	0.15991	0.12386	0.19022	0.12903	0.01313	0.05622	0.03043	0.02735	0.10285	0.04914	0.03114	0.01116	0.00582	0.00514	0.00161	0.00631	0.00499	0.00332	0.03492
47	0.01713	0.25966	0.05655	0.01086	0.01496	0.01536	0.00978	0.16457	0.13532	0.17622	0.01476	0.01577	0.01126	0.00653	0.00546	0.00161	0.03886	0.03279	0.00447	0.00810
48	0.00664	0.00474	0.00633	0.00759	0.00791	0.00443	0.00506	0.00759	0.01044	0.01392	0.03005	0.80485	0.03606	0.01708	0.00696	0.00221	0.00316	0.01550	0.00506	0.00443
49	0.02114	0.01461	0.01595	0.01223	0.01658	0.01593	0.01010	0.67583	0.02453	0.11631	0.01402	0.01369	0.00974	0.00657	0.00546	0.00164	0.00585	0.00497	0.00560	0.00927
50	0.01264	0.24782	0.21032	0.12917	0.09388	0.03267	0.09534	0.01627	0.01152	0.03104	0.00985	0.01247	0.00790	0.00744	0.05788	0.00205	0.00768	0.00431	0.00256	0.00721
51	0.02072	0.01527	0.01636	0.01254	0.01691	0.01691	0.01036	0.75622	0.02563	0.03436	0.01309	0.01309	0.00927	0.00654	0.00545	0.00164	0.00600	0.00491	0.00545	0.00927
52	0.02037	0.02598	0.01545	0.01404	0.01685	0.78652	0.01053	0.02177	0.01545	0.01334	0.00843	0.00983	0.00702	0.00562	0.00492	0.00140	0.00983	0.00351	0.00281	0.00632
53	0.20444	0.09118	0.06807	0.00958	0.01393	0.01081	0.00859	0.03713	0.01366	0.46574	0.01603	0.01482	0.01061	0.00605	0.00480	0.00164	0.00494	0.00455	0.00522	0.00822
54	0.02014	0.02561	0.01548	0.01405	0.01679	0.76611	0.01057	0.02154	0.01526	0.01334	0.00839	0.00989	0.00703	0.00572	0.00526	0.00143	0.03074	0.00354	0.00280	0.00631
55	0.00664	0.00474	0.00633	0.00759	0.00791	0.00443	0.00506	0.00759	0.01044	0.01392	0.03005	0.80485	0.03606	0.01708	0.00696	0.00221	0.00316	0.01550	0.00506	0.00443
56	0.01043	0.01087	0.04318	0.02957	0.10756	0.13746	0.00828	0.01265	0.01353	0.01717	0.26353	0.14341	0.14503	0.01040	0.00607	0.00176	0.00479	0.02407	0.00451	0.00574
57	0.01104	0.02750	0.74402	0.01619	0.04466	0.01269	0.03475	0.01725	0.01156	0.01728	0.00982	0.01163	0.00698	0.00516	0.00521	0.00173	0.00804	0.00410	0.00232	0.00806
58	0.00792	0.00532	0.00614	0.00614	0.00620	0.00539	0.00354	0.00805	0.00798	0.01071	0.01700	0.03471	0.01940	0.75638	0.07920	0.00552	0.00592	0.00779	0.00328	0.00341
59	0.01700	0.01094	0.09767	0.01056	0.01444	0.00867	0.08286	0.02085	0.06465	0.35658	0.04900	0.01884	0.01412	0.00649	0.00519	0.00162	0.00487	0.00555	0.20235	0.00775
60	0.01366	0.01416	0.02971	0.02141	0.02662	0.01345	0.65806	0.01846	0.04370	0.06916	0.01212	0.01514	0.00895	0.00496	0.00657	0.00184	0.02507	0.00632	0.00313	0.00751
61	0.01130	0.00969	0.01130	0.00807	0.01292	0.00727	0.00646	0.01373	0.01130	0.01776	0.00969	0.01130	0.00807	0.00404	0.00404	0.00081	0.00404	0.00323	0.00323	0.84173
62	0.01314	0.01215	0.04277	0.02366	0.43531	0.01195	0.04732	0.04771	0.05388	0.05483	0.10045	0.01875	0.04649	0.00657	0.00646	0.00172	0.05951	0.00586	0.00361	0.00786
63	0.65758	0.01056	0.01092	0.06218	0.01398	0.01193	0.08125	0.01551	0.00967	0.02224	0.00853	0.02343	0.00689	0.00583	0.00464	0.03710	0.00493	0.00371	0.00323	0.00589
64	0.00964	0.00857	0.01232	0.01125	0.01179	0.01124	0.00911	0.01125	0.00858	0.01286	0.01127	0.01716	0.01073	0.02684	0.44221	0.00590	0.36587	0.00536	0.00268	0.00536
65	0.01200	0.06519	0.06602	0.00881	0.01358	0.00879	0.00770	0.01518	0.04253	0.05264	0.05182	0.01344	0.01086	0.00481	0.00434	0.00103	0.00440	0.00385	0.00351	0.60951
66	0.04048	0.39408	0.08626	0.01173	0.01590	0.32387	0.01065	0.03400	0.01310	0.01419	0.00822	0.00950	0.00702	0.00514	0.00424	0.00133	0.00756	0.00329	0.00261	0.00683
67	0.01222	0.06218	0.22478	0.01040	0.01406	0.12145	0.01032	0.05512	0.01265	0.01790	0.03497	0.06599	0.01277	0.00899	0.05777	0.00201	0.00636	0.00528	0.25838	0.00637
68	0.01342	0.23354	0.14399	0.01086	0.01519	0.01482	0.01039	0.07069	0.29050	0.03619	0.01879	0.01837	0.08728	0.00685	0.00501	0.00162	0.00532	0.00535	0.00410	0.00774
69	0.00793	0.00529	0.00595	0.00595	0.00595	0.00529	0.00330	0.00793	0.00793	0.01057	0.01718	0.03568	0.01982	0.80840	0.02775	0.00529	0.00529	0.00793	0.00330	0.00330
70	0.00711	0.00565	0.00800	0.00824	0.00929	0.00517	0.05578	0.00848	0.01120	0.01458	0.05119	0.55245	0.19139	0.01534	0.00682	0.00211	0.00352	0.03407	0.00493	0.00470
71	0.00737	0.00577	0.00886	0.00914	0.01001	0.00542	0.07337	0.00879	0.01090	0.01455	0.04245	0.66807	0.03351	0.01570	0.00694	0.00219	0.00382	0.06352	0.00487	0.00475
72	0.01130	0.00969	0.01130	0.00807	0.01292	0.00727	0.00646	0.01373	0.01130	0.01776	0.00969	0.01130	0.00807	0.00404	0.00404	0.00081	0.00404	0.00323	0.00323	0.84173
73	0.01116	0.11796	0.23629	0.01022	0.01564	0.01041	0.01061	0.01451	0.01139	0.01667	0.01312	0.03656	0.06020	0.00549	0.00455	0.00123	0.00532	0.00433	0.00302	0.41134
74	0.70737	0.06526	0.00959	0.00752	0.01084	0.04793	0.00624	0.01613	0.00980	0.02294	0.00818	0.00951	0.00647	0.00513	0.00348	0.00162	0.00449	0.00309	0.04847	0.00595
75	0.84691	0.01054	0.00801	0.00717	0.01054	0.01223	0.00590	0.01603	0.00928	0.02446	0.00759	0.00886	0.00590	0.00506	0.00337	0.00169	0.00422	0.00295	0.00337	0.00590
76	0.00693	0.00562	0.00624	0.00656	0.00818	0.00493	0.00512	0.00853	0.01238	0.01511	0.06163	0.10271	0.56771	0.01421	0.00669	0.00199	0.00322	0.15251	0.00507	0.00468
77	0.53931	0.08471	0.01160	0.00862	0.01221	0.08998	0.00715	0.04542	0.01158	0.13184	0.00989	0.01050	0.00734	0.00538	0.00392	0.00161	0.00505	0.00344	0.00379	0.00666
78	0.84691	0.01054	0.00801	0.00717	0.01054	0.01223	0.00590	0.01603	0.00928	0.02446	0.00759	0.00886	0.00590	0.00506	0.00337	0.00169	0.00422	0.00295	0.00337	0.00590
79	0.01535	0.18759	0.06788	0.04340	0.01507	0.08492	0.00924	0.18211	0.01508	0.05786	0.01190	0.01312	0.00921	0.00556	0.00449	0.00136	0.00558	0.00413	0.15140	0.11476
80	0.01199	0.01296	0.01081	0.01132	0.04661	0.28518	0.02285	0.01330	0.01246	0.01400	0.02207	0.43596	0.05485	0.01202	0.00612	0.00187	0.00581	0.01036	0.00410	0.00537
81	0.84691	0.01054	0.00801	0.00717	0.01054	0.01223	0.00590	0.01603	0.00928	0.02446	0.00759	0.00886	0.00590	0.00506	0.00337	0.00169	0.00422	0.00295	0.00337	0.00590
82	0.00664	0.00474	0.00633	0.00759	0.00791	0.00443	0.00506	0.00759	0.01044	0.01392	0.03005	0.80485	0.03606	0.01708	0.00696	0.00221	0.00316	0.01550	0.00506	0.00443
83	0.01324	0.01416	0.01676	0.44268	0.15611	0.20654	0.01390	0.01615	0.01228	0.01444	0.01017	0.04060	0.00844	0.00580	0.00536	0.00169	0.00764	0.00488	0.00266	0.00650
84	0.01172	0.01981	0.40543	0.05578	0.05000	0.07917	0.01447	0.01610	0.01163	0.01720	0.01139	0.01372	0.00869	0.00579	0.00572	0.00164	0.06038	0.00436	0.20003	0.00697
85	0.01151	0.01092	0.01854	0.50705	0.31634	0.01243	0.01574	0.01499	0.01147	0.01540	0.00990	0.01414	0.00779	0.00523	0.00543	0.00174	0.00697	0.00485	0.00253	0.00703
86	0.01594	0.00937	0.01055	0.00869	0.01127	0.00968	0.00671	0.26521	0.01620	0.16823	0.01677	0.02117	0.01368	0.19604	0.01034	0.00242	0.00476	0.00577	0.20031	0.00688
87	0.00644	0.00552	0.00552	0.00552	0.00736	0.00460	0.00414	0.00782	0.01243	0.01473	0.05523	0.05247	0.77218	0.01381	0.00644	0.00184	0.00276	0.01151	0.00506	0.00460
88	0.00723	0.00545	0.00675	0.00741	0.00852	0.00501	0.00563	0.00883	0.01205	0.01552	0.11677	0.29559	0.26806	0.03030	0.00728	0.00217	0.00345	0.18417	0.00512	0.00468
89	0.00711	0.00546	0.00650	0.00642	0.00782	0.00486	0.00475	0.00904	0.01372	0.01823	0.41344	0.12832	0.32898	0.01282	0.00649	0.00182	0.00271	0.01111	0.00554	0.00486
90	0.01543	0.02419	0.30494	0.01549	0.06337	0.34691	0.01442	0.02007	0.08141	0.01594	0.01024	0.01172	0.00795	0.00573	0.00563	0.00162	0.04072	0.00408	0.00284	0.00731
91	0.42786	0.01373	0.04312	0.01139	0.05276	0.13235	0.00901	0.01654	0.01070	0.04125	0.00952	0.01324	0.00818	0.00653	0.00654	0.00181	0.13935	0.04662	0.00323	0.00625
92	0.00713	0.00527	0.00710	0.00785	0.00860	0.00517	0.00562	0.00846	0.01030	0.01389	0.02747	0.51207	0.07964	0.02202	0.19116	0.00371	0.00595	0.04557	0.00450	0.02850
93	0.01134	0.01016	0.01449	0.04752	0.16209	0.00895	0.05946	0.01449	0.04325	0.01735	0.01282	0.10630	0.01183	0.00598	0.00493	0.00129	0.00491	0.00541	0.00337	0.45407

[dist]
# distance from previous block
# <min> <max>
7	28

# created by:
# /st0/software/busco_prod/Augustus/scripts/msa2prfl.pl ./align_prep/47274.fa
