[name]
unknown

[dist]
# distance from previous block
# <min> <max>
0	33

[block]
# block no. 0 follows, 43 sequences, length 82
# corresponding to MSA columns:
# 50-131
name=unknown_A
#
# <colnr> <probs for GDERKNQSTAVLIFYWHMCP>
#	G	D	E	R	K	N	Q	S	T	A	V	L	I	F	Y	W	H	M	C	P
0	0.00892	0.00637	0.00892	0.01020	0.01147	0.00637	0.00892	0.01147	0.01275	0.01657	0.02932	0.06247	0.03187	0.01530	0.00765	0.00255	0.00510	0.73354	0.00510	0.00510
1	0.01561	0.01846	0.02100	0.01692	0.02000	0.33167	0.25953	0.01805	0.01315	0.01496	0.01074	0.06700	0.00963	0.00689	0.00804	0.00181	0.15141	0.00564	0.00292	0.00657
2	0.00962	0.00481	0.00722	0.00722	0.00722	0.00481	0.00481	0.00722	0.00722	0.00962	0.00962	0.01684	0.00962	0.01924	0.02165	0.83886	0.00481	0.00481	0.00241	0.00241
3	0.00791	0.00593	0.00890	0.00890	0.00989	0.00692	0.00692	0.00989	0.00890	0.01286	0.01483	0.02176	0.01385	0.04154	0.78341	0.00890	0.01483	0.00593	0.00297	0.00494
4	0.00792	0.00591	0.00879	0.00879	0.00974	0.00686	0.00678	0.00982	0.00887	0.01277	0.01494	0.02232	0.01409	0.07122	0.75407	0.00876	0.01447	0.00602	0.00298	0.00488
5	0.04665	0.01513	0.01836	0.02119	0.28642	0.16015	0.01336	0.01642	0.01136	0.01553	0.00866	0.01216	0.00773	0.00705	0.01055	0.00193	0.33299	0.00456	0.00266	0.00710
6	0.00749	0.00539	0.00684	0.00695	0.00785	0.00502	0.00488	0.00922	0.01306	0.01799	0.42030	0.24405	0.09040	0.12380	0.00970	0.00239	0.00317	0.01138	0.00540	0.00474
7	0.00695	0.00514	0.00726	0.00821	0.00870	0.00480	0.02879	0.00803	0.01068	0.01425	0.02991	0.77679	0.03573	0.01695	0.00705	0.00224	0.00341	0.01545	0.00507	0.00459
8	0.02199	0.00897	0.01206	0.00946	0.01326	0.00789	0.00773	0.04248	0.01608	0.63388	0.14283	0.02237	0.01986	0.00758	0.00573	0.00172	0.00441	0.00628	0.00670	0.00874
9	0.01046	0.00984	0.01661	0.79205	0.03814	0.01230	0.01538	0.01415	0.01107	0.01415	0.00984	0.01477	0.00738	0.00554	0.00554	0.00185	0.00738	0.00492	0.00246	0.00615
10	0.01046	0.00984	0.01661	0.79205	0.03814	0.01230	0.01538	0.01415	0.01107	0.01415	0.00984	0.01477	0.00738	0.00554	0.00554	0.00185	0.00738	0.00492	0.00246	0.00615
11	0.01148	0.00984	0.01148	0.00820	0.01312	0.00738	0.00656	0.01395	0.01148	0.01805	0.00984	0.01148	0.00820	0.00410	0.00410	0.00082	0.00410	0.00328	0.00328	0.83922
12	0.00946	0.00817	0.01327	0.01164	0.01317	0.00945	0.10463	0.02829	0.00978	0.01406	0.01330	0.01936	0.01214	0.03160	0.56027	0.00694	0.12018	0.00584	0.00293	0.00553
13	0.00687	0.00487	0.00639	0.00756	0.00785	0.00458	0.00498	0.00774	0.01037	0.01382	0.02931	0.73087	0.03510	0.09031	0.00902	0.00254	0.00341	0.01503	0.00498	0.00439
14	0.00812	0.00585	0.00780	0.00781	0.00910	0.00552	0.00619	0.01072	0.01492	0.02075	0.57631	0.04684	0.04697	0.01235	0.00682	0.00195	0.00326	0.19770	0.00584	0.00519
15	0.00739	0.00539	0.00689	0.00704	0.00805	0.00495	0.00504	0.00929	0.01357	0.01866	0.44913	0.27773	0.11269	0.03943	0.00741	0.00203	0.00291	0.01188	0.00562	0.00489
16	0.00846	0.00557	0.00728	0.00731	0.00846	0.00513	0.00530	0.01046	0.01377	0.06149	0.43886	0.30168	0.05638	0.01306	0.00659	0.00190	0.00294	0.01164	0.02851	0.00520
17	0.06780	0.01165	0.01354	0.01057	0.01448	0.01187	0.00858	0.32442	0.01901	0.35942	0.01713	0.01754	0.01207	0.07722	0.00744	0.00202	0.00532	0.00540	0.00581	0.00869
18	0.00713	0.00563	0.00638	0.00620	0.00779	0.00493	0.00462	0.00902	0.01382	0.01795	0.35863	0.04783	0.44620	0.03089	0.00703	0.00190	0.00278	0.01089	0.00551	0.00488
19	0.19613	0.01015	0.01198	0.00955	0.01356	0.00989	0.00784	0.05314	0.08076	0.52175	0.01860	0.01672	0.01220	0.00654	0.00512	0.00173	0.00465	0.00507	0.00597	0.00865
20	0.00871	0.00633	0.00775	0.00718	0.00883	0.00595	0.00545	0.03479	0.04766	0.03980	0.57458	0.04103	0.16818	0.01135	0.00644	0.00177	0.00288	0.00987	0.00592	0.00552
21	0.00784	0.00541	0.00705	0.00737	0.00789	0.00566	0.00506	0.00895	0.00925	0.01305	0.01994	0.22540	0.02177	0.28621	0.27741	0.00547	0.00783	0.00908	0.06504	0.00432
22	0.01373	0.00823	0.00862	0.00744	0.00970	0.00867	0.00588	0.22504	0.01584	0.04220	0.01679	0.01850	0.01282	0.00652	0.00439	0.00141	0.00364	0.00512	0.57898	0.00648
23	0.00885	0.00672	0.00775	0.00741	0.00913	0.00664	0.00564	0.01348	0.14696	0.02024	0.36424	0.05752	0.19881	0.01108	0.00618	0.00179	0.00307	0.03618	0.08259	0.00571
24	0.02347	0.00973	0.01281	0.01003	0.01417	0.00884	0.00822	0.02729	0.10846	0.68123	0.02194	0.01908	0.01411	0.00694	0.00558	0.00173	0.00467	0.00566	0.00670	0.00934
25	0.01032	0.00516	0.00516	0.00516	0.00645	0.00516	0.00387	0.01290	0.01161	0.02065	0.01807	0.02065	0.01420	0.00645	0.00387	0.00129	0.00258	0.00516	0.83611	0.00516
26	0.00686	0.00582	0.00595	0.00588	0.00776	0.00501	0.00442	0.00880	0.03730	0.01567	0.09838	0.05150	0.70031	0.01365	0.00651	0.00186	0.00285	0.01141	0.00522	0.00484
27	0.00785	0.00648	0.00699	0.00675	0.00864	0.00606	0.00509	0.01149	0.11756	0.01770	0.20920	0.06416	0.48671	0.01260	0.00643	0.00185	0.00299	0.01066	0.00542	0.00536
28	0.00784	0.00566	0.00740	0.00697	0.00827	0.00523	0.00523	0.01045	0.01568	0.02221	0.76789	0.04137	0.05226	0.01132	0.00653	0.00174	0.00261	0.01002	0.00610	0.00523
29	0.05047	0.01142	0.01391	0.01070	0.01500	0.01117	0.00883	0.25900	0.01890	0.51313	0.01865	0.01675	0.01208	0.00673	0.00549	0.00170	0.00514	0.00530	0.00632	0.00931
30	0.00706	0.00497	0.00640	0.00735	0.00766	0.00471	0.00480	0.00792	0.01037	0.01390	0.06686	0.61226	0.03424	0.17081	0.01116	0.00283	0.00360	0.01394	0.00484	0.00431
31	0.01006	0.00773	0.00823	0.00785	0.00988	0.00804	0.00598	0.03107	0.25222	0.01915	0.05861	0.07021	0.25415	0.04202	0.00668	0.00194	0.00355	0.03975	0.15671	0.00615
32	0.01093	0.00809	0.00957	0.00955	0.01137	0.00860	0.00726	0.01793	0.30213	0.06534	0.04931	0.32418	0.02738	0.01242	0.00648	0.00210	0.00400	0.11133	0.00546	0.00656
33	0.01680	0.02000	0.01593	0.29344	0.02459	0.48249	0.01232	0.01948	0.03715	0.01407	0.00946	0.01203	0.00753	0.00570	0.00521	0.00159	0.00888	0.00414	0.00280	0.00640
34	0.01532	0.08995	0.04433	0.04897	0.43514	0.06233	0.01439	0.14318	0.05711	0.02034	0.01119	0.01331	0.00898	0.00543	0.00528	0.00161	0.00660	0.00472	0.00333	0.00848
35	0.00808	0.00519	0.00693	0.00776	0.00841	0.00481	0.00535	0.00904	0.01107	0.05907	0.06909	0.63278	0.05401	0.01640	0.00784	0.05317	0.00339	0.02778	0.00513	0.00472
36	0.01148	0.00984	0.01148	0.00820	0.01312	0.00738	0.00656	0.01395	0.01148	0.01805	0.00984	0.01148	0.00820	0.00410	0.00410	0.00082	0.00410	0.00328	0.00328	0.83922
37	0.03204	0.74853	0.02785	0.00970	0.01431	0.06445	0.00947	0.01689	0.01147	0.01330	0.00775	0.00895	0.00709	0.00480	0.00363	0.00121	0.00612	0.00300	0.00242	0.00705
38	0.00805	0.00537	0.00604	0.00604	0.00604	0.00537	0.00336	0.00805	0.00805	0.01074	0.01745	0.03624	0.02013	0.80536	0.02819	0.00537	0.00537	0.00805	0.00336	0.00336
39	0.01853	0.22644	0.01944	0.01170	0.01606	0.01804	0.01004	0.47074	0.10905	0.02769	0.01290	0.01299	0.00969	0.00624	0.00502	0.00156	0.00585	0.00460	0.00471	0.00873
40	0.01481	0.80869	0.02902	0.00948	0.01421	0.02191	0.00948	0.01658	0.01125	0.01303	0.00770	0.00888	0.00711	0.00474	0.00355	0.00118	0.00592	0.00296	0.00237	0.00711
41	0.01148	0.00984	0.01148	0.00820	0.01312	0.00738	0.00656	0.01395	0.01148	0.01805	0.00984	0.01148	0.00820	0.00410	0.00410	0.00082	0.00410	0.00328	0.00328	0.83922
42	0.01378	0.01190	0.01252	0.01127	0.01440	0.01378	0.00877	0.02943	0.76081	0.02317	0.02254	0.02066	0.01691	0.00751	0.00564	0.00188	0.00438	0.00626	0.00564	0.00877
43	0.00675	0.00482	0.00643	0.00771	0.00803	0.00450	0.00514	0.00771	0.01060	0.01414	0.03053	0.80175	0.03663	0.01735	0.00707	0.00225	0.00321	0.01574	0.00514	0.00450
44	0.84448	0.01071	0.00814	0.00728	0.01071	0.01242	0.00600	0.01628	0.00943	0.02485	0.00771	0.00900	0.00600	0.00514	0.00343	0.00171	0.00428	0.00300	0.00343	0.00600
45	0.00805	0.00537	0.00604	0.00604	0.00604	0.00537	0.00336	0.00805	0.00805	0.01074	0.01745	0.03624	0.02013	0.80536	0.02819	0.00537	0.00537	0.00805	0.00336	0.00336
46	0.01111	0.02865	0.77667	0.01579	0.02397	0.01286	0.02046	0.01754	0.01169	0.01754	0.00994	0.01169	0.00702	0.00526	0.00526	0.00175	0.00818	0.00409	0.00234	0.00818
47	0.01673	0.01124	0.01261	0.01089	0.01433	0.01227	0.00860	0.02878	0.56230	0.22342	0.02236	0.02018	0.01605	0.00734	0.00562	0.00183	0.00447	0.00608	0.00596	0.00894
48	0.01046	0.00984	0.01661	0.79205	0.03814	0.01230	0.01538	0.01415	0.01107	0.01415	0.00984	0.01477	0.00738	0.00554	0.00554	0.00185	0.00738	0.00492	0.00246	0.00615
49	0.84448	0.01071	0.00814	0.00728	0.01071	0.01242	0.00600	0.01628	0.00943	0.02485	0.00771	0.00900	0.00600	0.00514	0.00343	0.00171	0.00428	0.00300	0.00343	0.00600
50	0.01399	0.01235	0.01262	0.01136	0.01449	0.03764	0.00883	0.02920	0.73769	0.02287	0.02211	0.02033	0.01660	0.00746	0.00562	0.00186	0.00456	0.00618	0.00555	0.00869
51	0.01597	0.06315	0.16102	0.01846	0.21403	0.06080	0.03377	0.21355	0.01635	0.06408	0.03416	0.01374	0.00996	0.00573	0.00531	0.00160	0.00664	0.00473	0.00376	0.05318
52	0.00661	0.00548	0.00579	0.00600	0.00759	0.00466	0.00439	0.00796	0.01234	0.01497	0.06616	0.18190	0.62802	0.01454	0.00664	0.00193	0.00287	0.01235	0.00516	0.00466
53	0.84448	0.01071	0.00814	0.00728	0.01071	0.01242	0.00600	0.01628	0.00943	0.02485	0.00771	0.00900	0.00600	0.00514	0.00343	0.00171	0.00428	0.00300	0.00343	0.00600
54	0.01373	0.01545	0.09897	0.03058	0.61480	0.04897	0.06209	0.01734	0.01269	0.01780	0.01033	0.01341	0.00850	0.00499	0.00550	0.00166	0.00707	0.00488	0.00271	0.00852
55	0.01046	0.00984	0.01661	0.79205	0.03814	0.01230	0.01538	0.01415	0.01107	0.01415	0.00984	0.01477	0.00738	0.00554	0.00554	0.00185	0.00738	0.00492	0.00246	0.00615
56	0.00792	0.00513	0.00693	0.00772	0.00808	0.00495	0.00521	0.02902	0.01014	0.01353	0.02446	0.56989	0.02865	0.01755	0.01091	0.22517	0.00372	0.01252	0.00442	0.00408
57	0.01421	0.01129	0.01210	0.01067	0.01380	0.01263	0.00836	0.08507	0.56649	0.06916	0.04830	0.02350	0.08364	0.00810	0.00573	0.00185	0.00435	0.00671	0.00567	0.00839
58	0.02476	0.00956	0.01294	0.00992	0.01421	0.00834	0.00819	0.04329	0.01608	0.75803	0.02166	0.01873	0.01361	0.00685	0.00557	0.00171	0.00474	0.00556	0.00683	0.00943
59	0.00962	0.00481	0.00722	0.00722	0.00722	0.00481	0.00481	0.00722	0.00722	0.00962	0.00962	0.01684	0.00962	0.01924	0.02165	0.83886	0.00481	0.00481	0.00241	0.00241
60	0.01171	0.01181	0.01473	0.29232	0.02226	0.11969	0.01185	0.01402	0.01052	0.01354	0.01019	0.01508	0.00887	0.01528	0.19531	0.00363	0.21573	0.00496	0.00263	0.00588
61	0.02069	0.02640	0.01569	0.01427	0.01712	0.78313	0.01070	0.02212	0.01569	0.01355	0.00856	0.00999	0.00713	0.00571	0.00499	0.00143	0.00999	0.00357	0.00285	0.00642
62	0.00675	0.00482	0.00643	0.00771	0.00803	0.00450	0.00514	0.00771	0.01060	0.01414	0.03053	0.80175	0.03663	0.01735	0.00707	0.00225	0.00321	0.01574	0.00514	0.00450
63	0.00804	0.04974	0.03344	0.02572	0.01001	0.03674	0.00636	0.00946	0.01136	0.01444	0.03174	0.51314	0.16077	0.01486	0.00664	0.00208	0.00391	0.05187	0.00475	0.00494
64	0.01257	0.03535	0.22779	0.02082	0.02692	0.01396	0.52232	0.01754	0.01254	0.01746	0.01069	0.01388	0.00798	0.00497	0.00646	0.00184	0.03088	0.00577	0.00266	0.00761
65	0.01111	0.02865	0.77667	0.01579	0.02397	0.01286	0.02046	0.01754	0.01169	0.01754	0.00994	0.01169	0.00702	0.00526	0.00526	0.00175	0.00818	0.00409	0.00234	0.00818
66	0.01336	0.01135	0.01196	0.01076	0.01377	0.01297	0.00837	0.04558	0.66733	0.02296	0.04059	0.02259	0.05548	0.00788	0.00565	0.00185	0.00426	0.00656	0.02835	0.00840
67	0.31391	0.34152	0.01870	0.00943	0.01363	0.01743	0.00847	0.18425	0.01397	0.02226	0.00898	0.00993	0.00724	0.00532	0.00396	0.00148	0.00537	0.00344	0.00347	0.00724
68	0.14159	0.01129	0.01325	0.04243	0.01475	0.01210	0.00882	0.13933	0.01327	0.07963	0.01089	0.02824	0.00884	0.00646	0.00756	0.00159	0.17807	0.00437	0.00378	0.27375
69	0.01827	0.01579	0.01634	0.01435	0.06194	0.15059	0.01096	0.33573	0.01805	0.07086	0.01152	0.01350	0.00906	0.03106	0.00912	0.00191	0.19405	0.00483	0.00417	0.00787
70	0.69546	0.01254	0.00959	0.00841	0.01188	0.08096	0.00683	0.08494	0.01152	0.02478	0.00830	0.00948	0.00641	0.00533	0.00376	0.00168	0.00496	0.00323	0.00357	0.00635
71	0.02689	0.00949	0.01304	0.21837	0.01949	0.01018	0.03385	0.14144	0.03655	0.12115	0.12049	0.09312	0.04934	0.03394	0.00669	0.00197	0.00534	0.04716	0.00471	0.00679
72	0.00675	0.00482	0.00643	0.00771	0.00803	0.00450	0.00514	0.00771	0.01060	0.01414	0.03053	0.80175	0.03663	0.01735	0.00707	0.00225	0.00321	0.01574	0.00514	0.00450
73	0.00793	0.00554	0.00684	0.00658	0.00735	0.00529	0.00445	0.00946	0.01253	0.01747	0.45782	0.03925	0.03898	0.33941	0.01548	0.00324	0.00375	0.00921	0.00496	0.00445
74	0.02094	0.01288	0.04391	0.01135	0.01570	0.01257	0.00958	0.30646	0.12335	0.33435	0.01785	0.01648	0.01209	0.00673	0.00552	0.00169	0.00532	0.00532	0.00590	0.03199
75	0.01973	0.15348	0.01786	0.01349	0.01665	0.65947	0.01050	0.02122	0.01497	0.01347	0.00842	0.00981	0.00713	0.00555	0.00476	0.00139	0.00933	0.00347	0.00277	0.00653
76	0.01148	0.00984	0.01148	0.00820	0.01312	0.00738	0.00656	0.01395	0.01148	0.01805	0.00984	0.01148	0.00820	0.00410	0.00410	0.00082	0.00410	0.00328	0.00328	0.83922
77	0.01770	0.01574	0.01795	0.02030	0.28725	0.13932	0.01255	0.29245	0.04957	0.04718	0.01271	0.03920	0.01015	0.00627	0.00549	0.00165	0.00669	0.00516	0.00413	0.00851
78	0.01378	0.54620	0.22717	0.01134	0.01677	0.03987	0.01240	0.01679	0.01153	0.01445	0.02477	0.01043	0.00806	0.00515	0.00440	0.00138	0.02226	0.00347	0.00246	0.00731
79	0.00674	0.00485	0.00639	0.00763	0.00801	0.00451	0.00510	0.00772	0.01069	0.01417	0.03157	0.77110	0.06660	0.01721	0.00705	0.00223	0.00320	0.01558	0.00514	0.00451
80	0.01103	0.00905	0.01171	0.03403	0.01288	0.03392	0.05599	0.01576	0.22711	0.01578	0.01808	0.18393	0.01750	0.01271	0.01131	0.21978	0.07582	0.02395	0.00402	0.00565
81	0.00971	0.03761	0.23240	0.01194	0.01545	0.00937	0.10328	0.01264	0.01058	0.01486	0.01645	0.19470	0.01708	0.18465	0.04928	0.00298	0.02752	0.00792	0.00332	0.03826

[dist]
# distance from previous block
# <min> <max>
56	83

[block]
# block no. 1 follows, 43 sequences, length 6
# corresponding to MSA columns:
# 226-231
name=unknown_B
#
# <colnr> <probs for GDERKNQSTAVLIFYWHMCP>
#	G	D	E	R	K	N	Q	S	T	A	V	L	I	F	Y	W	H	M	C	P
0	0.01579	0.26553	0.15786	0.01163	0.01644	0.01588	0.01142	0.16467	0.13039	0.09054	0.01409	0.01616	0.01113	0.00646	0.00501	0.00162	0.00597	0.04724	0.00407	0.00811
1	0.01584	0.01388	0.01546	0.01417	0.07313	0.14317	0.06204	0.06449	0.21260	0.11508	0.10149	0.01862	0.01610	0.00737	0.00715	0.00180	0.09956	0.00582	0.00456	0.00767
2	0.06289	0.00842	0.00905	0.00870	0.01002	0.07860	0.00628	0.04783	0.03994	0.08992	0.01732	0.24214	0.01763	0.01430	0.01180	0.31356	0.00483	0.00788	0.00401	0.00488
3	0.09272	0.01599	0.01311	0.01184	0.01428	0.28740	0.00939	0.14121	0.01517	0.01879	0.01681	0.05606	0.06994	0.00883	0.00701	0.00184	0.09410	0.11515	0.00393	0.00644
4	0.65793	0.01290	0.09104	0.01135	0.10223	0.01256	0.00883	0.01650	0.01004	0.02328	0.00827	0.00984	0.00643	0.00513	0.00386	0.00171	0.00497	0.00334	0.00323	0.00656
5	0.01525	0.31845	0.27894	0.01300	0.01836	0.23825	0.01356	0.01850	0.01268	0.01471	0.00871	0.01016	0.00708	0.00520	0.00455	0.00145	0.00786	0.00352	0.00250	0.00728

[dist]
# distance from previous block
# <min> <max>
15	26

[block]
# block no. 2 follows, 43 sequences, length 21
# corresponding to MSA columns:
# 259-279
name=unknown_C
#
# <colnr> <probs for GDERKNQSTAVLIFYWHMCP>
#	G	D	E	R	K	N	Q	S	T	A	V	L	I	F	Y	W	H	M	C	P
0	0.16519	0.01207	0.04047	0.04206	0.01468	0.02960	0.00883	0.17202	0.21128	0.07741	0.04598	0.09635	0.02727	0.00795	0.00565	0.00182	0.02260	0.00632	0.00488	0.00757
1	0.28245	0.01226	0.01355	0.19319	0.08874	0.09257	0.02459	0.01705	0.07372	0.01903	0.01145	0.01598	0.00962	0.00632	0.00538	0.00178	0.03525	0.05620	0.00333	0.03756
2	0.07262	0.01162	0.01569	0.47057	0.02863	0.07640	0.03573	0.05001	0.01246	0.08603	0.01248	0.01557	0.03631	0.00620	0.00605	0.00181	0.04696	0.00503	0.00322	0.00660
3	0.01529	0.07372	0.15302	0.01462	0.01974	0.05005	0.16027	0.21398	0.13203	0.02259	0.01281	0.01386	0.00958	0.00574	0.00542	0.00164	0.00684	0.00498	0.00390	0.07993
4	0.01249	0.02564	0.64964	0.01513	0.02236	0.01270	0.01869	0.01814	0.01186	0.08945	0.01088	0.01241	0.00767	0.00573	0.00621	0.00180	0.06398	0.00429	0.00278	0.00815
5	0.01105	0.07974	0.15164	0.03126	0.07067	0.01153	0.11244	0.01440	0.01251	0.01784	0.20996	0.03844	0.02012	0.00743	0.00716	0.00171	0.10222	0.00626	0.00360	0.09003
6	0.04767	0.00648	0.00728	0.00689	0.00818	0.00635	0.00489	0.07677	0.01130	0.01493	0.02933	0.03390	0.30512	0.16294	0.01471	0.24277	0.00423	0.00801	0.00398	0.00427
7	0.01236	0.02245	0.52273	0.01400	0.02062	0.01180	0.04548	0.07813	0.01337	0.07263	0.01750	0.01822	0.11305	0.00668	0.00553	0.00176	0.00706	0.00542	0.00333	0.00786
8	0.00791	0.00593	0.00890	0.00890	0.00989	0.00692	0.00692	0.00989	0.00890	0.01286	0.01483	0.02176	0.01385	0.04154	0.78341	0.00890	0.01483	0.00593	0.00297	0.00494
9	0.84448	0.01071	0.00814	0.00728	0.01071	0.01242	0.00600	0.01628	0.00943	0.02485	0.00771	0.00900	0.00600	0.00514	0.00343	0.00171	0.00428	0.00300	0.00343	0.00600
10	0.01040	0.00965	0.01473	0.35036	0.02347	0.01244	0.01214	0.01259	0.00989	0.01368	0.01201	0.12302	0.01174	0.01066	0.04623	0.02440	0.28760	0.00643	0.00284	0.00574
11	0.02069	0.02640	0.01569	0.01427	0.01712	0.78313	0.01070	0.02212	0.01569	0.01355	0.00856	0.00999	0.00713	0.00571	0.00499	0.00143	0.00999	0.00357	0.00285	0.00642
12	0.01250	0.01149	0.01722	0.08290	0.08860	0.01236	0.15915	0.02152	0.34785	0.01969	0.01922	0.02558	0.01621	0.00788	0.00614	0.00197	0.00596	0.13166	0.00443	0.00765
13	0.01524	0.01262	0.01335	0.01157	0.01496	0.01446	0.00912	0.17464	0.61322	0.02553	0.02068	0.01918	0.01540	0.00734	0.00562	0.00184	0.00473	0.00601	0.00562	0.00890
14	0.01264	0.00910	0.01046	0.00908	0.01089	0.00992	0.00673	0.27297	0.01464	0.01982	0.01537	0.02474	0.01487	0.34514	0.19454	0.00487	0.00781	0.00647	0.00404	0.00588
15	0.00772	0.00573	0.00765	0.00738	0.00866	0.00566	0.00561	0.01003	0.01341	0.01877	0.47746	0.03698	0.11596	0.02028	0.22954	0.00381	0.00614	0.00902	0.00510	0.00509
16	0.01512	0.50784	0.09324	0.01045	0.01514	0.01826	0.01023	0.02015	0.16225	0.08113	0.01211	0.01237	0.00964	0.00553	0.00430	0.00142	0.00572	0.00395	0.00341	0.00774
17	0.01145	0.10056	0.70774	0.01520	0.02307	0.01370	0.01945	0.01745	0.01165	0.01712	0.00973	0.01143	0.00702	0.00521	0.00510	0.00170	0.00798	0.00399	0.00234	0.00809
18	0.01325	0.48083	0.34327	0.01213	0.01832	0.01811	0.01409	0.01699	0.01144	0.01493	0.00864	0.01006	0.00707	0.00496	0.00427	0.00142	0.00687	0.00344	0.00236	0.00756
19	0.01141	0.17521	0.26560	0.01175	0.03271	0.01209	0.02670	0.01562	0.04659	0.04544	0.16478	0.02062	0.04883	0.01066	0.08647	0.00239	0.00677	0.00578	0.00362	0.00697
20	0.18150	0.01180	0.01573	0.01299	0.01485	0.01463	0.06294	0.04604	0.01073	0.12181	0.00989	0.01267	0.00807	0.00791	0.01213	0.00211	0.43935	0.00470	0.00339	0.00675

[dist]
# distance from previous block
# <min> <max>
0	3

[block]
# block no. 3 follows, 43 sequences, length 15
# corresponding to MSA columns:
# 283-297
name=unknown_D
#
# <colnr> <probs for GDERKNQSTAVLIFYWHMCP>
#	G	D	E	R	K	N	Q	S	T	A	V	L	I	F	Y	W	H	M	C	P
0	0.00894	0.00664	0.00825	0.00824	0.00989	0.00641	0.00670	0.06594	0.01479	0.01968	0.30476	0.04912	0.19218	0.01292	0.00685	0.00204	0.00378	0.26198	0.00551	0.00538
1	0.01341	0.01690	0.18310	0.02031	0.08058	0.01359	0.39196	0.01840	0.04899	0.06595	0.01175	0.01444	0.00879	0.00555	0.00716	0.00187	0.08073	0.00568	0.00306	0.00777
2	0.10897	0.01127	0.01377	0.01487	0.17094	0.01193	0.00975	0.07287	0.27622	0.14407	0.02085	0.02027	0.08594	0.00718	0.00543	0.00177	0.00485	0.00594	0.00493	0.00821
3	0.01371	0.01316	0.02248	0.03399	0.77081	0.01316	0.01700	0.01700	0.01261	0.01809	0.01042	0.01371	0.00877	0.00493	0.00548	0.00164	0.00658	0.00493	0.00274	0.00877
4	0.01267	0.01201	0.01990	0.27565	0.48283	0.01293	0.01590	0.01695	0.06443	0.01718	0.01108	0.01453	0.00890	0.00531	0.00551	0.00173	0.00668	0.00502	0.00285	0.00793
5	0.02111	0.10462	0.01715	0.01191	0.01620	0.08577	0.00993	0.45175	0.02131	0.18449	0.01401	0.01365	0.00984	0.00639	0.00527	0.00160	0.00614	0.00475	0.00521	0.00889
6	0.01429	0.01364	0.01526	0.07491	0.17396	0.10024	0.01119	0.02487	0.46483	0.02035	0.01749	0.01757	0.01340	0.00663	0.00552	0.00178	0.00570	0.00558	0.00448	0.00831
7	0.00962	0.00481	0.00722	0.00722	0.00722	0.00481	0.00481	0.00722	0.00722	0.00962	0.00962	0.01684	0.00962	0.01924	0.02165	0.83886	0.00481	0.00481	0.00241	0.00241
8	0.01495	0.18031	0.01844	0.27164	0.03813	0.17197	0.01173	0.10964	0.07026	0.01718	0.01215	0.01415	0.03494	0.00598	0.00506	0.00160	0.00705	0.00458	0.00324	0.00701
9	0.00958	0.00764	0.00863	0.00861	0.01037	0.00788	0.00647	0.06121	0.20505	0.01818	0.03371	0.30664	0.21348	0.01315	0.00652	0.00204	0.00374	0.06582	0.00529	0.00600
10	0.00673	0.00490	0.00634	0.00750	0.00798	0.00452	0.00505	0.00774	0.01081	0.01422	0.03315	0.72484	0.11184	0.01701	0.00702	0.00221	0.00317	0.01533	0.00514	0.00452
11	0.01188	0.01176	0.02110	0.27248	0.31603	0.01227	0.16304	0.01540	0.01221	0.01647	0.01460	0.01794	0.07823	0.00591	0.00581	0.00177	0.00704	0.00588	0.00288	0.00729
12	0.01372	0.01541	0.05081	0.08881	0.28750	0.08437	0.34212	0.01758	0.01294	0.01718	0.01053	0.01393	0.00829	0.00495	0.00590	0.00174	0.00824	0.00549	0.00274	0.00774
13	0.09453	0.00807	0.01036	0.00893	0.01186	0.00737	0.00698	0.01982	0.01358	0.46156	0.02333	0.26916	0.02035	0.01006	0.00585	0.00189	0.00419	0.00860	0.00599	0.00753
14	0.01580	0.01442	0.09984	0.18958	0.15776	0.08279	0.01303	0.05601	0.08201	0.16845	0.01356	0.01489	0.00984	0.00583	0.00538	0.00167	0.00652	0.00487	0.00389	0.05384

[dist]
# distance from previous block
# <min> <max>
5	13

[block]
# block no. 4 follows, 43 sequences, length 11
# corresponding to MSA columns:
# 311-321
name=unknown_E
#
# <colnr> <probs for GDERKNQSTAVLIFYWHMCP>
#	G	D	E	R	K	N	Q	S	T	A	V	L	I	F	Y	W	H	M	C	P
0	0.12192	0.01039	0.01419	0.33093	0.02308	0.01262	0.01143	0.04767	0.01108	0.01669	0.01331	0.01655	0.07676	0.00722	0.00834	0.00189	0.19942	0.00515	0.00303	0.06832
1	0.01025	0.01005	0.01773	0.01343	0.01713	0.00896	0.30260	0.01322	0.01272	0.01731	0.11252	0.06472	0.18442	0.03347	0.00682	0.00180	0.00572	0.00801	0.00393	0.15519
2	0.01326	0.01127	0.01346	0.01024	0.01410	0.01097	0.00835	0.14105	0.01340	0.02002	0.00993	0.01192	0.00823	0.00565	0.00714	0.00128	0.16121	0.00389	0.00350	0.53115
3	0.01092	0.00850	0.00913	0.00797	0.01047	0.00845	0.00625	0.20833	0.04427	0.02190	0.17083	0.03926	0.40962	0.01133	0.00624	0.00179	0.00371	0.00940	0.00544	0.00619
4	0.08822	0.22361	0.44908	0.01410	0.02074	0.01522	0.08297	0.01720	0.01150	0.01708	0.00928	0.01103	0.00707	0.00506	0.00478	0.00162	0.00736	0.00393	0.00249	0.00765
5	0.84448	0.01071	0.00814	0.00728	0.01071	0.01242	0.00600	0.01628	0.00943	0.02485	0.00771	0.00900	0.00600	0.00514	0.00343	0.00171	0.00428	0.00300	0.00343	0.00600
6	0.00800	0.00560	0.00719	0.00719	0.00759	0.00599	0.00479	0.00879	0.00839	0.01159	0.01640	0.03041	0.01760	0.49781	0.33227	0.00679	0.00918	0.00720	0.00320	0.00400
7	0.00805	0.00537	0.00604	0.00604	0.00604	0.00537	0.00336	0.00805	0.00805	0.01074	0.01745	0.03624	0.02013	0.80536	0.02819	0.00537	0.00537	0.00805	0.00336	0.00336
8	0.01032	0.00516	0.00516	0.00516	0.00645	0.00516	0.00387	0.01290	0.01161	0.02065	0.01807	0.02065	0.01420	0.00645	0.00387	0.00129	0.00258	0.00516	0.83611	0.00516
9	0.06948	0.54083	0.19322	0.01099	0.01630	0.05945	0.01175	0.01707	0.01146	0.01485	0.00824	0.00957	0.00701	0.00493	0.00400	0.00136	0.00653	0.00325	0.00246	0.00724
10	0.02105	0.01551	0.01662	0.01274	0.01717	0.01717	0.01053	0.75235	0.02604	0.03490	0.01330	0.01330	0.00942	0.00665	0.00554	0.00166	0.00609	0.00499	0.00554	0.00942

[dist]
# distance from previous block
# <min> <max>
0	1

[block]
# block no. 5 follows, 43 sequences, length 15
# corresponding to MSA columns:
# 323-337
name=unknown_F
#
# <colnr> <probs for GDERKNQSTAVLIFYWHMCP>
#	G	D	E	R	K	N	Q	S	T	A	V	L	I	F	Y	W	H	M	C	P
0	0.01148	0.00984	0.01148	0.00820	0.01312	0.00738	0.00656	0.01395	0.01148	0.01805	0.00984	0.01148	0.00820	0.00410	0.00410	0.00082	0.00410	0.00328	0.00328	0.83922
1	0.01686	0.09280	0.01727	0.20808	0.02158	0.26471	0.01172	0.11504	0.01460	0.07237	0.01024	0.01243	0.00799	0.00627	0.00673	0.00168	0.10499	0.00434	0.00330	0.00699
2	0.01385	0.01361	0.02176	0.08184	0.68551	0.05203	0.01657	0.01707	0.01267	0.01761	0.01029	0.01359	0.00860	0.00501	0.00546	0.00165	0.00680	0.00486	0.00273	0.00848
3	0.04637	0.12760	0.52266	0.01369	0.02056	0.01343	0.01644	0.01898	0.03372	0.11969	0.01153	0.01244	0.00818	0.00547	0.00502	0.00168	0.00715	0.00416	0.00309	0.00814
4	0.00791	0.00593	0.00890	0.00890	0.00989	0.00692	0.00692	0.00989	0.00890	0.01286	0.01483	0.02176	0.01385	0.04154	0.78341	0.00890	0.01483	0.00593	0.00297	0.00494
5	0.02236	0.01341	0.01532	0.01175	0.01613	0.01406	0.00970	0.50200	0.02252	0.29022	0.01625	0.01521	0.01090	0.00672	0.00555	0.00168	0.00562	0.00519	0.00599	0.00942
6	0.01212	0.01212	0.01696	0.01454	0.01454	0.01696	0.01212	0.01333	0.00848	0.01333	0.00727	0.01212	0.00727	0.00969	0.01818	0.00242	0.79523	0.00485	0.00242	0.00606
7	0.00763	0.00519	0.00617	0.00658	0.00669	0.00509	0.00394	0.00794	0.00888	0.01184	0.02170	0.28509	0.02550	0.54920	0.02132	0.00436	0.00467	0.01055	0.00394	0.00373
8	0.00784	0.00566	0.00740	0.00697	0.00827	0.00523	0.00523	0.01045	0.01568	0.02221	0.76789	0.04137	0.05226	0.01132	0.00653	0.00174	0.00261	0.01002	0.00610	0.00523
9	0.00875	0.00586	0.00770	0.00712	0.00859	0.00538	0.00538	0.01134	0.01569	0.06258	0.72787	0.04016	0.05019	0.01108	0.00648	0.00174	0.00273	0.00978	0.00614	0.00545
10	0.01251	0.01612	0.14412	0.04208	0.13904	0.01329	0.45219	0.01703	0.01275	0.01779	0.04901	0.01551	0.01041	0.00529	0.00645	0.00182	0.02813	0.00601	0.00287	0.00759
11	0.01046	0.00984	0.01661	0.79205	0.03814	0.01230	0.01538	0.01415	0.01107	0.01415	0.00984	0.01477	0.00738	0.00554	0.00554	0.00185	0.00738	0.00492	0.00246	0.00615
12	0.00786	0.00678	0.00737	0.00775	0.04520	0.00626	0.00544	0.01120	0.10785	0.01641	0.07442	0.04683	0.61141	0.01267	0.00638	0.00186	0.00318	0.01061	0.00512	0.00541
13	0.57687	0.01506	0.01047	0.00936	0.01266	0.22866	0.00741	0.01839	0.01147	0.05487	0.00858	0.00971	0.00666	0.00538	0.00396	0.00163	0.00590	0.00327	0.00342	0.00627
14	0.01152	0.03953	0.04993	0.00986	0.01379	0.00997	0.00841	0.01389	0.01078	0.01668	0.00953	0.01204	0.00822	0.00714	0.04633	0.00159	0.15555	0.00374	0.00302	0.56846

[dist]
# distance from previous block
# <min> <max>
0	1

[block]
# block no. 6 follows, 43 sequences, length 34
# corresponding to MSA columns:
# 343-376
name=unknown_G
#
# <colnr> <probs for GDERKNQSTAVLIFYWHMCP>
#	G	D	E	R	K	N	Q	S	T	A	V	L	I	F	Y	W	H	M	C	P
0	0.06328	0.08754	0.01223	0.00903	0.01198	0.00898	0.00722	0.04656	0.01348	0.37088	0.02116	0.22267	0.01873	0.04345	0.03508	0.00221	0.00487	0.00792	0.00543	0.00730
1	0.01585	0.01651	0.01340	0.01223	0.01516	0.27445	0.00943	0.02595	0.46631	0.01954	0.01817	0.01937	0.01442	0.00733	0.00553	0.00176	0.00632	0.04582	0.00466	0.00777
2	0.06036	0.63319	0.15351	0.01041	0.01566	0.01986	0.01113	0.01673	0.01123	0.01445	0.00808	0.00936	0.00703	0.00485	0.00383	0.00131	0.00621	0.00315	0.00242	0.00723
3	0.01994	0.01496	0.01599	0.01252	0.01675	0.01666	0.01026	0.64190	0.13829	0.03311	0.01471	0.01442	0.01056	0.00678	0.00555	0.00170	0.00583	0.00518	0.00555	0.00932
4	0.00695	0.00500	0.00663	0.00787	0.00834	0.00469	0.00547	0.00809	0.01089	0.01441	0.03146	0.69937	0.06632	0.01702	0.00710	0.00226	0.00338	0.08505	0.00514	0.00456
5	0.00805	0.00537	0.00604	0.00604	0.00604	0.00537	0.00336	0.00805	0.00805	0.01074	0.01745	0.03624	0.02013	0.80536	0.02819	0.00537	0.00537	0.00805	0.00336	0.00336
6	0.01355	0.54398	0.28274	0.01162	0.01753	0.01884	0.01320	0.01691	0.01140	0.01456	0.00846	0.00984	0.00708	0.00492	0.00413	0.00138	0.00669	0.00335	0.00236	0.00747
7	0.00673	0.00487	0.00637	0.00758	0.00800	0.00451	0.00508	0.00773	0.01073	0.01419	0.03214	0.75458	0.08276	0.01714	0.00704	0.00223	0.00319	0.01549	0.00514	0.00451
8	0.02026	0.02571	0.01547	0.01409	0.01688	0.75718	0.01057	0.02171	0.01547	0.01353	0.00877	0.01038	0.00736	0.00690	0.03102	0.00168	0.01015	0.00365	0.00286	0.00637
9	0.50969	0.01083	0.01046	0.00864	0.01243	0.01163	0.00712	0.09701	0.01312	0.25288	0.01258	0.01243	0.00869	0.00582	0.00430	0.00171	0.00460	0.00399	0.00469	0.00740
10	0.00741	0.00523	0.00650	0.00726	0.00769	0.00501	0.00487	0.00825	0.01012	0.01331	0.02781	0.40830	0.08353	0.28431	0.01426	0.00331	0.00412	0.09000	0.00453	0.00419
11	0.00675	0.00482	0.00643	0.00771	0.00803	0.00450	0.00514	0.00771	0.01060	0.01414	0.03053	0.80175	0.03663	0.01735	0.00707	0.00225	0.00321	0.01574	0.00514	0.00450
12	0.02470	0.00966	0.01300	0.00997	0.01426	0.00849	0.00823	0.05522	0.01625	0.74586	0.02152	0.01863	0.01354	0.00685	0.00557	0.00171	0.00477	0.00555	0.00680	0.00943
13	0.00819	0.00585	0.00808	0.00936	0.01031	0.00574	0.00764	0.01020	0.01202	0.01575	0.02973	0.31335	0.03349	0.01600	0.00745	0.00245	0.00446	0.48995	0.00511	0.00490
14	0.01032	0.00516	0.00516	0.00516	0.00645	0.00516	0.00387	0.01290	0.01161	0.02065	0.01807	0.02065	0.01420	0.00645	0.00387	0.00129	0.00258	0.00516	0.83611	0.00516
15	0.01220	0.01923	0.28417	0.02014	0.02645	0.01327	0.47371	0.01739	0.01271	0.01785	0.04039	0.01487	0.00965	0.00513	0.00610	0.00182	0.00868	0.00584	0.00277	0.00762
16	0.00675	0.00482	0.00643	0.00771	0.00803	0.00450	0.00514	0.00771	0.01060	0.01414	0.03053	0.80175	0.03663	0.01735	0.00707	0.00225	0.00321	0.01574	0.00514	0.00450
17	0.01241	0.01959	0.28516	0.02078	0.02726	0.01362	0.50289	0.01767	0.01260	0.01767	0.01077	0.01384	0.00793	0.00487	0.00610	0.00183	0.00895	0.00571	0.00264	0.00771
18	0.01417	0.25058	0.20160	0.01631	0.02187	0.12229	0.26373	0.01796	0.01259	0.01575	0.00953	0.01174	0.00753	0.00497	0.00516	0.00158	0.00817	0.00452	0.00258	0.00739
19	0.01305	0.01383	0.02753	0.07790	0.13730	0.01355	0.50054	0.03760	0.06084	0.01824	0.01235	0.03869	0.00980	0.00539	0.00624	0.00184	0.00820	0.00640	0.00309	0.00761
20	0.00666	0.00556	0.00580	0.00585	0.00758	0.00471	0.00435	0.00813	0.01273	0.01547	0.10988	0.10012	0.66611	0.01403	0.00658	0.00188	0.00282	0.01182	0.00522	0.00471
21	0.12929	0.00868	0.00930	0.03596	0.01155	0.00942	0.00667	0.03212	0.25511	0.02064	0.18978	0.07099	0.11426	0.07338	0.00751	0.00212	0.00394	0.00787	0.00504	0.00635
22	0.06348	0.04249	0.12335	0.07507	0.18675	0.03462	0.06011	0.04969	0.08570	0.20295	0.01412	0.01494	0.01015	0.00582	0.00536	0.00171	0.00630	0.00498	0.00409	0.00831
23	0.00817	0.00575	0.00740	0.00693	0.00836	0.00526	0.00522	0.01067	0.01543	0.04086	0.69112	0.04176	0.10934	0.01143	0.00651	0.00175	0.00268	0.01004	0.00604	0.00529
24	0.01245	0.14876	0.11954	0.01221	0.04170	0.02812	0.08417	0.01550	0.01163	0.01680	0.00951	0.01149	0.00784	0.00472	0.00508	0.00122	0.03980	0.00379	0.00289	0.42278
25	0.01684	0.05633	0.01681	0.01301	0.01563	0.06338	0.01076	0.37260	0.01766	0.02380	0.01111	0.03025	0.00920	0.00913	0.04017	0.00218	0.27440	0.00502	0.00404	0.00769
26	0.00792	0.00590	0.00874	0.00874	0.00968	0.00684	0.00672	0.00979	0.00885	0.01274	0.01498	0.02256	0.01420	0.08405	0.74138	0.00870	0.01431	0.00605	0.00299	0.00486
27	0.37669	0.06513	0.10368	0.13239	0.05629	0.05598	0.07503	0.01700	0.01112	0.04749	0.00930	0.01136	0.00709	0.00523	0.00451	0.00170	0.00621	0.00395	0.00309	0.00676
28	0.03915	0.30453	0.22318	0.01129	0.01676	0.01468	0.01191	0.03407	0.01309	0.26199	0.01299	0.01295	0.00924	0.00561	0.00470	0.00153	0.00610	0.00415	0.00390	0.00816
29	0.00752	0.00554	0.00666	0.00674	0.00752	0.00551	0.00459	0.00846	0.00969	0.01265	0.02829	0.08618	0.22586	0.34714	0.20863	0.00508	0.00688	0.00902	0.00387	0.00419
30	0.01032	0.00516	0.00516	0.00516	0.00645	0.00516	0.00387	0.01290	0.01161	0.02065	0.01807	0.02065	0.01420	0.00645	0.00387	0.00129	0.00258	0.00516	0.83611	0.00516
31	0.01233	0.04691	0.33429	0.01982	0.02644	0.01381	0.42988	0.01762	0.01245	0.01750	0.01057	0.01342	0.00780	0.00491	0.00592	0.00180	0.00876	0.00543	0.00260	0.00775
32	0.01094	0.00997	0.01507	0.49139	0.05800	0.01064	0.01239	0.01419	0.01128	0.01565	0.00987	0.01359	0.00772	0.00502	0.00504	0.00148	0.00622	0.00435	0.00276	0.29444
33	0.01111	0.02865	0.77667	0.01579	0.02397	0.01286	0.02046	0.01754	0.01169	0.01754	0.00994	0.01169	0.00702	0.00526	0.00526	0.00175	0.00818	0.00409	0.00234	0.00818

[dist]
# distance from previous block
# <min> <max>
0	4

[block]
# block no. 7 follows, 43 sequences, length 55
# corresponding to MSA columns:
# 381-435
name=unknown_H
#
# <colnr> <probs for GDERKNQSTAVLIFYWHMCP>
#	G	D	E	R	K	N	Q	S	T	A	V	L	I	F	Y	W	H	M	C	P
0	0.01583	0.30033	0.04910	0.01133	0.01522	0.15176	0.00984	0.09614	0.23542	0.01846	0.01319	0.01393	0.01063	0.02964	0.00542	0.00163	0.00627	0.00445	0.00377	0.00764
1	0.01638	0.17466	0.23966	0.01329	0.01838	0.21170	0.01314	0.16234	0.06563	0.01941	0.01065	0.01163	0.00819	0.00570	0.00494	0.00155	0.00755	0.00406	0.00332	0.00781
2	0.01032	0.00516	0.00516	0.00516	0.00645	0.00516	0.00387	0.01290	0.01161	0.02065	0.01807	0.02065	0.01420	0.00645	0.00387	0.00129	0.00258	0.00516	0.83611	0.00516
3	0.01032	0.00516	0.00516	0.00516	0.00645	0.00516	0.00387	0.01290	0.01161	0.02065	0.01807	0.02065	0.01420	0.00645	0.00387	0.00129	0.00258	0.00516	0.83611	0.00516
4	0.01046	0.00984	0.01661	0.79205	0.03814	0.01230	0.01538	0.01415	0.01107	0.01415	0.00984	0.01477	0.00738	0.00554	0.00554	0.00185	0.00738	0.00492	0.00246	0.00615
5	0.01191	0.00983	0.01153	0.00826	0.01316	0.00741	0.00661	0.01436	0.01162	0.04235	0.01023	0.01172	0.00838	0.00419	0.00415	0.00085	0.00412	0.00335	0.00340	0.81256
6	0.00962	0.00481	0.00722	0.00722	0.00722	0.00481	0.00481	0.00722	0.00722	0.00962	0.00962	0.01684	0.00962	0.01924	0.02165	0.83886	0.00481	0.00481	0.00241	0.00241
7	0.02105	0.01551	0.01662	0.01274	0.01717	0.01717	0.01053	0.75235	0.02604	0.03490	0.01330	0.01330	0.00942	0.00665	0.00554	0.00166	0.00609	0.00499	0.00554	0.00942
8	0.00669	0.00506	0.00618	0.00707	0.00787	0.00455	0.00486	0.00778	0.01122	0.01439	0.03828	0.57498	0.25840	0.01634	0.00691	0.00213	0.00309	0.01452	0.00514	0.00455
9	0.01123	0.00892	0.01061	0.00810	0.01198	0.00724	0.00641	0.04654	0.01342	0.03871	0.22212	0.02010	0.02070	0.00630	0.00488	0.00114	0.00379	0.00530	0.00426	0.54825
10	0.02069	0.02640	0.01569	0.01427	0.01712	0.78313	0.01070	0.02212	0.01569	0.01355	0.00856	0.00999	0.00713	0.00571	0.00499	0.00143	0.00999	0.00357	0.00285	0.00642
11	0.00791	0.00593	0.00890	0.00890	0.00989	0.00692	0.00692	0.00989	0.00890	0.01286	0.01483	0.02176	0.01385	0.04154	0.78341	0.00890	0.01483	0.00593	0.00297	0.00494
12	0.01881	0.00809	0.01092	0.00883	0.01206	0.00711	0.00711	0.02112	0.01579	0.50746	0.28677	0.02685	0.02740	0.00844	0.00591	0.00172	0.00397	0.00715	0.00659	0.00793
13	0.02026	0.01045	0.01272	0.01044	0.01425	0.01048	0.00840	0.02800	0.32456	0.46324	0.02214	0.01960	0.01503	0.00713	0.00560	0.00178	0.00458	0.00586	0.00635	0.00915
14	0.00766	0.00536	0.00690	0.00774	0.00820	0.00520	0.00545	0.00874	0.01047	0.01391	0.04941	0.38243	0.03108	0.25455	0.01356	0.00324	0.00426	0.17291	0.00462	0.00431
15	0.00675	0.00482	0.00643	0.00771	0.00803	0.00450	0.00514	0.00771	0.01060	0.01414	0.03053	0.80175	0.03663	0.01735	0.00707	0.00225	0.00321	0.01574	0.00514	0.00450
16	0.02221	0.01078	0.01340	0.01039	0.01444	0.01039	0.00854	0.22815	0.01868	0.49817	0.08863	0.01939	0.01608	0.00721	0.00565	0.00170	0.00490	0.00582	0.00642	0.00903
17	0.02069	0.02640	0.01569	0.01427	0.01712	0.78313	0.01070	0.02212	0.01569	0.01355	0.00856	0.00999	0.00713	0.00571	0.00499	0.00143	0.00999	0.00357	0.00285	0.00642
18	0.01371	0.01316	0.02248	0.03399	0.77081	0.01316	0.01700	0.01700	0.01261	0.01809	0.01042	0.01371	0.00877	0.00493	0.00548	0.00164	0.00658	0.00493	0.00274	0.00877
19	0.02010	0.01504	0.01609	0.01255	0.01681	0.01673	0.01030	0.65792	0.12201	0.03337	0.01450	0.01426	0.01040	0.00676	0.00555	0.00169	0.00587	0.00515	0.00555	0.00933
20	0.02105	0.01551	0.01662	0.01274	0.01717	0.01717	0.01053	0.75235	0.02604	0.03490	0.01330	0.01330	0.00942	0.00665	0.00554	0.00166	0.00609	0.00499	0.00554	0.00942
21	0.01032	0.00516	0.00516	0.00516	0.00645	0.00516	0.00387	0.01290	0.01161	0.02065	0.01807	0.02065	0.01420	0.00645	0.00387	0.00129	0.00258	0.00516	0.83611	0.00516
22	0.00805	0.00537	0.00604	0.00604	0.00604	0.00537	0.00336	0.00805	0.00805	0.01074	0.01745	0.03624	0.02013	0.80536	0.02819	0.00537	0.00537	0.00805	0.00336	0.00336
23	0.01386	0.60997	0.21950	0.01108	0.01670	0.01961	0.01228	0.01683	0.01137	0.01418	0.00827	0.00960	0.00708	0.00487	0.00399	0.00133	0.00650	0.00325	0.00236	0.00738
24	0.00673	0.00488	0.00636	0.00755	0.00799	0.00451	0.00507	0.00773	0.01076	0.01420	0.03248	0.74461	0.09251	0.01710	0.00703	0.00222	0.00318	0.01543	0.00514	0.00451
25	0.01715	0.01863	0.01410	0.01268	0.01573	0.36551	0.00970	0.04774	0.39824	0.01913	0.01587	0.01556	0.01222	0.00666	0.00534	0.00167	0.00700	0.00499	0.00436	0.00771
26	0.01586	0.01680	0.22642	0.01235	0.01686	0.07064	0.01204	0.05522	0.17736	0.19586	0.05410	0.01793	0.03452	0.00708	0.00640	0.00179	0.06059	0.00547	0.00457	0.00813
27	0.01203	0.17060	0.50742	0.01368	0.02032	0.01443	0.01629	0.01875	0.11689	0.01742	0.01267	0.01367	0.03105	0.00574	0.00503	0.00167	0.00707	0.00441	0.00289	0.00796
28	0.01481	0.80869	0.02902	0.00948	0.01421	0.02191	0.00948	0.01658	0.01125	0.01303	0.00770	0.00888	0.00711	0.00474	0.00355	0.00118	0.00592	0.00296	0.00237	0.00711
29	0.00771	0.00566	0.00723	0.00683	0.00820	0.00517	0.00513	0.01020	0.01538	0.02150	0.69777	0.04255	0.12282	0.01159	0.00653	0.00175	0.00263	0.01018	0.00600	0.00517
30	0.01667	0.03227	0.01238	0.03511	0.01393	0.01039	0.00816	0.10999	0.20570	0.27050	0.08811	0.13416	0.02040	0.00882	0.00583	0.00182	0.00451	0.00746	0.00580	0.00799
31	0.01204	0.00835	0.01025	0.00997	0.01192	0.00863	0.00803	0.18586	0.03235	0.06060	0.02555	0.25437	0.04255	0.01389	0.02756	0.00235	0.00498	0.26924	0.00526	0.00625
32	0.00709	0.00507	0.00669	0.00745	0.00804	0.00473	0.00511	0.00849	0.01194	0.01629	0.23616	0.56529	0.04048	0.04035	0.00758	0.00221	0.00311	0.01390	0.00535	0.00467
33	0.01331	0.01425	0.02713	0.04870	0.27460	0.03251	0.40738	0.01714	0.01255	0.01729	0.01052	0.01418	0.00837	0.00521	0.00706	0.00183	0.07175	0.00575	0.00274	0.00773
34	0.01699	0.01648	0.01404	0.01225	0.01547	0.23325	0.00952	0.18071	0.35598	0.02272	0.03669	0.03302	0.01388	0.00712	0.00549	0.00171	0.00627	0.00552	0.00482	0.00805
35	0.00675	0.00482	0.00643	0.00771	0.00803	0.00450	0.00514	0.00771	0.01060	0.01414	0.03053	0.80175	0.03663	0.01735	0.00707	0.00225	0.00321	0.01574	0.00514	0.00450
36	0.00675	0.00482	0.00643	0.00771	0.00803	0.00450	0.00514	0.00771	0.01060	0.01414	0.03053	0.80175	0.03663	0.01735	0.00707	0.00225	0.00321	0.01574	0.00514	0.00450
37	0.00983	0.00725	0.00883	0.00860	0.00993	0.00761	0.00630	0.11363	0.07293	0.01826	0.12385	0.29461	0.02777	0.12177	0.12396	0.00347	0.00566	0.02539	0.00481	0.00555
38	0.17815	0.23600	0.01707	0.01149	0.05451	0.12590	0.00915	0.09455	0.07119	0.01937	0.03261	0.03864	0.01223	0.00686	0.00475	0.00162	0.00588	0.06943	0.00367	0.00695
39	0.01032	0.00516	0.00516	0.00516	0.00645	0.00516	0.00387	0.01290	0.01161	0.02065	0.01807	0.02065	0.01420	0.00645	0.00387	0.00129	0.00258	0.00516	0.83611	0.00516
40	0.00800	0.00560	0.00720	0.00720	0.00760	0.00600	0.00480	0.00880	0.00840	0.01160	0.01639	0.03039	0.01759	0.49650	0.33357	0.00680	0.00920	0.00720	0.00320	0.00400
41	0.01208	0.07203	0.50231	0.01531	0.02232	0.01315	0.11198	0.04612	0.02937	0.01815	0.01037	0.01218	0.00765	0.00513	0.00521	0.00163	0.00757	0.00433	0.00270	0.10038
42	0.00791	0.00593	0.00890	0.00890	0.00989	0.00692	0.00692	0.00989	0.00890	0.01286	0.01483	0.02176	0.01385	0.04154	0.78341	0.00890	0.01483	0.00593	0.00297	0.00494
43	0.00797	0.00569	0.00765	0.00765	0.00820	0.00624	0.00536	0.00909	0.00853	0.01193	0.01598	0.02810	0.01660	0.37585	0.45286	0.00736	0.01069	0.00686	0.00314	0.00425
44	0.01195	0.01194	0.01753	0.11180	0.01805	0.01627	0.04141	0.01360	0.00898	0.01360	0.00774	0.01256	0.00733	0.00898	0.01614	0.00233	0.66628	0.00492	0.00244	0.00613
45	0.01490	0.50954	0.02274	0.01018	0.01397	0.13132	0.00912	0.05233	0.04167	0.01454	0.01057	0.05148	0.00991	0.03197	0.05299	0.00193	0.00687	0.00426	0.00293	0.00680
46	0.00736	0.00525	0.00712	0.00841	0.00899	0.00502	0.00620	0.00876	0.01120	0.01482	0.03019	0.59517	0.03530	0.01678	0.00723	0.00233	0.00374	0.21632	0.00513	0.00467
47	0.01354	0.01299	0.02218	0.07330	0.73282	0.01311	0.01691	0.01685	0.01253	0.01789	0.01039	0.01376	0.00870	0.00497	0.00549	0.00166	0.00662	0.00493	0.00273	0.00864
48	0.00730	0.00522	0.00706	0.00835	0.00891	0.00498	0.00610	0.00867	0.01115	0.01476	0.03022	0.61351	0.03542	0.01683	0.00722	0.00233	0.00369	0.19851	0.00513	0.00465
