[name]
unknown

[dist]
# distance from previous block
# <min> <max>
0	88

[block]
# block no. 0 follows, 51 sequences, length 11
# corresponding to MSA columns:
# 90-100
name=unknown_A
#
# <colnr> <probs for GDERKNQSTAVLIFYWHMCP>
#	G	D	E	R	K	N	Q	S	T	A	V	L	I	F	Y	W	H	M	C	P
0	0.01112	0.00813	0.00965	0.03636	0.01180	0.00792	0.00703	0.12884	0.08947	0.07707	0.02276	0.05550	0.14678	0.00875	0.00531	0.00159	0.00407	0.18749	0.00435	0.17600
1	0.01245	0.00875	0.01289	0.06601	0.27650	0.00868	0.00952	0.01599	0.09630	0.18289	0.10010	0.08405	0.09007	0.00726	0.00520	0.00158	0.00440	0.00643	0.00416	0.00679
2	0.00709	0.00564	0.00758	0.14197	0.01164	0.00558	0.00595	0.00932	0.01261	0.01704	0.49277	0.03515	0.20983	0.00973	0.00565	0.00159	0.00307	0.00846	0.00467	0.00466
3	0.00991	0.01088	0.04672	0.12056	0.02210	0.01016	0.46279	0.01322	0.01084	0.01459	0.01396	0.19091	0.01337	0.00699	0.00578	0.00174	0.00673	0.02993	0.00295	0.00586
4	0.01423	0.01033	0.01137	0.00975	0.01286	0.01132	0.00770	0.07874	0.56472	0.15212	0.01876	0.01720	0.01367	0.00636	0.00492	0.00158	0.00403	0.00524	0.00507	0.05003
5	0.00676	0.00502	0.00630	0.00598	0.00722	0.00455	0.00449	0.00890	0.01346	0.01863	0.66892	0.03849	0.17217	0.01045	0.00580	0.00156	0.00235	0.00914	0.00527	0.00455
6	0.00783	0.00641	0.00880	0.20357	0.01456	0.00706	0.00731	0.01147	0.14037	0.01389	0.02144	0.49186	0.02326	0.01139	0.00573	0.00185	0.00392	0.01023	0.00406	0.00498
7	0.79859	0.07082	0.00861	0.00661	0.00974	0.01165	0.00555	0.01447	0.00848	0.02127	0.00684	0.00798	0.00540	0.00454	0.00305	0.00149	0.00391	0.00266	0.00297	0.00540
8	0.01293	0.15253	0.01414	0.06900	0.01426	0.03523	0.00777	0.11817	0.11618	0.06015	0.01087	0.01163	0.00847	0.00472	0.00410	0.00114	0.00459	0.00365	0.00343	0.34704
9	0.00653	0.00524	0.00628	0.00666	0.04112	0.00465	0.00463	0.00823	0.01211	0.01579	0.32991	0.09703	0.42133	0.01139	0.00580	0.00163	0.00259	0.00980	0.00479	0.00448
10	0.01209	0.21741	0.14280	0.04466	0.01445	0.01248	0.00959	0.06196	0.17885	0.07156	0.01239	0.01362	0.00975	0.01055	0.13940	0.00249	0.00656	0.00422	0.00329	0.03188

[dist]
# distance from previous block
# <min> <max>
0	1

[block]
# block no. 1 follows, 51 sequences, length 15
# corresponding to MSA columns:
# 102-116
name=unknown_B
#
# <colnr> <probs for GDERKNQSTAVLIFYWHMCP>
#	G	D	E	R	K	N	Q	S	T	A	V	L	I	F	Y	W	H	M	C	P
0	0.00938	0.00795	0.00901	0.00684	0.01048	0.00627	0.00542	0.04207	0.01098	0.01590	0.01964	0.02000	0.21410	0.00604	0.00426	0.00100	0.00341	0.00493	0.00343	0.59890
1	0.04353	0.28986	0.15386	0.01129	0.01509	0.34605	0.01055	0.01677	0.01153	0.01282	0.00748	0.00886	0.00628	0.00485	0.00453	0.00129	0.04381	0.00310	0.00231	0.00614
2	0.01282	0.00882	0.03044	0.01112	0.01392	0.00810	0.18233	0.08033	0.03281	0.22194	0.01927	0.31923	0.01837	0.00911	0.00563	0.00173	0.00478	0.00848	0.00448	0.00628
3	0.00761	0.00622	0.00944	0.01297	0.21446	0.00601	0.00732	0.00901	0.00988	0.01347	0.02240	0.61086	0.02601	0.01250	0.00590	0.00185	0.00364	0.01145	0.00400	0.00499
4	0.60106	0.01059	0.01350	0.01125	0.04859	0.01142	0.20888	0.01481	0.00934	0.02013	0.00776	0.00955	0.00599	0.00444	0.00385	0.00155	0.00507	0.00356	0.00287	0.00577
5	0.23252	0.00778	0.01024	0.31370	0.03295	0.00911	0.00868	0.01175	0.00926	0.01516	0.04594	0.01779	0.02976	0.06564	0.13374	0.00283	0.00637	0.03891	0.00284	0.00502
6	0.01176	0.01001	0.01207	0.22149	0.01830	0.01172	0.00930	0.02249	0.55936	0.04274	0.01702	0.01691	0.01269	0.00619	0.00498	0.00165	0.00460	0.00522	0.00429	0.00719
7	0.00599	0.00428	0.00570	0.00684	0.00713	0.00399	0.00456	0.00684	0.00941	0.01254	0.02709	0.82409	0.03250	0.01540	0.00627	0.00200	0.00285	0.01397	0.00456	0.00399
8	0.01392	0.01140	0.01207	0.01034	0.01343	0.01302	0.00819	0.22416	0.58695	0.02329	0.01785	0.01662	0.01326	0.00647	0.00498	0.00162	0.00429	0.00526	0.00498	0.00793
9	0.01275	0.01408	0.01476	0.01284	0.01350	0.22318	0.01042	0.01387	0.00921	0.01188	0.00675	0.01026	0.00642	0.00767	0.01306	0.00192	0.60573	0.00400	0.00225	0.00546
10	0.00986	0.02542	0.80183	0.01401	0.02127	0.01141	0.01816	0.01556	0.01038	0.01556	0.00882	0.01038	0.00623	0.00467	0.00467	0.00156	0.00726	0.00363	0.00208	0.00726
11	0.01275	0.01408	0.01476	0.01284	0.01350	0.22318	0.01042	0.01387	0.00921	0.01188	0.00675	0.01026	0.00642	0.00767	0.01306	0.00192	0.60573	0.00400	0.00225	0.00546
12	0.00645	0.00481	0.00557	0.00568	0.00654	0.00440	0.00388	0.00754	0.01042	0.01361	0.20542	0.17734	0.28502	0.22863	0.01098	0.00252	0.00312	0.00981	0.00433	0.00392
13	0.04783	0.22597	0.01610	0.00940	0.01332	0.01313	0.00815	0.26366	0.01569	0.31937	0.01322	0.01252	0.00917	0.00548	0.00440	0.00138	0.00484	0.00409	0.00456	0.00772
14	0.01038	0.00548	0.00738	0.00744	0.00875	0.00498	0.00547	0.01167	0.01099	0.21987	0.06596	0.52192	0.02764	0.01255	0.00593	0.00186	0.00328	0.05822	0.00500	0.00521

[dist]
# distance from previous block
# <min> <max>
0	4

[block]
# block no. 2 follows, 51 sequences, length 15
# corresponding to MSA columns:
# 121-135
name=unknown_C
#
# <colnr> <probs for GDERKNQSTAVLIFYWHMCP>
#	G	D	E	R	K	N	Q	S	T	A	V	L	I	F	Y	W	H	M	C	P
0	0.01442	0.44094	0.02127	0.01391	0.16830	0.24016	0.01003	0.01617	0.01133	0.01258	0.00752	0.00901	0.00661	0.00448	0.00385	0.00119	0.00639	0.00313	0.00229	0.00643
1	0.00794	0.00567	0.00626	0.00609	0.00652	0.00593	0.00373	0.01012	0.12966	0.01126	0.01619	0.02999	0.01742	0.69850	0.02187	0.00428	0.00463	0.00690	0.00330	0.00373
2	0.01219	0.19820	0.45079	0.01210	0.01758	0.01340	0.01395	0.06549	0.01117	0.07734	0.00921	0.01046	0.00687	0.00510	0.00536	0.00149	0.07606	0.00362	0.00259	0.00705
3	0.10490	0.01079	0.01630	0.07931	0.34186	0.01226	0.03415	0.01368	0.00961	0.01516	0.00808	0.01125	0.00697	0.00566	0.00803	0.00165	0.25192	0.00411	0.00243	0.06187
4	0.00710	0.00484	0.00586	0.00623	0.00647	0.00480	0.00408	0.00762	0.00822	0.01090	0.01913	0.16048	0.02197	0.55888	0.01891	0.00390	0.00442	0.13928	0.00349	0.00340
5	0.00809	0.00640	0.00861	0.00830	0.00934	0.00753	0.00639	0.01153	0.13020	0.01269	0.01403	0.01984	0.01288	0.10631	0.55619	0.00625	0.06214	0.00543	0.00301	0.00485
6	0.01384	0.00885	0.01175	0.11947	0.11976	0.00929	0.00857	0.14612	0.06397	0.17743	0.04832	0.01620	0.01195	0.00684	0.03187	0.00167	0.00473	0.00485	0.18778	0.00674
7	0.01404	0.04767	0.29183	0.01069	0.01563	0.06925	0.01109	0.05238	0.01200	0.21265	0.01160	0.01215	0.00828	0.00620	0.03716	0.00160	0.00598	0.00385	0.00343	0.17250
8	0.01294	0.00865	0.01047	0.00762	0.01185	0.00671	0.00615	0.01506	0.01109	0.19772	0.01120	0.01171	0.00841	0.00421	0.00394	0.00091	0.00377	0.00338	0.00365	0.66058
9	0.01014	0.01135	0.13444	0.00833	0.01316	0.00731	0.00776	0.01287	0.01022	0.01594	0.00875	0.01022	0.00711	0.00380	0.00380	0.00086	0.00421	0.00302	0.00278	0.72392
10	0.01261	0.24295	0.13800	0.01509	0.20242	0.01254	0.06105	0.01544	0.01096	0.09125	0.02890	0.01154	0.00842	0.00456	0.00427	0.00128	0.00549	0.00383	0.00279	0.12661
11	0.05224	0.27037	0.06045	0.01095	0.04585	0.04082	0.04144	0.13635	0.01278	0.15259	0.01025	0.01097	0.00778	0.00516	0.00504	0.00136	0.06613	0.00373	0.00337	0.06237
12	0.00658	0.00462	0.00570	0.00610	0.00649	0.00440	0.00395	0.00738	0.00943	0.01270	0.15664	0.36243	0.06154	0.31430	0.01309	0.00293	0.00345	0.01042	0.00412	0.00374
13	0.01185	0.05287	0.29312	0.15575	0.15433	0.07168	0.04523	0.07646	0.06232	0.01624	0.00971	0.01168	0.00735	0.00488	0.00475	0.00151	0.00660	0.00408	0.00262	0.00697
14	0.07659	0.01384	0.15065	0.03235	0.20247	0.03650	0.01135	0.18886	0.02686	0.03314	0.04422	0.01251	0.00928	0.00523	0.00497	0.00143	0.03299	0.00417	0.02051	0.09206

[dist]
# distance from previous block
# <min> <max>
1	9

[block]
# block no. 3 follows, 51 sequences, length 45
# corresponding to MSA columns:
# 145-182,206-212
name=unknown_D
#
# <colnr> <probs for GDERKNQSTAVLIFYWHMCP>
#	G	D	E	R	K	N	Q	S	T	A	V	L	I	F	Y	W	H	M	C	P
0	0.00775	0.00590	0.03426	0.00824	0.05159	0.00505	0.00576	0.00933	0.01106	0.06651	0.21566	0.46205	0.07323	0.01233	0.00591	0.00179	0.00310	0.01104	0.00467	0.00477
1	0.04428	0.12007	0.04661	0.04366	0.18078	0.22272	0.07086	0.13525	0.01347	0.01664	0.01107	0.01253	0.05054	0.00524	0.00459	0.00140	0.00651	0.00420	0.00293	0.00666
2	0.05707	0.01377	0.16262	0.04326	0.21959	0.01087	0.22618	0.01662	0.01141	0.14572	0.01088	0.01264	0.00795	0.00465	0.00497	0.00153	0.00635	0.00459	0.00303	0.03632
3	0.01148	0.01110	0.01926	0.20681	0.58318	0.01155	0.05575	0.01455	0.01090	0.01525	0.00917	0.01243	0.00749	0.00449	0.00493	0.00151	0.00613	0.00445	0.00238	0.00720
4	0.00618	0.00526	0.00589	0.00660	0.05032	0.00455	0.00446	0.00747	0.01098	0.01334	0.04477	0.14031	0.65803	0.01236	0.00581	0.00169	0.00272	0.01048	0.00445	0.00433
5	0.01435	0.01138	0.01304	0.02948	0.02989	0.01327	0.00887	0.34288	0.21334	0.02292	0.01318	0.01392	0.01004	0.00652	0.00685	0.00162	0.15314	0.00470	0.08336	0.00724
6	0.00689	0.00523	0.00765	0.00823	0.00909	0.00498	0.04833	0.00838	0.01019	0.01342	0.02661	0.51268	0.05666	0.01410	0.00639	0.00205	0.00366	0.24671	0.00444	0.00431
7	0.01334	0.01873	0.37733	0.04321	0.11002	0.05590	0.03649	0.16876	0.03844	0.07540	0.01055	0.01168	0.00760	0.00506	0.00480	0.00152	0.00649	0.00410	0.00311	0.00747
8	0.01628	0.01906	0.01297	0.01176	0.01437	0.53770	0.00891	0.02183	0.27650	0.01492	0.01181	0.01208	0.00927	0.00561	0.00462	0.00140	0.00717	0.00398	0.00337	0.00640
9	0.00776	0.00494	0.00648	0.00669	0.00767	0.00452	0.00478	0.00924	0.01148	0.08629	0.29227	0.43751	0.07650	0.01255	0.00596	0.00178	0.00277	0.01121	0.00499	0.00462
10	0.86201	0.00950	0.00722	0.00646	0.00950	0.01102	0.00532	0.01445	0.00836	0.02205	0.00684	0.00798	0.00532	0.00456	0.00304	0.00152	0.00380	0.00266	0.00304	0.00532
11	0.00699	0.00506	0.00703	0.00711	0.00770	0.00561	0.00514	0.00819	0.00778	0.01095	0.01474	0.07595	0.01520	0.25998	0.53266	0.00662	0.01010	0.00637	0.00286	0.00396
12	0.00657	0.00496	0.00607	0.00589	0.00713	0.00446	0.00438	0.00849	0.01285	0.01743	0.53481	0.09153	0.25531	0.01107	0.00583	0.00161	0.00240	0.00964	0.00512	0.00446
13	0.00962	0.00909	0.01536	0.72173	0.12491	0.01101	0.01382	0.01286	0.00999	0.01297	0.00880	0.01299	0.00670	0.00485	0.00491	0.00162	0.00647	0.00437	0.00221	0.00574
14	0.01028	0.01112	0.02342	0.01741	0.02126	0.01042	0.59221	0.01366	0.01110	0.01501	0.01406	0.19514	0.01342	0.00682	0.00592	0.00174	0.00700	0.02102	0.00299	0.00600
15	0.00702	0.00527	0.00790	0.00790	0.00878	0.00614	0.00614	0.00878	0.00790	0.01141	0.01316	0.01931	0.01229	0.03686	0.80782	0.00790	0.01316	0.00527	0.00263	0.00439
16	0.01019	0.00873	0.01019	0.00728	0.01165	0.00655	0.00582	0.01237	0.01019	0.01601	0.00873	0.01019	0.00728	0.00364	0.00364	0.00073	0.00364	0.00291	0.00291	0.85734
17	0.00702	0.00527	0.00790	0.00790	0.00878	0.00614	0.00614	0.00878	0.00790	0.01141	0.01316	0.01931	0.01229	0.03686	0.80782	0.00790	0.01316	0.00527	0.00263	0.00439
18	0.23616	0.01228	0.01257	0.00988	0.01357	0.01358	0.00815	0.52910	0.01866	0.08346	0.01106	0.01117	0.00785	0.00557	0.00443	0.00149	0.00491	0.00401	0.00452	0.00758
19	0.01867	0.01424	0.01471	0.01137	0.01524	0.05418	0.00935	0.74287	0.02265	0.03004	0.01159	0.01165	0.00826	0.00586	0.00489	0.00146	0.00558	0.00436	0.00480	0.00823
20	0.01093	0.01021	0.01535	0.29005	0.29422	0.05340	0.01238	0.01344	0.01043	0.03674	0.01128	0.09422	0.01036	0.00643	0.00616	0.00166	0.08567	0.02817	0.00271	0.00619
21	0.00919	0.12835	0.27984	0.00999	0.01353	0.00998	0.01044	0.03406	0.00943	0.01329	0.01090	0.01523	0.00961	0.06837	0.35152	0.00441	0.00932	0.00443	0.00246	0.00566
22	0.01836	0.02342	0.01393	0.01266	0.01519	0.80756	0.00950	0.01962	0.01393	0.01203	0.00760	0.00886	0.00633	0.00506	0.00443	0.00127	0.00886	0.00317	0.00253	0.00570
23	0.00693	0.00550	0.00631	0.00631	0.00767	0.00521	0.00464	0.00990	0.10297	0.01585	0.25737	0.20227	0.32755	0.01168	0.00581	0.00170	0.00268	0.01012	0.00486	0.00468
24	0.01325	0.01414	0.01312	0.28724	0.02013	0.32197	0.01024	0.01535	0.01165	0.04007	0.06063	0.01324	0.00967	0.00577	0.00579	0.00150	0.08656	0.00422	0.05993	0.00553
25	0.00695	0.00470	0.00551	0.00569	0.00577	0.00469	0.00335	0.00715	0.00755	0.01009	0.01732	0.16249	0.02009	0.66536	0.04950	0.00442	0.00474	0.00821	0.00323	0.00319
26	0.03262	0.06898	0.28390	0.01052	0.01407	0.10531	0.01079	0.01324	0.00977	0.01368	0.01038	0.01357	0.00873	0.01590	0.27974	0.00365	0.03611	0.00413	0.05917	0.00573
27	0.04279	0.80158	0.02510	0.00834	0.01250	0.01915	0.00830	0.01471	0.00993	0.01193	0.00683	0.00789	0.00627	0.00422	0.00315	0.00107	0.00520	0.00263	0.00213	0.00627
28	0.10522	0.14676	0.31451	0.01142	0.06595	0.05398	0.01120	0.01419	0.00985	0.04318	0.00991	0.01415	0.00869	0.16208	0.00815	0.00206	0.00596	0.00411	0.00255	0.00607
29	0.04326	0.30868	0.40484	0.01101	0.01656	0.01367	0.01284	0.01565	0.01050	0.08027	0.01024	0.01112	0.03203	0.00487	0.00413	0.00138	0.00601	0.00357	0.00254	0.00684
30	0.01593	0.01014	0.01155	0.00967	0.01286	0.01086	0.00772	0.13006	0.41858	0.25923	0.04571	0.01758	0.01431	0.00650	0.00500	0.00159	0.00414	0.00533	0.00533	0.00793
31	0.00953	0.00888	0.01327	0.16229	0.01610	0.01119	0.05202	0.03773	0.00919	0.01301	0.01245	0.20771	0.01306	0.01011	0.03610	0.00215	0.37039	0.00676	0.00287	0.00520
32	0.01116	0.05480	0.39649	0.08734	0.08274	0.02579	0.10504	0.01566	0.03334	0.06800	0.03734	0.04035	0.00945	0.00529	0.00489	0.00156	0.00652	0.00464	0.00272	0.00688
33	0.02140	0.00858	0.01197	0.01015	0.06418	0.00752	0.00774	0.02337	0.01388	0.74841	0.01872	0.01643	0.01188	0.00597	0.00494	0.00152	0.00429	0.00490	0.00584	0.00833
34	0.01042	0.00605	0.00786	0.00690	0.00870	0.00559	0.00534	0.04458	0.01433	0.17371	0.60874	0.03173	0.03804	0.00909	0.00559	0.00154	0.00281	0.00792	0.00552	0.00553
35	0.00998	0.00840	0.03827	0.08622	0.20750	0.00799	0.00891	0.01334	0.09408	0.08118	0.05067	0.21730	0.13800	0.00897	0.00541	0.00167	0.00423	0.00795	0.00394	0.00600
36	0.01173	0.05810	0.16323	0.04059	0.58260	0.01205	0.03105	0.01512	0.01096	0.01565	0.00904	0.01165	0.00739	0.00443	0.00476	0.00146	0.00613	0.00418	0.00235	0.00754
37	0.01314	0.83025	0.02575	0.00841	0.01261	0.01945	0.00841	0.01472	0.00999	0.01156	0.00683	0.00788	0.00631	0.00420	0.00315	0.00105	0.00526	0.00263	0.00210	0.00631
38	0.00652	0.00484	0.00608	0.00612	0.00717	0.00440	0.00446	0.00831	0.01238	0.01689	0.48241	0.22108	0.17778	0.01172	0.00591	0.00167	0.00247	0.01033	0.00506	0.00440
39	0.00994	0.01073	0.14638	0.01388	0.15632	0.00810	0.08729	0.01268	0.01123	0.08073	0.12769	0.21404	0.04757	0.00863	0.00567	0.00168	0.01790	0.02977	0.00375	0.00600
40	0.01012	0.00687	0.05098	0.00832	0.01011	0.00560	0.04891	0.01168	0.01073	0.19057	0.02467	0.51028	0.06720	0.01193	0.00583	0.00183	0.00367	0.01073	0.00466	0.00531
41	0.00697	0.00513	0.00739	0.00747	0.00818	0.00580	0.00559	0.00842	0.00789	0.01121	0.01441	0.07414	0.01442	0.14855	0.64302	0.00706	0.01128	0.00611	0.00281	0.00416
42	0.01182	0.01132	0.01932	0.12448	0.70503	0.01159	0.01491	0.01478	0.01103	0.01563	0.00918	0.01228	0.00764	0.00444	0.00487	0.00148	0.00592	0.00438	0.00240	0.00750
43	0.02845	0.01182	0.04006	0.11654	0.53950	0.01170	0.08336	0.05618	0.01172	0.03942	0.00963	0.01236	0.00768	0.00456	0.00492	0.00150	0.00607	0.00447	0.00265	0.00740
44	0.00803	0.00616	0.00796	0.00754	0.00771	0.00719	0.00535	0.00851	0.00792	0.01123	0.05693	0.10598	0.01715	0.38724	0.05583	0.05984	0.20084	0.00690	0.02787	0.00381

[dist]
# distance from previous block
# <min> <max>
0	2

[block]
# block no. 4 follows, 51 sequences, length 17
# corresponding to MSA columns:
# 215-231
name=unknown_E
#
# <colnr> <probs for GDERKNQSTAVLIFYWHMCP>
#	G	D	E	R	K	N	Q	S	T	A	V	L	I	F	Y	W	H	M	C	P
0	0.86201	0.00950	0.00722	0.00646	0.00950	0.01102	0.00532	0.01445	0.00836	0.02205	0.00684	0.00798	0.00532	0.00456	0.00304	0.00152	0.00380	0.00266	0.00304	0.00532
1	0.79241	0.01065	0.00778	0.00697	0.00997	0.07673	0.00567	0.01487	0.00882	0.02122	0.00690	0.00806	0.00541	0.00460	0.00316	0.00150	0.00422	0.00270	0.00300	0.00535
2	0.68577	0.01008	0.00791	0.00698	0.00991	0.04736	0.00568	0.07545	0.00995	0.02199	0.00803	0.00918	0.00621	0.00479	0.00329	0.00147	0.00404	0.00298	0.07341	0.00552
3	0.01833	0.01138	0.01291	0.01022	0.01386	0.01208	0.00834	0.38002	0.18608	0.26942	0.01595	0.01476	0.01099	0.00612	0.00494	0.00153	0.00469	0.00483	0.00530	0.00823
4	0.00581	0.00498	0.00498	0.00498	0.00664	0.00415	0.00373	0.00705	0.01120	0.01328	0.04978	0.04729	0.79464	0.01245	0.00581	0.00166	0.00249	0.01037	0.00456	0.00415
5	0.00696	0.00502	0.00657	0.00618	0.00734	0.00464	0.00464	0.00927	0.01391	0.01971	0.79405	0.03671	0.04637	0.01005	0.00580	0.00155	0.00232	0.00889	0.00541	0.00464
6	0.00986	0.02542	0.80183	0.01401	0.02127	0.01141	0.01816	0.01556	0.01038	0.01556	0.00882	0.01038	0.00623	0.00467	0.00467	0.00156	0.00726	0.00363	0.00208	0.00726
7	0.01836	0.02342	0.01393	0.01266	0.01519	0.80756	0.00950	0.01962	0.01393	0.01203	0.00760	0.00886	0.00633	0.00506	0.00443	0.00127	0.00886	0.00317	0.00253	0.00570
8	0.01529	0.01208	0.01284	0.01062	0.01395	0.01366	0.00852	0.38422	0.42466	0.02550	0.01611	0.01523	0.01185	0.00630	0.00496	0.00158	0.00461	0.00502	0.00496	0.00805
9	0.01694	0.01290	0.01377	0.01096	0.01458	0.01443	0.00892	0.57751	0.22867	0.02817	0.01400	0.01356	0.01014	0.00611	0.00494	0.00153	0.00500	0.00473	0.00494	0.00820
10	0.00914	0.00783	0.01089	0.00985	0.01034	0.01024	0.00799	0.01064	0.00806	0.01261	0.01032	0.01501	0.00950	0.01866	0.30767	0.00414	0.40254	0.00470	0.12497	0.00490
11	0.86201	0.00950	0.00722	0.00646	0.00950	0.01102	0.00532	0.01445	0.00836	0.02205	0.00684	0.00798	0.00532	0.00456	0.00304	0.00152	0.00380	0.00266	0.00304	0.00532
12	0.00594	0.00445	0.00553	0.00639	0.00701	0.00403	0.00436	0.00689	0.00984	0.01272	0.03257	0.63636	0.21669	0.01468	0.00616	0.00191	0.00276	0.01310	0.00456	0.00403
13	0.17132	0.03950	0.05278	0.04173	0.47778	0.10579	0.01249	0.01545	0.01088	0.01644	0.00849	0.01080	0.00700	0.00451	0.00441	0.00144	0.00588	0.00382	0.00252	0.00695
14	0.00932	0.00873	0.01453	0.77751	0.03280	0.01071	0.01328	0.01255	0.00984	0.01272	0.00873	0.01297	0.00659	0.00485	0.00485	0.00159	0.00641	0.00430	0.00222	0.04548
15	0.01720	0.11125	0.01484	0.01192	0.01453	0.68307	0.00914	0.01848	0.01328	0.01200	0.00843	0.04713	0.00756	0.00546	0.00438	0.00128	0.00818	0.00361	0.00258	0.00568
16	0.00640	0.00471	0.00650	0.00802	0.04444	0.00445	0.00521	0.00746	0.00972	0.01304	0.05111	0.72587	0.03160	0.01462	0.00621	0.00197	0.00305	0.04692	0.00449	0.00421

[dist]
# distance from previous block
# <min> <max>
0	3

[block]
# block no. 5 follows, 51 sequences, length 9
# corresponding to MSA columns:
# 235-243
name=unknown_F
#
# <colnr> <probs for GDERKNQSTAVLIFYWHMCP>
#	G	D	E	R	K	N	Q	S	T	A	V	L	I	F	Y	W	H	M	C	P
0	0.00754	0.00600	0.00848	0.03660	0.00957	0.00683	0.00636	0.00944	0.01045	0.01496	0.33218	0.06436	0.02620	0.01979	0.30222	0.00399	0.11961	0.00701	0.00378	0.00465
1	0.01245	0.38757	0.26411	0.04025	0.01637	0.10017	0.01169	0.01648	0.08275	0.01373	0.00882	0.00992	0.00710	0.00470	0.00400	0.00131	0.00619	0.00333	0.00241	0.00664
2	0.00894	0.00554	0.00687	0.00650	0.00791	0.00508	0.00478	0.03195	0.01217	0.12210	0.30186	0.19004	0.17920	0.08544	0.00750	0.00194	0.00302	0.00936	0.00494	0.00487
3	0.02011	0.01147	0.01333	0.01022	0.01410	0.01184	0.00844	0.45960	0.01927	0.35704	0.01502	0.01389	0.00997	0.00598	0.00493	0.00149	0.00489	0.00464	0.00541	0.00836
4	0.08898	0.01353	0.15240	0.10067	0.44867	0.01155	0.03517	0.01554	0.05719	0.01644	0.00957	0.01197	0.00759	0.00463	0.00470	0.00152	0.00592	0.00420	0.00256	0.00721
5	0.05537	0.01589	0.26000	0.01401	0.12239	0.01199	0.01225	0.22838	0.08674	0.12677	0.01207	0.01250	0.00860	0.00534	0.00475	0.00152	0.00566	0.00426	0.00377	0.00774
6	0.01418	0.00935	0.01048	0.00906	0.01180	0.01007	0.00712	0.12797	0.37110	0.17639	0.01896	0.09193	0.01487	0.00715	0.00493	0.00159	0.00389	0.00595	0.09594	0.00728
7	0.59117	0.01294	0.00946	0.00831	0.01134	0.18211	0.00665	0.09738	0.01113	0.02086	0.00753	0.00858	0.00586	0.00481	0.00354	0.00146	0.00506	0.00296	0.00313	0.00573
8	0.00688	0.00493	0.00638	0.00617	0.00714	0.00459	0.00448	0.00885	0.01288	0.01811	0.65181	0.10942	0.04248	0.08508	0.00759	0.00188	0.00259	0.00920	0.00511	0.00443

[dist]
# distance from previous block
# <min> <max>
1	2

[block]
# block no. 6 follows, 51 sequences, length 25
# corresponding to MSA columns:
# 246-270
name=unknown_G
#
# <colnr> <probs for GDERKNQSTAVLIFYWHMCP>
#	G	D	E	R	K	N	Q	S	T	A	V	L	I	F	Y	W	H	M	C	P
0	0.00671	0.00491	0.00565	0.00552	0.00635	0.00455	0.00372	0.00781	0.01046	0.01386	0.27664	0.03782	0.24213	0.33754	0.01348	0.00286	0.00334	0.00860	0.00420	0.00384
1	0.00860	0.00677	0.00721	0.00645	0.00849	0.00648	0.00501	0.16434	0.01403	0.01786	0.15652	0.03846	0.51997	0.01075	0.00563	0.00160	0.00306	0.00894	0.00477	0.00508
2	0.03196	0.01736	0.01977	0.01724	0.02141	0.01466	0.01247	0.03008	0.02132	0.61170	0.03009	0.03350	0.02352	0.01444	0.01038	0.00388	0.00856	0.00898	0.05435	0.01433
3	0.86201	0.00950	0.00722	0.00646	0.00950	0.01102	0.00532	0.01445	0.00836	0.02205	0.00684	0.00798	0.00532	0.00456	0.00304	0.00152	0.00380	0.00266	0.00304	0.00532
4	0.01115	0.00943	0.01019	0.00923	0.01168	0.01068	0.00714	0.02270	0.63068	0.02038	0.17712	0.02206	0.02137	0.00735	0.00516	0.00164	0.00357	0.00623	0.00508	0.00714
5	0.69082	0.01037	0.00875	0.00745	0.01067	0.01188	0.00614	0.16989	0.01136	0.02386	0.00785	0.00876	0.00594	0.00483	0.00342	0.00151	0.00413	0.00302	0.00342	0.00594
6	0.01215	0.01105	0.01459	0.01230	0.01314	0.01459	0.01021	0.16763	0.01071	0.01569	0.00791	0.01145	0.00717	0.00965	0.05850	0.00234	0.60789	0.00438	0.00274	0.00593
7	0.00939	0.00699	0.00929	0.00859	0.01009	0.00799	0.00679	0.16537	0.01098	0.01538	0.01289	0.01778	0.01149	0.03057	0.64484	0.00659	0.01159	0.00509	0.00310	0.00519
8	0.00638	0.00485	0.00554	0.00560	0.00661	0.00437	0.00391	0.00758	0.01079	0.01397	0.21926	0.14678	0.35336	0.17767	0.00977	0.00231	0.00296	0.00985	0.00445	0.00401
9	0.11321	0.01042	0.07727	0.01111	0.01248	0.01150	0.04358	0.01188	0.00861	0.03536	0.01153	0.17593	0.01191	0.00949	0.02734	0.00207	0.41193	0.00611	0.00287	0.00536
10	0.05089	0.05330	0.05434	0.00933	0.01252	0.06920	0.00813	0.01900	0.01270	0.43488	0.04719	0.02190	0.01458	0.00725	0.00549	0.00163	0.03600	0.12989	0.00483	0.00698
11	0.00956	0.00795	0.01075	0.01297	0.16977	0.00833	0.00847	0.01495	0.22719	0.01667	0.08806	0.16707	0.02273	0.00979	0.00573	0.00183	0.00413	0.20372	0.00432	0.00601
12	0.01297	0.01532	0.02594	0.01908	0.02355	0.17383	0.62263	0.01653	0.01207	0.01499	0.00947	0.01236	0.00723	0.00433	0.00552	0.00158	0.00840	0.00526	0.00249	0.00644
13	0.01221	0.27785	0.11182	0.17712	0.15697	0.05705	0.01178	0.05502	0.03251	0.01452	0.00863	0.01064	0.00700	0.00461	0.00423	0.00134	0.00595	0.00363	0.00246	0.04466
14	0.01405	0.07942	0.10106	0.01077	0.07963	0.00953	0.00883	0.06689	0.03906	0.20586	0.01179	0.01215	0.00864	0.00471	0.00426	0.00118	0.00462	0.00377	0.00368	0.33009
15	0.06510	0.15494	0.06477	0.03504	0.18288	0.01327	0.01048	0.16031	0.08464	0.12189	0.01130	0.01211	0.00853	0.00533	0.00507	0.00147	0.04786	0.00411	0.00355	0.00735
16	0.02397	0.01985	0.05123	0.01926	0.02187	0.04271	0.01424	0.04515	0.22186	0.02786	0.06142	0.03381	0.06745	0.01592	0.01433	0.00415	0.28495	0.00931	0.00782	0.01284
17	0.01232	0.01048	0.01088	0.02129	0.03492	0.16994	0.02873	0.01460	0.06345	0.13125	0.03271	0.28540	0.01854	0.00964	0.00658	0.00175	0.08918	0.04869	0.00402	0.00564
18	0.15496	0.01219	0.01145	0.01074	0.06986	0.16483	0.00766	0.17074	0.01303	0.10861	0.01136	0.01528	0.00971	0.17228	0.00909	0.00214	0.04191	0.00449	0.00358	0.00607
19	0.00736	0.00536	0.00718	0.00819	0.00906	0.00533	0.00652	0.00969	0.05431	0.01414	0.02612	0.37275	0.02929	0.01394	0.00647	0.00212	0.00379	0.40933	0.00457	0.00449
20	0.01670	0.01134	0.01257	0.01025	0.01368	0.01237	0.00827	0.31524	0.33711	0.18278	0.01673	0.01550	0.01187	0.00625	0.00496	0.00156	0.00453	0.00500	0.00519	0.00812
21	0.00684	0.00501	0.00642	0.00618	0.00735	0.00460	0.00464	0.00899	0.01340	0.01866	0.66942	0.06853	0.11800	0.01059	0.00585	0.00160	0.00242	0.03169	0.00527	0.00456
22	0.01158	0.02501	0.64190	0.01373	0.02004	0.17302	0.01640	0.01639	0.01110	0.01485	0.00857	0.01007	0.00625	0.00475	0.00462	0.00150	0.00759	0.00354	0.00217	0.00694
23	0.01398	0.05672	0.10156	0.03711	0.06369	0.05640	0.40048	0.01744	0.01196	0.17443	0.01138	0.01308	0.00816	0.00468	0.00522	0.00155	0.00704	0.00498	0.00315	0.00701
24	0.00971	0.00903	0.00876	0.00941	0.01068	0.16815	0.00767	0.01153	0.01152	0.01380	0.02246	0.17660	0.02454	0.01216	0.00622	0.00201	0.00512	0.48183	0.00413	0.00467

[dist]
# distance from previous block
# <min> <max>
0	11

[block]
# block no. 7 follows, 51 sequences, length 16
# corresponding to MSA columns:
# 282-297
name=unknown_H
#
# <colnr> <probs for GDERKNQSTAVLIFYWHMCP>
#	G	D	E	R	K	N	Q	S	T	A	V	L	I	F	Y	W	H	M	C	P
0	0.04315	0.00838	0.00948	0.00865	0.01087	0.00900	0.00694	0.12623	0.25612	0.04026	0.21360	0.02971	0.06312	0.00885	0.00547	0.00171	0.00377	0.14354	0.00494	0.00623
1	0.01468	0.46043	0.06778	0.00985	0.01392	0.08129	0.05595	0.02947	0.01159	0.15555	0.04924	0.01156	0.00949	0.00496	0.00400	0.00125	0.00552	0.00369	0.00309	0.00666
2	0.00705	0.00500	0.00628	0.00694	0.00743	0.00488	0.00471	0.05346	0.00991	0.01320	0.02402	0.59760	0.02822	0.16170	0.00961	0.00248	0.00343	0.04571	0.00429	0.00409
3	0.00770	0.00626	0.00919	0.00880	0.00952	0.00776	0.00698	0.00933	0.00783	0.01148	0.01195	0.01776	0.01123	0.03174	0.66452	0.00686	0.15890	0.00509	0.00255	0.00457
4	0.01286	0.01044	0.01217	0.15572	0.01667	0.01183	0.00899	0.25100	0.30138	0.02132	0.01832	0.02009	0.07734	0.00702	0.00514	0.00164	0.00476	0.05190	0.00440	0.00703
5	0.01110	0.01059	0.01569	0.11026	0.41539	0.05075	0.01194	0.01438	0.05900	0.01604	0.15159	0.01681	0.01489	0.00599	0.00597	0.00156	0.07314	0.00520	0.00308	0.00665
6	0.01115	0.23486	0.45415	0.01181	0.01745	0.01368	0.01371	0.01725	0.15098	0.01541	0.01032	0.01116	0.00784	0.00491	0.00433	0.00144	0.00612	0.00372	0.00261	0.00710
7	0.00601	0.00494	0.00532	0.00556	0.00700	0.00425	0.00419	0.00729	0.01098	0.01330	0.04483	0.14951	0.63104	0.01293	0.00595	0.00175	0.00271	0.07372	0.00456	0.00416
8	0.00669	0.00788	0.12086	0.00710	0.00915	0.00540	0.00628	0.00883	0.03033	0.01380	0.06046	0.28119	0.38688	0.01202	0.00578	0.00176	0.00336	0.02332	0.00424	0.00467
9	0.01295	0.01291	0.10786	0.01184	0.07871	0.05165	0.00930	0.20358	0.27226	0.01982	0.01437	0.01712	0.01177	0.14429	0.00827	0.00209	0.00523	0.00510	0.00395	0.00694
10	0.70792	0.00973	0.00864	0.00763	0.01012	0.01175	0.00630	0.01397	0.00821	0.02020	0.00677	0.00848	0.00553	0.00529	0.00541	0.00163	0.15123	0.00296	0.00288	0.00533
11	0.16172	0.00618	0.00703	0.00656	0.00825	0.00612	0.02473	0.01034	0.04118	0.01809	0.37934	0.10032	0.19288	0.00974	0.00531	0.00161	0.00288	0.00830	0.00464	0.00477
12	0.01051	0.22676	0.34020	0.01260	0.06413	0.01238	0.08148	0.01381	0.00985	0.01349	0.00964	0.01405	0.00856	0.15338	0.00808	0.00201	0.00630	0.00425	0.00230	0.00622
13	0.00779	0.00520	0.00677	0.00631	0.00762	0.00475	0.00475	0.00999	0.01368	0.06607	0.69535	0.05848	0.07434	0.01006	0.00576	0.00156	0.00245	0.00886	0.00539	0.00482
14	0.04121	0.13990	0.17500	0.01428	0.04955	0.15771	0.21418	0.02673	0.01155	0.03203	0.02078	0.01102	0.00747	0.00456	0.00459	0.00138	0.00689	0.00403	0.00256	0.07456
15	0.45714	0.00883	0.00931	0.01073	0.15156	0.00948	0.00690	0.01325	0.03892	0.01868	0.01569	0.08316	0.12172	0.00662	0.00413	0.00155	0.00390	0.00514	0.00335	0.02995

[dist]
# distance from previous block
# <min> <max>
0	5

[block]
# block no. 8 follows, 51 sequences, length 13
# corresponding to MSA columns:
# 303-315
name=unknown_I
#
# <colnr> <probs for GDERKNQSTAVLIFYWHMCP>
#	G	D	E	R	K	N	Q	S	T	A	V	L	I	F	Y	W	H	M	C	P
0	0.11045	0.06804	0.13098	0.07388	0.11291	0.01105	0.04330	0.01674	0.21195	0.01766	0.11729	0.03840	0.01478	0.00612	0.00475	0.00156	0.00487	0.00518	0.00353	0.00656
1	0.01028	0.00853	0.01002	0.02736	0.04824	0.03020	0.00768	0.01620	0.26032	0.03190	0.03414	0.04449	0.06119	0.00869	0.00540	0.00168	0.00422	0.24315	0.00427	0.14203
2	0.00638	0.00500	0.00577	0.00558	0.00699	0.00439	0.00418	0.00815	0.01255	0.01647	0.41910	0.04204	0.42333	0.01126	0.00580	0.00160	0.00240	0.00964	0.00498	0.00439
3	0.01193	0.01144	0.01953	0.09273	0.73587	0.01162	0.01497	0.01488	0.01108	0.01578	0.00920	0.01224	0.00769	0.00442	0.00487	0.00147	0.00589	0.00438	0.00241	0.00760
4	0.00900	0.00502	0.00541	0.00519	0.00644	0.00498	0.00393	0.03891	0.01160	0.01910	0.19531	0.02232	0.02023	0.00673	0.00403	0.00125	0.00241	0.00557	0.62784	0.00473
5	0.66624	0.19879	0.01150	0.00691	0.01022	0.01297	0.00603	0.01451	0.00874	0.01963	0.00684	0.00796	0.00555	0.00448	0.00307	0.00141	0.00414	0.00265	0.00282	0.00555
6	0.00705	0.00483	0.00565	0.00569	0.00594	0.00481	0.00349	0.00745	0.00801	0.01072	0.06887	0.05557	0.05628	0.64348	0.06732	0.00444	0.00492	0.02889	0.00328	0.00330
7	0.00885	0.00701	0.00734	0.00652	0.00867	0.00674	0.00509	0.18552	0.01413	0.01778	0.09006	0.03841	0.56401	0.01078	0.00560	0.00161	0.00315	0.00890	0.00470	0.00515
8	0.86201	0.00950	0.00722	0.00646	0.00950	0.01102	0.00532	0.01445	0.00836	0.02205	0.00684	0.00798	0.00532	0.00456	0.00304	0.00152	0.00380	0.00266	0.00304	0.00532
9	0.01189	0.02273	0.62031	0.01338	0.01988	0.01230	0.01612	0.19192	0.01331	0.01912	0.00951	0.01070	0.00672	0.00495	0.00473	0.00154	0.00683	0.00381	0.00273	0.00752
10	0.00660	0.00485	0.00619	0.00620	0.00721	0.00443	0.00452	0.00846	0.01257	0.01733	0.53350	0.21949	0.12729	0.01155	0.00591	0.00166	0.00246	0.01023	0.00512	0.00443
11	0.45047	0.01288	0.19155	0.00879	0.01300	0.01014	0.00877	0.01714	0.01029	0.21970	0.01051	0.01077	0.00728	0.00498	0.00390	0.00153	0.00470	0.00347	0.00360	0.00655
12	0.01599	0.01180	0.01317	0.01052	0.01375	0.01314	0.00860	0.60233	0.01960	0.02646	0.01211	0.01353	0.00926	0.01304	0.19008	0.00296	0.00720	0.00462	0.00439	0.00744

[dist]
# distance from previous block
# <min> <max>
0	5

[block]
# block no. 9 follows, 51 sequences, length 33
# corresponding to MSA columns:
# 321-353
name=unknown_J
#
# <colnr> <probs for GDERKNQSTAVLIFYWHMCP>
#	G	D	E	R	K	N	Q	S	T	A	V	L	I	F	Y	W	H	M	C	P
0	0.19312	0.04467	0.00893	0.04200	0.01020	0.00793	0.00590	0.06734	0.01304	0.08557	0.43412	0.02474	0.02841	0.00775	0.00491	0.00151	0.00333	0.00642	0.00463	0.00547
1	0.00742	0.00490	0.00718	0.00723	0.00776	0.00540	0.00529	0.00788	0.00748	0.01049	0.01265	0.05571	0.01255	0.08999	0.48606	0.25075	0.00951	0.00552	0.00260	0.00362
2	0.01000	0.00853	0.00999	0.00726	0.01144	0.00643	0.00577	0.01212	0.01015	0.01586	0.00957	0.04729	0.00843	0.00418	0.00376	0.00079	0.00360	0.00342	0.00299	0.81843
3	0.00909	0.00710	0.00753	0.00752	0.00913	0.00603	0.00535	0.00958	0.01307	0.01672	0.13718	0.16204	0.55985	0.01418	0.00708	0.00222	0.00360	0.01138	0.00558	0.00576
4	0.01311	0.01178	0.01619	0.03007	0.01578	0.01401	0.12338	0.20423	0.17978	0.01900	0.01124	0.01306	0.00891	0.00678	0.00922	0.00180	0.30653	0.00482	0.00349	0.00681
5	0.01273	0.39205	0.17591	0.01087	0.01500	0.05184	0.03578	0.05135	0.01069	0.03658	0.00798	0.00955	0.00666	0.00509	0.00564	0.00136	0.12424	0.00336	0.00242	0.04089
6	0.00715	0.00476	0.00536	0.00536	0.00536	0.00476	0.00298	0.00715	0.00715	0.00953	0.01548	0.03216	0.01787	0.82729	0.02501	0.00476	0.00476	0.00715	0.00298	0.00298
7	0.00986	0.02542	0.80183	0.01401	0.02127	0.01141	0.01816	0.01556	0.01038	0.01556	0.00882	0.01038	0.00623	0.00467	0.00467	0.00156	0.00726	0.00363	0.00208	0.00726
8	0.01115	0.01065	0.01812	0.30505	0.52964	0.01141	0.01458	0.01420	0.01071	0.01483	0.00907	0.01249	0.00735	0.00457	0.00488	0.00152	0.00609	0.00437	0.00235	0.00697
9	0.01301	0.01416	0.01542	0.26570	0.15043	0.25163	0.01196	0.03350	0.01115	0.01328	0.00810	0.01118	0.00671	0.00562	0.00697	0.00159	0.16722	0.00400	0.00239	0.00597
10	0.02062	0.00947	0.01187	0.00916	0.01286	0.00902	0.00755	0.20459	0.01605	0.57781	0.01741	0.01562	0.01127	0.00602	0.00486	0.00149	0.00438	0.00480	0.04697	0.00818
11	0.00583	0.00489	0.00507	0.00520	0.00670	0.00413	0.00383	0.00703	0.01099	0.01319	0.04705	0.14087	0.70283	0.01280	0.00586	0.00170	0.00253	0.01081	0.00456	0.00413
12	0.01052	0.01094	0.04246	0.11027	0.29311	0.01046	0.25970	0.01367	0.01104	0.01523	0.04312	0.11506	0.01254	0.00617	0.00542	0.00163	0.00621	0.02313	0.00284	0.00647
13	0.02205	0.00836	0.01140	0.00874	0.01254	0.00722	0.00722	0.02395	0.01407	0.80004	0.01939	0.01673	0.01216	0.00608	0.00494	0.00152	0.00418	0.00494	0.00608	0.00836
14	0.01561	0.00980	0.01121	0.00957	0.01270	0.01050	0.00759	0.02537	0.52106	0.28925	0.01979	0.01778	0.01402	0.00647	0.00498	0.00162	0.00399	0.00534	0.00537	0.00798
15	0.44550	0.00894	0.00930	0.00759	0.01101	0.00914	0.00626	0.01916	0.01119	0.40783	0.01306	0.01232	0.00872	0.00532	0.00398	0.00152	0.00399	0.00379	0.00455	0.00683
16	0.00998	0.05627	0.77209	0.01379	0.02094	0.01172	0.01778	0.01553	0.01036	0.01541	0.00874	0.01028	0.00623	0.00465	0.00461	0.00154	0.00719	0.00359	0.00208	0.00723
17	0.00741	0.00563	0.00632	0.00598	0.00766	0.00517	0.00454	0.01019	0.08284	0.04728	0.29149	0.03995	0.44574	0.01088	0.00570	0.00162	0.00263	0.00923	0.00494	0.00481
18	0.01160	0.01326	0.02900	0.02071	0.02568	0.01243	0.77879	0.01574	0.01160	0.01574	0.00994	0.01326	0.00746	0.00414	0.00580	0.00166	0.00829	0.00580	0.00249	0.00663
19	0.03630	0.01926	0.43786	0.01193	0.01737	0.07679	0.01331	0.10242	0.01274	0.16819	0.01137	0.01195	0.00789	0.00516	0.00463	0.00150	0.00627	0.00395	0.04383	0.00729
20	0.01048	0.00672	0.00871	0.00764	0.00951	0.03624	0.03938	0.01263	0.01343	0.17085	0.48691	0.07214	0.06490	0.00929	0.00563	0.00158	0.00329	0.03003	0.00520	0.00544
21	0.00601	0.00446	0.00556	0.00638	0.00698	0.00407	0.00434	0.00696	0.00984	0.01280	0.05176	0.61428	0.19448	0.03913	0.00673	0.00200	0.00282	0.01287	0.00454	0.00401
22	0.66789	0.03526	0.01002	0.01040	0.12873	0.04931	0.00709	0.01480	0.00910	0.02035	0.00724	0.00865	0.00577	0.00455	0.00339	0.00149	0.00439	0.00294	0.00290	0.00574
23	0.00916	0.00458	0.00458	0.00458	0.00573	0.00458	0.00344	0.01145	0.01031	0.01832	0.01603	0.01832	0.01260	0.00573	0.00344	0.00115	0.00229	0.00458	0.85457	0.00458
24	0.78453	0.00943	0.00749	0.00654	0.00970	0.01062	0.00537	0.01426	0.00853	0.02150	0.00701	0.00818	0.00550	0.00448	0.00310	0.00145	0.00379	0.00268	0.00303	0.08282
25	0.00762	0.00517	0.00678	0.00629	0.00757	0.00475	0.00475	0.00992	0.01392	0.05398	0.76002	0.03583	0.04487	0.00987	0.00576	0.00154	0.00240	0.00871	0.00544	0.00480
26	0.01783	0.01334	0.01427	0.01114	0.01492	0.01484	0.00914	0.68129	0.12345	0.02960	0.01287	0.01266	0.00923	0.00600	0.00493	0.00150	0.00521	0.00457	0.00493	0.00828
27	0.00715	0.00488	0.00592	0.00631	0.00658	0.00484	0.00419	0.00772	0.00830	0.01099	0.01919	0.14392	0.02196	0.55265	0.01879	0.00388	0.00446	0.16136	0.00351	0.00343
28	0.01075	0.01075	0.01505	0.01290	0.01290	0.01505	0.01075	0.01183	0.00753	0.01183	0.00645	0.01075	0.00645	0.00860	0.01613	0.00215	0.81830	0.00430	0.00215	0.00538
29	0.01019	0.00873	0.01019	0.00728	0.01165	0.00655	0.00582	0.01237	0.01019	0.01601	0.00873	0.01019	0.00728	0.00364	0.00364	0.00073	0.00364	0.00291	0.00291	0.85734
30	0.52864	0.00989	0.01014	0.00881	0.01082	0.01226	0.00730	0.01394	0.00832	0.05220	0.00725	0.00933	0.00601	0.00604	0.00769	0.00174	0.28796	0.00333	0.00286	0.00547
31	0.00928	0.00873	0.01474	0.81548	0.03385	0.01092	0.01365	0.01256	0.00983	0.01256	0.00873	0.01310	0.00655	0.00491	0.00491	0.00164	0.00655	0.00437	0.00218	0.00546
32	0.01107	0.29453	0.15286	0.00912	0.01260	0.09849	0.00892	0.02900	0.01213	0.01558	0.28494	0.01867	0.02046	0.00647	0.00452	0.00135	0.00497	0.00510	0.00337	0.00586

[dist]
# distance from previous block
# <min> <max>
0	1

[block]
# block no. 10 follows, 51 sequences, length 34
# corresponding to MSA columns:
# 355-388
name=unknown_K
#
# <colnr> <probs for GDERKNQSTAVLIFYWHMCP>
#	G	D	E	R	K	N	Q	S	T	A	V	L	I	F	Y	W	H	M	C	P
0	0.01461	0.01003	0.03157	0.18890	0.04534	0.01002	0.00932	0.10136	0.16101	0.23273	0.01416	0.01443	0.01004	0.00546	0.00474	0.00145	0.00484	0.00453	0.00420	0.13126
1	0.01294	0.23131	0.18353	0.04206	0.22951	0.08510	0.07180	0.01598	0.01111	0.05983	0.00900	0.01074	0.00713	0.00455	0.00441	0.00138	0.00637	0.00379	0.00249	0.00697
2	0.02182	0.00873	0.01163	0.00892	0.01273	0.00777	0.00737	0.07583	0.01469	0.74729	0.01887	0.01639	0.01190	0.00607	0.00494	0.00152	0.00427	0.00491	0.00600	0.00836
3	0.01019	0.00873	0.01019	0.00728	0.01165	0.00655	0.00582	0.01237	0.01019	0.01601	0.00873	0.01019	0.00728	0.00364	0.00364	0.00073	0.00364	0.00291	0.00291	0.85734
4	0.00766	0.00495	0.00587	0.00578	0.00601	0.00501	0.00350	0.00793	0.00748	0.03763	0.01535	0.03011	0.01701	0.70558	0.11616	0.00502	0.00573	0.00685	0.00305	0.00333
5	0.01013	0.09220	0.73744	0.01354	0.02055	0.01208	0.01735	0.01549	0.01034	0.01523	0.00865	0.01017	0.00623	0.00463	0.00454	0.00151	0.00710	0.00355	0.00208	0.00718
6	0.00586	0.00498	0.00504	0.00503	0.00667	0.00417	0.00377	0.00714	0.01131	0.01354	0.08067	0.04685	0.76359	0.01235	0.00581	0.00165	0.00248	0.01031	0.00460	0.00417
7	0.00727	0.00526	0.00707	0.00770	0.00877	0.00506	0.00630	0.00931	0.01181	0.01577	0.24592	0.14506	0.08293	0.01273	0.00638	0.00199	0.00356	0.40786	0.00478	0.00447
8	0.00928	0.00873	0.01474	0.81548	0.03385	0.01092	0.01365	0.01256	0.00983	0.01256	0.00873	0.01310	0.00655	0.00491	0.00491	0.00164	0.00655	0.00437	0.00218	0.00546
9	0.00609	0.00459	0.00584	0.00669	0.00721	0.00434	0.00459	0.00702	0.00967	0.01265	0.03051	0.66333	0.16663	0.01468	0.00647	0.00194	0.02614	0.01306	0.00449	0.00406
10	0.00702	0.00527	0.00790	0.00790	0.00878	0.00614	0.00614	0.00878	0.00790	0.01141	0.01316	0.01931	0.01229	0.03686	0.80782	0.00790	0.01316	0.00527	0.00263	0.00439
11	0.00607	0.00434	0.00580	0.00694	0.00726	0.00406	0.00471	0.00699	0.00949	0.01264	0.02704	0.79056	0.03232	0.01532	0.00629	0.00201	0.00292	0.04667	0.00456	0.00401
12	0.00986	0.02542	0.80183	0.01401	0.02127	0.01141	0.01816	0.01556	0.01038	0.01556	0.00882	0.01038	0.00623	0.00467	0.00467	0.00156	0.00726	0.00363	0.00208	0.00726
13	0.02205	0.00836	0.01140	0.00874	0.01254	0.00722	0.00722	0.02395	0.01407	0.80004	0.01939	0.01673	0.01216	0.00608	0.00494	0.00152	0.00418	0.00494	0.00608	0.00836
14	0.86201	0.00950	0.00722	0.00646	0.00950	0.01102	0.00532	0.01445	0.00836	0.02205	0.00684	0.00798	0.00532	0.00456	0.00304	0.00152	0.00380	0.00266	0.00304	0.00532
15	0.86201	0.00950	0.00722	0.00646	0.00950	0.01102	0.00532	0.01445	0.00836	0.02205	0.00684	0.00798	0.00532	0.00456	0.00304	0.00152	0.00380	0.00266	0.00304	0.00532
16	0.01277	0.12636	0.01751	0.30482	0.22008	0.05669	0.01221	0.13199	0.01250	0.03125	0.00917	0.01172	0.00720	0.00493	0.00483	0.00147	0.02099	0.00408	0.00275	0.00668
17	0.02071	0.00836	0.01145	0.00926	0.03683	0.00724	0.00732	0.02267	0.01381	0.71522	0.04703	0.01705	0.01308	0.00608	0.00492	0.00149	0.00414	0.00499	0.00582	0.04256
18	0.03174	0.27467	0.07487	0.01108	0.01507	0.17930	0.04227	0.25208	0.01506	0.04682	0.00925	0.01002	0.00718	0.00501	0.00424	0.00131	0.00625	0.00358	0.00323	0.00695
19	0.01216	0.01168	0.01995	0.03016	0.79664	0.01168	0.01508	0.01508	0.01119	0.01605	0.00924	0.01216	0.00778	0.00438	0.00487	0.00146	0.00584	0.00438	0.00243	0.00778
20	0.01090	0.00535	0.00571	0.00529	0.00683	0.00529	0.00407	0.04387	0.01122	0.10123	0.01621	0.01789	0.01238	0.00577	0.00365	0.00120	0.00262	0.00461	0.73076	0.00513
21	0.00681	0.00502	0.00637	0.00603	0.00725	0.00458	0.00453	0.00900	0.01358	0.01891	0.70221	0.03801	0.13870	0.01034	0.00580	0.00156	0.00234	0.00907	0.00531	0.00458
22	0.00788	0.00563	0.00786	0.00893	0.01007	0.00562	0.00779	0.01014	0.01142	0.01491	0.05706	0.05468	0.02901	0.01343	0.00675	0.00223	0.00444	0.73306	0.00456	0.00453
23	0.01868	0.01376	0.01475	0.01131	0.01524	0.01524	0.00934	0.78025	0.02311	0.03097	0.01180	0.01180	0.00836	0.00590	0.00492	0.00147	0.00541	0.00442	0.00492	0.00836
24	0.01075	0.01075	0.01505	0.01290	0.01290	0.01505	0.01075	0.01183	0.00753	0.01183	0.00645	0.01075	0.00645	0.00860	0.01613	0.00215	0.81830	0.00430	0.00215	0.00538
25	0.00617	0.00441	0.00588	0.00686	0.00727	0.00413	0.00471	0.00723	0.00996	0.01339	0.10788	0.71003	0.03379	0.01476	0.00624	0.00196	0.00286	0.04373	0.00465	0.00408
26	0.01314	0.83025	0.02575	0.00841	0.01261	0.01945	0.00841	0.01472	0.00999	0.01156	0.00683	0.00788	0.00631	0.00420	0.00315	0.00105	0.00526	0.00263	0.00210	0.00631
27	0.00928	0.00873	0.01474	0.81548	0.03385	0.01092	0.01365	0.01256	0.00983	0.01256	0.00873	0.01310	0.00655	0.00491	0.00491	0.00164	0.00655	0.00437	0.00218	0.00546
28	0.01222	0.01056	0.01111	0.01000	0.01278	0.01222	0.00778	0.02611	0.78776	0.02056	0.02000	0.01833	0.01500	0.00667	0.00500	0.00167	0.00389	0.00556	0.00500	0.00778
