[name]
unknown

[dist]
# distance from previous block
# <min> <max>
1	449

[block]
# block no. 0 follows, 50 sequences, length 58
# corresponding to MSA columns:
# 499-556
name=unknown_A
#
# <colnr> <probs for GDERKNQSTAVLIFYWHMCP>
#	G	D	E	R	K	N	Q	S	T	A	V	L	I	F	Y	W	H	M	C	P
0	0.01371	0.00875	0.01068	0.00780	0.01207	0.00684	0.00630	0.01585	0.01144	0.23557	0.01189	0.01220	0.00877	0.00439	0.00406	0.00096	0.00385	0.00353	0.00386	0.61747
1	0.01226	0.13654	0.13976	0.14286	0.01756	0.05942	0.01041	0.08625	0.06103	0.05739	0.01066	0.01259	0.00837	0.00893	0.10287	0.00218	0.00673	0.00400	0.00301	0.11719
2	0.00943	0.14049	0.00974	0.00683	0.00754	0.00687	0.00502	0.00789	0.00709	0.00917	0.00837	0.01397	0.00828	0.01516	0.01679	0.71379	0.00449	0.00405	0.00216	0.00286
3	0.00604	0.00446	0.00566	0.00663	0.00715	0.00407	0.00449	0.00698	0.00984	0.01285	0.03128	0.69367	0.15842	0.01512	0.00628	0.00197	0.00283	0.01357	0.00463	0.00407
4	0.01000	0.00975	0.01771	0.24875	0.20387	0.01025	0.19400	0.01286	0.01057	0.01431	0.01314	0.18356	0.01271	0.00702	0.00579	0.00171	0.02825	0.00683	0.00285	0.00606
5	0.01156	0.01005	0.01500	0.01211	0.01484	0.01086	0.18581	0.01851	0.29974	0.06782	0.16159	0.02046	0.03431	0.00714	0.00681	0.00172	0.10449	0.00623	0.00426	0.00668
6	0.00981	0.00565	0.00574	0.00555	0.00699	0.00593	0.00421	0.01407	0.13847	0.01896	0.01693	0.01859	0.01318	0.00597	0.00375	0.00125	0.00259	0.00481	0.71238	0.00518
7	0.01184	0.01167	0.01518	0.09595	0.37741	0.10762	0.01130	0.04746	0.01198	0.01564	0.01598	0.01768	0.13716	0.00592	0.00491	0.00143	0.00555	0.00514	0.00298	0.09720
8	0.00930	0.00857	0.01424	0.66739	0.07595	0.01034	0.01280	0.01248	0.01056	0.01384	0.10508	0.01618	0.01168	0.00559	0.00509	0.00164	0.00607	0.00499	0.00263	0.00557
9	0.01517	0.09897	0.04976	0.14248	0.01671	0.07837	0.00930	0.17539	0.01433	0.19684	0.02647	0.01731	0.10531	0.00648	0.00514	0.00151	0.02449	0.00505	0.00405	0.00685
10	0.01601	0.07097	0.01691	0.01349	0.01610	0.47946	0.10391	0.04271	0.03376	0.01346	0.00824	0.01015	0.00689	0.00563	0.00658	0.00149	0.14181	0.00380	0.00262	0.00603
11	0.01016	0.00816	0.00940	0.00693	0.01082	0.00631	0.00551	0.01240	0.01036	0.01663	0.01008	0.01170	0.00827	0.00404	0.00366	0.00081	0.00347	0.00323	0.14342	0.71465
12	0.15718	0.02060	0.01260	0.01146	0.01407	0.63841	0.00867	0.01848	0.01307	0.01394	0.00946	0.01055	0.04076	0.00538	0.00432	0.00134	0.00786	0.00345	0.00274	0.00565
13	0.00929	0.02158	0.63195	0.04913	0.01970	0.01033	0.01579	0.01422	0.01064	0.01526	0.01581	0.01684	0.13619	0.00605	0.00494	0.00160	0.00653	0.00485	0.00253	0.00676
14	0.11970	0.37167	0.03033	0.00998	0.01366	0.22197	0.00873	0.14222	0.01317	0.01647	0.00800	0.00896	0.00662	0.00483	0.00384	0.00126	0.00616	0.00313	0.00283	0.00647
15	0.05242	0.20344	0.01896	0.01731	0.26032	0.18436	0.02274	0.02435	0.01106	0.01409	0.00791	0.01019	0.00690	0.00528	0.00626	0.00146	0.14027	0.00369	0.00242	0.00656
16	0.00929	0.00465	0.00465	0.00465	0.00581	0.00465	0.00348	0.01161	0.01045	0.01858	0.01626	0.01858	0.01278	0.00581	0.00348	0.00116	0.00232	0.00465	0.85250	0.00465
17	0.00702	0.00487	0.00537	0.00537	0.00565	0.00473	0.00315	0.00723	0.00793	0.01029	0.02146	0.03516	0.14603	0.69054	0.02215	0.00431	0.00445	0.00779	0.00329	0.00322
18	0.01106	0.01091	0.01962	0.34437	0.36065	0.01166	0.14042	0.01438	0.01086	0.01480	0.00928	0.01290	0.00734	0.00462	0.00511	0.00159	0.00662	0.00467	0.00237	0.00675
19	0.01271	0.01504	0.17387	0.08613	0.28449	0.01253	0.16858	0.15216	0.01333	0.01855	0.00986	0.01222	0.00752	0.00477	0.00510	0.00156	0.00669	0.00459	0.00284	0.00747
20	0.00769	0.00583	0.00845	0.14129	0.01325	0.00612	0.00785	0.00967	0.01053	0.01375	0.02339	0.26131	0.02583	0.04358	0.00713	0.00221	0.00447	0.39899	0.00415	0.00454
21	0.00746	0.00544	0.00705	0.13912	0.01043	0.00577	0.00501	0.00812	0.00798	0.01055	0.01602	0.12644	0.01805	0.58977	0.01966	0.00396	0.00489	0.00763	0.00308	0.00356
22	0.06529	0.02092	0.47190	0.01264	0.01794	0.14177	0.04742	0.01545	0.01142	0.01602	0.10498	0.01396	0.01157	0.02154	0.00519	0.00159	0.00679	0.00436	0.00270	0.00654
23	0.64463	0.00999	0.06141	0.00705	0.01014	0.01016	0.02109	0.01425	0.00901	0.02116	0.00868	0.01010	0.00672	0.00482	0.00332	0.00148	0.00393	0.00315	0.14345	0.00543
24	0.01076	0.00769	0.00822	0.00752	0.00959	0.00815	0.00594	0.14043	0.18414	0.01981	0.02396	0.04212	0.15989	0.00823	0.00489	0.00155	0.00346	0.07380	0.27396	0.00590
25	0.00796	0.00574	0.00644	0.00640	0.00690	0.00599	0.00402	0.01039	0.13608	0.01189	0.01791	0.12732	0.01947	0.59006	0.01968	0.00397	0.00445	0.00783	0.00356	0.00395
26	0.15092	0.00907	0.00988	0.00737	0.01151	0.00766	0.00591	0.01353	0.04536	0.01746	0.00906	0.01034	0.00741	0.00399	0.00365	0.00091	0.00373	0.00303	0.00307	0.67611
27	0.01445	0.00847	0.01037	0.00910	0.01138	0.04308	0.00717	0.01814	0.13926	0.31398	0.01797	0.11602	0.01475	0.01445	0.18289	0.00309	0.05800	0.00619	0.00461	0.00664
28	0.00673	0.00471	0.00548	0.00586	0.00679	0.00431	0.00413	0.00809	0.01066	0.01464	0.12548	0.33127	0.24684	0.05412	0.00667	0.00187	0.00273	0.01056	0.14484	0.00422
29	0.01844	0.00821	0.01168	0.01122	0.10786	0.00734	0.00786	0.02032	0.01313	0.57146	0.01969	0.14943	0.01520	0.00752	0.00523	0.00161	0.00422	0.00646	0.00546	0.00768
30	0.01733	0.01255	0.01570	0.01800	0.30799	0.10659	0.01098	0.14489	0.03286	0.26320	0.01309	0.01347	0.00938	0.00538	0.00492	0.00148	0.00565	0.00451	0.00412	0.00792
31	0.72097	0.01035	0.00859	0.00737	0.01060	0.01189	0.00607	0.14072	0.01096	0.02386	0.00777	0.00874	0.00591	0.00485	0.00340	0.00153	0.00413	0.00299	0.00340	0.00591
32	0.00614	0.00494	0.00548	0.00560	0.00695	0.00428	0.00410	0.00755	0.01159	0.01459	0.18850	0.17382	0.52367	0.01265	0.00597	0.00172	0.00255	0.01083	0.00479	0.00428
33	0.01065	0.00904	0.01050	0.00753	0.01194	0.00696	0.00603	0.03999	0.01081	0.01679	0.00897	0.01039	0.00742	0.00377	0.00374	0.00077	0.00376	0.00301	0.00303	0.82490
34	0.01040	0.07666	0.73743	0.01376	0.02088	0.01203	0.01761	0.01586	0.01056	0.02771	0.00898	0.01046	0.00641	0.00473	0.00464	0.00155	0.00719	0.00364	0.00217	0.00732
35	0.00618	0.00489	0.00556	0.00574	0.00700	0.00428	0.00417	0.00758	0.01152	0.01467	0.20143	0.22417	0.45957	0.01280	0.00600	0.00174	0.00257	0.01104	0.00481	0.00428
36	0.75591	0.11025	0.00964	0.00680	0.01003	0.01223	0.00578	0.01469	0.00869	0.02106	0.00694	0.00808	0.00552	0.00458	0.00310	0.00148	0.00404	0.00269	0.00297	0.00552
37	0.00649	0.00507	0.00589	0.00568	0.00710	0.00446	0.00426	0.00832	0.01279	0.01685	0.43477	0.04240	0.40532	0.01136	0.00588	0.00162	0.00243	0.00974	0.00507	0.00446
38	0.01079	0.01614	0.26808	0.05658	0.21363	0.04286	0.18279	0.01466	0.01123	0.01538	0.01436	0.01630	0.10359	0.00554	0.00518	0.00158	0.00667	0.00522	0.00262	0.00682
39	0.06490	0.01059	0.01181	0.00886	0.01287	0.01005	0.00721	0.25118	0.01419	0.02116	0.00961	0.01073	0.00757	0.00468	0.00462	0.00109	0.03995	0.00348	0.00356	0.50190
40	0.00725	0.00483	0.00544	0.00544	0.00544	0.00483	0.00302	0.00725	0.00725	0.00966	0.01571	0.03262	0.01812	0.82483	0.02537	0.00483	0.00483	0.00725	0.00302	0.00302
41	0.01077	0.21216	0.61940	0.01289	0.01953	0.01347	0.01612	0.01559	0.01043	0.01484	0.00848	0.00994	0.00633	0.00463	0.00438	0.00146	0.00689	0.00345	0.00211	0.00714
42	0.01034	0.00886	0.01034	0.00738	0.01181	0.00664	0.00591	0.01255	0.01034	0.01624	0.00886	0.01034	0.00738	0.00369	0.00369	0.00074	0.00369	0.00295	0.00295	0.85530
43	0.00607	0.00434	0.00578	0.00694	0.00723	0.00405	0.00463	0.00694	0.00954	0.01272	0.02747	0.82157	0.03297	0.01562	0.00636	0.00202	0.00289	0.01417	0.00463	0.00405
44	0.06733	0.01449	0.01468	0.22857	0.14805	0.27870	0.01129	0.01536	0.01109	0.01353	0.00845	0.01191	0.00719	0.04142	0.00699	0.00170	0.10688	0.00403	0.00246	0.00588
45	0.00594	0.00493	0.00520	0.00539	0.00683	0.00419	0.00394	0.00716	0.01111	0.01345	0.05951	0.17691	0.65213	0.01308	0.00597	0.00174	0.00258	0.01110	0.00464	0.00419
46	0.11600	0.28974	0.19405	0.06339	0.01845	0.01423	0.17110	0.01505	0.01035	0.01509	0.00825	0.01015	0.00656	0.00442	0.00422	0.00139	0.00625	0.00369	0.00237	0.04524
47	0.01646	0.01505	0.01957	0.01587	0.06831	0.17980	0.26789	0.21962	0.01564	0.11535	0.01121	0.01248	0.00817	0.00513	0.00518	0.00152	0.00708	0.00475	0.00363	0.00728
48	0.00681	0.00505	0.00613	0.00588	0.00703	0.00460	0.00428	0.00861	0.01262	0.01719	0.52243	0.03918	0.21775	0.11094	0.00828	0.00200	0.00270	0.00915	0.00498	0.00438
49	0.01473	0.01515	0.11740	0.01581	0.02059	0.01379	0.33012	0.35446	0.01674	0.02276	0.01073	0.01239	0.00780	0.00513	0.00550	0.00159	0.01921	0.00497	0.00356	0.00756
50	0.00681	0.00509	0.00632	0.00601	0.00730	0.00460	0.00451	0.00893	0.01353	0.01861	0.63486	0.03950	0.20414	0.01070	0.00588	0.00159	0.00239	0.00933	0.00531	0.00460
51	0.01848	0.01510	0.01555	0.01242	0.03206	0.11234	0.04044	0.63754	0.02157	0.02811	0.01131	0.01167	0.00817	0.00578	0.00496	0.00148	0.00604	0.00439	0.00454	0.00806
52	0.01102	0.01049	0.01784	0.38411	0.45054	0.01150	0.01464	0.01414	0.01072	0.01468	0.00914	0.01277	0.00733	0.00469	0.00496	0.00156	0.00625	0.00444	0.00235	0.00683
53	0.70295	0.01107	0.00870	0.00756	0.01072	0.06232	0.00617	0.10875	0.01068	0.02283	0.00761	0.00863	0.00584	0.00483	0.00341	0.00152	0.00438	0.00295	0.00329	0.00580
54	0.01513	0.01347	0.10968	0.01124	0.01497	0.01273	0.01017	0.47386	0.06787	0.02534	0.01517	0.02155	0.01290	0.00752	0.00536	0.00169	0.00543	0.16389	0.00455	0.00748
55	0.75591	0.11025	0.00964	0.00680	0.01003	0.01223	0.00578	0.01469	0.00869	0.02106	0.00694	0.00808	0.00552	0.00458	0.00310	0.00148	0.00404	0.00269	0.00297	0.00552
56	0.17351	0.01617	0.01584	0.01271	0.01624	0.27994	0.15177	0.21138	0.01502	0.04786	0.00952	0.01070	0.00718	0.00512	0.00464	0.00147	0.00686	0.00400	0.00340	0.00667
57	0.00628	0.00445	0.00580	0.00671	0.00702	0.00419	0.00443	0.00714	0.00955	0.01281	0.07472	0.67454	0.03204	0.11478	0.00867	0.00234	0.00310	0.01299	0.00448	0.00396

[dist]
# distance from previous block
# <min> <max>
0	1

[block]
# block no. 1 follows, 50 sequences, length 84
# corresponding to MSA columns:
# 558-641
name=unknown_B
#
# <colnr> <probs for GDERKNQSTAVLIFYWHMCP>
#	G	D	E	R	K	N	Q	S	T	A	V	L	I	F	Y	W	H	M	C	P
0	0.00962	0.00812	0.00974	0.00871	0.01090	0.00862	0.04471	0.01734	0.36989	0.01913	0.27082	0.02945	0.13456	0.00874	0.00553	0.00167	0.00348	0.02776	0.00500	0.00620
1	0.00607	0.00434	0.00578	0.00694	0.00723	0.00405	0.00463	0.00694	0.00954	0.01272	0.02747	0.82157	0.03297	0.01562	0.00636	0.00202	0.00289	0.01417	0.00463	0.00405
2	0.01957	0.01449	0.01415	0.01118	0.01491	0.14414	0.00907	0.50239	0.02008	0.18055	0.01279	0.01247	0.00891	0.00588	0.00491	0.00147	0.00582	0.00438	0.00482	0.00803
3	0.86003	0.00964	0.00733	0.00655	0.00964	0.01118	0.00540	0.01465	0.00848	0.02236	0.00694	0.00810	0.00540	0.00463	0.00308	0.00154	0.00386	0.00270	0.00308	0.00540
4	0.72116	0.01148	0.00849	0.00752	0.01059	0.10269	0.00609	0.05341	0.00988	0.02165	0.00728	0.00839	0.00567	0.00475	0.00334	0.00151	0.00453	0.00285	0.00312	0.00560
5	0.00711	0.00478	0.00548	0.00561	0.00564	0.00474	0.00321	0.00721	0.00751	0.01002	0.01706	0.12337	0.01983	0.73174	0.02318	0.00451	0.00461	0.00804	0.00321	0.00314
6	0.01313	0.01347	0.02380	0.02283	0.29040	0.05231	0.38562	0.10349	0.01308	0.01766	0.00994	0.01267	0.00773	0.00454	0.00538	0.00157	0.00724	0.00509	0.00279	0.00728
7	0.01529	0.11189	0.10746	0.01741	0.23060	0.40571	0.01208	0.01759	0.01249	0.01369	0.00822	0.00998	0.00681	0.00480	0.00450	0.00135	0.00754	0.00354	0.00244	0.00662
8	0.00605	0.00442	0.00570	0.00672	0.00717	0.00407	0.00453	0.00696	0.00975	0.01281	0.03012	0.73258	0.12025	0.01527	0.00631	0.00199	0.00285	0.01375	0.00463	0.00407
9	0.01091	0.00926	0.01079	0.01163	0.13930	0.06203	0.00761	0.17053	0.01482	0.01960	0.26519	0.07397	0.16647	0.00879	0.00547	0.00157	0.00411	0.00750	0.00448	0.00596
10	0.00624	0.00506	0.00553	0.00542	0.00695	0.00436	0.00406	0.00783	0.01219	0.01542	0.27253	0.04475	0.56846	0.01189	0.00589	0.00165	0.00247	0.01007	0.00489	0.00436
11	0.01034	0.00954	0.01582	0.45080	0.27058	0.01088	0.01330	0.03460	0.01056	0.01425	0.00963	0.01368	0.00776	0.00857	0.09700	0.00233	0.00716	0.00454	0.00242	0.00624
12	0.86003	0.00964	0.00733	0.00655	0.00964	0.01118	0.00540	0.01465	0.00848	0.02236	0.00694	0.00810	0.00540	0.00463	0.00308	0.00154	0.00386	0.00270	0.00308	0.00540
13	0.01172	0.00882	0.01048	0.00755	0.01192	0.00672	0.00607	0.01390	0.01079	0.10608	0.01010	0.01110	0.00795	0.00398	0.00384	0.00083	0.00375	0.00319	0.00332	0.75789
14	0.01895	0.01396	0.01496	0.01147	0.01546	0.01546	0.00947	0.77711	0.02344	0.03141	0.01197	0.01197	0.00848	0.00598	0.00499	0.00150	0.00548	0.00449	0.00499	0.00848
15	0.01862	0.02376	0.01413	0.01284	0.01541	0.80482	0.00963	0.01990	0.01413	0.01220	0.00770	0.00899	0.00642	0.00514	0.00449	0.00128	0.00899	0.00321	0.00257	0.00578
16	0.04516	0.00922	0.01134	0.00920	0.01270	0.00905	0.00744	0.02469	0.25729	0.52813	0.01947	0.01721	0.01303	0.00631	0.00497	0.00159	0.00414	0.00514	0.00573	0.00820
17	0.01315	0.01108	0.01170	0.01030	0.01325	0.01275	0.00807	0.11283	0.69715	0.02207	0.01933	0.01783	0.01444	0.00667	0.00506	0.00167	0.00412	0.00550	0.00506	0.00796
18	0.00705	0.00510	0.00666	0.00627	0.00745	0.00470	0.00470	0.00941	0.01411	0.01999	0.79110	0.03723	0.04703	0.01019	0.00588	0.00157	0.00235	0.00901	0.00549	0.00470
19	0.04398	0.00889	0.01438	0.50566	0.16723	0.01022	0.01239	0.01319	0.01033	0.05301	0.01156	0.10607	0.01014	0.00615	0.00506	0.00166	0.00585	0.00551	0.00277	0.00594
20	0.01135	0.00913	0.01483	0.65574	0.06924	0.01082	0.01303	0.03849	0.01096	0.10374	0.01023	0.01362	0.00742	0.00512	0.00498	0.00163	0.00630	0.00450	0.00277	0.00609
21	0.02190	0.00838	0.01142	0.00879	0.01257	0.00725	0.00725	0.02384	0.01426	0.77381	0.04286	0.01758	0.01338	0.00629	0.00504	0.00154	0.00418	0.00513	0.00615	0.00837
22	0.01392	0.01293	0.05137	0.01035	0.01276	0.13126	0.00842	0.30524	0.01548	0.02011	0.08567	0.06428	0.01434	0.12785	0.00938	0.00208	0.09877	0.00564	0.00389	0.00624
23	0.00607	0.00434	0.00578	0.00694	0.00723	0.00405	0.00463	0.00694	0.00954	0.01272	0.02747	0.82157	0.03297	0.01562	0.00636	0.00202	0.00289	0.01417	0.00463	0.00405
24	0.01383	0.72380	0.04080	0.00912	0.01326	0.10493	0.00885	0.01548	0.01057	0.01186	0.00706	0.00816	0.00640	0.00437	0.00337	0.00110	0.00577	0.00275	0.00218	0.00635
25	0.00645	0.00459	0.00558	0.00622	0.00657	0.00433	0.00399	0.00707	0.00898	0.01179	0.02618	0.46856	0.11528	0.28608	0.01267	0.00292	0.00350	0.01143	0.00409	0.00372
26	0.04172	0.20404	0.31856	0.01394	0.11073	0.11549	0.01309	0.02794	0.01146	0.08577	0.00933	0.01049	0.00709	0.00479	0.00435	0.00141	0.00651	0.00358	0.00266	0.00706
27	0.01155	0.05880	0.01844	0.25546	0.47426	0.01212	0.01398	0.01529	0.06311	0.01529	0.00982	0.01278	0.00794	0.00475	0.00486	0.00152	0.00596	0.00441	0.00255	0.00712
28	0.01140	0.01116	0.01784	0.25453	0.40694	0.03359	0.02631	0.01413	0.01040	0.01441	0.00871	0.01230	0.00726	0.00534	0.00689	0.00165	0.14366	0.00441	0.00235	0.00672
29	0.01077	0.00708	0.01029	0.00886	0.01095	0.00663	0.09898	0.03620	0.03315	0.17239	0.06327	0.25847	0.18550	0.05126	0.00695	0.00191	0.01791	0.00924	0.00462	0.00555
30	0.00638	0.00456	0.00613	0.00729	0.00771	0.00431	0.00516	0.00747	0.00984	0.01307	0.02730	0.70212	0.03230	0.01533	0.00644	0.00207	0.00316	0.13061	0.00462	0.00413
31	0.04278	0.06667	0.01648	0.01290	0.01623	0.44245	0.09744	0.18697	0.01552	0.04331	0.00925	0.01034	0.00717	0.00518	0.00466	0.00138	0.00762	0.00381	0.00321	0.00660
32	0.00725	0.00483	0.00544	0.00544	0.00544	0.00483	0.00302	0.00725	0.00725	0.00966	0.01571	0.03262	0.01812	0.82483	0.02537	0.00483	0.00483	0.00725	0.00302	0.00302
33	0.01200	0.25868	0.48307	0.01223	0.01831	0.01440	0.01450	0.10311	0.01189	0.01640	0.00870	0.00995	0.00659	0.00474	0.00432	0.00142	0.00656	0.00348	0.00244	0.00721
34	0.00607	0.00434	0.00578	0.00694	0.00723	0.00405	0.00463	0.00694	0.00954	0.01272	0.02747	0.82157	0.03297	0.01562	0.00636	0.00202	0.00289	0.01417	0.00463	0.00405
35	0.01003	0.09236	0.67925	0.01313	0.01983	0.01178	0.01660	0.01519	0.01063	0.01547	0.03285	0.01256	0.03867	0.00517	0.00468	0.00154	0.00686	0.00402	0.00230	0.00708
36	0.00595	0.00481	0.00529	0.00568	0.00690	0.00415	0.00407	0.00708	0.01076	0.01322	0.04284	0.30526	0.53936	0.01362	0.00605	0.00180	0.00265	0.01173	0.00463	0.00415
37	0.01034	0.00886	0.01034	0.00738	0.01181	0.00664	0.00591	0.01255	0.01034	0.01624	0.00886	0.01034	0.00738	0.00369	0.00369	0.00074	0.00369	0.00295	0.00295	0.85530
38	0.01014	0.00937	0.01553	0.22970	0.41550	0.00987	0.01246	0.01272	0.01063	0.01456	0.01402	0.17565	0.03464	0.00705	0.00526	0.00164	0.00541	0.00656	0.00289	0.00640
39	0.00607	0.00434	0.00578	0.00694	0.00723	0.00405	0.00463	0.00694	0.00954	0.01272	0.02747	0.82157	0.03297	0.01562	0.00636	0.00202	0.00289	0.01417	0.00463	0.00405
40	0.00966	0.00911	0.01540	0.74672	0.09852	0.01114	0.01397	0.01295	0.01008	0.01304	0.00890	0.01321	0.00675	0.00494	0.00498	0.00165	0.00658	0.00443	0.00224	0.00574
41	0.00591	0.00497	0.00513	0.00527	0.00679	0.00419	0.00388	0.00713	0.01115	0.01338	0.04785	0.13696	0.70443	0.01297	0.00595	0.00172	0.00257	0.01094	0.00463	0.00419
42	0.01284	0.27084	0.01853	0.34433	0.05787	0.19146	0.01129	0.01515	0.01101	0.01246	0.00802	0.01061	0.00657	0.00477	0.00431	0.00138	0.00672	0.00360	0.00228	0.00597
43	0.02197	0.00911	0.01196	0.00917	0.01304	0.00826	0.00757	0.11089	0.01532	0.70910	0.01878	0.01639	0.01189	0.00615	0.00501	0.00154	0.00438	0.00495	0.00603	0.00848
44	0.01398	0.01185	0.01628	0.01929	0.34972	0.02426	0.03432	0.21581	0.14027	0.04196	0.03980	0.01564	0.04243	0.00579	0.00506	0.00153	0.00531	0.00509	0.00384	0.00774
45	0.00712	0.00534	0.00801	0.00801	0.00890	0.00623	0.00623	0.00890	0.00801	0.01157	0.01335	0.01958	0.01246	0.03738	0.80507	0.00801	0.01335	0.00534	0.00267	0.00445
46	0.01862	0.02376	0.01413	0.01284	0.01541	0.80482	0.00963	0.01990	0.01413	0.01220	0.00770	0.00899	0.00642	0.00514	0.00449	0.00128	0.00899	0.00321	0.00257	0.00578
47	0.00607	0.00434	0.00578	0.00694	0.00723	0.00405	0.00463	0.00694	0.00954	0.01272	0.02747	0.82157	0.03297	0.01562	0.00636	0.00202	0.00289	0.01417	0.00463	0.00405
48	0.01287	0.01285	0.01971	0.02909	0.72764	0.07918	0.01482	0.01569	0.01159	0.01594	0.00923	0.01205	0.00777	0.00450	0.00490	0.00146	0.00618	0.00434	0.00248	0.00772
49	0.86003	0.00964	0.00733	0.00655	0.00964	0.01118	0.00540	0.01465	0.00848	0.02236	0.00694	0.00810	0.00540	0.00463	0.00308	0.00154	0.00386	0.00270	0.00308	0.00540
50	0.11475	0.02104	0.01344	0.01214	0.01455	0.64647	0.00925	0.01863	0.01292	0.01335	0.00752	0.00905	0.00631	0.00538	0.00534	0.00139	0.07690	0.00325	0.00259	0.00571
51	0.00628	0.00506	0.00559	0.00546	0.00697	0.00437	0.00409	0.00791	0.01228	0.01565	0.29834	0.04438	0.54250	0.01181	0.00589	0.00164	0.00247	0.01002	0.00492	0.00437
52	0.00607	0.00434	0.00578	0.00694	0.00723	0.00405	0.00463	0.00694	0.00954	0.01272	0.02747	0.82157	0.03297	0.01562	0.00636	0.00202	0.00289	0.01417	0.00463	0.00405
53	0.00613	0.00438	0.00583	0.00690	0.00724	0.00409	0.00463	0.00708	0.00980	0.01314	0.07084	0.77703	0.03377	0.01531	0.00633	0.00200	0.00286	0.01388	0.00468	0.00409
54	0.00607	0.00434	0.00578	0.00694	0.00723	0.00405	0.00463	0.00694	0.00954	0.01272	0.02747	0.82157	0.03297	0.01562	0.00636	0.00202	0.00289	0.01417	0.00463	0.00405
55	0.01034	0.00886	0.01034	0.00738	0.01181	0.00664	0.00591	0.01255	0.01034	0.01624	0.00886	0.01034	0.00738	0.00369	0.00369	0.00074	0.00369	0.00295	0.00295	0.85530
56	0.00618	0.00445	0.00586	0.00679	0.00723	0.00413	0.00460	0.00723	0.01014	0.01359	0.11623	0.70064	0.06471	0.01487	0.00629	0.00196	0.00282	0.01343	0.00473	0.00413
57	0.00676	0.00506	0.00627	0.00601	0.00728	0.00457	0.00449	0.00882	0.01335	0.01828	0.59907	0.06068	0.21923	0.01090	0.00589	0.00161	0.00241	0.00950	0.00527	0.00457
58	0.86003	0.00964	0.00733	0.00655	0.00964	0.01118	0.00540	0.01465	0.00848	0.02236	0.00694	0.00810	0.00540	0.00463	0.00308	0.00154	0.00386	0.00270	0.00308	0.00540
59	0.01744	0.24219	0.01754	0.01108	0.01457	0.33184	0.00917	0.22635	0.01558	0.05662	0.00926	0.00993	0.00727	0.00518	0.00430	0.00129	0.00678	0.00350	0.00329	0.00682
60	0.86003	0.00964	0.00733	0.00655	0.00964	0.01118	0.00540	0.01465	0.00848	0.02236	0.00694	0.00810	0.00540	0.00463	0.00308	0.00154	0.00386	0.00270	0.00308	0.00540
61	0.01415	0.70341	0.02426	0.00920	0.01320	0.14120	0.00870	0.01570	0.01075	0.01180	0.00705	0.00815	0.00640	0.00440	0.00340	0.00110	0.00590	0.00275	0.00220	0.00630
62	0.00705	0.00510	0.00666	0.00627	0.00745	0.00470	0.00470	0.00941	0.01411	0.01999	0.79110	0.03723	0.04703	0.01019	0.00588	0.00157	0.00235	0.00901	0.00549	0.00470
63	0.01647	0.01230	0.01297	0.12508	0.06221	0.16359	0.00932	0.02189	0.22607	0.27440	0.01539	0.01508	0.01092	0.00586	0.00492	0.00155	0.00552	0.00472	0.00439	0.00735
64	0.00751	0.00550	0.00735	0.00831	0.00947	0.00534	0.00704	0.00952	0.01129	0.01449	0.03046	0.11985	0.15500	0.01374	0.00668	0.00217	0.00410	0.57309	0.00460	0.00448
65	0.01719	0.00863	0.01079	0.00890	0.01191	0.00835	0.00709	0.13861	0.08533	0.42424	0.07191	0.15052	0.01774	0.00803	0.00530	0.00163	0.00406	0.00677	0.00558	0.00744
66	0.00615	0.00439	0.00587	0.00703	0.00735	0.00412	0.00476	0.00707	0.00962	0.01281	0.02743	0.79119	0.03280	0.01554	0.00638	0.00204	0.00296	0.04379	0.00463	0.00407
67	0.01234	0.01184	0.02023	0.03059	0.79373	0.01184	0.01530	0.01530	0.01135	0.01628	0.00938	0.01234	0.00790	0.00444	0.00493	0.00148	0.00592	0.00444	0.00247	0.00790
68	0.01622	0.30402	0.05760	0.01141	0.01477	0.47889	0.00971	0.01784	0.01245	0.01221	0.00748	0.00875	0.00641	0.00487	0.00424	0.00124	0.02039	0.00306	0.00239	0.00607
69	0.00686	0.00509	0.00640	0.00607	0.00733	0.00462	0.00455	0.00903	0.01366	0.01891	0.66885	0.03901	0.16996	0.01059	0.00588	0.00159	0.00238	0.00926	0.00535	0.00462
70	0.01197	0.01170	0.01866	0.05440	0.55158	0.02649	0.01402	0.01443	0.01039	0.01498	0.00860	0.01194	0.00748	0.00557	0.00787	0.00166	0.21433	0.00440	0.00239	0.00714
71	0.01304	0.01103	0.01163	0.01027	0.01321	0.01270	0.00805	0.10035	0.70982	0.02189	0.01947	0.01794	0.01455	0.00669	0.00506	0.00167	0.00410	0.00552	0.00506	0.00795
72	0.01661	0.01173	0.01224	0.01027	0.01355	0.07181	0.00817	0.16354	0.39055	0.21924	0.01764	0.01623	0.01258	0.00635	0.00500	0.00159	0.00469	0.00508	0.00514	0.00799
73	0.00692	0.00509	0.00648	0.00613	0.00736	0.00465	0.00460	0.00915	0.01379	0.01924	0.70591	0.03847	0.13269	0.01047	0.00588	0.00158	0.00237	0.00919	0.00539	0.00465
74	0.00808	0.00561	0.00766	0.00747	0.00855	0.00594	0.00563	0.03043	0.02664	0.04811	0.20505	0.11668	0.02357	0.07836	0.39324	0.00495	0.00809	0.00735	0.00387	0.00472
75	0.10990	0.01058	0.01082	0.00973	0.01258	0.01226	0.00760	0.02513	0.69543	0.02102	0.01875	0.01739	0.01409	0.00652	0.00484	0.00167	0.00393	0.00530	0.00484	0.00760
76	0.01168	0.01117	0.01905	0.20598	0.62347	0.01167	0.01497	0.01472	0.01104	0.01549	0.00926	0.01255	0.00761	0.00456	0.00495	0.00152	0.00608	0.00444	0.00241	0.00737
77	0.00635	0.00498	0.00518	0.00518	0.00630	0.00442	0.00353	0.00719	0.00998	0.01219	0.03885	0.04283	0.53282	0.28443	0.01241	0.00274	0.00330	0.00942	0.00409	0.00381
78	0.07538	0.01292	0.01417	0.01104	0.01462	0.01443	0.00913	0.59344	0.02027	0.09763	0.01186	0.01206	0.00845	0.00614	0.00582	0.00156	0.07395	0.00440	0.00473	0.00801
79	0.00634	0.00472	0.00591	0.00639	0.00724	0.00429	0.00453	0.00772	0.01122	0.01492	0.24310	0.42702	0.19872	0.01345	0.00614	0.00183	0.00269	0.02464	0.00486	0.00427
80	0.01093	0.01010	0.01637	0.50686	0.18319	0.01169	0.04366	0.07827	0.02343	0.01528	0.01010	0.01360	0.02072	0.00520	0.00536	0.00163	0.03010	0.00462	0.00260	0.00632
81	0.01459	0.03295	0.01524	0.01614	0.21966	0.35974	0.02229	0.01661	0.01229	0.01438	0.00847	0.01027	0.00708	0.00454	0.00440	0.00120	0.00672	0.00350	0.00263	0.22731
82	0.00908	0.03694	0.28227	0.01065	0.04418	0.00816	0.01025	0.05334	0.01097	0.03855	0.01980	0.37739	0.05796	0.01011	0.00551	0.00176	0.00480	0.00883	0.00366	0.00580
83	0.01094	0.00940	0.01061	0.00819	0.01215	0.00832	0.00648	0.01660	0.23559	0.01758	0.01218	0.01274	0.00966	0.00458	0.00409	0.00102	0.00377	0.00373	0.00357	0.60880

[dist]
# distance from previous block
# <min> <max>
0	3

[block]
# block no. 2 follows, 50 sequences, length 81
# corresponding to MSA columns:
# 645-725
name=unknown_C
#
# <colnr> <probs for GDERKNQSTAVLIFYWHMCP>
#	G	D	E	R	K	N	Q	S	T	A	V	L	I	F	Y	W	H	M	C	P
0	0.01114	0.26281	0.50259	0.01311	0.01936	0.01408	0.08138	0.01555	0.01051	0.01460	0.00845	0.01003	0.00645	0.00455	0.00438	0.00144	0.00685	0.00357	0.00215	0.00702
1	0.01095	0.25544	0.57769	0.01258	0.01906	0.01391	0.01559	0.01554	0.01041	0.01462	0.00837	0.00980	0.00634	0.00460	0.00430	0.00143	0.00678	0.00339	0.00211	0.00709
2	0.01284	0.00644	0.00813	0.00693	0.00934	0.00560	0.00547	0.01468	0.01331	0.33014	0.24839	0.03247	0.26720	0.00934	0.00553	0.00159	0.00317	0.00788	0.00549	0.00607
3	0.00589	0.00505	0.00505	0.00505	0.00673	0.00421	0.00379	0.00715	0.01136	0.01347	0.05049	0.04797	0.79171	0.01262	0.00589	0.00168	0.00252	0.01052	0.00463	0.00421
4	0.01044	0.01027	0.01328	0.08240	0.01390	0.07991	0.05537	0.01169	0.00857	0.01172	0.00960	0.01684	0.00971	0.21218	0.04529	0.00290	0.39343	0.00512	0.00247	0.00492
5	0.00589	0.00505	0.00505	0.00505	0.00673	0.00421	0.00379	0.00715	0.01136	0.01347	0.05049	0.04797	0.79171	0.01262	0.00589	0.00168	0.00252	0.01052	0.00463	0.00421
6	0.01250	0.62755	0.21911	0.00995	0.01499	0.01769	0.01100	0.01514	0.01023	0.01274	0.00743	0.00863	0.00638	0.00438	0.00358	0.00119	0.00584	0.00292	0.00213	0.00664
7	0.01037	0.08590	0.68778	0.01424	0.02121	0.01227	0.06930	0.01573	0.01058	0.01549	0.00887	0.01053	0.00641	0.00466	0.00470	0.00155	0.00728	0.00376	0.00214	0.00725
8	0.00803	0.00574	0.00803	0.00918	0.01033	0.00574	0.00803	0.01033	0.01147	0.01492	0.02639	0.05622	0.02869	0.01377	0.00688	0.00229	0.00459	0.76018	0.00459	0.00459
9	0.01232	0.01188	0.02042	0.03039	0.77762	0.01186	0.03126	0.01531	0.01136	0.01628	0.00939	0.01236	0.00789	0.00444	0.00495	0.00148	0.00597	0.00447	0.00247	0.00787
10	0.00705	0.00510	0.00666	0.00627	0.00745	0.00470	0.00470	0.00941	0.01411	0.01999	0.79110	0.03723	0.04703	0.01019	0.00588	0.00157	0.00235	0.00901	0.00549	0.00470
11	0.15633	0.01104	0.01265	0.10405	0.06882	0.02487	0.03236	0.10563	0.39028	0.02075	0.01452	0.01473	0.01094	0.00585	0.00472	0.00162	0.00476	0.00476	0.00410	0.00719
12	0.00725	0.00483	0.00544	0.00544	0.00544	0.00483	0.00302	0.00725	0.00725	0.00966	0.01571	0.03262	0.01812	0.82483	0.02537	0.00483	0.00483	0.00725	0.00302	0.00302
13	0.01146	0.12681	0.07230	0.01080	0.01325	0.11244	0.07158	0.10051	0.01186	0.01509	0.01521	0.29589	0.01610	0.00908	0.00644	0.00169	0.09282	0.00752	0.00343	0.00573
14	0.00705	0.00510	0.00666	0.00627	0.00745	0.00470	0.00470	0.00941	0.01411	0.01999	0.79110	0.03723	0.04703	0.01019	0.00588	0.00157	0.00235	0.00901	0.00549	0.00470
15	0.76197	0.01150	0.09865	0.00744	0.01102	0.01123	0.00690	0.01478	0.00872	0.02160	0.00717	0.00838	0.00550	0.00464	0.00328	0.00155	0.00426	0.00281	0.00297	0.00563
16	0.31140	0.01094	0.01154	0.01108	0.10216	0.07807	0.00792	0.06943	0.01252	0.32015	0.01253	0.01234	0.00865	0.00533	0.00429	0.00151	0.00479	0.00395	0.00428	0.00711
17	0.00803	0.00574	0.00803	0.00918	0.01033	0.00574	0.00803	0.01033	0.01147	0.01492	0.02639	0.05622	0.02869	0.01377	0.00688	0.00229	0.00459	0.76018	0.00459	0.00459
18	0.00959	0.00904	0.01527	0.76533	0.08046	0.01112	0.01393	0.01289	0.01005	0.01295	0.00889	0.01323	0.00672	0.00495	0.00498	0.00165	0.00660	0.00443	0.00223	0.00568
19	0.00614	0.00513	0.00539	0.00553	0.00715	0.00438	0.00428	0.00752	0.01137	0.01363	0.04771	0.04892	0.70369	0.01276	0.00601	0.00175	0.00276	0.09700	0.00462	0.00425
20	0.01091	0.01091	0.01527	0.01309	0.01309	0.01527	0.01091	0.01200	0.00763	0.01200	0.00654	0.01091	0.00654	0.00872	0.01636	0.00218	0.81570	0.00436	0.00218	0.00545
21	0.00621	0.00439	0.00574	0.00677	0.00702	0.00414	0.00444	0.00698	0.00928	0.01237	0.02612	0.73056	0.03125	0.10897	0.00855	0.00235	0.00312	0.01337	0.00444	0.00393
22	0.11141	0.37080	0.02060	0.01568	0.25828	0.04899	0.01043	0.08284	0.01167	0.01615	0.00818	0.00977	0.00694	0.00455	0.00394	0.00130	0.00551	0.00341	0.00262	0.00691
23	0.01815	0.09509	0.01519	0.01246	0.01518	0.73516	0.00953	0.01946	0.01377	0.01216	0.00764	0.00890	0.00642	0.00506	0.00438	0.00126	0.00866	0.00316	0.00253	0.00583
24	0.00607	0.00434	0.00578	0.00694	0.00723	0.00405	0.00463	0.00694	0.00954	0.01272	0.02747	0.82157	0.03297	0.01562	0.00636	0.00202	0.00289	0.01417	0.00463	0.00405
25	0.00725	0.00483	0.00544	0.00544	0.00544	0.00483	0.00302	0.00725	0.00725	0.00966	0.01571	0.03262	0.01812	0.82483	0.02537	0.00483	0.00483	0.00725	0.00302	0.00302
26	0.01666	0.02080	0.01850	0.01518	0.01846	0.57798	0.22897	0.01878	0.01345	0.01328	0.00839	0.01026	0.00675	0.00487	0.00489	0.00140	0.00882	0.00398	0.00255	0.00605
27	0.86003	0.00964	0.00733	0.00655	0.00964	0.01118	0.00540	0.01465	0.00848	0.02236	0.00694	0.00810	0.00540	0.00463	0.00308	0.00154	0.00386	0.00270	0.00308	0.00540
28	0.01862	0.02376	0.01413	0.01284	0.01541	0.80482	0.00963	0.01990	0.01413	0.01220	0.00770	0.00899	0.00642	0.00514	0.00449	0.00128	0.00899	0.00321	0.00257	0.00578
29	0.01130	0.14858	0.24399	0.10929	0.09443	0.01322	0.27881	0.01531	0.01090	0.01488	0.00904	0.01161	0.00695	0.00448	0.00493	0.00153	0.00718	0.00444	0.00230	0.00682
30	0.00681	0.00746	0.09725	0.00657	0.00871	0.00525	0.00582	0.00900	0.01231	0.01620	0.32611	0.03958	0.41915	0.01079	0.00575	0.00163	0.00302	0.00916	0.00466	0.00476
31	0.00607	0.00434	0.00578	0.00694	0.00723	0.00405	0.00463	0.00694	0.00954	0.01272	0.02747	0.82157	0.03297	0.01562	0.00636	0.00202	0.00289	0.01417	0.00463	0.00405
32	0.33267	0.00992	0.01062	0.00849	0.01208	0.01025	0.00700	0.15889	0.01380	0.36903	0.01353	0.01276	0.00905	0.00556	0.00429	0.00153	0.00433	0.00406	0.00481	0.00734
33	0.02215	0.00853	0.01156	0.00890	0.01273	0.00743	0.00734	0.02434	0.03069	0.78063	0.01968	0.01700	0.01240	0.00618	0.00501	0.00155	0.00424	0.00503	0.00615	0.00847
34	0.01895	0.01396	0.01496	0.01147	0.01546	0.01546	0.00947	0.77711	0.02344	0.03141	0.01197	0.01197	0.00848	0.00598	0.00499	0.00150	0.00548	0.00449	0.00499	0.00848
35	0.00621	0.00475	0.00539	0.00582	0.00668	0.00426	0.00396	0.00709	0.00993	0.01249	0.03556	0.33230	0.36809	0.16281	0.00964	0.00239	0.00308	0.01127	0.00433	0.00393
36	0.01775	0.02161	0.01431	0.01278	0.01514	0.65991	0.00977	0.07062	0.01401	0.01349	0.00786	0.00941	0.00657	0.00561	0.00590	0.00140	0.10181	0.00343	0.00269	0.00592
37	0.02620	0.00911	0.00969	0.00919	0.01109	0.07862	0.00719	0.17409	0.04873	0.08288	0.02090	0.30255	0.02157	0.01090	0.00579	0.00184	0.00451	0.16472	0.00464	0.00582
38	0.00725	0.00483	0.00544	0.00544	0.00544	0.00483	0.00302	0.00725	0.00725	0.00966	0.01571	0.03262	0.01812	0.82483	0.02537	0.00483	0.00483	0.00725	0.00302	0.00302
39	0.00607	0.00434	0.00578	0.00694	0.00723	0.00405	0.00463	0.00694	0.00954	0.01272	0.02747	0.82157	0.03297	0.01562	0.00636	0.00202	0.00289	0.01417	0.00463	0.00405
40	0.01862	0.02376	0.01413	0.01284	0.01541	0.80482	0.00963	0.01990	0.01413	0.01220	0.00770	0.00899	0.00642	0.00514	0.00449	0.00128	0.00899	0.00321	0.00257	0.00578
41	0.01173	0.01372	0.04638	0.02086	0.02595	0.01258	0.75893	0.01596	0.01174	0.01596	0.01006	0.01338	0.00754	0.00421	0.00586	0.00168	0.00838	0.00583	0.00251	0.00674
42	0.01862	0.02376	0.01413	0.01284	0.01541	0.80482	0.00963	0.01990	0.01413	0.01220	0.00770	0.00899	0.00642	0.00514	0.00449	0.00128	0.00899	0.00321	0.00257	0.00578
43	0.32041	0.00990	0.01068	0.00852	0.01213	0.01019	0.00703	0.15903	0.01389	0.38037	0.01371	0.01289	0.00916	0.00559	0.00432	0.00153	0.00433	0.00409	0.00485	0.00738
44	0.01665	0.01929	0.01572	0.01792	0.25001	0.52314	0.01116	0.01846	0.01325	0.04203	0.00936	0.01094	0.02020	0.00509	0.00467	0.00136	0.00778	0.00377	0.00270	0.00649
45	0.01008	0.04511	0.78037	0.01407	0.02136	0.01177	0.01818	0.01576	0.01051	0.01569	0.00890	0.01046	0.00632	0.00472	0.00470	0.00157	0.00732	0.00366	0.00211	0.00734
46	0.00677	0.00508	0.00627	0.00597	0.00727	0.00458	0.00448	0.00886	0.01344	0.01839	0.61018	0.03986	0.22895	0.01078	0.00588	0.00160	0.00239	0.00938	0.00528	0.00458
47	0.00592	0.00492	0.00518	0.00540	0.00682	0.00418	0.00394	0.00711	0.01103	0.01333	0.04627	0.18996	0.65244	0.01317	0.00598	0.00175	0.00259	0.01119	0.00463	0.00418
48	0.07755	0.01067	0.01179	0.00934	0.01300	0.10009	0.00760	0.07039	0.01444	0.60692	0.01695	0.01514	0.01095	0.00594	0.00482	0.00151	0.00484	0.00462	0.00547	0.00796
49	0.00952	0.02339	0.70741	0.01315	0.01986	0.01073	0.01673	0.01479	0.01062	0.01552	0.01374	0.01484	0.09692	0.00565	0.00487	0.00159	0.00681	0.00447	0.00240	0.00700
50	0.00607	0.00434	0.00578	0.00694	0.00723	0.00405	0.00463	0.00694	0.00954	0.01272	0.02747	0.82157	0.03297	0.01562	0.00636	0.00202	0.00289	0.01417	0.00463	0.00405
51	0.00991	0.00952	0.01655	0.66861	0.12137	0.01127	0.06596	0.01325	0.01025	0.01337	0.00900	0.01319	0.00685	0.00487	0.00504	0.00164	0.00668	0.00453	0.00226	0.00589
52	0.01328	0.01367	0.15695	0.01025	0.01506	0.01054	0.02416	0.25213	0.02928	0.03749	0.01031	0.01124	0.00778	0.00472	0.00438	0.00118	0.00503	0.00372	0.00353	0.38529
53	0.01437	0.73331	0.02444	0.00857	0.01279	0.01829	0.00839	0.01601	0.01061	0.10234	0.00840	0.00903	0.00708	0.00448	0.00341	0.00112	0.00520	0.00294	0.00260	0.00664
54	0.00607	0.00434	0.00578	0.00694	0.00723	0.00405	0.00463	0.00694	0.00954	0.01272	0.02747	0.82157	0.03297	0.01562	0.00636	0.00202	0.00289	0.01417	0.00463	0.00405
55	0.01020	0.02436	0.71022	0.01499	0.02209	0.01169	0.10577	0.01581	0.01067	0.01581	0.00908	0.01086	0.00646	0.00467	0.00487	0.00159	0.00749	0.00394	0.00215	0.00729
56	0.01001	0.00973	0.01129	0.03068	0.05808	0.11183	0.00841	0.02388	0.00985	0.01295	0.01554	0.29495	0.01711	0.01260	0.06870	0.00238	0.25720	0.03643	0.00327	0.00510
57	0.76197	0.01150	0.09865	0.00744	0.01102	0.01123	0.00690	0.01478	0.00872	0.02160	0.00717	0.00838	0.00550	0.00464	0.00328	0.00155	0.00426	0.00281	0.00297	0.00563
58	0.00607	0.00434	0.00578	0.00694	0.00723	0.00405	0.00463	0.00694	0.00954	0.01272	0.02747	0.82157	0.03297	0.01562	0.00636	0.00202	0.00289	0.01417	0.00463	0.00405
59	0.07948	0.00856	0.01128	0.00871	0.01251	0.00759	0.00719	0.02363	0.01387	0.74435	0.01880	0.01636	0.01187	0.00606	0.00488	0.00154	0.00422	0.00485	0.00596	0.00827
60	0.01304	0.64768	0.04057	0.01062	0.06052	0.03748	0.00945	0.01475	0.01002	0.01213	0.00709	0.00867	0.00650	0.00482	0.00489	0.00124	0.09898	0.00300	0.00217	0.00638
61	0.00589	0.00505	0.00505	0.00505	0.00673	0.00421	0.00379	0.00715	0.01136	0.01347	0.05049	0.04797	0.79171	0.01262	0.00589	0.00168	0.00252	0.01052	0.00463	0.00421
62	0.00725	0.00483	0.00544	0.00544	0.00544	0.00483	0.00302	0.00725	0.00725	0.00966	0.01571	0.03262	0.01812	0.82483	0.02537	0.00483	0.00483	0.00725	0.00302	0.00302
63	0.01059	0.00980	0.01195	0.01056	0.01192	0.01223	0.00851	0.01663	0.30252	0.01561	0.01949	0.02034	0.14810	0.00867	0.01024	0.00191	0.36514	0.00593	0.00371	0.00616
64	0.71094	0.01036	0.00914	0.00963	0.10037	0.03558	0.00674	0.01524	0.03238	0.02131	0.00765	0.00893	0.00601	0.00469	0.00340	0.00153	0.00425	0.00300	0.00306	0.00577
65	0.00604	0.00447	0.00565	0.00659	0.00714	0.00408	0.00447	0.00698	0.00988	0.01286	0.03170	0.67958	0.17223	0.01507	0.00628	0.00196	0.00282	0.01350	0.00463	0.00408
66	0.00866	0.00433	0.00649	0.00649	0.00649	0.00433	0.00433	0.00649	0.00649	0.00866	0.00866	0.01515	0.00866	0.01732	0.01948	0.85498	0.00433	0.00433	0.00216	0.00216
67	0.01862	0.02376	0.01413	0.01284	0.01541	0.80482	0.00963	0.01990	0.01413	0.01220	0.00770	0.00899	0.00642	0.00514	0.00449	0.00128	0.00899	0.00321	0.00257	0.00578
68	0.01622	0.02224	0.23904	0.01294	0.01718	0.40900	0.01211	0.18053	0.01508	0.01733	0.00897	0.01006	0.00683	0.00520	0.00467	0.00141	0.00778	0.00362	0.00295	0.00681
69	0.00677	0.00488	0.00641	0.00646	0.00738	0.00452	0.00468	0.00870	0.01280	0.01791	0.57245	0.26182	0.04300	0.01174	0.00602	0.00170	0.00251	0.01049	0.00524	0.00452
70	0.00724	0.00487	0.00561	0.00561	0.00567	0.00493	0.00324	0.00736	0.00730	0.00979	0.01554	0.03173	0.01774	0.77113	0.07854	0.00505	0.00541	0.00712	0.00300	0.00312
71	0.01879	0.01856	0.01457	0.01211	0.01543	0.38637	0.00955	0.42131	0.01906	0.02238	0.00996	0.01057	0.00751	0.00559	0.00476	0.00140	0.00713	0.00389	0.00385	0.00721
72	0.01216	0.01166	0.01991	0.07811	0.74760	0.01180	0.01521	0.01514	0.01127	0.01607	0.00934	0.01239	0.00782	0.00447	0.00494	0.00149	0.00597	0.00444	0.00245	0.00775
73	0.00721	0.00516	0.00686	0.00781	0.00859	0.00502	0.00615	0.00873	0.01038	0.01354	0.02692	0.29061	0.07401	0.10784	0.00880	0.00247	0.00397	0.39732	0.00442	0.00422
74	0.01034	0.00886	0.01034	0.00738	0.01181	0.00664	0.00591	0.01255	0.01034	0.01624	0.00886	0.01034	0.00738	0.00369	0.00369	0.00074	0.00369	0.00295	0.00295	0.85530
75	0.00821	0.00687	0.00743	0.00757	0.00901	0.02586	0.00551	0.01311	0.24022	0.01531	0.03049	0.37463	0.21241	0.01200	0.00582	0.00182	0.00326	0.01048	0.00471	0.00527
76	0.01240	0.06748	0.02063	0.02909	0.74048	0.01238	0.01484	0.01527	0.01127	0.01597	0.00921	0.01204	0.00779	0.00443	0.00482	0.00145	0.00588	0.00432	0.00244	0.00779
77	0.00621	0.00439	0.00574	0.00677	0.00702	0.00414	0.00444	0.00698	0.00928	0.01237	0.02612	0.73056	0.03125	0.10897	0.00855	0.00235	0.00312	0.01337	0.00444	0.00393
78	0.00866	0.00433	0.00649	0.00649	0.00649	0.00433	0.00433	0.00649	0.00649	0.00866	0.00866	0.01515	0.00866	0.01732	0.01948	0.85498	0.00433	0.00433	0.00216	0.00216
79	0.00611	0.00453	0.00573	0.00667	0.00725	0.00414	0.00460	0.00711	0.00996	0.01295	0.03182	0.64490	0.17740	0.01498	0.00629	0.00197	0.00289	0.04198	0.00463	0.00410
80	0.01129	0.00803	0.00838	0.00770	0.00950	0.09769	0.00582	0.04055	0.01329	0.15851	0.30547	0.18830	0.10535	0.01006	0.00563	0.00163	0.00370	0.00864	0.00500	0.00547

[dist]
# distance from previous block
# <min> <max>
0	0

# created by:
# /st0/software/busco_prod/Augustus/scripts/msa2prfl.pl ./align_prep/47597.fa
