[name]
unknown

[dist]
# distance from previous block
# <min> <max>
9	15

[block]
# block no. 0 follows, 54 sequences, length 7
# corresponding to MSA columns:
# 15-21
name=unknown_A
#
# <colnr> <probs for GDERKNQSTAVLIFYWHMCP>
#	G	D	E	R	K	N	Q	S	T	A	V	L	I	F	Y	W	H	M	C	P
0	0.00954	0.00903	0.01528	0.64134	0.20915	0.01064	0.01341	0.01260	0.00973	0.01281	0.00849	0.01236	0.00656	0.00460	0.00470	0.00153	0.00613	0.00419	0.00215	0.00575
1	0.01250	0.01171	0.01431	0.01201	0.01302	0.06282	0.00993	0.18971	0.01101	0.01556	0.00743	0.01044	0.00660	0.00745	0.01234	0.00186	0.58867	0.00409	0.00269	0.00583
2	0.01303	0.01378	0.01782	0.02510	0.62411	0.19514	0.01324	0.01547	0.01134	0.01452	0.00851	0.01095	0.00715	0.00435	0.00457	0.00136	0.00627	0.00393	0.00236	0.00701
3	0.14122	0.01261	0.01310	0.01017	0.01382	0.01404	0.00840	0.67666	0.02012	0.02847	0.01063	0.01079	0.00760	0.00547	0.00446	0.00142	0.00496	0.00400	0.00446	0.00760
4	0.25235	0.01073	0.01153	0.00962	0.01211	0.01272	0.00789	0.24635	0.13728	0.04941	0.01033	0.01123	0.00793	0.00602	0.00669	0.00161	0.19216	0.00394	0.00366	0.00646
5	0.01396	0.45539	0.01986	0.00958	0.01294	0.01676	0.00868	0.25995	0.01324	0.01705	0.00802	0.00916	0.00670	0.00516	0.00537	0.00129	0.12417	0.00330	0.00288	0.00655
6	0.00967	0.12899	0.01200	0.00874	0.01078	0.12108	0.08506	0.01111	0.01048	0.04314	0.02350	0.24725	0.22010	0.00941	0.00548	0.00156	0.03524	0.00800	0.00353	0.00489

[dist]
# distance from previous block
# <min> <max>
8	53

[block]
# block no. 1 follows, 54 sequences, length 10
# corresponding to MSA columns:
# 76-85
name=unknown_B
#
# <colnr> <probs for GDERKNQSTAVLIFYWHMCP>
#	G	D	E	R	K	N	Q	S	T	A	V	L	I	F	Y	W	H	M	C	P
0	0.41681	0.33392	0.01463	0.00752	0.01080	0.01408	0.00672	0.04140	0.06541	0.01711	0.00762	0.00854	0.00627	0.00455	0.00353	0.00131	0.02846	0.00284	0.00274	0.00575
1	0.52780	0.16420	0.03924	0.00692	0.01004	0.01119	0.00614	0.01397	0.00932	0.06835	0.09576	0.01131	0.01010	0.00499	0.00340	0.00138	0.00389	0.00338	0.00315	0.00546
2	0.01164	0.01242	0.02662	0.01970	0.05746	0.01165	0.71626	0.01546	0.01123	0.05407	0.00996	0.01284	0.00739	0.00408	0.00549	0.00158	0.00766	0.00547	0.00255	0.00649
3	0.02011	0.00826	0.01091	0.00852	0.01206	0.00746	0.00699	0.02321	0.10043	0.72060	0.01867	0.01622	0.01197	0.00590	0.00475	0.00147	0.00398	0.00481	0.00572	0.00796
4	0.00686	0.00457	0.00514	0.00514	0.00514	0.00457	0.00286	0.00686	0.00686	0.00914	0.01486	0.03086	0.01714	0.83430	0.02400	0.00457	0.00457	0.00686	0.00286	0.00286
5	0.01063	0.00816	0.00918	0.00792	0.01010	0.00864	0.00621	0.21862	0.18106	0.02145	0.36709	0.02598	0.08912	0.00808	0.00518	0.00150	0.00334	0.00683	0.00492	0.00599
6	0.00686	0.00457	0.00514	0.00514	0.00514	0.00457	0.00286	0.00686	0.00686	0.00914	0.01486	0.03086	0.01714	0.83430	0.02400	0.00457	0.00457	0.00686	0.00286	0.00286
7	0.01269	0.75486	0.06496	0.00855	0.01265	0.05739	0.00861	0.01439	0.00979	0.01131	0.00669	0.00773	0.00605	0.00410	0.00316	0.00104	0.00531	0.00260	0.00204	0.00607
8	0.01115	0.01067	0.01820	0.17766	0.66022	0.01107	0.01421	0.01402	0.01049	0.01478	0.00878	0.01184	0.00725	0.00430	0.00468	0.00143	0.00573	0.00420	0.00229	0.00705
9	0.01176	0.10329	0.01898	0.13178	0.54028	0.06259	0.03625	0.01440	0.01061	0.01422	0.00847	0.01117	0.00706	0.00429	0.00449	0.00137	0.00588	0.00398	0.00227	0.00685

[dist]
# distance from previous block
# <min> <max>
9	20

[block]
# block no. 2 follows, 54 sequences, length 10
# corresponding to MSA columns:
# 112-121
name=unknown_C
#
# <colnr> <probs for GDERKNQSTAVLIFYWHMCP>
#	G	D	E	R	K	N	Q	S	T	A	V	L	I	F	Y	W	H	M	C	P
0	0.01321	0.52143	0.17151	0.00951	0.01404	0.01602	0.00992	0.12793	0.01168	0.05403	0.00821	0.00899	0.00660	0.00445	0.00363	0.00118	0.00538	0.00307	0.00260	0.00661
1	0.01103	0.37433	0.21566	0.01002	0.01467	0.01352	0.05330	0.01377	0.00970	0.01320	0.00757	0.00904	0.00630	0.00421	0.00419	0.00114	0.04238	0.00306	0.00220	0.19071
2	0.01010	0.05447	0.08970	0.00806	0.01178	0.00809	0.00714	0.08751	0.01053	0.01554	0.00952	0.01212	0.00813	0.04734	0.12673	0.00208	0.00551	0.00352	0.00282	0.47931
3	0.10895	0.00592	0.00761	0.00739	0.00862	0.00664	0.00572	0.04574	0.00865	0.03915	0.01348	0.07136	0.01297	0.08501	0.51941	0.00561	0.00945	0.03084	0.00299	0.00450
4	0.00674	0.00502	0.00740	0.00740	0.00818	0.00580	0.00568	0.00831	0.00753	0.01082	0.01279	0.01941	0.01217	0.09265	0.75885	0.00736	0.01205	0.00518	0.00255	0.00411
5	0.01435	0.01108	0.01188	0.00996	0.01306	0.01248	0.00795	0.28796	0.48948	0.06385	0.01645	0.01535	0.01206	0.00611	0.00477	0.00153	0.00425	0.00493	0.00482	0.00768
6	0.20691	0.01001	0.01508	0.22430	0.42761	0.01088	0.01198	0.01372	0.00978	0.01587	0.00822	0.01098	0.00663	0.00437	0.00428	0.00146	0.00533	0.00382	0.00241	0.00636
7	0.01515	0.01000	0.01134	0.00902	0.01237	0.01025	0.00729	0.28425	0.17971	0.19538	0.05155	0.01611	0.04838	0.00603	0.00465	0.00138	0.00413	0.00484	0.00472	0.12343
8	0.34030	0.00740	0.00706	0.00651	0.00849	0.04166	0.00505	0.01198	0.01081	0.07643	0.30587	0.10013	0.04611	0.00769	0.00447	0.00151	0.00323	0.00623	0.00414	0.00493
9	0.15759	0.00881	0.01033	0.04389	0.06312	0.00849	0.00692	0.01651	0.14423	0.15783	0.03641	0.01289	0.00993	0.00484	0.00403	0.00122	0.00387	0.00386	0.00371	0.30150

[dist]
# distance from previous block
# <min> <max>
9	30

[block]
# block no. 3 follows, 54 sequences, length 9
# corresponding to MSA columns:
# 152-160
name=unknown_D
#
# <colnr> <probs for GDERKNQSTAVLIFYWHMCP>
#	G	D	E	R	K	N	Q	S	T	A	V	L	I	F	Y	W	H	M	C	P
0	0.01288	0.08059	0.05866	0.03045	0.15240	0.01188	0.13743	0.16777	0.06622	0.06516	0.01119	0.01250	0.02569	0.00504	0.00520	0.00140	0.05162	0.00434	0.00322	0.09636
1	0.13524	0.00910	0.01255	0.53670	0.02500	0.04826	0.01077	0.01437	0.01006	0.14012	0.00969	0.01222	0.00696	0.00485	0.00444	0.00152	0.00565	0.00399	0.00283	0.00567
2	0.01389	0.11611	0.32287	0.01092	0.01582	0.01195	0.01159	0.16890	0.10141	0.16312	0.01185	0.01191	0.00837	0.00512	0.00443	0.00142	0.00548	0.00395	0.00355	0.00731
3	0.01345	0.01381	0.01480	0.04115	0.06633	0.22672	0.09624	0.17619	0.01313	0.01611	0.01286	0.01442	0.09637	0.00635	0.00693	0.00153	0.16990	0.00468	0.00303	0.00599
4	0.01392	0.01015	0.01115	0.00951	0.01236	0.01122	0.00752	0.23535	0.41569	0.11044	0.01761	0.09572	0.01397	0.00695	0.00489	0.00156	0.00407	0.00576	0.00485	0.00732
5	0.01054	0.00804	0.00913	0.00833	0.01047	0.00845	0.00679	0.23404	0.11603	0.01940	0.09468	0.05807	0.17599	0.00959	0.00549	0.00170	0.00388	0.20908	0.00459	0.00572
6	0.01350	0.06808	0.06451	0.00992	0.01299	0.01112	0.00882	0.34912	0.05962	0.06399	0.01604	0.02508	0.01447	0.00790	0.00517	0.00165	0.00488	0.25225	0.00430	0.00660
7	0.01031	0.24108	0.42348	0.01308	0.10514	0.01243	0.01335	0.01407	0.01017	0.01412	0.05181	0.01309	0.00933	0.00505	0.00427	0.00139	0.00590	0.04311	0.00233	0.00650
8	0.21722	0.12532	0.02913	0.00981	0.01265	0.20688	0.04415	0.06268	0.11370	0.03064	0.01006	0.05301	0.00851	0.00556	0.00467	0.00142	0.05164	0.00399	0.00307	0.00589

[dist]
# distance from previous block
# <min> <max>
2	40

[block]
# block no. 4 follows, 54 sequences, length 124
# corresponding to MSA columns:
# 201-324
name=unknown_E
#
# <colnr> <probs for GDERKNQSTAVLIFYWHMCP>
#	G	D	E	R	K	N	Q	S	T	A	V	L	I	F	Y	W	H	M	C	P
0	0.01104	0.23161	0.29047	0.01304	0.01800	0.03835	0.21119	0.03081	0.04235	0.01425	0.01032	0.02408	0.03449	0.00476	0.00445	0.00140	0.00638	0.00422	0.00240	0.00642
1	0.03590	0.23672	0.34672	0.01247	0.08705	0.01241	0.04966	0.03500	0.01038	0.02748	0.01147	0.01259	0.07202	0.00495	0.00419	0.00134	0.00572	0.00392	0.00243	0.02758
2	0.03579	0.24639	0.24836	0.01102	0.04655	0.03374	0.05783	0.02936	0.04463	0.02711	0.01321	0.06962	0.06540	0.02169	0.00473	0.00147	0.00541	0.02888	0.00274	0.00607
3	0.04450	0.24973	0.42627	0.01099	0.01610	0.06699	0.01259	0.03174	0.01021	0.01399	0.00915	0.07062	0.00790	0.00517	0.00412	0.00137	0.00604	0.00391	0.00230	0.00633
4	0.09122	0.03722	0.05554	0.00858	0.05507	0.00745	0.02211	0.05494	0.01083	0.05385	0.05840	0.12180	0.16021	0.00724	0.00453	0.00132	0.00372	0.00607	0.00357	0.23632
5	0.01015	0.03735	0.07421	0.28481	0.14023	0.03241	0.21920	0.01336	0.01037	0.01381	0.02590	0.01509	0.02765	0.00511	0.00514	0.00154	0.02027	0.04082	0.00244	0.02016
6	0.01402	0.01303	0.01701	0.02124	0.45863	0.10675	0.02721	0.22720	0.01416	0.01886	0.00935	0.01117	0.00744	0.00465	0.00462	0.00137	0.00582	0.00406	0.00301	0.03039
7	0.01260	0.01122	0.05535	0.01007	0.03434	0.01130	0.00814	0.21296	0.39556	0.02093	0.01628	0.01573	0.04902	0.00593	0.00462	0.00142	0.00423	0.00481	0.00427	0.12121
8	0.08148	0.00872	0.01049	0.00853	0.01176	0.00865	0.00688	0.04131	0.22789	0.49224	0.01758	0.01613	0.01198	0.02817	0.00514	0.00158	0.00395	0.00478	0.00522	0.00751
9	0.00578	0.00415	0.00549	0.00649	0.00683	0.00386	0.00436	0.00666	0.00924	0.01232	0.05706	0.77881	0.05248	0.01449	0.00599	0.00189	0.00271	0.01312	0.00441	0.00386
10	0.00978	0.00838	0.00978	0.00698	0.01117	0.00629	0.00559	0.01187	0.00978	0.01536	0.00838	0.00978	0.00698	0.00349	0.00349	0.00070	0.00349	0.00279	0.00279	0.86312
11	0.01173	0.01013	0.01066	0.00960	0.01226	0.01173	0.00746	0.02505	0.79636	0.01972	0.01919	0.01759	0.01439	0.00640	0.00480	0.00160	0.00373	0.00533	0.00480	0.00746
12	0.00667	0.00482	0.00630	0.00593	0.00704	0.00445	0.00445	0.00890	0.01335	0.01891	0.80239	0.03522	0.04449	0.00964	0.00556	0.00148	0.00222	0.00853	0.00519	0.00445
13	0.00626	0.00432	0.00532	0.00591	0.00606	0.00417	0.00368	0.00670	0.00803	0.01070	0.02085	0.46186	0.02470	0.39297	0.01432	0.00314	0.00358	0.01038	0.00368	0.00338
14	0.01018	0.00968	0.01645	0.45654	0.38893	0.01081	0.01373	0.01317	0.01003	0.01360	0.00861	0.01215	0.00683	0.00448	0.00469	0.00149	0.00597	0.00420	0.00221	0.00627
15	0.00819	0.00410	0.00614	0.00614	0.00614	0.00410	0.00410	0.00614	0.00614	0.00819	0.00819	0.01433	0.00819	0.01638	0.01843	0.86282	0.00410	0.00410	0.00205	0.00205
16	0.01238	0.77849	0.08136	0.00846	0.01270	0.01810	0.00874	0.01418	0.00961	0.01137	0.00669	0.00774	0.00605	0.00407	0.00313	0.00104	0.00518	0.00259	0.00202	0.00612
17	0.79271	0.00876	0.00699	0.00632	0.00906	0.01017	0.00517	0.01339	0.00799	0.02027	0.00709	0.00860	0.00569	0.00707	0.07362	0.00199	0.00443	0.00277	0.00288	0.00503
18	0.86760	0.00912	0.00693	0.00620	0.00912	0.01058	0.00511	0.01386	0.00802	0.02115	0.00657	0.00766	0.00511	0.00438	0.00292	0.00146	0.00365	0.00255	0.00292	0.00511
19	0.86760	0.00912	0.00693	0.00620	0.00912	0.01058	0.00511	0.01386	0.00802	0.02115	0.00657	0.00766	0.00511	0.00438	0.00292	0.00146	0.00365	0.00255	0.00292	0.00511
20	0.01151	0.01110	0.01891	0.05124	0.72707	0.01136	0.02835	0.01425	0.01052	0.01509	0.00873	0.01165	0.00736	0.00442	0.00524	0.00144	0.04794	0.00422	0.00231	0.00726
21	0.01455	0.01823	0.04100	0.01542	0.01891	0.44365	0.33505	0.01703	0.01223	0.01312	0.00824	0.01034	0.00652	0.00454	0.00500	0.00139	0.02237	0.00412	0.00239	0.00588
22	0.00667	0.00482	0.00630	0.00593	0.00704	0.00445	0.00445	0.00890	0.01335	0.01891	0.80239	0.03522	0.04449	0.00964	0.00556	0.00148	0.00222	0.00853	0.00519	0.00445
23	0.00857	0.00669	0.00812	0.00800	0.00932	0.00744	0.00618	0.01383	0.26547	0.01413	0.01782	0.02797	0.01694	0.17638	0.22555	0.00390	0.00640	0.16854	0.00372	0.00504
24	0.00557	0.00478	0.00478	0.00478	0.00637	0.00398	0.00358	0.00677	0.01075	0.01274	0.04776	0.04538	0.80297	0.01194	0.00557	0.00159	0.00239	0.00995	0.00438	0.00398
25	0.01745	0.01275	0.01365	0.01052	0.01415	0.01409	0.00867	0.74904	0.02154	0.02909	0.01153	0.01164	0.00823	0.00565	0.00464	0.00140	0.00503	0.00425	0.04883	0.00783
26	0.86760	0.00912	0.00693	0.00620	0.00912	0.01058	0.00511	0.01386	0.00802	0.02115	0.00657	0.00766	0.00511	0.00438	0.00292	0.00146	0.00365	0.00255	0.00292	0.00511
27	0.01173	0.01013	0.01066	0.00960	0.01226	0.01173	0.00746	0.02505	0.79636	0.01972	0.01919	0.01759	0.01439	0.00640	0.00480	0.00160	0.00373	0.00533	0.00480	0.00746
28	0.00686	0.00457	0.00514	0.00514	0.00514	0.00457	0.00286	0.00686	0.00686	0.00914	0.01486	0.03086	0.01714	0.83430	0.02400	0.00457	0.00457	0.00686	0.00286	0.00286
29	0.01707	0.01278	0.01367	0.01068	0.01430	0.01422	0.00876	0.68418	0.12854	0.02834	0.01240	0.01218	0.00889	0.00576	0.00473	0.00144	0.00499	0.00439	0.00473	0.00794
30	0.01306	0.16689	0.08098	0.01801	0.25468	0.21422	0.15737	0.01565	0.01120	0.01355	0.00814	0.01019	0.00669	0.00431	0.00442	0.00132	0.00677	0.00380	0.00228	0.00646
31	0.00819	0.00410	0.00614	0.00614	0.00614	0.00410	0.00410	0.00614	0.00614	0.00819	0.00819	0.01433	0.00819	0.01638	0.01843	0.86282	0.00410	0.00410	0.00205	0.00205
32	0.01154	0.01114	0.01920	0.06020	0.75130	0.01120	0.03713	0.01439	0.01070	0.01526	0.00887	0.01174	0.00741	0.00421	0.00470	0.00141	0.00570	0.00424	0.00233	0.00735
33	0.01228	0.00798	0.00968	0.00741	0.01093	0.00668	0.00593	0.01532	0.08037	0.20743	0.11683	0.01534	0.01373	0.00513	0.00418	0.00106	0.00347	0.00425	0.00402	0.46799
34	0.00571	0.00453	0.00515	0.00559	0.00664	0.00396	0.00400	0.00681	0.01015	0.01267	0.06093	0.35407	0.46238	0.01301	0.00577	0.00173	0.00256	0.02602	0.00440	0.00394
35	0.01062	0.00892	0.01039	0.00783	0.01172	0.00767	0.01884	0.03680	0.16080	0.03193	0.01075	0.01149	0.00853	0.00416	0.00383	0.00092	0.00367	0.00340	0.00328	0.64444
36	0.00760	0.00543	0.00760	0.00868	0.00977	0.00543	0.00760	0.00977	0.01085	0.01411	0.02496	0.05319	0.02714	0.01303	0.00651	0.00217	0.00434	0.77315	0.00434	0.00434
37	0.00776	0.00506	0.00665	0.00612	0.00742	0.00463	0.00463	0.00995	0.01336	0.07800	0.74371	0.03378	0.04203	0.00935	0.00550	0.00148	0.00236	0.00824	0.00524	0.00472
38	0.01010	0.00960	0.01630	0.47986	0.36624	0.01079	0.01369	0.01309	0.00999	0.01350	0.00859	0.01218	0.00680	0.00449	0.00469	0.00150	0.00599	0.00419	0.00220	0.00620
39	0.01792	0.01321	0.01415	0.01085	0.01462	0.01462	0.00896	0.78916	0.02217	0.02972	0.01132	0.01132	0.00802	0.00566	0.00472	0.00142	0.00519	0.00425	0.00472	0.00802
40	0.01032	0.01032	0.01444	0.01238	0.01238	0.01444	0.01032	0.01135	0.00722	0.01135	0.00619	0.01032	0.00619	0.00825	0.01547	0.00206	0.82567	0.00413	0.00206	0.00516
41	0.61044	0.00942	0.01042	0.00841	0.01170	0.01015	0.11109	0.01555	0.00936	0.15192	0.00898	0.00975	0.00648	0.00457	0.00358	0.00148	0.00429	0.00333	0.00333	0.00576
42	0.01530	0.39842	0.01860	0.01026	0.01343	0.44770	0.00863	0.01665	0.01162	0.01133	0.00695	0.00807	0.00606	0.00448	0.00369	0.00112	0.00691	0.00280	0.00224	0.00574
43	0.00686	0.00457	0.00514	0.00514	0.00514	0.00457	0.00286	0.00686	0.00686	0.00914	0.01486	0.03086	0.01714	0.83430	0.02400	0.00457	0.00457	0.00686	0.00286	0.00286
44	0.00667	0.00482	0.00630	0.00593	0.00704	0.00445	0.00445	0.00890	0.01335	0.01891	0.80239	0.03522	0.04449	0.00964	0.00556	0.00148	0.00222	0.00853	0.00519	0.00445
45	0.01243	0.00997	0.01068	0.00951	0.01224	0.01137	0.00742	0.02490	0.73775	0.07876	0.01915	0.01748	0.01419	0.00635	0.00479	0.00159	0.00375	0.00529	0.00488	0.00751
46	0.00557	0.00478	0.00478	0.00478	0.00637	0.00398	0.00358	0.00677	0.01075	0.01274	0.04776	0.04538	0.80297	0.01194	0.00557	0.00159	0.00239	0.00995	0.00438	0.00398
47	0.00567	0.00478	0.00491	0.00488	0.00643	0.00402	0.00366	0.00696	0.01098	0.01330	0.11606	0.04446	0.73432	0.01173	0.00557	0.00158	0.00237	0.00982	0.00445	0.00402
48	0.01382	0.63934	0.02195	0.00906	0.01270	0.21209	0.00832	0.01526	0.01050	0.01120	0.00673	0.00779	0.00606	0.00423	0.00332	0.00106	0.00588	0.00265	0.00212	0.00591
49	0.00570	0.00427	0.00530	0.00613	0.00672	0.00387	0.00418	0.00661	0.00944	0.01221	0.03127	0.64042	0.21857	0.01408	0.00591	0.00184	0.00265	0.01257	0.00438	0.00387
50	0.00999	0.00837	0.00980	0.00701	0.01119	0.00630	0.00561	0.01208	0.00985	0.03041	0.00857	0.00990	0.00707	0.00354	0.00352	0.00071	0.00350	0.00283	0.00285	0.84689
51	0.00946	0.02439	0.80987	0.01344	0.02041	0.01095	0.01742	0.01493	0.00995	0.01493	0.00846	0.00995	0.00597	0.00448	0.00448	0.00149	0.00697	0.00348	0.00199	0.00697
52	0.86760	0.00912	0.00693	0.00620	0.00912	0.01058	0.00511	0.01386	0.00802	0.02115	0.00657	0.00766	0.00511	0.00438	0.00292	0.00146	0.00365	0.00255	0.00292	0.00511
53	0.01222	0.73828	0.12020	0.00872	0.01311	0.01772	0.00921	0.01422	0.00963	0.01156	0.00679	0.00785	0.00604	0.00409	0.00320	0.00107	0.00528	0.00264	0.00201	0.00616
54	0.01032	0.01032	0.01444	0.01238	0.01238	0.01444	0.01032	0.01135	0.00722	0.01135	0.00619	0.01032	0.00619	0.00825	0.01547	0.00206	0.82567	0.00413	0.00206	0.00516
55	0.01103	0.01302	0.05555	0.01925	0.02386	0.01202	0.71969	0.01490	0.01088	0.01490	0.00933	0.01249	0.00706	0.00421	0.00604	0.00161	0.05007	0.00541	0.00235	0.00632
56	0.00675	0.00500	0.00733	0.00733	0.00809	0.00576	0.00558	0.00826	0.00750	0.01076	0.01286	0.01978	0.01233	0.11691	0.73481	0.00727	0.01181	0.00524	0.00256	0.00407
57	0.01167	0.01120	0.01914	0.02894	0.80488	0.01120	0.01447	0.01447	0.01074	0.01540	0.00887	0.01167	0.00747	0.00420	0.00467	0.00140	0.00560	0.00420	0.00233	0.00747
58	0.00683	0.00456	0.00515	0.00517	0.00518	0.00456	0.00289	0.00685	0.00690	0.00920	0.01509	0.04750	0.01743	0.81725	0.02362	0.00452	0.00453	0.00699	0.00289	0.00288
59	0.00771	0.00439	0.00503	0.00532	0.00614	0.00440	0.00384	0.00942	0.00935	0.01520	0.01798	0.23945	0.01738	0.03144	0.08619	0.00206	0.00345	0.00697	0.52011	0.00418
60	0.00667	0.00482	0.00630	0.00593	0.00704	0.00445	0.00445	0.00890	0.01335	0.01891	0.80239	0.03522	0.04449	0.00964	0.00556	0.00148	0.00222	0.00853	0.00519	0.00445
61	0.01261	0.83713	0.02471	0.00807	0.01210	0.01866	0.00807	0.01412	0.00958	0.01109	0.00656	0.00756	0.00605	0.00403	0.00303	0.00101	0.00504	0.00252	0.00202	0.00605
62	0.86760	0.00912	0.00693	0.00620	0.00912	0.01058	0.00511	0.01386	0.00802	0.02115	0.00657	0.00766	0.00511	0.00438	0.00292	0.00146	0.00365	0.00255	0.00292	0.00511
63	0.00953	0.04403	0.79089	0.01331	0.02021	0.01114	0.01719	0.01491	0.00995	0.01484	0.00842	0.00990	0.00597	0.00447	0.00444	0.00148	0.00692	0.00346	0.00199	0.00695
64	0.00819	0.00410	0.00614	0.00614	0.00614	0.00410	0.00410	0.00614	0.00614	0.00819	0.00819	0.01433	0.00819	0.01638	0.01843	0.86282	0.00410	0.00410	0.00205	0.00205
65	0.01147	0.01097	0.01859	0.08699	0.73154	0.01116	0.01422	0.01451	0.02698	0.01525	0.00905	0.01186	0.00753	0.00428	0.00467	0.00142	0.00561	0.00422	0.00237	0.00730
66	0.01032	0.01032	0.01444	0.01238	0.01238	0.01444	0.01032	0.01135	0.00722	0.01135	0.00619	0.01032	0.00619	0.00825	0.01547	0.00206	0.82567	0.00413	0.00206	0.00516
67	0.01261	0.83713	0.02471	0.00807	0.01210	0.01866	0.00807	0.01412	0.00958	0.01109	0.00656	0.00756	0.00605	0.00403	0.00303	0.00101	0.00504	0.00252	0.00202	0.00605
68	0.00978	0.00838	0.00978	0.00698	0.01117	0.00629	0.00559	0.01187	0.00978	0.01536	0.00838	0.00978	0.00698	0.00349	0.00349	0.00070	0.00349	0.00279	0.00279	0.86312
69	0.01156	0.01109	0.01894	0.06118	0.77352	0.01117	0.01441	0.01437	0.01068	0.01527	0.00885	0.01171	0.00742	0.00422	0.00467	0.00141	0.00563	0.00420	0.00232	0.00738
70	0.00583	0.00417	0.00557	0.00667	0.00698	0.00391	0.00453	0.00672	0.00911	0.01214	0.02594	0.79387	0.03099	0.01469	0.00604	0.00193	0.00281	0.04988	0.00438	0.00385
71	0.01167	0.01120	0.01914	0.02894	0.80488	0.01120	0.01447	0.01447	0.01074	0.01540	0.00887	0.01167	0.00747	0.00420	0.00467	0.00140	0.00560	0.00420	0.00233	0.00747
72	0.01763	0.01741	0.01370	0.01142	0.01454	0.38408	0.00899	0.41520	0.03681	0.02109	0.00965	0.01017	0.00727	0.00531	0.00450	0.00133	0.00668	0.00371	0.00366	0.00683
73	0.00646	0.00481	0.00602	0.00581	0.00699	0.00437	0.00438	0.00845	0.01265	0.01737	0.61020	0.05932	0.19097	0.01033	0.00561	0.00154	0.00234	0.03306	0.00498	0.00434
74	0.01001	0.10952	0.71232	0.01278	0.01938	0.01168	0.01624	0.01500	0.00998	0.02943	0.00845	0.00982	0.00609	0.00446	0.00433	0.00144	0.00671	0.00341	0.00207	0.00689
75	0.01750	0.02223	0.01331	0.01210	0.01453	0.79931	0.00908	0.01895	0.02901	0.01170	0.00753	0.00868	0.00624	0.00489	0.00426	0.00122	0.00841	0.00308	0.00248	0.00551
76	0.01200	0.57743	0.24312	0.00966	0.01447	0.03297	0.01068	0.01462	0.00984	0.02758	0.00733	0.00841	0.00614	0.00421	0.00349	0.00116	0.00563	0.00284	0.00209	0.00633
77	0.04073	0.17141	0.23378	0.00938	0.01325	0.01105	0.00958	0.09724	0.09236	0.04312	0.12956	0.05576	0.06083	0.00645	0.00451	0.00143	0.00469	0.00518	0.00346	0.00623
78	0.86760	0.00912	0.00693	0.00620	0.00912	0.01058	0.00511	0.01386	0.00802	0.02115	0.00657	0.00766	0.00511	0.00438	0.00292	0.00146	0.00365	0.00255	0.00292	0.00511
79	0.01051	0.11346	0.12980	0.01034	0.01355	0.04774	0.10090	0.06897	0.14335	0.01511	0.01795	0.01942	0.15629	0.06171	0.02001	0.00180	0.05452	0.00544	0.00324	0.00589
80	0.01118	0.01036	0.01564	0.16837	0.42176	0.01123	0.01208	0.01726	0.25011	0.01611	0.01193	0.01364	0.00936	0.00496	0.00472	0.00149	0.00516	0.00454	0.00304	0.00706
81	0.01660	0.02049	0.01284	0.01167	0.01411	0.69262	0.00879	0.01944	0.11836	0.01266	0.00963	0.01040	0.02186	0.00520	0.00435	0.00127	0.00775	0.00347	0.00278	0.00571
82	0.01761	0.02247	0.01336	0.01215	0.01458	0.81537	0.00911	0.01883	0.01336	0.01154	0.00729	0.00850	0.00607	0.00486	0.00425	0.00121	0.00850	0.00304	0.00243	0.00547
83	0.00603	0.00434	0.00576	0.00680	0.00719	0.00413	0.00470	0.00724	0.02690	0.01237	0.02575	0.75100	0.03048	0.01444	0.00603	0.00193	0.00289	0.07366	0.00438	0.00395
84	0.00659	0.00478	0.00621	0.00593	0.00701	0.00440	0.00442	0.00872	0.01306	0.01838	0.74132	0.07376	0.06778	0.00996	0.00558	0.00151	0.00225	0.00881	0.00513	0.00440
85	0.01642	0.01246	0.01330	0.01054	0.01405	0.01392	0.00860	0.60364	0.21014	0.02729	0.01323	0.01284	0.00957	0.00584	0.00474	0.00146	0.00483	0.00451	0.00474	0.00788
86	0.00667	0.00482	0.00630	0.00593	0.00704	0.00445	0.00445	0.00890	0.01335	0.01891	0.80239	0.03522	0.04449	0.00964	0.00556	0.00148	0.00222	0.00853	0.00519	0.00445
87	0.00890	0.00838	0.01414	0.82296	0.03247	0.01048	0.01309	0.01205	0.00943	0.01205	0.00838	0.01257	0.00629	0.00471	0.00471	0.00157	0.00629	0.00419	0.00210	0.00524
88	0.01189	0.01321	0.12945	0.05526	0.02197	0.01072	0.49714	0.01563	0.01107	0.10899	0.01033	0.01252	0.00748	0.00426	0.00513	0.00150	0.00695	0.00492	0.00276	0.06883
89	0.01792	0.01321	0.01415	0.01085	0.01462	0.01462	0.00896	0.78916	0.02217	0.02972	0.01132	0.01132	0.00802	0.00566	0.00472	0.00142	0.00519	0.00425	0.00472	0.00802
90	0.01261	0.83713	0.02471	0.00807	0.01210	0.01866	0.00807	0.01412	0.00958	0.01109	0.00656	0.00756	0.00605	0.00403	0.00303	0.00101	0.00504	0.00252	0.00202	0.00605
91	0.00686	0.00457	0.00514	0.00514	0.00514	0.00457	0.00286	0.00686	0.00686	0.00914	0.01486	0.03086	0.01714	0.83430	0.02400	0.00457	0.00457	0.00686	0.00286	0.00286
92	0.00946	0.02439	0.80987	0.01344	0.02041	0.01095	0.01742	0.01493	0.00995	0.01493	0.00846	0.00995	0.00597	0.00448	0.00448	0.00149	0.00697	0.00348	0.00199	0.00697
93	0.00667	0.00482	0.00630	0.00593	0.00704	0.00445	0.00445	0.00890	0.01335	0.01891	0.80239	0.03522	0.04449	0.00964	0.00556	0.00148	0.00222	0.00853	0.00519	0.00445
94	0.00686	0.00457	0.00514	0.00514	0.00514	0.00457	0.00286	0.00686	0.00686	0.00914	0.01486	0.03086	0.01714	0.83430	0.02400	0.00457	0.00457	0.00686	0.00286	0.00286
95	0.01113	0.01272	0.02782	0.01987	0.02464	0.01192	0.78776	0.01510	0.01113	0.01510	0.00954	0.01272	0.00715	0.00397	0.00556	0.00159	0.00795	0.00556	0.00238	0.00636
96	0.02115	0.00802	0.01094	0.00839	0.01204	0.00693	0.00693	0.02298	0.01350	0.80815	0.01860	0.01605	0.01167	0.00584	0.00474	0.00146	0.00401	0.00474	0.00584	0.00802
97	0.00574	0.00410	0.00547	0.00657	0.00684	0.00383	0.00438	0.00657	0.00903	0.01204	0.02599	0.83122	0.03119	0.01477	0.00602	0.00191	0.00274	0.01340	0.00438	0.00383
98	0.02115	0.00802	0.01094	0.00839	0.01204	0.00693	0.00693	0.02298	0.01350	0.80815	0.01860	0.01605	0.01167	0.00584	0.00474	0.00146	0.00401	0.00474	0.00584	0.00802
99	0.01167	0.01120	0.01914	0.02894	0.80488	0.01120	0.01447	0.01447	0.01074	0.01540	0.00887	0.01167	0.00747	0.00420	0.00467	0.00140	0.00560	0.00420	0.00233	0.00747
100	0.01261	0.83713	0.02471	0.00807	0.01210	0.01866	0.00807	0.01412	0.00958	0.01109	0.00656	0.00756	0.00605	0.00403	0.00303	0.00101	0.00504	0.00252	0.00202	0.00605
101	0.01792	0.01321	0.01415	0.01085	0.01462	0.01462	0.00896	0.78916	0.02217	0.02972	0.01132	0.01132	0.00802	0.00566	0.00472	0.00142	0.00519	0.00425	0.00472	0.00802
102	0.00946	0.02439	0.80987	0.01344	0.02041	0.01095	0.01742	0.01493	0.00995	0.01493	0.00846	0.00995	0.00597	0.00448	0.00448	0.00149	0.00697	0.00348	0.00199	0.00697
103	0.01477	0.37389	0.04264	0.01094	0.01436	0.39319	0.06151	0.01643	0.01148	0.01169	0.00716	0.00842	0.00613	0.00443	0.00382	0.00116	0.00693	0.00300	0.00224	0.00582
104	0.03683	0.00760	0.00884	0.00781	0.01006	0.00793	0.00612	0.01810	0.31405	0.17223	0.27417	0.02348	0.02357	0.00738	0.00495	0.00152	0.00323	0.02193	0.04388	0.00632
105	0.31988	0.02462	0.00927	0.00766	0.01062	0.00999	0.00615	0.06889	0.23056	0.04491	0.08819	0.01393	0.01222	0.00545	0.00396	0.00138	0.00365	0.00413	0.00384	0.13071
106	0.08343	0.01800	0.01460	0.01676	0.25357	0.50772	0.01042	0.01711	0.01214	0.01348	0.00771	0.00940	0.00642	0.00462	0.00427	0.00129	0.00724	0.00335	0.00244	0.00604
107	0.01139	0.26008	0.01441	0.00871	0.01094	0.09145	0.00733	0.08796	0.01030	0.03795	0.01001	0.01359	0.00904	0.06352	0.28424	0.00361	0.06338	0.00404	0.00267	0.00537
108	0.01607	0.01513	0.35799	0.01058	0.01567	0.00868	0.01149	0.01948	0.01196	0.46358	0.01420	0.01340	0.00920	0.00525	0.00463	0.00147	0.00530	0.00420	0.00417	0.00757
109	0.01255	0.07551	0.38897	0.01268	0.01800	0.01238	0.09876	0.20388	0.06629	0.05081	0.01028	0.01119	0.00741	0.00486	0.00459	0.00146	0.00617	0.00401	0.00304	0.00717
110	0.01156	0.01109	0.01894	0.06107	0.77363	0.01117	0.01441	0.01437	0.01068	0.01527	0.00885	0.01171	0.00742	0.00422	0.00467	0.00141	0.00563	0.00420	0.00232	0.00738
111	0.00966	0.07789	0.75818	0.01309	0.01986	0.01146	0.01681	0.01488	0.00993	0.01468	0.00834	0.00980	0.00598	0.00445	0.00438	0.00146	0.00684	0.00342	0.00199	0.00691
112	0.00709	0.00482	0.00723	0.00723	0.00787	0.00546	0.00546	0.00787	0.00723	0.01028	0.01155	0.01751	0.01091	0.03075	0.62206	0.21522	0.01056	0.00482	0.00241	0.00368
113	0.25834	0.01186	0.01189	0.00945	0.01292	0.01330	0.00778	0.52249	0.06573	0.02668	0.01046	0.01067	0.00758	0.00534	0.00421	0.00144	0.00466	0.00383	0.00421	0.00716
114	0.01113	0.01272	0.02782	0.01987	0.02464	0.01192	0.78776	0.01510	0.01113	0.01510	0.00954	0.01272	0.00715	0.00397	0.00556	0.00159	0.00795	0.00556	0.00238	0.00636
115	0.01103	0.43016	0.41787	0.01076	0.01626	0.01480	0.01275	0.01453	0.00977	0.01302	0.00751	0.00876	0.00601	0.00426	0.00375	0.00125	0.00601	0.00300	0.00200	0.00651
116	0.00617	0.00480	0.00560	0.00540	0.00673	0.00423	0.00405	0.00791	0.01215	0.01606	0.45415	0.03991	0.39451	0.01070	0.00557	0.00153	0.00230	0.00918	0.00482	0.00423
117	0.00978	0.00838	0.00978	0.00698	0.01117	0.00629	0.00559	0.01187	0.00978	0.01536	0.00838	0.00978	0.00698	0.00349	0.00349	0.00070	0.00349	0.00279	0.00279	0.86312
118	0.01117	0.01161	0.02152	0.01602	0.02003	0.01154	0.50719	0.01796	0.25548	0.01665	0.03399	0.01478	0.01041	0.00487	0.00528	0.00157	0.00639	0.00551	0.00322	0.02480
119	0.01222	0.03007	0.00918	0.00739	0.00992	0.03077	0.00587	0.07217	0.08539	0.22059	0.23802	0.02519	0.15428	0.00771	0.00496	0.00142	0.00343	0.00643	0.00480	0.07019
120	0.01089	0.01040	0.01772	0.25397	0.58598	0.01100	0.01408	0.01378	0.01037	0.01445	0.00873	0.01193	0.00713	0.00435	0.00468	0.00145	0.00580	0.00420	0.00227	0.00684
121	0.00978	0.00838	0.00978	0.00698	0.01117	0.00629	0.00559	0.01187	0.00978	0.01536	0.00838	0.00978	0.00698	0.00349	0.00349	0.00070	0.00349	0.00279	0.00279	0.86312
122	0.00819	0.00410	0.00614	0.00614	0.00614	0.00410	0.00410	0.00614	0.00614	0.00819	0.00819	0.01433	0.00819	0.01638	0.01843	0.86282	0.00410	0.00410	0.00205	0.00205
123	0.29267	0.01935	0.54487	0.01105	0.01668	0.01083	0.01336	0.01458	0.00932	0.01699	0.00784	0.00920	0.00569	0.00445	0.00396	0.00148	0.00587	0.00318	0.00230	0.00635

[dist]
# distance from previous block
# <min> <max>
0	2

[block]
# block no. 5 follows, 54 sequences, length 53
# corresponding to MSA columns:
# 327-379
name=unknown_F
#
# <colnr> <probs for GDERKNQSTAVLIFYWHMCP>
#	G	D	E	R	K	N	Q	S	T	A	V	L	I	F	Y	W	H	M	C	P
0	0.01757	0.01497	0.01383	0.01102	0.01450	0.18046	0.00890	0.59878	0.03548	0.02546	0.01058	0.01083	0.00772	0.00547	0.00460	0.00136	0.00581	0.00399	0.00421	0.02447
1	0.86760	0.00912	0.00693	0.00620	0.00912	0.01058	0.00511	0.01386	0.00802	0.02115	0.00657	0.00766	0.00511	0.00438	0.00292	0.00146	0.00365	0.00255	0.00292	0.00511
2	0.00978	0.00838	0.00978	0.00698	0.01117	0.00629	0.00559	0.01187	0.00978	0.01536	0.00838	0.00978	0.00698	0.00349	0.00349	0.00070	0.00349	0.00279	0.00279	0.86312
3	0.00978	0.00838	0.00978	0.00698	0.01117	0.00629	0.00559	0.01187	0.00978	0.01536	0.00838	0.00978	0.00698	0.00349	0.00349	0.00070	0.00349	0.00279	0.00279	0.86312
4	0.00641	0.00517	0.00577	0.00555	0.00690	0.02142	0.00416	0.00816	0.01219	0.01600	0.44947	0.03918	0.38147	0.01056	0.00554	0.00153	0.00243	0.00904	0.00477	0.00426
5	0.00574	0.00410	0.00547	0.00657	0.00684	0.00383	0.00438	0.00657	0.00903	0.01204	0.02599	0.83122	0.03119	0.01477	0.00602	0.00191	0.00274	0.01340	0.00438	0.00383
6	0.00978	0.00838	0.00978	0.00698	0.01117	0.00629	0.00559	0.01187	0.00978	0.01536	0.00838	0.00978	0.00698	0.00349	0.00349	0.00070	0.00349	0.00279	0.00279	0.86312
7	0.00978	0.00838	0.00978	0.00698	0.01117	0.00629	0.00559	0.01187	0.00978	0.01536	0.00838	0.00978	0.00698	0.00349	0.00349	0.00070	0.00349	0.00279	0.00279	0.86312
8	0.01032	0.01032	0.01444	0.01238	0.01238	0.01444	0.01032	0.01135	0.00722	0.01135	0.00619	0.01032	0.00619	0.00825	0.01547	0.00206	0.82567	0.00413	0.00206	0.00516
9	0.00574	0.00410	0.00547	0.00657	0.00684	0.00383	0.00438	0.00657	0.00903	0.01204	0.02599	0.83122	0.03119	0.01477	0.00602	0.00191	0.00274	0.01340	0.00438	0.00383
10	0.00574	0.00410	0.00547	0.00657	0.00684	0.00383	0.00438	0.00657	0.00903	0.01204	0.02599	0.83122	0.03119	0.01477	0.00602	0.00191	0.00274	0.01340	0.00438	0.00383
11	0.01113	0.01272	0.02782	0.01987	0.02464	0.01192	0.78776	0.01510	0.01113	0.01510	0.00954	0.01272	0.00715	0.00397	0.00556	0.00159	0.00795	0.00556	0.00238	0.00636
12	0.00667	0.00482	0.00630	0.00593	0.00704	0.00445	0.00445	0.00890	0.01335	0.01891	0.80239	0.03522	0.04449	0.00964	0.00556	0.00148	0.00222	0.00853	0.00519	0.00445
13	0.00557	0.00478	0.00478	0.00478	0.00637	0.00398	0.00358	0.00677	0.01075	0.01274	0.04776	0.04538	0.80297	0.01194	0.00557	0.00159	0.00239	0.00995	0.00438	0.00398
14	0.00675	0.00483	0.00619	0.00723	0.00759	0.00443	0.00481	0.00731	0.00964	0.01295	0.02668	0.82044	0.03173	0.01525	0.00640	0.00208	0.00308	0.01357	0.00468	0.00434
15	0.01761	0.02247	0.01336	0.01215	0.01458	0.81537	0.00911	0.01883	0.01336	0.01154	0.00729	0.00850	0.00607	0.00486	0.00425	0.00121	0.00850	0.00304	0.00243	0.00547
16	0.01167	0.01120	0.01914	0.02894	0.80488	0.01120	0.01447	0.01447	0.01074	0.01540	0.00887	0.01167	0.00747	0.00420	0.00467	0.00140	0.00560	0.00420	0.00233	0.00747
17	0.01261	0.83713	0.02471	0.00807	0.01210	0.01866	0.00807	0.01412	0.00958	0.01109	0.00656	0.00756	0.00605	0.00403	0.00303	0.00101	0.00504	0.00252	0.00202	0.00605
18	0.01173	0.01013	0.01066	0.00960	0.01226	0.01173	0.00746	0.02505	0.79636	0.01972	0.01919	0.01759	0.01439	0.00640	0.00480	0.00160	0.00373	0.00533	0.00480	0.00746
19	0.00978	0.00838	0.00978	0.00698	0.01117	0.00629	0.00559	0.01187	0.00978	0.01536	0.00838	0.00978	0.00698	0.00349	0.00349	0.00070	0.00349	0.00279	0.00279	0.86312
20	0.00574	0.00410	0.00547	0.00657	0.00684	0.00383	0.00438	0.00657	0.00903	0.01204	0.02599	0.83122	0.03119	0.01477	0.00602	0.00191	0.00274	0.01340	0.00438	0.00383
21	0.01792	0.01321	0.01415	0.01085	0.01462	0.01462	0.00896	0.78916	0.02217	0.02972	0.01132	0.01132	0.00802	0.00566	0.00472	0.00142	0.00519	0.00425	0.00472	0.00802
22	0.00873	0.00441	0.00445	0.00444	0.00554	0.00440	0.00333	0.01093	0.00999	0.01762	0.03821	0.01809	0.01303	0.00561	0.00336	0.00111	0.00220	0.00451	0.83567	0.00440
23	0.00946	0.02439	0.80987	0.01344	0.02041	0.01095	0.01742	0.01493	0.00995	0.01493	0.00846	0.00995	0.00597	0.00448	0.00448	0.00149	0.00697	0.00348	0.00199	0.00697
24	0.00978	0.00838	0.00978	0.00698	0.01117	0.00629	0.00559	0.01187	0.00978	0.01536	0.00838	0.00978	0.00698	0.00349	0.00349	0.00070	0.00349	0.00279	0.00279	0.86312
25	0.01164	0.00996	0.01048	0.00944	0.01206	0.01152	0.00734	0.02465	0.77355	0.01966	0.01908	0.01759	0.01433	0.00637	0.00475	0.00158	0.00369	0.00530	0.02961	0.00737
26	0.00574	0.00410	0.00547	0.00657	0.00684	0.00383	0.00438	0.00657	0.00903	0.01204	0.02599	0.83122	0.03119	0.01477	0.00602	0.00191	0.00274	0.01340	0.00438	0.00383
27	0.00574	0.00410	0.00547	0.00657	0.00684	0.00383	0.00438	0.00657	0.00903	0.01204	0.02599	0.83122	0.03119	0.01477	0.00602	0.00191	0.00274	0.01340	0.00438	0.00383
28	0.00978	0.00838	0.00978	0.00698	0.01117	0.00629	0.00559	0.01187	0.00978	0.01536	0.00838	0.00978	0.00698	0.00349	0.00349	0.00070	0.00349	0.00279	0.00279	0.86312
29	0.00946	0.02439	0.80987	0.01344	0.02041	0.01095	0.01742	0.01493	0.00995	0.01493	0.00846	0.00995	0.00597	0.00448	0.00448	0.00149	0.00697	0.00348	0.00199	0.00697
30	0.00978	0.00838	0.00978	0.00698	0.01117	0.00629	0.00559	0.01187	0.00978	0.01536	0.00838	0.00978	0.00698	0.00349	0.00349	0.00070	0.00349	0.00279	0.00279	0.86312
31	0.01761	0.02247	0.01336	0.01215	0.01458	0.81537	0.00911	0.01883	0.01336	0.01154	0.00729	0.00850	0.00607	0.00486	0.00425	0.00121	0.00850	0.00304	0.00243	0.00547
32	0.01032	0.01032	0.01444	0.01238	0.01238	0.01444	0.01032	0.01135	0.00722	0.01135	0.00619	0.01032	0.00619	0.00825	0.01547	0.00206	0.82567	0.00413	0.00206	0.00516
33	0.00667	0.00482	0.00630	0.00593	0.00704	0.00445	0.00445	0.00890	0.01335	0.01891	0.80239	0.03522	0.04449	0.00964	0.00556	0.00148	0.00222	0.00853	0.00519	0.00445
34	0.00760	0.00543	0.00760	0.00868	0.00977	0.00543	0.00760	0.00977	0.01085	0.01411	0.02496	0.05319	0.02714	0.01303	0.00651	0.00217	0.00434	0.77315	0.00434	0.00434
35	0.00574	0.00410	0.00547	0.00657	0.00684	0.00383	0.00438	0.00657	0.00903	0.01204	0.02599	0.83122	0.03119	0.01477	0.00602	0.00191	0.00274	0.01340	0.00438	0.00383
36	0.01761	0.02247	0.01336	0.01215	0.01458	0.81537	0.00911	0.01883	0.01336	0.01154	0.00729	0.00850	0.00607	0.00486	0.00425	0.00121	0.00850	0.00304	0.00243	0.00547
37	0.01032	0.01032	0.01444	0.01238	0.01238	0.01444	0.01032	0.01135	0.00722	0.01135	0.00619	0.01032	0.00619	0.00825	0.01547	0.00206	0.82567	0.00413	0.00206	0.00516
38	0.00591	0.00417	0.00542	0.00635	0.00659	0.00394	0.00415	0.00661	0.00870	0.01160	0.02432	0.71166	0.02909	0.13720	0.00870	0.00231	0.00301	0.01243	0.00415	0.00368
39	0.00659	0.00491	0.00726	0.00743	0.00818	0.00559	0.00567	0.00814	0.00779	0.01111	0.01462	0.13993	0.01469	0.03229	0.69467	0.00673	0.01115	0.00630	0.00280	0.00415
40	0.01900	0.00758	0.01044	0.00827	0.01150	0.00678	0.00678	0.02080	0.01261	0.68906	0.01771	0.01642	0.01169	0.01025	0.12587	0.00237	0.00530	0.00479	0.00534	0.00745
41	0.00611	0.00410	0.00557	0.00650	0.00673	0.00387	0.00433	0.00650	0.00860	0.01146	0.02333	0.70919	0.02775	0.01501	0.00787	0.13052	0.00294	0.01201	0.00403	0.00356
42	0.01700	0.01275	0.01363	0.01066	0.01427	0.01419	0.00874	0.67502	0.13782	0.02822	0.01250	0.01226	0.00897	0.00577	0.00473	0.00144	0.00497	0.00441	0.00473	0.00794
43	0.00790	0.00526	0.00570	0.00532	0.00722	0.00442	0.00408	0.00919	0.01116	0.13156	0.04341	0.04100	0.68476	0.01103	0.00545	0.00157	0.00263	0.00917	0.00460	0.00458
44	0.01256	0.01289	0.01828	0.02643	0.68682	0.13133	0.01367	0.01512	0.01113	0.01483	0.00863	0.01120	0.00726	0.00430	0.00461	0.00137	0.00603	0.00403	0.00235	0.00717
45	0.01329	0.68463	0.05155	0.00868	0.01278	0.01778	0.00854	0.12993	0.01147	0.01401	0.00734	0.00821	0.00634	0.00429	0.00333	0.00109	0.00513	0.00281	0.00242	0.00638
46	0.69002	0.00865	0.00697	0.00620	0.00890	0.00989	0.00506	0.05840	0.00912	0.02112	0.00816	0.00935	0.00632	0.00462	0.00308	0.00140	0.00352	0.00293	0.13113	0.00517
47	0.00884	0.00530	0.00700	0.00630	0.00779	0.00482	0.00482	0.01100	0.01337	0.13681	0.68531	0.03236	0.03959	0.00907	0.00544	0.00148	0.00249	0.00796	0.00529	0.00498
48	0.00746	0.00534	0.00740	0.00827	0.00936	0.00528	0.00713	0.00964	0.01123	0.01483	0.14110	0.05050	0.02973	0.01252	0.00637	0.00207	0.00403	0.65892	0.00447	0.00436
49	0.00835	0.00607	0.00747	0.00667	0.00818	0.00597	0.00512	0.12546	0.01466	0.02052	0.68422	0.03165	0.03904	0.00904	0.00543	0.00147	0.00267	0.00789	0.00512	0.00498
50	0.00591	0.00417	0.00542	0.00635	0.00659	0.00394	0.00415	0.00661	0.00870	0.01160	0.02432	0.71166	0.02909	0.13720	0.00870	0.00231	0.00301	0.01243	0.00415	0.00368
51	0.01788	0.01459	0.01403	0.01104	0.01462	0.13424	0.00898	0.67409	0.02085	0.02700	0.01072	0.01090	0.00773	0.00554	0.00465	0.00139	0.00568	0.00406	0.00438	0.00764
52	0.01931	0.00748	0.00996	0.00779	0.01106	0.00655	0.00639	0.02119	0.01296	0.69005	0.01812	0.01628	0.01173	0.00578	0.00453	0.00141	0.00374	0.00469	0.13350	0.00748

[dist]
# distance from previous block
# <min> <max>
2	43

[block]
# block no. 6 follows, 54 sequences, length 15
# corresponding to MSA columns:
# 423-437
name=unknown_G
#
# <colnr> <probs for GDERKNQSTAVLIFYWHMCP>
#	G	D	E	R	K	N	Q	S	T	A	V	L	I	F	Y	W	H	M	C	P
0	0.00911	0.01432	0.30938	0.52260	0.02800	0.01065	0.01470	0.01312	0.00962	0.01312	0.00841	0.01160	0.00617	0.00463	0.00463	0.00154	0.00654	0.00393	0.00206	0.00588
1	0.00728	0.00470	0.00705	0.00705	0.00757	0.00523	0.00523	0.00757	0.00705	0.00992	0.01098	0.01697	0.01045	0.02832	0.51983	0.32490	0.00946	0.00470	0.00235	0.00341
2	0.00890	0.00808	0.01340	0.76090	0.03043	0.01001	0.01235	0.01197	0.00946	0.01247	0.00891	0.01295	0.00673	0.00477	0.00461	0.00154	0.00598	0.00421	0.06718	0.00517
3	0.00947	0.00857	0.01407	0.02064	0.50878	0.00847	0.01073	0.01154	0.01010	0.01415	0.01522	0.31575	0.01627	0.00812	0.00517	0.00159	0.00454	0.00762	0.00309	0.00612
4	0.00947	0.00857	0.01407	0.02064	0.50878	0.00847	0.01073	0.01154	0.01010	0.01415	0.01522	0.31575	0.01627	0.00812	0.00517	0.00159	0.00454	0.00762	0.00309	0.00612
5	0.00678	0.00487	0.00667	0.00667	0.00720	0.00540	0.00477	0.00784	0.00731	0.01028	0.01346	0.02310	0.01377	0.33180	0.52189	0.00646	0.00964	0.00572	0.00265	0.00371
6	0.00626	0.00480	0.00574	0.00550	0.00679	0.00428	0.00413	0.00811	0.01238	0.01662	0.52240	0.03899	0.32591	0.01049	0.00557	0.00152	0.00229	0.00906	0.00489	0.00428
7	0.01403	0.01127	0.01196	0.01006	0.01314	0.01280	0.00802	0.30857	0.50911	0.02343	0.01627	0.01526	0.01203	0.00612	0.00477	0.00153	0.00427	0.00493	0.00477	0.00767
8	0.01523	0.00935	0.01077	0.00915	0.01218	0.00995	0.00727	0.02428	0.50589	0.31226	0.01897	0.01702	0.01338	0.00619	0.00478	0.00155	0.00384	0.00511	0.00518	0.00767
9	0.00796	0.00634	0.00740	0.00769	0.00885	0.00676	0.00552	0.01343	0.30116	0.01489	0.02347	0.52933	0.02495	0.01166	0.00557	0.00180	0.00311	0.01041	0.00453	0.00518
10	0.00574	0.00410	0.00547	0.00657	0.00684	0.00383	0.00438	0.00657	0.00903	0.01204	0.02599	0.83122	0.03119	0.01477	0.00602	0.00191	0.00274	0.01340	0.00438	0.00383
11	0.00630	0.00495	0.00654	0.00654	0.00766	0.00518	0.00504	0.00781	0.00875	0.01161	0.02567	0.02849	0.30535	0.02667	0.51506	0.00536	0.00883	0.00687	0.00321	0.00412
12	0.00941	0.00882	0.01381	0.01997	0.50860	0.00852	0.01043	0.01161	0.01074	0.01441	0.02330	0.02418	0.30263	0.00707	0.00500	0.00147	0.00441	0.00633	0.00309	0.00617
13	0.00978	0.00838	0.00978	0.00698	0.01117	0.00629	0.00559	0.01187	0.00978	0.01536	0.00838	0.00978	0.00698	0.00349	0.00349	0.00070	0.00349	0.00279	0.00279	0.86312
14	0.00557	0.00478	0.00478	0.00478	0.00637	0.00398	0.00358	0.00677	0.01075	0.01274	0.04776	0.04538	0.80297	0.01194	0.00557	0.00159	0.00239	0.00995	0.00438	0.00398

[dist]
# distance from previous block
# <min> <max>
0	479

# created by:
# /st0/software/busco_prod/Augustus/scripts/msa2prfl.pl ./align_prep/47770.fa
