[name]
unknown

[dist]
# distance from previous block
# <min> <max>
0	36

[block]
# block no. 0 follows, 51 sequences, length 81
# corresponding to MSA columns:
# 42-122
name=unknown_A
#
# <colnr> <probs for GDERKNQSTAVLIFYWHMCP>
#	G	D	E	R	K	N	Q	S	T	A	V	L	I	F	Y	W	H	M	C	P
0	0.15623	0.00969	0.01249	0.10291	0.11616	0.02260	0.04229	0.08838	0.07741	0.09105	0.05517	0.01907	0.01287	0.00637	0.00482	0.00157	0.00484	0.09978	0.00376	0.07255
1	0.38981	0.01091	0.01051	0.00865	0.01184	0.04978	0.00708	0.20475	0.01349	0.16972	0.03683	0.01169	0.00883	0.00556	0.00459	0.00153	0.03985	0.00383	0.00409	0.00664
2	0.01410	0.01302	0.01951	0.01476	0.01850	0.12498	0.35622	0.12573	0.01385	0.10733	0.08224	0.01551	0.01186	0.02108	0.03683	0.00185	0.00707	0.00541	0.00353	0.00661
3	0.00928	0.00873	0.01474	0.81548	0.03385	0.01092	0.01365	0.01256	0.00983	0.01256	0.00873	0.01310	0.00655	0.00491	0.00491	0.00164	0.00655	0.00437	0.00218	0.00546
4	0.86201	0.00950	0.00722	0.00646	0.00950	0.01102	0.00532	0.01445	0.00836	0.02205	0.00684	0.00798	0.00532	0.00456	0.00304	0.00152	0.00380	0.00266	0.00304	0.00532
5	0.00688	0.00502	0.00646	0.00610	0.00729	0.00460	0.00457	0.00912	0.01372	0.01926	0.74228	0.03744	0.09842	0.01021	0.00580	0.00155	0.00233	0.00899	0.00535	0.00460
6	0.01746	0.01589	0.11358	0.01182	0.01602	0.09678	0.02573	0.53731	0.03329	0.06631	0.01149	0.01171	0.00817	0.00565	0.00485	0.00147	0.00597	0.00427	0.00432	0.00790
7	0.00964	0.00910	0.01539	0.71683	0.12967	0.01101	0.01383	0.01287	0.01000	0.01300	0.00880	0.01298	0.00671	0.00485	0.00491	0.00162	0.00646	0.00437	0.00221	0.00575
8	0.00673	0.00493	0.00632	0.00616	0.00725	0.00451	0.00455	0.00877	0.01310	0.01822	0.63025	0.13658	0.11244	0.01094	0.00586	0.00161	0.00240	0.00966	0.00523	0.00451
9	0.00605	0.00443	0.00569	0.00655	0.00709	0.00407	0.00446	0.00709	0.01004	0.01329	0.09944	0.65515	0.12950	0.01454	0.00617	0.00191	0.00276	0.01306	0.00464	0.00407
10	0.09751	0.16761	0.03135	0.01075	0.08353	0.01061	0.02543	0.01908	0.02414	0.40053	0.03982	0.03115	0.01125	0.00573	0.00468	0.00145	0.01915	0.00454	0.00439	0.00729
11	0.01216	0.01168	0.01995	0.03016	0.79664	0.01168	0.01508	0.01508	0.01119	0.01605	0.00924	0.01216	0.00778	0.00438	0.00487	0.00146	0.00584	0.00438	0.00243	0.00778
12	0.00600	0.00439	0.00564	0.00658	0.00707	0.00404	0.00446	0.00696	0.00981	0.01291	0.05969	0.69596	0.12878	0.01482	0.00620	0.00194	0.00278	0.01332	0.00459	0.00404
13	0.01305	0.12459	0.21021	0.17919	0.13201	0.02820	0.01300	0.17385	0.01320	0.05320	0.00967	0.01141	0.00724	0.00494	0.00460	0.00147	0.00615	0.00397	0.00293	0.00709
14	0.09153	0.01354	0.06027	0.01341	0.01686	0.09527	0.20610	0.13073	0.06212	0.11525	0.01089	0.01230	0.00812	0.00567	0.00669	0.00163	0.13483	0.00456	0.00343	0.00679
15	0.01899	0.01328	0.01445	0.01107	0.01500	0.01451	0.00915	0.71171	0.02229	0.10067	0.01249	0.01225	0.00870	0.00592	0.00492	0.00148	0.00530	0.00447	0.00502	0.00836
16	0.00660	0.00505	0.00615	0.00666	0.00772	0.00470	0.00499	0.00846	0.03906	0.01429	0.12549	0.32561	0.27337	0.01320	0.00611	0.00187	0.00299	0.13865	0.00467	0.00435
17	0.01436	0.03479	0.42892	0.01265	0.01817	0.11742	0.04337	0.06490	0.01249	0.18977	0.01119	0.01173	0.00774	0.00508	0.00473	0.00150	0.00668	0.00397	0.00321	0.00732
18	0.14744	0.01310	0.15103	0.02310	0.01459	0.01111	0.00952	0.21300	0.09348	0.24333	0.01365	0.02389	0.00956	0.00572	0.00462	0.00154	0.00497	0.00440	0.00442	0.00753
19	0.52584	0.01032	0.01274	0.06542	0.20178	0.01130	0.07830	0.01459	0.00943	0.01943	0.00782	0.00979	0.00619	0.00450	0.00385	0.00153	0.00487	0.00347	0.00279	0.00604
20	0.01518	0.02159	0.20316	0.06402	0.09827	0.47532	0.01237	0.01781	0.01254	0.02392	0.00829	0.00993	0.00655	0.00490	0.00457	0.00138	0.00796	0.00350	0.00244	0.00631
21	0.00708	0.00501	0.00662	0.00662	0.00705	0.00545	0.00455	0.00795	0.00752	0.01046	0.01433	0.02578	0.01510	0.43508	0.41344	0.00632	0.00893	0.00621	0.00281	0.00368
22	0.00702	0.00527	0.00790	0.00790	0.00878	0.00614	0.00614	0.00878	0.00790	0.01141	0.01316	0.01931	0.01229	0.03686	0.80782	0.00790	0.01316	0.00527	0.00263	0.00439
23	0.00986	0.02542	0.80183	0.01401	0.02127	0.01141	0.01816	0.01556	0.01038	0.01556	0.00882	0.01038	0.00623	0.00467	0.00467	0.00156	0.00726	0.00363	0.00208	0.00726
24	0.02163	0.00904	0.01182	0.00907	0.01288	0.00823	0.00749	0.11896	0.01520	0.70343	0.01843	0.01611	0.01169	0.00606	0.00494	0.00151	0.00434	0.00488	0.00594	0.00836
25	0.01075	0.01075	0.01505	0.01290	0.01290	0.01505	0.01075	0.01183	0.00753	0.01183	0.00645	0.01075	0.00645	0.00860	0.01613	0.00215	0.81830	0.00430	0.00215	0.00538
26	0.01067	0.01133	0.02367	0.01776	0.02176	0.01072	0.58390	0.01434	0.01153	0.01548	0.01401	0.02392	0.01272	0.00653	0.00605	0.00181	0.00733	0.19737	0.00300	0.00610
27	0.00765	0.00566	0.00784	0.00922	0.03999	0.00554	0.00740	0.00967	0.01106	0.01436	0.02766	0.14957	0.09747	0.01334	0.00656	0.00214	0.00418	0.57169	0.00445	0.00455
28	0.00721	0.00514	0.00771	0.00771	0.00848	0.00591	0.00591	0.00848	0.00771	0.01105	0.01258	0.01876	0.01181	0.03437	0.70875	0.11456	0.01205	0.00514	0.00257	0.00410
29	0.00928	0.00873	0.01474	0.81548	0.03385	0.01092	0.01365	0.01256	0.00983	0.01256	0.00873	0.01310	0.00655	0.00491	0.00491	0.00164	0.00655	0.00437	0.00218	0.00546
30	0.01281	0.01085	0.01144	0.01012	0.01300	0.01250	0.00792	0.09446	0.71846	0.02150	0.01926	0.01774	0.01440	0.00660	0.00499	0.00165	0.00403	0.00545	0.00499	0.00783
31	0.00595	0.00443	0.00555	0.00644	0.00702	0.00403	0.00438	0.00689	0.00980	0.01270	0.03199	0.65611	0.19731	0.01476	0.00617	0.00192	0.00277	0.01319	0.00456	0.00403
32	0.00725	0.00561	0.00835	0.00821	0.00903	0.00670	0.00643	0.00897	0.00787	0.01143	0.01274	0.01877	0.01192	0.03508	0.75806	0.00754	0.06377	0.00520	0.00260	0.00445
33	0.00714	0.00481	0.00559	0.00559	0.00567	0.00489	0.00326	0.00729	0.00721	0.00970	0.01527	0.03099	0.01736	0.75566	0.09595	0.00505	0.00553	0.00698	0.00295	0.00311
34	0.00928	0.00873	0.01474	0.81548	0.03385	0.01092	0.01365	0.01256	0.00983	0.01256	0.00873	0.01310	0.00655	0.00491	0.00491	0.00164	0.00655	0.00437	0.00218	0.00546
35	0.00690	0.00511	0.00748	0.00763	0.00838	0.00580	0.00577	0.00844	0.00805	0.01145	0.01504	0.12110	0.01513	0.07717	0.66454	0.00699	0.01141	0.00646	0.00289	0.00426
36	0.00982	0.00794	0.00866	0.00818	0.01007	0.02497	0.00617	0.03372	0.34960	0.03868	0.15729	0.19787	0.10750	0.00968	0.00548	0.00170	0.00339	0.00837	0.00490	0.00602
37	0.09237	0.01033	0.01301	0.01193	0.11150	0.01026	0.00861	0.22495	0.01564	0.42808	0.01499	0.01408	0.01000	0.00569	0.00476	0.00150	0.00469	0.00454	0.00505	0.00803
38	0.01160	0.01326	0.02900	0.02071	0.02568	0.01243	0.77879	0.01574	0.01160	0.01574	0.00994	0.01326	0.00746	0.00414	0.00580	0.00166	0.00829	0.00580	0.00249	0.00663
39	0.10983	0.01356	0.16559	0.15241	0.31521	0.01131	0.09716	0.01514	0.01065	0.05010	0.00932	0.01182	0.00716	0.00459	0.00473	0.00154	0.00618	0.00422	0.00256	0.00692
40	0.01134	0.01133	0.01690	0.40560	0.35961	0.08344	0.01389	0.01428	0.01078	0.01401	0.00885	0.01231	0.00706	0.00470	0.00485	0.00153	0.00645	0.00426	0.00232	0.00648
41	0.00703	0.00522	0.00764	0.00764	0.00844	0.00601	0.00583	0.00861	0.00782	0.01122	0.01339	0.02059	0.01284	0.11562	0.72982	0.00759	0.01233	0.00545	0.00267	0.00425
42	0.02609	0.18066	0.21974	0.01244	0.01671	0.02853	0.19764	0.01440	0.02240	0.05130	0.01135	0.06604	0.01016	0.11296	0.00739	0.00192	0.00627	0.00515	0.00272	0.00614
43	0.01139	0.40256	0.43816	0.01138	0.01721	0.01518	0.01359	0.01517	0.01019	0.01369	0.00789	0.00921	0.00626	0.00445	0.00396	0.00132	0.00632	0.00316	0.00209	0.00681
44	0.00764	0.00450	0.00524	0.00567	0.00646	0.00434	0.00402	0.00934	0.01029	0.01609	0.09750	0.35079	0.02410	0.01012	0.00483	0.00153	0.00252	0.00886	0.42180	0.00434
45	0.00814	0.00489	0.00657	0.00724	0.00802	0.00451	0.00513	0.00922	0.01013	0.11162	0.02604	0.66920	0.02965	0.01410	0.00614	0.00195	0.00313	0.06498	0.00475	0.00458
46	0.01157	0.32094	0.47670	0.01180	0.01773	0.03849	0.01409	0.01554	0.01041	0.02969	0.00826	0.00954	0.00638	0.00454	0.00411	0.00136	0.00651	0.00327	0.00218	0.00689
47	0.00614	0.00449	0.00581	0.00681	0.00734	0.00416	0.00476	0.00717	0.00981	0.01283	0.02984	0.65685	0.12786	0.01486	0.00626	0.00198	0.00296	0.08145	0.00456	0.00406
48	0.00599	0.00428	0.00570	0.00684	0.00713	0.00399	0.00456	0.00684	0.00941	0.01254	0.02709	0.82409	0.03250	0.01540	0.00627	0.00200	0.00285	0.01397	0.00456	0.00399
49	0.00749	0.00517	0.00718	0.00709	0.00751	0.00578	0.00506	0.00800	0.00739	0.01036	0.01275	0.02201	0.01304	0.26837	0.40055	0.15693	0.04348	0.00561	0.00263	0.00361
50	0.01410	0.44529	0.03173	0.01305	0.12402	0.10432	0.04951	0.10934	0.03946	0.01520	0.00851	0.00974	0.00713	0.00462	0.00397	0.00124	0.00589	0.00343	0.00266	0.00678
51	0.86201	0.00950	0.00722	0.00646	0.00950	0.01102	0.00532	0.01445	0.00836	0.02205	0.00684	0.00798	0.00532	0.00456	0.00304	0.00152	0.00380	0.00266	0.00304	0.00532
52	0.02033	0.00862	0.01131	0.00878	0.01235	0.00781	0.00721	0.10054	0.01498	0.65009	0.08881	0.01803	0.01487	0.00642	0.00502	0.00152	0.00414	0.00525	0.00590	0.00802
53	0.00834	0.06025	0.02723	0.01068	0.01267	0.00764	0.18743	0.01083	0.04059	0.01416	0.05435	0.41271	0.02390	0.01106	0.00592	0.00185	0.00457	0.09683	0.00392	0.00505
54	0.01130	0.01093	0.01826	0.09084	0.21685	0.01147	0.21962	0.01769	0.23841	0.01655	0.01289	0.01500	0.01011	0.00798	0.07793	0.00217	0.00666	0.00519	0.00319	0.00695
55	0.00656	0.00465	0.00621	0.00724	0.00771	0.00446	0.00523	0.00768	0.00966	0.01279	0.02578	0.56639	0.03016	0.08853	0.00810	0.00231	0.00343	0.19467	0.00441	0.00403
56	0.00612	0.00480	0.00555	0.00585	0.00700	0.00423	0.00425	0.00746	0.01114	0.01420	0.16972	0.27527	0.42039	0.01294	0.00597	0.00176	0.00262	0.03186	0.00471	0.00420
57	0.01444	0.09138	0.23100	0.10473	0.03150	0.08782	0.01158	0.11394	0.02693	0.17766	0.04004	0.02652	0.00985	0.00554	0.00470	0.00148	0.00594	0.00436	0.00354	0.00705
58	0.01251	0.01185	0.01504	0.03059	0.29977	0.12664	0.01090	0.01436	0.01061	0.06432	0.05768	0.01495	0.01078	0.08060	0.00958	0.00192	0.21409	0.00475	0.00284	0.00624
59	0.04598	0.05331	0.35291	0.08850	0.11842	0.01129	0.13594	0.01538	0.01074	0.06990	0.01040	0.04689	0.00817	0.00511	0.00485	0.00156	0.00655	0.00459	0.00262	0.00688
60	0.01160	0.01326	0.02900	0.02071	0.02568	0.01243	0.77879	0.01574	0.01160	0.01574	0.00994	0.01326	0.00746	0.00414	0.00580	0.00166	0.00829	0.00580	0.00249	0.00663
61	0.00908	0.03403	0.33620	0.01147	0.01528	0.02251	0.08091	0.01238	0.00928	0.01326	0.01095	0.01621	0.00972	0.13275	0.23232	0.00380	0.03698	0.00478	0.00241	0.00567
62	0.09280	0.01206	0.01455	0.01139	0.01511	0.01300	0.10495	0.35606	0.21446	0.03689	0.01311	0.01327	0.00965	0.00560	0.00479	0.00150	0.00509	0.00463	0.00434	0.06677
63	0.01705	0.01265	0.01351	0.01050	0.01415	0.01383	0.00863	0.68214	0.02159	0.02873	0.01662	0.01630	0.10813	0.00673	0.00503	0.00150	0.00504	0.00518	0.00487	0.00782
64	0.43407	0.00862	0.00891	0.00739	0.01058	0.00886	0.00605	0.01794	0.01125	0.34643	0.08342	0.01423	0.01190	0.00569	0.00408	0.00152	0.00383	0.00418	0.00452	0.00653
65	0.02163	0.00904	0.01182	0.00907	0.01288	0.00823	0.00749	0.11896	0.01520	0.70343	0.01843	0.01611	0.01169	0.00606	0.00494	0.00151	0.00434	0.00488	0.00594	0.00836
66	0.01314	0.83025	0.02575	0.00841	0.01261	0.01945	0.00841	0.01472	0.00999	0.01156	0.00683	0.00788	0.00631	0.00420	0.00315	0.00105	0.00526	0.00263	0.00210	0.00631
67	0.00599	0.00428	0.00570	0.00684	0.00713	0.00399	0.00456	0.00684	0.00941	0.01254	0.02709	0.82409	0.03250	0.01540	0.00627	0.00200	0.00285	0.01397	0.00456	0.00399
68	0.37649	0.00819	0.00796	0.00690	0.00962	0.00876	0.00556	0.02912	0.08101	0.18802	0.02620	0.01377	0.01011	0.00547	0.00380	0.00145	0.00354	0.00400	0.20397	0.00606
69	0.00713	0.00516	0.00649	0.00717	0.00784	0.00502	0.00496	0.07694	0.01072	0.01424	0.02658	0.72033	0.05988	0.01442	0.00613	0.00194	0.00307	0.01297	0.00459	0.00439
70	0.00606	0.00433	0.00578	0.00692	0.00724	0.00405	0.00468	0.00696	0.00948	0.01262	0.02705	0.79621	0.03235	0.01533	0.00629	0.00201	0.00291	0.04116	0.00456	0.00401
71	0.00594	0.00462	0.00541	0.00597	0.00691	0.00409	0.00419	0.00703	0.01040	0.01315	0.06713	0.44157	0.37837	0.01385	0.00604	0.00183	0.00267	0.01214	0.00460	0.00409
72	0.00646	0.00495	0.00593	0.00586	0.00712	0.00442	0.00436	0.00824	0.01243	0.01654	0.42974	0.11593	0.32130	0.01152	0.00587	0.00165	0.00248	0.02582	0.00500	0.00439
73	0.03522	0.53145	0.12293	0.01137	0.01605	0.01680	0.14751	0.04276	0.01076	0.01380	0.00782	0.00930	0.00655	0.00432	0.00388	0.00125	0.00602	0.00339	0.00229	0.00653
74	0.01108	0.00936	0.01013	0.00918	0.01160	0.01058	0.00710	0.02247	0.62042	0.02037	0.18738	0.02231	0.02178	0.00740	0.00517	0.00164	0.00355	0.00628	0.00509	0.00710
75	0.00599	0.00428	0.00570	0.00684	0.00713	0.00399	0.00456	0.00684	0.00941	0.01254	0.02709	0.82409	0.03250	0.01540	0.00627	0.00200	0.00285	0.01397	0.00456	0.00399
76	0.01100	0.13044	0.59987	0.01285	0.01921	0.01277	0.01566	0.06521	0.05886	0.01633	0.00943	0.01063	0.00691	0.00481	0.00450	0.00149	0.00667	0.00367	0.00244	0.00724
77	0.01227	0.01141	0.01865	0.02715	0.68439	0.01152	0.01396	0.06180	0.03271	0.01729	0.05310	0.01366	0.01015	0.00485	0.00492	0.00147	0.00557	0.00466	0.00282	0.00764
78	0.02857	0.00890	0.01225	0.30426	0.01997	0.00970	0.02179	0.08297	0.11287	0.21971	0.01629	0.01703	0.06024	0.00604	0.00488	0.00157	0.00495	0.00507	0.05629	0.00664
79	0.46492	0.01081	0.04390	0.00885	0.03818	0.02613	0.00713	0.05400	0.15863	0.08444	0.01089	0.01123	0.00811	0.00511	0.00385	0.00150	0.00423	0.00361	0.00367	0.05080
80	0.01109	0.02586	0.01128	0.00922	0.02487	0.04353	0.04059	0.12707	0.07336	0.01701	0.04515	0.06867	0.06347	0.10973	0.00802	0.00178	0.06103	0.00557	0.01861	0.23407

[dist]
# distance from previous block
# <min> <max>
1	7

[block]
# block no. 1 follows, 51 sequences, length 18
# corresponding to MSA columns:
# 130-147
name=unknown_B
#
# <colnr> <probs for GDERKNQSTAVLIFYWHMCP>
#	G	D	E	R	K	N	Q	S	T	A	V	L	I	F	Y	W	H	M	C	P
0	0.05478	0.38701	0.11855	0.01178	0.08001	0.10824	0.04085	0.03091	0.02912	0.03248	0.00855	0.00982	0.00703	0.00456	0.00388	0.00125	0.00583	0.00332	0.02968	0.03233
1	0.14844	0.01356	0.01250	0.01034	0.01329	0.24617	0.07207	0.08248	0.01251	0.11740	0.01266	0.01439	0.05508	0.06032	0.00623	0.00163	0.03417	0.00436	0.00344	0.07895
2	0.00994	0.19627	0.40375	0.01094	0.01564	0.01154	0.04187	0.01328	0.00960	0.01328	0.01042	0.03868	0.00961	0.18501	0.00888	0.00216	0.00619	0.00457	0.00237	0.00599
3	0.00910	0.01067	0.13016	0.01314	0.09367	0.00850	0.14634	0.04118	0.01073	0.01486	0.03200	0.29611	0.05825	0.01003	0.03260	0.00192	0.04198	0.00822	0.00340	0.03714
4	0.00854	0.00427	0.00640	0.00640	0.00640	0.00427	0.00427	0.00640	0.00640	0.00854	0.00854	0.01494	0.00854	0.01707	0.01921	0.85702	0.00427	0.00427	0.00213	0.00213
5	0.00670	0.00515	0.00622	0.00634	0.00770	0.00467	0.00501	0.00856	0.01220	0.01591	0.31147	0.04535	0.35134	0.01184	0.00603	0.00176	0.00289	0.18160	0.00486	0.00441
6	0.01170	0.03495	0.17839	0.05341	0.23677	0.02925	0.09951	0.01501	0.01088	0.05663	0.00946	0.01153	0.00738	0.00447	0.00486	0.00135	0.02488	0.00400	0.00264	0.20293
7	0.01030	0.01000	0.01618	0.57140	0.18363	0.04297	0.04803	0.01333	0.01026	0.01327	0.00884	0.01280	0.00688	0.00508	0.00528	0.02269	0.00652	0.00438	0.00226	0.00590
8	0.00624	0.00452	0.00573	0.00637	0.00698	0.00416	0.00436	0.00724	0.01017	0.01347	0.14502	0.52017	0.15391	0.04953	0.00739	0.03135	0.00285	0.01200	0.00454	0.00401
9	0.46295	0.00957	0.00940	0.00782	0.01110	0.01030	0.00641	0.09405	0.06454	0.24163	0.03112	0.01223	0.00922	0.00540	0.00396	0.00153	0.00404	0.00383	0.00427	0.00663
10	0.08492	0.08358	0.14178	0.01066	0.03322	0.04678	0.02838	0.09663	0.12494	0.17716	0.03276	0.06503	0.01230	0.00644	0.00476	0.00155	0.00507	0.03300	0.00405	0.00699
11	0.00595	0.00441	0.00557	0.00650	0.00704	0.00402	0.00441	0.00688	0.00974	0.01268	0.03130	0.67989	0.17398	0.01485	0.00619	0.00193	0.00278	0.01330	0.00456	0.00402
12	0.00595	0.00485	0.00527	0.00545	0.00680	0.00416	0.00398	0.00722	0.01110	0.01372	0.11361	0.19828	0.57691	0.01280	0.00590	0.00171	0.00254	0.01094	0.00464	0.00416
13	0.33839	0.01182	0.09274	0.21400	0.01853	0.01185	0.03236	0.14132	0.06242	0.02016	0.00930	0.01099	0.00692	0.00501	0.00420	0.00156	0.00526	0.00377	0.00315	0.00626
14	0.21580	0.05019	0.01490	0.03476	0.37700	0.06963	0.01063	0.03792	0.01077	0.01718	0.00967	0.05367	0.00849	0.00527	0.00462	0.00148	0.02607	0.00431	0.04110	0.00654
15	0.00594	0.00464	0.00533	0.00586	0.00682	0.00410	0.00410	0.00696	0.01023	0.01281	0.03806	0.40919	0.41337	0.04079	0.00666	0.00192	0.00273	0.01194	0.00451	0.00404
16	0.04466	0.06764	0.01589	0.01580	0.23075	0.09190	0.01028	0.32135	0.01591	0.02143	0.01033	0.03462	0.00835	0.00530	0.00459	0.00137	0.00557	0.00424	0.00354	0.08649
17	0.01484	0.00986	0.01271	0.00942	0.01350	0.00882	0.06071	0.14698	0.01344	0.22218	0.01206	0.01239	0.00873	0.00481	0.00464	0.00116	0.02374	0.00393	0.00403	0.41205

[dist]
# distance from previous block
# <min> <max>
0	1

[block]
# block no. 2 follows, 51 sequences, length 19
# corresponding to MSA columns:
# 149-167
name=unknown_C
#
# <colnr> <probs for GDERKNQSTAVLIFYWHMCP>
#	G	D	E	R	K	N	Q	S	T	A	V	L	I	F	Y	W	H	M	C	P
0	0.00914	0.00744	0.00812	0.00756	0.00952	0.00789	0.00578	0.01634	0.35810	0.01840	0.22479	0.05078	0.19589	0.00899	0.00534	0.00162	0.00307	0.00765	0.04768	0.00591
1	0.00753	0.00604	0.00689	0.00648	0.00774	0.04897	0.00486	0.00973	0.01377	0.01895	0.71202	0.03572	0.08294	0.00990	0.00572	0.00154	0.00269	0.00865	0.00521	0.00467
2	0.01025	0.12082	0.70984	0.01334	0.02024	0.01236	0.01700	0.01546	0.01033	0.01509	0.00858	0.01008	0.00623	0.00461	0.00449	0.00150	0.00702	0.00351	0.00208	0.00715
3	0.00928	0.00873	0.01474	0.81548	0.03385	0.01092	0.01365	0.01256	0.00983	0.01256	0.00873	0.01310	0.00655	0.00491	0.00491	0.00164	0.00655	0.00437	0.00218	0.00546
4	0.01009	0.08310	0.74621	0.01361	0.02065	0.01199	0.01746	0.01550	0.01035	0.01528	0.00868	0.01020	0.00623	0.00464	0.00456	0.00152	0.00712	0.00356	0.00208	0.00719
5	0.01335	0.01008	0.01103	0.00980	0.01265	0.01132	0.00771	0.02522	0.65679	0.12258	0.02015	0.01953	0.01513	0.00685	0.00506	0.00167	0.00395	0.03427	0.00512	0.00773
6	0.00618	0.00443	0.00580	0.00663	0.00708	0.00413	0.00449	0.00724	0.01007	0.01356	0.14650	0.64966	0.05419	0.04675	0.00693	0.00203	0.00283	0.01281	0.00463	0.00406
7	0.00603	0.00476	0.00546	0.00592	0.00703	0.00419	0.00429	0.00723	0.01067	0.01336	0.07180	0.32849	0.44737	0.01347	0.00603	0.00181	0.00272	0.05065	0.00460	0.00413
8	0.01204	0.05280	0.23205	0.01335	0.01744	0.16433	0.16563	0.04730	0.04237	0.01587	0.11519	0.02753	0.01277	0.00587	0.00565	0.00154	0.05402	0.00495	0.00297	0.00634
9	0.01052	0.01000	0.01699	0.47650	0.36311	0.01125	0.01427	0.01365	0.01041	0.01407	0.00895	0.01270	0.00708	0.00468	0.00489	0.00156	0.00624	0.00437	0.00229	0.00646
10	0.01750	0.00867	0.01069	0.00862	0.01182	0.00838	0.00697	0.11198	0.12374	0.45168	0.09552	0.01959	0.04594	0.00676	0.00499	0.00152	0.00394	0.00555	0.04858	0.00756
11	0.00632	0.00506	0.00571	0.00584	0.00729	0.00444	0.00452	0.00789	0.01163	0.01460	0.17878	0.07600	0.52291	0.01229	0.00596	0.00174	0.00276	0.11726	0.00471	0.00428
12	0.01214	0.01175	0.02037	0.02973	0.76100	0.01171	0.05039	0.01511	0.01121	0.01604	0.00928	0.01221	0.00777	0.00437	0.00491	0.00147	0.00595	0.00444	0.00244	0.00773
13	0.00854	0.00427	0.00640	0.00640	0.00640	0.00427	0.00427	0.00640	0.00640	0.00854	0.00854	0.01494	0.00854	0.01707	0.01921	0.85702	0.00427	0.00427	0.00213	0.00213
14	0.01868	0.01376	0.01475	0.01131	0.01524	0.01524	0.00934	0.78025	0.02311	0.03097	0.01180	0.01180	0.00836	0.00590	0.00492	0.00147	0.00541	0.00442	0.00492	0.00836
15	0.32716	0.01015	0.00998	0.00837	0.01150	0.01122	0.00678	0.20502	0.15487	0.10482	0.01448	0.01429	0.05088	0.00591	0.00422	0.00153	0.00411	0.00436	0.04362	0.00674
16	0.09499	0.10044	0.13557	0.01121	0.03855	0.01252	0.03899	0.21282	0.12252	0.12806	0.02484	0.01414	0.01010	0.00571	0.00463	0.00151	0.00519	0.02686	0.00400	0.00735
17	0.00705	0.00646	0.04903	0.00712	0.00835	0.02926	0.00561	0.00871	0.01107	0.01465	0.21898	0.32236	0.14478	0.05463	0.00697	0.00196	0.00336	0.09075	0.00449	0.00441
18	0.01496	0.04256	0.01373	0.01071	0.01311	0.04400	0.00883	0.33635	0.01581	0.08851	0.10344	0.01477	0.01260	0.00705	0.00799	0.00164	0.22870	0.00485	0.02358	0.00683

[dist]
# distance from previous block
# <min> <max>
1	4

[block]
# block no. 3 follows, 51 sequences, length 45
# corresponding to MSA columns:
# 172-216
name=unknown_D
#
# <colnr> <probs for GDERKNQSTAVLIFYWHMCP>
#	G	D	E	R	K	N	Q	S	T	A	V	L	I	F	Y	W	H	M	C	P
0	0.04600	0.00750	0.04366	0.00781	0.00963	0.00707	0.00620	0.04094	0.13032	0.01538	0.06093	0.19903	0.07106	0.09242	0.13130	0.00293	0.00522	0.04486	0.00392	0.07381
1	0.72233	0.00920	0.00804	0.00826	0.06800	0.01045	0.00598	0.01382	0.00867	0.02075	0.00883	0.08103	0.00793	0.00551	0.00347	0.00156	0.00387	0.00380	0.00313	0.00539
2	0.04893	0.11457	0.01573	0.01188	0.01274	0.07425	0.00996	0.01276	0.00840	0.01228	0.00714	0.03116	0.00705	0.00778	0.01279	0.00191	0.59873	0.00418	0.00227	0.00548
3	0.00999	0.00851	0.00992	0.00737	0.01138	0.00663	0.00582	0.01261	0.04524	0.01598	0.01052	0.06740	0.00939	0.00460	0.00388	0.00086	0.00360	0.00380	0.00312	0.75939
4	0.04415	0.00663	0.00855	0.00863	0.03683	0.01767	0.02855	0.07159	0.01206	0.07967	0.17016	0.37368	0.04573	0.01136	0.00577	0.00178	0.00356	0.06383	0.00465	0.00515
5	0.00722	0.00516	0.00711	0.00825	0.00907	0.00505	0.00670	0.00897	0.01062	0.01392	0.02641	0.33477	0.02982	0.01424	0.00660	0.00217	0.00392	0.49115	0.00454	0.00433
6	0.01045	0.01031	0.01448	0.01250	0.01257	0.01433	0.01038	0.01158	0.00756	0.01179	0.00699	0.01144	0.00692	0.01088	0.07998	0.00261	0.75336	0.00438	0.00219	0.00530
7	0.01187	0.01151	0.02003	0.09958	0.68208	0.01165	0.06109	0.01490	0.01109	0.01572	0.00924	0.01231	0.00765	0.00441	0.00493	0.00149	0.00605	0.00446	0.00241	0.00751
8	0.00783	0.00509	0.00680	0.06112	0.00942	0.00481	0.00534	0.00901	0.01014	0.09346	0.02796	0.58745	0.12611	0.01336	0.00599	0.00188	0.00319	0.01194	0.00456	0.00456
9	0.00633	0.00497	0.00582	0.00602	0.00726	0.00453	0.00452	0.00775	0.01086	0.01380	0.13243	0.14294	0.43315	0.04661	0.07866	0.00242	0.00375	0.07954	0.00443	0.00420
10	0.07576	0.00844	0.01114	0.00860	0.01235	0.00747	0.00710	0.02334	0.01370	0.75029	0.01859	0.01617	0.01173	0.00599	0.00482	0.00152	0.00416	0.00480	0.00589	0.00817
11	0.01169	0.01271	0.02298	0.07333	0.13162	0.05345	0.41442	0.01479	0.01066	0.01454	0.00889	0.01233	0.00717	0.00524	0.00777	0.00171	0.18289	0.00504	0.00239	0.00639
12	0.00652	0.00501	0.00600	0.00601	0.00726	0.00452	0.00449	0.00840	0.02196	0.01622	0.37869	0.14554	0.31404	0.01174	0.00590	0.00168	0.00257	0.04412	0.00495	0.00441
13	0.00708	0.00495	0.00641	0.00699	0.00752	0.00491	0.00509	0.00820	0.00941	0.01255	0.07294	0.22862	0.02605	0.29682	0.05499	0.00331	0.00451	0.23183	0.00396	0.00386
14	0.00902	0.00492	0.00729	0.00709	0.00768	0.00514	0.00514	0.00853	0.00749	0.06857	0.01095	0.01658	0.01011	0.02311	0.29138	0.49901	0.00734	0.00466	0.00260	0.00338
15	0.03844	0.01185	0.01259	0.20368	0.01790	0.13301	0.00934	0.12799	0.17947	0.08900	0.04137	0.01523	0.01106	0.04471	0.00628	0.00172	0.04133	0.00474	0.00377	0.00652
16	0.00993	0.04434	0.78358	0.01388	0.02107	0.01160	0.01793	0.01554	0.01037	0.01547	0.00877	0.01032	0.00623	0.00466	0.00463	0.00154	0.00722	0.00361	0.00208	0.00724
17	0.55496	0.05602	0.03046	0.00903	0.01228	0.15166	0.06431	0.01590	0.03698	0.01905	0.00771	0.00895	0.00607	0.00468	0.00361	0.00147	0.00519	0.00311	0.00291	0.00567
18	0.01785	0.10342	0.01512	0.01221	0.01494	0.71082	0.00938	0.03678	0.01375	0.01242	0.00762	0.00883	0.00637	0.00500	0.00432	0.00125	0.00842	0.00314	0.00254	0.00582
19	0.00712	0.00541	0.00662	0.00700	0.00801	0.00546	0.00508	0.01000	0.11028	0.01419	0.06718	0.39500	0.15221	0.01601	0.11520	0.00265	0.00431	0.02451	0.03913	0.00463
20	0.01133	0.01892	0.48573	0.01182	0.01740	0.01056	0.01362	0.06320	0.11160	0.08061	0.01507	0.01540	0.08073	0.00580	0.00482	0.00154	0.00589	0.00463	0.00321	0.03812
21	0.01198	0.01112	0.02058	0.01554	0.01899	0.01111	0.42398	0.10780	0.01238	0.06479	0.01363	0.16427	0.01244	0.00698	0.00665	0.00173	0.07934	0.00697	0.00336	0.00634
22	0.02193	0.00855	0.01152	0.00883	0.01264	0.00750	0.00730	0.05040	0.01438	0.77314	0.01912	0.01655	0.01203	0.00608	0.00494	0.00152	0.00422	0.00492	0.00604	0.00836
23	0.00957	0.00917	0.01593	0.72566	0.06930	0.01105	0.06451	0.01289	0.01001	0.01293	0.00884	0.01307	0.00667	0.00484	0.00497	0.00163	0.00663	0.00446	0.00222	0.00565
24	0.01004	0.00975	0.01434	0.10842	0.01516	0.01313	0.03291	0.01157	0.00798	0.01197	0.00784	0.01240	0.00738	0.01231	0.13431	0.00294	0.57555	0.00450	0.00224	0.00527
25	0.01045	0.01031	0.01448	0.01250	0.01257	0.01433	0.01038	0.01158	0.00756	0.01179	0.00699	0.01144	0.00692	0.01088	0.07998	0.00261	0.75336	0.00438	0.00219	0.00530
26	0.00795	0.00562	0.00698	0.00669	0.00736	0.00598	0.00461	0.06552	0.00917	0.01261	0.08219	0.02692	0.01785	0.44197	0.27236	0.00524	0.00729	0.00649	0.00322	0.00397
27	0.00993	0.00551	0.00740	0.00755	0.00887	0.00501	0.00561	0.01124	0.01070	0.18696	0.02458	0.52027	0.02656	0.01268	0.00595	0.00188	0.00338	0.10500	0.00483	0.03606
28	0.00658	0.00512	0.00722	0.00779	0.00819	0.00522	0.02780	0.00755	0.00931	0.01257	0.02474	0.72784	0.02945	0.01446	0.00714	0.00200	0.07569	0.01287	0.00429	0.00419
29	0.01609	0.00944	0.01051	0.00843	0.01137	0.00985	0.00684	0.35406	0.01676	0.18856	0.01487	0.01510	0.01063	0.00588	0.00441	0.00137	0.00407	0.00459	0.30014	0.00705
30	0.01092	0.01097	0.02032	0.32699	0.30493	0.01158	0.21365	0.01429	0.01078	0.01464	0.00923	0.01281	0.00723	0.00452	0.00513	0.00158	0.00675	0.00474	0.00235	0.00660
31	0.01371	0.74185	0.02446	0.00887	0.01290	0.10580	0.00853	0.01525	0.01042	0.01161	0.00692	0.00799	0.00631	0.00430	0.00329	0.00107	0.00565	0.00269	0.00215	0.00624
32	0.80602	0.00979	0.00772	0.00678	0.00988	0.01130	0.00559	0.06529	0.00934	0.02264	0.00717	0.00824	0.00552	0.00465	0.00317	0.00152	0.00391	0.00278	0.00317	0.00552
33	0.01443	0.01368	0.04963	0.01198	0.08285	0.19166	0.00887	0.21824	0.08441	0.06072	0.04485	0.06963	0.04211	0.05847	0.02484	0.00185	0.00586	0.00545	0.00390	0.00658
34	0.06702	0.00926	0.04661	0.00877	0.01083	0.02708	0.00702	0.25848	0.01388	0.01918	0.01856	0.33986	0.01969	0.07130	0.00694	0.00198	0.00434	0.05924	0.00429	0.00565
35	0.01013	0.00564	0.00583	0.00548	0.00691	0.00580	0.00418	0.10142	0.01176	0.01953	0.01606	0.05558	0.01304	0.00620	0.00374	0.00122	0.00268	0.00501	0.71479	0.00500
36	0.57582	0.00889	0.00832	0.00707	0.01019	0.00956	0.00580	0.01670	0.01029	0.23439	0.06253	0.01228	0.00992	0.00534	0.00374	0.00152	0.00381	0.00370	0.00403	0.00611
37	0.00884	0.00784	0.01261	0.36654	0.07878	0.00899	0.05578	0.01091	0.00908	0.01209	0.01191	0.07020	0.01169	0.23893	0.03085	0.00271	0.04891	0.00587	0.00261	0.00488
38	0.00658	0.00488	0.00609	0.00647	0.00741	0.00451	0.00479	0.00809	0.01121	0.01484	0.24747	0.26207	0.20468	0.06750	0.00737	0.00202	0.00300	0.12212	0.00469	0.00422
39	0.00612	0.00437	0.00585	0.00699	0.00733	0.00410	0.00478	0.00706	0.00954	0.01269	0.02701	0.77306	0.03222	0.01528	0.00631	0.00201	0.00296	0.06373	0.00456	0.00403
40	0.00600	0.00500	0.00525	0.00524	0.00682	0.00425	0.00396	0.00740	0.01151	0.01405	0.13420	0.04632	0.68649	0.01220	0.00584	0.00166	0.00253	0.03240	0.00466	0.00422
41	0.01075	0.01902	0.43154	0.01952	0.23601	0.01152	0.14988	0.01533	0.01084	0.01571	0.00955	0.01247	0.00741	0.00471	0.00497	0.00156	0.00698	0.02269	0.00231	0.00723
42	0.00619	0.00493	0.00560	0.00595	0.00723	0.00434	0.00449	0.00756	0.01103	0.01374	0.09157	0.20495	0.49305	0.01303	0.00603	0.00180	0.00281	0.10689	0.00461	0.00420
43	0.01791	0.01412	0.01464	0.01153	0.01494	0.07896	0.00945	0.62437	0.02058	0.04341	0.01107	0.01156	0.00808	0.00611	0.00603	0.00153	0.08908	0.00432	0.00446	0.00784
44	0.01099	0.01416	0.15321	0.06900	0.07203	0.08812	0.26485	0.02967	0.04682	0.01573	0.06983	0.01796	0.09718	0.00590	0.00525	0.00157	0.00645	0.00564	0.01935	0.00628

[dist]
# distance from previous block
# <min> <max>
0	1

[block]
# block no. 4 follows, 51 sequences, length 65
# corresponding to MSA columns:
# 218-282
name=unknown_E
#
# <colnr> <probs for GDERKNQSTAVLIFYWHMCP>
#	G	D	E	R	K	N	Q	S	T	A	V	L	I	F	Y	W	H	M	C	P
0	0.01151	0.01102	0.01869	0.19523	0.60958	0.01163	0.01463	0.01444	0.01078	0.01518	0.00904	0.01231	0.00748	0.00463	0.00525	0.00152	0.03312	0.00437	0.00237	0.00721
1	0.69250	0.00965	0.00830	0.00710	0.01030	0.01081	0.00585	0.06884	0.01014	0.12546	0.00884	0.00940	0.00644	0.00486	0.00342	0.00152	0.00396	0.00308	0.00357	0.00593
2	0.00723	0.00528	0.00640	0.00648	0.00686	0.02276	0.00430	0.00794	0.00792	0.01071	0.03305	0.11081	0.01805	0.46100	0.26478	0.00530	0.00720	0.00723	0.00308	0.00362
3	0.01342	0.05576	0.03392	0.10219	0.05800	0.08521	0.13042	0.06388	0.07767	0.10583	0.01095	0.01243	0.00831	0.00510	0.00545	0.00141	0.06122	0.00427	0.00325	0.16131
4	0.29022	0.01305	0.01266	0.03179	0.04414	0.08580	0.01984	0.40281	0.01653	0.02508	0.00961	0.01037	0.00711	0.00528	0.00428	0.00148	0.00529	0.00376	0.00389	0.00701
5	0.00986	0.02542	0.80183	0.01401	0.02127	0.01141	0.01816	0.01556	0.01038	0.01556	0.00882	0.01038	0.00623	0.00467	0.00467	0.00156	0.00726	0.00363	0.00208	0.00726
6	0.00727	0.00525	0.00657	0.00641	0.00769	0.00488	0.00485	0.00964	0.03871	0.03630	0.50203	0.10887	0.17187	0.01096	0.00586	0.00166	0.00264	0.05872	0.00513	0.00468
7	0.01314	0.83025	0.02575	0.00841	0.01261	0.01945	0.00841	0.01472	0.00999	0.01156	0.00683	0.00788	0.00631	0.00420	0.00315	0.00105	0.00526	0.00263	0.00210	0.00631
8	0.00617	0.00441	0.00591	0.00705	0.00741	0.00415	0.00487	0.00715	0.00959	0.01275	0.02699	0.75259	0.03211	0.01523	0.00632	0.00202	0.00301	0.08370	0.00456	0.00404
9	0.00688	0.00481	0.00528	0.00528	0.00562	0.00464	0.00313	0.00713	0.00796	0.01028	0.02240	0.03521	0.17440	0.66309	0.02114	0.00414	0.00431	0.00780	0.00330	0.00321
10	0.00612	0.00481	0.00552	0.00572	0.00692	0.00422	0.00415	0.00751	0.01138	0.01457	0.21541	0.23714	0.43381	0.01262	0.00592	0.00172	0.00254	0.01092	0.00476	0.00422
11	0.01340	0.00643	0.00862	0.00730	0.00957	0.00573	0.00574	0.01549	0.01384	0.35432	0.43756	0.05286	0.03126	0.00851	0.00544	0.00155	0.00313	0.00735	0.00567	0.00622
12	0.01123	0.01249	0.02590	0.01894	0.02297	0.01246	0.63012	0.01477	0.01089	0.01502	0.01016	0.04780	0.00838	0.00530	0.00737	0.00175	0.12968	0.00593	0.00252	0.00633
13	0.01504	0.00699	0.00911	0.00767	0.01019	0.00631	0.00605	0.01730	0.04563	0.42759	0.17979	0.05286	0.07756	0.07686	0.00698	0.00186	0.00369	0.03659	0.00542	0.00653
14	0.00685	0.00502	0.00642	0.00607	0.00728	0.00459	0.00455	0.00907	0.01366	0.01911	0.72484	0.03769	0.11595	0.01027	0.00580	0.00156	0.00233	0.00903	0.00533	0.00459
15	0.00599	0.00428	0.00570	0.00684	0.00713	0.00399	0.00456	0.00684	0.00941	0.01254	0.02709	0.82409	0.03250	0.01540	0.00627	0.00200	0.00285	0.01397	0.00456	0.00399
16	0.04878	0.01454	0.05820	0.01908	0.02383	0.08629	0.64288	0.01604	0.01163	0.01566	0.00954	0.01250	0.00721	0.00427	0.00551	0.00161	0.00810	0.00533	0.00250	0.00651
17	0.01065	0.01165	0.02475	0.01823	0.02237	0.01094	0.63389	0.01426	0.01129	0.01526	0.01310	0.12299	0.01192	0.00615	0.00592	0.00174	0.00736	0.04849	0.00287	0.00616
18	0.00598	0.00432	0.00566	0.00674	0.00710	0.00400	0.00451	0.00685	0.00951	0.01259	0.02840	0.77924	0.07651	0.01523	0.00625	0.00198	0.00283	0.01376	0.00456	0.00400
19	0.01332	0.00799	0.00864	0.00724	0.00962	0.00826	0.00578	0.25994	0.01492	0.10741	0.01818	0.01874	0.08393	0.00645	0.00430	0.00134	0.00352	0.00511	0.40916	0.00617
20	0.00607	0.00434	0.00579	0.00686	0.00720	0.00406	0.00464	0.00702	0.00964	0.01289	0.05855	0.77470	0.03298	0.01514	0.00626	0.00198	0.00287	0.03040	0.00460	0.00403
21	0.08376	0.01240	0.03159	0.02690	0.67255	0.05757	0.01399	0.01530	0.01110	0.01632	0.00894	0.01159	0.00747	0.00444	0.00468	0.00146	0.00587	0.00415	0.00248	0.00745
22	0.01301	0.54747	0.23075	0.00992	0.01491	0.01629	0.01090	0.01571	0.01043	0.07876	0.00841	0.00929	0.00678	0.00449	0.00371	0.00122	0.00570	0.00309	0.00243	0.00673
23	0.00990	0.00934	0.05381	0.39723	0.05482	0.00927	0.02757	0.01344	0.05253	0.04547	0.09127	0.03341	0.03084	0.00572	0.00486	0.00147	0.00527	0.00502	0.00306	0.14570
24	0.02792	0.04566	0.07645	0.10353	0.34985	0.02978	0.01227	0.07227	0.11909	0.04714	0.02844	0.01327	0.00944	0.00506	0.00474	0.00147	0.00550	0.00442	0.00314	0.04057
25	0.01342	0.00999	0.01098	0.00959	0.01242	0.01111	0.00753	0.07232	0.57206	0.12044	0.08792	0.01934	0.01699	0.00684	0.00506	0.00163	0.00388	0.00570	0.00517	0.00761
26	0.02194	0.00853	0.01151	0.00882	0.01263	0.00747	0.00729	0.04770	0.01435	0.77589	0.01915	0.01657	0.01205	0.00608	0.00494	0.00152	0.00422	0.00493	0.00605	0.00836
27	0.01241	0.05297	0.35631	0.04652	0.01765	0.01035	0.06002	0.01741	0.09031	0.16258	0.01375	0.01701	0.01059	0.00596	0.00492	0.00160	0.00586	0.07491	0.03185	0.00702
28	0.02726	0.42777	0.29240	0.01125	0.04616	0.01542	0.01189	0.03080	0.05088	0.01435	0.02571	0.01017	0.00769	0.00467	0.00393	0.00130	0.00581	0.00337	0.00240	0.00676
29	0.01243	0.01010	0.01090	0.00987	0.01258	0.01150	0.00776	0.02489	0.69320	0.06063	0.02039	0.02085	0.01578	0.00712	0.00512	0.00170	0.00395	0.05861	0.00502	0.00758
30	0.00715	0.00476	0.00536	0.00536	0.00536	0.00476	0.00298	0.00715	0.00715	0.00953	0.01548	0.03216	0.01787	0.82729	0.02501	0.00476	0.00476	0.00715	0.00298	0.00298
31	0.01477	0.04339	0.01207	0.01049	0.06132	0.02924	0.00788	0.07382	0.25249	0.24752	0.03732	0.01940	0.09355	0.00760	0.02322	0.00172	0.04670	0.00555	0.00474	0.00724
32	0.01265	0.01425	0.22012	0.01082	0.01479	0.01144	0.01038	0.12244	0.35505	0.07243	0.01539	0.01601	0.01164	0.04985	0.03892	0.00202	0.00543	0.00493	0.00409	0.00737
33	0.00703	0.00524	0.00777	0.00777	0.00860	0.00607	0.00598	0.00869	0.00786	0.01131	0.01328	0.01995	0.01256	0.07641	0.76864	0.00774	0.01274	0.00536	0.00265	0.00432
34	0.01015	0.00807	0.00846	0.00781	0.00998	0.00884	0.00602	0.01883	0.45162	0.01871	0.06502	0.02472	0.16247	0.00775	0.00489	0.00156	0.00324	0.00644	0.16910	0.00632
35	0.01154	0.01049	0.01776	0.33444	0.34636	0.01133	0.07777	0.02786	0.04988	0.04995	0.01013	0.01313	0.00784	0.00478	0.00497	0.00156	0.00614	0.00458	0.00267	0.00681
36	0.00916	0.00820	0.00970	0.00880	0.00985	0.09590	0.05936	0.02907	0.00901	0.01179	0.01320	0.05273	0.01346	0.29135	0.28698	0.00482	0.06260	0.00594	0.01369	0.00437
37	0.01075	0.01075	0.01505	0.01290	0.01290	0.01505	0.01075	0.01183	0.00753	0.01183	0.00645	0.01075	0.00645	0.00860	0.01613	0.00215	0.81830	0.00430	0.00215	0.00538
38	0.02757	0.00943	0.01095	0.00806	0.01225	0.00801	0.00652	0.12195	0.02314	0.12300	0.01071	0.01136	0.00816	0.00434	0.00400	0.00097	0.00397	0.00343	0.00365	0.59852
39	0.05963	0.09411	0.06091	0.05037	0.34441	0.01180	0.04313	0.10517	0.01232	0.08297	0.01153	0.08110	0.00990	0.00566	0.00475	0.00149	0.00543	0.00500	0.00319	0.00712
40	0.00592	0.00483	0.00523	0.00546	0.00679	0.00414	0.00397	0.00715	0.01098	0.01352	0.09112	0.21545	0.58250	0.01294	0.00591	0.00173	0.00256	0.01106	0.00462	0.00414
41	0.01379	0.00902	0.01161	0.17482	0.07027	0.06000	0.00865	0.06856	0.01235	0.25105	0.02630	0.20697	0.01514	0.00781	0.00517	0.00160	0.00481	0.00675	0.00422	0.04112
42	0.01045	0.00817	0.01197	0.43235	0.06384	0.00950	0.01019	0.03142	0.09958	0.04629	0.01233	0.01505	0.00933	0.00535	0.00456	0.00150	0.00504	0.00458	0.21269	0.00581
43	0.01277	0.01225	0.04516	0.01498	0.16948	0.05029	0.01049	0.13134	0.23592	0.01840	0.03045	0.01464	0.02730	0.00660	0.00756	0.00168	0.19524	0.00485	0.00358	0.00704
44	0.04833	0.19158	0.48396	0.01260	0.01852	0.04564	0.06168	0.01595	0.01062	0.05550	0.00888	0.01020	0.00659	0.00462	0.00436	0.00144	0.00666	0.00356	0.00237	0.00693
45	0.01263	0.00725	0.00899	0.00722	0.00998	0.00611	0.00545	0.01408	0.01050	0.24906	0.01504	0.07825	0.01332	0.20936	0.02327	0.00218	0.00418	0.00543	0.00400	0.31371
46	0.01019	0.00873	0.01019	0.00728	0.01165	0.00655	0.00582	0.01237	0.01019	0.01601	0.00873	0.01019	0.00728	0.00364	0.00364	0.00073	0.00364	0.00291	0.00291	0.85734
47	0.00710	0.00496	0.00633	0.00633	0.00666	0.00529	0.00418	0.00777	0.00743	0.01024	0.01460	0.02726	0.01574	0.52622	0.32318	0.00596	0.00796	0.00643	0.00285	0.00351
48	0.01326	0.01025	0.03206	0.03539	0.33988	0.01932	0.03265	0.03262	0.04380	0.16379	0.03285	0.01581	0.05233	0.00540	0.00476	0.00140	0.00489	0.00481	0.04776	0.10697
49	0.00992	0.01431	0.27682	0.04417	0.01722	0.00978	0.14104	0.05389	0.08481	0.01585	0.01495	0.11870	0.01403	0.06582	0.00681	0.00195	0.00595	0.09461	0.00323	0.00616
50	0.00989	0.00847	0.00983	0.00712	0.01130	0.00638	0.00568	0.01200	0.01026	0.01582	0.01158	0.01276	0.06191	0.00425	0.00379	0.00079	0.00356	0.00343	0.00303	0.79813
51	0.00599	0.00428	0.00570	0.00684	0.00713	0.00399	0.00456	0.00684	0.00941	0.01254	0.02709	0.82409	0.03250	0.01540	0.00627	0.00200	0.00285	0.01397	0.00456	0.00399
52	0.00617	0.00446	0.00583	0.00662	0.00714	0.00413	0.00453	0.00733	0.01038	0.01398	0.17751	0.62974	0.07557	0.01420	0.00616	0.00189	0.00273	0.01279	0.00473	0.00413
53	0.01836	0.02342	0.01393	0.01266	0.01519	0.80756	0.00950	0.01962	0.01393	0.01203	0.00760	0.00886	0.00633	0.00506	0.00443	0.00127	0.00886	0.00317	0.00253	0.00570
54	0.00715	0.00476	0.00536	0.00536	0.00536	0.00476	0.00298	0.00715	0.00715	0.00953	0.01548	0.03216	0.01787	0.82729	0.02501	0.00476	0.00476	0.00715	0.00298	0.00298
55	0.00769	0.00487	0.00613	0.00650	0.00749	0.00441	0.00461	0.00892	0.01065	0.08688	0.10318	0.48959	0.17557	0.01302	0.00588	0.00181	0.00283	0.01153	0.04392	0.00452
56	0.00844	0.00623	0.00885	0.02634	0.00940	0.00742	0.00644	0.00950	0.00786	0.04179	0.01217	0.01944	0.01180	0.16412	0.42274	0.07721	0.14794	0.00531	0.00269	0.00430
57	0.00709	0.00475	0.00534	0.00539	0.00550	0.00470	0.00308	0.00722	0.00748	0.01001	0.01745	0.06483	0.05180	0.74100	0.02295	0.00444	0.00453	0.00751	0.02184	0.00310
58	0.00599	0.00428	0.00570	0.00684	0.00713	0.00399	0.00456	0.00684	0.00941	0.01254	0.02709	0.82409	0.03250	0.01540	0.00627	0.00200	0.00285	0.01397	0.00456	0.00399
59	0.00653	0.00451	0.00554	0.00614	0.00629	0.00436	0.00381	0.00699	0.00834	0.01112	0.02161	0.45022	0.02559	0.39869	0.01512	0.00330	0.00375	0.01075	0.00381	0.00351
60	0.01088	0.01162	0.04414	0.40595	0.05714	0.08490	0.21020	0.01407	0.01079	0.02931	0.01045	0.06897	0.00871	0.00545	0.00518	0.00162	0.00691	0.00528	0.00254	0.00589
61	0.00887	0.00503	0.00630	0.00653	0.00766	0.00460	0.00468	0.01019	0.01055	0.13045	0.04371	0.46852	0.11574	0.01202	0.00556	0.00174	0.00291	0.01061	0.13957	0.00477
62	0.00740	0.00529	0.00590	0.00570	0.00742	0.00456	0.00439	0.00892	0.01185	0.07722	0.15942	0.04371	0.57381	0.01164	0.00579	0.00167	0.00272	0.05320	0.00481	0.00458
63	0.09343	0.46853	0.23168	0.01151	0.07907	0.01585	0.01128	0.01495	0.01003	0.01401	0.00756	0.00891	0.00631	0.00438	0.00369	0.00127	0.00570	0.00304	0.00221	0.00659
64	0.04819	0.04485	0.05607	0.01157	0.01532	0.01095	0.16497	0.08793	0.22436	0.14429	0.02607	0.01761	0.06553	0.00611	0.00501	0.00155	0.00508	0.01661	0.00418	0.04375

[dist]
# distance from previous block
# <min> <max>
0	5

[block]
# block no. 5 follows, 51 sequences, length 41
# corresponding to MSA columns:
# 288-328
name=unknown_F
#
# <colnr> <probs for GDERKNQSTAVLIFYWHMCP>
#	G	D	E	R	K	N	Q	S	T	A	V	L	I	F	Y	W	H	M	C	P
0	0.10116	0.01045	0.01538	0.29134	0.34089	0.04506	0.01236	0.02930	0.01101	0.01592	0.07238	0.01388	0.01018	0.00510	0.00475	0.00153	0.00570	0.00451	0.00271	0.00640
1	0.01317	0.01271	0.01550	0.18403	0.27032	0.14545	0.01177	0.13886	0.01312	0.01691	0.02891	0.03316	0.00928	0.00564	0.00541	0.00152	0.04603	0.01539	0.02620	0.00662
2	0.00810	0.00609	0.00796	0.00745	0.00877	0.00607	0.02023	0.05767	0.01145	0.03049	0.23430	0.23399	0.08966	0.05391	0.11237	0.00264	0.03985	0.00879	0.00427	0.05594
3	0.04829	0.05190	0.13263	0.01034	0.01430	0.02034	0.06627	0.05777	0.03979	0.36400	0.05345	0.03228	0.04401	0.00636	0.00517	0.00155	0.02283	0.01694	0.00452	0.00724
4	0.24686	0.00862	0.00950	0.00806	0.01104	0.00887	0.00655	0.04538	0.12901	0.30290	0.09979	0.01920	0.03150	0.00670	0.00464	0.00159	0.00386	0.04430	0.00486	0.00676
5	0.00714	0.00478	0.00546	0.00546	0.00549	0.00482	0.00310	0.00721	0.00718	0.00960	0.01540	0.03167	0.01765	0.79717	0.05485	0.00488	0.00508	0.00707	0.00296	0.00303
6	0.01002	0.00993	0.03224	0.64413	0.10773	0.04077	0.01334	0.01352	0.03887	0.01317	0.00916	0.01302	0.00701	0.00516	0.00516	0.01792	0.00644	0.00435	0.00232	0.00576
7	0.04343	0.00944	0.01134	0.00948	0.02873	0.03652	0.00743	0.07900	0.14600	0.47835	0.01705	0.01586	0.01157	0.00694	0.00603	0.07084	0.00442	0.00481	0.00520	0.00756
