[name]
unknown

[dist]
# distance from previous block
# <min> <max>
0	51

[block]
# block no. 0 follows, 53 sequences, length 29
# corresponding to MSA columns:
# 59-87
name=unknown_A
#
# <colnr> <probs for GDERKNQSTAVLIFYWHMCP>
#	G	D	E	R	K	N	Q	S	T	A	V	L	I	F	Y	W	H	M	C	P
0	0.04119	0.01244	0.10680	0.01658	0.11778	0.01095	0.31595	0.08273	0.01172	0.04886	0.01186	0.01787	0.01015	0.03008	0.00636	0.00174	0.04636	0.10118	0.00299	0.00641
1	0.02469	0.23920	0.11543	0.03911	0.04596	0.01163	0.00881	0.06401	0.04619	0.01448	0.01369	0.16039	0.04923	0.00697	0.00507	0.00141	0.05435	0.00555	0.00301	0.09081
2	0.00683	0.00512	0.00768	0.00768	0.00853	0.00597	0.00597	0.00853	0.00768	0.01110	0.01280	0.01878	0.01195	0.03585	0.81308	0.00768	0.01280	0.00512	0.00256	0.00427
3	0.01043	0.00768	0.02435	0.06419	0.01343	0.00720	0.14425	0.02516	0.04488	0.14632	0.27342	0.11266	0.06216	0.00873	0.02090	0.00171	0.00434	0.01817	0.00438	0.00563
4	0.00903	0.00850	0.01434	0.82054	0.03292	0.01062	0.01327	0.01221	0.00956	0.01221	0.00850	0.01274	0.00637	0.00478	0.00478	0.00159	0.00637	0.00425	0.00212	0.00531
5	0.01527	0.01383	0.01259	0.01068	0.01373	0.17053	0.00843	0.29183	0.36881	0.02192	0.01427	0.01378	0.01066	0.00591	0.00473	0.00148	0.00525	0.00456	0.00436	0.00737
6	0.00875	0.00737	0.05425	0.00703	0.00925	0.00597	0.00568	0.07276	0.01145	0.05634	0.12576	0.20473	0.18319	0.06567	0.00647	0.00169	0.00342	0.00804	0.00412	0.15809
7	0.01070	0.27027	0.45420	0.06748	0.07902	0.01348	0.01424	0.01465	0.01000	0.01379	0.00801	0.00966	0.00622	0.00440	0.00412	0.00136	0.00631	0.00334	0.00206	0.00670
8	0.01278	0.83490	0.02505	0.00818	0.01227	0.01891	0.00818	0.01431	0.00971	0.01125	0.00664	0.00767	0.00613	0.00409	0.00307	0.00102	0.00511	0.00256	0.00204	0.00613
9	0.00654	0.00471	0.00619	0.00616	0.00709	0.00436	0.00449	0.00846	0.01250	0.01753	0.61766	0.22241	0.04192	0.01100	0.00575	0.00161	0.00238	0.00981	0.00507	0.00436
10	0.01147	0.01146	0.01744	0.19002	0.41204	0.06557	0.05794	0.01478	0.05629	0.01444	0.00914	0.01207	0.00748	0.00497	0.00595	0.00154	0.09399	0.00432	0.00244	0.00664
11	0.05968	0.06667	0.05869	0.00936	0.01271	0.03592	0.00801	0.21026	0.19341	0.17333	0.08829	0.01639	0.03390	0.00621	0.00467	0.00147	0.00445	0.00492	0.00454	0.00713
12	0.00613	0.00511	0.00538	0.00527	0.00685	0.00449	0.00397	0.00810	0.04860	0.01429	0.17253	0.04294	0.63673	0.01145	0.00561	0.00160	0.00246	0.00962	0.00460	0.00428
13	0.00623	0.00486	0.00565	0.00546	0.00681	0.00428	0.00409	0.00799	0.01227	0.01619	0.44185	0.04061	0.40479	0.01088	0.00564	0.00156	0.00233	0.00933	0.00487	0.00428
14	0.04646	0.01141	0.07106	0.23418	0.39971	0.01098	0.08975	0.01450	0.01054	0.05250	0.00927	0.01210	0.00723	0.00448	0.00475	0.00150	0.00603	0.00430	0.00248	0.00676
15	0.01016	0.00898	0.01284	0.01118	0.01168	0.01187	0.02348	0.01144	0.00792	0.05804	0.00929	0.04686	0.00887	0.01421	0.18239	0.00322	0.55505	0.00484	0.00252	0.00516
16	0.02144	0.00813	0.01109	0.00850	0.01220	0.00702	0.00702	0.02329	0.01368	0.80552	0.01886	0.01627	0.01183	0.00592	0.00481	0.00148	0.00407	0.00481	0.00592	0.00813
17	0.01183	0.01136	0.01940	0.02934	0.80221	0.01136	0.01467	0.01467	0.01088	0.01562	0.00899	0.01183	0.00757	0.00426	0.00473	0.00142	0.00568	0.00426	0.00237	0.00757
18	0.00591	0.00428	0.00561	0.00664	0.00705	0.00398	0.00455	0.00684	0.00937	0.01236	0.02780	0.73529	0.08394	0.01469	0.00610	0.00193	0.00283	0.05249	0.00444	0.00392
19	0.01247	0.76173	0.06184	0.04245	0.01353	0.01819	0.00884	0.01426	0.00972	0.01147	0.00681	0.00800	0.00614	0.00414	0.00321	0.00107	0.00526	0.00267	0.00205	0.00614
20	0.04655	0.01742	0.41824	0.01269	0.01720	0.01133	0.06625	0.01510	0.00983	0.11360	0.00946	0.01151	0.00712	0.02349	0.00762	0.00172	0.19768	0.00402	0.00261	0.00656
21	0.01130	0.01135	0.01673	0.35103	0.40756	0.09266	0.01355	0.01411	0.01061	0.01383	0.00862	0.01188	0.00694	0.00454	0.00471	0.00147	0.00626	0.00413	0.00228	0.00644
22	0.01572	0.01890	0.01840	0.01479	0.01812	0.49589	0.26339	0.07029	0.01341	0.01414	0.00842	0.01021	0.00665	0.00469	0.00478	0.00137	0.00821	0.00400	0.00261	0.00601
23	0.00601	0.00427	0.00538	0.00628	0.00678	0.00394	0.00426	0.00699	0.00943	0.01267	0.02839	0.67490	0.12706	0.01397	0.00586	0.00184	0.00269	0.01252	0.06282	0.00394
24	0.01189	0.01027	0.01081	0.00973	0.01243	0.01189	0.00757	0.02540	0.79357	0.01999	0.01945	0.01783	0.01459	0.00648	0.00486	0.00162	0.00378	0.00540	0.00486	0.00757
25	0.01295	0.08998	0.10782	0.01722	0.11813	0.21743	0.30569	0.01594	0.01138	0.01389	0.00848	0.01080	0.00674	0.00452	0.00523	0.00145	0.03943	0.00425	0.00233	0.00635
26	0.00726	0.00571	0.00669	0.00662	0.00794	0.00564	0.00488	0.01105	0.15786	0.01631	0.30700	0.22929	0.19368	0.01092	0.00561	0.00166	0.00270	0.00955	0.00481	0.00483
27	0.06316	0.00945	0.01053	0.00893	0.01191	0.01015	0.00711	0.08327	0.41063	0.24732	0.01767	0.01631	0.01260	0.00608	0.00463	0.00152	0.00387	0.00492	0.06251	0.00743
28	0.01128	0.01289	0.02820	0.02015	0.02498	0.01209	0.78485	0.01531	0.01128	0.01531	0.00967	0.01289	0.00725	0.00403	0.00564	0.00161	0.00806	0.00564	0.00242	0.00645

[dist]
# distance from previous block
# <min> <max>
0	1

[block]
# block no. 1 follows, 53 sequences, length 8
# corresponding to MSA columns:
# 89-96
name=unknown_B
#
# <colnr> <probs for GDERKNQSTAVLIFYWHMCP>
#	G	D	E	R	K	N	Q	S	T	A	V	L	I	F	Y	W	H	M	C	P
0	0.01995	0.00780	0.01061	0.00825	0.01168	0.00677	0.00677	0.02184	0.01366	0.72520	0.09861	0.01825	0.01523	0.00631	0.00489	0.00148	0.00388	0.00520	0.00585	0.00776
1	0.00580	0.00452	0.00526	0.00577	0.00672	0.00399	0.00406	0.00689	0.01022	0.01293	0.08117	0.41679	0.39219	0.01333	0.00586	0.00176	0.00258	0.01166	0.00449	0.00399
2	0.00682	0.00510	0.00759	0.00756	0.00844	0.00587	0.00587	0.00857	0.00810	0.01167	0.06919	0.01999	0.01432	0.03398	0.75522	0.00724	0.01205	0.00537	0.00275	0.00428
3	0.00686	0.00499	0.00703	0.00703	0.00766	0.00562	0.00517	0.00812	0.00749	0.01062	0.01339	0.02206	0.01337	0.24464	0.60624	0.00688	0.01066	0.00560	0.00265	0.00391
4	0.09784	0.00945	0.01029	0.00840	0.05176	0.04833	0.00626	0.01274	0.00997	0.01598	0.00828	0.00972	0.00686	0.00374	0.00358	0.00085	0.00393	0.00289	0.00280	0.68634
5	0.03078	0.15031	0.11168	0.05556	0.07263	0.04284	0.03599	0.30692	0.04837	0.06775	0.01037	0.01118	0.00772	0.00515	0.00467	0.00141	0.02202	0.00396	0.00350	0.00719
6	0.06299	0.08404	0.14673	0.00915	0.01288	0.02920	0.00863	0.04297	0.01173	0.38264	0.01425	0.03429	0.01041	0.03874	0.08794	0.00220	0.00568	0.00453	0.00413	0.00686
7	0.01266	0.16301	0.35185	0.01213	0.03800	0.10002	0.01261	0.11055	0.04902	0.04211	0.00958	0.01122	0.00742	0.00511	0.00481	0.00143	0.03938	0.01951	0.00274	0.00681

[dist]
# distance from previous block
# <min> <max>
0	7

[block]
# block no. 2 follows, 53 sequences, length 22
# corresponding to MSA columns:
# 104-125
name=unknown_C
#
# <colnr> <probs for GDERKNQSTAVLIFYWHMCP>
#	G	D	E	R	K	N	Q	S	T	A	V	L	I	F	Y	W	H	M	C	P
0	0.01286	0.43272	0.03008	0.00829	0.01160	0.06770	0.00749	0.01574	0.08718	0.10861	0.13179	0.01539	0.04105	0.00575	0.00404	0.00125	0.00460	0.00434	0.00338	0.00617
1	0.03893	0.07306	0.01142	0.00891	0.01146	0.07851	0.00714	0.27832	0.01471	0.08184	0.01734	0.20854	0.05294	0.00842	0.00498	0.00155	0.00453	0.05465	0.01615	0.02660
2	0.24093	0.31052	0.04969	0.00884	0.01260	0.05353	0.00804	0.21277	0.01287	0.03899	0.00831	0.00904	0.00653	0.00471	0.00364	0.00129	0.00500	0.00314	0.00311	0.00645
3	0.04080	0.10308	0.05244	0.04681	0.01521	0.61646	0.00945	0.01778	0.01258	0.01227	0.00760	0.00898	0.00628	0.00482	0.00415	0.00124	0.00779	0.00312	0.02353	0.00563
4	0.00608	0.00451	0.00563	0.00615	0.00687	0.00424	0.00429	0.00699	0.00933	0.01211	0.04813	0.41261	0.24627	0.06250	0.10383	0.03781	0.00402	0.01071	0.00405	0.00386
5	0.01121	0.01073	0.01829	0.20327	0.63310	0.01119	0.01436	0.01413	0.01059	0.01487	0.00888	0.01203	0.00731	0.00437	0.00474	0.00146	0.00583	0.00426	0.00231	0.00707
6	0.00582	0.00416	0.00555	0.00666	0.00693	0.00388	0.00444	0.00666	0.00915	0.01220	0.02634	0.82891	0.03161	0.01497	0.00610	0.00194	0.00277	0.01359	0.00444	0.00388
7	0.00582	0.00416	0.00555	0.00666	0.00693	0.00388	0.00444	0.00666	0.00915	0.01220	0.02634	0.82891	0.03161	0.01497	0.00610	0.00194	0.00277	0.01359	0.00444	0.00388
8	0.00959	0.02472	0.80726	0.01362	0.02069	0.01110	0.01766	0.01514	0.01009	0.01514	0.00858	0.01009	0.00605	0.00454	0.00454	0.00151	0.00706	0.00353	0.00202	0.00706
9	0.00710	0.00463	0.00615	0.00657	0.00733	0.00427	0.00462	0.00843	0.01078	0.06424	0.26414	0.53341	0.03452	0.01280	0.00588	0.00178	0.00269	0.01151	0.00478	0.00434
10	0.01339	0.66205	0.06720	0.00913	0.01313	0.14294	0.00888	0.01511	0.01033	0.01153	0.00687	0.00795	0.00613	0.00425	0.00334	0.00108	0.00577	0.00269	0.00211	0.00609
11	0.10624	0.25802	0.26552	0.01017	0.01499	0.01306	0.03383	0.05610	0.06760	0.01590	0.00876	0.00982	0.00688	0.00446	0.00388	0.00127	0.00537	0.00329	0.00260	0.11224
12	0.01058	0.08551	0.09253	0.01226	0.01331	0.01468	0.01095	0.01211	0.00780	0.01183	0.00653	0.01017	0.00624	0.00761	0.01348	0.00194	0.67092	0.00397	0.00208	0.00549
13	0.00665	0.00505	0.00630	0.00700	0.00816	0.00470	0.00568	0.00826	0.01067	0.01346	0.03404	0.17248	0.31484	0.01307	0.00617	0.00194	0.00341	0.36950	0.00442	0.00418
14	0.00625	0.00467	0.00624	0.00712	0.00750	0.00465	0.00504	0.00723	0.00928	0.01238	0.02594	0.68253	0.05925	0.01433	0.00668	0.00196	0.05013	0.08051	0.00430	0.00401
15	0.09637	0.01595	0.29016	0.01751	0.17528	0.01125	0.22839	0.01535	0.01052	0.06023	0.00929	0.01134	0.00693	0.00450	0.00502	0.00153	0.02678	0.00426	0.00251	0.00682
16	0.01258	0.01587	0.28174	0.01540	0.02050	0.01109	0.34067	0.03392	0.01135	0.15081	0.01075	0.01239	0.00761	0.00478	0.00563	0.00158	0.04880	0.00470	0.00292	0.00692
17	0.00581	0.00481	0.00509	0.00511	0.00658	0.00409	0.00380	0.00714	0.01114	0.01371	0.14769	0.09244	0.65218	0.01197	0.00567	0.00162	0.00242	0.01011	0.00455	0.00409
18	0.01035	0.01355	0.19484	0.27974	0.14781	0.01146	0.12531	0.02682	0.06315	0.01462	0.00941	0.01220	0.00719	0.00489	0.00554	0.00158	0.05833	0.00436	0.00241	0.00642
19	0.01424	0.17273	0.11371	0.01151	0.06883	0.18254	0.00956	0.07593	0.09558	0.11840	0.01225	0.08250	0.01025	0.00590	0.00444	0.00139	0.00567	0.00460	0.00338	0.00659
20	0.81608	0.01004	0.00741	0.00664	0.00957	0.05774	0.00541	0.01435	0.00845	0.02087	0.00670	0.00781	0.00523	0.00447	0.00304	0.00146	0.00399	0.00262	0.00293	0.00520
21	0.03207	0.06181	0.02134	0.01723	0.11749	0.11209	0.34933	0.12272	0.01272	0.03940	0.00936	0.01155	0.00724	0.00475	0.00566	0.00151	0.05970	0.00460	0.00281	0.00663

[dist]
# distance from previous block
# <min> <max>
0	1

[block]
# block no. 3 follows, 53 sequences, length 56
# corresponding to MSA columns:
# 127-182
name=unknown_D
#
# <colnr> <probs for GDERKNQSTAVLIFYWHMCP>
#	G	D	E	R	K	N	Q	S	T	A	V	L	I	F	Y	W	H	M	C	P
0	0.02640	0.01530	0.24556	0.01209	0.07195	0.07742	0.01090	0.09031	0.26716	0.01813	0.06502	0.01612	0.05073	0.00600	0.00476	0.00151	0.00526	0.00486	0.00361	0.00689
1	0.00614	0.00443	0.00575	0.00649	0.00703	0.00413	0.00452	0.00727	0.00999	0.01337	0.15354	0.56151	0.08324	0.05404	0.00692	0.00200	0.00286	0.05831	0.00449	0.00398
2	0.00958	0.00727	0.00917	0.00826	0.00956	0.00837	0.01996	0.09436	0.08585	0.01652	0.10316	0.07573	0.01610	0.03014	0.16448	0.00282	0.14127	0.00581	0.18639	0.00521
3	0.00695	0.00463	0.00521	0.00521	0.00521	0.00463	0.00290	0.00695	0.00695	0.00927	0.01506	0.03128	0.01738	0.83203	0.02433	0.00463	0.00463	0.00695	0.00290	0.00290
4	0.01183	0.01136	0.01940	0.02934	0.80221	0.01136	0.01467	0.01467	0.01088	0.01562	0.00899	0.01183	0.00757	0.00426	0.00473	0.00142	0.00568	0.00426	0.00237	0.00757
5	0.86579	0.00924	0.00702	0.00629	0.00924	0.01072	0.00518	0.01405	0.00813	0.02144	0.00666	0.00776	0.00518	0.00444	0.00296	0.00148	0.00370	0.00259	0.00296	0.00518
6	0.59569	0.00889	0.00833	0.00700	0.01019	0.00954	0.00577	0.01701	0.00991	0.27226	0.01056	0.01048	0.00731	0.00491	0.00355	0.00148	0.00382	0.00330	0.00390	0.00612
7	0.00689	0.00579	0.00932	0.00893	0.00984	0.00572	0.11492	0.00818	0.00933	0.01260	0.02271	0.66172	0.02656	0.01301	0.00665	0.00190	0.05571	0.01187	0.00400	0.00433
8	0.01559	0.01884	0.01364	0.01220	0.01406	0.55818	0.00944	0.01758	0.06308	0.01219	0.00790	0.00969	0.00674	0.00590	0.00723	0.00147	0.21464	0.00351	0.00253	0.00559
9	0.01005	0.14223	0.69381	0.01283	0.01947	0.01223	0.01628	0.01502	0.01004	0.01457	0.00830	0.00974	0.00607	0.00448	0.00433	0.00144	0.00678	0.00339	0.00202	0.00693
10	0.01257	0.01226	0.01874	0.02723	0.70776	0.06825	0.01401	0.05293	0.01164	0.01605	0.00900	0.01158	0.00750	0.00438	0.00470	0.00141	0.00587	0.00418	0.00249	0.00745
11	0.00737	0.00501	0.00651	0.00610	0.00734	0.00458	0.00459	0.00951	0.01326	0.05531	0.70259	0.06429	0.07558	0.00988	0.00562	0.00152	0.00237	0.00871	0.00523	0.00464
12	0.00697	0.00484	0.00620	0.00586	0.00699	0.00450	0.00440	0.00922	0.01319	0.01904	0.72453	0.03399	0.04195	0.00937	0.00542	0.00147	0.00225	0.00824	0.08705	0.00450
13	0.00603	0.00429	0.00544	0.00627	0.00657	0.00404	0.00409	0.00672	0.00882	0.01167	0.02542	0.62826	0.07321	0.17404	0.00963	0.00245	0.00312	0.01209	0.00414	0.00370
14	0.00891	0.00445	0.00445	0.00445	0.00557	0.00445	0.00334	0.01114	0.01002	0.01782	0.01559	0.01782	0.01225	0.00557	0.00334	0.00111	0.00223	0.00445	0.85856	0.00445
15	0.01260	0.01062	0.01121	0.00987	0.01270	0.01222	0.00774	0.11184	0.70597	0.02114	0.01855	0.01711	0.01386	0.00640	0.00485	0.00160	0.00395	0.00528	0.00485	0.00763
16	0.05297	0.35148	0.26574	0.08933	0.07280	0.01449	0.01199	0.06474	0.01065	0.01458	0.00791	0.00946	0.00632	0.00443	0.00391	0.00131	0.00582	0.00326	0.00229	0.00653
17	0.01402	0.01915	0.33049	0.01228	0.01693	0.14313	0.01253	0.28004	0.05129	0.01975	0.00977	0.01070	0.00719	0.00529	0.00515	0.00147	0.04669	0.00384	0.00317	0.00711
18	0.01025	0.01079	0.06850	0.40567	0.32841	0.01088	0.05184	0.01348	0.01020	0.01399	0.00890	0.01233	0.00698	0.00454	0.00476	0.00151	0.00614	0.00428	0.02021	0.00634
19	0.01189	0.01027	0.01081	0.00973	0.01243	0.01189	0.00757	0.02540	0.79357	0.01999	0.01945	0.01783	0.01459	0.00648	0.00486	0.00162	0.00378	0.00540	0.00486	0.00757
20	0.00684	0.00509	0.00751	0.00751	0.00830	0.00588	0.00576	0.00842	0.00763	0.01097	0.01296	0.01966	0.01233	0.09219	0.75726	0.00747	0.01222	0.00525	0.00258	0.00417
21	0.01128	0.45490	0.39193	0.01073	0.01622	0.01525	0.01263	0.01470	0.00989	0.01307	0.00755	0.00880	0.00610	0.00430	0.00376	0.00125	0.00603	0.00301	0.00203	0.00657
22	0.00664	0.00484	0.00625	0.00603	0.00713	0.00445	0.00450	0.00872	0.01299	0.01815	0.67790	0.09290	0.09650	0.01037	0.00569	0.00156	0.00234	0.02349	0.00513	0.00443
23	0.01151	0.01103	0.01883	0.11922	0.71481	0.01127	0.01451	0.01439	0.01073	0.01523	0.00893	0.01193	0.00743	0.00432	0.00474	0.00144	0.00576	0.00426	0.00234	0.00731
24	0.30720	0.01754	0.32193	0.01057	0.01494	0.14155	0.01108	0.01571	0.02372	0.04520	0.00817	0.00942	0.00614	0.00483	0.00449	0.00148	0.04405	0.00324	0.00261	0.00613
25	0.02144	0.00813	0.01109	0.00850	0.01220	0.00702	0.00702	0.02329	0.01368	0.80552	0.01886	0.01627	0.01183	0.00592	0.00481	0.00148	0.00407	0.00481	0.00592	0.00813
26	0.05169	0.02396	0.76790	0.01326	0.02012	0.01108	0.01705	0.01508	0.00999	0.01545	0.00848	0.00998	0.00601	0.00454	0.00446	0.00151	0.00690	0.00349	0.00206	0.00697
27	0.00691	0.00653	0.00984	0.00813	0.01038	0.00576	0.16733	0.00878	0.01116	0.01386	0.09347	0.03834	0.58072	0.01025	0.00565	0.00161	0.00359	0.00905	0.00407	0.00457
28	0.01817	0.01339	0.01434	0.01100	0.01482	0.01482	0.00908	0.78627	0.02247	0.03012	0.01148	0.01148	0.00813	0.00574	0.00478	0.00143	0.00526	0.00430	0.00478	0.00813
29	0.01785	0.02278	0.01354	0.01231	0.01478	0.81284	0.00924	0.01909	0.01354	0.01170	0.00739	0.00862	0.00616	0.00493	0.00431	0.00123	0.00862	0.00308	0.00246	0.00554
30	0.01817	0.01339	0.01434	0.01100	0.01482	0.01482	0.00908	0.78627	0.02247	0.03012	0.01148	0.01148	0.00813	0.00574	0.00478	0.00143	0.00526	0.00430	0.00478	0.00813
31	0.00593	0.00431	0.00563	0.00664	0.00708	0.00400	0.00458	0.00688	0.00942	0.01240	0.02821	0.70989	0.09855	0.01461	0.00609	0.00193	0.00285	0.06263	0.00443	0.00393
32	0.00619	0.00429	0.00562	0.00650	0.00695	0.00403	0.00447	0.00730	0.00969	0.01333	0.09968	0.67154	0.03141	0.01376	0.00588	0.00185	0.00274	0.03583	0.06496	0.00400
33	0.00598	0.00432	0.00566	0.00645	0.00695	0.00400	0.00441	0.00708	0.01000	0.01345	0.16171	0.65264	0.07179	0.01393	0.00600	0.00185	0.00267	0.01256	0.00458	0.00400
34	0.00654	0.00488	0.00608	0.00578	0.00700	0.00442	0.00434	0.00859	0.01301	0.01793	0.65081	0.03774	0.19475	0.01023	0.00564	0.00153	0.00229	0.00893	0.00510	0.00442
35	0.01054	0.00962	0.01219	0.01111	0.12996	0.03698	0.03826	0.01282	0.01024	0.01543	0.00858	0.01027	0.00713	0.00372	0.00383	0.00087	0.00423	0.00317	0.00273	0.66834
36	0.05958	0.34209	0.19593	0.02937	0.05251	0.10745	0.01050	0.01461	0.01008	0.01346	0.00793	0.00954	0.00658	0.00471	0.00448	0.00129	0.05783	0.00320	0.06278	0.00609
37	0.00590	0.00419	0.00552	0.00656	0.00682	0.00393	0.00433	0.00668	0.00900	0.01200	0.02558	0.77479	0.03065	0.07041	0.00734	0.00212	0.00290	0.01314	0.00433	0.00382
38	0.01056	0.00988	0.01670	0.02438	0.61788	0.00981	0.03011	0.01300	0.01053	0.01489	0.01264	0.18300	0.01260	0.00650	0.00504	0.00153	0.00512	0.00624	0.00280	0.00677
39	0.00777	0.00639	0.00953	0.00850	0.00938	0.00664	0.11131	0.00932	0.04686	0.01161	0.01677	0.23678	0.01861	0.38005	0.03151	0.00322	0.07021	0.00819	0.00326	0.00409
40	0.13130	0.00828	0.01056	0.00822	0.01182	0.00751	0.00678	0.02209	0.01296	0.70350	0.01727	0.01516	0.01097	0.00572	0.00457	0.00148	0.00402	0.00452	0.00553	0.00775
41	0.01586	0.01201	0.10934	0.01393	0.01848	0.00960	0.33159	0.01904	0.01227	0.38656	0.01386	0.01416	0.00927	0.00497	0.00512	0.00154	0.00607	0.00501	0.00402	0.00731
42	0.03565	0.00964	0.06816	0.01082	0.08847	0.00780	0.00848	0.02171	0.01305	0.65904	0.01695	0.01524	0.01089	0.00563	0.00475	0.00148	0.00443	0.00462	0.00524	0.00795
43	0.01189	0.01027	0.01081	0.00973	0.01243	0.01189	0.00757	0.02540	0.79357	0.01999	0.01945	0.01783	0.01459	0.00648	0.00486	0.00162	0.00378	0.00540	0.00486	0.00757
44	0.01817	0.01339	0.01434	0.01100	0.01482	0.01482	0.00908	0.78627	0.02247	0.03012	0.01148	0.01148	0.00813	0.00574	0.00478	0.00143	0.00526	0.00430	0.00478	0.00813
45	0.01116	0.06387	0.01235	0.22955	0.01758	0.06783	0.00892	0.01879	0.38413	0.02988	0.01654	0.05572	0.05062	0.00643	0.00478	0.00156	0.00480	0.00536	0.00374	0.00637
46	0.01817	0.01339	0.01434	0.01100	0.01482	0.01482	0.00908	0.78627	0.02247	0.03012	0.01148	0.01148	0.00813	0.00574	0.00478	0.00143	0.00526	0.00430	0.00478	0.00813
47	0.00991	0.00850	0.00991	0.00708	0.01133	0.00637	0.00566	0.01203	0.00991	0.01557	0.00850	0.00991	0.00708	0.00354	0.00354	0.00071	0.00354	0.00283	0.00283	0.86124
48	0.00578	0.00434	0.00535	0.00616	0.00680	0.00392	0.00422	0.00671	0.00962	0.01239	0.03234	0.61633	0.24032	0.01420	0.00598	0.00185	0.00268	0.01264	0.00444	0.00392
49	0.01173	0.01140	0.01987	0.04535	0.73535	0.01139	0.06489	0.01466	0.01088	0.01552	0.00902	0.01192	0.00752	0.00425	0.00479	0.00144	0.00585	0.00435	0.00236	0.00745
50	0.01731	0.01303	0.01442	0.01210	0.06602	0.01439	0.00934	0.68208	0.07629	0.02846	0.01188	0.01195	0.00855	0.00569	0.00478	0.00145	0.00518	0.00438	0.00463	0.00805
51	0.01021	0.00879	0.01067	0.00873	0.06737	0.00689	0.00637	0.02715	0.01022	0.01586	0.00859	0.01008	0.00713	0.00363	0.00365	0.00077	0.00372	0.00296	0.00284	0.78438
52	0.01058	0.00978	0.01417	0.33828	0.23447	0.04961	0.01146	0.06797	0.04930	0.01542	0.08632	0.06790	0.01257	0.00594	0.00492	0.00153	0.00546	0.00528	0.00298	0.00607
53	0.15771	0.01213	0.01137	0.00966	0.01273	0.10391	0.00768	0.20762	0.32509	0.08228	0.01394	0.01342	0.01026	0.00574	0.00446	0.00150	0.00470	0.00435	0.00433	0.00711
54	0.62681	0.06402	0.02517	0.00737	0.01039	0.04989	0.00626	0.01512	0.00904	0.09702	0.00791	0.00882	0.00601	0.00478	0.00387	0.00147	0.04444	0.00293	0.00310	0.00559
55	0.05580	0.01351	0.04978	0.00946	0.01212	0.28392	0.00766	0.05282	0.05689	0.16293	0.22553	0.01807	0.01829	0.00651	0.00476	0.00141	0.00531	0.00509	0.00411	0.00603

[dist]
# distance from previous block
# <min> <max>
0	2

[block]
# block no. 4 follows, 53 sequences, length 10
# corresponding to MSA columns:
# 185-194
name=unknown_E
#
# <colnr> <probs for GDERKNQSTAVLIFYWHMCP>
#	G	D	E	R	K	N	Q	S	T	A	V	L	I	F	Y	W	H	M	C	P
0	0.01387	0.01081	0.01193	0.01161	0.09342	0.05972	0.00827	0.08195	0.45386	0.13534	0.03619	0.01703	0.03186	0.00623	0.00484	0.00154	0.00436	0.00516	0.00461	0.00741
1	0.01817	0.01339	0.01434	0.01100	0.01482	0.01482	0.00908	0.78627	0.02247	0.03012	0.01148	0.01148	0.00813	0.00574	0.00478	0.00143	0.00526	0.00430	0.00478	0.00813
2	0.00698	0.00478	0.00626	0.00704	0.00788	0.00447	0.00529	0.00827	0.01009	0.04792	0.02890	0.47809	0.13949	0.01370	0.00611	0.00194	0.00321	0.21087	0.00449	0.00423
3	0.01111	0.41109	0.43423	0.01103	0.01667	0.01483	0.01314	0.01474	0.00991	0.01328	0.00766	0.00894	0.00609	0.00433	0.00384	0.00128	0.00613	0.00307	0.00203	0.00662
4	0.01296	0.01076	0.01458	0.37329	0.10342	0.01237	0.01140	0.30328	0.07551	0.01987	0.01051	0.01257	0.00779	0.00522	0.00478	0.00152	0.00568	0.00436	0.00336	0.00677
5	0.01864	0.01264	0.01388	0.01064	0.01445	0.01371	0.00879	0.67726	0.02122	0.14091	0.01253	0.01216	0.00866	0.00576	0.00478	0.00144	0.00509	0.00438	0.00494	0.00813
6	0.00824	0.00757	0.00727	0.00766	0.00871	0.12035	0.00555	0.01047	0.08064	0.01336	0.05941	0.46195	0.11249	0.01210	0.00570	0.00177	0.00375	0.06424	0.00423	0.00453
7	0.01278	0.02167	0.39154	0.01219	0.01710	0.31526	0.01274	0.01619	0.01138	0.01389	0.00811	0.00951	0.00624	0.00454	0.00431	0.00129	0.00715	0.00326	0.00230	0.12853
8	0.01258	0.35772	0.32392	0.01112	0.01602	0.17740	0.01204	0.01560	0.01064	0.01284	0.00754	0.00879	0.00611	0.00443	0.00389	0.00125	0.00658	0.00304	0.00212	0.00637
9	0.01311	0.31073	0.21454	0.01029	0.01477	0.01448	0.01060	0.24755	0.01392	0.01845	0.05139	0.01260	0.00957	0.00534	0.00422	0.00134	0.00546	0.03171	0.00312	0.00682

[dist]
# distance from previous block
# <min> <max>
5	11

[block]
# block no. 5 follows, 53 sequences, length 124
# corresponding to MSA columns:
# 206-329
name=unknown_F
#
# <colnr> <probs for GDERKNQSTAVLIFYWHMCP>
#	G	D	E	R	K	N	Q	S	T	A	V	L	I	F	Y	W	H	M	C	P
0	0.00962	0.00710	0.00822	0.00750	0.00938	0.00730	0.00580	0.08241	0.20570	0.05887	0.32584	0.08631	0.12108	0.00918	0.00540	0.00159	0.00312	0.03494	0.00497	0.00566
1	0.00907	0.20773	0.12598	0.00751	0.01120	0.00924	0.00729	0.01124	0.01027	0.01363	0.03317	0.02190	0.27363	0.00678	0.00431	0.00121	0.00403	0.00539	0.00310	0.23330
2	0.01018	0.22138	0.01750	0.44664	0.04253	0.01301	0.04425	0.01268	0.00952	0.01213	0.00926	0.01236	0.03434	0.00518	0.00553	0.00149	0.09018	0.00407	0.00220	0.00557
3	0.01181	0.07642	0.22678	0.01233	0.06373	0.01191	0.05493	0.07375	0.31752	0.04251	0.04950	0.01466	0.01167	0.00559	0.00471	0.00151	0.00516	0.00468	0.00364	0.00718
4	0.00607	0.00448	0.00567	0.00617	0.00691	0.00409	0.00432	0.00737	0.01070	0.01432	0.25236	0.47074	0.16322	0.01300	0.00589	0.00176	0.00257	0.01158	0.00467	0.00409
5	0.00959	0.02270	0.69755	0.01396	0.02052	0.01089	0.09150	0.01479	0.01017	0.01503	0.00944	0.04526	0.00726	0.00494	0.00471	0.00154	0.00698	0.00416	0.00216	0.00687
6	0.01049	0.01101	0.02070	0.25224	0.02429	0.01215	0.37191	0.01411	0.04537	0.01387	0.00910	0.01259	0.00713	0.00521	0.00733	0.00170	0.16756	0.00494	0.00238	0.00593
7	0.01066	0.01016	0.01728	0.35991	0.48079	0.01105	0.01409	0.01364	0.01033	0.01419	0.00878	0.01221	0.00707	0.00448	0.00475	0.00149	0.00597	0.00425	0.00226	0.00663
8	0.01124	0.22789	0.04261	0.02428	0.10171	0.01203	0.19460	0.03593	0.01067	0.01456	0.01021	0.01197	0.04277	0.00444	0.00439	0.00120	0.01662	0.00402	0.00256	0.22631
9	0.00641	0.00487	0.00590	0.00564	0.00692	0.00436	0.00423	0.00833	0.01269	0.01717	0.55984	0.03899	0.28619	0.01052	0.00564	0.00154	0.00231	0.00910	0.00500	0.00436
10	0.00696	0.00522	0.00725	0.00733	0.00821	0.00498	0.03998	0.04827	0.01107	0.01507	0.22372	0.54541	0.03276	0.01266	0.00589	0.00179	0.00301	0.01147	0.00458	0.00438
11	0.01239	0.01220	0.01783	0.07554	0.58849	0.09093	0.02532	0.01595	0.07335	0.02743	0.00979	0.01213	0.00797	0.00456	0.00472	0.00143	0.00588	0.00426	0.00261	0.00722
12	0.00639	0.00515	0.00572	0.00553	0.00703	0.00463	0.00416	0.00864	0.05400	0.01556	0.31858	0.04076	0.48483	0.01096	0.00560	0.00157	0.00243	0.00931	0.00476	0.00440
13	0.00695	0.00463	0.00521	0.00521	0.00521	0.00463	0.00290	0.00695	0.00695	0.00927	0.01506	0.03128	0.01738	0.83203	0.02433	0.00463	0.00463	0.00695	0.00290	0.00290
14	0.00977	0.00949	0.01375	0.01186	0.01220	0.01285	0.03686	0.01105	0.00753	0.01156	0.00768	0.01218	0.00742	0.01361	0.17202	0.00317	0.63530	0.00442	0.00220	0.00508
15	0.01150	0.28247	0.47168	0.01175	0.01736	0.10098	0.01372	0.01530	0.01035	0.01352	0.00783	0.00916	0.00609	0.00444	0.00405	0.00133	0.00661	0.00317	0.00208	0.00660
16	0.00683	0.00512	0.00768	0.00768	0.00853	0.00597	0.00597	0.00853	0.00768	0.01110	0.01280	0.01878	0.01195	0.03585	0.81308	0.00768	0.01280	0.00512	0.00256	0.00427
17	0.00659	0.00450	0.00542	0.00576	0.00588	0.00445	0.00350	0.00692	0.00767	0.01026	0.01850	0.28016	0.02161	0.54477	0.05014	0.00391	0.00438	0.00895	0.00336	0.00326
18	0.00959	0.02472	0.80726	0.01362	0.02069	0.01110	0.01766	0.01514	0.01009	0.01514	0.00858	0.01009	0.00605	0.00454	0.00454	0.00151	0.00706	0.00353	0.00202	0.00706
19	0.00889	0.00486	0.00535	0.00540	0.00653	0.00483	0.00398	0.01139	0.04992	0.05040	0.04574	0.18354	0.01745	0.00769	0.00412	0.00134	0.00250	0.00653	0.57488	0.00465
20	0.00903	0.00850	0.01434	0.82054	0.03292	0.01062	0.01327	0.01221	0.00956	0.01221	0.00850	0.01274	0.00637	0.00478	0.00478	0.00159	0.00637	0.00425	0.00212	0.00531
21	0.01047	0.01920	0.45090	0.01668	0.05743	0.01148	0.30931	0.02717	0.01077	0.01546	0.00906	0.01126	0.00663	0.00434	0.00496	0.00153	0.00730	0.00437	0.00224	0.01946
22	0.00627	0.00511	0.00559	0.00542	0.00694	0.00454	0.00408	0.00837	0.04784	0.01513	0.27428	0.04158	0.53560	0.01114	0.00561	0.00158	0.00243	0.00943	0.00471	0.00434
23	0.01087	0.01046	0.01802	0.29312	0.51803	0.01114	0.04134	0.01387	0.01045	0.01447	0.00885	0.01217	0.00716	0.00442	0.00478	0.00148	0.00599	0.00430	0.00229	0.00678
24	0.00991	0.00850	0.00991	0.00708	0.01133	0.00637	0.00566	0.01203	0.00991	0.01557	0.00850	0.00991	0.00708	0.00354	0.00354	0.00071	0.00354	0.00283	0.00283	0.86124
25	0.01063	0.01062	0.01566	0.52626	0.24395	0.08575	0.01328	0.01353	0.01030	0.01310	0.00853	0.01211	0.00668	0.00465	0.00472	0.00151	0.00639	0.00414	0.00222	0.00596
26	0.00675	0.00489	0.00634	0.00630	0.00694	0.00513	0.00444	0.00781	0.00828	0.01135	0.09082	0.02788	0.09836	0.33115	0.35703	0.00533	0.00767	0.00665	0.00313	0.00375
27	0.00958	0.00906	0.01533	0.66507	0.18408	0.01076	0.01355	0.01269	0.00982	0.01288	0.00859	0.01256	0.00661	0.00468	0.00477	0.00156	0.00624	0.00425	0.00217	0.00575
28	0.01183	0.01136	0.01940	0.02934	0.80221	0.01136	0.01467	0.01467	0.01088	0.01562	0.00899	0.01183	0.00757	0.00426	0.00473	0.00142	0.00568	0.00426	0.00237	0.00757
29	0.00580	0.00457	0.00525	0.00577	0.00679	0.00402	0.00413	0.00688	0.01014	0.01265	0.03802	0.38612	0.43920	0.01339	0.00588	0.00178	0.00264	0.03857	0.00444	0.00398
30	0.34203	0.04589	0.01176	0.00905	0.01182	0.00941	0.15836	0.01195	0.00947	0.01644	0.01845	0.01954	0.21069	0.00886	0.06681	0.00202	0.03386	0.00537	0.00313	0.00511
31	0.01124	0.44463	0.40185	0.01080	0.01632	0.01515	0.01275	0.01471	0.00989	0.01312	0.00758	0.00883	0.00610	0.00431	0.00378	0.00126	0.00605	0.00303	0.00203	0.00658
32	0.00590	0.00429	0.00559	0.00660	0.00704	0.00398	0.00453	0.00684	0.00940	0.01237	0.02823	0.72078	0.09891	0.01463	0.00609	0.00193	0.00282	0.05170	0.00444	0.00392
33	0.00581	0.00420	0.00551	0.00655	0.00691	0.00389	0.00439	0.00667	0.00925	0.01224	0.02760	0.78436	0.07535	0.01481	0.00607	0.00192	0.00275	0.01339	0.00444	0.00389
34	0.01012	0.01066	0.02082	0.26035	0.02465	0.01136	0.40578	0.01331	0.01015	0.01371	0.01010	0.07045	0.00860	0.00554	0.00658	0.00169	0.10231	0.00561	0.00243	0.00578
35	0.00616	0.00455	0.00613	0.00707	0.00738	0.00452	0.00492	0.00708	0.00916	0.01228	0.02527	0.74506	0.03010	0.01454	0.00661	0.00196	0.04453	0.05438	0.00432	0.00398
36	0.01223	0.01098	0.01096	0.00987	0.01256	0.05746	0.00766	0.02504	0.74919	0.01952	0.01877	0.01731	0.01411	0.00640	0.00483	0.00160	0.00406	0.00527	0.00473	0.00745
37	0.00894	0.00818	0.01322	0.61837	0.06935	0.00982	0.01179	0.01243	0.05439	0.01316	0.04736	0.09028	0.01105	0.00603	0.00494	0.00161	0.00566	0.00539	0.00265	0.00539
38	0.00683	0.00511	0.00762	0.00762	0.00846	0.00594	0.00590	0.00850	0.00766	0.01105	0.01286	0.01907	0.01208	0.05478	0.79433	0.00761	0.01261	0.00516	0.00257	0.00423
39	0.01870	0.01326	0.01320	0.01048	0.01401	0.13257	0.00849	0.43349	0.05442	0.23250	0.01319	0.01261	0.00911	0.00570	0.00472	0.00142	0.00538	0.00430	0.00474	0.00771
40	0.86579	0.00924	0.00702	0.00629	0.00924	0.01072	0.00518	0.01405	0.00813	0.02144	0.00666	0.00776	0.00518	0.00444	0.00296	0.00148	0.00370	0.00259	0.00296	0.00518
41	0.01038	0.00877	0.01016	0.00730	0.01153	0.00685	0.00586	0.05609	0.01063	0.01640	0.00866	0.01000	0.00714	0.00366	0.00361	0.00075	0.00364	0.00292	0.00294	0.81270
42	0.00959	0.02472	0.80726	0.01362	0.02069	0.01110	0.01766	0.01514	0.01009	0.01514	0.00858	0.01009	0.00605	0.00454	0.00454	0.00151	0.00706	0.00353	0.00202	0.00706
43	0.01705	0.02150	0.01322	0.01207	0.01434	0.74780	0.00906	0.01825	0.01312	0.01171	0.00821	0.04577	0.00731	0.00550	0.00480	0.00129	0.03741	0.00359	0.00254	0.00545
44	0.00959	0.02472	0.80726	0.01362	0.02069	0.01110	0.01766	0.01514	0.01009	0.01514	0.00858	0.01009	0.00605	0.00454	0.00454	0.00151	0.00706	0.00353	0.00202	0.00706
45	0.00931	0.04971	0.17084	0.01077	0.01252	0.01134	0.01004	0.01126	0.00800	0.01186	0.00901	0.01439	0.00864	0.11895	0.15106	0.00322	0.37716	0.00450	0.00226	0.00517
46	0.00779	0.00488	0.00602	0.00621	0.00707	0.00488	0.01760	0.00977	0.04475	0.02964	0.01966	0.33556	0.02024	0.08372	0.06853	0.00229	0.00367	0.00836	0.31501	0.00433
47	0.00620	0.00516	0.00545	0.00533	0.00692	0.00457	0.00401	0.00829	0.05590	0.01442	0.17910	0.04258	0.62255	0.01137	0.00560	0.00159	0.00247	0.00957	0.00461	0.00432
48	0.01126	0.44909	0.39754	0.01077	0.01628	0.01519	0.01269	0.01470	0.00989	0.01310	0.00757	0.00882	0.00610	0.00430	0.00377	0.00126	0.00604	0.00302	0.00203	0.00658
49	0.00961	0.00933	0.01652	0.63786	0.11927	0.01087	0.10301	0.01285	0.00991	0.01296	0.00869	0.01266	0.00661	0.00463	0.00487	0.00158	0.00649	0.00441	0.00219	0.00570
50	0.01367	0.01192	0.01760	0.02284	0.51916	0.01259	0.01274	0.24783	0.01419	0.01977	0.00959	0.01164	0.00767	0.00494	0.00537	0.00146	0.05208	0.00427	0.00308	0.00761
51	0.00785	0.00587	0.00740	0.00756	0.00821	0.00628	0.00545	0.08785	0.01030	0.01416	0.03317	0.54027	0.02473	0.07075	0.00816	0.00206	0.09137	0.02138	0.04274	0.00444
52	0.00597	0.00426	0.00571	0.00682	0.00716	0.00401	0.00469	0.00690	0.00929	0.01236	0.02626	0.76938	0.03130	0.01484	0.00614	0.00196	0.00290	0.07169	0.00443	0.00392
53	0.00695	0.00463	0.00521	0.00521	0.00521	0.00463	0.00290	0.00695	0.00695	0.00927	0.01506	0.03128	0.01738	0.83203	0.02433	0.00463	0.00463	0.00695	0.00290	0.00290
54	0.01289	0.01087	0.01268	0.21865	0.01836	0.02837	0.00946	0.21774	0.37779	0.02043	0.01434	0.01470	0.01064	0.00582	0.00481	0.00156	0.00493	0.00478	0.00409	0.00709
55	0.00740	0.00563	0.00760	0.15720	0.01118	0.00625	0.00562	0.00828	0.00777	0.01040	0.01445	0.09888	0.01586	0.49209	0.07890	0.00390	0.04322	0.01884	0.00285	0.00367
56	0.03781	0.05555	0.04454	0.19041	0.08962	0.15361	0.19837	0.09681	0.02283	0.02676	0.00905	0.01139	0.00698	0.00471	0.00492	0.00146	0.02079	0.00423	0.00267	0.01746
57	0.01128	0.01289	0.02820	0.02015	0.02498	0.01209	0.78485	0.01531	0.01128	0.01531	0.00967	0.01289	0.00725	0.00403	0.00564	0.00161	0.00806	0.00564	0.00242	0.00645
58	0.00582	0.00416	0.00555	0.00666	0.00693	0.00388	0.00444	0.00666	0.00915	0.01220	0.02634	0.82891	0.03161	0.01497	0.00610	0.00194	0.00277	0.01359	0.00444	0.00388
59	0.00643	0.00487	0.00709	0.00733	0.00787	0.00461	0.05950	0.00733	0.00887	0.01185	0.02294	0.61429	0.02709	0.17474	0.00965	0.00245	0.00351	0.01172	0.00399	0.00387
60	0.01262	0.73679	0.09779	0.00880	0.01312	0.04012	0.00909	0.01452	0.00985	0.01162	0.00685	0.00792	0.00613	0.00415	0.00324	0.00107	0.00539	0.00266	0.00205	0.00620
61	0.01174	0.00997	0.01048	0.00946	0.01208	0.01151	0.00735	0.02467	0.75378	0.01988	0.01926	0.01783	0.01447	0.00644	0.00479	0.00160	0.00370	0.00536	0.04822	0.00741
62	0.00920	0.00644	0.00769	0.00680	0.00858	0.00628	0.00527	0.11858	0.04187	0.06452	0.50325	0.03215	0.15205	0.00923	0.00545	0.00151	0.00286	0.00793	0.00509	0.00526
63	0.01128	0.01289	0.02820	0.02015	0.02498	0.01209	0.78485	0.01531	0.01128	0.01531	0.00967	0.01289	0.00725	0.00403	0.00564	0.00161	0.00806	0.00564	0.00242	0.00645
64	0.00891	0.00445	0.00445	0.00445	0.00557	0.00445	0.00334	0.01114	0.01002	0.01782	0.01559	0.01782	0.01225	0.00557	0.00334	0.00111	0.00223	0.00445	0.85856	0.00445
65	0.01817	0.01339	0.01434	0.01100	0.01482	0.01482	0.00908	0.78627	0.02247	0.03012	0.01148	0.01148	0.00813	0.00574	0.00478	0.00143	0.00526	0.00430	0.00478	0.00813
66	0.01216	0.00969	0.04286	0.44139	0.21428	0.01011	0.01254	0.01509	0.01071	0.16902	0.01065	0.01312	0.00772	0.00487	0.00476	0.00153	0.00578	0.00433	0.00292	0.00647
67	0.13637	0.13024	0.12157	0.01325	0.17069	0.04743	0.01004	0.05610	0.01163	0.22498	0.01128	0.02781	0.00839	0.00506	0.00425	0.00140	0.00513	0.00396	0.00346	0.00697
68	0.01032	0.01963	0.47197	0.01643	0.02253	0.01152	0.34784	0.01521	0.01060	0.01521	0.00905	0.01130	0.00657	0.00432	0.00501	0.00156	0.00749	0.00444	0.00219	0.00680
69	0.00695	0.00463	0.00521	0.00521	0.00521	0.00463	0.00290	0.00695	0.00695	0.00927	0.01506	0.03128	0.01738	0.83203	0.02433	0.00463	0.00463	0.00695	0.00290	0.00290
70	0.01013	0.17953	0.10840	0.01092	0.01375	0.01101	0.11458	0.01256	0.01029	0.04153	0.06088	0.05731	0.04328	0.00794	0.00666	0.00168	0.12457	0.17626	0.00314	0.00557
71	0.01028	0.07844	0.67264	0.01358	0.02010	0.04871	0.06129	0.01527	0.01029	0.01473	0.00846	0.01002	0.00613	0.00450	0.00450	0.00147	0.00706	0.00357	0.00206	0.00689
72	0.69731	0.00910	0.00881	0.00751	0.01045	0.01015	0.07788	0.01342	0.00863	0.01996	0.01022	0.04835	0.05183	0.00532	0.00351	0.00152	0.00399	0.00381	0.00306	0.00517
73	0.00584	0.00418	0.00556	0.00664	0.00694	0.00390	0.00444	0.00671	0.00925	0.01235	0.04335	0.81146	0.03191	0.01486	0.00609	0.00193	0.00276	0.01348	0.00445	0.00390
74	0.01134	0.01304	0.09281	0.11188	0.34088	0.10238	0.08830	0.02480	0.02326	0.01452	0.01196	0.05092	0.05415	0.00554	0.00524	0.00151	0.03342	0.00497	0.00260	0.00648
75	0.01203	0.01223	0.01712	0.01800	0.26013	0.11940	0.16005	0.08437	0.01191	0.01552	0.02544	0.06361	0.07138	0.00626	0.00628	0.00156	0.10003	0.00545	0.00291	0.00631
76	0.00666	0.00496	0.00661	0.00659	0.00747	0.00529	0.00490	0.00801	0.00845	0.01157	0.04795	0.02676	0.16892	0.16052	0.48023	0.00564	0.00884	0.00651	0.02011	0.00401
77	0.00903	0.00850	0.01434	0.82054	0.03292	0.01062	0.01327	0.01221	0.00956	0.01221	0.00850	0.01274	0.00637	0.00478	0.00478	0.00159	0.00637	0.00425	0.00212	0.00531
78	0.01930	0.00789	0.01042	0.00815	0.01147	0.00705	0.00667	0.06012	0.01384	0.65107	0.07287	0.01750	0.01400	0.00615	0.00475	0.00145	0.00386	0.00502	0.07081	0.00760
79	0.00617	0.00489	0.00554	0.00582	0.00710	0.00434	0.00446	0.00754	0.01076	0.01338	0.09539	0.12145	0.49969	0.04948	0.00670	0.00188	0.00289	0.14404	0.00442	0.00407
80	0.00993	0.02257	0.67378	0.01559	0.09401	0.01120	0.07636	0.01511	0.01026	0.01519	0.00870	0.01047	0.00629	0.00448	0.00464	0.00151	0.00701	0.00376	0.00208	0.00706
81	0.00630	0.00466	0.00563	0.00581	0.00661	0.00435	0.00403	0.00745	0.01008	0.01336	0.21277	0.22866	0.22354	0.18316	0.05962	0.00267	0.00357	0.00964	0.00420	0.00389
82	0.01221	0.50833	0.22664	0.01073	0.01553	0.07392	0.06581	0.01494	0.01020	0.01257	0.00741	0.00873	0.00619	0.00426	0.00372	0.00121	0.00608	0.00306	0.00209	0.00635
83	0.58485	0.17819	0.04539	0.00774	0.01117	0.03593	0.03398	0.02971	0.00909	0.01878	0.00696	0.00812	0.00557	0.00440	0.00322	0.00138	0.00445	0.00278	0.00274	0.00556
84	0.00908	0.00820	0.01228	0.37511	0.05570	0.02446	0.01006	0.01090	0.00852	0.01148	0.00937	0.01553	0.00861	0.13297	0.07645	0.04716	0.17235	0.00469	0.00228	0.00478
85	0.00695	0.00515	0.00668	0.00723	0.00840	0.00488	0.00595	0.00886	0.01139	0.01489	0.19184	0.09697	0.19841	0.01236	0.00616	0.00191	0.00342	0.39966	0.00459	0.00431
86	0.00903	0.00850	0.01434	0.82054	0.03292	0.01062	0.01327	0.01221	0.00956	0.01221	0.00850	0.01274	0.00637	0.00478	0.00478	0.00159	0.00637	0.00425	0.00212	0.00531
87	0.00668	0.00490	0.00637	0.00671	0.00772	0.00458	0.00521	0.00851	0.01169	0.01576	0.35365	0.19755	0.13332	0.01197	0.00598	0.00178	0.00293	0.20563	0.00477	0.00430
88	0.00615	0.00438	0.00584	0.00690	0.00729	0.00415	0.00484	0.00714	0.00932	0.01237	0.02568	0.68051	0.03037	0.05166	0.00700	0.00210	0.00309	0.12293	0.00436	0.00391
89	0.01141	0.48764	0.36032	0.01051	0.01588	0.01556	0.01224	0.01467	0.00987	0.01291	0.00747	0.00871	0.00610	0.00428	0.00370	0.00123	0.00595	0.00297	0.00203	0.00653
90	0.00812	0.00609	0.00726	0.00702	0.00834	0.02258	0.00538	0.08941	0.01047	0.01440	0.02196	0.11735	0.17989	0.02104	0.35188	0.00417	0.00732	0.00694	0.10576	0.00462
91	0.09534	0.02194	0.65056	0.01258	0.01887	0.01129	0.01552	0.05467	0.04671	0.01675	0.00904	0.01029	0.00647	0.00468	0.00441	0.00151	0.00649	0.00356	0.00238	0.00695
92	0.00683	0.00512	0.00768	0.00768	0.00853	0.00597	0.00597	0.00853	0.00768	0.01110	0.01280	0.01878	0.01195	0.03585	0.81308	0.00768	0.01280	0.00512	0.00256	0.00427
93	0.00959	0.02472	0.80726	0.01362	0.02069	0.01110	0.01766	0.01514	0.01009	0.01514	0.00858	0.01009	0.00605	0.00454	0.00454	0.00151	0.00706	0.00353	0.00202	0.00706
94	0.00691	0.00509	0.00738	0.00746	0.00823	0.00577	0.00573	0.00844	0.00785	0.01112	0.01404	0.02301	0.01381	0.13209	0.65412	0.00689	0.01115	0.06405	0.00274	0.00411
95	0.00903	0.00850	0.01434	0.82054	0.03292	0.01062	0.01327	0.01221	0.00956	0.01221	0.00850	0.01274	0.00637	0.00478	0.00478	0.00159	0.00637	0.00425	0.00212	0.00531
96	0.00682	0.00520	0.00601	0.00578	0.00723	0.00474	0.00434	0.00917	0.05595	0.03222	0.37226	0.07472	0.37651	0.01078	0.00560	0.00158	0.00247	0.00925	0.00485	0.00452
97	0.00616	0.00472	0.00567	0.00582	0.00693	0.00422	0.00427	0.00770	0.01145	0.01508	0.31776	0.22777	0.31730	0.01196	0.00578	0.00167	0.00251	0.03431	0.00474	0.00418
98	0.04499	0.01489	0.01217	0.01067	0.01349	0.27703	0.00829	0.15004	0.37929	0.01900	0.01368	0.01337	0.01039	0.00577	0.00460	0.00146	0.00562	0.00435	0.00399	0.00691
99	0.00627	0.00434	0.00560	0.00650	0.00688	0.00412	0.00444	0.00721	0.00913	0.01240	0.02467	0.62343	0.03889	0.10301	0.00794	0.00220	0.00306	0.06928	0.05678	0.00385
100	0.00710	0.00511	0.00699	0.00804	0.00894	0.00499	0.00663	0.00888	0.01049	0.01367	0.02663	0.26433	0.06356	0.01364	0.00642	0.00210	0.00387	0.52995	0.00441	0.00424
101	0.00661	0.00490	0.00626	0.00699	0.00764	0.00480	0.00492	0.00888	0.08306	0.01390	0.12058	0.61168	0.03144	0.01344	0.00596	0.00187	0.00290	0.05526	0.00458	0.00433
102	0.48584	0.01126	0.00971	0.00819	0.01134	0.08611	0.00665	0.17039	0.04839	0.10754	0.00961	0.00998	0.00702	0.00500	0.00374	0.00145	0.00451	0.00335	0.00369	0.00623
103	0.00619	0.00447	0.00586	0.00634	0.00700	0.00414	0.00444	0.00760	0.01095	0.01500	0.33494	0.48796	0.06168	0.01281	0.00590	0.00176	0.00256	0.01151	0.00477	0.00414
104	0.00600	0.00480	0.00531	0.00544	0.00674	0.00420	0.00404	0.00732	0.01091	0.01364	0.14952	0.12616	0.53377	0.04921	0.00659	0.00180	0.00265	0.05335	0.00448	0.00406
105	0.05945	0.04262	0.01313	0.02819	0.01403	0.16343	0.00844	0.35590	0.14464	0.07922	0.01250	0.03589	0.00951	0.00584	0.00459	0.00144	0.00543	0.00441	0.00418	0.00714
106	0.00959	0.02472	0.80726	0.01362	0.02069	0.01110	0.01766	0.01514	0.01009	0.01514	0.00858	0.01009	0.00605	0.00454	0.00454	0.00151	0.00706	0.00353	0.00202	0.00706
107	0.01785	0.02278	0.01354	0.01231	0.01478	0.81284	0.00924	0.01909	0.01354	0.01170	0.00739	0.00862	0.00616	0.00493	0.00431	0.00123	0.00862	0.00308	0.00246	0.00554
108	0.01817	0.01339	0.01434	0.01100	0.01482	0.01482	0.00908	0.78627	0.02247	0.03012	0.01148	0.01148	0.00813	0.00574	0.00478	0.00143	0.00526	0.00430	0.00478	0.00813
109	0.00830	0.00415	0.00623	0.00623	0.00623	0.00415	0.00415	0.00623	0.00623	0.00830	0.00830	0.01453	0.00830	0.01660	0.01868	0.86094	0.00415	0.00415	0.00208	0.00208
110	0.06277	0.07673	0.16270	0.02702	0.01512	0.00961	0.09491	0.02681	0.01151	0.28467	0.04036	0.01381	0.02460	0.00522	0.00474	0.00139	0.02305	0.00433	0.00374	0.10690
