[name]
unknown

[dist]
# distance from previous block
# <min> <max>
0	394

[block]
# block no. 0 follows, 44 sequences, length 20
# corresponding to MSA columns:
# 514-533
name=unknown_A
#
# <colnr> <probs for GDERKNQSTAVLIFYWHMCP>
#	G	D	E	R	K	N	Q	S	T	A	V	L	I	F	Y	W	H	M	C	P
0	0.00772	0.00557	0.00729	0.00686	0.00814	0.00514	0.00514	0.01029	0.01543	0.02186	0.77152	0.04072	0.05144	0.01115	0.00643	0.00171	0.00257	0.00986	0.00600	0.00514
1	0.00947	0.00473	0.00710	0.00710	0.00710	0.00473	0.00473	0.00710	0.00710	0.00947	0.00947	0.01657	0.00947	0.01894	0.02131	0.84138	0.00473	0.00473	0.00237	0.00237
2	0.00793	0.00529	0.00595	0.00595	0.00595	0.00529	0.00330	0.00793	0.00793	0.01057	0.01718	0.03568	0.01982	0.80840	0.02775	0.00529	0.00529	0.00793	0.00330	0.00330
3	0.01349	0.01295	0.02213	0.03346	0.77440	0.01295	0.01673	0.01673	0.01241	0.01781	0.01025	0.01349	0.00864	0.00486	0.00540	0.00162	0.00648	0.00486	0.00270	0.00864
4	0.02037	0.02598	0.01545	0.01404	0.01685	0.78652	0.01053	0.02177	0.01545	0.01334	0.00843	0.00983	0.00702	0.00562	0.00492	0.00140	0.00983	0.00351	0.00281	0.00632
5	0.01030	0.00969	0.01635	0.79530	0.03755	0.01211	0.01514	0.01393	0.01090	0.01393	0.00969	0.01453	0.00727	0.00545	0.00545	0.00182	0.00727	0.00484	0.00242	0.00606
6	0.01030	0.00969	0.01635	0.79530	0.03755	0.01211	0.01514	0.01393	0.01090	0.01393	0.00969	0.01453	0.00727	0.00545	0.00545	0.00182	0.00727	0.00484	0.00242	0.00606
7	0.02446	0.00928	0.01265	0.00970	0.01392	0.00801	0.00801	0.02657	0.01560	0.77817	0.02151	0.01856	0.01350	0.00675	0.00548	0.00169	0.00464	0.00548	0.00675	0.00928
8	0.01349	0.01295	0.02213	0.03346	0.77440	0.01295	0.01673	0.01673	0.01241	0.01781	0.01025	0.01349	0.00864	0.00486	0.00540	0.00162	0.00648	0.00486	0.00270	0.00864
9	0.00947	0.00473	0.00710	0.00710	0.00710	0.00473	0.00473	0.00710	0.00710	0.00947	0.00947	0.01657	0.00947	0.01894	0.02131	0.84138	0.00473	0.00473	0.00237	0.00237
10	0.01030	0.00969	0.01635	0.79530	0.03755	0.01211	0.01514	0.01393	0.01090	0.01393	0.00969	0.01453	0.00727	0.00545	0.00545	0.00182	0.00727	0.00484	0.00242	0.00606
11	0.01349	0.01295	0.02213	0.03346	0.77440	0.01295	0.01673	0.01673	0.01241	0.01781	0.01025	0.01349	0.00864	0.00486	0.00540	0.00162	0.00648	0.00486	0.00270	0.00864
12	0.01030	0.00969	0.01635	0.79530	0.03755	0.01211	0.01514	0.01393	0.01090	0.01393	0.00969	0.01453	0.00727	0.00545	0.00545	0.00182	0.00727	0.00484	0.00242	0.00606
13	0.01093	0.02820	0.78016	0.01554	0.02360	0.01266	0.02014	0.01727	0.01151	0.01727	0.00978	0.01151	0.00691	0.00518	0.00518	0.00173	0.00806	0.00403	0.00230	0.00806
14	0.01030	0.00969	0.01635	0.79530	0.03755	0.01211	0.01514	0.01393	0.01090	0.01393	0.00969	0.01453	0.00727	0.00545	0.00545	0.00182	0.00727	0.00484	0.00242	0.00606
15	0.02037	0.02598	0.01545	0.01404	0.01685	0.78652	0.01053	0.02177	0.01545	0.01334	0.00843	0.00983	0.00702	0.00562	0.00492	0.00140	0.00983	0.00351	0.00281	0.00632
16	0.02042	0.01117	0.01946	0.01433	0.01900	0.01003	0.26847	0.02339	0.01465	0.51279	0.01785	0.01721	0.01167	0.00600	0.00581	0.00174	0.00623	0.00581	0.00536	0.00861
17	0.00879	0.00628	0.00879	0.01004	0.01130	0.00628	0.00879	0.01130	0.01255	0.01632	0.02887	0.06150	0.03138	0.01506	0.00753	0.00251	0.00502	0.73770	0.00502	0.00502
18	0.02037	0.02598	0.01545	0.01404	0.01685	0.78652	0.01053	0.02177	0.01545	0.01334	0.00843	0.00983	0.00702	0.00562	0.00492	0.00140	0.00983	0.00351	0.00281	0.00632
19	0.02446	0.00928	0.01265	0.00970	0.01392	0.00801	0.00801	0.02657	0.01560	0.77817	0.02151	0.01856	0.01350	0.00675	0.00548	0.00169	0.00464	0.00548	0.00675	0.00928

[dist]
# distance from previous block
# <min> <max>
0	2

[block]
# block no. 1 follows, 44 sequences, length 14
# corresponding to MSA columns:
# 536-549
name=unknown_B
#
# <colnr> <probs for GDERKNQSTAVLIFYWHMCP>
#	G	D	E	R	K	N	Q	S	T	A	V	L	I	F	Y	W	H	M	C	P
0	0.00967	0.00607	0.00756	0.00690	0.00873	0.00540	0.00528	0.01187	0.01467	0.12346	0.48229	0.04075	0.23405	0.01124	0.00630	0.00174	0.00290	0.00969	0.00586	0.00557
1	0.02297	0.00961	0.01261	0.00989	0.01395	0.00877	0.00810	0.02690	0.11805	0.67485	0.02160	0.01880	0.01393	0.00684	0.00549	0.00171	0.00459	0.00558	0.00658	0.00919
2	0.02446	0.00928	0.01265	0.00970	0.01392	0.00801	0.00801	0.02657	0.01560	0.77817	0.02151	0.01856	0.01350	0.00675	0.00548	0.00169	0.00464	0.00548	0.00675	0.00928
3	0.02446	0.00928	0.01265	0.00970	0.01392	0.00801	0.00801	0.02657	0.01560	0.77817	0.02151	0.01856	0.01350	0.00675	0.00548	0.00169	0.00464	0.00548	0.00675	0.00928
4	0.01458	0.81168	0.02857	0.00933	0.01399	0.02157	0.00933	0.01632	0.01108	0.01283	0.00758	0.00875	0.00700	0.00466	0.00350	0.00117	0.00583	0.00292	0.00233	0.00700
5	0.00793	0.00529	0.00595	0.00595	0.00595	0.00529	0.00330	0.00793	0.00793	0.01057	0.01718	0.03568	0.01982	0.80840	0.02775	0.00529	0.00529	0.00793	0.00330	0.00330
6	0.01349	0.01295	0.02213	0.03346	0.77440	0.01295	0.01673	0.01673	0.01241	0.01781	0.01025	0.01349	0.00864	0.00486	0.00540	0.00162	0.00648	0.00486	0.00270	0.00864
7	0.02057	0.01975	0.01598	0.01317	0.01688	0.33890	0.01043	0.44894	0.02137	0.02557	0.01114	0.01173	0.00833	0.00616	0.00523	0.00154	0.00760	0.00432	0.00435	0.00804
8	0.84691	0.01054	0.00801	0.00717	0.01054	0.01223	0.00590	0.01603	0.00928	0.02446	0.00759	0.00886	0.00590	0.00506	0.00337	0.00169	0.00422	0.00295	0.00337	0.00590
9	0.00793	0.00529	0.00595	0.00595	0.00595	0.00529	0.00330	0.00793	0.00793	0.01057	0.01718	0.03568	0.01982	0.80840	0.02775	0.00529	0.00529	0.00793	0.00330	0.00330
10	0.84691	0.01054	0.00801	0.00717	0.01054	0.01223	0.00590	0.01603	0.00928	0.02446	0.00759	0.00886	0.00590	0.00506	0.00337	0.00169	0.00422	0.00295	0.00337	0.00590
11	0.01383	0.01161	0.01254	0.01048	0.01418	0.01232	0.00827	0.11221	0.47966	0.02288	0.01784	0.01712	0.01353	0.00642	0.00514	0.00155	0.00444	0.00525	0.00493	0.22578
12	0.01287	0.01471	0.03217	0.02298	0.02849	0.01379	0.75460	0.01746	0.01287	0.01746	0.01103	0.01471	0.00827	0.00460	0.00643	0.00184	0.00919	0.00643	0.00276	0.00735
13	0.00793	0.00529	0.00595	0.00595	0.00595	0.00529	0.00330	0.00793	0.00793	0.01057	0.01718	0.03568	0.01982	0.80840	0.02775	0.00529	0.00529	0.00793	0.00330	0.00330

[dist]
# distance from previous block
# <min> <max>
0	1

[block]
# block no. 2 follows, 44 sequences, length 7
# corresponding to MSA columns:
# 551-557
name=unknown_C
#
# <colnr> <probs for GDERKNQSTAVLIFYWHMCP>
#	G	D	E	R	K	N	Q	S	T	A	V	L	I	F	Y	W	H	M	C	P
0	0.00833	0.00598	0.00815	0.00869	0.00996	0.00580	0.00724	0.01087	0.01377	0.01867	0.34395	0.05268	0.03989	0.01340	0.00706	0.00217	0.00398	0.42890	0.00544	0.00507
1	0.01287	0.01471	0.03217	0.02298	0.02849	0.01379	0.75460	0.01746	0.01287	0.01746	0.01103	0.01471	0.00827	0.00460	0.00643	0.00184	0.00919	0.00643	0.00276	0.00735
2	0.01130	0.00969	0.01130	0.00807	0.01292	0.00727	0.00646	0.01373	0.01130	0.01776	0.00969	0.01130	0.00807	0.00404	0.00404	0.00081	0.00404	0.00323	0.00323	0.84173
3	0.00793	0.00529	0.00595	0.00595	0.00595	0.00529	0.00330	0.00793	0.00793	0.01057	0.01718	0.03568	0.01982	0.80840	0.02775	0.00529	0.00529	0.00793	0.00330	0.00330
4	0.02235	0.00934	0.01244	0.00944	0.01376	0.00789	0.00776	0.02451	0.01491	0.65629	0.01961	0.01739	0.01263	0.00631	0.00525	0.00155	0.00454	0.00512	0.00618	0.14270
5	0.01458	0.81168	0.02857	0.00933	0.01399	0.02157	0.00933	0.01632	0.01108	0.01283	0.00758	0.00875	0.00700	0.00466	0.00350	0.00117	0.00583	0.00292	0.00233	0.00700
6	0.01412	0.45492	0.02133	0.01012	0.01407	0.01800	0.00902	0.02196	0.34710	0.01728	0.01409	0.01392	0.01130	0.00588	0.00441	0.00147	0.00515	0.00436	0.00377	0.00772

[dist]
# distance from previous block
# <min> <max>
1	2

[block]
# block no. 3 follows, 44 sequences, length 6
# corresponding to MSA columns:
# 560-565
name=unknown_D
#
# <colnr> <probs for GDERKNQSTAVLIFYWHMCP>
#	G	D	E	R	K	N	Q	S	T	A	V	L	I	F	Y	W	H	M	C	P
0	0.00664	0.00474	0.00633	0.00759	0.00791	0.00443	0.00506	0.00759	0.01044	0.01392	0.03005	0.80485	0.03606	0.01708	0.00696	0.00221	0.00316	0.01550	0.00506	0.00443
1	0.00779	0.00584	0.00876	0.00876	0.00974	0.00681	0.00681	0.00974	0.00876	0.01266	0.01460	0.02142	0.01363	0.04089	0.78680	0.00876	0.01460	0.00584	0.00292	0.00487
2	0.01923	0.01453	0.01552	0.01224	0.01634	0.01621	0.01000	0.60430	0.17999	0.03195	0.01499	0.01460	0.01081	0.00672	0.00547	0.00168	0.00565	0.00517	0.00547	0.00914
3	0.02072	0.01527	0.01636	0.01254	0.01691	0.01691	0.01036	0.75622	0.02563	0.03436	0.01309	0.01309	0.00927	0.00654	0.00545	0.00164	0.00600	0.00491	0.00545	0.00927
4	0.00779	0.00584	0.00876	0.00876	0.00974	0.00681	0.00681	0.00974	0.00876	0.01266	0.01460	0.02142	0.01363	0.04089	0.78680	0.00876	0.01460	0.00584	0.00292	0.00487
5	0.01391	0.01139	0.01266	0.00976	0.01409	0.01085	0.00782	0.18194	0.18742	0.02260	0.01331	0.01378	0.01031	0.00536	0.00470	0.00123	0.00454	0.00428	0.00426	0.46578

[dist]
# distance from previous block
# <min> <max>
5	7

[block]
# block no. 4 follows, 44 sequences, length 6
# corresponding to MSA columns:
# 573-578
name=unknown_E
#
# <colnr> <probs for GDERKNQSTAVLIFYWHMCP>
#	G	D	E	R	K	N	Q	S	T	A	V	L	I	F	Y	W	H	M	C	P
0	0.01349	0.01295	0.02213	0.03346	0.77440	0.01295	0.01673	0.01673	0.01241	0.01781	0.01025	0.01349	0.00864	0.00486	0.00540	0.00162	0.00648	0.00486	0.00270	0.00864
1	0.00772	0.00557	0.00729	0.00686	0.00814	0.00514	0.00514	0.01029	0.01543	0.02186	0.77152	0.04072	0.05144	0.01115	0.00643	0.00171	0.00257	0.00986	0.00600	0.00514
2	0.01130	0.00969	0.01130	0.00807	0.01292	0.00727	0.00646	0.01373	0.01130	0.01776	0.00969	0.01130	0.00807	0.00404	0.00404	0.00081	0.00404	0.00323	0.00323	0.84173
3	0.02072	0.01527	0.01636	0.01254	0.01691	0.01691	0.01036	0.75622	0.02563	0.03436	0.01309	0.01309	0.00927	0.00654	0.00545	0.00164	0.00600	0.00491	0.00545	0.00927
4	0.01130	0.00969	0.01130	0.00807	0.01292	0.00727	0.00646	0.01373	0.01130	0.01776	0.00969	0.01130	0.00807	0.00404	0.00404	0.00081	0.00404	0.00323	0.00323	0.84173
5	0.00664	0.00474	0.00633	0.00759	0.00791	0.00443	0.00506	0.00759	0.01044	0.01392	0.03005	0.80485	0.03606	0.01708	0.00696	0.00221	0.00316	0.01550	0.00506	0.00443

[dist]
# distance from previous block
# <min> <max>
0	1

[block]
# block no. 5 follows, 44 sequences, length 14
# corresponding to MSA columns:
# 580-593
name=unknown_F
#
# <colnr> <probs for GDERKNQSTAVLIFYWHMCP>
#	G	D	E	R	K	N	Q	S	T	A	V	L	I	F	Y	W	H	M	C	P
0	0.84691	0.01054	0.00801	0.00717	0.01054	0.01223	0.00590	0.01603	0.00928	0.02446	0.00759	0.00886	0.00590	0.00506	0.00337	0.00169	0.00422	0.00295	0.00337	0.00590
1	0.01752	0.01083	0.01245	0.01059	0.01408	0.01154	0.00841	0.02810	0.49228	0.29740	0.02194	0.01969	0.01550	0.00716	0.00552	0.00179	0.00443	0.00592	0.00598	0.00887
2	0.01349	0.01295	0.02213	0.03346	0.77440	0.01295	0.01673	0.01673	0.01241	0.01781	0.01025	0.01349	0.00864	0.00486	0.00540	0.00162	0.00648	0.00486	0.00270	0.00864
3	0.01226	0.01054	0.01174	0.00935	0.01345	0.00993	0.00738	0.02017	0.32990	0.01990	0.01498	0.01513	0.01170	0.00546	0.00468	0.00125	0.00415	0.00447	0.00421	0.48936
4	0.00793	0.00529	0.00595	0.00595	0.00595	0.00529	0.00330	0.00793	0.00793	0.01057	0.01718	0.03568	0.01982	0.80840	0.02775	0.00529	0.00529	0.00793	0.00330	0.00330
5	0.01130	0.00969	0.01130	0.00807	0.01292	0.00727	0.00646	0.01373	0.01130	0.01776	0.00969	0.01130	0.00807	0.00404	0.00404	0.00081	0.00404	0.00323	0.00323	0.84173
6	0.00947	0.00473	0.00710	0.00710	0.00710	0.00473	0.00473	0.00710	0.00710	0.00947	0.00947	0.01657	0.00947	0.01894	0.02131	0.84138	0.00473	0.00473	0.00237	0.00237
7	0.01195	0.01027	0.01160	0.00894	0.01328	0.00908	0.00708	0.01811	0.22806	0.01922	0.01329	0.01390	0.01054	0.00500	0.00447	0.00111	0.00412	0.00407	0.00390	0.60199
8	0.00772	0.00557	0.00729	0.00686	0.00814	0.00514	0.00514	0.01029	0.01543	0.02186	0.77152	0.04072	0.05144	0.01115	0.00643	0.00171	0.00257	0.00986	0.00600	0.00514
9	0.02037	0.02598	0.01545	0.01404	0.01685	0.78652	0.01053	0.02177	0.01545	0.01334	0.00843	0.00983	0.00702	0.00562	0.00492	0.00140	0.00983	0.00351	0.00281	0.00632
10	0.01135	0.00986	0.01171	0.00855	0.01303	0.00798	0.00687	0.01368	0.01108	0.01741	0.00950	0.01135	0.00801	0.00445	0.00509	0.00093	0.06422	0.00335	0.00317	0.77841
11	0.00664	0.00474	0.00633	0.00759	0.00791	0.00443	0.00506	0.00759	0.01044	0.01392	0.03005	0.80485	0.03606	0.01708	0.00696	0.00221	0.00316	0.01550	0.00506	0.00443
12	0.78537	0.01090	0.00863	0.00757	0.01102	0.01258	0.00624	0.07116	0.01050	0.02520	0.00800	0.00917	0.00615	0.00517	0.00353	0.00168	0.00435	0.00310	0.00353	0.00615
13	0.01866	0.01425	0.01520	0.01213	0.01612	0.01594	0.00986	0.54694	0.23827	0.03103	0.01571	0.01518	0.01139	0.00679	0.00548	0.00170	0.00551	0.00527	0.00548	0.00909

[dist]
# distance from previous block
# <min> <max>
2	3

[block]
# block no. 6 follows, 44 sequences, length 21
# corresponding to MSA columns:
# 597-617
name=unknown_G
#
# <colnr> <probs for GDERKNQSTAVLIFYWHMCP>
#	G	D	E	R	K	N	Q	S	T	A	V	L	I	F	Y	W	H	M	C	P
0	0.01878	0.01239	0.01390	0.01114	0.01510	0.01315	0.00902	0.30949	0.25340	0.20605	0.01772	0.01654	0.01250	0.00670	0.00540	0.00166	0.00503	0.00533	0.00565	0.06104
1	0.21223	0.01229	0.01227	0.01051	0.01397	0.01405	0.00840	0.19970	0.40946	0.02596	0.01656	0.01589	0.01234	0.00664	0.00501	0.00176	0.00469	0.00510	0.00501	0.00814
2	0.02037	0.02598	0.01545	0.01404	0.01685	0.78652	0.01053	0.02177	0.01545	0.01334	0.00843	0.00983	0.00702	0.00562	0.00492	0.00140	0.00983	0.00351	0.00281	0.00632
3	0.01193	0.01193	0.01670	0.01431	0.01431	0.01670	0.01193	0.01312	0.00835	0.01312	0.00716	0.01193	0.00716	0.00954	0.01789	0.00239	0.79843	0.00477	0.00239	0.00596
4	0.01193	0.01193	0.01670	0.01431	0.01431	0.01670	0.01193	0.01312	0.00835	0.01312	0.00716	0.01193	0.00716	0.00954	0.01789	0.00239	0.79843	0.00477	0.00239	0.00596
5	0.01287	0.01471	0.03217	0.02298	0.02849	0.01379	0.75460	0.01746	0.01287	0.01746	0.01103	0.01471	0.00827	0.00460	0.00643	0.00184	0.00919	0.00643	0.00276	0.00735
6	0.02037	0.02598	0.01545	0.01404	0.01685	0.78652	0.01053	0.02177	0.01545	0.01334	0.00843	0.00983	0.00702	0.00562	0.00492	0.00140	0.00983	0.00351	0.00281	0.00632
7	0.02072	0.01527	0.01636	0.01254	0.01691	0.01691	0.01036	0.75622	0.02563	0.03436	0.01309	0.01309	0.00927	0.00654	0.00545	0.00164	0.00600	0.00491	0.00545	0.00927
8	0.00718	0.00555	0.00654	0.00629	0.00781	0.00491	0.00472	0.00924	0.01416	0.01883	0.46732	0.04571	0.35753	0.01228	0.00644	0.00177	0.00265	0.01056	0.00560	0.00491
9	0.02037	0.02598	0.01545	0.01404	0.01685	0.78652	0.01053	0.02177	0.01545	0.01334	0.00843	0.00983	0.00702	0.00562	0.00492	0.00140	0.00983	0.00351	0.00281	0.00632
10	0.01016	0.00508	0.00508	0.00508	0.00635	0.00508	0.00381	0.01270	0.01143	0.02033	0.01778	0.02033	0.01397	0.00635	0.00381	0.00127	0.00254	0.00508	0.83867	0.00508
11	0.00793	0.00529	0.00595	0.00595	0.00595	0.00529	0.00330	0.00793	0.00793	0.01057	0.01718	0.03568	0.01982	0.80840	0.02775	0.00529	0.00529	0.00793	0.00330	0.00330
12	0.02037	0.02598	0.01545	0.01404	0.01685	0.78652	0.01053	0.02177	0.01545	0.01334	0.00843	0.00983	0.00702	0.00562	0.00492	0.00140	0.00983	0.00351	0.00281	0.00632
13	0.01463	0.01224	0.01293	0.01131	0.01459	0.01406	0.00889	0.13783	0.65394	0.02454	0.02083	0.01925	0.01554	0.00727	0.00553	0.00182	0.00457	0.00598	0.00553	0.00873
14	0.47434	0.01179	0.01101	0.00920	0.01285	0.01327	0.00753	0.20677	0.10527	0.08313	0.01180	0.01205	0.00863	0.00585	0.00432	0.00169	0.00471	0.00403	0.00442	0.00734
15	0.02375	0.01042	0.01336	0.01024	0.01448	0.00970	0.00846	0.16510	0.01751	0.63696	0.01991	0.01752	0.01269	0.00671	0.00548	0.00168	0.00490	0.00537	0.00650	0.00928
16	0.02072	0.01527	0.01636	0.01254	0.01691	0.01691	0.01036	0.75622	0.02563	0.03436	0.01309	0.01309	0.00927	0.00654	0.00545	0.00164	0.00600	0.00491	0.00545	0.00927
17	0.45886	0.01276	0.01193	0.00969	0.01353	0.01443	0.00800	0.36368	0.01696	0.02911	0.01017	0.01084	0.00749	0.00576	0.00435	0.00166	0.00505	0.00387	0.00435	0.00749
18	0.00778	0.00561	0.00737	0.00704	0.00833	0.00521	0.00535	0.01035	0.01527	0.02154	0.72897	0.04191	0.05029	0.01137	0.00649	0.00176	0.00271	0.05156	0.00595	0.00514
19	0.02446	0.00928	0.01265	0.00970	0.01392	0.00801	0.00801	0.02657	0.01560	0.77817	0.02151	0.01856	0.01350	0.00675	0.00548	0.00169	0.00464	0.00548	0.00675	0.00928
20	0.01455	0.00759	0.00984	0.00828	0.01082	0.00703	0.00654	0.07175	0.01625	0.28745	0.45237	0.03090	0.03501	0.00926	0.00603	0.00170	0.00355	0.00796	0.00622	0.00690

[dist]
# distance from previous block
# <min> <max>
2	6

[block]
# block no. 7 follows, 44 sequences, length 12
# corresponding to MSA columns:
# 627-638
name=unknown_H
#
# <colnr> <probs for GDERKNQSTAVLIFYWHMCP>
#	G	D	E	R	K	N	Q	S	T	A	V	L	I	F	Y	W	H	M	C	P
0	0.01795	0.01389	0.01480	0.01198	0.01585	0.01561	0.00969	0.47444	0.31193	0.02988	0.01662	0.01590	0.01213	0.00687	0.00549	0.00172	0.00535	0.00539	0.00549	0.00902
1	0.01093	0.00789	0.01015	0.01049	0.01230	0.00819	0.00907	0.14527	0.01490	0.01956	0.02603	0.05279	0.02740	0.01353	0.00716	0.00235	0.00520	0.60590	0.00510	0.00578
2	0.00703	0.00502	0.00677	0.00803	0.00852	0.00476	0.00573	0.00826	0.01082	0.01435	0.02984	0.67115	0.03522	0.01672	0.00706	0.00227	0.00350	0.14539	0.00505	0.00453
3	0.01065	0.00897	0.01049	0.00824	0.01212	0.00728	0.00639	0.01388	0.07322	0.01749	0.01438	0.15477	0.01381	0.00666	0.00469	0.00115	0.00390	0.00568	0.00375	0.62249
4	0.54600	0.01016	0.00945	0.00780	0.01159	0.01057	0.00639	0.01754	0.01080	0.16129	0.01052	0.01107	0.00768	0.00519	0.00388	0.00153	0.00426	0.00347	0.00397	0.15685
5	0.06035	0.01376	0.01450	0.01175	0.01561	0.01548	0.00952	0.45969	0.28769	0.02974	0.01605	0.01545	0.01172	0.00677	0.00538	0.00171	0.00531	0.00526	0.00538	0.00887
6	0.00879	0.00628	0.00879	0.01004	0.01130	0.00628	0.00879	0.01130	0.01255	0.01632	0.02887	0.06150	0.03138	0.01506	0.00753	0.00251	0.00502	0.73770	0.00502	0.00502
7	0.84691	0.01054	0.00801	0.00717	0.01054	0.01223	0.00590	0.01603	0.00928	0.02446	0.00759	0.00886	0.00590	0.00506	0.00337	0.00169	0.00422	0.00295	0.00337	0.00590
8	0.01740	0.01362	0.01449	0.01187	0.01564	0.01535	0.00956	0.41871	0.36855	0.02900	0.01731	0.01645	0.01269	0.00694	0.00550	0.00173	0.00522	0.00549	0.00550	0.00897
9	0.36083	0.01275	0.01177	0.00998	0.01353	0.04307	0.00805	0.22385	0.21987	0.02632	0.01312	0.01319	0.00980	0.00613	0.00460	0.00171	0.00495	0.00439	0.00452	0.00759
10	0.00664	0.00474	0.00633	0.00759	0.00791	0.00443	0.00506	0.00759	0.01044	0.01392	0.03005	0.80485	0.03606	0.01708	0.00696	0.00221	0.00316	0.01550	0.00506	0.00443
11	0.06053	0.01207	0.01330	0.01097	0.01469	0.01314	0.00883	0.22886	0.34879	0.20050	0.01877	0.01734	0.01333	0.00689	0.00540	0.00174	0.00485	0.00550	0.00569	0.00882

[dist]
# distance from previous block
# <min> <max>
4	12

[block]
# block no. 8 follows, 44 sequences, length 13
# corresponding to MSA columns:
# 651-663
name=unknown_I
#
# <colnr> <probs for GDERKNQSTAVLIFYWHMCP>
#	G	D	E	R	K	N	Q	S	T	A	V	L	I	F	Y	W	H	M	C	P
0	0.39429	0.00995	0.01024	0.00818	0.01216	0.00975	0.00670	0.01883	0.01174	0.26101	0.01247	0.01249	0.00880	0.00536	0.00419	0.00148	0.00431	0.00382	0.00441	0.19983
1	0.11338	0.01006	0.01196	0.00966	0.01354	0.00983	0.00783	0.02517	0.20212	0.45602	0.01936	0.01745	0.01309	0.00655	0.00517	0.00167	0.00447	0.00523	0.00584	0.06160
2	0.01101	0.00938	0.01099	0.00804	0.01261	0.00709	0.00637	0.01334	0.01125	0.01752	0.01096	0.06092	0.00982	0.00485	0.00422	0.00090	0.00398	0.00400	0.00334	0.78938
3	0.01016	0.00508	0.00508	0.00508	0.00635	0.00508	0.00381	0.01270	0.01143	0.02033	0.01778	0.02033	0.01397	0.00635	0.00381	0.00127	0.00254	0.00508	0.83867	0.00508
4	0.01130	0.00969	0.01130	0.00807	0.01292	0.00727	0.00646	0.01373	0.01130	0.01776	0.00969	0.01130	0.00807	0.00404	0.00404	0.00081	0.00404	0.00323	0.00323	0.84173
5	0.00779	0.00584	0.00876	0.00876	0.00974	0.00681	0.00681	0.00974	0.00876	0.01266	0.01460	0.02142	0.01363	0.04089	0.78680	0.00876	0.01460	0.00584	0.00292	0.00487
6	0.01434	0.01210	0.01277	0.01125	0.01447	0.01392	0.00882	0.10801	0.68424	0.02406	0.02120	0.01955	0.01584	0.00730	0.00554	0.00183	0.00450	0.00603	0.00554	0.00870
7	0.01430	0.01277	0.01270	0.01134	0.01446	0.06279	0.00882	0.05981	0.68518	0.02270	0.02092	0.01936	0.01571	0.00725	0.00550	0.00181	0.00474	0.00594	0.00537	0.00851
8	0.01130	0.00969	0.01130	0.00807	0.01292	0.00727	0.00646	0.01373	0.01130	0.01776	0.00969	0.01130	0.00807	0.00404	0.00404	0.00081	0.00404	0.00323	0.00323	0.84173
9	0.02004	0.01027	0.01252	0.01027	0.01402	0.01026	0.00826	0.02754	0.31962	0.47154	0.02178	0.01928	0.01477	0.00701	0.00551	0.00175	0.00451	0.00576	0.00626	0.00901
10	0.02037	0.02598	0.01545	0.01404	0.01685	0.78652	0.01053	0.02177	0.01545	0.01334	0.00843	0.00983	0.00702	0.00562	0.00492	0.00140	0.00983	0.00351	0.00281	0.00632
11	0.01130	0.00969	0.01130	0.00807	0.01292	0.00727	0.00646	0.01373	0.01130	0.01776	0.00969	0.01130	0.00807	0.00404	0.00404	0.00081	0.00404	0.00323	0.00323	0.84173
12	0.00779	0.00584	0.00876	0.00876	0.00974	0.00681	0.00681	0.00974	0.00876	0.01266	0.01460	0.02142	0.01363	0.04089	0.78680	0.00876	0.01460	0.00584	0.00292	0.00487

[dist]
# distance from previous block
# <min> <max>
1	4

[block]
# block no. 9 follows, 44 sequences, length 9
# corresponding to MSA columns:
# 668-670,675-680
name=unknown_J
#
# <colnr> <probs for GDERKNQSTAVLIFYWHMCP>
#	G	D	E	R	K	N	Q	S	T	A	V	L	I	F	Y	W	H	M	C	P
0	0.00969	0.00864	0.01241	0.01132	0.01184	0.01136	0.00917	0.01129	0.00857	0.01287	0.01118	0.01705	0.01065	0.02646	0.43294	0.00583	0.37532	0.00535	0.00267	0.00537
1	0.01030	0.00969	0.01635	0.79530	0.03755	0.01211	0.01514	0.01393	0.01090	0.01393	0.00969	0.01453	0.00727	0.00545	0.00545	0.00182	0.00727	0.00484	0.00242	0.00606
2	0.02196	0.01130	0.01366	0.01069	0.01480	0.01127	0.00876	0.23438	0.11712	0.46714	0.01920	0.01724	0.01271	0.00678	0.00548	0.00169	0.00498	0.00541	0.00622	0.00919
3	0.02152	0.00993	0.01256	0.01008	0.01399	0.00951	0.00818	0.02722	0.21729	0.57476	0.02169	0.01904	0.01434	0.00692	0.00550	0.00173	0.00455	0.00567	0.00642	0.00910
4	0.02446	0.00928	0.01265	0.00970	0.01392	0.00801	0.00801	0.02657	0.01560	0.77817	0.02151	0.01856	0.01350	0.00675	0.00548	0.00169	0.00464	0.00548	0.00675	0.00928
5	0.01093	0.02820	0.78016	0.01554	0.02360	0.01266	0.02014	0.01727	0.01151	0.01727	0.00978	0.01151	0.00691	0.00518	0.00518	0.00173	0.00806	0.00403	0.00230	0.00806
6	0.01130	0.00969	0.01130	0.00807	0.01292	0.00727	0.00646	0.01373	0.01130	0.01776	0.00969	0.01130	0.00807	0.00404	0.00404	0.00081	0.00404	0.00323	0.00323	0.84173
7	0.16609	0.00610	0.00563	0.00547	0.00713	0.00641	0.00420	0.01332	0.01103	0.02110	0.01589	0.01819	0.01247	0.00611	0.00373	0.00135	0.00285	0.00468	0.68301	0.00523
8	0.01098	0.00878	0.01042	0.01053	0.01262	0.00963	0.00871	0.01943	0.35863	0.01930	0.02579	0.04256	0.02460	0.01153	0.00662	0.00221	0.00470	0.40104	0.00526	0.00668

[dist]
# distance from previous block
# <min> <max>
0	2

[block]
# block no. 10 follows, 44 sequences, length 17
# corresponding to MSA columns:
# 683-699
name=unknown_K
#
# <colnr> <probs for GDERKNQSTAVLIFYWHMCP>
#	G	D	E	R	K	N	Q	S	T	A	V	L	I	F	Y	W	H	M	C	P
0	0.02222	0.01288	0.01488	0.01141	0.01571	0.01335	0.00942	0.46475	0.02163	0.33149	0.01645	0.01527	0.01096	0.00663	0.00547	0.00166	0.00546	0.00514	0.00597	0.00927
1	0.00879	0.00628	0.00879	0.01004	0.01130	0.00628	0.00879	0.01130	0.01255	0.01632	0.02887	0.06150	0.03138	0.01506	0.00753	0.00251	0.00502	0.73770	0.00502	0.00502
2	0.02020	0.01501	0.01607	0.01244	0.01671	0.01666	0.01024	0.70350	0.07919	0.03352	0.01375	0.01361	0.00981	0.00661	0.00546	0.00165	0.00588	0.00500	0.00546	0.00922
3	0.02072	0.01527	0.01636	0.01254	0.01691	0.01691	0.01036	0.75622	0.02563	0.03436	0.01309	0.01309	0.00927	0.00654	0.00545	0.00164	0.00600	0.00491	0.00545	0.00927
4	0.02072	0.01527	0.01636	0.01254	0.01691	0.01691	0.01036	0.75622	0.02563	0.03436	0.01309	0.01309	0.00927	0.00654	0.00545	0.00164	0.00600	0.00491	0.00545	0.00927
5	0.00644	0.00552	0.00552	0.00552	0.00736	0.00460	0.00414	0.00782	0.01243	0.01473	0.05523	0.05247	0.77218	0.01381	0.00644	0.00184	0.00276	0.01151	0.00506	0.00460
6	0.02446	0.00928	0.01265	0.00970	0.01392	0.00801	0.00801	0.02657	0.01560	0.77817	0.02151	0.01856	0.01350	0.00675	0.00548	0.00169	0.00464	0.00548	0.00675	0.00928
7	0.01356	0.01171	0.01233	0.01109	0.01418	0.01356	0.00863	0.02897	0.76455	0.02281	0.02219	0.02034	0.01664	0.00740	0.00555	0.00185	0.00431	0.00616	0.00555	0.00863
8	0.00664	0.00474	0.00633	0.00759	0.00791	0.00443	0.00506	0.00759	0.01044	0.01392	0.03005	0.80485	0.03606	0.01708	0.00696	0.00221	0.00316	0.01550	0.00506	0.00443
9	0.01030	0.00969	0.01635	0.79530	0.03755	0.01211	0.01514	0.01393	0.01090	0.01393	0.00969	0.01453	0.00727	0.00545	0.00545	0.00182	0.00727	0.00484	0.00242	0.00606
10	0.00664	0.00474	0.00633	0.00759	0.00791	0.00443	0.00506	0.00759	0.01044	0.01392	0.03005	0.80485	0.03606	0.01708	0.00696	0.00221	0.00316	0.01550	0.00506	0.00443
11	0.01349	0.01295	0.02213	0.03346	0.77440	0.01295	0.01673	0.01673	0.01241	0.01781	0.01025	0.01349	0.00864	0.00486	0.00540	0.00162	0.00648	0.00486	0.00270	0.00864
12	0.02446	0.00928	0.01265	0.00970	0.01392	0.00801	0.00801	0.02657	0.01560	0.77817	0.02151	0.01856	0.01350	0.00675	0.00548	0.00169	0.00464	0.00548	0.00675	0.00928
13	0.01349	0.01295	0.02213	0.03346	0.77440	0.01295	0.01673	0.01673	0.01241	0.01781	0.01025	0.01349	0.00864	0.00486	0.00540	0.00162	0.00648	0.00486	0.00270	0.00864
14	0.01287	0.01471	0.03217	0.02298	0.02849	0.01379	0.75460	0.01746	0.01287	0.01746	0.01103	0.01471	0.00827	0.00460	0.00643	0.00184	0.00919	0.00643	0.00276	0.00735
15	0.01193	0.01193	0.01670	0.01431	0.01431	0.01670	0.01193	0.01312	0.00835	0.01312	0.00716	0.01193	0.00716	0.00954	0.01789	0.00239	0.79843	0.00477	0.00239	0.00596
16	0.01899	0.01104	0.01289	0.01065	0.01435	0.01153	0.00855	0.10403	0.36597	0.34803	0.02094	0.01882	0.01452	0.00703	0.00551	0.00176	0.00463	0.00574	0.00605	0.00897

[dist]
# distance from previous block
# <min> <max>
0	1

[block]
# block no. 11 follows, 44 sequences, length 13
# corresponding to MSA columns:
# 701-713
name=unknown_L
#
# <colnr> <probs for GDERKNQSTAVLIFYWHMCP>
#	G	D	E	R	K	N	Q	S	T	A	V	L	I	F	Y	W	H	M	C	P
0	0.01944	0.01290	0.01436	0.01149	0.01544	0.01396	0.00933	0.38156	0.24064	0.19495	0.01762	0.01643	0.01237	0.00684	0.00549	0.00171	0.00520	0.00540	0.00577	0.00908
1	0.84691	0.01054	0.00801	0.00717	0.01054	0.01223	0.00590	0.01603	0.00928	0.02446	0.00759	0.00886	0.00590	0.00506	0.00337	0.00169	0.00422	0.00295	0.00337	0.00590
2	0.00793	0.00529	0.00595	0.00595	0.00595	0.00529	0.00330	0.00793	0.00793	0.01057	0.01718	0.03568	0.01982	0.80840	0.02775	0.00529	0.00529	0.00793	0.00330	0.00330
3	0.23281	0.01333	0.01377	0.01082	0.01491	0.01463	0.00893	0.47783	0.02022	0.12233	0.01271	0.01267	0.00892	0.00619	0.00492	0.00166	0.00538	0.00448	0.00508	0.00841
4	0.02072	0.01527	0.01636	0.01254	0.01691	0.01691	0.01036	0.75622	0.02563	0.03436	0.01309	0.01309	0.00927	0.00654	0.00545	0.00164	0.00600	0.00491	0.00545	0.00927
5	0.01130	0.00969	0.01130	0.00807	0.01292	0.00727	0.00646	0.01373	0.01130	0.01776	0.00969	0.01130	0.00807	0.00404	0.00404	0.00081	0.00404	0.00323	0.00323	0.84173
6	0.00779	0.00584	0.00876	0.00876	0.00974	0.00681	0.00681	0.00974	0.00876	0.01266	0.01460	0.02142	0.01363	0.04089	0.78680	0.00876	0.01460	0.00584	0.00292	0.00487
7	0.02072	0.01527	0.01636	0.01254	0.01691	0.01691	0.01036	0.75622	0.02563	0.03436	0.01309	0.01309	0.00927	0.00654	0.00545	0.00164	0.00600	0.00491	0.00545	0.00927
8	0.02162	0.00991	0.01257	0.01006	0.01398	0.00946	0.00817	0.02719	0.21067	0.58143	0.02169	0.01902	0.01431	0.00692	0.00550	0.00173	0.00455	0.00566	0.00644	0.00911
9	0.01993	0.01616	0.01994	0.01581	0.02085	0.01377	0.12078	0.12294	0.01798	0.02639	0.01749	0.02192	0.01501	0.00935	0.00775	0.00247	0.00757	0.00638	0.00588	0.51163
10	0.01992	0.01487	0.01591	0.01238	0.01660	0.01653	0.01017	0.67439	0.10877	0.03306	0.01411	0.01390	0.01010	0.00664	0.00546	0.00166	0.00581	0.00505	0.00546	0.00920
11	0.01258	0.01052	0.01262	0.09731	0.01628	0.00924	0.00801	0.12359	0.01338	0.01979	0.01019	0.01193	0.00816	0.00457	0.00441	0.00104	0.00469	0.00366	0.00347	0.62455
12	0.01106	0.00930	0.00955	0.00851	0.01042	0.09480	0.00652	0.12193	0.01694	0.02275	0.57346	0.03316	0.04020	0.00984	0.00612	0.00167	0.00390	0.00841	0.00556	0.00589

[dist]
# distance from previous block
# <min> <max>
1	6

[block]
# block no. 12 follows, 44 sequences, length 13
# corresponding to MSA columns:
# 720-732
name=unknown_M
#
# <colnr> <probs for GDERKNQSTAVLIFYWHMCP>
#	G	D	E	R	K	N	Q	S	T	A	V	L	I	F	Y	W	H	M	C	P
0	0.01007	0.00870	0.01346	0.49877	0.02698	0.01016	0.01168	0.05528	0.01319	0.01763	0.25308	0.02281	0.02148	0.00733	0.00576	0.00177	0.00570	0.00645	0.00374	0.00595
1	0.01657	0.01217	0.01346	0.01073	0.01411	0.01315	0.00870	0.51809	0.02238	0.03037	0.25520	0.02191	0.02273	0.00801	0.00577	0.00166	0.00491	0.00649	0.00563	0.00795
2	0.01639	0.01938	0.01242	0.01146	0.01337	0.53712	0.00823	0.01735	0.01305	0.01246	0.01122	0.01808	0.01111	0.26189	0.01220	0.00264	0.00838	0.00492	0.00297	0.00536
3	0.01760	0.01940	0.26019	0.01350	0.01904	0.01555	0.01348	0.52032	0.02112	0.02890	0.01203	0.01258	0.00852	0.00611	0.00537	0.00166	0.00666	0.00463	0.00445	0.00888
4	0.09419	0.00820	0.00995	0.00813	0.01152	0.00731	0.00658	0.01962	0.01401	0.46529	0.03100	0.02849	0.25500	0.00885	0.00560	0.00174	0.00400	0.00717	0.00590	0.00748
5	0.52476	0.01239	0.01127	0.00926	0.01302	0.01405	0.00764	0.30464	0.01566	0.02832	0.00973	0.01051	0.00722	0.00564	0.00418	0.00167	0.00491	0.00371	0.00418	0.00722
6	0.00781	0.00632	0.00953	0.25905	0.01737	0.00688	0.00828	0.00961	0.01059	0.01392	0.02355	0.55255	0.02687	0.01337	0.00648	0.00209	0.00447	0.01210	0.00422	0.00495
7	0.01436	0.00977	0.01115	0.00982	0.01231	0.01031	0.00773	0.33679	0.01766	0.06749	0.02079	0.27094	0.02039	0.01061	0.00594	0.00186	0.00458	0.06956	0.09100	0.00694
8	0.01804	0.00972	0.01240	0.09071	0.01593	0.00991	0.00870	0.02445	0.25377	0.39464	0.02122	0.08440	0.01574	0.00768	0.00562	0.00180	0.00468	0.00647	0.00578	0.00833
9	0.01443	0.00966	0.01078	0.08930	0.01381	0.01057	0.00761	0.31230	0.01710	0.02532	0.01506	0.01682	0.01139	0.00634	0.00464	0.00147	0.00442	0.00499	0.41712	0.00687
10	0.01273	0.01271	0.02299	0.26701	0.02824	0.01363	0.34295	0.07902	0.09034	0.01808	0.01173	0.01496	0.00884	0.00556	0.00651	0.00184	0.04685	0.00569	0.00314	0.00716
11	0.01184	0.01520	0.25681	0.01182	0.01585	0.01106	0.01191	0.18815	0.01362	0.01924	0.01271	0.01629	0.01046	0.02139	0.35305	0.00484	0.01048	0.00504	0.00332	0.00692
12	0.06050	0.01046	0.01200	0.00974	0.01360	0.01013	0.00792	0.11787	0.16700	0.16395	0.01676	0.01976	0.01327	0.00675	0.00513	0.00152	0.00458	0.07994	0.00485	0.27427

[dist]
# distance from previous block
# <min> <max>
5	247

# created by:
# /st0/software/busco_prod/Augustus/scripts/msa2prfl.pl ./align_prep/47874.fa
