[name]
unknown

[dist]
# distance from previous block
# <min> <max>
4	97

[block]
# block no. 0 follows, 48 sequences, length 10
# corresponding to MSA columns:
# 128-137
name=unknown_A
#
# <colnr> <probs for GDERKNQSTAVLIFYWHMCP>
#	G	D	E	R	K	N	Q	S	T	A	V	L	I	F	Y	W	H	M	C	P
0	0.01589	0.01559	0.06370	0.01862	0.27638	0.23043	0.03682	0.01940	0.07862	0.14799	0.01256	0.03962	0.00987	0.00567	0.00505	0.00153	0.00658	0.00476	0.00350	0.00742
1	0.01381	0.71817	0.07991	0.00946	0.01397	0.06723	0.00956	0.01574	0.01071	0.01239	0.00733	0.00848	0.00658	0.00448	0.00348	0.00115	0.00586	0.00285	0.00222	0.00662
2	0.85592	0.00992	0.00754	0.00675	0.00992	0.01151	0.00556	0.01508	0.00873	0.02302	0.00714	0.00834	0.00556	0.00476	0.00318	0.00159	0.00397	0.00278	0.00318	0.00556
3	0.01922	0.01405	0.24525	0.01077	0.01582	0.00885	0.01095	0.02239	0.01354	0.55973	0.01695	0.01548	0.01085	0.00591	0.00507	0.00160	0.00533	0.00475	0.00510	0.00839
4	0.01294	0.64081	0.20198	0.01012	0.01523	0.01839	0.01111	0.01557	0.01052	0.01303	0.00761	0.00883	0.00657	0.00450	0.00365	0.00122	0.00597	0.00298	0.00219	0.00681
5	0.01029	0.02654	0.79309	0.01462	0.02221	0.01192	0.01896	0.01625	0.01083	0.01625	0.00921	0.01083	0.00650	0.00487	0.00487	0.00162	0.00758	0.00379	0.00217	0.00758
6	0.01129	0.01345	0.09811	0.25689	0.12442	0.01230	0.37678	0.01534	0.01138	0.01547	0.00980	0.01336	0.00742	0.00465	0.00554	0.00169	0.00769	0.00520	0.00245	0.00677
7	0.00827	0.00591	0.00827	0.00945	0.01063	0.00591	0.00827	0.01063	0.01181	0.01536	0.02717	0.05788	0.02953	0.01417	0.00709	0.00236	0.00472	0.75313	0.00472	0.00472
8	0.00625	0.00447	0.00595	0.00714	0.00744	0.00417	0.00476	0.00714	0.00982	0.01310	0.02828	0.81633	0.03394	0.01608	0.00655	0.00208	0.00298	0.01459	0.00476	0.00417
9	0.39582	0.01623	0.04196	0.06918	0.01488	0.30688	0.00861	0.06282	0.01204	0.01867	0.00798	0.00941	0.00628	0.00508	0.00405	0.00150	0.00641	0.00326	0.00299	0.00599

[dist]
# distance from previous block
# <min> <max>
2	18

[block]
# block no. 1 follows, 48 sequences, length 6
# corresponding to MSA columns:
# 156-161
name=unknown_B
#
# <colnr> <probs for GDERKNQSTAVLIFYWHMCP>
#	G	D	E	R	K	N	Q	S	T	A	V	L	I	F	Y	W	H	M	C	P
0	0.01388	0.12951	0.18320	0.02044	0.33484	0.20169	0.01407	0.01694	0.01202	0.01500	0.00880	0.01087	0.00721	0.00478	0.00468	0.00144	0.00708	0.00385	0.00244	0.00728
1	0.01238	0.45331	0.27818	0.01242	0.01796	0.01657	0.11436	0.01580	0.01079	0.01403	0.00825	0.00984	0.00672	0.00454	0.00418	0.00136	0.00660	0.00353	0.00224	0.00696
2	0.01237	0.01193	0.01813	0.07077	0.56762	0.05381	0.01371	0.01622	0.07436	0.01707	0.08265	0.01548	0.01234	0.00539	0.00516	0.00155	0.00580	0.00504	0.00304	0.00757
3	0.00625	0.00447	0.00595	0.00714	0.00744	0.00417	0.00476	0.00714	0.00982	0.01310	0.02828	0.81633	0.03394	0.01608	0.00655	0.00208	0.00298	0.01459	0.00476	0.00417
4	0.02052	0.00929	0.01183	0.00945	0.01316	0.00882	0.00768	0.02556	0.20124	0.60319	0.02040	0.01787	0.01342	0.00650	0.00517	0.00162	0.00429	0.00532	0.00607	0.00858
5	0.13306	0.10710	0.23779	0.01190	0.01607	0.01102	0.14974	0.01369	0.01042	0.01596	0.04507	0.12280	0.01323	0.08234	0.00692	0.00195	0.00593	0.00597	0.00298	0.00606

[dist]
# distance from previous block
# <min> <max>
0	1

[block]
# block no. 2 follows, 48 sequences, length 9
# corresponding to MSA columns:
# 163-171
name=unknown_C
#
# <colnr> <probs for GDERKNQSTAVLIFYWHMCP>
#	G	D	E	R	K	N	Q	S	T	A	V	L	I	F	Y	W	H	M	C	P
0	0.01241	0.01488	0.18152	0.44386	0.02760	0.09962	0.01403	0.06467	0.01206	0.06690	0.00996	0.01274	0.00726	0.00524	0.00502	0.00163	0.00703	0.00430	0.00275	0.00653
1	0.01029	0.35589	0.10686	0.00831	0.01166	0.01222	0.00810	0.01272	0.01216	0.01601	0.31566	0.02303	0.07367	0.00740	0.00474	0.00140	0.00434	0.00596	0.00371	0.00587
2	0.01029	0.02654	0.79309	0.01462	0.02221	0.01192	0.01896	0.01625	0.01083	0.01625	0.00921	0.01083	0.00650	0.00487	0.00487	0.00162	0.00758	0.00379	0.00217	0.00758
3	0.00726	0.00524	0.00686	0.00646	0.00767	0.00484	0.00484	0.00968	0.01452	0.02058	0.78496	0.03833	0.04841	0.01049	0.00605	0.00161	0.00242	0.00928	0.00565	0.00484
4	0.01270	0.01219	0.02083	0.03149	0.78767	0.01219	0.01575	0.01575	0.01168	0.01676	0.00965	0.01270	0.00813	0.00457	0.00508	0.00152	0.00610	0.00457	0.00254	0.00813
5	0.00746	0.00497	0.00560	0.00560	0.00560	0.00497	0.00311	0.00746	0.00746	0.00995	0.01617	0.03358	0.01865	0.81967	0.02612	0.00497	0.00497	0.00746	0.00311	0.00311
6	0.00615	0.00520	0.00531	0.00528	0.00698	0.00437	0.00396	0.00752	0.01189	0.01432	0.10194	0.04863	0.73534	0.01282	0.00606	0.00172	0.00259	0.01072	0.00483	0.00437
7	0.01376	0.01166	0.01700	0.02140	0.43344	0.01143	0.01204	0.13258	0.04630	0.05348	0.01090	0.01268	0.00863	0.00483	0.00482	0.00137	0.00537	0.00433	0.00333	0.19065
8	0.49515	0.01190	0.01057	0.00870	0.01225	0.04469	0.00713	0.25929	0.01407	0.02519	0.00898	0.00981	0.00676	0.00517	0.00391	0.00151	0.00471	0.00341	0.00378	0.06302

[dist]
# distance from previous block
# <min> <max>
0	3

[block]
# block no. 3 follows, 48 sequences, length 13
# corresponding to MSA columns:
# 175-187
name=unknown_D
#
# <colnr> <probs for GDERKNQSTAVLIFYWHMCP>
#	G	D	E	R	K	N	Q	S	T	A	V	L	I	F	Y	W	H	M	C	P
0	0.01199	0.01317	0.02727	0.02083	0.08695	0.01221	0.62082	0.01598	0.01191	0.01649	0.01018	0.01338	0.00779	0.00429	0.00572	0.00160	0.00789	0.00559	0.00264	0.10330
1	0.01917	0.02445	0.01454	0.01322	0.01586	0.79907	0.00991	0.02049	0.01454	0.01256	0.00793	0.00925	0.00661	0.00529	0.00463	0.00132	0.00925	0.00330	0.00264	0.00595
2	0.85592	0.00992	0.00754	0.00675	0.00992	0.01151	0.00556	0.01508	0.00873	0.02302	0.00714	0.00834	0.00556	0.00476	0.00318	0.00159	0.00397	0.00278	0.00318	0.00556
3	0.01372	0.82276	0.02689	0.00878	0.01317	0.02030	0.00878	0.01536	0.01043	0.01207	0.00713	0.00823	0.00658	0.00439	0.00329	0.00110	0.00549	0.00274	0.00219	0.00658
4	0.02045	0.00816	0.01108	0.00869	0.01221	0.00710	0.00710	0.02250	0.01466	0.66540	0.14510	0.02087	0.01853	0.00703	0.00531	0.00159	0.00405	0.00583	0.00624	0.00810
5	0.01169	0.01125	0.01861	0.22622	0.46959	0.01257	0.01463	0.01452	0.01070	0.01511	0.00904	0.01271	0.00757	0.00543	0.00701	0.00169	0.13758	0.00456	0.00243	0.00710
6	0.00626	0.00521	0.00547	0.00540	0.00705	0.00441	0.00405	0.00774	0.01216	0.01496	0.17165	0.04758	0.66523	0.01259	0.00606	0.00171	0.00257	0.01058	0.00491	0.00441
7	0.01322	0.63534	0.08071	0.01128	0.01603	0.01852	0.13361	0.01560	0.01073	0.01307	0.00781	0.00933	0.00677	0.00441	0.00385	0.00124	0.00615	0.00336	0.00226	0.00671
8	0.00683	0.00538	0.00630	0.00680	0.00823	0.00485	0.00545	0.00846	0.01159	0.01431	0.04169	0.11194	0.46987	0.01364	0.00645	0.00197	0.00335	0.26368	0.00475	0.00445
9	0.43744	0.01764	0.36405	0.01053	0.01574	0.01188	0.01181	0.04728	0.01033	0.02034	0.00830	0.00963	0.00612	0.00487	0.00403	0.00160	0.00568	0.00331	0.00280	0.00661
10	0.12158	0.01117	0.00942	0.00901	0.01093	0.19686	0.00670	0.01516	0.10578	0.05796	0.08866	0.28810	0.02108	0.00960	0.00531	0.00170	0.00478	0.00803	0.00424	0.02395
11	0.06792	0.01495	0.33589	0.01027	0.01439	0.00893	0.01106	0.01416	0.08317	0.01821	0.25151	0.08242	0.05050	0.00793	0.00532	0.00167	0.00489	0.00667	0.00388	0.00627
12	0.07523	0.01749	0.05504	0.08066	0.04367	0.32088	0.01020	0.20298	0.01547	0.03960	0.00962	0.01087	0.00738	0.00530	0.00466	0.00140	0.00696	0.00379	0.00337	0.08542

[dist]
# distance from previous block
# <min> <max>
0	5

[block]
# block no. 4 follows, 48 sequences, length 71
# corresponding to MSA columns:
# 193-253,256-265
name=unknown_E
#
# <colnr> <probs for GDERKNQSTAVLIFYWHMCP>
#	G	D	E	R	K	N	Q	S	T	A	V	L	I	F	Y	W	H	M	C	P
0	0.01212	0.01228	0.07423	0.01665	0.13098	0.01012	0.27751	0.01545	0.01160	0.06771	0.01114	0.02896	0.00898	0.00480	0.00507	0.00139	0.00615	0.02081	0.00304	0.28103
1	0.01983	0.00912	0.01157	0.00924	0.01283	0.00861	0.00751	0.05592	0.15122	0.56397	0.05219	0.01947	0.04066	0.00684	0.00524	0.00162	0.00423	0.00561	0.00602	0.00832
2	0.00732	0.00491	0.00564	0.00578	0.00581	0.00488	0.00330	0.00742	0.00774	0.01032	0.01760	0.12613	0.02046	0.72466	0.02380	0.00463	0.00474	0.00830	0.00330	0.00323
3	0.01323	0.01125	0.01187	0.01054	0.01352	0.01298	0.00823	0.07888	0.72602	0.02222	0.02029	0.01867	0.01518	0.00691	0.00521	0.00173	0.00417	0.00572	0.00521	0.00816
4	0.85592	0.00992	0.00754	0.00675	0.00992	0.01151	0.00556	0.01508	0.00873	0.02302	0.00714	0.00834	0.00556	0.00476	0.00318	0.00159	0.00397	0.00278	0.00318	0.00556
5	0.00827	0.00591	0.00827	0.00945	0.01063	0.00591	0.00827	0.01063	0.01181	0.01536	0.02717	0.05788	0.02953	0.01417	0.00709	0.00236	0.00472	0.75313	0.00472	0.00472
6	0.01545	0.01236	0.01312	0.01099	0.01437	0.01402	0.00877	0.32389	0.47739	0.02580	0.01747	0.01642	0.01289	0.00664	0.00519	0.00166	0.00469	0.00533	0.00519	0.00836
7	0.01270	0.01219	0.02083	0.03149	0.78767	0.01219	0.01575	0.01575	0.01168	0.01676	0.00965	0.01270	0.00813	0.00457	0.00508	0.00152	0.00610	0.00457	0.00254	0.00813
8	0.01029	0.02654	0.79309	0.01462	0.02221	0.01192	0.01896	0.01625	0.01083	0.01625	0.00921	0.01083	0.00650	0.00487	0.00487	0.00162	0.00758	0.00379	0.00217	0.00758
9	0.01029	0.02654	0.79309	0.01462	0.02221	0.01192	0.01896	0.01625	0.01083	0.01625	0.00921	0.01083	0.00650	0.00487	0.00487	0.00162	0.00758	0.00379	0.00217	0.00758
10	0.00625	0.00447	0.00595	0.00714	0.00744	0.00417	0.00476	0.00714	0.00982	0.01310	0.02828	0.81633	0.03394	0.01608	0.00655	0.00208	0.00298	0.01459	0.00476	0.00417
11	0.00808	0.00577	0.00805	0.00923	0.01033	0.00574	0.00793	0.01030	0.01162	0.01514	0.02727	0.13048	0.02995	0.01436	0.00704	0.00234	0.00456	0.68243	0.00473	0.00467
12	0.01270	0.01219	0.02083	0.03149	0.78767	0.01219	0.01575	0.01575	0.01168	0.01676	0.00965	0.01270	0.00813	0.00457	0.00508	0.00152	0.00610	0.00457	0.00254	0.00813
13	0.00733	0.00550	0.00825	0.00825	0.00916	0.00641	0.00641	0.00916	0.00825	0.01191	0.01374	0.02016	0.01283	0.03848	0.79934	0.00825	0.01374	0.00550	0.00275	0.00458
14	0.02302	0.00873	0.01191	0.00913	0.01310	0.00754	0.00754	0.02501	0.01469	0.79122	0.02024	0.01746	0.01270	0.00635	0.00516	0.00159	0.00437	0.00516	0.00635	0.00873
15	0.01917	0.02445	0.01454	0.01322	0.01586	0.79907	0.00991	0.02049	0.01454	0.01256	0.00793	0.00925	0.00661	0.00529	0.00463	0.00132	0.00925	0.00330	0.00264	0.00595
16	0.01372	0.82276	0.02689	0.00878	0.01317	0.02030	0.00878	0.01536	0.01043	0.01207	0.00713	0.00823	0.00658	0.00439	0.00329	0.00110	0.00549	0.00274	0.00219	0.00658
17	0.01064	0.00912	0.01064	0.00760	0.01216	0.00684	0.00608	0.01292	0.01064	0.01672	0.00912	0.01064	0.00760	0.00380	0.00380	0.00076	0.00380	0.00304	0.00304	0.85104
18	0.00746	0.00497	0.00560	0.00560	0.00560	0.00497	0.00311	0.00746	0.00746	0.00995	0.01617	0.03358	0.01865	0.81967	0.02612	0.00497	0.00497	0.00746	0.00311	0.00311
19	0.00891	0.00446	0.00668	0.00668	0.00668	0.00446	0.00446	0.00668	0.00668	0.00891	0.00891	0.01560	0.00891	0.01783	0.02005	0.85071	0.00446	0.00446	0.00223	0.00223
20	0.00714	0.00524	0.00669	0.00632	0.00759	0.00479	0.00474	0.00944	0.01423	0.01988	0.70898	0.03947	0.12483	0.01075	0.00605	0.00163	0.00244	0.00944	0.00556	0.00479
21	0.00999	0.00943	0.01594	0.72929	0.11103	0.01148	0.01440	0.01338	0.01040	0.01348	0.00917	0.01358	0.00697	0.00507	0.00512	0.00169	0.00677	0.00456	0.00231	0.00594
22	0.00625	0.00447	0.00595	0.00714	0.00744	0.00417	0.00476	0.00714	0.00982	0.01310	0.02828	0.81633	0.03394	0.01608	0.00655	0.00208	0.00298	0.01459	0.00476	0.00417
23	0.00969	0.00912	0.01539	0.80734	0.03534	0.01140	0.01425	0.01311	0.01026	0.01311	0.00912	0.01368	0.00684	0.00513	0.00513	0.00171	0.00684	0.00456	0.00228	0.00570
24	0.00891	0.00446	0.00668	0.00668	0.00668	0.00446	0.00446	0.00668	0.00668	0.00891	0.00891	0.01560	0.00891	0.01783	0.02005	0.85071	0.00446	0.00446	0.00223	0.00223
25	0.00627	0.00498	0.00552	0.00583	0.00703	0.00436	0.00414	0.00744	0.01106	0.01376	0.08287	0.25980	0.48803	0.06604	0.00750	0.00203	0.00285	0.01157	0.00470	0.00423
26	0.00697	0.00477	0.00574	0.00622	0.00634	0.00465	0.00378	0.00733	0.00842	0.01122	0.02106	0.34975	0.02483	0.49508	0.01821	0.00381	0.00417	0.01034	0.00378	0.00354
27	0.00746	0.00497	0.00560	0.00560	0.00560	0.00497	0.00311	0.00746	0.00746	0.00995	0.01617	0.03358	0.01865	0.81967	0.02612	0.00497	0.00497	0.00746	0.00311	0.00311
28	0.00691	0.00521	0.00639	0.00613	0.00746	0.00469	0.00458	0.00899	0.01364	0.01857	0.56753	0.05973	0.24875	0.01130	0.00607	0.00166	0.00248	0.00983	0.00539	0.00469
29	0.27639	0.00757	0.00765	0.00741	0.00930	0.00814	0.00557	0.05910	0.07406	0.05378	0.01828	0.31623	0.01866	0.03136	0.00548	0.00184	0.00360	0.00801	0.08212	0.00544
30	0.00746	0.00497	0.00560	0.00560	0.00560	0.00497	0.00311	0.00746	0.00746	0.00995	0.01617	0.03358	0.01865	0.81967	0.02612	0.00497	0.00497	0.00746	0.00311	0.00311
31	0.00891	0.00446	0.00668	0.00668	0.00668	0.00446	0.00446	0.00668	0.00668	0.00891	0.00891	0.01560	0.00891	0.01783	0.02005	0.85071	0.00446	0.00446	0.00223	0.00223
32	0.12435	0.00780	0.00969	0.00819	0.01101	0.00730	0.00645	0.03513	0.01287	0.44439	0.06442	0.17841	0.01828	0.04040	0.00606	0.00182	0.00398	0.00707	0.00543	0.00696
33	0.00732	0.00518	0.00602	0.00621	0.00756	0.00452	0.00450	0.00862	0.01148	0.06456	0.09916	0.30649	0.42299	0.01341	0.00617	0.00183	0.00283	0.01161	0.00494	0.00460
34	0.00891	0.00446	0.00668	0.00668	0.00668	0.00446	0.00446	0.00668	0.00668	0.00891	0.00891	0.01560	0.00891	0.01783	0.02005	0.85071	0.00446	0.00446	0.00223	0.00223
35	0.13187	0.00631	0.00736	0.00689	0.00870	0.00603	0.00523	0.01207	0.01245	0.13881	0.31462	0.18165	0.12784	0.01041	0.00559	0.00171	0.00308	0.00892	0.00512	0.00536
36	0.39456	0.00939	0.01004	0.00813	0.01175	0.00950	0.00671	0.03771	0.01225	0.43104	0.01422	0.01327	0.00942	0.00564	0.00427	0.00159	0.00422	0.00408	0.00491	0.00732
37	0.00827	0.00591	0.00827	0.00945	0.01063	0.00591	0.00827	0.01063	0.01181	0.01536	0.02717	0.05788	0.02953	0.01417	0.00709	0.00236	0.00472	0.75313	0.00472	0.00472
38	0.00625	0.00447	0.00595	0.00714	0.00744	0.00417	0.00476	0.00714	0.00982	0.01310	0.02828	0.81633	0.03394	0.01608	0.00655	0.00208	0.00298	0.01459	0.00476	0.00417
39	0.07792	0.00563	0.00681	0.00671	0.00805	0.00532	0.00495	0.01015	0.01246	0.06625	0.38789	0.25078	0.11485	0.01156	0.00590	0.00175	0.00284	0.01011	0.00515	0.00491
40	0.76842	0.00939	0.00726	0.00654	0.00952	0.01082	0.00535	0.01476	0.00894	0.02262	0.00814	0.00945	0.00634	0.00489	0.00322	0.00155	0.00381	0.00299	0.09053	0.00548
41	0.02205	0.01029	0.01287	0.00987	0.01388	0.00986	0.00815	0.23113	0.01730	0.58141	0.01805	0.01604	0.01160	0.00630	0.00515	0.00157	0.00472	0.00501	0.00601	0.00873
42	0.00655	0.00514	0.00544	0.00541	0.00662	0.00455	0.00376	0.00757	0.01075	0.01331	0.10027	0.04413	0.51503	0.23582	0.01161	0.00262	0.00324	0.00978	0.00438	0.00403
43	0.00829	0.00566	0.00741	0.00765	0.00852	0.00586	0.00556	0.05644	0.01027	0.03805	0.02096	0.34697	0.02289	0.12658	0.22811	0.00410	0.00651	0.05294	0.03260	0.00462
44	0.00606	0.00520	0.00520	0.00520	0.00693	0.00433	0.00390	0.00736	0.01170	0.01386	0.05198	0.04938	0.78558	0.01299	0.00606	0.00173	0.00260	0.01083	0.00476	0.00433
45	0.00606	0.00520	0.00520	0.00520	0.00693	0.00433	0.00390	0.00736	0.01170	0.01386	0.05198	0.04938	0.78558	0.01299	0.00606	0.00173	0.00260	0.01083	0.00476	0.00433
46	0.00682	0.00530	0.00661	0.00647	0.00780	0.00508	0.00492	0.00866	0.01171	0.01562	0.29252	0.03751	0.31939	0.01918	0.22538	0.00349	0.00562	0.00882	0.00451	0.00458
47	0.29662	0.33740	0.05403	0.00836	0.01175	0.01409	0.02665	0.01405	0.00971	0.01623	0.03758	0.03724	0.00983	0.08384	0.00609	0.00175	0.02216	0.00399	0.00283	0.00580
48	0.02251	0.00885	0.01189	0.00920	0.01311	0.00780	0.00757	0.02512	0.05309	0.75251	0.02028	0.01755	0.01285	0.00638	0.00516	0.00160	0.00435	0.00519	0.00629	0.00870
49	0.01075	0.03919	0.01124	0.00764	0.01220	0.00734	0.00618	0.01301	0.01063	0.01655	0.00905	0.01055	0.00756	0.00382	0.00378	0.00077	0.00386	0.00303	0.00301	0.81984
50	0.01260	0.01209	0.02065	0.05670	0.76323	0.01217	0.01570	0.01566	0.01164	0.01664	0.00963	0.01273	0.00809	0.00459	0.00508	0.00153	0.00612	0.00457	0.00253	0.00805
51	0.00956	0.00478	0.00478	0.00478	0.00598	0.00478	0.00359	0.01196	0.01076	0.01913	0.01674	0.01913	0.01315	0.00598	0.00359	0.00120	0.00239	0.00478	0.84816	0.00478
52	0.02193	0.00896	0.01191	0.00914	0.01306	0.00790	0.00753	0.06491	0.01505	0.69934	0.04098	0.01752	0.01330	0.00636	0.00513	0.00156	0.00436	0.00517	0.00614	0.03975
53	0.02272	0.00874	0.01188	0.00909	0.01308	0.00752	0.00751	0.02471	0.01459	0.77236	0.01997	0.01730	0.01258	0.00629	0.00513	0.00157	0.00435	0.00511	0.00627	0.02925
54	0.01064	0.00912	0.01064	0.00760	0.01216	0.00684	0.00608	0.01292	0.01064	0.01672	0.00912	0.01064	0.00760	0.00380	0.00380	0.00076	0.00380	0.00304	0.00304	0.85104
55	0.01136	0.01345	0.18582	0.01345	0.01767	0.01002	0.23475	0.01662	0.11038	0.08216	0.22643	0.02093	0.02015	0.00665	0.00562	0.00166	0.00576	0.00635	0.00399	0.00679
56	0.01064	0.00912	0.01064	0.00760	0.01216	0.00684	0.00608	0.01292	0.01064	0.01672	0.00912	0.01064	0.00760	0.00380	0.00380	0.00076	0.00380	0.00304	0.00304	0.85104
57	0.00681	0.00531	0.00653	0.02995	0.00853	0.03278	0.00521	0.00779	0.01000	0.01308	0.02701	0.76483	0.03220	0.01538	0.00644	0.00205	0.00331	0.01390	0.00462	0.00427
58	0.01332	0.01101	0.03860	0.00934	0.01359	0.00969	0.02240	0.20733	0.05849	0.05099	0.05598	0.01349	0.01087	0.00511	0.00448	0.00114	0.00445	0.00413	0.00394	0.46166
59	0.00891	0.00446	0.00668	0.00668	0.00668	0.00446	0.00446	0.00668	0.00668	0.00891	0.00891	0.01560	0.00891	0.01783	0.02005	0.85071	0.00446	0.00446	0.00223	0.00223
60	0.00788	0.00511	0.00754	0.00754	0.00809	0.00565	0.00553	0.00821	0.00766	0.01076	0.01227	0.01950	0.01189	0.08339	0.48374	0.29367	0.01001	0.00528	0.00260	0.00369
61	0.01254	0.01265	0.02344	0.02877	0.57731	0.01241	0.22401	0.01594	0.01180	0.01667	0.00985	0.01301	0.00803	0.00450	0.00535	0.00158	0.00680	0.00498	0.00256	0.00779
62	0.01095	0.01328	0.15627	0.42222	0.12610	0.01184	0.08391	0.06170	0.01170	0.01586	0.03142	0.01367	0.00832	0.00516	0.00519	0.00166	0.00684	0.00470	0.00260	0.00662
63	0.85592	0.00992	0.00754	0.00675	0.00992	0.01151	0.00556	0.01508	0.00873	0.02302	0.00714	0.00834	0.00556	0.00476	0.00318	0.00159	0.00397	0.00278	0.00318	0.00556
64	0.00909	0.00756	0.00893	0.00723	0.01043	0.00593	0.00553	0.01097	0.01071	0.01579	0.04735	0.19646	0.08826	0.00768	0.00472	0.00118	0.00345	0.00661	0.00369	0.54845
65	0.00793	0.00675	0.00925	0.00928	0.00948	0.00807	0.00694	0.00890	0.00916	0.01285	0.02101	0.54461	0.02476	0.01368	0.01002	0.00214	0.27543	0.01118	0.00391	0.00466
66	0.01756	0.00757	0.01004	0.00818	0.01129	0.00660	0.00665	0.01954	0.01414	0.52882	0.15061	0.02683	0.12133	0.00824	0.00551	0.00164	0.00383	0.03832	0.00596	0.00734
67	0.01173	0.01581	0.23342	0.04168	0.51149	0.01183	0.01598	0.01584	0.03201	0.01657	0.01133	0.01369	0.03563	0.00503	0.00506	0.00157	0.00634	0.00461	0.00258	0.00779
68	0.00697	0.00493	0.00573	0.00596	0.00639	0.00473	0.00375	0.00754	0.00906	0.01189	0.06913	0.19809	0.14703	0.46048	0.03334	0.00372	0.00421	0.00954	0.00386	0.00366
69	0.15529	0.29577	0.04120	0.00937	0.01337	0.04855	0.00840	0.11846	0.06119	0.16765	0.01136	0.01144	0.00847	0.00527	0.00412	0.00139	0.00514	0.00372	0.00378	0.02607
70	0.17854	0.03196	0.06785	0.01109	0.01492	0.08179	0.04715	0.23963	0.12902	0.11342	0.01260	0.01276	0.00914	0.00579	0.00495	0.00159	0.02171	0.00436	0.00424	0.00750

[dist]
# distance from previous block
# <min> <max>
3	5

[block]
# block no. 5 follows, 48 sequences, length 71
# corresponding to MSA columns:
# 271-300,302-342
name=unknown_F
#
# <colnr> <probs for GDERKNQSTAVLIFYWHMCP>
#	G	D	E	R	K	N	Q	S	T	A	V	L	I	F	Y	W	H	M	C	P
0	0.05087	0.14590	0.12584	0.02232	0.02841	0.07246	0.02583	0.01826	0.04447	0.21134	0.01197	0.01230	0.00874	0.00503	0.00440	0.00132	0.00539	0.00387	0.00365	0.19762
1	0.01371	0.21018	0.33707	0.01276	0.01836	0.01474	0.06395	0.20443	0.01420	0.03500	0.01013	0.02497	0.00777	0.00527	0.00468	0.00149	0.00653	0.00412	0.00307	0.00755
2	0.01276	0.44798	0.02432	0.04011	0.01700	0.06814	0.20329	0.01512	0.01130	0.01363	0.03490	0.03385	0.04652	0.00537	0.00446	0.00137	0.00630	0.00459	0.00263	0.00637
3	0.00667	0.00507	0.00615	0.00628	0.00746	0.00455	0.00461	0.00839	0.01249	0.01659	0.35766	0.21516	0.28524	0.01265	0.00619	0.00178	0.00266	0.03074	0.00514	0.00452
4	0.01163	0.03410	0.25395	0.01528	0.07021	0.01059	0.22373	0.01556	0.01159	0.06868	0.04681	0.04972	0.01074	0.00537	0.00515	0.00151	0.00643	0.00515	0.00302	0.15078
5	0.01336	0.04394	0.11788	0.01428	0.15837	0.01070	0.02943	0.09814	0.12892	0.12940	0.10017	0.05507	0.04905	0.00709	0.00530	0.00163	0.00502	0.02063	0.00428	0.00735
6	0.01418	0.00684	0.00896	0.00769	0.01020	0.00605	0.00616	0.01623	0.01396	0.36250	0.27442	0.03222	0.14327	0.00931	0.00574	0.00168	0.00349	0.06486	0.00576	0.00649
7	0.01288	0.03508	0.11822	0.03594	0.40263	0.04532	0.11968	0.01649	0.03103	0.06690	0.02550	0.04610	0.01003	0.00536	0.00521	0.00158	0.00641	0.00514	0.00296	0.00753
8	0.01197	0.01349	0.10685	0.17111	0.32950	0.03616	0.15091	0.01550	0.01161	0.03650	0.04304	0.01397	0.00941	0.00508	0.00551	0.00162	0.02301	0.00493	0.00269	0.00715
9	0.00689	0.00520	0.00663	0.00686	0.00784	0.00514	0.00508	0.00833	0.01025	0.01357	0.11036	0.16067	0.22795	0.10810	0.23901	0.00406	0.00628	0.05936	0.00409	0.00433
10	0.28632	0.01249	0.10135	0.01286	0.13770	0.06302	0.00952	0.03144	0.01070	0.01828	0.10277	0.01528	0.01250	0.06505	0.00740	0.00189	0.09766	0.00459	0.00315	0.00605
11	0.02146	0.00893	0.01173	0.00908	0.01288	0.00800	0.00747	0.08529	0.01532	0.66898	0.04299	0.01918	0.05071	0.00677	0.00523	0.00159	0.00433	0.00551	0.00615	0.00841
12	0.01662	0.01201	0.01708	0.01813	0.26444	0.01229	0.06936	0.24078	0.07865	0.17809	0.03135	0.01475	0.01074	0.00571	0.00522	0.00158	0.00556	0.00503	0.00437	0.00826
13	0.79807	0.00984	0.00784	0.00691	0.01014	0.01123	0.00569	0.01577	0.00915	0.07638	0.00805	0.00897	0.00605	0.00487	0.00331	0.00159	0.00400	0.00294	0.00340	0.00578
14	0.01355	0.00664	0.00887	0.00752	0.00983	0.00592	0.00592	0.01580	0.01459	0.32810	0.47980	0.03000	0.03416	0.00884	0.00570	0.00160	0.00320	0.00764	0.00593	0.00639
15	0.00618	0.00520	0.00536	0.00532	0.00700	0.00438	0.00399	0.00759	0.01197	0.01451	0.12255	0.04832	0.71461	0.01275	0.00606	0.00172	0.00258	0.01068	0.00485	0.00438
16	0.00733	0.00550	0.00825	0.00825	0.00916	0.00641	0.00641	0.00916	0.00825	0.01191	0.01374	0.02016	0.01283	0.03848	0.79934	0.00825	0.01374	0.00550	0.00275	0.00458
17	0.01046	0.02302	0.61461	0.09173	0.03930	0.01210	0.07586	0.01581	0.01078	0.01583	0.00921	0.01139	0.00667	0.00500	0.00544	0.00166	0.03754	0.00408	0.00222	0.00729
18	0.00635	0.00454	0.00607	0.00726	0.00760	0.00425	0.00493	0.00731	0.00992	0.01321	0.02823	0.77953	0.03372	0.01598	0.00658	0.00210	0.00306	0.05041	0.00476	0.00419
19	0.01123	0.00947	0.01095	0.00788	0.01241	0.00744	0.00632	0.06299	0.01153	0.01775	0.00933	0.01075	0.00767	0.00396	0.00389	0.00081	0.00392	0.00314	0.00318	0.79538
20	0.10038	0.00916	0.01153	0.00887	0.01283	0.00825	0.00730	0.05876	0.01414	0.59857	0.01742	0.01562	0.01128	0.00592	0.00482	0.00150	0.00433	0.00468	0.00564	0.09901
21	0.03190	0.35610	0.15607	0.00988	0.01466	0.01377	0.01001	0.01895	0.01201	0.29507	0.01228	0.01208	0.00879	0.00518	0.00426	0.00137	0.00539	0.00381	0.00373	0.02470
22	0.00927	0.03376	0.24841	0.01102	0.01429	0.00827	0.08828	0.01206	0.01038	0.05165	0.01829	0.34748	0.01938	0.08107	0.00772	0.00211	0.01841	0.00888	0.00357	0.00570
23	0.01276	0.01102	0.01160	0.01044	0.01334	0.01276	0.00812	0.02727	0.77840	0.02146	0.02088	0.01914	0.01566	0.00696	0.00522	0.00174	0.00406	0.00580	0.00522	0.00812
24	0.00733	0.00550	0.00825	0.00825	0.00916	0.00641	0.00641	0.00916	0.00825	0.01191	0.01374	0.02016	0.01283	0.03848	0.79934	0.00825	0.01374	0.00550	0.00275	0.00458
25	0.01156	0.17621	0.05255	0.01070	0.07095	0.10645	0.00800	0.05476	0.07829	0.01442	0.01523	0.18483	0.01574	0.16769	0.00911	0.00223	0.00535	0.00679	0.00342	0.00573
26	0.00704	0.00524	0.00655	0.00622	0.00753	0.00475	0.00466	0.00925	0.01399	0.01931	0.64723	0.04040	0.18693	0.01096	0.00605	0.00164	0.00245	0.00957	0.00548	0.00475
27	0.03026	0.11426	0.11802	0.20063	0.20739	0.01360	0.02739	0.02680	0.01049	0.01477	0.00897	0.01273	0.00757	0.00581	0.00715	0.00169	0.16302	0.02035	0.00244	0.00667
28	0.01415	0.15840	0.06800	0.01677	0.23195	0.02952	0.02389	0.14510	0.21178	0.03116	0.01266	0.01341	0.00983	0.00548	0.00480	0.00151	0.00556	0.00453	0.00364	0.00786
29	0.07893	0.03672	0.01150	0.00851	0.02791	0.00808	0.00674	0.01660	0.02923	0.21229	0.01199	0.01234	0.00889	0.00463	0.00414	0.00108	0.00406	0.00364	0.00390	0.50884
30	0.01445	0.18547	0.29057	0.01150	0.01667	0.01205	0.04843	0.04316	0.01219	0.21658	0.01305	0.06543	0.01011	0.00588	0.00476	0.00151	0.00587	0.00475	0.00358	0.03399
31	0.00726	0.00526	0.00687	0.00659	0.00779	0.00487	0.00498	0.00963	0.01424	0.02003	0.71708	0.05497	0.06358	0.01083	0.00611	0.00166	0.00255	0.04533	0.00557	0.00481
32	0.01108	0.02206	0.54830	0.01681	0.08716	0.01228	0.11927	0.01611	0.01093	0.03202	0.00944	0.01157	0.00696	0.00512	0.00598	0.00168	0.06924	0.00425	0.00235	0.00741
33	0.13429	0.05822	0.37260	0.01431	0.07056	0.06066	0.08522	0.04048	0.01170	0.09123	0.01002	0.01134	0.00727	0.00497	0.00470	0.00157	0.00670	0.00399	0.00290	0.00726
34	0.01213	0.05117	0.02230	0.04855	0.49159	0.01226	0.19813	0.01533	0.01165	0.01617	0.01154	0.03046	0.02955	0.00516	0.00533	0.00159	0.00653	0.02044	0.00268	0.00744
35	0.00620	0.00503	0.00549	0.00574	0.00710	0.00433	0.00417	0.00748	0.01148	0.01418	0.10061	0.22417	0.55912	0.01352	0.00617	0.00180	0.00267	0.01158	0.00483	0.00433
36	0.01235	0.01298	0.07113	0.07713	0.67575	0.01214	0.03211	0.01564	0.01155	0.01650	0.00961	0.01266	0.00794	0.00462	0.00509	0.00155	0.00629	0.00455	0.00250	0.00792
37	0.05370	0.11581	0.08960	0.07321	0.16989	0.06328	0.20142	0.01613	0.03112	0.03328	0.00960	0.01215	0.00765	0.00515	0.00604	0.00160	0.08163	0.00452	0.01737	0.00687
38	0.00641	0.00482	0.00598	0.00672	0.00754	0.00438	0.00477	0.00763	0.01082	0.01402	0.09198	0.49918	0.23735	0.01469	0.00642	0.00197	0.00295	0.06323	0.00483	0.00430
39	0.00711	0.00524	0.00665	0.00630	0.00758	0.00478	0.00473	0.00940	0.01418	0.01975	0.69460	0.03969	0.13930	0.01080	0.00605	0.00163	0.00244	0.00947	0.00554	0.00478
40	0.01808	0.10899	0.10038	0.01214	0.05257	0.16758	0.01023	0.15826	0.05812	0.24387	0.01317	0.01298	0.00934	0.00567	0.00480	0.00148	0.00611	0.00427	0.00421	0.00775
41	0.01174	0.07773	0.01528	0.06682	0.08843	0.06380	0.08179	0.04886	0.19542	0.01637	0.01620	0.15984	0.02958	0.02117	0.00678	0.00179	0.08151	0.00675	0.00369	0.00649
42	0.00737	0.00532	0.00736	0.00736	0.00798	0.00593	0.00531	0.00860	0.00799	0.01126	0.01455	0.02463	0.01477	0.29860	0.54187	0.00716	0.01082	0.00615	0.00287	0.00409
43	0.17391	0.01287	0.01880	0.07328	0.35718	0.08099	0.15027	0.03089	0.01164	0.01766	0.02045	0.01220	0.00796	0.00478	0.00487	0.00157	0.00642	0.00446	0.00276	0.00703
44	0.17221	0.14316	0.01433	0.01019	0.04248	0.06732	0.00810	0.13510	0.10952	0.15477	0.01271	0.03075	0.00968	0.00569	0.00439	0.00145	0.00497	0.00424	0.00409	0.06483
45	0.01536	0.01273	0.01556	0.01752	0.27153	0.06446	0.01088	0.30577	0.05390	0.05550	0.01598	0.04665	0.07785	0.00660	0.00522	0.00157	0.00553	0.00552	0.00412	0.00776
46	0.01438	0.55656	0.07273	0.01199	0.08493	0.14411	0.01026	0.02883	0.01146	0.01318	0.00771	0.00904	0.00676	0.00461	0.00380	0.00121	0.00628	0.00310	0.00235	0.00672
47	0.00837	0.00635	0.00710	0.00665	0.00852	0.00604	0.00507	0.01223	0.13926	0.05492	0.27394	0.03939	0.39108	0.01090	0.00588	0.00169	0.00287	0.00924	0.00519	0.00533
48	0.01321	0.01496	0.06810	0.12695	0.30487	0.16822	0.01353	0.02805	0.01138	0.01471	0.00863	0.01171	0.00726	0.00578	0.00751	0.00167	0.17990	0.00425	0.00248	0.00680
49	0.00713	0.00524	0.00667	0.00632	0.00758	0.00478	0.00474	0.00943	0.01421	0.01983	0.70347	0.03956	0.13037	0.01077	0.00605	0.00163	0.00244	0.00945	0.00555	0.00478
50	0.00711	0.00531	0.00622	0.00595	0.00746	0.00468	0.00448	0.00900	0.01323	0.03675	0.42970	0.04288	0.38559	0.01154	0.00604	0.00167	0.00255	0.00989	0.00526	0.00470
51	0.00651	0.00476	0.00596	0.00658	0.00723	0.00438	0.00449	0.00764	0.01070	0.01421	0.16046	0.49130	0.15175	0.08920	0.00820	0.00222	0.00301	0.01243	0.00476	0.00421
52	0.01372	0.82276	0.02689	0.00878	0.01317	0.02030	0.00878	0.01536	0.01043	0.01207	0.00713	0.00823	0.00658	0.00439	0.00329	0.00110	0.00549	0.00274	0.00219	0.00658
53	0.00627	0.00491	0.00568	0.00611	0.00721	0.00432	0.00435	0.00753	0.01125	0.01428	0.12152	0.35465	0.40578	0.01396	0.00626	0.00186	0.00273	0.01216	0.00486	0.00432
54	0.01228	0.01052	0.01119	0.01009	0.01285	0.01207	0.00783	0.02573	0.71154	0.02139	0.08776	0.02082	0.01853	0.00727	0.00529	0.00173	0.00392	0.00611	0.00526	0.00783
55	0.01205	0.00908	0.01078	0.00777	0.01227	0.00692	0.00625	0.01429	0.01110	0.10473	0.01038	0.01142	0.00818	0.00409	0.00395	0.00085	0.00386	0.00328	0.00342	0.75532
56	0.01917	0.02445	0.01454	0.01322	0.01586	0.79907	0.00991	0.02049	0.01454	0.01256	0.00793	0.00925	0.00661	0.00529	0.00463	0.00132	0.00925	0.00330	0.00264	0.00595
57	0.00737	0.00530	0.00722	0.00719	0.00780	0.00580	0.00514	0.00860	0.00839	0.01180	0.06671	0.02613	0.01729	0.31263	0.47252	0.00664	0.00988	0.00645	0.00307	0.00408
58	0.00844	0.00550	0.00724	0.00665	0.00807	0.00504	0.00504	0.01083	0.01454	0.07804	0.72794	0.03677	0.04575	0.01018	0.00599	0.00161	0.00257	0.00897	0.00570	0.00513
59	0.04040	0.01040	0.01170	0.00957	0.01306	0.01071	0.00764	0.07760	0.34569	0.12303	0.01579	0.01532	0.01177	0.00594	0.00523	0.00144	0.03793	0.00469	0.00456	0.24754
60	0.01431	0.01384	0.05612	0.07097	0.51345	0.08719	0.01419	0.08436	0.01314	0.06810	0.01037	0.01261	0.00818	0.00495	0.00504	0.00153	0.00636	0.00446	0.00300	0.00785
61	0.01464	0.21549	0.19160	0.04085	0.01814	0.25374	0.07815	0.06351	0.04999	0.01525	0.00917	0.01058	0.00726	0.00502	0.00456	0.00142	0.00736	0.00376	0.00269	0.00682
62	0.01720	0.33697	0.01998	0.01060	0.01482	0.01766	0.00936	0.46919	0.01866	0.02425	0.01025	0.01069	0.00787	0.00545	0.00440	0.00136	0.00558	0.00387	0.00396	0.00787
63	0.01347	0.01208	0.05140	0.15778	0.08516	0.01149	0.25230	0.07301	0.07478	0.11454	0.01215	0.01404	0.00890	0.00506	0.00529	0.00158	0.00646	0.00503	0.00343	0.09205
64	0.00632	0.00457	0.00600	0.00711	0.00754	0.00425	0.00485	0.00730	0.01003	0.01324	0.02983	0.73406	0.08440	0.01579	0.00654	0.00207	0.00302	0.04412	0.00476	0.00420
65	0.00735	0.00508	0.00640	0.00662	0.00711	0.00501	0.00452	0.00832	0.00984	0.01340	0.18544	0.15255	0.02793	0.36986	0.06719	0.02309	0.00466	0.08769	0.00403	0.00389
66	0.01268	0.01187	0.01954	0.05009	0.25728	0.04136	0.22841	0.03718	0.11231	0.05865	0.04238	0.06707	0.02495	0.00609	0.00551	0.00166	0.00621	0.00606	0.00347	0.00722
67	0.01183	0.42109	0.29270	0.03913	0.01709	0.01563	0.03201	0.01538	0.02975	0.01398	0.00974	0.06252	0.00861	0.00541	0.00424	0.00140	0.00615	0.00411	0.00244	0.00679
68	0.02302	0.00873	0.01191	0.00913	0.01310	0.00754	0.00754	0.02501	0.01469	0.79122	0.02024	0.01746	0.01270	0.00635	0.00516	0.00159	0.00437	0.00516	0.00635	0.00873
69	0.00772	0.00604	0.00816	0.00954	0.07829	0.00576	0.02073	0.00986	0.05641	0.02972	0.03062	0.46639	0.18840	0.01334	0.00622	0.00194	0.00346	0.04785	0.00458	0.00496
70	0.03772	0.09177	0.12959	0.02746	0.11842	0.04299	0.06478	0.07149	0.01339	0.30163	0.01398	0.04178	0.01020	0.00579	0.00497	0.00155	0.00575	0.00486	0.00413	0.00774

[dist]
# distance from previous block
# <min> <max>
0	4

[block]
# block no. 6 follows, 48 sequences, length 12
# corresponding to MSA columns:
# 347-358
name=unknown_G
#
# <colnr> <probs for GDERKNQSTAVLIFYWHMCP>
#	G	D	E	R	K	N	Q	S	T	A	V	L	I	F	Y	W	H	M	C	P
0	0.03627	0.42152	0.02078	0.01058	0.01440	0.20917	0.02716	0.10450	0.06056	0.03823	0.00924	0.01003	0.00758	0.00504	0.00407	0.00128	0.00635	0.00344	0.00298	0.00682
1	0.04891	0.07025	0.11274	0.05342	0.11677	0.01109	0.03244	0.12449	0.01288	0.05686	0.01002	0.01149	0.00775	0.00467	0.00443	0.00126	0.00529	0.00380	0.00323	0.30821
2	0.01331	0.08327	0.39376	0.01220	0.01797	0.02726	0.02896	0.07262	0.06009	0.11868	0.01143	0.01212	0.00822	0.00511	0.00471	0.00146	0.00621	0.00401	0.00325	0.11535
3	0.01547	0.01166	0.05008	0.04248	0.39333	0.01090	0.03196	0.09190	0.01378	0.21596	0.06048	0.01544	0.01173	0.00557	0.00518	0.00156	0.00553	0.00502	0.00394	0.00802
4	0.00983	0.00878	0.01366	0.45916	0.02482	0.01070	0.02785	0.05665	0.01050	0.01399	0.01198	0.10909	0.01115	0.05062	0.06185	0.00242	0.10264	0.00598	0.00282	0.00551
5	0.05479	0.09841	0.01622	0.06637	0.06207	0.03773	0.00992	0.46822	0.01914	0.10001	0.01181	0.01224	0.00852	0.00574	0.00484	0.00150	0.00565	0.00435	0.00444	0.00804
6	0.02302	0.00873	0.01191	0.00913	0.01310	0.00754	0.00754	0.02501	0.01469	0.79122	0.02024	0.01746	0.01270	0.00635	0.00516	0.00159	0.00437	0.00516	0.00635	0.00873
7	0.00729	0.00495	0.00559	0.00567	0.00581	0.00488	0.00327	0.00743	0.00789	0.01041	0.01928	0.08722	0.06887	0.71391	0.02351	0.00457	0.00469	0.00816	0.00333	0.00326
8	0.00778	0.00540	0.00681	0.00636	0.00779	0.00488	0.00480	0.00999	0.01405	0.05453	0.62613	0.03925	0.17151	0.01073	0.00601	0.00163	0.00254	0.00935	0.00553	0.00493
9	0.00939	0.00568	0.00768	0.00749	0.00808	0.00607	0.00529	0.01042	0.13680	0.01136	0.01146	0.01669	0.01048	0.01826	0.10306	0.61532	0.00541	0.00480	0.00279	0.00348
10	0.01095	0.00976	0.01253	0.18089	0.07904	0.09522	0.05752	0.01406	0.04718	0.06459	0.27766	0.02505	0.08893	0.00771	0.00553	0.00162	0.00502	0.00675	0.00410	0.00589
11	0.01406	0.20544	0.23617	0.01319	0.07592	0.06321	0.01227	0.18153	0.07909	0.01906	0.01035	0.01130	0.00796	0.00517	0.00454	0.00143	0.00619	0.00389	0.00318	0.04604

[dist]
# distance from previous block
# <min> <max>
10	15

[block]
# block no. 7 follows, 48 sequences, length 9
# corresponding to MSA columns:
# 376-384
name=unknown_H
#
# <colnr> <probs for GDERKNQSTAVLIFYWHMCP>
#	G	D	E	R	K	N	Q	S	T	A	V	L	I	F	Y	W	H	M	C	P
0	0.04739	0.06977	0.11582	0.01220	0.01580	0.41457	0.01047	0.06785	0.13285	0.04967	0.01084	0.01145	0.00836	0.00552	0.00467	0.00145	0.00737	0.00387	0.00329	0.00682
1	0.34313	0.02950	0.08248	0.12689	0.08883	0.01222	0.00984	0.09945	0.07566	0.03687	0.01006	0.01158	0.00763	0.00528	0.00450	0.00160	0.02116	0.00388	0.02278	0.00664
2	0.01870	0.01438	0.01493	0.01159	0.01559	0.05001	0.00949	0.66080	0.06241	0.03012	0.01241	0.01246	0.00894	0.00605	0.00505	0.00150	0.00563	0.00454	0.00492	0.05049
3	0.02302	0.00873	0.01191	0.00913	0.01310	0.00754	0.00754	0.02501	0.01469	0.79122	0.02024	0.01746	0.01270	0.00635	0.00516	0.00159	0.00437	0.00516	0.00635	0.00873
4	0.00879	0.00450	0.00659	0.00659	0.00659	0.00450	0.00434	0.00675	0.00675	0.00900	0.00953	0.01714	0.00975	0.08652	0.02057	0.77826	0.00450	0.00471	0.00230	0.00230
5	0.01367	0.08219	0.22630	0.05065	0.28840	0.01208	0.01389	0.05993	0.03361	0.12730	0.01257	0.01383	0.03222	0.00533	0.00493	0.00155	0.00604	0.00452	0.00323	0.00776
6	0.01402	0.01787	0.15655	0.02071	0.28677	0.19813	0.11477	0.05039	0.06062	0.01660	0.01008	0.01209	0.00793	0.00498	0.00508	0.00154	0.00730	0.00441	0.00278	0.00738
7	0.01025	0.00832	0.07960	0.00865	0.01095	0.00668	0.04248	0.01342	0.06215	0.13223	0.32541	0.16039	0.05356	0.03605	0.02456	0.00196	0.00401	0.00859	0.00495	0.00578
8	0.15301	0.15287	0.12257	0.01137	0.05034	0.05244	0.00998	0.20936	0.07977	0.02085	0.01193	0.05827	0.01009	0.00622	0.00458	0.00155	0.00549	0.02859	0.00363	0.00708

[dist]
# distance from previous block
# <min> <max>
0	1

[block]
# block no. 8 follows, 48 sequences, length 9
# corresponding to MSA columns:
# 386-394
name=unknown_I
#
# <colnr> <probs for GDERKNQSTAVLIFYWHMCP>
#	G	D	E	R	K	N	Q	S	T	A	V	L	I	F	Y	W	H	M	C	P
0	0.30914	0.17975	0.01511	0.01200	0.11056	0.15119	0.00869	0.04055	0.09839	0.01826	0.00932	0.01038	0.00752	0.00505	0.00399	0.00145	0.00553	0.00349	0.00309	0.00655
1	0.03697	0.01457	0.01656	0.01394	0.04367	0.15684	0.12772	0.23923	0.11716	0.02064	0.01244	0.04348	0.01021	0.00661	0.00657	0.00168	0.09784	0.02293	0.00380	0.00714
2	0.00913	0.00580	0.00833	0.00802	0.00916	0.00636	0.00613	0.01075	0.00888	0.10022	0.01478	0.02153	0.01354	0.13239	0.61253	0.00708	0.01158	0.00570	0.00320	0.00487
3	0.00709	0.00514	0.00640	0.00621	0.00722	0.00476	0.00444	0.00888	0.01270	0.01753	0.52248	0.08885	0.12620	0.14848	0.00949	0.00223	0.00291	0.00949	0.00506	0.00445
4	0.00625	0.00447	0.00595	0.00714	0.00744	0.00417	0.00476	0.00714	0.00982	0.01310	0.02828	0.81633	0.03394	0.01608	0.00655	0.00208	0.00298	0.01459	0.00476	0.00417
5	0.01948	0.01526	0.01532	0.01193	0.01591	0.08518	0.00977	0.70422	0.02328	0.03059	0.01193	0.01205	0.00854	0.00608	0.00509	0.00152	0.00597	0.00450	0.00491	0.00848
6	0.01211	0.01384	0.03028	0.02163	0.02682	0.01298	0.76903	0.01644	0.01211	0.01644	0.01038	0.01384	0.00779	0.00433	0.00606	0.00173	0.00865	0.00606	0.00260	0.00692
7	0.00746	0.00497	0.00560	0.00560	0.00560	0.00497	0.00311	0.00746	0.00746	0.00995	0.01617	0.03358	0.01865	0.81967	0.02612	0.00497	0.00497	0.00746	0.00311	0.00311
8	0.50541	0.04154	0.14581	0.01080	0.01504	0.05931	0.12408	0.01582	0.01001	0.01987	0.00803	0.00965	0.00615	0.00473	0.00399	0.00158	0.00566	0.00348	0.00285	0.00617

[dist]
# distance from previous block
# <min> <max>
0	1

[block]
# block no. 9 follows, 48 sequences, length 43
# corresponding to MSA columns:
# 396-438
name=unknown_J
#
# <colnr> <probs for GDERKNQSTAVLIFYWHMCP>
#	G	D	E	R	K	N	Q	S	T	A	V	L	I	F	Y	W	H	M	C	P
0	0.42190	0.34209	0.05458	0.00877	0.03530	0.01502	0.00789	0.01556	0.00978	0.04001	0.00769	0.00881	0.00630	0.00466	0.00342	0.00139	0.00484	0.00294	0.00280	0.00624
1	0.01034	0.01040	0.01187	0.24328	0.01828	0.15916	0.03090	0.01232	0.01044	0.01271	0.01409	0.18529	0.01421	0.04406	0.16590	0.00317	0.03867	0.00678	0.00301	0.00513
2	0.00735	0.00543	0.00790	0.00790	0.00869	0.00622	0.00598	0.00894	0.00814	0.01165	0.01406	0.02193	0.01359	0.14136	0.69751	0.00782	0.01259	0.00576	0.00280	0.00439
3	0.01372	0.82276	0.02689	0.00878	0.01317	0.02030	0.00878	0.01536	0.01043	0.01207	0.00713	0.00823	0.00658	0.00439	0.00329	0.00110	0.00549	0.00274	0.00219	0.00658
4	0.00623	0.00455	0.00587	0.00693	0.00738	0.00419	0.00467	0.00717	0.01003	0.01318	0.03093	0.73050	0.11805	0.01573	0.00649	0.00204	0.00293	0.01417	0.00476	0.00419
5	0.01234	0.01297	0.02114	0.08608	0.30245	0.07919	0.22700	0.01527	0.01131	0.01523	0.01010	0.04871	0.00876	0.00575	0.00704	0.00171	0.12016	0.00532	0.00260	0.00687
6	0.00767	0.00542	0.00727	0.00824	0.00901	0.00535	0.00655	0.00928	0.01058	0.01387	0.02542	0.22264	0.02854	0.16078	0.01042	0.00277	0.00438	0.45307	0.00444	0.00431
7	0.13212	0.02084	0.04105	0.01206	0.01504	0.55517	0.00947	0.05263	0.08680	0.01582	0.00929	0.01026	0.00742	0.00540	0.00452	0.00142	0.00782	0.00355	0.00305	0.00628
8	0.01538	0.21155	0.19576	0.01383	0.10295	0.01535	0.01221	0.30574	0.01607	0.04905	0.01034	0.01122	0.00778	0.00527	0.00463	0.00145	0.00605	0.00399	0.00350	0.00788
9	0.01334	0.01110	0.01299	0.01038	0.01405	0.02619	0.05764	0.14267	0.30436	0.04386	0.05433	0.01594	0.01308	0.00587	0.00488	0.00140	0.00457	0.00493	0.00440	0.25402
10	0.00943	0.00754	0.03476	0.00708	0.00908	0.04622	0.00559	0.03771	0.01257	0.10096	0.12942	0.16274	0.38279	0.02294	0.00618	0.00177	0.00349	0.00971	0.00484	0.00519
11	0.01288	0.00651	0.00852	0.00730	0.00957	0.00577	0.00573	0.01503	0.01428	0.30100	0.42806	0.03189	0.11376	0.00925	0.00573	0.00162	0.00315	0.00794	0.00581	0.00621
12	0.01106	0.01093	0.01980	0.42404	0.26519	0.01193	0.15366	0.01453	0.01104	0.01485	0.00952	0.01341	0.00741	0.00481	0.00528	0.00166	0.00694	0.00484	0.00242	0.00667
13	0.01440	0.21021	0.11528	0.07573	0.13962	0.24713	0.01212	0.03824	0.01207	0.01416	0.00829	0.01033	0.00692	0.00521	0.00543	0.00145	0.07059	0.00366	0.00247	0.00668
14	0.01106	0.01881	0.39761	0.13735	0.27631	0.01197	0.04329	0.01563	0.01107	0.01596	0.00938	0.01197	0.00713	0.00479	0.00502	0.00161	0.00702	0.00424	0.00232	0.00746
15	0.00667	0.00464	0.00583	0.00662	0.00681	0.00444	0.00420	0.00725	0.00902	0.01202	0.02414	0.54879	0.02871	0.29074	0.01324	0.00307	0.00366	0.01215	0.00420	0.00381
16	0.22732	0.01353	0.11488	0.01730	0.27852	0.01240	0.01162	0.15026	0.06113	0.02125	0.01162	0.01298	0.03512	0.00539	0.00462	0.00158	0.00542	0.00432	0.00336	0.00738
17	0.31165	0.20938	0.04659	0.01016	0.01382	0.14941	0.05579	0.04908	0.01142	0.06343	0.00854	0.00971	0.00676	0.00502	0.00432	0.00145	0.03070	0.00338	0.00301	0.00636
18	0.00946	0.00661	0.00814	0.00742	0.00915	0.00657	0.00567	0.01418	0.16196	0.07644	0.58224	0.03312	0.03951	0.00951	0.00583	0.00164	0.00288	0.00831	0.00562	0.00576
19	0.00627	0.00456	0.00586	0.00688	0.00733	0.00421	0.00462	0.00718	0.00996	0.01309	0.03057	0.70691	0.11759	0.03994	0.00708	0.00213	0.00299	0.01395	0.00471	0.00415
