[name]
unknown

[dist]
# distance from previous block
# <min> <max>
27	368

[block]
# block no. 0 follows, 42 sequences, length 239
# corresponding to MSA columns:
# 428-666
name=unknown_A
#
# <colnr> <probs for GDERKNQSTAVLIFYWHMCP>
#	G	D	E	R	K	N	Q	S	T	A	V	L	I	F	Y	W	H	M	C	P
0	0.01559	0.06179	0.14246	0.01142	0.01532	0.07402	0.02564	0.10818	0.02757	0.17707	0.05221	0.09643	0.04318	0.04442	0.03811	0.00221	0.02721	0.00656	0.00452	0.02609
1	0.01289	0.04504	0.01321	0.03787	0.01458	0.00906	0.03402	0.07475	0.01319	0.06912	0.01509	0.08398	0.04627	0.00633	0.00489	0.00123	0.00463	0.00531	0.00393	0.50460
2	0.01297	0.00993	0.01185	0.04680	0.04379	0.08489	0.03884	0.04756	0.02749	0.12196	0.29067	0.09253	0.04972	0.00989	0.00626	0.00182	0.00484	0.06272	0.00523	0.03026
3	0.01676	0.04741	0.09377	0.01415	0.05039	0.22643	0.05980	0.19746	0.05083	0.02064	0.01178	0.01445	0.00962	0.07115	0.00718	0.00186	0.00740	0.00474	0.00370	0.09048
4	0.01022	0.00811	0.01305	0.32963	0.04209	0.00893	0.05001	0.01244	0.01127	0.04958	0.07179	0.18531	0.01907	0.09234	0.00967	0.06332	0.00580	0.00815	0.00367	0.00555
5	0.01652	0.01442	0.01530	0.18786	0.07191	0.16746	0.01117	0.15619	0.05003	0.09878	0.07582	0.01637	0.01296	0.00644	0.00548	0.00163	0.00663	0.00517	0.00418	0.07567
6	0.03354	0.08705	0.14083	0.01216	0.05041	0.03246	0.01069	0.04921	0.17650	0.15025	0.05897	0.03223	0.01410	0.00656	0.00525	0.00161	0.00545	0.00530	0.00450	0.12293
7	0.01749	0.01117	0.04269	0.00966	0.01395	0.02647	0.00811	0.09176	0.06081	0.27891	0.01624	0.01601	0.01153	0.00595	0.00496	0.00140	0.00473	0.00474	0.09731	0.27613
8	0.01063	0.01000	0.01688	0.78870	0.03876	0.01250	0.01563	0.01438	0.01125	0.01438	0.01000	0.01500	0.00750	0.00563	0.00563	0.00188	0.00750	0.00500	0.00250	0.00625
9	0.01457	0.01748	0.18066	0.02012	0.02614	0.01358	0.48022	0.06260	0.01407	0.09534	0.01235	0.01481	0.00886	0.00521	0.00622	0.00185	0.00858	0.00594	0.00333	0.00806
10	0.01610	0.00755	0.01013	0.00846	0.01121	0.00670	0.00670	0.01853	0.01601	0.37469	0.41508	0.03127	0.03467	0.00937	0.00618	0.00176	0.00366	0.00805	0.00656	0.00732
11	0.00978	0.00489	0.00733	0.00733	0.00733	0.00489	0.00489	0.00733	0.00733	0.00978	0.00978	0.01711	0.00978	0.01955	0.02199	0.83627	0.00489	0.00489	0.00244	0.00244
12	0.00684	0.00562	0.00603	0.00611	0.00777	0.00480	0.00451	0.00838	0.01300	0.01606	0.14485	0.13431	0.59369	0.01427	0.00671	0.00193	0.00287	0.01211	0.00535	0.00480
13	0.01129	0.02911	0.77306	0.01604	0.02436	0.01307	0.02079	0.01782	0.01188	0.01782	0.01010	0.01188	0.00713	0.00535	0.00535	0.00178	0.00832	0.00416	0.00238	0.00832
14	0.02106	0.02574	0.01604	0.01435	0.01740	0.70502	0.01086	0.09353	0.01698	0.01590	0.00917	0.01048	0.00748	0.00589	0.00513	0.00147	0.00976	0.00377	0.00317	0.00682
15	0.00967	0.00733	0.00852	0.00844	0.01014	0.00743	0.00638	0.02722	0.17976	0.03829	0.13494	0.19394	0.18032	0.06668	0.00814	0.00228	0.00383	0.09541	0.00540	0.00590
16	0.04580	0.76092	0.02844	0.00964	0.01437	0.03674	0.00952	0.01695	0.01145	0.01370	0.00784	0.00905	0.00718	0.00485	0.00363	0.00123	0.00604	0.00302	0.00246	0.00717
17	0.03903	0.07908	0.02707	0.01064	0.01457	0.01214	0.00882	0.02717	0.33643	0.35162	0.02072	0.01872	0.01446	0.00700	0.00546	0.00177	0.00480	0.00565	0.00588	0.00898
18	0.00814	0.00859	0.10384	0.00819	0.01033	0.00615	0.00717	0.01098	0.01454	0.02037	0.52252	0.13229	0.10199	0.01170	0.00654	0.00185	0.00346	0.01027	0.00552	0.00555
19	0.01591	0.05026	0.31698	0.01469	0.03600	0.01184	0.11394	0.02079	0.04547	0.23372	0.01421	0.01472	0.00984	0.00571	0.00547	0.00169	0.00685	0.00493	0.00398	0.07300
20	0.01175	0.02544	0.62009	0.01478	0.02218	0.01258	0.01817	0.05152	0.04270	0.01910	0.04232	0.01357	0.00966	0.00568	0.00534	0.00171	0.00752	0.00448	0.00289	0.06851
21	0.01320	0.01425	0.06789	0.44744	0.06594	0.10395	0.11805	0.03104	0.01264	0.04292	0.01054	0.01427	0.00793	0.00562	0.00591	0.00181	0.02184	0.00504	0.00282	0.00691
22	0.01354	0.01302	0.02195	0.09502	0.65261	0.01358	0.01678	0.01676	0.01238	0.01770	0.01031	0.01390	0.00869	0.00542	0.00651	0.00175	0.06386	0.00501	0.00274	0.00849
23	0.00810	0.00593	0.00753	0.00784	0.00887	0.00570	0.00563	0.03649	0.04075	0.01864	0.30848	0.41605	0.06639	0.01440	0.00686	0.00205	0.00320	0.02626	0.00562	0.00521
24	0.77020	0.01246	0.07435	0.00815	0.01205	0.01266	0.00736	0.01665	0.00978	0.02461	0.00803	0.00938	0.00618	0.00523	0.00364	0.00174	0.00470	0.00314	0.00339	0.00629
25	0.00681	0.00529	0.00621	0.00692	0.00798	0.00469	0.00487	0.00802	0.01175	0.01480	0.04277	0.44601	0.36673	0.01606	0.00695	0.00212	0.00312	0.02901	0.00522	0.00467
26	0.00792	0.00670	0.00910	0.00858	0.01058	0.00603	0.07116	0.00999	0.01305	0.01635	0.09695	0.07963	0.44472	0.01365	0.00694	0.00207	0.00399	0.18239	0.00508	0.00514
27	0.01208	0.02593	0.60953	0.01819	0.08435	0.01337	0.09390	0.04486	0.01264	0.01854	0.01040	0.01244	0.00751	0.00531	0.00551	0.00178	0.00823	0.00451	0.00258	0.00834
28	0.00686	0.00490	0.00653	0.00784	0.00816	0.00457	0.00522	0.00784	0.01077	0.01437	0.03102	0.79855	0.03722	0.01763	0.00718	0.00229	0.00326	0.01600	0.00522	0.00457
29	0.01461	0.07202	0.04580	0.01404	0.01554	0.08127	0.01198	0.08030	0.01149	0.05066	0.00886	0.01230	0.00785	0.00857	0.01405	0.00216	0.53403	0.00469	0.00298	0.00680
30	0.01398	0.01289	0.01356	0.01019	0.01488	0.11527	0.04014	0.05973	0.01333	0.03873	0.01042	0.01192	0.00842	0.00465	0.00453	0.00104	0.00537	0.00369	0.00349	0.61378
31	0.01499	0.46948	0.18807	0.01326	0.08002	0.01806	0.01259	0.04456	0.01250	0.07088	0.00994	0.01119	0.00804	0.00583	0.01792	0.00156	0.00665	0.00375	0.00289	0.00782
32	0.00762	0.00574	0.00704	0.00671	0.00819	0.00516	0.00504	0.00995	0.01511	0.02062	0.57698	0.04525	0.24148	0.01223	0.00664	0.00180	0.00271	0.01063	0.00594	0.00516
33	0.00818	0.00546	0.00614	0.00614	0.00614	0.00546	0.00341	0.00818	0.00818	0.01091	0.01773	0.03683	0.02046	0.80222	0.02864	0.00546	0.00546	0.00818	0.00341	0.00341
34	0.22487	0.00990	0.01189	0.00937	0.01351	0.00934	0.00774	0.02477	0.01451	0.58874	0.01869	0.01671	0.01202	0.00654	0.00513	0.00174	0.00468	0.00502	0.00611	0.00873
35	0.02216	0.07507	0.01407	0.00999	0.01411	0.00999	0.00830	0.02603	0.10895	0.57964	0.03911	0.01990	0.03227	0.00715	0.00555	0.00172	0.00475	0.00578	0.00638	0.00909
36	0.01497	0.01368	0.02496	0.01860	0.02338	0.01349	0.44372	0.07435	0.15949	0.09293	0.01568	0.01881	0.01192	0.00617	0.00635	0.00190	0.00761	0.03979	0.00412	0.00807
37	0.01167	0.01000	0.01167	0.00834	0.01334	0.00750	0.00667	0.01417	0.01167	0.01834	0.01000	0.01167	0.00834	0.00417	0.00417	0.00083	0.00417	0.00333	0.00333	0.83663
38	0.01063	0.01000	0.01688	0.78870	0.03876	0.01250	0.01563	0.01438	0.01125	0.01438	0.01000	0.01500	0.00750	0.00563	0.00563	0.00188	0.00750	0.00500	0.00250	0.00625
39	0.00744	0.00574	0.00680	0.00657	0.00813	0.00510	0.00495	0.00959	0.01460	0.01944	0.46091	0.04739	0.34508	0.01270	0.00666	0.00184	0.00278	0.02339	0.00578	0.00508
40	0.01505	0.80561	0.02949	0.00963	0.01444	0.02227	0.00963	0.01685	0.01143	0.01324	0.00782	0.00903	0.00722	0.00481	0.00361	0.00120	0.00602	0.00301	0.00241	0.00722
41	0.00712	0.00566	0.00632	0.00627	0.00782	0.00494	0.00461	0.00883	0.01344	0.01719	0.26648	0.09545	0.47496	0.04660	0.00760	0.00203	0.00293	0.01146	0.00544	0.00485
42	0.00702	0.00572	0.00621	0.00609	0.00783	0.00491	0.00457	0.00879	0.01370	0.01727	0.25520	0.05076	0.56535	0.01348	0.00665	0.00186	0.00280	0.01140	0.00550	0.00491
43	0.01292	0.01411	0.02723	0.02037	0.02394	0.01536	0.47192	0.01635	0.01154	0.01635	0.00989	0.01411	0.00811	0.00665	0.01107	0.00211	0.30223	0.00600	0.00270	0.00705
44	0.01161	0.02251	0.46666	0.08130	0.02626	0.01298	0.22626	0.01716	0.01218	0.01745	0.01138	0.04774	0.00889	0.00574	0.00582	0.00184	0.00836	0.00546	0.00265	0.00778
45	0.02102	0.02682	0.01595	0.01450	0.01740	0.77963	0.01087	0.02247	0.01595	0.01377	0.00870	0.01015	0.00725	0.00580	0.00507	0.00145	0.01015	0.00362	0.00290	0.00652
46	0.00731	0.00570	0.00658	0.00640	0.00795	0.00503	0.00475	0.00926	0.01412	0.01852	0.38618	0.06117	0.39937	0.03398	0.00724	0.00194	0.00284	0.01106	0.00563	0.00497
47	0.01149	0.02729	0.68196	0.01662	0.02439	0.01333	0.08005	0.01767	0.01187	0.01767	0.01010	0.01217	0.00725	0.00548	0.00598	0.00182	0.03989	0.00439	0.00242	0.00817
48	0.00978	0.00489	0.00733	0.00733	0.00733	0.00489	0.00489	0.00733	0.00733	0.00978	0.00978	0.01711	0.00978	0.01955	0.02199	0.83627	0.00489	0.00489	0.00244	0.00244
49	0.01328	0.01518	0.03321	0.02372	0.02941	0.01423	0.74668	0.01803	0.01328	0.01803	0.01139	0.01518	0.00854	0.00474	0.00664	0.00190	0.00949	0.00664	0.00285	0.00759
50	0.01108	0.01037	0.01736	0.71479	0.09697	0.01266	0.01568	0.02715	0.01164	0.01506	0.01011	0.01489	0.00765	0.00560	0.00562	0.00186	0.00741	0.00500	0.00258	0.00652
51	0.01315	0.01240	0.02095	0.03138	0.67446	0.01237	0.01595	0.01627	0.01265	0.01799	0.01303	0.08027	0.01218	0.00647	0.00579	0.00176	0.00634	0.03507	0.00308	0.00841
52	0.00804	0.00603	0.00904	0.00904	0.01005	0.00703	0.00703	0.01005	0.00904	0.01306	0.01507	0.02211	0.01407	0.04221	0.77992	0.00904	0.01507	0.00603	0.00301	0.00502
53	0.01063	0.01000	0.01688	0.78870	0.03876	0.01250	0.01563	0.01438	0.01125	0.01438	0.01000	0.01500	0.00750	0.00563	0.00563	0.00188	0.00750	0.00500	0.00250	0.00625
54	0.00808	0.00587	0.00822	0.00822	0.00894	0.00659	0.00601	0.00952	0.00880	0.01245	0.01583	0.02628	0.01588	0.25775	0.56686	0.00803	0.01235	0.00664	0.00313	0.00457
55	0.00796	0.00575	0.00752	0.00708	0.00841	0.00531	0.00531	0.01062	0.01593	0.02257	0.76415	0.04204	0.05310	0.01150	0.00664	0.00177	0.00265	0.01018	0.00619	0.00531
56	0.02139	0.01576	0.01689	0.01295	0.01745	0.01745	0.01070	0.74835	0.02646	0.03547	0.01351	0.01351	0.00957	0.00676	0.00563	0.00169	0.00619	0.00507	0.00563	0.00957
57	0.00839	0.00573	0.00700	0.00743	0.00781	0.00572	0.00512	0.00918	0.00966	0.01276	0.02171	0.07219	0.02453	0.54558	0.02181	0.00451	0.00530	0.21762	0.00399	0.00397
58	0.02588	0.01073	0.01402	0.01092	0.01532	0.00946	0.00887	0.07105	0.01734	0.71474	0.02258	0.02023	0.01462	0.00767	0.00613	0.00194	0.00525	0.00596	0.00720	0.01009
59	0.01290	0.01376	0.03767	0.01500	0.01567	0.06485	0.03644	0.01476	0.02743	0.01406	0.00805	0.01247	0.00765	0.00925	0.01658	0.00235	0.67727	0.00491	0.00258	0.00635
60	0.01780	0.01257	0.01382	0.01158	0.01529	0.01387	0.00924	0.20894	0.44573	0.15642	0.02044	0.01881	0.01471	0.00730	0.00569	0.00182	0.00495	0.00592	0.00592	0.00919
61	0.01393	0.01337	0.02284	0.03454	0.76712	0.01337	0.01727	0.01727	0.01281	0.01839	0.01059	0.01393	0.00891	0.00501	0.00557	0.00167	0.00669	0.00501	0.00279	0.00891
62	0.01390	0.01219	0.01267	0.01145	0.01429	0.04274	0.00887	0.06099	0.59657	0.02250	0.02203	0.09009	0.01786	0.00851	0.00634	0.00194	0.03628	0.00701	0.00544	0.00835
63	0.01063	0.01000	0.01688	0.78870	0.03876	0.01250	0.01563	0.01438	0.01125	0.01438	0.01000	0.01500	0.00750	0.00563	0.00563	0.00188	0.00750	0.00500	0.00250	0.00625
64	0.02219	0.01246	0.01273	0.01040	0.01389	0.16077	0.00815	0.02393	0.01504	0.52178	0.01894	0.01968	0.01346	0.11049	0.00854	0.00217	0.00594	0.00559	0.00570	0.00817
65	0.01129	0.02911	0.77306	0.01604	0.02436	0.01307	0.02079	0.01782	0.01188	0.01782	0.01010	0.01188	0.00713	0.00535	0.00535	0.00178	0.00832	0.00416	0.00238	0.00832
66	0.00867	0.00633	0.00858	0.00918	0.07054	0.00597	0.00617	0.01138	0.01532	0.02209	0.63784	0.03791	0.04613	0.01054	0.00632	0.00172	0.00298	0.00933	0.07740	0.00560
67	0.01063	0.01000	0.01688	0.78870	0.03876	0.01250	0.01563	0.01438	0.01125	0.01438	0.01000	0.01500	0.00750	0.00563	0.00563	0.00188	0.00750	0.00500	0.00250	0.00625
68	0.84197	0.01088	0.00827	0.00740	0.01088	0.01262	0.00609	0.01654	0.00958	0.02525	0.00784	0.00914	0.00609	0.00522	0.00348	0.00174	0.00435	0.00305	0.00348	0.00609
69	0.84197	0.01088	0.00827	0.00740	0.01088	0.01262	0.00609	0.01654	0.00958	0.02525	0.00784	0.00914	0.00609	0.00522	0.00348	0.00174	0.00435	0.00305	0.00348	0.00609
70	0.84197	0.01088	0.00827	0.00740	0.01088	0.01262	0.00609	0.01654	0.00958	0.02525	0.00784	0.00914	0.00609	0.00522	0.00348	0.00174	0.00435	0.00305	0.00348	0.00609
71	0.01063	0.01000	0.01688	0.78870	0.03876	0.01250	0.01563	0.01438	0.01125	0.01438	0.01000	0.01500	0.00750	0.00563	0.00563	0.00188	0.00750	0.00500	0.00250	0.00625
72	0.01393	0.01337	0.02284	0.03454	0.76712	0.01337	0.01727	0.01727	0.01281	0.01839	0.01059	0.01393	0.00891	0.00501	0.00557	0.00167	0.00669	0.00501	0.00279	0.00891
73	0.01167	0.01000	0.01167	0.00834	0.01334	0.00750	0.00667	0.01417	0.01167	0.01834	0.01000	0.01167	0.00834	0.00417	0.00417	0.00083	0.00417	0.00333	0.00333	0.83663
74	0.00978	0.00489	0.00733	0.00733	0.00733	0.00489	0.00489	0.00733	0.00733	0.00978	0.00978	0.01711	0.00978	0.01955	0.02199	0.83627	0.00489	0.00489	0.00244	0.00244
75	0.01167	0.01000	0.01167	0.00834	0.01334	0.00750	0.00667	0.01417	0.01167	0.01834	0.01000	0.01167	0.00834	0.00417	0.00417	0.00083	0.00417	0.00333	0.00333	0.83663
76	0.01328	0.01518	0.03321	0.02372	0.02941	0.01423	0.74668	0.01803	0.01328	0.01803	0.01139	0.01518	0.00854	0.00474	0.00664	0.00190	0.00949	0.00664	0.00285	0.00759
77	0.01393	0.01337	0.02284	0.03454	0.76712	0.01337	0.01727	0.01727	0.01281	0.01839	0.01059	0.01393	0.00891	0.00501	0.00557	0.00167	0.00669	0.00501	0.00279	0.00891
78	0.84197	0.01088	0.00827	0.00740	0.01088	0.01262	0.00609	0.01654	0.00958	0.02525	0.00784	0.00914	0.00609	0.00522	0.00348	0.00174	0.00435	0.00305	0.00348	0.00609
79	0.22934	0.00843	0.00945	0.00942	0.01147	0.00906	0.02385	0.04806	0.09261	0.01998	0.02243	0.24594	0.02356	0.01190	0.00613	0.00215	0.00449	0.21103	0.00477	0.00591
80	0.84197	0.01088	0.00827	0.00740	0.01088	0.01262	0.00609	0.01654	0.00958	0.02525	0.00784	0.00914	0.00609	0.00522	0.00348	0.00174	0.00435	0.00305	0.00348	0.00609
81	0.01072	0.01010	0.01705	0.76711	0.05961	0.01253	0.01568	0.01446	0.01130	0.01449	0.01002	0.01497	0.00754	0.00561	0.00562	0.00187	0.00748	0.00500	0.00251	0.00633
82	0.02509	0.00983	0.01322	0.01013	0.01449	0.00864	0.00837	0.05670	0.01653	0.74115	0.02185	0.01893	0.01375	0.00696	0.00566	0.00174	0.00485	0.00564	0.00691	0.00958
83	0.01063	0.01000	0.01688	0.78870	0.03876	0.01250	0.01563	0.01438	0.01125	0.01438	0.01000	0.01500	0.00750	0.00563	0.00563	0.00188	0.00750	0.00500	0.00250	0.00625
84	0.01231	0.01231	0.01724	0.01477	0.01477	0.01724	0.01231	0.01354	0.00862	0.01354	0.00739	0.01231	0.00739	0.00985	0.01847	0.00246	0.79192	0.00492	0.00246	0.00616
85	0.84197	0.01088	0.00827	0.00740	0.01088	0.01262	0.00609	0.01654	0.00958	0.02525	0.00784	0.00914	0.00609	0.00522	0.00348	0.00174	0.00435	0.00305	0.00348	0.00609
86	0.02139	0.01576	0.01689	0.01295	0.01745	0.01745	0.01070	0.74835	0.02646	0.03547	0.01351	0.01351	0.00957	0.00676	0.00563	0.00169	0.00619	0.00507	0.00563	0.00957
87	0.00669	0.00554	0.00587	0.00613	0.00771	0.00472	0.00446	0.00803	0.01242	0.01504	0.05184	0.20208	0.62024	0.01492	0.00676	0.00198	0.00293	0.01270	0.00523	0.00472
88	0.01071	0.01008	0.01702	0.77045	0.05638	0.01252	0.01567	0.01445	0.01129	0.01448	0.01002	0.01498	0.00754	0.00561	0.00563	0.00187	0.00748	0.00500	0.00251	0.00632
89	0.02139	0.01576	0.01689	0.01295	0.01745	0.01745	0.01070	0.74835	0.02646	0.03547	0.01351	0.01351	0.00957	0.00676	0.00563	0.00169	0.00619	0.00507	0.00563	0.00957
90	0.01167	0.01000	0.01167	0.00834	0.01334	0.00750	0.00667	0.01417	0.01167	0.01834	0.01000	0.01167	0.00834	0.00417	0.00417	0.00083	0.00417	0.00333	0.00333	0.83663
91	0.00716	0.00524	0.00681	0.00794	0.00862	0.00488	0.00568	0.00845	0.01137	0.01485	0.03420	0.59074	0.13086	0.01688	0.00720	0.00228	0.00350	0.12342	0.00522	0.00469
92	0.00828	0.00519	0.00652	0.00680	0.00687	0.00512	0.00417	0.00790	0.00854	0.01139	0.01871	0.19936	0.02153	0.43855	0.02230	0.20782	0.00484	0.00910	0.00357	0.00343
93	0.01240	0.01181	0.02008	0.38415	0.42947	0.01297	0.01651	0.01593	0.01209	0.01653	0.01032	0.01443	0.00826	0.00530	0.00560	0.00177	0.00706	0.00501	0.00265	0.00768
94	0.80762	0.01155	0.00859	0.00770	0.01116	0.04472	0.00629	0.01679	0.00984	0.02477	0.00787	0.00918	0.00614	0.00525	0.00355	0.00173	0.00460	0.00307	0.00346	0.00611
95	0.84197	0.01088	0.00827	0.00740	0.01088	0.01262	0.00609	0.01654	0.00958	0.02525	0.00784	0.00914	0.00609	0.00522	0.00348	0.00174	0.00435	0.00305	0.00348	0.00609
96	0.84197	0.01088	0.00827	0.00740	0.01088	0.01262	0.00609	0.01654	0.00958	0.02525	0.00784	0.00914	0.00609	0.00522	0.00348	0.00174	0.00435	0.00305	0.00348	0.00609
97	0.00804	0.00636	0.00839	0.08881	0.02912	0.00610	0.00640	0.01051	0.01457	0.01972	0.48612	0.04168	0.23031	0.01145	0.00651	0.00181	0.00330	0.00995	0.00548	0.00535
98	0.01631	0.00817	0.01011	0.00845	0.01136	0.00761	0.00673	0.06784	0.04558	0.32726	0.20294	0.02875	0.11311	0.00889	0.00580	0.00172	0.00385	0.00742	0.11070	0.00740
99	0.01231	0.01231	0.01724	0.01477	0.01477	0.01724	0.01231	0.01354	0.00862	0.01354	0.00739	0.01231	0.00739	0.00985	0.01847	0.00246	0.79192	0.00492	0.00246	0.00616
100	0.84197	0.01088	0.00827	0.00740	0.01088	0.01262	0.00609	0.01654	0.00958	0.02525	0.00784	0.00914	0.00609	0.00522	0.00348	0.00174	0.00435	0.00305	0.00348	0.00609
101	0.01167	0.01000	0.01167	0.00834	0.01334	0.00750	0.00667	0.01417	0.01167	0.01834	0.01000	0.01167	0.00834	0.00417	0.00417	0.00083	0.00417	0.00333	0.00333	0.83663
102	0.01063	0.01000	0.01688	0.78870	0.03876	0.01250	0.01563	0.01438	0.01125	0.01438	0.01000	0.01500	0.00750	0.00563	0.00563	0.00188	0.00750	0.00500	0.00250	0.00625
103	0.02233	0.01643	0.01755	0.01363	0.01817	0.01793	0.01111	0.73615	0.02689	0.03615	0.01456	0.01502	0.01060	0.00747	0.00610	0.00189	0.00655	0.00542	0.00597	0.01009
104	0.01167	0.01000	0.01167	0.00834	0.01334	0.00750	0.00667	0.01417	0.01167	0.01834	0.01000	0.01167	0.00834	0.00417	0.00417	0.00083	0.00417	0.00333	0.00333	0.83663
105	0.01400	0.01209	0.01273	0.01145	0.01463	0.01400	0.00891	0.02990	0.75695	0.02354	0.02291	0.02100	0.01718	0.00764	0.00573	0.00191	0.00445	0.00636	0.00573	0.00891
106	0.01439	0.01221	0.01297	0.01131	0.01475	0.01374	0.00886	0.08501	0.63842	0.02405	0.02111	0.01964	0.01586	0.00728	0.00559	0.00180	0.00457	0.00601	0.00552	0.07691
107	0.01231	0.01231	0.01724	0.01477	0.01477	0.01724	0.01231	0.01354	0.00862	0.01354	0.00739	0.01231	0.00739	0.00985	0.01847	0.00246	0.79192	0.00492	0.00246	0.00616
108	0.00818	0.00546	0.00614	0.00614	0.00614	0.00546	0.00341	0.00818	0.00818	0.01091	0.01773	0.03683	0.02046	0.80222	0.02864	0.00546	0.00546	0.00818	0.00341	0.00341
109	0.00804	0.00603	0.00904	0.00904	0.01005	0.00703	0.00703	0.01005	0.00904	0.01306	0.01507	0.02211	0.01407	0.04221	0.77992	0.00904	0.01507	0.00603	0.00301	0.00502
110	0.00907	0.00648	0.00907	0.01036	0.01166	0.00648	0.00907	0.01166	0.01296	0.01684	0.02980	0.06348	0.03239	0.01555	0.00777	0.00259	0.00518	0.72924	0.00518	0.00518
111	0.00686	0.00490	0.00653	0.00784	0.00816	0.00457	0.00522	0.00784	0.01077	0.01437	0.03102	0.79855	0.03722	0.01763	0.00718	0.00229	0.00326	0.01600	0.00522	0.00457
112	0.01167	0.01000	0.01167	0.00834	0.01334	0.00750	0.00667	0.01417	0.01167	0.01834	0.01000	0.01167	0.00834	0.00417	0.00417	0.00083	0.00417	0.00333	0.00333	0.83663
113	0.00818	0.00548	0.00627	0.00627	0.00632	0.00553	0.00358	0.00827	0.00822	0.01101	0.01761	0.03615	0.02016	0.76708	0.06338	0.00562	0.00590	0.00808	0.00339	0.00348
114	0.00827	0.00567	0.00752	0.00755	0.00800	0.00609	0.00517	0.00897	0.00858	0.01185	0.01625	0.02968	0.01719	0.40258	0.34114	0.07509	0.00942	0.02371	0.00321	0.00405
115	0.01473	0.01483	0.01857	0.02472	0.44231	0.14199	0.01368	0.04085	0.12301	0.01856	0.01513	0.04776	0.04596	0.00652	0.00563	0.00170	0.00661	0.00574	0.00353	0.00816
116	0.01063	0.01000	0.01688	0.78870	0.03876	0.01250	0.01563	0.01438	0.01125	0.01438	0.01000	0.01500	0.00750	0.00563	0.00563	0.00188	0.00750	0.00500	0.00250	0.00625
117	0.00787	0.00568	0.00744	0.00714	0.00839	0.00525	0.00530	0.01039	0.01551	0.02189	0.70396	0.10415	0.05180	0.01201	0.00668	0.00181	0.00271	0.01066	0.00612	0.00525
118	0.00842	0.00664	0.00993	0.04327	0.04217	0.00672	0.04017	0.01023	0.01151	0.01535	0.02716	0.46321	0.03103	0.01516	0.00765	0.00232	0.03607	0.21302	0.00478	0.00518
119	0.84197	0.01088	0.00827	0.00740	0.01088	0.01262	0.00609	0.01654	0.00958	0.02525	0.00784	0.00914	0.00609	0.00522	0.00348	0.00174	0.00435	0.00305	0.00348	0.00609
120	0.00686	0.00490	0.00653	0.00784	0.00816	0.00457	0.00522	0.00784	0.01077	0.01437	0.03102	0.79855	0.03722	0.01763	0.00718	0.00229	0.00326	0.01600	0.00522	0.00457
121	0.01254	0.01055	0.01146	0.01039	0.01313	0.01189	0.00804	0.02523	0.57745	0.02331	0.20246	0.02609	0.02588	0.00857	0.00595	0.00188	0.00402	0.00729	0.00584	0.00804
122	0.02127	0.01471	0.01609	0.01247	0.01685	0.01606	0.01026	0.60275	0.08395	0.12411	0.01533	0.01480	0.01071	0.00685	0.00564	0.00171	0.00588	0.00524	0.00580	0.00952
123	0.01387	0.01194	0.01263	0.01142	0.01455	0.01380	0.00891	0.02942	0.73717	0.02336	0.02309	0.02213	0.01758	0.00785	0.00578	0.00193	0.00447	0.02559	0.00571	0.00881
124	0.00694	0.00496	0.00662	0.00793	0.00829	0.00464	0.00536	0.00798	0.01085	0.01446	0.03097	0.77161	0.03704	0.01755	0.00720	0.00230	0.00334	0.04214	0.00522	0.00459
125	0.02139	0.01576	0.01689	0.01295	0.01745	0.01745	0.01070	0.74835	0.02646	0.03547	0.01351	0.01351	0.00957	0.00676	0.00563	0.00169	0.00619	0.00507	0.00563	0.00957
126	0.00760	0.00574	0.00701	0.00669	0.00818	0.00515	0.00502	0.00991	0.01506	0.02050	0.56596	0.04543	0.25258	0.01227	0.00664	0.00181	0.00271	0.01065	0.00592	0.00515
127	0.01393	0.01337	0.02284	0.03454	0.76712	0.01337	0.01727	0.01727	0.01281	0.01839	0.01059	0.01393	0.00891	0.00501	0.00557	0.00167	0.00669	0.00501	0.00279	0.00891
128	0.00686	0.00490	0.00653	0.00784	0.00816	0.00457	0.00522	0.00784	0.01077	0.01437	0.03102	0.79855	0.03722	0.01763	0.00718	0.00229	0.00326	0.01600	0.00522	0.00457
129	0.02525	0.00958	0.01306	0.01001	0.01437	0.00827	0.00827	0.02743	0.01611	0.77102	0.02220	0.01915	0.01393	0.00697	0.00566	0.00174	0.00479	0.00566	0.00697	0.00958
130	0.01328	0.01518	0.03321	0.02372	0.02941	0.01423	0.74668	0.01803	0.01328	0.01803	0.01139	0.01518	0.00854	0.00474	0.00664	0.00190	0.00949	0.00664	0.00285	0.00759
131	0.01527	0.77676	0.02899	0.00981	0.01455	0.05033	0.00968	0.01706	0.01160	0.01326	0.00786	0.00907	0.00722	0.00485	0.00367	0.00121	0.00617	0.00303	0.00243	0.00720
132	0.01505	0.80561	0.02949	0.00963	0.01444	0.02227	0.00963	0.01685	0.01143	0.01324	0.00782	0.00903	0.00722	0.00481	0.00361	0.00120	0.00602	0.00301	0.00241	0.00722
133	0.00686	0.00490	0.00653	0.00784	0.00816	0.00457	0.00522	0.00784	0.01077	0.01437	0.03102	0.79855	0.03722	0.01763	0.00718	0.00229	0.00326	0.01600	0.00522	0.00457
134	0.01208	0.01194	0.01672	0.03249	0.01494	0.01658	0.01198	0.01332	0.00866	0.01344	0.00793	0.01351	0.00799	0.04639	0.01864	0.00259	0.73720	0.00508	0.00251	0.00603
135	0.00721	0.00572	0.00648	0.00629	0.00795	0.00499	0.00472	0.00917	0.01416	0.01836	0.36020	0.04896	0.45967	0.01307	0.00665	0.00184	0.00277	0.01115	0.00564	0.00499
136	0.00724	0.00572	0.00651	0.00632	0.00796	0.00500	0.00474	0.00921	0.01421	0.01849	0.37226	0.04876	0.44754	0.01303	0.00665	0.00184	0.00276	0.01112	0.00566	0.00500
137	0.01378	0.14441	0.26742	0.04464	0.29002	0.05030	0.04360	0.04984	0.01301	0.01780	0.01005	0.01237	0.00796	0.00521	0.00521	0.00164	0.00738	0.00442	0.00272	0.00824
138	0.03310	0.31075	0.02078	0.01227	0.01610	0.36383	0.01023	0.11067	0.04393	0.01685	0.00950	0.01055	0.00789	0.00562	0.00460	0.00141	0.00782	0.00367	0.00318	0.00724
139	0.00776	0.00567	0.00733	0.00757	0.00857	0.00537	0.00542	0.01028	0.04476	0.01924	0.43206	0.35189	0.04508	0.01386	0.00682	0.00199	0.00298	0.01241	0.00578	0.00516
140	0.03839	0.35716	0.35975	0.01273	0.01882	0.05979	0.01456	0.01737	0.01190	0.01583	0.00981	0.01265	0.00820	0.00557	0.00464	0.00155	0.00719	0.03395	0.00257	0.00755
141	0.00680	0.00572	0.00592	0.00598	0.00780	0.00484	0.00452	0.00831	0.01291	0.01554	0.08306	0.06958	0.69350	0.01427	0.00671	0.00193	0.00294	0.03965	0.00526	0.00479
142	0.01167	0.01000	0.01167	0.00834	0.01334	0.00750	0.00667	0.01417	0.01167	0.01834	0.01000	0.01167	0.00834	0.00417	0.00417	0.00083	0.00417	0.00333	0.00333	0.83663
143	0.01471	0.01252	0.01303	0.01148	0.01472	0.02998	0.00899	0.11064	0.62406	0.02465	0.05581	0.02089	0.01777	0.00768	0.00574	0.00187	0.00469	0.00633	0.00568	0.00877
144	0.19400	0.17007	0.15079	0.18330	0.08903	0.04566	0.02833	0.03097	0.02846	0.01815	0.00951	0.01183	0.00747	0.00533	0.00471	0.00166	0.00665	0.00405	0.00286	0.00717
145	0.01496	0.78816	0.04620	0.00977	0.01467	0.02206	0.00988	0.01687	0.01144	0.01334	0.00787	0.00909	0.00722	0.00483	0.00365	0.00122	0.00607	0.00303	0.00241	0.00725
146	0.04305	0.01122	0.04383	0.01174	0.07602	0.00949	0.00897	0.04382	0.02759	0.22157	0.01363	0.01429	0.01006	0.00628	0.02165	0.00151	0.04086	0.00437	0.00431	0.38575
147	0.01280	0.06485	0.26474	0.02119	0.07409	0.01427	0.42972	0.01785	0.01271	0.01771	0.01073	0.01371	0.00804	0.00495	0.00599	0.00181	0.00874	0.00555	0.00267	0.00788
148	0.00814	0.00565	0.00712	0.00712	0.00746	0.00599	0.00464	0.00881	0.00847	0.01164	0.01683	0.03185	0.01830	0.54530	0.28261	0.00667	0.00871	0.00746	0.00328	0.00396
149	0.00688	0.00537	0.00622	0.00687	0.00800	0.00476	0.00489	0.00812	0.01181	0.01481	0.04335	0.39039	0.39084	0.03144	0.00737	0.00217	0.00319	0.04368	0.00519	0.00466
150	0.01311	0.01271	0.02222	0.16929	0.55642	0.01307	0.07672	0.01658	0.01252	0.01753	0.01104	0.03321	0.00931	0.00541	0.00571	0.00174	0.00698	0.00541	0.00280	0.00822
151	0.01542	0.61133	0.10431	0.01125	0.03022	0.05244	0.01107	0.07887	0.01296	0.01571	0.00863	0.00984	0.00744	0.00508	0.00406	0.00132	0.00646	0.00337	0.00270	0.00754
152	0.00695	0.00497	0.00664	0.00795	0.00832	0.00465	0.00539	0.00800	0.01087	0.01448	0.03096	0.76616	0.03701	0.01754	0.00721	0.00230	0.00335	0.04743	0.00522	0.00460
153	0.00702	0.00575	0.00622	0.00618	0.00794	0.00494	0.00470	0.00875	0.01346	0.01676	0.19850	0.05212	0.58895	0.01376	0.00670	0.00190	0.00291	0.04314	0.00542	0.00488
154	0.01675	0.06951	0.16515	0.01664	0.12188	0.01205	0.13434	0.04736	0.02627	0.25574	0.01749	0.01782	0.06031	0.00636	0.00567	0.00174	0.00651	0.00566	0.00432	0.00842
155	0.01376	0.02365	0.53766	0.01824	0.14645	0.01242	0.01838	0.01913	0.01265	0.12755	0.01194	0.01328	0.00842	0.00553	0.00543	0.00176	0.00753	0.00452	0.00311	0.00860
156	0.01063	0.01000	0.01688	0.78870	0.03876	0.01250	0.01563	0.01438	0.01125	0.01438	0.01000	0.01500	0.00750	0.00563	0.00563	0.00188	0.00750	0.00500	0.00250	0.00625
157	0.01957	0.02238	0.01633	0.01508	0.05182	0.57407	0.05360	0.02133	0.01528	0.08122	0.01178	0.06952	0.01020	0.00668	0.00540	0.00157	0.00897	0.00496	0.00342	0.00682
158	0.00978	0.00489	0.00733	0.00733	0.00733	0.00489	0.00489	0.00733	0.00733	0.00978	0.00978	0.01711	0.00978	0.01955	0.02199	0.83627	0.00489	0.00489	0.00244	0.00244
159	0.84197	0.01088	0.00827	0.00740	0.01088	0.01262	0.00609	0.01654	0.00958	0.02525	0.00784	0.00914	0.00609	0.00522	0.00348	0.00174	0.00435	0.00305	0.00348	0.00609
160	0.01174	0.01023	0.01262	0.00901	0.01404	0.00780	0.03928	0.01434	0.01174	0.01832	0.01006	0.01182	0.00834	0.00419	0.00428	0.00088	0.00440	0.00348	0.00331	0.80010
161	0.02139	0.01576	0.01689	0.01295	0.01745	0.01745	0.01070	0.74835	0.02646	0.03547	0.01351	0.01351	0.00957	0.00676	0.00563	0.00169	0.00619	0.00507	0.00563	0.00957
162	0.00796	0.00575	0.00752	0.00708	0.00841	0.00531	0.00531	0.01062	0.01593	0.02257	0.76415	0.04204	0.05310	0.01150	0.00664	0.00177	0.00265	0.01018	0.00619	0.00531
163	0.00686	0.00490	0.00653	0.00784	0.00816	0.00457	0.00522	0.00784	0.01077	0.01437	0.03102	0.79855	0.03722	0.01763	0.00718	0.00229	0.00326	0.01600	0.00522	0.00457
164	0.00698	0.00565	0.00582	0.00581	0.00733	0.00490	0.00412	0.00814	0.01196	0.01448	0.06148	0.05051	0.60498	0.17036	0.01101	0.00260	0.00336	0.01112	0.00488	0.00449
165	0.00774	0.00574	0.00722	0.00685	0.00827	0.00522	0.00514	0.01019	0.01541	0.02133	0.64534	0.04407	0.17268	0.01197	0.00664	0.00179	0.00269	0.01046	0.00603	0.00522
166	0.01505	0.80561	0.02949	0.00963	0.01444	0.02227	0.00963	0.01685	0.01143	0.01324	0.00782	0.00903	0.00722	0.00481	0.00361	0.00120	0.00602	0.00301	0.00241	0.00722
167	0.01462	0.16233	0.19526	0.07829	0.25366	0.01522	0.01510	0.10965	0.04133	0.04649	0.01116	0.01303	0.00865	0.00549	0.00518	0.00164	0.00679	0.00453	0.00322	0.00837
168	0.01661	0.25261	0.11495	0.01326	0.01774	0.09752	0.05892	0.20265	0.04259	0.03721	0.01068	0.01201	0.00842	0.00612	0.00628	0.00163	0.08503	0.00434	0.00352	0.00791
169	0.01438	0.58360	0.04139	0.01074	0.01449	0.02019	0.01022	0.01615	0.01087	0.02925	0.00839	0.01070	0.00775	0.02058	0.02166	0.00170	0.16480	0.00362	0.00254	0.00697
170	0.00792	0.00711	0.04090	0.00786	0.00974	0.00594	0.00660	0.01029	0.03251	0.01621	0.08068	0.07411	0.40130	0.04874	0.00789	0.00226	0.00395	0.22582	0.00507	0.00511
171	0.00812	0.00558	0.00666	0.00703	0.00737	0.00550	0.00461	0.00873	0.00949	0.01249	0.02298	0.12575	0.05713	0.54725	0.02176	0.00446	0.00505	0.13215	0.00399	0.00390
172	0.01228	0.01036	0.01200	0.00862	0.01359	0.00813	0.00692	0.06018	0.01260	0.01941	0.01022	0.01178	0.00841	0.00433	0.00426	0.00089	0.00429	0.00344	0.00348	0.78480
173	0.01399	0.01827	0.34007	0.20104	0.05526	0.01175	0.04823	0.01856	0.01255	0.16880	0.01282	0.01480	0.00905	0.00740	0.04136	0.00213	0.00771	0.00489	0.00340	0.00792
174	0.02102	0.02682	0.01595	0.01450	0.01740	0.77963	0.01087	0.02247	0.01595	0.01377	0.00870	0.01015	0.00725	0.00580	0.00507	0.00145	0.01015	0.00362	0.00290	0.00652
175	0.00665	0.00570	0.00570	0.00570	0.00760	0.00475	0.00428	0.00808	0.01283	0.01520	0.05701	0.05416	0.76483	0.01425	0.00665	0.00190	0.00285	0.01188	0.00523	0.00475
176	0.01471	0.00913	0.00978	0.00845	0.01104	0.00974	0.00667	0.17395	0.15472	0.08772	0.01850	0.01924	0.01387	0.00684	0.00478	0.00154	0.00391	0.00545	0.43276	0.00722
177	0.01122	0.00879	0.03069	0.02784	0.01482	0.00824	0.15626	0.01381	0.01212	0.11729	0.07049	0.08885	0.13352	0.02005	0.25478	0.00419	0.00861	0.00802	0.00421	0.00619
178	0.12743	0.01019	0.01274	0.00990	0.01415	0.00949	0.00817	0.07849	0.01604	0.62397	0.01977	0.01749	0.01263	0.00673	0.00538	0.00174	0.00484	0.00529	0.00643	0.00914
179	0.01750	0.01245	0.01368	0.01153	0.01520	0.01377	0.00918	0.18414	0.47410	0.15284	0.02076	0.01907	0.01499	0.00733	0.00569	0.00183	0.00488	0.00596	0.00592	0.00916
180	0.01436	0.61764	0.19250	0.01111	0.01669	0.02014	0.01210	0.03323	0.01186	0.01474	0.00845	0.00975	0.00725	0.00497	0.00404	0.00134	0.00653	0.00331	0.00247	0.00751
181	0.01661	0.19830	0.12860	0.01468	0.06786	0.08439	0.08585	0.12713	0.05740	0.11107	0.01321	0.02853	0.01039	0.00621	0.00527	0.00164	0.00683	0.02409	0.00386	0.00809
182	0.00689	0.00531	0.00633	0.00709	0.00812	0.00475	0.00504	0.00814	0.01174	0.01485	0.04165	0.45218	0.33643	0.01613	0.00700	0.00214	0.00320	0.05312	0.00522	0.00468
183	0.45114	0.11095	0.01345	0.00999	0.04444	0.04215	0.00792	0.10720	0.01282	0.06659	0.00970	0.01071	0.00748	0.00538	0.00410	0.00157	0.00511	0.00357	0.00375	0.08199
184	0.00909	0.00754	0.01091	0.01031	0.01102	0.00945	0.00816	0.01082	0.00890	0.01308	0.01332	0.02040	0.01273	0.06977	0.55875	0.00727	0.20450	0.00586	0.00290	0.00523
185	0.00768	0.00574	0.00713	0.00678	0.00823	0.00519	0.00509	0.01007	0.01526	0.02098	0.61212	0.04464	0.20612	0.01210	0.00664	0.00180	0.00270	0.01054	0.00599	0.00519
186	0.02122	0.02602	0.01581	0.01429	0.01726	0.74396	0.01075	0.02270	0.01596	0.04879	0.00932	0.01057	0.00756	0.00585	0.00510	0.00146	0.00990	0.00372	0.00309	0.00667
187	0.00701	0.00501	0.00669	0.00792	0.00833	0.00469	0.00541	0.00814	0.01110	0.01484	0.06326	0.73123	0.03770	0.01726	0.00719	0.00228	0.00333	0.04872	0.00526	0.00463
188	0.00907	0.00648	0.00907	0.01036	0.01166	0.00648	0.00907	0.01166	0.01296	0.01684	0.02980	0.06348	0.03239	0.01555	0.00777	0.00259	0.00518	0.72924	0.00518	0.00518
189	0.01167	0.01000	0.01167	0.00834	0.01334	0.00750	0.00667	0.01417	0.01167	0.01834	0.01000	0.01167	0.00834	0.00417	0.00417	0.00083	0.00417	0.00333	0.00333	0.83663
190	0.01643	0.01056	0.01229	0.01014	0.01333	0.01096	0.00810	0.23976	0.13858	0.17551	0.27048	0.02548	0.02638	0.00854	0.00599	0.00176	0.00444	0.00712	0.00610	0.00802
191	0.00810	0.00581	0.00792	0.00792	0.00854	0.00642	0.00563	0.00933	0.00871	0.01223	0.01610	0.02780	0.01654	0.33605	0.48945	0.00766	0.01136	0.00686	0.00317	0.00440
192	0.72370	0.01159	0.00951	0.00820	0.01183	0.01332	0.00676	0.12202	0.01201	0.02672	0.00865	0.00977	0.00660	0.00544	0.00379	0.00173	0.00462	0.00334	0.00379	0.00660
193	0.00686	0.00490	0.00653	0.00784	0.00816	0.00457	0.00522	0.00784	0.01077	0.01437	0.03102	0.79855	0.03722	0.01763	0.00718	0.00229	0.00326	0.01600	0.00522	0.00457
194	0.02102	0.02682	0.01595	0.01450	0.01740	0.77963	0.01087	0.02247	0.01595	0.01377	0.00870	0.01015	0.00725	0.00580	0.00507	0.00145	0.01015	0.00362	0.00290	0.00652
195	0.00907	0.00660	0.00798	0.00747	0.00907	0.00653	0.00565	0.01358	0.12065	0.02239	0.56396	0.03700	0.05790	0.01047	0.00621	0.00174	0.00291	0.00913	0.09587	0.00580
196	0.00804	0.00603	0.00904	0.00904	0.01005	0.00703	0.00703	0.01005	0.00904	0.01306	0.01507	0.02211	0.01407	0.04221	0.77992	0.00904	0.01507	0.00603	0.00301	0.00502
197	0.02139	0.01576	0.01689	0.01295	0.01745	0.01745	0.01070	0.74835	0.02646	0.03547	0.01351	0.01351	0.00957	0.00676	0.00563	0.00169	0.00619	0.00507	0.00563	0.00957
198	0.00907	0.00648	0.00907	0.01036	0.01166	0.00648	0.00907	0.01166	0.01296	0.01684	0.02980	0.06348	0.03239	0.01555	0.00777	0.00259	0.00518	0.72924	0.00518	0.00518
199	0.00685	0.00493	0.00650	0.00775	0.00814	0.00458	0.00519	0.00785	0.01086	0.01440	0.03206	0.76865	0.06645	0.01750	0.00716	0.00227	0.00325	0.01583	0.00522	0.00458
200	0.01393	0.01337	0.02284	0.03454	0.76712	0.01337	0.01727	0.01727	0.01281	0.01839	0.01059	0.01393	0.00891	0.00501	0.00557	0.00167	0.00669	0.00501	0.00279	0.00891
201	0.01194	0.01177	0.01653	0.01428	0.01437	0.01635	0.01186	0.01324	0.00866	0.01350	0.00805	0.01316	0.00797	0.01265	0.08433	0.00303	0.72473	0.00502	0.00251	0.00606
202	0.01607	0.56300	0.05870	0.01122	0.01555	0.18862	0.01052	0.01798	0.01232	0.01357	0.00810	0.00955	0.00723	0.00529	0.00470	0.00134	0.04337	0.00328	0.00252	0.00707
203	0.01400	0.01209	0.01273	0.01145	0.01463	0.01400	0.00891	0.02990	0.75695	0.02354	0.02291	0.02100	0.01718	0.00764	0.00573	0.00191	0.00445	0.00636	0.00573	0.00891
204	0.00694	0.00496	0.00660	0.00778	0.00818	0.00462	0.00523	0.00804	0.01115	0.01496	0.08433	0.74354	0.03838	0.01719	0.00714	0.00225	0.00322	0.01558	0.00529	0.00462
205	0.00796	0.00575	0.00752	0.00708	0.00841	0.00531	0.00531	0.01062	0.01593	0.02257	0.76415	0.04204	0.05310	0.01150	0.00664	0.00177	0.00265	0.01018	0.00619	0.00531
206	0.00695	0.00497	0.00664	0.00795	0.00832	0.00465	0.00539	0.00800	0.01087	0.01448	0.03096	0.76616	0.03701	0.01754	0.00721	0.00230	0.00335	0.04743	0.00522	0.00460
207	0.01400	0.01209	0.01273	0.01145	0.01463	0.01400	0.00891	0.02990	0.75695	0.02354	0.02291	0.02100	0.01718	0.00764	0.00573	0.00191	0.00445	0.00636	0.00573	0.00891
208	0.00977	0.01135	0.12978	0.03612	0.12438	0.00858	0.07047	0.01325	0.01429	0.02013	0.40766	0.03112	0.08185	0.00907	0.00626	0.00178	0.00483	0.00817	0.00466	0.00648
209	0.02003	0.21413	0.11269	0.01152	0.01632	0.10841	0.01074	0.09745	0.01546	0.31799	0.01453	0.01402	0.01013	0.00606	0.00503	0.00157	0.00634	0.00450	0.00461	0.00845
210	0.02525	0.00958	0.01306	0.01001	0.01437	0.00827	0.00827	0.02743	0.01611	0.77102	0.02220	0.01915	0.01393	0.00697	0.00566	0.00174	0.00479	0.00566	0.00697	0.00958
211	0.01059	0.00633	0.00836	0.00753	0.00931	0.00576	0.00576	0.01317	0.01596	0.13619	0.65151	0.03856	0.04715	0.01082	0.00649	0.00177	0.00298	0.00949	0.00631	0.00596
212	0.01310	0.01668	0.17954	0.16317	0.44876	0.04692	0.01744	0.01710	0.01248	0.01735	0.01030	0.01352	0.00821	0.00523	0.00551	0.00172	0.00733	0.00477	0.00265	0.00821
213	0.01281	0.07232	0.08563	0.08343	0.11305	0.01635	0.01372	0.04121	0.01052	0.01538	0.00851	0.01251	0.00763	0.00799	0.01301	0.00213	0.46954	0.00474	0.00261	0.00691
214	0.00683	0.00536	0.00619	0.00672	0.00790	0.00471	0.00476	0.00816	0.01217	0.01538	0.09730	0.37226	0.40129	0.01550	0.00688	0.00206	0.00301	0.01352	0.00530	0.00471
215	0.01168	0.02653	0.64828	0.01628	0.02395	0.01324	0.07938	0.01886	0.07475	0.01832	0.01128	0.01292	0.00809	0.00549	0.00548	0.00180	0.00809	0.00455	0.00270	0.00831
216	0.01285	0.03989	0.41034	0.07432	0.02540	0.01350	0.21039	0.06567	0.01331	0.04021	0.01154	0.01479	0.00865	0.00564	0.00577	0.00182	0.00818	0.02682	0.00294	0.00797
217	0.01156	0.01095	0.01856	0.57565	0.24451	0.01275	0.01609	0.01520	0.01169	0.01551	0.01017	0.01470	0.00790	0.00545	0.00561	0.00182	0.00727	0.00500	0.00258	0.00700
218	0.00683	0.00500	0.00643	0.00757	0.00809	0.00459	0.00511	0.00787	0.01103	0.01447	0.03420	0.70754	0.12618	0.01722	0.00712	0.00224	0.00321	0.01549	0.00522	0.00459
219	0.00791	0.00578	0.00729	0.00816	0.00888	0.00561	0.00562	0.05164	0.03427	0.01590	0.03072	0.70180	0.06196	0.01657	0.00703	0.00223	0.00346	0.01492	0.00526	0.00500
220	0.00870	0.01053	0.16009	0.01007	0.01240	0.00803	0.00931	0.01136	0.00950	0.01374	0.01442	0.02191	0.01349	0.12929	0.53312	0.00716	0.01254	0.00593	0.00294	0.00548
221	0.01339	0.01504	0.02914	0.02146	0.02583	0.04568	0.56182	0.01726	0.01240	0.01691	0.01043	0.01437	0.00824	0.00587	0.00908	0.00200	0.17491	0.00616	0.00277	0.00724
222	0.00729	0.00528	0.00723	0.00822	0.00871	0.00500	0.01930	0.00841	0.01080	0.01437	0.02942	0.65264	0.03483	0.08329	0.00903	0.00257	0.00374	0.08026	0.00502	0.00459
223	0.01508	0.01671	0.01641	0.07794	0.01756	0.25844	0.01183	0.01786	0.07582	0.01455	0.00936	0.01260	0.00820	0.00803	0.01206	0.00205	0.41146	0.00464	0.00289	0.00652
224	0.01063	0.01000	0.01688	0.78870	0.03876	0.01250	0.01563	0.01438	0.01125	0.01438	0.01000	0.01500	0.00750	0.00563	0.00563	0.00188	0.00750	0.00500	0.00250	0.00625
225	0.01832	0.01892	0.01459	0.01290	0.01614	0.35559	0.00994	0.09773	0.32426	0.05039	0.01561	0.01534	0.01187	0.00670	0.00542	0.00168	0.00718	0.00498	0.00451	0.00794
226	0.01505	0.80561	0.02949	0.00963	0.01444	0.02227	0.00963	0.01685	0.01143	0.01324	0.00782	0.00903	0.00722	0.00481	0.00361	0.00120	0.00602	0.00301	0.00241	0.00722
227	0.04016	0.01177	0.04373	0.01058	0.01490	0.04522	0.00896	0.10545	0.03395	0.55993	0.02130	0.01912	0.04420	0.00711	0.00561	0.00173	0.00524	0.00566	0.00627	0.00909
228	0.01604	0.01049	0.01391	0.16649	0.08161	0.04259	0.01029	0.04350	0.08394	0.24611	0.03266	0.01982	0.02989	0.06407	0.05808	0.01996	0.04274	0.00582	0.00454	0.00745
229	0.02044	0.01537	0.04977	0.04711	0.09153	0.08038	0.01143	0.37442	0.03594	0.19470	0.01465	0.01467	0.01025	0.00646	0.00557	0.00169	0.00638	0.00505	0.00514	0.00904
230	0.01166	0.01084	0.01822	0.02476	0.45717	0.01063	0.06648	0.01447	0.01251	0.01727	0.01964	0.15619	0.07935	0.00880	0.00620	0.00189	0.00586	0.06705	0.00361	0.00742
231	0.34967	0.01303	0.09002	0.01075	0.01434	0.04652	0.04853	0.06439	0.07366	0.02231	0.04923	0.02334	0.01490	0.00787	0.00524	0.00192	0.00551	0.14803	0.00409	0.00666
232	0.28318	0.06285	0.01539	0.01300	0.08263	0.02642	0.08859	0.07333	0.09134	0.12948	0.01427	0.03093	0.02359	0.00622	0.00490	0.00172	0.00543	0.00500	0.03417	0.00755
233	0.01366	0.01305	0.02188	0.03136	0.66425	0.01275	0.03550	0.01695	0.01270	0.01837	0.01054	0.01371	0.00884	0.00491	0.00544	0.00158	0.00648	0.00487	0.00285	0.10030
234	0.00818	0.00546	0.00614	0.00614	0.00614	0.00546	0.00341	0.00818	0.00818	0.01091	0.01773	0.03683	0.02046	0.80222	0.02864	0.00546	0.00546	0.00818	0.00341	0.00341
235	0.01350	0.01302	0.02249	0.12695	0.65016	0.01330	0.04409	0.01694	0.01264	0.01788	0.01054	0.01411	0.00873	0.00508	0.00562	0.00170	0.00689	0.00507	0.00275	0.00854
236	0.00750	0.00563	0.00758	0.00826	0.00876	0.00572	0.00583	0.00882	0.01145	0.01569	0.15692	0.58029	0.03696	0.01687	0.03579	0.00245	0.06171	0.01380	0.00511	0.00483
237	0.05508	0.53939	0.02469	0.01072	0.01515	0.12857	0.00980	0.12781	0.01425	0.01722	0.00881	0.00987	0.00753	0.00527	0.00412	0.00134	0.00655	0.00341	0.00301	0.00742
238	0.01310	0.01459	0.03101	0.09214	0.08418	0.01402	0.62872	0.01765	0.01307	0.01773	0.01120	0.01507	0.00847	0.00484	0.00647	0.00188	0.00911	0.00638	0.00281	0.00757

[dist]
# distance from previous block
# <min> <max>
0	2

# created by:
# /st0/software/busco_prod/Augustus/scripts/msa2prfl.pl ./align_prep/47979.fa
