[name]
unknown

[dist]
# distance from previous block
# <min> <max>
0	24

[block]
# block no. 0 follows, 44 sequences, length 12
# corresponding to MSA columns:
# 192-203
name=unknown_A
#
# <colnr> <probs for GDERKNQSTAVLIFYWHMCP>
#	G	D	E	R	K	N	Q	S	T	A	V	L	I	F	Y	W	H	M	C	P
0	0.09333	0.06454	0.14076	0.01185	0.04046	0.01300	0.01072	0.26967	0.01643	0.07618	0.01224	0.01439	0.00946	0.00593	0.00492	0.00151	0.00566	0.03712	0.00410	0.16774
1	0.00877	0.00615	0.00749	0.00735	0.00826	0.00631	0.00518	0.04762	0.04193	0.01614	0.17386	0.12195	0.02669	0.28925	0.12262	0.00398	0.00558	0.03475	0.06139	0.00473
2	0.01845	0.01414	0.01508	0.01208	0.01604	0.01584	0.00981	0.52536	0.26019	0.03069	0.01598	0.01539	0.01161	0.00681	0.00548	0.00170	0.00546	0.00531	0.00548	0.00907
3	0.00690	0.00555	0.00618	0.00623	0.00783	0.00483	0.00473	0.00860	0.01300	0.01638	0.21150	0.08837	0.52412	0.01347	0.00654	0.00188	0.00289	0.06100	0.00527	0.00474
4	0.00930	0.00835	0.00820	0.00769	0.00924	0.11150	0.00577	0.01158	0.01510	0.01990	0.58729	0.03783	0.12620	0.01069	0.00623	0.00169	0.00358	0.00918	0.00546	0.00524
5	0.01241	0.16261	0.26492	0.01648	0.03808	0.01473	0.23308	0.03318	0.01192	0.01644	0.01073	0.01511	0.00893	0.00598	0.00669	0.00177	0.08770	0.04924	0.00270	0.00730
6	0.00782	0.00571	0.00810	0.00810	0.00884	0.00645	0.00598	0.00931	0.00856	0.01216	0.01521	0.02479	0.01509	0.22230	0.60739	0.00794	0.01240	0.00633	0.00301	0.00450
7	0.00807	0.00600	0.00837	0.00832	0.00899	0.00688	0.00618	0.00951	0.00876	0.01258	0.01584	0.07734	0.01607	0.19587	0.50380	0.00696	0.05913	0.00685	0.02989	0.00459
8	0.69337	0.05067	0.01016	0.00801	0.01158	0.01333	0.00668	0.11685	0.01159	0.02523	0.00834	0.00943	0.00642	0.00524	0.00366	0.00165	0.00454	0.00322	0.00361	0.00642
9	0.01445	0.03455	0.22806	0.03756	0.32954	0.04600	0.01548	0.12923	0.01431	0.04801	0.01080	0.01275	0.00828	0.00528	0.00523	0.00160	0.00681	0.00449	0.00317	0.04439
10	0.01289	0.01427	0.02542	0.01909	0.02268	0.07147	0.46603	0.01611	0.01162	0.01564	0.01023	0.01492	0.00860	0.05477	0.01051	0.00215	0.20833	0.00589	0.00270	0.00668
11	0.01556	0.01600	0.06951	0.02937	0.11059	0.16352	0.07368	0.23667	0.05412	0.02141	0.01693	0.07196	0.08174	0.00733	0.00561	0.00169	0.00666	0.00611	0.00404	0.00751

[dist]
# distance from previous block
# <min> <max>
0	1

[block]
# block no. 1 follows, 44 sequences, length 90
# corresponding to MSA columns:
# 205-294
name=unknown_B
#
# <colnr> <probs for GDERKNQSTAVLIFYWHMCP>
#	G	D	E	R	K	N	Q	S	T	A	V	L	I	F	Y	W	H	M	C	P
0	0.10221	0.01284	0.01343	0.01106	0.01434	0.05401	0.00897	0.44307	0.01893	0.02647	0.01268	0.01470	0.00997	0.01548	0.21311	0.00353	0.00831	0.00488	0.00443	0.00760
1	0.01412	0.01276	0.02118	0.12766	0.46170	0.01316	0.09768	0.08879	0.04494	0.04766	0.01146	0.01420	0.00899	0.00525	0.00553	0.00168	0.00668	0.00511	0.00321	0.00824
2	0.01016	0.00508	0.00508	0.00508	0.00635	0.00508	0.00381	0.01270	0.01143	0.02033	0.01778	0.02033	0.01397	0.00635	0.00381	0.00127	0.00254	0.00508	0.83867	0.00508
3	0.84691	0.01054	0.00801	0.00717	0.01054	0.01223	0.00590	0.01603	0.00928	0.02446	0.00759	0.00886	0.00590	0.00506	0.00337	0.00169	0.00422	0.00295	0.00337	0.00590
4	0.00779	0.00584	0.00876	0.00876	0.00974	0.00681	0.00681	0.00974	0.00876	0.01266	0.01460	0.02142	0.01363	0.04089	0.78680	0.00876	0.01460	0.00584	0.00292	0.00487
5	0.01016	0.00508	0.00508	0.00508	0.00635	0.00508	0.00381	0.01270	0.01143	0.02033	0.01778	0.02033	0.01397	0.00635	0.00381	0.00127	0.00254	0.00508	0.83867	0.00508
6	0.06708	0.01225	0.01771	0.02260	0.41638	0.01256	0.01282	0.09446	0.11996	0.14863	0.01395	0.01499	0.01048	0.00572	0.00531	0.00167	0.00568	0.00504	0.00410	0.00864
7	0.57188	0.01196	0.01495	0.04430	0.01658	0.02980	0.20560	0.01645	0.01044	0.02191	0.00861	0.01067	0.00662	0.00497	0.00431	0.00173	0.00579	0.00397	0.00316	0.00631
8	0.01447	0.01085	0.01240	0.01144	0.05938	0.01149	0.00844	0.17979	0.29036	0.09043	0.04287	0.07130	0.11133	0.00833	0.00565	0.00174	0.00451	0.00695	0.00526	0.05300
9	0.01664	0.08760	0.04618	0.01934	0.20904	0.28804	0.09535	0.10174	0.03452	0.01762	0.01001	0.01195	0.00807	0.00546	0.00547	0.00156	0.02643	0.00440	0.00308	0.00752
10	0.03395	0.00868	0.00898	0.00777	0.01013	0.00935	0.00614	0.22589	0.07973	0.02463	0.01657	0.01799	0.01266	0.00646	0.00442	0.00143	0.00372	0.00507	0.50982	0.00660
11	0.01747	0.01242	0.01287	0.01029	0.01366	0.03335	0.00835	0.50830	0.02100	0.02949	0.01441	0.01523	0.01066	0.00646	0.00493	0.00152	0.00504	0.00493	0.26174	0.00791
12	0.01137	0.01038	0.01493	0.01643	0.19770	0.04225	0.08173	0.07773	0.01344	0.01800	0.10016	0.14205	0.11633	0.00971	0.00713	0.00188	0.07040	0.05780	0.00408	0.00650
13	0.09827	0.01483	0.01558	0.01204	0.01631	0.01647	0.00994	0.68674	0.02410	0.03343	0.01257	0.01269	0.00896	0.00641	0.00526	0.00164	0.00583	0.00472	0.00526	0.00896
14	0.01186	0.06360	0.01607	0.01301	0.01359	0.04787	0.01081	0.01324	0.00896	0.01324	0.00850	0.01310	0.00817	0.01311	0.11742	0.00308	0.58958	0.00475	0.02417	0.00588
15	0.84691	0.01054	0.00801	0.00717	0.01054	0.01223	0.00590	0.01603	0.00928	0.02446	0.00759	0.00886	0.00590	0.00506	0.00337	0.00169	0.00422	0.00295	0.00337	0.00590
16	0.00871	0.00622	0.00870	0.00996	0.01118	0.00621	0.00866	0.01117	0.01248	0.01623	0.02891	0.08676	0.03153	0.01513	0.00751	0.00250	0.00496	0.71315	0.00502	0.00500
17	0.01134	0.01000	0.01396	0.01226	0.01239	0.01338	0.00988	0.01218	0.03947	0.01255	0.00840	0.01351	0.00817	0.01195	0.01829	0.22560	0.55422	0.00482	0.00251	0.00512
18	0.02318	0.01009	0.01301	0.01011	0.01425	0.00938	0.00830	0.10163	0.07855	0.63940	0.02070	0.01814	0.01332	0.00678	0.00548	0.00170	0.00475	0.00548	0.00652	0.00922
19	0.00898	0.00757	0.01095	0.01026	0.01092	0.00960	0.00816	0.01065	0.00861	0.01272	0.01255	0.01918	0.01198	0.05797	0.54019	0.00681	0.23938	0.00560	0.00278	0.00513
20	0.01172	0.01086	0.01699	0.30107	0.15612	0.01205	0.08889	0.03457	0.18121	0.01778	0.04660	0.05106	0.03385	0.00668	0.00570	0.00180	0.00614	0.00615	0.00361	0.00714
21	0.00745	0.00534	0.00724	0.00847	0.00917	0.00513	0.00644	0.00899	0.01128	0.01484	0.03016	0.50782	0.05069	0.01625	0.00716	0.00232	0.00385	0.28770	0.00505	0.00466
22	0.01615	0.22030	0.01735	0.04548	0.01515	0.01534	0.00904	0.24645	0.17171	0.08034	0.01446	0.01627	0.01153	0.08857	0.00726	0.00194	0.00548	0.00500	0.00440	0.00779
23	0.01060	0.00653	0.00704	0.00610	0.00837	0.00592	0.00470	0.03001	0.01189	0.02005	0.04693	0.01867	0.01390	0.00596	0.00402	0.00118	0.00301	0.00480	0.56846	0.22186
24	0.01257	0.05578	0.11086	0.08932	0.04533	0.01372	0.45087	0.01702	0.03176	0.03199	0.01129	0.03305	0.00890	0.00547	0.00672	0.00182	0.05754	0.00589	0.00284	0.00725
25	0.01458	0.81168	0.02857	0.00933	0.01399	0.02157	0.00933	0.01632	0.01108	0.01283	0.00758	0.00875	0.00700	0.00466	0.00350	0.00117	0.00583	0.00292	0.00233	0.00700
26	0.00779	0.00584	0.00876	0.00876	0.00974	0.00681	0.00681	0.00974	0.00876	0.01266	0.01460	0.02142	0.01363	0.04089	0.78680	0.00876	0.01460	0.00584	0.00292	0.00487
27	0.01287	0.01471	0.03217	0.02298	0.02849	0.01379	0.75460	0.01746	0.01287	0.01746	0.01103	0.01471	0.00827	0.00460	0.00643	0.00184	0.00919	0.00643	0.00276	0.00735
28	0.01373	0.58256	0.23038	0.01111	0.01664	0.03711	0.01226	0.01671	0.01130	0.01403	0.00819	0.00951	0.00697	0.00483	0.00398	0.00132	0.00652	0.00323	0.00234	0.00727
29	0.00664	0.00474	0.00633	0.00759	0.00791	0.00443	0.00506	0.00759	0.01044	0.01392	0.03005	0.80485	0.03606	0.01708	0.00696	0.00221	0.00316	0.01550	0.00506	0.00443
30	0.00644	0.00552	0.00552	0.00552	0.00736	0.00460	0.00414	0.00782	0.01243	0.01473	0.05523	0.05247	0.77218	0.01381	0.00644	0.00184	0.00276	0.01151	0.00506	0.00460
31	0.01458	0.81168	0.02857	0.00933	0.01399	0.02157	0.00933	0.01632	0.01108	0.01283	0.00758	0.00875	0.00700	0.00466	0.00350	0.00117	0.00583	0.00292	0.00233	0.00700
32	0.01030	0.00969	0.01635	0.79530	0.03755	0.01211	0.01514	0.01393	0.01090	0.01393	0.00969	0.01453	0.00727	0.00545	0.00545	0.00182	0.00727	0.00484	0.00242	0.00606
33	0.84691	0.01054	0.00801	0.00717	0.01054	0.01223	0.00590	0.01603	0.00928	0.02446	0.00759	0.00886	0.00590	0.00506	0.00337	0.00169	0.00422	0.00295	0.00337	0.00590
34	0.00947	0.00473	0.00710	0.00710	0.00710	0.00473	0.00473	0.00710	0.00710	0.00947	0.00947	0.01657	0.00947	0.01894	0.02131	0.84138	0.00473	0.00473	0.00237	0.00237
35	0.01030	0.00969	0.01635	0.79530	0.03755	0.01211	0.01514	0.01393	0.01090	0.01393	0.00969	0.01453	0.00727	0.00545	0.00545	0.00182	0.00727	0.00484	0.00242	0.00606
36	0.01030	0.00969	0.01635	0.79530	0.03755	0.01211	0.01514	0.01393	0.01090	0.01393	0.00969	0.01453	0.00727	0.00545	0.00545	0.00182	0.00727	0.00484	0.00242	0.00606
37	0.01615	0.01085	0.01147	0.00931	0.01233	0.01178	0.00752	0.43401	0.01948	0.02828	0.01512	0.01622	0.01131	0.00646	0.00474	0.00148	0.00450	0.00498	0.36653	0.00746
38	0.84691	0.01054	0.00801	0.00717	0.01054	0.01223	0.00590	0.01603	0.00928	0.02446	0.00759	0.00886	0.00590	0.00506	0.00337	0.00169	0.00422	0.00295	0.00337	0.00590
39	0.01424	0.04812	0.01258	0.01110	0.02579	0.28449	0.00844	0.03152	0.04383	0.01595	0.01354	0.09516	0.01234	0.00835	0.02278	0.00177	0.13014	0.00551	0.20840	0.00596
40	0.00779	0.00584	0.00876	0.00876	0.00974	0.00681	0.00681	0.00974	0.00876	0.01266	0.01460	0.02142	0.01363	0.04089	0.78680	0.00876	0.01460	0.00584	0.00292	0.00487
41	0.01016	0.00508	0.00508	0.00508	0.00635	0.00508	0.00381	0.01270	0.01143	0.02033	0.01778	0.02033	0.01397	0.00635	0.00381	0.00127	0.00254	0.00508	0.83867	0.00508
42	0.00779	0.00584	0.00876	0.00876	0.00974	0.00681	0.00681	0.00974	0.00876	0.01266	0.01460	0.02142	0.01363	0.04089	0.78680	0.00876	0.01460	0.00584	0.00292	0.00487
43	0.01349	0.01295	0.02213	0.03346	0.77440	0.01295	0.01673	0.01673	0.01241	0.01781	0.01025	0.01349	0.00864	0.00486	0.00540	0.00162	0.00648	0.00486	0.00270	0.00864
44	0.01042	0.00927	0.01365	0.01063	0.01436	0.00773	0.13558	0.01288	0.01141	0.01670	0.01531	0.17109	0.01536	0.02595	0.00580	0.00147	0.00485	0.05351	0.00362	0.46041
45	0.01083	0.13553	0.05834	0.20014	0.05233	0.01171	0.09421	0.02760	0.04318	0.01567	0.01879	0.10509	0.07532	0.00863	0.00580	0.00185	0.00600	0.11917	0.00352	0.00629
46	0.01728	0.02074	0.01368	0.01298	0.01537	0.57891	0.01007	0.01898	0.01468	0.01413	0.01387	0.02358	0.01350	0.00813	0.00561	0.00170	0.00855	0.19886	0.00340	0.00597
47	0.01472	0.27581	0.07236	0.03402	0.14446	0.12303	0.10526	0.04886	0.06809	0.01627	0.01005	0.01191	0.00825	0.00535	0.00536	0.00153	0.04006	0.00428	0.00288	0.00744
48	0.01095	0.06595	0.27272	0.01294	0.08252	0.01057	0.01213	0.04601	0.06885	0.03469	0.13269	0.04480	0.12382	0.00834	0.00568	0.00176	0.00548	0.04915	0.00397	0.00698
49	0.01356	0.01171	0.01233	0.01109	0.01418	0.01356	0.00863	0.02897	0.76455	0.02281	0.02219	0.02034	0.01664	0.00740	0.00555	0.00185	0.00431	0.00616	0.00555	0.00863
50	0.01016	0.00508	0.00508	0.00508	0.00635	0.00508	0.00381	0.01270	0.01143	0.02033	0.01778	0.02033	0.01397	0.00635	0.00381	0.00127	0.00254	0.00508	0.83867	0.00508
51	0.01016	0.00508	0.00508	0.00508	0.00635	0.00508	0.00381	0.01270	0.01143	0.02033	0.01778	0.02033	0.01397	0.00635	0.00381	0.00127	0.00254	0.00508	0.83867	0.00508
52	0.01140	0.00978	0.01135	0.00820	0.01297	0.00753	0.00655	0.01437	0.04303	0.01798	0.01022	0.01169	0.00844	0.00418	0.00410	0.00085	0.00405	0.00335	0.00333	0.80664
53	0.01441	0.00828	0.00919	0.00784	0.01010	0.00875	0.00625	0.18356	0.01501	0.11582	0.01660	0.01801	0.01248	0.00661	0.00514	0.00146	0.04613	0.00507	0.50268	0.00659
54	0.00779	0.00584	0.00876	0.00876	0.00974	0.00681	0.00681	0.00974	0.00876	0.01266	0.01460	0.02142	0.01363	0.04089	0.78680	0.00876	0.01460	0.00584	0.00292	0.00487
55	0.01356	0.01171	0.01233	0.01109	0.01418	0.01356	0.00863	0.02897	0.76455	0.02281	0.02219	0.02034	0.01664	0.00740	0.00555	0.00185	0.00431	0.00616	0.00555	0.00863
56	0.00644	0.00552	0.00552	0.00552	0.00736	0.00460	0.00414	0.00782	0.01243	0.01473	0.05523	0.05247	0.77218	0.01381	0.00644	0.00184	0.00276	0.01151	0.00506	0.00460
57	0.01336	0.01282	0.02189	0.06515	0.74375	0.01292	0.01667	0.01661	0.01235	0.01765	0.01023	0.01354	0.00858	0.00488	0.00540	0.00163	0.00651	0.00486	0.00269	0.00853
58	0.01061	0.00551	0.00556	0.00540	0.00680	0.00558	0.00409	0.04402	0.01203	0.02092	0.01759	0.02002	0.01378	0.00636	0.00388	0.00129	0.00269	0.00507	0.80357	0.00526
59	0.01531	0.71256	0.02691	0.00992	0.01435	0.11808	0.00948	0.01701	0.01163	0.01289	0.00769	0.00888	0.00700	0.00478	0.00368	0.00120	0.00634	0.00299	0.00239	0.00691
60	0.13058	0.00934	0.01190	0.00929	0.01332	0.00848	0.00766	0.02475	0.01478	0.65970	0.04033	0.01791	0.01356	0.00665	0.00524	0.00169	0.00453	0.00527	0.00629	0.00873
61	0.00804	0.00612	0.00875	0.00911	0.01012	0.00590	0.05094	0.04496	0.01171	0.01553	0.02846	0.57977	0.04902	0.01541	0.00694	0.00220	0.00396	0.13317	0.00493	0.00494
62	0.01413	0.02545	0.45049	0.01618	0.05320	0.23289	0.05872	0.03900	0.01307	0.01657	0.00952	0.01135	0.00716	0.00539	0.00547	0.00165	0.02556	0.00409	0.00258	0.00754
63	0.00793	0.00529	0.00595	0.00595	0.00595	0.00529	0.00330	0.00793	0.00793	0.01057	0.01718	0.03568	0.01982	0.80840	0.02775	0.00529	0.00529	0.00793	0.00330	0.00330
64	0.01291	0.01259	0.02102	0.20666	0.55945	0.03173	0.04395	0.01624	0.01216	0.01680	0.01011	0.01369	0.00827	0.00500	0.00544	0.00167	0.00684	0.00488	0.00264	0.00794
65	0.00672	0.00480	0.00642	0.00768	0.00803	0.00450	0.00520	0.00773	0.01052	0.01401	0.03000	0.77690	0.03588	0.01700	0.00698	0.00223	0.00323	0.04265	0.00506	0.00445
66	0.01830	0.01707	0.01480	0.01249	0.01601	0.22797	0.00985	0.31814	0.26223	0.02482	0.01475	0.01454	0.01104	0.00657	0.00534	0.00164	0.00651	0.00493	0.00476	0.00825
67	0.01349	0.01295	0.02213	0.03346	0.77440	0.01295	0.01673	0.01673	0.01241	0.01781	0.01025	0.01349	0.00864	0.00486	0.00540	0.00162	0.00648	0.00486	0.00270	0.00864
68	0.02072	0.01527	0.01636	0.01254	0.01691	0.01691	0.01036	0.75622	0.02563	0.03436	0.01309	0.01309	0.00927	0.00654	0.00545	0.00164	0.00600	0.00491	0.00545	0.00927
69	0.01493	0.01699	0.01691	0.01458	0.01580	0.28727	0.04272	0.01634	0.01104	0.01338	0.00777	0.01131	0.00716	0.00795	0.01285	0.00202	0.48788	0.00440	0.00255	0.00615
70	0.01349	0.01295	0.02213	0.03346	0.77440	0.01295	0.01673	0.01673	0.01241	0.01781	0.01025	0.01349	0.00864	0.00486	0.00540	0.00162	0.00648	0.00486	0.00270	0.00864
71	0.01211	0.01154	0.01963	0.36361	0.45508	0.01259	0.01604	0.01552	0.01176	0.01613	0.01001	0.01394	0.00804	0.00511	0.00542	0.00170	0.00682	0.00485	0.00258	0.00752
72	0.00675	0.00566	0.00588	0.00581	0.00761	0.00486	0.00436	0.00858	0.02895	0.01577	0.14199	0.05034	0.66794	0.01334	0.00642	0.00183	0.00277	0.01119	0.00519	0.00475
73	0.00657	0.00503	0.00604	0.00684	0.00771	0.00449	0.00473	0.00768	0.01116	0.01421	0.03914	0.53315	0.30189	0.01590	0.00677	0.00208	0.00302	0.01406	0.00506	0.00449
74	0.01211	0.01154	0.01963	0.36361	0.45508	0.01259	0.01604	0.01552	0.01176	0.01613	0.01001	0.01394	0.00804	0.00511	0.00542	0.00170	0.00682	0.00485	0.00258	0.00752
75	0.01030	0.00969	0.01635	0.79530	0.03755	0.01211	0.01514	0.01393	0.01090	0.01393	0.00969	0.01453	0.00727	0.00545	0.00545	0.00182	0.00727	0.00484	0.00242	0.00606
76	0.00835	0.00604	0.00820	0.00906	0.01033	0.00589	0.00767	0.01073	0.01298	0.01711	0.16446	0.08507	0.08676	0.01434	0.00723	0.00231	0.00435	0.52893	0.00520	0.00499
77	0.01872	0.02220	0.01497	0.01344	0.01624	0.57268	0.01024	0.05551	0.15445	0.01603	0.01113	0.01202	0.00891	0.00617	0.00567	0.00154	0.04567	0.00412	0.00341	0.00686
78	0.01171	0.01113	0.01890	0.45915	0.36267	0.01248	0.01584	0.01517	0.01157	0.01564	0.00994	0.01408	0.00787	0.00519	0.00543	0.00173	0.00692	0.00485	0.00254	0.00719
79	0.00792	0.00532	0.00613	0.00613	0.00619	0.00538	0.00353	0.00804	0.00798	0.01070	0.01701	0.03477	0.01943	0.75948	0.07613	0.00551	0.00588	0.00780	0.00328	0.00340
80	0.00664	0.00476	0.00631	0.00754	0.00789	0.00443	0.00504	0.00760	0.01049	0.01394	0.03066	0.78650	0.05401	0.01700	0.00695	0.00220	0.00315	0.01540	0.00506	0.00443
81	0.01047	0.00987	0.01666	0.75412	0.07738	0.01216	0.01523	0.01408	0.01098	0.01414	0.00972	0.01448	0.00734	0.00542	0.00545	0.00181	0.00722	0.00485	0.00244	0.00620
82	0.01458	0.81168	0.02857	0.00933	0.01399	0.02157	0.00933	0.01632	0.01108	0.01283	0.00758	0.00875	0.00700	0.00466	0.00350	0.00117	0.00583	0.00292	0.00233	0.00700
83	0.84691	0.01054	0.00801	0.00717	0.01054	0.01223	0.00590	0.01603	0.00928	0.02446	0.00759	0.00886	0.00590	0.00506	0.00337	0.00169	0.00422	0.00295	0.00337	0.00590
84	0.01188	0.01104	0.01815	0.05514	0.56108	0.01108	0.01382	0.01489	0.02836	0.01688	0.01594	0.13044	0.05425	0.02560	0.00620	0.00181	0.00575	0.00685	0.00323	0.00759
85	0.01212	0.01137	0.01922	0.38944	0.34951	0.01252	0.04802	0.04048	0.01215	0.01660	0.01032	0.01420	0.00814	0.00522	0.00543	0.00171	0.00685	0.00493	0.02448	0.00730
86	0.10739	0.27404	0.45437	0.01262	0.01907	0.01543	0.01510	0.01683	0.01112	0.01668	0.00884	0.01033	0.00682	0.00500	0.00444	0.00154	0.00691	0.00355	0.00243	0.00748
87	0.01512	0.01309	0.04434	0.06436	0.17445	0.02952	0.01096	0.25645	0.03330	0.03804	0.01173	0.01390	0.00926	0.03920	0.00599	0.00159	0.00574	0.00456	0.00387	0.22452
88	0.08810	0.09098	0.01693	0.01598	0.17580	0.14553	0.01081	0.21416	0.03398	0.02168	0.04274	0.01343	0.01028	0.00611	0.00571	0.00159	0.05420	0.00454	0.03992	0.00756
89	0.01160	0.08543	0.49592	0.01321	0.01966	0.01241	0.01550	0.04981	0.05430	0.01785	0.01166	0.05969	0.00948	0.00589	0.00504	0.00159	0.00676	0.00469	0.00291	0.11659

[dist]
# distance from previous block
# <min> <max>
7	33

[block]
# block no. 2 follows, 44 sequences, length 34
# corresponding to MSA columns:
# 328-361
name=unknown_C
#
# <colnr> <probs for GDERKNQSTAVLIFYWHMCP>
#	G	D	E	R	K	N	Q	S	T	A	V	L	I	F	Y	W	H	M	C	P
0	0.20839	0.04590	0.21278	0.01298	0.01764	0.04706	0.06360	0.09538	0.04823	0.08016	0.01426	0.03319	0.03743	0.00714	0.00618	0.00197	0.05057	0.00517	0.00404	0.00794
1	0.13256	0.10992	0.01265	0.06946	0.01361	0.03458	0.00782	0.09895	0.05555	0.05680	0.19681	0.02355	0.03969	0.00777	0.00517	0.00164	0.00459	0.05174	0.04240	0.03474
2	0.26304	0.05600	0.01203	0.05300	0.01398	0.09440	0.00800	0.09628	0.08476	0.10395	0.01535	0.01703	0.05238	0.00743	0.02350	0.00182	0.00544	0.03098	0.04122	0.01939
3	0.30174	0.01078	0.01118	0.05269	0.01386	0.03717	0.00776	0.14148	0.01434	0.22314	0.04175	0.01573	0.03224	0.00774	0.03607	0.00195	0.00524	0.00475	0.03316	0.00725
4	0.08269	0.15364	0.01445	0.00958	0.01302	0.08655	0.00799	0.16848	0.04084	0.13715	0.04915	0.02256	0.15819	0.00784	0.00517	0.00161	0.00515	0.02418	0.00462	0.00714
5	0.03169	0.02915	0.26208	0.12443	0.02077	0.06692	0.03933	0.07114	0.01201	0.01670	0.01212	0.04982	0.04084	0.00724	0.00828	0.00188	0.19062	0.00522	0.00289	0.00686
6	0.01200	0.17583	0.41723	0.01239	0.01875	0.01319	0.01430	0.04488	0.01191	0.01709	0.00995	0.03005	0.00797	0.00517	0.00466	0.00142	0.00655	0.00395	0.00270	0.19002
7	0.01098	0.01511	0.19497	0.01551	0.01927	0.01242	0.22164	0.01449	0.01134	0.01596	0.03405	0.02212	0.09528	0.00814	0.00929	0.00201	0.21759	0.07017	0.00308	0.00658
8	0.08426	0.00994	0.01013	0.00842	0.01180	0.06525	0.00666	0.01463	0.07726	0.01863	0.12152	0.02327	0.08951	0.00722	0.00498	0.00136	0.00425	0.05633	0.00410	0.38048
9	0.01151	0.05237	0.31971	0.08667	0.02430	0.01315	0.26121	0.01610	0.01169	0.01639	0.01240	0.01501	0.04964	0.00579	0.00658	0.00179	0.06896	0.00531	0.00264	0.01878
10	0.07437	0.00967	0.10800	0.05610	0.01315	0.00762	0.00838	0.01393	0.03966	0.11699	0.18120	0.20610	0.07524	0.01064	0.00601	0.00189	0.00432	0.05577	0.00485	0.00609
11	0.01246	0.00965	0.01142	0.00822	0.01301	0.00733	0.00660	0.01485	0.01168	0.08441	0.01073	0.01194	0.00855	0.00427	0.00416	0.00088	0.00409	0.00343	0.00354	0.76878
12	0.01526	0.26906	0.02044	0.12499	0.05304	0.16586	0.05170	0.11903	0.01404	0.01688	0.01116	0.01301	0.03527	0.00579	0.00521	0.00150	0.03536	0.00431	0.03115	0.00695
13	0.01217	0.01020	0.01268	0.03709	0.20923	0.09548	0.00948	0.01449	0.01355	0.09015	0.20530	0.11487	0.08303	0.00946	0.00601	0.00178	0.00498	0.05908	0.00451	0.00647
14	0.01327	0.01198	0.01780	0.05229	0.11700	0.01119	0.15557	0.11804	0.05525	0.02010	0.01118	0.01315	0.00879	0.00485	0.00503	0.00133	0.00580	0.00454	0.00346	0.36936
15	0.01076	0.00903	0.01079	0.07722	0.01409	0.00812	0.00718	0.05492	0.08084	0.01811	0.03628	0.11251	0.09837	0.00742	0.00505	0.00134	0.00417	0.00627	0.00398	0.43355
16	0.06109	0.01265	0.01664	0.04690	0.33556	0.05540	0.01207	0.09348	0.13163	0.09080	0.03419	0.01615	0.02957	0.00603	0.00530	0.00164	0.00574	0.00518	0.00399	0.03598
17	0.01270	0.11677	0.08222	0.01083	0.01448	0.10648	0.07981	0.03305	0.01380	0.06240	0.24077	0.03506	0.03881	0.00727	0.00535	0.00150	0.00543	0.00617	0.00410	0.12300
18	0.00689	0.00550	0.00627	0.00647	0.00792	0.00474	0.00467	0.00829	0.01196	0.01525	0.10737	0.30046	0.42037	0.01412	0.00648	0.00190	0.00295	0.01223	0.00504	0.05111
19	0.05023	0.46935	0.02256	0.01110	0.01498	0.32321	0.00967	0.01846	0.01273	0.01350	0.00791	0.00918	0.00696	0.00506	0.00405	0.00128	0.00735	0.00315	0.00256	0.00669
20	0.00886	0.00636	0.00797	0.00760	0.00925	0.00570	0.00554	0.03700	0.01285	0.04341	0.25746	0.34769	0.05255	0.03084	0.00670	0.00186	0.00331	0.01078	0.00509	0.13920
21	0.01494	0.17130	0.36787	0.01385	0.01979	0.12478	0.05581	0.07001	0.01341	0.08409	0.01051	0.01166	0.00776	0.00535	0.00494	0.00157	0.00751	0.00407	0.00302	0.00776
22	0.01179	0.01072	0.06259	0.03252	0.05706	0.04178	0.15114	0.01443	0.01232	0.09332	0.10228	0.15996	0.04985	0.03595	0.00748	0.00194	0.06014	0.00794	0.08052	0.00627
23	0.00937	0.00583	0.00758	0.00749	0.00875	0.00541	0.00555	0.01118	0.01305	0.09937	0.33491	0.20659	0.06463	0.10894	0.00914	0.00234	0.00351	0.08576	0.00541	0.00518
24	0.20034	0.01369	0.11902	0.07974	0.01720	0.07738	0.05137	0.01959	0.02592	0.25332	0.06682	0.01637	0.01251	0.00628	0.00508	0.00171	0.00581	0.01617	0.00435	0.00735
25	0.01606	0.01284	0.05670	0.01463	0.13946	0.06657	0.01048	0.15808	0.09908	0.16089	0.05135	0.07455	0.01584	0.00774	0.00566	0.00173	0.00553	0.06008	0.00477	0.03795
26	0.01321	0.00767	0.00977	0.01002	0.05258	0.02853	0.00693	0.04499	0.02936	0.23107	0.02468	0.44356	0.02534	0.03659	0.00694	0.00207	0.00416	0.01088	0.00532	0.00634
27	0.01691	0.01471	0.01317	0.01227	0.04863	0.24031	0.00912	0.13297	0.10599	0.13242	0.05895	0.08523	0.01653	0.02799	0.00619	0.00181	0.00624	0.05871	0.00466	0.00720
28	0.03165	0.04291	0.09151	0.09077	0.10762	0.08593	0.09989	0.06459	0.03791	0.08524	0.09560	0.01634	0.01339	0.00613	0.00578	0.00162	0.03339	0.00523	0.00368	0.08083
29	0.01706	0.05847	0.14367	0.01374	0.10023	0.07044	0.03187	0.02081	0.05937	0.29525	0.04230	0.01711	0.03930	0.00628	0.00527	0.00160	0.00581	0.00516	0.00451	0.06174
30	0.03368	0.01669	0.11495	0.11334	0.08853	0.16694	0.17832	0.03971	0.01312	0.04413	0.04540	0.01580	0.01062	0.00616	0.00647	0.00176	0.06330	0.03097	0.00311	0.00700
31	0.01348	0.13936	0.06157	0.06883	0.20187	0.07722	0.06947	0.04191	0.05192	0.03568	0.05999	0.01604	0.03711	0.00708	0.02363	0.00182	0.07739	0.00516	0.00322	0.00725
32	0.03069	0.02029	0.38402	0.01947	0.20419	0.02887	0.07019	0.06809	0.01310	0.06089	0.01156	0.01464	0.00892	0.00564	0.00541	0.00172	0.00726	0.03393	0.00304	0.00809
33	0.06821	0.01316	0.09038	0.06653	0.11912	0.05124	0.09917	0.03516	0.06268	0.06016	0.04756	0.05872	0.01248	0.00723	0.01984	0.00183	0.07230	0.00559	0.03415	0.07448

[dist]
# distance from previous block
# <min> <max>
18	44

[block]
# block no. 3 follows, 44 sequences, length 31
# corresponding to MSA columns:
# 409-439
name=unknown_D
#
# <colnr> <probs for GDERKNQSTAVLIFYWHMCP>
#	G	D	E	R	K	N	Q	S	T	A	V	L	I	F	Y	W	H	M	C	P
0	0.03611	0.01407	0.01547	0.01440	0.10910	0.07582	0.01045	0.41075	0.05433	0.10521	0.04475	0.01749	0.01263	0.00695	0.00552	0.00168	0.00592	0.04589	0.00499	0.00846
1	0.04200	0.03443	0.01457	0.01123	0.01500	0.01273	0.03761	0.32919	0.10429	0.22873	0.01750	0.08174	0.01351	0.02439	0.00599	0.00180	0.00526	0.00610	0.00548	0.00844
2	0.09636	0.18755	0.01503	0.00958	0.01268	0.05549	0.00812	0.03920	0.04938	0.21086	0.01562	0.03616	0.02872	0.00850	0.03978	0.00194	0.06984	0.03324	0.07492	0.00705
3	0.06328	0.19976	0.03528	0.01014	0.01446	0.09248	0.00874	0.19775	0.01526	0.03518	0.02382	0.01263	0.02996	0.00549	0.00447	0.00129	0.00559	0.00398	0.00367	0.23676
4	0.30762	0.01338	0.01037	0.00910	0.01220	0.19841	0.00715	0.06335	0.01314	0.08916	0.01962	0.01961	0.16993	0.00726	0.00475	0.00161	0.00542	0.00527	0.00403	0.03862
5	0.03842	0.00951	0.01102	0.01025	0.04221	0.00997	0.00763	0.25602	0.06522	0.03750	0.19159	0.18134	0.07736	0.01034	0.00604	0.00182	0.00424	0.02743	0.00532	0.00678
6	0.06741	0.02095	0.01549	0.01439	0.06698	0.47720	0.01050	0.17913	0.03338	0.04958	0.01032	0.01130	0.00802	0.00582	0.00501	0.00151	0.00813	0.00401	0.00362	0.00725
7	0.01410	0.05721	0.01571	0.01378	0.11328	0.12004	0.06869	0.06174	0.02477	0.06955	0.07391	0.06373	0.01378	0.00622	0.00508	0.00139	0.00568	0.00532	0.00376	0.26225
8	0.01117	0.01028	0.01545	0.01131	0.01583	0.00843	0.17378	0.01400	0.01183	0.01769	0.05369	0.06245	0.01225	0.00536	0.00489	0.00118	0.00506	0.00507	0.00339	0.55690
9	0.01057	0.00811	0.01088	0.27499	0.01905	0.00817	0.00850	0.01344	0.01121	0.01734	0.01247	0.01550	0.00983	0.00531	0.00444	0.00131	0.00462	0.00442	0.28997	0.26986
10	0.01338	0.01284	0.02193	0.05958	0.74913	0.01292	0.01668	0.01664	0.01236	0.01768	0.01024	0.01353	0.00859	0.00488	0.00540	0.00163	0.00650	0.00486	0.00269	0.00855
11	0.01349	0.01295	0.02213	0.03346	0.77440	0.01295	0.01673	0.01673	0.01241	0.01781	0.01025	0.01349	0.00864	0.00486	0.00540	0.00162	0.00648	0.00486	0.00270	0.00864
12	0.02401	0.00943	0.01304	0.01066	0.04480	0.00821	0.00837	0.02617	0.01547	0.74729	0.02105	0.01835	0.01330	0.00667	0.00548	0.00168	0.00471	0.00546	0.00658	0.00925
13	0.01349	0.01295	0.02213	0.03346	0.77440	0.01295	0.01673	0.01673	0.01241	0.01781	0.01025	0.01349	0.00864	0.00486	0.00540	0.00162	0.00648	0.00486	0.00270	0.00864
14	0.01029	0.01049	0.02048	0.01586	0.01924	0.00988	0.40990	0.01387	0.04266	0.01644	0.03803	0.26814	0.08040	0.00955	0.00656	0.00195	0.00642	0.00977	0.00386	0.00621
15	0.00828	0.00615	0.00860	0.07263	0.01232	0.00622	0.00808	0.01042	0.01183	0.01536	0.02882	0.21753	0.07369	0.03484	0.00769	0.00242	0.00467	0.46075	0.00478	0.00491
16	0.01030	0.00969	0.01635	0.79530	0.03755	0.01211	0.01514	0.01393	0.01090	0.01393	0.00969	0.01453	0.00727	0.00545	0.00545	0.00182	0.00727	0.00484	0.00242	0.00606
17	0.00658	0.00501	0.00606	0.00689	0.00772	0.00449	0.00475	0.00767	0.01111	0.01419	0.03854	0.55109	0.28433	0.01598	0.00678	0.00209	0.00303	0.01415	0.00506	0.00449
18	0.01190	0.07264	0.69375	0.01485	0.02250	0.01292	0.01884	0.01773	0.01171	0.05940	0.01031	0.01174	0.00728	0.00524	0.00510	0.00169	0.00774	0.00404	0.00255	0.00806
19	0.01030	0.00969	0.01635	0.79530	0.03755	0.01211	0.01514	0.01393	0.01090	0.01393	0.00969	0.01453	0.00727	0.00545	0.00545	0.00182	0.00727	0.00484	0.00242	0.00606
20	0.01233	0.01145	0.01885	0.41705	0.35527	0.01277	0.01553	0.06107	0.01247	0.01687	0.01014	0.01399	0.00798	0.00526	0.00543	0.00172	0.00685	0.00485	0.00273	0.00737
21	0.01073	0.01090	0.02113	0.27647	0.04453	0.01124	0.32931	0.01424	0.01179	0.01562	0.01530	0.14568	0.03273	0.00745	0.00620	0.00191	0.00722	0.02805	0.00314	0.00634
22	0.02039	0.05891	0.21337	0.01120	0.01644	0.00998	0.01124	0.02358	0.01429	0.53742	0.01768	0.01617	0.01142	0.00622	0.00529	0.00167	0.00560	0.00496	0.00534	0.00883
23	0.01349	0.01295	0.02213	0.03346	0.77440	0.01295	0.01673	0.01673	0.01241	0.01781	0.01025	0.01349	0.00864	0.00486	0.00540	0.00162	0.00648	0.00486	0.00270	0.00864
24	0.00792	0.00676	0.01014	0.00978	0.01104	0.02487	0.10569	0.00951	0.01106	0.01449	0.02836	0.55850	0.09034	0.01574	0.03801	0.00239	0.00463	0.04125	0.00461	0.00492
25	0.32020	0.01082	0.01549	0.01199	0.01598	0.01079	0.20020	0.01879	0.01240	0.23520	0.04192	0.01700	0.03454	0.00617	0.00508	0.00175	0.00554	0.02463	0.00436	0.00714
26	0.01660	0.16408	0.03697	0.01715	0.20175	0.01267	0.10781	0.03981	0.01378	0.24752	0.07595	0.01646	0.01325	0.00593	0.00528	0.00159	0.00585	0.00528	0.00420	0.00807
27	0.01439	0.01267	0.01849	0.05336	0.41055	0.04569	0.04325	0.08100	0.08601	0.06308	0.01326	0.05687	0.01105	0.00601	0.00544	0.00163	0.00607	0.00550	0.00360	0.06209
28	0.46030	0.01156	0.08212	0.00918	0.02700	0.01089	0.00800	0.01776	0.01101	0.17759	0.01187	0.02986	0.00888	0.00593	0.00475	0.00169	0.03816	0.00411	0.05563	0.02370
29	0.04082	0.01012	0.09617	0.00980	0.01252	0.00818	0.04984	0.10205	0.01336	0.05827	0.11336	0.28460	0.05477	0.06008	0.00736	0.00205	0.00461	0.00936	0.00459	0.05808
30	0.01606	0.02928	0.03472	0.03497	0.01789	0.05656	0.15466	0.20183	0.07397	0.12659	0.05869	0.01796	0.02636	0.00712	0.02010	0.00177	0.00630	0.02431	0.00450	0.08635

[dist]
# distance from previous block
# <min> <max>
3	13

[block]
# block no. 4 follows, 44 sequences, length 14
# corresponding to MSA columns:
# 458-471
name=unknown_E
#
# <colnr> <probs for GDERKNQSTAVLIFYWHMCP>
#	G	D	E	R	K	N	Q	S	T	A	V	L	I	F	Y	W	H	M	C	P
0	0.11867	0.01180	0.01381	0.06066	0.11199	0.02637	0.00946	0.18011	0.10230	0.08927	0.01296	0.01381	0.00972	0.00563	0.00484	0.00149	0.00514	0.00447	0.03012	0.18739
1	0.05023	0.01164	0.01517	0.05906	0.24080	0.10842	0.06141	0.01461	0.01252	0.03421	0.11203	0.13814	0.03632	0.03234	0.00659	0.00183	0.02133	0.00718	0.00369	0.03247
2	0.04873	0.05959	0.01513	0.01234	0.03153	0.27110	0.00963	0.27785	0.08185	0.04636	0.01340	0.01450	0.02478	0.00642	0.00508	0.00156	0.00676	0.01869	0.04712	0.00759
3	0.01300	0.01370	0.07260	0.02051	0.13552	0.01189	0.41921	0.01698	0.01299	0.06735	0.07941	0.01661	0.01242	0.00535	0.00593	0.00169	0.00739	0.00602	0.00331	0.07810
4	0.05125	0.02660	0.71280	0.01491	0.02259	0.01246	0.01898	0.01758	0.01157	0.04796	0.01015	0.01166	0.00712	0.00524	0.00511	0.00172	0.00774	0.00404	0.00253	0.00800
5	0.01349	0.01295	0.02213	0.03346	0.77440	0.01295	0.01673	0.01673	0.01241	0.01781	0.01025	0.01349	0.00864	0.00486	0.00540	0.00162	0.00648	0.00486	0.00270	0.00864
6	0.05538	0.01417	0.01419	0.01178	0.01543	0.06620	0.00947	0.37948	0.30104	0.02766	0.01640	0.01679	0.01237	0.00698	0.00542	0.00173	0.00551	0.02624	0.00521	0.00856
7	0.00664	0.00474	0.00633	0.00759	0.00791	0.00443	0.00506	0.00759	0.01044	0.01392	0.03005	0.80485	0.03606	0.01708	0.00696	0.00221	0.00316	0.01550	0.00506	0.00443
8	0.01362	0.01557	0.20621	0.25951	0.16199	0.01251	0.04493	0.08293	0.03607	0.09679	0.01177	0.01407	0.00857	0.00553	0.00542	0.00173	0.00692	0.00482	0.00327	0.00777
9	0.01422	0.73497	0.10216	0.00994	0.01493	0.02070	0.01039	0.01642	0.01112	0.01326	0.00780	0.00902	0.00699	0.00471	0.00366	0.00122	0.00605	0.00302	0.00233	0.00710
10	0.00784	0.00535	0.00646	0.00653	0.00671	0.00551	0.00401	0.00823	0.00821	0.01111	0.01741	0.07410	0.01960	0.63213	0.15934	0.00573	0.00680	0.00797	0.00333	0.00364
11	0.00683	0.00497	0.00613	0.00696	0.00747	0.00461	0.00460	0.00769	0.01033	0.01347	0.03199	0.54499	0.15590	0.15488	0.01051	0.00269	0.00347	0.01351	0.00475	0.00426
12	0.03558	0.09126	0.01516	0.01102	0.01463	0.10811	0.00904	0.26453	0.05570	0.21025	0.01495	0.03590	0.01116	0.00834	0.04359	0.00196	0.02497	0.00504	0.03076	0.00804
13	0.01465	0.29742	0.20212	0.01120	0.01614	0.01532	0.01147	0.11609	0.08512	0.08763	0.04388	0.03237	0.03189	0.00627	0.00481	0.00154	0.00586	0.00478	0.00373	0.00772

[dist]
# distance from previous block
# <min> <max>
4	7

[block]
# block no. 5 follows, 44 sequences, length 9
# corresponding to MSA columns:
# 479-487
name=unknown_F
#
# <colnr> <probs for GDERKNQSTAVLIFYWHMCP>
#	G	D	E	R	K	N	Q	S	T	A	V	L	I	F	Y	W	H	M	C	P
0	0.04534	0.36144	0.02002	0.01024	0.01448	0.16210	0.00892	0.08280	0.01352	0.07649	0.00969	0.01056	0.00787	0.00508	0.00419	0.00125	0.00614	0.00346	0.00324	0.15318
1	0.01528	0.01118	0.01814	0.07705	0.47545	0.01101	0.01351	0.01822	0.01334	0.19481	0.08447	0.01730	0.01370	0.00593	0.00552	0.00166	0.00574	0.00547	0.00393	0.00828
2	0.01193	0.01193	0.01670	0.01431	0.01431	0.01670	0.01193	0.01312	0.00835	0.01312	0.00716	0.01193	0.00716	0.00954	0.01789	0.00239	0.79843	0.00477	0.00239	0.00596
3	0.01216	0.01194	0.02096	0.30076	0.35995	0.01305	0.11048	0.01556	0.01163	0.01604	0.00992	0.01390	0.00799	0.00539	0.00649	0.00178	0.06701	0.00505	0.00258	0.00735
4	0.00664	0.00474	0.00633	0.00759	0.00791	0.00443	0.00506	0.00759	0.01044	0.01392	0.03005	0.80485	0.03606	0.01708	0.00696	0.00221	0.00316	0.01550	0.00506	0.00443
5	0.01332	0.01428	0.05613	0.11772	0.45216	0.05969	0.13832	0.01739	0.04538	0.01722	0.01071	0.01381	0.00859	0.00505	0.00554	0.00168	0.00720	0.00506	0.00279	0.00796
6	0.00690	0.00535	0.00617	0.00634	0.00759	0.00474	0.00455	0.00841	0.01249	0.01612	0.22981	0.21173	0.38357	0.06179	0.00784	0.00210	0.00295	0.01174	0.00520	0.00462
7	0.01154	0.01176	0.10838	0.04000	0.27704	0.00984	0.01172	0.04233	0.04325	0.04932	0.30668	0.02430	0.02552	0.00759	0.00578	0.00169	0.00501	0.00677	0.00429	0.00718
8	0.00809	0.00635	0.00870	0.00898	0.00979	0.00661	0.03386	0.01050	0.06929	0.01527	0.05101	0.56452	0.03070	0.01459	0.00762	0.00215	0.06832	0.04494	0.03366	0.00506

[dist]
# distance from previous block
# <min> <max>
1	52

[block]
# block no. 6 follows, 44 sequences, length 6
# corresponding to MSA columns:
# 541-546
name=unknown_G
#
# <colnr> <probs for GDERKNQSTAVLIFYWHMCP>
#	G	D	E	R	K	N	Q	S	T	A	V	L	I	F	Y	W	H	M	C	P
0	0.01346	0.03789	0.03349	0.01043	0.01283	0.01035	0.03286	0.03962	0.01171	0.15367	0.01534	0.13253	0.01374	0.00838	0.00848	0.00175	0.21299	0.00629	0.11328	0.13093
1	0.01490	0.01083	0.01213	0.01019	0.01323	0.01171	0.00810	0.25206	0.25465	0.08253	0.24088	0.02395	0.02438	0.00819	0.00577	0.00173	0.00435	0.00681	0.00574	0.00785
2	0.05147	0.04266	0.04388	0.01681	0.18392	0.04118	0.01171	0.43214	0.04884	0.02704	0.01218	0.01326	0.00919	0.00720	0.03249	0.00187	0.00646	0.00475	0.00437	0.00859
3	0.28520	0.22332	0.01619	0.04331	0.01446	0.01547	0.00851	0.15970	0.09984	0.07044	0.01128	0.01181	0.00861	0.00563	0.00428	0.00156	0.00515	0.00393	0.00392	0.00737
4	0.01528	0.01552	0.12624	0.01680	0.14419	0.07890	0.09882	0.06829	0.20507	0.11914	0.01656	0.01693	0.04056	0.00629	0.00554	0.00172	0.00634	0.00548	0.00418	0.00817
5	0.01175	0.01843	0.29959	0.02111	0.19123	0.01240	0.25855	0.01640	0.01223	0.01723	0.01420	0.01652	0.07348	0.00566	0.00575	0.00175	0.00762	0.00564	0.00278	0.00766

[dist]
# distance from previous block
# <min> <max>
1	4

[block]
# block no. 7 follows, 44 sequences, length 23
# corresponding to MSA columns:
# 551-573
name=unknown_H
#
# <colnr> <probs for GDERKNQSTAVLIFYWHMCP>
#	G	D	E	R	K	N	Q	S	T	A	V	L	I	F	Y	W	H	M	C	P
0	0.01195	0.00697	0.00882	0.00865	0.01030	0.00675	0.00633	0.05886	0.07793	0.18140	0.02649	0.51860	0.02787	0.01336	0.00643	0.00203	0.00375	0.01188	0.00549	0.00614
1	0.01363	0.36110	0.09410	0.01347	0.09854	0.01580	0.04277	0.01619	0.01138	0.05278	0.00983	0.01254	0.00846	0.00552	0.00565	0.00143	0.08096	0.02614	0.00282	0.12687
2	0.01559	0.01178	0.08159	0.01155	0.01515	0.02990	0.08534	0.05365	0.10621	0.25745	0.12386	0.02378	0.07772	0.00798	0.00653	0.00179	0.05124	0.02622	0.00510	0.00757
3	0.01484	0.01204	0.04535	0.01056	0.01386	0.01231	0.00878	0.35771	0.14600	0.02759	0.26315	0.02330	0.02424	0.00814	0.00578	0.00170	0.00468	0.00671	0.00551	0.00776
4	0.00782	0.00601	0.00803	0.00794	0.00874	0.00663	0.00587	0.00919	0.00936	0.01286	0.04104	0.07354	0.12809	0.19466	0.39732	0.00604	0.06113	0.00770	0.00348	0.00455
5	0.02206	0.01267	0.10373	0.01073	0.01520	0.06631	0.00966	0.02463	0.01501	0.60722	0.01938	0.01842	0.01280	0.00674	0.00547	0.00170	0.00544	0.02819	0.00587	0.00878
6	0.00672	0.00481	0.00640	0.00754	0.00793	0.00448	0.00507	0.00779	0.01081	0.01451	0.08508	0.74813	0.03720	0.01664	0.00692	0.00218	0.00312	0.01508	0.00513	0.00448
7	0.00780	0.00581	0.00862	0.00862	0.00955	0.00674	0.00664	0.00965	0.00872	0.01255	0.01473	0.02212	0.01394	0.07894	0.74916	0.00859	0.01414	0.00594	0.00294	0.00479
8	0.01204	0.01302	0.11154	0.32948	0.16963	0.01192	0.12661	0.01616	0.02738	0.05418	0.03759	0.01543	0.00991	0.00551	0.00553	0.00174	0.00698	0.00523	0.03297	0.00713
9	0.01349	0.01295	0.02213	0.03346	0.77440	0.01295	0.01673	0.01673	0.01241	0.01781	0.01025	0.01349	0.00864	0.00486	0.00540	0.00162	0.00648	0.00486	0.00270	0.00864
10	0.00779	0.00584	0.00876	0.00876	0.00974	0.00681	0.00681	0.00974	0.00876	0.01266	0.01460	0.02142	0.01363	0.04089	0.78680	0.00876	0.01460	0.00584	0.00292	0.00487
11	0.01287	0.01471	0.03217	0.02298	0.02849	0.01379	0.75460	0.01746	0.01287	0.01746	0.01103	0.01471	0.00827	0.00460	0.00643	0.00184	0.00919	0.00643	0.00276	0.00735
12	0.01147	0.00909	0.00992	0.00917	0.01159	0.00978	0.00701	0.05033	0.39213	0.05150	0.07616	0.13744	0.18127	0.01028	0.00598	0.00187	0.00380	0.00875	0.00545	0.00703
13	0.01409	0.00900	0.01198	0.03027	0.01345	0.00898	0.06262	0.06459	0.16548	0.20879	0.13484	0.12775	0.08076	0.03367	0.00665	0.00193	0.00444	0.00814	0.00545	0.00713
14	0.00678	0.00554	0.00599	0.00588	0.00757	0.00475	0.00441	0.00848	0.01322	0.01662	0.24472	0.04936	0.58151	0.01310	0.00644	0.00181	0.00271	0.01107	0.00531	0.00475
15	0.01193	0.01193	0.01670	0.01431	0.01431	0.01670	0.01193	0.01312	0.00835	0.01312	0.00716	0.01193	0.00716	0.00954	0.01789	0.00239	0.79843	0.00477	0.00239	0.00596
16	0.01948	0.02396	0.01615	0.01585	0.08903	0.66364	0.01116	0.04654	0.01531	0.01449	0.00873	0.01035	0.00726	0.00569	0.00536	0.00146	0.03230	0.00372	0.00288	0.00663
17	0.01458	0.81168	0.02857	0.00933	0.01399	0.02157	0.00933	0.01632	0.01108	0.01283	0.00758	0.00875	0.00700	0.00466	0.00350	0.00117	0.00583	0.00292	0.00233	0.00700
18	0.01421	0.01515	0.01375	0.11963	0.04498	0.26364	0.00936	0.01650	0.01265	0.01579	0.00930	0.01135	0.00764	0.00478	0.00457	0.00117	0.00647	0.00360	0.00296	0.42250
19	0.01130	0.00969	0.01130	0.00807	0.01292	0.00727	0.00646	0.01373	0.01130	0.01776	0.00969	0.01130	0.00807	0.00404	0.00404	0.00081	0.00404	0.00323	0.00323	0.84173
20	0.18709	0.05815	0.04671	0.03401	0.08772	0.10088	0.00957	0.02187	0.09466	0.28526	0.01455	0.01432	0.01026	0.00594	0.00486	0.00164	0.00558	0.00453	0.00453	0.00785
21	0.05345	0.06804	0.01537	0.27710	0.06624	0.09734	0.01126	0.07907	0.01333	0.12506	0.01340	0.06078	0.01110	0.00683	0.00561	0.00173	0.02674	0.03547	0.02524	0.00686
22	0.00714	0.00661	0.04500	0.04602	0.01003	0.00542	0.00602	0.00890	0.01201	0.01546	0.12983	0.30164	0.34116	0.01378	0.00653	0.00196	0.00341	0.02931	0.00491	0.00486

[dist]
# distance from previous block
# <min> <max>
0	2

[block]
# block no. 8 follows, 44 sequences, length 13
# corresponding to MSA columns:
# 576-588
name=unknown_I
#
# <colnr> <probs for GDERKNQSTAVLIFYWHMCP>
#	G	D	E	R	K	N	Q	S	T	A	V	L	I	F	Y	W	H	M	C	P
0	0.01691	0.11729	0.16742	0.03021	0.07193	0.05735	0.08248	0.12074	0.02997	0.19830	0.01293	0.01364	0.00927	0.00586	0.00577	0.00165	0.04149	0.00470	0.00396	0.00813
1	0.01742	0.24294	0.14054	0.01319	0.07019	0.01608	0.01175	0.27815	0.01697	0.12476	0.01194	0.01237	0.00878	0.00570	0.00485	0.00152	0.00613	0.00428	0.00405	0.00839
2	0.00807	0.00588	0.00843	0.00896	0.00992	0.00636	0.00717	0.01002	0.01016	0.01391	0.02087	0.09167	0.02183	0.07679	0.41149	0.00589	0.00986	0.26409	0.00383	0.00480
3	0.00994	0.00971	0.01866	0.09115	0.04073	0.00944	0.31794	0.01285	0.01171	0.01569	0.01954	0.32006	0.02061	0.01027	0.00660	0.00203	0.00630	0.06706	0.00378	0.00596
4	0.01161	0.17957	0.20962	0.34275	0.02594	0.01357	0.01419	0.01535	0.01124	0.04110	0.02901	0.01379	0.00883	0.00756	0.05251	0.00208	0.00741	0.00445	0.00264	0.00677
5	0.00846	0.00622	0.00757	0.00725	0.00730	0.00692	0.00468	0.00874	0.00804	0.01104	0.01567	0.03161	0.01774	0.65423	0.07225	0.00510	0.11291	0.00738	0.00316	0.00376
6	0.00692	0.00474	0.00640	0.00754	0.00783	0.00446	0.00503	0.00754	0.01011	0.01349	0.02806	0.72853	0.03348	0.01726	0.00835	0.08346	0.00332	0.01446	0.00480	0.00423
7	0.00983	0.00939	0.01769	0.01366	0.01670	0.00884	0.31684	0.01316	0.01381	0.01918	0.38157	0.02888	0.05128	0.01060	0.06151	0.00227	0.00618	0.00820	0.00441	0.00603
8	0.01305	0.01509	0.09575	0.15229	0.33535	0.09610	0.10507	0.01701	0.03865	0.01699	0.05347	0.01500	0.01072	0.00548	0.00552	0.00168	0.00716	0.00515	0.00292	0.00755
9	0.01995	0.01489	0.01593	0.01239	0.01661	0.01655	0.01018	0.67812	0.10498	0.03312	0.01407	0.01387	0.01006	0.00664	0.00546	0.00166	0.00582	0.00504	0.00546	0.00920
10	0.01175	0.00995	0.01154	0.00829	0.01311	0.00772	0.00664	0.04893	0.01198	0.01855	0.00985	0.01139	0.00813	0.00416	0.00410	0.00085	0.00413	0.00331	0.00334	0.80227
11	0.00696	0.00501	0.00665	0.00780	0.00835	0.00471	0.00552	0.00819	0.01098	0.01454	0.05530	0.64476	0.06993	0.01646	0.00699	0.00222	0.00338	0.11262	0.00509	0.00454
