[name]
unknown

[dist]
# distance from previous block
# <min> <max>
0	39

[block]
# block no. 0 follows, 44 sequences, length 19
# corresponding to MSA columns:
# 39-57
name=unknown_A
#
# <colnr> <probs for GDERKNQSTAVLIFYWHMCP>
#	G	D	E	R	K	N	Q	S	T	A	V	L	I	F	Y	W	H	M	C	P
0	0.00801	0.00603	0.00770	0.00854	0.00999	0.00572	0.00725	0.01014	0.01251	0.01579	0.03761	0.05850	0.27697	0.01464	0.00717	0.00229	0.00427	0.49695	0.00503	0.00488
1	0.01205	0.01228	0.01866	0.01541	0.01611	0.01633	0.10606	0.01367	0.00892	0.01367	0.00765	0.01228	0.00730	0.00892	0.01644	0.00232	0.69839	0.00498	0.00243	0.00614
2	0.01093	0.02820	0.78016	0.01554	0.02360	0.01266	0.02014	0.01727	0.01151	0.01727	0.00978	0.01151	0.00691	0.00518	0.00518	0.00173	0.00806	0.00403	0.00230	0.00806
3	0.01030	0.00969	0.01635	0.79530	0.03755	0.01211	0.01514	0.01393	0.01090	0.01393	0.00969	0.01453	0.00727	0.00545	0.00545	0.00182	0.00727	0.00484	0.00242	0.00606
4	0.01212	0.01180	0.01955	0.31377	0.02720	0.01307	0.22510	0.01993	0.26132	0.01789	0.01422	0.01651	0.01066	0.00585	0.00576	0.00183	0.00684	0.00574	0.00355	0.00728
5	0.00772	0.00557	0.00729	0.00686	0.00814	0.00514	0.00514	0.01029	0.01543	0.02186	0.77152	0.04072	0.05144	0.01115	0.00643	0.00171	0.00257	0.00986	0.00600	0.00514
6	0.01309	0.01535	0.14147	0.03064	0.65620	0.01291	0.01727	0.01682	0.01227	0.01772	0.01018	0.01318	0.00836	0.00491	0.00536	0.00164	0.00673	0.00473	0.00264	0.00854
7	0.01349	0.01295	0.02213	0.03346	0.77440	0.01295	0.01673	0.01673	0.01241	0.01781	0.01025	0.01349	0.00864	0.00486	0.00540	0.00162	0.00648	0.00486	0.00270	0.00864
8	0.00703	0.00522	0.00656	0.00690	0.00790	0.00475	0.00492	0.00872	0.01282	0.01725	0.33189	0.35549	0.18235	0.01408	0.00665	0.00194	0.00285	0.01248	0.00544	0.00475
9	0.01349	0.01295	0.02213	0.03346	0.77440	0.01295	0.01673	0.01673	0.01241	0.01781	0.01025	0.01349	0.00864	0.00486	0.00540	0.00162	0.00648	0.00486	0.00270	0.00864
10	0.80974	0.01076	0.00839	0.00741	0.01083	0.01244	0.00610	0.04933	0.01001	0.02491	0.00784	0.00905	0.00606	0.00513	0.00347	0.00168	0.00430	0.00304	0.00347	0.00606
11	0.33589	0.01702	0.01287	0.01099	0.01446	0.27027	0.00872	0.23026	0.01602	0.02361	0.00945	0.01039	0.00724	0.00567	0.00448	0.00158	0.00659	0.00370	0.00378	0.00701
12	0.01193	0.01193	0.01670	0.01431	0.01431	0.01670	0.01193	0.01312	0.00835	0.01312	0.00716	0.01193	0.00716	0.00954	0.01789	0.00239	0.79843	0.00477	0.00239	0.00596
13	0.00779	0.00584	0.00876	0.00876	0.00974	0.00681	0.00681	0.00974	0.00876	0.01266	0.01460	0.02142	0.01363	0.04089	0.78680	0.00876	0.01460	0.00584	0.00292	0.00487
14	0.00772	0.00557	0.00729	0.00686	0.00814	0.00514	0.00514	0.01029	0.01543	0.02186	0.77152	0.04072	0.05144	0.01115	0.00643	0.00171	0.00257	0.00986	0.00600	0.00514
15	0.02446	0.00928	0.01265	0.00970	0.01392	0.00801	0.00801	0.02657	0.01560	0.77817	0.02151	0.01856	0.01350	0.00675	0.00548	0.00169	0.00464	0.00548	0.00675	0.00928
16	0.01403	0.01194	0.01259	0.01119	0.01435	0.01378	0.00874	0.07647	0.71629	0.02356	0.02159	0.01987	0.01616	0.00734	0.00554	0.00184	0.00442	0.00608	0.00554	0.00867
17	0.01193	0.01193	0.01670	0.01431	0.01431	0.01670	0.01193	0.01312	0.00835	0.01312	0.00716	0.01193	0.00716	0.00954	0.01789	0.00239	0.79843	0.00477	0.00239	0.00596
18	0.71683	0.01173	0.00929	0.00808	0.01154	0.04462	0.00661	0.10235	0.01143	0.02515	0.00826	0.00939	0.00634	0.00526	0.00368	0.00167	0.00466	0.00320	0.00359	0.00631

[dist]
# distance from previous block
# <min> <max>
1	2

[block]
# block no. 1 follows, 44 sequences, length 8
# corresponding to MSA columns:
# 60-67
name=unknown_B
#
# <colnr> <probs for GDERKNQSTAVLIFYWHMCP>
#	G	D	E	R	K	N	Q	S	T	A	V	L	I	F	Y	W	H	M	C	P
0	0.01073	0.21716	0.01428	0.00825	0.01166	0.01013	0.00678	0.01253	0.01098	0.01530	0.01537	0.25358	0.01636	0.00819	0.00479	0.00133	0.00424	0.00690	0.00356	0.36787
1	0.01093	0.00910	0.01001	0.00931	0.01169	0.00992	0.00725	0.02061	0.43936	0.02100	0.19339	0.03232	0.12956	0.00968	0.00601	0.00187	0.00377	0.06165	0.00554	0.00704
2	0.25907	0.00881	0.00947	0.00771	0.01111	0.00828	0.00617	0.01528	0.01237	0.12560	0.20922	0.01925	0.01948	0.00657	0.00466	0.00142	0.00379	0.00519	0.00448	0.26206
3	0.01163	0.46254	0.01999	0.00908	0.01215	0.01518	0.00824	0.01347	0.01007	0.01275	0.01062	0.01424	0.00987	0.02036	0.34287	0.00446	0.00963	0.00418	0.00259	0.00607
4	0.01009	0.00840	0.01001	0.00795	0.01161	0.00653	0.00610	0.01213	0.01108	0.01676	0.01499	0.21809	0.01537	0.00744	0.00480	0.00117	0.00381	0.00643	0.00371	0.62355
5	0.01272	0.00906	0.01095	0.00814	0.01241	0.00708	0.00650	0.01512	0.01250	0.12890	0.11640	0.01641	0.01484	0.00541	0.00458	0.00106	0.00392	0.00447	0.00412	0.60540
6	0.00779	0.00584	0.00876	0.00876	0.00974	0.00681	0.00681	0.00974	0.00876	0.01266	0.01460	0.02142	0.01363	0.04089	0.78680	0.00876	0.01460	0.00584	0.00292	0.00487
7	0.01516	0.00947	0.01118	0.00954	0.01247	0.00979	0.00753	0.07813	0.28364	0.22023	0.25073	0.02556	0.02591	0.00831	0.00579	0.00175	0.00399	0.00702	0.00599	0.00778

[dist]
# distance from previous block
# <min> <max>
0	2

[block]
# block no. 2 follows, 44 sequences, length 8
# corresponding to MSA columns:
# 70-77
name=unknown_C
#
# <colnr> <probs for GDERKNQSTAVLIFYWHMCP>
#	G	D	E	R	K	N	Q	S	T	A	V	L	I	F	Y	W	H	M	C	P
0	0.02037	0.02598	0.01545	0.01404	0.01685	0.78652	0.01053	0.02177	0.01545	0.01334	0.00843	0.00983	0.00702	0.00562	0.00492	0.00140	0.00983	0.00351	0.00281	0.00632
1	0.01030	0.00969	0.01635	0.79530	0.03755	0.01211	0.01514	0.01393	0.01090	0.01393	0.00969	0.01453	0.00727	0.00545	0.00545	0.00182	0.00727	0.00484	0.00242	0.00606
2	0.73085	0.01036	0.00867	0.00753	0.01102	0.01163	0.00620	0.01751	0.01017	0.13082	0.00956	0.01023	0.00698	0.00530	0.00367	0.00169	0.00428	0.00331	0.00385	0.00638
3	0.00779	0.00584	0.00876	0.00876	0.00974	0.00681	0.00681	0.00974	0.00876	0.01266	0.01460	0.02142	0.01363	0.04089	0.78680	0.00876	0.01460	0.00584	0.00292	0.00487
4	0.02072	0.01527	0.01636	0.01254	0.01691	0.01691	0.01036	0.75622	0.02563	0.03436	0.01309	0.01309	0.00927	0.00654	0.00545	0.00164	0.00600	0.00491	0.00545	0.00927
5	0.01376	0.17208	0.01558	0.01074	0.01414	0.01517	0.00877	0.02643	0.61350	0.02081	0.01926	0.01802	0.01471	0.00685	0.00514	0.00171	0.00462	0.00551	0.00490	0.00830
6	0.18143	0.65108	0.02445	0.00890	0.01330	0.01970	0.00864	0.01626	0.01072	0.01516	0.00758	0.00877	0.00678	0.00474	0.00347	0.00127	0.00551	0.00292	0.00254	0.00678
7	0.67933	0.01408	0.16280	0.00885	0.01316	0.01232	0.00876	0.01627	0.00973	0.02302	0.00803	0.00939	0.00611	0.00508	0.00374	0.00169	0.00499	0.00317	0.00316	0.00634

[dist]
# distance from previous block
# <min> <max>
7	14

[block]
# block no. 3 follows, 44 sequences, length 14
# corresponding to MSA columns:
# 92-105
name=unknown_D
#
# <colnr> <probs for GDERKNQSTAVLIFYWHMCP>
#	G	D	E	R	K	N	Q	S	T	A	V	L	I	F	Y	W	H	M	C	P
0	0.01722	0.01215	0.01336	0.01120	0.01479	0.01339	0.00894	0.20517	0.45299	0.15884	0.01986	0.01826	0.01430	0.00708	0.00551	0.00177	0.00478	0.00574	0.00574	0.00890
1	0.01191	0.00698	0.00955	0.00895	0.01060	0.00718	0.00701	0.01364	0.01164	0.19976	0.06082	0.18906	0.08714	0.01928	0.20706	0.00374	0.07717	0.05783	0.00473	0.00595
2	0.09254	0.01309	0.01428	0.01114	0.01514	0.01410	0.00916	0.51287	0.02175	0.15077	0.07749	0.01590	0.01318	0.00683	0.00536	0.00166	0.00534	0.00524	0.00552	0.00863
3	0.28713	0.02237	0.52505	0.01277	0.01928	0.01252	0.01544	0.01686	0.01077	0.01964	0.00906	0.01063	0.00658	0.00514	0.00458	0.00171	0.00679	0.00367	0.00266	0.00735
4	0.00779	0.00584	0.00876	0.00876	0.00974	0.00681	0.00681	0.00974	0.00876	0.01266	0.01460	0.02142	0.01363	0.04089	0.78680	0.00876	0.01460	0.00584	0.00292	0.00487
5	0.01356	0.01171	0.01233	0.01109	0.01418	0.01356	0.00863	0.02897	0.76455	0.02281	0.02219	0.02034	0.01664	0.00740	0.00555	0.00185	0.00431	0.00616	0.00555	0.00863
6	0.00862	0.00564	0.00720	0.00712	0.00845	0.00510	0.00522	0.01051	0.01356	0.08189	0.38960	0.26267	0.14798	0.01289	0.00651	0.00188	0.00294	0.01137	0.00565	0.00520
7	0.01853	0.01116	0.01258	0.01059	0.01416	0.03843	0.00843	0.02767	0.41330	0.35007	0.02141	0.01920	0.01494	0.00705	0.00550	0.00176	0.00465	0.00577	0.00597	0.00883
8	0.01434	0.01601	0.01857	0.01503	0.01753	0.22645	0.15307	0.01641	0.01158	0.01466	0.00860	0.01180	0.00746	0.00675	0.01021	0.00179	0.32018	0.00453	0.00269	0.12233
9	0.01111	0.06537	0.74450	0.01524	0.02314	0.01308	0.01963	0.01722	0.01149	0.01705	0.00968	0.01138	0.00691	0.00516	0.00510	0.00170	0.00795	0.00398	0.00230	0.00801
10	0.00947	0.00842	0.01384	0.53544	0.02836	0.01036	0.01239	0.01254	0.01019	0.01351	0.01131	0.01681	0.00937	0.01716	0.26360	0.00411	0.00969	0.00517	0.00259	0.00566
11	0.04576	0.00844	0.00961	0.00784	0.01126	0.00740	0.00620	0.01582	0.09573	0.15042	0.06276	0.02710	0.23904	0.00816	0.00526	0.00146	0.00373	0.00671	0.00478	0.28251
12	0.01484	0.01112	0.01279	0.01080	0.01379	0.01238	0.00867	0.32197	0.16875	0.04457	0.01556	0.01740	0.01228	0.01800	0.26358	0.00401	0.00841	0.00544	0.00461	0.03103
13	0.01379	0.01122	0.01262	0.00942	0.01400	0.01016	0.00760	0.19539	0.08071	0.02224	0.01161	0.01253	0.00912	0.00494	0.00451	0.00110	0.00454	0.00389	0.00397	0.56664

[dist]
# distance from previous block
# <min> <max>
3	9

[block]
# block no. 4 follows, 44 sequences, length 6
# corresponding to MSA columns:
# 115-120
name=unknown_E
#
# <colnr> <probs for GDERKNQSTAVLIFYWHMCP>
#	G	D	E	R	K	N	Q	S	T	A	V	L	I	F	Y	W	H	M	C	P
0	0.04302	0.01197	0.01900	0.30875	0.02658	0.01284	0.18752	0.14511	0.05372	0.04215	0.01153	0.01424	0.00856	0.00543	0.00548	0.00169	0.00685	0.00510	0.00343	0.08705
1	0.15524	0.01675	0.01452	0.01179	0.01565	0.19771	0.00947	0.42348	0.01982	0.02692	0.01091	0.01154	0.00813	0.00595	0.00491	0.00155	0.00651	0.00417	0.00437	0.05061
2	0.12450	0.07210	0.14690	0.31682	0.02636	0.01358	0.11970	0.01538	0.01084	0.01627	0.00922	0.01262	0.00714	0.00556	0.00629	0.00179	0.08123	0.00453	0.00257	0.00662
3	0.01402	0.01329	0.02139	0.02291	0.31166	0.01449	0.15525	0.11710	0.06806	0.01935	0.01099	0.01383	0.00892	0.00622	0.00828	0.00184	0.17601	0.00524	0.00322	0.00791
4	0.07734	0.01268	0.01698	0.02058	0.33771	0.05057	0.01226	0.11678	0.03347	0.07435	0.03339	0.01613	0.05257	0.00664	0.00702	0.00175	0.11313	0.00522	0.00367	0.00777
5	0.12332	0.00912	0.01297	0.27533	0.02093	0.00979	0.04583	0.01333	0.01036	0.01613	0.01065	0.01467	0.00886	0.01356	0.19308	0.00323	0.00795	0.00452	0.00288	0.20350

[dist]
# distance from previous block
# <min> <max>
1	36

[block]
# block no. 5 follows, 44 sequences, length 10
# corresponding to MSA columns:
# 157-166
name=unknown_F
#
# <colnr> <probs for GDERKNQSTAVLIFYWHMCP>
#	G	D	E	R	K	N	Q	S	T	A	V	L	I	F	Y	W	H	M	C	P
0	0.01326	0.29346	0.01692	0.00950	0.01250	0.14137	0.00801	0.05070	0.06971	0.01793	0.28557	0.02156	0.02391	0.00746	0.00504	0.00148	0.00521	0.00586	0.00412	0.00644
1	0.04838	0.01703	0.01164	0.01056	0.01317	0.40566	0.00802	0.08034	0.01499	0.01612	0.02574	0.02551	0.28413	0.00864	0.00545	0.00159	0.00671	0.00650	0.00388	0.00594
2	0.54319	0.00884	0.00828	0.00775	0.01025	0.01027	0.00623	0.01375	0.00909	0.02019	0.01013	0.01340	0.00870	0.01803	0.28694	0.00425	0.00798	0.00400	0.00321	0.00553
3	0.54774	0.01613	0.01070	0.00966	0.01283	0.29249	0.00758	0.01810	0.01151	0.02044	0.00789	0.00921	0.00631	0.00526	0.00393	0.00158	0.00625	0.00315	0.00317	0.00605
4	0.01187	0.01151	0.01886	0.01347	0.01856	0.00963	0.27725	0.01508	0.01187	0.01766	0.01017	0.01254	0.00815	0.00424	0.00490	0.00118	0.00590	0.00439	0.00306	0.53972
5	0.01145	0.01087	0.01844	0.51955	0.30425	0.01242	0.01572	0.01494	0.01145	0.01533	0.00989	0.01416	0.00776	0.00524	0.00543	0.00175	0.00698	0.00485	0.00252	0.00699
6	0.01274	0.00914	0.01091	0.00872	0.01170	0.00850	0.00671	0.17712	0.01298	0.01847	0.01037	0.01361	0.00885	0.00999	0.01060	0.30524	0.00473	0.00415	0.00341	0.35204
7	0.01174	0.00855	0.00996	0.00938	0.01116	0.00894	0.00698	0.27856	0.01594	0.02132	0.02391	0.51827	0.02636	0.01327	0.00641	0.00200	0.00419	0.01167	0.00520	0.00618
8	0.02056	0.02025	0.01594	0.01324	0.01688	0.37486	0.01044	0.41462	0.02090	0.02458	0.01092	0.01157	0.00823	0.00611	0.00520	0.00153	0.00778	0.00426	0.00422	0.00790
9	0.61043	0.01190	0.01040	0.00871	0.01236	0.01357	0.00718	0.22789	0.01396	0.02729	0.00916	0.01007	0.00687	0.00549	0.00397	0.00167	0.00473	0.00351	0.00397	0.00687

[dist]
# distance from previous block
# <min> <max>
0	4

[block]
# block no. 6 follows, 44 sequences, length 15
# corresponding to MSA columns:
# 171-185
name=unknown_G
#
# <colnr> <probs for GDERKNQSTAVLIFYWHMCP>
#	G	D	E	R	K	N	Q	S	T	A	V	L	I	F	Y	W	H	M	C	P
0	0.01382	0.01158	0.01635	0.53082	0.03057	0.01373	0.01353	0.26474	0.01588	0.02083	0.01084	0.01405	0.00794	0.00582	0.00545	0.00176	0.00684	0.00487	0.00345	0.00714
1	0.01472	0.01094	0.01816	0.01326	0.01794	0.00942	0.25681	0.01771	0.01299	0.20685	0.01666	0.01749	0.06959	0.00567	0.00539	0.00145	0.00581	0.00551	0.00409	0.28954
2	0.01183	0.01138	0.01835	0.01311	0.01818	0.00947	0.25924	0.01499	0.01183	0.01766	0.01014	0.01245	0.00814	0.00423	0.00485	0.00116	0.00578	0.00431	0.00307	0.55981
3	0.01426	0.00988	0.01172	0.00881	0.01329	0.00828	0.00707	0.01840	0.11533	0.17124	0.01378	0.01400	0.01034	0.00504	0.00453	0.00113	0.00420	0.00408	0.00425	0.56037
4	0.01030	0.00969	0.01635	0.79530	0.03755	0.01211	0.01514	0.01393	0.01090	0.01393	0.00969	0.01453	0.00727	0.00545	0.00545	0.00182	0.00727	0.00484	0.00242	0.00606
5	0.02113	0.00968	0.01242	0.00968	0.01382	0.00871	0.00789	0.02519	0.12254	0.56754	0.02002	0.01784	0.01322	0.00648	0.00530	0.00159	0.00451	0.00528	0.00610	0.12106
6	0.01007	0.00816	0.00952	0.00748	0.01071	0.00654	0.00552	0.01174	0.01035	0.01558	0.01316	0.07574	0.01323	0.21800	0.01053	0.00210	0.00430	0.00537	0.00338	0.55852
7	0.02072	0.01527	0.01636	0.01254	0.01691	0.01691	0.01036	0.75622	0.02563	0.03436	0.01309	0.01309	0.00927	0.00654	0.00545	0.00164	0.00600	0.00491	0.00545	0.00927
8	0.02157	0.00992	0.01257	0.01007	0.01399	0.00948	0.00818	0.02720	0.21394	0.57814	0.02169	0.01903	0.01433	0.00692	0.00550	0.00173	0.00455	0.00566	0.00643	0.00911
9	0.00664	0.00474	0.00633	0.00759	0.00791	0.00443	0.00506	0.00759	0.01044	0.01392	0.03005	0.80485	0.03606	0.01708	0.00696	0.00221	0.00316	0.01550	0.00506	0.00443
10	0.01928	0.01456	0.01555	0.01225	0.01636	0.01623	0.01001	0.61010	0.17410	0.03204	0.01492	0.01455	0.01075	0.00672	0.00547	0.00168	0.00566	0.00516	0.00547	0.00914
11	0.00779	0.00584	0.00876	0.00876	0.00974	0.00681	0.00681	0.00974	0.00876	0.01266	0.01460	0.02142	0.01363	0.04089	0.78680	0.00876	0.01460	0.00584	0.00292	0.00487
12	0.01458	0.81168	0.02857	0.00933	0.01399	0.02157	0.00933	0.01632	0.01108	0.01283	0.00758	0.00875	0.00700	0.00466	0.00350	0.00117	0.00583	0.00292	0.00233	0.00700
13	0.01253	0.01370	0.02659	0.01985	0.02338	0.01484	0.48693	0.01590	0.01124	0.01590	0.00963	0.01370	0.00787	0.00638	0.01056	0.00204	0.29364	0.00583	0.00262	0.00685
14	0.59878	0.01016	0.00941	0.00793	0.01156	0.01096	0.00654	0.01921	0.01119	0.25185	0.01179	0.01178	0.00819	0.00557	0.00401	0.00169	0.00434	0.00372	0.00439	0.00692

[dist]
# distance from previous block
# <min> <max>
1	12

[block]
# block no. 7 follows, 44 sequences, length 27
# corresponding to MSA columns:
# 199-225
name=unknown_H
#
# <colnr> <probs for GDERKNQSTAVLIFYWHMCP>
#	G	D	E	R	K	N	Q	S	T	A	V	L	I	F	Y	W	H	M	C	P
0	0.01342	0.56256	0.26755	0.01130	0.01705	0.01874	0.01277	0.01662	0.01122	0.01424	0.00828	0.00962	0.00697	0.00483	0.00403	0.00134	0.00654	0.00327	0.00232	0.00733
1	0.05657	0.00963	0.01147	0.00963	0.01294	0.00975	0.00768	0.02437	0.28453	0.35188	0.13940	0.02224	0.02025	0.00760	0.00556	0.00175	0.00418	0.00630	0.00604	0.00823
2	0.71660	0.01129	0.00933	0.00802	0.01155	0.01297	0.00661	0.13277	0.01186	0.02602	0.00846	0.00952	0.00644	0.00529	0.00370	0.00168	0.00450	0.00326	0.00370	0.00644
3	0.02072	0.01527	0.01636	0.01254	0.01691	0.01691	0.01036	0.75622	0.02563	0.03436	0.01309	0.01309	0.00927	0.00654	0.00545	0.00164	0.00600	0.00491	0.00545	0.00927
4	0.01400	0.68811	0.14711	0.01031	0.01551	0.02017	0.01103	0.01647	0.01115	0.01353	0.00793	0.00918	0.00698	0.00475	0.00376	0.00125	0.00618	0.00309	0.00233	0.00716
5	0.00644	0.00552	0.00552	0.00552	0.00736	0.00460	0.00414	0.00782	0.01243	0.01473	0.05523	0.05247	0.77218	0.01381	0.00644	0.00184	0.00276	0.01151	0.00506	0.00460
6	0.00779	0.00584	0.00876	0.00876	0.00974	0.00681	0.00681	0.00974	0.00876	0.01266	0.01460	0.02142	0.01363	0.04089	0.78680	0.00876	0.01460	0.00584	0.00292	0.00487
7	0.00772	0.00557	0.00729	0.00686	0.00814	0.00514	0.00514	0.01029	0.01543	0.02186	0.77152	0.04072	0.05144	0.01115	0.00643	0.00171	0.00257	0.00986	0.00600	0.00514
8	0.01356	0.01171	0.01233	0.01109	0.01418	0.01356	0.00863	0.02897	0.76455	0.02281	0.02219	0.02034	0.01664	0.00740	0.00555	0.00185	0.00431	0.00616	0.00555	0.00863
9	0.02072	0.01527	0.01636	0.01254	0.01691	0.01691	0.01036	0.75622	0.02563	0.03436	0.01309	0.01309	0.00927	0.00654	0.00545	0.00164	0.00600	0.00491	0.00545	0.00927
10	0.02446	0.00928	0.01265	0.00970	0.01392	0.00801	0.00801	0.02657	0.01560	0.77817	0.02151	0.01856	0.01350	0.00675	0.00548	0.00169	0.00464	0.00548	0.00675	0.00928
11	0.02446	0.00928	0.01265	0.00970	0.01392	0.00801	0.00801	0.02657	0.01560	0.77817	0.02151	0.01856	0.01350	0.00675	0.00548	0.00169	0.00464	0.00548	0.00675	0.00928
12	0.00779	0.00584	0.00876	0.00876	0.00974	0.00681	0.00681	0.00974	0.00876	0.01266	0.01460	0.02142	0.01363	0.04089	0.78680	0.00876	0.01460	0.00584	0.00292	0.00487
13	0.01349	0.01295	0.02213	0.03346	0.77440	0.01295	0.01673	0.01673	0.01241	0.01781	0.01025	0.01349	0.00864	0.00486	0.00540	0.00162	0.00648	0.00486	0.00270	0.00864
14	0.02233	0.01226	0.13371	0.01062	0.01544	0.00875	0.00993	0.02510	0.01496	0.65816	0.01966	0.01744	0.01246	0.00650	0.00543	0.00169	0.00518	0.00525	0.00605	0.00909
15	0.01130	0.00969	0.01130	0.00807	0.01292	0.00727	0.00646	0.01373	0.01130	0.01776	0.00969	0.01130	0.00807	0.00404	0.00404	0.00081	0.00404	0.00323	0.00323	0.84173
16	0.02072	0.01527	0.01636	0.01254	0.01691	0.01691	0.01036	0.75622	0.02563	0.03436	0.01309	0.01309	0.00927	0.00654	0.00545	0.00164	0.00600	0.00491	0.00545	0.00927
17	0.01093	0.02820	0.78016	0.01554	0.02360	0.01266	0.02014	0.01727	0.01151	0.01727	0.00978	0.01151	0.00691	0.00518	0.00518	0.00173	0.00806	0.00403	0.00230	0.00806
18	0.00645	0.00549	0.00556	0.00561	0.00739	0.00460	0.00418	0.00781	0.01234	0.01469	0.05420	0.08329	0.74203	0.01394	0.00646	0.00186	0.00278	0.01167	0.00506	0.00460
19	0.02072	0.01527	0.01636	0.01254	0.01691	0.01691	0.01036	0.75622	0.02563	0.03436	0.01309	0.01309	0.00927	0.00654	0.00545	0.00164	0.00600	0.00491	0.00545	0.00927
20	0.01030	0.00969	0.01635	0.79530	0.03755	0.01211	0.01514	0.01393	0.01090	0.01393	0.00969	0.01453	0.00727	0.00545	0.00545	0.00182	0.00727	0.00484	0.00242	0.00606
21	0.00779	0.00584	0.00876	0.00876	0.00974	0.00681	0.00681	0.00974	0.00876	0.01266	0.01460	0.02142	0.01363	0.04089	0.78680	0.00876	0.01460	0.00584	0.00292	0.00487
22	0.02072	0.01527	0.01636	0.01254	0.01691	0.01691	0.01036	0.75622	0.02563	0.03436	0.01309	0.01309	0.00927	0.00654	0.00545	0.00164	0.00600	0.00491	0.00545	0.00927
23	0.01722	0.01177	0.02007	0.01527	0.01872	0.01230	0.24965	0.01987	0.01269	0.31902	0.01412	0.01546	0.01004	0.00684	0.00926	0.00193	0.22820	0.00559	0.00424	0.00773
24	0.01133	0.01125	0.01641	0.51451	0.02933	0.05506	0.01391	0.01410	0.01036	0.01365	0.00885	0.01349	0.00722	0.00671	0.00923	0.00197	0.24939	0.00475	0.00243	0.00604
25	0.01094	0.00969	0.01312	0.29109	0.02177	0.00901	0.00958	0.01380	0.01116	0.01639	0.00969	0.01247	0.00778	0.00455	0.00455	0.00117	0.00520	0.00381	0.00294	0.54130
26	0.01252	0.01071	0.01367	0.01130	0.01418	0.07663	0.12493	0.01840	0.19942	0.08298	0.30116	0.02659	0.04544	0.00822	0.00594	0.00172	0.00489	0.00736	0.00507	0.02887

[dist]
# distance from previous block
# <min> <max>
1	10

[block]
# block no. 8 follows, 44 sequences, length 19
# corresponding to MSA columns:
# 236-254
name=unknown_I
#
# <colnr> <probs for GDERKNQSTAVLIFYWHMCP>
#	G	D	E	R	K	N	Q	S	T	A	V	L	I	F	Y	W	H	M	C	P
0	0.01348	0.01139	0.01635	0.55636	0.03125	0.01358	0.01368	0.24052	0.01540	0.02017	0.01073	0.01409	0.00788	0.00578	0.00545	0.00176	0.00688	0.00486	0.00335	0.00704
1	0.51110	0.01035	0.01113	0.24809	0.01921	0.01206	0.00900	0.03949	0.01071	0.07132	0.00932	0.01136	0.00693	0.00534	0.00421	0.00172	0.00523	0.00376	0.00337	0.00628
2	0.33769	0.00978	0.01081	0.00865	0.01258	0.00958	0.00712	0.02185	0.01296	0.44947	0.01556	0.01446	0.01031	0.00596	0.00460	0.00164	0.00445	0.00440	0.00527	0.05288
3	0.01329	0.01086	0.01237	0.00902	0.01376	0.00930	0.00728	0.17006	0.01432	0.02126	0.01041	0.01168	0.00833	0.00457	0.00434	0.00098	0.00445	0.00358	0.00370	0.66646
4	0.01064	0.01016	0.01642	0.63087	0.03266	0.01308	0.01446	0.01376	0.01036	0.01376	0.00916	0.01399	0.00724	0.00631	0.00807	0.00194	0.17384	0.00483	0.00241	0.00604
5	0.02072	0.01527	0.01636	0.01254	0.01691	0.01691	0.01036	0.75622	0.02563	0.03436	0.01309	0.01309	0.00927	0.00654	0.00545	0.00164	0.00600	0.00491	0.00545	0.00927
6	0.00772	0.00557	0.00729	0.00686	0.00814	0.00514	0.00514	0.01029	0.01543	0.02186	0.77152	0.04072	0.05144	0.01115	0.00643	0.00171	0.00257	0.00986	0.00600	0.00514
7	0.00779	0.00584	0.00876	0.00876	0.00974	0.00681	0.00681	0.00974	0.00876	0.01266	0.01460	0.02142	0.01363	0.04089	0.78680	0.00876	0.01460	0.00584	0.00292	0.00487
8	0.02072	0.01527	0.01636	0.01254	0.01691	0.01691	0.01036	0.75622	0.02563	0.03436	0.01309	0.01309	0.00927	0.00654	0.00545	0.00164	0.00600	0.00491	0.00545	0.00927
9	0.00787	0.00568	0.00751	0.00732	0.00861	0.00531	0.00568	0.01044	0.01501	0.02105	0.66278	0.04377	0.04850	0.01172	0.00659	0.00183	0.00293	0.11643	0.00586	0.00513
10	0.02446	0.00928	0.01265	0.00970	0.01392	0.00801	0.00801	0.02657	0.01560	0.77817	0.02151	0.01856	0.01350	0.00675	0.00548	0.00169	0.00464	0.00548	0.00675	0.00928
11	0.02072	0.01527	0.01636	0.01254	0.01691	0.01691	0.01036	0.75622	0.02563	0.03436	0.01309	0.01309	0.00927	0.00654	0.00545	0.00164	0.00600	0.00491	0.00545	0.00927
12	0.01356	0.01171	0.01233	0.01109	0.01418	0.01356	0.00863	0.02897	0.76455	0.02281	0.02219	0.02034	0.01664	0.00740	0.00555	0.00185	0.00431	0.00616	0.00555	0.00863
13	0.02446	0.00928	0.01265	0.00970	0.01392	0.00801	0.00801	0.02657	0.01560	0.77817	0.02151	0.01856	0.01350	0.00675	0.00548	0.00169	0.00464	0.00548	0.00675	0.00928
14	0.01349	0.01295	0.02213	0.03346	0.77440	0.01295	0.01673	0.01673	0.01241	0.01781	0.01025	0.01349	0.00864	0.00486	0.00540	0.00162	0.00648	0.00486	0.00270	0.00864
15	0.01356	0.01171	0.01233	0.01109	0.01418	0.01356	0.00863	0.02897	0.76455	0.02281	0.02219	0.02034	0.01664	0.00740	0.00555	0.00185	0.00431	0.00616	0.00555	0.00863
16	0.84691	0.01054	0.00801	0.00717	0.01054	0.01223	0.00590	0.01603	0.00928	0.02446	0.00759	0.00886	0.00590	0.00506	0.00337	0.00169	0.00422	0.00295	0.00337	0.00590
17	0.01073	0.01041	0.01830	0.63171	0.03461	0.01203	0.12144	0.01443	0.01121	0.01469	0.00988	0.01435	0.00747	0.00523	0.00550	0.00175	0.00733	0.00497	0.00252	0.06142
18	0.02072	0.01527	0.01636	0.01254	0.01691	0.01691	0.01036	0.75622	0.02563	0.03436	0.01309	0.01309	0.00927	0.00654	0.00545	0.00164	0.00600	0.00491	0.00545	0.00927

[dist]
# distance from previous block
# <min> <max>
0	3

[block]
# block no. 9 follows, 44 sequences, length 52
# corresponding to MSA columns:
# 261-312
name=unknown_J
#
# <colnr> <probs for GDERKNQSTAVLIFYWHMCP>
#	G	D	E	R	K	N	Q	S	T	A	V	L	I	F	Y	W	H	M	C	P
0	0.01589	0.01287	0.01364	0.01157	0.01507	0.01465	0.00919	0.26574	0.52398	0.02657	0.01923	0.01798	0.01424	0.00712	0.00552	0.00178	0.00486	0.00576	0.00552	0.00884
1	0.01278	0.01099	0.01365	0.26637	0.02178	0.01295	0.01073	0.02401	0.50003	0.03923	0.01810	0.01840	0.01351	0.00675	0.00551	0.00183	0.00528	0.00572	0.00456	0.00781
2	0.01149	0.01090	0.01850	0.51166	0.31188	0.01243	0.01573	0.01497	0.01146	0.01537	0.00990	0.01415	0.00778	0.00523	0.00543	0.00174	0.00697	0.00485	0.00253	0.00702
3	0.01085	0.01049	0.01689	0.54127	0.03037	0.01353	0.03441	0.01378	0.01019	0.01378	0.00897	0.01376	0.00726	0.00665	0.00919	0.00199	0.24325	0.00487	0.00242	0.00606
4	0.84691	0.01054	0.00801	0.00717	0.01054	0.01223	0.00590	0.01603	0.00928	0.02446	0.00759	0.00886	0.00590	0.00506	0.00337	0.00169	0.00422	0.00295	0.00337	0.00590
5	0.02471	0.01111	0.01410	0.01152	0.01543	0.00954	0.00899	0.02588	0.01745	0.63283	0.13130	0.02599	0.02181	0.00953	0.00703	0.00230	0.00549	0.00714	0.00759	0.01025
6	0.01349	0.01295	0.02213	0.03346	0.77440	0.01295	0.01673	0.01673	0.01241	0.01781	0.01025	0.01349	0.00864	0.00486	0.00540	0.00162	0.00648	0.00486	0.00270	0.00864
7	0.00696	0.00552	0.00626	0.00613	0.00770	0.00481	0.00458	0.00881	0.01357	0.01758	0.34332	0.07397	0.45575	0.01285	0.00646	0.00180	0.00270	0.01098	0.00544	0.00481
8	0.01133	0.11271	0.69908	0.01487	0.02256	0.01362	0.01898	0.01716	0.01146	0.01679	0.00955	0.01121	0.00692	0.00512	0.00500	0.00167	0.00782	0.00391	0.00231	0.00794
9	0.01866	0.01057	0.01248	0.01044	0.01405	0.01096	0.00834	0.02785	0.41381	0.37655	0.02187	0.01950	0.01517	0.00709	0.00552	0.00177	0.00447	0.00584	0.00611	0.00893
10	0.00879	0.00628	0.00879	0.01004	0.01130	0.00628	0.00879	0.01130	0.01255	0.01632	0.02887	0.06150	0.03138	0.01506	0.00753	0.00251	0.00502	0.73770	0.00502	0.00502
11	0.02072	0.01527	0.01636	0.01254	0.01691	0.01691	0.01036	0.75622	0.02563	0.03436	0.01309	0.01309	0.00927	0.00654	0.00545	0.00164	0.00600	0.00491	0.00545	0.00927
12	0.02446	0.00928	0.01265	0.00970	0.01392	0.00801	0.00801	0.02657	0.01560	0.77817	0.02151	0.01856	0.01350	0.00675	0.00548	0.00169	0.00464	0.00548	0.00675	0.00928
13	0.01130	0.00969	0.01130	0.00807	0.01292	0.00727	0.00646	0.01373	0.01130	0.01776	0.00969	0.01130	0.00807	0.00404	0.00404	0.00081	0.00404	0.00323	0.00323	0.84173
14	0.02037	0.02598	0.01545	0.01404	0.01685	0.78652	0.01053	0.02177	0.01545	0.01334	0.00843	0.00983	0.00702	0.00562	0.00492	0.00140	0.00983	0.00351	0.00281	0.00632
15	0.01130	0.00969	0.01130	0.00807	0.01292	0.00727	0.00646	0.01373	0.01130	0.01776	0.00969	0.01130	0.00807	0.00404	0.00404	0.00081	0.00404	0.00323	0.00323	0.84173
16	0.00793	0.00529	0.00595	0.00595	0.00595	0.00529	0.00330	0.00793	0.00793	0.01057	0.01718	0.03568	0.01982	0.80840	0.02775	0.00529	0.00529	0.00793	0.00330	0.00330
17	0.01356	0.00766	0.00770	0.00756	0.00909	0.00718	0.00542	0.01508	0.01352	0.02319	0.02072	0.02450	0.01684	0.00853	0.00532	0.00190	0.00380	0.00614	0.79544	0.00687
18	0.01181	0.00999	0.01157	0.00831	0.01313	0.00778	0.00667	0.05316	0.01207	0.01865	0.00987	0.01140	0.00814	0.00417	0.00411	0.00085	0.00414	0.00332	0.00335	0.79752
19	0.01986	0.02610	0.05606	0.01412	0.01721	0.74542	0.01104	0.02153	0.01524	0.01355	0.00850	0.00992	0.00702	0.00559	0.00493	0.00142	0.00974	0.00354	0.00278	0.00641
20	0.00766	0.00554	0.00692	0.00657	0.00794	0.00506	0.00493	0.01006	0.01479	0.02076	0.62925	0.04132	0.15233	0.01127	0.00629	0.00171	0.00260	0.00984	0.05009	0.00506
21	0.01346	0.01305	0.02266	0.03291	0.73478	0.01300	0.05592	0.01677	0.01244	0.01779	0.01030	0.01356	0.00862	0.00484	0.00545	0.00163	0.00662	0.00494	0.00270	0.00857
22	0.84691	0.01054	0.00801	0.00717	0.01054	0.01223	0.00590	0.01603	0.00928	0.02446	0.00759	0.00886	0.00590	0.00506	0.00337	0.00169	0.00422	0.00295	0.00337	0.00590
23	0.00772	0.00557	0.00729	0.00686	0.00814	0.00514	0.00514	0.01029	0.01543	0.02186	0.77152	0.04072	0.05144	0.01115	0.00643	0.00171	0.00257	0.00986	0.00600	0.00514
24	0.01016	0.00508	0.00508	0.00508	0.00635	0.00508	0.00381	0.01270	0.01143	0.02033	0.01778	0.02033	0.01397	0.00635	0.00381	0.00127	0.00254	0.00508	0.83867	0.00508
25	0.01016	0.00508	0.00508	0.00508	0.00635	0.00508	0.00381	0.01270	0.01143	0.02033	0.01778	0.02033	0.01397	0.00635	0.00381	0.00127	0.00254	0.00508	0.83867	0.00508
26	0.00664	0.00474	0.00633	0.00759	0.00791	0.00443	0.00506	0.00759	0.01044	0.01392	0.03005	0.80485	0.03606	0.01708	0.00696	0.00221	0.00316	0.01550	0.00506	0.00443
27	0.00892	0.00643	0.00889	0.01007	0.01138	0.00649	0.00878	0.01181	0.03453	0.01650	0.02867	0.06029	0.03094	0.01484	0.00747	0.00249	0.00500	0.71632	0.00504	0.00513
28	0.00664	0.00474	0.00633	0.00759	0.00791	0.00443	0.00506	0.00759	0.01044	0.01392	0.03005	0.80485	0.03606	0.01708	0.00696	0.00221	0.00316	0.01550	0.00506	0.00443
29	0.00664	0.00474	0.00633	0.00759	0.00791	0.00443	0.00506	0.00759	0.01044	0.01392	0.03005	0.80485	0.03606	0.01708	0.00696	0.00221	0.00316	0.01550	0.00506	0.00443
30	0.00664	0.00474	0.00633	0.00759	0.00791	0.00443	0.00506	0.00759	0.01044	0.01392	0.03005	0.80485	0.03606	0.01708	0.00696	0.00221	0.00316	0.01550	0.00506	0.00443
31	0.02037	0.02598	0.01545	0.01404	0.01685	0.78652	0.01053	0.02177	0.01545	0.01334	0.00843	0.00983	0.00702	0.00562	0.00492	0.00140	0.00983	0.00351	0.00281	0.00632
32	0.00664	0.00474	0.00633	0.00759	0.00791	0.00443	0.00506	0.00759	0.01044	0.01392	0.03005	0.80485	0.03606	0.01708	0.00696	0.00221	0.00316	0.01550	0.00506	0.00443
33	0.84691	0.01054	0.00801	0.00717	0.01054	0.01223	0.00590	0.01603	0.00928	0.02446	0.00759	0.00886	0.00590	0.00506	0.00337	0.00169	0.00422	0.00295	0.00337	0.00590
34	0.00664	0.00474	0.00633	0.00759	0.00791	0.00443	0.00506	0.00759	0.01044	0.01392	0.03005	0.80485	0.03606	0.01708	0.00696	0.00221	0.00316	0.01550	0.00506	0.00443
35	0.00644	0.00552	0.00552	0.00552	0.00736	0.00460	0.00414	0.00782	0.01243	0.01473	0.05523	0.05247	0.77218	0.01381	0.00644	0.00184	0.00276	0.01151	0.00506	0.00460
36	0.00664	0.00474	0.00633	0.00759	0.00791	0.00443	0.00506	0.00759	0.01044	0.01392	0.03005	0.80485	0.03606	0.01708	0.00696	0.00221	0.00316	0.01550	0.00506	0.00443
37	0.00738	0.00556	0.00682	0.00651	0.00794	0.00500	0.00488	0.00964	0.01464	0.01999	0.58325	0.04381	0.24088	0.01185	0.00643	0.00175	0.00262	0.01029	0.00575	0.00500
38	0.01356	0.01171	0.01233	0.01109	0.01418	0.01356	0.00863	0.02897	0.76455	0.02281	0.02219	0.02034	0.01664	0.00740	0.00555	0.00185	0.00431	0.00616	0.00555	0.00863
39	0.00664	0.00474	0.00633	0.00759	0.00791	0.00443	0.00506	0.00759	0.01044	0.01392	0.03005	0.80485	0.03606	0.01708	0.00696	0.00221	0.00316	0.01550	0.00506	0.00443
40	0.84691	0.01054	0.00801	0.00717	0.01054	0.01223	0.00590	0.01603	0.00928	0.02446	0.00759	0.00886	0.00590	0.00506	0.00337	0.00169	0.00422	0.00295	0.00337	0.00590
41	0.00793	0.00529	0.00595	0.00595	0.00595	0.00529	0.00330	0.00793	0.00793	0.01057	0.01718	0.03568	0.01982	0.80840	0.02775	0.00529	0.00529	0.00793	0.00330	0.00330
42	0.00772	0.00557	0.00729	0.00686	0.00814	0.00514	0.00514	0.01029	0.01543	0.02186	0.77152	0.04072	0.05144	0.01115	0.00643	0.00171	0.00257	0.00986	0.00600	0.00514
43	0.00648	0.00552	0.00557	0.00556	0.00739	0.00462	0.00417	0.00790	0.01251	0.01494	0.07635	0.05212	0.75093	0.01373	0.00644	0.00184	0.00276	0.01146	0.00509	0.00462
44	0.00772	0.00557	0.00729	0.00686	0.00814	0.00514	0.00514	0.01029	0.01543	0.02186	0.77152	0.04072	0.05144	0.01115	0.00643	0.00171	0.00257	0.00986	0.00600	0.00514
45	0.00806	0.00580	0.00778	0.00789	0.00917	0.00551	0.00633	0.01062	0.01449	0.02006	0.52974	0.04749	0.04491	0.01242	0.00679	0.00197	0.00337	0.24682	0.00568	0.00510
46	0.01287	0.01471	0.03217	0.02298	0.02849	0.01379	0.75460	0.01746	0.01287	0.01746	0.01103	0.01471	0.00827	0.00460	0.00643	0.00184	0.00919	0.00643	0.00276	0.00735
47	0.00793	0.00529	0.00595	0.00595	0.00595	0.00529	0.00330	0.00793	0.00793	0.01057	0.01718	0.03568	0.01982	0.80840	0.02775	0.00529	0.00529	0.00793	0.00330	0.00330
48	0.00811	0.00598	0.00877	0.00918	0.01024	0.00664	0.00746	0.01024	0.01000	0.01385	0.01925	0.03447	0.01941	0.03248	0.53310	0.00673	0.01148	0.24411	0.00360	0.00492
49	0.01115	0.07404	0.73618	0.01518	0.02303	0.01318	0.01951	0.01721	0.01148	0.01701	0.00965	0.01135	0.00691	0.00515	0.00508	0.00169	0.00793	0.00396	0.00230	0.00800
50	0.01130	0.00969	0.01130	0.00807	0.01292	0.00727	0.00646	0.01373	0.01130	0.01776	0.00969	0.01130	0.00807	0.00404	0.00404	0.00081	0.00404	0.00323	0.00323	0.84173
51	0.00712	0.00517	0.00675	0.00755	0.00818	0.00490	0.00520	0.00893	0.03783	0.01597	0.19253	0.60976	0.03876	0.01544	0.00679	0.00209	0.00307	0.01394	0.00528	0.00473

[dist]
# distance from previous block
# <min> <max>
0	3

[block]
# block no. 10 follows, 44 sequences, length 54
# corresponding to MSA columns:
# 316-369
name=unknown_K
#
# <colnr> <probs for GDERKNQSTAVLIFYWHMCP>
#	G	D	E	R	K	N	Q	S	T	A	V	L	I	F	Y	W	H	M	C	P
0	0.00653	0.00553	0.00564	0.00561	0.00742	0.00464	0.00421	0.00799	0.01263	0.01521	0.10374	0.05167	0.72337	0.01363	0.00644	0.00183	0.00275	0.01139	0.00513	0.00464
1	0.00664	0.00474	0.00633	0.00759	0.00791	0.00443	0.00506	0.00759	0.01044	0.01392	0.03005	0.80485	0.03606	0.01708	0.00696	0.00221	0.00316	0.01550	0.00506	0.00443
2	0.84691	0.01054	0.00801	0.00717	0.01054	0.01223	0.00590	0.01603	0.00928	0.02446	0.00759	0.00886	0.00590	0.00506	0.00337	0.00169	0.00422	0.00295	0.00337	0.00590
3	0.00691	0.00554	0.00617	0.00602	0.00765	0.00480	0.00451	0.00873	0.01354	0.01736	0.31968	0.04813	0.50608	0.01282	0.00644	0.00179	0.00269	0.01090	0.00541	0.00480
4	0.00726	0.00555	0.00665	0.00638	0.00786	0.00495	0.00478	0.00940	0.01435	0.01929	0.51320	0.04496	0.31136	0.01211	0.00643	0.00176	0.00264	0.01045	0.00566	0.00495
5	0.00793	0.00529	0.00595	0.00595	0.00595	0.00529	0.00330	0.00793	0.00793	0.01057	0.01718	0.03568	0.01982	0.80840	0.02775	0.00529	0.00529	0.00793	0.00330	0.00330
6	0.00664	0.00474	0.00633	0.00759	0.00791	0.00443	0.00506	0.00759	0.01044	0.01392	0.03005	0.80485	0.03606	0.01708	0.00696	0.00221	0.00316	0.01550	0.00506	0.00443
7	0.00663	0.00553	0.00578	0.00572	0.00748	0.00468	0.00429	0.00818	0.01286	0.01576	0.15847	0.05077	0.66830	0.01342	0.00644	0.00182	0.00273	0.01127	0.00520	0.00468
8	0.00793	0.00529	0.00595	0.00595	0.00595	0.00529	0.00330	0.00793	0.00793	0.01057	0.01718	0.03568	0.01982	0.80840	0.02775	0.00529	0.00529	0.00793	0.00330	0.00330
9	0.84691	0.01054	0.00801	0.00717	0.01054	0.01223	0.00590	0.01603	0.00928	0.02446	0.00759	0.00886	0.00590	0.00506	0.00337	0.00169	0.00422	0.00295	0.00337	0.00590
10	0.00793	0.00529	0.00595	0.00595	0.00595	0.00529	0.00330	0.00793	0.00793	0.01057	0.01718	0.03568	0.01982	0.80840	0.02775	0.00529	0.00529	0.00793	0.00330	0.00330
11	0.21295	0.00664	0.00737	0.00766	0.00916	0.00670	0.00555	0.01161	0.01074	0.09531	0.02431	0.51180	0.04427	0.01301	0.00592	0.00202	0.00356	0.01132	0.00482	0.00529
12	0.01356	0.01171	0.01233	0.01109	0.01418	0.01356	0.00863	0.02897	0.76455	0.02281	0.02219	0.02034	0.01664	0.00740	0.00555	0.00185	0.00431	0.00616	0.00555	0.00863
13	0.00664	0.00474	0.00633	0.00759	0.00791	0.00443	0.00506	0.00759	0.01044	0.01392	0.03005	0.80485	0.03606	0.01708	0.00696	0.00221	0.00316	0.01550	0.00506	0.00443
14	0.00648	0.00552	0.00557	0.00556	0.00739	0.00462	0.00417	0.00789	0.01251	0.01493	0.07577	0.05213	0.75151	0.01373	0.00644	0.00184	0.00276	0.01146	0.00509	0.00462
15	0.84691	0.01054	0.00801	0.00717	0.01054	0.01223	0.00590	0.01603	0.00928	0.02446	0.00759	0.00886	0.00590	0.00506	0.00337	0.00169	0.00422	0.00295	0.00337	0.00590
16	0.01382	0.00861	0.00899	0.00767	0.01001	0.00918	0.00608	0.27030	0.01635	0.02519	0.01616	0.01782	0.01234	0.00642	0.00438	0.00140	0.00374	0.00502	0.54999	0.00653
17	0.00879	0.00628	0.00879	0.01004	0.01130	0.00628	0.00879	0.01130	0.01255	0.01632	0.02887	0.06150	0.03138	0.01506	0.00753	0.00251	0.00502	0.73770	0.00502	0.00502
18	0.00659	0.00553	0.00573	0.00568	0.00745	0.00467	0.00426	0.00811	0.01278	0.01556	0.13854	0.05110	0.68835	0.01350	0.00644	0.00183	0.00274	0.01131	0.00517	0.00467
19	0.00779	0.00584	0.00876	0.00876	0.00974	0.00681	0.00681	0.00974	0.00876	0.01266	0.01460	0.02142	0.01363	0.04089	0.78680	0.00876	0.01460	0.00584	0.00292	0.00487
20	0.01016	0.00508	0.00508	0.00508	0.00635	0.00508	0.00381	0.01270	0.01143	0.02033	0.01778	0.02033	0.01397	0.00635	0.00381	0.00127	0.00254	0.00508	0.83867	0.00508
21	0.00772	0.00557	0.00729	0.00686	0.00814	0.00514	0.00514	0.01029	0.01543	0.02186	0.77152	0.04072	0.05144	0.01115	0.00643	0.00171	0.00257	0.00986	0.00600	0.00514
22	0.00788	0.00654	0.00859	0.00823	0.00940	0.00725	0.00644	0.00958	0.01057	0.01425	0.09480	0.03259	0.27891	0.02460	0.34245	0.00487	0.11624	0.00801	0.00386	0.00495
23	0.00772	0.00557	0.00729	0.00686	0.00814	0.00514	0.00514	0.01029	0.01543	0.02186	0.77152	0.04072	0.05144	0.01115	0.00643	0.00171	0.00257	0.00986	0.00600	0.00514
24	0.00960	0.00513	0.00530	0.00530	0.00625	0.00513	0.00368	0.01150	0.01055	0.01788	0.01763	0.02418	0.01544	0.20768	0.00982	0.00228	0.00323	0.00580	0.62898	0.00464
25	0.01030	0.00969	0.01635	0.79530	0.03755	0.01211	0.01514	0.01393	0.01090	0.01393	0.00969	0.01453	0.00727	0.00545	0.00545	0.00182	0.00727	0.00484	0.00242	0.00606
26	0.01458	0.81168	0.02857	0.00933	0.01399	0.02157	0.00933	0.01632	0.01108	0.01283	0.00758	0.00875	0.00700	0.00466	0.00350	0.00117	0.00583	0.00292	0.00233	0.00700
27	0.02446	0.00928	0.01265	0.00970	0.01392	0.00801	0.00801	0.02657	0.01560	0.77817	0.02151	0.01856	0.01350	0.00675	0.00548	0.00169	0.00464	0.00548	0.00675	0.00928
28	0.01315	0.01261	0.02152	0.11437	0.69615	0.01286	0.01656	0.01643	0.01225	0.01740	0.01019	0.01360	0.00849	0.00492	0.00540	0.00164	0.00656	0.00486	0.00267	0.00836
29	0.01356	0.01171	0.01233	0.01109	0.01418	0.01356	0.00863	0.02897	0.76455	0.02281	0.02219	0.02034	0.01664	0.00740	0.00555	0.00185	0.00431	0.00616	0.00555	0.00863
30	0.01130	0.00969	0.01130	0.00807	0.01292	0.00727	0.00646	0.01373	0.01130	0.01776	0.00969	0.01130	0.00807	0.00404	0.00404	0.00081	0.00404	0.00323	0.00323	0.84173
31	0.02012	0.01602	0.07788	0.01265	0.01730	0.01613	0.01104	0.66074	0.02400	0.06945	0.01323	0.01323	0.00929	0.00644	0.00543	0.00165	0.00610	0.00487	0.00526	0.00917
32	0.01287	0.01471	0.03217	0.02298	0.02849	0.01379	0.75460	0.01746	0.01287	0.01746	0.01103	0.01471	0.00827	0.00460	0.00643	0.00184	0.00919	0.00643	0.00276	0.00735
33	0.00734	0.00529	0.00695	0.00711	0.00806	0.00490	0.00512	0.00935	0.01370	0.01911	0.51463	0.30546	0.04611	0.01320	0.00661	0.00189	0.00278	0.01181	0.00568	0.00490
34	0.01115	0.01056	0.01789	0.59290	0.23331	0.01234	0.01556	0.01467	0.01130	0.01496	0.00984	0.01426	0.00763	0.00529	0.00544	0.00176	0.00706	0.00485	0.00250	0.00674
35	0.02037	0.02598	0.01545	0.01404	0.01685	0.78652	0.01053	0.02177	0.01545	0.01334	0.00843	0.00983	0.00702	0.00562	0.00492	0.00140	0.00983	0.00351	0.00281	0.00632
36	0.01093	0.02820	0.78016	0.01554	0.02360	0.01266	0.02014	0.01727	0.01151	0.01727	0.00978	0.01151	0.00691	0.00518	0.00518	0.00173	0.00806	0.00403	0.00230	0.00806
37	0.01536	0.70462	0.02678	0.00997	0.01438	0.12581	0.00949	0.01707	0.01167	0.01290	0.00769	0.00889	0.00700	0.00479	0.00369	0.00120	0.00638	0.00300	0.00240	0.00690
38	0.00664	0.00474	0.00633	0.00759	0.00791	0.00443	0.00506	0.00759	0.01044	0.01392	0.03005	0.80485	0.03606	0.01708	0.00696	0.00221	0.00316	0.01550	0.00506	0.00443
39	0.00779	0.00584	0.00876	0.00876	0.00974	0.00681	0.00681	0.00974	0.00876	0.01266	0.01460	0.02142	0.01363	0.04089	0.78680	0.00876	0.01460	0.00584	0.00292	0.00487
40	0.00947	0.00473	0.00710	0.00710	0.00710	0.00473	0.00473	0.00710	0.00710	0.00947	0.00947	0.01657	0.00947	0.01894	0.02131	0.84138	0.00473	0.00473	0.00237	0.00237
41	0.01356	0.01171	0.01233	0.01109	0.01418	0.01356	0.00863	0.02897	0.76455	0.02281	0.02219	0.02034	0.01664	0.00740	0.00555	0.00185	0.00431	0.00616	0.00555	0.00863
42	0.01140	0.01082	0.01835	0.53135	0.29284	0.01240	0.01569	0.01490	0.01143	0.01527	0.00989	0.01417	0.00774	0.00525	0.00543	0.00175	0.00699	0.00485	0.00252	0.00695
43	0.01193	0.01193	0.01670	0.01431	0.01431	0.01670	0.01193	0.01312	0.00835	0.01312	0.00716	0.01193	0.00716	0.00954	0.01789	0.00239	0.79843	0.00477	0.00239	0.00596
44	0.00947	0.00473	0.00710	0.00710	0.00710	0.00473	0.00473	0.00710	0.00710	0.00947	0.00947	0.01657	0.00947	0.01894	0.02131	0.84138	0.00473	0.00473	0.00237	0.00237
45	0.01287	0.01471	0.03217	0.02298	0.02849	0.01379	0.75460	0.01746	0.01287	0.01746	0.01103	0.01471	0.00827	0.00460	0.00643	0.00184	0.00919	0.00643	0.00276	0.00735
46	0.01443	0.01473	0.02122	0.03082	0.67117	0.11836	0.01589	0.01742	0.01283	0.01720	0.01001	0.01299	0.00842	0.00496	0.00533	0.00159	0.00693	0.00467	0.00271	0.00832
47	0.02049	0.02227	0.01577	0.01352	0.01687	0.51988	0.01047	0.27623	0.01898	0.02062	0.01004	0.01096	0.00780	0.00594	0.00510	0.00148	0.00850	0.00400	0.00373	0.00734
48	0.00644	0.00552	0.00552	0.00552	0.00736	0.00460	0.00414	0.00782	0.01243	0.01473	0.05523	0.05247	0.77218	0.01381	0.00644	0.00184	0.00276	0.01151	0.00506	0.00460
49	0.84691	0.01054	0.00801	0.00717	0.01054	0.01223	0.00590	0.01603	0.00928	0.02446	0.00759	0.00886	0.00590	0.00506	0.00337	0.00169	0.00422	0.00295	0.00337	0.00590
