[name]
unknown

[dist]
# distance from previous block
# <min> <max>
5	26

[block]
# block no. 0 follows, 53 sequences, length 30
# corresponding to MSA columns:
# 26-55
name=unknown_A
#
# <colnr> <probs for GDERKNQSTAVLIFYWHMCP>
#	G	D	E	R	K	N	Q	S	T	A	V	L	I	F	Y	W	H	M	C	P
0	0.86579	0.00924	0.00702	0.00629	0.00924	0.01072	0.00518	0.01405	0.00813	0.02144	0.00666	0.00776	0.00518	0.00444	0.00296	0.00148	0.00370	0.00259	0.00296	0.00518
1	0.02022	0.00786	0.01070	0.00830	0.01178	0.00681	0.00681	0.02210	0.01367	0.73974	0.08417	0.01789	0.01461	0.00624	0.00488	0.00148	0.00392	0.00513	0.00586	0.00783
2	0.86579	0.00924	0.00702	0.00629	0.00924	0.01072	0.00518	0.01405	0.00813	0.02144	0.00666	0.00776	0.00518	0.00444	0.00296	0.00148	0.00370	0.00259	0.00296	0.00518
3	0.01730	0.02162	0.01329	0.01207	0.01456	0.73849	0.00908	0.01967	0.08595	0.01247	0.00851	0.00947	0.00694	0.00507	0.00436	0.00127	0.00817	0.00329	0.00269	0.00573
4	0.00789	0.00456	0.00474	0.00474	0.00557	0.00446	0.00324	0.00929	0.00918	0.01454	0.01961	0.02559	0.11431	0.26272	0.01014	0.00227	0.00300	0.00595	0.48428	0.00392
5	0.00631	0.00506	0.00630	0.08125	0.00920	0.00475	0.00493	0.00792	0.01116	0.01445	0.24994	0.19670	0.36202	0.01135	0.00566	0.00165	0.00281	0.00984	0.00445	0.00426
6	0.01490	0.49590	0.02024	0.00990	0.01331	0.35032	0.00862	0.01630	0.01131	0.01143	0.00696	0.00806	0.00614	0.00444	0.00359	0.00111	0.00658	0.00277	0.00222	0.00589
7	0.00959	0.02472	0.80726	0.01362	0.02069	0.01110	0.01766	0.01514	0.01009	0.01514	0.00858	0.01009	0.00605	0.00454	0.00454	0.00151	0.00706	0.00353	0.00202	0.00706
8	0.01105	0.01295	0.17800	0.01065	0.01416	0.01114	0.03378	0.04162	0.51868	0.01845	0.01723	0.08373	0.01382	0.00669	0.00492	0.00162	0.00456	0.00567	0.00415	0.00713
9	0.01131	0.01168	0.01393	0.01807	0.35034	0.17760	0.01034	0.01311	0.01066	0.01350	0.01324	0.23781	0.01384	0.00772	0.00594	0.00158	0.07388	0.00659	0.00294	0.00593
10	0.00683	0.00512	0.00768	0.00768	0.00853	0.00597	0.00597	0.00853	0.00768	0.01110	0.01280	0.01878	0.01195	0.03585	0.81308	0.00768	0.01280	0.00512	0.00256	0.00427
11	0.01102	0.01297	0.10063	0.12328	0.29911	0.01155	0.34076	0.01468	0.01081	0.01501	0.00917	0.01222	0.00713	0.00425	0.00510	0.00153	0.00691	0.00477	0.00232	0.00676
12	0.01175	0.03446	0.01333	0.28431	0.09227	0.20927	0.01021	0.01389	0.01110	0.04624	0.07682	0.01618	0.07780	0.00614	0.00569	0.00150	0.07588	0.00479	0.00284	0.00554
13	0.00646	0.00473	0.00607	0.00604	0.00703	0.00433	0.00441	0.00832	0.01237	0.01713	0.56780	0.20297	0.11237	0.01108	0.00574	0.00161	0.00238	0.00981	0.00501	0.00433
14	0.00859	0.00533	0.00541	0.00513	0.00664	0.00518	0.00392	0.07454	0.01136	0.01720	0.02629	0.02677	0.27693	0.00778	0.00424	0.00131	0.00255	0.00634	0.49988	0.00462
15	0.01086	0.01182	0.09116	0.24228	0.52120	0.01113	0.01457	0.01405	0.01045	0.01465	0.00882	0.01192	0.00711	0.00443	0.00473	0.00148	0.00599	0.00419	0.00227	0.00691
16	0.01047	0.12782	0.53982	0.01621	0.18345	0.01218	0.01579	0.01493	0.01021	0.01473	0.00841	0.01014	0.00638	0.00442	0.00439	0.00143	0.00652	0.00356	0.00209	0.00705
17	0.02114	0.00862	0.01139	0.00874	0.01244	0.00775	0.00722	0.09412	0.01450	0.73354	0.01817	0.01582	0.01149	0.00590	0.00480	0.00147	0.00418	0.00476	0.00581	0.00813
18	0.01057	0.00494	0.00533	0.00499	0.00644	0.00479	0.00383	0.01274	0.01051	0.12184	0.01602	0.01761	0.01220	0.00561	0.00353	0.00116	0.00247	0.00450	0.74596	0.00494
19	0.01065	0.01030	0.01073	0.18495	0.01574	0.14621	0.01825	0.05156	0.16884	0.01567	0.12150	0.07109	0.10358	0.00767	0.00510	0.00157	0.00491	0.04233	0.00378	0.00557
20	0.01191	0.00975	0.01680	0.33141	0.05994	0.01035	0.20133	0.08598	0.01196	0.11744	0.05127	0.04849	0.01053	0.00549	0.00509	0.00157	0.00599	0.00528	0.00320	0.00622
21	0.25407	0.00891	0.01026	0.00812	0.01162	0.00874	0.00670	0.08916	0.01294	0.51969	0.01483	0.01349	0.00966	0.00549	0.00429	0.00147	0.00407	0.00415	0.00500	0.00732
22	0.00949	0.00809	0.00822	0.00761	0.00953	0.04177	0.00575	0.01651	0.37479	0.01698	0.13880	0.02726	0.18762	0.07875	0.00672	0.00182	0.00347	0.00687	0.04420	0.00573
23	0.01393	0.32953	0.24167	0.01076	0.01526	0.21111	0.01101	0.01655	0.01113	0.08619	0.00851	0.00938	0.00665	0.00459	0.00395	0.00125	0.00643	0.00317	0.00250	0.00644
24	0.00764	0.00549	0.00646	0.00608	0.00764	0.00509	0.00460	0.01039	0.07769	0.06405	0.39123	0.06499	0.31012	0.01028	0.00554	0.00157	0.00257	0.00883	0.00494	0.00479
25	0.00590	0.00423	0.00560	0.00656	0.00694	0.00394	0.00443	0.00686	0.00955	0.01280	0.09149	0.74632	0.04868	0.01448	0.00605	0.00190	0.00272	0.01310	0.00451	0.00394
26	0.01057	0.11234	0.01567	0.29403	0.22385	0.07967	0.01130	0.01301	0.00991	0.01272	0.00910	0.01265	0.00767	0.01035	0.15494	0.00258	0.00742	0.00410	0.00229	0.00582
27	0.01904	0.03856	0.01309	0.01067	0.01380	0.40034	0.00840	0.11993	0.01465	0.29710	0.01199	0.01169	0.00843	0.00536	0.00451	0.00134	0.00646	0.00384	0.00398	0.00682
28	0.79275	0.07994	0.00857	0.00645	0.00950	0.01142	0.00543	0.01407	0.00827	0.02057	0.00665	0.00776	0.00526	0.00441	0.00297	0.00144	0.00382	0.00259	0.00288	0.00526
29	0.79275	0.07994	0.00857	0.00645	0.00950	0.01142	0.00543	0.01407	0.00827	0.02057	0.00665	0.00776	0.00526	0.00441	0.00297	0.00144	0.00382	0.00259	0.00288	0.00526

[dist]
# distance from previous block
# <min> <max>
0	1

[block]
# block no. 1 follows, 53 sequences, length 43
# corresponding to MSA columns:
# 57,58,75-115
name=unknown_B
#
# <colnr> <probs for GDERKNQSTAVLIFYWHMCP>
#	G	D	E	R	K	N	Q	S	T	A	V	L	I	F	Y	W	H	M	C	P
0	0.01725	0.01332	0.01380	0.01087	0.01447	0.04674	0.00887	0.64520	0.13356	0.02791	0.01246	0.01228	0.00898	0.00581	0.00477	0.00145	0.00518	0.00441	0.00470	0.00794
1	0.02014	0.00813	0.01088	0.00843	0.01193	0.00720	0.00693	0.05887	0.01409	0.70697	0.07934	0.01755	0.01425	0.00621	0.00487	0.00148	0.00398	0.00508	0.00581	0.00785
2	0.00640	0.00470	0.00608	0.00671	0.00753	0.00438	0.00502	0.00788	0.01074	0.01425	0.19592	0.38089	0.14550	0.01306	0.00604	0.00185	0.00295	0.17134	0.00461	0.00415
3	0.01319	0.79575	0.02439	0.00819	0.01226	0.01835	0.00812	0.01474	0.00990	0.04886	0.00722	0.00807	0.00640	0.00418	0.00315	0.00104	0.00506	0.00266	0.00223	0.00623
4	0.02144	0.00813	0.01109	0.00850	0.01220	0.00702	0.00702	0.02329	0.01368	0.80552	0.01886	0.01627	0.01183	0.00592	0.00481	0.00148	0.00407	0.00481	0.00592	0.00813
5	0.00874	0.00449	0.00461	0.00458	0.00569	0.00446	0.00343	0.01097	0.01030	0.01792	0.07669	0.01921	0.01481	0.00590	0.00352	0.00114	0.00223	0.00478	0.79207	0.00446
6	0.00959	0.02472	0.80726	0.01362	0.02069	0.01110	0.01766	0.01514	0.01009	0.01514	0.00858	0.01009	0.00605	0.00454	0.00454	0.00151	0.00706	0.00353	0.00202	0.00706
7	0.01474	0.00788	0.01110	0.17466	0.04716	0.00792	0.00820	0.01803	0.09591	0.38560	0.05184	0.12650	0.01499	0.00708	0.00502	0.00158	0.00432	0.00609	0.00466	0.00674
8	0.02144	0.00813	0.01109	0.00850	0.01220	0.00702	0.00702	0.02329	0.01368	0.80552	0.01886	0.01627	0.01183	0.00592	0.00481	0.00148	0.00407	0.00481	0.00592	0.00813
9	0.00565	0.00484	0.00484	0.00484	0.00646	0.00403	0.00363	0.00686	0.01089	0.01291	0.04842	0.04600	0.80027	0.01210	0.00565	0.00161	0.00242	0.01009	0.00444	0.00403
10	0.00800	0.00667	0.02254	0.00985	0.10852	0.00632	0.00684	0.01131	0.08533	0.01711	0.38157	0.03524	0.11398	0.00960	0.00562	0.00165	0.00335	0.15680	0.00455	0.00515
11	0.00874	0.00739	0.01043	0.37017	0.01938	0.00851	0.00888	0.01224	0.09420	0.03155	0.02086	0.04961	0.20045	0.00750	0.00555	0.00161	0.04831	0.01956	0.06991	0.00517
12	0.00582	0.00416	0.00555	0.00666	0.00693	0.00388	0.00444	0.00666	0.00915	0.01220	0.02634	0.82891	0.03161	0.01497	0.00610	0.00194	0.00277	0.01359	0.00444	0.00388
13	0.00959	0.02472	0.80726	0.01362	0.02069	0.01110	0.01766	0.01514	0.01009	0.01514	0.00858	0.01009	0.00605	0.00454	0.00454	0.00151	0.00706	0.00353	0.00202	0.00706
14	0.01765	0.05531	0.01401	0.01215	0.01468	0.78103	0.00919	0.01889	0.01339	0.01168	0.00736	0.00858	0.00616	0.00489	0.00426	0.00122	0.00848	0.00306	0.00245	0.00556
15	0.01383	0.00920	0.00971	0.00793	0.01048	0.00996	0.00639	0.42269	0.01663	0.02435	0.01341	0.01445	0.01006	0.00566	0.00411	0.00128	0.00384	0.00437	0.40526	0.00641
16	0.51976	0.00863	0.00762	0.00676	0.00947	0.00964	0.00542	0.01566	0.14355	0.04530	0.01052	0.01130	0.00807	0.00518	0.00374	0.01870	0.00354	0.00343	0.11241	0.05132
17	0.01392	0.01074	0.01280	0.01073	0.01281	0.13781	0.06849	0.03828	0.01098	0.22212	0.03068	0.01441	0.01007	0.01303	0.19074	0.00299	0.18535	0.00461	0.00345	0.00599
18	0.01189	0.01027	0.01081	0.00973	0.01243	0.01189	0.00757	0.02540	0.79357	0.01999	0.01945	0.01783	0.01459	0.00648	0.00486	0.00162	0.00378	0.00540	0.00486	0.00757
19	0.01785	0.02278	0.01354	0.01231	0.01478	0.81284	0.00924	0.01909	0.01354	0.01170	0.00739	0.00862	0.00616	0.00493	0.00431	0.00123	0.00862	0.00308	0.00246	0.00554
20	0.02144	0.00813	0.01109	0.00850	0.01220	0.00702	0.00702	0.02329	0.01368	0.80552	0.01886	0.01627	0.01183	0.00592	0.00481	0.00148	0.00407	0.00481	0.00592	0.00813
21	0.86579	0.00924	0.00702	0.00629	0.00924	0.01072	0.00518	0.01405	0.00813	0.02144	0.00666	0.00776	0.00518	0.00444	0.00296	0.00148	0.00370	0.00259	0.00296	0.00518
22	0.00658	0.00482	0.00585	0.00587	0.00652	0.00486	0.00400	0.00738	0.00817	0.01075	0.02276	0.04671	0.20703	0.38401	0.24941	0.00473	0.00644	0.00731	0.00320	0.00359
23	0.86579	0.00924	0.00702	0.00629	0.00924	0.01072	0.00518	0.01405	0.00813	0.02144	0.00666	0.00776	0.00518	0.00444	0.00296	0.00148	0.00370	0.00259	0.00296	0.00518
24	0.01833	0.01314	0.01419	0.01088	0.01470	0.01445	0.00899	0.74959	0.02205	0.06740	0.01183	0.01171	0.00831	0.00575	0.00478	0.00144	0.00520	0.00433	0.00484	0.00813
25	0.01785	0.02278	0.01354	0.01231	0.01478	0.81284	0.00924	0.01909	0.01354	0.01170	0.00739	0.00862	0.00616	0.00493	0.00431	0.00123	0.00862	0.00308	0.00246	0.00554
26	0.00582	0.00416	0.00555	0.00666	0.00693	0.00388	0.00444	0.00666	0.00915	0.01220	0.02634	0.82891	0.03161	0.01497	0.00610	0.00194	0.00277	0.01359	0.00444	0.00388
27	0.01208	0.01037	0.00870	0.00796	0.00996	0.17200	0.00609	0.05433	0.24762	0.01782	0.01489	0.01564	0.01152	0.00572	0.00407	0.00131	0.00415	0.00445	0.38554	0.00579
28	0.00781	0.00443	0.00633	0.00665	0.00687	0.00439	0.00471	0.00697	0.00744	0.00986	0.01382	0.11397	0.01497	0.07936	0.01560	0.54803	0.00408	0.13914	0.00281	0.00275
29	0.01347	0.72451	0.02348	0.00874	0.01261	0.12683	0.00832	0.01496	0.01023	0.01131	0.00675	0.00780	0.00614	0.00420	0.00324	0.00105	0.00559	0.00263	0.00210	0.00605
30	0.55316	0.00897	0.00969	0.30340	0.01788	0.01068	0.00813	0.01338	0.00865	0.01808	0.00733	0.00958	0.00561	0.00456	0.00362	0.00152	0.00467	0.00319	0.00265	0.00522
31	0.01260	0.01100	0.01584	0.09694	0.09216	0.01200	0.15067	0.21283	0.21640	0.01956	0.01271	0.01419	0.00972	0.00813	0.07787	0.00210	0.01983	0.00489	0.00362	0.00694
32	0.00664	0.00488	0.00622	0.00589	0.00707	0.00446	0.00442	0.00879	0.01325	0.01849	0.71896	0.03681	0.12625	0.01002	0.00564	0.00152	0.00227	0.00880	0.00517	0.00446
33	0.01034	0.01944	0.45941	0.01654	0.02260	0.01154	0.36021	0.01521	0.01062	0.01521	0.00907	0.01134	0.00659	0.00431	0.00503	0.00156	0.00751	0.00447	0.00220	0.00679
34	0.00885	0.00450	0.00461	0.00466	0.00577	0.00450	0.00355	0.01108	0.01007	0.01765	0.01605	0.01953	0.01297	0.00593	0.00350	0.00117	0.00233	0.04071	0.81811	0.00445
35	0.01203	0.64372	0.20963	0.00946	0.01425	0.01707	0.01042	0.01451	0.00980	0.01216	0.00710	0.00824	0.00612	0.00420	0.00341	0.00114	0.00557	0.00279	0.00204	0.00635
36	0.02144	0.00813	0.01109	0.00850	0.01220	0.00702	0.00702	0.02329	0.01368	0.80552	0.01886	0.01627	0.01183	0.00592	0.00481	0.00148	0.00407	0.00481	0.00592	0.00813
37	0.19768	0.00891	0.00950	0.00773	0.01067	0.00932	0.00630	0.22740	0.01401	0.23361	0.01343	0.01352	0.00950	0.00547	0.00405	0.00138	0.00387	0.00411	0.21295	0.00660
38	0.00571	0.00480	0.00496	0.00507	0.00656	0.00405	0.00378	0.00691	0.01076	0.01289	0.04622	0.10716	0.72430	0.01235	0.00570	0.00165	0.00249	0.02617	0.00444	0.00403
39	0.00770	0.00550	0.00770	0.00880	0.00990	0.00550	0.00770	0.00990	0.01100	0.01430	0.02531	0.05391	0.02751	0.01320	0.00660	0.00220	0.00440	0.77004	0.00440	0.00440
40	0.01420	0.60838	0.02186	0.00930	0.01297	0.22230	0.00847	0.03280	0.01098	0.01178	0.00694	0.00800	0.00618	0.00434	0.00342	0.00109	0.00601	0.00273	0.00221	0.00603
41	0.68487	0.01086	0.00852	0.00739	0.01043	0.07378	0.00602	0.11908	0.01050	0.02186	0.00737	0.00833	0.00565	0.00465	0.00331	0.00145	0.00429	0.00286	0.00317	0.00560
42	0.03412	0.01169	0.01438	0.01188	0.04596	0.05718	0.08735	0.28827	0.09384	0.18191	0.05009	0.01407	0.01085	0.00594	0.00570	0.00152	0.06892	0.00474	0.00433	0.00727

[dist]
# distance from previous block
# <min> <max>
0	1

[block]
# block no. 2 follows, 53 sequences, length 58
# corresponding to MSA columns:
# 117-174
name=unknown_C
#
# <colnr> <probs for GDERKNQSTAVLIFYWHMCP>
#	G	D	E	R	K	N	Q	S	T	A	V	L	I	F	Y	W	H	M	C	P
0	0.06050	0.00540	0.00647	0.00708	0.00789	0.00546	0.00495	0.04550	0.07202	0.01424	0.02387	0.67461	0.02750	0.01321	0.00574	0.00186	0.00303	0.01181	0.00439	0.00446
1	0.01447	0.01741	0.01726	0.05696	0.01775	0.43355	0.19363	0.01643	0.01165	0.01255	0.00778	0.01019	0.00645	0.00534	0.00674	0.00150	0.15834	0.00395	0.00237	0.00569
2	0.00695	0.00463	0.00521	0.00521	0.00521	0.00463	0.00290	0.00695	0.00695	0.00927	0.01506	0.03128	0.01738	0.83203	0.02433	0.00463	0.00463	0.00695	0.00290	0.00290
3	0.86579	0.00924	0.00702	0.00629	0.00924	0.01072	0.00518	0.01405	0.00813	0.02144	0.00666	0.00776	0.00518	0.00444	0.00296	0.00148	0.00370	0.00259	0.00296	0.00518
4	0.08925	0.00855	0.01097	0.00848	0.01213	0.00781	0.00700	0.07011	0.01378	0.69403	0.01741	0.01528	0.01106	0.00579	0.00466	0.00148	0.00411	0.00460	0.00561	0.00790
5	0.00891	0.00445	0.00445	0.00445	0.00557	0.00445	0.00334	0.01114	0.01002	0.01782	0.01559	0.01782	0.01225	0.00557	0.00334	0.00111	0.00223	0.00445	0.85856	0.00445
6	0.01280	0.01029	0.01100	0.00971	0.01253	0.01173	0.00761	0.06309	0.70662	0.06947	0.01902	0.01742	0.01410	0.00641	0.00486	0.00160	0.00387	0.00531	0.00492	0.00763
7	0.01618	0.01876	0.01187	0.01075	0.01304	0.61269	0.00811	0.06305	0.01341	0.01395	0.00918	0.01053	0.00743	0.00510	0.00415	0.00122	0.00721	0.00341	0.16448	0.00549
8	0.00676	0.00489	0.00639	0.00601	0.00714	0.00451	0.00451	0.00902	0.01353	0.01917	0.79969	0.03570	0.04510	0.00977	0.00564	0.00150	0.00225	0.00864	0.00526	0.00451
9	0.01608	0.01284	0.01335	0.01127	0.04273	0.06331	0.00877	0.47112	0.23155	0.03976	0.01338	0.01310	0.00979	0.00579	0.00475	0.00146	0.00502	0.00450	0.00455	0.02689
10	0.01239	0.32968	0.01751	0.21532	0.01782	0.14085	0.00944	0.01652	0.15459	0.01329	0.00975	0.01116	0.00787	0.00486	0.00403	0.00131	0.00569	0.00363	0.01820	0.00606
11	0.00666	0.00480	0.00629	0.00609	0.00712	0.00444	0.00450	0.00875	0.01302	0.01836	0.71058	0.12710	0.04354	0.01037	0.00569	0.00155	0.00231	0.00921	0.00517	0.00444
12	0.01129	0.01074	0.01823	0.10379	0.68657	0.01092	0.01400	0.01413	0.01090	0.01548	0.05076	0.01318	0.00944	0.00460	0.00478	0.00144	0.00556	0.00449	0.00250	0.00719
13	0.01785	0.02278	0.01354	0.01231	0.01478	0.81284	0.00924	0.01909	0.01354	0.01170	0.00739	0.00862	0.00616	0.00493	0.00431	0.00123	0.00862	0.00308	0.00246	0.00554
14	0.00991	0.00850	0.00991	0.00708	0.01133	0.00637	0.00566	0.01203	0.00991	0.01557	0.00850	0.00991	0.00708	0.00354	0.00354	0.00071	0.00354	0.00283	0.00283	0.86124
15	0.00565	0.00484	0.00484	0.00484	0.00646	0.00403	0.00363	0.00686	0.01089	0.01291	0.04842	0.04600	0.80027	0.01210	0.00565	0.00161	0.00242	0.01009	0.00444	0.00403
16	0.01431	0.01266	0.02009	0.07541	0.08859	0.01317	0.30692	0.36718	0.01623	0.02188	0.01035	0.01214	0.00762	0.00488	0.00511	0.00151	0.00645	0.00481	0.00347	0.00723
17	0.00585	0.00417	0.00554	0.00662	0.00689	0.00390	0.00440	0.00666	0.00910	0.01213	0.02607	0.80957	0.03127	0.03478	0.00654	0.00201	0.00282	0.01343	0.00440	0.00386
18	0.02144	0.00813	0.01109	0.00850	0.01220	0.00702	0.00702	0.02329	0.01368	0.80552	0.01886	0.01627	0.01183	0.00592	0.00481	0.00148	0.00407	0.00481	0.00592	0.00813
19	0.00903	0.00850	0.01434	0.82054	0.03292	0.01062	0.01327	0.01221	0.00956	0.01221	0.00850	0.01274	0.00637	0.00478	0.00478	0.00159	0.00637	0.00425	0.00212	0.00531
20	0.00968	0.00906	0.01349	0.25097	0.12988	0.03328	0.05657	0.03770	0.03387	0.01393	0.04858	0.08916	0.06804	0.03321	0.00727	0.00177	0.12262	0.03247	0.00296	0.00550
21	0.00577	0.00456	0.00521	0.00565	0.00669	0.00399	0.00401	0.00688	0.01029	0.01291	0.07479	0.37119	0.44478	0.01319	0.00584	0.00174	0.00256	0.01148	0.00448	0.00399
22	0.00891	0.00445	0.00445	0.00445	0.00557	0.00445	0.00334	0.01114	0.01002	0.01782	0.01559	0.01782	0.01225	0.00557	0.00334	0.00111	0.00223	0.00445	0.85856	0.00445
23	0.01156	0.52626	0.32304	0.01025	0.01547	0.01594	0.01179	0.01463	0.00986	0.01273	0.00738	0.00859	0.00610	0.00426	0.00363	0.00121	0.00586	0.00293	0.00203	0.00649
24	0.22280	0.00939	0.01233	0.24745	0.16661	0.03862	0.00974	0.01494	0.01029	0.15308	0.01105	0.06459	0.00888	0.00546	0.00439	0.00152	0.00503	0.00450	0.00320	0.00611
25	0.01128	0.01289	0.02820	0.02015	0.02498	0.01209	0.78485	0.01531	0.01128	0.01531	0.00967	0.01289	0.00725	0.00403	0.00564	0.00161	0.00806	0.00564	0.00242	0.00645
26	0.03082	0.02918	0.08777	0.01104	0.01516	0.01427	0.00974	0.66684	0.02062	0.05031	0.01125	0.01136	0.00796	0.00558	0.00470	0.00144	0.00537	0.00419	0.00448	0.00795
27	0.01365	0.06446	0.03044	0.10715	0.29581	0.13537	0.01148	0.16038	0.10270	0.01757	0.01020	0.01177	0.00801	0.00494	0.00459	0.00141	0.00590	0.00410	0.00306	0.00701
28	0.00793	0.00625	0.00863	0.00820	0.00989	0.00574	0.05402	0.01030	0.06057	0.02597	0.02108	0.41123	0.02316	0.01105	0.00557	0.00170	0.00364	0.14960	0.00404	0.17143
29	0.00745	0.00660	0.01167	0.01014	0.01162	0.00621	0.21658	0.00905	0.00945	0.01268	0.02038	0.50579	0.02318	0.11555	0.00829	0.00219	0.00445	0.01058	0.00369	0.00445
30	0.01466	0.01166	0.01268	0.01032	0.01324	0.09023	0.04457	0.37967	0.01628	0.07234	0.01386	0.16841	0.01248	0.00730	0.00540	0.00149	0.04019	0.00594	0.00418	0.07511
31	0.00708	0.00511	0.00654	0.00697	0.00732	0.00531	0.00500	0.00792	0.00857	0.01144	0.01997	0.23824	0.02286	0.36237	0.01462	0.00316	0.05705	0.20315	0.00362	0.00368
32	0.43009	0.05997	0.37303	0.00973	0.01462	0.01133	0.01103	0.01456	0.00911	0.01803	0.00753	0.00882	0.00563	0.00447	0.00369	0.00147	0.00531	0.00302	0.00248	0.00609
33	0.00903	0.00850	0.01434	0.82054	0.03292	0.01062	0.01327	0.01221	0.00956	0.01221	0.00850	0.01274	0.00637	0.00478	0.00478	0.00159	0.00637	0.00425	0.00212	0.00531
34	0.00580	0.00482	0.00506	0.00506	0.00656	0.00409	0.00377	0.00713	0.01117	0.01368	0.14304	0.07322	0.67634	0.01191	0.00566	0.00161	0.00241	0.01003	0.00454	0.00409
35	0.00991	0.00850	0.00991	0.00708	0.01133	0.00637	0.00566	0.01203	0.00991	0.01557	0.00850	0.00991	0.00708	0.00354	0.00354	0.00071	0.00354	0.00283	0.00283	0.86124
36	0.00991	0.00850	0.00991	0.00708	0.01133	0.00637	0.00566	0.01203	0.00991	0.01557	0.00850	0.00991	0.00708	0.00354	0.00354	0.00071	0.00354	0.00283	0.00283	0.86124
37	0.00739	0.00540	0.00727	0.00820	0.00938	0.00528	0.00708	0.00944	0.01099	0.01409	0.02883	0.05271	0.14547	0.01304	0.00646	0.00211	0.00410	0.65403	0.00441	0.00435
38	0.00634	0.00476	0.00587	0.00582	0.00694	0.00429	0.00428	0.00811	0.01220	0.01653	0.49207	0.15938	0.23359	0.01115	0.00571	0.00160	0.00238	0.00976	0.00493	0.00429
39	0.00632	0.00453	0.00608	0.00695	0.00751	0.00428	0.00505	0.00764	0.01021	0.01373	0.15256	0.55658	0.03306	0.01380	0.00612	0.00192	0.00299	0.15204	0.00457	0.00408
40	0.01814	0.00836	0.01072	0.00843	0.01166	0.00780	0.00688	0.14308	0.01506	0.53231	0.16536	0.01917	0.01753	0.00662	0.00496	0.00148	0.00392	0.00545	0.00561	0.00745
41	0.76181	0.00933	0.00766	0.00667	0.00972	0.01060	0.00549	0.04798	0.00919	0.08455	0.00784	0.00860	0.00584	0.00461	0.00318	0.00148	0.00379	0.00284	0.00327	0.00554
42	0.01405	0.11451	0.04305	0.01383	0.08509	0.06274	0.17534	0.20967	0.10133	0.06071	0.02515	0.01244	0.00898	0.00501	0.00468	0.00140	0.00578	0.00443	0.00348	0.04835
43	0.86579	0.00924	0.00702	0.00629	0.00924	0.01072	0.00518	0.01405	0.00813	0.02144	0.00666	0.00776	0.00518	0.00444	0.00296	0.00148	0.00370	0.00259	0.00296	0.00518
44	0.02144	0.00813	0.01109	0.00850	0.01220	0.00702	0.00702	0.02329	0.01368	0.80552	0.01886	0.01627	0.01183	0.00592	0.00481	0.00148	0.00407	0.00481	0.00592	0.00813
45	0.01359	0.01811	0.37555	0.01187	0.01706	0.01255	0.01271	0.39328	0.01621	0.02238	0.01211	0.01267	0.04908	0.00553	0.00472	0.00148	0.00593	0.00426	0.00350	0.00743
46	0.01258	0.02929	0.05051	0.25564	0.08518	0.03829	0.14932	0.04173	0.01121	0.15679	0.01235	0.01431	0.04521	0.00545	0.00577	0.00157	0.07061	0.00476	0.00308	0.00634
47	0.00667	0.00494	0.00694	0.00705	0.00777	0.00545	0.00524	0.00802	0.00793	0.01106	0.01676	0.10232	0.06564	0.14446	0.56999	0.00629	0.00999	0.00654	0.00291	0.00402
48	0.02144	0.00813	0.01109	0.00850	0.01220	0.00702	0.00702	0.02329	0.01368	0.80552	0.01886	0.01627	0.01183	0.00592	0.00481	0.00148	0.00407	0.00481	0.00592	0.00813
49	0.01102	0.15785	0.24219	0.16740	0.23496	0.01241	0.06197	0.01451	0.01030	0.03175	0.00864	0.01095	0.00675	0.00443	0.00446	0.00142	0.00621	0.00385	0.00225	0.00670
50	0.00996	0.06149	0.66671	0.01423	0.02086	0.01160	0.11916	0.01512	0.01023	0.01498	0.00863	0.01035	0.00622	0.00445	0.00462	0.00150	0.00710	0.00377	0.00207	0.00694
51	0.00688	0.00512	0.00642	0.00667	0.00773	0.00488	0.00511	0.00906	0.04494	0.01535	0.29535	0.16827	0.15825	0.06288	0.00706	0.00195	0.00307	0.18205	0.00464	0.00434
52	0.82094	0.00996	0.00737	0.00660	0.00954	0.05314	0.00539	0.01432	0.00842	0.02093	0.00669	0.00781	0.00523	0.00446	0.00303	0.00147	0.00396	0.00261	0.00293	0.00520
53	0.00716	0.00441	0.00494	0.00536	0.00624	0.00416	0.00381	0.00868	0.00984	0.01482	0.02544	0.33204	0.15752	0.01030	0.00480	0.00152	0.00247	0.00892	0.38341	0.00416
54	0.01438	0.01287	0.13198	0.01255	0.01685	0.01080	0.19344	0.14206	0.09940	0.19812	0.01276	0.01323	0.00902	0.00517	0.00520	0.00148	0.03134	0.00461	0.00383	0.08088
55	0.00730	0.00540	0.00709	0.00795	0.00899	0.00536	0.00649	0.00977	0.05931	0.01400	0.02732	0.24717	0.09837	0.01313	0.00628	0.00205	0.00377	0.46138	0.00444	0.00443
56	0.00654	0.00488	0.00608	0.00578	0.00700	0.00441	0.00433	0.00858	0.01300	0.01790	0.64774	0.03779	0.19784	0.01024	0.00564	0.00153	0.00229	0.00894	0.00510	0.00441
57	0.01183	0.33421	0.21354	0.00954	0.01425	0.05084	0.00991	0.01501	0.04387	0.04258	0.00859	0.00960	0.00691	0.00428	0.00374	0.00112	0.00529	0.00309	0.00251	0.20928

[dist]
# distance from previous block
# <min> <max>
1	2

[block]
# block no. 3 follows, 53 sequences, length 22
# corresponding to MSA columns:
# 177-198
name=unknown_D
#
# <colnr> <probs for GDERKNQSTAVLIFYWHMCP>
#	G	D	E	R	K	N	Q	S	T	A	V	L	I	F	Y	W	H	M	C	P
0	0.04404	0.04678	0.31136	0.01228	0.04234	0.08287	0.01218	0.21912	0.04715	0.07726	0.01021	0.01102	0.00743	0.00525	0.00511	0.00148	0.04987	0.00386	0.00324	0.00713
1	0.02771	0.03858	0.15090	0.01100	0.01380	0.00994	0.09418	0.01384	0.01082	0.13953	0.18674	0.03864	0.01683	0.00718	0.00765	0.00166	0.20405	0.01745	0.00353	0.00596
2	0.00668	0.00477	0.00653	0.00763	0.00828	0.00462	0.00592	0.00813	0.00999	0.01316	0.02587	0.47681	0.02975	0.01417	0.00633	0.00206	0.00351	0.35726	0.00442	0.00412
3	0.00569	0.00484	0.00490	0.00489	0.00648	0.00405	0.00367	0.00695	0.01100	0.01316	0.07827	0.04559	0.77026	0.01201	0.00565	0.00161	0.00241	0.01003	0.00447	0.00405
4	0.01817	0.01339	0.01434	0.01100	0.01482	0.01482	0.00908	0.78627	0.02247	0.03012	0.01148	0.01148	0.00813	0.00574	0.00478	0.00143	0.00526	0.00430	0.00478	0.00813
5	0.06358	0.01283	0.11202	0.01209	0.09118	0.01177	0.00977	0.32399	0.11128	0.14264	0.03818	0.01339	0.01018	0.00558	0.00466	0.00147	0.00495	0.00443	0.00426	0.02173
6	0.01269	0.01299	0.01856	0.02690	0.68970	0.12587	0.01389	0.01530	0.01126	0.01506	0.00876	0.01137	0.00737	0.00435	0.00467	0.00139	0.00610	0.00409	0.00238	0.00728
7	0.02144	0.00813	0.01109	0.00850	0.01220	0.00702	0.00702	0.02329	0.01368	0.80552	0.01886	0.01627	0.01183	0.00592	0.00481	0.00148	0.00407	0.00481	0.00592	0.00813
8	0.01373	0.00953	0.01523	0.06140	0.34865	0.00932	0.05788	0.04356	0.02496	0.23165	0.04841	0.08915	0.01264	0.00604	0.00498	0.00151	0.00496	0.00556	0.00377	0.00708
9	0.00987	0.00918	0.01166	0.04232	0.27605	0.09018	0.00836	0.01119	0.00929	0.01213	0.01318	0.05875	0.03852	0.33124	0.01308	0.00274	0.04869	0.00583	0.00273	0.00503
10	0.01245	0.01084	0.01572	0.01529	0.17174	0.01164	0.14380	0.16582	0.20985	0.01932	0.01317	0.03782	0.01044	0.00575	0.00552	0.00153	0.05533	0.00508	0.08195	0.00694
11	0.00687	0.00497	0.00692	0.00692	0.00752	0.00556	0.00503	0.00805	0.00746	0.01054	0.01349	0.02261	0.01361	0.27991	0.57129	0.00675	0.01030	0.00568	0.00266	0.00385
12	0.01545	0.28755	0.05225	0.01095	0.01408	0.47192	0.00925	0.01731	0.03414	0.01193	0.00751	0.00869	0.00639	0.00478	0.00426	0.00121	0.03110	0.00303	0.00236	0.00585
13	0.00991	0.00965	0.01359	0.01181	0.01194	0.01333	0.00978	0.01105	0.00737	0.01144	0.00726	0.01172	0.00713	0.01252	0.13633	0.00294	0.70065	0.00432	0.00216	0.00508
14	0.00695	0.00506	0.00738	0.00738	0.00820	0.00582	0.00567	0.00859	0.00777	0.01136	0.01307	0.01939	0.01225	0.07643	0.72788	0.00717	0.01180	0.00518	0.04845	0.00420
15	0.01052	0.01002	0.01703	0.39926	0.44253	0.01101	0.01402	0.01352	0.01026	0.01402	0.00876	0.01226	0.00701	0.00450	0.00475	0.00150	0.00600	0.00425	0.00225	0.00651
16	0.06120	0.04416	0.01445	0.12890	0.05912	0.04089	0.00966	0.49818	0.03238	0.04874	0.01070	0.01150	0.00778	0.00538	0.00460	0.00144	0.00541	0.00413	0.00402	0.00736
17	0.01211	0.01262	0.01896	0.02378	0.50768	0.12103	0.13751	0.01477	0.01118	0.01477	0.01021	0.07405	0.00916	0.00513	0.00493	0.00146	0.00624	0.00503	0.00255	0.00683
18	0.00613	0.00492	0.00583	0.00577	0.00711	0.00462	0.00439	0.00764	0.01046	0.01341	0.15605	0.03720	0.47442	0.01801	0.21890	0.00320	0.00514	0.00855	0.00407	0.00417
19	0.07122	0.20577	0.08000	0.00956	0.01287	0.11367	0.00868	0.08333	0.07680	0.12201	0.01345	0.01883	0.01163	0.00652	0.00452	0.00148	0.00526	0.14451	0.00358	0.00631
20	0.01083	0.05072	0.09386	0.03176	0.14710	0.01013	0.18984	0.08425	0.04820	0.04124	0.01490	0.19235	0.02558	0.00726	0.00523	0.00161	0.00545	0.03011	0.00332	0.00626
21	0.03170	0.00554	0.00772	0.05074	0.03974	0.00585	0.00587	0.00921	0.00983	0.02941	0.22340	0.08072	0.06869	0.07240	0.33285	0.00424	0.00714	0.00689	0.00358	0.00449

[dist]
# distance from previous block
# <min> <max>
8	41

[block]
# block no. 4 follows, 53 sequences, length 52
# corresponding to MSA columns:
# 241-292
name=unknown_E
#
# <colnr> <probs for GDERKNQSTAVLIFYWHMCP>
#	G	D	E	R	K	N	Q	S	T	A	V	L	I	F	Y	W	H	M	C	P
0	0.04965	0.01150	0.01286	0.01002	0.01368	0.01224	0.00823	0.47908	0.08582	0.24581	0.01405	0.01323	0.00961	0.00580	0.00473	0.00146	0.00474	0.00448	0.00504	0.00797
1	0.01469	0.00852	0.01052	0.00777	0.01179	0.00692	0.00631	0.04304	0.01181	0.32395	0.01264	0.01244	0.00897	0.00454	0.00408	0.00103	0.00380	0.00365	0.00410	0.49942
2	0.00582	0.00416	0.00555	0.00666	0.00693	0.00388	0.00444	0.00666	0.00915	0.01220	0.02634	0.82891	0.03161	0.01497	0.00610	0.00194	0.00277	0.01359	0.00444	0.00388
3	0.01278	0.83490	0.02505	0.00818	0.01227	0.01891	0.00818	0.01431	0.00971	0.01125	0.00664	0.00767	0.00613	0.00409	0.00307	0.00102	0.00511	0.00256	0.00204	0.00613
4	0.01189	0.01027	0.01081	0.00973	0.01243	0.01189	0.00757	0.02540	0.79357	0.01999	0.01945	0.01783	0.01459	0.00648	0.00486	0.00162	0.00378	0.00540	0.00486	0.00757
5	0.00676	0.00489	0.00639	0.00601	0.00714	0.00451	0.00451	0.00902	0.01353	0.01917	0.79969	0.03570	0.04510	0.00977	0.00564	0.00150	0.00225	0.00864	0.00526	0.00451
6	0.86579	0.00924	0.00702	0.00629	0.00924	0.01072	0.00518	0.01405	0.00813	0.02144	0.00666	0.00776	0.00518	0.00444	0.00296	0.00148	0.00370	0.00259	0.00296	0.00518
7	0.02144	0.00813	0.01109	0.00850	0.01220	0.00702	0.00702	0.02329	0.01368	0.80552	0.01886	0.01627	0.01183	0.00592	0.00481	0.00148	0.00407	0.00481	0.00592	0.00813
8	0.00658	0.00485	0.00616	0.00590	0.00705	0.00442	0.00440	0.00865	0.01301	0.01808	0.67239	0.07221	0.13792	0.01029	0.00566	0.00154	0.00230	0.00904	0.00512	0.00442
9	0.01093	0.00509	0.00565	0.00520	0.00675	0.00489	0.00401	0.01309	0.01078	0.15032	0.04876	0.01830	0.01355	0.00580	0.00368	0.00119	0.00254	0.00469	0.67970	0.00508
10	0.00653	0.00488	0.00606	0.00577	0.00700	0.00441	0.00433	0.00857	0.01298	0.01785	0.64212	0.03786	0.20348	0.01026	0.00564	0.00153	0.00229	0.00895	0.00509	0.00441
11	0.01265	0.80227	0.05655	0.00840	0.01261	0.01860	0.00856	0.01435	0.00973	0.01140	0.00672	0.00776	0.00613	0.00411	0.00313	0.00104	0.00519	0.00260	0.00204	0.00617
12	0.25303	0.05982	0.01189	0.00887	0.01232	0.07627	0.00733	0.23059	0.01433	0.26350	0.01180	0.01147	0.00817	0.00527	0.00415	0.00142	0.00473	0.00378	0.00428	0.00699
13	0.01455	0.15428	0.24619	0.01049	0.01491	0.04499	0.01070	0.07002	0.08203	0.23691	0.01282	0.01275	0.02192	0.00541	0.00490	0.00144	0.04089	0.00406	0.00362	0.00713
14	0.86579	0.00924	0.00702	0.00629	0.00924	0.01072	0.00518	0.01405	0.00813	0.02144	0.00666	0.00776	0.00518	0.00444	0.00296	0.00148	0.00370	0.00259	0.00296	0.00518
15	0.01753	0.01967	0.01365	0.02715	0.01504	0.56730	0.00921	0.20968	0.04711	0.01662	0.00891	0.00978	0.00699	0.00519	0.00446	0.00130	0.00755	0.00350	0.00313	0.00626
16	0.01048	0.00814	0.00875	0.00773	0.01009	0.00854	0.00604	0.12949	0.28490	0.05376	0.10751	0.02875	0.29885	0.00870	0.00521	0.00157	0.00337	0.00722	0.00479	0.00610
17	0.01698	0.00757	0.00997	0.00796	0.01093	0.00685	0.00645	0.07329	0.01426	0.52362	0.24364	0.02154	0.02117	0.00702	0.00504	0.00148	0.00363	0.00588	0.00565	0.00709
18	0.02116	0.00859	0.01137	0.00872	0.01243	0.00770	0.00720	0.08968	0.01445	0.73805	0.01821	0.01585	0.01151	0.00590	0.00480	0.00148	0.00417	0.00476	0.00582	0.00813
19	0.86579	0.00924	0.00702	0.00629	0.00924	0.01072	0.00518	0.01405	0.00813	0.02144	0.00666	0.00776	0.00518	0.00444	0.00296	0.00148	0.00370	0.00259	0.00296	0.00518
20	0.00891	0.00445	0.00445	0.00445	0.00557	0.00445	0.00334	0.01114	0.01002	0.01782	0.01559	0.01782	0.01225	0.00557	0.00334	0.00111	0.00223	0.00445	0.85856	0.00445
21	0.01817	0.01339	0.01434	0.01100	0.01482	0.01482	0.00908	0.78627	0.02247	0.03012	0.01148	0.01148	0.00813	0.00574	0.00478	0.00143	0.00526	0.00430	0.00478	0.00813
22	0.01817	0.01339	0.01434	0.01100	0.01482	0.01482	0.00908	0.78627	0.02247	0.03012	0.01148	0.01148	0.00813	0.00574	0.00478	0.00143	0.00526	0.00430	0.00478	0.00813
23	0.86579	0.00924	0.00702	0.00629	0.00924	0.01072	0.00518	0.01405	0.00813	0.02144	0.00666	0.00776	0.00518	0.00444	0.00296	0.00148	0.00370	0.00259	0.00296	0.00518
24	0.86579	0.00924	0.00702	0.00629	0.00924	0.01072	0.00518	0.01405	0.00813	0.02144	0.00666	0.00776	0.00518	0.00444	0.00296	0.00148	0.00370	0.00259	0.00296	0.00518
25	0.00574	0.00450	0.00520	0.00576	0.00670	0.00396	0.00404	0.00676	0.01002	0.01255	0.03729	0.44067	0.41278	0.01355	0.00588	0.00178	0.00260	0.01185	0.00444	0.00396
26	0.00634	0.00468	0.00600	0.00667	0.00750	0.00435	0.00498	0.00775	0.01057	0.01391	0.15771	0.39728	0.17084	0.01323	0.00605	0.00186	0.00296	0.16863	0.00457	0.00412
27	0.00582	0.00416	0.00555	0.00666	0.00693	0.00388	0.00444	0.00666	0.00915	0.01220	0.02634	0.82891	0.03161	0.01497	0.00610	0.00194	0.00277	0.01359	0.00444	0.00388
28	0.01183	0.01136	0.01940	0.02934	0.80221	0.01136	0.01467	0.01467	0.01088	0.01562	0.00899	0.01183	0.00757	0.00426	0.00473	0.00142	0.00568	0.00426	0.00237	0.00757
29	0.00695	0.00495	0.00642	0.00659	0.00752	0.00471	0.00481	0.00920	0.04927	0.03004	0.42642	0.33272	0.03727	0.01164	0.00580	0.00170	0.00264	0.04195	0.00491	0.00448
30	0.01369	0.01076	0.01214	0.04166	0.01381	0.01045	0.00755	0.37008	0.01571	0.02217	0.00987	0.01075	0.00754	0.00461	0.00416	0.00108	0.00445	0.00357	0.00370	0.43225
31	0.86579	0.00924	0.00702	0.00629	0.00924	0.01072	0.00518	0.01405	0.00813	0.02144	0.00666	0.00776	0.00518	0.00444	0.00296	0.00148	0.00370	0.00259	0.00296	0.00518
32	0.00903	0.00850	0.01434	0.82054	0.03292	0.01062	0.01327	0.01221	0.00956	0.01221	0.00850	0.01274	0.00637	0.00478	0.00478	0.00159	0.00637	0.00425	0.00212	0.00531
33	0.00669	0.00488	0.00629	0.00594	0.00710	0.00448	0.00445	0.00888	0.01336	0.01876	0.75074	0.03637	0.09430	0.00992	0.00564	0.00151	0.00227	0.00874	0.00521	0.00448
34	0.86579	0.00924	0.00702	0.00629	0.00924	0.01072	0.00518	0.01405	0.00813	0.02144	0.00666	0.00776	0.00518	0.00444	0.00296	0.00148	0.00370	0.00259	0.00296	0.00518
35	0.01128	0.01289	0.02820	0.02015	0.02498	0.01209	0.78485	0.01531	0.01128	0.01531	0.00967	0.01289	0.00725	0.00403	0.00564	0.00161	0.00806	0.00564	0.00242	0.00645
36	0.02103	0.00823	0.01108	0.00856	0.01221	0.00724	0.00705	0.02338	0.04753	0.77143	0.01888	0.01634	0.01195	0.00594	0.00481	0.00149	0.00405	0.00483	0.00587	0.00811
37	0.02131	0.00835	0.01123	0.00861	0.01231	0.00735	0.00711	0.05488	0.01404	0.77342	0.01855	0.01607	0.01168	0.00591	0.00481	0.00148	0.00412	0.00479	0.00587	0.00813
38	0.01098	0.00908	0.00951	0.00865	0.01107	0.01029	0.00670	0.02203	0.62931	0.01911	0.02150	0.02028	0.08267	0.00686	0.00474	0.00156	0.00347	0.00569	0.10959	0.00688
39	0.00683	0.00512	0.00768	0.00768	0.00853	0.00597	0.00597	0.00853	0.00768	0.01110	0.01280	0.01878	0.01195	0.03585	0.81308	0.00768	0.01280	0.00512	0.00256	0.00427
40	0.86579	0.00924	0.00702	0.00629	0.00924	0.01072	0.00518	0.01405	0.00813	0.02144	0.00666	0.00776	0.00518	0.00444	0.00296	0.00148	0.00370	0.00259	0.00296	0.00518
41	0.02144	0.00813	0.01109	0.00850	0.01220	0.00702	0.00702	0.02329	0.01368	0.80552	0.01886	0.01627	0.01183	0.00592	0.00481	0.00148	0.00407	0.00481	0.00592	0.00813
42	0.86579	0.00924	0.00702	0.00629	0.00924	0.01072	0.00518	0.01405	0.00813	0.02144	0.00666	0.00776	0.00518	0.00444	0.00296	0.00148	0.00370	0.00259	0.00296	0.00518
43	0.00891	0.00445	0.00445	0.00445	0.00557	0.00445	0.00334	0.01114	0.01002	0.01782	0.01559	0.01782	0.01225	0.00557	0.00334	0.00111	0.00223	0.00445	0.85856	0.00445
44	0.00830	0.00415	0.00623	0.00623	0.00623	0.00415	0.00415	0.00623	0.00623	0.00830	0.00830	0.01453	0.00830	0.01660	0.01868	0.86094	0.00415	0.00415	0.00208	0.00208
45	0.02089	0.00902	0.01164	0.00892	0.01264	0.00834	0.00737	0.15158	0.01516	0.67515	0.01762	0.01546	0.01121	0.00589	0.00480	0.00147	0.00427	0.00472	0.00573	0.00813
46	0.01042	0.00906	0.01189	0.01036	0.01262	0.00995	0.10317	0.04898	0.39863	0.01752	0.05611	0.13918	0.01800	0.03444	0.00640	0.00181	0.04063	0.06025	0.00430	0.00629
47	0.01176	0.34792	0.01795	0.01318	0.17760	0.06513	0.00949	0.03514	0.04332	0.01382	0.01246	0.02056	0.01212	0.00658	0.00449	0.00145	0.00523	0.19280	0.00291	0.00608
48	0.01186	0.29431	0.01527	0.00880	0.01182	0.04029	0.00745	0.03715	0.38166	0.01656	0.07900	0.01655	0.04799	0.00610	0.00432	0.00139	0.00425	0.00479	0.00382	0.00662
49	0.04962	0.43163	0.21555	0.03181	0.01467	0.04977	0.01034	0.01533	0.07928	0.01355	0.01008	0.01095	0.03986	0.00482	0.00380	0.00127	0.00549	0.00343	0.00245	0.00631
50	0.03118	0.16218	0.21444	0.01154	0.02798	0.24107	0.01095	0.13576	0.04466	0.06350	0.00937	0.01013	0.00711	0.00491	0.00426	0.00134	0.00649	0.00350	0.00295	0.00669
51	0.01034	0.00856	0.01168	0.05029	0.08060	0.02433	0.07513	0.02877	0.24250	0.06308	0.03691	0.28082	0.01848	0.00883	0.00572	0.00170	0.03429	0.00787	0.00409	0.00601

[dist]
# distance from previous block
# <min> <max>
0	2

[block]
# block no. 5 follows, 53 sequences, length 96
# corresponding to MSA columns:
# 295-321,326-394
name=unknown_F
#
# <colnr> <probs for GDERKNQSTAVLIFYWHMCP>
#	G	D	E	R	K	N	Q	S	T	A	V	L	I	F	Y	W	H	M	C	P
0	0.01819	0.01112	0.01257	0.00978	0.01333	0.01174	0.00803	0.47762	0.05636	0.25233	0.01426	0.01359	0.00978	0.00581	0.00470	0.00143	0.00464	0.00451	0.06233	0.00786
1	0.01110	0.00658	0.00791	0.00704	0.00913	0.00622	0.00545	0.05102	0.09565	0.21217	0.20223	0.12474	0.22236	0.00948	0.00537	0.00159	0.00312	0.00809	0.00505	0.00571
2	0.07842	0.00803	0.01049	0.00816	0.01168	0.00715	0.00672	0.02208	0.01313	0.71399	0.01787	0.01576	0.01140	0.00580	0.00461	0.00146	0.00395	0.00464	0.04691	0.00775
3	0.01343	0.01029	0.01118	0.00956	0.01243	0.01149	0.00757	0.19248	0.49321	0.07573	0.09375	0.01806	0.01594	0.00660	0.00492	0.00156	0.00398	0.00543	0.00496	0.00743
4	0.00865	0.00451	0.00468	0.00464	0.00576	0.00446	0.00348	0.01089	0.01044	0.01798	0.10881	0.01995	0.01616	0.00607	0.00361	0.00116	0.00223	0.00495	0.75711	0.00446
5	0.01189	0.01027	0.01081	0.00973	0.01243	0.01189	0.00757	0.02540	0.79357	0.01999	0.01945	0.01783	0.01459	0.00648	0.00486	0.00162	0.00378	0.00540	0.00486	0.00757
6	0.01189	0.01027	0.01081	0.00973	0.01243	0.01189	0.00757	0.02540	0.79357	0.01999	0.01945	0.01783	0.01459	0.00648	0.00486	0.00162	0.00378	0.00540	0.00486	0.00757
7	0.86579	0.00924	0.00702	0.00629	0.00924	0.01072	0.00518	0.01405	0.00813	0.02144	0.00666	0.00776	0.00518	0.00444	0.00296	0.00148	0.00370	0.00259	0.00296	0.00518
8	0.01717	0.02162	0.01315	0.01208	0.01445	0.75873	0.00913	0.01847	0.01337	0.01187	0.00859	0.01165	0.00759	0.00548	0.00446	0.00130	0.00834	0.05448	0.00259	0.00546
9	0.86579	0.00924	0.00702	0.00629	0.00924	0.01072	0.00518	0.01405	0.00813	0.02144	0.00666	0.00776	0.00518	0.00444	0.00296	0.00148	0.00370	0.00259	0.00296	0.00518
10	0.00959	0.02472	0.80726	0.01362	0.02069	0.01110	0.01766	0.01514	0.01009	0.01514	0.00858	0.01009	0.00605	0.00454	0.00454	0.00151	0.00706	0.00353	0.00202	0.00706
11	0.00683	0.00512	0.00768	0.00768	0.00853	0.00597	0.00597	0.00853	0.00768	0.01110	0.01280	0.01878	0.01195	0.03585	0.81308	0.00768	0.01280	0.00512	0.00256	0.00427
12	0.00582	0.00416	0.00555	0.00666	0.00693	0.00388	0.00444	0.00666	0.00915	0.01220	0.02634	0.82891	0.03161	0.01497	0.00610	0.00194	0.00277	0.01359	0.00444	0.00388
13	0.00736	0.00539	0.00722	0.00814	0.00932	0.00525	0.00702	0.00939	0.01098	0.01407	0.02919	0.05258	0.15742	0.01302	0.00644	0.00210	0.00407	0.64228	0.00441	0.00434
14	0.01183	0.01136	0.01940	0.02934	0.80221	0.01136	0.01467	0.01467	0.01088	0.01562	0.00899	0.01183	0.00757	0.00426	0.00473	0.00142	0.00568	0.00426	0.00237	0.00757
15	0.01189	0.01027	0.01081	0.00973	0.01243	0.01189	0.00757	0.02540	0.79357	0.01999	0.01945	0.01783	0.01459	0.00648	0.00486	0.00162	0.00378	0.00540	0.00486	0.00757
16	0.00594	0.00421	0.00551	0.00650	0.00675	0.00396	0.00428	0.00669	0.00892	0.01189	0.02516	0.74556	0.03012	0.10035	0.00801	0.00222	0.00297	0.01289	0.00428	0.00378
17	0.00618	0.00431	0.00544	0.00620	0.00639	0.00412	0.00395	0.00675	0.00846	0.01127	0.02278	0.57691	0.02711	0.27311	0.01186	0.00279	0.00336	0.01149	0.00395	0.00357
18	0.02144	0.00813	0.01109	0.00850	0.01220	0.00702	0.00702	0.02329	0.01368	0.80552	0.01886	0.01627	0.01183	0.00592	0.00481	0.00148	0.00407	0.00481	0.00592	0.00813
19	0.01023	0.00972	0.01650	0.48167	0.36240	0.01093	0.01387	0.01326	0.01013	0.01367	0.00871	0.01235	0.00689	0.00456	0.00476	0.00152	0.00607	0.00425	0.00223	0.00628
20	0.00959	0.02472	0.80726	0.01362	0.02069	0.01110	0.01766	0.01514	0.01009	0.01514	0.00858	0.01009	0.00605	0.00454	0.00454	0.00151	0.00706	0.00353	0.00202	0.00706
21	0.00569	0.00467	0.00502	0.00529	0.00657	0.00400	0.00383	0.00681	0.01046	0.01274	0.04295	0.23995	0.60985	0.01282	0.00576	0.00170	0.00251	0.01095	0.00444	0.00400
22	0.00953	0.00531	0.00609	0.00561	0.00705	0.00517	0.00430	0.04943	0.01212	0.07594	0.28820	0.02361	0.02344	0.00706	0.00432	0.00129	0.00252	0.00593	0.45816	0.00492
23	0.04211	0.22788	0.01478	0.00950	0.01204	0.22563	0.00783	0.06814	0.08071	0.02785	0.07241	0.05380	0.01176	0.00613	0.00518	0.00136	0.07747	0.00438	0.04522	0.00583
24	0.28982	0.42967	0.05643	0.00817	0.01201	0.01539	0.00778	0.10605	0.01074	0.01699	0.00732	0.00827	0.00606	0.00442	0.00331	0.00124	0.00477	0.00282	0.00266	0.00611
25	0.00962	0.00513	0.00689	0.00710	0.00821	0.00465	0.00507	0.01070	0.01025	0.20508	0.02452	0.63133	0.02680	0.01277	0.00579	0.00183	0.00309	0.01145	0.00480	0.00492
26	0.00707	0.00485	0.00560	0.00567	0.00656	0.00445	0.00388	0.00793	0.00954	0.05212	0.07368	0.16574	0.29117	0.29719	0.01221	0.00273	0.00340	0.03834	0.00402	0.00386
27	0.14712	0.05446	0.01242	0.02189	0.01306	0.14524	0.00803	0.18817	0.21338	0.06461	0.01238	0.01255	0.01974	0.00577	0.00510	0.00149	0.05992	0.00413	0.00384	0.00670
28	0.01233	0.00913	0.05394	0.00756	0.01001	0.02263	0.00638	0.24659	0.07376	0.03439	0.01416	0.01528	0.01072	0.00563	0.00400	0.00128	0.00368	0.00441	0.45811	0.00603
29	0.01342	0.44283	0.10719	0.01054	0.01461	0.21356	0.06139	0.01552	0.01082	0.01230	0.00735	0.00865	0.00626	0.00431	0.00374	0.00115	0.00630	0.00301	0.00222	0.05484
30	0.00870	0.00443	0.00453	0.00460	0.00566	0.00442	0.00342	0.01083	0.00996	0.01744	0.01633	0.07314	0.01357	0.00621	0.00353	0.00117	0.00226	0.00508	0.80031	0.00442
