[name]
unknown

[dist]
# distance from previous block
# <min> <max>
8	84

[block]
# block no. 0 follows, 43 sequences, length 6
# corresponding to MSA columns:
# 91-96
name=unknown_A
#
# <colnr> <probs for GDERKNQSTAVLIFYWHMCP>
#	G	D	E	R	K	N	Q	S	T	A	V	L	I	F	Y	W	H	M	C	P
0	0.01086	0.00751	0.00899	0.00862	0.01031	0.00785	0.00641	0.05173	0.17387	0.07322	0.08481	0.23568	0.06280	0.06099	0.10200	0.02565	0.00519	0.00926	0.04817	0.00606
1	0.00934	0.01060	0.10105	0.05705	0.01583	0.00919	0.13856	0.01170	0.01080	0.01479	0.02087	0.32035	0.06020	0.08543	0.00999	0.00239	0.10258	0.00991	0.00376	0.00563
2	0.30983	0.01219	0.01327	0.04846	0.01500	0.10233	0.06924	0.01529	0.01071	0.01822	0.01133	0.01802	0.01043	0.01036	0.07314	0.00254	0.15785	0.09255	0.00324	0.00599
3	0.01026	0.00807	0.00881	0.06427	0.01093	0.09996	0.00640	0.01036	0.00976	0.01235	0.04269	0.10041	0.01630	0.13915	0.08749	0.30663	0.00634	0.02886	0.02693	0.00402
4	0.29507	0.01191	0.06780	0.20109	0.01998	0.01233	0.04034	0.06664	0.01152	0.05031	0.01012	0.01290	0.00788	0.00866	0.06906	0.00235	0.06427	0.00432	0.00326	0.04019
5	0.14287	0.01081	0.01426	0.37037	0.02505	0.01243	0.01150	0.10386	0.10196	0.13389	0.01323	0.01502	0.00949	0.00604	0.00523	0.00179	0.00600	0.00489	0.00400	0.00731

[dist]
# distance from previous block
# <min> <max>
2	6

[block]
# block no. 1 follows, 43 sequences, length 27
# corresponding to MSA columns:
# 103-129
name=unknown_B
#
# <colnr> <probs for GDERKNQSTAVLIFYWHMCP>
#	G	D	E	R	K	N	Q	S	T	A	V	L	I	F	Y	W	H	M	C	P
0	0.00968	0.00802	0.01183	0.15364	0.09700	0.00827	0.02985	0.05580	0.02698	0.01653	0.03635	0.41300	0.02417	0.01179	0.00633	0.00198	0.00478	0.02877	0.00428	0.05095
1	0.01496	0.01527	0.05634	0.04182	0.27619	0.13932	0.04469	0.06308	0.10538	0.04497	0.01315	0.01656	0.01079	0.00606	0.00545	0.00163	0.00668	0.04514	0.00358	0.08894
2	0.00787	0.00564	0.00725	0.00725	0.00829	0.00531	0.00537	0.00991	0.01365	0.01888	0.47921	0.10514	0.06781	0.13171	0.00997	0.00243	0.00339	0.10060	0.00545	0.00485
3	0.13227	0.21678	0.01735	0.01062	0.01465	0.04294	0.00902	0.22452	0.19012	0.03993	0.01314	0.01323	0.01007	0.00603	0.00469	0.00156	0.00543	0.00439	0.00431	0.03897
4	0.05014	0.01366	0.09559	0.01189	0.03232	0.01178	0.03919	0.23302	0.05727	0.12040	0.01415	0.03128	0.01092	0.00624	0.00520	0.00152	0.00550	0.02939	0.00450	0.22604
5	0.01330	0.01345	0.01743	0.43467	0.16865	0.13267	0.01436	0.04763	0.04049	0.01597	0.01026	0.01387	0.00804	0.00575	0.00599	0.00176	0.04122	0.00476	0.00282	0.00691
6	0.01624	0.10318	0.13510	0.01494	0.01866	0.31908	0.09188	0.06032	0.01360	0.01573	0.00900	0.01125	0.00740	0.00622	0.00752	0.00170	0.15419	0.00422	0.00279	0.00698
7	0.00770	0.00561	0.00723	0.00691	0.00821	0.00515	0.00515	0.01014	0.01521	0.02131	0.68238	0.08091	0.09971	0.01181	0.00656	0.00178	0.00266	0.01042	0.00598	0.00515
8	0.00720	0.00559	0.00655	0.00640	0.00791	0.00494	0.00477	0.00918	0.01403	0.01852	0.40838	0.08958	0.37133	0.01287	0.00657	0.00183	0.00273	0.01109	0.00562	0.00494
9	0.00689	0.00524	0.00627	0.00681	0.00780	0.00470	0.00476	0.00821	0.01195	0.01547	0.14713	0.40173	0.29082	0.04630	0.00764	0.00217	0.00307	0.01320	0.00521	0.00462
10	0.00879	0.00629	0.00691	0.00650	0.00856	0.00554	0.00496	0.01117	0.05152	0.08571	0.16379	0.04661	0.54829	0.01261	0.00641	0.00184	0.00303	0.01059	0.00547	0.00540
11	0.01378	0.01190	0.01252	0.01127	0.01440	0.01378	0.00877	0.02943	0.76081	0.02317	0.02254	0.02066	0.01691	0.00751	0.00564	0.00188	0.00438	0.00626	0.00564	0.00877
12	0.84448	0.01071	0.00814	0.00728	0.01071	0.01242	0.00600	0.01628	0.00943	0.02485	0.00771	0.00900	0.00600	0.00514	0.00343	0.00171	0.00428	0.00300	0.00343	0.00600
13	0.01032	0.00516	0.00516	0.00516	0.00645	0.00516	0.00387	0.01290	0.01161	0.02065	0.01807	0.02065	0.01420	0.00645	0.00387	0.00129	0.00258	0.00516	0.83611	0.00516
14	0.01481	0.80869	0.02902	0.00948	0.01421	0.02191	0.00948	0.01658	0.01125	0.01303	0.00770	0.00888	0.00711	0.00474	0.00355	0.00118	0.00592	0.00296	0.00237	0.00711
15	0.02105	0.01551	0.01662	0.01274	0.01717	0.01717	0.01053	0.75235	0.02604	0.03490	0.01330	0.01330	0.00942	0.00665	0.00554	0.00166	0.00609	0.00499	0.00554	0.00942
16	0.84448	0.01071	0.00814	0.00728	0.01071	0.01242	0.00600	0.01628	0.00943	0.02485	0.00771	0.00900	0.00600	0.00514	0.00343	0.00171	0.00428	0.00300	0.00343	0.00600
17	0.00675	0.00482	0.00643	0.00771	0.00803	0.00450	0.00514	0.00771	0.01060	0.01414	0.03053	0.80175	0.03663	0.01735	0.00707	0.00225	0.00321	0.01574	0.00514	0.00450
18	0.84448	0.01071	0.00814	0.00728	0.01071	0.01242	0.00600	0.01628	0.00943	0.02485	0.00771	0.00900	0.00600	0.00514	0.00343	0.00171	0.00428	0.00300	0.00343	0.00600
19	0.00964	0.00837	0.01178	0.01079	0.01123	0.01079	0.00853	0.01103	0.00861	0.01275	0.01213	0.01990	0.01207	0.13789	0.36367	0.00576	0.33130	0.00579	0.00280	0.00517
20	0.02082	0.01774	0.01558	0.01264	0.01647	0.23732	0.01011	0.45184	0.02163	0.08848	0.01282	0.01309	0.00930	0.00639	0.00532	0.00158	0.00696	0.00463	0.03890	0.00838
21	0.00763	0.00558	0.00736	0.00846	0.00940	0.00531	0.00660	0.00932	0.01179	0.01528	0.03367	0.38482	0.13898	0.01602	0.00724	0.00232	0.00395	0.31638	0.00512	0.00478
22	0.02454	0.00992	0.01316	0.01009	0.01439	0.00888	0.00833	0.08615	0.01668	0.71432	0.02115	0.01840	0.01336	0.00684	0.00557	0.00171	0.00483	0.00552	0.00675	0.00942
23	0.00907	0.00670	0.00903	0.03159	0.01055	0.00648	0.04804	0.05364	0.01430	0.02020	0.35535	0.14295	0.11473	0.01101	0.00616	0.00178	0.00349	0.02430	0.12518	0.00545
24	0.00924	0.00712	0.00978	0.00949	0.01054	0.00825	0.00752	0.01149	0.03779	0.03529	0.01996	0.02978	0.07965	0.09109	0.38870	0.00575	0.12185	0.10784	0.00361	0.00524
25	0.05736	0.00547	0.00533	0.00528	0.00669	0.00557	0.00399	0.01310	0.01149	0.02088	0.01748	0.01999	0.01373	0.00638	0.00385	0.00131	0.00268	0.00504	0.78915	0.00521
26	0.01053	0.00991	0.01388	0.01249	0.01267	0.01325	0.01009	0.01178	0.00896	0.01344	0.01289	0.17426	0.01402	0.01496	0.10499	0.00314	0.54288	0.00720	0.00304	0.00561

[dist]
# distance from previous block
# <min> <max>
0	1

[block]
# block no. 2 follows, 43 sequences, length 25
# corresponding to MSA columns:
# 131-155
name=unknown_C
#
# <colnr> <probs for GDERKNQSTAVLIFYWHMCP>
#	G	D	E	R	K	N	Q	S	T	A	V	L	I	F	Y	W	H	M	C	P
0	0.01490	0.06434	0.01832	0.09256	0.04774	0.01343	0.13768	0.23655	0.03148	0.06428	0.07951	0.03397	0.05834	0.00748	0.00654	0.00179	0.05175	0.02745	0.00434	0.00752
1	0.01196	0.00625	0.00845	0.00855	0.01006	0.00569	0.00635	0.01341	0.01227	0.22424	0.02801	0.51120	0.02983	0.01425	0.00671	0.00213	0.00382	0.08529	0.00561	0.00592
2	0.32870	0.01578	0.03276	0.02683	0.05939	0.20066	0.03759	0.06953	0.01249	0.03210	0.00885	0.01085	0.00714	0.00610	0.00660	0.00176	0.12906	0.00391	0.00323	0.00668
3	0.00871	0.00618	0.00849	0.00964	0.01073	0.00616	0.00814	0.01091	0.01215	0.01585	0.02820	0.10259	0.03097	0.09506	0.00969	0.00282	0.00502	0.61889	0.00493	0.00489
4	0.01414	0.01176	0.01272	0.04068	0.01509	0.01337	0.00889	0.14150	0.54047	0.02422	0.05921	0.02197	0.05567	0.00782	0.00571	0.00184	0.00460	0.00647	0.00550	0.00839
5	0.00784	0.00566	0.00740	0.00697	0.00827	0.00523	0.00523	0.01045	0.01568	0.02221	0.76789	0.04137	0.05226	0.01132	0.00653	0.00174	0.00261	0.01002	0.00610	0.00523
6	0.00738	0.00564	0.00664	0.00674	0.00807	0.00510	0.00504	0.00912	0.01299	0.01691	0.26818	0.09805	0.33905	0.09332	0.00888	0.00229	0.00329	0.09330	0.00525	0.00475
7	0.04588	0.01164	0.01376	0.01068	0.01476	0.01173	0.00878	0.32342	0.01974	0.38639	0.06137	0.01764	0.01398	0.00697	0.00551	0.00168	0.00509	0.00550	0.02648	0.00897
8	0.09785	0.00831	0.00881	0.00787	0.01039	0.00878	0.00617	0.02022	0.21885	0.15099	0.01891	0.01917	0.01403	0.00668	0.00460	0.00157	0.00362	0.00532	0.38089	0.00697
9	0.00993	0.00524	0.00552	0.00545	0.00674	0.00517	0.00409	0.01252	0.01226	0.02090	0.13703	0.02394	0.02023	0.00723	0.00429	0.00136	0.00259	0.00593	0.70443	0.00517
10	0.01040	0.00996	0.01560	0.01319	0.01439	0.01191	0.12664	0.01232	0.01082	0.01554	0.12528	0.17391	0.04525	0.01079	0.01205	0.00218	0.37206	0.00825	0.00365	0.00581
11	0.01814	0.03784	0.01708	0.06090	0.09390	0.39984	0.01174	0.15092	0.01587	0.01784	0.00947	0.01150	0.00774	0.00632	0.00697	0.00165	0.11771	0.00420	0.00323	0.00715
12	0.01138	0.03883	0.03732	0.05622	0.05019	0.03127	0.03160	0.11458	0.01389	0.04718	0.08848	0.25519	0.09715	0.05729	0.00738	0.00204	0.00480	0.00932	0.00455	0.04132
13	0.01490	0.20369	0.15131	0.01957	0.20503	0.17673	0.11920	0.01817	0.01285	0.01582	0.00943	0.01164	0.00769	0.00507	0.00504	0.00154	0.00781	0.00428	0.00262	0.00761
14	0.02063	0.01530	0.01638	0.01266	0.01701	0.01698	0.01042	0.71015	0.06893	0.03422	0.01384	0.01373	0.00986	0.00670	0.00555	0.00167	0.00599	0.00506	0.00555	0.00938
15	0.01310	0.19767	0.36666	0.01570	0.09577	0.02984	0.06313	0.01742	0.01210	0.05047	0.02282	0.01225	0.00845	0.00517	0.00493	0.00155	0.00708	0.00418	0.00276	0.06895
16	0.84448	0.01071	0.00814	0.00728	0.01071	0.01242	0.00600	0.01628	0.00943	0.02485	0.00771	0.00900	0.00600	0.00514	0.00343	0.00171	0.00428	0.00300	0.00343	0.00600
17	0.02060	0.00893	0.01203	0.00969	0.01316	0.00832	0.00786	0.06533	0.01476	0.55000	0.01978	0.01975	0.01372	0.04314	0.16291	0.00329	0.00685	0.00570	0.00587	0.00830
18	0.01209	0.01204	0.06252	0.20309	0.32833	0.01155	0.07699	0.01536	0.01218	0.04845	0.01632	0.06410	0.08335	0.00685	0.00602	0.00179	0.02209	0.00633	0.00320	0.00735
19	0.01202	0.01047	0.01237	0.03573	0.08955	0.09858	0.03699	0.10958	0.01380	0.03296	0.02099	0.31103	0.02233	0.01361	0.05708	0.00245	0.00611	0.10376	0.00441	0.00617
20	0.00675	0.00482	0.00643	0.00771	0.00803	0.00450	0.00514	0.00771	0.01060	0.01414	0.03053	0.80175	0.03663	0.01735	0.00707	0.00225	0.00321	0.01574	0.00514	0.00450
21	0.01290	0.01558	0.10638	0.17845	0.09514	0.05833	0.33487	0.01839	0.09013	0.01734	0.01174	0.01474	0.00888	0.00529	0.00592	0.00181	0.00809	0.00559	0.00297	0.00747
22	0.03250	0.03906	0.16211	0.01585	0.02077	0.15007	0.19430	0.18194	0.01605	0.08102	0.01148	0.01302	0.00844	0.00581	0.00612	0.00172	0.04331	0.00490	0.00364	0.00791
23	0.00920	0.02281	0.01450	0.04538	0.01550	0.00801	0.19397	0.01167	0.01196	0.01591	0.05189	0.35134	0.02721	0.01272	0.00692	0.00217	0.00541	0.18348	0.00441	0.00553
24	0.14829	0.12946	0.03962	0.02483	0.01492	0.17925	0.00933	0.20540	0.01540	0.03509	0.01094	0.01331	0.00899	0.04368	0.09630	0.00256	0.00767	0.00430	0.00365	0.00703

[dist]
# distance from previous block
# <min> <max>
0	8

[block]
# block no. 3 follows, 43 sequences, length 28
# corresponding to MSA columns:
# 164-191
name=unknown_D
#
# <colnr> <probs for GDERKNQSTAVLIFYWHMCP>
#	G	D	E	R	K	N	Q	S	T	A	V	L	I	F	Y	W	H	M	C	P
0	0.24756	0.01410	0.03470	0.12123	0.15951	0.10157	0.07770	0.07519	0.04688	0.03658	0.01037	0.01252	0.00803	0.00556	0.00528	0.00172	0.02649	0.00443	0.00333	0.00724
1	0.01065	0.01025	0.01801	0.59967	0.03379	0.01214	0.11105	0.01423	0.01130	0.01469	0.01156	0.04770	0.00969	0.00645	0.00627	0.00191	0.03552	0.03619	0.00272	0.00621
2	0.00839	0.00580	0.00754	0.00830	0.00931	0.00556	0.00645	0.01002	0.01170	0.03772	0.05600	0.24925	0.11838	0.12643	0.01016	0.00274	0.00428	0.31224	0.00496	0.00478
3	0.00920	0.00826	0.01090	0.00998	0.01070	0.01004	0.00789	0.01060	0.01054	0.01466	0.10786	0.11253	0.20240	0.04729	0.07250	0.00282	0.33418	0.00849	0.00387	0.00526
4	0.01145	0.00886	0.00989	0.00935	0.01159	0.00952	0.00717	0.04556	0.35401	0.04877	0.08419	0.17444	0.11132	0.01076	0.00613	0.00194	0.00390	0.05080	0.03340	0.00694
5	0.00794	0.00724	0.06933	0.00760	0.00900	0.00567	0.00607	0.00913	0.01087	0.01440	0.11463	0.17700	0.19482	0.15287	0.04172	0.11614	0.00457	0.04225	0.00426	0.00449
6	0.01104	0.02008	0.41687	0.01448	0.02031	0.03699	0.13841	0.01569	0.01243	0.03619	0.04762	0.05258	0.13831	0.00741	0.00581	0.00180	0.00703	0.00650	0.00327	0.00719
7	0.00717	0.00513	0.00688	0.00795	0.00852	0.00484	0.00565	0.00856	0.01153	0.01548	0.12379	0.60758	0.03798	0.01632	0.00708	0.00222	0.00339	0.11000	0.00526	0.00467
8	0.01474	0.71218	0.09052	0.01019	0.01514	0.05210	0.01044	0.01689	0.01147	0.01343	0.00792	0.00916	0.00710	0.00482	0.00375	0.00124	0.00628	0.00308	0.00239	0.00717
9	0.00678	0.00500	0.00635	0.00732	0.00796	0.00457	0.00499	0.00791	0.01123	0.01474	0.07726	0.63483	0.15788	0.01646	0.00695	0.00216	0.00311	0.01475	0.00520	0.00457
10	0.01187	0.01060	0.01020	0.00994	0.01177	0.11182	0.00732	0.07446	0.23075	0.01849	0.02359	0.38611	0.02422	0.01180	0.00617	0.00196	0.00466	0.01023	0.02761	0.00640
11	0.01385	0.15469	0.10169	0.04992	0.25915	0.04168	0.10995	0.05624	0.01296	0.04371	0.01202	0.07701	0.01057	0.00624	0.00570	0.00168	0.02657	0.00556	0.00312	0.00770
12	0.02990	0.04343	0.11271	0.04049	0.01866	0.01079	0.18828	0.01621	0.03786	0.05937	0.03272	0.05974	0.01157	0.00598	0.00569	0.00152	0.03285	0.00545	0.03159	0.25519
13	0.07380	0.34781	0.22135	0.01313	0.04424	0.01610	0.08587	0.01778	0.01189	0.08429	0.01027	0.01160	0.00797	0.00514	0.00455	0.00151	0.00656	0.00398	0.02462	0.00756
14	0.01877	0.01484	0.01579	0.07600	0.01835	0.05051	0.01059	0.52016	0.16593	0.02999	0.01458	0.01469	0.01059	0.00668	0.00553	0.00171	0.00604	0.00516	0.00519	0.00889
15	0.00665	0.00561	0.00576	0.00572	0.00755	0.00472	0.00429	0.00815	0.01287	0.01555	0.11427	0.05232	0.71003	0.01381	0.00654	0.00186	0.00279	0.01155	0.00522	0.00472
16	0.01282	0.10576	0.23675	0.12579	0.06418	0.01251	0.05190	0.01813	0.09493	0.08697	0.08955	0.01887	0.01456	0.00662	0.00549	0.00174	0.00635	0.03590	0.00368	0.00752
17	0.01392	0.09132	0.08093	0.03670	0.03506	0.08055	0.10985	0.07229	0.01327	0.08044	0.01489	0.11232	0.01303	0.00743	0.00616	0.00170	0.06015	0.00620	0.15699	0.00681
18	0.01443	0.00842	0.01039	0.00923	0.01186	0.00836	0.00732	0.02015	0.20722	0.24451	0.22996	0.06269	0.05309	0.00973	0.00614	0.00187	0.00396	0.07731	0.00604	0.00732
19	0.01226	0.01251	0.01939	0.07959	0.09198	0.04880	0.15786	0.01449	0.01030	0.01451	0.00967	0.01521	0.00889	0.07493	0.03425	0.00257	0.37835	0.00543	0.00264	0.00637
20	0.04577	0.03408	0.04810	0.08261	0.17964	0.03964	0.18086	0.06962	0.02886	0.15285	0.01324	0.03439	0.01010	0.00600	0.00614	0.00176	0.03908	0.00551	0.01385	0.00791
21	0.01193	0.01343	0.13091	0.07367	0.14350	0.01118	0.20384	0.04001	0.01190	0.04192	0.01270	0.01832	0.01087	0.12246	0.11016	0.00320	0.00834	0.00582	0.01896	0.00687
22	0.00694	0.00531	0.00637	0.00677	0.00789	0.00474	0.00482	0.00846	0.01256	0.01638	0.21742	0.34661	0.30639	0.01469	0.00675	0.00199	0.00292	0.01289	0.00537	0.00474
23	0.03251	0.03308	0.09387	0.30371	0.17183	0.01276	0.09232	0.05879	0.04670	0.03523	0.03093	0.04156	0.01050	0.00600	0.00559	0.00178	0.00687	0.00549	0.00317	0.00732
24	0.01381	0.37604	0.15751	0.01617	0.13588	0.06207	0.09650	0.01694	0.01210	0.01542	0.02772	0.02775	0.00919	0.00532	0.00472	0.00148	0.00691	0.00434	0.00265	0.00746
25	0.00771	0.00517	0.00673	0.00727	0.00780	0.00498	0.00500	0.00806	0.00989	0.01300	0.04072	0.32394	0.12675	0.12907	0.06647	0.18001	0.00467	0.04459	0.00418	0.00399
26	0.00711	0.00503	0.00626	0.00710	0.00743	0.00476	0.00457	0.00782	0.01001	0.01322	0.02843	0.53640	0.07844	0.24134	0.01304	0.00311	0.00380	0.01330	0.00463	0.00418
27	0.01849	0.08543	0.07890	0.04558	0.07761	0.01183	0.01074	0.06288	0.07101	0.35825	0.01703	0.03378	0.01239	0.00701	0.00635	0.00176	0.06247	0.02511	0.00498	0.00840

[dist]
# distance from previous block
# <min> <max>
0	4

[block]
# block no. 4 follows, 43 sequences, length 105
# corresponding to MSA columns:
# 196-300
name=unknown_E
#
# <colnr> <probs for GDERKNQSTAVLIFYWHMCP>
#	G	D	E	R	K	N	Q	S	T	A	V	L	I	F	Y	W	H	M	C	P
0	0.14569	0.17469	0.05633	0.03030	0.05393	0.31511	0.01069	0.08779	0.01406	0.01764	0.00884	0.01040	0.00725	0.00562	0.00514	0.00153	0.04131	0.00367	0.00304	0.00696
1	0.06894	0.01256	0.03019	0.04052	0.07123	0.04215	0.12245	0.04114	0.14063	0.05460	0.01289	0.01515	0.01022	0.00603	0.00649	0.00162	0.08499	0.01979	0.00371	0.21472
2	0.02897	0.24972	0.13920	0.02350	0.01724	0.09833	0.02708	0.21239	0.01557	0.02020	0.01009	0.01154	0.00803	0.00686	0.03224	0.00175	0.03458	0.00403	0.00336	0.05531
3	0.01020	0.00622	0.00867	0.00837	0.00974	0.00651	0.00642	0.01217	0.01118	0.11379	0.11927	0.13780	0.02224	0.02602	0.38762	0.00530	0.02147	0.00779	0.07370	0.00553
4	0.01190	0.01448	0.11243	0.25059	0.04697	0.01387	0.29422	0.01583	0.01148	0.01586	0.00992	0.01397	0.00774	0.00591	0.00815	0.00194	0.14978	0.00542	0.00258	0.00694
5	0.00703	0.00496	0.00632	0.00730	0.00759	0.00469	0.00473	0.00779	0.01009	0.01341	0.02826	0.61737	0.04981	0.18941	0.01167	0.00292	0.00367	0.01397	0.00475	0.00425
6	0.01183	0.00982	0.01182	0.01214	0.07458	0.02360	0.00866	0.05495	0.32909	0.01886	0.01892	0.03634	0.01635	0.05710	0.21259	0.02322	0.00759	0.06115	0.00441	0.00699
7	0.11116	0.00956	0.01236	0.00958	0.01378	0.00859	0.00791	0.02586	0.01517	0.69569	0.02036	0.01781	0.01290	0.00667	0.00534	0.00171	0.00467	0.00530	0.00649	0.00906
8	0.00678	0.00488	0.00644	0.00761	0.00802	0.00453	0.00511	0.00783	0.01087	0.01448	0.06031	0.74583	0.06279	0.01700	0.00703	0.00222	0.00318	0.01538	0.00518	0.00453
9	0.00760	0.00565	0.00707	0.00672	0.00813	0.00512	0.00504	0.00999	0.01512	0.02088	0.63747	0.04356	0.18351	0.01182	0.00653	0.00177	0.00265	0.01032	0.00592	0.00512
10	0.02069	0.02640	0.01569	0.01427	0.01712	0.78313	0.01070	0.02212	0.01569	0.01355	0.00856	0.00999	0.00713	0.00571	0.00499	0.00143	0.00999	0.00357	0.00285	0.00642
11	0.02069	0.02640	0.01569	0.01427	0.01712	0.78313	0.01070	0.02212	0.01569	0.01355	0.00856	0.00999	0.00713	0.00571	0.00499	0.00143	0.00999	0.00357	0.00285	0.00642
12	0.02346	0.00902	0.01212	0.00941	0.01340	0.00786	0.00773	0.02564	0.01545	0.70259	0.02149	0.01902	0.01376	0.00682	0.00541	0.00167	0.00451	0.00553	0.08611	0.00902
13	0.78376	0.01062	0.00849	0.00747	0.01096	0.01211	0.00616	0.01707	0.00990	0.08040	0.00876	0.00973	0.00657	0.00527	0.00359	0.00171	0.00432	0.00319	0.00368	0.00625
14	0.00847	0.00605	0.00774	0.00729	0.00877	0.00570	0.00554	0.01163	0.04968	0.03835	0.66482	0.04111	0.07600	0.01129	0.00651	0.00178	0.00283	0.03496	0.00602	0.00546
15	0.00892	0.00637	0.00892	0.01020	0.01147	0.00637	0.00892	0.01147	0.01275	0.01657	0.02932	0.06247	0.03187	0.01530	0.00765	0.00255	0.00510	0.73354	0.00510	0.00510
16	0.01071	0.00622	0.00578	0.00569	0.00706	0.04295	0.00427	0.01324	0.01200	0.02038	0.05285	0.02110	0.01564	0.00665	0.00405	0.00132	0.00294	0.00531	0.75663	0.00523
17	0.00805	0.00537	0.00604	0.00604	0.00604	0.00537	0.00336	0.00805	0.00805	0.01074	0.01745	0.03624	0.02013	0.80536	0.02819	0.00537	0.00537	0.00805	0.00336	0.00336
18	0.84448	0.01071	0.00814	0.00728	0.01071	0.01242	0.00600	0.01628	0.00943	0.02485	0.00771	0.00900	0.00600	0.00514	0.00343	0.00171	0.00428	0.00300	0.00343	0.00600
19	0.01133	0.07585	0.73142	0.01540	0.02338	0.01341	0.01980	0.01748	0.01167	0.01727	0.00980	0.01152	0.00702	0.00523	0.00516	0.00172	0.00805	0.00402	0.00234	0.00812
20	0.01331	0.00745	0.00908	0.00811	0.00980	0.00749	0.00578	0.01637	0.12025	0.21443	0.01909	0.02789	0.01732	0.39950	0.09647	0.00426	0.00602	0.00692	0.00457	0.00591
21	0.01111	0.02865	0.77667	0.01579	0.02397	0.01286	0.02046	0.01754	0.01169	0.01754	0.00994	0.01169	0.00702	0.00526	0.00526	0.00175	0.00818	0.00409	0.00234	0.00818
22	0.00962	0.00481	0.00722	0.00722	0.00722	0.00481	0.00481	0.00722	0.00722	0.00962	0.00962	0.01684	0.00962	0.01924	0.02165	0.83886	0.00481	0.00481	0.00241	0.00241
23	0.01111	0.01179	0.02452	0.01848	0.02244	0.01105	0.51885	0.01462	0.01230	0.01662	0.01721	0.25962	0.01718	0.00861	0.00670	0.00199	0.00743	0.00940	0.00353	0.00655
24	0.01303	0.01021	0.01128	0.01029	0.01279	0.01125	0.00787	0.16677	0.34878	0.03380	0.03507	0.25881	0.03519	0.01051	0.00608	0.00194	0.00432	0.00905	0.00548	0.00748
25	0.01373	0.07660	0.06497	0.01032	0.01396	0.04045	0.00885	0.10778	0.09347	0.04322	0.01181	0.01367	0.00953	0.00747	0.00791	0.10413	0.07275	0.00431	0.02842	0.26666
26	0.04256	0.11335	0.29356	0.09437	0.10182	0.10910	0.04674	0.04821	0.01304	0.07195	0.01052	0.01231	0.00787	0.00539	0.00511	0.00164	0.00747	0.00428	0.00298	0.00773
27	0.01083	0.01125	0.02248	0.01726	0.02080	0.01081	0.44433	0.01408	0.01215	0.01637	0.01923	0.22667	0.05538	0.00924	0.00731	0.00203	0.04646	0.04332	0.00363	0.00636
28	0.00842	0.00616	0.00666	0.00643	0.00822	0.00552	0.00473	0.01056	0.05519	0.06578	0.07968	0.08404	0.51988	0.10331	0.00892	0.00227	0.00333	0.01068	0.00513	0.00509
29	0.02426	0.06881	0.54065	0.04306	0.14084	0.01344	0.01832	0.01787	0.04968	0.01765	0.01049	0.01236	0.00780	0.00530	0.00520	0.00171	0.00753	0.00428	0.00259	0.00815
30	0.01236	0.01011	0.04951	0.01227	0.01500	0.02267	0.12165	0.05144	0.07281	0.10862	0.02294	0.19055	0.02278	0.01131	0.00687	0.00213	0.01917	0.23646	0.00482	0.00654
31	0.01301	0.01474	0.03185	0.02275	0.02833	0.01375	0.72155	0.01759	0.01301	0.01775	0.01115	0.01480	0.00840	0.00465	0.00644	0.00183	0.00913	0.00641	0.00282	0.04006
32	0.00681	0.00545	0.00604	0.00624	0.00765	0.00474	0.00451	0.00824	0.01246	0.01562	0.14537	0.20614	0.49442	0.04186	0.00740	0.00205	0.00295	0.01218	0.00521	0.00467
33	0.04661	0.02512	0.05427	0.01484	0.04679	0.66316	0.01128	0.04615	0.01552	0.01502	0.00884	0.01030	0.00723	0.00567	0.00499	0.00147	0.00945	0.00368	0.00293	0.00669
34	0.00865	0.00550	0.00667	0.00638	0.00768	0.00520	0.00478	0.01125	0.01435	0.02170	0.52315	0.03461	0.03983	0.00973	0.00566	0.00159	0.00260	0.00843	0.27701	0.00520
35	0.02069	0.02640	0.01569	0.01427	0.01712	0.78313	0.01070	0.02212	0.01569	0.01355	0.00856	0.00999	0.00713	0.00571	0.00499	0.00143	0.00999	0.00357	0.00285	0.00642
36	0.00912	0.00549	0.00734	0.00789	0.00882	0.00504	0.00552	0.01043	0.01188	0.10925	0.12027	0.61121	0.03572	0.01531	0.00682	0.00212	0.00332	0.01378	0.00547	0.00520
37	0.00843	0.00569	0.00720	0.00785	0.00880	0.00538	0.00549	0.01051	0.05903	0.06626	0.05960	0.59934	0.10435	0.01548	0.00681	0.00213	0.00333	0.01385	0.00532	0.00515
38	0.84448	0.01071	0.00814	0.00728	0.01071	0.01242	0.00600	0.01628	0.00943	0.02485	0.00771	0.00900	0.00600	0.00514	0.00343	0.00171	0.00428	0.00300	0.00343	0.00600
39	0.01483	0.01210	0.01288	0.01134	0.01463	0.01384	0.00889	0.09034	0.66904	0.05418	0.02173	0.01997	0.01615	0.00741	0.00562	0.00185	0.00454	0.00613	0.00568	0.00885
40	0.00838	0.00612	0.00821	0.00930	0.01058	0.00595	0.00789	0.01062	0.01253	0.01612	0.03333	0.12915	0.13947	0.01530	0.00744	0.00242	0.00459	0.56250	0.00511	0.00498
41	0.01020	0.00938	0.01568	0.53221	0.11296	0.01094	0.03366	0.01331	0.01112	0.01456	0.01357	0.14324	0.01276	0.03529	0.00660	0.00201	0.00660	0.00683	0.00297	0.00611
42	0.00736	0.00516	0.00662	0.00748	0.00786	0.00495	0.00505	0.00831	0.01040	0.01389	0.06428	0.48834	0.03260	0.22486	0.01267	0.00308	0.00394	0.08415	0.00471	0.00429
43	0.01403	0.01202	0.01267	0.01132	0.01450	0.01389	0.00883	0.05456	0.73527	0.02358	0.02222	0.02041	0.01665	0.00748	0.00563	0.00187	0.00444	0.00622	0.00563	0.00879
44	0.01079	0.00991	0.01603	0.29596	0.28036	0.01082	0.01306	0.01380	0.01223	0.01665	0.12050	0.06565	0.06645	0.00754	0.00629	0.00181	0.03534	0.00671	0.00340	0.00672
45	0.01366	0.01691	0.26628	0.01491	0.06312	0.01078	0.13260	0.01806	0.02837	0.12815	0.02883	0.01416	0.00983	0.00525	0.00526	0.00152	0.00649	0.00471	0.00350	0.22760
46	0.00704	0.00497	0.00649	0.00758	0.00790	0.00472	0.00505	0.00794	0.01032	0.01375	0.02852	0.65282	0.03395	0.13479	0.01025	0.00273	0.00362	0.04834	0.00487	0.00436
47	0.00694	0.00495	0.00664	0.00793	0.00833	0.00466	0.00547	0.00804	0.01079	0.01435	0.03042	0.73811	0.03622	0.01717	0.00712	0.00228	0.00338	0.07753	0.00514	0.00455
48	0.01285	0.14327	0.06059	0.00926	0.01431	0.01097	0.00822	0.07938	0.01274	0.01867	0.00980	0.01123	0.00806	0.00450	0.00421	0.00101	0.00482	0.00343	0.00327	0.57942
49	0.00749	0.00564	0.00746	0.00895	0.03841	0.00542	0.00597	0.00938	0.04737	0.01494	0.03080	0.64112	0.07792	0.01606	0.00694	0.00220	0.00350	0.06044	0.00507	0.00492
50	0.00713	0.00532	0.00663	0.00696	0.00800	0.00482	0.00497	0.00883	0.01301	0.01745	0.32188	0.34259	0.20356	0.01428	0.00675	0.00197	0.00289	0.01263	0.00551	0.00482
51	0.01046	0.00984	0.01661	0.79205	0.03814	0.01230	0.01538	0.01415	0.01107	0.01415	0.00984	0.01477	0.00738	0.00554	0.00554	0.00185	0.00738	0.00492	0.00246	0.00615
52	0.01223	0.01774	0.22599	0.07394	0.02676	0.01338	0.43729	0.01770	0.05028	0.01754	0.01177	0.03437	0.00910	0.00544	0.00630	0.00186	0.02196	0.00597	0.00285	0.00753
53	0.01361	0.03704	0.02176	0.01680	0.01917	0.08521	0.24639	0.01602	0.01097	0.04334	0.00946	0.01332	0.00808	0.00859	0.03898	0.00232	0.39425	0.00528	0.00277	0.00666
54	0.03079	0.01113	0.01984	0.43322	0.13091	0.01237	0.16585	0.01534	0.01169	0.03331	0.01126	0.04215	0.00905	0.00583	0.00602	0.00183	0.02690	0.00561	0.02013	0.00677
55	0.31716	0.01123	0.01200	0.00957	0.01358	0.01166	0.00790	0.18301	0.01580	0.34346	0.01491	0.01410	0.01001	0.00620	0.00480	0.00170	0.00486	0.00452	0.00534	0.00820
56	0.01046	0.00984	0.01661	0.79205	0.03814	0.01230	0.01538	0.01415	0.01107	0.01415	0.00984	0.01477	0.00738	0.00554	0.00554	0.00185	0.00738	0.00492	0.00246	0.00615
57	0.00665	0.00546	0.00585	0.00608	0.00763	0.00467	0.00444	0.00803	0.01239	0.01517	0.08682	0.19482	0.59378	0.01452	0.00664	0.00194	0.00287	0.01238	0.00519	0.00467
58	0.00686	0.00562	0.00604	0.00594	0.00767	0.00481	0.00445	0.00855	0.01336	0.01671	0.22827	0.05041	0.59531	0.01337	0.00654	0.00184	0.00276	0.01128	0.00537	0.00481
59	0.01716	0.02092	0.01332	0.01220	0.01470	0.57772	0.00915	0.01877	0.01537	0.01507	0.13378	0.01953	0.09475	0.00748	0.00540	0.00152	0.00806	0.00545	0.00361	0.00605
60	0.00759	0.00565	0.00707	0.00671	0.00812	0.00512	0.00503	0.00998	0.01510	0.02084	0.63372	0.04362	0.18728	0.01183	0.00653	0.00177	0.00265	0.01033	0.00592	0.00512
61	0.01378	0.01190	0.01252	0.01127	0.01440	0.01378	0.00877	0.02943	0.76081	0.02317	0.02254	0.02066	0.01691	0.00751	0.00564	0.00188	0.00438	0.00626	0.00564	0.00877
62	0.02105	0.01551	0.01662	0.01274	0.01717	0.01717	0.01053	0.75235	0.02604	0.03490	0.01330	0.01330	0.00942	0.00665	0.00554	0.00166	0.00609	0.00499	0.00554	0.00942
63	0.01212	0.01212	0.01696	0.01454	0.01454	0.01696	0.01212	0.01333	0.00848	0.01333	0.00727	0.01212	0.00727	0.00969	0.01818	0.00242	0.79523	0.00485	0.00242	0.00606
64	0.01032	0.00516	0.00516	0.00516	0.00645	0.00516	0.00387	0.01290	0.01161	0.02065	0.01807	0.02065	0.01420	0.00645	0.00387	0.00129	0.00258	0.00516	0.83611	0.00516
65	0.69322	0.01159	0.00970	0.00829	0.01190	0.01330	0.00683	0.15149	0.01248	0.02670	0.00874	0.00979	0.00663	0.00542	0.00382	0.00170	0.00462	0.00336	0.00382	0.00663
66	0.00767	0.00598	0.00854	0.16280	0.01400	0.00625	0.00719	0.00922	0.01063	0.01399	0.02619	0.50795	0.06321	0.06983	0.03334	0.00259	0.00461	0.03680	0.00442	0.00479
67	0.01253	0.01388	0.02965	0.07312	0.02807	0.01327	0.64064	0.01695	0.01282	0.01732	0.01228	0.01792	0.00986	0.00621	0.02444	0.00207	0.00908	0.04977	0.00292	0.00718
68	0.02298	0.00967	0.01262	0.00979	0.01391	0.00871	0.00804	0.06273	0.05220	0.63972	0.02087	0.01849	0.01348	0.00676	0.00544	0.00167	0.00465	0.00548	0.04559	0.03721
69	0.00674	0.00486	0.00639	0.00761	0.00800	0.00451	0.00509	0.00772	0.01071	0.01418	0.03182	0.76386	0.07368	0.01718	0.00704	0.00223	0.00319	0.01554	0.00514	0.00451
70	0.01148	0.00984	0.01148	0.00820	0.01312	0.00738	0.00656	0.01395	0.01148	0.01805	0.00984	0.01148	0.00820	0.00410	0.00410	0.00082	0.00410	0.00328	0.00328	0.83922
71	0.32259	0.01067	0.01150	0.00930	0.01322	0.01098	0.00764	0.09761	0.06076	0.37883	0.01586	0.01480	0.01066	0.00625	0.00479	0.00172	0.00468	0.00462	0.00539	0.00813
72	0.00696	0.00501	0.00663	0.00786	0.00827	0.00474	0.00533	0.00826	0.02566	0.01439	0.03033	0.76288	0.03609	0.01709	0.00706	0.00225	0.00330	0.03814	0.00515	0.00460
73	0.17023	0.01291	0.01385	0.01075	0.01502	0.01361	0.00885	0.40631	0.01963	0.17342	0.01358	0.01340	0.00950	0.00616	0.00502	0.00160	0.00530	0.00457	0.00519	0.09110
74	0.01059	0.00811	0.00968	0.00774	0.01101	0.00674	0.00606	0.04098	0.01385	0.05050	0.28867	0.02679	0.09979	0.00790	0.00534	0.00133	0.00354	0.00670	0.00471	0.38997
75	0.00791	0.00593	0.00890	0.00890	0.00989	0.00692	0.00692	0.00989	0.00890	0.01286	0.01483	0.02176	0.01385	0.04154	0.78341	0.00890	0.01483	0.00593	0.00297	0.00494
76	0.06074	0.01097	0.01305	0.01017	0.01417	0.01088	0.00837	0.25282	0.01833	0.43238	0.01812	0.01682	0.01205	0.00667	0.00529	0.00166	0.00491	0.00523	0.08853	0.00884
77	0.02485	0.00943	0.01285	0.00985	0.01414	0.00814	0.00814	0.02699	0.01585	0.77465	0.02185	0.01885	0.01371	0.00685	0.00557	0.00171	0.00471	0.00557	0.00685	0.00943
78	0.01792	0.01396	0.01486	0.01211	0.01598	0.01571	0.00977	0.44132	0.34217	0.02985	0.01727	0.01647	0.01264	0.00702	0.00558	0.00176	0.00536	0.00553	0.00558	0.00914
79	0.01371	0.01316	0.02248	0.03399	0.77081	0.01316	0.01700	0.01700	0.01261	0.01809	0.01042	0.01371	0.00877	0.00493	0.00548	0.00164	0.00658	0.00493	0.00274	0.00877
80	0.02485	0.00943	0.01285	0.00985	0.01414	0.00814	0.00814	0.02699	0.01585	0.77465	0.02185	0.01885	0.01371	0.00685	0.00557	0.00171	0.00471	0.00557	0.00685	0.00943
81	0.28624	0.00984	0.01135	0.00903	0.01304	0.00951	0.00746	0.02357	0.01380	0.53553	0.01734	0.01571	0.01125	0.00631	0.00489	0.00171	0.00458	0.00475	0.00576	0.00833
82	0.00678	0.00487	0.00644	0.00764	0.00803	0.00453	0.00512	0.00781	0.01082	0.01444	0.05669	0.75975	0.05240	0.01707	0.00704	0.00222	0.00318	0.01546	0.00517	0.00453
83	0.01125	0.00987	0.01643	0.65993	0.09088	0.01183	0.01467	0.01479	0.01164	0.05059	0.04727	0.01617	0.00996	0.00583	0.00558	0.00182	0.00696	0.00520	0.00287	0.00646
84	0.01518	0.00771	0.00959	0.00821	0.01029	0.00742	0.00603	0.06773	0.02835	0.29106	0.05511	0.04482	0.01846	0.33085	0.05360	0.00355	0.00539	0.00700	0.02331	0.00633
85	0.00939	0.00489	0.00704	0.00704	0.00704	0.00489	0.00460	0.00734	0.00734	0.00978	0.01076	0.01967	0.01116	0.13416	0.02260	0.71702	0.00489	0.00528	0.00254	0.00254
86	0.01553	0.01518	0.01313	0.01179	0.01484	0.19447	0.00910	0.05318	0.53029	0.02123	0.01875	0.01789	0.01423	0.00702	0.00541	0.00174	0.00569	0.00554	0.03688	0.00810
87	0.01433	0.60350	0.18660	0.01106	0.01643	0.05900	0.01186	0.01707	0.01157	0.01401	0.00822	0.00954	0.00709	0.00490	0.00399	0.00132	0.00661	0.00323	0.00239	0.00730
88	0.14536	0.01113	0.01285	0.01006	0.01412	0.01118	0.00829	0.22871	0.01756	0.41934	0.01716	0.01590	0.01138	0.00652	0.00516	0.00168	0.00494	0.00500	0.04495	0.00871
89	0.00687	0.00495	0.00651	0.00754	0.00804	0.00459	0.00512	0.00805	0.01128	0.01513	0.11889	0.68348	0.06600	0.01651	0.00699	0.00217	0.00313	0.01491	0.00525	0.00459
90	0.01046	0.00984	0.01661	0.79205	0.03814	0.01230	0.01538	0.01415	0.01107	0.01415	0.00984	0.01477	0.00738	0.00554	0.00554	0.00185	0.00738	0.00492	0.00246	0.00615
91	0.00763	0.00578	0.00719	0.00773	0.00908	0.00534	0.00615	0.00959	0.01295	0.01673	0.17257	0.15382	0.28613	0.01442	0.00700	0.00213	0.00362	0.26195	0.00530	0.00490
92	0.01148	0.10602	0.70251	0.01516	0.02300	0.01376	0.01937	0.01744	0.01165	0.01709	0.00972	0.01141	0.00702	0.00521	0.00509	0.00170	0.00796	0.00398	0.00234	0.00808
93	0.00758	0.00542	0.00738	0.00867	0.00935	0.00522	0.00659	0.00915	0.01143	0.01507	0.03006	0.51829	0.03481	0.01656	0.00729	0.00236	0.00394	0.29096	0.00513	0.00473
94	0.04371	0.01452	0.06104	0.07572	0.06244	0.01373	0.37521	0.16216	0.01555	0.10166	0.01243	0.01460	0.00896	0.00541	0.00594	0.00179	0.00770	0.00569	0.00374	0.00801
95	0.01386	0.01214	0.02115	0.01824	0.13914	0.01134	0.29794	0.06829	0.01360	0.06947	0.01252	0.01493	0.00956	0.00511	0.00544	0.00154	0.00652	0.00531	0.10647	0.16741
96	0.00919	0.00781	0.01135	0.01062	0.01130	0.00998	0.00850	0.01094	0.00877	0.01300	0.01253	0.01883	0.01185	0.03185	0.55066	0.00693	0.25220	0.00560	0.00280	0.00528
97	0.70930	0.06522	0.01034	0.00800	0.01157	0.03635	0.00667	0.06543	0.01084	0.02439	0.00811	0.00930	0.00633	0.00523	0.00362	0.00167	0.00468	0.00315	0.00348	0.00631
98	0.00796	0.00577	0.00760	0.00765	0.00893	0.00541	0.00599	0.01041	0.01461	0.02017	0.52946	0.08665	0.08318	0.01266	0.00681	0.00195	0.00321	0.17068	0.00578	0.00513
99	0.01167	0.11614	0.44692	0.01265	0.01940	0.01223	0.01478	0.01630	0.01157	0.01716	0.00964	0.01129	0.00740	0.00483	0.00469	0.00139	0.00663	0.00370	0.00264	0.26896
100	0.00784	0.00566	0.00740	0.00697	0.00827	0.00523	0.00523	0.01045	0.01568	0.02221	0.76789	0.04137	0.05226	0.01132	0.00653	0.00174	0.00261	0.01002	0.00610	0.00523
101	0.00742	0.00564	0.00683	0.00653	0.00802	0.00505	0.00490	0.00965	0.01469	0.01987	0.53864	0.04521	0.28297	0.01219	0.00654	0.00178	0.00267	0.01055	0.00579	0.00505
102	0.01818	0.02646	0.21662	0.01459	0.01893	0.54260	0.01327	0.05637	0.01514	0.01564	0.00915	0.01060	0.00721	0.00564	0.00509	0.00152	0.00932	0.00377	0.00285	0.00703
103	0.00805	0.00537	0.00604	0.00604	0.00604	0.00537	0.00336	0.00805	0.00805	0.01074	0.01745	0.03624	0.02013	0.80536	0.02819	0.00537	0.00537	0.00805	0.00336	0.00336
104	0.00739	0.00570	0.00679	0.00682	0.00832	0.00511	0.00525	0.00942	0.01384	0.01815	0.34807	0.07560	0.35379	0.01317	0.00669	0.00191	0.00302	0.10047	0.00553	0.00495

[dist]
# distance from previous block
# <min> <max>
0	1

[block]
# block no. 5 follows, 43 sequences, length 55
# corresponding to MSA columns:
# 302-318,329-366
name=unknown_F
#
# <colnr> <probs for GDERKNQSTAVLIFYWHMCP>
#	G	D	E	R	K	N	Q	S	T	A	V	L	I	F	Y	W	H	M	C	P
0	0.84448	0.01071	0.00814	0.00728	0.01071	0.01242	0.00600	0.01628	0.00943	0.02485	0.00771	0.00900	0.00600	0.00514	0.00343	0.00171	0.00428	0.00300	0.00343	0.00600
1	0.08005	0.01517	0.01601	0.01235	0.01671	0.01683	0.01020	0.69961	0.02485	0.03418	0.01290	0.01299	0.00917	0.00654	0.00539	0.00167	0.00596	0.00484	0.00539	0.00917
2	0.00798	0.00534	0.00606	0.00614	0.00615	0.00532	0.00346	0.00803	0.00820	0.01093	0.01819	0.07978	0.02107	0.76055	0.02699	0.00519	0.00525	0.00849	0.00346	0.00342
3	0.00767	0.00559	0.00723	0.00708	0.00832	0.00515	0.00529	0.01002	0.01480	0.02060	0.60846	0.12511	0.10110	0.01232	0.00663	0.00184	0.00279	0.03902	0.00589	0.00510
4	0.05194	0.00686	0.00946	0.00931	0.01046	0.00695	0.06263	0.01100	0.04727	0.01509	0.02355	0.29754	0.02626	0.20888	0.01231	0.00301	0.01993	0.16828	0.00440	0.00489
5	0.01444	0.19923	0.05782	0.01354	0.01717	0.01564	0.14740	0.16625	0.01422	0.03775	0.04072	0.03015	0.01122	0.05459	0.02191	0.00208	0.13985	0.00535	0.00348	0.00720
6	0.02105	0.01551	0.01662	0.01274	0.01717	0.01717	0.01053	0.75235	0.02604	0.03490	0.01330	0.01330	0.00942	0.00665	0.00554	0.00166	0.00609	0.00499	0.00554	0.00942
7	0.02069	0.02640	0.01569	0.01427	0.01712	0.78313	0.01070	0.02212	0.01569	0.01355	0.00856	0.00999	0.00713	0.00571	0.00499	0.00143	0.00999	0.00357	0.00285	0.00642
8	0.00655	0.00561	0.00561	0.00561	0.00748	0.00468	0.00421	0.00795	0.01262	0.01496	0.05610	0.05330	0.76857	0.01403	0.00655	0.00187	0.00281	0.01169	0.00514	0.00468
9	0.01831	0.00914	0.01076	0.00878	0.01194	0.00904	0.00708	0.15442	0.05855	0.32595	0.01897	0.01859	0.01328	0.00671	0.00496	0.00156	0.00418	0.00536	0.30457	0.00785
10	0.06029	0.01048	0.01326	0.01021	0.01448	0.00980	0.00844	0.14502	0.01723	0.62081	0.01983	0.01751	0.01267	0.00675	0.00547	0.00171	0.00492	0.00536	0.00649	0.00927
11	0.01250	0.01129	0.01715	0.57308	0.03265	0.05605	0.06599	0.05738	0.01265	0.05512	0.01157	0.01681	0.00900	0.00606	0.00567	0.00184	0.00735	0.03823	0.00303	0.00657
12	0.01307	0.01494	0.03268	0.02334	0.02894	0.01401	0.75070	0.01774	0.01307	0.01774	0.01120	0.01494	0.00840	0.00467	0.00654	0.00187	0.00934	0.00654	0.00280	0.00747
13	0.01322	0.01216	0.02304	0.01733	0.02168	0.01149	0.42830	0.05053	0.04279	0.07962	0.01729	0.07793	0.03788	0.00737	0.00640	0.00189	0.00722	0.08547	0.00388	0.05451
14	0.01369	0.10896	0.07240	0.07649	0.15021	0.03134	0.35030	0.01749	0.01258	0.05970	0.01119	0.01421	0.00867	0.00659	0.03995	0.00203	0.00825	0.00543	0.00293	0.00757
15	0.01052	0.00981	0.01508	0.04831	0.01479	0.01222	0.09265	0.01221	0.00914	0.01334	0.01123	0.01868	0.01100	0.14446	0.19563	0.00431	0.36255	0.00581	0.00274	0.00553
16	0.01817	0.00784	0.01020	0.00844	0.01118	0.00698	0.00642	0.01961	0.01322	0.47846	0.02302	0.06629	0.05962	0.23101	0.01203	0.00277	0.00471	0.00714	0.00569	0.00720
17	0.01394	0.26913	0.16036	0.03700	0.15561	0.01582	0.19803	0.01760	0.01226	0.05546	0.01024	0.01242	0.00806	0.00498	0.00510	0.00158	0.00727	0.00459	0.00277	0.00778
18	0.01282	0.01863	0.33179	0.04356	0.15697	0.01189	0.15193	0.01746	0.01276	0.08715	0.07126	0.03390	0.01244	0.00600	0.00571	0.00176	0.00722	0.00559	0.00327	0.00789
19	0.00912	0.00679	0.01007	0.01083	0.01232	0.00674	0.04471	0.01178	0.01276	0.01663	0.02845	0.06018	0.03074	0.01479	0.00760	0.00252	0.00530	0.69846	0.00499	0.00521
20	0.01107	0.00853	0.01194	0.20067	0.03920	0.05210	0.04240	0.03001	0.01051	0.04580	0.01408	0.12628	0.01380	0.07702	0.04670	0.24878	0.00628	0.00671	0.00322	0.00491
21	0.06211	0.09286	0.22567	0.01562	0.06317	0.03096	0.15361	0.06276	0.01323	0.13295	0.01274	0.05213	0.00997	0.00620	0.00596	0.00175	0.04165	0.00531	0.00355	0.00780
22	0.08368	0.01478	0.10214	0.10774	0.01834	0.15205	0.01072	0.02182	0.01394	0.36082	0.01513	0.01524	0.01035	0.00769	0.03948	0.00200	0.00683	0.00477	0.00461	0.00786
23	0.00801	0.00544	0.00652	0.00687	0.00710	0.00540	0.00441	0.00851	0.00908	0.01205	0.02093	0.14156	0.02405	0.58479	0.02237	0.00454	0.00504	0.11571	0.00385	0.00376
24	0.04647	0.01863	0.01588	0.01299	0.01683	0.25807	0.01036	0.46665	0.05542	0.02734	0.01205	0.01245	0.00893	0.00634	0.00531	0.00160	0.00719	0.00453	0.00463	0.00834
25	0.01555	0.15464	0.24052	0.03239	0.01910	0.01342	0.09123	0.08791	0.03185	0.17373	0.04285	0.01539	0.02536	0.00600	0.00525	0.00164	0.00648	0.00497	0.00392	0.02779
26	0.01280	0.04090	0.54976	0.06638	0.02353	0.10112	0.04623	0.01848	0.03605	0.03903	0.01053	0.01226	0.00762	0.00542	0.00529	0.00172	0.00812	0.00427	0.00266	0.00786
27	0.01307	0.01494	0.03268	0.02334	0.02894	0.01401	0.75070	0.01774	0.01307	0.01774	0.01120	0.01494	0.00840	0.00467	0.00654	0.00187	0.00934	0.00654	0.00280	0.00747
28	0.01151	0.01003	0.01569	0.37063	0.10191	0.01223	0.01292	0.01409	0.01080	0.05760	0.01279	0.12239	0.01188	0.00820	0.00886	0.00202	0.20059	0.00643	0.00310	0.00636
29	0.01603	0.03235	0.06600	0.05437	0.05038	0.04627	0.13766	0.06162	0.08880	0.22663	0.01862	0.10804	0.03851	0.00767	0.00607	0.00181	0.01994	0.00682	0.00464	0.00777
30	0.00812	0.00589	0.00727	0.00734	0.00746	0.00630	0.00474	0.00855	0.00871	0.01185	0.01934	0.20595	0.02237	0.51637	0.06113	0.00458	0.07706	0.00939	0.00365	0.00394
31	0.00791	0.00593	0.00890	0.00890	0.00989	0.00692	0.00692	0.00989	0.00890	0.01286	0.01483	0.02176	0.01385	0.04154	0.78341	0.00890	0.01483	0.00593	0.00297	0.00494
32	0.30406	0.23460	0.05134	0.01077	0.01453	0.01583	0.05399	0.06041	0.01153	0.06985	0.00923	0.01080	0.00740	0.00586	0.00610	0.00168	0.11803	0.00380	0.00326	0.00693
33	0.03788	0.33009	0.02014	0.02657	0.01529	0.07728	0.00952	0.17356	0.08596	0.11199	0.03612	0.01344	0.01073	0.00607	0.00497	0.00150	0.02260	0.00437	0.00407	0.00785
34	0.00791	0.00593	0.00890	0.00890	0.00989	0.00692	0.00692	0.00989	0.00890	0.01286	0.01483	0.02176	0.01385	0.04154	0.78341	0.00890	0.01483	0.00593	0.00297	0.00494
35	0.00805	0.00537	0.00604	0.00604	0.00604	0.00537	0.00336	0.00805	0.00805	0.01074	0.01745	0.03624	0.02013	0.80536	0.02819	0.00537	0.00537	0.00805	0.00336	0.00336
36	0.01475	0.17426	0.16511	0.11267	0.17988	0.13358	0.03149	0.04105	0.01292	0.05064	0.01005	0.01225	0.00794	0.00561	0.00539	0.02049	0.00731	0.00424	0.00284	0.00752
37	0.01349	0.01151	0.06103	0.46842	0.04749	0.01172	0.10372	0.02747	0.01256	0.14848	0.03217	0.01598	0.00984	0.00580	0.00567	0.00181	0.00704	0.00532	0.00341	0.00708
38	0.00793	0.00556	0.00719	0.00725	0.00766	0.00594	0.00485	0.00876	0.00852	0.01175	0.01710	0.07026	0.01852	0.46409	0.32410	0.00660	0.00898	0.00762	0.00330	0.00404
39	0.01644	0.01809	0.01541	0.23105	0.02217	0.39237	0.01170	0.01936	0.05595	0.05371	0.01060	0.01308	0.00842	0.00775	0.04168	0.00200	0.06622	0.00440	0.00308	0.00654
40	0.22112	0.06733	0.11382	0.01379	0.09306	0.14473	0.04437	0.03662	0.02391	0.13127	0.01222	0.05313	0.00977	0.00614	0.00489	0.00166	0.00639	0.00473	0.00370	0.00733
41	0.00946	0.00700	0.01026	0.00975	0.01078	0.00840	0.00772	0.01134	0.00924	0.05624	0.01417	0.02024	0.01292	0.03510	0.63182	0.00758	0.12375	0.00576	0.00311	0.00536
42	0.00675	0.00482	0.00643	0.00771	0.00803	0.00450	0.00514	0.00771	0.01060	0.01414	0.03053	0.80175	0.03663	0.01735	0.00707	0.00225	0.00321	0.01574	0.00514	0.00450
43	0.01595	0.01632	0.16967	0.08335	0.26131	0.04637	0.01455	0.13322	0.05780	0.12789	0.01296	0.01430	0.00950	0.00577	0.00545	0.00170	0.00665	0.00488	0.00383	0.00853
44	0.00958	0.00709	0.00860	0.00751	0.01010	0.00598	0.00592	0.01185	0.01355	0.05793	0.28589	0.03664	0.19054	0.01007	0.00592	0.00160	0.00344	0.08432	0.00504	0.23843
