[name]
unknown

[dist]
# distance from previous block
# <min> <max>
3	37

[block]
# block no. 0 follows, 50 sequences, length 12
# corresponding to MSA columns:
# 41-52
name=unknown_A
#
# <colnr> <probs for GDERKNQSTAVLIFYWHMCP>
#	G	D	E	R	K	N	Q	S	T	A	V	L	I	F	Y	W	H	M	C	P
0	0.00883	0.00760	0.01175	0.04990	0.27799	0.00768	0.00920	0.01086	0.01092	0.01500	0.10754	0.27256	0.06547	0.01012	0.00615	0.00178	0.03401	0.08322	0.00379	0.00562
1	0.01244	0.01312	0.12412	0.15418	0.16165	0.01160	0.19003	0.09431	0.01232	0.06596	0.01052	0.01297	0.00791	0.00501	0.00551	0.00157	0.03919	0.00468	0.04518	0.02772
2	0.01521	0.12154	0.01542	0.01414	0.14096	0.46762	0.00963	0.01680	0.01279	0.01298	0.01365	0.01466	0.11251	0.00592	0.00459	0.00134	0.00715	0.00433	0.00277	0.00599
3	0.01663	0.00917	0.01391	0.01622	0.27941	0.00857	0.01002	0.01897	0.01294	0.40673	0.05117	0.02074	0.01421	0.00662	0.00524	0.00161	0.00477	0.09069	0.00469	0.00767
4	0.01114	0.01057	0.01797	0.13622	0.51969	0.01115	0.04159	0.01396	0.01056	0.01496	0.00974	0.01343	0.00826	0.00913	0.11332	0.00242	0.04188	0.00461	0.00245	0.00695
5	0.38139	0.01229	0.01337	0.17577	0.01816	0.11873	0.10605	0.08964	0.01143	0.01908	0.00833	0.01034	0.00637	0.00485	0.00421	0.00155	0.00586	0.00370	0.00295	0.00595
6	0.01082	0.01032	0.01008	0.01029	0.07230	0.15517	0.00674	0.01321	0.10775	0.01235	0.01326	0.02238	0.01346	0.41115	0.01628	0.00321	0.09759	0.00575	0.00306	0.00482
7	0.46655	0.00941	0.00943	0.00809	0.01080	0.01073	0.00663	0.01703	0.07186	0.17674	0.01098	0.01163	0.00810	0.00572	0.00544	0.00162	0.11329	0.00372	0.04601	0.00619
8	0.01156	0.11624	0.08328	0.19990	0.37599	0.01274	0.10065	0.01479	0.01087	0.01484	0.00900	0.01198	0.00726	0.00454	0.00482	0.00150	0.00641	0.00432	0.00235	0.00700
9	0.01094	0.01314	0.12521	0.17533	0.14753	0.01157	0.26159	0.01610	0.10951	0.01599	0.02954	0.01515	0.03475	0.00520	0.00530	0.00163	0.00663	0.00526	0.00286	0.00679
10	0.39916	0.01235	0.05355	0.11825	0.01631	0.10878	0.10566	0.03418	0.01052	0.01817	0.01142	0.01301	0.06913	0.00537	0.00423	0.00156	0.00556	0.00412	0.00295	0.00572
11	0.01153	0.01009	0.01266	0.01035	0.01275	0.04546	0.10471	0.18872	0.05765	0.01852	0.06607	0.02439	0.21944	0.04193	0.00769	0.00179	0.11401	0.00664	0.03966	0.00596

[dist]
# distance from previous block
# <min> <max>
0	5

[block]
# block no. 1 follows, 50 sequences, length 19
# corresponding to MSA columns:
# 58-76
name=unknown_B
#
# <colnr> <probs for GDERKNQSTAVLIFYWHMCP>
#	G	D	E	R	K	N	Q	S	T	A	V	L	I	F	Y	W	H	M	C	P
0	0.01189	0.04325	0.23936	0.01634	0.13911	0.02558	0.08934	0.01593	0.06709	0.05680	0.00976	0.01203	0.00773	0.00598	0.00816	0.00173	0.23597	0.00439	0.00267	0.00688
1	0.00610	0.00472	0.00559	0.00625	0.00718	0.00421	0.00445	0.00721	0.01042	0.01316	0.03725	0.45023	0.35677	0.01424	0.00619	0.00189	0.00283	0.05254	0.00463	0.00415
2	0.02757	0.45626	0.25590	0.01010	0.01527	0.01530	0.01113	0.01533	0.01041	0.04599	0.00825	0.00936	0.00670	0.00443	0.00378	0.00122	0.00571	0.00310	0.00239	0.09181
3	0.02478	0.21568	0.06278	0.03614	0.05902	0.01340	0.20579	0.06920	0.09785	0.12036	0.01225	0.04032	0.00958	0.00534	0.00479	0.00149	0.00591	0.00485	0.00340	0.00708
4	0.02662	0.35286	0.28075	0.01192	0.05764	0.03717	0.01209	0.04249	0.06514	0.05641	0.00953	0.01045	0.00743	0.00479	0.00413	0.00136	0.00597	0.00351	0.00268	0.00705
5	0.01063	0.09874	0.32855	0.01501	0.02022	0.01188	0.29816	0.01463	0.01051	0.01463	0.01007	0.01430	0.00836	0.11363	0.00776	0.00200	0.00721	0.00488	0.00238	0.00645
6	0.00874	0.00757	0.00782	0.00765	0.00840	0.11193	0.00543	0.00968	0.00850	0.01086	0.01336	0.02295	0.01368	0.32835	0.38471	0.02849	0.00933	0.00575	0.00277	0.00403
7	0.02813	0.01653	0.01563	0.01416	0.08685	0.34075	0.11121	0.18044	0.01500	0.01742	0.01361	0.01513	0.08616	0.03031	0.00557	0.00155	0.00703	0.00480	0.00330	0.00643
8	0.00712	0.00534	0.00801	0.00801	0.00890	0.00623	0.00623	0.00890	0.00801	0.01157	0.01335	0.01958	0.01246	0.03738	0.80507	0.00801	0.01335	0.00534	0.00267	0.00445
9	0.00654	0.00461	0.00557	0.00613	0.00644	0.00439	0.00388	0.00709	0.00878	0.01153	0.02491	0.41765	0.10284	0.35011	0.01418	0.00315	0.00366	0.01094	0.00396	0.00364
10	0.00804	0.00655	0.00858	0.19445	0.01401	0.00679	0.00684	0.06704	0.01235	0.01609	0.21843	0.10165	0.27557	0.03421	0.00623	0.00176	0.00377	0.00849	0.00426	0.00491
11	0.01627	0.01998	0.24399	0.01230	0.01666	0.30199	0.01173	0.11333	0.06641	0.13322	0.01123	0.01165	0.00812	0.00539	0.00474	0.00146	0.00703	0.00394	0.00344	0.00712
12	0.00604	0.00510	0.00525	0.00533	0.00698	0.00431	0.00407	0.00737	0.01137	0.01356	0.04886	0.04853	0.74005	0.01270	0.00596	0.00172	0.00266	0.06128	0.00463	0.00423
13	0.00824	0.00696	0.00733	0.00797	0.00877	0.08508	0.00567	0.05439	0.01097	0.01395	0.02449	0.63567	0.02853	0.01386	0.00613	0.00194	0.00378	0.06731	0.00444	0.00453
14	0.01226	0.43662	0.21830	0.01510	0.19716	0.01584	0.01258	0.01523	0.01051	0.01381	0.00800	0.00964	0.00673	0.00442	0.00399	0.00129	0.00598	0.00333	0.00220	0.00699
15	0.01961	0.01202	0.01257	0.01014	0.01369	0.11744	0.00817	0.18028	0.13493	0.41261	0.01655	0.01510	0.01118	0.00608	0.00495	0.00152	0.00509	0.00476	0.00527	0.00803
16	0.00768	0.00584	0.00805	0.08873	0.01182	0.00588	0.00755	0.00986	0.01142	0.01475	0.08476	0.07900	0.15132	0.01251	0.00644	0.00207	0.00423	0.47905	0.00443	0.00461
17	0.11974	0.01354	0.11993	0.01956	0.36807	0.02881	0.01242	0.09212	0.12036	0.01896	0.01186	0.01328	0.02935	0.00521	0.00471	0.00153	0.00551	0.00443	0.00317	0.00742
18	0.06478	0.01366	0.03560	0.07672	0.23143	0.19696	0.01093	0.03834	0.02143	0.08666	0.07248	0.02487	0.01112	0.00594	0.00597	0.00155	0.08722	0.00459	0.00318	0.00657

[dist]
# distance from previous block
# <min> <max>
1	2

[block]
# block no. 2 follows, 50 sequences, length 17
# corresponding to MSA columns:
# 79-95
name=unknown_C
#
# <colnr> <probs for GDERKNQSTAVLIFYWHMCP>
#	G	D	E	R	K	N	Q	S	T	A	V	L	I	F	Y	W	H	M	C	P
0	0.02956	0.11199	0.38575	0.01661	0.18294	0.14466	0.01475	0.03059	0.01146	0.01527	0.00862	0.01035	0.00670	0.00471	0.00454	0.00145	0.00700	0.00365	0.00234	0.00709
1	0.03222	0.66652	0.09402	0.00928	0.01374	0.03639	0.00943	0.06475	0.01108	0.01362	0.00746	0.00851	0.00650	0.00445	0.00348	0.00116	0.00557	0.00289	0.00235	0.00658
2	0.03239	0.22507	0.01333	0.00812	0.01076	0.04764	0.00680	0.03415	0.14946	0.05806	0.22713	0.03636	0.09355	0.00775	0.00486	0.00148	0.00404	0.02882	0.00423	0.00602
3	0.01022	0.07903	0.74769	0.01383	0.02099	0.01212	0.01776	0.01573	0.01050	0.01552	0.00881	0.01036	0.00632	0.00470	0.00463	0.00154	0.00723	0.00362	0.00211	0.00730
4	0.01125	0.10402	0.59343	0.01402	0.02047	0.08551	0.07255	0.01609	0.01091	0.01507	0.00872	0.01035	0.00642	0.00469	0.00465	0.00151	0.00739	0.00370	0.00218	0.00708
5	0.01018	0.00969	0.01682	0.46620	0.23917	0.01095	0.06980	0.01332	0.01030	0.01384	0.00950	0.01362	0.00759	0.00776	0.07872	0.00220	0.00719	0.00462	0.00235	0.00617
6	0.03279	0.01012	0.03809	0.01138	0.01444	0.00973	0.19113	0.20988	0.01559	0.02169	0.33460	0.03616	0.03738	0.00749	0.00555	0.00159	0.00481	0.00688	0.00446	0.00624
7	0.01073	0.01091	0.00913	0.00911	0.01068	0.22350	0.00679	0.01413	0.14235	0.01425	0.02315	0.30934	0.10082	0.01078	0.00564	0.00176	0.00486	0.08270	0.00414	0.00524
8	0.00768	0.00562	0.00754	0.00850	0.00973	0.00549	0.00733	0.00980	0.01146	0.01468	0.03036	0.05486	0.15442	0.01358	0.00672	0.00219	0.00425	0.63665	0.00460	0.00453
9	0.01918	0.00823	0.01074	0.00848	0.01191	0.00738	0.00692	0.05384	0.04371	0.60496	0.07957	0.02118	0.08664	0.00708	0.00516	0.00156	0.00398	0.00582	0.00588	0.00779
10	0.01728	0.08089	0.01508	0.01230	0.01509	0.61179	0.03835	0.05029	0.05144	0.01379	0.00889	0.01008	0.00724	0.00518	0.00446	0.00131	0.00802	0.00350	0.03898	0.00602
11	0.01862	0.02376	0.01413	0.01284	0.01541	0.80482	0.00963	0.01990	0.01413	0.01220	0.00770	0.00899	0.00642	0.00514	0.00449	0.00128	0.00899	0.00321	0.00257	0.00578
12	0.00709	0.00505	0.00646	0.00613	0.00711	0.00472	0.00442	0.00905	0.01297	0.01827	0.66203	0.03646	0.04222	0.14580	0.00912	0.00211	0.00276	0.00872	0.00508	0.00442
13	0.00679	0.00491	0.00608	0.00658	0.00719	0.00477	0.00462	0.00775	0.00926	0.01210	0.02614	0.25942	0.15208	0.27148	0.08606	0.00344	0.00465	0.11887	0.00394	0.00387
14	0.18417	0.07596	0.45593	0.01163	0.01726	0.06107	0.01342	0.01662	0.01069	0.09648	0.00942	0.01042	0.00676	0.00485	0.00431	0.00151	0.00630	0.00352	0.00275	0.00692
15	0.01244	0.01401	0.09762	0.01868	0.02368	0.01210	0.59206	0.01735	0.06892	0.07441	0.01145	0.01382	0.00837	0.00459	0.00565	0.00166	0.00767	0.00560	0.00294	0.00700
16	0.00978	0.00736	0.00813	0.00779	0.00966	0.00772	0.00585	0.03403	0.30404	0.05581	0.02798	0.23717	0.18178	0.01021	0.00546	0.00173	0.00330	0.00879	0.06750	0.00591

[dist]
# distance from previous block
# <min> <max>
0	1

[block]
# block no. 3 follows, 50 sequences, length 38
# corresponding to MSA columns:
# 97-134
name=unknown_D
#
# <colnr> <probs for GDERKNQSTAVLIFYWHMCP>
#	G	D	E	R	K	N	Q	S	T	A	V	L	I	F	Y	W	H	M	C	P
0	0.01154	0.01478	0.17371	0.11099	0.33709	0.07380	0.04739	0.01499	0.02213	0.01532	0.04735	0.01360	0.02137	0.00537	0.00585	0.00158	0.06910	0.00458	0.00257	0.00690
1	0.38323	0.35553	0.10122	0.00843	0.01246	0.04224	0.00827	0.01507	0.00959	0.01683	0.00718	0.00835	0.00595	0.00450	0.00336	0.00134	0.00503	0.00281	0.00256	0.00604
2	0.01139	0.01158	0.02177	0.09353	0.37706	0.01152	0.28262	0.01471	0.01146	0.01593	0.05581	0.01505	0.02805	0.00501	0.00557	0.00159	0.02234	0.00535	0.00268	0.00696
3	0.01000	0.02578	0.79900	0.01421	0.02157	0.01158	0.01842	0.01579	0.01052	0.01579	0.00895	0.01052	0.00631	0.00474	0.00474	0.00158	0.00737	0.00368	0.00210	0.00737
4	0.00671	0.00736	0.09191	0.00663	0.00878	0.00522	0.00591	0.00871	0.01166	0.01482	0.15622	0.05860	0.51058	0.01156	0.00586	0.00171	0.00321	0.07542	0.00448	0.00466
5	0.01143	0.02577	0.01470	0.28079	0.07259	0.01238	0.01131	0.07990	0.01056	0.05411	0.01010	0.05945	0.00886	0.00809	0.03582	0.00203	0.28832	0.00500	0.00282	0.00597
6	0.00804	0.00625	0.00735	0.00745	0.00861	0.00646	0.00533	0.01264	0.21559	0.01608	0.17720	0.35461	0.05837	0.08310	0.00757	0.00208	0.00322	0.01014	0.00477	0.00511
7	0.02048	0.00906	0.01168	0.00905	0.01270	0.00839	0.00744	0.14303	0.01571	0.60686	0.08615	0.01795	0.01477	0.00649	0.00508	0.00154	0.00427	0.00528	0.00592	0.00815
8	0.01670	0.01279	0.01490	0.05813	0.01649	0.01414	0.04833	0.57624	0.08800	0.02743	0.01314	0.01496	0.00996	0.00691	0.02127	0.00170	0.00568	0.04068	0.00464	0.00790
9	0.01710	0.02123	0.01435	0.01289	0.01495	0.64966	0.00988	0.01835	0.01285	0.01216	0.00748	0.00937	0.00644	0.00584	0.00683	0.00146	0.16752	0.00344	0.00249	0.00571
10	0.10361	0.01220	0.02421	0.01757	0.02212	0.01152	0.58758	0.01509	0.01118	0.01653	0.01046	0.05109	0.00852	0.00475	0.00541	0.00160	0.00723	0.00567	0.00272	0.08093
11	0.00632	0.00493	0.00574	0.00583	0.00707	0.00434	0.00426	0.00787	0.01194	0.01553	0.29618	0.19365	0.39376	0.01238	0.00598	0.00171	0.00254	0.01072	0.00492	0.00434
12	0.33888	0.00791	0.00815	0.00708	0.00955	0.00828	0.00565	0.06527	0.01259	0.12732	0.33125	0.02154	0.02366	0.00721	0.00462	0.00155	0.00340	0.00573	0.00462	0.00574
13	0.01677	0.01186	0.01264	0.00993	0.01328	0.01302	0.00813	0.60478	0.02051	0.02853	0.01293	0.01346	0.00944	0.00594	0.00465	0.00142	0.00477	0.00452	0.19579	0.00761
14	0.01135	0.01078	0.01802	0.29351	0.49994	0.01161	0.01445	0.01497	0.04813	0.01531	0.00973	0.01296	0.00783	0.00474	0.00496	0.00155	0.00607	0.00449	0.00251	0.00710
15	0.01222	0.00627	0.00811	0.00698	0.00918	0.00554	0.00547	0.01425	0.01371	0.29106	0.39923	0.03190	0.15730	0.00918	0.00558	0.00158	0.00304	0.00786	0.00558	0.00595
16	0.00636	0.00453	0.00605	0.00716	0.00755	0.00429	0.00499	0.00737	0.00970	0.01288	0.02689	0.69644	0.03187	0.04590	0.00714	0.00216	0.00318	0.10688	0.00456	0.00408
17	0.01000	0.02578	0.79900	0.01421	0.02157	0.01158	0.01842	0.01579	0.01052	0.01579	0.00895	0.01052	0.00631	0.00474	0.00474	0.00158	0.00737	0.00368	0.00210	0.00737
18	0.01792	0.03756	0.03993	0.01355	0.09973	0.23971	0.01006	0.30312	0.04563	0.12695	0.01159	0.01193	0.00848	0.00554	0.00479	0.00144	0.00636	0.00416	0.00402	0.00753
19	0.00607	0.00434	0.00578	0.00694	0.00723	0.00405	0.00463	0.00694	0.00954	0.01272	0.02747	0.82157	0.03297	0.01562	0.00636	0.00202	0.00289	0.01417	0.00463	0.00405
20	0.00626	0.00462	0.00572	0.00635	0.00712	0.00420	0.00442	0.00748	0.01068	0.01415	0.14978	0.50482	0.20895	0.01387	0.00611	0.00186	0.00271	0.01232	0.02438	0.00420
21	0.51047	0.00947	0.00865	0.00737	0.01049	0.01031	0.00598	0.08216	0.06782	0.06711	0.06187	0.01351	0.04328	0.00561	0.00386	0.00149	0.00386	0.00397	0.00379	0.07891
22	0.00753	0.00551	0.00705	0.00685	0.00711	0.00615	0.00464	0.00814	0.00750	0.01042	0.01422	0.02693	0.01546	0.52489	0.25064	0.00552	0.07847	0.00644	0.00285	0.00365
23	0.01260	0.00904	0.01031	0.00881	0.01133	0.00963	0.00694	0.19093	0.24221	0.08699	0.32353	0.02433	0.02604	0.00789	0.00537	0.00159	0.00369	0.00666	0.00531	0.00681
24	0.03415	0.51193	0.10395	0.00992	0.01434	0.05557	0.00975	0.17803	0.01317	0.01663	0.00825	0.00916	0.00681	0.00473	0.00380	0.00123	0.00572	0.00319	0.00278	0.00689
25	0.01346	0.13888	0.28448	0.01036	0.01540	0.04873	0.01098	0.01665	0.01148	0.18721	0.01334	0.01363	0.05340	0.00527	0.00443	0.00134	0.00551	0.00407	0.00332	0.15805
26	0.02973	0.03167	0.47081	0.01160	0.01712	0.01004	0.01342	0.03568	0.03371	0.12443	0.11959	0.01529	0.01315	0.00572	0.00484	0.00152	0.00581	0.00461	0.00335	0.04791
27	0.01290	0.01368	0.01685	0.07507	0.04739	0.18814	0.20559	0.03324	0.20984	0.01663	0.08085	0.03044	0.01312	0.00602	0.00553	0.00159	0.02767	0.00542	0.00350	0.00654
28	0.00670	0.00464	0.00568	0.00619	0.00638	0.00453	0.00386	0.00717	0.00836	0.01115	0.02137	0.38110	0.03669	0.42462	0.04606	0.00366	0.00426	0.01029	0.00374	0.00355
29	0.03957	0.02126	0.58090	0.01277	0.01910	0.01094	0.01536	0.03699	0.04357	0.15590	0.01134	0.01197	0.00778	0.00510	0.00475	0.00157	0.00651	0.00399	0.00306	0.00755
30	0.03406	0.01079	0.04089	0.38013	0.13819	0.01177	0.05963	0.09042	0.04471	0.04143	0.01019	0.02338	0.00792	0.00541	0.00574	0.00163	0.06079	0.00462	0.00286	0.02544
31	0.00706	0.00514	0.00702	0.00700	0.00751	0.00521	0.03237	0.00794	0.00848	0.01156	0.05059	0.23917	0.02165	0.37233	0.19024	0.00453	0.00622	0.00869	0.00346	0.00381
32	0.00917	0.00698	0.00888	0.00849	0.00977	0.00729	0.04299	0.05092	0.13813	0.01463	0.01947	0.03600	0.02008	0.34505	0.01404	0.00317	0.00481	0.25142	0.00394	0.00479
33	0.02542	0.19379	0.15286	0.01283	0.06112	0.10033	0.08384	0.13158	0.09601	0.01740	0.01291	0.01409	0.05637	0.00561	0.00464	0.00145	0.00608	0.01357	0.00317	0.00692
34	0.01370	0.00952	0.01226	0.01393	0.20213	0.04913	0.00881	0.01817	0.15846	0.20370	0.10497	0.05861	0.03130	0.00712	0.00514	0.00158	0.00443	0.03633	0.05371	0.00699
35	0.00697	0.00472	0.00552	0.00579	0.00586	0.00465	0.00340	0.00718	0.00778	0.01038	0.01845	0.21689	0.02159	0.63582	0.02093	0.00418	0.00438	0.00887	0.00340	0.00326
36	0.25920	0.00893	0.01133	0.01004	0.05747	0.00875	0.04622	0.01898	0.01207	0.40206	0.03529	0.01795	0.01218	0.00630	0.00469	0.00161	0.00442	0.07075	0.00473	0.00704
37	0.07430	0.22092	0.32597	0.01167	0.01707	0.02476	0.05677	0.10989	0.01199	0.01720	0.00871	0.01003	0.00670	0.00465	0.00423	0.00137	0.00613	0.00351	0.00265	0.08148

[dist]
# distance from previous block
# <min> <max>
0	2

[block]
# block no. 4 follows, 50 sequences, length 33
# corresponding to MSA columns:
# 137-169
name=unknown_E
#
# <colnr> <probs for GDERKNQSTAVLIFYWHMCP>
#	G	D	E	R	K	N	Q	S	T	A	V	L	I	F	Y	W	H	M	C	P
0	0.00946	0.01012	0.07324	0.75347	0.03338	0.01111	0.01418	0.01296	0.01001	0.01296	0.00887	0.01308	0.00662	0.00496	0.00496	0.00165	0.00670	0.00437	0.00221	0.00567
1	0.00958	0.00738	0.00939	0.00873	0.06991	0.00615	0.00611	0.01170	0.01169	0.06069	0.23112	0.08594	0.07905	0.00731	0.00484	0.00124	0.00337	0.00632	0.00406	0.37539
2	0.00667	0.00490	0.00600	0.00635	0.00718	0.00455	0.00454	0.00796	0.01077	0.01423	0.20450	0.25703	0.19579	0.15644	0.00956	0.00237	0.00321	0.08930	0.00454	0.00411
3	0.00880	0.00471	0.00493	0.00490	0.00588	0.00468	0.00351	0.01078	0.01026	0.01735	0.07809	0.02219	0.01632	0.12989	0.00698	0.00175	0.00270	0.00539	0.65648	0.00440
4	0.06599	0.01256	0.01161	0.00973	0.01262	0.13387	0.00785	0.39019	0.01738	0.02386	0.01305	0.01611	0.01046	0.00633	0.00462	0.00145	0.00517	0.06221	0.18819	0.00675
5	0.01317	0.70265	0.11379	0.00936	0.01390	0.05168	0.00970	0.01523	0.01034	0.01221	0.00719	0.00833	0.00639	0.00435	0.00343	0.00113	0.00572	0.00280	0.00215	0.00648
6	0.01277	0.01051	0.01463	0.28736	0.14815	0.01113	0.01105	0.18508	0.02966	0.04781	0.01028	0.01246	0.00781	0.00493	0.00470	0.00139	0.00549	0.00418	0.00324	0.18736
7	0.00890	0.00661	0.00849	0.00982	0.12546	0.00673	0.00551	0.06999	0.00926	0.01255	0.01486	0.05809	0.01628	0.59051	0.03354	0.00401	0.00512	0.00684	0.00315	0.00426
8	0.02164	0.00827	0.01119	0.00864	0.01234	0.00718	0.00711	0.02359	0.01406	0.75436	0.01948	0.01705	0.01236	0.00615	0.00493	0.00152	0.00414	0.00499	0.05272	0.00827
9	0.01796	0.01347	0.01440	0.01127	0.01508	0.01500	0.00923	0.66371	0.13845	0.02982	0.01322	0.01297	0.00949	0.00610	0.00500	0.00153	0.00525	0.00466	0.00500	0.00839
10	0.01004	0.00958	0.01339	0.01171	0.01184	0.01307	0.00957	0.01115	0.00766	0.01175	0.00830	0.01395	0.00836	0.07826	0.13624	0.00327	0.62970	0.00474	0.00232	0.00511
11	0.00694	0.00509	0.00650	0.00615	0.00737	0.00465	0.00461	0.00918	0.01383	0.01933	0.71671	0.03831	0.12183	0.01043	0.00588	0.00158	0.00237	0.00917	0.00540	0.00465
12	0.00607	0.00434	0.00578	0.00694	0.00723	0.00405	0.00463	0.00694	0.00954	0.01272	0.02747	0.82157	0.03297	0.01562	0.00636	0.00202	0.00289	0.01417	0.00463	0.00405
13	0.01132	0.05108	0.24936	0.01854	0.02421	0.01261	0.52695	0.01587	0.01134	0.01574	0.00963	0.01238	0.00716	0.00436	0.00544	0.00163	0.00798	0.00512	0.00239	0.00689
14	0.01282	0.01230	0.01772	0.16795	0.47615	0.07288	0.01358	0.07689	0.06977	0.01688	0.01017	0.01269	0.00815	0.00489	0.00492	0.00151	0.00611	0.00444	0.00282	0.00735
15	0.03046	0.00557	0.00703	0.00751	0.00875	0.00552	0.00612	0.01114	0.02847	0.04883	0.09535	0.14259	0.02573	0.01113	0.00572	0.00187	0.00358	0.34929	0.20057	0.00480
16	0.00644	0.00458	0.00591	0.00658	0.00720	0.00424	0.00455	0.00775	0.01080	0.01479	0.21544	0.55344	0.07701	0.01371	0.00610	0.00186	0.00272	0.01231	0.04035	0.00424
17	0.01109	0.01595	0.31274	0.01612	0.19576	0.01111	0.01340	0.10110	0.01160	0.01677	0.01097	0.05483	0.00944	0.04108	0.06371	0.00219	0.07090	0.00484	0.02957	0.00682
18	0.00642	0.00528	0.00567	0.00553	0.00714	0.00464	0.00416	0.00843	0.04182	0.01528	0.22339	0.04431	0.58677	0.01183	0.00586	0.00166	0.00254	0.00998	0.00485	0.00447
19	0.08911	0.00888	0.01142	0.00883	0.01263	0.00808	0.00729	0.06493	0.01431	0.69316	0.01822	0.01598	0.01157	0.00604	0.00486	0.00154	0.00428	0.00480	0.00586	0.00824
20	0.00850	0.00637	0.00751	0.00766	0.00866	0.00672	0.00563	0.01248	0.18831	0.01415	0.03742	0.12609	0.02244	0.32078	0.01342	0.00307	0.00429	0.19771	0.00413	0.00470
21	0.00620	0.00450	0.00586	0.00670	0.00722	0.00416	0.00457	0.00732	0.01036	0.01385	0.14181	0.64658	0.09326	0.01459	0.00625	0.00193	0.00278	0.01313	0.00475	0.00416
22	0.00941	0.00886	0.01495	0.81285	0.03433	0.01107	0.01384	0.01274	0.00997	0.01274	0.00886	0.01329	0.00664	0.00498	0.00498	0.00166	0.00664	0.00443	0.00221	0.00554
23	0.22504	0.00893	0.00991	0.02239	0.01163	0.00917	0.00665	0.07763	0.09872	0.34172	0.01534	0.01537	0.01086	0.04299	0.00533	0.00167	0.00411	0.00453	0.08099	0.00701
24	0.00708	0.00497	0.00633	0.00639	0.00745	0.00452	0.00464	0.00883	0.01238	0.04098	0.43943	0.27264	0.14171	0.01202	0.00600	0.00172	0.00259	0.01063	0.00514	0.00456
25	0.25127	0.07215	0.01197	0.00887	0.02508	0.01068	0.01848	0.14893	0.01355	0.30717	0.01328	0.01297	0.00919	0.00548	0.00423	0.00147	0.00437	0.00408	0.06963	0.00714
26	0.11719	0.07400	0.03532	0.01376	0.16773	0.04305	0.05939	0.01694	0.13020	0.06013	0.01097	0.01207	0.00859	0.00473	0.00431	0.00131	0.00497	0.00394	0.00325	0.22815
27	0.01091	0.05031	0.11772	0.01153	0.08286	0.01948	0.03266	0.11418	0.03346	0.06301	0.07635	0.24743	0.01918	0.01118	0.06488	0.00216	0.00537	0.02727	0.00395	0.00611
28	0.04202	0.01367	0.01928	0.01546	0.06029	0.12306	0.28956	0.13427	0.07595	0.15707	0.01242	0.01341	0.00895	0.00518	0.00520	0.00156	0.00667	0.00495	0.00377	0.00728
29	0.03308	0.01026	0.05739	0.01297	0.14424	0.05187	0.06967	0.02805	0.02657	0.09617	0.12219	0.12450	0.06929	0.00743	0.00515	0.00150	0.00468	0.00658	0.00385	0.12457
30	0.01283	0.12565	0.13495	0.02770	0.14452	0.11649	0.19096	0.04086	0.01198	0.03583	0.03285	0.02348	0.00915	0.00505	0.00485	0.00145	0.00670	0.01848	0.00275	0.05347
31	0.01332	0.04355	0.14134	0.04634	0.14158	0.07527	0.13066	0.10499	0.01324	0.09124	0.07778	0.03496	0.01182	0.00561	0.00503	0.00150	0.00609	0.00501	0.00339	0.04730
32	0.01284	0.07776	0.10429	0.01024	0.01398	0.01109	0.04592	0.16964	0.14925	0.06856	0.11544	0.01729	0.01492	0.00749	0.03837	0.00172	0.00516	0.01923	0.00410	0.11271

[dist]
# distance from previous block
# <min> <max>
11	35

[block]
# block no. 5 follows, 50 sequences, length 67
# corresponding to MSA columns:
# 205-271
name=unknown_F
#
# <colnr> <probs for GDERKNQSTAVLIFYWHMCP>
#	G	D	E	R	K	N	Q	S	T	A	V	L	I	F	Y	W	H	M	C	P
0	0.01479	0.08436	0.14665	0.01365	0.14637	0.01168	0.01071	0.17411	0.07533	0.16160	0.02154	0.01439	0.01014	0.04021	0.00558	0.00162	0.00528	0.00455	0.04998	0.00748
1	0.01257	0.00817	0.01044	0.00959	0.05284	0.05722	0.05658	0.01459	0.01297	0.24197	0.19469	0.05024	0.20131	0.00889	0.00556	0.00162	0.00408	0.04579	0.00488	0.00603
2	0.06862	0.00838	0.01265	0.01029	0.01239	0.00849	0.16715	0.14000	0.01126	0.02779	0.01367	0.07760	0.04840	0.08943	0.01177	0.27296	0.00520	0.00590	0.00323	0.00483
3	0.01181	0.01118	0.03459	0.06421	0.03989	0.10087	0.00790	0.12528	0.08352	0.01807	0.08646	0.05953	0.08267	0.00663	0.00479	0.00134	0.00471	0.00543	0.00377	0.24736
4	0.05732	0.16546	0.36537	0.01038	0.01520	0.01183	0.01172	0.08265	0.01137	0.01713	0.01037	0.01235	0.00811	0.03254	0.00484	0.00150	0.00558	0.00382	0.16594	0.00651
5	0.00838	0.01395	0.33260	0.03832	0.01479	0.00809	0.03658	0.01190	0.01101	0.01566	0.20555	0.07665	0.06932	0.04914	0.08399	0.00240	0.00600	0.00657	0.00338	0.00571
6	0.01116	0.11014	0.46354	0.03990	0.02663	0.02908	0.04801	0.03977	0.04751	0.03927	0.01079	0.05365	0.00872	0.02092	0.00510	0.00158	0.00648	0.00444	0.00267	0.03063
7	0.00731	0.00562	0.00838	0.00827	0.00911	0.00669	0.00647	0.00906	0.00799	0.01159	0.01300	0.01914	0.01216	0.03592	0.76489	0.00771	0.05423	0.00529	0.00265	0.00450
8	0.01752	0.02010	0.01319	0.01174	0.01437	0.59316	0.00893	0.11961	0.04091	0.01568	0.00955	0.01067	0.00763	0.00537	0.00448	0.00131	0.00768	0.00361	0.08840	0.00609
9	0.01909	0.00622	0.04938	0.06016	0.01038	0.00537	0.00654	0.00882	0.01019	0.02732	0.03696	0.51253	0.07686	0.01345	0.00617	0.00198	0.00366	0.13606	0.00435	0.00453
10	0.03468	0.04414	0.21040	0.03616	0.24538	0.06437	0.15227	0.12104	0.01293	0.01786	0.00949	0.01159	0.00729	0.00474	0.00493	0.00152	0.00681	0.00434	0.00274	0.00733
11	0.01270	0.01597	0.27874	0.01221	0.01656	0.06237	0.07704	0.03199	0.18641	0.12307	0.01494	0.09918	0.01212	0.00664	0.00541	0.00165	0.02657	0.00560	0.00371	0.00710
12	0.01155	0.27390	0.27222	0.01283	0.03447	0.01381	0.13460	0.02500	0.05669	0.01499	0.00972	0.03334	0.00796	0.00485	0.00442	0.00138	0.00621	0.00409	0.00254	0.07542
13	0.00713	0.00504	0.00640	0.00640	0.00682	0.00533	0.00428	0.00787	0.00775	0.01059	0.01662	0.02845	0.05628	0.48229	0.32161	0.00588	0.00796	0.00669	0.00297	0.00363
14	0.09450	0.03082	0.05478	0.01405	0.14660	0.03504	0.01021	0.42335	0.04943	0.02484	0.01118	0.02656	0.00856	0.00558	0.00471	0.00147	0.00541	0.00436	0.00402	0.04452
15	0.01185	0.26814	0.30052	0.01061	0.01525	0.02565	0.01155	0.02798	0.01133	0.07294	0.12481	0.01419	0.01289	0.00572	0.00503	0.00142	0.04781	0.00428	0.00299	0.02502
16	0.07281	0.19671	0.47600	0.01240	0.01840	0.01342	0.04659	0.05548	0.01114	0.04113	0.00891	0.01021	0.00662	0.00471	0.00435	0.00146	0.00652	0.00357	0.00248	0.00708
17	0.01091	0.01091	0.01527	0.01309	0.01309	0.01527	0.01091	0.01200	0.00763	0.01200	0.00654	0.01091	0.00654	0.00872	0.01636	0.00218	0.81570	0.00436	0.00218	0.00545
18	0.01022	0.00966	0.01635	0.57290	0.25426	0.01120	0.01412	0.01343	0.01043	0.01388	0.02157	0.01340	0.00766	0.00491	0.00498	0.00161	0.00637	0.00451	0.00234	0.00621
19	0.01058	0.02710	0.18834	0.12110	0.17656	0.01054	0.18389	0.01429	0.01157	0.03502	0.14232	0.03036	0.01445	0.00573	0.00527	0.00159	0.00618	0.00552	0.00300	0.00659
20	0.01221	0.01119	0.01561	0.03057	0.23854	0.10337	0.11458	0.03605	0.03870	0.06852	0.06527	0.06128	0.01334	0.05363	0.09909	0.00248	0.02025	0.00568	0.00327	0.00637
21	0.02979	0.00477	0.00471	0.00469	0.00590	0.00480	0.00353	0.01169	0.01041	0.01867	0.01604	0.01833	0.01260	0.00578	0.00347	0.00117	0.00236	0.00460	0.83203	0.00466
22	0.21882	0.01032	0.01421	0.34042	0.11339	0.02455	0.05073	0.08395	0.01146	0.07321	0.00955	0.01199	0.00710	0.00497	0.00456	0.00158	0.00574	0.00411	0.00301	0.00632
23	0.01234	0.01666	0.23376	0.01992	0.21277	0.06808	0.26937	0.01630	0.01157	0.05263	0.01005	0.01237	0.00759	0.00461	0.00513	0.00155	0.00718	0.00466	0.02628	0.00715
24	0.00712	0.00478	0.00547	0.00560	0.00563	0.00475	0.00319	0.00722	0.00749	0.00999	0.01695	0.11605	0.01969	0.73925	0.02336	0.00454	0.00463	0.00798	0.00319	0.00313
25	0.00690	0.00507	0.00645	0.00614	0.00736	0.00463	0.00459	0.00909	0.01369	0.01907	0.68769	0.05549	0.13407	0.01059	0.00589	0.00159	0.00238	0.00930	0.00537	0.00463
26	0.00862	0.02733	0.27346	0.01209	0.08380	0.00829	0.03634	0.01220	0.05185	0.01477	0.03472	0.35030	0.04635	0.00970	0.00552	0.00176	0.00492	0.00862	0.00352	0.00586
27	0.01006	0.00952	0.01611	0.64059	0.20156	0.01124	0.01416	0.01330	0.01027	0.01352	0.00897	0.01308	0.00692	0.00486	0.00497	0.00162	0.00649	0.00443	0.00227	0.00606
28	0.00747	0.00538	0.00668	0.00683	0.00804	0.00505	0.00522	0.00964	0.04070	0.03765	0.27649	0.16565	0.19715	0.05569	0.00714	0.00198	0.00314	0.15061	0.00487	0.00461
29	0.11187	0.01191	0.01266	0.00998	0.01370	0.06203	0.00817	0.33420	0.04060	0.32273	0.01435	0.01347	0.00969	0.00588	0.00476	0.00151	0.00501	0.00445	0.00508	0.00795
30	0.01181	0.01125	0.01914	0.13153	0.66870	0.01154	0.01486	0.01480	0.01117	0.01578	0.00988	0.01394	0.00843	0.00483	0.00501	0.00153	0.00597	0.02986	0.00251	0.00748
31	0.00723	0.00491	0.00582	0.00582	0.00596	0.00504	0.00350	0.00750	0.00736	0.00995	0.01535	0.03065	0.01727	0.70608	0.14295	0.00531	0.00612	0.00696	0.00297	0.00324
32	0.00667	0.00487	0.00641	0.00743	0.00816	0.00460	0.00561	0.00804	0.01037	0.01351	0.02983	0.48772	0.12060	0.01468	0.00647	0.00207	0.00339	0.25072	0.00462	0.00424
33	0.00634	0.00470	0.00598	0.00684	0.00755	0.00433	0.00492	0.00755	0.01037	0.01350	0.06781	0.53298	0.18061	0.01453	0.00632	0.00197	0.00302	0.11184	0.00466	0.00418
34	0.01862	0.02376	0.01413	0.01284	0.01541	0.80482	0.00963	0.01990	0.01413	0.01220	0.00770	0.00899	0.00642	0.00514	0.00449	0.00128	0.00899	0.00321	0.00257	0.00578
35	0.01862	0.02376	0.01413	0.01284	0.01541	0.80482	0.00963	0.01990	0.01413	0.01220	0.00770	0.00899	0.00642	0.00514	0.00449	0.00128	0.00899	0.00321	0.00257	0.00578
36	0.00606	0.00438	0.00574	0.00682	0.00720	0.00406	0.00457	0.00695	0.00966	0.01277	0.02894	0.77233	0.08127	0.01543	0.00633	0.00200	0.00287	0.01394	0.00463	0.00406
37	0.01000	0.02578	0.79900	0.01421	0.02157	0.01158	0.01842	0.01579	0.01052	0.01579	0.00895	0.01052	0.00631	0.00474	0.00474	0.00158	0.00737	0.00368	0.00210	0.00737
38	0.01257	0.50766	0.28401	0.01062	0.01590	0.01673	0.01190	0.06373	0.01111	0.01434	0.00792	0.00909	0.00650	0.00453	0.00383	0.00126	0.00602	0.00312	0.00230	0.00685
39	0.00718	0.00486	0.00574	0.00590	0.00604	0.00488	0.00360	0.00747	0.00772	0.01031	0.01719	0.10252	0.01970	0.66919	0.06335	0.00462	0.00509	0.04814	0.00323	0.00327
40	0.00807	0.00534	0.00680	0.00644	0.00786	0.00484	0.00490	0.01013	0.01333	0.07963	0.53963	0.08020	0.16069	0.01070	0.00588	0.00164	0.00265	0.04106	0.00532	0.00488
41	0.00945	0.00594	0.00941	0.01016	0.10005	0.00600	0.03857	0.03124	0.00788	0.01070	0.00915	0.01488	0.00871	0.01596	0.05771	0.64888	0.00519	0.00447	0.00233	0.00334
42	0.01405	0.59920	0.09700	0.00972	0.01412	0.07447	0.00965	0.10476	0.01201	0.01445	0.00777	0.00877	0.00663	0.00457	0.00365	0.00118	0.00580	0.00301	0.00250	0.00669
43	0.06002	0.02781	0.01208	0.00973	0.01289	0.13864	0.00778	0.22154	0.11434	0.12946	0.05155	0.01435	0.01145	0.00591	0.00481	0.00141	0.01997	0.00447	0.06987	0.08189
44	0.01102	0.00914	0.01122	0.01079	0.07781	0.07364	0.09658	0.01577	0.16722	0.01720	0.01487	0.01738	0.01195	0.04579	0.05021	0.00192	0.00495	0.00502	0.35168	0.00583
45	0.20627	0.00875	0.01058	0.00830	0.01201	0.00815	0.00684	0.02167	0.01283	0.59350	0.01641	0.01473	0.01060	0.00572	0.00453	0.00151	0.00413	0.00442	0.00535	0.04370
46	0.03681	0.01950	0.01388	0.01203	0.01502	0.50227	0.00929	0.21065	0.08197	0.03697	0.01012	0.01073	0.00781	0.00550	0.00465	0.00138	0.00745	0.00377	0.00349	0.00669
47	0.00966	0.00902	0.01264	0.01119	0.01140	0.01215	0.00908	0.01083	0.00769	0.01169	0.00900	0.01489	0.00899	0.08542	0.21104	0.00384	0.54924	0.00485	0.00237	0.00500
48	0.00679	0.00505	0.00589	0.00588	0.00723	0.00443	0.00433	0.00836	0.01202	0.03902	0.28397	0.17464	0.40011	0.01215	0.00594	0.00170	0.00258	0.01049	0.00495	0.00447
49	0.00694	0.00534	0.00651	0.00694	0.00833	0.00491	0.00568	0.00878	0.01178	0.01495	0.13998	0.04997	0.37328	0.01277	0.00630	0.00192	0.00336	0.32308	0.00473	0.00443
50	0.00941	0.00886	0.01495	0.81285	0.03433	0.01107	0.01384	0.01274	0.00997	0.01274	0.00886	0.01329	0.00664	0.00498	0.00498	0.00166	0.00664	0.00443	0.00221	0.00554
51	0.01232	0.01173	0.01827	0.01431	0.01800	0.01239	0.30383	0.02239	0.47392	0.03191	0.01634	0.01658	0.01222	0.00577	0.00538	0.00168	0.00567	0.00572	0.00411	0.00745
52	0.03087	0.00659	0.00738	0.00641	0.00851	0.00653	0.00506	0.08252	0.03126	0.19377	0.03985	0.01798	0.01323	0.00603	0.00406	0.00131	0.00310	0.00483	0.52476	0.00594
53	0.00639	0.00501	0.00577	0.00602	0.00728	0.00445	0.00451	0.00784	0.01138	0.01444	0.16456	0.17307	0.43489	0.04124	0.00676	0.00190	0.00286	0.09266	0.00471	0.00426
54	0.00633	0.03313	0.00649	0.00700	0.00742	0.00460	0.00476	0.00722	0.00956	0.01269	0.02675	0.79313	0.03204	0.01522	0.00625	0.00199	0.00298	0.01377	0.00454	0.00413
55	0.01510	0.01367	0.01176	0.01007	0.01236	0.23651	0.00795	0.24904	0.01515	0.01993	0.01136	0.01292	0.00891	0.00602	0.00575	0.00142	0.10125	0.00416	0.25044	0.00624
56	0.00615	0.00437	0.00576	0.00684	0.00712	0.00410	0.00452	0.00696	0.00940	0.01253	0.02672	0.77135	0.03202	0.06713	0.00757	0.00220	0.00302	0.01373	0.00452	0.00398
57	0.06123	0.00969	0.01140	0.00906	0.01229	0.00979	0.00737	0.28666	0.01717	0.30385	0.19694	0.01948	0.01873	0.00696	0.00511	0.00153	0.00422	0.00564	0.00543	0.00743
58	0.86003	0.00964	0.00733	0.00655	0.00964	0.01118	0.00540	0.01465	0.00848	0.02236	0.00694	0.00810	0.00540	0.00463	0.00308	0.00154	0.00386	0.00270	0.00308	0.00540
59	0.00644	0.00516	0.00581	0.00590	0.00740	0.00453	0.00459	0.00807	0.01195	0.01502	0.20013	0.04694	0.52818	0.01229	0.00603	0.00175	0.00279	0.11788	0.00480	0.00437
60	0.01044	0.00838	0.01069	0.00955	0.01081	0.01004	0.00762	0.01437	0.16062	0.07227	0.11799	0.07224	0.09156	0.01093	0.06135	0.00225	0.28411	0.00655	0.03248	0.00575
61	0.00995	0.05002	0.31087	0.03321	0.01553	0.06015	0.03793	0.01483	0.09383	0.01718	0.26753	0.02074	0.03370	0.00687	0.00513	0.00155	0.00531	0.00578	0.00362	0.00628
62	0.01081	0.00851	0.01238	0.01267	0.15707	0.00751	0.06749	0.01311	0.01145	0.09450	0.03498	0.02548	0.16411	0.00731	0.00512	0.00143	0.00439	0.10500	0.00374	0.25295
63	0.01260	0.01235	0.01997	0.02984	0.76074	0.04546	0.01506	0.01549	0.01147	0.01611	0.00930	0.01219	0.00783	0.00447	0.00492	0.00147	0.00605	0.00439	0.00247	0.00781
64	0.01156	0.00880	0.03167	0.03705	0.04062	0.02847	0.00719	0.13834	0.06914	0.10904	0.18461	0.03008	0.22173	0.00895	0.00550	0.00163	0.00396	0.05076	0.00478	0.00610
65	0.09461	0.00927	0.02967	0.00893	0.01164	0.03641	0.00738	0.03751	0.04571	0.35295	0.19578	0.01966	0.01876	0.00721	0.00634	0.00162	0.09920	0.00557	0.00495	0.00681
66	0.03119	0.14121	0.15015	0.00944	0.06344	0.00928	0.00775	0.03016	0.00912	0.01255	0.01291	0.05944	0.01359	0.41295	0.01480	0.00313	0.00533	0.00583	0.00281	0.00491

[dist]
# distance from previous block
# <min> <max>
8	21

[block]
# block no. 6 follows, 50 sequences, length 45
# corresponding to MSA columns:
# 294-338
name=unknown_G
#
# <colnr> <probs for GDERKNQSTAVLIFYWHMCP>
#	G	D	E	R	K	N	Q	S	T	A	V	L	I	F	Y	W	H	M	C	P
0	0.00691	0.00510	0.00646	0.00616	0.00741	0.00466	0.00465	0.00909	0.01363	0.01889	0.66121	0.03932	0.15768	0.01064	0.00591	0.00160	0.00243	0.02828	0.00534	0.00463
1	0.01118	0.12715	0.01283	0.00774	0.01213	0.00895	0.00646	0.04975	0.01094	0.01632	0.00873	0.01008	0.00729	0.00388	0.00368	0.00082	0.00401	0.00299	0.00293	0.69211
2	0.01153	0.24023	0.48175	0.01221	0.01813	0.03141	0.01437	0.03592	0.08137	0.01547	0.00948	0.01058	0.00720	0.00483	0.00435	0.00144	0.00649	0.00360	0.00247	0.00715
3	0.01229	0.04767	0.43759	0.01647	0.11616	0.01211	0.13070	0.08445	0.01220	0.06869	0.01008	0.01166	0.00729	0.00481	0.00492	0.00155	0.00690	0.00423	0.00274	0.00747
4	0.00859	0.00435	0.00644	0.00644	0.00644	0.00435	0.00427	0.00653	0.00653	0.00871	0.00900	0.01599	0.00911	0.05625	0.01976	0.81399	0.00435	0.00447	0.00221	0.00221
5	0.01106	0.01094	0.04085	0.03733	0.08560	0.01163	0.19237	0.09414	0.02598	0.01613	0.03179	0.07543	0.06078	0.00859	0.03299	0.00201	0.21411	0.03897	0.00316	0.00614
6	0.01142	0.09172	0.40043	0.02032	0.33626	0.01236	0.01610	0.01563	0.01088	0.02655	0.00909	0.01113	0.00705	0.00459	0.00468	0.00149	0.00655	0.00392	0.00231	0.00751
7	0.00681	0.00518	0.00632	0.00663	0.00763	0.00490	0.00474	0.00919	0.06969	0.01563	0.25810	0.38239	0.17866	0.01277	0.00603	0.00180	0.00274	0.01131	0.00492	0.00456
8	0.00834	0.00541	0.00691	0.00735	0.00845	0.00521	0.00555	0.01057	0.05395	0.07259	0.09838	0.38367	0.07668	0.01263	0.00600	0.00189	0.00327	0.15955	0.06877	0.00481
9	0.01256	0.01247	0.01842	0.02946	0.32538	0.08512	0.14035	0.05750	0.03492	0.01620	0.01096	0.01356	0.03001	0.00560	0.00676	0.00160	0.13118	0.00478	0.05635	0.00682
10	0.01162	0.02483	0.65348	0.01387	0.02043	0.11213	0.01678	0.06121	0.01174	0.01625	0.00897	0.01041	0.00646	0.00486	0.00472	0.00154	0.00746	0.00367	0.00233	0.00723
11	0.00712	0.00486	0.00571	0.00578	0.00594	0.00491	0.00347	0.00739	0.00759	0.01017	0.01725	0.08153	0.04171	0.66901	0.10317	0.00489	0.00551	0.00759	0.00313	0.00327
12	0.06115	0.01210	0.01131	0.00913	0.01257	0.16992	0.00725	0.10753	0.03720	0.21168	0.01259	0.01278	0.00917	0.00520	0.00433	0.00125	0.00501	0.00392	0.08087	0.22504
13	0.04762	0.01421	0.17873	0.01505	0.04655	0.05442	0.30195	0.01466	0.04901	0.01565	0.01586	0.10474	0.07403	0.00683	0.00547	0.00169	0.00649	0.03772	0.00307	0.00626
14	0.01005	0.00977	0.01560	0.65861	0.07981	0.03591	0.03016	0.01313	0.01004	0.01295	0.00870	0.01291	0.00673	0.00523	0.00588	0.00168	0.07046	0.00442	0.00225	0.00571
15	0.00617	0.00449	0.00582	0.00670	0.00721	0.00414	0.00456	0.00725	0.01024	0.01365	0.12008	0.66145	0.10041	0.01471	0.00626	0.00194	0.00280	0.01324	0.00473	0.00414
16	0.00860	0.01281	0.27089	0.01139	0.03595	0.00797	0.07404	0.03214	0.01049	0.01460	0.01813	0.32973	0.01938	0.06163	0.00695	0.00202	0.00525	0.06900	0.00346	0.00558
17	0.01359	0.01048	0.10761	0.01065	0.01386	0.00865	0.05188	0.10787	0.04565	0.21610	0.01967	0.04460	0.01770	0.00901	0.00578	0.00186	0.00510	0.29867	0.00464	0.00663
18	0.00870	0.00435	0.00638	0.00638	0.00645	0.00435	0.00428	0.00682	0.00674	0.00929	0.00914	0.01537	0.00892	0.01659	0.01847	0.80086	0.00420	0.00435	0.05606	0.00232
19	0.01158	0.00912	0.01067	0.00770	0.01207	0.00718	0.00619	0.05578	0.01131	0.06658	0.00972	0.01085	0.00776	0.00398	0.00385	0.00083	0.00383	0.00317	0.00327	0.75457
20	0.01209	0.03804	0.02684	0.01927	0.02357	0.05714	0.62210	0.01570	0.01137	0.01517	0.00945	0.01274	0.00735	0.00478	0.00693	0.00170	0.10132	0.00546	0.00247	0.00651
21	0.00725	0.00483	0.00544	0.00544	0.00544	0.00483	0.00302	0.00725	0.00725	0.00966	0.01571	0.03262	0.01812	0.82483	0.02537	0.00483	0.00483	0.00725	0.00302	0.00302
22	0.03782	0.00910	0.02460	0.02970	0.04059	0.00824	0.00738	0.09522	0.04849	0.31342	0.07446	0.03871	0.01369	0.00605	0.00470	0.00137	0.00412	0.00498	0.05056	0.18680
23	0.01298	0.62830	0.17484	0.00986	0.01464	0.06160	0.01050	0.01537	0.01043	0.01254	0.00736	0.00854	0.00638	0.00440	0.00357	0.00118	0.00593	0.00289	0.00215	0.00655
24	0.00657	0.00455	0.00564	0.00631	0.00648	0.00438	0.00395	0.00707	0.00858	0.01144	0.02254	0.49073	0.02674	0.35496	0.01433	0.00320	0.00371	0.01127	0.00395	0.00362
25	0.01305	0.00837	0.01017	0.00763	0.01149	0.00672	0.00613	0.03180	0.01199	0.21308	0.08027	0.01622	0.05152	0.00537	0.00435	0.00108	0.00370	0.00440	0.00411	0.50856
26	0.08715	0.00699	0.00904	0.00829	0.00967	0.00788	0.02703	0.09892	0.00981	0.01467	0.01278	0.01961	0.01209	0.16950	0.46029	0.00579	0.02729	0.00533	0.00303	0.00484
27	0.06335	0.10196	0.04447	0.01504	0.06690	0.16392	0.25619	0.03734	0.05319	0.03957	0.01178	0.03189	0.01013	0.00581	0.00508	0.00157	0.00682	0.07551	0.00305	0.00643
28	0.01106	0.11049	0.65821	0.01344	0.02014	0.05916	0.01667	0.01607	0.01075	0.02754	0.00883	0.01027	0.00642	0.00473	0.00456	0.00151	0.00720	0.00357	0.00220	0.00719
29	0.00923	0.00843	0.01245	0.06228	0.05621	0.01006	0.05937	0.01149	0.05605	0.01355	0.05415	0.24696	0.01756	0.06073	0.01079	0.00214	0.29220	0.00778	0.00332	0.00523
30	0.01540	0.01168	0.01262	0.01051	0.01376	0.01304	0.00850	0.37641	0.33445	0.04867	0.01665	0.01783	0.01276	0.00680	0.00510	0.00162	0.00467	0.05288	0.02879	0.00788
31	0.01888	0.01320	0.01438	0.01112	0.01502	0.01443	0.00915	0.65269	0.07075	0.10891	0.01328	0.01290	0.00930	0.00605	0.00499	0.00151	0.00526	0.00461	0.00511	0.00844
32	0.04445	0.00795	0.00957	0.00816	0.01075	0.00785	0.00644	0.07595	0.14447	0.27630	0.22666	0.07477	0.06881	0.00825	0.00532	0.00161	0.00358	0.00697	0.00541	0.00673
33	0.00643	0.00465	0.00592	0.00672	0.00725	0.00435	0.00466	0.00745	0.00992	0.01307	0.07358	0.52660	0.11582	0.11081	0.00858	0.00232	0.00320	0.08016	0.00448	0.00403
34	0.00615	0.00448	0.00582	0.00685	0.00733	0.00415	0.00471	0.00713	0.00983	0.01291	0.02981	0.70306	0.11172	0.01521	0.00634	0.00200	0.00294	0.05083	0.00463	0.00409
35	0.31460	0.01211	0.02082	0.01538	0.01967	0.01224	0.46303	0.05320	0.01117	0.01901	0.00906	0.01147	0.00684	0.00444	0.00484	0.00162	0.00664	0.00468	0.00284	0.00634
36	0.01171	0.22017	0.01391	0.00867	0.01140	0.06125	0.00718	0.04462	0.25503	0.03039	0.23763	0.02117	0.04285	0.00713	0.00480	0.00146	0.00418	0.00577	0.00428	0.00639
37	0.00606	0.00461	0.00560	0.00637	0.00714	0.00414	0.00443	0.00710	0.01020	0.01303	0.03510	0.54499	0.28507	0.01457	0.00622	0.00192	0.00281	0.03189	0.00463	0.00412
38	0.00894	0.00608	0.00611	0.00633	0.00735	0.05530	0.00456	0.03783	0.01092	0.01647	0.04365	0.32180	0.02091	0.00961	0.00476	0.00152	0.00307	0.00828	0.42188	0.00463
39	0.00895	0.00842	0.01387	0.24196	0.04317	0.00884	0.15696	0.01266	0.08684	0.01467	0.05047	0.15564	0.15988	0.00838	0.00560	0.00172	0.00514	0.00776	0.00354	0.00554
40	0.02125	0.00939	0.01203	0.00931	0.01312	0.00879	0.00766	0.13033	0.06417	0.64048	0.01862	0.01637	0.01198	0.00618	0.00501	0.00155	0.00440	0.00498	0.00593	0.00844
41	0.00622	0.00453	0.00586	0.00666	0.00722	0.00417	0.00456	0.00737	0.01046	0.01399	0.15587	0.62294	0.10283	0.01445	0.00624	0.00192	0.00277	0.01299	0.00477	0.00417
42	0.02966	0.01068	0.04805	0.07346	0.15508	0.01042	0.01012	0.16686	0.01399	0.28000	0.01361	0.01455	0.00979	0.00944	0.10029	0.00232	0.03536	0.00468	0.00419	0.00747
43	0.01299	0.01050	0.01013	0.05873	0.01234	0.17298	0.00709	0.03909	0.06485	0.15337	0.32772	0.02442	0.05813	0.00777	0.00527	0.00151	0.00456	0.00644	0.00468	0.01744
44	0.01161	0.00851	0.00959	0.00922	0.03868	0.03229	0.00674	0.08593	0.23966	0.09907	0.10255	0.20337	0.07823	0.00925	0.00541	0.00168	0.00376	0.00795	0.04016	0.00633

[dist]
# distance from previous block
# <min> <max>
2	4

[block]
# block no. 7 follows, 50 sequences, length 20
# corresponding to MSA columns:
# 343-362
name=unknown_H
#
# <colnr> <probs for GDERKNQSTAVLIFYWHMCP>
#	G	D	E	R	K	N	Q	S	T	A	V	L	I	F	Y	W	H	M	C	P
0	0.01115	0.01134	0.10190	0.08057	0.04810	0.04782	0.05376	0.14881	0.06031	0.01620	0.01363	0.02023	0.02992	0.27009	0.06234	0.00302	0.00629	0.00556	0.00326	0.00570
1	0.01032	0.00899	0.01517	0.01267	0.01526	0.00902	0.24616	0.01492	0.14244	0.05070	0.03046	0.14688	0.01931	0.02212	0.00661	0.00195	0.02481	0.21228	0.00403	0.00590
