[name]
unknown

[dist]
# distance from previous block
# <min> <max>
0	16

[block]
# block no. 0 follows, 52 sequences, length 37
# corresponding to MSA columns:
# 16-52
name=unknown_A
#
# <colnr> <probs for GDERKNQSTAVLIFYWHMCP>
#	G	D	E	R	K	N	Q	S	T	A	V	L	I	F	Y	W	H	M	C	P
0	0.01182	0.11258	0.10499	0.13502	0.01745	0.01153	0.08329	0.21064	0.01349	0.02703	0.02732	0.13100	0.01317	0.00722	0.00505	0.00160	0.00546	0.07160	0.00349	0.00627
1	0.01569	0.04453	0.01480	0.01456	0.15926	0.28992	0.00988	0.18764	0.13919	0.03302	0.01089	0.01163	0.00845	0.00525	0.00458	0.00137	0.00627	0.00400	0.00345	0.03560
2	0.01334	0.01370	0.01521	0.14421	0.28916	0.22449	0.01136	0.10140	0.01288	0.01586	0.04148	0.04247	0.01908	0.00545	0.00476	0.00142	0.00627	0.00456	0.00289	0.03000
3	0.01135	0.00837	0.00939	0.00825	0.03740	0.04870	0.00617	0.05968	0.06522	0.12705	0.18953	0.03972	0.14150	0.00734	0.00487	0.00133	0.00365	0.00614	0.00436	0.21998
4	0.01195	0.53310	0.29565	0.01031	0.01546	0.03512	0.01165	0.01492	0.01007	0.01278	0.00744	0.00865	0.00619	0.00433	0.00366	0.00121	0.00595	0.00295	0.00207	0.00653
5	0.01000	0.00945	0.01554	0.30442	0.40413	0.01008	0.01261	0.01275	0.01056	0.01418	0.01522	0.01777	0.13136	0.00575	0.00496	0.00153	0.00549	0.00524	0.00264	0.00630
6	0.00687	0.00569	0.00929	0.00890	0.00998	0.00533	0.12674	0.00827	0.00969	0.01291	0.02438	0.63064	0.04830	0.02993	0.00650	0.00197	0.00375	0.04237	0.00414	0.00435
7	0.01044	0.00981	0.01668	0.08347	0.38048	0.01042	0.09473	0.01267	0.01001	0.01407	0.01142	0.10690	0.01102	0.00727	0.00748	0.05481	0.11319	0.03634	0.00265	0.00616
8	0.01015	0.00958	0.01645	0.23927	0.40326	0.01006	0.06320	0.01287	0.01047	0.01440	0.02538	0.13961	0.01178	0.00623	0.00510	0.00158	0.00559	0.00596	0.00271	0.00634
9	0.01005	0.00989	0.01813	0.06642	0.27494	0.00973	0.25171	0.01320	0.03930	0.01480	0.01490	0.20657	0.03399	0.00714	0.00545	0.00165	0.00570	0.00719	0.00305	0.00620
10	0.01672	0.01093	0.01122	0.00944	0.01181	0.16153	0.00740	0.03183	0.03347	0.37546	0.01469	0.01740	0.01140	0.13572	0.00932	0.00205	0.10852	0.02038	0.00428	0.00644
11	0.00797	0.00727	0.01152	0.01014	0.02429	0.00762	0.14160	0.00976	0.00994	0.01339	0.07843	0.16128	0.19180	0.04574	0.09478	0.00257	0.13201	0.04160	0.00353	0.00477
12	0.01046	0.01040	0.01196	0.35313	0.05876	0.16420	0.00989	0.01282	0.02893	0.02740	0.01434	0.17033	0.04754	0.00858	0.03487	0.01593	0.00608	0.00623	0.00294	0.00522
13	0.01101	0.21642	0.57031	0.01242	0.01857	0.06316	0.01509	0.01540	0.01036	0.01419	0.00816	0.00956	0.00616	0.00452	0.00423	0.00140	0.00679	0.00332	0.00208	0.00684
14	0.01103	0.05309	0.23627	0.01805	0.03506	0.01235	0.51100	0.01532	0.01094	0.01520	0.00927	0.01199	0.00696	0.00434	0.00554	0.00159	0.02805	0.00495	0.00232	0.00668
15	0.01128	0.07794	0.08873	0.01875	0.03717	0.01248	0.62658	0.01518	0.01115	0.01511	0.00992	0.03429	0.00784	0.00443	0.00542	0.00158	0.00767	0.00550	0.00244	0.00651
16	0.01070	0.01032	0.01690	0.43177	0.38873	0.03111	0.01401	0.01371	0.01042	0.01397	0.00882	0.01239	0.00702	0.00460	0.00481	0.00152	0.00619	0.00428	0.00228	0.00645
17	0.01197	0.01320	0.01300	0.40591	0.02293	0.29237	0.01080	0.01429	0.01144	0.01264	0.04061	0.01693	0.04806	0.00606	0.00488	0.00153	0.00677	0.05862	0.00267	0.00531
18	0.00678	0.00559	0.00700	0.00701	0.00840	0.00524	0.03971	0.00918	0.07753	0.01372	0.03534	0.29474	0.37434	0.01246	0.00590	0.00180	0.00314	0.08318	0.00444	0.00449
19	0.01163	0.01114	0.01901	0.13042	0.70162	0.01142	0.01469	0.01455	0.01086	0.01539	0.00905	0.01211	0.00752	0.00439	0.00480	0.00146	0.00585	0.00432	0.00237	0.00738
20	0.01005	0.00861	0.01005	0.00718	0.01148	0.00646	0.00574	0.01220	0.01005	0.01579	0.00861	0.01005	0.00718	0.00359	0.00359	0.00072	0.00359	0.00287	0.00287	0.85932
21	0.83482	0.00984	0.00735	0.00658	0.00956	0.03838	0.00539	0.01442	0.00844	0.02140	0.00677	0.00790	0.00528	0.00452	0.00305	0.00149	0.00392	0.00264	0.00298	0.00526
22	0.01019	0.02024	0.52562	0.01352	0.01844	0.03813	0.04036	0.01436	0.00973	0.01429	0.00879	0.01214	0.00711	0.00591	0.00752	0.00170	0.20894	0.03430	0.00219	0.00652
23	0.00903	0.00452	0.00452	0.00452	0.00565	0.00452	0.00339	0.01129	0.01016	0.01807	0.01581	0.01807	0.01242	0.00565	0.00339	0.00113	0.00226	0.00452	0.85659	0.00452
24	0.01395	0.03016	0.01645	0.01359	0.01640	0.41824	0.21368	0.01604	0.01236	0.01319	0.01195	0.08680	0.01139	0.00664	0.00514	0.00153	0.00750	0.09653	0.00289	0.00559
25	0.01182	0.01134	0.01935	0.07819	0.75238	0.01147	0.01479	0.01472	0.01095	0.01562	0.00908	0.01205	0.00760	0.00435	0.00480	0.00145	0.00580	0.00432	0.00238	0.00754
26	0.00698	0.00496	0.00661	0.00661	0.00707	0.00542	0.00459	0.00790	0.00744	0.01038	0.01405	0.02499	0.01470	0.40863	0.44173	0.00634	0.00909	0.00606	0.00276	0.00367
27	0.00636	0.00465	0.00598	0.00636	0.00718	0.00428	0.00457	0.00789	0.01139	0.01546	0.34774	0.38076	0.12397	0.01260	0.00596	0.00176	0.00262	0.04139	0.00484	0.00424
28	0.01012	0.00964	0.01444	0.40727	0.05529	0.01239	0.01184	0.01378	0.09944	0.01318	0.00913	0.01266	0.00744	0.00631	0.00876	0.00179	0.29392	0.00442	0.00247	0.00571
29	0.01092	0.00579	0.00782	0.00752	0.00914	0.00530	0.00588	0.01268	0.01204	0.23469	0.21876	0.25409	0.02912	0.01095	0.00580	0.00178	0.00336	0.15385	0.00512	0.00540
30	0.00759	0.00571	0.00668	0.00626	0.00760	0.02890	0.00472	0.01009	0.03874	0.03297	0.61915	0.03495	0.12773	0.00969	0.00555	0.00152	0.00258	0.00843	0.03641	0.00472
31	0.00585	0.00474	0.00520	0.00552	0.00677	0.00409	0.00401	0.00702	0.01065	0.01310	0.06323	0.25561	0.55596	0.01301	0.00587	0.00173	0.00259	0.02647	0.00452	0.00407
32	0.01343	0.75919	0.02438	0.00861	0.01267	0.05770	0.00838	0.04648	0.01057	0.01221	0.00698	0.00798	0.00630	0.00426	0.00324	0.00106	0.00536	0.00269	0.00221	0.00627
33	0.01350	0.04293	0.01178	0.00937	0.05037	0.00858	0.02831	0.12728	0.03825	0.18812	0.03204	0.04592	0.07886	0.00597	0.00451	0.00125	0.00408	0.00495	0.02705	0.27689
34	0.24872	0.16066	0.12466	0.05362	0.04435	0.04058	0.03818	0.06267	0.01124	0.09766	0.00973	0.01130	0.00757	0.00553	0.00514	0.00161	0.06300	0.00377	0.00323	0.00677
35	0.00663	0.00470	0.00528	0.00540	0.00589	0.00445	0.00339	0.00717	0.00864	0.01128	0.06277	0.13243	0.20172	0.48413	0.01667	0.00343	0.00378	0.00864	0.02016	0.00344
36	0.00627	0.00457	0.00610	0.02331	0.00790	0.00433	0.00502	0.00749	0.01004	0.01336	0.10508	0.60220	0.07236	0.01409	0.00614	0.00193	0.00300	0.09818	0.00453	0.00410

[dist]
# distance from previous block
# <min> <max>
2	6

[block]
# block no. 1 follows, 52 sequences, length 7
# corresponding to MSA columns:
# 59-65
name=unknown_B
#
# <colnr> <probs for GDERKNQSTAVLIFYWHMCP>
#	G	D	E	R	K	N	Q	S	T	A	V	L	I	F	Y	W	H	M	C	P
0	0.15873	0.01556	0.28531	0.03481	0.15192	0.01119	0.10846	0.07996	0.01115	0.01756	0.00979	0.03180	0.00792	0.00605	0.02999	0.00174	0.00630	0.02240	0.00270	0.00666
1	0.00690	0.00494	0.00608	0.00647	0.00745	0.00457	0.00470	0.00851	0.03081	0.03864	0.14936	0.35602	0.21759	0.05559	0.00694	0.00196	0.00296	0.08159	0.00460	0.00430
2	0.14575	0.00594	0.00729	0.00885	0.09118	0.00591	0.00561	0.00894	0.00969	0.01461	0.05283	0.47560	0.12668	0.01172	0.00544	0.00178	0.00321	0.01031	0.00406	0.00459
3	0.03159	0.01390	0.15458	0.08566	0.01874	0.06033	0.18892	0.12716	0.01255	0.07152	0.01087	0.04660	0.00855	0.00534	0.00525	0.00149	0.03719	0.00472	0.03037	0.08466
4	0.01157	0.06615	0.11848	0.02022	0.29885	0.01200	0.22763	0.04343	0.08166	0.01617	0.01099	0.05105	0.00912	0.00505	0.00500	0.00152	0.00624	0.00506	0.00277	0.00704
5	0.00601	0.00432	0.00554	0.00647	0.00681	0.00403	0.00428	0.00679	0.00916	0.01211	0.02705	0.68836	0.08362	0.10114	0.00811	0.00223	0.00299	0.01282	0.00433	0.00384
6	0.01474	0.01648	0.09821	0.08708	0.11865	0.29765	0.04374	0.03697	0.13404	0.08883	0.01113	0.01213	0.00840	0.00517	0.00470	0.00144	0.00668	0.00410	0.00317	0.00669

[dist]
# distance from previous block
# <min> <max>
0	4

[block]
# block no. 2 follows, 52 sequences, length 28
# corresponding to MSA columns:
# 70-97
name=unknown_C
#
# <colnr> <probs for GDERKNQSTAVLIFYWHMCP>
#	G	D	E	R	K	N	Q	S	T	A	V	L	I	F	Y	W	H	M	C	P
0	0.02370	0.05482	0.32865	0.01429	0.09029	0.03743	0.08646	0.13903	0.04726	0.11535	0.01093	0.01182	0.00783	0.00497	0.00472	0.00149	0.00623	0.00415	0.00321	0.00736
1	0.05609	0.00635	0.00774	0.00807	0.02463	0.00648	0.02105	0.03755	0.13591	0.02701	0.02528	0.46108	0.10023	0.01192	0.00568	0.00183	0.00335	0.05031	0.00443	0.00499
2	0.23468	0.29910	0.07252	0.01030	0.01416	0.14271	0.09030	0.05930	0.01099	0.01596	0.00760	0.00891	0.00620	0.00449	0.00376	0.00131	0.00584	0.00319	0.00258	0.00608
3	0.00669	0.00448	0.00521	0.00572	0.00648	0.00417	0.00395	0.00791	0.00979	0.01377	0.04344	0.39925	0.19035	0.07137	0.00677	0.00189	0.00273	0.01029	0.20168	0.00404
4	0.01253	0.01238	0.01936	0.02711	0.66651	0.06473	0.05343	0.03402	0.03361	0.01603	0.00940	0.01200	0.00778	0.00445	0.00482	0.00144	0.00601	0.00434	0.00254	0.00749
5	0.00782	0.00557	0.00787	0.00767	0.00880	0.00622	0.00595	0.01015	0.04860	0.04901	0.05660	0.02126	0.05052	0.04370	0.63942	0.00652	0.01092	0.00564	0.00311	0.00466
6	0.01028	0.04714	0.56863	0.01395	0.05542	0.01133	0.05478	0.01548	0.04799	0.03255	0.05142	0.01229	0.00894	0.00514	0.00523	0.00155	0.04433	0.00412	0.00249	0.00695
7	0.00671	0.00481	0.00571	0.00595	0.00710	0.00425	0.00428	0.00798	0.01092	0.05040	0.15270	0.33483	0.36134	0.01271	0.00586	0.00174	0.00264	0.01108	0.00470	0.00430
8	0.01162	0.01027	0.01516	0.35095	0.19166	0.01167	0.02728	0.13706	0.11582	0.01716	0.01165	0.01455	0.02136	0.00547	0.00514	0.00158	0.02191	0.01998	0.00309	0.00662
9	0.01416	0.06717	0.01515	0.09837	0.05672	0.13870	0.06602	0.22124	0.07162	0.03045	0.01036	0.01161	0.00796	0.00495	0.00448	0.00131	0.00573	0.00399	0.02207	0.14794
10	0.00957	0.05083	0.01575	0.05462	0.01560	0.00919	0.25967	0.08259	0.01123	0.01501	0.01712	0.37279	0.01823	0.00935	0.00601	0.00175	0.03284	0.00888	0.00353	0.00542
11	0.01209	0.00928	0.01114	0.03284	0.04861	0.00833	0.00705	0.09281	0.10595	0.08660	0.01182	0.03960	0.00947	0.00485	0.00417	0.00107	0.00400	0.00399	0.00361	0.50272
12	0.01029	0.00677	0.00801	0.00731	0.00913	0.00680	0.00565	0.07583	0.12988	0.10455	0.26386	0.08769	0.09169	0.04662	0.00621	0.00173	0.00327	0.05551	0.07365	0.00557
13	0.03362	0.01098	0.01310	0.05202	0.14052	0.04083	0.00869	0.21289	0.03577	0.03317	0.00988	0.01115	0.00771	0.00455	0.00425	0.00115	0.00475	0.00367	0.00337	0.36794
14	0.02514	0.01373	0.04639	0.09948	0.03462	0.22692	0.04835	0.13482	0.04852	0.01600	0.01112	0.03075	0.00963	0.05841	0.04477	0.00201	0.06625	0.03206	0.04516	0.00587
15	0.01102	0.00804	0.00854	0.00770	0.00980	0.00887	0.00597	0.08871	0.36153	0.02035	0.10233	0.01946	0.01673	0.00654	0.00447	0.00143	0.00325	0.00540	0.30358	0.00628
16	0.00604	0.00490	0.00532	0.00525	0.00670	0.00422	0.00391	0.00750	0.01160	0.01459	0.23500	0.06037	0.57761	0.02799	0.00611	0.00168	0.00246	0.00987	0.00468	0.00419
17	0.00970	0.00807	0.00861	0.00797	0.01007	0.00871	0.00606	0.05738	0.40478	0.01763	0.05502	0.10469	0.22794	0.04359	0.00612	0.00179	0.00343	0.00768	0.00470	0.00607
18	0.00792	0.00439	0.00594	0.00594	0.00594	0.00439	0.00375	0.00658	0.00658	0.00877	0.01089	0.02085	0.01173	0.30984	0.02100	0.55106	0.00439	0.00523	0.00240	0.00240
19	0.00916	0.01524	0.36296	0.01477	0.16967	0.00943	0.01304	0.01284	0.00951	0.01397	0.01032	0.01375	0.00860	0.01599	0.29514	0.00377	0.00898	0.00431	0.00231	0.00624
20	0.00915	0.00861	0.01453	0.81804	0.03338	0.01077	0.01346	0.01238	0.00969	0.01238	0.00861	0.01292	0.00646	0.00484	0.00484	0.00161	0.00646	0.00431	0.00215	0.00538
21	0.01407	0.01322	0.01395	0.09027	0.01644	0.18329	0.09054	0.13528	0.26114	0.05414	0.01395	0.05158	0.01099	0.00604	0.00490	0.00152	0.00577	0.00505	0.02107	0.00676
22	0.00948	0.00729	0.00814	0.02305	0.00963	0.04325	0.00592	0.10329	0.05216	0.04892	0.33410	0.08454	0.16007	0.00985	0.00559	0.00162	0.00344	0.07961	0.00481	0.00524
23	0.39046	0.01055	0.01074	0.00859	0.01211	0.04746	0.05537	0.10561	0.04698	0.07141	0.00936	0.01019	0.00708	0.00464	0.00379	0.00133	0.00444	0.00338	0.00341	0.19310
24	0.01305	0.01220	0.02341	0.01853	0.09892	0.02402	0.51107	0.03490	0.05645	0.11522	0.01145	0.01349	0.00839	0.00453	0.00537	0.00156	0.00698	0.00530	0.00310	0.03206
25	0.01097	0.01070	0.01733	0.18626	0.29794	0.03811	0.12662	0.03655	0.04648	0.01490	0.01130	0.09942	0.01018	0.00603	0.00589	0.00161	0.06502	0.00554	0.00275	0.00641
26	0.05380	0.00896	0.09281	0.00945	0.05096	0.00773	0.02059	0.01384	0.20245	0.03387	0.06419	0.28920	0.11310	0.00980	0.00535	0.00171	0.00378	0.00855	0.00420	0.00565
27	0.00894	0.00760	0.00777	0.00760	0.00931	0.04925	0.00564	0.01427	0.27363	0.03362	0.02978	0.26154	0.25061	0.01067	0.00550	0.00171	0.00339	0.00916	0.00457	0.00543

[dist]
# distance from previous block
# <min> <max>
3	8

[block]
# block no. 3 follows, 52 sequences, length 22
# corresponding to MSA columns:
# 106-127
name=unknown_D
#
# <colnr> <probs for GDERKNQSTAVLIFYWHMCP>
#	G	D	E	R	K	N	Q	S	T	A	V	L	I	F	Y	W	H	M	C	P
0	0.26952	0.06796	0.06968	0.00887	0.01260	0.03670	0.03525	0.01833	0.10177	0.23759	0.01217	0.01206	0.00867	0.00506	0.00407	0.00141	0.00452	0.00380	0.00388	0.08608
1	0.00658	0.00468	0.00615	0.00698	0.00752	0.00448	0.00507	0.00777	0.00982	0.01306	0.08628	0.45388	0.04899	0.12337	0.00873	0.00235	0.00341	0.19254	0.00435	0.00398
2	0.04475	0.19068	0.08677	0.00986	0.01369	0.02635	0.00890	0.22048	0.21226	0.08210	0.01274	0.01262	0.00951	0.00544	0.00434	0.00140	0.00488	0.00412	0.02297	0.02614
3	0.06704	0.35890	0.25950	0.01068	0.03966	0.01409	0.01110	0.04369	0.01095	0.12937	0.00939	0.01007	0.00709	0.00464	0.00393	0.00131	0.00557	0.00335	0.00280	0.00686
4	0.03060	0.03889	0.07355	0.07421	0.14357	0.01029	0.09491	0.04539	0.13830	0.19922	0.06443	0.01647	0.03674	0.00576	0.00492	0.00153	0.00509	0.00511	0.00394	0.00708
5	0.04029	0.00855	0.08739	0.05156	0.07447	0.00754	0.00762	0.03710	0.11064	0.02595	0.01113	0.01472	0.02652	0.01131	0.01196	0.43946	0.00466	0.00439	0.00275	0.02199
6	0.01104	0.06221	0.06919	0.04159	0.19187	0.02760	0.14519	0.03961	0.08258	0.03926	0.14221	0.01861	0.06573	0.00620	0.00546	0.00153	0.03467	0.00562	0.00338	0.00644
7	0.01088	0.26248	0.01570	0.10008	0.06288	0.05005	0.02031	0.04914	0.03291	0.01418	0.05838	0.10391	0.03475	0.00721	0.00505	0.00147	0.03483	0.08291	0.00314	0.04975
8	0.00968	0.02346	0.72254	0.01396	0.02070	0.01103	0.06679	0.01502	0.01027	0.01524	0.00949	0.04295	0.00725	0.00499	0.00474	0.00156	0.00705	0.00413	0.00217	0.00699
9	0.03198	0.04429	0.07281	0.01301	0.12310	0.22698	0.05269	0.01507	0.01123	0.01466	0.00834	0.01001	0.00685	0.00422	0.00413	0.00110	0.00587	0.00334	0.00259	0.34772
10	0.00930	0.00895	0.01632	0.01271	0.01480	0.00929	0.32084	0.01129	0.00896	0.01239	0.01160	0.01993	0.01133	0.29854	0.09913	0.00343	0.11780	0.00593	0.00259	0.00487
11	0.00938	0.00559	0.00720	0.00675	0.00833	0.00510	0.00518	0.01152	0.02937	0.15492	0.40180	0.14065	0.12545	0.01036	0.00568	0.00164	0.00287	0.05790	0.00517	0.00513
12	0.00778	0.00511	0.00643	0.00638	0.00768	0.00461	0.00479	0.00944	0.01192	0.08630	0.32468	0.21792	0.21488	0.01154	0.00582	0.00170	0.00276	0.06067	0.00495	0.00464
13	0.00922	0.00885	0.01534	0.07319	0.07159	0.00959	0.21184	0.01152	0.00983	0.01366	0.05268	0.09627	0.06590	0.03794	0.09448	0.00251	0.15982	0.03217	0.01828	0.00533
14	0.00647	0.00451	0.00556	0.00597	0.00657	0.00417	0.00403	0.00693	0.00925	0.01199	0.07764	0.34176	0.22159	0.12873	0.01059	0.13340	0.00317	0.01014	0.00397	0.00360
15	0.00653	0.00491	0.00653	0.00716	0.00761	0.00505	0.00511	0.00754	0.00905	0.01215	0.02427	0.51348	0.07510	0.08384	0.10041	0.00287	0.05507	0.06529	0.00400	0.00403
16	0.01409	0.14933	0.01442	0.01054	0.04623	0.04359	0.00831	0.22401	0.27671	0.05219	0.01452	0.04058	0.01162	0.00620	0.00461	0.00146	0.00470	0.02995	0.01989	0.02706
17	0.31590	0.01360	0.21665	0.01090	0.04463	0.01066	0.04758	0.01659	0.03205	0.17194	0.01025	0.01108	0.00735	0.00515	0.00500	0.00156	0.06557	0.00373	0.00328	0.00656
18	0.20870	0.10217	0.12820	0.01015	0.01396	0.02433	0.08167	0.09779	0.05153	0.12526	0.01091	0.01196	0.00814	0.01802	0.01412	0.00158	0.02811	0.00395	0.05292	0.00652
19	0.01253	0.17899	0.26505	0.01157	0.01618	0.06544	0.05753	0.14543	0.10964	0.01730	0.01168	0.01257	0.03465	0.00635	0.03313	0.00165	0.00626	0.00413	0.00304	0.00688
20	0.00654	0.00448	0.00544	0.00594	0.00606	0.00436	0.00363	0.00691	0.00804	0.01072	0.02036	0.38521	0.02404	0.46744	0.01645	0.00348	0.00386	0.01004	0.00363	0.00338
21	0.04014	0.00843	0.01408	0.01293	0.10897	0.00833	0.19068	0.03224	0.01242	0.03538	0.37577	0.04094	0.03970	0.00753	0.00602	0.00158	0.04825	0.00696	0.00401	0.00564

[dist]
# distance from previous block
# <min> <max>
3	7

[block]
# block no. 4 follows, 52 sequences, length 12
# corresponding to MSA columns:
# 135-146
name=unknown_E
#
# <colnr> <probs for GDERKNQSTAVLIFYWHMCP>
#	G	D	E	R	K	N	Q	S	T	A	V	L	I	F	Y	W	H	M	C	P
0	0.00761	0.00488	0.00669	0.04432	0.00888	0.00465	0.00531	0.00880	0.01002	0.08365	0.06422	0.63928	0.02957	0.01353	0.00601	0.00190	0.00315	0.04853	0.00457	0.00445
1	0.03578	0.00984	0.11703	0.03277	0.06576	0.00827	0.00854	0.04364	0.11215	0.11647	0.08051	0.24771	0.01935	0.00889	0.00571	0.00169	0.03819	0.02555	0.01613	0.00603
2	0.01369	0.01136	0.11993	0.01276	0.14647	0.04152	0.04768	0.05657	0.04456	0.19892	0.01361	0.01446	0.00992	0.00526	0.00444	0.00138	0.00477	0.00444	0.22236	0.02589
3	0.00757	0.00565	0.00704	0.00776	0.05441	0.00536	0.00528	0.00971	0.06238	0.05590	0.05279	0.28296	0.32836	0.01403	0.07569	0.00225	0.00385	0.00991	0.00434	0.00475
4	0.20513	0.00758	0.00843	0.03083	0.01023	0.00759	0.00581	0.08023	0.01272	0.16040	0.27026	0.02319	0.10174	0.00740	0.00474	0.00148	0.00342	0.00602	0.00458	0.04819
5	0.01173	0.07522	0.11612	0.17992	0.08116	0.08041	0.11024	0.02755	0.01084	0.05849	0.00986	0.04479	0.00808	0.00514	0.00514	0.00142	0.04359	0.00439	0.00268	0.12324
6	0.01413	0.05404	0.16043	0.12710	0.08886	0.06918	0.05210	0.19027	0.07737	0.10247	0.01128	0.01232	0.00820	0.00517	0.00474	0.00149	0.00600	0.00425	0.00344	0.00717
7	0.00821	0.00519	0.00675	0.00705	0.00801	0.00490	0.00511	0.03641	0.01099	0.08989	0.14801	0.48402	0.04683	0.04686	0.00674	0.00196	0.00314	0.07060	0.00472	0.00461
8	0.01159	0.01293	0.09116	0.06165	0.26389	0.01207	0.26533	0.05369	0.07041	0.01618	0.01007	0.01270	0.00792	0.00543	0.02031	0.00170	0.06857	0.00481	0.00267	0.00693
9	0.01225	0.13779	0.17567	0.04097	0.09962	0.01187	0.06175	0.05403	0.17311	0.08533	0.04929	0.01486	0.03039	0.00553	0.00463	0.00147	0.00525	0.00465	0.02458	0.00696
10	0.03729	0.05978	0.01453	0.01256	0.09023	0.08804	0.08536	0.10150	0.01239	0.16019	0.01534	0.09918	0.05946	0.00725	0.00640	0.00161	0.10990	0.02892	0.00372	0.00637
11	0.00704	0.00473	0.00599	0.00619	0.00663	0.00493	0.00419	0.00798	0.00805	0.01154	0.01676	0.17194	0.01802	0.34827	0.24879	0.00467	0.00648	0.00743	0.10664	0.00372

[dist]
# distance from previous block
# <min> <max>
1	10

[block]
# block no. 5 follows, 52 sequences, length 12
# corresponding to MSA columns:
# 157-168
name=unknown_F
#
# <colnr> <probs for GDERKNQSTAVLIFYWHMCP>
#	G	D	E	R	K	N	Q	S	T	A	V	L	I	F	Y	W	H	M	C	P
0	0.22172	0.24412	0.04269	0.01013	0.05508	0.22727	0.00815	0.01526	0.01070	0.01497	0.03437	0.03381	0.00821	0.00498	0.00377	0.00127	0.00563	0.00343	0.00265	0.05178
1	0.01095	0.00804	0.01174	0.13271	0.22373	0.00834	0.00921	0.04710	0.03496	0.08114	0.03993	0.02121	0.05732	0.00740	0.02757	0.00169	0.00469	0.08258	0.18366	0.00602
2	0.01182	0.01161	0.02075	0.17082	0.07629	0.01231	0.35097	0.12203	0.03894	0.01696	0.03358	0.01340	0.00865	0.00517	0.00631	0.00164	0.08429	0.00511	0.00287	0.00649
3	0.00870	0.00731	0.00951	0.00870	0.00982	0.00845	0.00678	0.01156	0.10049	0.01384	0.08205	0.12206	0.01664	0.06800	0.17573	0.00317	0.20909	0.02136	0.02472	0.09199
4	0.01140	0.00930	0.00997	0.00877	0.01131	0.01025	0.00688	0.16514	0.39819	0.02015	0.05806	0.02381	0.18244	0.00948	0.05081	0.00195	0.00428	0.00641	0.00471	0.00669
5	0.00627	0.00468	0.00584	0.00609	0.00702	0.00424	0.00436	0.00781	0.01154	0.01553	0.35943	0.32736	0.19740	0.01233	0.00589	0.00171	0.00251	0.01090	0.00485	0.00424
6	0.01172	0.00589	0.00766	0.00704	0.00891	0.00520	0.00533	0.01321	0.01187	0.29817	0.14103	0.29517	0.14774	0.01064	0.00557	0.00168	0.00315	0.00927	0.00516	0.00561
7	0.00649	0.00478	0.00620	0.00634	0.00722	0.00459	0.00459	0.00806	0.01092	0.01495	0.33577	0.23918	0.12962	0.06037	0.13554	0.00283	0.00428	0.00958	0.00445	0.00422
8	0.00775	0.00595	0.00726	0.00677	0.00831	0.00544	0.00486	0.02327	0.02361	0.01302	0.01834	0.24549	0.05607	0.19650	0.11263	0.00297	0.00483	0.02697	0.00350	0.22645
9	0.34264	0.00996	0.01223	0.14459	0.18192	0.01095	0.00927	0.07812	0.04338	0.10949	0.00991	0.01129	0.00738	0.00488	0.00413	0.00151	0.00479	0.00378	0.00331	0.00647
10	0.00880	0.04677	0.02635	0.03551	0.01066	0.07200	0.02822	0.05168	0.01057	0.01382	0.03254	0.49564	0.02247	0.01109	0.00583	0.00169	0.03259	0.00973	0.00384	0.08020
11	0.05163	0.06309	0.01365	0.27865	0.13056	0.01004	0.03041	0.01344	0.05232	0.05794	0.14365	0.01874	0.06757	0.00635	0.00535	0.00155	0.04056	0.00539	0.00328	0.00584

[dist]
# distance from previous block
# <min> <max>
3	14

[block]
# block no. 6 follows, 52 sequences, length 10
# corresponding to MSA columns:
# 183-192
name=unknown_G
#
# <colnr> <probs for GDERKNQSTAVLIFYWHMCP>
#	G	D	E	R	K	N	Q	S	T	A	V	L	I	F	Y	W	H	M	C	P
0	0.04262	0.05823	0.15224	0.01008	0.01343	0.03054	0.03350	0.06759	0.29394	0.01842	0.12592	0.02015	0.05408	0.00689	0.00513	0.00158	0.01965	0.03542	0.00401	0.00658
1	0.01276	0.03821	0.33968	0.01323	0.01834	0.12011	0.12465	0.08270	0.08631	0.05507	0.01045	0.01154	0.00768	0.00487	0.00471	0.00145	0.00666	0.00408	0.00292	0.05457
2	0.01241	0.14019	0.03852	0.01088	0.01410	0.03623	0.13262	0.16706	0.06456	0.05599	0.01792	0.01919	0.14834	0.00823	0.04507	0.00183	0.05557	0.02138	0.00359	0.00631
3	0.06551	0.00880	0.01212	0.01189	0.14272	0.00820	0.00816	0.05749	0.01351	0.51485	0.09152	0.01693	0.01397	0.00600	0.00484	0.00149	0.00426	0.00501	0.00511	0.00763
4	0.00590	0.00422	0.00562	0.00675	0.00703	0.00394	0.00450	0.00675	0.00928	0.01237	0.02671	0.82653	0.03205	0.01518	0.00619	0.00197	0.00281	0.01378	0.00450	0.00394
5	0.00866	0.00658	0.00715	0.00673	0.00862	0.00650	0.00509	0.01332	0.22276	0.06861	0.08945	0.09009	0.40024	0.03666	0.00609	0.00174	0.00303	0.00862	0.00473	0.00533
6	0.01063	0.14849	0.50139	0.01450	0.02066	0.01273	0.19499	0.01526	0.01045	0.01477	0.00865	0.01051	0.00644	0.00441	0.00463	0.00148	0.00709	0.00393	0.00215	0.00687
7	0.00623	0.00456	0.00590	0.00670	0.00736	0.00423	0.00480	0.00746	0.01027	0.01358	0.12296	0.53759	0.13119	0.01395	0.00613	0.00190	0.00290	0.10359	0.00460	0.00410
8	0.01112	0.01346	0.07979	0.01933	0.02418	0.01181	0.68695	0.01520	0.01134	0.01545	0.01062	0.01521	0.00842	0.00464	0.00570	0.00166	0.00789	0.04821	0.00254	0.00646
9	0.00622	0.00454	0.00588	0.00657	0.00723	0.00420	0.00466	0.00750	0.01051	0.01405	0.18780	0.52671	0.11521	0.01366	0.00608	0.00186	0.00278	0.06574	0.00467	0.00412

[dist]
# distance from previous block
# <min> <max>
0	1

[block]
# block no. 7 follows, 52 sequences, length 11
# corresponding to MSA columns:
# 194-204
name=unknown_H
#
# <colnr> <probs for GDERKNQSTAVLIFYWHMCP>
#	G	D	E	R	K	N	Q	S	T	A	V	L	I	F	Y	W	H	M	C	P
0	0.01306	0.01377	0.14525	0.01367	0.01697	0.04275	0.18158	0.10460	0.01162	0.11430	0.01007	0.01227	0.00774	0.00744	0.04623	0.00200	0.24255	0.00456	0.00302	0.00655
1	0.08253	0.16261	0.12698	0.01556	0.05689	0.09926	0.33347	0.01548	0.01083	0.01477	0.00847	0.01072	0.00668	0.00444	0.00500	0.00147	0.03187	0.00422	0.00237	0.00637
2	0.00742	0.00516	0.00608	0.00640	0.00738	0.00511	0.00458	0.01030	0.10129	0.01561	0.13971	0.38560	0.08379	0.01115	0.00534	0.00166	0.00271	0.00983	0.18627	0.00460
3	0.01572	0.01155	0.01541	0.01396	0.11384	0.01300	0.04947	0.30411	0.01499	0.15858	0.01111	0.01233	0.00828	0.00629	0.00788	0.00165	0.22619	0.00448	0.00388	0.00729
4	0.00950	0.00840	0.01016	0.00903	0.01023	0.03550	0.00718	0.04898	0.11144	0.01659	0.29746	0.02424	0.09157	0.00979	0.03598	0.00193	0.25608	0.00656	0.00401	0.00535
5	0.00882	0.01232	0.21173	0.09915	0.01778	0.00912	0.17544	0.01205	0.01016	0.01408	0.05229	0.11773	0.06741	0.01057	0.09499	0.00237	0.04520	0.03025	0.00291	0.00562
6	0.00934	0.01190	0.14082	0.05820	0.01932	0.00941	0.37216	0.01263	0.01053	0.01439	0.01496	0.24510	0.01490	0.00771	0.00567	0.00173	0.00626	0.03618	0.00303	0.00575
7	0.00702	0.00557	0.00709	0.00719	0.00801	0.00578	0.00532	0.00906	0.05279	0.01475	0.23175	0.35772	0.13692	0.01215	0.00699	0.00181	0.09085	0.03025	0.00449	0.00449
8	0.03387	0.07706	0.28371	0.03384	0.01629	0.09894	0.02874	0.02992	0.05109	0.10844	0.01022	0.01109	0.00756	0.00468	0.00430	0.00130	0.00579	0.00362	0.00297	0.18656
9	0.01285	0.05121	0.01420	0.08292	0.06884	0.13823	0.05736	0.08357	0.21640	0.01708	0.01163	0.01255	0.00905	0.00500	0.00448	0.00131	0.00539	0.00411	0.00336	0.20046
10	0.02705	0.17721	0.03721	0.00790	0.01151	0.02374	0.00687	0.04104	0.01117	0.10742	0.06704	0.01561	0.04859	0.00694	0.04534	0.00145	0.00460	0.02536	0.00339	0.33058

[dist]
# distance from previous block
# <min> <max>
0	2

[block]
# block no. 8 follows, 52 sequences, length 28
# corresponding to MSA columns:
# 208-235
name=unknown_I
#
# <colnr> <probs for GDERKNQSTAVLIFYWHMCP>
#	G	D	E	R	K	N	Q	S	T	A	V	L	I	F	Y	W	H	M	C	P
0	0.02587	0.08787	0.34639	0.03688	0.08427	0.01240	0.21067	0.06006	0.02510	0.03487	0.00938	0.01130	0.00699	0.00463	0.00501	0.00152	0.02313	0.00423	0.00251	0.00694
1	0.06946	0.20808	0.32491	0.01368	0.01903	0.05563	0.21403	0.01534	0.01051	0.01473	0.00834	0.01016	0.00642	0.00438	0.00443	0.00143	0.00682	0.00382	0.00225	0.00657
2	0.00629	0.00459	0.00585	0.00625	0.00698	0.00422	0.00437	0.00768	0.01103	0.01496	0.31571	0.41595	0.11802	0.04670	0.00673	0.00188	0.00266	0.01125	0.00475	0.00415
3	0.11717	0.00675	0.00838	0.00734	0.00963	0.00630	0.00569	0.01544	0.01186	0.36057	0.14412	0.20934	0.04072	0.02737	0.00556	0.00169	0.00345	0.00749	0.00507	0.00607
4	0.01566	0.01142	0.02989	0.01058	0.06147	0.15673	0.00783	0.12503	0.03021	0.26540	0.01615	0.15970	0.01394	0.05020	0.00600	0.00169	0.00508	0.00612	0.02032	0.00657
5	0.00882	0.00845	0.09947	0.00815	0.00989	0.00705	0.02666	0.01258	0.16064	0.04512	0.01828	0.19763	0.01878	0.31142	0.01252	0.00284	0.00447	0.03857	0.00373	0.00493
6	0.00640	0.00454	0.00588	0.00633	0.00703	0.00421	0.00445	0.00787	0.01110	0.01537	0.32481	0.45704	0.06576	0.01263	0.00587	0.00175	0.00257	0.01131	0.04086	0.00421
7	0.01464	0.01073	0.01852	0.11209	0.09694	0.02450	0.27937	0.03502	0.05620	0.26200	0.03134	0.01473	0.01004	0.00513	0.00517	0.00156	0.00603	0.00513	0.00378	0.00708
8	0.01023	0.01071	0.02114	0.44335	0.02959	0.01147	0.37443	0.01386	0.01051	0.01386	0.00917	0.01299	0.00688	0.00449	0.00526	0.00162	0.00726	0.00497	0.00229	0.00592
9	0.00659	0.00475	0.00655	0.00718	0.00775	0.00487	0.00525	0.00786	0.00904	0.01231	0.05042	0.38502	0.02477	0.09386	0.24882	0.00397	0.00622	0.10688	0.00382	0.00406
10	0.07274	0.01092	0.01167	0.00971	0.01295	0.03447	0.00778	0.19747	0.35622	0.20827	0.01651	0.01528	0.01175	0.00608	0.00475	0.00155	0.00438	0.00482	0.00497	0.00772
11	0.01132	0.01083	0.01845	0.21690	0.61758	0.01134	0.01454	0.01428	0.01072	0.01501	0.00900	0.01221	0.00739	0.00444	0.00481	0.00148	0.00592	0.00432	0.00234	0.00713
12	0.02056	0.01015	0.01242	0.00953	0.01332	0.00995	0.00787	0.29508	0.01706	0.52686	0.01644	0.01476	0.01065	0.00593	0.00486	0.00148	0.00456	0.00469	0.00559	0.00825
13	0.00579	0.00487	0.00503	0.00509	0.00661	0.00410	0.00378	0.00704	0.01105	0.01333	0.08168	0.09812	0.71224	0.01236	0.00576	0.00165	0.00247	0.01040	0.00454	0.00410
14	0.02174	0.00825	0.01125	0.00862	0.01237	0.00712	0.00712	0.02362	0.01387	0.80282	0.01912	0.01649	0.01200	0.00600	0.00487	0.00150	0.00412	0.00487	0.00600	0.00825
15	0.00972	0.02507	0.80458	0.01381	0.02097	0.01125	0.01790	0.01535	0.01023	0.01535	0.00870	0.01023	0.00614	0.00460	0.00460	0.00153	0.00716	0.00358	0.00205	0.00716
16	0.01400	0.01074	0.14315	0.14373	0.03084	0.00831	0.03941	0.03497	0.01192	0.32466	0.03655	0.12946	0.01393	0.00708	0.00511	0.00162	0.00500	0.02861	0.00421	0.00671
17	0.01005	0.00861	0.01005	0.00718	0.01148	0.00646	0.00574	0.01220	0.01005	0.01579	0.00861	0.01005	0.00718	0.00359	0.00359	0.00072	0.00359	0.00287	0.00287	0.85932
18	0.00695	0.00507	0.00718	0.00718	0.00784	0.00573	0.00530	0.00826	0.00761	0.01080	0.01354	0.02211	0.01345	0.22869	0.61996	0.00704	0.01097	0.00564	0.00268	0.00399
19	0.01199	0.01151	0.01967	0.02974	0.79946	0.01151	0.01487	0.01487	0.01103	0.01583	0.00912	0.01199	0.00768	0.00432	0.00480	0.00144	0.00576	0.00432	0.00240	0.00768
20	0.01275	0.01310	0.02361	0.02168	0.25122	0.04613	0.42832	0.11026	0.01282	0.01731	0.00973	0.01239	0.00751	0.00441	0.00528	0.00154	0.00713	0.00503	0.00273	0.00704
21	0.01153	0.01281	0.02712	0.02197	0.15362	0.01213	0.65475	0.01542	0.01137	0.01557	0.00969	0.01289	0.00741	0.00412	0.00557	0.00160	0.00777	0.00549	0.00244	0.00672
22	0.01082	0.01132	0.02222	0.27777	0.19051	0.01162	0.37473	0.01438	0.01079	0.01458	0.00928	0.01280	0.00713	0.00438	0.00525	0.00159	0.00712	0.00497	0.00234	0.00641
23	0.01493	0.04262	0.04457	0.01156	0.01432	0.33813	0.06355	0.09467	0.01336	0.09024	0.01297	0.04323	0.01165	0.00771	0.02696	0.00171	0.02639	0.13202	0.00342	0.00599
24	0.01117	0.11548	0.50325	0.01367	0.05029	0.02856	0.07614	0.04543	0.01099	0.04813	0.00992	0.04773	0.00782	0.00509	0.00461	0.00149	0.00659	0.00421	0.00249	0.00693
25	0.01175	0.01031	0.01426	0.04897	0.33441	0.01071	0.01044	0.11413	0.18302	0.01819	0.01690	0.01832	0.10505	0.00614	0.00491	0.00149	0.00475	0.02199	0.00359	0.06070
26	0.00638	0.00463	0.00648	0.00726	0.00779	0.00473	0.00527	0.00762	0.00899	0.01222	0.02244	0.51229	0.02562	0.02146	0.25077	0.00376	0.00605	0.07822	0.00392	0.00410
27	0.33438	0.14816	0.04823	0.00878	0.01234	0.04588	0.00771	0.23898	0.03801	0.04011	0.00923	0.00989	0.00701	0.00498	0.00380	0.00140	0.00477	0.00338	0.02644	0.00651

[dist]
# distance from previous block
# <min> <max>
3	5

[block]
# block no. 9 follows, 52 sequences, length 14
# corresponding to MSA columns:
# 241-254
name=unknown_J
#
# <colnr> <probs for GDERKNQSTAVLIFYWHMCP>
#	G	D	E	R	K	N	Q	S	T	A	V	L	I	F	Y	W	H	M	C	P
0	0.00931	0.00825	0.01280	0.03471	0.32316	0.02226	0.05056	0.01117	0.01020	0.01403	0.10773	0.12026	0.03345	0.20942	0.01002	0.00233	0.00485	0.00685	0.00318	0.00546
1	0.00697	0.00501	0.00686	0.00686	0.00740	0.00555	0.00490	0.00806	0.00751	0.01056	0.01383	0.02374	0.01416	0.33052	0.51911	0.00664	0.00991	0.00588	0.00272	0.00381
2	0.00608	0.00433	0.00571	0.00659	0.00696	0.00405	0.00442	0.00705	0.00969	0.01306	0.11898	0.68823	0.03292	0.05859	0.00713	0.00206	0.00285	0.01281	0.00451	0.00396
3	0.22517	0.00923	0.01014	0.00848	0.01171	0.00966	0.00684	0.02202	0.26745	0.35436	0.01628	0.01490	0.01126	0.00582	0.00443	0.00155	0.00394	0.00452	0.00491	0.00732
4	0.10191	0.01955	0.01326	0.01157	0.01444	0.54884	0.00892	0.19395	0.01526	0.01712	0.00837	0.00932	0.00660	0.00513	0.00434	0.00132	0.00746	0.00336	0.00309	0.00618
5	0.01193	0.57686	0.27216	0.01004	0.01514	0.01667	0.01134	0.01478	0.00997	0.01265	0.00736	0.00855	0.00619	0.00429	0.00358	0.00119	0.00581	0.00290	0.00206	0.00652
6	0.01197	0.01142	0.01607	0.02184	0.49201	0.06072	0.01191	0.01735	0.20312	0.01697	0.07649	0.01528	0.01247	0.00537	0.00488	0.00148	0.00518	0.00489	0.00327	0.00729
7	0.01199	0.01151	0.01967	0.02974	0.79946	0.01151	0.01487	0.01487	0.01103	0.01583	0.00912	0.01199	0.00768	0.00432	0.00480	0.00144	0.00576	0.00432	0.00240	0.00768
8	0.21891	0.00949	0.01584	0.01210	0.01537	0.00932	0.33610	0.01279	0.01101	0.01740	0.15755	0.02092	0.12984	0.00644	0.00505	0.00158	0.00518	0.00617	0.00341	0.00550
9	0.01201	0.01061	0.00754	0.00713	0.00871	0.26896	0.00535	0.01394	0.01133	0.01603	0.01308	0.01501	0.01039	0.00543	0.00371	0.00117	0.00439	0.00406	0.57628	0.00488
10	0.01174	0.00603	0.00804	0.00693	0.00892	0.00541	0.00541	0.01389	0.01377	0.27654	0.54163	0.02973	0.03465	0.00862	0.00544	0.00152	0.00289	0.00749	0.00555	0.00578
11	0.01165	0.01235	0.01494	0.45568	0.05193	0.20786	0.07961	0.01438	0.01093	0.01311	0.00904	0.01229	0.00701	0.00486	0.00468	0.00148	0.00681	0.00416	0.07168	0.00555
12	0.00776	0.01155	0.26836	0.00858	0.01172	0.00675	0.00891	0.01110	0.01247	0.01785	0.51023	0.02807	0.06086	0.00826	0.00535	0.00153	0.00389	0.00712	0.00422	0.00540
13	0.01238	0.18701	0.38335	0.01181	0.01671	0.22218	0.01278	0.01580	0.01131	0.01391	0.06276	0.01115	0.00893	0.00498	0.00432	0.00136	0.00684	0.00362	0.00240	0.00639

[dist]
# distance from previous block
# <min> <max>
0	1

[block]
# block no. 10 follows, 52 sequences, length 42
# corresponding to MSA columns:
# 256-297
name=unknown_K
#
# <colnr> <probs for GDERKNQSTAVLIFYWHMCP>
#	G	D	E	R	K	N	Q	S	T	A	V	L	I	F	Y	W	H	M	C	P
0	0.22010	0.00929	0.00966	0.04533	0.02294	0.01033	0.00689	0.09632	0.28706	0.02047	0.05455	0.03335	0.01288	0.00611	0.00433	0.00150	0.00388	0.02002	0.07652	0.05846
1	0.01775	0.14497	0.01457	0.01065	0.03550	0.33092	0.00835	0.04035	0.01333	0.27649	0.05227	0.01276	0.01030	0.00545	0.00443	0.00132	0.00612	0.00398	0.00381	0.00667
2	0.68610	0.01026	0.00868	0.00738	0.01056	0.01175	0.00608	0.17599	0.01130	0.02359	0.00778	0.00866	0.00588	0.00478	0.00339	0.00149	0.00408	0.00299	0.00339	0.00588
3	0.00636	0.00453	0.00604	0.00669	0.00705	0.00456	0.00454	0.00723	0.00851	0.01154	0.02141	0.49102	0.02479	0.18006	0.18831	0.00380	0.00544	0.01055	0.00377	0.00383
4	0.35386	0.01022	0.01421	0.08731	0.01621	0.01103	0.18111	0.05075	0.01063	0.14784	0.00984	0.01130	0.00716	0.00503	0.00510	0.00158	0.06328	0.00404	0.00331	0.00618
5	0.00982	0.00998	0.01897	0.52919	0.02995	0.01107	0.26937	0.01327	0.01026	0.01343	0.00952	0.03599	0.00748	0.00488	0.00517	0.00163	0.00693	0.00505	0.00232	0.00573
6	0.00590	0.00422	0.00562	0.00675	0.00703	0.00394	0.00450	0.00675	0.00928	0.01237	0.02671	0.82653	0.03205	0.01518	0.00619	0.00197	0.00281	0.01378	0.00450	0.00394
7	0.00781	0.00454	0.00654	0.00654	0.00676	0.00477	0.00449	0.00704	0.00681	0.00931	0.01069	0.01853	0.01083	0.14982	0.22643	0.50242	0.00658	0.00491	0.00236	0.00282
8	0.01126	0.01255	0.02570	0.01880	0.02268	0.01280	0.61965	0.01471	0.01059	0.01471	0.00908	0.01255	0.00714	0.00501	0.00786	0.00174	0.17909	0.00541	0.00238	0.00628
9	0.01588	0.01180	0.01926	0.01436	0.01841	0.08083	0.36081	0.01933	0.05295	0.31527	0.03144	0.01477	0.01027	0.00515	0.00524	0.00155	0.00632	0.00522	0.00400	0.00712
10	0.01106	0.01194	0.02232	0.01691	0.01958	0.01344	0.42993	0.01376	0.00961	0.01376	0.00823	0.01194	0.00690	0.00609	0.01037	0.00186	0.37899	0.00504	0.00230	0.00597
11	0.00590	0.00422	0.00562	0.00675	0.00703	0.00394	0.00450	0.00675	0.00928	0.01237	0.02671	0.82653	0.03205	0.01518	0.00619	0.00197	0.00281	0.01378	0.00450	0.00394
12	0.01249	0.01437	0.00997	0.00932	0.01137	0.40921	0.00707	0.01453	0.05314	0.01349	0.09152	0.02570	0.24613	0.00818	0.00506	0.00147	0.00579	0.05249	0.00359	0.00511
13	0.01089	0.00922	0.01482	0.38464	0.28365	0.01023	0.01223	0.01437	0.05097	0.05546	0.01067	0.01361	0.00822	0.00490	0.00468	0.00150	0.00552	0.00442	0.09367	0.00632
14	0.00590	0.00447	0.00537	0.00606	0.00678	0.00403	0.00415	0.00683	0.00975	0.01246	0.03358	0.52525	0.28648	0.05652	0.00699	0.00200	0.00279	0.01224	0.00442	0.00394
15	0.01005	0.00861	0.01005	0.00718	0.01148	0.00646	0.00574	0.01220	0.01005	0.01579	0.00861	0.01005	0.00718	0.00359	0.00359	0.00072	0.00359	0.00287	0.00287	0.85932
16	0.01181	0.00953	0.01322	0.01408	0.17773	0.00986	0.06198	0.26807	0.01437	0.01945	0.01678	0.29901	0.01713	0.00894	0.00543	0.00167	0.00470	0.03585	0.00403	0.00636
17	0.00686	0.00495	0.00648	0.00610	0.00724	0.00457	0.00457	0.00914	0.01372	0.01943	0.79691	0.03620	0.04572	0.00991	0.00572	0.00152	0.00229	0.00876	0.00533	0.00457
18	0.01248	0.01062	0.01120	0.00995	0.01276	0.01225	0.00777	0.07670	0.73906	0.02096	0.01918	0.01765	0.01435	0.00652	0.00493	0.00163	0.00394	0.00540	0.00493	0.00771
19	0.00613	0.00437	0.00581	0.00670	0.00701	0.00424	0.00449	0.00698	0.00889	0.01194	0.02407	0.65805	0.02845	0.10421	0.09157	0.00286	0.00407	0.01217	0.00413	0.00387
20	0.01006	0.11116	0.72151	0.01322	0.02006	0.01210	0.01688	0.01526	0.01019	0.01493	0.00849	0.00997	0.00615	0.00456	0.00444	0.00148	0.00695	0.00348	0.00205	0.00706
21	0.00656	0.00494	0.00606	0.00578	0.00706	0.00444	0.00434	0.00856	0.01301	0.01775	0.59790	0.03898	0.24578	0.01054	0.00572	0.00155	0.00233	0.00915	0.00511	0.00444
22	0.02174	0.00825	0.01125	0.00862	0.01237	0.00712	0.00712	0.02362	0.01387	0.80282	0.01912	0.01649	0.01200	0.00600	0.00487	0.00150	0.00412	0.00487	0.00600	0.00825
23	0.01024	0.05453	0.60998	0.01547	0.06162	0.01174	0.13850	0.01532	0.01045	0.01524	0.00882	0.01068	0.00641	0.00449	0.00473	0.00153	0.00717	0.00392	0.00213	0.00705
24	0.01822	0.01106	0.01264	0.01000	0.01359	0.01166	0.00816	0.35986	0.18225	0.29581	0.01594	0.01468	0.01093	0.00604	0.00487	0.00151	0.00460	0.00478	0.00526	0.00812
25	0.00576	0.00491	0.00495	0.00494	0.00656	0.00410	0.00370	0.00701	0.01111	0.01325	0.06775	0.04638	0.77874	0.01221	0.00573	0.00163	0.00245	0.01019	0.00452	0.00410
26	0.00749	0.00617	0.00680	0.00684	0.00855	0.00606	0.00539	0.01153	0.17497	0.01486	0.03722	0.07489	0.44468	0.01142	0.00578	0.00177	0.00317	0.16291	0.00458	0.00491
27	0.05330	0.01294	0.12978	0.01440	0.17964	0.01118	0.01077	0.22641	0.05796	0.21830	0.01288	0.01305	0.00908	0.00535	0.00470	0.00148	0.00517	0.00436	0.02154	0.00773
28	0.01053	0.06325	0.18284	0.05295	0.09636	0.01045	0.25001	0.01432	0.02585	0.04617	0.18104	0.01730	0.01568	0.00564	0.00515	0.00153	0.00594	0.00550	0.00313	0.00637
29	0.00693	0.00518	0.00772	0.00772	0.00856	0.00602	0.00597	0.00861	0.00777	0.01120	0.01305	0.01940	0.01227	0.05901	0.78804	0.00770	0.01274	0.00525	0.00261	0.00429
30	0.01132	0.00940	0.01103	0.05732	0.01338	0.00808	0.00676	0.13402	0.01204	0.01791	0.00909	0.01047	0.00730	0.00402	0.00386	0.00089	0.00404	0.00319	0.00314	0.67273
31	0.01031	0.00707	0.00763	0.00724	0.00901	0.00766	0.00567	0.06734	0.25435	0.01889	0.01843	0.06376	0.01564	0.00732	0.00449	0.00148	0.00323	0.09130	0.39347	0.00571
32	0.00883	0.00727	0.00875	0.00710	0.01017	0.00575	0.00550	0.01073	0.01021	0.01527	0.06983	0.18578	0.01624	0.00698	0.00445	0.00112	0.00338	0.04496	0.00347	0.57423
33	0.01266	0.01283	0.01733	0.17718	0.40720	0.13500	0.04209	0.05452	0.04723	0.01539	0.00934	0.01194	0.00753	0.00479	0.00504	0.00148	0.02475	0.00424	0.00260	0.00685
34	0.01260	0.01123	0.04868	0.17047	0.18896	0.03102	0.04253	0.18480	0.08001	0.05187	0.09307	0.03847	0.01288	0.00592	0.00499	0.00153	0.00536	0.00517	0.00361	0.00683
35	0.00618	0.00441	0.00594	0.00706	0.00746	0.00417	0.00497	0.00722	0.00955	0.01268	0.02656	0.71597	0.03146	0.01493	0.00626	0.00201	0.00305	0.12164	0.00449	0.00401
36	0.00626	0.00472	0.00581	0.00644	0.00730	0.00437	0.00471	0.00745	0.01000	0.01280	0.04325	0.36840	0.27409	0.06444	0.03770	0.00228	0.00345	0.12815	0.00434	0.00403
37	0.01127	0.27938	0.38138	0.01390	0.08805	0.01369	0.08839	0.01505	0.01035	0.02860	0.00873	0.02476	0.00700	0.00460	0.00429	0.00138	0.00637	0.00375	0.00224	0.00681
38	0.15155	0.12979	0.01378	0.00935	0.01221	0.01133	0.02122	0.01794	0.01088	0.36933	0.01228	0.01245	0.00872	0.00602	0.00684	0.00158	0.18991	0.00405	0.00400	0.00677
39	0.00687	0.00479	0.00608	0.00621	0.00651	0.00502	0.00406	0.00750	0.00753	0.01031	0.01593	0.12182	0.01766	0.49367	0.25996	0.00531	0.00698	0.00728	0.00302	0.00347
40	0.01349	0.01118	0.07565	0.36082	0.12296	0.01114	0.01209	0.16815	0.01320	0.14763	0.01103	0.01293	0.00786	0.00514	0.00483	0.00154	0.00581	0.00436	0.00335	0.00686
41	0.01476	0.04798	0.06090	0.05547	0.14963	0.21652	0.01004	0.11797	0.02384	0.12122	0.02878	0.04463	0.01044	0.03087	0.02812	0.00172	0.00628	0.02083	0.00343	0.00658

[dist]
# distance from previous block
# <min> <max>
3	7

[block]
# block no. 11 follows, 52 sequences, length 11
# corresponding to MSA columns:
# 305-315
name=unknown_L
#
# <colnr> <probs for GDERKNQSTAVLIFYWHMCP>
#	G	D	E	R	K	N	Q	S	T	A	V	L	I	F	Y	W	H	M	C	P
0	0.01332	0.01509	0.04761	0.01846	0.20225	0.20995	0.24010	0.04651	0.08136	0.01571	0.03546	0.01272	0.00903	0.00497	0.00527	0.00149	0.02654	0.00466	0.00283	0.00667
1	0.00921	0.00928	0.09178	0.01025	0.05242	0.02101	0.03515	0.07423	0.12267	0.01622	0.05621	0.28592	0.06177	0.01033	0.00565	0.00179	0.00426	0.12213	0.00415	0.00558
2	0.00607	0.00443	0.00575	0.00674	0.00726	0.00411	0.00472	0.00709	0.00967	0.01266	0.02924	0.66079	0.12152	0.01467	0.00618	0.00195	0.00293	0.08573	0.00450	0.00400
3	0.07346	0.00895	0.01132	0.00879	0.01247	0.00837	0.00724	0.10100	0.04658	0.64262	0.01761	0.01552	0.01131	0.00591	0.00476	0.00150	0.00421	0.00471	0.00565	0.00804
