[name]
unknown

[dist]
# distance from previous block
# <min> <max>
0	34

[block]
# block no. 0 follows, 40 sequences, length 13
# corresponding to MSA columns:
# 39-51
name=unknown_A
#
# <colnr> <probs for GDERKNQSTAVLIFYWHMCP>
#	G	D	E	R	K	N	Q	S	T	A	V	L	I	F	Y	W	H	M	C	P
0	0.00821	0.00591	0.00802	0.00930	0.01021	0.00571	0.00733	0.01007	0.01235	0.01615	0.03256	0.39909	0.06645	0.01700	0.00770	0.00250	0.00434	0.36666	0.00538	0.00505
1	0.01555	0.79913	0.03047	0.00995	0.01493	0.02301	0.00995	0.01741	0.01182	0.01368	0.00808	0.00933	0.00746	0.00498	0.00373	0.00124	0.00622	0.00311	0.00249	0.00746
2	0.00754	0.00585	0.00691	0.00718	0.00864	0.00523	0.00542	0.00940	0.01373	0.01771	0.23044	0.17944	0.37248	0.01474	0.00709	0.00208	0.00324	0.09217	0.00565	0.00508
3	0.01881	0.40941	0.02399	0.01166	0.01647	0.02053	0.01050	0.37712	0.01954	0.02512	0.01101	0.01163	0.00867	0.00597	0.00477	0.00149	0.00631	0.00417	0.00415	0.00867
4	0.30702	0.02334	0.49452	0.01338	0.02018	0.01334	0.01605	0.01794	0.01143	0.02116	0.00960	0.01126	0.00698	0.00548	0.00484	0.00183	0.00713	0.00389	0.00286	0.00777
5	0.02342	0.01375	0.01467	0.01158	0.01579	0.09738	0.00942	0.26067	0.01989	0.39823	0.01820	0.01694	0.01217	0.00697	0.00567	0.00172	0.00592	0.00539	0.05296	0.00928
6	0.00775	0.00542	0.00694	0.00761	0.00792	0.00539	0.00495	0.00853	0.00992	0.01336	0.02486	0.41461	0.02898	0.30769	0.11483	0.00447	0.00579	0.01222	0.00441	0.00434
7	0.01823	0.01505	0.02054	0.02459	0.39031	0.01592	0.01446	0.37733	0.02026	0.02779	0.01244	0.01418	0.00955	0.00608	0.00579	0.00174	0.00665	0.00521	0.00434	0.00955
8	0.36912	0.40681	0.01989	0.00899	0.01334	0.01774	0.00829	0.01802	0.01132	0.07008	0.00910	0.01009	0.00743	0.00531	0.00382	0.00152	0.00539	0.00331	0.00329	0.00713
9	0.01555	0.79913	0.03047	0.00995	0.01493	0.02301	0.00995	0.01741	0.01182	0.01368	0.00808	0.00933	0.00746	0.00498	0.00373	0.00124	0.00622	0.00311	0.00249	0.00746
10	0.01691	0.02315	0.38985	0.01497	0.02159	0.01578	0.01625	0.38076	0.01984	0.02757	0.01221	0.01312	0.00863	0.00626	0.00567	0.00179	0.00749	0.00477	0.00414	0.00924
11	0.00818	0.00585	0.00769	0.00823	0.00882	0.00601	0.00568	0.03269	0.01064	0.01446	0.02430	0.40854	0.02767	0.18623	0.21203	0.00485	0.00713	0.01179	0.00442	0.00477
12	0.00703	0.00590	0.00610	0.00605	0.00795	0.00497	0.00454	0.00864	0.01362	0.01657	0.13734	0.05456	0.67803	0.01441	0.00687	0.00195	0.00292	0.01208	0.00551	0.00497

[dist]
# distance from previous block
# <min> <max>
0	5

[block]
# block no. 1 follows, 40 sequences, length 23
# corresponding to MSA columns:
# 57,59-80
name=unknown_B
#
# <colnr> <probs for GDERKNQSTAVLIFYWHMCP>
#	G	D	E	R	K	N	Q	S	T	A	V	L	I	F	Y	W	H	M	C	P
0	0.01025	0.09072	0.21358	0.00937	0.01232	0.00946	0.00906	0.01252	0.01018	0.01444	0.01524	0.02669	0.01547	0.42853	0.01809	0.00377	0.00621	0.00651	0.08213	0.00546
1	0.01293	0.00969	0.01196	0.01080	0.01299	0.01009	0.04121	0.27856	0.01723	0.02306	0.02444	0.46917	0.02656	0.01346	0.00680	0.00212	0.00479	0.01192	0.00544	0.00677
2	0.01722	0.02231	0.47601	0.01418	0.02119	0.01160	0.01650	0.02224	0.01396	0.30520	0.01525	0.01517	0.01007	0.00617	0.00565	0.00183	0.00719	0.00489	0.00428	0.00910
3	0.01354	0.50620	0.02203	0.00907	0.01221	0.01638	0.00814	0.01378	0.01025	0.01236	0.00883	0.01241	0.00844	0.01059	0.01074	0.30726	0.00579	0.00383	0.00250	0.00564
4	0.01227	0.01146	0.01769	0.02521	0.48276	0.01135	0.01331	0.01628	0.07658	0.01853	0.02560	0.02678	0.22142	0.00811	0.00609	0.00182	0.00559	0.00731	0.00385	0.00799
5	0.01532	0.30362	0.01975	0.01133	0.01523	0.06474	0.00961	0.02545	0.43143	0.01977	0.01701	0.01644	0.01332	0.00670	0.00507	0.00167	0.00556	0.00512	0.00447	0.00841
6	0.01265	0.01965	0.29358	0.01574	0.01901	0.04258	0.01590	0.01595	0.01041	0.01563	0.00871	0.01248	0.00753	0.00832	0.01360	0.00225	0.47153	0.00475	0.00253	0.00720
7	0.01555	0.79913	0.03047	0.00995	0.01493	0.02301	0.00995	0.01741	0.01182	0.01368	0.00808	0.00933	0.00746	0.00498	0.00373	0.00124	0.00622	0.00311	0.00249	0.00746
8	0.01411	0.51544	0.30161	0.01239	0.01870	0.01950	0.01421	0.01778	0.01199	0.01543	0.00895	0.01042	0.00743	0.00518	0.00439	0.00146	0.00710	0.00355	0.00248	0.00788
9	0.00786	0.00593	0.00726	0.00693	0.00846	0.00533	0.00520	0.01026	0.01559	0.02124	0.56594	0.04686	0.24651	0.01266	0.00686	0.00187	0.00280	0.01100	0.00613	0.00533
10	0.01707	0.01236	0.01335	0.01078	0.01372	0.01346	0.00828	0.47012	0.02038	0.02729	0.01557	0.02285	0.01404	0.29790	0.01459	0.00318	0.00612	0.00642	0.00497	0.00754
11	0.02333	0.02114	0.01538	0.01327	0.01682	0.49055	0.01024	0.02511	0.01654	0.29058	0.01414	0.01392	0.01004	0.00644	0.00547	0.00161	0.00844	0.00452	0.00455	0.00791
12	0.00687	0.00589	0.00589	0.00589	0.00785	0.00491	0.00442	0.00835	0.01325	0.01571	0.05891	0.05596	0.75700	0.01473	0.00687	0.00196	0.00295	0.01227	0.00540	0.00491
13	0.00709	0.00506	0.00675	0.00810	0.00843	0.00472	0.00540	0.00810	0.01113	0.01484	0.03205	0.79184	0.03846	0.01822	0.00742	0.00236	0.00337	0.01653	0.00540	0.00472
14	0.01392	0.01485	0.02955	0.02818	0.29856	0.01453	0.43694	0.01811	0.01331	0.01854	0.01126	0.01506	0.00891	0.00526	0.00705	0.00190	0.04673	0.00616	0.00290	0.00828
15	0.01373	0.01569	0.03431	0.02451	0.03039	0.01471	0.73824	0.01863	0.01373	0.01863	0.01176	0.01569	0.00882	0.00490	0.00686	0.00196	0.00980	0.00686	0.00294	0.00784
16	0.01010	0.00505	0.00758	0.00758	0.00758	0.00505	0.00505	0.00758	0.00758	0.01010	0.01010	0.01768	0.01010	0.02020	0.02273	0.83081	0.00505	0.00505	0.00253	0.00253
17	0.01339	0.01982	0.29728	0.02864	0.48852	0.01370	0.01919	0.01806	0.01289	0.01878	0.01075	0.01361	0.00853	0.00531	0.00567	0.00177	0.00753	0.00486	0.00272	0.00898
18	0.01609	0.01315	0.01390	0.01193	0.01551	0.01490	0.00944	0.21872	0.51682	0.02715	0.02298	0.02148	0.05553	0.00802	0.00594	0.00191	0.00499	0.00653	0.00586	0.00916
19	0.01785	0.02142	0.01685	0.26039	0.02491	0.49240	0.01288	0.02009	0.01456	0.01442	0.00935	0.01220	0.00758	0.00614	0.00610	0.00169	0.04741	0.00427	0.00284	0.00663
20	0.32236	0.02164	0.01355	0.01228	0.01549	0.49221	0.00941	0.02096	0.01405	0.01861	0.00866	0.01010	0.00705	0.00577	0.00464	0.00161	0.00828	0.00353	0.00322	0.00658
21	0.31641	0.01157	0.01795	0.01383	0.01774	0.01190	0.28771	0.01659	0.01193	0.02180	0.03385	0.01556	0.01055	0.00743	0.04122	0.00214	0.00671	0.00533	0.14312	0.00667
22	0.15586	0.01089	0.04038	0.16046	0.01971	0.01048	0.08751	0.02952	0.01206	0.03443	0.01566	0.13475	0.03549	0.00786	0.00580	0.00177	0.02117	0.02461	0.00373	0.18786

[dist]
# distance from previous block
# <min> <max>
1	93

[block]
# block no. 2 follows, 40 sequences, length 22
# corresponding to MSA columns:
# 201-222
name=unknown_C
#
# <colnr> <probs for GDERKNQSTAVLIFYWHMCP>
#	G	D	E	R	K	N	Q	S	T	A	V	L	I	F	Y	W	H	M	C	P
0	0.01288	0.01135	0.01991	0.01492	0.01933	0.01025	0.28518	0.01616	0.01249	0.07571	0.01369	0.04547	0.01141	0.01285	0.15350	0.00304	0.00858	0.00596	0.00356	0.26376
1	0.08622	0.01701	0.04949	0.01404	0.01771	0.24863	0.14316	0.03484	0.04767	0.01783	0.01193	0.01475	0.00977	0.01221	0.13805	0.00294	0.00940	0.00492	0.03527	0.08416
2	0.01796	0.01885	0.01995	0.01762	0.08347	0.28323	0.15372	0.19091	0.01751	0.02090	0.01301	0.08601	0.01138	0.00722	0.00638	0.00178	0.03246	0.00608	0.00386	0.00772
3	0.09763	0.02287	0.32969	0.01411	0.01939	0.17418	0.01458	0.11775	0.01476	0.02031	0.01213	0.07919	0.01033	0.00711	0.00607	0.00183	0.04166	0.00529	0.00341	0.00772
4	0.08595	0.01906	0.21935	0.01826	0.02431	0.01490	0.31405	0.16218	0.04487	0.02302	0.01201	0.01415	0.00879	0.00564	0.00599	0.00187	0.00815	0.00554	0.00356	0.00837
5	0.04670	0.01185	0.01985	0.01468	0.01952	0.01076	0.24514	0.04259	0.01543	0.39186	0.04963	0.01844	0.01355	0.00638	0.00604	0.00178	0.00641	0.00610	0.00536	0.06795
6	0.00960	0.00788	0.01224	0.17092	0.10486	0.00895	0.00977	0.01189	0.01014	0.01408	0.01438	0.02271	0.01354	0.14900	0.40737	0.00634	0.01138	0.00624	0.00304	0.00567
7	0.01247	0.01116	0.01800	0.02617	0.51493	0.01116	0.01320	0.01480	0.01169	0.01649	0.01334	0.02207	0.01308	0.26176	0.01350	0.00300	0.00650	0.00624	0.00309	0.00737
8	0.00975	0.00872	0.01024	0.00991	0.01075	0.06349	0.00749	0.01140	0.01258	0.01703	0.23283	0.29894	0.06100	0.01429	0.03039	0.00236	0.17765	0.01090	0.00482	0.00547
9	0.01858	0.42080	0.02361	0.01242	0.01642	0.39048	0.01058	0.02026	0.01410	0.01395	0.00853	0.00990	0.00748	0.00547	0.00447	0.00137	0.00831	0.00342	0.00274	0.00711
10	0.01933	0.01491	0.01589	0.01282	0.01698	0.01674	0.01038	0.48231	0.28952	0.03217	0.01749	0.01677	0.01275	0.00731	0.00585	0.00183	0.00575	0.00572	0.00585	0.00964
11	0.28041	0.01206	0.01709	0.22373	0.32643	0.01333	0.01365	0.01681	0.01173	0.02021	0.00986	0.01308	0.00788	0.00542	0.00507	0.00181	0.00635	0.00452	0.00303	0.00754
12	0.01446	0.01249	0.01315	0.01183	0.01512	0.01446	0.00920	0.03090	0.74885	0.02433	0.02367	0.02170	0.01775	0.00789	0.00592	0.00197	0.00460	0.00657	0.00592	0.00920
13	0.00846	0.00564	0.00634	0.00634	0.00634	0.00564	0.00352	0.00846	0.00846	0.01128	0.01832	0.03805	0.02114	0.79563	0.02960	0.00564	0.00564	0.00846	0.00352	0.00352
14	0.01446	0.01249	0.01315	0.01183	0.01512	0.01446	0.00920	0.03090	0.74885	0.02433	0.02367	0.02170	0.01775	0.00789	0.00592	0.00197	0.00460	0.00657	0.00592	0.00920
15	0.01098	0.01034	0.01744	0.78165	0.04005	0.01292	0.01615	0.01486	0.01163	0.01486	0.01034	0.01550	0.00775	0.00581	0.00581	0.00194	0.00775	0.00517	0.00258	0.00646
16	0.01206	0.01034	0.01206	0.00861	0.01378	0.00775	0.00689	0.01464	0.01206	0.01895	0.01034	0.01206	0.00861	0.00431	0.00431	0.00086	0.00431	0.00345	0.00345	0.83118
17	0.01393	0.01334	0.02277	0.13701	0.66166	0.01370	0.01762	0.01744	0.01302	0.01844	0.01086	0.01454	0.00901	0.00527	0.00576	0.00176	0.00702	0.00518	0.00284	0.00884
18	0.01193	0.01131	0.01916	0.57333	0.24093	0.01317	0.01662	0.01569	0.01208	0.01601	0.01050	0.01519	0.00816	0.00564	0.00580	0.00188	0.00752	0.00517	0.00267	0.00723
19	0.01217	0.01154	0.01958	0.52265	0.28980	0.01323	0.01674	0.01590	0.01219	0.01630	0.01055	0.01512	0.00826	0.00559	0.00579	0.00186	0.00746	0.00517	0.00269	0.00742
20	0.01573	0.01553	0.01263	0.01133	0.01408	0.25576	0.00872	0.19545	0.01744	0.02046	0.02488	0.14658	0.16360	0.01035	0.00616	0.00183	0.00645	0.04171	0.00468	0.02664
21	0.01235	0.09173	0.18455	0.01236	0.01647	0.01087	0.09080	0.01670	0.07142	0.09550	0.09004	0.20928	0.05381	0.00986	0.00621	0.00193	0.00573	0.00873	0.00450	0.00719

[dist]
# distance from previous block
# <min> <max>
0	2

[block]
# block no. 3 follows, 40 sequences, length 8
# corresponding to MSA columns:
# 225-232
name=unknown_D
#
# <colnr> <probs for GDERKNQSTAVLIFYWHMCP>
#	G	D	E	R	K	N	Q	S	T	A	V	L	I	F	Y	W	H	M	C	P
0	0.01473	0.01488	0.09195	0.01632	0.02094	0.01375	0.25562	0.15504	0.16012	0.04350	0.04680	0.01833	0.01341	0.01073	0.09405	0.00275	0.00826	0.00631	0.00430	0.00822
1	0.07435	0.02056	0.02022	0.01729	0.05980	0.35572	0.17357	0.12080	0.06625	0.02005	0.01133	0.01302	0.00882	0.00593	0.00565	0.00170	0.00878	0.00488	0.00360	0.00769
2	0.01293	0.01201	0.01192	0.01121	0.01305	0.17845	0.04579	0.01507	0.04038	0.07346	0.02571	0.32562	0.09467	0.01256	0.00750	0.00208	0.05836	0.04846	0.00470	0.00607
3	0.14090	0.05977	0.25835	0.01221	0.01734	0.13291	0.01237	0.01803	0.01271	0.07034	0.01286	0.09412	0.01116	0.00684	0.00515	0.00167	0.00676	0.00526	0.00349	0.11776
4	0.11675	0.01619	0.01539	0.01282	0.01652	0.19514	0.05586	0.13336	0.16357	0.11425	0.01504	0.03266	0.01148	0.00686	0.00588	0.00176	0.03052	0.00525	0.00467	0.04604
5	0.14483	0.01553	0.01908	0.01480	0.01909	0.10701	0.17732	0.20806	0.04645	0.11299	0.01301	0.01414	0.00951	0.00629	0.00627	0.00181	0.04521	0.00518	0.00442	0.02902
6	0.11234	0.01139	0.01084	0.00946	0.01179	0.10928	0.00709	0.06303	0.03326	0.08374	0.03418	0.02409	0.06595	0.22767	0.04467	0.00310	0.05172	0.00625	0.00412	0.08602
7	0.01697	0.10185	0.03788	0.01159	0.01508	0.15693	0.00942	0.11620	0.18714	0.10078	0.01736	0.09191	0.01479	0.05388	0.00698	0.00196	0.00622	0.00628	0.00471	0.04208

[dist]
# distance from previous block
# <min> <max>
7	31

[block]
# block no. 4 follows, 40 sequences, length 13
# corresponding to MSA columns:
# 264-276
name=unknown_E
#
# <colnr> <probs for GDERKNQSTAVLIFYWHMCP>
#	G	D	E	R	K	N	Q	S	T	A	V	L	I	F	Y	W	H	M	C	P
0	0.07259	0.01058	0.01340	0.01004	0.01476	0.00894	0.05484	0.01819	0.04806	0.15927	0.01404	0.04145	0.01104	0.00563	0.00490	0.00128	0.00478	0.00471	0.00431	0.49720
1	0.01103	0.00668	0.00910	0.00975	0.01129	0.00635	0.00797	0.01315	0.01324	0.12317	0.03121	0.25482	0.06286	0.01532	0.00751	0.00244	0.00466	0.39801	0.00563	0.00581
2	0.00734	0.00517	0.00667	0.00776	0.00804	0.00490	0.00504	0.00817	0.01063	0.01417	0.02945	0.64905	0.03518	0.16548	0.01162	0.00298	0.00380	0.01500	0.00504	0.00450
3	0.01954	0.02287	0.02158	0.01743	0.02145	0.46247	0.21405	0.11549	0.01713	0.01838	0.01041	0.01239	0.00818	0.00582	0.00577	0.00166	0.00976	0.00481	0.00335	0.00746
4	0.00757	0.00542	0.00722	0.00804	0.00874	0.00507	0.00568	0.00919	0.01283	0.01748	0.24258	0.52691	0.04291	0.01624	0.00730	0.00223	0.00332	0.06060	0.00569	0.00499
5	0.01222	0.02619	0.56799	0.01872	0.02658	0.01383	0.21510	0.01847	0.01267	0.01847	0.01079	0.01320	0.00776	0.00536	0.00589	0.00187	0.00892	0.00499	0.00259	0.00839
6	0.00687	0.00589	0.00589	0.00589	0.00785	0.00491	0.00442	0.00835	0.01325	0.01571	0.05891	0.05596	0.75700	0.01473	0.00687	0.00196	0.00295	0.01227	0.00540	0.00491
7	0.83671	0.01125	0.00855	0.00765	0.01125	0.01305	0.00630	0.01709	0.00990	0.02609	0.00810	0.00945	0.00630	0.00540	0.00360	0.00180	0.00450	0.00315	0.00360	0.00630
8	0.83671	0.01125	0.00855	0.00765	0.01125	0.01305	0.00630	0.01709	0.00990	0.02609	0.00810	0.00945	0.00630	0.00540	0.00360	0.00180	0.00450	0.00315	0.00360	0.00630
9	0.00843	0.00649	0.00818	0.00824	0.00988	0.00554	0.00580	0.00987	0.01138	0.01595	0.02619	0.58120	0.03040	0.01446	0.00658	0.00196	0.00363	0.01300	0.00487	0.22797
10	0.00823	0.00594	0.00777	0.00732	0.00869	0.00549	0.00549	0.01097	0.01646	0.02332	0.75629	0.04344	0.05487	0.01189	0.00686	0.00183	0.00274	0.01052	0.00640	0.00549
11	0.01446	0.01249	0.01315	0.01183	0.01512	0.01446	0.00920	0.03090	0.74885	0.02433	0.02367	0.02170	0.01775	0.00789	0.00592	0.00197	0.00460	0.00657	0.00592	0.00920
12	0.01587	0.01487	0.01357	0.01166	0.01537	0.16107	0.00905	0.02562	0.40663	0.05438	0.01776	0.01725	0.01353	0.00668	0.00542	0.00162	0.00570	0.00528	0.00485	0.19383

[dist]
# distance from previous block
# <min> <max>
0	19

[block]
# block no. 5 follows, 40 sequences, length 14
# corresponding to MSA columns:
# 296-309
name=unknown_F
#
# <colnr> <probs for GDERKNQSTAVLIFYWHMCP>
#	G	D	E	R	K	N	Q	S	T	A	V	L	I	F	Y	W	H	M	C	P
0	0.00921	0.00658	0.00919	0.01053	0.01180	0.00656	0.00909	0.01177	0.01323	0.01723	0.03088	0.11611	0.03381	0.01621	0.00799	0.00266	0.00522	0.67127	0.00536	0.00531
1	0.01328	0.01594	0.09544	0.01859	0.02155	0.04248	0.26489	0.01635	0.01116	0.01603	0.00938	0.01363	0.00802	0.00776	0.01306	0.00224	0.41484	0.00558	0.00269	0.00710
2	0.01393	0.01371	0.02160	0.22757	0.53072	0.05703	0.01703	0.01738	0.01301	0.01765	0.01067	0.01446	0.00874	0.00539	0.00574	0.00177	0.00733	0.00510	0.00281	0.00836
3	0.02211	0.01629	0.01745	0.01338	0.01803	0.01803	0.01105	0.73997	0.02734	0.03665	0.01396	0.01396	0.00989	0.00698	0.00582	0.00175	0.00640	0.00524	0.00582	0.00989
4	0.00877	0.00550	0.00698	0.00707	0.00720	0.00558	0.00441	0.00839	0.00850	0.01143	0.01689	0.08375	0.01885	0.46850	0.09778	0.21933	0.00628	0.00792	0.00336	0.00351
5	0.00709	0.00506	0.00675	0.00810	0.00843	0.00472	0.00540	0.00810	0.01113	0.01484	0.03205	0.79184	0.03846	0.01822	0.00742	0.00236	0.00337	0.01653	0.00540	0.00472
6	0.01554	0.01781	0.02911	0.02161	0.02651	0.15968	0.52107	0.04992	0.01452	0.01825	0.01106	0.01443	0.00854	0.00554	0.00731	0.00190	0.06044	0.00608	0.00305	0.00762
7	0.01555	0.79913	0.03047	0.00995	0.01493	0.02301	0.00995	0.01741	0.01182	0.01368	0.00808	0.00933	0.00746	0.00498	0.00373	0.00124	0.00622	0.00311	0.00249	0.00746
8	0.01244	0.01037	0.01141	0.01037	0.01304	0.01155	0.00800	0.02444	0.51144	0.02400	0.26115	0.02874	0.02978	0.00919	0.00622	0.00193	0.00400	0.00785	0.00607	0.00800
9	0.02211	0.01629	0.01745	0.01338	0.01803	0.01803	0.01105	0.73997	0.02734	0.03665	0.01396	0.01396	0.00989	0.00698	0.00582	0.00175	0.00640	0.00524	0.00582	0.00989
10	0.01206	0.01034	0.01206	0.00861	0.01378	0.00775	0.00689	0.01464	0.01206	0.01895	0.01034	0.01206	0.00861	0.00431	0.00431	0.00086	0.00431	0.00345	0.00345	0.83118
11	0.01206	0.01034	0.01206	0.00861	0.01378	0.00775	0.00689	0.01464	0.01206	0.01895	0.01034	0.01206	0.00861	0.00431	0.00431	0.00086	0.00431	0.00345	0.00345	0.83118
12	0.01874	0.01321	0.01410	0.01111	0.01493	0.01431	0.00906	0.51962	0.02274	0.03199	0.01510	0.01587	0.01113	0.00681	0.00530	0.00160	0.00535	0.00520	0.21848	0.04536
13	0.01899	0.01385	0.01491	0.01177	0.01536	0.01520	0.00933	0.57282	0.02303	0.03085	0.01496	0.01947	0.01246	0.18718	0.01125	0.00263	0.00623	0.00597	0.00529	0.00843

[dist]
# distance from previous block
# <min> <max>
7	11

[block]
# block no. 6 follows, 40 sequences, length 27
# corresponding to MSA columns:
# 321-324,326-348
name=unknown_G
#
# <colnr> <probs for GDERKNQSTAVLIFYWHMCP>
#	G	D	E	R	K	N	Q	S	T	A	V	L	I	F	Y	W	H	M	C	P
0	0.12184	0.22799	0.47381	0.01367	0.02066	0.01592	0.01647	0.01798	0.01184	0.01820	0.00951	0.01113	0.00725	0.00536	0.00480	0.00168	0.00743	0.00384	0.00262	0.00800
1	0.01177	0.01071	0.01764	0.51706	0.19240	0.01257	0.01523	0.01535	0.01193	0.01638	0.01120	0.01575	0.00875	0.00593	0.00612	0.00186	0.03531	0.00519	0.08187	0.00695
2	0.00845	0.00640	0.00809	0.00894	0.01051	0.00604	0.00755	0.01069	0.01334	0.01678	0.04111	0.06206	0.29896	0.01557	0.00761	0.00242	0.00447	0.46045	0.00537	0.00519
3	0.02112	0.02243	0.01546	0.01375	0.01702	0.52750	0.01048	0.02531	0.14277	0.12793	0.01360	0.01381	0.01029	0.00650	0.00545	0.00162	0.00864	0.00455	0.00413	0.00764
4	0.02185	0.02384	0.01681	0.01444	0.01800	0.51672	0.01117	0.26607	0.02016	0.02183	0.01067	0.01166	0.00830	0.00633	0.00544	0.00158	0.00910	0.00425	0.00395	0.00781
5	0.02211	0.01629	0.01745	0.01338	0.01803	0.01803	0.01105	0.73997	0.02734	0.03665	0.01396	0.01396	0.00989	0.00698	0.00582	0.00175	0.00640	0.00524	0.00582	0.00989
6	0.00709	0.00506	0.00675	0.00810	0.00843	0.00472	0.00540	0.00810	0.01113	0.01484	0.03205	0.79184	0.03846	0.01822	0.00742	0.00236	0.00337	0.01653	0.00540	0.00472
7	0.00687	0.00589	0.00589	0.00589	0.00785	0.00491	0.00442	0.00835	0.01325	0.01571	0.05891	0.05596	0.75700	0.01473	0.00687	0.00196	0.00295	0.01227	0.00540	0.00491
8	0.01537	0.01294	0.01366	0.01202	0.01547	0.01489	0.00942	0.11458	0.66370	0.02578	0.02252	0.02078	0.01682	0.00778	0.00591	0.00195	0.00481	0.00642	0.00591	0.00929
9	0.02211	0.01629	0.01745	0.01338	0.01803	0.01803	0.01105	0.73997	0.02734	0.03665	0.01396	0.01396	0.00989	0.00698	0.00582	0.00175	0.00640	0.00524	0.00582	0.00989
10	0.32353	0.01039	0.01168	0.00936	0.01352	0.01020	0.00772	0.02421	0.01417	0.49284	0.01749	0.01600	0.01142	0.00654	0.00502	0.00180	0.00478	0.00486	0.00588	0.00858
11	0.01555	0.79913	0.03047	0.00995	0.01493	0.02301	0.00995	0.01741	0.01182	0.01368	0.00808	0.00933	0.00746	0.00498	0.00373	0.00124	0.00622	0.00311	0.00249	0.00746
12	0.00846	0.00564	0.00634	0.00634	0.00634	0.00564	0.00352	0.00846	0.00846	0.01128	0.01832	0.03805	0.02114	0.79563	0.02960	0.00564	0.00564	0.00846	0.00352	0.00352
13	0.01839	0.01444	0.01536	0.01263	0.01662	0.01630	0.01015	0.39551	0.37785	0.03066	0.01868	0.01772	0.01371	0.00742	0.00587	0.00186	0.00553	0.00589	0.00587	0.00956
14	0.02185	0.02405	0.01679	0.01447	0.01800	0.53026	0.01118	0.25321	0.01996	0.02143	0.01058	0.01160	0.00826	0.00631	0.00543	0.00158	0.00918	0.00422	0.00390	0.00775
15	0.00747	0.00551	0.00699	0.00747	0.00844	0.00503	0.00528	0.00919	0.01342	0.01809	0.30195	0.40357	0.15546	0.01536	0.00713	0.00210	0.00308	0.01367	0.00577	0.00503
16	0.32077	0.02167	0.01357	0.01229	0.01551	0.49369	0.00942	0.02097	0.01406	0.01858	0.00866	0.01011	0.00705	0.00577	0.00464	0.00161	0.00829	0.00353	0.00322	0.00658
17	0.00933	0.00556	0.00600	0.00600	0.00650	0.00556	0.00372	0.01033	0.00983	0.01509	0.01856	0.03205	0.01885	0.50617	0.02023	0.00407	0.00456	0.00734	0.30602	0.00422
18	0.00709	0.00506	0.00675	0.00810	0.00843	0.00472	0.00540	0.00810	0.01113	0.01484	0.03205	0.79184	0.03846	0.01822	0.00742	0.00236	0.00337	0.01653	0.00540	0.00472
19	0.01129	0.01179	0.02420	0.01849	0.02234	0.01104	0.46933	0.01476	0.01277	0.01724	0.01921	0.30048	0.01970	0.00979	0.00707	0.00211	0.00744	0.01041	0.00384	0.00670
20	0.02197	0.02048	0.01710	0.01397	0.01801	0.29479	0.01112	0.47697	0.02336	0.02842	0.01214	0.01269	0.00901	0.00662	0.00561	0.00165	0.00790	0.00469	0.00478	0.00873
21	0.01773	0.01067	0.01232	0.01050	0.01406	0.01103	0.00833	0.02698	0.38285	0.29437	0.02806	0.02553	0.11433	0.00854	0.00602	0.00191	0.00451	0.00706	0.00632	0.00889
22	0.12618	0.01494	0.01514	0.01261	0.01579	0.17782	0.10206	0.12363	0.04569	0.02047	0.02252	0.03901	0.18279	0.00860	0.00683	0.00186	0.06622	0.00675	0.00418	0.00689
23	0.16412	0.30265	0.02065	0.01111	0.01569	0.01898	0.00981	0.34668	0.01855	0.02635	0.01077	0.01146	0.00836	0.00596	0.00466	0.00157	0.00600	0.00409	0.00420	0.00836
24	0.00938	0.11153	0.19242	0.01046	0.01347	0.00926	0.01005	0.01199	0.01168	0.01572	0.02443	0.44543	0.04494	0.01328	0.00652	0.00210	0.00509	0.05189	0.00432	0.00604
25	0.01535	0.21313	0.28360	0.01406	0.01981	0.16150	0.04184	0.05321	0.07550	0.01783	0.01090	0.01220	0.00851	0.00567	0.00508	0.00160	0.00780	0.00420	0.00308	0.04514
26	0.04998	0.01057	0.01558	0.01236	0.01533	0.04373	0.19110	0.01565	0.06489	0.05142	0.18671	0.02695	0.02296	0.18550	0.01145	0.00263	0.00597	0.00741	0.00435	0.07545

[dist]
# distance from previous block
# <min> <max>
5	26

[block]
# block no. 7 follows, 40 sequences, length 24
# corresponding to MSA columns:
# 375-398
name=unknown_H
#
# <colnr> <probs for GDERKNQSTAVLIFYWHMCP>
#	G	D	E	R	K	N	Q	S	T	A	V	L	I	F	Y	W	H	M	C	P
0	0.23377	0.01552	0.01376	0.01167	0.01542	0.12279	0.00931	0.24877	0.22438	0.02722	0.01445	0.01446	0.01082	0.00668	0.00518	0.00179	0.00597	0.00485	0.00486	0.00831
1	0.07450	0.08478	0.03305	0.00985	0.01238	0.03116	0.00810	0.15497	0.01432	0.02006	0.04449	0.12501	0.05965	0.04502	0.20733	0.00394	0.00794	0.03482	0.02219	0.00643
2	0.22706	0.23771	0.01769	0.01095	0.01469	0.23945	0.00919	0.04585	0.01377	0.06299	0.03376	0.01385	0.01021	0.00626	0.00462	0.00159	0.00683	0.03292	0.00356	0.00704
3	0.77823	0.01123	0.00877	0.00778	0.01134	0.01297	0.00640	0.04371	0.01062	0.02633	0.00869	0.01003	0.00673	0.00550	0.00370	0.00178	0.00451	0.00330	0.03197	0.00640
4	0.00831	0.00623	0.00935	0.00935	0.01038	0.00727	0.00727	0.01038	0.00935	0.01350	0.01558	0.02285	0.01454	0.04361	0.77259	0.00935	0.01558	0.00623	0.00312	0.00519
5	0.01779	0.01760	0.01452	0.01290	0.01623	0.26190	0.00996	0.07336	0.43410	0.05184	0.01823	0.01747	0.01376	0.00718	0.00569	0.00180	0.00665	0.00554	0.00501	0.00847
6	0.00709	0.00506	0.00675	0.00810	0.00843	0.00472	0.00540	0.00810	0.01113	0.01484	0.03205	0.79184	0.03846	0.01822	0.00742	0.00236	0.00337	0.01653	0.00540	0.00472
7	0.01802	0.01374	0.01502	0.01225	0.01577	0.04260	0.00994	0.49818	0.02163	0.02899	0.01426	0.01646	0.01117	0.01776	0.23220	0.00398	0.00926	0.00547	0.00492	0.00839
8	0.01748	0.56798	0.02663	0.01096	0.01584	0.02154	0.01028	0.23076	0.01640	0.02046	0.00982	0.01070	0.00818	0.00557	0.00435	0.00139	0.00627	0.00374	0.00347	0.00818
9	0.00903	0.00647	0.00890	0.00971	0.01106	0.00634	0.00822	0.01173	0.01429	0.01915	0.24500	0.05905	0.03979	0.01483	0.00769	0.00243	0.00458	0.51066	0.00566	0.00539
10	0.00687	0.00589	0.00589	0.00589	0.00785	0.00491	0.00442	0.00835	0.01325	0.01571	0.05891	0.05596	0.75700	0.01473	0.00687	0.00196	0.00295	0.01227	0.00540	0.00491
11	0.01118	0.01617	0.23832	0.55575	0.03566	0.01309	0.01773	0.01591	0.01182	0.01591	0.01037	0.01455	0.00764	0.00573	0.00573	0.00191	0.00800	0.00491	0.00255	0.00709
12	0.01555	0.79913	0.03047	0.00995	0.01493	0.02301	0.00995	0.01741	0.01182	0.01368	0.00808	0.00933	0.00746	0.00498	0.00373	0.00124	0.00622	0.00311	0.00249	0.00746
13	0.01098	0.01034	0.01744	0.78165	0.04005	0.01292	0.01615	0.01486	0.01163	0.01486	0.01034	0.01550	0.00775	0.00581	0.00581	0.00194	0.00775	0.00517	0.00258	0.00646
14	0.01420	0.01437	0.02677	0.03239	0.54412	0.01408	0.23055	0.01808	0.01338	0.01889	0.01118	0.01477	0.00910	0.00510	0.00608	0.00180	0.00776	0.00568	0.00290	0.00881
15	0.01960	0.00977	0.01464	0.20780	0.02117	0.00954	0.03897	0.02243	0.01522	0.45411	0.10688	0.02136	0.01731	0.00731	0.00600	0.00184	0.00559	0.00627	0.00575	0.00841
16	0.00709	0.00506	0.00675	0.00810	0.00843	0.00472	0.00540	0.00810	0.01113	0.01484	0.03205	0.79184	0.03846	0.01822	0.00742	0.00236	0.00337	0.01653	0.00540	0.00472
17	0.01166	0.03008	0.76550	0.01657	0.02517	0.01351	0.02149	0.01842	0.01228	0.01842	0.01044	0.01228	0.00737	0.00552	0.00552	0.00184	0.00859	0.00430	0.00246	0.00859
18	0.02175	0.01954	0.01703	0.01380	0.01793	0.24063	0.01105	0.50617	0.04669	0.02964	0.01280	0.01318	0.00943	0.00672	0.00565	0.00168	0.00755	0.00484	0.00499	0.00894
19	0.00709	0.00506	0.00675	0.00810	0.00843	0.00472	0.00540	0.00810	0.01113	0.01484	0.03205	0.79184	0.03846	0.01822	0.00742	0.00236	0.00337	0.01653	0.00540	0.00472
20	0.01433	0.01087	0.01139	0.01013	0.01301	0.01223	0.00791	0.11248	0.44312	0.02505	0.02109	0.02075	0.01595	0.00745	0.00536	0.00176	0.00426	0.00607	0.24861	0.00817
21	0.00839	0.00600	0.00825	0.00959	0.01050	0.00585	0.00767	0.01036	0.01242	0.01631	0.03133	0.37609	0.03560	0.01699	0.00777	0.00254	0.00451	0.41936	0.00537	0.00508
22	0.01678	0.24416	0.01768	0.00997	0.01373	0.01571	0.00862	0.30805	0.01820	0.02536	0.01373	0.01492	0.01068	0.00633	0.00467	0.00148	0.00524	0.00466	0.25219	0.00783
23	0.24507	0.07711	0.40927	0.01321	0.01966	0.01460	0.01513	0.10660	0.01343	0.02248	0.01005	0.01148	0.00738	0.00563	0.00489	0.00178	0.00701	0.00401	0.00319	0.00803

[dist]
# distance from previous block
# <min> <max>
0	1

[block]
# block no. 8 follows, 40 sequences, length 17
# corresponding to MSA columns:
# 400-416
name=unknown_I
#
# <colnr> <probs for GDERKNQSTAVLIFYWHMCP>
#	G	D	E	R	K	N	Q	S	T	A	V	L	I	F	Y	W	H	M	C	P
0	0.01391	0.47590	0.33940	0.01273	0.01923	0.01902	0.01480	0.01783	0.01201	0.01567	0.00907	0.01057	0.00742	0.00521	0.00449	0.00150	0.00722	0.00361	0.00247	0.00794
1	0.55348	0.01300	0.01164	0.00964	0.01361	0.01478	0.00795	0.26842	0.01596	0.02976	0.01014	0.01102	0.00755	0.00595	0.00437	0.00178	0.00516	0.00387	0.00437	0.00755
2	0.01446	0.01249	0.01315	0.01183	0.01512	0.01446	0.00920	0.03090	0.74885	0.02433	0.02367	0.02170	0.01775	0.00789	0.00592	0.00197	0.00460	0.00657	0.00592	0.00920
3	0.00709	0.00506	0.00675	0.00810	0.00843	0.00472	0.00540	0.00810	0.01113	0.01484	0.03205	0.79184	0.03846	0.01822	0.00742	0.00236	0.00337	0.01653	0.00540	0.00472
4	0.00982	0.00845	0.00871	0.00820	0.01067	0.00862	0.00628	0.01710	0.29866	0.01905	0.04524	0.04267	0.47018	0.01207	0.00650	0.00197	0.00359	0.01006	0.00560	0.00658
5	0.01439	0.01382	0.02360	0.03569	0.75936	0.01382	0.01785	0.01785	0.01324	0.01900	0.01094	0.01439	0.00921	0.00518	0.00576	0.00173	0.00691	0.00518	0.00288	0.00921
6	0.01555	0.79913	0.03047	0.00995	0.01493	0.02301	0.00995	0.01741	0.01182	0.01368	0.00808	0.00933	0.00746	0.00498	0.00373	0.00124	0.00622	0.00311	0.00249	0.00746
7	0.01726	0.01181	0.01268	0.01042	0.01368	0.01282	0.00850	0.43455	0.02106	0.03005	0.01692	0.02039	0.01335	0.00757	0.00537	0.00168	0.00504	0.05722	0.29161	0.00801
8	0.01589	0.01805	0.01797	0.01551	0.01678	0.28001	0.03937	0.01738	0.01172	0.01425	0.00826	0.01206	0.00763	0.00853	0.01381	0.00216	0.48668	0.00469	0.00272	0.00655
9	0.00687	0.00589	0.00589	0.00589	0.00785	0.00491	0.00442	0.00835	0.01325	0.01571	0.05891	0.05596	0.75700	0.01473	0.00687	0.00196	0.00295	0.01227	0.00540	0.00491
10	0.52263	0.01278	0.01153	0.00956	0.01344	0.01449	0.00787	0.26829	0.01605	0.02960	0.01054	0.01147	0.00787	0.00600	0.00439	0.00176	0.00509	0.00396	0.03517	0.00751
11	0.01277	0.01383	0.02845	0.28776	0.03375	0.01408	0.48718	0.01732	0.01300	0.01732	0.01127	0.01562	0.00845	0.00522	0.00650	0.00195	0.00909	0.00627	0.00282	0.00736
12	0.00982	0.00845	0.00871	0.00820	0.01067	0.00862	0.00627	0.01709	0.29860	0.01905	0.04524	0.04267	0.47024	0.01208	0.00650	0.00197	0.00359	0.01006	0.00560	0.00658
13	0.01555	0.79913	0.03047	0.00995	0.01493	0.02301	0.00995	0.01741	0.01182	0.01368	0.00808	0.00933	0.00746	0.00498	0.00373	0.00124	0.00622	0.00311	0.00249	0.00746
14	0.01143	0.29131	0.24371	0.01130	0.01576	0.01379	0.01184	0.01448	0.01172	0.01551	0.01713	0.28228	0.01821	0.00975	0.00556	0.00181	0.00595	0.00813	0.00349	0.00685
15	0.01169	0.01276	0.00979	0.00928	0.01142	0.23401	0.00708	0.01322	0.01400	0.01526	0.04026	0.04068	0.46500	0.01196	0.00705	0.00189	0.04445	0.04011	0.00454	0.00555
16	0.02349	0.01407	0.01608	0.01233	0.01693	0.01474	0.01018	0.49255	0.02362	0.28932	0.01708	0.01599	0.01146	0.00706	0.00583	0.00176	0.00589	0.00545	0.00630	0.00989

[dist]
# distance from previous block
# <min> <max>
3	7

[block]
# block no. 9 follows, 40 sequences, length 19
# corresponding to MSA columns:
# 424-442
name=unknown_J
#
# <colnr> <probs for GDERKNQSTAVLIFYWHMCP>
#	G	D	E	R	K	N	Q	S	T	A	V	L	I	F	Y	W	H	M	C	P
0	0.02001	0.00891	0.01178	0.00955	0.01305	0.00805	0.00769	0.02339	0.06745	0.49342	0.23964	0.02691	0.02659	0.00863	0.00615	0.00182	0.00427	0.00728	0.00687	0.00855
1	0.02211	0.01629	0.01745	0.01338	0.01803	0.01803	0.01105	0.73997	0.02734	0.03665	0.01396	0.01396	0.00989	0.00698	0.00582	0.00175	0.00640	0.00524	0.00582	0.00989
2	0.78040	0.01115	0.00889	0.00783	0.01150	0.01273	0.00645	0.01788	0.01037	0.07730	0.00913	0.01017	0.00686	0.00552	0.00375	0.00180	0.00453	0.00334	0.00385	0.00655
3	0.01053	0.00629	0.00715	0.00677	0.00830	0.00634	0.00516	0.05578	0.01413	0.02239	0.23622	0.02774	0.02638	0.01129	0.06733	0.00217	0.00398	0.00698	0.46938	0.00569
4	0.02211	0.01629	0.01745	0.01338	0.01803	0.01803	0.01105	0.73997	0.02734	0.03665	0.01396	0.01396	0.00989	0.00698	0.00582	0.00175	0.00640	0.00524	0.00582	0.00989
5	0.01446	0.01249	0.01315	0.01183	0.01512	0.01446	0.00920	0.03090	0.74885	0.02433	0.02367	0.02170	0.01775	0.00789	0.00592	0.00197	0.00460	0.00657	0.00592	0.00920
6	0.00937	0.00669	0.00937	0.01071	0.01205	0.00669	0.00937	0.01205	0.01339	0.01740	0.03079	0.06560	0.03347	0.01606	0.00803	0.00268	0.00535	0.72021	0.00535	0.00535
7	0.01501	0.56768	0.03161	0.01425	0.01949	0.02056	0.22510	0.01777	0.01238	0.01514	0.00917	0.01121	0.00786	0.00495	0.00466	0.00146	0.00728	0.00422	0.00262	0.00758
8	0.02172	0.02772	0.01648	0.01498	0.01798	0.77228	0.01124	0.02322	0.01648	0.01423	0.00899	0.01049	0.00749	0.00599	0.00524	0.00150	0.01049	0.00375	0.00300	0.00674
9	0.02211	0.01629	0.01745	0.01338	0.01803	0.01803	0.01105	0.73997	0.02734	0.03665	0.01396	0.01396	0.00989	0.00698	0.00582	0.00175	0.00640	0.00524	0.00582	0.00989
10	0.01265	0.01064	0.01203	0.01110	0.01372	0.01234	0.00863	0.02484	0.53038	0.02113	0.02128	0.02204	0.01680	0.01844	0.23241	0.00415	0.00784	0.00647	0.00509	0.00802
11	0.01294	0.28223	0.52450	0.01440	0.02181	0.01662	0.01770	0.01809	0.01213	0.01686	0.00966	0.01131	0.00740	0.00534	0.00494	0.00165	0.00782	0.00391	0.00247	0.00822
12	0.02211	0.01629	0.01745	0.01338	0.01803	0.01803	0.01105	0.73997	0.02734	0.03665	0.01396	0.01396	0.00989	0.00698	0.00582	0.00175	0.00640	0.00524	0.00582	0.00989
13	0.12691	0.00861	0.01007	0.00975	0.01193	0.00901	0.00812	0.12554	0.01592	0.02326	0.22706	0.04354	0.03196	0.01200	0.00674	0.00217	0.00467	0.31103	0.00547	0.00623
14	0.22603	0.01712	0.12844	0.01388	0.01883	0.04630	0.11351	0.29695	0.01784	0.02717	0.01195	0.03496	0.00917	0.00635	0.00538	0.00181	0.00680	0.00506	0.00422	0.00822
15	0.12756	0.05274	0.09755	0.17766	0.01975	0.08196	0.01104	0.01674	0.04919	0.06412	0.05205	0.02564	0.12080	0.00836	0.00572	0.00189	0.00612	0.07035	0.00401	0.00674
16	0.08001	0.08055	0.05593	0.01062	0.01520	0.04736	0.00909	0.07104	0.18811	0.08276	0.01436	0.01461	0.01094	0.00587	0.00493	0.00145	0.00527	0.00452	0.00436	0.29301
17	0.09711	0.01519	0.01479	0.04164	0.01656	0.24300	0.08899	0.01869	0.06313	0.08539	0.01737	0.19708	0.01670	0.00927	0.00640	0.00192	0.03216	0.02363	0.00422	0.00675
18	0.07465	0.01376	0.13534	0.11089	0.02114	0.01090	0.12954	0.01950	0.03018	0.21430	0.06669	0.02058	0.03906	0.00696	0.00588	0.00183	0.00639	0.02995	0.00448	0.05798

[dist]
# distance from previous block
# <min> <max>
10	41

[block]
# block no. 10 follows, 40 sequences, length 11
# corresponding to MSA columns:
# 489-499
name=unknown_K
#
# <colnr> <probs for GDERKNQSTAVLIFYWHMCP>
#	G	D	E	R	K	N	Q	S	T	A	V	L	I	F	Y	W	H	M	C	P
0	0.15902	0.02890	0.07566	0.01156	0.03792	0.07248	0.03896	0.03005	0.06442	0.14682	0.06790	0.02140	0.10890	0.00765	0.00598	0.00176	0.03623	0.00599	0.00455	0.07386
1	0.00942	0.00643	0.00830	0.00855	0.01010	0.00569	0.00627	0.01097	0.01201	0.06754	0.02907	0.50325	0.06123	0.01494	0.00689	0.00212	0.00384	0.09730	0.00522	0.13086
2	0.07513	0.03595	0.01522	0.01189	0.01498	0.07766	0.11599	0.01774	0.01353	0.18260	0.04682	0.02449	0.16032	0.00855	0.00750	0.00187	0.10517	0.00683	0.07073	0.00703
3	0.01456	0.15387	0.01844	0.29594	0.05501	0.17098	0.01236	0.01766	0.04293	0.04459	0.01280	0.09035	0.01141	0.00716	0.00585	0.00177	0.02847	0.00571	0.00326	0.00688
4	0.01680	0.01230	0.01346	0.01169	0.01525	0.01372	0.00921	0.07273	0.58752	0.14452	0.02297	0.02093	0.01674	0.00772	0.00590	0.00193	0.00477	0.00638	0.00612	0.00936
5	0.01076	0.00855	0.01015	0.01025	0.01231	0.00910	0.00836	0.01815	0.27343	0.02022	0.10398	0.06662	0.09713	0.01269	0.00704	0.00227	0.00455	0.31211	0.00566	0.00667
6	0.00773	0.00585	0.00717	0.00723	0.00864	0.00529	0.00542	0.00983	0.01450	0.01936	0.38814	0.15688	0.26472	0.01396	0.00703	0.00201	0.00308	0.06209	0.00588	0.00519
7	0.00893	0.00688	0.00835	0.00886	0.01001	0.00707	0.00629	0.01371	0.18207	0.01807	0.11879	0.52244	0.03569	0.01506	0.00701	0.00221	0.00358	0.01350	0.00564	0.00585
8	0.21522	0.01215	0.01244	0.01045	0.01415	0.01337	0.00842	0.19323	0.24007	0.12298	0.01900	0.01829	0.04747	0.00726	0.00529	0.00183	0.00489	0.00556	0.03953	0.00840
9	0.06314	0.22082	0.31053	0.01252	0.01869	0.01445	0.01382	0.02103	0.01332	0.23909	0.01342	0.01359	0.00942	0.00587	0.00505	0.00167	0.00667	0.00439	0.00394	0.00856
10	0.01219	0.04702	0.47544	0.01375	0.02017	0.01237	0.01605	0.01921	0.12041	0.05428	0.05968	0.02020	0.08982	0.00725	0.00576	0.00185	0.00685	0.00584	0.00371	0.00815

[dist]
# distance from previous block
# <min> <max>
0	1

[block]
# block no. 11 follows, 40 sequences, length 9
# corresponding to MSA columns:
# 501-509
name=unknown_L
#
# <colnr> <probs for GDERKNQSTAVLIFYWHMCP>
#	G	D	E	R	K	N	Q	S	T	A	V	L	I	F	Y	W	H	M	C	P
0	0.01285	0.00764	0.00887	0.00750	0.01063	0.00632	0.00590	0.01470	0.01399	0.21857	0.04194	0.03963	0.44448	0.01114	0.00621	0.00175	0.00369	0.00922	0.00560	0.12937
1	0.36853	0.01130	0.01136	0.00949	0.01334	0.01196	0.00777	0.11135	0.07995	0.16456	0.03389	0.01694	0.01212	0.00675	0.00488	0.00176	0.00481	0.03964	0.00491	0.08470
2	0.01788	0.50811	0.02519	0.01185	0.01608	0.30567	0.01044	0.01960	0.01358	0.01389	0.00843	0.00977	0.00747	0.00536	0.00430	0.00134	0.00783	0.00335	0.00268	0.00719
3	0.01336	0.26676	0.09082	0.01076	0.01491	0.01564	0.00990	0.02183	0.32518	0.01898	0.02284	0.02212	0.12839	0.00778	0.00532	0.00172	0.00525	0.00612	0.00439	0.00792
4	0.01504	0.01278	0.01348	0.01195	0.01534	0.01474	0.00934	0.08478	0.69402	0.02526	0.02293	0.02111	0.01715	0.00782	0.00591	0.00196	0.00474	0.00647	0.00591	0.00926
5	0.00841	0.00577	0.00703	0.00701	0.00729	0.00596	0.00439	0.00898	0.00903	0.01233	0.05431	0.03521	0.02146	0.60295	0.18049	0.00621	0.00753	0.00810	0.00358	0.00396
6	0.01607	0.09521	0.06926	0.01369	0.01651	0.26762	0.03222	0.08299	0.01460	0.01748	0.08225	0.05674	0.01399	0.00811	0.00867	0.00185	0.18669	0.00559	0.00352	0.00694
7	0.00740	0.00536	0.00700	0.00775	0.00848	0.00495	0.00537	0.00894	0.01278	0.01734	0.24249	0.53685	0.08128	0.01621	0.00723	0.00219	0.00317	0.01457	0.00569	0.00495
8	0.00984	0.00779	0.00957	0.00786	0.01083	0.00644	0.00608	0.01251	0.01461	0.02149	0.44323	0.03027	0.03546	0.00871	0.00579	0.00142	0.00340	0.00755	0.00516	0.35201

[dist]
# distance from previous block
# <min> <max>
17	76

[block]
# block no. 12 follows, 40 sequences, length 6
# corresponding to MSA columns:
# 589-594
name=unknown_M
#
# <colnr> <probs for GDERKNQSTAVLIFYWHMCP>
#	G	D	E	R	K	N	Q	S	T	A	V	L	I	F	Y	W	H	M	C	P
0	0.01524	0.01459	0.08490	0.01347	0.01740	0.09195	0.13517	0.14298	0.05549	0.09953	0.05986	0.11490	0.11064	0.00904	0.00630	0.00189	0.00638	0.00792	0.00479	0.00757
1	0.01461	0.01358	0.01263	0.01140	0.01423	0.13700	0.00881	0.10854	0.33254	0.02138	0.02323	0.06191	0.09417	0.01325	0.10326	0.00282	0.00694	0.00702	0.00499	0.00769
2	0.01253	0.01266	0.13433	0.00990	0.01302	0.01000	0.00860	0.17621	0.01381	0.01916	0.01503	0.02507	0.01475	0.38713	0.01706	0.00353	0.00613	0.00641	0.00386	0.11082
3	0.05145	0.10210	0.14459	0.02666	0.47569	0.01422	0.01627	0.01743	0.01297	0.01891	0.05702	0.01508	0.01144	0.00564	0.00547	0.00170	0.00674	0.00505	0.00302	0.00855
4	0.14682	0.01133	0.01520	0.20210	0.15811	0.01207	0.01153	0.10807	0.01455	0.06430	0.10074	0.01735	0.01418	0.00643	0.00541	0.00172	0.00577	0.00535	0.00402	0.09493
5	0.11405	0.01070	0.01505	0.01138	0.01586	0.00941	0.12499	0.01821	0.01327	0.19311	0.04643	0.06315	0.01352	0.00638	0.00529	0.00150	0.00524	0.00562	0.00450	0.32233

[dist]
# distance from previous block
# <min> <max>
29	136

[block]
# block no. 13 follows, 40 sequences, length 11
# corresponding to MSA columns:
# 740-750
name=unknown_N
#
# <colnr> <probs for GDERKNQSTAVLIFYWHMCP>
#	G	D	E	R	K	N	Q	S	T	A	V	L	I	F	Y	W	H	M	C	P
0	0.14558	0.01299	0.09402	0.34738	0.08810	0.01259	0.01362	0.01575	0.01144	0.01797	0.00986	0.01339	0.00772	0.00571	0.00603	0.00176	0.05570	0.00448	0.00289	0.13301
1	0.01315	0.09634	0.01671	0.01183	0.01451	0.01216	0.14823	0.07547	0.01319	0.02024	0.01417	0.01710	0.01134	0.00678	0.00710	0.00168	0.12929	0.00538	0.37870	0.00663
2	0.10208	0.07388	0.36898	0.24786	0.02700	0.01413	0.01699	0.01691	0.01163	0.01764	0.00985	0.01277	0.00739	0.00578	0.00593	0.00186	0.04480	0.00439	0.00263	0.00751
3	0.01446	0.01249	0.01315	0.01183	0.01512	0.01446	0.00920	0.03090	0.74885	0.02433	0.02367	0.02170	0.01775	0.00789	0.00592	0.00197	0.00460	0.00657	0.00592	0.00920
4	0.01206	0.01034	0.01206	0.00861	0.01378	0.00775	0.00689	0.01464	0.01206	0.01895	0.01034	0.01206	0.00861	0.00431	0.00431	0.00086	0.00431	0.00345	0.00345	0.83118
5	0.01520	0.02925	0.50184	0.01601	0.02264	0.28060	0.01788	0.02011	0.01376	0.01694	0.00993	0.01165	0.00741	0.00569	0.00543	0.00172	0.00926	0.00410	0.00265	0.00794
6	0.35363	0.01728	0.01213	0.01095	0.01377	0.31455	0.00855	0.01888	0.01268	0.01989	0.00960	0.01147	0.00783	0.00618	0.00559	0.00169	0.07164	0.00380	0.09350	0.00638
7	0.00993	0.00813	0.00958	0.01008	0.04331	0.00839	0.00719	0.01623	0.24007	0.01934	0.12235	0.22663	0.18157	0.01282	0.00674	0.00209	0.00388	0.05962	0.00557	0.00648
8	0.01306	0.15444	0.21863	0.01287	0.07689	0.01191	0.01155	0.01591	0.01159	0.10199	0.01475	0.05333	0.01365	0.21722	0.04575	0.00308	0.00691	0.00605	0.00349	0.00694
9	0.01734	0.01766	0.08371	0.15450	0.17260	0.15287	0.01412	0.21741	0.05209	0.04381	0.01221	0.01407	0.00921	0.00615	0.00568	0.00175	0.00755	0.00494	0.00388	0.00842
10	0.04645	0.01777	0.12970	0.02041	0.22756	0.12219	0.07019	0.05173	0.14273	0.07420	0.01375	0.01503	0.01044	0.00601	0.00566	0.00176	0.00718	0.00515	0.00384	0.02825

[dist]
# distance from previous block
# <min> <max>
5	12

[block]
# block no. 14 follows, 40 sequences, length 8
# corresponding to MSA columns:
# 764-771
name=unknown_O
#
# <colnr> <probs for GDERKNQSTAVLIFYWHMCP>
#	G	D	E	R	K	N	Q	S	T	A	V	L	I	F	Y	W	H	M	C	P
0	0.00899	0.01071	0.15156	0.01010	0.01278	0.00767	0.00958	0.01219	0.01289	0.01804	0.23186	0.03622	0.08354	0.02067	0.22619	0.00413	0.00797	0.12454	0.00447	0.00592
1	0.01409	0.02171	0.35978	0.01792	0.02450	0.01427	0.22945	0.15444	0.01562	0.02186	0.01282	0.01708	0.00998	0.00630	0.00614	0.00191	0.00832	0.05196	0.00342	0.00841
2	0.02211	0.01629	0.01745	0.01338	0.01803	0.01803	0.01105	0.73997	0.02734	0.03665	0.01396	0.01396	0.00989	0.00698	0.00582	0.00175	0.00640	0.00524	0.00582	0.00989
3	0.01446	0.01249	0.01315	0.01183	0.01512	0.01446	0.00920	0.03090	0.74885	0.02433	0.02367	0.02170	0.01775	0.00789	0.00592	0.00197	0.00460	0.00657	0.00592	0.00920
4	0.01206	0.01034	0.01206	0.00861	0.01378	0.00775	0.00689	0.01464	0.01206	0.01895	0.01034	0.01206	0.00861	0.00431	0.00431	0.00086	0.00431	0.00345	0.00345	0.83118
