[name]
unknown

[dist]
# distance from previous block
# <min> <max>
41	1550

[block]
# block no. 0 follows, 46 sequences, length 22
# corresponding to MSA columns:
# 1682-1703
name=unknown_A
#
# <colnr> <probs for GDERKNQSTAVLIFYWHMCP>
#	G	D	E	R	K	N	Q	S	T	A	V	L	I	F	Y	W	H	M	C	P
0	0.04711	0.04561	0.10154	0.09133	0.08521	0.06429	0.06652	0.06793	0.01237	0.12647	0.02331	0.01314	0.00884	0.00617	0.00750	0.00170	0.16674	0.00456	0.00334	0.05631
1	0.03793	0.11827	0.17889	0.01446	0.05636	0.21453	0.09982	0.04050	0.01241	0.05258	0.00985	0.01255	0.00807	0.05177	0.00709	0.00178	0.06919	0.00430	0.00283	0.00681
2	0.00871	0.00637	0.00824	0.03155	0.01035	0.00633	0.00648	0.01154	0.06546	0.04913	0.11406	0.14984	0.14945	0.01734	0.15844	0.00318	0.00571	0.14082	0.00453	0.05247
3	0.01122	0.01021	0.05822	0.05966	0.01658	0.00932	0.18001	0.10830	0.01356	0.05248	0.08863	0.15641	0.04988	0.04272	0.00705	0.00203	0.00560	0.11774	0.00422	0.00615
4	0.02763	0.07295	0.06078	0.12267	0.17983	0.04212	0.05639	0.01687	0.09073	0.09037	0.03608	0.04406	0.06643	0.00685	0.00592	0.00170	0.04595	0.02205	0.00357	0.00702
5	0.00670	0.00550	0.00618	0.04950	0.00879	0.00496	0.00475	0.00807	0.01150	0.01410	0.07306	0.12058	0.54954	0.08679	0.00817	0.00214	0.00322	0.02736	0.00465	0.00444
6	0.00933	0.00580	0.00703	0.00682	0.00813	0.00625	0.00527	0.05317	0.01083	0.01718	0.01722	0.02104	0.04475	0.02028	0.32946	0.00427	0.00748	0.00548	0.41515	0.00505
7	0.02891	0.03715	0.32559	0.04724	0.14305	0.05558	0.06502	0.03089	0.05755	0.01705	0.05405	0.01380	0.01017	0.00586	0.00637	0.00171	0.08518	0.00468	0.00284	0.00732
8	0.01064	0.00884	0.01341	0.21725	0.01857	0.01052	0.05123	0.03006	0.01091	0.05817	0.07418	0.07030	0.04403	0.01158	0.08651	0.00258	0.20204	0.03677	0.03665	0.00575
9	0.00775	0.00539	0.00639	0.00655	0.00788	0.00478	0.00477	0.00915	0.01190	0.06590	0.13828	0.27326	0.35727	0.04430	0.00716	0.00202	0.00305	0.03437	0.00507	0.00475
10	0.00668	0.00527	0.00568	0.00572	0.00725	0.00456	0.00423	0.00824	0.01229	0.01565	0.16602	0.11540	0.54883	0.01282	0.00614	0.00176	0.00267	0.01087	0.05535	0.00456
11	0.01014	0.00880	0.00998	0.04427	0.05512	0.07338	0.00718	0.05690	0.04245	0.01687	0.20377	0.06752	0.10992	0.07930	0.08914	0.01878	0.05038	0.00741	0.02628	0.02239
12	0.01121	0.15482	0.20546	0.06081	0.18515	0.05389	0.01255	0.01426	0.01125	0.01491	0.01494	0.14299	0.05530	0.00834	0.03014	0.00184	0.00629	0.00618	0.00296	0.00670
13	0.00642	0.00467	0.00606	0.00717	0.00762	0.00431	0.00482	0.00738	0.01031	0.01357	0.03150	0.73729	0.10691	0.01626	0.00670	0.00211	0.00303	0.01465	0.00491	0.00431
14	0.07440	0.00918	0.01132	0.00902	0.01247	0.00870	0.00732	0.13230	0.01584	0.42532	0.15939	0.04266	0.01922	0.00737	0.00533	0.00161	0.00423	0.00604	0.00581	0.04247
15	0.05336	0.01171	0.05823	0.35896	0.02401	0.08458	0.03237	0.04337	0.01213	0.12298	0.02564	0.03900	0.04014	0.00815	0.04876	0.00208	0.01951	0.00526	0.00338	0.00641
16	0.00916	0.16291	0.01203	0.00930	0.05313	0.00866	0.00718	0.01131	0.01269	0.01688	0.29510	0.11186	0.07322	0.01085	0.00593	0.00179	0.00395	0.18406	0.00459	0.00540
17	0.01264	0.01364	0.02474	0.02005	0.11671	0.05510	0.45738	0.01623	0.01209	0.01662	0.01006	0.01313	0.00792	0.00466	0.00611	0.00157	0.04316	0.00526	0.00274	0.16019
18	0.00794	0.00658	0.00832	0.02133	0.00990	0.00623	0.03458	0.01047	0.05721	0.01601	0.15522	0.12216	0.32929	0.02266	0.00704	0.01610	0.02999	0.07043	0.00467	0.06387
19	0.07204	0.16640	0.01466	0.00862	0.01310	0.01131	0.00731	0.11242	0.01273	0.04382	0.00966	0.01077	0.00780	0.00451	0.00399	0.00104	0.00453	0.00334	0.00337	0.48858
20	0.01218	0.01105	0.05822	0.36081	0.11330	0.01133	0.01248	0.08165	0.08593	0.06053	0.04576	0.03069	0.01169	0.00620	0.00533	0.00169	0.00597	0.02863	0.00348	0.05308
21	0.06694	0.08541	0.10755	0.01422	0.06706	0.05630	0.12914	0.08835	0.18628	0.05266	0.01425	0.01505	0.03600	0.00599	0.00557	0.00165	0.03673	0.00501	0.00372	0.02212

[dist]
# distance from previous block
# <min> <max>
1	4

[block]
# block no. 1 follows, 46 sequences, length 20
# corresponding to MSA columns:
# 1708-1727
name=unknown_B
#
# <colnr> <probs for GDERKNQSTAVLIFYWHMCP>
#	G	D	E	R	K	N	Q	S	T	A	V	L	I	F	Y	W	H	M	C	P
0	0.01481	0.24400	0.18548	0.01175	0.01612	0.13901	0.03588	0.06714	0.01288	0.09783	0.02468	0.05997	0.01025	0.00702	0.02601	0.00169	0.03055	0.00464	0.00324	0.00703
1	0.00711	0.00527	0.00601	0.00646	0.00762	0.00480	0.00465	0.02754	0.01149	0.01503	0.03801	0.36185	0.35209	0.01385	0.00621	0.00190	0.00297	0.03559	0.08698	0.00457
2	0.01259	0.01116	0.01785	0.17283	0.37052	0.01132	0.05189	0.06799	0.01268	0.04188	0.03767	0.04324	0.01063	0.00553	0.00523	0.00155	0.00593	0.00516	0.00314	0.11123
3	0.01315	0.06642	0.01481	0.37032	0.02375	0.11086	0.01117	0.06464	0.04855	0.08432	0.01509	0.05328	0.06750	0.00676	0.00555	0.00168	0.02685	0.00549	0.00341	0.00639
4	0.00745	0.00520	0.00630	0.00668	0.00726	0.00500	0.00459	0.00846	0.01015	0.01358	0.10753	0.19786	0.10393	0.34670	0.01501	0.00331	0.00406	0.11318	0.02972	0.00403
5	0.01232	0.01206	0.02136	0.20273	0.52569	0.01247	0.10442	0.01570	0.01176	0.01639	0.00991	0.01345	0.00804	0.00481	0.00536	0.00164	0.00676	0.00489	0.00256	0.00767
6	0.01298	0.06059	0.38283	0.04256	0.01892	0.01160	0.03797	0.11029	0.01341	0.10565	0.01546	0.05018	0.05062	0.00689	0.00534	0.00171	0.00642	0.05561	0.00356	0.00743
7	0.01164	0.41959	0.17863	0.01006	0.01416	0.03737	0.01028	0.01411	0.01068	0.01353	0.01247	0.16421	0.01263	0.00936	0.05825	0.00195	0.00629	0.00561	0.00282	0.00636
8	0.01308	0.00738	0.00907	0.00801	0.01043	0.00693	0.00632	0.05447	0.07237	0.24483	0.20027	0.08654	0.19484	0.01023	0.00595	0.00177	0.00361	0.05179	0.00565	0.00647
9	0.01320	0.14405	0.03151	0.00851	0.01128	0.02691	0.00715	0.06667	0.06906	0.15647	0.11632	0.11820	0.08260	0.00874	0.00526	0.00162	0.00419	0.03468	0.08709	0.00649
10	0.01302	0.01223	0.02000	0.09575	0.30881	0.04030	0.18538	0.06706	0.04019	0.04889	0.01547	0.03769	0.07872	0.00609	0.00560	0.00168	0.00649	0.00593	0.00332	0.00738
11	0.00695	0.00537	0.00630	0.00620	0.00760	0.00478	0.00464	0.00880	0.01315	0.01731	0.37917	0.07323	0.36583	0.04012	0.00702	0.00188	0.00278	0.03894	0.00526	0.00467
12	0.57453	0.00977	0.00833	0.00753	0.01044	0.01114	0.00600	0.01696	0.15601	0.02219	0.04211	0.01533	0.05016	0.04433	0.00506	0.00184	0.00402	0.00437	0.00386	0.00602
13	0.01598	0.09438	0.09357	0.01758	0.19411	0.08464	0.12976	0.03571	0.01338	0.20744	0.05212	0.01487	0.01118	0.00556	0.00522	0.00157	0.00643	0.00497	0.00376	0.00775
14	0.00838	0.00693	0.01088	0.00923	0.01055	0.00673	0.14964	0.00960	0.00928	0.01232	0.01994	0.06895	0.10081	0.46050	0.09007	0.00428	0.00631	0.00796	0.00334	0.00429
15	0.00694	0.00484	0.00595	0.00663	0.00688	0.00464	0.00418	0.00750	0.00922	0.01222	0.02513	0.46475	0.06015	0.33890	0.01488	0.00334	0.00388	0.01190	0.00422	0.00386
16	0.03075	0.01189	0.07008	0.01354	0.01790	0.01030	0.22137	0.04982	0.07423	0.35620	0.01731	0.04408	0.01264	0.00654	0.00566	0.00174	0.00596	0.03719	0.00484	0.00796
17	0.01293	0.01210	0.05442	0.04631	0.24996	0.01164	0.14242	0.10780	0.09438	0.03698	0.04989	0.05783	0.01335	0.00642	0.00549	0.00168	0.00588	0.02212	0.06095	0.00745
18	0.01089	0.03243	0.01045	0.14915	0.01484	0.04333	0.00759	0.02451	0.01151	0.11122	0.02126	0.35450	0.05636	0.01045	0.00570	0.00174	0.00447	0.00916	0.00425	0.11621
19	0.01438	0.01462	0.01241	0.05225	0.03749	0.27528	0.00872	0.12210	0.08433	0.01857	0.13671	0.02079	0.09449	0.00754	0.00576	0.00158	0.03698	0.00582	0.04382	0.00637

[dist]
# distance from previous block
# <min> <max>
4	12

[block]
# block no. 2 follows, 46 sequences, length 12
# corresponding to MSA columns:
# 1740-1751
name=unknown_C
#
# <colnr> <probs for GDERKNQSTAVLIFYWHMCP>
#	G	D	E	R	K	N	Q	S	T	A	V	L	I	F	Y	W	H	M	C	P
0	0.05200	0.13766	0.01215	0.04634	0.01140	0.06696	0.00673	0.03057	0.07818	0.01404	0.01521	0.07579	0.03788	0.28169	0.03192	0.00294	0.04710	0.00621	0.00334	0.04189
1	0.00843	0.00526	0.00644	0.00642	0.00738	0.00554	0.00472	0.01025	0.00984	0.01539	0.05240	0.02473	0.04938	0.14801	0.28688	0.00447	0.00704	0.00611	0.33674	0.00456
2	0.00661	0.00472	0.00633	0.00756	0.00794	0.00444	0.00521	0.00766	0.01029	0.01369	0.02904	0.74836	0.03459	0.01640	0.00679	0.00217	0.00322	0.07573	0.00490	0.00434
3	0.01214	0.01807	0.26941	0.19068	0.06063	0.11112	0.06871	0.01687	0.06455	0.01573	0.01008	0.01254	0.00772	0.00543	0.00589	0.00165	0.05842	0.00437	0.00266	0.06336
4	0.01077	0.00815	0.01139	0.01330	0.17282	0.00826	0.00840	0.01448	0.10240	0.08173	0.24348	0.10063	0.07213	0.03445	0.00709	0.00190	0.03894	0.05865	0.00471	0.00631
5	0.00721	0.00529	0.00681	0.00699	0.00808	0.00489	0.00523	0.00921	0.01323	0.01807	0.44445	0.21810	0.12950	0.01282	0.00647	0.00187	0.00290	0.08874	0.00541	0.00476
6	0.00799	0.00552	0.00781	0.00781	0.00881	0.00629	0.00605	0.00999	0.00899	0.01370	0.01475	0.02057	0.01328	0.03324	0.64206	0.00711	0.01192	0.00552	0.16383	0.00476
7	0.01488	0.13266	0.10356	0.01530	0.08843	0.06790	0.14091	0.14504	0.11617	0.06045	0.01306	0.01409	0.02730	0.00577	0.00552	0.00160	0.03118	0.00488	0.00362	0.00768
8	0.01035	0.04872	0.01057	0.03004	0.01145	0.00685	0.06102	0.01204	0.01141	0.13674	0.02606	0.39493	0.08773	0.01377	0.04220	0.00226	0.00460	0.07903	0.00470	0.00551
9	0.00806	0.14987	0.03651	0.00716	0.00930	0.00778	0.00606	0.00966	0.01144	0.01405	0.03666	0.18658	0.39928	0.01226	0.00590	0.00180	0.00368	0.08462	0.00434	0.00500
10	0.01544	0.01054	0.01180	0.01007	0.01326	0.01137	0.00798	0.11108	0.43268	0.18417	0.07675	0.02150	0.05446	0.00751	0.00546	0.00173	0.00424	0.00621	0.00562	0.00814
11	0.01195	0.01305	0.10395	0.01624	0.16828	0.06417	0.10480	0.08749	0.06813	0.01799	0.06449	0.14523	0.01715	0.05002	0.00685	0.00194	0.00593	0.04184	0.00375	0.00676

[dist]
# distance from previous block
# <min> <max>
1	4

[block]
# block no. 3 follows, 46 sequences, length 16
# corresponding to MSA columns:
# 1756-1771
name=unknown_D
#
# <colnr> <probs for GDERKNQSTAVLIFYWHMCP>
#	G	D	E	R	K	N	Q	S	T	A	V	L	I	F	Y	W	H	M	C	P
0	0.03997	0.12001	0.22728	0.06177	0.20393	0.06237	0.03742	0.01645	0.01160	0.05120	0.00982	0.01187	0.00771	0.00563	0.02231	0.00162	0.00673	0.00404	0.00272	0.09556
1	0.05026	0.01677	0.27042	0.01132	0.01591	0.09719	0.02657	0.01660	0.09579	0.04108	0.01441	0.08581	0.03607	0.03893	0.00586	0.00167	0.00594	0.00536	0.00336	0.16069
2	0.01067	0.00907	0.01064	0.00773	0.01215	0.00688	0.00616	0.01304	0.01129	0.01755	0.07297	0.01332	0.01131	0.00448	0.00411	0.00086	0.00380	0.00366	0.00335	0.77696
3	0.01796	0.01335	0.01441	0.01141	0.01512	0.01484	0.00930	0.59321	0.11097	0.02985	0.01405	0.01469	0.01045	0.02639	0.05036	0.00207	0.00597	0.00502	0.03216	0.00841
4	0.01122	0.00855	0.05266	0.00750	0.01057	0.00696	0.00633	0.05462	0.01218	0.06030	0.07843	0.01756	0.01403	0.00804	0.05772	0.00168	0.00434	0.00472	0.29498	0.28761
5	0.08645	0.00726	0.00918	0.00808	0.01039	0.00678	0.00611	0.01684	0.01195	0.37722	0.02095	0.22237	0.01901	0.13642	0.03428	0.00253	0.00451	0.00797	0.00521	0.00647
6	0.01070	0.00743	0.00881	0.00811	0.01005	0.00748	0.00616	0.07779	0.14928	0.08863	0.30447	0.17595	0.10235	0.01071	0.00602	0.00178	0.00338	0.00930	0.00551	0.00611
7	0.08905	0.01032	0.01181	0.00965	0.01308	0.01076	0.00782	0.18778	0.15886	0.30308	0.01735	0.01664	0.01217	0.00827	0.04842	0.00200	0.00506	0.00510	0.07476	0.00803
8	0.00659	0.00517	0.00596	0.00617	0.00745	0.00454	0.00447	0.00810	0.01225	0.01572	0.21924	0.24226	0.41608	0.01359	0.00637	0.00185	0.00273	0.01177	0.00512	0.00454
9	0.17018	0.00667	0.00742	0.00717	0.00910	0.00657	0.00575	0.01169	0.01264	0.06781	0.27540	0.03860	0.20172	0.01071	0.00581	0.00183	0.00342	0.14729	0.00499	0.00524
10	0.00706	0.00486	0.00595	0.00656	0.00672	0.00471	0.00406	0.00752	0.00891	0.01188	0.02291	0.42328	0.02710	0.41476	0.01681	0.00363	0.00409	0.01136	0.00406	0.00375
11	0.01554	0.10583	0.05394	0.01449	0.04226	0.01138	0.25677	0.01839	0.01264	0.26659	0.01559	0.10825	0.01262	0.00677	0.00596	0.00171	0.03341	0.00637	0.00412	0.00739
12	0.00668	0.00490	0.00618	0.00684	0.00753	0.00450	0.00469	0.00791	0.01120	0.01490	0.17565	0.50611	0.14748	0.06017	0.00772	0.00217	0.00302	0.01299	0.00499	0.00439
13	0.00759	0.00555	0.00650	0.00667	0.00748	0.00545	0.00470	0.00889	0.03014	0.01267	0.02783	0.04123	0.21453	0.39291	0.08284	0.00403	0.00520	0.12778	0.00394	0.00406
14	0.01455	0.31361	0.07568	0.01140	0.03392	0.05283	0.02654	0.16962	0.01377	0.01814	0.00910	0.01052	0.00749	0.00527	0.00532	0.00134	0.07186	0.00365	0.00308	0.15231
15	0.01430	0.11088	0.09291	0.01159	0.01620	0.12337	0.07326	0.14179	0.04573	0.01888	0.01016	0.01142	0.00801	0.00490	0.00457	0.00126	0.00606	0.00387	0.00330	0.29755

[dist]
# distance from previous block
# <min> <max>
0	3

[block]
# block no. 4 follows, 46 sequences, length 10
# corresponding to MSA columns:
# 1776-1785
name=unknown_E
#
# <colnr> <probs for GDERKNQSTAVLIFYWHMCP>
#	G	D	E	R	K	N	Q	S	T	A	V	L	I	F	Y	W	H	M	C	P
0	0.04072	0.01024	0.01317	0.04630	0.19592	0.01064	0.00937	0.18839	0.07880	0.02029	0.03282	0.10680	0.09875	0.06798	0.00703	0.00191	0.00491	0.00683	0.00412	0.05501
1	0.01161	0.01959	0.38924	0.06235	0.09640	0.01263	0.15431	0.01858	0.14830	0.01761	0.01191	0.01363	0.00882	0.00529	0.00535	0.00171	0.00717	0.00483	0.00292	0.00773
2	0.17622	0.00903	0.01108	0.00873	0.01253	0.00839	0.00719	0.02322	0.01380	0.60700	0.01818	0.01634	0.01175	0.00622	0.00486	0.00162	0.00432	0.00484	0.04647	0.00819
3	0.00800	0.00546	0.00702	0.00676	0.00806	0.00497	0.00502	0.01014	0.01402	0.05616	0.56822	0.14615	0.11674	0.01165	0.00626	0.00174	0.00269	0.01027	0.00564	0.00503
4	0.01521	0.01390	0.11251	0.13045	0.08614	0.05639	0.16027	0.01895	0.04411	0.21483	0.01289	0.01443	0.00923	0.00582	0.00653	0.00174	0.08042	0.00504	0.00365	0.00749
5	0.04707	0.00906	0.01052	0.00911	0.01102	0.00997	0.00706	0.27357	0.01454	0.03801	0.01417	0.11939	0.01289	0.01074	0.00981	0.20632	0.06482	0.00602	0.12009	0.00582
6	0.00677	0.00497	0.00607	0.00681	0.00747	0.00461	0.00468	0.00774	0.01029	0.01329	0.03244	0.44908	0.20065	0.15279	0.01014	0.00260	0.00347	0.06734	0.00461	0.00419
7	0.00691	0.00483	0.00599	0.00672	0.00726	0.00452	0.00450	0.00796	0.01038	0.01410	0.08059	0.51994	0.10442	0.12535	0.00923	0.00242	0.00323	0.01254	0.06486	0.00425
8	0.01494	0.20758	0.12025	0.08797	0.01771	0.09230	0.01105	0.22515	0.08001	0.02040	0.06377	0.01375	0.01118	0.00592	0.00482	0.00151	0.00616	0.00448	0.00366	0.00739
9	0.01527	0.04732	0.01885	0.07177	0.16008	0.16036	0.11737	0.18736	0.03439	0.01935	0.02394	0.03739	0.00963	0.00609	0.00621	0.00164	0.06723	0.00504	0.00339	0.00730

[dist]
# distance from previous block
# <min> <max>
0	5

[block]
# block no. 5 follows, 46 sequences, length 19
# corresponding to MSA columns:
# 1791-1809
name=unknown_F
#
# <colnr> <probs for GDERKNQSTAVLIFYWHMCP>
#	G	D	E	R	K	N	Q	S	T	A	V	L	I	F	Y	W	H	M	C	P
0	0.01448	0.05903	0.07797	0.01641	0.13957	0.31446	0.09563	0.01678	0.01258	0.01432	0.01302	0.01568	0.07356	0.04826	0.00715	0.00176	0.06517	0.00491	0.00282	0.00645
1	0.01147	0.07789	0.01188	0.01060	0.07679	0.06586	0.00771	0.10583	0.01489	0.04321	0.30311	0.05003	0.09677	0.00948	0.00579	0.00169	0.00438	0.09182	0.00476	0.00606
2	0.01449	0.01315	0.03012	0.01398	0.02842	0.07792	0.23198	0.15072	0.04962	0.08316	0.01648	0.01746	0.09177	0.00618	0.00571	0.00156	0.02523	0.00561	0.00388	0.13256
3	0.01359	0.57634	0.09514	0.01452	0.17608	0.01838	0.01151	0.01600	0.01105	0.01385	0.00809	0.00969	0.00711	0.00461	0.00393	0.00127	0.00598	0.00332	0.00233	0.00721
4	0.01425	0.05383	0.24673	0.01670	0.12950	0.07865	0.12273	0.08263	0.02429	0.10262	0.06671	0.01468	0.01130	0.00564	0.00528	0.00161	0.00683	0.00494	0.00344	0.00764
5	0.01751	0.08226	0.01548	0.01129	0.01469	0.10527	0.00930	0.33269	0.01769	0.11514	0.05892	0.01399	0.01123	0.00656	0.00648	0.00156	0.10214	0.00466	0.00440	0.06874
6	0.00651	0.00529	0.00563	0.00579	0.00724	0.00458	0.00423	0.00776	0.01155	0.01408	0.06398	0.12789	0.59207	0.08185	0.00810	0.00213	0.00301	0.03918	0.00478	0.00437
7	0.03047	0.00885	0.01370	0.40780	0.13236	0.01011	0.01164	0.01381	0.06611	0.01592	0.09713	0.11664	0.01621	0.00737	0.00548	0.00176	0.00554	0.00658	0.02646	0.00608
8	0.01273	0.01250	0.01870	0.08317	0.56546	0.06853	0.01423	0.01613	0.04698	0.01660	0.01334	0.04690	0.04977	0.00584	0.00532	0.00161	0.00616	0.00542	0.00294	0.00766
9	0.07404	0.00930	0.01018	0.00896	0.01183	0.00986	0.00704	0.02174	0.37867	0.16739	0.09019	0.02553	0.14645	0.00825	0.00543	0.00174	0.00384	0.00680	0.00541	0.00735
10	0.00757	0.00578	0.00691	0.00691	0.00817	0.00551	0.00508	0.01042	0.07723	0.01737	0.33410	0.17114	0.20636	0.07021	0.00779	0.00207	0.00308	0.04423	0.00519	0.00491
11	0.26441	0.01208	0.01276	0.07101	0.17933	0.11239	0.00949	0.01743	0.10709	0.04057	0.09791	0.01542	0.01318	0.00598	0.00470	0.00161	0.00529	0.00472	0.01794	0.00668
12	0.00801	0.00638	0.00890	0.17472	0.01429	0.00678	0.00728	0.01105	0.07619	0.01609	0.20488	0.38983	0.03108	0.01200	0.00620	0.00192	0.00386	0.01077	0.00463	0.00514
13	0.00665	0.00469	0.00607	0.00709	0.00735	0.00443	0.00462	0.00742	0.00971	0.01295	0.02703	0.67975	0.03231	0.15120	0.01015	0.00265	0.00341	0.01379	0.00462	0.00411
14	0.00941	0.00598	0.00608	0.00575	0.00746	0.00579	0.00439	0.07857	0.01270	0.01888	0.03061	0.03090	0.30357	0.00892	0.00481	0.00147	0.00285	0.00728	0.44946	0.00512
15	0.01250	0.22085	0.21939	0.01409	0.10609	0.01419	0.03550	0.07143	0.11650	0.01745	0.04246	0.01406	0.01073	0.00843	0.07236	0.00212	0.00680	0.00452	0.00315	0.00738
16	0.00918	0.00459	0.00689	0.00689	0.00689	0.00459	0.00459	0.00689	0.00689	0.00918	0.00918	0.01607	0.00918	0.01837	0.02066	0.84619	0.00459	0.00459	0.00230	0.00230
17	0.00689	0.00552	0.00784	0.00805	0.00909	0.00504	0.05986	0.00820	0.01079	0.01399	0.03337	0.55858	0.20364	0.01490	0.00661	0.00205	0.00345	0.03284	0.00474	0.00455
18	0.04458	0.00890	0.01329	0.32097	0.06133	0.01004	0.06425	0.02670	0.08545	0.01739	0.06957	0.01848	0.03639	0.00628	0.00524	0.00164	0.01805	0.00546	0.17989	0.00607

[dist]
# distance from previous block
# <min> <max>
0	1

[block]
# block no. 6 follows, 46 sequences, length 60
# corresponding to MSA columns:
# 1811-1840,1842-1871
name=unknown_G
#
# <colnr> <probs for GDERKNQSTAVLIFYWHMCP>
#	G	D	E	R	K	N	Q	S	T	A	V	L	I	F	Y	W	H	M	C	P
0	0.01025	0.00694	0.00742	0.00688	0.00872	0.00717	0.00529	0.09450	0.10442	0.01914	0.02603	0.02687	0.20922	0.01116	0.06568	0.03312	0.00406	0.00668	0.34089	0.00555
1	0.01576	0.04735	0.01439	0.01190	0.01487	0.36368	0.05405	0.08522	0.13304	0.01701	0.01445	0.01540	0.05685	0.00785	0.04343	0.00181	0.00736	0.00474	0.05335	0.03749
2	0.00800	0.00569	0.00689	0.00692	0.00707	0.00602	0.00453	0.00841	0.00836	0.01125	0.01792	0.08337	0.02047	0.61640	0.02280	0.00443	0.06605	0.08836	0.00342	0.00365
3	0.01408	0.05802	0.00986	0.02189	0.01042	0.05406	0.00598	0.04408	0.01242	0.18539	0.01567	0.01786	0.01215	0.06759	0.00598	0.00159	0.00410	0.00480	0.35627	0.09780
4	0.01211	0.01068	0.01589	0.01337	0.07384	0.01039	0.15486	0.12668	0.04284	0.02042	0.18731	0.01895	0.01801	0.00647	0.00605	0.00149	0.05173	0.00577	0.00398	0.21914
5	0.01750	0.02109	0.01395	0.01219	0.01538	0.58557	0.00924	0.01956	0.03999	0.01424	0.00891	0.01021	0.00736	0.00515	0.00459	0.00124	0.00806	0.00343	0.00291	0.19942
6	0.00644	0.00460	0.00613	0.00736	0.00767	0.00429	0.00491	0.00736	0.01012	0.01350	0.02914	0.81076	0.03497	0.01656	0.00675	0.00215	0.00307	0.01503	0.00491	0.00429
7	0.01696	0.10671	0.01649	0.01282	0.01526	0.42316	0.01023	0.10330	0.01392	0.01515	0.00855	0.01063	0.00732	0.00753	0.03640	0.00183	0.18060	0.00384	0.00288	0.00640
8	0.00797	0.05480	0.00874	0.00779	0.00892	0.00696	0.00586	0.01026	0.05664	0.01596	0.21652	0.35601	0.12184	0.01286	0.00710	0.00192	0.06437	0.02567	0.00481	0.00500
9	0.00923	0.00462	0.00674	0.00674	0.00683	0.00462	0.00452	0.00730	0.00721	0.00999	0.00980	0.01635	0.00952	0.01743	0.01936	0.78163	0.00443	0.00462	0.06657	0.00250
10	0.00656	0.00537	0.00579	0.00568	0.00733	0.00460	0.00426	0.00819	0.01279	0.01603	0.23666	0.04800	0.59489	0.01274	0.00624	0.00175	0.00263	0.01075	0.00514	0.00460
11	0.00739	0.00571	0.00728	0.00808	0.03928	0.00527	0.00592	0.00928	0.01253	0.01642	0.22940	0.16445	0.27542	0.01314	0.00652	0.00195	0.00333	0.17877	0.00504	0.00482
12	0.01655	0.01315	0.08869	0.01725	0.19265	0.06981	0.12203	0.01945	0.01329	0.29488	0.03061	0.07163	0.01247	0.00638	0.00548	0.00166	0.00611	0.00581	0.00425	0.00784
13	0.00766	0.00584	0.00705	0.00748	0.00859	0.00570	0.00552	0.01054	0.09424	0.01562	0.12261	0.31037	0.18049	0.07487	0.00806	0.00225	0.00347	0.11986	0.00493	0.00486
14	0.00666	0.00494	0.00624	0.00701	0.00779	0.00452	0.00496	0.00796	0.01125	0.01479	0.13171	0.51593	0.18313	0.01507	0.00662	0.00203	0.00302	0.05687	0.00502	0.00445
15	0.01301	0.09758	0.22337	0.05582	0.08081	0.11233	0.07928	0.03134	0.14916	0.02770	0.01425	0.01533	0.05534	0.00595	0.00526	0.00162	0.01643	0.00490	0.00322	0.00729
16	0.65946	0.00955	0.00824	0.00722	0.01037	0.01062	0.00589	0.01617	0.01039	0.11546	0.09306	0.01309	0.01143	0.00575	0.00384	0.00164	0.00396	0.00389	0.00394	0.00604
17	0.00644	0.00460	0.00613	0.00736	0.00767	0.00429	0.00491	0.00736	0.01012	0.01350	0.02914	0.81076	0.03497	0.01656	0.00675	0.00215	0.00307	0.01503	0.00491	0.00429
18	0.01098	0.01105	0.01742	0.33942	0.05416	0.05886	0.14184	0.01382	0.01085	0.01420	0.01200	0.08997	0.01111	0.00736	0.00771	0.00190	0.14233	0.04624	0.00281	0.00598
19	0.01562	0.27557	0.20352	0.01292	0.07254	0.03069	0.01206	0.14124	0.04416	0.12682	0.01142	0.01196	0.00851	0.00537	0.00461	0.00147	0.00610	0.00403	0.00352	0.00787
20	0.01241	0.06159	0.07030	0.06570	0.21708	0.05079	0.29825	0.01662	0.05773	0.01640	0.01209	0.07437	0.01039	0.00574	0.00560	0.00169	0.00717	0.00593	0.00293	0.00721
21	0.44160	0.02556	0.11829	0.01434	0.10876	0.02811	0.16023	0.01618	0.01049	0.02027	0.00864	0.01063	0.00667	0.00481	0.00437	0.00165	0.00595	0.00391	0.00291	0.00663
22	0.01197	0.01132	0.01869	0.11057	0.52399	0.01212	0.01448	0.01476	0.01132	0.01604	0.01155	0.05475	0.01068	0.00650	0.00690	0.00176	0.10261	0.04982	0.00280	0.00738
23	0.00998	0.00868	0.01117	0.11304	0.01458	0.03826	0.02088	0.02933	0.15753	0.01508	0.01654	0.08183	0.02887	0.04833	0.28806	0.00437	0.07248	0.03168	0.00355	0.00575
24	0.01537	0.16935	0.14814	0.02312	0.04398	0.15460	0.02072	0.08473	0.05426	0.11983	0.07064	0.04745	0.01284	0.00635	0.00494	0.00153	0.00625	0.00495	0.00375	0.00723
25	0.00728	0.00489	0.00589	0.00664	0.00745	0.00457	0.00472	0.00870	0.01078	0.01513	0.03058	0.46383	0.15526	0.01364	0.00603	0.00190	0.00298	0.05717	0.18807	0.00450
26	0.00670	0.00494	0.00620	0.00680	0.00755	0.00455	0.00470	0.00798	0.01128	0.01499	0.18262	0.46658	0.16975	0.05681	0.02104	0.00225	0.00318	0.01270	0.00497	0.00441
27	0.01171	0.29912	0.06366	0.06481	0.01447	0.06071	0.00948	0.03843	0.01121	0.01406	0.01515	0.16350	0.04301	0.00863	0.00648	0.00169	0.10204	0.06266	0.00319	0.00600
28	0.01332	0.19704	0.38655	0.01468	0.04543	0.14327	0.08097	0.03207	0.01212	0.01554	0.00899	0.01068	0.00695	0.00495	0.00475	0.00151	0.00763	0.00384	0.00243	0.00729
29	0.00662	0.00531	0.00591	0.00588	0.00740	0.00460	0.00437	0.00826	0.01274	0.01621	0.26025	0.10639	0.51169	0.01289	0.00628	0.00178	0.00266	0.01100	0.00517	0.00460
30	0.01840	0.00898	0.01242	0.18207	0.01790	0.00874	0.00896	0.06337	0.01432	0.47999	0.02184	0.02081	0.10413	0.00708	0.00542	0.00168	0.00491	0.00586	0.00536	0.00777
31	0.05994	0.00999	0.07174	0.01628	0.24865	0.00888	0.02422	0.05816	0.01169	0.01681	0.01882	0.35911	0.02037	0.02405	0.00620	0.00192	0.00484	0.02825	0.00385	0.00625
32	0.01353	0.42857	0.20850	0.01351	0.09974	0.07643	0.01241	0.01725	0.05818	0.01464	0.00908	0.01040	0.00751	0.00490	0.00421	0.00137	0.00645	0.00353	0.00252	0.00725
33	0.01553	0.01744	0.01456	0.07085	0.12881	0.41115	0.01042	0.02808	0.01352	0.03003	0.09717	0.01568	0.01290	0.05601	0.00717	0.00175	0.05478	0.00479	0.00315	0.00621
34	0.00640	0.00515	0.00570	0.00602	0.00735	0.00446	0.00434	0.00771	0.01173	0.01459	0.10210	0.26277	0.51502	0.01408	0.00639	0.00188	0.00277	0.01212	0.00498	0.00446
35	0.01090	0.08645	0.39174	0.01769	0.21550	0.01176	0.01530	0.01509	0.01147	0.01644	0.05893	0.10035	0.01288	0.00651	0.00520	0.00165	0.00639	0.00558	0.00285	0.00731
36	0.01225	0.01222	0.02187	0.08228	0.29352	0.01197	0.25368	0.02590	0.01187	0.01685	0.01022	0.01383	0.00835	0.00494	0.00597	0.00157	0.04587	0.01643	0.00276	0.14767
37	0.00948	0.00519	0.00639	0.00676	0.00779	0.00489	0.00481	0.01105	0.01100	0.09971	0.02420	0.45593	0.02531	0.01194	0.00556	0.00178	0.00302	0.01054	0.28963	0.00502
38	0.00920	0.00744	0.03780	0.01041	0.12154	0.00697	0.00629	0.03763	0.00964	0.01359	0.04063	0.02795	0.01701	0.50024	0.06507	0.00413	0.00567	0.00673	0.06743	0.00463
39	0.01083	0.06936	0.15828	0.05112	0.07013	0.01841	0.02518	0.03803	0.06378	0.04508	0.01737	0.25847	0.02763	0.00964	0.00707	0.01496	0.08657	0.01810	0.00367	0.00632
40	0.01300	0.00936	0.01111	0.06570	0.01363	0.01000	0.00780	0.19357	0.17238	0.08355	0.18809	0.15389	0.02408	0.00912	0.00574	0.00174	0.00423	0.00781	0.00522	0.01996
41	0.00734	0.00523	0.00702	0.00810	0.00877	0.00505	0.00614	0.00880	0.01084	0.01430	0.04248	0.44117	0.04469	0.07478	0.00843	0.00246	0.00388	0.29129	0.00478	0.00445
42	0.00707	0.00568	0.00686	0.03600	0.00905	0.00533	0.00534	0.00848	0.01124	0.01438	0.07442	0.27025	0.35992	0.04344	0.00749	0.00204	0.03006	0.06249	0.00464	0.03582
43	0.00698	0.00502	0.00614	0.00662	0.00738	0.00461	0.00451	0.00810	0.01096	0.02452	0.14796	0.40603	0.18792	0.13666	0.00962	0.00245	0.00323	0.01214	0.00481	0.00433
44	0.01096	0.00940	0.01096	0.00783	0.01253	0.00705	0.00626	0.01331	0.01096	0.01723	0.00940	0.01096	0.00783	0.00392	0.00392	0.00078	0.00392	0.00313	0.00313	0.84653
45	0.01471	0.00786	0.01057	0.03841	0.01203	0.00785	0.00729	0.01684	0.02276	0.33447	0.21771	0.06714	0.09773	0.00915	0.00727	0.00178	0.10692	0.00739	0.00539	0.00673
46	0.00729	0.00521	0.00693	0.00739	0.00798	0.00530	0.00525	0.00853	0.00982	0.01338	0.09375	0.27745	0.04093	0.20508	0.21279	0.00443	0.00648	0.07366	0.00407	0.00427
47	0.01097	0.01140	0.02237	0.42224	0.03139	0.01219	0.34936	0.01481	0.01141	0.01504	0.01072	0.04419	0.00854	0.00534	0.00577	0.00179	0.00773	0.00578	0.00259	0.00638
48	0.01190	0.01122	0.01852	0.01429	0.04340	0.01034	0.28003	0.09565	0.01296	0.01824	0.01440	0.07536	0.05591	0.00670	0.02062	0.00160	0.02128	0.00594	0.00340	0.27825
49	0.01362	0.01412	0.02169	0.05542	0.48311	0.10153	0.15000	0.01754	0.05919	0.01688	0.01057	0.01334	0.00856	0.00492	0.00537	0.00161	0.00703	0.00492	0.00280	0.00780
50	0.01272	0.00772	0.00954	0.00852	0.01083	0.00769	0.00668	0.01810	0.20087	0.20044	0.33903	0.06139	0.03116	0.00937	0.00589	0.00175	0.00355	0.05222	0.00579	0.00673
51	0.16513	0.00809	0.00949	0.00813	0.01080	0.00804	0.00637	0.04549	0.02600	0.31612	0.01967	0.05971	0.07202	0.10918	0.10968	0.00298	0.00559	0.00612	0.00480	0.00657
52	0.01257	0.01006	0.01219	0.01024	0.07162	0.00844	0.00747	0.05968	0.05897	0.06471	0.01107	0.01219	0.00877	0.00448	0.00427	0.00100	0.00426	0.00366	0.00356	0.63077
53	0.00734	0.03573	0.00732	0.00640	0.00789	0.00541	0.00486	0.00942	0.01379	0.01861	0.51524	0.07094	0.25476	0.01152	0.00615	0.00170	0.00269	0.00997	0.00539	0.00488
54	0.00713	0.00533	0.00662	0.00642	0.00771	0.00482	0.00477	0.00925	0.01396	0.01910	0.56287	0.10091	0.20801	0.01181	0.00628	0.00173	0.00258	0.01033	0.00555	0.00482
55	0.01263	0.01085	0.01535	0.01215	0.01478	0.06694	0.20838	0.12686	0.03831	0.04583	0.04184	0.02144	0.01381	0.24856	0.03354	0.03668	0.00654	0.00619	0.03346	0.00586
56	0.01183	0.00886	0.01200	0.08796	0.01375	0.01088	0.00886	0.01449	0.05722	0.09936	0.05880	0.06452	0.01384	0.00953	0.03889	0.00214	0.31967	0.00580	0.15562	0.00597
57	0.00758	0.00552	0.00738	0.00846	0.00944	0.00531	0.00682	0.00939	0.01149	0.01488	0.03128	0.30458	0.11732	0.01511	0.00700	0.00227	0.00403	0.42262	0.00489	0.00463
58	0.00777	0.00917	0.14775	0.00874	0.01061	0.00625	0.00760	0.03737	0.01081	0.01467	0.02542	0.55307	0.06426	0.06123	0.00755	0.00220	0.00413	0.01201	0.00434	0.00505
59	0.01608	0.01637	0.19253	0.10188	0.01967	0.01411	0.01247	0.41839	0.05542	0.05107	0.01234	0.01332	0.00889	0.00721	0.03470	0.00190	0.00660	0.00467	0.00421	0.00818

[dist]
# distance from previous block
# <min> <max>
0	73

[block]
# block no. 7 follows, 46 sequences, length 7
# corresponding to MSA columns:
# 1947-1953
name=unknown_H
#
# <colnr> <probs for GDERKNQSTAVLIFYWHMCP>
#	G	D	E	R	K	N	Q	S	T	A	V	L	I	F	Y	W	H	M	C	P
0	0.04980	0.11673	0.12904	0.01402	0.07948	0.10533	0.10567	0.04755	0.06152	0.09151	0.01115	0.01231	0.00848	0.00507	0.00477	0.00143	0.00634	0.00421	0.00331	0.14226
1	0.03328	0.00817	0.01089	0.18519	0.01625	0.00861	0.00821	0.01288	0.04057	0.01630	0.07458	0.04217	0.01353	0.01056	0.10568	0.00233	0.06773	0.00515	0.10502	0.23291
2	0.01903	0.01479	0.01474	0.01163	0.01561	0.10419	0.00943	0.49363	0.08383	0.09123	0.01331	0.01321	0.00958	0.00613	0.00512	0.00152	0.00584	0.00462	0.00493	0.07765
3	0.01112	0.10855	0.17420	0.01035	0.01447	0.02898	0.03001	0.02945	0.04754	0.03169	0.07186	0.04913	0.01318	0.01072	0.11586	0.00237	0.01999	0.00495	0.00327	0.22232
4	0.04182	0.10393	0.01595	0.13078	0.08044	0.29137	0.01056	0.07066	0.01366	0.05820	0.01104	0.01508	0.00936	0.00599	0.00489	0.00150	0.00702	0.06205	0.00321	0.06249
5	0.00987	0.00656	0.00919	0.07998	0.05375	0.00694	0.00695	0.02812	0.01071	0.07777	0.07626	0.10584	0.01820	0.11053	0.26003	0.00424	0.00744	0.00691	0.11540	0.00530
6	0.03074	0.11069	0.10788	0.07018	0.07524	0.01061	0.00987	0.08151	0.01313	0.08077	0.12590	0.08302	0.01734	0.00722	0.00512	0.00154	0.00500	0.03544	0.00390	0.12491

[dist]
# distance from previous block
# <min> <max>
11	22

[block]
# block no. 8 follows, 46 sequences, length 35
# corresponding to MSA columns:
# 1976-2010
name=unknown_I
#
# <colnr> <probs for GDERKNQSTAVLIFYWHMCP>
#	G	D	E	R	K	N	Q	S	T	A	V	L	I	F	Y	W	H	M	C	P
0	0.03234	0.01252	0.01530	0.24901	0.02181	0.07353	0.05122	0.21212	0.08419	0.02021	0.01238	0.01432	0.02995	0.00602	0.00588	0.00162	0.05463	0.00479	0.00361	0.09455
1	0.01978	0.02430	0.01506	0.01349	0.01635	0.72579	0.01020	0.08535	0.01584	0.01470	0.00856	0.00981	0.00700	0.00553	0.00481	0.00138	0.00921	0.00352	0.00295	0.00638
2	0.02023	0.00826	0.01125	0.00906	0.01252	0.00725	0.00746	0.02236	0.01485	0.61588	0.12313	0.02448	0.01952	0.00781	0.00561	0.00171	0.00426	0.06994	0.00630	0.00810
3	0.01068	0.01002	0.01653	0.58180	0.18062	0.01150	0.01426	0.01402	0.01089	0.01457	0.00950	0.01363	0.00738	0.00505	0.00516	0.00164	0.00663	0.00457	0.00247	0.07910
4	0.00723	0.00539	0.00672	0.00639	0.00775	0.00488	0.00479	0.00950	0.01438	0.01981	0.63271	0.04178	0.19648	0.01133	0.00624	0.00169	0.00253	0.00988	0.00564	0.00488
5	0.85155	0.01022	0.00777	0.00695	0.01022	0.01186	0.00573	0.01554	0.00900	0.02372	0.00736	0.00859	0.00573	0.00491	0.00327	0.00164	0.00409	0.00286	0.00327	0.00573
6	0.00644	0.00460	0.00613	0.00736	0.00767	0.00429	0.00491	0.00736	0.01012	0.01350	0.02914	0.81076	0.03497	0.01656	0.00675	0.00215	0.00307	0.01503	0.00491	0.00429
7	0.00799	0.00823	0.09726	0.00825	0.01037	0.00612	0.03609	0.01092	0.01424	0.02022	0.63138	0.06526	0.04273	0.01012	0.00612	0.00169	0.00338	0.00900	0.00525	0.00537
8	0.01975	0.02520	0.01498	0.01362	0.01634	0.79299	0.01021	0.02111	0.01498	0.01294	0.00817	0.00953	0.00681	0.00545	0.00477	0.00136	0.00953	0.00340	0.00272	0.00613
9	0.00644	0.00460	0.00613	0.00736	0.00767	0.00429	0.00491	0.00736	0.01012	0.01350	0.02914	0.81076	0.03497	0.01656	0.00675	0.00215	0.00307	0.01503	0.00491	0.00429
10	0.85155	0.01022	0.00777	0.00695	0.01022	0.01186	0.00573	0.01554	0.00900	0.02372	0.00736	0.00859	0.00573	0.00491	0.00327	0.00164	0.00409	0.00286	0.00327	0.00573
11	0.01975	0.02520	0.01498	0.01362	0.01634	0.79299	0.01021	0.02111	0.01498	0.01294	0.00817	0.00953	0.00681	0.00545	0.00477	0.00136	0.00953	0.00340	0.00272	0.00613
12	0.01315	0.01136	0.01195	0.01076	0.01375	0.01315	0.00837	0.02809	0.77168	0.02211	0.02152	0.01972	0.01614	0.00717	0.00538	0.00179	0.00418	0.00598	0.00538	0.00837
13	0.00985	0.00493	0.00493	0.00493	0.00616	0.00493	0.00370	0.01232	0.01109	0.01971	0.01725	0.01971	0.01355	0.00616	0.00370	0.00123	0.00246	0.00493	0.84356	0.00493
14	0.00755	0.00566	0.00850	0.00850	0.00944	0.00661	0.00661	0.00944	0.00850	0.01227	0.01416	0.02077	0.01322	0.03965	0.79326	0.00850	0.01416	0.00566	0.00283	0.00472
15	0.00824	0.00593	0.00816	0.00932	0.01049	0.00586	0.00800	0.01049	0.01200	0.01556	0.02946	0.11759	0.07109	0.01469	0.00720	0.00238	0.00461	0.64927	0.00487	0.00480
16	0.01975	0.02520	0.01498	0.01362	0.01634	0.79299	0.01021	0.02111	0.01498	0.01294	0.00817	0.00953	0.00681	0.00545	0.00477	0.00136	0.00953	0.00340	0.00272	0.00613
17	0.02010	0.01481	0.01587	0.01216	0.01639	0.01639	0.01005	0.76360	0.02486	0.03332	0.01269	0.01269	0.00899	0.00635	0.00529	0.00159	0.00582	0.00476	0.00529	0.00899
18	0.00739	0.00540	0.00693	0.00655	0.00784	0.00495	0.00491	0.00979	0.01474	0.02066	0.72206	0.04038	0.10660	0.01101	0.00624	0.00167	0.00251	0.00968	0.00575	0.00495
19	0.00661	0.00483	0.00621	0.00700	0.00765	0.00444	0.00482	0.00786	0.01122	0.01498	0.16735	0.58435	0.12287	0.01516	0.00660	0.00202	0.00292	0.01360	0.00507	0.00444
20	0.01248	0.01426	0.03119	0.02228	0.02763	0.01337	0.76203	0.01693	0.01248	0.01693	0.01070	0.01426	0.00802	0.00446	0.00624	0.00178	0.00891	0.00624	0.00267	0.00713
21	0.02372	0.00900	0.01227	0.00941	0.01350	0.00777	0.00777	0.02576	0.01513	0.78489	0.02086	0.01799	0.01309	0.00654	0.00532	0.00164	0.00450	0.00532	0.00654	0.00900
22	0.00644	0.00460	0.00613	0.00736	0.00767	0.00429	0.00491	0.00736	0.01012	0.01350	0.02914	0.81076	0.03497	0.01656	0.00675	0.00215	0.00307	0.01503	0.00491	0.00429
23	0.01880	0.00782	0.01031	0.00831	0.01118	0.00696	0.00642	0.02028	0.01305	0.54766	0.04076	0.02322	0.01582	0.23186	0.01136	0.00261	0.00462	0.00610	0.00559	0.00727
24	0.00852	0.00608	0.00852	0.00974	0.01095	0.00608	0.00852	0.01095	0.01217	0.01582	0.02799	0.05963	0.03042	0.01460	0.00730	0.00243	0.00487	0.74565	0.00487	0.00487
25	0.01315	0.01136	0.01195	0.01076	0.01375	0.01315	0.00837	0.02809	0.77168	0.02211	0.02152	0.01972	0.01614	0.00717	0.00538	0.00179	0.00418	0.00598	0.00538	0.00837
26	0.01513	0.01319	0.01959	0.02600	0.53930	0.01369	0.01423	0.23438	0.03456	0.02207	0.01103	0.01313	0.00875	0.00525	0.00525	0.00158	0.00609	0.00476	0.00346	0.00855
27	0.01268	0.34000	0.17696	0.01466	0.02012	0.01581	0.26709	0.01623	0.01143	0.01510	0.00903	0.01112	0.00725	0.00456	0.00471	0.00144	0.00708	0.00422	0.00245	0.05805
28	0.00750	0.00505	0.00582	0.00600	0.00605	0.00500	0.00345	0.00764	0.00805	0.01073	0.01849	0.14884	0.02154	0.69680	0.02394	0.00469	0.00482	0.00877	0.00345	0.00336
29	0.01494	0.01013	0.01082	0.00896	0.01178	0.01098	0.00718	0.34783	0.09996	0.04309	0.05555	0.01759	0.01369	0.00660	0.00475	0.00148	0.00419	0.00522	0.31805	0.00720
30	0.01146	0.01100	0.01492	0.50007	0.02793	0.05986	0.01266	0.01732	0.18916	0.01542	0.01195	0.01492	0.00916	0.00608	0.00632	0.00179	0.07553	0.00491	0.00308	0.00647
31	0.01196	0.02323	0.49319	0.01711	0.02374	0.08015	0.24164	0.01718	0.01189	0.01647	0.00974	0.01195	0.00710	0.00489	0.00537	0.00168	0.00829	0.00456	0.00241	0.00746
32	0.00650	0.00526	0.00577	0.00586	0.00735	0.00454	0.00431	0.00799	0.01232	0.01543	0.18131	0.14999	0.54823	0.01334	0.00631	0.00181	0.00270	0.01138	0.00507	0.00454
33	0.00644	0.00460	0.00613	0.00736	0.00767	0.00429	0.00491	0.00736	0.01012	0.01350	0.02914	0.81076	0.03497	0.01656	0.00675	0.00215	0.00307	0.01503	0.00491	0.00429
34	0.00830	0.00619	0.00753	0.00805	0.00895	0.00632	0.00566	0.05112	0.11623	0.01557	0.02607	0.56070	0.02941	0.08365	0.00825	0.00234	0.00362	0.04216	0.00484	0.00504

[dist]
# distance from previous block
# <min> <max>
0	10

[block]
# block no. 9 follows, 46 sequences, length 23
# corresponding to MSA columns:
# 2021-2043
name=unknown_J
#
# <colnr> <probs for GDERKNQSTAVLIFYWHMCP>
#	G	D	E	R	K	N	Q	S	T	A	V	L	I	F	Y	W	H	M	C	P
0	0.00739	0.00538	0.00673	0.00689	0.00791	0.00504	0.00512	0.00911	0.01230	0.01655	0.33205	0.12251	0.15308	0.15026	0.01002	0.00246	0.00343	0.13428	0.00498	0.00451
1	0.01298	0.01430	0.03018	0.02161	0.02689	0.01357	0.71223	0.06639	0.01330	0.01802	0.01083	0.01416	0.00809	0.00458	0.00618	0.00177	0.00871	0.00614	0.00285	0.00725
2	0.01297	0.01434	0.02710	0.06466	0.19931	0.06474	0.50307	0.01687	0.01244	0.01657	0.01029	0.01367	0.00797	0.00462	0.00586	0.00171	0.00826	0.00562	0.00265	0.00728
3	0.00915	0.00903	0.01703	0.01348	0.01626	0.00839	0.33888	0.01165	0.01134	0.01494	0.02452	0.27223	0.15472	0.06348	0.00777	0.00212	0.00571	0.00997	0.00381	0.00550
4	0.00670	0.00512	0.00565	0.00593	0.00688	0.00461	0.00399	0.00756	0.01038	0.01297	0.03759	0.22132	0.39467	0.23863	0.01216	0.00280	0.00345	0.01108	0.00443	0.00407
5	0.11006	0.00888	0.01134	0.00887	0.01270	0.00803	0.00731	0.02386	0.01424	0.65784	0.01921	0.01711	0.01234	0.00635	0.00500	0.00161	0.00433	0.00503	0.05748	0.00840
6	0.00649	0.00462	0.00612	0.00730	0.00760	0.00432	0.00485	0.00737	0.01003	0.01338	0.02869	0.78297	0.03440	0.04512	0.00747	0.00225	0.00314	0.01477	0.00485	0.00425
7	0.00757	0.00541	0.00743	0.00865	0.00945	0.00527	0.00687	0.00931	0.01123	0.01476	0.02851	0.40253	0.03250	0.01550	0.00705	0.00230	0.00405	0.41212	0.00489	0.00461
8	0.00768	0.00644	0.00851	0.00867	0.00913	0.00727	0.00642	0.00872	0.00991	0.01342	0.02732	0.49822	0.14015	0.01427	0.00930	0.00213	0.20161	0.01187	0.00426	0.00469
9	0.00963	0.00816	0.01113	0.01008	0.01046	0.01051	0.00795	0.01091	0.00844	0.01287	0.01165	0.01896	0.01148	0.16060	0.22493	0.00436	0.36901	0.00548	0.08845	0.00495
10	0.02010	0.01481	0.01587	0.01216	0.01639	0.01639	0.01005	0.76360	0.02486	0.03332	0.01269	0.01269	0.00899	0.00635	0.00529	0.00159	0.00582	0.00476	0.00529	0.00899
11	0.01120	0.06986	0.09409	0.12920	0.01668	0.01061	0.00974	0.10010	0.12377	0.01832	0.06332	0.15298	0.01780	0.00844	0.00546	0.00170	0.00503	0.06545	0.00403	0.09224
12	0.00998	0.00940	0.01586	0.80150	0.03641	0.01175	0.01468	0.01351	0.01057	0.01351	0.00940	0.01409	0.00705	0.00529	0.00529	0.00176	0.00705	0.00470	0.00235	0.00587
13	0.01174	0.00970	0.01271	0.01019	0.01302	0.00994	0.05640	0.14596	0.01240	0.01795	0.01154	0.01576	0.01014	0.07851	0.17786	0.00320	0.10383	0.00476	0.02026	0.27414
14	0.01060	0.02735	0.78682	0.01507	0.02288	0.01228	0.01953	0.01674	0.01116	0.01674	0.00949	0.01116	0.00670	0.00502	0.00502	0.00167	0.00781	0.00391	0.00223	0.00781
15	0.00704	0.00567	0.00861	0.00867	0.00965	0.00524	0.08207	0.00836	0.01056	0.01393	0.02983	0.64946	0.11059	0.01499	0.00664	0.00207	0.00362	0.01372	0.00468	0.00460
16	0.01542	0.01545	0.01304	0.01165	0.01464	0.23198	0.00899	0.07120	0.51378	0.02023	0.01723	0.01644	0.01308	0.00664	0.00520	0.00166	0.00578	0.00518	0.00463	0.00778
17	0.01016	0.00854	0.01010	0.00775	0.01166	0.00656	0.00602	0.01225	0.01081	0.01656	0.01292	0.15358	0.01267	0.00617	0.00442	0.00103	0.00376	0.00525	0.00345	0.69634
18	0.01408	0.01229	0.01573	0.26704	0.15823	0.06058	0.01206	0.24997	0.04186	0.02070	0.01387	0.05123	0.04625	0.00649	0.00536	0.00167	0.00619	0.00546	0.00369	0.00726
19	0.01355	0.05799	0.01350	0.23442	0.10440	0.00946	0.00962	0.01571	0.01166	0.22111	0.03948	0.03421	0.05125	0.15052	0.00913	0.00227	0.00543	0.00593	0.00393	0.00645
20	0.01038	0.00604	0.00799	0.00714	0.00890	0.00548	0.00548	0.01279	0.01499	0.15738	0.64335	0.03566	0.04332	0.01005	0.00607	0.00166	0.00285	0.00880	0.00595	0.00570
21	0.00695	0.00496	0.00665	0.00767	0.00823	0.00470	0.00552	0.00828	0.01092	0.01462	0.10508	0.57874	0.03528	0.03554	0.00730	0.00222	0.00338	0.14457	0.00495	0.00444
22	0.01756	0.07720	0.01522	0.01231	0.04682	0.33973	0.00938	0.06980	0.01406	0.13154	0.01054	0.01148	0.00816	0.00555	0.00548	0.00137	0.05975	0.00383	0.00348	0.15673

[dist]
# distance from previous block
# <min> <max>
0	1

[block]
# block no. 10 follows, 46 sequences, length 40
# corresponding to MSA columns:
# 2045-2084
name=unknown_K
#
# <colnr> <probs for GDERKNQSTAVLIFYWHMCP>
#	G	D	E	R	K	N	Q	S	T	A	V	L	I	F	Y	W	H	M	C	P
0	0.01169	0.00965	0.01030	0.00935	0.01200	0.01066	0.00724	0.02262	0.54189	0.04378	0.08626	0.02728	0.16752	0.00865	0.00561	0.00178	0.00377	0.00724	0.00536	0.00736
1	0.00998	0.00940	0.01586	0.80150	0.03641	0.01175	0.01468	0.01351	0.01057	0.01351	0.00940	0.01409	0.00705	0.00529	0.00529	0.00176	0.00705	0.00470	0.00235	0.00587
2	0.01096	0.00940	0.01096	0.00783	0.01253	0.00705	0.00626	0.01331	0.01096	0.01723	0.00940	0.01096	0.00783	0.00392	0.00392	0.00078	0.00392	0.00313	0.00313	0.84653
3	0.01102	0.07680	0.01358	0.00911	0.01345	0.00853	0.06500	0.01349	0.01134	0.01692	0.04895	0.01544	0.01125	0.00501	0.00438	0.00104	0.00443	0.04943	0.00327	0.61758
