[name]
unknown

[dist]
# distance from previous block
# <min> <max>
0	83

[block]
# block no. 0 follows, 49 sequences, length 81
# corresponding to MSA columns:
# 83-163
name=unknown_A
#
# <colnr> <probs for GDERKNQSTAVLIFYWHMCP>
#	G	D	E	R	K	N	Q	S	T	A	V	L	I	F	Y	W	H	M	C	P
0	0.00815	0.00582	0.00815	0.00931	0.01048	0.00582	0.00815	0.01048	0.01164	0.01513	0.02677	0.05704	0.02910	0.01397	0.00698	0.00233	0.00466	0.75671	0.00466	0.00466
1	0.04025	0.01257	0.01400	0.01082	0.01476	0.01345	0.00892	0.54383	0.05057	0.21698	0.01425	0.01354	0.00974	0.00611	0.00502	0.00154	0.00516	0.00468	0.00531	0.00850
2	0.01111	0.06402	0.68939	0.01389	0.02090	0.01250	0.01739	0.08315	0.01182	0.01722	0.00925	0.01068	0.00660	0.00489	0.00475	0.00157	0.00720	0.00376	0.00240	0.00753
3	0.01134	0.01080	0.01809	0.18486	0.56978	0.01117	0.01419	0.01427	0.01123	0.01555	0.01310	0.01591	0.07695	0.00535	0.00510	0.00156	0.00585	0.00505	0.00265	0.00720
4	0.01410	0.01560	0.01241	0.01252	0.08176	0.39071	0.00878	0.07475	0.01298	0.01426	0.01379	0.07179	0.06103	0.01350	0.17643	0.00288	0.00865	0.00520	0.00310	0.00575
5	0.00623	0.00460	0.00567	0.00648	0.00706	0.00421	0.00436	0.00712	0.00988	0.01280	0.03197	0.57939	0.19873	0.08665	0.00806	0.00223	0.00303	0.01294	0.00455	0.00405
6	0.01218	0.01167	0.01992	0.11906	0.70534	0.01193	0.01535	0.01523	0.01136	0.01611	0.00945	0.01262	0.00787	0.00457	0.00501	0.00152	0.00609	0.00450	0.00247	0.00774
7	0.00748	0.00528	0.00663	0.00622	0.00761	0.00477	0.00469	0.00964	0.01380	0.04590	0.62536	0.03907	0.18333	0.01065	0.00594	0.00161	0.00248	0.00929	0.00543	0.00481
8	0.85801	0.00978	0.00743	0.00665	0.00978	0.01134	0.00548	0.01486	0.00861	0.02269	0.00704	0.00821	0.00548	0.00469	0.00313	0.00156	0.00391	0.00274	0.00313	0.00548
9	0.01802	0.01105	0.01944	0.01426	0.01868	0.01018	0.32368	0.07000	0.01403	0.42302	0.01542	0.01541	0.01026	0.00542	0.00545	0.00162	0.00613	0.00542	0.00465	0.00787
10	0.00955	0.00899	0.01517	0.81013	0.03483	0.01123	0.01404	0.01292	0.01011	0.01292	0.00899	0.01348	0.00674	0.00506	0.00506	0.00169	0.00674	0.00449	0.00225	0.00562
11	0.00700	0.00516	0.00654	0.00620	0.00746	0.00471	0.00465	0.00924	0.01395	0.01941	0.69107	0.03921	0.14527	0.01066	0.00597	0.00161	0.00241	0.00935	0.00545	0.00471
12	0.01057	0.12628	0.69967	0.01369	0.02077	0.01278	0.01743	0.01590	0.01063	0.01550	0.00882	0.01035	0.00642	0.00474	0.00461	0.00154	0.00721	0.00361	0.00214	0.00735
13	0.00622	0.00469	0.00575	0.00642	0.00721	0.00423	0.00446	0.00738	0.01072	0.01393	0.11782	0.51268	0.25144	0.01437	0.00626	0.00190	0.00277	0.01274	0.00479	0.00423
14	0.01260	0.01065	0.01191	0.01131	0.06353	0.01191	0.00827	0.08967	0.56859	0.02154	0.08672	0.01923	0.01692	0.00683	0.00515	0.00164	0.00412	0.00574	0.00492	0.03873
15	0.69661	0.01088	0.05999	0.00931	0.07971	0.01119	0.00720	0.01480	0.00921	0.02162	0.03600	0.00984	0.00731	0.00489	0.00351	0.00156	0.00427	0.00319	0.00310	0.00581
16	0.01277	0.01277	0.01941	0.11108	0.64283	0.08195	0.01485	0.01566	0.01162	0.01578	0.00931	0.01232	0.00774	0.00463	0.00497	0.00150	0.00636	0.00439	0.00249	0.00757
17	0.14269	0.47799	0.15568	0.01066	0.01542	0.01650	0.08991	0.01536	0.01026	0.01471	0.00772	0.00915	0.00644	0.00446	0.00378	0.00131	0.00586	0.00323	0.00235	0.00654
18	0.00702	0.00532	0.00711	0.00737	0.00800	0.00540	0.00535	0.00853	0.01135	0.01575	0.32229	0.42974	0.03656	0.01304	0.00717	0.00189	0.07455	0.02423	0.00481	0.00450
19	0.00953	0.00911	0.01648	0.34377	0.07422	0.00978	0.19656	0.01230	0.01025	0.01358	0.01312	0.14211	0.01264	0.10504	0.00799	0.00212	0.00631	0.00675	0.00282	0.00552
20	0.82904	0.00974	0.00758	0.00673	0.00989	0.01121	0.00554	0.01520	0.00881	0.04944	0.00749	0.00853	0.00572	0.00475	0.00320	0.00156	0.00393	0.00282	0.00324	0.00558
21	0.01224	0.01192	0.08079	0.01049	0.01365	0.01204	0.00883	0.06087	0.61667	0.02078	0.03641	0.04993	0.01594	0.00718	0.00521	0.00172	0.00432	0.01843	0.00486	0.00771
22	0.00653	0.00514	0.00589	0.00570	0.00717	0.00450	0.00428	0.00833	0.01283	0.01676	0.39679	0.04356	0.44119	0.01165	0.00597	0.00165	0.00248	0.00996	0.00510	0.00450
23	0.02199	0.00893	0.01292	0.00980	0.01379	0.00778	0.05731	0.02409	0.01431	0.74352	0.01932	0.01698	0.01220	0.00613	0.00514	0.00157	0.00458	0.00514	0.00602	0.00849
24	0.00723	0.00540	0.00806	0.00806	0.00893	0.00628	0.00623	0.00898	0.00811	0.01169	0.01361	0.02022	0.01280	0.05915	0.78124	0.00804	0.01331	0.00547	0.00272	0.00448
25	0.00699	0.00516	0.00653	0.00619	0.00746	0.00470	0.00464	0.00923	0.01393	0.01937	0.68688	0.03927	0.14948	0.01068	0.00597	0.00161	0.00241	0.00935	0.00545	0.00470
26	0.85801	0.00978	0.00743	0.00665	0.00978	0.01134	0.00548	0.01486	0.00861	0.02269	0.00704	0.00821	0.00548	0.00469	0.00313	0.00156	0.00391	0.00274	0.00313	0.00548
27	0.00802	0.00573	0.00800	0.00916	0.01027	0.00571	0.00792	0.01025	0.01151	0.01499	0.02685	0.10672	0.02939	0.01409	0.00695	0.00231	0.00454	0.70831	0.00466	0.00462
28	0.01258	0.01086	0.01143	0.01029	0.01315	0.01258	0.00800	0.02687	0.78161	0.02115	0.02058	0.01887	0.01544	0.00686	0.00515	0.00172	0.00400	0.00572	0.00515	0.00800
29	0.16315	0.01312	0.01367	0.01072	0.01448	0.01465	0.00884	0.58790	0.04108	0.04787	0.01156	0.01174	0.00830	0.00592	0.00499	0.00155	0.02351	0.00428	0.00469	0.00798
30	0.00735	0.00490	0.00552	0.00552	0.00552	0.00490	0.00306	0.00735	0.00735	0.00980	0.01593	0.03309	0.01838	0.82229	0.02574	0.00490	0.00490	0.00735	0.00306	0.00306
31	0.02238	0.00910	0.01204	0.00923	0.01315	0.00816	0.00763	0.09105	0.01530	0.72667	0.01926	0.01676	0.01217	0.00624	0.00508	0.00156	0.00441	0.00504	0.00615	0.00861
32	0.00886	0.00612	0.00768	0.00703	0.00862	0.00594	0.00536	0.01274	0.11213	0.07085	0.64016	0.03402	0.04130	0.00963	0.00580	0.00160	0.00272	0.00844	0.00556	0.00543
33	0.85801	0.00978	0.00743	0.00665	0.00978	0.01134	0.00548	0.01486	0.00861	0.02269	0.00704	0.00821	0.00548	0.00469	0.00313	0.00156	0.00391	0.00274	0.00313	0.00548
34	0.01246	0.01216	0.02135	0.03018	0.72300	0.01208	0.08260	0.01558	0.01155	0.01649	0.00958	0.01262	0.00798	0.00448	0.00509	0.00152	0.00623	0.00464	0.00251	0.00790
35	0.00878	0.00439	0.00659	0.00659	0.00659	0.00439	0.00439	0.00659	0.00659	0.00878	0.00878	0.01537	0.00878	0.01757	0.01976	0.85288	0.00439	0.00439	0.00220	0.00220
36	0.00849	0.00547	0.00714	0.00655	0.00800	0.00499	0.00497	0.01079	0.01422	0.08862	0.69138	0.03637	0.07336	0.01007	0.00589	0.00159	0.00256	0.00884	0.00559	0.00509
37	0.85801	0.00978	0.00743	0.00665	0.00978	0.01134	0.00548	0.01486	0.00861	0.02269	0.00704	0.00821	0.00548	0.00469	0.00313	0.00156	0.00391	0.00274	0.00313	0.00548
38	0.00716	0.00517	0.00676	0.00636	0.00755	0.00477	0.00477	0.00954	0.01431	0.02028	0.78808	0.03777	0.04771	0.01034	0.00596	0.00159	0.00239	0.00914	0.00557	0.00477
39	0.00671	0.00515	0.00614	0.00589	0.00728	0.00458	0.00442	0.00867	0.01325	0.01776	0.50745	0.04192	0.32991	0.01128	0.00597	0.00164	0.00245	0.00973	0.00523	0.00458
40	0.00616	0.00440	0.00587	0.00704	0.00733	0.00411	0.00469	0.00704	0.00968	0.01291	0.02787	0.81899	0.03344	0.01584	0.00645	0.00205	0.00293	0.01438	0.00469	0.00411
41	0.01341	0.79960	0.05127	0.00884	0.01327	0.01974	0.00898	0.01517	0.01029	0.01203	0.00710	0.00819	0.00649	0.00434	0.00329	0.00110	0.00547	0.00274	0.00216	0.00652
42	0.01022	0.04536	0.77760	0.01427	0.02167	0.01194	0.01844	0.01599	0.01067	0.01592	0.00903	0.01061	0.00641	0.00479	0.00477	0.00159	0.00742	0.00371	0.00214	0.00745
43	0.01268	0.00892	0.01071	0.00776	0.01215	0.00687	0.00625	0.01488	0.01120	0.15651	0.01096	0.01170	0.00839	0.00420	0.00399	0.00090	0.00385	0.00337	0.00358	0.70114
44	0.01245	0.01219	0.02150	0.03002	0.71066	0.01210	0.09483	0.01559	0.01156	0.01649	0.00959	0.01263	0.00797	0.00448	0.00511	0.00152	0.00627	0.00466	0.00251	0.00789
45	0.85801	0.00978	0.00743	0.00665	0.00978	0.01134	0.00548	0.01486	0.00861	0.02269	0.00704	0.00821	0.00548	0.00469	0.00313	0.00156	0.00391	0.00274	0.00313	0.00548
46	0.01220	0.01170	0.01996	0.11267	0.71154	0.01193	0.01536	0.01525	0.01137	0.01614	0.00946	0.01262	0.00788	0.00456	0.00501	0.00152	0.00608	0.00450	0.00248	0.00776
47	0.01889	0.02410	0.01433	0.01303	0.01563	0.80199	0.00977	0.02019	0.01433	0.01238	0.00782	0.00912	0.00651	0.00521	0.00456	0.00130	0.00912	0.00326	0.00261	0.00586
48	0.01880	0.04746	0.01493	0.01254	0.01556	0.58406	0.00970	0.20479	0.01651	0.01714	0.00885	0.00983	0.00702	0.00539	0.00464	0.00135	0.00813	0.00356	0.00319	0.00655
49	0.85801	0.00978	0.00743	0.00665	0.00978	0.01134	0.00548	0.01486	0.00861	0.02269	0.00704	0.00821	0.00548	0.00469	0.00313	0.00156	0.00391	0.00274	0.00313	0.00548
50	0.01762	0.01330	0.01424	0.01125	0.01499	0.01482	0.00918	0.60758	0.17469	0.02947	0.03141	0.01406	0.01085	0.00632	0.00510	0.00156	0.00518	0.00489	0.00509	0.00839
51	0.00606	0.00513	0.00523	0.00521	0.00688	0.00430	0.00390	0.00741	0.01171	0.01410	0.10050	0.04794	0.73914	0.01264	0.00598	0.00170	0.00255	0.01057	0.00475	0.00430
52	0.01215	0.01184	0.02079	0.11181	0.64379	0.01200	0.08245	0.01531	0.01140	0.01611	0.00952	0.01272	0.00785	0.00454	0.00510	0.00154	0.00631	0.00463	0.00248	0.00765
53	0.85801	0.00978	0.00743	0.00665	0.00978	0.01134	0.00548	0.01486	0.00861	0.02269	0.00704	0.00821	0.00548	0.00469	0.00313	0.00156	0.00391	0.00274	0.00313	0.00548
54	0.01275	0.01424	0.02343	0.01769	0.02138	0.11381	0.46324	0.01720	0.09611	0.01558	0.01046	0.01321	0.00820	0.00544	0.00748	0.00174	0.14331	0.00534	0.00279	0.00661
55	0.01435	0.01225	0.02093	0.01563	0.01986	0.01224	0.38446	0.12514	0.17698	0.12003	0.03499	0.01565	0.01116	0.00549	0.00555	0.00166	0.00644	0.00569	0.00401	0.00749
56	0.00722	0.00542	0.00813	0.00813	0.00903	0.00632	0.00632	0.00903	0.00813	0.01174	0.01354	0.01987	0.01264	0.03792	0.80225	0.00813	0.01354	0.00542	0.00271	0.00451
57	0.00735	0.00490	0.00552	0.00552	0.00552	0.00490	0.00306	0.00735	0.00735	0.00980	0.01593	0.03309	0.01838	0.82229	0.02574	0.00490	0.00490	0.00735	0.00306	0.00306
58	0.01390	0.01658	0.21947	0.01469	0.01971	0.01341	0.21317	0.25923	0.13843	0.02193	0.01220	0.01323	0.00888	0.00539	0.00525	0.00162	0.00659	0.00490	0.00366	0.00774
59	0.00943	0.00471	0.00471	0.00471	0.00589	0.00471	0.00353	0.01178	0.01060	0.01885	0.01650	0.01885	0.01296	0.00589	0.00353	0.00118	0.00236	0.00471	0.85036	0.00471
60	0.07855	0.21769	0.32261	0.01117	0.01666	0.01291	0.04153	0.04130	0.01106	0.05360	0.00907	0.01030	0.00695	0.00460	0.00418	0.00133	0.00590	0.00346	0.00267	0.14446
61	0.01092	0.21073	0.61835	0.01308	0.01983	0.01365	0.01637	0.01581	0.01058	0.01506	0.00860	0.01008	0.00642	0.00469	0.00444	0.00148	0.00700	0.00350	0.00214	0.00725
62	0.01891	0.02362	0.01437	0.01296	0.01564	0.76366	0.00976	0.05693	0.01479	0.01333	0.00803	0.00927	0.00662	0.00525	0.00458	0.00131	0.00895	0.00332	0.00272	0.00600
63	0.00845	0.00588	0.00780	0.00751	0.00835	0.00688	0.00583	0.01026	0.00886	0.01405	0.01377	0.01910	0.01228	0.06455	0.39651	0.00490	0.11129	0.00516	0.28394	0.00463
64	0.85801	0.00978	0.00743	0.00665	0.00978	0.01134	0.00548	0.01486	0.00861	0.02269	0.00704	0.00821	0.00548	0.00469	0.00313	0.00156	0.00391	0.00274	0.00313	0.00548
65	0.00830	0.00605	0.00819	0.00906	0.01032	0.00611	0.00778	0.01134	0.05725	0.01604	0.10752	0.05274	0.03028	0.01316	0.00677	0.00221	0.00438	0.63285	0.00478	0.00487
66	0.00735	0.00490	0.00552	0.00552	0.00552	0.00490	0.00306	0.00735	0.00735	0.00980	0.01593	0.03309	0.01838	0.82229	0.02574	0.00490	0.00490	0.00735	0.00306	0.00306
67	0.00705	0.00516	0.00661	0.00625	0.00749	0.00473	0.00469	0.00934	0.01407	0.01969	0.72276	0.03874	0.11339	0.01056	0.00597	0.00160	0.00240	0.00928	0.00549	0.00473
68	0.00955	0.00899	0.01517	0.81013	0.03483	0.01123	0.01404	0.01292	0.01011	0.01292	0.00899	0.01348	0.00674	0.00506	0.00506	0.00169	0.00674	0.00449	0.00225	0.00562
69	0.01068	0.06221	0.01153	0.00757	0.01205	0.00761	0.00617	0.01289	0.01047	0.01618	0.00886	0.01033	0.00742	0.00378	0.00371	0.00077	0.00385	0.00298	0.00294	0.79799
70	0.01284	0.01099	0.01158	0.01034	0.01325	0.01270	0.00807	0.05588	0.75218	0.02157	0.02025	0.01861	0.01517	0.00683	0.00514	0.00171	0.00406	0.00567	0.00514	0.00803
71	0.01258	0.01369	0.02854	0.02046	0.02548	0.01304	0.70477	0.08336	0.01298	0.01759	0.01040	0.01351	0.00775	0.00442	0.00589	0.00169	0.00826	0.00584	0.00278	0.00698
72	0.00648	0.00450	0.00590	0.00693	0.00735	0.00423	0.00473	0.00757	0.01000	0.01368	0.05897	0.70953	0.03257	0.01490	0.00626	0.00199	0.00293	0.03742	0.05987	0.00419
73	0.00904	0.00796	0.01271	0.36776	0.14951	0.00881	0.01070	0.01184	0.01158	0.01570	0.23699	0.07424	0.03598	0.00749	0.00545	0.00166	0.00500	0.01846	0.00350	0.00563
74	0.00717	0.00525	0.00670	0.00678	0.00728	0.00531	0.00467	0.00833	0.01050	0.01453	0.28730	0.27020	0.03235	0.24393	0.01246	0.00272	0.05612	0.00990	0.00437	0.00413
75	0.00617	0.00478	0.00563	0.00615	0.00714	0.00424	0.00433	0.00736	0.01089	0.01389	0.10585	0.41714	0.36027	0.01404	0.00620	0.00186	0.00272	0.01231	0.00477	0.00424
76	0.07933	0.40260	0.14213	0.01012	0.01452	0.01525	0.05610	0.05535	0.05505	0.04101	0.02085	0.01115	0.00833	0.00492	0.00397	0.00133	0.00544	0.00364	0.06222	0.00670
77	0.07888	0.28814	0.12521	0.00888	0.01354	0.01232	0.00872	0.01505	0.01066	0.07566	0.02042	0.01045	0.00782	0.00446	0.00381	0.00112	0.00486	0.00323	0.00289	0.30388
78	0.04029	0.00958	0.01220	0.00940	0.01330	0.00896	0.00776	0.14689	0.03053	0.63794	0.01840	0.01622	0.01178	0.00621	0.00504	0.00156	0.00449	0.00496	0.00597	0.00852
79	0.36091	0.06254	0.01027	0.00722	0.01114	0.00951	0.00595	0.01377	0.00970	0.01875	0.00806	0.00939	0.00659	0.00418	0.00346	0.00111	0.00392	0.00287	0.00300	0.44769
80	0.21354	0.21630	0.04947	0.01053	0.01384	0.37828	0.00890	0.01739	0.01173	0.01483	0.00748	0.00876	0.00626	0.00492	0.00412	0.00134	0.02069	0.00304	0.00259	0.00599

[dist]
# distance from previous block
# <min> <max>
19	81

[block]
# block no. 1 follows, 49 sequences, length 6
# corresponding to MSA columns:
# 249-254
name=unknown_B
#
# <colnr> <probs for GDERKNQSTAVLIFYWHMCP>
#	G	D	E	R	K	N	Q	S	T	A	V	L	I	F	Y	W	H	M	C	P
0	0.07330	0.00920	0.00988	0.00926	0.01150	0.05584	0.00738	0.04087	0.21471	0.06774	0.01960	0.14958	0.01873	0.00936	0.00583	0.00179	0.03034	0.17919	0.00445	0.08145
1	0.01922	0.01416	0.01518	0.01163	0.01568	0.01568	0.00961	0.77388	0.02378	0.03187	0.01214	0.01214	0.00860	0.00607	0.00506	0.00152	0.00556	0.00455	0.00506	0.00860
2	0.00616	0.00440	0.00587	0.00704	0.00733	0.00411	0.00469	0.00704	0.00968	0.01291	0.02787	0.81899	0.03344	0.01584	0.00645	0.00205	0.00293	0.01438	0.00469	0.00411
3	0.01850	0.01630	0.01421	0.01170	0.01515	0.24746	0.00930	0.40396	0.11793	0.07626	0.01248	0.01246	0.00913	0.00593	0.00492	0.00148	0.00633	0.00436	0.00442	0.00771
4	0.20404	0.01165	0.01344	0.24686	0.02003	0.01339	0.01000	0.37882	0.01634	0.02421	0.01007	0.01166	0.00735	0.00546	0.00463	0.00158	0.00554	0.00413	0.00379	0.00702
5	0.01922	0.01416	0.01518	0.01163	0.01568	0.01568	0.00961	0.77388	0.02378	0.03187	0.01214	0.01214	0.00860	0.00607	0.00506	0.00152	0.00556	0.00455	0.00506	0.00860

[dist]
# distance from previous block
# <min> <max>
0	1

[block]
# block no. 2 follows, 49 sequences, length 12
# corresponding to MSA columns:
# 256-267
name=unknown_C
#
# <colnr> <probs for GDERKNQSTAVLIFYWHMCP>
#	G	D	E	R	K	N	Q	S	T	A	V	L	I	F	Y	W	H	M	C	P
0	0.01161	0.01211	0.02288	0.01715	0.02125	0.01199	0.50276	0.01826	0.21689	0.01724	0.01450	0.08415	0.01195	0.00595	0.00579	0.00174	0.00684	0.00662	0.00343	0.00690
1	0.01922	0.01416	0.01518	0.01163	0.01568	0.01568	0.00961	0.77388	0.02378	0.03187	0.01214	0.01214	0.00860	0.00607	0.00506	0.00152	0.00556	0.00455	0.00506	0.00860
2	0.00964	0.00700	0.00835	0.00827	0.00956	0.00719	0.00600	0.21143	0.01344	0.01796	0.02368	0.60393	0.02682	0.01324	0.00608	0.00191	0.00363	0.01176	0.00479	0.00530
3	0.00861	0.00630	0.00770	0.00796	0.00903	0.00638	0.00576	0.12902	0.04293	0.01669	0.06223	0.58750	0.02931	0.01359	0.00618	0.00195	0.00344	0.04557	0.00481	0.00503
4	0.85801	0.00978	0.00743	0.00665	0.00978	0.01134	0.00548	0.01486	0.00861	0.02269	0.00704	0.00821	0.00548	0.00469	0.00313	0.00156	0.00391	0.00274	0.00313	0.00548
5	0.01922	0.01416	0.01518	0.01163	0.01568	0.01568	0.00961	0.77388	0.02378	0.03187	0.01214	0.01214	0.00860	0.00607	0.00506	0.00152	0.00556	0.00455	0.00506	0.00860
6	0.01034	0.00979	0.01660	0.60247	0.23631	0.01144	0.01444	0.01361	0.01049	0.01388	0.00913	0.01322	0.00708	0.00491	0.00504	0.00164	0.00655	0.00450	0.00232	0.00626
7	0.01431	0.01172	0.01241	0.01064	0.01381	0.01339	0.00842	0.22161	0.58405	0.02395	0.01838	0.01711	0.01365	0.00665	0.00512	0.00166	0.00441	0.00541	0.00512	0.00816
8	0.01184	0.01337	0.02834	0.02047	0.02505	0.01307	0.69287	0.01578	0.01150	0.01578	0.00986	0.01337	0.00756	0.00474	0.00708	0.00176	0.09255	0.00581	0.00252	0.00669
9	0.00614	0.00447	0.00579	0.00685	0.00728	0.00412	0.00461	0.00706	0.00987	0.01298	0.03020	0.74221	0.10872	0.01554	0.00641	0.00202	0.00290	0.01401	0.00469	0.00412
10	0.01540	0.01130	0.01231	0.01042	0.01368	0.01259	0.00829	0.19361	0.51100	0.12549	0.01861	0.01714	0.01352	0.00660	0.00512	0.00165	0.00439	0.00537	0.00527	0.00822
11	0.05383	0.01234	0.01375	0.01108	0.01469	0.03244	0.04933	0.31767	0.30026	0.07530	0.01517	0.01470	0.01108	0.00608	0.00498	0.00156	0.00498	0.00490	0.00478	0.05109

[dist]
# distance from previous block
# <min> <max>
20	56

[block]
# block no. 3 follows, 49 sequences, length 41
# corresponding to MSA columns:
# 324-364
name=unknown_D
#
# <colnr> <probs for GDERKNQSTAVLIFYWHMCP>
#	G	D	E	R	K	N	Q	S	T	A	V	L	I	F	Y	W	H	M	C	P
0	0.18704	0.04594	0.01334	0.01080	0.01410	0.32622	0.00857	0.22511	0.01553	0.07312	0.00967	0.01031	0.00731	0.00534	0.00438	0.00141	0.00651	0.00361	0.00362	0.02807
1	0.31393	0.01137	0.07638	0.00837	0.01230	0.03271	0.00737	0.08195	0.01167	0.08590	0.05328	0.01190	0.00944	0.00500	0.00399	0.00131	0.00441	0.00363	0.00356	0.26152
2	0.03943	0.07183	0.01257	0.00893	0.01281	0.07947	0.00726	0.07912	0.08993	0.17392	0.03191	0.01313	0.01018	0.00512	0.00433	0.00119	0.00460	0.00396	0.00401	0.34630
3	0.14868	0.01555	0.24747	0.01047	0.01529	0.07674	0.01058	0.03378	0.01208	0.25993	0.01209	0.01220	0.00835	0.00517	0.00448	0.00145	0.00556	0.00388	0.00378	0.11246
4	0.01781	0.08565	0.01551	0.01114	0.01500	0.06038	0.00922	0.54285	0.10870	0.04505	0.01252	0.01246	0.00915	0.00591	0.00485	0.00147	0.00550	0.00443	0.00465	0.02776
5	0.03252	0.00877	0.01129	0.00973	0.01158	0.00971	0.00774	0.07856	0.03301	0.18266	0.03527	0.21402	0.01604	0.00921	0.00856	0.00180	0.23449	0.00703	0.00420	0.08380
6	0.01750	0.01384	0.01709	0.01325	0.01705	0.16570	0.19828	0.17084	0.03071	0.23855	0.01462	0.03688	0.02953	0.00596	0.00526	0.00156	0.00646	0.00525	0.00428	0.00738
7	0.07693	0.01226	0.01218	0.01044	0.01360	0.07172	0.00832	0.20845	0.40643	0.07061	0.01675	0.01698	0.01267	0.00660	0.00500	0.00164	0.00480	0.03204	0.00484	0.00772
8	0.08178	0.01375	0.01450	0.01123	0.01518	0.01528	0.00926	0.69862	0.04141	0.03092	0.01197	0.01201	0.00854	0.00599	0.00492	0.00153	0.00540	0.00445	0.00492	0.00835
9	0.01225	0.01175	0.02005	0.09975	0.72407	0.01195	0.01539	0.01529	0.01139	0.01620	0.00947	0.01260	0.00790	0.00455	0.00501	0.00152	0.00607	0.00450	0.00248	0.00780
10	0.00967	0.00899	0.01502	0.65291	0.11618	0.01075	0.01339	0.01291	0.01064	0.01397	0.07776	0.01552	0.01050	0.00546	0.00513	0.00166	0.00628	0.00491	0.00257	0.00581
11	0.02108	0.01165	0.08133	0.00994	0.01408	0.06668	0.00874	0.07244	0.01473	0.61847	0.01759	0.01571	0.01128	0.00604	0.00502	0.00155	0.00502	0.00480	0.00555	0.00830
12	0.01953	0.01367	0.01487	0.01140	0.01544	0.01495	0.00942	0.70780	0.02295	0.09911	0.01283	0.01259	0.00895	0.00609	0.00506	0.00152	0.00545	0.00460	0.00516	0.00860
13	0.00735	0.00490	0.00552	0.00552	0.00552	0.00490	0.00306	0.00735	0.00735	0.00980	0.01593	0.03309	0.01838	0.82229	0.02574	0.00490	0.00490	0.00735	0.00306	0.00306
14	0.00716	0.00517	0.00676	0.00636	0.00755	0.00477	0.00477	0.00954	0.01431	0.02028	0.78808	0.03777	0.04771	0.01034	0.00596	0.00159	0.00239	0.00914	0.00557	0.00477
15	0.01014	0.02616	0.79609	0.01441	0.02189	0.01174	0.01868	0.01601	0.01068	0.01601	0.00907	0.01068	0.00641	0.00480	0.00480	0.00160	0.00747	0.00374	0.00214	0.00747
16	0.01258	0.01086	0.01143	0.01029	0.01315	0.01258	0.00800	0.02687	0.78161	0.02115	0.02058	0.01887	0.01544	0.00686	0.00515	0.00172	0.00400	0.00572	0.00515	0.00800
17	0.85801	0.00978	0.00743	0.00665	0.00978	0.01134	0.00548	0.01486	0.00861	0.02269	0.00704	0.00821	0.00548	0.00469	0.00313	0.00156	0.00391	0.00274	0.00313	0.00548
18	0.00735	0.00490	0.00552	0.00552	0.00552	0.00490	0.00306	0.00735	0.00735	0.00980	0.01593	0.03309	0.01838	0.82229	0.02574	0.00490	0.00490	0.00735	0.00306	0.00306
19	0.00663	0.00475	0.00634	0.00712	0.00774	0.00446	0.00510	0.00804	0.01105	0.01499	0.21668	0.54041	0.03651	0.01427	0.00639	0.00197	0.00299	0.09533	0.00491	0.00433
20	0.01014	0.02616	0.79609	0.01441	0.02189	0.01174	0.01868	0.01601	0.01068	0.01601	0.00907	0.01068	0.00641	0.00480	0.00480	0.00160	0.00747	0.00374	0.00214	0.00747
21	0.00855	0.00736	0.00758	0.00714	0.00929	0.00750	0.00546	0.01490	0.31142	0.01658	0.03929	0.03706	0.48756	0.01049	0.00565	0.00171	0.00312	0.00874	0.00487	0.00572
22	0.00616	0.00440	0.00587	0.00704	0.00733	0.00411	0.00469	0.00704	0.00968	0.01291	0.02787	0.81899	0.03344	0.01584	0.00645	0.00205	0.00293	0.01438	0.00469	0.00411
23	0.01242	0.01192	0.02036	0.05513	0.76736	0.01199	0.01547	0.01544	0.01147	0.01641	0.00950	0.01255	0.00797	0.00452	0.00501	0.00151	0.00603	0.00451	0.00250	0.00794
24	0.01049	0.00899	0.01049	0.00749	0.01198	0.00674	0.00599	0.01273	0.01049	0.01648	0.00899	0.01049	0.00749	0.00374	0.00374	0.00075	0.00374	0.00300	0.00300	0.85320
25	0.01194	0.01364	0.02984	0.02131	0.02643	0.01279	0.77238	0.01620	0.01194	0.01620	0.01023	0.01364	0.00767	0.00426	0.00597	0.00171	0.00853	0.00597	0.00256	0.00682
26	0.00735	0.00490	0.00552	0.00552	0.00552	0.00490	0.00306	0.00735	0.00735	0.00980	0.01593	0.03309	0.01838	0.82229	0.02574	0.00490	0.00490	0.00735	0.00306	0.00306
27	0.01305	0.01185	0.01165	0.01050	0.01333	0.07161	0.00814	0.02637	0.72423	0.02050	0.01963	0.01814	0.01477	0.00674	0.00510	0.00168	0.00438	0.00553	0.00496	0.00784
28	0.01123	0.00943	0.01088	0.00784	0.01230	0.00750	0.00630	0.07722	0.01161	0.01778	0.00925	0.01063	0.00758	0.00394	0.00386	0.00081	0.00390	0.00313	0.00317	0.78164
29	0.34473	0.01160	0.01135	0.00929	0.01265	0.01298	0.00757	0.41141	0.01664	0.02664	0.01153	0.08098	0.00955	0.00639	0.00443	0.00158	0.00469	0.00470	0.00428	0.00699
30	0.01194	0.01364	0.02984	0.02131	0.02643	0.01279	0.77238	0.01620	0.01194	0.01620	0.01023	0.01364	0.00767	0.00426	0.00597	0.00171	0.00853	0.00597	0.00256	0.00682
31	0.01299	0.01047	0.01183	0.00868	0.01304	0.00930	0.00703	0.23097	0.01430	0.02089	0.00989	0.01096	0.00781	0.00441	0.00412	0.00097	0.00427	0.00344	0.00359	0.61104
32	0.00689	0.00516	0.00653	0.00737	0.00834	0.00487	0.00566	0.00861	0.02747	0.01397	0.03296	0.37546	0.21271	0.01433	0.00648	0.00205	0.00341	0.24863	0.00469	0.00440
33	0.01070	0.00872	0.01286	0.49782	0.02549	0.01015	0.01106	0.01543	0.13581	0.08327	0.01771	0.01958	0.11739	0.00653	0.00520	0.00168	0.00550	0.00560	0.00341	0.00608
34	0.01922	0.01416	0.01518	0.01163	0.01568	0.01568	0.00961	0.77388	0.02378	0.03187	0.01214	0.01214	0.00860	0.00607	0.00506	0.00152	0.00556	0.00455	0.00506	0.00860
35	0.01049	0.00899	0.01049	0.00749	0.01198	0.00674	0.00599	0.01273	0.01049	0.01648	0.00899	0.01049	0.00749	0.00374	0.00374	0.00075	0.00374	0.00300	0.00300	0.85320
36	0.01953	0.01367	0.01487	0.01140	0.01544	0.01495	0.00942	0.70780	0.02295	0.09911	0.01283	0.01259	0.00895	0.00609	0.00506	0.00152	0.00545	0.00460	0.00516	0.00860
37	0.00808	0.00599	0.00691	0.00619	0.00750	0.00532	0.00404	0.00881	0.00853	0.01202	0.01594	0.09655	0.03585	0.50481	0.01747	0.00342	0.00435	0.00685	0.00323	0.23814
38	0.03302	0.01030	0.01155	0.00989	0.01309	0.01120	0.00784	0.04776	0.52832	0.23846	0.01988	0.01799	0.01421	0.00662	0.00508	0.00166	0.00413	0.00544	0.00541	0.00814
39	0.01513	0.00948	0.01111	0.00912	0.01255	0.03152	0.00744	0.10188	0.09513	0.25293	0.01705	0.04310	0.01393	0.00702	0.00503	0.00147	0.00441	0.11833	0.00472	0.23864
40	0.02685	0.00994	0.01247	0.00964	0.01349	0.00924	0.07427	0.07277	0.19007	0.04286	0.03989	0.03980	0.01177	0.00539	0.00456	0.00122	0.00431	0.00464	0.00385	0.42297

[dist]
# distance from previous block
# <min> <max>
5	13

[block]
# block no. 4 follows, 49 sequences, length 146
# corresponding to MSA columns:
# 378-523
name=unknown_E
#
# <colnr> <probs for GDERKNQSTAVLIFYWHMCP>
#	G	D	E	R	K	N	Q	S	T	A	V	L	I	F	Y	W	H	M	C	P
0	0.01720	0.01183	0.04099	0.01117	0.01365	0.09358	0.00937	0.01968	0.05875	0.36687	0.01372	0.01411	0.00981	0.00703	0.00902	0.00177	0.28534	0.00466	0.00426	0.00718
1	0.00781	0.00504	0.00630	0.00673	0.00778	0.00451	0.00476	0.00896	0.01081	0.09183	0.06345	0.51327	0.22202	0.01390	0.00618	0.00190	0.00296	0.01230	0.00489	0.00463
2	0.00887	0.00611	0.00719	0.00767	0.00863	0.03940	0.00539	0.01071	0.05749	0.09719	0.02618	0.63390	0.04404	0.01375	0.00614	0.00194	0.00341	0.01230	0.00480	0.00491
3	0.01095	0.02055	0.45276	0.01750	0.02392	0.01221	0.35639	0.01610	0.01124	0.01610	0.00959	0.01200	0.00697	0.00456	0.00533	0.00165	0.00794	0.00474	0.00232	0.00718
4	0.01264	0.00822	0.01359	0.01117	0.01377	0.00765	0.18695	0.05352	0.01223	0.22484	0.02076	0.37151	0.02045	0.01003	0.00590	0.00181	0.00476	0.00938	0.00463	0.00619
5	0.01203	0.01338	0.02835	0.02286	0.14827	0.01266	0.65173	0.01609	0.01187	0.01625	0.01012	0.01346	0.00773	0.00430	0.00581	0.00167	0.00812	0.00573	0.00255	0.00701
6	0.01287	0.01245	0.02366	0.02597	0.44751	0.01205	0.31068	0.01631	0.01185	0.06108	0.01039	0.01322	0.00814	0.00451	0.00539	0.00158	0.00689	0.00511	0.00274	0.00758
7	0.01045	0.01710	0.36429	0.01287	0.01773	0.01098	0.10114	0.01783	0.23208	0.01707	0.01609	0.10764	0.03847	0.00687	0.00527	0.00170	0.00591	0.00602	0.00343	0.00706
8	0.01286	0.01106	0.01012	0.00894	0.01133	0.14193	0.00689	0.24302	0.01548	0.04915	0.02641	0.17559	0.24697	0.00980	0.00552	0.00164	0.00471	0.00805	0.00451	0.00599
9	0.01467	0.13928	0.43026	0.01182	0.01768	0.01159	0.01359	0.01865	0.01183	0.26491	0.01226	0.01239	0.00838	0.00520	0.00466	0.00151	0.00615	0.00402	0.00346	0.00769
10	0.01154	0.27103	0.52849	0.01253	0.01890	0.01444	0.01524	0.04614	0.01108	0.01539	0.00857	0.00995	0.00652	0.00471	0.00434	0.00144	0.00676	0.00345	0.00226	0.00722
11	0.00640	0.00459	0.00611	0.00711	0.00758	0.00430	0.00494	0.00754	0.01030	0.01379	0.10050	0.67268	0.04990	0.01512	0.00644	0.00202	0.00300	0.06870	0.00477	0.00421
12	0.01126	0.01196	0.02398	0.27108	0.13078	0.01220	0.43279	0.01507	0.01130	0.01521	0.00974	0.01344	0.00742	0.00454	0.00555	0.00167	0.00763	0.00531	0.00245	0.00660
13	0.06392	0.01159	0.01332	0.01497	0.20998	0.09971	0.00952	0.02019	0.22910	0.16680	0.01803	0.01840	0.07428	0.00646	0.00502	0.00159	0.00504	0.02050	0.00424	0.00736
14	0.01127	0.01253	0.02688	0.01983	0.03815	0.01176	0.66917	0.01512	0.01167	0.01582	0.01227	0.10741	0.01068	0.00562	0.00601	0.00174	0.00783	0.00692	0.00281	0.00653
15	0.01076	0.01130	0.00898	0.00875	0.01018	0.27203	0.00639	0.01231	0.01288	0.01526	0.28035	0.25454	0.05593	0.01030	0.00564	0.00163	0.00481	0.00874	0.00429	0.00493
16	0.08673	0.00968	0.01256	0.08326	0.09602	0.00988	0.00885	0.04981	0.17193	0.37578	0.01681	0.03172	0.01182	0.00615	0.00495	0.00161	0.00463	0.00507	0.00494	0.00780
17	0.01352	0.82533	0.02650	0.00865	0.01298	0.02001	0.00865	0.01514	0.01027	0.01190	0.00703	0.00811	0.00649	0.00433	0.00324	0.00108	0.00541	0.00270	0.00216	0.00649
18	0.00668	0.00456	0.00608	0.00706	0.00751	0.00424	0.00478	0.00767	0.01006	0.03564	0.06658	0.75604	0.03358	0.01529	0.00639	0.00202	0.00294	0.01384	0.00478	0.00427
19	0.06639	0.01345	0.01199	0.01052	0.01342	0.16717	0.00820	0.12872	0.41367	0.03511	0.06555	0.01655	0.01414	0.00651	0.00495	0.00159	0.00512	0.00510	0.00456	0.00732
20	0.01014	0.02616	0.79609	0.01441	0.02189	0.01174	0.01868	0.01601	0.01068	0.01601	0.00907	0.01068	0.00641	0.00480	0.00480	0.00160	0.00747	0.00374	0.00214	0.00747
21	0.01252	0.01201	0.02053	0.03104	0.79074	0.01201	0.01552	0.01552	0.01151	0.01652	0.00951	0.01252	0.00801	0.00451	0.00501	0.00150	0.00601	0.00451	0.00250	0.00801
22	0.00616	0.00440	0.00587	0.00704	0.00733	0.00411	0.00469	0.00704	0.00968	0.01291	0.02787	0.81899	0.03344	0.01584	0.00645	0.00205	0.00293	0.01438	0.00469	0.00411
23	0.01014	0.02616	0.79609	0.01441	0.02189	0.01174	0.01868	0.01601	0.01068	0.01601	0.00907	0.01068	0.00641	0.00480	0.00480	0.00160	0.00747	0.00374	0.00214	0.00747
24	0.01258	0.01086	0.01143	0.01029	0.01315	0.01258	0.00800	0.02687	0.78161	0.02115	0.02058	0.01887	0.01544	0.00686	0.00515	0.00172	0.00400	0.00572	0.00515	0.00800
25	0.00616	0.00440	0.00587	0.00704	0.00733	0.00411	0.00469	0.00704	0.00968	0.01291	0.02787	0.81899	0.03344	0.01584	0.00645	0.00205	0.00293	0.01438	0.00469	0.00411
26	0.01240	0.01189	0.02031	0.06229	0.76042	0.01198	0.01546	0.01541	0.01146	0.01638	0.00949	0.01255	0.00796	0.00453	0.00501	0.00151	0.00604	0.00451	0.00249	0.00791
27	0.01131	0.01254	0.02678	0.01941	0.02401	0.01175	0.67034	0.01528	0.01207	0.01635	0.06223	0.01793	0.03335	0.00529	0.00601	0.00172	0.00780	0.03642	0.00290	0.00653
28	0.00955	0.00899	0.01517	0.81013	0.03483	0.01123	0.01404	0.01292	0.01011	0.01292	0.00899	0.01348	0.00674	0.00506	0.00506	0.00169	0.00674	0.00449	0.00225	0.00562
29	0.00955	0.00899	0.01517	0.81013	0.03483	0.01123	0.01404	0.01292	0.01011	0.01292	0.00899	0.01348	0.00674	0.00506	0.00506	0.00169	0.00674	0.00449	0.00225	0.00562
30	0.01986	0.01712	0.01368	0.01156	0.01480	0.41531	0.02579	0.07197	0.04626	0.29434	0.01303	0.01272	0.00919	0.00569	0.00484	0.00144	0.00694	0.00416	0.00418	0.00714
31	0.01014	0.02616	0.79609	0.01441	0.02189	0.01174	0.01868	0.01601	0.01068	0.01601	0.00907	0.01068	0.00641	0.00480	0.00480	0.00160	0.00747	0.00374	0.00214	0.00747
32	0.01352	0.82533	0.02650	0.00865	0.01298	0.02001	0.00865	0.01514	0.01027	0.01190	0.00703	0.00811	0.00649	0.00433	0.00324	0.00108	0.00541	0.00270	0.00216	0.00649
33	0.01170	0.01118	0.01905	0.24596	0.58222	0.01180	0.01511	0.01480	0.01113	0.01553	0.00937	0.01278	0.00766	0.00466	0.00502	0.00155	0.00621	0.00450	0.00243	0.00735
34	0.01028	0.05914	0.76432	0.01417	0.02152	0.01208	0.01827	0.01598	0.01066	0.01584	0.00899	0.01057	0.00641	0.00478	0.00474	0.00158	0.00739	0.00369	0.00214	0.00743
35	0.00955	0.00899	0.01517	0.81013	0.03483	0.01123	0.01404	0.01292	0.01011	0.01292	0.00899	0.01348	0.00674	0.00506	0.00506	0.00169	0.00674	0.00449	0.00225	0.00562
36	0.00636	0.00452	0.00599	0.00709	0.00742	0.00426	0.00481	0.00728	0.00966	0.01286	0.02707	0.72264	0.03225	0.06506	0.00767	0.00225	0.00316	0.06097	0.00459	0.00408
37	0.00955	0.00899	0.01517	0.81013	0.03483	0.01123	0.01404	0.01292	0.01011	0.01292	0.00899	0.01348	0.00674	0.00506	0.00506	0.00169	0.00674	0.00449	0.00225	0.00562
38	0.01033	0.07025	0.75362	0.01409	0.02139	0.01220	0.01813	0.01597	0.01065	0.01579	0.00896	0.01053	0.00641	0.00478	0.00472	0.00157	0.00736	0.00368	0.00214	0.00742
39	0.00734	0.00495	0.00575	0.00575	0.00583	0.00503	0.00336	0.00750	0.00742	0.00998	0.01572	0.03191	0.01787	0.75197	0.09535	0.00519	0.00568	0.00718	0.00303	0.00319
40	0.01352	0.82533	0.02650	0.00865	0.01298	0.02001	0.00865	0.01514	0.01027	0.01190	0.00703	0.00811	0.00649	0.00433	0.00324	0.00108	0.00541	0.00270	0.00216	0.00649
41	0.01252	0.01201	0.02053	0.03104	0.79074	0.01201	0.01552	0.01552	0.01151	0.01652	0.00951	0.01252	0.00801	0.00451	0.00501	0.00150	0.00601	0.00451	0.00250	0.00801
42	0.00802	0.00573	0.00800	0.00916	0.01027	0.00571	0.00792	0.01025	0.01151	0.01498	0.02685	0.10793	0.02939	0.01409	0.00695	0.00231	0.00454	0.70712	0.00466	0.00462
43	0.01210	0.01152	0.01958	0.09118	0.69847	0.01169	0.01509	0.01510	0.01141	0.01618	0.01020	0.01448	0.00880	0.00495	0.00509	0.00155	0.00601	0.03634	0.00257	0.00768
44	0.00897	0.00767	0.00801	0.00753	0.00970	0.00800	0.00576	0.01609	0.35657	0.01715	0.05383	0.06227	0.39830	0.01019	0.00562	0.00172	0.00322	0.00855	0.00492	0.00595
45	0.01194	0.01364	0.02984	0.02131	0.02643	0.01279	0.77238	0.01620	0.01194	0.01620	0.01023	0.01364	0.00767	0.00426	0.00597	0.00171	0.00853	0.00597	0.00256	0.00682
46	0.00731	0.00507	0.00635	0.00635	0.00663	0.00535	0.00410	0.00789	0.00760	0.01042	0.01517	0.02888	0.01656	0.57262	0.27290	0.00593	0.00765	0.00674	0.00295	0.00353
47	0.01046	0.10045	0.72454	0.01388	0.02106	0.01251	0.01775	0.01593	0.01064	0.01563	0.00888	0.01044	0.00641	0.00476	0.00466	0.00155	0.00728	0.00364	0.00214	0.00738
48	0.01194	0.01364	0.02984	0.02131	0.02643	0.01279	0.77238	0.01620	0.01194	0.01620	0.01023	0.01364	0.00767	0.00426	0.00597	0.00171	0.00853	0.00597	0.00256	0.00682
49	0.00649	0.00478	0.00675	0.00764	0.00815	0.00450	0.02695	0.00759	0.00991	0.01319	0.02727	0.73160	0.03234	0.01535	0.00649	0.00207	0.00324	0.07683	0.00463	0.00423
50	0.01041	0.01094	0.02249	0.01655	0.02042	0.01024	0.52805	0.01408	0.01269	0.01750	0.25782	0.02132	0.02042	0.00620	0.00597	0.00167	0.00657	0.00698	0.00352	0.00617
51	0.01014	0.02616	0.79609	0.01441	0.02189	0.01174	0.01868	0.01601	0.01068	0.01601	0.00907	0.01068	0.00641	0.00480	0.00480	0.00160	0.00747	0.00374	0.00214	0.00747
52	0.00735	0.00490	0.00552	0.00552	0.00552	0.00490	0.00306	0.00735	0.00735	0.00980	0.01593	0.03309	0.01838	0.82229	0.02574	0.00490	0.00490	0.00735	0.00306	0.00306
53	0.01088	0.01034	0.01757	0.46105	0.37352	0.01158	0.01470	0.01408	0.01074	0.01453	0.00922	0.01305	0.00731	0.00481	0.00503	0.00160	0.00641	0.00450	0.00236	0.00669
54	0.01512	0.01198	0.01296	0.01076	0.01393	0.01359	0.00864	0.35538	0.36869	0.02548	0.06325	0.01674	0.01404	0.00680	0.00562	0.00164	0.03704	0.00536	0.00502	0.00797
55	0.01233	0.01183	0.02020	0.07870	0.74450	0.01197	0.01543	0.01536	0.01143	0.01630	0.00948	0.01257	0.00793	0.00454	0.00501	0.00151	0.00605	0.00450	0.00249	0.00786
56	0.00598	0.00512	0.00512	0.00512	0.00683	0.00427	0.00384	0.00726	0.01153	0.01366	0.05123	0.04866	0.78869	0.01281	0.00598	0.00171	0.00256	0.01067	0.00470	0.00427
57	0.00815	0.00582	0.00815	0.00931	0.01048	0.00582	0.00815	0.01048	0.01164	0.01513	0.02677	0.05704	0.02910	0.01397	0.00698	0.00233	0.00466	0.75671	0.00466	0.00466
58	0.03206	0.32600	0.06553	0.00931	0.01357	0.01314	0.00868	0.05752	0.02857	0.37740	0.01369	0.01292	0.00956	0.00540	0.00432	0.00138	0.00497	0.00403	0.00429	0.00765
59	0.02240	0.00906	0.01202	0.00921	0.01313	0.00811	0.00761	0.08581	0.01523	0.73200	0.01931	0.01680	0.01220	0.00624	0.00508	0.00156	0.00441	0.00504	0.00616	0.00861
60	0.01166	0.01282	0.02527	0.01875	0.02224	0.01365	0.53005	0.01492	0.01060	0.01492	0.00909	0.01282	0.00734	0.00572	0.00935	0.00187	0.26460	0.00548	0.00245	0.00641
61	0.02070	0.01181	0.01322	0.01033	0.01417	0.05947	0.00845	0.31695	0.04886	0.41779	0.01618	0.01480	0.01074	0.00615	0.00505	0.00154	0.00508	0.00479	0.00552	0.00841
62	0.01477	0.01240	0.01855	0.01400	0.01789	0.01282	0.26837	0.38692	0.01751	0.02376	0.01410	0.06326	0.03275	0.00637	0.00542	0.00161	0.00612	0.02039	0.05569	0.00729
63	0.00622	0.00444	0.00593	0.00711	0.00742	0.00416	0.00479	0.00714	0.00974	0.01297	0.02784	0.79719	0.03332	0.01579	0.00647	0.00206	0.00298	0.03561	0.00469	0.00412
64	0.01195	0.01359	0.02957	0.02159	0.04829	0.01277	0.75073	0.01618	0.01192	0.01621	0.01021	0.01361	0.00768	0.00427	0.00594	0.00170	0.00845	0.00593	0.00256	0.00685
65	0.01119	0.01066	0.01812	0.38012	0.45205	0.01167	0.01486	0.01435	0.01089	0.01491	0.00928	0.01295	0.00744	0.00475	0.00503	0.00158	0.00634	0.00450	0.00239	0.00694
66	0.01081	0.18397	0.64412	0.01328	0.02013	0.01338	0.01670	0.01584	0.01060	0.01520	0.00867	0.01017	0.00642	0.00471	0.00450	0.00150	0.00707	0.00353	0.00214	0.00728
67	0.00629	0.00451	0.00604	0.00703	0.00742	0.00425	0.00477	0.00733	0.00999	0.01346	0.08880	0.72183	0.03372	0.01633	0.04019	0.00227	0.00334	0.01357	0.00468	0.00418
68	0.01137	0.01274	0.02749	0.01992	0.02456	0.01194	0.69731	0.01530	0.01171	0.01588	0.01196	0.09240	0.01019	0.00539	0.00602	0.00174	0.00798	0.00679	0.00277	0.00655
69	0.00955	0.00899	0.01517	0.81013	0.03483	0.01123	0.01404	0.01292	0.01011	0.01292	0.00899	0.01348	0.00674	0.00506	0.00506	0.00169	0.00674	0.00449	0.00225	0.00562
70	0.02269	0.00861	0.01174	0.00900	0.01291	0.00743	0.00743	0.02464	0.01447	0.79425	0.01995	0.01721	0.01252	0.00626	0.00509	0.00156	0.00430	0.00509	0.00626	0.00861
71	0.01240	0.01189	0.02031	0.06229	0.76042	0.01198	0.01546	0.01541	0.01146	0.01638	0.00949	0.01255	0.00796	0.00453	0.00501	0.00151	0.00604	0.00451	0.00249	0.00791
72	0.01194	0.01364	0.02984	0.02131	0.02643	0.01279	0.77238	0.01620	0.01194	0.01620	0.01023	0.01364	0.00767	0.00426	0.00597	0.00171	0.00853	0.00597	0.00256	0.00682
73	0.01022	0.04426	0.77866	0.01428	0.02168	0.01193	0.01846	0.01599	0.01067	0.01592	0.00903	0.01062	0.00641	0.00479	0.00477	0.00159	0.00743	0.00371	0.00214	0.00745
74	0.01953	0.00931	0.01164	0.00940	0.01298	0.00904	0.00761	0.02534	0.25441	0.55244	0.02015	0.01773	0.01343	0.00645	0.00510	0.00161	0.00421	0.00528	0.00591	0.00842
75	0.01233	0.01183	0.02020	0.07870	0.74450	0.01197	0.01543	0.01536	0.01143	0.01630	0.00948	0.01257	0.00793	0.00454	0.00501	0.00151	0.00605	0.00450	0.00249	0.00786
76	0.01352	0.82533	0.02650	0.00865	0.01298	0.02001	0.00865	0.01514	0.01027	0.01190	0.00703	0.00811	0.00649	0.00433	0.00324	0.00108	0.00541	0.00270	0.00216	0.00649
77	0.02269	0.00861	0.01174	0.00900	0.01291	0.00743	0.00743	0.02464	0.01447	0.79425	0.01995	0.01721	0.01252	0.00626	0.00509	0.00156	0.00430	0.00509	0.00626	0.00861
78	0.00603	0.00511	0.00521	0.00522	0.00687	0.00429	0.00390	0.00736	0.01162	0.01395	0.08471	0.06339	0.73963	0.01275	0.00599	0.00171	0.00256	0.01067	0.00474	0.00429
79	0.01014	0.02616	0.79609	0.01441	0.02189	0.01174	0.01868	0.01601	0.01068	0.01601	0.00907	0.01068	0.00641	0.00480	0.00480	0.00160	0.00747	0.00374	0.00214	0.00747
80	0.02192	0.00968	0.05972	0.00933	0.01346	0.00770	0.00812	0.02412	0.01424	0.74663	0.01928	0.01681	0.01214	0.00617	0.00507	0.00157	0.00450	0.00500	0.00601	0.00854
81	0.01109	0.01056	0.01795	0.40579	0.42714	0.01164	0.01481	0.01427	0.01084	0.01479	0.00926	0.01298	0.00740	0.00477	0.00503	0.00159	0.00636	0.00450	0.00238	0.00686
82	0.01192	0.30089	0.45570	0.01293	0.04559	0.06295	0.01457	0.01595	0.01079	0.01439	0.00831	0.00976	0.00650	0.00465	0.00426	0.00140	0.00681	0.00338	0.00219	0.00705
83	0.00927	0.00899	0.01661	0.37388	0.02497	0.00970	0.21831	0.01220	0.01049	0.01381	0.01453	0.23528	0.01435	0.00781	0.00569	0.00179	0.00618	0.00762	0.00301	0.00553
84	0.01106	0.01106	0.01549	0.01328	0.01328	0.01549	0.01106	0.01217	0.00774	0.01217	0.00664	0.01106	0.00664	0.00885	0.01659	0.00221	0.81303	0.00443	0.00221	0.00553
85	0.02044	0.00995	0.01271	0.00977	0.01361	0.00949	0.02954	0.21429	0.01659	0.52827	0.01966	0.01781	0.06058	0.00657	0.00516	0.00157	0.00463	0.00533	0.00575	0.00828
86	0.01113	0.01925	0.37316	0.01822	0.02439	0.01232	0.43468	0.01612	0.01137	0.01612	0.00971	0.01231	0.00710	0.00451	0.00545	0.00166	0.00805	0.00497	0.00237	0.00711
87	0.01014	0.02616	0.79609	0.01441	0.02189	0.01174	0.01868	0.01601	0.01068	0.01601	0.00907	0.01068	0.00641	0.00480	0.00480	0.00160	0.00747	0.00374	0.00214	0.00747
88	0.00815	0.00582	0.00815	0.00931	0.01048	0.00582	0.00815	0.01048	0.01164	0.01513	0.02677	0.05704	0.02910	0.01397	0.00698	0.00233	0.00466	0.75671	0.00466	0.00466
89	0.02171	0.01017	0.01270	0.00974	0.01369	0.00976	0.00805	0.23578	0.01709	0.57941	0.01775	0.01578	0.01141	0.00621	0.00508	0.00155	0.00466	0.00494	0.00592	0.00860
90	0.01079	0.17999	0.64795	0.01330	0.02017	0.01333	0.01675	0.01585	0.01060	0.01522	0.00868	0.01018	0.00642	0.00471	0.00450	0.00150	0.00708	0.00354	0.00214	0.00728
91	0.00616	0.00440	0.00587	0.00704	0.00733	0.00411	0.00469	0.00704	0.00968	0.01291	0.02787	0.81899	0.03344	0.01584	0.00645	0.00205	0.00293	0.01438	0.00469	0.00411
92	0.02119	0.01101	0.01322	0.01014	0.01411	0.01100	0.00837	0.34845	0.01849	0.46476	0.01657	0.01502	0.01082	0.00618	0.00507	0.00154	0.00485	0.00486	0.00574	0.00860
93	0.01201	0.46725	0.37132	0.01123	0.01697	0.01631	0.01315	0.01553	0.01045	0.01374	0.00795	0.00926	0.00645	0.00454	0.00394	0.00131	0.00633	0.00317	0.00215	0.00693
94	0.01890	0.02375	0.01436	0.01298	0.01563	0.77457	0.00976	0.04647	0.01466	0.01306	0.00797	0.00922	0.00659	0.00524	0.00458	0.00131	0.00900	0.00330	0.00269	0.00596
95	0.00716	0.00517	0.00676	0.00636	0.00755	0.00477	0.00477	0.00954	0.01431	0.02028	0.78808	0.03777	0.04771	0.01034	0.00596	0.00159	0.00239	0.00914	0.00557	0.00477
96	0.01014	0.02616	0.79609	0.01441	0.02189	0.01174	0.01868	0.01601	0.01068	0.01601	0.00907	0.01068	0.00641	0.00480	0.00480	0.00160	0.00747	0.00374	0.00214	0.00747
