[name]
unknown

[dist]
# distance from previous block
# <min> <max>
2	30

[block]
# block no. 0 follows, 47 sequences, length 23
# corresponding to MSA columns:
# 31-53
name=unknown_A
#
# <colnr> <probs for GDERKNQSTAVLIFYWHMCP>
#	G	D	E	R	K	N	Q	S	T	A	V	L	I	F	Y	W	H	M	C	P
0	0.05026	0.01158	0.05766	0.01411	0.15001	0.01135	0.01003	0.08399	0.23876	0.19836	0.07062	0.01740	0.01428	0.00656	0.00572	0.00167	0.03961	0.00537	0.00471	0.00795
1	0.04025	0.01123	0.01246	0.06937	0.04576	0.03387	0.00877	0.08541	0.44547	0.05454	0.04285	0.01728	0.01394	0.00642	0.00508	0.00161	0.00462	0.00529	0.00467	0.09109
2	0.09708	0.02049	0.49197	0.01221	0.01857	0.01101	0.01435	0.04812	0.01132	0.01802	0.00925	0.01075	0.00686	0.00473	0.00452	0.00143	0.00633	0.00360	0.00264	0.20673
3	0.01566	0.01253	0.01330	0.01115	0.01457	0.01422	0.00890	0.32054	0.47781	0.02616	0.01775	0.01669	0.01311	0.00674	0.00526	0.00169	0.00476	0.00541	0.00526	0.00849
4	0.00615	0.00528	0.00528	0.00528	0.00703	0.00440	0.00396	0.00747	0.01187	0.01407	0.05276	0.05012	0.78238	0.01319	0.00615	0.00176	0.00264	0.01099	0.00484	0.00440
5	0.01229	0.01405	0.03073	0.02195	0.02722	0.01317	0.76558	0.01668	0.01229	0.01668	0.01054	0.01405	0.00790	0.00439	0.00615	0.00176	0.00878	0.00615	0.00263	0.00702
6	0.01273	0.54770	0.28924	0.01095	0.01652	0.01768	0.01246	0.01590	0.01072	0.01371	0.00796	0.00926	0.00665	0.00462	0.00389	0.00130	0.00630	0.00315	0.00222	0.00703
7	0.00615	0.00528	0.00528	0.00528	0.00703	0.00440	0.00396	0.00747	0.01187	0.01407	0.05276	0.05012	0.78238	0.01319	0.00615	0.00176	0.00264	0.01099	0.00484	0.00440
8	0.02336	0.00886	0.01209	0.00927	0.01329	0.00765	0.00765	0.02538	0.01491	0.78810	0.02055	0.01773	0.01289	0.00645	0.00524	0.00161	0.00443	0.00524	0.00645	0.00886
9	0.33075	0.00713	0.00690	0.00670	0.00861	0.00758	0.00518	0.01107	0.01017	0.01774	0.08985	0.06794	0.18834	0.09212	0.07325	0.00264	0.00452	0.06071	0.00396	0.00484
10	0.01176	0.01122	0.01910	0.31680	0.50847	0.01208	0.01542	0.01500	0.01133	0.01565	0.00960	0.01326	0.00777	0.00485	0.00517	0.00162	0.00647	0.00464	0.00248	0.00734
11	0.00634	0.00453	0.00604	0.00725	0.00755	0.00423	0.00483	0.00725	0.00997	0.01329	0.02870	0.81358	0.03444	0.01632	0.00665	0.00211	0.00302	0.01480	0.00483	0.00423
12	0.01629	0.00763	0.01016	0.00856	0.01136	0.00695	0.00697	0.05081	0.01491	0.41650	0.26296	0.02927	0.02634	0.00875	0.00576	0.00171	0.00390	0.09811	0.00596	0.00711
13	0.01074	0.01921	0.44654	0.01325	0.04266	0.01138	0.01422	0.01853	0.22911	0.01763	0.01513	0.11221	0.01273	0.00694	0.00526	0.00174	0.00605	0.00580	0.00342	0.00744
14	0.01045	0.02694	0.79000	0.01484	0.02254	0.01209	0.01924	0.01649	0.01099	0.01649	0.00935	0.01099	0.00660	0.00495	0.00495	0.00165	0.00770	0.00385	0.00220	0.00770
15	0.01225	0.01393	0.03007	0.02158	0.02661	0.01329	0.73196	0.01650	0.01210	0.01650	0.01037	0.01393	0.00785	0.00460	0.00663	0.00178	0.04439	0.00607	0.00262	0.00696
16	0.01018	0.01205	0.09412	0.03096	0.01622	0.10512	0.20896	0.01275	0.01144	0.01462	0.01885	0.34790	0.02021	0.01026	0.00611	0.00189	0.00603	0.06306	0.00366	0.00562
17	0.01171	0.01114	0.01812	0.39008	0.30057	0.03085	0.05900	0.05252	0.01203	0.01611	0.04100	0.01437	0.00927	0.00523	0.00527	0.00165	0.00660	0.00489	0.00272	0.00687
18	0.01269	0.01396	0.01315	0.01184	0.01396	0.29792	0.10809	0.01554	0.08336	0.01436	0.01769	0.29053	0.01848	0.02646	0.00617	0.00182	0.00635	0.03826	0.00376	0.00564
19	0.00991	0.11278	0.26244	0.31468	0.02387	0.01154	0.01361	0.01353	0.01054	0.01419	0.01248	0.15371	0.01166	0.00700	0.00515	0.00170	0.00632	0.00595	0.00271	0.00623
20	0.01398	0.01327	0.02311	0.03908	0.11612	0.01340	0.38328	0.20437	0.06697	0.02088	0.01236	0.04631	0.00978	0.00557	0.00573	0.00170	0.00710	0.00589	0.00353	0.00757
21	0.00951	0.00730	0.01002	0.13008	0.01396	0.00764	0.03835	0.07790	0.04087	0.04551	0.08938	0.32087	0.11725	0.01113	0.00625	0.00185	0.02533	0.00978	0.03156	0.00545
22	0.00876	0.04556	0.41702	0.01128	0.01560	0.00893	0.01252	0.01239	0.01053	0.01493	0.01780	0.36470	0.01888	0.00994	0.00564	0.00184	0.00556	0.00864	0.00336	0.00613

[dist]
# distance from previous block
# <min> <max>
1	4

[block]
# block no. 1 follows, 47 sequences, length 29
# corresponding to MSA columns:
# 58-86
name=unknown_B
#
# <colnr> <probs for GDERKNQSTAVLIFYWHMCP>
#	G	D	E	R	K	N	Q	S	T	A	V	L	I	F	Y	W	H	M	C	P
0	0.39717	0.00916	0.00921	0.00835	0.01121	0.00995	0.00691	0.05327	0.08568	0.13513	0.05398	0.02268	0.01492	0.00756	0.00476	0.00178	0.00425	0.15325	0.00444	0.00632
1	0.01126	0.00956	0.01104	0.00803	0.01255	0.00762	0.00643	0.04263	0.05277	0.01783	0.01003	0.01133	0.00820	0.00412	0.00399	0.00086	0.00394	0.00330	0.00329	0.77124
2	0.01314	0.01190	0.01736	0.08793	0.42714	0.01275	0.01301	0.07173	0.25198	0.01930	0.01351	0.01500	0.01058	0.00556	0.00521	0.00163	0.00557	0.00503	0.00359	0.00808
3	0.01045	0.02694	0.79000	0.01484	0.02254	0.01209	0.01924	0.01649	0.01099	0.01649	0.00935	0.01099	0.00660	0.00495	0.00495	0.00165	0.00770	0.00385	0.00220	0.00770
4	0.01009	0.00937	0.01572	0.71164	0.09826	0.01141	0.01422	0.01349	0.01055	0.01383	0.00957	0.01399	0.00727	0.00519	0.00515	0.00170	0.00672	0.00464	0.03123	0.00596
5	0.01295	0.01119	0.01178	0.01060	0.01354	0.01295	0.00824	0.02767	0.77509	0.02178	0.02120	0.01943	0.01590	0.00707	0.00530	0.00177	0.00412	0.00589	0.00530	0.00824
6	0.00696	0.00534	0.00641	0.00662	0.00778	0.00494	0.00478	0.00918	0.05038	0.01643	0.28218	0.29907	0.25462	0.01309	0.00627	0.00184	0.00278	0.01149	0.00515	0.00470
7	0.00727	0.00492	0.00577	0.00607	0.00614	0.00485	0.00357	0.00749	0.00817	0.01089	0.01946	0.22750	0.02278	0.61831	0.02158	0.00432	0.00455	0.00937	0.00357	0.00342
8	0.00725	0.00533	0.00676	0.00647	0.00773	0.00489	0.00486	0.00950	0.01410	0.01954	0.64125	0.04095	0.14493	0.03012	0.00666	0.00176	0.00262	0.03497	0.00552	0.00480
9	0.00634	0.00453	0.00604	0.00725	0.00755	0.00423	0.00483	0.00725	0.00997	0.01329	0.02870	0.81358	0.03444	0.01632	0.00665	0.00211	0.00302	0.01480	0.00483	0.00423
10	0.85377	0.01007	0.00765	0.00685	0.01007	0.01168	0.00564	0.01531	0.00886	0.02336	0.00725	0.00846	0.00564	0.00483	0.00322	0.00161	0.00403	0.00282	0.00322	0.00564
11	0.01980	0.01459	0.01563	0.01198	0.01615	0.01615	0.00990	0.76713	0.02448	0.03282	0.01250	0.01250	0.00886	0.00625	0.00521	0.00156	0.00573	0.00469	0.00521	0.00886
12	0.01259	0.01207	0.02059	0.10805	0.71076	0.01229	0.01583	0.01572	0.01172	0.01665	0.00974	0.01299	0.00812	0.00470	0.00516	0.00157	0.00626	0.00464	0.00255	0.00801
13	0.49292	0.00868	0.00704	0.00644	0.00892	0.03230	0.00514	0.03447	0.01022	0.02184	0.01104	0.01267	0.00862	0.00535	0.00347	0.00145	0.00364	0.00364	0.31670	0.00545
14	0.01063	0.00604	0.00801	0.00710	0.00890	0.00547	0.00547	0.01300	0.01477	0.17727	0.62659	0.03458	0.04175	0.00979	0.00596	0.00163	0.00286	0.00857	0.00588	0.00572
15	0.85377	0.01007	0.00765	0.00685	0.01007	0.01168	0.00564	0.01531	0.00886	0.02336	0.00725	0.00846	0.00564	0.00483	0.00322	0.00161	0.00403	0.00282	0.00322	0.00564
16	0.01289	0.01237	0.02114	0.03196	0.78450	0.01237	0.01598	0.01598	0.01186	0.01701	0.00980	0.01289	0.00825	0.00464	0.00516	0.00155	0.00619	0.00464	0.00258	0.00825
17	0.01733	0.01336	0.01424	0.01148	0.01521	0.01500	0.00930	0.50061	0.29502	0.02884	0.01564	0.01500	0.01139	0.00654	0.00524	0.00164	0.00515	0.00512	0.00524	0.00864
18	0.01289	0.01098	0.01168	0.01052	0.01340	0.01263	0.00823	0.05198	0.70434	0.02192	0.03829	0.02107	0.01692	0.00739	0.00538	0.00178	0.00416	0.03309	0.00529	0.00806
19	0.01565	0.00708	0.00963	0.00858	0.01104	0.00634	0.00683	0.01749	0.01329	0.42040	0.09404	0.21722	0.02387	0.01034	0.00594	0.00185	0.00396	0.11388	0.00576	0.00680
20	0.00618	0.00516	0.00539	0.00557	0.00711	0.00437	0.00409	0.00744	0.01158	0.01395	0.04911	0.16577	0.66908	0.01366	0.00623	0.00181	0.00270	0.01157	0.00484	0.00437
21	0.01857	0.02241	0.01486	0.01329	0.01572	0.65390	0.01016	0.04264	0.01421	0.03438	0.00837	0.00996	0.00696	0.00589	0.00627	0.00147	0.10837	0.00360	0.00281	0.00616
22	0.01314	0.01298	0.01800	0.25415	0.39454	0.10406	0.01412	0.05747	0.05056	0.01653	0.01015	0.01308	0.00810	0.00510	0.00513	0.00159	0.00666	0.00455	0.00279	0.00730
23	0.00757	0.00507	0.00577	0.00577	0.00580	0.00510	0.00326	0.00763	0.00760	0.01016	0.01633	0.03364	0.01874	0.79187	0.05136	0.00516	0.00534	0.00751	0.00314	0.00320
24	0.00708	0.00484	0.00582	0.00631	0.00643	0.00472	0.00382	0.00744	0.00853	0.01137	0.02130	0.34453	0.02511	0.49811	0.01860	0.00388	0.00424	0.01045	0.00382	0.00358
25	0.01361	0.74870	0.09596	0.00944	0.01419	0.01984	0.00984	0.01567	0.01062	0.01263	0.00743	0.00859	0.00668	0.00450	0.00349	0.00116	0.00576	0.00288	0.00223	0.00677
26	0.01000	0.00943	0.01592	0.76257	0.07646	0.01161	0.01454	0.01345	0.01049	0.01351	0.00929	0.01383	0.00701	0.00518	0.00520	0.00173	0.00690	0.00463	0.00233	0.00592
27	0.01300	0.31336	0.40357	0.01244	0.01830	0.09708	0.01419	0.04521	0.01175	0.01519	0.00857	0.00993	0.00673	0.00486	0.00435	0.00142	0.00703	0.00344	0.00237	0.00720
28	0.01211	0.40706	0.42448	0.01200	0.01814	0.01617	0.01429	0.01606	0.01080	0.01446	0.00834	0.00973	0.00664	0.00471	0.00418	0.00139	0.00668	0.00334	0.00221	0.00721

[dist]
# distance from previous block
# <min> <max>
3	5

[block]
# block no. 2 follows, 47 sequences, length 13
# corresponding to MSA columns:
# 93-105
name=unknown_C
#
# <colnr> <probs for GDERKNQSTAVLIFYWHMCP>
#	G	D	E	R	K	N	Q	S	T	A	V	L	I	F	Y	W	H	M	C	P
0	0.01092	0.00936	0.01085	0.00787	0.01241	0.00728	0.00629	0.01393	0.05362	0.01724	0.00993	0.01128	0.00817	0.00404	0.00394	0.00083	0.00387	0.00324	0.00321	0.80172
1	0.01295	0.01119	0.01178	0.01060	0.01354	0.01295	0.00824	0.02767	0.77509	0.02178	0.02120	0.01943	0.01590	0.00707	0.00530	0.00177	0.00412	0.00589	0.00530	0.00824
2	0.00653	0.00466	0.00625	0.00746	0.00784	0.00439	0.00515	0.00756	0.01015	0.01350	0.02860	0.74666	0.03405	0.01614	0.00670	0.00214	0.00318	0.07994	0.00483	0.00428
3	0.02336	0.00886	0.01209	0.00927	0.01329	0.00765	0.00765	0.02538	0.01491	0.78810	0.02055	0.01773	0.01289	0.00645	0.00524	0.00161	0.00443	0.00524	0.00645	0.00886
4	0.00633	0.00460	0.00597	0.00707	0.00750	0.00425	0.00475	0.00727	0.01015	0.01337	0.03096	0.74208	0.10449	0.01602	0.00660	0.00208	0.00299	0.01445	0.00483	0.00425
5	0.01065	0.07360	0.74513	0.01449	0.02200	0.01260	0.01863	0.01644	0.01097	0.01624	0.00922	0.01084	0.00660	0.00492	0.00485	0.00162	0.00757	0.00379	0.00220	0.00764
6	0.00744	0.00558	0.00837	0.00837	0.00930	0.00651	0.00651	0.00930	0.00837	0.01209	0.01395	0.02046	0.01302	0.03906	0.79635	0.00837	0.01395	0.00558	0.00279	0.00465
7	0.01980	0.01459	0.01563	0.01198	0.01615	0.01615	0.00990	0.76713	0.02448	0.03282	0.01250	0.01250	0.00886	0.00625	0.00521	0.00156	0.00573	0.00469	0.00521	0.00886
8	0.00751	0.00530	0.00698	0.00698	0.00742	0.00575	0.00477	0.00840	0.00796	0.01106	0.01522	0.02752	0.01608	0.44211	0.39748	0.00665	0.00934	0.00661	0.00298	0.00388
9	0.57197	0.00952	0.00895	0.00756	0.01095	0.01021	0.00621	0.01811	0.01090	0.25221	0.04160	0.01243	0.00952	0.00554	0.00394	0.00161	0.00409	0.00380	0.00429	0.00658
10	0.01012	0.00955	0.01614	0.73212	0.10598	0.01165	0.01460	0.01356	0.01055	0.01365	0.00931	0.01379	0.00706	0.00515	0.00520	0.00172	0.00687	0.00463	0.00234	0.00602
11	0.01050	0.00993	0.01681	0.63732	0.19784	0.01174	0.01479	0.01388	0.01073	0.01411	0.00937	0.01367	0.00722	0.00508	0.00520	0.00169	0.00678	0.00463	0.00237	0.00632
12	0.01087	0.00920	0.00992	0.00929	0.01171	0.01018	0.00726	0.02111	0.51264	0.01945	0.05000	0.05589	0.15988	0.00932	0.00571	0.00183	0.00383	0.07978	0.00516	0.00697

[dist]
# distance from previous block
# <min> <max>
2	6

[block]
# block no. 3 follows, 47 sequences, length 16
# corresponding to MSA columns:
# 112-127
name=unknown_D
#
# <colnr> <probs for GDERKNQSTAVLIFYWHMCP>
#	G	D	E	R	K	N	Q	S	T	A	V	L	I	F	Y	W	H	M	C	P
0	0.01567	0.01067	0.01438	0.14857	0.18355	0.05098	0.01063	0.05817	0.09425	0.25180	0.06843	0.04275	0.01389	0.00646	0.00530	0.00164	0.00534	0.00555	0.00443	0.00757
1	0.03741	0.01351	0.02425	0.01778	0.02239	0.01353	0.47444	0.17310	0.07047	0.05917	0.01203	0.01408	0.00884	0.00521	0.00606	0.00172	0.02928	0.00565	0.00356	0.00751
2	0.01382	0.01112	0.01734	0.02285	0.48746	0.01038	0.01241	0.01657	0.01202	0.12359	0.01115	0.01304	0.00876	0.00470	0.00485	0.00136	0.00537	0.00434	0.00324	0.21564
3	0.01305	0.01506	0.02289	0.01750	0.02135	0.19767	0.45691	0.01619	0.01238	0.01509	0.01206	0.09640	0.01071	0.00816	0.05821	0.00213	0.00867	0.00634	0.00288	0.00634
4	0.00679	0.00530	0.00616	0.00594	0.00742	0.00467	0.00446	0.00870	0.01337	0.01763	0.43406	0.04425	0.39885	0.01186	0.00615	0.00170	0.00254	0.01017	0.00530	0.00467
5	0.09602	0.00555	0.00622	0.00674	0.00791	0.00560	0.00517	0.01064	0.01067	0.01711	0.02253	0.25894	0.04310	0.01082	0.00527	0.00177	0.00326	0.15950	0.31845	0.00473
6	0.01836	0.02300	0.01492	0.01345	0.01577	0.69023	0.01024	0.01967	0.01384	0.01272	0.00788	0.00966	0.00673	0.00587	0.00638	0.00147	0.11767	0.00352	0.00263	0.00599
7	0.00716	0.00536	0.00667	0.00646	0.00781	0.00487	0.00493	0.00935	0.01390	0.01897	0.56500	0.04278	0.21562	0.01148	0.00621	0.00172	0.00265	0.05881	0.00547	0.00479
8	0.00905	0.00452	0.00678	0.00678	0.00678	0.00452	0.00452	0.00678	0.00678	0.00905	0.00905	0.01583	0.00905	0.01809	0.02035	0.84848	0.00452	0.00452	0.00226	0.00226
9	0.01045	0.02694	0.79000	0.01484	0.02254	0.01209	0.01924	0.01649	0.01099	0.01649	0.00935	0.01099	0.00660	0.00495	0.00495	0.00165	0.00770	0.00385	0.00220	0.00770
10	0.00634	0.00453	0.00604	0.00725	0.00755	0.00423	0.00483	0.00725	0.00997	0.01329	0.02870	0.81358	0.03444	0.01632	0.00665	0.00211	0.00302	0.01480	0.00483	0.00423
11	0.85377	0.01007	0.00765	0.00685	0.01007	0.01168	0.00564	0.01531	0.00886	0.02336	0.00725	0.00846	0.00564	0.00483	0.00322	0.00161	0.00403	0.00282	0.00322	0.00564
12	0.02017	0.01398	0.01525	0.01169	0.01585	0.01525	0.00966	0.68864	0.02347	0.11274	0.01335	0.01306	0.00928	0.00627	0.00521	0.00157	0.00559	0.00475	0.00534	0.00886
13	0.00634	0.00453	0.00604	0.00725	0.00755	0.00423	0.00483	0.00725	0.00997	0.01329	0.02870	0.81358	0.03444	0.01632	0.00665	0.00211	0.00302	0.01480	0.00483	0.00423
14	0.01585	0.39638	0.11413	0.01001	0.01437	0.03867	0.00980	0.04601	0.01250	0.20979	0.05100	0.01290	0.01052	0.00558	0.00472	0.00139	0.03147	0.00402	0.00360	0.00729
15	0.01879	0.02374	0.01482	0.06833	0.01747	0.74161	0.01037	0.02027	0.01446	0.01278	0.00813	0.00970	0.00672	0.00536	0.00473	0.00137	0.00922	0.00344	0.00266	0.00602

[dist]
# distance from previous block
# <min> <max>
0	2

[block]
# block no. 4 follows, 47 sequences, length 11
# corresponding to MSA columns:
# 130-140
name=unknown_E
#
# <colnr> <probs for GDERKNQSTAVLIFYWHMCP>
#	G	D	E	R	K	N	Q	S	T	A	V	L	I	F	Y	W	H	M	C	P
0	0.01229	0.01405	0.03073	0.02195	0.02722	0.01317	0.76558	0.01668	0.01229	0.01668	0.01054	0.01405	0.00790	0.00439	0.00615	0.00176	0.00878	0.00615	0.00263	0.00702
1	0.00634	0.00453	0.00604	0.00725	0.00755	0.00423	0.00483	0.00725	0.00997	0.01329	0.02870	0.81358	0.03444	0.01632	0.00665	0.00211	0.00302	0.01480	0.00483	0.00423
2	0.00913	0.00636	0.00722	0.00698	0.00872	0.00591	0.00520	0.09317	0.01290	0.07864	0.03792	0.28953	0.39294	0.01288	0.00613	0.00184	0.00325	0.01105	0.00501	0.00520
3	0.01212	0.11279	0.48329	0.01328	0.04592	0.01282	0.01495	0.11783	0.01280	0.01857	0.01040	0.01190	0.00772	0.00518	0.00466	0.00152	0.00655	0.00398	0.09627	0.00744
4	0.00743	0.00544	0.00704	0.00698	0.00826	0.00506	0.00546	0.00975	0.01391	0.01914	0.55990	0.04385	0.12694	0.01163	0.00634	0.00179	0.00291	0.14788	0.00546	0.00483
5	0.01080	0.00926	0.01080	0.00771	0.01234	0.00694	0.00617	0.01311	0.01080	0.01697	0.00926	0.01080	0.00771	0.00386	0.00386	0.00077	0.00386	0.00309	0.00309	0.84882
6	0.00698	0.00521	0.00636	0.00697	0.00793	0.00484	0.00520	0.00832	0.01091	0.01398	0.06700	0.26614	0.25726	0.12106	0.00925	0.00244	0.00357	0.18763	0.00464	0.00430
7	0.01080	0.01035	0.01786	0.55318	0.24313	0.01187	0.05040	0.01421	0.01090	0.01449	0.00947	0.01362	0.00735	0.00501	0.00524	0.00168	0.00682	0.00470	0.00240	0.00653
8	0.01620	0.01373	0.01343	0.01134	0.01462	0.10068	0.00903	0.34283	0.31329	0.02498	0.01651	0.04630	0.01304	0.00713	0.00531	0.00167	0.00538	0.03160	0.00494	0.00799
9	0.01147	0.01161	0.01715	0.01434	0.01477	0.01573	0.07253	0.01287	0.00833	0.01287	0.00714	0.01161	0.00692	0.00873	0.01620	0.00224	0.74271	0.00469	0.00231	0.00580
10	0.85377	0.01007	0.00765	0.00685	0.01007	0.01168	0.00564	0.01531	0.00886	0.02336	0.00725	0.00846	0.00564	0.00483	0.00322	0.00161	0.00403	0.00282	0.00322	0.00564

[dist]
# distance from previous block
# <min> <max>
0	1

[block]
# block no. 5 follows, 47 sequences, length 38
# corresponding to MSA columns:
# 142-179
name=unknown_F
#
# <colnr> <probs for GDERKNQSTAVLIFYWHMCP>
#	G	D	E	R	K	N	Q	S	T	A	V	L	I	F	Y	W	H	M	C	P
0	0.00638	0.00464	0.00603	0.00704	0.00752	0.00428	0.00476	0.00741	0.01039	0.01377	0.07167	0.70622	0.09920	0.01574	0.00658	0.00206	0.00296	0.01419	0.00488	0.00428
1	0.01226	0.06476	0.26672	0.04951	0.02264	0.01234	0.32683	0.01659	0.01194	0.07787	0.05695	0.01445	0.01022	0.00527	0.00578	0.00168	0.02886	0.00524	0.00294	0.00715
2	0.01480	0.01614	0.01955	0.01552	0.01910	0.24933	0.27983	0.03948	0.18140	0.03339	0.01243	0.01406	0.00962	0.00696	0.03887	0.00192	0.03218	0.00512	0.00338	0.00694
3	0.00726	0.00497	0.00602	0.00650	0.00669	0.00487	0.00412	0.00775	0.00869	0.01155	0.02117	0.27830	0.02469	0.50034	0.01870	0.00391	0.00440	0.07262	0.00382	0.00363
4	0.02156	0.01176	0.01388	0.01064	0.01474	0.01196	0.00879	0.40118	0.01976	0.40545	0.01647	0.01508	0.01085	0.00635	0.00522	0.00159	0.00509	0.00496	0.00582	0.00886
5	0.01622	0.00810	0.01005	0.00822	0.01105	0.00773	0.00659	0.13044	0.01567	0.33961	0.23076	0.02310	0.02245	0.00753	0.00523	0.00155	0.00376	0.00626	0.13855	0.00713
6	0.00691	0.00519	0.00597	0.00591	0.00698	0.00471	0.00413	0.00825	0.01165	0.01529	0.28054	0.08835	0.31346	0.20698	0.01110	0.00254	0.00318	0.00988	0.00472	0.00426
7	0.00625	0.00527	0.00542	0.00541	0.00710	0.00443	0.00405	0.00765	0.01206	0.01459	0.10925	0.06374	0.71090	0.01305	0.00616	0.00176	0.00263	0.01094	0.00491	0.00443
8	0.00819	0.00589	0.00810	0.00907	0.01030	0.00581	0.00782	0.01055	0.01229	0.01611	0.11292	0.05617	0.06293	0.01392	0.00703	0.00229	0.00445	0.63647	0.00490	0.00479
9	0.00641	0.00467	0.00605	0.00699	0.00752	0.00431	0.00475	0.00750	0.01057	0.01403	0.09609	0.67070	0.11019	0.01551	0.00655	0.00204	0.00293	0.01396	0.00491	0.00431
10	0.01483	0.68909	0.02522	0.00965	0.01382	0.14836	0.00910	0.01645	0.01127	0.01233	0.00737	0.00852	0.00669	0.00461	0.00356	0.00115	0.00620	0.00288	0.00230	0.00658
11	0.00634	0.00453	0.00604	0.00725	0.00755	0.00423	0.00483	0.00725	0.00997	0.01329	0.02870	0.81358	0.03444	0.01632	0.00665	0.00211	0.00302	0.01480	0.00483	0.00423
12	0.02018	0.01397	0.01525	0.01169	0.01584	0.01523	0.00966	0.68719	0.02345	0.11422	0.01337	0.01307	0.00929	0.00627	0.00521	0.00157	0.00559	0.00475	0.00534	0.00886
13	0.01171	0.01568	0.15441	0.06050	0.02638	0.01268	0.58454	0.01623	0.01192	0.01639	0.01074	0.03413	0.00832	0.00483	0.00591	0.00175	0.00836	0.00591	0.00260	0.00700
14	0.01119	0.00924	0.01084	0.00776	0.01237	0.00696	0.00622	0.01349	0.01093	0.04069	0.00960	0.01101	0.00787	0.00394	0.00390	0.00080	0.00387	0.00315	0.00319	0.82298
15	0.01388	0.26773	0.02691	0.01741	0.08218	0.04301	0.37799	0.04753	0.01241	0.04811	0.00985	0.01209	0.00775	0.00463	0.00506	0.00151	0.00728	0.00477	0.00277	0.00713
16	0.01021	0.04465	0.07528	0.58957	0.09258	0.01189	0.01424	0.01364	0.01042	0.01372	0.00941	0.01363	0.00732	0.00693	0.04592	0.00204	0.02555	0.00454	0.00235	0.00611
17	0.00682	0.00485	0.00614	0.00668	0.00720	0.00456	0.00447	0.00791	0.01065	0.01440	0.19747	0.44596	0.06949	0.17619	0.01051	0.00258	0.00328	0.01195	0.00470	0.00418
18	0.00978	0.00540	0.00750	0.00728	0.00766	0.00552	0.00502	0.07339	0.00858	0.01146	0.01087	0.07712	0.01099	0.01692	0.01797	0.70900	0.00451	0.00533	0.00272	0.00299
19	0.01378	0.01074	0.01128	0.00973	0.01279	0.04297	0.00764	0.10672	0.38982	0.08473	0.01984	0.05606	0.04659	0.00725	0.00514	0.00160	0.00432	0.01777	0.05065	0.10058
20	0.01364	0.75649	0.08847	0.00939	0.01410	0.01992	0.00974	0.01567	0.01061	0.01259	0.00741	0.00857	0.00668	0.00449	0.00347	0.00116	0.00574	0.00287	0.00223	0.00676
21	0.00640	0.00456	0.00606	0.00720	0.00752	0.00426	0.00480	0.00732	0.01004	0.01342	0.04792	0.77762	0.03451	0.03254	0.00704	0.00216	0.00305	0.01452	0.00482	0.00423
22	0.01064	0.04531	0.65805	0.01563	0.06327	0.01206	0.04790	0.01616	0.01113	0.01637	0.01030	0.01360	0.00794	0.00538	0.00508	0.00167	0.00745	0.04217	0.00237	0.00752
23	0.01459	0.01035	0.05342	0.10251	0.01482	0.01033	0.00849	0.23732	0.04145	0.11743	0.01462	0.01582	0.01074	0.00613	0.00502	0.00150	0.02891	0.00480	0.29482	0.00694
24	0.01693	0.00783	0.01008	0.00819	0.01125	0.00700	0.00659	0.05943	0.01493	0.45561	0.19874	0.02714	0.13657	0.00841	0.00558	0.00164	0.00378	0.00703	0.00597	0.00729
25	0.00697	0.00512	0.00731	0.00783	0.00848	0.00550	0.00572	0.00838	0.00905	0.01257	0.02038	0.36398	0.02240	0.04388	0.44006	0.00560	0.00905	0.00961	0.00368	0.00444
26	0.01362	0.01684	0.10191	0.05794	0.22687	0.20604	0.19771	0.01682	0.01243	0.01554	0.03592	0.01316	0.00900	0.00587	0.02208	0.00173	0.03212	0.00479	0.00267	0.00696
27	0.67226	0.00950	0.00797	0.00706	0.01015	0.01066	0.00575	0.01578	0.03303	0.08403	0.05090	0.01336	0.05096	0.00578	0.00376	0.00163	0.00391	0.00389	0.00376	0.00587
28	0.00634	0.00453	0.00604	0.00725	0.00755	0.00423	0.00483	0.00725	0.00997	0.01329	0.02870	0.81358	0.03444	0.01632	0.00665	0.00211	0.00302	0.01480	0.00483	0.00423
29	0.01106	0.01050	0.01783	0.49534	0.33544	0.01189	0.01507	0.01438	0.01099	0.01479	0.00947	0.01349	0.00746	0.00498	0.00519	0.00166	0.00664	0.00463	0.00242	0.00677
30	0.02783	0.27180	0.03694	0.03914	0.01989	0.09423	0.30411	0.06239	0.01277	0.05446	0.02314	0.01214	0.00833	0.00487	0.00491	0.00148	0.00716	0.00458	0.00290	0.00693
31	0.04562	0.01038	0.01201	0.01004	0.01333	0.01107	0.00806	0.14641	0.30249	0.26632	0.01831	0.01748	0.01313	0.01004	0.08870	0.00238	0.00552	0.00535	0.00531	0.00807
32	0.01493	0.00872	0.01000	0.00838	0.01116	0.00870	0.00659	0.16254	0.10428	0.23923	0.02531	0.04563	0.17339	0.07453	0.00707	0.00191	0.00411	0.00681	0.07979	0.00692
33	0.04735	0.10028	0.06211	0.02635	0.01931	0.08081	0.23946	0.26613	0.01632	0.05817	0.02691	0.01285	0.00891	0.00538	0.00519	0.00157	0.00688	0.00483	0.00369	0.00752
34	0.01328	0.01521	0.07154	0.12182	0.36889	0.14164	0.12656	0.01643	0.01200	0.01558	0.00940	0.01242	0.00761	0.00500	0.00572	0.00161	0.04093	0.00460	0.00253	0.00725
35	0.01082	0.01099	0.01140	0.01090	0.01215	0.18132	0.04682	0.01236	0.01127	0.01371	0.01986	0.28065	0.04087	0.01157	0.00809	0.00200	0.14327	0.16298	0.00380	0.00514
36	0.01067	0.00613	0.00819	0.00828	0.00970	0.00598	0.00649	0.03163	0.01154	0.15147	0.02345	0.26200	0.02410	0.05311	0.10054	0.00291	0.00518	0.21340	0.05989	0.00536
37	0.02987	0.03567	0.10070	0.01270	0.01692	0.07268	0.12317	0.26777	0.03808	0.14183	0.09477	0.01597	0.01331	0.00621	0.00531	0.00159	0.00606	0.00526	0.00444	0.00769

[dist]
# distance from previous block
# <min> <max>
6	9

[block]
# block no. 6 follows, 47 sequences, length 6
# corresponding to MSA columns:
# 189-194
name=unknown_G
#
# <colnr> <probs for GDERKNQSTAVLIFYWHMCP>
#	G	D	E	R	K	N	Q	S	T	A	V	L	I	F	Y	W	H	M	C	P
0	0.00754	0.00551	0.00740	0.04510	0.00976	0.00555	0.00627	0.00906	0.01038	0.01367	0.04871	0.23584	0.07669	0.16347	0.07603	0.00321	0.00505	0.26214	0.00425	0.00437
1	0.01105	0.01597	0.26246	0.16704	0.27542	0.01172	0.08047	0.01515	0.01106	0.01572	0.00996	0.01321	0.00785	0.00769	0.07113	0.00220	0.00767	0.00460	0.00243	0.00721
2	0.01311	0.12008	0.26774	0.10038	0.02152	0.01349	0.15280	0.06775	0.03492	0.08671	0.01070	0.01253	0.00790	0.00539	0.00589	0.00165	0.06265	0.00451	0.00298	0.00730
3	0.01167	0.01033	0.01526	0.31912	0.20969	0.06473	0.03790	0.01442	0.01143	0.06393	0.01360	0.12189	0.01238	0.00697	0.00540	0.00171	0.00606	0.03278	0.03434	0.00637
4	0.01293	0.00886	0.01025	0.00940	0.01195	0.00931	0.00756	0.07356	0.30030	0.14258	0.02638	0.07046	0.12116	0.00971	0.00586	0.00187	0.00417	0.16146	0.00529	0.00696
5	0.01111	0.00701	0.00996	0.11236	0.07395	0.00680	0.00768	0.01323	0.01256	0.17339	0.18263	0.17207	0.12492	0.01023	0.00592	0.00179	0.00402	0.05964	0.00484	0.00590

[dist]
# distance from previous block
# <min> <max>
0	1

[block]
# block no. 7 follows, 47 sequences, length 8
# corresponding to MSA columns:
# 196-203
name=unknown_H
#
# <colnr> <probs for GDERKNQSTAVLIFYWHMCP>
#	G	D	E	R	K	N	Q	S	T	A	V	L	I	F	Y	W	H	M	C	P
0	0.01333	0.07026	0.33355	0.01468	0.01993	0.12081	0.16496	0.01725	0.01196	0.08994	0.01138	0.05829	0.00911	0.00582	0.00562	0.00164	0.03648	0.00497	0.00292	0.00711
1	0.17349	0.01126	0.08001	0.49441	0.11618	0.01173	0.01333	0.01427	0.01033	0.01595	0.00894	0.01248	0.00681	0.00505	0.00480	0.00168	0.00635	0.00421	0.00251	0.00620
2	0.00989	0.00683	0.00874	0.08431	0.01170	0.00675	0.00647	0.08420	0.01427	0.08400	0.35503	0.11042	0.15728	0.01041	0.00596	0.00172	0.00352	0.02778	0.00515	0.00556
3	0.34919	0.00970	0.01185	0.01425	0.22029	0.01087	0.00874	0.01381	0.00953	0.01816	0.00983	0.01398	0.00875	0.08680	0.07424	0.00254	0.08307	0.00428	0.04412	0.00599
4	0.01180	0.01313	0.09438	0.10047	0.31641	0.01240	0.14129	0.04367	0.01160	0.01629	0.01192	0.04503	0.03853	0.00612	0.00699	0.00174	0.11289	0.00544	0.00276	0.00712
5	0.01388	0.23346	0.15284	0.02815	0.01720	0.11293	0.11002	0.08869	0.01310	0.05189	0.05805	0.05197	0.01131	0.00602	0.00518	0.00151	0.02892	0.00486	0.00316	0.00686
6	0.03215	0.01350	0.01586	0.01385	0.03818	0.13900	0.04535	0.05379	0.01063	0.01469	0.04013	0.01237	0.00879	0.00782	0.01244	0.00196	0.50021	0.00457	0.00271	0.03199
7	0.01227	0.01293	0.07590	0.01559	0.16489	0.05929	0.11737	0.06257	0.01258	0.01782	0.05121	0.01426	0.01046	0.00501	0.00485	0.00130	0.00571	0.02084	0.00314	0.33201

[dist]
# distance from previous block
# <min> <max>
1	4

[block]
# block no. 8 follows, 47 sequences, length 44
# corresponding to MSA columns:
# 208-251
name=unknown_I
#
# <colnr> <probs for GDERKNQSTAVLIFYWHMCP>
#	G	D	E	R	K	N	Q	S	T	A	V	L	I	F	Y	W	H	M	C	P
0	0.01439	0.02978	0.01302	0.01191	0.05507	0.11748	0.00884	0.10453	0.49363	0.02118	0.01737	0.01677	0.01317	0.00651	0.00507	0.00163	0.00504	0.00523	0.05158	0.00779
1	0.00691	0.00529	0.00774	0.02259	0.00936	0.00498	0.04557	0.00815	0.01022	0.01366	0.02696	0.70312	0.03180	0.01515	0.00657	0.00208	0.00350	0.05130	0.00464	0.02041
2	0.01144	0.14845	0.63310	0.01386	0.02080	0.05380	0.01718	0.01658	0.01113	0.01565	0.00896	0.01051	0.00662	0.00489	0.00469	0.00155	0.00746	0.00366	0.00223	0.00746
3	0.00776	0.00584	0.00720	0.00703	0.00865	0.00499	0.00507	0.00925	0.01115	0.03119	0.12893	0.41775	0.13249	0.01227	0.00589	0.00171	0.00310	0.01087	0.00462	0.18427
4	0.00739	0.00521	0.00691	0.00789	0.00850	0.00508	0.00594	0.00872	0.01033	0.01362	0.02599	0.36913	0.02980	0.16297	0.01052	0.00277	0.00410	0.30634	0.00451	0.00426
5	0.01110	0.00943	0.01096	0.00786	0.01247	0.00725	0.00629	0.03825	0.01125	0.01750	0.00936	0.01086	0.00775	0.00394	0.00390	0.00080	0.00392	0.00314	0.00316	0.82081
6	0.00796	0.00503	0.00561	0.00561	0.00586	0.00506	0.00335	0.00846	0.00821	0.01186	0.01644	0.03098	0.01773	0.64459	0.04658	0.00445	0.00485	0.00701	0.15685	0.00351
7	0.01110	0.00998	0.01347	0.00973	0.01436	0.00807	0.10616	0.01432	0.04986	0.01718	0.01003	0.01166	0.00815	0.00409	0.00423	0.00095	0.00452	0.00363	0.00314	0.69535
8	0.00772	0.00605	0.00708	0.00669	0.00829	0.00578	0.00505	0.01139	0.10971	0.01902	0.47398	0.03971	0.25812	0.01093	0.00604	0.00169	0.00272	0.00943	0.00542	0.00518
9	0.00724	0.00532	0.00678	0.00641	0.00770	0.00486	0.00481	0.00957	0.01443	0.02014	0.70247	0.04012	0.12888	0.01092	0.00614	0.00165	0.00248	0.00959	0.00564	0.00486
10	0.00617	0.00523	0.00532	0.00540	0.00707	0.00439	0.00401	0.00746	0.01175	0.01402	0.05128	0.09685	0.73661	0.01338	0.00618	0.00178	0.00266	0.01122	0.00484	0.00439
11	0.00718	0.00527	0.00672	0.00645	0.00768	0.00482	0.00480	0.00942	0.01415	0.01969	0.65784	0.08383	0.13024	0.01125	0.00617	0.00168	0.00251	0.00990	0.00558	0.00482
12	0.85377	0.01007	0.00765	0.00685	0.01007	0.01168	0.00564	0.01531	0.00886	0.02336	0.00725	0.00846	0.00564	0.00483	0.00322	0.00161	0.00403	0.00282	0.00322	0.00564
13	0.82875	0.01021	0.00789	0.00700	0.01025	0.01182	0.00577	0.03786	0.00933	0.02365	0.00741	0.00858	0.00574	0.00488	0.00328	0.00161	0.00408	0.00288	0.00328	0.00574
14	0.01219	0.01140	0.01921	0.04495	0.65873	0.01145	0.01487	0.01519	0.01185	0.01673	0.01231	0.01944	0.01131	0.00604	0.00545	0.00167	0.00600	0.11063	0.00289	0.00771
15	0.00744	0.00558	0.00837	0.00837	0.00930	0.00651	0.00651	0.00930	0.00837	0.01209	0.01395	0.02046	0.01302	0.03906	0.79635	0.00837	0.01395	0.00558	0.00279	0.00465
16	0.01392	0.82012	0.02729	0.00891	0.01337	0.02061	0.00891	0.01559	0.01058	0.01225	0.00724	0.00835	0.00668	0.00446	0.00334	0.00111	0.00557	0.00278	0.00223	0.00668
17	0.00863	0.00688	0.01063	0.01062	0.07684	0.00638	0.09218	0.01079	0.01257	0.04792	0.28769	0.22269	0.14878	0.01109	0.00617	0.00179	0.00378	0.02448	0.00476	0.00535
18	0.00755	0.00515	0.00620	0.00620	0.00639	0.00533	0.00381	0.00791	0.00773	0.01049	0.01593	0.03142	0.01778	0.66539	0.17652	0.00570	0.00678	0.00718	0.00308	0.00345
19	0.01285	0.01389	0.15909	0.01659	0.12266	0.01102	0.19399	0.10954	0.01366	0.08212	0.01676	0.02333	0.05819	0.00718	0.00578	0.00178	0.00643	0.13429	0.00369	0.00715
20	0.21877	0.20870	0.01589	0.01056	0.01387	0.36814	0.00861	0.03312	0.03221	0.03555	0.00841	0.00945	0.00688	0.00511	0.00406	0.00137	0.00686	0.00323	0.00292	0.00628
21	0.00713	0.00510	0.00684	0.00721	0.00768	0.00495	0.02743	0.00804	0.00947	0.01286	0.05349	0.44033	0.02765	0.26582	0.05288	0.00330	0.00437	0.02367	0.02775	0.00406
22	0.01354	0.61690	0.17887	0.01035	0.01535	0.06263	0.01104	0.01607	0.01090	0.01313	0.00771	0.00894	0.00667	0.00461	0.00374	0.00123	0.00621	0.00303	0.00225	0.00685
23	0.01492	0.01107	0.01256	0.00935	0.01373	0.01025	0.00760	0.26913	0.03288	0.08564	0.01155	0.01214	0.00871	0.00495	0.00446	0.00113	0.00454	0.00387	0.00413	0.47743
24	0.01448	0.02005	0.48537	0.01269	0.01883	0.01076	0.01470	0.05741	0.02558	0.23625	0.02920	0.01446	0.02505	0.00575	0.00510	0.00164	0.00640	0.00457	0.00373	0.00797
25	0.00660	0.00512	0.00603	0.00626	0.00748	0.00454	0.00457	0.00816	0.01218	0.01580	0.24757	0.24389	0.36577	0.01332	0.00631	0.00183	0.00275	0.03223	0.00508	0.00451
26	0.01190	0.01137	0.01936	0.28110	0.54306	0.01211	0.01549	0.01512	0.01139	0.01582	0.00962	0.01321	0.00783	0.00482	0.00517	0.00161	0.00643	0.00464	0.00249	0.00745
27	0.01251	0.01230	0.02191	0.10512	0.60941	0.01240	0.11767	0.01582	0.01178	0.01661	0.00984	0.01314	0.00808	0.00466	0.00530	0.00159	0.00661	0.00484	0.00256	0.00784
28	0.01201	0.01126	0.01575	0.01345	0.01365	0.01552	0.01120	0.01319	0.00833	0.05234	0.00754	0.01172	0.00715	0.00898	0.01648	0.00224	0.76624	0.00459	0.00249	0.00586
29	0.00816	0.00652	0.00747	0.00710	0.00881	0.00643	0.00540	0.01278	0.17160	0.01870	0.36836	0.06300	0.25797	0.01091	0.00601	0.00173	0.00292	0.02537	0.00533	0.00543
30	0.00942	0.00514	0.00537	0.00524	0.00655	0.00507	0.00395	0.02729	0.01174	0.01958	0.11527	0.02346	0.06112	0.00705	0.00413	0.00130	0.00251	0.00577	0.67512	0.00492
31	0.01023	0.00970	0.01617	0.67869	0.10664	0.01193	0.01441	0.01351	0.01039	0.01361	0.00915	0.01363	0.00706	0.00541	0.00597	0.00175	0.05877	0.00462	0.00234	0.00602
32	0.00932	0.00489	0.00500	0.00500	0.00600	0.00489	0.00355	0.01130	0.01031	0.01772	0.01688	0.02209	0.01437	0.15397	0.00781	0.00191	0.00291	0.00535	0.69219	0.00454
33	0.00634	0.00453	0.00604	0.00725	0.00755	0.00423	0.00483	0.00725	0.00997	0.01329	0.02870	0.81358	0.03444	0.01632	0.00665	0.00211	0.00302	0.01480	0.00483	0.00423
34	0.00983	0.00926	0.01562	0.80447	0.03587	0.01157	0.01446	0.01331	0.01041	0.01331	0.00926	0.01388	0.00694	0.00521	0.00521	0.00174	0.00694	0.00463	0.00231	0.00579
35	0.01980	0.01459	0.01563	0.01198	0.01615	0.01615	0.00990	0.76713	0.02448	0.03282	0.01250	0.01250	0.00886	0.00625	0.00521	0.00156	0.00573	0.00469	0.00521	0.00886
36	0.00742	0.00562	0.00706	0.00767	0.00905	0.00526	0.00635	0.00939	0.01214	0.01547	0.10861	0.08024	0.30115	0.01367	0.00670	0.00209	0.00374	0.38884	0.00490	0.00464
37	0.02232	0.01019	0.01287	0.00990	0.01394	0.00967	0.00817	0.19053	0.03508	0.60180	0.01877	0.01660	0.01206	0.00642	0.00523	0.00160	0.00471	0.00513	0.00614	0.00885
38	0.01139	0.01139	0.01595	0.01367	0.01367	0.01595	0.01139	0.01253	0.00798	0.01253	0.00684	0.01139	0.00684	0.00911	0.01709	0.00228	0.80745	0.00456	0.00228	0.00570
39	0.01053	0.00745	0.00901	0.00885	0.01038	0.00795	0.00655	0.01593	0.25192	0.09964	0.02433	0.43574	0.02484	0.01196	0.00661	0.00196	0.04481	0.01043	0.00502	0.00607
40	0.00656	0.00531	0.00587	0.00611	0.00751	0.00470	0.00449	0.00830	0.03310	0.01476	0.11006	0.21590	0.50860	0.01352	0.00627	0.00185	0.00282	0.03483	0.00493	0.00453
41	0.85377	0.01007	0.00765	0.00685	0.01007	0.01168	0.00564	0.01531	0.00886	0.02336	0.00725	0.00846	0.00564	0.00483	0.00322	0.00161	0.00403	0.00282	0.00322	0.00564
42	0.46099	0.01005	0.01009	0.00825	0.01187	0.01060	0.00681	0.09162	0.01264	0.31191	0.01276	0.01233	0.00868	0.00558	0.00417	0.00161	0.00434	0.00391	0.00463	0.00716
43	0.04812	0.01047	0.01283	0.00994	0.01393	0.01020	0.00819	0.21297	0.05580	0.53380	0.01812	0.01620	0.01179	0.00638	0.00517	0.00161	0.00473	0.00506	0.00597	0.00873

[dist]
# distance from previous block
# <min> <max>
0	1

[block]
# block no. 9 follows, 47 sequences, length 57
# corresponding to MSA columns:
# 253-309
name=unknown_J
#
# <colnr> <probs for GDERKNQSTAVLIFYWHMCP>
#	G	D	E	R	K	N	Q	S	T	A	V	L	I	F	Y	W	H	M	C	P
0	0.00659	0.00489	0.00614	0.00669	0.00752	0.00445	0.00469	0.00799	0.01162	0.01549	0.23618	0.45971	0.18059	0.01419	0.00642	0.00192	0.00280	0.01263	0.00508	0.00445
1	0.00755	0.00515	0.00619	0.00619	0.00637	0.00533	0.00380	0.00790	0.00773	0.01048	0.01594	0.03147	0.01780	0.66799	0.17395	0.00568	0.00675	0.00719	0.00309	0.00344
2	0.00788	0.00597	0.00875	0.00860	0.00960	0.00700	0.00672	0.03100	0.00882	0.01269	0.01374	0.02002	0.01276	0.03743	0.75574	0.00803	0.03208	0.00553	0.00285	0.00479
3	0.01873	0.01399	0.01495	0.01165	0.01563	0.01550	0.00957	0.67283	0.09785	0.03120	0.01451	0.01426	0.03162	0.00653	0.00525	0.00159	0.00548	0.00499	0.00521	0.00867
4	0.01704	0.01484	0.01910	0.01465	0.01854	0.10479	0.20812	0.34156	0.05402	0.07337	0.01197	0.01313	0.00880	0.00594	0.00633	0.00166	0.06927	0.00500	0.00410	0.00777
5	0.01261	0.01200	0.02029	0.13494	0.66949	0.01234	0.01566	0.03013	0.01191	0.01682	0.00978	0.01301	0.00809	0.00475	0.00516	0.00157	0.00628	0.00464	0.00259	0.00793
6	0.01102	0.01129	0.00926	0.00905	0.01073	0.24008	0.00690	0.02864	0.01336	0.01566	0.18815	0.14499	0.15675	0.01080	0.00593	0.00175	0.00505	0.12107	0.00439	0.00513
7	0.01441	0.01127	0.01390	0.01030	0.01474	0.01044	0.06667	0.23869	0.04513	0.06741	0.01145	0.01231	0.00869	0.00489	0.00458	0.00117	0.00484	0.00404	0.00397	0.45110
8	0.01646	0.01325	0.01827	0.02194	0.40313	0.01391	0.01288	0.35968	0.01775	0.05442	0.01145	0.01290	0.00871	0.00545	0.00518	0.00156	0.00591	0.00469	0.00393	0.00855
9	0.00639	0.00456	0.00608	0.00722	0.00756	0.00426	0.00484	0.00735	0.01016	0.01360	0.05890	0.78252	0.03503	0.01609	0.00663	0.00210	0.00300	0.01459	0.00487	0.00426
10	0.02127	0.01114	0.01336	0.01036	0.01436	0.01117	0.00852	0.29736	0.07603	0.45326	0.01765	0.01594	0.01164	0.00642	0.00523	0.00161	0.00488	0.00509	0.00591	0.00881
11	0.01289	0.01237	0.02114	0.03196	0.78450	0.01237	0.01598	0.01598	0.01186	0.01701	0.00980	0.01289	0.00825	0.00464	0.00516	0.00155	0.00619	0.00464	0.00258	0.00825
12	0.00890	0.00700	0.00831	0.00819	0.00976	0.00730	0.00622	0.01471	0.24522	0.01871	0.28283	0.20585	0.06115	0.01126	0.00610	0.00186	0.00333	0.08227	0.00528	0.00575
13	0.01009	0.00608	0.00774	0.00768	0.00912	0.00576	0.00560	0.01275	0.08248	0.15050	0.15628	0.42435	0.07567	0.01259	0.00616	0.00189	0.00325	0.01117	0.00531	0.00553
14	0.01008	0.00951	0.01606	0.74243	0.09598	0.01163	0.01458	0.01352	0.01053	0.01360	0.00930	0.01380	0.00705	0.00516	0.00520	0.00172	0.00688	0.00463	0.00234	0.00598
15	0.01392	0.82012	0.02729	0.00891	0.01337	0.02061	0.00891	0.01559	0.01058	0.01225	0.00724	0.00835	0.00668	0.00446	0.00334	0.00111	0.00557	0.00278	0.00223	0.00668
16	0.01267	0.00970	0.01062	0.00948	0.01221	0.01066	0.00738	0.02341	0.53705	0.09625	0.11875	0.02445	0.08865	0.00800	0.00547	0.00173	0.00381	0.00672	0.00542	0.00754
17	0.00723	0.00559	0.00679	0.00740	0.00884	0.00515	0.00610	0.00905	0.01186	0.01476	0.03987	0.08221	0.39644	0.01387	0.00667	0.00208	0.00368	0.36301	0.00482	0.00458
18	0.01907	0.01833	0.01465	0.01218	0.01555	0.34297	0.00961	0.41051	0.01962	0.02362	0.01089	0.01159	0.00821	0.00587	0.00490	0.00145	0.00708	0.00414	0.05232	0.00744
19	0.01187	0.01216	0.01555	0.01422	0.05459	0.08237	0.01115	0.01318	0.00880	0.01276	0.00764	0.01199	0.00737	0.01082	0.07445	0.00262	0.63578	0.00454	0.00237	0.00578
20	0.00853	0.00611	0.00770	0.00880	0.00938	0.00559	0.00609	0.00910	0.01138	0.01531	0.02983	0.70287	0.03487	0.01697	0.00744	0.00247	0.00390	0.10300	0.00539	0.00528
21	0.65774	0.00989	0.00863	0.00747	0.01074	0.01101	0.00611	0.05232	0.01055	0.13720	0.01031	0.04114	0.00798	0.00559	0.00375	0.00163	0.00413	0.00373	0.00386	0.00622
22	0.00757	0.00505	0.00568	0.00568	0.00568	0.00505	0.00316	0.00757	0.00757	0.01010	0.01641	0.03408	0.01893	0.81698	0.02651	0.00505	0.00505	0.00757	0.00316	0.00316
23	0.73794	0.01075	0.00841	0.00741	0.01067	0.05310	0.00605	0.01647	0.00970	0.08855	0.00844	0.00931	0.00632	0.00500	0.00347	0.00160	0.00435	0.00306	0.00347	0.00594
24	0.01960	0.01449	0.01552	0.01194	0.01607	0.01606	0.00985	0.74538	0.04656	0.03250	0.01276	0.01271	0.00906	0.00628	0.00521	0.00157	0.00568	0.00472	0.00521	0.00884
25	0.01080	0.00926	0.01080	0.00771	0.01234	0.00694	0.00617	0.01311	0.01080	0.01697	0.00926	0.01080	0.00771	0.00386	0.00386	0.00077	0.00386	0.00309	0.00309	0.84882
26	0.01734	0.01202	0.01538	0.01198	0.01577	0.01257	0.10290	0.36739	0.10739	0.17050	0.03461	0.05883	0.03469	0.00699	0.00547	0.00166	0.00537	0.00594	0.00511	0.00809
27	0.01649	0.01994	0.01585	0.01387	0.01579	0.50569	0.04348	0.01790	0.01242	0.01285	0.00776	0.01025	0.00680	0.00655	0.00883	0.00167	0.27147	0.00387	0.00255	0.00597
28	0.01080	0.00926	0.01080	0.00771	0.01234	0.00694	0.00617	0.01311	0.01080	0.01697	0.00926	0.01080	0.00771	0.00386	0.00386	0.00077	0.00386	0.00309	0.00309	0.84882
29	0.00732	0.00509	0.00561	0.00561	0.00592	0.00493	0.00330	0.00756	0.00834	0.01080	0.02287	0.03693	0.15473	0.67401	0.02289	0.00446	0.00462	0.00818	0.00345	0.00338
30	0.01013	0.00956	0.01616	0.72859	0.10940	0.01165	0.01461	0.01357	0.01055	0.01367	0.00931	0.01379	0.00707	0.00515	0.00520	0.00172	0.00687	0.00463	0.00234	0.00603
31	0.05896	0.01042	0.01208	0.00965	0.01323	0.01058	0.00785	0.24253	0.10616	0.33740	0.05654	0.01962	0.07703	0.00714	0.00526	0.00163	0.00452	0.00571	0.00562	0.00808
32	0.01427	0.01027	0.01475	0.01219	0.01403	0.01221	0.06522	0.01731	0.08572	0.21448	0.04251	0.01572	0.01144	0.01005	0.06672	0.00242	0.37483	0.00524	0.00385	0.00676
33	0.01298	0.00909	0.01148	0.05367	0.10845	0.04648	0.00813	0.09484	0.03273	0.15287	0.37665	0.02600	0.02845	0.00808	0.00562	0.00161	0.00422	0.00697	0.00507	0.00661
34	0.01110	0.02138	0.00959	0.00859	0.01059	0.00938	0.00638	0.01910	0.40160	0.05895	0.08800	0.07263	0.06105	0.18645	0.01013	0.00248	0.00408	0.00728	0.00482	0.00640
35	0.01392	0.82012	0.02729	0.00891	0.01337	0.02061	0.00891	0.01559	0.01058	0.01225	0.00724	0.00835	0.00668	0.00446	0.00334	0.00111	0.00557	0.00278	0.00223	0.00668
36	0.00978	0.00816	0.01081	0.00968	0.01042	0.00999	0.00750	0.06266	0.00924	0.01334	0.01192	0.02003	0.01199	0.22683	0.25130	0.00471	0.27729	0.00560	0.00289	0.03585
37	0.03666	0.02141	0.01459	0.01273	0.01580	0.56972	0.00978	0.17005	0.03197	0.05526	0.00980	0.01061	0.00760	0.00562	0.00481	0.00141	0.00820	0.00375	0.00344	0.00678
38	0.11277	0.13645	0.43239	0.01233	0.01827	0.01369	0.01414	0.11462	0.04057	0.04436	0.01001	0.01104	0.00734	0.00516	0.00457	0.00156	0.00646	0.00380	0.00297	0.00752
39	0.01439	0.00914	0.01117	0.00816	0.01261	0.00715	0.00659	0.01662	0.01197	0.23725	0.01248	0.01278	0.00919	0.00460	0.00425	0.00101	0.00402	0.00370	0.00405	0.60888
40	0.00642	0.00474	0.00602	0.00686	0.00749	0.00433	0.00470	0.00756	0.01078	0.01423	0.11280	0.60820	0.15636	0.01521	0.00651	0.00201	0.00290	0.01362	0.00493	0.00433
41	0.01337	0.00864	0.00991	0.00865	0.01104	0.00894	0.00689	0.24138	0.04990	0.10097	0.12318	0.10956	0.04887	0.00895	0.00543	0.00167	0.00400	0.07498	0.15712	0.00654
