[name]
unknown

[dist]
# distance from previous block
# <min> <max>
13	358

[block]
# block no. 0 follows, 49 sequences, length 38
# corresponding to MSA columns:
# 363-400
name=unknown_A
#
# <colnr> <probs for GDERKNQSTAVLIFYWHMCP>
#	G	D	E	R	K	N	Q	S	T	A	V	L	I	F	Y	W	H	M	C	P
0	0.22557	0.00890	0.01077	0.06643	0.01299	0.03765	0.07526	0.02739	0.05496	0.03005	0.04794	0.19195	0.06809	0.00955	0.03249	0.00197	0.06810	0.00701	0.01751	0.00543
1	0.04414	0.01057	0.01090	0.00935	0.01216	0.09523	0.00733	0.14243	0.12627	0.25435	0.03411	0.15194	0.03284	0.00798	0.00518	0.00162	0.00460	0.00657	0.03538	0.00704
2	0.01287	0.00915	0.01006	0.00931	0.04658	0.05185	0.00687	0.08567	0.17327	0.15094	0.14701	0.02576	0.15845	0.02865	0.00579	0.00165	0.00400	0.00670	0.04013	0.02529
3	0.00953	0.00732	0.01005	0.02027	0.01071	0.00740	0.07441	0.13677	0.01280	0.01727	0.17791	0.22433	0.07788	0.09723	0.00931	0.06864	0.02006	0.00878	0.00429	0.00504
4	0.03779	0.10642	0.02642	0.04065	0.04523	0.04413	0.02706	0.09794	0.01297	0.26822	0.01495	0.06592	0.01195	0.06465	0.00670	0.03010	0.00487	0.00524	0.08209	0.00670
5	0.01553	0.10603	0.02248	0.01522	0.01972	0.06128	0.38538	0.01855	0.01255	0.23538	0.01240	0.01359	0.00882	0.00487	0.00521	0.00152	0.00679	0.00504	0.00358	0.04605
6	0.01174	0.20098	0.19650	0.01334	0.01808	0.01240	0.23352	0.01515	0.01138	0.06400	0.06770	0.07076	0.01216	0.00577	0.00496	0.00150	0.00624	0.00535	0.00299	0.04549
7	0.04808	0.01120	0.02015	0.01501	0.01899	0.01078	0.42130	0.06279	0.07749	0.03721	0.03858	0.02091	0.15555	0.00640	0.00563	0.00165	0.00624	0.00657	0.00354	0.03194
8	0.01054	0.00885	0.01045	0.00775	0.01184	0.00711	0.00619	0.04726	0.01085	0.01668	0.00962	0.01156	0.00809	0.00747	0.08842	0.00157	0.00487	0.00332	0.00306	0.72452
9	0.00722	0.00542	0.00813	0.00813	0.00903	0.00632	0.00632	0.00903	0.00813	0.01174	0.01354	0.01987	0.01264	0.03792	0.80225	0.00813	0.01354	0.00542	0.00271	0.00451
10	0.00725	0.00531	0.00759	0.00759	0.00831	0.00603	0.00565	0.00869	0.00797	0.01134	0.01404	0.02258	0.01382	0.19909	0.64269	0.00746	0.01177	0.00582	0.00278	0.00422
11	0.00683	0.00503	0.00653	0.00737	0.00824	0.00472	0.00563	0.00836	0.01099	0.01435	0.09599	0.38740	0.15947	0.01429	0.00650	0.00204	0.00336	0.24379	0.00476	0.00436
12	0.01130	0.01537	0.18050	0.01742	0.02143	0.01341	0.38343	0.01491	0.01038	0.01491	0.00888	0.01224	0.00709	0.00580	0.00903	0.00184	0.25809	0.00504	0.00236	0.00655
13	0.01129	0.01193	0.02376	0.26781	0.15401	0.01218	0.41318	0.01507	0.01130	0.01523	0.00973	0.01341	0.00744	0.00455	0.00553	0.00167	0.00756	0.00527	0.00245	0.00664
14	0.00943	0.00471	0.00471	0.00471	0.00589	0.00471	0.00353	0.01178	0.01060	0.01885	0.01650	0.01885	0.01296	0.00589	0.00353	0.00118	0.00236	0.00471	0.85036	0.00471
15	0.01057	0.01378	0.23134	0.01024	0.01502	0.00890	0.03290	0.06729	0.01118	0.01673	0.00995	0.01214	0.00803	0.00927	0.12205	0.00216	0.00651	0.00376	0.00285	0.40533
16	0.03787	0.00907	0.01492	0.76336	0.03345	0.01135	0.01368	0.01297	0.01000	0.01323	0.00886	0.01325	0.00670	0.00514	0.00528	0.00169	0.02687	0.00443	0.00228	0.00561
17	0.01352	0.82533	0.02650	0.00865	0.01298	0.02001	0.00865	0.01514	0.01027	0.01190	0.00703	0.00811	0.00649	0.00433	0.00324	0.00108	0.00541	0.00270	0.00216	0.00649
18	0.01406	0.25945	0.38546	0.01144	0.01716	0.01320	0.01309	0.01776	0.01144	0.19542	0.01099	0.01143	0.00785	0.00500	0.00441	0.00144	0.00612	0.00374	0.00310	0.00744
19	0.01563	0.06170	0.08370	0.00984	0.01416	0.00875	0.06291	0.03122	0.01240	0.33258	0.01451	0.05769	0.01083	0.00564	0.00468	0.00133	0.00474	0.00476	0.00429	0.25864
20	0.01137	0.27180	0.14694	0.01220	0.01634	0.01295	0.18608	0.01427	0.01052	0.04512	0.02214	0.02833	0.02673	0.03761	0.13368	0.00263	0.00756	0.00478	0.00268	0.00626
21	0.00652	0.00507	0.00593	0.00588	0.00721	0.00447	0.00435	0.00825	0.01257	0.01652	0.37601	0.12602	0.37900	0.01203	0.00602	0.00169	0.00252	0.01039	0.00508	0.00447
22	0.01772	0.19928	0.01699	0.01207	0.01505	0.63101	0.00953	0.01909	0.01344	0.01227	0.00764	0.00890	0.00651	0.00502	0.00427	0.00125	0.00831	0.00314	0.00251	0.00600
23	0.01102	0.30352	0.47135	0.01174	0.01771	0.01410	0.01413	0.01509	0.01060	0.01441	0.01136	0.01248	0.06202	0.00521	0.00434	0.00143	0.00640	0.00387	0.00233	0.00690
24	0.00943	0.00471	0.00471	0.00471	0.00589	0.00471	0.00353	0.01178	0.01060	0.01885	0.01650	0.01885	0.01296	0.00589	0.00353	0.00118	0.00236	0.00471	0.85036	0.00471
25	0.00616	0.00440	0.00587	0.00704	0.00733	0.00411	0.00469	0.00704	0.00968	0.01291	0.02787	0.81899	0.03344	0.01584	0.00645	0.00205	0.00293	0.01438	0.00469	0.00411
26	0.00988	0.00920	0.01545	0.63945	0.14350	0.01096	0.01384	0.01313	0.01042	0.01360	0.01033	0.01644	0.00851	0.00561	0.00519	0.00170	0.00649	0.05794	0.00246	0.00590
27	0.01129	0.28004	0.13152	0.00969	0.01289	0.11788	0.00916	0.01350	0.01024	0.01274	0.03943	0.01453	0.01049	0.05446	0.24757	0.00353	0.00854	0.00422	0.00256	0.00572
28	0.01978	0.01263	0.01415	0.01092	0.01488	0.01349	0.00900	0.55318	0.05623	0.22108	0.01447	0.01371	0.00989	0.00615	0.00507	0.00154	0.00518	0.00474	0.00536	0.00857
29	0.56442	0.00937	0.00894	0.00747	0.01088	0.00997	0.00616	0.01830	0.01067	0.29386	0.01158	0.01138	0.00795	0.00524	0.00382	0.00156	0.00405	0.00356	0.00423	0.00658
30	0.01889	0.02410	0.01433	0.01303	0.01563	0.80199	0.00977	0.02019	0.01433	0.01238	0.00782	0.00912	0.00651	0.00521	0.00456	0.00130	0.00912	0.00326	0.00261	0.00586
31	0.01242	0.01187	0.01960	0.02848	0.68678	0.01230	0.01473	0.01599	0.05950	0.01650	0.01000	0.01281	0.00838	0.00496	0.00584	0.00157	0.06322	0.00458	0.00265	0.00783
32	0.00616	0.00440	0.00587	0.00704	0.00733	0.00411	0.00469	0.00704	0.00968	0.01291	0.02787	0.81899	0.03344	0.01584	0.00645	0.00205	0.00293	0.01438	0.00469	0.00411
33	0.01458	0.00716	0.00937	0.00786	0.01041	0.00658	0.00622	0.01771	0.07452	0.36921	0.38170	0.02702	0.02932	0.00823	0.00550	0.00159	0.00338	0.00705	0.00585	0.00675
34	0.09626	0.01150	0.01500	0.06894	0.01561	0.01421	0.04367	0.19879	0.01250	0.06722	0.00918	0.01172	0.00742	0.00713	0.01047	0.00188	0.39430	0.00441	0.00327	0.00653
35	0.00747	0.00569	0.00805	0.00796	0.00858	0.00662	0.00597	0.00882	0.00806	0.01149	0.01447	0.07843	0.01472	0.18096	0.53872	0.00663	0.07383	0.00634	0.00288	0.00429
36	0.00612	0.00457	0.00569	0.00660	0.00722	0.00414	0.00450	0.00709	0.01011	0.01308	0.03329	0.64019	0.20874	0.01514	0.00634	0.00197	0.00285	0.01352	0.00469	0.00414
37	0.01026	0.01026	0.01871	0.54145	0.03080	0.01161	0.20657	0.01371	0.01049	0.01388	0.00921	0.01329	0.00701	0.00495	0.00571	0.00167	0.04062	0.00480	0.00236	0.04263

[dist]
# distance from previous block
# <min> <max>
0	2

[block]
# block no. 1 follows, 49 sequences, length 33
# corresponding to MSA columns:
# 403-435
name=unknown_B
#
# <colnr> <probs for GDERKNQSTAVLIFYWHMCP>
#	G	D	E	R	K	N	Q	S	T	A	V	L	I	F	Y	W	H	M	C	P
0	0.12314	0.01370	0.11329	0.13944	0.27390	0.03390	0.19946	0.01540	0.01100	0.01654	0.00918	0.01205	0.00717	0.00461	0.00497	0.00159	0.00672	0.00450	0.00252	0.00690
1	0.85801	0.00978	0.00743	0.00665	0.00978	0.01134	0.00548	0.01486	0.00861	0.02269	0.00704	0.00821	0.00548	0.00469	0.00313	0.00156	0.00391	0.00274	0.00313	0.00548
2	0.00640	0.00514	0.00571	0.00557	0.00709	0.00445	0.00418	0.00808	0.01253	0.01603	0.31556	0.04476	0.52287	0.01192	0.00597	0.00167	0.00250	0.01012	0.00501	0.00445
3	0.01049	0.00899	0.01049	0.00749	0.01198	0.00674	0.00599	0.01273	0.01049	0.01648	0.00899	0.01049	0.00749	0.00374	0.00374	0.00075	0.00374	0.00300	0.00300	0.85320
4	0.01038	0.08196	0.74235	0.01401	0.02126	0.01232	0.01798	0.01595	0.01065	0.01573	0.00893	0.01050	0.00641	0.00477	0.00470	0.00157	0.00733	0.00366	0.00214	0.00740
5	0.00611	0.00459	0.00567	0.00653	0.00720	0.00415	0.00447	0.00710	0.01017	0.01311	0.03403	0.61574	0.23271	0.01504	0.00633	0.00196	0.00284	0.01340	0.00469	0.00415
6	0.37704	0.42069	0.06966	0.00817	0.01220	0.01572	0.00795	0.01508	0.00958	0.01682	0.00717	0.00833	0.00605	0.00452	0.00330	0.00132	0.00490	0.00279	0.00258	0.00612
7	0.00615	0.00504	0.00545	0.00570	0.00713	0.00434	0.00424	0.00745	0.01129	0.01376	0.06245	0.17744	0.60444	0.01332	0.00611	0.00180	0.00273	0.05217	0.00471	0.00427
8	0.00830	0.08632	0.08736	0.00837	0.01029	0.00803	0.00733	0.01080	0.02759	0.01434	0.19941	0.02273	0.02017	0.06905	0.37667	0.00478	0.02403	0.00599	0.00336	0.00507
9	0.01120	0.27534	0.55613	0.01262	0.01911	0.01432	0.01556	0.01574	0.01055	0.01473	0.00844	0.00988	0.00643	0.00466	0.00432	0.00144	0.00683	0.00341	0.00214	0.00717
10	0.00643	0.00514	0.00576	0.00560	0.00711	0.00446	0.00420	0.00814	0.01260	0.01622	0.33633	0.04445	0.50199	0.01185	0.00597	0.00166	0.00249	0.01008	0.00503	0.00446
11	0.01014	0.02616	0.79609	0.01441	0.02189	0.01174	0.01868	0.01601	0.01068	0.01601	0.00907	0.01068	0.00641	0.00480	0.00480	0.00160	0.00747	0.00374	0.00214	0.00747
12	0.01049	0.00899	0.01049	0.00749	0.01198	0.00674	0.00599	0.01273	0.01049	0.01648	0.00899	0.01049	0.00749	0.00374	0.00374	0.00075	0.00374	0.00300	0.00300	0.85320
13	0.00768	0.00572	0.00721	0.00674	0.00809	0.00552	0.00508	0.01121	0.08798	0.02036	0.71439	0.03596	0.04461	0.01000	0.00589	0.00160	0.00254	0.00882	0.00553	0.00508
14	0.00829	0.11762	0.01048	0.00778	0.00955	0.00740	0.03215	0.01050	0.01252	0.01690	0.39864	0.03613	0.09103	0.01215	0.06223	0.00214	0.00425	0.15069	0.00456	0.00500
15	0.00640	0.00514	0.00572	0.00557	0.00709	0.00445	0.00418	0.00809	0.01254	0.01606	0.31833	0.04472	0.52009	0.01191	0.00597	0.00167	0.00250	0.01012	0.00501	0.00445
16	0.01352	0.82533	0.02650	0.00865	0.01298	0.02001	0.00865	0.01514	0.01027	0.01190	0.00703	0.00811	0.00649	0.00433	0.00324	0.00108	0.00541	0.00270	0.00216	0.00649
17	0.01103	0.02491	0.74049	0.01403	0.02125	0.01144	0.01789	0.01663	0.01095	0.07117	0.00985	0.01114	0.00684	0.00491	0.00482	0.00160	0.00725	0.00383	0.00243	0.00755
18	0.00598	0.00512	0.00512	0.00512	0.00683	0.00427	0.00384	0.00726	0.01153	0.01366	0.05123	0.04866	0.78869	0.01281	0.00598	0.00171	0.00256	0.01067	0.00470	0.00427
19	0.47273	0.06914	0.01162	0.00866	0.01218	0.01350	0.00723	0.27600	0.04818	0.02501	0.00939	0.01003	0.00706	0.00524	0.00389	0.00152	0.00459	0.00349	0.00381	0.00673
20	0.00598	0.00512	0.00512	0.00512	0.00683	0.00427	0.00384	0.00726	0.01153	0.01366	0.05123	0.04866	0.78869	0.01281	0.00598	0.00171	0.00256	0.01067	0.00470	0.00427
21	0.01481	0.00718	0.00944	0.00782	0.01039	0.00652	0.00622	0.05435	0.01486	0.37260	0.40046	0.02716	0.02978	0.00827	0.00552	0.00158	0.00341	0.00707	0.00586	0.00670
22	0.00616	0.00440	0.00587	0.00704	0.00733	0.00411	0.00469	0.00704	0.00968	0.01291	0.02787	0.81899	0.03344	0.01584	0.00645	0.00205	0.00293	0.01438	0.00469	0.00411
23	0.85801	0.00978	0.00743	0.00665	0.00978	0.01134	0.00548	0.01486	0.00861	0.02269	0.00704	0.00821	0.00548	0.00469	0.00313	0.00156	0.00391	0.00274	0.00313	0.00548
24	0.03999	0.14942	0.01686	0.01101	0.01508	0.01629	0.00934	0.62761	0.02113	0.02830	0.01116	0.01137	0.00817	0.00574	0.00471	0.00145	0.00550	0.00420	0.00453	0.00817
25	0.75437	0.00991	0.00792	0.00710	0.01019	0.01150	0.00579	0.01634	0.10336	0.02250	0.00870	0.00952	0.00670	0.00496	0.00338	0.00158	0.00392	0.00310	0.00338	0.00579
26	0.01044	0.01109	0.10679	0.00834	0.01320	0.00735	0.00755	0.01313	0.01051	0.01642	0.00900	0.01051	0.00736	0.00387	0.00387	0.00085	0.00420	0.00309	0.00289	0.74953
27	0.01352	0.82533	0.02650	0.00865	0.01298	0.02001	0.00865	0.01514	0.01027	0.01190	0.00703	0.00811	0.00649	0.00433	0.00324	0.00108	0.00541	0.00270	0.00216	0.00649
28	0.71860	0.00958	0.00815	0.00704	0.01030	0.01069	0.00580	0.01650	0.00958	0.15145	0.00920	0.00972	0.00665	0.00496	0.00346	0.00156	0.00398	0.00313	0.00365	0.00600
29	0.00722	0.00542	0.00813	0.00813	0.00903	0.00632	0.00632	0.00903	0.00813	0.01174	0.01354	0.01987	0.01264	0.03792	0.80225	0.00813	0.01354	0.00542	0.00271	0.00451
30	0.00955	0.00899	0.01517	0.81013	0.03483	0.01123	0.01404	0.01292	0.01011	0.01292	0.00899	0.01348	0.00674	0.00506	0.00506	0.00169	0.00674	0.00449	0.00225	0.00562
31	0.02269	0.00861	0.01174	0.00900	0.01291	0.00743	0.00743	0.02464	0.01447	0.79425	0.01995	0.01721	0.01252	0.00626	0.00509	0.00156	0.00430	0.00509	0.00626	0.00861
32	0.01052	0.00812	0.00920	0.00869	0.01051	0.00867	0.00651	0.17116	0.20675	0.01927	0.05731	0.38018	0.05988	0.01118	0.00579	0.00182	0.00371	0.00976	0.00492	0.00605

[dist]
# distance from previous block
# <min> <max>
0	2

[block]
# block no. 2 follows, 49 sequences, length 18
# corresponding to MSA columns:
# 438-455
name=unknown_C
#
# <colnr> <probs for GDERKNQSTAVLIFYWHMCP>
#	G	D	E	R	K	N	Q	S	T	A	V	L	I	F	Y	W	H	M	C	P
0	0.00735	0.00490	0.00552	0.00552	0.00552	0.00490	0.00306	0.00735	0.00735	0.00980	0.01593	0.03309	0.01838	0.82229	0.02574	0.00490	0.00490	0.00735	0.00306	0.00306
1	0.01056	0.00968	0.01525	0.62730	0.09549	0.01165	0.01336	0.05106	0.08689	0.01494	0.01033	0.01387	0.00779	0.00524	0.00506	0.00166	0.00635	0.00462	0.00269	0.00620
2	0.01837	0.10271	0.01556	0.01255	0.01537	0.69877	0.00965	0.04479	0.01424	0.01298	0.00788	0.00912	0.00658	0.00515	0.00445	0.00129	0.00864	0.00325	0.00264	0.00602
3	0.00598	0.00512	0.00512	0.00512	0.00683	0.00427	0.00384	0.00726	0.01153	0.01366	0.05123	0.04866	0.78869	0.01281	0.00598	0.00171	0.00256	0.01067	0.00470	0.00427
4	0.01110	0.01944	0.38482	0.01812	0.02432	0.01230	0.42322	0.01611	0.01135	0.01611	0.00969	0.01227	0.00709	0.00451	0.00543	0.00166	0.00804	0.00493	0.00236	0.00712
5	0.02269	0.00861	0.01174	0.00900	0.01291	0.00743	0.00743	0.02464	0.01447	0.79425	0.01995	0.01721	0.01252	0.00626	0.00509	0.00156	0.00430	0.00509	0.00626	0.00861
6	0.00725	0.00530	0.00754	0.00754	0.00824	0.00600	0.00559	0.00865	0.00795	0.01130	0.01408	0.02285	0.01394	0.21482	0.62712	0.00740	0.01160	0.00585	0.00279	0.00419
7	0.85801	0.00978	0.00743	0.00665	0.00978	0.01134	0.00548	0.01486	0.00861	0.02269	0.00704	0.00821	0.00548	0.00469	0.00313	0.00156	0.00391	0.00274	0.00313	0.00548
8	0.00716	0.00517	0.00676	0.00636	0.00755	0.00477	0.00477	0.00954	0.01431	0.02028	0.78808	0.03777	0.04771	0.01034	0.00596	0.00159	0.00239	0.00914	0.00557	0.00477
9	0.01922	0.01416	0.01518	0.01163	0.01568	0.01568	0.00961	0.77388	0.02378	0.03187	0.01214	0.01214	0.00860	0.00607	0.00506	0.00152	0.00556	0.00455	0.00506	0.00860
10	0.01889	0.02410	0.01433	0.01303	0.01563	0.80199	0.00977	0.02019	0.01433	0.01238	0.00782	0.00912	0.00651	0.00521	0.00456	0.00130	0.00912	0.00326	0.00261	0.00586
11	0.00611	0.00491	0.00548	0.00591	0.00713	0.00427	0.00428	0.00730	0.01091	0.01346	0.04253	0.30729	0.50869	0.01387	0.00617	0.00185	0.00276	0.03816	0.00469	0.00423
12	0.01464	0.01189	0.01259	0.01071	0.01393	0.01354	0.00850	0.25827	0.54685	0.02447	0.01797	0.01678	0.01332	0.00662	0.00512	0.00165	0.00449	0.00536	0.00512	0.00819
13	0.00676	0.00501	0.00616	0.00614	0.00719	0.00456	0.00442	0.00846	0.01236	0.01676	0.43975	0.17028	0.19988	0.08023	0.00772	0.00197	0.00273	0.01019	0.00503	0.00441
14	0.01245	0.00885	0.01009	0.00894	0.01146	0.00951	0.00696	0.02141	0.44199	0.13419	0.24774	0.02422	0.02457	0.00780	0.00538	0.00166	0.00357	0.00664	0.00543	0.00713
15	0.01752	0.02189	0.01445	0.12984	0.01845	0.68610	0.01040	0.01913	0.01371	0.01246	0.00799	0.00976	0.00655	0.00519	0.00463	0.00136	0.00877	0.00344	0.00255	0.00583
16	0.00686	0.00516	0.00635	0.00605	0.00737	0.00465	0.00454	0.00898	0.01362	0.01864	0.60533	0.04047	0.23148	0.01095	0.00597	0.00162	0.00243	0.00952	0.00535	0.00465
17	0.00955	0.00899	0.01517	0.81013	0.03483	0.01123	0.01404	0.01292	0.01011	0.01292	0.00899	0.01348	0.00674	0.00506	0.00506	0.00169	0.00674	0.00449	0.00225	0.00562

[dist]
# distance from previous block
# <min> <max>
0	40

[block]
# block no. 3 follows, 49 sequences, length 60
# corresponding to MSA columns:
# 496-555
name=unknown_D
#
# <colnr> <probs for GDERKNQSTAVLIFYWHMCP>
#	G	D	E	R	K	N	Q	S	T	A	V	L	I	F	Y	W	H	M	C	P
0	0.01922	0.01416	0.01518	0.01163	0.01568	0.01568	0.00961	0.77388	0.02378	0.03187	0.01214	0.01214	0.00860	0.00607	0.00506	0.00152	0.00556	0.00455	0.00506	0.00860
1	0.01352	0.82533	0.02650	0.00865	0.01298	0.02001	0.00865	0.01514	0.01027	0.01190	0.00703	0.00811	0.00649	0.00433	0.00324	0.00108	0.00541	0.00270	0.00216	0.00649
2	0.00612	0.00475	0.00558	0.00617	0.00712	0.00421	0.00432	0.00725	0.01069	0.01356	0.07139	0.44805	0.36418	0.01427	0.00622	0.00188	0.00275	0.01253	0.00473	0.00421
3	0.01280	0.65528	0.19025	0.00988	0.01487	0.01825	0.01079	0.01533	0.01036	0.01277	0.00747	0.00866	0.00647	0.00443	0.00358	0.00119	0.00585	0.00292	0.00216	0.00670
4	0.03966	0.01280	0.01356	0.01099	0.01457	0.01440	0.00889	0.47228	0.30828	0.02759	0.01517	0.01456	0.01108	0.00633	0.00504	0.00159	0.00493	0.00494	0.00504	0.00829
5	0.00673	0.00484	0.00666	0.00768	0.00824	0.00477	0.00566	0.00805	0.00991	0.01325	0.02580	0.54996	0.02983	0.01826	0.10848	0.00289	0.00467	0.17563	0.00443	0.00428
6	0.01194	0.01364	0.02984	0.02131	0.02643	0.01279	0.77238	0.01620	0.01194	0.01620	0.01023	0.01364	0.00767	0.00426	0.00597	0.00171	0.00853	0.00597	0.00256	0.00682
7	0.00735	0.00493	0.00563	0.00563	0.00567	0.00497	0.00321	0.00743	0.00739	0.00989	0.01583	0.03250	0.01813	0.78733	0.06034	0.00505	0.00529	0.00727	0.00305	0.00313
8	0.01194	0.01364	0.02984	0.02131	0.02643	0.01279	0.77238	0.01620	0.01194	0.01620	0.01023	0.01364	0.00767	0.00426	0.00597	0.00171	0.00853	0.00597	0.00256	0.00682
9	0.00685	0.00489	0.00665	0.00782	0.00842	0.00470	0.00588	0.00822	0.01036	0.01367	0.02749	0.55652	0.03195	0.01520	0.00664	0.00215	0.00353	0.27009	0.00468	0.00430
10	0.01258	0.01086	0.01143	0.01029	0.01315	0.01258	0.00800	0.02687	0.78161	0.02115	0.02058	0.01887	0.01544	0.00686	0.00515	0.00172	0.00400	0.00572	0.00515	0.00800
11	0.00799	0.00491	0.00534	0.00538	0.00658	0.00478	0.00400	0.00983	0.01036	0.01591	0.02600	0.05604	0.22620	0.04801	0.10756	0.00241	0.00398	0.00689	0.44334	0.00447
12	0.01025	0.05243	0.77079	0.01422	0.02159	0.01202	0.01835	0.01599	0.01066	0.01588	0.00901	0.01059	0.00641	0.00479	0.00475	0.00158	0.00741	0.00370	0.00214	0.00744
13	0.00598	0.00512	0.00512	0.00512	0.00683	0.00427	0.00384	0.00726	0.01153	0.01366	0.05123	0.04866	0.78869	0.01281	0.00598	0.00171	0.00256	0.01067	0.00470	0.00427
14	0.01049	0.00899	0.01049	0.00749	0.01198	0.00674	0.00599	0.01273	0.01049	0.01648	0.00899	0.01049	0.00749	0.00374	0.00374	0.00075	0.00374	0.00300	0.00300	0.85320
15	0.01058	0.01011	0.01668	0.48379	0.23866	0.01205	0.01402	0.01352	0.01016	0.01380	0.00880	0.01287	0.00707	0.00544	0.00668	0.00171	0.12099	0.00449	0.00231	0.00626
16	0.00598	0.00512	0.00512	0.00512	0.00683	0.00427	0.00384	0.00726	0.01153	0.01366	0.05123	0.04866	0.78869	0.01281	0.00598	0.00171	0.00256	0.01067	0.00470	0.00427
17	0.01130	0.01082	0.01856	0.34641	0.46764	0.01172	0.03166	0.01448	0.01096	0.01505	0.00932	0.01293	0.00749	0.00472	0.00505	0.00158	0.00636	0.00453	0.00240	0.00701
18	0.01196	0.00623	0.00830	0.00718	0.00921	0.00559	0.00559	0.01421	0.01436	0.25946	0.55070	0.03142	0.03684	0.00908	0.00569	0.00158	0.00298	0.00789	0.00578	0.00596
19	0.01152	0.01073	0.01671	0.29147	0.36354	0.01187	0.01337	0.01712	0.17951	0.01631	0.01176	0.01423	0.00920	0.00521	0.00505	0.00161	0.00582	0.00477	0.00299	0.00719
20	0.02197	0.00975	0.01244	0.00954	0.01348	0.00913	0.00788	0.17879	0.01639	0.63739	0.01834	0.01617	0.01171	0.00622	0.00508	0.00155	0.00456	0.00498	0.00601	0.00860
21	0.01288	0.01418	0.02751	0.02058	0.05854	0.05633	0.64154	0.07178	0.01291	0.01715	0.01021	0.01323	0.00769	0.00446	0.00578	0.00166	0.00823	0.00565	0.00274	0.00695
22	0.00724	0.00535	0.00779	0.00779	0.00858	0.00614	0.00590	0.00882	0.00803	0.01149	0.01385	0.02156	0.01338	0.13837	0.70281	0.00771	0.01244	0.00567	0.00275	0.00433
23	0.01061	0.01105	0.04084	0.47552	0.15600	0.01174	0.19281	0.01420	0.01078	0.01436	0.00937	0.01328	0.00716	0.00477	0.00526	0.00166	0.00706	0.00482	0.00236	0.00634
24	0.01922	0.01416	0.01518	0.01163	0.01568	0.01568	0.00961	0.77388	0.02378	0.03187	0.01214	0.01214	0.00860	0.00607	0.00506	0.00152	0.00556	0.00455	0.00506	0.00860
25	0.01618	0.01265	0.01346	0.01102	0.01452	0.01426	0.00888	0.43232	0.37029	0.02697	0.01600	0.01522	0.01173	0.00643	0.00510	0.00161	0.00485	0.00509	0.00510	0.00833
26	0.85801	0.00978	0.00743	0.00665	0.00978	0.01134	0.00548	0.01486	0.00861	0.02269	0.00704	0.00821	0.00548	0.00469	0.00313	0.00156	0.00391	0.00274	0.00313	0.00548
27	0.00716	0.00517	0.00676	0.00636	0.00755	0.00477	0.00477	0.00954	0.01431	0.02028	0.78808	0.03777	0.04771	0.01034	0.00596	0.00159	0.00239	0.00914	0.00557	0.00477
28	0.00616	0.00440	0.00587	0.00704	0.00733	0.00411	0.00469	0.00704	0.00968	0.01291	0.02787	0.81899	0.03344	0.01584	0.00645	0.00205	0.00293	0.01438	0.00469	0.00411
29	0.00606	0.00481	0.00545	0.00596	0.00705	0.00420	0.00421	0.00716	0.01072	0.01333	0.04102	0.38537	0.45858	0.01413	0.00619	0.00186	0.00272	0.01229	0.00469	0.00420
30	0.00616	0.00440	0.00587	0.00704	0.00733	0.00411	0.00469	0.00704	0.00968	0.01291	0.02787	0.81899	0.03344	0.01584	0.00645	0.00205	0.00293	0.01438	0.00469	0.00411
31	0.00672	0.00505	0.00623	0.00628	0.00745	0.00457	0.00466	0.00855	0.01266	0.01703	0.42860	0.17666	0.24010	0.01210	0.00610	0.00173	0.00263	0.04321	0.00515	0.00452
32	0.01234	0.01252	0.02340	0.02803	0.55454	0.01225	0.24942	0.01573	0.01164	0.01642	0.00973	0.01286	0.00791	0.00443	0.00530	0.00156	0.00679	0.00496	0.00252	0.00764
33	0.02269	0.00861	0.01174	0.00900	0.01291	0.00743	0.00743	0.02464	0.01447	0.79425	0.01995	0.01721	0.01252	0.00626	0.00509	0.00156	0.00430	0.00509	0.00626	0.00861
34	0.01941	0.01386	0.01499	0.01149	0.01553	0.01523	0.00949	0.73272	0.02326	0.07376	0.01257	0.01242	0.00881	0.00608	0.00506	0.00152	0.00550	0.00458	0.00512	0.00860
35	0.85801	0.00978	0.00743	0.00665	0.00978	0.01134	0.00548	0.01486	0.00861	0.02269	0.00704	0.00821	0.00548	0.00469	0.00313	0.00156	0.00391	0.00274	0.00313	0.00548
36	0.02212	0.00951	0.01230	0.00943	0.01336	0.00878	0.00779	0.14706	0.01599	0.66968	0.01867	0.01638	0.01188	0.00623	0.00508	0.00156	0.00451	0.00500	0.00606	0.00860
37	0.85801	0.00978	0.00743	0.00665	0.00978	0.01134	0.00548	0.01486	0.00861	0.02269	0.00704	0.00821	0.00548	0.00469	0.00313	0.00156	0.00391	0.00274	0.00313	0.00548
38	0.01215	0.50229	0.33758	0.01098	0.01658	0.01667	0.01271	0.01549	0.01044	0.01356	0.00786	0.00915	0.00646	0.00452	0.00388	0.00129	0.00624	0.00312	0.00215	0.00689
39	0.00722	0.00542	0.00813	0.00813	0.00903	0.00632	0.00632	0.00903	0.00813	0.01174	0.01354	0.01987	0.01264	0.03792	0.80225	0.00813	0.01354	0.00542	0.00271	0.00451
40	0.00878	0.00439	0.00659	0.00659	0.00659	0.00439	0.00439	0.00659	0.00659	0.00878	0.00878	0.01537	0.00878	0.01757	0.01976	0.85288	0.00439	0.00439	0.00220	0.00220
41	0.85801	0.00978	0.00743	0.00665	0.00978	0.01134	0.00548	0.01486	0.00861	0.02269	0.00704	0.00821	0.00548	0.00469	0.00313	0.00156	0.00391	0.00274	0.00313	0.00548
42	0.01033	0.07007	0.75380	0.01410	0.02140	0.01220	0.01813	0.01597	0.01065	0.01579	0.00896	0.01054	0.00641	0.00478	0.00472	0.00157	0.00736	0.00368	0.00214	0.00742
43	0.00722	0.00542	0.00813	0.00813	0.00903	0.00632	0.00632	0.00903	0.00813	0.01174	0.01354	0.01987	0.01264	0.03792	0.80225	0.00813	0.01354	0.00542	0.00271	0.00451
44	0.01081	0.18349	0.64458	0.01328	0.02013	0.01337	0.01671	0.01584	0.01060	0.01520	0.00867	0.01017	0.00642	0.00471	0.00450	0.00150	0.00707	0.00353	0.00214	0.00728
45	0.75055	0.01161	0.00832	0.00747	0.01053	0.11259	0.00603	0.01555	0.00934	0.02137	0.00714	0.00833	0.00561	0.00476	0.00331	0.00153	0.00458	0.00280	0.00306	0.00553
46	0.00716	0.00517	0.00676	0.00636	0.00755	0.00477	0.00477	0.00954	0.01431	0.02028	0.78808	0.03777	0.04771	0.01034	0.00596	0.00159	0.00239	0.00914	0.00557	0.00477
47	0.01201	0.01149	0.01960	0.16495	0.66082	0.01188	0.01527	0.01507	0.01127	0.01590	0.00942	0.01268	0.00779	0.00460	0.00501	0.00153	0.00613	0.00450	0.00246	0.00760
48	0.02079	0.00842	0.01103	0.00860	0.01217	0.00755	0.00706	0.06516	0.01450	0.65205	0.01907	0.01714	0.01235	0.00620	0.00489	0.00151	0.00412	0.00501	0.11428	0.00811
49	0.01252	0.01201	0.02053	0.03104	0.79074	0.01201	0.01552	0.01552	0.01151	0.01652	0.00951	0.01252	0.00801	0.00451	0.00501	0.00150	0.00601	0.00451	0.00250	0.00801
50	0.00767	0.00640	0.00685	0.00656	0.00842	0.00621	0.00501	0.01201	0.18048	0.01647	0.16998	0.04048	0.47502	0.01111	0.00582	0.00170	0.00290	0.02678	0.00494	0.00518
51	0.00722	0.00542	0.00813	0.00813	0.00903	0.00632	0.00632	0.00903	0.00813	0.01174	0.01354	0.01987	0.01264	0.03792	0.80225	0.00813	0.01354	0.00542	0.00271	0.00451
52	0.00731	0.00495	0.00559	0.00563	0.00576	0.00490	0.00329	0.00746	0.00773	0.01020	0.01825	0.03479	0.06108	0.74926	0.02399	0.00464	0.00477	0.03402	0.00321	0.00319
53	0.01252	0.01201	0.02053	0.03104	0.79074	0.01201	0.01552	0.01552	0.01151	0.01652	0.00951	0.01252	0.00801	0.00451	0.00501	0.00150	0.00601	0.00451	0.00250	0.00801
54	0.12930	0.00884	0.01117	0.00874	0.01252	0.00811	0.00720	0.02347	0.04083	0.66812	0.01832	0.01612	0.01172	0.00608	0.00484	0.00157	0.00424	0.00481	0.00582	0.00818
55	0.00973	0.00789	0.00906	0.00847	0.01029	0.02340	0.02071	0.08285	0.22655	0.01878	0.20353	0.23749	0.08713	0.01048	0.00578	0.00176	0.00357	0.02168	0.00497	0.00586
56	0.01404	0.00888	0.01085	0.00793	0.01225	0.00694	0.00641	0.01620	0.01165	0.24308	0.01218	0.01245	0.00895	0.00448	0.00414	0.00099	0.00391	0.00360	0.00395	0.60713
57	0.01351	0.01393	0.01162	0.01065	0.01249	0.32922	0.00823	0.05699	0.01176	0.04743	0.01102	0.01445	0.00958	0.01982	0.35398	0.00436	0.05807	0.00442	0.00292	0.00553
58	0.04753	0.01634	0.28982	0.01586	0.02094	0.01104	0.34518	0.01493	0.02609	0.01616	0.02814	0.12037	0.01154	0.00619	0.00549	0.00171	0.00700	0.00624	0.00283	0.00661
59	0.59199	0.00999	0.01030	0.01118	0.14446	0.01089	0.00749	0.01639	0.00995	0.13311	0.00933	0.01025	0.00693	0.00489	0.00373	0.00155	0.00433	0.00338	0.00347	0.00636

[dist]
# distance from previous block
# <min> <max>
0	1

[block]
# block no. 4 follows, 49 sequences, length 34
# corresponding to MSA columns:
# 557-590
name=unknown_E
#
# <colnr> <probs for GDERKNQSTAVLIFYWHMCP>
#	G	D	E	R	K	N	Q	S	T	A	V	L	I	F	Y	W	H	M	C	P
0	0.01502	0.35063	0.04789	0.01032	0.01450	0.09875	0.06810	0.01781	0.05396	0.15205	0.01073	0.01126	0.00827	0.00484	0.00415	0.00125	0.00563	0.00368	0.00324	0.11792
1	0.01352	0.82533	0.02650	0.00865	0.01298	0.02001	0.00865	0.01514	0.01027	0.01190	0.00703	0.00811	0.00649	0.00433	0.00324	0.00108	0.00541	0.00270	0.00216	0.00649
2	0.69105	0.17101	0.01120	0.00705	0.01041	0.01306	0.00610	0.01492	0.00894	0.02055	0.00704	0.00819	0.00568	0.00462	0.00315	0.00147	0.00421	0.00273	0.00294	0.00568
3	0.00903	0.00827	0.01400	0.55393	0.02748	0.00969	0.06569	0.01188	0.01015	0.01315	0.01327	0.14346	0.01266	0.03822	0.00623	0.00190	0.00609	0.04678	0.00282	0.00532
4	0.01258	0.01086	0.01143	0.01029	0.01315	0.01258	0.00800	0.02687	0.78161	0.02115	0.02058	0.01887	0.01544	0.00686	0.00515	0.00172	0.00400	0.00572	0.00515	0.00800
5	0.00724	0.00536	0.00784	0.00784	0.00865	0.00617	0.00597	0.00885	0.00804	0.01153	0.01380	0.02131	0.01327	0.12336	0.71767	0.00778	0.01260	0.00563	0.00275	0.00436
6	0.00616	0.00440	0.00587	0.00704	0.00733	0.00411	0.00469	0.00704	0.00968	0.01291	0.02787	0.81899	0.03344	0.01584	0.00645	0.00205	0.00293	0.01438	0.00469	0.00411
7	0.01436	0.01267	0.01259	0.04307	0.01475	0.08645	0.00873	0.17337	0.52942	0.02212	0.01726	0.01641	0.01291	0.00648	0.00507	0.00164	0.00490	0.00521	0.00478	0.00783
8	0.01076	0.00769	0.00904	0.00813	0.01023	0.00803	0.00627	0.01767	0.30879	0.09659	0.41813	0.02850	0.03187	0.00860	0.00556	0.00164	0.00319	0.00743	0.00547	0.00639
9	0.01230	0.53706	0.30410	0.01073	0.01619	0.01703	0.01227	0.01546	0.01042	0.01338	0.00777	0.00904	0.00646	0.00450	0.00381	0.00127	0.00615	0.00308	0.00215	0.00684
10	0.01380	0.01332	0.05344	0.10327	0.02298	0.01300	0.38490	0.21302	0.05055	0.04583	0.01169	0.01438	0.00873	0.00523	0.00554	0.00166	0.00709	0.02090	0.00344	0.00725
11	0.00969	0.00682	0.00828	0.00752	0.00933	0.00687	0.00576	0.01492	0.20006	0.08110	0.54215	0.03159	0.03714	0.00918	0.00570	0.00162	0.00293	0.00800	0.00552	0.00585
12	0.01252	0.01201	0.02053	0.03104	0.79074	0.01201	0.01552	0.01552	0.01151	0.01652	0.00951	0.01252	0.00801	0.00451	0.00501	0.00150	0.00601	0.00451	0.00250	0.00801
13	0.00815	0.00582	0.00815	0.00931	0.01048	0.00582	0.00815	0.01048	0.01164	0.01513	0.02677	0.05704	0.02910	0.01397	0.00698	0.00233	0.00466	0.75671	0.00466	0.00466
14	0.01352	0.82533	0.02650	0.00865	0.01298	0.02001	0.00865	0.01514	0.01027	0.01190	0.00703	0.00811	0.00649	0.00433	0.00324	0.00108	0.00541	0.00270	0.00216	0.00649
15	0.00735	0.00490	0.00552	0.00552	0.00552	0.00490	0.00306	0.00735	0.00735	0.00980	0.01593	0.03309	0.01838	0.82229	0.02574	0.00490	0.00490	0.00735	0.00306	0.00306
16	0.01906	0.01895	0.01477	0.01231	0.01566	0.39463	0.00969	0.41065	0.01922	0.02247	0.01006	0.01068	0.00759	0.00566	0.00482	0.00141	0.00728	0.00393	0.00388	0.00728
17	0.00716	0.00517	0.00676	0.00636	0.00755	0.00477	0.00477	0.00954	0.01431	0.02028	0.78808	0.03777	0.04771	0.01034	0.00596	0.00159	0.00239	0.00914	0.00557	0.00477
18	0.01245	0.01219	0.02154	0.02998	0.70749	0.01210	0.09796	0.01559	0.01156	0.01649	0.00959	0.01264	0.00797	0.00448	0.00511	0.00152	0.00628	0.00466	0.00251	0.00788
19	0.01121	0.27788	0.55369	0.01260	0.01908	0.01435	0.01552	0.01574	0.01055	0.01472	0.00843	0.00987	0.00643	0.00465	0.00431	0.00144	0.00682	0.00341	0.00214	0.00716
20	0.00598	0.00512	0.00512	0.00512	0.00683	0.00427	0.00384	0.00726	0.01153	0.01366	0.05123	0.04866	0.78869	0.01281	0.00598	0.00171	0.00256	0.01067	0.00470	0.00427
21	0.01230	0.01241	0.02232	0.02318	0.34191	0.01242	0.30626	0.01803	0.16392	0.01731	0.01198	0.01421	0.00935	0.00488	0.00540	0.00162	0.00658	0.00531	0.00305	0.00755
22	0.00815	0.00582	0.00815	0.00931	0.01048	0.00582	0.00815	0.01048	0.01164	0.01513	0.02677	0.05704	0.02910	0.01397	0.00698	0.00233	0.00466	0.75671	0.00466	0.00466
23	0.85801	0.00978	0.00743	0.00665	0.00978	0.01134	0.00548	0.01486	0.00861	0.02269	0.00704	0.00821	0.00548	0.00469	0.00313	0.00156	0.00391	0.00274	0.00313	0.00548
24	0.00716	0.00517	0.00676	0.00636	0.00755	0.00477	0.00477	0.00954	0.01431	0.02028	0.78808	0.03777	0.04771	0.01034	0.00596	0.00159	0.00239	0.00914	0.00557	0.00477
25	0.01191	0.44354	0.39416	0.01140	0.01723	0.01606	0.01344	0.01556	0.01047	0.01386	0.00801	0.00934	0.00645	0.00455	0.00399	0.00133	0.00639	0.00320	0.00215	0.00696
26	0.01893	0.02302	0.01442	0.01288	0.01564	0.71634	0.00975	0.10228	0.01536	0.01450	0.00829	0.00945	0.00674	0.00530	0.00461	0.00133	0.00873	0.00340	0.00287	0.00616
27	0.00737	0.08036	0.09348	0.00669	0.00923	0.00672	0.00607	0.00958	0.02898	0.01459	0.11528	0.03917	0.54292	0.01080	0.00559	0.00163	0.00336	0.00895	0.00429	0.00495
28	0.02104	0.01056	0.01214	0.00965	0.01334	0.07903	0.00783	0.06959	0.09858	0.59474	0.01847	0.01637	0.01207	0.00622	0.00504	0.00155	0.00477	0.00496	0.00574	0.00830
29	0.01830	0.11137	0.01566	0.01255	0.01534	0.71681	0.00965	0.01964	0.01389	0.01232	0.00773	0.00901	0.00651	0.00511	0.00442	0.00128	0.00871	0.00320	0.00256	0.00593
30	0.45546	0.01371	0.01451	0.01165	0.01519	0.16817	0.19212	0.04507	0.01112	0.01943	0.00816	0.00986	0.00633	0.00474	0.00417	0.00155	0.00612	0.00369	0.00296	0.00600
31	0.01704	0.02111	0.01450	0.17061	0.01943	0.64566	0.01062	0.01875	0.01350	0.01248	0.00805	0.00998	0.00656	0.00518	0.00466	0.00138	0.00865	0.00350	0.00253	0.00581
32	0.01680	0.01014	0.01188	0.00948	0.01281	0.01034	0.00768	0.28504	0.10142	0.25711	0.16868	0.01940	0.01821	0.00696	0.00520	0.00154	0.00431	0.00569	0.00545	0.04184
33	0.00655	0.00514	0.00591	0.00572	0.00718	0.00451	0.00429	0.00836	0.01287	0.01685	0.40634	0.04342	0.43159	0.01162	0.00597	0.00165	0.00248	0.00994	0.00512	0.00451

[dist]
# distance from previous block
# <min> <max>
1	29

[block]
# block no. 5 follows, 49 sequences, length 17
# corresponding to MSA columns:
# 620-636
name=unknown_F
#
# <colnr> <probs for GDERKNQSTAVLIFYWHMCP>
#	G	D	E	R	K	N	Q	S	T	A	V	L	I	F	Y	W	H	M	C	P
0	0.02269	0.00861	0.01174	0.00900	0.01291	0.00743	0.00743	0.02464	0.01447	0.79425	0.01995	0.01721	0.01252	0.00626	0.00509	0.00156	0.00430	0.00509	0.00626	0.00861
1	0.01772	0.00751	0.01014	0.00815	0.01119	0.00658	0.00658	0.01981	0.01442	0.54647	0.26586	0.02379	0.02378	0.00756	0.00537	0.00157	0.00369	0.00638	0.00604	0.00738
2	0.00670	0.00479	0.00649	0.00766	0.00819	0.00457	0.00563	0.00797	0.01021	0.01351	0.02757	0.61259	0.03227	0.01533	0.00660	0.00213	0.00340	0.21546	0.00468	0.00426
3	0.01586	0.01789	0.01125	0.01037	0.01251	0.54675	0.00777	0.01750	0.01314	0.01445	0.01059	0.01224	0.00858	0.00543	0.00423	0.00126	0.00695	0.00372	0.27400	0.00549
4	0.00654	0.00456	0.00575	0.00655	0.00675	0.00436	0.00417	0.00714	0.00894	0.01191	0.02405	0.56739	0.02862	0.27402	0.01263	0.00297	0.00356	0.01213	0.00417	0.00377
5	0.00691	0.00497	0.00539	0.00539	0.00594	0.00470	0.00331	0.00732	0.00869	0.01104	0.02723	0.03808	0.26499	0.56314	0.01941	0.00388	0.00415	0.00842	0.00359	0.00345
6	0.00598	0.00512	0.00512	0.00512	0.00683	0.00427	0.00384	0.00726	0.01153	0.01366	0.05123	0.04866	0.78869	0.01281	0.00598	0.00171	0.00256	0.01067	0.00470	0.00427
7	0.01900	0.02092	0.01460	0.01258	0.01565	0.55026	0.00972	0.26148	0.01735	0.01862	0.00920	0.01009	0.00718	0.00549	0.00472	0.00137	0.00798	0.00367	0.00339	0.00674
8	0.01782	0.01347	0.01439	0.01135	0.01515	0.01503	0.00927	0.61672	0.18321	0.02961	0.01392	0.01356	0.01004	0.00624	0.00508	0.00156	0.00524	0.00480	0.00508	0.00847
9	0.28752	0.01952	0.01212	0.01099	0.01376	0.54887	0.00840	0.01849	0.01250	0.01568	0.00757	0.00883	0.00618	0.00505	0.00410	0.00139	0.00745	0.00309	0.00277	0.00574
10	0.02172	0.01016	0.01270	0.00973	0.01368	0.00974	0.00804	0.23400	0.01707	0.58122	0.01777	0.01579	0.01142	0.00621	0.00508	0.00155	0.00466	0.00494	0.00592	0.00860
11	0.01136	0.01765	0.27514	0.01910	0.02497	0.01245	0.53109	0.01614	0.01153	0.01614	0.00986	0.01269	0.00727	0.00444	0.00560	0.00167	0.00819	0.00525	0.00242	0.00703
12	0.01090	0.02163	0.54780	0.01974	0.26803	0.01183	0.01767	0.01586	0.01094	0.01618	0.00921	0.01126	0.00692	0.00471	0.00487	0.00157	0.00700	0.00398	0.00225	0.00765
13	0.00755	0.00587	0.00735	0.00718	0.00882	0.00495	0.00511	0.00886	0.00994	0.01405	0.02183	0.56016	0.02514	0.01197	0.00559	0.00164	0.00319	0.01073	0.00415	0.27593
14	0.00610	0.00463	0.00563	0.00643	0.00717	0.00416	0.00442	0.00711	0.01027	0.01315	0.03535	0.57238	0.27523	0.01487	0.00630	0.00194	0.00281	0.01319	0.00469	0.00416
15	0.01177	0.01095	0.01713	0.04918	0.51652	0.01030	0.01242	0.01454	0.01114	0.01639	0.00933	0.01190	0.00780	0.00428	0.00460	0.00127	0.00531	0.00402	0.00265	0.27851
16	0.01014	0.02616	0.79609	0.01441	0.02189	0.01174	0.01868	0.01601	0.01068	0.01601	0.00907	0.01068	0.00641	0.00480	0.00480	0.00160	0.00747	0.00374	0.00214	0.00747

[dist]
# distance from previous block
# <min> <max>
0	7

[block]
# block no. 6 follows, 49 sequences, length 10
# corresponding to MSA columns:
# 644-653
name=unknown_G
#
# <colnr> <probs for GDERKNQSTAVLIFYWHMCP>
#	G	D	E	R	K	N	Q	S	T	A	V	L	I	F	Y	W	H	M	C	P
0	0.01133	0.00822	0.01017	0.00998	0.01197	0.00865	0.00857	0.22989	0.01513	0.01994	0.02257	0.04414	0.02321	0.01170	0.00643	0.00210	0.00492	0.54053	0.00477	0.00579
1	0.01280	0.24577	0.02224	0.02460	0.56720	0.01431	0.01355	0.01541	0.01116	0.01519	0.00880	0.01125	0.00757	0.00445	0.00450	0.00138	0.00584	0.00399	0.00241	0.00757
2	0.01049	0.00899	0.01049	0.00749	0.01198	0.00674	0.00599	0.01273	0.01049	0.01648	0.00899	0.01049	0.00749	0.00374	0.00374	0.00075	0.00374	0.00300	0.00300	0.85320
3	0.01938	0.01438	0.01605	0.01261	0.01637	0.23736	0.14893	0.07448	0.01462	0.37284	0.01413	0.01387	0.00963	0.00558	0.00509	0.00151	0.00655	0.00468	0.00444	0.00749
4	0.00616	0.00440	0.00587	0.00704	0.00733	0.00411	0.00469	0.00704	0.00968	0.01291	0.02787	0.81899	0.03344	0.01584	0.00645	0.00205	0.00293	0.01438	0.00469	0.00411
5	0.01080	0.01027	0.01743	0.48064	0.35451	0.01156	0.01467	0.01402	0.01070	0.01444	0.00921	0.01307	0.00728	0.00482	0.00503	0.00161	0.00643	0.00450	0.00236	0.00663
6	0.01641	0.01184	0.08280	0.01037	0.01412	0.01111	0.00895	0.10289	0.37796	0.27892	0.01845	0.01688	0.01294	0.00639	0.00509	0.00163	0.00458	0.00521	0.00523	0.00822
7	0.01163	0.00992	0.01598	0.02347	0.56517	0.00992	0.01207	0.01445	0.01125	0.01719	0.01152	0.01434	0.00943	0.00490	0.00458	0.00141	0.00496	0.00457	0.24619	0.00706
8	0.00689	0.00488	0.00648	0.00749	0.00799	0.00471	0.00547	0.00807	0.00993	0.01313	0.02594	0.49351	0.03016	0.12458	0.00922	0.00252	0.00370	0.22678	0.00446	0.00412
9	0.01188	0.01526	0.23696	0.01148	0.01566	0.01234	0.01107	0.02375	0.56003	0.01968	0.01727	0.01651	0.01284	0.00627	0.00505	0.00168	0.00500	0.00515	0.00428	0.00785

[dist]
# distance from previous block
# <min> <max>
0	3

[block]
# block no. 7 follows, 49 sequences, length 21
# corresponding to MSA columns:
# 657-677
name=unknown_H
#
# <colnr> <probs for GDERKNQSTAVLIFYWHMCP>
#	G	D	E	R	K	N	Q	S	T	A	V	L	I	F	Y	W	H	M	C	P
0	0.00868	0.01671	0.43952	0.01152	0.01600	0.00867	0.03398	0.01260	0.01081	0.01549	0.08776	0.24702	0.01905	0.00888	0.00552	0.00177	0.00560	0.04101	0.00331	0.00611
1	0.00791	0.00681	0.00882	0.00814	0.00903	0.00773	0.00637	0.00950	0.01125	0.01553	0.30070	0.10539	0.22280	0.01104	0.00913	0.00185	0.24028	0.00864	0.00428	0.00480
2	0.00615	0.00468	0.00568	0.00646	0.00725	0.00420	0.00450	0.00720	0.01035	0.01322	0.03564	0.54245	0.28543	0.01478	0.00631	0.00195	0.00285	0.03206	0.00469	0.00418
3	0.01016	0.00987	0.01576	0.50251	0.02693	0.01279	0.03797	0.01276	0.00933	0.01276	0.00820	0.01263	0.00674	0.00637	0.00916	0.00187	0.29178	0.00452	0.00225	0.00563
4	0.01655	0.05829	0.01414	0.01110	0.01458	0.39208	0.00872	0.17949	0.01517	0.01757	0.00900	0.01006	0.00721	0.00498	0.00439	0.00120	0.00680	0.00344	0.00321	0.22200
5	0.00732	0.00503	0.00618	0.00618	0.00641	0.00526	0.00389	0.00778	0.00755	0.01030	0.01533	0.02973	0.01692	0.62279	0.22324	0.00572	0.00710	0.00686	0.00297	0.00343
6	0.00722	0.00516	0.00708	0.00825	0.00900	0.00502	0.00653	0.00887	0.01072	0.01409	0.02729	0.41406	0.03114	0.01485	0.00674	0.00220	0.00385	0.40888	0.00467	0.00440
7	0.01112	0.30427	0.09406	0.01232	0.01637	0.01325	0.23263	0.01411	0.01183	0.01567	0.20682	0.01752	0.01731	0.00588	0.00488	0.00144	0.00575	0.00540	0.00314	0.00624
8	0.01089	0.01130	0.01803	0.54377	0.03054	0.08498	0.17592	0.01423	0.01094	0.01364	0.00966	0.01437	0.00757	0.00516	0.00526	0.00167	0.00728	0.02651	0.00242	0.00587
9	0.22278	0.00596	0.00607	0.00644	0.00782	0.00599	0.00467	0.00909	0.00989	0.01559	0.02872	0.41011	0.22502	0.01221	0.00548	0.00184	0.00308	0.01044	0.00430	0.00450
10	0.00700	0.00496	0.00542	0.00542	0.00585	0.00474	0.00326	0.00733	0.00841	0.01079	0.02491	0.03705	0.21431	0.61640	0.02071	0.00409	0.00431	0.00820	0.00348	0.00337
11	0.01818	0.25031	0.01728	0.00992	0.01394	0.01438	0.00860	0.29090	0.06034	0.24701	0.01339	0.01282	0.00951	0.00566	0.00454	0.00141	0.00506	0.00423	0.00456	0.00795
12	0.01183	0.21791	0.02034	0.27374	0.35192	0.01380	0.01330	0.01459	0.01075	0.01420	0.00871	0.01170	0.00722	0.00464	0.00457	0.00145	0.00609	0.00404	0.00233	0.00686
13	0.00602	0.00494	0.00531	0.00561	0.00696	0.00423	0.00406	0.00720	0.01106	0.01347	0.04529	0.24459	0.59660	0.01358	0.00610	0.00180	0.00266	0.01161	0.00470	0.00423
14	0.01359	0.00889	0.01080	0.00787	0.01222	0.00692	0.00636	0.01576	0.01150	0.21430	0.01178	0.01220	0.00877	0.00438	0.00409	0.00096	0.00389	0.00353	0.00383	0.63838
15	0.00650	0.00482	0.00582	0.00619	0.00699	0.00440	0.00426	0.00768	0.01081	0.01423	0.19495	0.34319	0.22644	0.12935	0.00899	0.00227	0.00300	0.01131	0.00465	0.00414
16	0.01168	0.36477	0.26599	0.01018	0.01554	0.01402	0.01115	0.01481	0.01046	0.01437	0.00818	0.00953	0.00672	0.00433	0.00387	0.00116	0.00564	0.00311	0.00237	0.22216
17	0.01261	0.01735	0.29847	0.01493	0.02016	0.01239	0.22605	0.20802	0.01413	0.01967	0.01106	0.03521	0.00857	0.00790	0.06834	0.00214	0.00764	0.00500	0.00311	0.00725
18	0.00807	0.00458	0.00621	0.00621	0.00665	0.00436	0.00425	0.00676	0.00784	0.01002	0.01958	0.02384	0.20715	0.01636	0.01626	0.63638	0.00393	0.00599	0.00283	0.00272
19	0.00809	0.21353	0.01097	0.00673	0.00863	0.00828	0.00542	0.00947	0.01099	0.01377	0.11936	0.26305	0.28149	0.01125	0.00542	0.00164	0.00337	0.00955	0.00415	0.00485
20	0.01391	0.17165	0.17894	0.01108	0.01551	0.28732	0.01046	0.01647	0.01182	0.01409	0.00823	0.00960	0.00673	0.00459	0.00416	0.00118	0.00671	0.00319	0.00252	0.22183

[dist]
# distance from previous block
# <min> <max>
0	180

# created by:
# /st0/software/busco_prod/Augustus/scripts/msa2prfl.pl ./align_prep/48609.fa
