[name]
unknown

[dist]
# distance from previous block
# <min> <max>
0	117

[block]
# block no. 0 follows, 45 sequences, length 44
# corresponding to MSA columns:
# 199-242
name=unknown_A
#
# <colnr> <probs for GDERKNQSTAVLIFYWHMCP>
#	G	D	E	R	K	N	Q	S	T	A	V	L	I	F	Y	W	H	M	C	P
0	0.00819	0.00595	0.00805	0.00914	0.01036	0.00582	0.00778	0.01039	0.01216	0.01567	0.03160	0.12691	0.11962	0.01486	0.00724	0.00237	0.00451	0.58960	0.00495	0.00484
1	0.06464	0.33517	0.12435	0.05541	0.01684	0.17864	0.01120	0.03478	0.04164	0.01498	0.00871	0.01033	0.00727	0.00546	0.00532	0.00147	0.07076	0.00357	0.00266	0.00681
2	0.02819	0.05851	0.08827	0.12619	0.14780	0.01337	0.11369	0.17923	0.04486	0.12844	0.01253	0.01397	0.00910	0.00557	0.00534	0.00166	0.00648	0.00493	0.00384	0.00802
3	0.39246	0.01689	0.01192	0.01045	0.01370	0.32059	0.00821	0.10444	0.01365	0.05066	0.00896	0.00996	0.00693	0.00543	0.00424	0.00154	0.00656	0.00345	0.00347	0.00649
4	0.00728	0.00533	0.00660	0.00733	0.00816	0.00503	0.00539	0.00853	0.01080	0.01388	0.03258	0.29784	0.20062	0.16451	0.01072	0.00274	0.00389	0.19981	0.00465	0.00434
5	0.01608	0.01357	0.02010	0.01869	0.17759	0.02990	0.19299	0.27016	0.08416	0.06887	0.01367	0.04550	0.01064	0.00611	0.00565	0.00170	0.00651	0.00571	0.00417	0.00823
6	0.01359	0.01455	0.02983	0.02141	0.02670	0.01394	0.66966	0.10526	0.01416	0.01917	0.01110	0.01429	0.00826	0.00475	0.00622	0.00179	0.00868	0.00616	0.00303	0.00746
7	0.02240	0.00877	0.01186	0.00921	0.01311	0.00759	0.00757	0.02447	0.01521	0.70646	0.06234	0.02095	0.05020	0.00719	0.00549	0.00167	0.00438	0.00590	0.00653	0.00871
8	0.01501	0.45435	0.16570	0.01063	0.01557	0.01679	0.01098	0.08419	0.01268	0.10652	0.01037	0.01135	0.00820	0.00709	0.04803	0.00177	0.00651	0.00371	0.00312	0.00744
9	0.63040	0.01186	0.00955	0.00826	0.01168	0.08197	0.00672	0.05902	0.01132	0.11345	0.00948	0.01017	0.00698	0.00531	0.00382	0.00163	0.00480	0.00336	0.00378	0.00643
10	0.00690	0.00511	0.00645	0.00685	0.00778	0.00465	0.00486	0.00851	0.01246	0.01677	0.31310	0.38913	0.16955	0.01407	0.00657	0.00193	0.00283	0.01250	0.00533	0.00465
11	0.00751	0.00524	0.00666	0.00692	0.00723	0.00542	0.00452	0.00820	0.00854	0.01163	0.01890	0.19279	0.02126	0.44399	0.22235	0.00547	0.00716	0.00883	0.00352	0.00389
12	0.06706	0.01617	0.01496	0.01198	0.01588	0.17661	0.00968	0.46374	0.02089	0.13141	0.01276	0.01272	0.00905	0.00620	0.00515	0.00157	0.00641	0.00452	0.00489	0.00834
13	0.01014	0.00954	0.01610	0.79845	0.03697	0.01193	0.01491	0.01371	0.01073	0.01371	0.00954	0.01431	0.00716	0.00537	0.00537	0.00179	0.00716	0.00477	0.00239	0.00596
14	0.01001	0.00500	0.00500	0.00500	0.00625	0.00500	0.00375	0.01251	0.01126	0.02001	0.01751	0.02001	0.01376	0.00625	0.00375	0.00125	0.00250	0.00500	0.84115	0.00500
15	0.01321	0.01079	0.01224	0.00898	0.01361	0.00938	0.00725	0.17667	0.03325	0.02118	0.01058	0.01174	0.00842	0.00460	0.00432	0.00100	0.00440	0.00361	0.00372	0.64105
16	0.01450	0.01113	0.01202	0.01046	0.01361	0.01239	0.00823	0.11304	0.53732	0.09169	0.04378	0.02184	0.07056	0.00768	0.00553	0.00178	0.00432	0.00634	0.00554	0.00825
17	0.01001	0.00500	0.00500	0.00500	0.00625	0.00500	0.00375	0.01251	0.01126	0.02001	0.01751	0.02001	0.01376	0.00625	0.00375	0.00125	0.00250	0.00500	0.84115	0.00500
18	0.01057	0.00825	0.00972	0.00952	0.01142	0.00885	0.00752	0.07614	0.25869	0.01991	0.13209	0.18073	0.02813	0.01153	0.00636	0.00202	0.00411	0.20283	0.00529	0.00634
19	0.01066	0.00952	0.01325	0.15376	0.13783	0.04024	0.03907	0.03511	0.12414	0.01703	0.10665	0.16897	0.02012	0.02993	0.06738	0.00242	0.00594	0.00769	0.00396	0.00632
20	0.02009	0.02433	0.01532	0.01365	0.01660	0.69813	0.01035	0.10900	0.01640	0.01559	0.00884	0.01006	0.00718	0.00564	0.00490	0.00141	0.00923	0.00362	0.00307	0.00657
21	0.00843	0.00592	0.00791	0.00882	0.00973	0.00592	0.00722	0.01024	0.01115	0.01457	0.02538	0.05382	0.02788	0.22555	0.01268	0.00319	0.00501	0.54758	0.00450	0.00450
22	0.13420	0.00878	0.01082	0.05297	0.01346	0.00868	0.00752	0.02079	0.10254	0.39882	0.02027	0.16493	0.01643	0.00832	0.00539	0.00178	0.00434	0.00694	0.00549	0.00752
23	0.00934	0.00810	0.01321	0.10688	0.12655	0.00836	0.09113	0.01205	0.03528	0.02583	0.02092	0.23643	0.08325	0.01641	0.16724	0.00329	0.00709	0.01917	0.00369	0.00579
24	0.01570	0.01255	0.01421	0.01173	0.01460	0.01460	0.00954	0.33859	0.21373	0.03986	0.01750	0.01773	0.07228	0.00786	0.00803	0.00184	0.17130	0.00566	0.00476	0.00791
25	0.00678	0.00543	0.00591	0.00580	0.00733	0.00472	0.00426	0.00833	0.01263	0.01595	0.23356	0.04741	0.53161	0.07706	0.00803	0.00205	0.00287	0.01064	0.00508	0.00456
26	0.01001	0.00500	0.00500	0.00500	0.00625	0.00500	0.00375	0.01251	0.01126	0.02001	0.01751	0.02001	0.01376	0.00625	0.00375	0.00125	0.00250	0.00500	0.84115	0.00500
27	0.13495	0.08520	0.10497	0.01037	0.01456	0.01204	0.00948	0.20017	0.01555	0.25475	0.01545	0.07827	0.01203	0.00698	0.00505	0.00167	0.00523	0.02065	0.00479	0.00785
28	0.00789	0.00570	0.00801	0.00899	0.00993	0.00581	0.00729	0.00985	0.01103	0.01470	0.02579	0.24755	0.02845	0.02066	0.17067	0.00368	0.00644	0.39827	0.00452	0.00476
29	0.01481	0.01172	0.01122	0.00992	0.01287	0.11620	0.00772	0.02277	0.36671	0.16183	0.02667	0.02489	0.17304	0.00824	0.00555	0.00173	0.00473	0.00669	0.00522	0.00748
30	0.01001	0.00500	0.00500	0.00500	0.00625	0.00500	0.00375	0.01251	0.01126	0.02001	0.01751	0.02001	0.01376	0.00625	0.00375	0.00125	0.00250	0.00500	0.84115	0.00500
31	0.05324	0.01123	0.01399	0.01104	0.01442	0.01197	0.00914	0.21740	0.01639	0.40989	0.01580	0.01525	0.01072	0.00704	0.00760	0.00178	0.15430	0.00502	0.00537	0.00839
32	0.01211	0.01169	0.01919	0.01855	0.22620	0.01054	0.19100	0.01520	0.01171	0.01728	0.00993	0.01255	0.00812	0.00450	0.00535	0.00131	0.03161	0.00443	0.00290	0.38584
33	0.01572	0.02276	0.20227	0.17800	0.02246	0.43833	0.01362	0.01874	0.01333	0.01420	0.00888	0.01105	0.00694	0.00539	0.00501	0.00154	0.00873	0.00386	0.00256	0.00658
34	0.01221	0.01312	0.02408	0.01837	0.02109	0.01500	0.38610	0.01506	0.01045	0.01506	0.00896	0.01312	0.00760	0.00695	0.01196	0.00208	0.40418	0.00552	0.00253	0.00656
35	0.09404	0.01313	0.01418	0.02852	0.01566	0.01446	0.00931	0.44975	0.16418	0.11900	0.01502	0.01454	0.01067	0.00647	0.00521	0.00167	0.00530	0.00496	0.00529	0.00864
36	0.00839	0.01118	0.18798	0.20166	0.01845	0.00807	0.01082	0.01119	0.01063	0.01447	0.02011	0.43106	0.02199	0.01133	0.00609	0.00197	0.00521	0.01010	0.00372	0.00557
37	0.00781	0.00520	0.00585	0.00585	0.00585	0.00520	0.00325	0.00781	0.00781	0.01041	0.01691	0.03513	0.01952	0.81135	0.02732	0.00520	0.00520	0.00781	0.00325	0.00325
38	0.00696	0.00511	0.00660	0.00746	0.00825	0.00475	0.00543	0.00839	0.01147	0.01511	0.12141	0.49095	0.14464	0.01535	0.00680	0.00211	0.00327	0.12629	0.00509	0.00456
39	0.01335	0.01250	0.05832	0.01221	0.07207	0.08129	0.00923	0.02245	0.39815	0.07000	0.16905	0.02194	0.02098	0.00750	0.00554	0.00172	0.00480	0.00629	0.00498	0.00762
40	0.08227	0.00865	0.01056	0.00828	0.01194	0.00750	0.00665	0.01797	0.02784	0.30269	0.17375	0.01981	0.01884	0.00657	0.00497	0.00139	0.00391	0.00540	0.00509	0.27590
41	0.00916	0.00772	0.01143	0.01260	0.11192	0.00904	0.00859	0.01135	0.03187	0.01354	0.01430	0.09002	0.01404	0.05761	0.43531	0.00575	0.14085	0.00640	0.00304	0.00547
42	0.01421	0.01507	0.01395	0.01551	0.17302	0.26642	0.00994	0.03587	0.15861	0.01680	0.02836	0.10755	0.07195	0.00766	0.00540	0.00162	0.00623	0.00630	0.00381	0.04172
43	0.03837	0.26601	0.15026	0.01478	0.15162	0.01481	0.01196	0.04709	0.10217	0.13518	0.01233	0.01291	0.00933	0.00543	0.00467	0.00151	0.00583	0.00424	0.00355	0.00795

[dist]
# distance from previous block
# <min> <max>
1	10

[block]
# block no. 1 follows, 45 sequences, length 43
# corresponding to MSA columns:
# 253-295
name=unknown_B
#
# <colnr> <probs for GDERKNQSTAVLIFYWHMCP>
#	G	D	E	R	K	N	Q	S	T	A	V	L	I	F	Y	W	H	M	C	P
0	0.17913	0.08458	0.08737	0.01363	0.10979	0.14910	0.01051	0.05877	0.12840	0.04408	0.01282	0.01626	0.01065	0.00633	0.00486	0.00165	0.00608	0.06522	0.00363	0.00714
1	0.18436	0.04878	0.16232	0.02933	0.08381	0.01050	0.05373	0.01413	0.01161	0.03106	0.18701	0.05185	0.01857	0.00854	0.03273	0.02141	0.03450	0.00585	0.00360	0.00631
2	0.01303	0.19353	0.28852	0.01247	0.04299	0.02846	0.02574	0.05249	0.06565	0.06650	0.06295	0.04004	0.01207	0.00599	0.00487	0.00152	0.00607	0.00476	0.00336	0.06899
3	0.00769	0.00565	0.00813	0.00813	0.00892	0.00644	0.00609	0.00927	0.00848	0.01209	0.01483	0.02360	0.01451	0.17799	0.65384	0.00802	0.01274	0.00612	0.00294	0.00452
4	0.00747	0.00548	0.00700	0.00662	0.00794	0.00501	0.00496	0.00988	0.01489	0.02080	0.70074	0.04129	0.12540	0.01124	0.00633	0.00170	0.00255	0.00987	0.00581	0.00501
5	0.01385	0.16560	0.31700	0.01549	0.11602	0.07107	0.01441	0.01819	0.05160	0.08529	0.01067	0.01209	0.00816	0.00561	0.00589	0.00162	0.07271	0.00413	0.00293	0.00766
6	0.01324	0.01449	0.17111	0.17473	0.05777	0.01298	0.01309	0.19283	0.01393	0.04532	0.01110	0.01402	0.00866	0.01083	0.11265	0.00271	0.11531	0.00477	0.00329	0.00718
7	0.00669	0.00542	0.00593	0.00586	0.00748	0.00467	0.00438	0.00835	0.01296	0.01636	0.24730	0.07570	0.55412	0.01301	0.00636	0.00179	0.00268	0.01103	0.00523	0.00467
8	0.01400	0.73764	0.10200	0.00978	0.01470	0.02038	0.01023	0.01616	0.01095	0.01306	0.00767	0.00888	0.00688	0.00464	0.00361	0.00120	0.00595	0.00298	0.00229	0.00699
9	0.00761	0.00558	0.00798	0.00825	0.00903	0.00617	0.00623	0.00922	0.00906	0.01268	0.01790	0.13254	0.01858	0.12634	0.52882	0.00684	0.01098	0.06826	0.00338	0.00456
10	0.00979	0.00891	0.01392	0.59503	0.02954	0.02719	0.01238	0.01265	0.01021	0.01311	0.01102	0.01784	0.00951	0.12522	0.07989	0.00290	0.00758	0.00527	0.00256	0.00547
11	0.00683	0.00545	0.00617	0.00636	0.00786	0.00479	0.00484	0.00848	0.01257	0.01581	0.17383	0.12610	0.49459	0.01360	0.00651	0.00190	0.00297	0.09156	0.00514	0.00465
12	0.01480	0.34719	0.10339	0.02661	0.02631	0.03006	0.02346	0.15865	0.11868	0.03952	0.02675	0.01396	0.03723	0.00590	0.00461	0.00147	0.00577	0.00443	0.00361	0.00759
13	0.01285	0.44703	0.15634	0.15326	0.08324	0.01715	0.03268	0.01588	0.01111	0.01411	0.00852	0.01064	0.00709	0.00483	0.00431	0.00141	0.00651	0.00365	0.00235	0.00705
14	0.03347	0.21861	0.23098	0.01498	0.05558	0.02915	0.15228	0.11195	0.02555	0.04977	0.01066	0.01268	0.00825	0.00529	0.00497	0.00157	0.00696	0.01658	0.00308	0.00765
15	0.01220	0.00916	0.01133	0.01059	0.03926	0.01033	0.00792	0.14132	0.17225	0.05465	0.01583	0.02023	0.01354	0.11062	0.30519	0.00475	0.04447	0.00580	0.00403	0.00652
16	0.03185	0.00598	0.00777	0.00732	0.00886	0.00557	0.00563	0.01179	0.01454	0.09668	0.57807	0.08611	0.04332	0.01103	0.00627	0.00177	0.00299	0.06323	0.00578	0.00544
17	0.01476	0.01801	0.18953	0.04538	0.08580	0.11825	0.19524	0.11342	0.07694	0.05787	0.01213	0.01428	0.00914	0.00560	0.00551	0.00169	0.00750	0.01782	0.00341	0.00772
18	0.26304	0.12000	0.05837	0.09779	0.23177	0.01304	0.03034	0.01659	0.01115	0.08067	0.01018	0.02737	0.00816	0.00528	0.00453	0.00160	0.00565	0.00422	0.00313	0.00713
19	0.00883	0.00725	0.00799	0.00749	0.00948	0.00731	0.00571	0.01465	0.23646	0.01916	0.28143	0.03852	0.31335	0.01087	0.00608	0.00177	0.00311	0.00924	0.00543	0.00588
20	0.00769	0.00567	0.00822	0.00822	0.00904	0.00649	0.00620	0.00932	0.00851	0.01216	0.01475	0.02316	0.01432	0.15392	0.67765	0.00812	0.01303	0.00605	0.00293	0.00457
21	0.01526	0.48774	0.14319	0.01134	0.01599	0.21812	0.01116	0.01760	0.01208	0.01345	0.00802	0.00931	0.00688	0.00491	0.00406	0.00130	0.00710	0.00319	0.00241	0.00688
22	0.02013	0.01517	0.01594	0.01233	0.01654	0.03625	0.01014	0.71352	0.05302	0.03287	0.01311	0.01308	0.00935	0.00645	0.00536	0.00161	0.00594	0.00484	0.00531	0.00903
23	0.01001	0.00500	0.00500	0.00500	0.00625	0.00500	0.00375	0.01251	0.01126	0.02001	0.01751	0.02001	0.01376	0.00625	0.00375	0.00125	0.00250	0.00500	0.84115	0.00500
24	0.01484	0.04734	0.04124	0.04025	0.42202	0.02822	0.01281	0.05723	0.01347	0.15298	0.02865	0.01810	0.08672	0.00621	0.00535	0.00161	0.00571	0.00549	0.00376	0.00800
25	0.56669	0.01431	0.07406	0.00924	0.01298	0.11774	0.00807	0.09030	0.01187	0.04048	0.00862	0.00970	0.00654	0.00525	0.00392	0.00162	0.00540	0.00332	0.00344	0.00645
26	0.00800	0.00640	0.00684	0.00668	0.00844	0.00545	0.00492	0.00929	0.01374	0.01745	0.23662	0.04967	0.57878	0.01360	0.00685	0.00201	0.00313	0.01119	0.00560	0.00534
27	0.01036	0.01041	0.02029	0.01550	0.01880	0.00998	0.39984	0.01389	0.02590	0.01791	0.23341	0.12926	0.02419	0.00827	0.00679	0.00184	0.03474	0.00845	0.00398	0.00620
28	0.00993	0.00900	0.01242	0.01148	0.01172	0.01164	0.00924	0.01114	0.00917	0.01330	0.01538	0.18348	0.01714	0.07810	0.01483	0.00257	0.46404	0.10691	0.00331	0.00522
29	0.01333	0.01105	0.01226	0.00959	0.01374	0.01062	0.00765	0.14040	0.24636	0.02169	0.01388	0.01416	0.01074	0.00540	0.00466	0.00124	0.00438	0.00434	0.00424	0.45028
30	0.01536	0.01442	0.02476	0.01816	0.02300	0.01460	0.44158	0.27095	0.07955	0.02329	0.01246	0.01440	0.00916	0.00541	0.00593	0.00174	0.00758	0.00580	0.00385	0.00799
31	0.01538	0.01254	0.01328	0.01133	0.01473	0.01430	0.00899	0.23906	0.55432	0.02573	0.01927	0.01797	0.01430	0.00704	0.00544	0.00176	0.00473	0.00571	0.00544	0.00868
32	0.84927	0.01038	0.00789	0.00706	0.01038	0.01204	0.00581	0.01578	0.00914	0.02408	0.00747	0.00872	0.00581	0.00498	0.00332	0.00166	0.00415	0.00291	0.00332	0.00581
33	0.08051	0.01191	0.07394	0.47039	0.18508	0.01225	0.06086	0.01491	0.01107	0.01581	0.00957	0.01343	0.00736	0.00514	0.00523	0.00173	0.00692	0.00466	0.00253	0.00670
34	0.01033	0.00880	0.01165	0.01143	0.11526	0.00759	0.00769	0.01261	0.01069	0.01615	0.01227	0.07948	0.01143	0.01259	0.16553	0.00262	0.00636	0.00493	0.00320	0.48938
35	0.02250	0.00878	0.01195	0.00928	0.01316	0.00762	0.00762	0.02462	0.01535	0.70858	0.09358	0.02037	0.01688	0.00706	0.00549	0.00166	0.00437	0.00581	0.00657	0.00874
36	0.00829	0.00606	0.00815	0.00919	0.01052	0.00592	0.00794	0.01059	0.01234	0.01582	0.03248	0.05916	0.14733	0.01464	0.00725	0.00237	0.00460	0.62755	0.00495	0.00488
37	0.01475	0.69029	0.02659	0.01132	0.07016	0.08430	0.00982	0.01655	0.01136	0.01303	0.00773	0.00904	0.00701	0.00468	0.00370	0.00120	0.00611	0.00306	0.00236	0.00695
38	0.00722	0.00529	0.00693	0.00751	0.00840	0.00482	0.00533	0.00869	0.01148	0.01573	0.18085	0.54566	0.03630	0.01455	0.00657	0.00200	0.00317	0.05821	0.00504	0.06625
39	0.55097	0.00941	0.00883	0.00790	0.01103	0.01023	0.00656	0.01692	0.01095	0.16589	0.03910	0.01861	0.01215	0.00683	0.00437	0.00177	0.00428	0.10364	0.00426	0.00630
40	0.01001	0.00500	0.00500	0.00500	0.00625	0.00500	0.00375	0.01251	0.01126	0.02001	0.01751	0.02001	0.01376	0.00625	0.00375	0.00125	0.00250	0.00500	0.84115	0.00500
41	0.81812	0.01033	0.00806	0.00715	0.01051	0.01189	0.00589	0.01617	0.00937	0.05267	0.00799	0.00908	0.00610	0.00505	0.00340	0.00166	0.00417	0.00300	0.00345	0.00594
42	0.12722	0.06791	0.01136	0.00833	0.01143	0.00931	0.00665	0.08112	0.01305	0.29007	0.01901	0.03920	0.07582	0.13753	0.02451	0.00230	0.00479	0.00581	0.00475	0.05982

[dist]
# distance from previous block
# <min> <max>
0	5

[block]
# block no. 2 follows, 45 sequences, length 13
# corresponding to MSA columns:
# 301-313
name=unknown_C
#
# <colnr> <probs for GDERKNQSTAVLIFYWHMCP>
#	G	D	E	R	K	N	Q	S	T	A	V	L	I	F	Y	W	H	M	C	P
0	0.01001	0.00500	0.00500	0.00500	0.00625	0.00500	0.00375	0.01251	0.01126	0.02001	0.01751	0.02001	0.01376	0.00625	0.00375	0.00125	0.00250	0.00500	0.84115	0.00500
1	0.01730	0.19779	0.01767	0.01168	0.01536	0.21476	0.00962	0.23168	0.19313	0.02108	0.01258	0.01277	0.00975	0.00599	0.00482	0.00150	0.00645	0.00433	0.00403	0.00773
2	0.01413	0.00863	0.01185	0.00998	0.01228	0.00922	0.00810	0.01600	0.01099	0.25116	0.01420	0.01675	0.01121	0.01793	0.26669	0.00398	0.17768	0.00504	0.00397	0.13020
3	0.00996	0.01368	0.20265	0.41963	0.02821	0.01102	0.06702	0.01394	0.01128	0.01498	0.01577	0.02037	0.09530	0.00669	0.00559	0.00181	0.00686	0.04612	0.00281	0.00632
4	0.01098	0.01040	0.01762	0.59381	0.23503	0.01215	0.01533	0.01445	0.01113	0.01474	0.00969	0.01404	0.00752	0.00521	0.00535	0.00174	0.00695	0.00477	0.00246	0.00664
5	0.00932	0.00466	0.00699	0.00699	0.00699	0.00466	0.00466	0.00699	0.00699	0.00932	0.00932	0.01632	0.00932	0.01865	0.02098	0.84382	0.00466	0.00466	0.00233	0.00233
6	0.00773	0.00549	0.00729	0.00729	0.00779	0.00599	0.00505	0.00873	0.00823	0.01147	0.01560	0.02784	0.01635	0.41098	0.42337	0.00698	0.00997	0.00674	0.00306	0.00405
7	0.01428	0.01795	0.13462	0.05390	0.07405	0.20529	0.27496	0.03285	0.01308	0.04319	0.01171	0.01454	0.02787	0.02870	0.02759	0.00194	0.00842	0.00518	0.00291	0.00698
8	0.00941	0.00681	0.00826	0.00771	0.00842	0.00748	0.00534	0.09352	0.01000	0.01369	0.01531	0.02796	0.01619	0.49112	0.20729	0.00546	0.05146	0.00681	0.00335	0.00443
9	0.00853	0.00610	0.00848	0.00953	0.01077	0.00605	0.00824	0.01101	0.01268	0.01668	0.11279	0.05824	0.03313	0.01439	0.00729	0.00238	0.00467	0.65901	0.00505	0.00496
10	0.79142	0.01006	0.00794	0.00717	0.01033	0.01168	0.00587	0.01535	0.00910	0.02328	0.00795	0.00957	0.00634	0.00741	0.05740	0.00214	0.00486	0.00310	0.00329	0.00574
11	0.01714	0.54835	0.02322	0.00979	0.01408	0.10516	0.00903	0.01890	0.01237	0.18173	0.01057	0.01086	0.00830	0.00515	0.00403	0.00129	0.00593	0.00349	0.00331	0.00731
12	0.06035	0.00822	0.01005	0.00832	0.01134	0.00763	0.00659	0.01813	0.10374	0.25808	0.29263	0.02480	0.02601	0.00780	0.00542	0.00156	0.00368	0.00657	0.00553	0.13354

[dist]
# distance from previous block
# <min> <max>
1	2

[block]
# block no. 3 follows, 45 sequences, length 16
# corresponding to MSA columns:
# 316-331
name=unknown_D
#
# <colnr> <probs for GDERKNQSTAVLIFYWHMCP>
#	G	D	E	R	K	N	Q	S	T	A	V	L	I	F	Y	W	H	M	C	P
0	0.18232	0.01766	0.01283	0.01127	0.01425	0.36831	0.00873	0.14539	0.06268	0.02035	0.09519	0.01407	0.01254	0.00629	0.00484	0.00154	0.00681	0.00444	0.00384	0.00665
1	0.01490	0.45342	0.22927	0.01122	0.01653	0.07494	0.01200	0.01785	0.01184	0.09952	0.00964	0.01050	0.00758	0.00503	0.00421	0.00137	0.00650	0.00349	0.00281	0.00737
2	0.00823	0.00659	0.01050	0.00942	0.01078	0.00695	0.08962	0.01025	0.01011	0.01427	0.14945	0.02594	0.02040	0.15266	0.44333	0.00610	0.01023	0.00684	0.00346	0.00487
3	0.00928	0.00590	0.00748	0.00685	0.00854	0.00530	0.00522	0.01155	0.01470	0.10785	0.56296	0.03959	0.17235	0.01093	0.00623	0.00171	0.00280	0.00949	0.00583	0.00544
4	0.01113	0.00954	0.01113	0.00795	0.01272	0.00716	0.00636	0.01352	0.01113	0.01749	0.00954	0.01113	0.00795	0.00398	0.00398	0.00080	0.00398	0.00318	0.00318	0.84417
5	0.00764	0.00523	0.00581	0.00581	0.00602	0.00513	0.00335	0.00779	0.00832	0.01088	0.02123	0.03703	0.10661	0.71946	0.02491	0.00481	0.00492	0.00821	0.00345	0.00340
6	0.01095	0.02945	0.14003	0.01454	0.01921	0.01032	0.28778	0.01484	0.03119	0.01697	0.04771	0.12867	0.01393	0.00662	0.00558	0.00159	0.00634	0.00658	0.00329	0.20442
7	0.00649	0.00544	0.00564	0.00559	0.00734	0.00459	0.00419	0.00798	0.01258	0.01531	0.13739	0.05033	0.69218	0.01329	0.00634	0.00180	0.00270	0.01114	0.00509	0.00459
8	0.01952	0.02452	0.01531	0.01438	0.04327	0.72883	0.01051	0.02157	0.04772	0.01370	0.00895	0.01026	0.00738	0.00558	0.00488	0.00141	0.00933	0.00362	0.00288	0.00640
9	0.00767	0.00575	0.00863	0.00863	0.00959	0.00671	0.00671	0.00959	0.00863	0.01246	0.01438	0.02109	0.01342	0.04026	0.79008	0.00863	0.01438	0.00575	0.00288	0.00479
10	0.00921	0.00828	0.03158	0.02404	0.06300	0.00765	0.07373	0.06709	0.04665	0.01700	0.05749	0.21071	0.27370	0.01177	0.00632	0.00192	0.00433	0.07527	0.00459	0.00569
11	0.00882	0.00597	0.00807	0.00752	0.00867	0.00588	0.00541	0.00914	0.00840	0.01199	0.01237	0.02023	0.01221	0.15832	0.27961	0.27169	0.00793	0.00531	0.00282	0.14963
12	0.10893	0.01266	0.10970	0.01219	0.01570	0.01114	0.13909	0.20907	0.01444	0.02096	0.01598	0.21247	0.01564	0.06864	0.00728	0.00207	0.00575	0.00759	0.00403	0.00664
13	0.01564	0.12811	0.24063	0.01535	0.10264	0.28387	0.01339	0.01958	0.06015	0.05715	0.01032	0.01153	0.00799	0.00537	0.00485	0.00151	0.00766	0.00394	0.00293	0.00736
14	0.01391	0.47995	0.26254	0.01145	0.01705	0.01799	0.01262	0.09924	0.01264	0.01636	0.00874	0.00994	0.00711	0.00496	0.00418	0.00137	0.00644	0.00343	0.00263	0.00746
15	0.01805	0.02607	0.01219	0.02445	0.01344	0.03153	0.00767	0.12165	0.03521	0.37047	0.01822	0.10487	0.01440	0.04879	0.00643	0.00176	0.00475	0.00612	0.00530	0.12863

[dist]
# distance from previous block
# <min> <max>
0	7

[block]
# block no. 4 follows, 45 sequences, length 16
# corresponding to MSA columns:
# 339-354
name=unknown_E
#
# <colnr> <probs for GDERKNQSTAVLIFYWHMCP>
#	G	D	E	R	K	N	Q	S	T	A	V	L	I	F	Y	W	H	M	C	P
0	0.01108	0.04553	0.05837	0.08628	0.13253	0.00936	0.10083	0.01396	0.01262	0.07322	0.15158	0.02515	0.15481	0.00827	0.02151	0.00176	0.00533	0.00681	0.00393	0.07707
1	0.00953	0.00818	0.01213	0.31459	0.02095	0.00929	0.00997	0.01314	0.06628	0.01439	0.01238	0.01699	0.01045	0.01922	0.31793	0.00438	0.00937	0.00504	0.00292	0.12286
2	0.00732	0.00500	0.00654	0.00742	0.00777	0.00482	0.00509	0.00802	0.00978	0.01298	0.02512	0.47427	0.02939	0.19173	0.01249	0.06548	0.00395	0.11439	0.00440	0.00405
3	0.01469	0.08602	0.16270	0.08447	0.04132	0.25252	0.01179	0.09078	0.02997	0.03352	0.04357	0.03830	0.05825	0.00672	0.00518	0.00159	0.00708	0.02134	0.00336	0.00682
4	0.00996	0.00779	0.01251	0.01063	0.01306	0.00701	0.14869	0.01221	0.01208	0.07323	0.12069	0.30990	0.04147	0.01094	0.00621	0.00183	0.00454	0.06992	0.00454	0.12280
5	0.01286	0.09362	0.12482	0.01361	0.12089	0.03855	0.01063	0.11046	0.01254	0.03837	0.01135	0.01555	0.00992	0.10945	0.08156	0.00260	0.05590	0.00468	0.00318	0.12945
6	0.01064	0.00796	0.00947	0.00765	0.01084	0.00674	0.00599	0.01390	0.06914	0.07503	0.25825	0.02562	0.10078	0.00761	0.00518	0.00132	0.00345	0.00646	0.00465	0.36932
7	0.00923	0.00794	0.01227	0.01712	0.30619	0.00769	0.00937	0.01121	0.01161	0.01592	0.08708	0.37219	0.08786	0.01139	0.00617	0.00188	0.00430	0.01040	0.00416	0.00604
8	0.01380	0.15346	0.07957	0.01670	0.19138	0.12189	0.02581	0.03877	0.01193	0.01579	0.00888	0.01122	0.00756	0.00551	0.00664	0.00148	0.13191	0.00395	0.00270	0.15105
9	0.01001	0.00500	0.00500	0.00500	0.00625	0.00500	0.00375	0.01251	0.01126	0.02001	0.01751	0.02001	0.01376	0.00625	0.00375	0.00125	0.00250	0.00500	0.84115	0.00500
10	0.25844	0.03671	0.01355	0.01127	0.01466	0.31396	0.00892	0.21760	0.04196	0.02214	0.00974	0.01059	0.00752	0.00566	0.00453	0.00153	0.00680	0.00374	0.00370	0.00698
11	0.01157	0.02480	0.62603	0.01636	0.02372	0.01249	0.14681	0.01736	0.01171	0.04460	0.01026	0.01213	0.00727	0.00506	0.00532	0.00172	0.00800	0.00443	0.00250	0.00786
12	0.02154	0.01222	0.01452	0.04713	0.01630	0.01262	0.00941	0.40644	0.02028	0.35834	0.01634	0.01530	0.01085	0.00648	0.00538	0.00164	0.00538	0.00508	0.00579	0.00899
13	0.00758	0.00560	0.00811	0.00819	0.00903	0.00629	0.00618	0.00929	0.00907	0.01291	0.05896	0.08959	0.01790	0.10073	0.61630	0.00741	0.01200	0.00695	0.00326	0.00464
14	0.01250	0.21552	0.44112	0.01324	0.01956	0.07875	0.03829	0.01682	0.01158	0.01568	0.00903	0.01062	0.00698	0.00489	0.00461	0.00146	0.00721	0.00366	0.00242	0.08607
15	0.40561	0.18443	0.06837	0.00979	0.01356	0.21043	0.00866	0.01735	0.01120	0.01842	0.00783	0.00912	0.00639	0.00505	0.00386	0.00149	0.00615	0.00311	0.00289	0.00629

[dist]
# distance from previous block
# <min> <max>
0	1

[block]
# block no. 5 follows, 45 sequences, length 21
# corresponding to MSA columns:
# 356-376
name=unknown_F
#
# <colnr> <probs for GDERKNQSTAVLIFYWHMCP>
#	G	D	E	R	K	N	Q	S	T	A	V	L	I	F	Y	W	H	M	C	P
0	0.01874	0.07325	0.01693	0.06244	0.04344	0.07590	0.01058	0.54433	0.05513	0.02837	0.01223	0.01275	0.00897	0.00615	0.00519	0.00158	0.00621	0.00463	0.00467	0.00849
1	0.00848	0.00675	0.00972	0.08071	0.01244	0.00744	0.00737	0.01050	0.00911	0.01316	0.01321	0.01959	0.01224	0.07116	0.55097	0.00659	0.03364	0.00539	0.00288	0.11866
2	0.02098	0.00923	0.01214	0.00917	0.01347	0.00771	0.00752	0.02313	0.01435	0.59874	0.01839	0.01656	0.01201	0.00601	0.00506	0.00145	0.00443	0.00487	0.00581	0.20896
3	0.01001	0.00500	0.00500	0.00500	0.00625	0.00500	0.00375	0.01251	0.01126	0.02001	0.01751	0.02001	0.01376	0.00625	0.00375	0.00125	0.00250	0.00500	0.84115	0.00500
4	0.02212	0.01229	0.01441	0.01105	0.01528	0.01257	0.00913	0.41820	0.02064	0.38209	0.01675	0.01539	0.01107	0.00654	0.00538	0.00163	0.00528	0.00510	0.00596	0.00913
5	0.01001	0.00500	0.00500	0.00500	0.00625	0.00500	0.00375	0.01251	0.01126	0.02001	0.01751	0.02001	0.01376	0.00625	0.00375	0.00125	0.00250	0.00500	0.84115	0.00500
6	0.00709	0.00549	0.00648	0.00629	0.00780	0.00487	0.00476	0.00912	0.01382	0.01831	0.43850	0.04579	0.36253	0.01224	0.00637	0.00177	0.00270	0.03577	0.00548	0.00483
7	0.01435	0.81458	0.02813	0.00918	0.01378	0.02124	0.00918	0.01607	0.01091	0.01263	0.00746	0.00861	0.00689	0.00459	0.00344	0.00115	0.00574	0.00287	0.00230	0.00689
8	0.01001	0.00500	0.00500	0.00500	0.00625	0.00500	0.00375	0.01251	0.01126	0.02001	0.01751	0.02001	0.01376	0.00625	0.00375	0.00125	0.00250	0.00500	0.84115	0.00500
9	0.01547	0.20586	0.19208	0.01113	0.01607	0.01415	0.01115	0.18553	0.06271	0.12483	0.01545	0.01545	0.06464	0.00621	0.00488	0.00153	0.00574	0.00474	0.00401	0.03838
10	0.01599	0.09222	0.33275	0.01309	0.01866	0.01294	0.04539	0.11978	0.01409	0.21635	0.01276	0.01325	0.00887	0.00587	0.00586	0.00167	0.05397	0.00450	0.00385	0.00816
11	0.01975	0.01483	0.01663	0.01423	0.08619	0.01629	0.01078	0.69204	0.02405	0.03234	0.01263	0.01292	0.00907	0.00629	0.00536	0.00161	0.00595	0.00483	0.00512	0.00907
12	0.01001	0.00500	0.00500	0.00500	0.00625	0.00500	0.00375	0.01251	0.01126	0.02001	0.01751	0.02001	0.01376	0.00625	0.00375	0.00125	0.00250	0.00500	0.84115	0.00500
13	0.01165	0.00952	0.01118	0.00801	0.01276	0.00718	0.00642	0.01402	0.01130	0.04805	0.01001	0.01142	0.00816	0.00408	0.00403	0.00083	0.00400	0.00327	0.00332	0.81077
14	0.00850	0.00686	0.00814	0.00799	0.00964	0.00689	0.02011	0.04798	0.13222	0.01634	0.03443	0.26855	0.29061	0.01571	0.08433	0.00260	0.00456	0.02427	0.00482	0.00542
15	0.09316	0.01112	0.01231	0.01045	0.01386	0.01204	0.00845	0.16564	0.32326	0.19842	0.01919	0.02046	0.01448	0.00737	0.00539	0.00178	0.00469	0.06422	0.00548	0.00823
16	0.01400	0.43047	0.17969	0.01283	0.01795	0.10460	0.11303	0.01744	0.03759	0.01453	0.00895	0.01047	0.00737	0.00488	0.00440	0.00140	0.00703	0.00374	0.00251	0.00713
17	0.04305	0.01119	0.11535	0.00934	0.01367	0.00791	0.00862	0.01720	0.01264	0.25553	0.01943	0.02197	0.09005	0.00697	0.00511	0.00147	0.00466	0.07228	0.00449	0.27910
18	0.01015	0.00854	0.01004	0.00766	0.01158	0.00658	0.00600	0.01235	0.01142	0.01725	0.06971	0.08858	0.06198	0.00626	0.00456	0.00105	0.00371	0.00527	0.00366	0.65364
19	0.01134	0.01009	0.01469	0.01314	0.06997	0.01030	0.15061	0.01871	0.28798	0.03578	0.16098	0.04127	0.11325	0.00811	0.00587	0.00175	0.00479	0.00743	0.00471	0.02922
20	0.37357	0.01215	0.08192	0.06042	0.07010	0.01123	0.00909	0.07118	0.01188	0.11191	0.01033	0.01145	0.00764	0.00515	0.00425	0.00153	0.00500	0.00374	0.00364	0.13382

[dist]
# distance from previous block
# <min> <max>
8	18

[block]
# block no. 6 follows, 45 sequences, length 11
# corresponding to MSA columns:
# 395-405
name=unknown_G
#
# <colnr> <probs for GDERKNQSTAVLIFYWHMCP>
#	G	D	E	R	K	N	Q	S	T	A	V	L	I	F	Y	W	H	M	C	P
0	0.00749	0.00602	0.00653	0.00659	0.00802	0.00570	0.00471	0.01034	0.10451	0.01509	0.07153	0.17875	0.41858	0.12084	0.00915	0.00233	0.00330	0.01083	0.00485	0.00484
1	0.00745	0.00564	0.00691	0.00682	0.00812	0.00526	0.00502	0.01011	0.05222	0.01876	0.45747	0.17643	0.19512	0.01235	0.00638	0.00181	0.00276	0.01083	0.00553	0.00501
2	0.09852	0.00872	0.01033	0.00885	0.01170	0.00855	0.00704	0.14076	0.01509	0.28660	0.08570	0.16373	0.08173	0.00954	0.00569	0.00179	0.00419	0.03889	0.00554	0.00706
3	0.00688	0.00505	0.00636	0.00687	0.00767	0.00463	0.00478	0.00829	0.01186	0.01590	0.24755	0.43032	0.15152	0.05710	0.00772	0.00214	0.00300	0.01266	0.00516	0.00453
4	0.00776	0.00605	0.00727	0.00685	0.00859	0.00535	0.00509	0.01013	0.03757	0.01805	0.35585	0.16787	0.21420	0.01157	0.00609	0.00169	0.00291	0.01008	0.00517	0.11185
5	0.00711	0.00523	0.00600	0.00616	0.00718	0.00476	0.00427	0.00840	0.01149	0.01518	0.18128	0.19336	0.29750	0.17326	0.01051	0.00251	0.00325	0.01076	0.04744	0.00437
6	0.30914	0.00858	0.00912	0.00769	0.01074	0.00855	0.00612	0.01776	0.01207	0.31327	0.05257	0.02169	0.11000	0.08240	0.00688	0.00201	0.00416	0.00569	0.00492	0.00666
7	0.13599	0.00701	0.00807	0.00742	0.00951	0.00679	0.00568	0.03514	0.01303	0.17032	0.20852	0.19128	0.10978	0.01032	0.00563	0.00177	0.00341	0.00876	0.05570	0.00589
8	0.13136	0.00744	0.00772	0.00757	0.00916	0.04431	0.00558	0.04515	0.01198	0.05463	0.12251	0.28548	0.15248	0.01243	0.00713	0.07194	0.00377	0.00967	0.00463	0.00507
9	0.11248	0.00681	0.00760	0.00738	0.00899	0.00683	0.00551	0.08026	0.01301	0.03668	0.19235	0.25438	0.13498	0.04604	0.00683	0.00199	0.00347	0.02989	0.03927	0.00527
10	0.01273	0.00812	0.00943	0.00852	0.01054	0.00829	0.00654	0.19467	0.03123	0.10162	0.06043	0.19599	0.05354	0.10137	0.00823	0.00219	0.00423	0.06452	0.11166	0.00617

[dist]
# distance from previous block
# <min> <max>
3	24

[block]
# block no. 7 follows, 45 sequences, length 7
# corresponding to MSA columns:
# 430-436
name=unknown_H
#
# <colnr> <probs for GDERKNQSTAVLIFYWHMCP>
#	G	D	E	R	K	N	Q	S	T	A	V	L	I	F	Y	W	H	M	C	P
0	0.01438	0.15774	0.13296	0.07972	0.08159	0.03430	0.05208	0.15459	0.01435	0.06178	0.03169	0.01313	0.00944	0.00539	0.00482	0.00146	0.00608	0.00436	0.03315	0.10701
1	0.09556	0.00771	0.00980	0.00875	0.01097	0.00757	0.05566	0.03908	0.05930	0.07994	0.09673	0.15842	0.14063	0.06100	0.04975	0.00239	0.00469	0.05624	0.00461	0.05119
2	0.01321	0.01016	0.01183	0.06170	0.01435	0.00950	0.00752	0.17529	0.04495	0.04396	0.03145	0.01493	0.01075	0.04901	0.00579	0.00140	0.00457	0.00437	0.05925	0.42602
3	0.01728	0.01307	0.01410	0.04112	0.08830	0.16036	0.03449	0.11360	0.05978	0.22298	0.03615	0.02046	0.01370	0.07794	0.00742	0.00199	0.00615	0.05919	0.00456	0.00736
4	0.00983	0.00747	0.00746	0.00712	0.00866	0.05856	0.00527	0.06593	0.03865	0.01813	0.15414	0.12156	0.18386	0.05132	0.00716	0.03161	0.00363	0.00839	0.20609	0.00516
5	0.00897	0.00826	0.11148	0.03883	0.00997	0.00622	0.00648	0.01115	0.01026	0.01596	0.01815	0.16378	0.01781	0.19742	0.01010	0.00243	0.00417	0.00736	0.34628	0.00491
6	0.17520	0.00949	0.01245	0.01187	0.06113	0.00971	0.06343	0.06626	0.05822	0.16903	0.01912	0.03041	0.01725	0.00895	0.00577	0.00196	0.00513	0.26308	0.00472	0.00681

[dist]
# distance from previous block
# <min> <max>
0	1

[block]
# block no. 8 follows, 45 sequences, length 125
# corresponding to MSA columns:
# 438-562
name=unknown_I
#
# <colnr> <probs for GDERKNQSTAVLIFYWHMCP>
#	G	D	E	R	K	N	Q	S	T	A	V	L	I	F	Y	W	H	M	C	P
0	0.01152	0.00756	0.00890	0.00743	0.00973	0.00677	0.00529	0.01369	0.06551	0.12276	0.01584	0.03966	0.01513	0.37182	0.01495	0.00302	0.00462	0.00605	0.00391	0.26584
1	0.08271	0.05050	0.06914	0.01115	0.01541	0.01229	0.06174	0.11851	0.24863	0.09552	0.01477	0.01475	0.01095	0.00582	0.00493	0.00153	0.00511	0.00475	0.00439	0.16740
2	0.08023	0.00882	0.01130	0.07847	0.12123	0.00933	0.00845	0.10903	0.06827	0.06220	0.03323	0.24649	0.01844	0.00916	0.00545	0.00177	0.00443	0.00794	0.10928	0.00647
3	0.00786	0.00546	0.00687	0.00673	0.00768	0.00524	0.00474	0.00941	0.01188	0.03545	0.34487	0.10216	0.10825	0.22009	0.09666	0.00340	0.00462	0.00931	0.00475	0.00456
4	0.27589	0.09865	0.12300	0.01148	0.01533	0.36253	0.01018	0.01852	0.01235	0.01704	0.00815	0.00951	0.00655	0.00521	0.00427	0.00149	0.00733	0.00330	0.00282	0.00640
5	0.06136	0.11738	0.20153	0.16290	0.07415	0.03140	0.01286	0.03717	0.08368	0.12744	0.03204	0.01411	0.00999	0.00568	0.00496	0.00163	0.00620	0.00454	0.00350	0.00749
6	0.03348	0.00616	0.00727	0.00719	0.00817	0.00613	0.00502	0.01131	0.06248	0.06692	0.10148	0.11322	0.05950	0.38657	0.01614	0.00349	0.00443	0.09204	0.00436	0.00464
7	0.00690	0.00484	0.00611	0.00697	0.00722	0.00461	0.00447	0.00757	0.00961	0.01277	0.02643	0.57170	0.04512	0.24466	0.01271	0.00304	0.00371	0.01305	0.00449	0.00405
8	0.11304	0.00943	0.01323	0.01108	0.01366	0.01028	0.11366	0.15696	0.02564	0.01932	0.05264	0.01804	0.01292	0.02229	0.37759	0.00498	0.00995	0.00552	0.00359	0.00618
9	0.01127	0.01304	0.12557	0.18118	0.27110	0.01196	0.02870	0.01517	0.04752	0.01631	0.05747	0.04529	0.01223	0.00756	0.02884	0.00199	0.09726	0.01752	0.00297	0.00705
10	0.42299	0.00814	0.00736	0.00703	0.00931	0.00882	0.00546	0.02926	0.02518	0.01969	0.04430	0.11317	0.16007	0.07322	0.00660	0.00208	0.00388	0.04414	0.00407	0.00526
11	0.00801	0.00519	0.00578	0.00578	0.00589	0.00519	0.00330	0.00823	0.00812	0.01128	0.01697	0.03375	0.01899	0.73794	0.02517	0.00484	0.00496	0.00755	0.07966	0.00341
12	0.01123	0.01027	0.01525	0.44815	0.09114	0.01209	0.02731	0.01811	0.23510	0.01669	0.01420	0.05332	0.01136	0.00641	0.00548	0.00180	0.00608	0.00568	0.00345	0.00688
13	0.01434	0.01050	0.01245	0.21586	0.01856	0.08297	0.00935	0.10900	0.01405	0.16644	0.08435	0.02257	0.07995	0.07552	0.00800	0.01647	0.02841	0.02044	0.00428	0.00649
14	0.03466	0.00483	0.00702	0.00699	0.00710	0.00488	0.00470	0.00726	0.00706	0.00977	0.00927	0.01609	0.00922	0.01824	0.02045	0.81842	0.00465	0.00461	0.00236	0.00244
15	0.78899	0.01029	0.00822	0.00724	0.01062	0.01174	0.00597	0.01654	0.00959	0.07942	0.00848	0.00942	0.00636	0.00510	0.00347	0.00166	0.00418	0.00309	0.00356	0.00606
16	0.01314	0.01133	0.01376	0.03299	0.12396	0.01299	0.00993	0.02434	0.53111	0.03946	0.01842	0.01833	0.01414	0.00861	0.04440	0.00215	0.06244	0.00572	0.00467	0.00808
17	0.00781	0.00520	0.00585	0.00585	0.00585	0.00520	0.00325	0.00781	0.00781	0.01041	0.01691	0.03513	0.01952	0.81135	0.02732	0.00520	0.00520	0.00781	0.00325	0.00325
18	0.00985	0.00502	0.00507	0.00507	0.00622	0.00502	0.00372	0.01216	0.01100	0.01931	0.01747	0.02112	0.01418	0.06507	0.00547	0.00154	0.00270	0.00521	0.77994	0.00488
19	0.02330	0.00931	0.01243	0.00965	0.01372	0.00829	0.00793	0.02633	0.07036	0.72613	0.02123	0.01840	0.01351	0.00669	0.00540	0.00167	0.00454	0.00545	0.00656	0.00909
20	0.01225	0.01163	0.01890	0.25015	0.37050	0.03130	0.07700	0.01642	0.06512	0.01682	0.01133	0.01456	0.00898	0.00523	0.00530	0.00165	0.00648	0.00498	0.06404	0.00735
21	0.01465	0.01662	0.01597	0.07130	0.01667	0.29756	0.01148	0.01608	0.01095	0.01306	0.00768	0.01118	0.00701	0.00769	0.01207	0.00196	0.45532	0.00425	0.00250	0.00601
22	0.01113	0.00954	0.01113	0.00795	0.01272	0.00716	0.00636	0.01352	0.01113	0.01749	0.00954	0.01113	0.00795	0.00398	0.00398	0.00080	0.00398	0.00318	0.00318	0.84417
23	0.00830	0.00595	0.00750	0.00726	0.00850	0.00575	0.00534	0.01148	0.07746	0.03480	0.52076	0.14672	0.04220	0.06995	0.00787	0.00204	0.00304	0.02433	0.00554	0.00520
24	0.00725	0.00565	0.00796	0.06534	0.06410	0.00550	0.00642	0.00857	0.01062	0.01404	0.02896	0.62921	0.09638	0.01487	0.00659	0.00208	0.00360	0.01343	0.00463	0.00478
25	0.00756	0.00591	0.00691	0.00658	0.00817	0.00548	0.00496	0.01059	0.06913	0.01905	0.45887	0.04282	0.31088	0.01165	0.00627	0.00174	0.00273	0.01003	0.00554	0.00512
26	0.00651	0.00478	0.00612	0.00719	0.00771	0.00438	0.00485	0.00751	0.01055	0.01382	0.03310	0.70077	0.14032	0.01636	0.00678	0.00213	0.00306	0.01470	0.00498	0.00438
27	0.08197	0.00863	0.01122	0.00896	0.01249	0.00775	0.00720	0.02278	0.01401	0.61728	0.02047	0.07491	0.01476	0.06398	0.00690	0.00195	0.00448	0.00609	0.00604	0.00814
28	0.00670	0.00534	0.00603	0.00642	0.00769	0.00476	0.00460	0.00838	0.03353	0.01489	0.09005	0.32402	0.43969	0.01441	0.00650	0.00194	0.00289	0.01250	0.00506	0.00462
29	0.01205	0.00714	0.00745	0.00671	0.00857	0.00747	0.00520	0.17269	0.01421	0.02264	0.01717	0.06108	0.01394	0.00687	0.00427	0.00138	0.00327	0.00552	0.61653	0.00585
30	0.01742	0.01287	0.01393	0.01116	0.01471	0.01402	0.00902	0.59845	0.02217	0.02957	0.01824	0.12976	0.06742	0.00844	0.00565	0.00171	0.00528	0.00679	0.00529	0.00812
31	0.00879	0.00478	0.00684	0.00690	0.00714	0.00466	0.00467	0.00731	0.00820	0.01089	0.06989	0.07637	0.06868	0.01760	0.01787	0.66309	0.00426	0.00625	0.00297	0.00283
32	0.01059	0.00623	0.00751	0.00699	0.00899	0.00548	0.00530	0.01247	0.02610	0.18315	0.16751	0.16375	0.35121	0.01203	0.00620	0.00182	0.00318	0.01030	0.00551	0.00567
33	0.00712	0.00588	0.00630	0.00612	0.00790	0.00528	0.00461	0.00973	0.06665	0.01664	0.21363	0.04682	0.55915	0.01256	0.00628	0.00179	0.00279	0.01059	0.00523	0.00493
34	0.49889	0.00953	0.00937	0.00796	0.01135	0.01003	0.00648	0.01881	0.01140	0.28845	0.01389	0.07044	0.01060	0.00643	0.00431	0.00170	0.00422	0.00468	0.00461	0.00687
35	0.73116	0.01033	0.00827	0.00729	0.01054	0.01187	0.00598	0.06847	0.01043	0.02449	0.00857	0.00981	0.00661	0.00518	0.00350	0.00163	0.00416	0.00319	0.06253	0.00599
36	0.00662	0.00473	0.00618	0.00730	0.00763	0.00442	0.00483	0.00750	0.01017	0.01350	0.02948	0.72934	0.05790	0.07273	0.00828	0.00238	0.00325	0.01461	0.00486	0.00429
37	0.08517	0.01051	0.01221	0.00960	0.01333	0.01055	0.00788	0.25309	0.01740	0.38321	0.01701	0.01608	0.01147	0.00640	0.00500	0.00159	0.00467	0.00497	0.12155	0.00830
38	0.00769	0.00562	0.00795	0.00792	0.00871	0.00628	0.00588	0.00926	0.00894	0.01270	0.07047	0.02535	0.01739	0.19617	0.57648	0.00742	0.01163	0.00646	0.00317	0.00450
39	0.84927	0.01038	0.00789	0.00706	0.01038	0.01204	0.00581	0.01578	0.00914	0.02408	0.00747	0.00872	0.00581	0.00498	0.00332	0.00166	0.00415	0.00291	0.00332	0.00581
40	0.00727	0.00600	0.00648	0.00652	0.00824	0.00550	0.00494	0.01006	0.08341	0.01584	0.10476	0.11216	0.53624	0.01314	0.00637	0.00188	0.00302	0.05811	0.00510	0.00496
41	0.01072	0.01056	0.01737	0.30996	0.07850	0.03066	0.15395	0.01436	0.04805	0.01510	0.02739	0.03397	0.08407	0.00926	0.06404	0.00233	0.07438	0.00608	0.00302	0.00624
42	0.00793	0.00597	0.00866	0.00889	0.02836	0.00683	0.00647	0.00953	0.00857	0.01224	0.01454	0.02311	0.01421	0.17269	0.61955	0.00771	0.03112	0.00606	0.00292	0.00464
43	0.00870	0.00625	0.00827	0.00912	0.01024	0.00624	0.00736	0.06258	0.01258	0.01659	0.04456	0.32539	0.03146	0.01487	0.00704	0.00229	0.00430	0.41212	0.00501	0.00503
44	0.01454	0.03665	0.08992	0.01328	0.04995	0.16095	0.08534	0.17968	0.11547	0.02011	0.02031	0.02052	0.15527	0.00730	0.00548	0.00165	0.00633	0.00598	0.00404	0.00722
45	0.00698	0.00546	0.00632	0.00610	0.00764	0.00480	0.00458	0.00893	0.01373	0.01805	0.41868	0.04581	0.40917	0.01227	0.00634	0.00175	0.00262	0.01051	0.00545	0.00480
46	0.01276	0.01102	0.01157	0.01046	0.01339	0.01261	0.00812	0.02677	0.70437	0.02178	0.02459	0.02270	0.08047	0.00782	0.00554	0.00182	0.00412	0.00651	0.00542	0.00816
47	0.01245	0.01067	0.01131	0.01024	0.01306	0.01214	0.00794	0.02575	0.66133	0.02182	0.07726	0.02369	0.07279	0.00799	0.00559	0.00181	0.00402	0.00670	0.00546	0.00797
48	0.01503	0.72129	0.02660	0.00973	0.01411	0.11211	0.00933	0.01671	0.01142	0.01269	0.00756	0.00874	0.00689	0.00470	0.00361	0.00118	0.00621	0.00294	0.00235	0.00681
49	0.01113	0.00954	0.01113	0.00795	0.01272	0.00716	0.00636	0.01352	0.01113	0.01749	0.00954	0.01113	0.00795	0.00398	0.00398	0.00080	0.00398	0.00318	0.00318	0.84417
50	0.00723	0.00547	0.00667	0.00637	0.00779	0.00491	0.00478	0.00942	0.01433	0.01947	0.56445	0.04348	0.26252	0.01174	0.00633	0.00172	0.00259	0.01018	0.00564	0.00491
51	0.01099	0.06647	0.72716	0.01518	0.02288	0.01293	0.03788	0.01696	0.01135	0.01679	0.00956	0.01128	0.00684	0.00506	0.00505	0.00168	0.00785	0.00397	0.00228	0.00786
52	0.00671	0.00482	0.00641	0.00762	0.00805	0.00452	0.00527	0.00779	0.01050	0.01392	0.03013	0.72509	0.05438	0.01657	0.00689	0.00220	0.00326	0.07647	0.00498	0.00441
53	0.00932	0.00466	0.00699	0.00699	0.00699	0.00466	0.00466	0.00699	0.00699	0.00932	0.00932	0.01632	0.00932	0.01865	0.02098	0.84382	0.00466	0.00466	0.00233	0.00233
54	0.02408	0.00914	0.01246	0.00955	0.01370	0.00789	0.00789	0.02616	0.01536	0.78158	0.02118	0.01827	0.01329	0.00664	0.00540	0.00166	0.00457	0.00540	0.00664	0.00914
55	0.37171	0.01121	0.01123	0.00923	0.01280	0.01216	0.00753	0.25148	0.01547	0.17071	0.01335	0.06819	0.01037	0.00659	0.00461	0.00168	0.00471	0.00486	0.00472	0.00739
56	0.01144	0.04208	0.30187	0.01198	0.05271	0.00996	0.01203	0.02641	0.01163	0.02924	0.02969	0.01212	0.00872	0.00472	0.00455	0.00123	0.00563	0.00377	0.00294	0.41726
57	0.01382	0.26015	0.21700	0.02932	0.04034	0.09413	0.08394	0.05974	0.06566	0.01631	0.00983	0.01149	0.00785	0.00547	0.00563	0.00156	0.06355	0.00410	0.00279	0.00732
58	0.02041	0.01504	0.01611	0.01235	0.01665	0.01665	0.01020	0.75997	0.02524	0.03383	0.01289	0.01289	0.00913	0.00644	0.00537	0.00161	0.00591	0.00483	0.00537	0.00913
59	0.01198	0.01301	0.02597	0.28226	0.04355	0.02819	0.48234	0.01610	0.01206	0.01596	0.01036	0.01431	0.00780	0.00483	0.00596	0.00179	0.00838	0.00573	0.00260	0.00681
