[name]
unknown

[dist]
# distance from previous block
# <min> <max>
11	120

[block]
# block no. 0 follows, 52 sequences, length 205
# corresponding to MSA columns:
# 136-340
name=unknown_A
#
# <colnr> <probs for GDERKNQSTAVLIFYWHMCP>
#	G	D	E	R	K	N	Q	S	T	A	V	L	I	F	Y	W	H	M	C	P
0	0.03047	0.00863	0.01060	0.01025	0.07124	0.00883	0.00734	0.03149	0.30117	0.23508	0.01924	0.17462	0.01622	0.00774	0.00505	0.00160	0.00387	0.00666	0.00482	0.04508
1	0.00915	0.00861	0.01453	0.81804	0.03338	0.01077	0.01346	0.01238	0.00969	0.01238	0.00861	0.01292	0.00646	0.00484	0.00484	0.00161	0.00646	0.00431	0.00215	0.00538
2	0.07899	0.01249	0.01250	0.01004	0.01353	0.11592	0.00813	0.31059	0.08929	0.27803	0.01394	0.01317	0.00960	0.00575	0.00467	0.00146	0.00513	0.00435	0.00479	0.00763
3	0.00972	0.02507	0.80458	0.01381	0.02097	0.01125	0.01790	0.01535	0.01023	0.01535	0.00870	0.01023	0.00614	0.00460	0.00460	0.00153	0.00716	0.00358	0.00205	0.00716
4	0.02095	0.00892	0.01159	0.00895	0.01267	0.00820	0.00737	0.10652	0.04952	0.68371	0.01833	0.01604	0.01171	0.00600	0.00487	0.00150	0.00424	0.00484	0.00582	0.00822
5	0.01071	0.01020	0.01734	0.38700	0.45228	0.01118	0.01423	0.01374	0.01043	0.01427	0.00889	0.01241	0.00712	0.00456	0.00482	0.00152	0.00608	0.00431	0.00229	0.00664
6	0.86392	0.00937	0.00712	0.00637	0.00937	0.01087	0.00525	0.01425	0.00825	0.02174	0.00675	0.00787	0.00525	0.00450	0.00300	0.00150	0.00375	0.00262	0.00300	0.00525
7	0.01205	0.01041	0.01096	0.00986	0.01260	0.01205	0.00767	0.02575	0.79071	0.02027	0.01972	0.01808	0.01479	0.00657	0.00493	0.00164	0.00384	0.00548	0.00493	0.00767
8	0.00966	0.00913	0.01546	0.67658	0.17086	0.01090	0.01371	0.01283	0.00993	0.01300	0.00870	0.01275	0.00668	0.00475	0.00484	0.00158	0.00633	0.00431	0.00220	0.00579
9	0.01025	0.00873	0.01016	0.00727	0.01157	0.00667	0.00583	0.03098	0.01036	0.01615	0.00869	0.01009	0.00720	0.00364	0.00362	0.00074	0.00363	0.00291	0.00292	0.83860
10	0.01205	0.01041	0.01096	0.00986	0.01260	0.01205	0.00767	0.02575	0.79071	0.02027	0.01972	0.01808	0.01479	0.00657	0.00493	0.00164	0.00384	0.00548	0.00493	0.00767
11	0.02000	0.00827	0.01079	0.00843	0.01190	0.00749	0.00691	0.05954	0.04865	0.65944	0.01848	0.01647	0.01198	0.00598	0.00474	0.00147	0.00400	0.00484	0.08273	0.00788
12	0.01640	0.01173	0.08293	0.00962	0.01335	0.08037	0.00830	0.02186	0.22824	0.36055	0.01619	0.01499	0.01121	0.00569	0.00468	0.00144	0.00467	0.00455	0.00470	0.09852
13	0.01111	0.00858	0.01016	0.00731	0.01156	0.00652	0.00587	0.01323	0.01039	0.08689	0.00956	0.01063	0.00761	0.00381	0.00370	0.00079	0.00364	0.00305	0.00315	0.78244
14	0.01320	0.01038	0.01116	0.00982	0.01270	0.01177	0.00770	0.06244	0.68629	0.08830	0.01928	0.01763	0.01423	0.00649	0.00492	0.00162	0.00393	0.00537	0.00502	0.00775
15	0.01842	0.01357	0.01454	0.01115	0.01503	0.01503	0.00921	0.78330	0.02278	0.03054	0.01163	0.01163	0.00824	0.00582	0.00485	0.00145	0.00533	0.00436	0.00485	0.00824
16	0.00598	0.00492	0.00526	0.00518	0.00670	0.00420	0.00388	0.00745	0.01165	0.01453	0.21849	0.04427	0.62720	0.01174	0.00572	0.00161	0.00242	0.00990	0.00469	0.00420
17	0.00998	0.00946	0.01604	0.58725	0.25767	0.01099	0.01387	0.01311	0.01008	0.01339	0.00876	0.01265	0.00682	0.00469	0.00483	0.00156	0.00625	0.00431	0.00223	0.00605
18	0.01001	0.09801	0.73420	0.01331	0.02020	0.01197	0.01704	0.01527	0.01020	0.01499	0.00852	0.01001	0.00615	0.00456	0.00447	0.00149	0.00698	0.00349	0.00205	0.00708
19	0.00629	0.00493	0.00570	0.00550	0.00689	0.00433	0.00413	0.00805	0.01238	0.01627	0.42376	0.04141	0.42084	0.01109	0.00572	0.00158	0.00237	0.00949	0.00492	0.00433
20	0.00599	0.00427	0.00566	0.00674	0.00703	0.00400	0.00452	0.00683	0.00924	0.01231	0.02627	0.78030	0.03144	0.04445	0.00686	0.00207	0.00292	0.03074	0.00444	0.00391
21	0.00870	0.00692	0.00805	0.00748	0.00918	0.00727	0.00569	0.01508	0.29789	0.01932	0.46521	0.06503	0.04669	0.00896	0.00545	0.00159	0.00288	0.00781	0.00514	0.00567
22	0.00771	0.00555	0.00767	0.00873	0.00987	0.00551	0.00761	0.00989	0.01115	0.01443	0.02680	0.05427	0.06531	0.01333	0.00665	0.00220	0.00436	0.73005	0.00446	0.00444
23	0.26623	0.00719	0.00807	0.00818	0.01017	0.00762	0.00697	0.01329	0.04848	0.08813	0.01910	0.03539	0.01902	0.00972	0.00533	0.00192	0.00419	0.43161	0.00418	0.00520
24	0.00661	0.00491	0.00615	0.00591	0.00710	0.00446	0.00441	0.00864	0.01303	0.01796	0.62554	0.07339	0.18282	0.01058	0.00574	0.00156	0.00234	0.00926	0.00514	0.00446
25	0.00609	0.00468	0.00563	0.00629	0.00724	0.00422	0.00461	0.00728	0.01025	0.01295	0.03572	0.40365	0.34434	0.01375	0.00607	0.00187	0.00289	0.11392	0.00449	0.00407
26	0.01060	0.01060	0.01484	0.01272	0.01272	0.01484	0.01060	0.01166	0.00742	0.01166	0.00636	0.01060	0.00636	0.00848	0.01590	0.00212	0.82082	0.00424	0.00212	0.00530
27	0.00746	0.00482	0.00636	0.00660	0.00750	0.00442	0.00471	0.00894	0.01134	0.07519	0.31688	0.44926	0.05316	0.01243	0.00590	0.00176	0.00271	0.01113	0.00493	0.00451
28	0.00903	0.00452	0.00452	0.00452	0.00565	0.00452	0.00339	0.01129	0.01016	0.01807	0.01581	0.01807	0.01242	0.00565	0.00339	0.00113	0.00226	0.00452	0.85659	0.00452
29	0.01199	0.01151	0.01967	0.02974	0.79946	0.01151	0.01487	0.01487	0.01103	0.01583	0.00912	0.01199	0.00768	0.00432	0.00480	0.00144	0.00576	0.00432	0.00240	0.00768
30	0.01192	0.01144	0.01954	0.04894	0.78081	0.01150	0.01484	0.01481	0.01100	0.01575	0.00910	0.01202	0.00765	0.00433	0.00480	0.00144	0.00577	0.00432	0.00239	0.00762
31	0.01020	0.00828	0.00875	0.00798	0.01037	0.00889	0.00618	0.01874	0.46646	0.05573	0.03048	0.02849	0.30221	0.00864	0.00522	0.00163	0.00334	0.00719	0.00482	0.00638
32	0.00578	0.00491	0.00499	0.00497	0.00658	0.00411	0.00373	0.00706	0.01118	0.01340	0.08546	0.04613	0.76094	0.01216	0.00573	0.00163	0.00245	0.01016	0.00454	0.00411
33	0.00705	0.00470	0.00529	0.00529	0.00529	0.00470	0.00294	0.00705	0.00705	0.00940	0.01527	0.03171	0.01762	0.82969	0.02467	0.00470	0.00470	0.00705	0.00294	0.00294
34	0.00704	0.00472	0.00541	0.00541	0.00545	0.00476	0.00309	0.00713	0.00708	0.00949	0.01516	0.03110	0.01735	0.79107	0.06292	0.00485	0.00510	0.00696	0.00292	0.00300
35	0.01450	0.58964	0.02189	0.00955	0.01320	0.25661	0.00861	0.01596	0.01101	0.01154	0.00696	0.00806	0.00623	0.00440	0.00349	0.00110	0.00625	0.00275	0.00220	0.00604
36	0.01090	0.00932	0.00990	0.00898	0.01146	0.01051	0.00696	0.02221	0.63587	0.01942	0.09312	0.02282	0.10256	0.00749	0.00509	0.00163	0.00355	0.00629	0.00492	0.00700
37	0.04606	0.26116	0.01751	0.15615	0.05234	0.25676	0.00985	0.11935	0.01274	0.01488	0.00807	0.00970	0.00657	0.00478	0.00411	0.00130	0.00648	0.00338	0.00264	0.00619
38	0.00590	0.00422	0.00562	0.00675	0.00703	0.00394	0.00450	0.00675	0.00928	0.01237	0.02671	0.82653	0.03205	0.01518	0.00619	0.00197	0.00281	0.01378	0.00450	0.00394
39	0.01199	0.01151	0.01967	0.02974	0.79946	0.01151	0.01487	0.01487	0.01103	0.01583	0.00912	0.01199	0.00768	0.00432	0.00480	0.00144	0.00576	0.00432	0.00240	0.00768
40	0.00686	0.00495	0.00648	0.00610	0.00724	0.00457	0.00457	0.00914	0.01372	0.01943	0.79691	0.03620	0.04572	0.00991	0.00572	0.00152	0.00229	0.00876	0.00533	0.00457
41	0.01894	0.00833	0.01096	0.00828	0.01216	0.00696	0.00679	0.02088	0.01295	0.61403	0.01660	0.01495	0.01084	0.00542	0.00457	0.00131	0.00400	0.00439	0.00525	0.21240
42	0.00590	0.00425	0.00559	0.00666	0.00701	0.00394	0.00446	0.00676	0.00936	0.01241	0.02780	0.78856	0.06931	0.01504	0.00616	0.00195	0.00279	0.01360	0.00450	0.00394
43	0.00692	0.00519	0.00779	0.00779	0.00865	0.00606	0.00606	0.00865	0.00779	0.01125	0.01298	0.01904	0.01211	0.03634	0.81049	0.00779	0.01298	0.00519	0.00260	0.00433
44	0.00600	0.00428	0.00573	0.00685	0.00718	0.00402	0.00466	0.00691	0.00937	0.01247	0.02666	0.78895	0.03185	0.01509	0.00621	0.00198	0.00289	0.05044	0.00450	0.00396
45	0.71061	0.00861	0.00709	0.00652	0.00917	0.00976	0.00522	0.01360	0.00862	0.05299	0.01001	0.12104	0.00922	0.00603	0.00352	0.00156	0.00364	0.00425	0.00333	0.00519
46	0.06002	0.01267	0.01375	0.01059	0.01441	0.01379	0.00874	0.64652	0.02091	0.13111	0.01238	0.01209	0.00859	0.00578	0.00476	0.00146	0.00510	0.00435	0.00491	0.00810
47	0.00590	0.00422	0.00562	0.00675	0.00703	0.00394	0.00450	0.00675	0.00928	0.01237	0.02671	0.82653	0.03205	0.01518	0.00619	0.00197	0.00281	0.01378	0.00450	0.00394
48	0.00705	0.00470	0.00529	0.00529	0.00529	0.00470	0.00294	0.00705	0.00705	0.00940	0.01527	0.03171	0.01762	0.82969	0.02467	0.00470	0.00470	0.00705	0.00294	0.00294
49	0.00632	0.00470	0.00565	0.00584	0.00671	0.00429	0.00408	0.00760	0.01081	0.01433	0.27167	0.25646	0.23689	0.13221	0.00863	0.00214	0.00283	0.01028	0.00453	0.00403
50	0.00651	0.00493	0.00601	0.00576	0.00703	0.00442	0.00431	0.00847	0.01287	0.01747	0.56663	0.05221	0.26429	0.01068	0.00573	0.00156	0.00234	0.00927	0.00508	0.00442
51	0.01842	0.01357	0.01454	0.01115	0.01503	0.01503	0.00921	0.78330	0.02278	0.03054	0.01163	0.01163	0.00824	0.00582	0.00485	0.00145	0.00533	0.00436	0.00485	0.00824
52	0.00612	0.00438	0.00581	0.00660	0.00708	0.00408	0.00451	0.00728	0.01026	0.01394	0.19784	0.65092	0.03509	0.01401	0.00608	0.00187	0.00269	0.01266	0.00468	0.00408
53	0.00579	0.00491	0.00500	0.00498	0.00658	0.00412	0.00373	0.00708	0.01119	0.01344	0.09076	0.04606	0.75560	0.01214	0.00573	0.00163	0.00245	0.01015	0.00455	0.00412
54	0.86392	0.00937	0.00712	0.00637	0.00937	0.01087	0.00525	0.01425	0.00825	0.02174	0.00675	0.00787	0.00525	0.00450	0.00300	0.00150	0.00375	0.00262	0.00300	0.00525
55	0.01296	0.83261	0.02539	0.00829	0.01244	0.01917	0.00829	0.01451	0.00985	0.01140	0.00674	0.00777	0.00622	0.00415	0.00311	0.00104	0.00518	0.00259	0.00207	0.00622
56	0.00705	0.00470	0.00529	0.00529	0.00529	0.00470	0.00294	0.00705	0.00705	0.00940	0.01527	0.03171	0.01762	0.82969	0.02467	0.00470	0.00470	0.00705	0.00294	0.00294
57	0.00774	0.00526	0.00664	0.00645	0.00783	0.00473	0.01798	0.00948	0.02504	0.08530	0.25289	0.26032	0.26881	0.01162	0.00576	0.00169	0.00278	0.01017	0.00484	0.00466
58	0.01005	0.00861	0.01005	0.00718	0.01148	0.00646	0.00574	0.01220	0.01005	0.01579	0.00861	0.01005	0.00718	0.00359	0.00359	0.00072	0.00359	0.00287	0.00287	0.85932
59	0.00701	0.00486	0.00610	0.00610	0.00639	0.00514	0.00396	0.00757	0.00729	0.01000	0.01452	0.02757	0.01582	0.57064	0.28126	0.00571	0.00740	0.00644	0.00283	0.00339
60	0.01005	0.00861	0.01005	0.00718	0.01148	0.00646	0.00574	0.01220	0.01005	0.01579	0.00861	0.01005	0.00718	0.00359	0.00359	0.00072	0.00359	0.00287	0.00287	0.85932
61	0.01199	0.01151	0.01967	0.02974	0.79946	0.01151	0.01487	0.01487	0.01103	0.01583	0.00912	0.01199	0.00768	0.00432	0.00480	0.00144	0.00576	0.00432	0.00240	0.00768
62	0.01320	0.01098	0.01160	0.01009	0.01304	0.01259	0.00795	0.16170	0.65290	0.02211	0.01827	0.01692	0.01362	0.00644	0.00492	0.00161	0.00410	0.00528	0.00492	0.00777
63	0.00692	0.00519	0.00779	0.00779	0.00865	0.00606	0.00606	0.00865	0.00779	0.01125	0.01298	0.01904	0.01211	0.03634	0.81049	0.00779	0.01298	0.00519	0.00260	0.00433
64	0.00673	0.00456	0.00538	0.00569	0.00577	0.00449	0.00337	0.00696	0.00766	0.01022	0.01844	0.25181	0.02161	0.60414	0.01955	0.00394	0.00418	0.00891	0.00337	0.00321
65	0.02130	0.00896	0.01169	0.00896	0.01273	0.00818	0.00740	0.12524	0.01506	0.69952	0.01812	0.01584	0.01149	0.00597	0.00487	0.00149	0.00429	0.00481	0.00584	0.00825
66	0.00915	0.00861	0.01453	0.81804	0.03338	0.01077	0.01346	0.01238	0.00969	0.01238	0.00861	0.01292	0.00646	0.00484	0.00484	0.00161	0.00646	0.00431	0.00215	0.00538
67	0.01702	0.01288	0.01376	0.01087	0.01450	0.01438	0.00887	0.61710	0.19126	0.02829	0.01341	0.01305	0.00968	0.00598	0.00487	0.00150	0.00500	0.00461	0.00487	0.00812
68	0.01296	0.83261	0.02539	0.00829	0.01244	0.01917	0.00829	0.01451	0.00985	0.01140	0.00674	0.00777	0.00622	0.00415	0.00311	0.00104	0.00518	0.00259	0.00207	0.00622
69	0.01810	0.02310	0.01373	0.01248	0.01498	0.81024	0.00936	0.01935	0.01373	0.01186	0.00749	0.00874	0.00624	0.00499	0.00437	0.00125	0.00874	0.00312	0.00250	0.00562
70	0.00599	0.00428	0.00571	0.00677	0.00711	0.00400	0.00458	0.00693	0.00952	0.01273	0.06107	0.77362	0.03257	0.01491	0.00618	0.00195	0.00283	0.03076	0.00453	0.00398
71	0.00705	0.00470	0.00529	0.00529	0.00529	0.00470	0.00294	0.00705	0.00705	0.00940	0.01527	0.03171	0.01762	0.82969	0.02467	0.00470	0.00470	0.00705	0.00294	0.00294
72	0.01810	0.02310	0.01373	0.01248	0.01498	0.81024	0.00936	0.01935	0.01373	0.01186	0.00749	0.00874	0.00624	0.00499	0.00437	0.00125	0.00874	0.00312	0.00250	0.00562
73	0.00751	0.00608	0.00947	0.00828	0.00986	0.00570	0.10778	0.01007	0.02449	0.01798	0.56333	0.10778	0.03784	0.00978	0.00581	0.00162	0.00327	0.05371	0.00482	0.00481
74	0.00693	0.00516	0.00762	0.00762	0.00842	0.00596	0.00584	0.00854	0.00774	0.01112	0.01314	0.01991	0.01249	0.09069	0.75666	0.00758	0.01241	0.00532	0.00262	0.00423
75	0.00705	0.00470	0.00529	0.00529	0.00529	0.00470	0.00294	0.00705	0.00705	0.00940	0.01527	0.03171	0.01762	0.82969	0.02467	0.00470	0.00470	0.00705	0.00294	0.00294
76	0.00686	0.00495	0.00648	0.00610	0.00724	0.00457	0.00457	0.00914	0.01372	0.01943	0.79691	0.03620	0.04572	0.00991	0.00572	0.00152	0.00229	0.00876	0.00533	0.00457
77	0.01199	0.01151	0.01967	0.02974	0.79946	0.01151	0.01487	0.01487	0.01103	0.01583	0.00912	0.01199	0.00768	0.00432	0.00480	0.00144	0.00576	0.00432	0.00240	0.00768
78	0.00670	0.00480	0.00619	0.00636	0.00725	0.00446	0.00467	0.00824	0.01155	0.01576	0.40273	0.21605	0.11381	0.05188	0.00743	0.04013	0.00283	0.08028	0.00472	0.00418
79	0.86392	0.00937	0.00712	0.00637	0.00937	0.01087	0.00525	0.01425	0.00825	0.02174	0.00675	0.00787	0.00525	0.00450	0.00300	0.00150	0.00375	0.00262	0.00300	0.00525
80	0.00842	0.00421	0.00631	0.00631	0.00631	0.00421	0.00421	0.00631	0.00631	0.00842	0.00842	0.01473	0.00842	0.01684	0.01894	0.85901	0.00421	0.00421	0.00210	0.00210
81	0.43934	0.00817	0.00812	0.00690	0.00960	0.00856	0.00544	0.01597	0.00984	0.27069	0.01225	0.01492	0.00964	0.15307	0.00749	0.00207	0.00404	0.00414	0.00395	0.00580
82	0.00842	0.00421	0.00631	0.00631	0.00631	0.00421	0.00421	0.00631	0.00631	0.00842	0.00842	0.01473	0.00842	0.01684	0.01894	0.85901	0.00421	0.00421	0.00210	0.00210
83	0.01205	0.01041	0.01096	0.00986	0.01260	0.01205	0.00767	0.02575	0.79071	0.02027	0.01972	0.01808	0.01479	0.00657	0.00493	0.00164	0.00384	0.00548	0.00493	0.00767
84	0.00597	0.00427	0.00570	0.00683	0.00714	0.00400	0.00462	0.00687	0.00935	0.01245	0.02667	0.79794	0.03190	0.01512	0.00620	0.00198	0.00287	0.04167	0.00450	0.00396
85	0.00599	0.00437	0.00566	0.00666	0.00714	0.00404	0.00459	0.00695	0.00958	0.01257	0.02918	0.69563	0.11820	0.01475	0.00616	0.00195	0.00286	0.05522	0.00450	0.00398
86	0.00694	0.00468	0.00543	0.00561	0.00569	0.00464	0.00332	0.00713	0.00748	0.00996	0.01707	0.12860	0.01978	0.69830	0.02171	0.00427	0.00446	0.03863	0.00319	0.00312
87	0.01510	0.01004	0.01133	0.00926	0.01226	0.01071	0.00744	0.31105	0.19505	0.15841	0.15508	0.01858	0.01724	0.00675	0.00497	0.00151	0.00412	0.00550	0.03829	0.00731
88	0.00847	0.00576	0.00710	0.00654	0.00774	0.00560	0.00476	0.07906	0.01287	0.04961	0.47890	0.09318	0.03430	0.17363	0.00943	0.00219	0.00316	0.00825	0.00477	0.00468
89	0.01005	0.00861	0.01005	0.00718	0.01148	0.00646	0.00574	0.01220	0.01005	0.01579	0.00861	0.01005	0.00718	0.00359	0.00359	0.00072	0.00359	0.00287	0.00287	0.85932
90	0.00701	0.00483	0.00595	0.00595	0.00617	0.00506	0.00376	0.00747	0.00724	0.00989	0.01466	0.02837	0.01617	0.62022	0.23215	0.00551	0.00688	0.00656	0.00285	0.00330
91	0.00663	0.00445	0.00586	0.00673	0.00725	0.00410	0.00458	0.00757	0.00966	0.04796	0.04496	0.73739	0.06564	0.01452	0.00610	0.00192	0.00284	0.01310	0.00458	0.00415
92	0.01343	0.00667	0.00875	0.00746	0.00965	0.00626	0.00580	0.01598	0.06221	0.34477	0.26941	0.02479	0.02367	0.09671	0.08001	0.00242	0.00437	0.00643	0.00509	0.00611
93	0.00702	0.00495	0.00660	0.00752	0.00815	0.00485	0.00579	0.00837	0.00977	0.01285	0.02416	0.31667	0.02748	0.16050	0.00974	0.00258	0.00394	0.37085	0.00420	0.00401
94	0.01409	0.01142	0.01211	0.01027	0.01338	0.01301	0.00816	0.26839	0.54474	0.02356	0.01713	0.01602	0.01269	0.00633	0.00490	0.00158	0.00431	0.00512	0.00490	0.00785
95	0.01902	0.01223	0.01353	0.01052	0.01412	0.04577	0.00866	0.48590	0.01898	0.26064	0.01345	0.01292	0.00919	0.00597	0.00537	0.00149	0.04481	0.00446	0.00496	0.00799
96	0.00749	0.00576	0.00810	0.00758	0.00879	0.00606	0.03676	0.04626	0.01000	0.01379	0.14685	0.05918	0.10663	0.09965	0.40903	0.00498	0.00827	0.00686	0.00348	0.00447
97	0.01172	0.01008	0.01066	0.00961	0.01226	0.01159	0.00747	0.02471	0.74341	0.02012	0.05489	0.01935	0.02883	0.00682	0.00498	0.00164	0.00374	0.00570	0.00494	0.00747
98	0.00587	0.00453	0.00536	0.00596	0.00684	0.00402	0.00416	0.00692	0.01018	0.01293	0.06476	0.47411	0.34947	0.01378	0.00598	0.00181	0.00264	0.01212	0.00453	0.00402
99	0.01057	0.00738	0.00720	0.00673	0.00849	0.03983	0.00515	0.03056	0.26845	0.01877	0.01669	0.01758	0.01288	0.00593	0.00396	0.00131	0.00310	0.00478	0.52497	0.00567
100	0.00886	0.00453	0.00459	0.00459	0.00561	0.00453	0.00335	0.01091	0.00988	0.01729	0.01576	0.01928	0.01288	0.07909	0.00528	0.00145	0.00248	0.00474	0.78051	0.00438
101	0.86392	0.00937	0.00712	0.00637	0.00937	0.01087	0.00525	0.01425	0.00825	0.02174	0.00675	0.00787	0.00525	0.00450	0.00300	0.00150	0.00375	0.00262	0.00300	0.00525
102	0.01317	0.79889	0.02491	0.00847	0.01254	0.05213	0.00834	0.01471	0.01001	0.01142	0.00677	0.00781	0.00622	0.00418	0.00316	0.00105	0.00533	0.00261	0.00209	0.00619
103	0.01085	0.01075	0.01167	0.08594	0.01362	0.15441	0.00899	0.04205	0.01036	0.01309	0.01375	0.11266	0.01437	0.04341	0.00967	0.00200	0.26669	0.16757	0.00310	0.00505
104	0.01169	0.05195	0.02336	0.06009	0.41134	0.01216	0.32723	0.01501	0.01108	0.01534	0.00926	0.01227	0.00742	0.00424	0.00509	0.00151	0.00674	0.00480	0.00239	0.00704
105	0.01011	0.00959	0.01626	0.55326	0.29070	0.01102	0.01393	0.01322	0.01014	0.01354	0.00878	0.01261	0.00687	0.00467	0.00483	0.00156	0.00622	0.00431	0.00224	0.00615
106	0.00682	0.00488	0.00645	0.00727	0.00797	0.00470	0.00555	0.00824	0.01022	0.01351	0.09473	0.34544	0.06432	0.10146	0.00830	0.00231	0.00357	0.29577	0.00439	0.00409
107	0.00594	0.00432	0.00561	0.00654	0.00700	0.00399	0.00443	0.00690	0.00970	0.01284	0.07311	0.70812	0.10443	0.01461	0.00612	0.00191	0.00275	0.01316	0.00455	0.00399
108	0.00983	0.00935	0.01596	0.62577	0.20490	0.01096	0.02882	0.01300	0.01003	0.01322	0.00875	0.01272	0.00675	0.00471	0.00485	0.00158	0.00634	0.00434	0.00221	0.00592
109	0.01264	0.01471	0.04979	0.01271	0.01372	0.23494	0.01059	0.01396	0.00929	0.01188	0.00678	0.01007	0.00632	0.00734	0.01220	0.00185	0.55962	0.00390	0.00222	0.00547
110	0.01060	0.01060	0.01484	0.01272	0.01272	0.01484	0.01060	0.01166	0.00742	0.01166	0.00636	0.01060	0.00636	0.00848	0.01590	0.00212	0.82082	0.00424	0.00212	0.00530
111	0.00801	0.00500	0.00613	0.00619	0.00703	0.00465	0.00424	0.00890	0.00970	0.09115	0.09480	0.26308	0.13611	0.29076	0.01226	0.00277	0.00355	0.03735	0.00419	0.00413
112	0.01005	0.00861	0.01005	0.00718	0.01148	0.00646	0.00574	0.01220	0.01005	0.01579	0.00861	0.01005	0.00718	0.00359	0.00359	0.00072	0.00359	0.00287	0.00287	0.85932
113	0.00915	0.00861	0.01453	0.81804	0.03338	0.01077	0.01346	0.01238	0.00969	0.01238	0.00861	0.01292	0.00646	0.00484	0.00484	0.00161	0.00646	0.00431	0.00215	0.00538
114	0.00581	0.00459	0.00523	0.00575	0.00677	0.00402	0.00405	0.00686	0.01024	0.01276	0.03888	0.40256	0.44816	0.01360	0.00594	0.00179	0.00262	0.01185	0.00450	0.00402
115	0.24624	0.00657	0.00716	0.00645	0.00844	0.00662	0.00504	0.01246	0.01184	0.12567	0.39421	0.05808	0.04297	0.00797	0.00477	0.00152	0.00296	0.00660	0.03920	0.00522
116	0.00575	0.00491	0.00495	0.00494	0.00656	0.00410	0.00370	0.00701	0.01111	0.01325	0.06730	0.04638	0.77919	0.01222	0.00573	0.00163	0.00245	0.01019	0.00452	0.00410
117	0.02174	0.00825	0.01125	0.00862	0.01237	0.00712	0.00712	0.02362	0.01387	0.80282	0.01912	0.01649	0.01200	0.00600	0.00487	0.00150	0.00412	0.00487	0.00600	0.00825
118	0.01205	0.01041	0.01096	0.00986	0.01260	0.01205	0.00767	0.02575	0.79071	0.02027	0.01972	0.01808	0.01479	0.00657	0.00493	0.00164	0.00384	0.00548	0.00493	0.00767
119	0.05690	0.00519	0.00590	0.00566	0.00632	0.00511	0.00365	0.00866	0.00905	0.04788	0.18785	0.03127	0.05531	0.53155	0.01759	0.00355	0.00400	0.00720	0.00367	0.00371
120	0.00702	0.00469	0.00529	0.00531	0.00532	0.00468	0.00297	0.00704	0.00709	0.00945	0.01549	0.04723	0.01790	0.81379	0.02430	0.00464	0.00466	0.00718	0.00297	0.00296
121	0.00842	0.00421	0.00631	0.00631	0.00631	0.00421	0.00421	0.00631	0.00631	0.00842	0.00842	0.01473	0.00842	0.01684	0.01894	0.85901	0.00421	0.00421	0.00210	0.00210
122	0.00689	0.00470	0.00565	0.00579	0.00594	0.00478	0.00353	0.00722	0.00741	0.01000	0.01635	0.12601	0.01864	0.62761	0.12520	0.00477	0.00555	0.00762	0.00308	0.00324
123	0.00802	0.00571	0.00652	0.00615	0.00702	0.00579	0.00417	0.04722	0.07985	0.01470	0.23347	0.03086	0.05929	0.41840	0.01496	0.00310	0.00378	0.00729	0.03950	0.00419
124	0.00842	0.00421	0.00631	0.00631	0.00631	0.00421	0.00421	0.00631	0.00631	0.00842	0.00842	0.01473	0.00842	0.01684	0.01894	0.85901	0.00421	0.00421	0.00210	0.00210
125	0.01205	0.01041	0.01096	0.00986	0.01260	0.01205	0.00767	0.02575	0.79071	0.02027	0.01972	0.01808	0.01479	0.00657	0.00493	0.00164	0.00384	0.00548	0.00493	0.00767
126	0.01315	0.01188	0.01875	0.02641	0.65869	0.01214	0.01386	0.15277	0.01314	0.01847	0.00957	0.01193	0.00778	0.00459	0.00481	0.00144	0.00568	0.00433	0.00284	0.00778
127	0.00690	0.00463	0.00609	0.00685	0.00747	0.00432	0.00483	0.00800	0.00993	0.04823	0.07872	0.59612	0.06293	0.05037	0.00695	0.00205	0.00306	0.08382	0.00455	0.00418
128	0.00705	0.00470	0.00529	0.00529	0.00529	0.00470	0.00294	0.00705	0.00705	0.00940	0.01527	0.03171	0.01762	0.82969	0.02467	0.00470	0.00470	0.00705	0.00294	0.00294
129	0.05928	0.02243	0.01341	0.01219	0.01471	0.77132	0.00916	0.01910	0.01347	0.01234	0.00745	0.00870	0.00619	0.00497	0.00430	0.00126	0.00850	0.00310	0.00252	0.00560
130	0.00633	0.00494	0.00566	0.00562	0.00693	0.00438	0.00421	0.00789	0.01166	0.01506	0.29598	0.05782	0.43206	0.06310	0.00699	0.00184	0.00267	0.05797	0.00468	0.00420
131	0.00612	0.00492	0.00546	0.00532	0.00679	0.00426	0.00399	0.00772	0.01198	0.01530	0.30995	0.04300	0.53526	0.01145	0.00572	0.00160	0.00240	0.00972	0.00479	0.00426
132	0.00972	0.02507	0.80458	0.01381	0.02097	0.01125	0.01790	0.01535	0.01023	0.01535	0.00870	0.01023	0.00614	0.00460	0.00460	0.00153	0.00716	0.00358	0.00205	0.00716
133	0.01568	0.01522	0.01280	0.01103	0.01400	0.26071	0.00862	0.23119	0.33919	0.02047	0.01371	0.01341	0.01034	0.00588	0.00473	0.00147	0.00577	0.00444	0.00415	0.00719
134	0.01787	0.01240	0.01354	0.01053	0.01415	0.01352	0.00861	0.61765	0.07020	0.11288	0.01313	0.01347	0.00949	0.04266	0.00574	0.00162	0.00508	0.00461	0.00489	0.00797
135	0.00692	0.00519	0.00779	0.00779	0.00865	0.00606	0.00606	0.00865	0.00779	0.01125	0.01298	0.01904	0.01211	0.03634	0.81049	0.00779	0.01298	0.00519	0.00260	0.00433
136	0.86392	0.00937	0.00712	0.00637	0.00937	0.01087	0.00525	0.01425	0.00825	0.02174	0.00675	0.00787	0.00525	0.00450	0.00300	0.00150	0.00375	0.00262	0.00300	0.00525
137	0.00927	0.00874	0.01475	0.78437	0.06610	0.01080	0.01352	0.01249	0.00975	0.01253	0.00863	0.01288	0.00651	0.00482	0.00484	0.00161	0.00643	0.00431	0.00216	0.00548
138	0.00903	0.00452	0.00452	0.00452	0.00565	0.00452	0.00339	0.01129	0.01016	0.01807	0.01581	0.01807	0.01242	0.00565	0.00339	0.00113	0.00226	0.00452	0.85659	0.00452
139	0.01526	0.01432	0.01261	0.01085	0.01384	0.20357	0.00850	0.23400	0.39242	0.02111	0.01456	0.01406	0.01094	0.00599	0.00477	0.00150	0.00542	0.00461	0.00433	0.00734
140	0.01022	0.00807	0.00850	0.00795	0.00981	0.07825	0.00623	0.01466	0.17619	0.08308	0.31790	0.03190	0.10326	0.00916	0.00550	0.00163	0.00366	0.11362	0.00485	0.00556
141	0.01094	0.01044	0.01777	0.32143	0.51600	0.01124	0.01435	0.01395	0.01054	0.01456	0.00893	0.01234	0.00723	0.00451	0.00482	0.00150	0.00602	0.00431	0.00231	0.00683
142	0.66496	0.01001	0.00796	0.00699	0.00994	0.04637	0.00569	0.09089	0.01020	0.02141	0.01104	0.01174	0.07620	0.00535	0.00349	0.00150	0.00401	0.00350	0.00330	0.00546
143	0.00701	0.00485	0.00606	0.00606	0.00633	0.00512	0.00390	0.00754	0.00728	0.00997	0.01456	0.02780	0.01592	0.58470	0.26733	0.00565	0.00726	0.00647	0.00283	0.00337
144	0.07740	0.27659	0.09037	0.01129	0.01518	0.06392	0.17248	0.03244	0.01085	0.07493	0.02319	0.05659	0.00951	0.04527	0.00531	0.00153	0.00581	0.00453	0.00286	0.01995
145	0.01691	0.01155	0.01275	0.01026	0.01374	0.01260	0.00832	0.39253	0.27686	0.16795	0.01569	0.01467	0.01111	0.00610	0.00488	0.00153	0.00461	0.00483	0.00509	0.00805
146	0.01199	0.01151	0.01967	0.02974	0.79946	0.01151	0.01487	0.01487	0.01103	0.01583	0.00912	0.01199	0.00768	0.00432	0.00480	0.00144	0.00576	0.00432	0.00240	0.00768
147	0.01449	0.01134	0.01313	0.12311	0.04802	0.01255	0.00916	0.44577	0.12172	0.02389	0.01630	0.01654	0.09623	0.00640	0.00493	0.00151	0.00496	0.00513	0.00432	0.02051
148	0.16438	0.01144	0.01306	0.01022	0.01384	0.01227	0.05728	0.36085	0.10102	0.11652	0.01213	0.01222	0.00871	0.00547	0.00470	0.00146	0.01889	0.00422	0.00433	0.06701
149	0.00903	0.00452	0.00452	0.00452	0.00565	0.00452	0.00339	0.01129	0.01016	0.01807	0.01581	0.01807	0.01242	0.00565	0.00339	0.00113	0.00226	0.00452	0.85659	0.00452
150	0.00590	0.00422	0.00562	0.00675	0.00703	0.00394	0.00450	0.00675	0.00928	0.01237	0.02671	0.82653	0.03205	0.01518	0.00619	0.00197	0.00281	0.01378	0.00450	0.00394
151	0.01236	0.01196	0.01883	0.08147	0.67773	0.05045	0.01428	0.04604	0.01155	0.01600	0.00910	0.01188	0.00755	0.00445	0.00478	0.00144	0.00593	0.00426	0.00249	0.00744
152	0.05802	0.00803	0.01075	0.00845	0.01191	0.00719	0.00694	0.02186	0.01308	0.69740	0.01802	0.01634	0.01171	0.00864	0.07659	0.00206	0.00490	0.00480	0.00556	0.00776
153	0.86392	0.00937	0.00712	0.00637	0.00937	0.01087	0.00525	0.01425	0.00825	0.02174	0.00675	0.00787	0.00525	0.00450	0.00300	0.00150	0.00375	0.00262	0.00300	0.00525
154	0.01160	0.01039	0.01452	0.01236	0.01269	0.01416	0.01029	0.01273	0.00800	0.08217	0.00750	0.01113	0.00686	0.00826	0.01492	0.00207	0.74804	0.00430	0.00247	0.00556
155	0.00619	0.00439	0.00576	0.00659	0.00687	0.00426	0.00437	0.00697	0.00876	0.01176	0.02352	0.61784	0.02779	0.15718	0.08105	0.00296	0.00404	0.01185	0.00406	0.00380
156	0.00842	0.00421	0.00631	0.00631	0.00631	0.00421	0.00421	0.00631	0.00631	0.00842	0.00842	0.01473	0.00842	0.01684	0.01894	0.85901	0.00421	0.00421	0.00210	0.00210
157	0.01550	0.01765	0.01660	0.04898	0.15880	0.42181	0.09433	0.09209	0.01334	0.01481	0.00842	0.01036	0.00683	0.00505	0.00534	0.00141	0.05583	0.00386	0.00267	0.00632
158	0.86392	0.00937	0.00712	0.00637	0.00937	0.01087	0.00525	0.01425	0.00825	0.02174	0.00675	0.00787	0.00525	0.00450	0.00300	0.00150	0.00375	0.00262	0.00300	0.00525
159	0.00705	0.00470	0.00529	0.00529	0.00529	0.00470	0.00294	0.00705	0.00705	0.00940	0.01527	0.03171	0.01762	0.82969	0.02467	0.00470	0.00470	0.00705	0.00294	0.00294
160	0.01296	0.83261	0.02539	0.00829	0.01244	0.01917	0.00829	0.01451	0.00985	0.01140	0.00674	0.00777	0.00622	0.00415	0.00311	0.00104	0.00518	0.00259	0.00207	0.00622
161	0.00573	0.00491	0.00491	0.00491	0.00655	0.00409	0.00368	0.00695	0.01105	0.01309	0.04909	0.04664	0.79750	0.01227	0.00573	0.00164	0.00245	0.01023	0.00450	0.00409
162	0.01842	0.01357	0.01454	0.01115	0.01503	0.01503	0.00921	0.78330	0.02278	0.03054	0.01163	0.01163	0.00824	0.00582	0.00485	0.00145	0.00533	0.00436	0.00485	0.00824
163	0.86392	0.00937	0.00712	0.00637	0.00937	0.01087	0.00525	0.01425	0.00825	0.02174	0.00675	0.00787	0.00525	0.00450	0.00300	0.00150	0.00375	0.00262	0.00300	0.00525
164	0.01060	0.01060	0.01484	0.01272	0.01272	0.01484	0.01060	0.01166	0.00742	0.01166	0.00636	0.01060	0.00636	0.00848	0.01590	0.00212	0.82082	0.00424	0.00212	0.00530
165	0.01907	0.00766	0.01039	0.00817	0.01145	0.00666	0.00666	0.02102	0.01384	0.66224	0.15870	0.02003	0.01805	0.00670	0.00502	0.00150	0.00379	0.00557	0.00588	0.00759
166	0.00705	0.00470	0.00529	0.00529	0.00529	0.00470	0.00294	0.00705	0.00705	0.00940	0.01527	0.03171	0.01762	0.82969	0.02467	0.00470	0.00470	0.00705	0.00294	0.00294
167	0.00573	0.00491	0.00491	0.00491	0.00655	0.00409	0.00368	0.00695	0.01105	0.01309	0.04909	0.04664	0.79750	0.01227	0.00573	0.00164	0.00245	0.01023	0.00450	0.00409
168	0.00590	0.00422	0.00562	0.00675	0.00703	0.00394	0.00450	0.00675	0.00928	0.01237	0.02671	0.82653	0.03205	0.01518	0.00619	0.00197	0.00281	0.01378	0.00450	0.00394
169	0.00573	0.00491	0.00491	0.00491	0.00655	0.00409	0.00368	0.00695	0.01105	0.01309	0.04909	0.04664	0.79750	0.01227	0.00573	0.00164	0.00245	0.01023	0.00450	0.00409
170	0.00867	0.00776	0.01114	0.01013	0.01058	0.01023	0.00821	0.01008	0.00761	0.01145	0.00984	0.01503	0.00938	0.02312	0.43335	0.00510	0.39641	0.00474	0.00237	0.00479
171	0.01866	0.01319	0.01431	0.01097	0.01484	0.01446	0.00906	0.72844	0.02214	0.08631	0.01218	0.01199	0.00851	0.00583	0.00485	0.00146	0.00525	0.00440	0.00493	0.00824
172	0.01842	0.01357	0.01454	0.01115	0.01503	0.01503	0.00921	0.78330	0.02278	0.03054	0.01163	0.01163	0.00824	0.00582	0.00485	0.00145	0.00533	0.00436	0.00485	0.00824
173	0.00590	0.00422	0.00562	0.00675	0.00703	0.00394	0.00450	0.00675	0.00928	0.01237	0.02671	0.82653	0.03205	0.01518	0.00619	0.00197	0.00281	0.01378	0.00450	0.00394
174	0.00682	0.00495	0.00642	0.00605	0.00721	0.00455	0.00454	0.00906	0.01362	0.01920	0.76920	0.03659	0.07357	0.00999	0.00572	0.00153	0.00229	0.00882	0.00530	0.00455
175	0.00590	0.00422	0.00562	0.00675	0.00703	0.00394	0.00450	0.00675	0.00928	0.01237	0.02671	0.82653	0.03205	0.01518	0.00619	0.00197	0.00281	0.01378	0.00450	0.00394
176	0.00630	0.00509	0.00571	0.00602	0.00751	0.00450	0.00482	0.00781	0.01108	0.01348	0.04260	0.04886	0.58438	0.01258	0.00599	0.00180	0.00301	0.21975	0.00449	0.00419
177	0.00972	0.02507	0.80458	0.01381	0.02097	0.01125	0.01790	0.01535	0.01023	0.01535	0.00870	0.01023	0.00614	0.00460	0.00460	0.00153	0.00716	0.00358	0.00205	0.00716
178	0.00972	0.02507	0.80458	0.01381	0.02097	0.01125	0.01790	0.01535	0.01023	0.01535	0.00870	0.01023	0.00614	0.00460	0.00460	0.00153	0.00716	0.00358	0.00205	0.00716
179	0.02061	0.00791	0.01065	0.00826	0.01177	0.00689	0.00679	0.02252	0.01354	0.73288	0.01882	0.01663	0.01203	0.00597	0.00474	0.00147	0.00396	0.00484	0.08181	0.00791
180	0.00929	0.00875	0.01478	0.77971	0.07063	0.01080	0.01353	0.01250	0.00976	0.01255	0.00864	0.01287	0.00652	0.00482	0.00484	0.00161	0.00643	0.00431	0.00217	0.00549
181	0.01078	0.00906	0.01044	0.00756	0.01180	0.00728	0.00607	0.07572	0.02683	0.01709	0.00908	0.01034	0.00742	0.00383	0.00372	0.00080	0.00374	0.00305	0.00307	0.77235
182	0.00573	0.00491	0.00491	0.00491	0.00655	0.00409	0.00368	0.00695	0.01105	0.01309	0.04909	0.04664	0.79750	0.01227	0.00573	0.00164	0.00245	0.01023	0.00450	0.00409
183	0.00591	0.00490	0.00518	0.00514	0.00667	0.00417	0.00384	0.00731	0.01145	0.01411	0.17012	0.05926	0.66136	0.01194	0.00573	0.00162	0.00243	0.01005	0.00464	0.00417
184	0.34675	0.01002	0.01287	0.15719	0.26885	0.01108	0.00999	0.06580	0.01046	0.01863	0.00854	0.01076	0.00674	0.00464	0.00405	0.00148	0.00492	0.00366	0.03735	0.00623
185	0.00842	0.00421	0.00631	0.00631	0.00631	0.00421	0.00421	0.00631	0.00631	0.00842	0.00842	0.01473	0.00842	0.01684	0.01894	0.85901	0.00421	0.00421	0.00210	0.00210
186	0.01001	0.09801	0.73420	0.01331	0.02020	0.01197	0.01704	0.01527	0.01020	0.01499	0.00852	0.01001	0.00615	0.00456	0.00447	0.00149	0.00698	0.00349	0.00205	0.00708
187	0.03014	0.01492	0.01306	0.01098	0.01414	0.22185	0.00868	0.32639	0.25047	0.04007	0.01307	0.01286	0.00972	0.00581	0.00472	0.00146	0.00572	0.00436	0.00425	0.00734
188	0.00573	0.00491	0.00491	0.00491	0.00655	0.00409	0.00368	0.00695	0.01105	0.01309	0.04909	0.04664	0.79750	0.01227	0.00573	0.00164	0.00245	0.01023	0.00450	0.00409
189	0.01199	0.01151	0.01967	0.02974	0.79946	0.01151	0.01487	0.01487	0.01103	0.01583	0.00912	0.01199	0.00768	0.00432	0.00480	0.00144	0.00576	0.00432	0.00240	0.00768
190	0.01068	0.26368	0.57435	0.01218	0.01845	0.01359	0.01506	0.01510	0.01012	0.01418	0.00812	0.00951	0.00616	0.00447	0.00416	0.00139	0.00658	0.00329	0.00205	0.00688
191	0.00911	0.00853	0.01194	0.01080	0.01097	0.01135	0.00870	0.01021	0.00787	0.01177	0.01165	0.19067	0.01272	0.01343	0.11291	0.00279	0.54056	0.00645	0.00270	0.00488
192	0.00590	0.00439	0.00552	0.00641	0.00699	0.00400	0.00439	0.00685	0.00968	0.01256	0.03131	0.65041	0.19015	0.01455	0.00610	0.00190	0.00277	0.02763	0.00450	0.00398
193	0.00940	0.00887	0.01499	0.74779	0.10165	0.01083	0.01358	0.01260	0.00981	0.01269	0.00866	0.01284	0.00657	0.00480	0.00484	0.00160	0.00640	0.00431	0.00218	0.00559
194	0.01593	0.01983	0.01221	0.01117	0.01350	0.66559	0.00838	0.01722	0.01336	0.01235	0.04610	0.01511	0.11692	0.00620	0.00461	0.00131	0.00760	0.00434	0.00289	0.00536
195	0.00972	0.02507	0.80458	0.01381	0.02097	0.01125	0.01790	0.01535	0.01023	0.01535	0.00870	0.01023	0.00614	0.00460	0.00460	0.00153	0.00716	0.00358	0.00205	0.00716
196	0.00858	0.08829	0.33672	0.11715	0.01675	0.00928	0.01153	0.01186	0.01007	0.01380	0.03949	0.21465	0.07452	0.00807	0.00504	0.00162	0.00528	0.01861	0.00299	0.00570
197	0.01046	0.01038	0.01451	0.01248	0.01249	0.01447	0.01036	0.01151	0.00742	0.01161	0.00667	0.01119	0.00670	0.02558	0.03164	0.00228	0.78856	0.00432	0.00215	0.00523
198	0.01709	0.18359	0.01609	0.01159	0.01448	0.61428	0.00914	0.05554	0.01340	0.01268	0.00754	0.00869	0.00633	0.00487	0.00414	0.00122	0.00787	0.00308	0.00253	0.00587
199	0.00915	0.00861	0.01453	0.81804	0.03338	0.01077	0.01346	0.01238	0.00969	0.01238	0.00861	0.01292	0.00646	0.00484	0.00484	0.00161	0.00646	0.00431	0.00215	0.00538
200	0.01698	0.01297	0.01441	0.08452	0.08712	0.07507	0.00982	0.46713	0.06092	0.10423	0.01202	0.01240	0.00862	0.00559	0.00481	0.00147	0.00553	0.00437	0.00433	0.00770
201	0.01191	0.01055	0.01034	0.02574	0.04091	0.12383	0.00716	0.16283	0.15321	0.03214	0.20871	0.02438	0.15242	0.00785	0.00515	0.00151	0.00435	0.00645	0.00446	0.00609
202	0.01689	0.01458	0.01622	0.04874	0.01705	0.20364	0.13910	0.28209	0.01600	0.14088	0.01110	0.01194	0.00802	0.00544	0.00542	0.00148	0.04619	0.00436	0.00381	0.00706
203	0.01100	0.33846	0.48962	0.01177	0.01773	0.01435	0.02637	0.01502	0.01010	0.01382	0.00795	0.00932	0.00619	0.00442	0.00404	0.00134	0.00641	0.00323	0.00206	0.00679
204	0.01414	0.05085	0.01550	0.01333	0.08769	0.21957	0.08718	0.11846	0.10891	0.03030	0.02198	0.01184	0.00863	0.00527	0.00542	0.00137	0.06809	0.00409	0.00320	0.12418

[dist]
# distance from previous block
# <min> <max>
0	2

[block]
# block no. 1 follows, 52 sequences, length 80
# corresponding to MSA columns:
# 343-422
name=unknown_B
#
# <colnr> <probs for GDERKNQSTAVLIFYWHMCP>
#	G	D	E	R	K	N	Q	S	T	A	V	L	I	F	Y	W	H	M	C	P
0	0.01405	0.01186	0.01752	0.07203	0.01848	0.01206	0.23222	0.31881	0.05008	0.04357	0.02671	0.01282	0.00884	0.00503	0.00493	0.00142	0.00581	0.00468	0.00371	0.13539
1	0.22921	0.01135	0.01152	0.00945	0.01280	0.01272	0.00768	0.34212	0.22395	0.07185	0.01302	0.01270	0.00947	0.00570	0.00441	0.00152	0.00446	0.00426	0.00447	0.00734
2	0.01523	0.01182	0.01262	0.01036	0.01362	0.01324	0.00832	0.44541	0.31892	0.02553	0.01612	0.04439	0.02882	0.00659	0.00495	0.00155	0.00460	0.00526	0.00486	0.00777
3	0.01812	0.02263	0.01377	0.01242	0.01498	0.77111	0.00936	0.05694	0.01418	0.01278	0.00769	0.00888	0.00634	0.00503	0.00439	0.00126	0.00857	0.00318	0.00261	0.00575
4	0.00976	0.00828	0.00973	0.00708	0.01110	0.00629	0.00564	0.01193	0.01038	0.01612	0.07990	0.01241	0.01066	0.00416	0.00378	0.00079	0.00347	0.00340	0.00309	0.78203
5	0.00590	0.00422	0.00562	0.00675	0.00703	0.00394	0.00450	0.00675	0.00928	0.01237	0.02671	0.82653	0.03205	0.01518	0.00619	0.00197	0.00281	0.01378	0.00450	0.00394
6	0.01023	0.00971	0.01648	0.51880	0.32419	0.01105	0.01400	0.01333	0.01020	0.01369	0.00880	0.01257	0.00692	0.00464	0.00483	0.00155	0.00619	0.00431	0.00225	0.00625
7	0.11170	0.01694	0.01276	0.01104	0.01391	0.38512	0.00861	0.21396	0.11694	0.01881	0.01014	0.01081	0.00786	0.00595	0.01811	0.00151	0.02214	0.00375	0.00347	0.00649
8	0.00590	0.00422	0.00562	0.00675	0.00703	0.00394	0.00450	0.00675	0.00928	0.01237	0.02671	0.82653	0.03205	0.01518	0.00619	0.00197	0.00281	0.01378	0.00450	0.00394
9	0.01563	0.01836	0.08710	0.01738	0.24239	0.37665	0.01170	0.14293	0.01412	0.01639	0.00875	0.01029	0.00698	0.00490	0.00459	0.00136	0.00718	0.00371	0.00281	0.00678
10	0.02737	0.35225	0.35310	0.01094	0.01612	0.04750	0.01228	0.01629	0.09534	0.01425	0.00902	0.00998	0.00710	0.00465	0.00399	0.00133	0.00599	0.00335	0.00241	0.00673
11	0.01097	0.21449	0.50923	0.05267	0.05135	0.05345	0.01486	0.01519	0.01032	0.01411	0.00819	0.00978	0.00624	0.00452	0.00426	0.00140	0.00668	0.00339	0.00210	0.00679
12	0.01140	0.26867	0.25437	0.01476	0.02009	0.01409	0.32067	0.01516	0.01060	0.01420	0.00854	0.01061	0.00665	0.00426	0.00459	0.00142	0.00696	0.00413	0.00222	0.00662
13	0.00668	0.00491	0.00641	0.00723	0.00812	0.00464	0.00564	0.00822	0.01061	0.01382	0.08629	0.34600	0.15608	0.01363	0.00627	0.00198	0.00335	0.30137	0.00455	0.00421
14	0.01127	0.01040	0.01634	0.31548	0.37157	0.01149	0.01309	0.05326	0.11820	0.01590	0.01051	0.01315	0.00823	0.00490	0.00484	0.00153	0.00573	0.00448	0.00278	0.00686
15	0.01689	0.01348	0.05226	0.01025	0.01358	0.16766	0.00852	0.25911	0.08010	0.21194	0.10284	0.01551	0.01347	0.00617	0.00485	0.00145	0.00533	0.00480	0.00459	0.00721
16	0.00595	0.00425	0.00567	0.00671	0.00704	0.00397	0.00450	0.00687	0.00950	0.01273	0.06560	0.78663	0.03274	0.01492	0.00616	0.00195	0.00278	0.01352	0.00454	0.00397
17	0.01143	0.01180	0.02261	0.11266	0.38629	0.01180	0.32444	0.01480	0.01098	0.01524	0.00928	0.01250	0.00738	0.00437	0.00540	0.00155	0.02328	0.00488	0.00239	0.00691
18	0.00801	0.00527	0.00668	0.00654	0.00720	0.00548	0.00447	0.00936	0.04046	0.05862	0.05527	0.08098	0.01798	0.42008	0.24769	0.00493	0.00677	0.00686	0.00333	0.00400
19	0.00695	0.00488	0.00607	0.00664	0.00705	0.00478	0.00442	0.04618	0.00939	0.01252	0.02260	0.52372	0.02650	0.25018	0.01148	0.00274	0.00355	0.04240	0.00406	0.00389
20	0.00692	0.00519	0.00779	0.00779	0.00865	0.00606	0.00606	0.00865	0.00779	0.01125	0.01298	0.01904	0.01211	0.03634	0.81049	0.00779	0.01298	0.00519	0.00260	0.00433
21	0.01335	0.25030	0.05675	0.01402	0.16978	0.17782	0.01010	0.04493	0.13781	0.01469	0.01012	0.01142	0.00833	0.00676	0.05251	0.00170	0.00638	0.00378	0.00282	0.00663
22	0.00983	0.00930	0.01575	0.63119	0.21496	0.01094	0.01379	0.01297	0.01001	0.01320	0.00873	0.01270	0.00675	0.00472	0.00483	0.00157	0.00629	0.00431	0.00221	0.00593
23	0.00656	0.00462	0.00601	0.00646	0.00678	0.00472	0.00430	0.00731	0.00812	0.01103	0.01931	0.34714	0.02210	0.31532	0.20353	0.00434	0.00591	0.00930	0.00348	0.00367
24	0.01243	0.01060	0.01117	0.00994	0.01275	0.01223	0.00776	0.07114	0.74470	0.02089	0.01924	0.01769	0.01440	0.00653	0.00493	0.00163	0.00392	0.00541	0.00493	0.00770
25	0.01005	0.00861	0.01005	0.00718	0.01148	0.00646	0.00574	0.01220	0.01005	0.01579	0.00861	0.01005	0.00718	0.00359	0.00359	0.00072	0.00359	0.00287	0.00287	0.85932
26	0.00778	0.00646	0.00707	0.00680	0.00853	0.00654	0.00514	0.01273	0.23652	0.01581	0.13137	0.10619	0.36716	0.01180	0.04617	0.00196	0.00340	0.00874	0.00463	0.00518
27	0.00573	0.00491	0.00491	0.00491	0.00655	0.00409	0.00368	0.00695	0.01105	0.01309	0.04909	0.04664	0.79750	0.01227	0.00573	0.00164	0.00245	0.01023	0.00450	0.00409
28	0.00942	0.00889	0.01503	0.74228	0.10701	0.01084	0.01359	0.01262	0.00982	0.01271	0.00866	0.01283	0.00658	0.00479	0.00484	0.00160	0.00639	0.00431	0.00218	0.00560
29	0.00951	0.00725	0.00834	0.00826	0.00984	0.00780	0.00608	0.01628	0.36632	0.05589	0.02314	0.41648	0.02316	0.01079	0.00555	0.00180	0.00335	0.00954	0.00477	0.00586
30	0.00605	0.00428	0.00558	0.00656	0.00681	0.00403	0.00430	0.00679	0.00899	0.01199	0.02525	0.72536	0.03021	0.11885	0.00854	0.00232	0.00305	0.01292	0.00430	0.00381
31	0.00705	0.00470	0.00529	0.00529	0.00529	0.00470	0.00294	0.00705	0.00705	0.00940	0.01527	0.03171	0.01762	0.82969	0.02467	0.00470	0.00470	0.00705	0.00294	0.00294
32	0.00611	0.00492	0.00544	0.00531	0.00678	0.00425	0.00398	0.00769	0.01195	0.01523	0.30125	0.04312	0.54400	0.01148	0.00572	0.00160	0.00240	0.00973	0.00478	0.00425
33	0.66430	0.00911	0.00810	0.00691	0.01008	0.00998	0.00569	0.01647	0.00958	0.20688	0.00968	0.00992	0.00685	0.00485	0.00344	0.00150	0.00384	0.00316	0.00371	0.00596
34	0.00782	0.00575	0.00769	0.00858	0.00983	0.00575	0.00741	0.01052	0.04950	0.01465	0.02762	0.05209	0.10122	0.01294	0.00651	0.00215	0.00424	0.65666	0.00449	0.00458
35	0.01628	0.00997	0.01146	0.00955	0.01279	0.01059	0.00764	0.10871	0.42364	0.30567	0.01861	0.01679	0.01305	0.00628	0.00490	0.00157	0.00411	0.00514	0.00531	0.00794
