[name]
unknown

[dist]
# distance from previous block
# <min> <max>
3	168

[block]
# block no. 0 follows, 41 sequences, length 68
# corresponding to MSA columns:
# 194-233,244,245,249-274
name=unknown_A
#
# <colnr> <probs for GDERKNQSTAVLIFYWHMCP>
#	G	D	E	R	K	N	Q	S	T	A	V	L	I	F	Y	W	H	M	C	P
0	0.08505	0.11188	0.30383	0.03967	0.03204	0.06872	0.01378	0.03564	0.08527	0.08434	0.01297	0.01386	0.02235	0.00588	0.00508	0.00166	0.00679	0.00445	0.00350	0.06325
1	0.05654	0.20739	0.05526	0.01064	0.01413	0.04716	0.00934	0.01947	0.17396	0.07912	0.06772	0.03231	0.06802	0.00766	0.00654	0.00172	0.08631	0.00570	0.00420	0.04681
2	0.01336	0.07143	0.08388	0.00992	0.01458	0.01008	0.02854	0.09297	0.01406	0.08097	0.01981	0.03875	0.13315	0.00694	0.00515	0.00138	0.00495	0.00565	0.00413	0.36031
3	0.01534	0.21249	0.09604	0.02051	0.29085	0.03940	0.01382	0.14701	0.01495	0.01996	0.01147	0.05248	0.00996	0.00620	0.00554	0.00164	0.02565	0.00504	0.00333	0.00832
4	0.01311	0.01142	0.05691	0.01343	0.05364	0.01063	0.10252	0.16316	0.04812	0.05853	0.02053	0.31716	0.02075	0.01072	0.00673	0.00197	0.02679	0.00960	0.00473	0.04954
5	0.01329	0.01012	0.01201	0.00865	0.01366	0.00771	0.00695	0.01580	0.01233	0.09617	0.01145	0.01265	0.00906	0.00453	0.00439	0.00094	0.00430	0.00363	0.00377	0.74859
6	0.01756	0.01257	0.01433	0.01167	0.01508	0.01391	0.00945	0.46463	0.04307	0.06287	0.01500	0.01736	0.01176	0.04092	0.21846	0.00390	0.00863	0.00558	0.00499	0.00825
7	0.01147	0.02959	0.76934	0.01630	0.02476	0.01328	0.02113	0.01811	0.01208	0.01811	0.01026	0.01208	0.00725	0.00543	0.00543	0.00181	0.00845	0.00423	0.00242	0.00845
8	0.00962	0.00780	0.00878	0.00819	0.01026	0.00795	0.00624	0.01611	0.24050	0.02128	0.35108	0.03942	0.22803	0.01122	0.00647	0.00188	0.00331	0.00961	0.00589	0.00637
9	0.01350	0.01543	0.03375	0.02411	0.02989	0.01446	0.74253	0.01832	0.01350	0.01832	0.01157	0.01543	0.00868	0.00482	0.00675	0.00193	0.00964	0.00675	0.00289	0.00771
10	0.01380	0.01280	0.01939	0.11310	0.45241	0.01368	0.01477	0.02114	0.23895	0.01983	0.01452	0.01648	0.01146	0.00598	0.00572	0.00180	0.00620	0.00551	0.00371	0.00875
11	0.02566	0.00973	0.01327	0.01018	0.01460	0.00841	0.00841	0.02788	0.01637	0.76726	0.02257	0.01947	0.01416	0.00708	0.00575	0.00177	0.00487	0.00575	0.00708	0.00973
12	0.00975	0.00877	0.01562	0.01236	0.01507	0.00817	0.23064	0.01309	0.01537	0.02153	0.53150	0.03439	0.04013	0.00959	0.00675	0.00184	0.00482	0.00925	0.00526	0.00611
13	0.01066	0.00533	0.00533	0.00533	0.00666	0.00533	0.00400	0.01333	0.01200	0.02132	0.01866	0.02132	0.01466	0.00666	0.00400	0.00133	0.00267	0.00533	0.83073	0.00533
14	0.01423	0.01229	0.01293	0.01164	0.01487	0.01423	0.00905	0.03039	0.75297	0.02393	0.02328	0.02134	0.01746	0.00776	0.00582	0.00194	0.00453	0.00647	0.00582	0.00905
15	0.00769	0.00583	0.00708	0.00677	0.00829	0.00522	0.00508	0.01000	0.01523	0.02065	0.54567	0.04649	0.27001	0.01255	0.00675	0.00184	0.00276	0.01087	0.00600	0.00522
16	0.01504	0.01400	0.01331	0.01199	0.01519	0.10121	0.00928	0.02953	0.66884	0.02279	0.02163	0.02008	0.01631	0.00755	0.00574	0.00189	0.00519	0.00615	0.00549	0.00878
17	0.02426	0.01198	0.01466	0.01124	0.01572	0.01174	0.00929	0.28346	0.02013	0.50637	0.01941	0.01742	0.01258	0.00700	0.00574	0.00175	0.00538	0.00554	0.00660	0.00973
18	0.83938	0.01106	0.00841	0.00752	0.01106	0.01283	0.00619	0.01681	0.00973	0.02566	0.00796	0.00929	0.00619	0.00531	0.00354	0.00177	0.00442	0.00310	0.00354	0.00619
19	0.01290	0.31742	0.49398	0.01388	0.02100	0.01677	0.01691	0.01775	0.01191	0.01638	0.00940	0.01100	0.00728	0.00523	0.00478	0.00159	0.00758	0.00379	0.00243	0.00804
20	0.00774	0.00583	0.00715	0.00682	0.00833	0.00525	0.00512	0.01010	0.01535	0.02094	0.57257	0.04602	0.24293	0.01244	0.00675	0.00183	0.00275	0.01081	0.00603	0.00525
21	0.01228	0.01740	0.24930	0.26578	0.30947	0.01322	0.01812	0.01680	0.01223	0.01723	0.01042	0.01387	0.00805	0.00540	0.00561	0.00180	0.00756	0.00483	0.00261	0.00802
22	0.02566	0.00973	0.01327	0.01018	0.01460	0.00841	0.00841	0.02788	0.01637	0.76726	0.02257	0.01947	0.01416	0.00708	0.00575	0.00177	0.00487	0.00575	0.00708	0.00973
23	0.02174	0.01602	0.01717	0.01316	0.01774	0.01774	0.01087	0.74423	0.02689	0.03605	0.01373	0.01373	0.00973	0.00687	0.00572	0.00172	0.00629	0.00515	0.00572	0.00973
24	0.02566	0.00973	0.01327	0.01018	0.01460	0.00841	0.00841	0.02788	0.01637	0.76726	0.02257	0.01947	0.01416	0.00708	0.00575	0.00177	0.00487	0.00575	0.00708	0.00973
25	0.01209	0.02526	0.54457	0.01869	0.02633	0.01364	0.24157	0.01818	0.01251	0.01818	0.01066	0.01310	0.00768	0.00525	0.00584	0.00185	0.00882	0.00500	0.00256	0.00823
26	0.02566	0.00973	0.01327	0.01018	0.01460	0.00841	0.00841	0.02788	0.01637	0.76726	0.02257	0.01947	0.01416	0.00708	0.00575	0.00177	0.00487	0.00575	0.00708	0.00973
27	0.01164	0.00862	0.01012	0.00884	0.01099	0.00888	0.00682	0.17381	0.08107	0.02530	0.49495	0.03425	0.03941	0.05062	0.00759	0.00198	0.00379	0.00877	0.00598	0.00656
28	0.01195	0.01030	0.01075	0.00985	0.01269	0.01136	0.00762	0.02361	0.52687	0.02134	0.03387	0.03164	0.24466	0.00982	0.00611	0.00194	0.00403	0.00818	0.00566	0.00776
29	0.01652	0.01343	0.01423	0.01210	0.01575	0.01530	0.00961	0.24852	0.53110	0.02763	0.02036	0.01902	0.01510	0.00749	0.00579	0.00187	0.00507	0.00606	0.00579	0.00926
30	0.01398	0.01342	0.02291	0.07353	0.72622	0.01355	0.01747	0.01740	0.01294	0.01848	0.01073	0.01421	0.00899	0.00513	0.00567	0.00171	0.00684	0.00510	0.00282	0.00892
31	0.01508	0.01285	0.05249	0.01372	0.07989	0.01330	0.01035	0.02784	0.55416	0.09808	0.02167	0.02137	0.01635	0.00759	0.00584	0.00192	0.00498	0.02803	0.00550	0.00898
32	0.00697	0.00498	0.00664	0.00796	0.00830	0.00465	0.00531	0.00796	0.01095	0.01460	0.03153	0.79525	0.03783	0.01792	0.00730	0.00232	0.00332	0.01626	0.00531	0.00465
33	0.01230	0.01122	0.01846	0.02658	0.53267	0.01109	0.01384	0.01549	0.01399	0.01999	0.23979	0.02289	0.02278	0.00711	0.00599	0.00173	0.00554	0.00670	0.00389	0.00794
34	0.83938	0.01106	0.00841	0.00752	0.01106	0.01283	0.00619	0.01681	0.00973	0.02566	0.00796	0.00929	0.00619	0.00531	0.00354	0.00177	0.00442	0.00310	0.00354	0.00619
35	0.00810	0.00585	0.00765	0.00720	0.00855	0.00540	0.00540	0.01079	0.01619	0.02294	0.76028	0.04273	0.05397	0.01169	0.00675	0.00180	0.00270	0.01034	0.00630	0.00540
36	0.01066	0.00533	0.00533	0.00533	0.00666	0.00533	0.00400	0.01333	0.01200	0.02132	0.01866	0.02132	0.01466	0.00666	0.00400	0.00133	0.00267	0.00533	0.83073	0.00533
37	0.83938	0.01106	0.00841	0.00752	0.01106	0.01283	0.00619	0.01681	0.00973	0.02566	0.00796	0.00929	0.00619	0.00531	0.00354	0.00177	0.00442	0.00310	0.00354	0.00619
38	0.02001	0.01474	0.01587	0.01262	0.01684	0.01635	0.01028	0.52339	0.21361	0.07042	0.01665	0.01599	0.01195	0.00711	0.00575	0.00178	0.00577	0.00552	0.00582	0.00955
39	0.01611	0.55912	0.07958	0.01190	0.05281	0.05849	0.01089	0.01912	0.05034	0.07971	0.01035	0.01120	0.00853	0.00533	0.00426	0.00139	0.00634	0.00368	0.00306	0.00776
40	0.01147	0.02959	0.76934	0.01630	0.02476	0.01328	0.02113	0.01811	0.01208	0.01811	0.01026	0.01208	0.00725	0.00543	0.00543	0.00181	0.00845	0.00423	0.00242	0.00845
41	0.00897	0.00641	0.00894	0.01026	0.01147	0.00637	0.00879	0.01143	0.01293	0.01684	0.03042	0.14372	0.03345	0.01603	0.00784	0.00260	0.00506	0.64801	0.00527	0.00520
42	0.01406	0.01491	0.01405	0.01600	0.15566	0.25851	0.01020	0.03614	0.05143	0.01620	0.01811	0.29187	0.01915	0.01036	0.00674	0.00190	0.04547	0.00869	0.00397	0.00657
43	0.05585	0.02998	0.08707	0.03216	0.09087	0.01052	0.02240	0.06919	0.05860	0.04054	0.02097	0.24810	0.04280	0.01199	0.03065	0.00229	0.06279	0.07217	0.00434	0.00671
44	0.02515	0.01056	0.01379	0.01057	0.01502	0.00964	0.00873	0.12244	0.01776	0.67073	0.02140	0.01871	0.01357	0.00705	0.00575	0.00176	0.00506	0.00567	0.00690	0.00973
45	0.00832	0.00555	0.00624	0.00624	0.00624	0.00555	0.00347	0.00832	0.00832	0.01109	0.01802	0.03743	0.02080	0.79898	0.02911	0.00555	0.00555	0.00832	0.00347	0.00347
46	0.01390	0.01280	0.01849	0.46114	0.08931	0.05206	0.05355	0.15397	0.01471	0.01913	0.01076	0.01450	0.00817	0.00607	0.00641	0.00186	0.04755	0.00511	0.00321	0.00729
47	0.05955	0.16738	0.01761	0.01235	0.01589	0.27007	0.02426	0.09439	0.19992	0.01960	0.03551	0.01562	0.01213	0.00665	0.00516	0.00163	0.00700	0.02363	0.00403	0.00761
48	0.00697	0.00498	0.00664	0.00796	0.00830	0.00465	0.00531	0.00796	0.01095	0.01460	0.03153	0.79525	0.03783	0.01792	0.00730	0.00232	0.00332	0.01626	0.00531	0.00465
49	0.01175	0.02793	0.69207	0.01825	0.10124	0.01332	0.02076	0.01806	0.01217	0.01817	0.01032	0.01229	0.00743	0.00540	0.00546	0.00180	0.00828	0.00432	0.00246	0.00852
50	0.01780	0.01748	0.10665	0.01339	0.01741	0.22993	0.08071	0.04867	0.06713	0.19454	0.01848	0.07829	0.05107	0.00779	0.00587	0.00179	0.00714	0.02365	0.00452	0.00770
51	0.01401	0.01394	0.04273	0.05089	0.72815	0.01356	0.01761	0.01751	0.01296	0.01858	0.01073	0.01413	0.00898	0.00512	0.00566	0.00171	0.00686	0.00507	0.00281	0.00899
52	0.00740	0.00532	0.00701	0.00820	0.00876	0.00502	0.00582	0.00864	0.01130	0.01489	0.03200	0.59743	0.07325	0.05626	0.00846	0.00252	0.00373	0.13409	0.00521	0.00470
53	0.05037	0.00592	0.00789	0.00826	0.00908	0.00634	0.00598	0.00962	0.01004	0.01457	0.05764	0.27764	0.02433	0.12017	0.35870	0.00577	0.00905	0.00976	0.00403	0.00483
54	0.05151	0.05562	0.34322	0.01899	0.16031	0.03691	0.07521	0.03448	0.01259	0.03866	0.01158	0.03425	0.00949	0.00635	0.00652	0.00185	0.06466	0.02682	0.00297	0.00801
55	0.01157	0.02888	0.73274	0.01669	0.02501	0.01334	0.05703	0.01812	0.01215	0.01812	0.01033	0.01224	0.00732	0.00540	0.00550	0.00182	0.00851	0.00435	0.00244	0.00842
56	0.00721	0.00519	0.00683	0.00805	0.00855	0.00487	0.00558	0.00836	0.01120	0.01479	0.03241	0.66578	0.07456	0.03923	0.00794	0.00242	0.00354	0.08356	0.00525	0.00468
57	0.01119	0.01469	0.17318	0.28755	0.02798	0.01244	0.16922	0.01538	0.01168	0.01605	0.01210	0.01813	0.00999	0.01080	0.10067	0.00285	0.05083	0.04562	0.00280	0.00685
58	0.01453	0.10967	0.23308	0.01286	0.01716	0.28451	0.01245	0.01772	0.01412	0.01670	0.13942	0.07199	0.01747	0.00750	0.00549	0.00166	0.00751	0.00580	0.00348	0.00688
59	0.00732	0.00577	0.00669	0.00715	0.00861	0.00513	0.00545	0.00897	0.01287	0.01611	0.09869	0.20569	0.43869	0.01520	0.00706	0.00212	0.00337	0.13483	0.00537	0.00491
60	0.01283	0.01425	0.09730	0.26186	0.42990	0.01333	0.05454	0.01675	0.01247	0.01737	0.01057	0.01435	0.00842	0.00531	0.00571	0.00179	0.00736	0.00509	0.00270	0.00810
61	0.05443	0.03015	0.08351	0.09480	0.24079	0.01080	0.01202	0.05094	0.03049	0.04028	0.04094	0.16674	0.06281	0.00934	0.00670	0.04106	0.00564	0.00764	0.00385	0.00707
62	0.00833	0.00669	0.00954	0.08753	0.01342	0.00657	0.04024	0.01042	0.01234	0.01579	0.03453	0.26315	0.20857	0.01458	0.00718	0.00227	0.00457	0.24417	0.00491	0.00520
63	0.00689	0.00527	0.00634	0.00719	0.00809	0.00471	0.00497	0.00805	0.01170	0.01490	0.04095	0.53115	0.29585	0.01669	0.00711	0.00218	0.00317	0.01477	0.00531	0.00471
64	0.01133	0.01110	0.06711	0.33019	0.06432	0.01074	0.11307	0.01495	0.01301	0.05461	0.14569	0.05958	0.03194	0.00784	0.00621	0.00192	0.00652	0.03940	0.00378	0.00666
65	0.01474	0.29508	0.02458	0.01719	0.13950	0.01811	0.09830	0.09169	0.01293	0.01730	0.00951	0.01230	0.00823	0.00723	0.02657	0.00193	0.18971	0.00457	0.00293	0.00761
66	0.00909	0.04880	0.04766	0.05183	0.01246	0.00724	0.00721	0.01107	0.01172	0.01619	0.05935	0.37740	0.08893	0.01194	0.00610	0.00179	0.00412	0.01051	0.00443	0.21217
67	0.01539	0.00976	0.01319	0.06819	0.03802	0.03248	0.02626	0.03427	0.06037	0.24483	0.01905	0.09780	0.03319	0.01635	0.17698	0.00355	0.09146	0.00690	0.00469	0.00726

[dist]
# distance from previous block
# <min> <max>
48	146

[block]
# block no. 1 follows, 41 sequences, length 9
# corresponding to MSA columns:
# 466-474
name=unknown_B
#
# <colnr> <probs for GDERKNQSTAVLIFYWHMCP>
#	G	D	E	R	K	N	Q	S	T	A	V	L	I	F	Y	W	H	M	C	P
0	0.05372	0.11351	0.01404	0.12674	0.06842	0.06173	0.00921	0.04470	0.07683	0.01749	0.05213	0.13503	0.16825	0.00975	0.00583	0.00184	0.00525	0.02488	0.00420	0.00644
1	0.14982	0.00961	0.01261	0.10045	0.01583	0.01044	0.06486	0.06388	0.05026	0.06494	0.01725	0.19503	0.01706	0.10665	0.00955	0.00241	0.06023	0.00788	0.00417	0.03706
2	0.24956	0.10347	0.04117	0.01027	0.01418	0.01256	0.04510	0.12357	0.01425	0.13800	0.03901	0.10695	0.01372	0.00739	0.00504	0.00172	0.00517	0.00585	0.00450	0.05852
3	0.01541	0.01741	0.19435	0.01395	0.01862	0.08789	0.09702	0.16980	0.04035	0.08648	0.04618	0.08311	0.01400	0.00987	0.05992	0.00231	0.00759	0.00628	0.00421	0.02528
4	0.01213	0.05413	0.10619	0.41459	0.03024	0.08835	0.10429	0.01580	0.01220	0.01536	0.01209	0.08650	0.01047	0.00668	0.00580	0.00186	0.00776	0.00599	0.00286	0.00668
5	0.01409	0.19407	0.15996	0.01173	0.01553	0.01298	0.03295	0.01672	0.01213	0.15527	0.01688	0.20260	0.01604	0.00919	0.00723	0.00188	0.10219	0.00733	0.00402	0.00722
6	0.01369	0.03907	0.13465	0.05198	0.24945	0.06530	0.11914	0.01748	0.02798	0.04049	0.01119	0.01450	0.00911	0.00916	0.07375	0.00248	0.10469	0.00517	0.00294	0.00779
7	0.01384	0.02317	0.47958	0.01890	0.11010	0.01289	0.12689	0.01928	0.01293	0.11055	0.01203	0.01373	0.00852	0.00551	0.00570	0.00181	0.00800	0.00489	0.00311	0.00857
8	0.00786	0.00593	0.00736	0.00735	0.00874	0.00559	0.00562	0.00991	0.01351	0.01802	0.32089	0.04638	0.25662	0.07188	0.09790	0.00306	0.00474	0.09829	0.00530	0.00504

[dist]
# distance from previous block
# <min> <max>
3	5

[block]
# block no. 2 follows, 41 sequences, length 28
# corresponding to MSA columns:
# 480-507
name=unknown_C
#
# <colnr> <probs for GDERKNQSTAVLIFYWHMCP>
#	G	D	E	R	K	N	Q	S	T	A	V	L	I	F	Y	W	H	M	C	P
0	0.01444	0.01300	0.01303	0.01153	0.01492	0.06014	0.00896	0.02842	0.63770	0.02282	0.02116	0.01977	0.01599	0.00731	0.00563	0.00181	0.00485	0.00601	0.00541	0.08711
1	0.00910	0.08176	0.01067	0.00983	0.04638	0.00758	0.00742	0.01133	0.01354	0.01815	0.26606	0.19948	0.06860	0.01329	0.00684	0.00209	0.00408	0.21302	0.00523	0.00554
2	0.00857	0.00740	0.01030	0.00947	0.01126	0.00710	0.07563	0.01095	0.04766	0.01607	0.05082	0.34360	0.24826	0.01361	0.00750	0.00205	0.05187	0.01194	0.00483	0.06113
3	0.02051	0.05130	0.01511	0.01133	0.01554	0.05961	0.00927	0.25437	0.12140	0.27321	0.01863	0.01750	0.03668	0.00698	0.00555	0.00168	0.00556	0.00545	0.00569	0.06464
4	0.01718	0.32565	0.11842	0.03735	0.01802	0.12512	0.01188	0.21192	0.04835	0.02063	0.01064	0.01164	0.00841	0.00578	0.00481	0.00152	0.00703	0.00406	0.00353	0.00806
5	0.29562	0.05100	0.02063	0.09714	0.17406	0.01403	0.21368	0.03633	0.01217	0.02076	0.00991	0.01271	0.00776	0.00519	0.00515	0.00179	0.00681	0.00477	0.00312	0.00737
6	0.01572	0.59865	0.11588	0.01128	0.01631	0.13027	0.01132	0.01807	0.01234	0.01409	0.00836	0.00968	0.00733	0.00510	0.00409	0.00133	0.00700	0.00329	0.00252	0.00737
7	0.06801	0.00764	0.01019	0.00900	0.01100	0.00736	0.05085	0.01497	0.04729	0.16790	0.19742	0.16802	0.02857	0.17309	0.01100	0.00267	0.00446	0.00919	0.00528	0.00610
8	0.01372	0.01337	0.02332	0.11607	0.57398	0.01361	0.09712	0.01780	0.04075	0.01839	0.01125	0.01469	0.00918	0.00524	0.00579	0.00176	0.00712	0.00533	0.00292	0.00861
9	0.00856	0.00624	0.00784	0.00777	0.00903	0.00594	0.00567	0.05905	0.01498	0.02059	0.42482	0.29174	0.08882	0.01361	0.00686	0.00198	0.00316	0.01207	0.00587	0.00540
10	0.00831	0.00559	0.00647	0.00647	0.00654	0.00567	0.00375	0.00846	0.00839	0.01126	0.01781	0.03628	0.02029	0.74072	0.08669	0.00583	0.00630	0.00815	0.00343	0.00359
11	0.01479	0.01290	0.01580	0.01754	0.19965	0.01434	0.01129	0.08223	0.51455	0.02357	0.01946	0.01898	0.01479	0.00703	0.00577	0.00186	0.00522	0.00603	0.00508	0.00911
12	0.00817	0.00613	0.00919	0.00919	0.01021	0.00715	0.00715	0.01021	0.00919	0.01328	0.01532	0.02247	0.01430	0.04290	0.77631	0.00919	0.01532	0.00613	0.00306	0.00511
13	0.00854	0.00651	0.00908	0.00893	0.00956	0.00757	0.00663	0.00993	0.00905	0.01287	0.01634	0.07722	0.01684	0.22455	0.46849	0.00720	0.08540	0.00724	0.00326	0.00478
14	0.00994	0.00497	0.00745	0.00745	0.00745	0.00497	0.00497	0.00745	0.00745	0.00994	0.00994	0.01739	0.00994	0.01987	0.02235	0.83358	0.00497	0.00497	0.00248	0.00248
15	0.01367	0.01310	0.02234	0.14339	0.65880	0.01346	0.01731	0.01713	0.01280	0.01810	0.01067	0.01431	0.00885	0.00519	0.00567	0.00173	0.00691	0.00509	0.00279	0.00867
16	0.00708	0.00556	0.00645	0.00709	0.00835	0.00493	0.00519	0.00847	0.01225	0.01529	0.04509	0.34097	0.41196	0.01594	0.00708	0.00215	0.00329	0.08277	0.00531	0.00480
17	0.01160	0.05462	0.74540	0.01609	0.02443	0.01359	0.02077	0.01808	0.01206	0.01796	0.01019	0.01198	0.00725	0.00542	0.00538	0.00179	0.00838	0.00419	0.00242	0.00842
18	0.01883	0.02294	0.01601	0.05113	0.05394	0.58426	0.01151	0.02060	0.01509	0.01453	0.01095	0.01600	0.00989	0.00704	0.00630	0.00168	0.05733	0.07226	0.00312	0.00658
19	0.00820	0.00561	0.00648	0.00639	0.00674	0.00548	0.00387	0.00877	0.01000	0.01349	0.15716	0.03926	0.06251	0.61573	0.02390	0.00468	0.00489	0.00887	0.00408	0.00389
20	0.01355	0.01152	0.01243	0.01149	0.01447	0.01320	0.00908	0.02790	0.65360	0.02301	0.02422	0.02714	0.01954	0.00884	0.00610	0.00203	0.00463	0.10295	0.00575	0.00854
21	0.01390	0.06392	0.25214	0.06999	0.26765	0.05016	0.12891	0.03319	0.01316	0.03776	0.01082	0.01345	0.00833	0.00531	0.00563	0.00175	0.00786	0.00492	0.00285	0.00832
22	0.01177	0.01155	0.01662	0.44987	0.12419	0.07119	0.01407	0.01472	0.01165	0.01499	0.01245	0.10937	0.01145	0.00761	0.00730	0.00196	0.09345	0.00633	0.00294	0.00650
23	0.00702	0.00550	0.00636	0.00679	0.00805	0.00484	0.00485	0.00846	0.01267	0.01613	0.14121	0.33078	0.39622	0.01540	0.00696	0.00206	0.00303	0.01341	0.00544	0.00484
24	0.01361	0.03957	0.31477	0.12365	0.17658	0.01353	0.10952	0.04515	0.02651	0.06592	0.01160	0.01397	0.00856	0.00551	0.00568	0.00180	0.00772	0.00498	0.00306	0.00831
25	0.02038	0.14985	0.01798	0.01291	0.03615	0.24808	0.01025	0.16758	0.09109	0.17012	0.01391	0.01384	0.01025	0.00632	0.00522	0.00159	0.00705	0.00460	0.00453	0.00830
26	0.19065	0.01386	0.05044	0.01155	0.01564	0.11494	0.07812	0.04693	0.02918	0.18738	0.03331	0.06333	0.01231	0.00666	0.00520	0.00165	0.00595	0.00537	0.00442	0.12313
27	0.01755	0.01675	0.03559	0.02877	0.10098	0.19524	0.03227	0.22674	0.08945	0.04963	0.03220	0.06587	0.01268	0.00723	0.00602	0.00172	0.02749	0.00574	0.00438	0.04372

[dist]
# distance from previous block
# <min> <max>
0	4

[block]
# block no. 3 follows, 41 sequences, length 23
# corresponding to MSA columns:
# 512-534
name=unknown_D
#
# <colnr> <probs for GDERKNQSTAVLIFYWHMCP>
#	G	D	E	R	K	N	Q	S	T	A	V	L	I	F	Y	W	H	M	C	P
0	0.02125	0.01261	0.01465	0.05040	0.05368	0.06922	0.00987	0.16192	0.10807	0.38062	0.01905	0.04398	0.01345	0.00724	0.00576	0.00178	0.00569	0.00586	0.00586	0.00904
1	0.01209	0.01007	0.01085	0.00992	0.01260	0.01103	0.00770	0.06029	0.43981	0.02235	0.11957	0.05680	0.16310	0.01002	0.00621	0.00194	0.00407	0.02824	0.00574	0.00759
2	0.00855	0.00663	0.00958	0.00895	0.01033	0.00628	0.06955	0.01053	0.01289	0.01742	0.27128	0.12508	0.10344	0.18408	0.01186	0.00283	0.00442	0.12623	0.00502	0.00502
3	0.01726	0.11857	0.12731	0.05553	0.09433	0.07975	0.01296	0.29781	0.09853	0.02456	0.01264	0.01357	0.00953	0.00619	0.00538	0.00168	0.00685	0.00476	0.00415	0.00866
4	0.02174	0.01602	0.01717	0.01316	0.01774	0.01774	0.01087	0.74423	0.02689	0.03605	0.01373	0.01373	0.00973	0.00687	0.00572	0.00172	0.00629	0.00515	0.00572	0.00973
5	0.01337	0.01012	0.01202	0.00866	0.01367	0.00771	0.00696	0.01588	0.01235	0.10057	0.01152	0.01269	0.00909	0.00455	0.00440	0.00095	0.00431	0.00365	0.00379	0.74374
6	0.05267	0.00769	0.00887	0.00869	0.02874	0.00771	0.00652	0.04092	0.12525	0.02129	0.33262	0.04076	0.21944	0.01144	0.00647	0.00191	0.00354	0.06374	0.00565	0.00608
7	0.00832	0.00555	0.00624	0.00624	0.00624	0.00555	0.00347	0.00832	0.00832	0.01109	0.01802	0.03743	0.02080	0.79898	0.02911	0.00555	0.00555	0.00832	0.00347	0.00347
8	0.01678	0.01259	0.01385	0.01125	0.01471	0.01373	0.00905	0.43268	0.12889	0.03057	0.22712	0.02307	0.02341	0.00837	0.00603	0.00177	0.00502	0.00682	0.00590	0.00840
9	0.00712	0.00578	0.00615	0.00609	0.00774	0.00502	0.00446	0.00860	0.01289	0.01593	0.14291	0.05100	0.58083	0.09184	0.02646	0.00243	0.00341	0.01135	0.00521	0.00477
10	0.09096	0.01316	0.01846	0.18913	0.29750	0.01431	0.01392	0.22359	0.01644	0.05114	0.01166	0.01403	0.00887	0.00583	0.00550	0.00176	0.00655	0.00495	0.00381	0.00842
11	0.79842	0.05040	0.00948	0.00763	0.01124	0.01332	0.00637	0.01683	0.00983	0.02506	0.00796	0.00929	0.00625	0.00529	0.00355	0.00174	0.00451	0.00310	0.00349	0.00625
12	0.01163	0.01115	0.03784	0.12037	0.43880	0.01093	0.01397	0.01448	0.01221	0.01700	0.01657	0.23606	0.01700	0.00882	0.00613	0.00190	0.00596	0.00824	0.00349	0.00745
13	0.01961	0.01737	0.01469	0.01233	0.01605	0.27663	0.00965	0.16990	0.12862	0.14263	0.01502	0.03658	0.01145	0.00672	0.00543	0.00160	0.00688	0.00506	0.00473	0.09904
14	0.00697	0.00498	0.00664	0.00796	0.00830	0.00465	0.00531	0.00796	0.01095	0.01460	0.03153	0.79525	0.03783	0.01792	0.00730	0.00232	0.00332	0.01626	0.00531	0.00465
15	0.01218	0.01193	0.02204	0.27547	0.08082	0.01298	0.27353	0.01589	0.01206	0.01699	0.01150	0.01571	0.00899	0.00595	0.00730	0.00189	0.09352	0.00570	0.10864	0.00689
16	0.00702	0.00522	0.00655	0.00745	0.00820	0.00475	0.00512	0.00826	0.01184	0.01550	0.10032	0.57678	0.18878	0.01667	0.00714	0.00220	0.00318	0.01488	0.00540	0.00475
17	0.01255	0.01201	0.01928	0.13675	0.37496	0.01343	0.03238	0.01574	0.03185	0.01703	0.03806	0.03630	0.04841	0.00732	0.00869	0.00195	0.17668	0.00595	0.00310	0.00758
18	0.02031	0.00816	0.01044	0.00845	0.01177	0.00731	0.00683	0.02268	0.01481	0.50096	0.02117	0.02013	0.01434	0.00693	0.00513	0.00161	0.00408	0.00560	0.30113	0.00816
19	0.01392	0.03861	0.01586	0.03809	0.15667	0.03448	0.01103	0.08397	0.29163	0.02044	0.01785	0.01951	0.04807	0.03639	0.04660	0.00239	0.10621	0.00599	0.00430	0.00797
20	0.00910	0.00662	0.00733	0.00721	0.00786	0.00686	0.00454	0.01187	0.12962	0.01365	0.02198	0.08603	0.06237	0.57533	0.02265	0.00455	0.00509	0.00875	0.00407	0.00453
21	0.03413	0.01365	0.02107	0.01664	0.01938	0.06490	0.25336	0.01754	0.07809	0.04141	0.06628	0.03480	0.01305	0.00791	0.01078	0.00210	0.28816	0.00626	0.00347	0.00702
22	0.01228	0.01291	0.05678	0.01555	0.05672	0.01594	0.01267	0.01468	0.04123	0.01504	0.02659	0.01616	0.01033	0.01047	0.03385	0.00254	0.59999	0.03684	0.00288	0.00656

[dist]
# distance from previous block
# <min> <max>
1	3

[block]
# block no. 4 follows, 41 sequences, length 15
# corresponding to MSA columns:
# 538-552
name=unknown_E
#
# <colnr> <probs for GDERKNQSTAVLIFYWHMCP>
#	G	D	E	R	K	N	Q	S	T	A	V	L	I	F	Y	W	H	M	C	P
0	0.10076	0.01919	0.07762	0.03300	0.01750	0.29701	0.04300	0.03804	0.01287	0.01652	0.03031	0.01243	0.00875	0.00727	0.00955	0.00191	0.26010	0.00449	0.00298	0.00670
1	0.21894	0.01081	0.01570	0.49869	0.12065	0.01285	0.01366	0.01552	0.01120	0.01788	0.00969	0.01362	0.00744	0.00554	0.00517	0.00185	0.00672	0.00459	0.00283	0.00664
2	0.01392	0.44185	0.34354	0.01276	0.01909	0.04997	0.01466	0.01778	0.01201	0.01546	0.00897	0.01046	0.00730	0.00516	0.00448	0.00148	0.00728	0.00358	0.00245	0.00778
3	0.00945	0.00818	0.00806	0.00839	0.00929	0.09935	0.00591	0.01067	0.01195	0.01500	0.11885	0.28182	0.07633	0.21752	0.01265	0.00300	0.00486	0.08929	0.00466	0.00476
4	0.00725	0.00533	0.00678	0.00779	0.00851	0.00493	0.00550	0.00852	0.01161	0.01515	0.05830	0.54404	0.15942	0.04322	0.00799	0.00238	0.00351	0.08974	0.00527	0.00473
5	0.01303	0.01380	0.01180	0.01126	0.01290	0.27977	0.00862	0.01478	0.01180	0.01361	0.01355	0.02033	0.01272	0.06153	0.41391	0.00581	0.03607	0.03599	0.00312	0.00561
6	0.00725	0.00520	0.00689	0.00777	0.00836	0.00483	0.00533	0.00867	0.01226	0.01669	0.21423	0.60659	0.04188	0.01636	0.00716	0.00219	0.00316	0.01478	0.00556	0.00483
7	0.01350	0.01543	0.03375	0.02411	0.02989	0.01446	0.74253	0.01832	0.01350	0.01832	0.01157	0.01543	0.00868	0.00482	0.00675	0.00193	0.00964	0.00675	0.00289	0.00771
8	0.00711	0.00508	0.00676	0.00787	0.00833	0.00474	0.00532	0.00831	0.01159	0.01562	0.12048	0.70339	0.03980	0.01716	0.00723	0.00226	0.00324	0.01554	0.00543	0.00474
9	0.16754	0.01849	0.35005	0.01194	0.01750	0.01138	0.01317	0.01875	0.07437	0.11598	0.05130	0.01931	0.09268	0.00708	0.00536	0.00182	0.00605	0.00552	0.00400	0.00772
10	0.01201	0.08179	0.09037	0.01696	0.02115	0.03872	0.34438	0.01561	0.01218	0.01634	0.01414	0.08399	0.01291	0.01358	0.14720	0.00325	0.02761	0.03782	0.00314	0.00683
11	0.11408	0.00792	0.00958	0.00867	0.01119	0.00749	0.00663	0.04147	0.01355	0.27506	0.05395	0.30960	0.05679	0.01134	0.00607	0.00195	0.00405	0.00973	0.02397	0.02690
12	0.01546	0.01265	0.01566	0.01470	0.10308	0.03910	0.05567	0.32581	0.03249	0.02481	0.04744	0.08758	0.07551	0.03047	0.07279	0.00255	0.02463	0.00710	0.00471	0.00777
13	0.01768	0.01065	0.01311	0.01114	0.05519	0.00995	0.00827	0.15614	0.03677	0.25690	0.04812	0.01939	0.01421	0.10154	0.00821	0.00198	0.00506	0.00553	0.00516	0.21501
14	0.01594	0.01288	0.01352	0.03410	0.05624	0.10324	0.00926	0.21307	0.10120	0.07052	0.03239	0.09994	0.01576	0.04637	0.00797	0.05348	0.00585	0.03576	0.00471	0.06779

[dist]
# distance from previous block
# <min> <max>
1	9

[block]
# block no. 5 follows, 41 sequences, length 10
# corresponding to MSA columns:
# 562-571
name=unknown_F
#
# <colnr> <probs for GDERKNQSTAVLIFYWHMCP>
#	G	D	E	R	K	N	Q	S	T	A	V	L	I	F	Y	W	H	M	C	P
0	0.35195	0.01252	0.01311	0.19708	0.04360	0.05844	0.01002	0.14885	0.01389	0.02328	0.01068	0.04217	0.00865	0.00616	0.00480	0.00176	0.00591	0.00457	0.00370	0.03886
1	0.05768	0.04943	0.02181	0.02183	0.25680	0.12736	0.15841	0.13580	0.01566	0.05135	0.01214	0.04362	0.00994	0.00602	0.00569	0.00172	0.00744	0.00550	0.00362	0.00818
2	0.10636	0.01450	0.06604	0.12394	0.04874	0.03750	0.07904	0.17467	0.21980	0.02379	0.01442	0.01546	0.01078	0.00631	0.00552	0.00180	0.00631	0.00526	0.00431	0.03545
3	0.01791	0.09080	0.01719	0.01446	0.08539	0.35323	0.01049	0.11392	0.01585	0.01838	0.00990	0.01138	0.00810	0.00546	0.00492	0.00135	0.00762	0.00388	0.00336	0.20642
4	0.02146	0.02455	0.01644	0.01436	0.01770	0.59333	0.01101	0.19664	0.01878	0.01931	0.01002	0.01114	0.00794	0.00613	0.00529	0.00153	0.00935	0.00404	0.00362	0.00738
5	0.00727	0.00581	0.00650	0.00633	0.00804	0.00505	0.00475	0.00920	0.01425	0.01832	0.32707	0.05033	0.49006	0.01342	0.00675	0.00188	0.00282	0.01141	0.00569	0.00505
6	0.00921	0.00678	0.00778	0.00777	0.00947	0.00650	0.00585	0.01265	0.10928	0.05427	0.09539	0.15999	0.31914	0.08107	0.00871	0.00236	0.00374	0.08907	0.00538	0.00557
7	0.00706	0.00521	0.00664	0.00773	0.00840	0.00479	0.00536	0.00823	0.01144	0.01489	0.03602	0.62621	0.16250	0.01721	0.00724	0.00227	0.00336	0.05543	0.00531	0.00471
8	0.01592	0.46804	0.16582	0.01242	0.01799	0.01804	0.08125	0.01899	0.01258	0.12465	0.01086	0.01181	0.00844	0.00531	0.00460	0.00148	0.00671	0.00402	0.00316	0.00793
9	0.01181	0.01077	0.08293	0.01159	0.01427	0.00969	0.01057	0.12124	0.09678	0.02072	0.02520	0.04737	0.02539	0.01263	0.00712	0.00235	0.00564	0.47218	0.00512	0.00664

[dist]
# distance from previous block
# <min> <max>
0	2

[block]
# block no. 6 follows, 41 sequences, length 7
# corresponding to MSA columns:
# 574-580
name=unknown_G
#
# <colnr> <probs for GDERKNQSTAVLIFYWHMCP>
#	G	D	E	R	K	N	Q	S	T	A	V	L	I	F	Y	W	H	M	C	P
0	0.70077	0.14417	0.01203	0.00790	0.01167	0.01448	0.00680	0.01687	0.01005	0.02361	0.00796	0.00927	0.00639	0.00524	0.00356	0.00168	0.00471	0.00309	0.00336	0.00639
1	0.47083	0.01205	0.01080	0.00919	0.01279	0.05572	0.00745	0.09939	0.05610	0.14439	0.06125	0.01435	0.01171	0.00636	0.00457	0.00176	0.00493	0.00445	0.00462	0.00729
2	0.00833	0.00723	0.01090	0.01000	0.01173	0.00685	0.11066	0.01016	0.01207	0.01552	0.03616	0.29866	0.27888	0.04205	0.00833	0.00229	0.03585	0.08432	0.00478	0.00523
3	0.00846	0.00569	0.00749	0.00749	0.00787	0.00607	0.00503	0.00892	0.00854	0.01176	0.01601	0.02936	0.01702	0.41999	0.30702	0.10992	0.00912	0.00708	0.00319	0.00396
4	0.23182	0.08526	0.02261	0.02272	0.30982	0.01444	0.19850	0.01752	0.01215	0.01996	0.00997	0.01274	0.00805	0.00506	0.00520	0.00173	0.00683	0.00480	0.00300	0.00780
5	0.01607	0.02011	0.17860	0.01752	0.02295	0.16754	0.26929	0.08625	0.04874	0.06224	0.01205	0.01388	0.00892	0.00559	0.00585	0.00174	0.00847	0.00524	0.00346	0.04551
6	0.01006	0.00683	0.00837	0.00821	0.00989	0.00659	0.00624	0.01359	0.09770	0.08464	0.23927	0.17652	0.15715	0.05454	0.00797	0.00222	0.00369	0.09498	0.00570	0.00585

[dist]
# distance from previous block
# <min> <max>
1	5

[block]
# block no. 7 follows, 41 sequences, length 9
# corresponding to MSA columns:
# 586-594
name=unknown_H
#
# <colnr> <probs for GDERKNQSTAVLIFYWHMCP>
#	G	D	E	R	K	N	Q	S	T	A	V	L	I	F	Y	W	H	M	C	P
0	0.03485	0.22115	0.02388	0.04336	0.19934	0.13865	0.11688	0.05868	0.03330	0.01737	0.01006	0.01242	0.00835	0.00561	0.00595	0.00163	0.05322	0.00456	0.00299	0.00775
1	0.07766	0.05308	0.01337	0.01507	0.21033	0.00988	0.00909	0.01508	0.07512	0.04688	0.19971	0.06400	0.11529	0.06218	0.00745	0.00204	0.00459	0.00782	0.00457	0.00677
2	0.01513	0.01342	0.01349	0.01225	0.05268	0.18624	0.04970	0.04557	0.04018	0.10121	0.01534	0.02208	0.02858	0.25579	0.01352	0.00286	0.04381	0.00600	0.00385	0.07831
3	0.00806	0.00582	0.00775	0.00775	0.00820	0.00564	0.03925	0.00876	0.00984	0.01319	0.05293	0.31206	0.02777	0.44529	0.01921	0.00405	0.00481	0.01121	0.00422	0.00418
4	0.01344	0.01315	0.02098	0.27016	0.50056	0.04908	0.01672	0.01688	0.01267	0.01719	0.01048	0.01432	0.00853	0.00533	0.00566	0.00175	0.00722	0.00503	0.00275	0.00809
5	0.01286	0.01321	0.01625	0.01420	0.01465	0.09657	0.01163	0.01425	0.00961	0.01372	0.00871	0.01363	0.00841	0.01403	0.11999	0.00330	0.60118	0.00502	0.00263	0.00614
6	0.01327	0.01246	0.02093	0.09213	0.62501	0.01267	0.01593	0.01634	0.01240	0.01755	0.01148	0.01671	0.01019	0.08936	0.00815	0.00212	0.00673	0.00544	0.00288	0.00825
7	0.00713	0.00577	0.00639	0.00678	0.00838	0.00504	0.00516	0.00866	0.01272	0.01554	0.05001	0.17362	0.54773	0.01521	0.00700	0.00209	0.00329	0.10932	0.00531	0.00486
8	0.01736	0.01289	0.01404	0.01141	0.01506	0.01389	0.00938	0.51317	0.02271	0.03012	0.05994	0.02711	0.13388	0.00926	0.00617	0.00185	0.00547	0.08239	0.00564	0.00826

[dist]
# distance from previous block
# <min> <max>
0	3

[block]
# block no. 8 follows, 41 sequences, length 6
# corresponding to MSA columns:
# 598-603
name=unknown_I
#
# <colnr> <probs for GDERKNQSTAVLIFYWHMCP>
#	G	D	E	R	K	N	Q	S	T	A	V	L	I	F	Y	W	H	M	C	P
0	0.00729	0.00561	0.00641	0.00658	0.00781	0.00501	0.00464	0.00871	0.01265	0.01626	0.19364	0.19868	0.36977	0.11928	0.00985	0.00246	0.00329	0.01205	0.00527	0.00473
1	0.00723	0.00527	0.00703	0.00792	0.00854	0.00507	0.00551	0.00858	0.01139	0.01535	0.10734	0.56824	0.08036	0.02039	0.10983	0.00316	0.00483	0.01403	0.00511	0.00480
2	0.01717	0.37026	0.02080	0.01113	0.01476	0.25460	0.00944	0.01882	0.01347	0.09278	0.01291	0.11551	0.01213	0.00717	0.00484	0.00151	0.00693	0.00530	0.00347	0.00701
3	0.01350	0.01543	0.03375	0.02411	0.02989	0.01446	0.74253	0.01832	0.01350	0.01832	0.01157	0.01543	0.00868	0.00482	0.00675	0.00193	0.00964	0.00675	0.00289	0.00771
4	0.07778	0.21988	0.02051	0.01333	0.01688	0.28804	0.06827	0.09734	0.01457	0.01739	0.00942	0.01138	0.00790	0.00737	0.03478	0.00187	0.07897	0.00409	0.00312	0.00711
5	0.01489	0.01294	0.01739	0.04434	0.18917	0.08055	0.06348	0.09290	0.01441	0.08343	0.07969	0.04868	0.01527	0.00907	0.03481	0.00214	0.12814	0.03360	0.00397	0.03113

[dist]
# distance from previous block
# <min> <max>
1	6

[block]
# block no. 9 follows, 41 sequences, length 23
# corresponding to MSA columns:
# 610-623,625-633
name=unknown_J
#
# <colnr> <probs for GDERKNQSTAVLIFYWHMCP>
#	G	D	E	R	K	N	Q	S	T	A	V	L	I	F	Y	W	H	M	C	P
0	0.06755	0.01091	0.01182	0.00999	0.01257	0.01196	0.00758	0.23302	0.16297	0.05508	0.01675	0.02297	0.01479	0.26962	0.01376	0.00304	0.03200	0.00630	0.00473	0.03257
1	0.01647	0.01476	0.02356	0.02254	0.23201	0.01513	0.23640	0.27494	0.04314	0.02480	0.01298	0.03316	0.01015	0.00603	0.00606	0.00180	0.00733	0.00593	0.00403	0.00878
2	0.01529	0.80242	0.02997	0.00979	0.01468	0.02263	0.00979	0.01713	0.01162	0.01346	0.00795	0.00918	0.00734	0.00489	0.00367	0.00122	0.00612	0.00306	0.00245	0.00734
3	0.00710	0.00507	0.00678	0.00811	0.00850	0.00476	0.00553	0.00819	0.01108	0.01474	0.03146	0.75370	0.03755	0.01780	0.00733	0.00234	0.00343	0.05654	0.00531	0.00468
4	0.04999	0.01201	0.01144	0.00976	0.01272	0.09109	0.00770	0.26580	0.04001	0.02433	0.14850	0.03109	0.25263	0.00990	0.00606	0.00178	0.00493	0.00796	0.00530	0.00699
5	0.02174	0.01602	0.01717	0.01316	0.01774	0.01774	0.01087	0.74423	0.02689	0.03605	0.01373	0.01373	0.00973	0.00687	0.00572	0.00172	0.00629	0.00515	0.00572	0.00973
6	0.01340	0.01409	0.02664	0.01981	0.02458	0.01402	0.49422	0.02068	0.19368	0.01942	0.01486	0.04070	0.01167	0.00611	0.00689	0.00193	0.03559	0.00682	0.00368	0.03120
7	0.01394	0.21469	0.45790	0.01358	0.02032	0.01474	0.01607	0.01898	0.02945	0.10190	0.03935	0.01356	0.01002	0.00577	0.00510	0.00167	0.00717	0.00439	0.00317	0.00823
8	0.00725	0.00519	0.00673	0.00769	0.00811	0.00498	0.00513	0.00820	0.01053	0.01402	0.02961	0.58648	0.06983	0.13542	0.06950	0.00331	0.00455	0.01410	0.00486	0.00452
9	0.01575	0.08266	0.01522	0.01208	0.01493	0.16481	0.00955	0.08571	0.34241	0.01988	0.01572	0.01644	0.01242	0.00900	0.02314	0.07473	0.06835	0.00526	0.00435	0.00761
10	0.01845	0.02126	0.01910	0.02296	0.32108	0.43633	0.01369	0.04871	0.01533	0.01676	0.00981	0.01201	0.00815	0.00561	0.00538	0.00157	0.00873	0.00432	0.00301	0.00774
11	0.00985	0.00805	0.00966	0.00979	0.01105	0.00893	0.00717	0.01590	0.25679	0.01762	0.02673	0.47144	0.02847	0.01387	0.00779	0.00221	0.07114	0.01205	0.00524	0.00625
12	0.06460	0.29566	0.21871	0.01301	0.01812	0.26939	0.01298	0.01926	0.01315	0.01558	0.00886	0.01032	0.00726	0.00539	0.00462	0.00149	0.00802	0.00358	0.00267	0.00733
13	0.01766	0.01033	0.01257	0.01091	0.01418	0.01055	0.00901	0.15691	0.14918	0.26283	0.06625	0.03160	0.02104	0.00966	0.00637	0.00201	0.00505	0.18958	0.00609	0.00822
14	0.63796	0.01174	0.01235	0.01391	0.17171	0.01304	0.03165	0.01702	0.01055	0.02395	0.00867	0.01052	0.00688	0.00525	0.00409	0.00176	0.00509	0.00364	0.00337	0.00685
15	0.00832	0.00555	0.00624	0.00624	0.00624	0.00555	0.00347	0.00832	0.00832	0.01109	0.01802	0.03743	0.02080	0.79898	0.02911	0.00555	0.00555	0.00832	0.00347	0.00347
16	0.01494	0.01578	0.19737	0.01220	0.01653	0.01239	0.01159	0.27068	0.08209	0.06720	0.01965	0.19723	0.03839	0.00940	0.00606	0.00191	0.00579	0.00786	0.00489	0.00803
17	0.01146	0.00678	0.00774	0.00704	0.00955	0.00577	0.00551	0.01314	0.01386	0.19900	0.04831	0.04671	0.55227	0.01273	0.00656	0.00192	0.00346	0.03641	0.00574	0.00604
18	0.01209	0.01051	0.01299	0.01112	0.08804	0.00822	0.00785	0.01472	0.01198	0.01864	0.01023	0.01209	0.00853	0.00432	0.00438	0.00093	0.00449	0.00356	0.00333	0.75200
19	0.01635	0.01904	0.01334	0.01256	0.01463	0.46743	0.00936	0.03887	0.01432	0.01472	0.01503	0.20314	0.01548	0.01226	0.07373	0.00241	0.04056	0.00706	0.00360	0.00609
20	0.02004	0.01548	0.01673	0.08062	0.01935	0.03931	0.01114	0.58978	0.09576	0.03235	0.01420	0.01450	0.01023	0.00682	0.00571	0.00175	0.00636	0.00523	0.00537	0.00928
21	0.02019	0.01081	0.08708	0.01010	0.01421	0.00819	0.00897	0.02295	0.01590	0.52048	0.19217	0.02412	0.02269	0.00798	0.00595	0.00178	0.00472	0.00666	0.00643	0.00860
22	0.00704	0.00511	0.00665	0.00773	0.00827	0.00472	0.00524	0.00820	0.01152	0.01531	0.08937	0.67771	0.09770	0.01717	0.00721	0.00225	0.00324	0.01547	0.00539	0.00472

[dist]
# distance from previous block
# <min> <max>
0	2

[block]
# block no. 10 follows, 41 sequences, length 17
# corresponding to MSA columns:
# 637-653
name=unknown_K
#
# <colnr> <probs for GDERKNQSTAVLIFYWHMCP>
#	G	D	E	R	K	N	Q	S	T	A	V	L	I	F	Y	W	H	M	C	P
0	0.01949	0.01967	0.14424	0.01452	0.01961	0.11166	0.05509	0.48998	0.02229	0.02925	0.01241	0.01313	0.00895	0.00639	0.00566	0.00171	0.00735	0.00490	0.00466	0.00901
1	0.01555	0.01412	0.01370	0.01079	0.01518	0.12179	0.00856	0.16210	0.13030	0.02222	0.01271	0.01348	0.00995	0.00554	0.00491	0.00128	0.00557	0.00426	0.00416	0.42383
2	0.00820	0.00601	0.00860	0.00860	0.00942	0.00683	0.00641	0.00984	0.00902	0.01284	0.01586	0.02546	0.01560	0.19384	0.62714	0.00846	0.01337	0.00657	0.00314	0.00478
3	0.00712	0.00546	0.00653	0.00700	0.00814	0.00487	0.00497	0.00863	0.01280	0.01662	0.19037	0.36639	0.30977	0.01537	0.00699	0.00207	0.00304	0.01349	0.00551	0.00487
4	0.01374	0.01316	0.02246	0.12871	0.67297	0.01348	0.01735	0.01719	0.01283	0.01818	0.01069	0.01429	0.00888	0.00517	0.00567	0.00172	0.00690	0.00509	0.00280	0.00872
5	0.01456	0.27025	0.02645	0.01604	0.01988	0.07949	0.24930	0.03610	0.01237	0.01578	0.00985	0.03188	0.00864	0.00644	0.00823	0.00179	0.17786	0.00512	0.00280	0.00716
6	0.01770	0.49475	0.02451	0.01175	0.01587	0.32166	0.01029	0.01939	0.01344	0.01367	0.00831	0.00963	0.00735	0.00529	0.00426	0.00132	0.00778	0.00331	0.00265	0.00706
7	0.01904	0.01378	0.01826	0.02023	0.27863	0.01441	0.01264	0.30509	0.08684	0.14996	0.01503	0.01553	0.01094	0.00636	0.00572	0.00174	0.00607	0.00535	0.00494	0.00943
8	0.00699	0.00512	0.00658	0.00766	0.00824	0.00470	0.00519	0.00812	0.01145	0.01509	0.06799	0.66841	0.12903	0.01721	0.00721	0.00225	0.00324	0.01547	0.00535	0.00470
9	0.00697	0.00498	0.00664	0.00796	0.00830	0.00465	0.00531	0.00796	0.01095	0.01460	0.03153	0.79525	0.03783	0.01792	0.00730	0.00232	0.00332	0.01626	0.00531	0.00465
10	0.00710	0.00581	0.00627	0.00615	0.00794	0.00497	0.00462	0.00887	0.01385	0.01737	0.23788	0.05189	0.57985	0.01377	0.00676	0.00190	0.00285	0.01163	0.00556	0.00497
11	0.01343	0.01667	0.12276	0.02628	0.23911	0.01407	0.44484	0.01808	0.01319	0.01840	0.01118	0.01465	0.00861	0.00498	0.00627	0.00185	0.00868	0.00596	0.00282	0.00819
12	0.00726	0.00578	0.00651	0.00640	0.00805	0.00503	0.00477	0.00916	0.01413	0.01820	0.31744	0.07828	0.47160	0.01358	0.00678	0.00190	0.00284	0.01159	0.00568	0.00503
13	0.00733	0.00557	0.00631	0.00654	0.00761	0.00503	0.00448	0.00850	0.01188	0.01519	0.13080	0.21003	0.34375	0.19704	0.01207	0.00284	0.00358	0.01189	0.00501	0.00454
14	0.00695	0.00529	0.00633	0.00713	0.00801	0.00475	0.00490	0.00806	0.01158	0.01476	0.04025	0.50488	0.29095	0.04823	0.00799	0.00232	0.00326	0.01447	0.00524	0.00466
15	0.00820	0.00600	0.00853	0.00853	0.00932	0.00679	0.00632	0.00979	0.00900	0.01278	0.01593	0.02585	0.01577	0.21368	0.60754	0.00837	0.01311	0.00662	0.00315	0.00474
16	0.00697	0.00498	0.00664	0.00796	0.00830	0.00465	0.00531	0.00796	0.01095	0.01460	0.03153	0.79525	0.03783	0.01792	0.00730	0.00232	0.00332	0.01626	0.00531	0.00465

[dist]
# distance from previous block
# <min> <max>
0	0

# created by:
# /st0/software/busco_prod/Augustus/scripts/msa2prfl.pl ./align_prep/49088.fa
