[name]
unknown

[dist]
# distance from previous block
# <min> <max>
0	1422

[block]
# block no. 0 follows, 38 sequences, length 23
# corresponding to MSA columns:
# 1521-1543
name=unknown_A
#
# <colnr> <probs for GDERKNQSTAVLIFYWHMCP>
#	G	D	E	R	K	N	Q	S	T	A	V	L	I	F	Y	W	H	M	C	P
0	0.01700	0.36300	0.09510	0.01201	0.01690	0.01882	0.01143	0.21993	0.05576	0.03691	0.01390	0.05686	0.01209	0.00726	0.00523	0.00168	0.00641	0.03715	0.00413	0.00844
1	0.01339	0.04803	0.02192	0.19812	0.43269	0.01358	0.05462	0.01681	0.01315	0.01816	0.05084	0.01810	0.01237	0.05431	0.00752	0.00208	0.00716	0.00586	0.00313	0.00816
2	0.01462	0.01012	0.01208	0.01159	0.04642	0.01047	0.00842	0.22089	0.06352	0.08864	0.02576	0.27827	0.06313	0.06938	0.00856	0.00240	0.00504	0.04768	0.00565	0.00737
3	0.04881	0.02166	0.05613	0.01411	0.01819	0.32593	0.01156	0.33172	0.02149	0.02609	0.05729	0.01459	0.01182	0.00698	0.00574	0.00171	0.00819	0.00499	0.00458	0.00840
4	0.01464	0.00863	0.01065	0.00872	0.01228	0.00723	0.00698	0.01710	0.01473	0.21291	0.14336	0.03046	0.12158	0.00898	0.00591	0.00162	0.00414	0.05474	0.05613	0.25919
5	0.01034	0.00715	0.00885	0.00857	0.00962	0.02180	0.00608	0.01250	0.05029	0.06058	0.08550	0.06562	0.02257	0.31521	0.28249	0.00613	0.00907	0.00815	0.00422	0.00529
6	0.36641	0.17761	0.09786	0.01076	0.01506	0.11799	0.00987	0.01916	0.05709	0.02104	0.01109	0.05232	0.00956	0.00646	0.00456	0.00175	0.00628	0.00442	0.00352	0.00719
7	0.08975	0.05613	0.01896	0.04531	0.22603	0.06029	0.04494	0.06857	0.11778	0.18917	0.01568	0.01632	0.01150	0.00642	0.00572	0.00182	0.00645	0.00541	0.00468	0.00905
8	0.00805	0.00554	0.00677	0.00745	0.00763	0.00537	0.00460	0.00857	0.01011	0.01348	0.02594	0.40594	0.03068	0.40999	0.01934	0.00417	0.00468	0.01286	0.00460	0.00426
9	0.01468	0.01221	0.02072	0.05709	0.02142	0.01205	0.27931	0.02123	0.16979	0.12631	0.09534	0.02572	0.10002	0.00799	0.00668	0.00199	0.00663	0.00780	0.00496	0.00806
10	0.21778	0.01379	0.08381	0.33778	0.11586	0.01404	0.01421	0.07415	0.03798	0.02126	0.01097	0.01412	0.00832	0.00597	0.00541	0.00192	0.00693	0.00480	0.00334	0.00757
11	0.01659	0.01070	0.01280	0.01067	0.01337	0.01142	0.00837	0.24398	0.01770	0.15023	0.10384	0.02572	0.03921	0.15187	0.10418	0.00356	0.05582	0.00707	0.00534	0.00756
12	0.00784	0.00612	0.00711	0.00686	0.00858	0.00539	0.00515	0.01005	0.01544	0.02036	0.41933	0.05113	0.38767	0.01370	0.00710	0.00196	0.00294	0.01175	0.00613	0.00539
13	0.01356	0.31449	0.48715	0.01459	0.02209	0.01763	0.01778	0.01866	0.01252	0.01723	0.00989	0.01156	0.00766	0.00550	0.00502	0.00167	0.00798	0.00399	0.00255	0.00845
14	0.01799	0.01377	0.02469	0.01812	0.02327	0.01303	0.37482	0.11660	0.01683	0.21244	0.02025	0.02117	0.08312	0.00697	0.00668	0.00196	0.00767	0.00715	0.00483	0.00865
15	0.00733	0.00524	0.00698	0.00838	0.00873	0.00489	0.00558	0.00838	0.01152	0.01536	0.03316	0.78466	0.03979	0.01885	0.00768	0.00244	0.00349	0.01710	0.00558	0.00489
16	0.01310	0.01246	0.02118	0.41153	0.39046	0.01382	0.01757	0.01689	0.01285	0.01748	0.01100	0.01547	0.00876	0.00569	0.00599	0.00190	0.00759	0.00535	0.00282	0.00808
17	0.01874	0.02061	0.01515	0.01371	0.01683	0.39529	0.01042	0.07356	0.26937	0.01998	0.01674	0.07362	0.01404	0.00791	0.00588	0.00181	0.00788	0.00600	0.00454	0.00792
18	0.01470	0.01149	0.01262	0.01128	0.01442	0.01282	0.00877	0.02803	0.55455	0.08015	0.15547	0.02637	0.02506	0.00886	0.00629	0.00200	0.00444	0.00748	0.00631	0.00888
19	0.01286	0.18162	0.61387	0.01579	0.02394	0.01592	0.01987	0.01885	0.01261	0.01808	0.01031	0.01210	0.00764	0.00560	0.00535	0.00178	0.00840	0.00420	0.00255	0.00866
20	0.01209	0.00646	0.00655	0.00623	0.00789	0.00659	0.00475	0.06820	0.01380	0.02360	0.01923	0.02182	0.01503	0.00702	0.00434	0.00143	0.00309	0.00559	0.76031	0.00596
21	0.02303	0.01715	0.01782	0.01379	0.01851	0.05548	0.01133	0.66498	0.02724	0.06814	0.01459	0.01453	0.01031	0.00718	0.00599	0.00180	0.00677	0.00537	0.00593	0.01007
22	0.04490	0.01457	0.02661	0.01946	0.02486	0.01401	0.42399	0.09736	0.05254	0.19530	0.01563	0.01714	0.01098	0.00603	0.00658	0.00196	0.00814	0.00653	0.00457	0.00886

[dist]
# distance from previous block
# <min> <max>
0	1

[block]
# block no. 1 follows, 38 sequences, length 18
# corresponding to MSA columns:
# 1545-1562
name=unknown_B
#
# <colnr> <probs for GDERKNQSTAVLIFYWHMCP>
#	G	D	E	R	K	N	Q	S	T	A	V	L	I	F	Y	W	H	M	C	P
0	0.01461	0.01598	0.09779	0.03494	0.67848	0.01426	0.01884	0.01852	0.01360	0.01959	0.01126	0.01467	0.00934	0.00540	0.00593	0.00180	0.00732	0.00527	0.00293	0.00947
1	0.01286	0.02560	0.49009	0.02019	0.02804	0.01443	0.28402	0.01913	0.01326	0.01913	0.01130	0.01401	0.00818	0.00548	0.00623	0.00195	0.00935	0.00543	0.00273	0.00860
2	0.01489	0.01429	0.02442	0.03692	0.75106	0.01429	0.01846	0.01846	0.01370	0.01965	0.01132	0.01489	0.00953	0.00536	0.00596	0.00179	0.00715	0.00536	0.00298	0.00953
3	0.00752	0.00603	0.00671	0.00672	0.00842	0.00522	0.00497	0.00935	0.01441	0.01832	0.24672	0.12451	0.49038	0.01478	0.00716	0.00203	0.00303	0.01262	0.00587	0.00522
4	0.01952	0.01128	0.01427	0.01160	0.01539	0.02828	0.04871	0.06943	0.19116	0.33825	0.16010	0.02477	0.02291	0.00837	0.00631	0.00191	0.00511	0.00712	0.00654	0.00900
5	0.01203	0.00919	0.01245	0.01086	0.01196	0.01123	0.04819	0.01435	0.01125	0.01879	0.01448	0.01851	0.01211	0.00985	0.04172	0.00226	0.30675	0.00559	0.42231	0.00612
6	0.00875	0.00583	0.00656	0.00656	0.00656	0.00583	0.00365	0.00875	0.00875	0.01166	0.01895	0.03937	0.02187	0.78858	0.03062	0.00583	0.00583	0.00875	0.00365	0.00365
7	0.37911	0.01418	0.02359	0.01756	0.02259	0.01445	0.40637	0.01856	0.01243	0.02272	0.01048	0.01334	0.00796	0.00530	0.00559	0.00195	0.00769	0.00538	0.00335	0.00740
8	0.01328	0.01444	0.02788	0.12845	0.02871	0.04457	0.47425	0.01754	0.01397	0.01863	0.08048	0.05105	0.01456	0.00671	0.00738	0.00203	0.03780	0.00742	0.00342	0.00744
9	0.00711	0.00609	0.00609	0.00609	0.00813	0.00508	0.00457	0.00863	0.01371	0.01625	0.06094	0.05789	0.74862	0.01524	0.00711	0.00203	0.00305	0.01270	0.00559	0.00508
10	0.02505	0.01336	0.01589	0.01218	0.01691	0.01347	0.01007	0.36046	0.02244	0.41670	0.01935	0.01763	0.01269	0.00734	0.00603	0.00183	0.00583	0.00575	0.00677	0.01023
11	0.01229	0.07323	0.71725	0.01677	0.02545	0.01451	0.02157	0.01899	0.01267	0.01878	0.01066	0.01253	0.00763	0.00568	0.00561	0.00187	0.00875	0.00438	0.00254	0.00883
12	0.01412	0.00956	0.00944	0.00867	0.01099	0.05104	0.00662	0.02118	0.24242	0.07799	0.02087	0.02233	0.01614	0.03916	0.00609	0.00183	0.00417	0.00605	0.42416	0.00719
13	0.00712	0.00604	0.00615	0.00624	0.00816	0.00507	0.00463	0.00862	0.01358	0.01620	0.05922	0.10303	0.70460	0.01546	0.00715	0.00206	0.00307	0.01297	0.00559	0.00507
14	0.00986	0.00722	0.00878	0.00904	0.01093	0.00697	0.00733	0.01355	0.08686	0.04987	0.11617	0.09531	0.26581	0.01460	0.00744	0.00231	0.00424	0.27193	0.00581	0.00597
15	0.04956	0.01748	0.01675	0.01337	0.01777	0.14290	0.01082	0.44868	0.05478	0.14480	0.01525	0.01497	0.01077	0.00707	0.00585	0.00178	0.00696	0.00524	0.00568	0.00953
16	0.01268	0.00944	0.01136	0.00971	0.03952	0.00829	0.00726	0.08341	0.01565	0.05556	0.22843	0.02577	0.06459	0.00795	0.00562	0.00145	0.00412	0.00670	0.06701	0.33549
17	0.03604	0.01242	0.01702	0.29654	0.08137	0.01367	0.01303	0.22239	0.01790	0.16954	0.03343	0.03382	0.01202	0.00702	0.00603	0.00191	0.00667	0.00586	0.00479	0.00855

[dist]
# distance from previous block
# <min> <max>
2	7

[block]
# block no. 2 follows, 38 sequences, length 43
# corresponding to MSA columns:
# 1570-1574,1585-1622
name=unknown_C
#
# <colnr> <probs for GDERKNQSTAVLIFYWHMCP>
#	G	D	E	R	K	N	Q	S	T	A	V	L	I	F	Y	W	H	M	C	P
0	0.03623	0.01565	0.01930	0.01552	0.01823	0.05407	0.06708	0.31575	0.01799	0.02496	0.01105	0.01375	0.00893	0.00840	0.01197	0.00217	0.34121	0.00536	0.00413	0.00825
1	0.01152	0.00918	0.03523	0.00848	0.01182	0.00751	0.00685	0.04485	0.04905	0.08595	0.03646	0.11682	0.32702	0.01120	0.00627	0.00176	0.00407	0.00940	0.00519	0.21135
2	0.02146	0.02346	0.01634	0.01434	0.01774	0.50756	0.01099	0.13985	0.07787	0.05561	0.04844	0.01453	0.01178	0.00689	0.00569	0.00166	0.00899	0.00482	0.00421	0.00781
3	0.00861	0.00639	0.00938	0.00938	0.01036	0.00737	0.00717	0.01056	0.00958	0.01375	0.01637	0.02507	0.01566	0.11306	0.69766	0.00932	0.01517	0.00666	0.00326	0.00521
4	0.01889	0.01089	0.01698	0.01333	0.01717	0.01063	0.13350	0.07760	0.01525	0.33881	0.01827	0.01974	0.01325	0.01705	0.20793	0.00396	0.03130	0.00622	0.00524	0.02402
5	0.26278	0.01373	0.01280	0.01083	0.01476	0.11693	0.00867	0.02562	0.15143	0.29796	0.01730	0.01632	0.01206	0.00685	0.00529	0.00185	0.00571	0.00506	0.00548	0.00854
6	0.01248	0.01209	0.01686	0.01462	0.01471	0.01664	0.01201	0.01376	0.00921	0.01423	0.00936	0.01595	0.00950	0.07211	0.07766	0.00341	0.66077	0.00562	0.00275	0.00627
7	0.00889	0.00566	0.00613	0.00650	0.00782	0.00525	0.00469	0.01083	0.01267	0.01861	0.03619	0.23659	0.25197	0.01274	0.00604	0.00188	0.00306	0.01089	0.34836	0.00525
8	0.30059	0.01529	0.01463	0.01178	0.01609	0.04366	0.00965	0.42555	0.05672	0.03269	0.01266	0.01310	0.00926	0.00667	0.00521	0.00183	0.00600	0.00469	0.00513	0.00880
9	0.05875	0.01617	0.01633	0.01646	0.12845	0.14576	0.01133	0.13381	0.29292	0.09124	0.01744	0.01725	0.01303	0.00706	0.00583	0.00186	0.00650	0.00562	0.00510	0.00910
10	0.02699	0.01024	0.01396	0.01070	0.01536	0.00884	0.00884	0.02932	0.01722	0.75522	0.02373	0.02048	0.01489	0.00745	0.00605	0.00186	0.00512	0.00605	0.00745	0.01024
11	0.01084	0.00884	0.00994	0.00947	0.01169	0.00934	0.00724	0.01903	0.30988	0.02202	0.22872	0.11135	0.15851	0.01198	0.00682	0.00207	0.00386	0.04526	0.00608	0.00705
12	0.13607	0.01956	0.01437	0.01257	0.01611	0.38486	0.00973	0.02423	0.06370	0.20127	0.01625	0.01613	0.04585	0.00699	0.00547	0.00173	0.00777	0.00495	0.00459	0.00780
13	0.00894	0.00672	0.00835	0.00792	0.00952	0.00644	0.00594	0.01288	0.08259	0.02319	0.59455	0.08029	0.10482	0.01247	0.00704	0.00194	0.00306	0.01095	0.00645	0.00594
14	0.00766	0.00556	0.00734	0.00847	0.00877	0.00544	0.00567	0.00862	0.01119	0.01499	0.03099	0.69004	0.03705	0.08886	0.01019	0.00276	0.03034	0.01593	0.00531	0.00483
15	0.00726	0.00549	0.00672	0.00771	0.00855	0.00494	0.00529	0.00845	0.01216	0.01562	0.04131	0.57150	0.24769	0.01779	0.00751	0.00232	0.00336	0.01581	0.00558	0.00494
16	0.00819	0.00598	0.00827	0.01003	0.03450	0.00573	0.00708	0.00977	0.01219	0.01619	0.03209	0.57332	0.03744	0.01782	0.00778	0.00251	0.00414	0.19628	0.00549	0.00521
17	0.00875	0.00583	0.00656	0.00656	0.00656	0.00583	0.00365	0.00875	0.00875	0.01166	0.01895	0.03937	0.02187	0.78858	0.03062	0.00583	0.00583	0.00875	0.00365	0.00365
18	0.01121	0.00561	0.00561	0.00561	0.00701	0.00561	0.00421	0.01402	0.01262	0.02243	0.01962	0.02243	0.01542	0.00701	0.00421	0.00140	0.00280	0.00561	0.82198	0.00561
19	0.01207	0.03112	0.75741	0.01715	0.02604	0.01397	0.02223	0.01905	0.01270	0.01905	0.01080	0.01270	0.00762	0.00572	0.00572	0.00191	0.00889	0.00445	0.00254	0.00889
20	0.01440	0.47399	0.33502	0.01316	0.01987	0.01969	0.01528	0.01845	0.01242	0.01620	0.00938	0.01093	0.00768	0.00538	0.00464	0.00155	0.00746	0.00373	0.00256	0.00821
21	0.01329	0.01048	0.01164	0.01058	0.01266	0.03396	0.00799	0.19184	0.11809	0.02321	0.12774	0.25564	0.02787	0.07756	0.00942	0.00242	0.04289	0.01017	0.00553	0.00701
22	0.01589	0.75579	0.06626	0.01062	0.01595	0.02333	0.01086	0.01806	0.01225	0.01439	0.00848	0.00980	0.00772	0.00517	0.00395	0.00132	0.00655	0.00328	0.00257	0.00778
23	0.02267	0.01634	0.01767	0.01353	0.01835	0.01784	0.01117	0.67460	0.02723	0.06845	0.01471	0.01463	0.01039	0.00713	0.00596	0.00177	0.00648	0.00538	0.00599	0.03970
24	0.11651	0.01123	0.01274	0.01091	0.02779	0.01189	0.02796	0.25974	0.05137	0.02843	0.28555	0.02874	0.08366	0.00943	0.00624	0.00188	0.00474	0.00781	0.00578	0.00761
25	0.00870	0.00631	0.00794	0.00750	0.00902	0.00588	0.00563	0.01183	0.03645	0.02347	0.64341	0.04432	0.10691	0.01218	0.00694	0.00189	0.00291	0.01068	0.04230	0.00573
26	0.01136	0.01069	0.01804	0.77412	0.04143	0.01337	0.01671	0.01537	0.01203	0.01537	0.01069	0.01604	0.00802	0.00601	0.00601	0.00200	0.00802	0.00535	0.00267	0.00668
27	0.00953	0.00684	0.00946	0.01067	0.01208	0.00678	0.00924	0.01226	0.01407	0.01838	0.08387	0.06590	0.05895	0.01627	0.00818	0.00268	0.00527	0.63840	0.00562	0.00553
28	0.09666	0.01476	0.01603	0.01255	0.01695	0.04234	0.01033	0.40914	0.02225	0.23990	0.01607	0.01556	0.01103	0.00725	0.00640	0.00185	0.03999	0.00534	0.00596	0.00962
29	0.02699	0.01024	0.01396	0.01070	0.01536	0.00884	0.00884	0.02932	0.01722	0.75522	0.02373	0.02048	0.01489	0.00745	0.00605	0.00186	0.00512	0.00605	0.00745	0.01024
30	0.01207	0.03112	0.75741	0.01715	0.02604	0.01397	0.02223	0.01905	0.01270	0.01905	0.01080	0.01270	0.00762	0.00572	0.00572	0.00191	0.00889	0.00445	0.00254	0.00889
31	0.01207	0.03112	0.75741	0.01715	0.02604	0.01397	0.02223	0.01905	0.01270	0.01905	0.01080	0.01270	0.00762	0.00572	0.00572	0.00191	0.00889	0.00445	0.00254	0.00889
32	0.02249	0.02810	0.01710	0.01542	0.01860	0.72840	0.01161	0.05818	0.01759	0.01584	0.00955	0.01102	0.00787	0.00625	0.00545	0.00156	0.01064	0.00395	0.00324	0.00713
33	0.00733	0.00524	0.00698	0.00838	0.00873	0.00489	0.00558	0.00838	0.01152	0.01536	0.03316	0.78466	0.03979	0.01885	0.00768	0.00244	0.00349	0.01710	0.00558	0.00489
34	0.02278	0.02299	0.01696	0.01447	0.01823	0.45079	0.01125	0.23551	0.04193	0.08958	0.01260	0.01314	0.00946	0.00668	0.00568	0.00167	0.00888	0.00462	0.00446	0.00832
35	0.01305	0.01241	0.02109	0.42217	0.38022	0.01381	0.01754	0.01685	0.01283	0.01742	0.01099	0.01549	0.00874	0.00570	0.00599	0.00190	0.00760	0.00535	0.00282	0.00804
36	0.00728	0.00610	0.00633	0.00627	0.00823	0.00515	0.00471	0.00897	0.01412	0.01721	0.14484	0.05631	0.66412	0.01488	0.00711	0.00201	0.00302	0.01247	0.00571	0.00515
37	0.00830	0.00589	0.00716	0.00718	0.00797	0.00557	0.00481	0.00970	0.01284	0.01749	0.30997	0.15127	0.10453	0.30269	0.01594	0.00345	0.00407	0.01115	0.00527	0.00475
38	0.01136	0.01069	0.01804	0.77412	0.04143	0.01337	0.01671	0.01537	0.01203	0.01537	0.01069	0.01604	0.00802	0.00601	0.00601	0.00200	0.00802	0.00535	0.00267	0.00668
39	0.03097	0.01051	0.01393	0.01178	0.01364	0.01214	0.00948	0.05252	0.01347	0.23269	0.09551	0.05520	0.01817	0.08096	0.01354	0.00253	0.29529	0.00692	0.02337	0.00736
40	0.00914	0.00541	0.00634	0.00708	0.00792	0.00522	0.00494	0.01101	0.01203	0.01866	0.02683	0.42843	0.02840	0.01331	0.00606	0.00196	0.00317	0.01173	0.38712	0.00522
41	0.01207	0.03112	0.75741	0.01715	0.02604	0.01397	0.02223	0.01905	0.01270	0.01905	0.01080	0.01270	0.00762	0.00572	0.00572	0.00191	0.00889	0.00445	0.00254	0.00889
42	0.01649	0.01364	0.01951	0.08176	0.35308	0.01435	0.01423	0.21628	0.05387	0.04711	0.09461	0.01871	0.01543	0.00689	0.00611	0.00183	0.00641	0.00608	0.00449	0.00910

[dist]
# distance from previous block
# <min> <max>
0	1

[block]
# block no. 3 follows, 38 sequences, length 142
# corresponding to MSA columns:
# 1624-1720,1722-1766
name=unknown_D
#
# <colnr> <probs for GDERKNQSTAVLIFYWHMCP>
#	G	D	E	R	K	N	Q	S	T	A	V	L	I	F	Y	W	H	M	C	P
0	0.33981	0.01230	0.01173	0.01046	0.01404	0.01413	0.00830	0.02618	0.42023	0.05604	0.01805	0.01733	0.01351	0.00711	0.00517	0.00196	0.00473	0.00536	0.00522	0.00836
1	0.01592	0.01699	0.01794	0.44866	0.05530	0.25086	0.01473	0.07676	0.01500	0.01715	0.01058	0.01423	0.00816	0.00615	0.00583	0.00184	0.00877	0.00489	0.00309	0.00716
2	0.00796	0.00613	0.00727	0.00698	0.00864	0.00544	0.00524	0.01027	0.01571	0.02099	0.47487	0.05009	0.33172	0.01347	0.00710	0.00195	0.00292	0.01160	0.00621	0.00544
3	0.01656	0.01342	0.01377	0.01139	0.01459	0.07533	0.00910	0.35639	0.02169	0.02860	0.22294	0.02776	0.11130	0.00964	0.00697	0.00187	0.03733	0.00767	0.00575	0.00793
4	0.01136	0.01069	0.01804	0.77412	0.04143	0.01337	0.01671	0.01537	0.01203	0.01537	0.01069	0.01604	0.00802	0.00601	0.00601	0.00200	0.00802	0.00535	0.00267	0.00668
5	0.00748	0.00611	0.00661	0.00648	0.00835	0.00524	0.00486	0.00935	0.01458	0.01832	0.24120	0.05449	0.56706	0.01446	0.00711	0.00199	0.00299	0.01222	0.00586	0.00524
6	0.01006	0.00960	0.01831	0.01512	0.01775	0.00899	0.29317	0.01271	0.01258	0.01691	0.02482	0.47926	0.02760	0.01337	0.00745	0.00228	0.00613	0.01313	0.00457	0.00617
7	0.01008	0.00799	0.01205	0.24068	0.02086	0.00875	0.01142	0.01323	0.01361	0.01780	0.09427	0.05004	0.02873	0.01301	0.00750	0.00245	0.00603	0.43082	0.00478	0.00590
8	0.01608	0.79220	0.03152	0.01029	0.01544	0.02380	0.01029	0.01801	0.01222	0.01415	0.00836	0.00965	0.00772	0.00515	0.00386	0.00129	0.00643	0.00322	0.00257	0.00772
9	0.00737	0.00525	0.00697	0.00832	0.00866	0.00491	0.00553	0.00839	0.01143	0.01524	0.03272	0.76200	0.03924	0.04225	0.00838	0.00255	0.00356	0.01685	0.00553	0.00485
10	0.00859	0.00645	0.00967	0.00967	0.01074	0.00752	0.00752	0.01074	0.00967	0.01396	0.01611	0.02363	0.01504	0.04512	0.76474	0.00967	0.01611	0.00645	0.00322	0.00537
11	0.50601	0.01224	0.01265	0.01104	0.01329	0.01545	0.00916	0.01641	0.00983	0.02202	0.00819	0.01112	0.00706	0.00755	0.01009	0.00217	0.31183	0.00406	0.00329	0.00654
12	0.01207	0.03112	0.75741	0.01715	0.02604	0.01397	0.02223	0.01905	0.01270	0.01905	0.01080	0.01270	0.00762	0.00572	0.00572	0.00191	0.00889	0.00445	0.00254	0.00889
13	0.00711	0.00609	0.00609	0.00609	0.00813	0.00508	0.00457	0.00863	0.01371	0.01625	0.06094	0.05789	0.74862	0.01524	0.00711	0.00203	0.00305	0.01270	0.00559	0.00508
14	0.01489	0.01429	0.02442	0.03692	0.75106	0.01429	0.01846	0.01846	0.01370	0.01965	0.01132	0.01489	0.00953	0.00536	0.00596	0.00179	0.00715	0.00536	0.00298	0.00953
15	0.01267	0.01203	0.02042	0.49961	0.30568	0.01371	0.01736	0.01652	0.01265	0.01697	0.01092	0.01561	0.00858	0.00577	0.00599	0.00192	0.00769	0.00535	0.00279	0.00774
16	0.02247	0.02867	0.01705	0.01550	0.01860	0.76443	0.01162	0.02402	0.01705	0.01472	0.00930	0.01085	0.00775	0.00620	0.00542	0.00155	0.01085	0.00387	0.00310	0.00697
17	0.83108	0.01163	0.00884	0.00791	0.01163	0.01350	0.00651	0.01768	0.01024	0.02699	0.00838	0.00977	0.00651	0.00558	0.00372	0.00186	0.00465	0.00326	0.00372	0.00651
18	0.02212	0.02808	0.01710	0.01551	0.01849	0.73622	0.01168	0.02366	0.01675	0.01471	0.00925	0.01094	0.00775	0.00636	0.00597	0.00159	0.03984	0.00393	0.00308	0.00696
19	0.01335	0.02214	0.32241	0.02209	0.02929	0.01472	0.44823	0.01918	0.01360	0.01918	0.01162	0.01483	0.00853	0.00533	0.00655	0.00198	0.00964	0.00604	0.00284	0.00842
20	0.01177	0.01111	0.01878	0.68891	0.12346	0.01347	0.01691	0.01573	0.01222	0.01587	0.01076	0.01591	0.00819	0.00594	0.00601	0.00198	0.00792	0.00535	0.00271	0.00701
21	0.02326	0.01621	0.01766	0.01354	0.01834	0.01771	0.01118	0.66358	0.02722	0.10683	0.01534	0.01502	0.01068	0.00724	0.00602	0.00181	0.00648	0.00548	0.00616	0.01023
22	0.00733	0.00524	0.00698	0.00838	0.00873	0.00489	0.00558	0.00838	0.01152	0.01536	0.03316	0.78466	0.03979	0.01885	0.00768	0.00244	0.00349	0.01710	0.00558	0.00489
23	0.01136	0.01069	0.01804	0.77412	0.04143	0.01337	0.01671	0.01537	0.01203	0.01537	0.01069	0.01604	0.00802	0.00601	0.00601	0.00200	0.00802	0.00535	0.00267	0.00668
24	0.00866	0.00733	0.00764	0.00735	0.00956	0.00692	0.00557	0.01310	0.14512	0.01862	0.12037	0.05025	0.55037	0.01368	0.00693	0.00202	0.00334	0.01146	0.00578	0.00594
25	0.01276	0.00629	0.00710	0.00660	0.00842	0.00603	0.00505	0.01551	0.01397	0.11627	0.14664	0.02609	0.02253	0.00798	0.00494	0.00155	0.00311	0.00658	0.57638	0.00621
26	0.00733	0.00524	0.00698	0.00838	0.00873	0.00489	0.00558	0.00838	0.01152	0.01536	0.03316	0.78466	0.03979	0.01885	0.00768	0.00244	0.00349	0.01710	0.00558	0.00489
27	0.02155	0.02151	0.01768	0.07226	0.08079	0.39282	0.01225	0.19544	0.01915	0.09197	0.01221	0.01337	0.00921	0.00648	0.00572	0.00170	0.00875	0.00469	0.00419	0.00827
28	0.00724	0.00557	0.00663	0.00747	0.00849	0.00496	0.00518	0.00848	0.01238	0.01571	0.04413	0.49750	0.31986	0.01742	0.00745	0.00228	0.00332	0.01536	0.00559	0.00496
29	0.00875	0.00583	0.00656	0.00656	0.00656	0.00583	0.00365	0.00875	0.00875	0.01166	0.01895	0.03937	0.02187	0.78858	0.03062	0.00583	0.00583	0.00875	0.00365	0.00365
30	0.18692	0.01313	0.01466	0.03453	0.01669	0.01377	0.00963	0.30192	0.02000	0.30455	0.01660	0.01582	0.01117	0.00694	0.00557	0.00184	0.00570	0.00522	0.00599	0.00938
31	0.01041	0.00911	0.01315	0.01210	0.01275	0.01185	0.00976	0.01223	0.00949	0.01417	0.01285	0.01947	0.01220	0.03137	0.46866	0.00687	0.31874	0.00598	0.00299	0.00585
32	0.00859	0.00645	0.00967	0.00967	0.01074	0.00752	0.00752	0.01074	0.00967	0.01396	0.01611	0.02363	0.01504	0.04512	0.76474	0.00967	0.01611	0.00645	0.00322	0.00537
33	0.02064	0.00853	0.01073	0.00874	0.01211	0.00776	0.00705	0.03775	0.01562	0.44916	0.02191	0.02113	0.01500	0.00727	0.00532	0.00168	0.00423	0.00586	0.33113	0.00840
34	0.24078	0.05752	0.01480	0.01043	0.01529	0.03509	0.06736	0.03835	0.01260	0.02171	0.01011	0.01188	0.00820	0.00500	0.00451	0.00133	0.00536	0.00382	0.00357	0.43228
35	0.01676	0.01545	0.02460	0.01865	0.02335	0.07654	0.35497	0.04999	0.16498	0.11358	0.01716	0.01853	0.03146	0.00667	0.00709	0.00199	0.03868	0.00665	0.00440	0.00852
36	0.00714	0.00610	0.00613	0.00612	0.00814	0.00509	0.00459	0.00869	0.01378	0.01641	0.07504	0.05763	0.73442	0.01518	0.00711	0.00203	0.00304	0.01266	0.00561	0.00509
37	0.01306	0.01243	0.02112	0.41850	0.38375	0.01381	0.01755	0.01686	0.01283	0.01744	0.01099	0.01548	0.00875	0.00570	0.00599	0.00190	0.00760	0.00535	0.00282	0.00806
38	0.01287	0.02493	0.46929	0.02015	0.05009	0.01416	0.25361	0.01896	0.01322	0.01916	0.01126	0.01392	0.00822	0.00545	0.00613	0.00190	0.00908	0.00531	0.00276	0.03953
39	0.01309	0.01256	0.02072	0.35242	0.32901	0.01454	0.01687	0.01650	0.01227	0.01699	0.01051	0.01512	0.00862	0.00645	0.00814	0.00201	0.12820	0.00534	0.00279	0.00784
40	0.01429	0.01439	0.02049	0.05534	0.30913	0.06656	0.01517	0.01665	0.01165	0.01658	0.00967	0.01407	0.00871	0.00884	0.03087	0.00237	0.36942	0.00524	0.00282	0.00775
41	0.09256	0.00805	0.00905	0.00792	0.01089	0.00731	0.00625	0.01650	0.03237	0.24077	0.09436	0.04018	0.38749	0.01157	0.00644	0.00195	0.00385	0.00951	0.00606	0.00692
42	0.01320	0.01255	0.02115	0.32602	0.42420	0.01375	0.01719	0.01679	0.01283	0.01766	0.01167	0.04017	0.00986	0.00622	0.00647	0.00192	0.03153	0.00573	0.00293	0.00816
43	0.01185	0.00794	0.00975	0.00928	0.01056	0.00860	0.00668	0.01626	0.26254	0.01585	0.01785	0.02171	0.05014	0.01619	0.01665	0.49792	0.00495	0.00615	0.00398	0.00514
44	0.00859	0.00645	0.00967	0.00967	0.01074	0.00752	0.00752	0.01074	0.00967	0.01396	0.01611	0.02363	0.01504	0.04512	0.76474	0.00967	0.01611	0.00645	0.00322	0.00537
45	0.02699	0.01024	0.01396	0.01070	0.01536	0.00884	0.00884	0.02932	0.01722	0.75522	0.02373	0.02048	0.01489	0.00745	0.00605	0.00186	0.00512	0.00605	0.00745	0.01024
46	0.01160	0.01168	0.02321	0.01756	0.02148	0.01093	0.40664	0.01554	0.01498	0.02065	0.27124	0.08481	0.02862	0.00888	0.00717	0.00203	0.00699	0.02449	0.00454	0.00696
47	0.01752	0.02065	0.01749	0.35380	0.02878	0.42950	0.01389	0.02016	0.01481	0.01501	0.00992	0.01316	0.00787	0.00612	0.00569	0.00175	0.00959	0.00453	0.00291	0.00684
48	0.00733	0.00524	0.00698	0.00838	0.00873	0.00489	0.00558	0.00838	0.01152	0.01536	0.03316	0.78466	0.03979	0.01885	0.00768	0.00244	0.00349	0.01710	0.00558	0.00489
49	0.00743	0.00530	0.00709	0.00849	0.00888	0.00497	0.00575	0.00855	0.01161	0.01547	0.03310	0.75506	0.03957	0.01875	0.00770	0.00246	0.00357	0.04574	0.00558	0.00491
50	0.01304	0.01281	0.02178	0.01565	0.02116	0.01089	0.30379	0.01665	0.01316	0.01934	0.01195	0.03621	0.00989	0.00512	0.00563	0.00140	0.00676	0.00541	0.00341	0.46596
51	0.01121	0.00561	0.00561	0.00561	0.00701	0.00561	0.00421	0.01402	0.01262	0.02243	0.01962	0.02243	0.01542	0.00701	0.00421	0.00140	0.00280	0.00561	0.82198	0.00561
52	0.00809	0.00631	0.00753	0.00819	0.00980	0.00574	0.00658	0.01003	0.01352	0.01680	0.04712	0.14056	0.40646	0.01614	0.00762	0.00235	0.00402	0.27233	0.00557	0.00523
53	0.01367	0.01128	0.01556	0.04486	0.04038	0.01229	0.09412	0.16690	0.14315	0.02163	0.01782	0.02263	0.03226	0.10567	0.22538	0.00458	0.00931	0.00670	0.00437	0.00743
54	0.01726	0.01214	0.01301	0.01098	0.01441	0.04952	0.00870	0.17467	0.21394	0.16002	0.15194	0.02755	0.10109	0.00922	0.00633	0.00191	0.00501	0.00757	0.00622	0.00852
55	0.00750	0.00633	0.00656	0.00663	0.00865	0.00546	0.00509	0.00950	0.03159	0.01661	0.05779	0.05779	0.67536	0.01517	0.00718	0.00209	0.00328	0.06660	0.00560	0.00522
56	0.02090	0.01415	0.01557	0.01220	0.01616	0.01526	0.00977	0.52239	0.02358	0.11802	0.01633	0.01950	0.01281	0.14331	0.01031	0.00251	0.00631	0.00607	0.00577	0.00908
57	0.01444	0.01501	0.02910	0.06221	0.40085	0.01467	0.33534	0.01869	0.01385	0.01931	0.01167	0.01553	0.00929	0.00526	0.00647	0.00190	0.00852	0.00614	0.00299	0.00878
58	0.01136	0.01069	0.01804	0.77412	0.04143	0.01337	0.01671	0.01537	0.01203	0.01537	0.01069	0.01604	0.00802	0.00601	0.00601	0.00200	0.00802	0.00535	0.00267	0.00668
59	0.01342	0.01279	0.02176	0.34389	0.45558	0.01391	0.01773	0.01717	0.01300	0.01787	0.01106	0.01537	0.00890	0.00563	0.00598	0.00188	0.00751	0.00535	0.00285	0.00834
60	0.01207	0.03112	0.75741	0.01715	0.02604	0.01397	0.02223	0.01905	0.01270	0.01905	0.01080	0.01270	0.00762	0.00572	0.00572	0.00191	0.00889	0.00445	0.00254	0.00889
61	0.01421	0.01225	0.01326	0.01124	0.01523	0.01287	0.00880	0.02690	0.52089	0.02349	0.02033	0.01944	0.01551	0.00704	0.00562	0.00169	0.00467	0.00583	0.00535	0.25537
62	0.01463	0.00969	0.01599	0.01323	0.01623	0.00906	0.17613	0.05737	0.01450	0.19820	0.02487	0.37413	0.02484	0.01217	0.00705	0.00217	0.00562	0.01139	0.00547	0.00725
63	0.00744	0.00532	0.00708	0.00830	0.00875	0.00496	0.00559	0.00866	0.01205	0.01620	0.10183	0.71358	0.04142	0.01822	0.00762	0.00239	0.00343	0.01650	0.00568	0.00496
64	0.01162	0.01190	0.02419	0.01856	0.02242	0.01116	0.44359	0.01517	0.01318	0.01797	0.01998	0.29278	0.02037	0.01009	0.00721	0.00216	0.00749	0.01064	0.03265	0.00687
65	0.01207	0.03112	0.75741	0.01715	0.02604	0.01397	0.02223	0.01905	0.01270	0.01905	0.01080	0.01270	0.00762	0.00572	0.00572	0.00191	0.00889	0.00445	0.00254	0.00889
66	0.04222	0.01257	0.01315	0.01133	0.01474	0.01419	0.00897	0.20278	0.41103	0.02792	0.02061	0.02004	0.01544	0.00764	0.00568	0.00186	0.00488	0.00613	0.14990	0.00891
67	0.00733	0.00524	0.00698	0.00838	0.00873	0.00489	0.00558	0.00838	0.01152	0.01536	0.03316	0.78466	0.03979	0.01885	0.00768	0.00244	0.00349	0.01710	0.00558	0.00489
68	0.01593	0.00914	0.00983	0.00836	0.01101	0.00950	0.00663	0.21225	0.01736	0.09708	0.01860	0.02005	0.01394	0.00711	0.00488	0.00156	0.00407	0.00560	0.51979	0.00732
69	0.04091	0.26698	0.23004	0.01261	0.01823	0.03912	0.01315	0.09031	0.09306	0.07123	0.01318	0.01395	0.01003	0.00616	0.00506	0.00167	0.00673	0.00453	0.05458	0.00848
70	0.00875	0.00583	0.00656	0.00656	0.00656	0.00583	0.00365	0.00875	0.00875	0.01166	0.01895	0.03937	0.02187	0.78858	0.03062	0.00583	0.00583	0.00875	0.00365	0.00365
71	0.01073	0.00834	0.00984	0.00901	0.01109	0.00860	0.00688	0.04394	0.20796	0.02475	0.51455	0.03814	0.05995	0.01108	0.00680	0.00193	0.00349	0.00964	0.00644	0.00685
72	0.01339	0.01804	0.24264	0.05230	0.39165	0.01288	0.01762	0.01782	0.01369	0.03986	0.08347	0.04221	0.01460	0.00665	0.00605	0.00186	0.00711	0.00602	0.00340	0.00873
73	0.01340	0.01282	0.01527	0.01588	0.12898	0.10131	0.01090	0.05037	0.04221	0.02032	0.27565	0.02500	0.02622	0.00959	0.01016	0.00204	0.22115	0.00720	0.00447	0.00705
74	0.00875	0.00583	0.00656	0.00656	0.00656	0.00583	0.00365	0.00875	0.00875	0.01166	0.01895	0.03937	0.02187	0.78858	0.03062	0.00583	0.00583	0.00875	0.00365	0.00365
75	0.43916	0.01037	0.00908	0.00812	0.01120	0.01168	0.00651	0.07659	0.08257	0.02634	0.01381	0.01519	0.01064	0.00640	0.00429	0.00174	0.00427	0.00448	0.25072	0.00684
76	0.01322	0.01715	0.19994	0.33453	0.17093	0.01429	0.05929	0.06688	0.01370	0.01886	0.01112	0.01484	0.00843	0.00595	0.00632	0.00194	0.02634	0.00523	0.00295	0.00809
77	0.01151	0.01079	0.01743	0.01642	0.08627	0.01296	0.10235	0.01388	0.01047	0.01537	0.01228	0.01819	0.01126	0.02411	0.33493	0.00548	0.28078	0.00601	0.00297	0.00654
78	0.00771	0.00568	0.00722	0.00782	0.00878	0.00520	0.00553	0.00941	0.01361	0.01825	0.25813	0.42933	0.15548	0.01622	0.00742	0.00221	0.00326	0.02764	0.00590	0.00517
79	0.01335	0.02214	0.32241	0.02209	0.02929	0.01472	0.44823	0.01918	0.01360	0.01918	0.01162	0.01483	0.00853	0.00533	0.00655	0.00198	0.00964	0.00604	0.00284	0.00842
80	0.21418	0.01446	0.02435	0.01807	0.02318	0.01445	0.38765	0.10759	0.01500	0.04503	0.01250	0.01621	0.00968	0.00591	0.00605	0.00193	0.00782	0.03042	0.00382	0.04171
81	0.48452	0.00970	0.00939	0.00875	0.01145	0.01125	0.00703	0.03230	0.01045	0.02208	0.01160	0.01539	0.00999	0.02134	0.30623	0.00496	0.00926	0.00458	0.00358	0.00615
82	0.00756	0.00540	0.00724	0.00864	0.00908	0.00508	0.00598	0.00877	0.01174	0.01561	0.03303	0.71579	0.03929	0.01863	0.00774	0.00247	0.00369	0.08373	0.00558	0.00495
83	0.01816	0.01603	0.01530	0.01311	0.01687	0.11075	0.01033	0.22984	0.44624	0.02747	0.01971	0.01870	0.01471	0.00765	0.00600	0.00191	0.00606	0.00604	0.00571	0.00940
84	0.01608	0.79220	0.03152	0.01029	0.01544	0.02380	0.01029	0.01801	0.01222	0.01415	0.00836	0.00965	0.00772	0.00515	0.00386	0.00129	0.00643	0.00322	0.00257	0.00772
85	0.37705	0.01436	0.01379	0.01116	0.01542	0.01621	0.00918	0.38300	0.05606	0.03248	0.01228	0.01280	0.00901	0.00655	0.00502	0.00184	0.00566	0.00454	0.00502	0.00856
86	0.01207	0.03112	0.75741	0.01715	0.02604	0.01397	0.02223	0.01905	0.01270	0.01905	0.01080	0.01270	0.00762	0.00572	0.00572	0.00191	0.00889	0.00445	0.00254	0.00889
87	0.01350	0.01064	0.01187	0.01040	0.01321	0.01150	0.00812	0.15140	0.28867	0.02669	0.31179	0.03152	0.06535	0.00995	0.00653	0.00194	0.00426	0.00844	0.00628	0.00792
88	0.00953	0.00549	0.00627	0.00681	0.00779	0.00532	0.00483	0.01164	0.01240	0.01970	0.06152	0.32649	0.02718	0.01198	0.00573	0.00184	0.00308	0.01044	0.45664	0.00532
89	0.01507	0.01463	0.02424	0.03642	0.73368	0.03209	0.01830	0.01859	0.01378	0.01954	0.01127	0.01479	0.00949	0.00538	0.00594	0.00178	0.00723	0.00532	0.00298	0.00947
90	0.00802	0.00583	0.00771	0.00897	0.00979	0.00552	0.00673	0.00963	0.01243	0.01624	0.03543	0.49882	0.10634	0.01783	0.00781	0.00250	0.00407	0.22565	0.00557	0.00510
91	0.01101	0.00856	0.00942	0.00909	0.01049	0.00932	0.00627	0.01792	0.29986	0.01758	0.02328	0.14419	0.02316	0.36321	0.01745	0.00382	0.00506	0.00922	0.00492	0.00617
92	0.01227	0.06928	0.72102	0.01680	0.02551	0.01446	0.02163	0.01900	0.01268	0.01881	0.01067	0.01255	0.00763	0.00569	0.00562	0.00187	0.00877	0.00438	0.00254	0.00883
93	0.01106	0.00806	0.00930	0.00903	0.01106	0.00814	0.00672	0.01698	0.21598	0.07587	0.12779	0.26251	0.18689	0.01338	0.00692	0.00213	0.00379	0.01164	0.00601	0.00673
94	0.00875	0.00583	0.00656	0.00656	0.00656	0.00583	0.00365	0.00875	0.00875	0.01166	0.01895	0.03937	0.02187	0.78858	0.03062	0.00583	0.00583	0.00875	0.00365	0.00365
95	0.00752	0.00558	0.00703	0.00791	0.00877	0.00509	0.00553	0.00894	0.01273	0.01672	0.12775	0.52013	0.18538	0.01722	0.00751	0.00230	0.00339	0.03973	0.00571	0.00505
96	0.11616	0.24315	0.36792	0.01293	0.01921	0.01586	0.01484	0.01809	0.01209	0.04382	0.01093	0.01395	0.00895	0.07059	0.00701	0.00205	0.00727	0.00436	0.00296	0.00787
97	0.01942	0.33129	0.02322	0.01364	0.01749	0.42704	0.02537	0.02118	0.01478	0.01458	0.00893	0.01057	0.00777	0.00592	0.00538	0.00150	0.03806	0.00373	0.00287	0.00728
98	0.00739	0.00596	0.00660	0.00685	0.00847	0.00517	0.00505	0.00901	0.01367	0.01703	0.13329	0.19621	0.51178	0.01563	0.00725	0.00212	0.00318	0.03450	0.00570	0.00512
99	0.46216	0.01313	0.01250	0.01020	0.01440	0.01454	0.00842	0.24982	0.01701	0.12803	0.01239	0.01272	0.00884	0.00636	0.00478	0.00184	0.00535	0.00433	0.00496	0.00821
100	0.02292	0.03439	0.01732	0.01299	0.01766	0.01662	0.01075	0.56609	0.02557	0.16173	0.04160	0.01644	0.01261	0.00739	0.00601	0.00181	0.00622	0.00566	0.00620	0.01001
101	0.01483	0.55495	0.25780	0.01243	0.01874	0.02074	0.01401	0.01834	0.01237	0.01568	0.00912	0.01060	0.00769	0.00532	0.00444	0.00148	0.00720	0.00360	0.00256	0.00808
102	0.01121	0.00561	0.00561	0.00561	0.00701	0.00561	0.00421	0.01402	0.01262	0.02243	0.01962	0.02243	0.01542	0.00701	0.00421	0.00140	0.00280	0.00561	0.82198	0.00561
103	0.02480	0.01026	0.01365	0.01052	0.01509	0.00891	0.00863	0.02773	0.04416	0.64556	0.04347	0.02059	0.01573	0.00736	0.00595	0.00179	0.00498	0.00601	0.00705	0.07775
104	0.01108	0.00884	0.01025	0.00943	0.01163	0.00937	0.00720	0.01954	0.30443	0.02454	0.46039	0.03600	0.04150	0.01065	0.00671	0.00195	0.00360	0.00926	0.00642	0.00720
105	0.01489	0.01429	0.02442	0.03692	0.75106	0.01429	0.01846	0.01846	0.01370	0.01965	0.01132	0.01489	0.00953	0.00536	0.00596	0.00179	0.00715	0.00536	0.00298	0.00953
106	0.01136	0.01069	0.01804	0.77412	0.04143	0.01337	0.01671	0.01537	0.01203	0.01537	0.01069	0.01604	0.00802	0.00601	0.00601	0.00200	0.00802	0.00535	0.00267	0.00668
107	0.01136	0.01069	0.01804	0.77412	0.04143	0.01337	0.01671	0.01537	0.01203	0.01537	0.01069	0.01604	0.00802	0.00601	0.00601	0.00200	0.00802	0.00535	0.00267	0.00668
108	0.01218	0.00654	0.00664	0.00629	0.00798	0.00669	0.00481	0.07354	0.01392	0.02371	0.01919	0.02176	0.01499	0.00703	0.00436	0.00144	0.00312	0.00559	0.75424	0.00599
109	0.02392	0.01393	0.01610	0.01248	0.01712	0.01448	0.01026	0.40067	0.07629	0.32205	0.01887	0.01743	0.01268	0.00738	0.00604	0.00184	0.00589	0.00577	0.00659	0.01018
110	0.02699	0.01024	0.01396	0.01070	0.01536	0.00884	0.00884	0.02932	0.01722	0.75522	0.02373	0.02048	0.01489	0.00745	0.00605	0.00186	0.00512	0.00605	0.00745	0.01024
111	0.01369	0.01491	0.03086	0.17877	0.10398	0.01475	0.51467	0.01840	0.01371	0.01851	0.01179	0.01606	0.00894	0.00529	0.00677	0.00200	0.00942	0.00657	0.00296	0.00796
112	0.02247	0.02867	0.01705	0.01550	0.01860	0.76443	0.01162	0.02402	0.01705	0.01472	0.00930	0.01085	0.00775	0.00620	0.00542	0.00155	0.01085	0.00387	0.00310	0.00697
113	0.01149	0.00734	0.00772	0.00755	0.00944	0.00767	0.00586	0.01721	0.16865	0.02203	0.02570	0.02980	0.08817	0.00888	0.00525	0.00172	0.00348	0.06800	0.49763	0.00639
114	0.00844	0.04624	0.00828	0.00762	0.00933	0.04099	0.00569	0.00989	0.01314	0.01588	0.04640	0.27272	0.43541	0.01546	0.00709	0.00213	0.00381	0.04092	0.00532	0.00526
115	0.02151	0.01717	0.01689	0.01351	0.01779	0.10350	0.01089	0.51486	0.11851	0.05561	0.01558	0.01600	0.01150	0.03049	0.00670	0.00193	0.00679	0.00554	0.00567	0.00957
116	0.00789	0.00547	0.00681	0.00765	0.00787	0.00526	0.00481	0.00852	0.01042	0.01389	0.02751	0.48846	0.03267	0.32476	0.01680	0.00379	0.00442	0.01378	0.00481	0.00439
117	0.00742	0.00608	0.00654	0.00648	0.00833	0.00520	0.00484	0.00921	0.01436	0.01791	0.20738	0.07675	0.57920	0.01471	0.00712	0.00201	0.00302	0.01244	0.00581	0.00520
118	0.01267	0.02539	0.50193	0.02055	0.09049	0.01402	0.18699	0.01874	0.01310	0.01905	0.01182	0.03636	0.00908	0.00592	0.00612	0.00194	0.00887	0.00552	0.00279	0.00865
119	0.26083	0.01474	0.01530	0.08624	0.01742	0.12605	0.01127	0.01693	0.01094	0.01837	0.00852	0.01208	0.00747	0.00797	0.01149	0.00218	0.35807	0.00446	0.00303	0.00663
120	0.02521	0.01310	0.01573	0.01206	0.01678	0.01309	0.00996	0.33277	0.02200	0.44502	0.01972	0.01787	0.01288	0.00735	0.00604	0.00184	0.00577	0.00578	0.00683	0.01023
121	0.01135	0.01032	0.01713	0.71755	0.03890	0.01279	0.01579	0.01527	0.01207	0.01589	0.01135	0.01651	0.00856	0.00609	0.00588	0.00196	0.00764	0.00537	0.06299	0.00660
122	0.02102	0.02584	0.01600	0.01456	0.01737	0.66183	0.01097	0.02268	0.01631	0.01545	0.01024	0.01205	0.00849	0.00645	0.00588	0.00158	0.04059	0.00410	0.08176	0.00683
123	0.01300	0.01143	0.01721	0.31624	0.17874	0.01146	0.01332	0.01638	0.01271	0.04134	0.01124	0.01464	0.00888	0.00535	0.00543	0.00155	0.00644	0.00472	0.00321	0.30672
124	0.03983	0.15370	0.16213	0.01528	0.07977	0.01732	0.01345	0.32360	0.03715	0.04977	0.01265	0.01349	0.00943	0.00629	0.00546	0.00170	0.00683	0.00476	0.00438	0.04302
125	0.00796	0.00552	0.00689	0.00773	0.00796	0.00532	0.00492	0.00863	0.01048	0.01396	0.02748	0.46951	0.03253	0.32470	0.01681	0.00380	0.00448	0.03212	0.00481	0.00441
126	0.00921	0.00670	0.00963	0.01046	0.01170	0.00712	0.00874	0.01169	0.01214	0.01634	0.02562	0.06521	0.02695	0.02799	0.30892	0.00550	0.00970	0.41629	0.00462	0.00546
127	0.09374	0.01035	0.01354	0.01047	0.01505	0.00923	0.00865	0.02835	0.01664	0.69477	0.02246	0.01959	0.01420	0.00729	0.00586	0.00186	0.00508	0.00582	0.00714	0.00993
128	0.01630	0.02000	0.07986	0.31363	0.12364	0.31203	0.01537	0.01952	0.01430	0.01598	0.01023	0.01355	0.00808	0.00598	0.00575	0.00179	0.00910	0.00469	0.00287	0.00735
129	0.01615	0.01827	0.01651	0.01472	0.01612	0.31320	0.01167	0.01769	0.01240	0.01449	0.00974	0.01388	0.00896	0.01423	0.13074	0.00330	0.35359	0.00490	0.00291	0.00655
130	0.34712	0.01105	0.01188	0.00974	0.01390	0.01129	0.00798	0.02492	0.08389	0.39410	0.01767	0.01639	0.01188	0.00677	0.00513	0.00188	0.00490	0.00501	0.00583	0.00868
131	0.00810	0.00563	0.00700	0.00751	0.00791	0.00540	0.00483	0.00905	0.01139	0.01544	0.15354	0.35802	0.03566	0.32361	0.01669	0.00369	0.00431	0.01268	0.00500	0.00453
132	0.03626	0.02521	0.01697	0.01506	0.01815	0.57975	0.01154	0.10343	0.04747	0.01798	0.01039	0.01189	0.00846	0.00671	0.00656	0.00169	0.06731	0.00426	0.00353	0.00741
133	0.01349	0.01286	0.02188	0.32991	0.46903	0.01392	0.01776	0.01723	0.01303	0.01795	0.01107	0.01535	0.00893	0.00562	0.00598	0.00187	0.00749	0.00535	0.00286	0.00840
134	0.01012	0.00607	0.00712	0.00678	0.00835	0.00571	0.00511	0.01282	0.01501	0.04841	0.37606	0.03621	0.09630	0.01027	0.00591	0.00171	0.00292	0.00877	0.33061	0.00576
135	0.00835	0.00657	0.00767	0.00818	0.00992	0.00605	0.00663	0.01067	0.03082	0.01698	0.04740	0.06024	0.43088	0.04269	0.00837	0.00245	0.00415	0.28117	0.00551	0.00531
136	0.01290	0.18849	0.60732	0.01573	0.02385	0.01600	0.01976	0.01884	0.01260	0.01804	0.01029	0.01207	0.00764	0.00560	0.00533	0.00178	0.00838	0.00419	0.00255	0.00865
137	0.00995	0.00904	0.01604	0.01375	0.01616	0.00856	0.22421	0.01279	0.02731	0.01707	0.02801	0.34819	0.08088	0.04084	0.00833	0.00245	0.00588	0.11974	0.00475	0.00602
138	0.00733	0.00524	0.00698	0.00838	0.00873	0.00489	0.00558	0.00838	0.01152	0.01536	0.03316	0.78466	0.03979	0.01885	0.00768	0.00244	0.00349	0.01710	0.00558	0.00489
139	0.00731	0.00532	0.00690	0.00816	0.00867	0.00490	0.00549	0.00840	0.01173	0.01544	0.03583	0.71483	0.10789	0.01850	0.00762	0.00240	0.00345	0.01668	0.00558	0.00490
140	0.01515	0.01272	0.01719	0.02147	0.30712	0.03120	0.01272	0.05767	0.22939	0.06358	0.02047	0.04237	0.04583	0.00809	0.00622	0.00195	0.00587	0.06101	0.03116	0.00881
141	0.01523	0.48180	0.02232	0.00938	0.01320	0.08948	0.00859	0.01739	0.01281	0.01670	0.01185	0.01362	0.01004	0.00581	0.00411	0.00135	0.00576	0.00400	0.24955	0.00701

[dist]
# distance from previous block
# <min> <max>
2	7

[block]
# block no. 4 follows, 38 sequences, length 21
# corresponding to MSA columns:
# 1774-1794
name=unknown_E
#
# <colnr> <probs for GDERKNQSTAVLIFYWHMCP>
#	G	D	E	R	K	N	Q	S	T	A	V	L	I	F	Y	W	H	M	C	P
0	0.01734	0.01590	0.01796	0.01430	0.01869	0.13610	0.12244	0.11139	0.23736	0.06946	0.01619	0.01658	0.01218	0.00650	0.00583	0.00170	0.00679	0.00554	0.00473	0.16303
1	0.02104	0.02177	0.01697	0.01452	0.01805	0.37563	0.01135	0.25503	0.12160	0.02373	0.01303	0.01377	0.01005	0.00704	0.00650	0.00176	0.05049	0.00486	0.00445	0.00837
2	0.01751	0.01309	0.01340	0.01151	0.01498	0.05448	0.00909	0.16134	0.37578	0.10118	0.02090	0.02009	0.01541	0.00762	0.00575	0.00185	0.00517	0.00611	0.13578	0.00897
3	0.00818	0.00614	0.00758	0.00722	0.00878	0.00553	0.00541	0.01070	0.01623	0.02224	0.58351	0.04804	0.22231	0.01300	0.00710	0.00193	0.00289	0.01131	0.00637	0.00553
4	0.00741	0.00549	0.00692	0.00786	0.00864	0.00500	0.00540	0.00873	0.01250	0.01643	0.11183	0.56974	0.17710	0.01748	0.00751	0.00231	0.00334	0.01562	0.00569	0.00500
5	0.83108	0.01163	0.00884	0.00791	0.01163	0.01350	0.00651	0.01768	0.01024	0.02699	0.00838	0.00977	0.00651	0.00558	0.00372	0.00186	0.00465	0.00326	0.00372	0.00651
6	0.01720	0.00848	0.01095	0.00912	0.01219	0.00767	0.00725	0.05592	0.01736	0.34419	0.32499	0.03394	0.10465	0.01020	0.00658	0.00189	0.00405	0.00866	0.00685	0.00785
7	0.00793	0.00567	0.00767	0.00906	0.00968	0.00541	0.00663	0.00942	0.01211	0.01603	0.03282	0.60202	0.03847	0.01828	0.00784	0.00253	0.00401	0.19379	0.00557	0.00505
8	0.74769	0.01177	0.00933	0.00835	0.01204	0.01365	0.00682	0.01914	0.08482	0.02680	0.01002	0.01107	0.00773	0.00585	0.00397	0.00188	0.00466	0.00362	0.00397	0.00682
9	0.00924	0.00560	0.00638	0.00674	0.00737	0.00550	0.00442	0.01061	0.01113	0.01688	0.04592	0.23179	0.02543	0.28035	0.01435	0.00322	0.00403	0.00992	0.29637	0.00474
10	0.00784	0.00545	0.00683	0.00773	0.00795	0.00522	0.00489	0.00851	0.01053	0.01404	0.02809	0.51862	0.03339	0.29361	0.01587	0.00365	0.00433	0.01412	0.00489	0.00444
