[name]
unknown

[dist]
# distance from previous block
# <min> <max>
6	34

[block]
# block no. 0 follows, 50 sequences, length 18
# corresponding to MSA columns:
# 40-57
name=unknown_A
#
# <colnr> <probs for GDERKNQSTAVLIFYWHMCP>
#	G	D	E	R	K	N	Q	S	T	A	V	L	I	F	Y	W	H	M	C	P
0	0.01488	0.04701	0.01664	0.25715	0.07192	0.05131	0.07308	0.30632	0.02846	0.06848	0.01089	0.01261	0.00797	0.00535	0.00496	0.00154	0.00616	0.00449	0.00362	0.00717
1	0.12781	0.01243	0.01298	0.01153	0.07671	0.06096	0.00856	0.34611	0.10042	0.02398	0.03130	0.01242	0.00945	0.00546	0.00453	0.00139	0.00499	0.00417	0.00408	0.14073
2	0.04236	0.28172	0.10794	0.01231	0.07797	0.09477	0.05431	0.06742	0.05265	0.10923	0.03144	0.01195	0.00907	0.00569	0.01961	0.00150	0.00599	0.00395	0.00318	0.00693
3	0.24454	0.07391	0.00921	0.00717	0.00898	0.03216	0.00554	0.05281	0.00922	0.06545	0.00937	0.01261	0.00799	0.01038	0.01052	0.37267	0.00435	0.00379	0.05493	0.00440
4	0.13227	0.01858	0.01349	0.01153	0.01465	0.43399	0.00901	0.27218	0.01647	0.01999	0.00903	0.00986	0.00697	0.00535	0.00447	0.00139	0.00713	0.00357	0.00345	0.00663
5	0.00895	0.00605	0.00735	0.00687	0.00831	0.00569	0.00499	0.07184	0.01224	0.06989	0.25565	0.22789	0.09617	0.13323	0.00867	0.00212	0.00334	0.00915	0.00468	0.05692
6	0.00668	0.00464	0.00623	0.00684	0.00719	0.00468	0.00463	0.00739	0.00859	0.01164	0.02105	0.44942	0.02426	0.17821	0.17898	0.05609	0.00556	0.01036	0.00375	0.00382
7	0.00852	0.00609	0.00955	0.00874	0.00973	0.00664	0.06808	0.00976	0.05780	0.01142	0.01156	0.01711	0.01064	0.02431	0.36772	0.33219	0.02854	0.00499	0.00261	0.00400
8	0.00847	0.00441	0.00643	0.00641	0.00648	0.00438	0.00426	0.00671	0.00698	0.00938	0.05437	0.01758	0.01150	0.07021	0.01908	0.74950	0.00425	0.00479	0.00241	0.00237
9	0.00630	0.00487	0.00575	0.00595	0.00709	0.00432	0.00430	0.00779	0.01171	0.01529	0.27396	0.25703	0.35235	0.01269	0.00602	0.00174	0.00257	0.01105	0.00489	0.00432
10	0.00643	0.00443	0.00581	0.00682	0.00719	0.00417	0.00462	0.00729	0.00951	0.01288	0.02626	0.69124	0.04366	0.03467	0.00719	0.03491	0.00302	0.03900	0.04690	0.00400
11	0.43571	0.01018	0.01103	0.01119	0.12512	0.01093	0.00776	0.08901	0.05336	0.18533	0.01116	0.01151	0.00804	0.00517	0.00405	0.00154	0.00440	0.00377	0.00393	0.00683
12	0.01135	0.00924	0.01013	0.00915	0.01156	0.01022	0.00717	0.10984	0.43894	0.02078	0.14700	0.05926	0.07123	0.00841	0.00541	0.00170	0.00377	0.05295	0.00505	0.00684
13	0.00609	0.00478	0.00547	0.00586	0.00694	0.00421	0.00415	0.00727	0.01081	0.01364	0.10317	0.33359	0.42694	0.03542	0.00659	0.00188	0.00271	0.01166	0.00466	0.00416
14	0.00889	0.00532	0.00691	0.00780	0.05768	0.00512	0.00495	0.00993	0.00959	0.07694	0.01973	0.32391	0.02084	0.17066	0.01010	0.05695	0.00355	0.00875	0.18792	0.00446
15	0.00712	0.00518	0.00692	0.00794	0.00886	0.00498	0.00638	0.00880	0.01080	0.01400	0.02953	0.31698	0.11768	0.01427	0.00659	0.00213	0.00377	0.41909	0.00461	0.00436
16	0.01034	0.00886	0.01034	0.00738	0.01181	0.00664	0.00591	0.01255	0.01034	0.01624	0.00886	0.01034	0.00738	0.00369	0.00369	0.00074	0.00369	0.00295	0.00295	0.85530
17	0.00658	0.00491	0.00587	0.00592	0.00691	0.00446	0.00418	0.00801	0.01152	0.01534	0.33185	0.17679	0.25478	0.13004	0.00880	0.00215	0.00286	0.01009	0.00473	0.00420

[dist]
# distance from previous block
# <min> <max>
0	4

[block]
# block no. 1 follows, 50 sequences, length 7
# corresponding to MSA columns:
# 115-121
name=unknown_B
#
# <colnr> <probs for GDERKNQSTAVLIFYWHMCP>
#	G	D	E	R	K	N	Q	S	T	A	V	L	I	F	Y	W	H	M	C	P
0	0.01085	0.00575	0.00762	0.00729	0.00888	0.00518	0.00547	0.01243	0.01208	0.23059	0.20129	0.34263	0.07779	0.01151	0.00587	0.00178	0.00318	0.03913	0.00525	0.00545
1	0.00633	0.00473	0.00581	0.00624	0.00709	0.00429	0.00437	0.00763	0.01105	0.01462	0.22613	0.39919	0.22261	0.04765	0.00693	0.00194	0.00275	0.01167	0.00478	0.00421
2	0.00695	0.00498	0.00607	0.00642	0.00724	0.00483	0.00466	0.00815	0.00970	0.01291	0.04810	0.17410	0.20345	0.20926	0.10661	0.00330	0.00472	0.11637	0.05817	0.00402
3	0.01456	0.06849	0.13720	0.05972	0.28615	0.26769	0.01294	0.01728	0.01216	0.06480	0.00926	0.01105	0.00731	0.00484	0.00466	0.00142	0.00702	0.00385	0.00265	0.00695
4	0.00678	0.00484	0.00573	0.00604	0.00698	0.00452	0.00432	0.00813	0.01049	0.01422	0.12670	0.24813	0.24792	0.09837	0.05596	0.00243	0.00355	0.03845	0.10225	0.00418
5	0.00750	0.00456	0.00603	0.00644	0.00677	0.00442	0.00437	0.00729	0.00833	0.01121	0.01941	0.25658	0.06883	0.14171	0.01410	0.32218	0.00379	0.05631	0.04689	0.00326
6	0.08686	0.00982	0.01450	0.06368	0.03145	0.01067	0.16524	0.06444	0.15703	0.05702	0.01529	0.01768	0.06069	0.04304	0.12091	0.00271	0.06373	0.00546	0.00353	0.00625

[dist]
# distance from previous block
# <min> <max>
0	3

[block]
# block no. 2 follows, 50 sequences, length 60
# corresponding to MSA columns:
# 125-184
name=unknown_C
#
# <colnr> <probs for GDERKNQSTAVLIFYWHMCP>
#	G	D	E	R	K	N	Q	S	T	A	V	L	I	F	Y	W	H	M	C	P
0	0.01304	0.01203	0.22464	0.00938	0.01322	0.00766	0.00938	0.01624	0.03330	0.28371	0.10483	0.06507	0.12809	0.00924	0.04566	0.00193	0.00502	0.00640	0.00447	0.00669
1	0.01301	0.01168	0.02216	0.12557	0.28402	0.01148	0.32242	0.01638	0.01171	0.11541	0.01091	0.01350	0.00817	0.00464	0.00534	0.00159	0.00681	0.00510	0.00293	0.00719
2	0.01119	0.01160	0.05738	0.33751	0.44066	0.02678	0.01477	0.01440	0.01082	0.01478	0.00912	0.01256	0.00729	0.00468	0.00494	0.00155	0.00634	0.00437	0.00235	0.00690
3	0.01091	0.01114	0.02685	0.01071	0.04851	0.21343	0.03559	0.01271	0.01040	0.03102	0.05143	0.03945	0.01295	0.06029	0.39641	0.00481	0.01011	0.00524	0.00291	0.00513
4	0.01227	0.00899	0.01447	0.58800	0.07107	0.01039	0.01246	0.01554	0.02901	0.17238	0.01135	0.01411	0.00807	0.00524	0.00499	0.00163	0.00605	0.00458	0.00310	0.00632
5	0.01443	0.06102	0.05496	0.21844	0.12030	0.38121	0.05050	0.01683	0.01221	0.01320	0.00835	0.01076	0.00672	0.00490	0.00469	0.00143	0.00770	0.00381	0.00242	0.00615
6	0.01256	0.03322	0.10063	0.03046	0.01818	0.09723	0.26508	0.11437	0.01283	0.01735	0.05211	0.02818	0.01032	0.00580	0.00638	0.00160	0.09854	0.00510	0.08367	0.00639
7	0.00607	0.00434	0.00578	0.00694	0.00723	0.00405	0.00463	0.00694	0.00954	0.01272	0.02747	0.82157	0.03297	0.01562	0.00636	0.00202	0.00289	0.01417	0.00463	0.00405
8	0.01439	0.01295	0.01228	0.01042	0.05487	0.19813	0.00774	0.07840	0.01278	0.09843	0.01000	0.01095	0.00779	0.00452	0.00419	0.00105	0.00528	0.00344	0.00334	0.44905
9	0.73232	0.05466	0.07176	0.00731	0.01082	0.01160	0.00664	0.01492	0.00883	0.03461	0.00732	0.00844	0.00564	0.00464	0.00326	0.00152	0.00422	0.00282	0.00301	0.00566
10	0.01234	0.01184	0.02023	0.03059	0.79373	0.01184	0.01530	0.01530	0.01135	0.01628	0.00938	0.01234	0.00790	0.00444	0.00493	0.00148	0.00592	0.00444	0.00247	0.00790
11	0.00705	0.00510	0.00666	0.00627	0.00745	0.00470	0.00470	0.00941	0.01411	0.01999	0.79110	0.03723	0.04703	0.01019	0.00588	0.00157	0.00235	0.00901	0.00549	0.00470
12	0.00702	0.00509	0.00662	0.00624	0.00743	0.00469	0.00468	0.00934	0.01403	0.01981	0.77074	0.03753	0.06750	0.01026	0.00588	0.00157	0.00236	0.00906	0.00546	0.00469
13	0.00615	0.00440	0.00585	0.00689	0.00725	0.00410	0.00463	0.00713	0.00990	0.01330	0.08762	0.75979	0.03407	0.01519	0.00632	0.00199	0.00285	0.01376	0.00469	0.00410
14	0.00592	0.00505	0.00509	0.00508	0.00675	0.00422	0.00381	0.00721	0.01143	0.01363	0.06923	0.04770	0.77287	0.01256	0.00589	0.00168	0.00252	0.01048	0.00465	0.00422
15	0.01240	0.01071	0.01127	0.01014	0.01296	0.01240	0.00789	0.02649	0.78473	0.02085	0.02029	0.01860	0.01522	0.00676	0.00507	0.00169	0.00394	0.00564	0.00507	0.00789
16	0.86003	0.00964	0.00733	0.00655	0.00964	0.01118	0.00540	0.01465	0.00848	0.02236	0.00694	0.00810	0.00540	0.00463	0.00308	0.00154	0.00386	0.00270	0.00308	0.00540
17	0.02236	0.00848	0.01157	0.00887	0.01272	0.00733	0.00733	0.02429	0.01427	0.79719	0.01966	0.01697	0.01234	0.00617	0.00501	0.00154	0.00424	0.00501	0.00617	0.00848
18	0.01895	0.01396	0.01496	0.01147	0.01546	0.01546	0.00947	0.77711	0.02344	0.03141	0.01197	0.01197	0.00848	0.00598	0.00499	0.00150	0.00548	0.00449	0.00499	0.00848
19	0.03931	0.01386	0.01477	0.01135	0.01532	0.01535	0.00938	0.75866	0.02307	0.03119	0.01185	0.01187	0.00840	0.00595	0.00494	0.00150	0.00545	0.00444	0.00494	0.00840
20	0.86003	0.00964	0.00733	0.00655	0.00964	0.01118	0.00540	0.01465	0.00848	0.02236	0.00694	0.00810	0.00540	0.00463	0.00308	0.00154	0.00386	0.00270	0.00308	0.00540
21	0.00612	0.00437	0.00582	0.00691	0.00724	0.00408	0.00463	0.00705	0.00974	0.01304	0.06038	0.78777	0.03357	0.01538	0.00634	0.00200	0.00287	0.01395	0.00466	0.00408
22	0.86003	0.00964	0.00733	0.00655	0.00964	0.01118	0.00540	0.01465	0.00848	0.02236	0.00694	0.00810	0.00540	0.00463	0.00308	0.00154	0.00386	0.00270	0.00308	0.00540
23	0.01000	0.02578	0.79900	0.01421	0.02157	0.01158	0.01842	0.01579	0.01052	0.01579	0.00895	0.01052	0.00631	0.00474	0.00474	0.00158	0.00737	0.00368	0.00210	0.00737
24	0.02101	0.01065	0.01291	0.00990	0.01380	0.01054	0.00817	0.32169	0.01789	0.49467	0.01662	0.01499	0.01081	0.00610	0.00500	0.00152	0.00473	0.00481	0.00570	0.00848
25	0.00617	0.00441	0.00590	0.00706	0.00739	0.00414	0.00480	0.00711	0.00964	0.01284	0.02742	0.78218	0.03275	0.01552	0.00639	0.00204	0.00298	0.05256	0.00463	0.00408
26	0.02170	0.00829	0.01122	0.00865	0.01237	0.00719	0.00713	0.02365	0.01407	0.75785	0.01949	0.01705	0.01236	0.00615	0.00494	0.00152	0.00414	0.00499	0.04893	0.00829
27	0.01109	0.01122	0.01524	0.01308	0.01314	0.03438	0.01087	0.01219	0.00779	0.01200	0.00657	0.01086	0.00654	0.00864	0.01607	0.00216	0.79618	0.00433	0.00219	0.00546
28	0.01151	0.00855	0.00976	0.00842	0.01070	0.00907	0.00660	0.19463	0.19355	0.04218	0.39686	0.02615	0.02914	0.00823	0.00542	0.00157	0.00350	0.00699	0.02075	0.00642
29	0.00725	0.00483	0.00544	0.00544	0.00544	0.00483	0.00302	0.00725	0.00725	0.00966	0.01571	0.03262	0.01812	0.82483	0.02537	0.00483	0.00483	0.00725	0.00302	0.00302
30	0.00715	0.00523	0.00746	0.00746	0.00817	0.00593	0.00555	0.00855	0.00785	0.01117	0.01385	0.02235	0.01366	0.20446	0.63964	0.00734	0.01154	0.00575	0.00274	0.00415
31	0.00980	0.00846	0.01311	0.21891	0.24275	0.00903	0.01060	0.06704	0.01141	0.01543	0.03719	0.26064	0.01739	0.00873	0.00551	0.00174	0.00499	0.04792	0.00344	0.00591
32	0.02202	0.00904	0.01191	0.00913	0.01300	0.00815	0.00754	0.10084	0.01520	0.71932	0.01888	0.01646	0.01195	0.00615	0.00501	0.00154	0.00437	0.00496	0.00605	0.00848
33	0.86003	0.00964	0.00733	0.00655	0.00964	0.01118	0.00540	0.01465	0.00848	0.02236	0.00694	0.00810	0.00540	0.00463	0.00308	0.00154	0.00386	0.00270	0.00308	0.00540
34	0.00995	0.00484	0.00500	0.00486	0.00616	0.00478	0.00368	0.01225	0.01065	0.05792	0.01643	0.01850	0.01275	0.00583	0.00356	0.00118	0.00242	0.00466	0.80974	0.00484
35	0.01215	0.01166	0.01990	0.07982	0.74595	0.01179	0.01521	0.01514	0.01126	0.01606	0.00934	0.01240	0.00782	0.00448	0.00494	0.00149	0.00597	0.00444	0.00245	0.00775
36	0.00688	0.00500	0.00648	0.00629	0.00739	0.00460	0.00465	0.00899	0.01342	0.01878	0.66168	0.13404	0.08118	0.01097	0.00594	0.00163	0.00243	0.00972	0.00534	0.00460
37	0.00629	0.00501	0.00564	0.00559	0.00701	0.00436	0.00415	0.00789	0.01215	0.01560	0.29713	0.09925	0.48826	0.01202	0.00592	0.00167	0.00249	0.01027	0.00492	0.00436
38	0.00607	0.00436	0.00576	0.00689	0.00722	0.00405	0.00460	0.00695	0.00959	0.01275	0.02812	0.79976	0.05436	0.01553	0.00635	0.00201	0.00288	0.01407	0.00463	0.00405
39	0.02236	0.00848	0.01157	0.00887	0.01272	0.00733	0.00733	0.02429	0.01427	0.79719	0.01966	0.01697	0.01234	0.00617	0.00501	0.00154	0.00424	0.00501	0.00617	0.00848
40	0.02236	0.00848	0.01157	0.00887	0.01272	0.00733	0.00733	0.02429	0.01427	0.79719	0.01966	0.01697	0.01234	0.00617	0.00501	0.00154	0.00424	0.00501	0.00617	0.00848
41	0.00941	0.00886	0.01495	0.81285	0.03433	0.01107	0.01384	0.01274	0.00997	0.01274	0.00886	0.01329	0.00664	0.00498	0.00498	0.00166	0.00664	0.00443	0.00221	0.00554
42	0.00941	0.00886	0.01495	0.81285	0.03433	0.01107	0.01384	0.01274	0.00997	0.01274	0.00886	0.01329	0.00664	0.00498	0.00498	0.00166	0.00664	0.00443	0.00221	0.00554
43	0.01035	0.00930	0.01314	0.01637	0.28949	0.02300	0.03032	0.01552	0.19588	0.01741	0.16228	0.10808	0.07205	0.00782	0.00538	0.00162	0.00435	0.00705	0.00403	0.00657
44	0.01097	0.16749	0.39645	0.01467	0.02048	0.01297	0.22548	0.01531	0.01079	0.01502	0.00967	0.02888	0.00775	0.00491	0.00484	0.00152	0.00706	0.02106	0.00235	0.02233
45	0.01000	0.02578	0.79900	0.01421	0.02157	0.01158	0.01842	0.01579	0.01052	0.01579	0.00895	0.01052	0.00631	0.00474	0.00474	0.00158	0.00737	0.00368	0.00210	0.00737
46	0.00607	0.00434	0.00578	0.00694	0.00723	0.00405	0.00463	0.00694	0.00954	0.01272	0.02747	0.82157	0.03297	0.01562	0.00636	0.00202	0.00289	0.01417	0.00463	0.00405
47	0.01018	0.06867	0.75768	0.01390	0.02110	0.01201	0.01789	0.01574	0.01050	0.01557	0.00884	0.01039	0.00632	0.00471	0.00465	0.00155	0.00726	0.00363	0.00211	0.00731
48	0.00941	0.00886	0.01495	0.81285	0.03433	0.01107	0.01384	0.01274	0.00997	0.01274	0.00886	0.01329	0.00664	0.00498	0.00498	0.00166	0.00664	0.00443	0.00221	0.00554
49	0.00705	0.00510	0.00666	0.00627	0.00745	0.00470	0.00470	0.00941	0.01411	0.01999	0.79110	0.03723	0.04703	0.01019	0.00588	0.00157	0.00235	0.00901	0.00549	0.00470
50	0.01122	0.01070	0.01821	0.33069	0.50241	0.01155	0.01474	0.01431	0.01082	0.01492	0.00918	0.01270	0.00742	0.00465	0.00495	0.00155	0.00620	0.00444	0.00237	0.00699
51	0.01334	0.01296	0.01864	0.02615	0.61200	0.08282	0.01383	0.06670	0.07297	0.01727	0.01025	0.01250	0.00838	0.00479	0.00491	0.00148	0.00601	0.00443	0.00285	0.00774
52	0.01324	0.80620	0.04696	0.00868	0.01303	0.01950	0.00880	0.01495	0.01014	0.01184	0.00698	0.00806	0.00639	0.00428	0.00324	0.00108	0.00539	0.00269	0.00213	0.00642
53	0.00607	0.00434	0.00578	0.00694	0.00723	0.00405	0.00463	0.00694	0.00954	0.01272	0.02747	0.82157	0.03297	0.01562	0.00636	0.00202	0.00289	0.01417	0.00463	0.00405
54	0.00623	0.00445	0.00596	0.00712	0.00748	0.00418	0.00490	0.00721	0.00970	0.01290	0.02739	0.76056	0.03263	0.01547	0.00640	0.00205	0.00303	0.07364	0.00462	0.00409
55	0.06081	0.03500	0.20411	0.01092	0.03062	0.00965	0.03115	0.07708	0.02477	0.39982	0.01541	0.05481	0.01093	0.00607	0.00489	0.00156	0.00518	0.00495	0.00455	0.00770
56	0.00656	0.00482	0.00620	0.00708	0.00767	0.00461	0.00494	0.00829	0.04922	0.01379	0.08069	0.64686	0.07138	0.01454	0.00627	0.00197	0.00298	0.05309	0.00471	0.00432
57	0.01185	0.37074	0.12010	0.01123	0.01404	0.01675	0.01082	0.01376	0.00910	0.01236	0.00702	0.00958	0.00645	0.00626	0.00911	0.00162	0.35742	0.00353	0.00215	0.00611
58	0.01164	0.00766	0.00911	0.00790	0.01017	0.00763	0.00616	0.11475	0.12900	0.13544	0.33974	0.07272	0.08289	0.00881	0.00547	0.00158	0.00336	0.00754	0.00527	0.03315
59	0.07970	0.21747	0.06307	0.00960	0.01280	0.01335	0.02306	0.03746	0.30564	0.01794	0.11244	0.01629	0.01494	0.00631	0.00514	0.00152	0.04782	0.00487	0.00384	0.00674

[dist]
# distance from previous block
# <min> <max>
0	2

[block]
# block no. 3 follows, 50 sequences, length 154
# corresponding to MSA columns:
# 187-340
name=unknown_D
#
# <colnr> <probs for GDERKNQSTAVLIFYWHMCP>
#	G	D	E	R	K	N	Q	S	T	A	V	L	I	F	Y	W	H	M	C	P
0	0.00963	0.00798	0.00937	0.00742	0.01067	0.00682	0.00581	0.01345	0.11323	0.01796	0.24277	0.01941	0.02019	0.00603	0.00452	0.00111	0.00333	0.00511	0.00398	0.49121
1	0.01721	0.00978	0.01163	0.02495	0.01336	0.01016	0.00781	0.05636	0.38275	0.37942	0.01944	0.01747	0.01344	0.00642	0.00504	0.00161	0.00420	0.00528	0.00552	0.00814
2	0.00878	0.00770	0.01089	0.00990	0.01047	0.00986	0.00792	0.01017	0.00788	0.01176	0.01058	0.01662	0.01026	0.07827	0.40310	0.00517	0.34209	0.00499	0.00250	0.03107
3	0.01105	0.00928	0.01072	0.00772	0.01211	0.00737	0.00620	0.07561	0.01142	0.01749	0.00912	0.01047	0.00747	0.00388	0.00380	0.00080	0.00384	0.00308	0.00312	0.78545
4	0.01034	0.00886	0.01034	0.00738	0.01181	0.00664	0.00591	0.01255	0.01034	0.01624	0.00886	0.01034	0.00738	0.00369	0.00369	0.00074	0.00369	0.00295	0.00295	0.85530
5	0.00991	0.00799	0.00880	0.00792	0.01008	0.00845	0.00613	0.08994	0.29500	0.02001	0.27545	0.03029	0.19167	0.00906	0.00550	0.00163	0.00327	0.00767	0.00510	0.00612
6	0.00656	0.00508	0.00598	0.00575	0.00714	0.00449	0.00431	0.00845	0.01294	0.01722	0.47629	0.04180	0.36358	0.01122	0.00588	0.00162	0.00243	0.00965	0.00512	0.00449
7	0.00633	0.00459	0.00603	0.00705	0.00758	0.00429	0.00499	0.00744	0.01004	0.01323	0.04768	0.64583	0.09318	0.01502	0.00638	0.00202	0.00306	0.10649	0.00464	0.00414
8	0.04218	0.01040	0.01515	0.01172	0.04757	0.00925	0.16019	0.09649	0.01267	0.15359	0.01127	0.01229	0.00835	0.00453	0.00453	0.00120	0.00501	0.00411	0.00363	0.38589
9	0.00607	0.00436	0.00576	0.00687	0.00721	0.00405	0.00460	0.00695	0.00961	0.01275	0.02830	0.79372	0.06029	0.01551	0.00635	0.00201	0.00288	0.01404	0.00463	0.00405
10	0.01333	0.82783	0.02612	0.00853	0.01279	0.01972	0.00853	0.01493	0.01013	0.01173	0.00693	0.00800	0.00640	0.00426	0.00320	0.00107	0.00533	0.00267	0.00213	0.00640
11	0.00612	0.00438	0.00583	0.00691	0.00724	0.00408	0.00463	0.00707	0.00978	0.01310	0.06733	0.78063	0.03370	0.01533	0.00634	0.00200	0.00286	0.01390	0.00467	0.00408
12	0.02016	0.01103	0.01302	0.01009	0.01393	0.01123	0.00830	0.35173	0.07405	0.40806	0.01636	0.01491	0.01087	0.00613	0.00501	0.00153	0.00476	0.00483	0.00558	0.00844
13	0.01184	0.40291	0.41061	0.01149	0.01725	0.04059	0.01349	0.01551	0.01045	0.01376	0.00796	0.00929	0.00636	0.00453	0.00400	0.00133	0.00646	0.00319	0.00213	0.00686
14	0.00606	0.00440	0.00572	0.00678	0.00719	0.00406	0.00456	0.00696	0.00969	0.01279	0.02937	0.75776	0.09555	0.01537	0.00632	0.00200	0.00286	0.01387	0.00463	0.00406
15	0.01816	0.02289	0.01457	0.01413	0.07194	0.74722	0.01004	0.01957	0.01392	0.01250	0.00783	0.00923	0.00653	0.00509	0.00453	0.00130	0.00877	0.00330	0.00256	0.00593
16	0.01811	0.06932	0.06994	0.01101	0.01517	0.01411	0.00964	0.52169	0.05897	0.14232	0.01298	0.01268	0.00910	0.00585	0.00486	0.00149	0.00534	0.00444	0.00477	0.00823
17	0.00629	0.00519	0.00581	0.00600	0.00733	0.00471	0.00453	0.00758	0.01099	0.01354	0.05997	0.17937	0.55890	0.01303	0.00642	0.00180	0.03202	0.06769	0.00456	0.00427
18	0.02517	0.00978	0.01161	0.00872	0.01282	0.02290	0.04092	0.05887	0.10345	0.06969	0.02322	0.01235	0.00928	0.00452	0.00415	0.00103	0.00415	0.00372	0.00355	0.57010
19	0.15499	0.11572	0.24136	0.04616	0.03769	0.08171	0.04374	0.01740	0.07181	0.11052	0.01138	0.01218	0.02450	0.00518	0.00440	0.00150	0.00590	0.00396	0.00312	0.00680
20	0.00949	0.00794	0.01200	0.01657	0.35370	0.00793	0.00848	0.01086	0.00922	0.01284	0.03154	0.02377	0.01430	0.44286	0.01587	0.00327	0.00525	0.00605	0.00284	0.00521
21	0.03537	0.00610	0.00795	0.00695	0.00888	0.00557	0.00540	0.01341	0.01399	0.22152	0.56875	0.03115	0.03685	0.00899	0.00557	0.00156	0.00288	0.00780	0.00560	0.00570
22	0.01271	0.01366	0.07096	0.01777	0.15128	0.06966	0.26872	0.04199	0.20275	0.03599	0.01284	0.03347	0.01007	0.00548	0.00561	0.00163	0.02958	0.00533	0.00332	0.00718
23	0.01226	0.05002	0.15439	0.27804	0.14632	0.03774	0.07701	0.14084	0.02504	0.01725	0.00963	0.01216	0.00728	0.00496	0.00491	0.00155	0.00658	0.00433	0.00277	0.00690
24	0.01145	0.00628	0.00812	0.00715	0.00917	0.00574	0.00560	0.01406	0.04536	0.23463	0.45306	0.03248	0.10114	0.00928	0.00564	0.00160	0.00304	0.03481	0.00555	0.00583
25	0.00632	0.00557	0.04717	0.00711	0.00794	0.00449	0.00527	0.00756	0.01002	0.01336	0.07124	0.66360	0.10287	0.01447	0.00621	0.00194	0.00306	0.01300	0.00454	0.00427
26	0.12223	0.09286	0.30086	0.01216	0.05687	0.03067	0.02656	0.07790	0.01230	0.20491	0.01133	0.01175	0.00793	0.00510	0.00449	0.00150	0.00581	0.00392	0.00347	0.00736
27	0.00638	0.00507	0.00572	0.00556	0.00703	0.00441	0.00417	0.00809	0.01251	0.01619	0.35938	0.04349	0.48113	0.01161	0.00589	0.00163	0.00245	0.00989	0.00499	0.00441
28	0.00899	0.00801	0.01125	0.01018	0.01052	0.01049	0.00813	0.01021	0.00773	0.01154	0.01030	0.01695	0.01026	0.12144	0.32073	0.00475	0.40617	0.00510	0.00247	0.00476
29	0.42641	0.01648	0.01061	0.00961	0.01240	0.40197	0.00744	0.01717	0.01131	0.01727	0.00753	0.00877	0.00607	0.00490	0.00379	0.00141	0.00635	0.00299	0.02195	0.00557
30	0.14032	0.01148	0.02062	0.01527	0.01927	0.01140	0.40916	0.01735	0.01148	0.19985	0.01153	0.01324	0.00827	0.00515	0.00624	0.00167	0.08239	0.00506	0.00343	0.00682
31	0.00631	0.00507	0.00562	0.00548	0.00699	0.00438	0.00411	0.00796	0.01234	0.01579	0.31413	0.04415	0.52663	0.01176	0.00589	0.00164	0.00246	0.00998	0.00493	0.00438
32	0.01333	0.82783	0.02612	0.00853	0.01279	0.01972	0.00853	0.01493	0.01013	0.01173	0.00693	0.00800	0.00640	0.00426	0.00320	0.00107	0.00533	0.00267	0.00213	0.00640
33	0.00595	0.00505	0.00513	0.00511	0.00677	0.00423	0.00383	0.00727	0.01150	0.01381	0.08915	0.04741	0.75284	0.01250	0.00589	0.00168	0.00252	0.01044	0.00467	0.00423
34	0.00607	0.00436	0.00576	0.00687	0.00721	0.00405	0.00460	0.00695	0.00961	0.01275	0.02830	0.79372	0.06029	0.01551	0.00635	0.00201	0.00288	0.01404	0.00463	0.00405
35	0.00643	0.00507	0.00580	0.00562	0.00707	0.00444	0.00421	0.00820	0.01264	0.01651	0.39590	0.04296	0.44441	0.01149	0.00589	0.00163	0.00244	0.00982	0.00503	0.00444
36	0.01862	0.02376	0.01413	0.01284	0.01541	0.80482	0.00963	0.01990	0.01413	0.01220	0.00770	0.00899	0.00642	0.00514	0.00449	0.00128	0.00899	0.00321	0.00257	0.00578
37	0.01862	0.02376	0.01413	0.01284	0.01541	0.80482	0.00963	0.01990	0.01413	0.01220	0.00770	0.00899	0.00642	0.00514	0.00449	0.00128	0.00899	0.00321	0.00257	0.00578
38	0.78615	0.00954	0.00770	0.00676	0.00991	0.01084	0.00557	0.01550	0.00899	0.09071	0.00806	0.00888	0.00601	0.00476	0.00325	0.00154	0.00389	0.00290	0.00336	0.00567
39	0.86003	0.00964	0.00733	0.00655	0.00964	0.01118	0.00540	0.01465	0.00848	0.02236	0.00694	0.00810	0.00540	0.00463	0.00308	0.00154	0.00386	0.00270	0.00308	0.00540
40	0.00589	0.00505	0.00505	0.00505	0.00673	0.00421	0.00379	0.00715	0.01136	0.01347	0.05049	0.04797	0.79171	0.01262	0.00589	0.00168	0.00252	0.01052	0.00463	0.00421
41	0.03645	0.01387	0.01480	0.01137	0.01534	0.01537	0.00939	0.76125	0.02312	0.03123	0.01186	0.01189	0.00841	0.00596	0.00495	0.00150	0.00545	0.00445	0.00495	0.00841
42	0.00705	0.00510	0.00666	0.00627	0.00745	0.00470	0.00470	0.00941	0.01411	0.01999	0.79110	0.03723	0.04703	0.01019	0.00588	0.00157	0.00235	0.00901	0.00549	0.00470
43	0.00941	0.00886	0.01495	0.81285	0.03433	0.01107	0.01384	0.01274	0.00997	0.01274	0.00886	0.01329	0.00664	0.00498	0.00498	0.00166	0.00664	0.00443	0.00221	0.00554
44	0.21821	0.00989	0.01127	0.00886	0.01257	0.00991	0.00732	0.17793	0.01481	0.45679	0.01508	0.01385	0.00991	0.00577	0.00455	0.00153	0.00441	0.00436	0.00520	0.00776
45	0.04391	0.51912	0.12417	0.00987	0.01416	0.11018	0.00978	0.01673	0.08553	0.01358	0.00858	0.00947	0.00721	0.00468	0.00373	0.00124	0.00584	0.00315	0.00250	0.00656
46	0.01544	0.00688	0.00907	0.00748	0.01013	0.00609	0.00598	0.01751	0.01377	0.43853	0.27939	0.02523	0.05765	0.00777	0.00521	0.00153	0.00338	0.00656	0.07568	0.00671
47	0.01098	0.00640	0.02999	0.00717	0.00913	0.00531	0.00560	0.01251	0.01176	0.24317	0.08583	0.30499	0.22454	0.01137	0.00576	0.00175	0.00328	0.00987	0.00507	0.00553
48	0.01843	0.01434	0.01470	0.01218	0.04746	0.09095	0.00953	0.58874	0.06650	0.06828	0.01234	0.01235	0.00885	0.00589	0.00494	0.00149	0.00569	0.00446	0.00471	0.00816
49	0.01280	0.01076	0.01146	0.01022	0.01307	0.01235	0.00805	0.09827	0.67071	0.02156	0.01980	0.01992	0.01527	0.00705	0.00516	0.00170	0.00413	0.04491	0.00504	0.00777
50	0.04737	0.03253	0.01263	0.01054	0.06933	0.00876	0.00801	0.06107	0.04752	0.62149	0.01779	0.01591	0.01156	0.00596	0.00490	0.00153	0.00443	0.00483	0.00558	0.00826
51	0.00669	0.00511	0.00619	0.00629	0.00746	0.00469	0.00464	0.00876	0.03602	0.01630	0.35193	0.21597	0.26038	0.01214	0.00600	0.00173	0.00265	0.03755	0.00500	0.00451
52	0.01333	0.82783	0.02612	0.00853	0.01279	0.01972	0.00853	0.01493	0.01013	0.01173	0.00693	0.00800	0.00640	0.00426	0.00320	0.00107	0.00533	0.00267	0.00213	0.00640
53	0.00695	0.00505	0.00654	0.00625	0.00740	0.00465	0.00466	0.00917	0.01374	0.01930	0.71657	0.07867	0.08117	0.01059	0.00590	0.00160	0.00239	0.00935	0.00540	0.00465
54	0.01333	0.82783	0.02612	0.00853	0.01279	0.01972	0.00853	0.01493	0.01013	0.01173	0.00693	0.00800	0.00640	0.00426	0.00320	0.00107	0.00533	0.00267	0.00213	0.00640
55	0.00609	0.00467	0.00559	0.00618	0.00707	0.00417	0.00432	0.00724	0.01062	0.01364	0.10394	0.46628	0.31422	0.01403	0.00615	0.00186	0.00271	0.01236	0.00470	0.00417
56	0.01162	0.01123	0.01947	0.21364	0.57548	0.01170	0.05464	0.01473	0.01105	0.01543	0.00929	0.01262	0.00758	0.00456	0.00500	0.00153	0.00622	0.00451	0.00241	0.00728
57	0.00651	0.00502	0.00595	0.00582	0.00714	0.00446	0.00433	0.00832	0.01268	0.01684	0.43815	0.09509	0.34859	0.01155	0.00592	0.00165	0.00246	0.00998	0.00508	0.00446
58	0.00803	0.00574	0.00803	0.00918	0.01033	0.00574	0.00803	0.01033	0.01147	0.01492	0.02639	0.05622	0.02869	0.01377	0.00688	0.00229	0.00459	0.76018	0.00459	0.00459
59	0.00736	0.00557	0.00689	0.00714	0.00815	0.00552	0.00512	0.01072	0.12647	0.01650	0.29560	0.41061	0.05050	0.01233	0.00599	0.00181	0.00285	0.01101	0.00500	0.00485
60	0.00728	0.00533	0.00685	0.00643	0.00768	0.00502	0.00484	0.01011	0.04609	0.02002	0.75912	0.03646	0.04571	0.01005	0.00585	0.00157	0.00242	0.00887	0.00547	0.00484
61	0.01862	0.02376	0.01413	0.01284	0.01541	0.80482	0.00963	0.01990	0.01413	0.01220	0.00770	0.00899	0.00642	0.00514	0.00449	0.00128	0.00899	0.00321	0.00257	0.00578
62	0.00712	0.00534	0.00801	0.00801	0.00890	0.00623	0.00623	0.00890	0.00801	0.01157	0.01335	0.01958	0.01246	0.03738	0.80507	0.00801	0.01335	0.00534	0.00267	0.00445
63	0.00725	0.00483	0.00544	0.00544	0.00544	0.00483	0.00302	0.00725	0.00725	0.00966	0.01571	0.03262	0.01812	0.82483	0.02537	0.00483	0.00483	0.00725	0.00302	0.00302
64	0.86003	0.00964	0.00733	0.00655	0.00964	0.01118	0.00540	0.01465	0.00848	0.02236	0.00694	0.00810	0.00540	0.00463	0.00308	0.00154	0.00386	0.00270	0.00308	0.00540
65	0.02813	0.01201	0.01271	0.01063	0.01393	0.01362	0.00850	0.33155	0.46318	0.02517	0.01670	0.01574	0.01232	0.00641	0.00501	0.00161	0.00457	0.00512	0.00501	0.00809
66	0.00696	0.00509	0.00653	0.00617	0.00739	0.00466	0.00463	0.00922	0.01388	0.01944	0.72893	0.03813	0.10954	0.01039	0.00588	0.00158	0.00237	0.00914	0.00541	0.00466
67	0.02236	0.00848	0.01157	0.00887	0.01272	0.00733	0.00733	0.02429	0.01427	0.79719	0.01966	0.01697	0.01234	0.00617	0.00501	0.00154	0.00424	0.00501	0.00617	0.00848
68	0.00637	0.00459	0.00609	0.00719	0.00768	0.00432	0.00511	0.00748	0.00994	0.01310	0.02853	0.66158	0.07282	0.01517	0.00642	0.00205	0.00314	0.12966	0.00462	0.00414
69	0.01294	0.01098	0.01157	0.01025	0.01317	0.01265	0.00802	0.08840	0.72193	0.02172	0.01960	0.01805	0.01466	0.00670	0.00506	0.00167	0.00407	0.00554	0.00506	0.00794
70	0.01234	0.01184	0.02023	0.03059	0.79373	0.01184	0.01530	0.01530	0.01135	0.01628	0.00938	0.01234	0.00790	0.00444	0.00493	0.00148	0.00592	0.00444	0.00247	0.00790
71	0.02222	0.00871	0.01171	0.00898	0.01284	0.00766	0.00742	0.05553	0.01465	0.76541	0.01935	0.01676	0.01218	0.00616	0.00501	0.00154	0.00429	0.00499	0.00612	0.00848
72	0.00721	0.00467	0.00543	0.00579	0.00673	0.00436	0.00413	0.00883	0.01084	0.01581	0.14383	0.31523	0.15873	0.01117	0.00530	0.00162	0.00257	0.00974	0.27364	0.00436
73	0.00607	0.00435	0.00577	0.00691	0.00722	0.00405	0.00461	0.00694	0.00957	0.01274	0.02787	0.80816	0.04612	0.01556	0.00635	0.00202	0.00289	0.01411	0.00463	0.00405
74	0.01041	0.00910	0.01133	0.00809	0.01256	0.00696	0.04608	0.01273	0.01041	0.01623	0.00892	0.01050	0.00739	0.00372	0.00381	0.00079	0.00394	0.00311	0.00293	0.81101
75	0.01893	0.01447	0.01492	0.01154	0.01545	0.05666	0.00948	0.73759	0.02295	0.03041	0.01174	0.01181	0.00837	0.00594	0.00496	0.00148	0.00567	0.00442	0.00486	0.00834
76	0.00803	0.00574	0.00803	0.00918	0.01033	0.00574	0.00803	0.01033	0.01147	0.01492	0.02639	0.05622	0.02869	0.01377	0.00688	0.00229	0.00459	0.76018	0.00459	0.00459
77	0.00677	0.00513	0.00632	0.00646	0.00772	0.00468	0.00501	0.00863	0.01235	0.01633	0.34624	0.11116	0.28350	0.01210	0.00611	0.00178	0.00286	0.14741	0.00497	0.00447
78	0.01474	0.01162	0.05063	0.02419	0.54379	0.01072	0.03513	0.01759	0.01206	0.21222	0.01196	0.01345	0.00894	0.00488	0.00497	0.00151	0.00563	0.00459	0.00338	0.00799
79	0.00949	0.00894	0.01509	0.79153	0.05503	0.01110	0.01388	0.01281	0.01000	0.01283	0.00887	0.01326	0.00668	0.00497	0.00498	0.00166	0.00662	0.00443	0.00222	0.00560
80	0.14379	0.01218	0.01955	0.08107	0.41433	0.04844	0.17823	0.01537	0.01102	0.01671	0.00904	0.01183	0.00728	0.00449	0.00484	0.00154	0.00633	0.00443	0.00256	0.00698
81	0.01406	0.01852	0.31213	0.01412	0.06160	0.05888	0.06185	0.27920	0.09307	0.02151	0.01115	0.01203	0.00813	0.00534	0.00493	0.00155	0.00645	0.00431	0.00347	0.00770
82	0.86003	0.00964	0.00733	0.00655	0.00964	0.01118	0.00540	0.01465	0.00848	0.02236	0.00694	0.00810	0.00540	0.00463	0.00308	0.00154	0.00386	0.00270	0.00308	0.00540
83	0.01025	0.01000	0.01513	0.36637	0.02247	0.01341	0.01220	0.01232	0.00866	0.01232	0.00757	0.01196	0.00659	0.00707	0.01133	0.00195	0.45831	0.00439	0.00220	0.00549
84	0.00603	0.00505	0.00521	0.00518	0.00678	0.00427	0.00386	0.00737	0.01154	0.01402	0.12193	0.04660	0.70306	0.02928	0.00630	0.00174	0.00256	0.01030	0.00468	0.00423
85	0.00819	0.00478	0.00542	0.00538	0.00649	0.00461	0.00399	0.01038	0.01163	0.01844	0.27645	0.08794	0.04985	0.00824	0.00458	0.00138	0.00238	0.00702	0.47825	0.00461
86	0.00906	0.00563	0.00606	0.00573	0.00651	0.00577	0.00379	0.08155	0.00989	0.01482	0.01554	0.02579	0.01535	0.46305	0.01584	0.00324	0.00402	0.00608	0.29814	0.00410
87	0.00613	0.00506	0.00539	0.00530	0.00688	0.00431	0.00398	0.00762	0.01194	0.01483	0.20533	0.04573	0.63603	0.01211	0.00589	0.00166	0.00249	0.01020	0.00481	0.00431
88	0.04496	0.01383	0.01472	0.01132	0.01528	0.01533	0.00935	0.75354	0.02297	0.03113	0.01181	0.01185	0.00838	0.00594	0.00493	0.00150	0.00543	0.00443	0.00493	0.00838
89	0.01895	0.01396	0.01496	0.01147	0.01546	0.01546	0.00947	0.77711	0.02344	0.03141	0.01197	0.01197	0.00848	0.00598	0.00499	0.00150	0.00548	0.00449	0.00499	0.00848
90	0.00702	0.00509	0.00661	0.00623	0.00742	0.00469	0.00467	0.00933	0.01402	0.01978	0.76759	0.03757	0.07068	0.01027	0.00588	0.00157	0.00236	0.00906	0.00546	0.00469
91	0.01176	0.01345	0.02941	0.02101	0.02605	0.01261	0.77563	0.01597	0.01176	0.01597	0.01008	0.01345	0.00756	0.00420	0.00588	0.00168	0.00840	0.00588	0.00252	0.00672
92	0.86003	0.00964	0.00733	0.00655	0.00964	0.01118	0.00540	0.01465	0.00848	0.02236	0.00694	0.00810	0.00540	0.00463	0.00308	0.00154	0.00386	0.00270	0.00308	0.00540
93	0.01234	0.01184	0.02023	0.03059	0.79373	0.01184	0.01530	0.01530	0.01135	0.01628	0.00938	0.01234	0.00790	0.00444	0.00493	0.00148	0.00592	0.00444	0.00247	0.00790
94	0.00711	0.00485	0.00540	0.00540	0.00557	0.00477	0.00310	0.00724	0.00766	0.01005	0.01920	0.03416	0.09587	0.74320	0.02341	0.00452	0.00460	0.00758	0.00318	0.00314
95	0.02181	0.00938	0.01212	0.00929	0.01317	0.00865	0.00768	0.14717	0.01576	0.67219	0.01841	0.01615	0.01171	0.00614	0.00501	0.00153	0.00444	0.00493	0.00598	0.00848
96	0.00594	0.00486	0.00524	0.00555	0.00686	0.00417	0.00401	0.00710	0.01088	0.01327	0.04437	0.25367	0.58996	0.01342	0.00602	0.00177	0.00262	0.01149	0.00463	0.00417
97	0.01034	0.00886	0.01034	0.00738	0.01181	0.00664	0.00591	0.01255	0.01034	0.01624	0.00886	0.01034	0.00738	0.00369	0.00369	0.00074	0.00369	0.00295	0.00295	0.85530
98	0.01030	0.01044	0.01834	0.01454	0.01646	0.01217	0.27257	0.01258	0.00913	0.01321	0.00944	0.01416	0.00844	0.03291	0.18183	0.00332	0.34695	0.00516	0.00242	0.00562
99	0.00941	0.00886	0.01495	0.81285	0.03433	0.01107	0.01384	0.01274	0.00997	0.01274	0.00886	0.01329	0.00664	0.00498	0.00498	0.00166	0.00664	0.00443	0.00221	0.00554
100	0.02016	0.01202	0.01376	0.01055	0.01449	0.01258	0.00871	0.51039	0.02019	0.30272	0.01469	0.01374	0.00984	0.00605	0.00500	0.00151	0.00504	0.00467	0.00541	0.00848
101	0.02212	0.00887	0.01181	0.00905	0.01292	0.00790	0.00748	0.07731	0.01491	0.74326	0.01912	0.01661	0.01207	0.00616	0.00501	0.00154	0.00433	0.00498	0.00609	0.00848
102	0.00712	0.00534	0.00801	0.00801	0.00890	0.00623	0.00623	0.00890	0.00801	0.01157	0.01335	0.01958	0.01246	0.03738	0.80507	0.00801	0.01335	0.00534	0.00267	0.00445
103	0.08852	0.01278	0.01373	0.01062	0.01447	0.01395	0.00877	0.61205	0.02088	0.11837	0.01252	0.01236	0.00875	0.00589	0.00480	0.00150	0.00514	0.00440	0.02235	0.00814
104	0.02236	0.00848	0.01157	0.00887	0.01272	0.00733	0.00733	0.02429	0.01427	0.79719	0.01966	0.01697	0.01234	0.00617	0.00501	0.00154	0.00424	0.00501	0.00617	0.00848
105	0.01895	0.01396	0.01496	0.01147	0.01546	0.01546	0.00947	0.77711	0.02344	0.03141	0.01197	0.01197	0.00848	0.00598	0.00499	0.00150	0.00548	0.00449	0.00499	0.00848
106	0.01234	0.01184	0.02023	0.03059	0.79373	0.01184	0.01530	0.01530	0.01135	0.01628	0.00938	0.01234	0.00790	0.00444	0.00493	0.00148	0.00592	0.00444	0.00247	0.00790
107	0.01091	0.01091	0.01527	0.01309	0.01309	0.01527	0.01091	0.01200	0.00763	0.01200	0.00654	0.01091	0.00654	0.00872	0.01636	0.00218	0.81570	0.00436	0.00218	0.00545
108	0.02236	0.00848	0.01157	0.00887	0.01272	0.00733	0.00733	0.02429	0.01427	0.79719	0.01966	0.01697	0.01234	0.00617	0.00501	0.00154	0.00424	0.00501	0.00617	0.00848
109	0.00665	0.00499	0.00702	0.00772	0.00845	0.00469	0.03282	0.00797	0.01022	0.01349	0.04955	0.58202	0.07883	0.01453	0.00640	0.00203	0.00336	0.15042	0.00457	0.00427
110	0.01176	0.01345	0.02941	0.02101	0.02605	0.01261	0.77563	0.01597	0.01176	0.01597	0.01008	0.01345	0.00756	0.00420	0.00588	0.00168	0.00840	0.00588	0.00252	0.00672
111	0.02236	0.00848	0.01157	0.00887	0.01272	0.00733	0.00733	0.02429	0.01427	0.79719	0.01966	0.01697	0.01234	0.00617	0.00501	0.00154	0.00424	0.00501	0.00617	0.00848
112	0.00725	0.00483	0.00544	0.00544	0.00544	0.00483	0.00302	0.00725	0.00725	0.00966	0.01571	0.03262	0.01812	0.82483	0.02537	0.00483	0.00483	0.00725	0.00302	0.00302
113	0.01638	0.00791	0.00935	0.00761	0.01039	0.00771	0.00614	0.15676	0.01438	0.33784	0.01686	0.01671	0.01181	0.00599	0.00438	0.00138	0.00368	0.00477	0.35303	0.00691
114	0.01333	0.82783	0.02612	0.00853	0.01279	0.01972	0.00853	0.01493	0.01013	0.01173	0.00693	0.00800	0.00640	0.00426	0.00320	0.00107	0.00533	0.00267	0.00213	0.00640
115	0.01907	0.01377	0.01484	0.01138	0.01536	0.01517	0.00940	0.75075	0.02311	0.05823	0.01224	0.01214	0.00861	0.00599	0.00499	0.00150	0.00544	0.00451	0.00503	0.00848
116	0.00607	0.00434	0.00578	0.00694	0.00723	0.00405	0.00463	0.00694	0.00954	0.01272	0.02747	0.82157	0.03297	0.01562	0.00636	0.00202	0.00289	0.01417	0.00463	0.00405
117	0.00941	0.00886	0.01495	0.81285	0.03433	0.01107	0.01384	0.01274	0.00997	0.01274	0.00886	0.01329	0.00664	0.00498	0.00498	0.00166	0.00664	0.00443	0.00221	0.00554
118	0.02197	0.00911	0.01195	0.00916	0.01304	0.00825	0.00757	0.11007	0.01531	0.70993	0.01879	0.01640	0.01190	0.00615	0.00501	0.00154	0.00438	0.00495	0.00603	0.00848
119	0.01000	0.02578	0.79900	0.01421	0.02157	0.01158	0.01842	0.01579	0.01052	0.01579	0.00895	0.01052	0.00631	0.00474	0.00474	0.00158	0.00737	0.00368	0.00210	0.00737
120	0.00725	0.00524	0.00694	0.00691	0.00809	0.00493	0.00544	0.00956	0.01344	0.01867	0.59825	0.04184	0.06079	0.01107	0.00611	0.00174	0.00287	0.18095	0.00526	0.00467
121	0.02174	0.04289	0.01242	0.00905	0.01293	0.00844	0.00754	0.07968	0.01477	0.70786	0.01857	0.01622	0.01181	0.00608	0.00494	0.00152	0.00438	0.00488	0.00591	0.00840
122	0.01572	0.04786	0.12623	0.01726	0.22280	0.30985	0.01223	0.13280	0.01415	0.04161	0.00932	0.01076	0.00730	0.00503	0.00469	0.00141	0.00713	0.00383	0.00294	0.00708
123	0.01269	0.20385	0.02066	0.02163	0.43727	0.05797	0.02430	0.01497	0.01066	0.01433	0.00829	0.01093	0.00725	0.00509	0.00625	0.00148	0.12902	0.00397	0.00235	0.00704
124	0.18738	0.02007	0.01301	0.01214	0.04148	0.58246	0.00897	0.05249	0.01331	0.01524	0.00780	0.00906	0.00636	0.00505	0.00425	0.00135	0.00769	0.00321	0.00278	0.00590
125	0.00628	0.00504	0.00561	0.00558	0.00703	0.00437	0.00417	0.00786	0.01208	0.01538	0.26763	0.08461	0.52009	0.01208	0.00593	0.00168	0.00253	0.02283	0.00488	0.00435
126	0.01377	0.03127	0.01753	0.04016	0.37216	0.20121	0.05128	0.06747	0.02949	0.01567	0.00957	0.01233	0.00804	0.02167	0.04865	0.00189	0.04393	0.00431	0.00272	0.00690
127	0.00705	0.00510	0.00666	0.00627	0.00745	0.00470	0.00470	0.00941	0.01411	0.01999	0.79110	0.03723	0.04703	0.01019	0.00588	0.00157	0.00235	0.00901	0.00549	0.00470
128	0.01405	0.01103	0.01188	0.01020	0.01316	0.01239	0.00804	0.25926	0.44999	0.04206	0.01839	0.09731	0.01482	0.00740	0.00517	0.00166	0.00433	0.00612	0.00503	0.00770
129	0.00814	0.00474	0.00530	0.00569	0.00659	0.00468	0.00406	0.01030	0.03608	0.01639	0.02123	0.31551	0.03628	0.00960	0.00465	0.00151	0.00259	0.00831	0.49382	0.00453
130	0.00660	0.00507	0.00599	0.00576	0.00711	0.00451	0.00429	0.00846	0.01283	0.01712	0.47682	0.04136	0.34100	0.03336	0.00641	0.00170	0.00249	0.00956	0.00508	0.00446
131	0.01895	0.01396	0.01496	0.01147	0.01546	0.01546	0.00947	0.77711	0.02344	0.03141	0.01197	0.01197	0.00848	0.00598	0.00499	0.00150	0.00548	0.00449	0.00499	0.00848
132	0.01034	0.00886	0.01034	0.00738	0.01181	0.00664	0.00591	0.01255	0.01034	0.01624	0.00886	0.01034	0.00738	0.00369	0.00369	0.00074	0.00369	0.00295	0.00295	0.85530
133	0.84315	0.00973	0.00748	0.00665	0.00976	0.01127	0.00548	0.02995	0.00878	0.02255	0.00704	0.00817	0.00546	0.00465	0.00312	0.00154	0.00389	0.00273	0.00312	0.00546
134	0.00712	0.00534	0.00801	0.00801	0.00890	0.00623	0.00623	0.00890	0.00801	0.01157	0.01335	0.01958	0.01246	0.03738	0.80507	0.00801	0.01335	0.00534	0.00267	0.00445
135	0.00595	0.00505	0.00513	0.00511	0.00677	0.00423	0.00383	0.00727	0.01150	0.01379	0.08739	0.04743	0.75462	0.01250	0.00589	0.00168	0.00252	0.01044	0.00467	0.00423
136	0.01362	0.01465	0.01510	0.40667	0.08814	0.28425	0.01215	0.07980	0.01264	0.01441	0.00877	0.01162	0.00682	0.00508	0.00481	0.00150	0.00729	0.00402	0.00259	0.00606
137	0.01240	0.01071	0.01127	0.01014	0.01296	0.01240	0.00789	0.02649	0.78473	0.02085	0.02029	0.01860	0.01522	0.00676	0.00507	0.00169	0.00394	0.00564	0.00507	0.00789
138	0.01602	0.01230	0.02166	0.01630	0.04242	0.04402	0.41481	0.08227	0.01362	0.26459	0.01316	0.01422	0.00911	0.00502	0.00545	0.00160	0.00679	0.00534	0.00388	0.00742
139	0.00618	0.00445	0.00580	0.00683	0.00723	0.00415	0.00462	0.00709	0.00964	0.01272	0.02847	0.71081	0.08235	0.04893	0.00714	0.00213	0.00301	0.03986	0.00456	0.00404
140	0.01895	0.01396	0.01496	0.01147	0.01546	0.01546	0.00947	0.77711	0.02344	0.03141	0.01197	0.01197	0.00848	0.00598	0.00499	0.00150	0.00548	0.00449	0.00499	0.00848
141	0.00681	0.00492	0.00656	0.00735	0.00809	0.00471	0.00553	0.00831	0.01073	0.01432	0.14120	0.40762	0.07398	0.03455	0.03563	0.00229	0.00368	0.21481	0.00464	0.00429
142	0.01862	0.02376	0.01413	0.01284	0.01541	0.80482	0.00963	0.01990	0.01413	0.01220	0.00770	0.00899	0.00642	0.00514	0.00449	0.00128	0.00899	0.00321	0.00257	0.00578
143	0.02236	0.00848	0.01157	0.00887	0.01272	0.00733	0.00733	0.02429	0.01427	0.79719	0.01966	0.01697	0.01234	0.00617	0.00501	0.00154	0.00424	0.00501	0.00617	0.00848
144	0.00607	0.00434	0.00578	0.00694	0.00723	0.00405	0.00463	0.00694	0.00954	0.01272	0.02747	0.82157	0.03297	0.01562	0.00636	0.00202	0.00289	0.01417	0.00463	0.00405
145	0.01240	0.01071	0.01127	0.01014	0.01296	0.01240	0.00789	0.02649	0.78473	0.02085	0.02029	0.01860	0.01522	0.00676	0.00507	0.00169	0.00394	0.00564	0.00507	0.00789
146	0.65325	0.00998	0.00876	0.00742	0.01071	0.01116	0.00612	0.10271	0.01095	0.12612	0.00920	0.00971	0.00667	0.00499	0.00356	0.00154	0.00409	0.00321	0.00371	0.00616
147	0.01711	0.03611	0.01381	0.01080	0.01437	0.04665	0.00877	0.42697	0.25226	0.09780	0.01488	0.01420	0.01073	0.00615	0.00494	0.00154	0.00504	0.00478	0.00494	0.00813
148	0.86003	0.00964	0.00733	0.00655	0.00964	0.01118	0.00540	0.01465	0.00848	0.02236	0.00694	0.00810	0.00540	0.00463	0.00308	0.00154	0.00386	0.00270	0.00308	0.00540
149	0.03124	0.02737	0.08413	0.05644	0.08536	0.08693	0.15184	0.20807	0.05188	0.14898	0.01207	0.01295	0.00866	0.00530	0.00502	0.00154	0.00630	0.00463	0.00382	0.00748
150	0.01455	0.01196	0.01531	0.01271	0.04989	0.05441	0.13865	0.23866	0.17000	0.08518	0.01661	0.04969	0.06225	0.00645	0.00518	0.00155	0.00538	0.00564	0.00430	0.05163
151	0.00768	0.00617	0.00909	0.00877	0.00952	0.00757	0.00693	0.00936	0.00795	0.01163	0.01234	0.01829	0.01158	0.03312	0.68778	0.00714	0.13267	0.00519	0.00260	0.00460
152	0.86003	0.00964	0.00733	0.00655	0.00964	0.01118	0.00540	0.01465	0.00848	0.02236	0.00694	0.00810	0.00540	0.00463	0.00308	0.00154	0.00386	0.00270	0.00308	0.00540
