[name]
unknown

[dist]
# distance from previous block
# <min> <max>
3	21

[block]
# block no. 0 follows, 50 sequences, length 12
# corresponding to MSA columns:
# 23-34
name=unknown_A
#
# <colnr> <probs for GDERKNQSTAVLIFYWHMCP>
#	G	D	E	R	K	N	Q	S	T	A	V	L	I	F	Y	W	H	M	C	P
0	0.03765	0.04023	0.01543	0.01197	0.01473	0.01240	0.14054	0.17299	0.15302	0.03352	0.01375	0.03824	0.02561	0.00761	0.02953	0.00186	0.14895	0.02303	0.05501	0.02393
1	0.05097	0.00867	0.03820	0.00966	0.03404	0.02690	0.04686	0.09368	0.04809	0.08608	0.07624	0.19067	0.04159	0.03554	0.09084	0.00245	0.03440	0.02706	0.05233	0.00573
2	0.01378	0.00744	0.00936	0.00785	0.01034	0.00707	0.00622	0.08647	0.06275	0.29191	0.37368	0.02709	0.05812	0.00828	0.00544	0.00156	0.00341	0.00705	0.00562	0.00655
3	0.10327	0.01011	0.08266	0.04124	0.01386	0.00950	0.12100	0.09274	0.01092	0.01621	0.03502	0.18920	0.01527	0.11270	0.04853	0.00246	0.07949	0.00700	0.00337	0.00545
4	0.31165	0.00891	0.00948	0.00774	0.01098	0.00912	0.00634	0.09474	0.01265	0.34385	0.01400	0.01360	0.00960	0.00556	0.00413	0.00149	0.00397	0.00410	0.12121	0.00688
5	0.01240	0.01071	0.01127	0.01014	0.01296	0.01240	0.00789	0.02649	0.78473	0.02085	0.02029	0.01860	0.01522	0.00676	0.00507	0.00169	0.00394	0.00564	0.00507	0.00789
6	0.00602	0.00454	0.00558	0.00641	0.00709	0.00409	0.00439	0.00700	0.01006	0.01293	0.03397	0.60325	0.24710	0.01477	0.00623	0.00193	0.00279	0.01314	0.00463	0.00409
7	0.01837	0.01346	0.01362	0.01092	0.01453	0.09746	0.00883	0.43085	0.15442	0.16378	0.01434	0.01370	0.01013	0.00606	0.00495	0.00152	0.00537	0.00465	0.00495	0.00809
8	0.01034	0.00886	0.01034	0.00738	0.01181	0.00664	0.00591	0.01255	0.01034	0.01624	0.00886	0.01034	0.00738	0.00369	0.00369	0.00074	0.00369	0.00295	0.00295	0.85530
9	0.15991	0.21741	0.01633	0.09938	0.01583	0.12729	0.00909	0.24285	0.01430	0.01961	0.00875	0.01001	0.00688	0.00517	0.00446	0.00140	0.02794	0.00354	0.00322	0.00664
10	0.01558	0.25936	0.01925	0.01484	0.18348	0.10263	0.01042	0.27557	0.03975	0.01976	0.00968	0.01073	0.00771	0.00506	0.00439	0.00135	0.00587	0.00382	0.00332	0.00741
11	0.10631	0.01158	0.01792	0.02247	0.45332	0.04317	0.09861	0.01462	0.01103	0.01652	0.05427	0.01426	0.03435	0.00541	0.00587	0.00157	0.07428	0.00480	0.00276	0.00690

[dist]
# distance from previous block
# <min> <max>
0	11

[block]
# block no. 1 follows, 50 sequences, length 68
# corresponding to MSA columns:
# 46-113
name=unknown_B
#
# <colnr> <probs for GDERKNQSTAVLIFYWHMCP>
#	G	D	E	R	K	N	Q	S	T	A	V	L	I	F	Y	W	H	M	C	P
0	0.01259	0.01172	0.02000	0.07299	0.62277	0.01184	0.07522	0.03547	0.03453	0.03960	0.01009	0.01279	0.00816	0.00461	0.00502	0.00152	0.00604	0.00461	0.00271	0.00770
1	0.01126	0.05355	0.46409	0.01372	0.01960	0.05159	0.11696	0.01565	0.01082	0.03843	0.00915	0.01092	0.00682	0.00474	0.00519	0.00147	0.04205	0.00389	0.00242	0.11769
2	0.01047	0.00777	0.00902	0.00889	0.04047	0.02614	0.00630	0.18134	0.01321	0.05167	0.02349	0.40525	0.10200	0.03524	0.00626	0.00182	0.00386	0.00975	0.00450	0.05253
3	0.01428	0.01392	0.04891	0.02421	0.52479	0.12459	0.02638	0.05408	0.02531	0.08052	0.01028	0.01227	0.00813	0.00480	0.00489	0.00147	0.00627	0.00433	0.00294	0.00763
4	0.00716	0.00568	0.02471	0.00681	0.00801	0.00505	0.00520	0.00930	0.02821	0.01672	0.41663	0.17858	0.08264	0.07580	0.02503	0.00209	0.00325	0.06782	0.00480	0.02650
5	0.01049	0.01012	0.01436	0.15720	0.35190	0.08122	0.01128	0.01272	0.01081	0.01421	0.01465	0.25893	0.01519	0.00801	0.00534	0.00166	0.00540	0.00729	0.00309	0.00612
6	0.13899	0.01077	0.01372	0.17675	0.04120	0.03453	0.07239	0.12639	0.15603	0.13425	0.03703	0.01446	0.01050	0.00566	0.00481	0.00159	0.00528	0.00472	0.00399	0.00695
7	0.86003	0.00964	0.00733	0.00655	0.00964	0.01118	0.00540	0.01465	0.00848	0.02236	0.00694	0.00810	0.00540	0.00463	0.00308	0.00154	0.00386	0.00270	0.00308	0.00540
8	0.01107	0.00884	0.01041	0.00747	0.01187	0.00669	0.00599	0.01326	0.01057	0.06366	0.00952	0.01074	0.00768	0.00384	0.00377	0.00079	0.00372	0.00308	0.00315	0.80388
9	0.01128	0.01219	0.02508	0.06457	0.02365	0.01192	0.59107	0.03728	0.01184	0.01614	0.05835	0.04663	0.01090	0.00536	0.00638	0.00171	0.05021	0.00620	0.00282	0.00641
10	0.01399	0.48252	0.04352	0.00925	0.01341	0.10719	0.00855	0.08025	0.01186	0.03082	0.00811	0.00912	0.00687	0.00447	0.00367	0.00110	0.00552	0.00301	0.00265	0.15413
11	0.01312	0.03267	0.17930	0.03430	0.06365	0.13920	0.07247	0.09623	0.16389	0.04284	0.04774	0.06759	0.01227	0.00627	0.00503	0.00157	0.00608	0.00527	0.00356	0.00694
12	0.01697	0.29074	0.01852	0.01081	0.01455	0.20654	0.00919	0.33820	0.01671	0.02016	0.00924	0.00991	0.00728	0.00520	0.00427	0.00130	0.00627	0.00357	0.00344	0.00713
13	0.00737	0.00517	0.00677	0.00633	0.00756	0.00476	0.00476	0.00972	0.01411	0.03623	0.77498	0.03681	0.04631	0.01011	0.00586	0.00157	0.00239	0.00893	0.00550	0.00478
14	0.00743	0.00534	0.00676	0.00663	0.00688	0.00586	0.00441	0.00800	0.00749	0.01034	0.01448	0.02762	0.01582	0.55288	0.24503	0.00557	0.05648	0.00653	0.00287	0.00357
15	0.04708	0.52337	0.19715	0.01000	0.01477	0.03830	0.01063	0.03172	0.06063	0.01408	0.00837	0.00936	0.00695	0.00461	0.00373	0.00126	0.00574	0.00314	0.00243	0.00670
16	0.00764	0.00646	0.01008	0.38502	0.01994	0.00734	0.00895	0.00966	0.00974	0.01273	0.01874	0.44238	0.02062	0.01063	0.00572	0.00185	0.00465	0.00960	0.00350	0.00475
17	0.37607	0.25805	0.04025	0.00956	0.04074	0.17627	0.00798	0.01587	0.01030	0.01667	0.00725	0.00848	0.00603	0.00462	0.00353	0.00135	0.00554	0.00289	0.00264	0.00593
18	0.00607	0.00434	0.00578	0.00694	0.00723	0.00405	0.00463	0.00694	0.00954	0.01272	0.02747	0.82157	0.03297	0.01562	0.00636	0.00202	0.00289	0.01417	0.00463	0.00405
19	0.00667	0.00508	0.00613	0.00586	0.00721	0.00454	0.00440	0.00866	0.01319	0.01782	0.54454	0.04081	0.29495	0.01100	0.00588	0.00161	0.00241	0.00952	0.00520	0.00454
20	0.01521	0.16196	0.04454	0.01447	0.01870	0.16112	0.26651	0.22289	0.01504	0.01869	0.00956	0.01116	0.00735	0.00488	0.00487	0.00144	0.00714	0.00437	0.00312	0.00698
21	0.20088	0.00964	0.03850	0.02153	0.01250	0.03181	0.06535	0.01394	0.02872	0.06780	0.11214	0.01870	0.03902	0.00620	0.00471	0.00140	0.01772	0.05961	0.00364	0.24620
22	0.00999	0.02382	0.70531	0.09322	0.03915	0.01153	0.01790	0.01547	0.01049	0.01550	0.00895	0.01083	0.00638	0.00475	0.00476	0.00158	0.00726	0.00377	0.00212	0.00720
23	0.01034	0.00886	0.01034	0.00738	0.01181	0.00664	0.00591	0.01255	0.01034	0.01624	0.00886	0.01034	0.00738	0.00369	0.00369	0.00074	0.00369	0.00295	0.00295	0.85530
24	0.01220	0.00902	0.01015	0.00904	0.01116	0.00962	0.00690	0.35358	0.05570	0.02149	0.02068	0.37179	0.04722	0.02930	0.00610	0.00182	0.00414	0.00910	0.00477	0.00622
25	0.04586	0.00873	0.01136	0.00866	0.01258	0.00759	0.00713	0.04455	0.01380	0.63993	0.01751	0.01561	0.01131	0.00576	0.00477	0.00143	0.00419	0.00463	0.00558	0.12901
26	0.01279	0.01179	0.02016	0.08453	0.59241	0.01191	0.08948	0.05795	0.01207	0.04411	0.00991	0.01266	0.00796	0.00460	0.00504	0.00152	0.00614	0.00460	0.00272	0.00766
27	0.01252	0.60070	0.19680	0.01088	0.04235	0.01746	0.03109	0.01516	0.01030	0.01289	0.00754	0.00885	0.00646	0.00437	0.00367	0.00121	0.00588	0.00304	0.00215	0.00667
28	0.00589	0.00505	0.00505	0.00505	0.00673	0.00421	0.00379	0.00715	0.01136	0.01347	0.05049	0.04797	0.79171	0.01262	0.00589	0.00168	0.00252	0.01052	0.00463	0.00421
29	0.00625	0.00468	0.00581	0.00634	0.00716	0.00424	0.00444	0.00756	0.01103	0.01457	0.20830	0.45677	0.21737	0.01366	0.00614	0.00184	0.00268	0.01211	0.00482	0.00424
30	0.03122	0.00869	0.08608	0.00794	0.01060	0.00698	0.00694	0.05699	0.05236	0.17148	0.24075	0.05079	0.18524	0.02199	0.00580	0.00168	0.00370	0.03992	0.00490	0.00595
31	0.01345	0.02122	0.30532	0.01341	0.01710	0.30864	0.01321	0.01635	0.01113	0.01348	0.00787	0.01005	0.00641	0.00591	0.00762	0.00162	0.21496	0.00368	0.00230	0.00628
32	0.01506	0.01466	0.01295	0.01128	0.01300	0.30068	0.00894	0.06734	0.01207	0.08552	0.00993	0.01194	0.00806	0.00658	0.00837	0.00160	0.27563	0.00405	0.12639	0.00593
33	0.15220	0.01226	0.07546	0.19574	0.01937	0.09434	0.07879	0.01758	0.01153	0.23663	0.01153	0.01270	0.00810	0.00527	0.00500	0.00156	0.02977	0.00422	0.00354	0.02443
34	0.16054	0.00928	0.01108	0.00879	0.01243	0.00902	0.00721	0.07796	0.08383	0.54190	0.01704	0.01527	0.01116	0.00595	0.00470	0.00155	0.00424	0.00465	0.00547	0.00792
35	0.00714	0.00527	0.00768	0.00768	0.00845	0.00605	0.00582	0.00869	0.00791	0.01132	0.01366	0.02127	0.01319	0.13913	0.70432	0.00760	0.01225	0.00559	0.00272	0.00427
36	0.00741	0.00541	0.00711	0.00698	0.00736	0.00605	0.00485	0.00823	0.00759	0.01061	0.01416	0.02581	0.01503	0.44312	0.35419	0.00602	0.05719	0.00627	0.00282	0.00377
37	0.01198	0.01367	0.10889	0.02715	0.57830	0.01194	0.14347	0.01546	0.01133	0.01617	0.00945	0.01232	0.00766	0.00443	0.00507	0.00153	0.00650	0.00460	0.00244	0.00764
38	0.01221	0.55786	0.28627	0.01044	0.01575	0.01698	0.01186	0.01521	0.01026	0.01309	0.00761	0.00885	0.00637	0.00442	0.00372	0.00124	0.00602	0.00301	0.00212	0.00672
39	0.01253	0.01078	0.01135	0.01017	0.01301	0.01246	0.00792	0.04216	0.76883	0.02107	0.02011	0.01846	0.01507	0.00675	0.00507	0.00169	0.00398	0.00561	0.00507	0.00790
40	0.19852	0.01163	0.01192	0.00968	0.01319	0.03983	0.00787	0.29436	0.15199	0.19069	0.01385	0.01327	0.00976	0.00584	0.00458	0.00154	0.00472	0.00437	0.00476	0.00762
41	0.00775	0.00549	0.00788	0.00816	0.02673	0.00509	0.04791	0.00908	0.01037	0.06902	0.05074	0.52120	0.14094	0.01460	0.04817	0.00221	0.00384	0.01168	0.00449	0.00466
42	0.01055	0.01002	0.01701	0.50841	0.32987	0.01137	0.01441	0.01373	0.01050	0.01412	0.00906	0.01292	0.00713	0.00477	0.00496	0.00159	0.00636	0.00443	0.00231	0.00645
43	0.01230	0.01371	0.01260	0.28419	0.01991	0.31672	0.01001	0.01418	0.01137	0.01249	0.01246	0.19236	0.01244	0.00760	0.00566	0.00162	0.04606	0.00613	0.00289	0.00529
44	0.00725	0.00483	0.00544	0.00544	0.00544	0.00483	0.00302	0.00725	0.00725	0.00966	0.01571	0.03262	0.01812	0.82483	0.02537	0.00483	0.00483	0.00725	0.00302	0.00302
45	0.01647	0.02379	0.18995	0.01377	0.04424	0.59936	0.01180	0.01882	0.01322	0.01315	0.00804	0.00945	0.00645	0.00502	0.00456	0.00136	0.00852	0.00336	0.00246	0.00621
46	0.67969	0.03279	0.03044	0.00780	0.01092	0.10379	0.00654	0.03199	0.00954	0.02069	0.00718	0.00841	0.00566	0.00480	0.00364	0.00151	0.02314	0.00286	0.00299	0.00559
47	0.01238	0.01099	0.01346	0.01515	0.20402	0.01226	0.00970	0.02375	0.59548	0.01973	0.01762	0.01706	0.01342	0.00619	0.00504	0.00164	0.00443	0.00534	0.00443	0.00789
48	0.00823	0.00639	0.00765	0.00711	0.00868	0.00645	0.00540	0.01324	0.19152	0.01989	0.57964	0.03343	0.07377	0.00951	0.00569	0.00160	0.00273	0.00830	0.00535	0.00541
49	0.00612	0.00437	0.00584	0.00699	0.00730	0.00409	0.00471	0.00702	0.00959	0.01278	0.02745	0.80351	0.03287	0.01557	0.00637	0.00203	0.00293	0.03178	0.00463	0.00406
50	0.86003	0.00964	0.00733	0.00655	0.00964	0.01118	0.00540	0.01465	0.00848	0.02236	0.00694	0.00810	0.00540	0.00463	0.00308	0.00154	0.00386	0.00270	0.00308	0.00540
51	0.00716	0.00518	0.00721	0.00721	0.00782	0.00580	0.00523	0.00839	0.00777	0.01098	0.01408	0.02364	0.01422	0.28229	0.56258	0.00702	0.01070	0.00593	0.00278	0.00401
52	0.00724	0.00529	0.00682	0.00640	0.00763	0.00496	0.00481	0.00999	0.04028	0.02002	0.76492	0.03660	0.04595	0.01007	0.00585	0.00157	0.00241	0.00890	0.00547	0.00481
53	0.01240	0.01071	0.01127	0.01014	0.01296	0.01240	0.00789	0.02649	0.78473	0.02085	0.02029	0.01860	0.01522	0.00676	0.00507	0.00169	0.00394	0.00564	0.00507	0.00789
54	0.01152	0.00882	0.01046	0.00753	0.01190	0.00671	0.00605	0.01371	0.01072	0.09317	0.00992	0.01099	0.00787	0.00394	0.00382	0.00082	0.00375	0.00316	0.00327	0.77188
55	0.00866	0.00433	0.00649	0.00649	0.00649	0.00433	0.00433	0.00649	0.00649	0.00866	0.00866	0.01515	0.00866	0.01732	0.01948	0.85498	0.00433	0.00433	0.00216	0.00216
56	0.01862	0.02376	0.01413	0.01284	0.01541	0.80482	0.00963	0.01990	0.01413	0.01220	0.00770	0.00899	0.00642	0.00514	0.00449	0.00128	0.00899	0.00321	0.00257	0.00578
57	0.01894	0.01656	0.01464	0.01179	0.01537	0.23625	0.00946	0.54592	0.02060	0.04556	0.01097	0.01126	0.00800	0.00575	0.00485	0.00144	0.00643	0.00414	0.00434	0.00772
58	0.01087	0.01090	0.01567	0.04490	0.01430	0.01502	0.03334	0.01214	0.00785	0.01214	0.00674	0.01107	0.00658	0.00844	0.01560	0.00215	0.76019	0.00441	0.00219	0.00549
59	0.86003	0.00964	0.00733	0.00655	0.00964	0.01118	0.00540	0.01465	0.00848	0.02236	0.00694	0.00810	0.00540	0.00463	0.00308	0.00154	0.00386	0.00270	0.00308	0.00540
60	0.00712	0.00534	0.00801	0.00801	0.00890	0.00623	0.00623	0.00890	0.00801	0.01157	0.01335	0.01958	0.01246	0.03738	0.80507	0.00801	0.01335	0.00534	0.00267	0.00445
61	0.01358	0.70193	0.07670	0.00930	0.01362	0.08977	0.00929	0.01543	0.01051	0.01204	0.00713	0.00825	0.00639	0.00437	0.00342	0.00112	0.00580	0.00278	0.00217	0.00641
62	0.00700	0.00509	0.00658	0.00621	0.00741	0.00468	0.00466	0.00929	0.01397	0.01966	0.75337	0.03778	0.08498	0.01031	0.00588	0.00157	0.00236	0.00909	0.00544	0.00468
63	0.02236	0.00848	0.01157	0.00887	0.01272	0.00733	0.00733	0.02429	0.01427	0.79719	0.01966	0.01697	0.01234	0.00617	0.00501	0.00154	0.00424	0.00501	0.00617	0.00848
64	0.01234	0.01181	0.01995	0.02994	0.76882	0.01186	0.01506	0.01565	0.03603	0.01643	0.00972	0.01254	0.00813	0.00452	0.00494	0.00149	0.00586	0.00448	0.00255	0.00790
65	0.00798	0.00664	0.00713	0.00697	0.00878	0.00665	0.00531	0.01289	0.23465	0.01549	0.03718	0.10952	0.43342	0.01139	0.00610	0.02360	0.00314	0.05322	0.00469	0.00523
66	0.00764	0.00469	0.00573	0.00573	0.00573	0.00469	0.00339	0.00704	0.00704	0.00938	0.01373	0.02773	0.01547	0.59874	0.02372	0.24285	0.00469	0.00643	0.00278	0.00278
67	0.33233	0.00957	0.01017	0.00824	0.01175	0.03052	0.00676	0.04623	0.03492	0.44033	0.01439	0.01334	0.00956	0.00558	0.00428	0.00154	0.00426	0.00411	0.00486	0.00725

[dist]
# distance from previous block
# <min> <max>
0	1

[block]
# block no. 2 follows, 50 sequences, length 13
# corresponding to MSA columns:
# 115-127
name=unknown_C
#
# <colnr> <probs for GDERKNQSTAVLIFYWHMCP>
#	G	D	E	R	K	N	Q	S	T	A	V	L	I	F	Y	W	H	M	C	P
0	0.01234	0.01184	0.02023	0.03059	0.79373	0.01184	0.01530	0.01530	0.01135	0.01628	0.00938	0.01234	0.00790	0.00444	0.00493	0.00148	0.00592	0.00444	0.00247	0.00790
1	0.00719	0.00483	0.00558	0.00572	0.00579	0.00481	0.00336	0.00736	0.00761	0.01013	0.01708	0.09476	0.01973	0.72663	0.02309	0.00450	0.00467	0.04075	0.00321	0.00317
2	0.01441	0.66536	0.02373	0.00934	0.01332	0.14656	0.00874	0.04606	0.01130	0.01259	0.00726	0.00831	0.00648	0.00447	0.00348	0.00112	0.00593	0.00283	0.00232	0.00638
3	0.00639	0.00514	0.00601	0.00603	0.00739	0.00485	0.00457	0.00780	0.01035	0.01302	0.06198	0.03941	0.49616	0.05845	0.22395	0.00357	0.00563	0.03100	0.00405	0.00424
4	0.00630	0.00507	0.00561	0.00548	0.00698	0.00438	0.00411	0.00794	0.01232	0.01575	0.30998	0.04421	0.53080	0.01177	0.00589	0.00164	0.00246	0.00999	0.00493	0.00438
5	0.01895	0.01396	0.01496	0.01147	0.01546	0.01546	0.00947	0.77711	0.02344	0.03141	0.01197	0.01197	0.00848	0.00598	0.00499	0.00150	0.00548	0.00449	0.00499	0.00848
6	0.01034	0.00886	0.01034	0.00738	0.01181	0.00664	0.00591	0.01255	0.01034	0.01624	0.00886	0.01034	0.00738	0.00369	0.00369	0.00074	0.00369	0.00295	0.00295	0.85530
7	0.00705	0.00510	0.00666	0.00627	0.00745	0.00470	0.00470	0.00941	0.01411	0.01999	0.79110	0.03723	0.04703	0.01019	0.00588	0.00157	0.00235	0.00901	0.00549	0.00470
8	0.00866	0.00433	0.00649	0.00649	0.00649	0.00433	0.00433	0.00649	0.00649	0.00866	0.00866	0.01515	0.00866	0.01732	0.01948	0.85498	0.00433	0.00433	0.00216	0.00216
9	0.00638	0.00446	0.00569	0.00655	0.00677	0.00425	0.00421	0.00702	0.00895	0.01194	0.02445	0.61879	0.02915	0.22361	0.01125	0.00275	0.00339	0.01239	0.00421	0.00378
10	0.01176	0.01345	0.02941	0.02101	0.02605	0.01261	0.77563	0.01597	0.01176	0.01597	0.01008	0.01345	0.00756	0.00420	0.00588	0.00168	0.00840	0.00588	0.00252	0.00672
11	0.00622	0.00500	0.00555	0.00555	0.00697	0.00433	0.00411	0.00775	0.01194	0.01517	0.24948	0.11433	0.52162	0.01223	0.00593	0.00168	0.00251	0.01044	0.00486	0.00433
12	0.00656	0.00482	0.00617	0.00652	0.00741	0.00443	0.00472	0.00819	0.01182	0.01603	0.35660	0.34861	0.13728	0.01282	0.00612	0.00180	0.00270	0.04803	0.00499	0.00438

[dist]
# distance from previous block
# <min> <max>
0	1

[block]
# block no. 3 follows, 50 sequences, length 27
# corresponding to MSA columns:
# 131-157
name=unknown_D
#
# <colnr> <probs for GDERKNQSTAVLIFYWHMCP>
#	G	D	E	R	K	N	Q	S	T	A	V	L	I	F	Y	W	H	M	C	P
0	0.01199	0.01148	0.01941	0.02922	0.75123	0.01143	0.01468	0.01486	0.01135	0.01613	0.01160	0.01426	0.05023	0.00488	0.00499	0.00149	0.00574	0.00477	0.00258	0.00770
1	0.21471	0.07992	0.04120	0.03127	0.01958	0.03455	0.39299	0.05651	0.01126	0.01760	0.00888	0.01131	0.00687	0.00469	0.00539	0.00160	0.04803	0.00455	0.00272	0.00638
2	0.40682	0.10635	0.04533	0.00784	0.01151	0.06699	0.00679	0.01490	0.00985	0.05398	0.00830	0.00968	0.00667	0.02065	0.00394	0.00134	0.00454	0.00303	0.00300	0.20849
3	0.13673	0.30470	0.07032	0.01470	0.19978	0.03014	0.05159	0.05676	0.01107	0.01602	0.00939	0.06061	0.00844	0.00521	0.00416	0.00139	0.00548	0.00416	0.00269	0.00664
4	0.03006	0.05632	0.14966	0.09166	0.32302	0.05557	0.09807	0.02748	0.01164	0.09447	0.01014	0.01221	0.00773	0.00474	0.00487	0.00151	0.00642	0.00434	0.00280	0.00729
5	0.00712	0.00534	0.00801	0.00801	0.00890	0.00623	0.00623	0.00890	0.00801	0.01157	0.01335	0.01958	0.01246	0.03738	0.80507	0.00801	0.01335	0.00534	0.00267	0.00445
6	0.01370	0.01561	0.29254	0.01457	0.14933	0.01055	0.01263	0.11563	0.04256	0.16942	0.10073	0.01560	0.01299	0.00582	0.00500	0.00155	0.00557	0.00485	0.00382	0.00753
7	0.00672	0.00509	0.00624	0.00636	0.00761	0.00462	0.00488	0.00855	0.01236	0.01638	0.36118	0.12558	0.28422	0.01206	0.00608	0.00176	0.00279	0.11807	0.00499	0.00446
8	0.11347	0.00962	0.01272	0.00986	0.01364	0.03220	0.07429	0.02249	0.05501	0.57799	0.01710	0.01553	0.01113	0.00583	0.00486	0.00155	0.00469	0.00481	0.00534	0.00788
9	0.86003	0.00964	0.00733	0.00655	0.00964	0.01118	0.00540	0.01465	0.00848	0.02236	0.00694	0.00810	0.00540	0.00463	0.00308	0.00154	0.00386	0.00270	0.00308	0.00540
10	0.05633	0.07948	0.06730	0.01011	0.05492	0.01021	0.00808	0.03839	0.26533	0.08077	0.18809	0.06526	0.02087	0.00752	0.00507	0.00160	0.00408	0.02541	0.00450	0.00666
11	0.01101	0.01120	0.01692	0.01401	0.01460	0.01496	0.10015	0.01246	0.00812	0.01246	0.00696	0.01120	0.00666	0.00820	0.01514	0.00212	0.72149	0.00454	0.00222	0.00560
12	0.01333	0.82783	0.02612	0.00853	0.01279	0.01972	0.00853	0.01493	0.01013	0.01173	0.00693	0.00800	0.00640	0.00426	0.00320	0.00107	0.00533	0.00267	0.00213	0.00640
13	0.00622	0.00503	0.00519	0.00515	0.00675	0.00428	0.00386	0.00766	0.01158	0.01444	0.12246	0.04506	0.66850	0.01195	0.00574	0.00164	0.00249	0.01000	0.05772	0.00428
14	0.01333	0.82783	0.02612	0.00853	0.01279	0.01972	0.00853	0.01493	0.01013	0.01173	0.00693	0.00800	0.00640	0.00426	0.00320	0.00107	0.00533	0.00267	0.00213	0.00640
15	0.01693	0.16506	0.06419	0.01062	0.05554	0.01161	0.00886	0.16284	0.03550	0.31374	0.05675	0.03694	0.01232	0.00604	0.00471	0.00145	0.00481	0.00481	0.00456	0.02273
16	0.51769	0.01317	0.01022	0.10267	0.01420	0.20394	0.00760	0.05071	0.01071	0.01919	0.00758	0.00910	0.00593	0.00485	0.00374	0.00149	0.00550	0.00311	0.00294	0.00565
17	0.00866	0.00433	0.00649	0.00649	0.00649	0.00433	0.00433	0.00649	0.00649	0.00866	0.00866	0.01515	0.00866	0.01732	0.01948	0.85498	0.00433	0.00433	0.00216	0.00216
18	0.00770	0.00544	0.00751	0.00764	0.00884	0.00512	0.02525	0.00967	0.01212	0.04347	0.30818	0.21383	0.08575	0.01228	0.00624	0.00189	0.00334	0.22614	0.00493	0.00468
19	0.01316	0.01253	0.01611	0.15665	0.32742	0.09928	0.01222	0.09828	0.16540	0.01771	0.01183	0.01409	0.00938	0.00539	0.00496	0.00155	0.00592	0.01760	0.00325	0.00726
20	0.01235	0.49974	0.25627	0.01046	0.01549	0.03256	0.01146	0.01629	0.07796	0.01375	0.00872	0.00970	0.00714	0.00464	0.00385	0.00128	0.00589	0.00324	0.00239	0.00681
21	0.00692	0.00499	0.00654	0.00636	0.00742	0.00461	0.00469	0.00906	0.01348	0.01898	0.68526	0.14595	0.04508	0.01094	0.00595	0.00163	0.00243	0.00973	0.00537	0.00461
22	0.01012	0.00958	0.01623	0.62325	0.21839	0.01126	0.01420	0.01336	0.01030	0.01360	0.00898	0.01306	0.00695	0.00485	0.00497	0.00162	0.00647	0.00443	0.00228	0.00611
23	0.01098	0.03846	0.10235	0.43570	0.23943	0.03736	0.01431	0.03664	0.01094	0.01454	0.00900	0.01238	0.00699	0.00482	0.00487	0.00157	0.00652	0.00426	0.00236	0.00651
24	0.01463	0.01071	0.01747	0.05899	0.46882	0.01065	0.04121	0.03023	0.01221	0.21448	0.03558	0.01430	0.01010	0.00524	0.00540	0.00154	0.03240	0.00478	0.00352	0.00772
25	0.81361	0.00988	0.00775	0.00683	0.00996	0.01142	0.00562	0.05674	0.00931	0.02286	0.00722	0.00831	0.00557	0.00470	0.00319	0.00154	0.00395	0.00280	0.00319	0.00557
26	0.07115	0.05020	0.04263	0.02153	0.44478	0.06399	0.02603	0.11321	0.01290	0.05023	0.01131	0.02824	0.03154	0.00522	0.00478	0.00148	0.00576	0.00456	0.00307	0.00740

[dist]
# distance from previous block
# <min> <max>
0	10

[block]
# block no. 4 follows, 50 sequences, length 90
# corresponding to MSA columns:
# 168-257
name=unknown_E
#
# <colnr> <probs for GDERKNQSTAVLIFYWHMCP>
#	G	D	E	R	K	N	Q	S	T	A	V	L	I	F	Y	W	H	M	C	P
0	0.01129	0.01104	0.00962	0.00931	0.03226	0.21342	0.00685	0.01492	0.12906	0.03869	0.26753	0.06537	0.12023	0.00881	0.00542	0.00158	0.00461	0.04002	0.00442	0.00556
1	0.01235	0.06814	0.05139	0.17098	0.46280	0.01260	0.04738	0.08504	0.01211	0.01667	0.00936	0.01216	0.00754	0.00467	0.00486	0.00150	0.00614	0.00435	0.00262	0.00734
2	0.00680	0.00503	0.00600	0.00579	0.00685	0.00461	0.00412	0.00839	0.01198	0.01618	0.44276	0.03895	0.22710	0.18226	0.00998	0.00228	0.00292	0.00902	0.00475	0.00423
3	0.00696	0.00490	0.00591	0.00594	0.00644	0.00477	0.00387	0.00783	0.00947	0.01282	0.19874	0.11356	0.09103	0.42921	0.07423	0.00376	0.00449	0.00849	0.00386	0.00372
4	0.01034	0.00886	0.01034	0.00738	0.01181	0.00664	0.00591	0.01255	0.01034	0.01624	0.00886	0.01034	0.00738	0.00369	0.00369	0.00074	0.00369	0.00295	0.00295	0.85530
5	0.00941	0.00886	0.01495	0.81285	0.03433	0.01107	0.01384	0.01274	0.00997	0.01274	0.00886	0.01329	0.00664	0.00498	0.00498	0.00166	0.00664	0.00443	0.00221	0.00554
6	0.00695	0.00496	0.00576	0.00564	0.00631	0.00468	0.00370	0.00793	0.01019	0.01367	0.27224	0.03682	0.16386	0.41854	0.01564	0.00322	0.00362	0.00840	0.00410	0.00377
7	0.00610	0.00469	0.00559	0.00614	0.00706	0.00418	0.00431	0.00727	0.01071	0.01375	0.11344	0.44066	0.33044	0.01390	0.00613	0.00185	0.00269	0.01223	0.00471	0.00418
8	0.00725	0.00483	0.00544	0.00544	0.00544	0.00483	0.00302	0.00725	0.00725	0.00966	0.01571	0.03262	0.01812	0.82483	0.02537	0.00483	0.00483	0.00725	0.00302	0.00302
9	0.01235	0.59152	0.25383	0.01020	0.01538	0.01732	0.01144	0.01518	0.01024	0.01292	0.00752	0.00874	0.00637	0.00440	0.00365	0.00122	0.00593	0.00297	0.00212	0.00668
10	0.01259	0.01310	0.01722	0.04623	0.34922	0.12778	0.01270	0.01458	0.01024	0.01389	0.00800	0.01132	0.00711	0.00625	0.00937	0.00173	0.32552	0.00423	0.00236	0.00655
11	0.00725	0.00483	0.00544	0.00544	0.00544	0.00483	0.00302	0.00725	0.00725	0.00966	0.01571	0.03262	0.01812	0.82483	0.02537	0.00483	0.00483	0.00725	0.00302	0.00302
12	0.01303	0.01135	0.01214	0.09133	0.01548	0.04127	0.00872	0.10617	0.59626	0.02086	0.01778	0.01700	0.01330	0.00644	0.00503	0.00165	0.00457	0.00530	0.00468	0.00764
13	0.01352	0.66540	0.10330	0.00954	0.01395	0.09806	0.00964	0.01551	0.01057	0.01219	0.00721	0.00835	0.00639	0.00440	0.00348	0.00114	0.00591	0.00282	0.00217	0.00643
14	0.01020	0.01155	0.09456	0.61087	0.11618	0.04589	0.01428	0.01364	0.01036	0.01341	0.00887	0.01272	0.00674	0.00491	0.00493	0.00162	0.00674	0.00430	0.00225	0.00599
15	0.01333	0.82783	0.02612	0.00853	0.01279	0.01972	0.00853	0.01493	0.01013	0.01173	0.00693	0.00800	0.00640	0.00426	0.00320	0.00107	0.00533	0.00267	0.00213	0.00640
16	0.00685	0.00494	0.00556	0.00556	0.00612	0.00478	0.00353	0.00737	0.00850	0.01093	0.02554	0.03588	0.24099	0.51931	0.09003	0.00421	0.00493	0.00802	0.00345	0.00349
17	0.01647	0.01366	0.01612	0.01696	0.23998	0.06150	0.01103	0.44825	0.08375	0.02500	0.01167	0.01246	0.00876	0.00555	0.00495	0.00150	0.00569	0.00449	0.00412	0.00810
18	0.00943	0.00910	0.01685	0.09782	0.17783	0.00896	0.24125	0.01198	0.01063	0.01444	0.01659	0.32802	0.01743	0.00878	0.00578	0.00177	0.00557	0.00867	0.00330	0.00580
19	0.00620	0.00443	0.00593	0.00709	0.00743	0.00416	0.00485	0.00716	0.00967	0.01287	0.02740	0.77212	0.03269	0.01550	0.00640	0.00204	0.00300	0.06238	0.00462	0.00408
20	0.00614	0.00437	0.00576	0.00685	0.00712	0.00410	0.00453	0.00696	0.00941	0.01254	0.02677	0.77425	0.03208	0.06415	0.00750	0.00219	0.00301	0.01375	0.00453	0.00399
21	0.01617	0.01258	0.01339	0.01091	0.01440	0.01416	0.00880	0.45850	0.34657	0.02693	0.01550	0.01478	0.01134	0.00631	0.00502	0.00158	0.00483	0.00497	0.00502	0.00823
22	0.01103	0.21715	0.03100	0.01066	0.06235	0.02278	0.03584	0.12223	0.01142	0.01515	0.01241	0.09585	0.01174	0.01777	0.29630	0.00382	0.00827	0.00533	0.00304	0.00587
23	0.01464	0.04902	0.17275	0.01086	0.01537	0.01052	0.05283	0.12189	0.04117	0.20926	0.02801	0.01316	0.00954	0.00537	0.00522	0.00140	0.04516	0.00426	0.00388	0.18568
24	0.02818	0.01736	0.30299	0.02860	0.17912	0.05013	0.12539	0.04076	0.11910	0.01699	0.01133	0.01388	0.00884	0.00523	0.00503	0.00160	0.00660	0.02875	0.00286	0.00726
25	0.01000	0.02578	0.79900	0.01421	0.02157	0.01158	0.01842	0.01579	0.01052	0.01579	0.00895	0.01052	0.00631	0.00474	0.00474	0.00158	0.00737	0.00368	0.00210	0.00737
26	0.00918	0.00859	0.01401	0.61358	0.10679	0.01013	0.01249	0.01216	0.01031	0.01320	0.01512	0.01836	0.12377	0.00607	0.00511	0.00165	0.00596	0.00534	0.00260	0.00558
27	0.01365	0.01230	0.01147	0.01020	0.01289	0.14243	0.00795	0.09086	0.45082	0.04819	0.10339	0.01959	0.01701	0.00700	0.00511	0.00161	0.00477	0.02888	0.00472	0.00716
28	0.01091	0.01004	0.02833	0.05732	0.37208	0.02643	0.06720	0.02569	0.01193	0.05437	0.08288	0.02294	0.19469	0.00696	0.00530	0.00156	0.00505	0.00633	0.00343	0.00656
29	0.00846	0.00525	0.00694	0.00676	0.00797	0.00480	0.00497	0.01032	0.01277	0.10377	0.47963	0.26731	0.03903	0.01135	0.00593	0.00170	0.00272	0.01010	0.00531	0.00493
30	0.01853	0.01572	0.01266	0.01073	0.01374	0.36408	0.00838	0.12949	0.01551	0.25132	0.09751	0.01490	0.01293	0.00612	0.00487	0.00142	0.00633	0.00457	0.00432	0.00686
31	0.01189	0.09387	0.34992	0.03914	0.26991	0.08235	0.05293	0.01584	0.01112	0.01519	0.00884	0.01095	0.00691	0.00461	0.00470	0.00148	0.00689	0.00392	0.00229	0.00723
32	0.00799	0.00518	0.00689	0.00712	0.00820	0.00481	0.00537	0.00974	0.01198	0.07612	0.31458	0.32047	0.06064	0.01246	0.00614	0.00185	0.00305	0.12763	0.00506	0.00472
33	0.00602	0.00456	0.00556	0.00636	0.00708	0.00410	0.00437	0.00701	0.01010	0.01295	0.03457	0.58309	0.26687	0.01469	0.00622	0.00192	0.00278	0.01304	0.00463	0.00410
34	0.00629	0.00506	0.00594	0.04101	0.00818	0.00456	0.00459	0.00775	0.01136	0.01442	0.17507	0.22569	0.44724	0.01256	0.00596	0.00174	0.00276	0.01084	0.00468	0.00432
35	0.01583	0.03528	0.06095	0.04350	0.21808	0.20051	0.08847	0.04985	0.05112	0.17037	0.01163	0.01268	0.00861	0.00513	0.00490	0.00148	0.00655	0.00438	0.00342	0.00727
36	0.01101	0.00824	0.00897	0.00824	0.01037	0.00901	0.00632	0.05648	0.39229	0.04382	0.10054	0.10590	0.04760	0.00803	0.00502	0.00160	0.00341	0.00680	0.15986	0.00648
37	0.01062	0.00526	0.00577	0.00539	0.00693	0.00507	0.00413	0.01302	0.02253	0.11425	0.07719	0.02114	0.05085	0.00651	0.00399	0.00127	0.00259	0.00530	0.63304	0.00515
38	0.01014	0.00934	0.01538	0.22736	0.40399	0.00981	0.01228	0.01285	0.01110	0.01527	0.09379	0.09820	0.04618	0.00664	0.00523	0.00160	0.00529	0.00614	0.00302	0.00641
39	0.01229	0.14436	0.16029	0.05211	0.29586	0.06900	0.16553	0.01568	0.01123	0.01498	0.00892	0.01135	0.00716	0.00449	0.00478	0.00147	0.00682	0.00423	0.00236	0.00709
40	0.01126	0.01172	0.01284	0.01149	0.01227	0.16635	0.00923	0.01259	0.00901	0.01191	0.00884	0.01317	0.00832	0.01674	0.25400	0.00378	0.41443	0.00444	0.00241	0.00521
41	0.37769	0.01323	0.09212	0.09628	0.17080	0.09508	0.01026	0.03010	0.01036	0.02895	0.00817	0.01009	0.00641	0.00485	0.00438	0.00153	0.02717	0.00349	0.00277	0.00625
42	0.00725	0.00483	0.00544	0.00544	0.00544	0.00483	0.00302	0.00725	0.00725	0.00966	0.01571	0.03262	0.01812	0.82483	0.02537	0.00483	0.00483	0.00725	0.00302	0.00302
43	0.01316	0.66370	0.13708	0.00961	0.01422	0.06564	0.01002	0.01535	0.01042	0.01234	0.00727	0.00842	0.00639	0.00438	0.00350	0.00115	0.00584	0.00285	0.00215	0.00650
44	0.86003	0.00964	0.00733	0.00655	0.00964	0.01118	0.00540	0.01465	0.00848	0.02236	0.00694	0.00810	0.00540	0.00463	0.00308	0.00154	0.00386	0.00270	0.00308	0.00540
45	0.00620	0.00479	0.00560	0.00595	0.00699	0.00425	0.00422	0.00746	0.01104	0.01418	0.16592	0.32459	0.36780	0.03936	0.00668	0.00189	0.00270	0.01148	0.00472	0.00420
46	0.00703	0.00509	0.00663	0.00624	0.00743	0.00469	0.00468	0.00936	0.01405	0.01985	0.77513	0.03746	0.06309	0.01024	0.00588	0.00157	0.00236	0.00905	0.00547	0.00469
47	0.00605	0.00441	0.00571	0.00675	0.00718	0.00406	0.00454	0.00696	0.00973	0.01280	0.02981	0.74311	0.10992	0.01531	0.00631	0.00199	0.00285	0.01380	0.00463	0.00406
48	0.01000	0.02578	0.79900	0.01421	0.02157	0.01158	0.01842	0.01579	0.01052	0.01579	0.00895	0.01052	0.00631	0.00474	0.00474	0.00158	0.00737	0.00368	0.00210	0.00737
49	0.00704	0.00509	0.00683	0.00665	0.00759	0.00506	0.00490	0.00894	0.01169	0.01652	0.48401	0.07109	0.03492	0.09976	0.20395	0.00350	0.00533	0.00819	0.00450	0.00444
50	0.00866	0.00433	0.00649	0.00649	0.00649	0.00433	0.00433	0.00649	0.00649	0.00866	0.00866	0.01515	0.00866	0.01732	0.01948	0.85498	0.00433	0.00433	0.00216	0.00216
51	0.01642	0.01224	0.01326	0.01068	0.01402	0.01350	0.00861	0.58967	0.09864	0.02764	0.01505	0.12965	0.01270	0.00745	0.00519	0.00159	0.00495	0.00600	0.00494	0.00778
52	0.01176	0.01345	0.02941	0.02101	0.02605	0.01261	0.77563	0.01597	0.01176	0.01597	0.01008	0.01345	0.00756	0.00420	0.00588	0.00168	0.00840	0.00588	0.00252	0.00672
53	0.00607	0.00437	0.00575	0.00687	0.00721	0.00405	0.00459	0.00695	0.00962	0.01275	0.02838	0.79097	0.06298	0.01550	0.00634	0.00201	0.00288	0.01403	0.00463	0.00405
54	0.14292	0.00887	0.01092	0.00866	0.01230	0.00840	0.00710	0.02311	0.09110	0.60648	0.01788	0.01584	0.01162	0.00601	0.00474	0.00156	0.00416	0.00474	0.00561	0.00798
55	0.55364	0.00965	0.01024	0.00921	0.05520	0.01029	0.04442	0.01725	0.01030	0.22249	0.01053	0.01090	0.00744	0.00500	0.00383	0.00155	0.00430	0.00355	0.00382	0.00640
56	0.00950	0.00898	0.01497	0.76487	0.03306	0.01133	0.01367	0.01269	0.00983	0.01269	0.00872	0.01315	0.00664	0.00521	0.00567	0.00169	0.05517	0.00443	0.00221	0.00553
57	0.00672	0.00508	0.00620	0.00592	0.00724	0.00456	0.00444	0.00876	0.01332	0.01810	0.57725	0.04033	0.26206	0.01089	0.00588	0.00160	0.00240	0.00945	0.00524	0.00456
58	0.01354	0.53339	0.19486	0.01015	0.01499	0.04920	0.01076	0.06145	0.01136	0.04814	0.00826	0.00922	0.00676	0.00459	0.00378	0.00123	0.00589	0.00312	0.00249	0.00680
59	0.01409	0.71163	0.02439	0.00915	0.01317	0.13317	0.00869	0.01564	0.01071	0.01180	0.00704	0.00814	0.00640	0.00439	0.00339	0.00110	0.00586	0.00274	0.00220	0.00631
60	0.01342	0.01508	0.06696	0.02218	0.38628	0.16155	0.11077	0.03836	0.06649	0.01598	0.00983	0.01210	0.00794	0.00498	0.00553	0.00152	0.04667	0.00443	0.00271	0.00721
61	0.00721	0.00565	0.00696	0.00673	0.00743	0.00608	0.00482	0.00811	0.00866	0.01145	0.02423	0.03171	0.23896	0.31995	0.20137	0.00439	0.09158	0.00744	0.00331	0.00395
62	0.00607	0.00434	0.00578	0.00694	0.00723	0.00405	0.00463	0.00694	0.00954	0.01272	0.02747	0.82157	0.03297	0.01562	0.00636	0.00202	0.00289	0.01417	0.00463	0.00405
63	0.00679	0.00559	0.00728	0.00687	0.00823	0.00539	0.03833	0.00833	0.01063	0.01379	0.13979	0.08374	0.38332	0.06735	0.16607	0.00315	0.02795	0.00892	0.00410	0.00439
64	0.23428	0.01347	0.01236	0.01275	0.12558	0.18515	0.00874	0.05487	0.22344	0.06422	0.01208	0.01247	0.00921	0.00545	0.00440	0.00152	0.00540	0.00408	0.00369	0.00684
65	0.00607	0.00434	0.00578	0.00694	0.00723	0.00405	0.00463	0.00694	0.00954	0.01272	0.02747	0.82157	0.03297	0.01562	0.00636	0.00202	0.00289	0.01417	0.00463	0.00405
66	0.01021	0.00606	0.00785	0.00698	0.00876	0.00565	0.00538	0.01319	0.06036	0.16410	0.60188	0.03236	0.03869	0.00924	0.00567	0.00157	0.00280	0.00807	0.00559	0.00559
67	0.00834	0.01072	0.16714	0.07690	0.08154	0.00777	0.08722	0.01110	0.01078	0.01462	0.07162	0.25419	0.13125	0.00964	0.00568	0.00176	0.00487	0.03577	0.00359	0.00551
68	0.01272	0.18086	0.22561	0.01574	0.05547	0.01416	0.27604	0.12911	0.01283	0.01738	0.00940	0.01132	0.00716	0.00463	0.00487	0.00149	0.00697	0.00439	0.00270	0.00714
69	0.00668	0.00520	0.00622	0.00678	0.00809	0.00474	0.00542	0.00827	0.01116	0.01389	0.03880	0.15293	0.41761	0.01343	0.00631	0.00195	0.00331	0.28026	0.00461	0.00432
70	0.05883	0.00935	0.01075	0.00861	0.01165	0.00964	0.00702	0.25786	0.01568	0.29108	0.01532	0.01518	0.01071	0.00602	0.00486	0.00145	0.02928	0.00462	0.22484	0.00724
71	0.01362	0.04229	0.14845	0.06560	0.35490	0.20149	0.03288	0.05389	0.01237	0.01562	0.00895	0.01116	0.00718	0.00475	0.00477	0.00145	0.00696	0.00400	0.00253	0.00712
72	0.04129	0.04677	0.24121	0.01126	0.01592	0.01074	0.04855	0.02131	0.21237	0.27576	0.01535	0.01472	0.01065	0.00569	0.00486	0.00158	0.00531	0.00467	0.00427	0.00774
73	0.00609	0.00435	0.00578	0.00691	0.00720	0.00406	0.00460	0.00695	0.00950	0.01267	0.02725	0.80689	0.03269	0.03067	0.00672	0.00208	0.00293	0.01404	0.00460	0.00403
74	0.01306	0.01152	0.01949	0.06399	0.23616	0.01171	0.24196	0.01919	0.21211	0.09813	0.01345	0.01483	0.01008	0.00518	0.00527	0.00161	0.00602	0.00524	0.00353	0.00747
75	0.05522	0.01299	0.11525	0.01975	0.35341	0.02528	0.05527	0.02956	0.07429	0.19102	0.01242	0.01344	0.00912	0.00508	0.00489	0.00153	0.00566	0.00454	0.00353	0.00774
76	0.05834	0.04751	0.09715	0.12015	0.03228	0.01083	0.21885	0.03809	0.01191	0.19903	0.05029	0.01469	0.01039	0.00654	0.03439	0.00183	0.03243	0.00498	0.00351	0.00680
77	0.03688	0.12144	0.02010	0.01488	0.05290	0.27664	0.21804	0.16767	0.01455	0.01740	0.00915	0.01079	0.00718	0.00489	0.00479	0.00142	0.00740	0.00416	0.00299	0.00673
78	0.00639	0.00464	0.00612	0.00688	0.00738	0.00454	0.00477	0.00740	0.00927	0.01237	0.02589	0.53225	0.09035	0.09245	0.14253	0.00327	0.00484	0.03044	0.00415	0.00405
79	0.05323	0.16594	0.05849	0.32921	0.25686	0.01291	0.01297	0.01438	0.01045	0.02850	0.00876	0.01167	0.00700	0.00467	0.00452	0.00148	0.00603	0.00399	0.00238	0.00655
80	0.00723	0.00452	0.00545	0.00605	0.00664	0.00434	0.00413	0.00856	0.00989	0.01468	0.06873	0.45409	0.02621	0.08690	0.00720	0.00199	0.00286	0.01028	0.26604	0.00418
81	0.00601	0.00505	0.00521	0.00517	0.00680	0.00426	0.00388	0.00738	0.01164	0.01412	0.12515	0.04689	0.71664	0.01238	0.00589	0.00167	0.00251	0.01037	0.00472	0.00426
82	0.00609	0.00435	0.00580	0.00693	0.00723	0.00406	0.00463	0.00699	0.00963	0.01286	0.04128	0.80739	0.03322	0.01552	0.00635	0.00202	0.00288	0.01408	0.00464	0.00406
83	0.00705	0.00510	0.00666	0.00627	0.00745	0.00470	0.00470	0.00941	0.01411	0.01999	0.79110	0.03723	0.04703	0.01019	0.00588	0.00157	0.00235	0.00901	0.00549	0.00470
84	0.00597	0.00505	0.00516	0.00513	0.00678	0.00424	0.00385	0.00731	0.01155	0.01391	0.10108	0.04724	0.74085	0.01246	0.00589	0.00168	0.00251	0.01042	0.00469	0.00424
85	0.01034	0.00886	0.01034	0.00738	0.01181	0.00664	0.00591	0.01255	0.01034	0.01624	0.00886	0.01034	0.00738	0.00369	0.00369	0.00074	0.00369	0.00295	0.00295	0.85530
86	0.01034	0.00886	0.01034	0.00738	0.01181	0.00664	0.00591	0.01255	0.01034	0.01624	0.00886	0.01034	0.00738	0.00369	0.00369	0.00074	0.00369	0.00295	0.00295	0.85530
87	0.01296	0.00783	0.01091	0.00964	0.02811	0.00805	0.04703	0.09430	0.01172	0.21759	0.01602	0.02328	0.01405	0.16215	0.19750	0.00376	0.04360	0.08157	0.00404	0.00591
88	0.00961	0.00920	0.01568	0.72899	0.03273	0.01138	0.05123	0.01285	0.00992	0.01285	0.00879	0.01316	0.00668	0.00515	0.00567	0.00169	0.05208	0.00450	0.00223	0.00559
89	0.01177	0.01166	0.02100	0.12521	0.50957	0.01167	0.16849	0.01499	0.01122	0.01578	0.00943	0.01259	0.00765	0.00443	0.00508	0.00151	0.00642	0.00467	0.00247	0.04439

[dist]
# distance from previous block
# <min> <max>
0	1

[block]
# block no. 5 follows, 50 sequences, length 53
# corresponding to MSA columns:
# 259-311
name=unknown_F
#
# <colnr> <probs for GDERKNQSTAVLIFYWHMCP>
#	G	D	E	R	K	N	Q	S	T	A	V	L	I	F	Y	W	H	M	C	P
0	0.10331	0.00845	0.00920	0.00873	0.01091	0.00931	0.00684	0.01862	0.38974	0.04552	0.08914	0.12206	0.03981	0.00896	0.00534	0.00178	0.00373	0.10740	0.00480	0.00636
1	0.17989	0.00863	0.03916	0.00778	0.01088	0.00782	0.00648	0.03335	0.00993	0.04334	0.03869	0.01382	0.01006	0.01405	0.23573	0.00311	0.00668	0.00395	0.00312	0.32351
2	0.01566	0.34258	0.01864	0.01075	0.01394	0.39343	0.00900	0.04295	0.01243	0.01276	0.00883	0.01000	0.03080	0.00518	0.00453	0.00125	0.04141	0.00331	0.00253	0.02001
3	0.00760	0.00487	0.00635	0.00705	0.00782	0.00448	0.00498	0.00868	0.01020	0.07938	0.02865	0.60731	0.10267	0.03341	0.00669	0.00204	0.00314	0.06553	0.00472	0.00445
4	0.00725	0.00483	0.00544	0.00544	0.00544	0.00483	0.00302	0.00725	0.00725	0.00966	0.01571	0.03262	0.01812	0.82483	0.02537	0.00483	0.00483	0.00725	0.00302	0.00302
5	0.25927	0.01343	0.01183	0.00997	0.01323	0.12846	0.00798	0.28316	0.18464	0.02370	0.01173	0.01187	0.00877	0.00564	0.00439	0.00152	0.00519	0.00404	0.00411	0.00707
6	0.01126	0.07046	0.40935	0.22345	0.04415	0.01222	0.01518	0.07044	0.01135	0.04496	0.00934	0.01149	0.00684	0.00504	0.00513	0.00158	0.03438	0.00397	0.00251	0.00690
7	0.01143	0.04140	0.01962	0.15959	0.49606	0.01167	0.09482	0.01444	0.01087	0.01513	0.00957	0.01299	0.00793	0.00696	0.06459	0.00200	0.00684	0.00459	0.00243	0.00706
8	0.01085	0.01223	0.08205	0.01337	0.01412	0.01489	0.02996	0.01241	0.00798	0.01241	0.00683	0.01093	0.00655	0.00828	0.01512	0.00212	0.72773	0.00434	0.00218	0.00565
9	0.00737	0.00509	0.00642	0.00697	0.00744	0.00505	0.00503	0.00834	0.00920	0.01216	0.03970	0.14364	0.02446	0.41493	0.01593	0.00350	0.00443	0.27276	0.00384	0.00375
10	0.01261	0.46260	0.30496	0.01099	0.01622	0.08972	0.01221	0.01570	0.01064	0.01324	0.00773	0.00900	0.00637	0.00452	0.00388	0.00127	0.00641	0.00308	0.00216	0.00669
11	0.01329	0.01133	0.04235	0.05456	0.25027	0.01083	0.18921	0.06417	0.07930	0.13231	0.01387	0.09151	0.01145	0.00604	0.00532	0.00162	0.00584	0.00588	0.00359	0.00725
12	0.00607	0.00434	0.00578	0.00694	0.00723	0.00405	0.00463	0.00694	0.00954	0.01272	0.02747	0.82157	0.03297	0.01562	0.00636	0.00202	0.00289	0.01417	0.00463	0.00405
13	0.00844	0.00639	0.04779	0.00769	0.00898	0.00598	0.00617	0.00995	0.00937	0.06463	0.14751	0.02264	0.01818	0.09472	0.42058	0.09835	0.00883	0.00592	0.00333	0.00454
14	0.01187	0.03259	0.10287	0.01979	0.35988	0.02360	0.06911	0.03885	0.05316	0.01673	0.00984	0.01189	0.00792	0.00445	0.00463	0.00132	0.00562	0.00410	0.00276	0.21900
15	0.01220	0.09972	0.01518	0.01174	0.03154	0.01404	0.00959	0.12588	0.04551	0.03440	0.04767	0.01335	0.00990	0.01025	0.08323	0.00240	0.41967	0.00459	0.00303	0.00611
16	0.00667	0.00508	0.00613	0.00587	0.00721	0.00454	0.00440	0.00866	0.01320	0.01784	0.54707	0.04077	0.29240	0.01099	0.00588	0.00161	0.00241	0.00951	0.00520	0.00454
17	0.00965	0.06646	0.01038	0.00861	0.01030	0.00936	0.00673	0.04580	0.23053	0.01484	0.01494	0.01945	0.01317	0.11276	0.38301	0.00497	0.02460	0.00539	0.00344	0.00560
18	0.03557	0.00871	0.01204	0.01044	0.06889	0.00793	0.00785	0.02242	0.01346	0.67039	0.01807	0.01679	0.01188	0.03441	0.00610	0.00168	0.03471	0.00498	0.00559	0.00808
19	0.00725	0.00483	0.00544	0.00544	0.00544	0.00483	0.00302	0.00725	0.00725	0.00966	0.01571	0.03262	0.01812	0.82483	0.02537	0.00483	0.00483	0.00725	0.00302	0.00302
20	0.01895	0.01396	0.01496	0.01147	0.01546	0.01546	0.00947	0.77711	0.02344	0.03141	0.01197	0.01197	0.00848	0.00598	0.00499	0.00150	0.00548	0.00449	0.00499	0.00848
21	0.00607	0.00434	0.00578	0.00694	0.00723	0.00405	0.00463	0.00694	0.00954	0.01272	0.02747	0.82157	0.03297	0.01562	0.00636	0.00202	0.00289	0.01417	0.00463	0.00405
22	0.00803	0.00574	0.00803	0.00918	0.01033	0.00574	0.00803	0.01033	0.01147	0.01492	0.02639	0.05622	0.02869	0.01377	0.00688	0.00229	0.00459	0.76018	0.00459	0.00459
23	0.01240	0.01071	0.01127	0.01014	0.01296	0.01240	0.00789	0.02649	0.78473	0.02085	0.02029	0.01860	0.01522	0.00676	0.00507	0.00169	0.00394	0.00564	0.00507	0.00789
24	0.00712	0.00534	0.00801	0.00801	0.00890	0.00623	0.00623	0.00890	0.00801	0.01157	0.01335	0.01958	0.01246	0.03738	0.80507	0.00801	0.01335	0.00534	0.00267	0.00445
25	0.01333	0.82783	0.02612	0.00853	0.01279	0.01972	0.00853	0.01493	0.01013	0.01173	0.00693	0.00800	0.00640	0.00426	0.00320	0.00107	0.00533	0.00267	0.00213	0.00640
