[name]
unknown

[dist]
# distance from previous block
# <min> <max>
4	187

[block]
# block no. 0 follows, 42 sequences, length 7
# corresponding to MSA columns:
# 244-250
name=unknown_A
#
# <colnr> <probs for GDERKNQSTAVLIFYWHMCP>
#	G	D	E	R	K	N	Q	S	T	A	V	L	I	F	Y	W	H	M	C	P
0	0.01351	0.05468	0.30316	0.01849	0.12437	0.01398	0.13863	0.08057	0.01314	0.04680	0.01112	0.01425	0.00875	0.04416	0.00802	0.00200	0.08836	0.00505	0.00303	0.00793
1	0.00720	0.00524	0.00670	0.00773	0.00837	0.00490	0.00544	0.00837	0.01113	0.01453	0.03339	0.55054	0.13357	0.07531	0.00878	0.00251	0.00361	0.10302	0.00508	0.00458
2	0.19714	0.05539	0.01578	0.01378	0.09273	0.09946	0.01015	0.32834	0.06522	0.05220	0.01205	0.01268	0.00901	0.00610	0.00500	0.00166	0.00611	0.00446	0.00446	0.00826
3	0.01701	0.02283	0.16594	0.09597	0.04628	0.37412	0.09435	0.08521	0.01522	0.01719	0.00989	0.01196	0.00765	0.00564	0.00542	0.00164	0.00898	0.00438	0.00299	0.00731
4	0.00913	0.00589	0.00745	0.00731	0.00878	0.00530	0.00538	0.01104	0.01394	0.09342	0.35420	0.24855	0.18176	0.01325	0.00669	0.00193	0.00307	0.01164	0.00582	0.00543
5	0.08938	0.01565	0.07999	0.01344	0.05194	0.10773	0.01083	0.08609	0.35945	0.02175	0.01571	0.01594	0.01204	0.00702	0.00671	0.00185	0.08676	0.00522	0.00440	0.00809
6	0.01684	0.16677	0.01673	0.09077	0.01672	0.08240	0.00960	0.16733	0.06008	0.14064	0.03300	0.01555	0.01134	0.01014	0.06427	0.07457	0.00677	0.00489	0.00420	0.00739

[dist]
# distance from previous block
# <min> <max>
20	38

[block]
# block no. 1 follows, 42 sequences, length 23
# corresponding to MSA columns:
# 295-317
name=unknown_B
#
# <colnr> <probs for GDERKNQSTAVLIFYWHMCP>
#	G	D	E	R	K	N	Q	S	T	A	V	L	I	F	Y	W	H	M	C	P
0	0.09327	0.01107	0.01126	0.02953	0.01334	0.08084	0.00781	0.10880	0.08999	0.17596	0.09234	0.04234	0.15111	0.00893	0.00575	0.00178	0.00488	0.03781	0.00528	0.02791
1	0.26467	0.00799	0.00869	0.07842	0.01220	0.00833	0.00649	0.01333	0.01265	0.06516	0.25785	0.04873	0.13425	0.03299	0.00615	0.00189	0.00391	0.00744	0.00476	0.02410
2	0.01131	0.08474	0.09512	0.20477	0.05750	0.05654	0.06142	0.01496	0.03117	0.01771	0.21666	0.02340	0.03881	0.00751	0.00576	0.00173	0.00603	0.02568	0.00379	0.03541
3	0.08934	0.06479	0.03457	0.12050	0.01765	0.26542	0.04673	0.01610	0.01322	0.01595	0.06547	0.04105	0.11317	0.04014	0.00642	0.00186	0.00692	0.03113	0.00353	0.00606
4	0.01876	0.00978	0.01240	0.00921	0.01387	0.00790	0.00751	0.02109	0.01399	0.41122	0.01637	0.01558	0.01126	0.00563	0.00495	0.00131	0.00449	0.00455	0.00523	0.40493
5	0.01253	0.01115	0.01645	0.09077	0.31440	0.01174	0.02616	0.04796	0.17661	0.02056	0.16246	0.02275	0.03545	0.00735	0.00590	0.00179	0.00541	0.01847	0.00428	0.00782
6	0.04390	0.01089	0.01418	0.01038	0.01523	0.00923	0.07472	0.07593	0.01373	0.15487	0.01252	0.01339	0.00938	0.00497	0.00475	0.00119	0.00493	0.00418	0.00413	0.51749
7	0.06827	0.00965	0.01281	0.00988	0.01418	0.00850	0.00816	0.02685	0.01576	0.73173	0.02145	0.01863	0.01352	0.00687	0.00554	0.00174	0.00477	0.00552	0.00678	0.00939
8	0.10065	0.01437	0.01401	0.04493	0.01616	0.10989	0.00942	0.31772	0.10307	0.11991	0.01807	0.01776	0.07498	0.00720	0.00545	0.00172	0.00590	0.00549	0.00508	0.00821
9	0.01049	0.00525	0.00525	0.00525	0.00656	0.00525	0.00393	0.01311	0.01180	0.02098	0.01836	0.02098	0.01442	0.00656	0.00393	0.00131	0.00262	0.00525	0.83346	0.00525
10	0.01536	0.01691	0.17772	0.01339	0.01816	0.04420	0.07884	0.31657	0.05759	0.02479	0.02002	0.02181	0.12128	0.00778	0.00589	0.00180	0.00648	0.03884	0.00450	0.00806
11	0.01190	0.01021	0.01177	0.00864	0.01347	0.00815	0.00689	0.01573	0.08559	0.01885	0.01128	0.01259	0.00921	0.00451	0.00432	0.00094	0.00420	0.00363	0.00357	0.75453
12	0.01223	0.10831	0.28579	0.01709	0.02310	0.01386	0.30020	0.01762	0.05652	0.01748	0.01538	0.01724	0.07735	0.00600	0.00580	0.00178	0.00779	0.00583	0.00302	0.00762
13	0.01535	0.13254	0.01550	0.01027	0.01443	0.12010	0.00839	0.13878	0.03300	0.04975	0.01251	0.07298	0.01090	0.00617	0.00479	0.00129	0.00559	0.00477	0.00387	0.33902
14	0.01404	0.01390	0.06934	0.01360	0.01757	0.01412	0.11560	0.06032	0.56441	0.02290	0.01992	0.01918	0.01488	0.00702	0.00583	0.00189	0.00553	0.00619	0.00507	0.00871
15	0.00713	0.00550	0.00651	0.00672	0.00801	0.00488	0.00487	0.00884	0.01329	0.01738	0.28028	0.24851	0.33932	0.01426	0.00679	0.00196	0.00290	0.01242	0.00554	0.00488
16	0.00792	0.00575	0.00746	0.00703	0.00838	0.00529	0.00528	0.01054	0.01583	0.02233	0.74103	0.04243	0.07637	0.01159	0.00664	0.00177	0.00266	0.01023	0.00616	0.00529
17	0.01581	0.11385	0.26790	0.01287	0.01875	0.01507	0.01330	0.30761	0.01759	0.02437	0.01117	0.01216	0.00829	0.00566	0.00507	0.00153	0.00657	0.00426	0.00382	0.13434
18	0.00686	0.00490	0.00653	0.00784	0.00816	0.00457	0.00522	0.00784	0.01077	0.01437	0.03102	0.79855	0.03722	0.01763	0.00718	0.00229	0.00326	0.01600	0.00522	0.00457
19	0.01150	0.01005	0.01532	0.26971	0.22851	0.01087	0.01240	0.01597	0.09570	0.04018	0.08738	0.04367	0.10781	0.00779	0.00592	0.00183	0.00569	0.01879	0.00386	0.00705
20	0.01182	0.01047	0.01363	0.00974	0.01480	0.00812	0.07413	0.01452	0.01182	0.01831	0.01013	0.01199	0.00835	0.00422	0.00439	0.00093	0.00465	0.00364	0.00329	0.76105
21	0.01131	0.10170	0.19152	0.01195	0.05941	0.01078	0.01078	0.04783	0.05156	0.01765	0.01785	0.18911	0.05560	0.00840	0.00542	0.00162	0.00533	0.00710	0.00373	0.19136
22	0.05348	0.06833	0.17911	0.01318	0.01779	0.31689	0.01214	0.07687	0.04330	0.12144	0.01172	0.01237	0.00868	0.00587	0.00509	0.00157	0.00780	0.00416	0.00367	0.03654

[dist]
# distance from previous block
# <min> <max>
0	8

[block]
# block no. 2 follows, 42 sequences, length 21
# corresponding to MSA columns:
# 326-343,372-374
name=unknown_C
#
# <colnr> <probs for GDERKNQSTAVLIFYWHMCP>
#	G	D	E	R	K	N	Q	S	T	A	V	L	I	F	Y	W	H	M	C	P
0	0.03500	0.01051	0.01223	0.00945	0.01357	0.00961	0.00755	0.14018	0.06653	0.16239	0.05875	0.03566	0.01392	0.03543	0.00590	0.00150	0.00458	0.00515	0.00478	0.36731
1	0.01619	0.03872	0.01712	0.16986	0.15787	0.31107	0.01261	0.04553	0.11928	0.01694	0.01208	0.01500	0.00983	0.00618	0.00543	0.00167	0.00780	0.02615	0.00335	0.00733
2	0.00901	0.00732	0.00829	0.00808	0.00924	0.05605	0.00590	0.02928	0.01229	0.01644	0.24261	0.09915	0.08613	0.14930	0.23095	0.00448	0.00730	0.00875	0.00445	0.00500
3	0.01011	0.04266	0.01062	0.00932	0.01066	0.07789	0.00718	0.03332	0.01090	0.01438	0.06962	0.02504	0.06807	0.12632	0.39965	0.00590	0.06310	0.00655	0.00345	0.00526
4	0.00819	0.00616	0.00895	0.00887	0.00972	0.00716	0.00676	0.00993	0.00893	0.01282	0.01516	0.02359	0.01464	0.13372	0.66449	0.00840	0.03835	0.00626	0.00305	0.00486
5	0.01082	0.00810	0.00974	0.04032	0.01146	0.00883	0.00690	0.11908	0.09783	0.01727	0.01981	0.04662	0.04978	0.28761	0.17622	0.00465	0.00737	0.06780	0.00414	0.00562
6	0.01167	0.01000	0.01167	0.00834	0.01334	0.00750	0.00667	0.01417	0.01167	0.01834	0.01000	0.01167	0.00834	0.00417	0.00417	0.00083	0.00417	0.00333	0.00333	0.83663
7	0.01911	0.01349	0.04269	0.08529	0.10076	0.01351	0.06651	0.28049	0.07520	0.22121	0.01559	0.01581	0.01087	0.00639	0.00570	0.00175	0.00618	0.00540	0.00508	0.00896
8	0.01049	0.00525	0.00525	0.00525	0.00656	0.00525	0.00393	0.01311	0.01180	0.02098	0.01836	0.02098	0.01442	0.00656	0.00393	0.00131	0.00262	0.00525	0.83346	0.00525
9	0.01335	0.01141	0.01216	0.01098	0.01396	0.01306	0.00852	0.02782	0.67702	0.02344	0.10286	0.02327	0.02105	0.00805	0.00582	0.00189	0.00426	0.00677	0.00578	0.00852
10	0.01022	0.00945	0.01576	0.70447	0.03546	0.01165	0.01451	0.01367	0.01120	0.01438	0.01227	0.09952	0.01071	0.00692	0.00579	0.00192	0.00704	0.00619	0.00279	0.00607
11	0.00762	0.00581	0.00704	0.00694	0.00847	0.00524	0.00535	0.00983	0.01451	0.01934	0.43392	0.04865	0.30351	0.01292	0.00676	0.00190	0.00300	0.08834	0.00574	0.00510
12	0.01682	0.01819	0.04694	0.02539	0.42976	0.24015	0.01472	0.10598	0.01533	0.01904	0.01036	0.01269	0.00844	0.00547	0.00542	0.00161	0.00771	0.00458	0.00314	0.00827
13	0.01078	0.01038	0.01826	0.67779	0.03664	0.01240	0.09410	0.01453	0.01145	0.01477	0.01092	0.04352	0.00869	0.00597	0.00579	0.00189	0.00756	0.00558	0.00264	0.00633
14	0.01049	0.00525	0.00525	0.00525	0.00656	0.00525	0.00393	0.01311	0.01180	0.02098	0.01836	0.02098	0.01442	0.00656	0.00393	0.00131	0.00262	0.00525	0.83346	0.00525
15	0.29645	0.01784	0.01368	0.01161	0.01523	0.27192	0.00921	0.25905	0.01727	0.02475	0.00999	0.01092	0.00762	0.00592	0.00472	0.00163	0.00691	0.00390	0.00399	0.00738
16	0.84197	0.01088	0.00827	0.00740	0.01088	0.01262	0.00609	0.01654	0.00958	0.02525	0.00784	0.00914	0.00609	0.00522	0.00348	0.00174	0.00435	0.00305	0.00348	0.00609
17	0.01049	0.00525	0.00525	0.00525	0.00656	0.00525	0.00393	0.01311	0.01180	0.02098	0.01836	0.02098	0.01442	0.00656	0.00393	0.00131	0.00262	0.00525	0.83346	0.00525
18	0.01049	0.00525	0.00525	0.00525	0.00656	0.00525	0.00393	0.01311	0.01180	0.02098	0.01836	0.02098	0.01442	0.00656	0.00393	0.00131	0.00262	0.00525	0.83346	0.00525
19	0.34182	0.01498	0.01209	0.01033	0.01380	0.19998	0.00822	0.12948	0.01506	0.13136	0.06329	0.01377	0.01128	0.00628	0.00473	0.00166	0.00599	0.00436	0.00435	0.00717
20	0.01725	0.01372	0.01526	0.01250	0.01582	0.01585	0.01015	0.38944	0.25179	0.02810	0.04589	0.01683	0.01340	0.00766	0.00753	0.00187	0.11734	0.00566	0.00523	0.00871

[dist]
# distance from previous block
# <min> <max>
0	1

[block]
# block no. 3 follows, 42 sequences, length 19
# corresponding to MSA columns:
# 376-387,390-396
name=unknown_D
#
# <colnr> <probs for GDERKNQSTAVLIFYWHMCP>
#	G	D	E	R	K	N	Q	S	T	A	V	L	I	F	Y	W	H	M	C	P
0	0.12142	0.00846	0.01351	0.08634	0.01595	0.00855	0.15671	0.01244	0.01106	0.04651	0.01953	0.35291	0.02083	0.01195	0.00777	0.08133	0.00530	0.00984	0.00405	0.00555
1	0.00816	0.00637	0.00760	0.00820	0.00952	0.00623	0.00616	0.01156	0.11170	0.01628	0.03682	0.35611	0.23282	0.01499	0.00695	0.00219	0.00366	0.14409	0.00528	0.00531
2	0.01775	0.01269	0.01404	0.01130	0.01494	0.01376	0.00914	0.42966	0.14239	0.08429	0.16780	0.02092	0.01995	0.00788	0.00585	0.00174	0.00509	0.00636	0.00586	0.00860
3	0.01049	0.00525	0.00525	0.00525	0.00656	0.00525	0.00393	0.01311	0.01180	0.02098	0.01836	0.02098	0.01442	0.00656	0.00393	0.00131	0.00262	0.00525	0.83346	0.00525
4	0.01366	0.01760	0.17971	0.01997	0.02578	0.01397	0.46590	0.11535	0.01465	0.02015	0.01234	0.05134	0.00975	0.00574	0.00627	0.00186	0.00851	0.00637	0.00324	0.00786
5	0.01267	0.00997	0.01177	0.00846	0.01341	0.00756	0.00679	0.01514	0.01200	0.07356	0.01090	0.01222	0.00875	0.00437	0.00428	0.00090	0.00421	0.00350	0.00360	0.77595
6	0.01217	0.00983	0.01072	0.00972	0.01239	0.01075	0.00752	0.02290	0.47707	0.04912	0.18102	0.02973	0.12467	0.00930	0.00604	0.00187	0.00388	0.00787	0.00580	0.00763
7	0.01535	0.03336	0.33181	0.01722	0.10330	0.01252	0.11622	0.05602	0.04566	0.17515	0.02983	0.01514	0.01047	0.00585	0.00564	0.00177	0.00713	0.00515	0.00382	0.00855
8	0.01364	0.01563	0.11410	0.01172	0.01526	0.13482	0.01013	0.02362	0.41096	0.02059	0.10226	0.02241	0.06484	0.00787	0.00573	0.00180	0.00559	0.00639	0.00485	0.00779
9	0.01145	0.02111	0.44502	0.24653	0.02736	0.01302	0.01766	0.01841	0.11151	0.01756	0.01179	0.01404	0.00859	0.00574	0.00548	0.00183	0.00756	0.00471	0.00286	0.00778
10	0.01237	0.11729	0.01590	0.01283	0.06833	0.02965	0.07309	0.02025	0.31626	0.01913	0.05783	0.08386	0.10329	0.00879	0.00584	0.00183	0.00506	0.03634	0.00466	0.00739
11	0.00829	0.00688	0.00924	0.04871	0.11121	0.00646	0.00701	0.01046	0.01362	0.01803	0.28764	0.11047	0.31701	0.01196	0.00650	0.00186	0.00356	0.01041	0.00510	0.00556
12	0.01328	0.01588	0.08309	0.03587	0.04048	0.16317	0.25276	0.01756	0.07741	0.01684	0.01560	0.17297	0.01470	0.00787	0.00608	0.00182	0.00745	0.00747	0.00356	0.04615
13	0.00783	0.00568	0.00732	0.00776	0.00852	0.00575	0.00562	0.00909	0.01020	0.01355	0.02654	0.18022	0.12341	0.24203	0.21050	0.00489	0.00712	0.11535	0.00415	0.00448
14	0.01295	0.01320	0.06985	0.24447	0.17657	0.01322	0.10943	0.05509	0.17571	0.01920	0.01364	0.01608	0.01039	0.00590	0.00568	0.00181	0.00672	0.00547	0.03682	0.00781
15	0.00774	0.00574	0.00721	0.00684	0.00827	0.00521	0.00513	0.01018	0.01540	0.02131	0.64296	0.04411	0.17508	0.01198	0.00664	0.00179	0.00269	0.01047	0.00603	0.00521
16	0.01287	0.01162	0.01479	0.21922	0.15095	0.08895	0.01168	0.03250	0.11943	0.04523	0.05903	0.02109	0.04104	0.01085	0.07981	0.02643	0.00716	0.03665	0.00376	0.00694
17	0.01113	0.01038	0.01671	0.15879	0.33088	0.01040	0.04859	0.01411	0.01280	0.01741	0.09257	0.02492	0.16607	0.00756	0.00588	0.00173	0.00566	0.00689	0.00359	0.05394
18	0.03323	0.00723	0.00868	0.00859	0.01005	0.00760	0.00641	0.04079	0.14211	0.01850	0.17695	0.21364	0.05831	0.08385	0.10480	0.00320	0.00526	0.06004	0.00504	0.00572

[dist]
# distance from previous block
# <min> <max>
4	9

[block]
# block no. 4 follows, 42 sequences, length 23
# corresponding to MSA columns:
# 407-429
name=unknown_E
#
# <colnr> <probs for GDERKNQSTAVLIFYWHMCP>
#	G	D	E	R	K	N	Q	S	T	A	V	L	I	F	Y	W	H	M	C	P
0	0.01093	0.00887	0.01248	0.19031	0.13289	0.00962	0.00945	0.08548	0.02898	0.01604	0.01657	0.09150	0.03325	0.29840	0.02910	0.00331	0.00610	0.00733	0.00357	0.00582
1	0.02621	0.02838	0.01528	0.26196	0.09381	0.02688	0.03370	0.14914	0.01469	0.02019	0.08370	0.08014	0.01529	0.00802	0.02018	0.00189	0.02223	0.00631	0.05970	0.03227
2	0.29537	0.01380	0.06529	0.01144	0.03681	0.08629	0.00944	0.02997	0.04222	0.01978	0.02703	0.02961	0.00927	0.00662	0.00729	0.00174	0.16644	0.00430	0.00333	0.13396
3	0.01034	0.07192	0.01247	0.19265	0.05979	0.00969	0.00873	0.05518	0.02831	0.01571	0.04085	0.16543	0.04126	0.18023	0.04668	0.00295	0.00584	0.00800	0.03833	0.00565
4	0.01337	0.16976	0.24931	0.01125	0.01607	0.01251	0.01175	0.01870	0.11107	0.11690	0.16867	0.02094	0.04194	0.00729	0.00540	0.00168	0.00558	0.00589	0.00429	0.00762
5	0.00777	0.00626	0.00708	0.00703	0.00873	0.00569	0.00517	0.01052	0.07257	0.01709	0.16606	0.22033	0.37507	0.01351	0.00657	0.00191	0.00311	0.01166	0.00533	0.04852
6	0.00870	0.00622	0.00750	0.00702	0.00875	0.00570	0.00532	0.01159	0.05033	0.05661	0.48214	0.04354	0.26166	0.01192	0.00655	0.00181	0.00290	0.01028	0.00592	0.00552
7	0.01275	0.07069	0.01270	0.00956	0.01296	0.06958	0.00758	0.06874	0.17985	0.02030	0.13961	0.05825	0.05837	0.00766	0.00532	0.00149	0.00461	0.00630	0.00458	0.24909
8	0.00812	0.00603	0.00759	0.00715	0.00861	0.00564	0.00538	0.01125	0.04806	0.02198	0.67147	0.04215	0.11219	0.01157	0.00660	0.00179	0.00275	0.01016	0.00609	0.00542
9	0.01161	0.05139	0.69027	0.01733	0.08370	0.01337	0.02017	0.01775	0.01194	0.01773	0.01007	0.01196	0.00728	0.00530	0.00531	0.00176	0.00812	0.00419	0.00241	0.00833
10	0.01249	0.02084	0.33726	0.02101	0.05809	0.01372	0.41752	0.01791	0.01269	0.01796	0.01082	0.01377	0.00797	0.00500	0.00606	0.00184	0.00889	0.00555	0.00265	0.00794
11	0.01231	0.01231	0.01724	0.01477	0.01477	0.01724	0.01231	0.01354	0.00862	0.01354	0.00739	0.01231	0.00739	0.00985	0.01847	0.00246	0.79192	0.00492	0.00246	0.00616
12	0.01040	0.00901	0.00963	0.00976	0.02751	0.06972	0.00706	0.01586	0.20479	0.01927	0.24190	0.26805	0.03351	0.01195	0.00647	0.00197	0.00409	0.03748	0.00540	0.00618
13	0.05644	0.03064	0.08380	0.22149	0.13316	0.01231	0.07701	0.07649	0.01412	0.21921	0.01359	0.01516	0.00957	0.00584	0.00554	0.00177	0.00662	0.00511	0.00404	0.00810
14	0.01049	0.00525	0.00525	0.00525	0.00656	0.00525	0.00393	0.01311	0.01180	0.02098	0.01836	0.02098	0.01442	0.00656	0.00393	0.00131	0.00262	0.00525	0.83346	0.00525
15	0.01344	0.01231	0.02132	0.25872	0.45993	0.01293	0.06814	0.01695	0.01254	0.05356	0.01103	0.01459	0.00871	0.00527	0.00567	0.00175	0.00704	0.00516	0.00291	0.00805
16	0.01049	0.00525	0.00525	0.00525	0.00656	0.00525	0.00393	0.01311	0.01180	0.02098	0.01836	0.02098	0.01442	0.00656	0.00393	0.00131	0.00262	0.00525	0.83346	0.00525
17	0.03981	0.43825	0.02824	0.01426	0.01911	0.01776	0.25789	0.01740	0.01222	0.05479	0.01079	0.04615	0.00929	0.00548	0.00489	0.00153	0.00695	0.00494	0.00295	0.00732
18	0.01049	0.00525	0.00525	0.00525	0.00656	0.00525	0.00393	0.01311	0.01180	0.02098	0.01836	0.02098	0.01442	0.00656	0.00393	0.00131	0.00262	0.00525	0.83346	0.00525
19	0.01176	0.01031	0.01703	0.66382	0.09524	0.01240	0.01517	0.01576	0.03437	0.05444	0.01108	0.01532	0.00825	0.00571	0.00563	0.00185	0.00720	0.00508	0.00285	0.00672
20	0.00919	0.00769	0.00977	0.01108	0.11587	0.00746	0.00714	0.01336	0.11786	0.01954	0.30717	0.03938	0.29082	0.01101	0.00636	0.00182	0.00354	0.00951	0.00531	0.00612
21	0.01363	0.01296	0.02149	0.10161	0.64013	0.01334	0.01645	0.01802	0.07243	0.01843	0.01152	0.01459	0.00945	0.00528	0.00559	0.00171	0.00658	0.00512	0.00300	0.00867
22	0.01824	0.03632	0.30061	0.01210	0.01803	0.01034	0.01286	0.02209	0.01391	0.38582	0.01595	0.01534	0.01059	0.00600	0.00533	0.00164	0.00608	0.00477	0.00472	0.09923

[dist]
# distance from previous block
# <min> <max>
0	4

[block]
# block no. 5 follows, 42 sequences, length 10
# corresponding to MSA columns:
# 452-461
name=unknown_F
#
# <colnr> <probs for GDERKNQSTAVLIFYWHMCP>
#	G	D	E	R	K	N	Q	S	T	A	V	L	I	F	Y	W	H	M	C	P
0	0.06177	0.01848	0.32732	0.07397	0.05872	0.01255	0.01429	0.15703	0.04491	0.02033	0.01112	0.01362	0.00852	0.00805	0.00808	0.13924	0.00680	0.00459	0.00325	0.00736
1	0.01500	0.50265	0.02477	0.01139	0.01487	0.02037	0.01048	0.09678	0.01233	0.01578	0.00833	0.01042	0.00753	0.00640	0.00787	0.00160	0.21971	0.00376	0.00278	0.00719
2	0.01049	0.00525	0.00525	0.00525	0.00656	0.00525	0.00393	0.01311	0.01180	0.02098	0.01836	0.02098	0.01442	0.00656	0.00393	0.00131	0.00262	0.00525	0.83346	0.00525
3	0.01913	0.02298	0.01592	0.01558	0.07865	0.57434	0.01104	0.02342	0.15328	0.01597	0.01149	0.01247	0.00923	0.00608	0.00524	0.00155	0.00881	0.00425	0.00342	0.00716
4	0.01708	0.04102	0.17909	0.03924	0.01857	0.04138	0.07236	0.14335	0.01606	0.22367	0.09383	0.01754	0.01443	0.00673	0.00599	0.00173	0.02759	0.00553	0.00466	0.03015
5	0.00869	0.00700	0.01064	0.14074	0.01504	0.00784	0.03675	0.01121	0.03848	0.01392	0.01788	0.17912	0.01821	0.10785	0.35446	0.00554	0.00978	0.00813	0.00351	0.00522
6	0.01328	0.01518	0.03321	0.02372	0.02941	0.01423	0.74668	0.01803	0.01328	0.01803	0.01139	0.01518	0.00854	0.00474	0.00664	0.00190	0.00949	0.00664	0.00285	0.00759
7	0.01198	0.01168	0.07393	0.17072	0.12137	0.01116	0.03239	0.11645	0.09035	0.02032	0.12026	0.10574	0.07271	0.00857	0.00602	0.00185	0.00557	0.00751	0.00429	0.00713
8	0.00806	0.00597	0.00872	0.00872	0.00962	0.00686	0.00663	0.00984	0.00895	0.01283	0.01537	0.02373	0.01478	0.12618	0.69691	0.00865	0.01401	0.00627	0.00306	0.00485
9	0.01344	0.04901	0.06516	0.29248	0.02443	0.24150	0.05485	0.01623	0.01301	0.01469	0.01666	0.05417	0.10682	0.00724	0.00562	0.00174	0.00760	0.00594	0.00311	0.00631

[dist]
# distance from previous block
# <min> <max>
0	2

[block]
# block no. 6 follows, 42 sequences, length 18
# corresponding to MSA columns:
# 464-481
name=unknown_G
#
# <colnr> <probs for GDERKNQSTAVLIFYWHMCP>
#	G	D	E	R	K	N	Q	S	T	A	V	L	I	F	Y	W	H	M	C	P
0	0.01386	0.10986	0.03433	0.04410	0.06680	0.25544	0.09212	0.01597	0.01304	0.01490	0.01626	0.23689	0.01699	0.00923	0.00584	0.00179	0.00706	0.03568	0.00355	0.00631
1	0.01049	0.00525	0.00525	0.00525	0.00656	0.00525	0.00393	0.01311	0.01180	0.02098	0.01836	0.02098	0.01442	0.00656	0.00393	0.00131	0.00262	0.00525	0.83346	0.00525
2	0.01215	0.01146	0.01771	0.60816	0.06699	0.03964	0.04894	0.06775	0.04138	0.01656	0.01079	0.01492	0.00812	0.00572	0.00566	0.00184	0.00744	0.00509	0.00289	0.00678
3	0.01049	0.00525	0.00525	0.00525	0.00656	0.00525	0.00393	0.01311	0.01180	0.02098	0.01836	0.02098	0.01442	0.00656	0.00393	0.00131	0.00262	0.00525	0.83346	0.00525
4	0.01136	0.04977	0.55079	0.01519	0.02154	0.01337	0.04479	0.01660	0.01179	0.01746	0.07188	0.01446	0.01101	0.00645	0.00731	0.00186	0.11912	0.00482	0.00272	0.00770
5	0.01049	0.00525	0.00525	0.00525	0.00656	0.00525	0.00393	0.01311	0.01180	0.02098	0.01836	0.02098	0.01442	0.00656	0.00393	0.00131	0.00262	0.00525	0.83346	0.00525
6	0.01288	0.01199	0.01459	0.01282	0.03254	0.04119	0.07648	0.02240	0.40986	0.01983	0.02207	0.04886	0.08940	0.00838	0.00754	0.00192	0.10948	0.00681	0.00468	0.04628
7	0.02102	0.02682	0.01595	0.01450	0.01740	0.77963	0.01087	0.02247	0.01595	0.01377	0.00870	0.01015	0.00725	0.00580	0.00507	0.00145	0.01015	0.00362	0.00290	0.00652
8	0.01260	0.12658	0.07190	0.09414	0.12747	0.04146	0.01114	0.01937	0.23753	0.01813	0.03415	0.08162	0.06544	0.00765	0.00550	0.00174	0.00557	0.00644	0.00401	0.02757
9	0.01506	0.47197	0.25879	0.01167	0.01752	0.01779	0.01294	0.01838	0.01211	0.10243	0.01020	0.01109	0.00797	0.00523	0.00439	0.00145	0.00659	0.00367	0.00293	0.00784
10	0.02037	0.24991	0.11762	0.01069	0.01570	0.01308	0.01032	0.02301	0.01416	0.44591	0.01632	0.01518	0.01103	0.00611	0.00501	0.00159	0.00562	0.00467	0.00500	0.00871
11	0.01158	0.01002	0.01720	0.55796	0.05822	0.01156	0.08007	0.01500	0.01177	0.06632	0.01320	0.09817	0.01123	0.00689	0.00588	0.00190	0.00702	0.00636	0.00313	0.00651
12	0.01603	0.29605	0.12687	0.01413	0.01907	0.16449	0.12799	0.09785	0.05506	0.01769	0.01030	0.01174	0.00822	0.00543	0.00494	0.00153	0.00761	0.00426	0.00310	0.00764
13	0.01355	0.03571	0.05716	0.13063	0.49801	0.01335	0.03817	0.06629	0.01363	0.01906	0.05180	0.01538	0.01104	0.00557	0.00561	0.00170	0.00669	0.00525	0.00310	0.00829
14	0.01049	0.00525	0.00525	0.00525	0.00656	0.00525	0.00393	0.01311	0.01180	0.02098	0.01836	0.02098	0.01442	0.00656	0.00393	0.00131	0.00262	0.00525	0.83346	0.00525
15	0.00944	0.00643	0.00833	0.00870	0.00971	0.00653	0.00624	0.01214	0.08487	0.07830	0.06815	0.54921	0.03191	0.01601	0.03717	0.00244	0.04063	0.01297	0.00526	0.00554
16	0.01314	0.04595	0.31504	0.01910	0.06873	0.03805	0.28626	0.07116	0.01359	0.01879	0.01174	0.05079	0.00938	0.00579	0.00588	0.00181	0.00824	0.00570	0.00297	0.00791
17	0.01197	0.10925	0.24381	0.01740	0.02286	0.01352	0.32831	0.01628	0.01220	0.01679	0.01330	0.12472	0.01202	0.00687	0.00626	0.00185	0.02551	0.00679	0.00299	0.00730

[dist]
# distance from previous block
# <min> <max>
0	1

[block]
# block no. 7 follows, 42 sequences, length 17
# corresponding to MSA columns:
# 485-501
name=unknown_H
#
# <colnr> <probs for GDERKNQSTAVLIFYWHMCP>
#	G	D	E	R	K	N	Q	S	T	A	V	L	I	F	Y	W	H	M	C	P
0	0.03947	0.30301	0.24361	0.01351	0.01938	0.01614	0.11894	0.04063	0.04091	0.01727	0.00998	0.01162	0.00792	0.00508	0.00475	0.00149	0.00689	0.00410	0.00282	0.09247
1	0.01219	0.01203	0.03750	0.03111	0.01437	0.06874	0.02601	0.06742	0.11833	0.01726	0.03281	0.17327	0.07406	0.01057	0.01040	0.00211	0.27342	0.00789	0.00402	0.00648
2	0.01393	0.01337	0.02284	0.03454	0.76712	0.01337	0.01727	0.01727	0.01281	0.01839	0.01059	0.01393	0.00891	0.00501	0.00557	0.00167	0.00669	0.00501	0.00279	0.00891
3	0.01003	0.03520	0.04418	0.01333	0.01620	0.00978	0.22788	0.01348	0.04740	0.01543	0.01880	0.08559	0.07607	0.05171	0.30320	0.00477	0.01002	0.00744	0.00343	0.00605
4	0.00965	0.00493	0.00723	0.00723	0.00723	0.00493	0.00477	0.00740	0.00740	0.00987	0.01042	0.01871	0.01064	0.08324	0.02254	0.76865	0.00493	0.00516	0.00252	0.00252
5	0.01596	0.47454	0.02274	0.01077	0.01458	0.24615	0.00947	0.01776	0.01334	0.01455	0.10141	0.01344	0.01289	0.00593	0.00442	0.00135	0.00684	0.00408	0.00302	0.00678
6	0.04367	0.29821	0.12701	0.01039	0.01556	0.01487	0.01014	0.05946	0.07305	0.01810	0.01041	0.01153	0.00847	0.00504	0.00432	0.00127	0.00557	0.00367	0.00320	0.27605
7	0.01787	0.21714	0.06149	0.01316	0.07659	0.14041	0.01053	0.05520	0.10386	0.18912	0.05057	0.01533	0.01243	0.00627	0.00507	0.00157	0.00626	0.00479	0.00429	0.00806
8	0.01873	0.01974	0.06780	0.01314	0.01686	0.33175	0.01077	0.13315	0.22882	0.08081	0.01465	0.01459	0.01096	0.00653	0.00541	0.00166	0.00737	0.00482	0.00440	0.00803
9	0.01049	0.00525	0.00525	0.00525	0.00656	0.00525	0.00393	0.01311	0.01180	0.02098	0.01836	0.02098	0.01442	0.00656	0.00393	0.00131	0.00262	0.00525	0.83346	0.00525
10	0.01492	0.01199	0.01408	0.22277	0.02116	0.05695	0.01071	0.10636	0.29478	0.09640	0.01804	0.07760	0.01431	0.00758	0.00576	0.00186	0.00576	0.00636	0.00476	0.00786
11	0.01049	0.00525	0.00525	0.00525	0.00656	0.00525	0.00393	0.01311	0.01180	0.02098	0.01836	0.02098	0.01442	0.00656	0.00393	0.00131	0.00262	0.00525	0.83346	0.00525
12	0.04323	0.17025	0.08722	0.05402	0.01375	0.01054	0.00867	0.01509	0.01415	0.11261	0.37484	0.02683	0.03015	0.00842	0.00560	0.00166	0.00449	0.00702	0.00484	0.00660
13	0.01049	0.00525	0.00525	0.00525	0.00656	0.00525	0.00393	0.01311	0.01180	0.02098	0.01836	0.02098	0.01442	0.00656	0.00393	0.00131	0.00262	0.00525	0.83346	0.00525
14	0.01044	0.00986	0.01504	0.48130	0.08321	0.04503	0.03135	0.01339	0.01157	0.01476	0.01608	0.19249	0.03552	0.00852	0.00600	0.00194	0.00653	0.00765	0.00324	0.00607
15	0.01149	0.18998	0.09512	0.01130	0.01502	0.01257	0.06362	0.01411	0.01079	0.01522	0.01142	0.04346	0.01039	0.01492	0.19769	0.00333	0.08160	0.00488	0.00290	0.19019
16	0.01574	0.01641	0.01493	0.21238	0.02158	0.27784	0.01114	0.10041	0.11852	0.01836	0.04577	0.01526	0.01134	0.00763	0.03439	0.00191	0.00770	0.00489	0.00367	0.06014

[dist]
# distance from previous block
# <min> <max>
0	1

[block]
# block no. 8 follows, 42 sequences, length 21
# corresponding to MSA columns:
# 503-523
name=unknown_I
#
# <colnr> <probs for GDERKNQSTAVLIFYWHMCP>
#	G	D	E	R	K	N	Q	S	T	A	V	L	I	F	Y	W	H	M	C	P
0	0.01258	0.01940	0.29378	0.02195	0.16496	0.01341	0.29153	0.01824	0.05421	0.01824	0.01188	0.03256	0.00927	0.00548	0.00594	0.00182	0.00811	0.00565	0.00288	0.00810
1	0.05346	0.08561	0.28796	0.01364	0.01931	0.08480	0.01399	0.30984	0.03803	0.02461	0.01139	0.01227	0.00835	0.00596	0.00522	0.00167	0.00717	0.00439	0.00386	0.00848
2	0.01049	0.00525	0.00525	0.00525	0.00656	0.00525	0.00393	0.01311	0.01180	0.02098	0.01836	0.02098	0.01442	0.00656	0.00393	0.00131	0.00262	0.00525	0.83346	0.00525
3	0.01509	0.01184	0.01276	0.01131	0.01461	0.01344	0.00885	0.02966	0.68498	0.09615	0.02284	0.02082	0.01686	0.00757	0.00572	0.00189	0.00449	0.00629	0.00585	0.00897
4	0.01619	0.01318	0.01396	0.01190	0.01547	0.01502	0.00944	0.24244	0.54085	0.02707	0.02013	0.01878	0.01493	0.00737	0.00570	0.00184	0.00497	0.00598	0.00570	0.00910
5	0.84197	0.01088	0.00827	0.00740	0.01088	0.01262	0.00609	0.01654	0.00958	0.02525	0.00784	0.00914	0.00609	0.00522	0.00348	0.00174	0.00435	0.00305	0.00348	0.00609
6	0.01601	0.01274	0.01365	0.01165	0.01504	0.01435	0.00920	0.29079	0.41703	0.02702	0.02025	0.09379	0.01634	0.00828	0.00583	0.00186	0.00497	0.00682	0.00564	0.00873
7	0.00966	0.03365	0.01317	0.01092	0.01238	0.00994	0.07937	0.01176	0.01152	0.01622	0.21009	0.02743	0.09135	0.05286	0.19307	0.00382	0.19587	0.00743	0.00389	0.00559
8	0.00811	0.00575	0.00762	0.00762	0.00813	0.00626	0.00526	0.00914	0.00862	0.01201	0.01638	0.02932	0.01720	0.41441	0.41199	0.00729	0.01036	0.00708	0.00321	0.00423
9	0.01505	0.80561	0.02949	0.00963	0.01444	0.02227	0.00963	0.01685	0.01143	0.01324	0.00782	0.00903	0.00722	0.00481	0.00361	0.00120	0.00602	0.00301	0.00241	0.00722
10	0.01147	0.04547	0.41930	0.23778	0.02813	0.01354	0.08901	0.01659	0.01164	0.01647	0.00997	0.01303	0.00739	0.00560	0.00623	0.00184	0.05193	0.00465	0.00246	0.00750
11	0.01943	0.01714	0.01530	0.01276	0.01650	0.20296	0.01012	0.33362	0.22740	0.06358	0.01539	0.01506	0.01134	0.00678	0.00552	0.00169	0.00661	0.00510	0.00505	0.00864
12	0.01591	0.01216	0.02225	0.01665	0.02101	0.01163	0.36484	0.08962	0.01461	0.19959	0.01609	0.07742	0.01272	0.01031	0.08549	0.00260	0.00813	0.00692	0.00431	0.00776
13	0.01049	0.00525	0.00525	0.00525	0.00656	0.00525	0.00393	0.01311	0.01180	0.02098	0.01836	0.02098	0.01442	0.00656	0.00393	0.00131	0.00262	0.00525	0.83346	0.00525
14	0.01552	0.01328	0.02156	0.06461	0.55281	0.01346	0.04810	0.10486	0.01464	0.07882	0.01185	0.01439	0.00930	0.00539	0.00564	0.00170	0.00664	0.00514	0.00344	0.00886
15	0.01049	0.00525	0.00525	0.00525	0.00656	0.00525	0.00393	0.01311	0.01180	0.02098	0.01836	0.02098	0.01442	0.00656	0.00393	0.00131	0.00262	0.00525	0.83346	0.00525
16	0.00971	0.00826	0.01097	0.01006	0.01211	0.00844	0.07822	0.01578	0.23524	0.01852	0.11328	0.29429	0.13779	0.01220	0.00655	0.00202	0.00410	0.01094	0.00525	0.00627
17	0.01265	0.32721	0.01990	0.01087	0.04907	0.01370	0.04954	0.01486	0.01161	0.01582	0.01170	0.10322	0.01132	0.00608	0.00450	0.00125	0.00521	0.00495	0.00313	0.32341
18	0.01128	0.01015	0.01124	0.03433	0.03277	0.07163	0.02779	0.06676	0.01375	0.01845	0.10244	0.11588	0.16677	0.00894	0.00561	0.00151	0.00460	0.00759	0.00432	0.28417
19	0.02964	0.03320	0.03441	0.01209	0.03620	0.05181	0.02943	0.22685	0.14586	0.09751	0.01683	0.01897	0.02969	0.02381	0.08515	0.00249	0.00668	0.03293	0.00475	0.08172
20	0.03693	0.07018	0.01351	0.04300	0.01429	0.02862	0.02805	0.09066	0.05388	0.24373	0.02006	0.02402	0.06649	0.10597	0.02872	0.00235	0.00556	0.05004	0.00490	0.06907

[dist]
# distance from previous block
# <min> <max>
2	27

[block]
# block no. 9 follows, 42 sequences, length 6
# corresponding to MSA columns:
# 553-558
name=unknown_J
#
# <colnr> <probs for GDERKNQSTAVLIFYWHMCP>
#	G	D	E	R	K	N	Q	S	T	A	V	L	I	F	Y	W	H	M	C	P
0	0.01534	0.12673	0.01915	0.04946	0.01780	0.05720	0.11596	0.17909	0.09445	0.05204	0.08035	0.01807	0.04478	0.00727	0.00706	0.00177	0.09588	0.00579	0.00421	0.00759
1	0.01124	0.00917	0.01302	0.01096	0.01335	0.00943	0.10151	0.07627	0.09852	0.03957	0.18322	0.11194	0.05541	0.05990	0.08510	0.00278	0.05088	0.00822	0.00468	0.05483
2	0.01203	0.01096	0.05554	0.01394	0.08910	0.04126	0.10327	0.03378	0.09822	0.07012	0.12374	0.18624	0.02435	0.04707	0.00743	0.00212	0.00544	0.06401	0.00466	0.00673
3	0.01432	0.33198	0.04629	0.10105	0.01934	0.07284	0.10459	0.06549	0.08739	0.01745	0.07696	0.01505	0.01259	0.00598	0.00500	0.00156	0.00657	0.00488	0.00338	0.00729
4	0.01243	0.00981	0.01551	0.39967	0.02692	0.01104	0.06900	0.01720	0.10332	0.10236	0.01689	0.08986	0.01458	0.00800	0.00607	0.00197	0.00637	0.07824	0.00394	0.00681
5	0.01374	0.06370	0.06148	0.23287	0.14996	0.01231	0.06961	0.08052	0.01351	0.09264	0.01399	0.10378	0.01203	0.00691	0.00566	0.00176	0.00643	0.00619	0.00363	0.04928

[dist]
# distance from previous block
# <min> <max>
2	3

[block]
# block no. 10 follows, 42 sequences, length 6
# corresponding to MSA columns:
# 562-567
name=unknown_K
#
# <colnr> <probs for GDERKNQSTAVLIFYWHMCP>
#	G	D	E	R	K	N	Q	S	T	A	V	L	I	F	Y	W	H	M	C	P
0	0.07956	0.00641	0.00688	0.00667	0.00862	0.00580	0.00498	0.01083	0.01257	0.09161	0.08167	0.15033	0.45548	0.04459	0.00724	0.00206	0.00332	0.01085	0.00523	0.00530
1	0.01030	0.00780	0.00977	0.08596	0.01277	0.00786	0.00694	0.11724	0.01513	0.02083	0.33730	0.10946	0.06228	0.10252	0.00883	0.00219	0.00415	0.00886	0.00508	0.06470
2	0.01401	0.05088	0.13893	0.01995	0.17901	0.06941	0.17355	0.01869	0.08029	0.05738	0.01294	0.05620	0.01074	0.00656	0.00704	0.00184	0.08568	0.00578	0.00331	0.00781
3	0.01805	0.01128	0.01358	0.01071	0.01464	0.01126	0.00870	0.12616	0.15263	0.27110	0.01670	0.01620	0.01192	0.00662	0.00646	0.00160	0.07639	0.00506	0.00523	0.21572
4	0.01107	0.13141	0.01289	0.08179	0.01373	0.01038	0.00795	0.12183	0.01492	0.01930	0.15859	0.09059	0.19713	0.01077	0.00610	0.00185	0.00455	0.09425	0.00476	0.00613
5	0.08985	0.07989	0.06717	0.01100	0.01553	0.01192	0.05457	0.06795	0.06488	0.09706	0.01192	0.01304	0.00918	0.00555	0.00567	0.00142	0.06109	0.00422	0.00381	0.32427

[dist]
# distance from previous block
# <min> <max>
2	60

# created by:
# /st0/software/busco_prod/Augustus/scripts/msa2prfl.pl ./align_prep/49230.fa
