[name]
unknown

[dist]
# distance from previous block
# <min> <max>
0	50

[block]
# block no. 0 follows, 43 sequences, length 15
# corresponding to MSA columns:
# 50-64
name=unknown_A
#
# <colnr> <probs for GDERKNQSTAVLIFYWHMCP>
#	G	D	E	R	K	N	Q	S	T	A	V	L	I	F	Y	W	H	M	C	P
0	0.01822	0.01230	0.01386	0.01150	0.01516	0.01330	0.00941	0.32773	0.23282	0.16218	0.01937	0.02222	0.01499	0.00796	0.00582	0.00184	0.00524	0.09162	0.00575	0.00872
1	0.01847	0.01548	0.01467	0.01198	0.01547	0.13224	0.00947	0.45496	0.12183	0.02720	0.01432	0.01650	0.01135	0.10108	0.00815	0.00209	0.00637	0.00531	0.00488	0.00816
2	0.00804	0.00575	0.00822	0.00822	0.00895	0.00648	0.00608	0.00936	0.00863	0.01223	0.01504	0.02438	0.01486	0.19408	0.58481	0.05878	0.01232	0.00629	0.00301	0.00447
3	0.01070	0.00623	0.00774	0.00733	0.00898	0.00572	0.00538	0.01210	0.01204	0.16543	0.08826	0.16732	0.24203	0.14079	0.09150	0.00319	0.00491	0.00986	0.00504	0.00545
4	0.01125	0.02766	0.72335	0.01633	0.02433	0.01294	0.07280	0.01755	0.01179	0.01755	0.01003	0.01193	0.00712	0.00522	0.00535	0.00176	0.00827	0.00427	0.00237	0.00813
5	0.00670	0.00499	0.00625	0.00727	0.00792	0.00454	0.00494	0.00776	0.01103	0.01431	0.03592	0.64376	0.19113	0.01665	0.00696	0.00217	0.00313	0.01489	0.00514	0.00454
6	0.00753	0.00531	0.00620	0.00653	0.00715	0.00502	0.00428	0.00842	0.01045	0.01388	0.08756	0.23855	0.16913	0.33561	0.01538	0.00337	0.00398	0.02820	0.03929	0.00417
7	0.34365	0.00775	0.00774	0.00745	0.00961	0.00810	0.00568	0.01319	0.01151	0.08279	0.13842	0.24644	0.07738	0.01041	0.00537	0.00188	0.00364	0.00861	0.00475	0.00563
8	0.00682	0.00513	0.00633	0.00707	0.00791	0.00463	0.00490	0.00810	0.01174	0.01531	0.12462	0.51287	0.23295	0.01575	0.00687	0.00209	0.00303	0.01399	0.00525	0.00463
9	0.01002	0.00555	0.00630	0.00623	0.00718	0.00540	0.00426	0.01144	0.01066	0.07026	0.03627	0.10840	0.03566	0.29687	0.01330	0.00294	0.00387	0.02289	0.33777	0.00474
10	0.09835	0.00652	0.00787	0.00774	0.00936	0.00620	0.00568	0.01261	0.01212	0.15534	0.12152	0.35545	0.08766	0.06361	0.00767	0.00221	0.00367	0.02555	0.00528	0.00560
11	0.00679	0.00527	0.00618	0.00669	0.00782	0.00466	0.00474	0.00814	0.01209	0.01545	0.12819	0.38156	0.36230	0.01517	0.00677	0.00202	0.00296	0.01328	0.00525	0.00466
12	0.00669	0.00505	0.00619	0.00711	0.00787	0.00455	0.00487	0.00778	0.01119	0.01438	0.03789	0.58615	0.24747	0.01639	0.00692	0.00214	0.00310	0.01458	0.00514	0.00455
13	0.00795	0.00563	0.00758	0.00871	0.00945	0.00550	0.00675	0.00956	0.01133	0.01491	0.02840	0.35627	0.03240	0.10956	0.00985	0.00276	0.00437	0.35947	0.00491	0.00465
14	0.00718	0.00513	0.00692	0.00820	0.00871	0.00487	0.00589	0.00845	0.01103	0.01462	0.03029	0.65627	0.03569	0.01695	0.00718	0.00231	0.00358	0.15699	0.00513	0.00462

[dist]
# distance from previous block
# <min> <max>
0	4

[block]
# block no. 1 follows, 43 sequences, length 42
# corresponding to MSA columns:
# 69-110
name=unknown_B
#
# <colnr> <probs for GDERKNQSTAVLIFYWHMCP>
#	G	D	E	R	K	N	Q	S	T	A	V	L	I	F	Y	W	H	M	C	P
0	0.00734	0.00501	0.00624	0.00706	0.00733	0.00480	0.00452	0.00809	0.00987	0.01342	0.02583	0.52435	0.03036	0.26082	0.01344	0.00317	0.00385	0.01282	0.04750	0.00418
1	0.00791	0.00593	0.00890	0.00890	0.00989	0.00692	0.00692	0.00989	0.00890	0.01286	0.01483	0.02176	0.01385	0.04154	0.78341	0.00890	0.01483	0.00593	0.00297	0.00494
2	0.01111	0.02865	0.77667	0.01579	0.02397	0.01286	0.02046	0.01754	0.01169	0.01754	0.00994	0.01169	0.00702	0.00526	0.00526	0.00175	0.00818	0.00409	0.00234	0.00818
3	0.01476	0.01322	0.01282	0.01134	0.01451	0.08421	0.00884	0.10928	0.55941	0.02307	0.02244	0.02101	0.06507	0.00768	0.00563	0.00181	0.00499	0.00623	0.00534	0.00835
4	0.02096	0.01837	0.01638	0.01314	0.01716	0.21834	0.01057	0.56056	0.02332	0.02930	0.01205	0.01243	0.00882	0.00640	0.00540	0.00160	0.00712	0.00461	0.00483	0.00863
5	0.01582	0.01428	0.01640	0.01380	0.01529	0.11302	0.01133	0.14346	0.01305	0.08122	0.00970	0.01262	0.00817	0.00842	0.01326	0.00211	0.49292	0.00477	0.00339	0.00697
6	0.01052	0.00893	0.01207	0.18916	0.11273	0.00935	0.00959	0.10526	0.02681	0.01841	0.07951	0.03368	0.29962	0.00980	0.00610	0.00184	0.00489	0.05111	0.00435	0.00626
7	0.00789	0.00530	0.00609	0.00625	0.00629	0.00526	0.00358	0.00801	0.00838	0.01117	0.01910	0.13293	0.02222	0.70584	0.02552	0.00498	0.00510	0.00903	0.00358	0.00350
8	0.01087	0.01026	0.01735	0.69631	0.13068	0.01241	0.01558	0.01451	0.01127	0.01465	0.00992	0.01463	0.00756	0.00546	0.00553	0.00182	0.00728	0.00492	0.00250	0.00648
9	0.00792	0.00591	0.00879	0.00879	0.00974	0.00686	0.00678	0.00982	0.00887	0.01277	0.01494	0.02233	0.01409	0.07171	0.75358	0.00876	0.01446	0.00602	0.00298	0.00488
10	0.00858	0.00695	0.00904	0.00896	0.00997	0.04689	0.00685	0.01038	0.00919	0.01273	0.01471	0.02224	0.01397	0.09696	0.68659	0.00825	0.01387	0.00597	0.00299	0.00490
11	0.00840	0.00589	0.00672	0.00670	0.00709	0.00598	0.00411	0.00999	0.07224	0.01292	0.07240	0.10758	0.02370	0.60736	0.02276	0.00452	0.00489	0.00877	0.00391	0.00405
12	0.01349	0.01294	0.02209	0.08433	0.72216	0.01310	0.01689	0.01681	0.01251	0.01783	0.01038	0.01378	0.00868	0.00497	0.00549	0.00166	0.00663	0.00493	0.00272	0.00860
13	0.00798	0.00538	0.00602	0.00602	0.00611	0.00534	0.00340	0.00805	0.00827	0.01094	0.01928	0.03705	0.05552	0.76795	0.02717	0.00520	0.00525	0.00823	0.00344	0.00342
14	0.06595	0.00676	0.00803	0.00787	0.00926	0.00674	0.00570	0.01330	0.07439	0.11182	0.09105	0.22197	0.03805	0.22432	0.01211	0.00291	0.00424	0.07112	0.01900	0.00541
15	0.00745	0.00572	0.00688	0.00687	0.00837	0.00515	0.00531	0.00956	0.01401	0.01850	0.38049	0.06271	0.32931	0.01300	0.00669	0.00191	0.00302	0.10450	0.00558	0.00498
16	0.00904	0.00617	0.00916	0.00896	0.01017	0.00700	0.00700	0.01103	0.00936	0.06344	0.01530	0.02156	0.01384	0.03923	0.73176	0.00842	0.01416	0.00591	0.00323	0.00524
17	0.00811	0.00587	0.00859	0.00859	0.00960	0.00677	0.00667	0.01014	0.00913	0.01351	0.01511	0.02166	0.01388	0.03858	0.71775	0.00826	0.01380	0.00587	0.07314	0.00496
18	0.55830	0.00931	0.00828	0.00737	0.01023	0.01024	0.00583	0.01565	0.01086	0.09580	0.12453	0.01746	0.01508	0.08343	0.00649	0.00207	0.00418	0.00479	0.00415	0.00596
19	0.18419	0.00688	0.00692	0.00652	0.00869	0.00660	0.00503	0.01123	0.01274	0.05784	0.19867	0.05536	0.39757	0.01127	0.00585	0.00181	0.00318	0.00926	0.00508	0.00532
20	0.00768	0.00562	0.00721	0.00689	0.00820	0.00515	0.00514	0.01012	0.01519	0.02124	0.67489	0.07645	0.11189	0.01182	0.00656	0.00178	0.00266	0.01041	0.00597	0.00515
21	0.01493	0.01136	0.01224	0.01024	0.01349	0.01211	0.00833	0.39717	0.08263	0.02618	0.02844	0.03063	0.23945	0.00976	0.00605	0.00183	0.00487	0.07737	0.00539	0.00753
22	0.00750	0.00534	0.00614	0.00635	0.00688	0.00506	0.00401	0.00817	0.01006	0.01316	0.09059	0.18387	0.17057	0.43743	0.01821	0.00380	0.00424	0.01037	0.00427	0.00398
23	0.02069	0.02640	0.01569	0.01427	0.01712	0.78313	0.01070	0.02212	0.01569	0.01355	0.00856	0.00999	0.00713	0.00571	0.00499	0.00143	0.00999	0.00357	0.00285	0.00642
24	0.02174	0.01441	0.01594	0.01222	0.01663	0.01554	0.01010	0.62139	0.02420	0.16846	0.01484	0.01430	0.01019	0.00669	0.00555	0.00167	0.00584	0.00509	0.00578	0.00942
25	0.00858	0.00579	0.00646	0.00631	0.00768	0.00517	0.00439	0.00961	0.01141	0.07776	0.05373	0.11300	0.40001	0.25054	0.01299	0.00294	0.00377	0.01042	0.00477	0.00468
26	0.00699	0.00552	0.00624	0.00640	0.00781	0.00485	0.00470	0.00854	0.01269	0.01611	0.18764	0.16764	0.45024	0.05149	0.00769	0.00210	0.00304	0.04034	0.00524	0.00471
27	0.00681	0.00485	0.00641	0.00763	0.00794	0.00454	0.00506	0.00773	0.01048	0.01398	0.02991	0.76555	0.03585	0.05461	0.00807	0.00240	0.00332	0.01538	0.00506	0.00444
28	0.00690	0.00547	0.00583	0.00592	0.00742	0.00471	0.00428	0.00788	0.01177	0.01422	0.04824	0.10243	0.61128	0.05846	0.00905	0.07259	0.00314	0.01120	0.00481	0.00440
29	0.01148	0.00984	0.01148	0.00820	0.01312	0.00738	0.00656	0.01395	0.01148	0.01805	0.00984	0.01148	0.00820	0.00410	0.00410	0.00082	0.00410	0.00328	0.00328	0.83922
30	0.01800	0.00868	0.01099	0.00909	0.01230	0.00755	0.00711	0.01962	0.01460	0.42238	0.09134	0.02883	0.14707	0.06753	0.05075	0.00252	0.00510	0.00734	0.00607	0.06313
31	0.00810	0.00549	0.00654	0.00684	0.00707	0.00547	0.00439	0.00859	0.00900	0.01193	0.02031	0.09487	0.02322	0.62074	0.02334	0.00469	0.00517	0.12675	0.00377	0.00372
32	0.00732	0.00508	0.00671	0.00791	0.00844	0.00483	0.00562	0.00864	0.01100	0.01496	0.02948	0.63635	0.03435	0.01628	0.00693	0.00223	0.00345	0.12276	0.06303	0.00463
33	0.00984	0.00730	0.00820	0.00814	0.00939	0.00780	0.00579	0.01524	0.23662	0.01675	0.03426	0.16992	0.02286	0.26940	0.01320	0.00306	0.00433	0.06014	0.09222	0.00554
34	0.01046	0.00984	0.01661	0.79205	0.03814	0.01230	0.01538	0.01415	0.01107	0.01415	0.00984	0.01477	0.00738	0.00554	0.00554	0.00185	0.00738	0.00492	0.00246	0.00615
35	0.01277	0.00980	0.01162	0.00836	0.01322	0.00746	0.00671	0.01520	0.01191	0.09103	0.01100	0.01219	0.00873	0.00437	0.00424	0.00091	0.00416	0.00350	0.00363	0.75918
36	0.01138	0.00661	0.00817	0.00903	0.08125	0.00668	0.00582	0.01395	0.06416	0.05970	0.01653	0.02074	0.01369	0.08170	0.00916	0.12793	0.00380	0.00545	0.44884	0.00542
37	0.01696	0.52279	0.02415	0.01123	0.01528	0.30012	0.00992	0.01861	0.01288	0.01322	0.00801	0.00929	0.00712	0.00509	0.00408	0.00127	0.00741	0.00318	0.00255	0.00686
38	0.00784	0.00566	0.00740	0.00697	0.00827	0.00523	0.00523	0.01045	0.01568	0.02221	0.76789	0.04137	0.05226	0.01132	0.00653	0.00174	0.00261	0.01002	0.00610	0.00523
39	0.01065	0.01015	0.01758	0.64376	0.08448	0.01205	0.06714	0.01424	0.01129	0.01467	0.01112	0.05822	0.00916	0.00609	0.00569	0.00186	0.00724	0.00564	0.00265	0.00633
40	0.02069	0.02640	0.01569	0.01427	0.01712	0.78313	0.01070	0.02212	0.01569	0.01355	0.00856	0.00999	0.00713	0.00571	0.00499	0.00143	0.00999	0.00357	0.00285	0.00642
41	0.00675	0.00482	0.00643	0.00771	0.00803	0.00450	0.00514	0.00771	0.01060	0.01414	0.03053	0.80175	0.03663	0.01735	0.00707	0.00225	0.00321	0.01574	0.00514	0.00450

[dist]
# distance from previous block
# <min> <max>
0	24

[block]
# block no. 2 follows, 43 sequences, length 45
# corresponding to MSA columns:
# 135-179
name=unknown_C
#
# <colnr> <probs for GDERKNQSTAVLIFYWHMCP>
#	G	D	E	R	K	N	Q	S	T	A	V	L	I	F	Y	W	H	M	C	P
0	0.00802	0.00627	0.00828	0.00977	0.07591	0.00596	0.00627	0.02303	0.03718	0.01680	0.17039	0.43106	0.15189	0.01408	0.00667	0.00202	0.00342	0.01257	0.00513	0.00527
1	0.00918	0.00568	0.00746	0.00757	0.00814	0.00574	0.00520	0.00984	0.09086	0.01250	0.01951	0.17378	0.08327	0.04693	0.01597	0.47893	0.00430	0.00783	0.00357	0.00375
2	0.09743	0.00954	0.01244	0.00963	0.01383	0.00852	0.00795	0.02604	0.01528	0.70826	0.02060	0.01798	0.01303	0.00670	0.00538	0.00171	0.00467	0.00534	0.00655	0.00912
3	0.17201	0.01463	0.01507	0.01174	0.01599	0.01630	0.00970	0.61741	0.02299	0.03306	0.01227	0.01251	0.00879	0.00637	0.00515	0.00167	0.00576	0.00462	0.00515	0.00879
4	0.01417	0.01165	0.01535	0.01818	0.25571	0.01250	0.01110	0.05146	0.37569	0.07263	0.01897	0.08719	0.01554	0.00748	0.00571	0.00182	0.00507	0.00658	0.00475	0.00846
5	0.00846	0.00518	0.00640	0.00645	0.00647	0.00517	0.00385	0.00779	0.00791	0.01055	0.01567	0.06127	0.01771	0.54269	0.02542	0.25020	0.00512	0.00741	0.00315	0.00312
6	0.01032	0.00516	0.00516	0.00516	0.00645	0.00516	0.00387	0.01290	0.01161	0.02065	0.01807	0.02065	0.01420	0.00645	0.00387	0.00129	0.00258	0.00516	0.83611	0.00516
7	0.01127	0.01046	0.01553	0.31948	0.02294	0.01384	0.01250	0.01361	0.00984	0.01445	0.00946	0.01409	0.00807	0.00770	0.01164	0.00207	0.39844	0.00491	0.09368	0.00600
8	0.01019	0.00926	0.01392	0.38149	0.02421	0.01091	0.01147	0.01281	0.01092	0.01509	0.06616	0.12520	0.01473	0.00816	0.00793	0.00186	0.14941	0.00656	0.00319	0.11653
9	0.00968	0.00617	0.00738	0.00677	0.00875	0.00539	0.00518	0.01168	0.01434	0.12588	0.34342	0.04351	0.36727	0.01190	0.00640	0.00180	0.00300	0.01013	0.00578	0.00558
10	0.02000	0.01499	0.01603	0.01253	0.01677	0.01668	0.01027	0.64743	0.13268	0.03320	0.01464	0.01437	0.01051	0.00677	0.00555	0.00169	0.00585	0.00517	0.00555	0.00932
11	0.01420	0.01151	0.01430	0.01501	0.16388	0.01184	0.00988	0.02351	0.39302	0.08377	0.01741	0.01721	0.01320	0.00623	0.00528	0.00160	0.00479	0.00531	0.00467	0.18338
12	0.00683	0.00515	0.00632	0.00701	0.00790	0.00464	0.00488	0.00813	0.01183	0.01541	0.13224	0.48916	0.24916	0.01562	0.00685	0.00208	0.00302	0.01384	0.00526	0.00464
13	0.00672	0.00552	0.00591	0.00601	0.00764	0.00472	0.00443	0.00821	0.01274	0.01570	0.13480	0.13939	0.60084	0.01410	0.00661	0.00190	0.00283	0.01197	0.00525	0.00472
14	0.62980	0.01251	0.01030	0.00878	0.01239	0.05234	0.00719	0.17129	0.01323	0.02639	0.00893	0.00995	0.00677	0.00549	0.00395	0.00169	0.00495	0.00345	0.00384	0.00674
15	0.00685	0.00512	0.00641	0.00738	0.00814	0.00467	0.00518	0.00803	0.01124	0.01451	0.03657	0.57042	0.21166	0.01641	0.00698	0.00218	0.00325	0.06526	0.00514	0.00458
16	0.01201	0.01128	0.01831	0.42979	0.30308	0.01278	0.01525	0.01686	0.09369	0.01658	0.01144	0.01502	0.00893	0.00553	0.00553	0.00178	0.00676	0.00507	0.00291	0.00740
17	0.00962	0.00481	0.00722	0.00722	0.00722	0.00481	0.00481	0.00722	0.00722	0.00962	0.00962	0.01684	0.00962	0.01924	0.02165	0.83886	0.00481	0.00481	0.00241	0.00241
18	0.01121	0.02496	0.62496	0.01456	0.02167	0.01251	0.01788	0.01863	0.11591	0.01817	0.01441	0.01539	0.05328	0.00609	0.00539	0.00178	0.00734	0.00484	0.00296	0.00806
19	0.00698	0.00500	0.00663	0.00756	0.00808	0.00465	0.00516	0.00829	0.01167	0.01583	0.18552	0.64192	0.03991	0.01608	0.00696	0.00214	0.00309	0.01454	0.00534	0.00465
20	0.01046	0.00984	0.01661	0.79205	0.03814	0.01230	0.01538	0.01415	0.01107	0.01415	0.00984	0.01477	0.00738	0.00554	0.00554	0.00185	0.00738	0.00492	0.00246	0.00615
21	0.84448	0.01071	0.00814	0.00728	0.01071	0.01242	0.00600	0.01628	0.00943	0.02485	0.00771	0.00900	0.00600	0.00514	0.00343	0.00171	0.00428	0.00300	0.00343	0.00600
22	0.01765	0.01311	0.08509	0.07517	0.34042	0.01153	0.01366	0.06375	0.01437	0.28770	0.01457	0.01541	0.01031	0.00579	0.00550	0.00169	0.00609	0.00509	0.00431	0.00881
23	0.01146	0.10258	0.70581	0.01519	0.02305	0.01372	0.01942	0.01745	0.01165	0.01711	0.00973	0.01143	0.00702	0.00521	0.00510	0.00170	0.00797	0.00399	0.00234	0.00808
24	0.01134	0.01122	0.01452	0.01277	0.01325	0.05286	0.01045	0.01270	0.00931	0.01342	0.01319	0.01747	0.08048	0.01506	0.14044	0.00337	0.55399	0.00561	0.00279	0.00577
25	0.00719	0.00522	0.00688	0.00805	0.00871	0.00491	0.00585	0.00852	0.01123	0.01472	0.03254	0.58008	0.10044	0.01663	0.00714	0.00228	0.00357	0.16626	0.00513	0.00464
26	0.08281	0.01782	0.21631	0.01350	0.01885	0.04104	0.07215	0.28337	0.01769	0.16302	0.01321	0.01357	0.00914	0.00601	0.00537	0.00171	0.00665	0.00478	0.00446	0.00856
27	0.01569	0.01222	0.02080	0.09982	0.47663	0.01210	0.07995	0.01889	0.01319	0.17671	0.01284	0.01500	0.00965	0.00537	0.00560	0.00170	0.00651	0.00521	0.00358	0.00855
28	0.01446	0.73498	0.09968	0.01007	0.01514	0.02106	0.01051	0.01667	0.01129	0.01346	0.00791	0.00915	0.00710	0.00479	0.00372	0.00124	0.00614	0.00307	0.00237	0.00721
29	0.01218	0.01460	0.09762	0.24667	0.09684	0.01333	0.40311	0.01661	0.01232	0.01671	0.01062	0.01447	0.00801	0.00500	0.00603	0.00183	0.00842	0.00569	0.00265	0.00727
30	0.02311	0.00959	0.01271	0.00978	0.01406	0.00836	0.00803	0.02596	0.05309	0.66970	0.02082	0.01829	0.01338	0.00664	0.00544	0.00164	0.00464	0.00540	0.00648	0.08287
31	0.00960	0.00551	0.00638	0.00665	0.00780	0.00560	0.00518	0.01189	0.01128	0.01818	0.02007	0.03093	0.01840	0.08238	0.08070	0.00264	0.00452	0.15859	0.50873	0.00497
32	0.00722	0.00564	0.00655	0.00632	0.00790	0.00496	0.00474	0.00926	0.01423	0.01877	0.42983	0.04704	0.39247	0.01261	0.00654	0.00180	0.00270	0.01081	0.00564	0.00496
33	0.00697	0.00575	0.00621	0.00644	0.00820	0.00498	0.00506	0.00858	0.01265	0.01525	0.05128	0.05495	0.63596	0.01426	0.00674	0.00199	0.00322	0.14162	0.00514	0.00475
34	0.00773	0.00566	0.00726	0.00686	0.00821	0.00518	0.00514	0.01025	0.01543	0.02162	0.71038	0.04233	0.11013	0.01154	0.00653	0.00175	0.00263	0.01015	0.00602	0.00518
35	0.02380	0.00948	0.01259	0.00972	0.01384	0.00842	0.00801	0.06276	0.01612	0.69288	0.02119	0.01868	0.01352	0.00682	0.00547	0.00169	0.00466	0.00552	0.05567	0.00917
36	0.02069	0.02640	0.01569	0.01427	0.01712	0.78313	0.01070	0.02212	0.01569	0.01355	0.00856	0.00999	0.00713	0.00571	0.00499	0.00143	0.00999	0.00357	0.00285	0.00642
37	0.01212	0.01212	0.01696	0.01454	0.01454	0.01696	0.01212	0.01333	0.00848	0.01333	0.00727	0.01212	0.00727	0.00969	0.01818	0.00242	0.79523	0.00485	0.00242	0.00606
38	0.01307	0.01494	0.03268	0.02334	0.02894	0.01401	0.75070	0.01774	0.01307	0.01774	0.01120	0.01494	0.00840	0.00467	0.00654	0.00187	0.00934	0.00654	0.00280	0.00747
39	0.02105	0.01551	0.01662	0.01274	0.01717	0.01717	0.01053	0.75235	0.02604	0.03490	0.01330	0.01330	0.00942	0.00665	0.00554	0.00166	0.00609	0.00499	0.00554	0.00942
40	0.02105	0.01551	0.01662	0.01274	0.01717	0.01717	0.01053	0.75235	0.02604	0.03490	0.01330	0.01330	0.00942	0.00665	0.00554	0.00166	0.00609	0.00499	0.00554	0.00942
41	0.00675	0.00482	0.00643	0.00771	0.00803	0.00450	0.00514	0.00771	0.01060	0.01414	0.03053	0.80175	0.03663	0.01735	0.00707	0.00225	0.00321	0.01574	0.00514	0.00450
42	0.01481	0.80869	0.02902	0.00948	0.01421	0.02191	0.00948	0.01658	0.01125	0.01303	0.00770	0.00888	0.00711	0.00474	0.00355	0.00118	0.00592	0.00296	0.00237	0.00711
43	0.00710	0.00563	0.00637	0.00619	0.00782	0.00491	0.00464	0.00901	0.01392	0.01804	0.35869	0.04823	0.46406	0.01288	0.00654	0.00182	0.00272	0.01098	0.00555	0.00491
44	0.00675	0.00482	0.00643	0.00771	0.00803	0.00450	0.00514	0.00771	0.01060	0.01414	0.03053	0.80175	0.03663	0.01735	0.00707	0.00225	0.00321	0.01574	0.00514	0.00450

[dist]
# distance from previous block
# <min> <max>
0	3

[block]
# block no. 3 follows, 43 sequences, length 160
# corresponding to MSA columns:
# 223-382
name=unknown_D
#
# <colnr> <probs for GDERKNQSTAVLIFYWHMCP>
#	G	D	E	R	K	N	Q	S	T	A	V	L	I	F	Y	W	H	M	C	P
0	0.01633	0.49619	0.09750	0.01128	0.01583	0.19371	0.01079	0.01849	0.01253	0.05755	0.00892	0.01003	0.00749	0.00521	0.00439	0.00134	0.01912	0.00339	0.00274	0.00717
1	0.00707	0.00556	0.00599	0.00615	0.00745	0.00494	0.00439	0.00820	0.01145	0.01405	0.04379	0.09653	0.50057	0.19667	0.01164	0.00275	0.00358	0.06012	0.00473	0.00439
2	0.00962	0.00481	0.00722	0.00722	0.00722	0.00481	0.00481	0.00722	0.00722	0.00962	0.00962	0.01684	0.00962	0.01924	0.02165	0.83886	0.00481	0.00481	0.00241	0.00241
3	0.01217	0.06511	0.01665	0.01290	0.01423	0.01533	0.01080	0.01367	0.00929	0.01428	0.00783	0.01177	0.00745	0.00821	0.01430	0.00201	0.57962	0.00440	0.00260	0.17740
4	0.00750	0.00556	0.00699	0.00681	0.00811	0.00505	0.00504	0.00972	0.01461	0.02009	0.56568	0.12399	0.17550	0.01243	0.00659	0.00182	0.00271	0.01091	0.00583	0.00505
5	0.00892	0.00637	0.00892	0.01020	0.01147	0.00637	0.00892	0.01147	0.01275	0.01657	0.02932	0.06247	0.03187	0.01530	0.00765	0.00255	0.00510	0.73354	0.00510	0.00510
6	0.01805	0.21798	0.01918	0.01306	0.01636	0.51089	0.03888	0.01972	0.01402	0.01354	0.00889	0.01073	0.00764	0.00793	0.05898	0.00191	0.00930	0.00370	0.00274	0.00653
7	0.01371	0.01316	0.02248	0.03399	0.77081	0.01316	0.01700	0.01700	0.01261	0.01809	0.01042	0.01371	0.00877	0.00493	0.00548	0.00164	0.00658	0.00493	0.00274	0.00877
8	0.01075	0.00599	0.00606	0.00591	0.00742	0.00622	0.00447	0.01493	0.10325	0.02096	0.01861	0.02065	0.01453	0.00658	0.00409	0.00136	0.00280	0.00530	0.73453	0.00560
9	0.01378	0.01190	0.01252	0.01127	0.01440	0.01378	0.00877	0.02943	0.76081	0.02317	0.02254	0.02066	0.01691	0.00751	0.00564	0.00188	0.00438	0.00626	0.00564	0.00877
10	0.00784	0.00566	0.00740	0.00697	0.00827	0.00523	0.00523	0.01045	0.01568	0.02221	0.76789	0.04137	0.05226	0.01132	0.00653	0.00174	0.00261	0.01002	0.00610	0.00523
11	0.00754	0.00565	0.00699	0.00665	0.00809	0.00510	0.00499	0.00987	0.01497	0.02054	0.60387	0.04412	0.21732	0.01195	0.00654	0.00177	0.00266	0.01040	0.00588	0.00510
12	0.02461	0.00980	0.01309	0.01003	0.01433	0.00870	0.00829	0.07209	0.01649	0.72866	0.02132	0.01851	0.01344	0.00684	0.00557	0.00171	0.00480	0.00553	0.00677	0.00942
13	0.01371	0.01316	0.02248	0.03399	0.77081	0.01316	0.01700	0.01700	0.01261	0.01809	0.01042	0.01371	0.00877	0.00493	0.00548	0.00164	0.00658	0.00493	0.00274	0.00877
14	0.01091	0.01030	0.01742	0.68763	0.13907	0.01242	0.01560	0.01454	0.01129	0.01469	0.00992	0.01462	0.00757	0.00545	0.00553	0.00182	0.00727	0.00492	0.00250	0.00651
15	0.01111	0.02865	0.77667	0.01579	0.02397	0.01286	0.02046	0.01754	0.01169	0.01754	0.00994	0.01169	0.00702	0.00526	0.00526	0.00175	0.00818	0.00409	0.00234	0.00818
16	0.00675	0.00482	0.00643	0.00771	0.00803	0.00450	0.00514	0.00771	0.01060	0.01414	0.03053	0.80175	0.03663	0.01735	0.00707	0.00225	0.00321	0.01574	0.00514	0.00450
17	0.00780	0.00526	0.00611	0.00636	0.00642	0.00520	0.00370	0.00799	0.00855	0.01139	0.01997	0.18394	0.02332	0.65332	0.02411	0.00477	0.00495	0.00954	0.00370	0.00358
18	0.00794	0.00582	0.00834	0.00834	0.00913	0.00662	0.00622	0.00953	0.00873	0.01244	0.01535	0.02460	0.01508	0.19131	0.63533	0.00821	0.01298	0.00635	0.00304	0.00463
19	0.02020	0.00876	0.01150	0.00922	0.01280	0.00785	0.00747	0.02332	0.06822	0.55424	0.13767	0.02480	0.07243	0.00808	0.00579	0.00174	0.00424	0.00672	0.00653	0.00841
20	0.06859	0.00523	0.00728	0.00722	0.00746	0.00535	0.00489	0.00786	0.00737	0.01070	0.00949	0.01628	0.00936	0.01824	0.02036	0.77973	0.00477	0.00468	0.00248	0.00266
21	0.01148	0.00984	0.01148	0.00820	0.01312	0.00738	0.00656	0.01395	0.01148	0.01805	0.00984	0.01148	0.00820	0.00410	0.00410	0.00082	0.00410	0.00328	0.00328	0.83922
22	0.00805	0.00537	0.00604	0.00604	0.00604	0.00537	0.00336	0.00805	0.00805	0.01074	0.01745	0.03624	0.02013	0.80536	0.02819	0.00537	0.00537	0.00805	0.00336	0.00336
23	0.84448	0.01071	0.00814	0.00728	0.01071	0.01242	0.00600	0.01628	0.00943	0.02485	0.00771	0.00900	0.00600	0.00514	0.00343	0.00171	0.00428	0.00300	0.00343	0.00600
24	0.00681	0.00492	0.00645	0.00755	0.00802	0.00456	0.00510	0.00792	0.01107	0.01475	0.08395	0.70868	0.07622	0.01675	0.00700	0.00219	0.00315	0.01513	0.00521	0.00456
25	0.02282	0.00931	0.01216	0.00947	0.01340	0.00838	0.00778	0.07395	0.01602	0.63278	0.02081	0.01870	0.01348	0.00679	0.00536	0.00166	0.00454	0.00548	0.10819	0.00890
26	0.02459	0.00983	0.01311	0.01005	0.01434	0.00875	0.00830	0.07567	0.01654	0.72500	0.02128	0.01848	0.01342	0.00684	0.00557	0.00171	0.00481	0.00553	0.00677	0.00942
27	0.00950	0.00489	0.00733	0.00733	0.00740	0.00496	0.00496	0.00740	0.00733	0.00985	0.00998	0.01718	0.00991	0.02079	0.07476	0.78099	0.00551	0.00489	0.00244	0.00258
28	0.00675	0.00482	0.00643	0.00771	0.00803	0.00450	0.00514	0.00771	0.01060	0.01414	0.03053	0.80175	0.03663	0.01735	0.00707	0.00225	0.00321	0.01574	0.00514	0.00450
29	0.07645	0.00989	0.01184	0.00937	0.01307	0.00961	0.00767	0.16265	0.01659	0.44349	0.01856	0.01746	0.01246	0.00663	0.00511	0.00163	0.00456	0.00521	0.15936	0.00841
30	0.84448	0.01071	0.00814	0.00728	0.01071	0.01242	0.00600	0.01628	0.00943	0.02485	0.00771	0.00900	0.00600	0.00514	0.00343	0.00171	0.00428	0.00300	0.00343	0.00600
31	0.00675	0.00482	0.00643	0.00771	0.00803	0.00450	0.00514	0.00771	0.01060	0.01414	0.03053	0.80175	0.03663	0.01735	0.00707	0.00225	0.00321	0.01574	0.00514	0.00450
32	0.00716	0.00607	0.00625	0.00622	0.00809	0.00541	0.00465	0.00970	0.07263	0.01570	0.06497	0.09700	0.64947	0.01366	0.00650	0.00189	0.00295	0.01147	0.00520	0.00500
33	0.00805	0.00539	0.00615	0.00615	0.00619	0.00543	0.00349	0.00813	0.00809	0.01082	0.01735	0.03568	0.01989	0.77569	0.05753	0.00551	0.00574	0.00797	0.00334	0.00342
34	0.00655	0.00561	0.00561	0.00561	0.00748	0.00468	0.00421	0.00795	0.01262	0.01496	0.05610	0.05330	0.76857	0.01403	0.00655	0.00187	0.00281	0.01169	0.00514	0.00468
35	0.01517	0.76005	0.02819	0.00977	0.01440	0.06924	0.00955	0.01693	0.01153	0.01306	0.00775	0.00895	0.00711	0.00480	0.00364	0.00120	0.00618	0.00300	0.00240	0.00706
36	0.01046	0.00984	0.01661	0.79205	0.03814	0.01230	0.01538	0.01415	0.01107	0.01415	0.00984	0.01477	0.00738	0.00554	0.00554	0.00185	0.00738	0.00492	0.00246	0.00615
37	0.00914	0.00744	0.01123	0.13659	0.11848	0.00773	0.00891	0.01194	0.01351	0.01886	0.40438	0.03222	0.03313	0.01346	0.10132	0.00267	0.00557	0.05299	0.00461	0.00582
38	0.01408	0.01202	0.01714	0.41709	0.02797	0.06742	0.05904	0.06592	0.01270	0.10861	0.01113	0.01442	0.00832	0.00640	0.00758	0.00188	0.13318	0.00500	0.00325	0.00686
39	0.44643	0.01093	0.01053	0.00881	0.01243	0.01188	0.00718	0.11408	0.08466	0.15007	0.05225	0.01410	0.01128	0.00613	0.00446	0.00169	0.00450	0.00437	0.00461	0.03960
40	0.06442	0.17271	0.45797	0.01484	0.02158	0.01452	0.11478	0.01767	0.01181	0.04658	0.01001	0.01171	0.00742	0.00514	0.00501	0.00166	0.00753	0.00419	0.00265	0.00780
41	0.01299	0.01242	0.02118	0.20227	0.60818	0.01297	0.01664	0.01637	0.01227	0.01722	0.01029	0.01394	0.00846	0.00507	0.00549	0.00169	0.00676	0.00493	0.00268	0.00819
42	0.02459	0.00983	0.01311	0.01005	0.01434	0.00875	0.00830	0.07567	0.01654	0.72500	0.02128	0.01848	0.01342	0.00684	0.00557	0.00171	0.00481	0.00553	0.00677	0.00942
43	0.01139	0.01122	0.01992	0.52157	0.12462	0.01301	0.13285	0.01501	0.01140	0.01515	0.00995	0.01448	0.00771	0.00562	0.00658	0.00187	0.06325	0.00518	0.00255	0.00668
44	0.01511	0.10505	0.24555	0.01256	0.01741	0.14819	0.01247	0.08440	0.14548	0.07028	0.03929	0.01642	0.05093	0.00656	0.00525	0.00165	0.00671	0.00503	0.00386	0.00778
45	0.01549	0.01089	0.01319	0.01112	0.01451	0.01158	0.05430	0.04630	0.44141	0.18447	0.05317	0.02323	0.07949	0.00786	0.00579	0.00183	0.00461	0.00669	0.00570	0.00837
46	0.00752	0.00537	0.00731	0.00859	0.00925	0.00516	0.00648	0.00904	0.01136	0.01500	0.03010	0.54097	0.03495	0.01663	0.00727	0.00236	0.00388	0.26895	0.00513	0.00471
47	0.02005	0.02537	0.01575	0.06263	0.01843	0.73520	0.01099	0.02162	0.01541	0.01359	0.00864	0.01028	0.00715	0.00570	0.00503	0.00145	0.00983	0.00365	0.00283	0.00640
48	0.01647	0.21104	0.24774	0.01291	0.01842	0.06235	0.05791	0.06957	0.05316	0.17980	0.01283	0.01322	0.00924	0.00568	0.00501	0.00159	0.00673	0.00443	0.00376	0.00815
49	0.01326	0.00789	0.00972	0.00830	0.01065	0.00767	0.00651	0.13223	0.01708	0.16294	0.45671	0.03127	0.03561	0.00941	0.00601	0.00169	0.00355	0.00805	0.06478	0.00667
50	0.07346	0.01892	0.01381	0.01252	0.01545	0.41144	0.00975	0.08810	0.14741	0.03758	0.01428	0.01875	0.01218	0.00728	0.00539	0.00169	0.00753	0.09347	0.00400	0.00699
51	0.01436	0.18618	0.07304	0.23870	0.12400	0.06357	0.01337	0.13637	0.01392	0.01797	0.00977	0.01242	0.00779	0.00574	0.00591	0.00165	0.06046	0.00436	0.00300	0.00740
52	0.01089	0.05915	0.01634	0.35003	0.18387	0.01136	0.01330	0.01400	0.01165	0.01539	0.01466	0.02564	0.01374	0.01003	0.05810	0.00240	0.00710	0.17277	0.00316	0.00644
53	0.00676	0.00528	0.00614	0.00663	0.00779	0.00466	0.00470	0.00810	0.01209	0.01536	0.11818	0.36633	0.38798	0.01515	0.00676	0.00202	0.00296	0.01322	0.00524	0.00466
54	0.01256	0.01195	0.01978	0.02946	0.64883	0.01180	0.01495	0.01555	0.01261	0.01759	0.01772	0.02003	0.13019	0.00639	0.00565	0.00168	0.00598	0.00601	0.00313	0.00812
55	0.01308	0.01666	0.15640	0.17215	0.31684	0.11264	0.05104	0.01672	0.01250	0.01641	0.01170	0.04335	0.02448	0.00585	0.00552	0.00171	0.00740	0.00522	0.00277	0.00755
56	0.01355	0.15922	0.11194	0.02256	0.22129	0.03705	0.32083	0.01744	0.01254	0.01684	0.01015	0.01302	0.00808	0.00485	0.00553	0.00166	0.00788	0.00511	0.00266	0.00780
57	0.01277	0.01302	0.01817	0.45206	0.24363	0.11341	0.01514	0.01598	0.01204	0.01517	0.00977	0.01376	0.00774	0.00551	0.00581	0.00175	0.03000	0.00475	0.00259	0.00693
58	0.00867	0.00739	0.00768	0.00730	0.00949	0.00728	0.00556	0.01418	0.22390	0.01776	0.09441	0.04329	0.50844	0.01201	0.00629	0.00186	0.00324	0.01005	0.00535	0.00587
59	0.01371	0.01316	0.02248	0.03399	0.77081	0.01316	0.01700	0.01700	0.01261	0.01809	0.01042	0.01371	0.00877	0.00493	0.00548	0.00164	0.00658	0.00493	0.00274	0.00877
60	0.00675	0.00482	0.00643	0.00771	0.00803	0.00450	0.00514	0.00771	0.01060	0.01414	0.03053	0.80175	0.03663	0.01735	0.00707	0.00225	0.00321	0.01574	0.00514	0.00450
61	0.00962	0.00481	0.00722	0.00722	0.00722	0.00481	0.00481	0.00722	0.00722	0.00962	0.00962	0.01684	0.00962	0.01924	0.02165	0.83886	0.00481	0.00481	0.00241	0.00241
62	0.00758	0.00565	0.00705	0.00670	0.00812	0.00512	0.00502	0.00995	0.01507	0.02077	0.62623	0.04374	0.19482	0.01186	0.00653	0.00177	0.00265	0.01035	0.00591	0.00512
63	0.00805	0.00537	0.00604	0.00604	0.00604	0.00537	0.00336	0.00805	0.00805	0.01074	0.01745	0.03624	0.02013	0.80536	0.02819	0.00537	0.00537	0.00805	0.00336	0.00336
64	0.01148	0.00984	0.01148	0.00820	0.01312	0.00738	0.00656	0.01395	0.01148	0.01805	0.00984	0.01148	0.00820	0.00410	0.00410	0.00082	0.00410	0.00328	0.00328	0.83922
65	0.01111	0.02865	0.77667	0.01579	0.02397	0.01286	0.02046	0.01754	0.01169	0.01754	0.00994	0.01169	0.00702	0.00526	0.00526	0.00175	0.00818	0.00409	0.00234	0.00818
66	0.84448	0.01071	0.00814	0.00728	0.01071	0.01242	0.00600	0.01628	0.00943	0.02485	0.00771	0.00900	0.00600	0.00514	0.00343	0.00171	0.00428	0.00300	0.00343	0.00600
67	0.01378	0.01190	0.01252	0.01127	0.01440	0.01378	0.00877	0.02943	0.76081	0.02317	0.02254	0.02066	0.01691	0.00751	0.00564	0.00188	0.00438	0.00626	0.00564	0.00877
68	0.01046	0.00984	0.01661	0.79205	0.03814	0.01230	0.01538	0.01415	0.01107	0.01415	0.00984	0.01477	0.00738	0.00554	0.00554	0.00185	0.00738	0.00492	0.00246	0.00615
69	0.01056	0.00999	0.01663	0.74371	0.03668	0.01259	0.01518	0.01410	0.01091	0.01410	0.00968	0.01460	0.00738	0.00580	0.00632	0.00188	0.05637	0.00492	0.00246	0.00615
70	0.01959	0.02401	0.01511	0.01368	0.01658	0.66003	0.01032	0.04262	0.09440	0.01519	0.01144	0.01237	0.02871	0.00615	0.00512	0.00149	0.00910	0.00411	0.00328	0.00670
71	0.01378	0.01190	0.01252	0.01127	0.01440	0.01378	0.00877	0.02943	0.76081	0.02317	0.02254	0.02066	0.01691	0.00751	0.00564	0.00188	0.00438	0.00626	0.00564	0.00877
72	0.58133	0.01535	0.01049	0.00942	0.01269	0.24166	0.00744	0.01825	0.01143	0.03798	0.00828	0.00951	0.00651	0.00535	0.00394	0.00163	0.00599	0.00322	0.00333	0.00620
73	0.01168	0.09419	0.60474	0.01436	0.02146	0.01324	0.01768	0.01807	0.06417	0.03046	0.05067	0.01375	0.01020	0.00572	0.00521	0.00171	0.00737	0.00448	0.00284	0.00800
74	0.00666	0.00517	0.00607	0.00679	0.00779	0.00458	0.00473	0.00782	0.01149	0.01450	0.04179	0.47226	0.35885	0.01589	0.00684	0.00208	0.00303	0.01396	0.00514	0.00458
75	0.01212	0.01212	0.01696	0.01454	0.01454	0.01696	0.01212	0.01333	0.00848	0.01333	0.00727	0.01212	0.00727	0.00969	0.01818	0.00242	0.79523	0.00485	0.00242	0.00606
76	0.01348	0.01268	0.10636	0.05872	0.01675	0.02411	0.03043	0.03187	0.01247	0.11276	0.01145	0.01274	0.00871	0.00478	0.00463	0.00117	0.00519	0.00390	0.00359	0.52421
77	0.00805	0.00537	0.00604	0.00604	0.00604	0.00537	0.00336	0.00805	0.00805	0.01074	0.01745	0.03624	0.02013	0.80536	0.02819	0.00537	0.00537	0.00805	0.00336	0.00336
78	0.01371	0.01316	0.02248	0.03399	0.77081	0.01316	0.01700	0.01700	0.01261	0.01809	0.01042	0.01371	0.00877	0.00493	0.00548	0.00164	0.00658	0.00493	0.00274	0.00877
79	0.01371	0.01316	0.02248	0.03399	0.77081	0.01316	0.01700	0.01700	0.01261	0.01809	0.01042	0.01371	0.00877	0.00493	0.00548	0.00164	0.00658	0.00493	0.00274	0.00877
80	0.84448	0.01071	0.00814	0.00728	0.01071	0.01242	0.00600	0.01628	0.00943	0.02485	0.00771	0.00900	0.00600	0.00514	0.00343	0.00171	0.00428	0.00300	0.00343	0.00600
81	0.02485	0.00943	0.01285	0.00985	0.01414	0.00814	0.00814	0.02699	0.01585	0.77465	0.02185	0.01885	0.01371	0.00685	0.00557	0.00171	0.00471	0.00557	0.00685	0.00943
82	0.00805	0.00537	0.00604	0.00604	0.00604	0.00537	0.00336	0.00805	0.00805	0.01074	0.01745	0.03624	0.02013	0.80536	0.02819	0.00537	0.00537	0.00805	0.00336	0.00336
83	0.01271	0.01311	0.01688	0.01452	0.01472	0.07039	0.01202	0.01394	0.00898	0.01334	0.00736	0.01197	0.00726	0.00942	0.01726	0.00235	0.74047	0.00476	0.00245	0.00608
84	0.00850	0.00623	0.00823	0.00869	0.01007	0.00606	0.00719	0.01142	0.03764	0.01883	0.31388	0.05244	0.08865	0.01344	0.00708	0.00217	0.00397	0.38476	0.00550	0.00524
85	0.02485	0.00943	0.01285	0.00985	0.01414	0.00814	0.00814	0.02699	0.01585	0.77465	0.02185	0.01885	0.01371	0.00685	0.00557	0.00171	0.00471	0.00557	0.00685	0.00943
86	0.00693	0.00563	0.00615	0.00602	0.00772	0.00484	0.00451	0.00870	0.01354	0.01714	0.26976	0.04972	0.55355	0.01321	0.00654	0.00183	0.00275	0.01119	0.00543	0.00484
87	0.01416	0.42838	0.06902	0.16136	0.02073	0.01823	0.06319	0.09404	0.01279	0.01617	0.00906	0.01124	0.00750	0.00538	0.00522	0.00151	0.04809	0.00397	0.00275	0.00720
88	0.06007	0.01763	0.25902	0.01551	0.02135	0.01231	0.21259	0.09098	0.01444	0.22090	0.01365	0.01448	0.00935	0.00565	0.00562	0.00176	0.00717	0.00517	0.00403	0.00833
89	0.01307	0.01494	0.03268	0.02334	0.02894	0.01401	0.75070	0.01774	0.01307	0.01774	0.01120	0.01494	0.00840	0.00467	0.00654	0.00187	0.00934	0.00654	0.00280	0.00747
90	0.00675	0.00543	0.00602	0.00626	0.00770	0.00470	0.00455	0.00820	0.01253	0.01566	0.13727	0.22431	0.51229	0.01446	0.00666	0.00194	0.00288	0.01242	0.00526	0.00470
91	0.01148	0.00984	0.01148	0.00820	0.01312	0.00738	0.00656	0.01395	0.01148	0.01805	0.00984	0.01148	0.00820	0.00410	0.00410	0.00082	0.00410	0.00328	0.00328	0.83922
92	0.00655	0.00561	0.00561	0.00561	0.00748	0.00468	0.00421	0.00795	0.01262	0.01496	0.05610	0.05330	0.76857	0.01403	0.00655	0.00187	0.00281	0.01169	0.00514	0.00468
93	0.00734	0.00540	0.00761	0.00848	0.00917	0.00511	0.02629	0.00877	0.01136	0.01519	0.08122	0.61016	0.03619	0.01626	0.00711	0.00225	0.00364	0.12859	0.00514	0.00473
94	0.01148	0.00984	0.01148	0.00820	0.01312	0.00738	0.00656	0.01395	0.01148	0.01805	0.00984	0.01148	0.00820	0.00410	0.00410	0.00082	0.00410	0.00328	0.00328	0.83922
95	0.00770	0.00566	0.00721	0.00682	0.00819	0.00517	0.00512	0.01019	0.01535	0.02144	0.69242	0.04263	0.12821	0.01161	0.00653	0.00176	0.00263	0.01019	0.00600	0.00517
96	0.00775	0.00566	0.00728	0.00688	0.00822	0.00519	0.00516	0.01028	0.01547	0.02172	0.72012	0.04217	0.10033	0.01150	0.00653	0.00175	0.00263	0.01013	0.00603	0.00519
97	0.00792	0.00550	0.00659	0.00659	0.00692	0.00563	0.00414	0.00842	0.00854	0.01146	0.01962	0.03451	0.07105	0.59599	0.17914	0.00584	0.00710	0.00788	0.00340	0.00377
98	0.02105	0.01551	0.01662	0.01274	0.01717	0.01717	0.01053	0.75235	0.02604	0.03490	0.01330	0.01330	0.00942	0.00665	0.00554	0.00166	0.00609	0.00499	0.00554	0.00942
99	0.02105	0.01551	0.01662	0.01274	0.01717	0.01717	0.01053	0.75235	0.02604	0.03490	0.01330	0.01330	0.00942	0.00665	0.00554	0.00166	0.00609	0.00499	0.00554	0.00942
100	0.00791	0.00593	0.00890	0.00890	0.00989	0.00692	0.00692	0.00989	0.00890	0.01286	0.01483	0.02176	0.01385	0.04154	0.78341	0.00890	0.01483	0.00593	0.00297	0.00494
101	0.07607	0.00850	0.01085	0.11202	0.01417	0.00974	0.04650	0.04347	0.06188	0.01972	0.01451	0.01726	0.01144	0.00664	0.00627	0.00163	0.10879	0.00506	0.41949	0.00600
102	0.01561	0.01352	0.01352	0.01158	0.01508	0.06770	0.00912	0.17755	0.50644	0.02458	0.01880	0.01778	0.01409	0.00698	0.00547	0.00173	0.00511	0.00561	0.00526	0.06447
103	0.00805	0.00537	0.00604	0.00604	0.00604	0.00537	0.00336	0.00805	0.00805	0.01074	0.01745	0.03624	0.02013	0.80536	0.02819	0.00537	0.00537	0.00805	0.00336	0.00336
104	0.00673	0.00487	0.00637	0.00757	0.00800	0.00451	0.00508	0.00773	0.01074	0.01419	0.03224	0.75152	0.08575	0.01713	0.00703	0.00222	0.00319	0.01547	0.00514	0.00451
105	0.01777	0.41457	0.02231	0.01189	0.01568	0.40542	0.01009	0.01937	0.01349	0.01329	0.00813	0.00944	0.00712	0.00523	0.00428	0.00131	0.00797	0.00327	0.00261	0.00676
106	0.01512	0.67856	0.02729	0.01145	0.06718	0.02077	0.01005	0.06634	0.03250	0.01512	0.00866	0.00983	0.00764	0.00495	0.00388	0.00127	0.00594	0.00332	0.00270	0.00742
107	0.01321	0.01265	0.02158	0.15072	0.65799	0.01303	0.01675	0.01656	0.01237	0.01749	0.01033	0.01387	0.00856	0.00503	0.00549	0.00168	0.00670	0.00493	0.00270	0.00837
108	0.01457	0.01321	0.01915	0.02366	0.39019	0.09966	0.08387	0.01740	0.01313	0.09132	0.01461	0.06106	0.01319	0.00719	0.00620	0.00181	0.02687	0.09165	0.00356	0.00771
109	0.01331	0.01275	0.02176	0.12671	0.68120	0.01305	0.01680	0.01665	0.01242	0.01761	0.01035	0.01384	0.00860	0.00501	0.00549	0.00167	0.00668	0.00493	0.00271	0.00845
110	0.00710	0.00602	0.00660	0.00638	0.00805	0.00553	0.00486	0.00868	0.01285	0.01602	0.16681	0.04883	0.60676	0.01332	0.00727	0.00188	0.05204	0.01100	0.00513	0.00485
111	0.00736	0.00518	0.00675	0.00778	0.00819	0.00497	0.00539	0.00838	0.01044	0.01385	0.02773	0.53126	0.03259	0.17385	0.01137	0.00292	0.00394	0.12892	0.00478	0.00437
112	0.01963	0.07906	0.06965	0.01405	0.01740	0.67833	0.01130	0.02142	0.01512	0.01380	0.00860	0.01003	0.00712	0.00561	0.00492	0.00143	0.00959	0.00356	0.00279	0.00659
113	0.02090	0.01312	0.01469	0.01138	0.01567	0.11657	0.04768	0.14308	0.01666	0.38740	0.01613	0.01533	0.01094	0.00611	0.00530	0.00153	0.00581	0.00488	0.00530	0.14151
114	0.78707	0.01105	0.00873	0.00766	0.01116	0.01276	0.00631	0.06761	0.01058	0.02555	0.00810	0.00930	0.00624	0.00525	0.00357	0.00171	0.00441	0.00314	0.00357	0.00624
115	0.01333	0.01776	0.16045	0.28592	0.02516	0.19179	0.01451	0.01645	0.01166	0.01447	0.00897	0.01247	0.00723	0.00648	0.00827	0.00186	0.18969	0.00443	0.00252	0.00658
116	0.00703	0.00563	0.00628	0.00612	0.00778	0.00488	0.00459	0.00888	0.01376	0.01766	0.32140	0.04885	0.50159	0.01302	0.00654	0.00182	0.00273	0.01107	0.00550	0.00488
117	0.00692	0.00563	0.00612	0.00600	0.00771	0.00483	0.00450	0.00867	0.01350	0.01704	0.26013	0.04988	0.56324	0.01325	0.00654	0.00183	0.00275	0.01121	0.00542	0.00483
118	0.00702	0.00561	0.00627	0.00614	0.00778	0.00487	0.00459	0.00885	0.01368	0.01756	0.31220	0.06424	0.49542	0.01312	0.00655	0.00183	0.00274	0.01117	0.00549	0.00487
119	0.01345	0.01395	0.10599	0.01182	0.01557	0.01366	0.01020	0.02797	0.66918	0.02248	0.02100	0.01957	0.01570	0.00724	0.00559	0.00186	0.00485	0.00600	0.00523	0.00870
120	0.01902	0.01073	0.01268	0.01060	0.01428	0.01111	0.00847	0.02827	0.40816	0.37891	0.02221	0.01981	0.01539	0.00720	0.00560	0.00180	0.00454	0.00593	0.00621	0.00908
121	0.00689	0.00492	0.00659	0.00787	0.00825	0.00462	0.00538	0.00795	0.01074	0.01429	0.03045	0.75453	0.03633	0.01722	0.00711	0.00227	0.00333	0.06159	0.00514	0.00454
122	0.01146	0.01117	0.06553	0.00874	0.01389	0.00777	0.00754	0.01420	0.01150	0.01801	0.00985	0.01150	0.00812	0.00418	0.00418	0.00089	0.00439	0.00334	0.00321	0.78052
123	0.01243	0.01140	0.06604	0.00964	0.01478	0.00816	0.04676	0.01526	0.01187	0.06818	0.01072	0.01217	0.00850	0.00439	0.00441	0.00100	0.00470	0.00366	0.00343	0.68250
124	0.00688	0.00561	0.00609	0.00600	0.00770	0.00481	0.00449	0.00858	0.01336	0.01680	0.23760	0.06603	0.56995	0.01340	0.00655	0.00185	0.00276	0.01135	0.00539	0.00481
125	0.01777	0.01780	0.19221	0.01364	0.01903	0.01484	0.05844	0.44902	0.02039	0.06520	0.01257	0.01318	0.00893	0.00603	0.00544	0.00164	0.00657	0.00478	0.00454	0.06798
126	0.01378	0.01190	0.01252	0.01127	0.01440	0.01378	0.00877	0.02943	0.76081	0.02317	0.02254	0.02066	0.01691	0.00751	0.00564	0.00188	0.00438	0.00626	0.00564	0.00877
127	0.01419	0.01846	0.33267	0.01892	0.22547	0.01183	0.01559	0.01967	0.08010	0.14543	0.05305	0.01581	0.01189	0.00596	0.00547	0.00173	0.00653	0.00508	0.00370	0.00845
128	0.76021	0.01232	0.00891	0.00800	0.01137	0.09126	0.00648	0.01688	0.01007	0.02369	0.00780	0.00910	0.00611	0.00520	0.00359	0.00168	0.00487	0.00306	0.00337	0.00604
129	0.00689	0.00492	0.00659	0.00788	0.00826	0.00462	0.00539	0.00796	0.01075	0.01430	0.03044	0.75213	0.03631	0.01721	0.00711	0.00227	0.00334	0.06392	0.00514	0.00454
130	0.01412	0.01201	0.01265	0.01125	0.01444	0.01381	0.00879	0.07935	0.69268	0.02380	0.02265	0.02089	0.03335	0.00760	0.00565	0.00186	0.00447	0.00630	0.00562	0.00872
131	0.01418	0.01341	0.01904	0.02488	0.45328	0.05508	0.01399	0.08017	0.09277	0.01925	0.03231	0.01580	0.03098	0.00639	0.00709	0.00176	0.10274	0.00531	0.00340	0.00817
132	0.01446	0.62723	0.12501	0.01210	0.06636	0.04642	0.01145	0.01693	0.01155	0.01397	0.00820	0.00961	0.00721	0.00485	0.00395	0.00130	0.00640	0.00326	0.00241	0.00734
133	0.01456	0.74327	0.04351	0.00992	0.01443	0.02142	0.00986	0.01640	0.01109	0.01314	0.00772	0.00914	0.00712	0.00506	0.00450	0.00127	0.05505	0.00310	0.00237	0.00706
134	0.00660	0.00538	0.00585	0.00623	0.00764	0.00462	0.00448	0.00788	0.01203	0.01472	0.04860	0.27297	0.55375	0.01500	0.00670	0.00198	0.00292	0.01288	0.00514	0.00462
135	0.01368	0.42674	0.04652	0.00944	0.01427	0.05591	0.00876	0.01587	0.01159	0.01518	0.00866	0.01006	0.00754	0.00456	0.00390	0.00107	0.00550	0.00316	0.00275	0.33484
136	0.05451	0.03802	0.30776	0.01306	0.01829	0.05160	0.08634	0.03015	0.03734	0.11868	0.14532	0.01887	0.02914	0.00670	0.00552	0.00171	0.00640	0.00566	0.00394	0.02099
