[name]
unknown

[dist]
# distance from previous block
# <min> <max>
0	45

[block]
# block no. 0 follows, 51 sequences, length 27
# corresponding to MSA columns:
# 45-71
name=unknown_A
#
# <colnr> <probs for GDERKNQSTAVLIFYWHMCP>
#	G	D	E	R	K	N	Q	S	T	A	V	L	I	F	Y	W	H	M	C	P
0	0.00629	0.00480	0.00585	0.00657	0.00753	0.00437	0.00489	0.00756	0.01045	0.01323	0.03540	0.38539	0.31778	0.01394	0.00620	0.00192	0.00304	0.15608	0.00456	0.00415
1	0.01148	0.19165	0.52904	0.01300	0.01922	0.01289	0.07308	0.01595	0.01063	0.06626	0.00918	0.01049	0.00673	0.00462	0.00446	0.00146	0.00672	0.00367	0.00238	0.00709
2	0.01171	0.01206	0.02271	0.06111	0.41219	0.01219	0.30035	0.01496	0.01099	0.01545	0.00926	0.01250	0.00750	0.00464	0.00610	0.00160	0.07029	0.00490	0.00242	0.00706
3	0.01097	0.01180	0.02235	0.01694	0.01974	0.01299	0.44005	0.01375	0.00991	0.01406	0.00952	0.05613	0.00842	0.00647	0.00982	0.00187	0.32110	0.00566	0.00247	0.00600
4	0.01075	0.01075	0.01505	0.01290	0.01290	0.01505	0.01075	0.01183	0.00753	0.01183	0.00645	0.01075	0.00645	0.00860	0.01613	0.00215	0.81830	0.00430	0.00215	0.00538
5	0.01175	0.32632	0.44994	0.01181	0.01756	0.07665	0.01383	0.01556	0.01051	0.01379	0.00798	0.00932	0.00626	0.00453	0.00408	0.00134	0.00664	0.00322	0.00212	0.00678
6	0.00875	0.00554	0.00753	0.00775	0.00905	0.00526	0.00630	0.01083	0.01228	0.09365	0.29709	0.13453	0.03358	0.01180	0.00620	0.00190	0.00352	0.33457	0.00500	0.00488
7	0.00696	0.00502	0.00657	0.00618	0.00734	0.00464	0.00464	0.00927	0.01391	0.01971	0.79405	0.03671	0.04637	0.01005	0.00580	0.00155	0.00232	0.00889	0.00541	0.00464
8	0.01208	0.01159	0.01979	0.05387	0.77362	0.01165	0.01504	0.01501	0.01115	0.01595	0.00923	0.01219	0.00775	0.00439	0.00487	0.00146	0.00586	0.00438	0.00243	0.00771
9	0.08622	0.04943	0.16393	0.25094	0.09241	0.14717	0.01246	0.01550	0.05253	0.01453	0.00881	0.01123	0.00690	0.00514	0.00533	0.00155	0.06342	0.00386	0.00247	0.00620
10	0.01868	0.01376	0.01475	0.01131	0.01524	0.01524	0.00934	0.78025	0.02311	0.03097	0.01180	0.01180	0.00836	0.00590	0.00492	0.00147	0.00541	0.00442	0.00492	0.00836
11	0.00627	0.00441	0.00568	0.00659	0.00683	0.00419	0.00431	0.00698	0.00899	0.01197	0.02468	0.64383	0.02940	0.18224	0.01014	0.00257	0.00328	0.02961	0.00424	0.00380
12	0.00932	0.00741	0.06746	0.00708	0.00872	0.00621	0.00564	0.06940	0.01199	0.07767	0.34034	0.02964	0.02772	0.29610	0.01233	0.00267	0.00394	0.00723	0.00432	0.00483
13	0.01118	0.01280	0.05560	0.01893	0.06813	0.01252	0.52211	0.01458	0.01064	0.01486	0.00985	0.04453	0.00822	0.00549	0.00774	0.00175	0.16654	0.00566	0.00248	0.00637
14	0.00715	0.00476	0.00536	0.00536	0.00536	0.00476	0.00298	0.00715	0.00715	0.00953	0.01548	0.03216	0.01787	0.82729	0.02501	0.00476	0.00476	0.00715	0.00298	0.00298
15	0.00609	0.00495	0.00540	0.00538	0.00684	0.00426	0.00400	0.00757	0.01174	0.01477	0.22677	0.09096	0.57001	0.01205	0.00583	0.00165	0.00247	0.01023	0.00477	0.00426
16	0.04038	0.06165	0.01548	0.26062	0.08172	0.10863	0.01096	0.32394	0.01575	0.02043	0.00971	0.01153	0.00730	0.00524	0.00469	0.00148	0.00615	0.00409	0.00337	0.00689
17	0.18453	0.01105	0.06070	0.01695	0.31541	0.01048	0.01052	0.01793	0.10423	0.17720	0.03580	0.01363	0.01012	0.00522	0.00455	0.00152	0.00484	0.00438	0.00367	0.00728
18	0.01238	0.01347	0.01481	0.01285	0.01339	0.18504	0.01048	0.01350	0.00890	0.01187	0.00670	0.01035	0.00643	0.00784	0.01362	0.00196	0.64468	0.00406	0.00223	0.00544
19	0.00590	0.00498	0.00510	0.00507	0.00669	0.00419	0.00380	0.00722	0.01141	0.01377	0.10698	0.04648	0.73714	0.01226	0.00581	0.00165	0.00248	0.01026	0.00463	0.00419
20	0.01085	0.05345	0.01130	0.00758	0.01191	0.00776	0.00617	0.05818	0.01095	0.01666	0.00881	0.01016	0.00729	0.00380	0.00369	0.00079	0.00383	0.00299	0.00299	0.76082
21	0.59793	0.03186	0.01063	0.01139	0.15922	0.04457	0.00753	0.01530	0.00948	0.06228	0.00801	0.00928	0.00623	0.00462	0.00355	0.00149	0.00446	0.00313	0.00304	0.00599
22	0.02205	0.00836	0.01140	0.00874	0.01254	0.00722	0.00722	0.02395	0.01407	0.80004	0.01939	0.01673	0.01216	0.00608	0.00494	0.00152	0.00418	0.00494	0.00608	0.00836
23	0.01347	0.70428	0.02438	0.01041	0.07307	0.08045	0.00901	0.01513	0.01039	0.01194	0.00708	0.00829	0.00642	0.00428	0.00338	0.00110	0.00558	0.00280	0.00216	0.00637
24	0.00656	0.00452	0.00553	0.00611	0.00625	0.00437	0.00378	0.00699	0.00829	0.01106	0.02136	0.43311	0.02528	0.41623	0.01552	0.00336	0.00380	0.01060	0.00378	0.00349
25	0.01700	0.01382	0.01571	0.04716	0.16988	0.06917	0.01065	0.54635	0.01959	0.02599	0.01088	0.01172	0.00803	0.00550	0.00487	0.00146	0.00578	0.00433	0.00415	0.00794
26	0.00841	0.00712	0.00730	0.00672	0.00835	0.06806	0.00511	0.06867	0.01381	0.01806	0.45126	0.03576	0.26272	0.01005	0.00563	0.00155	0.00312	0.00854	0.00490	0.00486

[dist]
# distance from previous block
# <min> <max>
0	1

[block]
# block no. 1 follows, 51 sequences, length 63
# corresponding to MSA columns:
# 73-135
name=unknown_B
#
# <colnr> <probs for GDERKNQSTAVLIFYWHMCP>
#	G	D	E	R	K	N	Q	S	T	A	V	L	I	F	Y	W	H	M	C	P
0	0.00683	0.00498	0.00643	0.00615	0.00729	0.00457	0.00458	0.00900	0.01349	0.01892	0.70636	0.08179	0.09022	0.01049	0.00582	0.00158	0.00236	0.00926	0.00531	0.00457
1	0.01314	0.83025	0.02575	0.00841	0.01261	0.01945	0.00841	0.01472	0.00999	0.01156	0.00683	0.00788	0.00631	0.00420	0.00315	0.00105	0.00526	0.00263	0.00210	0.00631
2	0.01083	0.23905	0.54903	0.01292	0.01923	0.01361	0.06093	0.01535	0.01034	0.01451	0.00836	0.00988	0.00632	0.00451	0.00433	0.00143	0.00679	0.00349	0.00211	0.00697
3	0.00581	0.00498	0.00498	0.00498	0.00664	0.00415	0.00373	0.00705	0.01120	0.01328	0.04978	0.04729	0.79464	0.01245	0.00581	0.00166	0.00249	0.01037	0.00456	0.00415
4	0.00696	0.00502	0.00657	0.00618	0.00734	0.00464	0.00464	0.00927	0.01391	0.01971	0.79405	0.03671	0.04637	0.01005	0.00580	0.00155	0.00232	0.00889	0.00541	0.00464
5	0.00599	0.00428	0.00570	0.00684	0.00713	0.00399	0.00456	0.00684	0.00941	0.01254	0.02709	0.82409	0.03250	0.01540	0.00627	0.00200	0.00285	0.01397	0.00456	0.00399
6	0.01710	0.01514	0.06370	0.01294	0.01711	0.07640	0.12169	0.56423	0.01996	0.02636	0.01102	0.01170	0.00794	0.00551	0.00499	0.00149	0.00621	0.00448	0.00421	0.00783
7	0.00702	0.00527	0.00790	0.00790	0.00878	0.00614	0.00614	0.00878	0.00790	0.01141	0.01316	0.01931	0.01229	0.03686	0.80782	0.00790	0.01316	0.00527	0.00263	0.00439
8	0.00640	0.00500	0.00580	0.00560	0.00700	0.00440	0.00420	0.00820	0.01260	0.01660	0.43472	0.04182	0.40764	0.01120	0.00580	0.00160	0.00240	0.00960	0.00500	0.00440
9	0.00581	0.00498	0.00498	0.00498	0.00664	0.00415	0.00373	0.00705	0.01120	0.01328	0.04978	0.04729	0.79464	0.01245	0.00581	0.00166	0.00249	0.01037	0.00456	0.00415
10	0.01894	0.01334	0.01449	0.01111	0.01503	0.01461	0.00918	0.72127	0.02240	0.09095	0.01239	0.01218	0.00865	0.00591	0.00492	0.00148	0.00531	0.00446	0.00501	0.00836
11	0.00581	0.00498	0.00498	0.00498	0.00664	0.00415	0.00373	0.00705	0.01120	0.01328	0.04978	0.04729	0.79464	0.01245	0.00581	0.00166	0.00249	0.01037	0.00456	0.00415
12	0.00599	0.00428	0.00570	0.00684	0.00713	0.00399	0.00456	0.00684	0.00941	0.01254	0.02709	0.82409	0.03250	0.01540	0.00627	0.00200	0.00285	0.01397	0.00456	0.00399
13	0.00986	0.02542	0.80183	0.01401	0.02127	0.01141	0.01816	0.01556	0.01038	0.01556	0.00882	0.01038	0.00623	0.00467	0.00467	0.00156	0.00726	0.00363	0.00208	0.00726
14	0.00986	0.02542	0.80183	0.01401	0.02127	0.01141	0.01816	0.01556	0.01038	0.01556	0.00882	0.01038	0.00623	0.00467	0.00467	0.00156	0.00726	0.00363	0.00208	0.00726
15	0.02205	0.00836	0.01140	0.00874	0.01254	0.00722	0.00722	0.02395	0.01407	0.80004	0.01939	0.01673	0.01216	0.00608	0.00494	0.00152	0.00418	0.00494	0.00608	0.00836
16	0.01818	0.01351	0.01446	0.01121	0.01505	0.01500	0.00922	0.72144	0.08274	0.03016	0.01244	0.01231	0.00888	0.00596	0.00492	0.00149	0.00529	0.00451	0.00492	0.00831
17	0.01129	0.01540	0.16493	0.01953	0.02491	0.01225	0.64501	0.01571	0.01138	0.01571	0.00974	0.01275	0.00724	0.00424	0.00560	0.00164	0.00811	0.00542	0.00241	0.00674
18	0.01314	0.83025	0.02575	0.00841	0.01261	0.01945	0.00841	0.01472	0.00999	0.01156	0.00683	0.00788	0.00631	0.00420	0.00315	0.00105	0.00526	0.00263	0.00210	0.00631
19	0.01015	0.01067	0.10210	0.00806	0.01276	0.00712	0.00725	0.01274	0.01021	0.01596	0.00874	0.01021	0.00716	0.00376	0.00376	0.00082	0.00406	0.00300	0.00281	0.75865
20	0.01096	0.00766	0.00644	0.00607	0.00757	0.11317	0.00460	0.05840	0.01156	0.01823	0.01464	0.01666	0.01150	0.00565	0.00366	0.00118	0.00336	0.00438	0.68935	0.00496
21	0.00715	0.00476	0.00536	0.00536	0.00536	0.00476	0.00298	0.00715	0.00715	0.00953	0.01548	0.03216	0.01787	0.82729	0.02501	0.00476	0.00476	0.00715	0.00298	0.00298
22	0.01314	0.83025	0.02575	0.00841	0.01261	0.01945	0.00841	0.01472	0.00999	0.01156	0.00683	0.00788	0.00631	0.00420	0.00315	0.00105	0.00526	0.00263	0.00210	0.00631
23	0.00691	0.00502	0.00650	0.00613	0.00731	0.00462	0.00460	0.00918	0.01380	0.01944	0.76370	0.03714	0.07688	0.01014	0.00580	0.00155	0.00233	0.00895	0.00538	0.00462
24	0.01030	0.13517	0.69600	0.01324	0.02009	0.01251	0.01683	0.01545	0.01032	0.01502	0.00855	0.01004	0.00624	0.00461	0.00446	0.00149	0.00699	0.00349	0.00208	0.00713
25	0.71599	0.05627	0.00877	0.00684	0.01003	0.01106	0.00572	0.01556	0.00912	0.11177	0.00830	0.00899	0.00617	0.00472	0.00327	0.00149	0.00393	0.00292	0.00334	0.00573
26	0.00715	0.00476	0.00536	0.00536	0.00536	0.00476	0.00298	0.00715	0.00715	0.00953	0.01548	0.03216	0.01787	0.82729	0.02501	0.00476	0.00476	0.00715	0.00298	0.00298
27	0.00714	0.00597	0.00869	0.00750	0.00926	0.00539	0.09424	0.00935	0.01282	0.01729	0.47623	0.03721	0.26986	0.01009	0.00580	0.00159	0.00306	0.00898	0.00481	0.00472
28	0.00986	0.02542	0.80183	0.01401	0.02127	0.01141	0.01816	0.01556	0.01038	0.01556	0.00882	0.01038	0.00623	0.00467	0.00467	0.00156	0.00726	0.00363	0.00208	0.00726
29	0.00792	0.00566	0.00792	0.00905	0.01018	0.00566	0.00792	0.01018	0.01131	0.01471	0.02602	0.05543	0.02828	0.01358	0.00679	0.00226	0.00453	0.76356	0.00453	0.00453
30	0.00792	0.00566	0.00792	0.00905	0.01018	0.00566	0.00792	0.01018	0.01131	0.01471	0.02602	0.05543	0.02828	0.01358	0.00679	0.00226	0.00453	0.76356	0.00453	0.00453
31	0.36920	0.01127	0.01082	0.00876	0.01211	0.01265	0.00721	0.40132	0.01597	0.02627	0.01006	0.01072	0.00742	0.00533	0.00402	0.00147	0.00450	0.00370	0.07040	0.00680
32	0.02205	0.00836	0.01140	0.00874	0.01254	0.00722	0.00722	0.02395	0.01407	0.80004	0.01939	0.01673	0.01216	0.00608	0.00494	0.00152	0.00418	0.00494	0.00608	0.00836
33	0.00702	0.00527	0.00790	0.00790	0.00878	0.00614	0.00614	0.00878	0.00790	0.01141	0.01316	0.01931	0.01229	0.03686	0.80782	0.00790	0.01316	0.00527	0.00263	0.00439
34	0.00707	0.00478	0.00534	0.00534	0.00544	0.00473	0.00302	0.00714	0.00739	0.00975	0.01753	0.03306	0.06420	0.77869	0.02387	0.00458	0.00463	0.00734	0.00307	0.00305
35	0.01482	0.03750	0.26387	0.01148	0.01600	0.20145	0.01136	0.12165	0.01364	0.13071	0.04326	0.01293	0.00954	0.00542	0.00465	0.00141	0.00636	0.01724	0.00340	0.07332
36	0.01154	0.42763	0.39898	0.01151	0.03158	0.01543	0.01322	0.01513	0.01020	0.01357	0.00783	0.00916	0.00630	0.00443	0.00391	0.00130	0.00623	0.00314	0.00210	0.00679
37	0.00710	0.00477	0.00535	0.00535	0.00540	0.00474	0.00300	0.00714	0.00729	0.00966	0.01669	0.03269	0.04518	0.79864	0.02434	0.00466	0.00468	0.00726	0.00303	0.00302
38	0.01878	0.01101	0.01284	0.00977	0.01371	0.01098	0.00805	0.38557	0.01787	0.32166	0.01426	0.01345	0.00966	0.00565	0.00475	0.00139	0.00470	0.00441	0.00508	0.12641
39	0.01464	0.01493	0.01456	0.01390	0.10543	0.25451	0.06922	0.12629	0.24889	0.01787	0.01278	0.01423	0.01017	0.05351	0.00603	0.00167	0.00624	0.00464	0.00362	0.00686
40	0.00581	0.00498	0.00498	0.00498	0.00664	0.00415	0.00373	0.00705	0.01120	0.01328	0.04978	0.04729	0.79464	0.01245	0.00581	0.00166	0.00249	0.01037	0.00456	0.00415
41	0.07870	0.49208	0.24409	0.01009	0.01497	0.06100	0.01100	0.01521	0.01019	0.01354	0.00744	0.00865	0.00621	0.00441	0.00365	0.00124	0.00592	0.00295	0.00219	0.00647
42	0.01104	0.01109	0.01942	0.01407	0.01853	0.00999	0.37871	0.01506	0.07146	0.01616	0.01015	0.01231	0.00795	0.00421	0.00503	0.00128	0.02147	0.00454	0.00285	0.36468
43	0.45676	0.01261	0.16695	0.00873	0.01281	0.01045	0.00850	0.04620	0.02638	0.19333	0.01047	0.01075	0.00733	0.00501	0.00390	0.00153	0.00464	0.00349	0.00363	0.00655
44	0.00816	0.00665	0.00743	0.00702	0.00878	0.00677	0.00532	0.01361	0.24865	0.01764	0.29302	0.07871	0.25909	0.01003	0.00558	0.00164	0.00288	0.00860	0.00498	0.00541
45	0.00625	0.00500	0.00559	0.00544	0.00691	0.00434	0.00408	0.00790	0.01224	0.01574	0.33461	0.04324	0.50828	0.01153	0.00580	0.00162	0.00242	0.00980	0.00489	0.00434
46	0.00904	0.00462	0.00477	0.00477	0.00590	0.00467	0.00359	0.01130	0.01017	0.01793	0.01587	0.01838	0.01258	0.00748	0.04884	0.00153	0.00290	0.00462	0.80648	0.00457
47	0.01396	0.19019	0.30424	0.01096	0.01596	0.01264	0.01170	0.06756	0.13169	0.17554	0.01245	0.01245	0.00894	0.00524	0.00447	0.00145	0.00557	0.00403	0.00353	0.00743
48	0.00854	0.00427	0.00640	0.00640	0.00640	0.00427	0.00427	0.00640	0.00640	0.00854	0.00854	0.01494	0.00854	0.01707	0.01921	0.85702	0.00427	0.00427	0.00213	0.00213
49	0.00581	0.00498	0.00498	0.00498	0.00664	0.00415	0.00373	0.00705	0.01120	0.01328	0.04978	0.04729	0.79464	0.01245	0.00581	0.00166	0.00249	0.01037	0.00456	0.00415
50	0.00708	0.00502	0.00663	0.00663	0.00707	0.00546	0.00456	0.00796	0.00752	0.01047	0.01432	0.02572	0.01507	0.43112	0.41736	0.00633	0.00897	0.00620	0.00280	0.00368
51	0.01207	0.01642	0.29893	0.02212	0.40949	0.01128	0.06435	0.01599	0.01115	0.07700	0.00993	0.01195	0.00755	0.00460	0.00486	0.00151	0.00637	0.00425	0.00259	0.00757
52	0.00599	0.00428	0.00570	0.00684	0.00713	0.00399	0.00456	0.00684	0.00941	0.01254	0.02709	0.82409	0.03250	0.01540	0.00627	0.00200	0.00285	0.01397	0.00456	0.00399
53	0.01692	0.01554	0.34402	0.01096	0.01622	0.00899	0.01182	0.02042	0.01251	0.46993	0.01494	0.01405	0.00967	0.00549	0.00483	0.00154	0.00548	0.00439	0.00440	0.00790
54	0.04848	0.08360	0.01480	0.01179	0.01480	0.53285	0.00922	0.19616	0.01556	0.01676	0.00849	0.00944	0.00676	0.00517	0.00439	0.00131	0.00759	0.00340	0.00307	0.00635
55	0.01052	0.01878	0.41402	0.07926	0.05530	0.01193	0.26042	0.01514	0.01059	0.01518	0.00905	0.01161	0.00672	0.00474	0.00574	0.00163	0.05585	0.00445	0.00223	0.00683
56	0.00609	0.00455	0.00570	0.00657	0.00725	0.00416	0.00462	0.00715	0.00999	0.01289	0.03247	0.57706	0.21572	0.01454	0.00620	0.00194	0.00289	0.07156	0.00456	0.00407
57	0.01541	0.01272	0.01260	0.01043	0.01361	0.08357	0.00833	0.41296	0.23918	0.02436	0.01710	0.04516	0.06858	0.00686	0.00501	0.00154	0.00498	0.00541	0.00469	0.00749
58	0.01342	0.10151	0.38375	0.01422	0.07874	0.24881	0.02793	0.01700	0.01163	0.04669	0.00875	0.01014	0.00665	0.00477	0.00450	0.00141	0.00732	0.00355	0.00242	0.00678
59	0.00897	0.00878	0.07301	0.01530	0.24995	0.00764	0.01004	0.01157	0.02350	0.01495	0.04451	0.21070	0.02163	0.01026	0.00586	0.00187	0.00468	0.26737	0.00374	0.00567
60	0.01310	0.05003	0.34107	0.01513	0.07934	0.25097	0.08196	0.03290	0.01169	0.01451	0.00843	0.01028	0.00655	0.00498	0.00540	0.00149	0.05942	0.00377	0.00234	0.00665
61	0.01328	0.01334	0.06147	0.02115	0.42548	0.10484	0.04410	0.04319	0.02860	0.06292	0.00991	0.01183	0.00788	0.00457	0.00468	0.00135	0.00591	0.00410	0.00286	0.12854
62	0.01454	0.01735	0.03077	0.01125	0.04465	0.47615	0.00839	0.04072	0.02535	0.01371	0.01600	0.01658	0.15338	0.00629	0.00464	0.00130	0.00672	0.00461	0.00306	0.10452

[dist]
# distance from previous block
# <min> <max>
4	8

[block]
# block no. 2 follows, 51 sequences, length 31
# corresponding to MSA columns:
# 144-174
name=unknown_C
#
# <colnr> <probs for GDERKNQSTAVLIFYWHMCP>
#	G	D	E	R	K	N	Q	S	T	A	V	L	I	F	Y	W	H	M	C	P
0	0.04109	0.10791	0.01418	0.01095	0.06973	0.02487	0.00837	0.22244	0.15593	0.18267	0.04892	0.01443	0.01159	0.00576	0.00462	0.00142	0.00465	0.00455	0.00446	0.06147
1	0.10658	0.00946	0.00978	0.00851	0.01091	0.11704	0.04092	0.01516	0.06051	0.17488	0.17274	0.11693	0.09512	0.00815	0.00508	0.00155	0.00424	0.00684	0.00447	0.03113
2	0.01581	0.12251	0.01649	0.01236	0.01532	0.49701	0.09995	0.04704	0.02545	0.01395	0.06522	0.01171	0.00969	0.00528	0.00454	0.00132	0.00753	0.00394	0.01898	0.00592
3	0.00809	0.00542	0.00678	0.00724	0.00823	0.00525	0.00511	0.01061	0.10210	0.08102	0.02723	0.60327	0.08386	0.01335	0.00597	0.00189	0.00306	0.01194	0.00474	0.00483
4	0.01864	0.01491	0.01465	0.01147	0.01523	0.10906	0.00936	0.69019	0.02202	0.02873	0.01130	0.01145	0.00812	0.00580	0.00486	0.00145	0.00582	0.00428	0.00463	0.00804
5	0.00678	0.00502	0.00685	0.00851	0.07438	0.00482	0.00511	0.00762	0.00905	0.01217	0.02295	0.57689	0.02710	0.19656	0.01036	0.00257	0.00354	0.01162	0.00402	0.00409
6	0.01675	0.08717	0.01533	0.01333	0.08130	0.44490	0.00979	0.03790	0.01270	0.10610	0.00902	0.01034	0.00721	0.00558	0.00609	0.00143	0.12226	0.00363	0.00291	0.00627
7	0.01817	0.01330	0.03050	0.01103	0.01487	0.01423	0.00920	0.68888	0.02175	0.07410	0.01281	0.04570	0.00953	0.00628	0.00497	0.00150	0.00527	0.00483	0.00491	0.00815
8	0.00631	0.00441	0.00561	0.00643	0.00664	0.00421	0.00412	0.00693	0.00878	0.01171	0.02388	0.60513	0.02846	0.23987	0.01145	0.00276	0.00338	0.01208	0.00412	0.00371
9	0.01848	0.01483	0.01456	0.01143	0.01517	0.10898	0.00932	0.67068	0.04180	0.02846	0.01151	0.01162	0.00829	0.00582	0.00486	0.00146	0.00578	0.00430	0.00464	0.00803
10	0.00599	0.00428	0.00570	0.00684	0.00713	0.00399	0.00456	0.00684	0.00941	0.01254	0.02709	0.82409	0.03250	0.01540	0.00627	0.00200	0.00285	0.01397	0.00456	0.00399
11	0.01566	0.01122	0.01238	0.00997	0.01319	0.01222	0.00806	0.44532	0.16672	0.08454	0.15038	0.01776	0.01654	0.00678	0.00509	0.00153	0.00449	0.00546	0.00511	0.00760
12	0.01474	0.59070	0.02245	0.00937	0.01338	0.07963	0.00869	0.18105	0.01314	0.01581	0.00797	0.00881	0.00675	0.00464	0.00363	0.00116	0.00557	0.00306	0.00275	0.00670
13	0.00644	0.00511	0.00591	0.00636	0.00773	0.00457	0.00504	0.00795	0.01105	0.01362	0.04053	0.12827	0.49312	0.01308	0.00614	0.00187	0.00312	0.23129	0.00455	0.00424
14	0.00588	0.00495	0.00512	0.00524	0.00678	0.00418	0.00392	0.00713	0.01107	0.01326	0.04740	0.10563	0.71557	0.01270	0.00587	0.00170	0.00257	0.03233	0.00456	0.00415
15	0.01019	0.00873	0.01019	0.00728	0.01165	0.00655	0.00582	0.01237	0.01019	0.01601	0.00873	0.01019	0.00728	0.00364	0.00364	0.00073	0.00364	0.00291	0.00291	0.85734
16	0.00986	0.02542	0.80183	0.01401	0.02127	0.01141	0.01816	0.01556	0.01038	0.01556	0.00882	0.01038	0.00623	0.00467	0.00467	0.00156	0.00726	0.00363	0.00208	0.00726
17	0.01426	0.01857	0.36079	0.01224	0.01767	0.01301	0.01300	0.39512	0.01669	0.02324	0.01029	0.01107	0.00735	0.00521	0.00473	0.00146	0.00611	0.00398	0.00354	0.06168
18	0.01198	0.01156	0.01996	0.07415	0.72784	0.01166	0.04052	0.01496	0.01113	0.01585	0.00924	0.01225	0.00770	0.00440	0.00490	0.00148	0.00596	0.00443	0.00242	0.00761
19	0.00599	0.00428	0.00570	0.00684	0.00713	0.00399	0.00456	0.00684	0.00941	0.01254	0.02709	0.82409	0.03250	0.01540	0.00627	0.00200	0.00285	0.01397	0.00456	0.00399
20	0.00928	0.00873	0.01474	0.81548	0.03385	0.01092	0.01365	0.01256	0.00983	0.01256	0.00873	0.01310	0.00655	0.00491	0.00491	0.00164	0.00655	0.00437	0.00218	0.00546
21	0.38988	0.00892	0.00938	0.00752	0.01107	0.00880	0.00618	0.01804	0.01098	0.34085	0.01228	0.01191	0.00843	0.00505	0.00391	0.00140	0.00393	0.00364	0.00427	0.13357
22	0.00953	0.00899	0.01519	0.74819	0.09921	0.01098	0.01377	0.01277	0.00994	0.01286	0.00878	0.01302	0.00666	0.00487	0.00491	0.00162	0.00649	0.00437	0.00220	0.00566
23	0.01526	0.01768	0.01820	0.01473	0.01758	0.39026	0.21402	0.08241	0.01298	0.01460	0.00838	0.01061	0.00682	0.00551	0.00688	0.00154	0.14960	0.00417	0.00266	0.00612
24	0.01671	0.01293	0.01321	0.01028	0.01407	0.08054	0.00834	0.46794	0.04989	0.07896	0.01258	0.01266	0.02653	0.00559	0.00466	0.00133	0.00515	0.00425	0.00441	0.16999
25	0.01807	0.01469	0.01467	0.01158	0.01506	0.10904	0.00946	0.63456	0.02089	0.02734	0.01091	0.01138	0.00798	0.00600	0.00567	0.00150	0.06466	0.00427	0.00443	0.00783
26	0.01104	0.01465	0.21792	0.01139	0.01534	0.07787	0.10102	0.09989	0.13051	0.01722	0.03554	0.04497	0.18695	0.00725	0.00519	0.00159	0.00550	0.00615	0.00362	0.00641
27	0.01908	0.01313	0.01435	0.01100	0.01492	0.01429	0.00909	0.69070	0.02204	0.12203	0.01270	0.01238	0.00881	0.00592	0.00492	0.00148	0.00526	0.00449	0.00505	0.00836
28	0.01262	0.21323	0.36175	0.01155	0.01668	0.08169	0.01266	0.14199	0.01295	0.01716	0.06558	0.01180	0.00951	0.00519	0.00441	0.00140	0.00626	0.00386	0.00283	0.00689
29	0.11321	0.08244	0.05423	0.15899	0.35150	0.04834	0.01241	0.09291	0.01182	0.01709	0.00883	0.01119	0.00707	0.00468	0.00449	0.00146	0.00583	0.00394	0.00267	0.00690
30	0.01285	0.37566	0.20463	0.01108	0.05206	0.01499	0.01086	0.13567	0.01223	0.01631	0.00842	0.00956	0.00680	0.00452	0.00393	0.00122	0.00559	0.00326	0.00265	0.10769

[dist]
# distance from previous block
# <min> <max>
2	30

[block]
# block no. 3 follows, 51 sequences, length 7
# corresponding to MSA columns:
# 205-211
name=unknown_D
#
# <colnr> <probs for GDERKNQSTAVLIFYWHMCP>
#	G	D	E	R	K	N	Q	S	T	A	V	L	I	F	Y	W	H	M	C	P
0	0.01377	0.26061	0.01620	0.00966	0.01317	0.12933	0.00810	0.09769	0.25152	0.01703	0.01178	0.01197	0.00934	0.00518	0.00416	0.00127	0.00515	0.00383	0.00346	0.12677
1	0.01414	0.32982	0.01733	0.00934	0.01270	0.01477	0.00808	0.33714	0.01543	0.01996	0.01273	0.16267	0.01209	0.00702	0.00448	0.00141	0.00487	0.00552	0.00375	0.00674
2	0.01412	0.36388	0.21143	0.01099	0.01559	0.16474	0.01113	0.12693	0.01272	0.01544	0.00818	0.00924	0.00659	0.00473	0.00402	0.00128	0.00644	0.00323	0.00258	0.00672
3	0.32865	0.16179	0.01117	0.00750	0.00995	0.01052	0.00631	0.01276	0.00877	0.05416	0.00992	0.01280	0.00855	0.01714	0.31644	0.00392	0.00774	0.00378	0.00286	0.00529
4	0.27213	0.00994	0.00863	0.00793	0.01002	0.12422	0.00609	0.10157	0.01244	0.01928	0.20354	0.16868	0.02094	0.00816	0.00474	0.00157	0.00418	0.00658	0.00405	0.00531
5	0.05850	0.01355	0.01451	0.01155	0.01478	0.16120	0.11657	0.33960	0.01702	0.02254	0.12422	0.01521	0.01343	0.00602	0.00491	0.00146	0.00577	0.00495	0.04749	0.00673
6	0.26009	0.01091	0.01035	0.00884	0.01203	0.04760	0.00703	0.09752	0.33814	0.02103	0.01318	0.01308	0.01002	0.00548	0.00420	0.00145	0.00421	0.00412	0.00402	0.12671

[dist]
# distance from previous block
# <min> <max>
2	4

[block]
# block no. 4 follows, 51 sequences, length 59
# corresponding to MSA columns:
# 216-274
name=unknown_E
#
# <colnr> <probs for GDERKNQSTAVLIFYWHMCP>
#	G	D	E	R	K	N	Q	S	T	A	V	L	I	F	Y	W	H	M	C	P
0	0.01616	0.07805	0.01349	0.00987	0.01315	0.11557	0.00808	0.45373	0.01808	0.02415	0.01154	0.01226	0.00868	0.00555	0.00440	0.00133	0.00521	0.00410	0.16140	0.03520
1	0.01428	0.01576	0.01166	0.01043	0.01303	0.38246	0.00790	0.03173	0.25160	0.01528	0.01529	0.01605	0.07231	0.04348	0.00559	0.00154	0.00615	0.00465	0.00354	0.07726
2	0.00948	0.04387	0.00721	0.00632	0.00764	0.06952	0.00489	0.01151	0.00991	0.01560	0.01415	0.01737	0.01173	0.01423	0.22650	0.00302	0.00596	0.00457	0.51184	0.00469
3	0.01319	0.64691	0.10121	0.00892	0.01322	0.01697	0.00911	0.01518	0.01032	0.07469	0.00895	0.04600	0.00796	0.00491	0.00359	0.00118	0.00526	0.00343	0.00253	0.00646
4	0.00658	0.00488	0.00659	0.00703	0.00775	0.00504	0.00514	0.00785	0.00892	0.01202	0.02318	0.29231	0.11805	0.09157	0.33744	0.00463	0.00729	0.04598	0.00363	0.00412
5	0.00712	0.00486	0.00583	0.00583	0.00599	0.00502	0.00356	0.00745	0.00729	0.00988	0.01505	0.02978	0.01683	0.68072	0.17017	0.00535	0.00632	0.00680	0.00291	0.00324
6	0.01151	0.00682	0.00807	0.00764	0.00922	0.03754	0.00563	0.07146	0.01205	0.19948	0.08634	0.40007	0.02440	0.04927	0.00649	0.00187	0.00362	0.00952	0.04357	0.00545
7	0.01195	0.39452	0.32650	0.01172	0.01703	0.05787	0.07341	0.01533	0.01048	0.01359	0.00806	0.00952	0.00648	0.00445	0.00403	0.00131	0.00642	0.00333	0.01736	0.00664
8	0.01024	0.02277	0.63342	0.01547	0.02223	0.01163	0.18391	0.01560	0.01064	0.01560	0.00906	0.01100	0.00649	0.00455	0.00492	0.00158	0.00749	0.00410	0.00216	0.00712
9	0.01413	0.00745	0.00890	0.00759	0.01007	0.00743	0.00604	0.08100	0.10816	0.27934	0.01966	0.01966	0.07453	0.00988	0.09154	0.00213	0.00457	0.00534	0.23608	0.00650
10	0.01075	0.22886	0.43818	0.01393	0.11483	0.01294	0.01414	0.01476	0.01067	0.01494	0.07394	0.01216	0.00979	0.00496	0.00440	0.00141	0.00616	0.00391	0.00241	0.00686
11	0.00775	0.00563	0.00711	0.09348	0.01027	0.00529	0.00541	0.00969	0.01234	0.06913	0.34449	0.03724	0.35344	0.01023	0.00565	0.00160	0.00297	0.00875	0.00475	0.00477
12	0.00610	0.00436	0.00583	0.00697	0.00731	0.00409	0.00476	0.00704	0.00952	0.01267	0.02702	0.77850	0.03225	0.01529	0.00630	0.00201	0.00295	0.05843	0.00456	0.00402
13	0.01146	0.01422	0.09043	0.02018	0.02533	0.01235	0.71832	0.01573	0.01150	0.01573	0.00985	0.01303	0.00736	0.00418	0.00571	0.00165	0.00820	0.00563	0.00245	0.00668
14	0.00986	0.02542	0.80183	0.01401	0.02127	0.01141	0.01816	0.01556	0.01038	0.01556	0.00882	0.01038	0.00623	0.00467	0.00467	0.00156	0.00726	0.00363	0.00208	0.00726
15	0.00792	0.00566	0.00792	0.00905	0.01018	0.00566	0.00792	0.01018	0.01131	0.01471	0.02602	0.05543	0.02828	0.01358	0.00679	0.00226	0.00453	0.76356	0.00453	0.00453
16	0.00715	0.00476	0.00536	0.00536	0.00536	0.00476	0.00298	0.00715	0.00715	0.00953	0.01548	0.03216	0.01787	0.82729	0.02501	0.00476	0.00476	0.00715	0.00298	0.00298
17	0.01019	0.00873	0.01019	0.00728	0.01165	0.00655	0.00582	0.01237	0.01019	0.01601	0.00873	0.01019	0.00728	0.00364	0.00364	0.00073	0.00364	0.00291	0.00291	0.85734
18	0.01233	0.63242	0.21651	0.00978	0.01474	0.01747	0.01080	0.01492	0.01008	0.01255	0.00732	0.00850	0.00629	0.00432	0.00353	0.00118	0.00575	0.00287	0.00210	0.00654
19	0.01710	0.01266	0.01362	0.01084	0.01446	0.01407	0.00882	0.54345	0.22790	0.06317	0.01435	0.01378	0.01031	0.00611	0.00494	0.00153	0.00494	0.00475	0.00499	0.00820
20	0.01831	0.01057	0.01241	0.00961	0.01342	0.01053	0.00786	0.29156	0.10057	0.34426	0.01542	0.01433	0.01051	0.00578	0.00478	0.00142	0.00452	0.00457	0.00515	0.11445
21	0.01001	0.00785	0.00864	0.00790	0.00940	0.04671	0.00590	0.18442	0.01204	0.01582	0.01890	0.09891	0.11054	0.19547	0.24085	0.00410	0.00707	0.00683	0.00364	0.00498
22	0.00891	0.00577	0.00694	0.00653	0.00826	0.00527	0.00502	0.01136	0.05837	0.12440	0.27797	0.10326	0.30070	0.01076	0.00572	0.00166	0.00288	0.04605	0.00507	0.00511
23	0.00986	0.02542	0.80183	0.01401	0.02127	0.01141	0.01816	0.01556	0.01038	0.01556	0.00882	0.01038	0.00623	0.00467	0.00467	0.00156	0.00726	0.00363	0.00208	0.00726
24	0.00627	0.00500	0.00561	0.00546	0.00692	0.00434	0.00409	0.00794	0.01228	0.01584	0.34638	0.04308	0.49644	0.01149	0.00580	0.00161	0.00242	0.00978	0.00490	0.00434
25	0.01192	0.01143	0.01951	0.09575	0.73293	0.01161	0.01496	0.01487	0.01108	0.01576	0.00920	0.01224	0.00768	0.00442	0.00487	0.00147	0.00590	0.00438	0.00241	0.00759
26	0.00988	0.00947	0.01338	0.01173	0.01194	0.01297	0.00968	0.01111	0.00761	0.01173	0.00802	0.01275	0.00781	0.01519	0.20084	0.00349	0.63045	0.00453	0.00226	0.00515
27	0.00916	0.00458	0.00458	0.00458	0.00573	0.00458	0.00344	0.01145	0.01031	0.01832	0.01603	0.01832	0.01260	0.00573	0.00344	0.00115	0.00229	0.00458	0.85457	0.00458
28	0.00616	0.00510	0.00543	0.00554	0.00704	0.00446	0.00414	0.00784	0.03551	0.01377	0.07942	0.13031	0.62588	0.01252	0.00587	0.00171	0.00264	0.03776	0.00461	0.00428
29	0.01571	0.00819	0.01017	0.00871	0.01140	0.00803	0.00682	0.10154	0.13990	0.37557	0.02076	0.23599	0.01775	0.00869	0.00531	0.00167	0.00390	0.00744	0.00537	0.00708
30	0.00581	0.00498	0.00498	0.00498	0.00664	0.00415	0.00373	0.00705	0.01120	0.01328	0.04978	0.04729	0.79464	0.01245	0.00581	0.00166	0.00249	0.01037	0.00456	0.00415
31	0.02096	0.01011	0.01249	0.00957	0.01342	0.00982	0.00791	0.26918	0.01700	0.55067	0.01693	0.01513	0.01093	0.00602	0.00493	0.00151	0.00458	0.00477	0.00570	0.00836
32	0.01553	0.01806	0.01668	0.02066	0.37215	0.44401	0.01205	0.01755	0.01268	0.01387	0.00835	0.01037	0.00699	0.00475	0.00463	0.00135	0.00748	0.00372	0.00249	0.00665
33	0.86201	0.00950	0.00722	0.00646	0.00950	0.01102	0.00532	0.01445	0.00836	0.02205	0.00684	0.00798	0.00532	0.00456	0.00304	0.00152	0.00380	0.00266	0.00304	0.00532
34	0.01314	0.83025	0.02575	0.00841	0.01261	0.01945	0.00841	0.01472	0.00999	0.01156	0.00683	0.00788	0.00631	0.00420	0.00315	0.00105	0.00526	0.00263	0.00210	0.00631
35	0.00618	0.00499	0.00550	0.00537	0.00687	0.00431	0.00403	0.00778	0.01209	0.01537	0.29256	0.04384	0.55056	0.01166	0.00580	0.00162	0.00243	0.00989	0.00484	0.00431
36	0.01306	0.69973	0.10915	0.00924	0.01369	0.06094	0.00952	0.01507	0.01024	0.01202	0.00709	0.00821	0.00630	0.00430	0.00339	0.00112	0.00567	0.00277	0.00212	0.00638
37	0.19440	0.01150	0.01316	0.22895	0.01909	0.01317	0.00966	0.40961	0.01638	0.02408	0.00992	0.01135	0.00722	0.00535	0.00452	0.00153	0.00538	0.00404	0.00378	0.00693
38	0.02205	0.00836	0.01140	0.00874	0.01254	0.00722	0.00722	0.02395	0.01407	0.80004	0.01939	0.01673	0.01216	0.00608	0.00494	0.00152	0.00418	0.00494	0.00608	0.00836
39	0.01190	0.00978	0.01101	0.09673	0.01453	0.01114	0.00805	0.02294	0.59708	0.06099	0.02124	0.02010	0.07905	0.00693	0.00506	0.00166	0.00408	0.00580	0.00472	0.00726
40	0.01160	0.01326	0.02900	0.02071	0.02568	0.01243	0.77879	0.01574	0.01160	0.01574	0.00994	0.01326	0.00746	0.00414	0.00580	0.00166	0.00829	0.00580	0.00249	0.00663
41	0.00683	0.00573	0.00605	0.00599	0.00773	0.00530	0.00462	0.00978	0.10840	0.01454	0.07097	0.04397	0.60612	0.01173	0.00579	0.00171	0.00283	0.07262	0.00465	0.00465
42	0.00595	0.00444	0.00553	0.00641	0.00701	0.00403	0.00437	0.00689	0.00982	0.01271	0.03234	0.64410	0.20910	0.01471	0.00616	0.00192	0.00277	0.01314	0.00456	0.00403
43	0.00635	0.00468	0.00599	0.00694	0.00744	0.00449	0.00471	0.00800	0.05566	0.01306	0.02778	0.73826	0.06878	0.01473	0.00617	0.00196	0.00289	0.01330	0.00459	0.00422
44	0.01095	0.07919	0.01595	0.01253	0.01288	0.01542	0.01056	0.01207	0.00773	0.01180	0.00648	0.01051	0.00644	0.00823	0.01504	0.00206	0.75039	0.00416	0.00215	0.00545
45	0.00928	0.00873	0.01474	0.81548	0.03385	0.01092	0.01365	0.01256	0.00983	0.01256	0.00873	0.01310	0.00655	0.00491	0.00491	0.00164	0.00655	0.00437	0.00218	0.00546
46	0.01145	0.01427	0.09354	0.02015	0.02531	0.01234	0.71526	0.01573	0.01150	0.01573	0.00985	0.01302	0.00735	0.00419	0.00571	0.00165	0.00820	0.00562	0.00245	0.00668
47	0.01025	0.12257	0.70815	0.01333	0.02022	0.01238	0.01698	0.01546	0.01033	0.01508	0.00858	0.01007	0.00624	0.00461	0.00449	0.00150	0.00702	0.00351	0.00208	0.00715
48	0.01575	0.01014	0.01216	0.01136	0.07832	0.01075	0.00830	0.06923	0.42928	0.27093	0.01842	0.01692	0.01309	0.00624	0.00497	0.00159	0.00424	0.00519	0.00513	0.00800
49	0.62186	0.01347	0.00913	0.00823	0.01112	0.23776	0.00651	0.01592	0.00995	0.01920	0.00706	0.00823	0.00561	0.00470	0.00344	0.00145	0.00524	0.00280	0.00290	0.00543
50	0.01160	0.01326	0.02900	0.02071	0.02568	0.01243	0.77879	0.01574	0.01160	0.01574	0.00994	0.01326	0.00746	0.00414	0.00580	0.00166	0.00829	0.00580	0.00249	0.00663
51	0.01762	0.01274	0.01362	0.01056	0.01418	0.01405	0.00868	0.69466	0.02168	0.02956	0.01227	0.01252	0.00883	0.00588	0.00475	0.00144	0.00506	0.00444	0.09951	0.00794
52	0.00609	0.00443	0.00557	0.00642	0.00687	0.00410	0.00428	0.00690	0.00941	0.01232	0.02896	0.63108	0.13615	0.10290	0.00824	0.00225	0.00301	0.01273	0.00439	0.00390
53	0.01208	0.01077	0.01387	0.01566	0.22579	0.01216	0.01000	0.05508	0.42125	0.01871	0.03815	0.01658	0.02644	0.00642	0.00620	0.00165	0.09260	0.00523	0.00399	0.00739
54	0.31527	0.41452	0.05322	0.00843	0.01218	0.10142	0.00787	0.01519	0.00985	0.01552	0.00701	0.00814	0.00596	0.00445	0.00332	0.00126	0.00522	0.00274	0.00248	0.00593
55	0.01244	0.01143	0.01596	0.02041	0.43311	0.03856	0.01145	0.08005	0.12183	0.01774	0.01161	0.01320	0.02391	0.00487	0.00467	0.00135	0.00516	0.00435	0.00314	0.16476
56	0.01625	0.01226	0.01350	0.01060	0.01404	0.01338	0.00864	0.58636	0.03155	0.02675	0.01261	0.07952	0.01027	0.00662	0.00551	0.00148	0.04869	0.00508	0.00454	0.09233
57	0.01287	0.01358	0.01365	0.09883	0.01563	0.22680	0.02347	0.06525	0.08608	0.01424	0.01168	0.01442	0.05151	0.00802	0.03451	0.00192	0.28094	0.01788	0.00291	0.00581
58	0.06156	0.01616	0.01286	0.01145	0.02757	0.32306	0.00875	0.16960	0.28164	0.01926	0.01267	0.01270	0.00968	0.00574	0.00465	0.00146	0.00615	0.00423	0.00387	0.00695

[dist]
# distance from previous block
# <min> <max>
0	4

[block]
# block no. 5 follows, 51 sequences, length 20
# corresponding to MSA columns:
# 279-298
name=unknown_F
#
# <colnr> <probs for GDERKNQSTAVLIFYWHMCP>
#	G	D	E	R	K	N	Q	S	T	A	V	L	I	F	Y	W	H	M	C	P
0	0.26771	0.01112	0.01013	0.00967	0.05221	0.15259	0.03048	0.04029	0.04715	0.07889	0.01846	0.02116	0.15293	0.02138	0.00496	0.00162	0.00488	0.06498	0.00369	0.00569
1	0.01123	0.01053	0.01760	0.21703	0.52867	0.01128	0.01387	0.01410	0.01062	0.01512	0.00935	0.01265	0.00768	0.00480	0.00539	0.00152	0.04829	0.00438	0.04897	0.00692
2	0.01237	0.01077	0.01573	0.01928	0.39807	0.01040	0.01103	0.08906	0.01191	0.04031	0.00947	0.01154	0.00773	0.00457	0.00509	0.00126	0.04947	0.00392	0.00292	0.28510
3	0.01446	0.05948	0.01530	0.01335	0.05726	0.40818	0.06724	0.03453	0.01194	0.01299	0.00992	0.10205	0.00953	0.00675	0.00684	0.00154	0.15533	0.00486	0.00272	0.00573
4	0.00938	0.00895	0.01338	0.01175	0.07775	0.05109	0.17675	0.01194	0.01228	0.01676	0.30312	0.02530	0.11901	0.00734	0.00532	0.00144	0.00450	0.00681	0.00388	0.13325
5	0.01038	0.00870	0.01559	0.01383	0.10919	0.00814	0.24760	0.01328	0.01281	0.08884	0.36671	0.02484	0.04372	0.00721	0.00561	0.00157	0.00478	0.00705	0.00418	0.00597
6	0.00742	0.00517	0.00647	0.00605	0.00744	0.00466	0.00457	0.00950	0.01336	0.05436	0.60597	0.03795	0.19797	0.01035	0.00576	0.00157	0.00244	0.00901	0.00527	0.00471
7	0.01345	0.78252	0.02505	0.00866	0.01277	0.06606	0.00847	0.01501	0.01022	0.01159	0.00688	0.00794	0.00631	0.00426	0.00323	0.00106	0.00547	0.00266	0.00213	0.00627
8	0.01165	0.46517	0.37779	0.01095	0.01654	0.01580	0.01283	0.01510	0.01016	0.01338	0.00773	0.00901	0.00627	0.00442	0.00384	0.00128	0.00617	0.00308	0.00209	0.00674
9	0.01476	0.01479	0.01398	0.01330	0.07852	0.27803	0.00978	0.01860	0.16116	0.08837	0.01090	0.01227	0.00871	0.00646	0.00809	0.00165	0.24676	0.00423	0.00322	0.00643
10	0.00986	0.02542	0.80183	0.01401	0.02127	0.01141	0.01816	0.01556	0.01038	0.01556	0.00882	0.01038	0.00623	0.00467	0.00467	0.00156	0.00726	0.00363	0.00208	0.00726
11	0.00599	0.00428	0.00570	0.00684	0.00713	0.00399	0.00456	0.00684	0.00941	0.01254	0.02709	0.82409	0.03250	0.01540	0.00627	0.00200	0.00285	0.01397	0.00456	0.00399
12	0.01216	0.01168	0.01995	0.03016	0.79664	0.01168	0.01508	0.01508	0.01119	0.01605	0.00924	0.01216	0.00778	0.00438	0.00487	0.00146	0.00584	0.00438	0.00243	0.00778
13	0.01836	0.02342	0.01393	0.01266	0.01519	0.80756	0.00950	0.01962	0.01393	0.01203	0.00760	0.00886	0.00633	0.00506	0.00443	0.00127	0.00886	0.00317	0.00253	0.00570
14	0.00928	0.00873	0.01474	0.81548	0.03385	0.01092	0.01365	0.01256	0.00983	0.01256	0.00873	0.01310	0.00655	0.00491	0.00491	0.00164	0.00655	0.00437	0.00218	0.00546
15	0.00581	0.00498	0.00498	0.00498	0.00664	0.00415	0.00373	0.00705	0.01120	0.01328	0.04978	0.04729	0.79464	0.01245	0.00581	0.00166	0.00249	0.01037	0.00456	0.00415
16	0.00581	0.00498	0.00498	0.00498	0.00664	0.00415	0.00373	0.00705	0.01120	0.01328	0.04978	0.04729	0.79464	0.01245	0.00581	0.00166	0.00249	0.01037	0.00456	0.00415
17	0.01845	0.01369	0.15294	0.01077	0.01524	0.01138	0.01006	0.34426	0.01726	0.33375	0.01429	0.01350	0.00949	0.00575	0.00488	0.00151	0.00525	0.00449	0.00488	0.00817
18	0.01013	0.00961	0.01628	0.58307	0.25959	0.01114	0.01407	0.01330	0.01023	0.01359	0.00889	0.01282	0.00692	0.00475	0.00490	0.00158	0.00634	0.00437	0.00226	0.00615
19	0.00725	0.00566	0.00895	0.00854	0.00962	0.00646	0.04465	0.00912	0.00808	0.01162	0.01300	0.01900	0.01204	0.03523	0.76785	0.00759	0.01292	0.00529	0.00263	0.00450

[dist]
# distance from previous block
# <min> <max>
0	7

[block]
# block no. 6 follows, 51 sequences, length 39
# corresponding to MSA columns:
# 306-344
name=unknown_G
#
# <colnr> <probs for GDERKNQSTAVLIFYWHMCP>
#	G	D	E	R	K	N	Q	S	T	A	V	L	I	F	Y	W	H	M	C	P
0	0.01694	0.06479	0.29781	0.01075	0.01583	0.00988	0.01135	0.05842	0.01294	0.43015	0.01443	0.01365	0.00947	0.00545	0.00473	0.00150	0.00542	0.00430	0.00433	0.00784
1	0.01307	0.25786	0.04850	0.00953	0.01293	0.03564	0.00831	0.05885	0.37616	0.05710	0.06136	0.01529	0.01319	0.00593	0.00446	0.00144	0.00457	0.00464	0.00401	0.00713
2	0.01379	0.01530	0.02048	0.01755	0.11225	0.23289	0.32410	0.07839	0.01306	0.01602	0.05635	0.01307	0.00954	0.00516	0.00578	0.00153	0.05053	0.00489	0.00285	0.00646
3	0.00948	0.00894	0.01510	0.76117	0.08660	0.01097	0.01375	0.01273	0.00992	0.01280	0.00877	0.01304	0.00664	0.00488	0.00491	0.00163	0.00650	0.00437	0.00220	0.00562
4	0.00986	0.02542	0.80183	0.01401	0.02127	0.01141	0.01816	0.01556	0.01038	0.01556	0.00882	0.01038	0.00623	0.00467	0.00467	0.00156	0.00726	0.00363	0.00208	0.00726
5	0.00747	0.00593	0.00876	0.00850	0.00927	0.00722	0.00670	0.00914	0.00785	0.01146	0.01235	0.01827	0.01158	0.03344	0.71202	0.00720	0.11059	0.00515	0.00257	0.00451
6	0.01181	0.01132	0.01932	0.12519	0.70434	0.01158	0.01491	0.01478	0.01102	0.01563	0.00918	0.01228	0.00763	0.00444	0.00487	0.00148	0.00592	0.00438	0.00240	0.00750
7	0.01019	0.00873	0.01019	0.00728	0.01165	0.00655	0.00582	0.01237	0.01019	0.01601	0.00873	0.01019	0.00728	0.00364	0.00364	0.00073	0.00364	0.00291	0.00291	0.85734
8	0.00712	0.00513	0.00679	0.00666	0.00781	0.00481	0.00518	0.00942	0.01348	0.01887	0.66626	0.03982	0.04336	0.01063	0.00596	0.00166	0.00269	0.13445	0.00526	0.00462
9	0.01236	0.00624	0.00815	0.00698	0.00917	0.00553	0.00548	0.01440	0.01364	0.30559	0.41941	0.03065	0.12435	0.00888	0.00548	0.00155	0.00302	0.00762	0.00555	0.00595
10	0.01019	0.00873	0.01019	0.00728	0.01165	0.00655	0.00582	0.01237	0.01019	0.01601	0.00873	0.01019	0.00728	0.00364	0.00364	0.00073	0.00364	0.00291	0.00291	0.85734
11	0.01216	0.01168	0.01995	0.03016	0.79664	0.01168	0.01508	0.01508	0.01119	0.01605	0.00924	0.01216	0.00778	0.00438	0.00487	0.00146	0.00584	0.00438	0.00243	0.00778
12	0.00741	0.00537	0.00700	0.00718	0.00829	0.00520	0.00570	0.00978	0.03355	0.01679	0.40096	0.04287	0.06779	0.08372	0.00783	0.00209	0.00337	0.27576	0.00483	0.00452
13	0.00986	0.02542	0.80183	0.01401	0.02127	0.01141	0.01816	0.01556	0.01038	0.01556	0.00882	0.01038	0.00623	0.00467	0.00467	0.00156	0.00726	0.00363	0.00208	0.00726
14	0.01019	0.00873	0.01019	0.00728	0.01165	0.00655	0.00582	0.01237	0.01019	0.01601	0.00873	0.01019	0.00728	0.00364	0.00364	0.00073	0.00364	0.00291	0.00291	0.85734
15	0.01124	0.01074	0.01828	0.28129	0.55271	0.01143	0.01462	0.01427	0.01075	0.01494	0.00908	0.01246	0.00739	0.00455	0.00488	0.00152	0.00607	0.00437	0.00235	0.00704
16	0.01216	0.01168	0.01995	0.03016	0.79664	0.01168	0.01508	0.01508	0.01119	0.01605	0.00924	0.01216	0.00778	0.00438	0.00487	0.00146	0.00584	0.00438	0.00243	0.00778
17	0.00645	0.00461	0.00623	0.00737	0.00786	0.00439	0.00536	0.00764	0.00986	0.01306	0.02683	0.64054	0.03149	0.01496	0.00640	0.00206	0.00325	0.19296	0.00455	0.00412
18	0.00649	0.00501	0.00593	0.00570	0.00706	0.00444	0.00427	0.00838	0.01282	0.01711	0.49381	0.04098	0.34823	0.01101	0.00580	0.00159	0.00239	0.00949	0.00507	0.00444
19	0.00928	0.00873	0.01474	0.81548	0.03385	0.01092	0.01365	0.01256	0.00983	0.01256	0.00873	0.01310	0.00655	0.00491	0.00491	0.00164	0.00655	0.00437	0.00218	0.00546
20	0.00702	0.00527	0.00790	0.00790	0.00878	0.00614	0.00614	0.00878	0.00790	0.01141	0.01316	0.01931	0.01229	0.03686	0.80782	0.00790	0.01316	0.00527	0.00263	0.00439
21	0.00928	0.00873	0.01474	0.81548	0.03385	0.01092	0.01365	0.01256	0.00983	0.01256	0.00873	0.01310	0.00655	0.00491	0.00491	0.00164	0.00655	0.00437	0.00218	0.00546
22	0.01314	0.83025	0.02575	0.00841	0.01261	0.01945	0.00841	0.01472	0.00999	0.01156	0.00683	0.00788	0.00631	0.00420	0.00315	0.00105	0.00526	0.00263	0.00210	0.00631
23	0.01836	0.02342	0.01393	0.01266	0.01519	0.80756	0.00950	0.01962	0.01393	0.01203	0.00760	0.00886	0.00633	0.00506	0.00443	0.00127	0.00886	0.00317	0.00253	0.00570
24	0.01216	0.01168	0.01995	0.03016	0.79664	0.01168	0.01508	0.01508	0.01119	0.01605	0.00924	0.01216	0.00778	0.00438	0.00487	0.00146	0.00584	0.00438	0.00243	0.00778
25	0.00581	0.00498	0.00498	0.00498	0.00664	0.00415	0.00373	0.00705	0.01120	0.01328	0.04978	0.04729	0.79464	0.01245	0.00581	0.00166	0.00249	0.01037	0.00456	0.00415
26	0.00696	0.00502	0.00657	0.00618	0.00734	0.00464	0.00464	0.00927	0.01391	0.01971	0.79405	0.03671	0.04637	0.01005	0.00580	0.00155	0.00232	0.00889	0.00541	0.00464
