[name]
unknown

[dist]
# distance from previous block
# <min> <max>
6	26

[block]
# block no. 0 follows, 51 sequences, length 7
# corresponding to MSA columns:
# 26-32
name=unknown_A
#
# <colnr> <probs for GDERKNQSTAVLIFYWHMCP>
#	G	D	E	R	K	N	Q	S	T	A	V	L	I	F	Y	W	H	M	C	P
0	0.01259	0.69614	0.15507	0.00934	0.01406	0.01811	0.01003	0.01486	0.01005	0.01223	0.00716	0.00830	0.00629	0.00428	0.00341	0.00114	0.00559	0.00279	0.00210	0.00647
1	0.01168	0.47204	0.37116	0.01090	0.01647	0.01587	0.01275	0.01509	0.01016	0.01334	0.00772	0.00899	0.00627	0.00441	0.00383	0.00128	0.00615	0.00307	0.00209	0.00673
2	0.01067	0.06328	0.44939	0.10569	0.02245	0.04185	0.16658	0.01517	0.01052	0.01472	0.00876	0.01108	0.00652	0.00478	0.00541	0.00158	0.04850	0.00411	0.00219	0.00673
3	0.00713	0.00483	0.00569	0.00569	0.00581	0.00495	0.00339	0.00736	0.00725	0.00978	0.01518	0.03047	0.01713	0.72335	0.12796	0.00518	0.00587	0.00690	0.00293	0.00316
4	0.01032	0.01856	0.41481	0.01546	0.02059	0.01192	0.23950	0.01462	0.01025	0.01489	0.00965	0.05003	0.00787	0.00564	0.00686	0.00170	0.13351	0.00486	0.00233	0.00663
5	0.01314	0.83025	0.02575	0.00841	0.01261	0.01945	0.00841	0.01472	0.00999	0.01156	0.00683	0.00788	0.00631	0.00420	0.00315	0.00105	0.00526	0.00263	0.00210	0.00631
6	0.02205	0.00836	0.01140	0.00874	0.01254	0.00722	0.00722	0.02395	0.01407	0.80004	0.01939	0.01673	0.01216	0.00608	0.00494	0.00152	0.00418	0.00494	0.00608	0.00836

[dist]
# distance from previous block
# <min> <max>
2	88

[block]
# block no. 1 follows, 51 sequences, length 18
# corresponding to MSA columns:
# 121-138
name=unknown_B
#
# <colnr> <probs for GDERKNQSTAVLIFYWHMCP>
#	G	D	E	R	K	N	Q	S	T	A	V	L	I	F	Y	W	H	M	C	P
0	0.01267	0.01352	0.14896	0.13195	0.39337	0.01173	0.01408	0.09420	0.01213	0.07066	0.00994	0.01221	0.00766	0.00495	0.00533	0.00154	0.04060	0.00429	0.00283	0.00737
1	0.01136	0.14951	0.07912	0.00869	0.01166	0.07824	0.02311	0.05136	0.11001	0.07435	0.02338	0.07129	0.22513	0.02981	0.01770	0.00168	0.00471	0.00644	0.01651	0.00591
2	0.00656	0.00496	0.00585	0.00569	0.00685	0.00447	0.00412	0.00818	0.01204	0.01606	0.42251	0.06204	0.29979	0.10969	0.00813	0.00199	0.00269	0.00933	0.00480	0.00425
3	0.01350	0.42413	0.25071	0.01070	0.01553	0.13300	0.01136	0.01626	0.01093	0.06140	0.00830	0.00930	0.00665	0.00458	0.00390	0.00126	0.00631	0.00314	0.00240	0.00662
4	0.01047	0.15127	0.64578	0.01383	0.05375	0.01269	0.01649	0.01541	0.01035	0.01496	0.00853	0.01006	0.00631	0.00458	0.00444	0.00147	0.00689	0.00351	0.00209	0.00714
5	0.00613	0.00488	0.00549	0.00557	0.00689	0.00425	0.00409	0.00759	0.01163	0.01481	0.23711	0.16129	0.48836	0.01227	0.00587	0.00168	0.00250	0.01053	0.00478	0.00425
6	0.00829	0.00782	0.00710	0.00673	0.00850	0.10214	0.00508	0.01115	0.09620	0.01542	0.21596	0.03704	0.43967	0.01037	0.00555	0.00159	0.00337	0.00863	0.00456	0.00484
7	0.01080	0.06740	0.43114	0.10342	0.11978	0.01195	0.14064	0.01532	0.01067	0.03032	0.00913	0.01134	0.00678	0.00457	0.00482	0.00154	0.00700	0.00412	0.00228	0.00699
8	0.01275	0.04765	0.05719	0.02206	0.36798	0.01267	0.20955	0.10883	0.07923	0.01795	0.01053	0.01266	0.00825	0.00470	0.00504	0.00152	0.00629	0.00474	0.00294	0.00747
9	0.01235	0.01162	0.04101	0.01490	0.06368	0.07346	0.31420	0.01583	0.04534	0.11287	0.17953	0.01901	0.01689	0.00618	0.00588	0.00160	0.03755	0.01804	0.00367	0.00639
10	0.01366	0.03335	0.06065	0.03704	0.01387	0.04852	0.00857	0.20687	0.32981	0.05516	0.01760	0.01760	0.05818	0.00653	0.00486	0.00155	0.00467	0.01738	0.05689	0.00724
11	0.30109	0.20340	0.03619	0.01225	0.09953	0.04675	0.10132	0.08262	0.04501	0.01832	0.00856	0.00993	0.00683	0.00464	0.00395	0.00141	0.00534	0.00355	0.00289	0.00642
12	0.00678	0.00490	0.00654	0.00776	0.05383	0.00459	0.00497	0.00771	0.00987	0.01326	0.09556	0.48123	0.13063	0.03717	0.00764	0.07524	0.00309	0.01111	0.03400	0.00413
13	0.05930	0.01134	0.01394	0.13624	0.15934	0.07279	0.02842	0.18377	0.06180	0.08613	0.04190	0.01638	0.07707	0.00612	0.00515	0.00154	0.02319	0.00503	0.00373	0.00681
14	0.00793	0.03128	0.05598	0.00922	0.05822	0.00643	0.02555	0.01032	0.04765	0.01455	0.08315	0.37011	0.09060	0.01086	0.00556	0.00168	0.00367	0.05535	0.00405	0.10786
15	0.04822	0.12720	0.04880	0.11196	0.05865	0.06054	0.00909	0.12642	0.06101	0.05071	0.01059	0.03507	0.00858	0.00579	0.02192	0.00143	0.00532	0.00402	0.00322	0.20145
16	0.05150	0.43109	0.15412	0.07953	0.11510	0.05022	0.01124	0.01517	0.02678	0.01359	0.00795	0.00955	0.00664	0.00447	0.00386	0.00128	0.00584	0.00325	0.00227	0.00654
17	0.04999	0.21699	0.27070	0.00999	0.01469	0.02751	0.01060	0.06346	0.01114	0.01586	0.04592	0.06914	0.01027	0.00547	0.00421	0.00130	0.00532	0.00423	0.00280	0.16041

[dist]
# distance from previous block
# <min> <max>
13	51

[block]
# block no. 2 follows, 51 sequences, length 106
# corresponding to MSA columns:
# 206-311
name=unknown_C
#
# <colnr> <probs for GDERKNQSTAVLIFYWHMCP>
#	G	D	E	R	K	N	Q	S	T	A	V	L	I	F	Y	W	H	M	C	P
0	0.02604	0.08593	0.11220	0.00816	0.01125	0.00846	0.00735	0.01391	0.08680	0.10118	0.11220	0.05304	0.09975	0.09520	0.00712	0.00177	0.01911	0.00590	0.00382	0.14080
1	0.01388	0.57474	0.02189	0.00933	0.01298	0.08206	0.00861	0.09609	0.04569	0.01420	0.00816	0.00923	0.00705	0.00487	0.00434	0.00121	0.05596	0.00313	0.02015	0.00644
2	0.09993	0.48152	0.12373	0.00925	0.01359	0.01610	0.00932	0.09618	0.03465	0.04754	0.00869	0.00950	0.00702	0.00466	0.00366	0.00125	0.00525	0.00317	0.01836	0.00664
3	0.00916	0.19868	0.28848	0.00955	0.01323	0.01025	0.01010	0.01196	0.01009	0.01379	0.08606	0.20380	0.01712	0.07131	0.02394	0.00193	0.00526	0.00661	0.00305	0.00565
4	0.00610	0.00482	0.00551	0.00577	0.00698	0.00423	0.00421	0.00745	0.01119	0.01418	0.16479	0.24540	0.45526	0.01284	0.00595	0.00174	0.00261	0.03206	0.00470	0.00420
5	0.01430	0.56058	0.02173	0.00926	0.01323	0.03607	0.00856	0.17256	0.09250	0.01646	0.00922	0.00978	0.00762	0.00482	0.00373	0.00121	0.00523	0.00331	0.00298	0.00686
6	0.00891	0.18237	0.29192	0.00928	0.01324	0.00993	0.01006	0.01186	0.01066	0.01417	0.08069	0.11730	0.18930	0.00818	0.00493	0.00154	0.00482	0.02189	0.00324	0.00572
7	0.01093	0.19990	0.55739	0.01395	0.07672	0.03057	0.01561	0.01543	0.01043	0.01465	0.00839	0.00993	0.00636	0.00455	0.00435	0.00143	0.00675	0.00346	0.00212	0.00706
8	0.01494	0.01765	0.32635	0.01242	0.01763	0.01261	0.04524	0.35609	0.01651	0.09652	0.02919	0.01233	0.00871	0.00545	0.00488	0.00152	0.00608	0.00432	0.00381	0.00777
9	0.00856	0.00822	0.01580	0.01294	0.01530	0.00773	0.33344	0.01094	0.01052	0.01411	0.01971	0.40547	0.02146	0.01044	0.00612	0.00188	0.00532	0.08318	0.00368	0.00516
10	0.01018	0.00960	0.01697	0.57435	0.13718	0.01099	0.10858	0.01343	0.01032	0.03063	0.00956	0.02943	0.00748	0.00498	0.00504	0.00162	0.00654	0.00475	0.00239	0.00596
11	0.01144	0.33571	0.37162	0.01119	0.01638	0.04604	0.02659	0.01485	0.01039	0.02984	0.00976	0.07730	0.00859	0.00542	0.00423	0.00139	0.00614	0.00415	0.00240	0.00657
12	0.00846	0.00725	0.01184	0.22271	0.10941	0.00788	0.06084	0.01045	0.00932	0.01257	0.01466	0.13905	0.03010	0.09852	0.17042	0.03810	0.00694	0.03368	0.00289	0.00493
13	0.00986	0.02542	0.80183	0.01401	0.02127	0.01141	0.01816	0.01556	0.01038	0.01556	0.00882	0.01038	0.00623	0.00467	0.00467	0.00156	0.00726	0.00363	0.00208	0.00726
14	0.01147	0.01152	0.07493	0.03959	0.51740	0.01063	0.02868	0.02940	0.06062	0.01680	0.02614	0.01430	0.02370	0.00500	0.00474	0.00145	0.00532	0.00465	0.10649	0.00717
15	0.23267	0.26522	0.10404	0.01016	0.04723	0.02890	0.00906	0.06748	0.13188	0.01763	0.00955	0.01039	0.00761	0.00503	0.00427	0.00142	0.03446	0.00347	0.00301	0.00654
16	0.00712	0.00580	0.00942	0.00920	0.01030	0.00548	0.11635	0.00868	0.01004	0.01336	0.02444	0.57936	0.02820	0.01348	0.00629	0.00199	0.00391	0.13786	0.00426	0.00446
17	0.01659	0.01311	0.01355	0.01094	0.01445	0.04494	0.00884	0.50856	0.26838	0.02689	0.01427	0.01378	0.01041	0.00611	0.00492	0.00153	0.00505	0.00474	0.00485	0.00807
18	0.01137	0.06776	0.26737	0.01068	0.04257	0.00980	0.01050	0.06136	0.02695	0.07301	0.05395	0.01402	0.01041	0.06593	0.00617	0.00154	0.02376	0.00415	0.00309	0.23558
19	0.00986	0.02542	0.80183	0.01401	0.02127	0.01141	0.01816	0.01556	0.01038	0.01556	0.00882	0.01038	0.00623	0.00467	0.00467	0.00156	0.00726	0.00363	0.00208	0.00726
20	0.01040	0.04041	0.57425	0.01570	0.02227	0.01187	0.22455	0.01559	0.01070	0.01552	0.00908	0.01110	0.00656	0.00452	0.00494	0.00157	0.00749	0.00420	0.00219	0.00707
21	0.00806	0.00691	0.01106	0.13300	0.18777	0.00704	0.03600	0.00985	0.00995	0.01344	0.01976	0.49323	0.02223	0.01098	0.00574	0.00181	0.00426	0.01011	0.00366	0.00515
22	0.02441	0.01729	0.40505	0.01259	0.01792	0.01012	0.09542	0.01788	0.07425	0.20360	0.01349	0.06375	0.01012	0.00578	0.00496	0.00159	0.00604	0.00497	0.00348	0.00727
23	0.01890	0.01040	0.07910	0.01053	0.01460	0.00844	0.09105	0.02221	0.06997	0.57887	0.01768	0.03077	0.01174	0.00597	0.00504	0.00156	0.00483	0.00514	0.00525	0.00796
24	0.01878	0.02105	0.01367	0.01241	0.02860	0.67854	0.00927	0.02016	0.01390	0.12530	0.00932	0.01005	0.00719	0.00520	0.00451	0.00131	0.00814	0.00344	0.00304	0.00612
25	0.01163	0.01113	0.01898	0.17580	0.65518	0.01154	0.01482	0.01461	0.01094	0.01541	0.00915	0.01234	0.00756	0.00448	0.00487	0.00149	0.00597	0.00438	0.00239	0.00735
26	0.01068	0.01794	0.46545	0.01164	0.01672	0.01002	0.01318	0.01681	0.14861	0.08030	0.05856	0.10197	0.01341	0.00661	0.00499	0.00162	0.00565	0.00550	0.00338	0.00694
27	0.01141	0.03447	0.10280	0.02543	0.58523	0.01127	0.05774	0.01449	0.01095	0.01558	0.01062	0.07781	0.00957	0.00529	0.00497	0.00151	0.00587	0.00511	0.00256	0.00732
28	0.02169	0.00894	0.01176	0.00902	0.01283	0.00808	0.00745	0.10523	0.01504	0.71739	0.01857	0.01620	0.01176	0.00606	0.00494	0.00152	0.00431	0.00489	0.00596	0.00836
29	0.01240	0.48666	0.10327	0.00937	0.01325	0.09777	0.02649	0.01472	0.02654	0.02582	0.07422	0.02744	0.05290	0.00554	0.00399	0.00125	0.00544	0.00408	0.00272	0.00612
30	0.01122	0.03209	0.32143	0.10551	0.29627	0.07038	0.03263	0.01509	0.01097	0.01512	0.02465	0.01234	0.02099	0.00484	0.00479	0.00150	0.00661	0.00419	0.00236	0.00700
31	0.00646	0.00461	0.00624	0.00738	0.00787	0.00440	0.00538	0.00766	0.00987	0.01307	0.02683	0.63674	0.03147	0.01495	0.00640	0.00206	0.00326	0.19667	0.00455	0.00412
32	0.01216	0.01168	0.01995	0.03016	0.79664	0.01168	0.01508	0.01508	0.01119	0.01605	0.00924	0.01216	0.00778	0.00438	0.00487	0.00146	0.00584	0.00438	0.00243	0.00778
33	0.00909	0.07381	0.01318	0.01126	0.06091	0.00760	0.15788	0.01088	0.01041	0.06279	0.04031	0.47684	0.02299	0.01087	0.00574	0.00178	0.00437	0.01015	0.00394	0.00523
34	0.01084	0.04430	0.39591	0.03472	0.12119	0.01204	0.27936	0.01547	0.01088	0.01550	0.00920	0.01157	0.00686	0.00444	0.00504	0.00156	0.00736	0.00446	0.00226	0.00704
35	0.67490	0.00925	0.00815	0.00697	0.01018	0.01018	0.00575	0.01656	0.00963	0.19535	0.00964	0.00993	0.00685	0.00490	0.00346	0.00152	0.00389	0.00317	0.00372	0.00600
36	0.01836	0.02342	0.01393	0.01266	0.01519	0.80756	0.00950	0.01962	0.01393	0.01203	0.00760	0.00886	0.00633	0.00506	0.00443	0.00127	0.00886	0.00317	0.00253	0.00570
37	0.00972	0.02448	0.76538	0.01365	0.02063	0.01110	0.01754	0.01527	0.01054	0.01575	0.04481	0.01158	0.00807	0.00492	0.00472	0.00156	0.00704	0.00387	0.00223	0.00714
38	0.00642	0.00608	0.07043	0.00749	0.00841	0.00469	0.00581	0.00778	0.00973	0.01314	0.05304	0.69769	0.03069	0.01426	0.00615	0.00196	0.00326	0.04431	0.00439	0.00430
39	0.00715	0.00476	0.00536	0.00536	0.00536	0.00476	0.00298	0.00715	0.00715	0.00953	0.01548	0.03216	0.01787	0.82729	0.02501	0.00476	0.00476	0.00715	0.00298	0.00298
40	0.01193	0.01144	0.01952	0.09389	0.73474	0.01161	0.01497	0.01488	0.01108	0.01577	0.00920	0.01224	0.00768	0.00442	0.00487	0.00147	0.00590	0.00438	0.00241	0.00760
41	0.01604	0.01847	0.01692	0.04675	0.01792	0.47020	0.17917	0.03689	0.09022	0.04583	0.00996	0.01133	0.00773	0.00507	0.00484	0.00142	0.00788	0.00413	0.00295	0.00627
42	0.45741	0.33122	0.04786	0.00781	0.01146	0.04992	0.00725	0.01483	0.00933	0.01724	0.00695	0.00808	0.00579	0.00445	0.00321	0.00133	0.00474	0.00271	0.00261	0.00580
43	0.01242	0.22889	0.36345	0.01397	0.07584	0.12395	0.06992	0.01605	0.01099	0.02964	0.00846	0.01000	0.00658	0.00457	0.00435	0.00139	0.00688	0.00355	0.00228	0.00681
44	0.01464	0.00873	0.01131	0.00921	0.01156	0.00919	0.00739	0.08573	0.01160	0.29211	0.01347	0.01621	0.01063	0.10896	0.07741	0.00248	0.18262	0.00478	0.00403	0.11791
45	0.00968	0.07025	0.26210	0.05578	0.01608	0.03849	0.08972	0.02551	0.01090	0.03051	0.04437	0.18067	0.05597	0.00809	0.00525	0.00166	0.00554	0.06281	0.02078	0.00584
46	0.15442	0.04039	0.06472	0.20641	0.23809	0.01150	0.12859	0.03167	0.01064	0.01622	0.01063	0.01319	0.04296	0.00492	0.00468	0.00154	0.00594	0.00447	0.00261	0.00641
47	0.02062	0.01066	0.01282	0.00983	0.01369	0.01062	0.00812	0.34490	0.01790	0.47367	0.01617	0.01464	0.01055	0.00600	0.00493	0.00150	0.00470	0.00472	0.00559	0.00836
48	0.01080	0.00633	0.00769	0.00685	0.00889	0.00580	0.00530	0.04780	0.04091	0.20099	0.26210	0.09846	0.25857	0.00997	0.00557	0.00161	0.00305	0.00850	0.00521	0.00560
49	0.01107	0.14290	0.42510	0.03604	0.11550	0.04460	0.02855	0.01554	0.04225	0.02731	0.02698	0.02772	0.02527	0.00517	0.00458	0.00147	0.00637	0.00417	0.00251	0.00691
50	0.00685	0.00547	0.00616	0.00622	0.00763	0.00509	0.00466	0.01913	0.07271	0.01501	0.15947	0.16896	0.41661	0.02727	0.00623	0.00179	0.00284	0.05867	0.00470	0.00454
51	0.00702	0.00527	0.00790	0.00790	0.00878	0.00614	0.00614	0.00878	0.00790	0.01141	0.01316	0.01931	0.01229	0.03686	0.80782	0.00790	0.01316	0.00527	0.00263	0.00439
52	0.01222	0.01056	0.01111	0.01000	0.01278	0.01222	0.00778	0.02611	0.78776	0.02056	0.02000	0.01833	0.01500	0.00667	0.00500	0.00167	0.00389	0.00556	0.00500	0.00778
53	0.01266	0.04952	0.37399	0.01555	0.07845	0.13756	0.14278	0.06388	0.03280	0.03318	0.00949	0.01110	0.00706	0.00476	0.00481	0.00150	0.00723	0.00407	0.00259	0.00702
54	0.05101	0.00840	0.01126	0.00866	0.01244	0.00735	0.00716	0.02362	0.01387	0.77322	0.01896	0.01643	0.01193	0.00603	0.00488	0.00152	0.00417	0.00486	0.00598	0.00826
55	0.00599	0.00428	0.00570	0.00684	0.00713	0.00399	0.00456	0.00684	0.00941	0.01254	0.02709	0.82409	0.03250	0.01540	0.00627	0.00200	0.00285	0.01397	0.00456	0.00399
56	0.05707	0.11304	0.01635	0.35437	0.09750	0.16906	0.02742	0.01456	0.01054	0.01317	0.00805	0.01107	0.00654	0.00509	0.00549	0.00151	0.07716	0.00385	0.00231	0.00584
57	0.00690	0.00575	0.00691	0.00782	0.07131	0.00530	0.00517	0.00914	0.05976	0.01464	0.13441	0.17903	0.45262	0.01165	0.00576	0.00169	0.00289	0.01004	0.00452	0.00470
58	0.00916	0.00458	0.00458	0.00458	0.00573	0.00458	0.00344	0.01145	0.01031	0.01832	0.01603	0.01832	0.01260	0.00573	0.00344	0.00115	0.00229	0.00458	0.85457	0.00458
59	0.01019	0.00873	0.01019	0.00728	0.01165	0.00655	0.00582	0.01237	0.01019	0.01601	0.00873	0.01019	0.00728	0.00364	0.00364	0.00073	0.00364	0.00291	0.00291	0.85734
60	0.01179	0.00897	0.01010	0.00897	0.01118	0.00970	0.00695	0.26830	0.18745	0.02167	0.14738	0.22787	0.02280	0.00938	0.00547	0.00168	0.00388	0.02514	0.00492	0.00640
61	0.01342	0.32499	0.07635	0.01170	0.10202	0.02484	0.00945	0.08355	0.13703	0.08543	0.02928	0.04174	0.02896	0.00569	0.00431	0.00137	0.00501	0.00446	0.00342	0.00697
62	0.03340	0.00979	0.00972	0.04961	0.01155	0.11812	0.00692	0.17414	0.01281	0.03503	0.01260	0.01551	0.01029	0.03116	0.19901	0.00300	0.01987	0.00452	0.23734	0.00561
63	0.03041	0.01236	0.04209	0.01397	0.15493	0.02790	0.00982	0.29516	0.24972	0.04374	0.02927	0.01512	0.03045	0.00599	0.00490	0.00153	0.00494	0.00490	0.00432	0.01848
64	0.01258	0.01414	0.18863	0.03466	0.45389	0.01114	0.01423	0.04329	0.04727	0.08657	0.01123	0.01402	0.00890	0.00509	0.00491	0.00153	0.00586	0.03152	0.00296	0.00759
65	0.01165	0.10208	0.61600	0.01270	0.01919	0.01161	0.01566	0.01643	0.01078	0.10929	0.00989	0.01089	0.00697	0.00477	0.00453	0.00149	0.00663	0.00368	0.00257	0.02320
66	0.00928	0.00873	0.01474	0.81548	0.03385	0.01092	0.01365	0.01256	0.00983	0.01256	0.00873	0.01310	0.00655	0.00491	0.00491	0.00164	0.00655	0.00437	0.00218	0.00546
67	0.02135	0.00948	0.01209	0.00927	0.01310	0.00888	0.00766	0.17994	0.01593	0.64142	0.01782	0.01571	0.01138	0.00604	0.00494	0.00151	0.00443	0.00484	0.00584	0.00836
68	0.00628	0.00500	0.00563	0.00547	0.00692	0.00435	0.00410	0.00796	0.01231	0.01590	0.35310	0.04298	0.48969	0.01147	0.00580	0.00161	0.00242	0.00977	0.00491	0.00435
69	0.00597	0.00433	0.00565	0.00671	0.00709	0.00400	0.00450	0.00686	0.00954	0.01260	0.02870	0.76882	0.08672	0.01519	0.00624	0.00197	0.00283	0.01371	0.00456	0.00400
70	0.00705	0.00515	0.00733	0.00733	0.00801	0.00583	0.00543	0.00841	0.00773	0.01099	0.01368	0.02219	0.01354	0.21444	0.63195	0.00719	0.01128	0.00569	0.00271	0.00407
71	0.55551	0.00884	0.00830	0.00702	0.01016	0.00947	0.00576	0.01708	0.01019	0.25378	0.01119	0.01127	0.00784	0.00509	0.00363	0.00150	0.00382	0.00347	0.05991	0.00618
72	0.01836	0.02342	0.01393	0.01266	0.01519	0.80756	0.00950	0.01962	0.01393	0.01203	0.00760	0.00886	0.00633	0.00506	0.00443	0.00127	0.00886	0.00317	0.00253	0.00570
73	0.00928	0.00873	0.01474	0.81548	0.03385	0.01092	0.01365	0.01256	0.00983	0.01256	0.00873	0.01310	0.00655	0.00491	0.00491	0.00164	0.00655	0.00437	0.00218	0.00546
74	0.02189	0.00861	0.01156	0.00886	0.01267	0.00759	0.00732	0.05862	0.01448	0.76479	0.01904	0.01650	0.01199	0.00607	0.00494	0.00152	0.00424	0.00492	0.00603	0.00836
75	0.02075	0.00803	0.01094	0.00859	0.01211	0.00696	0.00701	0.02256	0.01369	0.73614	0.02001	0.08224	0.01382	0.00684	0.00505	0.00156	0.00407	0.00567	0.00596	0.00801
76	0.02196	0.00850	0.01149	0.00881	0.01261	0.00742	0.00728	0.04276	0.01429	0.78091	0.01920	0.01660	0.01207	0.00608	0.00494	0.00152	0.00421	0.00493	0.00605	0.00836
77	0.01216	0.01168	0.01995	0.03016	0.79664	0.01168	0.01508	0.01508	0.01119	0.01605	0.00924	0.01216	0.00778	0.00438	0.00487	0.00146	0.00584	0.00438	0.00243	0.00778
78	0.00963	0.00716	0.00893	0.00799	0.01022	0.00695	0.05400	0.04198	0.14185	0.08836	0.06829	0.03625	0.35902	0.01004	0.00565	0.00171	0.00362	0.11175	0.02105	0.00554
79	0.01256	0.01242	0.01956	0.02905	0.74697	0.06227	0.01473	0.01537	0.01136	0.01580	0.00914	0.01195	0.00769	0.00442	0.00484	0.00145	0.00603	0.00430	0.00244	0.00765
80	0.00600	0.00438	0.00565	0.00660	0.00708	0.00403	0.00447	0.00696	0.00978	0.01290	0.05824	0.70589	0.12022	0.01486	0.00620	0.00194	0.00279	0.01337	0.00459	0.00403
81	0.08164	0.37755	0.28659	0.01075	0.01566	0.12576	0.01163	0.01567	0.01054	0.01384	0.00762	0.00888	0.00620	0.00451	0.00384	0.00129	0.00632	0.00305	0.00223	0.00647
82	0.01494	0.00946	0.01151	0.15199	0.01565	0.04147	0.00822	0.21322	0.01437	0.23517	0.01600	0.14702	0.01363	0.05870	0.00635	0.00179	0.00489	0.00624	0.02280	0.00661
83	0.01381	0.01488	0.01792	0.02460	0.55327	0.23944	0.01326	0.01623	0.01189	0.01479	0.00887	0.01140	0.00748	0.00538	0.02472	0.00156	0.00689	0.00405	0.00247	0.00710
84	0.01225	0.01071	0.01702	0.05397	0.48548	0.01036	0.03962	0.04973	0.01160	0.05837	0.01050	0.04347	0.00885	0.00484	0.00474	0.00136	0.00532	0.00456	0.00290	0.16435
85	0.01876	0.01194	0.01343	0.01043	0.01423	0.01267	0.00856	0.49536	0.09215	0.22962	0.01447	0.01366	0.00995	0.00597	0.00490	0.00149	0.00491	0.00463	0.00518	0.02769
86	0.02205	0.00836	0.01140	0.00874	0.01254	0.00722	0.00722	0.02395	0.01407	0.80004	0.01939	0.01673	0.01216	0.00608	0.00494	0.00152	0.00418	0.00494	0.00608	0.00836
87	0.00584	0.00483	0.00513	0.00536	0.00674	0.00412	0.00390	0.00701	0.01083	0.01313	0.04512	0.20681	0.63813	0.01305	0.00590	0.00173	0.00256	0.01111	0.00456	0.00412
88	0.05218	0.59374	0.16951	0.00965	0.01432	0.01709	0.02444	0.03094	0.01025	0.01329	0.00748	0.00875	0.00642	0.00494	0.01830	0.00131	0.00577	0.00296	0.00222	0.00645
89	0.01314	0.83025	0.02575	0.00841	0.01261	0.01945	0.00841	0.01472	0.00999	0.01156	0.00683	0.00788	0.00631	0.00420	0.00315	0.00105	0.00526	0.00263	0.00210	0.00631
90	0.00916	0.00458	0.00458	0.00458	0.00573	0.00458	0.00344	0.01145	0.01031	0.01832	0.01603	0.01832	0.01260	0.00573	0.00344	0.00115	0.00229	0.00458	0.85457	0.00458
91	0.01348	0.01159	0.01179	0.01031	0.01326	0.04582	0.00809	0.14223	0.63752	0.02181	0.01822	0.01693	0.01361	0.00648	0.00496	0.00162	0.00433	0.00528	0.00488	0.00778
92	0.01214	0.01175	0.02035	0.02974	0.76214	0.01171	0.04925	0.01511	0.01121	0.01604	0.00927	0.01221	0.00777	0.00437	0.00491	0.00147	0.00595	0.00444	0.00243	0.00773
93	0.02168	0.00895	0.01177	0.00902	0.01284	0.00809	0.00745	0.10589	0.01504	0.71672	0.01857	0.01619	0.01175	0.00606	0.00494	0.00152	0.00431	0.00489	0.00596	0.00836
94	0.00585	0.00482	0.00515	0.00541	0.00675	0.00411	0.00393	0.00700	0.01078	0.01311	0.04451	0.22771	0.61763	0.01313	0.00592	0.00174	0.00257	0.01121	0.00456	0.00411
95	0.01009	0.06113	0.73388	0.01422	0.03559	0.01180	0.03563	0.01552	0.01040	0.01540	0.00876	0.01036	0.00629	0.00463	0.00463	0.00153	0.00717	0.00365	0.00209	0.00721
96	0.00668	0.00497	0.00672	0.00724	0.00759	0.00526	0.00507	0.00762	0.00864	0.01182	0.02109	0.48388	0.02436	0.13629	0.18441	0.00369	0.05641	0.01049	0.00376	0.00402
97	0.01287	0.01301	0.01005	0.00943	0.01061	0.36249	0.00686	0.01256	0.00987	0.01034	0.00834	0.01239	0.00773	0.01269	0.05925	0.40531	0.02607	0.00384	0.00234	0.00393
98	0.01019	0.00873	0.01019	0.00728	0.01165	0.00655	0.00582	0.01237	0.01019	0.01601	0.00873	0.01019	0.00728	0.00364	0.00364	0.00073	0.00364	0.00291	0.00291	0.85734
99	0.04782	0.14328	0.28164	0.01522	0.14748	0.12498	0.05475	0.04983	0.01162	0.01563	0.04362	0.01138	0.00844	0.00493	0.00468	0.00143	0.02006	0.00390	0.00254	0.00677
100	0.00702	0.00527	0.00790	0.00790	0.00878	0.00614	0.00614	0.00878	0.00790	0.01141	0.01316	0.01931	0.01229	0.03686	0.80782	0.00790	0.01316	0.00527	0.00263	0.00439
101	0.00671	0.00484	0.00635	0.00635	0.00729	0.00448	0.00462	0.00867	0.01279	0.01792	0.60274	0.23311	0.04291	0.01138	0.00591	0.00166	0.00245	0.01016	0.00520	0.00448
102	0.01050	0.00998	0.01695	0.48222	0.35755	0.01124	0.01426	0.01363	0.01040	0.01404	0.00895	0.01270	0.00707	0.00469	0.00489	0.00156	0.00625	0.00437	0.00229	0.00645
103	0.01770	0.00740	0.01001	0.00801	0.01105	0.00648	0.00648	0.01972	0.01402	0.57534	0.24246	0.02248	0.02201	0.00722	0.00519	0.00153	0.00365	0.00608	0.00589	0.00729
104	0.00598	0.00432	0.00566	0.00672	0.00710	0.00400	0.00451	0.00686	0.00952	0.01259	0.02853	0.77461	0.08105	0.01521	0.00624	0.00197	0.00283	0.01374	0.00456	0.00400
105	0.00621	0.00447	0.00594	0.00703	0.00747	0.00420	0.00493	0.00725	0.00972	0.01284	0.02795	0.69801	0.06519	0.01505	0.00631	0.00201	0.00304	0.10378	0.00456	0.00406

[dist]
# distance from previous block
# <min> <max>
0	7

[block]
# block no. 3 follows, 51 sequences, length 92
# corresponding to MSA columns:
# 319-410
name=unknown_D
#
# <colnr> <probs for GDERKNQSTAVLIFYWHMCP>
#	G	D	E	R	K	N	Q	S	T	A	V	L	I	F	Y	W	H	M	C	P
0	0.00928	0.00873	0.01474	0.81548	0.03385	0.01092	0.01365	0.01256	0.00983	0.01256	0.00873	0.01310	0.00655	0.00491	0.00491	0.00164	0.00655	0.00437	0.00218	0.00546
1	0.00928	0.00873	0.01474	0.81548	0.03385	0.01092	0.01365	0.01256	0.00983	0.01256	0.00873	0.01310	0.00655	0.00491	0.00491	0.00164	0.00655	0.00437	0.00218	0.00546
2	0.02205	0.00836	0.01140	0.00874	0.01254	0.00722	0.00722	0.02395	0.01407	0.80004	0.01939	0.01673	0.01216	0.00608	0.00494	0.00152	0.00418	0.00494	0.00608	0.00836
3	0.01426	0.01307	0.01708	0.02274	0.49831	0.13647	0.01250	0.04476	0.06690	0.09525	0.01154	0.01311	0.02175	0.00501	0.00483	0.00145	0.00594	0.00443	0.00312	0.00747
4	0.00599	0.00428	0.00570	0.00684	0.00713	0.00399	0.00456	0.00684	0.00941	0.01254	0.02709	0.82409	0.03250	0.01540	0.00627	0.00200	0.00285	0.01397	0.00456	0.00399
5	0.00737	0.00525	0.00743	0.00739	0.00822	0.00602	0.00566	0.00905	0.00814	0.01215	0.01357	0.01997	0.01263	0.09097	0.63276	0.00670	0.02682	0.00530	0.11029	0.00433
6	0.00986	0.02542	0.80183	0.01401	0.02127	0.01141	0.01816	0.01556	0.01038	0.01556	0.00882	0.01038	0.00623	0.00467	0.00467	0.00156	0.00726	0.00363	0.00208	0.00726
7	0.01112	0.01769	0.31898	0.01582	0.03357	0.06644	0.28153	0.03698	0.01113	0.01531	0.01044	0.07393	0.00879	0.00567	0.00607	0.00165	0.07052	0.00524	0.00253	0.00657
8	0.01255	0.30018	0.21716	0.01031	0.01478	0.01407	0.01055	0.01904	0.25214	0.07090	0.02473	0.01284	0.01003	0.00531	0.00428	0.00141	0.00522	0.00405	0.00333	0.00713
9	0.01298	0.73558	0.09609	0.00903	0.01347	0.03962	0.00932	0.01492	0.01013	0.01194	0.00703	0.00814	0.00630	0.00427	0.00333	0.00110	0.00553	0.00273	0.00211	0.00638
10	0.01155	0.01105	0.01884	0.19781	0.63380	0.01151	0.01478	0.01454	0.01090	0.01531	0.00914	0.01236	0.00752	0.00449	0.00488	0.00150	0.00599	0.00438	0.00238	0.00729
11	0.00723	0.00559	0.00701	0.00702	0.00845	0.00483	0.00496	0.00868	0.02325	0.01362	0.02199	0.58956	0.02537	0.01206	0.00554	0.00165	0.00308	0.01083	0.00412	0.23516
12	0.01272	0.72856	0.12381	0.00912	0.01371	0.01843	0.00964	0.01482	0.01003	0.01207	0.00708	0.00820	0.00630	0.00426	0.00334	0.00111	0.00551	0.00275	0.00210	0.00643
13	0.01027	0.12711	0.70377	0.01330	0.02018	0.01243	0.01693	0.01546	0.01033	0.01506	0.00857	0.01006	0.00624	0.00461	0.00448	0.00149	0.00701	0.00350	0.00208	0.00714
14	0.02077	0.01042	0.01268	0.00972	0.01357	0.01028	0.00803	0.31212	0.01751	0.50701	0.01650	0.01485	0.01071	0.00601	0.00493	0.00150	0.00465	0.00474	0.00564	0.00836
15	0.00612	0.00437	0.00585	0.00699	0.00733	0.00410	0.00479	0.00707	0.00954	0.01269	0.02701	0.77246	0.03222	0.01527	0.00631	0.00201	0.00296	0.06431	0.00456	0.00403
16	0.01408	0.03989	0.42649	0.01285	0.05872	0.02966	0.01353	0.03229	0.06488	0.24084	0.01261	0.01276	0.00865	0.00521	0.00474	0.00153	0.00603	0.00415	0.00350	0.00760
17	0.01314	0.83025	0.02575	0.00841	0.01261	0.01945	0.00841	0.01472	0.00999	0.01156	0.00683	0.00788	0.00631	0.00420	0.00315	0.00105	0.00526	0.00263	0.00210	0.00631
18	0.00737	0.00568	0.00754	0.00751	0.00825	0.02886	0.00558	0.00875	0.00791	0.01103	0.01349	0.02169	0.01328	0.20070	0.62159	0.00705	0.01129	0.00560	0.00270	0.00413
19	0.01153	0.01114	0.01932	0.19456	0.59667	0.01156	0.05422	0.01459	0.01092	0.01530	0.00917	0.01242	0.00751	0.00448	0.00492	0.00151	0.00611	0.00445	0.00238	0.00724
20	0.01113	0.01058	0.01798	0.34219	0.46029	0.01146	0.03205	0.02867	0.01088	0.01494	0.00911	0.01255	0.00730	0.00461	0.00491	0.00154	0.00617	0.00441	0.00238	0.00684
21	0.00727	0.00512	0.00651	0.00611	0.00741	0.00465	0.00460	0.00944	0.01358	0.04241	0.67731	0.03744	0.13925	0.01023	0.00577	0.00156	0.00240	0.00895	0.00532	0.00469
22	0.00895	0.00642	0.00781	0.00768	0.00888	0.03254	0.01873	0.05793	0.04573	0.04861	0.01965	0.32324	0.03115	0.04203	0.20656	0.00334	0.00596	0.00849	0.11144	0.00487
23	0.00986	0.02542	0.80183	0.01401	0.02127	0.01141	0.01816	0.01556	0.01038	0.01556	0.00882	0.01038	0.00623	0.00467	0.00467	0.00156	0.00726	0.00363	0.00208	0.00726
24	0.00594	0.00448	0.00550	0.00631	0.00699	0.00404	0.00432	0.00690	0.00992	0.01275	0.03358	0.60186	0.25054	0.01455	0.00614	0.00190	0.00275	0.01294	0.00456	0.00404
25	0.01220	0.59899	0.24875	0.01002	0.01510	0.01714	0.01121	0.01496	0.01010	0.01271	0.00740	0.00860	0.00628	0.00434	0.00359	0.00120	0.00583	0.00292	0.00209	0.00658
26	0.01019	0.00873	0.01019	0.00728	0.01165	0.00655	0.00582	0.01237	0.01019	0.01601	0.00873	0.01019	0.00728	0.00364	0.00364	0.00073	0.00364	0.00291	0.00291	0.85734
27	0.70095	0.02935	0.00866	0.00723	0.01036	0.05319	0.00594	0.05425	0.00981	0.07184	0.00794	0.00878	0.00599	0.00475	0.00333	0.00149	0.00421	0.00292	0.00328	0.00571
28	0.01392	0.01658	0.02262	0.01721	0.02108	0.29509	0.46338	0.01690	0.01228	0.01437	0.00916	0.01175	0.00716	0.00464	0.00555	0.00152	0.03169	0.00479	0.02412	0.00621
29	0.10162	0.01086	0.01541	0.22096	0.05527	0.04945	0.12503	0.08055	0.02327	0.04872	0.04629	0.01305	0.00903	0.00554	0.00624	0.00158	0.11223	0.00449	0.00299	0.06741
30	0.01037	0.15091	0.68082	0.01313	0.01992	0.01267	0.01664	0.01543	0.01031	0.01494	0.00851	0.00999	0.00624	0.00460	0.00443	0.00148	0.00695	0.00347	0.00208	0.00711
31	0.02205	0.00836	0.01140	0.00874	0.01254	0.00722	0.00722	0.02395	0.01407	0.80004	0.01939	0.01673	0.01216	0.00608	0.00494	0.00152	0.00418	0.00494	0.00608	0.00836
32	0.00951	0.00876	0.01485	0.67993	0.06728	0.01054	0.04776	0.01274	0.01001	0.01331	0.00937	0.01347	0.00712	0.00492	0.00484	0.00159	0.00627	0.00445	0.06774	0.00555
33	0.04794	0.03867	0.48200	0.01193	0.01777	0.01063	0.01380	0.06286	0.01208	0.23804	0.01185	0.01210	0.00799	0.00512	0.00466	0.00153	0.00610	0.00398	0.00341	0.00754
34	0.02205	0.00836	0.01140	0.00874	0.01254	0.00722	0.00722	0.02395	0.01407	0.80004	0.01939	0.01673	0.01216	0.00608	0.00494	0.00152	0.00418	0.00494	0.00608	0.00836
35	0.00999	0.01093	0.05299	0.01566	0.01934	0.00980	0.46954	0.01362	0.02506	0.01593	0.11325	0.07206	0.03559	0.00707	0.00590	0.00174	0.00645	0.10584	0.00332	0.00593
36	0.00944	0.00686	0.02122	0.00697	0.00896	0.00638	0.00550	0.08642	0.06792	0.08488	0.34534	0.05657	0.25465	0.00983	0.00558	0.00159	0.00304	0.00837	0.00506	0.00542
37	0.00932	0.00879	0.01475	0.79250	0.03325	0.01104	0.01356	0.01254	0.00976	0.01254	0.00867	0.01303	0.00655	0.00502	0.00523	0.00165	0.02980	0.00437	0.00218	0.00546
38	0.00599	0.00428	0.00570	0.00684	0.00713	0.00399	0.00456	0.00684	0.00941	0.01254	0.02709	0.82409	0.03250	0.01540	0.00627	0.00200	0.00285	0.01397	0.00456	0.00399
39	0.01046	0.00913	0.02927	0.00747	0.01190	0.00668	0.00615	0.01272	0.01028	0.03411	0.00898	0.01035	0.00737	0.00372	0.00369	0.00077	0.00374	0.00298	0.00296	0.81728
40	0.01153	0.01032	0.08768	0.00811	0.01269	0.00710	0.00719	0.01403	0.01066	0.10673	0.00998	0.01097	0.00774	0.00402	0.00389	0.00090	0.00406	0.00322	0.00320	0.67599
41	0.00849	0.00775	0.01258	0.01469	0.23070	0.00736	0.10524	0.01054	0.01084	0.01441	0.05104	0.22347	0.22598	0.01027	0.02067	0.00182	0.00450	0.03048	0.00369	0.00547
42	0.00584	0.00498	0.00502	0.00501	0.00666	0.00416	0.00376	0.00712	0.01128	0.01346	0.07118	0.04699	0.77313	0.01238	0.00581	0.00166	0.00248	0.01033	0.00459	0.00416
43	0.01723	0.08145	0.05317	0.01222	0.01557	0.44360	0.06349	0.08581	0.05507	0.11143	0.01023	0.01089	0.00776	0.00520	0.00458	0.00136	0.00733	0.00379	0.00325	0.00655
44	0.01033	0.04137	0.75979	0.01372	0.02080	0.01144	0.01760	0.01582	0.01049	0.04140	0.00913	0.01053	0.00642	0.00471	0.00465	0.00154	0.00712	0.00365	0.00221	0.00728
45	0.00928	0.00873	0.01474	0.81548	0.03385	0.01092	0.01365	0.01256	0.00983	0.01256	0.00873	0.01310	0.00655	0.00491	0.00491	0.00164	0.00655	0.00437	0.00218	0.00546
46	0.01836	0.02342	0.01393	0.01266	0.01519	0.80756	0.00950	0.01962	0.01393	0.01203	0.00760	0.00886	0.00633	0.00506	0.00443	0.00127	0.00886	0.00317	0.00253	0.00570
47	0.00997	0.05427	0.77401	0.01381	0.02096	0.01170	0.01781	0.01553	0.01036	0.01542	0.00875	0.01029	0.00623	0.00465	0.00461	0.00154	0.00719	0.00360	0.00208	0.00723
48	0.01060	0.01010	0.01703	0.44224	0.36768	0.01140	0.01417	0.01364	0.01034	0.01406	0.00888	0.01261	0.00709	0.00481	0.00529	0.00158	0.03535	0.00437	0.00229	0.00648
49	0.00623	0.00445	0.00598	0.00712	0.00751	0.00420	0.00498	0.00726	0.00964	0.01281	0.02695	0.72884	0.03198	0.01517	0.00634	0.00203	0.00306	0.10685	0.00456	0.00406
50	0.01216	0.01168	0.01995	0.03016	0.79664	0.01168	0.01508	0.01508	0.01119	0.01605	0.00924	0.01216	0.00778	0.00438	0.00487	0.00146	0.00584	0.00438	0.00243	0.00778
51	0.03884	0.01759	0.33063	0.01162	0.01633	0.09542	0.01200	0.02052	0.26401	0.12286	0.01369	0.01359	0.00986	0.00555	0.00474	0.00156	0.00581	0.00436	0.00364	0.00735
52	0.00997	0.05201	0.77619	0.01382	0.02098	0.01168	0.01783	0.01553	0.01036	0.01543	0.00875	0.01029	0.00623	0.00465	0.00462	0.00154	0.00720	0.00360	0.00208	0.00723
53	0.00792	0.00566	0.00792	0.00905	0.01018	0.00566	0.00792	0.01018	0.01131	0.01471	0.02602	0.05543	0.02828	0.01358	0.00679	0.00226	0.00453	0.76356	0.00453	0.00453
54	0.00727	0.00524	0.00715	0.00822	0.00914	0.00511	0.00676	0.00909	0.01078	0.01403	0.02763	0.26693	0.07178	0.01402	0.00659	0.00216	0.00395	0.51527	0.00454	0.00436
55	0.31836	0.08106	0.08821	0.00950	0.01336	0.03956	0.00855	0.31697	0.01490	0.03793	0.02365	0.01042	0.00760	0.00521	0.00408	0.00146	0.00503	0.00362	0.00369	0.00684
56	0.04220	0.01321	0.01786	0.02377	0.53247	0.09253	0.01303	0.17167	0.01380	0.01889	0.00952	0.01162	0.00767	0.00476	0.00477	0.00145	0.00599	0.00421	0.00297	0.00761
57	0.00599	0.00428	0.00570	0.00684	0.00713	0.00399	0.00456	0.00684	0.00941	0.01254	0.02709	0.82409	0.03250	0.01540	0.00627	0.00200	0.00285	0.01397	0.00456	0.00399
58	0.01216	0.01168	0.01995	0.03016	0.79664	0.01168	0.01508	0.01508	0.01119	0.01605	0.00924	0.01216	0.00778	0.00438	0.00487	0.00146	0.00584	0.00438	0.00243	0.00778
59	0.10881	0.71178	0.02328	0.00833	0.01235	0.04402	0.00810	0.01484	0.00993	0.01276	0.00686	0.00793	0.00620	0.00427	0.00318	0.00111	0.00521	0.00265	0.00222	0.00618
60	0.00598	0.00430	0.00568	0.00679	0.00711	0.00400	0.00454	0.00685	0.00946	0.01257	0.02774	0.80175	0.05442	0.01531	0.00626	0.00199	0.00284	0.01387	0.00456	0.00400
61	0.86201	0.00950	0.00722	0.00646	0.00950	0.01102	0.00532	0.01445	0.00836	0.02205	0.00684	0.00798	0.00532	0.00456	0.00304	0.00152	0.00380	0.00266	0.00304	0.00532
62	0.01777	0.11419	0.01526	0.01218	0.01490	0.71890	0.00937	0.01907	0.01348	0.01197	0.00751	0.00875	0.00633	0.00497	0.00429	0.00124	0.00846	0.00310	0.00248	0.00577
63	0.00769	0.00550	0.00766	0.00879	0.00982	0.00546	0.00753	0.00979	0.01109	0.01445	0.02614	0.14520	0.02878	0.01379	0.00673	0.00223	0.00433	0.67602	0.00453	0.00446
64	0.00603	0.00495	0.00510	0.00508	0.00651	0.00425	0.00368	0.00717	0.01082	0.01310	0.08022	0.04489	0.66154	0.11529	0.00823	0.00205	0.00277	0.00989	0.00440	0.00402
65	0.00599	0.00428	0.00570	0.00684	0.00713	0.00399	0.00456	0.00684	0.00941	0.01254	0.02709	0.82409	0.03250	0.01540	0.00627	0.00200	0.00285	0.01397	0.00456	0.00399
66	0.01097	0.01046	0.01779	0.35482	0.48129	0.01136	0.01449	0.01404	0.01063	0.01461	0.00903	0.01255	0.00727	0.00460	0.00488	0.00153	0.00613	0.00437	0.00233	0.00682
67	0.01019	0.00873	0.01019	0.00728	0.01165	0.00655	0.00582	0.01237	0.01019	0.01601	0.00873	0.01019	0.00728	0.00364	0.00364	0.00073	0.00364	0.00291	0.00291	0.85734
68	0.00715	0.00476	0.00536	0.00536	0.00536	0.00476	0.00298	0.00715	0.00715	0.00953	0.01548	0.03216	0.01787	0.82729	0.02501	0.00476	0.00476	0.00715	0.00298	0.00298
69	0.86201	0.00950	0.00722	0.00646	0.00950	0.01102	0.00532	0.01445	0.00836	0.02205	0.00684	0.00798	0.00532	0.00456	0.00304	0.00152	0.00380	0.00266	0.00304	0.00532
70	0.00599	0.00428	0.00570	0.00684	0.00713	0.00399	0.00456	0.00684	0.00941	0.01254	0.02709	0.82409	0.03250	0.01540	0.00627	0.00200	0.00285	0.01397	0.00456	0.00399
71	0.01868	0.01376	0.01475	0.01131	0.01524	0.01524	0.00934	0.78025	0.02311	0.03097	0.01180	0.01180	0.00836	0.00590	0.00492	0.00147	0.00541	0.00442	0.00492	0.00836
72	0.01222	0.01056	0.01111	0.01000	0.01278	0.01222	0.00778	0.02611	0.78776	0.02056	0.02000	0.01833	0.01500	0.00667	0.00500	0.00167	0.00389	0.00556	0.00500	0.00778
73	0.04437	0.03679	0.05824	0.04014	0.07709	0.03539	0.39477	0.14824	0.01357	0.08662	0.01068	0.01262	0.00782	0.00472	0.00521	0.00156	0.00693	0.00496	0.00320	0.00707
74	0.01836	0.02342	0.01393	0.01266	0.01519	0.80756	0.00950	0.01962	0.01393	0.01203	0.00760	0.00886	0.00633	0.00506	0.00443	0.00127	0.00886	0.00317	0.00253	0.00570
75	0.00715	0.00476	0.00536	0.00536	0.00536	0.00476	0.00298	0.00715	0.00715	0.00953	0.01548	0.03216	0.01787	0.82729	0.02501	0.00476	0.00476	0.00715	0.00298	0.00298
76	0.01100	0.01740	0.29259	0.01843	0.02418	0.01208	0.51936	0.01568	0.01118	0.01568	0.00956	0.01227	0.00704	0.00432	0.00541	0.00162	0.00794	0.00506	0.00235	0.00684
77	0.00779	0.00557	0.00777	0.00886	0.00995	0.00554	0.00766	0.00998	0.01127	0.01471	0.04450	0.09656	0.02894	0.01359	0.00674	0.00223	0.00438	0.70492	0.00455	0.00450
78	0.01191	0.01302	0.02536	0.02294	0.25271	0.04115	0.51171	0.01554	0.01156	0.01566	0.01034	0.01336	0.02106	0.00439	0.00547	0.00158	0.00748	0.00536	0.00251	0.00689
79	0.01167	0.01306	0.02787	0.02189	0.12181	0.01233	0.68357	0.01566	0.01155	0.01578	0.00985	0.01312	0.00750	0.00417	0.00568	0.00163	0.00798	0.00562	0.00248	0.00677
80	0.01314	0.83025	0.02575	0.00841	0.01261	0.01945	0.00841	0.01472	0.00999	0.01156	0.00683	0.00788	0.00631	0.00420	0.00315	0.00105	0.00526	0.00263	0.00210	0.00631
81	0.01019	0.00873	0.01019	0.00728	0.01165	0.00655	0.00582	0.01237	0.01019	0.01601	0.00873	0.01019	0.00728	0.00364	0.00364	0.00073	0.00364	0.00291	0.00291	0.85734
82	0.01663	0.01732	0.01699	0.01367	0.01713	0.34962	0.17077	0.21329	0.07902	0.04207	0.01053	0.01154	0.00797	0.00525	0.00490	0.00144	0.00731	0.00429	0.00344	0.00682
83	0.01395	0.01142	0.01209	0.01035	0.01344	0.01303	0.00820	0.22828	0.58278	0.02335	0.01780	0.01658	0.01322	0.00646	0.00498	0.00162	0.00430	0.00525	0.00498	0.00793
84	0.86201	0.00950	0.00722	0.00646	0.00950	0.01102	0.00532	0.01445	0.00836	0.02205	0.00684	0.00798	0.00532	0.00456	0.00304	0.00152	0.00380	0.00266	0.00304	0.00532
85	0.04409	0.01364	0.01452	0.01116	0.01507	0.01511	0.00922	0.75718	0.02266	0.03070	0.01165	0.01168	0.00827	0.00586	0.00486	0.00148	0.00536	0.00437	0.00486	0.00827
86	0.00702	0.00527	0.00790	0.00790	0.00878	0.00614	0.00614	0.00878	0.00790	0.01141	0.01316	0.01931	0.01229	0.03686	0.80782	0.00790	0.01316	0.00527	0.00263	0.00439
87	0.01868	0.01376	0.01475	0.01131	0.01524	0.01524	0.00934	0.78025	0.02311	0.03097	0.01180	0.01180	0.00836	0.00590	0.00492	0.00147	0.00541	0.00442	0.00492	0.00836
88	0.00606	0.00498	0.00528	0.00521	0.00672	0.00426	0.00387	0.00746	0.01154	0.01430	0.18282	0.04483	0.63121	0.04183	0.00651	0.00175	0.00254	0.00999	0.00466	0.00419
89	0.01836	0.02342	0.01393	0.01266	0.01519	0.80756	0.00950	0.01962	0.01393	0.01203	0.00760	0.00886	0.00633	0.00506	0.00443	0.00127	0.00886	0.00317	0.00253	0.00570
90	0.00715	0.00476	0.00536	0.00536	0.00536	0.00476	0.00298	0.00715	0.00715	0.00953	0.01548	0.03216	0.01787	0.82729	0.02501	0.00476	0.00476	0.00715	0.00298	0.00298
91	0.01651	0.02025	0.01680	0.01649	0.14187	0.57943	0.10759	0.01840	0.01319	0.01314	0.00816	0.00995	0.00671	0.00484	0.00467	0.00135	0.00830	0.00369	0.00251	0.00615

[dist]
# distance from previous block
# <min> <max>
0	8

# created by:
# /st0/software/busco_prod/Augustus/scripts/msa2prfl.pl ./align_prep/49637.fa
