[name]
unknown

[dist]
# distance from previous block
# <min> <max>
0	59

[block]
# block no. 0 follows, 44 sequences, length 17
# corresponding to MSA columns:
# 60-76
name=unknown_A
#
# <colnr> <probs for GDERKNQSTAVLIFYWHMCP>
#	G	D	E	R	K	N	Q	S	T	A	V	L	I	F	Y	W	H	M	C	P
0	0.01174	0.16865	0.32240	0.01224	0.02905	0.08350	0.01299	0.01533	0.01176	0.01549	0.01488	0.04491	0.03800	0.05151	0.00648	0.00190	0.00665	0.11275	0.03309	0.00667
1	0.06224	0.43547	0.25713	0.01119	0.01640	0.01692	0.01232	0.01597	0.01084	0.01488	0.00883	0.01073	0.00746	0.00797	0.06923	0.00203	0.02733	0.00355	0.00243	0.00706
2	0.01614	0.18827	0.06830	0.01494	0.13070	0.11005	0.01127	0.23598	0.08182	0.02146	0.03466	0.03964	0.01105	0.00624	0.00503	0.00155	0.00629	0.00485	0.00385	0.00790
3	0.00962	0.00752	0.01098	0.01239	0.12406	0.00834	0.00819	0.05517	0.01036	0.01492	0.01406	0.02066	0.01301	0.09468	0.50661	0.00649	0.02877	0.00575	0.04283	0.00560
4	0.00992	0.00651	0.00732	0.00680	0.00743	0.00665	0.00424	0.08972	0.01013	0.04141	0.01689	0.03260	0.01844	0.69198	0.02451	0.00476	0.00534	0.00751	0.00366	0.00417
5	0.05598	0.03389	0.03444	0.00789	0.01081	0.00790	0.00654	0.03627	0.08097	0.21690	0.08555	0.03111	0.28007	0.00934	0.00557	0.00170	0.00379	0.00765	0.07698	0.00665
6	0.01787	0.25502	0.01958	0.01327	0.05538	0.36759	0.01035	0.11531	0.06681	0.01679	0.00982	0.01085	0.00805	0.00554	0.00464	0.00141	0.00760	0.00377	0.00319	0.00718
7	0.01100	0.05218	0.01171	0.03626	0.04023	0.08286	0.00852	0.03801	0.02928	0.01638	0.04471	0.06228	0.06930	0.01283	0.07333	0.00244	0.02219	0.25469	0.00406	0.12771
8	0.01500	0.28853	0.05161	0.01579	0.08068	0.19150	0.14884	0.01742	0.01217	0.01441	0.00866	0.01100	0.00739	0.00553	0.00644	0.00156	0.10982	0.00414	0.00255	0.00695
9	0.01093	0.00994	0.01127	0.10146	0.01458	0.10896	0.00874	0.06069	0.02949	0.01491	0.01546	0.08933	0.01505	0.05170	0.31716	0.00476	0.05979	0.06681	0.00341	0.00555
10	0.10531	0.01221	0.01603	0.27664	0.13250	0.01375	0.01226	0.27149	0.03371	0.05722	0.01154	0.01359	0.00851	0.00580	0.00522	0.00171	0.00620	0.00472	0.00388	0.00773
11	0.01461	0.01379	0.01976	0.19030	0.41398	0.11571	0.05406	0.01766	0.01279	0.07933	0.01086	0.01371	0.00851	0.00523	0.00541	0.00165	0.00708	0.00481	0.00299	0.00776
12	0.04189	0.01772	0.01318	0.01149	0.01427	0.38409	0.00887	0.15819	0.01607	0.07029	0.01200	0.01361	0.00942	0.02771	0.00584	0.00159	0.03225	0.00433	0.15043	0.00675
13	0.00912	0.00675	0.00871	0.00918	0.07209	0.00636	0.00625	0.01229	0.06305	0.05753	0.46131	0.03869	0.20615	0.01076	0.00624	0.00174	0.00315	0.00936	0.00552	0.00574
14	0.00992	0.01195	0.15378	0.03612	0.19594	0.00912	0.02786	0.01329	0.01301	0.01854	0.30813	0.02584	0.05354	0.01078	0.07077	0.00230	0.02154	0.00701	0.00400	0.00656
15	0.01347	0.01274	0.01193	0.01178	0.06454	0.20648	0.00839	0.08691	0.03901	0.03892	0.19406	0.10825	0.02242	0.01091	0.05800	0.00216	0.04756	0.00702	0.04918	0.00625
16	0.00660	0.00535	0.00588	0.00626	0.00768	0.00463	0.00459	0.00792	0.01191	0.01459	0.04749	0.24937	0.54737	0.01472	0.00663	0.00197	0.00297	0.04445	0.00506	0.00458

[dist]
# distance from previous block
# <min> <max>
0	1

[block]
# block no. 1 follows, 44 sequences, length 9
# corresponding to MSA columns:
# 78-86
name=unknown_B
#
# <colnr> <probs for GDERKNQSTAVLIFYWHMCP>
#	G	D	E	R	K	N	Q	S	T	A	V	L	I	F	Y	W	H	M	C	P
0	0.00803	0.00576	0.00702	0.00734	0.00794	0.00586	0.00505	0.00970	0.05335	0.01308	0.02323	0.17573	0.06793	0.38989	0.10053	0.00435	0.00567	0.10121	0.00403	0.00428
1	0.01175	0.01035	0.01351	0.01324	0.16796	0.00843	0.00855	0.01434	0.01153	0.01777	0.00980	0.01175	0.00819	0.00420	0.00431	0.00097	0.00453	0.00356	0.00312	0.67211
2	0.01607	0.01146	0.01189	0.00993	0.01301	0.05747	0.00791	0.26204	0.15637	0.11148	0.10591	0.02078	0.04742	0.00747	0.00534	0.00163	0.00469	0.00599	0.13549	0.00766
3	0.01217	0.09468	0.01241	0.00930	0.01149	0.01034	0.00756	0.01684	0.15485	0.11277	0.33871	0.02768	0.02929	0.00911	0.00731	0.00178	0.10404	0.02793	0.00513	0.00661
4	0.01288	0.01928	0.35801	0.01319	0.01943	0.01179	0.06308	0.14421	0.01398	0.02040	0.01041	0.01193	0.00777	0.00502	0.00495	0.00143	0.00652	0.00409	0.00317	0.26846
5	0.00721	0.00532	0.00686	0.00778	0.00866	0.00496	0.00582	0.00873	0.01165	0.01519	0.08422	0.43686	0.16594	0.01560	0.00697	0.00219	0.00351	0.19275	0.00511	0.00465
6	0.01045	0.00837	0.01070	0.09715	0.01452	0.00854	0.00841	0.08387	0.05773	0.01781	0.02248	0.16028	0.07067	0.01077	0.00658	0.00190	0.03490	0.21423	0.00439	0.15623
7	0.00747	0.00556	0.00695	0.00660	0.00799	0.00504	0.00495	0.00981	0.01485	0.02049	0.63398	0.04298	0.18984	0.01166	0.00643	0.00174	0.00261	0.01018	0.00582	0.00504
8	0.07188	0.01988	0.09586	0.01223	0.01571	0.37748	0.01029	0.13170	0.07634	0.01934	0.03009	0.01308	0.00983	0.00603	0.00490	0.00152	0.00735	0.00427	0.08525	0.00696

[dist]
# distance from previous block
# <min> <max>
7	12

[block]
# block no. 2 follows, 44 sequences, length 80
# corresponding to MSA columns:
# 104-183
name=unknown_C
#
# <colnr> <probs for GDERKNQSTAVLIFYWHMCP>
#	G	D	E	R	K	N	Q	S	T	A	V	L	I	F	Y	W	H	M	C	P
0	0.01201	0.01209	0.02208	0.03461	0.32528	0.01147	0.26627	0.01536	0.01237	0.01716	0.01605	0.04620	0.09235	0.00611	0.00579	0.00166	0.00666	0.00634	0.00311	0.08702
1	0.01140	0.01466	0.17317	0.23796	0.24365	0.01204	0.12310	0.01537	0.01171	0.01623	0.01183	0.08213	0.01023	0.00611	0.00565	0.00178	0.00712	0.00584	0.00276	0.00725
2	0.01637	0.01155	0.01491	0.01367	0.08090	0.09366	0.09285	0.06368	0.02926	0.24598	0.01838	0.09034	0.01579	0.00905	0.02663	0.00197	0.00611	0.11029	0.00473	0.05389
3	0.00900	0.00522	0.00569	0.00569	0.00636	0.00527	0.00375	0.01034	0.00967	0.01540	0.01733	0.02745	0.01664	0.37743	0.05906	0.00354	0.00449	0.00643	0.40700	0.00425
4	0.01059	0.06540	0.01090	0.00950	0.01082	0.15988	0.00717	0.01189	0.01100	0.01331	0.02083	0.26717	0.08497	0.05963	0.16249	0.00342	0.07348	0.00874	0.00369	0.00515
5	0.00750	0.00557	0.00708	0.00746	0.00857	0.00522	0.00560	0.00970	0.03084	0.01759	0.31180	0.27667	0.14962	0.01383	0.00674	0.00201	0.00319	0.12070	0.00542	0.00491
6	0.00941	0.00676	0.00841	0.00791	0.00944	0.00720	0.00614	0.09110	0.01262	0.01799	0.13885	0.04427	0.13159	0.02198	0.31042	0.00443	0.02356	0.00727	0.13527	0.00540
7	0.01567	0.00736	0.00969	0.00809	0.01085	0.00647	0.00642	0.01789	0.01519	0.38660	0.33125	0.03129	0.11138	0.00931	0.00597	0.00171	0.00359	0.00792	0.00626	0.00708
8	0.01093	0.02820	0.78016	0.01554	0.02360	0.01266	0.02014	0.01727	0.01151	0.01727	0.00978	0.01151	0.00691	0.00518	0.00518	0.00173	0.00806	0.00403	0.00230	0.00806
9	0.01275	0.01249	0.02214	0.19031	0.53127	0.01288	0.10563	0.01624	0.01215	0.01696	0.01023	0.01386	0.00831	0.00495	0.00553	0.00169	0.00697	0.00505	0.00265	0.00795
10	0.00951	0.00674	0.00872	0.00872	0.01018	0.00683	0.00712	0.01141	0.01242	0.07956	0.10302	0.10603	0.23774	0.01320	0.00803	0.00214	0.09015	0.26815	0.00499	0.00533
11	0.01511	0.54651	0.07744	0.01288	0.09753	0.08327	0.01094	0.03063	0.02852	0.04018	0.00898	0.01020	0.00764	0.00496	0.00409	0.00131	0.00632	0.00345	0.00268	0.00734
12	0.01038	0.00751	0.00865	0.00827	0.00947	0.00787	0.00581	0.15323	0.06440	0.01725	0.02110	0.27789	0.02293	0.30702	0.03260	0.00337	0.00489	0.02763	0.00447	0.00526
13	0.01191	0.01159	0.02121	0.02444	0.38424	0.01130	0.21199	0.01521	0.01256	0.01746	0.05714	0.08674	0.01572	0.00727	0.00610	0.00183	0.00655	0.08605	0.00335	0.00735
14	0.14196	0.02364	0.26816	0.01351	0.01800	0.37205	0.01309	0.01895	0.01283	0.01632	0.00868	0.01035	0.00682	0.00559	0.00545	0.00161	0.04979	0.00366	0.00270	0.00681
15	0.00674	0.00481	0.00643	0.00766	0.00803	0.00451	0.00519	0.00777	0.01061	0.01416	0.04532	0.76399	0.03622	0.01689	0.00697	0.00221	0.00321	0.03975	0.00508	0.00446
16	0.00700	0.00550	0.00641	0.00683	0.00821	0.00490	0.00520	0.00861	0.01235	0.01555	0.11814	0.20255	0.42861	0.01440	0.00673	0.00201	0.00320	0.13394	0.00515	0.00469
17	0.01287	0.01471	0.03217	0.02298	0.02849	0.01379	0.75460	0.01746	0.01287	0.01746	0.01103	0.01471	0.00827	0.00460	0.00643	0.00184	0.00919	0.00643	0.00276	0.00735
18	0.00656	0.00508	0.00598	0.00670	0.00767	0.00450	0.00466	0.00769	0.01130	0.01427	0.04095	0.47899	0.35487	0.01566	0.00674	0.00205	0.00299	0.01377	0.00506	0.00450
19	0.01030	0.00969	0.01635	0.79530	0.03755	0.01211	0.01514	0.01393	0.01090	0.01393	0.00969	0.01453	0.00727	0.00545	0.00545	0.00182	0.00727	0.00484	0.00242	0.00606
20	0.00714	0.00512	0.00686	0.00800	0.00860	0.00485	0.00580	0.00851	0.01121	0.01489	0.07311	0.58984	0.05448	0.01624	0.00703	0.00224	0.00350	0.16287	0.00511	0.00459
21	0.01637	0.01021	0.01153	0.00985	0.01307	0.01081	0.00781	0.07226	0.38339	0.23696	0.02267	0.02105	0.05465	0.00738	0.00538	0.00173	0.00424	0.00605	0.09634	0.00826
22	0.01328	0.02251	0.45544	0.01673	0.02347	0.01374	0.19294	0.15936	0.01455	0.02060	0.01072	0.01257	0.00769	0.00530	0.00553	0.00174	0.00793	0.00477	0.00302	0.00812
23	0.01181	0.01002	0.01510	0.02017	0.37918	0.01001	0.01114	0.08715	0.01431	0.02024	0.20773	0.07195	0.05554	0.00787	0.00572	0.00167	0.00484	0.00711	0.05129	0.00717
24	0.01742	0.03392	0.01386	0.09627	0.01678	0.23892	0.00945	0.22783	0.03964	0.07737	0.01300	0.01417	0.00976	0.00611	0.00495	0.00152	0.00645	0.00456	0.16081	0.00720
25	0.01458	0.81168	0.02857	0.00933	0.01399	0.02157	0.00933	0.01632	0.01108	0.01283	0.00758	0.00875	0.00700	0.00466	0.00350	0.00117	0.00583	0.00292	0.00233	0.00700
26	0.01351	0.08165	0.02495	0.01801	0.02134	0.09932	0.36655	0.01640	0.01151	0.01520	0.00918	0.01276	0.00766	0.00634	0.00980	0.00192	0.26925	0.00527	0.00260	0.00675
27	0.01512	0.01185	0.01571	0.39052	0.02642	0.01372	0.01235	0.27728	0.09820	0.06525	0.01291	0.01488	0.00934	0.00612	0.00546	0.00175	0.00635	0.00505	0.00407	0.00765
28	0.01104	0.01006	0.01685	0.33491	0.28010	0.01117	0.03184	0.01367	0.01099	0.01492	0.01200	0.10009	0.01106	0.00779	0.00745	0.07202	0.03872	0.00603	0.00280	0.00647
29	0.00845	0.00617	0.00832	0.00940	0.01074	0.00604	0.00813	0.01080	0.01253	0.01609	0.03260	0.06022	0.13642	0.01488	0.00738	0.00242	0.00470	0.63473	0.00503	0.00496
30	0.00916	0.00594	0.00829	0.00811	0.00908	0.00642	0.00598	0.01060	0.00922	0.07623	0.01661	0.06571	0.01627	0.22007	0.49927	0.00700	0.01094	0.00682	0.00344	0.00484
31	0.00650	0.00547	0.00563	0.00571	0.00742	0.00461	0.00424	0.00788	0.01238	0.01489	0.07510	0.10394	0.69973	0.01395	0.00648	0.00186	0.00278	0.01173	0.00509	0.00461
32	0.01679	0.01215	0.01310	0.01088	0.01434	0.01347	0.00872	0.30365	0.34175	0.08736	0.01819	0.01744	0.01330	0.00691	0.00532	0.00169	0.00479	0.00551	0.09609	0.00854
33	0.01356	0.01171	0.01233	0.01109	0.01418	0.01356	0.00863	0.02897	0.76455	0.02281	0.02219	0.02034	0.01664	0.00740	0.00555	0.00185	0.00431	0.00616	0.00555	0.00863
34	0.00714	0.00555	0.00648	0.00625	0.00779	0.00490	0.00469	0.00917	0.01406	0.01862	0.44562	0.04607	0.37937	0.01236	0.00644	0.00177	0.00266	0.01061	0.00557	0.00490
35	0.01458	0.81168	0.02857	0.00933	0.01399	0.02157	0.00933	0.01632	0.01108	0.01283	0.00758	0.00875	0.00700	0.00466	0.00350	0.00117	0.00583	0.00292	0.00233	0.00700
36	0.07906	0.10308	0.01564	0.01154	0.01512	0.21263	0.00934	0.29495	0.11449	0.02358	0.01235	0.01285	0.00944	0.00609	0.00486	0.00153	0.00640	0.00436	0.05500	0.00769
37	0.05437	0.01106	0.01245	0.01027	0.01338	0.07612	0.00829	0.05802	0.08911	0.38585	0.07887	0.01849	0.01516	0.00728	0.00669	0.00173	0.09103	0.00551	0.04842	0.00790
38	0.08015	0.01232	0.01430	0.09639	0.01757	0.01335	0.00996	0.41290	0.01968	0.16494	0.01544	0.01881	0.01180	0.00721	0.00551	0.00176	0.00566	0.07883	0.00516	0.00825
39	0.00788	0.00547	0.00686	0.00686	0.00718	0.00578	0.00444	0.00851	0.00820	0.01125	0.01634	0.03105	0.01781	0.55935	0.27405	0.00641	0.00831	0.00725	0.00318	0.00381
40	0.01253	0.02257	0.41574	0.01754	0.02365	0.08989	0.24043	0.01743	0.01205	0.01660	0.00981	0.01234	0.00735	0.00541	0.00658	0.00178	0.07355	0.00477	0.00250	0.00750
41	0.01185	0.09007	0.42845	0.07371	0.11365	0.01372	0.13861	0.01681	0.01168	0.01664	0.00978	0.01226	0.00738	0.00513	0.00561	0.00171	0.02829	0.00450	0.00244	0.00772
42	0.00677	0.00514	0.00606	0.00670	0.00759	0.00464	0.00464	0.00783	0.01098	0.01393	0.03813	0.41453	0.31236	0.10173	0.00904	0.00242	0.00330	0.03495	0.00487	0.00439
43	0.01246	0.01189	0.02025	0.28067	0.53530	0.01268	0.01622	0.01582	0.01192	0.01655	0.01007	0.01383	0.00819	0.00505	0.00541	0.00168	0.00673	0.00485	0.00261	0.00780
44	0.01316	0.01121	0.02037	0.01573	0.01947	0.01093	0.34989	0.01811	0.10974	0.11670	0.08790	0.06801	0.01811	0.00781	0.00663	0.00192	0.02639	0.08649	0.00430	0.00711
45	0.01291	0.42298	0.34903	0.01291	0.01908	0.01724	0.06528	0.01680	0.01139	0.01504	0.00876	0.01033	0.00705	0.00488	0.00442	0.00145	0.00701	0.00363	0.00235	0.00747
46	0.01287	0.01471	0.03217	0.02298	0.02849	0.01379	0.75460	0.01746	0.01287	0.01746	0.01103	0.01471	0.00827	0.00460	0.00643	0.00184	0.00919	0.00643	0.00276	0.00735
47	0.03926	0.01353	0.01494	0.01184	0.01582	0.01468	0.00983	0.57906	0.02274	0.11254	0.01558	0.01884	0.01205	0.00746	0.00563	0.00174	0.00570	0.08451	0.00550	0.00873
48	0.00664	0.00474	0.00633	0.00759	0.00791	0.00443	0.00506	0.00759	0.01044	0.01392	0.03005	0.80485	0.03606	0.01708	0.00696	0.00221	0.00316	0.01550	0.00506	0.00443
49	0.01405	0.01547	0.01515	0.01332	0.01417	0.24877	0.01057	0.01518	0.01046	0.01291	0.00863	0.01387	0.00849	0.09512	0.01503	0.00240	0.47329	0.00473	0.00261	0.00578
50	0.00772	0.00557	0.00729	0.00686	0.00814	0.00514	0.00514	0.01029	0.01543	0.02186	0.77152	0.04072	0.05144	0.01115	0.00643	0.00171	0.00257	0.00986	0.00600	0.00514
51	0.01446	0.01216	0.01283	0.01128	0.01452	0.01398	0.00885	0.11986	0.67220	0.02425	0.02105	0.01943	0.01572	0.00729	0.00554	0.00182	0.00453	0.00601	0.00554	0.00871
52	0.00792	0.00531	0.00607	0.00607	0.00611	0.00535	0.00346	0.00801	0.00797	0.01066	0.01706	0.03504	0.01955	0.77429	0.06149	0.00544	0.00570	0.00784	0.00329	0.00337
53	0.05099	0.09972	0.02180	0.01496	0.01935	0.01408	0.26206	0.16238	0.03419	0.19066	0.01327	0.01432	0.00953	0.00589	0.00635	0.00172	0.06123	0.00528	0.00420	0.00799
54	0.68728	0.01253	0.07348	0.00845	0.01233	0.01277	0.00758	0.09652	0.01124	0.02493	0.00837	0.00954	0.00635	0.00523	0.00375	0.00168	0.00473	0.00325	0.00351	0.00645
55	0.00793	0.00529	0.00595	0.00595	0.00595	0.00529	0.00330	0.00793	0.00793	0.01057	0.01718	0.03568	0.01982	0.80840	0.02775	0.00529	0.00529	0.00793	0.00330	0.00330
56	0.00809	0.00632	0.00791	0.00860	0.03719	0.00604	0.00639	0.01101	0.06475	0.01739	0.21370	0.13994	0.25048	0.01310	0.00667	0.00201	0.00355	0.18640	0.00522	0.00524
57	0.01410	0.48874	0.25508	0.01172	0.01722	0.10195	0.01274	0.01720	0.01168	0.01423	0.00834	0.00970	0.00697	0.00492	0.00416	0.00136	0.00694	0.00332	0.00237	0.00724
58	0.01601	0.01872	0.01609	0.01418	0.01554	0.38874	0.01125	0.01730	0.01178	0.01323	0.00777	0.01091	0.00709	0.00765	0.01162	0.00191	0.41731	0.00416	0.00259	0.00614
59	0.00704	0.00515	0.00664	0.00725	0.00807	0.00475	0.00515	0.00860	0.01226	0.01652	0.25745	0.45870	0.12046	0.01484	0.00677	0.00204	0.00302	0.04527	0.00534	0.00469
60	0.00950	0.00715	0.00804	0.00742	0.00950	0.00698	0.00569	0.03012	0.16073	0.05844	0.28306	0.03970	0.33045	0.01115	0.00619	0.00179	0.00317	0.00946	0.00556	0.00591
61	0.01243	0.01465	0.10279	0.31448	0.22041	0.07756	0.11223	0.01609	0.01188	0.01566	0.00980	0.01345	0.00768	0.00536	0.00605	0.00175	0.04319	0.00485	0.00255	0.00712
62	0.00759	0.00587	0.00713	0.00777	0.00929	0.00541	0.00642	0.00950	0.01243	0.01547	0.04172	0.07850	0.39163	0.01451	0.00699	0.00218	0.00387	0.36390	0.00504	0.00480
63	0.00687	0.00491	0.00659	0.00786	0.00828	0.00463	0.00547	0.00799	0.01067	0.01418	0.02992	0.72411	0.03555	0.01686	0.00702	0.00225	0.00336	0.09394	0.00506	0.00449
64	0.01273	0.22189	0.15666	0.01994	0.24519	0.01463	0.15045	0.01632	0.01225	0.01670	0.07328	0.01442	0.01142	0.00534	0.00515	0.00157	0.00676	0.00492	0.00282	0.00758
65	0.01653	0.37770	0.04447	0.03712	0.09867	0.05476	0.01102	0.26119	0.01625	0.02067	0.00986	0.01100	0.00793	0.00539	0.00453	0.00142	0.00625	0.00390	0.00343	0.00790
66	0.01038	0.00529	0.00532	0.00524	0.00657	0.00533	0.00395	0.02820	0.01173	0.02062	0.01769	0.02017	0.01388	0.00636	0.00385	0.00128	0.00261	0.00508	0.82130	0.00517
67	0.01234	0.01254	0.02322	0.23130	0.29929	0.01325	0.23798	0.01595	0.01185	0.01634	0.01011	0.01402	0.00806	0.00527	0.00663	0.00179	0.06473	0.00532	0.00262	0.00737
68	0.01637	0.01312	0.03119	0.17206	0.17816	0.09597	0.01199	0.15704	0.02580	0.15792	0.01425	0.07686	0.01144	0.00673	0.00550	0.00170	0.00631	0.00568	0.00413	0.00776
69	0.44756	0.07049	0.20848	0.01245	0.09717	0.01300	0.01104	0.03366	0.01072	0.02110	0.00906	0.02755	0.00727	0.00534	0.00419	0.00166	0.00557	0.00375	0.00304	0.00687
70	0.03160	0.01833	0.31128	0.02236	0.36257	0.03418	0.01624	0.01610	0.01208	0.01729	0.01484	0.01675	0.09079	0.00598	0.00537	0.00168	0.00672	0.00518	0.00282	0.00784
71	0.00662	0.00483	0.00624	0.00737	0.00785	0.00445	0.00496	0.00762	0.01065	0.01401	0.03278	0.72313	0.11601	0.01672	0.00690	0.00217	0.00312	0.01506	0.00506	0.00445
72	0.01310	0.02160	0.38550	0.01473	0.01929	0.09837	0.01562	0.07820	0.01209	0.01692	0.00906	0.01160	0.00720	0.00676	0.00930	0.00190	0.26454	0.00429	0.00265	0.00729
73	0.00681	0.00514	0.00634	0.00715	0.00805	0.00467	0.00511	0.00809	0.01141	0.01468	0.06654	0.48482	0.25707	0.01569	0.00683	0.00211	0.00318	0.07666	0.00509	0.00456
74	0.01793	0.01176	0.01372	0.01111	0.01390	0.03496	0.00907	0.27487	0.01673	0.20685	0.01443	0.01562	0.01067	0.02735	0.00852	0.00185	0.17971	0.00508	0.11816	0.00774
75	0.00664	0.00474	0.00633	0.00759	0.00791	0.00443	0.00506	0.00759	0.01044	0.01392	0.03005	0.80485	0.03606	0.01708	0.00696	0.00221	0.00316	0.01550	0.00506	0.00443
76	0.01241	0.01050	0.04226	0.01051	0.01334	0.02592	0.06248	0.14789	0.15107	0.04872	0.33441	0.04863	0.02960	0.00895	0.00603	0.00176	0.00450	0.02874	0.00535	0.00692
77	0.04683	0.01218	0.04827	0.01617	0.14565	0.01163	0.12308	0.08159	0.16444	0.16387	0.03797	0.01993	0.04039	0.00677	0.00565	0.00175	0.00570	0.03827	0.00457	0.02529
78	0.05278	0.15671	0.10966	0.22080	0.08648	0.04051	0.01178	0.04793	0.02975	0.01648	0.01505	0.01726	0.09109	0.01920	0.00531	0.00165	0.00605	0.00503	0.03576	0.03071
79	0.01664	0.36407	0.05345	0.01290	0.01726	0.22244	0.09845	0.12385	0.01455	0.01677	0.00909	0.01047	0.00748	0.00520	0.00457	0.00140	0.00740	0.00382	0.00295	0.00723

[dist]
# distance from previous block
# <min> <max>
0	17

[block]
# block no. 3 follows, 44 sequences, length 288
# corresponding to MSA columns:
# 201-488
name=unknown_D
#
# <colnr> <probs for GDERKNQSTAVLIFYWHMCP>
#	G	D	E	R	K	N	Q	S	T	A	V	L	I	F	Y	W	H	M	C	P
0	0.03432	0.04199	0.08975	0.02585	0.01529	0.14087	0.01028	0.19004	0.01531	0.04088	0.07002	0.03007	0.06527	0.00756	0.00742	0.00171	0.14150	0.00540	0.02202	0.04445
1	0.11326	0.23393	0.03154	0.07831	0.02949	0.04526	0.00928	0.15265	0.01428	0.07301	0.03266	0.01486	0.02955	0.00601	0.00459	0.00148	0.00551	0.02427	0.02569	0.07434
2	0.00915	0.00753	0.01072	0.00969	0.01071	0.02607	0.06470	0.01074	0.00914	0.01305	0.01417	0.02312	0.01392	0.22958	0.37135	0.00593	0.10340	0.00620	0.05601	0.00483
3	0.01129	0.01063	0.01770	0.06059	0.08617	0.01158	0.19216	0.04904	0.05960	0.01670	0.01638	0.16906	0.01623	0.01033	0.03290	0.00226	0.15122	0.07607	0.00362	0.00646
4	0.00678	0.00484	0.00648	0.00775	0.00812	0.00455	0.00530	0.00783	0.01057	0.01407	0.02997	0.75764	0.03576	0.01695	0.00699	0.00223	0.00328	0.06136	0.00506	0.00447
5	0.01371	0.01597	0.03030	0.02198	0.02719	0.10037	0.67122	0.01795	0.01316	0.01700	0.01074	0.01416	0.00813	0.00471	0.00626	0.00179	0.00926	0.00611	0.00276	0.00724
6	0.00742	0.00537	0.00580	0.00580	0.00643	0.00505	0.00359	0.00789	0.00947	0.01200	0.03024	0.04144	0.27813	0.53560	0.02043	0.00410	0.00442	0.00916	0.00391	0.00375
7	0.00772	0.00553	0.00706	0.00687	0.00773	0.00548	0.00485	0.00931	0.01166	0.01619	0.35139	0.03609	0.07600	0.26162	0.16494	0.00419	0.00576	0.00858	0.00452	0.00449
8	0.01093	0.02820	0.78016	0.01554	0.02360	0.01266	0.02014	0.01727	0.01151	0.01727	0.00978	0.01151	0.00691	0.00518	0.00518	0.00173	0.00806	0.00403	0.00230	0.00806
9	0.01015	0.00923	0.01425	0.13234	0.32479	0.00928	0.01137	0.01277	0.01232	0.01628	0.05371	0.03152	0.25062	0.00897	0.00598	0.00181	0.00515	0.07917	0.00374	0.00652
10	0.08141	0.01179	0.01568	0.44702	0.02786	0.01387	0.01266	0.28423	0.01613	0.02221	0.01076	0.01355	0.00789	0.00582	0.00528	0.00174	0.00656	0.00472	0.00360	0.00721
11	0.01937	0.01410	0.01531	0.01185	0.01612	0.01525	0.00972	0.57937	0.09701	0.07095	0.01413	0.01394	0.01012	0.00642	0.00534	0.00159	0.00559	0.00491	0.00533	0.08358
12	0.00793	0.00529	0.00595	0.00595	0.00595	0.00529	0.00330	0.00793	0.00793	0.01057	0.01718	0.03568	0.01982	0.80840	0.02775	0.00529	0.00529	0.00793	0.00330	0.00330
13	0.01313	0.01259	0.02148	0.11883	0.69183	0.01286	0.01655	0.01642	0.01224	0.01738	0.01019	0.01361	0.00848	0.00492	0.00540	0.00164	0.00657	0.00486	0.00267	0.00835
14	0.02037	0.02598	0.01545	0.01404	0.01685	0.78652	0.01053	0.02177	0.01545	0.01334	0.00843	0.00983	0.00702	0.00562	0.00492	0.00140	0.00983	0.00351	0.00281	0.00632
15	0.00664	0.00474	0.00633	0.00759	0.00791	0.00443	0.00506	0.00759	0.01044	0.01392	0.03005	0.80485	0.03606	0.01708	0.00696	0.00221	0.00316	0.01550	0.00506	0.00443
16	0.00999	0.00815	0.00915	0.00845	0.01057	0.00861	0.00647	0.01779	0.33036	0.02122	0.35172	0.03385	0.14178	0.00995	0.00606	0.00179	0.00333	0.00854	0.00567	0.00653
17	0.01193	0.01193	0.01670	0.01431	0.01431	0.01670	0.01193	0.01312	0.00835	0.01312	0.00716	0.01193	0.00716	0.00954	0.01789	0.00239	0.79843	0.00477	0.00239	0.00596
18	0.00663	0.00481	0.00626	0.00742	0.00786	0.00444	0.00499	0.00761	0.01060	0.01398	0.03207	0.74430	0.09529	0.01682	0.00692	0.00218	0.00313	0.01518	0.00506	0.00444
19	0.01326	0.00883	0.00947	0.00814	0.01016	0.00941	0.00612	0.28198	0.01563	0.02257	0.01647	0.05717	0.01480	0.21847	0.01087	0.00251	0.00455	0.00624	0.27724	0.00611
20	0.00678	0.00492	0.00643	0.00755	0.00806	0.00457	0.00520	0.00789	0.01085	0.01433	0.05152	0.68177	0.09543	0.01655	0.00694	0.00219	0.00322	0.05624	0.00508	0.00449
21	0.01280	0.01089	0.01338	0.00980	0.01452	0.03264	0.06501	0.05011	0.03688	0.05222	0.01084	0.01222	0.00863	0.00448	0.00443	0.00102	0.00474	0.00376	0.00352	0.64811
22	0.01020	0.00677	0.00769	0.00759	0.00931	0.00682	0.00612	0.08911	0.03878	0.01986	0.06958	0.05509	0.14070	0.01040	0.00566	0.00179	0.00366	0.19912	0.30622	0.00553
23	0.01122	0.06015	0.23512	0.34838	0.05159	0.01264	0.08584	0.03550	0.01185	0.01602	0.01138	0.01708	0.00928	0.00603	0.00552	0.00180	0.00735	0.06363	0.00272	0.00688
24	0.01532	0.03053	0.01481	0.01441	0.14465	0.06814	0.00983	0.29060	0.02843	0.03688	0.03717	0.07477	0.07097	0.00746	0.00543	0.00158	0.00548	0.02189	0.00440	0.11723
25	0.02446	0.00928	0.01265	0.00970	0.01392	0.00801	0.00801	0.02657	0.01560	0.77817	0.02151	0.01856	0.01350	0.00675	0.00548	0.00169	0.00464	0.00548	0.00675	0.00928
26	0.01468	0.01173	0.01311	0.00978	0.01437	0.01094	0.00793	0.27140	0.05656	0.02377	0.01153	0.01241	0.00895	0.00508	0.00461	0.00115	0.00473	0.00397	0.00412	0.50918
27	0.00879	0.00688	0.00832	0.00872	0.00993	0.00728	0.00631	0.01401	0.22455	0.01666	0.05137	0.47489	0.02914	0.01600	0.06931	0.00263	0.00444	0.03002	0.00506	0.00569
28	0.01538	0.06445	0.36246	0.01451	0.01964	0.35962	0.01490	0.01902	0.01309	0.01508	0.00894	0.01065	0.00698	0.00557	0.00563	0.00159	0.04906	0.00378	0.00253	0.00712
29	0.01221	0.00980	0.01079	0.00971	0.01232	0.01082	0.00752	0.03993	0.49003	0.04699	0.22220	0.02698	0.06003	0.00864	0.00582	0.00180	0.00383	0.00734	0.00568	0.00756
30	0.00746	0.00556	0.00694	0.00659	0.00799	0.00504	0.00494	0.00980	0.01483	0.02044	0.62867	0.04307	0.19518	0.01168	0.00643	0.00174	0.00261	0.01019	0.00581	0.00504
31	0.00664	0.00474	0.00633	0.00759	0.00791	0.00443	0.00506	0.00759	0.01044	0.01392	0.03005	0.80485	0.03606	0.01708	0.00696	0.00221	0.00316	0.01550	0.00506	0.00443
32	0.00790	0.00540	0.00653	0.00653	0.00673	0.00560	0.00403	0.00830	0.00810	0.01100	0.01664	0.03271	0.01853	0.64886	0.18554	0.00601	0.00722	0.00749	0.00322	0.00363
33	0.00994	0.00912	0.01399	0.01224	0.01317	0.01154	0.06914	0.01178	0.00892	0.01324	0.01118	0.01688	0.01047	0.02477	0.40030	0.00552	0.34415	0.00544	0.00268	0.00553
34	0.00707	0.00562	0.00646	0.00694	0.00845	0.00501	0.00546	0.00869	0.01222	0.01504	0.04536	0.14552	0.49157	0.01453	0.00679	0.00206	0.00339	0.20006	0.00505	0.00469
35	0.02043	0.02396	0.01562	0.01376	0.01686	0.64133	0.01050	0.16032	0.01737	0.01731	0.00931	0.01045	0.00745	0.00579	0.00502	0.00145	0.00911	0.00377	0.00331	0.00688
36	0.01353	0.01445	0.10398	0.02458	0.01907	0.07150	0.24200	0.13331	0.04634	0.05598	0.01924	0.11925	0.09596	0.00789	0.00599	0.00180	0.00668	0.00733	0.00399	0.00711
37	0.01321	0.01009	0.01317	0.11518	0.06008	0.01079	0.03394	0.15926	0.13518	0.07178	0.02345	0.03110	0.11272	0.00929	0.00611	0.00193	0.00530	0.17561	0.00476	0.00707
38	0.00863	0.00636	0.00739	0.00802	0.00875	0.04953	0.00554	0.00972	0.01082	0.05576	0.04637	0.57341	0.03053	0.07823	0.07109	0.00289	0.00469	0.01275	0.00474	0.00477
39	0.01364	0.33522	0.09719	0.01342	0.01802	0.01544	0.20220	0.05835	0.01258	0.05790	0.01271	0.11581	0.01162	0.00655	0.00509	0.00159	0.00651	0.00584	0.00322	0.00711
40	0.06306	0.02308	0.01415	0.07629	0.11849	0.00999	0.05023	0.05628	0.07027	0.24800	0.12025	0.02287	0.07238	0.00746	0.00561	0.00173	0.00498	0.02237	0.00495	0.00756
41	0.01071	0.00765	0.00891	0.00859	0.01020	0.00779	0.00632	0.16914	0.05035	0.04369	0.02746	0.40645	0.10824	0.07833	0.00818	0.00227	0.00405	0.03082	0.00508	0.00577
42	0.01255	0.01385	0.02677	0.03279	0.02422	0.03827	0.52133	0.01617	0.01174	0.01609	0.01037	0.01442	0.00833	0.00795	0.05838	0.00238	0.16889	0.00594	0.00269	0.00686
43	0.01387	0.07908	0.20942	0.05840	0.39376	0.05574	0.01591	0.01780	0.02444	0.06523	0.01071	0.01291	0.00837	0.00515	0.00518	0.00162	0.00689	0.00449	0.00287	0.00816
44	0.01313	0.01523	0.08589	0.09922	0.32958	0.05569	0.28658	0.01705	0.01253	0.01703	0.01035	0.01367	0.00815	0.00489	0.00574	0.00171	0.00786	0.00529	0.00267	0.00775
45	0.01385	0.01120	0.01336	0.01112	0.01383	0.13029	0.12840	0.04658	0.03021	0.13400	0.07917	0.11484	0.08536	0.03584	0.02072	0.00194	0.00568	0.00742	0.10984	0.00636
46	0.01370	0.01059	0.01281	0.07380	0.01514	0.04699	0.05127	0.16064	0.14490	0.07828	0.01687	0.05375	0.01484	0.16308	0.09159	0.00318	0.00668	0.03082	0.00434	0.00672
47	0.18284	0.01020	0.01071	0.01004	0.03268	0.06585	0.00777	0.05894	0.04236	0.15446	0.03233	0.10959	0.09916	0.00939	0.00649	0.00189	0.06689	0.08726	0.00463	0.00650
48	0.00880	0.00742	0.01175	0.01071	0.01201	0.00785	0.10924	0.03439	0.01080	0.01488	0.04331	0.36873	0.02367	0.04388	0.17937	0.00368	0.08056	0.01971	0.00401	0.00522
49	0.06029	0.02069	0.39538	0.01303	0.01869	0.05672	0.01420	0.16577	0.03783	0.07958	0.01214	0.01435	0.00918	0.07030	0.00697	0.00197	0.00693	0.00461	0.00355	0.00781
50	0.03822	0.09697	0.05607	0.01678	0.04616	0.07415	0.29406	0.21559	0.03502	0.03839	0.01179	0.03057	0.00914	0.00564	0.00555	0.00167	0.00741	0.00536	0.00364	0.00780
51	0.01500	0.04337	0.06601	0.05427	0.08405	0.12844	0.34103	0.12650	0.03107	0.01904	0.01078	0.01331	0.00825	0.00532	0.00606	0.00171	0.02979	0.00528	0.00315	0.00754
52	0.01169	0.00908	0.00902	0.00829	0.01049	0.09535	0.00643	0.03059	0.07228	0.11506	0.23161	0.04663	0.26235	0.01073	0.00613	0.00178	0.00410	0.05710	0.00531	0.00598
53	0.06201	0.01547	0.02675	0.01967	0.02448	0.10100	0.53380	0.05854	0.01357	0.03865	0.01080	0.01370	0.00815	0.00505	0.00633	0.00177	0.03310	0.00570	0.00305	0.01841
54	0.01547	0.01466	0.04562	0.02093	0.13762	0.07491	0.40153	0.01934	0.02749	0.14632	0.01255	0.01473	0.00920	0.00529	0.00625	0.00176	0.02939	0.00568	0.00346	0.00780
55	0.00799	0.00552	0.00750	0.00804	0.00884	0.00558	0.00592	0.00942	0.01036	0.03847	0.04515	0.32579	0.05693	0.10741	0.22957	0.00439	0.00688	0.10720	0.00434	0.00469
56	0.01286	0.01428	0.03007	0.04393	0.12560	0.01371	0.62080	0.01717	0.01264	0.01731	0.01080	0.01447	0.00827	0.00478	0.00656	0.00182	0.02861	0.00615	0.00273	0.00745
57	0.01150	0.05647	0.05656	0.01185	0.01434	0.03656	0.10361	0.03512	0.10136	0.04829	0.09762	0.16267	0.02120	0.03227	0.02628	0.00220	0.09839	0.07319	0.00421	0.00633
58	0.01112	0.06793	0.74204	0.01522	0.02311	0.01311	0.01959	0.01722	0.01149	0.01704	0.00967	0.01137	0.00691	0.00515	0.00509	0.00170	0.00794	0.00397	0.00230	0.00800
59	0.00779	0.00648	0.00743	0.00789	0.00916	0.04016	0.01762	0.00937	0.01209	0.01517	0.07978	0.30864	0.28067	0.01452	0.00677	0.00208	0.00377	0.16086	0.00497	0.00478
60	0.01668	0.17137	0.01744	0.03748	0.01586	0.23672	0.01010	0.20370	0.03601	0.01894	0.01167	0.01610	0.01025	0.03371	0.00700	0.00175	0.08139	0.06321	0.00360	0.00701
61	0.08088	0.01265	0.01510	0.12167	0.03859	0.08480	0.06988	0.20296	0.05785	0.12496	0.01545	0.06793	0.01280	0.00739	0.00558	0.00178	0.00613	0.06169	0.00446	0.00745
62	0.01225	0.01248	0.02272	0.21656	0.24185	0.01363	0.23284	0.01563	0.01148	0.01594	0.00981	0.01384	0.00794	0.00573	0.00785	0.00186	0.14252	0.00530	0.00259	0.00716
63	0.01419	0.12836	0.10164	0.17171	0.01980	0.20271	0.02348	0.02883	0.01279	0.07594	0.01524	0.09714	0.06162	0.00727	0.00541	0.00165	0.01655	0.00578	0.00334	0.00654
64	0.01464	0.15162	0.25259	0.12545	0.04182	0.03423	0.03849	0.11088	0.02593	0.11074	0.02566	0.02339	0.00951	0.00577	0.00510	0.00163	0.00671	0.00462	0.00346	0.00775
65	0.01282	0.01123	0.01598	0.06611	0.05471	0.01299	0.09769	0.05575	0.20919	0.05644	0.03393	0.06165	0.05652	0.00829	0.00909	0.00198	0.21801	0.00647	0.00403	0.00712
66	0.00805	0.00619	0.00661	0.00659	0.00842	0.00575	0.00509	0.01108	0.08605	0.02636	0.05986	0.05968	0.50116	0.01238	0.00616	0.00185	0.00314	0.08187	0.09855	0.00516
67	0.03192	0.31423	0.29133	0.01187	0.01705	0.01565	0.01296	0.04989	0.01212	0.05827	0.05330	0.02530	0.01041	0.00600	0.00563	0.00157	0.06785	0.00428	0.00299	0.00735
68	0.01172	0.01209	0.02315	0.32847	0.14907	0.01274	0.30683	0.01555	0.01192	0.01595	0.01178	0.01566	0.03349	0.00538	0.00610	0.00181	0.02299	0.00570	0.00269	0.00693
69	0.00674	0.00482	0.00644	0.00767	0.00804	0.00451	0.00521	0.00778	0.01060	0.01414	0.04224	0.76361	0.03613	0.01690	0.00697	0.00222	0.00322	0.04322	0.00507	0.00446
70	0.13614	0.09587	0.04130	0.06649	0.11266	0.16847	0.18572	0.06671	0.04416	0.01834	0.01004	0.01216	0.00790	0.00522	0.00507	0.00162	0.00736	0.00452	0.00307	0.00717
71	0.24937	0.01348	0.08479	0.01187	0.06825	0.06102	0.00952	0.06373	0.17346	0.16222	0.04054	0.01509	0.01173	0.00620	0.00487	0.00170	0.00524	0.00473	0.00449	0.00770
72	0.01087	0.09007	0.65672	0.01423	0.02151	0.01274	0.01798	0.01643	0.01155	0.01670	0.01326	0.01458	0.06850	0.00583	0.00514	0.00169	0.00745	0.00454	0.00253	0.00769
73	0.01220	0.01271	0.00937	0.00882	0.01080	0.28090	0.00665	0.01401	0.01393	0.01646	0.17052	0.03068	0.23673	0.00935	0.00554	0.00159	0.00524	0.02341	0.12570	0.00539
74	0.09157	0.01304	0.01334	0.09807	0.09531	0.15187	0.00984	0.10607	0.07430	0.10643	0.01763	0.03733	0.07047	0.00741	0.00537	0.00172	0.00594	0.05591	0.03132	0.00707
75	0.08281	0.01400	0.01860	0.02020	0.27934	0.08070	0.10072	0.20399	0.02562	0.04267	0.03095	0.03421	0.01053	0.00592	0.00536	0.00165	0.00644	0.00523	0.02311	0.00796
76	0.00696	0.00494	0.00647	0.00758	0.00795	0.00468	0.00515	0.00793	0.01035	0.01375	0.02884	0.64907	0.04343	0.10554	0.00933	0.00258	0.00354	0.07271	0.00486	0.00435
77	0.01368	0.01460	0.01580	0.42972	0.06319	0.23060	0.01282	0.03579	0.01269	0.01491	0.00945	0.01276	0.00741	0.00534	0.00514	0.00157	0.00756	0.00429	0.00271	0.09997
78	0.20232	0.05853	0.38765	0.01378	0.06159	0.05257	0.01430	0.05434	0.07252	0.01980	0.01030	0.01159	0.00769	0.00538	0.00473	0.00167	0.00668	0.00397	0.00301	0.00757
79	0.01746	0.01394	0.01692	0.04114	0.31479	0.14364	0.01216	0.02189	0.12418	0.21661	0.01462	0.01523	0.01077	0.00587	0.00536	0.00164	0.00627	0.00498	0.00419	0.00834
80	0.00680	0.00501	0.00629	0.00720	0.00786	0.00461	0.00497	0.00790	0.01093	0.01423	0.05444	0.56648	0.17698	0.05628	0.00792	0.00230	0.00326	0.04711	0.00500	0.00445
81	0.02996	0.02160	0.07471	0.04599	0.01494	0.07118	0.05138	0.05618	0.01425	0.22352	0.10712	0.08275	0.09627	0.00903	0.00590	0.00181	0.00530	0.07630	0.00492	0.00690
82	0.01220	0.15054	0.58335	0.01505	0.04223	0.06323	0.02706	0.01739	0.01173	0.01634	0.00938	0.01106	0.00699	0.00511	0.00492	0.00162	0.00779	0.00387	0.00236	0.00779
83	0.01654	0.01973	0.06664	0.01791	0.02242	0.30091	0.34171	0.11317	0.01537	0.01808	0.01025	0.01251	0.00786	0.00526	0.00567	0.00165	0.00896	0.00502	0.00309	0.00725
84	0.01328	0.01805	0.31210	0.10073	0.02066	0.01302	0.01394	0.07831	0.29167	0.05946	0.01523	0.01560	0.01107	0.00622	0.00538	0.00177	0.00625	0.00505	0.00399	0.00820
85	0.01475	0.01690	0.01837	0.33646	0.06845	0.31401	0.10897	0.01758	0.01297	0.01436	0.00936	0.01263	0.00738	0.00544	0.00557	0.00166	0.02153	0.00453	0.00263	0.00647
86	0.01145	0.01012	0.01240	0.07492	0.11283	0.09388	0.04457	0.04934	0.01270	0.05006	0.04529	0.19170	0.12428	0.07453	0.00803	0.00215	0.01714	0.05458	0.00412	0.00592
87	0.00750	0.00579	0.00679	0.00732	0.00832	0.00558	0.00509	0.01014	0.09536	0.01506	0.05436	0.44673	0.21670	0.07870	0.00833	0.00231	0.00335	0.01270	0.00500	0.00487
88	0.05488	0.01523	0.16080	0.01223	0.07439	0.16749	0.00979	0.03892	0.02270	0.01509	0.01428	0.10773	0.01450	0.25480	0.01224	0.00280	0.00657	0.00649	0.00326	0.00581
89	0.01426	0.08387	0.24476	0.01534	0.02033	0.14620	0.17219	0.07830	0.03795	0.03522	0.01163	0.05756	0.00956	0.00618	0.00598	0.00170	0.04325	0.00523	0.00312	0.00737
90	0.01281	0.01308	0.10435	0.30420	0.30750	0.01207	0.05193	0.01638	0.01192	0.07732	0.01092	0.01419	0.00834	0.00558	0.00582	0.02147	0.00689	0.00489	0.00288	0.00748
91	0.01514	0.01646	0.01613	0.01427	0.02778	0.25430	0.01130	0.05761	0.05471	0.01499	0.00878	0.01185	0.00780	0.00797	0.01229	0.00200	0.45284	0.00447	0.00287	0.00645
92	0.01845	0.01152	0.01377	0.01246	0.07545	0.01208	0.00922	0.21817	0.22577	0.25497	0.01852	0.03158	0.01330	0.00689	0.00542	0.00170	0.00491	0.00563	0.05146	0.00873
93	0.01408	0.08387	0.43005	0.03415	0.01934	0.01167	0.01468	0.01895	0.04108	0.19098	0.03702	0.05576	0.01168	0.00639	0.00527	0.00170	0.00651	0.00515	0.00370	0.00794
94	0.01119	0.03736	0.70919	0.01690	0.08389	0.01280	0.01972	0.01721	0.01158	0.01725	0.00979	0.01163	0.00705	0.00515	0.00517	0.00171	0.00790	0.00408	0.00233	0.00809
95	0.00692	0.00531	0.00635	0.00664	0.00783	0.00474	0.00480	0.00854	0.01271	0.01663	0.26040	0.28279	0.31694	0.01405	0.00662	0.00193	0.00287	0.02390	0.00534	0.00472
96	0.01360	0.01641	0.10324	0.03822	0.08813	0.18467	0.15342	0.05367	0.06106	0.01685	0.01619	0.07831	0.07248	0.00745	0.00649	0.00178	0.05564	0.02213	0.00340	0.00688
97	0.01225	0.10239	0.04674	0.29575	0.02828	0.01440	0.29296	0.03967	0.01193	0.01583	0.00984	0.01357	0.00766	0.00544	0.00673	0.00180	0.08013	0.00520	0.00263	0.00681
98	0.00730	0.00513	0.00682	0.00773	0.00818	0.00501	0.00542	0.00833	0.01019	0.01363	0.03804	0.49397	0.03072	0.13983	0.07289	0.02486	0.00468	0.10838	0.00456	0.00433
99	0.01241	0.01506	0.09895	0.04243	0.10872	0.03157	0.43187	0.01630	0.01201	0.01656	0.01127	0.05607	0.00947	0.00601	0.00757	0.00188	0.10568	0.00619	0.00278	0.00718
100	0.02578	0.07497	0.31420	0.06068	0.06683	0.01371	0.24435	0.07620	0.01299	0.01825	0.01088	0.03658	0.00851	0.00543	0.00552	0.00173	0.00774	0.00519	0.00283	0.00764
101	0.01542	0.01477	0.07756	0.01823	0.24106	0.09344	0.01212	0.10583	0.21601	0.08204	0.05631	0.01664	0.01329	0.00633	0.00544	0.00168	0.00596	0.00533	0.00426	0.00828
102	0.00728	0.00570	0.00667	0.00710	0.00831	0.00534	0.00510	0.00976	0.07241	0.01583	0.11942	0.37653	0.29854	0.01445	0.00661	0.00200	0.00308	0.02574	0.00520	0.00492
103	0.01427	0.02706	0.05398	0.12460	0.31535	0.01220	0.10953	0.06953	0.02459	0.10562	0.02320	0.01739	0.01094	0.00596	0.00561	0.00173	0.00651	0.04544	0.01861	0.00788
104	0.01440	0.01487	0.02087	0.04948	0.37101	0.13099	0.12004	0.05205	0.03828	0.01739	0.01078	0.01446	0.00904	0.00586	0.00680	0.00173	0.08711	0.02420	0.00297	0.00768
105	0.01059	0.00640	0.00840	0.00817	0.00973	0.00596	0.01695	0.03705	0.02933	0.14611	0.16215	0.40908	0.08994	0.01323	0.00649	0.00198	0.00352	0.02371	0.00550	0.00570
106	0.07001	0.01932	0.01526	0.02730	0.01654	0.47047	0.09261	0.01905	0.01437	0.06110	0.04877	0.01691	0.09195	0.00666	0.00526	0.00156	0.00796	0.00509	0.00346	0.00634
107	0.01135	0.05328	0.66952	0.01733	0.10739	0.01300	0.01939	0.01717	0.01160	0.01717	0.00976	0.01164	0.00710	0.00513	0.00515	0.00170	0.00780	0.00408	0.00235	0.00809
108	0.01484	0.01564	0.12844	0.01681	0.02172	0.03350	0.33684	0.14025	0.05151	0.08164	0.01285	0.01474	0.00940	0.00562	0.00614	0.00175	0.03388	0.00553	0.06113	0.00775
109	0.01197	0.01140	0.01938	0.39619	0.42357	0.01255	0.01597	0.01540	0.01169	0.01596	0.00999	0.01399	0.00798	0.00514	0.00542	0.00171	0.00685	0.00485	0.00257	0.00741
110	0.01511	0.14897	0.12854	0.01335	0.01758	0.11417	0.10588	0.18774	0.01548	0.03108	0.05611	0.01566	0.05239	0.00656	0.00621	0.00164	0.06747	0.00511	0.00360	0.00735
111	0.01413	0.01455	0.06809	0.01146	0.01433	0.20318	0.05004	0.11305	0.05461	0.05235	0.03523	0.12933	0.07280	0.01112	0.06868	0.00228	0.02141	0.00687	0.04996	0.00653
112	0.01162	0.14116	0.61056	0.01523	0.02259	0.01405	0.07767	0.01714	0.01156	0.01663	0.00956	0.01136	0.00703	0.00506	0.00504	0.00165	0.00782	0.00406	0.00234	0.00785
113	0.01149	0.01831	0.33455	0.01229	0.01678	0.09550	0.02621	0.08409	0.02552	0.01746	0.01909	0.22102	0.07648	0.00917	0.00577	0.00182	0.00632	0.00771	0.00365	0.00676
114	0.01228	0.08261	0.34056	0.04316	0.29906	0.01335	0.07657	0.01680	0.01190	0.01712	0.01009	0.01259	0.00785	0.00501	0.00520	0.00164	0.00722	0.00449	0.02450	0.00800
115	0.01053	0.01136	0.07814	0.68980	0.07777	0.01220	0.01563	0.01435	0.01104	0.01442	0.00973	0.01423	0.00732	0.00540	0.00543	0.00180	0.00729	0.00478	0.00243	0.00636
116	0.01283	0.01217	0.01150	0.01093	0.01253	0.18131	0.00843	0.13043	0.01399	0.01726	0.01970	0.30857	0.02132	0.01170	0.00764	0.00200	0.09978	0.10772	0.00430	0.00588
117	0.01210	0.01308	0.08208	0.29464	0.26039	0.01255	0.15489	0.03595	0.01221	0.01691	0.01058	0.01422	0.00821	0.00515	0.00552	0.00172	0.00720	0.00510	0.04018	0.00730
118	0.01537	0.01466	0.10207	0.26688	0.12198	0.09746	0.02689	0.09097	0.05348	0.13849	0.01252	0.01435	0.00907	0.00576	0.00538	0.00170	0.00687	0.00481	0.00364	0.00763
119	0.01380	0.00925	0.01191	0.01011	0.02790	0.00900	0.06707	0.10127	0.12468	0.18608	0.08673	0.03119	0.27908	0.00938	0.00597	0.00177	0.00434	0.00799	0.00538	0.00709
120	0.00846	0.00836	0.00704	0.00692	0.00881	0.11361	0.00519	0.00987	0.01281	0.01464	0.05758	0.08053	0.60513	0.01280	0.00628	0.00181	0.00381	0.02673	0.00476	0.00485
121	0.01814	0.01432	0.01381	0.01159	0.01468	0.16180	0.00918	0.27890	0.07328	0.14874	0.03299	0.10326	0.01396	0.00795	0.00637	0.00173	0.05939	0.00612	0.01606	0.00774
122	0.27490	0.01292	0.01319	0.01151	0.05743	0.05497	0.00881	0.29139	0.01716	0.17308	0.02671	0.01321	0.00968	0.00607	0.00481	0.00165	0.00536	0.00443	0.00477	0.00796
123	0.00920	0.00803	0.00840	0.00899	0.01013	0.09321	0.00683	0.01135	0.04535	0.01473	0.02732	0.32089	0.09065	0.04894	0.07038	0.00281	0.00544	0.20780	0.00458	0.00499
124	0.01222	0.01345	0.02847	0.02210	0.08621	0.01267	0.61124	0.01630	0.01256	0.01709	0.01310	0.10314	0.01141	0.00602	0.00641	0.00186	0.00830	0.00732	0.00301	0.00713
125	0.01559	0.01755	0.31900	0.01362	0.04371	0.01125	0.04667	0.08485	0.07644	0.22935	0.01597	0.07531	0.01210	0.00679	0.00552	0.00176	0.00624	0.00570	0.00432	0.00826
126	0.01309	0.01387	0.02651	0.08908	0.32542	0.03150	0.38431	0.01699	0.01259	0.01722	0.01055	0.01410	0.00831	0.00479	0.00591	0.00174	0.00797	0.00561	0.00271	0.00773
127	0.00669	0.00518	0.00613	0.00680	0.00785	0.00462	0.00486	0.00795	0.01153	0.01458	0.05809	0.42151	0.35572	0.01542	0.00675	0.00206	0.00307	0.05156	0.00508	0.00455
128	0.01349	0.55423	0.23371	0.01177	0.01741	0.01871	0.05325	0.01664	0.01129	0.01429	0.00837	0.00983	0.00704	0.00480	0.00412	0.00136	0.00662	0.00341	0.00235	0.00731
129	0.01322	0.01400	0.02348	0.13454	0.28600	0.07575	0.25642	0.01660	0.01217	0.01630	0.00996	0.01358	0.00804	0.00541	0.00701	0.00178	0.09046	0.00525	0.00265	0.00739
130	0.02469	0.00708	0.01037	0.00968	0.01169	0.00655	0.06475	0.01387	0.01249	0.19710	0.03730	0.32448	0.07232	0.01274	0.00660	0.00209	0.00437	0.17057	0.00526	0.00598
131	0.01461	0.01288	0.01471	0.01489	0.13756	0.08385	0.04002	0.15279	0.26760	0.03587	0.06073	0.02096	0.07117	0.00734	0.00559	0.00172	0.00544	0.01926	0.02516	0.00785
132	0.01312	0.01029	0.01650	0.03957	0.30003	0.01015	0.08161	0.04678	0.04673	0.11511	0.03053	0.20079	0.03779	0.00860	0.00595	0.00182	0.00545	0.01767	0.00416	0.00736
