[name]
unknown

[dist]
# distance from previous block
# <min> <max>
3	74

[block]
# block no. 0 follows, 46 sequences, length 100
# corresponding to MSA columns:
# 79-178
name=unknown_A
#
# <colnr> <probs for GDERKNQSTAVLIFYWHMCP>
#	G	D	E	R	K	N	Q	S	T	A	V	L	I	F	Y	W	H	M	C	P
0	0.01022	0.00722	0.00825	0.00780	0.00940	0.00755	0.00583	0.13608	0.08290	0.01922	0.08891	0.22259	0.07646	0.05817	0.07197	0.00247	0.00447	0.00861	0.16626	0.00562
1	0.02583	0.00790	0.00971	0.00857	0.01065	0.00791	0.02366	0.14762	0.03919	0.14982	0.08276	0.21763	0.05080	0.08027	0.02158	0.02879	0.00430	0.00836	0.06855	0.00612
2	0.04322	0.01010	0.01194	0.01073	0.05250	0.01059	0.00799	0.28938	0.05006	0.15529	0.01734	0.11244	0.03153	0.03545	0.04564	0.04926	0.00523	0.00637	0.04776	0.00718
3	0.01038	0.00711	0.00858	0.00802	0.00935	0.00729	0.00582	0.08253	0.05020	0.07940	0.07944	0.24048	0.06606	0.22120	0.01218	0.00273	0.05240	0.02055	0.00451	0.03176
4	0.03606	0.00735	0.02997	0.00816	0.01017	0.00656	0.02580	0.04121	0.02367	0.05003	0.04867	0.30371	0.03327	0.04697	0.06573	0.00234	0.00460	0.03036	0.08583	0.13953
5	0.07802	0.01019	0.04319	0.06102	0.03035	0.00964	0.00830	0.11391	0.08672	0.28459	0.04588	0.03314	0.04285	0.04891	0.00624	0.00180	0.00469	0.00558	0.04076	0.04421
6	0.05384	0.02791	0.03665	0.01018	0.01314	0.09414	0.06754	0.05979	0.09637	0.15707	0.17326	0.08340	0.08764	0.00837	0.00556	0.00168	0.00488	0.00712	0.00483	0.00666
7	0.06061	0.00754	0.00930	0.00785	0.01052	0.00699	0.00623	0.04535	0.03335	0.31129	0.29718	0.02971	0.13422	0.00896	0.00567	0.00167	0.00354	0.00753	0.00579	0.00672
8	0.01474	0.09371	0.17028	0.01338	0.01746	0.17106	0.08622	0.18218	0.01481	0.01869	0.01218	0.06662	0.02249	0.00677	0.00611	0.00165	0.06678	0.02447	0.00335	0.00705
9	0.37722	0.00978	0.01030	0.00837	0.01200	0.01004	0.00689	0.07547	0.01305	0.37076	0.01432	0.01365	0.00965	0.00581	0.00437	0.00161	0.00433	0.00421	0.04075	0.00742
10	0.01348	0.00752	0.04931	0.00857	0.01076	0.00608	0.00680	0.01511	0.01215	0.31811	0.02484	0.45614	0.02485	0.01201	0.00609	0.00192	0.00388	0.01062	0.00541	0.00633
11	0.01695	0.04868	0.01579	0.01207	0.01580	0.01541	0.04160	0.43332	0.26356	0.02731	0.01499	0.01480	0.01108	0.00656	0.00574	0.00167	0.03610	0.00513	0.00496	0.00849
12	0.00768	0.00515	0.00591	0.00591	0.00596	0.00520	0.00338	0.00778	0.00773	0.01036	0.01653	0.03387	0.01891	0.77377	0.06691	0.00530	0.00560	0.00758	0.00318	0.00328
13	0.01273	0.01123	0.01378	0.01547	0.18943	0.01246	0.00998	0.02408	0.54521	0.02067	0.03959	0.02021	0.03433	0.00699	0.00542	0.00175	0.00460	0.01921	0.00474	0.00812
14	0.00742	0.00540	0.00698	0.00659	0.00786	0.00496	0.00494	0.00986	0.01482	0.02086	0.74250	0.04005	0.08604	0.01094	0.00624	0.00167	0.00250	0.00964	0.00577	0.00496
15	0.01315	0.01136	0.01195	0.01076	0.01375	0.01315	0.00837	0.02809	0.77168	0.02211	0.02152	0.01972	0.01614	0.00717	0.00538	0.00179	0.00418	0.00598	0.00538	0.00837
16	0.01988	0.01453	0.01562	0.01204	0.01621	0.01606	0.00992	0.71522	0.05649	0.05017	0.01326	0.01311	0.00939	0.00639	0.00529	0.00160	0.00572	0.00482	0.00532	0.00896
17	0.01159	0.01366	0.10422	0.28159	0.19753	0.01254	0.27012	0.01562	0.01161	0.01585	0.00997	0.01361	0.00764	0.00485	0.00557	0.00172	0.00759	0.00514	0.00251	0.00706
18	0.00680	0.00538	0.00613	0.00594	0.00748	0.00470	0.00445	0.00866	0.01336	0.01740	0.38010	0.04575	0.45060	0.01223	0.00624	0.00173	0.00260	0.01044	0.00532	0.00470
19	0.00804	0.00635	0.00839	0.00834	0.00923	0.03663	0.00631	0.00966	0.00864	0.01204	0.01425	0.02212	0.01374	0.13808	0.66428	0.00779	0.01282	0.00584	0.00288	0.00458
20	0.00782	0.00558	0.00762	0.00877	0.00967	0.00547	0.00712	0.00967	0.01136	0.01485	0.02833	0.28453	0.04542	0.04928	0.00795	0.00245	0.00430	0.48038	0.00481	0.00462
21	0.01399	0.78569	0.05816	0.00929	0.01394	0.02057	0.00947	0.01587	0.01076	0.01261	0.00744	0.00859	0.00678	0.00454	0.00346	0.00115	0.00574	0.00287	0.00226	0.00683
22	0.00736	0.00540	0.00690	0.00653	0.00783	0.00494	0.00489	0.00975	0.01468	0.02054	0.70887	0.04058	0.11987	0.01106	0.00624	0.00167	0.00251	0.00971	0.00573	0.00494
23	0.01562	0.01323	0.01821	0.03869	0.42374	0.04646	0.01309	0.25079	0.01642	0.05173	0.05126	0.01440	0.01082	0.00566	0.00529	0.00158	0.00602	0.00495	0.00377	0.00827
24	0.01000	0.00986	0.01404	0.01192	0.01289	0.01235	0.06852	0.01147	0.00966	0.01354	0.02160	0.02390	0.24503	0.01015	0.01305	0.00211	0.49453	0.00677	0.00314	0.00548
25	0.05215	0.28678	0.02283	0.01542	0.09420	0.26517	0.16097	0.01777	0.01250	0.01448	0.00854	0.01044	0.00715	0.00484	0.00458	0.00140	0.00754	0.00389	0.00257	0.00676
26	0.27500	0.04352	0.05738	0.02268	0.47123	0.01265	0.01284	0.01602	0.01099	0.01907	0.00901	0.01140	0.00740	0.00478	0.00454	0.00158	0.00565	0.00402	0.00279	0.00746
27	0.01244	0.01623	0.20652	0.02437	0.39107	0.01249	0.15609	0.04893	0.01260	0.01795	0.04288	0.01395	0.00970	0.00507	0.00542	0.00164	0.00696	0.00501	0.00279	0.00789
28	0.01378	0.05403	0.03895	0.01438	0.14326	0.01140	0.06490	0.14809	0.01377	0.05236	0.01045	0.01207	0.00824	0.00493	0.00520	0.00128	0.04029	0.00408	0.00343	0.35511
29	0.00682	0.00572	0.02909	0.00705	0.00823	0.00482	0.00534	0.00838	0.01166	0.01525	0.15934	0.38625	0.25281	0.01421	0.00651	0.00197	0.00312	0.06384	0.00498	0.00460
30	0.85155	0.01022	0.00777	0.00695	0.01022	0.01186	0.00573	0.01554	0.00900	0.02372	0.00736	0.00859	0.00573	0.00491	0.00327	0.00164	0.00409	0.00286	0.00327	0.00573
31	0.01018	0.00952	0.01561	0.75212	0.03500	0.01183	0.01429	0.01442	0.05811	0.01404	0.01015	0.01445	0.00761	0.00540	0.00529	0.00176	0.00687	0.00478	0.00254	0.00603
32	0.00628	0.00536	0.00541	0.00539	0.00716	0.00448	0.00405	0.00766	0.01214	0.01448	0.07478	0.05054	0.75773	0.01331	0.00625	0.00178	0.00267	0.01111	0.00494	0.00448
33	0.01023	0.00924	0.03733	0.00878	0.01127	0.00932	0.00703	0.01899	0.40198	0.02001	0.20561	0.03081	0.18916	0.00930	0.00576	0.00176	0.00359	0.00787	0.00527	0.00671
34	0.00694	0.00513	0.00567	0.00587	0.00659	0.00474	0.00378	0.00760	0.00973	0.01230	0.03265	0.16482	0.31007	0.38285	0.01585	0.00338	0.00387	0.01018	0.00412	0.00386
35	0.85155	0.01022	0.00777	0.00695	0.01022	0.01186	0.00573	0.01554	0.00900	0.02372	0.00736	0.00859	0.00573	0.00491	0.00327	0.00164	0.00409	0.00286	0.00327	0.00573
36	0.00677	0.00484	0.00651	0.00774	0.00819	0.00458	0.00548	0.00793	0.01045	0.01386	0.02896	0.69144	0.03424	0.01625	0.00684	0.00219	0.00335	0.13110	0.00490	0.00439
37	0.00769	0.00513	0.00577	0.00577	0.00577	0.00513	0.00320	0.00769	0.00769	0.01025	0.01666	0.03460	0.01922	0.81421	0.02691	0.00513	0.00513	0.00769	0.00320	0.00320
38	0.85155	0.01022	0.00777	0.00695	0.01022	0.01186	0.00573	0.01554	0.00900	0.02372	0.00736	0.00859	0.00573	0.00491	0.00327	0.00164	0.00409	0.00286	0.00327	0.00573
39	0.01233	0.11818	0.28562	0.02240	0.36208	0.01357	0.05734	0.01672	0.03248	0.01660	0.00982	0.01210	0.00779	0.00485	0.00499	0.00157	0.00682	0.00432	0.00252	0.00791
40	0.01026	0.08053	0.25446	0.06916	0.01608	0.09768	0.01112	0.01348	0.02646	0.01477	0.03408	0.22855	0.10391	0.00922	0.00551	0.00174	0.00575	0.00775	0.00345	0.00604
41	0.02331	0.00965	0.01267	0.00972	0.01382	0.00874	0.00803	0.10881	0.01623	0.70030	0.01994	0.01740	0.01263	0.00652	0.00531	0.00163	0.00465	0.00525	0.00640	0.00900
42	0.01096	0.00940	0.01096	0.00783	0.01253	0.00705	0.00626	0.01331	0.01096	0.01723	0.00940	0.01096	0.00783	0.00392	0.00392	0.00078	0.00392	0.00313	0.00313	0.84653
43	0.01290	0.01245	0.02068	0.05509	0.71939	0.02698	0.01571	0.01595	0.01199	0.01695	0.01050	0.03820	0.00914	0.00512	0.00527	0.00159	0.00626	0.00501	0.00268	0.00813
44	0.01579	0.01077	0.01203	0.01042	0.01368	0.01180	0.00822	0.02751	0.58252	0.21283	0.02135	0.01929	0.01537	0.00702	0.00536	0.00175	0.00426	0.00581	0.00567	0.00853
45	0.00777	0.00571	0.00732	0.00686	0.00820	0.00540	0.00516	0.01090	0.05346	0.02125	0.73994	0.03848	0.04816	0.01062	0.00619	0.00167	0.00258	0.00938	0.00580	0.00516
46	0.02048	0.01076	0.06940	0.05230	0.04815	0.00908	0.00941	0.02430	0.09419	0.57539	0.01903	0.01726	0.01242	0.00635	0.00530	0.00166	0.00492	0.00522	0.00572	0.00865
47	0.01975	0.02520	0.01498	0.01362	0.01634	0.79299	0.01021	0.02111	0.01498	0.01294	0.00817	0.00953	0.00681	0.00545	0.00477	0.00136	0.00953	0.00340	0.00272	0.00613
48	0.00769	0.00513	0.00577	0.00577	0.00577	0.00513	0.00320	0.00769	0.00769	0.01025	0.01666	0.03460	0.01922	0.81421	0.02691	0.00513	0.00513	0.00769	0.00320	0.00320
49	0.00998	0.00940	0.01586	0.80150	0.03641	0.01175	0.01468	0.01351	0.01057	0.01351	0.00940	0.01409	0.00705	0.00529	0.00529	0.00176	0.00705	0.00470	0.00235	0.00587
50	0.01176	0.01282	0.05257	0.03632	0.05785	0.01512	0.17406	0.01400	0.00944	0.01406	0.00808	0.01227	0.00724	0.00770	0.01349	0.00212	0.53745	0.00495	0.00240	0.00630
51	0.00630	0.00516	0.00555	0.00587	0.00728	0.00442	0.00424	0.00753	0.01156	0.01408	0.04733	0.24459	0.58940	0.01420	0.00638	0.00188	0.00278	0.01214	0.00491	0.00442
52	0.00985	0.00493	0.00493	0.00493	0.00616	0.00493	0.00370	0.01232	0.01109	0.01971	0.01725	0.01971	0.01355	0.00616	0.00370	0.00123	0.00246	0.00493	0.84356	0.00493
53	0.00839	0.00655	0.00772	0.00813	0.00933	0.00673	0.00583	0.03210	0.18871	0.01615	0.02933	0.51532	0.10363	0.01375	0.00635	0.00202	0.00340	0.02615	0.00503	0.00540
54	0.01239	0.07227	0.06737	0.47431	0.11550	0.07568	0.02966	0.01565	0.01147	0.06227	0.00996	0.01325	0.00753	0.00522	0.00510	0.00165	0.00699	0.00448	0.00266	0.00659
55	0.71267	0.09432	0.01035	0.00749	0.01096	0.01308	0.00634	0.06229	0.01017	0.02315	0.00769	0.00883	0.00604	0.00496	0.00341	0.00158	0.00436	0.00298	0.00329	0.00604
56	0.00656	0.00537	0.00579	0.00569	0.00733	0.00460	0.00426	0.00820	0.01279	0.01604	0.23834	0.04797	0.59320	0.01273	0.00624	0.00175	0.00263	0.01075	0.00514	0.00460
57	0.01790	0.25102	0.03983	0.01236	0.01573	0.55149	0.01014	0.01949	0.01367	0.01290	0.00797	0.00928	0.00680	0.00517	0.00438	0.00130	0.00838	0.00325	0.00258	0.00636
58	0.85155	0.01022	0.00777	0.00695	0.01022	0.01186	0.00573	0.01554	0.00900	0.02372	0.00736	0.00859	0.00573	0.00491	0.00327	0.00164	0.00409	0.00286	0.00327	0.00573
59	0.01205	0.00964	0.01105	0.04084	0.05247	0.01064	0.00762	0.13844	0.31029	0.01951	0.01945	0.09088	0.03894	0.20196	0.01068	0.00258	0.00475	0.00701	0.00453	0.00666
60	0.01774	0.01364	0.01454	0.01169	0.01550	0.01529	0.00948	0.51440	0.27789	0.02952	0.01568	0.01507	0.01141	0.00663	0.00532	0.00166	0.00526	0.00517	0.00532	0.00878
61	0.00755	0.00566	0.00850	0.00850	0.00944	0.00661	0.00661	0.00944	0.00850	0.01227	0.01416	0.02077	0.01322	0.03965	0.79326	0.00850	0.01416	0.00566	0.00283	0.00472
62	0.01255	0.01027	0.01224	0.08211	0.15340	0.11657	0.00897	0.01503	0.01407	0.11857	0.36514	0.02549	0.02778	0.00791	0.00565	0.00161	0.00482	0.00684	0.00460	0.00637
63	0.85155	0.01022	0.00777	0.00695	0.01022	0.01186	0.00573	0.01554	0.00900	0.02372	0.00736	0.00859	0.00573	0.00491	0.00327	0.00164	0.00409	0.00286	0.00327	0.00573
64	0.01956	0.01309	0.01449	0.01139	0.01537	0.01418	0.00932	0.49279	0.15523	0.17455	0.01581	0.01495	0.01104	0.00653	0.00531	0.00163	0.00528	0.00508	0.00554	0.00888
65	0.01124	0.01219	0.07302	0.50849	0.12658	0.05885	0.01414	0.01534	0.05302	0.01488	0.01007	0.01360	0.00772	0.00523	0.00515	0.00165	0.00682	0.00454	0.00261	0.05485
66	0.00769	0.00513	0.00577	0.00577	0.00577	0.00513	0.00320	0.00769	0.00769	0.01025	0.01666	0.03460	0.01922	0.81421	0.02691	0.00513	0.00513	0.00769	0.00320	0.00320
67	0.01157	0.01157	0.01619	0.01388	0.01388	0.01619	0.01157	0.01272	0.00810	0.01272	0.00694	0.01157	0.00694	0.00925	0.01735	0.00231	0.80453	0.00463	0.00231	0.00578
68	0.00998	0.00940	0.01586	0.80150	0.03641	0.01175	0.01468	0.01351	0.01057	0.01351	0.00940	0.01409	0.00705	0.00529	0.00529	0.00176	0.00705	0.00470	0.00235	0.00587
69	0.00730	0.00540	0.00682	0.00646	0.00779	0.00491	0.00485	0.00963	0.01455	0.02021	0.67427	0.04113	0.15467	0.01118	0.00624	0.00168	0.00252	0.00979	0.00569	0.00491
70	0.00668	0.00537	0.00596	0.00581	0.00741	0.00465	0.00436	0.00843	0.01308	0.01672	0.30917	0.04686	0.52195	0.01248	0.00624	0.00174	0.00261	0.01059	0.00523	0.00465
71	0.01445	0.29682	0.03584	0.06378	0.05799	0.17648	0.13147	0.05105	0.01253	0.01490	0.00903	0.01115	0.00753	0.00636	0.03907	0.00168	0.00742	0.00396	0.00266	0.05582
72	0.01112	0.01055	0.01791	0.52018	0.30887	0.01204	0.01525	0.01450	0.01111	0.01488	0.00960	0.01372	0.00753	0.00508	0.00527	0.00169	0.00677	0.00470	0.00245	0.00679
73	0.00769	0.00513	0.00577	0.00577	0.00577	0.00513	0.00320	0.00769	0.00769	0.01025	0.01666	0.03460	0.01922	0.81421	0.02691	0.00513	0.00513	0.00769	0.00320	0.00320
74	0.00727	0.00527	0.00704	0.00815	0.00896	0.00504	0.00630	0.00885	0.01113	0.01452	0.03085	0.43611	0.09955	0.01548	0.00693	0.00223	0.00377	0.31311	0.00489	0.00454
75	0.00670	0.00537	0.00599	0.00583	0.00742	0.00466	0.00437	0.00847	0.01312	0.01683	0.32060	0.04668	0.51045	0.01244	0.00624	0.00174	0.00261	0.01057	0.00524	0.00466
76	0.01248	0.01426	0.03119	0.02228	0.02763	0.01337	0.76203	0.01693	0.01248	0.01693	0.01070	0.01426	0.00802	0.00446	0.00624	0.00178	0.00891	0.00624	0.00267	0.00713
77	0.85155	0.01022	0.00777	0.00695	0.01022	0.01186	0.00573	0.01554	0.00900	0.02372	0.00736	0.00859	0.00573	0.00491	0.00327	0.00164	0.00409	0.00286	0.00327	0.00573
78	0.85155	0.01022	0.00777	0.00695	0.01022	0.01186	0.00573	0.01554	0.00900	0.02372	0.00736	0.00859	0.00573	0.00491	0.00327	0.00164	0.00409	0.00286	0.00327	0.00573
79	0.01413	0.81739	0.02770	0.00905	0.01357	0.02092	0.00905	0.01583	0.01074	0.01244	0.00735	0.00848	0.00678	0.00452	0.00339	0.00113	0.00565	0.00283	0.00226	0.00678
80	0.00654	0.00537	0.00577	0.00567	0.00732	0.00459	0.00425	0.00816	0.01275	0.01595	0.22792	0.04814	0.60368	0.01277	0.00624	0.00176	0.00263	0.01077	0.00513	0.00459
81	0.00699	0.00512	0.00656	0.00676	0.00774	0.00469	0.00486	0.00882	0.01299	0.01782	0.44422	0.30477	0.12292	0.01305	0.00641	0.00184	0.00271	0.01160	0.00541	0.00469
82	0.03492	0.01993	0.01525	0.01368	0.04952	0.43271	0.01025	0.25996	0.06431	0.02045	0.01049	0.01135	0.00813	0.00587	0.00518	0.00149	0.02147	0.00407	0.00371	0.00727
83	0.77927	0.01040	0.00882	0.00869	0.05772	0.01201	0.00651	0.01551	0.00916	0.02305	0.00751	0.00894	0.00592	0.00500	0.00374	0.00165	0.02398	0.00302	0.00321	0.00589
84	0.01484	0.71774	0.02610	0.00962	0.01392	0.11804	0.00919	0.01649	0.01128	0.01250	0.00745	0.00861	0.00679	0.00464	0.00357	0.00116	0.00614	0.00290	0.00232	0.00670
85	0.85155	0.01022	0.00777	0.00695	0.01022	0.01186	0.00573	0.01554	0.00900	0.02372	0.00736	0.00859	0.00573	0.00491	0.00327	0.00164	0.00409	0.00286	0.00327	0.00573
86	0.01327	0.01133	0.01427	0.04249	0.01536	0.01357	0.04878	0.02265	0.44622	0.06995	0.01651	0.01691	0.01268	0.00748	0.00865	0.00192	0.22051	0.00553	0.00437	0.00755
87	0.85155	0.01022	0.00777	0.00695	0.01022	0.01186	0.00573	0.01554	0.00900	0.02372	0.00736	0.00859	0.00573	0.00491	0.00327	0.00164	0.00409	0.00286	0.00327	0.00573
88	0.02080	0.01332	0.01490	0.01147	0.01563	0.01424	0.00946	0.56796	0.04096	0.21382	0.01487	0.01414	0.01015	0.00641	0.00530	0.00160	0.00546	0.00492	0.00559	0.00898
89	0.00822	0.00691	0.00732	0.00702	0.00899	0.00681	0.00531	0.01326	0.21304	0.01709	0.12491	0.07464	0.46352	0.01160	0.00604	0.00179	0.00307	0.00978	0.00513	0.00555
90	0.02010	0.01481	0.01587	0.01216	0.01639	0.01639	0.01005	0.76360	0.02486	0.03332	0.01269	0.01269	0.00899	0.00635	0.00529	0.00159	0.00582	0.00476	0.00529	0.00899
91	0.00673	0.00551	0.00603	0.00629	0.00795	0.00481	0.00498	0.00830	0.01208	0.01461	0.04811	0.05274	0.61959	0.01365	0.00647	0.00192	0.00314	0.16764	0.00490	0.00455
92	0.00756	0.00564	0.00838	0.00838	0.00928	0.00654	0.00646	0.00936	0.00846	0.01218	0.01427	0.02137	0.01348	0.07355	0.75971	0.00835	0.01376	0.00575	0.00285	0.00465
93	0.85155	0.01022	0.00777	0.00695	0.01022	0.01186	0.00573	0.01554	0.00900	0.02372	0.00736	0.00859	0.00573	0.00491	0.00327	0.00164	0.00409	0.00286	0.00327	0.00573
94	0.01311	0.39578	0.15906	0.01774	0.24140	0.01651	0.05698	0.01617	0.01130	0.01487	0.00868	0.01064	0.00731	0.00466	0.00438	0.00139	0.00641	0.00377	0.00238	0.00745
95	0.00785	0.00593	0.00850	0.00844	0.00943	0.00685	0.00648	0.01030	0.04829	0.01266	0.01471	0.02160	0.01376	0.08783	0.70279	0.00793	0.01306	0.00581	0.00299	0.00481
96	0.00769	0.00513	0.00577	0.00577	0.00577	0.00513	0.00320	0.00769	0.00769	0.01025	0.01666	0.03460	0.01922	0.81421	0.02691	0.00513	0.00513	0.00769	0.00320	0.00320
97	0.01165	0.23337	0.42833	0.01233	0.01866	0.01365	0.03149	0.01589	0.01104	0.01569	0.00893	0.01049	0.00695	0.00468	0.00442	0.00137	0.00656	0.00353	0.00241	0.15854
98	0.01413	0.81739	0.02770	0.00905	0.01357	0.02092	0.00905	0.01583	0.01074	0.01244	0.00735	0.00848	0.00678	0.00452	0.00339	0.00113	0.00565	0.00283	0.00226	0.00678
99	0.01060	0.02735	0.78682	0.01507	0.02288	0.01228	0.01953	0.01674	0.01116	0.01674	0.00949	0.01116	0.00670	0.00502	0.00502	0.00167	0.00781	0.00391	0.00223	0.00781

[dist]
# distance from previous block
# <min> <max>
0	2

[block]
# block no. 1 follows, 46 sequences, length 18
# corresponding to MSA columns:
# 181-198
name=unknown_B
#
# <colnr> <probs for GDERKNQSTAVLIFYWHMCP>
#	G	D	E	R	K	N	Q	S	T	A	V	L	I	F	Y	W	H	M	C	P
0	0.10947	0.09262	0.01454	0.01091	0.01444	0.30911	0.00876	0.07380	0.01468	0.28328	0.01273	0.01249	0.00902	0.00575	0.00470	0.00148	0.00657	0.00405	0.00424	0.00734
1	0.00672	0.00488	0.00638	0.00744	0.00793	0.00462	0.00509	0.00814	0.03117	0.01413	0.06004	0.71500	0.05519	0.01593	0.00669	0.00212	0.00312	0.03600	0.00496	0.00445
2	0.03133	0.07591	0.12044	0.01566	0.16812	0.06454	0.01169	0.06537	0.22525	0.12013	0.01425	0.01458	0.01065	0.00597	0.00545	0.00163	0.03223	0.00477	0.00400	0.00801
3	0.00663	0.00533	0.00591	0.00585	0.00740	0.00461	0.00436	0.00830	0.01283	0.01633	0.27085	0.08778	0.51969	0.01278	0.00627	0.00177	0.00264	0.01088	0.00518	0.00461
4	0.01469	0.02459	0.40558	0.01397	0.01925	0.32250	0.01474	0.01855	0.01290	0.04762	0.01043	0.01337	0.00827	0.00576	0.00505	0.00159	0.00820	0.04314	0.00275	0.00704
5	0.01157	0.01157	0.01619	0.01388	0.01388	0.01619	0.01157	0.01272	0.00810	0.01272	0.00694	0.01157	0.00694	0.00925	0.01735	0.00231	0.80453	0.00463	0.00231	0.00578
6	0.01654	0.01800	0.01337	0.01198	0.01484	0.39242	0.00916	0.08684	0.29170	0.01811	0.01566	0.03467	0.04026	0.00673	0.00514	0.00157	0.00684	0.00504	0.00405	0.00708
7	0.09761	0.00869	0.01219	0.44301	0.02416	0.01012	0.01050	0.05575	0.01161	0.05153	0.01438	0.01720	0.06269	0.00609	0.00487	0.00164	0.00544	0.00503	0.15158	0.00591
8	0.07234	0.01083	0.01198	0.00887	0.01335	0.00975	0.00718	0.20350	0.01434	0.02176	0.01009	0.01123	0.00798	0.00460	0.00422	0.00105	0.00441	0.00353	0.00369	0.57532
9	0.85155	0.01022	0.00777	0.00695	0.01022	0.01186	0.00573	0.01554	0.00900	0.02372	0.00736	0.00859	0.00573	0.00491	0.00327	0.00164	0.00409	0.00286	0.00327	0.00573
10	0.00757	0.00540	0.00728	0.00732	0.00785	0.00591	0.00513	0.00864	0.00822	0.01148	0.01574	0.05549	0.01650	0.35979	0.44681	0.00687	0.01001	0.00685	0.00306	0.00408
11	0.00660	0.00494	0.00616	0.00689	0.00770	0.00449	0.00485	0.00788	0.01125	0.01470	0.12482	0.50482	0.21567	0.01503	0.00659	0.00201	0.00298	0.04316	0.00502	0.00444
12	0.64188	0.00991	0.00891	0.00757	0.01105	0.01082	0.00624	0.01813	0.01055	0.21650	0.01078	0.01097	0.00759	0.00532	0.00379	0.00164	0.00419	0.00348	0.00410	0.00655
13	0.00840	0.00600	0.00838	0.00960	0.01077	0.00598	0.00831	0.01075	0.01205	0.01569	0.02806	0.10239	0.03068	0.01472	0.00727	0.00242	0.00477	0.70406	0.00487	0.00484
14	0.02372	0.00900	0.01227	0.00941	0.01350	0.00777	0.00777	0.02576	0.01513	0.78489	0.02086	0.01799	0.01309	0.00654	0.00532	0.00164	0.00450	0.00532	0.00654	0.00900
15	0.01975	0.02520	0.01498	0.01362	0.01634	0.79299	0.01021	0.02111	0.01498	0.01294	0.00817	0.00953	0.00681	0.00545	0.00477	0.00136	0.00953	0.00340	0.00272	0.00613
16	0.01000	0.00952	0.01650	0.71102	0.03450	0.01152	0.06675	0.01347	0.01068	0.01375	0.01038	0.04995	0.00837	0.00573	0.00542	0.00178	0.00700	0.00527	0.00249	0.00589
17	0.85155	0.01022	0.00777	0.00695	0.01022	0.01186	0.00573	0.01554	0.00900	0.02372	0.00736	0.00859	0.00573	0.00491	0.00327	0.00164	0.00409	0.00286	0.00327	0.00573

[dist]
# distance from previous block
# <min> <max>
0	1

[block]
# block no. 2 follows, 46 sequences, length 64
# corresponding to MSA columns:
# 200-263
name=unknown_C
#
# <colnr> <probs for GDERKNQSTAVLIFYWHMCP>
#	G	D	E	R	K	N	Q	S	T	A	V	L	I	F	Y	W	H	M	C	P
0	0.01054	0.00903	0.01046	0.00761	0.01205	0.00682	0.00606	0.01280	0.01106	0.01696	0.01335	0.01453	0.07685	0.00476	0.00412	0.00087	0.00380	0.00385	0.00329	0.77117
1	0.01642	0.45805	0.02198	0.01113	0.01475	0.34663	0.00962	0.01796	0.01245	0.01266	0.00768	0.00902	0.00680	0.00506	0.00440	0.00126	0.03206	0.00313	0.00246	0.00648
2	0.01379	0.01179	0.01317	0.01283	0.08268	0.01340	0.00923	0.09581	0.63386	0.02273	0.01966	0.01847	0.01477	0.00687	0.00536	0.00175	0.00452	0.00575	0.00512	0.00843
3	0.01975	0.02520	0.01498	0.01362	0.01634	0.79299	0.01021	0.02111	0.01498	0.01294	0.00817	0.00953	0.00681	0.00545	0.00477	0.00136	0.00953	0.00340	0.00272	0.00613
4	0.85155	0.01022	0.00777	0.00695	0.01022	0.01186	0.00573	0.01554	0.00900	0.02372	0.00736	0.00859	0.00573	0.00491	0.00327	0.00164	0.00409	0.00286	0.00327	0.00573
5	0.00985	0.00493	0.00493	0.00493	0.00616	0.00493	0.00370	0.01232	0.01109	0.01971	0.01725	0.01971	0.01355	0.00616	0.00370	0.00123	0.00246	0.00493	0.84356	0.00493
6	0.01248	0.01426	0.03119	0.02228	0.02763	0.01337	0.76203	0.01693	0.01248	0.01693	0.01070	0.01426	0.00802	0.00446	0.00624	0.00178	0.00891	0.00624	0.00267	0.00713
7	0.00769	0.00513	0.00577	0.00577	0.00577	0.00513	0.00320	0.00769	0.00769	0.01025	0.01666	0.03460	0.01922	0.81421	0.02691	0.00513	0.00513	0.00769	0.00320	0.00320
8	0.00755	0.00566	0.00850	0.00850	0.00944	0.00661	0.00661	0.00944	0.00850	0.01227	0.01416	0.02077	0.01322	0.03965	0.79326	0.00850	0.01416	0.00566	0.00283	0.00472
9	0.00670	0.00537	0.00598	0.00583	0.00742	0.00465	0.00437	0.00846	0.01311	0.01680	0.31788	0.04672	0.51319	0.01245	0.00624	0.00174	0.00261	0.01058	0.00524	0.00465
10	0.01315	0.01136	0.01195	0.01076	0.01375	0.01315	0.00837	0.02809	0.77168	0.02211	0.02152	0.01972	0.01614	0.00717	0.00538	0.00179	0.00418	0.00598	0.00538	0.00837
11	0.01315	0.01136	0.01195	0.01076	0.01375	0.01315	0.00837	0.02809	0.77168	0.02211	0.02152	0.01972	0.01614	0.00717	0.00538	0.00179	0.00418	0.00598	0.00538	0.00837
12	0.00747	0.00555	0.00708	0.00727	0.00858	0.00515	0.00576	0.00965	0.01339	0.01798	0.39209	0.08158	0.19128	0.01263	0.00655	0.00192	0.00321	0.21271	0.00533	0.00482
13	0.25600	0.01003	0.01101	0.00857	0.01260	0.00961	0.00702	0.09365	0.01327	0.29199	0.01320	0.01294	0.00920	0.00537	0.00436	0.00141	0.00436	0.00399	0.00459	0.22681
14	0.02158	0.00992	0.01254	0.00988	0.01380	0.00946	0.00808	0.09219	0.14558	0.58699	0.02024	0.01782	0.01324	0.00663	0.00532	0.00166	0.00456	0.00538	0.00623	0.00889
15	0.01260	0.01180	0.03712	0.06385	0.25094	0.01064	0.07625	0.09028	0.01281	0.01861	0.01001	0.01226	0.00805	0.00456	0.00477	0.00127	0.00555	0.00416	0.00308	0.36137
16	0.00918	0.00459	0.00689	0.00689	0.00689	0.00459	0.00459	0.00689	0.00689	0.00918	0.00918	0.01607	0.00918	0.01837	0.02066	0.84619	0.00459	0.00459	0.00230	0.00230
17	0.00644	0.00460	0.00613	0.00736	0.00767	0.00429	0.00491	0.00736	0.01012	0.01350	0.02914	0.81076	0.03497	0.01656	0.00675	0.00215	0.00307	0.01503	0.00491	0.00429
18	0.01567	0.60016	0.02421	0.01030	0.01433	0.23263	0.00937	0.01728	0.01190	0.01258	0.00758	0.00877	0.00679	0.00478	0.00377	0.00119	0.00672	0.00299	0.00239	0.00660
19	0.85155	0.01022	0.00777	0.00695	0.01022	0.01186	0.00573	0.01554	0.00900	0.02372	0.00736	0.00859	0.00573	0.00491	0.00327	0.00164	0.00409	0.00286	0.00327	0.00573
20	0.01306	0.01262	0.02181	0.03209	0.75436	0.01259	0.04282	0.01625	0.01205	0.01726	0.00997	0.01313	0.00836	0.00470	0.00527	0.00158	0.00637	0.00476	0.00262	0.00833
21	0.01157	0.01157	0.01619	0.01388	0.01388	0.01619	0.01157	0.01272	0.00810	0.01272	0.00694	0.01157	0.00694	0.00925	0.01735	0.00231	0.80453	0.00463	0.00231	0.00578
22	0.01297	0.01117	0.01180	0.01063	0.01357	0.01290	0.00826	0.02753	0.74822	0.02209	0.04498	0.02034	0.01718	0.00729	0.00541	0.00179	0.00413	0.00609	0.00539	0.00826
23	0.00696	0.00538	0.00635	0.00610	0.00758	0.00477	0.00458	0.00897	0.01374	0.01828	0.47297	0.04429	0.35718	0.01190	0.00624	0.00171	0.00257	0.01023	0.00544	0.00477
24	0.00769	0.00513	0.00577	0.00577	0.00577	0.00513	0.00320	0.00769	0.00769	0.01025	0.01666	0.03460	0.01922	0.81421	0.02691	0.00513	0.00513	0.00769	0.00320	0.00320
25	0.85155	0.01022	0.00777	0.00695	0.01022	0.01186	0.00573	0.01554	0.00900	0.02372	0.00736	0.00859	0.00573	0.00491	0.00327	0.00164	0.00409	0.00286	0.00327	0.00573
26	0.01308	0.01256	0.02146	0.03245	0.78123	0.01256	0.01622	0.01622	0.01204	0.01727	0.00994	0.01308	0.00837	0.00471	0.00523	0.00157	0.00628	0.00471	0.00262	0.00837
27	0.00742	0.00540	0.00698	0.00659	0.00786	0.00496	0.00494	0.00986	0.01482	0.02086	0.74252	0.04005	0.08602	0.01094	0.00624	0.00167	0.00250	0.00964	0.00577	0.00496
28	0.00706	0.00517	0.00670	0.00748	0.00817	0.00494	0.00527	0.00903	0.04621	0.01552	0.17257	0.56744	0.05260	0.01485	0.00661	0.00205	0.00310	0.05550	0.00510	0.00465
29	0.01275	0.36219	0.35975	0.01399	0.08648	0.05186	0.01434	0.01651	0.01124	0.01478	0.00856	0.01012	0.00689	0.00480	0.00434	0.00142	0.00684	0.00350	0.00230	0.00735
30	0.85155	0.01022	0.00777	0.00695	0.01022	0.01186	0.00573	0.01554	0.00900	0.02372	0.00736	0.00859	0.00573	0.00491	0.00327	0.00164	0.00409	0.00286	0.00327	0.00573
31	0.01122	0.00922	0.01632	0.01369	0.01640	0.00909	0.24441	0.01413	0.01232	0.08484	0.03608	0.03789	0.04647	0.01024	0.00738	0.00211	0.05772	0.36027	0.00419	0.00599
32	0.30594	0.43295	0.10135	0.00897	0.01339	0.01653	0.00898	0.01606	0.01028	0.03476	0.00790	0.00902	0.00655	0.00476	0.00357	0.00138	0.00531	0.00301	0.00271	0.00658
33	0.01017	0.00820	0.00938	0.00868	0.01070	0.00894	0.00664	0.01819	0.37238	0.01974	0.26086	0.02811	0.08126	0.01223	0.07697	0.04419	0.00446	0.00738	0.00510	0.00639
34	0.00788	0.00554	0.00678	0.00642	0.00794	0.00495	0.00483	0.00995	0.01394	0.05671	0.49778	0.06579	0.26880	0.01156	0.00621	0.00171	0.00267	0.01000	0.00555	0.00501
35	0.01036	0.00985	0.01327	0.01186	0.01231	0.04032	0.00967	0.01180	0.00849	0.01256	0.00968	0.01493	0.00928	0.02047	0.30673	0.00459	0.48095	0.00497	0.00252	0.00540
36	0.01797	0.00967	0.01456	0.01659	0.26479	0.00896	0.01016	0.02044	0.01409	0.42668	0.12261	0.01937	0.01666	0.00653	0.00542	0.00162	0.00480	0.00571	0.00515	0.00823
37	0.00651	0.00537	0.00572	0.00563	0.00730	0.00457	0.00422	0.00809	0.01267	0.01575	0.20696	0.04847	0.62477	0.01284	0.00625	0.00176	0.00264	0.01082	0.00510	0.00457
38	0.01101	0.04549	0.74178	0.01488	0.02243	0.04032	0.01896	0.01688	0.01129	0.01651	0.00939	0.01104	0.00670	0.00503	0.00498	0.00165	0.00782	0.00386	0.00225	0.00773
39	0.01318	0.44142	0.02700	0.09057	0.08842	0.01716	0.22285	0.01596	0.01133	0.01424	0.00872	0.01106	0.00730	0.00459	0.00454	0.00141	0.00676	0.00414	0.00242	0.00694
40	0.00834	0.00640	0.00849	0.00779	0.00937	0.00624	0.03044	0.01230	0.10025	0.02088	0.62846	0.03748	0.04368	0.01039	0.00619	0.00172	0.00302	0.04750	0.00562	0.00543
41	0.01232	0.01333	0.08898	0.16450	0.58397	0.01239	0.01625	0.01580	0.01170	0.01657	0.00981	0.01309	0.00799	0.00484	0.00522	0.00161	0.00655	0.00464	0.00254	0.00789
42	0.01315	0.01136	0.01195	0.01076	0.01375	0.01315	0.00837	0.02809	0.77168	0.02211	0.02152	0.01972	0.01614	0.00717	0.00538	0.00179	0.00418	0.00598	0.00538	0.00837
43	0.01433	0.69902	0.02553	0.00945	0.01373	0.06051	0.00904	0.01728	0.08364	0.01339	0.00875	0.00961	0.00768	0.00482	0.00365	0.00121	0.00572	0.00316	0.00258	0.00690
44	0.01310	0.01285	0.08173	0.05766	0.01603	0.01316	0.00983	0.06464	0.61991	0.02171	0.01927	0.01826	0.01439	0.00683	0.00534	0.00177	0.00476	0.00565	0.00491	0.00820
45	0.01404	0.79661	0.04767	0.00920	0.01381	0.02069	0.00932	0.01585	0.01075	0.01255	0.00741	0.00855	0.00678	0.00454	0.00344	0.00115	0.00571	0.00286	0.00226	0.00681
46	0.01376	0.74508	0.02664	0.07996	0.01561	0.02010	0.00955	0.01562	0.01073	0.01253	0.00753	0.00898	0.00681	0.00459	0.00356	0.00119	0.00578	0.00299	0.00227	0.00670
47	0.00825	0.00795	0.08213	0.00816	0.00941	0.00704	0.00666	0.00995	0.00974	0.01391	0.16208	0.02760	0.02132	0.30133	0.21608	0.00468	0.07117	0.00687	0.02103	0.00462
48	0.01096	0.00940	0.01096	0.00783	0.01253	0.00705	0.00626	0.01331	0.01096	0.01723	0.00940	0.01096	0.00783	0.00392	0.00392	0.00078	0.00392	0.00313	0.00313	0.84653
49	0.00714	0.00529	0.00670	0.00681	0.00797	0.00485	0.00509	0.00912	0.01327	0.01803	0.44216	0.19533	0.17361	0.01271	0.00643	0.00184	0.00283	0.07068	0.00540	0.00475
50	0.01269	0.16220	0.22219	0.01957	0.27676	0.01442	0.03582	0.05017	0.01170	0.01648	0.00915	0.01152	0.00749	0.00530	0.00617	0.00158	0.09487	0.00414	0.00256	0.03520
51	0.01307	0.01122	0.01175	0.00881	0.01322	0.07824	0.00702	0.06549	0.03747	0.05612	0.01047	0.01159	0.00835	0.00445	0.00420	0.00096	0.00458	0.00347	0.00348	0.64602
52	0.00731	0.00540	0.00682	0.00646	0.00779	0.00491	0.00485	0.00963	0.01455	0.02021	0.67438	0.04112	0.15456	0.01118	0.00624	0.00168	0.00252	0.00979	0.00569	0.00491
53	0.00729	0.00597	0.00705	0.00746	0.04810	0.00540	0.00517	0.00964	0.04238	0.01707	0.29569	0.05736	0.44852	0.01188	0.00617	0.00174	0.00287	0.01015	0.00512	0.00499
54	0.00626	0.00532	0.00539	0.00545	0.00716	0.00446	0.00406	0.00758	0.01196	0.01425	0.05243	0.08580	0.74489	0.01353	0.00627	0.00180	0.00270	0.01134	0.00491	0.00446
55	0.01560	0.15359	0.05987	0.01220	0.05508	0.01524	0.01001	0.27229	0.27439	0.03826	0.03097	0.01496	0.01183	0.00625	0.00499	0.00158	0.00527	0.00490	0.00452	0.00821
56	0.01813	0.21988	0.05359	0.01294	0.05551	0.41468	0.01033	0.01998	0.01362	0.12055	0.00988	0.01071	0.00775	0.00531	0.00454	0.00137	0.00762	0.00362	0.00311	0.00689
57	0.00985	0.00493	0.00493	0.00493	0.00616	0.00493	0.00370	0.01232	0.01109	0.01971	0.01725	0.01971	0.01355	0.00616	0.00370	0.00123	0.00246	0.00493	0.84356	0.00493
58	0.77652	0.01033	0.00814	0.00729	0.01054	0.01197	0.00596	0.01666	0.07725	0.02358	0.00863	0.00958	0.00666	0.00511	0.00346	0.00165	0.00410	0.00314	0.00346	0.00596
59	0.01223	0.27920	0.50392	0.01299	0.01957	0.01525	0.01569	0.05547	0.01174	0.01623	0.00897	0.01038	0.00684	0.00493	0.00452	0.00150	0.00702	0.00361	0.00240	0.00755
60	0.00722	0.00755	0.07641	0.00755	0.00935	0.00593	0.00640	0.00904	0.01154	0.01487	0.09606	0.22054	0.39024	0.01302	0.00695	0.00192	0.04858	0.05738	0.00459	0.00486
61	0.01217	0.01097	0.04788	0.01012	0.05153	0.00889	0.00801	0.08099	0.01221	0.03447	0.00983	0.01141	0.00797	0.00456	0.00489	0.00103	0.04622	0.00352	0.00329	0.63006
62	0.00985	0.00823	0.00896	0.00847	0.01064	0.00877	0.00653	0.01789	0.37562	0.01901	0.13353	0.07463	0.23454	0.01030	0.00592	0.00183	0.00352	0.05009	0.00525	0.00642
63	0.05939	0.08598	0.36213	0.01448	0.08180	0.01255	0.05375	0.11914	0.01291	0.01869	0.01240	0.11983	0.01101	0.00667	0.00514	0.00168	0.00643	0.00558	0.00314	0.00731

[dist]
# distance from previous block
# <min> <max>
6	8

[block]
# block no. 3 follows, 46 sequences, length 37
# corresponding to MSA columns:
# 272-308
name=unknown_D
#
# <colnr> <probs for GDERKNQSTAVLIFYWHMCP>
#	G	D	E	R	K	N	Q	S	T	A	V	L	I	F	Y	W	H	M	C	P
0	0.01396	0.68307	0.02498	0.00934	0.01340	0.07820	0.00891	0.01565	0.01086	0.01246	0.00803	0.00968	0.00737	0.00780	0.07570	0.00182	0.00673	0.00313	0.00235	0.00655
1	0.01336	0.41697	0.01974	0.00897	0.01340	0.08587	0.00802	0.01529	0.01122	0.01443	0.00826	0.00958	0.00721	0.00436	0.00373	0.00101	0.00530	0.00300	0.00266	0.34761
2	0.00761	0.00543	0.00731	0.00731	0.00785	0.00597	0.00513	0.00868	0.00815	0.01140	0.01524	0.02676	0.01582	0.37511	0.46135	0.00704	0.01025	0.00654	0.00299	0.00406
3	0.01699	0.41827	0.02139	0.01121	0.01497	0.33962	0.00962	0.08481	0.01375	0.01451	0.00817	0.00929	0.00699	0.00507	0.00413	0.00127	0.00727	0.00324	0.00272	0.00671
4	0.00647	0.00514	0.00582	0.00613	0.00740	0.00448	0.00441	0.00785	0.01187	0.01499	0.14513	0.27564	0.45803	0.01398	0.00640	0.00188	0.00277	0.01209	0.00503	0.00448
5	0.00931	0.00524	0.00743	0.00769	0.00835	0.00512	0.00565	0.00913	0.00927	0.06368	0.01895	0.18151	0.04418	0.01767	0.06020	0.39834	0.00484	0.13597	0.00366	0.00380
6	0.48656	0.01051	0.01026	0.00843	0.01208	0.01129	0.00695	0.12514	0.01308	0.25179	0.01214	0.01197	0.00838	0.00560	0.00417	0.00163	0.00446	0.00386	0.00453	0.00716
7	0.00918	0.00459	0.00689	0.00689	0.00689	0.00459	0.00459	0.00689	0.00689	0.00918	0.00918	0.01607	0.00918	0.01837	0.02066	0.84619	0.00459	0.00459	0.00230	0.00230
8	0.00644	0.00536	0.00562	0.00556	0.00726	0.00454	0.00417	0.00796	0.01250	0.01535	0.16581	0.04911	0.66616	0.01299	0.00625	0.00177	0.00265	0.01091	0.00505	0.00454
9	0.01280	0.01227	0.02094	0.10321	0.71270	0.01249	0.01608	0.01597	0.01190	0.01692	0.00989	0.01318	0.00825	0.00476	0.00524	0.00159	0.00635	0.00471	0.00259	0.00814
10	0.02316	0.00989	0.01282	0.00983	0.01394	0.00910	0.00812	0.13952	0.01663	0.66902	0.01960	0.01718	0.01245	0.00651	0.00531	0.00163	0.00470	0.00523	0.00635	0.00900
11	0.02290	0.01030	0.01308	0.01003	0.01415	0.00971	0.00828	0.19181	0.01732	0.61575	0.01902	0.01680	0.01216	0.00650	0.00531	0.00162	0.00480	0.00519	0.00626	0.00900
12	0.49141	0.00997	0.00951	0.00828	0.01126	0.01131	0.00674	0.14085	0.01186	0.05976	0.01036	0.01233	0.00823	0.01263	0.17207	0.00309	0.00655	0.00390	0.00368	0.00622
13	0.00672	0.00500	0.00617	0.00674	0.00756	0.00456	0.00471	0.00801	0.01136	0.01495	0.17028	0.42615	0.20882	0.06328	0.00778	0.00216	0.00305	0.03332	0.00497	0.00441
14	0.01096	0.00940	0.01096	0.00783	0.01253	0.00705	0.00626	0.01331	0.01096	0.01723	0.00940	0.01096	0.00783	0.00392	0.00392	0.00078	0.00392	0.00313	0.00313	0.84653
15	0.00706	0.00507	0.00665	0.00692	0.00775	0.00471	0.00491	0.00885	0.01281	0.01778	0.45403	0.35245	0.04301	0.03449	0.00699	0.00195	0.00280	0.01173	0.00538	0.00466
16	0.33224	0.00981	0.00942	0.00863	0.01146	0.01110	0.00691	0.02013	0.32113	0.04527	0.01744	0.01977	0.03859	0.00705	0.00466	0.00175	0.00405	0.06609	0.05777	0.00674
17	0.01429	0.01041	0.01205	0.01072	0.01338	0.01121	0.00897	0.38907	0.01828	0.02428	0.01962	0.03454	0.01898	0.05818	0.00746	0.00217	0.00536	0.32920	0.00498	0.00684
18	0.01963	0.01458	0.01560	0.01207	0.01622	0.01618	0.00994	0.71417	0.07505	0.03256	0.01329	0.01316	0.00947	0.00640	0.00529	0.00160	0.00571	0.00484	0.00529	0.00895
19	0.00782	0.00508	0.00571	0.00578	0.00591	0.00506	0.00334	0.00809	0.00813	0.01130	0.01741	0.07643	0.01958	0.69595	0.02366	0.00460	0.00477	0.00784	0.08012	0.00342
20	0.01229	0.00843	0.00942	0.00834	0.01063	0.00862	0.00645	0.22989	0.05243	0.07284	0.07530	0.19600	0.17710	0.01032	0.00570	0.00173	0.00383	0.00872	0.09566	0.00632
21	0.00671	0.00535	0.00601	0.00590	0.00744	0.00465	0.00441	0.00846	0.01306	0.01681	0.32062	0.07206	0.48474	0.01254	0.00626	0.00175	0.00262	0.01070	0.00525	0.00465
22	0.00644	0.00460	0.00613	0.00736	0.00767	0.00429	0.00491	0.00736	0.01012	0.01350	0.02914	0.81076	0.03497	0.01656	0.00675	0.00215	0.00307	0.01503	0.00491	0.00429
23	0.01445	0.00816	0.01001	0.00885	0.01124	0.00796	0.00687	0.16958	0.01493	0.24184	0.04844	0.27419	0.07331	0.03913	0.00672	0.00196	0.00417	0.04610	0.00543	0.00666
24	0.00726	0.00564	0.00601	0.00591	0.00710	0.00526	0.00405	0.00902	0.05670	0.01375	0.08391	0.04245	0.41544	0.29915	0.01358	0.00297	0.00363	0.00950	0.00438	0.00428
25	0.00769	0.00513	0.00577	0.00577	0.00577	0.00513	0.00320	0.00769	0.00769	0.01025	0.01666	0.03460	0.01922	0.81421	0.02691	0.00513	0.00513	0.00769	0.00320	0.00320
26	0.01168	0.01212	0.02035	0.08823	0.01978	0.01500	0.22126	0.01397	0.00955	0.01397	0.00821	0.01255	0.00725	0.00755	0.01315	0.00211	0.50962	0.00508	0.00242	0.00617
27	0.00758	0.00557	0.00820	0.00820	0.00913	0.00634	0.00632	0.00916	0.00860	0.01218	0.01618	0.02225	0.05865	0.03665	0.69436	0.06440	0.01283	0.00592	0.00292	0.00454
28	0.00727	0.00517	0.00578	0.00583	0.00634	0.00491	0.00361	0.00780	0.00933	0.01211	0.07712	0.08500	0.19746	0.52792	0.01955	0.00394	0.00426	0.00905	0.00387	0.00368
29	0.00697	0.00524	0.00556	0.00556	0.00645	0.00480	0.00361	0.00764	0.00986	0.01226	0.03501	0.04269	0.39715	0.41591	0.01663	0.00346	0.00391	0.00941	0.00405	0.00383
30	0.01027	0.00969	0.01637	0.73120	0.10450	0.01182	0.01482	0.01376	0.01070	0.01385	0.00945	0.01400	0.00717	0.00523	0.00528	0.00174	0.00698	0.00470	0.00237	0.00610
31	0.01232	0.01294	0.02582	0.02458	0.28137	0.01243	0.44052	0.01615	0.01230	0.01695	0.01202	0.01801	0.01019	0.00547	0.00600	0.00177	0.00765	0.07332	0.00286	0.00734
32	0.00644	0.00460	0.00613	0.00736	0.00767	0.00429	0.00491	0.00736	0.01012	0.01350	0.02914	0.81076	0.03497	0.01656	0.00675	0.00215	0.00307	0.01503	0.00491	0.00429
33	0.01699	0.41395	0.02122	0.01137	0.01498	0.41411	0.00964	0.01852	0.01290	0.01269	0.00777	0.00902	0.00680	0.00499	0.00409	0.00125	0.00763	0.00312	0.00250	0.00645
34	0.16845	0.00895	0.01022	0.01141	0.08162	0.04653	0.00856	0.07219	0.01256	0.01849	0.02097	0.08993	0.03863	0.01088	0.00601	0.00205	0.00498	0.37757	0.00430	0.00569
35	0.00751	0.00550	0.00778	0.00777	0.00860	0.00604	0.00580	0.00917	0.00944	0.01339	0.13072	0.06383	0.02067	0.14462	0.52697	0.00668	0.01057	0.00699	0.00344	0.00452
36	0.01276	0.00783	0.00848	0.00763	0.00979	0.00828	0.00591	0.09807	0.18828	0.09127	0.01887	0.07197	0.01505	0.00715	0.00461	0.00150	0.00345	0.00587	0.42675	0.00649

[dist]
# distance from previous block
# <min> <max>
0	228

# created by:
# /st0/software/busco_prod/Augustus/scripts/msa2prfl.pl ./align_prep/49727.fa
