[name]
unknown

[dist]
# distance from previous block
# <min> <max>
0	8

[block]
# block no. 0 follows, 49 sequences, length 6
# corresponding to MSA columns:
# 8-13
name=unknown_A
#
# <colnr> <probs for GDERKNQSTAVLIFYWHMCP>
#	G	D	E	R	K	N	Q	S	T	A	V	L	I	F	Y	W	H	M	C	P
0	0.01234	0.00714	0.00876	0.00800	0.00991	0.00698	0.00616	0.07820	0.06824	0.20574	0.06390	0.11891	0.08084	0.17394	0.00982	0.00243	0.00417	0.12388	0.00485	0.00579
1	0.05215	0.01020	0.01120	0.05242	0.01300	0.13109	0.06376	0.04251	0.07155	0.11561	0.03640	0.18304	0.01663	0.11090	0.06441	0.00253	0.00590	0.00708	0.00394	0.00569
2	0.01512	0.01319	0.01506	0.01761	0.29491	0.16966	0.01053	0.10084	0.01356	0.11941	0.04332	0.01482	0.01073	0.06599	0.00641	0.00167	0.00595	0.00462	0.00351	0.07308
3	0.00755	0.00642	0.00906	0.05959	0.16298	0.00615	0.00710	0.00914	0.01070	0.01388	0.03113	0.34750	0.28582	0.01192	0.00592	0.00180	0.00364	0.01057	0.00412	0.00502
4	0.00757	0.00571	0.00747	0.09629	0.01076	0.00581	0.00585	0.06216	0.01063	0.01399	0.02514	0.53655	0.08195	0.09565	0.00812	0.00224	0.00372	0.01160	0.00428	0.00450
5	0.01406	0.01209	0.01507	0.24825	0.17916	0.11068	0.01139	0.09902	0.03535	0.10315	0.01085	0.01278	0.00816	0.00509	0.00482	0.00145	0.00603	0.00426	0.00328	0.11507

[dist]
# distance from previous block
# <min> <max>
2	7

[block]
# block no. 1 follows, 49 sequences, length 8
# corresponding to MSA columns:
# 21-28
name=unknown_B
#
# <colnr> <probs for GDERKNQSTAVLIFYWHMCP>
#	G	D	E	R	K	N	Q	S	T	A	V	L	I	F	Y	W	H	M	C	P
0	0.13033	0.00905	0.01064	0.00957	0.05519	0.00891	0.00713	0.11737	0.05416	0.19710	0.01748	0.07698	0.07465	0.00911	0.06297	0.00196	0.00484	0.00553	0.00437	0.14266
1	0.10869	0.00910	0.01020	0.00841	0.01141	0.00910	0.00676	0.20270	0.03998	0.13174	0.17611	0.04915	0.06231	0.00752	0.00502	0.00150	0.00396	0.03117	0.00480	0.12039
2	0.01220	0.01110	0.01262	0.01046	0.01302	0.12059	0.08391	0.10118	0.04797	0.04725	0.11315	0.10826	0.05533	0.03522	0.00693	0.00166	0.07715	0.00643	0.00389	0.13168
3	0.06783	0.00997	0.01192	0.26794	0.01881	0.12016	0.04353	0.02887	0.01065	0.01408	0.05319	0.12226	0.01295	0.00916	0.02626	0.11517	0.00588	0.00577	0.00299	0.05262
4	0.01053	0.01142	0.02062	0.01550	0.01925	0.05834	0.45797	0.01357	0.01167	0.01513	0.01958	0.11374	0.15333	0.00721	0.00583	0.00167	0.00658	0.00750	0.00322	0.04732
5	0.00740	0.00555	0.00630	0.00631	0.00741	0.00524	0.00442	0.06342	0.01136	0.01468	0.11049	0.24504	0.29876	0.17857	0.01008	0.00243	0.00334	0.01037	0.00448	0.00435
6	0.01179	0.00773	0.00927	0.00798	0.01021	0.00776	0.00625	0.13197	0.10943	0.12882	0.44441	0.02901	0.05677	0.00877	0.00560	0.00159	0.00335	0.00750	0.00550	0.00627
7	0.00955	0.00899	0.01517	0.81013	0.03483	0.01123	0.01404	0.01292	0.01011	0.01292	0.00899	0.01348	0.00674	0.00506	0.00506	0.00169	0.00674	0.00449	0.00225	0.00562

[dist]
# distance from previous block
# <min> <max>
5	17

[block]
# block no. 2 follows, 49 sequences, length 38
# corresponding to MSA columns:
# 46-83
name=unknown_C
#
# <colnr> <probs for GDERKNQSTAVLIFYWHMCP>
#	G	D	E	R	K	N	Q	S	T	A	V	L	I	F	Y	W	H	M	C	P
0	0.00669	0.05552	0.00722	0.00709	0.00770	0.00514	0.00495	0.00773	0.01006	0.01338	0.08203	0.71156	0.03281	0.01472	0.00622	0.00196	0.00305	0.01327	0.00460	0.00430
1	0.01178	0.01099	0.01772	0.02485	0.58466	0.01059	0.01302	0.01455	0.01110	0.01621	0.00966	0.01256	0.00819	0.00643	0.05434	0.00176	0.00602	0.00426	0.00262	0.17869
2	0.00651	0.00546	0.00570	0.00558	0.00729	0.00482	0.00420	0.00870	0.05676	0.01495	0.14468	0.04552	0.64786	0.01214	0.00593	0.00169	0.00262	0.01019	0.00483	0.00455
3	0.01159	0.01098	0.01865	0.17553	0.59421	0.01147	0.01460	0.01458	0.01101	0.01551	0.00970	0.01321	0.00810	0.00695	0.06089	0.00200	0.00667	0.00457	0.00247	0.00732
4	0.00878	0.00439	0.00659	0.00659	0.00659	0.00439	0.00439	0.00659	0.00659	0.00878	0.00878	0.01537	0.00878	0.01757	0.01976	0.85288	0.00439	0.00439	0.00220	0.00220
5	0.00904	0.00810	0.00869	0.00897	0.06351	0.10832	0.00620	0.01130	0.01402	0.01876	0.60437	0.03284	0.05627	0.00938	0.00573	0.00156	0.00355	0.01934	0.00494	0.00513
6	0.00967	0.00899	0.01456	0.70639	0.03188	0.01065	0.01300	0.01290	0.01016	0.01338	0.00899	0.01309	0.00684	0.00489	0.00489	0.00156	0.00635	0.00430	0.00234	0.11516
7	0.01049	0.00899	0.01049	0.00749	0.01198	0.00674	0.00599	0.01273	0.01049	0.01648	0.00899	0.01049	0.00749	0.00374	0.00374	0.00075	0.00374	0.00300	0.00300	0.85320
8	0.00993	0.02469	0.74077	0.01385	0.02088	0.01126	0.01771	0.01556	0.01093	0.01631	0.06367	0.01257	0.00930	0.00519	0.00489	0.00160	0.00712	0.00412	0.00238	0.00728
9	0.01213	0.01162	0.01983	0.13173	0.69304	0.01191	0.01533	0.01518	0.01133	0.01605	0.00944	0.01264	0.00785	0.00458	0.00501	0.00153	0.00610	0.00450	0.00247	0.00770
10	0.00608	0.00513	0.00527	0.00523	0.00690	0.00431	0.00393	0.00746	0.01178	0.01426	0.11796	0.04768	0.72158	0.01258	0.00598	0.00170	0.00255	0.01053	0.00477	0.00431
11	0.01366	0.01046	0.01514	0.01119	0.01534	0.00952	0.17225	0.15063	0.01364	0.11269	0.01208	0.02970	0.00927	0.00498	0.00466	0.00125	0.00505	0.00453	0.06552	0.33844
12	0.01216	0.00810	0.00945	0.00997	0.10992	0.00854	0.00669	0.17929	0.06155	0.02153	0.01490	0.01657	0.01152	0.00581	0.00416	0.00133	0.00363	0.00471	0.50399	0.00619
13	0.00991	0.00682	0.00800	0.00740	0.00931	0.00693	0.00566	0.01402	0.17243	0.11537	0.02945	0.03068	0.28955	0.08545	0.18250	0.00338	0.00570	0.00747	0.00442	0.00556
14	0.01322	0.11552	0.01861	0.11499	0.38281	0.01330	0.01255	0.16575	0.01344	0.01825	0.01066	0.05896	0.00923	0.00562	0.00516	0.00152	0.02514	0.00486	0.00306	0.00736
15	0.01049	0.00899	0.01049	0.00749	0.01198	0.00674	0.00599	0.01273	0.01049	0.01648	0.00899	0.01049	0.00749	0.00374	0.00374	0.00075	0.00374	0.00300	0.00300	0.85320
16	0.01030	0.01941	0.49315	0.09603	0.02148	0.01064	0.10195	0.01492	0.01079	0.04793	0.01208	0.11605	0.01034	0.00626	0.00519	0.00168	0.00680	0.00550	0.00270	0.00682
17	0.01192	0.01140	0.01944	0.18857	0.63790	0.01186	0.01522	0.01499	0.01123	0.01579	0.00941	0.01271	0.00775	0.00462	0.00502	0.00154	0.00616	0.00450	0.00245	0.00753
18	0.01836	0.01374	0.01469	0.01146	0.01535	0.01528	0.00940	0.67733	0.12172	0.03048	0.01323	0.01301	0.00948	0.00617	0.00507	0.00154	0.00536	0.00470	0.00507	0.00852
19	0.85801	0.00978	0.00743	0.00665	0.00978	0.01134	0.00548	0.01486	0.00861	0.02269	0.00704	0.00821	0.00548	0.00469	0.00313	0.00156	0.00391	0.00274	0.00313	0.00548
20	0.01352	0.82533	0.02650	0.00865	0.01298	0.02001	0.00865	0.01514	0.01027	0.01190	0.00703	0.00811	0.00649	0.00433	0.00324	0.00108	0.00541	0.00270	0.00216	0.00649
21	0.00740	0.00573	0.00901	0.00880	0.00988	0.00542	0.10404	0.00898	0.01021	0.01413	0.02430	0.57404	0.02761	0.01315	0.00612	0.00194	0.00372	0.06642	0.09454	0.00456
22	0.24696	0.01119	0.06790	0.01056	0.01422	0.01045	0.12202	0.13604	0.01356	0.15830	0.12714	0.03346	0.01449	0.00621	0.00482	0.00160	0.00493	0.00520	0.00423	0.00673
23	0.12443	0.01020	0.01486	0.01912	0.39198	0.01009	0.01077	0.04250	0.01231	0.13676	0.11146	0.01579	0.01348	0.00556	0.00482	0.00148	0.00485	0.00487	0.00367	0.06100
24	0.00752	0.00551	0.00717	0.00769	0.00857	0.00556	0.00567	0.06375	0.01076	0.01437	0.02555	0.47322	0.08018	0.01885	0.15561	0.00316	0.00528	0.09265	0.00434	0.00458
25	0.01040	0.00978	0.05608	0.02557	0.01267	0.00758	0.00701	0.03199	0.07626	0.01763	0.11074	0.01483	0.01331	0.00501	0.00427	0.00103	0.00392	0.00413	0.00349	0.58431
26	0.01329	0.01156	0.11369	0.01187	0.09838	0.00895	0.02903	0.09286	0.03014	0.15038	0.01442	0.01572	0.05756	0.00640	0.00578	0.06101	0.00487	0.01551	0.00371	0.25485
27	0.00764	0.00593	0.00732	0.00680	0.00851	0.00519	0.00496	0.00920	0.01058	0.01489	0.16383	0.24976	0.09999	0.08567	0.07752	0.00239	0.00412	0.00869	0.00410	0.22292
28	0.01605	0.24681	0.07341	0.01469	0.16632	0.21062	0.01082	0.02987	0.01245	0.14762	0.01014	0.01107	0.00785	0.00504	0.00455	0.00136	0.01743	0.00373	0.00309	0.00708
29	0.20987	0.01289	0.14167	0.01275	0.06416	0.01037	0.15248	0.04471	0.01173	0.12287	0.06724	0.01366	0.01056	0.00519	0.00466	0.00150	0.00547	0.00449	0.00348	0.10023
30	0.02858	0.14675	0.07532	0.01462	0.12246	0.16105	0.07373	0.06071	0.23254	0.01720	0.01209	0.01285	0.00945	0.00537	0.00471	0.00148	0.00617	0.00436	0.00335	0.00721
31	0.01107	0.02199	0.52396	0.05989	0.02002	0.11355	0.01550	0.01575	0.02990	0.01502	0.01041	0.06983	0.00865	0.00598	0.00565	0.00164	0.05733	0.00459	0.00247	0.00680
32	0.00666	0.00501	0.00615	0.00666	0.00752	0.00453	0.00456	0.00786	0.02083	0.01334	0.04965	0.53502	0.15395	0.08262	0.00778	0.00213	0.00310	0.01208	0.00446	0.06606
33	0.00707	0.00524	0.00689	0.02106	0.00901	0.00500	0.00612	0.00876	0.01115	0.01448	0.08663	0.30347	0.16374	0.01397	0.00653	0.00207	0.00360	0.31609	0.00470	0.00443
34	0.00955	0.00957	0.06726	0.03118	0.24226	0.00833	0.00969	0.01184	0.01068	0.01536	0.07144	0.25267	0.01813	0.00843	0.00593	0.00158	0.05156	0.00743	0.00342	0.16368
35	0.09184	0.31098	0.22480	0.01449	0.16106	0.01512	0.01240	0.06852	0.01134	0.01626	0.00838	0.00997	0.00681	0.00475	0.00441	0.00140	0.02440	0.00349	0.00251	0.00706
36	0.00722	0.00513	0.00655	0.00655	0.00702	0.00544	0.00443	0.00803	0.00793	0.01083	0.01716	0.02869	0.06396	0.45344	0.33982	0.00601	0.00827	0.00677	0.00302	0.00373
37	0.01147	0.13105	0.09417	0.29852	0.15999	0.03779	0.16716	0.01488	0.01093	0.01434	0.00902	0.01216	0.00708	0.00467	0.00493	0.00155	0.00692	0.00442	0.00234	0.00659

[dist]
# distance from previous block
# <min> <max>
0	1

[block]
# block no. 3 follows, 49 sequences, length 72
# corresponding to MSA columns:
# 85-156
name=unknown_D
#
# <colnr> <probs for GDERKNQSTAVLIFYWHMCP>
#	G	D	E	R	K	N	Q	S	T	A	V	L	I	F	Y	W	H	M	C	P
0	0.02841	0.33782	0.09179	0.01430	0.16225	0.10145	0.02419	0.01498	0.01066	0.01354	0.00884	0.01160	0.00782	0.00852	0.09126	0.00209	0.04575	0.01582	0.00240	0.00650
1	0.01686	0.01092	0.01188	0.00942	0.01265	0.01173	0.00768	0.47997	0.01909	0.11091	0.01420	0.01456	0.01024	0.00604	0.00464	0.00143	0.00453	0.00466	0.24106	0.00752
2	0.01266	0.10257	0.11285	0.04345	0.53347	0.06448	0.01458	0.01574	0.01141	0.01560	0.00906	0.01159	0.00752	0.00457	0.00474	0.00145	0.00630	0.00411	0.00243	0.02144
3	0.01016	0.02187	0.60306	0.01417	0.02048	0.01088	0.09853	0.01521	0.01086	0.03293	0.02410	0.09314	0.01008	0.00598	0.00512	0.00166	0.00698	0.00517	0.00259	0.00704
4	0.00616	0.00440	0.00587	0.00704	0.00733	0.00411	0.00469	0.00704	0.00968	0.01291	0.02787	0.81899	0.03344	0.01584	0.00645	0.00205	0.00293	0.01438	0.00469	0.00411
5	0.01244	0.05257	0.41309	0.01784	0.17587	0.09773	0.09158	0.01674	0.01152	0.05021	0.00955	0.01136	0.00714	0.00478	0.00489	0.00154	0.00724	0.00408	0.00249	0.00735
6	0.02977	0.19918	0.01659	0.03033	0.10255	0.10932	0.00944	0.08413	0.33028	0.01820	0.01347	0.01363	0.01052	0.00567	0.00458	0.00148	0.00536	0.00441	0.00375	0.00735
7	0.02269	0.00861	0.01174	0.00900	0.01291	0.00743	0.00743	0.02464	0.01447	0.79425	0.01995	0.01721	0.01252	0.00626	0.00509	0.00156	0.00430	0.00509	0.00626	0.00861
8	0.01449	0.53960	0.10695	0.01034	0.01460	0.19857	0.01001	0.03052	0.01150	0.01283	0.00753	0.00870	0.00653	0.00461	0.00375	0.00120	0.00649	0.00298	0.00232	0.00649
9	0.01165	0.17098	0.42997	0.01162	0.01760	0.02627	0.01341	0.03230	0.01105	0.04343	0.00911	0.01040	0.00692	0.00458	0.00430	0.00132	0.00619	0.00345	0.00254	0.18291
10	0.01197	0.01147	0.05255	0.01029	0.01233	0.10542	0.00845	0.08536	0.16682	0.04226	0.05946	0.12126	0.03567	0.04804	0.00814	0.00196	0.12403	0.08434	0.00408	0.00610
11	0.00713	0.00517	0.00672	0.00633	0.00754	0.00476	0.00475	0.00949	0.01425	0.02013	0.77112	0.03802	0.06476	0.01039	0.00596	0.00159	0.00239	0.00918	0.00555	0.00476
12	0.01121	0.01092	0.01933	0.33082	0.39646	0.01169	0.10420	0.01447	0.01099	0.01504	0.00967	0.02503	0.00786	0.00486	0.00516	0.00160	0.00654	0.00482	0.00244	0.00689
13	0.01734	0.01362	0.01390	0.05202	0.05643	0.15168	0.02286	0.33925	0.01766	0.15284	0.01660	0.01654	0.09335	0.00651	0.00509	0.00152	0.00579	0.00510	0.00447	0.00743
14	0.00822	0.00749	0.01339	0.01225	0.05045	0.00705	0.21941	0.01028	0.01065	0.01421	0.02316	0.45677	0.06262	0.01177	0.00627	0.00193	0.00476	0.07021	0.00399	0.00510
15	0.00735	0.00491	0.00557	0.00557	0.00559	0.00493	0.00314	0.00739	0.00737	0.00985	0.01588	0.03280	0.01826	0.80502	0.04284	0.00497	0.00509	0.00731	0.00306	0.00310
16	0.01256	0.01265	0.08801	0.03924	0.13474	0.01214	0.09952	0.11648	0.31601	0.01990	0.01577	0.04962	0.01278	0.00654	0.00531	0.00169	0.00543	0.04007	0.00402	0.00751
17	0.00623	0.00448	0.00580	0.00683	0.00718	0.00417	0.00453	0.00707	0.00962	0.01274	0.02836	0.72156	0.07485	0.07123	0.00776	0.00223	0.00305	0.01368	0.00458	0.00404
18	0.21880	0.09962	0.18907	0.02433	0.03206	0.02585	0.05199	0.16338	0.02438	0.08837	0.01076	0.01159	0.01723	0.00522	0.00438	0.00152	0.00561	0.00393	0.01485	0.00705
19	0.01467	0.01633	0.01351	0.01191	0.01368	0.40131	0.04699	0.05547	0.01200	0.01302	0.00958	0.05102	0.00906	0.06400	0.00999	0.09413	0.15065	0.00461	0.00275	0.00532
20	0.01828	0.02308	0.01386	0.01263	0.01510	0.75979	0.00942	0.01951	0.01396	0.01224	0.00825	0.01039	0.00714	0.04846	0.00568	0.00149	0.00890	0.00347	0.00263	0.00571
21	0.01294	0.00946	0.01347	0.25170	0.07291	0.00973	0.00998	0.03126	0.01120	0.16532	0.01095	0.01292	0.00820	0.00528	0.00591	0.00141	0.09271	0.00414	0.00332	0.26719
22	0.01333	0.01218	0.01341	0.31573	0.03532	0.15733	0.01056	0.11732	0.09657	0.05777	0.01276	0.07523	0.01053	0.00701	0.02186	0.00174	0.00633	0.00522	0.02343	0.00636
23	0.13094	0.00936	0.01315	0.15791	0.18849	0.02321	0.01017	0.02977	0.01031	0.07629	0.02706	0.01475	0.00967	0.02740	0.17738	0.00309	0.07733	0.00462	0.00299	0.00612
24	0.01065	0.04904	0.19483	0.01111	0.05422	0.02531	0.01974	0.01381	0.04755	0.10714	0.01733	0.25774	0.01701	0.01288	0.10883	0.00257	0.02086	0.01958	0.00370	0.00609
25	0.01175	0.00976	0.01120	0.01110	0.04987	0.01094	0.00848	0.05954	0.50494	0.01989	0.02125	0.02822	0.01832	0.00857	0.00562	0.00186	0.00435	0.20232	0.00489	0.00716
26	0.01192	0.00898	0.01099	0.13424	0.01506	0.00987	0.00808	0.10561	0.27473	0.07975	0.23171	0.04933	0.02265	0.00771	0.00539	0.00165	0.00415	0.00659	0.00487	0.00671
27	0.01065	0.01505	0.25118	0.33538	0.09414	0.03714	0.04086	0.01444	0.01043	0.03062	0.00935	0.01263	0.00717	0.00678	0.04405	0.00198	0.06500	0.00433	0.00236	0.00644
28	0.00919	0.00845	0.00862	0.00844	0.01929	0.12467	0.00607	0.01039	0.00969	0.01234	0.08281	0.06271	0.06631	0.22978	0.25870	0.00451	0.06376	0.00661	0.00322	0.00444
29	0.00716	0.00526	0.00734	0.00744	0.00808	0.00579	0.00544	0.00850	0.00863	0.01214	0.06941	0.14584	0.01923	0.18345	0.45906	0.00600	0.02634	0.00740	0.00327	0.00421
30	0.01136	0.01208	0.10063	0.43887	0.17595	0.01198	0.01397	0.09045	0.06496	0.01640	0.01021	0.01323	0.00773	0.00515	0.00503	0.00163	0.00637	0.00450	0.00276	0.00674
31	0.05791	0.30717	0.26900	0.01353	0.10044	0.14407	0.01262	0.01627	0.01111	0.01436	0.00808	0.00958	0.00658	0.00466	0.00414	0.00136	0.00666	0.00332	0.00231	0.00681
32	0.01188	0.10342	0.31760	0.01404	0.01907	0.05347	0.19603	0.01567	0.01125	0.07483	0.01221	0.11242	0.01057	0.00620	0.00531	0.00162	0.01915	0.00558	0.00290	0.00676
33	0.00791	0.00576	0.00765	0.00860	0.00959	0.00581	0.00699	0.01057	0.06395	0.01469	0.02601	0.24374	0.02864	0.05986	0.00779	0.00236	0.00419	0.47663	0.00461	0.00466
34	0.00801	0.00689	0.00768	0.00809	0.04967	0.06005	0.00578	0.01003	0.01307	0.01705	0.39643	0.03972	0.25607	0.01079	0.00593	0.00168	0.00334	0.09001	0.00485	0.00486
35	0.01249	0.10048	0.06005	0.14946	0.40314	0.01261	0.11629	0.01566	0.01133	0.05654	0.00979	0.01250	0.00776	0.00465	0.00495	0.00152	0.00638	0.00450	0.00261	0.00731
36	0.01108	0.05054	0.39929	0.17652	0.09015	0.01190	0.01511	0.09688	0.01197	0.01677	0.01064	0.06715	0.00872	0.00571	0.00495	0.00161	0.00659	0.00474	0.00268	0.00699
37	0.00716	0.00517	0.00676	0.00636	0.00755	0.00477	0.00477	0.00954	0.01431	0.02028	0.78808	0.03777	0.04771	0.01034	0.00596	0.00159	0.00239	0.00914	0.00557	0.00477
38	0.01132	0.01196	0.02426	0.02142	0.19757	0.01158	0.47808	0.01490	0.01123	0.01556	0.01059	0.01438	0.00854	0.00968	0.13265	0.00268	0.00875	0.00555	0.00257	0.00672
39	0.01060	0.00955	0.01517	0.72354	0.03275	0.01172	0.01356	0.09544	0.01159	0.01497	0.00933	0.01334	0.00694	0.00517	0.00506	0.00167	0.00661	0.00450	0.00255	0.00594
40	0.01106	0.01106	0.01549	0.01328	0.01328	0.01549	0.01106	0.01217	0.00774	0.01217	0.00664	0.01106	0.00664	0.00885	0.01659	0.00221	0.81303	0.00443	0.00221	0.00553
41	0.01451	0.09253	0.13315	0.00935	0.01344	0.04872	0.02252	0.01718	0.01237	0.25623	0.09716	0.01588	0.01347	0.00569	0.00458	0.00133	0.00477	0.00458	0.06242	0.17014
42	0.00838	0.00781	0.01429	0.01205	0.01395	0.00771	0.25170	0.01045	0.01014	0.01380	0.01959	0.43316	0.02157	0.01417	0.09311	0.00261	0.04655	0.01020	0.00367	0.00509
43	0.01352	0.82533	0.02650	0.00865	0.01298	0.02001	0.00865	0.01514	0.01027	0.01190	0.00703	0.00811	0.00649	0.00433	0.00324	0.00108	0.00541	0.00270	0.00216	0.00649
44	0.00749	0.00566	0.00773	0.00771	0.00864	0.00634	0.00578	0.00984	0.06157	0.01229	0.01707	0.06323	0.05574	0.13959	0.56005	0.00660	0.01060	0.00643	0.00313	0.00453
45	0.80046	0.00970	0.00773	0.00681	0.00999	0.01107	0.00561	0.01554	0.00901	0.07584	0.00793	0.00883	0.00596	0.00480	0.00326	0.00156	0.00394	0.00290	0.00334	0.00569
46	0.01922	0.01416	0.01518	0.01163	0.01568	0.01568	0.00961	0.77388	0.02378	0.03187	0.01214	0.01214	0.00860	0.00607	0.00506	0.00152	0.00556	0.00455	0.00506	0.00860
47	0.00825	0.00636	0.00850	0.00879	0.01023	0.00637	0.00742	0.01030	0.01101	0.01476	0.03859	0.08241	0.09242	0.01363	0.04709	0.00236	0.06039	0.47021	0.00423	0.09667
48	0.01150	0.02425	0.71103	0.01383	0.02091	0.01128	0.01746	0.01695	0.01109	0.10041	0.01025	0.01138	0.00707	0.00496	0.00483	0.00160	0.00713	0.00388	0.00258	0.00760
49	0.02057	0.00853	0.01170	0.06407	0.01410	0.00771	0.00775	0.04209	0.01440	0.66477	0.07454	0.01831	0.01456	0.00647	0.00515	0.00157	0.00436	0.00532	0.00590	0.00812
50	0.01157	0.01092	0.01848	0.09012	0.62505	0.01106	0.02590	0.01433	0.01107	0.01564	0.01107	0.06920	0.01018	0.04638	0.00617	0.00173	0.00584	0.00535	0.00266	0.00728
51	0.00624	0.00461	0.00584	0.00664	0.00727	0.00421	0.00456	0.00735	0.01050	0.01384	0.11433	0.60175	0.16492	0.01472	0.00632	0.00194	0.00281	0.01317	0.00479	0.00421
52	0.20233	0.00886	0.01081	0.00849	0.01224	0.00827	0.00701	0.02254	0.01321	0.62831	0.01717	0.01528	0.01100	0.00592	0.00466	0.00156	0.00422	0.00458	0.00559	0.00793
53	0.08475	0.05370	0.01654	0.16527	0.26385	0.05523	0.09367	0.01366	0.01079	0.01518	0.01259	0.16770	0.01226	0.00682	0.00512	0.00164	0.00578	0.00625	0.00293	0.00626
54	0.00810	0.00606	0.00901	0.00966	0.01093	0.00598	0.04817	0.01035	0.01141	0.01491	0.02603	0.14965	0.02851	0.01369	0.00686	0.00226	0.00465	0.62450	0.00455	0.00470
55	0.01258	0.01086	0.01143	0.01029	0.01315	0.01258	0.00800	0.02687	0.78161	0.02115	0.02058	0.01887	0.01544	0.00686	0.00515	0.00172	0.00400	0.00572	0.00515	0.00800
56	0.02018	0.00836	0.01113	0.00878	0.01230	0.00748	0.00716	0.02304	0.06731	0.65081	0.10949	0.01972	0.01682	0.00678	0.00519	0.00158	0.00406	0.00560	0.00610	0.00812
57	0.00917	0.00788	0.01160	0.26024	0.07131	0.00862	0.03458	0.02435	0.10590	0.01648	0.23206	0.07432	0.05916	0.05455	0.00666	0.00186	0.00463	0.00708	0.00392	0.00562
58	0.00598	0.00512	0.00512	0.00512	0.00683	0.00427	0.00384	0.00726	0.01153	0.01366	0.05123	0.04866	0.78869	0.01281	0.00598	0.00171	0.00256	0.01067	0.00470	0.00427
59	0.00955	0.00899	0.01517	0.81013	0.03483	0.01123	0.01404	0.01292	0.01011	0.01292	0.00899	0.01348	0.00674	0.00506	0.00506	0.00169	0.00674	0.00449	0.00225	0.00562
60	0.03218	0.04886	0.01378	0.34048	0.02173	0.01162	0.01036	0.22364	0.01395	0.05768	0.01295	0.01540	0.04409	0.00930	0.09137	0.00228	0.00656	0.00480	0.03252	0.00642
61	0.00841	0.00712	0.00778	0.00819	0.00909	0.09168	0.00614	0.00987	0.00989	0.01292	0.01970	0.27660	0.02134	0.06558	0.26439	0.00409	0.00737	0.12108	0.04429	0.00448
62	0.01194	0.01364	0.02984	0.02131	0.02643	0.01279	0.77238	0.01620	0.01194	0.01620	0.01023	0.01364	0.00767	0.00426	0.00597	0.00171	0.00853	0.00597	0.00256	0.00682
63	0.01108	0.19176	0.39194	0.01242	0.01750	0.01339	0.05270	0.04833	0.01108	0.01542	0.03942	0.02770	0.04612	0.00595	0.00595	0.00157	0.09386	0.00446	0.00260	0.00676
64	0.00899	0.00859	0.03049	0.03474	0.01218	0.00989	0.06643	0.01063	0.00922	0.01307	0.07864	0.02235	0.10785	0.11374	0.15408	0.00341	0.30149	0.00621	0.00301	0.00498
65	0.00860	0.00602	0.00880	0.00897	0.01037	0.00579	0.04530	0.01079	0.01199	0.05699	0.16113	0.16209	0.04275	0.01269	0.00656	0.00208	0.00414	0.42522	0.00480	0.00491
66	0.01097	0.23450	0.34395	0.01210	0.05321	0.01285	0.01260	0.01532	0.06528	0.02847	0.01132	0.06640	0.00976	0.00917	0.09102	0.00220	0.00690	0.00456	0.00268	0.00674
67	0.01349	0.01340	0.10733	0.05883	0.22395	0.01184	0.19200	0.14251	0.02515	0.08097	0.06970	0.01493	0.01124	0.00538	0.00530	0.00159	0.00629	0.00518	0.00346	0.00745
68	0.00953	0.09645	0.01214	0.00929	0.00985	0.01102	0.00727	0.01034	0.00791	0.01119	0.01092	0.02006	0.01172	0.32343	0.09528	0.00370	0.33728	0.00546	0.00258	0.00459
69	0.01181	0.00895	0.01062	0.00765	0.01208	0.00682	0.00615	0.01402	0.01092	0.10082	0.01018	0.01122	0.00804	0.00402	0.00389	0.00084	0.00381	0.00322	0.00335	0.76161
70	0.00943	0.00872	0.01451	0.68561	0.06812	0.01057	0.01311	0.01268	0.01063	0.01389	0.09350	0.01607	0.01124	0.00560	0.00515	0.00167	0.00623	0.00500	0.00262	0.00564
71	0.01467	0.32379	0.02205	0.01300	0.01646	0.26851	0.15671	0.01664	0.01162	0.01291	0.00786	0.00982	0.00674	0.00509	0.00564	0.00140	0.09478	0.00370	0.00239	0.00625

[dist]
# distance from previous block
# <min> <max>
0	4

[block]
# block no. 4 follows, 49 sequences, length 48
# corresponding to MSA columns:
# 161-208
name=unknown_E
#
# <colnr> <probs for GDERKNQSTAVLIFYWHMCP>
#	G	D	E	R	K	N	Q	S	T	A	V	L	I	F	Y	W	H	M	C	P
0	0.01315	0.01163	0.01741	0.07556	0.47462	0.01193	0.01282	0.16135	0.03597	0.01933	0.02414	0.01428	0.03753	0.00526	0.00499	0.00148	0.00558	0.00475	0.00322	0.06501
1	0.00987	0.00749	0.01138	0.01439	0.23410	0.00725	0.00882	0.01169	0.01143	0.04161	0.17471	0.03027	0.03310	0.01026	0.00789	0.12949	0.00445	0.20083	0.00383	0.04714
2	0.00705	0.00516	0.00651	0.04727	0.00882	0.00478	0.00502	0.00854	0.01144	0.04076	0.20063	0.34582	0.26391	0.01284	0.00608	0.00181	0.00294	0.01129	0.00481	0.00453
3	0.01252	0.01201	0.02053	0.03104	0.79074	0.01201	0.01552	0.01552	0.01151	0.01652	0.00951	0.01252	0.00801	0.00451	0.00501	0.00150	0.00601	0.00451	0.00250	0.00801
4	0.00778	0.00591	0.00791	0.00802	0.04402	0.00586	0.00571	0.01091	0.06522	0.01888	0.58419	0.03265	0.03844	0.01398	0.12538	0.00258	0.00434	0.00814	0.00497	0.00510
5	0.01082	0.01212	0.13413	0.21165	0.02201	0.01036	0.21592	0.03091	0.01106	0.06079	0.05026	0.01840	0.02475	0.11525	0.00852	0.00212	0.03342	0.01849	0.00297	0.00604
6	0.00657	0.00495	0.00613	0.00697	0.00765	0.00471	0.00479	0.00842	0.06223	0.01358	0.03088	0.64918	0.14559	0.01478	0.00629	0.00198	0.00295	0.01323	0.00472	0.00440
7	0.01352	0.01234	0.01972	0.02813	0.67441	0.01257	0.01463	0.12935	0.01335	0.01882	0.00991	0.01246	0.00810	0.00474	0.00501	0.00150	0.00594	0.00451	0.00289	0.00810
8	0.00969	0.02301	0.67761	0.01320	0.01973	0.01070	0.01659	0.01504	0.01122	0.01665	0.12600	0.01474	0.01261	0.00563	0.00498	0.00160	0.00671	0.00455	0.00265	0.00707
9	0.00677	0.00453	0.00583	0.00683	0.00731	0.00430	0.00473	0.00796	0.00994	0.01394	0.02610	0.65220	0.03010	0.01423	0.00605	0.00194	0.00295	0.05842	0.13162	0.00423
10	0.00848	0.00565	0.00612	0.00570	0.00774	0.00474	0.00438	0.00987	0.01197	0.13082	0.04653	0.04394	0.67219	0.01182	0.00584	0.00169	0.00282	0.00983	0.00493	0.00492
11	0.01338	0.48189	0.23959	0.01092	0.01586	0.13507	0.01162	0.01614	0.01100	0.01312	0.00772	0.00898	0.00647	0.00459	0.00388	0.00126	0.00654	0.00308	0.00222	0.00667
12	0.01243	0.01226	0.02192	0.02958	0.67602	0.01213	0.12912	0.01562	0.01158	0.01647	0.00962	0.01268	0.00796	0.00447	0.00515	0.00153	0.00639	0.00472	0.00251	0.00783
13	0.00955	0.00899	0.01517	0.81013	0.03483	0.01123	0.01404	0.01292	0.01011	0.01292	0.00899	0.01348	0.00674	0.00506	0.00506	0.00169	0.00674	0.00449	0.00225	0.00562
14	0.01207	0.01148	0.01912	0.14660	0.62558	0.01194	0.01480	0.01588	0.06251	0.01629	0.01017	0.01308	0.00831	0.00474	0.00502	0.00154	0.00598	0.00458	0.00264	0.00765
15	0.01230	0.01182	0.02053	0.17855	0.47870	0.01222	0.12844	0.06554	0.01212	0.01680	0.00969	0.01285	0.00775	0.00468	0.00516	0.00157	0.00650	0.00473	0.00263	0.00741
16	0.00712	0.00505	0.00605	0.00605	0.00651	0.00513	0.00392	0.00772	0.00816	0.01082	0.02069	0.03242	0.13270	0.52256	0.19922	0.00516	0.00651	0.00741	0.00323	0.00357
17	0.00630	0.00450	0.00602	0.00719	0.00755	0.00422	0.00493	0.00727	0.00981	0.01306	0.02780	0.76739	0.03315	0.01572	0.00649	0.00207	0.00305	0.06464	0.00469	0.00414
18	0.06889	0.01132	0.01731	0.25076	0.40489	0.01230	0.01354	0.12855	0.01276	0.01820	0.00959	0.01245	0.00756	0.00491	0.00490	0.00156	0.00601	0.00439	0.00285	0.00724
19	0.00773	0.00882	0.12637	0.00894	0.01081	0.00737	0.00804	0.00994	0.00893	0.01263	0.01749	0.05821	0.10219	0.05027	0.47783	0.00563	0.06476	0.00617	0.00292	0.00494
20	0.00616	0.00440	0.00587	0.00704	0.00733	0.00411	0.00469	0.00704	0.00968	0.01291	0.02787	0.81899	0.03344	0.01584	0.00645	0.00205	0.00293	0.01438	0.00469	0.00411
21	0.00955	0.00899	0.01517	0.81013	0.03483	0.01123	0.01404	0.01292	0.01011	0.01292	0.00899	0.01348	0.00674	0.00506	0.00506	0.00169	0.00674	0.00449	0.00225	0.00562
22	0.01096	0.00971	0.01492	0.61501	0.06519	0.01160	0.01294	0.12698	0.01230	0.01597	0.01156	0.01497	0.04554	0.00556	0.00510	0.00165	0.00633	0.00481	0.00280	0.00611
23	0.01019	0.00742	0.00785	0.00766	0.00811	0.12424	0.00533	0.00879	0.00785	0.00952	0.00896	0.01474	0.00870	0.01709	0.07047	0.66785	0.00572	0.00429	0.00229	0.00290
24	0.01352	0.82533	0.02650	0.00865	0.01298	0.02001	0.00865	0.01514	0.01027	0.01190	0.00703	0.00811	0.00649	0.00433	0.00324	0.00108	0.00541	0.00270	0.00216	0.00649
25	0.00722	0.00542	0.00813	0.00813	0.00903	0.00632	0.00632	0.00903	0.00813	0.01174	0.01354	0.01987	0.01264	0.03792	0.80225	0.00813	0.01354	0.00542	0.00271	0.00451
26	0.01033	0.00934	0.01466	0.52115	0.11758	0.01023	0.01225	0.01338	0.01043	0.02734	0.00923	0.01274	0.00716	0.00471	0.00475	0.00145	0.00593	0.00416	0.00252	0.20066
27	0.01019	0.00997	0.01788	0.61773	0.10537	0.01154	0.12801	0.01366	0.01052	0.01375	0.00922	0.01341	0.00700	0.00488	0.00519	0.00167	0.00694	0.00472	0.00232	0.00603
28	0.00735	0.00490	0.00552	0.00552	0.00552	0.00490	0.00306	0.00735	0.00735	0.00980	0.01593	0.03309	0.01838	0.82229	0.02574	0.00490	0.00490	0.00735	0.00306	0.00306
29	0.01014	0.02616	0.79609	0.01441	0.02189	0.01174	0.01868	0.01601	0.01068	0.01601	0.00907	0.01068	0.00641	0.00480	0.00480	0.00160	0.00747	0.00374	0.00214	0.00747
30	0.00835	0.00467	0.00696	0.00696	0.00720	0.00491	0.00486	0.00724	0.00701	0.00958	0.01018	0.01694	0.01000	0.04088	0.22380	0.61377	0.00679	0.00473	0.00235	0.00282
31	0.00640	0.00503	0.00584	0.00629	0.00751	0.00447	0.00472	0.00779	0.01124	0.01411	0.09151	0.25380	0.43416	0.01361	0.00624	0.00188	0.00293	0.11340	0.00475	0.00431
32	0.00615	0.00444	0.00583	0.00695	0.00731	0.00412	0.00465	0.00705	0.00977	0.01295	0.02902	0.78110	0.07059	0.01569	0.00643	0.00204	0.00292	0.01419	0.00469	0.00412
33	0.01061	0.11528	0.67198	0.01411	0.02111	0.01272	0.05463	0.01593	0.01069	0.01556	0.00890	0.01053	0.00648	0.00472	0.00469	0.00155	0.00729	0.00373	0.00216	0.00733
34	0.01164	0.01141	0.02028	0.24036	0.48786	0.01190	0.11272	0.01490	0.01119	0.01551	0.00946	0.01292	0.00762	0.00462	0.00514	0.00158	0.00653	0.00469	0.00244	0.00721
35	0.00616	0.00440	0.00587	0.00704	0.00733	0.00411	0.00469	0.00704	0.00968	0.01291	0.02787	0.81899	0.03344	0.01584	0.00645	0.00205	0.00293	0.01438	0.00469	0.00411
36	0.01276	0.54993	0.25581	0.01057	0.01576	0.05335	0.01170	0.01563	0.01058	0.01315	0.00768	0.00892	0.00647	0.00451	0.00377	0.00125	0.00619	0.00304	0.00218	0.00675
37	0.00616	0.00440	0.00587	0.00704	0.00733	0.00411	0.00469	0.00704	0.00968	0.01291	0.02787	0.81899	0.03344	0.01584	0.00645	0.00205	0.00293	0.01438	0.00469	0.00411
38	0.00767	0.00590	0.00797	0.00891	0.09608	0.00556	0.00564	0.00966	0.01267	0.01760	0.50860	0.03531	0.11443	0.13180	0.00882	0.00209	0.00319	0.00851	0.00475	0.00483
39	0.00722	0.00542	0.00813	0.00813	0.00903	0.00632	0.00632	0.00903	0.00813	0.01174	0.01354	0.01987	0.01264	0.03792	0.80225	0.00813	0.01354	0.00542	0.00271	0.00451
40	0.01215	0.01155	0.01959	0.02937	0.73771	0.01152	0.01479	0.01511	0.01170	0.01677	0.06223	0.01423	0.01070	0.00490	0.00507	0.00151	0.00576	0.00482	0.00271	0.00779
41	0.01049	0.00899	0.01049	0.00749	0.01198	0.00674	0.00599	0.01273	0.01049	0.01648	0.00899	0.01049	0.00749	0.00374	0.00374	0.00075	0.00374	0.00300	0.00300	0.85320
42	0.00964	0.00873	0.01384	0.01071	0.01406	0.00790	0.17210	0.01217	0.00996	0.01473	0.01088	0.01450	0.00936	0.01601	0.28815	0.00358	0.00826	0.00450	0.00280	0.36812
43	0.01049	0.00899	0.01049	0.00749	0.01198	0.00674	0.00599	0.01273	0.01049	0.01648	0.00899	0.01049	0.00749	0.00374	0.00374	0.00075	0.00374	0.00300	0.00300	0.85320
44	0.01511	0.01373	0.16599	0.01109	0.01508	0.01167	0.01032	0.13481	0.26539	0.19316	0.02839	0.01550	0.01177	0.00633	0.00580	0.00164	0.05875	0.00493	0.00456	0.02601
45	0.01127	0.01414	0.16787	0.03243	0.27934	0.01329	0.01393	0.01396	0.00962	0.01435	0.00832	0.01199	0.00731	0.02395	0.01038	0.00190	0.35254	0.00438	0.00232	0.00670
46	0.00768	0.00811	0.12415	0.00682	0.00806	0.00589	0.00546	0.00865	0.00813	0.01099	0.01725	0.03076	0.06781	0.64576	0.02128	0.00419	0.00513	0.00703	0.00303	0.00381
47	0.01102	0.01093	0.01516	0.01289	0.01319	0.01491	0.01073	0.01221	0.00793	0.01246	0.00679	0.01102	0.00669	0.00851	0.01574	0.00212	0.75922	0.00433	0.00226	0.06189

[dist]
# distance from previous block
# <min> <max>
0	2

[block]
# block no. 5 follows, 49 sequences, length 7
# corresponding to MSA columns:
# 211-217
name=unknown_F
#
# <colnr> <probs for GDERKNQSTAVLIFYWHMCP>
#	G	D	E	R	K	N	Q	S	T	A	V	L	I	F	Y	W	H	M	C	P
0	0.00835	0.00486	0.00688	0.00701	0.00750	0.00465	0.00494	0.00750	0.00795	0.01073	0.01418	0.16827	0.01535	0.01592	0.01488	0.54883	0.00410	0.08348	0.00297	0.06163
1	0.00639	0.00514	0.00569	0.00555	0.00708	0.00444	0.00416	0.00805	0.01249	0.01595	0.30658	0.04489	0.53191	0.01195	0.00597	0.00167	0.00250	0.01014	0.00500	0.00444
2	0.17043	0.01090	0.01109	0.00969	0.01277	0.01243	0.00767	0.10134	0.52486	0.05838	0.01717	0.01612	0.01275	0.00635	0.00476	0.00166	0.00416	0.00502	0.00481	0.00762
3	0.00955	0.00899	0.01517	0.81013	0.03483	0.01123	0.01404	0.01292	0.01011	0.01292	0.00899	0.01348	0.00674	0.00506	0.00506	0.00169	0.00674	0.00449	0.00225	0.00562
4	0.01224	0.01173	0.02003	0.10330	0.72063	0.01194	0.01538	0.01528	0.01138	0.01619	0.00946	0.01260	0.00789	0.00456	0.00501	0.00152	0.00608	0.00450	0.00248	0.00779
5	0.01057	0.25145	0.42938	0.01160	0.01695	0.01311	0.01352	0.01447	0.01009	0.01404	0.00932	0.01164	0.00759	0.01081	0.15217	0.00266	0.00801	0.00375	0.00225	0.00664
6	0.16408	0.01238	0.01321	0.01029	0.01415	0.01341	0.00850	0.50451	0.01944	0.17160	0.01271	0.01241	0.00879	0.00587	0.00473	0.00153	0.00505	0.00434	0.00495	0.00806

[dist]
# distance from previous block
# <min> <max>
1	52

[block]
# block no. 6 follows, 49 sequences, length 77
# corresponding to MSA columns:
# 274-350
name=unknown_G
#
# <colnr> <probs for GDERKNQSTAVLIFYWHMCP>
#	G	D	E	R	K	N	Q	S	T	A	V	L	I	F	Y	W	H	M	C	P
0	0.01078	0.01136	0.02266	0.36185	0.04587	0.01188	0.40735	0.01458	0.01120	0.01490	0.03123	0.01422	0.00839	0.00478	0.00555	0.00169	0.00753	0.00539	0.00251	0.00627
1	0.01237	0.01270	0.05583	0.02852	0.66277	0.01208	0.06663	0.01619	0.05235	0.01672	0.01013	0.01285	0.00831	0.00463	0.00507	0.00153	0.00614	0.00463	0.00263	0.00790
2	0.00630	0.00450	0.00602	0.00720	0.00755	0.00422	0.00493	0.00727	0.00981	0.01306	0.02780	0.76727	0.03315	0.01572	0.00649	0.00207	0.00305	0.06476	0.00469	0.00414
3	0.01302	0.01076	0.01145	0.01023	0.01314	0.01235	0.00798	0.02677	0.74784	0.05519	0.02055	0.01879	0.01531	0.00683	0.00514	0.00171	0.00402	0.00569	0.00519	0.00803
4	0.01393	0.54644	0.02339	0.01351	0.16210	0.11112	0.01008	0.01622	0.03762	0.01316	0.00807	0.00945	0.00709	0.00455	0.00380	0.00121	0.00591	0.00322	0.00238	0.00676
5	0.01045	0.00785	0.00961	0.00993	0.08669	0.00775	0.02006	0.05089	0.17161	0.09587	0.03261	0.11192	0.34457	0.00993	0.00562	0.00170	0.00366	0.00847	0.00471	0.00609
6	0.00950	0.00879	0.01292	0.01135	0.01192	0.01146	0.04244	0.01095	0.00805	0.01208	0.00980	0.01547	0.00946	0.05639	0.31022	0.00452	0.44214	0.00500	0.00245	0.00510
7	0.00943	0.00471	0.00471	0.00471	0.00589	0.00471	0.00353	0.01178	0.01060	0.01885	0.01650	0.01885	0.01296	0.00589	0.00353	0.00118	0.00236	0.00471	0.85036	0.00471
8	0.01138	0.23120	0.52713	0.04893	0.01990	0.04950	0.01549	0.01584	0.01071	0.01465	0.00849	0.01007	0.00645	0.00471	0.00440	0.00146	0.00698	0.00348	0.00217	0.00706
9	0.05290	0.07661	0.03812	0.01839	0.17671	0.23072	0.23331	0.06864	0.02741	0.01634	0.00933	0.01144	0.00741	0.00478	0.00495	0.00149	0.00742	0.00438	0.00276	0.00687
10	0.00642	0.00510	0.00580	0.00618	0.00735	0.00461	0.00442	0.00819	0.04490	0.01415	0.09085	0.34484	0.41197	0.01355	0.00612	0.00183	0.00276	0.01178	0.00477	0.00440
11	0.01182	0.01138	0.01962	0.20893	0.59176	0.01186	0.04099	0.01495	0.01121	0.01569	0.00942	0.01277	0.00771	0.00462	0.00505	0.00155	0.00626	0.00455	0.00245	0.00742
12	0.01138	0.04660	0.46483	0.01627	0.02255	0.04052	0.26414	0.01656	0.02842	0.02686	0.00975	0.01178	0.00711	0.00469	0.00514	0.00161	0.00769	0.00448	0.00242	0.00720
13	0.01293	0.09676	0.34872	0.01423	0.07299	0.02641	0.06516	0.10254	0.13784	0.05641	0.01171	0.01255	0.00863	0.00525	0.00484	0.00155	0.00634	0.00431	0.00322	0.00761
14	0.01028	0.00973	0.01649	0.61827	0.22099	0.01143	0.01441	0.01356	0.01046	0.01381	0.00912	0.01324	0.00705	0.00492	0.00504	0.00164	0.00656	0.00450	0.00231	0.00621
15	0.00625	0.00446	0.00597	0.00714	0.00748	0.00418	0.00485	0.00720	0.00977	0.01301	0.02782	0.78461	0.03325	0.01576	0.00648	0.00207	0.00301	0.04787	0.00469	0.00413
16	0.01324	0.30452	0.33960	0.01177	0.01726	0.02679	0.04586	0.01743	0.05201	0.11158	0.01035	0.01112	0.00773	0.00491	0.00435	0.00142	0.00624	0.00373	0.00284	0.00724
17	0.01536	0.09756	0.36369	0.01249	0.05121	0.04536	0.01300	0.01906	0.01223	0.29106	0.02336	0.01312	0.00922	0.00535	0.00476	0.00152	0.00609	0.00420	0.00368	0.00769
18	0.00722	0.00542	0.00813	0.00813	0.00903	0.00632	0.00632	0.00903	0.00813	0.01174	0.01354	0.01987	0.01264	0.03792	0.80225	0.00813	0.01354	0.00542	0.00271	0.00451
19	0.01015	0.00976	0.01551	0.53103	0.06250	0.01257	0.01320	0.01281	0.00945	0.01285	0.00829	0.01270	0.00677	0.00619	0.00858	0.00184	0.25338	0.00447	0.00225	0.00570
20	0.01343	0.04993	0.02046	0.07584	0.45863	0.10560	0.12216	0.01632	0.01190	0.05077	0.01000	0.01302	0.00815	0.00480	0.00505	0.00152	0.00666	0.01573	0.00269	0.00734
21	0.01050	0.01454	0.21187	0.01592	0.07143	0.01111	0.26308	0.01509	0.07234	0.01607	0.05392	0.07401	0.04770	0.00675	0.00650	0.00174	0.07435	0.02342	0.00308	0.00658
22	0.00616	0.00440	0.00587	0.00704	0.00733	0.00411	0.00469	0.00704	0.00968	0.01291	0.02787	0.81899	0.03344	0.01584	0.00645	0.00205	0.00293	0.01438	0.00469	0.00411
23	0.01164	0.03937	0.41341	0.01734	0.05747	0.07463	0.28152	0.01637	0.01143	0.01572	0.00935	0.01162	0.00693	0.00462	0.00517	0.00160	0.00786	0.00449	0.00234	0.00712
24	0.01836	0.01392	0.16374	0.01153	0.03684	0.01122	0.01052	0.25450	0.05922	0.34467	0.01519	0.01435	0.01017	0.00591	0.00502	0.00156	0.00533	0.00468	0.00493	0.00834
25	0.01187	0.01415	0.06424	0.02133	0.05228	0.01271	0.71242	0.01617	0.01186	0.01620	0.01015	0.01347	0.00763	0.00430	0.00588	0.00169	0.00839	0.00582	0.00254	0.00689
26	0.01202	0.01341	0.02855	0.02266	0.13238	0.01268	0.66746	0.01610	0.01188	0.01624	0.01013	0.01348	0.00772	0.00430	0.00583	0.00168	0.00818	0.00576	0.00255	0.00699
27	0.00606	0.00481	0.00544	0.00595	0.00705	0.00420	0.00421	0.00716	0.01073	0.01334	0.04114	0.38142	0.46245	0.01412	0.00618	0.00186	0.00272	0.01227	0.00469	0.00420
28	0.04920	0.20743	0.05563	0.00842	0.01294	0.01112	0.00756	0.07403	0.01142	0.01684	0.00868	0.00995	0.00719	0.00417	0.00376	0.00097	0.00449	0.00308	0.00292	0.50018
29	0.00735	0.00492	0.00562	0.00562	0.00566	0.00496	0.00320	0.00742	0.00738	0.00988	0.01584	0.03256	0.01815	0.79073	0.05698	0.00503	0.00525	0.00728	0.00305	0.00312
30	0.00615	0.00443	0.00583	0.00695	0.00731	0.00411	0.00466	0.00705	0.00976	0.01294	0.02892	0.78423	0.06752	0.01571	0.00643	0.00204	0.00292	0.01421	0.00469	0.00411
31	0.01115	0.06062	0.67473	0.01472	0.06174	0.01188	0.01741	0.01645	0.01092	0.06084	0.00963	0.01104	0.00685	0.00485	0.00476	0.00157	0.00712	0.00381	0.00239	0.00752
32	0.01313	0.25816	0.19615	0.05836	0.16778	0.14426	0.06454	0.01620	0.01138	0.01414	0.00842	0.01037	0.00686	0.00465	0.00443	0.00139	0.00688	0.00369	0.00233	0.00688
33	0.01775	0.01026	0.01600	0.01969	0.39016	0.00965	0.01135	0.02022	0.01304	0.41705	0.01489	0.01493	0.01033	0.00541	0.00505	0.00153	0.00513	0.00480	0.00444	0.00832
34	0.00613	0.00488	0.00550	0.00587	0.00706	0.00425	0.00420	0.00735	0.01110	0.01389	0.09704	0.31179	0.47581	0.01367	0.00614	0.00182	0.00268	0.01183	0.00476	0.00425
35	0.01248	0.01392	0.09519	0.05688	0.62842	0.05154	0.03674	0.01572	0.01153	0.01612	0.00939	0.01223	0.00772	0.00458	0.00499	0.00151	0.00640	0.00441	0.00246	0.00773
36	0.01466	0.01599	0.03853	0.02136	0.39308	0.26199	0.01251	0.01888	0.12797	0.03031	0.01082	0.01243	0.00869	0.00512	0.00488	0.00147	0.00670	0.00428	0.00299	0.00733
37	0.00714	0.00508	0.00691	0.00803	0.00872	0.00494	0.00623	0.00866	0.01049	0.01380	0.02682	0.42837	0.03074	0.05152	0.00758	0.00231	0.00383	0.35992	0.00460	0.00432
38	0.01063	0.02079	0.49844	0.01717	0.08527	0.01170	0.21228	0.01566	0.01114	0.01611	0.02483	0.02317	0.01927	0.00500	0.00518	0.00163	0.00740	0.00472	0.00241	0.00721
39	0.00727	0.00487	0.00554	0.00563	0.00565	0.00484	0.00318	0.00733	0.00753	0.01003	0.01681	0.09098	0.01949	0.76289	0.02432	0.00469	0.00476	0.00787	0.00318	0.00314
40	0.00654	0.00514	0.00591	0.00572	0.00718	0.00451	0.00429	0.00836	0.01287	0.01684	0.40547	0.04343	0.43247	0.01162	0.00597	0.00165	0.00248	0.00994	0.00511	0.00451
41	0.00937	0.00874	0.01467	0.76754	0.03337	0.01086	0.01355	0.01261	0.01009	0.01292	0.00999	0.05621	0.00816	0.00563	0.00513	0.00170	0.00654	0.00502	0.00238	0.00554
42	0.01265	0.06839	0.02379	0.04639	0.39915	0.05651	0.28721	0.01593	0.01170	0.01576	0.00949	0.01246	0.00767	0.00446	0.00521	0.00154	0.00707	0.00484	0.00250	0.00729
43	0.01014	0.02616	0.79609	0.01441	0.02189	0.01174	0.01868	0.01601	0.01068	0.01601	0.00907	0.01068	0.00641	0.00480	0.00480	0.00160	0.00747	0.00374	0.00214	0.00747
44	0.01181	0.01449	0.08184	0.02084	0.02612	0.01272	0.72122	0.01619	0.01185	0.01619	0.01015	0.01344	0.00759	0.00430	0.00589	0.00170	0.00845	0.00582	0.00253	0.00686
45	0.00725	0.00722	0.04898	0.00739	0.02359	0.00598	0.03250	0.01024	0.09026	0.01467	0.04178	0.08936	0.56648	0.01152	0.00586	0.00173	0.00330	0.02241	0.00449	0.00498
46	0.01332	0.25551	0.39706	0.01200	0.01778	0.01466	0.01363	0.15197	0.01308	0.05277	0.00952	0.01049	0.00710	0.00496	0.00441	0.00143	0.00639	0.00364	0.00285	0.00744
47	0.00835	0.00461	0.00509	0.00548	0.00637	0.00451	0.00392	0.01022	0.01030	0.01689	0.02025	0.28288	0.01972	0.00917	0.00450	0.00147	0.00255	0.00790	0.57131	0.00451
48	0.08620	0.30069	0.11480	0.09857	0.16242	0.01483	0.11148	0.01514	0.01056	0.01487	0.00835	0.01058	0.00686	0.00460	0.00454	0.00143	0.02116	0.00381	0.00237	0.00674
49	0.00674	0.00510	0.00621	0.00604	0.00732	0.00458	0.00449	0.00869	0.01317	0.01780	0.51627	0.09405	0.26818	0.01145	0.00600	0.00166	0.00248	0.00996	0.00525	0.00458
50	0.01027	0.00871	0.01015	0.00736	0.01154	0.00662	0.00579	0.01237	0.01027	0.01602	0.00946	0.01202	0.00823	0.05930	0.00524	0.00103	0.00382	0.00329	0.00300	0.79550
51	0.00765	0.00615	0.00946	0.00817	0.00980	0.00569	0.09755	0.01015	0.01370	0.01921	0.63281	0.07729	0.06242	0.00997	0.00599	0.00163	0.00316	0.00908	0.00513	0.00497
52	0.01296	0.01105	0.01165	0.01037	0.01329	0.01275	0.00810	0.06954	0.73832	0.02177	0.02010	0.01848	0.01505	0.00682	0.00514	0.00170	0.00409	0.00565	0.00514	0.00804
53	0.00701	0.00516	0.00656	0.00621	0.00746	0.00471	0.00466	0.00926	0.01397	0.01945	0.69637	0.03913	0.13994	0.01065	0.00597	0.00161	0.00241	0.00934	0.00546	0.00471
54	0.01278	0.01140	0.03399	0.01036	0.01349	0.01247	0.00831	0.06701	0.68399	0.02139	0.01928	0.01789	0.01445	0.00662	0.00507	0.00166	0.00418	0.00548	0.00496	0.04523
