[name]
unknown

[dist]
# distance from previous block
# <min> <max>
0	71

[block]
# block no. 0 follows, 45 sequences, length 20
# corresponding to MSA columns:
# 81-100
name=unknown_A
#
# <colnr> <probs for GDERKNQSTAVLIFYWHMCP>
#	G	D	E	R	K	N	Q	S	T	A	V	L	I	F	Y	W	H	M	C	P
0	0.00682	0.00536	0.00622	0.00655	0.00790	0.00475	0.00492	0.00839	0.01227	0.01555	0.15405	0.21218	0.42829	0.01402	0.00657	0.00194	0.00302	0.09144	0.00512	0.00462
1	0.48798	0.00839	0.00838	0.00795	0.01022	0.00918	0.04095	0.01267	0.00974	0.01979	0.01608	0.31422	0.01726	0.00948	0.00481	0.00187	0.00399	0.00779	0.00393	0.00533
2	0.01291	0.01238	0.02112	0.12314	0.69058	0.01266	0.01629	0.01615	0.01205	0.01709	0.01003	0.01341	0.00834	0.00485	0.00532	0.00162	0.00647	0.00478	0.00263	0.00820
3	0.00658	0.00538	0.00584	0.00609	0.00763	0.00464	0.00457	0.00800	0.01206	0.01473	0.07210	0.15859	0.59425	0.01405	0.00649	0.00191	0.00293	0.06460	0.00501	0.00455
4	0.84927	0.01038	0.00789	0.00706	0.01038	0.01204	0.00581	0.01578	0.00914	0.02408	0.00747	0.00872	0.00581	0.00498	0.00332	0.00166	0.00415	0.00291	0.00332	0.00581
5	0.00777	0.00525	0.00605	0.00599	0.00618	0.00518	0.00352	0.00815	0.00891	0.01207	0.13030	0.03587	0.02417	0.69164	0.02418	0.00468	0.00480	0.00809	0.00365	0.00352
6	0.00657	0.00479	0.00619	0.00722	0.00774	0.00441	0.00489	0.00762	0.01071	0.01415	0.06633	0.69152	0.11570	0.01620	0.00677	0.00212	0.00305	0.01458	0.00503	0.00441
7	0.84927	0.01038	0.00789	0.00706	0.01038	0.01204	0.00581	0.01578	0.00914	0.02408	0.00747	0.00872	0.00581	0.00498	0.00332	0.00166	0.00415	0.00291	0.00332	0.00581
8	0.77498	0.01027	0.00830	0.00728	0.01068	0.01167	0.00600	0.01671	0.00970	0.09228	0.00871	0.00958	0.00649	0.00513	0.00351	0.00166	0.00419	0.00313	0.00362	0.00611
9	0.84927	0.01038	0.00789	0.00706	0.01038	0.01204	0.00581	0.01578	0.00914	0.02408	0.00747	0.00872	0.00581	0.00498	0.00332	0.00166	0.00415	0.00291	0.00332	0.00581
10	0.01504	0.01632	0.01930	0.09564	0.48292	0.24613	0.01450	0.01772	0.01299	0.01587	0.00951	0.01229	0.00791	0.00506	0.00518	0.00155	0.00744	0.00438	0.00267	0.00759
11	0.00851	0.00641	0.00823	0.00903	0.01052	0.00635	0.00768	0.01166	0.06693	0.01620	0.03337	0.05576	0.18554	0.01403	0.00705	0.00229	0.00443	0.53590	0.00499	0.00511
12	0.05791	0.00919	0.01227	0.00945	0.01357	0.00806	0.00780	0.02573	0.01511	0.75053	0.02062	0.01788	0.01298	0.00658	0.00531	0.00166	0.00455	0.00530	0.00651	0.00900
13	0.01194	0.01249	0.02490	0.02346	0.25029	0.01195	0.42280	0.01552	0.01218	0.01678	0.01343	0.13278	0.01234	0.00644	0.00611	0.00180	0.00736	0.00720	0.00304	0.00719
14	0.02408	0.00914	0.01246	0.00955	0.01370	0.00789	0.00789	0.02616	0.01536	0.78158	0.02118	0.01827	0.01329	0.00664	0.00540	0.00166	0.00457	0.00540	0.00664	0.00914
15	0.00786	0.00561	0.00774	0.00898	0.00987	0.00550	0.00727	0.00975	0.01158	0.01518	0.02886	0.34107	0.03262	0.01558	0.00720	0.00236	0.00426	0.46903	0.00496	0.00472
16	0.02146	0.00884	0.01182	0.00925	0.01298	0.00784	0.00757	0.05526	0.01576	0.63581	0.13357	0.02130	0.01870	0.00728	0.00554	0.00166	0.00432	0.00602	0.00648	0.00853
17	0.01479	0.01581	0.02100	0.02783	0.54966	0.19046	0.06867	0.01766	0.01294	0.01651	0.00974	0.01255	0.00811	0.00494	0.00528	0.00156	0.00733	0.00459	0.00269	0.00789
18	0.84927	0.01038	0.00789	0.00706	0.01038	0.01204	0.00581	0.01578	0.00914	0.02408	0.00747	0.00872	0.00581	0.00498	0.00332	0.00166	0.00415	0.00291	0.00332	0.00581
19	0.00768	0.00521	0.00595	0.00608	0.00622	0.00515	0.00359	0.00788	0.00832	0.01100	0.01982	0.09248	0.05387	0.69386	0.02430	0.00475	0.00494	0.03195	0.00351	0.00344

[dist]
# distance from previous block
# <min> <max>
0	5

[block]
# block no. 1 follows, 45 sequences, length 23
# corresponding to MSA columns:
# 106-128
name=unknown_B
#
# <colnr> <probs for GDERKNQSTAVLIFYWHMCP>
#	G	D	E	R	K	N	Q	S	T	A	V	L	I	F	Y	W	H	M	C	P
0	0.01481	0.00994	0.01134	0.00999	0.01292	0.01070	0.00780	0.02481	0.47269	0.19647	0.08789	0.08019	0.02008	0.00817	0.00563	0.00180	0.00409	0.00692	0.00574	0.00804
1	0.01330	0.08264	0.04205	0.16046	0.50618	0.01363	0.01519	0.07149	0.01280	0.01765	0.00997	0.01297	0.00813	0.00500	0.00516	0.00159	0.00646	0.00460	0.00277	0.00796
2	0.27081	0.01045	0.01083	0.00842	0.01248	0.01012	0.00685	0.13049	0.01313	0.09991	0.01088	0.01170	0.00822	0.00502	0.00413	0.00129	0.00434	0.00364	0.03304	0.34428
3	0.01455	0.13858	0.29302	0.01647	0.11756	0.07619	0.07016	0.17545	0.01475	0.01972	0.01005	0.01162	0.00764	0.00526	0.00501	0.00157	0.00720	0.00423	0.00306	0.00792
4	0.12982	0.01458	0.04376	0.05644	0.01637	0.13183	0.03043	0.14568	0.12145	0.06909	0.01165	0.01302	0.00897	0.00670	0.00764	0.00179	0.17524	0.00455	0.00379	0.00718
5	0.00720	0.00535	0.00684	0.00763	0.00863	0.00498	0.00582	0.00883	0.01181	0.01537	0.11369	0.35254	0.19675	0.01494	0.00684	0.00213	0.00348	0.21748	0.00507	0.00464
6	0.00810	0.00692	0.00780	0.07574	0.01122	0.00685	0.00603	0.01226	0.14835	0.01643	0.09738	0.04212	0.49600	0.01158	0.00613	0.00182	0.00343	0.03151	0.00491	0.00542
7	0.02408	0.00914	0.01246	0.00955	0.01370	0.00789	0.00789	0.02616	0.01536	0.78158	0.02118	0.01827	0.01329	0.00664	0.00540	0.00166	0.00457	0.00540	0.00664	0.00914
8	0.02041	0.01504	0.01611	0.01235	0.01665	0.01665	0.01020	0.75997	0.02524	0.03383	0.01289	0.01289	0.00913	0.00644	0.00537	0.00161	0.00591	0.00483	0.00537	0.00913
9	0.00944	0.00575	0.00722	0.00669	0.00788	0.00539	0.00476	0.01118	0.01284	0.09545	0.43961	0.03551	0.03597	0.24806	0.01236	0.00271	0.00353	0.00850	0.04220	0.00494
10	0.01250	0.01203	0.01641	0.01394	0.01432	0.01646	0.01161	0.07800	0.00970	0.01474	0.00756	0.01184	0.00723	0.00914	0.01655	0.00228	0.73221	0.00471	0.00261	0.00616
11	0.01113	0.00954	0.01113	0.00795	0.01272	0.00716	0.00636	0.01352	0.01113	0.01749	0.00954	0.01113	0.00795	0.00398	0.00398	0.00080	0.00398	0.00318	0.00318	0.84417
12	0.01979	0.10770	0.04069	0.01184	0.01627	0.01335	0.07461	0.27569	0.05122	0.31054	0.01549	0.01482	0.01060	0.00613	0.00523	0.00160	0.00564	0.00497	0.00516	0.00864
13	0.01435	0.81458	0.02813	0.00918	0.01378	0.02124	0.00918	0.01607	0.01091	0.01263	0.00746	0.00861	0.00689	0.00459	0.00344	0.00115	0.00574	0.00287	0.00230	0.00689
14	0.01232	0.01497	0.16359	0.02245	0.35300	0.01277	0.06424	0.03868	0.06863	0.01745	0.01211	0.05937	0.01055	0.00651	0.00700	0.00179	0.10435	0.01950	0.00302	0.00770
15	0.01426	0.00801	0.01223	0.01026	0.01307	0.00717	0.10562	0.01634	0.01297	0.30241	0.04003	0.23485	0.08981	0.01037	0.00613	0.00187	0.00457	0.06898	0.00526	0.03579
16	0.02030	0.01817	0.01584	0.01279	0.01663	0.24630	0.01025	0.54060	0.02226	0.02768	0.01152	0.01193	0.00847	0.00617	0.00521	0.00154	0.00703	0.00442	0.00460	0.00827
17	0.00729	0.00580	0.00839	0.00846	0.00955	0.00542	0.06529	0.00871	0.01082	0.01411	0.03141	0.46205	0.17202	0.06063	0.03773	0.00252	0.00422	0.07631	0.00462	0.00463
18	0.01175	0.03826	0.25497	0.04721	0.06752	0.04652	0.24953	0.01687	0.06170	0.01753	0.09906	0.01769	0.01369	0.00601	0.00569	0.00173	0.00724	0.02668	0.00316	0.00719
19	0.04626	0.01160	0.01497	0.01148	0.01561	0.01156	0.06889	0.29402	0.01839	0.39312	0.01721	0.04576	0.01196	0.00674	0.00546	0.00167	0.00535	0.00557	0.00570	0.00870
20	0.00781	0.00520	0.00585	0.00585	0.00585	0.00520	0.00325	0.00781	0.00781	0.01041	0.01691	0.03513	0.01952	0.81135	0.02732	0.00520	0.00520	0.00781	0.00325	0.00325
21	0.01187	0.01492	0.14762	0.22447	0.22502	0.01275	0.25262	0.01608	0.01184	0.01635	0.01012	0.01361	0.00776	0.00490	0.00562	0.00173	0.00768	0.00514	0.00254	0.00735
22	0.11227	0.06436	0.06848	0.01401	0.05712	0.01273	0.15811	0.16176	0.03786	0.23968	0.01381	0.01413	0.00964	0.00569	0.00520	0.00165	0.00604	0.00493	0.00444	0.00811

[dist]
# distance from previous block
# <min> <max>
0	1

[block]
# block no. 2 follows, 45 sequences, length 112
# corresponding to MSA columns:
# 130-169,171-242
name=unknown_C
#
# <colnr> <probs for GDERKNQSTAVLIFYWHMCP>
#	G	D	E	R	K	N	Q	S	T	A	V	L	I	F	Y	W	H	M	C	P
0	0.00677	0.00492	0.00601	0.00676	0.00728	0.00457	0.00445	0.00759	0.01011	0.01315	0.03140	0.50758	0.16619	0.18414	0.01109	0.00275	0.00348	0.01297	0.00462	0.00416
1	0.74259	0.01087	0.00918	0.05001	0.04844	0.03354	0.00692	0.01586	0.00953	0.02293	0.00773	0.00926	0.00604	0.00501	0.00357	0.00166	0.00457	0.00311	0.00323	0.00596
2	0.01455	0.00706	0.00919	0.00775	0.01036	0.00620	0.00613	0.01670	0.01479	0.35034	0.33114	0.03249	0.15177	0.00952	0.00593	0.00170	0.00345	0.00810	0.00608	0.00675
3	0.01131	0.02478	0.61647	0.03082	0.07541	0.03006	0.07126	0.01686	0.01144	0.01674	0.00962	0.01172	0.00703	0.00522	0.00570	0.00172	0.03950	0.00422	0.00234	0.00777
4	0.01524	0.01111	0.01219	0.01068	0.01391	0.01239	0.00839	0.02811	0.63571	0.15602	0.02173	0.01972	0.01584	0.00717	0.00545	0.00179	0.00430	0.00595	0.00567	0.00861
5	0.00766	0.00595	0.00763	0.00740	0.00837	0.00606	0.00550	0.00942	0.01244	0.01715	0.38145	0.15681	0.15210	0.07030	0.04946	0.00245	0.08011	0.01000	0.00494	0.00481
6	0.00982	0.00786	0.00907	0.00835	0.01033	0.00830	0.00638	0.01727	0.31043	0.02167	0.45741	0.03258	0.05956	0.00961	0.00599	0.00174	0.00321	0.00833	0.00571	0.00639
7	0.01235	0.02057	0.37734	0.02193	0.27065	0.04998	0.11972	0.01731	0.02795	0.01713	0.01015	0.01251	0.00775	0.00498	0.00534	0.00167	0.00758	0.00458	0.00255	0.00795
8	0.02005	0.02558	0.01521	0.01383	0.01659	0.78980	0.01037	0.02143	0.01521	0.01314	0.00830	0.00968	0.00691	0.00553	0.00484	0.00138	0.00968	0.00346	0.00277	0.00622
9	0.01478	0.10641	0.09086	0.11169	0.01712	0.02381	0.04528	0.04692	0.02763	0.24236	0.04913	0.16832	0.01648	0.00811	0.00549	0.00172	0.00536	0.00696	0.00447	0.00710
10	0.01143	0.00952	0.01104	0.00831	0.01255	0.00774	0.00656	0.06993	0.02978	0.01847	0.01209	0.09117	0.01099	0.00552	0.00440	0.00102	0.00404	0.00458	0.00358	0.67726
11	0.00750	0.00548	0.00704	0.00665	0.00796	0.00502	0.00499	0.00994	0.01496	0.02096	0.71736	0.04102	0.10868	0.01118	0.00633	0.00170	0.00255	0.00984	0.00584	0.00502
12	0.00752	0.00548	0.00707	0.00667	0.00797	0.00503	0.00501	0.00998	0.01502	0.02110	0.73145	0.04080	0.09450	0.01113	0.00633	0.00170	0.00254	0.00981	0.00585	0.00503
13	0.01277	0.02109	0.39081	0.05216	0.11613	0.05277	0.17610	0.08152	0.01311	0.01823	0.01016	0.01242	0.00752	0.00509	0.00541	0.00169	0.00786	0.00466	0.00271	0.00779
14	0.08584	0.05000	0.05259	0.08732	0.35730	0.05419	0.18928	0.02935	0.01222	0.01752	0.00982	0.01277	0.00786	0.00486	0.00527	0.00164	0.00708	0.00480	0.00273	0.00756
15	0.02057	0.01477	0.01595	0.01223	0.01652	0.01626	0.01010	0.72747	0.02480	0.06695	0.01325	0.01313	0.00931	0.00645	0.00537	0.00161	0.00585	0.00486	0.00543	0.00913
16	0.01332	0.43502	0.27337	0.01280	0.01853	0.03312	0.09762	0.01682	0.01143	0.03069	0.00886	0.01039	0.00714	0.00481	0.00438	0.00142	0.00689	0.00368	0.00243	0.00730
17	0.00709	0.00565	0.00638	0.00616	0.00778	0.00503	0.00463	0.00937	0.03694	0.01771	0.35752	0.04580	0.44613	0.01229	0.00631	0.00176	0.00269	0.01048	0.00539	0.00488
18	0.00716	0.00547	0.00657	0.00630	0.00775	0.00488	0.00472	0.00929	0.01417	0.01909	0.52510	0.04411	0.30210	0.01188	0.00634	0.00173	0.00260	0.01027	0.00559	0.00488
19	0.00777	0.00519	0.00587	0.00590	0.00591	0.00518	0.00331	0.00780	0.00788	0.01051	0.01731	0.05911	0.02001	0.78669	0.02669	0.00511	0.00514	0.00804	0.00331	0.00329
20	0.00695	0.00540	0.00633	0.00623	0.00766	0.00477	0.00462	0.00883	0.01347	0.01775	0.39299	0.11098	0.36947	0.01263	0.00638	0.00179	0.00266	0.01090	0.00542	0.00477
21	0.01984	0.01414	0.01527	0.01183	0.01593	0.01554	0.00973	0.65669	0.05747	0.07197	0.01392	0.01380	0.00987	0.00648	0.00531	0.00161	0.00562	0.00493	0.04115	0.00892
22	0.00817	0.00609	0.00767	0.00717	0.00861	0.00589	0.00541	0.01197	0.09052	0.02162	0.69969	0.03809	0.04722	0.01060	0.00624	0.00170	0.00270	0.00934	0.00586	0.00541
23	0.01329	0.01275	0.02179	0.03295	0.77787	0.01275	0.01647	0.01647	0.01222	0.01754	0.01010	0.01329	0.00850	0.00478	0.00531	0.00159	0.00638	0.00478	0.00266	0.00850
24	0.01113	0.00954	0.01113	0.00795	0.01272	0.00716	0.00636	0.01352	0.01113	0.01749	0.00954	0.01113	0.00795	0.00398	0.00398	0.00080	0.00398	0.00318	0.00318	0.84417
25	0.04734	0.01527	0.02271	0.01736	0.02135	0.14986	0.39777	0.03584	0.12668	0.01737	0.01173	0.01416	0.00910	0.00604	0.00699	0.03955	0.04529	0.00547	0.00319	0.00695
26	0.00754	0.00548	0.00710	0.00669	0.00798	0.00504	0.00502	0.01002	0.01506	0.02121	0.74269	0.04062	0.08319	0.01109	0.00633	0.00169	0.00254	0.00978	0.00587	0.00504
27	0.00753	0.00548	0.00708	0.00668	0.00798	0.00504	0.00501	0.01000	0.01504	0.02116	0.73721	0.04070	0.08870	0.01111	0.00633	0.00169	0.00254	0.00979	0.00586	0.00504
28	0.03068	0.01127	0.02767	0.01311	0.14807	0.00975	0.00894	0.12463	0.01337	0.02005	0.01009	0.01172	0.00816	0.00452	0.00442	0.00109	0.00476	0.00372	0.00340	0.54057
29	0.01489	0.03089	0.06781	0.01249	0.05736	0.01255	0.03764	0.23274	0.23306	0.07885	0.03698	0.07175	0.05932	0.00777	0.00559	0.00174	0.00515	0.02057	0.00491	0.00795
30	0.00870	0.00575	0.00738	0.00684	0.00837	0.00521	0.00518	0.01105	0.01482	0.07838	0.63123	0.05215	0.12243	0.01101	0.00627	0.00171	0.00272	0.00964	0.00585	0.00531
31	0.00654	0.00467	0.00623	0.00747	0.00779	0.00436	0.00498	0.00747	0.01028	0.01370	0.02959	0.80785	0.03550	0.01682	0.00685	0.00218	0.00311	0.01526	0.00498	0.00436
32	0.01770	0.08471	0.06488	0.01572	0.09401	0.01455	0.07937	0.15546	0.10945	0.13823	0.01517	0.01674	0.01171	0.00738	0.00724	0.00200	0.08602	0.00547	0.00474	0.06945
33	0.01431	0.22194	0.42572	0.01275	0.01898	0.03431	0.01472	0.05158	0.01255	0.12941	0.01090	0.01170	0.00789	0.00527	0.00473	0.00154	0.00684	0.00393	0.00307	0.00786
34	0.00704	0.00548	0.00641	0.00623	0.00775	0.00485	0.00470	0.00903	0.01374	0.01810	0.41820	0.04606	0.38837	0.01230	0.00637	0.00177	0.00269	0.03067	0.00545	0.00481
35	0.01231	0.01217	0.02195	0.24299	0.44145	0.01267	0.14603	0.01584	0.01189	0.01642	0.01008	0.01378	0.00807	0.00490	0.00551	0.00169	0.00706	0.00505	0.00259	0.00758
36	0.01488	0.01107	0.01264	0.00938	0.01392	0.00999	0.00761	0.22077	0.03352	0.08929	0.01178	0.01246	0.00895	0.00497	0.00452	0.00112	0.00457	0.00390	0.00414	0.52053
37	0.00968	0.00612	0.00815	0.00896	0.05918	0.00556	0.00600	0.01123	0.01222	0.12852	0.13439	0.38524	0.17774	0.01309	0.00636	0.00193	0.00339	0.01158	0.00520	0.00547
38	0.02074	0.01449	0.01577	0.01209	0.01637	0.01584	0.00999	0.69226	0.02433	0.10282	0.01365	0.01338	0.00951	0.00646	0.00537	0.00162	0.00578	0.00489	0.00549	0.00913
39	0.07515	0.10447	0.01579	0.02939	0.01556	0.11011	0.00928	0.31305	0.01822	0.23662	0.01359	0.01327	0.00950	0.00606	0.00496	0.00155	0.00589	0.00447	0.00485	0.00823
40	0.48327	0.03566	0.08408	0.01082	0.04396	0.23156	0.00892	0.01752	0.01122	0.01980	0.00801	0.00942	0.00635	0.00513	0.00400	0.00157	0.00619	0.00324	0.00301	0.00626
41	0.01329	0.01275	0.02179	0.03295	0.77787	0.01275	0.01647	0.01647	0.01222	0.01754	0.01010	0.01329	0.00850	0.00478	0.00531	0.00159	0.00638	0.00478	0.00266	0.00850
42	0.00654	0.00467	0.00623	0.00747	0.00779	0.00436	0.00498	0.00747	0.01028	0.01370	0.02959	0.80785	0.03550	0.01682	0.00685	0.00218	0.00311	0.01526	0.00498	0.00436
43	0.00781	0.00520	0.00585	0.00585	0.00585	0.00520	0.00325	0.00781	0.00781	0.01041	0.01691	0.03513	0.01952	0.81135	0.02732	0.00520	0.00520	0.00781	0.00325	0.00325
44	0.00650	0.00519	0.00583	0.00620	0.00748	0.00452	0.00445	0.00781	0.01182	0.01477	0.10098	0.29816	0.47850	0.01445	0.00651	0.00192	0.00283	0.01249	0.00505	0.00452
45	0.02041	0.01504	0.01611	0.01235	0.01665	0.01665	0.01020	0.75997	0.02524	0.03383	0.01289	0.01289	0.00913	0.00644	0.00537	0.00161	0.00591	0.00483	0.00537	0.00913
46	0.00701	0.00546	0.00636	0.00614	0.00766	0.00481	0.00460	0.00899	0.01380	0.01822	0.43637	0.04553	0.39138	0.01221	0.00634	0.00175	0.00262	0.01047	0.00547	0.00481
47	0.02408	0.00914	0.01246	0.00955	0.01370	0.00789	0.00789	0.02616	0.01536	0.78158	0.02118	0.01827	0.01329	0.00664	0.00540	0.00166	0.00457	0.00540	0.00664	0.00914
48	0.00865	0.00618	0.00865	0.00989	0.01112	0.00618	0.00865	0.01112	0.01236	0.01606	0.02842	0.06055	0.03089	0.01483	0.00741	0.00247	0.00494	0.74174	0.00494	0.00494
49	0.84927	0.01038	0.00789	0.00706	0.01038	0.01204	0.00581	0.01578	0.00914	0.02408	0.00747	0.00872	0.00581	0.00498	0.00332	0.00166	0.00415	0.00291	0.00332	0.00581
50	0.00743	0.00603	0.00667	0.00648	0.00818	0.00557	0.00486	0.01051	0.08866	0.01739	0.26840	0.07893	0.44679	0.01231	0.00627	0.00179	0.00283	0.01049	0.00531	0.00508
51	0.01363	0.01179	0.01324	0.01313	0.08845	0.01342	0.00934	0.05645	0.66501	0.02243	0.02035	0.01909	0.01533	0.00701	0.00544	0.00179	0.00452	0.00589	0.00519	0.00852
52	0.00651	0.00477	0.00613	0.00721	0.00772	0.00438	0.00487	0.00750	0.01053	0.01381	0.03281	0.70936	0.13191	0.01640	0.00679	0.00213	0.00306	0.01475	0.00498	0.00438
53	0.04760	0.05018	0.01850	0.16763	0.23002	0.03121	0.09311	0.12290	0.01386	0.07324	0.01135	0.01367	0.00866	0.00529	0.00512	0.00158	0.00626	0.00474	0.04733	0.04776
54	0.01293	0.07346	0.26362	0.01260	0.01738	0.01307	0.04212	0.09168	0.27597	0.03500	0.03686	0.01909	0.01357	0.00686	0.00540	0.00176	0.00591	0.06079	0.00408	0.00786
55	0.00646	0.00497	0.00592	0.00667	0.00757	0.00443	0.00463	0.00756	0.01105	0.01402	0.03939	0.50881	0.32821	0.01554	0.00665	0.00203	0.00296	0.01371	0.00498	0.00443
56	0.01086	0.02713	0.74779	0.01565	0.02346	0.01252	0.05495	0.01701	0.01140	0.01701	0.00969	0.01148	0.00686	0.00507	0.00516	0.00171	0.00799	0.00408	0.00229	0.00790
57	0.01653	0.05907	0.06591	0.03544	0.09788	0.16005	0.19773	0.23744	0.02765	0.03431	0.01096	0.01264	0.00828	0.00544	0.00539	0.00161	0.00754	0.00482	0.00355	0.00778
58	0.01704	0.01502	0.01522	0.01224	0.01576	0.15147	0.06578	0.42132	0.01974	0.02495	0.01840	0.04958	0.11910	0.00763	0.00578	0.00165	0.02115	0.00604	0.00458	0.00756
59	0.00654	0.00467	0.00623	0.00747	0.00779	0.00436	0.00498	0.00747	0.01028	0.01370	0.02959	0.80785	0.03550	0.01682	0.00685	0.00218	0.00311	0.01526	0.00498	0.00436
60	0.01700	0.01558	0.12788	0.01174	0.01636	0.03919	0.01065	0.43919	0.01968	0.06299	0.04679	0.03205	0.01122	0.00633	0.00520	0.00153	0.00579	0.00492	0.00461	0.12129
61	0.01536	0.01281	0.01470	0.01206	0.05514	0.04314	0.03194	0.30402	0.04569	0.02362	0.01121	0.01234	0.00868	0.00544	0.00540	0.00132	0.04317	0.00420	0.00402	0.34576
62	0.03373	0.20166	0.11195	0.01600	0.08506	0.07702	0.19369	0.06819	0.11015	0.03532	0.01136	0.01283	0.00882	0.00525	0.00505	0.00157	0.00693	0.00466	0.00320	0.00757
63	0.02280	0.01120	0.01373	0.01053	0.01473	0.01095	0.00870	0.28264	0.01882	0.52023	0.01828	0.01639	0.01183	0.00657	0.00539	0.00164	0.00504	0.00520	0.00620	0.00913
64	0.01014	0.00954	0.01610	0.79845	0.03697	0.01193	0.01491	0.01371	0.01073	0.01371	0.00954	0.01431	0.00716	0.00537	0.00537	0.00179	0.00716	0.00477	0.00239	0.00596
65	0.00747	0.00548	0.00700	0.00662	0.00794	0.00501	0.00497	0.00989	0.01490	0.02082	0.70295	0.04125	0.12317	0.01124	0.00633	0.00170	0.00255	0.00987	0.00582	0.00501
66	0.00637	0.00544	0.00548	0.00547	0.00727	0.00454	0.00410	0.00776	0.01230	0.01466	0.07093	0.05139	0.75903	0.01353	0.00634	0.00181	0.00271	0.01129	0.00501	0.00454
67	0.01014	0.00954	0.01610	0.79845	0.03697	0.01193	0.01491	0.01371	0.01073	0.01371	0.00954	0.01431	0.00716	0.00537	0.00537	0.00179	0.00716	0.00477	0.00239	0.00596
68	0.00985	0.00598	0.00790	0.00713	0.00879	0.00545	0.00545	0.01232	0.01522	0.12523	0.67217	0.03712	0.04555	0.01038	0.00620	0.00168	0.00281	0.00912	0.00601	0.00562
69	0.00865	0.00618	0.00865	0.00989	0.01112	0.00618	0.00865	0.01112	0.01236	0.01606	0.02842	0.06055	0.03089	0.01483	0.00741	0.00247	0.00494	0.74174	0.00494	0.00494
70	0.01113	0.00954	0.01113	0.00795	0.01272	0.00716	0.00636	0.01352	0.01113	0.01749	0.00954	0.01113	0.00795	0.00398	0.00398	0.00080	0.00398	0.00318	0.00318	0.84417
71	0.02005	0.02558	0.01521	0.01383	0.01659	0.78980	0.01037	0.02143	0.01521	0.01314	0.00830	0.00968	0.00691	0.00553	0.00484	0.00138	0.00968	0.00346	0.00277	0.00622
72	0.01120	0.00950	0.01019	0.00957	0.01196	0.01057	0.00728	0.02199	0.53203	0.01983	0.02765	0.16239	0.12355	0.00982	0.00583	0.00188	0.00384	0.00840	0.00531	0.00723
73	0.01113	0.00954	0.01113	0.00795	0.01272	0.00716	0.00636	0.01352	0.01113	0.01749	0.00954	0.01113	0.00795	0.00398	0.00398	0.00080	0.00398	0.00318	0.00318	0.84417
74	0.02360	0.00924	0.01244	0.00961	0.01371	0.00813	0.00792	0.02627	0.04915	0.74751	0.02121	0.01835	0.01343	0.00667	0.00540	0.00167	0.00455	0.00543	0.00659	0.00911
75	0.00714	0.00533	0.00668	0.00717	0.00808	0.00501	0.00506	0.00927	0.04799	0.01648	0.24805	0.45119	0.13402	0.01426	0.00657	0.00197	0.00295	0.01271	0.00527	0.00478
76	0.00762	0.00550	0.00721	0.00682	0.00809	0.00509	0.00514	0.01015	0.01513	0.02140	0.75838	0.04055	0.05021	0.01106	0.00636	0.00171	0.00259	0.02604	0.00589	0.00506
77	0.01164	0.01039	0.01655	0.26835	0.08020	0.04145	0.16852	0.05353	0.01230	0.01734	0.01293	0.05317	0.01056	0.00597	0.00521	0.00164	0.00618	0.00561	0.21218	0.00629
78	0.01993	0.01432	0.10830	0.01199	0.01665	0.01277	0.04020	0.37375	0.01937	0.28418	0.01533	0.01476	0.01033	0.00627	0.00535	0.00164	0.00574	0.00498	0.02534	0.00881
79	0.70390	0.01044	0.00887	0.00763	0.01111	0.01173	0.00629	0.05250	0.01070	0.12181	0.00949	0.01014	0.00693	0.00527	0.00369	0.00166	0.00429	0.00332	0.00385	0.00640
80	0.01415	0.00622	0.00720	0.00634	0.00845	0.00585	0.00497	0.01653	0.01247	0.24414	0.01859	0.01950	0.01362	0.00637	0.00424	0.00137	0.00311	0.00512	0.59555	0.00622
81	0.02041	0.01469	0.01586	0.01219	0.01645	0.01618	0.01006	0.71038	0.04170	0.06713	0.01346	0.01329	0.00948	0.00647	0.00537	0.00162	0.00581	0.00489	0.00543	0.00911
82	0.00760	0.00549	0.00718	0.00675	0.00802	0.00506	0.00506	0.01013	0.01519	0.02153	0.77503	0.04010	0.05065	0.01097	0.00633	0.00169	0.00253	0.00971	0.00591	0.00506
83	0.00775	0.00542	0.00697	0.00697	0.00736	0.00581	0.00464	0.00852	0.00814	0.01123	0.01589	0.02948	0.01706	0.50118	0.33414	0.00658	0.00889	0.00698	0.00310	0.00387
84	0.01016	0.00606	0.00800	0.00719	0.00890	0.00550	0.00550	0.01263	0.01522	0.13990	0.65763	0.03670	0.04483	0.01030	0.00619	0.00168	0.00285	0.00904	0.00602	0.00570
85	0.01014	0.00954	0.01610	0.79845	0.03697	0.01193	0.01491	0.01371	0.01073	0.01371	0.00954	0.01431	0.00716	0.00537	0.00537	0.00179	0.00716	0.00477	0.00239	0.00596
86	0.84927	0.01038	0.00789	0.00706	0.01038	0.01204	0.00581	0.01578	0.00914	0.02408	0.00747	0.00872	0.00581	0.00498	0.00332	0.00166	0.00415	0.00291	0.00332	0.00581
87	0.01816	0.01339	0.01550	0.01416	0.10576	0.01458	0.01031	0.45168	0.17108	0.08795	0.03200	0.01539	0.01176	0.00653	0.00541	0.00166	0.00545	0.00523	0.00518	0.00884
88	0.01583	0.01442	0.02024	0.04054	0.41022	0.13812	0.10909	0.01905	0.03277	0.12960	0.01183	0.01379	0.00908	0.00522	0.00539	0.00161	0.00695	0.00489	0.00334	0.00801
89	0.02335	0.00892	0.01207	0.00931	0.01331	0.00774	0.00767	0.02544	0.01515	0.74161	0.02098	0.01836	0.01331	0.00662	0.00531	0.00164	0.00446	0.00538	0.05044	0.00892
90	0.05860	0.01276	0.01265	0.01109	0.01430	0.05785	0.00870	0.13103	0.58036	0.02362	0.01906	0.01784	0.01427	0.00694	0.00530	0.00176	0.00479	0.00558	0.00518	0.00832
91	0.01390	0.46903	0.16327	0.01245	0.01774	0.01780	0.11828	0.08007	0.01247	0.01601	0.00886	0.01037	0.00727	0.00482	0.00433	0.00137	0.00658	0.00374	0.00264	0.02900
92	0.01683	0.28322	0.03682	0.03072	0.07031	0.06611	0.08181	0.09958	0.01402	0.18364	0.03288	0.01330	0.00998	0.00567	0.00521	0.00150	0.03253	0.00446	0.00378	0.00764
93	0.01435	0.81458	0.02813	0.00918	0.01378	0.02124	0.00918	0.01607	0.01091	0.01263	0.00746	0.00861	0.00689	0.00459	0.00344	0.00115	0.00574	0.00287	0.00230	0.00689
94	0.11859	0.00843	0.01014	0.00829	0.01151	0.00803	0.00671	0.03666	0.04623	0.43485	0.08828	0.01941	0.01597	0.00680	0.00494	0.00160	0.00397	0.00544	0.15656	0.00759
95	0.01368	0.06773	0.30375	0.03829	0.23134	0.04988	0.09940	0.03695	0.01257	0.08040	0.01074	0.01267	0.00804	0.00511	0.00522	0.00163	0.00723	0.00453	0.00290	0.00795
96	0.00873	0.00756	0.00745	0.00748	0.00884	0.09231	0.00544	0.01033	0.01294	0.03458	0.25666	0.26921	0.23303	0.01271	0.00630	0.00183	0.00360	0.01100	0.00505	0.00494
97	0.01260	0.01078	0.01147	0.01037	0.01320	0.01231	0.00804	0.02617	0.67510	0.02211	0.09092	0.02289	0.04468	0.00783	0.00557	0.00181	0.00404	0.00657	0.00549	0.00806
98	0.01238	0.01395	0.04195	0.07262	0.09929	0.01311	0.60407	0.01668	0.01256	0.01714	0.03440	0.01510	0.00941	0.00481	0.00615	0.00178	0.00845	0.00615	0.00278	0.00722
99	0.01514	0.01218	0.01721	0.16498	0.28550	0.04548	0.03054	0.10463	0.10641	0.12433	0.01367	0.03323	0.01050	0.00595	0.00540	0.00168	0.00609	0.00525	0.00387	0.00797
100	0.00653	0.00470	0.00619	0.00739	0.00776	0.00437	0.00494	0.00748	0.01036	0.01374	0.03065	0.77554	0.06713	0.01668	0.00683	0.00216	0.00310	0.01509	0.00498	0.00437
101	0.00691	0.00483	0.00612	0.00700	0.00722	0.00461	0.00448	0.00757	0.00956	0.01274	0.02589	0.58271	0.03084	0.24831	0.01282	0.00306	0.00372	0.01309	0.00448	0.00404
102	0.01201	0.02121	0.43924	0.03337	0.14929	0.01265	0.19929	0.01716	0.01191	0.03819	0.01033	0.01267	0.00760	0.00495	0.00545	0.00171	0.00784	0.00473	0.00256	0.00786
103	0.02230	0.01200	0.01423	0.01091	0.01513	0.01214	0.00901	0.38233	0.02016	0.41865	0.01715	0.01566	0.01127	0.00655	0.00538	0.00164	0.00522	0.00512	0.00603	0.00913
104	0.00706	0.00547	0.00643	0.00619	0.00769	0.00484	0.00464	0.00909	0.01393	0.01852	0.46667	0.04504	0.36089	0.01210	0.00634	0.00174	0.00261	0.01040	0.00551	0.00484
105	0.84927	0.01038	0.00789	0.00706	0.01038	0.01204	0.00581	0.01578	0.00914	0.02408	0.00747	0.00872	0.00581	0.00498	0.00332	0.00166	0.00415	0.00291	0.00332	0.00581
106	0.01335	0.01153	0.01214	0.01092	0.01396	0.01335	0.00850	0.02852	0.76817	0.02245	0.02185	0.02003	0.01639	0.00728	0.00546	0.00182	0.00425	0.00607	0.00546	0.00850
107	0.00990	0.00502	0.00510	0.00508	0.00633	0.00501	0.00381	0.01241	0.01143	0.02008	0.04988	0.02087	0.01533	0.00646	0.00386	0.00127	0.00250	0.00520	0.80546	0.00501
108	0.01120	0.12282	0.69228	0.01456	0.02209	0.01353	0.01855	0.01689	0.01128	0.01647	0.00937	0.01100	0.00681	0.00504	0.00490	0.00163	0.00767	0.00383	0.00227	0.00781
109	0.01290	0.02161	0.53096	0.01317	0.01985	0.01080	0.01569	0.01783	0.01205	0.14222	0.02503	0.01378	0.00918	0.00548	0.00506	0.00159	0.00673	0.01684	0.00321	0.11603
110	0.00772	0.00540	0.00686	0.00657	0.00782	0.00500	0.00490	0.01012	0.01448	0.02074	0.64154	0.07522	0.07540	0.01092	0.00612	0.00168	0.00256	0.00961	0.08232	0.00500
111	0.05751	0.25525	0.01734	0.00978	0.01389	0.01466	0.00843	0.14546	0.14896	0.05573	0.01207	0.01248	0.00946	0.00548	0.00467	0.00135	0.02354	0.00401	0.00385	0.19607

[dist]
# distance from previous block
# <min> <max>
0	1

[block]
# block no. 3 follows, 45 sequences, length 58
# corresponding to MSA columns:
# 244-301
name=unknown_D
#
# <colnr> <probs for GDERKNQSTAVLIFYWHMCP>
#	G	D	E	R	K	N	Q	S	T	A	V	L	I	F	Y	W	H	M	C	P
0	0.01077	0.02777	0.78354	0.01530	0.02323	0.01247	0.01983	0.01700	0.01133	0.01700	0.00963	0.01133	0.00680	0.00510	0.00510	0.00170	0.00793	0.00397	0.00227	0.00793
1	0.01788	0.01268	0.01346	0.01091	0.01436	0.06959	0.00883	0.40322	0.03427	0.14907	0.01726	0.01769	0.06510	0.01211	0.12552	0.00269	0.00700	0.00545	0.00498	0.00791
2	0.00948	0.00859	0.01605	0.01337	0.01570	0.00819	0.27927	0.01177	0.01117	0.01494	0.02012	0.25677	0.02147	0.05219	0.02708	0.06241	0.00611	0.15617	0.00383	0.00533
3	0.00733	0.00525	0.00682	0.00779	0.00845	0.00503	0.00574	0.00861	0.01069	0.01399	0.02939	0.41583	0.09096	0.13072	0.00993	0.00267	0.00392	0.22776	0.00472	0.00439
4	0.01435	0.81458	0.02813	0.00918	0.01378	0.02124	0.00918	0.01607	0.01091	0.01263	0.00746	0.00861	0.00689	0.00459	0.00344	0.00115	0.00574	0.00287	0.00230	0.00689
5	0.01042	0.00811	0.00960	0.00762	0.01100	0.00671	0.00597	0.01347	0.05618	0.05490	0.23010	0.02399	0.09398	0.00718	0.00502	0.00124	0.00349	0.00606	0.00441	0.44053
6	0.00728	0.00542	0.00621	0.00601	0.00751	0.00482	0.00451	0.00929	0.01352	0.01830	0.38661	0.04327	0.36560	0.01168	0.00609	0.00170	0.00261	0.00997	0.08478	0.00482
7	0.01335	0.01153	0.01214	0.01092	0.01396	0.01335	0.00850	0.02852	0.76817	0.02245	0.02185	0.02003	0.01639	0.00728	0.00546	0.00182	0.00425	0.00607	0.00546	0.00850
8	0.06133	0.00919	0.01225	0.00944	0.01355	0.00808	0.00780	0.02569	0.01508	0.74740	0.02056	0.01784	0.01295	0.00657	0.00530	0.00166	0.00455	0.00529	0.00649	0.00899
9	0.00654	0.00467	0.00623	0.00747	0.00779	0.00436	0.00498	0.00747	0.01028	0.01370	0.02959	0.80785	0.03550	0.01682	0.00685	0.00218	0.00311	0.01526	0.00498	0.00436
10	0.02039	0.01556	0.01606	0.01242	0.01664	0.05514	0.01021	0.72320	0.02474	0.03280	0.01266	0.01273	0.00902	0.00640	0.00534	0.00160	0.00609	0.00476	0.00524	0.00898
11	0.84927	0.01038	0.00789	0.00706	0.01038	0.01204	0.00581	0.01578	0.00914	0.02408	0.00747	0.00872	0.00581	0.00498	0.00332	0.00166	0.00415	0.00291	0.00332	0.00581
12	0.02041	0.01504	0.01611	0.01235	0.01665	0.01665	0.01020	0.75997	0.02524	0.03383	0.01289	0.01289	0.00913	0.00644	0.00537	0.00161	0.00591	0.00483	0.00537	0.00913
13	0.84927	0.01038	0.00789	0.00706	0.01038	0.01204	0.00581	0.01578	0.00914	0.02408	0.00747	0.00872	0.00581	0.00498	0.00332	0.00166	0.00415	0.00291	0.00332	0.00581
14	0.01113	0.00954	0.01113	0.00795	0.01272	0.00716	0.00636	0.01352	0.01113	0.01749	0.00954	0.01113	0.00795	0.00398	0.00398	0.00080	0.00398	0.00318	0.00318	0.84417
15	0.07134	0.00921	0.01220	0.00941	0.01351	0.00813	0.00777	0.02557	0.01501	0.73820	0.02039	0.01772	0.01286	0.00655	0.00528	0.00166	0.00454	0.00526	0.00645	0.00895
16	0.00767	0.00575	0.00863	0.00863	0.00959	0.00671	0.00671	0.00959	0.00863	0.01246	0.01438	0.02109	0.01342	0.04026	0.79008	0.00863	0.01438	0.00575	0.00288	0.00479
17	0.00749	0.00548	0.00703	0.00664	0.00795	0.00502	0.00498	0.00992	0.01494	0.02093	0.71348	0.04108	0.11257	0.01120	0.00633	0.00170	0.00255	0.00985	0.00583	0.00502
18	0.00781	0.00520	0.00585	0.00585	0.00585	0.00520	0.00325	0.00781	0.00781	0.01041	0.01691	0.03513	0.01952	0.81135	0.02732	0.00520	0.00520	0.00781	0.00325	0.00325
19	0.00847	0.00564	0.00741	0.00696	0.00833	0.00518	0.00522	0.01087	0.01488	0.06453	0.68235	0.08984	0.04750	0.01111	0.00631	0.00172	0.00269	0.00983	0.00589	0.00525
20	0.00827	0.00591	0.00821	0.00945	0.01052	0.00585	0.00799	0.01046	0.01198	0.01564	0.02863	0.19531	0.03172	0.01519	0.00731	0.00242	0.00461	0.61073	0.00495	0.00484
21	0.00641	0.00546	0.00553	0.00557	0.00736	0.00458	0.00421	0.00780	0.01224	0.01455	0.05363	0.05192	0.75407	0.01363	0.00638	0.00183	0.00278	0.03253	0.00498	0.00454
22	0.01077	0.02777	0.78354	0.01530	0.02323	0.01247	0.01983	0.01700	0.01133	0.01700	0.00963	0.01133	0.00680	0.00510	0.00510	0.00170	0.00793	0.00397	0.00227	0.00793
23	0.02382	0.00956	0.01272	0.00975	0.01391	0.00852	0.00806	0.07890	0.01607	0.72784	0.02058	0.01788	0.01299	0.00663	0.00540	0.00166	0.00466	0.00536	0.00655	0.00913
24	0.00666	0.00476	0.00637	0.00761	0.00798	0.00446	0.00519	0.00768	0.01040	0.01384	0.02952	0.76505	0.03524	0.01670	0.00688	0.00220	0.00322	0.05686	0.00498	0.00439
25	0.02408	0.00914	0.01246	0.00955	0.01370	0.00789	0.00789	0.02616	0.01536	0.78158	0.02118	0.01827	0.01329	0.00664	0.00540	0.00166	0.00457	0.00540	0.00664	0.00914
26	0.01435	0.81458	0.02813	0.00918	0.01378	0.02124	0.00918	0.01607	0.01091	0.01263	0.00746	0.00861	0.00689	0.00459	0.00344	0.00115	0.00574	0.00287	0.00230	0.00689
27	0.84927	0.01038	0.00789	0.00706	0.01038	0.01204	0.00581	0.01578	0.00914	0.02408	0.00747	0.00872	0.00581	0.00498	0.00332	0.00166	0.00415	0.00291	0.00332	0.00581
28	0.21116	0.00942	0.01142	0.00899	0.01295	0.00883	0.00742	0.02381	0.01395	0.60986	0.01807	0.01611	0.01159	0.00627	0.00493	0.00166	0.00447	0.00483	0.00589	0.00838
29	0.00760	0.00549	0.00718	0.00675	0.00802	0.00506	0.00506	0.01013	0.01519	0.02153	0.77503	0.04010	0.05065	0.01097	0.00633	0.00169	0.00253	0.00971	0.00591	0.00506
30	0.01162	0.01141	0.01785	0.36266	0.20181	0.03221	0.03127	0.01440	0.01052	0.01444	0.00897	0.01324	0.00745	0.00635	0.00882	0.00189	0.23130	0.00476	0.00245	0.00656
31	0.00878	0.00607	0.00830	0.00942	0.01066	0.00607	0.00819	0.01125	0.01225	0.01644	0.02739	0.05670	0.02927	0.01401	0.00707	0.00236	0.00471	0.67181	0.08431	0.00495
32	0.84927	0.01038	0.00789	0.00706	0.01038	0.01204	0.00581	0.01578	0.00914	0.02408	0.00747	0.00872	0.00581	0.00498	0.00332	0.00166	0.00415	0.00291	0.00332	0.00581
33	0.00731	0.00526	0.00709	0.00827	0.00899	0.00504	0.00630	0.00883	0.01113	0.01461	0.03027	0.49814	0.06709	0.01594	0.00704	0.00227	0.00377	0.28310	0.00497	0.00458
34	0.01177	0.03715	0.01199	0.00824	0.01298	0.00818	0.00668	0.05635	0.01193	0.01826	0.00966	0.01115	0.00798	0.00414	0.00404	0.00085	0.00415	0.00326	0.00328	0.76796
35	0.01014	0.00954	0.01610	0.79845	0.03697	0.01193	0.01491	0.01371	0.01073	0.01371	0.00954	0.01431	0.00716	0.00537	0.00537	0.00179	0.00716	0.00477	0.00239	0.00596
36	0.01429	0.78746	0.02825	0.00964	0.01426	0.02098	0.03458	0.01611	0.01097	0.01278	0.00758	0.00881	0.00693	0.00459	0.00354	0.00117	0.00585	0.00299	0.00231	0.00690
37	0.00684	0.00489	0.00656	0.00772	0.00819	0.00461	0.00542	0.00803	0.01077	0.01437	0.06656	0.68219	0.03572	0.01629	0.00689	0.00219	0.00330	0.09999	0.00502	0.00446
38	0.02408	0.00914	0.01246	0.00955	0.01370	0.00789	0.00789	0.02616	0.01536	0.78158	0.02118	0.01827	0.01329	0.00664	0.00540	0.00166	0.00457	0.00540	0.00664	0.00914
39	0.00767	0.00575	0.00863	0.00863	0.00959	0.00671	0.00671	0.00959	0.00863	0.01246	0.01438	0.02109	0.01342	0.04026	0.79008	0.00863	0.01438	0.00575	0.00288	0.00479
40	0.01032	0.00972	0.01643	0.75461	0.07940	0.01197	0.01500	0.01387	0.01082	0.01393	0.00957	0.01425	0.00723	0.00533	0.00536	0.00178	0.00711	0.00477	0.00240	0.00611
41	0.00654	0.00467	0.00623	0.00747	0.00779	0.00436	0.00498	0.00747	0.01028	0.01370	0.02959	0.80785	0.03550	0.01682	0.00685	0.00218	0.00311	0.01526	0.00498	0.00436
42	0.02408	0.00914	0.01246	0.00955	0.01370	0.00789	0.00789	0.02616	0.01536	0.78158	0.02118	0.01827	0.01329	0.00664	0.00540	0.00166	0.00457	0.00540	0.00664	0.00914
43	0.02216	0.01223	0.01437	0.01102	0.01525	0.01248	0.00910	0.41074	0.02054	0.38970	0.01683	0.01545	0.01111	0.00654	0.00538	0.00163	0.00527	0.00510	0.00598	0.00913
44	0.01267	0.01448	0.03167	0.02262	0.02805	0.01357	0.75837	0.01719	0.01267	0.01719	0.01086	0.01448	0.00814	0.00452	0.00633	0.00181	0.00905	0.00633	0.00271	0.00724
45	0.01335	0.01153	0.01214	0.01092	0.01396	0.01335	0.00850	0.02852	0.76817	0.02245	0.02185	0.02003	0.01639	0.00728	0.00546	0.00182	0.00425	0.00607	0.00546	0.00850
46	0.00760	0.00549	0.00718	0.00675	0.00802	0.00506	0.00506	0.01013	0.01519	0.02153	0.77503	0.04010	0.05065	0.01097	0.00633	0.00169	0.00253	0.00971	0.00591	0.00506
47	0.00705	0.00504	0.00682	0.00806	0.00860	0.00480	0.00588	0.00836	0.01078	0.01428	0.02930	0.62575	0.03438	0.01633	0.00699	0.00225	0.00356	0.19229	0.00497	0.00450
48	0.84927	0.01038	0.00789	0.00706	0.01038	0.01204	0.00581	0.01578	0.00914	0.02408	0.00747	0.00872	0.00581	0.00498	0.00332	0.00166	0.00415	0.00291	0.00332	0.00581
49	0.02194	0.01257	0.01458	0.01118	0.01542	0.01298	0.00924	0.45309	0.02111	0.34654	0.01635	0.01514	0.01087	0.00653	0.00538	0.00163	0.00535	0.00507	0.00590	0.00913
50	0.84927	0.01038	0.00789	0.00706	0.01038	0.01204	0.00581	0.01578	0.00914	0.02408	0.00747	0.00872	0.00581	0.00498	0.00332	0.00166	0.00415	0.00291	0.00332	0.00581
51	0.01234	0.01234	0.02073	0.02246	0.30352	0.01408	0.14255	0.01491	0.01069	0.01554	0.00984	0.01506	0.00889	0.00707	0.01057	0.00198	0.32859	0.03914	0.00265	0.00705
52	0.00743	0.00531	0.00725	0.00849	0.00919	0.00512	0.00652	0.00901	0.01115	0.01470	0.02910	0.49365	0.03356	0.01598	0.00709	0.00230	0.00388	0.32071	0.00497	0.00461
53	0.00760	0.00549	0.00718	0.00675	0.00802	0.00506	0.00506	0.01013	0.01519	0.02153	0.77503	0.04010	0.05065	0.01097	0.00633	0.00169	0.00253	0.00971	0.00591	0.00506
54	0.00994	0.00943	0.01477	0.67699	0.03269	0.03254	0.01346	0.01316	0.01095	0.01376	0.01392	0.05653	0.06704	0.00657	0.00550	0.00180	0.00669	0.00576	0.00272	0.00578
55	0.01279	0.45790	0.34690	0.01218	0.01821	0.01730	0.03687	0.01650	0.01114	0.01461	0.00848	0.00994	0.00689	0.00480	0.00423	0.00140	0.00677	0.00344	0.00230	0.00734
56	0.01683	0.01278	0.01358	0.01111	0.01465	0.01431	0.00895	0.42122	0.29340	0.02835	0.01659	0.01618	0.01222	0.00673	0.00524	0.00165	0.00497	0.00530	0.08746	0.00849
57	0.47555	0.02974	0.01307	0.03163	0.17566	0.08595	0.02711	0.01721	0.01098	0.07599	0.00923	0.01074	0.00714	0.00510	0.00416	0.00162	0.00540	0.00366	0.00331	0.00673

[dist]
# distance from previous block
# <min> <max>
0	1

[block]
# block no. 4 follows, 45 sequences, length 50
# corresponding to MSA columns:
# 303-342,359-368
name=unknown_E
#
# <colnr> <probs for GDERKNQSTAVLIFYWHMCP>
#	G	D	E	R	K	N	Q	S	T	A	V	L	I	F	Y	W	H	M	C	P
0	0.01028	0.03953	0.17091	0.13853	0.01794	0.01038	0.01118	0.01660	0.20069	0.01698	0.02145	0.10905	0.08130	0.00916	0.00583	0.00191	0.00539	0.12228	0.00402	0.00658
1	0.01174	0.01174	0.01644	0.01409	0.01409	0.01644	0.01174	0.01292	0.00822	0.01292	0.00705	0.01174	0.00705	0.00940	0.01762	0.00235	0.80153	0.00470	0.00235	0.00587
2	0.01113	0.00954	0.01113	0.00795	0.01272	0.00716	0.00636	0.01352	0.01113	0.01749	0.00954	0.01113	0.00795	0.00398	0.00398	0.00080	0.00398	0.00318	0.00318	0.84417
3	0.71510	0.01018	0.00863	0.00746	0.01092	0.01137	0.00615	0.01747	0.01015	0.14725	0.00970	0.01027	0.00703	0.00525	0.00366	0.00166	0.00422	0.00331	0.00386	0.00635
4	0.01025	0.01032	0.02010	0.01587	0.04894	0.00964	0.39105	0.01364	0.01324	0.01809	0.24861	0.07579	0.08375	0.00801	0.00633	0.00179	0.00607	0.00827	0.00401	0.00623
5	0.00654	0.00467	0.00623	0.00747	0.00779	0.00436	0.00498	0.00747	0.01028	0.01370	0.02959	0.80785	0.03550	0.01682	0.00685	0.00218	0.00311	0.01526	0.00498	0.00436
6	0.01329	0.01275	0.02179	0.03295	0.77787	0.01275	0.01647	0.01647	0.01222	0.01754	0.01010	0.01329	0.00850	0.00478	0.00531	0.00159	0.00638	0.00478	0.00266	0.00850
7	0.01435	0.81458	0.02813	0.00918	0.01378	0.02124	0.00918	0.01607	0.01091	0.01263	0.00746	0.00861	0.00689	0.00459	0.00344	0.00115	0.00574	0.00287	0.00230	0.00689
8	0.14706	0.22236	0.03133	0.02908	0.01572	0.39757	0.02520	0.04682	0.01333	0.01566	0.00824	0.00961	0.00685	0.00521	0.00432	0.00140	0.00758	0.00337	0.00281	0.00648
9	0.00760	0.00549	0.00718	0.00675	0.00802	0.00506	0.00506	0.01013	0.01519	0.02153	0.77503	0.04010	0.05065	0.01097	0.00633	0.00169	0.00253	0.00971	0.00591	0.00506
10	0.01407	0.01132	0.01220	0.01088	0.01395	0.01287	0.00858	0.07250	0.64129	0.06185	0.02163	0.02177	0.01659	0.00762	0.00556	0.00184	0.00441	0.04720	0.00549	0.00837
11	0.02041	0.01504	0.01611	0.01235	0.01665	0.01665	0.01020	0.75997	0.02524	0.03383	0.01289	0.01289	0.00913	0.00644	0.00537	0.00161	0.00591	0.00483	0.00537	0.00913
12	0.01113	0.00954	0.01113	0.00795	0.01272	0.00716	0.00636	0.01352	0.01113	0.01749	0.00954	0.01113	0.00795	0.00398	0.00398	0.00080	0.00398	0.00318	0.00318	0.84417
13	0.11375	0.00939	0.01183	0.00933	0.01319	0.00869	0.00764	0.06918	0.01500	0.60904	0.01963	0.06115	0.01345	0.00702	0.00525	0.00169	0.00452	0.00564	0.00611	0.00850
14	0.84927	0.01038	0.00789	0.00706	0.01038	0.01204	0.00581	0.01578	0.00914	0.02408	0.00747	0.00872	0.00581	0.00498	0.00332	0.00166	0.00415	0.00291	0.00332	0.00581
15	0.02041	0.01504	0.01611	0.01235	0.01665	0.01665	0.01020	0.75997	0.02524	0.03383	0.01289	0.01289	0.00913	0.00644	0.00537	0.00161	0.00591	0.00483	0.00537	0.00913
16	0.01335	0.01153	0.01214	0.01092	0.01396	0.01335	0.00850	0.02852	0.76817	0.02245	0.02185	0.02003	0.01639	0.00728	0.00546	0.00182	0.00425	0.00607	0.00546	0.00850
17	0.02208	0.00872	0.01166	0.00909	0.01297	0.00751	0.00746	0.02407	0.01501	0.69486	0.02493	0.02205	0.09949	0.00743	0.00551	0.00168	0.00436	0.00607	0.00646	0.00861
18	0.02113	0.00948	0.01244	0.00981	0.01333	0.00904	0.00799	0.10274	0.01522	0.57057	0.01891	0.01855	0.01291	0.05823	0.05137	0.00230	0.04630	0.00547	0.00586	0.00836
19	0.44600	0.00977	0.01012	0.00828	0.01200	0.01001	0.00683	0.02085	0.01218	0.39428	0.01417	0.01339	0.00947	0.00579	0.00434	0.00166	0.00436	0.00412	0.00495	0.00744
20	0.00660	0.00472	0.00628	0.00743	0.00780	0.00440	0.00499	0.00762	0.01055	0.01414	0.07138	0.76480	0.03635	0.01649	0.00682	0.00215	0.00308	0.01495	0.00503	0.00440
21	0.01371	0.01150	0.01709	0.24050	0.23252	0.01322	0.01317	0.13164	0.01323	0.06208	0.01074	0.01378	0.00843	0.00623	0.00757	0.00178	0.15404	0.00482	0.03666	0.00729
22	0.01135	0.01144	0.01722	0.01411	0.01548	0.04808	0.15641	0.01328	0.01001	0.01430	0.07590	0.01706	0.01243	0.07001	0.07052	0.00281	0.42523	0.00570	0.00285	0.00581
23	0.00654	0.00467	0.00623	0.00747	0.00779	0.00436	0.00498	0.00747	0.01028	0.01370	0.02959	0.80785	0.03550	0.01682	0.00685	0.00218	0.00311	0.01526	0.00498	0.00436
