[name]
unknown

[dist]
# distance from previous block
# <min> <max>
0	141

[block]
# block no. 0 follows, 52 sequences, length 39
# corresponding to MSA columns:
# 141-179
name=unknown_A
#
# <colnr> <probs for GDERKNQSTAVLIFYWHMCP>
#	G	D	E	R	K	N	Q	S	T	A	V	L	I	F	Y	W	H	M	C	P
0	0.05092	0.00565	0.00756	0.00852	0.00967	0.00569	0.00730	0.00998	0.01100	0.01495	0.05991	0.10503	0.02785	0.01290	0.00643	0.00214	0.00421	0.64141	0.00443	0.00447
1	0.01559	0.25795	0.01866	0.01382	0.15860	0.07575	0.00999	0.35507	0.01608	0.02072	0.00940	0.01033	0.00738	0.00498	0.00428	0.00131	0.00562	0.00373	0.00339	0.00734
2	0.05103	0.00569	0.00655	0.00654	0.00734	0.00568	0.00437	0.07557	0.00954	0.01338	0.01890	0.35317	0.02160	0.34444	0.01330	0.00295	0.00388	0.00915	0.00374	0.04315
3	0.00892	0.00815	0.01027	0.31032	0.01767	0.08873	0.00836	0.01072	0.00891	0.01126	0.01138	0.01893	0.01081	0.22304	0.22836	0.00404	0.00801	0.00512	0.00251	0.00450
4	0.01217	0.01366	0.01244	0.01144	0.03366	0.28780	0.00881	0.01341	0.01039	0.01209	0.01499	0.01701	0.15220	0.00912	0.04583	0.00197	0.33008	0.00500	0.00272	0.00521
5	0.01995	0.00885	0.01280	0.01251	0.15721	0.00793	0.00855	0.02201	0.01335	0.65800	0.01728	0.01567	0.01120	0.00569	0.00486	0.00149	0.00442	0.00477	0.00534	0.00814
6	0.01252	0.01378	0.01455	0.30711	0.18476	0.28324	0.01157	0.01479	0.01131	0.01292	0.00993	0.08282	0.00889	0.00569	0.00479	0.00148	0.00677	0.00474	0.00253	0.00581
7	0.02174	0.00825	0.01125	0.00862	0.01237	0.00712	0.00712	0.02362	0.01387	0.80282	0.01912	0.01649	0.01200	0.00600	0.00487	0.00150	0.00412	0.00487	0.00600	0.00825
8	0.26211	0.00884	0.01234	0.57784	0.02627	0.01080	0.01103	0.01293	0.00926	0.01515	0.00806	0.01143	0.00610	0.00474	0.00430	0.00158	0.00566	0.00381	0.00240	0.00534
9	0.01139	0.01291	0.02795	0.04187	0.04945	0.01219	0.73779	0.01542	0.01138	0.01545	0.00975	0.01303	0.00734	0.00411	0.00567	0.00163	0.00805	0.00564	0.00244	0.00654
10	0.01351	0.00850	0.01040	0.00761	0.01175	0.00666	0.00615	0.01558	0.01118	0.24871	0.01172	0.01196	0.00860	0.00430	0.00397	0.00095	0.00375	0.00346	0.00380	0.60745
11	0.00972	0.02507	0.80458	0.01381	0.02097	0.01125	0.01790	0.01535	0.01023	0.01535	0.00870	0.01023	0.00614	0.00460	0.00460	0.00153	0.00716	0.00358	0.00205	0.00716
12	0.00600	0.00492	0.00528	0.00519	0.00671	0.00421	0.00389	0.00748	0.01168	0.01461	0.22801	0.04414	0.61763	0.01171	0.00572	0.00161	0.00241	0.00988	0.00470	0.00421
13	0.00613	0.00485	0.00552	0.00551	0.00683	0.00424	0.00407	0.00767	0.01176	0.01516	0.29992	0.12766	0.45991	0.01179	0.00577	0.00163	0.00244	0.01012	0.00478	0.00424
14	0.00915	0.00861	0.01453	0.81804	0.03338	0.01077	0.01346	0.01238	0.00969	0.01238	0.00861	0.01292	0.00646	0.00484	0.00484	0.00161	0.00646	0.00431	0.00215	0.00538
15	0.01685	0.01203	0.01308	0.01044	0.01393	0.01324	0.00847	0.49163	0.22390	0.10545	0.01459	0.01422	0.01053	0.02229	0.00526	0.00157	0.00480	0.00476	0.00495	0.00799
16	0.00887	0.00582	0.00713	0.00649	0.00819	0.00544	0.00497	0.01190	0.08150	0.11200	0.48454	0.03435	0.19070	0.00962	0.00555	0.00155	0.00268	0.00830	0.00521	0.00519
17	0.01144	0.01307	0.02859	0.02042	0.02533	0.01225	0.78186	0.01552	0.01144	0.01552	0.00980	0.01307	0.00735	0.00408	0.00572	0.00163	0.00817	0.00572	0.00245	0.00654
18	0.01199	0.01151	0.01967	0.02974	0.79946	0.01151	0.01487	0.01487	0.01103	0.01583	0.00912	0.01199	0.00768	0.00432	0.00480	0.00144	0.00576	0.00432	0.00240	0.00768
19	0.01296	0.83261	0.02539	0.00829	0.01244	0.01917	0.00829	0.01451	0.00985	0.01140	0.00674	0.00777	0.00622	0.00415	0.00311	0.00104	0.00518	0.00259	0.00207	0.00622
20	0.01514	0.05059	0.01591	0.01162	0.01508	0.00897	0.22344	0.05645	0.01280	0.34550	0.06483	0.12803	0.01508	0.00687	0.00525	0.00158	0.00507	0.00644	0.00450	0.00684
21	0.00962	0.01233	0.17119	0.25942	0.07652	0.01022	0.15390	0.01399	0.07827	0.01447	0.01272	0.14172	0.01143	0.00641	0.00517	0.00165	0.00606	0.00603	0.00282	0.00607
22	0.00774	0.00630	0.00911	0.00852	0.00915	0.00759	0.02395	0.00907	0.00766	0.01107	0.01210	0.01975	0.01198	0.18289	0.49124	0.00599	0.16364	0.00538	0.00257	0.00429
23	0.01011	0.00832	0.00888	0.00816	0.01040	0.00899	0.00627	0.06419	0.42302	0.02968	0.04239	0.10761	0.23390	0.00903	0.00529	0.00166	0.00342	0.00762	0.00479	0.00629
24	0.01367	0.12852	0.27895	0.01281	0.05586	0.22782	0.01214	0.09633	0.09944	0.01602	0.00966	0.01061	0.00744	0.00498	0.00441	0.00139	0.00669	0.00365	0.00280	0.00681
25	0.01005	0.10297	0.53409	0.01257	0.01816	0.04551	0.04945	0.01441	0.01002	0.01418	0.00916	0.01140	0.00713	0.00944	0.12854	0.00244	0.00797	0.00381	0.00217	0.00654
26	0.00594	0.00456	0.00544	0.00598	0.00687	0.00406	0.00420	0.00708	0.01042	0.01340	0.11745	0.44725	0.32290	0.01352	0.00596	0.00180	0.00262	0.01190	0.00459	0.00406
27	0.06718	0.01172	0.01258	0.24903	0.01906	0.15725	0.00948	0.06164	0.10659	0.23821	0.01277	0.01341	0.00902	0.00544	0.00466	0.00150	0.00567	0.00429	0.00384	0.00666
28	0.14099	0.01567	0.27065	0.01274	0.01736	0.01183	0.15332	0.08213	0.14470	0.05007	0.01105	0.01213	0.00813	0.00516	0.00517	0.00158	0.04295	0.00430	0.00316	0.00689
29	0.01498	0.42410	0.03020	0.09127	0.01555	0.08481	0.04117	0.05558	0.01172	0.17377	0.00991	0.01060	0.00757	0.00476	0.00397	0.00126	0.00557	0.00351	0.00307	0.00662
30	0.00627	0.00454	0.00562	0.00610	0.00669	0.00422	0.00412	0.00729	0.00998	0.01330	0.17580	0.42047	0.14178	0.15978	0.00934	0.00232	0.00300	0.01110	0.00438	0.00390
31	0.05554	0.01227	0.05510	0.01026	0.01361	0.01259	0.00862	0.56276	0.01894	0.02596	0.01402	0.16133	0.01237	0.00741	0.00499	0.00156	0.00489	0.00597	0.00455	0.00725
32	0.01170	0.42296	0.38464	0.01103	0.01649	0.05146	0.01278	0.01512	0.01020	0.01324	0.00768	0.00895	0.00618	0.00440	0.00386	0.00128	0.00626	0.00307	0.00208	0.00663
33	0.00634	0.00472	0.00591	0.00613	0.00709	0.00429	0.00444	0.00794	0.01167	0.01571	0.37377	0.29343	0.19812	0.01219	0.00589	0.00171	0.00254	0.02899	0.00487	0.00426
34	0.00689	0.00507	0.00635	0.00696	0.00768	0.00493	0.00484	0.04710	0.04604	0.01431	0.09454	0.63702	0.07249	0.01370	0.00599	0.00187	0.00292	0.01229	0.00461	0.00439
35	0.00870	0.00982	0.09434	0.34989	0.02285	0.00909	0.15266	0.01167	0.01008	0.01347	0.03798	0.22905	0.01459	0.00758	0.00536	0.00170	0.00575	0.00714	0.00292	0.00537
36	0.00642	0.00443	0.00556	0.00626	0.00662	0.00422	0.00413	0.00727	0.00915	0.01246	0.06820	0.52223	0.04559	0.20115	0.01025	0.00252	0.00321	0.02648	0.05008	0.00379
37	0.02803	0.00686	0.00791	0.00796	0.00936	0.00732	0.00581	0.03543	0.28293	0.03157	0.05544	0.45432	0.02494	0.01128	0.00559	0.00180	0.00326	0.00998	0.00469	0.00550
38	0.33436	0.01140	0.01103	0.00886	0.01235	0.04801	0.00726	0.31099	0.01500	0.14153	0.01060	0.01075	0.00755	0.00521	0.00408	0.00143	0.00463	0.00366	0.00413	0.04716

[dist]
# distance from previous block
# <min> <max>
0	2

[block]
# block no. 1 follows, 52 sequences, length 118
# corresponding to MSA columns:
# 182-299
name=unknown_B
#
# <colnr> <probs for GDERKNQSTAVLIFYWHMCP>
#	G	D	E	R	K	N	Q	S	T	A	V	L	I	F	Y	W	H	M	C	P
0	0.01336	0.01270	0.01663	0.02727	0.05944	0.12108	0.20021	0.13646	0.01305	0.04626	0.00959	0.01127	0.00743	0.00452	0.00483	0.00125	0.02413	0.00406	0.00309	0.28337
1	0.00928	0.00886	0.01530	0.77448	0.03294	0.01085	0.05543	0.01255	0.00979	0.01255	0.00868	0.01293	0.00651	0.00480	0.00489	0.00162	0.00655	0.00438	0.00217	0.00545
2	0.01466	0.01699	0.01399	0.11233	0.01660	0.44458	0.02708	0.05652	0.01213	0.01298	0.00872	0.05455	0.00783	0.00627	0.00694	0.00153	0.17389	0.00420	0.00261	0.00559
3	0.00784	0.00425	0.00610	0.00630	0.00641	0.00418	0.00419	0.00644	0.00703	0.00931	0.01334	0.15534	0.04279	0.04608	0.01647	0.64869	0.00392	0.00618	0.00264	0.00252
4	0.00648	0.00527	0.00621	0.09224	0.00927	0.00505	0.00471	0.00771	0.00994	0.01230	0.05856	0.03804	0.47838	0.19315	0.04975	0.00261	0.00390	0.00860	0.00383	0.00400
5	0.01106	0.01044	0.01765	0.10592	0.63818	0.01063	0.01362	0.01375	0.01071	0.01512	0.01095	0.09931	0.01016	0.00553	0.00495	0.00151	0.00551	0.00533	0.00260	0.00705
6	0.00715	0.00545	0.00763	0.00741	0.00858	0.00580	0.00566	0.00875	0.00821	0.01178	0.01486	0.07990	0.03931	0.07453	0.59389	0.00622	0.01041	0.00585	0.00285	0.09577
7	0.04500	0.02232	0.09825	0.01239	0.01540	0.65845	0.01016	0.04217	0.01333	0.01313	0.00770	0.00900	0.00626	0.00503	0.00459	0.00131	0.02393	0.00321	0.00253	0.00585
8	0.01425	0.01434	0.12866	0.01569	0.06157	0.09662	0.31187	0.03091	0.01202	0.19360	0.01172	0.03014	0.00863	0.00516	0.00562	0.00156	0.04251	0.00496	0.00327	0.00689
9	0.00679	0.00468	0.00624	0.00706	0.00766	0.00444	0.00512	0.00803	0.01006	0.03095	0.10299	0.53046	0.03130	0.06242	0.00731	0.00213	0.00322	0.16047	0.00452	0.00414
10	0.01087	0.00575	0.00616	0.00562	0.00730	0.00573	0.00435	0.06216	0.04185	0.10261	0.01853	0.01962	0.07073	0.00622	0.00387	0.00125	0.00273	0.00501	0.61439	0.00525
11	0.01147	0.01117	0.01959	0.14973	0.59597	0.01140	0.08787	0.01451	0.01085	0.01527	0.00910	0.01221	0.00745	0.00437	0.00488	0.00147	0.00606	0.00443	0.00237	0.01982
12	0.00670	0.00506	0.00645	0.00703	0.00781	0.00498	0.00494	0.00888	0.07788	0.01335	0.05451	0.57557	0.06708	0.01601	0.09208	0.00249	0.00397	0.01144	0.00432	0.02946
13	0.00659	0.00476	0.00554	0.00589	0.00689	0.00425	0.00414	0.00760	0.01009	0.04141	0.04732	0.34238	0.36319	0.10137	0.00794	0.00210	0.00293	0.02715	0.00440	0.00407
14	0.01985	0.00840	0.01108	0.00875	0.01223	0.00763	0.00722	0.07092	0.04267	0.65207	0.04859	0.01908	0.01401	0.00656	0.00501	0.00154	0.00414	0.04663	0.00578	0.00788
15	0.10247	0.02233	0.56039	0.01339	0.03064	0.12186	0.05245	0.01578	0.01057	0.01556	0.00838	0.00994	0.00614	0.00462	0.00446	0.00149	0.00704	0.00353	0.00224	0.00672
16	0.00714	0.00558	0.00639	0.00648	0.00777	0.00534	0.00472	0.04974	0.07660	0.01520	0.13712	0.32367	0.31181	0.01219	0.00578	0.00173	0.00283	0.01061	0.00467	0.00462
17	0.01226	0.00834	0.00951	0.00844	0.01064	0.00868	0.00656	0.27211	0.07250	0.09273	0.02195	0.27479	0.09217	0.00973	0.00536	0.00166	0.00386	0.03637	0.04623	0.00613
18	0.00692	0.00519	0.00779	0.00779	0.00865	0.00606	0.00606	0.00865	0.00779	0.01125	0.01298	0.01904	0.01211	0.03634	0.81049	0.00779	0.01298	0.00519	0.00260	0.00433
19	0.01021	0.01002	0.01409	0.01219	0.01229	0.01390	0.01012	0.01134	0.00746	0.01162	0.00707	0.01151	0.00698	0.01147	0.10099	0.00273	0.73432	0.00434	0.00217	0.00520
20	0.63312	0.00977	0.00955	0.00828	0.01059	0.01188	0.02571	0.01364	0.00812	0.01911	0.00673	0.00867	0.00557	0.00547	0.00624	0.00166	0.20473	0.00310	0.00277	0.00529
21	0.00689	0.00478	0.00600	0.00612	0.00638	0.00498	0.00395	0.00745	0.00749	0.01022	0.01587	0.11339	0.01767	0.52788	0.23525	0.00524	0.00674	0.00727	0.00301	0.00342
22	0.04242	0.00891	0.01154	0.00887	0.01261	0.00817	0.00733	0.11456	0.01480	0.69059	0.01791	0.01570	0.01138	0.00594	0.00482	0.00149	0.00426	0.00476	0.00578	0.00817
23	0.01415	0.01029	0.01108	0.00905	0.01212	0.01097	0.00730	0.38716	0.15022	0.08164	0.02371	0.02257	0.22313	0.00771	0.00510	0.00154	0.00421	0.00618	0.00485	0.00702
24	0.00827	0.00523	0.00657	0.00658	0.00785	0.00479	0.00481	0.02406	0.01113	0.11205	0.14833	0.35873	0.21302	0.01352	0.04974	0.00207	0.00341	0.01041	0.00472	0.00471
25	0.01628	0.02007	0.01279	0.01165	0.01370	0.66259	0.00869	0.01739	0.01254	0.01157	0.00835	0.01149	0.00757	0.09405	0.02099	0.00178	0.05705	0.00364	0.00252	0.00529
26	0.01594	0.01857	0.01401	0.21012	0.01950	0.53261	0.01035	0.09580	0.01367	0.01390	0.00819	0.01006	0.00650	0.00504	0.00454	0.00136	0.00783	0.00354	0.00265	0.00583
27	0.00590	0.00422	0.00562	0.00675	0.00703	0.00394	0.00450	0.00675	0.00928	0.01237	0.02671	0.82653	0.03205	0.01518	0.00619	0.00197	0.00281	0.01378	0.00450	0.00394
28	0.01144	0.01307	0.02859	0.02042	0.02533	0.01225	0.78186	0.01552	0.01144	0.01552	0.00980	0.01307	0.00735	0.00408	0.00572	0.00163	0.00817	0.00572	0.00245	0.00654
29	0.01205	0.01041	0.01096	0.00986	0.01260	0.01205	0.00767	0.02575	0.79071	0.02027	0.01972	0.01808	0.01479	0.00657	0.00493	0.00164	0.00384	0.00548	0.00493	0.00767
30	0.00590	0.00422	0.00562	0.00675	0.00703	0.00394	0.00450	0.00675	0.00928	0.01237	0.02671	0.82653	0.03205	0.01518	0.00619	0.00197	0.00281	0.01378	0.00450	0.00394
31	0.86392	0.00937	0.00712	0.00637	0.00937	0.01087	0.00525	0.01425	0.00825	0.02174	0.00675	0.00787	0.00525	0.00450	0.00300	0.00150	0.00375	0.00262	0.00300	0.00525
32	0.00972	0.02507	0.80458	0.01381	0.02097	0.01125	0.01790	0.01535	0.01023	0.01535	0.00870	0.01023	0.00614	0.00460	0.00460	0.00153	0.00716	0.00358	0.00205	0.00716
33	0.00972	0.02507	0.80458	0.01381	0.02097	0.01125	0.01790	0.01535	0.01023	0.01535	0.00870	0.01023	0.00614	0.00460	0.00460	0.00153	0.00716	0.00358	0.00205	0.00716
34	0.00692	0.00519	0.00779	0.00779	0.00865	0.00606	0.00606	0.00865	0.00779	0.01125	0.01298	0.01904	0.01211	0.03634	0.81049	0.00779	0.01298	0.00519	0.00260	0.00433
35	0.01205	0.01041	0.01096	0.00986	0.01260	0.01205	0.00767	0.02575	0.79071	0.02027	0.01972	0.01808	0.01479	0.00657	0.00493	0.00164	0.00384	0.00548	0.00493	0.00767
36	0.86392	0.00937	0.00712	0.00637	0.00937	0.01087	0.00525	0.01425	0.00825	0.02174	0.00675	0.00787	0.00525	0.00450	0.00300	0.00150	0.00375	0.00262	0.00300	0.00525
37	0.00629	0.00518	0.00559	0.00563	0.00720	0.00458	0.00435	0.00817	0.03961	0.01410	0.11543	0.04548	0.61639	0.01196	0.00580	0.00169	0.00270	0.09094	0.00459	0.00431
38	0.00573	0.00491	0.00491	0.00491	0.00655	0.00409	0.00368	0.00695	0.01105	0.01309	0.04909	0.04664	0.79750	0.01227	0.00573	0.00164	0.00245	0.01023	0.00450	0.00409
39	0.01144	0.01307	0.02859	0.02042	0.02533	0.01225	0.78186	0.01552	0.01144	0.01552	0.00980	0.01307	0.00735	0.00408	0.00572	0.00163	0.00817	0.00572	0.00245	0.00654
40	0.00662	0.00494	0.00615	0.00585	0.00709	0.00447	0.00439	0.00868	0.01316	0.01810	0.63960	0.03839	0.20386	0.01040	0.00572	0.00155	0.00232	0.00907	0.00516	0.00447
41	0.01296	0.83261	0.02539	0.00829	0.01244	0.01917	0.00829	0.01451	0.00985	0.01140	0.00674	0.00777	0.00622	0.00415	0.00311	0.00104	0.00518	0.00259	0.00207	0.00622
42	0.22186	0.02374	0.02335	0.05321	0.01397	0.03819	0.00805	0.29359	0.07329	0.18616	0.01220	0.01211	0.00857	0.00547	0.00437	0.00149	0.00479	0.00405	0.00434	0.00719
43	0.06205	0.05583	0.01539	0.08123	0.09801	0.41681	0.07042	0.01777	0.01247	0.09746	0.02304	0.01099	0.00775	0.00497	0.00450	0.00136	0.00715	0.00378	0.00288	0.00615
44	0.00775	0.00587	0.00802	0.00786	0.00899	0.00679	0.00609	0.01114	0.11628	0.01284	0.01410	0.01902	0.01258	0.04108	0.64476	0.00654	0.01102	0.00522	0.04928	0.00478
45	0.00959	0.09689	0.01453	0.13940	0.26004	0.00954	0.03369	0.01210	0.01138	0.01539	0.20652	0.02340	0.08098	0.00701	0.00508	0.00152	0.00467	0.05905	0.00336	0.00586
46	0.05838	0.05792	0.05780	0.01292	0.01570	0.18940	0.19378	0.01430	0.01110	0.01410	0.01284	0.03436	0.01238	0.00735	0.00640	0.00171	0.09232	0.19872	0.00296	0.00558
47	0.00583	0.00451	0.00532	0.00596	0.00682	0.00400	0.00415	0.00684	0.01004	0.01268	0.03632	0.49166	0.36072	0.01393	0.00599	0.00183	0.00266	0.01225	0.00450	0.00400
48	0.01005	0.00861	0.01005	0.00718	0.01148	0.00646	0.00574	0.01220	0.01005	0.01579	0.00861	0.01005	0.00718	0.00359	0.00359	0.00072	0.00359	0.00287	0.00287	0.85932
49	0.01688	0.01636	0.01605	0.01392	0.07452	0.27290	0.09237	0.37041	0.04311	0.02142	0.01017	0.01109	0.00767	0.00528	0.00478	0.00141	0.00673	0.00414	0.00365	0.00714
50	0.01066	0.01016	0.01727	0.39880	0.44081	0.01116	0.01421	0.01371	0.01040	0.01422	0.00888	0.01243	0.00711	0.00456	0.00482	0.00152	0.00609	0.00431	0.00228	0.00660
51	0.00989	0.00599	0.00796	0.00779	0.00884	0.00610	0.00578	0.01135	0.02963	0.16747	0.05523	0.42124	0.02412	0.08009	0.00848	0.00211	0.09090	0.04757	0.00445	0.00499
52	0.00651	0.00474	0.00606	0.00668	0.00736	0.00446	0.00468	0.03289	0.01067	0.01427	0.15796	0.58184	0.09768	0.01369	0.00604	0.00185	0.00282	0.03093	0.00465	0.00421
53	0.01144	0.01307	0.02859	0.02042	0.02533	0.01225	0.78186	0.01552	0.01144	0.01552	0.00980	0.01307	0.00735	0.00408	0.00572	0.00163	0.00817	0.00572	0.00245	0.00654
54	0.00607	0.00439	0.00576	0.00670	0.00718	0.00408	0.00463	0.00712	0.00983	0.01306	0.08553	0.67463	0.08272	0.01450	0.00615	0.00193	0.00284	0.05430	0.00456	0.00402
55	0.00752	0.00531	0.00637	0.00648	0.00764	0.00498	0.00468	0.03892	0.03595	0.05176	0.15816	0.35135	0.23200	0.04816	0.00665	0.00188	0.00293	0.02007	0.00467	0.00453
56	0.02018	0.00932	0.01174	0.00915	0.01281	0.00890	0.00751	0.14374	0.09846	0.59714	0.01800	0.01590	0.01170	0.00603	0.00488	0.00151	0.00428	0.00486	0.00570	0.00818
57	0.00587	0.00494	0.00524	0.00524	0.00678	0.00431	0.00395	0.00717	0.01074	0.01300	0.05783	0.04351	0.70072	0.01481	0.09190	0.00229	0.00358	0.00966	0.00431	0.00412
58	0.00599	0.00467	0.00542	0.00576	0.00681	0.00412	0.00411	0.00724	0.01081	0.01383	0.16378	0.31890	0.39383	0.02431	0.00615	0.00178	0.00258	0.01119	0.00461	0.00410
59	0.00599	0.00425	0.00560	0.00664	0.00690	0.00399	0.00438	0.00677	0.00911	0.01215	0.02586	0.76727	0.03098	0.07591	0.00756	0.00217	0.00295	0.01327	0.00438	0.00386
60	0.01012	0.11119	0.69836	0.01342	0.02019	0.01213	0.03931	0.01526	0.01023	0.01493	0.00852	0.01005	0.00618	0.00454	0.00448	0.00148	0.00698	0.00354	0.00206	0.00704
61	0.00709	0.00484	0.00600	0.00596	0.00635	0.00501	0.00391	0.00787	0.00809	0.01134	0.09842	0.02840	0.01901	0.50583	0.21684	0.00496	0.00638	0.00665	0.04351	0.00353
62	0.65275	0.00876	0.00760	0.00661	0.00955	0.00969	0.00541	0.01533	0.00945	0.14254	0.04184	0.01092	0.00835	0.00502	0.00342	0.00148	0.00367	0.00333	0.04863	0.00565
63	0.86392	0.00937	0.00712	0.00637	0.00937	0.01087	0.00525	0.01425	0.00825	0.02174	0.00675	0.00787	0.00525	0.00450	0.00300	0.00150	0.00375	0.00262	0.00300	0.00525
64	0.01096	0.33383	0.50666	0.01170	0.01771	0.01428	0.01423	0.01503	0.01008	0.01384	0.00795	0.00929	0.00617	0.00443	0.00403	0.00134	0.00641	0.00320	0.00206	0.00680
65	0.01580	0.05600	0.05563	0.01057	0.01356	0.01225	0.00915	0.24193	0.02364	0.22483	0.01184	0.01255	0.00866	0.00704	0.02762	0.00174	0.20945	0.00429	0.00401	0.04946
66	0.00674	0.00459	0.00583	0.00631	0.00686	0.00429	0.00424	0.00771	0.00982	0.03623	0.15362	0.47671	0.07278	0.16963	0.00958	0.00238	0.00310	0.01120	0.00438	0.00399
67	0.00910	0.00528	0.00687	0.00660	0.00761	0.00507	0.00467	0.01028	0.01014	0.13888	0.18850	0.19205	0.02514	0.25452	0.11027	0.00331	0.00471	0.00823	0.00423	0.00452
68	0.00922	0.20182	0.02713	0.09620	0.01455	0.01010	0.13621	0.01123	0.01020	0.02445	0.02057	0.19231	0.16696	0.00904	0.02159	0.00170	0.02038	0.01785	0.00324	0.00524
69	0.00992	0.00922	0.01521	0.45734	0.21457	0.02177	0.05056	0.01285	0.01015	0.01381	0.01027	0.05598	0.00862	0.00534	0.00498	0.00156	0.01702	0.00488	0.07011	0.00585
70	0.00651	0.00486	0.00608	0.00642	0.00730	0.00456	0.00457	0.00852	0.04784	0.01533	0.30154	0.40616	0.13719	0.01253	0.00590	0.00175	0.00263	0.01115	0.00481	0.00436
71	0.00597	0.00431	0.00567	0.00673	0.00712	0.00401	0.00458	0.00689	0.00945	0.01249	0.02789	0.75389	0.07369	0.01495	0.00618	0.00196	0.00286	0.04289	0.00450	0.00397
72	0.01262	0.01362	0.06993	0.01740	0.12322	0.08346	0.33106	0.01832	0.18365	0.05523	0.01199	0.01357	0.00907	0.00500	0.00548	0.00158	0.02971	0.00503	0.00314	0.00695
73	0.01026	0.01087	0.07341	0.05452	0.39785	0.05306	0.01155	0.01290	0.01050	0.01449	0.06204	0.01650	0.04802	0.01239	0.18748	0.00290	0.00732	0.00496	0.00270	0.00630
74	0.00632	0.00467	0.00608	0.00671	0.00739	0.00450	0.00476	0.01804	0.00992	0.01321	0.09264	0.51364	0.13215	0.01710	0.11741	0.00269	0.00420	0.03013	0.00431	0.00414
75	0.02604	0.17367	0.42404	0.01434	0.02017	0.03003	0.21543	0.01530	0.01051	0.01469	0.00856	0.01044	0.00646	0.00439	0.00458	0.00146	0.00703	0.00393	0.00218	0.00675
76	0.01177	0.01091	0.01344	0.04606	0.21464	0.08324	0.02527	0.02853	0.27999	0.03402	0.03718	0.08637	0.02412	0.00761	0.02925	0.00178	0.04973	0.00570	0.00367	0.00671
77	0.05455	0.01438	0.31216	0.01329	0.12306	0.00980	0.01195	0.02757	0.00960	0.01474	0.01048	0.03731	0.00899	0.02404	0.19310	0.00306	0.07663	0.00447	0.04477	0.00605
78	0.00608	0.00488	0.00543	0.00538	0.00679	0.00423	0.00400	0.00761	0.01175	0.01497	0.27471	0.09172	0.52194	0.01173	0.00575	0.00162	0.00243	0.01000	0.00475	0.00423
79	0.01482	0.20937	0.14412	0.02878	0.13131	0.04284	0.03339	0.09915	0.01270	0.19822	0.03283	0.01230	0.00911	0.00506	0.00442	0.00138	0.00552	0.00404	0.00344	0.00720
80	0.02317	0.16010	0.14858	0.27265	0.02178	0.14829	0.05406	0.02657	0.01076	0.03396	0.00835	0.01074	0.00653	0.00490	0.00504	0.00146	0.05092	0.00375	0.00235	0.00604
81	0.01561	0.01559	0.01588	0.01293	0.01554	0.24981	0.09234	0.28061	0.01502	0.01865	0.00888	0.01067	0.00708	0.00606	0.00759	0.00158	0.21230	0.00411	0.00321	0.00654
82	0.03583	0.27524	0.49507	0.01151	0.01746	0.01345	0.01387	0.01488	0.01004	0.01433	0.00802	0.00939	0.00619	0.00440	0.00404	0.00133	0.00625	0.00321	0.00213	0.05335
83	0.01155	0.19085	0.53311	0.01251	0.01845	0.09982	0.02435	0.01577	0.01062	0.02906	0.00837	0.00972	0.00629	0.00457	0.00429	0.00140	0.00688	0.00338	0.00218	0.00681
84	0.00595	0.00466	0.00541	0.00595	0.00698	0.00413	0.00430	0.00710	0.01035	0.01298	0.04960	0.37289	0.41768	0.01352	0.00598	0.00181	0.00273	0.05942	0.00451	0.00406
85	0.00703	0.00560	0.00809	0.20671	0.01358	0.00586	0.00669	0.00900	0.01105	0.01491	0.29594	0.30373	0.07212	0.01061	0.00566	0.00171	0.00351	0.00947	0.00422	0.00453
86	0.01019	0.03476	0.08972	0.00794	0.01232	0.00740	0.00706	0.02192	0.02170	0.02492	0.02692	0.03123	0.00871	0.00424	0.00384	0.00089	0.00398	0.00342	0.00295	0.67590
87	0.01171	0.08997	0.56012	0.01270	0.01881	0.01265	0.01507	0.15912	0.04368	0.01805	0.00952	0.01060	0.00688	0.00487	0.00454	0.00148	0.00652	0.00372	0.00269	0.00730
88	0.01817	0.00746	0.01008	0.00800	0.01113	0.00651	0.00650	0.02013	0.01379	0.61555	0.19406	0.02135	0.03101	0.00697	0.00507	0.00151	0.00369	0.00582	0.00583	0.00736
89	0.01152	0.01110	0.01914	0.15531	0.65157	0.01142	0.03997	0.01450	0.01083	0.01527	0.00906	0.01218	0.00747	0.00439	0.00484	0.00147	0.00595	0.00436	0.00236	0.00727
90	0.01127	0.06385	0.19733	0.11382	0.08587	0.08450	0.11739	0.03138	0.05506	0.02716	0.01215	0.03436	0.05110	0.00530	0.00472	0.00143	0.00613	0.00463	0.00275	0.08980
91	0.07562	0.01156	0.01859	0.05461	0.28789	0.03596	0.21108	0.03028	0.11482	0.09406	0.01148	0.01315	0.00869	0.00480	0.00492	0.00153	0.00594	0.00473	0.00318	0.00710
92	0.00591	0.00445	0.00544	0.00620	0.00689	0.00403	0.00427	0.00687	0.00977	0.01254	0.03303	0.56431	0.25799	0.03438	0.00651	0.00194	0.00278	0.02426	0.00446	0.00397
93	0.00976	0.00931	0.01417	0.01535	0.20815	0.04876	0.11908	0.01183	0.01044	0.01442	0.07317	0.19755	0.05955	0.00830	0.00695	0.00168	0.12886	0.00722	0.04982	0.00562
94	0.01198	0.01032	0.01609	0.16721	0.38266	0.02215	0.04012	0.05696	0.06990	0.06756	0.09495	0.01547	0.01233	0.00537	0.00495	0.00150	0.00537	0.00495	0.00323	0.00692
95	0.00687	0.00469	0.00556	0.00588	0.00671	0.00435	0.00410	0.00804	0.01002	0.02868	0.10927	0.29836	0.20266	0.15188	0.00888	0.00222	0.00302	0.03763	0.09713	0.00403
96	0.00676	0.00514	0.00563	0.00567	0.00709	0.00459	0.00421	0.03599	0.01133	0.02633	0.09343	0.18666	0.50621	0.01197	0.00566	0.00166	0.00266	0.02353	0.05113	0.00434
97	0.03108	0.15470	0.05893	0.08261	0.07750	0.03312	0.21656	0.11322	0.01175	0.01584	0.00966	0.04827	0.00822	0.00618	0.02037	0.01787	0.08035	0.00473	0.00272	0.00632
98	0.04703	0.00760	0.00990	0.16381	0.01410	0.00879	0.00767	0.02346	0.12849	0.05188	0.07045	0.04170	0.07053	0.08016	0.08225	0.00250	0.10271	0.03359	0.04804	0.00532
99	0.00647	0.00467	0.00622	0.00720	0.00784	0.00443	0.00536	0.00779	0.01013	0.01336	0.06606	0.52426	0.08046	0.01424	0.00627	0.00200	0.00322	0.22135	0.00453	0.00412
100	0.02096	0.00993	0.01691	0.44112	0.27473	0.01118	0.06898	0.02663	0.01037	0.01411	0.00920	0.02982	0.00747	0.00498	0.00527	0.00158	0.03360	0.00459	0.00236	0.00621
101	0.01227	0.05356	0.01495	0.01120	0.01387	0.05358	0.17717	0.13630	0.01300	0.08220	0.12913	0.02012	0.05149	0.08025	0.00785	0.00184	0.07910	0.02270	0.03345	0.00593
102	0.01597	0.01138	0.01248	0.00982	0.01312	0.01226	0.00801	0.57067	0.02012	0.06985	0.13603	0.01802	0.06645	0.00689	0.00504	0.00148	0.00460	0.00546	0.00496	0.00740
103	0.00809	0.00662	0.00779	0.00658	0.00913	0.00548	0.00506	0.01031	0.03506	0.01581	0.19153	0.11145	0.17037	0.00819	0.00485	0.00127	0.00303	0.02386	0.00400	0.37152
104	0.03657	0.01029	0.01254	0.00926	0.01340	0.00941	0.06102	0.21916	0.02756	0.05698	0.01014	0.01107	0.00778	0.00441	0.00414	0.00105	0.00441	0.00360	0.00356	0.49367
105	0.00688	0.00509	0.00739	0.00745	0.00819	0.00579	0.00563	0.00837	0.00778	0.01110	0.01396	0.06309	0.01378	0.12384	0.68025	0.00714	0.01152	0.00585	0.00273	0.00415
106	0.00657	0.00484	0.00584	0.00567	0.00687	0.00434	0.00419	0.00795	0.01181	0.01567	0.40851	0.05201	0.33329	0.01166	0.00714	0.09340	0.00257	0.00893	0.00465	0.00411
107	0.01119	0.01081	0.01877	0.24247	0.54996	0.01135	0.05638	0.01423	0.01069	0.01488	0.00902	0.01230	0.00733	0.00445	0.00486	0.00150	0.00608	0.00439	0.00234	0.00699
108	0.20673	0.00873	0.01030	0.00826	0.01173	0.00848	0.00677	0.02178	0.09581	0.54650	0.01645	0.01476	0.01080	0.00573	0.00447	0.00151	0.00401	0.00444	0.00522	0.00752
109	0.00832	0.00518	0.00637	0.00655	0.00729	0.00499	0.00439	0.00970	0.05176	0.09646	0.02248	0.39570	0.05315	0.29060	0.01224	0.00282	0.00364	0.00995	0.00415	0.00427
110	0.01060	0.01060	0.01484	0.01272	0.01272	0.01484	0.01060	0.01166	0.00742	0.01166	0.00636	0.01060	0.00636	0.00848	0.01590	0.00212	0.82082	0.00424	0.00212	0.00530
111	0.01116	0.01034	0.01577	0.26095	0.35670	0.01144	0.01250	0.01707	0.22153	0.01600	0.01183	0.01392	0.00924	0.00509	0.00485	0.00155	0.00545	0.00463	0.00301	0.00699
112	0.13515	0.01203	0.01273	0.00999	0.01362	0.01317	0.00822	0.53470	0.06146	0.11102	0.01314	0.01286	0.02834	0.00586	0.00462	0.00148	0.00483	0.00438	0.00471	0.00769
113	0.00723	0.00450	0.00612	0.00680	0.00728	0.00424	0.00472	0.00760	0.00904	0.04636	0.02335	0.54544	0.05509	0.01491	0.00880	0.18084	0.00325	0.05660	0.00406	0.00378
114	0.00705	0.00470	0.00529	0.00529	0.00529	0.00470	0.00294	0.00705	0.00705	0.00940	0.01527	0.03171	0.01762	0.82969	0.02467	0.00470	0.00470	0.00705	0.00294	0.00294
115	0.00693	0.00517	0.00765	0.00765	0.00847	0.00598	0.00589	0.00857	0.00775	0.01115	0.01311	0.01973	0.01242	0.07967	0.76757	0.00762	0.01253	0.00529	0.00261	0.00425
116	0.00583	0.00450	0.00533	0.00599	0.00683	0.00400	0.00416	0.00683	0.01000	0.01267	0.03590	0.50631	0.34634	0.01399	0.00600	0.00183	0.00266	0.01232	0.00450	0.00400
117	0.01328	0.15024	0.02487	0.15024	0.01583	0.35146	0.00873	0.01482	0.01100	0.01179	0.00918	0.01348	0.00839	0.13826	0.00767	0.00185	0.01987	0.00396	0.03987	0.00521

[dist]
# distance from previous block
# <min> <max>
0	1

[block]
# block no. 2 follows, 52 sequences, length 16
# corresponding to MSA columns:
# 301-316
name=unknown_C
#
# <colnr> <probs for GDERKNQSTAVLIFYWHMCP>
#	G	D	E	R	K	N	Q	S	T	A	V	L	I	F	Y	W	H	M	C	P
0	0.24698	0.01021	0.01086	0.00859	0.01209	0.01067	0.00707	0.27882	0.01498	0.24365	0.01244	0.01220	0.00862	0.00537	0.00421	0.00142	0.00431	0.00395	0.04536	0.05821
1	0.51923	0.08587	0.01107	0.03282	0.01200	0.06340	0.00692	0.18509	0.01201	0.02184	0.00793	0.00891	0.00610	0.00480	0.00356	0.00144	0.00463	0.00309	0.00327	0.00603
2	0.01167	0.01148	0.02004	0.06297	0.59964	0.01188	0.10516	0.01454	0.01068	0.01525	0.00892	0.01203	0.00746	0.00470	0.00594	0.00153	0.08204	0.00448	0.00237	0.00722
3	0.00681	0.00503	0.00730	0.00743	0.00815	0.00568	0.00558	0.00828	0.00790	0.01121	0.01482	0.11576	0.01499	0.10778	0.64208	0.00681	0.01101	0.00638	0.00285	0.00415
4	0.01119	0.01235	0.02457	0.01817	0.02164	0.01301	0.55615	0.01439	0.01026	0.01439	0.00880	0.01235	0.00706	0.00537	0.00870	0.00178	0.24600	0.00529	0.00235	0.00617
5	0.00591	0.00471	0.00530	0.00560	0.00677	0.00410	0.00403	0.00714	0.01081	0.01359	0.12626	0.28010	0.48286	0.01288	0.00586	0.00172	0.00254	0.01113	0.00459	0.00410
6	0.01870	0.01312	0.01426	0.01093	0.01480	0.01435	0.00903	0.71849	0.02202	0.09642	0.01227	0.01205	0.00856	0.00583	0.00485	0.00146	0.00523	0.00441	0.00495	0.00824
7	0.01188	0.01140	0.01946	0.06168	0.76843	0.01148	0.01482	0.01477	0.01098	0.01569	0.00909	0.01203	0.00763	0.00434	0.00480	0.00145	0.00579	0.00432	0.00239	0.00758
8	0.07135	0.00867	0.01400	0.75898	0.03163	0.01077	0.01286	0.01252	0.00958	0.01306	0.00848	0.01255	0.00637	0.00482	0.00471	0.00161	0.00626	0.00418	0.00221	0.00537
9	0.00807	0.00621	0.00717	0.00728	0.00862	0.00636	0.00537	0.01260	0.21906	0.02877	0.07760	0.32057	0.15958	0.04166	0.00637	0.00189	0.00317	0.05321	0.02136	0.00508
10	0.01233	0.01055	0.01111	0.00992	0.01271	0.01218	0.00774	0.05841	0.75760	0.02071	0.01938	0.01780	0.01451	0.00654	0.00493	0.00164	0.00390	0.00543	0.00493	0.00770
11	0.78818	0.00974	0.00769	0.02454	0.01022	0.02931	0.00565	0.03169	0.00885	0.03870	0.00719	0.00828	0.00551	0.00458	0.00315	0.00150	0.00397	0.00276	0.00308	0.00539
12	0.00578	0.00488	0.00500	0.00503	0.00659	0.00410	0.00375	0.00704	0.01109	0.01333	0.07931	0.07766	0.73534	0.01229	0.00575	0.00165	0.00246	0.01031	0.00453	0.00410
13	0.01721	0.02162	0.01386	0.01251	0.01471	0.71613	0.00951	0.01844	0.01299	0.01184	0.00736	0.00896	0.00626	0.00541	0.00573	0.00135	0.10482	0.00325	0.00245	0.00558
14	0.00692	0.00519	0.00779	0.00779	0.00865	0.00606	0.00606	0.00865	0.00779	0.01125	0.01298	0.01904	0.01211	0.03634	0.81049	0.00779	0.01298	0.00519	0.00260	0.00433
15	0.00711	0.00499	0.00645	0.00613	0.00732	0.00457	0.00458	0.00923	0.01328	0.03876	0.68299	0.08598	0.08976	0.01028	0.00572	0.00156	0.00238	0.00907	0.00525	0.00460

[dist]
# distance from previous block
# <min> <max>
1	38

[block]
# block no. 3 follows, 52 sequences, length 43
# corresponding to MSA columns:
# 355-397
name=unknown_D
#
# <colnr> <probs for GDERKNQSTAVLIFYWHMCP>
#	G	D	E	R	K	N	Q	S	T	A	V	L	I	F	Y	W	H	M	C	P
0	0.00591	0.00431	0.00557	0.00654	0.00699	0.00397	0.00442	0.00684	0.00958	0.01264	0.05071	0.72525	0.10995	0.01474	0.00613	0.00192	0.00276	0.01328	0.00452	0.00397
1	0.01348	0.01492	0.02066	0.02057	0.26930	0.21701	0.28232	0.04954	0.01233	0.01525	0.00955	0.03454	0.00791	0.00478	0.00505	0.00147	0.00727	0.00477	0.00261	0.00667
2	0.01096	0.04271	0.32525	0.03327	0.01615	0.04326	0.01125	0.09165	0.01160	0.01657	0.01085	0.01205	0.04594	0.00476	0.00428	0.00122	0.00547	0.00371	0.00276	0.30629
3	0.01209	0.14278	0.25061	0.04786	0.05529	0.15593	0.01211	0.01610	0.08937	0.01385	0.00909	0.01089	0.00734	0.00627	0.02884	0.00168	0.12730	0.00375	0.00247	0.00639
4	0.00911	0.00813	0.01137	0.01006	0.01039	0.01023	0.04126	0.01005	0.00784	0.01132	0.01159	0.02259	0.01254	0.29723	0.01760	0.00302	0.41605	0.08252	0.00266	0.00444
5	0.01841	0.01397	0.01451	0.01121	0.01503	0.04829	0.00922	0.75135	0.02241	0.02976	0.01146	0.01151	0.00816	0.00578	0.00483	0.00145	0.00548	0.00431	0.00475	0.00813
6	0.00663	0.00520	0.00646	0.00730	0.03771	0.00485	0.00510	0.00851	0.04328	0.01403	0.11408	0.34274	0.28415	0.01271	0.00593	0.00180	0.00296	0.08763	0.00452	0.00441
7	0.07218	0.00781	0.00897	0.00917	0.04396	0.08828	0.00674	0.03514	0.00912	0.01296	0.01241	0.05567	0.01166	0.02741	0.56911	0.00590	0.01081	0.00514	0.00277	0.00478
8	0.77864	0.00926	0.00754	0.00660	0.00968	0.01049	0.00544	0.01519	0.00882	0.10084	0.00800	0.00875	0.00593	0.00465	0.00319	0.00150	0.00379	0.00285	0.00330	0.00555
9	0.00693	0.00516	0.00764	0.00764	0.00845	0.00598	0.00587	0.00856	0.00774	0.01114	0.01312	0.01979	0.01244	0.08320	0.76407	0.00761	0.01249	0.00530	0.00262	0.00424
10	0.01115	0.01066	0.01815	0.26306	0.57272	0.01129	0.01445	0.01414	0.01064	0.01481	0.00897	0.01227	0.00732	0.00447	0.00481	0.00149	0.00597	0.00431	0.00233	0.00700
11	0.00653	0.00490	0.00549	0.00545	0.00667	0.00434	0.00390	0.00778	0.01091	0.03142	0.19585	0.10694	0.44376	0.13436	0.00858	0.00210	0.00282	0.00963	0.00447	0.00410
12	0.00590	0.00422	0.00562	0.00675	0.00703	0.00394	0.00450	0.00675	0.00928	0.01237	0.02671	0.82653	0.03205	0.01518	0.00619	0.00197	0.00281	0.01378	0.00450	0.00394
13	0.86392	0.00937	0.00712	0.00637	0.00937	0.01087	0.00525	0.01425	0.00825	0.02174	0.00675	0.00787	0.00525	0.00450	0.00300	0.00150	0.00375	0.00262	0.00300	0.00525
14	0.00673	0.00501	0.00638	0.00628	0.00745	0.00487	0.00472	0.00839	0.01078	0.02646	0.27266	0.07305	0.25742	0.04498	0.23896	0.00349	0.00556	0.00830	0.00419	0.00433
15	0.00633	0.00492	0.00575	0.00556	0.00692	0.00434	0.00416	0.00811	0.01242	0.01642	0.44264	0.05369	0.38919	0.01107	0.00573	0.00158	0.00237	0.00951	0.00494	0.00434
16	0.01221	0.01049	0.01105	0.00989	0.01266	0.01213	0.00771	0.04454	0.77166	0.02053	0.01952	0.01792	0.01463	0.00656	0.00493	0.00164	0.00387	0.00545	0.00493	0.00768
17	0.00694	0.00493	0.00592	0.00629	0.00678	0.00479	0.00412	0.04542	0.00944	0.01251	0.04831	0.42242	0.08439	0.30042	0.01256	0.00286	0.00356	0.01052	0.00399	0.00383
18	0.00903	0.00588	0.00741	0.00764	0.00885	0.00585	0.00561	0.01234	0.14232	0.10896	0.05672	0.49961	0.02698	0.01226	0.00584	0.00186	0.00325	0.06966	0.00478	0.00515
19	0.01144	0.01307	0.02859	0.02042	0.02533	0.01225	0.78186	0.01552	0.01144	0.01552	0.00980	0.01307	0.00735	0.00408	0.00572	0.00163	0.00817	0.00572	0.00245	0.00654
20	0.00638	0.00459	0.00605	0.00642	0.00713	0.00425	0.00454	0.00795	0.01150	0.01591	0.41264	0.43051	0.03890	0.01254	0.00595	0.00175	0.00255	0.01126	0.00492	0.00425
21	0.09718	0.00811	0.00885	0.00794	0.01018	0.00863	0.00622	0.11532	0.21918	0.06264	0.19412	0.08421	0.11185	0.00853	0.00515	0.00162	0.00348	0.03599	0.00477	0.00603
22	0.00635	0.00460	0.00564	0.00600	0.00662	0.00427	0.00405	0.00739	0.01008	0.01345	0.20400	0.35462	0.14747	0.19110	0.01004	0.00241	0.00305	0.01063	0.00435	0.00389
23	0.01773	0.01140	0.01285	0.01003	0.01356	0.01211	0.00822	0.50222	0.05705	0.20119	0.08981	0.01541	0.01303	0.00629	0.00494	0.00148	0.00470	0.00496	0.00516	0.00786
24	0.00649	0.00439	0.00576	0.00664	0.00700	0.00412	0.00441	0.00730	0.00926	0.03450	0.03950	0.70691	0.03024	0.09907	0.00805	0.00223	0.00303	0.01274	0.00439	0.00397
25	0.02354	0.00665	0.00878	0.00765	0.01001	0.00602	0.00597	0.01619	0.02767	0.42086	0.05716	0.21357	0.09294	0.01125	0.06622	0.00210	0.00423	0.00769	0.00516	0.00632
26	0.07718	0.00718	0.00903	0.05181	0.04820	0.00682	0.00640	0.04640	0.01222	0.28235	0.08277	0.10768	0.22493	0.00864	0.00515	0.00159	0.00363	0.00725	0.00474	0.00602
27	0.04825	0.01116	0.01406	0.21250	0.18200	0.07213	0.01059	0.20358	0.01348	0.05463	0.01189	0.01451	0.04110	0.04708	0.02673	0.00182	0.02014	0.00459	0.00326	0.00651
28	0.13018	0.00641	0.00771	0.00744	0.00889	0.00680	0.00558	0.04634	0.05169	0.10000	0.01687	0.25015	0.01690	0.05622	0.21276	0.05405	0.00603	0.00728	0.00379	0.00493
29	0.00946	0.00811	0.01333	0.18331	0.25163	0.00875	0.04273	0.01108	0.00910	0.01248	0.01123	0.02721	0.03340	0.08356	0.09372	0.15088	0.03741	0.00500	0.00245	0.00516
30	0.01161	0.20540	0.32100	0.01373	0.01897	0.05110	0.20594	0.05644	0.01125	0.01503	0.00932	0.04158	0.00757	0.00486	0.00460	0.00144	0.00677	0.00430	0.00242	0.00665
31	0.01199	0.00910	0.01282	0.01331	0.15097	0.03493	0.06376	0.03451	0.11636	0.14366	0.02374	0.09940	0.04607	0.01212	0.13895	0.00265	0.05792	0.01765	0.00377	0.00632
32	0.00957	0.00713	0.01044	0.20183	0.01497	0.00802	0.03340	0.09631	0.00981	0.01302	0.01282	0.10759	0.04953	0.01127	0.01121	0.32496	0.06535	0.00569	0.00283	0.00427
33	0.04764	0.05580	0.11063	0.19317	0.18620	0.01092	0.01159	0.11899	0.01214	0.07620	0.01214	0.07932	0.01051	0.00617	0.00485	0.00156	0.00548	0.04691	0.00320	0.00657
34	0.07206	0.11675	0.40577	0.01308	0.06346	0.04200	0.07802	0.01474	0.01027	0.02853	0.00965	0.03726	0.00773	0.00597	0.03128	0.00167	0.00650	0.00405	0.04469	0.00652
35	0.01347	0.04652	0.01346	0.01122	0.04541	0.07632	0.01979	0.08308	0.01124	0.15130	0.01164	0.09410	0.01026	0.00720	0.00846	0.00162	0.27966	0.00503	0.00341	0.10680
36	0.01165	0.01117	0.01856	0.20683	0.37884	0.02630	0.13110	0.08475	0.01192	0.01613	0.01124	0.01396	0.04565	0.00494	0.00499	0.00152	0.00615	0.00480	0.00268	0.00681
37	0.00892	0.00803	0.01265	0.41481	0.04844	0.00893	0.05237	0.01240	0.06692	0.01428	0.09783	0.13748	0.01531	0.00691	0.00509	0.00158	0.00511	0.00626	0.00313	0.07356
38	0.06207	0.01159	0.05148	0.05910	0.29201	0.04115	0.15681	0.04059	0.05011	0.05156	0.03441	0.01641	0.08880	0.00559	0.00512	0.00153	0.01672	0.00520	0.00307	0.00667
39	0.01220	0.01183	0.01855	0.02879	0.22000	0.06200	0.24295	0.05574	0.09007	0.03871	0.01191	0.01387	0.03077	0.00601	0.03574	0.00168	0.00636	0.00483	0.00302	0.10495
40	0.01014	0.00840	0.03456	0.00952	0.07354	0.06610	0.00681	0.01223	0.03694	0.10441	0.08538	0.21199	0.13038	0.02551	0.03953	0.00188	0.02750	0.01931	0.00402	0.09183
41	0.03783	0.04082	0.31508	0.01230	0.04241	0.06127	0.05514	0.07160	0.08005	0.04796	0.05393	0.03882	0.01048	0.00561	0.00515	0.00148	0.04137	0.00450	0.00308	0.07111
42	0.01342	0.01195	0.13710	0.04342	0.01410	0.03811	0.00900	0.15705	0.07894	0.16689	0.08155	0.07110	0.03938	0.00680	0.00492	0.00148	0.00473	0.02510	0.00423	0.09073

[dist]
# distance from previous block
# <min> <max>
7	20

[block]
# block no. 4 follows, 52 sequences, length 61
# corresponding to MSA columns:
# 418-478
name=unknown_E
#
# <colnr> <probs for GDERKNQSTAVLIFYWHMCP>
#	G	D	E	R	K	N	Q	S	T	A	V	L	I	F	Y	W	H	M	C	P
0	0.20613	0.08262	0.03965	0.08630	0.06271	0.06079	0.04257	0.14710	0.01223	0.06881	0.01039	0.05130	0.00866	0.03835	0.00505	0.00155	0.00515	0.00427	0.00329	0.06308
1	0.03072	0.04480	0.09783	0.06456	0.03490	0.00981	0.04359	0.13960	0.08158	0.15354	0.07094	0.11491	0.01448	0.00679	0.00489	0.00150	0.00470	0.00578	0.00409	0.07100
2	0.09800	0.11292	0.04297	0.02947	0.04527	0.10801	0.06464	0.07572	0.06352	0.11936	0.09056	0.02935	0.04736	0.03161	0.00519	0.00154	0.00510	0.00496	0.01821	0.00624
3	0.06581	0.02454	0.11871	0.02472	0.04525	0.02816	0.08095	0.10462	0.05069	0.05314	0.03402	0.13701	0.03905	0.03534	0.00563	0.00159	0.01440	0.00592	0.01581	0.11463
4	0.02901	0.26228	0.07273	0.02457	0.02916	0.07589	0.03539	0.18465	0.02618	0.08834	0.02113	0.01086	0.00806	0.00485	0.00413	0.00125	0.00539	0.00364	0.00329	0.10919
5	0.06652	0.00978	0.01224	0.02692	0.01337	0.01051	0.05771	0.10756	0.26419	0.21923	0.09169	0.01716	0.01455	0.00647	0.00563	0.00159	0.05776	0.00525	0.00471	0.00716
6	0.01136	0.01035	0.01408	0.18896	0.18241	0.03891	0.02362	0.08290	0.01140	0.01610	0.00889	0.01125	0.00716	0.00445	0.00472	0.00122	0.03360	0.00373	0.00275	0.34215
7	0.01285	0.01355	0.01966	0.02038	0.29680	0.14675	0.24091	0.05869	0.04364	0.01593	0.01145	0.01460	0.03291	0.00511	0.00509	0.00150	0.00670	0.03268	0.00282	0.01796
8	0.00903	0.00452	0.00452	0.00452	0.00565	0.00452	0.00339	0.01129	0.01016	0.01807	0.01581	0.01807	0.01242	0.00565	0.00339	0.00113	0.00226	0.00452	0.85659	0.00452
9	0.01151	0.00617	0.00747	0.00648	0.00878	0.00537	0.00509	0.01340	0.02881	0.28348	0.16707	0.03397	0.38390	0.00961	0.00542	0.00157	0.00302	0.00805	0.00516	0.00567
10	0.00590	0.00422	0.00562	0.00675	0.00703	0.00394	0.00450	0.00675	0.00928	0.01237	0.02671	0.82653	0.03205	0.01518	0.00619	0.00197	0.00281	0.01378	0.00450	0.00394
11	0.00903	0.00452	0.00452	0.00452	0.00565	0.00452	0.00339	0.01129	0.01016	0.01807	0.01581	0.01807	0.01242	0.00565	0.00339	0.00113	0.00226	0.00452	0.85659	0.00452
12	0.00644	0.00465	0.00621	0.00728	0.00787	0.00442	0.00541	0.00771	0.00991	0.01302	0.02760	0.56304	0.07170	0.01451	0.00631	0.00203	0.00327	0.23005	0.00449	0.00410
13	0.01123	0.28139	0.52467	0.01185	0.01791	0.01361	0.01441	0.01541	0.01026	0.04578	0.00849	0.00970	0.00640	0.00451	0.00414	0.00137	0.00641	0.00332	0.00221	0.00691
14	0.04094	0.01009	0.03861	0.00937	0.03879	0.03442	0.03200	0.03642	0.19482	0.03895	0.01460	0.04412	0.05639	0.00551	0.00434	0.00120	0.00413	0.00458	0.00359	0.38713
15	0.01028	0.00871	0.01295	0.54227	0.02589	0.01038	0.01121	0.01555	0.17915	0.05933	0.01359	0.04244	0.03610	0.00588	0.00494	0.00163	0.00550	0.00511	0.00313	0.00595
16	0.01106	0.01065	0.01706	0.01436	0.07223	0.03804	0.29191	0.09400	0.11073	0.01715	0.04710	0.03690	0.12264	0.01700	0.00574	0.00168	0.00569	0.07621	0.00363	0.00621
17	0.01546	0.28855	0.07175	0.01093	0.01429	0.38414	0.00950	0.06618	0.01257	0.02970	0.02137	0.00941	0.00716	0.00497	0.00445	0.00125	0.03639	0.00323	0.00259	0.00612
18	0.01022	0.00777	0.00853	0.00774	0.00983	0.00810	0.00594	0.14079	0.21457	0.03853	0.07825	0.16930	0.20436	0.00945	0.00528	0.00162	0.00339	0.00802	0.04777	0.02055
19	0.01615	0.01235	0.01316	0.01059	0.01404	0.01383	0.00858	0.52013	0.27247	0.02693	0.01436	0.01387	0.01046	0.00606	0.00484	0.00151	0.00478	0.00473	0.02318	0.00798
20	0.01016	0.00628	0.00789	0.00741	0.00894	0.00608	0.00553	0.11474	0.01311	0.13049	0.25801	0.35964	0.03012	0.01099	0.00567	0.00170	0.00318	0.00970	0.00502	0.00533
