[name]
unknown

[dist]
# distance from previous block
# <min> <max>
20	103

[block]
# block no. 0 follows, 51 sequences, length 131
# corresponding to MSA columns:
# 109-203,208-243
name=unknown_A
#
# <colnr> <probs for GDERKNQSTAVLIFYWHMCP>
#	G	D	E	R	K	N	Q	S	T	A	V	L	I	F	Y	W	H	M	C	P
0	0.03248	0.02070	0.56807	0.01265	0.01870	0.01089	0.03009	0.05053	0.06175	0.06827	0.05469	0.01285	0.00957	0.00522	0.00474	0.00154	0.00634	0.00418	0.00289	0.02384
1	0.03145	0.01167	0.02075	0.10440	0.29608	0.01179	0.27184	0.05080	0.07452	0.06120	0.01093	0.01328	0.00835	0.00471	0.00516	0.00157	0.00642	0.00495	0.00296	0.00715
2	0.00996	0.00694	0.00867	0.00901	0.06973	0.02574	0.00616	0.07529	0.01283	0.10396	0.25020	0.26371	0.10019	0.01038	0.00562	0.00165	0.00342	0.00911	0.00476	0.02267
3	0.57914	0.05237	0.00977	0.00758	0.01087	0.01160	0.00631	0.11127	0.04515	0.11225	0.00948	0.00991	0.00696	0.00498	0.00359	0.00150	0.00412	0.00327	0.00366	0.00621
4	0.00763	0.00507	0.00651	0.00710	0.00795	0.00480	0.00503	0.00944	0.05357	0.07162	0.05807	0.59816	0.08493	0.01372	0.00607	0.00191	0.00304	0.04606	0.00473	0.00459
5	0.01013	0.00865	0.01013	0.00733	0.01160	0.00653	0.00588	0.01231	0.01022	0.01598	0.00923	0.01148	0.00788	0.00392	0.00373	0.00077	0.00366	0.02461	0.00296	0.83300
6	0.01127	0.01154	0.14314	0.00974	0.01428	0.00781	0.08324	0.01419	0.01111	0.10445	0.07413	0.01402	0.02417	0.00480	0.00438	0.00113	0.00463	0.00415	0.00332	0.45449
7	0.01064	0.01012	0.01720	0.44451	0.39418	0.01128	0.01433	0.01375	0.01047	0.01421	0.00898	0.01266	0.00713	0.00466	0.00489	0.00155	0.00621	0.00437	0.00230	0.00656
8	0.01019	0.00873	0.01019	0.00728	0.01165	0.00655	0.00582	0.01237	0.01019	0.01601	0.00873	0.01019	0.00728	0.00364	0.00364	0.00073	0.00364	0.00291	0.00291	0.85734
9	0.01207	0.01158	0.01979	0.05456	0.77294	0.01165	0.01504	0.01500	0.01115	0.01595	0.00923	0.01219	0.00775	0.00440	0.00487	0.00147	0.00586	0.00438	0.00242	0.00771
10	0.01117	0.01066	0.01815	0.30064	0.53392	0.01142	0.01459	0.01421	0.01072	0.01485	0.00907	0.01249	0.00736	0.00456	0.00488	0.00152	0.00608	0.00437	0.00235	0.00698
11	0.01019	0.00873	0.01019	0.00728	0.01165	0.00655	0.00582	0.01237	0.01019	0.01601	0.00873	0.01019	0.00728	0.00364	0.00364	0.00073	0.00364	0.00291	0.00291	0.85734
12	0.00636	0.00457	0.00608	0.00694	0.00750	0.00429	0.00494	0.00763	0.01041	0.01399	0.15373	0.59002	0.05140	0.01424	0.00624	0.00194	0.00294	0.09792	0.00470	0.00416
13	0.01407	0.01442	0.01196	0.01080	0.01350	0.25104	0.00829	0.02416	0.55540	0.01800	0.01628	0.01549	0.01240	0.00619	0.00483	0.00155	0.00538	0.00484	0.00426	0.00715
14	0.01300	0.00879	0.01053	0.00781	0.01193	0.00713	0.00629	0.01601	0.07039	0.19195	0.01198	0.01228	0.00896	0.00442	0.00403	0.00098	0.00378	0.00357	0.00378	0.60237
15	0.00703	0.00522	0.00765	0.00765	0.00845	0.00601	0.00584	0.00862	0.00783	0.01123	0.01339	0.02054	0.01282	0.11261	0.73280	0.00760	0.01236	0.00545	0.00267	0.00425
16	0.00674	0.00483	0.00525	0.00525	0.00574	0.00458	0.00320	0.00712	0.00836	0.01065	0.02578	0.03670	0.25111	0.58262	0.01925	0.00383	0.00408	0.00811	0.00345	0.00333
17	0.00928	0.00873	0.01474	0.81548	0.03385	0.01092	0.01365	0.01256	0.00983	0.01256	0.00873	0.01310	0.00655	0.00491	0.00491	0.00164	0.00655	0.00437	0.00218	0.00546
18	0.00712	0.00486	0.00586	0.00586	0.00603	0.00503	0.00360	0.00746	0.00729	0.00990	0.01503	0.02965	0.01678	0.67286	0.17795	0.00538	0.00641	0.00678	0.00291	0.00325
19	0.00954	0.00569	0.00781	0.00821	0.00956	0.00541	0.00672	0.01143	0.01156	0.13468	0.10285	0.22234	0.02861	0.01249	0.00629	0.00202	0.00387	0.40105	0.00486	0.00500
20	0.01211	0.01090	0.01983	0.20417	0.10619	0.02652	0.31850	0.01588	0.04558	0.10380	0.04629	0.01630	0.01065	0.00532	0.00537	0.00163	0.00657	0.03472	0.00313	0.00654
21	0.07691	0.11221	0.43535	0.01182	0.01730	0.01277	0.01339	0.18630	0.01298	0.01890	0.01005	0.05228	0.00800	0.00544	0.00451	0.00150	0.00613	0.00416	0.00292	0.00708
22	0.00988	0.01046	0.01293	0.01086	0.01318	0.14809	0.17864	0.01191	0.01163	0.01395	0.06495	0.05950	0.29088	0.00916	0.00631	0.00169	0.05500	0.08226	0.00363	0.00511
23	0.00928	0.00873	0.01474	0.81548	0.03385	0.01092	0.01365	0.01256	0.00983	0.01256	0.00873	0.01310	0.00655	0.00491	0.00491	0.00164	0.00655	0.00437	0.00218	0.00546
24	0.01318	0.01083	0.04492	0.00932	0.01369	0.00918	0.04723	0.19697	0.01365	0.07921	0.01034	0.01124	0.00787	0.00443	0.00420	0.00105	0.00449	0.00361	0.00358	0.51101
25	0.01387	0.05655	0.05922	0.02339	0.52166	0.01257	0.01336	0.16704	0.01358	0.05685	0.01009	0.01199	0.00795	0.00477	0.00478	0.00145	0.00571	0.00428	0.00307	0.00782
26	0.00641	0.00491	0.00594	0.00658	0.00746	0.00458	0.00469	0.00819	0.05044	0.01360	0.06667	0.48599	0.24672	0.01378	0.00608	0.00188	0.00287	0.05429	0.00462	0.00429
27	0.01284	0.00765	0.01064	0.02878	0.09676	0.00748	0.02001	0.04642	0.04622	0.25580	0.07959	0.21150	0.08086	0.00919	0.00589	0.00170	0.03545	0.03220	0.00471	0.00630
28	0.01793	0.01015	0.01351	0.04648	0.16526	0.02554	0.00928	0.14178	0.04943	0.41213	0.01675	0.01601	0.04088	0.00593	0.00495	0.00151	0.00481	0.00493	0.00485	0.00789
29	0.01512	0.01580	0.29918	0.01349	0.08573	0.01059	0.05200	0.11339	0.05012	0.26285	0.02483	0.01361	0.00956	0.00539	0.00489	0.00154	0.00576	0.00449	0.00392	0.00774
30	0.01815	0.05524	0.01439	0.01249	0.01509	0.77648	0.00945	0.01943	0.01377	0.01201	0.00757	0.00882	0.00633	0.00503	0.00438	0.00126	0.00872	0.00314	0.00252	0.00572
31	0.01070	0.00996	0.05166	0.02381	0.02812	0.00751	0.00700	0.05878	0.01099	0.01682	0.00893	0.01039	0.00729	0.00387	0.00382	0.00085	0.00403	0.00310	0.00297	0.72942
32	0.01413	0.04818	0.01937	0.02213	0.41113	0.17577	0.10719	0.10092	0.02426	0.01672	0.00933	0.01149	0.00755	0.00468	0.00483	0.00143	0.00666	0.00426	0.00276	0.00722
33	0.01116	0.00613	0.00786	0.00772	0.04107	0.00546	0.00553	0.01259	0.01152	0.24953	0.06252	0.19944	0.26540	0.05781	0.01874	0.00196	0.00353	0.02169	0.00485	0.00549
34	0.01579	0.01227	0.01426	0.01319	0.12141	0.01316	0.00944	0.44230	0.16338	0.04069	0.01283	0.01301	0.00949	0.00561	0.00480	0.00143	0.00498	0.00449	0.00441	0.09305
35	0.01158	0.00879	0.01091	0.00902	0.01223	0.00835	0.04808	0.01732	0.24857	0.10543	0.01834	0.05028	0.06064	0.00684	0.00486	0.00141	0.00402	0.08201	0.00421	0.28712
36	0.03266	0.00741	0.00846	0.00847	0.04009	0.00775	0.00629	0.01513	0.28548	0.01783	0.20543	0.03305	0.21423	0.00944	0.00551	0.00169	0.00332	0.08721	0.00478	0.00575
37	0.05560	0.44241	0.35788	0.01071	0.01617	0.01556	0.01243	0.01507	0.01007	0.01382	0.00769	0.00896	0.00622	0.00442	0.00380	0.00129	0.00604	0.00306	0.00214	0.00667
38	0.00756	0.00533	0.00629	0.00616	0.00761	0.00483	0.00457	0.00965	0.04592	0.06805	0.26667	0.18590	0.34005	0.01159	0.00580	0.00168	0.00268	0.01002	0.00494	0.00471
39	0.01050	0.00733	0.00864	0.00747	0.00948	0.00731	0.00583	0.19988	0.01573	0.06338	0.45059	0.05611	0.11939	0.00926	0.00555	0.00155	0.00322	0.00791	0.00520	0.00568
40	0.01074	0.01052	0.01876	0.39550	0.33491	0.01143	0.11903	0.01399	0.01061	0.01438	0.00910	0.01275	0.00716	0.00460	0.00502	0.00157	0.00651	0.00457	0.00232	0.00654
41	0.00846	0.00802	0.01241	0.01122	0.03513	0.05479	0.19309	0.01052	0.02225	0.01400	0.06651	0.44978	0.05408	0.01113	0.00595	0.00182	0.00463	0.02733	0.00393	0.00496
42	0.01081	0.00585	0.00729	0.00688	0.00856	0.00541	0.00516	0.01305	0.05326	0.20902	0.13220	0.27737	0.11552	0.01029	0.00539	0.00165	0.00305	0.00895	0.11485	0.00546
43	0.02018	0.01137	0.01326	0.01017	0.01404	0.01168	0.00840	0.44459	0.01909	0.37230	0.01517	0.01399	0.01005	0.00598	0.00493	0.00150	0.00486	0.00465	0.00543	0.00836
44	0.01267	0.01011	0.01654	0.03383	0.55015	0.00991	0.01229	0.01536	0.01201	0.12623	0.13656	0.01675	0.01457	0.00553	0.00503	0.00148	0.00505	0.00518	0.00342	0.00733
45	0.01304	0.02349	0.04341	0.08094	0.41975	0.07469	0.14917	0.10456	0.01273	0.01710	0.00946	0.01202	0.00753	0.00461	0.00498	0.00149	0.00655	0.00450	0.00271	0.00728
46	0.00841	0.00435	0.00653	0.00653	0.00660	0.00443	0.00443	0.00660	0.00653	0.00878	0.00893	0.01531	0.00886	0.01876	0.08648	0.78459	0.00503	0.00435	0.00218	0.00233
47	0.02719	0.01334	0.12510	0.01393	0.03952	0.03450	0.24077	0.15228	0.01424	0.18594	0.09073	0.01546	0.01230	0.00557	0.00520	0.00155	0.00604	0.00522	0.00393	0.00718
48	0.01373	0.22302	0.11905	0.01022	0.01406	0.06900	0.00945	0.14297	0.22504	0.05363	0.06195	0.01399	0.01180	0.00573	0.00448	0.00142	0.00519	0.00439	0.00377	0.00711
49	0.01121	0.00589	0.00749	0.00697	0.00871	0.00541	0.00525	0.01333	0.04204	0.23435	0.17266	0.26583	0.09174	0.01017	0.00542	0.00165	0.00307	0.00886	0.09440	0.00556
50	0.01301	0.79900	0.05589	0.00863	0.01295	0.01913	0.00879	0.01475	0.01000	0.01172	0.00691	0.00798	0.00630	0.00422	0.00321	0.00107	0.00533	0.00267	0.00210	0.00634
51	0.01335	0.10263	0.06306	0.01141	0.01565	0.01029	0.18405	0.06230	0.03376	0.16179	0.04564	0.03303	0.01063	0.00511	0.00465	0.00131	0.00523	0.00465	0.00359	0.22787
52	0.01689	0.02896	0.04989	0.01337	0.10704	0.09821	0.07582	0.17151	0.01476	0.26988	0.03808	0.01379	0.01022	0.00550	0.00502	0.00145	0.01771	0.00456	0.00421	0.05314
53	0.00997	0.00778	0.00904	0.03475	0.03242	0.02702	0.00658	0.19373	0.04209	0.01809	0.08749	0.35431	0.10502	0.01108	0.00571	0.00175	0.00383	0.03934	0.00455	0.00546
54	0.01194	0.01145	0.01955	0.09018	0.73834	0.01162	0.01497	0.01489	0.01109	0.01579	0.00920	0.01223	0.00769	0.00442	0.00487	0.00147	0.00589	0.00438	0.00241	0.00761
55	0.01378	0.04797	0.15629	0.07119	0.07428	0.04646	0.11622	0.06964	0.15193	0.15475	0.02845	0.02497	0.01043	0.00553	0.00495	0.00155	0.00581	0.00484	0.00370	0.00724
56	0.01069	0.01022	0.01740	0.40070	0.37105	0.01112	0.04365	0.01379	0.01052	0.01438	0.00901	0.01256	0.00717	0.00459	0.00487	0.00152	0.00617	0.00436	0.00234	0.04388
57	0.00629	0.00454	0.00623	0.00704	0.00746	0.00455	0.00489	0.00733	0.00895	0.01215	0.02321	0.59555	0.02697	0.05220	0.20399	0.00355	0.00546	0.01157	0.00403	0.00405
58	0.01101	0.03337	0.29965	0.01721	0.02264	0.01231	0.42191	0.01602	0.05107	0.01567	0.00985	0.01229	0.00735	0.00466	0.00576	0.00163	0.04340	0.00489	0.00245	0.00685
59	0.01278	0.15094	0.44487	0.01159	0.01720	0.01189	0.01337	0.05819	0.02796	0.14585	0.05148	0.01263	0.00961	0.00522	0.00455	0.00147	0.00600	0.00404	0.00313	0.00722
60	0.01096	0.05847	0.61343	0.01478	0.05095	0.01165	0.09480	0.01600	0.01072	0.05956	0.00946	0.01099	0.00675	0.00466	0.00474	0.00154	0.00705	0.00391	0.00236	0.00724
61	0.00705	0.00513	0.00724	0.00724	0.00788	0.00578	0.00532	0.00835	0.00770	0.01092	0.01377	0.02266	0.01374	0.24296	0.60370	0.00708	0.01097	0.00576	0.00272	0.00402
62	0.01122	0.01062	0.01722	0.05972	0.54226	0.02833	0.04268	0.01435	0.04112	0.01554	0.01275	0.08581	0.01203	0.00632	0.00520	0.00160	0.00558	0.07778	0.00291	0.00695
63	0.01037	0.00986	0.01610	0.33864	0.39212	0.02116	0.01316	0.01320	0.01061	0.01426	0.01278	0.04853	0.06701	0.00566	0.00501	0.00156	0.00579	0.00520	0.00258	0.00641
64	0.01135	0.39176	0.44857	0.01146	0.01733	0.01507	0.01372	0.01518	0.01020	0.01374	0.00791	0.00924	0.00626	0.00446	0.00398	0.00133	0.00635	0.00317	0.00209	0.00683
65	0.01113	0.01214	0.02531	0.10049	0.11212	0.01174	0.57496	0.01487	0.01126	0.01529	0.01066	0.05661	0.00875	0.00485	0.00563	0.00165	0.00755	0.00593	0.00256	0.00650
66	0.01427	0.01430	0.21634	0.01423	0.01913	0.01019	0.27914	0.01841	0.04667	0.26340	0.01376	0.04534	0.00994	0.00544	0.00523	0.00160	0.00632	0.00529	0.00371	0.00728
67	0.00862	0.04259	0.09109	0.01157	0.14778	0.00746	0.03093	0.01136	0.02527	0.02794	0.33793	0.04102	0.17993	0.00853	0.00539	0.00155	0.00383	0.00747	0.00415	0.00558
68	0.00749	0.00491	0.00715	0.00715	0.00767	0.00542	0.00521	0.00787	0.00736	0.01033	0.01204	0.01949	0.01181	0.12271	0.48012	0.26250	0.00952	0.00518	0.00252	0.00355
69	0.00642	0.00491	0.00595	0.00649	0.00739	0.00458	0.00460	0.00826	0.05069	0.01405	0.12223	0.46305	0.23688	0.01349	0.00604	0.00184	0.00279	0.03133	0.00468	0.00432
70	0.01170	0.03958	0.34778	0.01808	0.12814	0.04673	0.27375	0.01604	0.01119	0.04623	0.00957	0.01171	0.00709	0.00451	0.00504	0.00155	0.00731	0.00447	0.00244	0.00707
71	0.01207	0.01344	0.07391	0.02199	0.35858	0.07608	0.23267	0.01570	0.04172	0.02849	0.02395	0.01478	0.05349	0.00505	0.00516	0.00153	0.00654	0.00510	0.00276	0.00700
72	0.01163	0.01269	0.01334	0.47097	0.02488	0.24931	0.01127	0.01408	0.01124	0.01254	0.01287	0.01646	0.08246	0.00596	0.00491	0.00155	0.00679	0.02908	0.00259	0.00538
73	0.01746	0.00948	0.01136	0.00939	0.01272	0.00966	0.00757	0.05799	0.34191	0.42061	0.01944	0.01796	0.01352	0.00647	0.00500	0.00160	0.00412	0.02018	0.00554	0.00804
74	0.01294	0.01157	0.02023	0.02728	0.64354	0.01138	0.09981	0.01591	0.01148	0.08290	0.01019	0.01267	0.00812	0.00450	0.00498	0.00149	0.00597	0.00459	0.00275	0.00770
75	0.00702	0.00527	0.00790	0.00790	0.00878	0.00614	0.00614	0.00878	0.00790	0.01141	0.01316	0.01931	0.01229	0.03686	0.80782	0.00790	0.01316	0.00527	0.00263	0.00439
76	0.00965	0.23557	0.32835	0.01087	0.03972	0.01136	0.01135	0.01270	0.01001	0.01359	0.01378	0.25409	0.01419	0.00776	0.00475	0.00155	0.00535	0.00649	0.00284	0.00604
77	0.02021	0.01171	0.01318	0.01019	0.01400	0.04655	0.00838	0.39995	0.01856	0.38270	0.01509	0.01393	0.01001	0.00595	0.00491	0.00149	0.00500	0.00461	0.00535	0.00824
78	0.01312	0.01332	0.01995	0.03034	0.27764	0.10451	0.24205	0.05168	0.15189	0.02862	0.01146	0.01328	0.00889	0.00490	0.00512	0.00154	0.00654	0.00489	0.00308	0.00720
79	0.00612	0.00450	0.00577	0.00671	0.00728	0.00415	0.00468	0.00716	0.00990	0.01293	0.04339	0.63638	0.14907	0.01472	0.00623	0.00196	0.00291	0.06753	0.00457	0.00407
80	0.01300	0.01094	0.01155	0.01016	0.01307	0.01258	0.00797	0.11626	0.69635	0.02180	0.01902	0.01755	0.01421	0.00658	0.00499	0.00164	0.00407	0.00542	0.00499	0.00785
81	0.01294	0.78078	0.07345	0.00875	0.01315	0.01895	0.00901	0.01477	0.01001	0.01181	0.00695	0.00804	0.00630	0.00423	0.00325	0.00108	0.00538	0.00269	0.00210	0.00637
82	0.01276	0.02979	0.51606	0.01375	0.06637	0.01043	0.04208	0.01724	0.01140	0.19238	0.03364	0.01274	0.00885	0.00510	0.00480	0.00154	0.00635	0.00419	0.00311	0.00743
83	0.01156	0.01315	0.02839	0.02037	0.02512	0.01254	0.74512	0.01557	0.01142	0.01557	0.00979	0.01315	0.00741	0.00434	0.00625	0.00168	0.04379	0.00573	0.00247	0.00657
84	0.01045	0.00992	0.01685	0.49777	0.34244	0.01122	0.01423	0.01358	0.01038	0.01397	0.00894	0.01272	0.00705	0.00470	0.00489	0.00157	0.00626	0.00437	0.00228	0.00640
85	0.01535	0.01346	0.19889	0.01341	0.09406	0.02303	0.09468	0.05737	0.02510	0.31986	0.01444	0.04795	0.01066	0.04199	0.00590	0.00170	0.00562	0.00509	0.00405	0.00739
86	0.03442	0.07966	0.56064	0.01325	0.01927	0.05970	0.05596	0.01603	0.05079	0.01548	0.00994	0.01258	0.00770	0.00512	0.00467	0.00154	0.00688	0.03703	0.00241	0.00692
87	0.00597	0.00486	0.00531	0.00563	0.00695	0.00420	0.00416	0.00719	0.01081	0.01320	0.04330	0.22213	0.57882	0.01317	0.00597	0.00177	0.00269	0.05516	0.00456	0.00414
88	0.01272	0.01140	0.01896	0.13498	0.54440	0.01172	0.05998	0.08020	0.01217	0.05144	0.00988	0.01253	0.00784	0.00464	0.00494	0.00150	0.00597	0.00449	0.00277	0.00747
89	0.08796	0.01333	0.11260	0.01466	0.01857	0.07825	0.36630	0.01462	0.02997	0.03160	0.01385	0.14584	0.03680	0.00653	0.00534	0.00165	0.00654	0.00649	0.00303	0.00606
90	0.01088	0.05401	0.16768	0.00902	0.01181	0.00738	0.00842	0.03150	0.01111	0.17367	0.02070	0.35389	0.03359	0.01032	0.00552	0.00177	0.00433	0.07435	0.00425	0.00581
91	0.01102	0.01051	0.01789	0.34098	0.49474	0.01138	0.01451	0.01408	0.01065	0.01467	0.00904	0.01253	0.00730	0.00459	0.00488	0.00153	0.00612	0.00437	0.00233	0.00686
92	0.01100	0.01356	0.10566	0.01800	0.03338	0.01190	0.53407	0.01500	0.02831	0.01545	0.02934	0.04481	0.00932	0.00524	0.00658	0.00168	0.08278	0.00574	0.00263	0.02557
93	0.01198	0.33606	0.25418	0.01284	0.01794	0.03418	0.17215	0.04016	0.03262	0.01453	0.00903	0.02695	0.00737	0.00470	0.00436	0.00138	0.00649	0.00397	0.00241	0.00670
94	0.00869	0.00716	0.01054	0.13960	0.18773	0.00714	0.00848	0.01072	0.01095	0.04642	0.05691	0.14985	0.25495	0.00964	0.00557	0.00170	0.00416	0.07061	0.00380	0.00537
95	0.02483	0.01205	0.08937	0.04364	0.06314	0.09001	0.13089	0.06917	0.03041	0.12253	0.18818	0.02010	0.06433	0.00668	0.00543	0.00155	0.02155	0.00586	0.00393	0.00636
96	0.01079	0.29643	0.50471	0.01172	0.01770	0.01381	0.01423	0.01490	0.01028	0.01411	0.00994	0.01115	0.04081	0.00485	0.00421	0.00139	0.00638	0.00359	0.00219	0.00680
97	0.06173	0.07394	0.10146	0.01173	0.08077	0.02590	0.04299	0.07396	0.06054	0.34573	0.04481	0.03106	0.01164	0.00582	0.00476	0.00150	0.00497	0.00479	0.00443	0.00747
98	0.01201	0.01152	0.01968	0.07075	0.75722	0.01164	0.01501	0.01495	0.01112	0.01587	0.00922	0.01221	0.00772	0.00441	0.00487	0.00147	0.00587	0.00438	0.00242	0.00766
99	0.01118	0.06474	0.45079	0.01110	0.01618	0.00961	0.01276	0.01513	0.01130	0.13802	0.11061	0.08464	0.02975	0.00660	0.00492	0.00156	0.00558	0.00545	0.00338	0.00671
100	0.01101	0.01050	0.01786	0.34424	0.49157	0.01137	0.01451	0.01407	0.01064	0.01466	0.00904	0.01254	0.00729	0.00459	0.00488	0.00153	0.00612	0.00437	0.00233	0.00685
101	0.00975	0.00901	0.01470	0.69204	0.08492	0.01088	0.01315	0.04640	0.01056	0.01364	0.01059	0.01439	0.03915	0.00523	0.00495	0.00162	0.00628	0.00462	0.00242	0.00569
102	0.01145	0.09526	0.26824	0.01292	0.01754	0.01047	0.19071	0.01502	0.01121	0.11163	0.01556	0.05109	0.05925	0.00668	0.00521	0.00164	0.00612	0.10027	0.00322	0.00650
103	0.00801	0.00689	0.01109	0.01013	0.01143	0.00721	0.12823	0.00979	0.00977	0.01319	0.02084	0.25880	0.06106	0.06343	0.09447	0.00280	0.09555	0.17899	0.00366	0.00467
104	0.01047	0.00995	0.01689	0.49111	0.34891	0.01123	0.01424	0.01360	0.01039	0.01400	0.00894	0.01271	0.00706	0.00469	0.00489	0.00156	0.00626	0.00437	0.00229	0.00642
105	0.01126	0.01076	0.01832	0.27510	0.55873	0.01144	0.01463	0.01429	0.01076	0.01496	0.00908	0.01246	0.00740	0.00455	0.00488	0.00152	0.00606	0.00438	0.00235	0.00706
106	0.00972	0.00885	0.01432	0.40392	0.22845	0.00996	0.01222	0.01313	0.05201	0.01411	0.01304	0.10123	0.01212	0.00679	0.00523	0.00169	0.00564	0.07874	0.00287	0.00595
107	0.00707	0.00575	0.00646	0.00677	0.00777	0.04590	0.00496	0.00861	0.01160	0.01517	0.28148	0.32000	0.17446	0.01242	0.00598	0.00177	0.00306	0.07168	0.00473	0.00436
108	0.01141	0.01091	0.01859	0.23502	0.59766	0.01148	0.01471	0.01442	0.01083	0.01514	0.00911	0.01241	0.00746	0.00452	0.00488	0.00151	0.00602	0.00438	0.00237	0.00718
109	0.01028	0.09146	0.67074	0.01412	0.02093	0.01217	0.08270	0.01551	0.01045	0.01524	0.00875	0.01042	0.00634	0.00458	0.00464	0.00152	0.00718	0.00373	0.00211	0.00713
110	0.00822	0.00774	0.00719	0.00789	0.00859	0.14929	0.00545	0.00915	0.01023	0.01245	0.02356	0.67668	0.02777	0.01353	0.00594	0.00186	0.00394	0.01202	0.00419	0.00430
111	0.74613	0.04685	0.04108	0.00718	0.01042	0.05258	0.00620	0.01477	0.00880	0.02080	0.00696	0.00812	0.00545	0.00458	0.00318	0.00149	0.00427	0.00273	0.00293	0.00546
112	0.01004	0.00951	0.01612	0.60724	0.23612	0.01112	0.01403	0.01323	0.01019	0.01348	0.00887	0.01285	0.00688	0.00477	0.00490	0.00159	0.00636	0.00437	0.00225	0.00608
113	0.01019	0.00873	0.01019	0.00728	0.01165	0.00655	0.00582	0.01237	0.01019	0.01601	0.00873	0.01019	0.00728	0.00364	0.00364	0.00073	0.00364	0.00291	0.00291	0.85734
114	0.01216	0.01168	0.01995	0.03016	0.79664	0.01168	0.01508	0.01508	0.01119	0.01605	0.00924	0.01216	0.00778	0.00438	0.00487	0.00146	0.00584	0.00438	0.00243	0.00778
115	0.01101	0.01050	0.01786	0.34476	0.49106	0.01137	0.01451	0.01407	0.01064	0.01465	0.00904	0.01254	0.00729	0.00459	0.00488	0.00153	0.00612	0.00437	0.00233	0.00685
116	0.01019	0.00873	0.01019	0.00728	0.01165	0.00655	0.00582	0.01237	0.01019	0.01601	0.00873	0.01019	0.00728	0.00364	0.00364	0.00073	0.00364	0.00291	0.00291	0.85734
117	0.01583	0.00772	0.01156	0.00955	0.01249	0.00692	0.08495	0.01785	0.01263	0.45393	0.02209	0.12918	0.05881	0.00860	0.00554	0.00172	0.00439	0.12425	0.00520	0.00680
118	0.01825	0.01647	0.01432	0.01156	0.01509	0.25281	0.00925	0.52204	0.01985	0.02470	0.01042	0.01085	0.00771	0.00556	0.00472	0.00138	0.00638	0.00399	0.00412	0.04053
119	0.33825	0.00905	0.00994	0.00796	0.01149	0.00900	0.00656	0.05403	0.01221	0.45032	0.01402	0.01303	0.00928	0.00543	0.00419	0.00150	0.00408	0.00400	0.00480	0.03087
120	0.00712	0.00486	0.00587	0.00587	0.00604	0.00504	0.00361	0.00747	0.00730	0.00990	0.01502	0.02960	0.01675	0.66970	0.18108	0.00539	0.00644	0.00677	0.00291	0.00326
121	0.00599	0.00438	0.00559	0.00655	0.00702	0.00403	0.00441	0.00688	0.00960	0.01257	0.02991	0.69858	0.13633	0.03480	0.00667	0.00202	0.00285	0.01331	0.00452	0.00399
122	0.00908	0.00840	0.01392	0.61875	0.10619	0.00999	0.01244	0.01198	0.00996	0.01293	0.01220	0.10643	0.03507	0.00630	0.00509	0.00166	0.00593	0.00566	0.00256	0.00548
123	0.00713	0.00482	0.00564	0.00564	0.00574	0.00492	0.00333	0.00733	0.00723	0.00974	0.01523	0.03074	0.01725	0.73990	0.11157	0.00511	0.00569	0.00694	0.00294	0.00313
124	0.00694	0.00461	0.00533	0.00571	0.00665	0.00427	0.00407	0.00846	0.01060	0.01516	0.11938	0.32884	0.20406	0.01140	0.00532	0.00163	0.00255	0.00994	0.24083	0.00427
125	0.01730	0.01001	0.01202	0.02242	0.07927	0.09122	0.02651	0.03691	0.05350	0.43882	0.06277	0.05047	0.06279	0.00679	0.00506	0.00153	0.00469	0.00566	0.00498	0.00727
126	0.01313	0.11589	0.17379	0.01674	0.15291	0.03139	0.17654	0.18240	0.01349	0.01830	0.01003	0.01183	0.01893	0.00500	0.00527	0.00150	0.03838	0.00439	0.00290	0.00718
127	0.01151	0.01979	0.42291	0.01420	0.07547	0.11922	0.03269	0.04713	0.04550	0.01542	0.01023	0.01363	0.00833	0.02975	0.02628	0.00183	0.05954	0.03729	0.00257	0.00671
128	0.01155	0.01044	0.01596	0.38589	0.30555	0.04583	0.01298	0.04786	0.01112	0.04686	0.00979	0.01365	0.00788	0.04732	0.00591	0.00171	0.00615	0.00449	0.00261	0.00643
129	0.01157	0.00905	0.04255	0.00900	0.03687	0.00798	0.00715	0.01671	0.20555	0.12648	0.07036	0.04340	0.08066	0.00688	0.00483	0.00139	0.00384	0.04935	0.00427	0.26213
130	0.01470	0.01472	0.01483	0.04637	0.25269	0.28520	0.01067	0.05651	0.04699	0.07576	0.07407	0.02687	0.01141	0.00577	0.00533	0.00146	0.04221	0.00458	0.00324	0.00663

[dist]
# distance from previous block
# <min> <max>
3	5

[block]
# block no. 1 follows, 51 sequences, length 73
# corresponding to MSA columns:
# 249-321
name=unknown_B
#
# <colnr> <probs for GDERKNQSTAVLIFYWHMCP>
#	G	D	E	R	K	N	Q	S	T	A	V	L	I	F	Y	W	H	M	C	P
0	0.05168	0.09038	0.02754	0.05193	0.29941	0.13845	0.19994	0.01580	0.02716	0.01505	0.00950	0.03355	0.00798	0.00479	0.00482	0.00147	0.00669	0.00457	0.00256	0.00672
1	0.06374	0.06525	0.23627	0.01719	0.05988	0.01221	0.40562	0.01590	0.01106	0.05172	0.00966	0.01193	0.00715	0.00442	0.00508	0.00157	0.00724	0.00472	0.00255	0.00684
2	0.01254	0.06768	0.22337	0.01206	0.05392	0.01199	0.03244	0.09572	0.28573	0.05457	0.01346	0.01360	0.01002	0.00540	0.00467	0.00147	0.00523	0.00441	0.00368	0.08803
3	0.01099	0.01110	0.00987	0.00931	0.01055	0.24481	0.00699	0.01261	0.04515	0.01160	0.01132	0.01675	0.01063	0.11214	0.33469	0.07034	0.05907	0.00473	0.00268	0.00466
4	0.01027	0.00977	0.01641	0.52595	0.27586	0.01136	0.01396	0.01333	0.01015	0.01364	0.00878	0.01269	0.00694	0.00492	0.00545	0.00161	0.04609	0.00437	0.00226	0.00620
5	0.01053	0.25903	0.35191	0.01081	0.01551	0.01242	0.01213	0.04409	0.01088	0.01470	0.02869	0.08697	0.01231	0.00677	0.00467	0.00153	0.00575	0.10217	0.00280	0.00633
6	0.00962	0.00787	0.01494	0.01186	0.01368	0.00782	0.28213	0.01014	0.00841	0.01144	0.00943	0.01508	0.00861	0.04911	0.04590	0.43667	0.04596	0.00499	0.00232	0.00403
7	0.00857	0.00746	0.01058	0.00990	0.01065	0.00882	0.04073	0.01008	0.00956	0.01321	0.05727	0.12595	0.08121	0.07405	0.01125	0.00227	0.29094	0.21926	0.00353	0.00471
8	0.01211	0.01299	0.03719	0.05063	0.43985	0.07573	0.23352	0.01524	0.01147	0.01540	0.01090	0.01360	0.03882	0.00471	0.00513	0.00152	0.00670	0.00491	0.00253	0.00705
9	0.01463	0.01353	0.05198	0.03498	0.26983	0.13275	0.05589	0.15002	0.04108	0.10098	0.04527	0.04446	0.01086	0.00568	0.00496	0.00149	0.00594	0.00491	0.00355	0.00720
10	0.01028	0.00632	0.00765	0.00735	0.00905	0.00616	0.00554	0.01388	0.14376	0.15720	0.09735	0.28295	0.12992	0.01066	0.00555	0.00172	0.00320	0.03809	0.05778	0.00556
11	0.25330	0.00969	0.01038	0.00907	0.03032	0.01041	0.00709	0.07749	0.25099	0.23138	0.04996	0.01519	0.01226	0.00596	0.00446	0.00156	0.00403	0.00462	0.00469	0.00715
12	0.01339	0.01417	0.27996	0.01153	0.03138	0.03087	0.05910	0.01665	0.01178	0.26296	0.01732	0.08945	0.04629	0.00728	0.00523	0.00166	0.00550	0.08468	0.00396	0.00684
13	0.01192	0.01208	0.02257	0.04631	0.54408	0.01189	0.24693	0.01522	0.01128	0.01588	0.00944	0.01252	0.00765	0.00432	0.00515	0.00152	0.00660	0.00481	0.00244	0.00738
14	0.00854	0.00427	0.00640	0.00640	0.00640	0.00427	0.00427	0.00640	0.00640	0.00854	0.00854	0.01494	0.00854	0.01707	0.01921	0.85702	0.00427	0.00427	0.00213	0.00213
15	0.03085	0.01170	0.01399	0.10895	0.17437	0.08458	0.01027	0.17834	0.14239	0.09390	0.01332	0.01585	0.01046	0.00730	0.04091	0.00184	0.00585	0.04416	0.00384	0.00712
16	0.04296	0.01088	0.01513	0.36781	0.05458	0.07889	0.08590	0.07422	0.04314	0.14139	0.03011	0.01380	0.00896	0.00527	0.00492	0.00156	0.00612	0.00460	0.00331	0.00644
17	0.00613	0.00438	0.00582	0.00692	0.00727	0.00411	0.00472	0.00706	0.00950	0.01262	0.02705	0.75011	0.04133	0.03305	0.00671	0.00207	0.00299	0.05963	0.00452	0.00400
18	0.01482	0.01156	0.01266	0.00970	0.01364	0.01175	0.00789	0.40969	0.11626	0.02430	0.01175	0.01206	0.00882	0.00519	0.00447	0.00123	0.00458	0.00403	0.00421	0.31137
19	0.02928	0.33915	0.33894	0.01215	0.01765	0.01443	0.10797	0.01543	0.01045	0.04005	0.00848	0.00991	0.00661	0.00444	0.00416	0.00135	0.00634	0.00351	0.00231	0.02739
20	0.07102	0.18939	0.07094	0.01267	0.12550	0.01327	0.00983	0.21575	0.04511	0.15113	0.01197	0.01341	0.00915	0.00550	0.00447	0.00144	0.00516	0.03308	0.00382	0.00739
21	0.01100	0.05191	0.52496	0.01627	0.12428	0.01175	0.09421	0.01626	0.04629	0.04308	0.00979	0.01140	0.00717	0.00470	0.00478	0.00154	0.00684	0.00405	0.00244	0.00729
22	0.01184	0.01134	0.01936	0.11898	0.71037	0.01159	0.01492	0.01480	0.01104	0.01566	0.00919	0.01227	0.00764	0.00444	0.00487	0.00148	0.00592	0.00438	0.00240	0.00752
23	0.02841	0.14787	0.39967	0.01293	0.05094	0.08374	0.04390	0.01624	0.01115	0.09292	0.04460	0.01181	0.00874	0.00505	0.00473	0.00146	0.02230	0.00391	0.00272	0.00689
24	0.01008	0.00705	0.01012	0.17747	0.01478	0.00689	0.03258	0.02187	0.01256	0.12165	0.36653	0.02542	0.06051	0.00756	0.00524	0.00148	0.00385	0.00663	0.00439	0.10333
25	0.00713	0.00531	0.00764	0.00759	0.00830	0.00612	0.00572	0.00857	0.00776	0.01110	0.01339	0.02126	0.01308	0.16871	0.65781	0.00724	0.03084	0.00556	0.00268	0.00417
26	0.01098	0.01137	0.01006	0.00955	0.01135	0.24182	0.03757	0.01405	0.10317	0.01476	0.11760	0.16382	0.09848	0.00965	0.00554	0.00168	0.00511	0.12419	0.00403	0.00522
27	0.01101	0.04788	0.09394	0.16126	0.18097	0.03533	0.26671	0.01487	0.04083	0.01502	0.02139	0.01538	0.04776	0.00518	0.00518	0.00158	0.00666	0.01988	0.00264	0.00653
28	0.01237	0.04807	0.50947	0.07487	0.01946	0.01046	0.01453	0.01678	0.01126	0.18121	0.04690	0.01305	0.00935	0.00522	0.00474	0.00154	0.00626	0.00417	0.00308	0.00720
29	0.01881	0.01060	0.01243	0.00972	0.01328	0.01091	0.00798	0.36834	0.04863	0.34386	0.01550	0.01473	0.01056	0.00738	0.04083	0.00177	0.00504	0.00473	0.04692	0.00797
30	0.01093	0.05694	0.19284	0.36080	0.05870	0.01122	0.01297	0.01530	0.07924	0.07546	0.01115	0.04510	0.00874	0.00559	0.00522	0.00161	0.03435	0.00464	0.00281	0.00639
31	0.05165	0.04532	0.11547	0.04546	0.29432	0.04977	0.04063	0.04929	0.02801	0.14633	0.03911	0.03348	0.01060	0.00553	0.00483	0.00151	0.00561	0.02253	0.00337	0.00717
32	0.01270	0.20854	0.47681	0.01192	0.01778	0.04911	0.01399	0.01672	0.01096	0.12367	0.00978	0.01062	0.00708	0.00478	0.00435	0.00142	0.00644	0.00356	0.00266	0.00712
33	0.00802	0.00658	0.00813	0.04560	0.03211	0.04512	0.00692	0.00966	0.01053	0.01355	0.05490	0.21266	0.09054	0.08364	0.00826	0.00224	0.03665	0.31634	0.00408	0.00447
34	0.01159	0.12784	0.31522	0.01607	0.18822	0.01175	0.07302	0.01560	0.03293	0.07236	0.04191	0.01415	0.04752	0.00525	0.00472	0.00148	0.00601	0.00451	0.00281	0.00704
35	0.01124	0.00916	0.01464	0.21840	0.22950	0.00962	0.06305	0.02695	0.06051	0.09530	0.06471	0.08950	0.05354	0.00676	0.00535	0.00162	0.01488	0.01542	0.00346	0.00639
36	0.00702	0.00527	0.00790	0.00790	0.00878	0.00614	0.00614	0.00878	0.00790	0.01141	0.01316	0.01931	0.01229	0.03686	0.80782	0.00790	0.01316	0.00527	0.00263	0.00439
37	0.01123	0.01146	0.02156	0.21880	0.33128	0.01183	0.26948	0.01460	0.01089	0.01498	0.00928	0.01272	0.00734	0.00455	0.00550	0.00159	0.02893	0.00485	0.00238	0.00676
38	0.03415	0.01718	0.34213	0.05608	0.29551	0.01142	0.11631	0.01523	0.01086	0.02523	0.02451	0.01203	0.00778	0.00463	0.00488	0.00154	0.00664	0.00431	0.00240	0.00719
39	0.01281	0.13012	0.52539	0.01225	0.01832	0.02884	0.01456	0.03323	0.01132	0.15303	0.01045	0.01115	0.00733	0.00489	0.00451	0.00147	0.00645	0.00373	0.00285	0.00732
40	0.00655	0.00503	0.00612	0.00674	0.00790	0.00460	0.00528	0.00805	0.01087	0.01368	0.05087	0.23043	0.35803	0.01345	0.00623	0.00193	0.00322	0.25220	0.00457	0.00424
41	0.05471	0.01083	0.01467	0.01586	0.24167	0.01112	0.03086	0.18997	0.11033	0.21454	0.01428	0.04605	0.01075	0.00586	0.00491	0.00153	0.00494	0.00501	0.00433	0.00776
42	0.01084	0.01048	0.04931	0.03402	0.27754	0.03976	0.10401	0.05774	0.01247	0.03886	0.17671	0.08771	0.06491	0.00712	0.00533	0.00156	0.00508	0.00659	0.00359	0.00635
43	0.00854	0.00427	0.00640	0.00640	0.00640	0.00427	0.00427	0.00640	0.00640	0.00854	0.00854	0.01494	0.00854	0.01707	0.01921	0.85702	0.00427	0.00427	0.00213	0.00213
44	0.00986	0.02542	0.80183	0.01401	0.02127	0.01141	0.01816	0.01556	0.01038	0.01556	0.00882	0.01038	0.00623	0.00467	0.00467	0.00156	0.00726	0.00363	0.00208	0.00726
45	0.01041	0.27701	0.35099	0.01226	0.07853	0.01268	0.01240	0.01371	0.01015	0.01380	0.01144	0.15336	0.01102	0.00639	0.00448	0.00147	0.00573	0.00520	0.00255	0.00642
46	0.01216	0.01169	0.02019	0.07882	0.65590	0.01182	0.07899	0.04166	0.01155	0.01633	0.00936	0.01230	0.00770	0.00445	0.00495	0.00149	0.00607	0.00450	0.00251	0.00756
47	0.00792	0.00566	0.00792	0.00905	0.01018	0.00566	0.00792	0.01018	0.01131	0.01471	0.02602	0.05543	0.02828	0.01358	0.00679	0.00226	0.00453	0.76356	0.00453	0.00453
48	0.00602	0.00479	0.00541	0.00567	0.00688	0.00417	0.00409	0.00731	0.01109	0.01399	0.14966	0.26352	0.47421	0.01293	0.00594	0.00174	0.00257	0.01117	0.00468	0.00417
49	0.01368	0.00944	0.03272	0.46331	0.08802	0.01005	0.01180	0.04450	0.01170	0.24820	0.01206	0.01399	0.00838	0.00525	0.00491	0.00158	0.00576	0.00452	0.00346	0.00666
50	0.01030	0.00821	0.01285	0.01094	0.01312	0.00811	0.17614	0.14647	0.01266	0.05008	0.02020	0.40525	0.02152	0.01070	0.00591	0.00183	0.00469	0.07119	0.00423	0.00557
51	0.55730	0.17164	0.14111	0.00808	0.01204	0.01272	0.00803	0.01468	0.00901	0.01895	0.00716	0.00836	0.00566	0.00451	0.00333	0.00144	0.00465	0.00281	0.00270	0.00583
52	0.01526	0.01822	0.01453	0.01324	0.03616	0.48028	0.01013	0.01650	0.01139	0.01206	0.00720	0.00968	0.00642	0.00641	0.00894	0.00161	0.32032	0.00364	0.00238	0.00563
53	0.05996	0.00630	0.00768	0.00724	0.00899	0.00611	0.03973	0.01108	0.09636	0.03461	0.18828	0.13043	0.29686	0.01077	0.00567	0.00172	0.00321	0.07542	0.00463	0.00494
54	0.01220	0.65254	0.14331	0.00909	0.01358	0.01723	0.00963	0.01444	0.01025	0.01257	0.04305	0.01039	0.02505	0.00471	0.00356	0.00116	0.00537	0.00323	0.00230	0.00633
55	0.00940	0.00547	0.00719	0.00670	0.00819	0.00495	0.00504	0.01131	0.01296	0.15658	0.47533	0.18225	0.07434	0.01047	0.00573	0.00163	0.00276	0.00922	0.00533	0.00515
56	0.00682	0.00502	0.00638	0.00604	0.00726	0.00458	0.00453	0.00902	0.01360	0.01896	0.70765	0.03794	0.13323	0.01033	0.00580	0.00156	0.00234	0.00906	0.00531	0.00458
57	0.00928	0.00873	0.01474	0.81548	0.03385	0.01092	0.01365	0.01256	0.00983	0.01256	0.00873	0.01310	0.00655	0.00491	0.00491	0.00164	0.00655	0.00437	0.00218	0.00546
58	0.01095	0.01238	0.08389	0.13001	0.19075	0.01292	0.16282	0.01372	0.00968	0.01393	0.00826	0.01185	0.00693	0.00597	0.00913	0.00178	0.30188	0.00456	0.00228	0.00632
59	0.28863	0.01388	0.18513	0.05046	0.29398	0.01151	0.01214	0.04158	0.02925	0.01838	0.00870	0.01059	0.00679	0.00463	0.00424	0.00151	0.00545	0.00369	0.00269	0.00679
60	0.01878	0.01911	0.01346	0.01170	0.01463	0.54127	0.00901	0.10952	0.04824	0.15205	0.01068	0.01098	0.00796	0.00541	0.00460	0.00135	0.00743	0.00372	0.00354	0.00656
61	0.00786	0.00488	0.00650	0.00686	0.00773	0.00448	0.00485	0.00920	0.01104	0.09391	0.22482	0.53877	0.03404	0.01307	0.00601	0.00183	0.00285	0.01174	0.00493	0.00460
62	0.00588	0.00469	0.00527	0.00573	0.00684	0.00409	0.00407	0.00697	0.01048	0.01298	0.04062	0.36102	0.48684	0.01364	0.00600	0.00180	0.00264	0.01183	0.00456	0.00409
63	0.00985	0.33480	0.17928	0.00980	0.04363	0.01194	0.00928	0.01209	0.00998	0.01295	0.01550	0.27019	0.04599	0.00820	0.00463	0.00150	0.00482	0.00683	0.00299	0.00574
64	0.01117	0.07952	0.01276	0.00851	0.01252	0.00888	0.04112	0.06004	0.02748	0.02936	0.03651	0.01146	0.00884	0.00439	0.00443	0.00097	0.03903	0.00347	0.00310	0.59646
65	0.01046	0.00975	0.04536	0.04534	0.01375	0.00756	0.04469	0.04696	0.01098	0.01664	0.04019	0.01161	0.00881	0.00412	0.00399	0.00092	0.00418	0.00346	0.00301	0.66822
66	0.01319	0.01701	0.31626	0.01241	0.05473	0.04539	0.01216	0.19837	0.05952	0.06731	0.01161	0.04802	0.00900	0.00553	0.00471	0.00144	0.00580	0.00441	0.00342	0.10972
67	0.01147	0.00984	0.04656	0.00970	0.07348	0.00779	0.00738	0.05153	0.04465	0.07014	0.02709	0.01266	0.02785	0.00449	0.00409	0.00099	0.00405	0.00369	0.00333	0.57922
68	0.05230	0.01032	0.01533	0.01955	0.40813	0.01024	0.01114	0.05029	0.07592	0.18933	0.03492	0.01573	0.01110	0.00549	0.00486	0.00150	0.00497	0.03368	0.00376	0.04142
69	0.01412	0.07419	0.01362	0.04292	0.08567	0.01057	0.00827	0.17764	0.08008	0.12882	0.01204	0.02552	0.00920	0.00507	0.00438	0.00123	0.00454	0.00409	0.00385	0.29416
70	0.04620	0.01009	0.01410	0.22384	0.17744	0.01070	0.01058	0.16629	0.02878	0.13117	0.06294	0.01443	0.01076	0.00544	0.00481	0.00148	0.00520	0.00462	0.00369	0.06746
71	0.10759	0.01039	0.01561	0.17542	0.38721	0.01102	0.01209	0.08068	0.01186	0.06973	0.02009	0.01472	0.02364	0.00531	0.00478	0.00154	0.00545	0.03289	0.00306	0.00692
72	0.09903	0.00954	0.01289	0.09641	0.11114	0.00984	0.05344	0.07171	0.11746	0.16271	0.02414	0.05931	0.05107	0.00626	0.00503	0.00153	0.02055	0.00530	0.00397	0.07869

[dist]
# distance from previous block
# <min> <max>
0	34

# created by:
# /st0/software/busco_prod/Augustus/scripts/msa2prfl.pl ./align_prep/50053.fa
