[name]
unknown

[dist]
# distance from previous block
# <min> <max>
3	51

[block]
# block no. 0 follows, 51 sequences, length 12
# corresponding to MSA columns:
# 51-62
name=unknown_A
#
# <colnr> <probs for GDERKNQSTAVLIFYWHMCP>
#	G	D	E	R	K	N	Q	S	T	A	V	L	I	F	Y	W	H	M	C	P
0	0.04539	0.19222	0.11191	0.00955	0.01341	0.04855	0.00883	0.16745	0.12924	0.01869	0.05624	0.01519	0.06650	0.00587	0.00440	0.00136	0.00492	0.00449	0.00358	0.09222
1	0.17346	0.01098	0.01108	0.01030	0.07335	0.13079	0.00749	0.01852	0.06316	0.27811	0.09141	0.01510	0.01287	0.00574	0.00449	0.00142	0.00471	0.00447	0.00428	0.07827
2	0.04237	0.05303	0.71386	0.01332	0.02018	0.01153	0.01691	0.01581	0.01043	0.04580	0.00908	0.01044	0.00642	0.00470	0.00456	0.00154	0.00694	0.00361	0.00227	0.00720
3	0.01171	0.01141	0.01702	0.01589	0.13490	0.04163	0.15297	0.09054	0.03836	0.01568	0.01309	0.01677	0.07485	0.00720	0.00927	0.00180	0.29954	0.03821	0.00295	0.00623
4	0.00660	0.00554	0.00580	0.00564	0.00734	0.00502	0.00426	0.00925	0.08954	0.01483	0.14209	0.04303	0.62053	0.01156	0.00573	0.00165	0.00261	0.00970	0.00472	0.00458
5	0.01057	0.01006	0.01708	0.46287	0.37634	0.01126	0.01429	0.01369	0.01044	0.01413	0.00896	0.01268	0.00710	0.00467	0.00489	0.00156	0.00623	0.00437	0.00230	0.00650
6	0.01204	0.01182	0.01752	0.13663	0.53414	0.07086	0.01347	0.01586	0.08406	0.01558	0.01059	0.03661	0.00891	0.00505	0.00489	0.00151	0.00589	0.00468	0.00271	0.00719
7	0.00715	0.00476	0.00536	0.00536	0.00536	0.00476	0.00298	0.00715	0.00715	0.00953	0.01548	0.03216	0.01787	0.82729	0.02501	0.00476	0.00476	0.00715	0.00298	0.00298
8	0.00937	0.00887	0.00926	0.00977	0.08802	0.13648	0.00660	0.01144	0.01321	0.01730	0.50015	0.02973	0.09629	0.00882	0.00582	0.00152	0.03030	0.00748	0.00447	0.00511
9	0.00715	0.00476	0.00536	0.00536	0.00536	0.00476	0.00298	0.00715	0.00715	0.00953	0.01548	0.03216	0.01787	0.82729	0.02501	0.00476	0.00476	0.00715	0.00298	0.00298
10	0.21974	0.01029	0.01080	0.00917	0.01187	0.01176	0.00740	0.18960	0.22156	0.05706	0.07550	0.01610	0.04344	0.00664	0.00571	0.00162	0.08584	0.00490	0.00428	0.00671
11	0.13423	0.01335	0.01303	0.04115	0.07272	0.12538	0.00890	0.35261	0.10802	0.02339	0.01139	0.01203	0.00854	0.00553	0.00452	0.00146	0.00541	0.00414	0.04706	0.00715

[dist]
# distance from previous block
# <min> <max>
1	30

[block]
# block no. 1 follows, 51 sequences, length 10
# corresponding to MSA columns:
# 93-102
name=unknown_B
#
# <colnr> <probs for GDERKNQSTAVLIFYWHMCP>
#	G	D	E	R	K	N	Q	S	T	A	V	L	I	F	Y	W	H	M	C	P
0	0.09464	0.00992	0.02715	0.01077	0.08406	0.02303	0.00784	0.20500	0.07684	0.14084	0.05289	0.15556	0.04432	0.00768	0.00499	0.00157	0.00432	0.00641	0.00447	0.03770
1	0.03340	0.08885	0.57066	0.01196	0.01789	0.01093	0.01459	0.01446	0.01076	0.01599	0.11547	0.01368	0.01172	0.00531	0.00460	0.00147	0.00616	0.00420	0.00260	0.04530
2	0.01267	0.05241	0.17953	0.18040	0.19965	0.09139	0.01323	0.12235	0.07040	0.01704	0.00993	0.01187	0.00761	0.00499	0.00473	0.00150	0.00635	0.00412	0.00284	0.00701
3	0.00630	0.00467	0.00601	0.00648	0.00726	0.00438	0.00460	0.00766	0.01068	0.01435	0.22120	0.43012	0.15460	0.01557	0.08002	0.00237	0.00361	0.01133	0.00460	0.00421
4	0.01005	0.02417	0.72714	0.01512	0.05964	0.01147	0.05363	0.01555	0.01047	0.01560	0.00889	0.01060	0.00636	0.00463	0.00473	0.00156	0.00724	0.00377	0.00211	0.00726
5	0.00609	0.00499	0.00537	0.00527	0.00681	0.00427	0.00396	0.00760	0.01187	0.01485	0.23248	0.04470	0.61096	0.01186	0.00581	0.00163	0.00245	0.01001	0.00477	0.00427
6	0.01126	0.01100	0.01438	0.03803	0.21577	0.11774	0.09972	0.07508	0.04027	0.01557	0.01699	0.25050	0.05591	0.00829	0.00539	0.00164	0.00541	0.00753	0.00347	0.00605
7	0.00596	0.00498	0.00519	0.00514	0.00673	0.00422	0.00386	0.00735	0.01157	0.01415	0.15108	0.04585	0.69280	0.01212	0.00581	0.00164	0.00247	0.01017	0.00468	0.00422
8	0.01036	0.00779	0.00927	0.00717	0.01071	0.00607	0.00561	0.01226	0.01052	0.08764	0.01553	0.12456	0.07475	0.00618	0.00429	0.00105	0.00349	0.00521	0.00356	0.59398
9	0.00986	0.02542	0.80183	0.01401	0.02127	0.01141	0.01816	0.01556	0.01038	0.01556	0.00882	0.01038	0.00623	0.00467	0.00467	0.00156	0.00726	0.00363	0.00208	0.00726

[dist]
# distance from previous block
# <min> <max>
0	17

[block]
# block no. 2 follows, 51 sequences, length 80
# corresponding to MSA columns:
# 120-199
name=unknown_C
#
# <colnr> <probs for GDERKNQSTAVLIFYWHMCP>
#	G	D	E	R	K	N	Q	S	T	A	V	L	I	F	Y	W	H	M	C	P
0	0.00606	0.00442	0.00571	0.00660	0.00710	0.00407	0.00449	0.00709	0.01000	0.01328	0.10014	0.67384	0.10989	0.01461	0.00618	0.00192	0.00277	0.01314	0.00464	0.00407
1	0.00691	0.00527	0.00692	0.04068	0.00913	0.00478	0.00529	0.00815	0.00964	0.01322	0.02320	0.62152	0.02701	0.01291	0.00580	0.00178	0.00321	0.04312	0.00418	0.14729
2	0.01054	0.01041	0.02127	0.01595	0.01954	0.00972	0.51042	0.01371	0.01143	0.05507	0.07540	0.19208	0.01620	0.00716	0.00586	0.00172	0.00643	0.00778	0.00335	0.00599
3	0.40034	0.01051	0.01019	0.00812	0.01174	0.01109	0.00666	0.23318	0.01321	0.05568	0.00919	0.00992	0.00690	0.00481	0.00379	0.00133	0.00424	0.00331	0.00368	0.19212
4	0.44363	0.00867	0.00885	0.00738	0.01054	0.00899	0.00604	0.01785	0.02474	0.32243	0.08458	0.01419	0.01192	0.00569	0.00406	0.00153	0.00381	0.00417	0.00447	0.00648
5	0.00702	0.00527	0.00790	0.00790	0.00878	0.00614	0.00614	0.00878	0.00790	0.01141	0.01316	0.01931	0.01229	0.03686	0.80782	0.00790	0.01316	0.00527	0.00263	0.00439
6	0.01894	0.01336	0.01450	0.01111	0.01504	0.01463	0.00918	0.72317	0.02242	0.08901	0.01237	0.01217	0.00864	0.00591	0.00492	0.00148	0.00532	0.00446	0.00500	0.00836
7	0.00762	0.00519	0.00599	0.00584	0.00609	0.00533	0.00353	0.03949	0.00788	0.01060	0.01512	0.03012	0.01696	0.72013	0.09643	0.00492	0.00557	0.00686	0.00303	0.00333
8	0.00730	0.00568	0.00844	0.00828	0.00909	0.00682	0.00649	0.00901	0.00787	0.01144	0.01266	0.01866	0.01185	0.03472	0.74807	0.00746	0.07393	0.00519	0.00260	0.00446
9	0.01183	0.01014	0.01077	0.00971	0.01237	0.01165	0.00754	0.02484	0.72936	0.02049	0.07842	0.01972	0.01737	0.00692	0.00506	0.00166	0.00377	0.00581	0.00503	0.00754
10	0.00854	0.00427	0.00640	0.00640	0.00640	0.00427	0.00427	0.00640	0.00640	0.00854	0.00854	0.01494	0.00854	0.01707	0.01921	0.85702	0.00427	0.00427	0.00213	0.00213
11	0.01019	0.00873	0.01019	0.00728	0.01165	0.00655	0.00582	0.01237	0.01019	0.01601	0.00873	0.01019	0.00728	0.00364	0.00364	0.00073	0.00364	0.00291	0.00291	0.85734
12	0.01451	0.00841	0.00923	0.00760	0.01014	0.00876	0.00611	0.28557	0.01542	0.14285	0.01505	0.01577	0.01103	0.00584	0.00419	0.00132	0.00368	0.00458	0.42344	0.00650
13	0.02186	0.00867	0.01159	0.00889	0.01270	0.00768	0.00734	0.06700	0.01458	0.75627	0.01896	0.01645	0.01195	0.00607	0.00494	0.00152	0.00425	0.00491	0.00602	0.00836
14	0.01124	0.00984	0.01314	0.01216	0.14639	0.00838	0.04651	0.07096	0.01141	0.01714	0.00911	0.01080	0.00746	0.00396	0.00405	0.00096	0.00438	0.00342	0.00296	0.60575
15	0.00651	0.00501	0.00595	0.00571	0.00707	0.00445	0.00429	0.00841	0.01286	0.01721	0.50473	0.04082	0.33725	0.01098	0.00580	0.00159	0.00238	0.00946	0.00508	0.00445
16	0.00599	0.00428	0.00570	0.00684	0.00713	0.00399	0.00456	0.00684	0.00941	0.01254	0.02709	0.82409	0.03250	0.01540	0.00627	0.00200	0.00285	0.01397	0.00456	0.00399
17	0.02191	0.00859	0.01154	0.00885	0.01266	0.00756	0.00731	0.05544	0.01444	0.76802	0.01907	0.01652	0.01201	0.00607	0.00494	0.00152	0.00423	0.00492	0.00603	0.00836
18	0.00922	0.00705	0.01137	0.00988	0.01057	0.00809	0.09882	0.00910	0.00756	0.01063	0.00935	0.04776	0.00920	0.01502	0.08336	0.43323	0.20878	0.00495	0.00232	0.00375
19	0.00715	0.00476	0.00536	0.00536	0.00536	0.00476	0.00298	0.00715	0.00715	0.00953	0.01548	0.03216	0.01787	0.82729	0.02501	0.00476	0.00476	0.00715	0.00298	0.00298
20	0.00597	0.00436	0.00562	0.00662	0.00707	0.00401	0.00446	0.00687	0.00962	0.01263	0.02980	0.73106	0.12378	0.01504	0.00622	0.00196	0.00281	0.01354	0.00456	0.00401
21	0.00830	0.00435	0.00622	0.00622	0.00622	0.00435	0.00405	0.00653	0.00653	0.00871	0.00972	0.01787	0.01013	0.15513	0.02020	0.71180	0.00435	0.00476	0.00228	0.00228
22	0.00926	0.04810	0.54706	0.01237	0.01792	0.01029	0.04636	0.01374	0.01005	0.01455	0.01263	0.01472	0.06682	0.01070	0.14161	0.00263	0.00788	0.00447	0.00238	0.00648
23	0.01011	0.00935	0.01519	0.58020	0.02872	0.02385	0.08145	0.06418	0.01112	0.01433	0.01110	0.01803	0.00935	0.00595	0.00521	0.00170	0.00643	0.09540	0.00268	0.00565
24	0.00928	0.00873	0.01474	0.81548	0.03385	0.01092	0.01365	0.01256	0.00983	0.01256	0.00873	0.01310	0.00655	0.00491	0.00491	0.00164	0.00655	0.00437	0.00218	0.00546
25	0.04585	0.01338	0.13861	0.12730	0.06554	0.03634	0.25671	0.01388	0.01017	0.01448	0.01010	0.07679	0.00886	0.00609	0.00719	0.00173	0.15299	0.00536	0.00251	0.00611
26	0.01580	0.01271	0.01191	0.00994	0.01293	0.13630	0.00790	0.32415	0.18473	0.06692	0.01407	0.01414	0.01042	0.00592	0.00461	0.00143	0.00502	0.00453	0.14941	0.00717
27	0.00613	0.00443	0.00568	0.00663	0.00706	0.00413	0.00448	0.00701	0.00948	0.01247	0.02842	0.65957	0.10671	0.07631	0.00766	0.00218	0.00302	0.04024	0.00444	0.00395
28	0.01144	0.00673	0.00834	0.00717	0.00951	0.00613	0.00563	0.01459	0.08681	0.21774	0.33346	0.02943	0.13926	0.00857	0.00533	0.00151	0.00312	0.02051	0.00519	0.07954
29	0.54030	0.01311	0.00905	0.00816	0.01092	0.23413	0.00643	0.03181	0.01039	0.01913	0.00788	0.00912	0.00624	0.00482	0.00350	0.00142	0.00514	0.00299	0.07002	0.00543
30	0.01208	0.01155	0.01970	0.02973	0.78055	0.01155	0.01494	0.01498	0.01119	0.01603	0.00959	0.01305	0.00820	0.00457	0.00490	0.00148	0.00581	0.01990	0.00248	0.00772
31	0.01029	0.01020	0.01516	0.66337	0.10235	0.07330	0.01339	0.01333	0.01022	0.01282	0.00864	0.01263	0.00665	0.00495	0.00511	0.00160	0.02378	0.00427	0.00223	0.00569
32	0.00601	0.00499	0.00525	0.00519	0.00676	0.00423	0.00389	0.00744	0.01167	0.01439	0.17907	0.04546	0.66466	0.01203	0.00581	0.00164	0.00246	0.01011	0.00471	0.00423
33	0.00599	0.00428	0.00570	0.00684	0.00713	0.00399	0.00456	0.00684	0.00941	0.01254	0.02709	0.82409	0.03250	0.01540	0.00627	0.00200	0.00285	0.01397	0.00456	0.00399
34	0.00986	0.02542	0.80183	0.01401	0.02127	0.01141	0.01816	0.01556	0.01038	0.01556	0.00882	0.01038	0.00623	0.00467	0.00467	0.00156	0.00726	0.00363	0.00208	0.00726
35	0.00591	0.00457	0.00540	0.00607	0.00693	0.00406	0.00422	0.00693	0.01015	0.01285	0.03648	0.50273	0.34780	0.01418	0.00608	0.00186	0.00270	0.01248	0.00456	0.00406
36	0.86201	0.00950	0.00722	0.00646	0.00950	0.01102	0.00532	0.01445	0.00836	0.02205	0.00684	0.00798	0.00532	0.00456	0.00304	0.00152	0.00380	0.00266	0.00304	0.00532
37	0.02021	0.00946	0.01175	0.00909	0.01272	0.00908	0.00748	0.21666	0.01610	0.54412	0.01719	0.01559	0.01122	0.00601	0.00482	0.00148	0.00435	0.00478	0.06982	0.00808
38	0.86201	0.00950	0.00722	0.00646	0.00950	0.01102	0.00532	0.01445	0.00836	0.02205	0.00684	0.00798	0.00532	0.00456	0.00304	0.00152	0.00380	0.00266	0.00304	0.00532
39	0.01222	0.01056	0.01111	0.01000	0.01278	0.01222	0.00778	0.02611	0.78776	0.02056	0.02000	0.01833	0.01500	0.00667	0.00500	0.00167	0.00389	0.00556	0.00500	0.00778
40	0.04295	0.00990	0.01223	0.00940	0.01322	0.00956	0.00776	0.23455	0.01644	0.56541	0.01695	0.01513	0.01093	0.00599	0.00489	0.00151	0.00451	0.00474	0.00568	0.00828
41	0.00599	0.00428	0.00570	0.00684	0.00713	0.00399	0.00456	0.00684	0.00941	0.01254	0.02709	0.82409	0.03250	0.01540	0.00627	0.00200	0.00285	0.01397	0.00456	0.00399
42	0.01019	0.00873	0.01019	0.00728	0.01165	0.00655	0.00582	0.01237	0.01019	0.01601	0.00873	0.01019	0.00728	0.00364	0.00364	0.00073	0.00364	0.00291	0.00291	0.85734
43	0.86201	0.00950	0.00722	0.00646	0.00950	0.01102	0.00532	0.01445	0.00836	0.02205	0.00684	0.00798	0.00532	0.00456	0.00304	0.00152	0.00380	0.00266	0.00304	0.00532
44	0.00584	0.00485	0.00511	0.00532	0.00673	0.00412	0.00388	0.00701	0.01088	0.01314	0.04568	0.18786	0.65673	0.01298	0.00589	0.00172	0.00255	0.01102	0.00456	0.00412
45	0.00607	0.00434	0.00578	0.00679	0.00715	0.00405	0.00457	0.00705	0.00979	0.01315	0.09234	0.75709	0.03368	0.01494	0.00623	0.00196	0.00281	0.01354	0.00463	0.00405
46	0.02205	0.00836	0.01140	0.00874	0.01254	0.00722	0.00722	0.02395	0.01407	0.80004	0.01939	0.01673	0.01216	0.00608	0.00494	0.00152	0.00418	0.00494	0.00608	0.00836
47	0.02155	0.00853	0.01184	0.00983	0.05225	0.00745	0.00762	0.02350	0.01392	0.76034	0.01887	0.01650	0.01194	0.00600	0.00494	0.00152	0.00427	0.00491	0.00590	0.00833
48	0.01216	0.01168	0.01995	0.03016	0.79664	0.01168	0.01508	0.01508	0.01119	0.01605	0.00924	0.01216	0.00778	0.00438	0.00487	0.00146	0.00584	0.00438	0.00243	0.00778
49	0.00846	0.00457	0.00480	0.00495	0.00592	0.00450	0.00356	0.01035	0.00999	0.01670	0.01882	0.12413	0.04831	0.06926	0.00553	0.00155	0.00256	0.00622	0.64546	0.00437
50	0.68732	0.01013	0.00895	0.12146	0.01348	0.04948	0.01880	0.01445	0.00889	0.02012	0.00720	0.00883	0.00558	0.00463	0.00342	0.00153	0.00450	0.00298	0.00289	0.00538
51	0.02191	0.00859	0.01154	0.00885	0.01266	0.00756	0.00731	0.05563	0.01444	0.76782	0.01907	0.01652	0.01201	0.00607	0.00494	0.00152	0.00423	0.00492	0.00603	0.00836
52	0.01227	0.01383	0.02047	0.09503	0.02072	0.16769	0.34650	0.01500	0.01111	0.01405	0.04831	0.01302	0.00890	0.00567	0.00770	0.00168	0.18457	0.00497	0.00254	0.00596
53	0.00696	0.00502	0.00657	0.00618	0.00734	0.00464	0.00464	0.00927	0.01391	0.01971	0.79405	0.03671	0.04637	0.01005	0.00580	0.00155	0.00232	0.00889	0.00541	0.00464
54	0.00865	0.00712	0.00788	0.00740	0.00926	0.00742	0.00562	0.01511	0.31357	0.01799	0.26032	0.07708	0.22381	0.00965	0.00552	0.00165	0.00300	0.00826	0.00499	0.00570
55	0.00599	0.00428	0.00570	0.00684	0.00713	0.00399	0.00456	0.00684	0.00941	0.01254	0.02709	0.82409	0.03250	0.01540	0.00627	0.00200	0.00285	0.01397	0.00456	0.00399
56	0.01716	0.01301	0.01389	0.01100	0.01466	0.01453	0.00897	0.60299	0.20284	0.02852	0.01373	0.01333	0.00992	0.00608	0.00494	0.00152	0.00505	0.00469	0.00494	0.00822
57	0.01314	0.83025	0.02575	0.00841	0.01261	0.01945	0.00841	0.01472	0.00999	0.01156	0.00683	0.00788	0.00631	0.00420	0.00315	0.00105	0.00526	0.00263	0.00210	0.00631
58	0.01514	0.01445	0.01146	0.03478	0.01291	0.31282	0.00786	0.21003	0.01480	0.01870	0.01113	0.01260	0.00870	0.00561	0.00476	0.00133	0.03969	0.00399	0.25322	0.00602
59	0.04033	0.00778	0.00859	0.00716	0.00961	0.00794	0.00574	0.20207	0.01417	0.18729	0.01543	0.01607	0.01125	0.00581	0.00410	0.00132	0.00350	0.00456	0.44095	0.00633
60	0.00848	0.00697	0.00743	0.00708	0.00897	0.00706	0.00535	0.07032	0.21348	0.01638	0.03531	0.16946	0.40295	0.01095	0.00561	0.00170	0.00313	0.00929	0.00470	0.00538
61	0.00670	0.00491	0.00632	0.00701	0.00772	0.00453	0.00480	0.03117	0.00989	0.01338	0.02523	0.73755	0.02985	0.01422	0.00603	0.00188	0.00299	0.01284	0.00445	0.06853
62	0.01093	0.01061	0.03501	0.00798	0.01227	0.08063	0.00654	0.01314	0.01054	0.01563	0.00863	0.01007	0.00716	0.00380	0.00374	0.00080	0.00423	0.00296	0.00285	0.75245
63	0.01263	0.01256	0.01949	0.02884	0.73766	0.07174	0.01466	0.01542	0.01140	0.01575	0.00912	0.01191	0.00767	0.00443	0.00483	0.00144	0.00607	0.00429	0.00244	0.00763
64	0.01612	0.01227	0.01319	0.01058	0.01400	0.01366	0.00858	0.52620	0.22100	0.02742	0.07297	0.01538	0.01295	0.00641	0.00500	0.00153	0.00478	0.00506	0.00498	0.00793
65	0.00598	0.00430	0.00568	0.00679	0.00711	0.00400	0.00454	0.00685	0.00946	0.01257	0.02778	0.80031	0.05583	0.01531	0.00626	0.00199	0.00284	0.01386	0.00456	0.00400
66	0.01686	0.01371	0.20575	0.01159	0.01625	0.02237	0.09275	0.05266	0.08469	0.40858	0.01536	0.01463	0.01023	0.00556	0.00496	0.00155	0.00547	0.00472	0.00452	0.00781
67	0.01075	0.01075	0.01505	0.01290	0.01290	0.01505	0.01075	0.01183	0.00753	0.01183	0.00645	0.01075	0.00645	0.00860	0.01613	0.00215	0.81830	0.00430	0.00215	0.00538
68	0.00596	0.00498	0.00521	0.00524	0.00681	0.00423	0.00395	0.00731	0.01136	0.01379	0.10464	0.06694	0.69489	0.01238	0.00585	0.00168	0.00255	0.03341	0.00463	0.00419
69	0.01110	0.07562	0.03563	0.31546	0.12101	0.04565	0.22340	0.01420	0.01047	0.01376	0.00873	0.01218	0.00691	0.00492	0.00600	0.00160	0.08034	0.00456	0.00230	0.00617
70	0.01060	0.01008	0.01712	0.45620	0.38282	0.01127	0.01430	0.01371	0.01045	0.01416	0.00897	0.01267	0.00712	0.00467	0.00489	0.00156	0.00622	0.00437	0.00230	0.00652
71	0.01330	0.00919	0.00968	0.00797	0.01058	0.00978	0.00641	0.39081	0.01679	0.02372	0.01969	0.02003	0.14376	0.00696	0.00457	0.00140	0.00387	0.00549	0.28965	0.00637
72	0.00916	0.00458	0.00458	0.00458	0.00573	0.00458	0.00344	0.01145	0.01031	0.01832	0.01603	0.01832	0.01260	0.00573	0.00344	0.00115	0.00229	0.00458	0.85457	0.00458
73	0.01083	0.00963	0.05530	0.18511	0.01637	0.07055	0.02992	0.02699	0.11382	0.09950	0.03035	0.29519	0.01793	0.00898	0.00539	0.00172	0.00484	0.00789	0.00393	0.00576
74	0.01147	0.00632	0.00830	0.00764	0.00928	0.00613	0.00579	0.01340	0.04139	0.24567	0.14206	0.26572	0.07229	0.04583	0.04766	0.00218	0.04971	0.00871	0.00486	0.00559
75	0.01836	0.02342	0.01393	0.01266	0.01519	0.80756	0.00950	0.01962	0.01393	0.01203	0.00760	0.00886	0.00633	0.00506	0.00443	0.00127	0.00886	0.00317	0.00253	0.00570
76	0.01558	0.08002	0.01961	0.01593	0.07901	0.42014	0.22847	0.05602	0.01321	0.01431	0.00854	0.01044	0.00686	0.00473	0.00478	0.00139	0.00802	0.00403	0.00260	0.00630
77	0.00599	0.00428	0.00570	0.00684	0.00713	0.00399	0.00456	0.00684	0.00941	0.01254	0.02709	0.82409	0.03250	0.01540	0.00627	0.00200	0.00285	0.01397	0.00456	0.00399
78	0.01029	0.00985	0.01762	0.09466	0.11880	0.00979	0.28563	0.01457	0.09552	0.03196	0.16784	0.03340	0.07465	0.00651	0.00550	0.00161	0.00556	0.00650	0.00355	0.00621
79	0.00989	0.00839	0.00986	0.00718	0.01125	0.00637	0.00571	0.01209	0.01053	0.01635	0.08122	0.01264	0.01089	0.00423	0.00384	0.00080	0.00352	0.00346	0.00314	0.77863

[dist]
# distance from previous block
# <min> <max>
0	2

[block]
# block no. 3 follows, 51 sequences, length 13
# corresponding to MSA columns:
# 202-214
name=unknown_D
#
# <colnr> <probs for GDERKNQSTAVLIFYWHMCP>
#	G	D	E	R	K	N	Q	S	T	A	V	L	I	F	Y	W	H	M	C	P
0	0.86201	0.00950	0.00722	0.00646	0.00950	0.01102	0.00532	0.01445	0.00836	0.02205	0.00684	0.00798	0.00532	0.00456	0.00304	0.00152	0.00380	0.00266	0.00304	0.00532
1	0.01027	0.01048	0.06354	0.10130	0.29339	0.00985	0.08690	0.01463	0.10305	0.01697	0.20016	0.01970	0.03581	0.00625	0.00521	0.00155	0.00509	0.00583	0.00346	0.00655
2	0.01389	0.74561	0.02444	0.00858	0.01275	0.01860	0.00840	0.05479	0.01087	0.05326	0.00774	0.00854	0.00671	0.00439	0.00334	0.00110	0.00521	0.00284	0.00245	0.00652
3	0.00588	0.00498	0.00508	0.00506	0.00668	0.00418	0.00379	0.00720	0.01138	0.01370	0.09878	0.04660	0.74538	0.01229	0.00581	0.00165	0.00248	0.01027	0.00462	0.00418
4	0.01187	0.29591	0.29395	0.09814	0.01918	0.01411	0.08707	0.01532	0.01040	0.06172	0.00878	0.01050	0.00678	0.00475	0.00481	0.00143	0.04255	0.00369	0.00238	0.00666
5	0.00696	0.00502	0.00657	0.00618	0.00734	0.00464	0.00464	0.00927	0.01391	0.01971	0.79405	0.03671	0.04637	0.01005	0.00580	0.00155	0.00232	0.00889	0.00541	0.00464
6	0.00732	0.00612	0.00763	0.00732	0.03105	0.00574	0.03736	0.01046	0.09430	0.01652	0.30921	0.03802	0.38968	0.01040	0.00569	0.00161	0.00292	0.00897	0.00476	0.00492
7	0.86201	0.00950	0.00722	0.00646	0.00950	0.01102	0.00532	0.01445	0.00836	0.02205	0.00684	0.00798	0.00532	0.00456	0.00304	0.00152	0.00380	0.00266	0.00304	0.00532
8	0.00604	0.00436	0.00567	0.00666	0.00705	0.00405	0.00446	0.00694	0.00959	0.01272	0.05241	0.72652	0.07911	0.04077	0.00682	0.00205	0.00287	0.01337	0.00454	0.00399
9	0.01603	0.01283	0.01323	0.01083	0.01423	0.04500	0.00871	0.44204	0.33551	0.02597	0.01499	0.01436	0.01100	0.00618	0.00493	0.00155	0.00492	0.00484	0.00486	0.00802
10	0.00854	0.00427	0.00640	0.00640	0.00640	0.00427	0.00427	0.00640	0.00640	0.00854	0.00854	0.01494	0.00854	0.01707	0.01921	0.85702	0.00427	0.00427	0.00213	0.00213
11	0.86201	0.00950	0.00722	0.00646	0.00950	0.01102	0.00532	0.01445	0.00836	0.02205	0.00684	0.00798	0.00532	0.00456	0.00304	0.00152	0.00380	0.00266	0.00304	0.00532
12	0.00634	0.00453	0.00611	0.00725	0.00769	0.00430	0.00518	0.00746	0.00976	0.01294	0.02689	0.68305	0.03173	0.01506	0.00637	0.00204	0.00316	0.15151	0.00456	0.00409

[dist]
# distance from previous block
# <min> <max>
8	10

[block]
# block no. 4 follows, 51 sequences, length 33
# corresponding to MSA columns:
# 225-257
name=unknown_E
#
# <colnr> <probs for GDERKNQSTAVLIFYWHMCP>
#	G	D	E	R	K	N	Q	S	T	A	V	L	I	F	Y	W	H	M	C	P
0	0.04941	0.13672	0.01420	0.00883	0.01284	0.00983	0.06508	0.03921	0.01074	0.04152	0.03137	0.01102	0.00834	0.00436	0.00439	0.00102	0.03976	0.00342	0.00297	0.50497
1	0.00603	0.00437	0.00561	0.00658	0.00698	0.00405	0.00439	0.00688	0.00946	0.01245	0.02870	0.70305	0.10741	0.06008	0.00726	0.00212	0.00292	0.01323	0.00447	0.00395
2	0.01314	0.83025	0.02575	0.00841	0.01261	0.01945	0.00841	0.01472	0.00999	0.01156	0.00683	0.00788	0.00631	0.00420	0.00315	0.00105	0.00526	0.00263	0.00210	0.00631
3	0.00614	0.00445	0.00585	0.00673	0.00716	0.00425	0.00457	0.00706	0.00927	0.01232	0.02671	0.64703	0.08409	0.06155	0.08543	0.00270	0.00394	0.01249	0.00429	0.00399
4	0.00581	0.00498	0.00498	0.00498	0.00664	0.00415	0.00373	0.00705	0.01120	0.01328	0.04978	0.04729	0.79464	0.01245	0.00581	0.00166	0.00249	0.01037	0.00456	0.00415
5	0.00595	0.00487	0.00527	0.00556	0.00692	0.00420	0.00412	0.00717	0.01085	0.01321	0.04405	0.20162	0.60371	0.01309	0.00595	0.00176	0.00267	0.05034	0.00456	0.00414
6	0.46783	0.00897	0.00919	0.00753	0.01093	0.00924	0.00621	0.01891	0.01104	0.38715	0.01273	0.01209	0.00853	0.00528	0.00393	0.00152	0.00398	0.00373	0.00447	0.00675
7	0.02051	0.01082	0.01293	0.00991	0.01377	0.01087	0.00819	0.36844	0.01818	0.44974	0.01593	0.01448	0.01043	0.00600	0.00493	0.00150	0.00474	0.00471	0.00555	0.00836
8	0.01314	0.83025	0.02575	0.00841	0.01261	0.01945	0.00841	0.01472	0.00999	0.01156	0.00683	0.00788	0.00631	0.00420	0.00315	0.00105	0.00526	0.00263	0.00210	0.00631
9	0.00833	0.00473	0.00516	0.00505	0.00624	0.00457	0.00379	0.01056	0.01137	0.01839	0.23649	0.02530	0.07114	0.00736	0.00425	0.00129	0.00231	0.00615	0.56294	0.00457
10	0.00691	0.00467	0.00543	0.00566	0.00571	0.00461	0.00329	0.00709	0.00760	0.01013	0.01780	0.19042	0.02079	0.66504	0.02127	0.00421	0.00438	0.00851	0.00329	0.00318
11	0.00703	0.00521	0.00762	0.00762	0.00841	0.00599	0.00580	0.00860	0.00782	0.01121	0.01341	0.02069	0.01289	0.12184	0.72366	0.00756	0.01226	0.00547	0.00267	0.00424
12	0.01289	0.76930	0.08452	0.00883	0.01327	0.01884	0.00915	0.01478	0.01001	0.01186	0.00698	0.00807	0.00630	0.00424	0.00327	0.00109	0.00541	0.00270	0.00210	0.00638
13	0.01046	0.00867	0.00991	0.00735	0.01132	0.00703	0.00586	0.05270	0.04565	0.01699	0.01176	0.01286	0.04550	0.00443	0.00386	0.00088	0.00361	0.00356	0.05037	0.68724
14	0.05755	0.01255	0.01341	0.01053	0.01408	0.01393	0.00864	0.63827	0.04844	0.02850	0.01213	0.01257	0.00887	0.00757	0.04924	0.00182	0.00556	0.00443	0.04410	0.00780
15	0.00723	0.06751	0.00775	0.00615	0.00762	0.00567	0.00477	0.00931	0.01315	0.01799	0.60710	0.03634	0.17136	0.01001	0.00560	0.00153	0.00257	0.00867	0.00501	0.00468
16	0.00715	0.00476	0.00536	0.00536	0.00536	0.00476	0.00298	0.00715	0.00715	0.00953	0.01548	0.03216	0.01787	0.82729	0.02501	0.00476	0.00476	0.00715	0.00298	0.00298
17	0.00986	0.02542	0.80183	0.01401	0.02127	0.01141	0.01816	0.01556	0.01038	0.01556	0.00882	0.01038	0.00623	0.00467	0.00467	0.00156	0.00726	0.00363	0.00208	0.00726
18	0.01238	0.64338	0.20595	0.00971	0.01462	0.01758	0.01067	0.01491	0.01008	0.01249	0.00729	0.00846	0.00629	0.00431	0.00351	0.00117	0.00572	0.00286	0.00210	0.00653
19	0.00604	0.00499	0.00530	0.00522	0.00678	0.00425	0.00391	0.00750	0.01174	0.01456	0.19852	0.04518	0.64511	0.01197	0.00581	0.00164	0.00246	0.01007	0.00473	0.00425
20	0.00609	0.00457	0.00565	0.00626	0.00703	0.00413	0.00436	0.00727	0.01056	0.01383	0.14988	0.50313	0.23174	0.01382	0.00608	0.00184	0.00268	0.01226	0.00469	0.00413
21	0.00945	0.00653	0.00805	0.00709	0.00880	0.00640	0.00548	0.12956	0.01534	0.05631	0.63806	0.03195	0.03894	0.00923	0.00562	0.00153	0.00288	0.00802	0.00536	0.00538
22	0.01314	0.01101	0.01163	0.01019	0.01313	0.01265	0.00800	0.13280	0.67959	0.02203	0.01884	0.01741	0.01406	0.00656	0.00499	0.00164	0.00410	0.00540	0.00499	0.00786
23	0.00659	0.00501	0.00606	0.00580	0.00712	0.00448	0.00435	0.00856	0.01304	0.01764	0.55473	0.04011	0.28697	0.01082	0.00580	0.00158	0.00237	0.00936	0.00514	0.00448
24	0.02011	0.01147	0.01333	0.01022	0.01409	0.01183	0.00844	0.45838	0.01926	0.35827	0.01503	0.01390	0.00998	0.00598	0.00493	0.00149	0.00489	0.00464	0.00541	0.00836
25	0.00715	0.00476	0.00536	0.00536	0.00536	0.00476	0.00298	0.00715	0.00715	0.00953	0.01548	0.03216	0.01787	0.82729	0.02501	0.00476	0.00476	0.00715	0.00298	0.00298
26	0.00599	0.00439	0.00563	0.00658	0.00707	0.00403	0.00446	0.00693	0.00975	0.01281	0.04805	0.70464	0.13188	0.01489	0.00620	0.00194	0.00279	0.01338	0.00458	0.00403
27	0.00599	0.00428	0.00570	0.00684	0.00713	0.00399	0.00456	0.00684	0.00941	0.01254	0.02709	0.82409	0.03250	0.01540	0.00627	0.00200	0.00285	0.01397	0.00456	0.00399
28	0.01081	0.09342	0.67581	0.01332	0.02007	0.01239	0.01665	0.07340	0.01131	0.01639	0.00887	0.01027	0.00639	0.00472	0.00456	0.00151	0.00695	0.00361	0.00229	0.00726
29	0.01262	0.00933	0.01386	0.43250	0.02390	0.01115	0.01130	0.04647	0.06972	0.16795	0.01142	0.01377	0.00835	0.00592	0.00677	0.00169	0.13915	0.00456	0.00326	0.00631
30	0.01864	0.02228	0.01374	0.01236	0.01499	0.74696	0.00932	0.01995	0.01394	0.07170	0.00849	0.00946	0.00677	0.00514	0.00447	0.00129	0.00851	0.00330	0.00280	0.00590
31	0.01155	0.00845	0.01043	0.06892	0.02666	0.00724	0.00671	0.01457	0.06560	0.11564	0.01213	0.05105	0.00987	0.00494	0.00413	0.00106	0.00388	0.00410	0.04597	0.52711
32	0.34146	0.04817	0.02574	0.01329	0.16927	0.02621	0.05093	0.09608	0.06567	0.10435	0.01032	0.01121	0.00773	0.00495	0.00415	0.00150	0.00488	0.00383	0.00348	0.00678

[dist]
# distance from previous block
# <min> <max>
0	4

[block]
# block no. 5 follows, 51 sequences, length 30
# corresponding to MSA columns:
# 262-291
name=unknown_F
#
# <colnr> <probs for GDERKNQSTAVLIFYWHMCP>
#	G	D	E	R	K	N	Q	S	T	A	V	L	I	F	Y	W	H	M	C	P
0	0.02080	0.00840	0.01114	0.00862	0.01228	0.00741	0.00709	0.05975	0.01432	0.70977	0.02105	0.01853	0.06440	0.00650	0.00500	0.00153	0.00413	0.00528	0.00592	0.00808
1	0.01174	0.01105	0.01771	0.14560	0.55297	0.01165	0.01367	0.01651	0.13814	0.01626	0.01093	0.01332	0.00878	0.00483	0.00489	0.00152	0.00563	0.00457	0.00282	0.00743
2	0.00715	0.00476	0.00536	0.00536	0.00536	0.00476	0.00298	0.00715	0.00715	0.00953	0.01548	0.03216	0.01787	0.82729	0.02501	0.00476	0.00476	0.00715	0.00298	0.00298
3	0.00588	0.00482	0.00518	0.00542	0.00676	0.00413	0.00394	0.00706	0.01087	0.01327	0.06314	0.21838	0.60806	0.01304	0.00591	0.00173	0.00256	0.01113	0.00458	0.00413
4	0.00804	0.00469	0.00507	0.00505	0.00562	0.00468	0.00326	0.00918	0.00889	0.01396	0.05269	0.02616	0.01685	0.41950	0.01441	0.00299	0.00354	0.00608	0.38558	0.00378
5	0.01437	0.01068	0.01162	0.01000	0.01307	0.01194	0.00791	0.12343	0.58526	0.12622	0.01886	0.01727	0.01376	0.00649	0.00498	0.00162	0.00412	0.00533	0.00513	0.00793
6	0.00702	0.00527	0.00790	0.00790	0.00878	0.00614	0.00614	0.00878	0.00790	0.01141	0.01316	0.01931	0.01229	0.03686	0.80782	0.00790	0.01316	0.00527	0.00263	0.00439
7	0.01160	0.01326	0.02900	0.02071	0.02568	0.01243	0.77879	0.01574	0.01160	0.01574	0.00994	0.01326	0.00746	0.00414	0.00580	0.00166	0.00829	0.00580	0.00249	0.00663
8	0.00978	0.02237	0.67192	0.01306	0.01938	0.01068	0.01626	0.03966	0.01098	0.01613	0.04871	0.04050	0.01021	0.00576	0.00489	0.00160	0.00668	0.04197	0.00253	0.00693
9	0.00928	0.00873	0.01474	0.81548	0.03385	0.01092	0.01365	0.01256	0.00983	0.01256	0.00873	0.01310	0.00655	0.00491	0.00491	0.00164	0.00655	0.00437	0.00218	0.00546
10	0.01868	0.01376	0.01475	0.01131	0.01524	0.01524	0.00934	0.78025	0.02311	0.03097	0.01180	0.01180	0.00836	0.00590	0.00492	0.00147	0.00541	0.00442	0.00492	0.00836
11	0.02090	0.01021	0.01255	0.00962	0.01347	0.00996	0.00795	0.28233	0.01715	0.53730	0.01679	0.01504	0.01086	0.00602	0.00493	0.00150	0.00460	0.00477	0.00568	0.00836
12	0.01314	0.83025	0.02575	0.00841	0.01261	0.01945	0.00841	0.01472	0.00999	0.01156	0.00683	0.00788	0.00631	0.00420	0.00315	0.00105	0.00526	0.00263	0.00210	0.00631
13	0.00837	0.00427	0.00636	0.00643	0.00645	0.00425	0.00429	0.00643	0.00660	0.00880	0.00978	0.06915	0.01014	0.01696	0.01834	0.79974	0.00417	0.00492	0.00230	0.00226
14	0.01484	0.01021	0.01080	0.00875	0.01160	0.01114	0.00708	0.45820	0.05632	0.02577	0.01377	0.01454	0.01026	0.00587	0.00437	0.00136	0.00418	0.00454	0.31948	0.00693
15	0.00595	0.00493	0.00505	0.00510	0.00653	0.00420	0.00369	0.00705	0.01073	0.01288	0.04544	0.07897	0.68562	0.09281	0.00772	0.00198	0.00273	0.01021	0.00441	0.00403
16	0.00992	0.02500	0.77541	0.01424	0.02142	0.01145	0.04416	0.01557	0.01042	0.01557	0.00886	0.01047	0.00627	0.00465	0.00471	0.00156	0.00730	0.00371	0.00209	0.00724
17	0.01914	0.01411	0.01253	0.01053	0.01354	0.29553	0.00832	0.02177	0.07872	0.39867	0.01434	0.01364	0.00993	0.00593	0.00551	0.00148	0.06038	0.00431	0.00445	0.00716
18	0.00599	0.00428	0.00570	0.00684	0.00713	0.00399	0.00456	0.00684	0.00941	0.01254	0.02709	0.82409	0.03250	0.01540	0.00627	0.00200	0.00285	0.01397	0.00456	0.00399
19	0.00599	0.00428	0.00570	0.00684	0.00713	0.00399	0.00456	0.00684	0.00941	0.01254	0.02709	0.82409	0.03250	0.01540	0.00627	0.00200	0.00285	0.01397	0.00456	0.00399
20	0.01216	0.01168	0.01995	0.03016	0.79664	0.01168	0.01508	0.01508	0.01119	0.01605	0.00924	0.01216	0.00778	0.00438	0.00487	0.00146	0.00584	0.00438	0.00243	0.00778
21	0.01216	0.01168	0.01995	0.03016	0.79664	0.01168	0.01508	0.01508	0.01119	0.01605	0.00924	0.01216	0.00778	0.00438	0.00487	0.00146	0.00584	0.00438	0.00243	0.00778
22	0.00854	0.00427	0.00640	0.00640	0.00640	0.00427	0.00427	0.00640	0.00640	0.00854	0.00854	0.01494	0.00854	0.01707	0.01921	0.85702	0.00427	0.00427	0.00213	0.00213
23	0.08480	0.17332	0.01949	0.04139	0.37727	0.14348	0.06317	0.01568	0.01116	0.01491	0.00833	0.01053	0.00700	0.00447	0.00437	0.00137	0.00623	0.00379	0.00243	0.00681
24	0.00599	0.00428	0.00570	0.00684	0.00713	0.00399	0.00456	0.00684	0.00941	0.01254	0.02709	0.82409	0.03250	0.01540	0.00627	0.00200	0.00285	0.01397	0.00456	0.00399
25	0.01030	0.00956	0.01732	0.15572	0.05773	0.00993	0.27507	0.01369	0.03667	0.04137	0.15091	0.03389	0.01626	0.00655	0.00627	0.00167	0.06661	0.04358	0.04102	0.00588
26	0.01528	0.00692	0.00826	0.00687	0.00935	0.00658	0.00550	0.08255	0.01295	0.34105	0.01705	0.01711	0.01205	0.00589	0.00418	0.00133	0.00334	0.00472	0.43256	0.00646
27	0.01252	0.00977	0.01095	0.14099	0.01492	0.07633	0.00800	0.23284	0.01466	0.07853	0.08790	0.21044	0.06403	0.00871	0.00533	0.00163	0.00473	0.00738	0.00430	0.00603
28	0.01122	0.01095	0.01126	0.01028	0.06423	0.15957	0.04115	0.05730	0.02582	0.01647	0.16690	0.06704	0.08276	0.00686	0.00483	0.00129	0.00469	0.00577	0.00366	0.24796
29	0.00603	0.00499	0.00529	0.00522	0.00678	0.00424	0.00391	0.00749	0.01174	0.01454	0.19646	0.04521	0.64718	0.01197	0.00581	0.00164	0.00246	0.01008	0.00473	0.00424

[dist]
# distance from previous block
# <min> <max>
0	2

[block]
# block no. 6 follows, 51 sequences, length 30
# corresponding to MSA columns:
# 294-323
name=unknown_G
#
# <colnr> <probs for GDERKNQSTAVLIFYWHMCP>
#	G	D	E	R	K	N	Q	S	T	A	V	L	I	F	Y	W	H	M	C	P
0	0.01680	0.13574	0.04385	0.01107	0.01462	0.25869	0.00928	0.36786	0.01731	0.02086	0.01162	0.01209	0.04756	0.00569	0.00455	0.00136	0.00636	0.00405	0.00365	0.00699
1	0.00867	0.00642	0.00784	0.00810	0.00937	0.00653	0.00624	0.12228	0.05497	0.01629	0.02579	0.40940	0.08107	0.01285	0.00610	0.00195	0.00368	0.20282	0.00463	0.00499
2	0.01283	0.52031	0.23782	0.01031	0.01528	0.04504	0.01120	0.07134	0.01120	0.01410	0.00777	0.00889	0.00644	0.00449	0.00374	0.00123	0.00595	0.00305	0.00232	0.00670
3	0.07650	0.31203	0.07921	0.00983	0.01342	0.19919	0.00892	0.09373	0.01210	0.01542	0.00839	0.00965	0.00693	0.00488	0.00425	0.00125	0.03507	0.00323	0.06268	0.04330
4	0.00602	0.00480	0.00535	0.00561	0.00680	0.00418	0.00403	0.00725	0.01092	0.01369	0.12541	0.24663	0.49107	0.03752	0.00651	0.00183	0.00263	0.01104	0.00461	0.00413
5	0.53817	0.01309	0.06549	0.00867	0.01212	0.10507	0.00750	0.16502	0.01204	0.02217	0.00804	0.00900	0.00610	0.00489	0.00369	0.00148	0.00495	0.00313	0.00328	0.00610
6	0.01269	0.01356	0.14476	0.08026	0.51558	0.01146	0.01457	0.05936	0.01185	0.07416	0.01003	0.01226	0.00780	0.00468	0.00485	0.00149	0.00597	0.00430	0.00277	0.00761
7	0.09318	0.23310	0.24427	0.01059	0.01522	0.02589	0.04323	0.07232	0.01161	0.13111	0.01119	0.06798	0.00910	0.00557	0.00433	0.00144	0.00557	0.00434	0.00317	0.00678
8	0.01338	0.00941	0.01053	0.00903	0.01144	0.01007	0.00704	0.37429	0.06808	0.05671	0.04860	0.24801	0.01791	0.02521	0.00564	0.00168	0.00416	0.00751	0.06474	0.00654
9	0.73962	0.06972	0.00879	0.00666	0.00988	0.01133	0.00558	0.01432	0.00861	0.02085	0.00698	0.00813	0.00553	0.00447	0.00309	0.00143	0.00390	0.00268	0.00296	0.06545
10	0.00646	0.00500	0.00588	0.00566	0.00704	0.00442	0.00424	0.00831	0.01273	0.01691	0.47063	0.04131	0.37153	0.01109	0.00580	0.00160	0.00239	0.00953	0.00504	0.00442
11	0.01327	0.70325	0.08959	0.00909	0.01353	0.01847	0.00929	0.07101	0.01098	0.01332	0.00736	0.00838	0.00645	0.00437	0.00341	0.00112	0.00543	0.00284	0.00231	0.00654
12	0.00739	0.00564	0.00698	0.00691	0.00833	0.00502	0.00501	0.03608	0.01088	0.01497	0.13201	0.44716	0.09232	0.01186	0.00565	0.00166	0.00304	0.03467	0.00439	0.16003
13	0.01034	0.06679	0.01591	0.07325	0.12954	0.00961	0.17674	0.07316	0.01159	0.03344	0.03273	0.27857	0.01740	0.00861	0.00552	0.00170	0.00521	0.04049	0.00353	0.00588
14	0.01057	0.20858	0.56623	0.07158	0.02021	0.01322	0.01559	0.01515	0.01025	0.01443	0.00836	0.01000	0.00627	0.00458	0.00434	0.00145	0.00675	0.00346	0.00209	0.00691
15	0.00651	0.00471	0.00574	0.00633	0.00683	0.00447	0.00419	0.02285	0.00939	0.01230	0.02712	0.49243	0.14006	0.20704	0.02434	0.00269	0.00348	0.01148	0.00416	0.00387
16	0.00762	0.00551	0.00753	0.00857	0.00969	0.00543	0.00736	0.00971	0.01118	0.01445	0.02807	0.10354	0.09239	0.01360	0.00667	0.00220	0.00425	0.65325	0.00453	0.00446
17	0.68541	0.01227	0.09813	0.00781	0.01132	0.06712	0.00712	0.01517	0.00912	0.03937	0.00742	0.00853	0.00566	0.00465	0.00337	0.00151	0.00456	0.00286	0.00297	0.00564
18	0.50541	0.01426	0.01115	0.00959	0.01265	0.25861	0.06130	0.04767	0.01093	0.01886	0.00750	0.00878	0.00591	0.00474	0.00374	0.00145	0.00575	0.00311	0.00292	0.00566
19	0.01075	0.01075	0.01505	0.01290	0.01290	0.01505	0.01075	0.01183	0.00753	0.01183	0.00645	0.01075	0.00645	0.00860	0.01613	0.00215	0.81830	0.00430	0.00215	0.00538
20	0.01142	0.00972	0.01042	0.00947	0.01198	0.01109	0.00732	0.02357	0.67478	0.02019	0.10644	0.04814	0.01910	0.00734	0.00513	0.00166	0.00368	0.00622	0.00503	0.00730
21	0.00589	0.00498	0.00509	0.00506	0.00669	0.00418	0.00380	0.00721	0.01139	0.01372	0.10108	0.04656	0.74307	0.01228	0.00581	0.00165	0.00248	0.01027	0.00462	0.00418
22	0.01009	0.00980	0.01378	0.01203	0.01216	0.01349	0.00993	0.01126	0.00763	0.01178	0.00793	0.03159	0.00793	0.01288	0.13132	0.00298	0.68127	0.00467	0.00228	0.00520
23	0.00608	0.00434	0.00580	0.00694	0.00727	0.00407	0.00472	0.00700	0.00950	0.01265	0.02704	0.78849	0.03231	0.01531	0.00630	0.00201	0.00293	0.04868	0.00456	0.00402
24	0.00600	0.00437	0.00565	0.00663	0.00708	0.00403	0.00448	0.00693	0.00972	0.01282	0.05039	0.72190	0.11204	0.01494	0.00621	0.00195	0.00280	0.01346	0.00459	0.00403
25	0.00986	0.02542	0.80183	0.01401	0.02127	0.01141	0.01816	0.01556	0.01038	0.01556	0.00882	0.01038	0.00623	0.00467	0.00467	0.00156	0.00726	0.00363	0.00208	0.00726
26	0.00607	0.00496	0.00517	0.00514	0.00656	0.00426	0.00374	0.00728	0.01101	0.01348	0.11799	0.04458	0.63574	0.10295	0.00795	0.00199	0.00273	0.00987	0.00447	0.00407
27	0.01072	0.00888	0.00984	0.00899	0.01119	0.01003	0.00693	0.03859	0.52019	0.01917	0.14384	0.02236	0.01993	0.04613	0.08810	0.00242	0.00467	0.01661	0.00473	0.00668
28	0.00963	0.00897	0.01509	0.47130	0.23653	0.01015	0.02633	0.01247	0.01017	0.01356	0.01155	0.13042	0.01066	0.00627	0.00511	0.00164	0.00585	0.00579	0.00260	0.00590
29	0.01065	0.01324	0.20025	0.05977	0.13924	0.02049	0.06480	0.09078	0.06941	0.02637	0.07781	0.03042	0.14474	0.00678	0.00512	0.00156	0.00527	0.00587	0.02093	0.00651

[dist]
# distance from previous block
# <min> <max>
0	10

# created by:
# /st0/software/busco_prod/Augustus/scripts/msa2prfl.pl ./align_prep/50147.fa
