[name]
unknown

[dist]
# distance from previous block
# <min> <max>
6	327

[block]
# block no. 0 follows, 48 sequences, length 26
# corresponding to MSA columns:
# 385-410
name=unknown_A
#
# <colnr> <probs for GDERKNQSTAVLIFYWHMCP>
#	G	D	E	R	K	N	Q	S	T	A	V	L	I	F	Y	W	H	M	C	P
0	0.13709	0.00901	0.01182	0.03705	0.01313	0.00943	0.08805	0.13225	0.03729	0.09251	0.13519	0.12709	0.04235	0.03921	0.01601	0.00193	0.02844	0.03163	0.00441	0.00612
1	0.36434	0.01061	0.01100	0.00912	0.01219	0.06267	0.03309	0.04098	0.01172	0.25365	0.04575	0.01325	0.01009	0.00596	0.00540	0.00163	0.07768	0.00418	0.02004	0.00665
2	0.13284	0.01185	0.01988	0.07111	0.02050	0.01219	0.35314	0.06217	0.14410	0.07202	0.01255	0.01434	0.00933	0.00634	0.03315	0.00192	0.00678	0.00528	0.00352	0.00700
3	0.03698	0.06228	0.03973	0.03263	0.01373	0.03685	0.05644	0.01429	0.04502	0.07069	0.07846	0.06364	0.01327	0.00801	0.01004	0.00186	0.34741	0.00552	0.05716	0.00596
4	0.04205	0.11622	0.36872	0.01341	0.06455	0.01219	0.03808	0.01853	0.09498	0.14144	0.01250	0.01393	0.00926	0.00550	0.00482	0.00158	0.00617	0.02517	0.00332	0.00757
5	0.07482	0.35261	0.09277	0.01016	0.01448	0.09400	0.03194	0.09622	0.01240	0.03955	0.00929	0.03238	0.00784	0.00505	0.00406	0.00127	0.00576	0.00364	0.00293	0.10882
6	0.00965	0.07560	0.21860	0.00923	0.01308	0.00854	0.03082	0.01292	0.03982	0.06869	0.02985	0.03075	0.34793	0.00899	0.00542	0.00165	0.00465	0.04657	0.00388	0.03337
7	0.01095	0.01142	0.11356	0.00939	0.01348	0.00863	0.02984	0.09983	0.06238	0.01835	0.03964	0.07433	0.07044	0.00652	0.00479	0.00130	0.00450	0.02753	0.00368	0.38944
8	0.00790	0.00624	0.00796	0.00790	0.00869	0.04207	0.00585	0.00931	0.00836	0.01151	0.01401	0.02258	0.01381	0.20704	0.59496	0.00722	0.01163	0.00583	0.00282	0.00432
9	0.01077	0.02317	0.59055	0.01648	0.02343	0.01220	0.21811	0.01630	0.01117	0.01630	0.00952	0.01163	0.00684	0.00473	0.00519	0.00165	0.00787	0.00439	0.00228	0.00741
10	0.01447	0.30451	0.01746	0.00926	0.01334	0.12991	0.00799	0.04924	0.01204	0.08121	0.00928	0.01023	0.00756	0.00463	0.00411	0.00109	0.01755	0.00325	0.00304	0.29983
11	0.11643	0.00744	0.00892	0.00760	0.00999	0.00723	0.00601	0.07442	0.01461	0.22034	0.43145	0.02722	0.03082	0.00838	0.00540	0.00160	0.00337	0.00705	0.00549	0.00624
12	0.01516	0.15113	0.18964	0.01123	0.03467	0.02353	0.01068	0.08025	0.14645	0.20237	0.01433	0.03759	0.01068	0.00589	0.00476	0.00151	0.00537	0.00466	0.00407	0.04603
13	0.10420	0.22980	0.01719	0.01146	0.03578	0.27876	0.02017	0.11132	0.11422	0.01729	0.00996	0.01073	0.00800	0.00529	0.00430	0.00138	0.00649	0.00367	0.00322	0.00678
14	0.00611	0.00517	0.00528	0.00531	0.00697	0.00434	0.00396	0.00743	0.01172	0.01406	0.07603	0.07778	0.73230	0.01303	0.00608	0.00174	0.00261	0.01092	0.00479	0.00434
15	0.00956	0.00478	0.00478	0.00478	0.00598	0.00478	0.00359	0.01196	0.01076	0.01913	0.01674	0.01913	0.01315	0.00598	0.00359	0.00120	0.00239	0.00478	0.84816	0.00478
16	0.01347	0.25022	0.25147	0.01449	0.05816	0.07705	0.13781	0.08415	0.01248	0.02996	0.00917	0.01081	0.00714	0.00486	0.00481	0.00146	0.01869	0.00397	0.00264	0.00718
17	0.01158	0.01087	0.02994	0.24151	0.21729	0.01190	0.01186	0.01937	0.32177	0.01751	0.01560	0.01690	0.03944	0.00601	0.00518	0.00167	0.00538	0.00528	0.00363	0.00729
18	0.00956	0.00478	0.00478	0.00478	0.00598	0.00478	0.00359	0.01196	0.01076	0.01913	0.01674	0.01913	0.01315	0.00598	0.00359	0.00120	0.00239	0.00478	0.84816	0.00478
19	0.01203	0.01003	0.00977	0.00894	0.01110	0.11774	0.00684	0.03090	0.23992	0.08885	0.23440	0.10144	0.07618	0.00903	0.00558	0.00167	0.00419	0.02010	0.00500	0.00629
20	0.00956	0.00478	0.00478	0.00478	0.00598	0.00478	0.00359	0.01196	0.01076	0.01913	0.01674	0.01913	0.01315	0.00598	0.00359	0.00120	0.00239	0.00478	0.84816	0.00478
21	0.02351	0.00806	0.00987	0.04591	0.01191	0.03694	0.04561	0.05683	0.16173	0.01748	0.14315	0.30561	0.04775	0.01096	0.00593	0.00185	0.00406	0.05252	0.00468	0.00564
22	0.02843	0.04370	0.03093	0.02157	0.01352	0.08714	0.05819	0.21482	0.06885	0.07223	0.13677	0.02367	0.16276	0.00784	0.00536	0.00158	0.00496	0.00646	0.00456	0.00666
23	0.01693	0.01036	0.04668	0.09427	0.05484	0.03062	0.00909	0.09204	0.07629	0.36572	0.13084	0.01906	0.01659	0.00669	0.00526	0.00160	0.00480	0.00557	0.00513	0.00763
24	0.01577	0.01874	0.01882	0.03178	0.04185	0.41926	0.20739	0.03560	0.02655	0.01441	0.00888	0.01113	0.00721	0.00541	0.00630	0.00154	0.09263	0.00427	0.00269	0.02977
25	0.11925	0.27191	0.11218	0.09287	0.07667	0.01408	0.04848	0.03696	0.04621	0.10730	0.02308	0.01192	0.00853	0.00508	0.00433	0.00146	0.00565	0.00395	0.00313	0.00697

[dist]
# distance from previous block
# <min> <max>
1	8

[block]
# block no. 1 follows, 48 sequences, length 21
# corresponding to MSA columns:
# 419-433,460-465
name=unknown_B
#
# <colnr> <probs for GDERKNQSTAVLIFYWHMCP>
#	G	D	E	R	K	N	Q	S	T	A	V	L	I	F	Y	W	H	M	C	P
0	0.08767	0.00955	0.01089	0.01026	0.05040	0.01038	0.00758	0.16271	0.21890	0.08470	0.01840	0.09556	0.04245	0.06486	0.08085	0.00254	0.00531	0.02565	0.00454	0.00680
1	0.00954	0.00877	0.01144	0.01048	0.01112	0.03809	0.00835	0.01154	0.04698	0.01271	0.01358	0.07867	0.04192	0.04269	0.28515	0.00431	0.35063	0.00597	0.00290	0.00516
2	0.01129	0.26044	0.01749	0.01022	0.01255	0.01296	0.10696	0.06112	0.01014	0.01328	0.01103	0.01840	0.01109	0.27771	0.03424	0.00285	0.11488	0.00518	0.00276	0.00542
3	0.01063	0.00979	0.00924	0.00907	0.01079	0.12293	0.00676	0.05281	0.21820	0.01643	0.02491	0.32499	0.10090	0.01114	0.00582	0.00183	0.00437	0.04903	0.00459	0.00576
4	0.00624	0.00452	0.00590	0.00700	0.00741	0.00418	0.00470	0.00716	0.00996	0.01315	0.03000	0.76065	0.08851	0.01585	0.00651	0.00206	0.00295	0.01431	0.00476	0.00418
5	0.01572	0.53431	0.02256	0.01019	0.01414	0.19486	0.00917	0.11826	0.01320	0.01491	0.00801	0.00901	0.00688	0.00483	0.00384	0.00121	0.00636	0.00312	0.00269	0.00673
6	0.00956	0.00478	0.00478	0.00478	0.00598	0.00478	0.00359	0.01196	0.01076	0.01913	0.01674	0.01913	0.01315	0.00598	0.00359	0.00120	0.00239	0.00478	0.84816	0.00478
7	0.01792	0.04619	0.01439	0.01091	0.01468	0.01408	0.00896	0.46561	0.18523	0.12348	0.03522	0.01495	0.01167	0.00640	0.00510	0.00157	0.00505	0.00499	0.00520	0.00841
8	0.00996	0.00771	0.01075	0.20302	0.03467	0.00839	0.00914	0.06851	0.07397	0.03811	0.13263	0.10669	0.02364	0.01001	0.00602	0.00192	0.00477	0.24007	0.00433	0.00568
9	0.01225	0.01197	0.01985	0.19100	0.58290	0.03515	0.04159	0.01537	0.01149	0.01587	0.00952	0.01284	0.00780	0.00470	0.00511	0.00156	0.00643	0.00458	0.00249	0.00752
10	0.14352	0.08493	0.01500	0.08766	0.06393	0.45610	0.00992	0.05483	0.01322	0.01537	0.00818	0.00981	0.00667	0.00512	0.00440	0.00140	0.00755	0.00344	0.00277	0.00619
11	0.00708	0.00484	0.00582	0.00619	0.00632	0.00479	0.00376	0.00744	0.00822	0.01100	0.01978	0.27340	0.02310	0.53921	0.05342	0.00423	0.00474	0.00957	0.00360	0.00350
12	0.02773	0.01607	0.25875	0.10444	0.19786	0.01161	0.17507	0.01628	0.03136	0.05858	0.04489	0.01395	0.00960	0.00510	0.00524	0.00163	0.00683	0.00488	0.00283	0.00728
13	0.01127	0.01137	0.01525	0.06457	0.01476	0.04976	0.01111	0.01259	0.00833	0.01238	0.00731	0.01177	0.00706	0.01013	0.05701	0.00249	0.68046	0.00450	0.00229	0.00558
14	0.00675	0.00538	0.00618	0.00660	0.00809	0.00481	0.00528	0.00836	0.01164	0.01428	0.04318	0.09027	0.51586	0.01351	0.00640	0.00194	0.00327	0.23900	0.00475	0.00444
15	0.00642	0.00468	0.00576	0.00653	0.00704	0.00433	0.00433	0.00724	0.00977	0.01272	0.03060	0.54677	0.16855	0.14859	0.00970	0.00250	0.00324	0.01272	0.00449	0.00402
16	0.08590	0.04581	0.01251	0.00916	0.01309	0.02773	0.00760	0.07851	0.01457	0.59062	0.01731	0.01549	0.01123	0.00600	0.00485	0.00152	0.00457	0.00470	0.00561	0.04321
17	0.05302	0.03777	0.03756	0.43316	0.11483	0.10375	0.01260	0.08052	0.01215	0.01572	0.01107	0.01401	0.04166	0.00547	0.00495	0.00160	0.00658	0.00453	0.00275	0.00629
18	0.00891	0.00446	0.00668	0.00668	0.00668	0.00446	0.00446	0.00668	0.00668	0.00891	0.00891	0.01560	0.00891	0.01783	0.02005	0.85071	0.00446	0.00446	0.00223	0.00223
19	0.01064	0.00912	0.01064	0.00760	0.01216	0.00684	0.00608	0.01292	0.01064	0.01672	0.00912	0.01064	0.00760	0.00380	0.00380	0.00076	0.00380	0.00304	0.00304	0.85104
20	0.01277	0.08527	0.28894	0.01230	0.02894	0.03270	0.06870	0.04064	0.11967	0.10522	0.06883	0.01565	0.02993	0.00582	0.00495	0.00153	0.00585	0.00484	0.00358	0.06386

[dist]
# distance from previous block
# <min> <max>
0	1

[block]
# block no. 2 follows, 48 sequences, length 6
# corresponding to MSA columns:
# 467-472
name=unknown_C
#
# <colnr> <probs for GDERKNQSTAVLIFYWHMCP>
#	G	D	E	R	K	N	Q	S	T	A	V	L	I	F	Y	W	H	M	C	P
0	0.03199	0.06832	0.33663	0.11814	0.05665	0.01215	0.10024	0.06056	0.01184	0.01686	0.06144	0.01544	0.01070	0.00583	0.00557	0.00166	0.03815	0.03816	0.00280	0.00686
1	0.00732	0.00501	0.00584	0.00607	0.00629	0.00493	0.00376	0.00768	0.00831	0.01095	0.02030	0.12269	0.06153	0.62180	0.02133	0.00427	0.00461	0.07039	0.00351	0.00342
2	0.35108	0.17799	0.07126	0.04451	0.01342	0.07451	0.00823	0.06326	0.04741	0.01913	0.05502	0.01254	0.03231	0.00552	0.00400	0.00149	0.00507	0.00384	0.00323	0.00620
3	0.01577	0.12273	0.01502	0.04169	0.06436	0.12341	0.00904	0.11291	0.21539	0.14198	0.01595	0.01568	0.04626	0.00614	0.00484	0.00150	0.00539	0.00481	0.00425	0.03288
4	0.04732	0.06098	0.06889	0.01325	0.01706	0.18615	0.17401	0.11032	0.08175	0.04505	0.03709	0.01465	0.04442	0.00584	0.00543	0.00153	0.03331	0.00488	0.00346	0.04462
5	0.01484	0.17675	0.07826	0.01268	0.01624	0.08258	0.13058	0.06133	0.04205	0.14735	0.01174	0.04489	0.00942	0.00628	0.00688	0.00162	0.14134	0.00481	0.00340	0.00695

[dist]
# distance from previous block
# <min> <max>
0	6

[block]
# block no. 3 follows, 48 sequences, length 64
# corresponding to MSA columns:
# 479-497,502-546
name=unknown_D
#
# <colnr> <probs for GDERKNQSTAVLIFYWHMCP>
#	G	D	E	R	K	N	Q	S	T	A	V	L	I	F	Y	W	H	M	C	P
0	0.01087	0.00993	0.01224	0.19051	0.01744	0.07616	0.05133	0.08446	0.09384	0.01707	0.11205	0.05837	0.11158	0.02079	0.00636	0.00181	0.03382	0.08154	0.00397	0.00585
1	0.01018	0.07088	0.61678	0.01339	0.01991	0.01163	0.03995	0.01553	0.02775	0.01615	0.04705	0.01485	0.06254	0.00569	0.00496	0.00161	0.00684	0.00458	0.00258	0.00717
2	0.00615	0.00513	0.00537	0.00546	0.00702	0.00434	0.00404	0.00747	0.01166	0.01416	0.09041	0.12592	0.66893	0.01317	0.00611	0.00176	0.00263	0.01112	0.00481	0.00434
3	0.00701	0.00521	0.00652	0.00625	0.00752	0.00472	0.00467	0.00917	0.01384	0.01908	0.62409	0.06933	0.18130	0.01115	0.00607	0.00165	0.00247	0.00976	0.00546	0.00472
4	0.01259	0.00654	0.00864	0.00787	0.00966	0.00623	0.00593	0.04261	0.01195	0.26325	0.10589	0.21119	0.02269	0.12318	0.11989	0.00311	0.00528	0.02281	0.00488	0.00580
5	0.01601	0.01214	0.01303	0.01052	0.01392	0.01332	0.00850	0.50709	0.15123	0.02744	0.05215	0.04882	0.08752	0.00752	0.00533	0.00162	0.00484	0.00601	0.00512	0.00785
6	0.00708	0.00503	0.00673	0.00732	0.00781	0.00515	0.00520	0.00816	0.00908	0.01229	0.02146	0.32631	0.02426	0.22202	0.21104	0.00439	0.00640	0.10233	0.00384	0.00408
7	0.01951	0.01437	0.01540	0.01181	0.01591	0.01591	0.00975	0.77056	0.02412	0.03234	0.01232	0.01232	0.00873	0.00616	0.00513	0.00154	0.00565	0.00462	0.00513	0.00873
8	0.60271	0.00863	0.00760	0.03528	0.01021	0.00987	0.00572	0.01322	0.00881	0.01975	0.01058	0.05972	0.01001	0.09416	0.05353	0.00241	0.00474	0.03468	0.00326	0.00513
9	0.01919	0.02388	0.01459	0.01314	0.01587	0.75468	0.00990	0.06300	0.01508	0.01368	0.00818	0.00943	0.00673	0.00534	0.00466	0.00133	0.00905	0.00338	0.00278	0.00611
10	0.01487	0.09418	0.04837	0.16199	0.10183	0.24890	0.04451	0.04426	0.09198	0.06276	0.01069	0.01228	0.00827	0.00526	0.00480	0.00148	0.00690	0.00417	0.00309	0.02941
11	0.00610	0.00505	0.00535	0.00560	0.00704	0.00430	0.00408	0.00732	0.01131	0.01370	0.04711	0.20705	0.63106	0.01363	0.00616	0.00180	0.00268	0.01160	0.00476	0.00430
12	0.08916	0.08753	0.09796	0.10661	0.19576	0.09188	0.07078	0.01633	0.08019	0.01637	0.03395	0.01585	0.03447	0.00576	0.00491	0.00158	0.00615	0.03502	0.00300	0.00675
13	0.00992	0.00855	0.01009	0.10901	0.06350	0.06418	0.00766	0.07583	0.08670	0.01620	0.08407	0.33557	0.03981	0.05649	0.00695	0.00198	0.00450	0.00926	0.00421	0.00551
14	0.00625	0.00447	0.00595	0.00714	0.00744	0.00417	0.00476	0.00714	0.00982	0.01310	0.02828	0.81633	0.03394	0.01608	0.00655	0.00208	0.00298	0.01459	0.00476	0.00417
15	0.01228	0.01432	0.06557	0.02101	0.02628	0.01280	0.71620	0.01663	0.01211	0.03444	0.01055	0.01378	0.00784	0.00440	0.00598	0.00172	0.00850	0.00593	0.00266	0.00699
16	0.01211	0.01384	0.03028	0.02163	0.02682	0.01298	0.76903	0.01644	0.01211	0.01644	0.01038	0.01384	0.00779	0.00433	0.00606	0.00173	0.00865	0.00606	0.00260	0.00692
17	0.00638	0.00454	0.00603	0.00717	0.00749	0.00427	0.00483	0.00730	0.00980	0.01305	0.02770	0.75181	0.03309	0.05129	0.00743	0.00222	0.00313	0.04362	0.00469	0.00414
18	0.01064	0.00912	0.01064	0.00760	0.01216	0.00684	0.00608	0.01292	0.01064	0.01672	0.00912	0.01064	0.00760	0.00380	0.00380	0.00076	0.00380	0.00304	0.00304	0.85104
19	0.02029	0.00997	0.01237	0.00958	0.01353	0.00944	0.00785	0.15436	0.08859	0.51403	0.01789	0.01610	0.01182	0.00614	0.00504	0.00152	0.00451	0.00493	0.00573	0.08633
20	0.01276	0.01102	0.01160	0.01044	0.01334	0.01276	0.00812	0.02727	0.77840	0.02146	0.02088	0.01914	0.01566	0.00696	0.00522	0.00174	0.00406	0.00580	0.00522	0.00812
21	0.01608	0.21462	0.06096	0.07012	0.03852	0.46320	0.01044	0.01794	0.01286	0.01285	0.00934	0.01078	0.03123	0.00526	0.00441	0.00133	0.00778	0.00356	0.00255	0.00619
22	0.05273	0.01013	0.01182	0.00954	0.01318	0.05284	0.00772	0.02484	0.17194	0.55958	0.01919	0.01700	0.01270	0.00636	0.00507	0.00160	0.00456	0.00510	0.00579	0.00833
23	0.01446	0.05655	0.01364	0.01093	0.02620	0.02992	0.04141	0.13890	0.40560	0.09870	0.09214	0.01862	0.01631	0.00679	0.00520	0.00163	0.00461	0.00566	0.00498	0.00777
24	0.00633	0.00452	0.00602	0.00709	0.00746	0.00422	0.00477	0.00733	0.01017	0.01365	0.08397	0.75907	0.03500	0.01566	0.00651	0.00205	0.00294	0.01420	0.00483	0.00422
25	0.01037	0.00814	0.00932	0.00845	0.01027	0.00887	0.00638	0.08960	0.26915	0.01964	0.26183	0.05889	0.02623	0.12398	0.04665	0.00247	0.02152	0.00734	0.00485	0.00605
26	0.00721	0.00487	0.00567	0.00592	0.00599	0.00480	0.00346	0.00739	0.00796	0.01061	0.01873	0.19895	0.02188	0.64990	0.02198	0.00436	0.00455	0.00897	0.00346	0.00333
27	0.01851	0.01310	0.01427	0.01125	0.01510	0.01440	0.00919	0.54214	0.17582	0.10948	0.01488	0.01424	0.01055	0.00634	0.00515	0.00159	0.00519	0.00492	0.00528	0.00860
28	0.00956	0.00478	0.00478	0.00478	0.00598	0.00478	0.00359	0.01196	0.01076	0.01913	0.01674	0.01913	0.01315	0.00598	0.00359	0.00120	0.00239	0.00478	0.84816	0.00478
29	0.01032	0.00972	0.01502	0.72929	0.03312	0.04132	0.01362	0.03477	0.01083	0.01382	0.00941	0.01364	0.00708	0.00519	0.00506	0.00167	0.00676	0.00452	0.02906	0.00577
30	0.01123	0.01123	0.01572	0.01347	0.01347	0.01572	0.01123	0.01235	0.00786	0.01235	0.00674	0.01123	0.00674	0.00898	0.01684	0.00225	0.81028	0.00449	0.00225	0.00561
31	0.00956	0.00478	0.00478	0.00478	0.00598	0.00478	0.00359	0.01196	0.01076	0.01913	0.01674	0.01913	0.01315	0.00598	0.00359	0.00120	0.00239	0.00478	0.84816	0.00478
32	0.35974	0.01503	0.03051	0.02584	0.11082	0.21701	0.07833	0.07595	0.01219	0.01935	0.00844	0.01007	0.00664	0.00495	0.00427	0.00152	0.00629	0.00363	0.00302	0.00640
33	0.00626	0.00486	0.00571	0.00636	0.00735	0.00432	0.00452	0.00740	0.01077	0.01355	0.03905	0.43243	0.37679	0.01458	0.00635	0.00194	0.00288	0.04584	0.00476	0.00427
34	0.03326	0.08758	0.11687	0.01789	0.19280	0.01264	0.19103	0.07728	0.08907	0.03429	0.01410	0.01673	0.05342	0.00579	0.00523	0.00162	0.00625	0.03362	0.00326	0.00729
35	0.01376	0.13082	0.10152	0.05306	0.06286	0.07651	0.19246	0.16248	0.03790	0.01814	0.01025	0.01243	0.00805	0.00723	0.05369	0.00196	0.04218	0.00458	0.00305	0.00706
36	0.00650	0.00472	0.00609	0.00695	0.00752	0.00438	0.00482	0.00764	0.01051	0.01396	0.10913	0.58677	0.10776	0.04702	0.00726	0.00213	0.00306	0.05476	0.00479	0.00424
37	0.01667	0.05750	0.04572	0.01539	0.02009	0.01168	0.36643	0.08599	0.01395	0.29247	0.01383	0.01459	0.00951	0.00523	0.00547	0.00162	0.00666	0.00536	0.00412	0.00772
38	0.12015	0.01217	0.06967	0.00985	0.01353	0.06007	0.00849	0.19121	0.05867	0.27756	0.11144	0.01688	0.01473	0.00649	0.00497	0.00157	0.00489	0.00508	0.00499	0.00756
39	0.28033	0.00955	0.01026	0.00803	0.01166	0.00925	0.00654	0.01456	0.01010	0.08309	0.00919	0.01054	0.00729	0.00482	0.00498	0.00124	0.08240	0.00328	0.00328	0.42962
40	0.01150	0.00676	0.00847	0.00826	0.00993	0.00665	0.00608	0.01531	0.16111	0.19904	0.02493	0.47138	0.02534	0.01199	0.00596	0.00190	0.00352	0.01064	0.00523	0.00602
41	0.00746	0.00497	0.00560	0.00560	0.00560	0.00497	0.00311	0.00746	0.00746	0.00995	0.01617	0.03358	0.01865	0.81967	0.02612	0.00497	0.00497	0.00746	0.00311	0.00311
42	0.00724	0.00556	0.00714	0.00822	0.03322	0.00521	0.00629	0.00895	0.01135	0.01442	0.03523	0.21342	0.28500	0.01387	0.00657	0.00206	0.00368	0.32330	0.00468	0.00458
43	0.01403	0.77751	0.02619	0.00903	0.01332	0.06444	0.00884	0.01565	0.01066	0.01210	0.00718	0.00829	0.00659	0.00444	0.00337	0.00111	0.00570	0.00278	0.00222	0.00655
44	0.01037	0.00792	0.00918	0.00826	0.01032	0.00838	0.00637	0.05836	0.28961	0.04383	0.44566	0.02940	0.03342	0.00886	0.00568	0.00165	0.00324	0.00765	0.00549	0.00635
45	0.01155	0.00885	0.01053	0.00767	0.01198	0.00678	0.00614	0.01381	0.01123	0.08638	0.05653	0.01291	0.01050	0.00443	0.00406	0.00089	0.00377	0.00360	0.00349	0.72491
46	0.01838	0.02287	0.01489	0.01395	0.04708	0.69872	0.01024	0.03496	0.01417	0.01312	0.00801	0.00959	0.00672	0.00552	0.00547	0.00140	0.06272	0.00346	0.00266	0.00607
47	0.00666	0.00522	0.00602	0.00582	0.00729	0.00458	0.00436	0.00851	0.01309	0.01717	0.41344	0.04393	0.42206	0.01176	0.00606	0.00167	0.00251	0.01006	0.00520	0.00458
48	0.01005	0.02583	0.20456	0.05940	0.05898	0.09806	0.03410	0.01278	0.01100	0.02419	0.03525	0.21493	0.09318	0.01065	0.05016	0.00210	0.03810	0.00751	0.00333	0.00582
49	0.09216	0.00979	0.01286	0.31059	0.02126	0.01100	0.01009	0.11032	0.13079	0.17091	0.01441	0.06010	0.01100	0.00636	0.00505	0.00168	0.00529	0.00528	0.00411	0.00694
50	0.00695	0.00480	0.00630	0.00695	0.00763	0.00443	0.00482	0.00825	0.01114	0.03688	0.20586	0.57831	0.06973	0.01436	0.00637	0.00194	0.00287	0.01292	0.00501	0.00446
51	0.01177	0.57273	0.02104	0.00848	0.01175	0.01598	0.00788	0.01338	0.00972	0.01192	0.00928	0.01259	0.00880	0.05637	0.20568	0.00311	0.00755	0.00369	0.00238	0.00589
52	0.00624	0.00450	0.00592	0.00706	0.00742	0.00417	0.00472	0.00715	0.00991	0.01313	0.02933	0.78244	0.06714	0.01594	0.00653	0.00207	0.00296	0.01442	0.00476	0.00417
53	0.02026	0.01316	0.01465	0.01123	0.01531	0.01412	0.00928	0.61070	0.02210	0.19505	0.01402	0.01342	0.00958	0.00620	0.00514	0.00155	0.00537	0.00474	0.00539	0.00873
54	0.00841	0.00490	0.00695	0.00690	0.00705	0.00517	0.00468	0.00740	0.00714	0.00972	0.01115	0.01990	0.01150	0.18333	0.15377	0.51550	0.02590	0.00524	0.00250	0.00289
55	0.01917	0.02445	0.01454	0.01322	0.01586	0.79907	0.00991	0.02049	0.01454	0.01256	0.00793	0.00925	0.00661	0.00529	0.00463	0.00132	0.00925	0.00330	0.00264	0.00595
56	0.01260	0.03156	0.32967	0.09485	0.17741	0.10281	0.02971	0.06309	0.02894	0.03429	0.01056	0.04253	0.00843	0.00545	0.00501	0.00159	0.00694	0.00454	0.00276	0.00727
57	0.00616	0.00483	0.00557	0.00616	0.00718	0.00425	0.00433	0.00725	0.01077	0.01348	0.04021	0.43011	0.41245	0.01452	0.00630	0.00191	0.00279	0.01269	0.00476	0.00425
58	0.02923	0.01463	0.14323	0.01212	0.03942	0.01341	0.01063	0.26910	0.33509	0.05526	0.01552	0.01507	0.01133	0.00621	0.00509	0.00164	0.00524	0.00496	0.00461	0.00821
59	0.26885	0.20800	0.03574	0.00956	0.01345	0.05125	0.00838	0.26160	0.03232	0.05298	0.00974	0.01032	0.00742	0.00527	0.00408	0.00145	0.00523	0.00358	0.00370	0.00709
60	0.03578	0.45188	0.20806	0.01053	0.01531	0.05837	0.01106	0.07924	0.01182	0.01517	0.00931	0.05506	0.00827	0.00538	0.00408	0.00134	0.00602	0.00386	0.00263	0.00681
61	0.01684	0.04843	0.16266	0.01028	0.01453	0.01015	0.00979	0.14645	0.04441	0.33631	0.12968	0.01807	0.01598	0.00659	0.00515	0.00157	0.00495	0.00534	0.00501	0.00782
62	0.00629	0.00449	0.00599	0.00712	0.00745	0.00419	0.00477	0.00723	0.00999	0.01336	0.05515	0.78870	0.03445	0.01588	0.00653	0.00207	0.00296	0.01440	0.00479	0.00419
63	0.03111	0.01049	0.01210	0.08381	0.06118	0.08778	0.03713	0.08707	0.13220	0.06129	0.17350	0.02250	0.05320	0.08640	0.00778	0.00196	0.03384	0.00621	0.00420	0.00625

[dist]
# distance from previous block
# <min> <max>
0	1

[block]
# block no. 4 follows, 48 sequences, length 10
# corresponding to MSA columns:
# 548-557
name=unknown_E
#
# <colnr> <probs for GDERKNQSTAVLIFYWHMCP>
#	G	D	E	R	K	N	Q	S	T	A	V	L	I	F	Y	W	H	M	C	P
0	0.08330	0.00931	0.01091	0.03510	0.01304	0.00782	0.00668	0.04199	0.01159	0.14108	0.01084	0.01170	0.00826	0.00442	0.00406	0.00102	0.00407	0.00346	0.00363	0.58771
1	0.12332	0.46730	0.21474	0.01000	0.01500	0.01627	0.01082	0.01615	0.01057	0.06298	0.00847	0.00947	0.00681	0.00468	0.00379	0.00132	0.00574	0.00316	0.00257	0.00683
2	0.00684	0.00502	0.00641	0.00650	0.00752	0.00460	0.00471	0.00871	0.01289	0.01772	0.48935	0.25385	0.13220	0.01233	0.00619	0.00176	0.00260	0.01093	0.00530	0.00460
3	0.00738	0.00494	0.00562	0.00570	0.00571	0.00492	0.00322	0.00744	0.00761	0.01015	0.01694	0.08375	0.01963	0.76816	0.02486	0.00479	0.00485	0.00792	0.00322	0.00318
4	0.00999	0.00943	0.01593	0.73000	0.11033	0.01148	0.01440	0.01337	0.01040	0.01347	0.00917	0.01358	0.00697	0.00507	0.00512	0.00169	0.00677	0.00456	0.00231	0.00594
5	0.85592	0.00992	0.00754	0.00675	0.00992	0.01151	0.00556	0.01508	0.00873	0.02302	0.00714	0.00834	0.00556	0.00476	0.00318	0.00159	0.00397	0.00278	0.00318	0.00556
6	0.01112	0.01037	0.01565	0.01249	0.07657	0.00858	0.17003	0.01390	0.01104	0.01666	0.00943	0.01149	0.00768	0.00397	0.00438	0.00103	0.00502	0.00381	0.00291	0.60389
7	0.00816	0.04881	0.03677	0.00825	0.00937	0.00735	0.03360	0.00948	0.00828	0.01152	0.01354	0.02295	0.01369	0.28878	0.39975	0.02964	0.03702	0.00590	0.00278	0.00436
8	0.04850	0.06955	0.01687	0.12892	0.07378	0.20898	0.08076	0.14564	0.01401	0.04062	0.03984	0.01272	0.00912	0.00633	0.02072	0.00168	0.06770	0.00442	0.00320	0.00665
9	0.10481	0.17178	0.12877	0.01001	0.01383	0.10373	0.00930	0.03499	0.14098	0.11082	0.05241	0.04250	0.04273	0.00636	0.00462	0.00152	0.00535	0.00486	0.00379	0.00685

[dist]
# distance from previous block
# <min> <max>
1	2

[block]
# block no. 5 follows, 48 sequences, length 29
# corresponding to MSA columns:
# 560-588
name=unknown_F
#
# <colnr> <probs for GDERKNQSTAVLIFYWHMCP>
#	G	D	E	R	K	N	Q	S	T	A	V	L	I	F	Y	W	H	M	C	P
0	0.05263	0.01682	0.14891	0.10480	0.09343	0.17079	0.07032	0.13698	0.03962	0.01811	0.03201	0.01247	0.00866	0.00565	0.00587	0.00161	0.06693	0.00439	0.00307	0.00693
1	0.03866	0.00710	0.00886	0.00844	0.00985	0.02944	0.00649	0.08746	0.01032	0.01467	0.01482	0.11268	0.01448	0.05904	0.51202	0.00597	0.01043	0.00630	0.00327	0.03972
2	0.01166	0.01716	0.39984	0.08559	0.04541	0.00991	0.01362	0.04012	0.01234	0.12142	0.14214	0.04980	0.01567	0.00653	0.00522	0.00164	0.00591	0.00547	0.00354	0.00702
3	0.01254	0.01035	0.01286	0.00974	0.01368	0.00949	0.06061	0.20275	0.01398	0.02015	0.01191	0.09332	0.01056	0.00580	0.00488	0.00119	0.02380	0.00486	0.00369	0.47385
4	0.00614	0.00491	0.00550	0.00597	0.00713	0.00427	0.00424	0.00728	0.01095	0.01356	0.04256	0.35418	0.48686	0.01422	0.00626	0.00187	0.00275	0.01232	0.00476	0.00427
5	0.16781	0.02404	0.04498	0.03656	0.03403	0.00903	0.10957	0.01611	0.01141	0.20262	0.01470	0.11905	0.01260	0.00674	0.00490	0.00156	0.00488	0.03181	0.00399	0.14362
6	0.00625	0.00447	0.00595	0.00714	0.00744	0.00417	0.00476	0.00714	0.00982	0.01310	0.02828	0.81633	0.03394	0.01608	0.00655	0.00208	0.00298	0.01459	0.00476	0.00417
7	0.01233	0.38098	0.02075	0.11585	0.09641	0.01454	0.06780	0.01496	0.03049	0.05187	0.06869	0.01473	0.03532	0.00719	0.04646	0.00175	0.00600	0.00451	0.00292	0.00649
8	0.01169	0.26837	0.38001	0.01230	0.03942	0.03384	0.01338	0.04024	0.04776	0.01536	0.01096	0.08455	0.00961	0.00590	0.00457	0.00150	0.00628	0.00459	0.00268	0.00700
9	0.00635	0.00453	0.00606	0.00725	0.00759	0.00425	0.00493	0.00731	0.00992	0.01321	0.02823	0.78016	0.03373	0.01598	0.00657	0.00210	0.00306	0.04980	0.00476	0.00419
10	0.01330	0.76225	0.04205	0.00887	0.01315	0.01938	0.00887	0.01505	0.01032	0.01215	0.00753	0.00892	0.00692	0.00622	0.04591	0.00149	0.00597	0.00291	0.00222	0.00650
11	0.00625	0.00447	0.00595	0.00714	0.00744	0.00417	0.00476	0.00714	0.00982	0.01310	0.02828	0.81633	0.03394	0.01608	0.00655	0.00208	0.00298	0.01459	0.00476	0.00417
12	0.05324	0.01492	0.08634	0.01167	0.01605	0.01478	0.01027	0.61831	0.02161	0.08327	0.01237	0.01238	0.00867	0.00600	0.00503	0.00155	0.00567	0.00451	0.00486	0.00849
13	0.05894	0.01190	0.01418	0.01201	0.01344	0.06911	0.00987	0.13917	0.01164	0.07813	0.00946	0.01240	0.00800	0.01042	0.08144	0.00251	0.44342	0.00448	0.00317	0.00631
14	0.01917	0.02445	0.01454	0.01322	0.01586	0.79907	0.00991	0.02049	0.01454	0.01256	0.00793	0.00925	0.00661	0.00529	0.00463	0.00132	0.00925	0.00330	0.00264	0.00595
15	0.01506	0.01106	0.01432	0.15555	0.14097	0.08691	0.03217	0.08537	0.01374	0.21471	0.09373	0.03502	0.03885	0.00661	0.00565	0.00161	0.03196	0.00555	0.00414	0.00703
16	0.00614	0.00507	0.00539	0.00559	0.00705	0.00432	0.00409	0.00741	0.01147	0.01398	0.07530	0.18328	0.62631	0.01344	0.00615	0.00179	0.00266	0.01143	0.00480	0.00432
17	0.02673	0.06048	0.03761	0.01160	0.01510	0.04961	0.07410	0.16240	0.18466	0.20320	0.02483	0.01643	0.01182	0.00655	0.00602	0.00166	0.06542	0.02949	0.00460	0.00770
18	0.01162	0.01062	0.05663	0.23160	0.04752	0.01097	0.10109	0.09040	0.06471	0.05931	0.01255	0.03930	0.01057	0.08382	0.08911	0.00269	0.06251	0.00547	0.00323	0.00627
19	0.00625	0.00447	0.00595	0.00714	0.00744	0.00417	0.00476	0.00714	0.00982	0.01310	0.02828	0.81633	0.03394	0.01608	0.00655	0.00208	0.00298	0.01459	0.00476	0.00417
20	0.01450	0.45139	0.07167	0.01183	0.01641	0.01581	0.16607	0.01703	0.01143	0.13963	0.01025	0.01139	0.00800	0.00570	0.02710	0.00155	0.00632	0.00396	0.00297	0.00701
21	0.01295	0.10103	0.18219	0.26746	0.13906	0.01169	0.01339	0.01638	0.01154	0.15036	0.03809	0.01386	0.00941	0.00531	0.00491	0.00157	0.00615	0.00447	0.00311	0.00706
22	0.01303	0.25450	0.01865	0.11967	0.18235	0.09407	0.01074	0.03195	0.03353	0.04335	0.01238	0.06047	0.04625	0.00616	0.00532	0.00149	0.05173	0.00484	0.00291	0.00660
23	0.01081	0.00653	0.00808	0.00786	0.00953	0.00631	0.00580	0.01426	0.13596	0.17558	0.07101	0.40348	0.10004	0.01197	0.00597	0.00186	0.00337	0.01055	0.00522	0.00581
24	0.00746	0.00497	0.00560	0.00560	0.00560	0.00497	0.00311	0.00746	0.00746	0.00995	0.01617	0.03358	0.01865	0.81967	0.02612	0.00497	0.00497	0.00746	0.00311	0.00311
25	0.01087	0.02205	0.56878	0.07095	0.02304	0.01166	0.13233	0.01615	0.01124	0.04336	0.03519	0.01263	0.00831	0.00504	0.00512	0.00165	0.00741	0.00442	0.00250	0.00730
26	0.01081	0.01062	0.01492	0.01292	0.01301	0.01473	0.01072	0.01201	0.00790	0.01230	0.00748	0.01217	0.00738	0.01211	0.09976	0.00288	0.72587	0.00460	0.00230	0.00550
27	0.00935	0.00776	0.00853	0.00818	0.01022	0.00821	0.00635	0.01659	0.34469	0.01801	0.11415	0.08021	0.24687	0.01041	0.00583	0.00181	0.00346	0.08824	0.00505	0.00606
28	0.01224	0.00859	0.01019	0.00791	0.01156	0.00730	0.00625	0.01585	0.10456	0.14104	0.09492	0.01789	0.04318	0.03385	0.00528	0.00128	0.00377	0.00481	0.00417	0.46535

[dist]
# distance from previous block
# <min> <max>
0	1

[block]
# block no. 6 follows, 48 sequences, length 12
# corresponding to MSA columns:
# 590-601
name=unknown_G
#
# <colnr> <probs for GDERKNQSTAVLIFYWHMCP>
#	G	D	E	R	K	N	Q	S	T	A	V	L	I	F	Y	W	H	M	C	P
0	0.04782	0.01634	0.03370	0.01376	0.01618	0.27977	0.11337	0.10007	0.01272	0.01576	0.00909	0.01235	0.00778	0.00788	0.04176	0.00200	0.23919	0.02137	0.00286	0.00623
1	0.00623	0.00454	0.00588	0.00695	0.00739	0.00418	0.00468	0.00717	0.01001	0.01318	0.03068	0.73871	0.11001	0.01576	0.00650	0.00205	0.00294	0.01421	0.00476	0.00418
2	0.01125	0.01014	0.01395	0.25594	0.16404	0.01151	0.01107	0.01910	0.33617	0.01738	0.01723	0.04002	0.05695	0.00656	0.00525	0.00170	0.00517	0.00573	0.00379	0.00706
3	0.05638	0.02891	0.03356	0.16025	0.36180	0.03625	0.01310	0.05724	0.01154	0.03066	0.01097	0.01375	0.03903	0.00578	0.00662	0.00166	0.11809	0.00464	0.00278	0.00700
4	0.00625	0.00447	0.00595	0.00714	0.00744	0.00417	0.00476	0.00714	0.00982	0.01310	0.02828	0.81633	0.03394	0.01608	0.00655	0.00208	0.00298	0.01459	0.00476	0.00417
5	0.01815	0.13090	0.01594	0.04927	0.01588	0.40399	0.00952	0.14970	0.01544	0.10692	0.03086	0.01159	0.00881	0.00557	0.00465	0.00139	0.00724	0.00389	0.00351	0.00680
6	0.00632	0.00452	0.00601	0.00710	0.00746	0.00421	0.00477	0.00732	0.01014	0.01360	0.07912	0.76406	0.03491	0.01570	0.00652	0.00205	0.00294	0.01423	0.00482	0.00421
7	0.08154	0.01143	0.01321	0.01020	0.01417	0.01171	0.00842	0.36962	0.01863	0.38424	0.01563	0.01442	0.01034	0.00615	0.00500	0.00157	0.00493	0.00474	0.00556	0.00850
8	0.00871	0.00727	0.01070	0.12675	0.01351	0.00908	0.00824	0.01017	0.00828	0.01181	0.01137	0.01823	0.01088	0.10737	0.36948	0.05571	0.19992	0.00527	0.00257	0.00470
9	0.01917	0.02445	0.01454	0.01322	0.01586	0.79907	0.00991	0.02049	0.01454	0.01256	0.00793	0.00925	0.00661	0.00529	0.00463	0.00132	0.00925	0.00330	0.00264	0.00595
10	0.01176	0.04825	0.05038	0.12697	0.13484	0.05374	0.06101	0.05913	0.01202	0.01675	0.04654	0.03420	0.01013	0.00508	0.00467	0.00128	0.00548	0.00442	0.00302	0.31032
11	0.00649	0.00469	0.00603	0.00685	0.00729	0.00448	0.00460	0.00738	0.00953	0.01263	0.02749	0.57201	0.09715	0.12873	0.07661	0.00298	0.00413	0.01249	0.00436	0.00407

[dist]
# distance from previous block
# <min> <max>
4	5

[block]
# block no. 7 follows, 48 sequences, length 13
# corresponding to MSA columns:
# 610-622
name=unknown_H
#
# <colnr> <probs for GDERKNQSTAVLIFYWHMCP>
#	G	D	E	R	K	N	Q	S	T	A	V	L	I	F	Y	W	H	M	C	P
0	0.13647	0.12449	0.25275	0.01097	0.01574	0.05659	0.03293	0.04183	0.04653	0.16243	0.01321	0.01363	0.04138	0.00630	0.02219	0.00168	0.00600	0.00425	0.00350	0.00711
1	0.15324	0.02981	0.06688	0.00996	0.01414	0.01035	0.05207	0.14151	0.03013	0.24398	0.01338	0.03627	0.00978	0.00562	0.00461	0.00144	0.00486	0.00448	0.00435	0.16313
2	0.01336	0.01132	0.01194	0.01056	0.01357	0.01304	0.00827	0.09291	0.71179	0.02242	0.02013	0.01854	0.01505	0.00689	0.00521	0.00172	0.00420	0.00570	0.00521	0.00817
3	0.06989	0.00986	0.01281	0.03566	0.01433	0.01009	0.07355	0.08015	0.22242	0.27750	0.10521	0.01953	0.03223	0.00679	0.00524	0.00165	0.00455	0.00578	0.00518	0.00758
4	0.01639	0.03854	0.01302	0.10687	0.01574	0.00891	0.05214	0.05312	0.05893	0.38532	0.06158	0.10257	0.01642	0.00763	0.00542	0.00169	0.00476	0.03861	0.00509	0.00728
5	0.02254	0.00951	0.01239	0.00950	0.01349	0.00870	0.00785	0.12795	0.01599	0.68644	0.01915	0.01675	0.01215	0.00632	0.00516	0.00158	0.00454	0.00509	0.00618	0.00873
6	0.00630	0.00466	0.00584	0.00669	0.00729	0.00426	0.00455	0.00731	0.01031	0.01347	0.06613	0.60937	0.17772	0.04165	0.00708	0.00209	0.00295	0.01340	0.00475	0.00419
7	0.15452	0.01072	0.04890	0.00947	0.01345	0.00989	0.00812	0.13370	0.05357	0.48004	0.01648	0.01501	0.01082	0.00603	0.00483	0.00159	0.00463	0.00467	0.00541	0.00814
8	0.01737	0.01339	0.01745	0.01457	0.08303	0.01425	0.12140	0.50453	0.04814	0.06725	0.03775	0.01394	0.01029	0.00594	0.00530	0.00158	0.00590	0.00505	0.00462	0.00826
9	0.00863	0.00536	0.00689	0.00687	0.00814	0.00484	0.00501	0.01025	0.01232	0.11097	0.29488	0.33942	0.14176	0.01250	0.00614	0.00181	0.00290	0.01105	0.00527	0.00498
10	0.01280	0.00899	0.01069	0.00959	0.02564	0.00969	0.00738	0.09096	0.26616	0.13359	0.18923	0.06924	0.05410	0.00933	0.02894	0.00190	0.05277	0.00697	0.00513	0.00691
11	0.07476	0.01466	0.08018	0.06370	0.07197	0.16071	0.01054	0.05839	0.21745	0.01740	0.01266	0.05072	0.01049	0.00670	0.00671	0.00170	0.12606	0.00492	0.00347	0.00680
12	0.00625	0.00447	0.00595	0.00714	0.00744	0.00417	0.00476	0.00714	0.00982	0.01310	0.02828	0.81633	0.03394	0.01608	0.00655	0.00208	0.00298	0.01459	0.00476	0.00417

[dist]
# distance from previous block
# <min> <max>
0	21

[block]
# block no. 8 follows, 48 sequences, length 44
# corresponding to MSA columns:
# 650-693
name=unknown_I
#
# <colnr> <probs for GDERKNQSTAVLIFYWHMCP>
#	G	D	E	R	K	N	Q	S	T	A	V	L	I	F	Y	W	H	M	C	P
0	0.01129	0.03207	0.32656	0.06634	0.04131	0.01257	0.40236	0.01613	0.01146	0.01610	0.00978	0.01254	0.00721	0.00459	0.00547	0.00167	0.00802	0.00500	0.00240	0.00712
1	0.01081	0.02506	0.04984	0.29221	0.03655	0.07050	0.01081	0.05898	0.03203	0.01520	0.08354	0.01954	0.09916	0.03010	0.00780	0.00183	0.14145	0.00563	0.00316	0.00580
2	0.00625	0.00447	0.00595	0.00714	0.00744	0.00417	0.00476	0.00714	0.00982	0.01310	0.02828	0.81633	0.03394	0.01608	0.00655	0.00208	0.00298	0.01459	0.00476	0.00417
3	0.01393	0.69971	0.05238	0.00938	0.01363	0.09093	0.00918	0.01570	0.01076	0.01226	0.00746	0.00873	0.00675	0.00540	0.02470	0.00133	0.00613	0.00291	0.00225	0.00651
4	0.00625	0.00449	0.00593	0.00709	0.00743	0.00417	0.00474	0.00715	0.00988	0.01312	0.02894	0.79506	0.05478	0.01599	0.00654	0.00207	0.00297	0.01448	0.00476	0.00417
5	0.04505	0.01395	0.03981	0.01144	0.01551	0.01477	0.00966	0.64771	0.02204	0.07895	0.01261	0.01276	0.00896	0.00726	0.03387	0.00179	0.00587	0.00460	0.00497	0.00844
6	0.00988	0.00897	0.01259	0.01121	0.01167	0.01190	0.00912	0.03203	0.00844	0.01266	0.00982	0.01533	0.00946	0.04683	0.30866	0.00455	0.46415	0.00497	0.00254	0.00523
7	0.01704	0.01469	0.01220	0.01074	0.01361	0.28853	0.00829	0.03805	0.24286	0.19578	0.01624	0.06065	0.01258	0.00669	0.00501	0.00155	0.00587	0.00521	0.03726	0.00715
8	0.48151	0.03433	0.05019	0.00949	0.02876	0.01187	0.03718	0.10276	0.01174	0.14468	0.01008	0.01077	0.00731	0.00530	0.00445	0.00160	0.03392	0.00364	0.00376	0.00666
9	0.00625	0.00473	0.00579	0.00662	0.00737	0.00426	0.00460	0.00731	0.01045	0.01339	0.03544	0.56306	0.26185	0.01509	0.00642	0.00198	0.00291	0.03350	0.00476	0.00423
10	0.01193	0.07095	0.01367	0.01424	0.17327	0.03312	0.00958	0.07277	0.21064	0.02954	0.04360	0.08818	0.01831	0.00865	0.00558	0.00178	0.00487	0.17828	0.00424	0.00680
11	0.01563	0.15671	0.10562	0.01093	0.01507	0.02979	0.00992	0.22791	0.25760	0.09721	0.01444	0.01403	0.01063	0.00595	0.00480	0.00154	0.00529	0.00459	0.00437	0.00797
12	0.00636	0.00483	0.00588	0.00650	0.00739	0.00434	0.00459	0.00760	0.01102	0.01427	0.12367	0.46186	0.27495	0.01440	0.00635	0.00192	0.00284	0.03205	0.00487	0.00431
13	0.04040	0.17061	0.01419	0.00820	0.01263	0.01045	0.00695	0.07817	0.01179	0.03755	0.00922	0.01041	0.00756	0.00422	0.00383	0.00094	0.00431	0.00316	0.00314	0.56227
14	0.11519	0.01451	0.18655	0.05613	0.03116	0.06410	0.01078	0.09905	0.03413	0.21711	0.01357	0.01588	0.01014	0.00604	0.00487	0.00159	0.00567	0.05485	0.00403	0.05465
15	0.07042	0.07436	0.18126	0.05756	0.01770	0.01226	0.10082	0.16709	0.06960	0.09003	0.04924	0.06264	0.01192	0.00627	0.00506	0.00162	0.00581	0.00531	0.00381	0.00722
16	0.00797	0.00574	0.00680	0.00693	0.00832	0.00540	0.00511	0.01065	0.08574	0.05855	0.14304	0.30532	0.27670	0.01278	0.00614	0.00185	0.00302	0.03992	0.00502	0.00497
17	0.00736	0.00493	0.00563	0.00572	0.00575	0.00491	0.00324	0.00744	0.00765	0.01021	0.01716	0.09759	0.01990	0.75396	0.02452	0.00474	0.00481	0.00804	0.00324	0.00320
18	0.08231	0.04613	0.21714	0.03902	0.08275	0.01104	0.06975	0.04898	0.07006	0.16222	0.01243	0.02509	0.00915	0.00533	0.00479	0.00152	0.00572	0.00446	0.00358	0.09854
19	0.16307	0.01491	0.05860	0.03224	0.30682	0.15253	0.02141	0.10447	0.04264	0.01889	0.00954	0.01141	0.00761	0.00516	0.00502	0.00154	0.02986	0.00406	0.00304	0.00720
20	0.00741	0.00564	0.00779	0.00918	0.04422	0.00564	0.00664	0.00891	0.01055	0.01399	0.02736	0.45729	0.07143	0.01444	0.00711	0.00214	0.04186	0.24925	0.00453	0.00460
21	0.04731	0.05661	0.09261	0.05152	0.09517	0.03736	0.04847	0.08765	0.13266	0.05584	0.07365	0.07609	0.03611	0.00714	0.00599	0.00167	0.06352	0.00586	0.01796	0.00683
22	0.05052	0.01474	0.03980	0.04056	0.05083	0.16224	0.00999	0.30264	0.03296	0.14981	0.01265	0.01418	0.00948	0.00629	0.00570	0.00159	0.05264	0.03152	0.00429	0.00757
23	0.00624	0.00449	0.00593	0.00708	0.00742	0.00417	0.00473	0.00715	0.00989	0.01313	0.02912	0.78918	0.06054	0.01597	0.00653	0.00207	0.00296	0.01445	0.00476	0.00417
24	0.01122	0.01047	0.03202	0.42267	0.11423	0.01195	0.03662	0.09618	0.04665	0.01605	0.01078	0.03970	0.00880	0.00764	0.04786	0.00207	0.07082	0.00502	0.00286	0.00638
25	0.00921	0.01530	0.34296	0.01086	0.01517	0.00899	0.05108	0.03789	0.04485	0.01627	0.10179	0.02455	0.17652	0.06523	0.05498	0.00229	0.00602	0.00644	0.00343	0.00615
26	0.00627	0.00452	0.00594	0.00704	0.00742	0.00419	0.00473	0.00722	0.01003	0.01332	0.04868	0.76156	0.06851	0.01579	0.00651	0.00206	0.00295	0.01428	0.00479	0.00419
27	0.01317	0.29020	0.02481	0.00949	0.01222	0.20439	0.00796	0.03260	0.01164	0.03898	0.04140	0.07298	0.05664	0.04740	0.09726	0.00233	0.02254	0.00514	0.00308	0.00579
28	0.00642	0.00483	0.00595	0.00648	0.00735	0.00435	0.00455	0.00774	0.01132	0.01489	0.19575	0.44689	0.23668	0.01407	0.00631	0.00189	0.00276	0.01246	0.00495	0.00435
29	0.01791	0.01359	0.05426	0.05605	0.01875	0.04840	0.16416	0.31810	0.01748	0.21853	0.01341	0.01379	0.00924	0.00568	0.00529	0.00159	0.00625	0.00495	0.00452	0.00802
30	0.83299	0.03205	0.00807	0.00680	0.01001	0.01175	0.00564	0.01509	0.00878	0.02272	0.00714	0.00833	0.00558	0.00475	0.00318	0.00157	0.00401	0.00278	0.00315	0.00558
31	0.01917	0.02445	0.01454	0.01322	0.01586	0.79907	0.00991	0.02049	0.01454	0.01256	0.00793	0.00925	0.00661	0.00529	0.00463	0.00132	0.00925	0.00330	0.00264	0.00595
32	0.01097	0.05940	0.32824	0.06073	0.10267	0.04044	0.15651	0.01499	0.01101	0.01529	0.01133	0.09188	0.00999	0.00619	0.00584	0.00169	0.04757	0.01582	0.00261	0.00682
33	0.00710	0.00484	0.00578	0.00613	0.00624	0.00478	0.00369	0.00742	0.00818	0.01093	0.01964	0.26249	0.02296	0.56110	0.04330	0.00422	0.00465	0.00949	0.00358	0.00346
34	0.03306	0.00987	0.01143	0.01072	0.05714	0.01057	0.00790	0.09563	0.36868	0.15421	0.06296	0.07578	0.06385	0.00778	0.00534	0.00169	0.00413	0.00654	0.00517	0.00754
35	0.02693	0.00994	0.04730	0.06456	0.01434	0.00975	0.02901	0.08810	0.15895	0.21987	0.15272	0.03294	0.04779	0.00810	0.02124	0.00181	0.04846	0.00617	0.00490	0.00709
36	0.00676	0.00513	0.00623	0.00620	0.00745	0.00461	0.00459	0.00862	0.01295	0.01736	0.43861	0.14801	0.27895	0.01210	0.00614	0.00173	0.00259	0.02215	0.00523	0.00459
37	0.01093	0.00929	0.01080	0.00774	0.01228	0.00714	0.00620	0.03778	0.01108	0.01723	0.00922	0.01070	0.00764	0.00388	0.00384	0.00079	0.00386	0.00309	0.00311	0.82341
38	0.03720	0.14356	0.17060	0.01125	0.01595	0.01246	0.05564	0.14846	0.01399	0.20515	0.02876	0.01298	0.00946	0.00549	0.00506	0.00146	0.03066	0.00428	0.00390	0.08368
39	0.04158	0.01371	0.03973	0.02455	0.08105	0.07235	0.00995	0.38822	0.06048	0.19573	0.01369	0.01350	0.00959	0.00595	0.00504	0.00155	0.00562	0.00462	0.00481	0.00827
40	0.00664	0.00488	0.00597	0.00636	0.00712	0.00448	0.00436	0.00785	0.01097	0.01458	0.21391	0.35856	0.18359	0.13563	0.00929	0.00234	0.00307	0.01149	0.00473	0.00420
41	0.02876	0.01086	0.03805	0.05146	0.01846	0.01072	0.29964	0.12787	0.01255	0.04061	0.01278	0.05673	0.01092	0.03722	0.21553	0.00352	0.00881	0.00595	0.00324	0.00632
42	0.01138	0.03586	0.01783	0.05907	0.01782	0.00975	0.29357	0.01430	0.03174	0.10252	0.01705	0.24845	0.01661	0.00860	0.00649	0.00182	0.04894	0.02924	0.00374	0.02519
43	0.00730	0.00496	0.00626	0.00677	0.00769	0.00448	0.00476	0.00854	0.01110	0.05867	0.13121	0.51310	0.18777	0.01416	0.00631	0.00192	0.00291	0.01259	0.00497	0.00455

[dist]
# distance from previous block
# <min> <max>
0	1

[block]
# block no. 9 follows, 48 sequences, length 20
# corresponding to MSA columns:
# 695-714
name=unknown_J
#
# <colnr> <probs for GDERKNQSTAVLIFYWHMCP>
#	G	D	E	R	K	N	Q	S	T	A	V	L	I	F	Y	W	H	M	C	P
0	0.07817	0.02556	0.05047	0.11020	0.27074	0.02903	0.04534	0.02832	0.08946	0.06307	0.02366	0.01372	0.00942	0.01919	0.00544	0.00157	0.02318	0.00451	0.00319	0.10576
1	0.10309	0.01327	0.01375	0.01100	0.01462	0.04384	0.00898	0.47125	0.13685	0.08290	0.01332	0.01318	0.00961	0.00622	0.00534	0.00160	0.03364	0.00460	0.00484	0.00810
2	0.00624	0.00451	0.00591	0.00703	0.00741	0.00418	0.00471	0.00716	0.00993	0.01314	0.02964	0.77230	0.07708	0.01590	0.00652	0.00206	0.00296	0.01437	0.00476	0.00418
3	0.00915	0.03757	0.05761	0.04615	0.06064	0.00918	0.09122	0.01156	0.01137	0.01577	0.21150	0.11101	0.07432	0.01044	0.03491	0.00205	0.13494	0.06128	0.00379	0.00552
