[name]
unknown

[dist]
# distance from previous block
# <min> <max>
0	23

[block]
# block no. 0 follows, 46 sequences, length 16
# corresponding to MSA columns:
# 24-39
name=unknown_A
#
# <colnr> <probs for GDERKNQSTAVLIFYWHMCP>
#	G	D	E	R	K	N	Q	S	T	A	V	L	I	F	Y	W	H	M	C	P
0	0.00818	0.00585	0.00814	0.00935	0.01042	0.00580	0.00794	0.01037	0.01184	0.01545	0.02818	0.18049	0.03116	0.01492	0.00721	0.00239	0.00458	0.62809	0.00487	0.00478
1	0.00644	0.00534	0.00564	0.00562	0.00727	0.00454	0.00419	0.00794	0.01242	0.01530	0.16204	0.07514	0.64367	0.01311	0.00626	0.00178	0.00266	0.01105	0.00505	0.00454
2	0.01182	0.01153	0.01551	0.01338	0.01386	0.01570	0.01105	0.01520	0.13095	0.01423	0.00929	0.01288	0.00842	0.00892	0.01542	0.00223	0.67576	0.00484	0.00281	0.00620
3	0.00791	0.00545	0.00707	0.00676	0.00804	0.00499	0.00503	0.01016	0.01432	0.04807	0.63479	0.11840	0.08624	0.01138	0.00625	0.00172	0.00264	0.01005	0.00570	0.00504
4	0.15873	0.36105	0.04610	0.01197	0.08500	0.04770	0.03699	0.01800	0.13325	0.01687	0.01016	0.01115	0.00833	0.00507	0.00409	0.00141	0.00550	0.00371	0.00303	0.03189
5	0.06004	0.00917	0.01169	0.00885	0.01307	0.00777	0.00725	0.02180	0.01367	0.53396	0.01701	0.01558	0.01126	0.00573	0.00483	0.00140	0.00432	0.00459	0.00543	0.24260
6	0.00678	0.00484	0.00652	0.00774	0.00820	0.00458	0.00549	0.00794	0.01045	0.01387	0.02895	0.68991	0.03423	0.01625	0.00684	0.00219	0.00336	0.13258	0.00490	0.00439
7	0.01096	0.00940	0.01096	0.00783	0.01253	0.00705	0.00626	0.01331	0.01096	0.01723	0.00940	0.01096	0.00783	0.00392	0.00392	0.00078	0.00392	0.00313	0.00313	0.84653
8	0.85155	0.01022	0.00777	0.00695	0.01022	0.01186	0.00573	0.01554	0.00900	0.02372	0.00736	0.00859	0.00573	0.00491	0.00327	0.00164	0.00409	0.00286	0.00327	0.00573
9	0.01315	0.01136	0.01195	0.01076	0.01375	0.01315	0.00837	0.02809	0.77168	0.02211	0.02152	0.01972	0.01614	0.00717	0.00538	0.00179	0.00418	0.00598	0.00538	0.00837
10	0.01096	0.00940	0.01096	0.00783	0.01253	0.00705	0.00626	0.01331	0.01096	0.01723	0.00940	0.01096	0.00783	0.00392	0.00392	0.00078	0.00392	0.00313	0.00313	0.84653
11	0.07284	0.00807	0.01102	0.19248	0.04895	0.04552	0.05223	0.01102	0.01043	0.01439	0.01919	0.39476	0.02118	0.06489	0.00731	0.00214	0.00499	0.00972	0.00375	0.00512
12	0.00794	0.00623	0.00923	0.00901	0.00986	0.00752	0.00708	0.00975	0.00846	0.01232	0.01347	0.01989	0.01262	0.03674	0.71905	0.00790	0.08975	0.00556	0.00278	0.00482
13	0.03979	0.03364	0.01820	0.06677	0.38885	0.02948	0.04313	0.05837	0.10504	0.14444	0.01309	0.01444	0.00987	0.00543	0.00519	0.00161	0.00585	0.00489	0.00373	0.00814
14	0.60798	0.01119	0.00996	0.03322	0.01252	0.01270	0.00700	0.18302	0.01267	0.02531	0.00869	0.00977	0.00658	0.00521	0.00381	0.00160	0.00456	0.00336	0.00369	0.03718
15	0.10485	0.03861	0.01534	0.01368	0.05261	0.49377	0.03661	0.10927	0.01493	0.01700	0.00895	0.01042	0.00723	0.00554	0.00509	0.00146	0.03307	0.00373	0.02128	0.00655

[dist]
# distance from previous block
# <min> <max>
0	1

[block]
# block no. 1 follows, 46 sequences, length 37
# corresponding to MSA columns:
# 41-77
name=unknown_B
#
# <colnr> <probs for GDERKNQSTAVLIFYWHMCP>
#	G	D	E	R	K	N	Q	S	T	A	V	L	I	F	Y	W	H	M	C	P
0	0.00851	0.00493	0.00671	0.00688	0.00706	0.00490	0.00463	0.00766	0.00807	0.01076	0.03952	0.06049	0.01671	0.24493	0.01998	0.45387	0.00464	0.08369	0.00305	0.00300
1	0.01434	0.14773	0.16553	0.01646	0.17089	0.11426	0.05465	0.09331	0.02633	0.05163	0.01131	0.05801	0.00950	0.00577	0.00494	0.00152	0.00660	0.00476	0.00315	0.03930
2	0.03584	0.01599	0.19505	0.09837	0.08791	0.01276	0.29006	0.07498	0.01286	0.07765	0.01094	0.01336	0.00802	0.00519	0.00598	0.00173	0.03773	0.00509	0.00304	0.00746
3	0.00916	0.00760	0.00806	0.00758	0.00970	0.00771	0.00577	0.05870	0.23380	0.01799	0.07793	0.10617	0.40687	0.01130	0.00598	0.00180	0.00333	0.00953	0.00512	0.00588
4	0.00655	0.00533	0.00580	0.00575	0.00734	0.00458	0.00429	0.00815	0.01266	0.01589	0.22486	0.08048	0.57408	0.01291	0.00627	0.00177	0.00265	0.01094	0.00513	0.00458
5	0.01316	0.06437	0.43542	0.04263	0.11576	0.05784	0.05393	0.09531	0.01309	0.04513	0.01015	0.01182	0.00746	0.00515	0.00506	0.00161	0.00731	0.00420	0.00281	0.00780
6	0.01357	0.01335	0.06627	0.06606	0.53011	0.04135	0.06680	0.01679	0.01229	0.07639	0.01225	0.01468	0.03557	0.00522	0.00532	0.00161	0.00645	0.00499	0.00297	0.00795
7	0.01977	0.00812	0.01100	0.00874	0.01213	0.00709	0.00709	0.02192	0.01509	0.59909	0.20517	0.02322	0.02204	0.00758	0.00554	0.00164	0.00401	0.00635	0.00637	0.00802
8	0.01018	0.00949	0.01537	0.27176	0.29551	0.01000	0.03242	0.01306	0.01184	0.01579	0.08610	0.02347	0.16882	0.00719	0.00557	0.00169	0.00553	0.00649	0.00328	0.00644
9	0.01205	0.04331	0.01333	0.07258	0.05934	0.01106	0.00942	0.01472	0.05887	0.11991	0.01408	0.01896	0.02677	0.05000	0.20168	0.00367	0.22729	0.03337	0.00342	0.00616
10	0.01060	0.02735	0.78682	0.01507	0.02288	0.01228	0.01953	0.01674	0.01116	0.01674	0.00949	0.01116	0.00670	0.00502	0.00502	0.00167	0.00781	0.00391	0.00223	0.00781
11	0.02282	0.00920	0.01224	0.00952	0.01352	0.00823	0.00782	0.02596	0.07950	0.71999	0.02091	0.01814	0.01335	0.00660	0.00532	0.00165	0.00447	0.00537	0.00644	0.00894
12	0.01493	0.03457	0.26202	0.04945	0.05134	0.24399	0.01338	0.12131	0.08308	0.01797	0.01066	0.01209	0.00816	0.00649	0.02502	0.00176	0.02916	0.00418	0.00312	0.00731
13	0.00700	0.00599	0.00616	0.00649	0.00778	0.03970	0.00466	0.00828	0.01173	0.01443	0.09260	0.30328	0.44526	0.01392	0.00635	0.00188	0.00310	0.01200	0.00487	0.00452
14	0.00752	0.00560	0.00828	0.00833	0.00921	0.00645	0.00639	0.00928	0.00852	0.01223	0.01484	0.05136	0.01431	0.07341	0.72915	0.00810	0.01334	0.00611	0.00293	0.00464
15	0.01228	0.01034	0.01667	0.16964	0.28640	0.01068	0.07242	0.07845	0.01328	0.06543	0.10735	0.08114	0.03874	0.00700	0.00561	0.00169	0.00567	0.00647	0.00368	0.00703
16	0.01283	0.01598	0.15272	0.13975	0.42769	0.08934	0.05361	0.01643	0.01198	0.01618	0.00965	0.01261	0.00772	0.00491	0.00521	0.00161	0.00711	0.00452	0.00252	0.00763
17	0.05495	0.01181	0.01335	0.01153	0.01299	0.11368	0.04472	0.06218	0.03773	0.01636	0.01076	0.01403	0.00919	0.01053	0.08840	0.00249	0.32031	0.00467	0.15440	0.00592
18	0.24934	0.01357	0.04224	0.01880	0.24291	0.07919	0.16636	0.04290	0.03349	0.01920	0.01031	0.04005	0.00855	0.00533	0.00490	0.00165	0.00635	0.00477	0.00306	0.00704
19	0.00697	0.00517	0.00653	0.00683	0.00786	0.00473	0.00499	0.00873	0.01267	0.01707	0.35434	0.29723	0.17810	0.01340	0.00647	0.00189	0.00285	0.05422	0.00530	0.00466
20	0.01413	0.81739	0.02770	0.00905	0.01357	0.02092	0.00905	0.01583	0.01074	0.01244	0.00735	0.00848	0.00678	0.00452	0.00339	0.00113	0.00565	0.00283	0.00226	0.00678
21	0.27835	0.01018	0.01138	0.00903	0.01289	0.01022	0.00745	0.12438	0.01458	0.44665	0.01557	0.01436	0.01025	0.00601	0.00468	0.00163	0.00455	0.00448	0.00536	0.00799
22	0.00698	0.00527	0.00645	0.00639	0.00765	0.00474	0.00471	0.00893	0.01344	0.01814	0.46614	0.15581	0.25128	0.01237	0.00631	0.00177	0.00263	0.01081	0.00543	0.00474
23	0.00664	0.00476	0.00635	0.00754	0.00797	0.00447	0.00524	0.00771	0.01037	0.01374	0.02962	0.71937	0.05271	0.01629	0.00679	0.00217	0.00323	0.08576	0.00490	0.00435
24	0.00651	0.00534	0.00573	0.00569	0.00731	0.00457	0.00425	0.00807	0.01259	0.01569	0.20292	0.07252	0.60455	0.01295	0.00626	0.00177	0.00265	0.01095	0.00510	0.00457
25	0.01060	0.02735	0.78682	0.01507	0.02288	0.01228	0.01953	0.01674	0.01116	0.01674	0.00949	0.01116	0.00670	0.00502	0.00502	0.00167	0.00781	0.00391	0.00223	0.00781
26	0.01975	0.02520	0.01498	0.01362	0.01634	0.79299	0.01021	0.02111	0.01498	0.01294	0.00817	0.00953	0.00681	0.00545	0.00477	0.00136	0.00953	0.00340	0.00272	0.00613
27	0.00852	0.00608	0.00852	0.00974	0.01095	0.00608	0.00852	0.01095	0.01217	0.01582	0.02799	0.05963	0.03042	0.01460	0.00730	0.00243	0.00487	0.74565	0.00487	0.00487
28	0.01157	0.01157	0.01619	0.01388	0.01388	0.01619	0.01157	0.01272	0.00810	0.01272	0.00694	0.01157	0.00694	0.00925	0.01735	0.00231	0.80453	0.00463	0.00231	0.00578
29	0.01413	0.81739	0.02770	0.00905	0.01357	0.02092	0.00905	0.01583	0.01074	0.01244	0.00735	0.00848	0.00678	0.00452	0.00339	0.00113	0.00565	0.00283	0.00226	0.00678
30	0.00659	0.00537	0.00583	0.00571	0.00735	0.00461	0.00428	0.00824	0.01285	0.01618	0.25285	0.04775	0.57861	0.01268	0.00624	0.00175	0.00263	0.01072	0.00516	0.00461
31	0.01096	0.00940	0.01096	0.00783	0.01253	0.00705	0.00626	0.01331	0.01096	0.01723	0.00940	0.01096	0.00783	0.00392	0.00392	0.00078	0.00392	0.00313	0.00313	0.84653
32	0.00755	0.00566	0.00850	0.00850	0.00944	0.00661	0.00661	0.00944	0.00850	0.01227	0.01416	0.02077	0.01322	0.03965	0.79326	0.00850	0.01416	0.00566	0.00283	0.00472
33	0.00713	0.00553	0.00652	0.00639	0.00785	0.00500	0.00482	0.00941	0.03341	0.01789	0.40469	0.07880	0.34115	0.01215	0.00628	0.00177	0.00273	0.03828	0.00536	0.00483
34	0.01140	0.01139	0.02045	0.24523	0.09181	0.01113	0.27683	0.01490	0.01148	0.01605	0.00990	0.01322	0.00772	0.00457	0.00525	0.00149	0.00680	0.00482	0.00270	0.23286
35	0.01366	0.12900	0.21058	0.03955	0.01721	0.12900	0.01161	0.10094	0.01298	0.01725	0.00919	0.01080	0.00730	0.00513	0.00521	0.00135	0.05158	0.00365	0.00289	0.22110
36	0.01270	0.05702	0.01855	0.36219	0.07100	0.01341	0.10796	0.08368	0.03348	0.05796	0.01039	0.01362	0.00798	0.00589	0.00702	0.00177	0.12080	0.00485	0.00298	0.00674

[dist]
# distance from previous block
# <min> <max>
0	1

[block]
# block no. 2 follows, 46 sequences, length 22
# corresponding to MSA columns:
# 79-100
name=unknown_C
#
# <colnr> <probs for GDERKNQSTAVLIFYWHMCP>
#	G	D	E	R	K	N	Q	S	T	A	V	L	I	F	Y	W	H	M	C	P
0	0.16475	0.10810	0.01424	0.01375	0.16078	0.01136	0.02895	0.01269	0.01012	0.01595	0.01490	0.26836	0.01603	0.00922	0.00699	0.00183	0.12513	0.00749	0.00339	0.00596
1	0.00678	0.00490	0.00611	0.00688	0.00741	0.00458	0.00465	0.00772	0.01022	0.01341	0.05827	0.49944	0.13440	0.16219	0.01039	0.00264	0.00346	0.04777	0.00463	0.00417
2	0.85155	0.01022	0.00777	0.00695	0.01022	0.01186	0.00573	0.01554	0.00900	0.02372	0.00736	0.00859	0.00573	0.00491	0.00327	0.00164	0.00409	0.00286	0.00327	0.00573
3	0.01347	0.00911	0.01104	0.00810	0.01249	0.00709	0.00652	0.01577	0.01205	0.17927	0.05134	0.01391	0.01110	0.00482	0.00433	0.00101	0.00397	0.00392	0.00399	0.62670
4	0.01060	0.02735	0.78682	0.01507	0.02288	0.01228	0.01953	0.01674	0.01116	0.01674	0.00949	0.01116	0.00670	0.00502	0.00502	0.00167	0.00781	0.00391	0.00223	0.00781
5	0.00860	0.00731	0.00765	0.00723	0.00936	0.00733	0.00552	0.01446	0.25900	0.01746	0.10938	0.03972	0.46470	0.01113	0.00596	0.00178	0.00315	0.00933	0.00514	0.00578
6	0.00874	0.00687	0.00808	0.00752	0.00926	0.00695	0.00571	0.01419	0.20156	0.02066	0.51086	0.03587	0.12264	0.01020	0.00603	0.00171	0.00293	0.00885	0.00561	0.00576
7	0.02285	0.00995	0.01281	0.00987	0.01394	0.00924	0.00813	0.13804	0.03947	0.64755	0.01963	0.01724	0.01256	0.00653	0.00531	0.00163	0.00469	0.00525	0.00632	0.00898
8	0.01376	0.00743	0.00822	0.00711	0.00936	0.00754	0.00561	0.13022	0.05019	0.14720	0.04678	0.01912	0.01430	0.00648	0.00438	0.00140	0.00339	0.00519	0.50594	0.00638
9	0.00830	0.00593	0.00827	0.00949	0.01061	0.00590	0.00814	0.01058	0.01196	0.01558	0.02811	0.13790	0.03090	0.01481	0.00724	0.00240	0.00468	0.66952	0.00487	0.00481
10	0.04480	0.01202	0.01279	0.01089	0.01426	0.01357	0.00865	0.20903	0.51421	0.07184	0.01880	0.01749	0.01382	0.00685	0.00528	0.00173	0.00460	0.00553	0.00535	0.00847
11	0.01223	0.00962	0.01575	0.57227	0.12396	0.01108	0.01360	0.01544	0.01144	0.12438	0.01228	0.01551	0.02872	0.00561	0.00531	0.00172	0.00647	0.00496	0.00305	0.00659
12	0.00825	0.00544	0.00682	0.00683	0.00813	0.00488	0.00498	0.00993	0.01274	0.08214	0.30597	0.29354	0.20466	0.01291	0.00633	0.00185	0.00289	0.01135	0.00538	0.00498
13	0.12521	0.01056	0.01211	0.00965	0.01338	0.01076	0.00789	0.19869	0.09919	0.38450	0.01709	0.01584	0.01155	0.00634	0.00497	0.00162	0.00461	0.00493	0.05286	0.00829
14	0.01182	0.01078	0.01711	0.07506	0.01824	0.05079	0.24529	0.05402	0.05954	0.06115	0.04930	0.17205	0.04998	0.00958	0.03291	0.00207	0.04741	0.02271	0.00387	0.00631
15	0.01521	0.01898	0.42969	0.01252	0.01839	0.01057	0.01408	0.03532	0.06030	0.27656	0.01494	0.04634	0.01063	0.00616	0.00522	0.00169	0.00623	0.00498	0.00405	0.00813
16	0.00717	0.00539	0.00663	0.00632	0.00771	0.00486	0.00474	0.00937	0.01423	0.01945	0.59490	0.04237	0.23452	0.01146	0.00624	0.00169	0.00254	0.00996	0.00559	0.00486
17	0.01074	0.01030	0.01785	0.60515	0.18232	0.01200	0.05830	0.01424	0.01097	0.01445	0.00958	0.01391	0.00736	0.00512	0.00533	0.00173	0.00700	0.00479	0.00242	0.00644
18	0.04775	0.12935	0.19709	0.05589	0.06412	0.14492	0.13788	0.07315	0.04450	0.01728	0.03308	0.01252	0.00889	0.00528	0.00498	0.00156	0.00725	0.00443	0.00293	0.00715
19	0.00865	0.00621	0.00724	0.00699	0.00873	0.00581	0.00533	0.01180	0.09261	0.06979	0.24324	0.12055	0.33048	0.01195	0.00620	0.00181	0.00307	0.04891	0.00532	0.00533
20	0.00847	0.00575	0.00704	0.00713	0.00850	0.00544	0.00539	0.01103	0.05535	0.05664	0.23494	0.22515	0.17500	0.01226	0.00616	0.00185	0.00312	0.08902	0.07666	0.00510
21	0.04666	0.04598	0.01356	0.02746	0.05855	0.01003	0.02662	0.12885	0.03446	0.01979	0.01013	0.01154	0.00813	0.00453	0.00428	0.00108	0.00463	0.00364	0.00343	0.53665

[dist]
# distance from previous block
# <min> <max>
1	4

[block]
# block no. 3 follows, 46 sequences, length 73
# corresponding to MSA columns:
# 105-177
name=unknown_D
#
# <colnr> <probs for GDERKNQSTAVLIFYWHMCP>
#	G	D	E	R	K	N	Q	S	T	A	V	L	I	F	Y	W	H	M	C	P
0	0.00898	0.00757	0.00834	0.00840	0.02910	0.00772	0.00629	0.01500	0.26520	0.01719	0.04978	0.08214	0.37761	0.01135	0.00607	0.00187	0.00351	0.08297	0.00502	0.00590
1	0.01132	0.00938	0.01115	0.03204	0.01329	0.00721	0.00657	0.01370	0.01108	0.04071	0.00975	0.01127	0.00797	0.00404	0.00400	0.00084	0.00403	0.00325	0.00321	0.79519
2	0.00878	0.00503	0.00540	0.00543	0.00666	0.00483	0.00402	0.01099	0.01172	0.01878	0.13833	0.08704	0.11746	0.00857	0.00464	0.00144	0.00254	0.00719	0.54632	0.00483
3	0.85155	0.01022	0.00777	0.00695	0.01022	0.01186	0.00573	0.01554	0.00900	0.02372	0.00736	0.00859	0.00573	0.00491	0.00327	0.00164	0.00409	0.00286	0.00327	0.00573
4	0.00713	0.00535	0.00661	0.00638	0.00770	0.00482	0.00475	0.00926	0.01400	0.01913	0.56460	0.08472	0.22261	0.01174	0.00627	0.00172	0.00257	0.01024	0.00555	0.00482
5	0.01248	0.01426	0.03119	0.02228	0.02763	0.01337	0.76203	0.01693	0.01248	0.01693	0.01070	0.01426	0.00802	0.00446	0.00624	0.00178	0.00891	0.00624	0.00267	0.00713
6	0.00690	0.00537	0.00627	0.00607	0.00755	0.00474	0.00454	0.00884	0.01355	0.01791	0.43487	0.05891	0.38130	0.01209	0.00625	0.00173	0.00259	0.01039	0.00539	0.00474
7	0.00647	0.00462	0.00616	0.00734	0.00767	0.00431	0.00491	0.00743	0.01025	0.01371	0.04977	0.78952	0.03538	0.01640	0.00673	0.00213	0.00305	0.01488	0.00493	0.00431
8	0.02372	0.00900	0.01227	0.00941	0.01350	0.00777	0.00777	0.02576	0.01513	0.78489	0.02086	0.01799	0.01309	0.00654	0.00532	0.00164	0.00450	0.00532	0.00654	0.00900
9	0.24722	0.00764	0.00709	0.00640	0.00857	0.00830	0.00506	0.10682	0.01222	0.02253	0.01391	0.01572	0.01079	0.00583	0.00378	0.00139	0.00334	0.00433	0.50343	0.00566
10	0.62637	0.00913	0.00761	0.00677	0.00973	0.01023	0.00551	0.01578	0.00989	0.08538	0.01031	0.01144	0.00779	0.00528	0.00352	0.00156	0.00382	0.00345	0.16059	0.00584
11	0.12643	0.02328	0.01406	0.01276	0.01556	0.69281	0.00964	0.02040	0.01421	0.01432	0.00807	0.00941	0.00667	0.00538	0.00458	0.00140	0.00884	0.00334	0.00279	0.00608
12	0.01206	0.01366	0.10599	0.22968	0.43302	0.02977	0.04532	0.01563	0.01161	0.01612	0.00972	0.01304	0.00777	0.00488	0.00522	0.00161	0.00676	0.00460	0.00252	0.03100
13	0.01176	0.01910	0.31320	0.01943	0.02560	0.01301	0.47090	0.01679	0.01191	0.01679	0.01018	0.01305	0.00751	0.00476	0.00599	0.00175	0.02309	0.00534	0.00250	0.00736
14	0.02365	0.00912	0.01234	0.00946	0.01355	0.00795	0.00782	0.04078	0.01533	0.76960	0.02069	0.01789	0.01300	0.00654	0.00532	0.00163	0.00453	0.00530	0.00652	0.00900
15	0.00666	0.00476	0.00638	0.00761	0.00801	0.00448	0.00529	0.00774	0.01034	0.01374	0.02902	0.73187	0.03449	0.01636	0.00681	0.00218	0.00326	0.09177	0.00490	0.00435
16	0.02344	0.00945	0.01255	0.00962	0.01372	0.00844	0.00795	0.08277	0.01588	0.72683	0.02023	0.01758	0.01277	0.00653	0.00531	0.00163	0.00460	0.00527	0.00645	0.00900
17	0.00696	0.00538	0.00634	0.00610	0.00758	0.00476	0.00457	0.00896	0.01372	0.01825	0.46939	0.04434	0.36078	0.01191	0.00624	0.00171	0.00257	0.01024	0.00543	0.00476
18	0.02351	0.00934	0.01248	0.00957	0.01366	0.00827	0.00790	0.06884	0.01570	0.74101	0.02038	0.01768	0.01285	0.00653	0.00531	0.00163	0.00458	0.00528	0.00647	0.00900
19	0.01308	0.01256	0.02146	0.03245	0.78123	0.01256	0.01622	0.01622	0.01204	0.01727	0.00994	0.01308	0.00837	0.00471	0.00523	0.00157	0.00628	0.00471	0.00262	0.00837
20	0.02163	0.00892	0.01188	0.00925	0.01302	0.00795	0.00758	0.06702	0.01568	0.65289	0.10780	0.02016	0.01709	0.00702	0.00542	0.00164	0.00434	0.00577	0.00639	0.00853
21	0.01494	0.00898	0.00986	0.00823	0.01088	0.00940	0.00657	0.25481	0.05695	0.12215	0.06092	0.01840	0.01429	0.00659	0.00465	0.00145	0.00389	0.00525	0.37485	0.00693
22	0.18480	0.08965	0.02225	0.02840	0.03451	0.17919	0.35383	0.01737	0.01210	0.01700	0.00914	0.01155	0.00717	0.00478	0.00503	0.00160	0.00769	0.00458	0.00276	0.00660
23	0.00663	0.00470	0.00614	0.00719	0.00761	0.00444	0.00484	0.00763	0.01010	0.01360	0.02878	0.69634	0.06430	0.04127	0.03839	0.00244	0.00353	0.01392	0.03384	0.00431
24	0.01371	0.09308	0.02868	0.01974	0.02472	0.08645	0.59241	0.01753	0.01264	0.04316	0.01049	0.01339	0.00797	0.00463	0.00579	0.00167	0.00850	0.00561	0.00277	0.00707
25	0.00767	0.00520	0.00616	0.00616	0.00630	0.00534	0.00370	0.00794	0.00780	0.01054	0.01630	0.03260	0.01835	0.70228	0.13765	0.00561	0.00643	0.00740	0.00315	0.00342
26	0.00625	0.00536	0.00536	0.00536	0.00714	0.00446	0.00402	0.00759	0.01205	0.01428	0.05355	0.05088	0.77909	0.01339	0.00625	0.00179	0.00268	0.01116	0.00491	0.00446
27	0.00998	0.00940	0.01586	0.80150	0.03641	0.01175	0.01468	0.01351	0.01057	0.01351	0.00940	0.01409	0.00705	0.00529	0.00529	0.00176	0.00705	0.00470	0.00235	0.00587
28	0.02127	0.01147	0.01237	0.00987	0.01351	0.10940	0.00799	0.12781	0.01607	0.50110	0.01771	0.01634	0.01175	0.00634	0.00507	0.00155	0.00512	0.00495	0.09209	0.00821
29	0.01060	0.02735	0.78682	0.01507	0.02288	0.01228	0.01953	0.01674	0.01116	0.01674	0.00949	0.01116	0.00670	0.00502	0.00502	0.00167	0.00781	0.00391	0.00223	0.00781
30	0.82866	0.01035	0.00799	0.00710	0.01039	0.01198	0.00584	0.03614	0.00943	0.02398	0.00751	0.00870	0.00582	0.00495	0.00333	0.00163	0.00414	0.00291	0.00333	0.00582
31	0.00767	0.00520	0.00612	0.00612	0.00624	0.00532	0.00365	0.00792	0.00779	0.01051	0.01633	0.03280	0.01844	0.71353	0.12652	0.00556	0.00630	0.00742	0.00316	0.00340
32	0.00744	0.00540	0.00701	0.00661	0.00787	0.00497	0.00496	0.00990	0.01487	0.02098	0.75538	0.03985	0.07308	0.01089	0.00624	0.00167	0.00250	0.00961	0.00579	0.00497
33	0.00769	0.00514	0.00582	0.00582	0.00584	0.00516	0.00327	0.00772	0.00770	0.01029	0.01661	0.03431	0.01909	0.79810	0.04284	0.00520	0.00531	0.00765	0.00320	0.00323
34	0.55078	0.03158	0.01039	0.00829	0.01189	0.01214	0.00688	0.14093	0.01271	0.15536	0.01055	0.01087	0.00755	0.00542	0.00396	0.00161	0.00449	0.00360	0.00414	0.00685
35	0.01157	0.01157	0.01619	0.01388	0.01388	0.01619	0.01157	0.01272	0.00810	0.01272	0.00694	0.01157	0.00694	0.00925	0.01735	0.00231	0.80453	0.00463	0.00231	0.00578
36	0.00744	0.00546	0.00702	0.00689	0.00817	0.00504	0.00529	0.00975	0.01417	0.01956	0.58534	0.06264	0.13224	0.01171	0.00638	0.00178	0.00281	0.09785	0.00558	0.00490
37	0.12989	0.00915	0.01169	0.00909	0.01308	0.00829	0.00751	0.02445	0.01434	0.68727	0.01913	0.01679	0.01214	0.00633	0.00505	0.00164	0.00445	0.00500	0.00612	0.00858
38	0.01413	0.81739	0.02770	0.00905	0.01357	0.02092	0.00905	0.01583	0.01074	0.01244	0.00735	0.00848	0.00678	0.00452	0.00339	0.00113	0.00565	0.00283	0.00226	0.00678
39	0.01067	0.04317	0.77161	0.01495	0.02269	0.01245	0.01932	0.01672	0.01115	0.01666	0.00944	0.01111	0.00670	0.00501	0.00499	0.00166	0.00777	0.00388	0.00223	0.00779
40	0.85155	0.01022	0.00777	0.00695	0.01022	0.01186	0.00573	0.01554	0.00900	0.02372	0.00736	0.00859	0.00573	0.00491	0.00327	0.00164	0.00409	0.00286	0.00327	0.00573
41	0.00760	0.00551	0.00753	0.00761	0.00831	0.00604	0.00557	0.00892	0.00860	0.01194	0.01730	0.02848	0.04640	0.27512	0.48075	0.00684	0.01039	0.04971	0.00315	0.00425
42	0.01192	0.01019	0.01076	0.00978	0.01245	0.01152	0.00754	0.02423	0.62501	0.02073	0.05511	0.02471	0.10778	0.03646	0.00627	0.00190	0.00397	0.00679	0.00526	0.00759
43	0.01424	0.65775	0.09754	0.01059	0.03446	0.08320	0.01031	0.01636	0.01116	0.01301	0.00768	0.00894	0.00682	0.00465	0.00370	0.00121	0.00619	0.00302	0.00231	0.00687
44	0.02325	0.00974	0.01273	0.00976	0.01387	0.00888	0.00806	0.12039	0.01638	0.68850	0.01981	0.01731	0.01256	0.00652	0.00531	0.00163	0.00467	0.00524	0.00638	0.00900
45	0.01170	0.00871	0.00680	0.00655	0.00806	0.15203	0.00491	0.01396	0.01181	0.01845	0.01555	0.01781	0.01229	0.00603	0.00390	0.00126	0.00378	0.00464	0.68660	0.00515
46	0.04483	0.00903	0.01215	0.00934	0.01341	0.00787	0.00772	0.02550	0.01497	0.76548	0.02051	0.01775	0.01290	0.00650	0.00526	0.00164	0.00449	0.00525	0.00646	0.00891
47	0.85155	0.01022	0.00777	0.00695	0.01022	0.01186	0.00573	0.01554	0.00900	0.02372	0.00736	0.00859	0.00573	0.00491	0.00327	0.00164	0.00409	0.00286	0.00327	0.00573
48	0.03130	0.29138	0.16255	0.07744	0.03416	0.04665	0.08031	0.13044	0.04316	0.01767	0.01028	0.03362	0.00841	0.00544	0.00466	0.00149	0.00649	0.00431	0.00301	0.00724
49	0.00645	0.00471	0.00607	0.00711	0.00761	0.00433	0.00480	0.00746	0.01048	0.01380	0.05297	0.69978	0.12293	0.01603	0.00667	0.00209	0.00301	0.01442	0.00493	0.00433
50	0.00651	0.00465	0.00621	0.00744	0.00777	0.00435	0.00502	0.00748	0.01019	0.01357	0.02910	0.78686	0.03482	0.01650	0.00677	0.00216	0.00312	0.03827	0.00491	0.00431
51	0.00998	0.00940	0.01586	0.80150	0.03641	0.01175	0.01468	0.01351	0.01057	0.01351	0.00940	0.01409	0.00705	0.00529	0.00529	0.00176	0.00705	0.00470	0.00235	0.00587
52	0.00755	0.00566	0.00850	0.00850	0.00944	0.00661	0.00661	0.00944	0.00850	0.01227	0.01416	0.02077	0.01322	0.03965	0.79326	0.00850	0.01416	0.00566	0.00283	0.00472
53	0.00998	0.00940	0.01586	0.80150	0.03641	0.01175	0.01468	0.01351	0.01057	0.01351	0.00940	0.01409	0.00705	0.00529	0.00529	0.00176	0.00705	0.00470	0.00235	0.00587
54	0.01265	0.01254	0.02118	0.17598	0.53989	0.03732	0.09137	0.01594	0.01190	0.01639	0.00986	0.01328	0.00804	0.00482	0.00533	0.00162	0.00680	0.00482	0.00258	0.00770
55	0.01156	0.01089	0.03643	0.03506	0.04051	0.04739	0.23710	0.03978	0.01178	0.06404	0.01670	0.21278	0.01665	0.03657	0.03763	0.00228	0.08203	0.05105	0.00366	0.00611
56	0.00625	0.00536	0.00536	0.00536	0.00714	0.00446	0.00402	0.00759	0.01205	0.01428	0.05355	0.05088	0.77909	0.01339	0.00625	0.00179	0.00268	0.01116	0.00491	0.00446
57	0.01429	0.77182	0.04084	0.00934	0.01385	0.05134	0.00928	0.01606	0.01092	0.01253	0.00742	0.00857	0.00678	0.00457	0.00348	0.00115	0.00585	0.00287	0.00228	0.00678
58	0.02372	0.00900	0.01227	0.00941	0.01350	0.00777	0.00777	0.02576	0.01513	0.78489	0.02086	0.01799	0.01309	0.00654	0.00532	0.00164	0.00450	0.00532	0.00654	0.00900
59	0.03153	0.07102	0.50870	0.01555	0.06497	0.03308	0.06322	0.11778	0.01317	0.01883	0.00981	0.01141	0.00717	0.00513	0.00500	0.00162	0.00735	0.00411	0.00273	0.00781
60	0.01481	0.44076	0.06486	0.05387	0.01734	0.20148	0.08498	0.01702	0.01185	0.01330	0.00809	0.00984	0.00693	0.00495	0.00461	0.00135	0.03141	0.00351	0.00242	0.00664
61	0.00726	0.00540	0.00676	0.00642	0.00776	0.00489	0.00481	0.00955	0.01444	0.01996	0.64843	0.04153	0.18067	0.01127	0.00624	0.00168	0.00253	0.00985	0.00566	0.00489
62	0.00751	0.00521	0.00737	0.00804	0.00873	0.00493	0.02831	0.00869	0.01038	0.04415	0.02723	0.65836	0.03170	0.03674	0.04042	0.00248	0.00393	0.05645	0.00477	0.00459
63	0.00659	0.00537	0.00583	0.00571	0.00735	0.00461	0.00428	0.00825	0.01285	0.01619	0.25350	0.04774	0.57795	0.01268	0.00624	0.00175	0.00263	0.01072	0.00516	0.00461
64	0.00735	0.00506	0.00579	0.00600	0.00621	0.00493	0.00356	0.00762	0.00847	0.01114	0.02189	0.16806	0.08595	0.61096	0.02174	0.00434	0.00457	0.00923	0.00364	0.00350
65	0.01402	0.01241	0.01240	0.01102	0.01408	0.05891	0.00859	0.07907	0.67532	0.02236	0.02012	0.01864	0.01509	0.00701	0.00534	0.00175	0.00461	0.00574	0.00522	0.00828
66	0.01413	0.81739	0.02770	0.00905	0.01357	0.02092	0.00905	0.01583	0.01074	0.01244	0.00735	0.00848	0.00678	0.00452	0.00339	0.00113	0.00565	0.00283	0.00226	0.00678
67	0.00644	0.00496	0.00590	0.00657	0.00752	0.00442	0.00461	0.00762	0.01112	0.01415	0.06859	0.46278	0.33395	0.01503	0.00654	0.00199	0.00292	0.02556	0.00494	0.00440
68	0.01308	0.01256	0.02146	0.03245	0.78123	0.01256	0.01622	0.01622	0.01204	0.01727	0.00994	0.01308	0.00837	0.00471	0.00523	0.00157	0.00628	0.00471	0.00262	0.00837
69	0.01308	0.01256	0.02146	0.03245	0.78123	0.01256	0.01622	0.01622	0.01204	0.01727	0.00994	0.01308	0.00837	0.00471	0.00523	0.00157	0.00628	0.00471	0.00262	0.00837
70	0.01308	0.01256	0.02146	0.03245	0.78123	0.01256	0.01622	0.01622	0.01204	0.01727	0.00994	0.01308	0.00837	0.00471	0.00523	0.00157	0.00628	0.00471	0.00262	0.00837
71	0.01157	0.01157	0.01619	0.01388	0.01388	0.01619	0.01157	0.01272	0.00810	0.01272	0.00694	0.01157	0.00694	0.00925	0.01735	0.00231	0.80453	0.00463	0.00231	0.00578
72	0.01985	0.01468	0.01587	0.03104	0.01687	0.01628	0.01016	0.74567	0.02451	0.03284	0.01261	0.01273	0.00894	0.00632	0.00529	0.00159	0.00585	0.00476	0.00522	0.00892

[dist]
# distance from previous block
# <min> <max>
0	1

[block]
# block no. 4 follows, 46 sequences, length 44
# corresponding to MSA columns:
# 179-222
name=unknown_E
#
# <colnr> <probs for GDERKNQSTAVLIFYWHMCP>
#	G	D	E	R	K	N	Q	S	T	A	V	L	I	F	Y	W	H	M	C	P
0	0.02032	0.01445	0.01564	0.01199	0.01622	0.01586	0.00991	0.71800	0.02425	0.07977	0.01320	0.01302	0.00924	0.00636	0.00529	0.00159	0.00574	0.00479	0.00537	0.00899
1	0.01157	0.01157	0.01619	0.01388	0.01388	0.01619	0.01157	0.01272	0.00810	0.01272	0.00694	0.01157	0.00694	0.00925	0.01735	0.00231	0.80453	0.00463	0.00231	0.00578
2	0.02341	0.00949	0.01258	0.00964	0.01374	0.00851	0.00796	0.08872	0.01596	0.72077	0.02016	0.01754	0.01274	0.00653	0.00531	0.00163	0.00461	0.00527	0.00644	0.00900
3	0.00635	0.00532	0.00552	0.00555	0.00722	0.00450	0.00413	0.00776	0.01218	0.01477	0.10795	0.08635	0.68760	0.01334	0.00627	0.00179	0.00268	0.01122	0.00498	0.00450
4	0.01315	0.01136	0.01195	0.01076	0.01375	0.01315	0.00837	0.02809	0.77168	0.02211	0.02152	0.01972	0.01614	0.00717	0.00538	0.00179	0.00418	0.00598	0.00538	0.00837
5	0.01910	0.05102	0.09439	0.01226	0.01640	0.11182	0.06264	0.16838	0.01576	0.31723	0.01418	0.01403	0.00976	0.00616	0.00603	0.00163	0.06183	0.00472	0.00461	0.00806
6	0.01413	0.81739	0.02770	0.00905	0.01357	0.02092	0.00905	0.01583	0.01074	0.01244	0.00735	0.00848	0.00678	0.00452	0.00339	0.00113	0.00565	0.00283	0.00226	0.00678
7	0.00724	0.00532	0.00678	0.00658	0.00779	0.00486	0.00487	0.00945	0.01416	0.01967	0.62407	0.11657	0.12961	0.01166	0.00629	0.00172	0.00257	0.01028	0.00563	0.00486
8	0.01869	0.01459	0.01504	0.01195	0.01586	0.05104	0.00972	0.58262	0.17391	0.03015	0.01425	0.01396	0.01032	0.00647	0.00528	0.00162	0.00566	0.00494	0.00519	0.00874
9	0.00640	0.00475	0.00598	0.00697	0.00756	0.00433	0.00473	0.00741	0.01050	0.01365	0.03396	0.66080	0.18181	0.01594	0.00665	0.00208	0.00299	0.01426	0.00491	0.00433
10	0.03137	0.02547	0.02636	0.00863	0.03449	0.00594	0.00608	0.01070	0.02855	0.09150	0.04650	0.58752	0.02939	0.03278	0.00677	0.00208	0.00358	0.01230	0.00482	0.00517
11	0.01091	0.09535	0.72148	0.01455	0.02208	0.01302	0.01863	0.01666	0.01113	0.01637	0.00930	0.01093	0.00670	0.00498	0.00488	0.00163	0.00763	0.00381	0.00223	0.00772
12	0.01315	0.01136	0.01195	0.01076	0.01375	0.01315	0.00837	0.02809	0.77168	0.02211	0.02152	0.01972	0.01614	0.00717	0.00538	0.00179	0.00418	0.00598	0.00538	0.00837
13	0.02280	0.00928	0.01232	0.00950	0.01348	0.00829	0.00783	0.07956	0.01584	0.69874	0.05072	0.01847	0.01426	0.00670	0.00535	0.00163	0.00452	0.00545	0.00642	0.00884
14	0.03200	0.01224	0.01744	0.01907	0.24221	0.04434	0.02948	0.03074	0.01001	0.01480	0.00848	0.01285	0.00788	0.03877	0.01278	0.00212	0.45094	0.00472	0.00255	0.00657
15	0.02372	0.00900	0.01227	0.00941	0.01350	0.00777	0.00777	0.02576	0.01513	0.78489	0.02086	0.01799	0.01309	0.00654	0.00532	0.00164	0.00450	0.00532	0.00654	0.00900
16	0.02322	0.00911	0.01225	0.00947	0.01351	0.00802	0.00780	0.02587	0.05084	0.74889	0.02089	0.01808	0.01323	0.00657	0.00532	0.00164	0.00448	0.00535	0.00649	0.00897
17	0.01144	0.04406	0.62441	0.01628	0.05859	0.01280	0.08836	0.05244	0.01197	0.01747	0.00972	0.01155	0.00701	0.00501	0.00512	0.00166	0.00770	0.00418	0.00244	0.00781
18	0.00769	0.00513	0.00577	0.00577	0.00577	0.00513	0.00320	0.00769	0.00769	0.01025	0.01666	0.03460	0.01922	0.81421	0.02691	0.00513	0.00513	0.00769	0.00320	0.00320
19	0.00769	0.00513	0.00577	0.00577	0.00577	0.00513	0.00320	0.00769	0.00769	0.01025	0.01666	0.03460	0.01922	0.81421	0.02691	0.00513	0.00513	0.00769	0.00320	0.00320
20	0.00801	0.00590	0.00901	0.03507	0.01078	0.00559	0.07071	0.00947	0.01074	0.05084	0.02712	0.61612	0.05115	0.01447	0.00660	0.00208	0.00386	0.05292	0.00471	0.00485
21	0.01713	0.01252	0.01359	0.01119	0.01481	0.01391	0.00899	0.32987	0.38391	0.10848	0.01782	0.01665	0.01288	0.00677	0.00534	0.00169	0.00489	0.00541	0.00547	0.00869
22	0.01413	0.81739	0.02770	0.00905	0.01357	0.02092	0.00905	0.01583	0.01074	0.01244	0.00735	0.00848	0.00678	0.00452	0.00339	0.00113	0.00565	0.00283	0.00226	0.00678
23	0.81826	0.01017	0.00795	0.00705	0.01036	0.01170	0.00581	0.01595	0.00924	0.05433	0.00790	0.00897	0.00602	0.00497	0.00335	0.00164	0.00411	0.00296	0.00340	0.00586
24	0.00660	0.00520	0.00596	0.00613	0.00745	0.00456	0.00446	0.00814	0.01235	0.01585	0.23124	0.21911	0.42724	0.01345	0.00636	0.00184	0.00272	0.01163	0.00514	0.00456
25	0.00655	0.00537	0.00577	0.00567	0.00733	0.00459	0.00425	0.00817	0.01276	0.01597	0.23100	0.04809	0.60058	0.01276	0.00624	0.00176	0.00263	0.01077	0.00513	0.00459
26	0.00663	0.00522	0.00599	0.00612	0.00746	0.00457	0.00447	0.00821	0.01247	0.01605	0.25041	0.20118	0.42582	0.01331	0.00635	0.00182	0.00271	0.01149	0.00516	0.00457
27	0.01315	0.01136	0.01195	0.01076	0.01375	0.01315	0.00837	0.02809	0.77168	0.02211	0.02152	0.01972	0.01614	0.00717	0.00538	0.00179	0.00418	0.00598	0.00538	0.00837
28	0.85155	0.01022	0.00777	0.00695	0.01022	0.01186	0.00573	0.01554	0.00900	0.02372	0.00736	0.00859	0.00573	0.00491	0.00327	0.00164	0.00409	0.00286	0.00327	0.00573
29	0.01525	0.01246	0.01434	0.06935	0.13351	0.06703	0.01023	0.13519	0.33954	0.09573	0.01680	0.04047	0.01286	0.00664	0.00533	0.00169	0.00532	0.00554	0.00464	0.00807
30	0.02180	0.01207	0.01417	0.01087	0.01503	0.01233	0.00898	0.41630	0.02028	0.38708	0.01654	0.01519	0.01092	0.00644	0.00530	0.00161	0.00520	0.00502	0.00588	0.00899
31	0.01315	0.01136	0.01195	0.01076	0.01375	0.01315	0.00837	0.02809	0.77168	0.02211	0.02152	0.01972	0.01614	0.00717	0.00538	0.00179	0.00418	0.00598	0.00538	0.00837
32	0.85155	0.01022	0.00777	0.00695	0.01022	0.01186	0.00573	0.01554	0.00900	0.02372	0.00736	0.00859	0.00573	0.00491	0.00327	0.00164	0.00409	0.00286	0.00327	0.00573
33	0.01402	0.17378	0.04091	0.01261	0.03269	0.01381	0.13059	0.09321	0.01243	0.09195	0.01144	0.01351	0.00902	0.00622	0.00741	0.00163	0.17950	0.00464	0.14381	0.00682
34	0.02045	0.01202	0.09009	0.01047	0.01491	0.01006	0.00931	0.15363	0.06711	0.48832	0.01778	0.01616	0.01168	0.00627	0.00522	0.00160	0.00501	0.00502	0.00565	0.04923
35	0.02090	0.00914	0.01187	0.00944	0.01316	0.00847	0.00768	0.02509	0.13909	0.60890	0.07156	0.01971	0.01604	0.00693	0.00539	0.00166	0.00431	0.00571	0.00630	0.00863
36	0.01732	0.14356	0.09464	0.01499	0.12750	0.13042	0.01164	0.31819	0.01749	0.05899	0.01086	0.01172	0.00820	0.00557	0.00488	0.00149	0.00654	0.00419	0.00380	0.00801
37	0.00958	0.02678	0.03211	0.10211	0.01486	0.00752	0.05564	0.01191	0.01122	0.02847	0.06378	0.22156	0.03759	0.00877	0.00541	0.00154	0.00448	0.05531	0.00380	0.29758
38	0.07810	0.07863	0.34065	0.01464	0.05034	0.08309	0.10867	0.06986	0.02513	0.06505	0.03079	0.01251	0.00873	0.00531	0.00498	0.00161	0.00706	0.00436	0.00305	0.00745
39	0.01347	0.66852	0.17075	0.01018	0.01532	0.01929	0.01102	0.01600	0.01082	0.01325	0.00775	0.00899	0.00677	0.00462	0.00370	0.00123	0.00606	0.00303	0.00226	0.00698
40	0.00679	0.00488	0.00636	0.00703	0.00764	0.00453	0.00483	0.00814	0.01148	0.01561	0.24574	0.53311	0.06129	0.04748	0.00741	0.00212	0.00297	0.01303	0.00510	0.00445
41	0.01217	0.05116	0.09833	0.07851	0.16035	0.04605	0.32770	0.01576	0.01189	0.03005	0.01213	0.09631	0.01066	0.00604	0.00587	0.00173	0.01919	0.00621	0.00288	0.00699
42	0.01467	0.04836	0.20371	0.03213	0.01866	0.01223	0.13859	0.18844	0.01504	0.12680	0.01532	0.03638	0.04659	0.00659	0.00569	0.00170	0.02364	0.03415	0.02373	0.00757
43	0.00648	0.00477	0.00607	0.00699	0.00760	0.00437	0.00477	0.00757	0.01074	0.01412	0.08160	0.63942	0.15477	0.01568	0.00663	0.00206	0.00297	0.01406	0.00497	0.00437

[dist]
# distance from previous block
# <min> <max>
0	4

[block]
# block no. 5 follows, 46 sequences, length 62
# corresponding to MSA columns:
# 228-289
name=unknown_F
#
# <colnr> <probs for GDERKNQSTAVLIFYWHMCP>
#	G	D	E	R	K	N	Q	S	T	A	V	L	I	F	Y	W	H	M	C	P
0	0.01563	0.04034	0.01723	0.12362	0.10083	0.01238	0.10740	0.19558	0.04797	0.16030	0.03908	0.04066	0.02926	0.00653	0.00593	0.00169	0.03806	0.00563	0.00426	0.00764
1	0.65660	0.03354	0.03513	0.03887	0.01242	0.07492	0.00712	0.04267	0.01034	0.02222	0.02201	0.00968	0.00686	0.00512	0.00366	0.00161	0.00484	0.00320	0.00325	0.00596
2	0.04532	0.01312	0.04428	0.16923	0.45949	0.05606	0.06433	0.01629	0.03289	0.01658	0.00994	0.01306	0.00805	0.00503	0.00547	0.00164	0.02436	0.00467	0.00266	0.00753
3	0.00836	0.00651	0.00755	0.00750	0.00897	0.00656	0.00552	0.01305	0.18577	0.01800	0.24259	0.25102	0.16455	0.01187	0.00609	0.00183	0.00307	0.01038	0.03533	0.00547
4	0.01478	0.06984	0.04445	0.04583	0.38069	0.19467	0.05866	0.04838	0.06134	0.01675	0.01022	0.01240	0.00831	0.00510	0.00507	0.00153	0.00707	0.00443	0.00288	0.00760
5	0.00835	0.00593	0.00735	0.00734	0.00864	0.00570	0.00547	0.03746	0.05220	0.03769	0.33679	0.26129	0.11034	0.01235	0.00627	0.00185	0.00308	0.05543	0.03133	0.00515
6	0.01096	0.00940	0.01096	0.00783	0.01253	0.00705	0.00626	0.01331	0.01096	0.01723	0.00940	0.01096	0.00783	0.00392	0.00392	0.00078	0.00392	0.00313	0.00313	0.84653
7	0.00649	0.00476	0.00610	0.00705	0.00762	0.00437	0.00480	0.00758	0.01073	0.01417	0.08765	0.65693	0.13087	0.01573	0.00665	0.00207	0.00298	0.01413	0.00498	0.00437
8	0.00637	0.00512	0.00570	0.00614	0.00741	0.00445	0.00443	0.00760	0.01141	0.01406	0.04474	0.30527	0.51131	0.01448	0.00644	0.00192	0.00286	0.03098	0.00491	0.00442
9	0.00644	0.00533	0.00564	0.00563	0.00728	0.00453	0.00420	0.00793	0.01240	0.01528	0.16040	0.08153	0.63889	0.01314	0.00627	0.00178	0.00267	0.01108	0.00504	0.00453
10	0.85155	0.01022	0.00777	0.00695	0.01022	0.01186	0.00573	0.01554	0.00900	0.02372	0.00736	0.00859	0.00573	0.00491	0.00327	0.00164	0.00409	0.00286	0.00327	0.00573
11	0.02010	0.01481	0.01587	0.01216	0.01639	0.01639	0.01005	0.76360	0.02486	0.03332	0.01269	0.01269	0.00899	0.00635	0.00529	0.00159	0.00582	0.00476	0.00529	0.00899
12	0.85155	0.01022	0.00777	0.00695	0.01022	0.01186	0.00573	0.01554	0.00900	0.02372	0.00736	0.00859	0.00573	0.00491	0.00327	0.00164	0.00409	0.00286	0.00327	0.00573
13	0.00791	0.00541	0.00700	0.00680	0.00804	0.00495	0.00502	0.01002	0.01391	0.05215	0.56210	0.17466	0.09838	0.01182	0.00629	0.00176	0.00269	0.01045	0.00562	0.00500
14	0.01353	0.01215	0.01213	0.01092	0.01390	0.05808	0.00847	0.02769	0.72809	0.02159	0.02075	0.01914	0.01560	0.00707	0.00534	0.00177	0.00449	0.00583	0.00523	0.00824
15	0.03529	0.03964	0.01556	0.11316	0.34363	0.06863	0.01155	0.01422	0.01190	0.04052	0.06412	0.15585	0.04853	0.00773	0.00546	0.00168	0.00552	0.00690	0.00343	0.00670
16	0.09520	0.31708	0.14048	0.01197	0.03946	0.14886	0.03176	0.04261	0.07024	0.03174	0.00953	0.01063	0.00768	0.00517	0.00446	0.00143	0.01816	0.00363	0.00288	0.00702
17	0.01975	0.02520	0.01498	0.01362	0.01634	0.79299	0.01021	0.02111	0.01498	0.01294	0.00817	0.00953	0.00681	0.00545	0.00477	0.00136	0.00953	0.00340	0.00272	0.00613
18	0.00655	0.00504	0.00591	0.00636	0.00739	0.00449	0.00447	0.00779	0.01141	0.01462	0.13090	0.36262	0.34661	0.05169	0.00742	0.00208	0.00293	0.01240	0.00494	0.00440
19	0.11478	0.12119	0.01771	0.07176	0.15956	0.09459	0.07184	0.05107	0.07248	0.07723	0.01091	0.01241	0.00849	0.00524	0.00493	0.00150	0.02114	0.00424	0.00332	0.07561
20	0.01524	0.20405	0.06998	0.03752	0.06497	0.13142	0.11786	0.18607	0.04728	0.01895	0.01120	0.05150	0.00937	0.00584	0.00496	0.00152	0.00676	0.00482	0.00336	0.00732
21	0.00755	0.00566	0.00850	0.00850	0.00944	0.00661	0.00661	0.00944	0.00850	0.01227	0.01416	0.02077	0.01322	0.03965	0.79326	0.00850	0.01416	0.00566	0.00283	0.00472
22	0.02535	0.00586	0.00775	0.02804	0.00870	0.00618	0.00528	0.02693	0.00875	0.06317	0.01423	0.02418	0.01422	0.31943	0.24326	0.17772	0.00762	0.00608	0.00316	0.00409
23	0.08259	0.05251	0.09252	0.01763	0.24567	0.10639	0.03136	0.04903	0.08609	0.01740	0.01108	0.01377	0.00920	0.03692	0.06652	0.00221	0.02708	0.00450	0.00307	0.04448
24	0.03051	0.21223	0.03142	0.02938	0.11943	0.07162	0.00893	0.03271	0.01169	0.05701	0.03139	0.18761	0.06532	0.02781	0.02261	0.00186	0.02554	0.02318	0.00358	0.00620
25	0.05514	0.00906	0.01125	0.00902	0.01254	0.00854	0.00732	0.08707	0.06753	0.50345	0.04447	0.04247	0.06751	0.00737	0.00529	0.00165	0.00426	0.00600	0.04199	0.00807
26	0.01303	0.12138	0.02452	0.01707	0.02037	0.08207	0.35604	0.01579	0.01105	0.01464	0.00883	0.01222	0.00740	0.00609	0.00930	0.00183	0.26426	0.00502	0.00251	0.00657
27	0.23955	0.00932	0.01110	0.00877	0.01264	0.00884	0.00724	0.02310	0.01353	0.58644	0.01734	0.01554	0.01117	0.00612	0.00478	0.00164	0.00439	0.00468	0.00569	0.00814
28	0.01388	0.00678	0.00902	0.00784	0.01016	0.00604	0.00613	0.01599	0.01436	0.32722	0.35146	0.10863	0.06449	0.00986	0.00594	0.00172	0.00342	0.02458	0.00596	0.00651
29	0.00625	0.00536	0.00536	0.00536	0.00714	0.00446	0.00402	0.00759	0.01205	0.01428	0.05355	0.05088	0.77909	0.01339	0.00625	0.00179	0.00268	0.01116	0.00491	0.00446
30	0.00679	0.00532	0.00615	0.00606	0.00751	0.00468	0.00450	0.00860	0.01317	0.01721	0.36477	0.10052	0.41083	0.01250	0.00628	0.00176	0.00263	0.01075	0.00530	0.00468
31	0.85155	0.01022	0.00777	0.00695	0.01022	0.01186	0.00573	0.01554	0.00900	0.02372	0.00736	0.00859	0.00573	0.00491	0.00327	0.00164	0.00409	0.00286	0.00327	0.00573
32	0.02010	0.01481	0.01587	0.01216	0.01639	0.01639	0.01005	0.76360	0.02486	0.03332	0.01269	0.01269	0.00899	0.00635	0.00529	0.00159	0.00582	0.00476	0.00529	0.00899
33	0.01183	0.01124	0.01542	0.01323	0.01364	0.01528	0.01097	0.06991	0.00942	0.01426	0.00808	0.01254	0.00770	0.01197	0.09155	0.00286	0.66685	0.00474	0.00259	0.00593
34	0.00769	0.00513	0.00577	0.00577	0.00577	0.00513	0.00320	0.00769	0.00769	0.01025	0.01666	0.03460	0.01922	0.81421	0.02691	0.00513	0.00513	0.00769	0.00320	0.00320
35	0.01308	0.01256	0.02146	0.03245	0.78123	0.01256	0.01622	0.01622	0.01204	0.01727	0.00994	0.01308	0.00837	0.00471	0.00523	0.00157	0.00628	0.00471	0.00262	0.00837
36	0.01120	0.03604	0.11025	0.16527	0.14959	0.01130	0.10763	0.02606	0.07249	0.03391	0.10960	0.05545	0.03785	0.00686	0.00608	0.00173	0.04231	0.00615	0.00343	0.00680
37	0.04148	0.19932	0.05635	0.02936	0.03615	0.39727	0.04687	0.06642	0.01368	0.01495	0.00845	0.01007	0.00702	0.00538	0.00518	0.00143	0.04764	0.00363	0.00274	0.00661
38	0.82684	0.01067	0.00798	0.00715	0.01041	0.03506	0.00586	0.01571	0.00917	0.02340	0.00739	0.00862	0.00576	0.00492	0.00332	0.00163	0.00425	0.00288	0.00326	0.00574
39	0.01331	0.04533	0.01473	0.04324	0.03133	0.18840	0.02646	0.08390	0.01176	0.01479	0.01082	0.06886	0.01038	0.04922	0.09847	0.00275	0.27202	0.00531	0.00298	0.00595
40	0.00918	0.00459	0.00689	0.00689	0.00689	0.00459	0.00459	0.00689	0.00689	0.00918	0.00918	0.01607	0.00918	0.01837	0.02066	0.84619	0.00459	0.00459	0.00230	0.00230
41	0.07202	0.04561	0.03420	0.03655	0.01551	0.01123	0.09231	0.22441	0.01564	0.19977	0.01667	0.14779	0.01424	0.00864	0.02536	0.00190	0.00556	0.02051	0.00472	0.00737
42	0.09789	0.02069	0.21554	0.01408	0.04874	0.31077	0.06078	0.03588	0.01336	0.11883	0.01046	0.01151	0.00770	0.00536	0.00489	0.00155	0.00763	0.00400	0.00321	0.00713
43	0.01339	0.33370	0.34968	0.01273	0.03807	0.05187	0.03014	0.01710	0.01149	0.06560	0.00938	0.01060	0.00726	0.00490	0.00440	0.00143	0.00673	0.00361	0.00259	0.02534
