[name]
unknown

[dist]
# distance from previous block
# <min> <max>
0	133

[block]
# block no. 0 follows, 49 sequences, length 10
# corresponding to MSA columns:
# 170-179
name=unknown_A
#
# <colnr> <probs for GDERKNQSTAVLIFYWHMCP>
#	G	D	E	R	K	N	Q	S	T	A	V	L	I	F	Y	W	H	M	C	P
0	0.00664	0.00508	0.00615	0.00650	0.00768	0.00459	0.00492	0.00826	0.01181	0.01533	0.22152	0.21962	0.32242	0.01306	0.00624	0.00185	0.00292	0.12608	0.00490	0.00441
1	0.01318	0.01179	0.01995	0.02960	0.73982	0.01171	0.01499	0.01612	0.01171	0.06743	0.01019	0.01282	0.00830	0.00462	0.00501	0.00151	0.00590	0.00454	0.00275	0.00805
2	0.04289	0.01115	0.13463	0.00957	0.01295	0.00897	0.00865	0.03829	0.20400	0.23191	0.12122	0.11878	0.01923	0.00786	0.00528	0.00167	0.00432	0.00663	0.00490	0.00710
3	0.01105	0.16772	0.50062	0.01333	0.04873	0.05622	0.01502	0.01538	0.01069	0.01476	0.00959	0.01249	0.00773	0.00736	0.06020	0.00197	0.00746	0.03044	0.00231	0.00692
4	0.00898	0.00560	0.00732	0.00730	0.00874	0.00515	0.00572	0.01089	0.01255	0.11339	0.29241	0.17990	0.13306	0.01194	0.00617	0.00185	0.00325	0.17557	0.00518	0.00504
5	0.00752	0.00483	0.00636	0.00627	0.00705	0.00451	0.00446	0.00790	0.01067	0.01441	0.32685	0.07079	0.16131	0.01378	0.01120	0.32323	0.00320	0.00788	0.00410	0.00368
6	0.01317	0.04481	0.27403	0.09278	0.19103	0.06635	0.06066	0.04670	0.02794	0.09693	0.01050	0.01225	0.00779	0.00509	0.00524	0.00157	0.02862	0.00428	0.00289	0.00735
7	0.00950	0.01488	0.28404	0.01382	0.01823	0.00966	0.24309	0.01329	0.01088	0.01522	0.05550	0.09322	0.06078	0.04594	0.07003	0.00237	0.00711	0.02333	0.00298	0.00613
8	0.08269	0.00962	0.01200	0.00927	0.01314	0.00909	0.00765	0.14888	0.01560	0.61116	0.01771	0.01571	0.01135	0.00611	0.00494	0.00156	0.00448	0.00483	0.00583	0.00838
9	0.01127	0.01700	0.31289	0.11591	0.41185	0.01182	0.01654	0.01540	0.01103	0.01591	0.00929	0.01193	0.00726	0.00468	0.00494	0.00156	0.00665	0.00421	0.00233	0.00753

[dist]
# distance from previous block
# <min> <max>
0	1

[block]
# block no. 1 follows, 49 sequences, length 23
# corresponding to MSA columns:
# 181-203
name=unknown_B
#
# <colnr> <probs for GDERKNQSTAVLIFYWHMCP>
#	G	D	E	R	K	N	Q	S	T	A	V	L	I	F	Y	W	H	M	C	P
0	0.01240	0.01320	0.01707	0.23053	0.07507	0.18782	0.18213	0.03312	0.03803	0.01487	0.02954	0.01548	0.04132	0.02547	0.02327	0.00178	0.00714	0.00505	0.04065	0.00606
1	0.07925	0.00788	0.01024	0.01012	0.04319	0.04235	0.04259	0.03516	0.00972	0.01409	0.01455	0.04184	0.01445	0.10718	0.33187	0.00475	0.06142	0.12125	0.00315	0.00496
2	0.01137	0.00918	0.03524	0.00772	0.01200	0.00682	0.00641	0.01366	0.01086	0.09041	0.01190	0.01297	0.03785	0.00515	0.02128	0.00106	0.00405	0.00360	0.02168	0.67679
3	0.00645	0.00463	0.00608	0.00704	0.00748	0.00431	0.00476	0.00737	0.00963	0.01290	0.02645	0.71298	0.03147	0.06803	0.00765	0.00221	0.00315	0.04177	0.00453	0.03109
4	0.19174	0.00818	0.00888	0.00816	0.00999	0.03552	0.00643	0.11363	0.01070	0.01730	0.01198	0.01628	0.01052	0.05489	0.38832	0.00482	0.02281	0.00466	0.06990	0.00529
5	0.10572	0.00881	0.03203	0.02713	0.01075	0.04911	0.00695	0.08576	0.05003	0.01657	0.01225	0.01593	0.01043	0.03018	0.24970	0.07180	0.05748	0.00463	0.14948	0.00526
6	0.00813	0.00753	0.04182	0.00946	0.01016	0.00807	0.00766	0.00961	0.00978	0.01370	0.07764	0.37823	0.02487	0.01264	0.00941	0.00209	0.24173	0.11875	0.00392	0.00480
7	0.00609	0.00479	0.00550	0.00603	0.00708	0.00421	0.00425	0.00721	0.01075	0.01348	0.05827	0.40020	0.42598	0.01413	0.00619	0.00186	0.00273	0.01233	0.00472	0.00421
8	0.24809	0.01210	0.06712	0.07841	0.46900	0.01175	0.01282	0.01518	0.01055	0.01795	0.00876	0.01126	0.00711	0.00462	0.00447	0.00154	0.00557	0.00396	0.00264	0.00710
9	0.01430	0.60105	0.09228	0.01024	0.03881	0.05783	0.00977	0.04753	0.01139	0.06433	0.00838	0.00929	0.00701	0.00462	0.00370	0.00120	0.00573	0.00311	0.00258	0.00682
10	0.01688	0.01033	0.01572	0.01899	0.36811	0.00966	0.01105	0.03687	0.01299	0.35246	0.01403	0.01435	0.00992	0.00523	0.00493	0.00146	0.00506	0.00462	0.00423	0.08311
11	0.01348	0.06275	0.01010	0.00789	0.01018	0.12646	0.00627	0.19932	0.01435	0.02062	0.01354	0.01508	0.01052	0.00573	0.00404	0.00127	0.00434	0.00433	0.46378	0.00595
12	0.01206	0.30183	0.11407	0.01213	0.09596	0.09717	0.01010	0.01509	0.06054	0.01390	0.01267	0.05166	0.01223	0.05987	0.00600	0.00172	0.00579	0.10803	0.00294	0.00623
13	0.00722	0.00542	0.00813	0.00813	0.00903	0.00632	0.00632	0.00903	0.00813	0.01174	0.01354	0.01987	0.01264	0.03792	0.80225	0.00813	0.01354	0.00542	0.00271	0.00451
14	0.01004	0.01189	0.14341	0.01296	0.01665	0.00928	0.28459	0.01403	0.06118	0.01598	0.01700	0.03431	0.09769	0.03414	0.03363	0.03347	0.00610	0.00602	0.15170	0.00592
15	0.00695	0.00504	0.00600	0.00587	0.00674	0.00469	0.00403	0.00829	0.01134	0.01530	0.36309	0.06813	0.18573	0.27277	0.01236	0.00270	0.00325	0.00907	0.00455	0.00410
16	0.03020	0.00995	0.01203	0.01174	0.09489	0.02857	0.00839	0.30463	0.01479	0.02061	0.01254	0.01588	0.01046	0.03732	0.31067	0.00410	0.00851	0.00489	0.05335	0.00649
17	0.45229	0.00991	0.00952	0.00817	0.01142	0.01093	0.00662	0.03958	0.19958	0.18592	0.01322	0.01283	0.00949	0.00559	0.00409	0.00160	0.00406	0.00401	0.00434	0.00684
18	0.00616	0.00503	0.00545	0.00566	0.00708	0.00433	0.00419	0.00748	0.01141	0.01401	0.09400	0.17514	0.59065	0.01319	0.00609	0.00178	0.00268	0.03664	0.00475	0.00429
19	0.01811	0.01274	0.01537	0.01460	0.15278	0.01361	0.01023	0.47974	0.06939	0.14136	0.01338	0.01339	0.00952	0.00587	0.00506	0.00153	0.00535	0.00470	0.00479	0.00846
20	0.01749	0.01368	0.01341	0.01107	0.01418	0.15136	0.00887	0.28063	0.14819	0.16570	0.04743	0.01472	0.01166	0.00650	0.00596	0.00158	0.07051	0.00481	0.00466	0.00761
21	0.15789	0.00744	0.03637	0.00691	0.00845	0.00726	0.00514	0.04231	0.03541	0.03964	0.01558	0.02466	0.05333	0.40626	0.10493	0.00392	0.00562	0.00599	0.00334	0.02954
22	0.06251	0.01503	0.01347	0.09604	0.01661	0.24894	0.00935	0.20824	0.11492	0.14631	0.01260	0.01286	0.00913	0.00576	0.00482	0.00151	0.00626	0.00430	0.00413	0.00722

[dist]
# distance from previous block
# <min> <max>
3	7

[block]
# block no. 2 follows, 49 sequences, length 23
# corresponding to MSA columns:
# 213-235
name=unknown_C
#
# <colnr> <probs for GDERKNQSTAVLIFYWHMCP>
#	G	D	E	R	K	N	Q	S	T	A	V	L	I	F	Y	W	H	M	C	P
0	0.00804	0.00843	0.08720	0.00936	0.01114	0.00739	0.07764	0.01002	0.00950	0.01320	0.05788	0.10722	0.10913	0.14278	0.23652	0.00408	0.07225	0.00726	0.01611	0.00482
1	0.01296	0.13143	0.12288	0.01099	0.01450	0.15057	0.02198	0.03300	0.30830	0.01669	0.01652	0.01649	0.07605	0.00645	0.00528	0.00155	0.03885	0.00493	0.00366	0.00691
2	0.01374	0.66358	0.10102	0.00967	0.01413	0.10025	0.00976	0.01575	0.01073	0.01235	0.00731	0.00847	0.00648	0.00446	0.00353	0.00116	0.00600	0.00286	0.00221	0.00652
3	0.01070	0.02428	0.71863	0.01376	0.02077	0.01120	0.01746	0.01620	0.01104	0.05879	0.04375	0.01222	0.00855	0.00513	0.00487	0.00160	0.00708	0.00405	0.00251	0.00742
4	0.04594	0.01289	0.05591	0.01085	0.01460	0.01335	0.00915	0.35421	0.30441	0.10085	0.01570	0.01493	0.01130	0.00627	0.00501	0.00160	0.00491	0.00493	0.00498	0.00821
5	0.01230	0.01180	0.01933	0.06427	0.46697	0.01221	0.11380	0.01817	0.19411	0.01739	0.01221	0.01422	0.00966	0.00506	0.00517	0.00159	0.00590	0.00499	0.00312	0.00773
6	0.00977	0.00942	0.01652	0.73722	0.03405	0.01138	0.08414	0.01322	0.01028	0.01322	0.00910	0.01350	0.00683	0.00498	0.00514	0.00169	0.00691	0.00463	0.00228	0.00573
7	0.00613	0.00452	0.00574	0.00672	0.00725	0.00413	0.00455	0.00708	0.00999	0.01303	0.03177	0.69037	0.15954	0.01534	0.00637	0.00200	0.00287	0.01376	0.00469	0.00413
8	0.00976	0.00665	0.00760	0.00720	0.00883	0.00672	0.00567	0.14027	0.01353	0.01912	0.14779	0.07118	0.12577	0.05789	0.00659	0.00184	0.00353	0.14132	0.21356	0.00519
9	0.01226	0.52759	0.31322	0.01080	0.01630	0.01693	0.01239	0.01547	0.01042	0.01343	0.00779	0.00907	0.00646	0.00450	0.00383	0.00128	0.00618	0.00309	0.00215	0.00686
10	0.00679	0.00504	0.00632	0.00624	0.00739	0.00458	0.00459	0.00874	0.01309	0.01794	0.53651	0.15933	0.18151	0.01163	0.00604	0.00168	0.00250	0.01023	0.00527	0.00458
11	0.01194	0.01364	0.02984	0.02131	0.02643	0.01279	0.77238	0.01620	0.01194	0.01620	0.01023	0.01364	0.00767	0.00426	0.00597	0.00171	0.00853	0.00597	0.00256	0.00682
12	0.01049	0.00899	0.01049	0.00749	0.01198	0.00674	0.00599	0.01273	0.01049	0.01648	0.00899	0.01049	0.00749	0.00374	0.00374	0.00075	0.00374	0.00300	0.00300	0.85320
13	0.01030	0.00615	0.00820	0.00769	0.00903	0.00634	0.00574	0.01242	0.05229	0.15566	0.09837	0.11453	0.01979	0.17023	0.28212	0.00451	0.02026	0.00713	0.00407	0.00518
14	0.00704	0.00477	0.00561	0.00592	0.00599	0.00469	0.00349	0.00727	0.00796	0.01062	0.01907	0.23947	0.02234	0.61051	0.02067	0.00415	0.00439	0.00920	0.00349	0.00334
15	0.55599	0.00911	0.00770	0.00679	0.00963	0.03509	0.00550	0.01573	0.00995	0.12369	0.01061	0.01149	0.00789	0.00515	0.00351	0.00148	0.00383	0.00345	0.16766	0.00575
16	0.00624	0.00480	0.00573	0.00643	0.00737	0.00430	0.00461	0.00739	0.01059	0.01339	0.03737	0.44507	0.34310	0.01445	0.00630	0.00193	0.00291	0.06912	0.00469	0.00422
17	0.00671	0.00474	0.00584	0.00646	0.00684	0.00452	0.00425	0.00745	0.00928	0.01226	0.05206	0.41238	0.08782	0.29850	0.01320	0.00303	0.00367	0.05303	0.00415	0.00381
18	0.08967	0.01037	0.01451	0.49567	0.09702	0.03740	0.01224	0.10109	0.03839	0.01671	0.02197	0.01369	0.01967	0.00535	0.00489	0.00163	0.00613	0.00450	0.00287	0.00622
19	0.00669	0.00470	0.00563	0.00616	0.00646	0.00449	0.00387	0.00720	0.00880	0.01157	0.02471	0.38538	0.10035	0.38327	0.01520	0.00332	0.00380	0.01081	0.00395	0.00365
20	0.26471	0.00912	0.06789	0.02083	0.01094	0.00848	0.00701	0.04017	0.05884	0.06430	0.29472	0.02503	0.02422	0.00788	0.00497	0.00166	0.00383	0.07524	0.00443	0.00574
21	0.01094	0.13969	0.53704	0.04749	0.09151	0.01260	0.01603	0.01557	0.01071	0.03064	0.00968	0.03870	0.00764	0.00513	0.00467	0.00153	0.00679	0.00408	0.00235	0.00721
22	0.01060	0.00997	0.01683	0.47269	0.31987	0.01124	0.01429	0.01378	0.01072	0.01440	0.01013	0.01542	0.00840	0.00532	0.00514	0.00165	0.00635	0.04426	0.00247	0.00647

[dist]
# distance from previous block
# <min> <max>
1	5

[block]
# block no. 3 follows, 49 sequences, length 20
# corresponding to MSA columns:
# 241-260
name=unknown_D
#
# <colnr> <probs for GDERKNQSTAVLIFYWHMCP>
#	G	D	E	R	K	N	Q	S	T	A	V	L	I	F	Y	W	H	M	C	P
0	0.00854	0.00641	0.00794	0.00824	0.05729	0.00627	0.00555	0.08632	0.01273	0.01720	0.29499	0.09249	0.14921	0.18431	0.01012	0.00237	0.00363	0.03698	0.00455	0.00487
1	0.01883	0.06630	0.01580	0.01159	0.01551	0.09555	0.00957	0.64976	0.02197	0.02864	0.01138	0.01158	0.00826	0.00587	0.00489	0.00147	0.00591	0.00430	0.00463	0.00819
2	0.01311	0.01651	0.29699	0.01216	0.04203	0.01178	0.01206	0.30923	0.01658	0.02311	0.17772	0.01713	0.01619	0.00648	0.00516	0.00156	0.00559	0.00524	0.00402	0.00735
3	0.01644	0.39640	0.02015	0.01076	0.01440	0.30788	0.00922	0.14164	0.01399	0.01535	0.00816	0.00915	0.00684	0.00494	0.00403	0.00123	0.00680	0.00321	0.00280	0.00660
4	0.01291	0.01167	0.01139	0.01019	0.01248	0.14538	0.00797	0.16901	0.19768	0.01815	0.01397	0.01624	0.01145	0.01850	0.31491	0.00410	0.00890	0.00495	0.00375	0.00640
5	0.01138	0.07023	0.40081	0.01919	0.25262	0.01248	0.06618	0.01668	0.07219	0.01633	0.01007	0.01192	0.00770	0.00481	0.00487	0.00155	0.00670	0.00421	0.00251	0.00757
6	0.00616	0.00440	0.00587	0.00704	0.00733	0.00411	0.00469	0.00704	0.00968	0.01291	0.02787	0.81899	0.03344	0.01584	0.00645	0.00205	0.00293	0.01438	0.00469	0.00411
7	0.01223	0.01048	0.01201	0.01309	0.13990	0.06818	0.00899	0.10749	0.21521	0.03945	0.02242	0.02858	0.12421	0.00859	0.00558	0.00175	0.00484	0.16592	0.00438	0.00670
8	0.01326	0.01750	0.20074	0.02162	0.32019	0.12978	0.13933	0.06668	0.01262	0.01675	0.00945	0.01174	0.00740	0.00474	0.00505	0.00153	0.00719	0.00438	0.00261	0.00741
9	0.01388	0.01496	0.01237	0.01308	0.09176	0.36023	0.00935	0.06552	0.01342	0.01493	0.01576	0.10798	0.01604	0.00880	0.00553	0.00171	0.00665	0.21874	0.00356	0.00573
10	0.00676	0.00551	0.00673	0.08709	0.00993	0.00515	0.00522	0.00863	0.01233	0.01591	0.30698	0.05794	0.43118	0.01121	0.00589	0.00167	0.00293	0.00959	0.00476	0.00458
11	0.01670	0.01426	0.01339	0.01097	0.01435	0.13857	0.00878	0.44995	0.14981	0.02512	0.01685	0.01650	0.08840	0.00675	0.00509	0.00154	0.00556	0.00516	0.00465	0.00763
12	0.15812	0.05999	0.01203	0.09031	0.01447	0.15110	0.00805	0.12144	0.12105	0.05098	0.04608	0.01788	0.11506	0.00667	0.00471	0.00154	0.00522	0.00508	0.00387	0.00634
13	0.00677	0.00490	0.00652	0.00760	0.00828	0.00465	0.00571	0.00813	0.01043	0.01366	0.02932	0.52213	0.09008	0.01502	0.00658	0.00211	0.00344	0.24567	0.00468	0.00429
14	0.00605	0.00484	0.00541	0.00587	0.00703	0.00421	0.00418	0.00717	0.01080	0.01337	0.04208	0.35027	0.49299	0.01400	0.00616	0.00184	0.00271	0.01212	0.00470	0.00421
15	0.70868	0.10671	0.05615	0.00734	0.01087	0.01239	0.00663	0.01496	0.00892	0.02102	0.00716	0.00835	0.00565	0.00466	0.00324	0.00151	0.00430	0.00279	0.00296	0.00571
16	0.08576	0.01246	0.01728	0.02189	0.43780	0.04037	0.03205	0.14698	0.10635	0.03331	0.01122	0.01284	0.00881	0.00512	0.00488	0.00153	0.00566	0.00451	0.00338	0.00780
17	0.04954	0.01204	0.01529	0.09699	0.21958	0.01329	0.01102	0.27349	0.21475	0.02278	0.01311	0.01395	0.00990	0.00571	0.00499	0.00158	0.00533	0.00476	0.00405	0.00786
18	0.00662	0.00460	0.00573	0.00645	0.00663	0.00442	0.00406	0.00716	0.00878	0.01170	0.02323	0.51347	0.02759	0.32935	0.01395	0.00316	0.00370	0.01165	0.00406	0.00370
19	0.01379	0.36612	0.11241	0.00978	0.01446	0.01517	0.00950	0.19111	0.01351	0.01801	0.00888	0.00986	0.00718	0.00466	0.00396	0.00117	0.00533	0.00332	0.00301	0.18873

[dist]
# distance from previous block
# <min> <max>
4	8

[block]
# block no. 4 follows, 49 sequences, length 42
# corresponding to MSA columns:
# 269-310
name=unknown_E
#
# <colnr> <probs for GDERKNQSTAVLIFYWHMCP>
#	G	D	E	R	K	N	Q	S	T	A	V	L	I	F	Y	W	H	M	C	P
0	0.01022	0.00878	0.01074	0.00781	0.01202	0.00674	0.02948	0.01254	0.01089	0.01682	0.08148	0.01312	0.01124	0.00437	0.00402	0.00086	0.00377	0.00366	0.00322	0.74824
1	0.01014	0.02616	0.79609	0.01441	0.02189	0.01174	0.01868	0.01601	0.01068	0.01601	0.00907	0.01068	0.00641	0.00480	0.00480	0.00160	0.00747	0.00374	0.00214	0.00747
2	0.00713	0.00723	0.08373	0.00686	0.00882	0.00533	0.00594	0.00954	0.01309	0.01783	0.48099	0.03871	0.25762	0.01059	0.00588	0.00164	0.00299	0.02625	0.00496	0.00489
3	0.01595	0.41216	0.05020	0.01096	0.01459	0.39302	0.00957	0.01759	0.01223	0.01228	0.00748	0.00869	0.00650	0.00477	0.00393	0.00121	0.00726	0.00301	0.00237	0.00623
4	0.01344	0.65470	0.04754	0.00928	0.01323	0.09145	0.00895	0.01516	0.01047	0.01206	0.00761	0.00915	0.00692	0.00683	0.05881	0.00163	0.02123	0.00301	0.00224	0.00631
5	0.00735	0.00490	0.00552	0.00552	0.00552	0.00490	0.00306	0.00735	0.00735	0.00980	0.01593	0.03309	0.01838	0.82229	0.02574	0.00490	0.00490	0.00735	0.00306	0.00306
6	0.00955	0.00899	0.01517	0.81013	0.03483	0.01123	0.01404	0.01292	0.01011	0.01292	0.00899	0.01348	0.00674	0.00506	0.00506	0.00169	0.00674	0.00449	0.00225	0.00562
7	0.01337	0.00961	0.01263	0.18094	0.05803	0.01051	0.01924	0.19605	0.11234	0.11337	0.01600	0.14116	0.01374	0.00893	0.04345	0.00198	0.00540	0.00636	0.03008	0.00682
8	0.01190	0.01126	0.01708	0.18503	0.41651	0.04664	0.01323	0.05274	0.01132	0.01557	0.00973	0.01347	0.00821	0.02615	0.05957	0.00211	0.07455	0.00457	0.01350	0.00686
9	0.00757	0.00566	0.00729	0.00801	0.00928	0.00547	0.00666	0.00992	0.03536	0.01519	0.08746	0.11206	0.20127	0.01337	0.00659	0.00209	0.00387	0.45350	0.00475	0.00464
10	0.07327	0.08851	0.01398	0.01047	0.01387	0.08185	0.00854	0.26875	0.28155	0.06666	0.01464	0.01489	0.01107	0.00621	0.00479	0.00155	0.00511	0.02208	0.00454	0.00766
11	0.00989	0.03181	0.02782	0.03205	0.10661	0.00981	0.17250	0.01372	0.09920	0.01539	0.04701	0.16997	0.04109	0.01061	0.05628	0.00222	0.06887	0.07560	0.00358	0.00597
12	0.00662	0.00493	0.00604	0.00661	0.00736	0.00461	0.00458	0.00816	0.03570	0.01402	0.12766	0.45735	0.17575	0.08923	0.00806	0.00219	0.00305	0.02914	0.00467	0.00427
13	0.09865	0.00853	0.04918	0.00703	0.00940	0.00829	0.00594	0.17577	0.03116	0.02193	0.01430	0.01589	0.01097	0.00577	0.00392	0.00133	0.00351	0.00445	0.51812	0.00585
14	0.01211	0.45233	0.28766	0.01173	0.03978	0.01653	0.01251	0.01517	0.01021	0.01347	0.00777	0.00939	0.00652	0.00492	0.00507	0.00138	0.08124	0.00327	0.00217	0.00678
15	0.04566	0.10095	0.24809	0.01412	0.07765	0.15495	0.08294	0.06632	0.03598	0.04015	0.01117	0.07897	0.00952	0.00587	0.00483	0.00153	0.00669	0.00482	0.00296	0.00683
16	0.00665	0.00589	0.00744	0.00681	0.00876	0.00511	0.06879	0.00826	0.01157	0.01399	0.04587	0.04637	0.66373	0.01218	0.00605	0.00176	0.00323	0.06852	0.00451	0.00451
17	0.22205	0.01735	0.35309	0.01295	0.08429	0.01144	0.01276	0.08736	0.01198	0.12639	0.01039	0.01127	0.00736	0.00507	0.00447	0.00157	0.00585	0.00382	0.00325	0.00729
18	0.01125	0.00990	0.02337	0.07737	0.01434	0.05861	0.06744	0.16421	0.09611	0.01877	0.09832	0.20277	0.06914	0.00943	0.00569	0.00175	0.00481	0.05632	0.00436	0.00603
19	0.01058	0.01781	0.38710	0.11506	0.16923	0.01131	0.05138	0.01595	0.07593	0.01650	0.07098	0.01432	0.01080	0.00536	0.00505	0.00161	0.00646	0.00467	0.00276	0.00715
20	0.00954	0.00859	0.01419	0.73523	0.03214	0.01063	0.01307	0.01281	0.01016	0.01347	0.00969	0.01398	0.00732	0.00513	0.00491	0.00164	0.00633	0.00451	0.08112	0.00553
21	0.01938	0.01227	0.01463	0.01258	0.08005	0.03081	0.02426	0.40523	0.04833	0.27757	0.01465	0.01404	0.01002	0.00597	0.00507	0.00154	0.00527	0.00476	0.00513	0.00843
22	0.01244	0.01009	0.03780	0.10156	0.18976	0.02570	0.05428	0.08546	0.04551	0.11912	0.12039	0.09917	0.06184	0.00744	0.00540	0.00163	0.00500	0.00663	0.00406	0.00671
23	0.00769	0.00553	0.00772	0.00828	0.00916	0.00586	0.00668	0.00946	0.00968	0.01305	0.02024	0.03970	0.02141	0.15050	0.29980	0.00485	0.00793	0.36440	0.00369	0.00435
24	0.01489	0.01286	0.01270	0.02699	0.01439	0.08656	0.00866	0.23354	0.46990	0.02311	0.01674	0.01598	0.01248	0.00643	0.00504	0.00161	0.00494	0.00512	0.02019	0.00786
25	0.08059	0.02719	0.00967	0.20958	0.01466	0.00731	0.00718	0.00968	0.00817	0.01188	0.00910	0.03184	0.00837	0.01167	0.01244	0.44640	0.00488	0.00433	0.00242	0.08263
26	0.01173	0.01122	0.03814	0.08427	0.14978	0.01119	0.22814	0.11336	0.02850	0.01764	0.01421	0.02334	0.01292	0.00790	0.02627	0.00196	0.03140	0.17807	0.00337	0.00660
27	0.01100	0.07295	0.46053	0.01637	0.02260	0.01275	0.27546	0.01590	0.01099	0.01569	0.00926	0.01154	0.00685	0.00471	0.00546	0.00162	0.03245	0.00445	0.00228	0.00713
28	0.01072	0.01006	0.01705	0.47312	0.33718	0.01134	0.01434	0.01377	0.01057	0.01424	0.00919	0.01315	0.00731	0.00522	0.00548	0.02757	0.00637	0.00450	0.00235	0.00647
29	0.00607	0.00475	0.00551	0.00613	0.00709	0.00418	0.00429	0.00714	0.01056	0.01327	0.03902	0.45122	0.39401	0.01439	0.00623	0.00189	0.00276	0.01261	0.00469	0.00418
30	0.01153	0.00643	0.00815	0.00780	0.00948	0.00604	0.00577	0.08282	0.01236	0.21197	0.02637	0.47679	0.08935	0.01226	0.00594	0.00185	0.00349	0.01081	0.00512	0.00567
31	0.00756	0.00584	0.00850	0.00832	0.00906	0.00696	0.00642	0.00914	0.00802	0.01160	0.01319	0.02036	0.01267	0.10843	0.66398	0.00733	0.07996	0.00551	0.00270	0.00447
32	0.01168	0.01932	0.42738	0.09003	0.02370	0.01165	0.24367	0.01651	0.01132	0.08121	0.01033	0.01238	0.00733	0.00479	0.00520	0.00164	0.00745	0.00459	0.00262	0.00720
33	0.01159	0.01219	0.01279	0.01152	0.01241	0.19305	0.00920	0.01297	0.00938	0.01207	0.00919	0.01353	0.00860	0.01763	0.27376	0.00396	0.36393	0.00449	0.00247	0.00527
34	0.01122	0.00942	0.01088	0.00784	0.01229	0.00749	0.00630	0.07673	0.01160	0.01777	0.00925	0.01062	0.00758	0.00394	0.00386	0.00081	0.00390	0.00313	0.00317	0.78219
35	0.00948	0.00641	0.00818	0.00761	0.00969	0.00549	0.00581	0.01119	0.01107	0.09698	0.08608	0.33650	0.02443	0.01065	0.00556	0.00162	0.00349	0.10664	0.00444	0.24866
36	0.01125	0.01033	0.01678	0.50900	0.26025	0.01184	0.01411	0.07768	0.01168	0.01559	0.00941	0.01308	0.00728	0.00498	0.00504	0.00162	0.00642	0.00450	0.00256	0.00659
37	0.00621	0.00446	0.00590	0.00696	0.00733	0.00415	0.00468	0.00718	0.00998	0.01332	0.06938	0.75826	0.05249	0.01547	0.00642	0.00202	0.00290	0.01400	0.00474	0.00415
38	0.05257	0.00817	0.01088	0.00854	0.01205	0.00721	0.00699	0.02217	0.01423	0.65726	0.12604	0.01972	0.01713	0.00676	0.00513	0.00157	0.00402	0.00556	0.00604	0.00795
39	0.05259	0.04797	0.09043	0.01371	0.08765	0.37897	0.01061	0.14099	0.03188	0.04113	0.00946	0.01054	0.00737	0.00518	0.00458	0.00138	0.00719	0.00369	0.00314	0.05155
40	0.10509	0.01251	0.01270	0.01019	0.01379	0.04670	0.00825	0.40432	0.15504	0.04968	0.01305	0.01307	0.00959	0.00581	0.00467	0.00147	0.00493	0.00439	0.03832	0.08644
41	0.01307	0.08672	0.04412	0.03430	0.03098	0.04833	0.00811	0.06761	0.19080	0.09393	0.07566	0.03106	0.01344	0.00585	0.00462	0.00133	0.00456	0.00474	0.00402	0.23674

[dist]
# distance from previous block
# <min> <max>
7	25

[block]
# block no. 5 follows, 49 sequences, length 7
# corresponding to MSA columns:
# 336-342
name=unknown_F
#
# <colnr> <probs for GDERKNQSTAVLIFYWHMCP>
#	G	D	E	R	K	N	Q	S	T	A	V	L	I	F	Y	W	H	M	C	P
0	0.01308	0.08694	0.03098	0.01136	0.07523	0.10335	0.00858	0.05230	0.15775	0.10289	0.01962	0.02114	0.12954	0.00984	0.06795	0.00212	0.06109	0.03576	0.00393	0.00655
1	0.00735	0.00490	0.00552	0.00552	0.00552	0.00490	0.00306	0.00735	0.00735	0.00980	0.01593	0.03309	0.01838	0.82229	0.02574	0.00490	0.00490	0.00735	0.00306	0.00306
2	0.00790	0.00792	0.12597	0.00744	0.00920	0.00561	0.00655	0.01016	0.01042	0.01575	0.08232	0.34848	0.02319	0.01169	0.04286	0.00196	0.00390	0.00893	0.26484	0.00488
3	0.00655	0.00507	0.00597	0.00590	0.00722	0.00449	0.00437	0.00832	0.01266	0.01671	0.39695	0.11987	0.36385	0.01194	0.00602	0.00169	0.00252	0.01032	0.00511	0.00449
4	0.01070	0.04223	0.00991	0.00808	0.00972	0.00778	0.00644	0.01325	0.04240	0.14190	0.48392	0.02843	0.03285	0.00907	0.00729	0.00166	0.12627	0.00737	0.00500	0.00569
5	0.01354	0.00653	0.00860	0.00731	0.00943	0.00588	0.00560	0.01538	0.01332	0.33514	0.35648	0.02865	0.02886	0.13226	0.00861	0.00208	0.00355	0.00721	0.00547	0.00608
6	0.01076	0.01047	0.01395	0.05271	0.35701	0.07290	0.01027	0.01305	0.01153	0.01522	0.02095	0.02210	0.22640	0.00680	0.00505	0.00144	0.00498	0.00590	0.00319	0.13533

[dist]
# distance from previous block
# <min> <max>
1	5

[block]
# block no. 6 follows, 49 sequences, length 28
# corresponding to MSA columns:
# 348-375
name=unknown_G
#
# <colnr> <probs for GDERKNQSTAVLIFYWHMCP>
#	G	D	E	R	K	N	Q	S	T	A	V	L	I	F	Y	W	H	M	C	P
0	0.15291	0.40705	0.05379	0.00928	0.01319	0.07099	0.00856	0.05381	0.11800	0.05537	0.00995	0.01045	0.00796	0.00500	0.00383	0.00133	0.00527	0.00342	0.00311	0.00674
1	0.01103	0.32991	0.17649	0.01137	0.01582	0.01357	0.13762	0.01396	0.01102	0.01438	0.06792	0.03128	0.09744	0.00604	0.00477	0.00142	0.01693	0.00505	0.00282	0.03117
2	0.07328	0.10061	0.01196	0.00889	0.01175	0.01126	0.00743	0.24099	0.11374	0.02075	0.02368	0.02778	0.19421	0.00868	0.00524	0.00167	0.00439	0.12280	0.00446	0.00644
3	0.01575	0.01170	0.01634	0.06978	0.08383	0.01234	0.12829	0.21273	0.21300	0.15970	0.01496	0.01513	0.01073	0.00582	0.00522	0.00162	0.00552	0.00516	0.00449	0.00791
4	0.00783	0.00517	0.00644	0.00633	0.00713	0.00495	0.00434	0.00902	0.01058	0.05504	0.26414	0.13760	0.08275	0.30337	0.07036	0.00331	0.00427	0.00882	0.00433	0.00422
5	0.01257	0.01092	0.01191	0.01138	0.05390	0.01255	0.00840	0.02628	0.74125	0.02091	0.02000	0.01853	0.01505	0.00674	0.00514	0.00170	0.00411	0.00565	0.00501	0.00800
6	0.00677	0.00502	0.00639	0.00687	0.00787	0.00464	0.00517	0.00843	0.01174	0.01559	0.25191	0.30068	0.18811	0.01330	0.00631	0.00190	0.00301	0.14689	0.00494	0.00443
7	0.01414	0.01352	0.07301	0.02185	0.40449	0.01274	0.06116	0.23865	0.01502	0.02098	0.01026	0.01220	0.00801	0.00492	0.00498	0.00147	0.00598	0.00445	0.00327	0.06890
8	0.00754	0.00580	0.00697	0.00657	0.00804	0.00555	0.00496	0.01104	0.09948	0.01912	0.56258	0.03773	0.18468	0.01042	0.00587	0.00163	0.00260	0.00905	0.00535	0.00504
9	0.01484	0.01342	0.01326	0.01199	0.08014	0.15967	0.00874	0.27487	0.01590	0.02077	0.02243	0.06273	0.01064	0.00608	0.00477	0.00133	0.00554	0.03082	0.00379	0.23829
10	0.01058	0.05331	0.30870	0.00943	0.01339	0.00918	0.01027	0.07854	0.01157	0.01805	0.01263	0.01471	0.00975	0.00765	0.05994	0.00185	0.00551	0.00428	0.35447	0.00617
11	0.01142	0.01177	0.01548	0.12428	0.06272	0.12707	0.13852	0.01492	0.09785	0.01427	0.01345	0.14821	0.01288	0.04431	0.00818	0.00192	0.13725	0.00647	0.00313	0.00589
12	0.01492	0.25408	0.01535	0.00884	0.01175	0.01157	0.00760	0.01647	0.01151	0.29284	0.01836	0.10637	0.08995	0.00773	0.00625	0.00157	0.10815	0.00588	0.00417	0.00664
13	0.01359	0.01444	0.10103	0.01194	0.01557	0.09181	0.06295	0.10304	0.48503	0.02049	0.01641	0.01590	0.01227	0.00620	0.00510	0.00164	0.00538	0.00514	0.00437	0.00771
14	0.01074	0.00893	0.01041	0.00766	0.01176	0.00716	0.00612	0.06715	0.01187	0.01801	0.09622	0.01365	0.01206	0.00465	0.00409	0.00090	0.00372	0.00379	0.00343	0.69767
15	0.01265	0.11979	0.11491	0.06384	0.06407	0.15715	0.00995	0.09102	0.08932	0.01576	0.01322	0.12313	0.01241	0.07356	0.01607	0.00189	0.00608	0.00565	0.00328	0.00628
16	0.01307	0.10816	0.29671	0.01339	0.05249	0.01370	0.05464	0.16630	0.19407	0.01989	0.01223	0.01284	0.00910	0.00544	0.00483	0.00155	0.00605	0.00440	0.00345	0.00770
17	0.00671	0.00478	0.00620	0.00659	0.00722	0.00447	0.00454	0.00812	0.01136	0.01564	0.34421	0.40477	0.03773	0.10361	0.00840	0.00218	0.00292	0.01141	0.00488	0.00427
18	0.00731	0.00574	0.00678	0.00723	0.00852	0.00555	0.00553	0.01028	0.10267	0.01484	0.05750	0.27297	0.29185	0.01316	0.00623	0.00194	0.00328	0.16909	0.00477	0.00476
19	0.01167	0.17860	0.35832	0.03047	0.19533	0.04714	0.01477	0.01543	0.01075	0.01482	0.00903	0.02989	0.00746	0.00515	0.00523	0.00151	0.05102	0.00399	0.00231	0.00711
20	0.01391	0.01342	0.09398	0.24595	0.16230	0.03176	0.01273	0.29975	0.01565	0.02099	0.01081	0.03643	0.00843	0.00564	0.00505	0.00158	0.00618	0.00471	0.00342	0.00732
21	0.01103	0.00723	0.00800	0.00712	0.00957	0.00690	0.00556	0.03717	0.16638	0.17210	0.03769	0.03534	0.45573	0.01011	0.00560	0.00167	0.00329	0.00838	0.00511	0.00601
22	0.00823	0.00509	0.00657	0.00699	0.00790	0.00468	0.00493	0.00935	0.01055	0.10049	0.07019	0.50480	0.10898	0.08303	0.00790	0.00219	0.00326	0.04548	0.00478	0.00460
23	0.01203	0.06554	0.16591	0.01784	0.13732	0.01238	0.27423	0.08633	0.05490	0.01748	0.01227	0.04434	0.01038	0.00582	0.00540	0.00166	0.00675	0.05931	0.00305	0.00708
24	0.01252	0.01201	0.02053	0.03104	0.79074	0.01201	0.01552	0.01552	0.01151	0.01652	0.00951	0.01252	0.00801	0.00451	0.00501	0.00150	0.00601	0.00451	0.00250	0.00801
25	0.00877	0.00735	0.01129	0.01404	0.20388	0.00712	0.03939	0.01105	0.01173	0.01575	0.12275	0.12580	0.12076	0.01082	0.00614	0.00189	0.00440	0.26743	0.00416	0.00548
26	0.01324	0.10639	0.07517	0.15213	0.06469	0.19220	0.23630	0.03423	0.01204	0.01459	0.00906	0.01169	0.00716	0.00532	0.01972	0.00161	0.00768	0.00437	0.00251	0.02988
27	0.00997	0.00927	0.01427	0.25381	0.11945	0.00989	0.09513	0.01467	0.14183	0.01539	0.01982	0.02263	0.15636	0.03391	0.00602	0.00176	0.00536	0.02686	0.00339	0.04023

[dist]
# distance from previous block
# <min> <max>
3	6

[block]
# block no. 7 follows, 49 sequences, length 57
# corresponding to MSA columns:
# 382-438
name=unknown_H
#
# <colnr> <probs for GDERKNQSTAVLIFYWHMCP>
#	G	D	E	R	K	N	Q	S	T	A	V	L	I	F	Y	W	H	M	C	P
0	0.00886	0.00729	0.01004	0.24480	0.01652	0.02701	0.00856	0.01114	0.01086	0.01479	0.13723	0.03022	0.04868	0.08439	0.00832	0.00210	0.06801	0.17156	0.08471	0.00490
1	0.06685	0.01695	0.03224	0.08585	0.01622	0.38982	0.00979	0.06891	0.02666	0.07594	0.01107	0.01411	0.02105	0.00673	0.01695	0.00165	0.08456	0.04530	0.00320	0.00615
2	0.01171	0.47252	0.13240	0.08370	0.01539	0.03442	0.00996	0.01399	0.00998	0.01242	0.00885	0.01208	0.00802	0.07171	0.08197	0.00219	0.00666	0.00366	0.00230	0.00608
3	0.01278	0.01348	0.01500	0.43529	0.02545	0.21300	0.01222	0.06451	0.01172	0.01391	0.00854	0.01192	0.00679	0.00573	0.00667	0.00166	0.12877	0.00417	0.00252	0.00586
4	0.01737	0.01037	0.01247	0.01004	0.01328	0.01076	0.00819	0.26070	0.07652	0.29400	0.03187	0.06077	0.01321	0.00720	0.00607	0.00162	0.06783	0.03389	0.00511	0.05871
5	0.04908	0.09253	0.11860	0.01092	0.01500	0.06850	0.00988	0.28457	0.14181	0.11749	0.01318	0.01345	0.00969	0.02646	0.00528	0.00160	0.00556	0.00443	0.00426	0.00770
6	0.01303	0.70323	0.10004	0.00915	0.01379	0.01848	0.00948	0.01509	0.01033	0.01255	0.00734	0.00849	0.00654	0.00434	0.00342	0.00111	0.00552	0.00282	0.00221	0.05307
7	0.00726	0.00521	0.00692	0.00692	0.00767	0.00564	0.00502	0.00854	0.00837	0.01177	0.01798	0.02626	0.08860	0.25262	0.46545	0.00623	0.00947	0.00642	0.04953	0.00410
8	0.00620	0.00509	0.00548	0.00560	0.00710	0.00437	0.00419	0.00759	0.01163	0.01430	0.12038	0.12173	0.61213	0.01290	0.00606	0.00175	0.00267	0.04172	0.00478	0.00432
9	0.00616	0.00440	0.00587	0.00704	0.00733	0.00411	0.00469	0.00704	0.00968	0.01291	0.02787	0.81899	0.03344	0.01584	0.00645	0.00205	0.00293	0.01438	0.00469	0.00411
10	0.01252	0.01201	0.02053	0.03104	0.79074	0.01201	0.01552	0.01552	0.01151	0.01652	0.00951	0.01252	0.00801	0.00451	0.00501	0.00150	0.00601	0.00451	0.00250	0.00801
11	0.00705	0.00516	0.00661	0.00625	0.00749	0.00472	0.00468	0.00933	0.01405	0.01966	0.71967	0.03878	0.11651	0.01057	0.00597	0.00160	0.00240	0.00929	0.00549	0.00472
12	0.01200	0.00815	0.00977	0.18050	0.01477	0.00898	0.00741	0.20830	0.01389	0.02088	0.01361	0.01581	0.01039	0.00572	0.00426	0.00137	0.00416	0.00459	0.43394	0.02149
13	0.85801	0.00978	0.00743	0.00665	0.00978	0.01134	0.00548	0.01486	0.00861	0.02269	0.00704	0.00821	0.00548	0.00469	0.00313	0.00156	0.00391	0.00274	0.00313	0.00548
14	0.01000	0.00987	0.01793	0.66134	0.03324	0.01153	0.15709	0.01354	0.01046	0.01354	0.00922	0.01351	0.00692	0.00491	0.00523	0.00169	0.00708	0.00477	0.00231	0.00584
15	0.01148	0.34203	0.49190	0.01214	0.01837	0.01501	0.01472	0.01567	0.01052	0.01439	0.00827	0.00966	0.00644	0.00462	0.00419	0.00140	0.00666	0.00333	0.00215	0.00708
16	0.01014	0.02616	0.79609	0.01441	0.02189	0.01174	0.01868	0.01601	0.01068	0.01601	0.00907	0.01068	0.00641	0.00480	0.00480	0.00160	0.00747	0.00374	0.00214	0.00747
17	0.00723	0.00539	0.00797	0.00797	0.00882	0.00624	0.00612	0.00893	0.00808	0.01162	0.01369	0.02066	0.01299	0.08517	0.75548	0.00793	0.01302	0.00553	0.00273	0.00443
18	0.00615	0.00480	0.00559	0.00616	0.00718	0.00424	0.00438	0.00729	0.01072	0.01349	0.05638	0.41299	0.39528	0.01422	0.00623	0.00188	0.00279	0.03130	0.00471	0.00421
19	0.00694	0.00495	0.00621	0.00646	0.00690	0.00504	0.00430	0.00770	0.00842	0.01130	0.02110	0.19472	0.09179	0.38084	0.21617	0.00483	0.00646	0.00863	0.00347	0.00376
20	0.79237	0.01012	0.00804	0.00704	0.01024	0.01168	0.00580	0.07426	0.00979	0.02341	0.00744	0.00852	0.00572	0.00480	0.00328	0.00156	0.00404	0.00288	0.00328	0.00572
21	0.09602	0.41099	0.10859	0.00969	0.01398	0.08644	0.00940	0.03298	0.03900	0.13577	0.00993	0.01039	0.00768	0.00492	0.00392	0.00131	0.00562	0.00339	0.00309	0.00687
22	0.00908	0.00773	0.01066	0.00970	0.01009	0.00995	0.00767	0.01035	0.00804	0.01219	0.01114	0.01796	0.01093	0.14102	0.28220	0.00453	0.35789	0.00522	0.06888	0.00475
23	0.01060	0.00935	0.01198	0.00856	0.01310	0.00721	0.06505	0.01300	0.01060	0.01646	0.00908	0.01073	0.00750	0.00378	0.00392	0.00082	0.00411	0.00322	0.00296	0.78798
24	0.00638	0.00482	0.00596	0.00677	0.00762	0.00440	0.00492	0.00759	0.01052	0.01345	0.03485	0.47698	0.26346	0.01465	0.00638	0.00199	0.00306	0.11728	0.00469	0.00423
25	0.00697	0.00659	0.00583	0.00573	0.00751	0.06574	0.00430	0.00825	0.01174	0.01356	0.04788	0.04562	0.72842	0.01222	0.00587	0.00168	0.00307	0.01010	0.00453	0.00439
26	0.01286	0.04255	0.02502	0.11126	0.02474	0.06566	0.51443	0.09222	0.01299	0.01703	0.01012	0.01307	0.00764	0.00463	0.00553	0.00162	0.00783	0.00533	0.01871	0.00674
27	0.00723	0.00489	0.00575	0.00587	0.00596	0.00494	0.00348	0.00745	0.00764	0.01025	0.01689	0.10734	0.01938	0.68366	0.08465	0.00488	0.00539	0.00787	0.00319	0.00328
28	0.01055	0.00944	0.01461	0.01188	0.01452	0.06967	0.25046	0.01272	0.01158	0.08891	0.02444	0.27203	0.16764	0.00980	0.00593	0.00177	0.00526	0.00921	0.00400	0.00557
29	0.00722	0.00542	0.00813	0.00813	0.00903	0.00632	0.00632	0.00903	0.00813	0.01174	0.01354	0.01987	0.01264	0.03792	0.80225	0.00813	0.01354	0.00542	0.00271	0.00451
30	0.00645	0.00514	0.00577	0.00562	0.00712	0.00447	0.00421	0.00817	0.01263	0.01629	0.34431	0.04433	0.49397	0.01182	0.00597	0.00166	0.00249	0.01006	0.00504	0.00447
31	0.01194	0.01364	0.02984	0.02131	0.02643	0.01279	0.77238	0.01620	0.01194	0.01620	0.01023	0.01364	0.00767	0.00426	0.00597	0.00171	0.00853	0.00597	0.00256	0.00682
32	0.01184	0.42730	0.40979	0.01152	0.01741	0.01589	0.01365	0.01558	0.01047	0.01395	0.00805	0.00939	0.00645	0.00456	0.00402	0.00134	0.00644	0.00322	0.00215	0.00698
33	0.01341	0.00869	0.00996	0.08268	0.01290	0.02356	0.00732	0.17100	0.10470	0.11161	0.01667	0.02046	0.01324	0.00681	0.00473	0.00152	0.00420	0.08059	0.29951	0.00645
34	0.00613	0.00453	0.00574	0.00671	0.00725	0.00414	0.00455	0.00708	0.01000	0.01304	0.03194	0.68491	0.16489	0.01531	0.00637	0.00199	0.00287	0.01373	0.00469	0.00414
35	0.01663	0.01276	0.01525	0.01187	0.01562	0.01375	0.08212	0.58248	0.02075	0.02765	0.01614	0.01860	0.07114	0.00703	0.00537	0.00161	0.00554	0.06313	0.00476	0.00779
36	0.14323	0.20364	0.03279	0.40380	0.09788	0.01342	0.01166	0.01406	0.01006	0.01461	0.00827	0.01124	0.00660	0.00477	0.00432	0.00150	0.00593	0.00378	0.00239	0.00607
37	0.09465	0.23665	0.08697	0.01056	0.01465	0.11883	0.00959	0.24810	0.04676	0.07296	0.01031	0.01077	0.00781	0.00529	0.00430	0.00139	0.00586	0.00372	0.00359	0.00725
38	0.01398	0.12031	0.43732	0.01360	0.07863	0.01169	0.01429	0.01809	0.01167	0.21595	0.01165	0.01218	0.00812	0.00510	0.00470	0.00152	0.00628	0.00402	0.00323	0.00768
39	0.00963	0.00834	0.00896	0.00831	0.01008	0.06944	0.00646	0.01449	0.18405	0.01878	0.40852	0.03132	0.04746	0.00924	0.00606	0.00166	0.03250	0.07914	0.00491	0.04066
40	0.01049	0.00899	0.01049	0.00749	0.01198	0.00674	0.00599	0.01273	0.01049	0.01648	0.00899	0.01049	0.00749	0.00374	0.00374	0.00075	0.00374	0.00300	0.00300	0.85320
41	0.01528	0.01543	0.01208	0.01091	0.01352	0.33769	0.00839	0.02165	0.30242	0.07679	0.08901	0.01797	0.01513	0.00673	0.00505	0.00154	0.00601	0.03347	0.00420	0.00673
42	0.00738	0.00501	0.00603	0.00585	0.00646	0.00483	0.00386	0.00859	0.01068	0.01503	0.36463	0.03442	0.03133	0.41083	0.01559	0.00320	0.00363	0.00802	0.05071	0.00393
43	0.00824	0.00597	0.00750	0.00692	0.00832	0.00577	0.00523	0.08257	0.01486	0.02082	0.65516	0.09552	0.04287	0.01035	0.00592	0.00162	0.00273	0.00911	0.00545	0.00509
44	0.00771	0.00600	0.00750	0.00707	0.00886	0.00506	0.00512	0.00929	0.01073	0.01531	0.15190	0.42701	0.02759	0.01104	0.00550	0.00156	0.00310	0.00984	0.00430	0.27550
45	0.01163	0.01147	0.01999	0.22186	0.26750	0.01211	0.20875	0.01701	0.14530	0.01633	0.01149	0.01415	0.00889	0.00499	0.00529	0.00164	0.00649	0.00509	0.00291	0.00710
46	0.01187	0.00926	0.01162	0.01117	0.08618	0.00940	0.00788	0.20122	0.01347	0.04069	0.01557	0.24502	0.01558	0.00966	0.03631	0.00181	0.06790	0.00708	0.00397	0.19434
47	0.00700	0.00511	0.00628	0.00617	0.00743	0.00459	0.00456	0.00886	0.01288	0.03303	0.46025	0.15360	0.24816	0.01173	0.00602	0.00169	0.00255	0.01024	0.00522	0.00461
48	0.01003	0.00851	0.01147	0.26495	0.01811	0.03193	0.00928	0.08224	0.02247	0.01516	0.01495	0.10893	0.04905	0.01217	0.11985	0.00265	0.10967	0.01885	0.08430	0.00543
49	0.01280	0.22872	0.01711	0.21690	0.05268	0.06679	0.01019	0.08613	0.19172	0.01641	0.01218	0.04615	0.01002	0.00581	0.00462	0.00150	0.00561	0.00463	0.00329	0.00674
50	0.00666	0.00488	0.00626	0.00653	0.00744	0.00448	0.00469	0.00835	0.01219	0.01664	0.40336	0.33931	0.12305	0.01278	0.00617	0.00179	0.00265	0.02319	0.00512	0.00446
51	0.01002	0.08137	0.40530	0.01283	0.01814	0.01076	0.11114	0.01412	0.01045	0.01507	0.01127	0.08912	0.00986	0.00872	0.07891	0.00213	0.00718	0.00504	0.00258	0.09598
52	0.01197	0.00888	0.01060	0.08520	0.01319	0.00932	0.00737	0.28032	0.01691	0.03627	0.34344	0.02570	0.07714	0.00816	0.00544	0.00155	0.00401	0.00687	0.01617	0.03150
53	0.00757	0.00715	0.08233	0.00745	0.00854	0.00614	0.00591	0.00888	0.00799	0.01120	0.01429	0.02547	0.01486	0.41955	0.34491	0.00592	0.00872	0.00621	0.00283	0.00409
54	0.00954	0.08760	0.06474	0.02945	0.19194	0.00918	0.00878	0.01288	0.08270	0.01520	0.02710	0.03966	0.31924	0.00816	0.00515	0.00152	0.00428	0.00689	0.00363	0.07237
55	0.01737	0.21492	0.01726	0.01164	0.01489	0.45936	0.00940	0.13429	0.04819	0.01562	0.00884	0.00976	0.00721	0.00520	0.00434	0.00130	0.00746	0.00343	0.00298	0.00652
56	0.01160	0.15456	0.01449	0.01115	0.05437	0.15558	0.00852	0.01296	0.00992	0.01222	0.01262	0.01680	0.07000	0.09027	0.14347	0.00302	0.20556	0.00485	0.00265	0.00539

[dist]
# distance from previous block
# <min> <max>
0	8

[block]
# block no. 8 follows, 49 sequences, length 6
# corresponding to MSA columns:
# 447-452
name=unknown_I
#
# <colnr> <probs for GDERKNQSTAVLIFYWHMCP>
#	G	D	E	R	K	N	Q	S	T	A	V	L	I	F	Y	W	H	M	C	P
0	0.01174	0.00947	0.01173	0.00984	0.01249	0.00993	0.04969	0.15642	0.14647	0.01931	0.01565	0.11719	0.01415	0.00856	0.03137	0.00177	0.07365	0.04944	0.07829	0.17284
1	0.04959	0.01074	0.01813	0.05094	0.35801	0.01056	0.15806	0.01394	0.01095	0.01588	0.01305	0.04715	0.06010	0.03503	0.00622	0.00165	0.03210	0.00543	0.00283	0.09963
2	0.03740	0.00862	0.01411	0.34656	0.16005	0.00959	0.05028	0.03518	0.00997	0.01365	0.01014	0.05668	0.00895	0.00847	0.00859	0.20308	0.00582	0.00502	0.00254	0.00530
3	0.01278	0.00969	0.01209	0.01052	0.06358	0.00904	0.03243	0.10222	0.13900	0.09833	0.01450	0.10104	0.01230	0.00616	0.00471	0.00130	0.00427	0.00527	0.00406	0.35672
4	0.01460	0.01170	0.01342	0.12969	0.01712	0.11045	0.04946	0.14159	0.01378	0.13924	0.01222	0.05855	0.00972	0.00563	0.00475	0.00134	0.00547	0.00465	0.00376	0.25288
5	0.10692	0.01103	0.01393	0.08013	0.22996	0.03965	0.01002	0.09106	0.11912	0.06422	0.04871	0.01401	0.01074	0.00534	0.00467	0.00144	0.00501	0.00446	0.00361	0.13598

[dist]
# distance from previous block
# <min> <max>
2	73

[block]
# block no. 9 follows, 49 sequences, length 10
# corresponding to MSA columns:
# 531-540
name=unknown_J
#
# <colnr> <probs for GDERKNQSTAVLIFYWHMCP>
#	G	D	E	R	K	N	Q	S	T	A	V	L	I	F	Y	W	H	M	C	P
0	0.06286	0.01218	0.16470	0.12568	0.18634	0.00956	0.02506	0.03388	0.01167	0.01721	0.16417	0.07176	0.01690	0.00656	0.00507	0.00155	0.00520	0.00575	0.00330	0.07062
1	0.01330	0.01117	0.01600	0.07344	0.34397	0.03360	0.01167	0.04962	0.08526	0.09558	0.01172	0.03157	0.00945	0.00565	0.00611	0.00154	0.08867	0.00469	0.00331	0.10369
2	0.01035	0.00824	0.01038	0.00914	0.03221	0.02753	0.04219	0.03287	0.06356	0.05806	0.06168	0.04876	0.10872	0.03278	0.11172	0.00240	0.04482	0.02921	0.05409	0.21130
3	0.01225	0.01047	0.01269	0.01313	0.14172	0.05699	0.04404	0.08904	0.22523	0.05941	0.07720	0.05913	0.14372	0.00773	0.00534	0.00161	0.00460	0.00665	0.00437	0.02468
4	0.01506	0.01155	0.01232	0.01013	0.01331	0.03282	0.00823	0.42501	0.12883	0.02561	0.08574	0.02018	0.03531	0.00725	0.00519	0.00157	0.00476	0.06640	0.04314	0.04760
5	0.01312	0.00987	0.01088	0.00941	0.01196	0.01059	0.00739	0.37660	0.09632	0.02300	0.02236	0.23523	0.11054	0.00981	0.00561	0.00173	0.00431	0.02966	0.00491	0.00670
6	0.00841	0.00446	0.00662	0.00674	0.00683	0.00449	0.00455	0.00680	0.00701	0.00941	0.01108	0.09856	0.01159	0.01877	0.07165	0.70763	0.00486	0.00549	0.00249	0.00255
7	0.01260	0.46996	0.20257	0.09299	0.01747	0.06332	0.01157	0.01596	0.04660	0.01342	0.00839	0.00982	0.00691	0.00468	0.00396	0.00131	0.00618	0.00330	0.00233	0.00666
8	0.00688	0.00522	0.00645	0.00702	0.00804	0.00492	0.00523	0.00894	0.04773	0.01482	0.13219	0.36169	0.21936	0.01364	0.00630	0.00194	0.00311	0.13718	0.00482	0.00451
9	0.27234	0.10341	0.22869	0.01054	0.01494	0.08431	0.03291	0.03236	0.09011	0.01806	0.01005	0.03868	0.00813	0.00533	0.00420	0.00151	0.00567	0.00391	0.00299	0.03187

[dist]
# distance from previous block
# <min> <max>
0	2

[block]
# block no. 10 follows, 49 sequences, length 12
# corresponding to MSA columns:
# 543-554
name=unknown_K
#
# <colnr> <probs for GDERKNQSTAVLIFYWHMCP>
#	G	D	E	R	K	N	Q	S	T	A	V	L	I	F	Y	W	H	M	C	P
0	0.09462	0.12203	0.09683	0.01177	0.03463	0.17326	0.07172	0.04691	0.09874	0.11716	0.05766	0.01449	0.01130	0.00575	0.00469	0.00149	0.00602	0.02050	0.00361	0.00681
1	0.01294	0.01325	0.01435	0.06405	0.18775	0.21217	0.03489	0.01577	0.05501	0.02944	0.01045	0.01342	0.00885	0.03851	0.10010	0.00227	0.02470	0.00426	0.00286	0.15495
