[name]
unknown

[dist]
# distance from previous block
# <min> <max>
4	41

[block]
# block no. 0 follows, 46 sequences, length 47
# corresponding to MSA columns:
# 47-93
name=unknown_A
#
# <colnr> <probs for GDERKNQSTAVLIFYWHMCP>
#	G	D	E	R	K	N	Q	S	T	A	V	L	I	F	Y	W	H	M	C	P
0	0.01143	0.01517	0.24131	0.31628	0.02634	0.01166	0.09390	0.07710	0.01235	0.03935	0.01220	0.05142	0.01008	0.00632	0.00550	0.00178	0.00698	0.05106	0.00299	0.00679
1	0.01040	0.00980	0.01663	0.73946	0.03539	0.01196	0.05225	0.03529	0.01108	0.01425	0.00956	0.01406	0.00715	0.00527	0.00533	0.00176	0.00711	0.00478	0.00245	0.00603
2	0.02218	0.01104	0.01348	0.01038	0.01449	0.01086	0.00856	0.27652	0.04023	0.50756	0.01810	0.01624	0.01178	0.00649	0.00531	0.00162	0.00494	0.00515	0.00608	0.00898
3	0.01216	0.02253	0.54333	0.01775	0.12628	0.01208	0.09516	0.01740	0.01173	0.07686	0.01056	0.01228	0.00756	0.00504	0.00520	0.00167	0.00746	0.00437	0.00267	0.00791
4	0.01129	0.01991	0.42167	0.02029	0.24622	0.01190	0.09419	0.01608	0.01185	0.01727	0.06984	0.01426	0.01070	0.00532	0.00531	0.00165	0.00706	0.00483	0.00267	0.00769
5	0.01940	0.00804	0.01089	0.00867	0.01201	0.00703	0.00703	0.02157	0.01509	0.58189	0.22224	0.02371	0.02287	0.00768	0.00556	0.00164	0.00397	0.00644	0.00635	0.00793
6	0.00663	0.00501	0.00613	0.00661	0.00757	0.00451	0.00467	0.00805	0.01183	0.01556	0.21446	0.40684	0.25440	0.01427	0.00648	0.00193	0.00282	0.01260	0.00512	0.00451
7	0.01128	0.15342	0.63110	0.01487	0.05503	0.01368	0.01770	0.01657	0.01113	0.01608	0.00916	0.01082	0.00679	0.00493	0.00477	0.00158	0.00740	0.00377	0.00225	0.00767
8	0.01240	0.03345	0.22648	0.02465	0.41210	0.02726	0.10712	0.01632	0.01165	0.01664	0.00965	0.01246	0.00774	0.00504	0.00597	0.00165	0.05444	0.00461	0.00250	0.00785
9	0.00701	0.00509	0.00673	0.00784	0.00855	0.00482	0.00584	0.00840	0.01089	0.01423	0.03117	0.52530	0.10535	0.01570	0.00686	0.00219	0.00354	0.22113	0.00490	0.00447
10	0.01308	0.01256	0.02146	0.03245	0.78123	0.01256	0.01622	0.01622	0.01204	0.01727	0.00994	0.01308	0.00837	0.00471	0.00523	0.00157	0.00628	0.00471	0.00262	0.00837
11	0.03769	0.08383	0.57686	0.01458	0.02149	0.01266	0.08460	0.01736	0.01149	0.07668	0.01026	0.01169	0.00729	0.00505	0.00498	0.00164	0.00738	0.00411	0.00264	0.00770
12	0.04033	0.12384	0.05039	0.03750	0.38553	0.02984	0.01307	0.14347	0.09000	0.01982	0.01107	0.01279	0.00883	0.00525	0.00493	0.00154	0.00598	0.00447	0.00330	0.00806
13	0.01975	0.02520	0.01498	0.01362	0.01634	0.79299	0.01021	0.02111	0.01498	0.01294	0.00817	0.00953	0.00681	0.00545	0.00477	0.00136	0.00953	0.00340	0.00272	0.00613
14	0.01096	0.00940	0.01096	0.00783	0.01253	0.00705	0.00626	0.01331	0.01096	0.01723	0.00940	0.01096	0.00783	0.00392	0.00392	0.00078	0.00392	0.00313	0.00313	0.84653
15	0.00756	0.00565	0.00843	0.00843	0.00935	0.00657	0.00652	0.00940	0.00848	0.01222	0.01422	0.02113	0.01337	0.05962	0.77350	0.00841	0.01393	0.00572	0.00284	0.00468
16	0.00762	0.00539	0.00709	0.00709	0.00755	0.00584	0.00486	0.00854	0.00808	0.01123	0.01545	0.02789	0.01631	0.43844	0.39869	0.00676	0.00951	0.00671	0.00302	0.00394
17	0.03404	0.23720	0.28835	0.01162	0.01671	0.03308	0.01235	0.17550	0.01370	0.03114	0.01007	0.01225	0.00808	0.04924	0.00647	0.03953	0.00640	0.00401	0.00306	0.00722
18	0.01308	0.01256	0.02146	0.03245	0.78123	0.01256	0.01622	0.01622	0.01204	0.01727	0.00994	0.01308	0.00837	0.00471	0.00523	0.00157	0.00628	0.00471	0.00262	0.00837
19	0.00755	0.00566	0.00850	0.00850	0.00944	0.00661	0.00661	0.00944	0.00850	0.01227	0.01416	0.02077	0.01322	0.03965	0.79326	0.00850	0.01416	0.00566	0.00283	0.00472
20	0.02359	0.00920	0.01239	0.00950	0.01360	0.00807	0.00785	0.05150	0.01547	0.75868	0.02057	0.01781	0.01294	0.00654	0.00532	0.00163	0.00454	0.00530	0.00650	0.00900
21	0.07357	0.25481	0.15441	0.05954	0.03548	0.07094	0.07023	0.15897	0.04245	0.01888	0.00977	0.01114	0.00762	0.00519	0.00458	0.00149	0.00652	0.00396	0.00310	0.00733
22	0.01308	0.01256	0.02146	0.03245	0.78123	0.01256	0.01622	0.01622	0.01204	0.01727	0.00994	0.01308	0.00837	0.00471	0.00523	0.00157	0.00628	0.00471	0.00262	0.00837
23	0.00625	0.00536	0.00536	0.00536	0.00714	0.00446	0.00402	0.00759	0.01205	0.01428	0.05355	0.05088	0.77909	0.01339	0.00625	0.00179	0.00268	0.01116	0.00491	0.00446
24	0.02332	0.00963	0.01266	0.00971	0.01381	0.00871	0.00802	0.10601	0.01619	0.70315	0.01997	0.01742	0.01264	0.00652	0.00531	0.00163	0.00464	0.00526	0.00641	0.00900
25	0.01598	0.01190	0.01876	0.05257	0.47112	0.01189	0.03579	0.09108	0.03107	0.18773	0.01288	0.01435	0.00959	0.00534	0.00529	0.00160	0.00590	0.00492	0.00379	0.00844
26	0.00772	0.00521	0.00684	0.00734	0.00826	0.00482	0.00533	0.00929	0.01199	0.05257	0.23533	0.44494	0.08712	0.01413	0.00656	0.00199	0.00311	0.07746	0.00523	0.00477
27	0.01248	0.01426	0.03119	0.02228	0.02763	0.01337	0.76203	0.01693	0.01248	0.01693	0.01070	0.01426	0.00802	0.00446	0.00624	0.00178	0.00891	0.00624	0.00267	0.00713
28	0.01230	0.01351	0.02832	0.02333	0.15686	0.01280	0.59717	0.01636	0.01229	0.01683	0.01144	0.05196	0.00936	0.00508	0.00609	0.00176	0.00818	0.00639	0.00277	0.00721
29	0.01535	0.01276	0.01332	0.03213	0.01522	0.03785	0.00910	0.24855	0.50408	0.02497	0.01814	0.01715	0.01347	0.00682	0.00533	0.00172	0.00491	0.00550	0.00519	0.00842
30	0.01955	0.01454	0.01556	0.01205	0.01619	0.01614	0.00992	0.70612	0.08322	0.03244	0.01338	0.01324	0.00955	0.00641	0.00530	0.00160	0.00569	0.00485	0.00530	0.00894
31	0.01546	0.00926	0.01142	0.00839	0.01287	0.00730	0.00679	0.01770	0.01243	0.28770	0.01343	0.01344	0.00968	0.00484	0.00441	0.00108	0.00412	0.00390	0.00433	0.55144
32	0.01073	0.04570	0.74975	0.01511	0.02278	0.01251	0.03806	0.01673	0.01118	0.01665	0.00947	0.01118	0.00673	0.00500	0.00501	0.00166	0.00779	0.00394	0.00224	0.00777
33	0.01060	0.02735	0.78682	0.01507	0.02288	0.01228	0.01953	0.01674	0.01116	0.01674	0.00949	0.01116	0.00670	0.00502	0.00502	0.00167	0.00781	0.00391	0.00223	0.00781
34	0.00759	0.00508	0.00579	0.00589	0.00591	0.00506	0.00334	0.00766	0.00788	0.01050	0.01763	0.09525	0.02045	0.75187	0.02533	0.00489	0.00496	0.00826	0.00334	0.00329
35	0.00652	0.00466	0.00621	0.00731	0.00769	0.00435	0.00491	0.00757	0.01050	0.01410	0.08770	0.75049	0.03613	0.01611	0.00671	0.00211	0.00302	0.01460	0.00498	0.00435
36	0.01598	0.32280	0.13353	0.01137	0.01609	0.05093	0.02854	0.19967	0.07429	0.08232	0.01129	0.01174	0.00859	0.00545	0.00453	0.00144	0.00605	0.00401	0.00362	0.00776
37	0.01041	0.00984	0.01664	0.69459	0.13996	0.01186	0.01490	0.01388	0.01077	0.01403	0.00947	0.01395	0.00723	0.00521	0.00528	0.00174	0.00694	0.00470	0.00239	0.00622
38	0.00694	0.00506	0.00652	0.00683	0.00773	0.00465	0.00487	0.00867	0.01268	0.01735	0.39964	0.36284	0.10970	0.01345	0.00645	0.00188	0.00275	0.01199	0.00536	0.00465
39	0.01211	0.33183	0.43536	0.01329	0.01964	0.01570	0.07240	0.01640	0.01110	0.01509	0.00875	0.01036	0.00683	0.00479	0.00449	0.00147	0.00706	0.00367	0.00228	0.00736
40	0.01270	0.01187	0.01801	0.31495	0.34413	0.03656	0.01435	0.08230	0.04867	0.01721	0.01036	0.01357	0.00820	0.00540	0.00575	0.00168	0.03940	0.00473	0.00288	0.00732
41	0.00837	0.00619	0.00909	0.00798	0.00961	0.00571	0.06424	0.01095	0.01463	0.04531	0.67187	0.05957	0.04498	0.01034	0.00622	0.00169	0.00308	0.00933	0.00557	0.00526
42	0.00975	0.03828	0.27318	0.01180	0.07389	0.00866	0.01114	0.01344	0.01308	0.04515	0.35352	0.04009	0.03983	0.00832	0.00568	0.00168	0.00487	0.03707	0.00420	0.00638
43	0.01612	0.01864	0.01628	0.01913	0.26401	0.43040	0.01169	0.01862	0.04710	0.01479	0.01096	0.07379	0.00993	0.00622	0.00531	0.00153	0.02084	0.00487	0.00297	0.00681
44	0.03594	0.05283	0.24120	0.01155	0.05014	0.00983	0.03514	0.01475	0.01105	0.01704	0.00933	0.01104	0.00742	0.00435	0.00433	0.00115	0.00542	0.00351	0.00279	0.47118
45	0.00973	0.04462	0.01373	0.01397	0.17969	0.00880	0.10209	0.05589	0.01270	0.01622	0.03330	0.03350	0.41592	0.02882	0.00634	0.00178	0.00462	0.00830	0.00399	0.00599
46	0.01355	0.01305	0.02122	0.02938	0.64405	0.03788	0.06406	0.06065	0.01299	0.01815	0.02790	0.01363	0.00930	0.00496	0.00531	0.00158	0.00644	0.00488	0.00286	0.00818

[dist]
# distance from previous block
# <min> <max>
4	12

[block]
# block no. 1 follows, 46 sequences, length 16
# corresponding to MSA columns:
# 106-121
name=unknown_B
#
# <colnr> <probs for GDERKNQSTAVLIFYWHMCP>
#	G	D	E	R	K	N	Q	S	T	A	V	L	I	F	Y	W	H	M	C	P
0	0.01234	0.01202	0.02237	0.01771	0.08134	0.01126	0.41013	0.05492	0.03562	0.03899	0.09465	0.03564	0.01362	0.00561	0.00573	0.00160	0.00672	0.00612	0.00345	0.13016
1	0.01892	0.03171	0.06994	0.01182	0.01630	0.03447	0.09633	0.14529	0.05951	0.37032	0.01595	0.01526	0.01079	0.00591	0.00523	0.00157	0.00558	0.00498	0.00503	0.07510
2	0.00998	0.00940	0.01586	0.80150	0.03641	0.01175	0.01468	0.01351	0.01057	0.01351	0.00940	0.01409	0.00705	0.00529	0.00529	0.00176	0.00705	0.00470	0.00235	0.00587
3	0.01637	0.35381	0.02016	0.01067	0.01474	0.05215	0.00934	0.28852	0.14663	0.02167	0.01175	0.01198	0.00919	0.00568	0.00448	0.00142	0.00563	0.00409	0.00391	0.00782
4	0.00755	0.00566	0.00850	0.00850	0.00944	0.00661	0.00661	0.00944	0.00850	0.01227	0.01416	0.02077	0.01322	0.03965	0.79326	0.00850	0.01416	0.00566	0.00283	0.00472
5	0.01989	0.01431	0.01545	0.01194	0.01609	0.01576	0.00983	0.68314	0.06693	0.07193	0.01362	0.01337	0.00961	0.00640	0.00530	0.00160	0.00566	0.00486	0.00536	0.00896
6	0.06139	0.02631	0.73977	0.01458	0.02212	0.01225	0.01870	0.01667	0.01103	0.01716	0.00936	0.01101	0.00664	0.00502	0.00492	0.00167	0.00759	0.00384	0.00230	0.00769
7	0.00644	0.00460	0.00613	0.00736	0.00767	0.00429	0.00491	0.00736	0.01012	0.01350	0.02914	0.81076	0.03497	0.01656	0.00675	0.00215	0.00307	0.01503	0.00491	0.00429
8	0.00661	0.00472	0.00632	0.00755	0.00793	0.00444	0.00519	0.00765	0.01028	0.01368	0.02905	0.75105	0.03460	0.01641	0.00679	0.00217	0.00321	0.07311	0.00490	0.00434
9	0.01686	0.01995	0.01764	0.05206	0.12986	0.46979	0.08213	0.04251	0.01376	0.01460	0.00875	0.01100	0.00725	0.00564	0.00625	0.00155	0.08700	0.00408	0.00273	0.00660
10	0.01096	0.00940	0.01096	0.00783	0.01253	0.00705	0.00626	0.01331	0.01096	0.01723	0.00940	0.01096	0.00783	0.00392	0.00392	0.00078	0.00392	0.00313	0.00313	0.84653
11	0.01308	0.01256	0.02146	0.03245	0.78123	0.01256	0.01622	0.01622	0.01204	0.01727	0.00994	0.01308	0.00837	0.00471	0.00523	0.00157	0.00628	0.00471	0.00262	0.00837
12	0.01538	0.01271	0.07837	0.01628	0.11021	0.01101	0.22403	0.05491	0.08263	0.21539	0.04573	0.01603	0.01175	0.00562	0.00547	0.00162	0.00613	0.00543	0.00416	0.07714
13	0.01507	0.01261	0.04996	0.01546	0.20062	0.03585	0.01041	0.17078	0.03540	0.10428	0.01175	0.01280	0.00892	0.00508	0.00479	0.00132	0.00531	0.00421	0.00383	0.29155
14	0.00787	0.00589	0.00786	0.03995	0.04727	0.00581	0.00614	0.01022	0.07117	0.03297	0.05170	0.58814	0.07634	0.01418	0.00643	0.00203	0.00346	0.01276	0.00480	0.00502
15	0.12965	0.04120	0.13525	0.01419	0.09337	0.02819	0.12091	0.03476	0.01282	0.27551	0.01319	0.01365	0.00918	0.00536	0.00497	0.00159	0.00593	0.00459	0.00404	0.05164

[dist]
# distance from previous block
# <min> <max>
1	4

[block]
# block no. 2 follows, 46 sequences, length 94
# corresponding to MSA columns:
# 126-219
name=unknown_C
#
# <colnr> <probs for GDERKNQSTAVLIFYWHMCP>
#	G	D	E	R	K	N	Q	S	T	A	V	L	I	F	Y	W	H	M	C	P
0	0.03676	0.01345	0.06861	0.01536	0.11351	0.05578	0.13487	0.06518	0.19825	0.15194	0.01469	0.01510	0.01074	0.00568	0.00525	0.00160	0.00590	0.00507	0.00418	0.07807
1	0.13531	0.06196	0.04057	0.18533	0.01863	0.06945	0.00963	0.01977	0.01265	0.33963	0.01371	0.01402	0.00939	0.00566	0.00479	0.00158	0.00555	0.00439	0.00430	0.04369
2	0.01182	0.26410	0.49681	0.01384	0.02046	0.01497	0.07680	0.01648	0.01114	0.01546	0.00894	0.01061	0.00683	0.00483	0.00463	0.00152	0.00725	0.00377	0.00228	0.00745
3	0.07847	0.00649	0.00719	0.02268	0.00922	0.00623	0.00530	0.01124	0.07903	0.04322	0.10496	0.22872	0.31796	0.01187	0.00589	0.00180	0.00321	0.01014	0.00483	0.04154
4	0.01392	0.01000	0.01174	0.00880	0.01316	0.00855	0.00715	0.11894	0.03337	0.12452	0.01254	0.01450	0.00990	0.00516	0.00448	0.00111	0.00431	0.03586	0.00403	0.55797
5	0.01112	0.04570	0.01549	0.01273	0.01343	0.04145	0.04330	0.01254	0.00870	0.01272	0.00887	0.01408	0.00861	0.04661	0.15707	0.00344	0.53117	0.00489	0.00247	0.00560
6	0.01226	0.01172	0.01997	0.23645	0.58365	0.01234	0.01582	0.01550	0.01165	0.01627	0.00980	0.01335	0.00802	0.00486	0.00525	0.00162	0.00648	0.00471	0.00255	0.00771
7	0.01296	0.01251	0.02161	0.05772	0.73012	0.01256	0.04219	0.01616	0.01200	0.01713	0.00995	0.01316	0.00832	0.00472	0.00527	0.00158	0.00640	0.00476	0.00261	0.00825
8	0.00644	0.00460	0.00613	0.00736	0.00767	0.00429	0.00491	0.00736	0.01012	0.01350	0.02914	0.81076	0.03497	0.01656	0.00675	0.00215	0.00307	0.01503	0.00491	0.00429
9	0.11897	0.01490	0.08629	0.01147	0.01552	0.04581	0.00996	0.37030	0.22602	0.02669	0.01398	0.01385	0.01025	0.00624	0.00502	0.00165	0.00550	0.00473	0.00468	0.00819
10	0.01413	0.81739	0.02770	0.00905	0.01357	0.02092	0.00905	0.01583	0.01074	0.01244	0.00735	0.00848	0.00678	0.00452	0.00339	0.00113	0.00565	0.00283	0.00226	0.00678
11	0.00644	0.00529	0.00567	0.00573	0.00730	0.00452	0.00424	0.00791	0.01228	0.01519	0.15434	0.12101	0.60511	0.01332	0.00629	0.00180	0.00269	0.01130	0.00504	0.00452
12	0.00841	0.00601	0.00840	0.00962	0.01079	0.00599	0.00834	0.01077	0.01207	0.01570	0.02805	0.09740	0.03065	0.01470	0.00727	0.00242	0.00478	0.70891	0.00487	0.00484
13	0.01240	0.01186	0.02021	0.20318	0.61588	0.01238	0.01588	0.01562	0.01171	0.01644	0.00982	0.01331	0.00808	0.00484	0.00525	0.00161	0.00645	0.00471	0.00256	0.00782
14	0.00724	0.00546	0.00681	0.00767	0.00848	0.00530	0.00547	0.00964	0.08036	0.01461	0.03123	0.57417	0.12136	0.01513	0.00662	0.00210	0.00330	0.08537	0.00495	0.00474
15	0.01117	0.15527	0.66390	0.01409	0.02137	0.01368	0.01783	0.01659	0.01109	0.01605	0.00914	0.01073	0.00671	0.00494	0.00476	0.00159	0.00746	0.00373	0.00224	0.00765
16	0.00644	0.00460	0.00613	0.00736	0.00767	0.00429	0.00491	0.00736	0.01012	0.01350	0.02914	0.81076	0.03497	0.01656	0.00675	0.00215	0.00307	0.01503	0.00491	0.00429
17	0.00659	0.00523	0.00592	0.00604	0.00742	0.00456	0.00442	0.00813	0.01241	0.01583	0.22661	0.18595	0.46555	0.01333	0.00634	0.00182	0.00270	0.01147	0.00513	0.00456
18	0.01522	0.01888	0.40544	0.01398	0.02004	0.01075	0.11399	0.01966	0.01270	0.27559	0.01395	0.01512	0.00963	0.00571	0.00534	0.00170	0.00677	0.02369	0.00381	0.00805
19	0.08584	0.65302	0.02576	0.01010	0.01451	0.05061	0.06832	0.01610	0.01090	0.01378	0.00765	0.00899	0.00679	0.00459	0.00366	0.00123	0.00593	0.00312	0.00240	0.00669
20	0.01260	0.01202	0.02058	0.09186	0.66681	0.01219	0.03236	0.01576	0.01194	0.01689	0.01082	0.01553	0.00937	0.00525	0.00536	0.00163	0.00633	0.04200	0.00271	0.00797
21	0.01816	0.02880	0.01491	0.01199	0.01566	0.14043	0.00963	0.44310	0.21482	0.02682	0.01414	0.01392	0.01044	0.00638	0.00520	0.00160	0.00599	0.00482	0.00485	0.00833
22	0.02133	0.00868	0.01163	0.00905	0.01285	0.00755	0.00741	0.02368	0.02883	0.65849	0.08509	0.01958	0.01607	0.00680	0.00531	0.00160	0.00426	0.00559	0.02066	0.04554
23	0.01209	0.33838	0.44933	0.01305	0.01945	0.01574	0.05273	0.01639	0.01106	0.01505	0.00870	0.01026	0.00680	0.00480	0.00444	0.00147	0.00702	0.00360	0.00227	0.00737
24	0.01188	0.24713	0.55796	0.01326	0.02008	0.01459	0.01635	0.01669	0.01113	0.03269	0.00915	0.01057	0.00686	0.00492	0.00457	0.00152	0.00714	0.00364	0.00234	0.00755
25	0.00643	0.00533	0.00563	0.00562	0.00727	0.00453	0.00419	0.00792	0.01239	0.01524	0.15638	0.07915	0.64540	0.01314	0.00627	0.00178	0.00267	0.01108	0.00504	0.00453
26	0.01642	0.01348	0.01810	0.08087	0.25818	0.01453	0.04546	0.40040	0.05672	0.02544	0.01193	0.01335	0.00896	0.00571	0.00532	0.00161	0.00611	0.00487	0.00411	0.00844
27	0.04733	0.01277	0.02289	0.03138	0.12309	0.01356	0.34460	0.05366	0.01203	0.07730	0.01044	0.01344	0.00815	0.00592	0.00850	0.00185	0.19757	0.00534	0.00303	0.00714
28	0.00630	0.00515	0.00557	0.00590	0.00728	0.00442	0.00426	0.00753	0.01152	0.01407	0.04691	0.25778	0.57647	0.01425	0.00638	0.00188	0.00278	0.01221	0.00491	0.00442
29	0.00918	0.00459	0.00689	0.00689	0.00689	0.00459	0.00459	0.00689	0.00689	0.00918	0.00918	0.01607	0.00918	0.01837	0.02066	0.84619	0.00459	0.00459	0.00230	0.00230
30	0.00664	0.00483	0.00617	0.00702	0.00753	0.00458	0.00474	0.00758	0.00998	0.01315	0.02973	0.56979	0.12574	0.10546	0.06827	0.00291	0.00408	0.01303	0.00456	0.00423
31	0.01083	0.02574	0.69441	0.01595	0.02346	0.01241	0.11034	0.01677	0.01132	0.01677	0.00963	0.01154	0.00686	0.00495	0.00517	0.00169	0.00795	0.00419	0.00229	0.00773
32	0.00755	0.00566	0.00850	0.00850	0.00944	0.00661	0.00661	0.00944	0.00850	0.01227	0.01416	0.02077	0.01322	0.03965	0.79326	0.00850	0.01416	0.00566	0.00283	0.00472
33	0.01157	0.01157	0.01619	0.01388	0.01388	0.01619	0.01157	0.01272	0.00810	0.01272	0.00694	0.01157	0.00694	0.00925	0.01735	0.00231	0.80453	0.00463	0.00231	0.00578
34	0.01260	0.01220	0.02103	0.06588	0.63370	0.01225	0.07436	0.01608	0.03146	0.01706	0.01216	0.01503	0.04183	0.00516	0.00536	0.00161	0.00631	0.00514	0.00278	0.00799
35	0.11588	0.08785	0.01540	0.01212	0.03434	0.04876	0.07688	0.02250	0.42127	0.01962	0.01537	0.01551	0.01187	0.00643	0.00598	0.00173	0.07184	0.00506	0.00414	0.00747
36	0.01308	0.01256	0.02146	0.03245	0.78123	0.01256	0.01622	0.01622	0.01204	0.01727	0.00994	0.01308	0.00837	0.00471	0.00523	0.00157	0.00628	0.00471	0.00262	0.00837
37	0.01306	0.44623	0.34341	0.01168	0.01752	0.03624	0.01341	0.01661	0.01114	0.03530	0.00863	0.00988	0.00692	0.00481	0.00416	0.00138	0.00662	0.00336	0.00238	0.00726
38	0.00843	0.00596	0.00764	0.00706	0.00850	0.00564	0.00538	0.04817	0.01539	0.03498	0.70742	0.03829	0.04668	0.01061	0.00620	0.00168	0.00276	0.02818	0.00578	0.00526
39	0.00636	0.00493	0.00580	0.00650	0.00744	0.00437	0.00452	0.00746	0.01095	0.01383	0.03963	0.48415	0.35480	0.01520	0.00653	0.00199	0.00290	0.01336	0.00491	0.00437
40	0.01930	0.00934	0.01156	0.00938	0.01288	0.00909	0.00758	0.05655	0.19544	0.47948	0.05086	0.01918	0.01515	0.00683	0.00524	0.00164	0.00424	0.00559	0.07233	0.00836
41	0.02372	0.00900	0.01227	0.00941	0.01350	0.00777	0.00777	0.02576	0.01513	0.78489	0.02086	0.01799	0.01309	0.00654	0.00532	0.00164	0.00450	0.00532	0.00654	0.00900
42	0.01505	0.01013	0.01149	0.00998	0.01304	0.01095	0.00785	0.02552	0.50627	0.20473	0.10556	0.02151	0.01916	0.00743	0.00546	0.00174	0.00407	0.00622	0.00571	0.00814
43	0.00640	0.00496	0.00584	0.00648	0.00745	0.00440	0.00453	0.00757	0.01116	0.01417	0.07261	0.45307	0.35255	0.01496	0.00651	0.00197	0.00288	0.01314	0.00495	0.00440
44	0.01275	0.01075	0.01184	0.00951	0.01341	0.01057	0.00753	0.08736	0.34687	0.02083	0.01503	0.01497	0.01159	0.00557	0.00468	0.00130	0.00420	0.00453	0.00431	0.40240
45	0.04603	0.00785	0.00922	0.00923	0.04001	0.00828	0.00662	0.01623	0.27336	0.01992	0.29808	0.17827	0.03119	0.01006	0.00583	0.00178	0.00342	0.00879	0.00521	0.02061
46	0.04400	0.16621	0.25138	0.01201	0.01717	0.07261	0.02623	0.12907	0.05065	0.16344	0.01214	0.01244	0.00871	0.00553	0.00478	0.00154	0.00635	0.00417	0.00373	0.00784
47	0.01187	0.01318	0.02733	0.02059	0.05804	0.01273	0.60583	0.01575	0.01210	0.01640	0.01427	0.01733	0.07776	0.00563	0.00700	0.00181	0.06619	0.00650	0.00285	0.00685
48	0.00785	0.00587	0.00812	0.00797	0.00856	0.00675	0.00584	0.00909	0.00821	0.01166	0.01449	0.02457	0.01472	0.28355	0.50082	0.00703	0.06143	0.00624	0.00292	0.00431
49	0.01426	0.25548	0.23177	0.04120	0.09495	0.19044	0.05000	0.03652	0.01238	0.01501	0.00875	0.01049	0.00705	0.00496	0.00458	0.00144	0.00739	0.00372	0.00249	0.00712
50	0.01210	0.00945	0.01134	0.02446	0.06323	0.03355	0.02746	0.09286	0.23492	0.07457	0.02289	0.29872	0.05138	0.01029	0.00588	0.00186	0.00439	0.00904	0.00488	0.00674
51	0.00737	0.00545	0.00784	0.00870	0.00950	0.00523	0.03283	0.00893	0.01091	0.01442	0.02809	0.52409	0.03245	0.01546	0.00692	0.00223	0.00389	0.26627	0.00482	0.00459
52	0.00885	0.00739	0.04068	0.01033	0.01203	0.00679	0.03541	0.01189	0.03724	0.01607	0.02698	0.05457	0.04447	0.01359	0.00709	0.00235	0.00506	0.64935	0.00470	0.00517
53	0.07964	0.04530	0.32284	0.01480	0.09247	0.05857	0.05764	0.07102	0.02448	0.14536	0.01177	0.01272	0.00840	0.00536	0.00495	0.00161	0.00659	0.00432	0.02440	0.00775
54	0.01065	0.01018	0.01531	0.69646	0.03333	0.05093	0.01381	0.01468	0.05376	0.01413	0.01022	0.01433	0.00772	0.00542	0.00522	0.00173	0.00689	0.00471	0.02450	0.00600
55	0.05703	0.00905	0.01209	0.00931	0.01336	0.00793	0.00769	0.02535	0.01488	0.75427	0.02031	0.01762	0.01279	0.00648	0.00523	0.00164	0.00448	0.00522	0.00641	0.00887
56	0.01257	0.01196	0.02033	0.06428	0.70433	0.01205	0.01550	0.01559	0.01186	0.01689	0.01103	0.05920	0.00985	0.00542	0.00532	0.00161	0.00613	0.00531	0.00274	0.00803
57	0.01243	0.01769	0.27586	0.02263	0.28614	0.01265	0.20185	0.01677	0.01181	0.04387	0.01024	0.01285	0.00784	0.00500	0.00590	0.00169	0.03950	0.00484	0.00263	0.00780
58	0.00974	0.00873	0.01231	0.01109	0.01148	0.01154	0.00895	0.01114	0.00830	0.01257	0.01057	0.01673	0.01028	0.07070	0.31564	0.00484	0.43140	0.00522	0.02358	0.00519
59	0.01121	0.00954	0.01110	0.00795	0.01263	0.00730	0.00637	0.03376	0.01134	0.01767	0.00949	0.01101	0.00786	0.00398	0.00395	0.00080	0.00397	0.00318	0.00319	0.82370
60	0.00686	0.00534	0.00625	0.00624	0.00766	0.00473	0.00468	0.00868	0.01307	0.01707	0.34245	0.11140	0.38882	0.01267	0.00633	0.00180	0.00273	0.04326	0.00527	0.00468
61	0.00769	0.00513	0.00577	0.00577	0.00577	0.00513	0.00320	0.00769	0.00769	0.01025	0.01666	0.03460	0.01922	0.81421	0.02691	0.00513	0.00513	0.00769	0.00320	0.00320
62	0.00639	0.00496	0.00583	0.00646	0.00745	0.00439	0.00452	0.00755	0.01113	0.01411	0.06615	0.45317	0.35905	0.01498	0.00651	0.00197	0.00288	0.01315	0.00494	0.00439
63	0.00658	0.00468	0.00607	0.00711	0.00743	0.00439	0.00468	0.00741	0.00990	0.01315	0.02847	0.69769	0.05648	0.10818	0.00905	0.00248	0.00329	0.01406	0.00471	0.00417
64	0.01096	0.00940	0.01096	0.00783	0.01253	0.00705	0.00626	0.01331	0.01096	0.01723	0.00940	0.01096	0.00783	0.00392	0.00392	0.00078	0.00392	0.00313	0.00313	0.84653
65	0.00644	0.00495	0.00590	0.00654	0.00748	0.00441	0.00457	0.00763	0.01120	0.01433	0.09019	0.46391	0.32363	0.01494	0.00652	0.00197	0.00288	0.01316	0.00497	0.00441
66	0.01096	0.00940	0.01096	0.00783	0.01253	0.00705	0.00626	0.01331	0.01096	0.01723	0.00940	0.01096	0.00783	0.00392	0.00392	0.00078	0.00392	0.00313	0.00313	0.84653
67	0.00998	0.00940	0.01586	0.80150	0.03641	0.01175	0.01468	0.01351	0.01057	0.01351	0.00940	0.01409	0.00705	0.00529	0.00529	0.00176	0.00705	0.00470	0.00235	0.00587
68	0.02010	0.01481	0.01587	0.01216	0.01639	0.01639	0.01005	0.76360	0.02486	0.03332	0.01269	0.01269	0.00899	0.00635	0.00529	0.00159	0.00582	0.00476	0.00529	0.00899
69	0.01130	0.02218	0.49309	0.01759	0.02427	0.01280	0.28266	0.01668	0.01153	0.01668	0.00983	0.01227	0.00717	0.00496	0.00586	0.00173	0.03476	0.00476	0.00239	0.00750
70	0.85155	0.01022	0.00777	0.00695	0.01022	0.01186	0.00573	0.01554	0.00900	0.02372	0.00736	0.00859	0.00573	0.00491	0.00327	0.00164	0.00409	0.00286	0.00327	0.00573
71	0.00764	0.00533	0.00682	0.00682	0.00718	0.00570	0.00451	0.00836	0.00800	0.01103	0.01570	0.02928	0.01691	0.51636	0.32160	0.00642	0.00860	0.00691	0.00306	0.00379
72	0.01060	0.02735	0.78682	0.01507	0.02288	0.01228	0.01953	0.01674	0.01116	0.01674	0.00949	0.01116	0.00670	0.00502	0.00502	0.00167	0.00781	0.00391	0.00223	0.00781
73	0.00766	0.00511	0.00577	0.00580	0.00581	0.00511	0.00324	0.00768	0.00774	0.01032	0.01692	0.05087	0.01955	0.79748	0.02648	0.00506	0.00508	0.00784	0.00324	0.00323
74	0.00663	0.00532	0.00563	0.00558	0.00701	0.00463	0.00400	0.00789	0.01171	0.01447	0.13527	0.04690	0.56955	0.14102	0.00955	0.00230	0.00305	0.01041	0.00475	0.00433
75	0.00810	0.00579	0.00802	0.00913	0.01019	0.00571	0.00767	0.01029	0.01203	0.01582	0.08165	0.18174	0.03256	0.01466	0.00713	0.00233	0.00440	0.57302	0.00494	0.00478
76	0.00655	0.00466	0.00617	0.00733	0.00764	0.00437	0.00490	0.00746	0.01004	0.01338	0.02849	0.75542	0.03407	0.05663	0.00777	0.00230	0.00321	0.03053	0.00482	0.00425
77	0.01248	0.01426	0.03119	0.02228	0.02763	0.01337	0.76203	0.01693	0.01248	0.01693	0.01070	0.01426	0.00802	0.00446	0.00624	0.00178	0.00891	0.00624	0.00267	0.00713
78	0.00769	0.00513	0.00577	0.00577	0.00577	0.00513	0.00320	0.00769	0.00769	0.01025	0.01666	0.03460	0.01922	0.81421	0.02691	0.00513	0.00513	0.00769	0.00320	0.00320
79	0.02140	0.00909	0.01182	0.00923	0.01283	0.00829	0.00743	0.09567	0.01517	0.61670	0.01954	0.01951	0.01344	0.10530	0.00795	0.00206	0.00470	0.00555	0.00601	0.00829
80	0.07074	0.01051	0.01277	0.00989	0.01393	0.02445	0.00815	0.17014	0.01669	0.57867	0.01823	0.01625	0.01174	0.00639	0.00518	0.00162	0.00483	0.00503	0.00604	0.00875
81	0.01975	0.02520	0.01498	0.01362	0.01634	0.79299	0.01021	0.02111	0.01498	0.01294	0.00817	0.00953	0.00681	0.00545	0.00477	0.00136	0.00953	0.00340	0.00272	0.00613
82	0.01586	0.01120	0.01237	0.01062	0.01394	0.01238	0.00840	0.09383	0.55490	0.17392	0.02059	0.01875	0.01489	0.00697	0.00536	0.00174	0.00439	0.00574	0.00560	0.00855
83	0.00732	0.00540	0.00684	0.00648	0.00780	0.00492	0.00486	0.00966	0.01458	0.02029	0.68358	0.04098	0.14531	0.01115	0.00624	0.00168	0.00252	0.00977	0.00570	0.00492
84	0.01157	0.01157	0.01619	0.01388	0.01388	0.01619	0.01157	0.01272	0.00810	0.01272	0.00694	0.01157	0.00694	0.00925	0.01735	0.00231	0.80453	0.00463	0.00231	0.00578
85	0.00769	0.00513	0.00577	0.00577	0.00577	0.00513	0.00320	0.00769	0.00769	0.01025	0.01666	0.03460	0.01922	0.81421	0.02691	0.00513	0.00513	0.00769	0.00320	0.00320
86	0.01315	0.01136	0.01195	0.01076	0.01375	0.01315	0.00837	0.02809	0.77168	0.02211	0.02152	0.01972	0.01614	0.00717	0.00538	0.00179	0.00418	0.00598	0.00538	0.00837
87	0.01096	0.00940	0.01096	0.00783	0.01253	0.00705	0.00626	0.01331	0.01096	0.01723	0.00940	0.01096	0.00783	0.00392	0.00392	0.00078	0.00392	0.00313	0.00313	0.84653
88	0.00644	0.00460	0.00613	0.00736	0.00767	0.00429	0.00491	0.00736	0.01012	0.01350	0.02914	0.81076	0.03497	0.01656	0.00675	0.00215	0.00307	0.01503	0.00491	0.00429
89	0.00641	0.00471	0.00602	0.00706	0.00759	0.00432	0.00478	0.00739	0.01041	0.01361	0.03275	0.69837	0.14503	0.01609	0.00667	0.00209	0.00301	0.01446	0.00491	0.00432
90	0.02063	0.01346	0.01233	0.01021	0.01356	0.23291	0.00809	0.06535	0.01514	0.42406	0.01630	0.01548	0.01111	0.00617	0.00495	0.00150	0.00576	0.00469	0.11064	0.00766
91	0.00755	0.00566	0.00850	0.00850	0.00944	0.00661	0.00661	0.00944	0.00850	0.01227	0.01416	0.02077	0.01322	0.03965	0.79326	0.00850	0.01416	0.00566	0.00283	0.00472
92	0.01248	0.01426	0.03119	0.02228	0.02763	0.01337	0.76203	0.01693	0.01248	0.01693	0.01070	0.01426	0.00802	0.00446	0.00624	0.00178	0.00891	0.00624	0.00267	0.00713
93	0.00748	0.00540	0.00707	0.00665	0.00790	0.00499	0.00499	0.00998	0.01496	0.02120	0.77844	0.03949	0.04988	0.01081	0.00624	0.00166	0.00249	0.00956	0.00582	0.00499

[dist]
# distance from previous block
# <min> <max>
0	1

[block]
# block no. 3 follows, 46 sequences, length 19
# corresponding to MSA columns:
# 221-239
name=unknown_D
#
# <colnr> <probs for GDERKNQSTAVLIFYWHMCP>
#	G	D	E	R	K	N	Q	S	T	A	V	L	I	F	Y	W	H	M	C	P
0	0.01157	0.01157	0.01619	0.01388	0.01388	0.01619	0.01157	0.01272	0.00810	0.01272	0.00694	0.01157	0.00694	0.00925	0.01735	0.00231	0.80453	0.00463	0.00231	0.00578
1	0.01441	0.01291	0.01911	0.02248	0.36934	0.07052	0.06551	0.01683	0.01158	0.10866	0.01037	0.01308	0.00841	0.00621	0.00859	0.00178	0.22492	0.00477	0.00302	0.00749
2	0.01060	0.02735	0.78682	0.01507	0.02288	0.01228	0.01953	0.01674	0.01116	0.01674	0.00949	0.01116	0.00670	0.00502	0.00502	0.00167	0.00781	0.00391	0.00223	0.00781
3	0.01975	0.02520	0.01498	0.01362	0.01634	0.79299	0.01021	0.02111	0.01498	0.01294	0.00817	0.00953	0.00681	0.00545	0.00477	0.00136	0.00953	0.00340	0.00272	0.00613
4	0.02372	0.00900	0.01227	0.00941	0.01350	0.00777	0.00777	0.02576	0.01513	0.78489	0.02086	0.01799	0.01309	0.00654	0.00532	0.00164	0.00450	0.00532	0.00654	0.00900
5	0.01096	0.00940	0.01096	0.00783	0.01253	0.00705	0.00626	0.01331	0.01096	0.01723	0.00940	0.01096	0.00783	0.00392	0.00392	0.00078	0.00392	0.00313	0.00313	0.84653
6	0.01060	0.02735	0.78682	0.01507	0.02288	0.01228	0.01953	0.01674	0.01116	0.01674	0.00949	0.01116	0.00670	0.00502	0.00502	0.00167	0.00781	0.00391	0.00223	0.00781
7	0.00985	0.00493	0.00493	0.00493	0.00616	0.00493	0.00370	0.01232	0.01109	0.01971	0.01725	0.01971	0.01355	0.00616	0.00370	0.00123	0.00246	0.00493	0.84356	0.00493
8	0.00644	0.00460	0.00613	0.00736	0.00767	0.00429	0.00491	0.00736	0.01012	0.01350	0.02914	0.81076	0.03497	0.01656	0.00675	0.00215	0.00307	0.01503	0.00491	0.00429
9	0.01574	0.01679	0.01314	0.01188	0.01477	0.31926	0.00909	0.02535	0.47466	0.01851	0.01628	0.01572	0.01248	0.00650	0.00514	0.00162	0.00628	0.00497	0.00434	0.00749
10	0.00661	0.00506	0.00610	0.00671	0.00772	0.00455	0.00483	0.00795	0.01145	0.01470	0.11196	0.40198	0.31164	0.01469	0.00655	0.00198	0.00299	0.06306	0.00500	0.00446
11	0.01029	0.00754	0.00897	0.00815	0.01008	0.00776	0.00624	0.05284	0.21042	0.05794	0.47387	0.06827	0.03669	0.00972	0.00595	0.00171	0.00322	0.00845	0.00567	0.00622
12	0.01024	0.00953	0.01324	0.01204	0.01226	0.01260	0.00986	0.01151	0.00897	0.01319	0.01356	0.13464	0.01485	0.04059	0.01471	0.00241	0.54317	0.11419	0.00309	0.00534
13	0.00758	0.00556	0.00797	0.00797	0.00873	0.00632	0.00595	0.00910	0.00834	0.01188	0.01464	0.02345	0.01438	0.18977	0.64473	0.00784	0.01241	0.00606	0.00290	0.00443
14	0.01375	0.01206	0.01226	0.01094	0.01398	0.04301	0.00852	0.06449	0.70564	0.02232	0.02057	0.01899	0.01543	0.00707	0.00535	0.00177	0.00447	0.00582	0.00527	0.00831
15	0.01075	0.06039	0.75507	0.01482	0.02249	0.01264	0.01909	0.01670	0.01114	0.01656	0.00940	0.01105	0.00670	0.00500	0.00495	0.00165	0.00772	0.00386	0.00223	0.00777
16	0.00878	0.00642	0.03418	0.00763	0.02565	0.00585	0.00589	0.01154	0.04114	0.01801	0.20223	0.10707	0.02700	0.06584	0.02378	0.00207	0.00366	0.11919	0.27898	0.00506
17	0.01317	0.01405	0.07591	0.21536	0.11211	0.03437	0.27685	0.12976	0.04163	0.01867	0.01083	0.01370	0.00814	0.00514	0.00559	0.00171	0.00745	0.00521	0.00305	0.00730
18	0.05328	0.64279	0.15770	0.00999	0.01502	0.01900	0.01070	0.01597	0.01073	0.01372	0.00772	0.00895	0.00672	0.00463	0.00367	0.00125	0.00595	0.00301	0.00230	0.00691

[dist]
# distance from previous block
# <min> <max>
0	1

[block]
# block no. 4 follows, 46 sequences, length 34
# corresponding to MSA columns:
# 241-274
name=unknown_E
#
# <colnr> <probs for GDERKNQSTAVLIFYWHMCP>
#	G	D	E	R	K	N	Q	S	T	A	V	L	I	F	Y	W	H	M	C	P
0	0.01256	0.01204	0.02075	0.03011	0.68932	0.01198	0.04914	0.01559	0.01191	0.01697	0.01141	0.07273	0.01034	0.00558	0.00539	0.00162	0.00616	0.00555	0.00279	0.00801
1	0.77492	0.05439	0.00903	0.00716	0.01053	0.01220	0.00598	0.01594	0.00932	0.05139	0.00786	0.00893	0.00606	0.00495	0.00335	0.00161	0.00419	0.00295	0.00334	0.00590
2	0.00663	0.00525	0.00596	0.00603	0.00744	0.00458	0.00443	0.00822	0.01257	0.01610	0.25338	0.16686	0.45752	0.01316	0.00632	0.00181	0.00269	0.01132	0.00516	0.00458
3	0.00701	0.00539	0.00642	0.00616	0.00761	0.00479	0.00462	0.00907	0.01386	0.01857	0.50256	0.04382	0.32741	0.01179	0.00624	0.00171	0.00256	0.01017	0.00547	0.00479
4	0.00644	0.00460	0.00613	0.00736	0.00767	0.00429	0.00491	0.00736	0.01012	0.01350	0.02914	0.81076	0.03497	0.01656	0.00675	0.00215	0.00307	0.01503	0.00491	0.00429
5	0.00845	0.00604	0.00844	0.00966	0.01085	0.00603	0.00840	0.01084	0.01210	0.01574	0.02803	0.08424	0.03057	0.01467	0.00728	0.00242	0.00481	0.72171	0.00487	0.00485
6	0.00998	0.00940	0.01586	0.80150	0.03641	0.01175	0.01468	0.01351	0.01057	0.01351	0.00940	0.01409	0.00705	0.00529	0.00529	0.00176	0.00705	0.00470	0.00235	0.00587
7	0.78971	0.01013	0.00811	0.00714	0.01047	0.01155	0.00588	0.01630	0.00946	0.08059	0.00837	0.00929	0.00628	0.00503	0.00342	0.00164	0.00412	0.00305	0.00352	0.00597
8	0.01060	0.02735	0.78682	0.01507	0.02288	0.01228	0.01953	0.01674	0.01116	0.01674	0.00949	0.01116	0.00670	0.00502	0.00502	0.00167	0.00781	0.00391	0.00223	0.00781
9	0.00756	0.00561	0.00825	0.00825	0.00910	0.00647	0.00630	0.00928	0.00842	0.01209	0.01439	0.02204	0.01377	0.11087	0.72279	0.00819	0.01333	0.00585	0.00287	0.00458
10	0.01413	0.81739	0.02770	0.00905	0.01357	0.02092	0.00905	0.01583	0.01074	0.01244	0.00735	0.00848	0.00678	0.00452	0.00339	0.00113	0.00565	0.00283	0.00226	0.00678
11	0.01658	0.01374	0.01385	0.01146	0.01505	0.06709	0.00916	0.35202	0.36229	0.02626	0.01627	0.01560	0.01204	0.00657	0.00524	0.00164	0.00526	0.00516	0.00508	0.03964
12	0.01453	0.01540	0.02035	0.02797	0.58839	0.18437	0.03913	0.01732	0.01270	0.01631	0.00958	0.01234	0.00802	0.00486	0.00516	0.00153	0.00708	0.00447	0.00264	0.00784
13	0.00739	0.00540	0.00694	0.00655	0.00784	0.00495	0.00492	0.00980	0.01475	0.02068	0.72429	0.04034	0.10436	0.01100	0.00624	0.00167	0.00251	0.00968	0.00575	0.00495
14	0.00642	0.00481	0.00597	0.00685	0.00754	0.00435	0.00469	0.00749	0.01073	0.01390	0.05603	0.60169	0.21908	0.01562	0.00661	0.00204	0.00296	0.01392	0.00493	0.00435
15	0.01637	0.07720	0.01464	0.01186	0.01497	0.31408	0.00928	0.08933	0.35783	0.01885	0.01455	0.01434	0.01122	0.00624	0.00499	0.00156	0.00650	0.00464	0.00412	0.00744
16	0.22940	0.00932	0.01109	0.00872	0.01264	0.00876	0.00719	0.02265	0.01341	0.56049	0.01698	0.01533	0.01101	0.00602	0.00474	0.00160	0.00437	0.00461	0.00557	0.04610
17	0.01250	0.01420	0.03087	0.02262	0.05280	0.01334	0.73712	0.01691	0.01246	0.01695	0.01067	0.01422	0.00803	0.00446	0.00621	0.00178	0.00882	0.00619	0.00267	0.00717
18	0.01060	0.02735	0.78682	0.01507	0.02288	0.01228	0.01953	0.01674	0.01116	0.01674	0.00949	0.01116	0.00670	0.00502	0.00502	0.00167	0.00781	0.00391	0.00223	0.00781
19	0.02372	0.00900	0.01227	0.00941	0.01350	0.00777	0.00777	0.02576	0.01513	0.78489	0.02086	0.01799	0.01309	0.00654	0.00532	0.00164	0.00450	0.00532	0.00654	0.00900
20	0.01248	0.01426	0.03119	0.02228	0.02763	0.01337	0.76203	0.01693	0.01248	0.01693	0.01070	0.01426	0.00802	0.00446	0.00624	0.00178	0.00891	0.00624	0.00267	0.00713
21	0.00985	0.00493	0.00493	0.00493	0.00616	0.00493	0.00370	0.01232	0.01109	0.01971	0.01725	0.01971	0.01355	0.00616	0.00370	0.00123	0.00246	0.00493	0.84356	0.00493
22	0.00644	0.00460	0.00613	0.00736	0.00767	0.00429	0.00491	0.00736	0.01012	0.01350	0.02914	0.81076	0.03497	0.01656	0.00675	0.00215	0.00307	0.01503	0.00491	0.00429
23	0.02189	0.00861	0.01158	0.00901	0.01284	0.00743	0.00740	0.02389	0.01490	0.70256	0.04787	0.02115	0.07151	0.00719	0.00542	0.00165	0.00430	0.00589	0.00640	0.00853
24	0.01975	0.02520	0.01498	0.01362	0.01634	0.79299	0.01021	0.02111	0.01498	0.01294	0.00817	0.00953	0.00681	0.00545	0.00477	0.00136	0.00953	0.00340	0.00272	0.00613
25	0.01158	0.02056	0.39484	0.01881	0.02534	0.01284	0.40470	0.01684	0.01184	0.01684	0.01011	0.01277	0.00738	0.00473	0.00565	0.00173	0.00838	0.00512	0.00246	0.00746
26	0.00664	0.00475	0.00632	0.00733	0.00779	0.00444	0.00502	0.00781	0.01083	0.01460	0.12994	0.68661	0.03685	0.01573	0.00669	0.00209	0.00304	0.03409	0.00503	0.00440
27	0.01248	0.01426	0.03119	0.02228	0.02763	0.01337	0.76203	0.01693	0.01248	0.01693	0.01070	0.01426	0.00802	0.00446	0.00624	0.00178	0.00891	0.00624	0.00267	0.00713
28	0.00783	0.00559	0.00772	0.00894	0.00986	0.00549	0.00731	0.00975	0.01149	0.01504	0.02837	0.31030	0.03194	0.01526	0.00712	0.00234	0.00427	0.50183	0.00488	0.00468
29	0.00763	0.00535	0.00688	0.00688	0.00727	0.00573	0.00459	0.00840	0.00802	0.01108	0.01564	0.02895	0.01677	0.49770	0.34007	0.00650	0.00882	0.00686	0.00305	0.00382
30	0.00755	0.00566	0.00850	0.00850	0.00944	0.00661	0.00661	0.00944	0.00850	0.01227	0.01416	0.02077	0.01322	0.03965	0.79326	0.00850	0.01416	0.00566	0.00283	0.00472
31	0.03949	0.00850	0.00948	0.00849	0.01055	0.00920	0.00657	0.24424	0.04907	0.02168	0.01746	0.16490	0.01609	0.03472	0.11904	0.00270	0.00550	0.00692	0.21923	0.00617
32	0.01262	0.01299	0.02465	0.02681	0.42679	0.01264	0.32037	0.01656	0.03338	0.01717	0.01199	0.01498	0.03344	0.00496	0.00568	0.00167	0.00718	0.00558	0.00279	0.00774
33	0.07530	0.02963	0.01522	0.04178	0.03259	0.17566	0.09354	0.05264	0.15445	0.06882	0.01233	0.01350	0.00953	0.00673	0.03103	0.00174	0.04132	0.00450	0.00364	0.13604

[dist]
# distance from previous block
# <min> <max>
0	1

[block]
# block no. 5 follows, 46 sequences, length 32
# corresponding to MSA columns:
# 276-307
name=unknown_F
#
# <colnr> <probs for GDERKNQSTAVLIFYWHMCP>
#	G	D	E	R	K	N	Q	S	T	A	V	L	I	F	Y	W	H	M	C	P
0	0.04620	0.40654	0.03988	0.01050	0.01428	0.25066	0.00928	0.08269	0.01322	0.01541	0.00877	0.00998	0.00739	0.00509	0.00403	0.00128	0.00662	0.00334	0.05819	0.00665
1	0.01182	0.03396	0.47939	0.01461	0.06553	0.01112	0.05968	0.01659	0.01162	0.07052	0.02968	0.01257	0.00860	0.00503	0.00494	0.00151	0.00673	0.00418	0.00282	0.14909
2	0.17963	0.01461	0.06448	0.05123	0.04084	0.09374	0.00991	0.28526	0.11000	0.08147	0.01242	0.01281	0.00905	0.00590	0.00484	0.00162	0.00577	0.00438	0.00430	0.00773
3	0.01297	0.01245	0.02126	0.06021	0.75435	0.01253	0.01617	0.01613	0.01198	0.01714	0.00992	0.01312	0.00833	0.00473	0.00524	0.00158	0.00631	0.00471	0.00261	0.00828
4	0.00739	0.00604	0.00978	0.00950	0.01059	0.00565	0.11239	0.00891	0.01071	0.01437	0.05847	0.64727	0.03167	0.01455	0.00667	0.00208	0.00391	0.03066	0.00463	0.00474
5	0.03594	0.01360	0.05736	0.18969	0.25895	0.07566	0.09824	0.06584	0.01268	0.07115	0.01042	0.01315	0.00804	0.00543	0.00609	0.00168	0.06102	0.00473	0.00300	0.00732
6	0.00669	0.00506	0.00718	0.00790	0.00850	0.00469	0.03755	0.00779	0.01032	0.01368	0.02956	0.73839	0.07100	0.01588	0.00670	0.00211	0.00330	0.01446	0.00481	0.00442
7	0.00644	0.00460	0.00613	0.00736	0.00767	0.00429	0.00491	0.00736	0.01012	0.01350	0.02914	0.81076	0.03497	0.01656	0.00675	0.00215	0.00307	0.01503	0.00491	0.00429
8	0.01169	0.07036	0.60035	0.01545	0.02242	0.07050	0.10334	0.01703	0.01157	0.01624	0.00941	0.01124	0.00686	0.00496	0.00505	0.00163	0.00794	0.00408	0.00232	0.00755
9	0.01264	0.01101	0.01287	0.04716	0.10832	0.01239	0.00930	0.04450	0.56172	0.02092	0.03469	0.02088	0.06571	0.00724	0.00543	0.00176	0.00448	0.00614	0.00488	0.00796
10	0.00769	0.00513	0.00577	0.00577	0.00577	0.00513	0.00320	0.00769	0.00769	0.01025	0.01666	0.03460	0.01922	0.81421	0.02691	0.00513	0.00513	0.00769	0.00320	0.00320
11	0.01401	0.01280	0.01237	0.01108	0.01408	0.08848	0.00860	0.05123	0.67451	0.02159	0.01994	0.01851	0.01501	0.00698	0.00532	0.00174	0.00475	0.00569	0.00512	0.00817
12	0.01407	0.01505	0.01835	0.21606	0.33397	0.21164	0.03394	0.03134	0.01252	0.01535	0.00930	0.01239	0.00759	0.00526	0.00568	0.00160	0.04182	0.00441	0.00262	0.00705
13	0.01359	0.06660	0.01985	0.14834	0.35622	0.09778	0.07016	0.04809	0.07619	0.01681	0.01056	0.01315	0.00850	0.00524	0.00547	0.00160	0.02681	0.00466	0.00290	0.00749
14	0.01096	0.00940	0.01096	0.00783	0.01253	0.00705	0.00626	0.01331	0.01096	0.01723	0.00940	0.01096	0.00783	0.00392	0.00392	0.00078	0.00392	0.00313	0.00313	0.84653
15	0.01346	0.56683	0.18191	0.05781	0.01698	0.03807	0.01159	0.03495	0.01128	0.01393	0.00807	0.00950	0.00684	0.00474	0.00392	0.00130	0.00628	0.00322	0.00235	0.00698
16	0.01191	0.03721	0.43826	0.01918	0.20247	0.01290	0.06967	0.04254	0.06200	0.01760	0.01047	0.01241	0.00790	0.00520	0.00548	0.00167	0.02814	0.00442	0.00267	0.00790
17	0.00769	0.00513	0.00577	0.00577	0.00577	0.00513	0.00320	0.00769	0.00769	0.01025	0.01666	0.03460	0.01922	0.81421	0.02691	0.00513	0.00513	0.00769	0.00320	0.00320
18	0.01304	0.01267	0.02210	0.03178	0.73153	0.01261	0.06541	0.01627	0.01207	0.01725	0.00999	0.01316	0.00835	0.00469	0.00530	0.00158	0.00645	0.00481	0.00262	0.00829
19	0.01157	0.01157	0.01619	0.01388	0.01388	0.01619	0.01157	0.01272	0.00810	0.01272	0.00694	0.01157	0.00694	0.00925	0.01735	0.00231	0.80453	0.00463	0.00231	0.00578
20	0.00917	0.00709	0.01056	0.01176	0.05791	0.00711	0.04664	0.01224	0.04199	0.01621	0.02579	0.05302	0.02743	0.01321	0.00705	0.00232	0.00513	0.63539	0.00464	0.00533
21	0.01404	0.79575	0.04850	0.00921	0.01382	0.02068	0.00933	0.01585	0.01075	0.01256	0.00741	0.00855	0.00678	0.00454	0.00344	0.00115	0.00571	0.00286	0.00226	0.00681
22	0.00666	0.00496	0.00620	0.00677	0.00762	0.00450	0.00474	0.00805	0.01172	0.01556	0.21905	0.46319	0.19267	0.01449	0.00652	0.00195	0.00285	0.01288	0.00513	0.00450
23	0.00625	0.00536	0.00536	0.00536	0.00714	0.00446	0.00402	0.00759	0.01205	0.01428	0.05355	0.05088	0.77909	0.01339	0.00625	0.00179	0.00268	0.01116	0.00491	0.00446
24	0.01308	0.01767	0.25291	0.03820	0.43674	0.06379	0.01627	0.01735	0.03608	0.04290	0.01041	0.01266	0.00814	0.00500	0.00515	0.00160	0.00685	0.00444	0.00272	0.00803
25	0.01060	0.02735	0.78682	0.01507	0.02288	0.01228	0.01953	0.01674	0.01116	0.01674	0.00949	0.01116	0.00670	0.00502	0.00502	0.00167	0.00781	0.00391	0.00223	0.00781
