[name]
unknown

[dist]
# distance from previous block
# <min> <max>
0	12

[block]
# block no. 0 follows, 43 sequences, length 13
# corresponding to MSA columns:
# 565-577
name=unknown_A
#
# <colnr> <probs for GDERKNQSTAVLIFYWHMCP>
#	G	D	E	R	K	N	Q	S	T	A	V	L	I	F	Y	W	H	M	C	P
0	0.01664	0.03471	0.09236	0.04805	0.01654	0.08201	0.04367	0.19314	0.03020	0.17811	0.07266	0.07379	0.01597	0.05576	0.00705	0.00196	0.00602	0.01901	0.00476	0.00760
1	0.01071	0.00889	0.02919	0.00941	0.01138	0.04778	0.00773	0.07701	0.05817	0.01857	0.07332	0.13229	0.05645	0.05018	0.00745	0.00218	0.00474	0.27095	0.07291	0.05069
2	0.01399	0.18884	0.07963	0.01248	0.06597	0.11554	0.04072	0.10426	0.04833	0.01879	0.08677	0.01796	0.05018	0.00837	0.04414	0.00190	0.00644	0.00527	0.08342	0.00699
3	0.01065	0.00713	0.00888	0.00894	0.01059	0.00707	0.00671	0.01488	0.15545	0.10235	0.05630	0.40869	0.02911	0.01324	0.00655	0.00208	0.00385	0.10137	0.00538	0.04078
4	0.04736	0.01287	0.01337	0.01027	0.01470	0.11877	0.04146	0.06070	0.05369	0.07465	0.01141	0.01248	0.00892	0.00493	0.00459	0.00116	0.00536	0.00389	0.00373	0.49570
5	0.01357	0.01116	0.03080	0.03962	0.09607	0.04789	0.05429	0.20664	0.03178	0.01909	0.01536	0.03947	0.06325	0.06840	0.01169	0.22925	0.00588	0.00593	0.00372	0.00613
6	0.01360	0.01139	0.01244	0.01106	0.01381	0.01308	0.00865	0.12493	0.49431	0.02279	0.02264	0.10026	0.05360	0.00886	0.00668	0.00192	0.05939	0.00722	0.00532	0.00803
7	0.01245	0.01031	0.01188	0.00874	0.01338	0.00846	0.00699	0.10555	0.01325	0.01996	0.01127	0.04998	0.00973	0.00506	0.00442	0.00099	0.00431	0.00410	0.00365	0.69552
8	0.01313	0.20363	0.51397	0.01418	0.02093	0.11076	0.01678	0.01789	0.01209	0.01603	0.00926	0.01085	0.00705	0.00520	0.00484	0.00159	0.00790	0.00377	0.00241	0.00772
9	0.05666	0.11120	0.33059	0.01269	0.01723	0.01271	0.03759	0.01475	0.01042	0.01559	0.01075	0.01476	0.00918	0.05026	0.18329	0.00354	0.09479	0.00466	0.00261	0.00673
10	0.00727	0.00504	0.00627	0.00705	0.00724	0.00485	0.00443	0.00785	0.00959	0.01278	0.02532	0.49705	0.03006	0.33101	0.01548	0.00349	0.00407	0.01268	0.00443	0.00404
11	0.01196	0.07727	0.06474	0.01053	0.06406	0.00898	0.00820	0.03233	0.07940	0.12709	0.13920	0.15249	0.16427	0.01037	0.00599	0.00182	0.00428	0.02539	0.00499	0.00663
12	0.14492	0.02907	0.05443	0.01079	0.01437	0.03017	0.00926	0.10888	0.08051	0.29959	0.05178	0.01629	0.01271	0.00704	0.00679	0.00180	0.10341	0.00511	0.00505	0.00803

[dist]
# distance from previous block
# <min> <max>
8	15

[block]
# block no. 1 follows, 43 sequences, length 48
# corresponding to MSA columns:
# 594-607,609-621,623-643
name=unknown_B
#
# <colnr> <probs for GDERKNQSTAVLIFYWHMCP>
#	G	D	E	R	K	N	Q	S	T	A	V	L	I	F	Y	W	H	M	C	P
0	0.06157	0.13857	0.07707	0.00980	0.01438	0.01218	0.00879	0.15413	0.02905	0.02101	0.05533	0.03879	0.01170	0.00576	0.00461	0.00129	0.00500	0.00446	0.00377	0.34275
1	0.01719	0.01373	0.01672	0.01769	0.21451	0.08329	0.03342	0.18112	0.14105	0.13058	0.04662	0.01628	0.01263	0.00631	0.00550	0.00165	0.00596	0.00532	0.00460	0.04585
2	0.03005	0.00907	0.03103	0.20399	0.07701	0.00923	0.04883	0.01464	0.08487	0.04472	0.23926	0.10392	0.04959	0.00886	0.00599	0.00183	0.00493	0.00792	0.01793	0.00633
3	0.00952	0.00494	0.00742	0.02704	0.00803	0.00499	0.00509	0.00741	0.00746	0.00992	0.01051	0.04988	0.01070	0.01881	0.02062	0.78247	0.00481	0.00527	0.00252	0.00259
4	0.01609	0.01289	0.01665	0.10476	0.01864	0.01548	0.03567	0.26925	0.07852	0.07788	0.01212	0.01414	0.00934	0.00761	0.01000	0.00198	0.28203	0.00513	0.00410	0.00774
5	0.10128	0.02997	0.03632	0.01200	0.03082	0.04022	0.00979	0.41684	0.13911	0.07439	0.01450	0.01443	0.01052	0.00650	0.00522	0.00168	0.00561	0.00492	0.03727	0.00862
6	0.00673	0.00565	0.00586	0.00589	0.00770	0.00478	0.00447	0.00825	0.01282	0.01549	0.09992	0.05293	0.69227	0.01391	0.00659	0.00189	0.00289	0.04202	0.00520	0.00473
7	0.01153	0.01000	0.01214	0.00867	0.01362	0.00759	0.02973	0.01406	0.01153	0.01804	0.00989	0.01159	0.00821	0.00412	0.00418	0.00085	0.00426	0.00338	0.00327	0.81332
8	0.00694	0.00499	0.00662	0.00786	0.00833	0.00468	0.00545	0.00806	0.01087	0.01439	0.03137	0.70673	0.06341	0.01704	0.00710	0.00226	0.00337	0.08083	0.00514	0.00456
9	0.00675	0.00482	0.00643	0.00771	0.00803	0.00450	0.00514	0.00771	0.01060	0.01414	0.03053	0.80175	0.03663	0.01735	0.00707	0.00225	0.00321	0.01574	0.00514	0.00450
10	0.02033	0.02579	0.01575	0.01428	0.01701	0.75082	0.01076	0.02174	0.01539	0.01354	0.00851	0.01008	0.00714	0.00588	0.00555	0.00147	0.04310	0.00362	0.00284	0.00641
11	0.00908	0.00627	0.00846	0.00823	0.00922	0.00730	0.00643	0.01118	0.00973	0.01541	0.01516	0.02050	0.01334	0.02727	0.46104	0.00585	0.08411	0.00558	0.27072	0.00512
12	0.01407	0.01131	0.01226	0.01110	0.01415	0.01284	0.00874	0.02785	0.65545	0.06881	0.02304	0.02388	0.01790	0.00809	0.00579	0.00192	0.00446	0.06416	0.00567	0.00851
13	0.04796	0.04371	0.16836	0.00990	0.01536	0.00933	0.00962	0.01599	0.01180	0.08271	0.01072	0.01195	0.00830	0.00464	0.00441	0.00114	0.00506	0.00362	0.00337	0.53203
14	0.00827	0.00564	0.00732	0.00806	0.00890	0.00528	0.00560	0.03683	0.01148	0.04733	0.02871	0.69426	0.03348	0.01597	0.00685	0.00216	0.00346	0.02920	0.00516	0.03605
15	0.01479	0.01179	0.01738	0.01428	0.01561	0.01493	0.07015	0.01647	0.01035	0.16913	0.01056	0.01372	0.00868	0.00871	0.01467	0.00223	0.57120	0.00513	0.00336	0.00686
16	0.01311	0.05563	0.08042	0.02538	0.39796	0.01458	0.11721	0.01628	0.01158	0.01664	0.00962	0.01311	0.00816	0.00601	0.00843	0.00184	0.18859	0.00497	0.00263	0.00784
17	0.00675	0.00482	0.00643	0.00771	0.00803	0.00450	0.00514	0.00771	0.01060	0.01414	0.03053	0.80175	0.03663	0.01735	0.00707	0.00225	0.00321	0.01574	0.00514	0.00450
18	0.01263	0.01169	0.01849	0.04222	0.51082	0.01111	0.01350	0.01568	0.01255	0.01832	0.07062	0.01540	0.01207	0.00526	0.00523	0.00146	0.00568	0.00494	0.00313	0.20921
19	0.01481	0.80869	0.02902	0.00948	0.01421	0.02191	0.00948	0.01658	0.01125	0.01303	0.00770	0.00888	0.00711	0.00474	0.00355	0.00118	0.00592	0.00296	0.00237	0.00711
20	0.27946	0.01128	0.01717	0.02916	0.01762	0.02997	0.27643	0.01572	0.01159	0.01989	0.01320	0.01985	0.01141	0.00753	0.02863	0.00204	0.00654	0.09825	0.09797	0.00630
21	0.06639	0.01260	0.01413	0.01158	0.01506	0.03526	0.06756	0.26414	0.27110	0.02605	0.01656	0.01675	0.01237	0.00663	0.00524	0.00169	0.00521	0.00541	0.13819	0.00807
22	0.00675	0.00496	0.00633	0.00737	0.00796	0.00455	0.00500	0.00783	0.01106	0.01450	0.05651	0.66605	0.14749	0.01667	0.00697	0.00218	0.00313	0.01496	0.00517	0.00455
23	0.00784	0.00566	0.00740	0.00697	0.00827	0.00523	0.00523	0.01045	0.01568	0.02221	0.76789	0.04137	0.05226	0.01132	0.00653	0.00174	0.00261	0.01002	0.00610	0.00523
24	0.01046	0.00984	0.01661	0.79205	0.03814	0.01230	0.01538	0.01415	0.01107	0.01415	0.00984	0.01477	0.00738	0.00554	0.00554	0.00185	0.00738	0.00492	0.00246	0.00615
25	0.00805	0.00537	0.00604	0.00604	0.00604	0.00537	0.00336	0.00805	0.00805	0.01074	0.01745	0.03624	0.02013	0.80536	0.02819	0.00537	0.00537	0.00805	0.00336	0.00336
26	0.01046	0.00984	0.01661	0.79205	0.03814	0.01230	0.01538	0.01415	0.01107	0.01415	0.00984	0.01477	0.00738	0.00554	0.00554	0.00185	0.00738	0.00492	0.00246	0.00615
27	0.84448	0.01071	0.00814	0.00728	0.01071	0.01242	0.00600	0.01628	0.00943	0.02485	0.00771	0.00900	0.00600	0.00514	0.00343	0.00171	0.00428	0.00300	0.00343	0.00600
28	0.00892	0.00637	0.00892	0.01020	0.01147	0.00637	0.00892	0.01147	0.01275	0.01657	0.02932	0.06247	0.03187	0.01530	0.00765	0.00255	0.00510	0.73354	0.00510	0.00510
29	0.00686	0.00546	0.00616	0.00633	0.00776	0.00476	0.00461	0.00843	0.01286	0.01632	0.20112	0.20360	0.46792	0.01413	0.00665	0.00192	0.00285	0.01216	0.00534	0.00476
30	0.01301	0.01482	0.03230	0.04134	0.02916	0.01397	0.73348	0.01766	0.01303	0.01766	0.01117	0.01494	0.00838	0.00469	0.00651	0.00187	0.00929	0.00650	0.00279	0.00744
31	0.01508	0.77297	0.02841	0.00970	0.01435	0.05668	0.00953	0.01684	0.01146	0.01305	0.00774	0.00893	0.00711	0.00478	0.00362	0.00120	0.00611	0.00299	0.00239	0.00708
32	0.00887	0.00634	0.00886	0.01005	0.01133	0.00632	0.00876	0.01143	0.01288	0.01683	0.06305	0.06151	0.03280	0.01512	0.00760	0.00251	0.00499	0.70050	0.00515	0.00511
33	0.01060	0.01021	0.01974	0.04121	0.01990	0.00982	0.34850	0.01395	0.01257	0.01672	0.02054	0.13301	0.02093	0.01037	0.00700	0.00218	0.00688	0.28575	0.00397	0.00614
34	0.01481	0.80869	0.02902	0.00948	0.01421	0.02191	0.00948	0.01658	0.01125	0.01303	0.00770	0.00888	0.00711	0.00474	0.00355	0.00118	0.00592	0.00296	0.00237	0.00711
35	0.01154	0.01001	0.01218	0.00870	0.01365	0.00760	0.03103	0.01407	0.01154	0.01804	0.00989	0.01160	0.00821	0.00412	0.00418	0.00085	0.00427	0.00339	0.00327	0.81187
36	0.01111	0.02865	0.77667	0.01579	0.02397	0.01286	0.02046	0.01754	0.01169	0.01754	0.00994	0.01169	0.00702	0.00526	0.00526	0.00175	0.00818	0.00409	0.00234	0.00818
37	0.00817	0.00560	0.00604	0.00626	0.00784	0.00513	0.00492	0.01015	0.01232	0.01707	0.03922	0.04440	0.39807	0.01181	0.00588	0.00180	0.00313	0.13502	0.27224	0.00491
38	0.00792	0.00592	0.00883	0.00883	0.00980	0.00689	0.00684	0.00985	0.00888	0.01281	0.01490	0.02209	0.01399	0.05925	0.76590	0.00882	0.01462	0.00598	0.00298	0.00491
39	0.00675	0.00482	0.00643	0.00771	0.00803	0.00450	0.00514	0.00771	0.01060	0.01414	0.03053	0.80175	0.03663	0.01735	0.00707	0.00225	0.00321	0.01574	0.00514	0.00450
40	0.01142	0.02666	0.67560	0.01765	0.08375	0.01295	0.06041	0.01751	0.01184	0.01759	0.01005	0.01203	0.00723	0.00520	0.00535	0.00175	0.00812	0.00429	0.00240	0.00819
41	0.04266	0.01048	0.01683	0.65257	0.10260	0.01264	0.01492	0.05341	0.01194	0.01601	0.01000	0.01438	0.00756	0.00553	0.00545	0.00181	0.00713	0.00485	0.00269	0.00656
42	0.00792	0.00591	0.00877	0.00877	0.00971	0.00685	0.00676	0.00981	0.00886	0.01276	0.01495	0.02242	0.01413	0.07642	0.74893	0.00874	0.01440	0.00603	0.00298	0.00487
43	0.14322	0.05147	0.48099	0.01306	0.01946	0.01243	0.01535	0.01872	0.05188	0.09983	0.03598	0.01337	0.00957	0.00571	0.00500	0.00173	0.00674	0.00434	0.00329	0.00787
44	0.00774	0.00562	0.00715	0.00683	0.00815	0.00515	0.00510	0.01019	0.01513	0.02124	0.66030	0.06742	0.11589	0.01165	0.00649	0.00176	0.00265	0.01024	0.02616	0.00515
45	0.01168	0.01095	0.01817	0.34317	0.37114	0.01195	0.01487	0.01527	0.02880	0.01661	0.05165	0.03488	0.03493	0.00614	0.00563	0.00176	0.00646	0.00568	0.00299	0.00728
46	0.01847	0.01500	0.01603	0.01586	0.15325	0.12081	0.01085	0.38668	0.01981	0.06994	0.01366	0.04459	0.01068	0.00662	0.00538	0.00162	0.00625	0.00525	0.07089	0.00835
47	0.03295	0.01467	0.11458	0.01951	0.28174	0.01267	0.01311	0.19299	0.02755	0.10107	0.01270	0.02940	0.00978	0.00578	0.00530	0.00159	0.00602	0.00490	0.00396	0.10971

[dist]
# distance from previous block
# <min> <max>
1	6

[block]
# block no. 2 follows, 43 sequences, length 25
# corresponding to MSA columns:
# 650-674
name=unknown_C
#
# <colnr> <probs for GDERKNQSTAVLIFYWHMCP>
#	G	D	E	R	K	N	Q	S	T	A	V	L	I	F	Y	W	H	M	C	P
0	0.37162	0.01373	0.01249	0.01098	0.03875	0.08492	0.00854	0.24893	0.08566	0.04202	0.01145	0.01214	0.00860	0.00664	0.02007	0.00183	0.00568	0.00416	0.00428	0.00751
1	0.08087	0.01185	0.03338	0.01082	0.03821	0.02593	0.00851	0.28862	0.12576	0.02548	0.12791	0.04393	0.13822	0.00865	0.00570	0.00175	0.00476	0.00701	0.00516	0.00747
2	0.01149	0.00906	0.01342	0.03415	0.21898	0.00901	0.03873	0.05330	0.04593	0.04896	0.29146	0.04319	0.04805	0.00848	0.00590	0.00172	0.00450	0.02803	0.07885	0.00679
3	0.01058	0.01001	0.01664	0.73371	0.03637	0.01265	0.01514	0.01409	0.01088	0.01409	0.00965	0.01457	0.00737	0.00585	0.00649	0.00189	0.06650	0.00492	0.00246	0.00615
4	0.00871	0.00768	0.01253	0.03854	0.01359	0.00756	0.14925	0.01119	0.03207	0.01607	0.11572	0.33124	0.11908	0.03053	0.02882	0.00231	0.03384	0.03131	0.00453	0.00541
5	0.01306	0.01476	0.03168	0.02343	0.05781	0.01408	0.69366	0.01754	0.01288	0.01759	0.01102	0.01478	0.00838	0.00487	0.00693	0.00188	0.03897	0.00641	0.00278	0.00747
6	0.01542	0.16402	0.20355	0.01346	0.01820	0.27233	0.04995	0.01841	0.01289	0.02809	0.00918	0.01090	0.00741	0.00543	0.00553	0.00148	0.05233	0.00381	0.00273	0.10487
7	0.84448	0.01071	0.00814	0.00728	0.01071	0.01242	0.00600	0.01628	0.00943	0.02485	0.00771	0.00900	0.00600	0.00514	0.00343	0.00171	0.00428	0.00300	0.00343	0.00600
8	0.01365	0.01333	0.02345	0.03298	0.70019	0.01324	0.08685	0.01707	0.01265	0.01806	0.01049	0.01382	0.00874	0.00491	0.00558	0.00167	0.00684	0.00509	0.00275	0.00865
9	0.00793	0.00586	0.00853	0.00853	0.00940	0.00672	0.00647	0.00965	0.00879	0.01259	0.01517	0.02361	0.01465	0.13931	0.68674	0.00845	0.01362	0.00621	0.00302	0.00474
10	0.01041	0.00978	0.01625	0.71848	0.03567	0.01227	0.01481	0.01386	0.01091	0.01410	0.01048	0.04440	0.00848	0.00622	0.00631	0.00189	0.05170	0.00533	0.00256	0.00608
11	0.01481	0.80869	0.02902	0.00948	0.01421	0.02191	0.00948	0.01658	0.01125	0.01303	0.00770	0.00888	0.00711	0.00474	0.00355	0.00118	0.00592	0.00296	0.00237	0.00711
12	0.00896	0.00533	0.00549	0.00559	0.00702	0.00503	0.00421	0.01111	0.01193	0.01848	0.03075	0.06303	0.24940	0.00955	0.00496	0.00155	0.00277	0.03425	0.51560	0.00498
13	0.00675	0.00482	0.00643	0.00771	0.00803	0.00450	0.00514	0.00771	0.01060	0.01414	0.03053	0.80175	0.03663	0.01735	0.00707	0.00225	0.00321	0.01574	0.00514	0.00450
14	0.01018	0.00899	0.01341	0.10773	0.25901	0.03055	0.01047	0.01271	0.01285	0.01760	0.21499	0.20960	0.02733	0.00997	0.00619	0.00186	0.00488	0.03109	0.00424	0.00634
15	0.00739	0.00526	0.00693	0.00764	0.00824	0.00519	0.00536	0.00868	0.01063	0.01446	0.08375	0.42933	0.05957	0.11964	0.13424	0.00365	0.00538	0.05478	0.02533	0.00454
16	0.11741	0.05681	0.03205	0.01225	0.03222	0.33903	0.00966	0.05309	0.03052	0.22144	0.01320	0.01430	0.00986	0.00625	0.00503	0.00159	0.00715	0.02650	0.00420	0.00744
17	0.06820	0.07288	0.09797	0.03198	0.10156	0.03633	0.04732	0.06087	0.16741	0.15003	0.03126	0.05276	0.01294	0.00664	0.00532	0.00170	0.00568	0.00555	0.00437	0.03924
18	0.47598	0.11859	0.01230	0.00830	0.01209	0.01230	0.00706	0.01921	0.01167	0.23634	0.03244	0.01267	0.00960	0.00574	0.00414	0.00164	0.00458	0.00392	0.00433	0.00710
19	0.01223	0.02357	0.53876	0.01444	0.02110	0.01328	0.01689	0.04969	0.21617	0.01975	0.01350	0.01420	0.00980	0.00593	0.00537	0.00178	0.00707	0.00472	0.00336	0.00839
20	0.01169	0.02321	0.54285	0.10033	0.02463	0.01249	0.08058	0.04004	0.01247	0.03693	0.04014	0.01467	0.00965	0.00575	0.00551	0.00178	0.00777	0.01889	0.00280	0.00780
21	0.00927	0.00723	0.00855	0.05768	0.01129	0.00723	0.00633	0.04665	0.11892	0.03548	0.24807	0.11770	0.28111	0.01164	0.00634	0.00186	0.00350	0.00999	0.00537	0.00581
22	0.01347	0.40732	0.01953	0.00945	0.01272	0.14555	0.00826	0.01547	0.01349	0.01619	0.26210	0.01994	0.02221	0.00710	0.00479	0.00141	0.00551	0.00542	0.00370	0.00636
23	0.01059	0.25667	0.01588	0.00953	0.01156	0.01260	0.00812	0.01239	0.00964	0.01312	0.01194	0.01701	0.01119	0.04380	0.41809	0.00550	0.09655	0.00492	0.02521	0.00571
24	0.01660	0.15636	0.04469	0.01334	0.01676	0.32940	0.06115	0.04699	0.15392	0.01641	0.01156	0.01283	0.00935	0.00724	0.03141	0.00183	0.05528	0.00439	0.00334	0.00715

[dist]
# distance from previous block
# <min> <max>
1	6

[block]
# block no. 3 follows, 43 sequences, length 35
# corresponding to MSA columns:
# 681-715
name=unknown_D
#
# <colnr> <probs for GDERKNQSTAVLIFYWHMCP>
#	G	D	E	R	K	N	Q	S	T	A	V	L	I	F	Y	W	H	M	C	P
0	0.01909	0.02188	0.01595	0.04104	0.04295	0.52388	0.01099	0.13774	0.01653	0.01740	0.03269	0.01194	0.00896	0.00631	0.00620	0.00157	0.07044	0.00419	0.00333	0.00691
1	0.01066	0.00971	0.03983	0.01177	0.05416	0.00931	0.09058	0.04158	0.19147	0.02168	0.38473	0.04486	0.04801	0.00913	0.00620	0.00179	0.00433	0.00823	0.00525	0.00673
2	0.01074	0.00998	0.01460	0.01240	0.01296	0.01258	0.07759	0.01191	0.00878	0.01288	0.01120	0.02054	0.01178	0.26871	0.04651	0.00355	0.43915	0.00608	0.00278	0.00527
3	0.84448	0.01071	0.00814	0.00728	0.01071	0.01242	0.00600	0.01628	0.00943	0.02485	0.00771	0.00900	0.00600	0.00514	0.00343	0.00171	0.00428	0.00300	0.00343	0.00600
4	0.01111	0.02865	0.77667	0.01579	0.02397	0.01286	0.02046	0.01754	0.01169	0.01754	0.00994	0.01169	0.00702	0.00526	0.00526	0.00175	0.00818	0.00409	0.00234	0.00818
5	0.01046	0.00984	0.01661	0.79205	0.03814	0.01230	0.01538	0.01415	0.01107	0.01415	0.00984	0.01477	0.00738	0.00554	0.00554	0.00185	0.00738	0.00492	0.00246	0.00615
6	0.01033	0.00970	0.01624	0.76517	0.03710	0.01204	0.01500	0.01394	0.01113	0.01418	0.01143	0.01608	0.03340	0.00583	0.00557	0.00185	0.00723	0.00515	0.00255	0.00610
7	0.01608	0.01259	0.01353	0.01143	0.01489	0.01415	0.00909	0.26289	0.45141	0.04927	0.06815	0.01957	0.01669	0.00746	0.00566	0.00179	0.00483	0.00607	0.00567	0.00877
8	0.00750	0.00532	0.00709	0.00823	0.00878	0.00512	0.00601	0.00881	0.01093	0.01445	0.02875	0.50981	0.03348	0.10349	0.00956	0.00268	0.00398	0.21656	0.00493	0.00454
9	0.00805	0.00537	0.00604	0.00604	0.00604	0.00537	0.00336	0.00805	0.00805	0.01074	0.01745	0.03624	0.02013	0.80536	0.02819	0.00537	0.00537	0.00805	0.00336	0.00336
10	0.00775	0.00559	0.00732	0.00703	0.00825	0.00517	0.00522	0.01023	0.01527	0.02156	0.70885	0.10225	0.05101	0.01181	0.00658	0.00178	0.00266	0.01047	0.00602	0.00517
11	0.00742	0.00564	0.00682	0.00653	0.00802	0.00505	0.00490	0.00964	0.01469	0.01986	0.53703	0.04524	0.28459	0.01220	0.00654	0.00178	0.00268	0.01056	0.00579	0.00505
12	0.01892	0.01445	0.01542	0.01231	0.01636	0.01618	0.01001	0.54076	0.24109	0.03147	0.01600	0.01545	0.01161	0.00690	0.00557	0.00173	0.00559	0.00536	0.00557	0.00923
13	0.00714	0.00563	0.00643	0.00623	0.00784	0.00493	0.00467	0.00909	0.01402	0.01827	0.38083	0.04786	0.44177	0.01279	0.00654	0.00181	0.00272	0.01093	0.00558	0.00493
14	0.01148	0.00984	0.01148	0.00820	0.01312	0.00738	0.00656	0.01395	0.01148	0.01805	0.00984	0.01148	0.00820	0.00410	0.00410	0.00082	0.00410	0.00328	0.00328	0.83922
15	0.75303	0.01057	0.00867	0.00757	0.01109	0.01195	0.00624	0.01748	0.01014	0.10851	0.00929	0.01010	0.00686	0.00533	0.00367	0.00171	0.00433	0.00329	0.00381	0.00638
16	0.00886	0.00827	0.01493	0.01246	0.01477	0.00767	0.24715	0.01121	0.01206	0.01604	0.08523	0.39237	0.12090	0.01234	0.00679	0.00204	0.00510	0.01179	0.00446	0.00554
17	0.02069	0.02640	0.01569	0.01427	0.01712	0.78313	0.01070	0.02212	0.01569	0.01355	0.00856	0.00999	0.00713	0.00571	0.00499	0.00143	0.00999	0.00357	0.00285	0.00642
18	0.04272	0.43722	0.06589	0.09207	0.01773	0.08356	0.03407	0.01679	0.01178	0.03263	0.00885	0.01053	0.00744	0.00491	0.00419	0.00131	0.00634	0.00350	0.00269	0.11577
19	0.00962	0.00481	0.00722	0.00722	0.00722	0.00481	0.00481	0.00722	0.00722	0.00962	0.00962	0.01684	0.00962	0.01924	0.02165	0.83886	0.00481	0.00481	0.00241	0.00241
20	0.01968	0.00996	0.01186	0.00954	0.01307	0.00989	0.00774	0.16841	0.09755	0.37909	0.01938	0.01834	0.01331	0.00680	0.00519	0.00163	0.00448	0.00544	0.19024	0.00841
21	0.01234	0.01336	0.12356	0.08579	0.29774	0.01134	0.07311	0.01620	0.03648	0.05995	0.03861	0.04760	0.06460	0.00737	0.00625	0.00184	0.02978	0.06306	0.00351	0.00751
22	0.05866	0.09829	0.46400	0.01427	0.02059	0.01295	0.09659	0.01699	0.03428	0.01821	0.07441	0.01472	0.01149	0.00576	0.00520	0.00170	0.00709	0.00479	0.03248	0.00754
23	0.01014	0.00845	0.01171	0.01067	0.01128	0.01092	0.00862	0.01189	0.00920	0.01442	0.01216	0.01743	0.01109	0.02174	0.31875	0.00479	0.34744	0.00533	0.14852	0.00546
24	0.01111	0.02865	0.77667	0.01579	0.02397	0.01286	0.02046	0.01754	0.01169	0.01754	0.00994	0.01169	0.00702	0.00526	0.00526	0.00175	0.00818	0.00409	0.00234	0.00818
25	0.04342	0.01542	0.09074	0.06155	0.46932	0.05936	0.03675	0.09803	0.01389	0.01952	0.01039	0.01313	0.00837	0.00537	0.00579	0.00169	0.03118	0.00476	0.00302	0.00831
26	0.06503	0.01738	0.19296	0.01854	0.09746	0.05706	0.26985	0.10048	0.01389	0.01955	0.01250	0.08624	0.01064	0.00632	0.00580	0.00180	0.00759	0.00611	0.00326	0.00756
27	0.01181	0.00835	0.01188	0.03272	0.01274	0.03392	0.15050	0.03467	0.01241	0.04523	0.01658	0.04698	0.01346	0.03208	0.00548	0.00161	0.00457	0.00585	0.51328	0.00587
28	0.04110	0.01802	0.03524	0.01381	0.08522	0.34745	0.01005	0.13952	0.01616	0.08602	0.01226	0.01343	0.00937	0.00599	0.00496	0.00151	0.00714	0.00436	0.14119	0.00722
29	0.15896	0.01066	0.01471	0.08266	0.08689	0.01016	0.09144	0.01688	0.03742	0.10672	0.03524	0.03012	0.01069	0.00548	0.00487	0.00146	0.00526	0.00472	0.00375	0.28192
30	0.03890	0.03608	0.04106	0.06209	0.07121	0.11886	0.24356	0.05600	0.06324	0.08212	0.04855	0.01740	0.04092	0.00794	0.04547	0.00209	0.00769	0.00580	0.00370	0.00731
31	0.08218	0.01451	0.03501	0.01045	0.01334	0.25170	0.02178	0.04087	0.04128	0.06712	0.05653	0.08958	0.14688	0.00881	0.00556	0.00168	0.00598	0.03882	0.00421	0.06371
32	0.09412	0.10268	0.15660	0.03402	0.05530	0.02982	0.02248	0.01395	0.02473	0.01690	0.06167	0.06647	0.12472	0.07166	0.00700	0.00191	0.00534	0.00634	0.00353	0.10073
33	0.06142	0.00898	0.03412	0.07520	0.01398	0.02110	0.03190	0.02825	0.01209	0.03995	0.10194	0.26535	0.02209	0.00951	0.00560	0.00164	0.00440	0.00834	0.00423	0.24992
34	0.04043	0.01170	0.09598	0.01446	0.14564	0.03385	0.06079	0.01565	0.03511	0.09081	0.20480	0.08149	0.03792	0.00796	0.00570	0.00168	0.00507	0.00706	0.03391	0.06999

[dist]
# distance from previous block
# <min> <max>
14	28

[block]
# block no. 4 follows, 43 sequences, length 6
# corresponding to MSA columns:
# 748-753
name=unknown_E
#
# <colnr> <probs for GDERKNQSTAVLIFYWHMCP>
#	G	D	E	R	K	N	Q	S	T	A	V	L	I	F	Y	W	H	M	C	P
0	0.01313	0.15603	0.44548	0.01530	0.05749	0.01515	0.03803	0.09723	0.03540	0.01864	0.01022	0.01188	0.00773	0.00560	0.00576	0.00169	0.05014	0.00422	0.00283	0.00805
1	0.13912	0.09574	0.15387	0.06761	0.01837	0.09065	0.03896	0.16033	0.01493	0.11400	0.01155	0.01261	0.00844	0.00583	0.00521	0.00165	0.02439	0.00431	0.02476	0.00767
2	0.01046	0.01066	0.14352	0.01076	0.01372	0.00760	0.01047	0.01358	0.01270	0.07064	0.02577	0.04684	0.06766	0.01219	0.00680	0.00221	0.00542	0.46763	0.00463	0.05673
3	0.01326	0.33300	0.30712	0.01365	0.01912	0.05195	0.06871	0.01691	0.01144	0.01512	0.00879	0.01080	0.00719	0.00553	0.00612	0.00160	0.09599	0.00389	0.00242	0.00739
4	0.01220	0.00801	0.01143	0.00954	0.01208	0.00764	0.08690	0.01638	0.10042	0.15399	0.37360	0.03129	0.07381	0.00917	0.00606	0.00174	0.00392	0.00816	0.06710	0.00658
5	0.01259	0.31447	0.22189	0.01081	0.01545	0.01387	0.01150	0.01587	0.01264	0.06691	0.14915	0.02199	0.01838	0.00736	0.00513	0.00162	0.00576	0.08400	0.00363	0.00699

[dist]
# distance from previous block
# <min> <max>
4	21

[block]
# block no. 5 follows, 43 sequences, length 8
# corresponding to MSA columns:
# 775-782
name=unknown_F
#
# <colnr> <probs for GDERKNQSTAVLIFYWHMCP>
#	G	D	E	R	K	N	Q	S	T	A	V	L	I	F	Y	W	H	M	C	P
0	0.01376	0.01242	0.01122	0.01013	0.01231	0.18899	0.00764	0.05082	0.10918	0.07717	0.12646	0.11934	0.04872	0.07884	0.02799	0.00223	0.04100	0.00737	0.00453	0.04986
1	0.01371	0.01316	0.02248	0.03399	0.77081	0.01316	0.01700	0.01700	0.01261	0.01809	0.01042	0.01371	0.00877	0.00493	0.00548	0.00164	0.00658	0.00493	0.00274	0.00877
2	0.01179	0.01120	0.01901	0.48185	0.33796	0.01265	0.01604	0.01532	0.01170	0.01576	0.01008	0.01433	0.00795	0.00529	0.00551	0.00176	0.00705	0.00493	0.00258	0.00722
3	0.01162	0.01166	0.02135	0.16972	0.10322	0.01126	0.30024	0.01517	0.01221	0.01682	0.01422	0.04683	0.04784	0.00609	0.00584	0.00169	0.00699	0.03303	0.00311	0.16109
4	0.01461	0.00916	0.01256	0.14586	0.12554	0.00936	0.00938	0.05183	0.05812	0.17568	0.01590	0.01739	0.01174	0.00609	0.00494	0.00155	0.00478	0.00512	0.26464	0.05574
5	0.01280	0.00820	0.00988	0.00907	0.01139	0.00832	0.00703	0.01898	0.24032	0.16759	0.21437	0.14275	0.06273	0.01053	0.00622	0.00190	0.00380	0.05127	0.00587	0.00698
6	0.13066	0.10396	0.21326	0.01521	0.12229	0.11230	0.01293	0.10016	0.05101	0.04368	0.03744	0.01297	0.00971	0.00573	0.00492	0.00162	0.00668	0.00433	0.00341	0.00772
7	0.10488	0.14996	0.21952	0.01202	0.03539	0.05354	0.03081	0.05060	0.03393	0.08215	0.07967	0.01457	0.01219	0.00585	0.00484	0.00153	0.00604	0.00452	0.00357	0.09442

[dist]
# distance from previous block
# <min> <max>
0	10

[block]
# block no. 6 follows, 43 sequences, length 64
# corresponding to MSA columns:
# 793-856
name=unknown_G
#
# <colnr> <probs for GDERKNQSTAVLIFYWHMCP>
#	G	D	E	R	K	N	Q	S	T	A	V	L	I	F	Y	W	H	M	C	P
0	0.01508	0.00988	0.01177	0.01027	0.03073	0.01003	0.00790	0.19461	0.11763	0.15765	0.20136	0.09169	0.03909	0.00902	0.00592	0.00175	0.00435	0.02394	0.00568	0.05165
1	0.13424	0.03467	0.07283	0.01333	0.09160	0.09898	0.01035	0.18953	0.03093	0.20604	0.01458	0.01468	0.02516	0.00622	0.00508	0.00165	0.00594	0.00473	0.03132	0.00814
2	0.09892	0.02850	0.01611	0.01521	0.13850	0.04349	0.03362	0.19109	0.05392	0.19260	0.01373	0.01467	0.01012	0.02106	0.00689	0.00179	0.08099	0.00493	0.00453	0.02932
3	0.03606	0.01234	0.01402	0.03162	0.05461	0.03346	0.00932	0.24163	0.17915	0.18738	0.01651	0.01609	0.01182	0.00644	0.00529	0.00162	0.00520	0.00514	0.04001	0.09229
4	0.15608	0.01380	0.01387	0.01223	0.05764	0.12080	0.02532	0.23082	0.03338	0.13622	0.05225	0.01497	0.01169	0.00641	0.00532	0.00163	0.02236	0.00483	0.05156	0.02883
5	0.11035	0.01356	0.01350	0.01094	0.01471	0.09875	0.02549	0.25510	0.11618	0.12084	0.01448	0.01460	0.01058	0.00622	0.00501	0.00157	0.00553	0.00474	0.07320	0.08463
6	0.01939	0.01169	0.01370	0.01087	0.01481	0.01199	0.00883	0.23716	0.16886	0.29296	0.04196	0.01746	0.01366	0.00690	0.00581	0.00167	0.02623	0.00545	0.00575	0.08484
7	0.03015	0.00734	0.00875	0.00794	0.00992	0.00736	0.00610	0.02895	0.15033	0.07895	0.48194	0.03394	0.06242	0.00989	0.00606	0.00174	0.00320	0.00854	0.05021	0.00626
8	0.00672	0.00491	0.00633	0.00747	0.00797	0.00452	0.00503	0.00774	0.01084	0.01423	0.03352	0.71416	0.12228	0.01696	0.00701	0.00220	0.00317	0.01527	0.00514	0.00452
9	0.41215	0.01354	0.01220	0.01002	0.01384	0.07277	0.00819	0.28487	0.01649	0.09197	0.01102	0.01148	0.00799	0.00588	0.00450	0.00167	0.00541	0.00398	0.00444	0.00757
10	0.02090	0.01103	0.01367	0.01132	0.03244	0.01088	0.00912	0.23517	0.04735	0.40755	0.01974	0.02213	0.01448	0.00770	0.00577	0.00178	0.00518	0.09055	0.00605	0.02721
11	0.01310	0.38018	0.41473	0.01284	0.01935	0.01709	0.01518	0.04089	0.01196	0.01607	0.00904	0.01048	0.00713	0.00507	0.00450	0.00149	0.00710	0.00361	0.00246	0.00774
12	0.00791	0.00593	0.00890	0.00890	0.00989	0.00692	0.00692	0.00989	0.00890	0.01286	0.01483	0.02176	0.01385	0.04154	0.78341	0.00890	0.01483	0.00593	0.00297	0.00494
13	0.00738	0.00567	0.00766	0.00851	0.00879	0.00596	0.00596	0.00837	0.01036	0.01404	0.02780	0.70934	0.03319	0.01645	0.00837	0.00227	0.09590	0.01447	0.00482	0.00468
14	0.00673	0.00488	0.00636	0.00754	0.00799	0.00451	0.00506	0.00773	0.01077	0.01421	0.03263	0.74021	0.09681	0.01708	0.00703	0.00222	0.00318	0.01541	0.00514	0.00451
15	0.02069	0.02640	0.01569	0.01427	0.01712	0.78313	0.01070	0.02212	0.01569	0.01355	0.00856	0.00999	0.00713	0.00571	0.00499	0.00143	0.00999	0.00357	0.00285	0.00642
16	0.02063	0.01518	0.01628	0.01252	0.01681	0.01679	0.01029	0.72807	0.02545	0.03412	0.01343	0.01405	0.00977	0.03270	0.00628	0.00178	0.00607	0.00509	0.00547	0.00922
17	0.01148	0.00984	0.01148	0.00820	0.01312	0.00738	0.00656	0.01395	0.01148	0.01805	0.00984	0.01148	0.00820	0.00410	0.00410	0.00082	0.00410	0.00328	0.00328	0.83922
18	0.00673	0.00529	0.00608	0.00657	0.00777	0.00465	0.00467	0.00804	0.01204	0.01518	0.10018	0.35703	0.41581	0.01517	0.00676	0.00201	0.00296	0.01321	0.00522	0.00465
19	0.01485	0.01018	0.01212	0.00891	0.01362	0.00834	0.00719	0.06387	0.03439	0.17204	0.01284	0.01335	0.00964	0.00492	0.00453	0.00108	0.00436	0.00394	0.00421	0.59562
20	0.16448	0.28980	0.11189	0.01127	0.01583	0.14064	0.01060	0.16191	0.01460	0.02006	0.00921	0.01029	0.00736	0.00540	0.00436	0.00148	0.00659	0.00360	0.00325	0.00738
21	0.01046	0.00984	0.01661	0.79205	0.03814	0.01230	0.01538	0.01415	0.01107	0.01415	0.00984	0.01477	0.00738	0.00554	0.00554	0.00185	0.00738	0.00492	0.00246	0.00615
22	0.01148	0.00984	0.01148	0.00820	0.01312	0.00738	0.00656	0.01395	0.01148	0.01805	0.00984	0.01148	0.00820	0.00410	0.00410	0.00082	0.00410	0.00328	0.00328	0.83922
23	0.23958	0.01424	0.01437	0.01129	0.01546	0.01591	0.00932	0.55701	0.02163	0.03224	0.01181	0.01216	0.00851	0.00625	0.00498	0.00168	0.00561	0.00446	0.00498	0.00851
24	0.01171	0.01036	0.01690	0.02425	0.46166	0.01035	0.01362	0.01466	0.01262	0.01742	0.01814	0.05068	0.01829	0.00920	0.00635	0.00201	0.00593	0.28487	0.00370	0.00726
25	0.02485	0.00943	0.01285	0.00985	0.01414	0.00814	0.00814	0.02699	0.01585	0.77465	0.02185	0.01885	0.01371	0.00685	0.00557	0.00171	0.00471	0.00557	0.00685	0.00943
26	0.01032	0.00516	0.00516	0.00516	0.00645	0.00516	0.00387	0.01290	0.01161	0.02065	0.01807	0.02065	0.01420	0.00645	0.00387	0.00129	0.00258	0.00516	0.83611	0.00516
27	0.00823	0.00588	0.00813	0.00941	0.01038	0.00578	0.00772	0.01028	0.01207	0.01580	0.02971	0.29805	0.03339	0.01595	0.00746	0.00245	0.00450	0.50481	0.00511	0.00491
28	0.00756	0.00565	0.00701	0.00667	0.00810	0.00511	0.00500	0.00990	0.01501	0.02063	0.61235	0.04398	0.20879	0.01191	0.00654	0.00177	0.00265	0.01038	0.00589	0.00511
29	0.01371	0.01316	0.02248	0.03399	0.77081	0.01316	0.01700	0.01700	0.01261	0.01809	0.01042	0.01371	0.00877	0.00493	0.00548	0.00164	0.00658	0.00493	0.00274	0.00877
30	0.00723	0.00540	0.00671	0.00688	0.00802	0.00489	0.00497	0.00908	0.01350	0.01820	0.39045	0.26727	0.20969	0.01370	0.00669	0.00192	0.00283	0.01208	0.00560	0.00489
31	0.00791	0.00593	0.00890	0.00890	0.00989	0.00692	0.00692	0.00989	0.00890	0.01286	0.01483	0.02176	0.01385	0.04154	0.78341	0.00890	0.01483	0.00593	0.00297	0.00494
32	0.01496	0.02175	0.36869	0.06045	0.09415	0.06983	0.01600	0.23089	0.03265	0.02227	0.01113	0.01260	0.00813	0.00573	0.00537	0.00170	0.00743	0.00449	0.00342	0.00837
33	0.01571	0.55484	0.10450	0.01119	0.01588	0.18837	0.01090	0.01790	0.01228	0.01362	0.00812	0.00942	0.00710	0.00501	0.00405	0.00130	0.00705	0.00321	0.00247	0.00707
34	0.00798	0.00550	0.00659	0.00659	0.00694	0.00564	0.00416	0.00854	0.00860	0.01167	0.01937	0.03397	0.06618	0.57861	0.18298	0.00579	0.00711	0.00778	0.02220	0.00381
35	0.01406	0.65078	0.18038	0.01075	0.01619	0.02008	0.01170	0.01678	0.01134	0.01394	0.00815	0.00945	0.00709	0.00484	0.00390	0.00130	0.00638	0.00319	0.00236	0.00733
36	0.01714	0.17929	0.03616	0.01539	0.15022	0.08886	0.01103	0.13706	0.17277	0.11680	0.01413	0.01436	0.01068	0.00603	0.00508	0.00159	0.00603	0.00474	0.00424	0.00837
37	0.00844	0.00551	0.00793	0.00793	0.00846	0.00604	0.00571	0.00880	0.00826	0.01155	0.01374	0.02273	0.01366	0.16255	0.43368	0.25194	0.01031	0.00596	0.00287	0.00393
38	0.01409	0.01280	0.01921	0.01844	0.16725	0.01346	0.18291	0.06522	0.35283	0.04182	0.01801	0.01850	0.03635	0.00648	0.00584	0.00181	0.00603	0.00614	0.00442	0.00839
39	0.00674	0.00484	0.00640	0.00765	0.00802	0.00450	0.00511	0.00772	0.01067	0.01416	0.03133	0.77830	0.05956	0.01725	0.00705	0.00224	0.00320	0.01562	0.00514	0.00450
40	0.02069	0.02640	0.01569	0.01427	0.01712	0.78313	0.01070	0.02212	0.01569	0.01355	0.00856	0.00999	0.00713	0.00571	0.00499	0.00143	0.00999	0.00357	0.00285	0.00642
41	0.01638	0.01300	0.01385	0.01171	0.01529	0.01473	0.00932	0.26162	0.50702	0.04483	0.01956	0.01825	0.01442	0.00722	0.00560	0.00181	0.00494	0.00584	0.00563	0.00899
42	0.00705	0.00526	0.00655	0.00700	0.00798	0.00477	0.00496	0.00863	0.01266	0.01687	0.26871	0.39374	0.20617	0.01470	0.00678	0.00200	0.00293	0.01303	0.00544	0.00477
43	0.00747	0.00564	0.00692	0.00682	0.00823	0.00510	0.00516	0.00963	0.01432	0.01931	0.47464	0.09143	0.25528	0.01270	0.00664	0.00186	0.00286	0.05528	0.00571	0.00502
44	0.01372	0.57972	0.24849	0.01133	0.01708	0.01926	0.01270	0.01686	0.01138	0.01435	0.00836	0.00971	0.00708	0.00489	0.00406	0.00135	0.00659	0.00329	0.00236	0.00742
45	0.00901	0.00578	0.00719	0.00677	0.00774	0.00547	0.00465	0.01052	0.01259	0.06528	0.41510	0.03785	0.03674	0.33424	0.01529	0.00322	0.00387	0.00894	0.00503	0.00473
46	0.00870	0.00587	0.00759	0.00704	0.00855	0.00535	0.00532	0.01120	0.01549	0.06345	0.67983	0.04090	0.09712	0.01125	0.00648	0.00175	0.00274	0.00988	0.00608	0.00542
47	0.84448	0.01071	0.00814	0.00728	0.01071	0.01242	0.00600	0.01628	0.00943	0.02485	0.00771	0.00900	0.00600	0.00514	0.00343	0.00171	0.00428	0.00300	0.00343	0.00600
48	0.00805	0.00539	0.00613	0.00613	0.00616	0.00542	0.00346	0.00811	0.00808	0.01080	0.01737	0.03581	0.01995	0.78245	0.05084	0.00548	0.00565	0.00799	0.00334	0.00340
49	0.00675	0.00482	0.00643	0.00771	0.00803	0.00450	0.00514	0.00771	0.01060	0.01414	0.03053	0.80175	0.03663	0.01735	0.00707	0.00225	0.00321	0.01574	0.00514	0.00450
50	0.02105	0.01551	0.01662	0.01274	0.01717	0.01717	0.01053	0.75235	0.02604	0.03490	0.01330	0.01330	0.00942	0.00665	0.00554	0.00166	0.00609	0.00499	0.00554	0.00942
51	0.00766	0.00565	0.00716	0.00678	0.00817	0.00515	0.00509	0.01011	0.01526	0.02121	0.67015	0.04301	0.15062	0.01169	0.00653	0.00176	0.00264	0.01025	0.00597	0.00515
52	0.01551	0.64129	0.02627	0.01051	0.01467	0.13512	0.00983	0.01720	0.01174	0.01313	0.00780	0.00925	0.00712	0.00520	0.00470	0.00130	0.05681	0.00317	0.00244	0.00694
53	0.01364	0.01043	0.01216	0.00883	0.01365	0.00851	0.00713	0.09539	0.01343	0.08276	0.01122	0.01229	0.00879	0.00461	0.00438	0.00099	0.00437	0.00366	0.00382	0.67995
54	0.02113	0.01126	0.01413	0.09598	0.01738	0.01142	0.00951	0.26533	0.01857	0.40346	0.03659	0.01719	0.01259	0.00674	0.00553	0.00170	0.00534	0.00541	0.03190	0.00883
55	0.00675	0.00482	0.00643	0.00771	0.00803	0.00450	0.00514	0.00771	0.01060	0.01414	0.03053	0.80175	0.03663	0.01735	0.00707	0.00225	0.00321	0.01574	0.00514	0.00450
56	0.01481	0.80869	0.02902	0.00948	0.01421	0.02191	0.00948	0.01658	0.01125	0.01303	0.00770	0.00888	0.00711	0.00474	0.00355	0.00118	0.00592	0.00296	0.00237	0.00711
57	0.29026	0.00964	0.01101	0.00885	0.01267	0.00938	0.00725	0.02261	0.01359	0.49208	0.03954	0.01670	0.01250	0.02359	0.00539	0.00179	0.00452	0.00492	0.00564	0.00806
58	0.02041	0.01229	0.01411	0.01128	0.01530	0.01293	0.00917	0.28648	0.22704	0.30133	0.01899	0.01737	0.01307	0.00696	0.00558	0.00174	0.00511	0.00555	0.00605	0.00924
59	0.25920	0.01220	0.01144	0.01005	0.01331	0.06193	0.00795	0.08289	0.33431	0.08118	0.01664	0.04109	0.01280	0.00687	0.00494	0.00177	0.00480	0.00526	0.02369	0.00769
60	0.00976	0.24129	0.01378	0.00889	0.01086	0.01018	0.00751	0.01145	0.01151	0.01457	0.02445	0.31885	0.05471	0.01291	0.00619	0.00201	0.00456	0.22676	0.00432	0.00545
61	0.01448	0.35819	0.20046	0.01142	0.01641	0.04824	0.01176	0.13612	0.03315	0.01863	0.05821	0.01349	0.01100	0.02207	0.00509	0.00155	0.00632	0.00427	0.02164	0.00751
62	0.03430	0.00769	0.00896	0.00822	0.01040	0.00773	0.00638	0.01641	0.19404	0.09318	0.34720	0.03622	0.15311	0.01042	0.00619	0.00183	0.00343	0.04212	0.00578	0.00641
63	0.19946	0.48021	0.16832	0.01020	0.01531	0.01805	0.01081	0.01670	0.01093	0.01654	0.00813	0.00945	0.00684	0.00493	0.00385	0.00141	0.00599	0.00319	0.00260	0.00707

[dist]
# distance from previous block
# <min> <max>
0	4

[block]
# block no. 7 follows, 43 sequences, length 41
# corresponding to MSA columns:
# 861-901
name=unknown_H
#
# <colnr> <probs for GDERKNQSTAVLIFYWHMCP>
#	G	D	E	R	K	N	Q	S	T	A	V	L	I	F	Y	W	H	M	C	P
0	0.01006	0.00715	0.04617	0.00747	0.00902	0.00631	0.00586	0.01236	0.02912	0.07796	0.20636	0.03035	0.02531	0.22097	0.10887	0.00352	0.00540	0.02250	0.15997	0.00526
1	0.01301	0.43026	0.39173	0.01254	0.01895	0.01752	0.01481	0.01705	0.01147	0.01522	0.00879	0.01025	0.00706	0.00499	0.00438	0.00146	0.00702	0.00351	0.00235	0.00763
2	0.01863	0.20361	0.08162	0.01297	0.01703	0.38094	0.01119	0.17703	0.01656	0.01834	0.00949	0.01058	0.00761	0.00565	0.00480	0.00145	0.00807	0.00378	0.00328	0.00737
3	0.00889	0.00739	0.06177	0.00836	0.00999	0.00594	0.00670	0.01132	0.03851	0.06885	0.19995	0.40203	0.08503	0.01372	0.00666	0.00204	0.00364	0.04847	0.00530	0.00545
4	0.04048	0.01628	0.01574	0.01256	0.01662	0.12061	0.01017	0.53518	0.09545	0.06059	0.01376	0.01369	0.00993	0.00658	0.00542	0.00165	0.00636	0.00489	0.00519	0.00886
5	0.01099	0.02782	0.74904	0.01547	0.02341	0.01259	0.01992	0.01728	0.01184	0.01771	0.03716	0.01276	0.00864	0.00548	0.00531	0.00175	0.00798	0.00431	0.00247	0.00808
6	0.00842	0.00721	0.00964	0.00957	0.01000	0.00842	0.00720	0.00956	0.01031	0.01419	0.04474	0.44594	0.11667	0.01441	0.01045	0.00224	0.24996	0.01171	0.00432	0.00502
7	0.01349	0.01474	0.03198	0.02287	0.02842	0.01380	0.72450	0.01807	0.01317	0.04444	0.01158	0.01508	0.00859	0.00475	0.00650	0.00186	0.00917	0.00650	0.00294	0.00754
8	0.02485	0.00943	0.01285	0.00985	0.01414	0.00814	0.00814	0.02699	0.01585	0.77465	0.02185	0.01885	0.01371	0.00685	0.00557	0.00171	0.00471	0.00557	0.00685	0.00943
9	0.01537	0.01224	0.01934	0.01505	0.01916	0.01247	0.26505	0.02417	0.33594	0.16248	0.01877	0.04547	0.01405	0.00675	0.00598	0.00186	0.00612	0.00656	0.00487	0.00829
10	0.01431	0.01583	0.01602	0.01406	0.01496	0.23916	0.01134	0.01564	0.01061	0.01336	0.00818	0.01218	0.00769	0.01078	0.06838	0.00259	0.51166	0.00455	0.00259	0.00609
11	0.01148	0.00984	0.01148	0.00820	0.01312	0.00738	0.00656	0.01395	0.01148	0.01805	0.00984	0.01148	0.00820	0.00410	0.00410	0.00082	0.00410	0.00328	0.00328	0.83922
12	0.01533	0.01212	0.01355	0.01003	0.01475	0.01132	0.00816	0.31069	0.01733	0.02482	0.01123	0.01221	0.00869	0.00513	0.00468	0.00116	0.00490	0.00397	0.00419	0.50575
13	0.01148	0.00984	0.01148	0.00820	0.01312	0.00738	0.00656	0.01395	0.01148	0.01805	0.00984	0.01148	0.00820	0.00410	0.00410	0.00082	0.00410	0.00328	0.00328	0.83922
14	0.01576	0.01141	0.01239	0.01014	0.01281	0.01238	0.00774	0.45322	0.01895	0.02538	0.01568	0.06418	0.01462	0.28474	0.01349	0.00298	0.00569	0.00664	0.00476	0.00704
15	0.00675	0.00482	0.00643	0.00771	0.00803	0.00450	0.00514	0.00771	0.01060	0.01414	0.03053	0.80175	0.03663	0.01735	0.00707	0.00225	0.00321	0.01574	0.00514	0.00450
16	0.00655	0.00561	0.00561	0.00561	0.00748	0.00468	0.00421	0.00795	0.01262	0.01496	0.05610	0.05330	0.76857	0.01403	0.00655	0.00187	0.00281	0.01169	0.00514	0.00468
17	0.01148	0.00984	0.01148	0.00820	0.01312	0.00738	0.00656	0.01395	0.01148	0.01805	0.00984	0.01148	0.00820	0.00410	0.00410	0.00082	0.00410	0.00328	0.00328	0.83922
18	0.01046	0.00984	0.01661	0.79205	0.03814	0.01230	0.01538	0.01415	0.01107	0.01415	0.00984	0.01477	0.00738	0.00554	0.00554	0.00185	0.00738	0.00492	0.00246	0.00615
19	0.00678	0.00490	0.00642	0.00756	0.00801	0.00454	0.00509	0.00784	0.01093	0.01453	0.06352	0.72745	0.07813	0.01691	0.00702	0.00221	0.00316	0.01527	0.00518	0.00454
20	0.01212	0.01212	0.01696	0.01454	0.01454	0.01696	0.01212	0.01333	0.00848	0.01333	0.00727	0.01212	0.00727	0.00969	0.01818	0.00242	0.79523	0.00485	0.00242	0.00606
21	0.02485	0.00943	0.01285	0.00985	0.01414	0.00814	0.00814	0.02699	0.01585	0.77465	0.02185	0.01885	0.01371	0.00685	0.00557	0.00171	0.00471	0.00557	0.00685	0.00943
22	0.00733	0.00552	0.00604	0.00598	0.00701	0.00503	0.00401	0.00835	0.01122	0.01429	0.14135	0.04476	0.36638	0.33166	0.01524	0.00326	0.00381	0.00999	0.00456	0.00422
23	0.30070	0.01168	0.01284	0.01181	0.08263	0.01240	0.00871	0.20664	0.03474	0.21927	0.01372	0.01372	0.00964	0.00605	0.00477	0.00168	0.00501	0.00449	0.03146	0.00805
24	0.00776	0.00566	0.00720	0.00688	0.00815	0.00522	0.00512	0.01011	0.01487	0.02072	0.63933	0.04269	0.11401	0.05940	0.00786	0.00199	0.00286	0.02929	0.00582	0.00506
25	0.01195	0.01210	0.02141	0.26178	0.13696	0.01389	0.20155	0.01511	0.01112	0.01543	0.01011	0.03332	0.00854	0.00661	0.00913	0.00198	0.21400	0.00558	0.00264	0.00681
26	0.01295	0.01107	0.01600	0.03648	0.33701	0.03744	0.02749	0.07701	0.01391	0.03770	0.08458	0.05052	0.03296	0.00757	0.00596	0.00173	0.02247	0.07490	0.07552	0.03669
27	0.00675	0.00482	0.00643	0.00771	0.00803	0.00450	0.00514	0.00771	0.01060	0.01414	0.03053	0.80175	0.03663	0.01735	0.00707	0.00225	0.00321	0.01574	0.00514	0.00450
28	0.01417	0.01078	0.01225	0.00924	0.01363	0.00968	0.00743	0.17559	0.05261	0.05918	0.01271	0.02882	0.01009	0.00536	0.00461	0.00116	0.00447	0.00427	0.05299	0.51096
29	0.01212	0.01212	0.01696	0.01454	0.01454	0.01696	0.01212	0.01333	0.00848	0.01333	0.00727	0.01212	0.00727	0.00969	0.01818	0.00242	0.79523	0.00485	0.00242	0.00606
30	0.01899	0.01022	0.01241	0.01009	0.01389	0.00999	0.00810	0.04152	0.26326	0.40150	0.06041	0.01987	0.01623	0.00706	0.00551	0.00169	0.00447	0.00582	0.00606	0.08290
31	0.02069	0.02640	0.01569	0.01427	0.01712	0.78313	0.01070	0.02212	0.01569	0.01355	0.00856	0.00999	0.00713	0.00571	0.00499	0.00143	0.00999	0.00357	0.00285	0.00642
32	0.01148	0.00984	0.01148	0.00820	0.01312	0.00738	0.00656	0.01395	0.01148	0.01805	0.00984	0.01148	0.00820	0.00410	0.00410	0.00082	0.00410	0.00328	0.00328	0.83922
33	0.00675	0.00482	0.00643	0.00771	0.00803	0.00450	0.00514	0.00771	0.01060	0.01414	0.03053	0.80175	0.03663	0.01735	0.00707	0.00225	0.00321	0.01574	0.00514	0.00450
