[name]
unknown

[dist]
# distance from previous block
# <min> <max>
0	35

[block]
# block no. 0 follows, 49 sequences, length 6
# corresponding to MSA columns:
# 35-40
name=unknown_A
#
# <colnr> <probs for GDERKNQSTAVLIFYWHMCP>
#	G	D	E	R	K	N	Q	S	T	A	V	L	I	F	Y	W	H	M	C	P
0	0.00733	0.00523	0.00708	0.00798	0.00880	0.00508	0.00630	0.00907	0.01112	0.01480	0.12730	0.29870	0.03237	0.05932	0.00773	0.00229	0.00381	0.37660	0.00470	0.00441
1	0.00858	0.00553	0.00725	0.00710	0.00830	0.00535	0.00523	0.01070	0.04321	0.08807	0.31153	0.22926	0.06360	0.04354	0.11405	0.02525	0.00442	0.00932	0.00480	0.00491
2	0.01284	0.01293	0.01547	0.38913	0.12695	0.16105	0.01246	0.08252	0.06658	0.01550	0.00981	0.01267	0.00764	0.00542	0.00556	0.00160	0.04830	0.00435	0.00280	0.00641
3	0.01188	0.01008	0.01501	0.41914	0.14616	0.01125	0.01216	0.11493	0.04843	0.04429	0.01099	0.03752	0.00867	0.00544	0.00498	0.00156	0.00587	0.00474	0.00308	0.08383
4	0.01398	0.01086	0.01060	0.00911	0.01154	0.11405	0.00695	0.21484	0.07437	0.10543	0.06118	0.10098	0.07585	0.13184	0.00837	0.00207	0.00495	0.00662	0.00447	0.03194
5	0.00945	0.00714	0.00901	0.11375	0.01268	0.00737	0.00673	0.03538	0.14439	0.05730	0.22306	0.16061	0.09849	0.04161	0.00638	0.00180	0.00371	0.00824	0.00462	0.04829

[dist]
# distance from previous block
# <min> <max>
1	13

[block]
# block no. 1 follows, 49 sequences, length 8
# corresponding to MSA columns:
# 54-61
name=unknown_B
#
# <colnr> <probs for GDERKNQSTAVLIFYWHMCP>
#	G	D	E	R	K	N	Q	S	T	A	V	L	I	F	Y	W	H	M	C	P
0	0.04515	0.00914	0.01227	0.31478	0.08705	0.03785	0.00997	0.09005	0.01223	0.01672	0.09412	0.05591	0.09846	0.00717	0.00553	0.00163	0.03433	0.00599	0.05586	0.00577
1	0.13879	0.01448	0.01299	0.01103	0.01395	0.24545	0.04854	0.10327	0.12480	0.10969	0.01373	0.01419	0.04610	0.00693	0.02520	0.00172	0.05411	0.00452	0.00383	0.00667
2	0.03698	0.00922	0.01141	0.00911	0.01223	0.04059	0.04326	0.09086	0.04193	0.36643	0.13341	0.01995	0.01708	0.05954	0.00640	0.00173	0.00444	0.00561	0.04022	0.04961
3	0.01505	0.01181	0.01561	0.17315	0.10794	0.05165	0.06945	0.24603	0.06481	0.11356	0.06899	0.01532	0.01175	0.00589	0.00517	0.00158	0.00577	0.00505	0.00407	0.00735
4	0.01276	0.01318	0.16188	0.01193	0.01591	0.01075	0.11362	0.09402	0.22449	0.10587	0.01725	0.08717	0.04040	0.00811	0.03640	0.00191	0.00568	0.00605	0.00414	0.02848
5	0.06698	0.00894	0.01418	0.01303	0.08783	0.00891	0.18696	0.01408	0.10176	0.05711	0.06297	0.20433	0.11263	0.00888	0.00593	0.00176	0.02555	0.00818	0.00400	0.00600
6	0.05863	0.00885	0.01096	0.02294	0.01236	0.00914	0.04143	0.07750	0.21047	0.21257	0.12656	0.03911	0.01877	0.04118	0.00606	0.00178	0.00418	0.04369	0.04693	0.00690
7	0.04229	0.02981	0.01396	0.49802	0.02616	0.06036	0.01155	0.04490	0.11280	0.05651	0.01136	0.01399	0.00848	0.00541	0.00486	0.00161	0.00602	0.00452	0.04119	0.00619

[dist]
# distance from previous block
# <min> <max>
1	11

[block]
# block no. 2 follows, 49 sequences, length 63
# corresponding to MSA columns:
# 73-135
name=unknown_C
#
# <colnr> <probs for GDERKNQSTAVLIFYWHMCP>
#	G	D	E	R	K	N	Q	S	T	A	V	L	I	F	Y	W	H	M	C	P
0	0.01362	0.07429	0.10209	0.01830	0.29189	0.01109	0.08411	0.04386	0.02654	0.14976	0.01480	0.01582	0.07214	0.00553	0.00497	0.00149	0.00561	0.00496	0.00343	0.05569
1	0.04045	0.10575	0.43870	0.01544	0.07474	0.01236	0.15488	0.01545	0.01109	0.01616	0.06046	0.01278	0.00946	0.00499	0.00489	0.00156	0.00688	0.00441	0.00250	0.00704
2	0.01286	0.01259	0.01972	0.07602	0.68304	0.05847	0.01496	0.03235	0.01187	0.01640	0.00944	0.01237	0.00786	0.00461	0.00498	0.00150	0.00622	0.00443	0.00255	0.00775
3	0.00862	0.00450	0.00675	0.00675	0.00684	0.00459	0.00459	0.00684	0.00675	0.00909	0.00928	0.01584	0.00919	0.01970	0.10172	0.76439	0.00535	0.00450	0.00225	0.00244
4	0.01388	0.77139	0.02568	0.00895	0.01316	0.07266	0.00873	0.01548	0.01055	0.01193	0.00708	0.00818	0.00649	0.00439	0.00333	0.00110	0.00566	0.00274	0.00219	0.00645
5	0.00615	0.00445	0.00582	0.00691	0.00730	0.00412	0.00464	0.00706	0.00981	0.01296	0.02947	0.76633	0.08508	0.01563	0.00642	0.00203	0.00291	0.01412	0.00469	0.00412
6	0.00722	0.00532	0.00769	0.00772	0.00848	0.00606	0.00581	0.00874	0.00805	0.01148	0.01423	0.04043	0.01397	0.15229	0.66997	0.00751	0.01203	0.00591	0.00281	0.00429
7	0.02166	0.00838	0.01141	0.00882	0.01256	0.00726	0.00726	0.02365	0.01446	0.74315	0.07066	0.01857	0.01484	0.00653	0.00514	0.00157	0.00418	0.00535	0.00621	0.00835
8	0.75087	0.01034	0.00842	0.00729	0.01053	0.01190	0.00600	0.11182	0.01054	0.02386	0.00769	0.00872	0.00588	0.00487	0.00338	0.00156	0.00412	0.00297	0.00338	0.00588
9	0.00707	0.00517	0.00663	0.00627	0.00750	0.00473	0.00470	0.00937	0.01410	0.01976	0.73090	0.03862	0.10521	0.01053	0.00597	0.00160	0.00240	0.00926	0.00550	0.00473
10	0.00654	0.00501	0.00745	0.00798	0.00859	0.00468	0.05537	0.00765	0.00983	0.01313	0.02671	0.76582	0.03174	0.01508	0.00642	0.00203	0.00330	0.01382	0.00455	0.00429
11	0.00696	0.00516	0.00648	0.00615	0.00743	0.00469	0.00461	0.00915	0.01384	0.01915	0.66225	0.03963	0.17424	0.01076	0.00597	0.00161	0.00242	0.00941	0.00542	0.00469
12	0.01014	0.02616	0.79609	0.01441	0.02189	0.01174	0.01868	0.01601	0.01068	0.01601	0.00907	0.01068	0.00641	0.00480	0.00480	0.00160	0.00747	0.00374	0.00214	0.00747
13	0.00955	0.00899	0.01517	0.81013	0.03483	0.01123	0.01404	0.01292	0.01011	0.01292	0.00899	0.01348	0.00674	0.00506	0.00506	0.00169	0.00674	0.00449	0.00225	0.00562
14	0.00616	0.00440	0.00587	0.00704	0.00733	0.00411	0.00469	0.00704	0.00968	0.01291	0.02787	0.81899	0.03344	0.01584	0.00645	0.00205	0.00293	0.01438	0.00469	0.00411
15	0.01049	0.00899	0.01049	0.00749	0.01198	0.00674	0.00599	0.01273	0.01049	0.01648	0.00899	0.01049	0.00749	0.00374	0.00374	0.00075	0.00374	0.00300	0.00300	0.85320
16	0.00658	0.00515	0.00596	0.00576	0.00720	0.00453	0.00432	0.00843	0.01295	0.01705	0.42847	0.04309	0.40934	0.01154	0.00597	0.00165	0.00247	0.00989	0.00514	0.00453
17	0.00692	0.00516	0.00643	0.00611	0.00741	0.00467	0.00458	0.00908	0.01375	0.01893	0.63839	0.03999	0.19824	0.01084	0.00597	0.00161	0.00242	0.00946	0.00539	0.00467
18	0.01675	0.01294	0.01379	0.01114	0.01474	0.01453	0.00901	0.49649	0.30519	0.02789	0.01527	0.01464	0.01114	0.00636	0.00509	0.00159	0.00498	0.00499	0.00509	0.00838
19	0.01252	0.01201	0.02053	0.03104	0.79074	0.01201	0.01552	0.01552	0.01151	0.01652	0.00951	0.01252	0.00801	0.00451	0.00501	0.00150	0.00601	0.00451	0.00250	0.00801
20	0.01477	0.01410	0.11518	0.01346	0.09663	0.01344	0.01074	0.29060	0.31982	0.03513	0.01492	0.01472	0.01101	0.00606	0.00505	0.00161	0.00522	0.00491	0.00446	0.00816
21	0.00638	0.00452	0.00594	0.00699	0.00730	0.00427	0.00469	0.00724	0.00954	0.01270	0.02661	0.70320	0.03171	0.09756	0.00844	0.00236	0.00321	0.04880	0.00453	0.00403
22	0.01656	0.02232	0.19347	0.01292	0.01683	0.47077	0.01162	0.09178	0.06862	0.03447	0.00971	0.01065	0.00746	0.00534	0.00472	0.00143	0.00792	0.00371	0.00300	0.00671
23	0.01250	0.01157	0.11005	0.01035	0.06494	0.00834	0.00860	0.04957	0.02943	0.11142	0.01077	0.01173	0.00823	0.00441	0.00422	0.00106	0.00452	0.00357	0.00339	0.53134
24	0.00622	0.00467	0.00566	0.00635	0.00707	0.00423	0.00433	0.00721	0.01021	0.01315	0.05904	0.51302	0.25299	0.07176	0.00766	0.00214	0.00295	0.01263	0.00461	0.00410
25	0.01014	0.02616	0.79609	0.01441	0.02189	0.01174	0.01868	0.01601	0.01068	0.01601	0.00907	0.01068	0.00641	0.00480	0.00480	0.00160	0.00747	0.00374	0.00214	0.00747
26	0.01344	0.01043	0.01749	0.17650	0.30760	0.01060	0.10416	0.01696	0.04962	0.16629	0.05354	0.01595	0.02335	0.00547	0.00522	0.00159	0.00579	0.00519	0.00351	0.00728
27	0.01244	0.03683	0.26511	0.02003	0.20175	0.08253	0.24558	0.04548	0.01207	0.01638	0.00949	0.01187	0.00726	0.00464	0.00516	0.00157	0.00748	0.00456	0.00250	0.00728
28	0.00732	0.00498	0.00587	0.00583	0.00604	0.00501	0.00353	0.00773	0.00815	0.01107	0.09660	0.03242	0.02095	0.66835	0.09187	0.00484	0.00540	0.00737	0.00329	0.00337
29	0.01165	0.01226	0.02453	0.02306	0.26705	0.01175	0.45217	0.01527	0.01170	0.01611	0.01177	0.04380	0.01017	0.00542	0.00575	0.00170	0.00726	0.05884	0.00276	0.00695
30	0.01308	0.33384	0.31383	0.01232	0.01783	0.03226	0.08417	0.06925	0.01183	0.05471	0.00912	0.01036	0.00702	0.00474	0.00433	0.00139	0.00651	0.00366	0.00261	0.00713
31	0.00788	0.00611	0.00912	0.00938	0.01051	0.00629	0.05070	0.00986	0.01066	0.01421	0.03814	0.21069	0.04374	0.01659	0.11003	0.00295	0.04155	0.39272	0.00420	0.00468
32	0.00625	0.00444	0.00584	0.00693	0.00721	0.00416	0.00458	0.00706	0.00952	0.01269	0.02703	0.76345	0.03238	0.07283	0.00782	0.00225	0.00307	0.01388	0.00458	0.00403
33	0.01247	0.16762	0.02651	0.05911	0.03971	0.03269	0.06167	0.10363	0.01106	0.06544	0.01048	0.04615	0.00925	0.01010	0.01024	0.31575	0.00533	0.00462	0.00295	0.00522
34	0.01120	0.01149	0.02187	0.32861	0.13697	0.01226	0.32034	0.02978	0.01121	0.01510	0.00952	0.01327	0.00733	0.00485	0.00595	0.00169	0.04451	0.00509	0.00246	0.00650
35	0.00680	0.00524	0.00623	0.00609	0.00745	0.00473	0.00456	0.00894	0.02969	0.01732	0.43998	0.09323	0.31502	0.01159	0.00600	0.00168	0.00256	0.02312	0.00517	0.00461
36	0.01014	0.02616	0.79609	0.01441	0.02189	0.01174	0.01868	0.01601	0.01068	0.01601	0.00907	0.01068	0.00641	0.00480	0.00480	0.00160	0.00747	0.00374	0.00214	0.00747
37	0.00708	0.00503	0.00652	0.00678	0.00711	0.00530	0.00454	0.00784	0.00816	0.01117	0.01805	0.22404	0.02027	0.38314	0.24336	0.00507	0.02090	0.00849	0.00335	0.00378
38	0.01014	0.02616	0.79609	0.01441	0.02189	0.01174	0.01868	0.01601	0.01068	0.01601	0.00907	0.01068	0.00641	0.00480	0.00480	0.00160	0.00747	0.00374	0.00214	0.00747
39	0.03430	0.01944	0.01627	0.03646	0.27422	0.50461	0.01169	0.01836	0.01318	0.01399	0.00839	0.01033	0.00700	0.00496	0.00469	0.00138	0.00792	0.00369	0.00257	0.00656
40	0.01922	0.01416	0.01518	0.01163	0.01568	0.01568	0.00961	0.77388	0.02378	0.03187	0.01214	0.01214	0.00860	0.00607	0.00506	0.00152	0.00556	0.00455	0.00506	0.00860
41	0.00651	0.00485	0.00650	0.00742	0.00769	0.00488	0.00508	0.00739	0.00951	0.01280	0.02622	0.74937	0.03136	0.03209	0.00752	0.00212	0.05645	0.01357	0.00450	0.00418
42	0.01250	0.01207	0.02085	0.03070	0.76402	0.01204	0.04198	0.01554	0.01153	0.01651	0.00954	0.01255	0.00800	0.00450	0.00504	0.00151	0.00610	0.00456	0.00250	0.00797
43	0.01920	0.01487	0.01512	0.01173	0.01568	0.07124	0.00962	0.72062	0.02311	0.03049	0.01183	0.01193	0.00845	0.00601	0.00502	0.00150	0.00582	0.00446	0.00489	0.00841
44	0.01588	0.45374	0.02099	0.01105	0.03022	0.36611	0.00929	0.01739	0.01210	0.01220	0.00743	0.00865	0.00653	0.00472	0.00386	0.00119	0.00706	0.00299	0.00237	0.00624
45	0.01063	0.01005	0.01366	0.01182	0.01197	0.01359	0.00957	0.02915	0.02219	0.01237	0.00865	0.01509	0.00890	0.15120	0.01772	0.00266	0.63811	0.00496	0.00248	0.00522
46	0.01014	0.02616	0.79609	0.01441	0.02189	0.01174	0.01868	0.01601	0.01068	0.01601	0.00907	0.01068	0.00641	0.00480	0.00480	0.00160	0.00747	0.00374	0.00214	0.00747
47	0.00635	0.00466	0.00599	0.00688	0.00749	0.00430	0.00481	0.00751	0.01044	0.01377	0.09452	0.60034	0.13532	0.01485	0.00638	0.00199	0.00295	0.06245	0.00476	0.00422
48	0.01126	0.01121	0.02048	0.32563	0.33954	0.01188	0.17672	0.01467	0.01107	0.01508	0.00947	0.01312	0.00745	0.00466	0.00523	0.00162	0.00682	0.00481	0.00242	0.00684
49	0.01214	0.01230	0.01733	0.02002	0.30948	0.06688	0.01267	0.01398	0.00962	0.01384	0.00781	0.01149	0.00715	0.00695	0.01138	0.00188	0.45184	0.00438	0.00235	0.00650
50	0.01025	0.02542	0.75106	0.01482	0.02215	0.01181	0.06297	0.01602	0.01075	0.01602	0.00914	0.01085	0.00648	0.00477	0.00487	0.00161	0.00754	0.00387	0.00216	0.00743
51	0.01026	0.00935	0.01433	0.50747	0.10761	0.01105	0.01233	0.01559	0.15782	0.01538	0.06036	0.01691	0.01160	0.00587	0.00517	0.00168	0.00582	0.02205	0.00309	0.00625
52	0.01199	0.46286	0.37555	0.01127	0.01702	0.01626	0.01320	0.01554	0.01046	0.01376	0.00796	0.00927	0.00645	0.00454	0.00395	0.00132	0.00634	0.00317	0.00215	0.00694
53	0.00917	0.00702	0.01032	0.01348	0.22400	0.00665	0.00783	0.01093	0.01122	0.06980	0.07656	0.32855	0.16053	0.01108	0.00586	0.00178	0.00383	0.03155	0.00426	0.00559
54	0.01090	0.00883	0.01471	0.17092	0.20382	0.00889	0.09781	0.01363	0.01210	0.09488	0.18842	0.07415	0.06461	0.00730	0.00550	0.00164	0.00505	0.00678	0.00380	0.00627
55	0.01167	0.01307	0.02812	0.02036	0.02511	0.01238	0.70671	0.01574	0.01183	0.01605	0.01125	0.01645	0.00907	0.00500	0.00625	0.00176	0.02435	0.05550	0.00269	0.00665
56	0.01804	0.00854	0.01151	0.00987	0.03784	0.00793	0.02404	0.09651	0.02950	0.49231	0.02030	0.18751	0.01639	0.00819	0.00539	0.00167	0.00428	0.00703	0.00558	0.00758
57	0.01072	0.04119	0.67205	0.01578	0.08607	0.01208	0.03770	0.03797	0.01115	0.01643	0.00919	0.01090	0.00664	0.00479	0.00483	0.00158	0.00728	0.00386	0.00226	0.00751
58	0.00862	0.00640	0.00835	0.01007	0.06422	0.00587	0.00637	0.00917	0.01104	0.01498	0.02786	0.72705	0.03257	0.01592	0.00711	0.00234	0.00386	0.02765	0.00512	0.00540
59	0.00615	0.00476	0.00561	0.00617	0.00713	0.00422	0.00433	0.00731	0.01080	0.01375	0.09161	0.43337	0.35840	0.01415	0.00621	0.00187	0.00274	0.01242	0.00476	0.00422
60	0.01271	0.01208	0.02037	0.03047	0.76823	0.01212	0.01535	0.03754	0.01187	0.01697	0.00959	0.01250	0.00803	0.00455	0.00501	0.00150	0.00599	0.00451	0.00258	0.00803
61	0.01554	0.01314	0.10286	0.04127	0.19393	0.01128	0.20764	0.09762	0.01359	0.23257	0.01279	0.01389	0.00902	0.00514	0.00526	0.00159	0.00632	0.00496	0.00377	0.00780
62	0.83524	0.01105	0.00880	0.00796	0.01118	0.01231	0.00631	0.01610	0.00983	0.02418	0.00896	0.01085	0.00729	0.00593	0.00397	0.00190	0.00456	0.00338	0.00375	0.00644

[dist]
# distance from previous block
# <min> <max>
7	10

[block]
# block no. 3 follows, 49 sequences, length 70
# corresponding to MSA columns:
# 146-215
name=unknown_D
#
# <colnr> <probs for GDERKNQSTAVLIFYWHMCP>
#	G	D	E	R	K	N	Q	S	T	A	V	L	I	F	Y	W	H	M	C	P
0	0.15029	0.00762	0.00919	0.00773	0.01052	0.00725	0.00623	0.01756	0.03558	0.36550	0.24252	0.02439	0.05619	0.00773	0.00513	0.00161	0.00361	0.02928	0.00541	0.00666
1	0.01534	0.00931	0.01099	0.00936	0.01204	0.00956	0.00733	0.28977	0.05545	0.21553	0.01983	0.28583	0.01831	0.00945	0.00554	0.00172	0.00428	0.00806	0.00524	0.00706
2	0.01196	0.01126	0.01855	0.02736	0.66320	0.01137	0.01400	0.01564	0.06977	0.01656	0.01196	0.08358	0.01080	0.00568	0.00514	0.00157	0.00559	0.00546	0.00290	0.00767
3	0.01150	0.01294	0.02802	0.02023	0.02498	0.01213	0.71415	0.01550	0.01176	0.01595	0.01157	0.07473	0.00963	0.00514	0.00600	0.00173	0.00810	0.00661	0.00272	0.00661
4	0.01258	0.01086	0.01143	0.01029	0.01315	0.01258	0.00800	0.02687	0.78161	0.02115	0.02058	0.01887	0.01544	0.00686	0.00515	0.00172	0.00400	0.00572	0.00515	0.00800
5	0.02147	0.00868	0.01157	0.00902	0.01277	0.00775	0.00740	0.02438	0.07266	0.71329	0.04215	0.01793	0.01375	0.00642	0.00512	0.00158	0.00422	0.00525	0.00615	0.00845
6	0.01249	0.01368	0.02873	0.02058	0.02561	0.01301	0.71452	0.07367	0.01283	0.01739	0.01038	0.01353	0.00774	0.00440	0.00590	0.00169	0.00830	0.00586	0.00275	0.00696
7	0.01352	0.82533	0.02650	0.00865	0.01298	0.02001	0.00865	0.01514	0.01027	0.01190	0.00703	0.00811	0.00649	0.00433	0.00324	0.00108	0.00541	0.00270	0.00216	0.00649
8	0.00685	0.00515	0.00722	0.03194	0.06739	0.00498	0.00564	0.00788	0.00963	0.01291	0.02489	0.66575	0.02943	0.08525	0.00799	0.00225	0.00345	0.01273	0.00431	0.00436
9	0.01163	0.01731	0.31099	0.02481	0.50279	0.01191	0.01670	0.01570	0.01120	0.01633	0.00935	0.01183	0.00741	0.00462	0.00493	0.00154	0.00656	0.00422	0.00237	0.00781
10	0.01352	0.82533	0.02650	0.00865	0.01298	0.02001	0.00865	0.01514	0.01027	0.01190	0.00703	0.00811	0.00649	0.00433	0.00324	0.00108	0.00541	0.00270	0.00216	0.00649
11	0.02152	0.00866	0.01151	0.00909	0.01277	0.02105	0.00753	0.02349	0.01426	0.72163	0.02026	0.02009	0.01367	0.00683	0.00522	0.00162	0.00441	0.06206	0.00607	0.00826
12	0.00839	0.00611	0.00863	0.00832	0.00943	0.00699	0.00646	0.07579	0.00938	0.01328	0.01306	0.01885	0.01200	0.03359	0.67312	0.07162	0.01215	0.00526	0.00288	0.00470
13	0.01316	0.01376	0.01218	0.01239	0.09828	0.26644	0.00857	0.06564	0.12776	0.01670	0.12721	0.04619	0.11451	0.00765	0.00577	0.00156	0.04616	0.00604	0.00386	0.00616
14	0.01081	0.18352	0.64455	0.01328	0.02013	0.01337	0.01671	0.01584	0.01060	0.01520	0.00867	0.01017	0.00642	0.00471	0.00450	0.00150	0.00707	0.00353	0.00214	0.00728
15	0.01014	0.02616	0.79609	0.01441	0.02189	0.01174	0.01868	0.01601	0.01068	0.01601	0.00907	0.01068	0.00641	0.00480	0.00480	0.00160	0.00747	0.00374	0.00214	0.00747
16	0.00648	0.00459	0.00603	0.00688	0.00718	0.00447	0.00456	0.00729	0.00911	0.01224	0.02432	0.59934	0.02869	0.16216	0.08877	0.00316	0.00434	0.01223	0.00421	0.00396
17	0.01629	0.01237	0.01648	0.02007	0.37465	0.07878	0.01182	0.15452	0.01462	0.18974	0.01300	0.01543	0.01004	0.00571	0.00509	0.00154	0.00575	0.04231	0.00391	0.00790
18	0.01270	0.01222	0.01982	0.13790	0.56088	0.03740	0.06299	0.06461	0.01223	0.01686	0.00960	0.01259	0.00780	0.00469	0.00506	0.00154	0.00634	0.00456	0.00264	0.00757
19	0.00735	0.00490	0.00552	0.00552	0.00552	0.00490	0.00306	0.00735	0.00735	0.00980	0.01593	0.03309	0.01838	0.82229	0.02574	0.00490	0.00490	0.00735	0.00306	0.00306
20	0.01170	0.01270	0.04332	0.03833	0.28983	0.02432	0.39681	0.01528	0.01180	0.01626	0.04961	0.04436	0.01069	0.00513	0.00558	0.00163	0.00708	0.00581	0.00275	0.00701
21	0.00907	0.00716	0.00870	0.00786	0.02934	0.00619	0.00560	0.01149	0.06124	0.02754	0.06747	0.24272	0.01932	0.10347	0.00737	0.00175	0.00365	0.00736	0.00383	0.36888
22	0.18287	0.00914	0.01097	0.00871	0.01239	0.00878	0.00715	0.04117	0.07176	0.56831	0.01732	0.01548	0.01129	0.00600	0.00471	0.00157	0.00424	0.00467	0.00554	0.00796
23	0.01381	0.03525	0.03595	0.00923	0.01321	0.01023	0.00768	0.28247	0.01530	0.05759	0.01239	0.08964	0.01057	0.00591	0.00455	0.00122	0.00450	0.00476	0.00399	0.38176
24	0.00970	0.00900	0.01478	0.75442	0.03318	0.01118	0.01354	0.01360	0.04886	0.01345	0.00971	0.01386	0.00730	0.00516	0.00503	0.00168	0.00652	0.00456	0.01877	0.00572
25	0.01141	0.00963	0.01099	0.02614	0.07955	0.02180	0.00779	0.10330	0.35335	0.02039	0.15766	0.02511	0.13541	0.00801	0.00538	0.00164	0.00398	0.00677	0.00482	0.00687
26	0.01258	0.01086	0.01143	0.01029	0.01315	0.01258	0.00800	0.02687	0.78161	0.02115	0.02058	0.01887	0.01544	0.00686	0.00515	0.00172	0.00400	0.00572	0.00515	0.00800
27	0.01313	0.01652	0.35017	0.01118	0.01670	0.00955	0.02628	0.05147	0.02312	0.17711	0.01328	0.01371	0.03900	0.00524	0.00469	0.00139	0.00560	0.00421	0.00348	0.21416
28	0.01685	0.52898	0.02114	0.00878	0.01295	0.01545	0.00821	0.01859	0.01180	0.29577	0.01172	0.01141	0.00868	0.00503	0.00391	0.00126	0.00501	0.00357	0.00365	0.00726
29	0.01352	0.82533	0.02650	0.00865	0.01298	0.02001	0.00865	0.01514	0.01027	0.01190	0.00703	0.00811	0.00649	0.00433	0.00324	0.00108	0.00541	0.00270	0.00216	0.00649
30	0.01561	0.02797	0.04249	0.06691	0.31353	0.01086	0.12294	0.03036	0.01253	0.27096	0.01293	0.01409	0.00926	0.00519	0.00535	0.00157	0.02106	0.00485	0.00374	0.00781
31	0.01656	0.01092	0.01567	0.01839	0.32407	0.02726	0.02421	0.04274	0.14183	0.30214	0.01523	0.01523	0.01088	0.00560	0.00507	0.00156	0.00515	0.00492	0.00440	0.00818
32	0.09326	0.02166	0.01431	0.01419	0.08955	0.65547	0.00994	0.01927	0.01355	0.01370	0.00791	0.00936	0.00656	0.00510	0.00447	0.00135	0.00835	0.00333	0.00264	0.00603
33	0.01418	0.30978	0.02085	0.07293	0.27247	0.20178	0.01156	0.01631	0.01163	0.01361	0.00817	0.01018	0.00702	0.00465	0.00426	0.00131	0.00658	0.00356	0.00239	0.00678
34	0.00992	0.00916	0.05902	0.00878	0.01112	0.00882	0.00712	0.01779	0.38110	0.03444	0.10313	0.17991	0.12952	0.00964	0.00558	0.00176	0.00366	0.00830	0.00487	0.00638
35	0.01294	0.03021	0.01543	0.13187	0.18211	0.06270	0.06289	0.13312	0.11059	0.04323	0.03858	0.06049	0.02808	0.00661	0.00522	0.00162	0.00561	0.03840	0.02341	0.00690
36	0.01922	0.01416	0.01518	0.01163	0.01568	0.01568	0.00961	0.77388	0.02378	0.03187	0.01214	0.01214	0.00860	0.00607	0.00506	0.00152	0.00556	0.00455	0.00506	0.00860
37	0.01001	0.00830	0.00920	0.00895	0.01082	0.00920	0.00666	0.01897	0.47375	0.01788	0.02406	0.31926	0.04101	0.01037	0.00566	0.00184	0.00357	0.00908	0.00497	0.00645
38	0.01536	0.47070	0.06996	0.01063	0.01454	0.29375	0.00970	0.03903	0.01212	0.01290	0.00758	0.00874	0.00655	0.00472	0.00386	0.00120	0.00684	0.00302	0.00240	0.00639
39	0.00944	0.00887	0.01485	0.78492	0.03395	0.01102	0.01372	0.01274	0.01016	0.01294	0.01031	0.01458	0.03123	0.00530	0.00508	0.00169	0.00661	0.00469	0.00232	0.00558
40	0.01114	0.00850	0.01263	0.01687	0.34692	0.00867	0.02218	0.03547	0.01131	0.01796	0.01293	0.01558	0.01040	0.00536	0.00467	0.00137	0.02953	0.00463	0.41756	0.00632
41	0.00616	0.00440	0.00587	0.00704	0.00733	0.00411	0.00469	0.00704	0.00968	0.01291	0.02787	0.81899	0.03344	0.01584	0.00645	0.00205	0.00293	0.01438	0.00469	0.00411
42	0.01084	0.19061	0.63772	0.01323	0.02005	0.01344	0.01662	0.01583	0.01059	0.01517	0.00865	0.01015	0.00642	0.00471	0.00448	0.00149	0.00705	0.00352	0.00214	0.00727
43	0.01282	0.41896	0.28638	0.01175	0.01694	0.09865	0.04978	0.01598	0.01088	0.01356	0.00796	0.00940	0.00652	0.00464	0.00423	0.00133	0.01793	0.00330	0.00222	0.00676
44	0.01317	0.01078	0.01146	0.01012	0.01306	0.01226	0.00792	0.08260	0.66212	0.05048	0.02125	0.01959	0.04834	0.00704	0.00517	0.00169	0.00407	0.00582	0.00516	0.00791
45	0.00618	0.00442	0.00589	0.00703	0.00734	0.00412	0.00470	0.00710	0.00979	0.01308	0.04550	0.80087	0.03378	0.01571	0.00644	0.00204	0.00292	0.01425	0.00471	0.00412
46	0.00769	0.00579	0.00799	0.00789	0.00905	0.00631	0.00616	0.01066	0.06888	0.01520	0.23753	0.02818	0.02436	0.02555	0.44365	0.00526	0.00884	0.07227	0.00388	0.00487
47	0.00616	0.00440	0.00587	0.00704	0.00733	0.00411	0.00469	0.00704	0.00968	0.01291	0.02787	0.81899	0.03344	0.01584	0.00645	0.00205	0.00293	0.01438	0.00469	0.00411
48	0.00634	0.00461	0.00589	0.00666	0.00722	0.00426	0.00453	0.00743	0.01041	0.01387	0.13628	0.58707	0.11607	0.05524	0.00730	0.00209	0.00292	0.01289	0.00473	0.00417
49	0.00828	0.00569	0.00696	0.00645	0.00805	0.00523	0.00490	0.01095	0.05136	0.07562	0.51662	0.03795	0.22182	0.01046	0.00586	0.00162	0.00265	0.00905	0.00539	0.00509
50	0.01126	0.05125	0.48447	0.01720	0.08933	0.01248	0.19929	0.04584	0.01155	0.01657	0.00944	0.01151	0.00694	0.00468	0.00505	0.00160	0.00745	0.00433	0.00239	0.00737
51	0.01158	0.01587	0.17068	0.01979	0.02518	0.01268	0.60955	0.01604	0.01157	0.01604	0.00990	0.01301	0.00741	0.00451	0.00609	0.00170	0.03353	0.00551	0.00247	0.00690
52	0.01334	0.01204	0.01989	0.02603	0.56192	0.01212	0.08611	0.11090	0.01318	0.03794	0.01104	0.01493	0.00922	0.00520	0.00521	0.00157	0.00608	0.04244	0.00303	0.00782
53	0.00626	0.00454	0.00578	0.00670	0.00715	0.00420	0.00448	0.00715	0.00983	0.01294	0.04870	0.65441	0.11628	0.07654	0.00785	0.00222	0.00303	0.01330	0.00459	0.00406
54	0.77674	0.01052	0.00816	0.00718	0.01035	0.03686	0.00588	0.06434	0.00977	0.02296	0.00740	0.00850	0.00571	0.00480	0.00330	0.00155	0.00419	0.00287	0.00324	0.00569
55	0.03368	0.05431	0.04651	0.01882	0.23960	0.11313	0.16779	0.12483	0.05959	0.01829	0.01025	0.01212	0.00805	0.00486	0.00494	0.00146	0.00655	0.00446	0.00307	0.06770
56	0.01292	0.04423	0.06227	0.03957	0.34418	0.04396	0.28626	0.07343	0.01259	0.01713	0.00978	0.01252	0.00771	0.00458	0.00526	0.00156	0.00707	0.00488	0.00268	0.00741
57	0.01514	0.01734	0.21516	0.01572	0.11207	0.08382	0.09921	0.26357	0.04932	0.06260	0.01122	0.01228	0.00819	0.00532	0.00505	0.00155	0.00662	0.00446	0.00357	0.00777
58	0.01007	0.00951	0.01348	0.04230	0.05182	0.01248	0.00988	0.01192	0.03333	0.01324	0.06046	0.07548	0.01236	0.01231	0.10161	0.00275	0.51311	0.00565	0.00278	0.00547
59	0.00759	0.00556	0.00777	0.00862	0.05849	0.00556	0.02963	0.00873	0.00905	0.01263	0.01946	0.29803	0.02164	0.27007	0.12385	0.00369	0.00543	0.03212	0.06784	0.00424
60	0.00638	0.00469	0.00601	0.00682	0.00749	0.00432	0.00480	0.00759	0.01063	0.01404	0.12108	0.56291	0.14689	0.01462	0.00636	0.00197	0.00293	0.06143	0.00479	0.00425
61	0.00616	0.00440	0.00587	0.00704	0.00733	0.00411	0.00469	0.00704	0.00968	0.01291	0.02787	0.81899	0.03344	0.01584	0.00645	0.00205	0.00293	0.01438	0.00469	0.00411
62	0.01049	0.00899	0.01049	0.00749	0.01198	0.00674	0.00599	0.01273	0.01049	0.01648	0.00899	0.01049	0.00749	0.00374	0.00374	0.00075	0.00374	0.00300	0.00300	0.85320
63	0.01194	0.01364	0.02984	0.02131	0.02643	0.01279	0.77238	0.01620	0.01194	0.01620	0.01023	0.01364	0.00767	0.00426	0.00597	0.00171	0.00853	0.00597	0.00256	0.00682
64	0.85801	0.00978	0.00743	0.00665	0.00978	0.01134	0.00548	0.01486	0.00861	0.02269	0.00704	0.00821	0.00548	0.00469	0.00313	0.00156	0.00391	0.00274	0.00313	0.00548
65	0.01064	0.00956	0.01533	0.04666	0.34486	0.00900	0.06725	0.01308	0.01090	0.02945	0.01387	0.19885	0.01379	0.00700	0.00515	0.00149	0.00499	0.00658	0.00318	0.18836
66	0.00964	0.00890	0.01350	0.46845	0.02447	0.02468	0.01148	0.01179	0.00941	0.01241	0.01178	0.01590	0.06638	0.00852	0.03209	0.07648	0.18159	0.00494	0.00244	0.00517
67	0.02990	0.01263	0.17664	0.06389	0.16243	0.00990	0.08901	0.05051	0.02924	0.01626	0.05335	0.18742	0.01592	0.02530	0.00625	0.00180	0.03135	0.02857	0.00330	0.00632
68	0.01362	0.23580	0.28857	0.02806	0.11190	0.01314	0.02891	0.01728	0.02611	0.15068	0.01071	0.01161	0.00793	0.00489	0.00446	0.00142	0.00602	0.00386	0.00300	0.03202
69	0.79970	0.01029	0.00795	0.00702	0.01019	0.02766	0.00577	0.05227	0.00947	0.02293	0.00731	0.00843	0.00565	0.00477	0.00325	0.00156	0.00410	0.00284	0.00321	0.00564

[dist]
# distance from previous block
# <min> <max>
0	1

[block]
# block no. 4 follows, 49 sequences, length 40
# corresponding to MSA columns:
# 218-234,237-259
name=unknown_E
#
# <colnr> <probs for GDERKNQSTAVLIFYWHMCP>
#	G	D	E	R	K	N	Q	S	T	A	V	L	I	F	Y	W	H	M	C	P
0	0.01022	0.02568	0.77160	0.01428	0.02161	0.01177	0.01835	0.01635	0.03473	0.01617	0.00943	0.01093	0.00669	0.00487	0.00481	0.00160	0.00736	0.00380	0.00223	0.00749
1	0.01651	0.01281	0.01365	0.01109	0.01465	0.01441	0.00895	0.46849	0.33359	0.02749	0.01559	0.01489	0.01139	0.00639	0.00509	0.00160	0.00493	0.00503	0.00509	0.00836
2	0.00750	0.00536	0.00740	0.00857	0.00945	0.00526	0.00702	0.00935	0.01100	0.01440	0.02713	0.30650	0.03052	0.01458	0.00681	0.00224	0.00409	0.51367	0.00467	0.00448
3	0.00937	0.00872	0.01463	0.74903	0.03286	0.01086	0.01345	0.01262	0.00996	0.01283	0.00933	0.01397	0.00719	0.00756	0.06580	0.00218	0.00726	0.00456	0.00228	0.00553
4	0.01140	0.01363	0.07069	0.01984	0.02472	0.01207	0.67191	0.01549	0.01169	0.01594	0.01151	0.07484	0.00957	0.00518	0.00594	0.00173	0.00804	0.00648	0.00270	0.00665
5	0.01545	0.01022	0.01152	0.00992	0.01308	0.01112	0.00784	0.02624	0.56382	0.24063	0.02040	0.01840	0.01461	0.00669	0.00513	0.00167	0.00409	0.00554	0.00546	0.00817
6	0.02269	0.00861	0.01174	0.00900	0.01291	0.00743	0.00743	0.02464	0.01447	0.79425	0.01995	0.01721	0.01252	0.00626	0.00509	0.00156	0.00430	0.00509	0.00626	0.00861
7	0.01014	0.02616	0.79609	0.01441	0.02189	0.01174	0.01868	0.01601	0.01068	0.01601	0.00907	0.01068	0.00641	0.00480	0.00480	0.00160	0.00747	0.00374	0.00214	0.00747
8	0.00955	0.00899	0.01517	0.81013	0.03483	0.01123	0.01404	0.01292	0.01011	0.01292	0.00899	0.01348	0.00674	0.00506	0.00506	0.00169	0.00674	0.00449	0.00225	0.00562
9	0.00874	0.00665	0.00770	0.00710	0.00890	0.00661	0.00543	0.02812	0.17741	0.04162	0.42448	0.03505	0.20261	0.00994	0.00575	0.00164	0.00289	0.00854	0.00529	0.00554
10	0.00629	0.00456	0.00593	0.00680	0.00733	0.00421	0.00464	0.00741	0.01047	0.01399	0.13551	0.65151	0.09298	0.01484	0.00635	0.00196	0.00283	0.01336	0.00482	0.00421
11	0.01097	0.01066	0.03362	0.43451	0.31701	0.01154	0.03384	0.03858	0.01113	0.01504	0.00979	0.03321	0.00796	0.00513	0.00509	0.00162	0.00639	0.00477	0.00250	0.00664
12	0.01014	0.02616	0.79609	0.01441	0.02189	0.01174	0.01868	0.01601	0.01068	0.01601	0.00907	0.01068	0.00641	0.00480	0.00480	0.00160	0.00747	0.00374	0.00214	0.00747
13	0.01156	0.01124	0.01767	0.09671	0.26967	0.05283	0.13704	0.02766	0.03485	0.01522	0.01047	0.01425	0.00883	0.02975	0.08817	0.00238	0.11105	0.00489	0.04928	0.00649
14	0.00913	0.00476	0.00493	0.00489	0.00601	0.00473	0.00361	0.01136	0.01074	0.01850	0.08098	0.02118	0.01615	0.04923	0.00491	0.00141	0.00249	0.00522	0.73513	0.00463
15	0.85801	0.00978	0.00743	0.00665	0.00978	0.01134	0.00548	0.01486	0.00861	0.02269	0.00704	0.00821	0.00548	0.00469	0.00313	0.00156	0.00391	0.00274	0.00313	0.00548
16	0.01348	0.32594	0.07594	0.01336	0.05565	0.09841	0.15769	0.04694	0.10352	0.01537	0.00989	0.01122	0.00798	0.00480	0.00442	0.00136	0.00635	0.00400	0.00280	0.04089
17	0.03837	0.20685	0.14966	0.01573	0.14102	0.06941	0.12031	0.10939	0.02587	0.04733	0.00963	0.01119	0.00751	0.00492	0.00485	0.00146	0.02233	0.00407	0.00289	0.00722
18	0.00651	0.00464	0.00612	0.00715	0.00757	0.00439	0.00497	0.00754	0.00987	0.01310	0.04190	0.63348	0.04917	0.07688	0.00797	0.00229	0.00328	0.10446	0.00458	0.00411
19	0.01213	0.04960	0.07498	0.03556	0.19826	0.01290	0.49235	0.03139	0.01190	0.01634	0.00987	0.01292	0.00762	0.00440	0.00552	0.00162	0.00766	0.00530	0.00255	0.00713
20	0.00794	0.00567	0.00722	0.00675	0.00811	0.00542	0.00508	0.01118	0.07266	0.04008	0.68953	0.05666	0.04397	0.01011	0.00589	0.00161	0.00257	0.00892	0.00553	0.00510
21	0.00974	0.00826	0.01116	0.04148	0.01277	0.00902	0.07799	0.03458	0.26657	0.01671	0.03808	0.25478	0.03387	0.01204	0.06686	0.00232	0.03739	0.03620	0.02421	0.00597
22	0.00725	0.00492	0.00549	0.00549	0.00562	0.00485	0.00312	0.00735	0.00767	0.01010	0.01862	0.03428	0.07708	0.76061	0.02423	0.00466	0.00472	0.00761	0.00319	0.00316
23	0.00722	0.00542	0.00813	0.00813	0.00903	0.00632	0.00632	0.00903	0.00813	0.01174	0.01354	0.01987	0.01264	0.03792	0.80225	0.00813	0.01354	0.00542	0.00271	0.00451
24	0.85801	0.00978	0.00743	0.00665	0.00978	0.01134	0.00548	0.01486	0.00861	0.02269	0.00704	0.00821	0.00548	0.00469	0.00313	0.00156	0.00391	0.00274	0.00313	0.00548
25	0.01891	0.02358	0.01437	0.01295	0.01564	0.76061	0.00976	0.05986	0.01483	0.01340	0.00804	0.00928	0.00662	0.00526	0.00459	0.00131	0.00893	0.00332	0.00273	0.00601
26	0.02269	0.00861	0.01174	0.00900	0.01291	0.00743	0.00743	0.02464	0.01447	0.79425	0.01995	0.01721	0.01252	0.00626	0.00509	0.00156	0.00430	0.00509	0.00626	0.00861
27	0.01049	0.00899	0.01049	0.00749	0.01198	0.00674	0.00599	0.01273	0.01049	0.01648	0.00899	0.01049	0.00749	0.00374	0.00374	0.00075	0.00374	0.00300	0.00300	0.85320
28	0.00804	0.00509	0.00628	0.00596	0.00718	0.00479	0.00447	0.01029	0.01312	0.03344	0.54145	0.03215	0.05077	0.00932	0.00564	0.02150	0.00246	0.00783	0.22545	0.00476
29	0.85801	0.00978	0.00743	0.00665	0.00978	0.01134	0.00548	0.01486	0.00861	0.02269	0.00704	0.00821	0.00548	0.00469	0.00313	0.00156	0.00391	0.00274	0.00313	0.00548
30	0.00735	0.00492	0.00558	0.00558	0.00560	0.00494	0.00315	0.00740	0.00737	0.00985	0.01587	0.03276	0.01824	0.80273	0.04510	0.00498	0.00512	0.00731	0.00306	0.00310
31	0.00828	0.00697	0.01016	0.00955	0.01020	0.00885	0.00763	0.00990	0.00802	0.01186	0.01164	0.01744	0.01099	0.02991	0.58567	0.00650	0.23393	0.00514	0.00257	0.00480
32	0.01252	0.01201	0.02053	0.03104	0.79074	0.01201	0.01552	0.01552	0.01151	0.01652	0.00951	0.01252	0.00801	0.00451	0.00501	0.00150	0.00601	0.00451	0.00250	0.00801
33	0.00724	0.00537	0.00788	0.00788	0.00870	0.00619	0.00602	0.00887	0.00806	0.01156	0.01377	0.02109	0.01317	0.11070	0.73021	0.00783	0.01274	0.00560	0.00274	0.00438
34	0.01252	0.01201	0.02053	0.03104	0.79074	0.01201	0.01552	0.01552	0.01151	0.01652	0.00951	0.01252	0.00801	0.00451	0.00501	0.00150	0.00601	0.00451	0.00250	0.00801
35	0.00722	0.00542	0.00813	0.00813	0.00903	0.00632	0.00632	0.00903	0.00813	0.01174	0.01354	0.01987	0.01264	0.03792	0.80225	0.00813	0.01354	0.00542	0.00271	0.00451
36	0.01095	0.00929	0.01072	0.00780	0.01219	0.00741	0.00624	0.04404	0.05160	0.01734	0.00972	0.01099	0.00795	0.00400	0.00387	0.00083	0.00383	0.00320	0.00319	0.77481
37	0.01679	0.01221	0.07241	0.02475	0.04249	0.02951	0.00910	0.31001	0.03090	0.22542	0.04365	0.01759	0.08261	0.00658	0.00508	0.00151	0.00499	0.00525	0.00482	0.05432
38	0.01740	0.03312	0.12460	0.01298	0.06897	0.23841	0.01071	0.18712	0.03771	0.16887	0.01181	0.01212	0.00852	0.00547	0.00480	0.00144	0.00652	0.00410	0.00386	0.04147
39	0.01365	0.07296	0.05028	0.01354	0.01740	0.01055	0.28277	0.04029	0.05321	0.18685	0.09206	0.02185	0.01565	0.00672	0.00557	0.00168	0.00591	0.09812	0.00409	0.00686

[dist]
# distance from previous block
# <min> <max>
0	5

[block]
# block no. 5 follows, 49 sequences, length 17
# corresponding to MSA columns:
# 265-281
name=unknown_F
#
# <colnr> <probs for GDERKNQSTAVLIFYWHMCP>
#	G	D	E	R	K	N	Q	S	T	A	V	L	I	F	Y	W	H	M	C	P
0	0.01405	0.10715	0.01602	0.03354	0.06377	0.10686	0.08971	0.06752	0.29114	0.07740	0.03197	0.03518	0.03088	0.00624	0.00499	0.00156	0.00548	0.00527	0.00405	0.00722
1	0.10306	0.10118	0.40834	0.01369	0.01936	0.10107	0.11894	0.04903	0.01156	0.01663	0.00881	0.01046	0.00660	0.00477	0.00461	0.00152	0.00713	0.00382	0.00248	0.00694
2	0.01934	0.01110	0.01304	0.03047	0.01444	0.01143	0.00845	0.36007	0.06993	0.34368	0.01767	0.01642	0.04708	0.00649	0.00512	0.00156	0.00483	0.00513	0.00547	0.00828
3	0.00761	0.00598	0.00756	0.00694	0.00851	0.00569	0.02664	0.01103	0.09156	0.01893	0.54070	0.03735	0.19160	0.01031	0.00588	0.00163	0.00276	0.00901	0.00526	0.00506
4	0.85801	0.00978	0.00743	0.00665	0.00978	0.01134	0.00548	0.01486	0.00861	0.02269	0.00704	0.00821	0.00548	0.00469	0.00313	0.00156	0.00391	0.00274	0.00313	0.00548
5	0.08926	0.00870	0.01139	0.00881	0.01266	0.00774	0.00728	0.02386	0.01401	0.73276	0.01892	0.01649	0.01196	0.00613	0.00493	0.00156	0.00427	0.00490	0.00601	0.00836
6	0.01252	0.01201	0.02053	0.03104	0.79074	0.01201	0.01552	0.01552	0.01151	0.01652	0.00951	0.01252	0.00801	0.00451	0.00501	0.00150	0.00601	0.00451	0.00250	0.00801
7	0.00705	0.00516	0.00661	0.00625	0.00749	0.00473	0.00469	0.00933	0.01406	0.01968	0.72098	0.03876	0.11518	0.01056	0.00597	0.00160	0.00240	0.00928	0.00549	0.00473
8	0.00735	0.00490	0.00552	0.00552	0.00552	0.00490	0.00306	0.00735	0.00735	0.00980	0.01593	0.03309	0.01838	0.82229	0.02574	0.00490	0.00490	0.00735	0.00306	0.00306
9	0.00735	0.00490	0.00552	0.00552	0.00552	0.00490	0.00306	0.00735	0.00735	0.00980	0.01593	0.03309	0.01838	0.82229	0.02574	0.00490	0.00490	0.00735	0.00306	0.00306
10	0.00729	0.00517	0.00686	0.00686	0.00732	0.00563	0.00474	0.00822	0.00775	0.01080	0.01471	0.02629	0.01543	0.41907	0.42492	0.00656	0.00935	0.00636	0.00288	0.00381
11	0.00962	0.00908	0.01518	0.77342	0.03383	0.01143	0.01391	0.01289	0.01000	0.01289	0.00888	0.01337	0.00674	0.00523	0.00559	0.00171	0.04389	0.00449	0.00225	0.00561
12	0.02058	0.00978	0.01206	0.00934	0.01305	0.00945	0.00769	0.22818	0.01668	0.51837	0.01752	0.01597	0.01149	0.00618	0.00494	0.00152	0.00448	0.00491	0.07955	0.00826
13	0.01360	0.00990	0.01102	0.00903	0.01183	0.01045	0.00724	0.38597	0.04838	0.04755	0.26691	0.02515	0.11468	0.00828	0.00546	0.00157	0.00409	0.00682	0.00522	0.00683
14	0.00640	0.00452	0.00613	0.00707	0.00745	0.00433	0.00482	0.00732	0.00969	0.01306	0.06790	0.68033	0.03160	0.01737	0.07038	0.03627	0.00381	0.01298	0.00448	0.00410
15	0.01150	0.01143	0.01664	0.26499	0.36827	0.08227	0.01325	0.01415	0.01097	0.01446	0.01125	0.06905	0.02722	0.00599	0.00583	0.00163	0.05671	0.00521	0.00262	0.00657
16	0.12502	0.07845	0.13409	0.01108	0.01539	0.04882	0.06134	0.22785	0.05589	0.11096	0.01168	0.01220	0.00848	0.00537	0.00456	0.00148	0.00557	0.00415	0.03746	0.04016

[dist]
# distance from previous block
# <min> <max>
5	9

[block]
# block no. 6 follows, 49 sequences, length 18
# corresponding to MSA columns:
# 298-315
name=unknown_G
#
# <colnr> <probs for GDERKNQSTAVLIFYWHMCP>
#	G	D	E	R	K	N	Q	S	T	A	V	L	I	F	Y	W	H	M	C	P
0	0.04762	0.04684	0.01421	0.01350	0.14847	0.08548	0.05209	0.13597	0.04762	0.05942	0.10046	0.01886	0.09821	0.00655	0.00517	0.00146	0.01878	0.00545	0.00387	0.08999
1	0.03123	0.01194	0.01530	0.01639	0.22829	0.05648	0.04947	0.18088	0.14223	0.08622	0.06608	0.03870	0.01301	0.00611	0.00510	0.00154	0.00529	0.00529	0.00412	0.03634
2	0.08080	0.00845	0.03527	0.01243	0.17350	0.00780	0.00801	0.01394	0.06090	0.11397	0.18107	0.14833	0.08764	0.00859	0.00533	0.00163	0.00392	0.00748	0.00437	0.03656
3	0.01340	0.01317	0.01857	0.02573	0.58648	0.09753	0.01366	0.05566	0.03066	0.01698	0.00969	0.01212	0.00801	0.00466	0.00486	0.00143	0.00610	0.00428	0.00275	0.07427
4	0.00767	0.00580	0.00786	0.00762	0.00811	0.00668	0.00554	0.00875	0.00805	0.01141	0.04524	0.02459	0.01558	0.32458	0.40085	0.00605	0.09243	0.00618	0.00291	0.00409
5	0.08846	0.01888	0.40091	0.01594	0.05699	0.01162	0.22911	0.01673	0.01123	0.08773	0.01023	0.01197	0.00731	0.00476	0.00502	0.00162	0.00709	0.00444	0.00274	0.00724
6	0.00878	0.00439	0.00659	0.00659	0.00659	0.00439	0.00439	0.00659	0.00659	0.00878	0.00878	0.01537	0.00878	0.01757	0.01976	0.85288	0.00439	0.00439	0.00220	0.00220
7	0.00643	0.00465	0.00613	0.00713	0.00767	0.00435	0.00503	0.00759	0.01029	0.01364	0.07400	0.63791	0.08230	0.01511	0.00645	0.00203	0.00307	0.09724	0.00474	0.00422
8	0.01352	0.10250	0.06738	0.08256	0.01647	0.06381	0.03900	0.19784	0.05695	0.01935	0.01029	0.01155	0.00799	0.00489	0.00441	0.00125	0.00542	0.00384	0.01830	0.27267
9	0.03318	0.01198	0.02181	0.10929	0.36288	0.01205	0.26322	0.01648	0.06122	0.04199	0.01069	0.01345	0.00833	0.00470	0.00529	0.00161	0.00668	0.00504	0.00280	0.00732
10	0.07810	0.16214	0.40725	0.01219	0.03370	0.02886	0.01347	0.04700	0.03304	0.03597	0.00918	0.01050	0.00697	0.00492	0.00475	0.00145	0.03367	0.00357	0.00261	0.07066
11	0.01558	0.01668	0.35963	0.01149	0.01680	0.00999	0.01245	0.07109	0.04767	0.32005	0.05684	0.01517	0.01160	0.00585	0.00501	0.00159	0.00568	0.00470	0.00426	0.00787
12	0.00627	0.00448	0.00600	0.00717	0.00751	0.00420	0.00489	0.00724	0.00979	0.01303	0.02781	0.77573	0.03320	0.01574	0.00648	0.00207	0.00303	0.05652	0.00469	0.00414
13	0.04698	0.04685	0.17874	0.05821	0.14374	0.20907	0.12170	0.04964	0.01247	0.04744	0.00995	0.03435	0.00797	0.00520	0.00490	0.00152	0.00721	0.00442	0.00279	0.00685
14	0.24797	0.07693	0.09281	0.04288	0.22016	0.05736	0.09381	0.05479	0.01142	0.04465	0.00904	0.01090	0.00705	0.00474	0.00441	0.00152	0.00592	0.00391	0.00288	0.00686
15	0.01237	0.01235	0.02226	0.02675	0.52369	0.01227	0.21650	0.01663	0.07448	0.01681	0.01061	0.01333	0.00853	0.00463	0.00527	0.00157	0.00651	0.00499	0.00273	0.00769
16	0.00627	0.00451	0.00590	0.00685	0.00728	0.00419	0.00462	0.00727	0.01010	0.01349	0.09393	0.69494	0.06808	0.03819	0.00694	0.00208	0.00293	0.01356	0.00472	0.00414
17	0.01403	0.01510	0.01859	0.07185	0.14480	0.21338	0.17881	0.06034	0.11519	0.01617	0.01052	0.01264	0.00835	0.00553	0.00635	0.00161	0.09226	0.00467	0.00299	0.00681

[dist]
# distance from previous block
# <min> <max>
1	3

[block]
# block no. 7 follows, 49 sequences, length 11
# corresponding to MSA columns:
# 319-329
name=unknown_H
#
# <colnr> <probs for GDERKNQSTAVLIFYWHMCP>
#	G	D	E	R	K	N	Q	S	T	A	V	L	I	F	Y	W	H	M	C	P
0	0.01761	0.03612	0.05444	0.03445	0.04759	0.01236	0.00947	0.39734	0.01804	0.19041	0.01288	0.01287	0.00904	0.00559	0.00482	0.00142	0.00520	0.00436	0.00462	0.12138
1	0.00722	0.00542	0.00813	0.00813	0.00903	0.00632	0.00632	0.00903	0.00813	0.01174	0.01354	0.01987	0.01264	0.03792	0.80225	0.00813	0.01354	0.00542	0.00271	0.00451
2	0.01221	0.00759	0.01025	0.01003	0.05995	0.00790	0.00739	0.08879	0.04939	0.17365	0.06853	0.02312	0.01614	0.06736	0.30759	0.00430	0.00795	0.06765	0.00414	0.00608
3	0.01145	0.06365	0.27189	0.04103	0.15459	0.01281	0.30459	0.01570	0.01113	0.01568	0.00936	0.01207	0.00719	0.00470	0.00571	0.00162	0.04262	0.00471	0.00237	0.00712
4	0.01920	0.01471	0.01513	0.01171	0.01568	0.05869	0.00962	0.73266	0.02326	0.03080	0.01190	0.01198	0.00849	0.00602	0.00503	0.00151	0.00576	0.00448	0.00492	0.00845
5	0.00672	0.00511	0.00618	0.00601	0.00731	0.00457	0.00447	0.00866	0.01313	0.01771	0.50557	0.09067	0.28253	0.01147	0.00600	0.00166	0.00248	0.00996	0.00523	0.00457
6	0.01534	0.01766	0.17909	0.01614	0.09249	0.14281	0.16971	0.22602	0.01543	0.06075	0.01056	0.01195	0.00776	0.00516	0.00511	0.00154	0.00713	0.00449	0.00336	0.00749
7	0.01257	0.01225	0.02176	0.02392	0.40583	0.01208	0.25464	0.09684	0.01297	0.01786	0.01313	0.01553	0.06612	0.00522	0.00539	0.00158	0.00650	0.00543	0.00296	0.00742
8	0.00769	0.00549	0.00673	0.00757	0.06433	0.00543	0.00428	0.00810	0.00814	0.01081	0.01826	0.03369	0.06812	0.67084	0.02203	0.00432	0.00482	0.04257	0.00320	0.00359
9	0.00648	0.00456	0.00561	0.00645	0.00709	0.00420	0.00442	0.00759	0.01010	0.01368	0.03074	0.59782	0.16354	0.01424	0.00606	0.00190	0.00281	0.01269	0.09582	0.00420
10	0.00736	0.00695	0.06525	0.00742	0.00875	0.00577	0.00576	0.01012	0.09325	0.01431	0.08815	0.39946	0.13278	0.12028	0.00865	0.00228	0.00355	0.01079	0.00441	0.00471

[dist]
