[name]
unknown

[dist]
# distance from previous block
# <min> <max>
0	72

[block]
# block no. 0 follows, 44 sequences, length 93
# corresponding to MSA columns:
# 77-137,142-173
name=unknown_A
#
# <colnr> <probs for GDERKNQSTAVLIFYWHMCP>
#	G	D	E	R	K	N	Q	S	T	A	V	L	I	F	Y	W	H	M	C	P
0	0.05647	0.02723	0.00981	0.02720	0.06858	0.04421	0.00725	0.01236	0.06126	0.01614	0.07462	0.12203	0.16908	0.06828	0.07612	0.00273	0.02549	0.09584	0.02984	0.00547
1	0.05048	0.01170	0.01286	0.11836	0.06898	0.12055	0.02199	0.09509	0.05761	0.07719	0.04418	0.09210	0.01417	0.00869	0.03528	0.00195	0.03647	0.00602	0.11968	0.00665
2	0.03165	0.00965	0.00982	0.02753	0.01164	0.06788	0.00691	0.14366	0.09235	0.04709	0.06589	0.17676	0.18479	0.07156	0.00767	0.00211	0.00456	0.02748	0.00488	0.00611
3	0.03712	0.00835	0.00886	0.00830	0.01009	0.04178	0.00615	0.09199	0.11123	0.06162	0.07995	0.20291	0.06799	0.09212	0.02288	0.01852	0.00433	0.00853	0.11139	0.00589
4	0.01232	0.01110	0.01658	0.21362	0.14393	0.02828	0.09336	0.07998	0.09997	0.01832	0.06007	0.05103	0.01307	0.00707	0.00643	0.04809	0.00605	0.00578	0.00354	0.08142
5	0.01216	0.01028	0.01630	0.56102	0.07213	0.01206	0.03423	0.07179	0.03740	0.06021	0.01182	0.01660	0.00916	0.02504	0.00607	0.00189	0.00682	0.02525	0.00312	0.00665
6	0.01515	0.01209	0.01508	0.04668	0.07775	0.02832	0.06144	0.34233	0.06018	0.02437	0.04040	0.09521	0.01470	0.06015	0.00745	0.00198	0.02753	0.01889	0.04279	0.00749
7	0.00819	0.03079	0.00880	0.00814	0.00922	0.00680	0.02354	0.03496	0.01029	0.01379	0.02401	0.22922	0.12215	0.15725	0.26715	0.00478	0.02295	0.00932	0.00388	0.00475
8	0.08780	0.01051	0.01312	0.03323	0.07201	0.01070	0.00886	0.18600	0.01631	0.33497	0.06051	0.01733	0.01346	0.00750	0.02406	0.00183	0.02705	0.00530	0.06130	0.00814
9	0.03873	0.01232	0.01389	0.08945	0.05601	0.03238	0.00981	0.18407	0.36156	0.05145	0.03611	0.01720	0.01345	0.00666	0.00537	0.00170	0.00517	0.00544	0.00487	0.05433
10	0.01410	0.01436	0.02079	0.04835	0.57371	0.10525	0.03301	0.01730	0.03030	0.01695	0.01010	0.01316	0.00848	0.00536	0.00629	0.00167	0.06524	0.00476	0.00275	0.00807
11	0.00836	0.00618	0.00781	0.00777	0.00937	0.00556	0.00571	0.01020	0.02611	0.03662	0.08355	0.40360	0.09560	0.01525	0.06577	0.00238	0.00427	0.04762	0.00470	0.15357
12	0.01531	0.20203	0.01735	0.01221	0.05628	0.08124	0.00952	0.12888	0.35589	0.02097	0.01550	0.01529	0.01198	0.00631	0.00494	0.00159	0.00545	0.00489	0.02631	0.00805
13	0.16228	0.11460	0.08141	0.01161	0.01608	0.01228	0.12623	0.05703	0.03063	0.11071	0.05911	0.01415	0.01112	0.00559	0.00505	0.00151	0.02205	0.00459	0.00374	0.15024
14	0.01168	0.01109	0.01686	0.35957	0.09871	0.01398	0.01355	0.04266	0.01065	0.01493	0.00890	0.01325	0.00747	0.00697	0.01021	0.00197	0.31309	0.00476	0.00258	0.03713
15	0.01287	0.01471	0.03217	0.02298	0.02849	0.01379	0.75460	0.01746	0.01287	0.01746	0.01103	0.01471	0.00827	0.00460	0.00643	0.00184	0.00919	0.00643	0.00276	0.00735
16	0.01626	0.01222	0.12040	0.01348	0.08330	0.00952	0.08232	0.02033	0.07158	0.32169	0.09223	0.02290	0.06580	0.00741	0.00576	0.00176	0.00539	0.03466	0.00505	0.00795
17	0.01544	0.03987	0.33373	0.01234	0.03138	0.01063	0.01298	0.04545	0.05445	0.26512	0.01869	0.05229	0.06933	0.00702	0.00544	0.00173	0.00596	0.00571	0.00437	0.00809
18	0.00689	0.00495	0.00659	0.00779	0.00827	0.00465	0.00544	0.00805	0.01081	0.01435	0.04430	0.69041	0.05472	0.01667	0.00700	0.00223	0.00334	0.09395	0.00507	0.00451
19	0.00868	0.00623	0.00864	0.00981	0.01108	0.00619	0.00854	0.01115	0.01261	0.01639	0.04756	0.06068	0.05763	0.01492	0.00747	0.00247	0.00488	0.69502	0.00505	0.00501
20	0.02433	0.00949	0.01278	0.00980	0.01402	0.00832	0.00809	0.05188	0.01595	0.75237	0.02122	0.01837	0.01335	0.00674	0.00548	0.00169	0.00469	0.00546	0.00670	0.00928
21	0.01030	0.00969	0.01635	0.79530	0.03755	0.01211	0.01514	0.01393	0.01090	0.01393	0.00969	0.01453	0.00727	0.00545	0.00545	0.00182	0.00727	0.00484	0.00242	0.00606
22	0.46804	0.01296	0.01182	0.00967	0.01346	0.03222	0.00795	0.33843	0.01654	0.02851	0.01000	0.01072	0.00740	0.00572	0.00432	0.00166	0.00512	0.00382	0.00427	0.00738
23	0.00664	0.00474	0.00633	0.00759	0.00791	0.00443	0.00506	0.00759	0.01044	0.01392	0.03005	0.80485	0.03606	0.01708	0.00696	0.00221	0.00316	0.01550	0.00506	0.00443
24	0.01130	0.00969	0.01130	0.00807	0.01292	0.00727	0.00646	0.01373	0.01130	0.01776	0.00969	0.01130	0.00807	0.00404	0.00404	0.00081	0.00404	0.00323	0.00323	0.84173
25	0.01329	0.03544	0.02190	0.04610	0.64534	0.01357	0.03353	0.01632	0.01196	0.01712	0.00988	0.01325	0.00841	0.00532	0.00660	0.00169	0.08456	0.00483	0.00265	0.00824
26	0.01145	0.01087	0.01844	0.51952	0.30428	0.01242	0.01572	0.01494	0.01145	0.01533	0.00989	0.01416	0.00776	0.00524	0.00543	0.00175	0.00698	0.00485	0.00252	0.00699
27	0.01361	0.01608	0.25403	0.01791	0.18552	0.01106	0.08613	0.03860	0.02932	0.12818	0.01494	0.04087	0.01227	0.00675	0.00563	0.00178	0.00648	0.07935	0.04368	0.00779
28	0.01401	0.01034	0.01342	0.03242	0.11689	0.00905	0.00871	0.05031	0.02836	0.13395	0.01236	0.01423	0.00970	0.00517	0.00498	0.00121	0.02345	0.02103	0.00384	0.48655
29	0.00659	0.00494	0.00613	0.00708	0.00777	0.00447	0.00483	0.00765	0.01093	0.01412	0.03631	0.61781	0.21905	0.01627	0.00683	0.00212	0.00306	0.01451	0.00506	0.00447
30	0.01098	0.01029	0.03334	0.03224	0.13519	0.02855	0.00832	0.02613	0.01189	0.01696	0.01850	0.02037	0.14891	0.04148	0.00586	0.00141	0.00463	0.00532	0.00347	0.43615
31	0.76492	0.08947	0.01004	0.00738	0.01088	0.01315	0.00624	0.01606	0.00946	0.02331	0.00759	0.00885	0.00601	0.00502	0.00339	0.00164	0.00438	0.00295	0.00327	0.00601
32	0.00772	0.00557	0.00729	0.00686	0.00814	0.00514	0.00514	0.01029	0.01543	0.02186	0.77152	0.04072	0.05144	0.01115	0.00643	0.00171	0.00257	0.00986	0.00600	0.00514
33	0.04148	0.03634	0.15279	0.06289	0.14534	0.04170	0.28106	0.01880	0.06798	0.08024	0.01200	0.01416	0.00893	0.00522	0.00562	0.00173	0.00749	0.00527	0.00320	0.00777
34	0.01642	0.44743	0.02268	0.01147	0.01506	0.26523	0.01002	0.04873	0.01281	0.01392	0.00804	0.00959	0.00712	0.00554	0.00547	0.00138	0.08633	0.00337	0.00262	0.00677
35	0.00656	0.00553	0.00569	0.00565	0.00744	0.00465	0.00424	0.00805	0.01271	0.01539	0.12185	0.05137	0.70514	0.01356	0.00644	0.00183	0.00274	0.01135	0.00515	0.00465
36	0.00700	0.00554	0.00630	0.00611	0.00771	0.00484	0.00458	0.00891	0.01375	0.01787	0.37061	0.04730	0.45484	0.01264	0.00644	0.00179	0.00268	0.01078	0.00548	0.00484
37	0.00759	0.00552	0.00713	0.00682	0.00809	0.00507	0.00508	0.01000	0.01499	0.02102	0.69050	0.08309	0.09141	0.01162	0.00646	0.00175	0.00261	0.01026	0.00590	0.00507
38	0.00757	0.00557	0.00708	0.00671	0.00806	0.00508	0.00503	0.01001	0.01509	0.02104	0.68934	0.04207	0.13413	0.01145	0.00643	0.00173	0.00259	0.01005	0.00589	0.00508
39	0.02379	0.01035	0.01331	0.01021	0.01445	0.00960	0.00843	0.15662	0.01739	0.64560	0.02001	0.01758	0.01274	0.00671	0.00548	0.00168	0.00488	0.00538	0.00652	0.00928
40	0.02072	0.01527	0.01636	0.01254	0.01691	0.01691	0.01036	0.75622	0.02563	0.03436	0.01309	0.01309	0.00927	0.00654	0.00545	0.00164	0.00600	0.00491	0.00545	0.00927
41	0.81772	0.01037	0.00799	0.00716	0.01046	0.01198	0.00588	0.01583	0.00949	0.02437	0.03417	0.00996	0.00749	0.00527	0.00348	0.00169	0.00416	0.00319	0.00347	0.00588
42	0.01349	0.01295	0.02213	0.03346	0.77440	0.01295	0.01673	0.01673	0.01241	0.01781	0.01025	0.01349	0.00864	0.00486	0.00540	0.00162	0.00648	0.00486	0.00270	0.00864
43	0.84691	0.01054	0.00801	0.00717	0.01054	0.01223	0.00590	0.01603	0.00928	0.02446	0.00759	0.00886	0.00590	0.00506	0.00337	0.00169	0.00422	0.00295	0.00337	0.00590
44	0.84691	0.01054	0.00801	0.00717	0.01054	0.01223	0.00590	0.01603	0.00928	0.02446	0.00759	0.00886	0.00590	0.00506	0.00337	0.00169	0.00422	0.00295	0.00337	0.00590
45	0.00772	0.00557	0.00729	0.00686	0.00814	0.00514	0.00514	0.01029	0.01543	0.02186	0.77152	0.04072	0.05144	0.01115	0.00643	0.00171	0.00257	0.00986	0.00600	0.00514
46	0.84691	0.01054	0.00801	0.00717	0.01054	0.01223	0.00590	0.01603	0.00928	0.02446	0.00759	0.00886	0.00590	0.00506	0.00337	0.00169	0.00422	0.00295	0.00337	0.00590
47	0.01349	0.01295	0.02213	0.03346	0.77440	0.01295	0.01673	0.01673	0.01241	0.01781	0.01025	0.01349	0.00864	0.00486	0.00540	0.00162	0.00648	0.00486	0.00270	0.00864
48	0.01874	0.01429	0.01524	0.01214	0.01615	0.01598	0.00988	0.55495	0.23013	0.03116	0.01561	0.01510	0.01131	0.00678	0.00548	0.00170	0.00553	0.00526	0.00548	0.00909
49	0.01356	0.01171	0.01233	0.01109	0.01418	0.01356	0.00863	0.02897	0.76455	0.02281	0.02219	0.02034	0.01664	0.00740	0.00555	0.00185	0.00431	0.00616	0.00555	0.00863
50	0.00952	0.00760	0.00877	0.00812	0.01006	0.00788	0.00619	0.01622	0.26331	0.02143	0.44799	0.03520	0.11564	0.01018	0.00614	0.00177	0.00317	0.00881	0.00575	0.00624
51	0.02407	0.00990	0.01304	0.01000	0.01423	0.00894	0.00826	0.10289	0.01665	0.70037	0.02063	0.01798	0.01305	0.00673	0.00548	0.00168	0.00478	0.00542	0.00661	0.00928
52	0.01465	0.00711	0.00951	0.00804	0.01054	0.00633	0.00633	0.01703	0.01550	0.33524	0.46075	0.03154	0.03572	0.00932	0.00604	0.00170	0.00343	0.00805	0.00631	0.00686
53	0.02037	0.02598	0.01545	0.01404	0.01685	0.78652	0.01053	0.02177	0.01545	0.01334	0.00843	0.00983	0.00702	0.00562	0.00492	0.00140	0.00983	0.00351	0.00281	0.00632
54	0.00717	0.00497	0.00617	0.00692	0.00710	0.00478	0.00434	0.00773	0.00941	0.01255	0.02478	0.48975	0.02941	0.34125	0.01548	0.00347	0.00403	0.01240	0.00434	0.00397
55	0.02437	0.00943	0.01275	0.00977	0.01399	0.00824	0.00807	0.04514	0.01586	0.75924	0.02129	0.01842	0.01339	0.00674	0.00548	0.00169	0.00467	0.00547	0.00671	0.00928
56	0.00906	0.00543	0.00638	0.00610	0.00746	0.00516	0.00459	0.01157	0.01360	0.03584	0.40677	0.03185	0.05838	0.00907	0.00528	0.00153	0.00261	0.00776	0.36639	0.00518
57	0.01925	0.01420	0.01499	0.01191	0.01589	0.03717	0.00969	0.52267	0.17219	0.07969	0.01545	0.01499	0.01108	0.00670	0.00542	0.00167	0.00559	0.00516	0.02733	0.00895
58	0.00708	0.00505	0.00678	0.00801	0.00850	0.00480	0.00572	0.00830	0.01077	0.01428	0.02947	0.64272	0.03472	0.03858	0.00764	0.00236	0.00357	0.15214	0.00500	0.00451
59	0.02390	0.01017	0.01321	0.01012	0.01436	0.00934	0.00836	0.13539	0.01710	0.66723	0.02025	0.01774	0.01287	0.00672	0.00548	0.00168	0.00484	0.00540	0.00655	0.00928
60	0.05354	0.01529	0.01822	0.16719	0.24002	0.19019	0.07050	0.09745	0.03481	0.01813	0.01096	0.03912	0.00905	0.00579	0.00535	0.00166	0.00728	0.00498	0.00316	0.00732
61	0.00948	0.00896	0.03797	0.03058	0.03190	0.03021	0.11097	0.03084	0.01169	0.01555	0.02315	0.36738	0.03770	0.01275	0.00762	0.00215	0.06710	0.15422	0.00426	0.00551
62	0.84691	0.01054	0.00801	0.00717	0.01054	0.01223	0.00590	0.01603	0.00928	0.02446	0.00759	0.00886	0.00590	0.00506	0.00337	0.00169	0.00422	0.00295	0.00337	0.00590
63	0.01367	0.01202	0.02054	0.04562	0.56063	0.01183	0.07550	0.01681	0.01281	0.08102	0.04488	0.01722	0.05119	0.00574	0.00559	0.00166	0.00621	0.00560	0.00330	0.00817
64	0.01246	0.01181	0.01618	0.53495	0.04603	0.07028	0.01371	0.08856	0.05907	0.01646	0.01052	0.01418	0.00805	0.00600	0.00639	0.00181	0.06917	0.00483	0.00295	0.00660
65	0.00816	0.00604	0.00767	0.00718	0.00860	0.00579	0.00541	0.01171	0.07255	0.02193	0.71439	0.03917	0.04879	0.01086	0.00636	0.00172	0.00270	0.00958	0.00597	0.00541
66	0.84691	0.01054	0.00801	0.00717	0.01054	0.01223	0.00590	0.01603	0.00928	0.02446	0.00759	0.00886	0.00590	0.00506	0.00337	0.00169	0.00422	0.00295	0.00337	0.00590
67	0.00662	0.00484	0.00622	0.00733	0.00784	0.00445	0.00494	0.00762	0.01069	0.01402	0.03322	0.70998	0.12887	0.01667	0.00689	0.00217	0.00311	0.01500	0.00506	0.00445
68	0.00664	0.00474	0.00633	0.00759	0.00791	0.00443	0.00506	0.00759	0.01044	0.01392	0.03005	0.80485	0.03606	0.01708	0.00696	0.00221	0.00316	0.01550	0.00506	0.00443
69	0.01458	0.81168	0.02857	0.00933	0.01399	0.02157	0.00933	0.01632	0.01108	0.01283	0.00758	0.00875	0.00700	0.00466	0.00350	0.00117	0.00583	0.00292	0.00233	0.00700
70	0.67038	0.01027	0.00901	0.00771	0.01127	0.01132	0.00636	0.01829	0.01064	0.18624	0.01058	0.01094	0.00753	0.00542	0.00383	0.00169	0.00431	0.00350	0.00410	0.00663
71	0.01458	0.81168	0.02857	0.00933	0.01399	0.02157	0.00933	0.01632	0.01108	0.01283	0.00758	0.00875	0.00700	0.00466	0.00350	0.00117	0.00583	0.00292	0.00233	0.00700
72	0.00649	0.00548	0.00561	0.00567	0.00741	0.00461	0.00422	0.00788	0.01240	0.01487	0.07270	0.09322	0.71304	0.01392	0.00647	0.00186	0.00278	0.01168	0.00509	0.00461
73	0.00793	0.00529	0.00595	0.00595	0.00595	0.00529	0.00330	0.00793	0.00793	0.01057	0.01718	0.03568	0.01982	0.80840	0.02775	0.00529	0.00529	0.00793	0.00330	0.00330
74	0.84691	0.01054	0.00801	0.00717	0.01054	0.01223	0.00590	0.01603	0.00928	0.02446	0.00759	0.00886	0.00590	0.00506	0.00337	0.00169	0.00422	0.00295	0.00337	0.00590
75	0.01130	0.00969	0.01130	0.00807	0.01292	0.00727	0.00646	0.01373	0.01130	0.01776	0.00969	0.01130	0.00807	0.00404	0.00404	0.00081	0.00404	0.00323	0.00323	0.84173
76	0.01839	0.01441	0.01503	0.01212	0.01602	0.03710	0.00980	0.50010	0.26495	0.03003	0.01591	0.01535	0.01160	0.00680	0.00547	0.00170	0.00556	0.00528	0.00541	0.00898
77	0.00711	0.00549	0.00648	0.00636	0.00780	0.00487	0.00472	0.00906	0.01381	0.01830	0.41858	0.10384	0.34852	0.01270	0.00648	0.00181	0.00270	0.01097	0.00554	0.00487
78	0.01130	0.00969	0.01130	0.00807	0.01292	0.00727	0.00646	0.01373	0.01130	0.01776	0.00969	0.01130	0.00807	0.00404	0.00404	0.00081	0.00404	0.00323	0.00323	0.84173
79	0.00715	0.00540	0.00763	0.10455	0.01165	0.00542	0.00640	0.00847	0.01055	0.01398	0.02751	0.68708	0.03239	0.01559	0.00679	0.00217	0.00372	0.03416	0.00474	0.00464
80	0.00794	0.00567	0.00781	0.00907	0.00995	0.00554	0.00731	0.00983	0.01171	0.01537	0.02933	0.35566	0.03323	0.01586	0.00730	0.00239	0.00429	0.45190	0.00504	0.00479
81	0.00871	0.00622	0.00870	0.00995	0.01118	0.00621	0.00866	0.01117	0.01248	0.01623	0.02891	0.08736	0.03154	0.01513	0.00751	0.00250	0.00496	0.71258	0.00502	0.00500
82	0.02037	0.02598	0.01545	0.01404	0.01685	0.78652	0.01053	0.02177	0.01545	0.01334	0.00843	0.00983	0.00702	0.00562	0.00492	0.00140	0.00983	0.00351	0.00281	0.00632
83	0.00714	0.00539	0.00659	0.00664	0.00788	0.00484	0.00485	0.00904	0.01355	0.01821	0.41689	0.20349	0.24934	0.01313	0.00654	0.00185	0.00275	0.01150	0.00554	0.00484
84	0.03628	0.01214	0.01749	0.07497	0.06593	0.01501	0.08041	0.09071	0.07807	0.03386	0.01036	0.01365	0.00869	0.00862	0.03230	0.00225	0.40412	0.00507	0.00317	0.00688
85	0.06040	0.04329	0.44908	0.01379	0.02002	0.06814	0.01549	0.20782	0.01529	0.02175	0.01055	0.01179	0.00764	0.00557	0.00506	0.00165	0.00725	0.00416	0.02323	0.00803
86	0.01272	0.02154	0.50423	0.01384	0.02015	0.01160	0.03686	0.01924	0.10261	0.11175	0.05545	0.01680	0.01219	0.00628	0.00544	0.00176	0.00682	0.02918	0.00355	0.00799
87	0.01130	0.00969	0.01130	0.00807	0.01292	0.00727	0.00646	0.01373	0.01130	0.01776	0.00969	0.01130	0.00807	0.00404	0.00404	0.00081	0.00404	0.00323	0.00323	0.84173
88	0.00774	0.03341	0.00809	0.06540	0.01045	0.00577	0.00601	0.00915	0.01129	0.03297	0.12145	0.58654	0.05181	0.01473	0.00661	0.00206	0.00351	0.01324	0.00493	0.00485
89	0.00804	0.00604	0.00751	0.00730	0.00865	0.00582	0.00541	0.01153	0.08823	0.02021	0.53120	0.16213	0.09334	0.01191	0.00643	0.00182	0.00285	0.01051	0.00574	0.00534
90	0.01708	0.47160	0.02289	0.01137	0.01523	0.35267	0.00985	0.01868	0.01297	0.01305	0.00795	0.00922	0.00701	0.00508	0.00411	0.00127	0.00756	0.00317	0.00254	0.00670
91	0.01321	0.43255	0.32849	0.03258	0.03352	0.01742	0.01399	0.04382	0.01181	0.01552	0.00877	0.01025	0.00708	0.00496	0.00433	0.00143	0.00678	0.00352	0.00244	0.00751
92	0.01390	0.05854	0.03949	0.27446	0.19848	0.19237	0.07580	0.01686	0.01237	0.01497	0.00941	0.01270	0.00758	0.00543	0.00589	0.00167	0.04603	0.00454	0.00259	0.00692

[dist]
# distance from previous block
# <min> <max>
0	1

[block]
# block no. 1 follows, 44 sequences, length 21
# corresponding to MSA columns:
# 175-195
name=unknown_B
#
# <colnr> <probs for GDERKNQSTAVLIFYWHMCP>
#	G	D	E	R	K	N	Q	S	T	A	V	L	I	F	Y	W	H	M	C	P
0	0.02012	0.05906	0.01600	0.01385	0.01673	0.75432	0.01048	0.02154	0.01527	0.01332	0.00839	0.00979	0.00702	0.00558	0.00486	0.00139	0.00966	0.00349	0.00279	0.00635
1	0.00838	0.00684	0.01046	0.22114	0.03902	0.00731	0.02556	0.01044	0.01098	0.01441	0.02340	0.37663	0.04122	0.04374	0.00739	0.00224	0.00490	0.13664	0.00415	0.00512
2	0.00814	0.00604	0.00790	0.00885	0.01022	0.00580	0.00752	0.01032	0.01244	0.01584	0.03531	0.08664	0.21134	0.01483	0.00725	0.00234	0.00440	0.53490	0.00503	0.00490
3	0.00664	0.00548	0.00583	0.00585	0.00751	0.00467	0.00434	0.00816	0.01273	0.01570	0.15636	0.09855	0.62208	0.01363	0.00647	0.00185	0.00276	0.01152	0.00520	0.00467
4	0.01130	0.00969	0.01130	0.00807	0.01292	0.00727	0.00646	0.01373	0.01130	0.01776	0.00969	0.01130	0.00807	0.00404	0.00404	0.00081	0.00404	0.00323	0.00323	0.84173
5	0.01147	0.00907	0.01072	0.00827	0.01227	0.00725	0.00646	0.04822	0.01201	0.04911	0.01392	0.15143	0.01328	0.00656	0.00468	0.00113	0.00400	0.00556	0.00380	0.62079
6	0.00968	0.01039	0.06342	0.01361	0.01690	0.00883	0.29423	0.01297	0.01330	0.01816	0.25918	0.10696	0.10701	0.00926	0.00644	0.00185	0.00561	0.03185	0.00431	0.00604
7	0.02037	0.02598	0.01545	0.01404	0.01685	0.78652	0.01053	0.02177	0.01545	0.01334	0.00843	0.00983	0.00702	0.00562	0.00492	0.00140	0.00983	0.00351	0.00281	0.00632
8	0.00780	0.00580	0.00855	0.00855	0.00944	0.00670	0.00654	0.00960	0.00870	0.01250	0.01480	0.02251	0.01411	0.09990	0.72844	0.00849	0.01389	0.00600	0.00295	0.00475
9	0.45874	0.05488	0.01212	0.01017	0.01337	0.33950	0.00802	0.01846	0.01197	0.01922	0.00794	0.00926	0.00643	0.00528	0.00403	0.00154	0.00666	0.00319	0.00309	0.00613
10	0.00761	0.00557	0.00713	0.00674	0.00808	0.00510	0.00506	0.01008	0.01517	0.02125	0.70964	0.04174	0.11371	0.01138	0.00643	0.00173	0.00259	0.01000	0.00592	0.00510
11	0.01349	0.01295	0.02213	0.03346	0.77440	0.01295	0.01673	0.01673	0.01241	0.01781	0.01025	0.01349	0.00864	0.00486	0.00540	0.00162	0.00648	0.00486	0.00270	0.00864
12	0.01016	0.00508	0.00508	0.00508	0.00635	0.00508	0.00381	0.01270	0.01143	0.02033	0.01778	0.02033	0.01397	0.00635	0.00381	0.00127	0.00254	0.00508	0.83867	0.00508
13	0.00664	0.00474	0.00633	0.00759	0.00791	0.00443	0.00506	0.00759	0.01044	0.01392	0.03005	0.80485	0.03606	0.01708	0.00696	0.00221	0.00316	0.01550	0.00506	0.00443
14	0.02072	0.01527	0.01636	0.01254	0.01691	0.01691	0.01036	0.75622	0.02563	0.03436	0.01309	0.01309	0.00927	0.00654	0.00545	0.00164	0.00600	0.00491	0.00545	0.00927
15	0.00846	0.00612	0.00836	0.00951	0.01076	0.00603	0.00817	0.01078	0.01242	0.01604	0.03125	0.10212	0.09679	0.01506	0.00740	0.00243	0.00472	0.63359	0.00503	0.00495
16	0.84691	0.01054	0.00801	0.00717	0.01054	0.01223	0.00590	0.01603	0.00928	0.02446	0.00759	0.00886	0.00590	0.00506	0.00337	0.00169	0.00422	0.00295	0.00337	0.00590
17	0.00767	0.00548	0.00751	0.00877	0.00954	0.00532	0.00685	0.00937	0.01145	0.01507	0.02948	0.44699	0.03380	0.01611	0.00723	0.00236	0.00406	0.36317	0.00504	0.00471
18	0.00661	0.00485	0.00621	0.00730	0.00783	0.00445	0.00493	0.00762	0.01072	0.01403	0.03356	0.69989	0.13875	0.01662	0.00689	0.00216	0.00311	0.01494	0.00506	0.00445
19	0.01300	0.00967	0.01089	0.00978	0.01246	0.01052	0.00764	0.02319	0.46468	0.10207	0.20038	0.02713	0.04325	0.00863	0.00584	0.00182	0.00392	0.03172	0.00575	0.00765
20	0.01177	0.07806	0.25598	0.03245	0.08018	0.01126	0.05577	0.01607	0.03923	0.01731	0.01014	0.01196	0.00798	0.00470	0.00469	0.00131	0.00602	0.00392	0.00286	0.34834

[dist]
# distance from previous block
# <min> <max>
0	1

[block]
# block no. 2 follows, 44 sequences, length 108
# corresponding to MSA columns:
# 197-304
name=unknown_C
#
# <colnr> <probs for GDERKNQSTAVLIFYWHMCP>
#	G	D	E	R	K	N	Q	S	T	A	V	L	I	F	Y	W	H	M	C	P
0	0.06267	0.22084	0.14697	0.01215	0.03275	0.08768	0.01131	0.16803	0.11055	0.02028	0.01262	0.01563	0.01043	0.00635	0.00490	0.00160	0.00628	0.05767	0.00368	0.00761
1	0.36819	0.12385	0.04796	0.01287	0.12374	0.01451	0.00956	0.15676	0.04457	0.03784	0.00998	0.01109	0.00772	0.00539	0.00429	0.00160	0.00528	0.00382	0.00363	0.00736
2	0.02037	0.01076	0.01318	0.00996	0.01436	0.00988	0.00817	0.19136	0.01686	0.42044	0.01667	0.01552	0.01119	0.00604	0.00512	0.00146	0.00480	0.00480	0.00559	0.21348
3	0.00840	0.00584	0.00694	0.00655	0.00829	0.00514	0.00499	0.01042	0.01406	0.07383	0.38633	0.04471	0.36435	0.01208	0.00639	0.00179	0.00286	0.02620	0.00562	0.00521
4	0.00669	0.00553	0.00587	0.00578	0.00752	0.00471	0.00434	0.00830	0.01301	0.01611	0.19416	0.05019	0.63239	0.01329	0.00644	0.00182	0.00272	0.01119	0.00524	0.00471
5	0.00947	0.00473	0.00710	0.00710	0.00710	0.00473	0.00473	0.00710	0.00710	0.00947	0.00947	0.01657	0.00947	0.01894	0.02131	0.84138	0.00473	0.00473	0.00237	0.00237
6	0.01030	0.00969	0.01635	0.79530	0.03755	0.01211	0.01514	0.01393	0.01090	0.01393	0.00969	0.01453	0.00727	0.00545	0.00545	0.00182	0.00727	0.00484	0.00242	0.00606
7	0.84691	0.01054	0.00801	0.00717	0.01054	0.01223	0.00590	0.01603	0.00928	0.02446	0.00759	0.00886	0.00590	0.00506	0.00337	0.00169	0.00422	0.00295	0.00337	0.00590
8	0.01130	0.00969	0.01130	0.00807	0.01292	0.00727	0.00646	0.01373	0.01130	0.01776	0.00969	0.01130	0.00807	0.00404	0.00404	0.00081	0.00404	0.00323	0.00323	0.84173
9	0.00664	0.00474	0.00633	0.00759	0.00791	0.00443	0.00506	0.00759	0.01044	0.01392	0.03005	0.80485	0.03606	0.01708	0.00696	0.00221	0.00316	0.01550	0.00506	0.00443
10	0.00772	0.00557	0.00729	0.00686	0.00814	0.00514	0.00514	0.01029	0.01543	0.02186	0.77152	0.04072	0.05144	0.01115	0.00643	0.00171	0.00257	0.00986	0.00600	0.00514
11	0.00879	0.00628	0.00879	0.01004	0.01130	0.00628	0.00879	0.01130	0.01255	0.01632	0.02887	0.06150	0.03138	0.01506	0.00753	0.00251	0.00502	0.73770	0.00502	0.00502
12	0.02072	0.01527	0.01636	0.01254	0.01691	0.01691	0.01036	0.75622	0.02563	0.03436	0.01309	0.01309	0.00927	0.00654	0.00545	0.00164	0.00600	0.00491	0.00545	0.00927
13	0.02446	0.00928	0.01265	0.00970	0.01392	0.00801	0.00801	0.02657	0.01560	0.77817	0.02151	0.01856	0.01350	0.00675	0.00548	0.00169	0.00464	0.00548	0.00675	0.00928
14	0.00726	0.00582	0.00655	0.00663	0.00813	0.00533	0.00486	0.00982	0.06753	0.01659	0.19273	0.20505	0.41703	0.01348	0.00648	0.00189	0.00292	0.01162	0.00529	0.00497
15	0.01259	0.01543	0.08596	0.06260	0.02861	0.01362	0.66251	0.01726	0.01267	0.01726	0.01087	0.01446	0.00812	0.00468	0.00629	0.00183	0.00901	0.00618	0.00271	0.00734
16	0.01030	0.00969	0.01635	0.79530	0.03755	0.01211	0.01514	0.01393	0.01090	0.01393	0.00969	0.01453	0.00727	0.00545	0.00545	0.00182	0.00727	0.00484	0.00242	0.00606
17	0.00664	0.00474	0.00633	0.00759	0.00791	0.00443	0.00506	0.00759	0.01044	0.01392	0.03005	0.80485	0.03606	0.01708	0.00696	0.00221	0.00316	0.01550	0.00506	0.00443
18	0.00664	0.00474	0.00633	0.00759	0.00791	0.00443	0.00506	0.00759	0.01044	0.01392	0.03005	0.80485	0.03606	0.01708	0.00696	0.00221	0.00316	0.01550	0.00506	0.00443
19	0.01339	0.01293	0.02231	0.05237	0.73116	0.01296	0.04104	0.01668	0.01239	0.01770	0.01027	0.01356	0.00859	0.00486	0.00543	0.00163	0.00659	0.00491	0.00269	0.00853
20	0.84691	0.01054	0.00801	0.00717	0.01054	0.01223	0.00590	0.01603	0.00928	0.02446	0.00759	0.00886	0.00590	0.00506	0.00337	0.00169	0.00422	0.00295	0.00337	0.00590
21	0.02220	0.00964	0.01250	0.00987	0.01383	0.00893	0.00806	0.04137	0.12790	0.62488	0.04619	0.01944	0.01513	0.00699	0.00552	0.00171	0.00455	0.00572	0.00652	0.00904
22	0.01169	0.14208	0.21293	0.01020	0.01426	0.01024	0.02890	0.01494	0.01322	0.11069	0.25172	0.05891	0.08171	0.00831	0.00554	0.00166	0.00498	0.00697	0.00434	0.00669
23	0.00947	0.00473	0.00710	0.00710	0.00710	0.00473	0.00473	0.00710	0.00710	0.00947	0.00947	0.01657	0.00947	0.01894	0.02131	0.84138	0.00473	0.00473	0.00237	0.00237
24	0.54703	0.01278	0.07571	0.00910	0.01313	0.01271	0.00813	0.15134	0.01304	0.09797	0.01011	0.01078	0.00733	0.00550	0.00411	0.00168	0.00491	0.00364	0.00398	0.00702
25	0.01058	0.00903	0.01116	0.00849	0.01260	0.00701	0.03092	0.01283	0.01121	0.01711	0.01312	0.14357	0.01274	0.00623	0.00460	0.00108	0.00406	0.00538	0.00352	0.67475
26	0.00663	0.00478	0.00629	0.00751	0.00788	0.00444	0.00502	0.00760	0.01052	0.01395	0.03109	0.77378	0.06646	0.01694	0.00694	0.00220	0.00315	0.01533	0.00506	0.00444
27	0.01458	0.81168	0.02857	0.00933	0.01399	0.02157	0.00933	0.01632	0.01108	0.01283	0.00758	0.00875	0.00700	0.00466	0.00350	0.00117	0.00583	0.00292	0.00233	0.00700
28	0.00707	0.00555	0.00639	0.00618	0.00775	0.00487	0.00464	0.00904	0.01391	0.01825	0.40880	0.04667	0.41642	0.01249	0.00644	0.00178	0.00267	0.01069	0.00553	0.00487
29	0.00664	0.00474	0.00633	0.00759	0.00791	0.00443	0.00506	0.00759	0.01044	0.01392	0.03005	0.80485	0.03606	0.01708	0.00696	0.00221	0.00316	0.01550	0.00506	0.00443
30	0.00725	0.00555	0.00664	0.00637	0.00786	0.00495	0.00478	0.00939	0.01433	0.01926	0.50994	0.04501	0.31464	0.01212	0.00643	0.00176	0.00264	0.01046	0.00566	0.00495
31	0.00720	0.00555	0.00657	0.00631	0.00783	0.00492	0.00474	0.00929	0.01421	0.01896	0.47998	0.04550	0.34479	0.01223	0.00644	0.00177	0.00265	0.01053	0.00562	0.00492
32	0.01458	0.81168	0.02857	0.00933	0.01399	0.02157	0.00933	0.01632	0.01108	0.01283	0.00758	0.00875	0.00700	0.00466	0.00350	0.00117	0.00583	0.00292	0.00233	0.00700
33	0.01356	0.01171	0.01233	0.01109	0.01418	0.01356	0.00863	0.02897	0.76455	0.02281	0.02219	0.02034	0.01664	0.00740	0.00555	0.00185	0.00431	0.00616	0.00555	0.00863
34	0.01130	0.00969	0.01130	0.00807	0.01292	0.00727	0.00646	0.01373	0.01130	0.01776	0.00969	0.01130	0.00807	0.00404	0.00404	0.00081	0.00404	0.00323	0.00323	0.84173
35	0.01130	0.00969	0.01130	0.00807	0.01292	0.00727	0.00646	0.01373	0.01130	0.01776	0.00969	0.01130	0.00807	0.00404	0.00404	0.00081	0.00404	0.00323	0.00323	0.84173
36	0.84691	0.01054	0.00801	0.00717	0.01054	0.01223	0.00590	0.01603	0.00928	0.02446	0.00759	0.00886	0.00590	0.00506	0.00337	0.00169	0.00422	0.00295	0.00337	0.00590
37	0.01356	0.01171	0.01233	0.01109	0.01418	0.01356	0.00863	0.02897	0.76455	0.02281	0.02219	0.02034	0.01664	0.00740	0.00555	0.00185	0.00431	0.00616	0.00555	0.00863
38	0.84691	0.01054	0.00801	0.00717	0.01054	0.01223	0.00590	0.01603	0.00928	0.02446	0.00759	0.00886	0.00590	0.00506	0.00337	0.00169	0.00422	0.00295	0.00337	0.00590
39	0.01458	0.81168	0.02857	0.00933	0.01399	0.02157	0.00933	0.01632	0.01108	0.01283	0.00758	0.00875	0.00700	0.00466	0.00350	0.00117	0.00583	0.00292	0.00233	0.00700
40	0.00762	0.00557	0.00716	0.00676	0.00809	0.00510	0.00507	0.01011	0.01521	0.02134	0.71922	0.04158	0.10406	0.01134	0.00643	0.00172	0.00259	0.00998	0.00593	0.00510
41	0.01193	0.01193	0.01670	0.01431	0.01431	0.01670	0.01193	0.01312	0.00835	0.01312	0.00716	0.01193	0.00716	0.00954	0.01789	0.00239	0.79843	0.00477	0.00239	0.00596
42	0.00664	0.00474	0.00633	0.00759	0.00791	0.00443	0.00506	0.00759	0.01044	0.01392	0.03005	0.80485	0.03606	0.01708	0.00696	0.00221	0.00316	0.01550	0.00506	0.00443
43	0.02072	0.01527	0.01636	0.01254	0.01691	0.01691	0.01036	0.75622	0.02563	0.03436	0.01309	0.01309	0.00927	0.00654	0.00545	0.00164	0.00600	0.00491	0.00545	0.00927
44	0.00666	0.00479	0.00633	0.00751	0.00790	0.00445	0.00503	0.00767	0.01063	0.01415	0.05002	0.76109	0.05994	0.01682	0.00693	0.00219	0.00313	0.01523	0.00509	0.00445
45	0.01810	0.01338	0.01406	0.01147	0.01513	0.04892	0.00926	0.40564	0.19719	0.10191	0.01807	0.01898	0.03999	0.02803	0.00614	0.00181	0.00547	0.03253	0.00540	0.00851
46	0.01287	0.01471	0.03217	0.02298	0.02849	0.01379	0.75460	0.01746	0.01287	0.01746	0.01103	0.01471	0.00827	0.00460	0.00643	0.00184	0.00919	0.00643	0.00276	0.00735
47	0.01632	0.01989	0.04068	0.01436	0.01630	0.42695	0.03581	0.01790	0.01243	0.01353	0.00852	0.02731	0.00771	0.00730	0.00996	0.00182	0.30995	0.00435	0.00268	0.00623
48	0.01294	0.00705	0.00908	0.00788	0.01018	0.00649	0.00615	0.01612	0.06273	0.24406	0.46156	0.03360	0.08016	0.00977	0.00610	0.00172	0.00330	0.00843	0.00614	0.00655
49	0.01120	0.00961	0.01134	0.00824	0.01285	0.00746	0.00659	0.01358	0.01115	0.01749	0.00979	0.01165	0.00824	0.00538	0.03018	0.00111	0.02228	0.00335	0.00320	0.79528
50	0.00658	0.00541	0.00578	0.00593	0.00751	0.00462	0.00436	0.00799	0.01238	0.01519	0.10988	0.16033	0.60706	0.01406	0.00652	0.00188	0.00280	0.01195	0.00514	0.00462
51	0.01713	0.10975	0.01576	0.01128	0.01511	0.01527	0.00928	0.28673	0.34845	0.08735	0.01712	0.01620	0.01259	0.00671	0.00526	0.00168	0.00513	0.00527	0.00522	0.00871
52	0.84691	0.01054	0.00801	0.00717	0.01054	0.01223	0.00590	0.01603	0.00928	0.02446	0.00759	0.00886	0.00590	0.00506	0.00337	0.00169	0.00422	0.00295	0.00337	0.00590
53	0.00772	0.00557	0.00729	0.00686	0.00814	0.00514	0.00514	0.01029	0.01543	0.02186	0.77152	0.04072	0.05144	0.01115	0.00643	0.00171	0.00257	0.00986	0.00600	0.00514
54	0.00671	0.00525	0.00608	0.00648	0.00768	0.00462	0.00463	0.00811	0.01216	0.01551	0.15377	0.32433	0.39611	0.01460	0.00663	0.00196	0.00288	0.01271	0.00520	0.00462
55	0.00664	0.00474	0.00633	0.00759	0.00791	0.00443	0.00506	0.00759	0.01044	0.01392	0.03005	0.80485	0.03606	0.01708	0.00696	0.00221	0.00316	0.01550	0.00506	0.00443
56	0.00772	0.00557	0.00729	0.00686	0.00814	0.00514	0.00514	0.01029	0.01543	0.02186	0.77152	0.04072	0.05144	0.01115	0.00643	0.00171	0.00257	0.00986	0.00600	0.00514
57	0.01903	0.01443	0.01541	0.01220	0.01626	0.01612	0.00995	0.58455	0.20005	0.03163	0.01524	0.01480	0.01101	0.00675	0.00548	0.00169	0.00560	0.00520	0.00548	0.00912
58	0.01464	0.01225	0.01294	0.01131	0.01459	0.01407	0.00889	0.13876	0.65300	0.02455	0.02082	0.01925	0.01553	0.00727	0.00553	0.00182	0.00457	0.00597	0.00553	0.00873
59	0.01130	0.00969	0.01130	0.00807	0.01292	0.00727	0.00646	0.01373	0.01130	0.01776	0.00969	0.01130	0.00807	0.00404	0.00404	0.00081	0.00404	0.00323	0.00323	0.84173
60	0.01245	0.01346	0.02526	0.01911	0.02216	0.01509	0.42286	0.01552	0.01085	0.01552	0.00930	0.01346	0.00777	0.00681	0.01155	0.00208	0.36173	0.00569	0.00259	0.00673
61	0.01528	0.01045	0.01362	0.04927	0.15018	0.01087	0.00971	0.07808	0.24123	0.19248	0.05671	0.07775	0.05436	0.00785	0.00568	0.00177	0.00479	0.00675	0.00512	0.00804
62	0.02405	0.00919	0.01252	0.00963	0.01378	0.00794	0.00794	0.02617	0.01560	0.75979	0.03974	0.01909	0.01442	0.00685	0.00551	0.00169	0.00459	0.00559	0.00673	0.00918
63	0.02422	0.00966	0.01289	0.00988	0.01411	0.00859	0.00816	0.07354	0.01625	0.73029	0.02097	0.01820	0.01322	0.00673	0.00548	0.00168	0.00473	0.00545	0.00666	0.00928
64	0.00694	0.00509	0.00652	0.00712	0.00792	0.00467	0.00498	0.00844	0.01219	0.01642	0.25808	0.48419	0.12752	0.01489	0.00674	0.00202	0.00294	0.01332	0.00535	0.00467
65	0.01307	0.18300	0.24441	0.07370	0.02383	0.07680	0.27623	0.01726	0.01217	0.01586	0.00966	0.01216	0.00744	0.00492	0.00528	0.00163	0.00808	0.00467	0.00252	0.00731
66	0.00755	0.00557	0.00706	0.00669	0.00805	0.00508	0.00502	0.00998	0.01505	0.02096	0.68080	0.04221	0.14273	0.01148	0.00643	0.00173	0.00260	0.01007	0.00588	0.00508
67	0.01434	0.01154	0.01235	0.01099	0.01416	0.01316	0.00858	0.02880	0.71065	0.07717	0.02214	0.02021	0.01642	0.00735	0.00554	0.00184	0.00434	0.00611	0.00563	0.00868
68	0.01050	0.00808	0.01280	0.03104	0.16942	0.00765	0.07714	0.01264	0.01230	0.08948	0.09648	0.31117	0.11640	0.01119	0.00630	0.00190	0.00453	0.01025	0.00456	0.00616
69	0.01141	0.01083	0.01836	0.52989	0.29425	0.01241	0.01569	0.01491	0.01143	0.01528	0.00989	0.01417	0.00774	0.00524	0.00543	0.00175	0.00699	0.00485	0.00252	0.00695
70	0.79889	0.01047	0.00828	0.00732	0.01074	0.01198	0.00603	0.01664	0.00965	0.06847	0.00840	0.00942	0.00635	0.00516	0.00350	0.00169	0.00424	0.00310	0.00357	0.00610
71	0.02348	0.00906	0.01234	0.00953	0.01358	0.00785	0.00785	0.02562	0.01559	0.73401	0.06530	0.01985	0.01571	0.00700	0.00554	0.00169	0.00452	0.00574	0.00670	0.00904
72	0.01246	0.08127	0.23547	0.11640	0.19400	0.01377	0.21893	0.03246	0.01228	0.01704	0.01011	0.01301	0.00777	0.00497	0.00548	0.00170	0.00769	0.00490	0.00260	0.00769
73	0.00866	0.00619	0.00864	0.00990	0.01110	0.00617	0.00857	0.01108	0.01243	0.01618	0.02893	0.10490	0.03165	0.01518	0.00750	0.00249	0.00491	0.69553	0.00502	0.00499
74	0.00781	0.00576	0.00837	0.00837	0.00920	0.00660	0.00632	0.00948	0.00864	0.01236	0.01496	0.02341	0.01450	0.14834	0.68053	0.00827	0.01330	0.00613	0.00297	0.00465
75	0.01102	0.01708	0.29819	0.36510	0.11017	0.01271	0.03228	0.01548	0.01118	0.01560	0.00967	0.01316	0.00730	0.00551	0.00609	0.00180	0.05360	0.00457	0.00241	0.00709
76	0.01320	0.01201	0.01733	0.02297	0.42855	0.01267	0.01280	0.03635	0.28361	0.01999	0.04379	0.01837	0.04123	0.00636	0.00553	0.00171	0.00541	0.00575	0.00399	0.00837
77	0.00689	0.00488	0.00639	0.00751	0.00783	0.00461	0.00502	0.00780	0.01024	0.01363	0.02849	0.68126	0.03395	0.10954	0.00942	0.00259	0.00350	0.04729	0.00485	0.00432
78	0.18942	0.01755	0.04217	0.03484	0.20754	0.27446	0.10815	0.03348	0.01306	0.01788	0.00921	0.01140	0.00740	0.00518	0.00494	0.00160	0.00755	0.00418	0.00292	0.00706
79	0.00757	0.00557	0.00708	0.00670	0.00805	0.00508	0.00503	0.01000	0.01508	0.02103	0.68754	0.04210	0.13594	0.01146	0.00643	0.00173	0.00259	0.01005	0.00589	0.00508
80	0.01130	0.00969	0.01130	0.00807	0.01292	0.00727	0.00646	0.01373	0.01130	0.01776	0.00969	0.01130	0.00807	0.00404	0.00404	0.00081	0.00404	0.00323	0.00323	0.84173
81	0.00654	0.00537	0.00577	0.00599	0.00751	0.00459	0.00437	0.00790	0.01218	0.01491	0.08487	0.19936	0.59312	0.01432	0.00654	0.00191	0.00283	0.01221	0.00511	0.00459
82	0.00719	0.00529	0.00610	0.00634	0.00708	0.00497	0.00419	0.00803	0.01021	0.01316	0.06557	0.20007	0.25448	0.32558	0.05473	0.00361	0.00443	0.01058	0.00431	0.00410
83	0.84691	0.01054	0.00801	0.00717	0.01054	0.01223	0.00590	0.01603	0.00928	0.02446	0.00759	0.00886	0.00590	0.00506	0.00337	0.00169	0.00422	0.00295	0.00337	0.00590
84	0.00692	0.00501	0.00654	0.00727	0.00794	0.00463	0.00503	0.00833	0.01190	0.01610	0.23068	0.55556	0.08328	0.01529	0.00679	0.00206	0.00298	0.01375	0.00531	0.00463
85	0.00955	0.00629	0.00793	0.00725	0.00898	0.00587	0.00553	0.01272	0.05980	0.09410	0.58244	0.03855	0.11828	0.01077	0.00629	0.00173	0.00289	0.00938	0.00595	0.00570
86	0.01093	0.02820	0.78016	0.01554	0.02360	0.01266	0.02014	0.01727	0.01151	0.01727	0.00978	0.01151	0.00691	0.00518	0.00518	0.00173	0.00806	0.00403	0.00230	0.00806
87	0.02037	0.02598	0.01545	0.01404	0.01685	0.78652	0.01053	0.02177	0.01545	0.01334	0.00843	0.00983	0.00702	0.00562	0.00492	0.00140	0.00983	0.00351	0.00281	0.00632
88	0.00879	0.00628	0.00879	0.01004	0.01130	0.00628	0.00879	0.01130	0.01255	0.01632	0.02887	0.06150	0.03138	0.01506	0.00753	0.00251	0.00502	0.73770	0.00502	0.00502
89	0.16705	0.01244	0.01517	0.23808	0.07932	0.01410	0.01134	0.32905	0.01711	0.04916	0.01117	0.01294	0.00817	0.00584	0.00507	0.00170	0.00603	0.00455	0.00404	0.00769
90	0.01010	0.00850	0.01180	0.01074	0.01160	0.01073	0.00861	0.06527	0.00982	0.01431	0.01216	0.01829	0.01144	0.06011	0.44566	0.00600	0.27090	0.00551	0.00295	0.00548
91	0.01645	0.01021	0.01199	0.00982	0.01298	0.01050	0.00787	0.24275	0.11672	0.20766	0.26307	0.02435	0.02497	0.00820	0.00579	0.00170	0.00434	0.00682	0.00596	0.00785
92	0.00746	0.00637	0.00771	0.00766	0.03682	0.00569	0.03210	0.00980	0.04171	0.01667	0.19298	0.04611	0.54446	0.01237	0.00637	0.00181	0.00315	0.01055	0.00510	0.00511
93	0.01016	0.00508	0.00508	0.00508	0.00635	0.00508	0.00381	0.01270	0.01143	0.02033	0.01778	0.02033	0.01397	0.00635	0.00381	0.00127	0.00254	0.00508	0.83867	0.00508
94	0.21920	0.23457	0.20975	0.01406	0.11321	0.03443	0.04241	0.01663	0.01110	0.01783	0.00871	0.01043	0.00700	0.00491	0.00431	0.00151	0.00624	0.00362	0.00269	0.03737
95	0.01877	0.02285	0.01705	0.01769	0.15250	0.59736	0.02751	0.03483	0.01487	0.01463	0.00887	0.01071	0.00738	0.00558	0.00537	0.00148	0.02904	0.00387	0.00283	0.00680
96	0.01016	0.00508	0.00508	0.00508	0.00635	0.00508	0.00381	0.01270	0.01143	0.02033	0.01778	0.02033	0.01397	0.00635	0.00381	0.00127	0.00254	0.00508	0.83867	0.00508
97	0.04673	0.06953	0.05277	0.01837	0.13541	0.24665	0.19413	0.07613	0.01410	0.03552	0.01011	0.01237	0.00803	0.00626	0.02542	0.00179	0.03171	0.00465	0.00304	0.00728
98	0.01433	0.01694	0.08256	0.01639	0.01972	0.17196	0.22577	0.05126	0.08364	0.01668	0.01085	0.01407	0.00889	0.00673	0.00899	0.00189	0.22013	0.01917	0.00306	0.00699
99	0.01167	0.01306	0.11415	0.46415	0.10567	0.01250	0.05156	0.06820	0.01226	0.01659	0.01002	0.01371	0.00760	0.00539	0.00563	0.00173	0.02312	0.00473	0.00272	0.05556
100	0.00865	0.00746	0.00767	0.00802	0.00950	0.06796	0.00623	0.02878	0.01263	0.01547	0.05628	0.19048	0.31935	0.03268	0.00719	0.00213	0.00414	0.20560	0.00486	0.00492
101	0.01166	0.06980	0.57591	0.01472	0.02158	0.04075	0.06039	0.04399	0.01245	0.01767	0.04954	0.01422	0.03203	0.00574	0.00526	0.00169	0.00755	0.00463	0.00273	0.00769
102	0.00717	0.00523	0.00591	0.00621	0.00684	0.00487	0.00398	0.00782	0.00989	0.01263	0.03173	0.22590	0.25017	0.37875	0.01633	0.00351	0.00401	0.01083	0.00426	0.00397
103	0.03087	0.00641	0.00775	0.00717	0.00817	0.00646	0.00483	0.03503	0.00979	0.12585	0.01706	0.02958	0.01726	0.52681	0.13971	0.00508	0.00662	0.00703	0.00383	0.00468
104	0.13451	0.07976	0.05444	0.07437	0.35379	0.07562	0.09306	0.01680	0.01187	0.01754	0.00943	0.01220	0.00772	0.00511	0.00541	0.00164	0.03204	0.00444	0.00274	0.00750
105	0.01780	0.18682	0.01973	0.01474	0.06694	0.46814	0.06623	0.03820	0.01424	0.01454	0.00873	0.01035	0.00732	0.00525	0.00474	0.00138	0.00840	0.00372	0.00278	0.03995
106	0.01492	0.04845	0.13148	0.01178	0.01567	0.06171	0.05722	0.14858	0.11209	0.12749	0.04935	0.13294	0.03264	0.00811	0.00562	0.00175	0.00565	0.00685	0.02018	0.00753
107	0.01145	0.02452	0.01137	0.04262	0.03227	0.01062	0.02218	0.06582	0.36211	0.01996	0.07711	0.07300	0.15605	0.05763	0.00716	0.00203	0.00431	0.00781	0.00500	0.00697

[dist]
# distance from previous block
# <min> <max>
0	4

[block]
# block no. 3 follows, 44 sequences, length 53
# corresponding to MSA columns:
# 309-361
name=unknown_D
#
# <colnr> <probs for GDERKNQSTAVLIFYWHMCP>
#	G	D	E	R	K	N	Q	S	T	A	V	L	I	F	Y	W	H	M	C	P
0	0.01255	0.02821	0.08372	0.06452	0.26068	0.01234	0.11189	0.05976	0.03929	0.03386	0.01595	0.02161	0.06442	0.00728	0.00694	0.00185	0.07876	0.08561	0.00339	0.00737
1	0.01310	0.06347	0.35838	0.01855	0.12972	0.10530	0.15146	0.03392	0.01266	0.01702	0.01077	0.01287	0.02263	0.00523	0.00533	0.00165	0.00791	0.00462	0.00265	0.02274
2	0.04449	0.00896	0.01074	0.02613	0.05157	0.00930	0.00812	0.21819	0.01560	0.03381	0.02639	0.20299	0.13454	0.01169	0.00632	0.00200	0.00463	0.17325	0.00495	0.00633
3	0.16183	0.03548	0.07739	0.01155	0.01459	0.08172	0.12228	0.06034	0.01228	0.04038	0.01745	0.30531	0.01808	0.00963	0.00566	0.00186	0.00560	0.00847	0.00396	0.00614
4	0.01004	0.00826	0.00957	0.00799	0.01099	0.00749	0.00620	0.01490	0.15657	0.01987	0.28053	0.02702	0.09510	0.00804	0.00538	0.00142	0.00346	0.00685	0.00480	0.31549
5	0.01257	0.15260	0.25447	0.15305	0.17377	0.05792	0.03967	0.02950	0.01209	0.01616	0.02607	0.02922	0.00898	0.00548	0.00508	0.00162	0.00711	0.00458	0.00264	0.00741
6	0.00943	0.00793	0.01120	0.03363	0.16148	0.00785	0.02238	0.01332	0.09534	0.01922	0.33963	0.08595	0.13765	0.01007	0.00616	0.00178	0.00390	0.02201	0.00493	0.00615
7	0.00663	0.00481	0.00626	0.00743	0.00786	0.00444	0.00499	0.00761	0.01060	0.01398	0.03206	0.74484	0.09477	0.01682	0.00692	0.00218	0.00313	0.01518	0.00506	0.00444
8	0.08106	0.01086	0.12332	0.00886	0.01266	0.00794	0.00823	0.01748	0.03545	0.30038	0.03117	0.02935	0.29290	0.00901	0.00563	0.00175	0.00441	0.00732	0.00516	0.00708
9	0.01705	0.01344	0.01668	0.22894	0.08289	0.01516	0.01212	0.46940	0.04509	0.02705	0.01223	0.01376	0.00892	0.00614	0.00545	0.00169	0.00633	0.00493	0.00441	0.00832
10	0.00670	0.00522	0.00608	0.00652	0.00769	0.00461	0.00464	0.00808	0.01207	0.01540	0.14509	0.34545	0.38359	0.01472	0.00664	0.00197	0.00289	0.01284	0.00519	0.00461
11	0.01145	0.01015	0.01324	0.00945	0.01436	0.00787	0.07573	0.01407	0.01145	0.01774	0.00981	0.01162	0.00809	0.00409	0.00426	0.00090	0.00451	0.00353	0.00319	0.76448
12	0.00658	0.00498	0.00609	0.00698	0.00775	0.00448	0.00479	0.00766	0.01103	0.01416	0.03752	0.58147	0.25461	0.01611	0.00681	0.00210	0.00304	0.01431	0.00506	0.00448
13	0.01361	0.54408	0.24136	0.01137	0.01681	0.03909	0.01251	0.01664	0.01123	0.01411	0.00821	0.00966	0.00698	0.00498	0.00445	0.00137	0.03065	0.00330	0.00234	0.00725
14	0.21121	0.01189	0.01510	0.04264	0.24217	0.01239	0.01071	0.17522	0.01478	0.12714	0.01216	0.03005	0.00931	0.00576	0.00490	0.00162	0.00540	0.00464	0.00408	0.05882
15	0.01400	0.11406	0.18107	0.03144	0.01794	0.19831	0.04960	0.01721	0.04202	0.01468	0.00987	0.01229	0.02247	0.00676	0.00882	0.00179	0.24387	0.00436	0.00266	0.00677
16	0.03536	0.00588	0.00633	0.00607	0.00796	0.00514	0.00460	0.00954	0.01312	0.05365	0.20624	0.04685	0.55485	0.01260	0.00629	0.00180	0.00286	0.01058	0.00529	0.00499
