[name]
unknown

[dist]
# distance from previous block
# <min> <max>
3	19

[block]
# block no. 0 follows, 48 sequences, length 9
# corresponding to MSA columns:
# 19-27
name=unknown_A
#
# <colnr> <probs for GDERKNQSTAVLIFYWHMCP>
#	G	D	E	R	K	N	Q	S	T	A	V	L	I	F	Y	W	H	M	C	P
0	0.01735	0.01036	0.01256	0.01239	0.12142	0.08063	0.00853	0.02049	0.08439	0.39206	0.08757	0.01954	0.03790	0.04095	0.00643	0.00174	0.02758	0.00559	0.00501	0.00753
1	0.01350	0.00754	0.01026	0.01056	0.09534	0.00704	0.00705	0.05830	0.01243	0.26678	0.05224	0.27968	0.02076	0.08947	0.00765	0.00204	0.00413	0.00845	0.00486	0.04192
2	0.00974	0.00737	0.00864	0.00803	0.00947	0.00766	0.00591	0.15996	0.03044	0.01734	0.07852	0.30168	0.10162	0.13899	0.00972	0.00231	0.05038	0.00948	0.00444	0.03832
3	0.01174	0.00634	0.00731	0.00659	0.00834	0.00626	0.00503	0.08200	0.01252	0.13587	0.08362	0.06809	0.04575	0.06797	0.04281	0.00199	0.00374	0.00622	0.39224	0.00556
4	0.22778	0.00736	0.00775	0.00697	0.00926	0.00747	0.00546	0.01402	0.07821	0.11351	0.29208	0.02846	0.16533	0.00867	0.00513	0.00164	0.00323	0.00709	0.00490	0.00569
5	0.00837	0.00557	0.00691	0.00695	0.00823	0.00526	0.00506	0.01035	0.04662	0.08689	0.13965	0.30392	0.20865	0.05143	0.07934	0.00256	0.00406	0.01050	0.00480	0.00490
6	0.20700	0.00715	0.00796	0.00754	0.00942	0.00729	0.00569	0.06734	0.01206	0.12148	0.15100	0.33047	0.02517	0.01048	0.00539	0.00178	0.00349	0.00896	0.00478	0.00554
7	0.04006	0.00565	0.00699	0.00694	0.00817	0.00542	0.00509	0.01059	0.05691	0.04581	0.42316	0.26855	0.07379	0.01171	0.00601	0.00177	0.00282	0.01034	0.00525	0.00497
8	0.00787	0.00592	0.00740	0.02475	0.00869	0.00615	0.00545	0.04953	0.01083	0.01468	0.09459	0.36380	0.11713	0.13208	0.00995	0.00237	0.06833	0.02670	0.03926	0.00453

[dist]
# distance from previous block
# <min> <max>
4	29

[block]
# block no. 1 follows, 48 sequences, length 135
# corresponding to MSA columns:
# 57-191
name=unknown_B
#
# <colnr> <probs for GDERKNQSTAVLIFYWHMCP>
#	G	D	E	R	K	N	Q	S	T	A	V	L	I	F	Y	W	H	M	C	P
0	0.19008	0.11458	0.01742	0.01715	0.25745	0.06964	0.06637	0.07698	0.06713	0.04667	0.01046	0.01250	0.00841	0.00516	0.00455	0.00152	0.00572	0.01785	0.00322	0.00716
1	0.30980	0.02932	0.01272	0.01070	0.04286	0.07035	0.00838	0.34677	0.03610	0.02547	0.03119	0.01150	0.00861	0.00574	0.00475	0.00156	0.02901	0.00400	0.00404	0.00714
2	0.01383	0.02816	0.02190	0.06725	0.27334	0.05071	0.27173	0.06626	0.01287	0.07990	0.01074	0.01314	0.00821	0.00476	0.00530	0.00155	0.00686	0.00495	0.00305	0.05551
3	0.00672	0.00484	0.00636	0.00678	0.00754	0.00448	0.00478	0.00833	0.01204	0.01659	0.38005	0.43940	0.05609	0.01342	0.00631	0.00186	0.00271	0.01205	0.00517	0.00448
4	0.00636	0.00522	0.00561	0.00555	0.00716	0.00447	0.00418	0.00792	0.01230	0.01532	0.20779	0.04719	0.61389	0.01248	0.00608	0.00172	0.00260	0.02475	0.00495	0.00445
5	0.01096	0.08745	0.69967	0.01405	0.02123	0.01274	0.01777	0.04944	0.01139	0.01664	0.00919	0.01070	0.00660	0.00489	0.00476	0.00158	0.00734	0.00375	0.00230	0.00756
6	0.00625	0.00447	0.00595	0.00714	0.00744	0.00417	0.00476	0.00714	0.00982	0.01310	0.02828	0.81633	0.03394	0.01608	0.00655	0.00208	0.00298	0.01459	0.00476	0.00417
7	0.01585	0.51257	0.02214	0.01043	0.01422	0.28036	0.00921	0.05759	0.01254	0.01332	0.00768	0.00879	0.00671	0.00478	0.00384	0.00120	0.00675	0.00303	0.00250	0.00649
8	0.01029	0.02654	0.79309	0.01462	0.02221	0.01192	0.01896	0.01625	0.01083	0.01625	0.00921	0.01083	0.00650	0.00487	0.00487	0.00162	0.00758	0.00379	0.00217	0.00758
9	0.01538	0.43622	0.11308	0.01073	0.01523	0.10496	0.01035	0.20625	0.01438	0.01772	0.00877	0.00968	0.00712	0.00499	0.00409	0.00130	0.00619	0.00340	0.00298	0.00717
10	0.01917	0.02445	0.01454	0.01322	0.01586	0.79907	0.00991	0.02049	0.01454	0.01256	0.00793	0.00925	0.00661	0.00529	0.00463	0.00132	0.00925	0.00330	0.00264	0.00595
11	0.00891	0.00446	0.00668	0.00668	0.00668	0.00446	0.00446	0.00668	0.00668	0.00891	0.00891	0.01560	0.00891	0.01783	0.02005	0.85071	0.00446	0.00446	0.00223	0.00223
12	0.01229	0.28948	0.05321	0.08725	0.04852	0.01608	0.15615	0.02950	0.01036	0.01383	0.00811	0.01099	0.00698	0.00578	0.00791	0.00164	0.22895	0.00418	0.00236	0.00644
13	0.00897	0.03195	0.11302	0.23401	0.01849	0.00867	0.03232	0.05955	0.01108	0.01482	0.01827	0.38812	0.01960	0.01023	0.00574	0.00185	0.00507	0.00914	0.00362	0.00548
14	0.00794	0.00571	0.00787	0.00900	0.01010	0.00564	0.00767	0.01009	0.01158	0.01503	0.02839	0.14445	0.06337	0.01434	0.00698	0.00230	0.00443	0.63574	0.00473	0.00464
15	0.00629	0.00448	0.00594	0.00710	0.00739	0.00419	0.00471	0.00715	0.00975	0.01301	0.02792	0.79317	0.03348	0.03985	0.00713	0.00217	0.00304	0.01438	0.00471	0.00414
16	0.01299	0.05909	0.12484	0.04422	0.12652	0.10331	0.20288	0.03311	0.16924	0.01681	0.01164	0.01338	0.00901	0.00537	0.00574	0.00163	0.04506	0.00485	0.00307	0.00723
17	0.56188	0.18679	0.04129	0.00811	0.01165	0.09039	0.00717	0.01571	0.00974	0.01939	0.00729	0.00849	0.00592	0.00474	0.00340	0.00146	0.00495	0.00286	0.00288	0.00589
18	0.01034	0.02619	0.77222	0.01482	0.02233	0.01195	0.03948	0.01625	0.01087	0.01625	0.00924	0.01092	0.00654	0.00486	0.00491	0.00163	0.00761	0.00385	0.00218	0.00757
19	0.00891	0.00446	0.00668	0.00668	0.00668	0.00446	0.00446	0.00668	0.00668	0.00891	0.00891	0.01560	0.00891	0.01783	0.02005	0.85071	0.00446	0.00446	0.00223	0.00223
20	0.00776	0.00554	0.00769	0.00887	0.00983	0.00547	0.00739	0.00975	0.01131	0.01479	0.02745	0.24891	0.03064	0.01465	0.00695	0.00229	0.00428	0.56711	0.00473	0.00458
21	0.00677	0.00523	0.00618	0.00594	0.00736	0.00463	0.00445	0.00873	0.01336	0.01781	0.48340	0.04288	0.35170	0.01152	0.00606	0.00166	0.00249	0.00992	0.00528	0.00463
22	0.01015	0.02384	0.68035	0.01479	0.06195	0.01129	0.01751	0.01563	0.01121	0.01667	0.07960	0.01343	0.01039	0.00537	0.00499	0.00162	0.00704	0.00433	0.00250	0.00736
23	0.00746	0.00497	0.00560	0.00560	0.00560	0.00497	0.00311	0.00746	0.00746	0.00995	0.01617	0.03358	0.01865	0.81967	0.02612	0.00497	0.00497	0.00746	0.00311	0.00311
24	0.00740	0.00519	0.00669	0.00665	0.00710	0.00549	0.00448	0.00829	0.00839	0.01164	0.08501	0.02907	0.01921	0.45878	0.30886	0.00587	0.00797	0.00690	0.00321	0.00381
25	0.02302	0.00873	0.01191	0.00913	0.01310	0.00754	0.00754	0.02501	0.01469	0.79122	0.02024	0.01746	0.01270	0.00635	0.00516	0.00159	0.00437	0.00516	0.00635	0.00873
26	0.01064	0.00912	0.01064	0.00760	0.01216	0.00684	0.00608	0.01292	0.01064	0.01672	0.00912	0.01064	0.00760	0.00380	0.00380	0.00076	0.00380	0.00304	0.00304	0.85104
27	0.00891	0.00446	0.00668	0.00668	0.00668	0.00446	0.00446	0.00668	0.00668	0.00891	0.00891	0.01560	0.00891	0.01783	0.02005	0.85071	0.00446	0.00446	0.00223	0.00223
28	0.00956	0.00478	0.00478	0.00478	0.00598	0.00478	0.00359	0.01196	0.01076	0.01913	0.01674	0.01913	0.01315	0.00598	0.00359	0.00120	0.00239	0.00478	0.84816	0.00478
29	0.01077	0.00955	0.01242	0.00887	0.01349	0.00740	0.07528	0.01324	0.01077	0.01669	0.00923	0.01093	0.00762	0.00385	0.00400	0.00085	0.00424	0.00331	0.00300	0.77447
30	0.02302	0.00873	0.01191	0.00913	0.01310	0.00754	0.00754	0.02501	0.01469	0.79122	0.02024	0.01746	0.01270	0.00635	0.00516	0.00159	0.00437	0.00516	0.00635	0.00873
31	0.00956	0.00478	0.00478	0.00478	0.00598	0.00478	0.00359	0.01196	0.01076	0.01913	0.01674	0.01913	0.01315	0.00598	0.00359	0.00120	0.00239	0.00478	0.84816	0.00478
32	0.01270	0.01219	0.02083	0.03149	0.78767	0.01219	0.01575	0.01575	0.01168	0.01676	0.00965	0.01270	0.00813	0.00457	0.00508	0.00152	0.00610	0.00457	0.00254	0.00813
33	0.01877	0.09394	0.01591	0.01241	0.01563	0.50117	0.00976	0.23769	0.01695	0.01825	0.00913	0.01005	0.00722	0.00546	0.00465	0.00136	0.00786	0.00364	0.00333	0.00681
34	0.00624	0.00450	0.00591	0.00704	0.00741	0.00418	0.00472	0.00716	0.00992	0.01314	0.02955	0.77518	0.07426	0.01591	0.00652	0.00206	0.00296	0.01439	0.00476	0.00418
35	0.03850	0.01105	0.10152	0.00983	0.01420	0.00849	0.00891	0.05667	0.01454	0.65315	0.01836	0.01629	0.01167	0.00614	0.00509	0.00159	0.00478	0.00493	0.00575	0.00854
36	0.01137	0.04127	0.01129	0.00786	0.01207	0.00781	0.00636	0.06361	0.01199	0.03797	0.07992	0.01334	0.01147	0.00465	0.00411	0.00092	0.00388	0.00375	0.00347	0.66287
37	0.01046	0.00834	0.00908	0.00829	0.01062	0.00888	0.00640	0.01875	0.40398	0.05330	0.17434	0.03042	0.21781	0.00914	0.00559	0.00171	0.00339	0.00772	0.00524	0.00656
38	0.00891	0.00446	0.00668	0.00668	0.00668	0.00446	0.00446	0.00668	0.00668	0.00891	0.00891	0.01560	0.00891	0.01783	0.02005	0.85071	0.00446	0.00446	0.00223	0.00223
39	0.01212	0.26912	0.46998	0.01334	0.04659	0.07630	0.01502	0.01629	0.01103	0.01470	0.00849	0.00998	0.00659	0.00475	0.00438	0.00144	0.00702	0.00346	0.00223	0.00717
40	0.01098	0.32845	0.04064	0.39940	0.02375	0.01425	0.01137	0.01354	0.01030	0.01279	0.01008	0.08427	0.00919	0.00583	0.00453	0.00150	0.00598	0.00474	0.00247	0.00596
41	0.00709	0.00487	0.00593	0.00628	0.00645	0.00486	0.00388	0.00751	0.00823	0.01105	0.01955	0.26410	0.02268	0.51505	0.08643	0.00440	0.00513	0.00940	0.00357	0.00355
42	0.11743	0.01059	0.01247	0.00967	0.01359	0.01055	0.00799	0.25165	0.01689	0.47130	0.01632	0.01485	0.01067	0.00611	0.00492	0.00157	0.00471	0.00472	0.00561	0.00837
43	0.02577	0.01214	0.05006	0.18351	0.09795	0.01274	0.07990	0.14354	0.27647	0.04311	0.01415	0.01515	0.01053	0.00582	0.00520	0.00167	0.00570	0.00509	0.00394	0.00755
44	0.00987	0.00686	0.00829	0.00795	0.00905	0.02835	0.00589	0.03459	0.15915	0.01499	0.16356	0.02426	0.01969	0.01327	0.01242	0.39589	0.00418	0.07354	0.00380	0.00440
45	0.02139	0.01135	0.01353	0.01037	0.01440	0.01143	0.00857	0.37113	0.01907	0.43891	0.01656	0.01508	0.01086	0.00626	0.00515	0.00157	0.00496	0.00491	0.00579	0.00873
46	0.01445	0.29374	0.04186	0.01740	0.27354	0.12029	0.01147	0.03999	0.08164	0.04502	0.01004	0.01140	0.00822	0.00494	0.00441	0.00138	0.00609	0.00389	0.00289	0.00733
47	0.01336	0.73230	0.09227	0.00941	0.01395	0.01946	0.00972	0.01536	0.01039	0.01244	0.00730	0.00854	0.00658	0.00456	0.00380	0.00117	0.02768	0.00288	0.00219	0.00664
48	0.00718	0.07894	0.00804	0.00698	0.00799	0.00582	0.00509	0.00857	0.01124	0.01502	0.22619	0.48725	0.08618	0.01334	0.00609	0.00185	0.00303	0.01187	0.00476	0.00457
49	0.08404	0.01687	0.01618	0.05733	0.11221	0.32455	0.08747	0.11766	0.01403	0.01735	0.00906	0.01088	0.00722	0.00511	0.00498	0.00143	0.02341	0.00394	0.00301	0.08329
50	0.00671	0.00522	0.00609	0.00587	0.00732	0.00460	0.00440	0.00861	0.01321	0.01746	0.44467	0.04346	0.39064	0.01165	0.00606	0.00167	0.00250	0.01000	0.00524	0.00460
51	0.01384	0.01484	0.04854	0.02405	0.41565	0.12466	0.14454	0.07169	0.01281	0.01697	0.00954	0.01222	0.00775	0.00502	0.00589	0.00158	0.05558	0.00462	0.00272	0.00748
52	0.00919	0.00726	0.00852	0.00785	0.00965	0.00761	0.00599	0.01583	0.28158	0.02089	0.51783	0.03162	0.03696	0.00926	0.00576	0.00166	0.00299	0.00806	0.00550	0.00599
53	0.05423	0.00878	0.01174	0.00904	0.01298	0.00769	0.00747	0.02463	0.01446	0.76244	0.01975	0.01712	0.01243	0.00629	0.00509	0.00159	0.00435	0.00507	0.00623	0.00861
54	0.01267	0.01226	0.02124	0.03106	0.75412	0.01223	0.04896	0.01578	0.01170	0.01675	0.00968	0.01275	0.00811	0.00456	0.00512	0.00153	0.00621	0.00464	0.00254	0.00807
55	0.00657	0.00522	0.00589	0.00572	0.00724	0.00454	0.00429	0.00833	0.01288	0.01667	0.35853	0.04476	0.47728	0.01195	0.00606	0.00168	0.00252	0.01018	0.00513	0.00454
56	0.01372	0.82276	0.02689	0.00878	0.01317	0.02030	0.00878	0.01536	0.01043	0.01207	0.00713	0.00823	0.00658	0.00439	0.00329	0.00110	0.00549	0.00274	0.00219	0.00658
57	0.00726	0.00524	0.00686	0.00646	0.00767	0.00484	0.00484	0.00968	0.01452	0.02058	0.78496	0.03833	0.04841	0.01049	0.00605	0.00161	0.00242	0.00928	0.00565	0.00484
58	0.01213	0.01036	0.01106	0.00999	0.01269	0.01185	0.00775	0.02525	0.69083	0.02136	0.10847	0.02134	0.01942	0.00737	0.00532	0.00173	0.00387	0.00620	0.00527	0.00775
59	0.01393	0.04345	0.01267	0.01039	0.01349	0.01318	0.00826	0.20440	0.50863	0.02311	0.01969	0.04924	0.04215	0.00724	0.00521	0.00168	0.00440	0.00592	0.00505	0.00792
60	0.01994	0.01477	0.01483	0.01161	0.01553	0.10456	0.00947	0.58407	0.02175	0.13237	0.01288	0.01266	0.00902	0.00609	0.00508	0.00152	0.00589	0.00454	0.00501	0.00841
61	0.01064	0.00912	0.01064	0.00760	0.01216	0.00684	0.00608	0.01292	0.01064	0.01672	0.00912	0.01064	0.00760	0.00380	0.00380	0.00076	0.00380	0.00304	0.00304	0.85104
62	0.37108	0.01225	0.01194	0.00956	0.01327	0.01369	0.00789	0.42027	0.01724	0.06189	0.01049	0.01087	0.00757	0.00558	0.00431	0.00156	0.00489	0.00387	0.00436	0.00739
63	0.00625	0.00447	0.00595	0.00714	0.00744	0.00417	0.00476	0.00714	0.00982	0.01310	0.02828	0.81633	0.03394	0.01608	0.00655	0.00208	0.00298	0.01459	0.00476	0.00417
64	0.01951	0.01437	0.01540	0.01181	0.01591	0.01591	0.00975	0.77056	0.02412	0.03234	0.01232	0.01232	0.00873	0.00616	0.00513	0.00154	0.00565	0.00462	0.00513	0.00873
65	0.85592	0.00992	0.00754	0.00675	0.00992	0.01151	0.00556	0.01508	0.00873	0.02302	0.00714	0.00834	0.00556	0.00476	0.00318	0.00159	0.00397	0.00278	0.00318	0.00556
66	0.00969	0.00912	0.01539	0.80734	0.03534	0.01140	0.01425	0.01311	0.01026	0.01311	0.00912	0.01368	0.00684	0.00513	0.00513	0.00171	0.00684	0.00456	0.00228	0.00570
67	0.00746	0.00497	0.00560	0.00560	0.00560	0.00497	0.00311	0.00746	0.00746	0.00995	0.01617	0.03358	0.01865	0.81967	0.02612	0.00497	0.00497	0.00746	0.00311	0.00311
68	0.00739	0.00501	0.00593	0.00598	0.00611	0.00511	0.00358	0.00765	0.00766	0.01032	0.01641	0.06648	0.01863	0.69027	0.11826	0.00524	0.00594	0.00754	0.00314	0.00333
69	0.00726	0.00524	0.00686	0.00646	0.00767	0.00484	0.00484	0.00968	0.01452	0.02058	0.78496	0.03833	0.04841	0.01049	0.00605	0.00161	0.00242	0.00928	0.00565	0.00484
70	0.01276	0.01102	0.01160	0.01044	0.01334	0.01276	0.00812	0.02727	0.77840	0.02146	0.02088	0.01914	0.01566	0.00696	0.00522	0.00174	0.00406	0.00580	0.00522	0.00812
71	0.02302	0.00873	0.01191	0.00913	0.01310	0.00754	0.00754	0.02501	0.01469	0.79122	0.02024	0.01746	0.01270	0.00635	0.00516	0.00159	0.00437	0.00516	0.00635	0.00873
72	0.00634	0.00454	0.00604	0.00708	0.00746	0.00423	0.00477	0.00737	0.01025	0.01378	0.09692	0.74576	0.03525	0.01557	0.00650	0.00204	0.00293	0.01411	0.00484	0.00423
73	0.01064	0.00912	0.01064	0.00760	0.01216	0.00684	0.00608	0.01292	0.01064	0.01672	0.00912	0.01064	0.00760	0.00380	0.00380	0.00076	0.00380	0.00304	0.00304	0.85104
74	0.01276	0.01102	0.01160	0.01044	0.01334	0.01276	0.00812	0.02727	0.77840	0.02146	0.02088	0.01914	0.01566	0.00696	0.00522	0.00174	0.00406	0.00580	0.00522	0.00812
75	0.00606	0.00520	0.00520	0.00520	0.00693	0.00433	0.00390	0.00736	0.01170	0.01386	0.05198	0.04938	0.78558	0.01299	0.00606	0.00173	0.00260	0.01083	0.00476	0.00433
76	0.00739	0.00525	0.00697	0.00697	0.00745	0.00572	0.00483	0.00835	0.00787	0.01097	0.01491	0.02660	0.01562	0.41334	0.42831	0.00668	0.00954	0.00644	0.00292	0.00387
77	0.01123	0.01123	0.01572	0.01347	0.01347	0.01572	0.01123	0.01235	0.00786	0.01235	0.00674	0.01123	0.00674	0.00898	0.01684	0.00225	0.81028	0.00449	0.00225	0.00561
78	0.00726	0.00524	0.00686	0.00646	0.00767	0.00484	0.00484	0.00968	0.01452	0.02058	0.78496	0.03833	0.04841	0.01049	0.00605	0.00161	0.00242	0.00928	0.00565	0.00484
79	0.01090	0.00984	0.01462	0.02006	0.42616	0.00974	0.01088	0.06995	0.04286	0.01708	0.02422	0.05396	0.25263	0.00784	0.00545	0.00162	0.00477	0.00695	0.00362	0.00684
80	0.01558	0.37920	0.12222	0.01143	0.01550	0.34996	0.01060	0.01766	0.01223	0.01283	0.00774	0.00901	0.00658	0.00483	0.00407	0.00126	0.00736	0.00312	0.00238	0.00645
81	0.78037	0.00981	0.00794	0.00696	0.01021	0.01115	0.00574	0.01598	0.00927	0.09270	0.00833	0.00916	0.00620	0.00491	0.00336	0.00159	0.00401	0.00299	0.00346	0.00584
82	0.01039	0.02597	0.76256	0.01529	0.05247	0.01193	0.01883	0.01623	0.01087	0.01627	0.00923	0.01091	0.00656	0.00486	0.00488	0.00162	0.00752	0.00382	0.00218	0.00760
83	0.00746	0.00497	0.00560	0.00560	0.00560	0.00497	0.00311	0.00746	0.00746	0.00995	0.01617	0.03358	0.01865	0.81967	0.02612	0.00497	0.00497	0.00746	0.00311	0.00311
84	0.00969	0.00912	0.01539	0.80734	0.03534	0.01140	0.01425	0.01311	0.01026	0.01311	0.00912	0.01368	0.00684	0.00513	0.00513	0.00171	0.00684	0.00456	0.00228	0.00570
85	0.01203	0.01343	0.02858	0.05314	0.08399	0.01273	0.66696	0.01618	0.01198	0.01633	0.01025	0.01368	0.00777	0.00436	0.00590	0.00169	0.00829	0.00582	0.00259	0.02429
86	0.00733	0.00550	0.00825	0.00825	0.00916	0.00641	0.00641	0.00916	0.00825	0.01191	0.01374	0.02016	0.01283	0.03848	0.79934	0.00825	0.01374	0.00550	0.00275	0.00458
87	0.01131	0.01036	0.01661	0.52067	0.22250	0.01199	0.01405	0.07122	0.04203	0.01580	0.00996	0.01355	0.00765	0.00514	0.00512	0.00165	0.00645	0.00462	0.00268	0.00663
88	0.85592	0.00992	0.00754	0.00675	0.00992	0.01151	0.00556	0.01508	0.00873	0.02302	0.00714	0.00834	0.00556	0.00476	0.00318	0.00159	0.00397	0.00278	0.00318	0.00556
89	0.01820	0.01080	0.01271	0.00969	0.01380	0.01038	0.00793	0.26600	0.05772	0.30658	0.01488	0.01415	0.01027	0.00568	0.00481	0.00137	0.00463	0.00448	0.00506	0.22085
90	0.00955	0.00885	0.01477	0.71316	0.05372	0.01083	0.01344	0.01287	0.01069	0.01389	0.07951	0.01589	0.01065	0.00560	0.00521	0.00170	0.00642	0.00499	0.00259	0.00569
91	0.01314	0.74863	0.02520	0.00873	0.01281	0.01904	0.00857	0.01480	0.01023	0.01206	0.00773	0.00931	0.00715	0.00748	0.07550	0.00175	0.00624	0.00299	0.00225	0.00640
92	0.32984	0.08165	0.00979	0.00804	0.01046	0.00929	0.00676	0.01390	0.01059	0.10455	0.01717	0.12717	0.01709	0.00910	0.00498	0.00183	0.00425	0.22385	0.00410	0.00558
93	0.01662	0.38470	0.04761	0.01081	0.01457	0.31700	0.00947	0.03253	0.02677	0.08363	0.00905	0.00983	0.00735	0.00501	0.00410	0.00127	0.00688	0.00331	0.00285	0.00664
94	0.02126	0.01054	0.01290	0.01000	0.01394	0.01036	0.00823	0.24243	0.07232	0.51476	0.01798	0.01609	0.01176	0.00634	0.00516	0.00158	0.00472	0.00505	0.00591	0.00869
95	0.00665	0.00463	0.00584	0.00663	0.00683	0.00443	0.00422	0.00725	0.00904	0.01206	0.02429	0.55824	0.02890	0.28104	0.01300	0.00304	0.00364	0.01224	0.00422	0.00382
96	0.00764	0.00542	0.00739	0.00846	0.00929	0.00534	0.00683	0.00938	0.01087	0.01424	0.02648	0.26547	0.02976	0.08776	0.00866	0.00252	0.00426	0.48120	0.00459	0.00442
97	0.01341	0.01063	0.01114	0.00975	0.01198	0.08175	0.00754	0.24587	0.10166	0.05358	0.01551	0.09805	0.01401	0.10525	0.18026	0.00345	0.01948	0.00617	0.00415	0.00637
98	0.00745	0.00502	0.00584	0.00584	0.00592	0.00511	0.00341	0.00762	0.00753	0.01013	0.01595	0.03236	0.01813	0.74882	0.09625	0.00527	0.00577	0.00728	0.00308	0.00324
99	0.00670	0.00511	0.00616	0.00614	0.00738	0.00457	0.00451	0.00851	0.01284	0.01716	0.42172	0.16329	0.29286	0.01220	0.00613	0.00173	0.00257	0.01063	0.00521	0.00457
100	0.01149	0.01876	0.37919	0.04662	0.41005	0.01204	0.01719	0.01590	0.01125	0.01642	0.00943	0.01186	0.00733	0.00473	0.00499	0.00158	0.00681	0.00421	0.00236	0.00780
101	0.01187	0.12204	0.30311	0.02106	0.30287	0.01325	0.12228	0.01598	0.01127	0.01593	0.00927	0.01161	0.00729	0.00462	0.00491	0.00153	0.00692	0.00426	0.00237	0.00756
102	0.01234	0.01389	0.09316	0.02757	0.53393	0.01236	0.19851	0.01596	0.01171	0.01664	0.00979	0.01281	0.00790	0.00454	0.00530	0.00158	0.00685	0.00486	0.00252	0.00779
103	0.01235	0.01226	0.02267	0.02423	0.37754	0.01201	0.29844	0.06648	0.01252	0.01736	0.01180	0.08600	0.01038	0.00563	0.00558	0.00165	0.00675	0.00604	0.00294	0.00735
104	0.00891	0.00446	0.00668	0.00668	0.00668	0.00446	0.00446	0.00668	0.00668	0.00891	0.00891	0.01560	0.00891	0.01783	0.02005	0.85071	0.00446	0.00446	0.00223	0.00223
105	0.01277	0.01631	0.20310	0.02161	0.25022	0.02827	0.27630	0.05299	0.02755	0.04525	0.01050	0.01287	0.00794	0.00476	0.00537	0.00162	0.00727	0.00493	0.00279	0.00759
106	0.09282	0.07818	0.01662	0.01499	0.16099	0.04491	0.03811	0.33514	0.09336	0.05756	0.01189	0.01254	0.00890	0.00558	0.00482	0.00153	0.00560	0.00444	0.00410	0.00792
107	0.00678	0.00541	0.00615	0.00654	0.00775	0.00504	0.00468	0.00913	0.08051	0.01440	0.05792	0.37666	0.37296	0.01371	0.00620	0.00188	0.00289	0.01195	0.00483	0.00462
108	0.01049	0.05577	0.67785	0.01389	0.02103	0.01180	0.03155	0.01592	0.01082	0.01613	0.00914	0.01077	0.00663	0.00475	0.00474	0.00153	0.00718	0.00373	0.00226	0.08404
109	0.01048	0.00949	0.01367	0.00999	0.01425	0.00768	0.14145	0.01308	0.01116	0.01682	0.06833	0.04347	0.01168	0.00486	0.00447	0.00105	0.00453	0.00448	0.00322	0.60583
110	0.00655	0.00495	0.00606	0.00635	0.00738	0.00445	0.00455	0.00809	0.01200	0.01593	0.29953	0.32723	0.25176	0.01325	0.00624	0.00182	0.00268	0.01167	0.00507	0.00445
111	0.01892	0.04638	0.04659	0.01180	0.01605	0.01593	0.01008	0.71129	0.02307	0.03091	0.01199	0.01210	0.00855	0.00604	0.00505	0.00153	0.00572	0.00451	0.00490	0.00860
112	0.08465	0.01116	0.01238	0.00976	0.01357	0.08099	0.00797	0.14481	0.01576	0.53977	0.01686	0.01520	0.01097	0.00610	0.00496	0.00156	0.00499	0.00473	0.00558	0.00824
113	0.00891	0.00446	0.00668	0.00668	0.00668	0.00446	0.00446	0.00668	0.00668	0.00891	0.00891	0.01560	0.00891	0.01783	0.02005	0.85071	0.00446	0.00446	0.00223	0.00223
114	0.01190	0.01104	0.01832	0.19565	0.52698	0.01159	0.01453	0.04248	0.01185	0.01642	0.01122	0.01699	0.00981	0.00562	0.00527	0.00164	0.00611	0.07247	0.00278	0.00732
115	0.01387	0.01467	0.01884	0.10609	0.53538	0.19145	0.01427	0.01656	0.01219	0.01543	0.00921	0.01201	0.00765	0.00479	0.00498	0.00150	0.00689	0.00428	0.00254	0.00738
116	0.01064	0.00912	0.01064	0.00760	0.01216	0.00684	0.00608	0.01292	0.01064	0.01672	0.00912	0.01064	0.00760	0.00380	0.00380	0.00076	0.00380	0.00304	0.00304	0.85104
117	0.01421	0.75035	0.02577	0.00918	0.01341	0.09094	0.00888	0.01583	0.01080	0.01212	0.00721	0.00832	0.00659	0.00447	0.00341	0.00112	0.00583	0.00279	0.00224	0.00653
118	0.07964	0.01204	0.01280	0.01058	0.01406	0.01342	0.00851	0.31539	0.35780	0.09563	0.01646	0.01552	0.01194	0.00643	0.00503	0.00164	0.00470	0.00506	0.00514	0.00822
119	0.00626	0.00528	0.00541	0.00538	0.00706	0.00450	0.00402	0.00780	0.02352	0.01428	0.09153	0.05982	0.70915	0.02533	0.00637	0.00178	0.00265	0.01067	0.00480	0.00440
120	0.01264	0.01308	0.02016	0.01568	0.01824	0.08482	0.27551	0.01502	0.01042	0.04226	0.00879	0.01214	0.00737	0.00652	0.01052	0.00184	0.36493	0.00484	0.00261	0.07260
121	0.00827	0.00591	0.00827	0.00945	0.01063	0.00591	0.00827	0.01063	0.01181	0.01536	0.02717	0.05788	0.02953	0.01417	0.00709	0.00236	0.00472	0.75313	0.00472	0.00472
122	0.08248	0.01379	0.01465	0.01131	0.01534	0.01521	0.00934	0.68095	0.02255	0.06510	0.01228	0.01225	0.00866	0.00606	0.00499	0.00155	0.00546	0.00451	0.00504	0.00849
123	0.00646	0.00497	0.00588	0.00615	0.00726	0.00443	0.00440	0.00790	0.01177	0.01531	0.23574	0.28839	0.34092	0.02835	0.00659	0.00187	0.00272	0.01155	0.00496	0.00439
124	0.00679	0.00487	0.00648	0.00711	0.00781	0.00456	0.00511	0.00835	0.01165	0.01592	0.29272	0.47553	0.03860	0.01395	0.00642	0.00194	0.00294	0.07972	0.00507	0.00445
125	0.09537	0.01397	0.01469	0.01135	0.01537	0.01551	0.00937	0.70203	0.02273	0.03149	0.01185	0.01196	0.00844	0.00603	0.00496	0.00154	0.00549	0.00445	0.00496	0.00844
126	0.00769	0.00577	0.00906	0.00862	0.00956	0.00615	0.06222	0.00891	0.00856	0.01194	0.01574	0.16180	0.01628	0.10046	0.44015	0.10295	0.00959	0.00721	0.00307	0.00428
127	0.00746	0.00497	0.00560	0.00560	0.00560	0.00497	0.00311	0.00746	0.00746	0.00995	0.01617	0.03358	0.01865	0.81967	0.02612	0.00497	0.00497	0.00746	0.00311	0.00311
128	0.00887	0.00532	0.00617	0.00592	0.00628	0.00521	0.00351	0.00905	0.00812	0.08082	0.01654	0.03212	0.01811	0.74590	0.02422	0.00467	0.00492	0.00725	0.00340	0.00362
129	0.01247	0.01196	0.02042	0.08976	0.73116	0.01213	0.01563	0.01555	0.01158	0.01649	0.00961	0.01277	0.00803	0.00461	0.00508	0.00154	0.00615	0.00457	0.00252	0.00795
130	0.00625	0.00447	0.00595	0.00714	0.00744	0.00417	0.00476	0.00714	0.00982	0.01310	0.02828	0.81633	0.03394	0.01608	0.00655	0.00208	0.00298	0.01459	0.00476	0.00417
131	0.01951	0.01437	0.01540	0.01181	0.01591	0.01591	0.00975	0.77056	0.02412	0.03234	0.01232	0.01232	0.00873	0.00616	0.00513	0.00154	0.00565	0.00462	0.00513	0.00873
132	0.01123	0.01123	0.01572	0.01347	0.01347	0.01572	0.01123	0.01235	0.00786	0.01235	0.00674	0.01123	0.00674	0.00898	0.01684	0.00225	0.81028	0.00449	0.00225	0.00561
133	0.01030	0.00824	0.00893	0.00831	0.00990	0.00921	0.00594	0.01815	0.42053	0.01620	0.01859	0.02525	0.01679	0.34982	0.04902	0.00339	0.00487	0.00649	0.00422	0.00586
134	0.00625	0.00447	0.00595	0.00714	0.00744	0.00417	0.00476	0.00714	0.00982	0.01310	0.02828	0.81633	0.03394	0.01608	0.00655	0.00208	0.00298	0.01459	0.00476	0.00417

[dist]
# distance from previous block
# <min> <max>
1	8

[block]
# block no. 2 follows, 48 sequences, length 50
# corresponding to MSA columns:
# 200-249
name=unknown_C
#
# <colnr> <probs for GDERKNQSTAVLIFYWHMCP>
#	G	D	E	R	K	N	Q	S	T	A	V	L	I	F	Y	W	H	M	C	P
0	0.01214	0.41219	0.40574	0.01176	0.01770	0.03236	0.01384	0.01591	0.01071	0.01415	0.00818	0.00954	0.00654	0.00465	0.00410	0.00136	0.00660	0.00327	0.00219	0.00707
1	0.00675	0.00484	0.00583	0.00625	0.00677	0.00454	0.00409	0.00759	0.00986	0.01304	0.11788	0.34672	0.14071	0.28639	0.01303	0.00295	0.00353	0.01100	0.00431	0.00391
2	0.01822	0.02266	0.01546	0.01590	0.12903	0.68369	0.01077	0.01979	0.01412	0.01317	0.00818	0.00976	0.00683	0.00518	0.00469	0.00135	0.00879	0.00349	0.00263	0.00627
3	0.17300	0.01203	0.01110	0.00958	0.01267	0.14239	0.00756	0.02202	0.24026	0.23628	0.06863	0.01633	0.01369	0.00634	0.00478	0.00159	0.00489	0.00488	0.00476	0.00723
4	0.00883	0.00725	0.01075	0.27853	0.01863	0.00826	0.00959	0.01244	0.07501	0.01496	0.08235	0.05897	0.02000	0.01384	0.12233	0.00288	0.00645	0.23988	0.00373	0.00531
5	0.00649	0.00464	0.00623	0.00742	0.00782	0.00437	0.00518	0.00756	0.01006	0.01337	0.02815	0.72611	0.03341	0.01585	0.00661	0.00212	0.00318	0.10244	0.00476	0.00423
6	0.01107	0.01255	0.13119	0.01392	0.01759	0.01027	0.26584	0.14122	0.01317	0.01795	0.01673	0.29067	0.01680	0.00878	0.00590	0.00180	0.00602	0.00843	0.00371	0.00637
7	0.01069	0.01858	0.41239	0.01875	0.26665	0.01110	0.01561	0.01552	0.04311	0.01661	0.04617	0.01618	0.07469	0.00578	0.00510	0.00161	0.00632	0.00495	0.00278	0.00739
8	0.01097	0.12006	0.58945	0.01495	0.02180	0.01308	0.12772	0.01617	0.01097	0.01578	0.00913	0.01096	0.00670	0.00474	0.00486	0.00158	0.00749	0.00400	0.00223	0.00737
9	0.00735	0.00542	0.00786	0.00786	0.00864	0.00620	0.00593	0.00891	0.00813	0.01162	0.01410	0.02213	0.01368	0.15303	0.68596	0.00777	0.01246	0.00579	0.00280	0.00437
10	0.85592	0.00992	0.00754	0.00675	0.00992	0.01151	0.00556	0.01508	0.00873	0.02302	0.00714	0.00834	0.00556	0.00476	0.00318	0.00159	0.00397	0.00278	0.00318	0.00556
11	0.00642	0.00459	0.00615	0.00734	0.00771	0.00431	0.00506	0.00744	0.00999	0.01329	0.02819	0.75254	0.03357	0.01592	0.00659	0.00211	0.00312	0.07670	0.00476	0.00421
12	0.01194	0.00989	0.01134	0.00822	0.01271	0.00817	0.00662	0.12401	0.01262	0.01901	0.00959	0.01089	0.00777	0.00415	0.00400	0.00087	0.00407	0.00327	0.00335	0.72753
13	0.01233	0.12845	0.01275	0.00899	0.01196	0.01123	0.00728	0.02030	0.37447	0.07994	0.18465	0.02089	0.02057	0.00704	0.00500	0.00152	0.00391	0.00583	0.00478	0.07812
14	0.13311	0.00526	0.00681	0.00669	0.00716	0.00549	0.00462	0.00792	0.00698	0.01098	0.00865	0.01453	0.00842	0.01591	0.01758	0.72621	0.00438	0.00421	0.00237	0.00272
15	0.61977	0.00870	0.00750	0.00694	0.00958	0.00970	0.00551	0.01408	0.00957	0.06766	0.05118	0.14592	0.01294	0.00705	0.00401	0.00167	0.00375	0.00523	0.00376	0.00548
16	0.01802	0.01320	0.01410	0.01104	0.01478	0.01462	0.00905	0.63792	0.08632	0.03020	0.01345	0.01352	0.00972	0.00621	0.00500	0.00152	0.00521	0.00473	0.08307	0.00831
17	0.00733	0.00550	0.00825	0.00825	0.00916	0.00641	0.00641	0.00916	0.00825	0.01191	0.01374	0.02016	0.01283	0.03848	0.79934	0.00825	0.01374	0.00550	0.00275	0.00458
18	0.12997	0.00843	0.01011	0.00839	0.01145	0.00824	0.00674	0.02048	0.12953	0.39338	0.19502	0.02130	0.02043	0.00718	0.00511	0.00162	0.00382	0.00589	0.00559	0.00731
19	0.00638	0.00466	0.00600	0.00683	0.00742	0.00428	0.00468	0.00754	0.01072	0.01428	0.14187	0.61675	0.11985	0.01491	0.00642	0.00198	0.00285	0.01339	0.00489	0.00428
20	0.00758	0.00511	0.00599	0.00616	0.00633	0.00511	0.00387	0.00793	0.00810	0.01074	0.01778	0.03714	0.02025	0.70156	0.02333	0.00459	0.00494	0.11680	0.00335	0.00335
21	0.19048	0.00902	0.01102	0.00868	0.01246	0.00844	0.00715	0.02305	0.02828	0.62167	0.01762	0.01566	0.01132	0.00604	0.00476	0.00159	0.00428	0.00469	0.00569	0.00808
22	0.00696	0.00534	0.00567	0.00551	0.00719	0.00455	0.00411	0.00834	0.01189	0.04653	0.12407	0.04612	0.63878	0.05363	0.00705	0.00188	0.00278	0.01026	0.00484	0.00450
23	0.47021	0.00890	0.00878	0.00742	0.01061	0.00929	0.00606	0.01746	0.01131	0.27226	0.07911	0.01592	0.05130	0.00618	0.00421	0.00160	0.00390	0.00451	0.00450	0.00647
24	0.01276	0.01102	0.01160	0.01044	0.01334	0.01276	0.00812	0.02727	0.77840	0.02146	0.02088	0.01914	0.01566	0.00696	0.00522	0.00174	0.00406	0.00580	0.00522	0.00812
25	0.00644	0.00521	0.00572	0.00559	0.00716	0.00449	0.00419	0.00809	0.01258	0.01596	0.28084	0.04593	0.55542	0.01221	0.00606	0.00170	0.00254	0.01035	0.00504	0.00449
26	0.00686	0.00481	0.00575	0.00619	0.00651	0.00460	0.00389	0.00743	0.00905	0.01196	0.05654	0.33343	0.09663	0.40482	0.01596	0.00343	0.00389	0.01056	0.00400	0.00370
27	0.00669	0.00481	0.00637	0.00703	0.00770	0.00449	0.00498	0.00817	0.01148	0.01564	0.27031	0.50790	0.05213	0.01412	0.00641	0.00194	0.00290	0.05746	0.00504	0.00442
28	0.85592	0.00992	0.00754	0.00675	0.00992	0.01151	0.00556	0.01508	0.00873	0.02302	0.00714	0.00834	0.00556	0.00476	0.00318	0.00159	0.00397	0.00278	0.00318	0.00556
29	0.02302	0.00873	0.01191	0.00913	0.01310	0.00754	0.00754	0.02501	0.01469	0.79122	0.02024	0.01746	0.01270	0.00635	0.00516	0.00159	0.00437	0.00516	0.00635	0.00873
30	0.03961	0.00725	0.00854	0.00763	0.01009	0.00686	0.00599	0.01616	0.12493	0.25329	0.07065	0.09817	0.27866	0.01000	0.00565	0.00173	0.00351	0.03966	0.00531	0.00630
31	0.00663	0.00467	0.00600	0.00674	0.00710	0.00442	0.00444	0.00755	0.00998	0.01347	0.12772	0.55401	0.03281	0.17709	0.01042	0.00260	0.00330	0.01244	0.00455	0.00405
32	0.85592	0.00992	0.00754	0.00675	0.00992	0.01151	0.00556	0.01508	0.00873	0.02302	0.00714	0.00834	0.00556	0.00476	0.00318	0.00159	0.00397	0.00278	0.00318	0.00556
33	0.00819	0.00592	0.00734	0.00783	0.00868	0.00589	0.00549	0.11908	0.01192	0.01592	0.02594	0.69843	0.03024	0.01462	0.00634	0.00200	0.00337	0.01313	0.00482	0.00484
34	0.00643	0.00495	0.00587	0.00652	0.00750	0.00445	0.00472	0.00762	0.01074	0.01355	0.03767	0.38526	0.34821	0.04327	0.00710	0.00207	0.00308	0.09203	0.00470	0.00426
35	0.00625	0.00447	0.00595	0.00714	0.00744	0.00417	0.00476	0.00714	0.00982	0.01310	0.02828	0.81633	0.03394	0.01608	0.00655	0.00208	0.00298	0.01459	0.00476	0.00417
36	0.00726	0.00524	0.00686	0.00646	0.00767	0.00484	0.00484	0.00968	0.01452	0.02058	0.78496	0.03833	0.04841	0.01049	0.00605	0.00161	0.00242	0.00928	0.00565	0.00484
37	0.01031	0.00554	0.00595	0.00565	0.00692	0.00567	0.00423	0.07498	0.01129	0.01874	0.01522	0.01804	0.01216	0.00773	0.00613	0.12579	0.00297	0.00472	0.65322	0.00474
38	0.00635	0.00507	0.00569	0.00582	0.00718	0.00441	0.00426	0.00781	0.01194	0.01513	0.20198	0.18950	0.49069	0.01304	0.00615	0.00177	0.00263	0.01120	0.00495	0.00441
39	0.00700	0.00579	0.00725	0.12324	0.01134	0.00554	0.00573	0.00899	0.01244	0.01602	0.29327	0.04041	0.42240	0.01100	0.00592	0.00169	0.00316	0.00939	0.00470	0.00470
40	0.01372	0.82276	0.02689	0.00878	0.01317	0.02030	0.00878	0.01536	0.01043	0.01207	0.00713	0.00823	0.00658	0.00439	0.00329	0.00110	0.00549	0.00274	0.00219	0.00658
41	0.00791	0.00488	0.00541	0.00551	0.00585	0.00486	0.00337	0.00861	0.00852	0.01262	0.01734	0.09563	0.01850	0.53912	0.01857	0.00374	0.00413	0.00736	0.22443	0.00364
42	0.00668	0.00497	0.00620	0.00651	0.00749	0.00453	0.00469	0.00826	0.01198	0.01603	0.31167	0.31944	0.20321	0.02986	0.00668	0.00190	0.00279	0.03760	0.00505	0.00445
43	0.00839	0.00597	0.00752	0.00735	0.00808	0.00653	0.00514	0.01084	0.12066	0.01216	0.01506	0.02451	0.01494	0.32868	0.28341	0.11948	0.00773	0.00615	0.00318	0.00422
44	0.13458	0.00924	0.01019	0.00747	0.01183	0.00752	0.00600	0.01324	0.01036	0.01764	0.00883	0.01030	0.00730	0.00394	0.00371	0.00088	0.00382	0.00300	0.00306	0.72707
45	0.01084	0.00976	0.01328	0.00949	0.01413	0.00767	0.10880	0.01339	0.01084	0.01668	0.00929	0.01107	0.00762	0.00387	0.00410	0.00089	0.00445	0.00345	0.00298	0.73739
46	0.01127	0.01058	0.01736	0.02553	0.60759	0.01042	0.01309	0.01401	0.01192	0.01666	0.08106	0.02023	0.12551	0.00630	0.00531	0.00156	0.00527	0.00589	0.00313	0.00729
47	0.01421	0.01197	0.01591	0.01737	0.27539	0.01209	0.01083	0.25668	0.01515	0.02148	0.01018	0.01191	0.00809	0.00513	0.00545	0.00136	0.05391	0.00415	0.00349	0.24525
48	0.15893	0.00947	0.01060	0.00940	0.01201	0.01018	0.00770	0.22551	0.04718	0.11336	0.04448	0.11149	0.01755	0.00903	0.00573	0.00182	0.02611	0.16812	0.00476	0.00657
49	0.01327	0.13379	0.02725	0.01832	0.02303	0.12016	0.53923	0.01675	0.01216	0.01528	0.00955	0.01233	0.00745	0.00445	0.00541	0.00156	0.00817	0.00514	0.00255	0.02415

[dist]
# distance from previous block
# <min> <max>
0	2

[block]
# block no. 3 follows, 48 sequences, length 12
# corresponding to MSA columns:
# 252-263
name=unknown_D
#
# <colnr> <probs for GDERKNQSTAVLIFYWHMCP>
#	G	D	E	R	K	N	Q	S	T	A	V	L	I	F	Y	W	H	M	C	P
0	0.00967	0.00851	0.01389	0.69387	0.03119	0.01046	0.01274	0.01295	0.01033	0.01396	0.01020	0.01445	0.00773	0.00525	0.00491	0.00164	0.00621	0.00459	0.12187	0.00557
1	0.01227	0.01330	0.02693	0.02212	0.14797	0.01283	0.57337	0.01738	0.08697	0.01698	0.01129	0.01418	0.00861	0.00462	0.00582	0.00170	0.00779	0.00579	0.00284	0.00723
2	0.13776	0.01374	0.01429	0.01109	0.01507	0.01529	0.00916	0.66375	0.02195	0.03102	0.01159	0.01176	0.00828	0.00596	0.00486	0.00155	0.00541	0.00436	0.00486	0.00828
3	0.00746	0.00497	0.00560	0.00560	0.00560	0.00497	0.00311	0.00746	0.00746	0.00995	0.01617	0.03358	0.01865	0.81967	0.02612	0.00497	0.00497	0.00746	0.00311	0.00311
4	0.01992	0.01371	0.01499	0.01149	0.01558	0.01492	0.00949	0.68258	0.02301	0.12189	0.01325	0.01293	0.00920	0.00618	0.00514	0.00155	0.00550	0.00468	0.00528	0.00873
5	0.01065	0.02404	0.64259	0.01601	0.02312	0.01213	0.16694	0.01629	0.01109	0.01629	0.00944	0.01143	0.00675	0.00477	0.00511	0.00165	0.00779	0.00424	0.00225	0.00745
6	0.01461	0.01034	0.01236	0.01032	0.01259	0.01162	0.00824	0.30530	0.03658	0.11283	0.07617	0.12988	0.01630	0.05609	0.00887	0.00197	0.15785	0.00664	0.00460	0.00684
7	0.01204	0.01511	0.13512	0.02377	0.26773	0.01258	0.42383	0.01619	0.01179	0.01651	0.00998	0.01305	0.00771	0.00448	0.00558	0.00165	0.00769	0.00526	0.00252	0.00740
8	0.06338	0.13856	0.31655	0.01457	0.05418	0.01306	0.15732	0.05921	0.01213	0.10844	0.01050	0.01182	0.00763	0.00492	0.00482	0.00155	0.00670	0.00425	0.00299	0.00741
9	0.01412	0.01527	0.01986	0.02482	0.47124	0.20425	0.08767	0.01673	0.01215	0.01540	0.00910	0.01187	0.00763	0.00503	0.00588	0.00155	0.06317	0.00440	0.00255	0.00730
10	0.07834	0.01013	0.09192	0.00895	0.01116	0.05212	0.00747	0.07956	0.10276	0.01799	0.13256	0.34057	0.02495	0.01059	0.00564	0.00179	0.00418	0.00915	0.00446	0.00571
11	0.01404	0.00990	0.01434	0.21835	0.13432	0.01056	0.03995	0.10594	0.08487	0.17264	0.01396	0.01747	0.01097	0.12072	0.00814	0.00210	0.00564	0.00527	0.00388	0.00694

[dist]
# distance from previous block
# <min> <max>
6	11

[block]
# block no. 4 follows, 48 sequences, length 7
# corresponding to MSA columns:
# 275-281
name=unknown_E
#
# <colnr> <probs for GDERKNQSTAVLIFYWHMCP>
#	G	D	E	R	K	N	Q	S	T	A	V	L	I	F	Y	W	H	M	C	P
0	0.01164	0.33955	0.49188	0.01233	0.01865	0.01521	0.01496	0.01590	0.01067	0.01461	0.00839	0.00981	0.00653	0.00468	0.00425	0.00142	0.00676	0.00338	0.00218	0.00719
1	0.01161	0.33236	0.49880	0.01238	0.01874	0.01514	0.01505	0.01591	0.01068	0.01465	0.00841	0.00983	0.00653	0.00469	0.00427	0.00142	0.00678	0.00339	0.00218	0.00720
2	0.00642	0.00502	0.00616	0.00657	0.00762	0.00476	0.00478	0.00771	0.01026	0.01315	0.03506	0.30103	0.35181	0.01998	0.19147	0.00337	0.00533	0.01085	0.00429	0.00433
3	0.01015	0.20588	0.37060	0.01073	0.01559	0.01168	0.01221	0.01401	0.01188	0.01661	0.24904	0.01874	0.01950	0.00650	0.00487	0.00150	0.00549	0.00525	0.00325	0.00650
4	0.01223	0.63191	0.02253	0.00866	0.01223	0.01706	0.00823	0.01392	0.00992	0.01203	0.00868	0.01102	0.00804	0.01235	0.18918	0.00277	0.00742	0.00339	0.00232	0.00612
5	0.01111	0.37301	0.27167	0.01056	0.01517	0.01433	0.01154	0.01420	0.01005	0.01339	0.00935	0.01186	0.00801	0.01251	0.18970	0.00294	0.00810	0.00373	0.00232	0.00644
6	0.15313	0.19527	0.08530	0.05389	0.01496	0.09469	0.00918	0.01946	0.06356	0.24548	0.01232	0.01236	0.00885	0.00538	0.00434	0.00147	0.00547	0.00392	0.00384	0.00713

[dist]
# distance from previous block
# <min> <max>
30	90

[block]
# block no. 5 follows, 48 sequences, length 14
# corresponding to MSA columns:
# 379-392
name=unknown_F
#
# <colnr> <probs for GDERKNQSTAVLIFYWHMCP>
#	G	D	E	R	K	N	Q	S	T	A	V	L	I	F	Y	W	H	M	C	P
0	0.09301	0.01211	0.01413	0.05817	0.14739	0.03551	0.00997	0.22053	0.25010	0.08485	0.01435	0.01451	0.01061	0.00594	0.00496	0.00161	0.00515	0.00481	0.00440	0.00790
1	0.01463	0.01140	0.01249	0.00988	0.01372	0.01168	0.00795	0.28105	0.23849	0.04819	0.01500	0.01481	0.02847	0.00583	0.00477	0.00137	0.00451	0.00464	0.00455	0.26657
2	0.01191	0.07312	0.32498	0.01081	0.01638	0.01030	0.01168	0.03998	0.03612	0.07397	0.02670	0.01196	0.00862	0.00478	0.00443	0.00127	0.00551	0.00375	0.00307	0.32066
3	0.01258	0.43525	0.14870	0.01314	0.01827	0.01630	0.21704	0.01567	0.01096	0.01416	0.00845	0.01029	0.00695	0.00442	0.00432	0.00134	0.00660	0.00383	0.00234	0.04939
4	0.00712	0.00526	0.00666	0.00637	0.00766	0.00480	0.00482	0.00937	0.01402	0.01941	0.65150	0.04061	0.15659	0.01098	0.00609	0.00166	0.00252	0.03432	0.00549	0.00476
5	0.00978	0.01169	0.13017	0.69034	0.03340	0.01148	0.01494	0.01357	0.01034	0.01357	0.00913	0.01326	0.00679	0.00509	0.00509	0.00170	0.00695	0.00445	0.00226	0.00598
6	0.01270	0.01219	0.02083	0.03149	0.78767	0.01219	0.01575	0.01575	0.01168	0.01676	0.00965	0.01270	0.00813	0.00457	0.00508	0.00152	0.00610	0.00457	0.00254	0.00813
7	0.01166	0.00906	0.01488	0.68953	0.03206	0.01083	0.01326	0.01487	0.01091	0.12795	0.01076	0.01424	0.00771	0.00531	0.00513	0.00169	0.00647	0.00465	0.00288	0.00615
8	0.01178	0.01125	0.01916	0.26889	0.55746	0.01195	0.01529	0.01494	0.01125	0.01565	0.00949	0.01300	0.00773	0.00474	0.00510	0.00158	0.00632	0.00457	0.00246	0.00738
9	0.01140	0.00909	0.01065	0.00848	0.01227	0.00787	0.00687	0.04381	0.11467	0.04839	0.01393	0.01909	0.01216	0.00595	0.00458	0.00119	0.00406	0.11426	0.00379	0.54747
10	0.01011	0.00945	0.01499	0.67592	0.03171	0.01179	0.01341	0.01462	0.09443	0.01398	0.01028	0.01414	0.00780	0.00554	0.00579	0.00174	0.05103	0.00469	0.00260	0.00596
11	0.01213	0.01161	0.01980	0.17822	0.64538	0.01204	0.01546	0.01525	0.01141	0.01607	0.00955	0.01288	0.00788	0.00468	0.00509	0.00156	0.00624	0.00457	0.00249	0.00767
12	0.14031	0.02818	0.03807	0.01106	0.09699	0.00852	0.00809	0.01902	0.01253	0.41650	0.03552	0.13356	0.01477	0.00736	0.00503	0.00164	0.00438	0.00613	0.00498	0.00735
13	0.01392	0.55428	0.05353	0.12707	0.01680	0.01710	0.00994	0.01602	0.01080	0.09791	0.00893	0.01025	0.00730	0.00489	0.00429	0.00130	0.03292	0.00338	0.00266	0.00670

[dist]
# distance from previous block
# <min> <max>
0	4

# created by:
# /st0/software/busco_prod/Augustus/scripts/msa2prfl.pl ./align_prep/50761.fa
