[name]
unknown

[dist]
# distance from previous block
# <min> <max>
8	144

[block]
# block no. 0 follows, 44 sequences, length 7
# corresponding to MSA columns:
# 204-210
name=unknown_A
#
# <colnr> <probs for GDERKNQSTAVLIFYWHMCP>
#	G	D	E	R	K	N	Q	S	T	A	V	L	I	F	Y	W	H	M	C	P
0	0.14547	0.01100	0.01621	0.05553	0.01708	0.01182	0.18999	0.10328	0.06984	0.02028	0.10758	0.01889	0.01506	0.06873	0.04523	0.00238	0.06740	0.00591	0.00381	0.02451
1	0.01140	0.01052	0.01386	0.01180	0.01350	0.07429	0.11027	0.08457	0.01159	0.01540	0.01546	0.09685	0.04007	0.15423	0.16584	0.00388	0.15049	0.00694	0.00339	0.00563
2	0.06494	0.07002	0.01201	0.00963	0.01160	0.08841	0.05288	0.01436	0.07267	0.06179	0.01590	0.09732	0.01543	0.19298	0.19223	0.00414	0.00781	0.00664	0.00363	0.00559
3	0.01333	0.33800	0.17615	0.01167	0.01667	0.01578	0.05722	0.07784	0.06918	0.01701	0.01053	0.01212	0.00858	0.00780	0.06354	0.00195	0.00688	0.00402	0.00298	0.08875
4	0.12868	0.01289	0.07273	0.01207	0.01614	0.05874	0.12757	0.09876	0.02915	0.24678	0.03644	0.06068	0.06099	0.00710	0.00546	0.00173	0.00578	0.00605	0.00470	0.00756
5	0.08852	0.01323	0.01751	0.01602	0.10912	0.06816	0.12362	0.12090	0.09672	0.08255	0.01301	0.05144	0.01062	0.00702	0.00780	0.00185	0.15507	0.00553	0.00386	0.00748
6	0.08124	0.00909	0.01346	0.01271	0.07076	0.00925	0.11596	0.05895	0.01231	0.06599	0.02223	0.26197	0.08660	0.01070	0.00704	0.00197	0.06556	0.06406	0.00429	0.02587

[dist]
# distance from previous block
# <min> <max>
5	35

[block]
# block no. 1 follows, 44 sequences, length 19
# corresponding to MSA columns:
# 246-264
name=unknown_B
#
# <colnr> <probs for GDERKNQSTAVLIFYWHMCP>
#	G	D	E	R	K	N	Q	S	T	A	V	L	I	F	Y	W	H	M	C	P
0	0.12100	0.01308	0.01655	0.01737	0.19599	0.03814	0.01173	0.17887	0.03664	0.03912	0.01010	0.01252	0.00825	0.00694	0.00926	0.00189	0.26697	0.00461	0.00348	0.00749
1	0.18078	0.01143	0.01390	0.01129	0.01390	0.01309	0.03755	0.10722	0.01165	0.01937	0.00943	0.03527	0.00830	0.00699	0.00933	0.00175	0.29507	0.00444	0.00327	0.20597
2	0.01068	0.00997	0.01383	0.01604	0.19354	0.04924	0.01036	0.01262	0.01069	0.01488	0.05296	0.12008	0.04363	0.01594	0.16620	0.00337	0.21160	0.03498	0.00331	0.00608
3	0.06128	0.01149	0.01213	0.28001	0.02048	0.16541	0.00991	0.01453	0.04690	0.03123	0.01681	0.27224	0.01713	0.00939	0.00572	0.00185	0.00606	0.00803	0.00366	0.00576
4	0.01009	0.00798	0.01122	0.00939	0.01230	0.00685	0.07231	0.01255	0.01266	0.04584	0.19769	0.12776	0.02576	0.00922	0.00578	0.00159	0.00420	0.11832	0.00448	0.30401
5	0.24271	0.00792	0.00957	0.19563	0.01610	0.00866	0.00781	0.01192	0.01029	0.01716	0.01738	0.33409	0.01865	0.00996	0.00538	0.00187	0.00450	0.00853	0.00382	0.06807
6	0.64788	0.01112	0.01138	0.01345	0.19296	0.01240	0.00849	0.01619	0.01003	0.02287	0.00823	0.00996	0.00656	0.00501	0.00386	0.00167	0.00476	0.00341	0.00321	0.00656
7	0.00873	0.00634	0.00723	0.00645	0.00761	0.00576	0.00406	0.00931	0.00873	0.01229	0.01539	0.02986	0.01702	0.61631	0.02209	0.00422	0.00499	0.00681	0.00329	0.20353
8	0.01796	0.02209	0.01566	0.20062	0.02180	0.60158	0.01163	0.01990	0.01436	0.01348	0.00873	0.01095	0.00708	0.00558	0.00504	0.00150	0.00922	0.00383	0.00272	0.00626
9	0.01130	0.00969	0.01130	0.00807	0.01292	0.00727	0.00646	0.01373	0.01130	0.01776	0.00969	0.01130	0.00807	0.00404	0.00404	0.00081	0.00404	0.00323	0.00323	0.84173
10	0.00776	0.00593	0.00751	0.00771	0.00910	0.00511	0.00539	0.00906	0.01064	0.01484	0.02519	0.61534	0.02937	0.01397	0.00626	0.00188	0.00337	0.01257	0.00462	0.20439
11	0.01519	0.01512	0.01307	0.01180	0.01482	0.19815	0.00908	0.02725	0.58565	0.02055	0.01890	0.01783	0.01434	0.00697	0.00540	0.00174	0.00563	0.00553	0.00489	0.00808
12	0.01130	0.00969	0.01130	0.00807	0.01292	0.00727	0.00646	0.01373	0.01130	0.01776	0.00969	0.01130	0.00807	0.00404	0.00404	0.00081	0.00404	0.00323	0.00323	0.84173
13	0.01347	0.01358	0.01229	0.00950	0.01386	0.19336	0.00743	0.01565	0.01229	0.01671	0.00939	0.01095	0.00782	0.00441	0.00425	0.00095	0.00542	0.00330	0.00313	0.64222
14	0.84691	0.01054	0.00801	0.00717	0.01054	0.01223	0.00590	0.01603	0.00928	0.02446	0.00759	0.00886	0.00590	0.00506	0.00337	0.00169	0.00422	0.00295	0.00337	0.00590
15	0.00854	0.00751	0.01336	0.01168	0.01347	0.00751	0.18469	0.01071	0.01042	0.01431	0.02001	0.33721	0.02144	0.02258	0.28449	0.00446	0.00868	0.00990	0.00375	0.00528
16	0.01347	0.01039	0.01206	0.00877	0.01351	0.00858	0.00708	0.11134	0.01348	0.07390	0.01097	0.01205	0.00862	0.00456	0.00432	0.00098	0.00434	0.00361	0.00377	0.67422
17	0.18634	0.01813	0.01468	0.01228	0.01586	0.29986	0.03212	0.28790	0.04438	0.02369	0.01052	0.01134	0.00799	0.00587	0.00487	0.00157	0.00709	0.00409	0.00398	0.00742
18	0.01388	0.00862	0.01196	0.19651	0.01817	0.00812	0.00880	0.01625	0.01230	0.22942	0.01707	0.15174	0.01489	0.00770	0.00538	0.00159	0.00486	0.02813	0.00439	0.24021

[dist]
# distance from previous block
# <min> <max>
19	41

[block]
# block no. 2 follows, 44 sequences, length 13
# corresponding to MSA columns:
# 311-323
name=unknown_C
#
# <colnr> <probs for GDERKNQSTAVLIFYWHMCP>
#	G	D	E	R	K	N	Q	S	T	A	V	L	I	F	Y	W	H	M	C	P
0	0.03074	0.01113	0.03312	0.01181	0.07951	0.03695	0.00858	0.15999	0.17430	0.02163	0.11578	0.07241	0.06076	0.04204	0.04090	0.00212	0.00520	0.00676	0.00464	0.08163
1	0.07967	0.09169	0.09741	0.01276	0.03669	0.06225	0.11464	0.06012	0.12058	0.06481	0.04934	0.15495	0.01614	0.00792	0.00549	0.00176	0.00580	0.00689	0.00407	0.00704
2	0.01267	0.01053	0.01345	0.01284	0.08195	0.02942	0.07374	0.14482	0.18446	0.04271	0.05372	0.18224	0.11463	0.00964	0.00601	0.00184	0.00487	0.00849	0.00486	0.00709
3	0.11229	0.01408	0.01373	0.01126	0.01502	0.10496	0.00906	0.28899	0.17880	0.17296	0.01551	0.01485	0.01103	0.00649	0.00518	0.00167	0.00563	0.00490	0.00518	0.00841
4	0.01578	0.09836	0.21262	0.01199	0.01677	0.09769	0.01171	0.10501	0.14293	0.13399	0.05538	0.01538	0.01234	0.00623	0.00514	0.00160	0.00617	0.00483	0.00418	0.04190
5	0.00998	0.00858	0.01277	0.01734	0.28427	0.00865	0.00971	0.01359	0.10668	0.01644	0.02194	0.42095	0.02374	0.01146	0.00622	0.00195	0.00450	0.01049	0.00427	0.00647
6	0.01107	0.00921	0.01017	0.00984	0.01192	0.01028	0.00735	0.02128	0.49343	0.01961	0.02501	0.30239	0.02362	0.01088	0.00605	0.00198	0.00390	0.00952	0.00537	0.00712
7	0.01215	0.01175	0.01894	0.01382	0.01868	0.01041	0.27571	0.01700	0.10729	0.01830	0.01175	0.01367	0.00923	0.00466	0.00509	0.00131	0.00593	0.00475	0.00335	0.43622
8	0.01801	0.01102	0.01394	0.17172	0.01933	0.01183	0.01003	0.14671	0.21703	0.29449	0.01786	0.01729	0.01235	0.00662	0.00549	0.00175	0.00532	0.00544	0.00532	0.00844
9	0.01259	0.01361	0.01259	0.01181	0.01278	0.24610	0.00904	0.01376	0.01126	0.01347	0.01577	0.29636	0.01751	0.01106	0.01002	0.00203	0.27300	0.00825	0.00348	0.00552
10	0.01420	0.01203	0.01269	0.01122	0.01442	0.01386	0.00878	0.09388	0.69860	0.02384	0.02138	0.01969	0.01598	0.00732	0.00554	0.00183	0.00446	0.00605	0.00554	0.00869
11	0.01250	0.01040	0.01195	0.00864	0.01342	0.00849	0.00695	0.10779	0.01312	0.01987	0.01012	0.01153	0.00823	0.00436	0.00422	0.00091	0.00429	0.00344	0.00351	0.73627
12	0.01130	0.00969	0.01130	0.00807	0.01292	0.00727	0.00646	0.01373	0.01130	0.01776	0.00969	0.01130	0.00807	0.00404	0.00404	0.00081	0.00404	0.00323	0.00323	0.84173

[dist]
# distance from previous block
# <min> <max>
0	1

[block]
# block no. 3 follows, 44 sequences, length 13
# corresponding to MSA columns:
# 325-337
name=unknown_D
#
# <colnr> <probs for GDERKNQSTAVLIFYWHMCP>
#	G	D	E	R	K	N	Q	S	T	A	V	L	I	F	Y	W	H	M	C	P
0	0.01656	0.54183	0.02406	0.01095	0.01498	0.28429	0.00974	0.01819	0.01258	0.01300	0.00787	0.00912	0.00701	0.00499	0.00399	0.00125	0.00720	0.00312	0.00250	0.00676
1	0.01105	0.01235	0.05260	0.00901	0.01121	0.21667	0.00724	0.01327	0.01459	0.01783	0.37426	0.03316	0.18599	0.00987	0.00595	0.00166	0.00488	0.00816	0.00474	0.00551
2	0.01337	0.01252	0.01769	0.01431	0.01805	0.01362	0.21028	0.02586	0.56136	0.02136	0.01917	0.01882	0.01438	0.00664	0.00579	0.00185	0.00563	0.00624	0.00479	0.00828
3	0.01191	0.01024	0.01158	0.00889	0.01326	0.00897	0.00705	0.01785	0.21492	0.01913	0.01307	0.01375	0.01039	0.00495	0.00445	0.00109	0.00411	0.00402	0.00386	0.61653
4	0.01486	0.00958	0.01167	0.00851	0.01319	0.00747	0.00688	0.01720	0.01247	0.22331	0.01288	0.01326	0.00954	0.00477	0.00443	0.00105	0.00420	0.00384	0.00418	0.61671
5	0.01349	0.01295	0.02213	0.03346	0.77440	0.01295	0.01673	0.01673	0.01241	0.01781	0.01025	0.01349	0.00864	0.00486	0.00540	0.00162	0.00648	0.00486	0.00270	0.00864
6	0.01750	0.01284	0.01431	0.01187	0.01539	0.01403	0.00994	0.55485	0.02210	0.02948	0.01735	0.02617	0.01525	0.00885	0.00602	0.00187	0.00573	0.20299	0.00534	0.00812
7	0.01033	0.00858	0.01022	0.00775	0.01163	0.00669	0.00610	0.01280	0.01242	0.01887	0.21562	0.01926	0.01980	0.00596	0.00468	0.00105	0.00364	0.00502	0.00398	0.61559
8	0.01415	0.00989	0.01569	0.02103	0.39315	0.00952	0.01158	0.01651	0.01261	0.19078	0.01818	0.22857	0.01716	0.00859	0.00584	0.00180	0.00516	0.00788	0.00426	0.00765
9	0.23943	0.04885	0.10725	0.01538	0.18809	0.06261	0.01100	0.07959	0.01254	0.05050	0.01086	0.01432	0.00905	0.05067	0.00596	0.00181	0.00588	0.02666	0.00336	0.05618
10	0.03262	0.01025	0.01290	0.01084	0.01375	0.01053	0.07033	0.24470	0.08646	0.06584	0.02074	0.28151	0.03950	0.01001	0.00594	0.00182	0.00482	0.00877	0.00497	0.06370
11	0.01640	0.01296	0.01508	0.01338	0.07071	0.05264	0.05347	0.38969	0.06671	0.04033	0.05259	0.09304	0.01513	0.00779	0.00565	0.00171	0.00562	0.02737	0.05183	0.00789
12	0.03760	0.05898	0.16478	0.01312	0.01740	0.01158	0.17550	0.06707	0.03371	0.06066	0.02320	0.02384	0.21488	0.00791	0.00663	0.00179	0.06400	0.00675	0.00375	0.00686

[dist]
# distance from previous block
# <min> <max>
1	40

[block]
# block no. 4 follows, 44 sequences, length 6
# corresponding to MSA columns:
# 378-383
name=unknown_E
#
# <colnr> <probs for GDERKNQSTAVLIFYWHMCP>
#	G	D	E	R	K	N	Q	S	T	A	V	L	I	F	Y	W	H	M	C	P
0	0.01254	0.10084	0.24093	0.10417	0.05005	0.01353	0.05952	0.09194	0.12046	0.01865	0.01504	0.01632	0.06581	0.00631	0.00568	0.00169	0.03273	0.00514	0.00338	0.03527
1	0.01314	0.09356	0.14900	0.02487	0.44018	0.01387	0.06164	0.01824	0.09906	0.01779	0.01134	0.01356	0.00909	0.00517	0.00526	0.00163	0.00660	0.00478	0.00293	0.00830
2	0.15649	0.29649	0.30899	0.01374	0.09365	0.01572	0.01358	0.01667	0.01107	0.01701	0.00869	0.01029	0.00694	0.00495	0.00430	0.00151	0.00646	0.00354	0.00254	0.00737
3	0.10886	0.06197	0.16592	0.01372	0.01776	0.01292	0.17687	0.08762	0.01241	0.01908	0.01201	0.07201	0.01028	0.00672	0.00682	0.00178	0.10952	0.00552	0.09136	0.00685
4	0.01376	0.43524	0.21843	0.10223	0.01948	0.09896	0.01290	0.01686	0.01163	0.01415	0.00848	0.01024	0.00701	0.00499	0.00430	0.00141	0.00699	0.00349	0.00239	0.00709
5	0.07352	0.01263	0.09289	0.01104	0.01390	0.13001	0.08320	0.01374	0.01197	0.03953	0.05383	0.32320	0.02080	0.01006	0.00579	0.00179	0.00551	0.00884	0.00398	0.08376

[dist]
# distance from previous block
# <min> <max>
1	33

[block]
# block no. 5 follows, 44 sequences, length 9
# corresponding to MSA columns:
# 417-425
name=unknown_F
#
# <colnr> <probs for GDERKNQSTAVLIFYWHMCP>
#	G	D	E	R	K	N	Q	S	T	A	V	L	I	F	Y	W	H	M	C	P
0	0.13526	0.21780	0.01830	0.01097	0.01527	0.01744	0.00947	0.46342	0.01962	0.02747	0.01091	0.01139	0.00822	0.00586	0.00466	0.00152	0.00571	0.00412	0.00437	0.00822
1	0.20408	0.18344	0.06319	0.00987	0.01390	0.01505	0.00890	0.28934	0.01612	0.02466	0.01107	0.01204	0.00849	0.00570	0.00434	0.00151	0.00524	0.00401	0.11165	0.00741
2	0.01193	0.26464	0.43428	0.01208	0.01808	0.01426	0.01439	0.01630	0.01137	0.01636	0.01030	0.01198	0.00799	0.00520	0.00446	0.00149	0.00655	0.00384	0.12721	0.00729
3	0.18293	0.48014	0.08778	0.00965	0.01415	0.01789	0.00949	0.01794	0.10575	0.01683	0.00962	0.01047	0.00798	0.00513	0.00388	0.00141	0.00551	0.00343	0.00295	0.00707
4	0.10537	0.01131	0.09407	0.10924	0.01636	0.01041	0.01000	0.18042	0.01470	0.02106	0.06280	0.13172	0.04126	0.00974	0.00591	0.00194	0.00530	0.15755	0.00438	0.00645
5	0.01767	0.01308	0.01795	0.08972	0.29533	0.01378	0.01279	0.31696	0.01807	0.13101	0.01293	0.01413	0.00945	0.00586	0.00544	0.00165	0.00610	0.00496	0.00436	0.00875
6	0.01199	0.00941	0.01021	0.00944	0.01109	0.10588	0.00720	0.07623	0.01154	0.08269	0.01467	0.02099	0.01328	0.13831	0.44505	0.00611	0.01107	0.00573	0.00352	0.00560
7	0.01413	0.23392	0.01552	0.00961	0.01254	0.10419	0.00817	0.11910	0.01415	0.05671	0.01781	0.08956	0.04922	0.00844	0.00513	0.00163	0.00536	0.11904	0.10928	0.00648
8	0.43094	0.00989	0.00977	0.00834	0.01150	0.01076	0.00678	0.10973	0.01310	0.14350	0.11136	0.01618	0.01417	0.00937	0.07125	0.00229	0.00518	0.00475	0.00448	0.00667

[dist]
# distance from previous block
# <min> <max>
4	6

[block]
# block no. 6 follows, 44 sequences, length 8
# corresponding to MSA columns:
# 437-444
name=unknown_G
#
# <colnr> <probs for GDERKNQSTAVLIFYWHMCP>
#	G	D	E	R	K	N	Q	S	T	A	V	L	I	F	Y	W	H	M	C	P
0	0.01305	0.24563	0.33882	0.01388	0.01983	0.01566	0.09935	0.05715	0.11307	0.01766	0.01114	0.01236	0.00851	0.00533	0.00491	0.00159	0.00695	0.00432	0.00296	0.00782
1	0.29794	0.01620	0.07753	0.01101	0.01500	0.15694	0.00949	0.22652	0.05103	0.07375	0.01107	0.01162	0.00814	0.00581	0.00464	0.00163	0.00612	0.00401	0.00409	0.00746
2	0.00803	0.15904	0.01004	0.00658	0.00872	0.00781	0.00528	0.00941	0.01185	0.01423	0.04207	0.16601	0.50711	0.01259	0.00597	0.00177	0.00341	0.01052	0.00454	0.00503
3	0.17054	0.01055	0.01536	0.45538	0.14979	0.01239	0.01309	0.01605	0.07456	0.01732	0.01044	0.01377	0.00802	0.00544	0.00505	0.00176	0.00631	0.00460	0.00291	0.00666
4	0.01284	0.00916	0.01199	0.01315	0.12317	0.00941	0.00896	0.15544	0.06364	0.08389	0.02159	0.20826	0.02169	0.06277	0.00770	0.00221	0.00493	0.16766	0.00484	0.00671
5	0.01294	0.01075	0.01309	0.13645	0.01767	0.00989	0.00861	0.15527	0.01397	0.02031	0.01034	0.01217	0.00817	0.00474	0.00454	0.00113	0.00493	0.00381	0.00352	0.54771
6	0.00988	0.00826	0.01216	0.14178	0.23918	0.00837	0.00965	0.01236	0.01186	0.01653	0.02576	0.07755	0.22988	0.00860	0.00550	0.00169	0.00458	0.00749	0.16281	0.00611
7	0.16763	0.00664	0.00800	0.00773	0.00924	0.00727	0.00597	0.01091	0.01066	0.01720	0.20196	0.02583	0.05928	0.05266	0.37949	0.00521	0.00874	0.00664	0.00389	0.00506

[dist]
# distance from previous block
# <min> <max>
0	1

[block]
# block no. 7 follows, 44 sequences, length 53
# corresponding to MSA columns:
# 446-498
name=unknown_H
#
# <colnr> <probs for GDERKNQSTAVLIFYWHMCP>
#	G	D	E	R	K	N	Q	S	T	A	V	L	I	F	Y	W	H	M	C	P
0	0.01956	0.01618	0.01715	0.01598	0.13484	0.10784	0.01137	0.55372	0.02236	0.02928	0.01209	0.01276	0.00890	0.00617	0.00538	0.00161	0.00653	0.00473	0.00471	0.00882
1	0.01185	0.01166	0.01606	0.01357	0.01415	0.01558	0.01128	0.01319	0.00870	0.01367	0.00746	0.01185	0.00727	0.00889	0.01624	0.00220	0.70393	0.00459	0.00249	0.10538
2	0.74908	0.01039	0.00856	0.00747	0.01094	0.01173	0.00616	0.01728	0.01003	0.11412	0.00925	0.01001	0.00681	0.00526	0.00362	0.00169	0.00427	0.00325	0.00378	0.00631
3	0.01302	0.01281	0.02285	0.12261	0.58204	0.01297	0.12012	0.01650	0.01230	0.01730	0.01030	0.01379	0.00842	0.00489	0.00555	0.00167	0.00695	0.00508	0.00267	0.00815
4	0.00943	0.00816	0.00864	0.00909	0.01043	0.09842	0.00725	0.01152	0.01327	0.01687	0.21146	0.16544	0.07635	0.01321	0.00680	0.00210	0.00457	0.31688	0.00501	0.00509
5	0.01311	0.01257	0.02144	0.12408	0.68675	0.01285	0.01654	0.01640	0.01223	0.01735	0.01019	0.01362	0.00847	0.00493	0.00540	0.00164	0.00657	0.00486	0.00267	0.00833
6	0.01567	0.01725	0.01603	0.01887	0.24255	0.33807	0.01188	0.01952	0.10642	0.01631	0.01385	0.02027	0.01248	0.00708	0.00554	0.00170	0.00740	0.11855	0.00346	0.00710
7	0.00822	0.00633	0.00903	0.00879	0.00950	0.00750	0.00668	0.00974	0.00857	0.01232	0.01434	0.02307	0.01412	0.17642	0.57486	0.00751	0.08925	0.00611	0.00294	0.00469
8	0.01211	0.01432	0.13837	0.26582	0.43007	0.01265	0.01677	0.01595	0.01181	0.01653	0.01001	0.01351	0.00794	0.00509	0.00538	0.00170	0.00697	0.00472	0.00255	0.00775
9	0.01016	0.00508	0.00508	0.00508	0.00635	0.00508	0.00381	0.01270	0.01143	0.02033	0.01778	0.02033	0.01397	0.00635	0.00381	0.00127	0.00254	0.00508	0.83867	0.00508
10	0.01349	0.01295	0.02213	0.03346	0.77440	0.01295	0.01673	0.01673	0.01241	0.01781	0.01025	0.01349	0.00864	0.00486	0.00540	0.00162	0.00648	0.00486	0.00270	0.00864
11	0.01443	0.01336	0.02022	0.01567	0.01984	0.01417	0.28179	0.13882	0.37368	0.02266	0.01668	0.01714	0.01242	0.00624	0.00586	0.00181	0.00636	0.00607	0.00451	0.00826
12	0.01016	0.00508	0.00508	0.00508	0.00635	0.00508	0.00381	0.01270	0.01143	0.02033	0.01778	0.02033	0.01397	0.00635	0.00381	0.00127	0.00254	0.00508	0.83867	0.00508
13	0.34627	0.18435	0.08552	0.01045	0.01396	0.10716	0.00953	0.03355	0.01083	0.01847	0.00795	0.00977	0.00663	0.00579	0.00606	0.00165	0.12928	0.00344	0.00288	0.00647
14	0.00956	0.00682	0.00909	0.00849	0.00939	0.00752	0.00643	0.01112	0.01109	0.06449	0.22772	0.03163	0.03807	0.21294	0.15075	0.00399	0.12956	0.05211	0.00420	0.00502
15	0.00734	0.00545	0.00693	0.00687	0.00808	0.00505	0.00507	0.00941	0.01370	0.01879	0.48291	0.16043	0.17028	0.01450	0.05826	0.00228	0.00349	0.01075	0.00549	0.00492
16	0.02277	0.01015	0.01301	0.01008	0.01406	0.00953	0.00826	0.16720	0.01700	0.58388	0.01909	0.01736	0.01241	0.00750	0.00650	0.05592	0.00491	0.00532	0.00621	0.00883
17	0.00978	0.00613	0.00738	0.00674	0.00871	0.00536	0.00517	0.01178	0.01419	0.13660	0.35158	0.04224	0.35058	0.01159	0.00629	0.00176	0.00297	0.00987	0.00572	0.00556
18	0.01348	0.01207	0.01469	0.01251	0.01588	0.01359	0.09736	0.02760	0.67513	0.02217	0.02086	0.01967	0.01565	0.00706	0.00565	0.00185	0.00489	0.00620	0.00522	0.00848
19	0.01349	0.01295	0.02213	0.03346	0.77440	0.01295	0.01673	0.01673	0.01241	0.01781	0.01025	0.01349	0.00864	0.00486	0.00540	0.00162	0.00648	0.00486	0.00270	0.00864
20	0.00817	0.00604	0.00805	0.00794	0.00871	0.00629	0.00592	0.00933	0.01178	0.01621	0.29759	0.20273	0.10804	0.01389	0.01027	0.13268	0.09782	0.03928	0.00467	0.00459
21	0.01574	0.42868	0.14236	0.01188	0.01701	0.03426	0.05928	0.15088	0.01426	0.06449	0.01001	0.01097	0.00787	0.00523	0.00445	0.00142	0.00644	0.00385	0.00320	0.00772
22	0.00838	0.00892	0.12682	0.00777	0.00914	0.00662	0.00634	0.00960	0.00858	0.01186	0.01572	0.03022	0.01707	0.59205	0.11452	0.00514	0.00683	0.00707	0.00310	0.00423
23	0.00921	0.00491	0.00736	0.00736	0.00751	0.00506	0.00506	0.00751	0.00736	0.00997	0.01027	0.01733	0.01012	0.02236	0.14049	0.71175	0.00627	0.00491	0.00245	0.00276
24	0.01496	0.09026	0.50490	0.01340	0.02011	0.01215	0.01588	0.01974	0.01260	0.22581	0.01281	0.01321	0.00872	0.00557	0.00512	0.00167	0.00693	0.00433	0.00353	0.00830
25	0.01193	0.01193	0.01670	0.01431	0.01431	0.01670	0.01193	0.01312	0.00835	0.01312	0.00716	0.01193	0.00716	0.00954	0.01789	0.00239	0.79843	0.00477	0.00239	0.00596
26	0.01420	0.01110	0.01300	0.13293	0.01764	0.01262	0.00952	0.08621	0.47519	0.08596	0.06642	0.01996	0.01648	0.00720	0.00557	0.00180	0.00483	0.00603	0.00518	0.00812
27	0.01092	0.01033	0.01749	0.64553	0.18241	0.01228	0.01545	0.01448	0.01120	0.01469	0.00980	0.01433	0.00754	0.00533	0.00544	0.00178	0.00711	0.00485	0.00248	0.00656
28	0.03230	0.01309	0.01427	0.01196	0.01551	0.06468	0.05140	0.14516	0.44885	0.11363	0.01881	0.01772	0.01375	0.00686	0.00549	0.00176	0.00527	0.00566	0.00529	0.00853
29	0.01193	0.01193	0.01670	0.01431	0.01431	0.01670	0.01193	0.01312	0.00835	0.01312	0.00716	0.01193	0.00716	0.00954	0.01789	0.00239	0.79843	0.00477	0.00239	0.00596
30	0.00829	0.00942	0.12772	0.00929	0.01181	0.00667	0.00890	0.01099	0.01234	0.01590	0.03529	0.05049	0.29164	0.01308	0.00678	0.00215	0.00469	0.36461	0.00461	0.00534
31	0.01366	0.13731	0.02313	0.02971	0.65600	0.01430	0.01558	0.01667	0.01221	0.01703	0.00984	0.01275	0.00838	0.00483	0.00510	0.00155	0.00638	0.00456	0.00264	0.00838
32	0.01082	0.00928	0.01053	0.00804	0.01220	0.00760	0.00636	0.01462	0.10108	0.01789	0.01827	0.01879	0.12806	0.00596	0.00459	0.00109	0.00387	0.00487	0.00379	0.61230
33	0.01252	0.36901	0.45322	0.01284	0.01942	0.01654	0.01544	0.01686	0.01132	0.01533	0.00882	0.01031	0.00695	0.00496	0.00445	0.00148	0.00709	0.00354	0.00232	0.00760
34	0.01328	0.01274	0.02175	0.08398	0.72554	0.01290	0.01663	0.01655	0.01231	0.01755	0.01022	0.01356	0.00854	0.00490	0.00540	0.00163	0.00653	0.00486	0.00268	0.00846
35	0.00768	0.00601	0.00755	0.05222	0.01050	0.00568	0.00645	0.00980	0.01302	0.01670	0.19648	0.05067	0.34061	0.01316	0.00673	0.00202	0.00369	0.24100	0.00510	0.00493
36	0.00683	0.00487	0.00622	0.00722	0.00757	0.00457	0.00473	0.00766	0.01016	0.01344	0.02948	0.64224	0.07545	0.14010	0.01017	0.00267	0.00347	0.01409	0.00479	0.00426
37	0.01412	0.01434	0.02546	0.01887	0.02364	0.03044	0.48195	0.10803	0.18411	0.02059	0.01374	0.01568	0.01025	0.00548	0.00609	0.00181	0.00772	0.00613	0.00371	0.00785
38	0.01016	0.00508	0.00508	0.00508	0.00635	0.00508	0.00381	0.01270	0.01143	0.02033	0.01778	0.02033	0.01397	0.00635	0.00381	0.00127	0.00254	0.00508	0.83867	0.00508
39	0.01304	0.01047	0.01278	0.01041	0.05678	0.00907	0.00783	0.07716	0.01263	0.06395	0.01054	0.01205	0.00847	0.00482	0.00524	0.00108	0.05705	0.00370	0.00354	0.61939
40	0.01266	0.01202	0.02039	0.12237	0.63592	0.01229	0.01577	0.01579	0.01210	0.01709	0.01150	0.06609	0.01029	0.00574	0.00551	0.00168	0.00635	0.00556	0.00282	0.00805
41	0.01016	0.00508	0.00508	0.00508	0.00635	0.00508	0.00381	0.01270	0.01143	0.02033	0.01778	0.02033	0.01397	0.00635	0.00381	0.00127	0.00254	0.00508	0.83867	0.00508
42	0.01238	0.01163	0.01180	0.00879	0.01339	0.09996	0.00694	0.01468	0.01180	0.01724	0.00954	0.01113	0.00795	0.00423	0.00414	0.00088	0.00473	0.00326	0.00318	0.74236
43	0.00793	0.00529	0.00595	0.00595	0.00595	0.00529	0.00330	0.00793	0.00793	0.01057	0.01718	0.03568	0.01982	0.80840	0.02775	0.00529	0.00529	0.00793	0.00330	0.00330
44	0.00760	0.00557	0.00712	0.00673	0.00807	0.00509	0.00505	0.01006	0.01515	0.02120	0.70486	0.04182	0.11851	0.01139	0.00643	0.00173	0.00259	0.01001	0.00591	0.00509
45	0.01526	0.01133	0.01238	0.01088	0.01414	0.01270	0.00853	0.02860	0.64794	0.14041	0.02208	0.02006	0.01615	0.00730	0.00554	0.00182	0.00437	0.00606	0.00573	0.00873
46	0.01084	0.02532	0.66124	0.13694	0.02577	0.01258	0.01936	0.01675	0.01142	0.01675	0.00977	0.01198	0.00696	0.00522	0.00522	0.00174	0.00793	0.00416	0.00232	0.00775
47	0.00766	0.00542	0.00707	0.00719	0.00773	0.00560	0.00492	0.00880	0.00972	0.01345	0.13573	0.14517	0.02525	0.33479	0.25199	0.00533	0.00738	0.00871	0.00387	0.00423
48	0.01349	0.01295	0.02213	0.03346	0.77440	0.01295	0.01673	0.01673	0.01241	0.01781	0.01025	0.01349	0.00864	0.00486	0.00540	0.00162	0.00648	0.00486	0.00270	0.00864
49	0.01193	0.01193	0.01670	0.01431	0.01431	0.01670	0.01193	0.01312	0.00835	0.01312	0.00716	0.01193	0.00716	0.00954	0.01789	0.00239	0.79843	0.00477	0.00239	0.00596
50	0.01193	0.01193	0.01670	0.01431	0.01431	0.01670	0.01193	0.01312	0.00835	0.01312	0.00716	0.01193	0.00716	0.00954	0.01789	0.00239	0.79843	0.00477	0.00239	0.00596
51	0.00671	0.00481	0.00646	0.00766	0.00801	0.00456	0.00516	0.00771	0.01034	0.01385	0.02917	0.76023	0.03478	0.01844	0.05137	0.00259	0.00381	0.01495	0.00494	0.00445
52	0.01112	0.14749	0.57120	0.01354	0.02026	0.01315	0.01667	0.01629	0.01191	0.01712	0.10005	0.01455	0.01222	0.00581	0.00507	0.00164	0.00706	0.00455	0.00275	0.00755

[dist]
# distance from previous block
# <min> <max>
0	1

[block]
# block no. 8 follows, 44 sequences, length 100
# corresponding to MSA columns:
# 500-599
name=unknown_I
#
# <colnr> <probs for GDERKNQSTAVLIFYWHMCP>
#	G	D	E	R	K	N	Q	S	T	A	V	L	I	F	Y	W	H	M	C	P
0	0.00781	0.00574	0.00824	0.00824	0.00903	0.00653	0.00616	0.00940	0.00861	0.01227	0.01508	0.02408	0.01478	0.18397	0.64529	0.00811	0.01287	0.00623	0.00299	0.00458
1	0.01193	0.01193	0.01670	0.01431	0.01431	0.01670	0.01193	0.01312	0.00835	0.01312	0.00716	0.01193	0.00716	0.00954	0.01789	0.00239	0.79843	0.00477	0.00239	0.00596
2	0.00675	0.00524	0.00618	0.00688	0.00790	0.00473	0.00486	0.00820	0.02609	0.01448	0.04009	0.46435	0.33443	0.01551	0.00674	0.00206	0.00307	0.03277	0.00507	0.00460
3	0.00969	0.00907	0.01436	0.59483	0.03034	0.01102	0.01287	0.01274	0.01101	0.01402	0.01801	0.02143	0.14986	0.00729	0.00648	0.00186	0.06036	0.00608	0.00291	0.00578
4	0.01554	0.01684	0.02014	0.02767	0.54838	0.24375	0.01488	0.01823	0.01332	0.01648	0.00971	0.01240	0.00815	0.00508	0.00525	0.00156	0.00748	0.00446	0.00273	0.00794
5	0.01193	0.01193	0.01670	0.01431	0.01431	0.01670	0.01193	0.01312	0.00835	0.01312	0.00716	0.01193	0.00716	0.00954	0.01789	0.00239	0.79843	0.00477	0.00239	0.00596
6	0.01209	0.03723	0.20894	0.02374	0.35805	0.01236	0.14273	0.01600	0.01192	0.01693	0.01183	0.06793	0.01043	0.03820	0.00648	0.00186	0.00704	0.00572	0.00279	0.00773
7	0.15756	0.02016	0.01438	0.16767	0.01989	0.50271	0.01067	0.01925	0.01351	0.01533	0.00854	0.01060	0.00688	0.00549	0.00476	0.00153	0.00838	0.00368	0.00283	0.00620
8	0.01398	0.01192	0.01839	0.01416	0.01779	0.01211	0.24514	0.28561	0.01771	0.02402	0.15602	0.12119	0.02028	0.00815	0.00614	0.00179	0.00601	0.00769	0.00465	0.00727
9	0.01349	0.01295	0.02213	0.03346	0.77440	0.01295	0.01673	0.01673	0.01241	0.01781	0.01025	0.01349	0.00864	0.00486	0.00540	0.00162	0.00648	0.00486	0.00270	0.00864
10	0.01130	0.00969	0.01130	0.00807	0.01292	0.00727	0.00646	0.01373	0.01130	0.01776	0.00969	0.01130	0.00807	0.00404	0.00404	0.00081	0.00404	0.00323	0.00323	0.84173
11	0.00790	0.00539	0.00647	0.00647	0.00665	0.00557	0.00396	0.00827	0.00808	0.01096	0.01670	0.03302	0.01867	0.66532	0.16925	0.00593	0.00702	0.00754	0.00323	0.00359
12	0.01309	0.01408	0.02861	0.02670	0.29316	0.01349	0.49278	0.01720	0.01271	0.01759	0.01075	0.01428	0.00840	0.00469	0.00607	0.00176	0.00823	0.00587	0.00274	0.00781
13	0.01016	0.00508	0.00508	0.00508	0.00635	0.00508	0.00381	0.01270	0.01143	0.02033	0.01778	0.02033	0.01397	0.00635	0.00381	0.00127	0.00254	0.00508	0.83867	0.00508
14	0.01320	0.37293	0.21482	0.01060	0.01616	0.01507	0.01129	0.01631	0.01143	0.04617	0.00925	0.01051	0.00751	0.00472	0.00415	0.00124	0.00589	0.00338	0.00273	0.22266
15	0.01282	0.01683	0.20947	0.02833	0.53868	0.01294	0.06787	0.01691	0.01222	0.01765	0.01019	0.01309	0.00818	0.00492	0.00541	0.00166	0.00705	0.00476	0.00260	0.00841
16	0.01016	0.00508	0.00508	0.00508	0.00635	0.00508	0.00381	0.01270	0.01143	0.02033	0.01778	0.02033	0.01397	0.00635	0.00381	0.00127	0.00254	0.00508	0.83867	0.00508
17	0.01912	0.21910	0.01938	0.01188	0.01616	0.09523	0.01012	0.49423	0.02091	0.02677	0.01122	0.01166	0.00847	0.00597	0.00490	0.00149	0.00634	0.00426	0.00439	0.00840
18	0.00779	0.00584	0.00876	0.00876	0.00974	0.00681	0.00681	0.00974	0.00876	0.01266	0.01460	0.02142	0.01363	0.04089	0.78680	0.00876	0.01460	0.00584	0.00292	0.00487
19	0.01748	0.01366	0.01454	0.01189	0.01567	0.01539	0.00958	0.42708	0.36005	0.02913	0.01721	0.01637	0.01261	0.00693	0.00550	0.00173	0.00524	0.00548	0.00550	0.00898
20	0.01016	0.00508	0.00508	0.00508	0.00635	0.00508	0.00381	0.01270	0.01143	0.02033	0.01778	0.02033	0.01397	0.00635	0.00381	0.00127	0.00254	0.00508	0.83867	0.00508
21	0.00832	0.00979	0.15137	0.00848	0.01103	0.00655	0.00794	0.01159	0.01470	0.02101	0.62951	0.03528	0.04314	0.01003	0.00620	0.00172	0.00359	0.00877	0.00531	0.00569
22	0.02037	0.02598	0.01545	0.01404	0.01685	0.78652	0.01053	0.02177	0.01545	0.01334	0.00843	0.00983	0.00702	0.00562	0.00492	0.00140	0.00983	0.00351	0.00281	0.00632
23	0.01242	0.01158	0.01936	0.02850	0.63155	0.01150	0.01457	0.01553	0.01298	0.01857	0.15217	0.01857	0.01662	0.00603	0.00559	0.00164	0.00575	0.00579	0.00331	0.00798
24	0.02072	0.01527	0.01636	0.01254	0.01691	0.01691	0.01036	0.75622	0.02563	0.03436	0.01309	0.01309	0.00927	0.00654	0.00545	0.00164	0.00600	0.00491	0.00545	0.00927
25	0.00879	0.00628	0.00879	0.01004	0.01130	0.00628	0.00879	0.01130	0.01255	0.01632	0.02887	0.06150	0.03138	0.01506	0.00753	0.00251	0.00502	0.73770	0.00502	0.00502
26	0.00664	0.00474	0.00633	0.00759	0.00791	0.00443	0.00506	0.00759	0.01044	0.01392	0.03005	0.80485	0.03606	0.01708	0.00696	0.00221	0.00316	0.01550	0.00506	0.00443
27	0.01910	0.02332	0.01487	0.01349	0.01635	0.64242	0.01018	0.02311	0.15510	0.01511	0.01099	0.01179	0.00882	0.00595	0.00503	0.00149	0.00880	0.00401	0.00332	0.00675
28	0.02072	0.01527	0.01636	0.01254	0.01691	0.01691	0.01036	0.75622	0.02563	0.03436	0.01309	0.01309	0.00927	0.00654	0.00545	0.00164	0.00600	0.00491	0.00545	0.00927
29	0.01193	0.01193	0.01670	0.01431	0.01431	0.01670	0.01193	0.01312	0.00835	0.01312	0.00716	0.01193	0.00716	0.00954	0.01789	0.00239	0.79843	0.00477	0.00239	0.00596
30	0.00995	0.00918	0.01621	0.36320	0.02580	0.01005	0.15019	0.01315	0.01160	0.01516	0.01712	0.12691	0.01689	0.00907	0.00632	0.00204	0.00656	0.18132	0.00344	0.00584
31	0.01349	0.01295	0.02213	0.03346	0.77440	0.01295	0.01673	0.01673	0.01241	0.01781	0.01025	0.01349	0.00864	0.00486	0.00540	0.00162	0.00648	0.00486	0.00270	0.00864
32	0.01938	0.01484	0.01744	0.01644	0.15812	0.01617	0.01155	0.61836	0.02317	0.03127	0.01256	0.01316	0.00915	0.00623	0.00544	0.00163	0.00609	0.00490	0.00494	0.00915
33	0.01193	0.01193	0.01670	0.01431	0.01431	0.01670	0.01193	0.01312	0.00835	0.01312	0.00716	0.01193	0.00716	0.00954	0.01789	0.00239	0.79843	0.00477	0.00239	0.00596
34	0.02072	0.01527	0.01636	0.01254	0.01691	0.01691	0.01036	0.75622	0.02563	0.03436	0.01309	0.01309	0.00927	0.00654	0.00545	0.00164	0.00600	0.00491	0.00545	0.00927
35	0.01849	0.06515	0.01587	0.01198	0.01597	0.25143	0.00963	0.34829	0.01897	0.02353	0.01070	0.01150	0.00822	0.00568	0.00491	0.00138	0.00680	0.00405	0.00404	0.16342
36	0.00750	0.00556	0.00699	0.00663	0.00801	0.00505	0.00498	0.00987	0.01493	0.02066	0.65090	0.04270	0.17281	0.01159	0.00643	0.00174	0.00260	0.01014	0.00584	0.00505
37	0.00782	0.00573	0.00820	0.00820	0.00898	0.00651	0.00612	0.00938	0.00860	0.01224	0.01511	0.02424	0.01486	0.19294	0.63642	0.00807	0.01276	0.00625	0.00300	0.00456
38	0.01258	0.01377	0.02828	0.02020	0.02559	0.01257	0.61512	0.01677	0.01258	0.01752	0.01078	0.01407	0.00824	0.00449	0.00599	0.00165	0.00823	0.00584	0.00285	0.16290
39	0.00779	0.00584	0.00876	0.00876	0.00974	0.00681	0.00681	0.00974	0.00876	0.01266	0.01460	0.02142	0.01363	0.04089	0.78680	0.00876	0.01460	0.00584	0.00292	0.00487
40	0.01078	0.01063	0.01930	0.65132	0.03586	0.01242	0.15299	0.01459	0.01127	0.01459	0.00994	0.01457	0.00745	0.00529	0.00563	0.00182	0.00763	0.00514	0.00248	0.00630
41	0.01016	0.00508	0.00508	0.00508	0.00635	0.00508	0.00381	0.01270	0.01143	0.02033	0.01778	0.02033	0.01397	0.00635	0.00381	0.00127	0.00254	0.00508	0.83867	0.00508
42	0.17612	0.01165	0.08918	0.01013	0.01461	0.00957	0.02353	0.03913	0.01418	0.53053	0.01735	0.01585	0.01123	0.00623	0.00508	0.00169	0.00502	0.00487	0.00557	0.00849
43	0.01417	0.56410	0.16679	0.01089	0.01597	0.06511	0.01137	0.01769	0.06278	0.01437	0.00904	0.01012	0.00764	0.00500	0.00404	0.00133	0.00638	0.00338	0.00257	0.00726
44	0.01016	0.00508	0.00508	0.00508	0.00635	0.00508	0.00381	0.01270	0.01143	0.02033	0.01778	0.02033	0.01397	0.00635	0.00381	0.00127	0.00254	0.00508	0.83867	0.00508
45	0.01518	0.37210	0.02187	0.15870	0.07097	0.17017	0.01119	0.06175	0.04333	0.01517	0.00924	0.01109	0.00769	0.00524	0.00447	0.00142	0.00688	0.00378	0.00279	0.00700
46	0.00779	0.00584	0.00876	0.00876	0.00974	0.00681	0.00681	0.00974	0.00876	0.01266	0.01460	0.02142	0.01363	0.04089	0.78680	0.00876	0.01460	0.00584	0.00292	0.00487
47	0.02446	0.00928	0.01265	0.00970	0.01392	0.00801	0.00801	0.02657	0.01560	0.77817	0.02151	0.01856	0.01350	0.00675	0.00548	0.00169	0.00464	0.00548	0.00675	0.00928
48	0.01559	0.01126	0.01239	0.01083	0.01413	0.01253	0.00851	0.02852	0.62492	0.16363	0.02206	0.02001	0.01606	0.00728	0.00554	0.00182	0.00438	0.00604	0.00577	0.00875
49	0.01349	0.01295	0.02213	0.03346	0.77440	0.01295	0.01673	0.01673	0.01241	0.01781	0.01025	0.01349	0.00864	0.00486	0.00540	0.00162	0.00648	0.00486	0.00270	0.00864
50	0.00781	0.00574	0.00824	0.00824	0.00903	0.00653	0.00616	0.00940	0.00861	0.01227	0.01508	0.02408	0.01478	0.18397	0.64529	0.00811	0.01287	0.00623	0.00299	0.00458
51	0.01002	0.00511	0.00521	0.00519	0.00646	0.00509	0.00389	0.01256	0.01167	0.02042	0.06286	0.02155	0.01621	0.00664	0.00397	0.00130	0.00254	0.00537	0.78887	0.00509
52	0.01350	0.01455	0.01647	0.01426	0.01479	0.16021	0.01167	0.01473	0.00967	0.01316	0.00739	0.01154	0.00713	0.00881	0.01547	0.00220	0.65141	0.00454	0.00246	0.00603
53	0.01897	0.01423	0.01542	0.01171	0.01616	0.01511	0.00963	0.61780	0.02296	0.03127	0.01246	0.01276	0.00905	0.00608	0.00519	0.00148	0.00563	0.00460	0.00504	0.16446
54	0.00746	0.00509	0.00609	0.00655	0.00666	0.00497	0.00395	0.00780	0.00885	0.01180	0.02189	0.31759	0.02577	0.51837	0.02013	0.00416	0.00451	0.01070	0.00395	0.00372
55	0.01349	0.01295	0.02213	0.03346	0.77440	0.01295	0.01673	0.01673	0.01241	0.01781	0.01025	0.01349	0.00864	0.00486	0.00540	0.00162	0.00648	0.00486	0.00270	0.00864
56	0.00792	0.00627	0.00927	0.01241	0.15080	0.00602	0.00724	0.00930	0.01081	0.01464	0.02636	0.65732	0.03095	0.01480	0.00667	0.00210	0.00378	0.01351	0.00462	0.00521
57	0.01193	0.01193	0.01670	0.01431	0.01431	0.01670	0.01193	0.01312	0.00835	0.01312	0.00716	0.01193	0.00716	0.00954	0.01789	0.00239	0.79843	0.00477	0.00239	0.00596
58	0.00664	0.00474	0.00633	0.00759	0.00791	0.00443	0.00506	0.00759	0.01044	0.01392	0.03005	0.80485	0.03606	0.01708	0.00696	0.00221	0.00316	0.01550	0.00506	0.00443
59	0.01030	0.00969	0.01635	0.79530	0.03755	0.01211	0.01514	0.01393	0.01090	0.01393	0.00969	0.01453	0.00727	0.00545	0.00545	0.00182	0.00727	0.00484	0.00242	0.00606
60	0.01477	0.01538	0.02088	0.02984	0.63317	0.15717	0.01558	0.01767	0.01298	0.01698	0.00991	0.01281	0.00833	0.00500	0.00531	0.00158	0.00710	0.00461	0.00272	0.00820
61	0.00886	0.00694	0.00943	0.00920	0.01056	0.00807	0.00715	0.01332	0.14966	0.01455	0.01602	0.02122	0.01419	0.03464	0.64115	0.00747	0.01268	0.00590	0.00341	0.00557
62	0.32961	0.04477	0.08351	0.06814	0.15788	0.01246	0.05521	0.04692	0.01199	0.12619	0.01078	0.01221	0.00797	0.00531	0.00462	0.00167	0.00568	0.00417	0.00356	0.00735
63	0.01193	0.01193	0.01670	0.01431	0.01431	0.01670	0.01193	0.01312	0.00835	0.01312	0.00716	0.01193	0.00716	0.00954	0.01789	0.00239	0.79843	0.00477	0.00239	0.00596
64	0.01317	0.01385	0.06792	0.06247	0.64886	0.01296	0.06717	0.01670	0.01233	0.01760	0.01026	0.01350	0.00845	0.00488	0.00546	0.00165	0.00679	0.00491	0.00267	0.00841
65	0.01064	0.00892	0.01056	0.00785	0.01203	0.00687	0.00621	0.01309	0.01207	0.01853	0.15171	0.01679	0.01616	0.00536	0.00448	0.00098	0.00376	0.00447	0.00375	0.68577
66	0.38708	0.16817	0.01301	0.00832	0.01164	0.01236	0.00711	0.01669	0.01060	0.14688	0.01124	0.01281	0.00884	0.01195	0.14980	0.00290	0.00654	0.00391	0.00365	0.00650
67	0.00932	0.00739	0.01074	0.01345	0.15257	0.00733	0.00901	0.01226	0.04313	0.01744	0.15350	0.14735	0.05018	0.01242	0.00676	0.00212	0.00453	0.32994	0.00478	0.00577
68	0.00769	0.00581	0.00720	0.00668	0.00828	0.00517	0.00504	0.01003	0.01462	0.02029	0.59242	0.04115	0.18321	0.01122	0.00629	0.00168	0.00269	0.00977	0.00566	0.05508
69	0.00664	0.00474	0.00633	0.00759	0.00791	0.00443	0.00506	0.00759	0.01044	0.01392	0.03005	0.80485	0.03606	0.01708	0.00696	0.00221	0.00316	0.01550	0.00506	0.00443
70	0.01635	0.57070	0.02454	0.01077	0.01487	0.25618	0.00970	0.01799	0.01242	0.01298	0.00784	0.00908	0.00700	0.00496	0.00393	0.00124	0.00706	0.00310	0.00248	0.00679
71	0.01122	0.02099	0.49789	0.01332	0.01909	0.01129	0.01539	0.10962	0.01312	0.01872	0.01501	0.18132	0.01404	0.00814	0.00565	0.00184	0.00668	0.02595	0.00336	0.00736
72	0.01553	0.51686	0.12257	0.01129	0.01594	0.20877	0.01102	0.01779	0.01221	0.01353	0.00807	0.00937	0.00699	0.00497	0.00406	0.00130	0.00710	0.00321	0.00245	0.00697
73	0.84691	0.01054	0.00801	0.00717	0.01054	0.01223	0.00590	0.01603	0.00928	0.02446	0.00759	0.00886	0.00590	0.00506	0.00337	0.00169	0.00422	0.00295	0.00337	0.00590
74	0.01144	0.01075	0.05649	0.00990	0.01276	0.01080	0.00812	0.02214	0.48266	0.02151	0.19115	0.02735	0.09440	0.00870	0.00581	0.00181	0.00401	0.00736	0.00541	0.00744
75	0.01130	0.00969	0.01130	0.00807	0.01292	0.00727	0.00646	0.01373	0.01130	0.01776	0.00969	0.01130	0.00807	0.00404	0.00404	0.00081	0.00404	0.00323	0.00323	0.84173
76	0.01742	0.06916	0.01438	0.01217	0.01491	0.59500	0.00927	0.01884	0.01462	0.01357	0.01710	0.01771	0.14967	0.00709	0.00512	0.00147	0.00827	0.00497	0.00320	0.00604
77	0.01144	0.00981	0.01137	0.00826	0.01300	0.00764	0.00659	0.01464	0.05636	0.01807	0.01044	0.01185	0.00859	0.00424	0.00413	0.00087	0.00405	0.00341	0.00337	0.79190
78	0.01667	0.01173	0.01316	0.01090	0.01404	0.01264	0.00867	0.48306	0.02030	0.07252	0.01817	0.22458	0.01683	0.01075	0.03744	0.00208	0.00551	0.00780	0.00532	0.00780
79	0.00977	0.00819	0.01122	0.01250	0.15267	0.00715	0.00776	0.01189	0.01177	0.01708	0.11482	0.26762	0.02268	0.00925	0.00553	0.00152	0.00402	0.00829	0.00407	0.31219
80	0.00739	0.00551	0.00654	0.00631	0.00751	0.00502	0.00452	0.00915	0.01318	0.01774	0.42790	0.04311	0.24980	0.16053	0.01041	0.00242	0.00313	0.00997	0.00523	0.00465
81	0.00648	0.00538	0.00567	0.00591	0.00747	0.00457	0.00431	0.00778	0.01206	0.01458	0.05053	0.19273	0.63495	0.01442	0.00654	0.00191	0.00284	0.01225	0.00506	0.00457
82	0.01458	0.81168	0.02857	0.00933	0.01399	0.02157	0.00933	0.01632	0.01108	0.01283	0.00758	0.00875	0.00700	0.00466	0.00350	0.00117	0.00583	0.00292	0.00233	0.00700
83	0.00763	0.00557	0.00717	0.00677	0.00809	0.00511	0.00508	0.01013	0.01524	0.02140	0.72468	0.04149	0.09858	0.01132	0.00643	0.00172	0.00258	0.00997	0.00594	0.00511
84	0.00779	0.00584	0.00876	0.00876	0.00974	0.00681	0.00681	0.00974	0.00876	0.01266	0.01460	0.02142	0.01363	0.04089	0.78680	0.00876	0.01460	0.00584	0.00292	0.00487
85	0.84691	0.01054	0.00801	0.00717	0.01054	0.01223	0.00590	0.01603	0.00928	0.02446	0.00759	0.00886	0.00590	0.00506	0.00337	0.00169	0.00422	0.00295	0.00337	0.00590
86	0.01490	0.01237	0.01308	0.01136	0.01469	0.01418	0.00895	0.16455	0.62679	0.02496	0.02049	0.01899	0.01527	0.00724	0.00553	0.00181	0.00463	0.00593	0.00553	0.00875
87	0.01089	0.01030	0.01743	0.65327	0.17492	0.01227	0.01544	0.01445	0.01118	0.01465	0.00980	0.01434	0.00752	0.00534	0.00544	0.00178	0.00712	0.00485	0.00247	0.00654
88	0.01030	0.00969	0.01635	0.79530	0.03755	0.01211	0.01514	0.01393	0.01090	0.01393	0.00969	0.01453	0.00727	0.00545	0.00545	0.00182	0.00727	0.00484	0.00242	0.00606
89	0.84691	0.01054	0.00801	0.00717	0.01054	0.01223	0.00590	0.01603	0.00928	0.02446	0.00759	0.00886	0.00590	0.00506	0.00337	0.00169	0.00422	0.00295	0.00337	0.00590
90	0.01130	0.00969	0.01130	0.00807	0.01292	0.00727	0.00646	0.01373	0.01130	0.01776	0.00969	0.01130	0.00807	0.00404	0.00404	0.00081	0.00404	0.00323	0.00323	0.84173
91	0.01324	0.01270	0.02168	0.09258	0.71722	0.01289	0.01661	0.01651	0.01230	0.01751	0.01021	0.01357	0.00853	0.00490	0.00540	0.00163	0.00654	0.00486	0.00268	0.00844
92	0.01949	0.01629	0.01533	0.01343	0.06133	0.19998	0.01012	0.32543	0.10538	0.12438	0.01382	0.01381	0.01005	0.00624	0.00528	0.00158	0.00650	0.00472	0.00474	0.04210
93	0.01446	0.01507	0.02032	0.10372	0.56171	0.15708	0.01542	0.01740	0.01283	0.01660	0.00986	0.01291	0.00820	0.00506	0.00531	0.00160	0.00718	0.00461	0.00269	0.00795
94	0.04707	0.01583	0.01570	0.01419	0.09828	0.15008	0.01031	0.39650	0.03203	0.02582	0.01141	0.01226	0.00863	0.00578	0.00507	0.00147	0.00634	0.00436	0.00428	0.13458
95	0.22721	0.04509	0.01701	0.01263	0.01666	0.01396	0.16452	0.26866	0.05631	0.03892	0.01210	0.02734	0.00952	0.04324	0.00610	0.00185	0.00597	0.00502	0.00411	0.02380
96	0.21462	0.01284	0.01555	0.01695	0.23387	0.01370	0.01082	0.28042	0.03264	0.07032	0.01153	0.01261	0.00865	0.00564	0.00489	0.00162	0.00552	0.00443	0.00416	0.03921
97	0.12676	0.01227	0.01298	0.15722	0.04608	0.11275	0.00948	0.07485	0.07751	0.06027	0.01295	0.08104	0.01103	0.00654	0.00522	0.00158	0.02110	0.00518	0.00373	0.16145
98	0.07814	0.02457	0.02551	0.01023	0.01397	0.02474	0.02342	0.27097	0.04304	0.24216	0.06403	0.02150	0.11836	0.00768	0.00548	0.00169	0.00494	0.00613	0.00545	0.00798
99	0.08989	0.07918	0.07313	0.18327	0.04352	0.04256	0.01106	0.11835	0.05417	0.21642	0.01433	0.01497	0.02365	0.00606	0.00510	0.00167	0.00592	0.00477	0.00425	0.00774

[dist]
# distance from previous block
# <min> <max>
19	119

[block]
# block no. 9 follows, 44 sequences, length 9
# corresponding to MSA columns:
# 758-766
name=unknown_J
#
# <colnr> <probs for GDERKNQSTAVLIFYWHMCP>
#	G	D	E	R	K	N	Q	S	T	A	V	L	I	F	Y	W	H	M	C	P
0	0.01423	0.03828	0.05257	0.01461	0.10073	0.21373	0.07970	0.03849	0.02812	0.06097	0.01547	0.16271	0.01492	0.00806	0.00560	0.00167	0.00656	0.05057	0.00371	0.08930
1	0.04608	0.01240	0.11988	0.01183	0.01592	0.00975	0.10630	0.10591	0.01401	0.19921	0.01758	0.19170	0.01557	0.00818	0.00565	0.00173	0.00545	0.00724	0.00456	0.10109
