[name]
unknown

[dist]
# distance from previous block
# <min> <max>
0	4

[block]
# block no. 0 follows, 46 sequences, length 41
# corresponding to MSA columns:
# 4-44
name=unknown_A
#
# <colnr> <probs for GDERKNQSTAVLIFYWHMCP>
#	G	D	E	R	K	N	Q	S	T	A	V	L	I	F	Y	W	H	M	C	P
0	0.07909	0.07847	0.23715	0.01094	0.01577	0.02744	0.01116	0.06994	0.04428	0.27223	0.01687	0.01759	0.05525	0.00652	0.00505	0.00164	0.00561	0.03293	0.00434	0.00773
1	0.03561	0.15730	0.33453	0.10371	0.02161	0.04472	0.07998	0.11486	0.01311	0.03303	0.00975	0.01151	0.00727	0.00513	0.00486	0.00157	0.00709	0.00411	0.00282	0.00741
2	0.01098	0.13770	0.65038	0.01390	0.02100	0.01322	0.01750	0.01636	0.01125	0.01631	0.03838	0.01186	0.00835	0.00517	0.00484	0.00160	0.00731	0.00397	0.00237	0.00756
3	0.42701	0.03176	0.19610	0.01091	0.01555	0.03156	0.08257	0.01745	0.02584	0.10251	0.00994	0.01100	0.00722	0.00512	0.00428	0.00164	0.00565	0.00377	0.00333	0.00679
4	0.01211	0.01208	0.02192	0.12094	0.40841	0.01237	0.20179	0.01566	0.02721	0.01641	0.01125	0.05845	0.00972	0.00564	0.00612	0.00172	0.04232	0.00569	0.00277	0.00741
5	0.00767	0.00518	0.00605	0.00605	0.00614	0.00528	0.00355	0.00787	0.00777	0.01046	0.01640	0.03318	0.01860	0.73486	0.10541	0.00547	0.00605	0.00748	0.00317	0.00336
6	0.01413	0.81739	0.02770	0.00905	0.01357	0.02092	0.00905	0.01583	0.01074	0.01244	0.00735	0.00848	0.00678	0.00452	0.00339	0.00113	0.00565	0.00283	0.00226	0.00678
7	0.14784	0.01718	0.01452	0.03606	0.01619	0.30531	0.04568	0.21709	0.05199	0.06436	0.01078	0.01158	0.00810	0.00566	0.00480	0.00152	0.00693	0.00408	0.00383	0.02649
8	0.00664	0.00527	0.00597	0.00600	0.00743	0.00460	0.00442	0.00828	0.01268	0.01626	0.26810	0.14374	0.46586	0.01302	0.00631	0.00179	0.00267	0.01117	0.00518	0.00460
9	0.00644	0.00460	0.00613	0.00736	0.00767	0.00429	0.00491	0.00736	0.01012	0.01350	0.02914	0.81076	0.03497	0.01656	0.00675	0.00215	0.00307	0.01503	0.00491	0.00429
10	0.00696	0.00482	0.00598	0.00670	0.00688	0.00464	0.00420	0.00750	0.00911	0.01215	0.02397	0.48910	0.02844	0.34712	0.01510	0.00338	0.00392	0.01199	0.00420	0.00384
11	0.02277	0.00981	0.01268	0.00980	0.01385	0.00906	0.00807	0.11420	0.05291	0.65801	0.01991	0.01744	0.01274	0.00655	0.00532	0.00164	0.00464	0.00528	0.00634	0.00897
12	0.00740	0.00542	0.00709	0.00770	0.00876	0.00511	0.00602	0.00933	0.01242	0.01655	0.24335	0.24600	0.13194	0.01388	0.00672	0.00206	0.00346	0.25693	0.00515	0.00470
13	0.02372	0.00900	0.01227	0.00941	0.01350	0.00777	0.00777	0.02576	0.01513	0.78489	0.02086	0.01799	0.01309	0.00654	0.00532	0.00164	0.00450	0.00532	0.00654	0.00900
14	0.01136	0.02508	0.67107	0.01537	0.02270	0.01221	0.08381	0.01739	0.02898	0.04833	0.01034	0.01191	0.00729	0.00508	0.00515	0.00168	0.00769	0.00422	0.00252	0.00781
15	0.01280	0.01336	0.02603	0.02767	0.42703	0.01294	0.36676	0.01656	0.01224	0.01711	0.01030	0.01364	0.00821	0.00459	0.00571	0.00167	0.00752	0.00543	0.00264	0.00779
16	0.01157	0.01157	0.01619	0.01388	0.01388	0.01619	0.01157	0.01272	0.00810	0.01272	0.00694	0.01157	0.00694	0.00925	0.01735	0.00231	0.80453	0.00463	0.00231	0.00578
17	0.01242	0.01091	0.03725	0.27209	0.09313	0.01083	0.01104	0.08329	0.07929	0.05194	0.01128	0.01345	0.00864	0.00519	0.00507	0.00143	0.01941	0.00434	0.00333	0.26566
18	0.64398	0.06607	0.01140	0.00883	0.01225	0.10701	0.05263	0.01632	0.01005	0.02125	0.00766	0.00904	0.00607	0.00492	0.00364	0.00158	0.00515	0.00313	0.00310	0.00593
19	0.85155	0.01022	0.00777	0.00695	0.01022	0.01186	0.00573	0.01554	0.00900	0.02372	0.00736	0.00859	0.00573	0.00491	0.00327	0.00164	0.00409	0.00286	0.00327	0.00573
20	0.00750	0.00544	0.00690	0.00670	0.00801	0.00502	0.00513	0.00984	0.01421	0.01980	0.59374	0.04199	0.13928	0.01130	0.00624	0.00173	0.00272	0.07405	0.03549	0.00491
21	0.01053	0.00893	0.01050	0.00778	0.01206	0.00678	0.00613	0.01274	0.01088	0.01687	0.01130	0.08828	0.01045	0.00514	0.00419	0.00091	0.00383	0.00428	0.00330	0.76511
22	0.01200	0.29873	0.45207	0.01368	0.02012	0.01536	0.08743	0.01645	0.01114	0.01528	0.00887	0.01053	0.00685	0.00480	0.00458	0.00150	0.00717	0.00376	0.00228	0.00739
23	0.00765	0.00526	0.00652	0.00705	0.00741	0.00520	0.00484	0.00843	0.00926	0.01225	0.02186	0.19079	0.02502	0.46307	0.01818	0.00389	0.00466	0.19088	0.00394	0.00382
24	0.00644	0.00460	0.00613	0.00736	0.00767	0.00429	0.00491	0.00736	0.01012	0.01350	0.02914	0.81076	0.03497	0.01656	0.00675	0.00215	0.00307	0.01503	0.00491	0.00429
25	0.23665	0.10863	0.01624	0.06269	0.04888	0.01252	0.09659	0.01815	0.01144	0.23007	0.01168	0.01273	0.00850	0.00577	0.00602	0.00167	0.09660	0.00433	0.00379	0.00705
26	0.01315	0.01136	0.01195	0.01076	0.01375	0.01315	0.00837	0.02809	0.77168	0.02211	0.02152	0.01972	0.01614	0.00717	0.00538	0.00179	0.00418	0.00598	0.00538	0.00837
27	0.00668	0.00502	0.00575	0.00620	0.00699	0.00457	0.00414	0.00753	0.01025	0.01298	0.03528	0.32897	0.31322	0.21435	0.01159	0.00275	0.00343	0.01173	0.00448	0.00409
28	0.02372	0.00900	0.01227	0.00941	0.01350	0.00777	0.00777	0.02576	0.01513	0.78489	0.02086	0.01799	0.01309	0.00654	0.00532	0.00164	0.00450	0.00532	0.00654	0.00900
29	0.41124	0.01265	0.01206	0.00971	0.01349	0.01426	0.00801	0.41169	0.01740	0.02880	0.01018	0.01076	0.00745	0.00567	0.00434	0.00161	0.00500	0.00387	0.00434	0.00745
30	0.00769	0.00513	0.00577	0.00577	0.00577	0.00513	0.00320	0.00769	0.00769	0.01025	0.01666	0.03460	0.01922	0.81421	0.02691	0.00513	0.00513	0.00769	0.00320	0.00320
31	0.00644	0.00460	0.00613	0.00736	0.00767	0.00429	0.00491	0.00736	0.01012	0.01350	0.02914	0.81076	0.03497	0.01656	0.00675	0.00215	0.00307	0.01503	0.00491	0.00429
32	0.01476	0.01437	0.01514	0.45463	0.02724	0.25950	0.01242	0.01742	0.01253	0.10733	0.01040	0.01312	0.00771	0.00549	0.00512	0.00162	0.00753	0.00436	0.00298	0.00633
33	0.00998	0.00940	0.01586	0.80150	0.03641	0.01175	0.01468	0.01351	0.01057	0.01351	0.00940	0.01409	0.00705	0.00529	0.00529	0.00176	0.00705	0.00470	0.00235	0.00587
34	0.01281	0.01228	0.02097	0.09979	0.71601	0.01249	0.01609	0.01599	0.01191	0.01694	0.00990	0.01317	0.00826	0.00476	0.00524	0.00159	0.00635	0.00471	0.00259	0.00815
35	0.01376	0.01166	0.01230	0.01088	0.01398	0.01343	0.00851	0.09249	0.70629	0.02310	0.02074	0.01911	0.01551	0.00710	0.00537	0.00177	0.00433	0.00587	0.00537	0.00842
36	0.01413	0.81739	0.02770	0.00905	0.01357	0.02092	0.00905	0.01583	0.01074	0.01244	0.00735	0.00848	0.00678	0.00452	0.00339	0.00113	0.00565	0.00283	0.00226	0.00678
37	0.00769	0.00513	0.00577	0.00577	0.00577	0.00513	0.00320	0.00769	0.00769	0.01025	0.01666	0.03460	0.01922	0.81421	0.02691	0.00513	0.00513	0.00769	0.00320	0.00320
38	0.00765	0.00527	0.00648	0.00648	0.00673	0.00551	0.00409	0.00815	0.00790	0.01078	0.01600	0.03098	0.01765	0.61165	0.22732	0.00601	0.00749	0.00716	0.00311	0.00360
39	0.01141	0.00945	0.01038	0.00938	0.01183	0.01048	0.00725	0.04427	0.49342	0.02196	0.25746	0.02649	0.04677	0.00844	0.00567	0.00175	0.00367	0.00719	0.00550	0.00723
40	0.85155	0.01022	0.00777	0.00695	0.01022	0.01186	0.00573	0.01554	0.00900	0.02372	0.00736	0.00859	0.00573	0.00491	0.00327	0.00164	0.00409	0.00286	0.00327	0.00573

[dist]
# distance from previous block
# <min> <max>
0	4

[block]
# block no. 1 follows, 46 sequences, length 23
# corresponding to MSA columns:
# 49-71
name=unknown_B
#
# <colnr> <probs for GDERKNQSTAVLIFYWHMCP>
#	G	D	E	R	K	N	Q	S	T	A	V	L	I	F	Y	W	H	M	C	P
0	0.01154	0.15710	0.54797	0.01631	0.11024	0.01379	0.03954	0.01653	0.01123	0.01609	0.00922	0.01103	0.00695	0.00489	0.00481	0.00157	0.00731	0.00389	0.00230	0.00769
1	0.00918	0.00459	0.00689	0.00689	0.00689	0.00459	0.00459	0.00689	0.00689	0.00918	0.00918	0.01607	0.00918	0.01837	0.02066	0.84619	0.00459	0.00459	0.00230	0.00230
2	0.01082	0.02606	0.72015	0.01658	0.08893	0.01230	0.01924	0.01670	0.01124	0.01679	0.00953	0.01133	0.00684	0.00500	0.00504	0.00167	0.00768	0.00398	0.00227	0.00786
3	0.13755	0.01244	0.01843	0.02628	0.57984	0.03318	0.01382	0.01729	0.07783	0.01853	0.01052	0.01290	0.00862	0.00497	0.00494	0.00159	0.00586	0.00451	0.00296	0.00792
4	0.00732	0.00494	0.00663	0.00763	0.00820	0.00462	0.00536	0.00850	0.01073	0.04249	0.06447	0.67376	0.03444	0.01573	0.00672	0.00213	0.00326	0.08348	0.00501	0.00455
5	0.00669	0.00487	0.00630	0.00701	0.00768	0.00448	0.00485	0.00804	0.01150	0.01550	0.21948	0.55239	0.10195	0.01485	0.00658	0.00199	0.00289	0.01333	0.00514	0.00448
6	0.00661	0.00475	0.00632	0.00751	0.00793	0.00445	0.00519	0.00767	0.01035	0.01371	0.02967	0.72732	0.05378	0.01631	0.00678	0.00216	0.00321	0.07702	0.00490	0.00435
7	0.17634	0.30818	0.03654	0.01444	0.14993	0.13342	0.05522	0.01713	0.03657	0.01623	0.00865	0.01025	0.00725	0.00486	0.00417	0.00141	0.00624	0.00359	0.00272	0.00686
8	0.00855	0.00590	0.00698	0.00650	0.00827	0.00530	0.00495	0.01098	0.04062	0.08298	0.39335	0.04159	0.34155	0.01137	0.00613	0.00171	0.00280	0.00972	0.00550	0.00523
9	0.00758	0.00508	0.00580	0.00590	0.00593	0.00505	0.00335	0.00766	0.00789	0.01053	0.01772	0.10056	0.02056	0.74642	0.02519	0.00487	0.00495	0.00831	0.00335	0.00330
10	0.01199	0.01397	0.08431	0.45069	0.07311	0.12505	0.07216	0.01565	0.03135	0.01437	0.00955	0.01315	0.00737	0.00545	0.00591	0.00172	0.05072	0.00459	0.00251	0.00638
11	0.04052	0.01407	0.08838	0.02754	0.54886	0.03035	0.11479	0.01627	0.01207	0.01741	0.03280	0.01363	0.00930	0.00491	0.00530	0.00161	0.00665	0.00490	0.00271	0.00792
12	0.01101	0.02472	0.64319	0.01732	0.08942	0.01241	0.09487	0.01672	0.01137	0.01681	0.00965	0.01164	0.00698	0.00494	0.00516	0.00168	0.00779	0.00421	0.00231	0.00779
13	0.09072	0.01090	0.01283	0.01012	0.01387	0.01117	0.00832	0.29495	0.01752	0.36508	0.01603	0.01553	0.01097	0.00970	0.08539	0.00232	0.00593	0.00494	0.00543	0.00828
14	0.01479	0.07980	0.21923	0.01979	0.30196	0.03027	0.02503	0.04479	0.02473	0.15888	0.02345	0.01355	0.00941	0.00532	0.00507	0.00158	0.00631	0.00455	0.00340	0.00812
15	0.00922	0.00812	0.01321	0.01631	0.25429	0.00781	0.07245	0.01143	0.01186	0.01632	0.14815	0.31115	0.07675	0.01061	0.00611	0.00183	0.00446	0.00985	0.00415	0.00595
16	0.02281	0.00909	0.01219	0.00940	0.01336	0.00802	0.00774	0.05780	0.01556	0.71610	0.05562	0.01876	0.01461	0.00673	0.00536	0.00163	0.00446	0.00549	0.00645	0.00881
17	0.00901	0.00889	0.03419	0.01225	0.01508	0.00793	0.24307	0.01181	0.01229	0.01594	0.06853	0.06050	0.25066	0.01067	0.00652	0.00197	0.00538	0.21561	0.00418	0.00552
18	0.05120	0.01868	0.38818	0.01214	0.01770	0.02486	0.01338	0.08976	0.07568	0.16310	0.01664	0.01661	0.07613	0.00634	0.00516	0.00167	0.00612	0.00500	0.00388	0.00778
19	0.01343	0.04876	0.25014	0.01159	0.01617	0.00946	0.08741	0.01704	0.01330	0.21840	0.20732	0.02173	0.04780	0.00710	0.00550	0.00165	0.00544	0.00615	0.00441	0.00718
20	0.01584	0.01120	0.01355	0.01143	0.01339	0.07569	0.00927	0.03043	0.04092	0.25995	0.01418	0.08336	0.01176	0.00834	0.01027	0.00190	0.33289	0.00564	0.00413	0.04585
21	0.02509	0.05287	0.08911	0.22537	0.15018	0.04981	0.03266	0.12100	0.05228	0.04634	0.01255	0.01741	0.01033	0.00685	0.02009	0.00183	0.00658	0.06914	0.00337	0.00714
22	0.09803	0.01900	0.33713	0.02080	0.30573	0.04846	0.04246	0.01687	0.01160	0.03792	0.00973	0.01184	0.00745	0.00493	0.00496	0.00162	0.00689	0.00420	0.00264	0.00774

[dist]
# distance from previous block
# <min> <max>
14	35

[block]
# block no. 2 follows, 46 sequences, length 12
# corresponding to MSA columns:
# 107-118
name=unknown_C
#
# <colnr> <probs for GDERKNQSTAVLIFYWHMCP>
#	G	D	E	R	K	N	Q	S	T	A	V	L	I	F	Y	W	H	M	C	P
0	0.01433	0.18668	0.12066	0.02007	0.27263	0.08347	0.11972	0.05697	0.01279	0.04995	0.00990	0.01191	0.00787	0.00491	0.00492	0.00151	0.00690	0.00434	0.00282	0.00765
1	0.01664	0.29786	0.07265	0.01157	0.01584	0.13369	0.03352	0.22174	0.07949	0.05300	0.01096	0.01151	0.00848	0.00550	0.00457	0.00142	0.00636	0.00399	0.00361	0.00760
2	0.01775	0.01392	0.07961	0.01027	0.01386	0.18640	0.00878	0.07322	0.01497	0.32406	0.06935	0.02140	0.12829	0.00745	0.00536	0.00160	0.00563	0.00587	0.00492	0.00731
3	0.01733	0.01102	0.01518	0.01663	0.24322	0.01083	0.01047	0.09012	0.14033	0.29239	0.01595	0.01571	0.01135	0.00585	0.00518	0.00156	0.00505	0.00500	0.00476	0.08205
4	0.00771	0.00651	0.00734	0.00792	0.06681	0.00587	0.00538	0.05632	0.01302	0.01609	0.08700	0.04495	0.63188	0.01214	0.00611	0.00175	0.00314	0.01017	0.00481	0.00508
5	0.01174	0.00919	0.01173	0.07008	0.01412	0.01000	0.07890	0.08336	0.26121	0.02022	0.01917	0.02018	0.06150	0.00846	0.04555	0.00195	0.00490	0.00580	0.25528	0.00665
6	0.01166	0.26352	0.55989	0.01327	0.02010	0.01486	0.01640	0.01647	0.01104	0.01546	0.00885	0.01036	0.00672	0.00487	0.00454	0.00151	0.00717	0.00358	0.00224	0.00751
7	0.00847	0.00647	0.00734	0.00727	0.00879	0.00621	0.00534	0.12126	0.01333	0.01718	0.07467	0.35739	0.31944	0.01350	0.00631	0.00190	0.00330	0.01171	0.00501	0.00510
8	0.01320	0.01126	0.01369	0.24922	0.02096	0.01320	0.01051	0.12998	0.43444	0.02114	0.01659	0.01701	0.01237	0.00648	0.00534	0.00175	0.00528	0.00542	0.00445	0.00771
9	0.01297	0.58973	0.18730	0.01037	0.01535	0.01799	0.01123	0.01566	0.01094	0.01360	0.00933	0.01284	0.00852	0.00538	0.00403	0.00134	0.00605	0.05806	0.00245	0.00686
10	0.01151	0.02377	0.64864	0.01382	0.02072	0.01123	0.01720	0.01696	0.01185	0.08645	0.07786	0.01426	0.01106	0.00567	0.00516	0.00167	0.00705	0.00453	0.00294	0.00767
11	0.01060	0.02735	0.78682	0.01507	0.02288	0.01228	0.01953	0.01674	0.01116	0.01674	0.00949	0.01116	0.00670	0.00502	0.00502	0.00167	0.00781	0.00391	0.00223	0.00781

[dist]
# distance from previous block
# <min> <max>
9	52

[block]
# block no. 3 follows, 46 sequences, length 6
# corresponding to MSA columns:
# 171-176
name=unknown_D
#
# <colnr> <probs for GDERKNQSTAVLIFYWHMCP>
#	G	D	E	R	K	N	Q	S	T	A	V	L	I	F	Y	W	H	M	C	P
0	0.01339	0.01182	0.08448	0.01345	0.14896	0.00945	0.00974	0.01795	0.11839	0.12486	0.01280	0.01356	0.00972	0.00498	0.00465	0.00126	0.00481	0.00418	0.00375	0.38781
1	0.05827	0.12984	0.19026	0.00900	0.01296	0.00989	0.00905	0.04385	0.01188	0.01651	0.05845	0.08440	0.23410	0.00843	0.00511	0.00156	0.00467	0.00684	0.00367	0.10127
2	0.13814	0.20360	0.20803	0.01255	0.06387	0.10086	0.01167	0.06965	0.06434	0.06613	0.01032	0.01122	0.00790	0.00525	0.00443	0.00150	0.00627	0.00379	0.00317	0.00731
3	0.01455	0.09031	0.13745	0.02272	0.41549	0.05846	0.01443	0.03925	0.01255	0.10379	0.01075	0.01265	0.00838	0.00518	0.00540	0.00156	0.03161	0.00440	0.00304	0.00802
4	0.01497	0.06677	0.16213	0.01160	0.07668	0.00921	0.01005	0.01800	0.01351	0.29000	0.19808	0.02035	0.01955	0.00682	0.00526	0.00156	0.00484	0.00571	0.00471	0.06020
5	0.19213	0.20171	0.19282	0.01063	0.01528	0.09134	0.01062	0.01897	0.07376	0.13046	0.01107	0.01154	0.00824	0.00533	0.00432	0.00151	0.00591	0.00376	0.00340	0.00719

[dist]
# distance from previous block
# <min> <max>
0	4

[block]
# block no. 4 follows, 46 sequences, length 41
# corresponding to MSA columns:
# 181-203,211-228
name=unknown_E
#
# <colnr> <probs for GDERKNQSTAVLIFYWHMCP>
#	G	D	E	R	K	N	Q	S	T	A	V	L	I	F	Y	W	H	M	C	P
0	0.09169	0.41241	0.34176	0.01135	0.01713	0.01647	0.01310	0.01618	0.01075	0.01529	0.00824	0.00961	0.00665	0.00477	0.00406	0.00140	0.00640	0.00328	0.00234	0.00711
1	0.01371	0.05301	0.05793	0.01027	0.01360	0.01246	0.00868	0.24599	0.27621	0.02409	0.16039	0.02200	0.06334	0.00770	0.00544	0.00166	0.00457	0.00629	0.00506	0.00759
2	0.01134	0.19211	0.62851	0.01381	0.02094	0.01408	0.01735	0.01655	0.01107	0.01584	0.00904	0.01060	0.00672	0.00492	0.00468	0.00156	0.00736	0.00368	0.00224	0.00760
3	0.01200	0.01426	0.15563	0.02188	0.41245	0.01084	0.01380	0.01544	0.01155	0.01716	0.00970	0.01210	0.00791	0.00453	0.00480	0.00135	0.00584	0.00409	0.00270	0.26199
4	0.29590	0.14951	0.07848	0.01162	0.08612	0.01362	0.00944	0.14091	0.01333	0.13977	0.01074	0.01134	0.00791	0.00532	0.00427	0.00154	0.00522	0.00381	0.00379	0.00737
5	0.01175	0.28498	0.53927	0.01310	0.01984	0.01510	0.01611	0.01644	0.01102	0.01534	0.00879	0.01029	0.00673	0.00486	0.00449	0.00150	0.00711	0.00355	0.00224	0.00748
6	0.00928	0.01232	0.20064	0.01485	0.19541	0.00840	0.01111	0.01243	0.01221	0.01716	0.20732	0.16504	0.09388	0.00921	0.00579	0.00174	0.00481	0.00815	0.00393	0.00631
7	0.77253	0.08640	0.00965	0.00715	0.01054	0.01271	0.00604	0.01557	0.00916	0.02265	0.00736	0.00858	0.00583	0.00487	0.00328	0.00159	0.00424	0.00286	0.00318	0.00583
8	0.01279	0.01226	0.02093	0.10502	0.71094	0.01248	0.01608	0.01597	0.01190	0.01692	0.00989	0.01318	0.00825	0.00476	0.00524	0.00159	0.00635	0.00471	0.00259	0.00814
9	0.00643	0.00463	0.00610	0.00727	0.00764	0.00430	0.00487	0.00737	0.01021	0.01353	0.03021	0.77734	0.06770	0.01642	0.00673	0.00213	0.00305	0.01486	0.00491	0.00430
10	0.01160	0.01102	0.01905	0.02562	0.52193	0.01085	0.09283	0.01448	0.01184	0.01654	0.01536	0.12114	0.04338	0.00719	0.00571	0.00173	0.00591	0.05333	0.00315	0.00734
11	0.01096	0.00940	0.01096	0.00783	0.01253	0.00705	0.00626	0.01331	0.01096	0.01723	0.00940	0.01096	0.00783	0.00392	0.00392	0.00078	0.00392	0.00313	0.00313	0.84653
12	0.01975	0.02520	0.01498	0.01362	0.01634	0.79299	0.01021	0.02111	0.01498	0.01294	0.00817	0.00953	0.00681	0.00545	0.00477	0.00136	0.00953	0.00340	0.00272	0.00613
13	0.01683	0.01188	0.08787	0.18626	0.02069	0.01067	0.07228	0.12134	0.03422	0.31481	0.02942	0.04480	0.01172	0.00638	0.00542	0.00170	0.00582	0.00549	0.00462	0.00778
14	0.85155	0.01022	0.00777	0.00695	0.01022	0.01186	0.00573	0.01554	0.00900	0.02372	0.00736	0.00859	0.00573	0.00491	0.00327	0.00164	0.00409	0.00286	0.00327	0.00573
15	0.01975	0.02520	0.01498	0.01362	0.01634	0.79299	0.01021	0.02111	0.01498	0.01294	0.00817	0.00953	0.00681	0.00545	0.00477	0.00136	0.00953	0.00340	0.00272	0.00613
16	0.85155	0.01022	0.00777	0.00695	0.01022	0.01186	0.00573	0.01554	0.00900	0.02372	0.00736	0.00859	0.00573	0.00491	0.00327	0.00164	0.00409	0.00286	0.00327	0.00573
17	0.01044	0.00510	0.00524	0.00512	0.00647	0.00505	0.00387	0.01288	0.01126	0.05184	0.01740	0.01964	0.01353	0.00618	0.00376	0.00125	0.00255	0.00494	0.80842	0.00510
18	0.01392	0.29059	0.01759	0.01035	0.01385	0.06667	0.00872	0.02340	0.45959	0.01817	0.01575	0.01518	0.01230	0.00614	0.00465	0.00154	0.00504	0.00472	0.00413	0.00767
19	0.00656	0.00465	0.00610	0.00721	0.00749	0.00437	0.00475	0.00739	0.00989	0.01319	0.02796	0.73751	0.03348	0.09184	0.00865	0.00243	0.00326	0.01434	0.00475	0.00419
20	0.01288	0.48217	0.27624	0.01323	0.08907	0.01729	0.01316	0.01617	0.01100	0.01431	0.00830	0.00979	0.00691	0.00470	0.00410	0.00135	0.00642	0.00336	0.00229	0.00727
21	0.01405	0.01475	0.01904	0.05890	0.50281	0.17246	0.01419	0.01658	0.01211	0.01563	0.00943	0.01275	0.00811	0.02387	0.00678	0.00169	0.08228	0.00450	0.00261	0.00744
22	0.00755	0.00566	0.00850	0.00850	0.00944	0.00661	0.00661	0.00944	0.00850	0.01227	0.01416	0.02077	0.01322	0.03965	0.79326	0.00850	0.01416	0.00566	0.00283	0.00472
23	0.01507	0.01384	0.01441	0.08162	0.11976	0.16650	0.01071	0.18215	0.13693	0.03587	0.01551	0.02203	0.01344	0.00750	0.00556	0.00174	0.00626	0.13973	0.00413	0.00723
24	0.00918	0.00459	0.00689	0.00689	0.00689	0.00459	0.00459	0.00689	0.00689	0.00918	0.00918	0.01607	0.00918	0.01837	0.02066	0.84619	0.00459	0.00459	0.00230	0.00230
25	0.01315	0.01136	0.01195	0.01076	0.01375	0.01315	0.00837	0.02809	0.77168	0.02211	0.02152	0.01972	0.01614	0.00717	0.00538	0.00179	0.00418	0.00598	0.00538	0.00837
26	0.01248	0.01426	0.03119	0.02228	0.02763	0.01337	0.76203	0.01693	0.01248	0.01693	0.01070	0.01426	0.00802	0.00446	0.00624	0.00178	0.00891	0.00624	0.00267	0.00713
27	0.01315	0.01136	0.01195	0.01076	0.01375	0.01315	0.00837	0.02809	0.77168	0.02211	0.02152	0.01972	0.01614	0.00717	0.00538	0.00179	0.00418	0.00598	0.00538	0.00837
28	0.00644	0.00460	0.00613	0.00736	0.00767	0.00429	0.00491	0.00736	0.01012	0.01350	0.02914	0.81076	0.03497	0.01656	0.00675	0.00215	0.00307	0.01503	0.00491	0.00429
29	0.04708	0.01442	0.05033	0.02017	0.02538	0.01342	0.62168	0.08725	0.01343	0.01876	0.01068	0.01372	0.00798	0.00466	0.00594	0.00173	0.00828	0.00582	0.00294	0.02634
30	0.01060	0.02735	0.78682	0.01507	0.02288	0.01228	0.01953	0.01674	0.01116	0.01674	0.00949	0.01116	0.00670	0.00502	0.00502	0.00167	0.00781	0.00391	0.00223	0.00781
31	0.00711	0.00531	0.00661	0.00646	0.00771	0.00480	0.00478	0.00919	0.01382	0.01890	0.54423	0.12650	0.20115	0.01198	0.00629	0.00174	0.00260	0.01050	0.00553	0.00480
32	0.01060	0.02735	0.78682	0.01507	0.02288	0.01228	0.01953	0.01674	0.01116	0.01674	0.00949	0.01116	0.00670	0.00502	0.00502	0.00167	0.00781	0.00391	0.00223	0.00781
33	0.00651	0.00468	0.00618	0.00725	0.00767	0.00435	0.00489	0.00756	0.01053	0.01408	0.08456	0.73112	0.05893	0.01604	0.00669	0.00210	0.00301	0.01451	0.00497	0.00435
34	0.01188	0.01133	0.01929	0.33068	0.49240	0.01224	0.01563	0.01517	0.01147	0.01581	0.00973	0.01348	0.00786	0.00493	0.00525	0.00164	0.00658	0.00471	0.00251	0.00740
35	0.00686	0.00538	0.00620	0.00600	0.00752	0.00472	0.00450	0.00877	0.01349	0.01771	0.41262	0.04524	0.41789	0.01211	0.00624	0.00172	0.00259	0.01037	0.00536	0.00472
36	0.01105	0.00952	0.01112	0.00808	0.01260	0.00748	0.00647	0.01380	0.03680	0.01728	0.00975	0.01128	0.00809	0.00416	0.00429	0.00085	0.02358	0.00327	0.00319	0.79734
37	0.00744	0.00502	0.00584	0.00608	0.00614	0.00496	0.00354	0.00762	0.00817	0.01089	0.01913	0.18834	0.02234	0.65621	0.02291	0.00454	0.00472	0.00914	0.00354	0.00342
38	0.01696	0.28177	0.02013	0.01496	0.13626	0.37548	0.01072	0.04154	0.01344	0.03141	0.00861	0.01004	0.00726	0.00508	0.00442	0.00133	0.00752	0.00351	0.00272	0.00685
39	0.00938	0.00817	0.00845	0.00807	0.00958	0.09694	0.00617	0.01260	0.06977	0.01958	0.54137	0.05892	0.04016	0.01045	0.00612	0.00172	0.00367	0.07821	0.00531	0.00534
40	0.01452	0.01193	0.01525	0.01705	0.24608	0.01265	0.01070	0.23135	0.20477	0.03756	0.04327	0.01840	0.07021	0.00666	0.00535	0.00162	0.00511	0.00565	0.00444	0.03743

[dist]
# distance from previous block
# <min> <max>
0	2

[block]
# block no. 5 follows, 46 sequences, length 44
# corresponding to MSA columns:
# 240-283
name=unknown_F
#
# <colnr> <probs for GDERKNQSTAVLIFYWHMCP>
#	G	D	E	R	K	N	Q	S	T	A	V	L	I	F	Y	W	H	M	C	P
0	0.00661	0.00473	0.00631	0.00740	0.00782	0.00442	0.00506	0.00773	0.01061	0.01424	0.09279	0.71527	0.03605	0.01600	0.00673	0.00212	0.00309	0.04367	0.00498	0.00438
1	0.01137	0.01082	0.01837	0.45654	0.37050	0.01211	0.01537	0.01473	0.01123	0.01520	0.00964	0.01364	0.00764	0.00503	0.00526	0.00168	0.00670	0.00470	0.00247	0.00699
2	0.02303	0.01010	0.01295	0.00993	0.01405	0.00941	0.00820	0.16576	0.01698	0.64229	0.01931	0.01699	0.01231	0.00651	0.00531	0.00163	0.00475	0.00521	0.00631	0.00900
3	0.01094	0.01037	0.01758	0.56451	0.26593	0.01200	0.01516	0.01434	0.01102	0.01467	0.00957	0.01378	0.00746	0.00511	0.00527	0.00170	0.00681	0.00470	0.00243	0.00664
4	0.01413	0.81739	0.02770	0.00905	0.01357	0.02092	0.00905	0.01583	0.01074	0.01244	0.00735	0.00848	0.00678	0.00452	0.00339	0.00113	0.00565	0.00283	0.00226	0.00678
5	0.00692	0.00516	0.00643	0.00657	0.00767	0.00468	0.00475	0.00871	0.01295	0.01750	0.40750	0.26208	0.20365	0.01301	0.00638	0.00183	0.00270	0.01147	0.00536	0.00468
6	0.01048	0.05347	0.05185	0.00772	0.00990	0.00668	0.00644	0.01296	0.01423	0.13814	0.52745	0.08171	0.03841	0.00984	0.00590	0.00166	0.00331	0.00856	0.00547	0.00582
7	0.00745	0.00540	0.00702	0.00661	0.00788	0.00497	0.00496	0.00991	0.01488	0.02100	0.75713	0.03982	0.07132	0.01088	0.00624	0.00167	0.00250	0.00961	0.00579	0.00497
8	0.01662	0.05226	0.01455	0.01270	0.06310	0.25610	0.00943	0.21399	0.14069	0.04427	0.07679	0.01670	0.04637	0.00669	0.00517	0.00155	0.00628	0.00513	0.00426	0.00733
9	0.00639	0.00536	0.00559	0.00572	0.00740	0.00455	0.00433	0.00778	0.01196	0.01433	0.05075	0.09077	0.69544	0.01363	0.00634	0.00184	0.00283	0.05560	0.00491	0.00448
10	0.44942	0.01195	0.01675	0.01291	0.01694	0.01270	0.27338	0.05004	0.07368	0.02161	0.00994	0.01169	0.00754	0.00500	0.00458	0.00170	0.00588	0.00440	0.00332	0.00658
11	0.01205	0.01150	0.01958	0.28973	0.53206	0.01229	0.01571	0.01532	0.01155	0.01601	0.00976	0.01342	0.00793	0.00490	0.00525	0.00163	0.00654	0.00471	0.00253	0.00754
12	0.01387	0.01278	0.02056	0.02956	0.67376	0.01301	0.01531	0.10030	0.03503	0.01921	0.01058	0.01323	0.00866	0.00496	0.00524	0.00158	0.00617	0.00475	0.00299	0.00844
13	0.01832	0.01308	0.01435	0.01149	0.01525	0.01448	0.00934	0.45182	0.23690	0.11511	0.01601	0.01528	0.01145	0.00667	0.00560	0.00167	0.02388	0.00517	0.00539	0.00874
14	0.00641	0.00472	0.00601	0.00703	0.00758	0.00432	0.00476	0.00740	0.01044	0.01362	0.03314	0.68625	0.15689	0.01604	0.00667	0.00209	0.00300	0.01439	0.00491	0.00432
15	0.01309	0.01248	0.02086	0.03107	0.73260	0.01260	0.01573	0.01698	0.06018	0.01758	0.01068	0.01350	0.00887	0.00487	0.00524	0.00158	0.00615	0.00479	0.00279	0.00837
16	0.00837	0.00560	0.00735	0.00680	0.00821	0.00514	0.00514	0.01084	0.01497	0.06317	0.73680	0.03831	0.04786	0.01057	0.00618	0.00166	0.00260	0.00933	0.00586	0.00521
17	0.85155	0.01022	0.00777	0.00695	0.01022	0.01186	0.00573	0.01554	0.00900	0.02372	0.00736	0.00859	0.00573	0.00491	0.00327	0.00164	0.00409	0.00286	0.00327	0.00573
18	0.00647	0.00481	0.00603	0.00689	0.00757	0.00437	0.00472	0.00757	0.01084	0.01415	0.08181	0.60032	0.19413	0.01552	0.00661	0.00204	0.00295	0.01386	0.00497	0.00437
19	0.01308	0.01256	0.02146	0.03245	0.78123	0.01256	0.01622	0.01622	0.01204	0.01727	0.00994	0.01308	0.00837	0.00471	0.00523	0.00157	0.00628	0.00471	0.00262	0.00837
20	0.62963	0.01422	0.00969	0.00873	0.01186	0.22026	0.00692	0.01703	0.01059	0.02084	0.00758	0.00884	0.00601	0.00505	0.00367	0.00156	0.00554	0.00301	0.00313	0.00583
21	0.01252	0.01314	0.02446	0.06171	0.02289	0.01440	0.42700	0.06268	0.01172	0.01640	0.00952	0.01327	0.00767	0.00620	0.00977	0.00194	0.26974	0.00553	0.00270	0.00674
22	0.01095	0.01802	0.37778	0.01147	0.01751	0.00997	0.01269	0.01602	0.06696	0.01736	0.01033	0.01170	0.00790	0.00468	0.00455	0.00128	0.00578	0.00371	0.00287	0.38847
23	0.01239	0.00966	0.01133	0.00818	0.01281	0.00761	0.00658	0.05545	0.01203	0.07385	0.01041	0.01157	0.00828	0.00424	0.00409	0.00089	0.00406	0.00338	0.00350	0.73969
24	0.00680	0.00537	0.00607	0.00590	0.00742	0.00470	0.00440	0.00858	0.01314	0.01703	0.35197	0.04574	0.45787	0.03345	0.00679	0.00182	0.00267	0.01041	0.00524	0.00465
25	0.00631	0.00536	0.00544	0.00542	0.00718	0.00449	0.00407	0.00771	0.01220	0.01464	0.09111	0.05029	0.74131	0.01325	0.00625	0.00178	0.00267	0.01107	0.00496	0.00449
26	0.01518	0.67034	0.02534	0.00989	0.01408	0.16423	0.00926	0.01681	0.01153	0.01253	0.00750	0.00868	0.00679	0.00469	0.00365	0.00117	0.00637	0.00293	0.00235	0.00666
27	0.85155	0.01022	0.00777	0.00695	0.01022	0.01186	0.00573	0.01554	0.00900	0.02372	0.00736	0.00859	0.00573	0.00491	0.00327	0.00164	0.00409	0.00286	0.00327	0.00573
28	0.01116	0.02337	0.59455	0.01705	0.10734	0.01197	0.07290	0.01659	0.01161	0.03342	0.04377	0.01300	0.00902	0.00523	0.00520	0.00167	0.00742	0.00445	0.00256	0.00773
29	0.00644	0.00460	0.00613	0.00736	0.00767	0.00429	0.00491	0.00736	0.01012	0.01350	0.02914	0.81076	0.03497	0.01656	0.00675	0.00215	0.00307	0.01503	0.00491	0.00429
30	0.01163	0.00906	0.00913	0.00833	0.00960	0.09511	0.00654	0.05090	0.01141	0.01767	0.01370	0.01668	0.01122	0.00928	0.06730	0.00204	0.16552	0.00475	0.47472	0.00542
31	0.19119	0.06151	0.01279	0.00928	0.01315	0.01110	0.00775	0.17355	0.01544	0.39774	0.01543	0.01445	0.01036	0.00603	0.00471	0.00158	0.00468	0.00453	0.03671	0.00803
32	0.01070	0.04937	0.76565	0.01490	0.02262	0.01252	0.01924	0.01672	0.01115	0.01662	0.00943	0.01109	0.00670	0.00501	0.00498	0.00166	0.00775	0.00388	0.00223	0.00778
33	0.00703	0.00539	0.00644	0.00617	0.00762	0.00479	0.00463	0.00910	0.01389	0.01865	0.51131	0.04369	0.31861	0.01176	0.00624	0.00171	0.00256	0.01015	0.00548	0.00479
34	0.01308	0.01256	0.02146	0.03245	0.78123	0.01256	0.01622	0.01622	0.01204	0.01727	0.00994	0.01308	0.00837	0.00471	0.00523	0.00157	0.00628	0.00471	0.00262	0.00837
35	0.01042	0.01034	0.01793	0.01396	0.01743	0.01004	0.32923	0.01578	0.15568	0.01731	0.06026	0.02941	0.22314	0.00836	0.00615	0.00182	0.00576	0.05649	0.00408	0.00639
36	0.01111	0.14041	0.67818	0.01421	0.02155	0.01351	0.01803	0.01661	0.01110	0.01613	0.00918	0.01078	0.00671	0.00495	0.00479	0.00160	0.00750	0.00375	0.00224	0.00767
37	0.01247	0.44527	0.38526	0.01188	0.01795	0.01685	0.01399	0.01626	0.01094	0.01447	0.00836	0.00974	0.00674	0.00476	0.00416	0.00139	0.00667	0.00334	0.00225	0.00727
38	0.01957	0.01430	0.01530	0.01179	0.01587	0.01580	0.00972	0.72489	0.02415	0.03262	0.01293	0.01305	0.00923	0.00634	0.00521	0.00157	0.00564	0.00477	0.04849	0.00878
39	0.00700	0.00502	0.00667	0.00722	0.00797	0.00469	0.00517	0.00866	0.01223	0.01679	0.33534	0.44791	0.04077	0.01409	0.00657	0.00197	0.00295	0.05909	0.00528	0.00461
40	0.00918	0.00459	0.00689	0.00689	0.00689	0.00459	0.00459	0.00689	0.00689	0.00918	0.00918	0.01607	0.00918	0.01837	0.02066	0.84619	0.00459	0.00459	0.00230	0.00230
41	0.00946	0.00805	0.01050	0.00940	0.01048	0.00947	0.00744	0.01311	0.10847	0.01870	0.44505	0.02839	0.03238	0.00987	0.00955	0.00188	0.24986	0.00759	0.00468	0.00566
42	0.00641	0.00472	0.00601	0.00704	0.00758	0.00432	0.00477	0.00740	0.01043	0.01362	0.03304	0.68940	0.15380	0.01606	0.00667	0.00209	0.00300	0.01441	0.00491	0.00432
43	0.01253	0.21330	0.17375	0.01767	0.02329	0.01501	0.43683	0.01663	0.01180	0.01580	0.00965	0.01226	0.00747	0.00458	0.00531	0.00160	0.00791	0.00496	0.00249	0.00718

[dist]
# distance from previous block
# <min> <max>
0	1

[block]
# block no. 6 follows, 46 sequences, length 94
# corresponding to MSA columns:
# 285-378
name=unknown_G
#
# <colnr> <probs for GDERKNQSTAVLIFYWHMCP>
#	G	D	E	R	K	N	Q	S	T	A	V	L	I	F	Y	W	H	M	C	P
0	0.05312	0.01449	0.01759	0.05460	0.31282	0.08809	0.01247	0.33864	0.01764	0.02389	0.01082	0.01243	0.00832	0.00552	0.00513	0.00157	0.00633	0.00453	0.00380	0.00820
1	0.01650	0.01903	0.01814	0.02281	0.38966	0.41209	0.01315	0.01873	0.01354	0.01505	0.00904	0.01127	0.00757	0.00509	0.00499	0.00146	0.00795	0.00404	0.00267	0.00722
2	0.01419	0.01128	0.01208	0.01061	0.01374	0.01277	0.00833	0.08225	0.64232	0.07469	0.02174	0.01999	0.03756	0.00725	0.00539	0.00177	0.00428	0.00599	0.00544	0.00834
3	0.00731	0.00538	0.00684	0.00652	0.00780	0.00491	0.00487	0.00963	0.01450	0.02019	0.67454	0.06002	0.13528	0.01125	0.00625	0.00169	0.00253	0.00988	0.00569	0.00491
4	0.00764	0.00583	0.00827	0.00814	0.00944	0.00546	0.04447	0.00980	0.01301	0.01769	0.36738	0.20299	0.10047	0.01268	0.00657	0.00194	0.00345	0.16469	0.00520	0.00489
5	0.00668	0.00536	0.00596	0.00584	0.00741	0.00464	0.00437	0.00840	0.01301	0.01664	0.30217	0.06310	0.51267	0.01257	0.00625	0.00175	0.00262	0.01069	0.00522	0.00464
6	0.01315	0.01136	0.01195	0.01076	0.01375	0.01315	0.00837	0.02809	0.77168	0.02211	0.02152	0.01972	0.01614	0.00717	0.00538	0.00179	0.00418	0.00598	0.00538	0.00837
7	0.00688	0.00480	0.00606	0.00682	0.00707	0.00459	0.00437	0.00758	0.00955	0.01278	0.05665	0.53053	0.03056	0.27100	0.01316	0.00308	0.00370	0.01246	0.00440	0.00397
8	0.01167	0.26688	0.55666	0.01324	0.02006	0.01490	0.01635	0.01647	0.01103	0.01544	0.00884	0.01035	0.00672	0.00487	0.00453	0.00151	0.00716	0.00358	0.00224	0.00750
9	0.01308	0.01256	0.02146	0.03245	0.78123	0.01256	0.01622	0.01622	0.01204	0.01727	0.00994	0.01308	0.00837	0.00471	0.00523	0.00157	0.00628	0.00471	0.00262	0.00837
10	0.00636	0.00533	0.00553	0.00555	0.00723	0.00450	0.00414	0.00778	0.01221	0.01482	0.11297	0.08302	0.68584	0.01331	0.00627	0.00179	0.00268	0.01119	0.00499	0.00450
11	0.01946	0.02465	0.01526	0.01444	0.04966	0.75899	0.01048	0.02090	0.01485	0.01313	0.00825	0.00969	0.00688	0.00542	0.00479	0.00137	0.00939	0.00346	0.00272	0.00623
12	0.04911	0.01295	0.02463	0.08582	0.36606	0.01282	0.33688	0.01629	0.01198	0.01712	0.01011	0.01347	0.00801	0.00465	0.00559	0.00168	0.00738	0.00529	0.00265	0.00753
13	0.00847	0.00605	0.00846	0.00968	0.01087	0.00604	0.00843	0.01087	0.01212	0.01576	0.02802	0.07777	0.03053	0.01465	0.00729	0.00243	0.00482	0.72801	0.00487	0.00485
14	0.01922	0.02219	0.01462	0.01292	0.01584	0.60620	0.00986	0.14839	0.03505	0.01696	0.00967	0.01077	0.00771	0.00568	0.00482	0.00141	0.00846	0.00377	0.03985	0.00662
15	0.00918	0.00459	0.00689	0.00689	0.00689	0.00459	0.00459	0.00689	0.00689	0.00918	0.00918	0.01607	0.00918	0.01837	0.02066	0.84619	0.00459	0.00459	0.00230	0.00230
16	0.00918	0.00459	0.00689	0.00689	0.00689	0.00459	0.00459	0.00689	0.00689	0.00918	0.00918	0.01607	0.00918	0.01837	0.02066	0.84619	0.00459	0.00459	0.00230	0.00230
17	0.01649	0.43303	0.05928	0.01090	0.01524	0.13299	0.01001	0.23028	0.01542	0.01869	0.00910	0.00997	0.00741	0.00520	0.00422	0.00132	0.00638	0.00352	0.00319	0.00737
18	0.01021	0.00963	0.01627	0.74501	0.09112	0.01181	0.01480	0.01371	0.01068	0.01378	0.00944	0.01402	0.00714	0.00524	0.00528	0.00175	0.00699	0.00470	0.00237	0.00606
19	0.00644	0.00460	0.00613	0.00736	0.00767	0.00429	0.00491	0.00736	0.01012	0.01350	0.02914	0.81076	0.03497	0.01656	0.00675	0.00215	0.00307	0.01503	0.00491	0.00429
20	0.00736	0.00540	0.00690	0.00652	0.00782	0.00494	0.00489	0.00974	0.01467	0.02051	0.70587	0.04063	0.12289	0.01107	0.00624	0.00167	0.00251	0.00972	0.00573	0.00494
21	0.01299	0.01089	0.02803	0.01147	0.05147	0.01175	0.00868	0.09447	0.48364	0.04343	0.06895	0.07779	0.01900	0.00819	0.00560	0.00180	0.00438	0.04455	0.00517	0.00775
22	0.01370	0.01163	0.01226	0.01087	0.01396	0.01340	0.00850	0.08605	0.71283	0.02300	0.02082	0.01917	0.01557	0.00711	0.00537	0.00178	0.00431	0.00588	0.00537	0.00842
23	0.01413	0.81739	0.02770	0.00905	0.01357	0.02092	0.00905	0.01583	0.01074	0.01244	0.00735	0.00848	0.00678	0.00452	0.00339	0.00113	0.00565	0.00283	0.00226	0.00678
24	0.01137	0.00957	0.01159	0.00834	0.01301	0.00738	0.02773	0.01405	0.02788	0.03642	0.00999	0.01142	0.00815	0.00407	0.00405	0.00085	0.00408	0.00334	0.00325	0.78346
25	0.01071	0.01685	0.33223	0.01209	0.01767	0.00971	0.07912	0.03184	0.01179	0.01756	0.07315	0.04370	0.01186	0.00551	0.00491	0.00138	0.00586	0.00474	0.00306	0.30626
26	0.00625	0.00536	0.00536	0.00536	0.00714	0.00446	0.00402	0.00759	0.01205	0.01428	0.05355	0.05088	0.77909	0.01339	0.00625	0.00179	0.00268	0.01116	0.00491	0.00446
27	0.02014	0.01805	0.01541	0.01253	0.01625	0.27770	0.01000	0.48099	0.02110	0.05947	0.01153	0.01186	0.00844	0.00605	0.00511	0.00151	0.00701	0.00433	0.00448	0.00803
28	0.01315	0.01136	0.01195	0.01076	0.01375	0.01315	0.00837	0.02809	0.77168	0.02211	0.02152	0.01972	0.01614	0.00717	0.00538	0.00179	0.00418	0.00598	0.00538	0.00837
29	0.01012	0.00953	0.01610	0.76801	0.06885	0.01178	0.01475	0.01363	0.01063	0.01367	0.00942	0.01405	0.00711	0.00526	0.00528	0.00175	0.00701	0.00470	0.00236	0.00598
30	0.01308	0.01256	0.02146	0.03245	0.78123	0.01256	0.01622	0.01622	0.01204	0.01727	0.00994	0.01308	0.00837	0.00471	0.00523	0.00157	0.00628	0.00471	0.00262	0.00837
31	0.00625	0.00536	0.00536	0.00536	0.00714	0.00446	0.00402	0.00759	0.01205	0.01428	0.05355	0.05088	0.77909	0.01339	0.00625	0.00179	0.00268	0.01116	0.00491	0.00446
32	0.01975	0.02520	0.01498	0.01362	0.01634	0.79299	0.01021	0.02111	0.01498	0.01294	0.00817	0.00953	0.00681	0.00545	0.00477	0.00136	0.00953	0.00340	0.00272	0.00613
33	0.01096	0.00940	0.01096	0.00783	0.01253	0.00705	0.00626	0.01331	0.01096	0.01723	0.00940	0.01096	0.00783	0.00392	0.00392	0.00078	0.00392	0.00313	0.00313	0.84653
34	0.01060	0.02735	0.78682	0.01507	0.02288	0.01228	0.01953	0.01674	0.01116	0.01674	0.00949	0.01116	0.00670	0.00502	0.00502	0.00167	0.00781	0.00391	0.00223	0.00781
35	0.01582	0.01227	0.01357	0.01013	0.01458	0.01201	0.00828	0.41203	0.01835	0.02578	0.01115	0.01188	0.00845	0.00521	0.00464	0.00121	0.00493	0.00400	0.00428	0.40145
36	0.02010	0.01481	0.01587	0.01216	0.01639	0.01639	0.01005	0.76360	0.02486	0.03332	0.01269	0.01269	0.00899	0.00635	0.00529	0.00159	0.00582	0.00476	0.00529	0.00899
37	0.01308	0.01256	0.02146	0.03245	0.78123	0.01256	0.01622	0.01622	0.01204	0.01727	0.00994	0.01308	0.00837	0.00471	0.00523	0.00157	0.00628	0.00471	0.00262	0.00837
38	0.00644	0.00460	0.00613	0.00736	0.00767	0.00429	0.00491	0.00736	0.01012	0.01350	0.02914	0.81076	0.03497	0.01656	0.00675	0.00215	0.00307	0.01503	0.00491	0.00429
39	0.02010	0.01481	0.01587	0.01216	0.01639	0.01639	0.01005	0.76360	0.02486	0.03332	0.01269	0.01269	0.00899	0.00635	0.00529	0.00159	0.00582	0.00476	0.00529	0.00899
40	0.01413	0.81739	0.02770	0.00905	0.01357	0.02092	0.00905	0.01583	0.01074	0.01244	0.00735	0.00848	0.00678	0.00452	0.00339	0.00113	0.00565	0.00283	0.00226	0.00678
41	0.00644	0.00460	0.00613	0.00736	0.00767	0.00429	0.00491	0.00736	0.01012	0.01350	0.02914	0.81076	0.03497	0.01656	0.00675	0.00215	0.00307	0.01503	0.00491	0.00429
42	0.01373	0.72710	0.11446	0.00973	0.01463	0.01993	0.01024	0.01593	0.01079	0.01293	0.00759	0.00879	0.00677	0.00458	0.00358	0.00119	0.00590	0.00295	0.00226	0.00690
43	0.75913	0.01006	0.00802	0.00721	0.01033	0.01157	0.00586	0.04842	0.00978	0.02348	0.00902	0.06124	0.00778	0.00573	0.00359	0.00167	0.00410	0.00374	0.00347	0.00578
44	0.01335	0.02258	0.49893	0.01507	0.02166	0.01350	0.09718	0.21660	0.01497	0.02120	0.01048	0.01191	0.00745	0.00532	0.00523	0.00166	0.00740	0.00439	0.00310	0.00805
45	0.01315	0.01136	0.01195	0.01076	0.01375	0.01315	0.00837	0.02809	0.77168	0.02211	0.02152	0.01972	0.01614	0.00717	0.00538	0.00179	0.00418	0.00598	0.00538	0.00837
46	0.00998	0.00940	0.01586	0.80150	0.03641	0.01175	0.01468	0.01351	0.01057	0.01351	0.00940	0.01409	0.00705	0.00529	0.00529	0.00176	0.00705	0.00470	0.00235	0.00587
47	0.15139	0.01408	0.01459	0.01134	0.01542	0.01568	0.00937	0.64548	0.02235	0.03180	0.01185	0.01204	0.00847	0.00612	0.00497	0.00159	0.00554	0.00446	0.00497	0.00847
48	0.00784	0.00563	0.00772	0.00891	0.00987	0.00551	0.00732	0.00980	0.01156	0.01509	0.02908	0.28046	0.05386	0.01514	0.00711	0.00233	0.00427	0.50892	0.00488	0.00469
49	0.00748	0.00540	0.00707	0.00665	0.00790	0.00499	0.00499	0.00998	0.01496	0.02120	0.77844	0.03949	0.04988	0.01081	0.00624	0.00166	0.00249	0.00956	0.00582	0.00499
50	0.01060	0.02735	0.78682	0.01507	0.02288	0.01228	0.01953	0.01674	0.01116	0.01674	0.00949	0.01116	0.00670	0.00502	0.00502	0.00167	0.00781	0.00391	0.00223	0.00781
51	0.01308	0.01256	0.02146	0.03245	0.78123	0.01256	0.01622	0.01622	0.01204	0.01727	0.00994	0.01308	0.00837	0.00471	0.00523	0.00157	0.00628	0.00471	0.00262	0.00837
52	0.00852	0.00608	0.00852	0.00974	0.01095	0.00608	0.00852	0.01095	0.01217	0.01582	0.02799	0.05963	0.03042	0.01460	0.00730	0.00243	0.00487	0.74565	0.00487	0.00487
53	0.00852	0.00608	0.00852	0.00974	0.01095	0.00608	0.00852	0.01095	0.01217	0.01582	0.02799	0.05963	0.03042	0.01460	0.00730	0.00243	0.00487	0.74565	0.00487	0.00487
54	0.00760	0.00549	0.00760	0.00760	0.00824	0.00612	0.00549	0.00887	0.00823	0.01161	0.01498	0.02530	0.01518	0.29326	0.54234	0.00739	0.01120	0.00633	0.00295	0.00422
55	0.01413	0.81739	0.02770	0.00905	0.01357	0.02092	0.00905	0.01583	0.01074	0.01244	0.00735	0.00848	0.00678	0.00452	0.00339	0.00113	0.00565	0.00283	0.00226	0.00678
56	0.01248	0.01426	0.03119	0.02228	0.02763	0.01337	0.76203	0.01693	0.01248	0.01693	0.01070	0.01426	0.00802	0.00446	0.00624	0.00178	0.00891	0.00624	0.00267	0.00713
57	0.01026	0.00968	0.01635	0.73336	0.10240	0.01182	0.01482	0.01375	0.01070	0.01384	0.00944	0.01400	0.00716	0.00523	0.00528	0.00174	0.00698	0.00470	0.00237	0.00609
58	0.01248	0.01426	0.03119	0.02228	0.02763	0.01337	0.76203	0.01693	0.01248	0.01693	0.01070	0.01426	0.00802	0.00446	0.00624	0.00178	0.00891	0.00624	0.00267	0.00713
59	0.01308	0.01256	0.02146	0.03245	0.78123	0.01256	0.01622	0.01622	0.01204	0.01727	0.00994	0.01308	0.00837	0.00471	0.00523	0.00157	0.00628	0.00471	0.00262	0.00837
60	0.01060	0.02735	0.78682	0.01507	0.02288	0.01228	0.01953	0.01674	0.01116	0.01674	0.00949	0.01116	0.00670	0.00502	0.00502	0.00167	0.00781	0.00391	0.00223	0.00781
61	0.00803	0.00574	0.00796	0.00918	0.01018	0.00567	0.00767	0.01011	0.01169	0.01528	0.02826	0.23569	0.03149	0.01506	0.00717	0.00237	0.00445	0.57440	0.00488	0.00473
62	0.85155	0.01022	0.00777	0.00695	0.01022	0.01186	0.00573	0.01554	0.00900	0.02372	0.00736	0.00859	0.00573	0.00491	0.00327	0.00164	0.00409	0.00286	0.00327	0.00573
63	0.00644	0.00460	0.00613	0.00736	0.00767	0.00429	0.00491	0.00736	0.01012	0.01350	0.02914	0.81076	0.03497	0.01656	0.00675	0.00215	0.00307	0.01503	0.00491	0.00429
64	0.01096	0.00940	0.01096	0.00783	0.01253	0.00705	0.00626	0.01331	0.01096	0.01723	0.00940	0.01096	0.00783	0.00392	0.00392	0.00078	0.00392	0.00313	0.00313	0.84653
65	0.01345	0.01151	0.01213	0.01082	0.01386	0.01329	0.00844	0.06040	0.73887	0.02261	0.02113	0.01941	0.01582	0.00714	0.00538	0.00178	0.00426	0.00592	0.00538	0.00840
66	0.02010	0.01481	0.01587	0.01216	0.01639	0.01639	0.01005	0.76360	0.02486	0.03332	0.01269	0.01269	0.00899	0.00635	0.00529	0.00159	0.00582	0.00476	0.00529	0.00899
