[name]
unknown

[dist]
# distance from previous block
# <min> <max>
5	53

[block]
# block no. 0 follows, 46 sequences, length 95
# corresponding to MSA columns:
# 54-148
name=unknown_A
#
# <colnr> <probs for GDERKNQSTAVLIFYWHMCP>
#	G	D	E	R	K	N	Q	S	T	A	V	L	I	F	Y	W	H	M	C	P
0	0.01409	0.77869	0.02695	0.00913	0.01358	0.02055	0.00901	0.01642	0.04727	0.01290	0.00803	0.00902	0.00723	0.00465	0.00349	0.00116	0.00558	0.00298	0.00241	0.00686
1	0.00725	0.00541	0.00680	0.00649	0.00783	0.00496	0.00488	0.00949	0.01409	0.01943	0.60161	0.04079	0.18910	0.01269	0.04402	0.00201	0.00309	0.00968	0.00550	0.00487
2	0.00743	0.00537	0.00702	0.00668	0.00789	0.00495	0.00498	0.00985	0.01473	0.02083	0.74247	0.07652	0.04917	0.01108	0.00626	0.00169	0.00252	0.00982	0.00578	0.00495
3	0.00643	0.00464	0.00610	0.00726	0.00764	0.00430	0.00486	0.00737	0.01021	0.01353	0.03031	0.77428	0.07069	0.01641	0.00672	0.00213	0.00305	0.01484	0.00491	0.00430
4	0.05513	0.01721	0.04534	0.01765	0.12138	0.26574	0.16791	0.03461	0.03077	0.01565	0.00912	0.01174	0.00752	0.00594	0.00767	0.00171	0.17093	0.00451	0.00275	0.00673
5	0.05955	0.04379	0.01495	0.01319	0.01598	0.73666	0.00997	0.02071	0.01459	0.01344	0.00811	0.00946	0.00676	0.00540	0.00466	0.00137	0.00918	0.00336	0.00274	0.00613
6	0.00669	0.00494	0.00662	0.00767	0.00797	0.00487	0.00523	0.00762	0.01002	0.01346	0.02807	0.77239	0.03362	0.01621	0.00726	0.00215	0.04155	0.01453	0.00478	0.00437
7	0.01085	0.01026	0.01664	0.06410	0.43596	0.01033	0.04743	0.01352	0.01201	0.01644	0.07556	0.02368	0.18748	0.00737	0.00617	0.00168	0.04367	0.00660	0.00335	0.00692
8	0.00669	0.00619	0.04335	0.00661	0.00816	0.00486	0.00517	0.00830	0.01184	0.01514	0.14701	0.27628	0.41429	0.01358	0.00634	0.00187	0.00302	0.01175	0.00491	0.00465
9	0.01170	0.01115	0.01896	0.37569	0.44881	0.01220	0.01554	0.01501	0.01138	0.01559	0.00970	0.01354	0.00778	0.00497	0.00526	0.00166	0.00662	0.00470	0.00250	0.00726
10	0.05358	0.15762	0.29391	0.01560	0.02146	0.01426	0.25762	0.06977	0.01250	0.04066	0.00998	0.01189	0.00745	0.00489	0.00508	0.00161	0.00738	0.00453	0.00278	0.00743
11	0.10158	0.01905	0.01426	0.01213	0.01540	0.39605	0.00949	0.29370	0.01803	0.02187	0.04255	0.01188	0.00934	0.00595	0.00487	0.00148	0.00733	0.00411	0.00385	0.00709
12	0.02372	0.00900	0.01227	0.00941	0.01350	0.00777	0.00777	0.02576	0.01513	0.78489	0.02086	0.01799	0.01309	0.00654	0.00532	0.00164	0.00450	0.00532	0.00654	0.00900
13	0.00644	0.00460	0.00613	0.00736	0.00767	0.00429	0.00491	0.00736	0.01012	0.01350	0.02914	0.81076	0.03497	0.01656	0.00675	0.00215	0.00307	0.01503	0.00491	0.00429
14	0.01416	0.50965	0.05086	0.01595	0.22650	0.01798	0.01146	0.07024	0.01214	0.01544	0.00853	0.01015	0.00738	0.00472	0.00409	0.00130	0.00591	0.00352	0.00258	0.00742
15	0.01183	0.23411	0.54712	0.01392	0.04209	0.01465	0.01646	0.03423	0.01140	0.01602	0.00902	0.01055	0.00682	0.00491	0.00461	0.00153	0.00715	0.00367	0.00232	0.00759
16	0.00694	0.00491	0.00643	0.00738	0.00782	0.00468	0.00512	0.00801	0.01033	0.01381	0.07442	0.55994	0.03312	0.12877	0.00963	0.00257	0.00354	0.10359	0.00472	0.00425
17	0.01363	0.70566	0.13506	0.00990	0.01489	0.01970	0.01053	0.01596	0.01080	0.01305	0.00765	0.00886	0.00677	0.00459	0.00362	0.00121	0.00596	0.00298	0.00226	0.00693
18	0.00644	0.00460	0.00613	0.00736	0.00767	0.00429	0.00491	0.00736	0.01012	0.01350	0.02914	0.81076	0.03497	0.01656	0.00675	0.00215	0.00307	0.01503	0.00491	0.00429
19	0.01096	0.00940	0.01096	0.00783	0.01253	0.00705	0.00626	0.01331	0.01096	0.01723	0.00940	0.01096	0.00783	0.00392	0.00392	0.00078	0.00392	0.00313	0.00313	0.84653
20	0.00731	0.00540	0.00682	0.00647	0.00779	0.00491	0.00485	0.00964	0.01455	0.02022	0.67592	0.04110	0.15301	0.01117	0.00624	0.00168	0.00252	0.00979	0.00569	0.00491
21	0.01369	0.01461	0.02401	0.01873	0.05487	0.09047	0.44749	0.05057	0.19214	0.01845	0.01305	0.01497	0.00987	0.00528	0.00581	0.00173	0.00762	0.00577	0.00342	0.00745
22	0.00878	0.00697	0.00815	0.00851	0.00978	0.00739	0.00610	0.01461	0.27616	0.01652	0.02695	0.51986	0.04269	0.01322	0.00626	0.00202	0.00345	0.01179	0.00507	0.00572
23	0.00725	0.00555	0.00672	0.00703	0.00818	0.00524	0.00512	0.00977	0.06724	0.01646	0.23405	0.33133	0.21815	0.01349	0.00641	0.00192	0.00298	0.04308	0.00518	0.00484
24	0.00812	0.00650	0.00958	0.00926	0.01007	0.00796	0.00731	0.00990	0.00844	0.01234	0.01314	0.01947	0.01233	0.03535	0.68352	0.00762	0.12594	0.00552	0.00276	0.00487
25	0.85155	0.01022	0.00777	0.00695	0.01022	0.01186	0.00573	0.01554	0.00900	0.02372	0.00736	0.00859	0.00573	0.00491	0.00327	0.00164	0.00409	0.00286	0.00327	0.00573
26	0.00934	0.00825	0.01174	0.01071	0.01118	0.01077	0.00859	0.01079	0.00827	0.01234	0.01111	0.01756	0.01081	0.07494	0.40068	0.00554	0.36433	0.00533	0.00263	0.00510
27	0.00644	0.00460	0.00613	0.00736	0.00767	0.00429	0.00491	0.00736	0.01012	0.01350	0.02914	0.81076	0.03497	0.01656	0.00675	0.00215	0.00307	0.01503	0.00491	0.00429
28	0.83104	0.02999	0.00826	0.00700	0.01031	0.01208	0.00581	0.01555	0.00904	0.02344	0.00736	0.00859	0.00575	0.00490	0.00327	0.00162	0.00413	0.00286	0.00325	0.00575
29	0.01359	0.01272	0.02105	0.03098	0.72572	0.01284	0.01578	0.07047	0.01297	0.01844	0.01014	0.01306	0.00842	0.00483	0.00524	0.00157	0.00625	0.00471	0.00281	0.00842
30	0.00656	0.00465	0.00610	0.00721	0.00749	0.00437	0.00475	0.00739	0.00989	0.01319	0.02796	0.73743	0.03348	0.09192	0.00865	0.00243	0.00326	0.01434	0.00475	0.00419
31	0.00745	0.00540	0.00702	0.00661	0.00788	0.00497	0.00496	0.00991	0.01488	0.02100	0.75705	0.03983	0.07141	0.01088	0.00624	0.00167	0.00250	0.00961	0.00579	0.00497
32	0.00644	0.00460	0.00613	0.00736	0.00767	0.00429	0.00491	0.00736	0.01012	0.01350	0.02914	0.81076	0.03497	0.01656	0.00675	0.00215	0.00307	0.01503	0.00491	0.00429
33	0.01306	0.01262	0.02180	0.03209	0.75461	0.01259	0.04257	0.01625	0.01205	0.01726	0.00997	0.01313	0.00836	0.00470	0.00527	0.00158	0.00637	0.00476	0.00262	0.00833
34	0.00625	0.00536	0.00536	0.00536	0.00714	0.00446	0.00402	0.00759	0.01205	0.01428	0.05355	0.05088	0.77909	0.01339	0.00625	0.00179	0.00268	0.01116	0.00491	0.00446
35	0.01096	0.00940	0.01096	0.00783	0.01253	0.00705	0.00626	0.01331	0.01096	0.01723	0.00940	0.01096	0.00783	0.00392	0.00392	0.00078	0.00392	0.00313	0.00313	0.84653
36	0.00918	0.00459	0.00689	0.00689	0.00689	0.00459	0.00459	0.00689	0.00689	0.00918	0.00918	0.01607	0.00918	0.01837	0.02066	0.84619	0.00459	0.00459	0.00230	0.00230
37	0.01308	0.01256	0.02146	0.03245	0.78123	0.01256	0.01622	0.01622	0.01204	0.01727	0.00994	0.01308	0.00837	0.00471	0.00523	0.00157	0.00628	0.00471	0.00262	0.00837
38	0.01978	0.02421	0.01506	0.01348	0.01635	0.71961	0.01020	0.09126	0.01591	0.01486	0.00860	0.00983	0.00702	0.00553	0.00482	0.00138	0.00918	0.00353	0.00297	0.00640
39	0.00642	0.00467	0.00606	0.00717	0.00762	0.00431	0.00482	0.00738	0.01030	0.01357	0.03144	0.73897	0.10527	0.01626	0.00670	0.00211	0.00303	0.01466	0.00491	0.00431
40	0.00755	0.00566	0.00850	0.00850	0.00944	0.00661	0.00661	0.00944	0.00850	0.01227	0.01416	0.02077	0.01322	0.03965	0.79326	0.00850	0.01416	0.00566	0.00283	0.00472
41	0.02010	0.01481	0.01587	0.01216	0.01639	0.01639	0.01005	0.76360	0.02486	0.03332	0.01269	0.01269	0.00899	0.00635	0.00529	0.00159	0.00582	0.00476	0.00529	0.00899
42	0.01640	0.01242	0.02458	0.01778	0.02269	0.01141	0.49858	0.02002	0.01340	0.28517	0.01424	0.01556	0.00979	0.00519	0.00592	0.00173	0.00737	0.00592	0.00403	0.00778
43	0.01096	0.00940	0.01096	0.00783	0.01253	0.00705	0.00626	0.01331	0.01096	0.01723	0.00940	0.01096	0.00783	0.00392	0.00392	0.00078	0.00392	0.00313	0.00313	0.84653
44	0.00731	0.00540	0.00682	0.00647	0.00779	0.00491	0.00485	0.00964	0.01455	0.02022	0.67592	0.04110	0.15301	0.01117	0.00624	0.00168	0.00252	0.00979	0.00569	0.00491
45	0.00811	0.01305	0.27878	0.00911	0.01285	0.00734	0.00971	0.01145	0.01255	0.01708	0.24084	0.03382	0.30543	0.00974	0.00582	0.00171	0.00442	0.00818	0.00423	0.00578
46	0.01877	0.00790	0.01068	0.00857	0.01179	0.00692	0.00692	0.02095	0.01508	0.55216	0.25173	0.02454	0.02430	0.00784	0.00560	0.00164	0.00389	0.00661	0.00632	0.00778
47	0.01205	0.10554	0.01785	0.01337	0.04188	0.16953	0.20650	0.01435	0.01221	0.01440	0.02175	0.02311	0.22134	0.00987	0.06310	0.00212	0.03534	0.00648	0.00325	0.00597
48	0.00677	0.00536	0.00609	0.00595	0.00747	0.00468	0.00444	0.00858	0.01322	0.01715	0.35605	0.06464	0.45605	0.01239	0.00625	0.00174	0.00261	0.01058	0.00529	0.00468
49	0.01209	0.36047	0.46674	0.01253	0.01895	0.01592	0.01511	0.01636	0.01098	0.01493	0.00859	0.01003	0.00673	0.00481	0.00434	0.00145	0.00690	0.00345	0.00224	0.00738
50	0.03341	0.39026	0.13178	0.07390	0.22892	0.01642	0.01286	0.02943	0.01136	0.01511	0.00862	0.01062	0.00725	0.00474	0.00430	0.00140	0.00620	0.00367	0.00244	0.00732
51	0.00659	0.00471	0.00627	0.00726	0.00770	0.00439	0.00492	0.00773	0.01081	0.01458	0.13511	0.70168	0.03707	0.01575	0.00668	0.00208	0.00299	0.01426	0.00504	0.00439
52	0.00756	0.00561	0.00824	0.00824	0.00909	0.00647	0.00629	0.00927	0.00842	0.01208	0.01440	0.02207	0.01378	0.11283	0.72085	0.00818	0.01331	0.00586	0.00287	0.00458
53	0.00784	0.00529	0.00686	0.00699	0.00807	0.00489	0.00512	0.00973	0.01296	0.04831	0.40172	0.29273	0.08406	0.01268	0.00633	0.00185	0.00287	0.04288	0.03395	0.00488
54	0.00644	0.00460	0.00613	0.00736	0.00767	0.00429	0.00491	0.00736	0.01012	0.01350	0.02914	0.81076	0.03497	0.01656	0.00675	0.00215	0.00307	0.01503	0.00491	0.00429
55	0.01298	0.00665	0.00864	0.00743	0.00975	0.00589	0.00582	0.01515	0.01461	0.28696	0.41131	0.03359	0.14016	0.00968	0.00592	0.00167	0.00322	0.00830	0.00594	0.00631
56	0.01463	0.01032	0.01242	0.02818	0.01361	0.01088	0.03351	0.28314	0.12038	0.10344	0.28204	0.02363	0.02458	0.00795	0.00567	0.00166	0.00443	0.00671	0.00546	0.00737
57	0.01096	0.00940	0.01096	0.00783	0.01253	0.00705	0.00626	0.01331	0.01096	0.01723	0.00940	0.01096	0.00783	0.00392	0.00392	0.00078	0.00392	0.00313	0.00313	0.84653
58	0.01732	0.02097	0.01612	0.12801	0.13962	0.55961	0.01179	0.01927	0.01389	0.01370	0.00862	0.01074	0.00709	0.00531	0.00491	0.00145	0.00867	0.00379	0.00265	0.00645
59	0.01583	0.01764	0.01682	0.09201	0.01939	0.34416	0.12852	0.05325	0.22395	0.01703	0.01258	0.01368	0.00970	0.00579	0.00524	0.00160	0.00755	0.00475	0.00352	0.00700
60	0.01662	0.23910	0.01763	0.01138	0.01471	0.28916	0.00953	0.15724	0.03116	0.03428	0.01215	0.01732	0.01088	0.00672	0.00487	0.00151	0.00688	0.10857	0.00352	0.00678
61	0.00740	0.00540	0.00695	0.00656	0.00784	0.00495	0.00492	0.00981	0.01476	0.02071	0.72731	0.04029	0.10131	0.01099	0.00624	0.00167	0.00251	0.00967	0.00576	0.00495
62	0.01107	0.01147	0.04565	0.38913	0.14735	0.01164	0.17816	0.01469	0.01138	0.01550	0.02861	0.01420	0.00858	0.00501	0.00537	0.00164	0.00696	0.00498	0.00262	0.08601
63	0.00756	0.00564	0.00837	0.00837	0.00927	0.00654	0.00645	0.00936	0.00846	0.01218	0.01428	0.02143	0.01350	0.07650	0.75680	0.00834	0.01373	0.00576	0.00285	0.00465
64	0.01888	0.14959	0.01703	0.01282	0.01591	0.63113	0.01002	0.05861	0.01482	0.01391	0.00828	0.00953	0.00692	0.00535	0.00458	0.00134	0.00873	0.00338	0.00278	0.00638
65	0.01963	0.15438	0.09921	0.00982	0.01435	0.01050	0.00914	0.02208	0.01373	0.51152	0.03463	0.01575	0.01191	0.00600	0.00490	0.00151	0.00499	0.00472	0.00514	0.04607
66	0.01077	0.04605	0.73614	0.01523	0.02286	0.01253	0.05089	0.01673	0.01121	0.01665	0.00949	0.01123	0.00676	0.00499	0.00503	0.00167	0.00781	0.00398	0.00225	0.00776
67	0.01281	0.01228	0.02097	0.09968	0.71612	0.01249	0.01609	0.01599	0.01191	0.01694	0.00990	0.01317	0.00826	0.00476	0.00524	0.00159	0.00635	0.00471	0.00259	0.00816
68	0.01060	0.02735	0.78682	0.01507	0.02288	0.01228	0.01953	0.01674	0.01116	0.01674	0.00949	0.01116	0.00670	0.00502	0.00502	0.00167	0.00781	0.00391	0.00223	0.00781
69	0.01709	0.04697	0.18162	0.01326	0.01824	0.01030	0.17446	0.02050	0.01338	0.37696	0.03911	0.03860	0.01212	0.00610	0.00544	0.00167	0.00611	0.00552	0.00454	0.00799
70	0.01374	0.01150	0.01896	0.21053	0.49721	0.01197	0.01474	0.04103	0.01245	0.10040	0.01109	0.01384	0.00859	0.00510	0.00526	0.00162	0.00625	0.00477	0.00307	0.00787
71	0.03477	0.01212	0.01149	0.01067	0.03104	0.21162	0.00807	0.03829	0.03571	0.17928	0.02699	0.04474	0.01257	0.01879	0.29494	0.00411	0.00934	0.00529	0.00387	0.00634
72	0.01615	0.03499	0.36904	0.01318	0.01898	0.04814	0.05809	0.07279	0.03207	0.26427	0.01362	0.01372	0.00922	0.00563	0.00517	0.00164	0.00662	0.00456	0.00396	0.00815
73	0.00755	0.00530	0.00671	0.00741	0.00791	0.00518	0.00517	0.02669	0.01024	0.01361	0.04310	0.40349	0.02914	0.25585	0.01287	0.00307	0.00406	0.14403	0.00442	0.00420
74	0.01452	0.21045	0.35192	0.01312	0.01904	0.01385	0.08388	0.05966	0.01266	0.15586	0.01133	0.01214	0.00813	0.00520	0.00482	0.00154	0.00669	0.00417	0.00323	0.00778
75	0.01591	0.00917	0.03421	0.00961	0.01263	0.00849	0.03409	0.09729	0.06947	0.32954	0.04760	0.11378	0.06042	0.04582	0.08440	0.00254	0.00551	0.00705	0.00524	0.00723
76	0.01308	0.01256	0.02146	0.03245	0.78123	0.01256	0.01622	0.01622	0.01204	0.01727	0.00994	0.01308	0.00837	0.00471	0.00523	0.00157	0.00628	0.00471	0.00262	0.00837
77	0.01218	0.01211	0.02251	0.02544	0.41248	0.01184	0.25600	0.01579	0.02349	0.01698	0.01304	0.03416	0.01171	0.00616	0.00586	0.00176	0.00686	0.10118	0.00301	0.00744
78	0.01912	0.00932	0.01283	0.01236	0.12133	0.00860	0.00861	0.06152	0.03808	0.49578	0.07082	0.03456	0.06820	0.00722	0.00545	0.00165	0.00453	0.00607	0.00570	0.00823
79	0.01799	0.01566	0.28277	0.01153	0.01680	0.00993	0.01194	0.02287	0.09604	0.43363	0.01696	0.01580	0.01119	0.00608	0.00522	0.00167	0.00562	0.00490	0.00491	0.00851
80	0.00648	0.00463	0.00618	0.00740	0.00773	0.00433	0.00497	0.00743	0.01016	0.01354	0.02912	0.79705	0.03488	0.01653	0.00676	0.00215	0.00310	0.02836	0.00491	0.00430
81	0.01506	0.26168	0.07473	0.06421	0.13625	0.06575	0.01084	0.01741	0.01210	0.17380	0.02580	0.06903	0.01109	0.00624	0.00519	0.00152	0.03369	0.00492	0.00349	0.00722
82	0.01892	0.00914	0.01352	0.28607	0.02150	0.00916	0.01018	0.02148	0.01354	0.51546	0.01685	0.01663	0.01098	0.00610	0.00531	0.00168	0.00539	0.00510	0.00508	0.00791
83	0.00672	0.00546	0.00705	0.00718	0.00845	0.00487	0.04024	0.00809	0.01133	0.01434	0.06561	0.38010	0.37525	0.01429	0.00649	0.00195	0.00319	0.03001	0.00483	0.00454
84	0.01157	0.21277	0.55289	0.01417	0.02103	0.01440	0.07095	0.01654	0.01116	0.01574	0.00907	0.01075	0.00681	0.00486	0.00473	0.00155	0.00738	0.00382	0.00227	0.00752
85	0.01686	0.01576	0.23198	0.01454	0.01960	0.01069	0.17989	0.02007	0.01367	0.30610	0.01737	0.09790	0.01357	0.00754	0.00615	0.00197	0.00672	0.00653	0.00469	0.00840
86	0.02279	0.00968	0.04457	0.00958	0.01376	0.00789	0.00820	0.02501	0.01496	0.73467	0.03830	0.01822	0.01369	0.00658	0.00533	0.00164	0.00459	0.00536	0.00635	0.00885
87	0.01080	0.01001	0.01628	0.27727	0.28830	0.01148	0.01314	0.01352	0.01042	0.01449	0.01067	0.01620	0.00937	0.03923	0.11899	0.00285	0.10506	0.02287	0.00260	0.00645
88	0.01259	0.01227	0.02159	0.14025	0.60469	0.01252	0.08647	0.01591	0.01187	0.01671	0.00994	0.01334	0.00815	0.00477	0.00534	0.00162	0.00664	0.00485	0.00258	0.00790
89	0.01356	0.01378	0.01677	0.03937	0.34171	0.19168	0.05615	0.01618	0.03045	0.04235	0.01458	0.15633	0.02945	0.00731	0.00549	0.00165	0.00644	0.00653	0.00330	0.00693
90	0.01060	0.02735	0.78682	0.01507	0.02288	0.01228	0.01953	0.01674	0.01116	0.01674	0.00949	0.01116	0.00670	0.00502	0.00502	0.00167	0.00781	0.00391	0.00223	0.00781
91	0.00987	0.01279	0.18568	0.01207	0.01526	0.05057	0.13414	0.03038	0.01156	0.03355	0.02041	0.38656	0.03572	0.01079	0.00611	0.00191	0.00558	0.02727	0.00387	0.00589
92	0.01124	0.10116	0.51166	0.01562	0.05378	0.01291	0.10833	0.01667	0.03694	0.01649	0.01101	0.01470	0.00875	0.00557	0.00518	0.00168	0.00736	0.05090	0.00258	0.00748
93	0.01277	0.01224	0.02083	0.06220	0.68084	0.01220	0.03759	0.01592	0.01194	0.01708	0.01019	0.01375	0.00861	0.00484	0.00523	0.00156	0.00626	0.01565	0.00267	0.04765
94	0.01678	0.43409	0.09610	0.01048	0.01493	0.14812	0.00999	0.01893	0.01244	0.17748	0.01057	0.01095	0.00812	0.00516	0.00419	0.00133	0.00628	0.00356	0.00325	0.00724

[dist]
# distance from previous block
# <min> <max>
0	3

[block]
# block no. 1 follows, 46 sequences, length 93
# corresponding to MSA columns:
# 152-244
name=unknown_B
#
# <colnr> <probs for GDERKNQSTAVLIFYWHMCP>
#	G	D	E	R	K	N	Q	S	T	A	V	L	I	F	Y	W	H	M	C	P
0	0.01366	0.01098	0.01209	0.07458	0.03437	0.09467	0.00782	0.01594	0.01208	0.13192	0.02470	0.03173	0.00983	0.00503	0.00447	0.00112	0.00490	0.00405	0.00361	0.50245
1	0.01170	0.01087	0.01825	0.04521	0.56449	0.01081	0.03316	0.01473	0.01269	0.01808	0.18743	0.01924	0.01792	0.00613	0.00549	0.00160	0.00549	0.00587	0.00335	0.00750
2	0.03734	0.03703	0.06103	0.00932	0.01334	0.00831	0.00819	0.01907	0.01303	0.37156	0.03671	0.02008	0.01362	0.00667	0.00527	0.00150	0.01931	0.08430	0.00487	0.22946
3	0.01413	0.81739	0.02770	0.00905	0.01357	0.02092	0.00905	0.01583	0.01074	0.01244	0.00735	0.00848	0.00678	0.00452	0.00339	0.00113	0.00565	0.00283	0.00226	0.00678
4	0.01715	0.01026	0.01497	0.01658	0.26503	0.00917	0.01018	0.01962	0.01311	0.34749	0.01451	0.01468	0.01027	0.00531	0.00495	0.00141	0.00494	0.00459	0.00443	0.21136
5	0.40079	0.01174	0.01105	0.00937	0.01282	0.01340	0.00759	0.21466	0.22540	0.02578	0.01269	0.01276	0.00948	0.00591	0.00439	0.00167	0.00457	0.00423	0.00439	0.00731
6	0.00754	0.00513	0.00611	0.00624	0.00638	0.00520	0.00376	0.00785	0.00804	0.01082	0.01772	0.11662	0.02025	0.64251	0.10965	0.00518	0.00590	0.00825	0.00335	0.00349
7	0.01816	0.00900	0.01133	0.00922	0.01251	0.00865	0.00742	0.07321	0.14228	0.43905	0.18591	0.02262	0.02135	0.00757	0.00553	0.00166	0.00410	0.00632	0.00610	0.00802
8	0.01060	0.02735	0.78682	0.01507	0.02288	0.01228	0.01953	0.01674	0.01116	0.01674	0.00949	0.01116	0.00670	0.00502	0.00502	0.00167	0.00781	0.00391	0.00223	0.00781
9	0.01308	0.01256	0.02146	0.03245	0.78123	0.01256	0.01622	0.01622	0.01204	0.01727	0.00994	0.01308	0.00837	0.00471	0.00523	0.00157	0.00628	0.00471	0.00262	0.00837
10	0.00644	0.00460	0.00613	0.00736	0.00767	0.00429	0.00491	0.00736	0.01012	0.01350	0.02914	0.81076	0.03497	0.01656	0.00675	0.00215	0.00307	0.01503	0.00491	0.00429
11	0.01296	0.01092	0.01166	0.01039	0.01327	0.01245	0.00810	0.07278	0.64042	0.02272	0.10483	0.02147	0.01942	0.00752	0.00547	0.00177	0.00410	0.00630	0.00542	0.00803
12	0.02190	0.00921	0.01209	0.00951	0.01338	0.00840	0.00778	0.02566	0.11451	0.66465	0.04082	0.01878	0.01445	0.00674	0.00535	0.00166	0.00440	0.00551	0.00637	0.00881
13	0.01193	0.01320	0.02784	0.19251	0.02955	0.01301	0.59876	0.01619	0.01206	0.01619	0.01041	0.01422	0.00781	0.00464	0.00603	0.00178	0.00851	0.00590	0.00260	0.00686
14	0.00679	0.00579	0.00590	0.00580	0.00765	0.00511	0.00437	0.00916	0.06714	0.01511	0.07910	0.04818	0.69584	0.01284	0.00618	0.00178	0.00278	0.01072	0.00498	0.00477
15	0.00724	0.00539	0.00673	0.00640	0.00775	0.00489	0.00480	0.00951	0.01439	0.01984	0.63621	0.04172	0.19296	0.01131	0.00624	0.00169	0.00253	0.00987	0.00564	0.00489
16	0.01975	0.02520	0.01498	0.01362	0.01634	0.79299	0.01021	0.02111	0.01498	0.01294	0.00817	0.00953	0.00681	0.00545	0.00477	0.00136	0.00953	0.00340	0.00272	0.00613
17	0.01975	0.02520	0.01498	0.01362	0.01634	0.79299	0.01021	0.02111	0.01498	0.01294	0.00817	0.00953	0.00681	0.00545	0.00477	0.00136	0.00953	0.00340	0.00272	0.00613
18	0.00687	0.00503	0.00645	0.00683	0.00771	0.00462	0.00484	0.00853	0.01244	0.01694	0.35823	0.39060	0.12392	0.01370	0.00647	0.00190	0.00277	0.01222	0.00530	0.00462
19	0.01248	0.01426	0.03119	0.02228	0.02763	0.01337	0.76203	0.01693	0.01248	0.01693	0.01070	0.01426	0.00802	0.00446	0.00624	0.00178	0.00891	0.00624	0.00267	0.00713
20	0.00703	0.00539	0.00643	0.00617	0.00762	0.00479	0.00463	0.00909	0.01389	0.01864	0.51016	0.04370	0.31976	0.01176	0.00624	0.00171	0.00256	0.01015	0.00548	0.00479
21	0.01285	0.01265	0.02244	0.06427	0.58733	0.01269	0.14192	0.01673	0.04480	0.01725	0.01055	0.01361	0.00859	0.00480	0.00541	0.00162	0.00667	0.00502	0.00273	0.00805
22	0.00638	0.00536	0.00554	0.00549	0.00722	0.00452	0.00412	0.00784	0.01236	0.01503	0.13159	0.04965	0.70059	0.01311	0.00625	0.00177	0.00266	0.01099	0.00501	0.00452
23	0.06852	0.01295	0.01392	0.01108	0.01492	0.01423	0.00904	0.47038	0.17300	0.11343	0.01517	0.01462	0.01080	0.00644	0.00515	0.00163	0.00516	0.00496	0.02601	0.00857
24	0.01791	0.28499	0.01915	0.01212	0.01543	0.53980	0.00983	0.01938	0.01359	0.01277	0.00790	0.00919	0.00680	0.00514	0.00432	0.00129	0.00826	0.00322	0.00257	0.00634
25	0.00686	0.00538	0.00620	0.00600	0.00752	0.00472	0.00450	0.00877	0.01350	0.01771	0.41307	0.04523	0.41743	0.01211	0.00624	0.00172	0.00259	0.01037	0.00536	0.00472
26	0.01157	0.01157	0.01619	0.01388	0.01388	0.01619	0.01157	0.01272	0.00810	0.01272	0.00694	0.01157	0.00694	0.00925	0.01735	0.00231	0.80453	0.00463	0.00231	0.00578
27	0.00657	0.00513	0.00593	0.00622	0.00742	0.00453	0.00445	0.00798	0.01193	0.01528	0.18388	0.27904	0.39715	0.03141	0.00685	0.00194	0.00281	0.01195	0.00505	0.00448
28	0.00998	0.00940	0.01586	0.80150	0.03641	0.01175	0.01468	0.01351	0.01057	0.01351	0.00940	0.01409	0.00705	0.00529	0.00529	0.00176	0.00705	0.00470	0.00235	0.00587
29	0.00755	0.00566	0.00850	0.00850	0.00944	0.00661	0.00661	0.00944	0.00850	0.01227	0.01416	0.02077	0.01322	0.03965	0.79326	0.00850	0.01416	0.00566	0.00283	0.00472
30	0.01060	0.02735	0.78682	0.01507	0.02288	0.01228	0.01953	0.01674	0.01116	0.01674	0.00949	0.01116	0.00670	0.00502	0.00502	0.00167	0.00781	0.00391	0.00223	0.00781
31	0.01413	0.81739	0.02770	0.00905	0.01357	0.02092	0.00905	0.01583	0.01074	0.01244	0.00735	0.00848	0.00678	0.00452	0.00339	0.00113	0.00565	0.00283	0.00226	0.00678
32	0.01645	0.01448	0.01314	0.01142	0.01462	0.17514	0.00892	0.12611	0.44223	0.09330	0.01749	0.01649	0.01294	0.00664	0.00523	0.00166	0.00555	0.00522	0.00492	0.00805
33	0.01290	0.01075	0.01140	0.01012	0.01300	0.01209	0.00790	0.11851	0.54649	0.02238	0.04668	0.04928	0.09900	0.00816	0.00553	0.00177	0.00414	0.00679	0.00531	0.00779
34	0.01382	0.01182	0.01339	0.01330	0.09905	0.01340	0.00940	0.09812	0.61507	0.02266	0.01938	0.01831	0.01458	0.00682	0.00535	0.00175	0.00457	0.00572	0.00506	0.00843
35	0.01319	0.00975	0.01064	0.00950	0.01234	0.01063	0.00746	0.02357	0.50233	0.10299	0.02322	0.02310	0.07243	0.00764	0.00530	0.00171	0.00396	0.03522	0.08667	0.03835
36	0.61779	0.04238	0.03919	0.01049	0.09432	0.01245	0.00783	0.06350	0.01068	0.04846	0.00851	0.00974	0.00654	0.00502	0.00375	0.00161	0.00465	0.00330	0.00336	0.00644
37	0.01421	0.01278	0.06760	0.07131	0.04239	0.01326	0.04305	0.31048	0.08457	0.02235	0.01406	0.10020	0.01229	0.04071	0.02200	0.00205	0.10921	0.00609	0.00411	0.00729
38	0.01218	0.01046	0.01130	0.00830	0.01284	0.06088	0.00661	0.01445	0.01144	0.05431	0.00987	0.01121	0.00802	0.00415	0.00404	0.00086	0.00433	0.00326	0.00327	0.74822
39	0.00768	0.00517	0.00597	0.00597	0.00604	0.00524	0.00346	0.00782	0.00775	0.01040	0.01647	0.03356	0.01877	0.75609	0.08442	0.00538	0.00580	0.00754	0.00318	0.00332
40	0.02252	0.01093	0.01346	0.01032	0.01446	0.01063	0.00853	0.27082	0.01836	0.53527	0.01814	0.01623	0.01173	0.00648	0.00531	0.00162	0.00494	0.00513	0.00613	0.00899
41	0.00755	0.00510	0.00578	0.00586	0.00594	0.00505	0.00335	0.00766	0.00800	0.01061	0.01875	0.08827	0.04576	0.73277	0.02484	0.00481	0.00490	0.00831	0.00338	0.00332
42	0.85155	0.01022	0.00777	0.00695	0.01022	0.01186	0.00573	0.01554	0.00900	0.02372	0.00736	0.00859	0.00573	0.00491	0.00327	0.00164	0.00409	0.00286	0.00327	0.00573
43	0.00693	0.00533	0.00614	0.00600	0.00733	0.00475	0.00436	0.00860	0.01276	0.01675	0.35481	0.06467	0.36965	0.09860	0.00848	0.00210	0.00287	0.01021	0.00511	0.00454
44	0.01520	0.01237	0.01311	0.01117	0.01453	0.01411	0.00886	0.24495	0.55148	0.02542	0.01892	0.01765	0.01403	0.00693	0.00535	0.00173	0.00467	0.00562	0.00535	0.00855
45	0.00644	0.00460	0.00613	0.00736	0.00767	0.00429	0.00491	0.00736	0.01012	0.01350	0.02914	0.81076	0.03497	0.01656	0.00675	0.00215	0.00307	0.01503	0.00491	0.00429
46	0.01466	0.01312	0.01604	0.01331	0.01479	0.04404	0.01102	0.25926	0.01384	0.01948	0.00887	0.01186	0.00761	0.00816	0.01294	0.00204	0.51417	0.00463	0.00330	0.00685
47	0.01537	0.17186	0.28136	0.03106	0.01852	0.34959	0.01328	0.03369	0.01299	0.01458	0.00859	0.01006	0.00682	0.00515	0.00462	0.00144	0.00810	0.00353	0.00251	0.00688
48	0.00670	0.00471	0.00606	0.00703	0.00727	0.00447	0.00455	0.00743	0.00962	0.01282	0.02654	0.64947	0.03169	0.18232	0.01094	0.00277	0.00349	0.01350	0.00455	0.00407
49	0.01372	0.02323	0.53399	0.01412	0.02075	0.01363	0.01642	0.26167	0.01565	0.02218	0.01054	0.01166	0.00745	0.00546	0.00511	0.00165	0.00716	0.00419	0.00323	0.00820
50	0.00677	0.00503	0.00632	0.00673	0.00765	0.00457	0.00477	0.00833	0.01221	0.01638	0.30015	0.39151	0.18234	0.01391	0.00647	0.00191	0.00279	0.01235	0.00523	0.00457
51	0.00890	0.00746	0.01031	0.00955	0.00993	0.00936	0.00734	0.01006	0.00815	0.01189	0.01245	0.02137	0.01273	0.23229	0.33834	0.00559	0.27099	0.00585	0.00276	0.00467
52	0.01315	0.01136	0.01195	0.01076	0.01375	0.01315	0.00837	0.02809	0.77168	0.02211	0.02152	0.01972	0.01614	0.00717	0.00538	0.00179	0.00418	0.00598	0.00538	0.00837
53	0.01315	0.01136	0.01195	0.01076	0.01375	0.01315	0.00837	0.02809	0.77168	0.02211	0.02152	0.01972	0.01614	0.00717	0.00538	0.00179	0.00418	0.00598	0.00538	0.00837
54	0.01464	0.74557	0.02655	0.00946	0.01382	0.09091	0.00915	0.01631	0.01113	0.01248	0.00742	0.00858	0.00679	0.00461	0.00352	0.00115	0.00601	0.00288	0.00230	0.00672
55	0.01600	0.01974	0.32536	0.01495	0.07646	0.09938	0.03396	0.09984	0.01459	0.12409	0.01362	0.01526	0.01016	0.00646	0.00556	0.00182	0.00703	0.00485	0.10257	0.00829
56	0.01753	0.12755	0.04211	0.01295	0.03434	0.56131	0.01005	0.04047	0.01406	0.01365	0.00959	0.05177	0.00869	0.02756	0.00532	0.00149	0.00832	0.00413	0.00284	0.00624
57	0.00918	0.00459	0.00689	0.00689	0.00689	0.00459	0.00459	0.00689	0.00689	0.00918	0.00918	0.01607	0.00918	0.01837	0.02066	0.84619	0.00459	0.00459	0.00230	0.00230
58	0.01124	0.11069	0.30824	0.01488	0.06903	0.04771	0.13699	0.01533	0.01228	0.01685	0.14336	0.01913	0.01588	0.00643	0.00538	0.00165	0.00663	0.04830	0.00313	0.00688
59	0.01295	0.01311	0.02326	0.05506	0.54374	0.03047	0.18976	0.01632	0.01206	0.01685	0.00998	0.01327	0.00818	0.00480	0.00577	0.00164	0.02725	0.00503	0.00262	0.00788
60	0.01160	0.00810	0.00840	0.00777	0.00987	0.00896	0.00598	0.03605	0.36133	0.02111	0.01911	0.01956	0.01464	0.00663	0.00451	0.00150	0.00333	0.00541	0.43954	0.00660
61	0.00725	0.00524	0.00709	0.00741	0.00798	0.00556	0.00523	0.00839	0.00884	0.01216	0.02007	0.23413	0.04623	0.22498	0.36850	0.00575	0.00860	0.00883	0.00354	0.00422
62	0.00760	0.00560	0.00727	0.00767	0.00893	0.00527	0.00618	0.00976	0.01306	0.01742	0.31416	0.10199	0.16607	0.01311	0.00668	0.00201	0.00348	0.29371	0.00523	0.00480
63	0.01787	0.10137	0.01511	0.01077	0.01459	0.01400	0.00890	0.27999	0.27138	0.18454	0.01676	0.01569	0.01200	0.00646	0.00511	0.00162	0.00498	0.00507	0.00525	0.00854
64	0.10470	0.03976	0.34995	0.01718	0.02332	0.01293	0.34326	0.01667	0.01149	0.01749	0.00973	0.01217	0.00717	0.00475	0.00532	0.00170	0.00783	0.00479	0.00254	0.00726
65	0.01359	0.01194	0.01910	0.10679	0.02066	0.01234	0.26254	0.25987	0.01686	0.02284	0.17892	0.01924	0.01737	0.00656	0.00581	0.00169	0.00628	0.00630	0.00418	0.00713
66	0.01296	0.00675	0.00879	0.00778	0.01003	0.00609	0.00613	0.01538	0.03195	0.27709	0.33380	0.07644	0.11537	0.01014	0.00601	0.00175	0.00342	0.05796	0.00584	0.00631
67	0.03897	0.01195	0.01359	0.09839	0.01693	0.01309	0.00934	0.30300	0.24658	0.08029	0.01543	0.02880	0.01149	0.00641	0.00516	0.00161	0.00510	0.00514	0.00482	0.08392
68	0.01206	0.01524	0.14188	0.07593	0.20002	0.01322	0.34184	0.01604	0.01156	0.01628	0.00983	0.01320	0.00771	0.00519	0.00699	0.00177	0.09617	0.00524	0.00253	0.00729
69	0.00711	0.00539	0.00655	0.00626	0.00767	0.00483	0.00469	0.00925	0.01408	0.01911	0.55912	0.04293	0.27051	0.01159	0.00624	0.00170	0.00255	0.01004	0.00554	0.00483
70	0.00765	0.00527	0.00648	0.00648	0.00672	0.00551	0.00409	0.00814	0.00790	0.01078	0.01601	0.03100	0.01766	0.61281	0.22617	0.00600	0.00747	0.00716	0.00311	0.00360
71	0.01308	0.01256	0.02146	0.03245	0.78123	0.01256	0.01622	0.01622	0.01204	0.01727	0.00994	0.01308	0.00837	0.00471	0.00523	0.00157	0.00628	0.00471	0.00262	0.00837
72	0.00684	0.00528	0.00631	0.00681	0.00803	0.00476	0.00514	0.00838	0.01189	0.01515	0.12887	0.25898	0.36072	0.01416	0.00656	0.00198	0.00314	0.13745	0.00501	0.00455
73	0.02372	0.00900	0.01227	0.00941	0.01350	0.00777	0.00777	0.02576	0.01513	0.78489	0.02086	0.01799	0.01309	0.00654	0.00532	0.00164	0.00450	0.00532	0.00654	0.00900
74	0.01649	0.01880	0.01988	0.01584	0.01958	0.36707	0.25642	0.10218	0.07483	0.01727	0.01186	0.01343	0.03044	0.00559	0.00540	0.00157	0.00830	0.00491	0.00326	0.00690
75	0.00652	0.00466	0.00623	0.00746	0.00780	0.00437	0.00505	0.00751	0.01020	0.01359	0.02909	0.78052	0.03478	0.01648	0.00677	0.00216	0.00314	0.04444	0.00491	0.00432
76	0.01527	0.24919	0.27209	0.01222	0.01771	0.01634	0.01287	0.30413	0.01632	0.02189	0.01011	0.01098	0.00761	0.00539	0.00466	0.00148	0.00642	0.00393	0.00342	0.00797
77	0.01234	0.00789	0.00874	0.00801	0.01006	0.00833	0.00654	0.21718	0.01510	0.02253	0.01848	0.02701	0.01620	0.00816	0.00496	0.00161	0.00393	0.17594	0.42094	0.00602
78	0.00642	0.00468	0.00605	0.00715	0.00761	0.00431	0.00481	0.00739	0.01033	0.01358	0.03177	0.72896	0.11507	0.01622	0.00669	0.00211	0.00303	0.01461	0.00491	0.00431
79	0.02116	0.01310	0.01481	0.01135	0.01554	0.01386	0.00938	0.54661	0.02200	0.25436	0.01509	0.01425	0.01020	0.00640	0.00530	0.00160	0.00543	0.00492	0.00566	0.00899
80	0.01445	0.00694	0.00930	0.00783	0.01030	0.00618	0.00618	0.01675	0.01504	0.34876	0.45350	0.03027	0.03410	0.00898	0.00584	0.00165	0.00335	0.00774	0.00613	0.00671
81	0.00755	0.00566	0.00850	0.00850	0.00944	0.00661	0.00661	0.00944	0.00850	0.01227	0.01416	0.02077	0.01322	0.03965	0.79326	0.00850	0.01416	0.00566	0.00283	0.00472
82	0.00814	0.00581	0.00808	0.00930	0.01035	0.00575	0.00785	0.01029	0.01179	0.01539	0.02820	0.19811	0.03126	0.01496	0.00720	0.00238	0.00454	0.61095	0.00488	0.00476
83	0.01975	0.02520	0.01498	0.01362	0.01634	0.79299	0.01021	0.02111	0.01498	0.01294	0.00817	0.00953	0.00681	0.00545	0.00477	0.00136	0.00953	0.00340	0.00272	0.00613
84	0.00980	0.00494	0.00498	0.00497	0.00620	0.00493	0.00373	0.01226	0.01118	0.01974	0.03506	0.02017	0.01440	0.00627	0.00375	0.00124	0.00246	0.00504	0.82396	0.00493
85	0.18474	0.09518	0.01724	0.04998	0.10420	0.31925	0.09098	0.03507	0.02830	0.01666	0.00883	0.01064	0.00715	0.00511	0.00459	0.00150	0.00732	0.00383	0.00287	0.00657
86	0.18577	0.00962	0.01055	0.00892	0.01221	0.01007	0.00716	0.02316	0.26027	0.30847	0.01800	0.01683	0.01264	0.00638	0.00477	0.00165	0.00412	0.00500	0.08669	0.00774
87	0.01240	0.10193	0.02100	0.10823	0.13554	0.08519	0.22924	0.01595	0.05005	0.01588	0.07076	0.05864	0.01278	0.00626	0.00615	0.00168	0.05272	0.00582	0.00307	0.00670
88	0.00810	0.00622	0.00763	0.00833	0.00931	0.00640	0.00601	0.01223	0.17669	0.01560	0.02736	0.56641	0.03042	0.01432	0.00650	0.00210	0.00348	0.08263	0.00501	0.00524
89	0.00763	0.00536	0.00695	0.00695	0.00737	0.00577	0.00469	0.00845	0.00804	0.01113	0.01557	0.02857	0.01661	0.47696	0.36059	0.00659	0.00906	0.00681	0.00304	0.00386
90	0.03187	0.01215	0.01898	0.01428	0.01858	0.01204	0.25557	0.18343	0.09759	0.25322	0.01580	0.03687	0.01132	0.00612	0.00562	0.00170	0.00615	0.00579	0.00478	0.00813
91	0.03446	0.06023	0.12239	0.01261	0.04595	0.13454	0.03027	0.11955	0.13905	0.08447	0.01318	0.01449	0.01018	0.01091	0.12153	0.00262	0.02784	0.00469	0.00375	0.00729
92	0.01275	0.07219	0.08070	0.18573	0.04091	0.08732	0.11105	0.12485	0.01313	0.01706	0.01183	0.06850	0.01030	0.03547	0.05640	0.00221	0.03318	0.00546	0.02443	0.00652

[dist]
# distance from previous block
# <min> <max>
0	1

[block]
# block no. 2 follows, 46 sequences, length 17
# corresponding to MSA columns:
# 246-262
name=unknown_C
#
# <colnr> <probs for GDERKNQSTAVLIFYWHMCP>
#	G	D	E	R	K	N	Q	S	T	A	V	L	I	F	Y	W	H	M	C	P
0	0.06793	0.01096	0.03771	0.07791	0.26053	0.01027	0.09395	0.01487	0.02559	0.03487	0.02981	0.04458	0.01054	0.00788	0.06403	0.00199	0.00630	0.00501	0.00307	0.19220
1	0.01579	0.13660	0.16171	0.01301	0.01755	0.06305	0.06790	0.27956	0.08000	0.04300	0.01145	0.01237	0.00860	0.00590	0.00581	0.00160	0.06002	0.00445	0.00376	0.00786
2	0.01301	0.04923	0.27596	0.01464	0.05606	0.09835	0.09947	0.03561	0.11120	0.05450	0.04976	0.01760	0.01229	0.00643	0.00574	0.00171	0.03062	0.05713	0.00341	0.00729
3	0.00710	0.00540	0.00757	0.06699	0.01031	0.00567	0.00607	0.00855	0.00972	0.01306	0.02458	0.39110	0.09557	0.04698	0.27088	0.00430	0.00711	0.01053	0.00397	0.00454
4	0.01359	0.00978	0.03129	0.10594	0.09899	0.00979	0.00934	0.10717	0.08722	0.15930	0.18334	0.05409	0.05108	0.00783	0.00592	0.00169	0.02836	0.00663	0.00476	0.02387
5	0.01226	0.11438	0.29498	0.03415	0.01791	0.03880	0.07035	0.03906	0.07538	0.06680	0.09615	0.04130	0.01472	0.00665	0.00524	0.00165	0.00618	0.03909	0.00352	0.02142
6	0.00979	0.00831	0.01308	0.04966	0.01467	0.00810	0.15212	0.01263	0.07496	0.01647	0.05533	0.40966	0.02710	0.01348	0.02374	0.00237	0.00529	0.09258	0.00472	0.00595
7	0.00769	0.00513	0.00577	0.00577	0.00577	0.00513	0.00320	0.00769	0.00769	0.01025	0.01666	0.03460	0.01922	0.81421	0.02691	0.00513	0.00513	0.00769	0.00320	0.00320
8	0.01154	0.01435	0.13298	0.26373	0.15360	0.01258	0.30217	0.01573	0.01163	0.01590	0.01000	0.01357	0.00759	0.00484	0.00560	0.00173	0.00775	0.00518	0.00250	0.00704
9	0.01436	0.06783	0.31009	0.01416	0.06312	0.04199	0.04943	0.07807	0.17002	0.11827	0.01360	0.01397	0.00982	0.00571	0.00512	0.00164	0.00637	0.00466	0.00374	0.00805
10	0.01740	0.01748	0.01625	0.03990	0.01734	0.28708	0.06741	0.26064	0.11489	0.02101	0.01148	0.01256	0.00883	0.00622	0.00626	0.00162	0.07787	0.00454	0.00384	0.00738
11	0.00625	0.00536	0.00536	0.00536	0.00714	0.00446	0.00402	0.00759	0.01205	0.01428	0.05355	0.05088	0.77909	0.01339	0.00625	0.00179	0.00268	0.01116	0.00491	0.00446
12	0.02372	0.00900	0.01227	0.00941	0.01350	0.00777	0.00777	0.02576	0.01513	0.78489	0.02086	0.01799	0.01309	0.00654	0.00532	0.00164	0.00450	0.00532	0.00654	0.00900
13	0.01455	0.01283	0.01574	0.30766	0.02377	0.08232	0.05538	0.25131	0.10885	0.02119	0.01222	0.01419	0.00908	0.00585	0.00524	0.00165	0.00644	0.00486	0.03965	0.00721
14	0.01283	0.01230	0.02101	0.09463	0.72101	0.01249	0.01610	0.01600	0.01192	0.01697	0.00990	0.01317	0.00827	0.00476	0.00524	0.00159	0.00634	0.00471	0.00260	0.00817
15	0.05400	0.32684	0.10579	0.01025	0.01440	0.01591	0.00968	0.09808	0.23257	0.01862	0.01278	0.01349	0.01018	0.02687	0.00497	0.00156	0.00531	0.00425	0.02702	0.00740
16	0.01278	0.01023	0.01273	0.12460	0.05210	0.06261	0.03022	0.11551	0.06616	0.07571	0.01577	0.04014	0.01446	0.12455	0.07357	0.00285	0.04948	0.10644	0.00388	0.00623

[dist]
# distance from previous block
# <min> <max>
2	4

[block]
# block no. 3 follows, 46 sequences, length 81
# corresponding to MSA columns:
# 267-347
name=unknown_D
#
# <colnr> <probs for GDERKNQSTAVLIFYWHMCP>
#	G	D	E	R	K	N	Q	S	T	A	V	L	I	F	Y	W	H	M	C	P
0	0.10988	0.29277	0.05232	0.02979	0.03274	0.15579	0.03962	0.04645	0.02582	0.01518	0.00933	0.01249	0.00833	0.07753	0.03121	0.00197	0.04577	0.00395	0.00277	0.00631
1	0.00773	0.00592	0.00883	0.00873	0.00964	0.00703	0.00683	0.00958	0.00848	0.01229	0.01384	0.02036	0.01294	0.03831	0.75917	0.00822	0.04889	0.00562	0.00281	0.00477
2	0.01486	0.09092	0.01657	0.01261	0.01505	0.19649	0.06612	0.11250	0.10348	0.01722	0.01094	0.01319	0.00906	0.02497	0.00858	0.00177	0.21384	0.00456	0.06060	0.00666
3	0.00758	0.00556	0.00798	0.00798	0.00874	0.00633	0.00596	0.00911	0.00834	0.01189	0.01463	0.02339	0.01436	0.18659	0.64788	0.00786	0.01245	0.00605	0.00290	0.00443
4	0.00699	0.00535	0.00641	0.00621	0.00762	0.00477	0.00463	0.00901	0.01372	0.01839	0.48664	0.07475	0.31237	0.01197	0.00626	0.00173	0.00258	0.01036	0.00545	0.00477
5	0.00688	0.00482	0.00613	0.00686	0.00718	0.00459	0.00446	0.00771	0.00996	0.01341	0.10150	0.52620	0.03228	0.22836	0.01206	0.00289	0.00356	0.01252	0.00455	0.00407
6	0.85155	0.01022	0.00777	0.00695	0.01022	0.01186	0.00573	0.01554	0.00900	0.02372	0.00736	0.00859	0.00573	0.00491	0.00327	0.00164	0.00409	0.00286	0.00327	0.00573
7	0.01096	0.00940	0.01096	0.00783	0.01253	0.00705	0.00626	0.01331	0.01096	0.01723	0.00940	0.01096	0.00783	0.00392	0.00392	0.00078	0.00392	0.00313	0.00313	0.84653
8	0.00625	0.00536	0.00536	0.00536	0.00714	0.00446	0.00402	0.00759	0.01205	0.01428	0.05355	0.05088	0.77909	0.01339	0.00625	0.00179	0.00268	0.01116	0.00491	0.00446
9	0.01928	0.01533	0.01512	0.01195	0.01583	0.09863	0.00972	0.61608	0.06073	0.03001	0.01284	0.01300	0.00931	0.00628	0.00517	0.00156	0.00599	0.00468	0.04000	0.00848
10	0.01601	0.00995	0.01094	0.00888	0.01182	0.01050	0.00717	0.35632	0.01812	0.11708	0.06893	0.01769	0.01396	0.00662	0.00479	0.00147	0.00424	0.00522	0.30303	0.00727
11	0.19949	0.01500	0.08398	0.04512	0.01425	0.25232	0.00920	0.01554	0.01243	0.01711	0.08725	0.02384	0.04951	0.00788	0.00517	0.00172	0.00619	0.14466	0.00358	0.00577
12	0.08141	0.00927	0.01203	0.00933	0.01334	0.00837	0.00769	0.04208	0.03120	0.69787	0.01974	0.01725	0.01254	0.00644	0.00517	0.00164	0.00449	0.00515	0.00626	0.00875
13	0.01197	0.01090	0.01873	0.09581	0.46331	0.01101	0.10223	0.01505	0.01161	0.01698	0.01147	0.01534	0.00953	0.04053	0.00606	0.00171	0.00599	0.00506	0.13951	0.00721
14	0.00644	0.00460	0.00613	0.00736	0.00767	0.00429	0.00491	0.00736	0.01012	0.01350	0.02914	0.81076	0.03497	0.01656	0.00675	0.00215	0.00307	0.01503	0.00491	0.00429
15	0.01138	0.01544	0.22348	0.11551	0.33820	0.01168	0.06783	0.01565	0.03726	0.01646	0.01203	0.08892	0.01054	0.00606	0.00540	0.00170	0.00659	0.00563	0.00280	0.00745
16	0.00706	0.00504	0.00684	0.00807	0.00865	0.00483	0.00598	0.00843	0.01073	0.01419	0.02880	0.58691	0.03361	0.01598	0.00691	0.00223	0.00360	0.23276	0.00490	0.00447
17	0.01765	0.02116	0.01388	0.01261	0.01530	0.58486	0.00952	0.02189	0.17140	0.01533	0.05680	0.01342	0.01130	0.00612	0.00498	0.00147	0.00801	0.00430	0.00346	0.00652
18	0.01026	0.00793	0.00982	0.00900	0.01165	0.00720	0.00742	0.08301	0.01270	0.01772	0.01996	0.12700	0.02077	0.01019	0.00582	0.00172	0.00440	0.32029	0.00429	0.30886
19	0.01870	0.17488	0.01745	0.01267	0.01582	0.60174	0.00998	0.06292	0.01475	0.01402	0.00828	0.00952	0.00693	0.00532	0.00454	0.00133	0.00858	0.00337	0.00278	0.00642
20	0.01096	0.00940	0.01096	0.00783	0.01253	0.00705	0.00626	0.01331	0.01096	0.01723	0.00940	0.01096	0.00783	0.00392	0.00392	0.00078	0.00392	0.00313	0.00313	0.84653
21	0.01303	0.02496	0.62118	0.01426	0.02114	0.08604	0.01725	0.01823	0.01200	0.10780	0.01071	0.01182	0.00747	0.00524	0.00503	0.00164	0.00758	0.00403	0.00279	0.00779
22	0.03332	0.00748	0.01112	0.08507	0.01360	0.00775	0.09638	0.06556	0.03694	0.01548	0.02046	0.38549	0.02235	0.10770	0.06376	0.00279	0.00543	0.01007	0.00405	0.00521
23	0.15102	0.52881	0.06794	0.00963	0.01397	0.09172	0.00928	0.04919	0.01150	0.01550	0.00779	0.00894	0.00671	0.00478	0.00368	0.00129	0.00590	0.00304	0.00260	0.00671
24	0.01339	0.24463	0.29559	0.01291	0.05086	0.07247	0.01304	0.09150	0.08631	0.01748	0.02876	0.01294	0.02725	0.00557	0.00467	0.00150	0.00648	0.00419	0.00305	0.00745
25	0.01161	0.01016	0.02387	0.02374	0.01296	0.03919	0.00688	0.03838	0.06156	0.04116	0.02869	0.01610	0.08217	0.00541	0.00444	0.00107	0.00422	0.00437	0.00362	0.58041
26	0.01373	0.00941	0.01147	0.00843	0.01280	0.00760	0.00682	0.01596	0.01173	0.18174	0.01175	0.01250	0.00892	0.00471	0.00481	0.00103	0.03922	0.00367	0.00383	0.62988
27	0.00768	0.00514	0.00583	0.00583	0.00585	0.00516	0.00328	0.00773	0.00771	0.01030	0.01660	0.03427	0.01908	0.79583	0.04509	0.00521	0.00534	0.00764	0.00319	0.00324
28	0.01419	0.03153	0.24713	0.01224	0.01698	0.01284	0.03823	0.32629	0.04833	0.02462	0.15669	0.01756	0.01624	0.00672	0.00539	0.00163	0.00583	0.00548	0.00432	0.00775
29	0.01185	0.00961	0.01244	0.07875	0.18162	0.00975	0.00911	0.18862	0.01504	0.04301	0.02972	0.02955	0.34148	0.00895	0.00569	0.00168	0.00462	0.00752	0.00433	0.00664
30	0.01096	0.00940	0.01096	0.00783	0.01253	0.00705	0.00626	0.01331	0.01096	0.01723	0.00940	0.01096	0.00783	0.00392	0.00392	0.00078	0.00392	0.00313	0.00313	0.84653
31	0.01308	0.01256	0.02146	0.03245	0.78123	0.01256	0.01622	0.01622	0.01204	0.01727	0.00994	0.01308	0.00837	0.00471	0.00523	0.00157	0.00628	0.00471	0.00262	0.00837
32	0.00697	0.00593	0.00607	0.00594	0.00781	0.00532	0.00448	0.00966	0.08450	0.01539	0.08852	0.04731	0.66823	0.01266	0.00616	0.00178	0.00281	0.01058	0.00500	0.00486
33	0.01257	0.41150	0.04028	0.10894	0.20344	0.01587	0.01126	0.01523	0.02799	0.01443	0.03386	0.01426	0.05939	0.00549	0.00442	0.00140	0.00570	0.00435	0.00270	0.00692
