[name]
unknown

[dist]
# distance from previous block
# <min> <max>
6	191

[block]
# block no. 0 follows, 52 sequences, length 66
# corresponding to MSA columns:
# 220-285
name=unknown_A
#
# <colnr> <probs for GDERKNQSTAVLIFYWHMCP>
#	G	D	E	R	K	N	Q	S	T	A	V	L	I	F	Y	W	H	M	C	P
0	0.00954	0.00661	0.00913	0.09029	0.10794	0.00634	0.00693	0.01149	0.01165	0.12663	0.18993	0.03183	0.26509	0.04455	0.02009	0.00183	0.00384	0.04666	0.00429	0.00533
1	0.04964	0.03977	0.00858	0.02760	0.00943	0.09980	0.00553	0.05694	0.02608	0.05670	0.01774	0.26739	0.03815	0.23893	0.01058	0.00248	0.00451	0.00786	0.00367	0.02862
2	0.03369	0.03422	0.04457	0.17786	0.25930	0.01142	0.06150	0.13825	0.02594	0.12735	0.01088	0.01259	0.00806	0.00491	0.00476	0.00148	0.00565	0.00436	0.00329	0.02992
3	0.01464	0.22619	0.16665	0.03434	0.01612	0.37961	0.02506	0.03642	0.01199	0.01296	0.00768	0.00910	0.00630	0.00481	0.00448	0.00130	0.03067	0.00322	0.00234	0.00613
4	0.00915	0.00861	0.01453	0.81804	0.03338	0.01077	0.01346	0.01238	0.00969	0.01238	0.00861	0.01292	0.00646	0.00484	0.00484	0.00161	0.00646	0.00431	0.00215	0.00538
5	0.01555	0.01413	0.01530	0.16057	0.15734	0.16541	0.01101	0.36196	0.01661	0.02109	0.00985	0.01138	0.00744	0.00522	0.00475	0.00144	0.00626	0.00411	0.00348	0.00712
6	0.00747	0.00462	0.00606	0.00640	0.00694	0.00434	0.00434	0.00790	0.00925	0.05493	0.10609	0.39970	0.06489	0.12847	0.01093	0.15664	0.00332	0.00990	0.00402	0.00378
7	0.00696	0.00525	0.00593	0.00596	0.00728	0.00483	0.00432	0.00908	0.06736	0.03909	0.13158	0.21336	0.40374	0.06447	0.00696	0.00189	0.00281	0.01011	0.00458	0.00443
8	0.00686	0.00495	0.00648	0.00610	0.00724	0.00457	0.00457	0.00914	0.01372	0.01943	0.79691	0.03620	0.04572	0.00991	0.00572	0.00152	0.00229	0.00876	0.00533	0.00457
9	0.01296	0.83261	0.02539	0.00829	0.01244	0.01917	0.00829	0.01451	0.00985	0.01140	0.00674	0.00777	0.00622	0.00415	0.00311	0.00104	0.00518	0.00259	0.00207	0.00622
10	0.00664	0.00485	0.00608	0.00669	0.00738	0.00468	0.00468	0.00859	0.06130	0.01400	0.13380	0.52608	0.08059	0.05275	0.00685	0.00198	0.00292	0.03912	0.02675	0.00427
11	0.00590	0.00422	0.00562	0.00675	0.00703	0.00394	0.00450	0.00675	0.00928	0.01237	0.02671	0.82653	0.03205	0.01518	0.00619	0.00197	0.00281	0.01378	0.00450	0.00394
12	0.02088	0.00856	0.01131	0.00879	0.01246	0.00772	0.00722	0.04321	0.07675	0.71996	0.01898	0.01650	0.01213	0.00604	0.00488	0.00151	0.00413	0.00491	0.00588	0.00820
13	0.00581	0.00491	0.00503	0.00500	0.00660	0.00413	0.00375	0.00712	0.01124	0.01356	0.10434	0.04587	0.74196	0.01210	0.00573	0.00163	0.00244	0.01012	0.00456	0.00413
14	0.00666	0.00450	0.00543	0.00589	0.00610	0.00437	0.00366	0.00720	0.00836	0.01140	0.04756	0.36140	0.02436	0.42351	0.01532	0.00328	0.00371	0.00978	0.04405	0.00348
15	0.00705	0.00470	0.00529	0.00529	0.00529	0.00470	0.00294	0.00705	0.00705	0.00940	0.01527	0.03171	0.01762	0.82969	0.02467	0.00470	0.00470	0.00705	0.00294	0.00294
16	0.86392	0.00937	0.00712	0.00637	0.00937	0.01087	0.00525	0.01425	0.00825	0.02174	0.00675	0.00787	0.00525	0.00450	0.00300	0.00150	0.00375	0.00262	0.00300	0.00525
17	0.00609	0.00509	0.00533	0.00524	0.00684	0.00441	0.00394	0.00787	0.03620	0.01425	0.15760	0.04420	0.66262	0.01175	0.00570	0.00162	0.00247	0.00986	0.00464	0.00428
18	0.86392	0.00937	0.00712	0.00637	0.00937	0.01087	0.00525	0.01425	0.00825	0.02174	0.00675	0.00787	0.00525	0.00450	0.00300	0.00150	0.00375	0.00262	0.00300	0.00525
19	0.01492	0.01125	0.01214	0.01017	0.01336	0.01260	0.00812	0.26942	0.47802	0.08956	0.01707	0.01587	0.01245	0.00628	0.00490	0.00157	0.00434	0.00507	0.00499	0.00790
20	0.00842	0.00421	0.00631	0.00631	0.00631	0.00421	0.00421	0.00631	0.00631	0.00842	0.00842	0.01473	0.00842	0.01684	0.01894	0.85901	0.00421	0.00421	0.00210	0.00210
21	0.00588	0.00448	0.00541	0.00610	0.00687	0.00401	0.00422	0.00691	0.01005	0.01289	0.06407	0.53172	0.29194	0.01399	0.00601	0.00184	0.00267	0.01238	0.00453	0.00401
22	0.86392	0.00937	0.00712	0.00637	0.00937	0.01087	0.00525	0.01425	0.00825	0.02174	0.00675	0.00787	0.00525	0.00450	0.00300	0.00150	0.00375	0.00262	0.00300	0.00525
23	0.00635	0.00493	0.00577	0.00556	0.00693	0.00436	0.00417	0.00816	0.01251	0.01657	0.45985	0.04090	0.38457	0.01097	0.00572	0.00157	0.00236	0.00942	0.00496	0.00436
24	0.01810	0.02310	0.01373	0.01248	0.01498	0.81024	0.00936	0.01935	0.01373	0.01186	0.00749	0.00874	0.00624	0.00499	0.00437	0.00125	0.00874	0.00312	0.00250	0.00562
25	0.41909	0.01158	0.01103	0.00889	0.01235	0.01306	0.00733	0.41886	0.01590	0.02637	0.00932	0.00985	0.00682	0.00519	0.00397	0.00148	0.00458	0.00354	0.00397	0.00682
26	0.01064	0.00900	0.00958	0.00874	0.01094	0.02980	0.00671	0.04968	0.48305	0.01952	0.20227	0.07582	0.04755	0.00803	0.00520	0.00162	0.00354	0.00684	0.00492	0.00656
27	0.00709	0.00483	0.00620	0.00620	0.00650	0.00513	0.00408	0.00754	0.00725	0.00996	0.01404	0.02629	0.01515	0.50689	0.29117	0.06184	0.00748	0.00623	0.00277	0.00335
28	0.00629	0.00493	0.00568	0.00550	0.00689	0.00433	0.00412	0.00804	0.01237	0.01623	0.41884	0.04148	0.42579	0.01110	0.00572	0.00158	0.00237	0.00950	0.00491	0.00433
29	0.01144	0.01307	0.02859	0.02042	0.02533	0.01225	0.78186	0.01552	0.01144	0.01552	0.00980	0.01307	0.00735	0.00408	0.00572	0.00163	0.00817	0.00572	0.00245	0.00654
30	0.00606	0.00432	0.00569	0.00660	0.00695	0.00404	0.00442	0.00701	0.00960	0.01292	0.10368	0.70220	0.03262	0.06045	0.00718	0.00208	0.00286	0.01289	0.00449	0.00394
31	0.01005	0.00861	0.01005	0.00718	0.01148	0.00646	0.00574	0.01220	0.01005	0.01579	0.00861	0.01005	0.00718	0.00359	0.00359	0.00072	0.00359	0.00287	0.00287	0.85932
32	0.00593	0.00423	0.00564	0.00673	0.00703	0.00395	0.00450	0.00680	0.00938	0.01254	0.04481	0.80796	0.03237	0.01506	0.00617	0.00196	0.00280	0.01366	0.00452	0.00395
33	0.00590	0.00422	0.00562	0.00675	0.00703	0.00394	0.00450	0.00675	0.00928	0.01237	0.02671	0.82653	0.03205	0.01518	0.00619	0.00197	0.00281	0.01378	0.00450	0.00394
34	0.00686	0.00495	0.00648	0.00610	0.00724	0.00457	0.00457	0.00914	0.01372	0.01943	0.79691	0.03620	0.04572	0.00991	0.00572	0.00152	0.00229	0.00876	0.00533	0.00457
35	0.18379	0.15887	0.07374	0.01226	0.09301	0.23400	0.05002	0.01669	0.01132	0.09040	0.02864	0.01050	0.00778	0.00482	0.00409	0.00135	0.00607	0.00353	0.00288	0.00624
36	0.01278	0.04950	0.31358	0.05401	0.01677	0.14229	0.01193	0.10555	0.01289	0.07982	0.10457	0.01454	0.02733	0.00581	0.00503	0.00148	0.02788	0.00447	0.00322	0.00657
37	0.02018	0.00810	0.01086	0.00857	0.01203	0.00718	0.00698	0.02262	0.05572	0.70846	0.01965	0.06977	0.01346	0.00663	0.00496	0.00154	0.00402	0.00549	0.00584	0.00793
38	0.01005	0.00861	0.01005	0.00718	0.01148	0.00646	0.00574	0.01220	0.01005	0.01579	0.00861	0.01005	0.00718	0.00359	0.00359	0.00072	0.00359	0.00287	0.00287	0.85932
39	0.00972	0.02507	0.80458	0.01381	0.02097	0.01125	0.01790	0.01535	0.01023	0.01535	0.00870	0.01023	0.00614	0.00460	0.00460	0.00153	0.00716	0.00358	0.00205	0.00716
40	0.65370	0.01017	0.00896	0.04781	0.01169	0.01169	0.00644	0.16658	0.01120	0.02302	0.00781	0.00887	0.00590	0.00478	0.00346	0.00150	0.00420	0.00305	0.00332	0.00585
41	0.00842	0.00421	0.00631	0.00631	0.00631	0.00421	0.00421	0.00631	0.00631	0.00842	0.00842	0.01473	0.00842	0.01684	0.01894	0.85901	0.00421	0.00421	0.00210	0.00210
42	0.01724	0.06290	0.01422	0.01114	0.01422	0.33603	0.00881	0.38029	0.01736	0.02053	0.00992	0.01157	0.00794	0.05948	0.00586	0.00156	0.00666	0.00394	0.00362	0.00672
43	0.00590	0.00422	0.00562	0.00675	0.00703	0.00394	0.00450	0.00675	0.00928	0.01237	0.02671	0.82653	0.03205	0.01518	0.00619	0.00197	0.00281	0.01378	0.00450	0.00394
44	0.01242	0.00854	0.01029	0.00747	0.01166	0.00659	0.00602	0.01452	0.01082	0.17552	0.01075	0.01136	0.00816	0.00408	0.00385	0.00088	0.00370	0.00328	0.00351	0.68659
45	0.01842	0.01357	0.01454	0.01115	0.01503	0.01503	0.00921	0.78330	0.02278	0.03054	0.01163	0.01163	0.00824	0.00582	0.00485	0.00145	0.00533	0.00436	0.00485	0.00824
46	0.00693	0.00515	0.00758	0.00758	0.00837	0.00594	0.00580	0.00852	0.00773	0.01110	0.01317	0.02009	0.01257	0.10222	0.74524	0.00753	0.01229	0.00535	0.00262	0.00421
47	0.00588	0.00429	0.00554	0.00654	0.00698	0.00395	0.00441	0.00677	0.00947	0.01245	0.02918	0.74036	0.11663	0.01486	0.00613	0.00193	0.00277	0.01338	0.00450	0.00395
48	0.01234	0.00904	0.01030	0.00849	0.01093	0.00953	0.00677	0.37600	0.01801	0.02470	0.42478	0.02456	0.02796	0.00797	0.00530	0.00149	0.00373	0.00668	0.00510	0.00631
49	0.00663	0.00491	0.00619	0.00595	0.00712	0.00446	0.00443	0.00868	0.01307	0.01808	0.64053	0.08006	0.16081	0.01055	0.00574	0.00157	0.00234	0.00926	0.00516	0.00446
50	0.00853	0.00579	0.00706	0.00712	0.00880	0.00540	0.00584	0.01093	0.05274	0.09401	0.08642	0.04438	0.33893	0.01159	0.00596	0.00184	0.00343	0.29164	0.00472	0.00487
51	0.00675	0.00529	0.00615	0.00587	0.00731	0.00487	0.00442	0.00935	0.06287	0.01698	0.45067	0.03916	0.34131	0.01063	0.00567	0.00158	0.00245	0.00913	0.00498	0.00458
52	0.01144	0.01307	0.02859	0.02042	0.02533	0.01225	0.78186	0.01552	0.01144	0.01552	0.00980	0.01307	0.00735	0.00408	0.00572	0.00163	0.00817	0.00572	0.00245	0.00654
53	0.00593	0.00464	0.00538	0.00579	0.00682	0.00408	0.00411	0.00712	0.01064	0.01353	0.12573	0.35973	0.40292	0.01317	0.00591	0.00176	0.00258	0.01149	0.00459	0.00408
54	0.80863	0.00930	0.00739	0.00652	0.00957	0.01063	0.00537	0.01486	0.00862	0.07303	0.00756	0.00844	0.00569	0.00460	0.00312	0.00150	0.00377	0.00277	0.00320	0.00545
55	0.01810	0.02310	0.01373	0.01248	0.01498	0.81024	0.00936	0.01935	0.01373	0.01186	0.00749	0.00874	0.00624	0.00499	0.00437	0.00125	0.00874	0.00312	0.00250	0.00562
56	0.00588	0.00450	0.00540	0.00604	0.00686	0.00402	0.00420	0.00693	0.01013	0.01296	0.06994	0.50497	0.31299	0.01388	0.00600	0.00183	0.00266	0.01225	0.00454	0.00402
57	0.86392	0.00937	0.00712	0.00637	0.00937	0.01087	0.00525	0.01425	0.00825	0.02174	0.00675	0.00787	0.00525	0.00450	0.00300	0.00150	0.00375	0.00262	0.00300	0.00525
58	0.01005	0.00861	0.01005	0.00718	0.01148	0.00646	0.00574	0.01220	0.01005	0.01579	0.00861	0.01005	0.00718	0.00359	0.00359	0.00072	0.00359	0.00287	0.00287	0.85932
59	0.00590	0.00435	0.00553	0.00642	0.00695	0.00398	0.00436	0.00685	0.00969	0.01268	0.05102	0.67422	0.16121	0.01455	0.00610	0.00190	0.00274	0.01305	0.00452	0.00398
60	0.00807	0.00585	0.00708	0.00748	0.00854	0.00595	0.00532	0.01191	0.18771	0.05261	0.02564	0.57166	0.05777	0.01266	0.00582	0.00186	0.00309	0.01131	0.00467	0.00500
61	0.00692	0.00519	0.00779	0.00779	0.00865	0.00606	0.00606	0.00865	0.00779	0.01125	0.01298	0.01904	0.01211	0.03634	0.81049	0.00779	0.01298	0.00519	0.00260	0.00433
62	0.01205	0.01041	0.01096	0.00986	0.01260	0.01205	0.00767	0.02575	0.79071	0.02027	0.01972	0.01808	0.01479	0.00657	0.00493	0.00164	0.00384	0.00548	0.00493	0.00767
63	0.05263	0.00660	0.00851	0.00757	0.00970	0.00610	0.00579	0.03031	0.02477	0.36066	0.10971	0.29149	0.02243	0.03309	0.00589	0.00175	0.00349	0.00827	0.00515	0.00608
64	0.00973	0.00559	0.00680	0.00634	0.00808	0.00496	0.00477	0.01107	0.01116	0.19777	0.08303	0.15884	0.34953	0.06164	0.05615	0.00221	0.00367	0.00894	0.00469	0.00502
65	0.01113	0.01145	0.02413	0.01769	0.02182	0.01070	0.62092	0.01460	0.01123	0.05663	0.01291	0.13884	0.01141	0.00590	0.00575	0.00168	0.00713	0.00692	0.00295	0.00622

[dist]
# distance from previous block
# <min> <max>
3	7

[block]
# block no. 1 follows, 52 sequences, length 97
# corresponding to MSA columns:
# 293-389
name=unknown_B
#
# <colnr> <probs for GDERKNQSTAVLIFYWHMCP>
#	G	D	E	R	K	N	Q	S	T	A	V	L	I	F	Y	W	H	M	C	P
0	0.01275	0.00995	0.01472	0.10168	0.34032	0.00997	0.01071	0.09656	0.03622	0.10695	0.04454	0.01450	0.01035	0.04328	0.00585	0.01532	0.00505	0.00455	0.00333	0.11341
1	0.00678	0.00526	0.00650	0.02320	0.04116	0.00511	0.00473	0.00810	0.03223	0.01251	0.06372	0.29205	0.23161	0.21644	0.01072	0.00250	0.01943	0.00989	0.00398	0.00408
2	0.01330	0.01435	0.01426	0.32192	0.09472	0.29941	0.01120	0.08023	0.01231	0.01404	0.00942	0.05470	0.00801	0.00558	0.00502	0.00148	0.02717	0.00439	0.00265	0.00584
3	0.01296	0.83261	0.02539	0.00829	0.01244	0.01917	0.00829	0.01451	0.00985	0.01140	0.00674	0.00777	0.00622	0.00415	0.00311	0.00104	0.00518	0.00259	0.00207	0.00622
4	0.27181	0.01088	0.01114	0.00891	0.01242	0.03566	0.00730	0.27209	0.03769	0.24678	0.01234	0.01195	0.00852	0.00542	0.00426	0.00146	0.00453	0.00395	0.00450	0.02840
5	0.00770	0.00561	0.00732	0.00723	0.00786	0.02624	0.00523	0.00814	0.00790	0.01081	0.01467	0.14256	0.03720	0.12047	0.28707	0.20770	0.04720	0.00644	0.00285	0.03981
6	0.00822	0.00639	0.00742	0.00752	0.00871	0.00674	0.00550	0.01301	0.24310	0.01485	0.06487	0.26187	0.06773	0.16222	0.00923	0.00236	0.00361	0.09728	0.00438	0.00497
7	0.00573	0.00491	0.00491	0.00491	0.00655	0.00409	0.00368	0.00695	0.01105	0.01309	0.04909	0.04664	0.79750	0.01227	0.00573	0.00164	0.00245	0.01023	0.00450	0.00409
8	0.00797	0.00682	0.00952	0.02734	0.00999	0.00838	0.00711	0.00955	0.00876	0.01259	0.09622	0.02130	0.10391	0.02119	0.36290	0.00447	0.25189	0.00582	0.01964	0.00464
9	0.35766	0.00767	0.00762	0.00676	0.00914	0.00804	0.00527	0.01445	0.05774	0.17299	0.03251	0.03203	0.11111	0.10605	0.00717	0.03213	0.00376	0.01854	0.00396	0.00541
10	0.00621	0.00451	0.00586	0.00640	0.00706	0.00416	0.00446	0.00756	0.01089	0.01478	0.28572	0.50554	0.09245	0.01321	0.00599	0.00180	0.00261	0.01184	0.00478	0.00416
11	0.00590	0.00422	0.00562	0.00675	0.00703	0.00394	0.00450	0.00675	0.00928	0.01237	0.02671	0.82653	0.03205	0.01518	0.00619	0.00197	0.00281	0.01378	0.00450	0.00394
12	0.03485	0.00653	0.00809	0.00747	0.00931	0.00629	0.00571	0.06161	0.06260	0.19978	0.19321	0.27003	0.07026	0.01023	0.00551	0.00169	0.00328	0.03286	0.00504	0.00565
13	0.00653	0.00497	0.00605	0.00634	0.00733	0.00466	0.00454	0.00869	0.05937	0.01514	0.26290	0.36662	0.20404	0.01242	0.00587	0.00174	0.00264	0.01097	0.00478	0.00439
14	0.82595	0.00956	0.00746	0.00659	0.00963	0.01106	0.00543	0.04878	0.00890	0.02214	0.00697	0.00804	0.00538	0.00456	0.00308	0.00150	0.00382	0.00270	0.00308	0.00538
15	0.02908	0.00957	0.01075	0.00895	0.01191	0.01013	0.00716	0.19801	0.27169	0.20273	0.08121	0.01911	0.05905	0.00677	0.00489	0.00153	0.00396	0.00551	0.05071	0.00728
16	0.04511	0.00577	0.00670	0.00653	0.00806	0.00555	0.00497	0.04554	0.02421	0.10624	0.07956	0.22079	0.16291	0.02300	0.00549	0.00167	0.00308	0.06821	0.17164	0.00495
17	0.06537	0.01081	0.01245	0.00964	0.01330	0.01114	0.00794	0.40023	0.01799	0.34100	0.04965	0.01449	0.01128	0.00600	0.00480	0.00148	0.00462	0.00467	0.00523	0.00792
18	0.10336	0.00725	0.00882	0.00717	0.01006	0.00672	0.00582	0.01898	0.01219	0.48893	0.01687	0.01609	0.01144	0.00574	0.00424	0.00139	0.00353	0.00454	0.26006	0.00683
19	0.00641	0.00465	0.00591	0.00672	0.00732	0.00439	0.00483	0.00747	0.00960	0.01249	0.02813	0.45269	0.13852	0.12570	0.00875	0.00235	0.00335	0.16250	0.00428	0.00393
20	0.07521	0.00621	0.00737	0.00704	0.00857	0.00615	0.00514	0.01333	0.09110	0.18073	0.04757	0.30918	0.02095	0.12145	0.00781	0.00209	0.00346	0.00836	0.07303	0.00526
21	0.01120	0.00932	0.01029	0.00967	0.01205	0.01056	0.00775	0.04399	0.57756	0.01916	0.02094	0.02684	0.01781	0.00822	0.00536	0.00178	0.00403	0.19176	0.00481	0.00690
22	0.05100	0.00875	0.01115	0.00863	0.01223	0.00810	0.00711	0.11675	0.01457	0.63698	0.01757	0.01567	0.01131	0.00590	0.00472	0.00147	0.00416	0.00471	0.05127	0.00794
23	0.00705	0.00470	0.00529	0.00529	0.00529	0.00470	0.00294	0.00705	0.00705	0.00940	0.01527	0.03171	0.01762	0.82969	0.02467	0.00470	0.00470	0.00705	0.00294	0.00294
24	0.00738	0.00485	0.00586	0.00583	0.00639	0.00462	0.00379	0.00820	0.00948	0.04621	0.20554	0.15686	0.06581	0.43050	0.01546	0.00322	0.00369	0.00858	0.00396	0.00377
25	0.00692	0.00519	0.00779	0.00779	0.00865	0.00606	0.00606	0.00865	0.00779	0.01125	0.01298	0.01904	0.01211	0.03634	0.81049	0.00779	0.01298	0.00519	0.00260	0.00433
26	0.03898	0.38961	0.09859	0.01019	0.01402	0.25373	0.00943	0.04591	0.01147	0.01324	0.00745	0.00865	0.00633	0.00458	0.00399	0.00118	0.02294	0.00297	0.00238	0.05438
27	0.00966	0.01040	0.05588	0.21801	0.16738	0.00987	0.23250	0.01280	0.01095	0.01463	0.06521	0.01966	0.13944	0.00606	0.00528	0.00158	0.00593	0.00593	0.00287	0.00597
28	0.01199	0.01037	0.01103	0.02712	0.01304	0.01203	0.00779	0.02547	0.77403	0.02010	0.01949	0.01797	0.01461	0.00654	0.00493	0.00164	0.00389	0.00545	0.00487	0.00762
29	0.01628	0.00703	0.00949	0.00771	0.01049	0.00618	0.00619	0.01828	0.01371	0.51657	0.28544	0.04188	0.02400	0.00755	0.00519	0.00152	0.00346	0.00641	0.00574	0.00689
30	0.00960	0.00968	0.08165	0.03917	0.04189	0.02207	0.00841	0.06779	0.03967	0.01511	0.10550	0.03129	0.05041	0.07920	0.11373	0.00268	0.16013	0.03919	0.00325	0.07958
31	0.00663	0.00486	0.00615	0.00599	0.00706	0.00445	0.00440	0.00855	0.01269	0.01756	0.59676	0.11989	0.13595	0.03962	0.00643	0.00170	0.00245	0.00941	0.00506	0.00439
32	0.08919	0.00645	0.00715	0.00651	0.00775	0.03025	0.00446	0.01185	0.00907	0.19374	0.01571	0.08092	0.01554	0.45290	0.01599	0.03346	0.00445	0.00640	0.00372	0.00450
33	0.81163	0.05996	0.00825	0.00649	0.00956	0.01138	0.00544	0.01426	0.00835	0.02111	0.00675	0.00787	0.00531	0.00448	0.00301	0.00147	0.00384	0.00262	0.00294	0.00531
34	0.03247	0.01240	0.13700	0.01029	0.01407	0.06103	0.04199	0.06916	0.13477	0.31340	0.08631	0.01746	0.01406	0.00624	0.00493	0.00154	0.00494	0.02611	0.00459	0.00724
35	0.01097	0.29998	0.47168	0.01249	0.01843	0.01405	0.08024	0.01508	0.01020	0.01401	0.00812	0.00964	0.00627	0.00440	0.00419	0.00137	0.00657	0.00343	0.00209	0.00679
36	0.00972	0.00939	0.01466	0.50390	0.02532	0.01236	0.01234	0.01210	0.00881	0.01210	0.00773	0.01202	0.00642	0.00626	0.00916	0.00181	0.32414	0.00428	0.00214	0.00535
37	0.01842	0.01357	0.01454	0.01115	0.01503	0.01503	0.00921	0.78330	0.02278	0.03054	0.01163	0.01163	0.00824	0.00582	0.00485	0.00145	0.00533	0.00436	0.00485	0.00824
38	0.00654	0.00476	0.00616	0.00620	0.00715	0.00438	0.00450	0.00839	0.01240	0.01722	0.55193	0.24550	0.08390	0.01143	0.00584	0.00165	0.00243	0.01017	0.00507	0.00438
39	0.01731	0.00798	0.01046	0.00801	0.01158	0.00668	0.00649	0.01906	0.01246	0.51984	0.05073	0.01560	0.01206	0.00613	0.00533	0.04719	0.00391	0.00449	0.00494	0.22974
40	0.00609	0.00437	0.00567	0.00665	0.00703	0.00410	0.00451	0.00696	0.00930	0.01229	0.02700	0.67666	0.07393	0.08018	0.00767	0.00218	0.00303	0.05412	0.00437	0.00389
41	0.00695	0.00473	0.00562	0.00574	0.00588	0.00479	0.00349	0.00725	0.00739	0.00994	0.01620	0.09852	0.01847	0.66211	0.10477	0.00474	0.00540	0.02177	0.00306	0.00320
42	0.03749	0.00525	0.00609	0.00578	0.00726	0.00474	0.00433	0.00917	0.01200	0.06477	0.36032	0.06958	0.33660	0.04743	0.00644	0.00173	0.00265	0.00901	0.00482	0.00454
43	0.00860	0.00704	0.00752	0.00769	0.00884	0.05178	0.00551	0.02863	0.19749	0.01517	0.06374	0.44722	0.02497	0.04812	0.00641	0.00189	0.00347	0.00991	0.05095	0.00504
44	0.00943	0.00765	0.00869	0.00796	0.00989	0.00827	0.00610	0.01736	0.39791	0.01985	0.41262	0.02724	0.03043	0.00826	0.00533	0.00158	0.00305	0.00714	0.00513	0.00610
45	0.00716	0.00470	0.00509	0.00509	0.00556	0.00456	0.00314	0.00776	0.00826	0.01151	0.02112	0.03192	0.14956	0.54954	0.01780	0.00357	0.00390	0.00716	0.14919	0.00340
46	0.08479	0.00602	0.00684	0.00624	0.00754	0.00596	0.00439	0.04340	0.01019	0.13602	0.11254	0.06966	0.03477	0.35518	0.01313	0.00285	0.00387	0.00662	0.08540	0.00461
47	0.00979	0.00769	0.00861	0.00821	0.00980	0.00838	0.00602	0.09530	0.31531	0.01711	0.03857	0.29932	0.02118	0.12202	0.00807	0.00215	0.00372	0.00852	0.00451	0.00572
48	0.02126	0.00901	0.01172	0.00899	0.01275	0.00826	0.00742	0.13286	0.01515	0.69177	0.01804	0.01580	0.01146	0.00597	0.00487	0.00149	0.00430	0.00480	0.00583	0.00825
49	0.00596	0.00429	0.00558	0.00657	0.00693	0.00399	0.00439	0.00681	0.00935	0.01240	0.04033	0.73687	0.07370	0.04939	0.00693	0.00206	0.00286	0.01321	0.00445	0.00391
50	0.01141	0.01181	0.00960	0.00882	0.01067	0.27023	0.00666	0.01526	0.14291	0.01709	0.40861	0.02417	0.02762	0.00774	0.00514	0.00145	0.00466	0.00637	0.00434	0.00543
51	0.44750	0.00882	0.00916	0.00748	0.01085	0.00902	0.00617	0.01888	0.01103	0.40795	0.01286	0.01214	0.00858	0.00524	0.00393	0.00150	0.00393	0.00374	0.00448	0.00673
52	0.00903	0.00452	0.00452	0.00452	0.00565	0.00452	0.00339	0.01129	0.01016	0.01807	0.01581	0.01807	0.01242	0.00565	0.00339	0.00113	0.00226	0.00452	0.85659	0.00452
53	0.01258	0.01067	0.01125	0.00997	0.01280	0.01230	0.00780	0.08838	0.72722	0.02112	0.01906	0.01755	0.01425	0.00651	0.00492	0.00163	0.00396	0.00539	0.00492	0.00772
54	0.01842	0.01357	0.01454	0.01115	0.01503	0.01503	0.00921	0.78330	0.02278	0.03054	0.01163	0.01163	0.00824	0.00582	0.00485	0.00145	0.00533	0.00436	0.00485	0.00824
55	0.01842	0.01357	0.01454	0.01115	0.01503	0.01503	0.00921	0.78330	0.02278	0.03054	0.01163	0.01163	0.00824	0.00582	0.00485	0.00145	0.00533	0.00436	0.00485	0.00824
56	0.00686	0.00495	0.00648	0.00610	0.00724	0.00457	0.00457	0.00914	0.01372	0.01943	0.79691	0.03620	0.04572	0.00991	0.00572	0.00152	0.00229	0.00876	0.00533	0.00457
57	0.00590	0.00422	0.00562	0.00675	0.00703	0.00394	0.00450	0.00675	0.00928	0.01237	0.02671	0.82653	0.03205	0.01518	0.00619	0.00197	0.00281	0.01378	0.00450	0.00394
58	0.00704	0.00471	0.00533	0.00533	0.00535	0.00472	0.00300	0.00708	0.00706	0.00943	0.01522	0.03147	0.01751	0.81429	0.03992	0.00476	0.00486	0.00701	0.00293	0.00296
59	0.00775	0.00556	0.00773	0.00882	0.00995	0.00554	0.00770	0.00996	0.01115	0.01447	0.02627	0.05445	0.04814	0.01336	0.00667	0.00222	0.00441	0.74694	0.00446	0.00445
60	0.01005	0.00861	0.01005	0.00718	0.01148	0.00646	0.00574	0.01220	0.01005	0.01579	0.00861	0.01005	0.00718	0.00359	0.00359	0.00072	0.00359	0.00287	0.00287	0.85932
61	0.00692	0.00519	0.00779	0.00779	0.00865	0.00606	0.00606	0.00865	0.00779	0.01125	0.01298	0.01904	0.01211	0.03634	0.81049	0.00779	0.01298	0.00519	0.00260	0.00433
62	0.00786	0.00544	0.00740	0.00837	0.00942	0.00544	0.00718	0.00997	0.01084	0.01450	0.02428	0.05043	0.02607	0.05890	0.00744	0.00228	0.00430	0.66282	0.07265	0.00438
63	0.86392	0.00937	0.00712	0.00637	0.00937	0.01087	0.00525	0.01425	0.00825	0.02174	0.00675	0.00787	0.00525	0.00450	0.00300	0.00150	0.00375	0.00262	0.00300	0.00525
64	0.00915	0.00861	0.01453	0.81804	0.03338	0.01077	0.01346	0.01238	0.00969	0.01238	0.00861	0.01292	0.00646	0.00484	0.00484	0.00161	0.00646	0.00431	0.00215	0.00538
65	0.00696	0.00466	0.00531	0.00540	0.00543	0.00464	0.00306	0.00702	0.00723	0.00963	0.01619	0.09540	0.01877	0.76443	0.02318	0.00448	0.00455	0.00759	0.00306	0.00302
66	0.01121	0.01085	0.01783	0.28905	0.52755	0.03112	0.01427	0.01416	0.01066	0.01460	0.00891	0.01222	0.00724	0.00451	0.00480	0.00149	0.00606	0.00428	0.00232	0.00687
67	0.10839	0.25152	0.44958	0.01116	0.01681	0.01337	0.01319	0.02881	0.01025	0.04439	0.00836	0.00952	0.00631	0.00454	0.00401	0.00139	0.00607	0.00325	0.00236	0.00674
68	0.00820	0.00763	0.01279	0.01055	0.02864	0.00691	0.23710	0.01049	0.01141	0.03401	0.08009	0.03518	0.41444	0.00946	0.00577	0.00167	0.00443	0.07224	0.00393	0.00506
69	0.00692	0.00519	0.00779	0.00779	0.00865	0.00606	0.00606	0.00865	0.00779	0.01125	0.01298	0.01904	0.01211	0.03634	0.81049	0.00779	0.01298	0.00519	0.00260	0.00433
70	0.00638	0.00459	0.00614	0.00721	0.00776	0.00436	0.00529	0.00759	0.00983	0.01294	0.02750	0.59533	0.06707	0.01459	0.00629	0.00202	0.00321	0.20332	0.00449	0.00408
71	0.00628	0.00493	0.00568	0.00549	0.00689	0.00433	0.00412	0.00803	0.01236	0.01620	0.41577	0.04152	0.42887	0.01111	0.00572	0.00158	0.00237	0.00951	0.00491	0.00433
72	0.01211	0.01039	0.01098	0.00987	0.01261	0.01200	0.00771	0.04130	0.76097	0.02038	0.01966	0.01859	0.01489	0.00668	0.00496	0.00165	0.00388	0.01883	0.00492	0.00763
73	0.00692	0.00519	0.00779	0.00779	0.00865	0.00606	0.00606	0.00865	0.00779	0.01125	0.01298	0.01904	0.01211	0.03634	0.81049	0.00779	0.01298	0.00519	0.00260	0.00433
74	0.00647	0.00446	0.00546	0.00602	0.00617	0.00431	0.00373	0.00690	0.00817	0.01090	0.02105	0.43353	0.02491	0.41792	0.01532	0.00332	0.00374	0.01045	0.00373	0.00344
75	0.00595	0.00493	0.00521	0.00518	0.00673	0.00420	0.00391	0.00736	0.01146	0.01410	0.16329	0.04522	0.66493	0.01193	0.00575	0.00163	0.00247	0.02695	0.00463	0.00417
76	0.86392	0.00937	0.00712	0.00637	0.00937	0.01087	0.00525	0.01425	0.00825	0.02174	0.00675	0.00787	0.00525	0.00450	0.00300	0.00150	0.00375	0.00262	0.00300	0.00525
77	0.00972	0.02507	0.80458	0.01381	0.02097	0.01125	0.01790	0.01535	0.01023	0.01535	0.00870	0.01023	0.00614	0.00460	0.00460	0.00153	0.00716	0.00358	0.00205	0.00716
78	0.86392	0.00937	0.00712	0.00637	0.00937	0.01087	0.00525	0.01425	0.00825	0.02174	0.00675	0.00787	0.00525	0.00450	0.00300	0.00150	0.00375	0.00262	0.00300	0.00525
79	0.00621	0.00434	0.00553	0.00636	0.00657	0.00414	0.00409	0.00683	0.00869	0.01158	0.02368	0.61627	0.02823	0.23065	0.01107	0.00269	0.00331	0.01200	0.00409	0.00367
80	0.03729	0.01348	0.01438	0.01104	0.01490	0.01494	0.00912	0.76614	0.02246	0.03034	0.01153	0.01155	0.00817	0.00579	0.00481	0.00146	0.00530	0.00432	0.00481	0.00817
81	0.86392	0.00937	0.00712	0.00637	0.00937	0.01087	0.00525	0.01425	0.00825	0.02174	0.00675	0.00787	0.00525	0.00450	0.00300	0.00150	0.00375	0.00262	0.00300	0.00525
82	0.00644	0.00446	0.00554	0.00618	0.00637	0.00430	0.00392	0.00696	0.00838	0.01116	0.02181	0.46810	0.02580	0.36164	0.01406	0.00314	0.00366	0.03072	0.00383	0.00352
83	0.00623	0.00446	0.00596	0.00682	0.00732	0.00419	0.00480	0.00745	0.01022	0.01379	0.16138	0.62197	0.03409	0.01411	0.00615	0.00191	0.00286	0.07756	0.00464	0.00409
84	0.01005	0.00861	0.01005	0.00718	0.01148	0.00646	0.00574	0.01220	0.01005	0.01579	0.00861	0.01005	0.00718	0.00359	0.00359	0.00072	0.00359	0.00287	0.00287	0.85932
85	0.10808	0.01297	0.01366	0.01057	0.01435	0.01434	0.00873	0.67851	0.02097	0.05333	0.01135	0.01139	0.00804	0.00568	0.00465	0.00146	0.00513	0.00419	0.00469	0.00792
86	0.00657	0.00507	0.00601	0.00579	0.00713	0.00459	0.00434	0.00875	0.03419	0.01696	0.48309	0.06372	0.31445	0.01083	0.00571	0.00158	0.00241	0.00935	0.00500	0.00447
87	0.00795	0.00614	0.00739	0.00721	0.00853	0.00630	0.00535	0.01269	0.20507	0.01779	0.40318	0.21299	0.03420	0.02322	0.00594	0.00172	0.00286	0.02131	0.00499	0.00517
88	0.08888	0.00889	0.01126	0.00871	0.01241	0.00825	0.00719	0.10215	0.01435	0.65963	0.01735	0.01530	0.01106	0.00586	0.00472	0.00149	0.00422	0.00464	0.00564	0.00801
89	0.00590	0.00422	0.00562	0.00675	0.00703	0.00394	0.00450	0.00675	0.00928	0.01237	0.02671	0.82653	0.03205	0.01518	0.00619	0.00197	0.00281	0.01378	0.00450	0.00394
90	0.00682	0.00524	0.00564	0.00539	0.00708	0.00453	0.00409	0.02529	0.01187	0.04491	0.17464	0.04292	0.62149	0.01148	0.00567	0.00161	0.00255	0.00964	0.00471	0.00443
91	0.01144	0.01307	0.02859	0.02042	0.02533	0.01225	0.78186	0.01552	0.01144	0.01552	0.00980	0.01307	0.00735	0.00408	0.00572	0.00163	0.00817	0.00572	0.00245	0.00654
92	0.86392	0.00937	0.00712	0.00637	0.00937	0.01087	0.00525	0.01425	0.00825	0.02174	0.00675	0.00787	0.00525	0.00450	0.00300	0.00150	0.00375	0.00262	0.00300	0.00525
93	0.00629	0.00493	0.00568	0.00550	0.00689	0.00433	0.00412	0.00804	0.01237	0.01622	0.41862	0.04148	0.42601	0.01110	0.00572	0.00158	0.00237	0.00950	0.00491	0.00433
94	0.86392	0.00937	0.00712	0.00637	0.00937	0.01087	0.00525	0.01425	0.00825	0.02174	0.00675	0.00787	0.00525	0.00450	0.00300	0.00150	0.00375	0.00262	0.00300	0.00525
95	0.59716	0.06431	0.17267	0.00848	0.02388	0.01152	0.00826	0.01483	0.03161	0.01965	0.00756	0.00871	0.00581	0.00456	0.00342	0.00148	0.00457	0.00293	0.00279	0.00581
96	0.01680	0.10359	0.01465	0.01133	0.01432	0.44142	0.00893	0.16639	0.12994	0.03214	0.01024	0.01073	0.00800	0.00532	0.00442	0.00133	0.00690	0.00369	0.00333	0.00654

[dist]
# distance from previous block
# <min> <max>
5	15

[block]
# block no. 2 follows, 52 sequences, length 46
# corresponding to MSA columns:
# 405-450
name=unknown_C
#
# <colnr> <probs for GDERKNQSTAVLIFYWHMCP>
#	G	D	E	R	K	N	Q	S	T	A	V	L	I	F	Y	W	H	M	C	P
0	0.09190	0.03407	0.23953	0.01034	0.01527	0.02940	0.07026	0.01464	0.03830	0.04117	0.00921	0.01054	0.00709	0.00424	0.00409	0.00118	0.00518	0.00343	0.00276	0.36741
1	0.03906	0.03698	0.10681	0.01089	0.07840	0.00783	0.12085	0.01136	0.03160	0.01576	0.19300	0.02875	0.28278	0.00827	0.00530	0.00156	0.00427	0.00731	0.00379	0.00543
2	0.00686	0.00508	0.00710	0.00710	0.00786	0.00565	0.00529	0.00822	0.00790	0.01104	0.01616	0.02353	0.07301	0.18408	0.60100	0.00674	0.01062	0.00593	0.00281	0.00405
3	0.01000	0.01912	0.51739	0.01247	0.01802	0.01037	0.06627	0.01595	0.11233	0.03740	0.07222	0.01583	0.05978	0.00574	0.00488	0.00156	0.00606	0.00481	0.00296	0.00683
4	0.01300	0.01071	0.01508	0.04500	0.22751	0.03760	0.08493	0.23046	0.01419	0.06102	0.01433	0.19625	0.01345	0.00731	0.00521	0.00159	0.00525	0.00659	0.00376	0.00676
5	0.00841	0.00822	0.04148	0.02322	0.02812	0.02692	0.18185	0.01075	0.00956	0.01322	0.09153	0.03429	0.02963	0.08303	0.38203	0.00471	0.00926	0.00592	0.00290	0.00495
6	0.01219	0.01082	0.01264	0.01385	0.17974	0.04679	0.00897	0.07392	0.45076	0.01913	0.06775	0.01772	0.01462	0.04235	0.00579	0.00170	0.00450	0.00534	0.00422	0.00721
7	0.01038	0.02277	0.04008	0.00860	0.01250	0.00807	0.04832	0.03195	0.13627	0.01684	0.05312	0.03608	0.01115	0.00486	0.00416	0.00105	0.00398	0.00412	0.00336	0.54233
8	0.00988	0.00844	0.00987	0.00716	0.01130	0.00636	0.00569	0.01198	0.01002	0.01565	0.00934	0.04294	0.00818	0.00406	0.00369	0.00077	0.00356	0.00331	0.00294	0.82486
9	0.01104	0.00858	0.01015	0.00730	0.01156	0.00652	0.00586	0.01317	0.01037	0.08231	0.00950	0.01059	0.00758	0.00379	0.00370	0.00078	0.00363	0.00304	0.00314	0.78739
10	0.00893	0.00836	0.01341	0.68687	0.02936	0.02458	0.01221	0.01179	0.00967	0.01236	0.01082	0.11485	0.00966	0.00621	0.00521	0.00166	0.02092	0.00547	0.00245	0.00520
11	0.00705	0.00470	0.00529	0.00529	0.00529	0.00470	0.00294	0.00705	0.00705	0.00940	0.01527	0.03171	0.01762	0.82969	0.02467	0.00470	0.00470	0.00705	0.00294	0.00294
12	0.44696	0.27607	0.04568	0.00790	0.01155	0.01410	0.00724	0.11308	0.01071	0.01928	0.00745	0.00842	0.00598	0.00456	0.00334	0.00135	0.00455	0.00287	0.00290	0.00602
13	0.01262	0.01062	0.01129	0.00978	0.01279	0.01192	0.00769	0.11186	0.63636	0.02108	0.01785	0.01666	0.01340	0.00624	0.00481	0.00154	0.00399	0.00513	0.00475	0.07963
14	0.02544	0.01095	0.06652	0.29657	0.15445	0.05285	0.10453	0.01388	0.02959	0.03528	0.01233	0.04556	0.01097	0.00628	0.00518	0.00166	0.00614	0.11300	0.00283	0.00599
15	0.00933	0.07197	0.16302	0.00910	0.01235	0.00897	0.02903	0.01394	0.13559	0.01697	0.26917	0.03376	0.04803	0.00705	0.00532	0.00144	0.03658	0.00588	0.00383	0.11870
16	0.00700	0.00489	0.00625	0.00625	0.00659	0.00522	0.00414	0.00767	0.00733	0.01011	0.01438	0.02681	0.01549	0.52310	0.32835	0.00589	0.00790	0.00633	0.00280	0.00347
17	0.00704	0.00471	0.00534	0.00534	0.00536	0.00473	0.00301	0.00708	0.00706	0.00944	0.01522	0.03142	0.01749	0.81158	0.04261	0.00477	0.00489	0.00700	0.00293	0.00297
18	0.00721	0.00497	0.00595	0.00624	0.00735	0.00447	0.00445	0.02433	0.01062	0.06576	0.05955	0.42997	0.31052	0.02734	0.00621	0.00184	0.00284	0.01140	0.00461	0.00437
19	0.00651	0.00484	0.00538	0.00529	0.00626	0.00441	0.00363	0.00760	0.01031	0.01345	0.20600	0.03857	0.34938	0.27987	0.01187	0.00260	0.00315	0.00869	0.02835	0.00383
20	0.00905	0.00645	0.00756	0.00707	0.00867	0.00632	0.00531	0.15225	0.01349	0.04868	0.22543	0.26900	0.19962	0.01109	0.00566	0.00167	0.00312	0.00961	0.00484	0.00510
21	0.01120	0.00780	0.00855	0.00740	0.00886	0.00831	0.00524	0.23888	0.06407	0.03850	0.01461	0.02415	0.01439	0.49074	0.01649	0.00337	0.00476	0.00603	0.02164	0.00500
22	0.17633	0.00815	0.00915	0.00773	0.01034	0.00836	0.00617	0.10822	0.08694	0.21233	0.28856	0.02132	0.02234	0.00711	0.00481	0.00152	0.00353	0.00580	0.00495	0.00633
23	0.00643	0.00487	0.00588	0.00637	0.00725	0.00456	0.00454	0.00813	0.04417	0.01364	0.11770	0.39230	0.23506	0.06749	0.00722	0.00201	0.00294	0.06075	0.00450	0.00418
24	0.00701	0.00494	0.00655	0.00743	0.00803	0.00484	0.00568	0.00831	0.00966	0.01272	0.02382	0.30777	0.02712	0.18574	0.01030	0.00266	0.00396	0.35532	0.00415	0.00397
25	0.00961	0.00549	0.00705	0.00657	0.00816	0.00490	0.00495	0.01134	0.01238	0.18229	0.34839	0.19764	0.16106	0.01057	0.00564	0.00163	0.00281	0.00923	0.00516	0.00514
26	0.00877	0.00521	0.00645	0.00638	0.00767	0.00479	0.00469	0.01048	0.02335	0.12293	0.18202	0.27942	0.15290	0.03995	0.00617	0.00176	0.00289	0.02846	0.10093	0.00478
27	0.01880	0.01296	0.01416	0.01086	0.01472	0.01412	0.00897	0.69611	0.02176	0.11918	0.01249	0.01219	0.00867	0.00584	0.00485	0.00146	0.00519	0.00442	0.00498	0.00824
28	0.03188	0.00563	0.00707	0.00721	0.00820	0.00604	0.00539	0.01059	0.09908	0.01407	0.08400	0.17882	0.02097	0.11544	0.24794	0.00390	0.00628	0.07602	0.06693	0.00455
29	0.08512	0.00554	0.00630	0.00593	0.00756	0.00514	0.00454	0.00974	0.01215	0.06819	0.38421	0.05607	0.30020	0.01017	0.00544	0.00158	0.00264	0.01992	0.00484	0.00469
30	0.34911	0.00897	0.00982	0.00788	0.01135	0.00901	0.00651	0.06109	0.01217	0.45724	0.01390	0.01288	0.00917	0.00540	0.00414	0.00150	0.00404	0.00397	0.00477	0.00708
31	0.00701	0.00485	0.00603	0.00603	0.00629	0.00510	0.00387	0.00753	0.00727	0.00995	0.01459	0.02793	0.01598	0.59296	0.25915	0.00562	0.00717	0.00649	0.00283	0.00335
32	0.01070	0.00799	0.00898	0.00827	0.01036	0.00860	0.00634	0.01848	0.41255	0.08588	0.12574	0.09126	0.08627	0.05788	0.00646	0.00185	0.00353	0.03770	0.00487	0.00629
33	0.00592	0.00428	0.00561	0.00662	0.00701	0.00396	0.00445	0.00683	0.00951	0.01262	0.05032	0.75853	0.07672	0.01486	0.00615	0.00194	0.00278	0.01343	0.00452	0.00396
34	0.00590	0.00422	0.00562	0.00675	0.00703	0.00394	0.00450	0.00675	0.00928	0.01237	0.02671	0.82653	0.03205	0.01518	0.00619	0.00197	0.00281	0.01378	0.00450	0.00394
35	0.01423	0.52636	0.08434	0.00999	0.01388	0.25459	0.00938	0.01602	0.01104	0.01185	0.00712	0.00826	0.00622	0.00444	0.00361	0.00114	0.00640	0.00283	0.00220	0.00612
36	0.01352	0.01211	0.01576	0.35777	0.02370	0.13390	0.10372	0.12044	0.01265	0.10149	0.01003	0.01239	0.00738	0.00523	0.00546	0.00155	0.04926	0.00436	0.00303	0.00626
37	0.00631	0.00477	0.00642	0.00727	0.00752	0.00488	0.00503	0.00717	0.00912	0.01231	0.02494	0.75570	0.02982	0.01460	0.00703	0.00198	0.07382	0.01295	0.00429	0.00405
38	0.01219	0.01043	0.01468	0.04906	0.32764	0.00991	0.01022	0.10749	0.04076	0.03842	0.00987	0.01160	0.00788	0.00437	0.00436	0.00119	0.00480	0.00384	0.00305	0.32825
39	0.00759	0.00580	0.00772	0.07745	0.01032	0.00579	0.01876	0.07347	0.01188	0.01600	0.24281	0.39129	0.08921	0.01160	0.00578	0.00174	0.00326	0.01034	0.00453	0.00466
40	0.01495	0.00658	0.00820	0.00682	0.00929	0.00601	0.00545	0.03592	0.01266	0.39200	0.10316	0.02027	0.04734	0.00655	0.00448	0.00138	0.00323	0.00537	0.30396	0.00637
41	0.00978	0.00918	0.01546	0.56716	0.23357	0.01063	0.01335	0.01286	0.01026	0.01367	0.05093	0.01392	0.00888	0.00498	0.00488	0.00156	0.00605	0.00455	0.00239	0.00594
42	0.02307	0.01126	0.03539	0.33896	0.22423	0.07141	0.07360	0.02943	0.03035	0.05658	0.01021	0.01402	0.00812	0.00515	0.00510	0.00156	0.02032	0.03220	0.00268	0.00635
43	0.00988	0.02398	0.73433	0.01441	0.02137	0.01134	0.08707	0.01536	0.01034	0.01536	0.00880	0.01049	0.00625	0.00456	0.00470	0.00154	0.00725	0.00377	0.00208	0.00711
44	0.00712	0.00548	0.00817	0.00805	0.00887	0.00653	0.00630	0.00881	0.00777	0.01127	0.01263	0.01859	0.01181	0.03485	0.76797	0.00748	0.05621	0.00514	0.00257	0.00438
45	0.02042	0.00795	0.01082	0.00840	0.01191	0.00690	0.00690	0.02233	0.01386	0.73316	0.08828	0.01825	0.01499	0.00635	0.00495	0.00150	0.00396	0.00522	0.00594	0.00792

[dist]
# distance from previous block
# <min> <max>
6	7

[block]
# block no. 3 follows, 52 sequences, length 11
# corresponding to MSA columns:
# 459-469
name=unknown_D
#
# <colnr> <probs for GDERKNQSTAVLIFYWHMCP>
#	G	D	E	R	K	N	Q	S	T	A	V	L	I	F	Y	W	H	M	C	P
0	0.86392	0.00937	0.00712	0.00637	0.00937	0.01087	0.00525	0.01425	0.00825	0.02174	0.00675	0.00787	0.00525	0.00450	0.00300	0.00150	0.00375	0.00262	0.00300	0.00525
1	0.01810	0.02310	0.01373	0.01248	0.01498	0.81024	0.00936	0.01935	0.01373	0.01186	0.00749	0.00874	0.00624	0.00499	0.00437	0.00125	0.00874	0.00312	0.00250	0.00562
2	0.01401	0.11386	0.01721	0.06670	0.29052	0.17914	0.01131	0.11902	0.07643	0.01640	0.00954	0.01125	0.00773	0.00504	0.00501	0.00141	0.04170	0.00396	0.00289	0.00690
3	0.00706	0.00515	0.00758	0.00758	0.00846	0.00596	0.00589	0.00882	0.00794	0.01169	0.01316	0.01898	0.01213	0.03437	0.75848	0.00736	0.01229	0.00515	0.05762	0.00434
4	0.01086	0.04060	0.14945	0.01116	0.08680	0.00891	0.03172	0.01601	0.16900	0.10543	0.25705	0.02230	0.05598	0.00707	0.00509	0.00153	0.00427	0.00610	0.00424	0.00645
5	0.00692	0.00519	0.00779	0.00779	0.00865	0.00606	0.00606	0.00865	0.00779	0.01125	0.01298	0.01904	0.01211	0.03634	0.81049	0.00779	0.01298	0.00519	0.00260	0.00433
6	0.18345	0.08180	0.38329	0.01184	0.01696	0.11961	0.05440	0.04876	0.01097	0.03523	0.00843	0.00973	0.00628	0.00466	0.00421	0.00145	0.00644	0.00343	0.00254	0.00654
7	0.01153	0.04389	0.23037	0.08463	0.01773	0.03083	0.08588	0.04076	0.11455	0.06864	0.04031	0.01308	0.00957	0.00509	0.00494	0.00141	0.02972	0.00426	0.00312	0.15971
8	0.07428	0.17754	0.09669	0.01238	0.10129	0.14379	0.00992	0.14509	0.04479	0.13433	0.01051	0.01101	0.00785	0.00503	0.00427	0.00136	0.00575	0.00372	0.00340	0.00701
9	0.05290	0.21667	0.08444	0.01070	0.02971	0.07661	0.03797	0.06965	0.14712	0.05974	0.01055	0.01137	0.00829	0.00527	0.00525	0.00138	0.08228	0.00380	0.00315	0.08315
10	0.05142	0.04289	0.05536	0.03521	0.13589	0.17531	0.00922	0.06657	0.06631	0.06279	0.00990	0.01125	0.00781	0.00523	0.00492	0.03922	0.00552	0.00366	0.00306	0.20846

[dist]
# distance from previous block
# <min> <max>
0	35

[block]
# block no. 4 follows, 52 sequences, length 107
# corresponding to MSA columns:
# 505-611
name=unknown_E
#
# <colnr> <probs for GDERKNQSTAVLIFYWHMCP>
#	G	D	E	R	K	N	Q	S	T	A	V	L	I	F	Y	W	H	M	C	P
0	0.05405	0.02284	0.13328	0.05369	0.19732	0.01054	0.07620	0.03764	0.13171	0.12059	0.01226	0.02868	0.00933	0.00512	0.00469	0.00146	0.00532	0.00452	0.00338	0.08737
1	0.01229	0.01223	0.04447	0.09417	0.29183	0.07137	0.12917	0.10546	0.02475	0.03034	0.04843	0.03143	0.04134	0.00559	0.00542	0.00153	0.03533	0.00509	0.00303	0.00674
2	0.00604	0.00453	0.00582	0.02814	0.00775	0.00422	0.00470	0.00710	0.00977	0.01272	0.04539	0.61589	0.17591	0.01419	0.00607	0.00190	0.00289	0.03850	0.00445	0.00403
3	0.01671	0.10717	0.01519	0.03219	0.01482	0.03880	0.00896	0.52922	0.12840	0.04187	0.01216	0.01215	0.00890	0.00568	0.00465	0.00143	0.00521	0.00429	0.00442	0.00777
4	0.01231	0.05663	0.04448	0.30971	0.12446	0.06439	0.03460	0.16925	0.01325	0.03315	0.06218	0.01433	0.02952	0.00545	0.00481	0.00149	0.00588	0.00462	0.00310	0.00640
5	0.25790	0.01008	0.01110	0.12630	0.03815	0.02731	0.02397	0.10350	0.21937	0.06761	0.01310	0.01366	0.02457	0.00553	0.00431	0.00153	0.00453	0.00430	0.03667	0.00649
6	0.01410	0.01761	0.10209	0.01480	0.01861	0.30950	0.26888	0.07365	0.05717	0.01560	0.04007	0.01219	0.00877	0.00505	0.00516	0.00147	0.02158	0.00450	0.00285	0.00635
7	0.00692	0.00519	0.00779	0.00779	0.00865	0.00606	0.00606	0.00865	0.00779	0.01125	0.01298	0.01904	0.01211	0.03634	0.81049	0.00779	0.01298	0.00519	0.00260	0.00433
8	0.02619	0.00738	0.00928	0.12164	0.01292	0.00810	0.00703	0.01474	0.22794	0.07485	0.11446	0.17179	0.08914	0.00934	0.00642	0.04322	0.03826	0.00746	0.00426	0.00559
9	0.14175	0.00646	0.00768	0.00733	0.00889	0.00678	0.00557	0.06398	0.01037	0.10259	0.06034	0.22582	0.03803	0.06635	0.20943	0.00341	0.00595	0.02035	0.00393	0.00500
10	0.00616	0.00440	0.00592	0.00704	0.00744	0.00416	0.00495	0.00719	0.00953	0.01266	0.02657	0.72186	0.03149	0.01494	0.00625	0.00200	0.00304	0.11589	0.00449	0.00401
11	0.00632	0.00451	0.00610	0.00722	0.00768	0.00429	0.00522	0.00746	0.00969	0.01283	0.02648	0.65857	0.03115	0.01479	0.00630	0.00203	0.00317	0.17764	0.00449	0.00405
12	0.03895	0.00494	0.00616	0.00648	0.00734	0.00473	0.00463	0.00857	0.03193	0.01571	0.32947	0.39044	0.07039	0.03390	0.00633	0.00183	0.00274	0.02640	0.00474	0.00433
13	0.00590	0.00422	0.00562	0.00675	0.00703	0.00394	0.00450	0.00675	0.00928	0.01237	0.02671	0.82653	0.03205	0.01518	0.00619	0.00197	0.00281	0.01378	0.00450	0.00394
14	0.00595	0.00483	0.00532	0.00562	0.00694	0.00419	0.00420	0.00721	0.01076	0.01319	0.05826	0.20313	0.56687	0.01290	0.00590	0.00175	0.00268	0.07171	0.00451	0.00410
15	0.65936	0.00984	0.00851	0.00724	0.01037	0.01111	0.00594	0.13105	0.01083	0.07932	0.00854	0.00951	0.00642	0.02007	0.00381	0.00155	0.00403	0.00313	0.00349	0.00587
16	0.01112	0.00642	0.00761	0.00672	0.00877	0.00608	0.00519	0.02603	0.10183	0.20305	0.21533	0.02946	0.20890	0.04459	0.00600	0.00166	0.00309	0.00722	0.09526	0.00566
