[name]
unknown

[dist]
# distance from previous block
# <min> <max>
2	561

[block]
# block no. 0 follows, 51 sequences, length 34
# corresponding to MSA columns:
# 569-574,577-585,589-607
name=unknown_A
#
# <colnr> <probs for GDERKNQSTAVLIFYWHMCP>
#	G	D	E	R	K	N	Q	S	T	A	V	L	I	F	Y	W	H	M	C	P
0	0.15793	0.00707	0.00692	0.00645	0.00819	0.02287	0.00495	0.09701	0.04221	0.01909	0.01482	0.09154	0.01288	0.03820	0.04902	0.00185	0.00383	0.00525	0.40476	0.00515
1	0.00992	0.02295	0.68561	0.01322	0.01974	0.01113	0.01647	0.01622	0.08327	0.01625	0.05160	0.01252	0.00918	0.00514	0.00476	0.00157	0.00668	0.00409	0.00253	0.00717
2	0.00673	0.00480	0.00632	0.00674	0.00749	0.00461	0.00491	0.00802	0.01051	0.01421	0.22413	0.30710	0.09922	0.06042	0.08285	0.04802	0.00401	0.09142	0.00438	0.00411
3	0.00598	0.00482	0.00523	0.00545	0.00671	0.00418	0.00391	0.00713	0.01075	0.01326	0.08277	0.20690	0.55476	0.05716	0.00695	0.00189	0.00268	0.01086	0.00452	0.00408
4	0.78195	0.00901	0.00708	0.00650	0.00928	0.01037	0.00525	0.01373	0.00846	0.02116	0.00874	0.08431	0.00786	0.00558	0.00334	0.00157	0.00371	0.00372	0.00318	0.00520
5	0.00614	0.00439	0.00575	0.00665	0.00703	0.00410	0.00446	0.00709	0.00973	0.01305	0.09860	0.68574	0.04935	0.06399	0.00735	0.00211	0.00291	0.01300	0.00455	0.00399
6	0.05274	0.00840	0.01125	0.00866	0.01243	0.00736	0.00715	0.02360	0.01386	0.77162	0.01893	0.01641	0.01191	0.00603	0.00487	0.00152	0.00417	0.00486	0.00597	0.00825
7	0.00801	0.00473	0.00511	0.00505	0.00597	0.00459	0.00354	0.00965	0.01018	0.01592	0.13863	0.02730	0.09501	0.20546	0.00924	0.00213	0.00291	0.00642	0.43597	0.00416
8	0.00686	0.00500	0.00653	0.00681	0.00782	0.00467	0.00522	0.00877	0.01221	0.01664	0.41247	0.20251	0.10573	0.01208	0.00610	0.00180	0.00290	0.16647	0.00498	0.00444
9	0.01276	0.00619	0.00830	0.00735	0.00937	0.00552	0.00565	0.01458	0.01296	0.32918	0.31349	0.20506	0.02963	0.00966	0.00556	0.00164	0.00318	0.00845	0.00549	0.00598
10	0.03093	0.00657	0.00836	0.00720	0.00931	0.00592	0.00538	0.01544	0.01124	0.39646	0.02202	0.13415	0.08949	0.22270	0.01042	0.00245	0.00399	0.00722	0.00486	0.00590
11	0.00631	0.00449	0.00567	0.00637	0.00675	0.00422	0.00419	0.00715	0.00946	0.01264	0.09823	0.54290	0.07280	0.18300	0.01009	0.00251	0.00318	0.01188	0.00431	0.00385
12	0.00600	0.00481	0.00517	0.00541	0.00659	0.00419	0.00382	0.00702	0.01036	0.01269	0.04111	0.20817	0.54630	0.10622	0.00810	0.00208	0.00283	0.01076	0.00438	0.00398
13	0.00648	0.00472	0.00562	0.00620	0.00700	0.00436	0.00441	0.00757	0.00990	0.01291	0.03160	0.35302	0.25818	0.12439	0.00859	0.00225	0.00316	0.09442	0.05121	0.00399
14	0.01634	0.01234	0.01336	0.01083	0.01426	0.01372	0.00888	0.55193	0.18048	0.02729	0.01483	0.01723	0.01160	0.00678	0.00511	0.00159	0.00501	0.07566	0.00490	0.00788
15	0.00865	0.00526	0.00666	0.00677	0.00782	0.00488	0.00492	0.00983	0.01040	0.11490	0.09577	0.27380	0.12075	0.19183	0.01020	0.00250	0.00358	0.11253	0.00448	0.00449
16	0.01800	0.01262	0.01374	0.01069	0.01433	0.01379	0.00872	0.62817	0.06517	0.09825	0.01314	0.01370	0.00958	0.04961	0.00599	0.00166	0.00518	0.00468	0.00492	0.00804
17	0.01856	0.01471	0.01311	0.01063	0.01412	0.25158	0.00846	0.26184	0.03202	0.22877	0.01243	0.01221	0.00879	0.00550	0.00466	0.00136	0.00593	0.00406	0.00432	0.08695
18	0.01103	0.01025	0.01572	0.17393	0.41431	0.01094	0.01223	0.01613	0.17188	0.01606	0.01517	0.01691	0.08264	0.00571	0.00499	0.00156	0.00526	0.00518	0.00312	0.00700
19	0.01867	0.00852	0.01097	0.00863	0.01194	0.00790	0.00704	0.13207	0.01536	0.53790	0.16653	0.01983	0.01815	0.00681	0.00510	0.00152	0.00400	0.00562	0.00578	0.00765
20	0.01019	0.00960	0.01516	0.25294	0.02101	0.00899	0.15611	0.01307	0.01035	0.01492	0.00897	0.01165	0.00709	0.00412	0.00444	0.00118	0.00540	0.00390	0.00261	0.43829
21	0.00722	0.00554	0.00817	0.00806	0.00885	0.00656	0.00625	0.00887	0.00785	0.01135	0.01290	0.01939	0.01221	0.06854	0.73288	0.00746	0.05560	0.00529	0.00262	0.00438
22	0.00936	0.00929	0.01842	0.01460	0.03353	0.00932	0.38251	0.01230	0.00977	0.01362	0.01151	0.01621	0.00984	0.02025	0.40051	0.00472	0.01063	0.00551	0.00256	0.00555
23	0.00837	0.00601	0.00735	0.00760	0.00861	0.00615	0.00562	0.04161	0.11426	0.03157	0.06436	0.29928	0.02560	0.18125	0.00999	0.00253	0.00384	0.16695	0.00438	0.00470
24	0.01139	0.01089	0.01856	0.23962	0.59319	0.01147	0.01470	0.01441	0.01083	0.01512	0.00911	0.01241	0.00746	0.00452	0.00488	0.00151	0.00603	0.00438	0.00237	0.00716
25	0.00756	0.00533	0.00716	0.00805	0.00886	0.00530	0.00654	0.00920	0.01025	0.01341	0.02395	0.13114	0.02657	0.18241	0.01051	0.00275	0.00440	0.52826	0.00421	0.00415
26	0.01075	0.00612	0.00730	0.00659	0.00804	0.00587	0.00469	0.01286	0.07715	0.18765	0.10625	0.02996	0.11654	0.35450	0.01362	0.00293	0.00395	0.01755	0.02271	0.00497
27	0.00724	0.00502	0.00528	0.00524	0.00638	0.00470	0.00369	0.00895	0.03713	0.01427	0.07314	0.04687	0.34117	0.19782	0.00961	0.00224	0.00301	0.00799	0.21612	0.00414
28	0.00688	0.00483	0.00539	0.00536	0.00576	0.00464	0.00325	0.00730	0.00845	0.01105	0.08504	0.03534	0.16431	0.60976	0.01989	0.00393	0.00414	0.00789	0.00347	0.00333
29	0.00847	0.00594	0.00677	0.00649	0.00798	0.00563	0.00484	0.08073	0.01162	0.06213	0.05834	0.13137	0.35100	0.15278	0.02262	0.00236	0.00363	0.06826	0.00441	0.00463
30	0.00917	0.00548	0.00648	0.00602	0.00746	0.00491	0.00432	0.01034	0.01094	0.14969	0.15068	0.07846	0.29321	0.22846	0.01080	0.00246	0.00338	0.00853	0.00454	0.00464
31	0.52301	0.00913	0.00810	0.00718	0.00972	0.01032	0.00562	0.11855	0.05257	0.02078	0.01073	0.06213	0.00975	0.12611	0.00682	0.00203	0.00411	0.00440	0.00349	0.00545
32	0.02007	0.01188	0.01333	0.01029	0.01412	0.04171	0.00847	0.43693	0.01900	0.35029	0.01480	0.01374	0.00987	0.00594	0.00491	0.00149	0.00503	0.00459	0.00531	0.00826
33	0.44095	0.00718	0.00657	0.00626	0.00824	0.00775	0.00480	0.01124	0.00986	0.01876	0.17726	0.13082	0.09206	0.05258	0.00551	0.00178	0.00329	0.00647	0.00388	0.00476

[dist]
# distance from previous block
# <min> <max>
0	1

[block]
# block no. 1 follows, 51 sequences, length 64
# corresponding to MSA columns:
# 609-672
name=unknown_B
#
# <colnr> <probs for GDERKNQSTAVLIFYWHMCP>
#	G	D	E	R	K	N	Q	S	T	A	V	L	I	F	Y	W	H	M	C	P
0	0.01266	0.00638	0.00821	0.00713	0.00931	0.00571	0.00553	0.01477	0.03340	0.31869	0.27435	0.10103	0.13962	0.03298	0.00605	0.00169	0.00322	0.00790	0.00539	0.00598
1	0.00932	0.00590	0.00636	0.00582	0.00762	0.00550	0.00444	0.07344	0.01215	0.08777	0.06920	0.03298	0.38692	0.04794	0.00596	0.00164	0.00293	0.00769	0.22147	0.00496
2	0.01320	0.00666	0.00874	0.00741	0.00971	0.00610	0.00584	0.01603	0.05932	0.32660	0.44407	0.02777	0.03108	0.00829	0.00541	0.00154	0.00314	0.00714	0.00565	0.00629
3	0.00690	0.00491	0.00621	0.00658	0.00742	0.00468	0.00477	0.00883	0.03553	0.01560	0.28091	0.34352	0.07895	0.05043	0.00679	0.00191	0.00288	0.07132	0.05749	0.00437
4	0.22504	0.00637	0.00653	0.00646	0.00810	0.00649	0.00487	0.04577	0.01097	0.01719	0.14750	0.25173	0.20712	0.01060	0.00521	0.00171	0.00308	0.02623	0.00432	0.00469
5	0.00963	0.00646	0.00712	0.00580	0.00840	0.00547	0.00451	0.01187	0.01025	0.01728	0.01273	0.01465	0.01019	0.00478	0.00353	0.00096	0.00290	0.00383	0.46977	0.38988
6	0.00680	0.00508	0.00604	0.00593	0.00732	0.00452	0.00451	0.00859	0.01241	0.03259	0.38059	0.07593	0.36181	0.01143	0.00587	0.00166	0.00259	0.05688	0.00497	0.00447
7	0.01019	0.00873	0.01019	0.00728	0.01165	0.00655	0.00582	0.01237	0.01019	0.01601	0.00873	0.01019	0.00728	0.00364	0.00364	0.00073	0.00364	0.00291	0.00291	0.85734
8	0.00687	0.00504	0.00690	0.00694	0.00737	0.00486	0.04917	0.00751	0.00845	0.01128	0.02051	0.39656	0.02401	0.40433	0.01524	0.00330	0.00409	0.01022	0.00368	0.00366
9	0.00787	0.00560	0.00777	0.00883	0.00990	0.00560	0.00763	0.01000	0.01107	0.01440	0.02540	0.05407	0.02767	0.06126	0.00786	0.00241	0.00454	0.71923	0.00443	0.00443
10	0.00605	0.00469	0.00547	0.00602	0.00697	0.00418	0.00426	0.00713	0.01028	0.01296	0.05007	0.39379	0.37569	0.04839	0.00687	0.00197	0.00283	0.04382	0.00451	0.00405
11	0.00767	0.00526	0.00670	0.03209	0.00844	0.00481	0.00482	0.00868	0.00950	0.05860	0.02355	0.48012	0.07332	0.15182	0.00904	0.00227	0.00343	0.01057	0.00413	0.09519
12	0.00932	0.00860	0.01448	0.75658	0.05269	0.01062	0.01324	0.01233	0.00970	0.01246	0.00874	0.01316	0.00668	0.00547	0.00559	0.04198	0.00642	0.00436	0.00219	0.00536
13	0.01019	0.00873	0.01019	0.00728	0.01165	0.00655	0.00582	0.01237	0.01019	0.01601	0.00873	0.01019	0.00728	0.00364	0.00364	0.00073	0.00364	0.00291	0.00291	0.85734
14	0.00972	0.00918	0.01553	0.69688	0.14905	0.01103	0.01386	0.01294	0.01003	0.01308	0.00881	0.01296	0.00674	0.00483	0.00491	0.00161	0.00644	0.00437	0.00222	0.00581
15	0.01329	0.80622	0.02540	0.00854	0.01269	0.04292	0.00844	0.01486	0.01010	0.01158	0.00685	0.00791	0.00631	0.00423	0.00319	0.00106	0.00536	0.00264	0.00211	0.00629
16	0.00702	0.00527	0.00790	0.00790	0.00878	0.00614	0.00614	0.00878	0.00790	0.01141	0.01316	0.01931	0.01229	0.03686	0.80782	0.00790	0.01316	0.00527	0.00263	0.00439
17	0.00936	0.00881	0.01488	0.79472	0.05401	0.01094	0.01369	0.01262	0.00986	0.01265	0.00875	0.01308	0.00658	0.00490	0.00491	0.00163	0.00653	0.00437	0.00219	0.00552
18	0.01836	0.02342	0.01393	0.01266	0.01519	0.80756	0.00950	0.01962	0.01393	0.01203	0.00760	0.00886	0.00633	0.00506	0.00443	0.00127	0.00886	0.00317	0.00253	0.00570
19	0.10643	0.00848	0.01098	0.00851	0.01224	0.00760	0.00703	0.02299	0.01349	0.72189	0.01813	0.01585	0.01148	0.00593	0.00475	0.00152	0.00414	0.00471	0.00578	0.00806
20	0.00609	0.00434	0.00565	0.00664	0.00695	0.00407	0.00439	0.00688	0.00926	0.01229	0.02677	0.72526	0.05651	0.09012	0.00798	0.00224	0.00302	0.01322	0.00442	0.00390
21	0.03852	0.00516	0.00570	0.00568	0.00698	0.00467	0.00407	0.00833	0.01071	0.04817	0.13202	0.15529	0.41175	0.13089	0.00854	0.00214	0.00298	0.00972	0.00445	0.00424
22	0.01019	0.00873	0.01019	0.00728	0.01165	0.00655	0.00582	0.01237	0.01019	0.01601	0.00873	0.01019	0.00728	0.00364	0.00364	0.00073	0.00364	0.00291	0.00291	0.85734
23	0.02118	0.00976	0.01227	0.00941	0.01324	0.00930	0.00777	0.21978	0.01641	0.60091	0.01742	0.01545	0.01118	0.00603	0.00494	0.00151	0.00450	0.00481	0.00578	0.00836
24	0.00807	0.00455	0.00672	0.00672	0.00695	0.00478	0.00467	0.00705	0.00683	0.00933	0.01012	0.01706	0.01004	0.06960	0.22066	0.59053	0.00657	0.00469	0.00231	0.00276
25	0.19523	0.00630	0.00643	0.00628	0.00783	0.00659	0.00469	0.05920	0.01046	0.04981	0.01718	0.25667	0.01686	0.03737	0.00511	0.00164	0.00315	0.00706	0.29724	0.00490
26	0.00806	0.00469	0.00488	0.00488	0.00574	0.00458	0.00333	0.00949	0.00943	0.01486	0.02052	0.02668	0.12234	0.26536	0.01056	0.00236	0.00310	0.00619	0.46894	0.00402
27	0.00826	0.00723	0.01100	0.44859	0.02194	0.00827	0.00957	0.01136	0.03841	0.01496	0.23892	0.04001	0.10713	0.00750	0.00530	0.00162	0.00472	0.00657	0.00352	0.00513
28	0.15866	0.01157	0.02151	0.05642	0.16905	0.01149	0.41812	0.01469	0.01057	0.01632	0.00913	0.01223	0.00717	0.00505	0.00589	0.05172	0.00673	0.00483	0.00254	0.00630
29	0.00646	0.00455	0.00569	0.00624	0.00662	0.00431	0.00407	0.00728	0.00943	0.01267	0.13055	0.45179	0.05971	0.25373	0.01171	0.00274	0.00333	0.01112	0.00421	0.00379
30	0.34433	0.00650	0.00569	0.00545	0.00729	0.00708	0.00424	0.01236	0.00949	0.01945	0.01307	0.06148	0.01090	0.00583	0.00345	0.00134	0.00292	0.00438	0.46992	0.00484
31	0.01138	0.01188	0.06714	0.21248	0.49573	0.01173	0.03679	0.02813	0.01087	0.01526	0.00903	0.01223	0.00734	0.00474	0.00542	0.00155	0.04448	0.00437	0.00238	0.00707
32	0.01146	0.00591	0.00796	0.00784	0.00943	0.00543	0.00608	0.01293	0.01123	0.25577	0.02439	0.33397	0.04202	0.05295	0.00692	0.00204	0.00375	0.18956	0.00494	0.00542
33	0.00654	0.00473	0.00628	0.00726	0.00792	0.00448	0.00540	0.00787	0.01027	0.01352	0.06442	0.52198	0.09009	0.01443	0.00635	0.00202	0.00325	0.21442	0.00459	0.00418
34	0.86201	0.00950	0.00722	0.00646	0.00950	0.01102	0.00532	0.01445	0.00836	0.02205	0.00684	0.00798	0.00532	0.00456	0.00304	0.00152	0.00380	0.00266	0.00304	0.00532
35	0.01156	0.00611	0.00763	0.00662	0.00882	0.00533	0.00519	0.01338	0.01304	0.27597	0.28346	0.03370	0.29042	0.00955	0.00552	0.00158	0.00299	0.00809	0.00534	0.00570
36	0.01514	0.01201	0.01275	0.01059	0.01389	0.01359	0.00848	0.36685	0.44227	0.02526	0.01630	0.01538	0.01200	0.00632	0.00496	0.00158	0.00458	0.00504	0.00496	0.00804
37	0.00752	0.00528	0.00697	0.00762	0.00832	0.00533	0.00598	0.00893	0.00956	0.01260	0.02144	0.06811	0.02360	0.29623	0.07410	0.00355	0.00521	0.42186	0.00385	0.00396
38	0.01063	0.02180	0.60446	0.01304	0.01922	0.01170	0.01561	0.03958	0.18284	0.01711	0.01138	0.01218	0.00823	0.00515	0.00475	0.00158	0.00646	0.00408	0.00280	0.00741
39	0.00686	0.00499	0.00645	0.00616	0.00730	0.00458	0.00459	0.00906	0.01357	0.01907	0.72326	0.07434	0.08051	0.01041	0.00582	0.00157	0.00235	0.00920	0.00533	0.00458
40	0.00958	0.00931	0.01656	0.71403	0.03280	0.01111	0.11132	0.01296	0.01005	0.01296	0.00889	0.01312	0.00667	0.00481	0.00503	0.00164	0.00677	0.00455	0.00222	0.00561
41	0.86201	0.00950	0.00722	0.00646	0.00950	0.01102	0.00532	0.01445	0.00836	0.02205	0.00684	0.00798	0.00532	0.00456	0.00304	0.00152	0.00380	0.00266	0.00304	0.00532
42	0.00774	0.00639	0.00936	0.02720	0.19438	0.00621	0.00720	0.00956	0.02873	0.01412	0.08308	0.45290	0.09522	0.02672	0.00615	0.00184	0.00361	0.01048	0.00406	0.00505
43	0.00986	0.02542	0.80183	0.01401	0.02127	0.01141	0.01816	0.01556	0.01038	0.01556	0.00882	0.01038	0.00623	0.00467	0.00467	0.00156	0.00726	0.00363	0.00208	0.00726
44	0.01784	0.02256	0.01400	0.01268	0.01504	0.75369	0.00958	0.01909	0.01349	0.01201	0.00752	0.00899	0.00634	0.00530	0.00523	0.00133	0.06389	0.00324	0.00251	0.00568
45	0.00621	0.00499	0.00553	0.00540	0.00688	0.00432	0.00405	0.00783	0.01215	0.01553	0.31023	0.04359	0.53279	0.01161	0.00580	0.00162	0.00243	0.00985	0.00486	0.00432
46	0.01186	0.01288	0.01823	0.38173	0.11216	0.16257	0.17741	0.01484	0.01107	0.01351	0.00877	0.01216	0.00684	0.00483	0.00534	0.00157	0.03146	0.00445	0.00234	0.00601
47	0.01156	0.00989	0.01547	0.33138	0.25953	0.01107	0.01238	0.03286	0.05294	0.07422	0.01140	0.01406	0.03134	0.00547	0.00589	0.00159	0.07811	0.00461	0.00286	0.03336
48	0.07967	0.31233	0.18413	0.01266	0.08498	0.14453	0.03802	0.05178	0.02410	0.01490	0.00815	0.00950	0.00663	0.00460	0.00403	0.00132	0.00630	0.00333	0.00246	0.00659
49	0.01178	0.01140	0.01502	0.01353	0.06176	0.05149	0.03317	0.08301	0.03021	0.01406	0.00816	0.01238	0.00763	0.05572	0.01377	0.00213	0.56195	0.00451	0.00257	0.00577
50	0.86201	0.00950	0.00722	0.00646	0.00950	0.01102	0.00532	0.01445	0.00836	0.02205	0.00684	0.00798	0.00532	0.00456	0.00304	0.00152	0.00380	0.00266	0.00304	0.00532
51	0.41367	0.01022	0.01027	0.00831	0.01179	0.01097	0.00686	0.20548	0.01362	0.24742	0.01166	0.01143	0.00803	0.00533	0.00405	0.00151	0.00431	0.00375	0.00437	0.00694
52	0.00688	0.00502	0.00647	0.00611	0.00730	0.00461	0.00458	0.00913	0.01374	0.01930	0.74671	0.03738	0.09396	0.01020	0.00580	0.00155	0.00233	0.00898	0.00536	0.00461
53	0.00693	0.00502	0.00653	0.00616	0.00733	0.00463	0.00462	0.00923	0.01385	0.01957	0.77797	0.03694	0.06253	0.01010	0.00580	0.00155	0.00232	0.00892	0.00539	0.00463
54	0.00598	0.00442	0.00560	0.00649	0.00705	0.00404	0.00442	0.00695	0.00986	0.01288	0.05287	0.66346	0.16858	0.01472	0.00618	0.00192	0.00277	0.01319	0.00459	0.00404
55	0.00714	0.00541	0.00684	0.00756	0.00888	0.00510	0.00638	0.00903	0.01127	0.01418	0.03473	0.05245	0.30931	0.01316	0.00643	0.00204	0.00378	0.48736	0.00454	0.00439
56	0.01836	0.02342	0.01393	0.01266	0.01519	0.80756	0.00950	0.01962	0.01393	0.01203	0.00760	0.00886	0.00633	0.00506	0.00443	0.00127	0.00886	0.00317	0.00253	0.00570
57	0.01075	0.01075	0.01505	0.01290	0.01290	0.01505	0.01075	0.01183	0.00753	0.01183	0.00645	0.01075	0.00645	0.00860	0.01613	0.00215	0.81830	0.00430	0.00215	0.00538
58	0.01160	0.01326	0.02900	0.02071	0.02568	0.01243	0.77879	0.01574	0.01160	0.01574	0.00994	0.01326	0.00746	0.00414	0.00580	0.00166	0.00829	0.00580	0.00249	0.00663
59	0.01868	0.01376	0.01475	0.01131	0.01524	0.01524	0.00934	0.78025	0.02311	0.03097	0.01180	0.01180	0.00836	0.00590	0.00492	0.00147	0.00541	0.00442	0.00492	0.00836
60	0.04507	0.00768	0.00989	0.00788	0.01096	0.00689	0.00631	0.03480	0.01292	0.58070	0.02000	0.01990	0.05837	0.09452	0.00699	0.00185	0.00404	0.00539	0.05864	0.00721
61	0.00611	0.00458	0.00563	0.00622	0.00699	0.00415	0.00432	0.00726	0.01048	0.01371	0.14578	0.48635	0.23106	0.03528	0.00658	0.00192	0.00273	0.01211	0.00465	0.00410
62	0.01314	0.83025	0.02575	0.00841	0.01261	0.01945	0.00841	0.01472	0.00999	0.01156	0.00683	0.00788	0.00631	0.00420	0.00315	0.00105	0.00526	0.00263	0.00210	0.00631
63	0.00599	0.00428	0.00570	0.00684	0.00713	0.00399	0.00456	0.00684	0.00941	0.01254	0.02709	0.82409	0.03250	0.01540	0.00627	0.00200	0.00285	0.01397	0.00456	0.00399

[dist]
# distance from previous block
# <min> <max>
0	2

[block]
# block no. 2 follows, 51 sequences, length 60
# corresponding to MSA columns:
# 675-734
name=unknown_C
#
# <colnr> <probs for GDERKNQSTAVLIFYWHMCP>
#	G	D	E	R	K	N	Q	S	T	A	V	L	I	F	Y	W	H	M	C	P
0	0.00598	0.00429	0.00569	0.00680	0.00712	0.00400	0.00454	0.00685	0.00945	0.01256	0.02762	0.80587	0.05037	0.01533	0.00626	0.00199	0.00284	0.01389	0.00456	0.00400
1	0.20376	0.00882	0.01063	0.00835	0.01199	0.00836	0.00689	0.05116	0.01318	0.60186	0.01638	0.01464	0.01054	0.00575	0.00453	0.00152	0.00415	0.00443	0.00538	0.00770
2	0.00918	0.01119	0.16034	0.01455	0.18196	0.00956	0.01096	0.01183	0.00902	0.01325	0.01057	0.01490	0.00937	0.01989	0.37421	0.00452	0.12183	0.00463	0.00242	0.00580
3	0.00598	0.00432	0.00566	0.00673	0.00710	0.00400	0.00451	0.00685	0.00951	0.01259	0.02841	0.77861	0.07712	0.01522	0.00625	0.00198	0.00283	0.01376	0.00456	0.00400
4	0.00854	0.00427	0.00640	0.00640	0.00640	0.00427	0.00427	0.00640	0.00640	0.00854	0.00854	0.01494	0.00854	0.01707	0.01921	0.85702	0.00427	0.00427	0.00213	0.00213
5	0.01019	0.00873	0.01019	0.00728	0.01165	0.00655	0.00582	0.01237	0.01019	0.01601	0.00873	0.01019	0.00728	0.00364	0.00364	0.00073	0.00364	0.00291	0.00291	0.85734
6	0.00647	0.00500	0.00590	0.00567	0.00704	0.00443	0.00426	0.00834	0.01277	0.01699	0.47998	0.04118	0.36213	0.01106	0.00580	0.00159	0.00239	0.00951	0.00505	0.00443
7	0.00641	0.00513	0.00582	0.00602	0.00750	0.00454	0.00477	0.00801	0.01154	0.01435	0.13170	0.04785	0.53745	0.01241	0.00602	0.00178	0.00292	0.17683	0.00465	0.00429
8	0.77946	0.00943	0.00751	0.00654	0.00971	0.01059	0.00537	0.01424	0.00854	0.02146	0.00703	0.00820	0.00551	0.00447	0.00310	0.00144	0.00379	0.00269	0.00303	0.08788
9	0.00928	0.00873	0.01474	0.81548	0.03385	0.01092	0.01365	0.01256	0.00983	0.01256	0.00873	0.01310	0.00655	0.00491	0.00491	0.00164	0.00655	0.00437	0.00218	0.00546
10	0.03578	0.00974	0.01196	0.00911	0.01301	0.00914	0.00750	0.20507	0.01560	0.48914	0.01582	0.01445	0.01043	0.00567	0.00472	0.00140	0.00439	0.00449	0.00530	0.12728
11	0.01222	0.01056	0.01111	0.01000	0.01278	0.01222	0.00778	0.02611	0.78776	0.02056	0.02000	0.01833	0.01500	0.00667	0.00500	0.00167	0.00389	0.00556	0.00500	0.00778
12	0.00780	0.00652	0.01066	0.00883	0.01069	0.00606	0.14582	0.01045	0.01349	0.01898	0.65105	0.03243	0.03927	0.00897	0.00580	0.00157	0.00341	0.00832	0.00488	0.00500
13	0.00684	0.00502	0.00641	0.00607	0.00727	0.00459	0.00455	0.00906	0.01365	0.01908	0.72193	0.03773	0.11888	0.01028	0.00580	0.00156	0.00233	0.00903	0.00533	0.00459
14	0.02069	0.01054	0.01275	0.00978	0.01363	0.01045	0.00808	0.32851	0.01771	0.49034	0.01633	0.01474	0.01063	0.00601	0.00493	0.00150	0.00468	0.00473	0.00561	0.00836
15	0.01216	0.01168	0.01995	0.03016	0.79664	0.01168	0.01508	0.01508	0.01119	0.01605	0.00924	0.01216	0.00778	0.00438	0.00487	0.00146	0.00584	0.00438	0.00243	0.00778
16	0.01130	0.01079	0.01819	0.16194	0.62096	0.01111	0.01417	0.01418	0.01096	0.01530	0.01153	0.01438	0.05364	0.00494	0.00493	0.00150	0.00576	0.00473	0.00252	0.00718
17	0.00999	0.02460	0.75830	0.01379	0.02080	0.01146	0.01759	0.01614	0.05318	0.01584	0.00943	0.01081	0.00671	0.00478	0.00469	0.00156	0.00708	0.00374	0.00224	0.00729
18	0.00643	0.00492	0.00589	0.00582	0.00706	0.00439	0.00430	0.00819	0.01242	0.01656	0.43665	0.13000	0.31652	0.01153	0.00585	0.00164	0.00244	0.01000	0.00501	0.00439
19	0.00620	0.00437	0.00564	0.00657	0.00681	0.00413	0.00427	0.00690	0.00900	0.01199	0.02497	0.67967	0.02983	0.16346	0.00969	0.00250	0.00320	0.01273	0.00427	0.00381
20	0.00700	0.00521	0.00768	0.00770	0.00851	0.00600	0.00590	0.00862	0.00789	0.01131	0.01367	0.04053	0.01316	0.08815	0.73618	0.00754	0.01235	0.00561	0.00270	0.00429
21	0.00672	0.00496	0.00625	0.00693	0.00783	0.00466	0.00529	0.00811	0.01048	0.01354	0.07585	0.28456	0.20699	0.08764	0.00800	0.00223	0.00344	0.24794	0.00446	0.00414
22	0.00874	0.00690	0.00801	0.00649	0.00889	0.00569	0.00462	0.00998	0.00894	0.01324	0.01248	0.06654	0.01295	0.33075	0.01226	0.00240	0.00404	0.00524	0.00303	0.46879
23	0.00847	0.00654	0.00758	0.00631	0.00831	0.00554	0.00436	0.00951	0.00865	0.01264	0.01302	0.06382	0.01382	0.40995	0.01431	0.00278	0.00415	0.00558	0.00303	0.39163
24	0.00715	0.00476	0.00536	0.00536	0.00536	0.00476	0.00298	0.00715	0.00715	0.00953	0.01548	0.03216	0.01787	0.82729	0.02501	0.00476	0.00476	0.00715	0.00298	0.00298
25	0.86201	0.00950	0.00722	0.00646	0.00950	0.01102	0.00532	0.01445	0.00836	0.02205	0.00684	0.00798	0.00532	0.00456	0.00304	0.00152	0.00380	0.00266	0.00304	0.00532
26	0.00706	0.00526	0.00618	0.00628	0.00744	0.00482	0.00448	0.00870	0.04043	0.02712	0.10707	0.26441	0.25444	0.13947	0.00882	0.00221	0.00318	0.04710	0.00435	0.05118
27	0.43577	0.00892	0.00934	0.00762	0.01105	0.00910	0.00629	0.01927	0.01126	0.41684	0.01321	0.01242	0.00879	0.00533	0.00401	0.00152	0.00399	0.00382	0.00458	0.00687
28	0.01637	0.00779	0.00928	0.00754	0.01031	0.00755	0.00609	0.14838	0.01412	0.35928	0.01676	0.01651	0.01168	0.00591	0.00434	0.00136	0.00364	0.00471	0.34150	0.00687
29	0.00826	0.00445	0.00667	0.00667	0.00683	0.00460	0.00460	0.00683	0.00667	0.00905	0.00936	0.01572	0.00921	0.02061	0.16027	0.70513	0.00586	0.00445	0.00222	0.00254
30	0.00612	0.00437	0.00585	0.00699	0.00734	0.00411	0.00479	0.00707	0.00954	0.01269	0.02701	0.77156	0.03221	0.01527	0.00631	0.00201	0.00297	0.06520	0.00456	0.00403
31	0.00854	0.00427	0.00640	0.00640	0.00640	0.00427	0.00427	0.00640	0.00640	0.00854	0.00854	0.01494	0.00854	0.01707	0.01921	0.85702	0.00427	0.00427	0.00213	0.00213
32	0.86201	0.00950	0.00722	0.00646	0.00950	0.01102	0.00532	0.01445	0.00836	0.02205	0.00684	0.00798	0.00532	0.00456	0.00304	0.00152	0.00380	0.00266	0.00304	0.00532
33	0.01222	0.01056	0.01111	0.01000	0.01278	0.01222	0.00778	0.02611	0.78776	0.02056	0.02000	0.01833	0.01500	0.00667	0.00500	0.00167	0.00389	0.00556	0.00500	0.00778
34	0.00597	0.00434	0.00563	0.00666	0.00708	0.00401	0.00448	0.00686	0.00958	0.01262	0.02928	0.74881	0.10635	0.01511	0.00623	0.00196	0.00282	0.01362	0.00456	0.00401
35	0.00711	0.00491	0.00610	0.00610	0.00636	0.00517	0.00391	0.00762	0.00737	0.01008	0.01480	0.02839	0.01623	0.59546	0.25461	0.00568	0.00723	0.00659	0.00288	0.00339
36	0.00581	0.00498	0.00498	0.00498	0.00664	0.00415	0.00373	0.00705	0.01120	0.01328	0.04978	0.04729	0.79464	0.01245	0.00581	0.00166	0.00249	0.01037	0.00456	0.00415
37	0.01688	0.25157	0.01727	0.01146	0.01446	0.58471	0.00919	0.01824	0.01281	0.01190	0.00738	0.00859	0.00632	0.00482	0.00407	0.00121	0.00784	0.00301	0.00241	0.00587
38	0.00928	0.00873	0.01474	0.81548	0.03385	0.01092	0.01365	0.01256	0.00983	0.01256	0.00873	0.01310	0.00655	0.00491	0.00491	0.00164	0.00655	0.00437	0.00218	0.00546
39	0.01592	0.01385	0.01967	0.03362	0.03928	0.06026	0.27505	0.41538	0.01776	0.04327	0.01097	0.01229	0.00797	0.00519	0.00519	0.00153	0.00661	0.00484	0.00384	0.00752
40	0.01401	0.06033	0.01504	0.33476	0.02241	0.32578	0.01116	0.08521	0.01252	0.01392	0.00833	0.01089	0.00661	0.00524	0.00528	0.00147	0.05481	0.00380	0.00256	0.00586
41	0.01112	0.01080	0.01871	0.28031	0.45250	0.01167	0.07222	0.01415	0.01059	0.01469	0.00899	0.01247	0.00729	0.00475	0.00554	0.00157	0.04899	0.00448	0.00234	0.00682
42	0.01376	0.19276	0.01696	0.03450	0.16095	0.02836	0.00986	0.14479	0.24485	0.04437	0.01250	0.01304	0.00973	0.00557	0.00510	0.00147	0.04609	0.00434	0.00364	0.00735
43	0.01565	0.46088	0.02077	0.00972	0.01380	0.01754	0.00883	0.36104	0.01592	0.02034	0.00908	0.00965	0.00723	0.00497	0.00395	0.00124	0.00532	0.00344	0.00338	0.00723
44	0.02039	0.01102	0.01305	0.01001	0.01387	0.01117	0.00827	0.39647	0.01852	0.42123	0.01565	0.01430	0.01029	0.00599	0.00493	0.00150	0.00479	0.00469	0.00551	0.00836
45	0.00793	0.00708	0.00980	0.15191	0.15429	0.00712	0.00782	0.01049	0.05354	0.01398	0.03144	0.10865	0.39793	0.00964	0.00548	0.00165	0.00392	0.00832	0.00379	0.00522
46	0.01769	0.02041	0.06023	0.01231	0.01547	0.51433	0.00994	0.22659	0.03399	0.01759	0.00908	0.01000	0.00708	0.00536	0.00477	0.00136	0.02042	0.00361	0.00321	0.00656
47	0.01534	0.00917	0.01132	0.00993	0.05488	0.00922	0.00749	0.23638	0.05554	0.25353	0.25783	0.02136	0.02162	0.00720	0.00520	0.00152	0.00403	0.00602	0.00528	0.00714
48	0.00591	0.00459	0.00537	0.00600	0.00691	0.00406	0.00419	0.00694	0.01022	0.01288	0.03735	0.47267	0.37729	0.01406	0.00606	0.00184	0.00269	0.01234	0.00456	0.00406
49	0.01487	0.01809	0.02120	0.01682	0.03545	0.39783	0.37344	0.01752	0.01263	0.01386	0.00871	0.01105	0.00689	0.00470	0.00535	0.00147	0.02699	0.00446	0.00250	0.00617
50	0.01221	0.01199	0.02015	0.05034	0.71357	0.03215	0.05695	0.01517	0.01125	0.01584	0.00923	0.01216	0.00770	0.00440	0.00491	0.00147	0.00607	0.00443	0.00243	0.00760
51	0.01008	0.02384	0.70144	0.01488	0.02184	0.01154	0.11696	0.01559	0.01053	0.01559	0.00896	0.01075	0.00639	0.00460	0.00482	0.00157	0.00740	0.00391	0.00213	0.00718
52	0.01994	0.01095	0.01291	0.00998	0.01379	0.01117	0.00822	0.36865	0.06348	0.40401	0.01597	0.01458	0.01060	0.00603	0.00493	0.00151	0.00472	0.00474	0.00549	0.00833
53	0.01119	0.01066	0.01769	0.10105	0.60069	0.01103	0.01357	0.01389	0.01092	0.01534	0.02853	0.01554	0.07240	0.00543	0.00559	0.00153	0.05029	0.00495	0.00263	0.00707
54	0.02205	0.00836	0.01140	0.00874	0.01254	0.00722	0.00722	0.02395	0.01407	0.80004	0.01939	0.01673	0.01216	0.00608	0.00494	0.00152	0.00418	0.00494	0.00608	0.00836
55	0.00592	0.00498	0.00513	0.00510	0.00671	0.00420	0.00382	0.00727	0.01146	0.01390	0.12190	0.04627	0.72214	0.01221	0.00581	0.00165	0.00247	0.01023	0.00465	0.00420
56	0.01431	0.01667	0.01876	0.07163	0.05086	0.34083	0.25870	0.01836	0.11373	0.01454	0.01010	0.01199	0.00790	0.00502	0.00527	0.00150	0.02621	0.00449	0.00280	0.00633
57	0.01017	0.06278	0.70681	0.01476	0.06363	0.01183	0.03228	0.01550	0.01043	0.01540	0.00877	0.01041	0.00634	0.00462	0.00463	0.00153	0.00711	0.00367	0.00210	0.00723
58	0.01071	0.01052	0.01652	0.48110	0.28276	0.05493	0.02950	0.01373	0.01053	0.01374	0.00922	0.02836	0.00747	0.00493	0.00492	0.00157	0.00641	0.00452	0.00234	0.00623
59	0.03145	0.03691	0.01930	0.05273	0.13702	0.31690	0.24330	0.01731	0.01236	0.05747	0.00937	0.01144	0.00731	0.00471	0.00488	0.00144	0.00756	0.00430	0.01782	0.00642

[dist]
# distance from previous block
# <min> <max>
0	5

[block]
# block no. 3 follows, 51 sequences, length 101
# corresponding to MSA columns:
# 740-790,793-842
name=unknown_D
#
# <colnr> <probs for GDERKNQSTAVLIFYWHMCP>
#	G	D	E	R	K	N	Q	S	T	A	V	L	I	F	Y	W	H	M	C	P
0	0.01421	0.00713	0.00811	0.00682	0.00915	0.00708	0.00544	0.14383	0.01346	0.22953	0.01622	0.01680	0.01177	0.00585	0.00409	0.00130	0.00332	0.00465	0.48502	0.00623
1	0.01259	0.01249	0.01953	0.02894	0.74221	0.06711	0.01469	0.01540	0.01138	0.01577	0.00913	0.01193	0.00768	0.00443	0.00483	0.00145	0.00605	0.00429	0.00244	0.00764
2	0.00593	0.00451	0.00546	0.00622	0.00697	0.00404	0.00429	0.00691	0.01000	0.01279	0.03462	0.56630	0.28542	0.01442	0.00612	0.00188	0.00273	0.01278	0.00456	0.00404
3	0.00598	0.00431	0.00566	0.00675	0.00710	0.00400	0.00452	0.00685	0.00950	0.01258	0.02826	0.78405	0.07179	0.01524	0.00625	0.00198	0.00283	0.01378	0.00456	0.00400
4	0.00661	0.00462	0.00562	0.00600	0.00634	0.00442	0.00382	0.00729	0.00905	0.01212	0.11781	0.33403	0.06698	0.37626	0.01454	0.00316	0.00362	0.01012	0.00396	0.00363
5	0.00715	0.00476	0.00536	0.00536	0.00536	0.00476	0.00298	0.00715	0.00715	0.00953	0.01548	0.03216	0.01787	0.82729	0.02501	0.00476	0.00476	0.00715	0.00298	0.00298
6	0.01019	0.00873	0.01019	0.00728	0.01165	0.00655	0.00582	0.01237	0.01019	0.01601	0.00873	0.01019	0.00728	0.00364	0.00364	0.00073	0.00364	0.00291	0.00291	0.85734
7	0.00986	0.02542	0.80183	0.01401	0.02127	0.01141	0.01816	0.01556	0.01038	0.01556	0.00882	0.01038	0.00623	0.00467	0.00467	0.00156	0.00726	0.00363	0.00208	0.00726
8	0.86201	0.00950	0.00722	0.00646	0.00950	0.01102	0.00532	0.01445	0.00836	0.02205	0.00684	0.00798	0.00532	0.00456	0.00304	0.00152	0.00380	0.00266	0.00304	0.00532
9	0.01219	0.01070	0.01203	0.01055	0.01344	0.01223	0.04752	0.02558	0.74775	0.02031	0.01948	0.01807	0.01461	0.00654	0.00504	0.00167	0.00412	0.00557	0.00487	0.00772
10	0.00928	0.00873	0.01474	0.81548	0.03385	0.01092	0.01365	0.01256	0.00983	0.01256	0.00873	0.01310	0.00655	0.00491	0.00491	0.00164	0.00655	0.00437	0.00218	0.00546
11	0.21555	0.01906	0.01245	0.01112	0.01379	0.53915	0.00855	0.07143	0.01305	0.01569	0.00768	0.00893	0.00624	0.00512	0.00453	0.00137	0.03452	0.00317	0.00281	0.00578
12	0.04391	0.02990	0.03219	0.01195	0.01560	0.14184	0.10210	0.32785	0.14599	0.02221	0.01269	0.01312	0.02738	0.00563	0.00482	0.00146	0.00589	0.00454	0.00397	0.04696
13	0.24017	0.01094	0.01454	0.01866	0.38479	0.01162	0.01065	0.14308	0.03160	0.02005	0.01044	0.06327	0.00899	0.00545	0.00448	0.00152	0.00498	0.00457	0.00321	0.00698
14	0.01164	0.46225	0.38061	0.01097	0.01657	0.01577	0.01287	0.01510	0.01016	0.01339	0.00774	0.00902	0.00627	0.00442	0.00385	0.00128	0.00617	0.00309	0.00209	0.00674
15	0.01307	0.01132	0.01339	0.04071	0.16564	0.02941	0.00954	0.14398	0.44606	0.02067	0.01695	0.01667	0.03800	0.00620	0.00497	0.00159	0.00466	0.00522	0.00433	0.00763
16	0.00599	0.00428	0.00570	0.00684	0.00713	0.00399	0.00456	0.00684	0.00941	0.01254	0.02709	0.82409	0.03250	0.01540	0.00627	0.00200	0.00285	0.01397	0.00456	0.00399
17	0.00599	0.00428	0.00570	0.00684	0.00713	0.00399	0.00456	0.00684	0.00941	0.01254	0.02709	0.82409	0.03250	0.01540	0.00627	0.00200	0.00285	0.01397	0.00456	0.00399
18	0.01063	0.00872	0.01023	0.00733	0.01168	0.00658	0.00587	0.01280	0.01033	0.04479	0.00913	0.01043	0.00746	0.00373	0.00369	0.00076	0.00366	0.00299	0.00303	0.82618
19	0.00715	0.00476	0.00536	0.00536	0.00536	0.00476	0.00298	0.00715	0.00715	0.00953	0.01548	0.03216	0.01787	0.82729	0.02501	0.00476	0.00476	0.00715	0.00298	0.00298
20	0.01216	0.01168	0.01995	0.03016	0.79664	0.01168	0.01508	0.01508	0.01119	0.01605	0.00924	0.01216	0.00778	0.00438	0.00487	0.00146	0.00584	0.00438	0.00243	0.00778
21	0.01216	0.01168	0.01995	0.03016	0.79664	0.01168	0.01508	0.01508	0.01119	0.01605	0.00924	0.01216	0.00778	0.00438	0.00487	0.00146	0.00584	0.00438	0.00243	0.00778
22	0.86201	0.00950	0.00722	0.00646	0.00950	0.01102	0.00532	0.01445	0.00836	0.02205	0.00684	0.00798	0.00532	0.00456	0.00304	0.00152	0.00380	0.00266	0.00304	0.00532
23	0.01705	0.01249	0.01362	0.01036	0.01432	0.01317	0.00852	0.59903	0.02018	0.05370	0.01155	0.01177	0.00835	0.00548	0.00465	0.00133	0.00499	0.00416	0.01859	0.16668
24	0.00715	0.00476	0.00536	0.00536	0.00536	0.00476	0.00298	0.00715	0.00715	0.00953	0.01548	0.03216	0.01787	0.82729	0.02501	0.00476	0.00476	0.00715	0.00298	0.00298
25	0.01075	0.01075	0.01505	0.01290	0.01290	0.01505	0.01075	0.01183	0.00753	0.01183	0.00645	0.01075	0.00645	0.00860	0.01613	0.00215	0.81830	0.00430	0.00215	0.00538
26	0.00628	0.00497	0.00564	0.00552	0.00694	0.00434	0.00412	0.00794	0.01223	0.01584	0.34811	0.06903	0.46844	0.01158	0.00582	0.00162	0.00243	0.00990	0.00490	0.00434
27	0.02205	0.00836	0.01140	0.00874	0.01254	0.00722	0.00722	0.02395	0.01407	0.80004	0.01939	0.01673	0.01216	0.00608	0.00494	0.00152	0.00418	0.00494	0.00608	0.00836
28	0.00623	0.00467	0.00579	0.00627	0.00713	0.00423	0.00445	0.00759	0.01104	0.01460	0.22943	0.41760	0.22107	0.01327	0.00605	0.00180	0.00266	0.02714	0.00478	0.00421
29	0.01166	0.01681	0.20880	0.01858	0.02392	0.06757	0.54721	0.01597	0.01147	0.01544	0.00952	0.01228	0.00709	0.00433	0.00544	0.00161	0.00809	0.00511	0.00239	0.00671
30	0.13153	0.01215	0.01299	0.01011	0.01384	0.01319	0.00834	0.54372	0.01945	0.14759	0.01240	0.01220	0.00864	0.00574	0.00463	0.00148	0.00493	0.00427	0.02493	0.00786
31	0.01197	0.01308	0.02580	0.02335	0.25989	0.03582	0.52362	0.01566	0.01154	0.01573	0.00966	0.01279	0.00752	0.00424	0.00547	0.00159	0.00756	0.00529	0.00247	0.00695
32	0.04808	0.00732	0.00801	0.00678	0.00907	0.00745	0.00540	0.16503	0.01347	0.17222	0.01548	0.01631	0.01139	0.00578	0.00400	0.00130	0.00333	0.00454	0.48897	0.00608
33	0.04113	0.00814	0.00939	0.00749	0.01053	0.00736	0.00579	0.01344	0.10566	0.04168	0.01253	0.01590	0.02711	0.12364	0.05212	0.00195	0.03144	0.00426	0.01556	0.46486
34	0.00590	0.00498	0.00511	0.00508	0.00670	0.00419	0.00381	0.00724	0.01142	0.01381	0.11107	0.04642	0.73303	0.01225	0.00581	0.00165	0.00248	0.01025	0.00463	0.00419
35	0.01160	0.01326	0.02900	0.02071	0.02568	0.01243	0.77879	0.01574	0.01160	0.01574	0.00994	0.01326	0.00746	0.00414	0.00580	0.00166	0.00829	0.00580	0.00249	0.00663
36	0.01019	0.00873	0.01019	0.00728	0.01165	0.00655	0.00582	0.01237	0.01019	0.01601	0.00873	0.01019	0.00728	0.00364	0.00364	0.00073	0.00364	0.00291	0.00291	0.85734
37	0.00682	0.00502	0.00638	0.00604	0.00726	0.00458	0.00453	0.00902	0.01360	0.01896	0.70749	0.03794	0.13339	0.01033	0.00580	0.00156	0.00234	0.00906	0.00531	0.00458
38	0.00692	0.00501	0.00652	0.00617	0.00732	0.00462	0.00462	0.00919	0.01378	0.01946	0.76674	0.04931	0.06147	0.01018	0.00580	0.00156	0.00233	0.00900	0.00538	0.00462
39	0.00636	0.00514	0.00569	0.00557	0.00709	0.00452	0.00422	0.00825	0.02943	0.01545	0.27687	0.04362	0.52613	0.01161	0.00581	0.00164	0.00252	0.03084	0.00483	0.00439
40	0.01868	0.01376	0.01475	0.01131	0.01524	0.01524	0.00934	0.78025	0.02311	0.03097	0.01180	0.01180	0.00836	0.00590	0.00492	0.00147	0.00541	0.00442	0.00492	0.00836
41	0.01158	0.01108	0.01890	0.18825	0.64309	0.01152	0.01479	0.01457	0.01092	0.01535	0.00914	0.01235	0.00754	0.00449	0.00487	0.00150	0.00598	0.00438	0.00238	0.00732
42	0.00702	0.00527	0.00790	0.00790	0.00878	0.00614	0.00614	0.00878	0.00790	0.01141	0.01316	0.01931	0.01229	0.03686	0.80782	0.00790	0.01316	0.00527	0.00263	0.00439
43	0.01325	0.01078	0.03432	0.01050	0.01258	0.03064	0.00863	0.24023	0.11515	0.05566	0.01160	0.01385	0.00938	0.01178	0.11091	0.09990	0.19637	0.00461	0.00359	0.00628
44	0.00714	0.00479	0.00548	0.00548	0.00552	0.00483	0.00313	0.00722	0.00718	0.00962	0.01538	0.03156	0.01761	0.79042	0.06153	0.00491	0.00516	0.00706	0.00296	0.00304
45	0.00653	0.00465	0.00625	0.00725	0.00772	0.00451	0.00523	0.00766	0.00957	0.01272	0.02531	0.56391	0.02953	0.07572	0.04788	0.00255	0.00386	0.17075	0.00434	0.00405
46	0.01445	0.43947	0.02122	0.01384	0.16507	0.24493	0.01001	0.01620	0.01135	0.01257	0.00752	0.00899	0.00660	0.00449	0.00385	0.00119	0.00641	0.00312	0.00229	0.00642
47	0.12233	0.20585	0.08888	0.04860	0.01554	0.01469	0.03399	0.33823	0.01558	0.05767	0.00988	0.01060	0.00736	0.00512	0.00427	0.00140	0.00543	0.00377	0.00360	0.00720
48	0.01193	0.05234	0.41961	0.01847	0.25413	0.12894	0.01557	0.01598	0.01113	0.01504	0.00869	0.01060	0.00671	0.00462	0.00463	0.00146	0.00699	0.00375	0.00225	0.00715
49	0.01438	0.01194	0.03245	0.15911	0.32323	0.09155	0.05166	0.01756	0.04535	0.18675	0.01170	0.01328	0.00864	0.00501	0.00490	0.00151	0.00598	0.00449	0.00330	0.00722
50	0.01224	0.01191	0.01961	0.05464	0.75058	0.03387	0.01488	0.01513	0.01122	0.01583	0.00918	0.01210	0.00770	0.00441	0.00485	0.00146	0.00595	0.00434	0.00243	0.00765
51	0.03354	0.00811	0.00861	0.00793	0.01017	0.00867	0.00618	0.08313	0.32061	0.01791	0.02990	0.06220	0.29802	0.01065	0.04280	0.00197	0.00393	0.03503	0.00463	0.00601
52	0.00715	0.00476	0.00536	0.00536	0.00536	0.00476	0.00298	0.00715	0.00715	0.00953	0.01548	0.03216	0.01787	0.82729	0.02501	0.00476	0.00476	0.00715	0.00298	0.00298
53	0.18306	0.01233	0.01304	0.46475	0.02458	0.19737	0.01100	0.01459	0.01049	0.01434	0.00809	0.01108	0.00625	0.00488	0.00442	0.00153	0.00654	0.00374	0.00244	0.00549
54	0.01006	0.00913	0.01347	0.36005	0.02228	0.00901	0.05894	0.02819	0.01038	0.01479	0.00887	0.01169	0.00700	0.00427	0.00436	0.00120	0.00524	0.00376	0.00261	0.41471
55	0.86201	0.00950	0.00722	0.00646	0.00950	0.01102	0.00532	0.01445	0.00836	0.02205	0.00684	0.00798	0.00532	0.00456	0.00304	0.00152	0.00380	0.00266	0.00304	0.00532
56	0.01096	0.01189	0.04777	0.05355	0.07199	0.01383	0.20513	0.01321	0.00902	0.01328	0.00772	0.01158	0.00679	0.00687	0.01179	0.00193	0.48982	0.00466	0.00225	0.00593
57	0.01846	0.01201	0.01163	0.00960	0.01272	0.19509	0.00762	0.08540	0.05087	0.41170	0.11746	0.01716	0.01509	0.00637	0.00493	0.00147	0.00512	0.00503	0.00501	0.00722
58	0.00596	0.00480	0.00531	0.00558	0.00683	0.00415	0.00403	0.00721	0.01099	0.01368	0.11325	0.24848	0.52653	0.01299	0.00593	0.00174	0.00257	0.01117	0.00464	0.00415
59	0.00581	0.00498	0.00498	0.00498	0.00664	0.00415	0.00373	0.00705	0.01120	0.01328	0.04978	0.04729	0.79464	0.01245	0.00581	0.00166	0.00249	0.01037	0.00456	0.00415
60	0.01190	0.01214	0.02021	0.06119	0.23889	0.04375	0.23295	0.04999	0.01083	0.01508	0.00881	0.01216	0.00734	0.00632	0.02653	0.00185	0.22629	0.00474	0.00248	0.00655
61	0.00587	0.00498	0.00506	0.00504	0.00667	0.00417	0.00378	0.00717	0.01134	0.01361	0.08815	0.04675	0.75607	0.01232	0.00581	0.00165	0.00248	0.01030	0.00461	0.00417
62	0.00605	0.00432	0.00577	0.00691	0.00722	0.00404	0.00467	0.00695	0.00947	0.01261	0.02705	0.79965	0.03237	0.01534	0.00629	0.00200	0.00290	0.03780	0.00456	0.00401
63	0.01019	0.00873	0.01019	0.00728	0.01165	0.00655	0.00582	0.01237	0.01019	0.01601	0.00873	0.01019	0.00728	0.00364	0.00364	0.00073	0.00364	0.00291	0.00291	0.85734
64	0.00976	0.02412	0.74656	0.01350	0.02044	0.01100	0.01725	0.01523	0.01050	0.01573	0.03739	0.01133	0.00772	0.00483	0.00468	0.00153	0.00696	0.00380	0.00222	0.03544
65	0.00637	0.00500	0.00575	0.00557	0.00698	0.00439	0.00417	0.00814	0.01252	0.01641	0.41280	0.04213	0.42967	0.01128	0.00580	0.00160	0.00241	0.00965	0.00498	0.00439
66	0.01533	0.01256	0.01407	0.01167	0.05455	0.04986	0.02051	0.42220	0.03857	0.02352	0.01045	0.01141	0.00797	0.00551	0.00568	0.00136	0.08253	0.00405	0.00392	0.20428
67	0.01272	0.00866	0.00940	0.00838	0.01086	0.00951	0.00654	0.02190	0.47624	0.12430	0.01886	0.01812	0.01398	0.00634	0.00457	0.00151	0.00350	0.00521	0.23238	0.00700
68	0.01546	0.09576	0.29497	0.01221	0.07827	0.01018	0.01177	0.01879	0.01211	0.35042	0.04277	0.01398	0.01041	0.00541	0.00469	0.00148	0.00545	0.00435	0.00394	0.00758
69	0.65650	0.01030	0.01004	0.01130	0.16179	0.02506	0.00741	0.03900	0.00947	0.02100	0.00748	0.00893	0.00591	0.00458	0.00348	0.00150	0.00433	0.00306	0.00297	0.00590
70	0.00774	0.00561	0.00755	0.00774	0.00865	0.00603	0.00585	0.06690	0.00985	0.01359	0.01870	0.26242	0.01997	0.07271	0.36374	0.00476	0.00790	0.08495	0.02082	0.00450
71	0.09767	0.01316	0.15103	0.01313	0.11799	0.01149	0.03221	0.07893	0.31236	0.06027	0.01573	0.01570	0.04703	0.00591	0.00478	0.00158	0.00492	0.00488	0.00391	0.00732
72	0.01164	0.01103	0.01854	0.07083	0.68375	0.01115	0.01412	0.01476	0.02701	0.01621	0.06463	0.01406	0.01058	0.00485	0.00494	0.00148	0.00559	0.00472	0.00268	0.00744
73	0.01205	0.41009	0.37406	0.01117	0.01669	0.03520	0.01286	0.05093	0.01087	0.01428	0.00798	0.00921	0.00637	0.00451	0.00395	0.00130	0.00626	0.00318	0.00223	0.00682
74	0.01359	0.61271	0.09420	0.00966	0.01380	0.12729	0.00952	0.02734	0.01071	0.01230	0.00719	0.00838	0.00634	0.00450	0.00382	0.00116	0.02612	0.00286	0.00220	0.00632
75	0.00675	0.00514	0.00635	0.00684	0.00807	0.00474	0.00546	0.00846	0.01140	0.01460	0.14282	0.14288	0.32204	0.01287	0.00621	0.00190	0.00324	0.28121	0.00467	0.00433
76	0.04310	0.36873	0.05724	0.01051	0.01490	0.05480	0.13313	0.01454	0.01046	0.01402	0.00798	0.00954	0.00671	0.00412	0.00385	0.00111	0.00554	0.00329	0.00244	0.23396
77	0.01453	0.01451	0.18062	0.01566	0.16290	0.05431	0.09651	0.12961	0.02460	0.17675	0.01276	0.05986	0.00985	0.00568	0.00499	0.00153	0.00594	0.00499	0.00364	0.02076
78	0.00596	0.00440	0.00557	0.00651	0.00704	0.00402	0.00441	0.00688	0.00973	0.01268	0.03113	0.68561	0.16837	0.01487	0.00619	0.00194	0.00279	0.01333	0.00456	0.00402
79	0.00674	0.00519	0.00603	0.00627	0.00768	0.00467	0.00489	0.00849	0.02420	0.02630	0.12593	0.12689	0.45155	0.01251	0.00603	0.00180	0.00297	0.16279	0.00468	0.00439
80	0.01196	0.21841	0.44612	0.01242	0.01822	0.01342	0.05932	0.05204	0.05122	0.05873	0.00970	0.01077	0.00720	0.00476	0.00441	0.00144	0.00640	0.00372	0.00261	0.00713
