[name]
unknown

[dist]
# distance from previous block
# <min> <max>
19	105

[block]
# block no. 0 follows, 47 sequences, length 15
# corresponding to MSA columns:
# 152-166
name=unknown_A
#
# <colnr> <probs for GDERKNQSTAVLIFYWHMCP>
#	G	D	E	R	K	N	Q	S	T	A	V	L	I	F	Y	W	H	M	C	P
0	0.01378	0.07131	0.01313	0.01127	0.08885	0.02282	0.00817	0.11977	0.07455	0.14012	0.15370	0.04512	0.03480	0.00821	0.03065	0.00172	0.02283	0.01652	0.00453	0.11814
1	0.01218	0.18269	0.16664	0.01273	0.08883	0.01277	0.04532	0.08277	0.09184	0.01748	0.01516	0.01595	0.09147	0.00584	0.00471	0.00141	0.00547	0.00474	0.00327	0.13876
2	0.01394	0.18980	0.01715	0.01344	0.14020	0.05074	0.05865	0.09633	0.02725	0.11621	0.07988	0.03795	0.12284	0.00703	0.00507	0.00152	0.00519	0.00589	0.00396	0.00695
3	0.01432	0.54052	0.08323	0.01080	0.01529	0.06094	0.07163	0.05496	0.01189	0.05131	0.00937	0.03758	0.00815	0.00514	0.00407	0.00130	0.00607	0.00380	0.00273	0.00688
4	0.01248	0.01055	0.05668	0.14640	0.04266	0.01038	0.09730	0.12064	0.11590	0.05766	0.03771	0.04929	0.01271	0.00635	0.00504	0.00159	0.00516	0.00558	0.19921	0.00672
5	0.01356	0.07775	0.13393	0.01215	0.07835	0.05026	0.02432	0.12596	0.01334	0.05663	0.01015	0.01139	0.00788	0.00470	0.00444	0.00120	0.00545	0.00372	0.00329	0.36153
6	0.00699	0.00528	0.00716	0.00738	0.00831	0.00554	0.00549	0.00849	0.00950	0.01288	0.04852	0.18249	0.16289	0.06718	0.43074	0.00553	0.00889	0.00862	0.00368	0.00445
7	0.01451	0.01213	0.01496	0.05608	0.01676	0.01348	0.09024	0.24865	0.38708	0.02406	0.05327	0.01738	0.01401	0.00660	0.00540	0.00170	0.00519	0.00565	0.00484	0.00800
8	0.00799	0.00741	0.00696	0.00672	0.00838	0.08969	0.00506	0.00963	0.01260	0.01543	0.22313	0.04057	0.45665	0.01385	0.07076	0.00223	0.00425	0.00934	0.00466	0.00472
9	0.01333	0.02304	0.57470	0.01383	0.02053	0.01252	0.01646	0.16412	0.01396	0.08293	0.01088	0.01184	0.00755	0.00533	0.00502	0.00163	0.00704	0.00413	0.00314	0.00802
10	0.00785	0.09260	0.00886	0.00720	0.00848	0.00643	0.00538	0.00945	0.01141	0.01573	0.23963	0.40316	0.03266	0.01330	0.03719	0.00202	0.00358	0.01064	0.03915	0.04528
11	0.09746	0.00580	0.00595	0.00576	0.00755	0.00531	0.00437	0.00890	0.01226	0.01676	0.22855	0.04286	0.51726	0.01166	0.00584	0.00171	0.00274	0.00972	0.00488	0.00466
12	0.01376	0.01210	0.05790	0.08199	0.04917	0.01230	0.09365	0.04282	0.44938	0.10255	0.01756	0.01725	0.01290	0.00630	0.00535	0.00173	0.00524	0.00554	0.00458	0.00795
13	0.01140	0.09129	0.33064	0.01173	0.01733	0.01131	0.04219	0.01623	0.07354	0.02921	0.01025	0.01162	0.00790	0.00484	0.00488	0.00134	0.02981	0.00380	0.00284	0.28784
14	0.01349	0.08989	0.33382	0.01507	0.13624	0.03858	0.01368	0.04547	0.01227	0.14350	0.01323	0.09833	0.01098	0.00639	0.00507	0.00162	0.00622	0.00530	0.00337	0.00750

[dist]
# distance from previous block
# <min> <max>
0	2

[block]
# block no. 1 follows, 47 sequences, length 49
# corresponding to MSA columns:
# 169-217
name=unknown_B
#
# <colnr> <probs for GDERKNQSTAVLIFYWHMCP>
#	G	D	E	R	K	N	Q	S	T	A	V	L	I	F	Y	W	H	M	C	P
0	0.01310	0.73340	0.02495	0.00852	0.01269	0.01888	0.00838	0.01473	0.01072	0.01245	0.01208	0.01280	0.08923	0.00538	0.00364	0.00118	0.00526	0.00366	0.00251	0.00644
1	0.18577	0.01184	0.04046	0.01192	0.08626	0.03834	0.00889	0.07114	0.28520	0.18346	0.01572	0.01513	0.01136	0.00607	0.00481	0.00165	0.00478	0.00477	0.00466	0.00779
2	0.01119	0.14137	0.54030	0.01272	0.01930	0.01242	0.01542	0.01593	0.01108	0.03137	0.02873	0.01142	0.00795	0.00491	0.00460	0.00145	0.00668	0.00376	0.00249	0.11692
3	0.05967	0.16106	0.10288	0.01019	0.03416	0.01077	0.00920	0.02110	0.01321	0.46062	0.04039	0.01521	0.01164	0.00587	0.00476	0.00151	0.00496	0.00459	0.00484	0.02338
4	0.00797	0.09203	0.00899	0.00670	0.00832	0.00654	0.00526	0.01026	0.01407	0.01943	0.64217	0.03653	0.10211	0.01019	0.00585	0.00159	0.00280	0.00884	0.00529	0.00506
5	0.00668	0.00477	0.00575	0.00649	0.00727	0.00435	0.00449	0.00789	0.01066	0.01433	0.05302	0.52205	0.21555	0.01431	0.00619	0.00192	0.00285	0.01267	0.09436	0.00435
6	0.01644	0.15978	0.13779	0.01199	0.08142	0.01146	0.02516	0.04513	0.04683	0.30144	0.01460	0.01454	0.01031	0.00563	0.00469	0.00149	0.00521	0.00451	0.09384	0.00774
7	0.00755	0.00549	0.00737	0.00844	0.00944	0.00531	0.00687	0.00940	0.01138	0.01475	0.03058	0.27967	0.11136	0.01483	0.00692	0.00225	0.00404	0.45495	0.00481	0.00459
8	0.00704	0.00537	0.00765	0.00988	0.09024	0.00510	0.00602	0.00818	0.01017	0.01369	0.02669	0.72837	0.03166	0.01507	0.00649	0.00205	0.00336	0.01372	0.00459	0.00466
9	0.01190	0.01124	0.01900	0.10356	0.62988	0.01143	0.01465	0.01480	0.01152	0.01626	0.01176	0.09819	0.01091	0.00594	0.00532	0.00163	0.00592	0.00572	0.00279	0.00758
10	0.01195	0.01045	0.03382	0.26111	0.09780	0.01143	0.03560	0.01927	0.28662	0.06514	0.01487	0.01666	0.01134	0.00947	0.08945	0.00242	0.00652	0.00525	0.00373	0.00708
11	0.00756	0.00530	0.00600	0.00601	0.00636	0.00530	0.00366	0.00836	0.03600	0.01117	0.02083	0.06644	0.10041	0.63138	0.06035	0.00462	0.00511	0.00807	0.00346	0.00359
12	0.00742	0.00507	0.00564	0.00564	0.00582	0.00498	0.00324	0.00756	0.00803	0.01052	0.02028	0.03579	0.10018	0.73144	0.02434	0.00470	0.00479	0.00794	0.00333	0.00329
13	0.00744	0.00499	0.00572	0.00585	0.00588	0.00496	0.00333	0.00754	0.00783	0.01044	0.01772	0.11703	0.02058	0.73178	0.02439	0.00474	0.00483	0.00834	0.00333	0.00327
14	0.01362	0.01261	0.02055	0.02984	0.70273	0.01278	0.01533	0.09592	0.01320	0.01870	0.01008	0.01285	0.00831	0.00481	0.00516	0.00155	0.00614	0.00465	0.00286	0.00831
15	0.01392	0.82012	0.02729	0.00891	0.01337	0.02061	0.00891	0.01559	0.01058	0.01225	0.00724	0.00835	0.00668	0.00446	0.00334	0.00111	0.00557	0.00278	0.00223	0.00668
16	0.01045	0.02694	0.79000	0.01484	0.02254	0.01209	0.01924	0.01649	0.01099	0.01649	0.00935	0.01099	0.00660	0.00495	0.00495	0.00165	0.00770	0.00385	0.00220	0.00770
17	0.01080	0.00926	0.01080	0.00771	0.01234	0.00694	0.00617	0.01311	0.01080	0.01697	0.00926	0.01080	0.00771	0.00386	0.00386	0.00077	0.00386	0.00309	0.00309	0.84882
18	0.00646	0.00475	0.00609	0.00711	0.00770	0.00438	0.00495	0.00753	0.01041	0.01357	0.03236	0.64251	0.15024	0.01570	0.00661	0.00208	0.00309	0.06536	0.00483	0.00430
19	0.01945	0.02482	0.01476	0.01342	0.01610	0.79608	0.01006	0.02079	0.01476	0.01275	0.00805	0.00939	0.00671	0.00537	0.00470	0.00134	0.00939	0.00335	0.00268	0.00604
20	0.01342	0.04124	0.01375	0.01339	0.11155	0.03990	0.00936	0.04952	0.60028	0.02088	0.01851	0.01763	0.01405	0.00658	0.00519	0.00169	0.00467	0.00549	0.00475	0.00813
21	0.00754	0.00519	0.00641	0.00641	0.00667	0.00545	0.00407	0.00804	0.00779	0.01064	0.01574	0.03036	0.01732	0.60447	0.23681	0.00596	0.00748	0.00703	0.00306	0.00356
22	0.00666	0.00478	0.00633	0.00703	0.00762	0.00444	0.00486	0.00805	0.01145	0.01565	0.26213	0.57345	0.03900	0.01456	0.00649	0.00197	0.00285	0.01313	0.00511	0.00444
23	0.01518	0.28713	0.07402	0.01462	0.04883	0.28270	0.17617	0.01768	0.01246	0.01386	0.00848	0.01031	0.00702	0.00479	0.00460	0.00139	0.00774	0.00386	0.00248	0.00667
24	0.00632	0.00465	0.00592	0.00694	0.00747	0.00426	0.00470	0.00729	0.01027	0.01341	0.03244	0.69506	0.15056	0.01583	0.00657	0.00206	0.00296	0.01421	0.00483	0.00426
25	0.85377	0.01007	0.00765	0.00685	0.01007	0.01168	0.00564	0.01531	0.00886	0.02336	0.00725	0.00846	0.00564	0.00483	0.00322	0.00161	0.00403	0.00282	0.00322	0.00564
26	0.01076	0.09767	0.72198	0.01431	0.02172	0.01285	0.01832	0.01641	0.01096	0.01611	0.00916	0.01076	0.00660	0.00490	0.00480	0.00160	0.00751	0.00375	0.00220	0.00761
27	0.00971	0.00485	0.00485	0.00485	0.00607	0.00485	0.00364	0.01213	0.01092	0.01942	0.01699	0.01942	0.01335	0.00607	0.00364	0.00121	0.00243	0.00485	0.84589	0.00485
28	0.01265	0.01207	0.02057	0.03092	0.75009	0.01211	0.01556	0.01569	0.01170	0.01679	0.00998	0.01322	0.00846	0.00617	0.04028	0.00185	0.00653	0.00468	0.00259	0.00809
29	0.01073	0.07243	0.71200	0.01481	0.02221	0.01264	0.05177	0.01645	0.01103	0.01625	0.00928	0.01098	0.00666	0.00489	0.00491	0.00162	0.00762	0.00389	0.00222	0.00761
30	0.00634	0.00453	0.00604	0.00725	0.00755	0.00423	0.00483	0.00725	0.00997	0.01329	0.02870	0.81358	0.03444	0.01632	0.00665	0.00211	0.00302	0.01480	0.00483	0.00423
31	0.01045	0.02694	0.79000	0.01484	0.02254	0.01209	0.01924	0.01649	0.01099	0.01649	0.00935	0.01099	0.00660	0.00495	0.00495	0.00165	0.00770	0.00385	0.00220	0.00770
32	0.01179	0.01885	0.35206	0.05453	0.36170	0.02619	0.06824	0.01623	0.01151	0.01654	0.00960	0.01213	0.00744	0.00479	0.00513	0.00161	0.00710	0.00438	0.00241	0.00779
33	0.00747	0.00545	0.00773	0.00773	0.00843	0.00616	0.00571	0.00889	0.00818	0.01161	0.01454	0.02371	0.01443	0.22493	0.61240	0.00758	0.01182	0.00606	0.00288	0.00429
34	0.01630	0.01163	0.01234	0.00996	0.01320	0.01281	0.00806	0.47630	0.11746	0.02793	0.01478	0.01519	0.01093	0.00631	0.00481	0.00150	0.00467	0.00489	0.22321	0.00774
35	0.00858	0.00681	0.00832	0.00893	0.03744	0.00705	0.00622	0.01363	0.22030	0.01700	0.14393	0.40900	0.05491	0.01234	0.00614	0.00192	0.00337	0.02352	0.00502	0.00560
36	0.01289	0.01237	0.02114	0.03196	0.78450	0.01237	0.01598	0.01598	0.01186	0.01701	0.00980	0.01289	0.00825	0.00464	0.00516	0.00155	0.00619	0.00464	0.00258	0.00825
37	0.01382	0.01047	0.01049	0.00844	0.01158	0.06545	0.00671	0.24658	0.01536	0.02243	0.01289	0.01425	0.00998	0.00548	0.00426	0.00121	0.00433	0.00422	0.29997	0.23208
38	0.00641	0.00475	0.00599	0.00681	0.00748	0.00433	0.00468	0.00754	0.01079	0.01417	0.10562	0.59449	0.17757	0.01518	0.00651	0.00200	0.00289	0.01356	0.00492	0.00433
39	0.16620	0.01154	0.01589	0.01992	0.37688	0.01205	0.01148	0.07166	0.05710	0.01930	0.00992	0.01204	0.00810	0.00515	0.00548	0.00152	0.06227	0.00416	0.00310	0.12626
40	0.01297	0.60301	0.23605	0.01053	0.01588	0.01828	0.01174	0.01584	0.01069	0.01341	0.00782	0.00908	0.00666	0.00459	0.00378	0.00126	0.00615	0.00308	0.00222	0.00696
41	0.10401	0.01972	0.01523	0.03256	0.01617	0.50072	0.05565	0.01823	0.01261	0.01406	0.00792	0.01006	0.00670	0.00596	0.00698	0.00158	0.15949	0.00373	0.00265	0.00599
42	0.01196	0.00702	0.00726	0.00644	0.00832	0.00737	0.00504	0.18053	0.01395	0.02241	0.01599	0.01787	0.01235	0.00611	0.00399	0.00129	0.00316	0.00482	0.65838	0.00575
43	0.01980	0.01459	0.01563	0.01198	0.01615	0.01615	0.00990	0.76713	0.02448	0.03282	0.01250	0.01250	0.00886	0.00625	0.00521	0.00156	0.00573	0.00469	0.00521	0.00886
44	0.00747	0.00544	0.00769	0.00769	0.00838	0.00614	0.00566	0.00886	0.00817	0.01158	0.01457	0.02392	0.01452	0.23698	0.60048	0.00752	0.01168	0.00609	0.00288	0.00427
45	0.01289	0.01237	0.02114	0.03196	0.78450	0.01237	0.01598	0.01598	0.01186	0.01701	0.00980	0.01289	0.00825	0.00464	0.00516	0.00155	0.00619	0.00464	0.00258	0.00825
46	0.02336	0.00886	0.01209	0.00927	0.01329	0.00765	0.00765	0.02538	0.01491	0.78810	0.02055	0.01773	0.01289	0.00645	0.00524	0.00161	0.00443	0.00524	0.00645	0.00886
47	0.00743	0.00542	0.00700	0.00662	0.00787	0.00505	0.00496	0.01007	0.03011	0.02056	0.73061	0.05711	0.06596	0.01077	0.00614	0.00165	0.00251	0.00951	0.00568	0.00495
48	0.01681	0.07227	0.01508	0.01250	0.01503	0.47013	0.00974	0.02088	0.16812	0.02984	0.01076	0.01178	0.00871	0.00615	0.00633	0.00154	0.11056	0.00402	0.00321	0.00654

[dist]
# distance from previous block
# <min> <max>
0	1

[block]
# block no. 2 follows, 47 sequences, length 21
# corresponding to MSA columns:
# 219-239
name=unknown_C
#
# <colnr> <probs for GDERKNQSTAVLIFYWHMCP>
#	G	D	E	R	K	N	Q	S	T	A	V	L	I	F	Y	W	H	M	C	P
0	0.07623	0.01406	0.01696	0.03578	0.34664	0.11612	0.01212	0.20485	0.03586	0.07517	0.01111	0.01255	0.00852	0.00535	0.00498	0.00154	0.00618	0.00443	0.00363	0.00792
1	0.01452	0.10745	0.01762	0.23598	0.17728	0.25592	0.01226	0.05228	0.05031	0.01509	0.00950	0.01187	0.00764	0.00520	0.00483	0.00150	0.00720	0.00409	0.00275	0.00673
2	0.77056	0.01154	0.00836	0.00750	0.01067	0.08991	0.00608	0.01586	0.00945	0.02231	0.00733	0.00855	0.00575	0.00489	0.00337	0.00158	0.00456	0.00287	0.00317	0.00568
3	0.01105	0.14051	0.64639	0.01474	0.05470	0.01333	0.01761	0.01634	0.01097	0.01590	0.00906	0.01070	0.00668	0.00486	0.00473	0.00157	0.00732	0.00373	0.00222	0.00757
4	0.00618	0.00517	0.00538	0.00554	0.00710	0.00437	0.00408	0.00744	0.01161	0.01396	0.04948	0.15424	0.68038	0.01362	0.00622	0.00181	0.00269	0.01151	0.00484	0.00437
5	0.00663	0.00529	0.00594	0.00577	0.00733	0.00460	0.00433	0.00839	0.01299	0.01673	0.33798	0.04573	0.49550	0.01219	0.00615	0.00171	0.00257	0.01038	0.00519	0.00460
6	0.85377	0.01007	0.00765	0.00685	0.01007	0.01168	0.00564	0.01531	0.00886	0.02336	0.00725	0.00846	0.00564	0.00483	0.00322	0.00161	0.00403	0.00282	0.00322	0.00564
7	0.00705	0.00525	0.00655	0.00635	0.00761	0.00476	0.00472	0.00916	0.01380	0.01894	0.57807	0.10078	0.19457	0.01159	0.00618	0.00170	0.00254	0.01015	0.00548	0.00476
8	0.00966	0.00738	0.00711	0.00676	0.00770	0.08021	0.00446	0.01053	0.02622	0.06612	0.02262	0.03291	0.15708	0.50099	0.03580	0.00386	0.00515	0.00755	0.00369	0.00420
9	0.00651	0.00476	0.00616	0.00714	0.00773	0.00441	0.00498	0.00764	0.01056	0.01389	0.06569	0.63141	0.12685	0.01554	0.00660	0.00207	0.00307	0.06579	0.00487	0.00432
10	0.01945	0.02482	0.01476	0.01342	0.01610	0.79608	0.01006	0.02079	0.01476	0.01275	0.00805	0.00939	0.00671	0.00537	0.00470	0.00134	0.00939	0.00335	0.00268	0.00604
11	0.70987	0.01023	0.00865	0.00744	0.01081	0.01153	0.00613	0.06486	0.01053	0.10699	0.00903	0.00973	0.00663	0.00510	0.00357	0.00161	0.00418	0.00320	0.00370	0.00620
12	0.00760	0.00585	0.00709	0.00770	0.00866	0.00586	0.00546	0.01108	0.14492	0.01527	0.06366	0.54693	0.10023	0.01409	0.00636	0.00201	0.00321	0.03408	0.00496	0.00500
13	0.00711	0.00541	0.00669	0.00731	0.00856	0.00499	0.00581	0.00884	0.01182	0.01507	0.10222	0.18995	0.31024	0.01397	0.00662	0.00205	0.00348	0.28040	0.00490	0.00456
14	0.01177	0.01165	0.01636	0.23725	0.22447	0.08610	0.03388	0.01476	0.03339	0.01477	0.01182	0.01920	0.01075	0.00703	0.00743	0.00183	0.13983	0.10844	0.00286	0.00642
15	0.01074	0.01018	0.01726	0.57537	0.25789	0.01181	0.01491	0.01410	0.01084	0.01441	0.00942	0.01359	0.00733	0.00504	0.00519	0.00168	0.00672	0.00463	0.00239	0.00652
16	0.01152	0.00969	0.01119	0.00806	0.01265	0.00768	0.00647	0.07386	0.01190	0.01825	0.00952	0.01094	0.00781	0.00405	0.00397	0.00084	0.00401	0.00321	0.00326	0.78115
17	0.01565	0.01174	0.01718	0.01437	0.08938	0.01149	0.16401	0.24832	0.01643	0.13886	0.08699	0.01595	0.01295	0.00583	0.00530	0.00150	0.00562	0.00529	0.00436	0.12880
18	0.01246	0.01088	0.08468	0.00876	0.01336	0.00788	0.00771	0.01597	0.06529	0.11971	0.03886	0.01334	0.01033	0.00477	0.00433	0.00107	0.00427	0.00386	0.00370	0.56881
19	0.17460	0.32611	0.01865	0.01015	0.01392	0.06347	0.06142	0.07675	0.14453	0.01831	0.03932	0.01223	0.00993	0.00540	0.00419	0.00144	0.00538	0.00400	0.00337	0.00684
20	0.01580	0.49875	0.13526	0.00987	0.01469	0.01608	0.01011	0.01820	0.01174	0.20902	0.01091	0.01111	0.00824	0.00503	0.00406	0.00132	0.00559	0.00356	0.00329	0.00738

[dist]
# distance from previous block
# <min> <max>
2	5

[block]
# block no. 3 follows, 47 sequences, length 127
# corresponding to MSA columns:
# 245-348,350-372
name=unknown_D
#
# <colnr> <probs for GDERKNQSTAVLIFYWHMCP>
#	G	D	E	R	K	N	Q	S	T	A	V	L	I	F	Y	W	H	M	C	P
0	0.01559	0.00778	0.01033	0.00947	0.03540	0.00734	0.00706	0.08985	0.01355	0.36366	0.02184	0.29757	0.01995	0.01211	0.06062	0.00225	0.00478	0.00856	0.00538	0.00692
1	0.04788	0.00912	0.01231	0.00996	0.03738	0.00809	0.00790	0.03971	0.01482	0.72583	0.01965	0.01719	0.01245	0.00634	0.00517	0.00161	0.00450	0.00513	0.00620	0.00875
2	0.01511	0.60557	0.04272	0.00947	0.01384	0.01836	0.00909	0.08192	0.06328	0.08326	0.00985	0.01034	0.00803	0.00497	0.00384	0.00125	0.00544	0.00340	0.00306	0.00719
3	0.09582	0.14283	0.01663	0.01274	0.08340	0.13574	0.00964	0.33515	0.04110	0.02315	0.03088	0.01190	0.00909	0.00564	0.00464	0.00145	0.00597	0.00413	0.00389	0.02621
4	0.00989	0.00520	0.00523	0.00517	0.00648	0.00530	0.00389	0.01298	0.05274	0.01954	0.01722	0.01942	0.01349	0.00612	0.00373	0.00124	0.00252	0.00491	0.79989	0.00504
5	0.01464	0.18337	0.21889	0.01447	0.07155	0.01294	0.14680	0.04139	0.01244	0.18494	0.01242	0.04244	0.00944	0.00551	0.00498	0.00156	0.00639	0.00483	0.00343	0.00757
6	0.01139	0.01139	0.01595	0.01367	0.01367	0.01595	0.01139	0.01253	0.00798	0.01253	0.00684	0.01139	0.00684	0.00911	0.01709	0.00228	0.80745	0.00456	0.00228	0.00570
7	0.01149	0.01083	0.07151	0.00871	0.01356	0.00772	0.02261	0.03246	0.01133	0.04589	0.00979	0.01118	0.00785	0.00411	0.00407	0.00091	0.00432	0.00332	0.00318	0.71516
8	0.01289	0.01237	0.02114	0.03196	0.78450	0.01237	0.01598	0.01598	0.01186	0.01701	0.00980	0.01289	0.00825	0.00464	0.00516	0.00155	0.00619	0.00464	0.00258	0.00825
9	0.00757	0.00505	0.00568	0.00568	0.00568	0.00505	0.00316	0.00757	0.00757	0.01010	0.01641	0.03408	0.01893	0.81698	0.02651	0.00505	0.00505	0.00757	0.00316	0.00316
10	0.01217	0.01176	0.02041	0.20465	0.57616	0.01224	0.05570	0.01542	0.01156	0.01616	0.00971	0.01317	0.00794	0.00475	0.00522	0.00160	0.00649	0.00472	0.00252	0.00763
11	0.01206	0.01145	0.01921	0.02876	0.68804	0.01137	0.01454	0.01491	0.01176	0.01661	0.01381	0.05929	0.06339	0.00587	0.00531	0.00159	0.00577	0.00564	0.00286	0.00776
12	0.00627	0.00528	0.00543	0.00540	0.00710	0.00444	0.00405	0.00770	0.01214	0.01471	0.12136	0.04906	0.71338	0.01295	0.00615	0.00175	0.00262	0.01084	0.00492	0.00444
13	0.00702	0.00501	0.00682	0.00802	0.00862	0.00481	0.00601	0.00842	0.01064	0.01405	0.02833	0.56444	0.03297	0.01568	0.00683	0.00221	0.00361	0.25728	0.00482	0.00442
14	0.09419	0.01241	0.01559	0.01194	0.01604	0.03681	0.10891	0.30665	0.04048	0.28179	0.01459	0.01421	0.00994	0.00594	0.00515	0.00161	0.00561	0.00489	0.00503	0.00822
15	0.00647	0.00462	0.00619	0.00740	0.00776	0.00434	0.00506	0.00747	0.01010	0.01344	0.02863	0.76630	0.03416	0.01619	0.00668	0.00213	0.00313	0.06082	0.00483	0.00427
16	0.00826	0.00584	0.00795	0.00895	0.00996	0.00584	0.00754	0.01026	0.01127	0.01469	0.02575	0.05472	0.02817	0.14537	0.01034	0.00283	0.00484	0.62837	0.00453	0.00453
17	0.01355	0.73473	0.10940	0.00955	0.01435	0.01969	0.01002	0.01569	0.01063	0.01271	0.00747	0.00864	0.00667	0.00451	0.00351	0.00117	0.00580	0.00290	0.00222	0.00679
18	0.00971	0.00892	0.01291	0.09000	0.01408	0.01182	0.00972	0.01131	0.00835	0.01238	0.00990	0.01553	0.00940	0.04194	0.29592	0.00449	0.42087	0.00502	0.00249	0.00526
19	0.00679	0.00526	0.00618	0.00604	0.00745	0.00465	0.00450	0.00867	0.01325	0.01754	0.42673	0.08417	0.36595	0.01204	0.00617	0.00172	0.00256	0.01038	0.00530	0.00465
20	0.01194	0.36756	0.46246	0.01230	0.01860	0.01575	0.01480	0.01611	0.01082	0.01467	0.00844	0.00986	0.00663	0.00474	0.00426	0.00142	0.00678	0.00339	0.00221	0.00726
21	0.03216	0.07831	0.57996	0.01423	0.02093	0.01270	0.06875	0.01759	0.07584	0.03642	0.01052	0.01185	0.00762	0.00509	0.00492	0.00163	0.00715	0.00412	0.00263	0.00761
22	0.01392	0.07813	0.02054	0.01894	0.19283	0.20486	0.18736	0.01680	0.03587	0.01492	0.01032	0.04167	0.00907	0.00601	0.00679	0.00165	0.11215	0.01865	0.00276	0.00676
23	0.00757	0.00505	0.00568	0.00568	0.00568	0.00505	0.00316	0.00757	0.00757	0.01010	0.01641	0.03408	0.01893	0.81698	0.02651	0.00505	0.00505	0.00757	0.00316	0.00316
24	0.01803	0.20423	0.01792	0.01279	0.03952	0.49601	0.00996	0.11416	0.01495	0.01531	0.00848	0.00966	0.00702	0.00525	0.00447	0.00132	0.00796	0.00343	0.00290	0.00661
25	0.00631	0.00523	0.00553	0.00556	0.00716	0.00445	0.00413	0.00774	0.01208	0.01483	0.13786	0.10175	0.64322	0.01310	0.00619	0.00177	0.00264	0.01107	0.00494	0.00445
26	0.00757	0.00505	0.00568	0.00568	0.00568	0.00505	0.00316	0.00757	0.00757	0.01010	0.01641	0.03408	0.01893	0.81698	0.02651	0.00505	0.00505	0.00757	0.00316	0.00316
27	0.01369	0.65700	0.15445	0.00992	0.01490	0.01870	0.01059	0.01611	0.01081	0.04193	0.00809	0.00915	0.00690	0.00461	0.00368	0.00122	0.00588	0.00305	0.00238	0.00693
28	0.00658	0.00484	0.00630	0.00712	0.00764	0.00459	0.00489	0.00771	0.01056	0.01414	0.11743	0.61924	0.09383	0.03135	0.02131	0.00220	0.01772	0.01338	0.00482	0.00434
29	0.00744	0.00558	0.00837	0.00837	0.00930	0.00651	0.00651	0.00930	0.00837	0.01209	0.01395	0.02046	0.01302	0.03906	0.79635	0.00837	0.01395	0.00558	0.00279	0.00465
30	0.01084	0.00938	0.01133	0.00809	0.01274	0.00711	0.02634	0.01321	0.01084	0.01696	0.00929	0.01089	0.00772	0.00387	0.00392	0.00080	0.00399	0.00317	0.00307	0.82646
31	0.08047	0.50434	0.07349	0.01025	0.01441	0.19821	0.00963	0.03203	0.01172	0.01393	0.00767	0.00886	0.00665	0.00476	0.00379	0.00125	0.00648	0.00303	0.00247	0.00656
32	0.00888	0.01395	0.28676	0.00965	0.01367	0.00854	0.01018	0.01410	0.13213	0.01680	0.10220	0.03023	0.31413	0.00904	0.00559	0.00171	0.00466	0.00748	0.00405	0.00623
33	0.01423	0.52154	0.17501	0.01089	0.01566	0.15800	0.01115	0.01670	0.01141	0.01317	0.00780	0.00906	0.00667	0.00472	0.00390	0.00126	0.00667	0.00310	0.00230	0.00677
34	0.00928	0.00830	0.06395	0.22734	0.01712	0.00776	0.00883	0.01267	0.06486	0.05837	0.19014	0.21596	0.05676	0.00966	0.00576	0.00178	0.00442	0.00851	0.02291	0.00561
35	0.00677	0.00526	0.00583	0.00592	0.00709	0.00481	0.00422	0.00786	0.01053	0.01311	0.05370	0.06444	0.45247	0.22369	0.06633	0.00311	0.00418	0.05228	0.00427	0.00412
36	0.00643	0.00465	0.00610	0.00718	0.00762	0.00432	0.00489	0.00747	0.01033	0.01371	0.06071	0.71921	0.07585	0.01586	0.00661	0.00208	0.00303	0.03480	0.00487	0.00428
37	0.01392	0.82012	0.02729	0.00891	0.01337	0.02061	0.00891	0.01559	0.01058	0.01225	0.00724	0.00835	0.00668	0.00446	0.00334	0.00111	0.00557	0.00278	0.00223	0.00668
38	0.56353	0.00858	0.00726	0.00652	0.00928	0.00950	0.00527	0.01486	0.00998	0.07511	0.02921	0.01404	0.04659	0.00573	0.00365	0.00154	0.00363	0.00395	0.17616	0.00563
39	0.01268	0.01216	0.02075	0.08556	0.73256	0.01232	0.01588	0.01580	0.01176	0.01676	0.00976	0.01296	0.00816	0.00468	0.00516	0.00156	0.00624	0.00464	0.00256	0.00808
40	0.00615	0.00528	0.00528	0.00528	0.00703	0.00440	0.00396	0.00747	0.01187	0.01407	0.05276	0.05012	0.78238	0.01319	0.00615	0.00176	0.00264	0.01099	0.00484	0.00440
41	0.00660	0.00482	0.00624	0.00715	0.00779	0.00447	0.00505	0.00782	0.01082	0.01428	0.10058	0.58346	0.12642	0.01525	0.00659	0.00205	0.00308	0.07826	0.00491	0.00436
42	0.01999	0.01427	0.01543	0.01183	0.01599	0.01568	0.00978	0.72654	0.02396	0.07415	0.01294	0.01279	0.00908	0.00626	0.00521	0.00157	0.00566	0.00472	0.00528	0.00886
43	0.00737	0.00532	0.00696	0.00655	0.00778	0.00491	0.00491	0.00983	0.01474	0.02088	0.78175	0.03890	0.04914	0.01065	0.00614	0.00164	0.00246	0.00942	0.00573	0.00491
44	0.01590	0.53555	0.02281	0.01052	0.01434	0.29808	0.00932	0.01745	0.01208	0.01243	0.00753	0.00872	0.00669	0.00478	0.00383	0.00120	0.00694	0.00299	0.00239	0.00645
45	0.01477	0.01204	0.01281	0.01083	0.01421	0.01353	0.00860	0.23581	0.52119	0.02464	0.01809	0.01700	0.01346	0.00666	0.00519	0.00165	0.00456	0.00540	0.00515	0.05441
46	0.01718	0.03805	0.07649	0.13444	0.01958	0.55571	0.01143	0.06004	0.01424	0.01422	0.00856	0.01036	0.00685	0.00534	0.00479	0.00143	0.00861	0.00365	0.00272	0.00630
47	0.00744	0.00558	0.00837	0.00837	0.00930	0.00651	0.00651	0.00930	0.00837	0.01209	0.01395	0.02046	0.01302	0.03906	0.79635	0.00837	0.01395	0.00558	0.00279	0.00465
48	0.00983	0.00926	0.01562	0.80447	0.03587	0.01157	0.01446	0.01331	0.01041	0.01331	0.00926	0.01388	0.00694	0.00521	0.00521	0.00174	0.00694	0.00463	0.00231	0.00579
49	0.85377	0.01007	0.00765	0.00685	0.01007	0.01168	0.00564	0.01531	0.00886	0.02336	0.00725	0.00846	0.00564	0.00483	0.00322	0.00161	0.00403	0.00282	0.00322	0.00564
50	0.00731	0.00504	0.00674	0.00777	0.00845	0.00492	0.00585	0.00884	0.01056	0.01445	0.02649	0.47808	0.03004	0.01606	0.04974	0.00246	0.00408	0.22693	0.08170	0.00447
51	0.85377	0.01007	0.00765	0.00685	0.01007	0.01168	0.00564	0.01531	0.00886	0.02336	0.00725	0.00846	0.00564	0.00483	0.00322	0.00161	0.00403	0.00282	0.00322	0.00564
52	0.00615	0.00528	0.00528	0.00528	0.00703	0.00440	0.00396	0.00747	0.01187	0.01407	0.05276	0.05012	0.78238	0.01319	0.00615	0.00176	0.00264	0.01099	0.00484	0.00440
53	0.02336	0.00886	0.01209	0.00927	0.01329	0.00765	0.00765	0.02538	0.01491	0.78810	0.02055	0.01773	0.01289	0.00645	0.00524	0.00161	0.00443	0.00524	0.00645	0.00886
54	0.85377	0.01007	0.00765	0.00685	0.01007	0.01168	0.00564	0.01531	0.00886	0.02336	0.00725	0.00846	0.00564	0.00483	0.00322	0.00161	0.00403	0.00282	0.00322	0.00564
55	0.00986	0.00885	0.01481	0.38819	0.14851	0.00989	0.05348	0.01285	0.01098	0.01464	0.01473	0.08827	0.01407	0.00836	0.02022	0.00197	0.00622	0.14620	0.02201	0.00590
56	0.00634	0.00453	0.00604	0.00725	0.00755	0.00423	0.00483	0.00725	0.00997	0.01329	0.02870	0.81358	0.03444	0.01632	0.00665	0.00211	0.00302	0.01480	0.00483	0.00423
57	0.01264	0.01083	0.01154	0.01053	0.01335	0.01247	0.00825	0.02650	0.72215	0.02135	0.02164	0.02216	0.01687	0.00757	0.00543	0.00181	0.00417	0.05748	0.00526	0.00800
58	0.01165	0.28835	0.51548	0.01310	0.01965	0.01494	0.03822	0.01620	0.01090	0.01510	0.00869	0.01021	0.00666	0.00477	0.00445	0.00148	0.00703	0.00357	0.00222	0.00734
59	0.01050	0.00971	0.01599	0.71638	0.08459	0.01184	0.01435	0.04855	0.01116	0.01446	0.00944	0.01375	0.00712	0.00522	0.00520	0.00171	0.00684	0.00463	0.00247	0.00609
60	0.01667	0.01036	0.01189	0.01012	0.01345	0.01106	0.00803	0.02685	0.50356	0.29551	0.02096	0.01882	0.01482	0.00684	0.00528	0.00171	0.00423	0.00566	0.00571	0.00846
61	0.00685	0.00513	0.00692	0.00750	0.00832	0.00519	0.00554	0.00827	0.00984	0.01315	0.02717	0.35585	0.14520	0.02381	0.28868	0.00431	0.00699	0.06273	0.00410	0.00445
62	0.01180	0.18532	0.43896	0.01525	0.02160	0.03337	0.19062	0.01646	0.01131	0.01558	0.00916	0.01113	0.00692	0.00473	0.00489	0.00156	0.00756	0.00415	0.00232	0.00729
63	0.00745	0.00554	0.00817	0.00817	0.00903	0.00640	0.00626	0.00917	0.00831	0.01194	0.01413	0.02148	0.01346	0.09756	0.73845	0.00812	0.01328	0.00573	0.00282	0.00454
64	0.01139	0.00653	0.00905	0.00931	0.01109	0.00626	0.00800	0.01371	0.01278	0.17417	0.07933	0.04894	0.02782	0.01250	0.00672	0.00218	0.00456	0.54483	0.00520	0.00564
65	0.01204	0.01068	0.01700	0.44419	0.18442	0.01213	0.05146	0.06672	0.09066	0.04310	0.01127	0.01430	0.00851	0.00535	0.00525	0.00169	0.00642	0.00486	0.00303	0.00692
66	0.07041	0.09497	0.39061	0.09386	0.02228	0.04916	0.13478	0.05504	0.01183	0.01696	0.00929	0.01135	0.00690	0.00492	0.00490	0.00160	0.00732	0.00414	0.00253	0.00714
67	0.01692	0.02051	0.01581	0.01494	0.06905	0.53853	0.02607	0.01839	0.01288	0.01307	0.00793	0.01021	0.00687	0.00620	0.00773	0.00159	0.20081	0.00379	0.00258	0.00613
68	0.24926	0.14232	0.01734	0.01394	0.10263	0.24405	0.09581	0.03388	0.01193	0.01700	0.00826	0.01001	0.00677	0.00498	0.00455	0.00148	0.02292	0.00364	0.00279	0.00645
69	0.00638	0.00534	0.00566	0.00574	0.00742	0.00462	0.00440	0.00780	0.01169	0.01407	0.04888	0.04909	0.68808	0.01469	0.04947	0.00216	0.00341	0.06193	0.00472	0.00444
70	0.01464	0.01531	0.01649	0.01966	0.33466	0.23651	0.01157	0.05681	0.01311	0.01662	0.00931	0.01135	0.00771	0.00474	0.00471	0.00130	0.00652	0.00389	0.00287	0.21221
71	0.00689	0.00508	0.00645	0.00657	0.00761	0.00464	0.00475	0.00873	0.01292	0.01766	0.45452	0.26941	0.15014	0.01269	0.00629	0.00180	0.00265	0.01124	0.00534	0.00464
72	0.00733	0.00551	0.00732	0.00765	0.00876	0.00560	0.00602	0.00909	0.01051	0.01395	0.08089	0.08139	0.19037	0.06669	0.28980	0.00447	0.00734	0.18868	0.00407	0.00454
73	0.01141	0.01145	0.01628	0.01386	0.01398	0.01589	0.02833	0.01263	0.00807	0.01263	0.00692	0.01145	0.00686	0.00901	0.01684	0.00227	0.78951	0.00459	0.00229	0.00573
74	0.00737	0.00532	0.00696	0.00655	0.00778	0.00491	0.00491	0.00983	0.01474	0.02088	0.78175	0.03890	0.04914	0.01065	0.00614	0.00164	0.00246	0.00942	0.00573	0.00491
75	0.00662	0.00474	0.00626	0.00732	0.00777	0.00446	0.00508	0.00769	0.01028	0.01366	0.05443	0.65898	0.05726	0.04960	0.00750	0.00224	0.00324	0.08381	0.00479	0.00427
76	0.00971	0.00485	0.00485	0.00485	0.00607	0.00485	0.00364	0.01213	0.01092	0.01942	0.01699	0.01942	0.01335	0.00607	0.00364	0.00121	0.00243	0.00485	0.84589	0.00485
77	0.01897	0.01417	0.01516	0.01181	0.01583	0.01576	0.00970	0.67735	0.11563	0.03148	0.01356	0.01334	0.00971	0.00635	0.00522	0.00159	0.00554	0.00483	0.00522	0.00878
78	0.01980	0.01459	0.01563	0.01198	0.01615	0.01615	0.00990	0.76713	0.02448	0.03282	0.01250	0.01250	0.00886	0.00625	0.00521	0.00156	0.00573	0.00469	0.00521	0.00886
79	0.01107	0.01091	0.01554	0.01326	0.01345	0.01491	0.03431	0.01225	0.00809	0.01248	0.00777	0.01324	0.00784	0.06566	0.03405	0.00258	0.70984	0.00484	0.00236	0.00554
80	0.00749	0.00539	0.00740	0.00740	0.00800	0.00598	0.00530	0.00868	0.00808	0.01137	0.01483	0.02536	0.01515	0.31916	0.51915	0.00717	0.01074	0.00630	0.00292	0.00411
81	0.01980	0.01459	0.01563	0.01198	0.01615	0.01615	0.00990	0.76713	0.02448	0.03282	0.01250	0.01250	0.00886	0.00625	0.00521	0.00156	0.00573	0.00469	0.00521	0.00886
82	0.02336	0.00886	0.01209	0.00927	0.01329	0.00765	0.00765	0.02538	0.01491	0.78810	0.02055	0.01773	0.01289	0.00645	0.00524	0.00161	0.00443	0.00524	0.00645	0.00886
83	0.00983	0.00926	0.01562	0.80447	0.03587	0.01157	0.01446	0.01331	0.01041	0.01331	0.00926	0.01388	0.00694	0.00521	0.00521	0.00174	0.00694	0.00463	0.00231	0.00579
84	0.00737	0.00532	0.00696	0.00655	0.00778	0.00491	0.00491	0.00983	0.01474	0.02088	0.78175	0.03890	0.04914	0.01065	0.00614	0.00164	0.00246	0.00942	0.00573	0.00491
85	0.00828	0.00577	0.00791	0.00903	0.01014	0.00574	0.00771	0.01053	0.01171	0.01562	0.02695	0.13131	0.02926	0.01400	0.00689	0.00229	0.00445	0.62451	0.06315	0.00474
86	0.01045	0.02694	0.79000	0.01484	0.02254	0.01209	0.01924	0.01649	0.01099	0.01649	0.00935	0.01099	0.00660	0.00495	0.00495	0.00165	0.00770	0.00385	0.00220	0.00770
87	0.01289	0.01237	0.02114	0.03196	0.78450	0.01237	0.01598	0.01598	0.01186	0.01701	0.00980	0.01289	0.00825	0.00464	0.00516	0.00155	0.00619	0.00464	0.00258	0.00825
88	0.00727	0.00533	0.00756	0.00851	0.00927	0.00512	0.02549	0.00883	0.01079	0.01425	0.02781	0.50817	0.03208	0.01528	0.00684	0.00221	0.00384	0.29207	0.00476	0.00451
89	0.51902	0.23084	0.01390	0.00822	0.01174	0.09790	0.00709	0.03270	0.01030	0.01944	0.00745	0.00862	0.00611	0.00482	0.00346	0.00145	0.00506	0.00291	0.00294	0.00604
90	0.00757	0.00505	0.00568	0.00568	0.00568	0.00505	0.00316	0.00757	0.00757	0.01010	0.01641	0.03408	0.01893	0.81698	0.02651	0.00505	0.00505	0.00757	0.00316	0.00316
91	0.01265	0.01255	0.06412	0.01449	0.06809	0.02684	0.03153	0.03987	0.10104	0.05776	0.01036	0.01375	0.00886	0.00798	0.01239	0.00204	0.48722	0.01882	0.00304	0.00660
92	0.01065	0.02566	0.72087	0.01618	0.07550	0.01214	0.03453	0.01646	0.01108	0.01653	0.00940	0.01119	0.00674	0.00491	0.00499	0.00164	0.00761	0.00395	0.00223	0.00772
93	0.00737	0.00532	0.00696	0.00655	0.00778	0.00491	0.00491	0.00983	0.01474	0.02088	0.78175	0.03890	0.04914	0.01065	0.00614	0.00164	0.00246	0.00942	0.00573	0.00491
94	0.00749	0.00537	0.00730	0.00730	0.00785	0.00593	0.00517	0.00861	0.00805	0.01129	0.01493	0.02589	0.01538	0.34955	0.48908	0.00704	0.01040	0.00638	0.00294	0.00405
95	0.01289	0.01269	0.03352	0.40191	0.15444	0.07906	0.08307	0.12801	0.01332	0.01718	0.00985	0.01309	0.00751	0.00520	0.00524	0.00164	0.00703	0.00466	0.00285	0.00683
96	0.00691	0.00493	0.00669	0.00789	0.00844	0.00471	0.00581	0.00822	0.01052	0.01392	0.02839	0.60670	0.03322	0.01579	0.00680	0.00219	0.00351	0.21615	0.00482	0.00438
97	0.01444	0.03368	0.01681	0.01414	0.07277	0.30365	0.14168	0.01678	0.01260	0.01518	0.00935	0.02444	0.00784	0.00479	0.00470	0.00124	0.00698	0.00403	0.00283	0.29206
98	0.00749	0.00539	0.00743	0.00743	0.00803	0.00600	0.00533	0.00869	0.00809	0.01139	0.01481	0.02523	0.01509	0.31150	0.52673	0.00721	0.01083	0.00628	0.00292	0.00413
99	0.01955	0.08838	0.01421	0.00988	0.01366	0.02990	0.02809	0.17602	0.01629	0.42937	0.08534	0.01738	0.01444	0.00650	0.00510	0.00154	0.00482	0.00523	0.02623	0.00808
100	0.01361	0.74812	0.09652	0.00945	0.01420	0.01983	0.00985	0.01568	0.01062	0.01264	0.00743	0.00859	0.00668	0.00450	0.00349	0.00116	0.00576	0.00288	0.00223	0.00677
101	0.00744	0.00558	0.00837	0.00837	0.00930	0.00651	0.00651	0.00930	0.00837	0.01209	0.01395	0.02046	0.01302	0.03906	0.79635	0.00837	0.01395	0.00558	0.00279	0.00465
102	0.01080	0.01000	0.01669	0.09186	0.44956	0.01023	0.03962	0.01340	0.01142	0.01602	0.06719	0.18233	0.01639	0.00769	0.00597	0.00172	0.03190	0.00715	0.00324	0.00683
103	0.00851	0.00668	0.00854	0.00716	0.00951	0.00568	0.01772	0.01096	0.01348	0.01960	0.53001	0.02979	0.03564	0.00844	0.00543	0.00137	0.00299	0.00740	0.00486	0.26621
104	0.01600	0.24205	0.03415	0.01371	0.01725	0.38095	0.14300	0.01803	0.01267	0.01335	0.00821	0.01008	0.00692	0.00517	0.00537	0.00142	0.05898	0.00377	0.00251	0.00640
105	0.70313	0.11391	0.01053	0.00746	0.01081	0.05398	0.00629	0.01563	0.00939	0.02139	0.00729	0.00850	0.00583	0.00481	0.00332	0.00153	0.00451	0.00284	0.00307	0.00579
106	0.01097	0.02410	0.64882	0.01642	0.09138	0.01191	0.05396	0.01650	0.01131	0.03375	0.02739	0.01210	0.00792	0.00506	0.00506	0.00164	0.00742	0.00419	0.00243	0.00768
107	0.01040	0.00983	0.01562	0.01230	0.01509	0.06285	0.25651	0.01379	0.03772	0.03789	0.43095	0.02752	0.03065	0.00800	0.00599	0.00166	0.00513	0.00770	0.00450	0.00589
108	0.00755	0.00559	0.00714	0.00657	0.00806	0.00503	0.00495	0.00994	0.01433	0.02028	0.69229	0.03750	0.08233	0.01030	0.00598	0.00158	0.00256	0.00906	0.00550	0.06344
109	0.00726	0.00498	0.00571	0.00592	0.00609	0.00486	0.00350	0.00751	0.00828	0.01092	0.02103	0.16855	0.07455	0.62424	0.02170	0.00432	0.00453	0.00905	0.00356	0.00343
110	0.01277	0.16631	0.08636	0.04017	0.36131	0.01331	0.06515	0.01680	0.07241	0.03798	0.02601	0.01349	0.00957	0.00507	0.00481	0.00150	0.00590	0.00455	0.04901	0.00752
111	0.01080	0.00926	0.01080	0.00771	0.01234	0.00694	0.00617	0.01311	0.01080	0.01697	0.00926	0.01080	0.00771	0.00386	0.00386	0.00077	0.00386	0.00309	0.00309	0.84882
112	0.04120	0.03964	0.26391	0.01241	0.05858	0.01041	0.01198	0.07061	0.01382	0.40256	0.01504	0.01441	0.00995	0.00575	0.00502	0.00160	0.00569	0.00458	0.00457	0.00830
113	0.01417	0.01365	0.16531	0.01829	0.24534	0.01045	0.08920	0.01741	0.01212	0.20160	0.01380	0.08016	0.01111	0.00620	0.00573	0.00164	0.03482	0.00555	0.00364	0.04981
114	0.01080	0.00926	0.01080	0.00771	0.01234	0.00694	0.00617	0.01311	0.01080	0.01697	0.00926	0.01080	0.00771	0.00386	0.00386	0.00077	0.00386	0.00309	0.00309	0.84882
115	0.01139	0.01139	0.01595	0.01367	0.01367	0.01595	0.01139	0.01253	0.00798	0.01253	0.00684	0.01139	0.00684	0.00911	0.01709	0.00228	0.80745	0.00456	0.00228	0.00570
116	0.00827	0.00609	0.00820	0.00860	0.06202	0.00580	0.00588	0.01119	0.04765	0.03652	0.62576	0.09002	0.04304	0.01038	0.00605	0.00167	0.00287	0.00922	0.00545	0.00533
117	0.21331	0.00921	0.01114	0.02697	0.01308	0.00882	0.00736	0.02286	0.03455	0.57356	0.01725	0.01556	0.01117	0.00606	0.00478	0.00162	0.00439	0.00469	0.00558	0.00804
118	0.01216	0.00636	0.00812	0.00738	0.00948	0.00564	0.00575	0.01400	0.01322	0.26124	0.20531	0.13962	0.19910	0.01078	0.00593	0.00176	0.00335	0.05794	0.02690	0.00595
119	0.01064	0.01044	0.01889	0.60658	0.04961	0.01203	0.17106	0.03134	0.01116	0.01454	0.00961	0.01387	0.00721	0.00505	0.00540	0.00173	0.00728	0.00495	0.00245	0.00617
120	0.00667	0.00548	0.00590	0.00581	0.00748	0.00480	0.00439	0.00866	0.03539	0.01579	0.20725	0.04699	0.58522	0.01249	0.00615	0.00175	0.00269	0.02742	0.00504	0.00463
121	0.00695	0.00494	0.00664	0.00777	0.00829	0.00473	0.00567	0.00819	0.01037	0.01372	0.02774	0.57420	0.03243	0.05963	0.00788	0.00235	0.00359	0.20587	0.00473	0.00432
122	0.01274	0.00794	0.00957	0.00838	0.01080	0.00800	0.00654	0.01884	0.24873	0.19789	0.35023	0.02836	0.05255	0.00865	0.00567	0.00167	0.00343	0.00741	0.00574	0.00683
123	0.01285	0.01249	0.02180	0.03127	0.73196	0.01243	0.06799	0.01603	0.01189	0.01699	0.00985	0.01297	0.00822	0.00462	0.00522	0.00156	0.00637	0.00474	0.00258	0.00816
124	0.01015	0.02061	0.51777	0.23196	0.02550	0.01158	0.03303	0.01525	0.01107	0.01586	0.05161	0.01338	0.00905	0.00532	0.00511	0.00167	0.00722	0.00442	0.00243	0.00700
125	0.00661	0.00503	0.00610	0.00647	0.00753	0.00451	0.00466	0.00811	0.01193	0.01565	0.23916	0.33489	0.28432	0.01371	0.00636	0.00188	0.00279	0.03075	0.00508	0.00448
126	0.15268	0.26337	0.08269	0.01066	0.01490	0.03473	0.08408	0.05886	0.04281	0.14995	0.05017	0.01301	0.01033	0.00543	0.00442	0.00147	0.00551	0.00421	0.00363	0.00708

[dist]
# distance from previous block
# <min> <max>
0	14

# created by:
# /st0/software/busco_prod/Augustus/scripts/msa2prfl.pl ./align_prep/51018.fa
