[name]
unknown

[dist]
# distance from previous block
# <min> <max>
3	52

[block]
# block no. 0 follows, 42 sequences, length 34
# corresponding to MSA columns:
# 66-99
name=unknown_A
#
# <colnr> <probs for GDERKNQSTAVLIFYWHMCP>
#	G	D	E	R	K	N	Q	S	T	A	V	L	I	F	Y	W	H	M	C	P
0	0.01326	0.01081	0.01749	0.54002	0.15940	0.01244	0.01489	0.05182	0.01277	0.09618	0.01156	0.01519	0.00852	0.00572	0.00562	0.00182	0.00701	0.00508	0.00317	0.00722
1	0.01320	0.03878	0.04587	0.21496	0.02313	0.08920	0.16852	0.04864	0.01268	0.04292	0.01261	0.04139	0.01060	0.06377	0.00813	0.00205	0.06090	0.00575	0.09035	0.00657
2	0.00785	0.00544	0.00666	0.00707	0.00791	0.00501	0.00481	0.00901	0.01161	0.04012	0.14230	0.37466	0.17235	0.16561	0.01105	0.00272	0.00357	0.01252	0.00508	0.00466
3	0.04010	0.01098	0.01512	0.14123	0.01752	0.01456	0.01138	0.04056	0.01020	0.01596	0.00965	0.01395	0.00846	0.00840	0.01326	0.00215	0.49213	0.00493	0.12330	0.00616
4	0.01300	0.00946	0.01063	0.00967	0.01208	0.02450	0.00736	0.12351	0.20387	0.08958	0.10447	0.26032	0.05763	0.01105	0.00622	0.00192	0.00421	0.00954	0.00556	0.03541
5	0.05411	0.01417	0.02981	0.01189	0.01548	0.07996	0.00970	0.26495	0.28610	0.07090	0.01826	0.03459	0.01444	0.00778	0.00571	0.00184	0.00565	0.06091	0.00530	0.00846
6	0.12939	0.01148	0.01468	0.04501	0.01623	0.02342	0.07093	0.12931	0.01509	0.24422	0.05236	0.01651	0.02439	0.00668	0.00640	0.00170	0.07209	0.00522	0.00479	0.11008
7	0.04257	0.01049	0.01177	0.03452	0.01349	0.05722	0.00793	0.14313	0.01626	0.20451	0.17798	0.02411	0.07511	0.00970	0.03963	0.00201	0.03230	0.00658	0.03364	0.05704
8	0.01314	0.00926	0.01137	0.07540	0.01418	0.06107	0.03300	0.07216	0.02660	0.14537	0.21639	0.17841	0.04313	0.01134	0.02231	0.01498	0.00498	0.03522	0.00525	0.00645
9	0.05031	0.01057	0.01500	0.01217	0.03972	0.00984	0.10387	0.02169	0.11967	0.30460	0.01753	0.03925	0.01297	0.02696	0.03120	0.00195	0.00558	0.00568	0.00502	0.16639
10	0.01951	0.00831	0.01122	0.00904	0.01239	0.00729	0.00729	0.02184	0.01605	0.52244	0.26862	0.02675	0.02694	0.00847	0.00598	0.00175	0.00408	0.00716	0.00671	0.00816
11	0.01334	0.01277	0.02178	0.16951	0.63676	0.01322	0.01698	0.01675	0.01253	0.01767	0.01048	0.01412	0.00866	0.00512	0.00558	0.00171	0.00683	0.00501	0.00273	0.00844
12	0.01035	0.00868	0.01283	0.01716	0.29082	0.00823	0.00969	0.01272	0.01325	0.04509	0.14048	0.09357	0.26258	0.01046	0.00630	0.00185	0.00445	0.04040	0.00452	0.00656
13	0.00816	0.00555	0.00663	0.00663	0.00680	0.00572	0.00403	0.00850	0.00833	0.01128	0.01728	0.03432	0.01937	0.67279	0.15659	0.00607	0.00709	0.00782	0.00334	0.00368
14	0.01316	0.00807	0.01054	0.01021	0.05604	0.00780	0.00749	0.04591	0.08481	0.18209	0.37498	0.03461	0.06010	0.01004	0.00634	0.00184	0.00388	0.06921	0.00597	0.00691
15	0.01484	0.74206	0.05385	0.01052	0.01549	0.02158	0.04571	0.01694	0.01154	0.01362	0.00807	0.00942	0.00728	0.00483	0.00381	0.00126	0.00626	0.00322	0.00243	0.00728
16	0.01475	0.01189	0.01599	0.28175	0.08385	0.01372	0.01225	0.22719	0.09260	0.04908	0.01326	0.01644	0.01033	0.04690	0.03719	0.00229	0.05354	0.00538	0.00398	0.00762
17	0.01129	0.02911	0.77306	0.01604	0.02436	0.01307	0.02079	0.01782	0.01188	0.01782	0.01010	0.01188	0.00713	0.00535	0.00535	0.00178	0.00832	0.00416	0.00238	0.00832
18	0.02102	0.02682	0.01595	0.01450	0.01740	0.77963	0.01087	0.02247	0.01595	0.01377	0.00870	0.01015	0.00725	0.00580	0.00507	0.00145	0.01015	0.00362	0.00290	0.00652
19	0.01298	0.30750	0.02623	0.01684	0.09841	0.01558	0.26998	0.01593	0.01237	0.01582	0.01545	0.05865	0.07416	0.00662	0.00547	0.00166	0.00688	0.02929	0.00308	0.00712
20	0.00903	0.00728	0.01009	0.00954	0.01005	0.00889	0.00724	0.01033	0.00872	0.01259	0.01407	0.02387	0.01429	0.23896	0.40853	0.00661	0.18569	0.00636	0.00300	0.00484
21	0.02525	0.00958	0.01306	0.01001	0.01437	0.00827	0.00827	0.02743	0.01611	0.77102	0.02220	0.01915	0.01393	0.00697	0.00566	0.00174	0.00479	0.00566	0.00697	0.00958
22	0.01432	0.01302	0.01625	0.01375	0.01490	0.04239	0.01132	0.17624	0.01302	0.01868	0.01019	0.04786	0.00942	0.00927	0.01420	0.00221	0.53086	0.00542	0.02987	0.00682
23	0.17577	0.08129	0.03336	0.01375	0.06513	0.05257	0.09528	0.19625	0.03472	0.17907	0.01323	0.01367	0.00947	0.00594	0.00514	0.00169	0.00615	0.00475	0.00451	0.00824
24	0.00743	0.00573	0.00678	0.00652	0.00808	0.00508	0.00489	0.00958	0.01466	0.01955	0.47472	0.04700	0.34441	0.01263	0.00664	0.00182	0.00274	0.01087	0.00580	0.00508
25	0.00686	0.00490	0.00653	0.00784	0.00816	0.00457	0.00522	0.00784	0.01077	0.01437	0.03102	0.79855	0.03722	0.01763	0.00718	0.00229	0.00326	0.01600	0.00522	0.00457
26	0.01251	0.01372	0.15460	0.18427	0.04344	0.01134	0.09319	0.09110	0.03923	0.05889	0.07756	0.05787	0.01712	0.00816	0.00615	0.00194	0.00655	0.11119	0.00400	0.00715
27	0.01560	0.16412	0.15028	0.04679	0.05280	0.25085	0.11990	0.01990	0.07842	0.01606	0.01052	0.01233	0.00837	0.00560	0.00550	0.00162	0.02657	0.00443	0.00293	0.00740
28	0.01676	0.01262	0.01489	0.04538	0.01635	0.01364	0.03892	0.47432	0.02213	0.02993	0.20477	0.02262	0.02130	0.00814	0.00600	0.00176	0.00545	0.03139	0.00551	0.00811
29	0.01141	0.00819	0.01241	0.09961	0.01562	0.00799	0.08829	0.05847	0.01308	0.10570	0.06980	0.38812	0.02553	0.01173	0.00646	0.00198	0.00481	0.01070	0.00483	0.05528
30	0.01226	0.01156	0.01725	0.02349	0.42232	0.05862	0.03695	0.03058	0.01293	0.01753	0.04675	0.21668	0.01883	0.00903	0.00613	0.00187	0.00589	0.04030	0.00372	0.00732
31	0.01192	0.01259	0.09683	0.01271	0.09691	0.00932	0.03496	0.01594	0.06204	0.01881	0.04464	0.01404	0.01086	0.00497	0.00475	0.00118	0.00503	0.00423	0.00344	0.53483
32	0.03826	0.00872	0.04907	0.05913	0.07352	0.00869	0.05777	0.01206	0.01049	0.01534	0.07606	0.02129	0.01554	0.02895	0.49185	0.00634	0.01185	0.00608	0.00320	0.00580
33	0.07663	0.01470	0.05662	0.01833	0.07397	0.05022	0.33313	0.06219	0.01360	0.08579	0.01155	0.01393	0.00870	0.00547	0.00656	0.00174	0.05963	0.00535	0.00343	0.09847

[dist]
# distance from previous block
# <min> <max>
7	29

[block]
# block no. 1 follows, 42 sequences, length 18
# corresponding to MSA columns:
# 129-146
name=unknown_B
#
# <colnr> <probs for GDERKNQSTAVLIFYWHMCP>
#	G	D	E	R	K	N	Q	S	T	A	V	L	I	F	Y	W	H	M	C	P
0	0.07712	0.03081	0.01389	0.03553	0.04900	0.07565	0.09869	0.03854	0.01244	0.06469	0.07987	0.06503	0.06291	0.03731	0.00905	0.13804	0.00562	0.00636	0.00381	0.09565
1	0.09273	0.02905	0.09673	0.06862	0.07177	0.04514	0.02305	0.13902	0.08009	0.03683	0.01319	0.01481	0.01009	0.00606	0.00532	0.00160	0.02964	0.00470	0.15582	0.07574
2	0.09474	0.13492	0.04701	0.09195	0.12264	0.27661	0.01154	0.04407	0.04202	0.01703	0.01018	0.01222	0.00830	0.00653	0.02499	0.00175	0.00766	0.00411	0.03469	0.00707
3	0.08574	0.09140	0.03659	0.00969	0.01299	0.01096	0.00820	0.10322	0.01501	0.27419	0.13125	0.05703	0.01885	0.03476	0.00694	0.00186	0.05053	0.00627	0.03699	0.00754
4	0.01702	0.18050	0.09559	0.01417	0.05654	0.06866	0.05592	0.24600	0.12581	0.04888	0.01292	0.01358	0.00980	0.00614	0.00550	0.00164	0.02404	0.00475	0.00413	0.00843
5	0.01239	0.01016	0.04598	0.00916	0.01290	0.00848	0.00751	0.02798	0.13773	0.08768	0.01958	0.08717	0.06729	0.05350	0.00662	0.00168	0.00444	0.03148	0.00442	0.36385
6	0.01469	0.12429	0.37756	0.04479	0.06862	0.01347	0.04294	0.03805	0.03829	0.14819	0.02883	0.01414	0.00990	0.00577	0.00529	0.00170	0.00701	0.00467	0.00350	0.00831
7	0.01254	0.15787	0.28936	0.07056	0.10615	0.01395	0.10410	0.03888	0.01276	0.03190	0.03527	0.01686	0.07351	0.00617	0.00540	0.00169	0.00706	0.00530	0.00303	0.00763
8	0.00806	0.00544	0.00711	0.00756	0.00850	0.00499	0.00534	0.00967	0.01283	0.05207	0.27230	0.47134	0.08372	0.01493	0.00690	0.00207	0.00311	0.01337	0.00562	0.00505
9	0.00807	0.00604	0.00849	0.00840	0.00907	0.00634	0.03221	0.00930	0.00978	0.01349	0.06341	0.23332	0.02408	0.26731	0.24771	0.00527	0.02970	0.00958	0.00389	0.00454
10	0.01603	0.14017	0.10704	0.04129	0.01842	0.03941	0.14027	0.04263	0.01377	0.21539	0.05733	0.08413	0.01449	0.00724	0.00612	0.00176	0.03632	0.00625	0.00427	0.00767
11	0.01525	0.18285	0.07855	0.01187	0.01536	0.13453	0.05338	0.05935	0.05641	0.10292	0.01551	0.15699	0.01438	0.00863	0.00656	0.03369	0.03627	0.00655	0.00393	0.00701
12	0.00773	0.00526	0.00627	0.00672	0.00683	0.00515	0.00403	0.00806	0.00907	0.01209	0.02228	0.29746	0.02619	0.53376	0.02130	0.00437	0.00471	0.01086	0.00403	0.00381
13	0.01261	0.01184	0.01577	0.12753	0.15997	0.08250	0.05924	0.09107	0.03767	0.01776	0.01701	0.25004	0.01728	0.00957	0.00702	0.00195	0.06221	0.00834	0.00386	0.00679
14	0.17624	0.05815	0.04237	0.09462	0.01792	0.01291	0.07052	0.08710	0.01341	0.22238	0.01315	0.01489	0.00968	0.03626	0.00765	0.00196	0.10409	0.00491	0.00423	0.00755
15	0.00729	0.00550	0.00678	0.00736	0.00836	0.00508	0.00523	0.00918	0.03401	0.01650	0.18007	0.43418	0.21055	0.01530	0.00692	0.00209	0.00313	0.03216	0.00543	0.00490
16	0.01270	0.00703	0.00889	0.00784	0.01002	0.00659	0.00608	0.01612	0.06637	0.19903	0.43877	0.03319	0.05490	0.00969	0.00605	0.00173	0.00328	0.00835	0.09683	0.00654
17	0.05252	0.04372	0.12089	0.11685	0.03615	0.01212	0.20248	0.03038	0.01229	0.07474	0.05602	0.01800	0.01235	0.07467	0.02510	0.00229	0.06228	0.00579	0.03446	0.00691

[dist]
# distance from previous block
# <min> <max>
2	10

[block]
# block no. 2 follows, 42 sequences, length 41
# corresponding to MSA columns:
# 157-197
name=unknown_C
#
# <colnr> <probs for GDERKNQSTAVLIFYWHMCP>
#	G	D	E	R	K	N	Q	S	T	A	V	L	I	F	Y	W	H	M	C	P
0	0.14967	0.06728	0.08768	0.01245	0.02758	0.28887	0.01051	0.13372	0.03240	0.07196	0.01095	0.01184	0.00833	0.00582	0.00485	0.00156	0.00722	0.00402	0.02294	0.04035
1	0.01336	0.01020	0.01137	0.01033	0.01286	0.01111	0.00798	0.17329	0.29394	0.04536	0.04138	0.19650	0.04992	0.04200	0.00712	0.00212	0.00455	0.05370	0.00550	0.00742
2	0.04394	0.01100	0.01770	0.03243	0.02842	0.01092	0.25009	0.08248	0.09271	0.03897	0.01665	0.12167	0.01444	0.00734	0.00571	0.00175	0.00587	0.00704	0.14852	0.06234
3	0.00675	0.00548	0.00599	0.00634	0.00778	0.00472	0.00457	0.00809	0.01235	0.01520	0.07238	0.26187	0.53864	0.01511	0.00680	0.00200	0.00296	0.01297	0.00526	0.00472
4	0.01858	0.01751	0.13989	0.01422	0.01931	0.01604	0.07663	0.54233	0.02244	0.03040	0.01335	0.03911	0.00999	0.00671	0.00572	0.00174	0.00673	0.00542	0.00485	0.00903
5	0.01481	0.57865	0.15996	0.01162	0.01693	0.08225	0.03601	0.01752	0.01194	0.01425	0.00841	0.00983	0.00725	0.00499	0.00414	0.00135	0.00688	0.00338	0.00246	0.00737
6	0.06761	0.04640	0.09230	0.08132	0.03645	0.01145	0.10926	0.09312	0.01478	0.19958	0.09459	0.01749	0.01428	0.00633	0.00548	0.00166	0.00593	0.00548	0.00446	0.09203
7	0.01156	0.04037	0.01766	0.66321	0.03534	0.01256	0.05142	0.01519	0.01159	0.04774	0.01077	0.01515	0.00803	0.00564	0.00555	0.00183	0.00728	0.00504	0.02759	0.00647
8	0.00866	0.00609	0.00736	0.00723	0.00754	0.00646	0.00464	0.03288	0.00910	0.01237	0.01775	0.08625	0.01986	0.58132	0.13504	0.00552	0.03621	0.00819	0.00352	0.00403
9	0.06228	0.19723	0.07657	0.01380	0.08660	0.09637	0.02573	0.08066	0.19104	0.07239	0.03502	0.01482	0.01168	0.00617	0.00503	0.00162	0.00613	0.00478	0.00404	0.00804
10	0.17752	0.20343	0.13115	0.01184	0.01674	0.02819	0.07781	0.04391	0.01303	0.21175	0.01237	0.01287	0.00891	0.00570	0.00504	0.00164	0.02200	0.00432	0.00394	0.00785
11	0.00818	0.00546	0.00614	0.00614	0.00614	0.00546	0.00341	0.00818	0.00818	0.01091	0.01773	0.03683	0.02046	0.80222	0.02864	0.00546	0.00546	0.00818	0.00341	0.00341
12	0.00982	0.00656	0.00765	0.00710	0.00901	0.00616	0.00542	0.01326	0.08084	0.08180	0.34621	0.03948	0.25109	0.01104	0.00618	0.00177	0.00304	0.00941	0.09835	0.00581
13	0.03451	0.01535	0.11105	0.22955	0.04244	0.08397	0.14125	0.07544	0.08204	0.08580	0.01325	0.03749	0.01009	0.00617	0.00572	0.00181	0.00735	0.00552	0.00363	0.00757
14	0.01320	0.01063	0.05130	0.16644	0.01879	0.03288	0.06963	0.01817	0.13022	0.12663	0.03277	0.04690	0.05894	0.03751	0.04242	0.00224	0.00599	0.00643	0.12200	0.00691
15	0.00812	0.00568	0.00729	0.00744	0.00787	0.00599	0.00505	0.00899	0.00890	0.01217	0.01833	0.07478	0.02002	0.46217	0.27193	0.00628	0.00847	0.05292	0.00349	0.00411
16	0.00968	0.00546	0.00611	0.00604	0.00736	0.00533	0.00460	0.01231	0.01307	0.02124	0.23812	0.02930	0.02669	0.00846	0.00492	0.00151	0.00276	0.04299	0.54881	0.00526
17	0.06476	0.19350	0.29837	0.14276	0.08952	0.01501	0.01528	0.01711	0.01164	0.04880	0.00986	0.01211	0.00761	0.00553	0.00558	0.00169	0.04641	0.00415	0.00271	0.00759
18	0.01294	0.01391	0.09474	0.12849	0.04823	0.03519	0.27370	0.06986	0.04310	0.05159	0.01612	0.14226	0.02855	0.00760	0.00622	0.00190	0.00723	0.00746	0.00368	0.00722
19	0.00830	0.00634	0.00778	0.00803	0.00939	0.00617	0.00608	0.01180	0.09645	0.01855	0.27176	0.24043	0.15511	0.01369	0.00685	0.00206	0.00341	0.11680	0.00559	0.00541
20	0.01223	0.01264	0.06249	0.01259	0.01494	0.01362	0.01085	0.03074	0.01028	0.01597	0.00860	0.01209	0.00775	0.00753	0.01241	0.00184	0.45272	0.00433	0.00283	0.29355
21	0.01228	0.04450	0.06420	0.16300	0.12838	0.07401	0.06385	0.03372	0.06172	0.01636	0.01487	0.17206	0.01440	0.00853	0.00742	0.00193	0.10135	0.00718	0.00342	0.00683
22	0.00732	0.00509	0.00639	0.00725	0.00746	0.00488	0.00460	0.00796	0.00988	0.01317	0.02641	0.53450	0.03141	0.28961	0.01462	0.00338	0.00402	0.01329	0.00460	0.00417
23	0.01849	0.01477	0.01511	0.01238	0.01627	0.05572	0.00995	0.41107	0.31727	0.04247	0.01716	0.01642	0.01256	0.00706	0.00564	0.00177	0.00568	0.00552	0.00555	0.00915
24	0.01507	0.75207	0.02863	0.00997	0.01453	0.03991	0.00978	0.01684	0.01142	0.01327	0.00783	0.00920	0.00723	0.00506	0.00430	0.00127	0.04096	0.00311	0.00242	0.00716
25	0.01358	0.21501	0.44082	0.01404	0.03400	0.04557	0.01591	0.01935	0.08020	0.05484	0.01128	0.01235	0.00845	0.00552	0.00497	0.00164	0.00727	0.00415	0.00295	0.00811
26	0.01301	0.01706	0.13308	0.02268	0.02873	0.01407	0.64870	0.01800	0.01309	0.01800	0.01121	0.01473	0.00835	0.00483	0.00647	0.00188	0.00933	0.00631	0.00278	0.00769
27	0.00687	0.00497	0.00650	0.00769	0.00813	0.00460	0.00517	0.00791	0.01101	0.01459	0.04829	0.73593	0.08298	0.01729	0.00714	0.00225	0.00323	0.01562	0.00524	0.00460
28	0.01199	0.00838	0.01082	0.04494	0.06578	0.00852	0.00788	0.16190	0.01498	0.07798	0.07946	0.41968	0.03930	0.01265	0.00652	0.00202	0.00436	0.01121	0.00522	0.00642
29	0.26824	0.06910	0.16212	0.15996	0.02138	0.01348	0.07907	0.04660	0.04858	0.06635	0.01085	0.01270	0.00802	0.00554	0.00488	0.00176	0.00640	0.00436	0.00336	0.00726
30	0.02002	0.01228	0.01407	0.01133	0.01526	0.01295	0.00917	0.29586	0.20609	0.26818	0.03722	0.04140	0.01476	0.00748	0.00573	0.00178	0.00513	0.00603	0.00609	0.00915
31	0.00686	0.00490	0.00653	0.00784	0.00816	0.00457	0.00522	0.00784	0.01077	0.01437	0.03102	0.79855	0.03722	0.01763	0.00718	0.00229	0.00326	0.01600	0.00522	0.00457
32	0.08518	0.04337	0.11114	0.29115	0.05779	0.01384	0.05369	0.08637	0.01252	0.02867	0.01087	0.04650	0.00897	0.00669	0.00728	0.00190	0.11879	0.00521	0.00307	0.00700
33	0.09598	0.00887	0.01075	0.00953	0.01226	0.00897	0.02840	0.02034	0.18512	0.24364	0.02268	0.22530	0.01998	0.00968	0.00576	0.00189	0.00423	0.00830	0.07096	0.00736
34	0.00695	0.00500	0.00661	0.00787	0.00829	0.00466	0.00536	0.00801	0.01095	0.01451	0.03195	0.73815	0.06469	0.01741	0.00719	0.00228	0.00333	0.04698	0.00522	0.00460
35	0.15884	0.01079	0.01413	0.01111	0.01505	0.01060	0.08387	0.13127	0.01570	0.37179	0.01803	0.08403	0.01344	0.00733	0.00548	0.00179	0.00522	0.00612	0.02718	0.00824
36	0.01391	0.01555	0.20857	0.04465	0.03799	0.01124	0.18986	0.01922	0.08970	0.15306	0.05984	0.05382	0.06230	0.00718	0.00601	0.00185	0.00662	0.00665	0.00419	0.00780
37	0.00691	0.00502	0.00652	0.00760	0.00813	0.00463	0.00515	0.00803	0.01128	0.01495	0.07906	0.68610	0.10197	0.01695	0.00710	0.00222	0.00319	0.01527	0.00528	0.00463
38	0.10531	0.06880	0.13555	0.00957	0.01492	0.01001	0.00909	0.01521	0.01145	0.01868	0.00962	0.01123	0.00781	0.00452	0.00424	0.00111	0.00499	0.00341	0.00313	0.55134
39	0.01278	0.02880	0.24672	0.03013	0.06911	0.01220	0.07297	0.02064	0.23034	0.05101	0.05477	0.03958	0.01400	0.00658	0.00558	0.00174	0.00613	0.00571	0.00399	0.08722
40	0.01057	0.01636	0.29708	0.01203	0.05400	0.00929	0.01203	0.01447	0.01229	0.01794	0.07062	0.02085	0.13302	0.00679	0.00525	0.00147	0.00553	0.00559	0.00345	0.29137

[dist]
# distance from previous block
# <min> <max>
0	1

[block]
# block no. 3 follows, 42 sequences, length 170
# corresponding to MSA columns:
# 199-284,287-322,325-335,337-373
name=unknown_D
#
# <colnr> <probs for GDERKNQSTAVLIFYWHMCP>
#	G	D	E	R	K	N	Q	S	T	A	V	L	I	F	Y	W	H	M	C	P
0	0.01555	0.04892	0.30606	0.08522	0.12092	0.01200	0.06111	0.01984	0.01327	0.22167	0.03242	0.01525	0.01049	0.00586	0.00553	0.00175	0.00691	0.00502	0.00381	0.00839
1	0.02075	0.01559	0.01614	0.01269	0.01695	0.05845	0.01036	0.58389	0.10875	0.07619	0.01483	0.01451	0.01057	0.00682	0.00561	0.00170	0.00613	0.00517	0.00557	0.00933
2	0.00980	0.00803	0.00906	0.00814	0.01056	0.00789	0.00625	0.01588	0.22311	0.02066	0.30456	0.03528	0.20027	0.01017	0.00609	0.00173	0.00339	0.00868	0.00550	0.10496
3	0.01153	0.05719	0.01796	0.27031	0.28852	0.01230	0.01378	0.01453	0.01122	0.01540	0.01115	0.01580	0.00948	0.01386	0.18281	0.00342	0.03591	0.00512	0.00271	0.00697
4	0.01548	0.08819	0.21233	0.01246	0.01737	0.01324	0.03558	0.12010	0.18405	0.13616	0.07965	0.01861	0.01519	0.00694	0.00556	0.00176	0.00591	0.01839	0.00467	0.00838
5	0.01329	0.10308	0.01572	0.19005	0.03363	0.01157	0.01005	0.01576	0.01169	0.10396	0.01191	0.05165	0.00998	0.00624	0.00644	0.00150	0.09637	0.00479	0.00344	0.29888
6	0.02025	0.02554	0.01606	0.01452	0.01717	0.71218	0.01100	0.02168	0.01530	0.01375	0.00858	0.01034	0.00726	0.00616	0.00626	0.00154	0.07931	0.00374	0.00286	0.00649
7	0.00807	0.00590	0.00838	0.00838	0.00916	0.00668	0.00621	0.00963	0.00885	0.01258	0.01568	0.02545	0.01552	0.21467	0.60944	0.00823	0.01289	0.00652	0.00310	0.00466
8	0.00808	0.00589	0.00784	0.00879	0.00991	0.00565	0.00708	0.01012	0.01269	0.01663	0.11402	0.25331	0.12160	0.01550	0.00736	0.00234	0.00413	0.37876	0.00531	0.00498
9	0.01305	0.02315	0.50159	0.01513	0.02180	0.01307	0.07000	0.12654	0.01424	0.04432	0.01415	0.03581	0.05004	0.00649	0.00593	0.00181	0.02619	0.00528	0.00328	0.00815
10	0.00685	0.00494	0.00649	0.00772	0.00813	0.00458	0.00517	0.00785	0.01088	0.01441	0.03238	0.75940	0.07549	0.01745	0.00715	0.00227	0.00324	0.01578	0.00522	0.00458
11	0.00978	0.00489	0.00733	0.00733	0.00733	0.00489	0.00489	0.00733	0.00733	0.00978	0.00978	0.01711	0.00978	0.01955	0.02199	0.83627	0.00489	0.00489	0.00244	0.00244
12	0.01937	0.02305	0.01521	0.01374	0.01675	0.57841	0.01040	0.04376	0.19113	0.01666	0.01218	0.01280	0.00966	0.00626	0.00524	0.00156	0.00870	0.00431	0.00364	0.00717
13	0.01644	0.01272	0.01259	0.01099	0.01421	0.10346	0.00859	0.05085	0.41152	0.16483	0.07534	0.02226	0.05538	0.00787	0.00574	0.00180	0.00505	0.00641	0.00563	0.00831
14	0.00805	0.00525	0.00704	0.00809	0.00871	0.00489	0.00560	0.00918	0.01120	0.05902	0.03044	0.71515	0.03560	0.01690	0.00712	0.00227	0.00345	0.05181	0.00532	0.00490
15	0.01505	0.80561	0.02949	0.00963	0.01444	0.02227	0.00963	0.01685	0.01143	0.01324	0.00782	0.00903	0.00722	0.00481	0.00361	0.00120	0.00602	0.00301	0.00241	0.00722
16	0.05671	0.00788	0.00896	0.05362	0.01172	0.00780	0.00659	0.09714	0.03796	0.06563	0.17749	0.03960	0.35273	0.01126	0.00626	0.00186	0.00383	0.04161	0.00532	0.00602
17	0.01099	0.02699	0.70344	0.01523	0.02291	0.01236	0.01938	0.01717	0.01225	0.01825	0.07868	0.01462	0.01131	0.00591	0.00546	0.00178	0.00780	0.00471	0.00272	0.00804
18	0.01049	0.00525	0.00525	0.00525	0.00656	0.00525	0.00393	0.01311	0.01180	0.02098	0.01836	0.02098	0.01442	0.00656	0.00393	0.00131	0.00262	0.00525	0.83346	0.00525
19	0.00932	0.00513	0.00566	0.00608	0.00707	0.00503	0.00435	0.01141	0.01147	0.01885	0.02243	0.27119	0.02176	0.01012	0.00498	0.00162	0.00283	0.00871	0.56695	0.00503
20	0.05987	0.03959	0.17079	0.50467	0.03215	0.01282	0.04854	0.01534	0.01151	0.01607	0.03085	0.01459	0.00865	0.00564	0.00545	0.00183	0.00739	0.00487	0.00265	0.00673
21	0.01063	0.01000	0.01688	0.78870	0.03876	0.01250	0.01563	0.01438	0.01125	0.01438	0.01000	0.01500	0.00750	0.00563	0.00563	0.00188	0.00750	0.00500	0.00250	0.00625
22	0.00712	0.00572	0.00636	0.00620	0.00789	0.00495	0.00465	0.00899	0.01394	0.01785	0.31103	0.04980	0.50916	0.01327	0.00665	0.00185	0.00278	0.01127	0.00557	0.00495
23	0.01343	0.06369	0.45514	0.01474	0.05387	0.01304	0.01604	0.06245	0.09999	0.08079	0.06202	0.01554	0.01209	0.00619	0.00544	0.00175	0.00689	0.00496	0.00360	0.00833
24	0.07673	0.10743	0.01798	0.38433	0.06788	0.12254	0.03113	0.03871	0.01236	0.01594	0.01095	0.01418	0.03148	0.00596	0.00575	0.00173	0.04077	0.00468	0.00283	0.00662
25	0.00978	0.00489	0.00733	0.00733	0.00733	0.00489	0.00489	0.00733	0.00733	0.00978	0.00978	0.01711	0.00978	0.01955	0.02199	0.83627	0.00489	0.00489	0.00244	0.00244
26	0.01841	0.15682	0.01872	0.01404	0.07855	0.22877	0.01063	0.27105	0.01803	0.02210	0.01052	0.01161	0.00831	0.00570	0.00494	0.00144	0.00707	0.00410	0.00380	0.10540
27	0.01492	0.01202	0.01327	0.01116	0.01433	0.03105	0.02693	0.25317	0.29333	0.02671	0.21419	0.02374	0.02375	0.00826	0.00594	0.00179	0.00480	0.00689	0.00568	0.00808
28	0.05634	0.35059	0.23720	0.01238	0.03060	0.08378	0.01277	0.03733	0.03124	0.08499	0.01042	0.01136	0.00809	0.00539	0.00455	0.00150	0.00682	0.00380	0.00308	0.00776
29	0.01251	0.04211	0.19224	0.12294	0.07135	0.01368	0.37693	0.01753	0.03811	0.01733	0.01111	0.01441	0.00840	0.00552	0.00646	0.02507	0.00839	0.00561	0.00277	0.00754
30	0.00686	0.00490	0.00653	0.00784	0.00816	0.00457	0.00522	0.00784	0.01077	0.01437	0.03102	0.79855	0.03722	0.01763	0.00718	0.00229	0.00326	0.01600	0.00522	0.00457
31	0.00686	0.00490	0.00653	0.00784	0.00816	0.00457	0.00522	0.00784	0.01077	0.01437	0.03102	0.79855	0.03722	0.01763	0.00718	0.00229	0.00326	0.01600	0.00522	0.00457
32	0.00824	0.00673	0.00926	0.00957	0.00988	0.00776	0.00704	0.00937	0.01012	0.01406	0.02409	0.54641	0.02820	0.01795	0.07735	0.00292	0.18916	0.01253	0.00438	0.00498
33	0.00879	0.00595	0.00768	0.00749	0.00871	0.00561	0.00563	0.01093	0.01408	0.04786	0.47950	0.04380	0.06119	0.14807	0.01056	0.00253	0.00360	0.11736	0.00557	0.00511
34	0.01884	0.01011	0.01160	0.00932	0.01267	0.01025	0.00756	0.26046	0.01803	0.26711	0.01799	0.01793	0.01266	0.00675	0.00505	0.00157	0.00450	0.00532	0.29420	0.00807
35	0.01505	0.80561	0.02949	0.00963	0.01444	0.02227	0.00963	0.01685	0.01143	0.01324	0.00782	0.00903	0.00722	0.00481	0.00361	0.00120	0.00602	0.00301	0.00241	0.00722
36	0.03735	0.01079	0.01682	0.08036	0.01906	0.01004	0.13291	0.04937	0.01544	0.53900	0.01875	0.01774	0.01216	0.00644	0.00578	0.00178	0.00585	0.00570	0.00577	0.00889
37	0.00978	0.00489	0.00733	0.00733	0.00733	0.00489	0.00489	0.00733	0.00733	0.00978	0.00978	0.01711	0.00978	0.01955	0.02199	0.83627	0.00489	0.00489	0.00244	0.00244
38	0.00804	0.00603	0.00904	0.00904	0.01005	0.00703	0.00703	0.01005	0.00904	0.01306	0.01507	0.02211	0.01407	0.04221	0.77992	0.00904	0.01507	0.00603	0.00301	0.00502
39	0.01315	0.01210	0.01819	0.16648	0.13325	0.03163	0.12983	0.03469	0.08415	0.03991	0.01195	0.01433	0.00930	0.00519	0.00531	0.00150	0.00630	0.00485	0.00339	0.27450
40	0.00685	0.00491	0.00651	0.00780	0.00815	0.00457	0.00521	0.00784	0.01081	0.01438	0.03149	0.78501	0.05046	0.01757	0.00717	0.00228	0.00326	0.01592	0.00522	0.00457
41	0.30843	0.10683	0.01511	0.26053	0.02161	0.17190	0.01056	0.01711	0.01165	0.01798	0.00871	0.01122	0.00692	0.00542	0.00452	0.00166	0.00676	0.00379	0.00292	0.00637
42	0.00702	0.00502	0.00670	0.00791	0.00833	0.00470	0.00540	0.00817	0.01118	0.01496	0.07410	0.72095	0.03794	0.01718	0.00718	0.00227	0.00332	0.04776	0.00528	0.00464
43	0.02045	0.00851	0.01152	0.00920	0.01271	0.00745	0.00745	0.02276	0.01606	0.56314	0.22827	0.02551	0.02481	0.00823	0.00593	0.00175	0.00420	0.00691	0.00675	0.00839
44	0.01158	0.01097	0.01859	0.57204	0.24801	0.01275	0.01610	0.01521	0.01170	0.01553	0.01017	0.01469	0.00791	0.00545	0.00561	0.00182	0.00727	0.00500	0.00258	0.00702
45	0.00852	0.00809	0.01256	0.01027	0.01287	0.00742	0.17422	0.01078	0.01296	0.01637	0.11022	0.04223	0.48002	0.03192	0.00762	0.00200	0.03164	0.01019	0.00463	0.00547
46	0.57413	0.00966	0.00804	0.00718	0.01019	0.01088	0.00582	0.04998	0.01109	0.04382	0.01111	0.01257	0.00855	0.00567	0.00375	0.00163	0.00402	0.00376	0.21201	0.00613
47	0.01211	0.09667	0.46105	0.10828	0.17851	0.01393	0.01842	0.01722	0.01196	0.01711	0.00997	0.01240	0.00755	0.00526	0.00526	0.00172	0.00767	0.00432	0.00248	0.00810
48	0.00813	0.00568	0.00729	0.00729	0.00769	0.00608	0.00485	0.00892	0.00852	0.01176	0.01668	0.03100	0.01793	0.50117	0.32624	0.00688	0.00927	0.00733	0.00325	0.00405
49	0.00858	0.00606	0.00783	0.00730	0.00876	0.00568	0.00550	0.01168	0.04150	0.04023	0.72111	0.04077	0.05094	0.01126	0.00658	0.00177	0.00277	0.00994	0.00620	0.00553
50	0.06131	0.01055	0.01135	0.01227	0.09869	0.14294	0.00796	0.01214	0.00974	0.01271	0.00957	0.01490	0.00899	0.01464	0.03684	0.47031	0.05341	0.00461	0.00264	0.00442
51	0.01135	0.01591	0.22690	0.01988	0.25847	0.04518	0.05434	0.01487	0.01211	0.01679	0.01654	0.24879	0.01682	0.00891	0.00603	0.00189	0.00642	0.00810	0.00341	0.00726
52	0.02525	0.00958	0.01306	0.01001	0.01437	0.00827	0.00827	0.02743	0.01611	0.77102	0.02220	0.01915	0.01393	0.00697	0.00566	0.00174	0.00479	0.00566	0.00697	0.00958
53	0.00694	0.00517	0.00649	0.00750	0.00824	0.00472	0.00523	0.00812	0.01137	0.01470	0.03688	0.58525	0.20315	0.01674	0.00710	0.00222	0.00328	0.05703	0.00522	0.00465
54	0.01114	0.00999	0.04921	0.33025	0.19435	0.01028	0.01278	0.01293	0.01038	0.01397	0.01007	0.01529	0.00854	0.00995	0.01087	0.27032	0.00651	0.00493	0.00254	0.00573
55	0.01377	0.01321	0.02256	0.06993	0.73294	0.01333	0.01719	0.01714	0.01274	0.01820	0.01056	0.01398	0.00885	0.00504	0.00557	0.00168	0.00672	0.00501	0.00277	0.00879
56	0.00695	0.00528	0.00643	0.00730	0.00822	0.00477	0.00518	0.00819	0.01162	0.01483	0.03969	0.49487	0.28202	0.01634	0.00705	0.00218	0.00326	0.06592	0.00522	0.00468
57	0.57792	0.01245	0.01104	0.00919	0.01300	0.01418	0.00758	0.25203	0.01501	0.02854	0.00966	0.01055	0.00721	0.00572	0.00417	0.00172	0.00495	0.00370	0.00417	0.00721
58	0.01356	0.01455	0.01639	0.53939	0.03172	0.21430	0.01398	0.01742	0.05637	0.01476	0.01042	0.01408	0.00800	0.00579	0.00549	0.00177	0.00802	0.00472	0.00280	0.00648
59	0.01275	0.01217	0.02071	0.30396	0.50691	0.01306	0.01668	0.01624	0.01226	0.01695	0.01038	0.01431	0.00841	0.00523	0.00559	0.00174	0.00698	0.00501	0.00268	0.00796
60	0.00725	0.00529	0.00682	0.00736	0.00820	0.00486	0.00517	0.00889	0.01288	0.01748	0.30505	0.44893	0.11088	0.01505	0.00693	0.00206	0.00300	0.01346	0.00558	0.00486
61	0.01029	0.00960	0.01594	0.72088	0.03608	0.01183	0.01467	0.01382	0.01132	0.01442	0.01325	0.04198	0.05011	0.00648	0.00573	0.00189	0.00711	0.00573	0.00274	0.00612
62	0.01353	0.01297	0.02213	0.12469	0.68005	0.01327	0.01707	0.01693	0.01263	0.01791	0.01052	0.01406	0.00875	0.00509	0.00558	0.00170	0.00678	0.00501	0.00275	0.00860
63	0.00772	0.00551	0.00752	0.00882	0.00952	0.00531	0.00672	0.00932	0.01162	0.01533	0.03054	0.51251	0.03534	0.01682	0.00741	0.00240	0.00401	0.29354	0.00521	0.00481
64	0.01278	0.01139	0.01531	0.01134	0.01614	0.01000	0.11737	0.05637	0.12379	0.01998	0.01232	0.01368	0.00975	0.00491	0.00485	0.00120	0.00511	0.00437	0.00374	0.54560
65	0.01282	0.01011	0.01220	0.05449	0.01500	0.00809	0.00741	0.03262	0.01232	0.07266	0.01096	0.01245	0.00872	0.00452	0.00440	0.00098	0.00446	0.00364	0.00360	0.70857
66	0.01461	0.11334	0.42488	0.01504	0.04638	0.06368	0.01622	0.12460	0.01426	0.05467	0.01068	0.01212	0.00790	0.00584	0.00595	0.00171	0.05251	0.00427	0.00312	0.00822
67	0.01324	0.01504	0.03243	0.02328	0.02870	0.01438	0.71075	0.01781	0.01305	0.01781	0.01119	0.01504	0.00848	0.00499	0.00722	0.00193	0.04777	0.00656	0.00283	0.00752
68	0.00686	0.00490	0.00653	0.00784	0.00816	0.00457	0.00522	0.00784	0.01077	0.01437	0.03102	0.79855	0.03722	0.01763	0.00718	0.00229	0.00326	0.01600	0.00522	0.00457
69	0.00784	0.00566	0.00741	0.00716	0.00838	0.00523	0.00530	0.01031	0.01535	0.02165	0.68191	0.12690	0.05132	0.01219	0.00670	0.00183	0.00272	0.01083	0.00609	0.00523
70	0.01298	0.01383	0.02706	0.11247	0.18133	0.01426	0.41377	0.01685	0.01233	0.01708	0.01053	0.01452	0.00834	0.00558	0.00788	0.00192	0.11310	0.00589	0.00274	0.00752
71	0.01788	0.01231	0.01360	0.01137	0.01505	0.01349	0.00909	0.20071	0.41896	0.17250	0.02041	0.01885	0.01466	0.00727	0.00565	0.00181	0.00489	0.00589	0.02653	0.00911
72	0.00925	0.00636	0.00874	0.00940	0.01080	0.00619	0.00795	0.01185	0.01392	0.04185	0.24314	0.05587	0.03784	0.01411	0.00738	0.00233	0.00443	0.49772	0.00553	0.00536
73	0.00818	0.00546	0.00614	0.00614	0.00614	0.00546	0.00341	0.00818	0.00818	0.01091	0.01773	0.03683	0.02046	0.80222	0.02864	0.00546	0.00546	0.00818	0.00341	0.00341
74	0.00742	0.00541	0.00763	0.00832	0.00894	0.00568	0.00597	0.00882	0.00994	0.01369	0.02360	0.43403	0.02652	0.05099	0.34883	0.00536	0.00854	0.01137	0.00420	0.00474
75	0.00926	0.00539	0.00539	0.00539	0.00689	0.00509	0.00404	0.01149	0.01213	0.01912	0.03080	0.03166	0.25589	0.00903	0.00481	0.00150	0.00270	0.00738	0.56695	0.00509
76	0.02102	0.02682	0.01595	0.01450	0.01740	0.77963	0.01087	0.02247	0.01595	0.01377	0.00870	0.01015	0.00725	0.00580	0.00507	0.00145	0.01015	0.00362	0.00290	0.00652
77	0.00717	0.00517	0.00679	0.00755	0.00822	0.00479	0.00522	0.00866	0.01234	0.01678	0.24556	0.55443	0.06490	0.01574	0.00701	0.00212	0.00307	0.01417	0.00551	0.00479
78	0.00983	0.00779	0.00921	0.00956	0.01109	0.00833	0.00719	0.01654	0.28481	0.01812	0.02785	0.39673	0.02910	0.01363	0.00674	0.00220	0.00401	0.12562	0.00540	0.00626
79	0.01063	0.01000	0.01688	0.78870	0.03876	0.01250	0.01563	0.01438	0.01125	0.01438	0.01000	0.01500	0.00750	0.00563	0.00563	0.00188	0.00750	0.00500	0.00250	0.00625
80	0.01012	0.00867	0.01334	0.48108	0.02704	0.01018	0.01168	0.01421	0.05640	0.01755	0.20966	0.02289	0.02056	0.00736	0.00578	0.00181	0.00570	0.00646	0.06344	0.00609
81	0.01376	0.01138	0.01330	0.00978	0.01462	0.00995	0.02598	0.16229	0.04783	0.02200	0.01131	0.01254	0.00898	0.00486	0.00459	0.00108	0.00472	0.00390	0.00389	0.61323
82	0.00775	0.00562	0.00730	0.00714	0.00834	0.00518	0.00526	0.01010	0.01503	0.02105	0.62696	0.15706	0.07702	0.01253	0.00672	0.00185	0.00275	0.01112	0.00601	0.00518
83	0.00917	0.01313	0.25326	0.00966	0.01246	0.00809	0.00943	0.01150	0.00947	0.01339	0.01496	0.02708	0.01542	0.45691	0.10901	0.00469	0.00750	0.00664	0.00303	0.00518
84	0.01475	0.09570	0.46497	0.01499	0.02126	0.26053	0.01663	0.01923	0.01315	0.01612	0.00945	0.01108	0.00718	0.00545	0.00511	0.00163	0.00871	0.00389	0.00255	0.00765
85	0.00907	0.00648	0.00907	0.01036	0.01166	0.00648	0.00907	0.01166	0.01296	0.01684	0.02980	0.06348	0.03239	0.01555	0.00777	0.00259	0.00518	0.72924	0.00518	0.00518
86	0.00826	0.00582	0.00703	0.00745	0.00814	0.00569	0.00537	0.00930	0.01038	0.01344	0.02713	0.04792	0.12796	0.43619	0.01878	0.00403	0.00500	0.24366	0.00424	0.00417
87	0.01505	0.80561	0.02949	0.00963	0.01444	0.02227	0.00963	0.01685	0.01143	0.01324	0.00782	0.00903	0.00722	0.00481	0.00361	0.00120	0.00602	0.00301	0.00241	0.00722
88	0.00769	0.00553	0.00600	0.00600	0.00661	0.00523	0.00369	0.00815	0.00968	0.01229	0.03037	0.04240	0.25999	0.54867	0.02157	0.00431	0.00462	0.00937	0.00399	0.00384
89	0.01138	0.02848	0.73976	0.01639	0.02458	0.01312	0.05347	0.01783	0.01194	0.01783	0.01016	0.01203	0.00719	0.00532	0.00540	0.00179	0.00837	0.00427	0.00240	0.00828
90	0.00859	0.00662	0.00872	0.00842	0.00978	0.00649	0.03396	0.01212	0.09674	0.01889	0.34045	0.22426	0.07169	0.07998	0.00860	0.00228	0.00364	0.04789	0.00545	0.00543
91	0.02102	0.02682	0.01595	0.01450	0.01740	0.77963	0.01087	0.02247	0.01595	0.01377	0.00870	0.01015	0.00725	0.00580	0.00507	0.00145	0.01015	0.00362	0.00290	0.00652
92	0.00716	0.00503	0.00644	0.00744	0.00770	0.00478	0.00481	0.00792	0.01018	0.01357	0.02795	0.62272	0.03335	0.19874	0.01214	0.00302	0.00377	0.01419	0.00481	0.00430
93	0.01993	0.01188	0.03375	0.01436	0.06129	0.03706	0.13410	0.02297	0.03336	0.43950	0.05221	0.01824	0.01370	0.00687	0.00692	0.00182	0.07229	0.00585	0.00534	0.00857
94	0.01254	0.01314	0.02267	0.37241	0.11442	0.05856	0.24629	0.01628	0.01219	0.01589	0.01028	0.01450	0.00797	0.00553	0.00665	0.00187	0.05372	0.00544	0.00266	0.00698
95	0.01291	0.01155	0.00957	0.03107	0.01116	0.20948	0.00689	0.01492	0.01212	0.01684	0.01454	0.01873	0.01233	0.06688	0.09761	0.00263	0.05110	0.00509	0.38908	0.00551
96	0.01002	0.00628	0.00767	0.00710	0.00844	0.00589	0.00503	0.02961	0.01325	0.09701	0.33107	0.05846	0.11420	0.26581	0.01361	0.00298	0.00391	0.00927	0.00524	0.00517
97	0.01497	0.43503	0.02473	0.01311	0.05722	0.05464	0.09441	0.01707	0.01180	0.06375	0.00998	0.01275	0.00874	0.05238	0.00715	0.00171	0.07967	0.00423	0.00289	0.03378
98	0.05357	0.11853	0.08600	0.01519	0.02005	0.05374	0.23734	0.05571	0.13538	0.14699	0.01433	0.01511	0.01044	0.00582	0.00555	0.00173	0.00697	0.00535	0.00408	0.00813
99	0.00873	0.00611	0.00806	0.00894	0.00980	0.00610	0.00715	0.01045	0.01137	0.01487	0.02594	0.07319	0.02867	0.26874	0.01447	0.00351	0.00522	0.47948	0.00461	0.00460
100	0.01704	0.01468	0.05927	0.01237	0.01643	0.01544	0.01038	0.34025	0.39684	0.02837	0.01808	0.01722	0.01329	0.00712	0.00566	0.00181	0.00543	0.00567	0.00549	0.00916
101	0.00686	0.00521	0.00634	0.00723	0.00809	0.00469	0.00504	0.00803	0.01150	0.01471	0.03934	0.53573	0.27120	0.01648	0.00703	0.00217	0.00319	0.03727	0.00522	0.00465
102	0.06643	0.33551	0.02508	0.01443	0.05335	0.01693	0.18217	0.09120	0.01389	0.11982	0.01129	0.01257	0.00868	0.00540	0.00515	0.00156	0.02059	0.00455	0.00353	0.00785
103	0.01315	0.19407	0.53232	0.01451	0.02149	0.09860	0.01734	0.01812	0.01223	0.01641	0.00946	0.01109	0.00716	0.00528	0.00495	0.00162	0.00803	0.00386	0.00244	0.00789
104	0.00691	0.00516	0.00644	0.00728	0.00806	0.00468	0.00502	0.00815	0.01173	0.01533	0.10616	0.55787	0.20414	0.01628	0.00701	0.00215	0.00311	0.01451	0.00532	0.00468
105	0.57894	0.01083	0.01004	0.00841	0.01219	0.01176	0.00694	0.06247	0.01229	0.22194	0.01195	0.01203	0.00836	0.00577	0.00418	0.00174	0.00458	0.00385	0.00452	0.00721
106	0.00779	0.00575	0.00727	0.00689	0.00830	0.00523	0.00517	0.01027	0.01551	0.02156	0.66759	0.04369	0.15029	0.01188	0.00664	0.00179	0.00268	0.01041	0.00606	0.00523
107	0.00836	0.00597	0.00825	0.00955	0.01053	0.00586	0.00783	0.01043	0.01225	0.01604	0.03019	0.30001	0.03394	0.01622	0.00758	0.00249	0.00457	0.49973	0.00520	0.00499
108	0.01935	0.01002	0.01168	0.00935	0.01277	0.01003	0.00760	0.23729	0.01780	0.31084	0.01838	0.01806	0.01279	0.00677	0.00510	0.00159	0.00451	0.00535	0.27252	0.00818
109	0.00907	0.00648	0.00907	0.01036	0.01166	0.00648	0.00907	0.01166	0.01296	0.01684	0.02980	0.06348	0.03239	0.01555	0.00777	0.00259	0.00518	0.72924	0.00518	0.00518
110	0.84197	0.01088	0.00827	0.00740	0.01088	0.01262	0.00609	0.01654	0.00958	0.02525	0.00784	0.00914	0.00609	0.00522	0.00348	0.00174	0.00435	0.00305	0.00348	0.00609
111	0.00818	0.00546	0.00614	0.00614	0.00614	0.00546	0.00341	0.00818	0.00818	0.01091	0.01773	0.03683	0.02046	0.80222	0.02864	0.00546	0.00546	0.00818	0.00341	0.00341
112	0.00818	0.00546	0.00614	0.00614	0.00614	0.00546	0.00341	0.00818	0.00818	0.01091	0.01773	0.03683	0.02046	0.80222	0.02864	0.00546	0.00546	0.00818	0.00341	0.00341
113	0.01393	0.01337	0.02284	0.03454	0.76712	0.01337	0.01727	0.01727	0.01281	0.01839	0.01059	0.01393	0.00891	0.00501	0.00557	0.00167	0.00669	0.00501	0.00279	0.00891
114	0.01400	0.01209	0.01273	0.01145	0.01463	0.01400	0.00891	0.02990	0.75695	0.02354	0.02291	0.02100	0.01718	0.00764	0.00573	0.00191	0.00445	0.00636	0.00573	0.00891
115	0.01264	0.01966	0.27128	0.02125	0.02779	0.01386	0.51310	0.01796	0.01283	0.01796	0.01097	0.01412	0.00809	0.00494	0.00622	0.00186	0.00911	0.00584	0.00270	0.00782
116	0.01433	0.01225	0.01291	0.01152	0.01476	0.01415	0.00899	0.06224	0.72407	0.02408	0.02248	0.02066	0.01684	0.00760	0.00572	0.00190	0.00453	0.00630	0.00572	0.00894
117	0.01234	0.01026	0.01303	0.02948	0.01491	0.00803	0.04682	0.01498	0.01195	0.05210	0.01063	0.01228	0.00858	0.00436	0.00441	0.00096	0.00457	0.00366	0.00345	0.73322
118	0.00683	0.00565	0.00598	0.00602	0.00774	0.00481	0.00447	0.00837	0.01306	0.01605	0.14210	0.10622	0.62497	0.01416	0.00669	0.00191	0.00286	0.01196	0.00534	0.00481
119	0.01075	0.01024	0.01761	0.75426	0.03834	0.01258	0.04854	0.01454	0.01134	0.01454	0.01006	0.01501	0.00755	0.00559	0.00567	0.00188	0.00759	0.00508	0.00252	0.00631
120	0.04393	0.02365	0.01597	0.01392	0.01723	0.57041	0.01070	0.20126	0.01836	0.01944	0.00986	0.01095	0.00779	0.00602	0.00517	0.00152	0.00901	0.00396	0.00359	0.00726
121	0.08501	0.01085	0.01268	0.00951	0.01403	0.00966	0.03072	0.12084	0.03295	0.06688	0.05580	0.01430	0.01152	0.00533	0.00467	0.00120	0.00460	0.00428	0.00411	0.50106
122	0.01149	0.06171	0.72548	0.01594	0.02405	0.01348	0.03610	0.01779	0.01189	0.01763	0.01003	0.01183	0.00716	0.00531	0.00530	0.00176	0.00825	0.00416	0.00239	0.00825
123	0.00686	0.00490	0.00653	0.00784	0.00816	0.00457	0.00522	0.00784	0.01077	0.01437	0.03102	0.79855	0.03722	0.01763	0.00718	0.00229	0.00326	0.01600	0.00522	0.00457
124	0.00686	0.00500	0.00647	0.00759	0.00811	0.00461	0.00513	0.00793	0.01112	0.01466	0.05196	0.70202	0.11358	0.01713	0.00711	0.00223	0.00321	0.01542	0.00525	0.00461
125	0.01509	0.24422	0.26049	0.01457	0.04337	0.06247	0.09543	0.04133	0.06525	0.08946	0.01168	0.01278	0.00881	0.00550	0.00505	0.00161	0.00718	0.00443	0.00325	0.00803
126	0.01312	0.01418	0.02478	0.11275	0.10883	0.06906	0.35961	0.01661	0.01216	0.01629	0.01050	0.01460	0.00851	0.00806	0.05493	0.00236	0.13807	0.00573	0.00275	0.00711
127	0.00692	0.00541	0.00625	0.00687	0.00804	0.00480	0.00493	0.00820	0.01188	0.01485	0.04374	0.35900	0.40401	0.03556	0.00749	0.00219	0.00323	0.05679	0.00518	0.00467
128	0.00805	0.00597	0.00873	0.00873	0.00963	0.00686	0.00664	0.00985	0.00895	0.01283	0.01536	0.02369	0.01476	0.12389	0.69918	0.00866	0.01404	0.00626	0.00306	0.00485
129	0.03672	0.04380	0.14587	0.02067	0.14815	0.03193	0.28069	0.01904	0.08825	0.04430	0.01197	0.01443	0.00920	0.00573	0.00689	0.00185	0.07395	0.00546	0.00317	0.00793
130	0.01105	0.01038	0.01778	0.56794	0.14721	0.01209	0.05408	0.01460	0.01159	0.01534	0.01160	0.06110	0.00969	0.00621	0.00572	0.00186	0.00712	0.00574	0.02229	0.00661
131	0.00744	0.00545	0.00704	0.00794	0.00858	0.00523	0.00545	0.00954	0.05544	0.01611	0.13847	0.64142	0.03838	0.01614	0.00702	0.00219	0.00325	0.01457	0.00540	0.00493
132	0.17704	0.00997	0.05566	0.00890	0.01184	0.00940	0.02135	0.01635	0.18731	0.03296	0.03184	0.05036	0.28323	0.01021	0.00581	0.00193	0.00423	0.07041	0.00480	0.00639
133	0.01915	0.06934	0.03725	0.03942	0.02982	0.10986	0.03206	0.15426	0.07678	0.25491	0.04161	0.01744	0.01288	0.00705	0.00630	0.00175	0.05240	0.02445	0.00497	0.00828
134	0.01250	0.04648	0.47716	0.01735	0.04069	0.06016	0.14162	0.01761	0.01200	0.01701	0.00987	0.01235	0.00745	0.00576	0.00701	0.00184	0.09820	0.00462	0.00251	0.00782
135	0.00869	0.00562	0.00725	0.00784	0.00882	0.00519	0.00549	0.01031	0.02921	0.08097	0.09649	0.57527	0.10620	0.01561	0.00692	0.00215	0.00333	0.01397	0.00547	0.00519
136	0.01543	0.39905	0.08903	0.03530	0.07819	0.01714	0.02887	0.03719	0.01236	0.10704	0.01038	0.01178	0.00835	0.00561	0.00566	0.00149	0.07361	0.00398	0.00315	0.05638
137	0.01545	0.05978	0.01483	0.01190	0.01541	0.04598	0.02862	0.10383	0.56364	0.04678	0.02013	0.01885	0.01506	0.00720	0.00559	0.00182	0.00510	0.00590	0.00537	0.00877
138	0.00999	0.00620	0.00817	0.00742	0.00910	0.00566	0.00566	0.01259	0.01595	0.11010	0.67737	0.03936	0.04852	0.01097	0.00652	0.00177	0.00290	0.00965	0.00629	0.00581
139	0.01255	0.19056	0.48392	0.01794	0.15284	0.01507	0.01781	0.01752	0.01195	0.01695	0.00970	0.01164	0.00746	0.00518	0.00502	0.00164	0.00754	0.00407	0.00245	0.00819
140	0.01509	0.76371	0.05049	0.00994	0.01480	0.04108	0.00998	0.01702	0.01156	0.01339	0.00791	0.00914	0.00722	0.00485	0.00370	0.00123	0.00619	0.00306	0.00242	0.00724
141	0.00665	0.00570	0.00570	0.00570	0.00760	0.00475	0.00428	0.00808	0.01283	0.01520	0.05701	0.05416	0.76483	0.01425	0.00665	0.00190	0.00285	0.01188	0.00523	0.00475
142	0.01705	0.01101	0.01267	0.01053	0.01424	0.01134	0.00838	0.06860	0.37514	0.23696	0.05961	0.02003	0.01664	0.00718	0.00556	0.00171	0.00452	0.00593	0.00582	0.10707
143	0.00712	0.00505	0.00667	0.00786	0.00823	0.00478	0.00533	0.00813	0.01070	0.01424	0.02978	0.68211	0.03544	0.08551	0.00908	0.00258	0.00359	0.06422	0.00506	0.00451
144	0.01057	0.00764	0.00922	0.00840	0.01040	0.00777	0.00643	0.01668	0.21078	0.06687	0.52559	0.03516	0.04135	0.01022	0.00634	0.00180	0.00325	0.00891	0.00612	0.00651
