[name]
unknown

[dist]
# distance from previous block
# <min> <max>
0	162

[block]
# block no. 0 follows, 41 sequences, length 11
# corresponding to MSA columns:
# 183-193
name=unknown_A
#
# <colnr> <probs for GDERKNQSTAVLIFYWHMCP>
#	G	D	E	R	K	N	Q	S	T	A	V	L	I	F	Y	W	H	M	C	P
0	0.01000	0.00702	0.00873	0.00910	0.01028	0.00714	0.00705	0.09361	0.01312	0.01756	0.02549	0.21349	0.02795	0.18761	0.01204	0.00305	0.00490	0.29774	0.03887	0.00524
1	0.01035	0.00549	0.00595	0.00605	0.00736	0.00558	0.00466	0.01296	0.01187	0.02035	0.01932	0.02484	0.01608	0.01027	0.06581	0.00206	0.00388	0.06249	0.69932	0.00531
2	0.19441	0.00999	0.06966	0.06997	0.01326	0.00929	0.00786	0.01394	0.01120	0.01975	0.05764	0.07512	0.01476	0.04675	0.00686	0.00185	0.05894	0.00574	0.21239	0.10062
3	0.01150	0.01042	0.01367	0.34722	0.02392	0.06393	0.01143	0.07762	0.01350	0.01736	0.08595	0.14086	0.05075	0.00948	0.00698	0.00199	0.05363	0.04972	0.00390	0.00619
4	0.01198	0.01110	0.07263	0.04543	0.01579	0.01006	0.13313	0.06437	0.01232	0.05919	0.08002	0.02486	0.01702	0.27710	0.02911	0.00323	0.06856	0.00682	0.00377	0.05350
5	0.07063	0.01250	0.01637	0.37407	0.14706	0.07966	0.01327	0.07349	0.01335	0.01806	0.01301	0.01611	0.05114	0.00608	0.00545	0.00173	0.00686	0.00509	0.00317	0.07289
6	0.01282	0.01385	0.06022	0.09080	0.23958	0.11819	0.03499	0.01711	0.09714	0.01724	0.01918	0.15146	0.06734	0.00869	0.00605	0.00187	0.00639	0.02606	0.00380	0.00725
7	0.01319	0.01274	0.10775	0.01467	0.01857	0.01055	0.22402	0.01752	0.06760	0.12924	0.05166	0.14247	0.04963	0.00933	0.00706	0.00203	0.03851	0.07173	0.00448	0.00724
8	0.01337	0.13399	0.09777	0.01316	0.01768	0.01281	0.16228	0.10761	0.03622	0.04323	0.05458	0.09284	0.07381	0.00760	0.00570	0.00168	0.00611	0.00678	0.00400	0.10877
9	0.01448	0.01438	0.10680	0.01518	0.06108	0.01283	0.14000	0.11510	0.23191	0.06489	0.08699	0.04330	0.01672	0.00719	0.00598	0.00182	0.00605	0.00650	0.00471	0.04408
10	0.01720	0.01781	0.10140	0.01651	0.04260	0.12395	0.18846	0.19484	0.13642	0.06679	0.01404	0.01502	0.01033	0.00613	0.00585	0.00177	0.00752	0.00544	0.00425	0.02367

[dist]
# distance from previous block
# <min> <max>
7	45

[block]
# block no. 1 follows, 41 sequences, length 15
# corresponding to MSA columns:
# 239-253
name=unknown_B
#
# <colnr> <probs for GDERKNQSTAVLIFYWHMCP>
#	G	D	E	R	K	N	Q	S	T	A	V	L	I	F	Y	W	H	M	C	P
0	0.26940	0.05871	0.02826	0.01462	0.05771	0.06300	0.20414	0.05011	0.01319	0.07386	0.05063	0.01415	0.01058	0.00564	0.00512	0.00169	0.00648	0.00491	0.00370	0.06410
1	0.04478	0.05771	0.06825	0.01355	0.05557	0.01270	0.10710	0.12961	0.05428	0.05311	0.06588	0.02066	0.08352	0.00765	0.00710	0.00181	0.09588	0.00619	0.10730	0.00734
2	0.01315	0.09653	0.13857	0.05632	0.06376	0.05912	0.14555	0.07452	0.01408	0.01912	0.10620	0.05875	0.01568	0.00698	0.00613	0.00172	0.03325	0.00613	0.02943	0.05501
3	0.01468	0.08661	0.15880	0.18800	0.07475	0.05990	0.06044	0.12063	0.01459	0.06239	0.01220	0.04803	0.00974	0.00619	0.00549	0.00171	0.00713	0.00520	0.00347	0.06006
4	0.01555	0.04167	0.11253	0.01500	0.11541	0.03138	0.05907	0.06530	0.07858	0.18874	0.04458	0.05797	0.09022	0.00828	0.00601	0.00185	0.00584	0.04927	0.00478	0.00800
5	0.06238	0.01157	0.08893	0.04538	0.04414	0.00989	0.09106	0.04322	0.05632	0.14543	0.09458	0.15869	0.06504	0.00928	0.00640	0.00191	0.02374	0.00814	0.00476	0.02914
6	0.07608	0.05755	0.05729	0.01181	0.05884	0.01134	0.00949	0.16162	0.01606	0.19017	0.06489	0.06602	0.01579	0.00756	0.00549	0.00167	0.00520	0.04400	0.00495	0.13419
7	0.06493	0.06817	0.17489	0.01361	0.06271	0.01399	0.01221	0.22831	0.07467	0.13264	0.01380	0.01410	0.00993	0.00609	0.00527	0.00165	0.00612	0.00472	0.00449	0.08771
8	0.11685	0.06438	0.21194	0.01689	0.13836	0.05760	0.05282	0.10576	0.03733	0.02087	0.01340	0.01943	0.01153	0.00695	0.00556	0.00184	0.00691	0.10022	0.00357	0.00781
9	0.01386	0.06425	0.38830	0.01589	0.06942	0.10062	0.05887	0.01927	0.05772	0.04986	0.01184	0.01341	0.00885	0.00561	0.00529	0.00167	0.00756	0.00452	0.04729	0.05591
10	0.05605	0.01131	0.04227	0.04189	0.01776	0.01035	0.20333	0.05983	0.05831	0.04117	0.20244	0.02485	0.08093	0.00767	0.00602	0.00172	0.00562	0.00714	0.00446	0.11687
11	0.09293	0.00752	0.00868	0.00837	0.01004	0.00787	0.00627	0.10749	0.01323	0.01898	0.09337	0.23302	0.13394	0.06386	0.16440	0.00366	0.00628	0.00978	0.00471	0.00560
12	0.01284	0.06920	0.01674	0.01339	0.01536	0.14279	0.09134	0.01494	0.01212	0.01538	0.06420	0.02454	0.05779	0.01278	0.08663	0.00278	0.23618	0.10137	0.00345	0.00618
13	0.01407	0.21385	0.12565	0.06904	0.02273	0.01585	0.24856	0.10614	0.01431	0.01887	0.01254	0.01812	0.01064	0.00634	0.00572	0.00178	0.00761	0.07729	0.00328	0.00763
14	0.01557	0.79894	0.03009	0.00998	0.01488	0.02273	0.00990	0.01731	0.01180	0.01374	0.00825	0.00959	0.00762	0.00509	0.00380	0.00128	0.00621	0.00316	0.00255	0.00749

[dist]
# distance from previous block
# <min> <max>
0	2

[block]
# block no. 2 follows, 41 sequences, length 65
# corresponding to MSA columns:
# 256-320
name=unknown_C
#
# <colnr> <probs for GDERKNQSTAVLIFYWHMCP>
#	G	D	E	R	K	N	Q	S	T	A	V	L	I	F	Y	W	H	M	C	P
0	0.01592	0.00916	0.01034	0.00914	0.01169	0.05551	0.00692	0.01749	0.01505	0.29211	0.17352	0.11760	0.16406	0.06381	0.00819	0.00226	0.00459	0.00928	0.00615	0.00721
1	0.00697	0.00498	0.00664	0.00796	0.00830	0.00465	0.00531	0.00796	0.01095	0.01460	0.03153	0.79525	0.03783	0.01792	0.00730	0.00232	0.00332	0.01626	0.00531	0.00465
2	0.15114	0.01021	0.01354	0.01055	0.01466	0.00959	0.05818	0.05075	0.01551	0.50381	0.08660	0.01950	0.01600	0.00706	0.00556	0.00178	0.00498	0.00580	0.00611	0.00864
3	0.11805	0.00865	0.01115	0.01339	0.17325	0.00840	0.00821	0.01421	0.03065	0.10133	0.08278	0.13071	0.25613	0.01053	0.00604	0.00188	0.00424	0.00899	0.00482	0.00658
4	0.25941	0.01146	0.01225	0.01003	0.01391	0.01212	0.00817	0.14890	0.13406	0.27450	0.04740	0.01677	0.01324	0.00683	0.00515	0.00179	0.00484	0.00518	0.00558	0.00841
5	0.01423	0.01229	0.01293	0.01164	0.01487	0.01423	0.00905	0.03039	0.75297	0.02393	0.02328	0.02134	0.01746	0.00776	0.00582	0.00194	0.00453	0.00647	0.00582	0.00905
6	0.01238	0.01470	0.08397	0.22333	0.03115	0.01352	0.46733	0.01692	0.01275	0.01718	0.01189	0.04605	0.00945	0.00562	0.00640	0.00193	0.00877	0.00650	0.00286	0.00729
7	0.01488	0.00796	0.01068	0.01005	0.01241	0.00777	0.00826	0.04728	0.03711	0.25983	0.02459	0.09210	0.02291	0.04423	0.10749	0.00323	0.00633	0.27046	0.00554	0.00689
8	0.01423	0.01229	0.01293	0.01164	0.01487	0.01423	0.00905	0.03039	0.75297	0.02393	0.02328	0.02134	0.01746	0.00776	0.00582	0.00194	0.00453	0.00647	0.00582	0.00905
9	0.01137	0.01068	0.01797	0.61567	0.17782	0.01265	0.01581	0.01498	0.01164	0.01529	0.01053	0.01575	0.00832	0.03108	0.00646	0.00198	0.00740	0.00519	0.00263	0.00678
10	0.01519	0.07665	0.04782	0.02280	0.26025	0.01501	0.20789	0.13189	0.01509	0.04395	0.03938	0.01508	0.01059	0.00598	0.00683	0.00180	0.06642	0.00557	0.00350	0.00832
11	0.00886	0.00598	0.00717	0.00714	0.00800	0.00572	0.00479	0.03233	0.01188	0.04384	0.17327	0.21376	0.11106	0.32269	0.01560	0.00340	0.00418	0.01077	0.00486	0.00470
12	0.01372	0.00877	0.00993	0.00885	0.01083	0.02533	0.00652	0.14302	0.05543	0.12858	0.10212	0.15463	0.02348	0.21402	0.01203	0.00281	0.00475	0.00853	0.06026	0.00639
13	0.01192	0.07445	0.25325	0.04560	0.06765	0.01385	0.14106	0.01566	0.01126	0.01604	0.01144	0.04741	0.01019	0.06791	0.03435	0.00246	0.15991	0.00569	0.00277	0.00714
14	0.03214	0.01013	0.01465	0.34459	0.07456	0.01170	0.01189	0.12085	0.01353	0.03890	0.03593	0.09605	0.01390	0.06286	0.06074	0.00266	0.03799	0.00663	0.00366	0.00664
15	0.00829	0.00552	0.00659	0.00720	0.00825	0.00521	0.00532	0.01007	0.01208	0.01709	0.07228	0.29447	0.15913	0.04619	0.00735	0.00216	0.00343	0.11626	0.20820	0.00493
16	0.01172	0.01049	0.01672	0.18862	0.04720	0.01169	0.13384	0.01660	0.12017	0.03958	0.01859	0.07393	0.06114	0.01099	0.06275	0.00255	0.09355	0.04776	0.02537	0.00677
17	0.05571	0.18616	0.03962	0.01119	0.01464	0.06480	0.10332	0.01740	0.01247	0.11457	0.01368	0.01577	0.01075	0.00940	0.07636	0.00226	0.03772	0.00487	0.20241	0.00689
18	0.06626	0.00979	0.01589	0.03908	0.09284	0.00966	0.17840	0.04405	0.03940	0.04166	0.02321	0.31653	0.07714	0.01092	0.00650	0.00203	0.00554	0.01022	0.00438	0.00651
19	0.06412	0.00912	0.01031	0.05295	0.01289	0.00963	0.00733	0.11424	0.15729	0.05032	0.21265	0.06212	0.16477	0.03849	0.00696	0.00200	0.00417	0.00846	0.00544	0.00675
20	0.07769	0.01228	0.09493	0.11299	0.06527	0.01130	0.01137	0.04450	0.06387	0.22402	0.02994	0.01937	0.01288	0.02880	0.07085	0.00259	0.07003	0.03514	0.00445	0.00773
21	0.01250	0.01263	0.02364	0.35987	0.23263	0.01346	0.22852	0.01649	0.01247	0.01680	0.01074	0.01501	0.00832	0.00529	0.00600	0.00186	0.00799	0.00557	0.00272	0.00748
22	0.00761	0.00539	0.00691	0.00783	0.00833	0.00515	0.00541	0.00869	0.01096	0.01452	0.05574	0.47053	0.06391	0.18793	0.01211	0.00304	0.00404	0.11249	0.00494	0.00451
23	0.01318	0.01523	0.05835	0.09371	0.07879	0.01434	0.56852	0.01772	0.01302	0.01780	0.01116	0.01507	0.00850	0.00517	0.00707	0.00193	0.04366	0.00632	0.00282	0.00764
24	0.10287	0.01286	0.02642	0.31373	0.02456	0.08835	0.01178	0.04979	0.16336	0.12860	0.01442	0.01587	0.01047	0.00635	0.00545	0.00183	0.00648	0.00510	0.00414	0.00757
25	0.02129	0.01566	0.01676	0.01292	0.01738	0.01734	0.01065	0.70924	0.04266	0.03539	0.01407	0.01410	0.01003	0.00688	0.00568	0.00171	0.00616	0.00518	0.02729	0.00960
26	0.01385	0.01236	0.01948	0.23459	0.19168	0.01305	0.11377	0.06732	0.12791	0.04750	0.01322	0.01569	0.01008	0.00575	0.00572	0.00174	0.00671	0.00539	0.00363	0.09056
27	0.00911	0.00643	0.00786	0.00828	0.00935	0.00629	0.00580	0.05913	0.05455	0.04268	0.05380	0.53798	0.09494	0.06505	0.00837	0.00240	0.00372	0.01356	0.00534	0.00538
28	0.00818	0.00611	0.00908	0.00908	0.01007	0.00709	0.00701	0.01014	0.00916	0.01320	0.01542	0.02303	0.01454	0.07120	0.74834	0.00906	0.01496	0.00621	0.00308	0.00505
29	0.01474	0.01298	0.01795	0.02273	0.36790	0.01392	0.01311	0.05102	0.35950	0.03942	0.01700	0.01762	0.01313	0.00645	0.00574	0.00181	0.00567	0.00575	0.00444	0.00910
30	0.00686	0.00563	0.00597	0.00621	0.00777	0.00482	0.00449	0.00817	0.01247	0.01512	0.05148	0.19099	0.59814	0.04623	0.00775	0.00215	0.00308	0.01270	0.00524	0.00474
31	0.00715	0.00511	0.00683	0.00810	0.00853	0.00479	0.00556	0.00830	0.01126	0.01503	0.05485	0.72495	0.03804	0.01759	0.00732	0.00233	0.00342	0.06080	0.00534	0.00471
32	0.01423	0.01229	0.01293	0.01164	0.01487	0.01423	0.00905	0.03039	0.75297	0.02393	0.02328	0.02134	0.01746	0.00776	0.00582	0.00194	0.00453	0.00647	0.00582	0.00905
33	0.07027	0.03823	0.01748	0.46832	0.11109	0.12211	0.01421	0.06162	0.01314	0.01702	0.01004	0.01374	0.00777	0.00569	0.00542	0.00178	0.00757	0.00469	0.00289	0.00692
34	0.01423	0.01229	0.01293	0.01164	0.01487	0.01423	0.00905	0.03039	0.75297	0.02393	0.02328	0.02134	0.01746	0.00776	0.00582	0.00194	0.00453	0.00647	0.00582	0.00905
35	0.01582	0.01193	0.01298	0.01144	0.01484	0.01341	0.00896	0.03004	0.65018	0.12766	0.02318	0.02108	0.01700	0.00767	0.00581	0.00192	0.00457	0.00637	0.00600	0.00915
36	0.01350	0.01543	0.03375	0.02411	0.02989	0.01446	0.74253	0.01832	0.01350	0.01832	0.01157	0.01543	0.00868	0.00482	0.00675	0.00193	0.00964	0.00675	0.00289	0.00771
37	0.01186	0.01017	0.01186	0.00847	0.01356	0.00762	0.00678	0.01440	0.01186	0.01864	0.01017	0.01186	0.00847	0.00424	0.00424	0.00085	0.00424	0.00339	0.00339	0.83395
38	0.02427	0.01196	0.01465	0.01124	0.01571	0.01172	0.00928	0.28201	0.02010	0.50786	0.01943	0.01743	0.01259	0.00700	0.00574	0.00175	0.00537	0.00554	0.00660	0.00973
39	0.01222	0.01209	0.01696	0.01463	0.01470	0.01683	0.01216	0.01353	0.00879	0.01373	0.00803	0.01318	0.00796	0.01220	0.06926	0.00295	0.73698	0.00508	0.00254	0.00618
40	0.01318	0.00673	0.00870	0.00818	0.01008	0.00602	0.00601	0.01465	0.01308	0.25779	0.08050	0.32402	0.12527	0.08756	0.00876	0.00236	0.00393	0.01116	0.00577	0.00625
41	0.00835	0.00605	0.00687	0.00691	0.00873	0.00527	0.00531	0.01003	0.01332	0.06362	0.10827	0.12506	0.50620	0.01426	0.00687	0.00202	0.00330	0.08882	0.00550	0.00521
42	0.02272	0.01226	0.01457	0.01141	0.01572	0.01244	0.00935	0.27599	0.12214	0.41129	0.01961	0.01774	0.01308	0.00710	0.00575	0.00178	0.00531	0.00564	0.00644	0.00964
43	0.01222	0.00686	0.00845	0.00765	0.01000	0.00601	0.00599	0.01424	0.01465	0.21541	0.22316	0.06868	0.31973	0.01202	0.00657	0.00191	0.00352	0.05063	0.00602	0.00628
44	0.03905	0.00608	0.00672	0.00649	0.00820	0.00571	0.00486	0.01275	0.01280	0.09258	0.10147	0.12095	0.18957	0.02527	0.00591	0.00177	0.00313	0.00864	0.34249	0.00557
45	0.00753	0.00579	0.00674	0.00676	0.00818	0.00519	0.00501	0.00932	0.01355	0.01765	0.28891	0.09662	0.35946	0.08554	0.00891	0.00229	0.00326	0.05891	0.00547	0.00491
46	0.00784	0.00576	0.00748	0.00766	0.00881	0.00521	0.00546	0.00972	0.01337	0.01864	0.35607	0.39918	0.04283	0.01410	0.00682	0.00198	0.00311	0.01264	0.00561	0.06773
47	0.01923	0.01297	0.01451	0.01172	0.01549	0.01393	0.00944	0.44534	0.10082	0.14058	0.03878	0.11761	0.01607	0.00856	0.00597	0.00183	0.00541	0.00696	0.00590	0.00888
48	0.00816	0.00554	0.00657	0.00692	0.00709	0.00548	0.00429	0.00856	0.00921	0.01224	0.02147	0.17315	0.02485	0.59309	0.02342	0.00472	0.00513	0.07233	0.00395	0.00383
49	0.00780	0.00584	0.00724	0.00689	0.00836	0.00527	0.00516	0.01022	0.01549	0.02128	0.60495	0.04545	0.21033	0.01231	0.00675	0.00183	0.00274	0.01073	0.00608	0.00527
50	0.00962	0.00710	0.00866	0.00891	0.01014	0.00720	0.00643	0.10561	0.06979	0.01904	0.10580	0.53560	0.03422	0.01500	0.00694	0.00217	0.00378	0.03275	0.00551	0.00574
51	0.00891	0.00635	0.00816	0.00845	0.00954	0.00630	0.00634	0.05876	0.01350	0.01848	0.21970	0.29175	0.03602	0.07559	0.05727	0.00285	0.00461	0.13742	0.02475	0.00525
52	0.01664	0.01124	0.01202	0.01044	0.01359	0.05902	0.00819	0.02551	0.36528	0.21877	0.11970	0.02299	0.02061	0.00791	0.00576	0.00181	0.00462	0.00654	0.06101	0.00835
53	0.00743	0.00548	0.00696	0.00732	0.00832	0.00500	0.00521	0.00924	0.01355	0.01839	0.35580	0.35894	0.14784	0.01469	0.00698	0.00204	0.00299	0.01306	0.00574	0.00500
54	0.25150	0.00674	0.00773	0.00747	0.00850	0.00726	0.00533	0.01018	0.00812	0.01452	0.00936	0.01503	0.00885	0.01563	0.01688	0.59133	0.00481	0.00442	0.00279	0.00356
55	0.01167	0.01017	0.01279	0.14546	0.01811	0.00852	0.00838	0.01444	0.01179	0.01793	0.01017	0.01246	0.00832	0.00450	0.00450	0.00103	0.00483	0.00369	0.00324	0.68799
56	0.01719	0.34281	0.15137	0.01299	0.01768	0.33850	0.01227	0.01970	0.01363	0.01449	0.00872	0.01015	0.00734	0.00541	0.00460	0.00143	0.00829	0.00352	0.00265	0.00723
57	0.00740	0.00553	0.00694	0.00796	0.00865	0.00527	0.00544	0.00941	0.05802	0.01528	0.03392	0.66481	0.11626	0.01690	0.00715	0.00226	0.00335	0.01518	0.00534	0.00494
58	0.00869	0.00775	0.00785	0.02476	0.00993	0.05729	0.00581	0.01144	0.06451	0.01710	0.17546	0.09528	0.41633	0.01477	0.05518	0.00236	0.00439	0.01057	0.00517	0.00538
59	0.17783	0.26622	0.09229	0.01161	0.01606	0.05756	0.05634	0.09336	0.08075	0.01993	0.01101	0.01252	0.00889	0.00842	0.06296	0.00217	0.00703	0.00421	0.00341	0.00744
60	0.21313	0.06228	0.01684	0.01235	0.01652	0.01355	0.14132	0.10831	0.16482	0.02280	0.01286	0.01412	0.00994	0.00633	0.00574	0.03605	0.00572	0.00482	0.00402	0.12847
61	0.01666	0.01484	0.06987	0.07369	0.02175	0.01443	0.18617	0.23301	0.17287	0.08571	0.01532	0.01615	0.01110	0.00631	0.00592	0.00181	0.00678	0.00573	0.00464	0.03724
62	0.08777	0.01628	0.11713	0.01364	0.04807	0.09485	0.05061	0.09650	0.20173	0.08686	0.01465	0.01506	0.01090	0.00627	0.00564	0.00170	0.02344	0.00496	0.00433	0.09961
63	0.13027	0.04991	0.03723	0.01098	0.01471	0.03694	0.02551	0.13454	0.23002	0.14967	0.05967	0.04779	0.03314	0.00759	0.00550	0.00181	0.00515	0.00608	0.00528	0.00821
64	0.12708	0.03416	0.01481	0.01368	0.09157	0.08900	0.02579	0.17558	0.14549	0.09050	0.07721	0.01887	0.01517	0.00715	0.00548	0.00176	0.00571	0.02932	0.02362	0.00805

[dist]
# distance from previous block
# <min> <max>
0	35

[block]
# block no. 3 follows, 41 sequences, length 73
# corresponding to MSA columns:
# 356-428
name=unknown_D
#
# <colnr> <probs for GDERKNQSTAVLIFYWHMCP>
#	G	D	E	R	K	N	Q	S	T	A	V	L	I	F	Y	W	H	M	C	P
0	0.12105	0.02984	0.04805	0.22643	0.02128	0.01205	0.01081	0.08145	0.11810	0.15796	0.07895	0.01797	0.01420	0.00674	0.00544	0.00179	0.00564	0.00547	0.00457	0.03220
1	0.13302	0.07220	0.01615	0.02742	0.05033	0.06928	0.07266	0.08572	0.21081	0.07284	0.03518	0.03844	0.01298	0.00664	0.00529	0.00170	0.00573	0.00544	0.00446	0.07370
2	0.07178	0.01294	0.05232	0.10064	0.13227	0.01294	0.05695	0.13992	0.11153	0.14640	0.03002	0.01900	0.01281	0.00700	0.00612	0.00187	0.02689	0.04568	0.00460	0.00832
3	0.09660	0.01210	0.02931	0.26597	0.02348	0.03322	0.05058	0.05472	0.22024	0.04026	0.02878	0.01765	0.01207	0.00666	0.00584	0.00185	0.02325	0.02213	0.00404	0.05127
4	0.38285	0.01280	0.03256	0.10900	0.01687	0.05367	0.00943	0.10496	0.01300	0.07299	0.02653	0.01255	0.00869	0.00627	0.00597	0.00180	0.08317	0.00420	0.00380	0.03887
5	0.22027	0.06274	0.01506	0.01167	0.01546	0.17602	0.00947	0.31645	0.03602	0.02606	0.01126	0.01230	0.00865	0.00806	0.04498	0.00204	0.00710	0.00430	0.00428	0.00781
6	0.01072	0.00840	0.01010	0.00945	0.03271	0.00817	0.00699	0.01646	0.19300	0.04061	0.29960	0.09235	0.06919	0.00994	0.00612	0.00174	0.00371	0.02972	0.00545	0.14556
7	0.00805	0.00577	0.00730	0.00808	0.00872	0.00553	0.00548	0.04570	0.01151	0.01541	0.02844	0.62971	0.03352	0.11208	0.00981	0.00266	0.00380	0.02872	0.00506	0.02463
8	0.01917	0.00990	0.01232	0.01021	0.01385	0.00959	0.00824	0.02537	0.22207	0.40967	0.10062	0.02441	0.02000	0.00808	0.00592	0.00182	0.00454	0.04292	0.00639	0.04493
9	0.01797	0.01257	0.01782	0.01395	0.01802	0.04524	0.17897	0.11001	0.15702	0.24916	0.02016	0.08206	0.03447	0.00769	0.00612	0.00187	0.00614	0.00698	0.00533	0.00845
10	0.00696	0.00529	0.00632	0.00711	0.00800	0.00475	0.00488	0.00807	0.01157	0.01474	0.04026	0.49623	0.29385	0.05394	0.00815	0.00234	0.00328	0.01439	0.00522	0.00465
11	0.01822	0.00804	0.01074	0.00894	0.01203	0.00706	0.00709	0.02039	0.01560	0.45859	0.21500	0.10395	0.06971	0.00976	0.00622	0.00184	0.00404	0.00833	0.00660	0.00784
12	0.00820	0.00600	0.00853	0.00853	0.00933	0.00679	0.00633	0.00979	0.00900	0.01279	0.01592	0.02581	0.01575	0.21166	0.60954	0.00838	0.01314	0.00662	0.00315	0.00474
13	0.00711	0.00506	0.00657	0.00772	0.00806	0.00475	0.00509	0.00801	0.01073	0.01425	0.03087	0.69363	0.05703	0.10041	0.00959	0.00265	0.00354	0.01530	0.00511	0.00453
14	0.75242	0.01140	0.00912	0.00804	0.01162	0.01317	0.00660	0.05752	0.04849	0.02615	0.00906	0.01015	0.00696	0.00552	0.00378	0.00178	0.00453	0.00338	0.00378	0.00653
15	0.02395	0.01248	0.01497	0.01148	0.01597	0.01248	0.00948	0.34048	0.02096	0.44817	0.01871	0.01697	0.01223	0.00699	0.00574	0.00175	0.00549	0.00549	0.00649	0.00973
16	0.00831	0.00556	0.00631	0.00629	0.00636	0.00554	0.00356	0.00844	0.00872	0.01169	0.05579	0.03770	0.02248	0.75892	0.02798	0.00535	0.00540	0.00842	0.00361	0.00356
17	0.06494	0.01044	0.01308	0.01039	0.01456	0.00993	0.00848	0.04900	0.14561	0.57740	0.02169	0.01911	0.01420	0.00710	0.00565	0.00180	0.00483	0.00572	0.00664	0.00943
18	0.01267	0.01025	0.01100	0.01005	0.01291	0.01122	0.00783	0.02385	0.49650	0.05712	0.05343	0.03134	0.19073	0.00971	0.00614	0.00195	0.00414	0.03554	0.00576	0.00786
19	0.01251	0.01251	0.01752	0.01502	0.01502	0.01752	0.01251	0.01377	0.00876	0.01377	0.00751	0.01251	0.00751	0.01001	0.01877	0.00250	0.78851	0.00501	0.00250	0.00626
20	0.00832	0.00555	0.00624	0.00624	0.00624	0.00555	0.00347	0.00832	0.00832	0.01109	0.01802	0.03743	0.02080	0.79898	0.02911	0.00555	0.00555	0.00832	0.00347	0.00347
21	0.83938	0.01106	0.00841	0.00752	0.01106	0.01283	0.00619	0.01681	0.00973	0.02566	0.00796	0.00929	0.00619	0.00531	0.00354	0.00177	0.00442	0.00310	0.00354	0.00619
22	0.02403	0.01236	0.01490	0.01142	0.01591	0.01230	0.00944	0.32687	0.02076	0.46206	0.01888	0.01707	0.01231	0.00699	0.00574	0.00175	0.00546	0.00550	0.00651	0.00973
23	0.01350	0.01543	0.03375	0.02411	0.02989	0.01446	0.74253	0.01832	0.01350	0.01832	0.01157	0.01543	0.00868	0.00482	0.00675	0.00193	0.00964	0.00675	0.00289	0.00771
24	0.00703	0.00584	0.00620	0.00640	0.00819	0.00501	0.00491	0.00858	0.01295	0.01559	0.05376	0.09134	0.64952	0.01479	0.00691	0.00202	0.00317	0.08763	0.00531	0.00487
25	0.00994	0.00497	0.00745	0.00745	0.00745	0.00497	0.00497	0.00745	0.00745	0.00994	0.00994	0.01739	0.00994	0.01987	0.02235	0.83358	0.00497	0.00497	0.00248	0.00248
26	0.00922	0.00658	0.00922	0.01053	0.01185	0.00658	0.00922	0.01185	0.01317	0.01712	0.03029	0.06452	0.03292	0.01580	0.00790	0.00263	0.00527	0.72480	0.00527	0.00527
27	0.01423	0.01229	0.01293	0.01164	0.01487	0.01423	0.00905	0.03039	0.75297	0.02393	0.02328	0.02134	0.01746	0.00776	0.00582	0.00194	0.00453	0.00647	0.00582	0.00905
28	0.00832	0.00555	0.00624	0.00624	0.00624	0.00555	0.00347	0.00832	0.00832	0.01109	0.01802	0.03743	0.02080	0.79898	0.02911	0.00555	0.00555	0.00832	0.00347	0.00347
29	0.00797	0.00584	0.00747	0.00707	0.00847	0.00534	0.00530	0.01056	0.01590	0.02225	0.69541	0.04386	0.11928	0.01195	0.00675	0.00181	0.00272	0.01050	0.00621	0.00534
30	0.02174	0.01602	0.01717	0.01316	0.01774	0.01774	0.01087	0.74423	0.02689	0.03605	0.01373	0.01373	0.00973	0.00687	0.00572	0.00172	0.00629	0.00515	0.00572	0.00973
31	0.83938	0.01106	0.00841	0.00752	0.01106	0.01283	0.00619	0.01681	0.00973	0.02566	0.00796	0.00929	0.00619	0.00531	0.00354	0.00177	0.00442	0.00310	0.00354	0.00619
32	0.00697	0.00498	0.00664	0.00796	0.00830	0.00465	0.00531	0.00796	0.01095	0.01460	0.03153	0.79525	0.03783	0.01792	0.00730	0.00232	0.00332	0.01626	0.00531	0.00465
33	0.02345	0.01328	0.01547	0.01186	0.01637	0.01367	0.00980	0.43162	0.02230	0.35514	0.01759	0.01624	0.01166	0.00696	0.00574	0.00174	0.00567	0.00541	0.00631	0.00973
34	0.00697	0.00498	0.00664	0.00796	0.00830	0.00465	0.00531	0.00796	0.01095	0.01460	0.03153	0.79525	0.03783	0.01792	0.00730	0.00232	0.00332	0.01626	0.00531	0.00465
35	0.00817	0.00613	0.00919	0.00919	0.01021	0.00715	0.00715	0.01021	0.00919	0.01328	0.01532	0.02247	0.01430	0.04290	0.77631	0.00919	0.01532	0.00613	0.00306	0.00511
36	0.00832	0.00555	0.00624	0.00624	0.00624	0.00555	0.00347	0.00832	0.00832	0.01109	0.01802	0.03743	0.02080	0.79898	0.02911	0.00555	0.00555	0.00832	0.00347	0.00347
37	0.02170	0.01721	0.01706	0.01333	0.01773	0.09792	0.01089	0.66795	0.02576	0.03372	0.01322	0.01337	0.00948	0.00676	0.00566	0.00169	0.00672	0.00499	0.00543	0.00940
38	0.00697	0.00498	0.00664	0.00796	0.00830	0.00465	0.00531	0.00796	0.01095	0.01460	0.03153	0.79525	0.03783	0.01792	0.00730	0.00232	0.00332	0.01626	0.00531	0.00465
39	0.01186	0.01017	0.01186	0.00847	0.01356	0.00762	0.00678	0.01440	0.01186	0.01864	0.01017	0.01186	0.00847	0.00424	0.00424	0.00085	0.00424	0.00339	0.00339	0.83395
40	0.01080	0.01017	0.01716	0.78523	0.03940	0.01271	0.01589	0.01461	0.01144	0.01461	0.01017	0.01525	0.00762	0.00572	0.00572	0.00191	0.00762	0.00508	0.00254	0.00635
41	0.01251	0.01251	0.01752	0.01502	0.01502	0.01752	0.01251	0.01377	0.00876	0.01377	0.00751	0.01251	0.00751	0.01001	0.01877	0.00250	0.78851	0.00501	0.00250	0.00626
42	0.01143	0.00948	0.01050	0.00983	0.01229	0.01033	0.00769	0.02140	0.42283	0.02187	0.18106	0.03489	0.12485	0.01033	0.00636	0.00198	0.00401	0.08573	0.00579	0.00733
43	0.00832	0.00555	0.00624	0.00624	0.00624	0.00555	0.00347	0.00832	0.00832	0.01109	0.01802	0.03743	0.02080	0.79898	0.02911	0.00555	0.00555	0.00832	0.00347	0.00347
44	0.83938	0.01106	0.00841	0.00752	0.01106	0.01283	0.00619	0.01681	0.00973	0.02566	0.00796	0.00929	0.00619	0.00531	0.00354	0.00177	0.00442	0.00310	0.00354	0.00619
45	0.01121	0.01137	0.02256	0.14000	0.02477	0.01121	0.38618	0.01483	0.01262	0.01683	0.01773	0.17936	0.01744	0.00899	0.00684	0.00209	0.00750	0.09826	0.00362	0.00657
46	0.00949	0.00549	0.00568	0.00564	0.00711	0.00522	0.00423	0.01187	0.01268	0.02013	0.10619	0.03141	0.19203	0.00901	0.00493	0.00152	0.00272	0.00743	0.55199	0.00522
47	0.01350	0.01543	0.03375	0.02411	0.02989	0.01446	0.74253	0.01832	0.01350	0.01832	0.01157	0.01543	0.00868	0.00482	0.00675	0.00193	0.00964	0.00675	0.00289	0.00771
48	0.01262	0.02161	0.35476	0.02070	0.02765	0.01395	0.42772	0.01823	0.01288	0.01823	0.01100	0.01397	0.00805	0.00509	0.00618	0.00188	0.00912	0.00565	0.00268	0.00804
49	0.00700	0.00580	0.00613	0.00605	0.00787	0.00493	0.00453	0.00867	0.01360	0.01680	0.18430	0.05283	0.63378	0.01398	0.00676	0.00191	0.00286	0.01176	0.00549	0.00493
50	0.00697	0.00498	0.00664	0.00796	0.00830	0.00465	0.00531	0.00796	0.01095	0.01460	0.03153	0.79525	0.03783	0.01792	0.00730	0.00232	0.00332	0.01626	0.00531	0.00465
51	0.00832	0.00555	0.00624	0.00624	0.00624	0.00555	0.00347	0.00832	0.00832	0.01109	0.01802	0.03743	0.02080	0.79898	0.02911	0.00555	0.00555	0.00832	0.00347	0.00347
52	0.01186	0.01017	0.01186	0.00847	0.01356	0.00762	0.00678	0.01440	0.01186	0.01864	0.01017	0.01186	0.00847	0.00424	0.00424	0.00085	0.00424	0.00339	0.00339	0.83395
53	0.01302	0.01243	0.02116	0.28931	0.51798	0.01329	0.01699	0.01656	0.01249	0.01731	0.01056	0.01453	0.00857	0.00531	0.00568	0.00177	0.00708	0.00509	0.00273	0.00814
54	0.00817	0.00613	0.00919	0.00919	0.01021	0.00715	0.00715	0.01021	0.00919	0.01328	0.01532	0.02247	0.01430	0.04290	0.77631	0.00919	0.01532	0.00613	0.00306	0.00511
55	0.00832	0.00555	0.00624	0.00624	0.00624	0.00555	0.00347	0.00832	0.00832	0.01109	0.01802	0.03743	0.02080	0.79898	0.02911	0.00555	0.00555	0.00832	0.00347	0.00347
56	0.02108	0.01045	0.01296	0.01057	0.01437	0.01020	0.00849	0.10217	0.16652	0.46482	0.02266	0.09570	0.01669	0.00826	0.00592	0.00185	0.00480	0.00687	0.00651	0.00909
57	0.00760	0.00544	0.00717	0.00832	0.00893	0.00518	0.00603	0.00892	0.01135	0.01494	0.03139	0.52658	0.06977	0.08118	0.00920	0.00264	0.00394	0.18157	0.00515	0.00470
58	0.29774	0.02100	0.01364	0.01219	0.01545	0.46474	0.00940	0.07165	0.01477	0.01949	0.00889	0.01021	0.00714	0.00577	0.00465	0.00159	0.00804	0.00359	0.00334	0.00670
59	0.04403	0.01138	0.01336	0.01096	0.01490	0.01172	0.00883	0.09577	0.31020	0.38172	0.02160	0.01938	0.01483	0.00728	0.00571	0.00183	0.00485	0.00590	0.00635	0.00936
60	0.26579	0.00818	0.00871	0.00861	0.01093	0.00851	0.00711	0.03530	0.01283	0.06416	0.08673	0.07509	0.12620	0.01137	0.00608	0.00211	0.00438	0.24710	0.00495	0.00587
61	0.00697	0.00498	0.00664	0.00796	0.00830	0.00465	0.00531	0.00796	0.01095	0.01460	0.03153	0.79525	0.03783	0.01792	0.00730	0.00232	0.00332	0.01626	0.00531	0.00465
62	0.02174	0.01602	0.01717	0.01316	0.01774	0.01774	0.01087	0.74423	0.02689	0.03605	0.01373	0.01373	0.00973	0.00687	0.00572	0.00172	0.00629	0.00515	0.00572	0.00973
63	0.01010	0.00788	0.00879	0.00857	0.01056	0.00806	0.00639	0.01641	0.25748	0.04752	0.08521	0.24037	0.24475	0.01271	0.00655	0.00202	0.00361	0.01098	0.00561	0.00640
64	0.01218	0.00979	0.01071	0.00969	0.01230	0.01049	0.00756	0.12641	0.29765	0.02299	0.14941	0.07537	0.17663	0.01059	0.00633	0.00194	0.00413	0.04284	0.00572	0.00727
65	0.01315	0.00994	0.01182	0.01137	0.01383	0.01073	0.00957	0.18562	0.16749	0.02290	0.02501	0.04391	0.02438	0.01208	0.00697	0.00228	0.00535	0.41102	0.00549	0.00708
66	0.00697	0.00498	0.00664	0.00796	0.00830	0.00465	0.00531	0.00796	0.01095	0.01460	0.03153	0.79525	0.03783	0.01792	0.00730	0.00232	0.00332	0.01626	0.00531	0.00465
67	0.00734	0.00574	0.00665	0.00659	0.00812	0.00505	0.00488	0.00927	0.01416	0.01851	0.34945	0.11952	0.39702	0.01364	0.00681	0.00191	0.00285	0.01174	0.00572	0.00505
68	0.03710	0.00971	0.01071	0.00952	0.01204	0.01029	0.00737	0.19978	0.16273	0.02419	0.19209	0.14879	0.13053	0.01086	0.00630	0.00191	0.00415	0.00921	0.00568	0.00704
69	0.00825	0.00583	0.00769	0.00769	0.00819	0.00633	0.00528	0.00925	0.00875	0.01217	0.01669	0.03007	0.01760	0.42695	0.39677	0.00734	0.01036	0.00724	0.00327	0.00427
70	0.01501	0.00758	0.00986	0.00828	0.01108	0.00663	0.00653	0.01738	0.01571	0.31278	0.35959	0.03337	0.11086	0.00981	0.00623	0.00175	0.00365	0.00838	0.00635	0.04919
71	0.01359	0.01689	0.17518	0.03097	0.59204	0.01355	0.03918	0.01769	0.01285	0.01856	0.01068	0.01377	0.00868	0.00516	0.00565	0.00173	0.00721	0.00497	0.00275	0.00890
72	0.00775	0.00571	0.00799	0.00850	0.00929	0.00607	0.00627	0.00932	0.01012	0.01389	0.02384	0.28807	0.06151	0.07579	0.39718	0.00598	0.00958	0.04425	0.00407	0.00485

[dist]
# distance from previous block
# <min> <max>
0	11

[block]
# block no. 4 follows, 41 sequences, length 59
# corresponding to MSA columns:
# 440-498
name=unknown_E
#
# <colnr> <probs for GDERKNQSTAVLIFYWHMCP>
#	G	D	E	R	K	N	Q	S	T	A	V	L	I	F	Y	W	H	M	C	P
0	0.01354	0.01228	0.01136	0.01014	0.01149	0.15630	0.00731	0.13587	0.01310	0.01629	0.01470	0.04893	0.01529	0.39443	0.01866	0.00365	0.10072	0.00675	0.00369	0.00550
1	0.00845	0.00643	0.00776	0.00839	0.00931	0.00652	0.00581	0.01222	0.14758	0.01630	0.05245	0.53768	0.05692	0.08495	0.00893	0.00251	0.00371	0.01343	0.00527	0.00538
2	0.01982	0.01581	0.01517	0.03802	0.01687	0.17800	0.01019	0.22865	0.14890	0.17492	0.03731	0.01632	0.01257	0.00715	0.00643	0.00177	0.05313	0.00533	0.00514	0.00850
3	0.25874	0.01225	0.01337	0.02990	0.01429	0.01474	0.00924	0.20061	0.06138	0.02335	0.01129	0.01485	0.00957	0.08180	0.01079	0.00232	0.21564	0.00489	0.00393	0.00704
4	0.01204	0.00907	0.00906	0.00879	0.00934	0.14694	0.00609	0.01029	0.00906	0.01068	0.00973	0.01608	0.00946	0.01730	0.01919	0.68037	0.00595	0.00473	0.00257	0.00325
5	0.01627	0.39365	0.02190	0.01123	0.01537	0.09908	0.00980	0.09669	0.24446	0.01910	0.01341	0.01355	0.01074	0.00609	0.00471	0.00152	0.00608	0.00440	0.00389	0.00804
6	0.01426	0.01096	0.01248	0.02694	0.01457	0.01098	0.00826	0.08961	0.29524	0.07975	0.03994	0.06841	0.01609	0.00738	0.00546	0.00159	0.00458	0.01954	0.00504	0.26890
7	0.03510	0.01107	0.01483	0.08441	0.01755	0.01132	0.07503	0.18959	0.07397	0.17228	0.11423	0.09231	0.01915	0.00816	0.00597	0.00180	0.00539	0.00708	0.00530	0.05547
8	0.01726	0.16996	0.01699	0.01181	0.06181	0.01137	0.05070	0.04247	0.01433	0.29179	0.12942	0.04409	0.01840	0.00862	0.00714	0.07994	0.00520	0.00615	0.00498	0.00759
9	0.24853	0.00747	0.00742	0.00745	0.00941	0.00775	0.00574	0.03541	0.01202	0.01995	0.04924	0.20990	0.17262	0.01148	0.00569	0.00196	0.00373	0.07355	0.10524	0.00546
10	0.00972	0.00625	0.00761	0.00740	0.00907	0.00563	0.00546	0.01182	0.03239	0.10966	0.23178	0.22891	0.26491	0.03373	0.00732	0.00207	0.00330	0.01163	0.00576	0.00561
11	0.01350	0.01543	0.03375	0.02411	0.02989	0.01446	0.74253	0.01832	0.01350	0.01832	0.01157	0.01543	0.00868	0.00482	0.00675	0.00193	0.00964	0.00675	0.00289	0.00771
12	0.00751	0.00559	0.00707	0.00779	0.00883	0.00515	0.00579	0.00918	0.01270	0.01665	0.16093	0.37206	0.20380	0.01571	0.00719	0.00220	0.00346	0.13801	0.00547	0.00492
13	0.32514	0.00854	0.00847	0.00777	0.01043	0.00888	0.00626	0.03791	0.01309	0.08835	0.16003	0.03097	0.16658	0.00951	0.00545	0.00188	0.00394	0.07444	0.02626	0.00610
14	0.02314	0.01358	0.01480	0.01168	0.01594	0.08104	0.00951	0.26435	0.07375	0.40336	0.01846	0.01689	0.01232	0.00695	0.00569	0.00174	0.00580	0.00542	0.00617	0.00940
15	0.00710	0.00516	0.00690	0.00814	0.00846	0.00496	0.00549	0.00811	0.01090	0.01458	0.03094	0.77605	0.03709	0.01773	0.00758	0.00233	0.02258	0.01598	0.00524	0.00469
16	0.12789	0.01100	0.01299	0.01036	0.01434	0.01090	0.00844	0.19828	0.01758	0.42669	0.01935	0.08663	0.01419	0.00778	0.00560	0.00181	0.00502	0.00621	0.00613	0.00882
17	0.00979	0.00634	0.00788	0.00814	0.00947	0.00605	0.00584	0.01261	0.08209	0.09423	0.10332	0.46179	0.11430	0.01449	0.00678	0.00210	0.00346	0.01286	0.03277	0.00570
18	0.01559	0.00983	0.01089	0.00959	0.01254	0.01056	0.00752	0.02514	0.39571	0.17621	0.02185	0.02095	0.01600	0.00732	0.00530	0.00174	0.00408	0.00600	0.23501	0.00816
19	0.11957	0.00901	0.01120	0.00925	0.01265	0.00845	0.00742	0.03896	0.03334	0.44616	0.14474	0.09501	0.02205	0.00867	0.00580	0.00183	0.00433	0.00719	0.00629	0.00808
20	0.16450	0.00911	0.01053	0.00913	0.01204	0.00906	0.00709	0.08473	0.03523	0.30171	0.02092	0.20324	0.01853	0.06380	0.00730	0.00215	0.00454	0.00791	0.02112	0.00736
21	0.00682	0.00555	0.00604	0.00644	0.00789	0.00477	0.00463	0.00814	0.01242	0.01520	0.05012	0.27417	0.54690	0.01550	0.00692	0.00205	0.00302	0.01331	0.00531	0.00477
22	0.01147	0.02959	0.76934	0.01630	0.02476	0.01328	0.02113	0.01811	0.01208	0.01811	0.01026	0.01208	0.00725	0.00543	0.00543	0.00181	0.00845	0.00423	0.00242	0.00845
23	0.00783	0.00569	0.00746	0.00795	0.00901	0.00533	0.00599	0.00986	0.01368	0.01856	0.33322	0.29397	0.09932	0.01470	0.00714	0.00213	0.00339	0.14396	0.00571	0.00508
24	0.08659	0.00700	0.00756	0.00726	0.00898	0.00695	0.00534	0.01243	0.10083	0.01906	0.25466	0.08496	0.24833	0.11433	0.00928	0.00237	0.00354	0.00980	0.00526	0.00544
25	0.00771	0.00583	0.00712	0.00680	0.00831	0.00524	0.00510	0.01006	0.01529	0.02080	0.56006	0.04624	0.25552	0.01249	0.00675	0.00184	0.00276	0.01084	0.00602	0.00524
26	0.01025	0.00888	0.01451	0.56942	0.03066	0.01081	0.01291	0.01296	0.01057	0.01373	0.01135	0.01819	0.00968	0.08501	0.07887	0.08058	0.00787	0.00547	0.00267	0.00561
27	0.00697	0.00498	0.00664	0.00796	0.00830	0.00465	0.00531	0.00796	0.01095	0.01460	0.03153	0.79525	0.03783	0.01792	0.00730	0.00232	0.00332	0.01626	0.00531	0.00465
28	0.00818	0.00608	0.00893	0.00893	0.00986	0.00701	0.00682	0.01004	0.00911	0.01308	0.01556	0.02382	0.01488	0.11099	0.70903	0.00886	0.01444	0.00633	0.00310	0.00496
29	0.00697	0.00498	0.00664	0.00796	0.00830	0.00465	0.00531	0.00796	0.01095	0.01460	0.03153	0.79525	0.03783	0.01792	0.00730	0.00232	0.00332	0.01626	0.00531	0.00465
30	0.01949	0.00930	0.01191	0.00976	0.01325	0.00878	0.00783	0.02438	0.15196	0.45800	0.19356	0.02520	0.02399	0.00827	0.00599	0.00181	0.00430	0.00695	0.00667	0.00860
31	0.01186	0.01017	0.01186	0.00847	0.01356	0.00762	0.00678	0.01440	0.01186	0.01864	0.01017	0.01186	0.00847	0.00424	0.00424	0.00085	0.00424	0.00339	0.00339	0.83395
32	0.01287	0.01079	0.01240	0.00902	0.01399	0.00879	0.00724	0.08359	0.03763	0.02045	0.01093	0.01235	0.00889	0.00460	0.00443	0.00096	0.00444	0.00366	0.00369	0.72930
33	0.00853	0.00609	0.00843	0.00975	0.01076	0.00599	0.00802	0.01066	0.01249	0.01635	0.03066	0.28795	0.03442	0.01645	0.00772	0.00254	0.00467	0.50816	0.00528	0.00508
34	0.00697	0.00498	0.00664	0.00796	0.00830	0.00465	0.00531	0.00796	0.01095	0.01460	0.03153	0.79525	0.03783	0.01792	0.00730	0.00232	0.00332	0.01626	0.00531	0.00465
35	0.01196	0.08275	0.02208	0.37649	0.12378	0.01349	0.18310	0.01556	0.01204	0.01585	0.01177	0.06055	0.00999	0.00713	0.02784	0.00206	0.00782	0.00597	0.00283	0.00696
36	0.00697	0.00498	0.00664	0.00796	0.00830	0.00465	0.00531	0.00796	0.01095	0.01460	0.03153	0.79525	0.03783	0.01792	0.00730	0.00232	0.00332	0.01626	0.00531	0.00465
37	0.00922	0.00658	0.00922	0.01053	0.01185	0.00658	0.00922	0.01185	0.01317	0.01712	0.03029	0.06452	0.03292	0.01580	0.00790	0.00263	0.00527	0.72480	0.00527	0.00527
38	0.01220	0.01208	0.01745	0.15683	0.01951	0.01663	0.01313	0.01392	0.00925	0.01392	0.00800	0.01302	0.00753	0.00922	0.01637	0.00239	0.64473	0.00502	0.00251	0.00627
39	0.01427	0.02461	0.56143	0.01590	0.02337	0.01250	0.08616	0.01993	0.01300	0.15607	0.01265	0.01375	0.00865	0.00568	0.00562	0.00181	0.00790	0.00474	0.00332	0.00862
40	0.01416	0.01359	0.02322	0.03511	0.76330	0.01359	0.01755	0.01755	0.01302	0.01869	0.01076	0.01416	0.00906	0.00510	0.00566	0.00170	0.00680	0.00510	0.00283	0.00906
41	0.00905	0.00742	0.01088	0.01037	0.01119	0.00925	0.00824	0.01093	0.00910	0.01338	0.01374	0.02045	0.01292	0.03623	0.62280	0.00784	0.17200	0.00590	0.00295	0.00534
42	0.01231	0.01210	0.02133	0.42097	0.16495	0.01375	0.14955	0.03219	0.01220	0.01643	0.01036	0.01480	0.00811	0.00587	0.00712	0.00192	0.08075	0.00539	0.00273	0.00716
43	0.00723	0.00568	0.00597	0.00604	0.00731	0.00503	0.00413	0.00823	0.01152	0.01411	0.04468	0.08873	0.50274	0.24806	0.01344	0.00303	0.00371	0.01118	0.00476	0.00441
44	0.01147	0.02959	0.76934	0.01630	0.02476	0.01328	0.02113	0.01811	0.01208	0.01811	0.01026	0.01208	0.00725	0.00543	0.00543	0.00181	0.00845	0.00423	0.00242	0.00845
45	0.22970	0.22069	0.08642	0.01125	0.01607	0.01429	0.07841	0.02043	0.01276	0.24063	0.01283	0.01310	0.00918	0.00569	0.00470	0.00164	0.00585	0.00432	0.00414	0.00789
46	0.03895	0.02852	0.01677	0.08567	0.15546	0.01193	0.04285	0.09068	0.10550	0.31880	0.03463	0.01770	0.01297	0.00657	0.00571	0.00178	0.00574	0.00563	0.00522	0.00890
47	0.01077	0.00858	0.07876	0.00808	0.01073	0.00628	0.00691	0.01286	0.01342	0.15241	0.09778	0.17990	0.36614	0.01271	0.00655	0.00195	0.00384	0.01083	0.00544	0.00607
48	0.59628	0.03277	0.01108	0.00947	0.03012	0.01399	0.00754	0.12942	0.08190	0.02661	0.01034	0.01121	0.00788	0.00576	0.00414	0.00176	0.00482	0.00377	0.00404	0.00710
49	0.01743	0.01505	0.01390	0.01152	0.01489	0.15361	0.00915	0.39387	0.02121	0.02691	0.12326	0.04304	0.11402	0.00864	0.00594	0.00173	0.00601	0.00680	0.00523	0.00778
50	0.83938	0.01106	0.00841	0.00752	0.01106	0.01283	0.00619	0.01681	0.00973	0.02566	0.00796	0.00929	0.00619	0.00531	0.00354	0.00177	0.00442	0.00310	0.00354	0.00619
51	0.01354	0.08883	0.03084	0.08277	0.11840	0.01499	0.52940	0.01783	0.01311	0.01762	0.01102	0.01467	0.00852	0.00493	0.00625	0.00183	0.00881	0.00607	0.00282	0.00774
52	0.01147	0.02959	0.76934	0.01630	0.02476	0.01328	0.02113	0.01811	0.01208	0.01811	0.01026	0.01208	0.00725	0.00543	0.00543	0.00181	0.00845	0.00423	0.00242	0.00845
53	0.00773	0.00583	0.00713	0.00681	0.00832	0.00524	0.00511	0.01008	0.01532	0.02086	0.56557	0.04614	0.24998	0.01247	0.00675	0.00184	0.00275	0.01082	0.00602	0.00524
54	0.83938	0.01106	0.00841	0.00752	0.01106	0.01283	0.00619	0.01681	0.00973	0.02566	0.00796	0.00929	0.00619	0.00531	0.00354	0.00177	0.00442	0.00310	0.00354	0.00619
55	0.01612	0.01347	0.01933	0.01499	0.01868	0.01469	0.17968	0.35381	0.01856	0.02533	0.03218	0.01637	0.01126	0.01345	0.14909	0.00322	0.08169	0.00582	0.00429	0.00797
56	0.00839	0.00835	0.07775	0.00972	0.01120	0.00661	0.07554	0.00996	0.01051	0.01423	0.02374	0.42702	0.02729	0.24679	0.01354	0.00319	0.00504	0.01193	0.00428	0.00493
57	0.01222	0.15285	0.07355	0.08462	0.08266	0.01144	0.00998	0.06001	0.01487	0.06044	0.32544	0.04407	0.02829	0.00843	0.00579	0.00170	0.00494	0.00716	0.00462	0.00689
58	0.25788	0.01512	0.09053	0.01732	0.02244	0.01385	0.39058	0.01899	0.08182	0.02100	0.01149	0.01387	0.00864	0.00530	0.00559	0.00187	0.00751	0.00541	0.00332	0.00746

[dist]
# distance from previous block
# <min> <max>
0	3

[block]
# block no. 5 follows, 41 sequences, length 47
# corresponding to MSA columns:
# 502-548
name=unknown_F
#
# <colnr> <probs for GDERKNQSTAVLIFYWHMCP>
#	G	D	E	R	K	N	Q	S	T	A	V	L	I	F	Y	W	H	M	C	P
0	0.56474	0.03422	0.00994	0.00798	0.01166	0.01146	0.00656	0.01741	0.01132	0.11275	0.06932	0.01341	0.01119	0.00590	0.00413	0.00166	0.00437	0.00402	0.00413	0.09383
1	0.01418	0.37484	0.02301	0.05202	0.04604	0.01634	0.09685	0.08025	0.01365	0.03631	0.07130	0.01645	0.03416	0.00814	0.04672	0.00192	0.00657	0.00506	0.04898	0.00721
2	0.07391	0.00577	0.00722	0.00808	0.00893	0.00554	0.00558	0.00998	0.01121	0.06526	0.02907	0.68189	0.03377	0.01621	0.00690	0.00224	0.00351	0.01453	0.00529	0.00510
3	0.00943	0.01201	0.14875	0.05941	0.03388	0.03807	0.05053	0.01261	0.01390	0.01842	0.26136	0.03581	0.26282	0.01029	0.00636	0.00184	0.00491	0.00885	0.00463	0.00610
4	0.01291	0.16552	0.14055	0.29953	0.11097	0.04663	0.09816	0.01672	0.01213	0.01578	0.00988	0.01324	0.00778	0.00544	0.00562	0.00173	0.02279	0.00470	0.00259	0.00734
5	0.01472	0.00925	0.00966	0.00820	0.01072	0.00987	0.00652	0.28096	0.01745	0.02672	0.01686	0.01854	0.01285	0.00674	0.00463	0.00147	0.00399	0.00526	0.52864	0.00694
6	0.01205	0.01102	0.01319	0.13109	0.01779	0.05716	0.02479	0.01464	0.01194	0.01737	0.01146	0.05668	0.01006	0.00565	0.00532	0.00124	0.03595	0.00459	0.02720	0.53083
7	0.01245	0.01354	0.06746	0.01652	0.07459	0.01663	0.01333	0.01425	0.00933	0.01443	0.00817	0.01290	0.00781	0.01027	0.03874	0.00259	0.65286	0.00499	0.00254	0.00659
8	0.00818	0.00610	0.00903	0.00903	0.00999	0.00706	0.00694	0.01011	0.00914	0.01316	0.01547	0.02331	0.01466	0.08538	0.73434	0.00899	0.01477	0.00625	0.00309	0.00501
9	0.01419	0.01460	0.02947	0.02719	0.27135	0.01394	0.47445	0.01844	0.01346	0.04783	0.01174	0.01517	0.00902	0.00500	0.00635	0.00185	0.00852	0.00617	0.00304	0.00824
10	0.01455	0.01279	0.06535	0.40696	0.02803	0.06029	0.01329	0.05977	0.09096	0.12892	0.05202	0.01731	0.01208	0.00650	0.00573	0.00184	0.00679	0.00546	0.00394	0.00743
11	0.00887	0.00741	0.00793	0.00752	0.00965	0.00726	0.00572	0.01420	0.19640	0.01904	0.18965	0.04426	0.43616	0.01227	0.00653	0.00191	0.00326	0.01034	0.00563	0.00599
12	0.01251	0.01251	0.01752	0.01502	0.01502	0.01752	0.01251	0.01377	0.00876	0.01377	0.00751	0.01251	0.00751	0.01001	0.01877	0.00250	0.78851	0.00501	0.00250	0.00626
