[name]
unknown

[dist]
# distance from previous block
# <min> <max>
1	50

[block]
# block no. 0 follows, 43 sequences, length 10
# corresponding to MSA columns:
# 595-604
name=unknown_A
#
# <colnr> <probs for GDERKNQSTAVLIFYWHMCP>
#	G	D	E	R	K	N	Q	S	T	A	V	L	I	F	Y	W	H	M	C	P
0	0.01416	0.44922	0.06046	0.01680	0.20297	0.01805	0.05291	0.01812	0.08909	0.01580	0.01020	0.01176	0.00860	0.00509	0.00449	0.00143	0.00622	0.00404	0.00282	0.00776
1	0.01655	0.44742	0.02251	0.01065	0.01481	0.08311	0.00949	0.21472	0.05136	0.01931	0.01053	0.01224	0.00892	0.04989	0.00567	0.00160	0.00620	0.00400	0.00347	0.00754
2	0.01217	0.25312	0.56151	0.01397	0.02116	0.01547	0.01730	0.01726	0.01157	0.01624	0.00929	0.01088	0.00704	0.00511	0.00477	0.00159	0.00753	0.00377	0.00235	0.00787
3	0.09395	0.23849	0.12876	0.01170	0.01608	0.13351	0.01097	0.14887	0.08661	0.01994	0.01085	0.01181	0.00855	0.00580	0.00500	0.00154	0.02971	0.00401	0.02631	0.00754
4	0.00793	0.00587	0.00856	0.00856	0.00943	0.00674	0.00649	0.00967	0.00880	0.01260	0.01515	0.02350	0.01460	0.13320	0.69278	0.00848	0.01370	0.00619	0.00301	0.00475
5	0.00962	0.00481	0.00722	0.00722	0.00722	0.00481	0.00481	0.00722	0.00722	0.00962	0.00962	0.01684	0.00962	0.01924	0.02165	0.83886	0.00481	0.00481	0.00241	0.00241
6	0.02069	0.02640	0.01569	0.01427	0.01712	0.78313	0.01070	0.02212	0.01569	0.01355	0.00856	0.00999	0.00713	0.00571	0.00499	0.00143	0.00999	0.00357	0.00285	0.00642
7	0.01311	0.27255	0.02055	0.44330	0.02781	0.10794	0.01289	0.01590	0.01169	0.01371	0.00899	0.01227	0.00726	0.00530	0.00482	0.00158	0.00722	0.00412	0.00248	0.00650
8	0.02105	0.01551	0.01662	0.01274	0.01717	0.01717	0.01053	0.75235	0.02604	0.03490	0.01330	0.01330	0.00942	0.00665	0.00554	0.00166	0.00609	0.00499	0.00554	0.00942
9	0.08150	0.01467	0.01459	0.01170	0.01570	0.10629	0.00948	0.36718	0.09686	0.20291	0.01527	0.01464	0.01067	0.00656	0.00534	0.00167	0.00593	0.00494	0.00538	0.00874

[dist]
# distance from previous block
# <min> <max>
0	1

[block]
# block no. 1 follows, 43 sequences, length 9
# corresponding to MSA columns:
# 606-614
name=unknown_B
#
# <colnr> <probs for GDERKNQSTAVLIFYWHMCP>
#	G	D	E	R	K	N	Q	S	T	A	V	L	I	F	Y	W	H	M	C	P
0	0.01750	0.01108	0.01653	0.16846	0.24098	0.01129	0.01227	0.08374	0.04036	0.29005	0.04100	0.01690	0.01210	0.00619	0.00557	0.00172	0.00581	0.00538	0.00462	0.00843
1	0.11750	0.01126	0.01336	0.01036	0.01459	0.01113	0.00856	0.22634	0.01793	0.48438	0.01787	0.01619	0.01164	0.00660	0.00532	0.00170	0.00505	0.00511	0.00610	0.00903
2	0.00805	0.00537	0.00604	0.00604	0.00604	0.00537	0.00336	0.00805	0.00805	0.01074	0.01745	0.03624	0.02013	0.80536	0.02819	0.00537	0.00537	0.00805	0.00336	0.00336
3	0.02088	0.02065	0.01618	0.01346	0.01715	0.37847	0.01061	0.40790	0.02116	0.02483	0.01106	0.01174	0.00834	0.00620	0.00528	0.00155	0.00793	0.00432	0.00427	0.00800
4	0.00805	0.00537	0.00604	0.00604	0.00604	0.00537	0.00336	0.00805	0.00805	0.01074	0.01745	0.03624	0.02013	0.80536	0.02819	0.00537	0.00537	0.00805	0.00336	0.00336
5	0.01454	0.75332	0.08209	0.00992	0.01491	0.02127	0.01026	0.01665	0.01128	0.01335	0.00786	0.00908	0.00710	0.00478	0.00367	0.00122	0.00608	0.00304	0.00237	0.00718
6	0.01378	0.59300	0.23575	0.01122	0.01691	0.01941	0.01251	0.01685	0.01137	0.01428	0.00832	0.00966	0.00708	0.00488	0.00403	0.00134	0.00655	0.00327	0.00236	0.00741
7	0.01331	0.49244	0.33214	0.01203	0.01817	0.01824	0.01393	0.01697	0.01143	0.01486	0.00861	0.01002	0.00707	0.00495	0.00425	0.00142	0.00684	0.00342	0.00236	0.00754
8	0.08661	0.54060	0.14399	0.01057	0.01562	0.06292	0.01093	0.01743	0.01160	0.04423	0.00865	0.00979	0.00725	0.00499	0.00397	0.00135	0.00633	0.00328	0.00266	0.00723

[dist]
# distance from previous block
# <min> <max>
7	23

[block]
# block no. 2 follows, 43 sequences, length 14
# corresponding to MSA columns:
# 638-651
name=unknown_C
#
# <colnr> <probs for GDERKNQSTAVLIFYWHMCP>
#	G	D	E	R	K	N	Q	S	T	A	V	L	I	F	Y	W	H	M	C	P
0	0.04116	0.09003	0.01825	0.05844	0.21089	0.23606	0.01194	0.16495	0.04099	0.01968	0.01063	0.01266	0.00861	0.02177	0.00554	0.00162	0.00721	0.00437	0.00343	0.03177
1	0.05938	0.07451	0.01735	0.25387	0.02353	0.31887	0.05936	0.03924	0.01343	0.01553	0.00926	0.01186	0.00738	0.00539	0.00502	0.00154	0.00799	0.00412	0.00283	0.06954
2	0.28054	0.01138	0.01235	0.06736	0.06367	0.01245	0.00876	0.25047	0.01583	0.07416	0.01654	0.07544	0.07425	0.00742	0.00506	0.00176	0.00506	0.00576	0.00449	0.00728
3	0.00719	0.00572	0.00651	0.00700	0.00826	0.00528	0.00498	0.00947	0.06832	0.01521	0.04186	0.39329	0.37679	0.01505	0.00672	0.00204	0.00311	0.01313	0.00518	0.00490
4	0.07208	0.00740	0.00711	0.00725	0.00784	0.07101	0.00463	0.00977	0.00945	0.01292	0.01932	0.22860	0.02221	0.47522	0.01894	0.00396	0.00512	0.00927	0.00378	0.00411
5	0.33573	0.07954	0.01240	0.00930	0.01276	0.11118	0.00761	0.11635	0.01410	0.12190	0.06310	0.01628	0.06565	0.00665	0.00463	0.00164	0.00524	0.00476	0.00430	0.00691
6	0.13587	0.42894	0.21061	0.01068	0.01577	0.01700	0.01149	0.01621	0.01090	0.01589	0.00886	0.01068	0.00749	0.00802	0.06947	0.00205	0.00699	0.00350	0.00257	0.00703
7	0.01462	0.76985	0.06626	0.00979	0.01470	0.02146	0.01002	0.01663	0.01128	0.01325	0.00781	0.00902	0.00710	0.00476	0.00364	0.00121	0.00604	0.00302	0.00237	0.00716
8	0.01618	0.01341	0.01332	0.01159	0.01495	0.08168	0.00910	0.11558	0.54454	0.08629	0.02014	0.01868	0.01488	0.00720	0.00556	0.00180	0.00511	0.00581	0.00548	0.00869
9	0.01068	0.00971	0.10057	0.00820	0.01142	0.00709	0.00734	0.01409	0.07016	0.12165	0.12139	0.03660	0.37728	0.01044	0.00600	0.00174	0.00391	0.00870	0.00505	0.06797
10	0.01933	0.01423	0.01539	0.01214	0.01607	0.01565	0.00988	0.66273	0.02418	0.03240	0.01537	0.10819	0.01269	0.00794	0.00572	0.00173	0.00575	0.00628	0.00549	0.00883
11	0.01115	0.02638	0.68458	0.01487	0.02267	0.01220	0.01879	0.01711	0.01167	0.01760	0.00993	0.01167	0.00716	0.00512	0.00512	0.00164	0.00769	0.00399	0.00245	0.10820
12	0.01987	0.00944	0.01191	0.00961	0.01323	0.00890	0.00777	0.06538	0.12317	0.48774	0.11078	0.02365	0.06725	0.00792	0.00575	0.00175	0.00438	0.00655	0.00641	0.00853
13	0.02059	0.01837	0.01602	0.01309	0.01683	0.25593	0.01046	0.43910	0.04548	0.06444	0.01234	0.01274	0.00909	0.00650	0.00580	0.00162	0.03398	0.00461	0.00466	0.00835

[dist]
# distance from previous block
# <min> <max>
5	12

[block]
# block no. 3 follows, 43 sequences, length 25
# corresponding to MSA columns:
# 664-688
name=unknown_D
#
# <colnr> <probs for GDERKNQSTAVLIFYWHMCP>
#	G	D	E	R	K	N	Q	S	T	A	V	L	I	F	Y	W	H	M	C	P
0	0.00672	0.00493	0.00631	0.00742	0.00796	0.00452	0.00501	0.00774	0.01088	0.01425	0.03407	0.69806	0.13803	0.01689	0.00700	0.00220	0.00316	0.01518	0.00514	0.00452
1	0.01726	0.01326	0.01458	0.01094	0.01557	0.01329	0.00895	0.45944	0.02027	0.02822	0.01193	0.01258	0.00894	0.00564	0.00497	0.00133	0.00530	0.00431	0.00464	0.33858
2	0.00668	0.00530	0.00601	0.00650	0.00773	0.00463	0.00462	0.00796	0.01195	0.01493	0.07526	0.34970	0.44874	0.01523	0.00675	0.00202	0.00296	0.01323	0.00518	0.00463
3	0.01458	0.01478	0.02039	0.02453	0.39108	0.11032	0.05496	0.06267	0.01278	0.01731	0.00959	0.01287	0.00820	0.00637	0.00881	0.00183	0.21351	0.00483	0.00285	0.00774
4	0.01724	0.05994	0.01456	0.01121	0.01471	0.01351	0.00929	0.40046	0.07879	0.09520	0.06468	0.06215	0.01738	0.00863	0.00586	0.00181	0.00533	0.10569	0.00543	0.00813
5	0.00672	0.00546	0.00597	0.00618	0.00768	0.00470	0.00451	0.00817	0.01254	0.01556	0.12658	0.20376	0.54405	0.01441	0.00665	0.00193	0.00287	0.01233	0.00524	0.00470
6	0.00662	0.00534	0.00589	0.00634	0.00767	0.00461	0.00453	0.00787	0.01192	0.01468	0.04726	0.31219	0.51539	0.01518	0.00673	0.00200	0.00295	0.01309	0.00514	0.00461
7	0.02062	0.01530	0.01637	0.01265	0.01701	0.01697	0.01042	0.70890	0.07020	0.03420	0.01385	0.01374	0.00987	0.00670	0.00555	0.00168	0.00599	0.00506	0.00555	0.00938
8	0.01304	0.37262	0.42280	0.01295	0.01945	0.04126	0.01531	0.01726	0.01163	0.01542	0.00891	0.01040	0.00706	0.00504	0.00450	0.00149	0.00724	0.00358	0.00237	0.00765
9	0.01251	0.16873	0.58261	0.01423	0.02146	0.01430	0.01754	0.01816	0.03321	0.05318	0.01046	0.01178	0.00764	0.00531	0.00498	0.00165	0.00750	0.00402	0.00265	0.00807
10	0.02135	0.10381	0.06221	0.01148	0.01561	0.23196	0.00980	0.02395	0.03915	0.40201	0.01578	0.01483	0.01079	0.00622	0.00517	0.00158	0.00656	0.00464	0.00490	0.00821
11	0.00675	0.00482	0.00643	0.00771	0.00803	0.00450	0.00514	0.00771	0.01060	0.01414	0.03053	0.80175	0.03663	0.01735	0.00707	0.00225	0.00321	0.01574	0.00514	0.00450
12	0.01411	0.01704	0.19872	0.06375	0.42311	0.04996	0.01636	0.03285	0.04880	0.06540	0.01154	0.01375	0.00892	0.00536	0.00542	0.00169	0.00693	0.00477	0.00309	0.00844
13	0.00936	0.00813	0.05479	0.00987	0.03534	0.00713	0.00774	0.09182	0.01314	0.01755	0.02874	0.38410	0.10329	0.01398	0.00673	0.00214	0.00430	0.17019	0.02609	0.00557
14	0.00711	0.00544	0.00653	0.00667	0.00793	0.00485	0.00484	0.00889	0.01335	0.01765	0.33375	0.23233	0.30311	0.01376	0.00667	0.00191	0.00283	0.01202	0.00552	0.00485
15	0.00673	0.00488	0.00637	0.00756	0.00799	0.00451	0.00507	0.00773	0.01075	0.01420	0.03242	0.74641	0.09074	0.01711	0.00703	0.00222	0.00318	0.01544	0.00514	0.00451
16	0.01279	0.10414	0.18961	0.01970	0.02542	0.01480	0.47024	0.01731	0.01230	0.01692	0.01032	0.01342	0.00790	0.00510	0.00664	0.00180	0.05595	0.00553	0.00263	0.00750
17	0.01161	0.13394	0.67575	0.01493	0.02265	0.01408	0.01898	0.01741	0.01163	0.01693	0.00964	0.01131	0.00703	0.00519	0.00503	0.00168	0.00788	0.00394	0.00234	0.00804
18	0.01307	0.01494	0.03268	0.02334	0.02894	0.01401	0.75070	0.01774	0.01307	0.01774	0.01120	0.01494	0.00840	0.00467	0.00654	0.00187	0.00934	0.00654	0.00280	0.00747
19	0.01915	0.01330	0.01461	0.01178	0.01574	0.01457	0.00954	0.38858	0.27716	0.14826	0.01783	0.01671	0.01267	0.00698	0.00558	0.00174	0.00529	0.00552	0.00578	0.00920
20	0.00827	0.00673	0.01021	0.27969	0.01878	0.00740	0.00902	0.01038	0.01117	0.01469	0.05423	0.43301	0.02674	0.01283	0.00657	0.00211	0.00480	0.07398	0.00425	0.00515
21	0.01604	0.48458	0.02313	0.01178	0.05247	0.22630	0.00982	0.01823	0.03342	0.01418	0.00913	0.01049	0.00791	0.00519	0.00412	0.00130	0.00680	0.00345	0.05471	0.00693
22	0.01328	0.48768	0.33670	0.01207	0.01823	0.01819	0.01400	0.01698	0.01143	0.01489	0.00862	0.01004	0.00707	0.00495	0.00426	0.00142	0.00685	0.00343	0.00236	0.00755
23	0.01192	0.01023	0.01414	0.33209	0.02364	0.05794	0.02875	0.01536	0.04943	0.06272	0.01616	0.02753	0.01490	0.03116	0.00777	0.00212	0.07447	0.19136	0.00364	0.02469
24	0.00961	0.00776	0.00902	0.00827	0.01056	0.00751	0.00636	0.01494	0.18981	0.01963	0.25407	0.11051	0.13193	0.01048	0.00605	0.00174	0.00351	0.05315	0.00525	0.13984

[dist]
# distance from previous block
# <min> <max>
0	2

[block]
# block no. 4 follows, 43 sequences, length 23
# corresponding to MSA columns:
# 691-713
name=unknown_E
#
# <colnr> <probs for GDERKNQSTAVLIFYWHMCP>
#	G	D	E	R	K	N	Q	S	T	A	V	L	I	F	Y	W	H	M	C	P
0	0.00815	0.00615	0.00751	0.00791	0.00933	0.00581	0.00621	0.04571	0.01327	0.01715	0.13156	0.21605	0.26804	0.01441	0.00693	0.00212	0.00369	0.21967	0.00527	0.00506
1	0.01377	0.01092	0.01251	0.00913	0.01394	0.00928	0.00738	0.15584	0.01442	0.04691	0.01091	0.01208	0.00862	0.00468	0.00443	0.00101	0.00450	0.00369	0.00384	0.65214
2	0.01371	0.01316	0.02248	0.03399	0.77081	0.01316	0.01700	0.01700	0.01261	0.01809	0.01042	0.01371	0.00877	0.00493	0.00548	0.00164	0.00658	0.00493	0.00274	0.00877
3	0.78039	0.01080	0.00848	0.00759	0.01100	0.01253	0.00621	0.01729	0.06740	0.02472	0.00886	0.00990	0.00684	0.00532	0.00360	0.00173	0.00429	0.00325	0.00360	0.00621
4	0.00881	0.00597	0.00727	0.00694	0.00866	0.00532	0.00532	0.01089	0.01427	0.08083	0.38418	0.06742	0.30481	0.01235	0.00654	0.00185	0.00302	0.05449	0.00573	0.00534
5	0.02019	0.01429	0.01610	0.01355	0.06243	0.01556	0.01046	0.54605	0.10758	0.11350	0.01511	0.01477	0.01070	0.00666	0.00555	0.00169	0.00578	0.00519	0.00552	0.00931
6	0.01105	0.00844	0.01019	0.00813	0.01176	0.00665	0.00627	0.01315	0.01176	0.06519	0.05258	0.19771	0.01734	0.00772	0.00501	0.00126	0.00386	0.00666	0.00408	0.55120
7	0.01123	0.05520	0.75122	0.01557	0.02364	0.01317	0.02009	0.01751	0.01168	0.01739	0.00986	0.01160	0.00702	0.00524	0.00520	0.00173	0.00811	0.00405	0.00234	0.00815
8	0.01148	0.10739	0.70119	0.01515	0.02299	0.01378	0.01935	0.01744	0.01165	0.01708	0.00971	0.01141	0.00702	0.00521	0.00509	0.00170	0.00796	0.00398	0.00234	0.00808
9	0.01111	0.02865	0.77667	0.01579	0.02397	0.01286	0.02046	0.01754	0.01169	0.01754	0.00994	0.01169	0.00702	0.00526	0.00526	0.00175	0.00818	0.00409	0.00234	0.00818
10	0.00706	0.00506	0.00670	0.00750	0.00810	0.00470	0.00516	0.00848	0.01204	0.01642	0.23863	0.58715	0.04104	0.01565	0.00692	0.00211	0.00304	0.01413	0.00541	0.00470
11	0.01335	0.01280	0.02184	0.11695	0.69064	0.01307	0.01682	0.01669	0.01244	0.01766	0.01035	0.01382	0.00862	0.00500	0.00549	0.00167	0.00667	0.00493	0.00271	0.00849
12	0.00679	0.00494	0.00642	0.00758	0.00807	0.00457	0.00515	0.00784	0.01086	0.01428	0.03298	0.70892	0.10760	0.01697	0.00703	0.00222	0.00322	0.03489	0.00514	0.00453
13	0.00683	0.00488	0.00652	0.00780	0.00816	0.00457	0.00528	0.00785	0.01068	0.01423	0.03048	0.77532	0.03646	0.01728	0.00709	0.00226	0.00328	0.04141	0.00514	0.00452
14	0.01046	0.00984	0.01661	0.79205	0.03814	0.01230	0.01538	0.01415	0.01107	0.01415	0.00984	0.01477	0.00738	0.00554	0.00554	0.00185	0.00738	0.00492	0.00246	0.00615
15	0.01124	0.01065	0.01803	0.60873	0.21532	0.01251	0.01577	0.01484	0.01145	0.01510	0.00998	0.01451	0.00772	0.00539	0.00552	0.00180	0.00719	0.00492	0.00253	0.00679
16	0.01317	0.01417	0.02878	0.05779	0.26596	0.01367	0.48696	0.01736	0.01284	0.01771	0.01090	0.01454	0.00848	0.00479	0.00616	0.00180	0.00838	0.00596	0.00277	0.00783
17	0.00820	0.00567	0.00667	0.00677	0.00828	0.00497	0.00494	0.00970	0.01270	0.07436	0.14785	0.27605	0.38542	0.01409	0.00663	0.00195	0.00305	0.01221	0.00541	0.00507
18	0.01307	0.01494	0.03268	0.02334	0.02894	0.01401	0.75070	0.01774	0.01307	0.01774	0.01120	0.01494	0.00840	0.00467	0.00654	0.00187	0.00934	0.00654	0.00280	0.00747
19	0.01665	0.02082	0.28923	0.01381	0.01931	0.08440	0.01392	0.34325	0.10036	0.02545	0.01267	0.01323	0.00917	0.00616	0.00540	0.00170	0.00701	0.00468	0.00416	0.00863
20	0.01237	0.01080	0.01051	0.00967	0.01187	0.07023	0.00715	0.02179	0.44804	0.01885	0.02198	0.02548	0.06001	0.20065	0.01102	0.00266	0.00489	0.00675	0.03839	0.00690
21	0.01047	0.02735	0.00959	0.04066	0.01132	0.10740	0.00681	0.07696	0.01237	0.01571	0.02216	0.43435	0.02478	0.07870	0.06801	0.00278	0.00563	0.01079	0.02886	0.00528
22	0.00938	0.00640	0.00935	0.00904	0.01020	0.00730	0.00703	0.01124	0.00938	0.07154	0.01523	0.02190	0.01391	0.07515	0.65894	0.00794	0.04158	0.00597	0.00327	0.00525

[dist]
# distance from previous block
# <min> <max>
0	1

[block]
# block no. 5 follows, 43 sequences, length 38
# corresponding to MSA columns:
# 715-752
name=unknown_F
#
# <colnr> <probs for GDERKNQSTAVLIFYWHMCP>
#	G	D	E	R	K	N	Q	S	T	A	V	L	I	F	Y	W	H	M	C	P
0	0.01202	0.00983	0.01154	0.00827	0.01317	0.00741	0.00663	0.01447	0.01166	0.04834	0.01032	0.01178	0.00842	0.00421	0.00416	0.00086	0.00413	0.00337	0.00342	0.80600
1	0.01961	0.03421	0.01541	0.01255	0.01620	0.24386	0.00996	0.32335	0.14582	0.08588	0.01437	0.02939	0.01084	0.00670	0.00538	0.00163	0.00679	0.00500	0.00479	0.00827
2	0.01161	0.00845	0.01009	0.00867	0.01167	0.00759	0.00660	0.01590	0.14110	0.09295	0.06955	0.24099	0.02128	0.00922	0.00552	0.00156	0.00386	0.00802	0.00476	0.32061
3	0.01413	0.03415	0.39168	0.01395	0.04460	0.01224	0.01472	0.13665	0.05243	0.10883	0.01500	0.09078	0.01228	0.00720	0.00558	0.00180	0.00659	0.02537	0.00391	0.00812
4	0.01879	0.01102	0.01296	0.01058	0.01406	0.01131	0.00848	0.29023	0.09061	0.27692	0.06014	0.13434	0.01791	0.00864	0.00584	0.00179	0.00485	0.00717	0.00596	0.00840
5	0.01123	0.00936	0.01025	0.00938	0.01183	0.01025	0.00722	0.02146	0.45831	0.02198	0.24625	0.03038	0.11029	0.00936	0.00600	0.00184	0.00369	0.00797	0.00572	0.00727
6	0.01602	0.00765	0.00988	0.00833	0.01118	0.00680	0.00659	0.01856	0.04036	0.38529	0.22742	0.06997	0.14880	0.00977	0.00606	0.00178	0.00375	0.00830	0.00624	0.00725
7	0.01326	0.01308	0.02155	0.27038	0.02717	0.07578	0.26637	0.01658	0.01199	0.06485	0.01083	0.01461	0.00838	0.00741	0.03955	0.00218	0.12090	0.00544	0.00291	0.00678
8	0.01371	0.01316	0.02248	0.03399	0.77081	0.01316	0.01700	0.01700	0.01261	0.01809	0.01042	0.01371	0.00877	0.00493	0.00548	0.00164	0.00658	0.00493	0.00274	0.00877
9	0.00691	0.00499	0.00642	0.00746	0.00793	0.00464	0.00503	0.00792	0.01077	0.01424	0.05205	0.64539	0.09529	0.07485	0.00858	0.00244	0.00337	0.03222	0.00504	0.00446
10	0.00700	0.00538	0.00705	0.00768	0.00860	0.00490	0.02411	0.00831	0.01146	0.01485	0.06317	0.53092	0.21925	0.01588	0.00693	0.00214	0.00334	0.04922	0.00511	0.00467
11	0.00987	0.00880	0.01448	0.01220	0.01424	0.00890	0.19385	0.05465	0.01204	0.01634	0.02386	0.34049	0.09603	0.05203	0.00879	0.00222	0.07936	0.01058	0.03561	0.00567
12	0.77689	0.01091	0.00931	0.00946	0.07256	0.01248	0.00689	0.01634	0.00968	0.02430	0.00793	0.00938	0.00622	0.00512	0.00359	0.00171	0.00447	0.00316	0.00337	0.00622
13	0.01333	0.01281	0.02211	0.03187	0.68879	0.01274	0.05323	0.01665	0.01281	0.01832	0.05486	0.01539	0.01130	0.00530	0.00560	0.00166	0.00649	0.00531	0.00294	0.00850
14	0.01211	0.00994	0.01167	0.06768	0.04457	0.02308	0.00817	0.07704	0.17230	0.02069	0.10476	0.02231	0.03772	0.00718	0.00526	0.00151	0.00448	0.04823	0.07745	0.24384
15	0.01466	0.00706	0.00895	0.00775	0.01013	0.00665	0.00611	0.01749	0.03937	0.28189	0.20789	0.02533	0.02367	0.01071	0.06862	0.00219	0.00439	0.00662	0.24379	0.00676
16	0.04891	0.01406	0.01452	0.01110	0.01556	0.05860	0.00903	0.43307	0.01990	0.02760	0.01165	0.01233	0.00875	0.00568	0.00494	0.00137	0.00558	0.00425	0.00454	0.28857
17	0.00691	0.00489	0.00638	0.00751	0.00779	0.00461	0.00492	0.00775	0.01029	0.01372	0.02891	0.70727	0.03459	0.11461	0.00968	0.00263	0.00348	0.01480	0.00492	0.00436
18	0.01111	0.02865	0.77667	0.01579	0.02397	0.01286	0.02046	0.01754	0.01169	0.01754	0.00994	0.01169	0.00702	0.00526	0.00526	0.00175	0.00818	0.00409	0.00234	0.00818
19	0.00864	0.00601	0.00808	0.00871	0.00998	0.00587	0.00726	0.01117	0.01352	0.01861	0.25979	0.07131	0.03694	0.01339	0.00698	0.00219	0.00407	0.42933	0.07303	0.00513
20	0.00803	0.00545	0.00646	0.00646	0.00661	0.00560	0.00388	0.00832	0.00818	0.01105	0.01706	0.03410	0.01921	0.69259	0.13969	0.00589	0.00677	0.00774	0.00330	0.00359
21	0.01244	0.01187	0.02020	0.32880	0.48588	0.01283	0.01637	0.01589	0.01201	0.01656	0.01019	0.01412	0.00823	0.00517	0.00550	0.00172	0.00689	0.00493	0.00263	0.00775
22	0.02149	0.01482	0.01619	0.01241	0.01683	0.01614	0.01025	0.66961	0.02488	0.11928	0.01427	0.01393	0.00991	0.00667	0.00554	0.00167	0.00594	0.00505	0.00569	0.00942
23	0.00729	0.00519	0.00699	0.00823	0.00876	0.00496	0.00595	0.00859	0.01101	0.01459	0.02982	0.60715	0.03500	0.04265	0.00789	0.00242	0.00372	0.18013	0.00507	0.00460
24	0.04538	0.01228	0.01827	0.01445	0.01725	0.01388	0.16469	0.16112	0.02759	0.11071	0.02687	0.06278	0.01161	0.00877	0.02878	0.00217	0.25602	0.00606	0.00399	0.00733
25	0.01198	0.21355	0.59945	0.01429	0.02166	0.01501	0.01786	0.01731	0.01159	0.01647	0.00941	0.01103	0.00704	0.00514	0.00486	0.00162	0.00765	0.00382	0.00235	0.00793
26	0.01371	0.01316	0.02248	0.03399	0.77081	0.01316	0.01700	0.01700	0.01261	0.01809	0.01042	0.01371	0.00877	0.00493	0.00548	0.00164	0.00658	0.00493	0.00274	0.00877
27	0.01177	0.02244	0.45722	0.07116	0.02672	0.01324	0.28305	0.01738	0.01215	0.01738	0.01039	0.01307	0.00754	0.00507	0.00574	0.00180	0.00855	0.00503	0.00251	0.00779
28	0.01402	0.01525	0.05744	0.02224	0.05708	0.01402	0.61304	0.07774	0.01414	0.04108	0.01161	0.01475	0.00860	0.00493	0.00634	0.00183	0.00879	0.00623	0.00312	0.00776
29	0.00675	0.00482	0.00643	0.00771	0.00803	0.00450	0.00514	0.00771	0.01060	0.01414	0.03053	0.80175	0.03663	0.01735	0.00707	0.00225	0.00321	0.01574	0.00514	0.00450
30	0.00674	0.00485	0.00640	0.00764	0.00801	0.00450	0.00511	0.00772	0.01067	0.01416	0.03136	0.77741	0.06043	0.01724	0.00705	0.00224	0.00320	0.01561	0.00514	0.00450
31	0.01392	0.69763	0.07094	0.00953	0.01424	0.01998	0.00969	0.01594	0.01139	0.01345	0.01177	0.01266	0.06906	0.00552	0.00390	0.00127	0.00580	0.00374	0.00259	0.00697
32	0.01682	0.04488	0.20506	0.01308	0.01815	0.01254	0.07331	0.10182	0.18760	0.22829	0.01688	0.01704	0.01199	0.00649	0.00555	0.00177	0.00608	0.01924	0.00478	0.00863
33	0.01383	0.00685	0.00918	0.00821	0.01037	0.00612	0.00628	0.01588	0.01454	0.29700	0.31834	0.21375	0.03437	0.01111	0.00631	0.00185	0.00353	0.00974	0.00615	0.00660
34	0.00703	0.00537	0.00650	0.00715	0.00817	0.00489	0.00511	0.00864	0.02486	0.01549	0.11098	0.42816	0.27714	0.01539	0.00685	0.00209	0.00314	0.05306	0.00524	0.00473
35	0.03530	0.04375	0.12179	0.01298	0.07306	0.05595	0.01090	0.03530	0.01420	0.41035	0.03719	0.01639	0.01210	0.00665	0.00638	0.00173	0.06993	0.00509	0.02257	0.00839
36	0.01599	0.01393	0.01591	0.01275	0.01620	0.12715	0.13457	0.28904	0.01795	0.02378	0.01684	0.01993	0.06031	0.00712	0.00551	0.00166	0.00630	0.04821	0.15957	0.00729
37	0.84448	0.01071	0.00814	0.00728	0.01071	0.01242	0.00600	0.01628	0.00943	0.02485	0.00771	0.00900	0.00600	0.00514	0.00343	0.00171	0.00428	0.00300	0.00343	0.00600

[dist]
# distance from previous block
# <min> <max>
0	2

[block]
# block no. 6 follows, 43 sequences, length 43
# corresponding to MSA columns:
# 755-797
name=unknown_G
#
# <colnr> <probs for GDERKNQSTAVLIFYWHMCP>
#	G	D	E	R	K	N	Q	S	T	A	V	L	I	F	Y	W	H	M	C	P
0	0.82466	0.01068	0.00825	0.00735	0.01079	0.01232	0.00605	0.01654	0.00958	0.04299	0.00805	0.00924	0.00618	0.00518	0.00348	0.00171	0.00429	0.00306	0.00351	0.00608
1	0.01553	0.42001	0.02278	0.01190	0.01499	0.20228	0.01044	0.01708	0.01161	0.01323	0.00780	0.00997	0.00715	0.00623	0.00761	0.00156	0.20708	0.00358	0.00250	0.00668
2	0.02464	0.00976	0.01306	0.01001	0.01431	0.00864	0.00827	0.06733	0.01642	0.73351	0.02137	0.01854	0.01347	0.00684	0.00557	0.00171	0.00479	0.00554	0.00678	0.00942
3	0.00726	0.00559	0.00663	0.00647	0.00794	0.00497	0.00481	0.00930	0.01417	0.01886	0.44201	0.08844	0.33806	0.01274	0.00657	0.00182	0.00272	0.01100	0.00566	0.00497
4	0.00665	0.00530	0.00597	0.00647	0.00772	0.00462	0.00460	0.00791	0.01189	0.01479	0.06091	0.35047	0.46264	0.01529	0.00675	0.00202	0.00296	0.01327	0.00516	0.00462
5	0.14604	0.01167	0.01415	0.01560	0.19388	0.01264	0.01006	0.15127	0.19085	0.06886	0.01492	0.01578	0.01135	0.00755	0.03510	0.00197	0.00546	0.00505	0.07981	0.00801
6	0.00784	0.00566	0.00740	0.00697	0.00827	0.00523	0.00523	0.01045	0.01568	0.02221	0.76789	0.04137	0.05226	0.01132	0.00653	0.00174	0.00261	0.01002	0.00610	0.00523
7	0.00802	0.00610	0.00751	0.00796	0.00901	0.00605	0.00565	0.01157	0.12374	0.01730	0.19282	0.47649	0.07783	0.01437	0.00671	0.00206	0.00323	0.01285	0.00542	0.00530
8	0.00675	0.00482	0.00643	0.00771	0.00803	0.00450	0.00514	0.00771	0.01060	0.01414	0.03053	0.80175	0.03663	0.01735	0.00707	0.00225	0.00321	0.01574	0.00514	0.00450
9	0.00805	0.00537	0.00604	0.00604	0.00604	0.00537	0.00336	0.00805	0.00805	0.01074	0.01745	0.03624	0.02013	0.80536	0.02819	0.00537	0.00537	0.00805	0.00336	0.00336
10	0.00675	0.00482	0.00643	0.00771	0.00803	0.00450	0.00514	0.00771	0.01060	0.01414	0.03053	0.80175	0.03663	0.01735	0.00707	0.00225	0.00321	0.01574	0.00514	0.00450
11	0.01325	0.20676	0.22138	0.02276	0.35088	0.01522	0.06057	0.01709	0.01208	0.01672	0.00969	0.01211	0.00790	0.00496	0.00503	0.00158	0.00701	0.00434	0.00255	0.00814
12	0.01179	0.01145	0.02018	0.46575	0.27634	0.01276	0.09136	0.01545	0.01178	0.01581	0.01017	0.01444	0.00794	0.00525	0.00562	0.00178	0.00732	0.00509	0.00259	0.00714
13	0.01409	0.01205	0.01270	0.01133	0.01452	0.01392	0.00884	0.06021	0.72953	0.02367	0.02215	0.02035	0.01659	0.00748	0.00563	0.00187	0.00446	0.00621	0.00563	0.00879
14	0.00675	0.00482	0.00643	0.00771	0.00803	0.00450	0.00514	0.00771	0.01060	0.01414	0.03053	0.80175	0.03663	0.01735	0.00707	0.00225	0.00321	0.01574	0.00514	0.00450
15	0.01728	0.02001	0.01875	0.02302	0.35088	0.41394	0.01354	0.01953	0.01406	0.01556	0.00934	0.01171	0.00786	0.00551	0.00569	0.00156	0.03731	0.00422	0.00279	0.00745
16	0.01491	0.01119	0.01604	0.14319	0.24408	0.01177	0.01194	0.05098	0.15046	0.14046	0.01480	0.01615	0.01108	0.00605	0.00572	0.00168	0.02868	0.00518	0.05038	0.06526
17	0.01471	0.01347	0.01715	0.06329	0.31638	0.12310	0.03626	0.01919	0.11619	0.08530	0.04345	0.05067	0.03584	0.00662	0.00557	0.00168	0.00625	0.00583	0.00383	0.03524
18	0.01246	0.11736	0.02070	0.01491	0.01765	0.10167	0.23617	0.01478	0.01159	0.01486	0.01423	0.20072	0.01459	0.00887	0.00853	0.00193	0.17188	0.00757	0.00323	0.00630
19	0.00801	0.00535	0.00605	0.00610	0.00611	0.00534	0.00342	0.00804	0.00814	0.01086	0.01790	0.06260	0.02070	0.77823	0.02746	0.00526	0.00530	0.00832	0.00342	0.00340
20	0.01068	0.01032	0.01430	0.01256	0.01360	0.05823	0.07632	0.01244	0.01006	0.01412	0.04544	0.13260	0.01528	0.01826	0.20803	0.00390	0.32799	0.00703	0.00318	0.00566
21	0.23168	0.05667	0.04689	0.05685	0.10199	0.03552	0.03414	0.07487	0.10288	0.08072	0.01260	0.01531	0.01014	0.07835	0.00743	0.00206	0.03614	0.00479	0.00381	0.00718
22	0.00683	0.00535	0.00623	0.00687	0.00804	0.00474	0.00499	0.00815	0.01180	0.01475	0.04324	0.36476	0.40294	0.01551	0.00686	0.00208	0.00317	0.07391	0.00514	0.00464
23	0.00688	0.00491	0.00658	0.00786	0.00824	0.00461	0.00537	0.00794	0.01073	0.01429	0.03045	0.75695	0.03634	0.01723	0.00710	0.00227	0.00333	0.05924	0.00514	0.00453
24	0.02807	0.01439	0.11004	0.15262	0.14979	0.01247	0.28785	0.01846	0.01289	0.14005	0.01237	0.01487	0.00895	0.00529	0.00584	0.00179	0.00758	0.00550	0.00335	0.00784
25	0.01345	0.03069	0.16183	0.01984	0.19134	0.01329	0.17561	0.03249	0.21174	0.04433	0.01473	0.01715	0.01144	0.00606	0.00575	0.00180	0.00677	0.02977	0.00370	0.00825
26	0.01042	0.00973	0.01636	0.71709	0.06302	0.01201	0.01493	0.01400	0.01100	0.01422	0.01017	0.01515	0.00782	0.00770	0.05267	0.00227	0.00781	0.00498	0.00250	0.00617
27	0.01244	0.01044	0.01199	0.00873	0.01354	0.00852	0.00701	0.08146	0.04174	0.01977	0.01065	0.01200	0.00865	0.00446	0.00429	0.00094	0.00429	0.00355	0.00358	0.73196
28	0.01302	0.06520	0.20388	0.04160	0.44745	0.01370	0.10155	0.01713	0.01233	0.01754	0.01022	0.01310	0.00818	0.00498	0.00544	0.00167	0.00725	0.00480	0.00262	0.00833
29	0.02403	0.00959	0.01283	0.00991	0.01409	0.00850	0.00816	0.05290	0.03044	0.71271	0.04213	0.01930	0.01468	0.00698	0.00560	0.00172	0.00470	0.00568	0.00676	0.00930
30	0.00707	0.00507	0.00672	0.00749	0.00811	0.00472	0.00517	0.00853	0.01212	0.01655	0.25114	0.57425	0.04131	0.01555	0.00691	0.00210	0.00303	0.01403	0.00543	0.00472
31	0.01278	0.01843	0.24706	0.01778	0.06688	0.06965	0.21618	0.04525	0.01225	0.01704	0.01047	0.01368	0.00833	0.00879	0.06987	0.00242	0.13228	0.00509	0.01847	0.00729
32	0.01221	0.01364	0.06254	0.01594	0.01766	0.03520	0.15768	0.01442	0.00988	0.01448	0.00984	0.01403	0.02992	0.00923	0.03252	0.00239	0.53410	0.00533	0.00260	0.00640
33	0.00793	0.00587	0.00859	0.00859	0.00947	0.00675	0.00653	0.00969	0.00881	0.01263	0.01512	0.02334	0.01453	0.12474	0.70115	0.00852	0.01380	0.00616	0.00301	0.00477
34	0.00705	0.00532	0.00653	0.00698	0.00804	0.00480	0.00500	0.00863	0.01262	0.01662	0.23708	0.36036	0.25101	0.01471	0.00679	0.00201	0.00299	0.03331	0.00540	0.00476
35	0.06581	0.01760	0.01640	0.01319	0.01715	0.22348	0.05126	0.39801	0.04159	0.08316	0.01250	0.01288	0.00909	0.00624	0.00534	0.00162	0.00708	0.00466	0.00465	0.00829
36	0.00794	0.00581	0.00825	0.00825	0.00902	0.00657	0.00612	0.00947	0.00871	0.01238	0.01543	0.02503	0.01527	0.21421	0.61269	0.00810	0.01269	0.00641	0.00305	0.00459
37	0.00724	0.00491	0.00667	0.00779	0.00812	0.00464	0.00531	0.00786	0.01029	0.01369	0.02776	0.65886	0.03287	0.01748	0.00899	0.11038	0.00353	0.05458	0.00479	0.00426
38	0.01545	0.01284	0.01972	0.10655	0.27245	0.02499	0.11798	0.16832	0.04733	0.08861	0.01378	0.06236	0.01115	0.00636	0.00575	0.00175	0.00655	0.00592	0.00393	0.00819
39	0.01126	0.05013	0.20617	0.01557	0.04828	0.05746	0.21995	0.01525	0.03495	0.01639	0.01823	0.20376	0.06100	0.00857	0.00606	0.00187	0.00683	0.00804	0.00346	0.00678
40	0.01379	0.01393	0.11540	0.38435	0.02834	0.01341	0.06506	0.21086	0.01537	0.03460	0.01143	0.01431	0.00835	0.00580	0.00550	0.00176	0.00703	0.00497	0.03834	0.00739
41	0.28231	0.01033	0.01332	0.04660	0.11173	0.03602	0.09346	0.01423	0.01089	0.01888	0.01463	0.20059	0.01461	0.00834	0.00591	0.00186	0.04911	0.00703	0.05401	0.00614
42	0.06439	0.27152	0.02131	0.04582	0.17020	0.04280	0.08084	0.05260	0.01307	0.04055	0.08442	0.01486	0.01250	0.00570	0.00483	0.00150	0.00598	0.00475	0.02766	0.03473

[dist]
# distance from previous block
# <min> <max>
0	1

[block]
# block no. 7 follows, 43 sequences, length 27
# corresponding to MSA columns:
# 799-825
name=unknown_H
#
# <colnr> <probs for GDERKNQSTAVLIFYWHMCP>
#	G	D	E	R	K	N	Q	S	T	A	V	L	I	F	Y	W	H	M	C	P
0	0.01711	0.05550	0.15208	0.01279	0.01763	0.01331	0.06616	0.16514	0.20942	0.18949	0.01646	0.01600	0.01166	0.00637	0.00546	0.00172	0.00591	0.00526	0.00487	0.02766
1	0.06593	0.02460	0.54775	0.01454	0.02127	0.04896	0.01713	0.12428	0.01372	0.02017	0.01058	0.02784	0.00792	0.00583	0.00553	0.00175	0.02685	0.00439	0.00296	0.00802
2	0.01458	0.00794	0.01064	0.00915	0.01118	0.00836	0.00735	0.01672	0.01298	0.26781	0.17358	0.02310	0.02078	0.01282	0.11127	0.00273	0.13720	0.00636	0.13876	0.00670
3	0.00971	0.00759	0.00819	0.00749	0.00975	0.00740	0.00577	0.07614	0.13468	0.04142	0.16878	0.04156	0.43715	0.01167	0.00628	0.00183	0.00336	0.00977	0.00547	0.00597
4	0.01467	0.33903	0.23468	0.01429	0.09161	0.05590	0.01339	0.12175	0.01395	0.01817	0.02908	0.01167	0.00874	0.00540	0.00465	0.00148	0.00676	0.00397	0.00297	0.00782
5	0.00748	0.00587	0.02657	0.00760	0.00831	0.00524	0.00537	0.00896	0.02613	0.01485	0.12088	0.47079	0.05184	0.17445	0.01118	0.00279	0.00378	0.03848	0.00484	0.00457
6	0.00688	0.00487	0.00639	0.00755	0.00784	0.00458	0.00497	0.00775	0.01035	0.01380	0.02924	0.72662	0.03501	0.09469	0.00914	0.00256	0.00342	0.01499	0.00497	0.00439
7	0.01190	0.01240	0.02190	0.12969	0.12424	0.05051	0.32641	0.01576	0.02968	0.01757	0.11982	0.02158	0.07961	0.00667	0.00615	0.00180	0.00712	0.00686	0.00347	0.00688
8	0.01117	0.15671	0.01547	0.21257	0.01866	0.01274	0.00999	0.01516	0.11718	0.01482	0.01478	0.05388	0.01403	0.11998	0.04475	0.00267	0.08791	0.06806	0.00337	0.00609
9	0.00736	0.00505	0.00624	0.00698	0.00719	0.00486	0.00439	0.00797	0.00960	0.01292	0.02496	0.47496	0.02946	0.33478	0.01551	0.00348	0.00407	0.01240	0.02376	0.00405
10	0.84448	0.01071	0.00814	0.00728	0.01071	0.01242	0.00600	0.01628	0.00943	0.02485	0.00771	0.00900	0.00600	0.00514	0.00343	0.00171	0.00428	0.00300	0.00343	0.00600
11	0.01175	0.01116	0.01894	0.49132	0.32881	0.01264	0.01602	0.01528	0.01168	0.01571	0.01007	0.01435	0.00793	0.00530	0.00552	0.00177	0.00706	0.00493	0.00257	0.00719
12	0.01454	0.01183	0.01544	0.01318	0.01420	0.05423	0.01086	0.01600	0.01025	0.15321	0.01067	0.01408	0.00902	0.01173	0.08150	0.00280	0.54156	0.00501	0.00331	0.00660
13	0.01415	0.01621	0.02406	0.01841	0.02211	0.18613	0.39861	0.01735	0.01316	0.01650	0.07844	0.01577	0.01190	0.00631	0.00806	0.00185	0.13522	0.00591	0.00305	0.00680
14	0.01189	0.12417	0.50901	0.08405	0.13026	0.01401	0.01813	0.01705	0.01171	0.01675	0.00971	0.01189	0.00731	0.00517	0.00510	0.00167	0.00760	0.00414	0.00241	0.00796
15	0.02399	0.01081	0.01371	0.01051	0.01483	0.01019	0.00868	0.19191	0.01817	0.60646	0.01990	0.01759	0.01273	0.00681	0.00556	0.00170	0.00503	0.00544	0.00656	0.00942
16	0.01841	0.01085	0.01259	0.01049	0.01381	0.03583	0.00848	0.23454	0.05668	0.28936	0.08433	0.09957	0.01953	0.00894	0.00596	0.00183	0.00498	0.06985	0.00589	0.00807
17	0.00673	0.00489	0.00636	0.00753	0.00799	0.00451	0.00506	0.00773	0.01078	0.01421	0.03272	0.73765	0.09931	0.01707	0.00702	0.00222	0.00318	0.01540	0.00514	0.00451
18	0.00883	0.00735	0.01094	0.08646	0.16885	0.00743	0.00868	0.01119	0.04382	0.01538	0.02487	0.50828	0.04976	0.01315	0.00652	0.00206	0.00434	0.01196	0.00442	0.00573
19	0.01184	0.01583	0.15491	0.01985	0.02514	0.01246	0.52142	0.01629	0.01249	0.01720	0.01373	0.12590	0.01217	0.00657	0.00640	0.00190	0.00827	0.00743	0.00305	0.00717
20	0.00785	0.00535	0.00638	0.00656	0.00670	0.00540	0.00396	0.00819	0.00850	0.01143	0.01905	0.14380	0.02187	0.61822	0.09930	0.00527	0.00599	0.00894	0.00357	0.00367
21	0.01423	0.01653	0.13096	0.02298	0.19284	0.01417	0.36581	0.13565	0.01486	0.02055	0.01119	0.01395	0.00846	0.00513	0.00596	0.00177	0.00804	0.00559	0.00316	0.00817
22	0.01713	0.01226	0.08803	0.01263	0.08296	0.01061	0.01007	0.16229	0.07583	0.26798	0.02393	0.02449	0.13430	0.00812	0.00579	0.00178	0.00518	0.04309	0.00532	0.00821
23	0.01673	0.00790	0.01004	0.00839	0.01126	0.00716	0.00656	0.01921	0.05268	0.40809	0.09204	0.02948	0.15674	0.10838	0.03773	0.00247	0.00462	0.00744	0.00583	0.00724
24	0.00777	0.00555	0.00738	0.00805	0.00882	0.00545	0.00601	0.00937	0.01148	0.01546	0.14596	0.29078	0.05021	0.13034	0.08631	0.00333	0.00503	0.19324	0.00482	0.00465
25	0.01556	0.08314	0.03411	0.11001	0.08260	0.01182	0.08262	0.08338	0.08795	0.18360	0.01741	0.01816	0.05040	0.00645	0.00531	0.00166	0.00557	0.00554	0.10701	0.00770
26	0.01373	0.00889	0.00976	0.00845	0.01097	0.00910	0.00662	0.25145	0.01667	0.08465	0.02597	0.13751	0.16138	0.00959	0.00553	0.00170	0.00403	0.00793	0.21936	0.00670

[dist]
# distance from previous block
# <min> <max>
0	1

[block]
# block no. 8 follows, 43 sequences, length 14
# corresponding to MSA columns:
# 827-840
name=unknown_I
#
# <colnr> <probs for GDERKNQSTAVLIFYWHMCP>
#	G	D	E	R	K	N	Q	S	T	A	V	L	I	F	Y	W	H	M	C	P
0	0.10921	0.12419	0.03471	0.03071	0.12086	0.06572	0.05155	0.26492	0.04608	0.06412	0.01215	0.03037	0.00946	0.00604	0.00508	0.00163	0.00624	0.00477	0.00409	0.00810
1	0.01707	0.38901	0.06826	0.01174	0.01605	0.22423	0.01060	0.13244	0.05234	0.01733	0.00968	0.01062	0.00796	0.00546	0.00446	0.00139	0.00710	0.00367	0.00315	0.00743
2	0.03785	0.00716	0.00874	0.00845	0.01032	0.00692	0.00643	0.03412	0.08671	0.09080	0.16623	0.29103	0.06546	0.01225	0.00635	0.00195	0.00372	0.08651	0.00536	0.06364
3	0.04044	0.14596	0.09238	0.01293	0.05419	0.05182	0.05952	0.16900	0.04887	0.12856	0.07122	0.01541	0.01266	0.00613	0.00514	0.00156	0.00596	0.00494	0.00425	0.06905
4	0.07725	0.01384	0.17727	0.01128	0.01511	0.01098	0.05907	0.04332	0.20685	0.03811	0.05203	0.02426	0.12976	0.08597	0.00816	0.00218	0.02672	0.00661	0.00422	0.00700
5	0.01147	0.01088	0.01845	0.55496	0.26729	0.01257	0.01589	0.01504	0.01155	0.01538	0.01002	0.01443	0.00782	0.00535	0.00552	0.00178	0.00713	0.00493	0.00255	0.00697
6	0.01300	0.01243	0.02120	0.19972	0.61064	0.01297	0.01664	0.01637	0.01227	0.01723	0.01029	0.01394	0.00847	0.00507	0.00549	0.00169	0.00676	0.00493	0.00268	0.00820
7	0.01406	0.01444	0.06157	0.05782	0.14317	0.05103	0.34268	0.04252	0.05731	0.06006	0.01251	0.01514	0.00948	0.00546	0.00619	0.00176	0.03023	0.00567	0.06126	0.00765
8	0.01249	0.01250	0.02203	0.21536	0.30794	0.01380	0.15912	0.01577	0.01157	0.01619	0.00986	0.01392	0.00809	0.00589	0.00800	0.00188	0.15034	0.00523	0.00263	0.00738
9	0.00675	0.00482	0.00643	0.00771	0.00803	0.00450	0.00514	0.00771	0.01060	0.01414	0.03053	0.80175	0.03663	0.01735	0.00707	0.00225	0.00321	0.01574	0.00514	0.00450
10	0.01241	0.01302	0.02431	0.02241	0.20267	0.04319	0.39047	0.01602	0.01293	0.01745	0.05132	0.09592	0.01477	0.00698	0.00634	0.00187	0.00752	0.04989	0.00332	0.00720
11	0.01300	0.01112	0.02005	0.18882	0.22122	0.01122	0.19423	0.01622	0.01244	0.10271	0.01501	0.14087	0.01340	0.00720	0.00602	0.00185	0.00668	0.00713	0.00355	0.00727
12	0.00693	0.00524	0.00646	0.00734	0.00825	0.00477	0.00528	0.00821	0.01148	0.01467	0.03841	0.48295	0.26549	0.01608	0.00697	0.00216	0.00330	0.09625	0.00514	0.00462
13	0.00968	0.00689	0.00883	0.00853	0.01012	0.00703	0.00671	0.08651	0.01379	0.04055	0.22669	0.09264	0.10235	0.03899	0.19240	0.00371	0.00648	0.12763	0.00492	0.00554

[dist]
# distance from previous block
# <min> <max>
5	10

[block]
# block no. 9 follows, 43 sequences, length 23
# corresponding to MSA columns:
# 851-873
name=unknown_J
#
# <colnr> <probs for GDERKNQSTAVLIFYWHMCP>
#	G	D	E	R	K	N	Q	S	T	A	V	L	I	F	Y	W	H	M	C	P
0	0.01250	0.00750	0.00904	0.00782	0.01025	0.00696	0.00613	0.09218	0.01597	0.18161	0.33129	0.03691	0.23840	0.01063	0.00623	0.00176	0.00348	0.00900	0.00593	0.00641
1	0.01255	0.01222	0.00966	0.00891	0.01113	0.21504	0.00676	0.05285	0.08553	0.01815	0.11017	0.02968	0.24686	0.00921	0.00554	0.00163	0.00499	0.00736	0.14586	0.00592
2	0.05346	0.01400	0.01463	0.01139	0.01569	0.08610	0.03705	0.29698	0.09417	0.04188	0.01256	0.01316	0.00949	0.00570	0.00499	0.00141	0.00567	0.00442	0.00441	0.27284
3	0.00728	0.00518	0.00662	0.00724	0.00772	0.00501	0.00483	0.00830	0.01049	0.01413	0.10861	0.43177	0.06479	0.20865	0.08001	0.00351	0.00467	0.01222	0.00463	0.00435
4	0.00791	0.00593	0.00890	0.00890	0.00989	0.00692	0.00692	0.00989	0.00890	0.01286	0.01483	0.02176	0.01385	0.04154	0.78341	0.00890	0.01483	0.00593	0.00297	0.00494
5	0.01596	0.01756	0.24806	0.01349	0.01858	0.08436	0.09316	0.08330	0.01435	0.20090	0.01538	0.10104	0.01234	0.00702	0.00561	0.00172	0.00670	0.00599	0.00416	0.05029
6	0.01251	0.01359	0.02761	0.02035	0.02486	0.01337	0.55797	0.01646	0.01240	0.01711	0.01224	0.01858	0.01031	0.00618	0.00793	0.00194	0.10475	0.06978	0.00298	0.04907
7	0.00814	0.00666	0.00854	0.00854	0.00974	0.02619	0.03136	0.00997	0.01266	0.01676	0.22319	0.28875	0.16282	0.01382	0.00741	0.00207	0.04360	0.10963	0.00511	0.00503
8	0.00767	0.00542	0.00655	0.00656	0.00724	0.00514	0.00435	0.00887	0.01156	0.01573	0.29523	0.14167	0.09949	0.34255	0.01561	0.00333	0.00386	0.01011	0.00475	0.00430
9	0.01420	0.01253	0.07544	0.01423	0.01681	0.01296	0.12662	0.03308	0.01172	0.15654	0.01478	0.02014	0.03780	0.02474	0.01162	0.00219	0.33467	0.06926	0.00372	0.00696
10	0.10095	0.01604	0.01391	0.01150	0.01525	0.26458	0.00914	0.13389	0.01673	0.34146	0.01485	0.01416	0.01017	0.00628	0.00517	0.00161	0.00661	0.00458	0.00502	0.00811
11	0.01854	0.00999	0.01222	0.01017	0.01332	0.04850	0.00820	0.12197	0.01498	0.38268	0.01768	0.01858	0.01282	0.01816	0.26115	0.00405	0.00850	0.00551	0.00519	0.00780
12	0.00702	0.00533	0.00648	0.00716	0.00818	0.00483	0.00519	0.00842	0.01190	0.01531	0.10333	0.39069	0.28510	0.03109	0.00732	0.00217	0.00326	0.08737	0.00519	0.00466
13	0.01671	0.01609	0.01973	0.02613	0.48781	0.19578	0.01440	0.05597	0.01430	0.08406	0.01112	0.01325	0.00885	0.00537	0.00538	0.00160	0.00720	0.00467	0.00327	0.00830
14	0.00721	0.00515	0.00695	0.00824	0.00876	0.00490	0.00594	0.00851	0.01106	0.01465	0.03027	0.64543	0.03562	0.01692	0.00719	0.00231	0.00361	0.16752	0.00513	0.00463
15	0.00870	0.00820	0.03279	0.01194	0.01388	0.00735	0.20516	0.01077	0.01125	0.01518	0.04883	0.48218	0.02750	0.07836	0.00860	0.00237	0.00514	0.01216	0.00433	0.00532
16	0.01264	0.04481	0.42333	0.01646	0.05659	0.08565	0.13224	0.01732	0.01237	0.04560	0.01250	0.09215	0.01058	0.00646	0.00559	0.00177	0.00776	0.00567	0.00294	0.00758
17	0.00735	0.00522	0.00693	0.00750	0.00816	0.00512	0.00525	0.00834	0.01044	0.01398	0.08062	0.39188	0.11945	0.06561	0.16125	0.07685	0.00565	0.01153	0.00444	0.00441
18	0.00968	0.00922	0.01672	0.03332	0.04090	0.00868	0.26791	0.01259	0.01289	0.01713	0.13185	0.15034	0.15312	0.01052	0.00670	0.00199	0.00566	0.10056	0.00431	0.00593
19	0.01138	0.06104	0.45279	0.01326	0.01899	0.01212	0.01514	0.04601	0.11470	0.01860	0.04925	0.08659	0.01472	0.00758	0.00561	0.00183	0.00658	0.05271	0.00351	0.00760
20	0.12877	0.01430	0.01762	0.02255	0.39508	0.10733	0.01285	0.09152	0.08527	0.03609	0.02926	0.01398	0.01015	0.00566	0.00519	0.00166	0.00629	0.00477	0.00356	0.00810
21	0.01153	0.09001	0.62307	0.01512	0.02203	0.01410	0.01855	0.01695	0.01126	0.01666	0.00943	0.01152	0.00705	0.00576	0.00670	0.00179	0.10419	0.00409	0.00235	0.00784
22	0.02695	0.01216	0.01505	0.16401	0.10183	0.10897	0.04452	0.06536	0.03454	0.03561	0.01462	0.16772	0.01402	0.00839	0.00722	0.00185	0.10262	0.00690	0.02524	0.04242

[dist]
# distance from previous block
# <min> <max>
2	10

[block]
# block no. 10 follows, 43 sequences, length 18
# corresponding to MSA columns:
# 884-901
name=unknown_K
#
# <colnr> <probs for GDERKNQSTAVLIFYWHMCP>
#	G	D	E	R	K	N	Q	S	T	A	V	L	I	F	Y	W	H	M	C	P
0	0.03507	0.00888	0.04724	0.00884	0.01091	0.04436	0.00698	0.06882	0.01375	0.12558	0.14603	0.35523	0.08157	0.01233	0.00632	0.00194	0.00413	0.01074	0.00527	0.00602
1	0.12972	0.11493	0.01303	0.12108	0.01544	0.08657	0.02106	0.03126	0.04758	0.04146	0.02554	0.04445	0.25229	0.00851	0.00528	0.00169	0.00515	0.00677	0.00393	0.02425
