[name]
unknown

[dist]
# distance from previous block
# <min> <max>
0	1367

[block]
# block no. 0 follows, 48 sequences, length 34
# corresponding to MSA columns:
# 1374-1407
name=unknown_A
#
# <colnr> <probs for GDERKNQSTAVLIFYWHMCP>
#	G	D	E	R	K	N	Q	S	T	A	V	L	I	F	Y	W	H	M	C	P
0	0.01692	0.00963	0.01210	0.01116	0.07532	0.00954	0.00830	0.16424	0.09973	0.33049	0.02205	0.04449	0.09456	0.00785	0.00545	0.00168	0.00453	0.06892	0.00534	0.00770
1	0.01101	0.06781	0.54744	0.01724	0.13633	0.01268	0.06796	0.01596	0.01089	0.01593	0.00912	0.01119	0.00685	0.00495	0.00544	0.00162	0.04384	0.00403	0.00226	0.00747
2	0.85592	0.00992	0.00754	0.00675	0.00992	0.01151	0.00556	0.01508	0.00873	0.02302	0.00714	0.00834	0.00556	0.00476	0.00318	0.00159	0.00397	0.00278	0.00318	0.00556
3	0.01497	0.08241	0.01243	0.00939	0.01201	0.13371	0.00742	0.26475	0.01549	0.06530	0.01396	0.07344	0.01213	0.09146	0.03135	0.00201	0.00558	0.00535	0.14040	0.00643
4	0.01294	0.01097	0.01174	0.01008	0.01335	0.01202	0.00791	0.08388	0.59027	0.02154	0.01824	0.01718	0.01377	0.00637	0.00498	0.00156	0.00414	0.00525	0.00485	0.14897
5	0.00637	0.00466	0.00604	0.00701	0.00755	0.00426	0.00474	0.00734	0.00999	0.01327	0.02949	0.73339	0.09011	0.01546	0.00643	0.00202	0.00297	0.01395	0.00471	0.03024
6	0.00629	0.00450	0.00599	0.00712	0.00745	0.00420	0.00477	0.00725	0.01002	0.01342	0.06055	0.78314	0.03455	0.01584	0.00653	0.00206	0.00295	0.01436	0.00480	0.00420
7	0.00660	0.00564	0.00632	0.00698	0.05377	0.00488	0.00481	0.00809	0.01183	0.01440	0.08243	0.04699	0.67762	0.01242	0.00604	0.00174	0.00288	0.03730	0.00467	0.00460
8	0.01394	0.47170	0.05628	0.11766	0.01627	0.01591	0.00960	0.07382	0.01158	0.08590	0.00926	0.01086	0.00754	0.00592	0.00529	0.07002	0.00559	0.00355	0.00282	0.00652
9	0.02246	0.00963	0.01246	0.00955	0.01354	0.00887	0.00789	0.14309	0.01618	0.67103	0.01899	0.01665	0.01207	0.00632	0.00516	0.00158	0.00457	0.00507	0.00616	0.00873
10	0.00653	0.00503	0.00593	0.00609	0.00726	0.00447	0.00439	0.00805	0.01202	0.01572	0.27953	0.23550	0.34344	0.03416	0.00671	0.00187	0.00270	0.01118	0.00500	0.00442
11	0.01206	0.01164	0.02016	0.18889	0.59944	0.01207	0.05026	0.01524	0.01141	0.01600	0.00958	0.01295	0.00785	0.00467	0.00514	0.00157	0.00637	0.00464	0.00249	0.00758
12	0.01312	0.09490	0.01684	0.42135	0.10344	0.23867	0.01261	0.01572	0.01165	0.01322	0.00863	0.01177	0.00688	0.00505	0.00480	0.00152	0.00732	0.00402	0.00240	0.00610
13	0.58269	0.00968	0.00803	0.00709	0.01001	0.03872	0.00574	0.04689	0.01054	0.07405	0.03973	0.01339	0.05010	0.00570	0.00374	0.00155	0.00399	0.00388	0.07872	0.00576
14	0.01372	0.82276	0.02689	0.00878	0.01317	0.02030	0.00878	0.01536	0.01043	0.01207	0.00713	0.00823	0.00658	0.00439	0.00329	0.00110	0.00549	0.00274	0.00219	0.00658
15	0.11173	0.01289	0.13027	0.01278	0.11008	0.02388	0.01016	0.15263	0.06320	0.10089	0.11469	0.01776	0.04376	0.02167	0.00605	0.00169	0.04944	0.00528	0.00408	0.00707
16	0.00746	0.00499	0.00570	0.00570	0.00573	0.00503	0.00324	0.00753	0.00749	0.01002	0.01607	0.03306	0.01843	0.78980	0.05569	0.00510	0.00531	0.00739	0.00310	0.00317
17	0.01953	0.01216	0.01377	0.01079	0.01467	0.01291	0.00884	0.43204	0.13696	0.25921	0.01602	0.01492	0.01099	0.00634	0.00515	0.00159	0.00502	0.00496	0.00551	0.00864
18	0.02157	0.00892	0.01179	0.00919	0.01297	0.00804	0.00754	0.04889	0.06474	0.68338	0.05264	0.01830	0.01429	0.00656	0.00520	0.00160	0.00431	0.00536	0.00621	0.00853
19	0.01481	0.12033	0.06538	0.01430	0.04832	0.34789	0.14056	0.01751	0.04022	0.01406	0.01017	0.05670	0.00891	0.00586	0.00555	0.00150	0.05390	0.00462	0.02309	0.00631
20	0.00746	0.00500	0.00572	0.00572	0.00576	0.00504	0.00326	0.00754	0.00750	0.01004	0.01606	0.03297	0.01839	0.78413	0.06130	0.00512	0.00537	0.00737	0.00309	0.00318
21	0.00633	0.00453	0.00604	0.00716	0.00751	0.00423	0.00483	0.00732	0.01006	0.01345	0.05963	0.76920	0.03445	0.01581	0.00654	0.00207	0.00299	0.02884	0.00480	0.00421
22	0.00625	0.00447	0.00595	0.00714	0.00744	0.00417	0.00476	0.00714	0.00982	0.01310	0.02828	0.81633	0.03394	0.01608	0.00655	0.00208	0.00298	0.01459	0.00476	0.00417
23	0.01323	0.34209	0.32720	0.01273	0.04930	0.12812	0.01327	0.03352	0.01154	0.01444	0.00829	0.00968	0.00667	0.00476	0.00422	0.00137	0.00688	0.00336	0.00233	0.00700
24	0.01237	0.01347	0.04178	0.09982	0.24286	0.09600	0.15209	0.01502	0.01082	0.01461	0.00914	0.02910	0.00789	0.00610	0.00843	0.00177	0.22472	0.00488	0.00249	0.00665
25	0.28007	0.09291	0.01469	0.01243	0.06683	0.38787	0.04584	0.01780	0.01202	0.01627	0.00785	0.00933	0.00644	0.00494	0.00415	0.00142	0.00700	0.00331	0.00276	0.00608
26	0.00981	0.00489	0.00502	0.00494	0.00620	0.00485	0.00372	0.01220	0.01098	0.03778	0.04196	0.01972	0.01429	0.00613	0.00371	0.00122	0.00244	0.00494	0.80032	0.00488
27	0.01148	0.19880	0.09127	0.01051	0.01333	0.17632	0.06262	0.01339	0.01126	0.01332	0.01664	0.30559	0.03714	0.00912	0.00519	0.00162	0.00572	0.00774	0.00332	0.00563
28	0.00714	0.00496	0.00641	0.00677	0.00766	0.00454	0.00480	0.00868	0.01191	0.04044	0.31358	0.42943	0.10770	0.01339	0.00627	0.00186	0.00278	0.01196	0.00514	0.00458
29	0.01541	0.53459	0.04645	0.01043	0.01434	0.27720	0.00947	0.01708	0.01180	0.01236	0.00746	0.00865	0.00659	0.00470	0.00378	0.00119	0.00680	0.00296	0.00234	0.00641
30	0.00691	0.00518	0.00724	0.00784	0.00850	0.00491	0.03659	0.03154	0.01041	0.01386	0.02761	0.73930	0.05016	0.01520	0.00647	0.00204	0.00329	0.01383	0.00468	0.00443
31	0.01166	0.00913	0.01067	0.01008	0.04739	0.00961	0.00754	0.13830	0.25010	0.03581	0.18597	0.06960	0.05689	0.00871	0.00557	0.00168	0.00398	0.07512	0.00498	0.05722
32	0.01820	0.01270	0.01393	0.01101	0.01484	0.01380	0.00898	0.47885	0.19363	0.13255	0.01525	0.01452	0.01081	0.00630	0.00512	0.00157	0.00506	0.00492	0.00526	0.03272
33	0.01026	0.03341	0.04095	0.56096	0.14337	0.01142	0.03870	0.01361	0.01076	0.01427	0.04449	0.01433	0.00896	0.00520	0.00510	0.00163	0.00649	0.00471	0.00250	0.02888

[dist]
# distance from previous block
# <min> <max>
0	3

[block]
# block no. 1 follows, 48 sequences, length 15
# corresponding to MSA columns:
# 1411-1425
name=unknown_B
#
# <colnr> <probs for GDERKNQSTAVLIFYWHMCP>
#	G	D	E	R	K	N	Q	S	T	A	V	L	I	F	Y	W	H	M	C	P
0	0.06732	0.19652	0.10104	0.01047	0.01460	0.06522	0.06153	0.07603	0.06660	0.01743	0.06311	0.02912	0.01104	0.00545	0.00460	0.00133	0.01846	0.00427	0.00323	0.18260
1	0.01597	0.01243	0.01327	0.01085	0.01429	0.01388	0.00868	0.41381	0.32738	0.02647	0.01587	0.01603	0.01196	0.04463	0.00612	0.00176	0.00492	0.00519	0.00502	0.03147
2	0.27280	0.03832	0.03811	0.01065	0.04979	0.01280	0.00855	0.32072	0.01614	0.14429	0.01202	0.03379	0.00890	0.00586	0.00451	0.00156	0.00495	0.00433	0.00440	0.00751
3	0.01468	0.68254	0.02472	0.00956	0.01364	0.15710	0.00898	0.01626	0.01115	0.01216	0.00727	0.00841	0.00659	0.00455	0.00353	0.00114	0.00615	0.00284	0.00227	0.00647
4	0.01276	0.01088	0.01156	0.01044	0.01329	0.01253	0.00818	0.05101	0.71582	0.02152	0.02091	0.02082	0.01611	0.00729	0.00531	0.00176	0.00415	0.04247	0.00519	0.00797
5	0.02048	0.00830	0.01120	0.00872	0.01236	0.00716	0.00713	0.02254	0.01450	0.66019	0.11854	0.01988	0.01711	0.00678	0.00522	0.00156	0.00409	0.00561	0.00613	0.04250
6	0.00624	0.00451	0.00590	0.00701	0.00741	0.00418	0.00471	0.00716	0.00995	0.01315	0.02986	0.76506	0.08418	0.01587	0.00652	0.00206	0.00295	0.01434	0.00476	0.00418
7	0.01123	0.01123	0.01572	0.01347	0.01347	0.01572	0.01123	0.01235	0.00786	0.01235	0.00674	0.01123	0.00674	0.00898	0.01684	0.00225	0.81028	0.00449	0.00225	0.00561
8	0.00664	0.00534	0.00625	0.00650	0.00777	0.00495	0.00493	0.00808	0.01134	0.01431	0.10091	0.19254	0.45146	0.01420	0.03239	0.00209	0.02938	0.09181	0.00468	0.00443
9	0.00746	0.00534	0.00624	0.00606	0.00759	0.00468	0.00452	0.00915	0.01268	0.05961	0.30861	0.12007	0.40527	0.01204	0.00606	0.00172	0.00267	0.01034	0.00517	0.00474
10	0.01030	0.00570	0.00592	0.00556	0.00702	0.00581	0.00425	0.08140	0.01228	0.02046	0.07689	0.02002	0.01552	0.00635	0.00392	0.00126	0.00269	0.00512	0.70438	0.00515
11	0.01572	0.01560	0.06696	0.01259	0.01622	0.19616	0.09216	0.09587	0.31456	0.09751	0.01504	0.01487	0.01110	0.00600	0.00514	0.00160	0.00619	0.00493	0.00424	0.00757
12	0.00734	0.00545	0.00803	0.00803	0.00887	0.00629	0.00614	0.00902	0.00818	0.01175	0.01394	0.02127	0.01331	0.10307	0.73542	0.00798	0.01302	0.00566	0.00278	0.00446
13	0.09238	0.04824	0.02685	0.01113	0.03003	0.16898	0.00889	0.33596	0.03874	0.07691	0.09956	0.01468	0.01287	0.00626	0.00488	0.00150	0.00575	0.00470	0.00438	0.00731
14	0.01140	0.01611	0.29115	0.03693	0.15333	0.01070	0.01304	0.07152	0.01181	0.01743	0.01059	0.01296	0.02054	0.00516	0.00524	0.00141	0.04361	0.01623	0.02707	0.22376

[dist]
# distance from previous block
# <min> <max>
1	6

[block]
# block no. 2 follows, 48 sequences, length 14
# corresponding to MSA columns:
# 1432-1445
name=unknown_C
#
# <colnr> <probs for GDERKNQSTAVLIFYWHMCP>
#	G	D	E	R	K	N	Q	S	T	A	V	L	I	F	Y	W	H	M	C	P
0	0.01391	0.06013	0.04744	0.01093	0.03030	0.17166	0.00867	0.04824	0.34526	0.06107	0.06395	0.05776	0.04430	0.00716	0.00511	0.00160	0.00527	0.00576	0.00437	0.00708
1	0.00857	0.00622	0.00803	0.00764	0.00828	0.00694	0.00551	0.00977	0.03163	0.04238	0.03249	0.06397	0.07947	0.31936	0.20443	0.03883	0.11184	0.00699	0.00333	0.00431
2	0.01478	0.01429	0.11956	0.13414	0.15745	0.04957	0.02408	0.23172	0.06466	0.08052	0.01208	0.02826	0.00912	0.00566	0.00507	0.00157	0.00607	0.00471	0.00372	0.03295
3	0.01371	0.10930	0.34901	0.01372	0.01913	0.06045	0.09903	0.12687	0.03657	0.06926	0.01045	0.01172	0.00769	0.00533	0.00547	0.00158	0.04600	0.00421	0.00305	0.00746
4	0.00722	0.00552	0.00684	0.00753	0.00888	0.00513	0.00622	0.00904	0.01163	0.01458	0.03758	0.10461	0.34478	0.01381	0.00663	0.00208	0.00372	0.39495	0.00474	0.00452
5	0.00766	0.00641	0.00692	0.00732	0.00845	0.05354	0.00543	0.00953	0.03643	0.01483	0.13984	0.31034	0.22277	0.03382	0.00677	0.00198	0.00352	0.11513	0.00473	0.00459
6	0.04132	0.21113	0.27164	0.01293	0.05846	0.12940	0.01258	0.11200	0.02591	0.06512	0.00976	0.01074	0.00741	0.00509	0.00448	0.00144	0.00663	0.00370	0.00298	0.00730
7	0.00654	0.00517	0.00588	0.00580	0.00724	0.00452	0.00431	0.00824	0.01267	0.01640	0.33256	0.09210	0.45590	0.01222	0.00609	0.00171	0.00255	0.01046	0.00510	0.00452
8	0.69241	0.00964	0.00809	0.00709	0.01017	0.01091	0.00580	0.05312	0.01035	0.06096	0.08182	0.01183	0.01013	0.00545	0.00364	0.00159	0.00393	0.00360	0.00366	0.00580
9	0.01150	0.01312	0.10367	0.22891	0.37993	0.04673	0.05085	0.01486	0.01137	0.01539	0.01168	0.01556	0.03933	0.00542	0.00520	0.00162	0.00653	0.02872	0.00260	0.00702
10	0.01254	0.01281	0.02042	0.11384	0.40551	0.07518	0.16505	0.01649	0.06649	0.01615	0.01105	0.04113	0.00922	0.00521	0.00531	0.00161	0.00669	0.00520	0.00280	0.00730
11	0.00630	0.00505	0.00566	0.00605	0.00734	0.00441	0.00445	0.00759	0.01128	0.01395	0.06580	0.25865	0.50856	0.01384	0.00626	0.00187	0.00284	0.06101	0.00479	0.00433
12	0.00626	0.00461	0.00587	0.00682	0.00737	0.00422	0.00463	0.00727	0.01028	0.01349	0.05975	0.67049	0.14933	0.01540	0.00646	0.00201	0.00290	0.01382	0.00480	0.00422
13	0.01398	0.06224	0.18008	0.04147	0.11844	0.05349	0.14154	0.15517	0.04827	0.07030	0.02346	0.04662	0.00995	0.00572	0.00518	0.00159	0.00652	0.00508	0.00344	0.00746

[dist]
# distance from previous block
# <min> <max>
0	1

[block]
# block no. 3 follows, 48 sequences, length 33
# corresponding to MSA columns:
# 1447-1479
name=unknown_D
#
# <colnr> <probs for GDERKNQSTAVLIFYWHMCP>
#	G	D	E	R	K	N	Q	S	T	A	V	L	I	F	Y	W	H	M	C	P
0	0.03610	0.00868	0.01417	0.25689	0.08142	0.00932	0.12049	0.04525	0.01131	0.01581	0.01605	0.14158	0.03617	0.00860	0.02471	0.00191	0.00573	0.07373	0.08636	0.00572
1	0.01594	0.01775	0.04011	0.05330	0.24677	0.28287	0.16135	0.05079	0.01375	0.01661	0.01029	0.01318	0.00847	0.00580	0.00606	0.00174	0.03991	0.00477	0.00306	0.00750
2	0.01348	0.00817	0.01012	0.00786	0.01152	0.00657	0.00623	0.01549	0.01196	0.24447	0.05089	0.10358	0.04395	0.00655	0.00469	0.00122	0.00377	0.00551	0.00439	0.43960
3	0.01649	0.31806	0.07830	0.01169	0.01536	0.45294	0.01018	0.01828	0.01275	0.01266	0.00774	0.00900	0.00659	0.00493	0.00416	0.00126	0.00774	0.00314	0.00244	0.00631
4	0.00775	0.00608	0.00733	0.00644	0.00849	0.00517	0.00491	0.00990	0.01309	0.01834	0.46396	0.03461	0.19285	0.00956	0.00557	0.00145	0.00276	0.00825	0.00490	0.18858
5	0.01917	0.02445	0.01454	0.01322	0.01586	0.79907	0.00991	0.02049	0.01454	0.01256	0.00793	0.00925	0.00661	0.00529	0.00463	0.00132	0.00925	0.00330	0.00264	0.00595
6	0.00838	0.00648	0.00852	0.03550	0.09070	0.00614	0.00679	0.01072	0.03587	0.04643	0.15192	0.08526	0.32194	0.01142	0.00609	0.00183	0.00362	0.15252	0.00466	0.00521
7	0.01217	0.01368	0.02934	0.02261	0.10262	0.01290	0.69399	0.01637	0.01207	0.01647	0.01031	0.01373	0.00782	0.00435	0.00596	0.00171	0.00840	0.00591	0.00259	0.00704
8	0.01917	0.02445	0.01454	0.01322	0.01586	0.79907	0.00991	0.02049	0.01454	0.01256	0.00793	0.00925	0.00661	0.00529	0.00463	0.00132	0.00925	0.00330	0.00264	0.00595
9	0.01244	0.04493	0.01173	0.07834	0.01380	0.10817	0.00808	0.17335	0.05723	0.03749	0.08384	0.13159	0.10869	0.00986	0.02779	0.00188	0.03692	0.04355	0.00424	0.00609
10	0.01169	0.01179	0.04377	0.19033	0.36795	0.01189	0.13831	0.04564	0.01164	0.01613	0.01063	0.05031	0.00904	0.00626	0.02589	0.00182	0.03187	0.00528	0.00269	0.00707
11	0.85592	0.00992	0.00754	0.00675	0.00992	0.01151	0.00556	0.01508	0.00873	0.02302	0.00714	0.00834	0.00556	0.00476	0.00318	0.00159	0.00397	0.00278	0.00318	0.00556
12	0.00957	0.03518	0.29835	0.01344	0.04088	0.01018	0.12767	0.01327	0.00991	0.01432	0.01113	0.01524	0.00938	0.03086	0.31076	0.00424	0.03206	0.00487	0.00249	0.00620
13	0.01406	0.01167	0.01233	0.01070	0.01384	0.01337	0.00843	0.16990	0.63365	0.02355	0.01924	0.01783	0.01433	0.00681	0.00520	0.00170	0.00437	0.00557	0.00520	0.00824
14	0.01327	0.00945	0.01120	0.00816	0.01259	0.00763	0.00659	0.07177	0.01229	0.14069	0.01112	0.01185	0.00849	0.00438	0.00412	0.00095	0.00403	0.00349	0.00372	0.65420
15	0.00625	0.00447	0.00595	0.00714	0.00744	0.00417	0.00476	0.00714	0.00982	0.01310	0.02828	0.81633	0.03394	0.01608	0.00655	0.00208	0.00298	0.01459	0.00476	0.00417
16	0.01080	0.01074	0.01537	0.01314	0.01343	0.01456	0.04060	0.01204	0.00828	0.01261	0.00977	0.05517	0.03838	0.00933	0.01545	0.00220	0.70479	0.00533	0.00249	0.00554
17	0.00768	0.00585	0.00697	0.00744	0.02784	0.02670	0.00530	0.00931	0.01212	0.04036	0.25143	0.27793	0.22925	0.01265	0.00618	0.00182	0.00313	0.05835	0.00495	0.00473
18	0.02302	0.00873	0.01191	0.00913	0.01310	0.00754	0.00754	0.02501	0.01469	0.79122	0.02024	0.01746	0.01270	0.00635	0.00516	0.00159	0.00437	0.00516	0.00635	0.00873
19	0.00617	0.00520	0.00534	0.00531	0.00699	0.00438	0.00398	0.00757	0.01194	0.01445	0.11608	0.04841	0.72112	0.01278	0.00606	0.00172	0.00258	0.01069	0.00484	0.00438
20	0.01194	0.02982	0.04326	0.00982	0.03116	0.02713	0.03746	0.06562	0.09570	0.14226	0.06852	0.15260	0.13475	0.01003	0.00581	0.00180	0.00437	0.11694	0.00477	0.00624
21	0.01663	0.01245	0.01446	0.11647	0.01747	0.01384	0.02848	0.55461	0.02009	0.02717	0.01238	0.01425	0.00934	0.05377	0.00628	0.00175	0.00562	0.00483	0.06243	0.00768
22	0.29943	0.08979	0.01959	0.07796	0.01944	0.05592	0.30508	0.04550	0.01126	0.01840	0.00881	0.01111	0.00681	0.00467	0.00462	0.00159	0.00653	0.00430	0.00283	0.00634
23	0.01629	0.01969	0.01470	0.01314	0.01489	0.52765	0.01021	0.01757	0.01224	0.01247	0.00775	0.01023	0.00685	0.00753	0.03440	0.00184	0.26048	0.00375	0.00252	0.00580
24	0.05761	0.09396	0.04151	0.01036	0.07423	0.03461	0.00790	0.02710	0.06372	0.02985	0.16759	0.05655	0.13955	0.00960	0.02473	0.00184	0.07200	0.06261	0.01891	0.00578
25	0.01160	0.05273	0.51965	0.01516	0.10005	0.01172	0.03025	0.05054	0.02495	0.05927	0.03612	0.01399	0.04041	0.00549	0.00498	0.00160	0.00668	0.00448	0.00284	0.00749
26	0.00798	0.00581	0.00787	0.00890	0.01015	0.00570	0.00770	0.01021	0.01180	0.01516	0.03038	0.05678	0.12741	0.01402	0.00695	0.00228	0.00445	0.65703	0.00473	0.00467
27	0.00698	0.00561	0.00729	0.00672	0.00829	0.00500	0.04110	0.00900	0.01311	0.01745	0.43028	0.07324	0.33417	0.01140	0.00608	0.00169	0.00281	0.00995	0.00512	0.00471
28	0.01521	0.33135	0.06466	0.01376	0.12074	0.24209	0.01063	0.03330	0.01209	0.04434	0.00861	0.01036	0.00732	0.02016	0.00521	0.00141	0.04593	0.00353	0.00262	0.00669
29	0.00917	0.01331	0.28047	0.01113	0.01457	0.00817	0.05994	0.01234	0.01086	0.04575	0.03908	0.28716	0.03789	0.01020	0.00622	0.00188	0.03240	0.09499	0.01860	0.00585
30	0.00632	0.00452	0.00604	0.00723	0.00756	0.00423	0.00489	0.00727	0.00989	0.01318	0.02824	0.78919	0.03378	0.01601	0.00657	0.00209	0.00304	0.04101	0.00476	0.00419
31	0.00634	0.00457	0.00600	0.00700	0.00744	0.00424	0.00473	0.00738	0.01033	0.01381	0.09796	0.71244	0.06789	0.01543	0.00648	0.00203	0.00291	0.01394	0.00484	0.00424
32	0.05270	0.11962	0.09592	0.03796	0.26610	0.04712	0.01211	0.15470	0.06518	0.05672	0.01142	0.02569	0.00915	0.00551	0.00480	0.00152	0.00585	0.01690	0.00339	0.00762

[dist]
# distance from previous block
# <min> <max>
0	6

[block]
# block no. 4 follows, 48 sequences, length 23
# corresponding to MSA columns:
# 1486-1508
name=unknown_E
#
# <colnr> <probs for GDERKNQSTAVLIFYWHMCP>
#	G	D	E	R	K	N	Q	S	T	A	V	L	I	F	Y	W	H	M	C	P
0	0.09453	0.00723	0.00855	0.09518	0.01172	0.03172	0.00650	0.02261	0.03036	0.04000	0.37428	0.09752	0.07723	0.00942	0.00590	0.00168	0.02994	0.02130	0.02911	0.00522
1	0.01360	0.03328	0.03542	0.04871	0.04480	0.05922	0.00823	0.14010	0.01343	0.07764	0.01083	0.02984	0.00864	0.00490	0.00437	0.00113	0.00487	0.00389	0.00355	0.45356
2	0.04921	0.18171	0.13866	0.02352	0.01552	0.29728	0.01059	0.07299	0.02647	0.01514	0.00912	0.01089	0.00751	0.00813	0.07413	0.00199	0.03161	0.00366	0.01544	0.00641
3	0.00696	0.00567	0.00622	0.00617	0.00775	0.00521	0.00459	0.00968	0.08522	0.01578	0.18617	0.13734	0.48013	0.01231	0.00604	0.00175	0.00275	0.01051	0.00498	0.00477
4	0.01467	0.68307	0.02473	0.00956	0.01364	0.15658	0.00898	0.01626	0.01115	0.01216	0.00727	0.00841	0.00659	0.00455	0.00353	0.00114	0.00615	0.00284	0.00227	0.00647
5	0.00765	0.00634	0.00686	0.00684	0.00850	0.00619	0.00507	0.01185	0.18162	0.01571	0.07552	0.20719	0.41716	0.01220	0.00598	0.00180	0.00300	0.01045	0.00491	0.00516
6	0.01919	0.02383	0.01459	0.01313	0.01587	0.75091	0.00990	0.06662	0.01513	0.01377	0.00820	0.00944	0.00674	0.00534	0.00466	0.00134	0.00903	0.00339	0.00280	0.00612
7	0.00648	0.00470	0.00613	0.00697	0.00756	0.00435	0.00484	0.00771	0.01081	0.01447	0.15495	0.60347	0.09177	0.01486	0.00645	0.00199	0.00292	0.04036	0.00491	0.00431
8	0.00958	0.00909	0.01601	0.48254	0.02747	0.01017	0.15535	0.01274	0.01075	0.01417	0.01513	0.06874	0.08349	0.00648	0.00539	0.00171	0.00627	0.00610	0.05318	0.00565
9	0.01358	0.01274	0.01198	0.01080	0.01366	0.11308	0.00835	0.02640	0.68094	0.02033	0.01923	0.01788	0.01451	0.00675	0.00515	0.00169	0.00472	0.00548	0.00489	0.00784
10	0.01324	0.01411	0.01306	0.01459	0.17340	0.28148	0.00924	0.04339	0.04217	0.01428	0.01535	0.05902	0.08246	0.11718	0.04294	0.00230	0.04703	0.00569	0.00317	0.00590
11	0.01397	0.56916	0.15422	0.01037	0.01510	0.10431	0.01066	0.04566	0.01148	0.01362	0.00777	0.00894	0.00666	0.00464	0.00378	0.00123	0.00626	0.00306	0.00235	0.00677
12	0.17207	0.10718	0.56249	0.01251	0.01891	0.01272	0.01533	0.01593	0.01039	0.01710	0.00860	0.01008	0.00633	0.00480	0.00438	0.00156	0.00667	0.00349	0.00236	0.00709
13	0.01328	0.01340	0.01990	0.06340	0.66996	0.09864	0.01504	0.01615	0.01194	0.01614	0.00944	0.01236	0.00790	0.00467	0.00503	0.00151	0.00648	0.00443	0.00254	0.00778
14	0.01222	0.00776	0.00807	0.00711	0.00918	0.00834	0.00557	0.18380	0.11592	0.02240	0.01630	0.01761	0.01250	0.00615	0.00415	0.00135	0.00334	0.00488	0.54727	0.00611
15	0.02033	0.00854	0.01127	0.00863	0.01251	0.00726	0.00707	0.02238	0.01384	0.62708	0.01836	0.01655	0.01197	0.00595	0.00486	0.00144	0.00416	0.00482	0.05893	0.13406
16	0.00625	0.00447	0.00595	0.00714	0.00744	0.00417	0.00476	0.00714	0.00982	0.01310	0.02828	0.81633	0.03394	0.01608	0.00655	0.00208	0.00298	0.01459	0.00476	0.00417
17	0.01072	0.02033	0.45757	0.01646	0.02254	0.01193	0.27229	0.01568	0.01125	0.01622	0.03549	0.03789	0.00917	0.00536	0.00577	0.00170	0.03491	0.00510	0.00251	0.00710
18	0.00702	0.00506	0.00640	0.00721	0.00778	0.00484	0.00496	0.04072	0.01046	0.01383	0.02797	0.63183	0.07757	0.08251	0.00812	0.00229	0.00332	0.04914	0.00464	0.00432
19	0.01872	0.00999	0.01177	0.00930	0.01268	0.01009	0.00757	0.29170	0.03320	0.34037	0.01635	0.01584	0.01125	0.00670	0.00550	0.03628	0.00450	0.00489	0.14552	0.00779
20	0.00625	0.00447	0.00595	0.00714	0.00744	0.00417	0.00476	0.00714	0.00982	0.01310	0.02828	0.81633	0.03394	0.01608	0.00655	0.00208	0.00298	0.01459	0.00476	0.00417
21	0.01005	0.00800	0.01034	0.03190	0.01215	0.00843	0.04963	0.10934	0.16534	0.01793	0.03628	0.29888	0.04943	0.01184	0.01840	0.00204	0.00442	0.14505	0.00469	0.00585
22	0.01369	0.01257	0.01199	0.04790	0.02728	0.16895	0.00815	0.18060	0.03505	0.03018	0.01509	0.11696	0.04282	0.00725	0.00501	0.00143	0.00540	0.04331	0.00385	0.22252

[dist]
# distance from previous block
# <min> <max>
0	5

[block]
# block no. 5 follows, 48 sequences, length 20
# corresponding to MSA columns:
# 1514-1533
name=unknown_F
#
# <colnr> <probs for GDERKNQSTAVLIFYWHMCP>
#	G	D	E	R	K	N	Q	S	T	A	V	L	I	F	Y	W	H	M	C	P
0	0.01155	0.07830	0.10050	0.02884	0.04365	0.04710	0.02972	0.05387	0.03277	0.03694	0.02528	0.09240	0.01237	0.03015	0.00735	0.02655	0.10220	0.04394	0.00325	0.19328
1	0.06204	0.27297	0.10077	0.00979	0.01415	0.07658	0.00914	0.13592	0.01292	0.01757	0.00955	0.04147	0.00817	0.00514	0.00410	0.00123	0.00546	0.00374	0.00305	0.20624
2	0.00763	0.00541	0.00627	0.00635	0.00671	0.02174	0.00409	0.00796	0.00838	0.01104	0.03681	0.09355	0.07354	0.48910	0.11118	0.07395	0.00565	0.02380	0.00333	0.00351
3	0.01261	0.11112	0.19024	0.03602	0.16791	0.06546	0.03374	0.09342	0.11213	0.01752	0.01350	0.08189	0.02975	0.00633	0.00499	0.00158	0.00600	0.00531	0.00327	0.00721
4	0.00653	0.00498	0.00598	0.00650	0.00742	0.00456	0.00455	0.00808	0.03158	0.01441	0.13087	0.43836	0.26513	0.03777	0.00688	0.00199	0.00288	0.01232	0.00484	0.00438
5	0.04281	0.00880	0.01166	0.00891	0.01292	0.00757	0.00734	0.02347	0.01410	0.68923	0.01873	0.01651	0.01198	0.00604	0.00496	0.00150	0.00430	0.00487	0.00592	0.09840
6	0.03857	0.01163	0.02813	0.17560	0.15358	0.02899	0.02209	0.23715	0.04508	0.11374	0.01325	0.07243	0.01062	0.00640	0.00537	0.00164	0.01896	0.00537	0.00398	0.00741
7	0.01136	0.01037	0.01541	0.22496	0.26385	0.04646	0.04559	0.06479	0.01223	0.01635	0.01536	0.03724	0.06248	0.00689	0.00538	0.00168	0.00585	0.09745	0.04984	0.00645
8	0.00630	0.00452	0.00590	0.00698	0.00733	0.00422	0.00464	0.00717	0.00979	0.01297	0.02872	0.74281	0.06659	0.05640	0.00751	0.00221	0.00306	0.01406	0.00468	0.00412
9	0.00616	0.00481	0.00559	0.00622	0.00720	0.00425	0.00435	0.00725	0.01071	0.01346	0.03955	0.45150	0.39149	0.01461	0.00632	0.00192	0.00280	0.01280	0.00476	0.00425
10	0.01277	0.09454	0.36298	0.03641	0.13373	0.11210	0.06172	0.06195	0.01212	0.01621	0.00907	0.01104	0.00700	0.00507	0.00535	0.00155	0.04263	0.00399	0.00250	0.00726
11	0.01011	0.00942	0.01151	0.11739	0.13171	0.10600	0.00959	0.01219	0.01134	0.01426	0.01970	0.18106	0.03693	0.02996	0.00681	0.00201	0.02679	0.25413	0.00372	0.00539
12	0.85592	0.00992	0.00754	0.00675	0.00992	0.01151	0.00556	0.01508	0.00873	0.02302	0.00714	0.00834	0.00556	0.00476	0.00318	0.00159	0.00397	0.00278	0.00318	0.00556
13	0.02280	0.00908	0.01212	0.00930	0.01327	0.00806	0.00768	0.07134	0.01527	0.74406	0.01975	0.01714	0.01245	0.00634	0.00516	0.00158	0.00445	0.00513	0.00628	0.00873
14	0.01276	0.15160	0.09426	0.30205	0.04216	0.15172	0.10342	0.01575	0.01147	0.03545	0.00950	0.03024	0.00765	0.00518	0.00485	0.00153	0.00715	0.00438	0.00253	0.00633
15	0.01254	0.00946	0.01086	0.00865	0.01226	0.00886	0.00686	0.06688	0.22079	0.09200	0.10927	0.01711	0.01537	0.00588	0.00468	0.00126	0.00387	0.00486	0.00440	0.38415
16	0.01853	0.05659	0.01475	0.01278	0.01547	0.74191	0.00968	0.01986	0.01428	0.01258	0.00930	0.01048	0.03133	0.00550	0.00462	0.00133	0.00889	0.00352	0.00269	0.00592
17	0.01056	0.00946	0.06467	0.06186	0.01363	0.00761	0.03315	0.05415	0.01254	0.05517	0.22628	0.01999	0.01960	0.02925	0.02773	0.00156	0.00448	0.00541	0.00391	0.33899
18	0.00793	0.00707	0.00751	0.04764	0.02702	0.05356	0.00569	0.01055	0.07719	0.01507	0.12268	0.19615	0.37938	0.01177	0.00593	0.00176	0.00347	0.01008	0.00460	0.00493
19	0.01281	0.09894	0.01903	0.02244	0.43782	0.09282	0.01295	0.01512	0.01093	0.01473	0.00902	0.01219	0.00793	0.00791	0.06640	0.00208	0.14304	0.00430	0.00248	0.00705

[dist]
# distance from previous block
# <min> <max>
0	2

[block]
# block no. 6 follows, 48 sequences, length 12
# corresponding to MSA columns:
# 1538-1549
name=unknown_G
#
# <colnr> <probs for GDERKNQSTAVLIFYWHMCP>
#	G	D	E	R	K	N	Q	S	T	A	V	L	I	F	Y	W	H	M	C	P
0	0.04755	0.16926	0.28654	0.01430	0.11240	0.01409	0.01318	0.16052	0.01328	0.04469	0.01018	0.03375	0.00810	0.00555	0.00522	0.00154	0.04516	0.00419	0.00305	0.00745
1	0.01399	0.01263	0.01223	0.01083	0.01382	0.08984	0.00844	0.09270	0.63672	0.02156	0.01886	0.01757	0.01416	0.00673	0.00516	0.00168	0.00471	0.00545	0.00496	0.00796
2	0.54057	0.01248	0.03764	0.01074	0.03832	0.08720	0.08923	0.01551	0.00972	0.01976	0.00767	0.00954	0.00614	0.00521	0.00520	0.00165	0.09117	0.00345	0.00291	0.00590
3	0.01443	0.65869	0.06026	0.00976	0.01402	0.14414	0.00943	0.01622	0.01110	0.01234	0.00736	0.00851	0.00658	0.00456	0.00358	0.00116	0.00618	0.00288	0.00227	0.00653
4	0.01885	0.09452	0.01622	0.01196	0.01564	0.26362	0.00971	0.46182	0.01979	0.02416	0.01044	0.01096	0.00785	0.00572	0.00480	0.00143	0.00677	0.00403	0.00407	0.00765
5	0.00623	0.00455	0.00587	0.00692	0.00738	0.00419	0.00466	0.00717	0.01004	0.01319	0.03106	0.72652	0.12195	0.01571	0.00649	0.00204	0.00293	0.01415	0.00476	0.00419
6	0.00643	0.00464	0.00613	0.00726	0.00771	0.00434	0.00505	0.00748	0.01011	0.01335	0.02941	0.70510	0.07278	0.01574	0.00657	0.00209	0.00312	0.08369	0.00476	0.00423
7	0.01193	0.01331	0.02730	0.01996	0.02409	0.01354	0.61393	0.01560	0.01124	0.01560	0.00963	0.01331	0.00757	0.00528	0.00826	0.00184	0.17272	0.00574	0.00252	0.00665
8	0.00923	0.00682	0.00775	0.00725	0.00878	0.03288	0.00549	0.04847	0.05339	0.05343	0.38830	0.03656	0.13171	0.11522	0.00856	0.00212	0.00353	0.07037	0.00501	0.00512
9	0.00639	0.00452	0.00591	0.00697	0.00724	0.00426	0.00458	0.00718	0.00956	0.01274	0.02692	0.72850	0.03222	0.10624	0.00874	0.00241	0.00320	0.01379	0.00458	0.00405
10	0.01832	0.00848	0.01065	0.00858	0.01199	0.00779	0.00695	0.04815	0.10107	0.52060	0.02642	0.02389	0.16836	0.00775	0.00535	0.00163	0.00402	0.00635	0.00586	0.00778
11	0.01145	0.01141	0.03137	0.01973	0.34758	0.08659	0.07761	0.02798	0.01205	0.01604	0.04274	0.12415	0.06199	0.00773	0.00552	0.00167	0.00566	0.07020	0.03198	0.00655

[dist]
# distance from previous block
# <min> <max>
2	4

[block]
# block no. 7 follows, 48 sequences, length 81
# corresponding to MSA columns:
# 1554-1563,1565-1607,1680-1707
name=unknown_H
#
# <colnr> <probs for GDERKNQSTAVLIFYWHMCP>
#	G	D	E	R	K	N	Q	S	T	A	V	L	I	F	Y	W	H	M	C	P
0	0.10376	0.00668	0.00776	0.06335	0.02421	0.03649	0.00583	0.01019	0.00962	0.05216	0.01976	0.38091	0.02197	0.17179	0.05978	0.00289	0.00479	0.00951	0.00392	0.00462
1	0.01029	0.02654	0.79309	0.01462	0.02221	0.01192	0.01896	0.01625	0.01083	0.01625	0.00921	0.01083	0.00650	0.00487	0.00487	0.00162	0.00758	0.00379	0.00217	0.00758
2	0.03214	0.36093	0.24904	0.02575	0.07212	0.06107	0.01209	0.03057	0.01126	0.04435	0.00935	0.02669	0.00770	0.00502	0.00418	0.00137	0.00617	0.00368	0.02961	0.00693
3	0.02040	0.01001	0.01242	0.00958	0.01342	0.00954	0.00787	0.22145	0.01699	0.49877	0.07084	0.01722	0.01389	0.00647	0.00515	0.00154	0.00454	0.00520	0.00582	0.04888
4	0.02253	0.00899	0.01200	0.00926	0.01319	0.00799	0.00763	0.04714	0.04415	0.73936	0.02003	0.01738	0.01270	0.00637	0.00516	0.00159	0.00439	0.00517	0.00627	0.00871
5	0.00697	0.03346	0.00679	0.00616	0.00777	0.00531	0.00476	0.00894	0.02962	0.01587	0.24631	0.07419	0.45881	0.01208	0.00604	0.00174	0.00285	0.06276	0.00492	0.00465
6	0.00746	0.00497	0.00560	0.00560	0.00560	0.00497	0.00311	0.00746	0.00746	0.00995	0.01617	0.03358	0.01865	0.81967	0.02612	0.00497	0.00497	0.00746	0.00311	0.00311
7	0.00651	0.00466	0.00624	0.00741	0.00784	0.00439	0.00520	0.00760	0.01011	0.01340	0.02850	0.70735	0.04480	0.01578	0.00661	0.00211	0.00320	0.10929	0.00476	0.00424
8	0.01760	0.00954	0.01129	0.00930	0.01259	0.00972	0.00747	0.09889	0.26160	0.36855	0.03404	0.01807	0.01400	0.00657	0.00502	0.00159	0.00415	0.00535	0.09663	0.00803
9	0.01326	0.69544	0.12239	0.01029	0.04092	0.01898	0.01029	0.01549	0.01052	0.01276	0.00748	0.00871	0.00663	0.00446	0.00355	0.00118	0.00577	0.00294	0.00220	0.00676
10	0.00872	0.00723	0.00966	0.00889	0.00910	0.00898	0.00664	0.00952	0.00778	0.01122	0.01239	0.02288	0.01325	0.36490	0.19822	0.00478	0.28280	0.00600	0.00273	0.00430
11	0.04627	0.00831	0.01019	0.00823	0.01134	0.00787	0.00666	0.10461	0.03022	0.42732	0.09574	0.02018	0.04515	0.00689	0.00495	0.00153	0.00390	0.00559	0.14764	0.00739
12	0.01724	0.20139	0.01690	0.01190	0.01488	0.55215	0.00946	0.03589	0.02840	0.01316	0.00910	0.02790	0.00808	0.00563	0.00446	0.00133	0.00796	0.02529	0.00276	0.00612
13	0.00631	0.00452	0.00595	0.00703	0.00737	0.00422	0.00469	0.00723	0.00991	0.01320	0.04808	0.75082	0.05210	0.04320	0.00719	0.00216	0.00302	0.01412	0.00473	0.00415
14	0.01696	0.30457	0.03615	0.01142	0.01501	0.34281	0.00971	0.16072	0.01469	0.01622	0.00849	0.00955	0.00700	0.00520	0.00449	0.00131	0.02266	0.00339	0.00294	0.00673
15	0.01056	0.01022	0.01435	0.01249	0.01262	0.01407	0.01030	0.01175	0.00790	0.01221	0.00801	0.01316	0.00796	0.03744	0.12839	0.00318	0.67291	0.00472	0.00234	0.00539
16	0.00785	0.00653	0.00860	0.01042	0.13743	0.00616	0.00640	0.01014	0.04533	0.01573	0.18585	0.13886	0.31660	0.05812	0.00711	0.00192	0.00344	0.02387	0.00450	0.00515
17	0.01898	0.05162	0.01496	0.01307	0.01577	0.77258	0.00988	0.02031	0.01440	0.01254	0.00790	0.00922	0.00661	0.00526	0.00458	0.00131	0.00913	0.00329	0.00263	0.00597
18	0.01223	0.01017	0.02780	0.25208	0.05323	0.06946	0.00983	0.09040	0.01184	0.09358	0.01369	0.10917	0.01265	0.12711	0.02696	0.00235	0.06200	0.00612	0.00344	0.00589
19	0.05051	0.06902	0.09823	0.14983	0.05566	0.01254	0.02574	0.21001	0.05266	0.11037	0.01281	0.05761	0.01006	0.00626	0.00541	0.00162	0.03636	0.00501	0.02306	0.00724
20	0.79767	0.01093	0.00803	0.00720	0.01034	0.06634	0.00586	0.01546	0.00914	0.02229	0.00720	0.00840	0.00563	0.00480	0.00328	0.00157	0.00434	0.00282	0.00314	0.00558
21	0.00681	0.00487	0.00629	0.00712	0.00757	0.00471	0.00485	0.02143	0.00981	0.01307	0.02619	0.58392	0.05571	0.12941	0.05668	0.00285	0.00401	0.04611	0.00442	0.00416
22	0.01375	0.01151	0.01216	0.01064	0.01372	0.01322	0.00836	0.13619	0.66786	0.02306	0.01963	0.01814	0.01465	0.00684	0.00521	0.00171	0.00429	0.00563	0.00521	0.00821
23	0.01801	0.00879	0.01114	0.00890	0.01218	0.00830	0.00720	0.12394	0.05530	0.44839	0.20301	0.02175	0.02081	0.00731	0.00535	0.00158	0.00405	0.00607	0.00590	0.02202
24	0.00632	0.00460	0.00598	0.00702	0.00750	0.00425	0.00479	0.00733	0.01017	0.01341	0.04774	0.70074	0.10625	0.01559	0.00651	0.00205	0.00298	0.03775	0.00478	0.00422
25	0.01123	0.01123	0.01572	0.01347	0.01347	0.01572	0.01123	0.01235	0.00786	0.01235	0.00674	0.01123	0.00674	0.00898	0.01684	0.00225	0.81028	0.00449	0.00225	0.00561
26	0.00635	0.00503	0.00572	0.00599	0.00726	0.00440	0.00437	0.00774	0.01165	0.01474	0.15975	0.24777	0.45811	0.01343	0.00621	0.00182	0.00272	0.02767	0.00490	0.00438
27	0.02291	0.00891	0.01202	0.00921	0.01319	0.00781	0.00761	0.04887	0.01499	0.76693	0.01999	0.01730	0.01257	0.00634	0.00516	0.00159	0.00441	0.00514	0.00631	0.00873
28	0.02008	0.00829	0.01085	0.00854	0.01198	0.00745	0.00697	0.06092	0.01467	0.60274	0.07014	0.01879	0.01492	0.00657	0.00502	0.00154	0.00405	0.00536	0.11315	0.00797
29	0.01309	0.01418	0.13715	0.03679	0.11342	0.01256	0.16783	0.22034	0.03177	0.02001	0.01239	0.08500	0.01064	0.02368	0.02353	0.00191	0.05931	0.00577	0.00345	0.00720
30	0.01291	0.01375	0.01919	0.07740	0.30810	0.16375	0.15971	0.01571	0.01188	0.01507	0.01080	0.01584	0.00940	0.00784	0.06096	0.00208	0.03106	0.05509	0.00271	0.00675
31	0.31804	0.01805	0.01214	0.01079	0.01369	0.42918	0.00837	0.08478	0.01315	0.01804	0.00801	0.00924	0.00642	0.00527	0.00445	0.00146	0.02656	0.00326	0.00304	0.00605
32	0.00727	0.00557	0.00841	0.00888	0.00980	0.00532	0.06141	0.00885	0.01058	0.01401	0.02665	0.53359	0.03073	0.01466	0.00667	0.00214	0.00391	0.23243	0.00459	0.00453
33	0.01672	0.01036	0.01256	0.01040	0.05083	0.00982	0.00798	0.19089	0.08125	0.26468	0.04395	0.01506	0.01174	0.00571	0.00480	0.00135	0.00448	0.00462	0.00482	0.24799
34	0.04507	0.01833	0.01676	0.01952	0.29313	0.41508	0.03209	0.04814	0.01355	0.01536	0.00996	0.01180	0.02844	0.00523	0.00484	0.00143	0.00759	0.00407	0.00278	0.00681
35	0.00625	0.00449	0.00593	0.00709	0.00743	0.00417	0.00474	0.00715	0.00988	0.01312	0.02896	0.79427	0.05555	0.01599	0.00654	0.00207	0.00297	0.01448	0.00476	0.00417
36	0.01167	0.00731	0.00900	0.00792	0.01005	0.00725	0.00615	0.04478	0.15911	0.16395	0.45239	0.04729	0.03377	0.00902	0.00571	0.00164	0.00323	0.00780	0.00566	0.00632
37	0.01360	0.02694	0.07067	0.27586	0.20384	0.01101	0.04598	0.01759	0.06869	0.17931	0.01287	0.03009	0.00958	0.00554	0.00515	0.00163	0.00597	0.00496	0.00347	0.00726
38	0.01489	0.01139	0.01836	0.02544	0.57534	0.01124	0.01353	0.01843	0.05988	0.18133	0.01259	0.01411	0.00957	0.00510	0.00511	0.00155	0.00560	0.00477	0.00351	0.00826
39	0.00638	0.00459	0.00608	0.00723	0.00764	0.00429	0.00497	0.00739	0.01003	0.01328	0.02911	0.73542	0.06228	0.01583	0.00657	0.00209	0.00308	0.06477	0.00476	0.00421
40	0.00625	0.00458	0.00587	0.00688	0.00738	0.00420	0.00465	0.00722	0.01016	0.01335	0.04668	0.70084	0.13197	0.01556	0.00648	0.00203	0.00292	0.01399	0.00478	0.00420
41	0.01122	0.05698	0.29514	0.02806	0.03714	0.07954	0.07796	0.04870	0.07081	0.01690	0.09875	0.02007	0.07713	0.02405	0.00569	0.00169	0.00618	0.03401	0.00333	0.00663
42	0.01354	0.01145	0.01354	0.03843	0.27666	0.13938	0.00988	0.01629	0.03724	0.11318	0.10414	0.01885	0.05717	0.00635	0.00498	0.00149	0.00523	0.00540	0.12009	0.00672
43	0.85592	0.00992	0.00754	0.00675	0.00992	0.01151	0.00556	0.01508	0.00873	0.02302	0.00714	0.00834	0.00556	0.00476	0.00318	0.00159	0.00397	0.00278	0.00318	0.00556
44	0.02302	0.00873	0.01191	0.00913	0.01310	0.00754	0.00754	0.02501	0.01469	0.79122	0.02024	0.01746	0.01270	0.00635	0.00516	0.00159	0.00437	0.00516	0.00635	0.00873
45	0.03492	0.05770	0.01447	0.01061	0.01458	0.07636	0.00869	0.45136	0.03540	0.04228	0.01161	0.02803	0.00889	0.00571	0.00471	0.00136	0.00540	0.00429	0.00433	0.17930
46	0.01156	0.00874	0.00993	0.00747	0.01127	0.00735	0.00596	0.08984	0.01211	0.03404	0.01125	0.01271	0.00897	0.00454	0.00392	0.00095	0.00371	0.00360	0.17911	0.57297
47	0.01918	0.02419	0.01456	0.01318	0.01586	0.77875	0.00991	0.03995	0.01479	0.01307	0.00805	0.00933	0.00666	0.00531	0.00464	0.00133	0.00916	0.00334	0.00271	0.00602
48	0.00857	0.00563	0.00692	0.00681	0.00830	0.00513	0.00511	0.01064	0.03656	0.09799	0.25111	0.21984	0.25556	0.01216	0.00610	0.00180	0.00298	0.04858	0.00520	0.00504
49	0.01184	0.01327	0.02851	0.02139	0.06553	0.01248	0.68982	0.01592	0.01197	0.01628	0.01128	0.05566	0.00917	0.00495	0.00603	0.00174	0.00822	0.00642	0.00271	0.00684
50	0.01547	0.01197	0.01324	0.01090	0.01391	0.01353	0.00873	0.39006	0.23062	0.03758	0.01533	0.05986	0.01238	0.04436	0.00722	0.00183	0.07692	0.00560	0.00476	0.02573
51	0.35688	0.01177	0.03675	0.02603	0.01243	0.06817	0.00747	0.17529	0.06265	0.02233	0.05924	0.01643	0.09477	0.00657	0.00470	0.00160	0.02190	0.00477	0.00393	0.00632
52	0.01025	0.12167	0.05735	0.01066	0.08958	0.02774	0.02406	0.04573	0.04517	0.03510	0.28302	0.05257	0.11436	0.03283	0.00602	0.00168	0.00424	0.02780	0.00426	0.00590
53	0.06393	0.01437	0.16052	0.01084	0.01508	0.04610	0.01010	0.19117	0.15593	0.21287	0.01501	0.01456	0.01052	0.00598	0.00489	0.00158	0.00530	0.00466	0.04869	0.00789
54	0.15478	0.17296	0.30536	0.01310	0.05217	0.06867	0.08920	0.01570	0.01063	0.01602	0.00870	0.01096	0.00697	0.02846	0.00536	0.02149	0.00658	0.00377	0.00247	0.00664
55	0.00803	0.00658	0.00912	0.00997	0.03976	0.03598	0.05352	0.00973	0.01089	0.01418	0.02532	0.45010	0.02882	0.01386	0.00657	0.00211	0.00427	0.26200	0.00445	0.00474
56	0.01219	0.01167	0.01990	0.16390	0.65927	0.01206	0.01549	0.01530	0.01144	0.01614	0.00956	0.01287	0.00791	0.00467	0.00509	0.00156	0.00622	0.00457	0.00250	0.00771
57	0.01661	0.01285	0.01367	0.01113	0.01469	0.01444	0.00898	0.45710	0.32789	0.02771	0.01585	0.01519	0.01160	0.00648	0.00514	0.00161	0.00495	0.00510	0.02058	0.00841
58	0.01753	0.00901	0.01139	0.00859	0.01274	0.00755	0.00699	0.02032	0.05472	0.44098	0.01585	0.01484	0.01083	0.00537	0.00462	0.00127	0.00412	0.00435	0.00497	0.34395
59	0.00625	0.00459	0.00586	0.00683	0.00737	0.00421	0.00463	0.00724	0.01022	0.01339	0.04960	0.68195	0.14811	0.01548	0.00646	0.00202	0.00291	0.01389	0.00478	0.00421
60	0.01107	0.01100	0.01538	0.01320	0.01325	0.01530	0.01098	0.01225	0.00811	0.01266	0.03648	0.01226	0.00833	0.00904	0.01643	0.00222	0.77941	0.00467	0.00238	0.00558
61	0.00725	0.00535	0.00694	0.00726	0.00827	0.00536	0.00558	0.00885	0.01036	0.01382	0.09565	0.09963	0.17686	0.12015	0.22254	0.00404	0.00637	0.17183	0.01950	0.00437
62	0.02287	0.00898	0.01206	0.00925	0.01322	0.00791	0.00764	0.05781	0.01510	0.75783	0.01989	0.01724	0.01253	0.00634	0.00516	0.00159	0.00442	0.00514	0.00630	0.00873
63	0.00714	0.00524	0.00669	0.00633	0.00759	0.00479	0.00475	0.00945	0.01424	0.01991	0.71199	0.03943	0.12180	0.01074	0.00605	0.00163	0.00244	0.00943	0.00556	0.00479
64	0.01097	0.06665	0.67625	0.01430	0.03818	0.02896	0.01746	0.01634	0.01112	0.03691	0.03083	0.01164	0.00787	0.00505	0.00483	0.00159	0.00725	0.00393	0.00240	0.00746
65	0.01746	0.01431	0.19858	0.01157	0.01614	0.03720	0.05629	0.09530	0.03403	0.37299	0.03271	0.01525	0.01104	0.00601	0.00547	0.00161	0.03137	0.00485	0.02990	0.00793
66	0.01874	0.05125	0.01550	0.01336	0.01615	0.74556	0.03597	0.02018	0.01432	0.01267	0.00799	0.00938	0.00665	0.00522	0.00463	0.00133	0.00910	0.00338	0.00263	0.00600
67	0.01898	0.01167	0.01279	0.01040	0.01354	0.10807	0.00842	0.17751	0.01534	0.37797	0.01521	0.01517	0.01065	0.00984	0.09129	0.00231	0.07207	0.00479	0.01637	0.00763
68	0.01066	0.00711	0.00957	0.06154	0.01192	0.00688	0.04571	0.01409	0.10063	0.15285	0.19832	0.13865	0.20120	0.01002	0.00581	0.00173	0.00369	0.00876	0.00501	0.00586
69	0.06441	0.20296	0.32802	0.02984	0.01754	0.14582	0.01279	0.02691	0.01166	0.06974	0.00921	0.01037	0.00700	0.00491	0.00436	0.00142	0.00676	0.00351	0.00268	0.04010
70	0.01099	0.00629	0.00793	0.00711	0.00904	0.00576	0.00544	0.01358	0.05343	0.19904	0.37506	0.08817	0.15084	0.03602	0.00648	0.00177	0.00311	0.00869	0.00551	0.00574
71	0.00642	0.00495	0.00587	0.00620	0.00729	0.00440	0.00444	0.00786	0.01173	0.01524	0.22352	0.31878	0.33791	0.01347	0.00623	0.00183	0.00269	0.01178	0.00498	0.00440
72	0.01086	0.07171	0.55418	0.06449	0.08744	0.01253	0.09619	0.01598	0.01098	0.01587	0.00924	0.01132	0.00680	0.00478	0.00493	0.00160	0.00740	0.00408	0.00225	0.00738
73	0.01784	0.00982	0.04763	0.01056	0.05582	0.00876	0.00830	0.04846	0.14047	0.45320	0.09261	0.03751	0.03131	0.00702	0.00529	0.00163	0.00435	0.00586	0.00559	0.00799
74	0.00732	0.00502	0.00567	0.00566	0.00589	0.00495	0.00334	0.00756	0.00808	0.01066	0.03906	0.03481	0.09382	0.69569	0.04841	0.00468	0.00496	0.00777	0.00332	0.00332
75	0.00948	0.00600	0.00755	0.00690	0.00862	0.00553	0.00531	0.02882	0.02912	0.11777	0.50213	0.05379	0.15659	0.01041	0.00594	0.00166	0.00288	0.03055	0.00553	0.00539
76	0.01331	0.14992	0.29662	0.01538	0.07193	0.16251	0.12944	0.03318	0.01196	0.02568	0.00909	0.01099	0.00709	0.00547	0.01843	0.00161	0.02389	0.00401	0.00249	0.00700
77	0.00825	0.00689	0.01032	0.00928	0.01019	0.00752	0.08636	0.00956	0.00907	0.01253	0.04666	0.14492	0.04960	0.26573	0.15818	0.00406	0.12384	0.02924	0.00332	0.00447
78	0.01239	0.01203	0.06327	0.07832	0.47573	0.01150	0.03448	0.07207	0.01261	0.03068	0.07245	0.01506	0.01149	0.00544	0.00545	0.00156	0.02914	0.00497	0.04391	0.00745
79	0.01370	0.03364	0.15614	0.01524	0.14208	0.15475	0.02457	0.14403	0.07350	0.01820	0.02501	0.08509	0.02866	0.00678	0.00584	0.00162	0.05529	0.00540	0.00341	0.00704
80	0.03098	0.13708	0.09271	0.01377	0.12070	0.12410	0.03246	0.14138	0.04985	0.07093	0.05041	0.03747	0.01122	0.00595	0.00498	0.00148	0.02053	0.00470	0.04220	0.00711

[dist]
# distance from previous block
# <min> <max>
0	14

[block]
# block no. 8 follows, 48 sequences, length 11
# corresponding to MSA columns:
