[name]
unknown

[dist]
# distance from previous block
# <min> <max>
3	56

[block]
# block no. 0 follows, 48 sequences, length 9
# corresponding to MSA columns:
# 57-65
name=unknown_A
#
# <colnr> <probs for GDERKNQSTAVLIFYWHMCP>
#	G	D	E	R	K	N	Q	S	T	A	V	L	I	F	Y	W	H	M	C	P
0	0.03389	0.09130	0.17991	0.12041	0.03773	0.01094	0.03015	0.04343	0.03830	0.05882	0.01216	0.07826	0.01072	0.05709	0.04078	0.00204	0.04417	0.00514	0.00308	0.10167
1	0.09342	0.08257	0.06747	0.00960	0.01273	0.01040	0.00847	0.05618	0.07952	0.23081	0.03688	0.04511	0.01443	0.03448	0.00668	0.00181	0.06850	0.10121	0.00441	0.03531
2	0.03218	0.08678	0.13181	0.00890	0.01160	0.04548	0.00790	0.08547	0.01114	0.04071	0.01480	0.11907	0.01507	0.25955	0.02637	0.00274	0.00548	0.03300	0.00341	0.05855
3	0.01415	0.01416	0.12700	0.01054	0.01392	0.15371	0.00932	0.07291	0.13920	0.13485	0.12163	0.07583	0.01767	0.00745	0.00526	0.00160	0.00540	0.03105	0.00439	0.03996
4	0.01370	0.00869	0.01137	0.04480	0.08001	0.00846	0.00785	0.05299	0.08019	0.23031	0.08904	0.07979	0.10067	0.00780	0.00585	0.00158	0.04538	0.00648	0.00468	0.12038
5	0.01226	0.05781	0.37552	0.01377	0.06578	0.18318	0.01363	0.01664	0.05800	0.01486	0.01037	0.01306	0.00842	0.05003	0.08285	0.00235	0.00801	0.00416	0.00259	0.00673
6	0.01063	0.32214	0.26344	0.00979	0.01407	0.01300	0.01055	0.01343	0.01035	0.01368	0.05761	0.01751	0.05846	0.12740	0.03623	0.00217	0.00602	0.00475	0.00270	0.00607
7	0.01421	0.23552	0.14274	0.01021	0.01407	0.04887	0.01006	0.01682	0.01210	0.20361	0.01612	0.02438	0.01427	0.00764	0.00510	0.00166	0.00553	0.20645	0.00391	0.00674
8	0.01051	0.07787	0.74369	0.01425	0.02163	0.01246	0.01830	0.01619	0.01081	0.01598	0.00907	0.01067	0.00651	0.00484	0.00477	0.00159	0.00745	0.00372	0.00217	0.00752

[dist]
# distance from previous block
# <min> <max>
0	1

[block]
# block no. 1 follows, 48 sequences, length 71
# corresponding to MSA columns:
# 67-137
name=unknown_B
#
# <colnr> <probs for GDERKNQSTAVLIFYWHMCP>
#	G	D	E	R	K	N	Q	S	T	A	V	L	I	F	Y	W	H	M	C	P
0	0.01053	0.08173	0.73998	0.01422	0.02158	0.01250	0.01825	0.01619	0.01080	0.01596	0.00906	0.01065	0.00651	0.00484	0.00477	0.00159	0.00744	0.00372	0.00217	0.00751
1	0.01004	0.01263	0.16193	0.59758	0.09186	0.01156	0.01525	0.01391	0.01048	0.01399	0.00918	0.01307	0.00688	0.00504	0.00508	0.00168	0.00692	0.00442	0.00228	0.00624
2	0.01350	0.01110	0.01875	0.19465	0.34958	0.01154	0.10348	0.01721	0.05536	0.13332	0.01178	0.01410	0.00889	0.00519	0.00556	0.00163	0.02878	0.00490	0.00321	0.00747
3	0.01561	0.01852	0.01507	0.01333	0.01479	0.44771	0.01050	0.01684	0.01154	0.01246	0.00739	0.01014	0.00667	0.00694	0.01010	0.00174	0.36854	0.00384	0.00246	0.00580
4	0.00697	0.00506	0.00575	0.00600	0.00666	0.00477	0.00400	0.00767	0.00940	0.01198	0.02936	0.13471	0.25215	0.40996	0.01607	0.00342	0.00400	0.07439	0.00395	0.00375
5	0.00958	0.01098	0.08898	0.05018	0.01786	0.00921	0.33192	0.01246	0.01091	0.01460	0.05775	0.02488	0.13429	0.19140	0.01046	0.00245	0.00636	0.00701	0.00316	0.00555
6	0.01308	0.01231	0.02052	0.03039	0.74445	0.01240	0.01541	0.05801	0.01238	0.01764	0.00980	0.01268	0.00816	0.00466	0.00508	0.00152	0.00607	0.00457	0.00269	0.00816
7	0.00674	0.00522	0.00614	0.00591	0.00735	0.00462	0.00443	0.00867	0.01329	0.01766	0.46615	0.04314	0.36905	0.01158	0.00606	0.00167	0.00250	0.00995	0.00526	0.00462
8	0.00817	0.00784	0.01314	0.01054	0.01321	0.00709	0.23442	0.01060	0.01224	0.01570	0.14585	0.03750	0.40460	0.01008	0.00611	0.00175	0.00450	0.04720	0.00424	0.00521
9	0.02097	0.01513	0.01355	0.01107	0.01463	0.26779	0.00881	0.19120	0.01676	0.36639	0.01444	0.01363	0.00982	0.00596	0.00498	0.00149	0.00625	0.00443	0.00487	0.00782
10	0.02217	0.01010	0.01275	0.00978	0.01378	0.00957	0.00808	0.20588	0.01698	0.60712	0.01832	0.01622	0.01174	0.00630	0.00515	0.00158	0.00468	0.00503	0.00606	0.00873
11	0.00721	0.00487	0.00567	0.00592	0.00598	0.00481	0.00345	0.00740	0.00795	0.01060	0.01868	0.19613	0.02183	0.65279	0.02205	0.00437	0.00456	0.00894	0.00345	0.00333
12	0.01037	0.00976	0.01682	0.25282	0.33408	0.01029	0.07684	0.01317	0.01090	0.01487	0.01358	0.18665	0.01330	0.00720	0.00549	0.00172	0.00586	0.00686	0.00295	0.00646
13	0.00921	0.00845	0.00885	0.00868	0.00973	0.13372	0.00650	0.01070	0.00922	0.01181	0.01363	0.04871	0.01331	0.13005	0.54623	0.00650	0.01154	0.00572	0.00285	0.00460
14	0.00733	0.00550	0.00825	0.00825	0.00916	0.00641	0.00641	0.00916	0.00825	0.01191	0.01374	0.02016	0.01283	0.03848	0.79934	0.00825	0.01374	0.00550	0.00275	0.00458
15	0.18146	0.00972	0.01511	0.53724	0.05120	0.01147	0.07827	0.01383	0.01019	0.01556	0.00921	0.01349	0.00717	0.00515	0.00485	0.00169	0.00635	0.01965	0.00255	0.00583
16	0.01154	0.01054	0.01582	0.12235	0.28458	0.01152	0.01174	0.01459	0.04929	0.03218	0.05303	0.01401	0.01029	0.00601	0.00761	0.00160	0.18824	0.00463	0.00291	0.14753
17	0.01258	0.01078	0.01193	0.01044	0.01227	0.09163	0.00831	0.22706	0.01332	0.01777	0.01180	0.01598	0.01034	0.04965	0.34947	0.00463	0.12772	0.00495	0.00335	0.00600
18	0.01892	0.01171	0.01267	0.01003	0.01355	0.05370	0.00816	0.38758	0.01867	0.25736	0.01541	0.03251	0.01096	0.00637	0.00494	0.00151	0.00496	0.00496	0.11808	0.00795
19	0.00787	0.00532	0.00686	0.00710	0.00800	0.00548	0.00527	0.03059	0.01046	0.01517	0.09858	0.22587	0.03565	0.07245	0.22685	0.00377	0.00612	0.06137	0.16265	0.00457
20	0.05873	0.01093	0.01632	0.01383	0.07612	0.02814	0.17772	0.10693	0.04235	0.23844	0.03198	0.05915	0.05848	0.00679	0.00601	0.00168	0.04874	0.00599	0.00437	0.00728
21	0.01012	0.01338	0.19268	0.55080	0.10641	0.01160	0.01547	0.01408	0.01053	0.01418	0.00919	0.01294	0.00689	0.00502	0.00507	0.00167	0.00694	0.00439	0.00228	0.00637
22	0.00651	0.00485	0.00606	0.00654	0.00740	0.00440	0.00461	0.00793	0.01159	0.01544	0.25455	0.42904	0.19470	0.01380	0.00630	0.00187	0.00274	0.01225	0.00502	0.00440
23	0.01474	0.10177	0.09959	0.05714	0.28536	0.30916	0.01288	0.01730	0.01253	0.01454	0.02388	0.01129	0.00795	0.00500	0.00472	0.00143	0.00734	0.00392	0.00255	0.00691
24	0.01180	0.01179	0.06340	0.34989	0.27326	0.01171	0.12889	0.01530	0.01128	0.05853	0.01011	0.01344	0.00770	0.00488	0.00524	0.00164	0.00678	0.00478	0.00263	0.00694
25	0.01333	0.01150	0.01518	0.18142	0.19438	0.01292	0.01143	0.15635	0.30755	0.02063	0.01433	0.01530	0.01086	0.00589	0.00515	0.00165	0.00539	0.00505	0.00398	0.00773
26	0.00900	0.01680	0.42665	0.01138	0.01593	0.00893	0.01285	0.01350	0.04342	0.01614	0.09168	0.15617	0.05434	0.00882	0.00559	0.00179	0.00561	0.09162	0.00348	0.00629
27	0.01289	0.21238	0.01366	0.02452	0.01144	0.05949	0.00699	0.13707	0.05469	0.04313	0.05970	0.01866	0.09326	0.00703	0.00499	0.03191	0.00445	0.00509	0.19251	0.00613
28	0.00779	0.00606	0.00787	0.00782	0.00859	0.03459	0.00579	0.00918	0.00829	0.01149	0.01409	0.02282	0.01393	0.21484	0.59503	0.00725	0.01159	0.00587	0.00283	0.00430
29	0.00630	0.00455	0.00596	0.00700	0.00743	0.00421	0.00472	0.00730	0.01019	0.01356	0.07257	0.73092	0.07512	0.01559	0.00649	0.00204	0.00292	0.01408	0.00481	0.00421
30	0.01732	0.05802	0.04561	0.01483	0.04687	0.46112	0.12716	0.13706	0.01524	0.01653	0.00907	0.01058	0.00718	0.00519	0.00489	0.00143	0.00824	0.00397	0.00299	0.00670
31	0.01592	0.01301	0.01637	0.05733	0.01778	0.01431	0.11650	0.40171	0.24509	0.02580	0.01440	0.01463	0.01054	0.00608	0.00529	0.00164	0.00567	0.00517	0.00464	0.00812
32	0.00625	0.00447	0.00595	0.00714	0.00744	0.00417	0.00476	0.00714	0.00982	0.01310	0.02828	0.81633	0.03394	0.01608	0.00655	0.00208	0.00298	0.01459	0.00476	0.00417
33	0.01350	0.01116	0.01204	0.00898	0.01330	0.04602	0.00723	0.20165	0.02824	0.03441	0.01027	0.01127	0.00807	0.00456	0.00422	0.00101	0.00453	0.00353	0.00364	0.57237
34	0.10903	0.00982	0.02849	0.02940	0.12900	0.02392	0.06987	0.02803	0.03777	0.17550	0.01589	0.11407	0.03448	0.00871	0.05019	0.00195	0.00539	0.01766	0.00396	0.10686
35	0.01261	0.09456	0.17252	0.28431	0.06674	0.01268	0.01314	0.05476	0.06687	0.09660	0.01097	0.01305	0.00816	0.00557	0.00577	0.00164	0.06569	0.00437	0.00304	0.00694
36	0.01216	0.25589	0.02211	0.01376	0.01616	0.01653	0.16830	0.01411	0.00952	0.01312	0.00761	0.01087	0.00691	0.00663	0.01052	0.00179	0.40125	0.00429	0.00230	0.00618
37	0.01211	0.01384	0.03028	0.02163	0.02682	0.01298	0.76903	0.01644	0.01211	0.01644	0.01038	0.01384	0.00779	0.00433	0.00606	0.00173	0.00865	0.00606	0.00260	0.00692
38	0.05863	0.09935	0.02008	0.13628	0.25131	0.01287	0.16376	0.04045	0.01137	0.01596	0.01208	0.02585	0.05629	0.00568	0.00597	0.00163	0.06788	0.00510	0.00275	0.00675
39	0.00752	0.00537	0.00741	0.00860	0.00945	0.00526	0.00697	0.00934	0.01108	0.01452	0.02758	0.33859	0.03116	0.01488	0.00689	0.00226	0.00408	0.47978	0.00474	0.00452
40	0.00625	0.00447	0.00595	0.00714	0.00744	0.00417	0.00476	0.00714	0.00982	0.01310	0.02828	0.81633	0.03394	0.01608	0.00655	0.00208	0.00298	0.01459	0.00476	0.00417
41	0.01561	0.05418	0.09245	0.01205	0.05803	0.01208	0.03582	0.24210	0.12316	0.15865	0.11352	0.01723	0.01507	0.00654	0.00538	0.00159	0.01872	0.00535	0.00470	0.00777
42	0.01384	0.01312	0.01884	0.12459	0.51776	0.07689	0.01421	0.12572	0.01355	0.01823	0.00983	0.01249	0.00793	0.00493	0.00506	0.00153	0.00638	0.00447	0.00289	0.00773
43	0.00733	0.00550	0.00825	0.00825	0.00916	0.00641	0.00641	0.00916	0.00825	0.01191	0.01374	0.02016	0.01283	0.03848	0.79934	0.00825	0.01374	0.00550	0.00275	0.00458
44	0.01043	0.01008	0.01764	0.51034	0.11012	0.01144	0.13403	0.01452	0.05396	0.01492	0.05414	0.01531	0.00998	0.00535	0.00533	0.00169	0.00664	0.00514	0.00271	0.00624
45	0.08761	0.01660	0.23545	0.05547	0.10726	0.08074	0.04007	0.09743	0.02718	0.08463	0.01106	0.01385	0.00862	0.00590	0.00595	0.00167	0.07437	0.03580	0.00321	0.00715
46	0.01210	0.01243	0.01480	0.01288	0.01353	0.10337	0.01053	0.01468	0.08949	0.01331	0.00868	0.01225	0.00794	0.00972	0.05059	0.00237	0.59829	0.00454	0.00263	0.00587
47	0.00632	0.00449	0.00593	0.00706	0.00734	0.00421	0.00467	0.00716	0.00969	0.01292	0.02759	0.77183	0.03307	0.06176	0.00766	0.00225	0.00309	0.01418	0.00467	0.00411
48	0.01371	0.12203	0.15820	0.16860	0.02210	0.21324	0.13233	0.05781	0.02263	0.01507	0.00906	0.01132	0.00705	0.00505	0.00508	0.00152	0.02187	0.00412	0.00258	0.00660
49	0.05782	0.01294	0.01081	0.05398	0.01307	0.24269	0.00758	0.10431	0.05750	0.07790	0.09810	0.01719	0.03075	0.00642	0.00468	0.00144	0.00538	0.00492	0.18635	0.00617
50	0.00770	0.00616	0.00820	0.00773	0.00920	0.00592	0.04787	0.01099	0.09718	0.01747	0.34802	0.23760	0.15294	0.01159	0.00609	0.00177	0.00312	0.01033	0.00506	0.00507
51	0.01088	0.01034	0.01748	0.49301	0.32333	0.01180	0.01476	0.01410	0.01075	0.01449	0.00927	0.01325	0.00733	0.00500	0.00536	0.00165	0.02362	0.00456	0.00238	0.00663
52	0.02601	0.22766	0.09806	0.16271	0.03385	0.04139	0.05189	0.02944	0.17651	0.01559	0.01099	0.01264	0.00871	0.00561	0.00568	0.00157	0.07764	0.00427	0.00297	0.00681
53	0.00984	0.00505	0.00508	0.00498	0.00626	0.00510	0.00376	0.03327	0.01114	0.01950	0.01661	0.01894	0.01303	0.00598	0.00363	0.00121	0.00248	0.00478	0.82447	0.00489
54	0.00629	0.00521	0.00551	0.00544	0.00707	0.00443	0.00408	0.00780	0.01223	0.01514	0.19134	0.04728	0.64543	0.01252	0.00606	0.00171	0.00257	0.01053	0.00493	0.00443
55	0.01316	0.69326	0.15151	0.00973	0.01464	0.01894	0.01044	0.01551	0.01049	0.01275	0.00747	0.00865	0.00657	0.00447	0.00355	0.00118	0.00583	0.00291	0.00219	0.00675
56	0.05395	0.01091	0.08336	0.18593	0.11270	0.00990	0.13278	0.02917	0.01217	0.09714	0.13471	0.01899	0.02881	0.00622	0.00527	0.00163	0.00565	0.01825	0.04593	0.00649
57	0.01917	0.02445	0.01454	0.01322	0.01586	0.79907	0.00991	0.02049	0.01454	0.01256	0.00793	0.00925	0.00661	0.00529	0.00463	0.00132	0.00925	0.00330	0.00264	0.00595
58	0.01521	0.01378	0.02165	0.01632	0.02031	0.13502	0.39526	0.01844	0.02563	0.17836	0.01225	0.01419	0.00900	0.00710	0.05060	0.00203	0.04913	0.00532	0.00343	0.00697
59	0.01420	0.01120	0.04624	0.09836	0.12997	0.01044	0.22174	0.06732	0.01318	0.19838	0.04758	0.06011	0.02788	0.00634	0.00556	0.00168	0.00608	0.02262	0.00392	0.00720
60	0.00708	0.00520	0.00663	0.00636	0.00757	0.00475	0.00474	0.00930	0.01397	0.01945	0.66573	0.08129	0.12669	0.01106	0.00608	0.00165	0.00247	0.00973	0.00551	0.00475
61	0.00606	0.00520	0.00520	0.00520	0.00693	0.00433	0.00390	0.00736	0.01170	0.01386	0.05198	0.04938	0.78558	0.01299	0.00606	0.00173	0.00260	0.01083	0.00476	0.00433
62	0.01166	0.05700	0.13879	0.23785	0.32399	0.01228	0.05699	0.04213	0.01153	0.01606	0.00969	0.01272	0.00762	0.00485	0.00497	0.00157	0.00649	0.00444	0.03224	0.00713
63	0.01182	0.01696	0.25648	0.02381	0.35712	0.01231	0.21416	0.01608	0.01154	0.01652	0.00971	0.01244	0.00755	0.00460	0.00527	0.00161	0.00721	0.00473	0.00244	0.00765
64	0.00691	0.00535	0.00624	0.00667	0.00797	0.00488	0.00522	0.00838	0.01118	0.01387	0.03918	0.09331	0.42790	0.09819	0.00851	0.00229	0.00353	0.24153	0.00458	0.00432
65	0.00620	0.00467	0.00575	0.00661	0.00730	0.00421	0.00453	0.00720	0.01034	0.01331	0.03477	0.60639	0.23969	0.01523	0.00642	0.00199	0.00287	0.01356	0.00476	0.00421
66	0.01277	0.01050	0.01757	0.35538	0.02564	0.01134	0.18354	0.12026	0.01350	0.09893	0.08739	0.01635	0.01203	0.00575	0.00543	0.00167	0.00639	0.00544	0.00351	0.00663
67	0.11250	0.45394	0.19562	0.01032	0.01510	0.09765	0.01079	0.01620	0.01080	0.02554	0.00787	0.00907	0.00654	0.00466	0.00380	0.00130	0.00615	0.00308	0.00241	0.00665
68	0.01462	0.01180	0.01267	0.24980	0.01952	0.17320	0.00968	0.01829	0.09344	0.19191	0.13622	0.01812	0.01567	0.00649	0.00519	0.00159	0.00578	0.00532	0.00413	0.00656
69	0.01282	0.05167	0.05581	0.00978	0.01236	0.27430	0.00793	0.05324	0.01387	0.03065	0.25700	0.09546	0.02275	0.00784	0.00518	0.00147	0.00552	0.00635	0.00398	0.07200
70	0.06826	0.02489	0.09019	0.00830	0.01028	0.09616	0.00693	0.04686	0.01127	0.01630	0.01877	0.35169	0.01962	0.00993	0.00513	0.00167	0.00427	0.00846	0.19580	0.00522

[dist]
# distance from previous block
# <min> <max>
8	19

[block]
# block no. 2 follows, 48 sequences, length 7
# corresponding to MSA columns:
# 157-163
name=unknown_C
#
# <colnr> <probs for GDERKNQSTAVLIFYWHMCP>
#	G	D	E	R	K	N	Q	S	T	A	V	L	I	F	Y	W	H	M	C	P
0	0.01037	0.11780	0.09235	0.08830	0.06269	0.01034	0.05920	0.06700	0.01168	0.01535	0.03730	0.02246	0.21574	0.00831	0.00674	0.07307	0.03134	0.00601	0.00328	0.06067
1	0.01236	0.22439	0.39051	0.01288	0.04841	0.01310	0.05090	0.01626	0.01129	0.09553	0.01307	0.01394	0.06503	0.00547	0.00466	0.00150	0.00634	0.00433	0.00284	0.00720
2	0.00985	0.00843	0.03189	0.00931	0.05093	0.00778	0.00682	0.09073	0.01181	0.01668	0.09693	0.16976	0.06392	0.11730	0.00887	0.00197	0.06378	0.00727	0.00385	0.22210
3	0.13122	0.47649	0.06886	0.00999	0.01433	0.01608	0.07839	0.01630	0.01094	0.09545	0.03382	0.01084	0.00852	0.00486	0.00391	0.00132	0.00548	0.00358	0.00291	0.00670
4	0.19408	0.01876	0.45272	0.01210	0.01743	0.01075	0.06099	0.01463	0.01015	0.01705	0.01098	0.08365	0.00961	0.05872	0.00611	0.00188	0.00628	0.00491	0.00271	0.00651
5	0.01219	0.15463	0.01742	0.08324	0.01626	0.01254	0.10532	0.01428	0.01042	0.08671	0.01205	0.05531	0.03968	0.00667	0.00783	0.00160	0.21261	0.00499	0.00303	0.14324
6	0.01207	0.01027	0.09121	0.00843	0.01247	0.00755	0.00746	0.01565	0.08176	0.15005	0.04817	0.01983	0.13459	0.00636	0.00472	0.00127	0.00407	0.00521	0.00409	0.37478

[dist]
# distance from previous block
# <min> <max>
5	37

[block]
# block no. 3 follows, 48 sequences, length 39
# corresponding to MSA columns:
# 206-244
name=unknown_D
#
# <colnr> <probs for GDERKNQSTAVLIFYWHMCP>
#	G	D	E	R	K	N	Q	S	T	A	V	L	I	F	Y	W	H	M	C	P
0	0.01476	0.00690	0.00926	0.00773	0.01025	0.00613	0.00613	0.01697	0.01460	0.38728	0.42108	0.02840	0.03142	0.00852	0.00563	0.00160	0.00335	0.00732	0.00598	0.00669
1	0.01129	0.01319	0.06375	0.01862	0.02300	0.01217	0.56927	0.01510	0.01177	0.01614	0.05943	0.01704	0.05616	0.00568	0.00701	0.00177	0.08294	0.00628	0.00285	0.00655
2	0.01260	0.00957	0.01025	0.00849	0.01129	0.00990	0.00680	0.37080	0.01795	0.02346	0.12098	0.03042	0.32755	0.00944	0.00562	0.00163	0.00403	0.00769	0.00505	0.00648
3	0.01276	0.01102	0.01160	0.01044	0.01334	0.01276	0.00812	0.02727	0.77840	0.02146	0.02088	0.01914	0.01566	0.00696	0.00522	0.00174	0.00406	0.00580	0.00522	0.00812
4	0.00640	0.00461	0.00609	0.00722	0.00766	0.00431	0.00499	0.00742	0.01007	0.01331	0.02937	0.72042	0.07082	0.01578	0.00657	0.00209	0.00309	0.07081	0.00476	0.00422
5	0.01270	0.01219	0.02083	0.03149	0.78767	0.01219	0.01575	0.01575	0.01168	0.01676	0.00965	0.01270	0.00813	0.00457	0.00508	0.00152	0.00610	0.00457	0.00254	0.00813
6	0.01091	0.00939	0.01817	0.01424	0.01727	0.00873	0.36786	0.01355	0.01145	0.10168	0.01889	0.34608	0.01915	0.00941	0.00616	0.00186	0.00583	0.00948	0.00391	0.00598
7	0.00613	0.00519	0.00522	0.00522	0.00686	0.00436	0.00386	0.00737	0.01149	0.01367	0.05021	0.04860	0.74764	0.05291	0.00706	0.00189	0.00272	0.01066	0.00468	0.00427
8	0.01550	0.00701	0.00926	0.00773	0.01010	0.00634	0.00593	0.01714	0.01280	0.41860	0.18646	0.02569	0.02183	0.18767	0.04248	0.00261	0.00446	0.00658	0.00534	0.00647
9	0.00969	0.00912	0.01539	0.80734	0.03534	0.01140	0.01425	0.01311	0.01026	0.01311	0.00912	0.01368	0.00684	0.00513	0.00513	0.00171	0.00684	0.00456	0.00228	0.00570
10	0.01372	0.82276	0.02689	0.00878	0.01317	0.02030	0.00878	0.01536	0.01043	0.01207	0.00713	0.00823	0.00658	0.00439	0.00329	0.00110	0.00549	0.00274	0.00219	0.00658
11	0.00891	0.00446	0.00668	0.00668	0.00668	0.00446	0.00446	0.00668	0.00668	0.00891	0.00891	0.01560	0.00891	0.01783	0.02005	0.85071	0.00446	0.00446	0.00223	0.00223
12	0.01836	0.01380	0.01476	0.01157	0.01548	0.01538	0.00948	0.64464	0.15190	0.03050	0.01377	0.01348	0.00990	0.00630	0.00515	0.00157	0.00538	0.00482	0.00515	0.00862
13	0.01403	0.21720	0.22603	0.01087	0.01564	0.01344	0.01111	0.06921	0.17120	0.13028	0.01392	0.01444	0.02188	0.00576	0.00464	0.00150	0.00550	0.01838	0.00373	0.03127
14	0.01123	0.13422	0.24579	0.01262	0.01673	0.01162	0.13153	0.02711	0.01097	0.06652	0.01410	0.19842	0.01356	0.00778	0.00625	0.00172	0.07353	0.00667	0.00318	0.00647
15	0.69539	0.00895	0.00702	0.00637	0.00917	0.01023	0.00518	0.01449	0.00912	0.02228	0.00896	0.01038	0.00700	0.00499	0.00325	0.00151	0.00367	0.00316	0.16345	0.00541
16	0.01926	0.00975	0.01464	0.01625	0.26220	0.00896	0.01011	0.02160	0.01372	0.52037	0.03831	0.01652	0.01223	0.00589	0.00516	0.00157	0.00487	0.00509	0.00510	0.00843
17	0.04677	0.01211	0.23869	0.00961	0.01273	0.00770	0.00940	0.05657	0.01146	0.06308	0.04541	0.38480	0.05953	0.01077	0.00570	0.00183	0.00458	0.00937	0.00407	0.00581
18	0.01029	0.02654	0.79309	0.01462	0.02221	0.01192	0.01896	0.01625	0.01083	0.01625	0.00921	0.01083	0.00650	0.00487	0.00487	0.00162	0.00758	0.00379	0.00217	0.00758
19	0.00969	0.00912	0.01539	0.80734	0.03534	0.01140	0.01425	0.01311	0.01026	0.01311	0.00912	0.01368	0.00684	0.00513	0.00513	0.00171	0.00684	0.00456	0.00228	0.00570
20	0.01190	0.33983	0.45338	0.01274	0.03904	0.03252	0.01466	0.01598	0.01078	0.01454	0.00837	0.00982	0.00658	0.00468	0.00425	0.00141	0.00675	0.00339	0.00220	0.00717
21	0.01185	0.01523	0.12101	0.02038	0.02560	0.01298	0.64158	0.01621	0.01175	0.01621	0.01006	0.01335	0.00758	0.00462	0.00645	0.00174	0.04822	0.00571	0.00253	0.00694
22	0.01549	0.01050	0.01111	0.00897	0.01190	0.01141	0.00726	0.46387	0.01872	0.02700	0.01411	0.01507	0.01052	0.00609	0.00451	0.00140	0.00433	0.00469	0.34595	0.00713
23	0.00733	0.00550	0.00825	0.00825	0.00916	0.00641	0.00641	0.00916	0.00825	0.01191	0.01374	0.02016	0.01283	0.03848	0.79934	0.00825	0.01374	0.00550	0.00275	0.00458
24	0.01308	0.01209	0.01915	0.07228	0.56193	0.01255	0.03441	0.07957	0.10914	0.01842	0.01127	0.01357	0.00904	0.00503	0.00513	0.00157	0.00591	0.00477	0.00308	0.00800
25	0.01064	0.00912	0.01064	0.00760	0.01216	0.00684	0.00608	0.01292	0.01064	0.01672	0.00912	0.01064	0.00760	0.00380	0.00380	0.00076	0.00380	0.00304	0.00304	0.85104
26	0.00612	0.00520	0.00527	0.00525	0.00696	0.00435	0.00394	0.00747	0.01182	0.01416	0.08433	0.04889	0.75304	0.01288	0.00606	0.00173	0.00259	0.01076	0.00480	0.00435
27	0.00620	0.00511	0.00544	0.00555	0.00706	0.00436	0.00409	0.00755	0.01173	0.01438	0.11619	0.14032	0.62804	0.01314	0.00612	0.00176	0.00263	0.01114	0.00485	0.00436
28	0.01315	0.57742	0.20430	0.01069	0.01575	0.05670	0.03088	0.01585	0.01077	0.01318	0.00774	0.00903	0.00660	0.00455	0.00380	0.00125	0.00624	0.00310	0.00222	0.00679
29	0.01620	0.01588	0.28914	0.01126	0.01618	0.01065	0.01163	0.18348	0.01478	0.26901	0.01419	0.01504	0.01001	0.05510	0.00626	0.00178	0.00574	0.00468	0.04118	0.00781
30	0.00617	0.00508	0.00543	0.00560	0.00706	0.00434	0.00410	0.00748	0.01158	0.01418	0.09693	0.17444	0.61317	0.01333	0.00614	0.00178	0.00265	0.01134	0.00482	0.00434
31	0.01056	0.01351	0.22447	0.05946	0.03248	0.01009	0.01099	0.06138	0.20595	0.01910	0.17724	0.03727	0.02070	0.00784	0.00551	0.00174	0.00504	0.08576	0.00417	0.00675
32	0.01246	0.03368	0.36536	0.03293	0.11477	0.07781	0.08353	0.05176	0.02601	0.05044	0.01076	0.04731	0.00861	0.00573	0.00581	0.00164	0.05666	0.00471	0.00279	0.00724
33	0.00945	0.00748	0.00904	0.00848	0.00919	0.05436	0.00628	0.01052	0.00861	0.04990	0.01348	0.02263	0.01352	0.29970	0.32564	0.00545	0.13291	0.00587	0.00297	0.00452
34	0.00743	0.00512	0.00633	0.00633	0.00658	0.00537	0.00402	0.00793	0.00768	0.01049	0.01550	0.02986	0.01704	0.60347	0.24011	0.00588	0.00740	0.00692	0.00301	0.00352
35	0.01413	0.37966	0.04197	0.01791	0.29577	0.14201	0.01175	0.01635	0.01155	0.01396	0.00823	0.01009	0.00715	0.00461	0.00420	0.00130	0.00637	0.00353	0.00239	0.00707
36	0.01079	0.00867	0.01024	0.00757	0.01165	0.00677	0.00604	0.01298	0.01109	0.05506	0.05923	0.01496	0.05639	0.00497	0.00437	0.00094	0.01827	0.00401	0.00345	0.69255
37	0.10519	0.01252	0.06614	0.01318	0.11589	0.01215	0.00992	0.23945	0.14113	0.21038	0.01454	0.01422	0.01027	0.00590	0.00492	0.00159	0.00509	0.00469	0.00470	0.00814
38	0.01320	0.32760	0.12925	0.06441	0.21829	0.05440	0.01241	0.04974	0.05710	0.01542	0.00928	0.01097	0.00762	0.00482	0.00435	0.00139	0.00613	0.00377	0.00262	0.00723

[dist]
# distance from previous block
# <min> <max>
0	1

[block]
# block no. 4 follows, 48 sequences, length 106
# corresponding to MSA columns:
# 246-351
name=unknown_E
#
# <colnr> <probs for GDERKNQSTAVLIFYWHMCP>
#	G	D	E	R	K	N	Q	S	T	A	V	L	I	F	Y	W	H	M	C	P
0	0.01367	0.25856	0.26427	0.01460	0.12381	0.06490	0.04191	0.01701	0.01159	0.10256	0.01044	0.01260	0.00826	0.00516	0.00456	0.00146	0.00644	0.02809	0.00283	0.00727
1	0.00757	0.00706	0.05404	0.04573	0.10963	0.00605	0.00738	0.00933	0.01074	0.01461	0.10829	0.51203	0.06225	0.01272	0.00613	0.00190	0.00374	0.01149	0.00432	0.00502
2	0.01771	0.01899	0.04639	0.01602	0.15387	0.37886	0.01119	0.23085	0.03031	0.03310	0.00998	0.01112	0.00774	0.00544	0.00488	0.00144	0.00743	0.00400	0.00342	0.00727
3	0.01126	0.03261	0.40346	0.05664	0.20189	0.01232	0.17651	0.01601	0.01127	0.01620	0.00952	0.01199	0.00717	0.00469	0.00516	0.00162	0.00739	0.00447	0.00235	0.00747
4	0.00684	0.00521	0.00615	0.00597	0.00721	0.00474	0.00435	0.00852	0.01229	0.01633	0.37810	0.04098	0.31886	0.11213	0.04781	0.00240	0.00336	0.00945	0.00486	0.00443
5	0.01216	0.01164	0.01986	0.16961	0.65374	0.01205	0.01548	0.01528	0.01143	0.01611	0.00956	0.01287	0.00790	0.00467	0.00509	0.00156	0.00623	0.00457	0.00249	0.00770
6	0.00628	0.00521	0.00549	0.00542	0.00706	0.00442	0.00407	0.00778	0.01220	0.01506	0.18246	0.04741	0.65436	0.01255	0.00606	0.00171	0.00257	0.01055	0.00492	0.00442
7	0.00625	0.00447	0.00595	0.00714	0.00744	0.00417	0.00476	0.00714	0.00982	0.01310	0.02828	0.81633	0.03394	0.01608	0.00655	0.00208	0.00298	0.01459	0.00476	0.00417
8	0.00726	0.00524	0.00686	0.00646	0.00767	0.00484	0.00484	0.00968	0.01452	0.02058	0.78496	0.03833	0.04841	0.01049	0.00605	0.00161	0.00242	0.00928	0.00565	0.00484
9	0.01064	0.00912	0.01064	0.00760	0.01216	0.00684	0.00608	0.01292	0.01064	0.01672	0.00912	0.01064	0.00760	0.00380	0.00380	0.00076	0.00380	0.00304	0.00304	0.85104
10	0.85592	0.00992	0.00754	0.00675	0.00992	0.01151	0.00556	0.01508	0.00873	0.02302	0.00714	0.00834	0.00556	0.00476	0.00318	0.00159	0.00397	0.00278	0.00318	0.00556
11	0.02154	0.00863	0.01139	0.00884	0.01254	0.00769	0.00727	0.06049	0.01477	0.67866	0.01951	0.01737	0.01255	0.00631	0.00501	0.00155	0.00424	0.00510	0.08823	0.00835
12	0.85592	0.00992	0.00754	0.00675	0.00992	0.01151	0.00556	0.01508	0.00873	0.02302	0.00714	0.00834	0.00556	0.00476	0.00318	0.00159	0.00397	0.00278	0.00318	0.00556
13	0.00625	0.00447	0.00595	0.00714	0.00744	0.00417	0.00476	0.00714	0.00982	0.01310	0.02828	0.81633	0.03394	0.01608	0.00655	0.00208	0.00298	0.01459	0.00476	0.00417
14	0.77803	0.00981	0.00795	0.00697	0.01022	0.01114	0.00574	0.01601	0.00929	0.09485	0.00837	0.00919	0.00622	0.00491	0.00336	0.00159	0.00401	0.00300	0.00347	0.00585
15	0.00969	0.00912	0.01539	0.80734	0.03534	0.01140	0.01425	0.01311	0.01026	0.01311	0.00912	0.01368	0.00684	0.00513	0.00513	0.00171	0.00684	0.00456	0.00228	0.00570
16	0.00625	0.00447	0.00595	0.00714	0.00744	0.00417	0.00476	0.00714	0.00982	0.01310	0.02828	0.81633	0.03394	0.01608	0.00655	0.00208	0.00298	0.01459	0.00476	0.00417
17	0.01100	0.00870	0.00946	0.00853	0.01096	0.00932	0.00661	0.04870	0.40328	0.05561	0.15939	0.02914	0.20018	0.00891	0.00555	0.00170	0.00351	0.00750	0.00524	0.00673
18	0.00733	0.00550	0.00825	0.00825	0.00916	0.00641	0.00641	0.00916	0.00825	0.01191	0.01374	0.02016	0.01283	0.03848	0.79934	0.00825	0.01374	0.00550	0.00275	0.00458
19	0.01029	0.02654	0.79309	0.01462	0.02221	0.01192	0.01896	0.01625	0.01083	0.01625	0.00921	0.01083	0.00650	0.00487	0.00487	0.00162	0.00758	0.00379	0.00217	0.00758
20	0.00622	0.00459	0.00582	0.00681	0.00735	0.00420	0.00461	0.00718	0.01015	0.01323	0.03236	0.68420	0.16342	0.01554	0.00647	0.00202	0.00291	0.01394	0.00476	0.00420
21	0.02255	0.00949	0.01238	0.00949	0.01348	0.00866	0.00784	0.12495	0.01595	0.68949	0.01918	0.01677	0.01217	0.00633	0.00516	0.00158	0.00454	0.00509	0.00619	0.00873
22	0.00917	0.00510	0.00550	0.00559	0.00674	0.00521	0.00415	0.01194	0.04850	0.01802	0.01816	0.11704	0.01581	0.00945	0.05760	0.00181	0.00331	0.00608	0.64598	0.00486
23	0.00916	0.00874	0.01586	0.37048	0.02450	0.00947	0.18700	0.01199	0.01055	0.01388	0.01549	0.26839	0.01566	0.00842	0.00580	0.00183	0.00604	0.00809	0.00314	0.00550
24	0.85592	0.00992	0.00754	0.00675	0.00992	0.01151	0.00556	0.01508	0.00873	0.02302	0.00714	0.00834	0.00556	0.00476	0.00318	0.00159	0.00397	0.00278	0.00318	0.00556
25	0.00732	0.00526	0.00719	0.00725	0.00781	0.00579	0.00516	0.00846	0.00805	0.01127	0.01533	0.06437	0.01595	0.31516	0.48511	0.00678	0.01009	0.00665	0.00298	0.00404
26	0.01220	0.03166	0.17967	0.01018	0.01347	0.00997	0.00961	0.18236	0.01286	0.08357	0.01315	0.01756	0.01111	0.11814	0.26687	0.00417	0.00851	0.00508	0.00350	0.00637
27	0.00956	0.00478	0.00478	0.00478	0.00598	0.00478	0.00359	0.01196	0.01076	0.01913	0.01674	0.01913	0.01315	0.00598	0.00359	0.00120	0.00239	0.00478	0.84816	0.00478
28	0.01029	0.02654	0.79309	0.01462	0.02221	0.01192	0.01896	0.01625	0.01083	0.01625	0.00921	0.01083	0.00650	0.00487	0.00487	0.00162	0.00758	0.00379	0.00217	0.00758
29	0.82320	0.00988	0.00771	0.00684	0.01005	0.01135	0.00563	0.01547	0.00897	0.05320	0.00766	0.00869	0.00584	0.00483	0.00325	0.00159	0.00398	0.00287	0.00330	0.00568
30	0.01917	0.02445	0.01454	0.01322	0.01586	0.79907	0.00991	0.02049	0.01454	0.01256	0.00793	0.00925	0.00661	0.00529	0.00463	0.00132	0.00925	0.00330	0.00264	0.00595
31	0.01029	0.02654	0.79309	0.01462	0.02221	0.01192	0.01896	0.01625	0.01083	0.01625	0.00921	0.01083	0.00650	0.00487	0.00487	0.00162	0.00758	0.00379	0.00217	0.00758
32	0.00745	0.00499	0.00569	0.00568	0.00572	0.00501	0.00322	0.00755	0.00763	0.01022	0.03227	0.03336	0.01914	0.78410	0.04407	0.00498	0.00513	0.00745	0.00315	0.00318
33	0.01951	0.01437	0.01540	0.01181	0.01591	0.01591	0.00975	0.77056	0.02412	0.03234	0.01232	0.01232	0.00873	0.00616	0.00513	0.00154	0.00565	0.00462	0.00513	0.00873
34	0.00689	0.00508	0.00732	0.00780	0.00847	0.00550	0.00575	0.00834	0.00889	0.01239	0.01963	0.34271	0.02138	0.02940	0.47816	0.00575	0.00938	0.00918	0.00356	0.00441
35	0.00746	0.00497	0.00560	0.00560	0.00560	0.00497	0.00311	0.00746	0.00746	0.00995	0.01617	0.03358	0.01865	0.81967	0.02612	0.00497	0.00497	0.00746	0.00311	0.00311
36	0.00827	0.00591	0.00827	0.00945	0.01063	0.00591	0.00827	0.01063	0.01181	0.01536	0.02717	0.05788	0.02953	0.01417	0.00709	0.00236	0.00472	0.75313	0.00472	0.00472
37	0.00625	0.00447	0.00595	0.00714	0.00744	0.00417	0.00476	0.00714	0.00982	0.01310	0.02828	0.81633	0.03394	0.01608	0.00655	0.00208	0.00298	0.01459	0.00476	0.00417
38	0.00607	0.00516	0.00524	0.00529	0.00696	0.00432	0.00394	0.00735	0.01160	0.01382	0.05081	0.08719	0.74853	0.01315	0.00609	0.00175	0.00262	0.01101	0.00476	0.00432
39	0.02155	0.00841	0.01144	0.00888	0.01259	0.00729	0.00729	0.02357	0.01467	0.71916	0.09175	0.01942	0.01604	0.00674	0.00524	0.00159	0.00418	0.00555	0.00629	0.00837
40	0.01951	0.01437	0.01540	0.01181	0.01591	0.01591	0.00975	0.77056	0.02412	0.03234	0.01232	0.01232	0.00873	0.00616	0.00513	0.00154	0.00565	0.00462	0.00513	0.00873
41	0.01787	0.02237	0.01385	0.01267	0.01513	0.71197	0.00953	0.01924	0.01385	0.01249	0.00857	0.01045	0.00729	0.00894	0.09195	0.00208	0.00975	0.00355	0.00266	0.00580
42	0.00746	0.00497	0.00560	0.00560	0.00560	0.00497	0.00311	0.00746	0.00746	0.00995	0.01617	0.03358	0.01865	0.81967	0.02612	0.00497	0.00497	0.00746	0.00311	0.00311
43	0.00707	0.00513	0.00666	0.00650	0.00760	0.00473	0.00479	0.00923	0.01375	0.01926	0.64945	0.14755	0.07628	0.01137	0.00612	0.00168	0.00251	0.01008	0.00549	0.00473
44	0.00625	0.00447	0.00595	0.00714	0.00744	0.00417	0.00476	0.00714	0.00982	0.01310	0.02828	0.81633	0.03394	0.01608	0.00655	0.00208	0.00298	0.01459	0.00476	0.00417
45	0.01917	0.02445	0.01454	0.01322	0.01586	0.79907	0.00991	0.02049	0.01454	0.01256	0.00793	0.00925	0.00661	0.00529	0.00463	0.00132	0.00925	0.00330	0.00264	0.00595
46	0.00875	0.00753	0.01070	0.33246	0.05503	0.03877	0.00918	0.01089	0.01029	0.01366	0.01760	0.33703	0.01860	0.03045	0.00609	0.00188	0.00494	0.00863	0.07245	0.00506
47	0.00956	0.00478	0.00478	0.00478	0.00598	0.00478	0.00359	0.01196	0.01076	0.01913	0.01674	0.01913	0.01315	0.00598	0.00359	0.00120	0.00239	0.00478	0.84816	0.00478
48	0.01057	0.25924	0.01457	0.00931	0.04902	0.01132	0.00731	0.04330	0.10287	0.01630	0.15381	0.15912	0.06464	0.00878	0.00508	0.00156	0.00413	0.04167	0.00403	0.03337
49	0.00836	0.05625	0.12046	0.03981	0.01159	0.02033	0.00793	0.01046	0.01006	0.01348	0.07460	0.02774	0.14036	0.09394	0.24052	0.04323	0.00748	0.06517	0.00331	0.00493
50	0.01351	0.18540	0.45899	0.01212	0.01816	0.01258	0.01422	0.01769	0.01162	0.17282	0.02946	0.01230	0.00877	0.00521	0.00464	0.00151	0.00638	0.00399	0.00310	0.00755
51	0.01875	0.07290	0.01549	0.01342	0.04623	0.64533	0.00996	0.05733	0.01465	0.04792	0.00871	0.00984	0.00704	0.00529	0.00461	0.00134	0.00850	0.00347	0.00290	0.00633
52	0.01178	0.01201	0.02325	0.02381	0.33026	0.01162	0.35471	0.01531	0.01190	0.01641	0.01255	0.01984	0.01111	0.00587	0.00581	0.00174	0.00705	0.11500	0.00289	0.00708
53	0.00852	0.00622	0.00836	0.00798	0.00869	0.00741	0.00615	0.01013	0.00867	0.01342	0.01357	0.02011	0.01261	0.12368	0.38673	0.00519	0.14295	0.00541	0.19957	0.00462
54	0.01110	0.01191	0.14487	0.00988	0.01311	0.01004	0.00897	0.06259	0.33101	0.03675	0.27408	0.02370	0.02458	0.00772	0.00543	0.00166	0.00422	0.00654	0.00486	0.00698
55	0.00619	0.00469	0.00572	0.00654	0.00728	0.00422	0.00449	0.00721	0.01041	0.01334	0.03567	0.57733	0.26817	0.01512	0.00640	0.00197	0.00286	0.01342	0.00476	0.00422
56	0.00768	0.00592	0.00854	0.00834	0.00906	0.00702	0.00639	0.00921	0.00811	0.01169	0.01346	0.02116	0.01307	0.13886	0.63052	0.00730	0.08076	0.00567	0.00275	0.00448
57	0.01064	0.00912	0.01064	0.00760	0.01216	0.00684	0.00608	0.01292	0.01064	0.01672	0.00912	0.01064	0.00760	0.00380	0.00380	0.00076	0.00380	0.00304	0.00304	0.85104
58	0.00865	0.00459	0.00671	0.00671	0.00679	0.00466	0.00450	0.00696	0.00688	0.00925	0.00996	0.01759	0.01011	0.09176	0.08465	0.70529	0.00527	0.00481	0.00235	0.00250
59	0.00760	0.00516	0.00642	0.00611	0.00734	0.00481	0.00458	0.00997	0.01374	0.02002	0.61868	0.03553	0.07647	0.00983	0.00563	0.00155	0.00242	0.00858	0.15075	0.00481
60	0.01123	0.01123	0.01572	0.01347	0.01347	0.01572	0.01123	0.01235	0.00786	0.01235	0.00674	0.01123	0.00674	0.00898	0.01684	0.00225	0.81028	0.00449	0.00225	0.00561
61	0.01276	0.01431	0.02837	0.02051	0.02536	0.05213	0.67347	0.04967	0.01262	0.01681	0.01023	0.01346	0.00773	0.00460	0.00629	0.00172	0.03454	0.00581	0.00270	0.00691
62	0.00843	0.00677	0.00798	0.00774	0.00850	0.04560	0.00556	0.01029	0.05329	0.01224	0.05555	0.02518	0.01651	0.32369	0.35274	0.00572	0.04038	0.00630	0.00316	0.00436
63	0.00761	0.03742	0.00778	0.00683	0.00816	0.00555	0.00532	0.00999	0.01411	0.01975	0.68354	0.03897	0.04501	0.01059	0.00604	0.00166	0.00276	0.07858	0.00543	0.00490
64	0.01917	0.02445	0.01454	0.01322	0.01586	0.79907	0.00991	0.02049	0.01454	0.01256	0.00793	0.00925	0.00661	0.00529	0.00463	0.00132	0.00925	0.00330	0.00264	0.00595
65	0.01893	0.02410	0.01437	0.01307	0.01570	0.78440	0.00980	0.02025	0.01449	0.01258	0.00874	0.00999	0.02099	0.00543	0.00465	0.00133	0.00913	0.00344	0.00268	0.00592
66	0.00652	0.00465	0.00626	0.00745	0.00786	0.00440	0.00522	0.00760	0.01009	0.01340	0.02813	0.71660	0.03336	0.01583	0.00662	0.00212	0.00321	0.11170	0.00476	0.00424
67	0.01339	0.01239	0.01647	0.39755	0.13622	0.08636	0.03144	0.19062	0.01408	0.01812	0.00980	0.01275	0.00746	0.00538	0.00539	0.00162	0.02663	0.00449	0.00302	0.00680
68	0.03750	0.00967	0.01684	0.55598	0.07186	0.01115	0.11832	0.01355	0.01069	0.01430	0.01094	0.01758	0.00911	0.00582	0.00537	0.00176	0.00676	0.07430	0.00259	0.00591
69	0.01581	0.04637	0.22254	0.02960	0.12644	0.04972	0.10395	0.01926	0.01268	0.28718	0.02778	0.01417	0.00986	0.00539	0.00510	0.00158	0.00627	0.00471	0.00383	0.00778
70	0.01439	0.63551	0.02413	0.00978	0.01362	0.11521	0.00914	0.04158	0.01120	0.01285	0.00738	0.00872	0.00667	0.00491	0.00455	0.00123	0.06725	0.00301	0.00235	0.00651
71	0.01222	0.01324	0.02709	0.01938	0.02444	0.01229	0.63775	0.04655	0.01240	0.01712	0.01029	0.01336	0.00780	0.00433	0.00572	0.00159	0.00789	0.00560	0.00276	0.11818
72	0.00723	0.00534	0.00680	0.00700	0.00797	0.00513	0.00503	0.00988	0.06751	0.01749	0.41043	0.35234	0.05328	0.01254	0.00619	0.00182	0.00277	0.01121	0.00524	0.00480
73	0.01622	0.00859	0.04186	0.04658	0.04254	0.00746	0.00795	0.01901	0.04652	0.42639	0.15709	0.09091	0.02102	0.00808	0.00550	0.00168	0.00421	0.03569	0.00548	0.00725
74	0.01692	0.00971	0.01181	0.00887	0.01301	0.00856	0.00723	0.14315	0.01461	0.32696	0.03922	0.01453	0.01114	0.00542	0.00463	0.00125	0.00429	0.00435	0.00479	0.34959
75	0.00752	0.00516	0.00631	0.00602	0.00729	0.00477	0.00452	0.00981	0.01355	0.01955	0.56796	0.03630	0.12748	0.01000	0.00563	0.00156	0.00244	0.00868	0.15069	0.00477
76	0.01117	0.00987	0.01479	0.57002	0.02889	0.01200	0.01270	0.10840	0.05187	0.01613	0.01044	0.01446	0.00806	0.00575	0.00588	0.00171	0.05873	0.01757	0.02013	0.02143
77	0.00746	0.00497	0.00560	0.00560	0.00560	0.00497	0.00311	0.00746	0.00746	0.00995	0.01617	0.03358	0.01865	0.81967	0.02612	0.00497	0.00497	0.00746	0.00311	0.00311
78	0.01064	0.00912	0.01064	0.00760	0.01216	0.00684	0.00608	0.01292	0.01064	0.01672	0.00912	0.01064	0.00760	0.00380	0.00380	0.00076	0.00380	0.00304	0.00304	0.85104
79	0.01372	0.82276	0.02689	0.00878	0.01317	0.02030	0.00878	0.01536	0.01043	0.01207	0.00713	0.00823	0.00658	0.00439	0.00329	0.00110	0.00549	0.00274	0.00219	0.00658
80	0.00713	0.00526	0.00667	0.00639	0.00768	0.00481	0.00484	0.00938	0.01400	0.01939	0.64787	0.04072	0.15461	0.01100	0.00610	0.00166	0.00254	0.03967	0.00548	0.00476
81	0.01487	0.00990	0.01044	0.00853	0.01128	0.01072	0.00687	0.41648	0.01789	0.02617	0.01438	0.01550	0.01079	0.00607	0.00441	0.00138	0.00413	0.00470	0.39862	0.00689
82	0.01162	0.00909	0.01074	0.00772	0.01223	0.00690	0.00620	0.01387	0.01096	0.07772	0.01000	0.01118	0.00800	0.00400	0.00391	0.00083	0.00384	0.00321	0.00330	0.78470
83	0.01096	0.04738	0.00972	0.07910	0.01181	0.02106	0.00655	0.01430	0.12385	0.13195	0.08634	0.20370	0.05714	0.14932	0.00914	0.00231	0.00423	0.02106	0.00448	0.00562
84	0.01245	0.01207	0.02195	0.09216	0.52635	0.01204	0.17986	0.01574	0.01170	0.03473	0.01037	0.02832	0.00854	0.00482	0.00533	0.00160	0.00662	0.00510	0.00266	0.00760
85	0.01646	0.01888	0.01226	0.01120	0.01330	0.56446	0.00823	0.01759	0.01287	0.04820	0.01048	0.01497	0.00959	0.16644	0.03587	0.00228	0.00821	0.00431	0.01892	0.00545
86	0.01082	0.00945	0.01192	0.04158	0.09632	0.00759	0.00744	0.01323	0.01074	0.01658	0.00918	0.01098	0.00763	0.00394	0.00399	0.00088	0.00417	0.00326	0.00296	0.72735
87	0.01064	0.00912	0.01064	0.00760	0.01216	0.00684	0.00608	0.01292	0.01064	0.01672	0.00912	0.01064	0.00760	0.00380	0.00380	0.00076	0.00380	0.00304	0.00304	0.85104
88	0.01302	0.01212	0.01922	0.02750	0.63840	0.01245	0.01435	0.05238	0.12468	0.01817	0.01142	0.01363	0.00926	0.00500	0.00510	0.00156	0.00578	0.00475	0.00305	0.00815
89	0.85592	0.00992	0.00754	0.00675	0.00992	0.01151	0.00556	0.01508	0.00873	0.02302	0.00714	0.00834	0.00556	0.00476	0.00318	0.00159	0.00397	0.00278	0.00318	0.00556
90	0.01257	0.01704	0.19669	0.03317	0.04102	0.18769	0.01157	0.01786	0.17539	0.01555	0.01446	0.05441	0.05530	0.00710	0.00699	0.00171	0.13640	0.00521	0.00323	0.00663
91	0.00730	0.00531	0.00666	0.00734	0.00822	0.00509	0.00564	0.00867	0.01048	0.01346	0.02990	0.17785	0.18079	0.19541	0.01107	0.00278	0.00406	0.31143	0.00438	0.00419
92	0.01541	0.02154	0.24133	0.01296	0.01710	0.36717	0.01229	0.12814	0.01461	0.01693	0.02388	0.01518	0.00973	0.00621	0.00503	0.00154	0.00770	0.07345	0.00311	0.00670
93	0.00756	0.00565	0.00728	0.00798	0.00932	0.00537	0.00673	0.00964	0.01204	0.01545	0.10778	0.05363	0.24009	0.01349	0.00670	0.00212	0.00391	0.47580	0.00483	0.00463
94	0.01339	0.00664	0.00860	0.00731	0.00972	0.00584	0.00576	0.01544	0.01410	0.32917	0.35132	0.03185	0.16105	0.00926	0.00570	0.00162	0.00323	0.00789	0.00578	0.00632
95	0.02302	0.00873	0.01191	0.00913	0.01310	0.00754	0.00754	0.02501	0.01469	0.79122	0.02024	0.01746	0.01270	0.00635	0.00516	0.00159	0.00437	0.00516	0.00635	0.00873
96	0.85592	0.00992	0.00754	0.00675	0.00992	0.01151	0.00556	0.01508	0.00873	0.02302	0.00714	0.00834	0.00556	0.00476	0.00318	0.00159	0.00397	0.00278	0.00318	0.00556
97	0.01372	0.82276	0.02689	0.00878	0.01317	0.02030	0.00878	0.01536	0.01043	0.01207	0.00713	0.00823	0.00658	0.00439	0.00329	0.00110	0.00549	0.00274	0.00219	0.00658
98	0.00746	0.00497	0.00560	0.00560	0.00560	0.00497	0.00311	0.00746	0.00746	0.00995	0.01617	0.03358	0.01865	0.81967	0.02612	0.00497	0.00497	0.00746	0.00311	0.00311
99	0.00633	0.00453	0.00603	0.00709	0.00746	0.00422	0.00477	0.00734	0.01019	0.01369	0.08788	0.75505	0.03508	0.01564	0.00651	0.00205	0.00293	0.01417	0.00483	0.00422
100	0.01111	0.02081	0.44873	0.01779	0.02429	0.01239	0.35756	0.01633	0.01141	0.01633	0.00974	0.01219	0.00708	0.00463	0.00541	0.00167	0.00806	0.00481	0.00236	0.00728
101	0.00724	0.00524	0.00682	0.00643	0.00765	0.00483	0.00482	0.00964	0.01447	0.02044	0.76987	0.03856	0.06359	0.01054	0.00605	0.00162	0.00242	0.00931	0.00563	0.00483
102	0.00733	0.00550	0.00825	0.00825	0.00916	0.00641	0.00641	0.00916	0.00825	0.01191	0.01374	0.02016	0.01283	0.03848	0.79934	0.00825	0.01374	0.00550	0.00275	0.00458
103	0.15766	0.01177	0.01704	0.17462	0.39747	0.04842	0.04291	0.01604	0.05556	0.01720	0.00972	0.01240	0.00779	0.00487	0.00479	0.00158	0.00600	0.00433	0.00276	0.00707
104	0.01305	0.27023	0.04932	0.01115	0.01494	0.01514	0.07997	0.04561	0.39593	0.01805	0.01488	0.01522	0.01166	0.00590	0.00470	0.00153	0.00514	0.01621	0.00388	0.00747
105	0.01158	0.01261	0.16322	0.01013	0.01506	0.00824	0.06806	0.01450	0.01093	0.07713	0.01010	0.01169	0.00786	0.00490	0.00504	0.04042	0.00498	0.00365	0.00306	0.51683

[dist]
# distance from previous block
# <min> <max>
0	3

[block]
# block no. 5 follows, 48 sequences, length 90
# corresponding to MSA columns:
# 355-444
name=unknown_F
#
# <colnr> <probs for GDERKNQSTAVLIFYWHMCP>
#	G	D	E	R	K	N	Q	S	T	A	V	L	I	F	Y	W	H	M	C	P
0	0.01541	0.36932	0.05388	0.01148	0.01487	0.30453	0.02235	0.03647	0.01204	0.01306	0.00766	0.00926	0.00668	0.00531	0.00549	0.00136	0.09876	0.00330	0.00245	0.00634
1	0.01447	0.01013	0.04315	0.01015	0.01316	0.01007	0.04817	0.21929	0.07717	0.16086	0.03234	0.01709	0.01224	0.01465	0.21279	0.00330	0.00727	0.00521	0.08149	0.00701
2	0.00809	0.00497	0.00737	0.00737	0.00780	0.00540	0.00531	0.00789	0.00746	0.01038	0.01155	0.01865	0.01124	0.06772	0.38746	0.41148	0.00886	0.00510	0.00252	0.00338
3	0.01461	0.34016	0.19501	0.01179	0.01611	0.27420	0.01157	0.01710	0.01174	0.01319	0.00784	0.00930	0.00658	0.00502	0.00477	0.00135	0.04751	0.00325	0.00234	0.00655
