[name]
unknown

[dist]
# distance from previous block
# <min> <max>
13	25

[block]
# block no. 0 follows, 39 sequences, length 136
# corresponding to MSA columns:
# 28-163
name=unknown_A
#
# <colnr> <probs for GDERKNQSTAVLIFYWHMCP>
#	G	D	E	R	K	N	Q	S	T	A	V	L	I	F	Y	W	H	M	C	P
0	0.02161	0.02483	0.01687	0.01487	0.01795	0.58589	0.01141	0.11270	0.01756	0.04689	0.01023	0.01166	0.00821	0.00660	0.00652	0.00165	0.06947	0.00419	0.00354	0.00736
1	0.01898	0.01135	0.01729	0.19261	0.18747	0.01180	0.01294	0.02222	0.03351	0.34548	0.01646	0.01739	0.01146	0.00679	0.00696	0.00191	0.06612	0.00560	0.00486	0.00881
2	0.01926	0.01224	0.01437	0.01103	0.01557	0.01185	0.00900	0.27111	0.03240	0.21549	0.01576	0.01599	0.01137	0.00925	0.06442	0.00212	0.00618	0.00505	0.00535	0.25219
3	0.02160	0.01571	0.01680	0.01298	0.01745	0.01735	0.01069	0.67978	0.02661	0.03609	0.01459	0.01480	0.01045	0.00708	0.00578	0.00174	0.00622	0.00534	0.06921	0.00971
4	0.01491	0.06505	0.03002	0.01187	0.01533	0.04909	0.03562	0.16675	0.30503	0.02368	0.02478	0.08915	0.10382	0.00935	0.00615	0.00194	0.00543	0.02853	0.00532	0.00818
5	0.00837	0.00819	0.06783	0.01047	0.01205	0.00677	0.06176	0.01040	0.01140	0.01555	0.02652	0.51385	0.03017	0.02070	0.13339	0.00352	0.00647	0.04245	0.00469	0.00545
6	0.00779	0.00573	0.00737	0.00853	0.00910	0.00557	0.00579	0.01003	0.06799	0.01584	0.03194	0.72909	0.03749	0.01772	0.00743	0.00237	0.00353	0.01603	0.00553	0.00516
7	0.07993	0.01395	0.01403	0.01216	0.01577	0.04656	0.00965	0.18783	0.47598	0.02707	0.02021	0.02010	0.01537	0.00777	0.00584	0.00194	0.00535	0.02574	0.00567	0.00908
8	0.11891	0.01854	0.02016	0.03340	0.06852	0.27532	0.19423	0.03843	0.01446	0.01881	0.01026	0.01260	0.00818	0.00543	0.00545	0.00161	0.00831	0.00466	0.00324	0.13949
9	0.01226	0.17932	0.55932	0.01469	0.02218	0.01496	0.01820	0.01774	0.01247	0.01757	0.01395	0.01533	0.06511	0.00623	0.00537	0.00176	0.00782	0.00476	0.00273	0.00822
10	0.01217	0.08972	0.70507	0.01633	0.02479	0.01448	0.02094	0.01865	0.01245	0.01836	0.01043	0.01225	0.00750	0.00558	0.00548	0.00183	0.00855	0.00428	0.00250	0.00865
11	0.02151	0.02709	0.01732	0.01686	0.07524	0.71013	0.01195	0.02319	0.01650	0.01485	0.00929	0.01097	0.00775	0.00603	0.00537	0.00154	0.01038	0.00392	0.00304	0.00705
12	0.01315	0.30534	0.39520	0.01416	0.02084	0.01668	0.05859	0.01779	0.01273	0.01738	0.06713	0.01405	0.01135	0.00588	0.00514	0.00166	0.00748	0.00458	0.00285	0.00803
13	0.01696	0.01219	0.07593	0.01449	0.01883	0.00996	0.21808	0.02019	0.01470	0.30137	0.06706	0.14789	0.03690	0.00885	0.00657	0.00198	0.00629	0.00838	0.00530	0.00809
14	0.00796	0.00577	0.00751	0.00762	0.00872	0.00532	0.00551	0.01015	0.01495	0.02076	0.50333	0.27273	0.07921	0.01418	0.00715	0.00203	0.00299	0.01264	0.00616	0.00532
15	0.00849	0.00569	0.00648	0.00659	0.00661	0.00566	0.00373	0.00857	0.00881	0.01175	0.01971	0.09663	0.02286	0.73238	0.02836	0.00548	0.00556	0.00923	0.00373	0.00368
16	0.09673	0.04159	0.03234	0.44083	0.15292	0.05884	0.01495	0.06156	0.01323	0.01834	0.01045	0.01426	0.00808	0.00581	0.00556	0.00185	0.00744	0.00488	0.00301	0.00733
17	0.00851	0.00703	0.00780	0.00895	0.00956	0.06394	0.00621	0.00968	0.01189	0.01522	0.03070	0.68171	0.03635	0.01743	0.00742	0.00235	0.00412	0.06083	0.00530	0.00500
18	0.00768	0.00570	0.00731	0.00805	0.00898	0.00512	0.00555	0.00902	0.01201	0.01623	0.09503	0.61364	0.08730	0.01663	0.00722	0.00221	0.00342	0.01496	0.00542	0.06852
19	0.67586	0.05867	0.01124	0.00870	0.01259	0.01455	0.00728	0.11434	0.01257	0.02723	0.00904	0.01022	0.00697	0.00568	0.00397	0.00179	0.00494	0.00349	0.00390	0.00697
20	0.01222	0.01158	0.01963	0.55407	0.25643	0.01341	0.01694	0.01603	0.01232	0.01638	0.01070	0.01543	0.00833	0.00572	0.00590	0.00191	0.00762	0.00526	0.00272	0.00741
21	0.07658	0.01245	0.02035	0.32683	0.41576	0.01363	0.01656	0.01689	0.01256	0.01822	0.01066	0.01469	0.00855	0.00554	0.00571	0.00185	0.00717	0.00510	0.00287	0.00803
22	0.01139	0.06658	0.00748	0.00587	0.00753	0.00689	0.00460	0.01408	0.01237	0.02142	0.01844	0.02108	0.01457	0.00675	0.00411	0.00137	0.00303	0.00533	0.76144	0.00567
23	0.01321	0.01455	0.03105	0.02258	0.02789	0.01366	0.62780	0.01787	0.01418	0.01928	0.07716	0.02141	0.01451	0.00627	0.00705	0.00203	0.00908	0.04935	0.00344	0.00762
24	0.01615	0.01342	0.01418	0.01233	0.01593	0.01538	0.00971	0.16183	0.61184	0.02706	0.02224	0.02061	0.01657	0.00785	0.00600	0.00196	0.00502	0.00643	0.00600	0.00949
25	0.00871	0.00743	0.01268	0.01176	0.01331	0.00697	0.15281	0.01064	0.01199	0.01603	0.02835	0.58951	0.03273	0.01566	0.00747	0.00234	0.00487	0.05629	0.00498	0.00548
26	0.01842	0.01827	0.01314	0.01163	0.01444	0.36554	0.00892	0.15752	0.01741	0.02143	0.01355	0.01520	0.01064	0.00656	0.00504	0.00152	0.00719	0.00468	0.28189	0.00702
27	0.01471	0.01270	0.01337	0.01203	0.01538	0.01471	0.00936	0.03142	0.74459	0.02474	0.02407	0.02206	0.01805	0.00802	0.00602	0.00201	0.00468	0.00669	0.00602	0.00936
28	0.02458	0.01050	0.01367	0.01077	0.01514	0.00969	0.00880	0.02925	0.13739	0.63776	0.02345	0.02045	0.01520	0.00744	0.00596	0.00186	0.00497	0.00607	0.00710	0.00995
29	0.00833	0.00604	0.00785	0.00740	0.00881	0.00556	0.00555	0.01108	0.01664	0.02348	0.73138	0.04456	0.07672	0.01218	0.00698	0.00186	0.00280	0.01075	0.00648	0.00556
30	0.01138	0.00671	0.00887	0.00795	0.00987	0.00610	0.00610	0.01408	0.01677	0.14550	0.63150	0.04019	0.04899	0.01130	0.00680	0.00186	0.00316	0.00991	0.00664	0.00632
31	0.01396	0.01595	0.03490	0.02493	0.03091	0.01496	0.73380	0.01894	0.01396	0.01894	0.01196	0.01595	0.00897	0.00499	0.00698	0.00199	0.00997	0.00698	0.00299	0.00798
32	0.00710	0.00554	0.00645	0.00718	0.00830	0.00489	0.00502	0.00835	0.01233	0.01551	0.04540	0.44552	0.37364	0.01686	0.00729	0.00221	0.00323	0.01478	0.00549	0.00489
33	0.00845	0.00634	0.00950	0.00950	0.01056	0.00739	0.00739	0.01056	0.00950	0.01373	0.01584	0.02323	0.01478	0.04435	0.76873	0.00950	0.01584	0.00634	0.00317	0.00528
34	0.01334	0.01220	0.01888	0.02331	0.34298	0.01259	0.07442	0.02016	0.20281	0.02059	0.06169	0.05600	0.01836	0.00816	0.00639	0.00198	0.00609	0.08731	0.00434	0.00839
35	0.01471	0.01270	0.01337	0.01203	0.01538	0.01471	0.00936	0.03142	0.74459	0.02474	0.02407	0.02206	0.01805	0.00802	0.00602	0.00201	0.00468	0.00669	0.00602	0.00936
36	0.01274	0.07151	0.49550	0.01893	0.02660	0.01468	0.23932	0.01873	0.01291	0.01851	0.01088	0.01337	0.00795	0.00539	0.00593	0.00187	0.00897	0.00510	0.00265	0.00844
37	0.41602	0.01268	0.01226	0.01008	0.01407	0.01402	0.00827	0.23924	0.05101	0.11776	0.04306	0.01428	0.01108	0.00659	0.00487	0.00182	0.00515	0.00465	0.00502	0.00807
38	0.01700	0.01492	0.01470	0.01125	0.01603	0.11418	0.00902	0.25640	0.01805	0.02462	0.01156	0.01269	0.00904	0.00552	0.00502	0.00126	0.00594	0.00415	0.00425	0.44439
39	0.02488	0.01065	0.01384	0.01083	0.01526	0.00983	0.00888	0.05720	0.10894	0.63826	0.02306	0.02014	0.01489	0.00740	0.00595	0.00185	0.00505	0.00602	0.00710	0.00998
40	0.01294	0.01294	0.01811	0.01553	0.01553	0.01811	0.01294	0.01423	0.00906	0.01423	0.00776	0.01294	0.00776	0.01035	0.01941	0.00259	0.78134	0.00518	0.00259	0.00647
41	0.02409	0.01287	0.01525	0.01174	0.01627	0.01299	0.00968	0.35177	0.02173	0.40072	0.01900	0.01749	0.01256	0.00720	0.00586	0.00179	0.00562	0.00565	0.03783	0.00989
42	0.01563	0.01383	0.01894	0.14171	0.02147	0.01717	0.05577	0.23570	0.01555	0.02172	0.01044	0.01397	0.00856	0.00830	0.01230	0.00220	0.37009	0.00534	0.00364	0.00767
43	0.01027	0.00514	0.00770	0.00770	0.00770	0.00514	0.00514	0.00770	0.00770	0.01027	0.01027	0.01798	0.01027	0.02054	0.02311	0.82794	0.00514	0.00514	0.00257	0.00257
44	0.01182	0.01036	0.01592	0.02171	0.35953	0.01035	0.01217	0.01589	0.07304	0.02018	0.18909	0.07587	0.06018	0.00957	0.00654	0.00196	0.00528	0.08840	0.00456	0.00757
45	0.01464	0.01405	0.02400	0.03630	0.75528	0.01405	0.01815	0.01815	0.01347	0.01932	0.01112	0.01464	0.00937	0.00527	0.00585	0.00176	0.00703	0.00527	0.00293	0.00937
46	0.01301	0.01239	0.02106	0.38415	0.42014	0.01362	0.01734	0.01672	0.01270	0.01735	0.01084	0.01517	0.00867	0.00557	0.00588	0.00186	0.00743	0.00526	0.00279	0.00806
47	0.01144	0.00936	0.01275	0.01144	0.01185	0.01213	0.00914	0.01263	0.00959	0.01509	0.01191	0.01791	0.01110	0.05221	0.12203	0.09730	0.39979	0.00556	0.16124	0.00554
48	0.01471	0.01270	0.01337	0.01203	0.01538	0.01471	0.00936	0.03142	0.74459	0.02474	0.02407	0.02206	0.01805	0.00802	0.00602	0.00201	0.00468	0.00669	0.00602	0.00936
49	0.83394	0.01144	0.00869	0.00778	0.01144	0.01327	0.00640	0.01738	0.01006	0.02653	0.00823	0.00961	0.00640	0.00549	0.00366	0.00183	0.00457	0.00320	0.00366	0.00640
50	0.01802	0.00818	0.01100	0.00908	0.01216	0.00723	0.00723	0.02054	0.01684	0.41459	0.36491	0.03140	0.03393	0.00956	0.00643	0.00184	0.00398	0.00817	0.00694	0.00796
51	0.00805	0.00564	0.00742	0.00789	0.00880	0.00521	0.00557	0.00988	0.01380	0.03237	0.34327	0.43936	0.05959	0.01548	0.00726	0.00215	0.00318	0.01389	0.00596	0.00524
52	0.01102	0.00551	0.00551	0.00551	0.00689	0.00551	0.00413	0.01378	0.01240	0.02205	0.01929	0.02205	0.01516	0.00689	0.00413	0.00138	0.00276	0.00551	0.82500	0.00551
53	0.00860	0.00573	0.00645	0.00645	0.00645	0.00573	0.00358	0.00860	0.00860	0.01147	0.01863	0.03870	0.02150	0.79217	0.03010	0.00573	0.00573	0.00860	0.00358	0.00358
54	0.00780	0.00602	0.00711	0.00684	0.00848	0.00534	0.00513	0.01006	0.01539	0.02052	0.46607	0.04944	0.34388	0.01328	0.00698	0.00192	0.00287	0.01143	0.00609	0.00534
55	0.01464	0.01405	0.02400	0.03630	0.75528	0.01405	0.01815	0.01815	0.01347	0.01932	0.01112	0.01464	0.00937	0.00527	0.00585	0.00176	0.00703	0.00527	0.00293	0.00937
56	0.01581	0.79572	0.03099	0.01012	0.01518	0.02340	0.01012	0.01771	0.01202	0.01391	0.00822	0.00949	0.00759	0.00506	0.00379	0.00126	0.00632	0.00316	0.00253	0.00759
57	0.02229	0.02235	0.01725	0.01442	0.01831	0.39210	0.01133	0.38081	0.02230	0.02591	0.01168	0.01244	0.00884	0.00660	0.00563	0.00165	0.00858	0.00457	0.00449	0.00846
58	0.06764	0.00859	0.01091	0.00915	0.01249	0.00766	0.00727	0.02105	0.01515	0.45349	0.06390	0.13599	0.14072	0.01029	0.00626	0.00194	0.00434	0.00863	0.00650	0.00806
59	0.01057	0.00980	0.01505	0.26990	0.23359	0.01029	0.01236	0.01345	0.01293	0.01665	0.02956	0.03116	0.29290	0.00919	0.00631	0.00192	0.00577	0.00802	0.00381	0.00677
60	0.01244	0.01181	0.02003	0.50667	0.30210	0.01347	0.01705	0.01622	0.01243	0.01665	0.01074	0.01535	0.00843	0.00568	0.00589	0.00189	0.00757	0.00526	0.00274	0.00759
61	0.02248	0.01656	0.01775	0.01361	0.01834	0.01834	0.01124	0.73556	0.02780	0.03727	0.01420	0.01420	0.01006	0.00710	0.00592	0.00177	0.00651	0.00532	0.00592	0.01006
62	0.00845	0.00634	0.00950	0.00950	0.01056	0.00739	0.00739	0.01056	0.00950	0.01373	0.01584	0.02323	0.01478	0.04435	0.76873	0.00950	0.01584	0.00634	0.00317	0.00528
63	0.00854	0.00599	0.00773	0.00773	0.00817	0.00643	0.00517	0.00942	0.00898	0.01241	0.01747	0.03224	0.01870	0.47985	0.33858	0.00731	0.00995	0.00765	0.00341	0.00429
64	0.01018	0.00610	0.00761	0.00800	0.00892	0.00590	0.00576	0.01158	0.01154	0.07432	0.02539	0.24347	0.02728	0.25258	0.01396	0.00329	0.00456	0.14991	0.12459	0.00508
65	0.01117	0.01051	0.01774	0.77795	0.04073	0.01314	0.01642	0.01511	0.01182	0.01511	0.01051	0.01577	0.00788	0.00591	0.00591	0.00197	0.00788	0.00526	0.00263	0.00657
66	0.01646	0.00763	0.01028	0.00945	0.01193	0.00681	0.00731	0.01825	0.01424	0.36418	0.02922	0.33593	0.05553	0.01294	0.00683	0.00215	0.00434	0.07286	0.00634	0.00733
67	0.00847	0.00624	0.00900	0.00900	0.00988	0.00712	0.00676	0.01024	0.00935	0.01335	0.01630	0.02579	0.01590	0.16815	0.64646	0.00888	0.01417	0.00671	0.00324	0.00500
68	0.01102	0.00551	0.00551	0.00551	0.00689	0.00551	0.00413	0.01378	0.01240	0.02205	0.01929	0.02205	0.01516	0.00689	0.00413	0.00138	0.00276	0.00551	0.82500	0.00551
69	0.00721	0.00515	0.00686	0.00823	0.00858	0.00480	0.00549	0.00823	0.01132	0.01510	0.03259	0.78831	0.03911	0.01853	0.00755	0.00240	0.00343	0.01681	0.00549	0.00480
70	0.00946	0.00846	0.01171	0.01560	0.23721	0.00785	0.00895	0.01161	0.01339	0.01705	0.04250	0.07434	0.46216	0.01221	0.00672	0.00197	0.00436	0.04338	0.00470	0.00635
71	0.07967	0.01231	0.01939	0.13629	0.42376	0.01254	0.01474	0.01960	0.01375	0.16849	0.03379	0.01634	0.01127	0.00598	0.00574	0.00181	0.00644	0.00539	0.00392	0.00877
72	0.01970	0.02366	0.01727	0.01564	0.03152	0.53710	0.01192	0.05081	0.01525	0.01545	0.00905	0.01145	0.00779	0.00717	0.00885	0.00180	0.20133	0.00424	0.00305	0.00694
73	0.01177	0.04475	0.51543	0.10337	0.02625	0.01335	0.09864	0.01754	0.01263	0.01817	0.03378	0.05454	0.01078	0.00643	0.00590	0.00191	0.00826	0.00556	0.00284	0.00808
74	0.00923	0.00758	0.01249	0.01189	0.01360	0.00725	0.12637	0.01163	0.01291	0.01719	0.07145	0.35406	0.03331	0.01513	0.00765	0.00242	0.00520	0.26992	0.00512	0.00560
75	0.00772	0.00601	0.00703	0.00692	0.00856	0.00532	0.00522	0.00983	0.01488	0.01952	0.37170	0.08054	0.38101	0.01386	0.00705	0.00198	0.00301	0.03862	0.00595	0.00527
76	0.01027	0.00514	0.00770	0.00770	0.00770	0.00514	0.00514	0.00770	0.00770	0.01027	0.01027	0.01798	0.01027	0.02054	0.02311	0.82794	0.00514	0.00514	0.00257	0.00257
77	0.01186	0.03059	0.76153	0.01686	0.02560	0.01373	0.02185	0.01873	0.01249	0.01873	0.01061	0.01249	0.00749	0.00562	0.00562	0.00187	0.00874	0.00437	0.00250	0.00874
78	0.01348	0.01454	0.02703	0.02052	0.02370	0.01644	0.39595	0.01674	0.01166	0.01674	0.01000	0.01454	0.00841	0.00750	0.01280	0.00227	0.37149	0.00613	0.00280	0.00727
79	0.01186	0.03059	0.76153	0.01686	0.02560	0.01373	0.02185	0.01873	0.01249	0.01873	0.01061	0.01249	0.00749	0.00562	0.00562	0.00187	0.00874	0.00437	0.00250	0.00874
80	0.00771	0.00591	0.00717	0.00789	0.00918	0.00537	0.00601	0.00940	0.01300	0.01651	0.08305	0.29316	0.32352	0.01626	0.00743	0.00228	0.00367	0.17187	0.00554	0.00507
81	0.00845	0.00634	0.00950	0.00950	0.01056	0.00739	0.00739	0.01056	0.00950	0.01373	0.01584	0.02323	0.01478	0.04435	0.76873	0.00950	0.01584	0.00634	0.00317	0.00528
82	0.01524	0.58082	0.15174	0.01256	0.01823	0.04827	0.06803	0.01819	0.01242	0.01512	0.00894	0.01053	0.00768	0.00518	0.00440	0.00143	0.00716	0.00368	0.00258	0.00778
83	0.37606	0.03840	0.03105	0.01475	0.15647	0.01369	0.01001	0.02172	0.17662	0.08766	0.01371	0.01435	0.01037	0.00616	0.00486	0.00184	0.00526	0.00465	0.00430	0.00805
84	0.00813	0.00636	0.00758	0.00819	0.00990	0.00581	0.00676	0.01018	0.01354	0.01675	0.04706	0.06131	0.42991	0.01559	0.00752	0.00232	0.00410	0.32833	0.00547	0.00520
85	0.01314	0.09054	0.39656	0.02086	0.10621	0.01498	0.23696	0.01864	0.01300	0.01844	0.01087	0.01352	0.00816	0.00534	0.00590	0.00184	0.00872	0.00516	0.00270	0.00848
86	0.00784	0.00605	0.00718	0.00698	0.00863	0.00539	0.00529	0.01009	0.01525	0.02024	0.43326	0.05043	0.34535	0.01347	0.00703	0.00195	0.00299	0.04120	0.00604	0.00533
87	0.01285	0.01124	0.01263	0.01096	0.01375	0.05895	0.05086	0.08073	0.26916	0.02368	0.28618	0.03127	0.09341	0.00970	0.00645	0.00190	0.00471	0.00835	0.00577	0.00744
88	0.01357	0.01339	0.02388	0.17863	0.43984	0.01398	0.13696	0.01725	0.01296	0.01808	0.01153	0.03471	0.00969	0.00592	0.00673	0.00189	0.04387	0.00584	0.00293	0.00833
89	0.01754	0.01260	0.01421	0.01107	0.01548	0.01254	0.00894	0.27738	0.12554	0.10792	0.07381	0.01777	0.01494	0.00682	0.00555	0.00155	0.00513	0.00546	0.00539	0.26035
90	0.01211	0.01147	0.01944	0.57640	0.23492	0.01339	0.01689	0.01594	0.01227	0.01625	0.01068	0.01546	0.00829	0.00574	0.00590	0.00191	0.00765	0.00526	0.00271	0.00733
91	0.01226	0.01051	0.01226	0.00876	0.01401	0.00788	0.00701	0.01489	0.01226	0.01927	0.01051	0.01226	0.00876	0.00438	0.00438	0.00088	0.00438	0.00350	0.00350	0.82832
92	0.00854	0.00599	0.00773	0.00773	0.00817	0.00643	0.00517	0.00942	0.00898	0.01241	0.01747	0.03224	0.01870	0.47985	0.33858	0.00731	0.00995	0.00765	0.00341	0.00429
93	0.00721	0.00515	0.00686	0.00823	0.00858	0.00480	0.00549	0.00823	0.01132	0.01510	0.03259	0.78831	0.03911	0.01853	0.00755	0.00240	0.00343	0.01681	0.00549	0.00480
94	0.00742	0.00552	0.00698	0.00805	0.00887	0.00507	0.00573	0.00875	0.01205	0.01558	0.03834	0.54860	0.19241	0.01751	0.00750	0.00235	0.00357	0.09530	0.00549	0.00492
95	0.01443	0.01287	0.01295	0.01170	0.01481	0.05840	0.00905	0.02866	0.61865	0.02401	0.10596	0.02390	0.02172	0.00837	0.00609	0.00196	0.00482	0.00697	0.00590	0.00878
96	0.00860	0.00573	0.00645	0.00645	0.00645	0.00573	0.00358	0.00860	0.00860	0.01147	0.01863	0.03870	0.02150	0.79217	0.03010	0.00573	0.00573	0.00860	0.00358	0.00358
97	0.01191	0.03024	0.74398	0.01705	0.02572	0.01376	0.03904	0.01873	0.01252	0.01873	0.01065	0.01257	0.00753	0.00560	0.00565	0.00188	0.00877	0.00443	0.00251	0.00872
98	0.83394	0.01144	0.00869	0.00778	0.01144	0.01327	0.00640	0.01738	0.01006	0.02653	0.00823	0.00961	0.00640	0.00549	0.00366	0.00183	0.00457	0.00320	0.00366	0.00640
99	0.01677	0.01587	0.02789	0.04184	0.08296	0.01596	0.41910	0.25732	0.01847	0.02497	0.01260	0.01526	0.00934	0.00574	0.00651	0.00190	0.00854	0.00625	0.00395	0.00874
100	0.01536	0.70874	0.11404	0.01088	0.01636	0.02230	0.01145	0.01782	0.01207	0.01446	0.00849	0.00983	0.00758	0.00512	0.00400	0.00133	0.00660	0.00330	0.00253	0.00772
101	0.83394	0.01144	0.00869	0.00778	0.01144	0.01327	0.00640	0.01738	0.01006	0.02653	0.00823	0.00961	0.00640	0.00549	0.00366	0.00183	0.00457	0.00320	0.00366	0.00640
102	0.01068	0.01040	0.01190	0.01096	0.01210	0.06745	0.00880	0.01216	0.01187	0.01526	0.03169	0.08031	0.30450	0.01281	0.01188	0.00228	0.31031	0.06475	0.00416	0.00574
103	0.00837	0.00604	0.00790	0.00744	0.00883	0.00558	0.00558	0.01116	0.01674	0.02371	0.75216	0.04417	0.05580	0.01209	0.00697	0.00186	0.00279	0.01069	0.00651	0.00558
104	0.40494	0.01071	0.01137	0.00924	0.01338	0.01084	0.00762	0.02346	0.01371	0.41591	0.01626	0.01520	0.01078	0.00646	0.00488	0.00183	0.00482	0.00466	0.00560	0.00835
105	0.00755	0.00529	0.00676	0.00779	0.00805	0.00504	0.00501	0.00833	0.01064	0.01419	0.02911	0.60115	0.03472	0.21169	0.01318	0.00323	0.00401	0.01476	0.00501	0.00450
106	0.02209	0.02819	0.01676	0.01524	0.01828	0.76843	0.01143	0.02361	0.01676	0.01447	0.00914	0.01066	0.00762	0.00609	0.00533	0.00152	0.01066	0.00381	0.00305	0.00686
107	0.00860	0.00573	0.00645	0.00645	0.00645	0.00573	0.00358	0.00860	0.00860	0.01147	0.01863	0.03870	0.02150	0.79217	0.03010	0.00573	0.00573	0.00860	0.00358	0.00358
108	0.01792	0.00818	0.01085	0.00897	0.01210	0.00719	0.00715	0.02034	0.01659	0.41401	0.31309	0.03235	0.08612	0.00977	0.00643	0.00185	0.00400	0.00831	0.00686	0.00792
109	0.01823	0.01448	0.01473	0.01212	0.01563	0.05862	0.00952	0.39899	0.20229	0.02857	0.01710	0.02001	0.01380	0.13723	0.00991	0.00247	0.00616	0.00612	0.00539	0.00863
110	0.01243	0.14022	0.65685	0.01589	0.02410	0.01512	0.02017	0.01858	0.01242	0.01804	0.01027	0.01206	0.00751	0.00554	0.00536	0.00179	0.00839	0.00420	0.00250	0.00858
111	0.01413	0.38189	0.38939	0.01401	0.03654	0.01806	0.01602	0.01851	0.01241	0.03601	0.00986	0.01135	0.00777	0.00540	0.00479	0.00159	0.00749	0.00388	0.00265	0.00826
112	0.01186	0.03059	0.76153	0.01686	0.02560	0.01373	0.02185	0.01873	0.01249	0.01873	0.01061	0.01249	0.00749	0.00562	0.00562	0.00187	0.00874	0.00437	0.00250	0.00874
113	0.01926	0.00793	0.00988	0.00817	0.01125	0.00720	0.00656	0.02177	0.01481	0.41381	0.02144	0.02103	0.01488	0.00712	0.00510	0.00162	0.00397	0.00574	0.39054	0.00793
114	0.01685	0.36631	0.18973	0.01221	0.01771	0.06090	0.01252	0.02159	0.09645	0.13396	0.01300	0.01334	0.00987	0.00594	0.00489	0.00159	0.00673	0.00431	0.00370	0.00840
115	0.11451	0.03145	0.01509	0.01191	0.01610	0.05938	0.00969	0.28391	0.17159	0.19986	0.01727	0.01638	0.01217	0.00705	0.00560	0.00182	0.00580	0.00537	0.00576	0.00925
116	0.00845	0.00577	0.00649	0.00646	0.00670	0.00566	0.00376	0.00873	0.00944	0.01249	0.06082	0.04050	0.08414	0.68632	0.02696	0.00522	0.00535	0.00903	0.00390	0.00381
117	0.00889	0.00646	0.00849	0.00898	0.00957	0.00682	0.00669	0.01021	0.01071	0.01439	0.02388	0.16815	0.02671	0.29807	0.09989	0.00449	0.05240	0.22612	0.00436	0.00471
118	0.01508	0.01558	0.01701	0.36570	0.02765	0.20261	0.01363	0.07437	0.01390	0.01688	0.01040	0.01418	0.00830	0.00683	0.00792	0.00192	0.13628	0.00490	0.04000	0.00685
119	0.01203	0.00875	0.00956	0.00874	0.01131	0.00896	0.00674	0.01940	0.27937	0.08519	0.13663	0.03629	0.26141	0.01069	0.00630	0.00191	0.00373	0.00896	0.07690	0.00714
120	0.01394	0.00964	0.01123	0.00988	0.01260	0.01003	0.00773	0.09207	0.24063	0.11651	0.31134	0.04610	0.05954	0.01006	0.00648	0.00192	0.00409	0.02217	0.00632	0.00771
121	0.01380	0.34039	0.02033	0.01254	0.07788	0.05307	0.00962	0.01883	0.17026	0.01705	0.01852	0.16455	0.04321	0.00872	0.00537	0.00173	0.00556	0.00711	0.00402	0.00746
122	0.01951	0.03310	0.01462	0.01177	0.01575	0.01369	0.00947	0.13970	0.39447	0.24796	0.02190	0.01993	0.01551	0.00759	0.00592	0.00190	0.00511	0.00616	0.00630	0.00963
123	0.01471	0.01270	0.01337	0.01203	0.01538	0.01471	0.00936	0.03142	0.74459	0.02474	0.02407	0.02206	0.01805	0.00802	0.00602	0.00201	0.00468	0.00669	0.00602	0.00936
124	0.00734	0.00598	0.00650	0.00642	0.00822	0.00513	0.00480	0.00915	0.01424	0.01790	0.23358	0.07535	0.55605	0.01435	0.00700	0.00197	0.00296	0.01216	0.00575	0.00513
125	0.01611	0.02148	0.35315	0.01582	0.02160	0.03527	0.07297	0.10129	0.01463	0.14189	0.01271	0.01424	0.00912	0.00681	0.00808	0.00197	0.13542	0.00506	0.00375	0.00862
126	0.01865	0.02038	0.01522	0.01366	0.01692	0.38004	0.01045	0.06062	0.35839	0.02035	0.01637	0.01617	0.01262	0.00705	0.00568	0.00176	0.00767	0.00523	0.00457	0.00818
127	0.01117	0.01051	0.01774	0.77795	0.04073	0.01314	0.01642	0.01511	0.01182	0.01511	0.01051	0.01577	0.00788	0.00591	0.00591	0.00197	0.00788	0.00526	0.00263	0.00657
128	0.02119	0.02687	0.01612	0.01469	0.01767	0.72312	0.01101	0.02272	0.01656	0.01456	0.01215	0.01341	0.05184	0.00662	0.00543	0.00155	0.01021	0.00432	0.00319	0.00675
129	0.01137	0.01072	0.01811	0.73394	0.08314	0.01319	0.01653	0.01529	0.01192	0.01536	0.01055	0.01570	0.00797	0.00587	0.00591	0.00196	0.00783	0.00526	0.00265	0.00674
130	0.01262	0.01199	0.02036	0.46777	0.33958	0.01352	0.01715	0.01638	0.01251	0.01687	0.01077	0.01529	0.00850	0.00564	0.00589	0.00188	0.00752	0.00526	0.00275	0.00774
131	0.01155	0.01090	0.01842	0.69675	0.11897	0.01324	0.01661	0.01544	0.01200	0.01557	0.01058	0.01564	0.00805	0.00584	0.00591	0.00195	0.00779	0.00526	0.00266	0.00688
132	0.01272	0.25640	0.20533	0.01523	0.02052	0.01530	0.19919	0.01646	0.01250	0.01661	0.01444	0.16098	0.01396	0.00775	0.00578	0.00182	0.00730	0.00706	0.00321	0.00744
133	0.03439	0.06920	0.70372	0.01626	0.02468	0.01422	0.02083	0.01864	0.01240	0.01869	0.01043	0.01225	0.00747	0.00559	0.00547	0.00184	0.00850	0.00428	0.00253	0.00862
134	0.01289	0.01227	0.02084	0.41021	0.39503	0.01359	0.01728	0.01662	0.01264	0.01720	0.01081	0.01521	0.00862	0.00559	0.00588	0.00186	0.00746	0.00526	0.00278	0.00796
135	0.01016	0.00928	0.01476	0.46826	0.05690	0.01058	0.03230	0.01338	0.01253	0.01597	0.04510	0.05649	0.17096	0.00906	0.00639	0.00203	0.00641	0.04957	0.00365	0.00622

[dist]
# distance from previous block
# <min> <max>
17	213

[block]
# block no. 1 follows, 39 sequences, length 23
# corresponding to MSA columns:
# 395-417
name=unknown_B
#
# <colnr> <probs for GDERKNQSTAVLIFYWHMCP>
#	G	D	E	R	K	N	Q	S	T	A	V	L	I	F	Y	W	H	M	C	P
0	0.01638	0.03347	0.01852	0.06957	0.36689	0.05949	0.01335	0.01932	0.01463	0.17534	0.11176	0.04370	0.01728	0.00710	0.00599	0.00179	0.00620	0.00634	0.00439	0.00849
1	0.08095	0.29031	0.02251	0.01763	0.21798	0.08024	0.01185	0.02065	0.01370	0.17383	0.01229	0.01325	0.00948	0.00572	0.00493	0.00158	0.00648	0.00439	0.00378	0.00845
2	0.42348	0.02919	0.01598	0.06041	0.31102	0.03399	0.01185	0.01774	0.01174	0.02245	0.00954	0.01197	0.00773	0.00543	0.00471	0.00179	0.00593	0.00415	0.00327	0.00764
3	0.01348	0.05456	0.02337	0.04408	0.37945	0.01333	0.16663	0.01751	0.04098	0.01868	0.01496	0.05549	0.01372	0.00720	0.00631	0.00192	0.00713	0.09035	0.00346	0.02741
4	0.14937	0.01087	0.01474	0.35834	0.02616	0.01184	0.01175	0.05398	0.01346	0.17575	0.01303	0.01518	0.00928	0.00601	0.00536	0.00177	0.00624	0.00486	0.00406	0.10794
5	0.01433	0.01344	0.02117	0.10061	0.53213	0.01410	0.01613	0.02067	0.16771	0.02007	0.01380	0.01631	0.01106	0.00591	0.00589	0.00183	0.00661	0.00557	0.00355	0.00910
6	0.00927	0.00717	0.00863	0.00858	0.01009	0.00723	0.00629	0.01439	0.16859	0.02084	0.33766	0.27175	0.07971	0.01339	0.00695	0.00207	0.00340	0.01185	0.00603	0.00611
7	0.01500	0.01388	0.01679	0.06245	0.01927	0.05204	0.10541	0.05050	0.54338	0.02325	0.02057	0.02005	0.01544	0.00736	0.00610	0.00197	0.00593	0.00645	0.00525	0.00890
8	0.01302	0.01235	0.02020	0.02990	0.59747	0.01214	0.01527	0.01611	0.01347	0.01861	0.02143	0.02356	0.16638	0.00732	0.00609	0.00181	0.00617	0.00679	0.00347	0.00844
9	0.02084	0.17914	0.10500	0.01225	0.04262	0.01369	0.01097	0.11728	0.01646	0.35778	0.01682	0.01611	0.01155	0.00652	0.00536	0.00168	0.00589	0.00505	0.04585	0.00914
10	0.01581	0.79572	0.03099	0.01012	0.01518	0.02340	0.01012	0.01771	0.01202	0.01391	0.00822	0.00949	0.00759	0.00506	0.00379	0.00126	0.00632	0.00316	0.00253	0.00759
11	0.18162	0.00714	0.00656	0.00637	0.00872	0.00674	0.00490	0.01037	0.01276	0.01821	0.04900	0.04692	0.59524	0.01297	0.00629	0.00196	0.00333	0.01052	0.00510	0.00529
12	0.35590	0.01316	0.01400	0.17261	0.02021	0.01514	0.01033	0.28621	0.01709	0.02815	0.01095	0.01263	0.00809	0.00618	0.00498	0.00184	0.00600	0.00443	0.00429	0.00781
13	0.01537	0.01390	0.02064	0.19035	0.02564	0.05419	0.20465	0.11538	0.16707	0.05799	0.01607	0.02009	0.01255	0.00700	0.00633	0.00198	0.00745	0.05096	0.00429	0.00810
14	0.01262	0.01166	0.01704	0.01217	0.01758	0.00938	0.16049	0.01575	0.01262	0.01920	0.01082	0.01304	0.00880	0.00451	0.00493	0.00111	0.00556	0.00424	0.00340	0.65508
15	0.01643	0.01323	0.01436	0.01179	0.01590	0.01412	0.00945	0.24637	0.34095	0.02723	0.01839	0.01913	0.01417	0.00726	0.00572	0.00172	0.00521	0.03074	0.00543	0.18238
16	0.02249	0.09085	0.01735	0.01380	0.01734	0.54344	0.01074	0.02420	0.01638	0.17173	0.01206	0.01256	0.00910	0.00626	0.00533	0.00157	0.00910	0.00420	0.00390	0.00760
17	0.00860	0.00573	0.00645	0.00645	0.00645	0.00573	0.00358	0.00860	0.00860	0.01147	0.01863	0.03870	0.02150	0.79217	0.03010	0.00573	0.00573	0.00860	0.00358	0.00358
18	0.01156	0.01049	0.01735	0.21928	0.28192	0.01097	0.04530	0.01497	0.01406	0.01944	0.23713	0.02575	0.03773	0.00789	0.00633	0.00188	0.00599	0.02066	0.00404	0.00727
19	0.01199	0.01154	0.01630	0.01425	0.01448	0.01585	0.01177	0.01346	0.00915	0.01413	0.00947	0.01511	0.00925	0.01753	0.17765	0.00405	0.61969	0.00542	0.00271	0.00622
20	0.00750	0.00591	0.00676	0.00675	0.00835	0.00518	0.00499	0.00940	0.01438	0.01859	0.29955	0.13525	0.42764	0.01437	0.00705	0.00199	0.00297	0.01235	0.00585	0.00518
21	0.01666	0.01343	0.01577	0.17432	0.02171	0.01539	0.01157	0.29241	0.28727	0.02711	0.01781	0.01976	0.01360	0.00760	0.00605	0.00194	0.00608	0.03740	0.00524	0.00886
22	0.01294	0.01294	0.01811	0.01553	0.01553	0.01811	0.01294	0.01423	0.00906	0.01423	0.00776	0.01294	0.00776	0.01035	0.01941	0.00259	0.78134	0.00518	0.00259	0.00647

[dist]
# distance from previous block
# <min> <max>
0	5

[block]
# block no. 2 follows, 39 sequences, length 14
# corresponding to MSA columns:
# 423-436
name=unknown_C
#
# <colnr> <probs for GDERKNQSTAVLIFYWHMCP>
#	G	D	E	R	K	N	Q	S	T	A	V	L	I	F	Y	W	H	M	C	P
0	0.00870	0.00665	0.00931	0.12438	0.01365	0.00666	0.00722	0.01152	0.01555	0.02171	0.58129	0.10023	0.04718	0.01168	0.00686	0.00192	0.00361	0.01037	0.00584	0.00567
1	0.70924	0.01434	0.12289	0.00915	0.01358	0.01334	0.00875	0.01759	0.01043	0.02535	0.00860	0.01004	0.00657	0.00551	0.00396	0.00184	0.00521	0.00338	0.00348	0.00676
2	0.01274	0.00588	0.00862	0.00813	0.00883	0.00568	0.00568	0.01091	0.00910	0.12390	0.01225	0.01830	0.01093	0.01854	0.02051	0.70263	0.00512	0.00526	0.00329	0.00371
3	0.01775	0.51091	0.02577	0.01147	0.01615	0.09856	0.01044	0.16511	0.06001	0.01937	0.01049	0.01133	0.00873	0.00576	0.00452	0.00144	0.00671	0.00388	0.00348	0.00812
4	0.01952	0.01348	0.11977	0.01127	0.01640	0.01014	0.01030	0.02473	0.12565	0.38029	0.01882	0.01761	0.01285	0.00654	0.00557	0.00165	0.00536	0.00530	0.00560	0.18915
5	0.01373	0.25576	0.03880	0.01704	0.13138	0.04113	0.10690	0.01692	0.04996	0.01632	0.01369	0.13053	0.01339	0.00810	0.00758	0.00186	0.11959	0.00659	0.00331	0.00742
6	0.01708	0.13340	0.02343	0.02434	0.36773	0.01679	0.04995	0.22834	0.04121	0.02391	0.01204	0.01403	0.00956	0.00585	0.00562	0.00171	0.00684	0.00510	0.00384	0.00923
7	0.83394	0.01144	0.00869	0.00778	0.01144	0.01327	0.00640	0.01738	0.01006	0.02653	0.00823	0.00961	0.00640	0.00549	0.00366	0.00183	0.00457	0.00320	0.00366	0.00640
8	0.00860	0.00573	0.00645	0.00645	0.00645	0.00573	0.00358	0.00860	0.00860	0.01147	0.01863	0.03870	0.02150	0.79217	0.03010	0.00573	0.00573	0.00860	0.00358	0.00358
9	0.01669	0.73161	0.02958	0.01015	0.01517	0.02220	0.01000	0.01861	0.01242	0.07475	0.00945	0.01035	0.00816	0.00524	0.00397	0.00131	0.00622	0.00339	0.00292	0.00779
10	0.00737	0.00521	0.00684	0.00802	0.00848	0.00484	0.00539	0.00822	0.01128	0.01488	0.03346	0.68239	0.09527	0.01836	0.00844	0.05229	0.00350	0.01575	0.00531	0.00468
11	0.01661	0.01238	0.01339	0.01134	0.01493	0.01348	0.00906	0.24040	0.32593	0.08718	0.02721	0.02652	0.13891	0.00907	0.00620	0.00194	0.00500	0.02566	0.00599	0.00880
12	0.79166	0.01136	0.00896	0.00792	0.01163	0.01303	0.00652	0.01798	0.01042	0.06490	0.00902	0.01016	0.00684	0.00559	0.00378	0.00183	0.00460	0.00335	0.00385	0.00660
13	0.04391	0.02693	0.28118	0.01528	0.02039	0.40710	0.01484	0.02178	0.01484	0.06502	0.01053	0.01196	0.00800	0.00610	0.00579	0.00171	0.02965	0.00416	0.00314	0.00771

[dist]
# distance from previous block
# <min> <max>
0	2

[block]
# block no. 3 follows, 39 sequences, length 44
# corresponding to MSA columns:
# 441-484
name=unknown_D
#
# <colnr> <probs for GDERKNQSTAVLIFYWHMCP>
#	G	D	E	R	K	N	Q	S	T	A	V	L	I	F	Y	W	H	M	C	P
0	0.01457	0.54576	0.13358	0.01266	0.01813	0.01992	0.09735	0.01759	0.01261	0.01580	0.05517	0.01283	0.01073	0.00557	0.00463	0.00147	0.00688	0.00425	0.00283	0.00767
1	0.01220	0.07432	0.66475	0.01665	0.02495	0.01421	0.05526	0.01858	0.01252	0.01847	0.01054	0.01247	0.00760	0.00552	0.00555	0.00182	0.00855	0.00440	0.00255	0.02909
2	0.01405	0.00998	0.03033	0.01053	0.01316	0.01000	0.00872	0.10370	0.11927	0.12796	0.24845	0.03555	0.05535	0.01079	0.00751	0.00206	0.05273	0.12658	0.00593	0.00738
3	0.00721	0.00515	0.00686	0.00823	0.00858	0.00480	0.00549	0.00823	0.01132	0.01510	0.03259	0.78831	0.03911	0.01853	0.00755	0.00240	0.00343	0.01681	0.00549	0.00480
4	0.01661	0.01785	0.01876	0.12925	0.23905	0.26248	0.03287	0.04517	0.11273	0.01861	0.04085	0.01564	0.01155	0.00632	0.00579	0.00175	0.00793	0.00523	0.00358	0.00798
5	0.01366	0.04001	0.21452	0.01472	0.09079	0.01187	0.03703	0.09489	0.01418	0.02092	0.01098	0.01281	0.00860	0.00513	0.00509	0.00137	0.00627	0.00421	0.00340	0.38953
6	0.00848	0.00575	0.00642	0.00642	0.00656	0.00568	0.00365	0.00859	0.00896	0.01180	0.02172	0.04006	0.07614	0.73410	0.02837	0.00545	0.00553	0.00889	0.00373	0.00369
7	0.00790	0.00544	0.00666	0.00734	0.00751	0.00527	0.00453	0.00842	0.00996	0.01328	0.02560	0.41267	0.03029	0.40620	0.01885	0.00407	0.00458	0.01270	0.00453	0.00419
8	0.01442	0.01409	0.18585	0.06114	0.05159	0.00982	0.07762	0.01813	0.01450	0.19930	0.17739	0.10901	0.02352	0.00883	0.00636	0.00193	0.00593	0.00786	0.00495	0.00776
9	0.01445	0.01386	0.02366	0.07690	0.71616	0.01400	0.01805	0.01798	0.01338	0.01909	0.01109	0.01470	0.00929	0.00530	0.00586	0.00177	0.00707	0.00527	0.00291	0.00921
10	0.02653	0.01006	0.01372	0.01052	0.01510	0.00869	0.00869	0.02882	0.01693	0.75937	0.02333	0.02013	0.01464	0.00732	0.00595	0.00183	0.00503	0.00595	0.00732	0.01006
11	0.83394	0.01144	0.00869	0.00778	0.01144	0.01327	0.00640	0.01738	0.01006	0.02653	0.00823	0.00961	0.00640	0.00549	0.00366	0.00183	0.00457	0.00320	0.00366	0.00640
12	0.00837	0.00604	0.00790	0.00744	0.00883	0.00558	0.00558	0.01116	0.01674	0.02371	0.75216	0.04417	0.05580	0.01209	0.00697	0.00186	0.00279	0.01069	0.00651	0.00558
13	0.08034	0.01506	0.01708	0.15571	0.02200	0.01699	0.01185	0.54814	0.02351	0.03234	0.01307	0.01415	0.00938	0.00676	0.00575	0.00182	0.00662	0.00515	0.00514	0.00914
14	0.01305	0.22876	0.52164	0.01603	0.04760	0.01630	0.04304	0.01845	0.01245	0.01750	0.01005	0.01190	0.00763	0.00544	0.00520	0.00171	0.00810	0.00418	0.00254	0.00844
15	0.01574	0.01526	0.01977	0.06315	0.02096	0.12693	0.19874	0.17316	0.07347	0.02225	0.06228	0.04885	0.04076	0.00813	0.00688	0.00195	0.03350	0.05613	0.00439	0.00769
16	0.01295	0.02035	0.28757	0.01962	0.02502	0.01535	0.29425	0.01764	0.01216	0.01764	0.01039	0.01394	0.00813	0.00661	0.00973	0.00211	0.21038	0.00559	0.00271	0.00785
17	0.00721	0.00515	0.00686	0.00823	0.00858	0.00480	0.00549	0.00823	0.01132	0.01510	0.03259	0.78831	0.03911	0.01853	0.00755	0.00240	0.00343	0.01681	0.00549	0.00480
18	0.01584	0.01648	0.02329	0.03230	0.60062	0.13919	0.04909	0.01909	0.01403	0.01850	0.01083	0.01404	0.00906	0.00539	0.00582	0.00173	0.00776	0.00510	0.00295	0.00889
19	0.01581	0.79572	0.03099	0.01012	0.01518	0.02340	0.01012	0.01771	0.01202	0.01391	0.00822	0.00949	0.00759	0.00506	0.00379	0.00126	0.00632	0.00316	0.00253	0.00759
20	0.01117	0.01051	0.01774	0.77795	0.04073	0.01314	0.01642	0.01511	0.01182	0.01511	0.01051	0.01577	0.00788	0.00591	0.00591	0.00197	0.00788	0.00526	0.00263	0.00657
21	0.01430	0.49849	0.20733	0.09085	0.02095	0.01967	0.04239	0.01774	0.01219	0.01541	0.00919	0.01111	0.00765	0.00528	0.00458	0.00151	0.00722	0.00382	0.00255	0.00778
22	0.01471	0.01270	0.01337	0.01203	0.01538	0.01471	0.00936	0.03142	0.74459	0.02474	0.02407	0.02206	0.01805	0.00802	0.00602	0.00201	0.00468	0.00669	0.00602	0.00936
23	0.01114	0.00962	0.01557	0.64096	0.03473	0.01179	0.01424	0.01487	0.01193	0.01634	0.01207	0.01688	0.00917	0.00609	0.00560	0.00187	0.00697	0.00530	0.14848	0.00638
24	0.02185	0.12179	0.18007	0.01186	0.01741	0.01180	0.01177	0.02509	0.01528	0.49522	0.01848	0.01700	0.01211	0.00664	0.00558	0.00176	0.00602	0.00522	0.00561	0.00944
25	0.00860	0.00573	0.00645	0.00645	0.00645	0.00573	0.00358	0.00860	0.00860	0.01147	0.01863	0.03870	0.02150	0.79217	0.03010	0.00573	0.00573	0.00860	0.00358	0.00358
26	0.00699	0.00599	0.00599	0.00599	0.00799	0.00499	0.00449	0.00849	0.01348	0.01598	0.05991	0.05691	0.75288	0.01498	0.00699	0.00200	0.00300	0.01248	0.00549	0.00499
27	0.00845	0.00634	0.00950	0.00950	0.01056	0.00739	0.00739	0.01056	0.00950	0.01373	0.01584	0.02323	0.01478	0.04435	0.76873	0.00950	0.01584	0.00634	0.00317	0.00528
28	0.01581	0.79572	0.03099	0.01012	0.01518	0.02340	0.01012	0.01771	0.01202	0.01391	0.00822	0.00949	0.00759	0.00506	0.00379	0.00126	0.00632	0.00316	0.00253	0.00759
29	0.00860	0.00573	0.00645	0.00645	0.00645	0.00573	0.00358	0.00860	0.00860	0.01147	0.01863	0.03870	0.02150	0.79217	0.03010	0.00573	0.00573	0.00860	0.00358	0.00358
30	0.00699	0.00599	0.00599	0.00599	0.00799	0.00499	0.00449	0.00849	0.01348	0.01598	0.05991	0.05691	0.75288	0.01498	0.00699	0.00200	0.00300	0.01248	0.00549	0.00499
31	0.01392	0.01583	0.03423	0.02455	0.03030	0.01508	0.70514	0.01876	0.01376	0.01876	0.01180	0.01583	0.00892	0.00520	0.00747	0.00202	0.04064	0.00691	0.00297	0.00792
32	0.02027	0.01649	0.01664	0.01343	0.01753	0.07974	0.01087	0.48395	0.19690	0.03160	0.01591	0.01573	0.01168	0.00735	0.00636	0.00184	0.03312	0.00552	0.00559	0.00950
33	0.02096	0.02637	0.01616	0.01476	0.01764	0.70524	0.01109	0.02253	0.01616	0.01441	0.00970	0.01171	0.00821	0.00927	0.06871	0.00219	0.01109	0.00402	0.00306	0.00673
34	0.02101	0.02613	0.01781	0.01829	0.12520	0.65898	0.01240	0.02282	0.01628	0.01518	0.00943	0.01124	0.00787	0.00597	0.00541	0.00156	0.01014	0.00402	0.00303	0.00722
35	0.00837	0.00604	0.00790	0.00744	0.00883	0.00558	0.00558	0.01116	0.01674	0.02371	0.75216	0.04417	0.05580	0.01209	0.00697	0.00186	0.00279	0.01069	0.00651	0.00558
36	0.00810	0.00896	0.11426	0.00951	0.01123	0.00626	0.00805	0.01022	0.01213	0.01651	0.08973	0.55557	0.05132	0.01595	0.00725	0.00229	0.00425	0.05780	0.00515	0.00547
37	0.09716	0.21893	0.07446	0.01064	0.01558	0.01337	0.00985	0.02407	0.01466	0.43901	0.01699	0.01577	0.01148	0.00643	0.00514	0.00168	0.00561	0.00484	0.00535	0.00897
38	0.01817	0.01357	0.01610	0.01297	0.01679	0.01482	0.05248	0.35354	0.15872	0.08939	0.02151	0.02271	0.08503	0.00855	0.00704	0.00195	0.05394	0.03822	0.00561	0.00888
39	0.00839	0.00605	0.00798	0.00778	0.00910	0.00563	0.00590	0.01107	0.01614	0.02268	0.64766	0.09222	0.05296	0.01284	0.00711	0.00197	0.00305	0.06959	0.00636	0.00552
40	0.01482	0.01466	0.02296	0.09008	0.61353	0.06084	0.03349	0.01873	0.03875	0.01888	0.01142	0.01476	0.00944	0.00546	0.00586	0.00177	0.00730	0.00527	0.00302	0.00897
41	0.01692	0.01613	0.02541	0.02017	0.07935	0.06509	0.34455	0.23627	0.01801	0.02399	0.01225	0.01480	0.00927	0.00617	0.00680	0.02742	0.00824	0.00586	0.00390	0.05938
42	0.01335	0.14938	0.52742	0.01497	0.02222	0.04094	0.01800	0.06279	0.01340	0.01887	0.01082	0.01269	0.00813	0.00708	0.03311	0.00202	0.00839	0.00432	0.02372	0.00837
43	0.01768	0.01664	0.09427	0.07413	0.05620	0.01585	0.17844	0.32243	0.09060	0.05246	0.01420	0.01554	0.01030	0.00640	0.00614	0.00187	0.00742	0.00576	0.00459	0.00909

[dist]
# distance from previous block
# <min> <max>
1	16

[block]
# block no. 4 follows, 39 sequences, length 10
# corresponding to MSA columns:
# 501-506,509-512
name=unknown_E
#
# <colnr> <probs for GDERKNQSTAVLIFYWHMCP>
#	G	D	E	R	K	N	Q	S	T	A	V	L	I	F	Y	W	H	M	C	P
0	0.01380	0.01148	0.01567	0.09972	0.07314	0.01159	0.03342	0.03687	0.05519	0.07043	0.01273	0.01634	0.01051	0.00660	0.00768	0.00162	0.13651	0.03216	0.00375	0.35080
1	0.01579	0.01082	0.05503	0.01061	0.01393	0.05538	0.00920	0.01854	0.01510	0.24590	0.13807	0.03606	0.02549	0.01029	0.00654	0.00198	0.00530	0.22017	0.00565	0.10016
2	0.01497	0.01068	0.01264	0.00943	0.01435	0.00879	0.00756	0.01913	0.09563	0.14596	0.01422	0.01471	0.01081	0.00529	0.00483	0.00117	0.00452	0.00428	0.00444	0.59659
3	0.01226	0.01051	0.01226	0.00876	0.01401	0.00788	0.00701	0.01489	0.01226	0.01927	0.01051	0.01226	0.00876	0.00438	0.00438	0.00088	0.00438	0.00350	0.00350	0.82832
4	0.01245	0.01112	0.01481	0.01058	0.01592	0.00868	0.08896	0.01535	0.01245	0.01923	0.01067	0.01268	0.00878	0.00445	0.00467	0.00100	0.00501	0.00390	0.00345	0.73582
5	0.00837	0.00604	0.00790	0.00744	0.00883	0.00558	0.00558	0.01116	0.01674	0.02371	0.75216	0.04417	0.05580	0.01209	0.00697	0.00186	0.00279	0.01069	0.00651	0.00558
6	0.01226	0.01051	0.01226	0.00876	0.01401	0.00788	0.00701	0.01489	0.01226	0.01927	0.01051	0.01226	0.00876	0.00438	0.00438	0.00088	0.00438	0.00350	0.00350	0.82832
7	0.01623	0.01361	0.01378	0.01178	0.01510	0.06992	0.00928	0.23414	0.32768	0.02746	0.17165	0.02350	0.02278	0.00845	0.00614	0.00187	0.00527	0.00691	0.00587	0.00859
8	0.01117	0.01051	0.01774	0.77795	0.04073	0.01314	0.01642	0.01511	0.01182	0.01511	0.01051	0.01577	0.00788	0.00591	0.00591	0.00197	0.00788	0.00526	0.00263	0.00657
9	0.01511	0.01520	0.01911	0.01588	0.01765	0.09827	0.08660	0.08396	0.09773	0.01808	0.01083	0.01418	0.00928	0.00877	0.01381	0.00227	0.45714	0.00540	0.00338	0.00733

[dist]
# distance from previous block
# <min> <max>
30	80

[block]
# block no. 5 follows, 39 sequences, length 10
# corresponding to MSA columns:
# 633-642
name=unknown_F
#
# <colnr> <probs for GDERKNQSTAVLIFYWHMCP>
#	G	D	E	R	K	N	Q	S	T	A	V	L	I	F	Y	W	H	M	C	P
0	0.04083	0.01157	0.01240	0.01038	0.01354	0.03663	0.00821	0.24643	0.12217	0.02741	0.28995	0.02735	0.05113	0.00904	0.00615	0.00177	0.00468	0.00748	0.00580	0.06707
1	0.01161	0.01079	0.01719	0.68212	0.03756	0.01334	0.01554	0.01715	0.10351	0.01631	0.01221	0.01655	0.00916	0.00618	0.00593	0.00198	0.00748	0.00543	0.00305	0.00692
2	0.01359	0.01148	0.01371	0.10598	0.01802	0.01062	0.00897	0.09741	0.11220	0.02149	0.01274	0.01423	0.01004	0.00536	0.00496	0.00126	0.00510	0.00435	0.00400	0.52446
3	0.01281	0.01127	0.01399	0.01043	0.01540	0.00958	0.05644	0.01811	0.14283	0.02022	0.01302	0.01426	0.01043	0.00507	0.00485	0.00115	0.00481	0.00430	0.00392	0.62711
4	0.01226	0.01051	0.01226	0.00876	0.01401	0.00788	0.00701	0.01489	0.01226	0.01927	0.01051	0.01226	0.00876	0.00438	0.00438	0.00088	0.00438	0.00350	0.00350	0.82832
5	0.01156	0.00838	0.00972	0.00867	0.01154	0.00762	0.00701	0.09289	0.01534	0.07193	0.08259	0.04306	0.30803	0.01184	0.00658	0.00190	0.00423	0.14571	0.00539	0.14598
6	0.05569	0.01430	0.01763	0.20143	0.02370	0.09567	0.09846	0.16553	0.05890	0.02190	0.01289	0.04604	0.01039	0.00642	0.00568	0.00171	0.00703	0.00548	0.00391	0.14725
7	0.01309	0.01044	0.01255	0.01019	0.01396	0.02370	0.03999	0.06128	0.11568	0.06437	0.06565	0.11727	0.06378	0.00843	0.00572	0.00157	0.00468	0.02112	0.00479	0.34172
