[name]
unknown

[dist]
# distance from previous block
# <min> <max>
0	293

[block]
# block no. 0 follows, 50 sequences, length 119
# corresponding to MSA columns:
# 708-737,743-751,762-841
name=unknown_A
#
# <colnr> <probs for GDERKNQSTAVLIFYWHMCP>
#	G	D	E	R	K	N	Q	S	T	A	V	L	I	F	Y	W	H	M	C	P
0	0.01430	0.05681	0.01316	0.02888	0.10351	0.01008	0.02373	0.09715	0.16308	0.20472	0.03023	0.06354	0.04355	0.00708	0.00509	0.00157	0.00452	0.05878	0.00453	0.06570
1	0.01261	0.01216	0.02118	0.02445	0.45788	0.03501	0.21700	0.02631	0.01168	0.04814	0.01007	0.01284	0.00807	0.00548	0.02999	0.00170	0.00672	0.00476	0.00270	0.05127
2	0.01225	0.03752	0.01990	0.10774	0.54588	0.05284	0.08157	0.01519	0.01130	0.01554	0.00920	0.01213	0.00759	0.00447	0.00489	0.00146	0.00625	0.00438	0.00246	0.04746
3	0.02958	0.01519	0.11321	0.01399	0.11843	0.21858	0.07074	0.01690	0.11066	0.02757	0.16168	0.01682	0.01578	0.00604	0.00498	0.00147	0.00600	0.00508	0.00345	0.04386
4	0.00775	0.00488	0.00720	0.00743	0.00794	0.00477	0.02894	0.00756	0.00849	0.01123	0.01861	0.25090	0.05542	0.01648	0.04285	0.39765	0.00434	0.11086	0.00334	0.00336
5	0.04019	0.01157	0.01195	0.01035	0.01341	0.02697	0.00817	0.17903	0.59179	0.02290	0.01795	0.01675	0.01338	0.00651	0.00498	0.00164	0.00435	0.00527	0.00495	0.00789
6	0.01197	0.48821	0.32909	0.01114	0.01665	0.01631	0.03625	0.01529	0.01033	0.01345	0.00782	0.00916	0.00640	0.00445	0.00388	0.00129	0.00622	0.00316	0.00213	0.00679
7	0.01047	0.02102	0.52120	0.01644	0.04078	0.01166	0.24884	0.01555	0.01089	0.01576	0.00988	0.03667	0.00756	0.00490	0.00514	0.00162	0.00751	0.00470	0.00232	0.00708
8	0.01019	0.07219	0.75428	0.01388	0.02107	0.01205	0.01784	0.01574	0.01050	0.01555	0.00883	0.01038	0.00632	0.00471	0.00465	0.00155	0.00725	0.00362	0.00211	0.00731
9	0.00941	0.00886	0.01495	0.81285	0.03433	0.01107	0.01384	0.01274	0.00997	0.01274	0.00886	0.01329	0.00664	0.00498	0.00498	0.00166	0.00664	0.00443	0.00221	0.00554
10	0.00691	0.00458	0.00605	0.00696	0.00749	0.00422	0.00473	0.00785	0.00986	0.05332	0.02801	0.74826	0.06299	0.01500	0.00627	0.00199	0.00295	0.01355	0.00471	0.00428
11	0.01168	0.02076	0.55597	0.01490	0.08926	0.01076	0.04941	0.01648	0.01130	0.11353	0.05082	0.01300	0.00937	0.00515	0.00490	0.00157	0.00663	0.00429	0.00284	0.00739
12	0.00607	0.00434	0.00578	0.00694	0.00723	0.00405	0.00463	0.00694	0.00954	0.01272	0.02747	0.82157	0.03297	0.01562	0.00636	0.00202	0.00289	0.01417	0.00463	0.00405
13	0.02236	0.00848	0.01157	0.00887	0.01272	0.00733	0.00733	0.02429	0.01427	0.79719	0.01966	0.01697	0.01234	0.00617	0.00501	0.00154	0.00424	0.00501	0.00617	0.00848
14	0.02006	0.08815	0.08551	0.00945	0.01365	0.00929	0.00855	0.05129	0.02737	0.60797	0.01719	0.01536	0.01112	0.00586	0.00481	0.00150	0.00467	0.00466	0.00535	0.00817
15	0.01188	0.01215	0.02303	0.09476	0.45629	0.01205	0.28443	0.01531	0.01138	0.01587	0.00958	0.01281	0.00767	0.00440	0.00527	0.00157	0.00686	0.00495	0.00246	0.00728
16	0.00611	0.00437	0.00583	0.00699	0.00730	0.00408	0.00470	0.00701	0.00958	0.01277	0.02745	0.80527	0.03288	0.01558	0.00637	0.00203	0.00293	0.03006	0.00463	0.00406
17	0.01325	0.81007	0.04323	0.00865	0.01299	0.01954	0.00875	0.01494	0.01014	0.01182	0.00697	0.00805	0.00639	0.00427	0.00323	0.00108	0.00538	0.00269	0.00213	0.00642
18	0.01707	0.01173	0.09988	0.03480	0.29243	0.00973	0.01157	0.04332	0.01301	0.39372	0.01437	0.01439	0.00986	0.00537	0.00495	0.00153	0.00527	0.00464	0.00429	0.00809
19	0.01158	0.38145	0.41134	0.01207	0.01793	0.01526	0.05756	0.01541	0.01042	0.01399	0.00811	0.00957	0.00642	0.00450	0.00412	0.00136	0.00652	0.00336	0.00214	0.00690
20	0.00607	0.00434	0.00578	0.00694	0.00723	0.00405	0.00463	0.00694	0.00954	0.01272	0.02747	0.82157	0.03297	0.01562	0.00636	0.00202	0.00289	0.01417	0.00463	0.00405
21	0.01333	0.82783	0.02612	0.00853	0.01279	0.01972	0.00853	0.01493	0.01013	0.01173	0.00693	0.00800	0.00640	0.00426	0.00320	0.00107	0.00533	0.00267	0.00213	0.00640
22	0.01709	0.09516	0.15450	0.01098	0.01543	0.02786	0.07961	0.06472	0.01349	0.39847	0.06097	0.01533	0.01195	0.00575	0.00490	0.00151	0.00535	0.00479	0.00452	0.00763
23	0.00720	0.00482	0.00549	0.00554	0.00556	0.00483	0.00314	0.00727	0.00735	0.00981	0.01611	0.06207	0.01858	0.78094	0.03797	0.00478	0.00490	0.00748	0.00307	0.00308
24	0.00589	0.00505	0.00505	0.00505	0.00673	0.00421	0.00379	0.00715	0.01136	0.01347	0.05049	0.04797	0.79171	0.01262	0.00589	0.00168	0.00252	0.01052	0.00463	0.00421
25	0.01585	0.41292	0.04474	0.01048	0.01434	0.22179	0.00933	0.18629	0.01414	0.01637	0.00832	0.00922	0.00686	0.00489	0.00398	0.00123	0.00638	0.00324	0.00288	0.00673
26	0.40129	0.01200	0.01149	0.00923	0.01281	0.01351	0.00762	0.43052	0.01664	0.02730	0.00968	0.01021	0.00708	0.00537	0.00412	0.00152	0.00474	0.00367	0.00412	0.00708
27	0.00630	0.00457	0.00616	0.04234	0.00830	0.00441	0.00492	0.00722	0.00940	0.01251	0.02583	0.73085	0.03077	0.07168	0.00763	0.00220	0.00319	0.01326	0.00441	0.00404
28	0.01000	0.02578	0.79900	0.01421	0.02157	0.01158	0.01842	0.01579	0.01052	0.01579	0.00895	0.01052	0.00631	0.00474	0.00474	0.00158	0.00737	0.00368	0.00210	0.00737
29	0.01215	0.01175	0.02029	0.06805	0.71040	0.01190	0.04821	0.01515	0.01124	0.01603	0.00933	0.01241	0.00780	0.00453	0.00517	0.00151	0.01945	0.00450	0.00245	0.00769
30	0.01151	0.01100	0.01875	0.25054	0.58021	0.01163	0.01489	0.01458	0.01096	0.01529	0.00923	0.01260	0.00754	0.00459	0.00495	0.00153	0.00612	0.00444	0.00240	0.00723
31	0.05382	0.00912	0.01456	0.73584	0.03222	0.01127	0.01321	0.04651	0.01048	0.01406	0.00890	0.01296	0.00666	0.00501	0.00489	0.00165	0.00645	0.00434	0.00238	0.00566
32	0.00712	0.00534	0.00801	0.00801	0.00890	0.00623	0.00623	0.00890	0.00801	0.01157	0.01335	0.01958	0.01246	0.03738	0.80507	0.00801	0.01335	0.00534	0.00267	0.00445
33	0.01129	0.01770	0.37642	0.01203	0.01695	0.01202	0.01277	0.02153	0.42585	0.01850	0.01503	0.01485	0.01109	0.00582	0.00492	0.00164	0.00553	0.00473	0.00370	0.00765
34	0.01038	0.11715	0.71096	0.01356	0.02057	0.01250	0.01729	0.01569	0.01048	0.01532	0.00872	0.01024	0.00632	0.00468	0.00456	0.00152	0.00713	0.00357	0.00211	0.00726
35	0.86003	0.00964	0.00733	0.00655	0.00964	0.01118	0.00540	0.01465	0.00848	0.02236	0.00694	0.00810	0.00540	0.00463	0.00308	0.00154	0.00386	0.00270	0.00308	0.00540
36	0.00866	0.00433	0.00649	0.00649	0.00649	0.00433	0.00433	0.00649	0.00649	0.00866	0.00866	0.01515	0.00866	0.01732	0.01948	0.85498	0.00433	0.00433	0.00216	0.00216
37	0.01079	0.00885	0.01038	0.00744	0.01185	0.00667	0.00596	0.01300	0.01049	0.04594	0.00927	0.01059	0.00757	0.00379	0.00374	0.00077	0.00371	0.00303	0.00308	0.82309
38	0.01012	0.02506	0.75873	0.01505	0.06150	0.01159	0.01825	0.01576	0.01057	0.01581	0.00897	0.01062	0.00640	0.00472	0.00475	0.00157	0.00729	0.00372	0.00212	0.00739
39	0.01333	0.82783	0.02612	0.00853	0.01279	0.01972	0.00853	0.01493	0.01013	0.01173	0.00693	0.00800	0.00640	0.00426	0.00320	0.00107	0.00533	0.00267	0.00213	0.00640
40	0.00962	0.00907	0.01532	0.75788	0.08769	0.01113	0.01394	0.01292	0.01006	0.01298	0.00890	0.01322	0.00673	0.00495	0.00498	0.00165	0.00659	0.00443	0.00223	0.00570
41	0.00866	0.00433	0.00649	0.00649	0.00649	0.00433	0.00433	0.00649	0.00649	0.00866	0.00866	0.01515	0.00866	0.01732	0.01948	0.85498	0.00433	0.00433	0.00216	0.00216
42	0.01085	0.01838	0.35595	0.07343	0.02472	0.01206	0.40013	0.01566	0.01111	0.01566	0.00951	0.01219	0.00697	0.00448	0.00533	0.00164	0.00784	0.00484	0.00232	0.00691
43	0.01000	0.02578	0.79900	0.01421	0.02157	0.01158	0.01842	0.01579	0.01052	0.01579	0.00895	0.01052	0.00631	0.00474	0.00474	0.00158	0.00737	0.00368	0.00210	0.00737
44	0.01000	0.02578	0.79900	0.01421	0.02157	0.01158	0.01842	0.01579	0.01052	0.01579	0.00895	0.01052	0.00631	0.00474	0.00474	0.00158	0.00737	0.00368	0.00210	0.00737
45	0.00788	0.00569	0.00782	0.00889	0.01008	0.00563	0.00774	0.01011	0.01147	0.01482	0.02808	0.05565	0.08199	0.01369	0.00682	0.00225	0.00445	0.70781	0.00459	0.00456
46	0.01620	0.35754	0.16764	0.00974	0.01444	0.01337	0.00995	0.01872	0.01181	0.31694	0.01225	0.01195	0.00868	0.00509	0.00419	0.00135	0.00530	0.00377	0.00369	0.00739
47	0.01234	0.01184	0.02023	0.03059	0.79373	0.01184	0.01530	0.01530	0.01135	0.01628	0.00938	0.01234	0.00790	0.00444	0.00493	0.00148	0.00592	0.00444	0.00247	0.00790
48	0.01091	0.01091	0.01527	0.01309	0.01309	0.01527	0.01091	0.01200	0.00763	0.01200	0.00654	0.01091	0.00654	0.00872	0.01636	0.00218	0.81570	0.00436	0.00218	0.00545
49	0.01034	0.00886	0.01034	0.00738	0.01181	0.00664	0.00591	0.01255	0.01034	0.01624	0.00886	0.01034	0.00738	0.00369	0.00369	0.00074	0.00369	0.00295	0.00295	0.85530
50	0.00725	0.00483	0.00544	0.00544	0.00544	0.00483	0.00302	0.00725	0.00725	0.00966	0.01571	0.03262	0.01812	0.82483	0.02537	0.00483	0.00483	0.00725	0.00302	0.00302
51	0.00725	0.00483	0.00544	0.00544	0.00544	0.00483	0.00302	0.00725	0.00725	0.00966	0.01571	0.03262	0.01812	0.82483	0.02537	0.00483	0.00483	0.00725	0.00302	0.00302
52	0.00832	0.00607	0.00825	0.00924	0.01050	0.00618	0.00802	0.01141	0.06319	0.01531	0.02598	0.05371	0.02779	0.01330	0.00676	0.00225	0.00455	0.70972	0.00462	0.00481
53	0.01208	0.01193	0.02036	0.11034	0.56382	0.02769	0.11390	0.01570	0.04539	0.01599	0.00986	0.01279	0.00801	0.00458	0.00506	0.00153	0.00630	0.00466	0.00256	0.00745
54	0.01158	0.01216	0.05859	0.27305	0.48231	0.04676	0.01475	0.01473	0.01100	0.01497	0.00912	0.01239	0.00736	0.00466	0.00492	0.00153	0.00636	0.00434	0.00237	0.00704
55	0.01901	0.01040	0.04213	0.00960	0.01342	0.00956	0.00809	0.19092	0.07997	0.45909	0.01735	0.04837	0.01207	0.00638	0.00499	0.00152	0.00453	0.00517	0.00543	0.05200
56	0.01034	0.00886	0.01034	0.00738	0.01181	0.00664	0.00591	0.01255	0.01034	0.01624	0.00886	0.01034	0.00738	0.00369	0.00369	0.00074	0.00369	0.00295	0.00295	0.85530
57	0.01094	0.01934	0.40199	0.01821	0.06358	0.01207	0.36926	0.01584	0.01114	0.01590	0.00950	0.01197	0.00697	0.00447	0.00528	0.00162	0.00777	0.00474	0.00232	0.00710
58	0.01023	0.00879	0.01054	0.00759	0.01190	0.00668	0.02034	0.01249	0.01052	0.01639	0.04094	0.01150	0.00901	0.00397	0.00382	0.00079	0.00373	0.00326	0.00305	0.80448
59	0.86003	0.00964	0.00733	0.00655	0.00964	0.01118	0.00540	0.01465	0.00848	0.02236	0.00694	0.00810	0.00540	0.00463	0.00308	0.00154	0.00386	0.00270	0.00308	0.00540
60	0.01188	0.46927	0.35427	0.01122	0.01681	0.01611	0.02977	0.01531	0.01033	0.01354	0.00786	0.00919	0.00639	0.00446	0.00391	0.00130	0.00626	0.00317	0.00213	0.00682
61	0.01188	0.28190	0.44114	0.01258	0.03523	0.01391	0.04536	0.01590	0.01067	0.05724	0.00894	0.01022	0.00678	0.00461	0.00428	0.00140	0.00647	0.00352	0.00238	0.02560
62	0.00669	0.00484	0.00633	0.00655	0.00743	0.00448	0.00474	0.00847	0.01229	0.01699	0.46675	0.31786	0.06994	0.01233	0.00608	0.00176	0.00262	0.03426	0.00512	0.00445
63	0.01371	0.04541	0.01561	0.01236	0.01387	0.01551	0.01033	0.26910	0.01304	0.01851	0.00838	0.01114	0.00719	0.00762	0.01200	0.00191	0.51036	0.00433	0.00312	0.00651
64	0.01034	0.00886	0.01034	0.00738	0.01181	0.00664	0.00591	0.01255	0.01034	0.01624	0.00886	0.01034	0.00738	0.00369	0.00369	0.00074	0.00369	0.00295	0.00295	0.85530
65	0.00729	0.00521	0.00718	0.00834	0.00916	0.00510	0.00675	0.00905	0.01075	0.01409	0.02680	0.34465	0.03030	0.01447	0.00669	0.00219	0.00395	0.47905	0.00460	0.00439
66	0.00725	0.00504	0.00643	0.00705	0.00755	0.00496	0.00512	0.00830	0.00945	0.01252	0.05363	0.21231	0.02608	0.34306	0.01423	0.00324	0.00423	0.26172	0.00400	0.00384
67	0.01022	0.02403	0.71893	0.01452	0.05488	0.01124	0.01753	0.01567	0.01077	0.03062	0.03976	0.01177	0.00809	0.00496	0.00479	0.00157	0.00705	0.00395	0.00233	0.00731
68	0.86003	0.00964	0.00733	0.00655	0.00964	0.01118	0.00540	0.01465	0.00848	0.02236	0.00694	0.00810	0.00540	0.00463	0.00308	0.00154	0.00386	0.00270	0.00308	0.00540
69	0.00614	0.00443	0.00584	0.00693	0.00733	0.00413	0.00472	0.00709	0.00972	0.01285	0.02862	0.75021	0.07203	0.01539	0.00636	0.00202	0.00294	0.04455	0.00463	0.00408
70	0.01221	0.01324	0.02867	0.02050	0.02549	0.01238	0.74352	0.01631	0.01187	0.04862	0.01048	0.01359	0.00776	0.00428	0.00585	0.00167	0.00823	0.00585	0.00267	0.00680
71	0.01217	0.01296	0.02502	0.02507	0.36510	0.02937	0.42306	0.01576	0.01163	0.01603	0.00972	0.01286	0.00769	0.00433	0.00543	0.00158	0.00732	0.00519	0.00250	0.00722
72	0.00607	0.00434	0.00578	0.00694	0.00723	0.00405	0.00463	0.00694	0.00954	0.01272	0.02747	0.82157	0.03297	0.01562	0.00636	0.00202	0.00289	0.01417	0.00463	0.00405
73	0.01234	0.01184	0.02023	0.03059	0.79373	0.01184	0.01530	0.01530	0.01135	0.01628	0.00938	0.01234	0.00790	0.00444	0.00493	0.00148	0.00592	0.00444	0.00247	0.00790
74	0.00713	0.00529	0.00773	0.00773	0.00853	0.00608	0.00588	0.00872	0.00793	0.01137	0.01361	0.02099	0.01307	0.12234	0.72095	0.00767	0.01243	0.00555	0.00271	0.00430
75	0.01333	0.82783	0.02612	0.00853	0.01279	0.01972	0.00853	0.01493	0.01013	0.01173	0.00693	0.00800	0.00640	0.00426	0.00320	0.00107	0.00533	0.00267	0.00213	0.00640
76	0.01034	0.00886	0.01034	0.00738	0.01181	0.00664	0.00591	0.01255	0.01034	0.01624	0.00886	0.01034	0.00738	0.00369	0.00369	0.00074	0.00369	0.00295	0.00295	0.85530
77	0.00985	0.02133	0.58257	0.01451	0.02070	0.01090	0.14192	0.01482	0.01062	0.01547	0.01122	0.10235	0.00952	0.00587	0.00511	0.00165	0.00703	0.00523	0.00246	0.00689
78	0.01012	0.05628	0.76961	0.01399	0.02124	0.01189	0.01804	0.01575	0.01051	0.01563	0.00887	0.01043	0.00632	0.00472	0.00468	0.00156	0.00729	0.00364	0.00211	0.00733
79	0.01862	0.02376	0.01413	0.01284	0.01541	0.80482	0.00963	0.01990	0.01413	0.01220	0.00770	0.00899	0.00642	0.00514	0.00449	0.00128	0.00899	0.00321	0.00257	0.00578
80	0.01240	0.01071	0.01127	0.01014	0.01296	0.01240	0.00789	0.02649	0.78473	0.02085	0.02029	0.01860	0.01522	0.00676	0.00507	0.00169	0.00394	0.00564	0.00507	0.00789
81	0.01233	0.01224	0.18903	0.17809	0.06368	0.00889	0.02253	0.01546	0.01115	0.18162	0.01327	0.08932	0.01069	0.00598	0.00482	0.00148	0.00532	0.00511	0.03593	0.13305
82	0.01142	0.22188	0.34756	0.01507	0.02089	0.01396	0.27028	0.01563	0.01084	0.01483	0.00882	0.01087	0.00675	0.00444	0.00474	0.00148	0.00721	0.00417	0.00225	0.00691
83	0.01022	0.07954	0.74720	0.01383	0.02098	0.01212	0.01775	0.01573	0.01050	0.01551	0.00881	0.01035	0.00632	0.00470	0.00463	0.00154	0.00723	0.00362	0.00211	0.00730
84	0.00607	0.00434	0.00578	0.00694	0.00723	0.00405	0.00463	0.00694	0.00954	0.01272	0.02747	0.82157	0.03297	0.01562	0.00636	0.00202	0.00289	0.01417	0.00463	0.00405
85	0.02236	0.00848	0.01157	0.00887	0.01272	0.00733	0.00733	0.02429	0.01427	0.79719	0.01966	0.01697	0.01234	0.00617	0.00501	0.00154	0.00424	0.00501	0.00617	0.00848
86	0.00960	0.23492	0.18725	0.00906	0.01216	0.01015	0.00886	0.01180	0.01011	0.04527	0.01742	0.38606	0.01894	0.00971	0.00508	0.00164	0.00461	0.00832	0.00345	0.00561
87	0.01644	0.01721	0.01370	0.01359	0.09841	0.41167	0.00952	0.02176	0.24213	0.08690	0.01271	0.01292	0.00973	0.00564	0.00476	0.00145	0.00673	0.00423	0.00363	0.00688
88	0.00712	0.00534	0.00801	0.00801	0.00890	0.00623	0.00623	0.00890	0.00801	0.01157	0.01335	0.01958	0.01246	0.03738	0.80507	0.00801	0.01335	0.00534	0.00267	0.00445
89	0.01234	0.01184	0.02023	0.03059	0.79373	0.01184	0.01530	0.01530	0.01135	0.01628	0.00938	0.01234	0.00790	0.00444	0.00493	0.00148	0.00592	0.00444	0.00247	0.00790
90	0.01065	0.07617	0.70976	0.01378	0.02070	0.05311	0.01734	0.01594	0.01068	0.01534	0.00875	0.01029	0.00632	0.00473	0.00463	0.00153	0.00732	0.00359	0.00213	0.00722
91	0.01333	0.82783	0.02612	0.00853	0.01279	0.01972	0.00853	0.01493	0.01013	0.01173	0.00693	0.00800	0.00640	0.00426	0.00320	0.00107	0.00533	0.00267	0.00213	0.00640
92	0.86003	0.00964	0.00733	0.00655	0.00964	0.01118	0.00540	0.01465	0.00848	0.02236	0.00694	0.00810	0.00540	0.00463	0.00308	0.00154	0.00386	0.00270	0.00308	0.00540
93	0.01645	0.01969	0.01606	0.03587	0.26026	0.53846	0.01150	0.01830	0.01316	0.01349	0.00825	0.01013	0.00689	0.00491	0.00464	0.00135	0.00797	0.00362	0.00253	0.00644
94	0.00730	0.00487	0.00576	0.00576	0.00586	0.00496	0.00342	0.00739	0.00730	0.00983	0.01514	0.03044	0.01709	0.70429	0.10923	0.04263	0.00573	0.00691	0.00294	0.00314
95	0.00793	0.04824	0.00940	0.00831	0.00920	0.00749	0.00654	0.00922	0.00792	0.01130	0.01193	0.01777	0.01123	0.03107	0.61178	0.09853	0.08019	0.00501	0.00255	0.00439
96	0.00795	0.00571	0.00792	0.00902	0.01019	0.00568	0.00787	0.01021	0.01147	0.01486	0.02730	0.05591	0.05739	0.01373	0.00685	0.00227	0.00451	0.73198	0.00459	0.00458
97	0.01214	0.01238	0.02332	0.02737	0.53589	0.01210	0.27067	0.01552	0.01149	0.01618	0.00961	0.01271	0.00778	0.00436	0.00525	0.00155	0.00676	0.00493	0.00249	0.00750
98	0.01099	0.01117	0.01469	0.01266	0.01286	0.04948	0.01048	0.01209	0.00811	0.01208	0.00887	0.01274	0.04714	0.00877	0.01529	0.00212	0.73811	0.00463	0.00232	0.00540
99	0.01150	0.01099	0.01872	0.25394	0.57691	0.01162	0.01488	0.01457	0.01095	0.01527	0.00923	0.01261	0.00754	0.00460	0.00495	0.00153	0.00613	0.00444	0.00240	0.00722
100	0.01231	0.01191	0.02064	0.03017	0.75991	0.01188	0.04880	0.01533	0.01137	0.01627	0.00941	0.01239	0.00788	0.00443	0.00498	0.00149	0.00603	0.00450	0.00247	0.00784
101	0.00722	0.00493	0.00595	0.00595	0.00613	0.00511	0.00366	0.00758	0.00740	0.01005	0.01523	0.03000	0.01699	0.66688	0.18176	0.00547	0.00654	0.00687	0.00295	0.00331
102	0.00941	0.00886	0.01495	0.81285	0.03433	0.01107	0.01384	0.01274	0.00997	0.01274	0.00886	0.01329	0.00664	0.00498	0.00498	0.00166	0.00664	0.00443	0.00221	0.00554
103	0.00779	0.00585	0.00752	0.00830	0.00954	0.00583	0.00686	0.01073	0.07821	0.01488	0.02962	0.16990	0.14176	0.01328	0.00650	0.00211	0.00396	0.46798	0.00464	0.00474
104	0.02222	0.00871	0.01171	0.00897	0.01284	0.00766	0.00741	0.05514	0.01464	0.76581	0.01935	0.01676	0.01218	0.00616	0.00501	0.00154	0.00429	0.00499	0.00612	0.00848
105	0.00661	0.00508	0.00604	0.00580	0.00717	0.00451	0.00435	0.00854	0.01305	0.01747	0.50521	0.04138	0.33450	0.01113	0.00588	0.00161	0.00242	0.00960	0.00516	0.00451
106	0.00711	0.00507	0.00708	0.00754	0.00823	0.00536	0.00568	0.00842	0.00892	0.01224	0.01969	0.21380	0.03755	0.09948	0.34989	0.04245	0.00787	0.13384	0.01564	0.00414
107	0.01891	0.01502	0.01487	0.01162	0.01545	0.10062	0.00949	0.69542	0.02243	0.02934	0.01151	0.01165	0.00825	0.00589	0.00493	0.00147	0.00586	0.00435	0.00473	0.00819
108	0.00718	0.00510	0.00682	0.00682	0.00729	0.00558	0.00474	0.00813	0.00766	0.01069	0.01444	0.02562	0.01508	0.40240	0.44364	0.00654	0.00940	0.00622	0.00283	0.00379
109	0.01313	0.01107	0.01169	0.01029	0.01324	0.01274	0.00807	0.11086	0.69915	0.02204	0.01935	0.01785	0.01446	0.00667	0.00506	0.00167	0.00412	0.00551	0.00506	0.00796
110	0.01000	0.02578	0.79900	0.01421	0.02157	0.01158	0.01842	0.01579	0.01052	0.01579	0.00895	0.01052	0.00631	0.00474	0.00474	0.00158	0.00737	0.00368	0.00210	0.00737
111	0.54098	0.00920	0.00894	0.00744	0.01081	0.00971	0.00613	0.01832	0.01069	0.31748	0.01179	0.01147	0.00804	0.00521	0.00382	0.00154	0.00400	0.00358	0.00426	0.00657
112	0.00600	0.00462	0.00549	0.00619	0.00703	0.00411	0.00429	0.00702	0.01026	0.01302	0.03659	0.51514	0.33351	0.01443	0.00618	0.00189	0.00275	0.01272	0.00463	0.00411
113	0.03989	0.01163	0.01788	0.23353	0.43216	0.05266	0.04264	0.05122	0.01173	0.04541	0.00961	0.01248	0.00759	0.00476	0.00491	0.00153	0.00622	0.00440	0.00269	0.00709
114	0.01295	0.00919	0.01332	0.01075	0.01342	0.00954	0.12960	0.15232	0.07901	0.14216	0.07648	0.01916	0.01434	0.08803	0.18712	0.00334	0.02311	0.00570	0.00407	0.00638
115	0.05349	0.01378	0.01858	0.02642	0.62354	0.14744	0.01386	0.01605	0.01169	0.01587	0.00897	0.01156	0.00753	0.00457	0.00477	0.00145	0.00635	0.00415	0.00251	0.00742
116	0.04160	0.00628	0.00692	0.00648	0.00806	0.00646	0.00493	0.06368	0.09990	0.01969	0.26089	0.08074	0.05280	0.00819	0.00479	0.00146	0.00283	0.00692	0.31213	0.00526
117	0.18222	0.17816	0.34018	0.01076	0.01583	0.01315	0.01187	0.01734	0.13807	0.03376	0.01025	0.01101	0.00775	0.00499	0.00416	0.00149	0.00563	0.00364	0.00288	0.00689
118	0.01596	0.25687	0.05295	0.01371	0.10688	0.43003	0.01036	0.03407	0.01267	0.01312	0.00782	0.00923	0.00663	0.00480	0.00419	0.00126	0.00741	0.00325	0.00246	0.00634

[dist]
# distance from previous block
# <min> <max>
0	1

[block]
# block no. 1 follows, 50 sequences, length 25
# corresponding to MSA columns:
# 843-867
name=unknown_B
#
# <colnr> <probs for GDERKNQSTAVLIFYWHMCP>
#	G	D	E	R	K	N	Q	S	T	A	V	L	I	F	Y	W	H	M	C	P
0	0.01477	0.08515	0.01456	0.00999	0.01391	0.06882	0.07861	0.03800	0.01196	0.21937	0.01148	0.01212	0.00851	0.00490	0.00503	0.00121	0.05240	0.00388	0.00366	0.34166
1	0.01327	0.30256	0.35596	0.01135	0.01684	0.01444	0.01275	0.09369	0.03274	0.08829	0.00984	0.01060	0.00736	0.00488	0.00426	0.00139	0.00608	0.00358	0.00286	0.00726
2	0.00712	0.00528	0.00714	0.00716	0.00819	0.00538	0.00544	0.00942	0.03554	0.01582	0.34442	0.14141	0.05806	0.01973	0.25860	0.00372	0.00609	0.05249	0.00438	0.00461
3	0.01004	0.00979	0.01360	0.06069	0.26531	0.08907	0.06731	0.01209	0.01101	0.01421	0.01934	0.27581	0.08794	0.00915	0.00557	0.00170	0.00514	0.03302	0.00343	0.00578
4	0.04967	0.00904	0.01175	0.00904	0.01288	0.00822	0.00747	0.09517	0.01494	0.69921	0.01852	0.01620	0.01174	0.00610	0.00495	0.00154	0.00435	0.00489	0.00596	0.00838
5	0.00914	0.00760	0.00796	0.00737	0.00916	0.05775	0.00561	0.01376	0.18141	0.03889	0.41006	0.03289	0.17989	0.00948	0.00559	0.00160	0.00321	0.00809	0.00506	0.00547
6	0.00607	0.00434	0.00578	0.00694	0.00723	0.00405	0.00463	0.00694	0.00954	0.01272	0.02747	0.82157	0.03297	0.01562	0.00636	0.00202	0.00289	0.01417	0.00463	0.00405
7	0.00727	0.00552	0.00802	0.00797	0.00870	0.00644	0.00609	0.00880	0.00800	0.01148	0.01398	0.06294	0.01377	0.10670	0.65204	0.00711	0.05211	0.00593	0.00278	0.00435
8	0.01862	0.02376	0.01413	0.01284	0.01541	0.80482	0.00963	0.01990	0.01413	0.01220	0.00770	0.00899	0.00642	0.00514	0.00449	0.00128	0.00899	0.00321	0.00257	0.00578
9	0.01862	0.02376	0.01413	0.01284	0.01541	0.80482	0.00963	0.01990	0.01413	0.01220	0.00770	0.00899	0.00642	0.00514	0.00449	0.00128	0.00899	0.00321	0.00257	0.00578
10	0.00941	0.00886	0.01495	0.81285	0.03433	0.01107	0.01384	0.01274	0.00997	0.01274	0.00886	0.01329	0.00664	0.00498	0.00498	0.00166	0.00664	0.00443	0.00221	0.00554
11	0.01895	0.01396	0.01496	0.01147	0.01546	0.01546	0.00947	0.77711	0.02344	0.03141	0.01197	0.01197	0.00848	0.00598	0.00499	0.00150	0.00548	0.00449	0.00499	0.00848
12	0.02147	0.00828	0.01128	0.00872	0.01242	0.00717	0.00717	0.02342	0.01426	0.75169	0.06482	0.01815	0.01437	0.00640	0.00506	0.00154	0.00413	0.00525	0.00613	0.00826
13	0.02236	0.00848	0.01157	0.00887	0.01272	0.00733	0.00733	0.02429	0.01427	0.79719	0.01966	0.01697	0.01234	0.00617	0.00501	0.00154	0.00424	0.00501	0.00617	0.00848
14	0.01333	0.01507	0.01663	0.01397	0.01535	0.25217	0.10269	0.01485	0.01008	0.01254	0.00732	0.01064	0.00663	0.00710	0.01153	0.00185	0.47603	0.00420	0.00234	0.00570
15	0.00718	0.00512	0.00689	0.00689	0.00740	0.00562	0.00484	0.00818	0.00768	0.01074	0.01437	0.02524	0.01492	0.37911	0.46670	0.00663	0.00965	0.00617	0.00282	0.00383
16	0.00767	0.00523	0.00620	0.00636	0.00669	0.00526	0.00420	0.02776	0.00855	0.01133	0.01798	0.05620	0.02029	0.62581	0.02078	0.00418	0.00475	0.15384	0.00342	0.00349
17	0.00602	0.00454	0.00558	0.00641	0.00709	0.00409	0.00439	0.00700	0.01005	0.01293	0.03388	0.60643	0.24398	0.01478	0.00623	0.00193	0.00279	0.01315	0.00463	0.00409
18	0.01209	0.01182	0.02079	0.02833	0.66144	0.01183	0.10461	0.01507	0.01119	0.01596	0.00956	0.01298	0.00810	0.02676	0.00590	0.00161	0.02724	0.00469	0.00248	0.00756
19	0.01862	0.02376	0.01413	0.01284	0.01541	0.80482	0.00963	0.01990	0.01413	0.01220	0.00770	0.00899	0.00642	0.00514	0.00449	0.00128	0.00899	0.00321	0.00257	0.00578
20	0.00733	0.00558	0.00814	0.00803	0.00879	0.00657	0.00617	0.00890	0.00792	0.01141	0.01322	0.02037	0.01269	0.11043	0.69040	0.00741	0.05413	0.00547	0.00268	0.00437
21	0.00941	0.00886	0.01495	0.81285	0.03433	0.01107	0.01384	0.01274	0.00997	0.01274	0.00886	0.01329	0.00664	0.00498	0.00498	0.00166	0.00664	0.00443	0.00221	0.00554
22	0.01705	0.01288	0.01387	0.01103	0.01463	0.01439	0.00900	0.58748	0.17746	0.02831	0.01373	0.01368	0.01004	0.00766	0.04357	0.00185	0.00555	0.00476	0.00489	0.00816
23	0.01985	0.01108	0.01296	0.00999	0.01381	0.01127	0.00824	0.40250	0.01874	0.37385	0.01728	0.01594	0.04796	0.00639	0.00504	0.00153	0.00478	0.00501	0.00550	0.00827
24	0.00615	0.00454	0.00578	0.00674	0.00732	0.00417	0.00467	0.00716	0.00996	0.01297	0.03135	0.64700	0.16246	0.01500	0.00631	0.00198	0.00292	0.05477	0.00463	0.00411

[dist]
# distance from previous block
# <min> <max>
0	1

[block]
# block no. 2 follows, 50 sequences, length 99
# corresponding to MSA columns:
# 869-939,945-972
name=unknown_C
#
# <colnr> <probs for GDERKNQSTAVLIFYWHMCP>
#	G	D	E	R	K	N	Q	S	T	A	V	L	I	F	Y	W	H	M	C	P
0	0.03065	0.00962	0.01371	0.01103	0.01386	0.01892	0.16394	0.17845	0.06058	0.11660	0.01927	0.18258	0.07403	0.07451	0.00713	0.00194	0.00503	0.00751	0.00431	0.00632
1	0.01301	0.76143	0.02521	0.07374	0.01454	0.01902	0.00896	0.01475	0.01011	0.01181	0.00709	0.00842	0.00642	0.00432	0.00334	0.00111	0.00544	0.00281	0.00214	0.00633
2	0.02125	0.00815	0.01116	0.00868	0.01222	0.00708	0.00708	0.02285	0.01364	0.73325	0.01877	0.01682	0.01204	0.00707	0.00619	0.07074	0.00425	0.00496	0.00584	0.00797
3	0.01118	0.01355	0.09253	0.06838	0.08729	0.01185	0.55663	0.01516	0.01138	0.01559	0.01089	0.06138	0.00894	0.00500	0.00568	0.00167	0.00768	0.00598	0.00259	0.00664
4	0.01050	0.00969	0.01562	0.19319	0.41910	0.01020	0.01242	0.01391	0.06070	0.01522	0.01494	0.10123	0.05673	0.00674	0.00524	0.00164	0.00538	0.03788	0.00302	0.00663
5	0.02209	0.00893	0.01184	0.00908	0.01295	0.00799	0.00750	0.08533	0.01501	0.73510	0.01904	0.01656	0.01203	0.00615	0.00501	0.00154	0.00434	0.00497	0.00607	0.00848
6	0.00610	0.00451	0.00570	0.00655	0.00715	0.00412	0.00448	0.00712	0.01014	0.01328	0.07598	0.63275	0.17441	0.01475	0.00625	0.00193	0.00279	0.01319	0.00468	0.00412
7	0.01039	0.01752	0.40385	0.06042	0.08560	0.01061	0.09110	0.06298	0.01088	0.01549	0.01060	0.01553	0.00903	0.16441	0.00892	0.00221	0.00669	0.00476	0.00255	0.00647
8	0.00756	0.00601	0.00823	0.00907	0.05575	0.01585	0.00611	0.00869	0.00870	0.01202	0.01817	0.32532	0.02031	0.15828	0.23569	0.00416	0.08345	0.00885	0.00341	0.00437
9	0.01383	0.01467	0.01878	0.02639	0.60926	0.19979	0.01395	0.01639	0.01201	0.01532	0.00898	0.01154	0.00755	0.00461	0.00483	0.00143	0.00665	0.00415	0.00249	0.00739
10	0.01118	0.00954	0.04506	0.00887	0.04521	0.00723	0.00697	0.02554	0.02745	0.07185	0.01108	0.06030	0.00945	0.00477	0.00410	0.00097	0.00397	0.00396	0.00330	0.63920
11	0.03147	0.66561	0.08542	0.02621	0.01408	0.08152	0.00944	0.01534	0.01044	0.01233	0.00719	0.00839	0.00638	0.00439	0.00346	0.00115	0.00578	0.00283	0.00219	0.00638
12	0.00712	0.00534	0.00801	0.00801	0.00890	0.00623	0.00623	0.00890	0.00801	0.01157	0.01335	0.01958	0.01246	0.03738	0.80507	0.00801	0.01335	0.00534	0.00267	0.00445
13	0.01399	0.19434	0.14351	0.01101	0.04513	0.02155	0.00993	0.06604	0.24612	0.14071	0.03028	0.03265	0.01162	0.00590	0.00462	0.00149	0.00503	0.00468	0.00397	0.00743
14	0.01234	0.01184	0.02023	0.03059	0.79373	0.01184	0.01530	0.01530	0.01135	0.01628	0.00938	0.01234	0.00790	0.00444	0.00493	0.00148	0.00592	0.00444	0.00247	0.00790
15	0.02200	0.00877	0.01172	0.00898	0.01285	0.00773	0.00741	0.06220	0.01467	0.74620	0.01911	0.01661	0.01207	0.00612	0.00499	0.00153	0.00430	0.00495	0.00606	0.02175
16	0.01074	0.00906	0.01487	0.54940	0.14132	0.01060	0.01282	0.01365	0.01040	0.07683	0.01092	0.06543	0.00898	0.00583	0.00552	0.00167	0.03813	0.00510	0.00273	0.00602
17	0.00829	0.00468	0.00639	0.00630	0.00666	0.00458	0.00427	0.02086	0.00794	0.01045	0.06200	0.02197	0.11005	0.08156	0.01716	0.61161	0.00404	0.00563	0.00280	0.00276
18	0.00941	0.00886	0.01495	0.81285	0.03433	0.01107	0.01384	0.01274	0.00997	0.01274	0.00886	0.01329	0.00664	0.00498	0.00498	0.00166	0.00664	0.00443	0.00221	0.00554
19	0.01834	0.00811	0.01044	0.00838	0.01164	0.00730	0.00678	0.08465	0.01423	0.55330	0.02405	0.09009	0.12424	0.00788	0.00525	0.00160	0.00399	0.00654	0.00572	0.00750
20	0.01980	0.00787	0.01070	0.00851	0.01185	0.00685	0.00690	0.02167	0.01385	0.67079	0.07887	0.08766	0.01674	0.00729	0.00519	0.00159	0.00398	0.00610	0.00598	0.00781
21	0.01169	0.01297	0.02738	0.07023	0.12293	0.01242	0.63398	0.01569	0.01160	0.01581	0.00992	0.01330	0.00755	0.00428	0.00571	0.00165	0.00799	0.00561	0.00250	0.00680
22	0.00976	0.00510	0.00515	0.00498	0.00628	0.00517	0.00378	0.04905	0.01109	0.01921	0.01605	0.01826	0.01257	0.00582	0.00356	0.00118	0.00248	0.00464	0.81105	0.00483
23	0.02030	0.00951	0.01197	0.01010	0.04679	0.04185	0.00779	0.08374	0.03036	0.60434	0.01857	0.06485	0.01289	0.00662	0.00507	0.00156	0.00453	0.00544	0.00564	0.00806
24	0.05242	0.03305	0.04164	0.00914	0.01097	0.00980	0.00748	0.19708	0.01222	0.01722	0.01436	0.08974	0.01423	0.15368	0.16298	0.00349	0.09070	0.07072	0.00356	0.00549
25	0.01296	0.01584	0.31322	0.01331	0.06129	0.02491	0.04654	0.01632	0.01098	0.18981	0.02824	0.03478	0.02095	0.00751	0.03841	0.00193	0.14796	0.00478	0.00327	0.00695
26	0.00659	0.00483	0.00627	0.00727	0.00780	0.00467	0.00507	0.00834	0.05438	0.01338	0.02742	0.69806	0.04652	0.01490	0.00632	0.00202	0.00308	0.07409	0.00465	0.00432
27	0.02934	0.31757	0.14517	0.01725	0.23843	0.06467	0.09182	0.01558	0.01093	0.01434	0.00832	0.01026	0.00691	0.00444	0.00429	0.00135	0.00634	0.00370	0.00231	0.00695
28	0.01160	0.01156	0.01761	0.36171	0.39808	0.07582	0.02372	0.01459	0.01099	0.01444	0.00903	0.01248	0.00724	0.00473	0.00493	0.00154	0.00651	0.00435	0.00237	0.00671
29	0.00721	0.00500	0.00627	0.00627	0.00656	0.00529	0.00406	0.00779	0.00750	0.01028	0.01494	0.02838	0.01628	0.56881	0.27887	0.00587	0.00760	0.00663	0.00291	0.00349
30	0.01220	0.52262	0.27218	0.01168	0.06295	0.01665	0.01209	0.01522	0.01033	0.01330	0.00772	0.00906	0.00646	0.00443	0.00379	0.00125	0.00602	0.00310	0.00214	0.00680
31	0.00746	0.00980	0.18760	0.00901	0.01134	0.00629	0.04002	0.00998	0.01106	0.01547	0.22398	0.39621	0.02955	0.01123	0.00584	0.00179	0.00400	0.01008	0.00419	0.00509
32	0.00989	0.00492	0.00524	0.00504	0.00637	0.00481	0.00382	0.01219	0.01100	0.06592	0.08307	0.02009	0.01569	0.00621	0.00378	0.00122	0.00244	0.00504	0.72837	0.00488
33	0.01097	0.00753	0.00844	0.00754	0.00970	0.00777	0.00586	0.06205	0.23907	0.09517	0.21540	0.02723	0.14253	0.00828	0.00516	0.00156	0.00321	0.00696	0.12944	0.00614
34	0.01131	0.06712	0.31276	0.01942	0.15919	0.01252	0.31423	0.01572	0.01113	0.01570	0.00935	0.01184	0.00709	0.00445	0.00513	0.00157	0.00739	0.00462	0.00233	0.00715
35	0.00717	0.00653	0.05511	0.00819	0.00903	0.00589	0.00649	0.00854	0.00962	0.01301	0.02380	0.49632	0.04102	0.07253	0.00864	0.00225	0.07879	0.13854	0.00413	0.00440
36	0.00963	0.00486	0.00516	0.00500	0.00628	0.00477	0.00378	0.01194	0.01100	0.05269	0.09621	0.02043	0.01628	0.00627	0.00380	0.00122	0.00241	0.00511	0.72835	0.00482
37	0.01253	0.31427	0.36380	0.01226	0.01782	0.06059	0.05953	0.07745	0.01171	0.01539	0.00846	0.00981	0.00660	0.00466	0.00426	0.00138	0.00663	0.00349	0.00240	0.00697
38	0.01123	0.05519	0.47148	0.01504	0.08243	0.01208	0.08403	0.01786	0.14982	0.03622	0.01130	0.01244	0.00831	0.00504	0.00486	0.00158	0.00656	0.00428	0.00281	0.00743
39	0.00632	0.00485	0.00576	0.00608	0.00702	0.00452	0.00428	0.00742	0.01000	0.01281	0.06763	0.27042	0.33817	0.12055	0.10818	0.00297	0.00427	0.01047	0.00422	0.00406
40	0.00658	0.00487	0.00621	0.00716	0.00768	0.00473	0.00487	0.00853	0.07243	0.01340	0.02739	0.73979	0.04789	0.01483	0.00625	0.00199	0.00297	0.01340	0.00466	0.00436
41	0.01235	0.05195	0.37344	0.05466	0.07182	0.01187	0.17065	0.04709	0.04545	0.09685	0.01084	0.01234	0.00779	0.00488	0.00498	0.00157	0.00682	0.00443	0.00288	0.00732
42	0.04435	0.05949	0.04739	0.21302	0.05638	0.02756	0.07180	0.04676	0.03106	0.03935	0.16237	0.03228	0.01585	0.00653	0.00594	0.00160	0.07469	0.00544	0.05224	0.00590
43	0.01331	0.65086	0.04584	0.00891	0.01274	0.10292	0.00849	0.01486	0.01034	0.01173	0.00778	0.01017	0.00735	0.07090	0.00518	0.00141	0.00574	0.00313	0.00225	0.00608
44	0.09774	0.00999	0.06957	0.01966	0.01212	0.00816	0.00707	0.10407	0.01242	0.04715	0.11315	0.02652	0.07244	0.00590	0.00441	0.00121	0.00399	0.00475	0.00372	0.37596
45	0.04763	0.26838	0.01766	0.01064	0.01416	0.10582	0.07044	0.03646	0.29906	0.06186	0.01308	0.01310	0.01012	0.00545	0.00440	0.00143	0.00537	0.00427	0.00364	0.00703
46	0.01599	0.05536	0.04602	0.01277	0.01492	0.52816	0.01027	0.01741	0.01207	0.01227	0.00741	0.00952	0.00645	0.00604	0.00762	0.00153	0.22448	0.00351	0.00243	0.00578
47	0.04981	0.07874	0.04157	0.02055	0.38027	0.05239	0.07775	0.08471	0.03901	0.09393	0.02711	0.01284	0.00908	0.00496	0.00481	0.00148	0.00585	0.00446	0.00320	0.00749
48	0.03085	0.10738	0.35613	0.01390	0.08081	0.02611	0.07307	0.03586	0.01166	0.14083	0.01888	0.01384	0.00893	0.00531	0.00477	0.00152	0.00627	0.03686	0.00308	0.02391
49	0.01792	0.00758	0.00996	0.00809	0.01122	0.00661	0.00650	0.03205	0.01345	0.57508	0.02541	0.10484	0.14243	0.00820	0.00530	0.00161	0.00384	0.00685	0.00574	0.00732
50	0.00888	0.00841	0.01155	0.09950	0.16499	0.05848	0.05520	0.01086	0.01114	0.01426	0.07714	0.20567	0.22532	0.00967	0.00574	0.00169	0.01385	0.00857	0.00371	0.00534
51	0.01349	0.26775	0.36781	0.01211	0.04767	0.03045	0.01301	0.01720	0.01955	0.15157	0.01032	0.01100	0.00756	0.00486	0.00432	0.00141	0.00614	0.00365	0.00288	0.00726
52	0.00622	0.00452	0.00591	0.00697	0.00745	0.00421	0.00485	0.00725	0.00986	0.01297	0.02936	0.68977	0.09782	0.01520	0.00637	0.00202	0.00301	0.07752	0.00462	0.00411
53	0.00846	0.00763	0.01276	0.27055	0.08193	0.00832	0.08814	0.01064	0.00997	0.01332	0.01730	0.37664	0.01867	0.00980	0.00619	0.00183	0.04037	0.00896	0.00335	0.00518
54	0.01285	0.01145	0.01893	0.02504	0.54804	0.01217	0.04389	0.01541	0.01088	0.07875	0.00969	0.01248	0.00798	0.00541	0.00720	0.00163	0.16354	0.00453	0.00271	0.00742
55	0.01378	0.02573	0.06168	0.05753	0.37041	0.06365	0.01233	0.16189	0.05714	0.05220	0.03117	0.04839	0.01041	0.00566	0.00498	0.00152	0.00574	0.00493	0.00339	0.00748
56	0.01648	0.01428	0.01084	0.00958	0.01207	0.35693	0.00736	0.01896	0.05929	0.19323	0.03627	0.01455	0.01104	0.00578	0.00444	0.00135	0.00578	0.00429	0.21127	0.00621
57	0.01008	0.00864	0.01293	0.08164	0.31328	0.00884	0.00997	0.06150	0.04439	0.01622	0.03847	0.20355	0.08650	0.00858	0.00541	0.00167	0.00458	0.04035	0.03723	0.00618
58	0.01433	0.01082	0.12255	0.01097	0.05806	0.00872	0.00933	0.04571	0.12997	0.27859	0.01857	0.03926	0.01546	0.06035	0.00668	0.00193	0.00486	0.15220	0.00463	0.00701
59	0.01132	0.01176	0.06811	0.26093	0.45443	0.01164	0.01446	0.01547	0.07359	0.01557	0.01008	0.01301	0.00801	0.00481	0.00495	0.00156	0.00607	0.00449	0.00258	0.00716
60	0.01209	0.01257	0.06468	0.02823	0.68597	0.01211	0.01512	0.01506	0.01100	0.01591	0.00912	0.01212	0.00769	0.00481	0.00585	0.00154	0.07166	0.00439	0.00242	0.00767
61	0.01228	0.00711	0.00963	0.00882	0.01085	0.00687	0.04220	0.02777	0.11909	0.24119	0.02334	0.36012	0.03137	0.01079	0.00578	0.00183	0.00385	0.06596	0.00504	0.00610
62	0.01140	0.07873	0.43379	0.01227	0.03659	0.01122	0.01338	0.01748	0.14870	0.08284	0.02493	0.08329	0.01138	0.00620	0.00487	0.00159	0.00584	0.00508	0.00326	0.00717
63	0.01009	0.01046	0.07812	0.09667	0.13510	0.00941	0.13839	0.01462	0.12513	0.03891	0.05736	0.08563	0.15632	0.00761	0.00546	0.00167	0.00515	0.01401	0.00364	0.00627
64	0.01096	0.04487	0.38118	0.01225	0.01687	0.03243	0.06585	0.05818	0.01147	0.06607	0.01423	0.16530	0.01326	0.00756	0.00558	0.00170	0.03073	0.05178	0.00320	0.00653
65	0.00950	0.00898	0.01497	0.76679	0.03311	0.01132	0.01367	0.01269	0.00983	0.01269	0.00873	0.01315	0.00664	0.00520	0.00564	0.00169	0.05324	0.00443	0.00221	0.00553
66	0.01494	0.41345	0.02024	0.01079	0.01413	0.32842	0.03925	0.01652	0.01160	0.01208	0.00772	0.00933	0.00680	0.00661	0.05028	0.00160	0.02465	0.00320	0.00235	0.00603
67	0.01245	0.01821	0.35861	0.01592	0.05403	0.01222	0.21757	0.09403	0.02880	0.07152	0.01041	0.01217	0.00756	0.00511	0.00585	0.00163	0.05918	0.00456	0.00288	0.00730
68	0.00941	0.00886	0.01495	0.81285	0.03433	0.01107	0.01384	0.01274	0.00997	0.01274	0.00886	0.01329	0.00664	0.00498	0.00498	0.00166	0.00664	0.00443	0.00221	0.00554
69	0.01217	0.01167	0.01993	0.07565	0.75000	0.01180	0.01521	0.01515	0.01127	0.01608	0.00935	0.01239	0.00782	0.00447	0.00494	0.00149	0.00596	0.00444	0.00245	0.00776
70	0.01212	0.02062	0.45787	0.07836	0.02045	0.12712	0.06387	0.01636	0.01137	0.07780	0.01083	0.04438	0.00849	0.00553	0.00493	0.00158	0.00712	0.02165	0.00269	0.00684
71	0.01668	0.00955	0.03788	0.01159	0.01522	0.00831	0.18229	0.03503	0.01302	0.43976	0.01836	0.12713	0.01451	0.00729	0.00547	0.00167	0.00514	0.03891	0.00492	0.00728
72	0.01421	0.00867	0.01347	0.15474	0.01754	0.00860	0.11206	0.01767	0.07490	0.30232	0.01966	0.04465	0.06406	0.00751	0.00550	0.00173	0.00512	0.11638	0.00451	0.00671
73	0.01069	0.08155	0.27295	0.06178	0.08954	0.01125	0.21726	0.01446	0.01083	0.03786	0.01222	0.13375	0.01101	0.00622	0.00520	0.00163	0.00654	0.00592	0.00276	0.00659
74	0.01342	0.01664	0.35343	0.01380	0.09892	0.01027	0.04321	0.08091	0.02152	0.18974	0.03482	0.01617	0.07285	0.00590	0.00501	0.00157	0.00585	0.00492	0.00362	0.00742
75	0.01123	0.01071	0.01823	0.32646	0.50651	0.01155	0.01475	0.01433	0.01083	0.01494	0.00918	0.01270	0.00742	0.00465	0.00495	0.00155	0.00619	0.00444	0.00237	0.00700
76	0.02848	0.01331	0.16107	0.33513	0.29046	0.01168	0.01476	0.05824	0.01129	0.01579	0.00919	0.01227	0.00709	0.00480	0.00488	0.00157	0.00641	0.00426	0.00246	0.00685
77	0.01132	0.06338	0.01811	0.25536	0.46005	0.02878	0.01370	0.01414	0.01082	0.01466	0.01007	0.05887	0.00885	0.00525	0.00491	0.00153	0.00599	0.00486	0.00250	0.00684
78	0.12673	0.00903	0.05736	0.12819	0.01627	0.00845	0.15863	0.01190	0.02454	0.02644	0.04124	0.26413	0.07316	0.00896	0.00544	0.00177	0.00495	0.02393	0.00356	0.00534
79	0.01288	0.07661	0.21673	0.01424	0.01910	0.02117	0.25873	0.03625	0.10971	0.11806	0.05680	0.01468	0.01101	0.00532	0.00514	0.00158	0.00640	0.00506	0.00341	0.00715
80	0.01143	0.06329	0.15348	0.26521	0.12660	0.02541	0.14785	0.05421	0.07414	0.01583	0.01011	0.01269	0.00768	0.00489	0.00498	0.00158	0.00666	0.00453	0.00266	0.00677
81	0.00786	0.00549	0.00741	0.00710	0.00742	0.00572	0.03475	0.00812	0.02401	0.01057	0.01522	0.13938	0.01700	0.42391	0.04175	0.17897	0.05151	0.00733	0.00304	0.00342
82	0.01168	0.06196	0.12564	0.01665	0.08189	0.04119	0.28776	0.01474	0.01060	0.03742	0.01135	0.01396	0.05237	0.00597	0.00796	0.00172	0.20306	0.00506	0.00259	0.00645
83	0.01128	0.00991	0.01539	0.54373	0.12750	0.02830	0.02898	0.03158	0.07741	0.06192	0.01063	0.01373	0.00794	0.00515	0.00499	0.00162	0.00624	0.00458	0.00281	0.00631
84	0.00772	0.00599	0.00721	0.00777	0.00872	0.00622	0.00547	0.01202	0.21099	0.01484	0.02561	0.61291	0.02835	0.01332	0.00603	0.00194	0.00317	0.01195	0.00474	0.00505
85	0.00814	0.00661	0.00900	0.12625	0.08188	0.00673	0.00701	0.02004	0.06045	0.01687	0.30997	0.09783	0.17446	0.00939	0.00554	0.00162	0.00351	0.00821	0.04129	0.00520
86	0.01423	0.30435	0.12916	0.03028	0.06165	0.07714	0.12277	0.03361	0.04505	0.12143	0.01034	0.01136	0.00789	0.00482	0.00441	0.00138	0.00621	0.00395	0.00298	0.00699
87	0.01668	0.01415	0.26801	0.01086	0.01568	0.00892	0.03336	0.02047	0.04559	0.43998	0.06271	0.01606	0.01246	0.00591	0.00500	0.00157	0.00525	0.00487	0.00465	0.00781
88	0.00606	0.00447	0.00567	0.00662	0.00715	0.00408	0.00449	0.00701	0.00991	0.01295	0.04212	0.68151	0.15965	0.01504	0.00628	0.00196	0.00282	0.01349	0.00464	0.00408
89	0.01066	0.03313	0.27836	0.05135	0.26157	0.01096	0.08418	0.02969	0.03616	0.01627	0.06057	0.01654	0.07724	0.00569	0.00506	0.00156	0.00607	0.00512	0.00284	0.00698
90	0.01191	0.01520	0.16330	0.02027	0.25218	0.07172	0.24040	0.04030	0.02561	0.01602	0.01109	0.07777	0.00956	0.00553	0.00541	0.00160	0.01698	0.00545	0.00273	0.00697
91	0.00966	0.00899	0.01495	0.79199	0.03384	0.01119	0.01373	0.03262	0.01032	0.01322	0.00894	0.01325	0.00669	0.00501	0.00498	0.00166	0.00661	0.00443	0.00229	0.00561
92	0.20528	0.01059	0.03456	0.06302	0.17894	0.01053	0.07301	0.09088	0.01244	0.18025	0.02472	0.02864	0.01040	0.00583	0.00477	0.00160	0.00517	0.04862	0.00380	0.00695
93	0.00791	0.00537	0.00644	0.00601	0.00762	0.00473	0.00457	0.00979	0.01303	0.08420	0.43099	0.03975	0.33947	0.01081	0.00581	0.00161	0.00258	0.00927	0.00521	0.00483
94	0.01221	0.01176	0.02023	0.06134	0.74610	0.01183	0.03264	0.01521	0.01130	0.01614	0.00937	0.01240	0.00784	0.00446	0.00496	0.00149	0.00601	0.00447	0.00246	0.00778
95	0.00725	0.00484	0.00549	0.00549	0.00551	0.00486	0.00309	0.00728	0.00726	0.00971	0.01565	0.03234	0.01800	0.80792	0.04211	0.00490	0.00502	0.00721	0.00301	0.00305
