[name]
unknown

[dist]
# distance from previous block
# <min> <max>
0	0

[block]
# block no. 0 follows, 53 sequences, length 11
# corresponding to MSA columns:
# 0-10
name=unknown_A
#
# <colnr> <probs for GDERKNQSTAVLIFYWHMCP>
#	G	D	E	R	K	N	Q	S	T	A	V	L	I	F	Y	W	H	M	C	P
0	0.00770	0.00550	0.00770	0.00880	0.00990	0.00550	0.00770	0.00990	0.01100	0.01430	0.02531	0.05391	0.02751	0.01320	0.00660	0.00220	0.00440	0.77004	0.00440	0.00440
1	0.86579	0.00924	0.00702	0.00629	0.00924	0.01072	0.00518	0.01405	0.00813	0.02144	0.00666	0.00776	0.00518	0.00444	0.00296	0.00148	0.00370	0.00259	0.00296	0.00518
2	0.00676	0.00489	0.00639	0.00601	0.00714	0.00451	0.00451	0.00902	0.01353	0.01917	0.79969	0.03570	0.04510	0.00977	0.00564	0.00150	0.00225	0.00864	0.00526	0.00451
3	0.01189	0.01027	0.01081	0.00973	0.01243	0.01189	0.00757	0.02540	0.79357	0.01999	0.01945	0.01783	0.01459	0.00648	0.00486	0.00162	0.00378	0.00540	0.00486	0.00757
4	0.00630	0.00487	0.00574	0.00552	0.00686	0.00431	0.00414	0.00812	0.01243	0.01656	0.48652	0.03999	0.35989	0.01074	0.00564	0.00155	0.00232	0.00925	0.00492	0.00431
5	0.00582	0.00416	0.00555	0.00666	0.00693	0.00388	0.00444	0.00666	0.00915	0.01220	0.02634	0.82891	0.03161	0.01497	0.00610	0.00194	0.00277	0.01359	0.00444	0.00388
6	0.00989	0.01025	0.02041	0.01541	0.01884	0.00995	0.49051	0.01389	0.07162	0.01492	0.05076	0.10042	0.01288	0.01032	0.12447	0.00253	0.00759	0.00652	0.00298	0.00585
7	0.01081	0.00922	0.01134	0.00818	0.01241	0.00753	0.04795	0.09003	0.01125	0.01702	0.00886	0.01023	0.00719	0.00379	0.00378	0.00083	0.00396	0.00313	0.00301	0.72949
8	0.00683	0.00512	0.00768	0.00768	0.00853	0.00597	0.00597	0.00853	0.00768	0.01110	0.01280	0.01878	0.01195	0.03585	0.81308	0.00768	0.01280	0.00512	0.00256	0.00427
9	0.00955	0.00867	0.01219	0.00895	0.01288	0.00697	0.13129	0.01184	0.01020	0.01514	0.01338	0.04525	0.08776	0.00492	0.00419	0.00099	0.00413	0.00442	0.00299	0.60430
10	0.00690	0.00529	0.00643	0.00671	0.00777	0.00516	0.00491	0.00982	0.10900	0.01516	0.22240	0.35775	0.15679	0.01204	0.00579	0.00175	0.00281	0.05429	0.00469	0.00456

[dist]
# distance from previous block
# <min> <max>
1	3

[block]
# block no. 1 follows, 53 sequences, length 36
# corresponding to MSA columns:
# 14-49
name=unknown_B
#
# <colnr> <probs for GDERKNQSTAVLIFYWHMCP>
#	G	D	E	R	K	N	Q	S	T	A	V	L	I	F	Y	W	H	M	C	P
0	0.01183	0.01136	0.01940	0.02934	0.80221	0.01136	0.01467	0.01467	0.01088	0.01562	0.00899	0.01183	0.00757	0.00426	0.00473	0.00142	0.00568	0.00426	0.00237	0.00757
1	0.01600	0.01231	0.01312	0.01056	0.01400	0.01381	0.00856	0.52378	0.28849	0.02663	0.01423	0.01367	0.01036	0.00600	0.00481	0.00150	0.00475	0.00468	0.00481	0.00793
2	0.86579	0.00924	0.00702	0.00629	0.00924	0.01072	0.00518	0.01405	0.00813	0.02144	0.00666	0.00776	0.00518	0.00444	0.00296	0.00148	0.00370	0.00259	0.00296	0.00518
3	0.01992	0.00855	0.01119	0.00852	0.01229	0.00751	0.00702	0.07712	0.01389	0.66103	0.01716	0.01521	0.01103	0.00564	0.00466	0.00139	0.00409	0.00455	0.00549	0.10371
4	0.01053	0.01402	0.16449	0.01641	0.02022	0.01223	0.41151	0.01395	0.00991	0.01413	0.00899	0.02614	0.00735	0.00639	0.03274	0.00191	0.21562	0.00501	0.00230	0.00614
5	0.01138	0.00739	0.00848	0.00751	0.00987	0.00741	0.00589	0.01701	0.27336	0.18931	0.14061	0.02875	0.24239	0.00856	0.00522	0.00158	0.00325	0.02084	0.00502	0.00618
6	0.00578	0.00488	0.00502	0.00509	0.00667	0.00413	0.00389	0.00705	0.01090	0.01300	0.04697	0.04649	0.75194	0.01217	0.00571	0.00165	0.00254	0.05762	0.00444	0.00406
7	0.01130	0.46037	0.38665	0.01070	0.01616	0.01530	0.01256	0.01469	0.00989	0.01304	0.00754	0.00879	0.00610	0.00430	0.00375	0.00125	0.00601	0.00301	0.00203	0.00656
8	0.00949	0.10213	0.06794	0.01001	0.01194	0.05720	0.12732	0.01106	0.00869	0.01147	0.01128	0.03190	0.01145	0.31297	0.09462	0.00330	0.10463	0.00538	0.00253	0.00469
9	0.00582	0.00416	0.00555	0.00666	0.00693	0.00388	0.00444	0.00666	0.00915	0.01220	0.02634	0.82891	0.03161	0.01497	0.00610	0.00194	0.00277	0.01359	0.00444	0.00388
10	0.17084	0.00968	0.01145	0.00944	0.01234	0.01033	0.06901	0.21675	0.13867	0.10949	0.07669	0.11618	0.01481	0.00697	0.00476	0.00156	0.00428	0.00583	0.00439	0.00655
11	0.01183	0.01136	0.01940	0.02934	0.80221	0.01136	0.01467	0.01467	0.01088	0.01562	0.00899	0.01183	0.00757	0.00426	0.00473	0.00142	0.00568	0.00426	0.00237	0.00757
12	0.00947	0.00922	0.01430	0.77972	0.03200	0.05113	0.01307	0.01256	0.00976	0.01219	0.00844	0.01253	0.00636	0.00479	0.00475	0.00157	0.00648	0.00419	0.00214	0.00532
13	0.00609	0.00437	0.00579	0.00647	0.00699	0.00406	0.00446	0.00733	0.01039	0.01418	0.24564	0.60398	0.03544	0.01350	0.00597	0.00182	0.00263	0.01219	0.00467	0.00406
14	0.00626	0.00457	0.00593	0.00672	0.00724	0.00437	0.00460	0.00793	0.04937	0.01356	0.13347	0.67771	0.03263	0.01382	0.00597	0.00186	0.00275	0.01249	0.00457	0.00416
15	0.02063	0.00978	0.01186	0.00916	0.01284	0.04000	0.00753	0.17995	0.01548	0.61524	0.01689	0.01499	0.01085	0.00584	0.00478	0.00146	0.00449	0.00464	0.00555	0.00803
16	0.00603	0.00431	0.00579	0.00690	0.00727	0.00406	0.00480	0.00702	0.00936	0.01244	0.02623	0.74208	0.03115	0.01478	0.00616	0.00197	0.00296	0.09834	0.00443	0.00394
17	0.77005	0.00965	0.00940	0.00784	0.01101	0.01088	0.09253	0.01419	0.00849	0.02076	0.00699	0.00834	0.00541	0.00439	0.00326	0.00149	0.00419	0.00293	0.00290	0.00532
18	0.02144	0.00813	0.01109	0.00850	0.01220	0.00702	0.00702	0.02329	0.01368	0.80552	0.01886	0.01627	0.01183	0.00592	0.00481	0.00148	0.00407	0.00481	0.00592	0.00813
19	0.00943	0.00761	0.00858	0.00779	0.00975	0.00817	0.00600	0.04788	0.35902	0.01961	0.37725	0.02742	0.07520	0.00829	0.00526	0.00156	0.00306	0.00712	0.00502	0.00598
20	0.01043	0.01026	0.01557	0.01213	0.01443	0.01143	0.15118	0.01238	0.00891	0.01355	0.00763	0.01072	0.00672	0.00597	0.00982	0.00155	0.40214	0.00400	0.00240	0.28879
21	0.01869	0.00841	0.01080	0.00861	0.01197	0.00790	0.00700	0.03727	0.15613	0.59665	0.06927	0.01772	0.01441	0.00627	0.00487	0.00151	0.00392	0.00515	0.00566	0.00780
22	0.86579	0.00924	0.00702	0.00629	0.00924	0.01072	0.00518	0.01405	0.00813	0.02144	0.00666	0.00776	0.00518	0.00444	0.00296	0.00148	0.00370	0.00259	0.00296	0.00518
23	0.01114	0.01248	0.02591	0.01886	0.02288	0.01252	0.65382	0.01467	0.01061	0.01467	0.00910	0.01248	0.00709	0.00476	0.00734	0.00169	0.14599	0.00539	0.00236	0.00624
24	0.00695	0.00465	0.00528	0.00528	0.00530	0.00467	0.00298	0.00699	0.00697	0.00932	0.01500	0.03094	0.01723	0.81026	0.04589	0.00472	0.00486	0.00690	0.00289	0.00293
25	0.00582	0.00416	0.00555	0.00666	0.00693	0.00388	0.00444	0.00666	0.00915	0.01220	0.02634	0.82891	0.03161	0.01497	0.00610	0.00194	0.00277	0.01359	0.00444	0.00388
26	0.00676	0.00489	0.00639	0.00601	0.00714	0.00451	0.00451	0.00902	0.01353	0.01917	0.79969	0.03570	0.04510	0.00977	0.00564	0.00150	0.00225	0.00864	0.00526	0.00451
27	0.01278	0.83490	0.02505	0.00818	0.01227	0.01891	0.00818	0.01431	0.00971	0.01125	0.00664	0.00767	0.00613	0.00409	0.00307	0.00102	0.00511	0.00256	0.00204	0.00613
28	0.16374	0.00532	0.00492	0.00479	0.00623	0.00559	0.00367	0.01166	0.00968	0.01847	0.01398	0.01600	0.01097	0.00536	0.00327	0.00118	0.00249	0.00412	0.70396	0.00459
29	0.01016	0.17111	0.66592	0.01264	0.01917	0.01251	0.01595	0.01499	0.01002	0.01443	0.00823	0.00965	0.00607	0.00446	0.00427	0.00142	0.00671	0.00336	0.00202	0.00690
30	0.01123	0.00952	0.00999	0.00894	0.01153	0.01069	0.00697	0.07857	0.59488	0.01947	0.02409	0.02245	0.15607	0.00744	0.00500	0.00161	0.00365	0.00617	0.00478	0.00697
31	0.00688	0.00490	0.00655	0.00655	0.00701	0.00536	0.00456	0.00781	0.00735	0.01026	0.01384	0.02451	0.01444	0.40095	0.45138	0.00628	0.00906	0.00596	0.00271	0.00364
32	0.01005	0.06047	0.10472	0.00822	0.01116	0.00888	0.00751	0.19587	0.04827	0.01766	0.02844	0.03072	0.34747	0.00906	0.00522	0.00159	0.00410	0.09080	0.00410	0.00570
33	0.01747	0.01446	0.01403	0.01117	0.01459	0.13015	0.00907	0.60215	0.06647	0.02618	0.01117	0.01140	0.00816	0.00576	0.00511	0.00144	0.03506	0.00419	0.00435	0.00762
34	0.01417	0.01262	0.01135	0.00981	0.01266	0.18620	0.00765	0.11219	0.34845	0.08720	0.04812	0.01641	0.04740	0.00621	0.00471	0.00144	0.00491	0.00489	0.00429	0.05930
35	0.00963	0.00806	0.00924	0.00699	0.01049	0.00656	0.00542	0.02780	0.05792	0.01526	0.01203	0.01480	0.04885	0.10309	0.00623	0.00129	0.00366	0.00388	0.00308	0.64572

[dist]
# distance from previous block
# <min> <max>
0	6

[block]
# block no. 2 follows, 53 sequences, length 25
# corresponding to MSA columns:
# 56-80
name=unknown_C
#
# <colnr> <probs for GDERKNQSTAVLIFYWHMCP>
#	G	D	E	R	K	N	Q	S	T	A	V	L	I	F	Y	W	H	M	C	P
0	0.01180	0.01066	0.01101	0.00892	0.04528	0.11152	0.00670	0.04659	0.01110	0.04453	0.00888	0.01012	0.00720	0.00393	0.00379	0.00086	0.00438	0.00306	0.00296	0.64670
1	0.18409	0.01003	0.01184	0.01179	0.14750	0.01009	0.00799	0.12666	0.11356	0.09982	0.01112	0.01171	0.00839	0.00478	0.00411	0.00129	0.00427	0.00377	0.00363	0.22356
2	0.01068	0.01002	0.01605	0.27973	0.41936	0.01088	0.01283	0.01494	0.11193	0.01498	0.01185	0.01434	0.04150	0.00504	0.00480	0.00151	0.00552	0.00465	0.00270	0.00670
3	0.01506	0.00943	0.01219	0.01244	0.14771	0.00966	0.00843	0.05175	0.29800	0.29272	0.07650	0.01737	0.01449	0.00612	0.00488	0.00152	0.00415	0.00520	0.00483	0.00755
4	0.00657	0.00488	0.00612	0.00581	0.00702	0.00443	0.00436	0.00865	0.01308	0.01809	0.67063	0.03747	0.17482	0.01017	0.00564	0.00152	0.00228	0.00889	0.00512	0.00443
5	0.01083	0.01107	0.01459	0.01254	0.01266	0.05435	0.01040	0.01188	0.00763	0.01151	0.00633	0.01037	0.00627	0.00819	0.01512	0.00205	0.78275	0.00413	0.00211	0.00524
6	0.00705	0.00500	0.00617	0.00581	0.00716	0.00449	0.00438	0.00902	0.01285	0.04872	0.57195	0.03763	0.24157	0.01023	0.00561	0.00153	0.00237	0.00887	0.00507	0.00453
7	0.00618	0.00447	0.00591	0.00693	0.00747	0.00421	0.00501	0.00730	0.00964	0.01266	0.02782	0.61871	0.08930	0.01441	0.00616	0.00197	0.00306	0.16034	0.00443	0.00399
8	0.01046	0.01046	0.01464	0.01255	0.01255	0.01464	0.01046	0.01150	0.00732	0.01150	0.00627	0.01046	0.00627	0.00837	0.01569	0.00209	0.82328	0.00418	0.00209	0.00523
9	0.01708	0.14771	0.01534	0.01164	0.01439	0.66811	0.00907	0.03983	0.01320	0.01214	0.00739	0.00855	0.00621	0.00482	0.00413	0.00120	0.00798	0.00303	0.00246	0.00570
10	0.01817	0.01339	0.01434	0.01100	0.01482	0.01482	0.00908	0.78627	0.02247	0.03012	0.01148	0.01148	0.00813	0.00574	0.00478	0.00143	0.00526	0.00430	0.00478	0.00813
11	0.00959	0.02472	0.80726	0.01362	0.02069	0.01110	0.01766	0.01514	0.01009	0.01514	0.00858	0.01009	0.00605	0.00454	0.00454	0.00151	0.00706	0.00353	0.00202	0.00706
12	0.00829	0.00744	0.01331	0.01107	0.01291	0.00801	0.21009	0.01054	0.00867	0.01241	0.01174	0.01699	0.01051	0.04278	0.50828	0.00546	0.05969	0.00522	0.03173	0.00487
13	0.00991	0.00850	0.00991	0.00708	0.01133	0.00637	0.00566	0.01203	0.00991	0.01557	0.00850	0.00991	0.00708	0.00354	0.00354	0.00071	0.00354	0.00283	0.00283	0.86124
14	0.01916	0.00763	0.01036	0.00812	0.01141	0.00663	0.00663	0.02107	0.01366	0.68291	0.14061	0.01930	0.01702	0.00652	0.00494	0.00148	0.00378	0.00540	0.00581	0.00757
15	0.01719	0.01290	0.01379	0.01080	0.01445	0.01436	0.00885	0.66763	0.14271	0.02854	0.01272	0.01247	0.00914	0.00585	0.00479	0.00146	0.00503	0.00447	0.00479	0.00804
16	0.00977	0.00773	0.00877	0.00798	0.00998	0.00836	0.00614	0.01778	0.41320	0.03998	0.37967	0.02604	0.02860	0.00799	0.00522	0.00156	0.00308	0.00688	0.00507	0.00617
17	0.00695	0.00463	0.00521	0.00521	0.00521	0.00463	0.00290	0.00695	0.00695	0.00927	0.01506	0.03128	0.01738	0.83203	0.02433	0.00463	0.00463	0.00695	0.00290	0.00290
18	0.01817	0.01339	0.01434	0.01100	0.01482	0.01482	0.00908	0.78627	0.02247	0.03012	0.01148	0.01148	0.00813	0.00574	0.00478	0.00143	0.00526	0.00430	0.00478	0.00813
19	0.00566	0.00481	0.00488	0.00493	0.00648	0.00403	0.00367	0.00685	0.01081	0.01288	0.04732	0.08495	0.76203	0.01225	0.00567	0.00163	0.00244	0.01026	0.00444	0.00403
20	0.00577	0.00437	0.00533	0.00610	0.00679	0.00393	0.00419	0.00672	0.00969	0.01242	0.03313	0.58812	0.26801	0.01409	0.00596	0.00184	0.00266	0.01251	0.00444	0.00393
21	0.01278	0.83490	0.02505	0.00818	0.01227	0.01891	0.00818	0.01431	0.00971	0.01125	0.00664	0.00767	0.00613	0.00409	0.00307	0.00102	0.00511	0.00256	0.00204	0.00613
22	0.01549	0.01729	0.01249	0.01121	0.01384	0.45107	0.00856	0.06151	0.32590	0.01597	0.01243	0.01245	0.00963	0.00559	0.00456	0.00140	0.00651	0.00407	0.00354	0.00649
23	0.86579	0.00924	0.00702	0.00629	0.00924	0.01072	0.00518	0.01405	0.00813	0.02144	0.00666	0.00776	0.00518	0.00444	0.00296	0.00148	0.00370	0.00259	0.00296	0.00518
24	0.01347	0.01116	0.01400	0.01150	0.01469	0.05862	0.14111	0.02300	0.50402	0.12852	0.01698	0.01622	0.01245	0.00589	0.00496	0.00158	0.00484	0.00522	0.00445	0.00733

[dist]
# distance from previous block
# <min> <max>
0	1

[block]
# block no. 3 follows, 53 sequences, length 53
# corresponding to MSA columns:
# 82-134
name=unknown_D
#
# <colnr> <probs for GDERKNQSTAVLIFYWHMCP>
#	G	D	E	R	K	N	Q	S	T	A	V	L	I	F	Y	W	H	M	C	P
0	0.01183	0.01136	0.01940	0.02934	0.80221	0.01136	0.01467	0.01467	0.01088	0.01562	0.00899	0.01183	0.00757	0.00426	0.00473	0.00142	0.00568	0.00426	0.00237	0.00757
1	0.01128	0.01289	0.02820	0.02015	0.02498	0.01209	0.78485	0.01531	0.01128	0.01531	0.00967	0.01289	0.00725	0.00403	0.00564	0.00161	0.00806	0.00564	0.00242	0.00645
2	0.00602	0.00486	0.00535	0.00523	0.00668	0.00419	0.00392	0.00757	0.01176	0.01498	0.29653	0.04260	0.55087	0.01133	0.00565	0.00158	0.00237	0.00961	0.00471	0.00419
3	0.01380	0.00899	0.01112	0.00817	0.01225	0.00751	0.02630	0.08995	0.01216	0.22599	0.01155	0.01182	0.00844	0.00439	0.00405	0.00101	0.00396	0.00357	0.00383	0.53116
4	0.00583	0.00423	0.00551	0.00650	0.00690	0.00391	0.00438	0.00673	0.00940	0.01243	0.04783	0.74845	0.09102	0.01462	0.00605	0.00190	0.00273	0.01319	0.00446	0.00391
5	0.00651	0.00488	0.00604	0.00575	0.00699	0.00440	0.00431	0.00854	0.01294	0.01776	0.63132	0.03801	0.21434	0.01029	0.00564	0.00153	0.00229	0.00897	0.00508	0.00440
6	0.01759	0.00900	0.01098	0.00900	0.01229	0.00899	0.00724	0.02414	0.32854	0.48839	0.01910	0.01690	0.01295	0.00615	0.00483	0.00154	0.00395	0.00505	0.00549	0.00790
7	0.01278	0.83490	0.02505	0.00818	0.01227	0.01891	0.00818	0.01431	0.00971	0.01125	0.00664	0.00767	0.00613	0.00409	0.00307	0.00102	0.00511	0.00256	0.00204	0.00613
8	0.27509	0.01559	0.01054	0.00963	0.01205	0.41411	0.00734	0.05182	0.01176	0.02976	0.00996	0.11250	0.00927	0.00610	0.00415	0.00141	0.00614	0.00435	0.00303	0.00539
9	0.00624	0.00489	0.00555	0.00590	0.00701	0.00441	0.00421	0.03872	0.01059	0.01330	0.03707	0.39347	0.42526	0.01312	0.00581	0.00175	0.00269	0.01141	0.00445	0.00413
10	0.00695	0.00463	0.00521	0.00521	0.00521	0.00463	0.00290	0.00695	0.00695	0.00927	0.01506	0.03128	0.01738	0.83203	0.02433	0.00463	0.00463	0.00695	0.00290	0.00290
11	0.01278	0.83490	0.02505	0.00818	0.01227	0.01891	0.00818	0.01431	0.00971	0.01125	0.00664	0.00767	0.00613	0.00409	0.00307	0.00102	0.00511	0.00256	0.00204	0.00613
12	0.00589	0.00421	0.00563	0.00674	0.00704	0.00394	0.00456	0.00678	0.00922	0.01228	0.02630	0.80010	0.03146	0.01491	0.00612	0.00195	0.00283	0.04171	0.00444	0.00390
13	0.00595	0.00426	0.00567	0.00664	0.00702	0.00398	0.00451	0.00695	0.00962	0.01292	0.10171	0.73527	0.03284	0.01443	0.00607	0.00190	0.00276	0.02902	0.00452	0.00395
14	0.00750	0.00544	0.00742	0.00842	0.00957	0.00536	0.00731	0.00961	0.01099	0.01417	0.02756	0.05314	0.10284	0.01310	0.00651	0.00214	0.00421	0.69596	0.00440	0.00437
15	0.02599	0.00617	0.00715	0.00739	0.00861	0.00639	0.00532	0.02755	0.21221	0.02980	0.02586	0.49422	0.10075	0.01193	0.00562	0.00180	0.00309	0.01055	0.00455	0.00504
16	0.01105	0.01056	0.01800	0.24857	0.58904	0.01115	0.01428	0.01399	0.01052	0.01467	0.00885	0.01208	0.00724	0.00440	0.00474	0.00147	0.00587	0.00426	0.00230	0.00694
17	0.00699	0.00523	0.00672	0.00729	0.00854	0.00495	0.00610	0.00893	0.01135	0.01464	0.14605	0.04903	0.24423	0.01239	0.00620	0.00194	0.00354	0.44704	0.00454	0.00432
18	0.01476	0.01102	0.01120	0.00963	0.01258	0.08352	0.00759	0.08955	0.46187	0.18611	0.01862	0.01716	0.04189	0.00637	0.00482	0.00154	0.00436	0.00515	0.00485	0.00742
19	0.01468	0.01321	0.01170	0.00934	0.01291	0.23601	0.00736	0.11883	0.04039	0.10926	0.01018	0.01078	0.00778	0.00461	0.00412	0.00108	0.00528	0.00342	0.00342	0.37567
20	0.01169	0.00757	0.00887	0.00778	0.01008	0.00774	0.00610	0.01739	0.27401	0.19607	0.19665	0.02657	0.16988	0.00820	0.00547	0.00157	0.02618	0.00684	0.00503	0.00628
21	0.00836	0.00699	0.00769	0.00744	0.00828	0.08452	0.00539	0.03795	0.00856	0.01126	0.01297	0.02164	0.01303	0.29466	0.44370	0.00581	0.00942	0.00550	0.00274	0.00408
22	0.01243	0.01050	0.01165	0.01015	0.01302	0.01197	0.03552	0.06979	0.70464	0.03602	0.01862	0.01725	0.01389	0.00634	0.00489	0.00161	0.00403	0.00534	0.00479	0.00757
23	0.01785	0.01419	0.01428	0.01118	0.01473	0.09261	0.00915	0.68268	0.02104	0.02763	0.01088	0.01116	0.00787	0.00576	0.00514	0.00144	0.03599	0.00418	0.00446	0.00777
24	0.01183	0.01136	0.01940	0.02934	0.80221	0.01136	0.01467	0.01467	0.01088	0.01562	0.00899	0.01183	0.00757	0.00426	0.00473	0.00142	0.00568	0.00426	0.00237	0.00757
25	0.01183	0.01136	0.01940	0.02934	0.80221	0.01136	0.01467	0.01467	0.01088	0.01562	0.00899	0.01183	0.00757	0.00426	0.00473	0.00142	0.00568	0.00426	0.00237	0.00757
26	0.01114	0.01220	0.02578	0.01872	0.02315	0.01154	0.68639	0.04236	0.01160	0.01568	0.01119	0.04129	0.00925	0.00498	0.00568	0.00165	0.00757	0.05085	0.00268	0.00630
27	0.01111	0.00953	0.01010	0.00923	0.01170	0.01088	0.00712	0.02304	0.69435	0.01905	0.02163	0.07445	0.06200	0.00739	0.00499	0.00164	0.00363	0.00623	0.00481	0.00711
28	0.01156	0.01108	0.01891	0.10647	0.72722	0.01128	0.01453	0.01443	0.01075	0.01528	0.00894	0.01192	0.00745	0.00431	0.00474	0.00144	0.00575	0.00426	0.00234	0.00735
29	0.00582	0.00499	0.00501	0.00498	0.00662	0.00425	0.00374	0.00738	0.03279	0.01311	0.04761	0.04521	0.77829	0.01195	0.00563	0.00161	0.00246	0.00996	0.00445	0.00413
30	0.00959	0.02472	0.80726	0.01362	0.02069	0.01110	0.01766	0.01514	0.01009	0.01514	0.00858	0.01009	0.00605	0.00454	0.00454	0.00151	0.00706	0.00353	0.00202	0.00706
31	0.01817	0.01339	0.01434	0.01100	0.01482	0.01482	0.00908	0.78627	0.02247	0.03012	0.01148	0.01148	0.00813	0.00574	0.00478	0.00143	0.00526	0.00430	0.00478	0.00813
32	0.01090	0.01041	0.01773	0.29064	0.54814	0.01111	0.01421	0.01386	0.01045	0.01449	0.00883	0.01213	0.00717	0.00443	0.00475	0.00148	0.00591	0.00426	0.00229	0.00682
33	0.86579	0.00924	0.00702	0.00629	0.00924	0.01072	0.00518	0.01405	0.00813	0.02144	0.00666	0.00776	0.00518	0.00444	0.00296	0.00148	0.00370	0.00259	0.00296	0.00518
34	0.01678	0.00929	0.01472	0.01085	0.01491	0.00804	0.18285	0.01917	0.01236	0.46444	0.01465	0.01420	0.00982	0.00500	0.00474	0.00135	0.00486	0.00459	0.00449	0.18290
35	0.00903	0.00850	0.01434	0.82054	0.03292	0.01062	0.01327	0.01221	0.00956	0.01221	0.00850	0.01274	0.00637	0.00478	0.00478	0.00159	0.00637	0.00425	0.00212	0.00531
36	0.00694	0.00467	0.00538	0.00538	0.00544	0.00472	0.00310	0.00706	0.00700	0.00939	0.01491	0.03043	0.01701	0.77808	0.07777	0.00484	0.00519	0.00683	0.00287	0.00299
37	0.00959	0.02472	0.80726	0.01362	0.02069	0.01110	0.01766	0.01514	0.01009	0.01514	0.00858	0.01009	0.00605	0.00454	0.00454	0.00151	0.00706	0.00353	0.00202	0.00706
38	0.00671	0.00484	0.00667	0.00684	0.00737	0.00528	0.00488	0.00781	0.00771	0.01076	0.01552	0.14749	0.01649	0.25324	0.46976	0.00595	0.00899	0.00694	0.00294	0.00383
39	0.86579	0.00924	0.00702	0.00629	0.00924	0.01072	0.00518	0.01405	0.00813	0.02144	0.00666	0.00776	0.00518	0.00444	0.00296	0.00148	0.00370	0.00259	0.00296	0.00518
40	0.01278	0.83490	0.02505	0.00818	0.01227	0.01891	0.00818	0.01431	0.00971	0.01125	0.00664	0.00767	0.00613	0.00409	0.00307	0.00102	0.00511	0.00256	0.00204	0.00613
41	0.00695	0.00463	0.00521	0.00521	0.00521	0.00463	0.00290	0.00695	0.00695	0.00927	0.01506	0.03128	0.01738	0.83203	0.02433	0.00463	0.00463	0.00695	0.00290	0.00290
42	0.00616	0.00450	0.00579	0.00624	0.00696	0.00413	0.00439	0.00756	0.01096	0.01488	0.31838	0.45525	0.11160	0.01274	0.00588	0.00175	0.00254	0.01139	0.00475	0.00413
43	0.00579	0.00485	0.00504	0.00499	0.00654	0.00410	0.00374	0.00713	0.01123	0.01371	0.14376	0.04469	0.70443	0.01181	0.00565	0.00160	0.00240	0.00990	0.00454	0.00410
44	0.01183	0.01136	0.01940	0.02934	0.80221	0.01136	0.01467	0.01467	0.01088	0.01562	0.00899	0.01183	0.00757	0.00426	0.00473	0.00142	0.00568	0.00426	0.00237	0.00757
45	0.00582	0.00416	0.00555	0.00666	0.00693	0.00388	0.00444	0.00666	0.00915	0.01220	0.02634	0.82891	0.03161	0.01497	0.00610	0.00194	0.00277	0.01359	0.00444	0.00388
46	0.86579	0.00924	0.00702	0.00629	0.00924	0.01072	0.00518	0.01405	0.00813	0.02144	0.00666	0.00776	0.00518	0.00444	0.00296	0.00148	0.00370	0.00259	0.00296	0.00518
47	0.01817	0.01339	0.01434	0.01100	0.01482	0.01482	0.00908	0.78627	0.02247	0.03012	0.01148	0.01148	0.00813	0.00574	0.00478	0.00143	0.00526	0.00430	0.00478	0.00813
48	0.00676	0.00489	0.00639	0.00601	0.00714	0.00451	0.00451	0.00902	0.01353	0.01917	0.79969	0.03570	0.04510	0.00977	0.00564	0.00150	0.00225	0.00864	0.00526	0.00451
49	0.01203	0.01056	0.01087	0.00979	0.01248	0.03054	0.00760	0.02525	0.77541	0.01980	0.01917	0.01762	0.01439	0.00645	0.00485	0.00161	0.00390	0.00535	0.00481	0.00752
50	0.00770	0.00550	0.00770	0.00880	0.00990	0.00550	0.00770	0.00990	0.01100	0.01430	0.02531	0.05391	0.02751	0.01320	0.00660	0.00220	0.00440	0.77004	0.00440	0.00440
51	0.01297	0.00967	0.01143	0.01012	0.01268	0.01044	0.02366	0.37508	0.06963	0.02213	0.01812	0.03075	0.01714	0.00906	0.00561	0.00179	0.00483	0.34391	0.00457	0.00640
52	0.01038	0.03591	0.45521	0.01633	0.02237	0.01168	0.34867	0.01519	0.01060	0.01513	0.00901	0.01125	0.00657	0.00431	0.00499	0.00155	0.00745	0.00442	0.00219	0.00678

[dist]
# distance from previous block
# <min> <max>
0	2

[block]
# block no. 4 follows, 53 sequences, length 45
# corresponding to MSA columns:
# 137-181
name=unknown_E
#
# <colnr> <probs for GDERKNQSTAVLIFYWHMCP>
#	G	D	E	R	K	N	Q	S	T	A	V	L	I	F	Y	W	H	M	C	P
0	0.01537	0.01834	0.01394	0.01235	0.01403	0.51920	0.00964	0.03974	0.01171	0.01219	0.00714	0.00933	0.00626	0.00611	0.00816	0.00153	0.28357	0.00349	0.00241	0.00551
1	0.00695	0.00463	0.00521	0.00521	0.00521	0.00463	0.00290	0.00695	0.00695	0.00927	0.01506	0.03128	0.01738	0.83203	0.02433	0.00463	0.00463	0.00695	0.00290	0.00290
2	0.01183	0.01136	0.01940	0.02934	0.80221	0.01136	0.01467	0.01467	0.01088	0.01562	0.00899	0.01183	0.00757	0.00426	0.00473	0.00142	0.00568	0.00426	0.00237	0.00757
3	0.86579	0.00924	0.00702	0.00629	0.00924	0.01072	0.00518	0.01405	0.00813	0.02144	0.00666	0.00776	0.00518	0.00444	0.00296	0.00148	0.00370	0.00259	0.00296	0.00518
4	0.00601	0.00486	0.00534	0.00522	0.00668	0.00419	0.00391	0.00755	0.01174	0.01492	0.29001	0.04269	0.55743	0.01135	0.00565	0.00158	0.00237	0.00962	0.00470	0.00419
5	0.00593	0.00423	0.00566	0.00677	0.00709	0.00397	0.00461	0.00683	0.00925	0.01232	0.02629	0.78681	0.03139	0.01488	0.00613	0.00196	0.00286	0.05467	0.00443	0.00391
6	0.00604	0.00486	0.00538	0.00525	0.00669	0.00420	0.00394	0.00761	0.01181	0.01510	0.31076	0.04240	0.53657	0.01129	0.00564	0.00158	0.00236	0.00958	0.00473	0.00420
7	0.00959	0.02472	0.80726	0.01362	0.02069	0.01110	0.01766	0.01514	0.01009	0.01514	0.00858	0.01009	0.00605	0.00454	0.00454	0.00151	0.00706	0.00353	0.00202	0.00706
8	0.00615	0.00486	0.00554	0.00537	0.00677	0.00425	0.00403	0.00784	0.01209	0.01574	0.38806	0.04134	0.45886	0.01105	0.00564	0.00156	0.00235	0.00943	0.00481	0.00425
9	0.01004	0.13900	0.69693	0.01285	0.01950	0.01220	0.01632	0.01502	0.01004	0.01459	0.00830	0.00975	0.00607	0.00448	0.00433	0.00144	0.00679	0.00339	0.00202	0.00693
10	0.00683	0.00512	0.00768	0.00768	0.00853	0.00597	0.00597	0.00853	0.00768	0.01110	0.01280	0.01878	0.01195	0.03585	0.81308	0.00768	0.01280	0.00512	0.00256	0.00427
11	0.00980	0.00928	0.01573	0.60228	0.24513	0.01082	0.01366	0.01289	0.00992	0.01315	0.00863	0.01249	0.00670	0.00464	0.00477	0.00155	0.00618	0.00425	0.00219	0.00593
12	0.01304	0.00938	0.01092	0.00802	0.01211	0.00807	0.00650	0.16123	0.01282	0.12497	0.01046	0.01107	0.00792	0.00428	0.00395	0.00095	0.00394	0.00338	0.00362	0.58338
13	0.00891	0.00445	0.00445	0.00445	0.00557	0.00445	0.00334	0.01114	0.01002	0.01782	0.01559	0.01782	0.01225	0.00557	0.00334	0.00111	0.00223	0.00445	0.85856	0.00445
14	0.00623	0.00455	0.00588	0.00634	0.00710	0.00420	0.00454	0.00767	0.01098	0.01487	0.30546	0.42994	0.11338	0.01274	0.00591	0.00176	0.00263	0.04694	0.00473	0.00415
15	0.00685	0.00531	0.00630	0.00601	0.00739	0.00498	0.00452	0.00973	0.07903	0.01724	0.49564	0.06111	0.25746	0.01031	0.00559	0.00156	0.00245	0.00893	0.00497	0.00462
16	0.00823	0.00608	0.00756	0.00688	0.00891	0.00504	0.00504	0.00969	0.00991	0.05321	0.06187	0.42751	0.02188	0.00981	0.00502	0.00142	0.00311	0.00871	0.00393	0.33620
17	0.15677	0.00979	0.01101	0.00871	0.01201	0.01008	0.00710	0.28452	0.01546	0.32817	0.05283	0.01497	0.01140	0.04902	0.00556	0.00163	0.00436	0.00457	0.00485	0.00720
18	0.01014	0.00742	0.00906	0.00814	0.00968	0.00821	0.00623	0.23820	0.01201	0.01645	0.01368	0.06971	0.01306	0.17364	0.37677	0.00491	0.00842	0.00575	0.00340	0.00513
19	0.00891	0.00445	0.00445	0.00445	0.00557	0.00445	0.00334	0.01114	0.01002	0.01782	0.01559	0.01782	0.01225	0.00557	0.00334	0.00111	0.00223	0.00445	0.85856	0.00445
20	0.00830	0.00415	0.00623	0.00623	0.00623	0.00415	0.00415	0.00623	0.00623	0.00830	0.00830	0.01453	0.00830	0.01660	0.01868	0.86094	0.00415	0.00415	0.00208	0.00208
21	0.01004	0.13900	0.69693	0.01285	0.01950	0.01220	0.01632	0.01502	0.01004	0.01459	0.00830	0.00975	0.00607	0.00448	0.00433	0.00144	0.00679	0.00339	0.00202	0.00693
22	0.00672	0.00480	0.00657	0.00768	0.00834	0.00465	0.00599	0.00820	0.01003	0.01320	0.02585	0.46070	0.02966	0.01413	0.00634	0.00206	0.00355	0.37298	0.00442	0.00413
23	0.00632	0.00506	0.00578	0.00614	0.00759	0.00452	0.00497	0.00786	0.01093	0.01337	0.04083	0.04860	0.54662	0.01247	0.00596	0.00181	0.00307	0.25954	0.00443	0.00416
24	0.00925	0.00872	0.01473	0.75852	0.09322	0.01068	0.01338	0.01240	0.00966	0.01248	0.00853	0.01267	0.00647	0.00474	0.00477	0.00158	0.00632	0.00425	0.00214	0.00549
25	0.00959	0.02472	0.80726	0.01362	0.02069	0.01110	0.01766	0.01514	0.01009	0.01514	0.00858	0.01009	0.00605	0.00454	0.00454	0.00151	0.00706	0.00353	0.00202	0.00706
26	0.00746	0.00532	0.00654	0.00668	0.00742	0.00535	0.00489	0.00949	0.06416	0.01357	0.19100	0.03751	0.02606	0.36971	0.01401	0.00307	0.00399	0.21582	0.00397	0.00399
27	0.00608	0.00434	0.00583	0.00689	0.00729	0.00409	0.00482	0.00712	0.00951	0.01268	0.05148	0.71154	0.03157	0.01460	0.00614	0.00196	0.00295	0.10270	0.00446	0.00396
28	0.01113	0.01393	0.09677	0.01957	0.02460	0.01200	0.71733	0.01529	0.01118	0.01529	0.00957	0.01265	0.00715	0.00407	0.00554	0.00160	0.00797	0.00546	0.00238	0.00650
29	0.74685	0.00982	0.00805	0.00695	0.01003	0.01130	0.00572	0.12241	0.01015	0.02266	0.00733	0.00829	0.00559	0.00462	0.00321	0.00147	0.00392	0.00283	0.00321	0.00559
30	0.00690	0.00461	0.00523	0.00528	0.00529	0.00460	0.00297	0.00694	0.00705	0.00940	0.01557	0.06703	0.01801	0.79540	0.02351	0.00451	0.00455	0.00725	0.00297	0.00294
31	0.00582	0.00416	0.00555	0.00666	0.00693	0.00388	0.00444	0.00666	0.00915	0.01220	0.02634	0.82891	0.03161	0.01497	0.00610	0.00194	0.00277	0.01359	0.00444	0.00388
32	0.80624	0.00997	0.00750	0.00668	0.00963	0.04843	0.00546	0.03231	0.00872	0.02119	0.00680	0.00789	0.00529	0.00449	0.00306	0.00147	0.00396	0.00265	0.00298	0.00526
33	0.01128	0.00898	0.01186	0.00968	0.01245	0.00907	0.11623	0.24062	0.05794	0.04509	0.06636	0.02887	0.26525	0.00856	0.00542	0.00161	0.00438	0.08599	0.00437	0.00598
34	0.07968	0.01510	0.01467	0.01209	0.01503	0.30528	0.13442	0.07703	0.12235	0.06803	0.01066	0.01168	0.00818	0.00530	0.00524	0.00144	0.05768	0.00410	0.02912	0.02294
35	0.00882	0.00539	0.00704	0.00651	0.00804	0.00491	0.00507	0.01093	0.01310	0.12912	0.55741	0.03544	0.10317	0.00973	0.00561	0.00157	0.00271	0.07524	0.00521	0.00497
36	0.14893	0.01038	0.01112	0.00853	0.01232	0.02532	0.00696	0.25935	0.01430	0.15084	0.01083	0.01109	0.00788	0.00479	0.00406	0.00120	0.00429	0.00359	0.00397	0.30025
37	0.01377	0.01434	0.01632	0.02137	0.45768	0.24813	0.01194	0.01689	0.07056	0.04141	0.03532	0.01225	0.00904	0.00486	0.00465	0.00138	0.00624	0.00416	0.00280	0.00689
38	0.01314	0.21156	0.27415	0.01085	0.01558	0.01372	0.01130	0.18369	0.15076	0.05373	0.01112	0.01145	0.00828	0.00510	0.00431	0.00140	0.00550	0.00385	0.00330	0.00721
39	0.00686	0.00503	0.00658	0.00679	0.00764	0.00516	0.00516	0.00822	0.00910	0.01215	0.07098	0.03466	0.14337	0.21192	0.27592	0.00444	0.00677	0.17179	0.00350	0.00395
40	0.00991	0.00850	0.00991	0.00708	0.01133	0.00637	0.00566	0.01203	0.00991	0.01557	0.00850	0.00991	0.00708	0.00354	0.00354	0.00071	0.00354	0.00283	0.00283	0.86124
41	0.10298	0.01029	0.01160	0.00920	0.01269	0.02514	0.00752	0.25367	0.10389	0.37505	0.02913	0.01435	0.01084	0.00583	0.00463	0.00148	0.00441	0.00454	0.00508	0.00766
42	0.00683	0.00512	0.00768	0.00768	0.00853	0.00597	0.00597	0.00853	0.00768	0.01110	0.01280	0.01878	0.01195	0.03585	0.81308	0.00768	0.01280	0.00512	0.00256	0.00427
43	0.00695	0.00463	0.00521	0.00521	0.00521	0.00463	0.00290	0.00695	0.00695	0.00927	0.01506	0.03128	0.01738	0.83203	0.02433	0.00463	0.00463	0.00695	0.00290	0.00290
44	0.03712	0.00996	0.01108	0.00943	0.01249	0.01086	0.00749	0.08936	0.50656	0.22323	0.01829	0.01663	0.01308	0.00622	0.00479	0.00156	0.00398	0.00508	0.00508	0.00770

[dist]
# distance from previous block
# <min> <max>
3	19

[block]
# block no. 5 follows, 53 sequences, length 28
# corresponding to MSA columns:
# 202-229
name=unknown_F
#
# <colnr> <probs for GDERKNQSTAVLIFYWHMCP>
#	G	D	E	R	K	N	Q	S	T	A	V	L	I	F	Y	W	H	M	C	P
0	0.01143	0.01094	0.01867	0.14335	0.69136	0.01125	0.01447	0.01431	0.01069	0.01512	0.00892	0.01196	0.00740	0.00433	0.00474	0.00144	0.00578	0.00426	0.00233	0.00725
1	0.01273	0.00961	0.01621	0.01269	0.01510	0.01039	0.22889	0.01484	0.01019	0.20897	0.01293	0.04133	0.03093	0.03398	0.07481	0.00232	0.24928	0.00538	0.00333	0.00607
2	0.01766	0.02199	0.01361	0.01226	0.01471	0.75263	0.00926	0.05461	0.01378	0.01255	0.00755	0.00881	0.00625	0.00506	0.00466	0.00127	0.03196	0.00317	0.00256	0.00565
3	0.01204	0.64678	0.20667	0.00944	0.01422	0.01710	0.01038	0.01450	0.00980	0.01215	0.00709	0.00823	0.00612	0.00419	0.00341	0.00114	0.00556	0.00278	0.00204	0.00635
4	0.00717	0.00598	0.00641	0.00627	0.00794	0.00581	0.00474	0.01114	0.18145	0.01495	0.10217	0.11113	0.47617	0.01098	0.00554	0.00165	0.00279	0.02829	0.00460	0.00484
5	0.00684	0.00508	0.00747	0.00747	0.00825	0.00586	0.00571	0.00840	0.00762	0.01094	0.01300	0.01986	0.01242	0.10467	0.74490	0.00742	0.01210	0.00528	0.00259	0.00415
6	0.01055	0.08390	0.41937	0.01592	0.02182	0.01213	0.33792	0.01514	0.01056	0.01490	0.00888	0.01107	0.00656	0.00429	0.00488	0.00152	0.00733	0.00434	0.00219	0.00673
7	0.00957	0.00821	0.00951	0.00690	0.01094	0.00619	0.00550	0.01163	0.00999	0.01536	0.01166	0.01277	0.06986	0.00422	0.00371	0.00078	0.00345	0.00341	0.00296	0.79339
8	0.00671	0.00530	0.00622	0.00660	0.00802	0.00493	0.00535	0.00884	0.04564	0.01385	0.05349	0.07279	0.43943	0.01231	0.00598	0.00184	0.00322	0.29067	0.00446	0.00433
9	0.01278	0.83490	0.02505	0.00818	0.01227	0.01891	0.00818	0.01431	0.00971	0.01125	0.00664	0.00767	0.00613	0.00409	0.00307	0.00102	0.00511	0.00256	0.00204	0.00613
10	0.01189	0.01027	0.01081	0.00973	0.01243	0.01189	0.00757	0.02540	0.79357	0.01999	0.01945	0.01783	0.01459	0.00648	0.00486	0.00162	0.00378	0.00540	0.00486	0.00757
11	0.00627	0.00487	0.00571	0.00550	0.00684	0.00430	0.00412	0.00807	0.01237	0.01641	0.46819	0.04025	0.37832	0.01080	0.00564	0.00155	0.00233	0.00928	0.00490	0.00430
12	0.01459	0.01703	0.01813	0.01970	0.29633	0.39108	0.14382	0.01687	0.01221	0.01371	0.00835	0.01049	0.00685	0.00454	0.00469	0.00136	0.00748	0.00394	0.00242	0.00642
13	0.01128	0.01289	0.02820	0.02015	0.02498	0.01209	0.78485	0.01531	0.01128	0.01531	0.00967	0.01289	0.00725	0.00403	0.00564	0.00161	0.00806	0.00564	0.00242	0.00645
14	0.00683	0.00512	0.00768	0.00768	0.00853	0.00597	0.00597	0.00853	0.00768	0.01110	0.01280	0.01878	0.01195	0.03585	0.81308	0.00768	0.01280	0.00512	0.00256	0.00427
15	0.00582	0.00416	0.00555	0.00666	0.00693	0.00388	0.00444	0.00666	0.00915	0.01220	0.02634	0.82891	0.03161	0.01497	0.00610	0.00194	0.00277	0.01359	0.00444	0.00388
16	0.00959	0.02472	0.80726	0.01362	0.02069	0.01110	0.01766	0.01514	0.01009	0.01514	0.00858	0.01009	0.00605	0.00454	0.00454	0.00151	0.00706	0.00353	0.00202	0.00706
17	0.01121	0.01115	0.01776	0.01412	0.01576	0.01366	0.21067	0.06555	0.03962	0.01422	0.00822	0.01160	0.00710	0.00693	0.01166	0.00188	0.50717	0.00462	0.02126	0.00581
18	0.00695	0.00463	0.00521	0.00521	0.00521	0.00463	0.00290	0.00695	0.00695	0.00927	0.01506	0.03128	0.01738	0.83203	0.02433	0.00463	0.00463	0.00695	0.00290	0.00290
19	0.01272	0.01200	0.01119	0.01009	0.01275	0.12296	0.00780	0.02452	0.68540	0.01884	0.01778	0.01655	0.01342	0.00627	0.00479	0.00157	0.00445	0.00508	0.00453	0.00728
20	0.01768	0.02219	0.01360	0.01228	0.01472	0.76864	0.00926	0.04254	0.01367	0.01226	0.00749	0.00875	0.00622	0.00503	0.00460	0.00126	0.02852	0.00314	0.00253	0.00561
21	0.00684	0.00508	0.00748	0.00748	0.00826	0.00587	0.00572	0.00841	0.00762	0.01095	0.01299	0.01980	0.01239	0.10074	0.74879	0.00743	0.01214	0.00527	0.00259	0.00416
22	0.00903	0.00850	0.01434	0.82054	0.03292	0.01062	0.01327	0.01221	0.00956	0.01221	0.00850	0.01274	0.00637	0.00478	0.00478	0.00159	0.00637	0.00425	0.00212	0.00531
23	0.01183	0.01136	0.01940	0.02934	0.80221	0.01136	0.01467	0.01467	0.01088	0.01562	0.00899	0.01183	0.00757	0.00426	0.00473	0.00142	0.00568	0.00426	0.00237	0.00757
24	0.01102	0.01212	0.02390	0.01774	0.02104	0.01290	0.53941	0.01410	0.01003	0.01410	0.00859	0.01212	0.00694	0.00540	0.00882	0.00176	0.26644	0.00518	0.00231	0.00606
25	0.01180	0.01062	0.01012	0.00896	0.01122	0.12748	0.00693	0.12237	0.29654	0.01986	0.29384	0.02196	0.02331	0.00732	0.00505	0.00150	0.00415	0.00606	0.00464	0.00626
26	0.01245	0.00966	0.01324	0.01103	0.01364	0.06854	0.15044	0.07990	0.07109	0.14599	0.09889	0.05066	0.04046	0.00806	0.00588	0.00169	0.03647	0.17167	0.00421	0.00604
27	0.05163	0.00665	0.00836	0.00765	0.00978	0.00617	0.00601	0.05434	0.01167	0.25140	0.03772	0.27152	0.06276	0.00989	0.00534	0.00167	0.00360	0.11786	0.00472	0.07125

[dist]
# distance from previous block
# <min> <max>
0	47

# created by:
# /st0/software/busco_prod/Augustus/scripts/msa2prfl.pl ./align_prep/51433.fa
