[name]
unknown

[dist]
# distance from previous block
# <min> <max>
3	105

[block]
# block no. 0 follows, 44 sequences, length 16
# corresponding to MSA columns:
# 114-128,131
name=unknown_A
#
# <colnr> <probs for GDERKNQSTAVLIFYWHMCP>
#	G	D	E	R	K	N	Q	S	T	A	V	L	I	F	Y	W	H	M	C	P
0	0.00851	0.00767	0.01186	0.19270	0.01723	0.00767	0.10217	0.01105	0.01266	0.01640	0.20372	0.03549	0.30265	0.03817	0.00696	0.00193	0.00468	0.00880	0.00431	0.00537
1	0.01246	0.00819	0.00925	0.00838	0.01064	0.00833	0.00627	0.01836	0.26189	0.15968	0.02937	0.08465	0.19317	0.15295	0.00982	0.00246	0.00411	0.00824	0.00522	0.00657
2	0.00699	0.00501	0.00664	0.00735	0.00798	0.00466	0.00509	0.00847	0.01207	0.01651	0.27168	0.55583	0.04107	0.01515	0.00679	0.00205	0.00297	0.01366	0.00537	0.00466
3	0.00769	0.01083	0.18689	0.00807	0.01128	0.00657	0.00804	0.01041	0.01267	0.01641	0.15350	0.04111	0.48370	0.01139	0.00615	0.00179	0.00397	0.00951	0.00456	0.00549
4	0.00836	0.00559	0.00755	0.00755	0.00847	0.00622	0.00567	0.01019	0.00928	0.01417	0.01567	0.02297	0.01449	0.13030	0.50889	0.00658	0.01062	0.00593	0.19676	0.00472
5	0.00849	0.00681	0.00844	0.00804	0.00834	0.00775	0.00565	0.00909	0.00898	0.01217	0.02189	0.12554	0.12759	0.41110	0.01985	0.00374	0.19009	0.00862	0.00356	0.00425
6	0.01085	0.00582	0.00779	0.00802	0.00924	0.00530	0.00569	0.01204	0.01155	0.19247	0.02758	0.59311	0.03019	0.04338	0.00737	0.00220	0.00359	0.01288	0.00539	0.00552
7	0.01091	0.01267	0.18956	0.01060	0.01366	0.00925	0.00982	0.18345	0.01421	0.01944	0.02138	0.43578	0.02303	0.01185	0.00619	0.00197	0.00496	0.01036	0.00451	0.00640
8	0.00845	0.19358	0.01134	0.00752	0.00920	0.00848	0.00585	0.00969	0.01105	0.01385	0.03063	0.44426	0.19996	0.01342	0.00603	0.00188	0.00369	0.01163	0.00442	0.00507
9	0.00662	0.00536	0.00591	0.00630	0.00771	0.00464	0.00463	0.00794	0.01191	0.01460	0.04722	0.25118	0.53949	0.01473	0.00664	0.00197	0.00299	0.05053	0.00506	0.00458
10	0.20666	0.00989	0.01054	0.00786	0.01236	0.00843	0.00633	0.01426	0.01083	0.01933	0.00920	0.01073	0.00757	0.00428	0.00388	0.00101	0.00408	0.00317	0.00326	0.64633
11	0.01210	0.00720	0.00927	0.00837	0.00939	0.00758	0.00605	0.18224	0.01143	0.01529	0.01032	0.01576	0.00942	0.01604	0.01760	0.64506	0.00503	0.00478	0.00309	0.00398
12	0.01342	0.01350	0.01227	0.00947	0.01384	0.18945	0.00741	0.01561	0.01227	0.01673	0.00939	0.01096	0.00783	0.00441	0.00424	0.00095	0.00539	0.00330	0.00313	0.64642
13	0.20539	0.01077	0.01355	0.01034	0.01436	0.01038	0.09337	0.01517	0.03735	0.01898	0.00954	0.01151	0.00780	0.00503	0.00566	0.00133	0.08772	0.00380	0.00320	0.43475
14	0.01373	0.01159	0.01248	0.01054	0.01415	0.01243	0.00829	0.09615	0.51804	0.02276	0.01841	0.01754	0.01394	0.00653	0.00519	0.00159	0.00441	0.00536	0.00500	0.20187
15	0.01654	0.01679	0.01604	0.01296	0.01637	0.25632	0.06132	0.18859	0.01559	0.01950	0.00979	0.01158	0.00790	0.00598	0.00690	0.00150	0.12638	0.00416	0.00345	0.20233

[dist]
# distance from previous block
# <min> <max>
0	4

[block]
# block no. 1 follows, 44 sequences, length 26
# corresponding to MSA columns:
# 136-161
name=unknown_B
#
# <colnr> <probs for GDERKNQSTAVLIFYWHMCP>
#	G	D	E	R	K	N	Q	S	T	A	V	L	I	F	Y	W	H	M	C	P
0	0.01223	0.09409	0.01196	0.00927	0.01135	0.01043	0.00711	0.25491	0.01530	0.02025	0.02100	0.39540	0.02280	0.07836	0.00783	0.00217	0.00456	0.01004	0.00475	0.00620
1	0.01024	0.00754	0.08753	0.00619	0.00819	0.00589	0.00555	0.01319	0.01144	0.02000	0.01693	0.01939	0.01322	0.00623	0.00396	0.00132	0.00313	0.00497	0.74970	0.00540
2	0.01936	0.01421	0.01525	0.01184	0.01574	0.01567	0.00961	0.67662	0.02375	0.03183	0.01352	0.01549	0.01039	0.09184	0.00783	0.00202	0.00592	0.00523	0.00523	0.00864
3	0.01257	0.01043	0.01734	0.52990	0.21090	0.01188	0.01476	0.01594	0.01176	0.09615	0.01108	0.01471	0.00826	0.00545	0.00544	0.00176	0.00680	0.00492	0.00295	0.00701
4	0.01343	0.50468	0.24089	0.01366	0.09760	0.01813	0.01318	0.01663	0.01134	0.01461	0.00849	0.01003	0.00715	0.00483	0.00418	0.00137	0.00653	0.00344	0.00236	0.00747
5	0.01906	0.01865	0.01483	0.01242	0.01587	0.33299	0.00977	0.37372	0.02003	0.02360	0.01565	0.01593	0.08950	0.00693	0.00534	0.00156	0.00724	0.00503	0.00432	0.00756
6	0.02072	0.01527	0.01636	0.01254	0.01691	0.01691	0.01036	0.75622	0.02563	0.03436	0.01309	0.01309	0.00927	0.00654	0.00545	0.00164	0.00600	0.00491	0.00545	0.00927
7	0.01030	0.00969	0.01635	0.79530	0.03755	0.01211	0.01514	0.01393	0.01090	0.01393	0.00969	0.01453	0.00727	0.00545	0.00545	0.00182	0.00727	0.00484	0.00242	0.00606
8	0.00711	0.00511	0.00674	0.00727	0.00801	0.00474	0.00510	0.00877	0.01261	0.01738	0.35292	0.47211	0.04276	0.01450	0.00673	0.00200	0.00291	0.01304	0.00547	0.00474
9	0.00772	0.00557	0.00729	0.00686	0.00814	0.00514	0.00514	0.01029	0.01543	0.02186	0.77152	0.04072	0.05144	0.01115	0.00643	0.00171	0.00257	0.00986	0.00600	0.00514
10	0.01030	0.00969	0.01635	0.79530	0.03755	0.01211	0.01514	0.01393	0.01090	0.01393	0.00969	0.01453	0.00727	0.00545	0.00545	0.00182	0.00727	0.00484	0.00242	0.00606
11	0.01349	0.01295	0.02213	0.03346	0.77440	0.01295	0.01673	0.01673	0.01241	0.01781	0.01025	0.01349	0.00864	0.00486	0.00540	0.00162	0.00648	0.00486	0.00270	0.00864
12	0.00644	0.00552	0.00552	0.00552	0.00736	0.00460	0.00414	0.00782	0.01243	0.01473	0.05523	0.05247	0.77218	0.01381	0.00644	0.00184	0.00276	0.01151	0.00506	0.00460
13	0.00772	0.00557	0.00729	0.00686	0.00814	0.00514	0.00514	0.01029	0.01543	0.02186	0.77152	0.04072	0.05144	0.01115	0.00643	0.00171	0.00257	0.00986	0.00600	0.00514
14	0.01150	0.01128	0.01886	0.42990	0.02888	0.01383	0.12650	0.03950	0.01098	0.01493	0.00929	0.01377	0.00746	0.00652	0.00913	0.00198	0.23174	0.00507	0.00257	0.00634
15	0.02096	0.01490	0.01613	0.01237	0.01672	0.01635	0.01022	0.71062	0.02501	0.08084	0.01362	0.01343	0.00954	0.00656	0.00546	0.00164	0.00591	0.00494	0.00553	0.00927
16	0.01259	0.01203	0.02049	0.24937	0.56557	0.01272	0.01628	0.01594	0.01198	0.01671	0.01009	0.01379	0.00825	0.00503	0.00541	0.00168	0.00670	0.00485	0.00262	0.00790
17	0.00947	0.00473	0.00710	0.00710	0.00710	0.00473	0.00473	0.00710	0.00710	0.00947	0.00947	0.01657	0.00947	0.01894	0.02131	0.84138	0.00473	0.00473	0.00237	0.00237
18	0.01055	0.00868	0.00971	0.00957	0.01145	0.00958	0.00708	0.01966	0.43617	0.01894	0.02561	0.36196	0.02510	0.01161	0.00616	0.00201	0.00381	0.01023	0.00534	0.00680
19	0.01130	0.00969	0.01130	0.00807	0.01292	0.00727	0.00646	0.01373	0.01130	0.01776	0.00969	0.01130	0.00807	0.00404	0.00404	0.00081	0.00404	0.00323	0.00323	0.84173
20	0.00644	0.00552	0.00552	0.00552	0.00736	0.00460	0.00414	0.00782	0.01243	0.01473	0.05523	0.05247	0.77218	0.01381	0.00644	0.00184	0.00276	0.01151	0.00506	0.00460
21	0.00664	0.00474	0.00633	0.00759	0.00791	0.00443	0.00506	0.00759	0.01044	0.01392	0.03005	0.80485	0.03606	0.01708	0.00696	0.00221	0.00316	0.01550	0.00506	0.00443
22	0.01299	0.47051	0.35585	0.01203	0.01817	0.01769	0.01404	0.01673	0.01127	0.01476	0.00854	0.00995	0.00696	0.00489	0.00423	0.00141	0.00680	0.00340	0.00232	0.00746
23	0.01349	0.01295	0.02213	0.03346	0.77440	0.01295	0.01673	0.01673	0.01241	0.01781	0.01025	0.01349	0.00864	0.00486	0.00540	0.00162	0.00648	0.00486	0.00270	0.00864
24	0.00914	0.00782	0.01135	0.01057	0.01123	0.01004	0.00848	0.01084	0.00863	0.01281	0.01218	0.01832	0.01152	0.03067	0.53624	0.00668	0.27003	0.00549	0.00275	0.00522
25	0.01387	0.01478	0.03016	0.02165	0.02702	0.01418	0.65984	0.11153	0.01449	0.01961	0.01129	0.01450	0.00840	0.00484	0.00631	0.00181	0.00878	0.00624	0.00310	0.00760

[dist]
# distance from previous block
# <min> <max>
0	3

[block]
# block no. 2 follows, 44 sequences, length 91
# corresponding to MSA columns:
# 165-255
name=unknown_C
#
# <colnr> <probs for GDERKNQSTAVLIFYWHMCP>
#	G	D	E	R	K	N	Q	S	T	A	V	L	I	F	Y	W	H	M	C	P
0	0.00970	0.00601	0.00792	0.00720	0.00883	0.00548	0.00548	0.01222	0.01545	0.11155	0.68258	0.03809	0.04694	0.01062	0.00632	0.00171	0.00282	0.00934	0.00609	0.00563
1	0.01350	0.01289	0.02164	0.03234	0.73629	0.01298	0.01633	0.01734	0.05011	0.01806	0.01085	0.01384	0.00904	0.00498	0.00540	0.00163	0.00637	0.00492	0.00284	0.00864
2	0.00664	0.00474	0.00633	0.00759	0.00791	0.00443	0.00506	0.00759	0.01044	0.01392	0.03005	0.80485	0.03606	0.01708	0.00696	0.00221	0.00316	0.01550	0.00506	0.00443
3	0.01130	0.00969	0.01130	0.00807	0.01292	0.00727	0.00646	0.01373	0.01130	0.01776	0.00969	0.01130	0.00807	0.00404	0.00404	0.00081	0.00404	0.00323	0.00323	0.84173
4	0.00674	0.00481	0.00644	0.00770	0.00806	0.00451	0.00523	0.00776	0.01053	0.01403	0.02999	0.77118	0.03585	0.01699	0.00698	0.00223	0.00325	0.04820	0.00506	0.00445
5	0.01102	0.04730	0.76183	0.01539	0.02336	0.01288	0.01988	0.01724	0.01150	0.01716	0.00973	0.01144	0.00691	0.00517	0.00514	0.00171	0.00800	0.00400	0.00230	0.00803
6	0.01016	0.00508	0.00508	0.00508	0.00635	0.00508	0.00381	0.01270	0.01143	0.02033	0.01778	0.02033	0.01397	0.00635	0.00381	0.00127	0.00254	0.00508	0.83867	0.00508
7	0.01130	0.00969	0.01130	0.00807	0.01292	0.00727	0.00646	0.01373	0.01130	0.01776	0.00969	0.01130	0.00807	0.00404	0.00404	0.00081	0.00404	0.00323	0.00323	0.84173
8	0.00709	0.00493	0.00619	0.00702	0.00722	0.00473	0.00445	0.00771	0.00956	0.01275	0.02554	0.53571	0.03038	0.29396	0.01423	0.00329	0.00391	0.01285	0.00445	0.00403
9	0.01193	0.01193	0.01670	0.01431	0.01431	0.01670	0.01193	0.01312	0.00835	0.01312	0.00716	0.01193	0.00716	0.00954	0.01789	0.00239	0.79843	0.00477	0.00239	0.00596
10	0.01180	0.00967	0.01136	0.00814	0.01296	0.00730	0.00652	0.01421	0.01147	0.04663	0.01014	0.01158	0.00828	0.00414	0.00409	0.00084	0.00406	0.00332	0.00336	0.81014
11	0.00715	0.00499	0.00633	0.00719	0.00745	0.00479	0.00469	0.00788	0.00975	0.01297	0.02591	0.52509	0.03069	0.26760	0.01357	0.00320	0.00393	0.04823	0.00450	0.00410
12	0.01030	0.00969	0.01635	0.79530	0.03755	0.01211	0.01514	0.01393	0.01090	0.01393	0.00969	0.01453	0.00727	0.00545	0.00545	0.00182	0.00727	0.00484	0.00242	0.00606
13	0.01458	0.81168	0.02857	0.00933	0.01399	0.02157	0.00933	0.01632	0.01108	0.01283	0.00758	0.00875	0.00700	0.00466	0.00350	0.00117	0.00583	0.00292	0.00233	0.00700
14	0.00706	0.00548	0.00643	0.00634	0.00778	0.00484	0.00470	0.00897	0.01367	0.01804	0.39240	0.11441	0.36460	0.01284	0.00648	0.00181	0.00271	0.01108	0.00551	0.00484
15	0.00793	0.00529	0.00595	0.00595	0.00595	0.00529	0.00330	0.00793	0.00793	0.01057	0.01718	0.03568	0.01982	0.80840	0.02775	0.00529	0.00529	0.00793	0.00330	0.00330
16	0.31187	0.01031	0.01139	0.00909	0.01303	0.01036	0.00751	0.09451	0.01438	0.44143	0.01581	0.01463	0.01042	0.00614	0.00474	0.00168	0.00462	0.00454	0.00544	0.00810
17	0.01130	0.00969	0.01130	0.00807	0.01292	0.00727	0.00646	0.01373	0.01130	0.01776	0.00969	0.01130	0.00807	0.00404	0.00404	0.00081	0.00404	0.00323	0.00323	0.84173
18	0.01112	0.01092	0.02064	0.43144	0.03076	0.01190	0.27260	0.01495	0.01159	0.01575	0.01104	0.01531	0.00841	0.00606	0.02380	0.00193	0.00766	0.00545	0.08228	0.00639
19	0.01287	0.01471	0.03217	0.02298	0.02849	0.01379	0.75460	0.01746	0.01287	0.01746	0.01103	0.01471	0.00827	0.00460	0.00643	0.00184	0.00919	0.00643	0.00276	0.00735
20	0.01699	0.48274	0.04202	0.01044	0.01502	0.01866	0.00974	0.21759	0.03765	0.08646	0.01078	0.01119	0.00847	0.00545	0.00430	0.00137	0.00578	0.00380	0.00366	0.00789
21	0.02260	0.01192	0.10882	0.01056	0.01526	0.00900	0.00964	0.05845	0.01555	0.64931	0.01966	0.01743	0.01248	0.00654	0.00544	0.00169	0.00513	0.00527	0.00613	0.00912
22	0.01349	0.01295	0.02213	0.03346	0.77440	0.01295	0.01673	0.01673	0.01241	0.01781	0.01025	0.01349	0.00864	0.00486	0.00540	0.00162	0.00648	0.00486	0.00270	0.00864
23	0.01324	0.01366	0.02615	0.02926	0.47561	0.01329	0.31229	0.01702	0.01260	0.01767	0.01057	0.01398	0.00849	0.00475	0.00581	0.00171	0.00756	0.00549	0.00272	0.00812
24	0.01120	0.01144	0.02189	0.52507	0.03438	0.01270	0.27387	0.01517	0.01159	0.01517	0.01016	0.01459	0.00762	0.00515	0.00579	0.00182	0.00794	0.00540	0.00254	0.00651
25	0.01428	0.53290	0.02432	0.01105	0.01430	0.07764	0.01013	0.01585	0.01066	0.01295	0.00753	0.00970	0.00704	0.00608	0.00756	0.00152	0.22398	0.00347	0.00238	0.00666
26	0.01030	0.00969	0.01635	0.79530	0.03755	0.01211	0.01514	0.01393	0.01090	0.01393	0.00969	0.01453	0.00727	0.00545	0.00545	0.00182	0.00727	0.00484	0.00242	0.00606
27	0.01130	0.00969	0.01130	0.00807	0.01292	0.00727	0.00646	0.01373	0.01130	0.01776	0.00969	0.01130	0.00807	0.00404	0.00404	0.00081	0.00404	0.00323	0.00323	0.84173
28	0.01607	0.01296	0.01374	0.01160	0.01513	0.01473	0.00924	0.28343	0.50600	0.02685	0.01901	0.01780	0.01406	0.00710	0.00551	0.00177	0.00490	0.00572	0.00551	0.00885
29	0.01287	0.01471	0.03217	0.02298	0.02849	0.01379	0.75460	0.01746	0.01287	0.01746	0.01103	0.01471	0.00827	0.00460	0.00643	0.00184	0.00919	0.00643	0.00276	0.00735
30	0.00947	0.00473	0.00710	0.00710	0.00710	0.00473	0.00473	0.00710	0.00710	0.00947	0.00947	0.01657	0.00947	0.01894	0.02131	0.84138	0.00473	0.00473	0.00237	0.00237
31	0.01356	0.01171	0.01233	0.01109	0.01418	0.01356	0.00863	0.02897	0.76455	0.02281	0.02219	0.02034	0.01664	0.00740	0.00555	0.00185	0.00431	0.00616	0.00555	0.00863
32	0.01016	0.00508	0.00508	0.00508	0.00635	0.00508	0.00381	0.01270	0.01143	0.02033	0.01778	0.02033	0.01397	0.00635	0.00381	0.00127	0.00254	0.00508	0.83867	0.00508
33	0.30309	0.01006	0.01355	0.50359	0.04352	0.01217	0.01194	0.01472	0.01036	0.01770	0.00897	0.01253	0.00682	0.00530	0.00472	0.00177	0.00618	0.00418	0.00276	0.00606
34	0.00873	0.00704	0.01039	0.12998	0.14120	0.00728	0.00802	0.01019	0.01009	0.01357	0.01978	0.32174	0.02223	0.25049	0.01270	0.00297	0.00498	0.00983	0.00374	0.00505
35	0.01016	0.00508	0.00508	0.00508	0.00635	0.00508	0.00381	0.01270	0.01143	0.02033	0.01778	0.02033	0.01397	0.00635	0.00381	0.00127	0.00254	0.00508	0.83867	0.00508
36	0.84691	0.01054	0.00801	0.00717	0.01054	0.01223	0.00590	0.01603	0.00928	0.02446	0.00759	0.00886	0.00590	0.00506	0.00337	0.00169	0.00422	0.00295	0.00337	0.00590
37	0.01349	0.01295	0.02213	0.03346	0.77440	0.01295	0.01673	0.01673	0.01241	0.01781	0.01025	0.01349	0.00864	0.00486	0.00540	0.00162	0.00648	0.00486	0.00270	0.00864
38	0.02072	0.01527	0.01636	0.01254	0.01691	0.01691	0.01036	0.75622	0.02563	0.03436	0.01309	0.01309	0.00927	0.00654	0.00545	0.00164	0.00600	0.00491	0.00545	0.00927
39	0.00793	0.00529	0.00595	0.00595	0.00595	0.00529	0.00330	0.00793	0.00793	0.01057	0.01718	0.03568	0.01982	0.80840	0.02775	0.00529	0.00529	0.00793	0.00330	0.00330
40	0.00784	0.00565	0.00778	0.00778	0.00841	0.00628	0.00559	0.00910	0.00847	0.01193	0.01550	0.02641	0.01580	0.30944	0.52121	0.00755	0.01134	0.00657	0.00305	0.00432
41	0.01219	0.01943	0.29389	0.02037	0.02678	0.01339	0.49761	0.01739	0.01239	0.01739	0.01059	0.01359	0.00779	0.00480	0.00599	0.00180	0.00879	0.00559	0.00260	0.00760
42	0.01093	0.02820	0.78016	0.01554	0.02360	0.01266	0.02014	0.01727	0.01151	0.01727	0.00978	0.01151	0.00691	0.00518	0.00518	0.00173	0.00806	0.00403	0.00230	0.00806
43	0.01276	0.01238	0.02160	0.19584	0.56396	0.01283	0.06849	0.01618	0.01212	0.01696	0.01019	0.01380	0.00832	0.00497	0.00548	0.00168	0.00684	0.00497	0.00264	0.00799
44	0.01023	0.00922	0.01259	0.01121	0.01135	0.01213	0.00882	0.01120	0.00829	0.01235	0.01099	0.01982	0.01157	0.23294	0.13284	0.00411	0.46674	0.00579	0.00272	0.00507
45	0.00664	0.00474	0.00633	0.00759	0.00791	0.00443	0.00506	0.00759	0.01044	0.01392	0.03005	0.80485	0.03606	0.01708	0.00696	0.00221	0.00316	0.01550	0.00506	0.00443
46	0.01439	0.77098	0.06761	0.00965	0.01449	0.02111	0.00989	0.01637	0.01110	0.01306	0.00769	0.00889	0.00699	0.00469	0.00359	0.00120	0.00595	0.00297	0.00233	0.00705
47	0.00827	0.00553	0.00740	0.00831	0.00915	0.00528	0.00616	0.01003	0.02826	0.05472	0.06174	0.54069	0.03404	0.01560	0.00696	0.00223	0.00367	0.18183	0.00519	0.00494
48	0.01193	0.01193	0.01670	0.01431	0.01431	0.01670	0.01193	0.01312	0.00835	0.01312	0.00716	0.01193	0.00716	0.00954	0.01789	0.00239	0.79843	0.00477	0.00239	0.00596
49	0.00793	0.00529	0.00595	0.00595	0.00595	0.00529	0.00330	0.00793	0.00793	0.01057	0.01718	0.03568	0.01982	0.80840	0.02775	0.00529	0.00529	0.00793	0.00330	0.00330
50	0.03302	0.25381	0.54387	0.01354	0.02050	0.01522	0.01666	0.01696	0.01133	0.01617	0.00909	0.01065	0.00691	0.00503	0.00465	0.00156	0.00732	0.00368	0.00234	0.00770
51	0.01643	0.01624	0.01352	0.01196	0.01496	0.26099	0.00927	0.09040	0.37344	0.04883	0.01799	0.01746	0.04672	0.00708	0.00574	0.00170	0.02961	0.00538	0.00459	0.00771
52	0.01030	0.00969	0.01635	0.79530	0.03755	0.01211	0.01514	0.01393	0.01090	0.01393	0.00969	0.01453	0.00727	0.00545	0.00545	0.00182	0.00727	0.00484	0.00242	0.00606
53	0.01193	0.01193	0.01670	0.01431	0.01431	0.01670	0.01193	0.01312	0.00835	0.01312	0.00716	0.01193	0.00716	0.00954	0.01789	0.00239	0.79843	0.00477	0.00239	0.00596
54	0.01275	0.01301	0.05533	0.18091	0.59700	0.01278	0.01658	0.01621	0.01208	0.01703	0.01012	0.01361	0.00829	0.00499	0.00540	0.00166	0.00670	0.00482	0.00263	0.00811
55	0.08418	0.01324	0.01433	0.01190	0.01520	0.03242	0.02396	0.28472	0.31416	0.04065	0.01564	0.01556	0.01170	0.00702	0.00663	0.00180	0.08844	0.00524	0.00491	0.00829
56	0.01209	0.01318	0.00984	0.00931	0.01142	0.27903	0.00695	0.01482	0.08109	0.01559	0.10283	0.09616	0.30592	0.01038	0.00587	0.00171	0.00539	0.00840	0.00441	0.00560
57	0.00644	0.00552	0.00552	0.00552	0.00736	0.00460	0.00414	0.00782	0.01243	0.01473	0.05523	0.05247	0.77218	0.01381	0.00644	0.00184	0.00276	0.01151	0.00506	0.00460
58	0.02037	0.02598	0.01545	0.01404	0.01685	0.78652	0.01053	0.02177	0.01545	0.01334	0.00843	0.00983	0.00702	0.00562	0.00492	0.00140	0.00983	0.00351	0.00281	0.00632
59	0.01128	0.02075	0.46719	0.01369	0.01951	0.01196	0.02990	0.01927	0.19743	0.01871	0.04375	0.02003	0.01355	0.00696	0.00559	0.00184	0.00663	0.08067	0.00353	0.00776
60	0.02319	0.00983	0.04154	0.00979	0.01402	0.00806	0.00834	0.02548	0.01544	0.71504	0.05503	0.01929	0.01496	0.00689	0.00551	0.00169	0.00468	0.00563	0.00655	0.00904
61	0.01084	0.02724	0.74654	0.01530	0.02306	0.01238	0.01965	0.01701	0.01156	0.01722	0.01062	0.01369	0.00797	0.00561	0.00528	0.00176	0.00792	0.03600	0.00242	0.00792
62	0.01454	0.78132	0.02795	0.00940	0.01400	0.02127	0.00930	0.01680	0.03968	0.01321	0.00813	0.00919	0.00736	0.00477	0.00358	0.00119	0.00577	0.00304	0.00245	0.00706
63	0.02380	0.01034	0.01331	0.01020	0.01445	0.00959	0.00843	0.15570	0.01738	0.64653	0.02002	0.01759	0.01275	0.00671	0.00548	0.00168	0.00488	0.00538	0.00652	0.00928
64	0.00748	0.00556	0.00695	0.00661	0.00800	0.00504	0.00495	0.00982	0.01486	0.02051	0.63616	0.04294	0.18764	0.01165	0.00643	0.00174	0.00261	0.01017	0.00582	0.00504
65	0.01016	0.00508	0.00508	0.00508	0.00635	0.00508	0.00381	0.01270	0.01143	0.02033	0.01778	0.02033	0.01397	0.00635	0.00381	0.00127	0.00254	0.00508	0.83867	0.00508
66	0.00664	0.00476	0.00630	0.00754	0.00789	0.00443	0.00504	0.00760	0.01049	0.01394	0.03071	0.78510	0.05538	0.01699	0.00694	0.00220	0.00315	0.01539	0.00506	0.00443
67	0.02429	0.00955	0.01282	0.00983	0.01405	0.00842	0.00812	0.05961	0.01606	0.74449	0.02113	0.01831	0.01330	0.00674	0.00548	0.00168	0.00470	0.00546	0.00669	0.00928
68	0.01425	0.74139	0.09600	0.00989	0.01485	0.02077	0.01030	0.01641	0.01112	0.01322	0.00778	0.00899	0.00699	0.00471	0.00365	0.00122	0.00603	0.00302	0.00233	0.00709
69	0.00784	0.00550	0.00712	0.00715	0.00756	0.00590	0.00480	0.00867	0.00833	0.01151	0.01643	0.04886	0.01767	0.47196	0.34057	0.00664	0.00908	0.00725	0.00319	0.00398
70	0.01016	0.00508	0.00508	0.00508	0.00635	0.00508	0.00381	0.01270	0.01143	0.02033	0.01778	0.02033	0.01397	0.00635	0.00381	0.00127	0.00254	0.00508	0.83867	0.00508
71	0.01458	0.81168	0.02857	0.00933	0.01399	0.02157	0.00933	0.01632	0.01108	0.01283	0.00758	0.00875	0.00700	0.00466	0.00350	0.00117	0.00583	0.00292	0.00233	0.00700
72	0.00726	0.00579	0.00666	0.00710	0.00874	0.00519	0.00577	0.00904	0.01247	0.01528	0.04600	0.05563	0.51298	0.01425	0.00682	0.00208	0.00355	0.26560	0.00505	0.00475
73	0.00879	0.00628	0.00879	0.01004	0.01130	0.00628	0.00879	0.01130	0.01255	0.01632	0.02887	0.06150	0.03138	0.01506	0.00753	0.00251	0.00502	0.73770	0.00502	0.00502
74	0.01030	0.00969	0.01635	0.79530	0.03755	0.01211	0.01514	0.01393	0.01090	0.01393	0.00969	0.01453	0.00727	0.00545	0.00545	0.00182	0.00727	0.00484	0.00242	0.00606
75	0.01016	0.00508	0.00508	0.00508	0.00635	0.00508	0.00381	0.01270	0.01143	0.02033	0.01778	0.02033	0.01397	0.00635	0.00381	0.00127	0.00254	0.00508	0.83867	0.00508
76	0.01129	0.10438	0.70708	0.01493	0.02266	0.01353	0.01909	0.01717	0.01147	0.01683	0.00957	0.01124	0.00691	0.00513	0.00502	0.00167	0.00784	0.00392	0.00230	0.00795
77	0.00885	0.00639	0.00809	0.00762	0.00899	0.00581	0.00563	0.01109	0.01603	0.02275	0.75965	0.04171	0.05172	0.01176	0.00687	0.00191	0.00297	0.01012	0.00632	0.00571
78	0.00748	0.00510	0.00608	0.00652	0.00663	0.00499	0.00392	0.00781	0.00881	0.01174	0.02168	0.30481	0.02550	0.53152	0.02047	0.00421	0.00454	0.01058	0.00392	0.00370
79	0.01017	0.01460	0.19503	0.01516	0.01997	0.01031	0.32295	0.01404	0.01240	0.01646	0.02621	0.02718	0.27525	0.00795	0.00615	0.00181	0.00668	0.00765	0.00346	0.00655
80	0.01773	0.01104	0.01264	0.01068	0.01422	0.01178	0.00850	0.06416	0.46588	0.28768	0.02150	0.01936	0.01518	0.00713	0.00552	0.00178	0.00451	0.00586	0.00596	0.00889
81	0.01183	0.02287	0.51492	0.02181	0.28630	0.01276	0.01895	0.01708	0.01183	0.01746	0.00995	0.01220	0.00751	0.00507	0.00526	0.00169	0.00750	0.00432	0.00244	0.00826
82	0.01367	0.61618	0.21612	0.01088	0.01639	0.01935	0.01203	0.01656	0.01119	0.01393	0.00813	0.00944	0.00697	0.00479	0.00392	0.00131	0.00639	0.00319	0.00232	0.00726
83	0.02353	0.01077	0.01358	0.01041	0.01466	0.01023	0.00860	0.20864	0.01811	0.59256	0.01941	0.01719	0.01244	0.00670	0.00548	0.00167	0.00498	0.00534	0.00642	0.00928
84	0.01769	0.01354	0.01449	0.01183	0.01562	0.01519	0.00954	0.41664	0.34956	0.05018	0.01732	0.01642	0.01262	0.00692	0.00550	0.00173	0.00522	0.00548	0.00553	0.00899
85	0.01580	0.01159	0.01285	0.01081	0.01376	0.01254	0.00851	0.49427	0.02032	0.02721	0.01902	0.29012	0.01864	0.01023	0.00598	0.00184	0.00501	0.00861	0.00532	0.00758
86	0.01258	0.00681	0.00883	0.00856	0.01025	0.00639	0.00628	0.07233	0.01304	0.22210	0.02639	0.52929	0.02783	0.01345	0.00644	0.00203	0.00379	0.01195	0.00555	0.00612
87	0.01155	0.01012	0.01530	0.02118	0.41536	0.01034	0.01107	0.01510	0.10004	0.01587	0.01409	0.02207	0.01350	0.28632	0.01324	0.00293	0.00580	0.00609	0.00325	0.00677
88	0.30245	0.00796	0.00758	0.00708	0.00888	0.00864	0.00507	0.01366	0.09325	0.03895	0.03386	0.04185	0.06579	0.32813	0.01379	0.00317	0.00451	0.00637	0.00389	0.00512
89	0.55921	0.01190	0.01065	0.00887	0.01250	0.01351	0.00730	0.25143	0.01466	0.02753	0.03188	0.01114	0.00832	0.00571	0.00413	0.00167	0.00474	0.00378	0.00411	0.00695
90	0.01449	0.79397	0.04556	0.00947	0.01421	0.02137	0.00957	0.01635	0.01109	0.01293	0.00763	0.00881	0.00699	0.00468	0.00354	0.00118	0.00588	0.00294	0.00233	0.00702

[dist]
# distance from previous block
# <min> <max>
0	2

[block]
# block no. 3 follows, 44 sequences, length 31
# corresponding to MSA columns:
# 258-288
name=unknown_D
#
# <colnr> <probs for GDERKNQSTAVLIFYWHMCP>
#	G	D	E	R	K	N	Q	S	T	A	V	L	I	F	Y	W	H	M	C	P
0	0.01562	0.01108	0.01455	0.01240	0.01404	0.03268	0.01029	0.03658	0.05081	0.22635	0.01419	0.01896	0.01179	0.00901	0.01217	0.00213	0.42048	0.07574	0.00410	0.00702
1	0.00722	0.00562	0.00660	0.00654	0.00808	0.00500	0.00502	0.00923	0.01374	0.01797	0.36289	0.04825	0.38856	0.01278	0.00654	0.00185	0.00290	0.08087	0.00547	0.00488
2	0.01379	0.01024	0.01160	0.00965	0.01240	0.01089	0.00767	0.33297	0.08012	0.02732	0.38465	0.02718	0.03048	0.00886	0.00594	0.00169	0.00419	0.00743	0.00573	0.00720
3	0.01356	0.01171	0.01233	0.01109	0.01418	0.01356	0.00863	0.02897	0.76455	0.02281	0.02219	0.02034	0.01664	0.00740	0.00555	0.00185	0.00431	0.00616	0.00555	0.00863
4	0.01441	0.77532	0.06345	0.00962	0.01444	0.02116	0.00983	0.01637	0.01110	0.01303	0.00768	0.00887	0.00699	0.00469	0.00358	0.00119	0.00593	0.00297	0.00233	0.00705
5	0.00644	0.00552	0.00552	0.00552	0.00736	0.00460	0.00414	0.00782	0.01243	0.01473	0.05523	0.05247	0.77218	0.01381	0.00644	0.00184	0.00276	0.01151	0.00506	0.00460
6	0.01093	0.02820	0.78016	0.01554	0.02360	0.01266	0.02014	0.01727	0.01151	0.01727	0.00978	0.01151	0.00691	0.00518	0.00518	0.00173	0.00806	0.00403	0.00230	0.00806
7	0.00772	0.00557	0.00729	0.00686	0.00814	0.00514	0.00514	0.01029	0.01543	0.02186	0.77152	0.04072	0.05144	0.01115	0.00643	0.00171	0.00257	0.00986	0.00600	0.00514
8	0.00947	0.00473	0.00710	0.00710	0.00710	0.00473	0.00473	0.00710	0.00710	0.00947	0.00947	0.01657	0.00947	0.01894	0.02131	0.84138	0.00473	0.00473	0.00237	0.00237
9	0.49528	0.01329	0.01150	0.00956	0.01325	0.06715	0.00781	0.28053	0.01554	0.02723	0.00961	0.01043	0.00718	0.00563	0.00422	0.00165	0.00524	0.00369	0.00408	0.00713
10	0.01290	0.45158	0.37401	0.01218	0.01841	0.01748	0.01430	0.01676	0.01128	0.01487	0.00859	0.01002	0.00695	0.00490	0.00427	0.00142	0.00685	0.00343	0.00232	0.00748
11	0.02178	0.01255	0.01453	0.01119	0.01534	0.01297	0.00919	0.44046	0.02104	0.32947	0.01658	0.01603	0.01131	0.03392	0.00622	0.00178	0.00543	0.00524	0.00590	0.00907
12	0.03836	0.00798	0.00889	0.00884	0.01040	0.00870	0.00637	0.01702	0.33099	0.01760	0.02419	0.33907	0.02456	0.12038	0.00907	0.00246	0.00398	0.01007	0.00497	0.00611
13	0.49690	0.01000	0.00999	0.00825	0.01198	0.01044	0.00680	0.02051	0.01197	0.34522	0.01351	0.01298	0.00913	0.00578	0.00427	0.00169	0.00440	0.00403	0.00481	0.00734
14	0.01071	0.01093	0.02221	0.01693	0.02051	0.01082	0.43636	0.01417	0.01112	0.01542	0.01255	0.01756	0.01055	0.02004	0.33854	0.00478	0.01149	0.00618	0.00283	0.00630
15	0.01590	0.01871	0.01601	0.34703	0.04528	0.43692	0.01265	0.01830	0.01344	0.01371	0.00901	0.01193	0.00717	0.00553	0.00516	0.00159	0.00865	0.00411	0.00264	0.00627
16	0.01779	0.01357	0.01453	0.01184	0.01565	0.01521	0.00955	0.42470	0.33979	0.05188	0.01722	0.01634	0.01254	0.00691	0.00549	0.00173	0.00524	0.00546	0.00553	0.00900
17	0.02446	0.00928	0.01265	0.00970	0.01392	0.00801	0.00801	0.02657	0.01560	0.77817	0.02151	0.01856	0.01350	0.00675	0.00548	0.00169	0.00464	0.00548	0.00675	0.00928
18	0.00664	0.00474	0.00633	0.00759	0.00791	0.00443	0.00506	0.00759	0.01044	0.01392	0.03005	0.80485	0.03606	0.01708	0.00696	0.00221	0.00316	0.01550	0.00506	0.00443
19	0.02054	0.01067	0.01292	0.01044	0.01430	0.01071	0.00845	0.10067	0.26008	0.45787	0.02088	0.01859	0.01409	0.00694	0.00550	0.00173	0.00467	0.00565	0.00623	0.00907
20	0.01352	0.01242	0.01796	0.02394	0.45086	0.01321	0.01328	0.02194	0.33250	0.01994	0.01533	0.01641	0.01204	0.00594	0.00546	0.00172	0.00556	0.00541	0.00391	0.00863
21	0.02331	0.01113	0.01380	0.01058	0.01484	0.01076	0.00874	0.25175	0.01870	0.54861	0.01891	0.01687	0.01219	0.00668	0.00547	0.00167	0.00506	0.00531	0.00635	0.00928
22	0.37213	0.01941	0.01228	0.01112	0.01417	0.45700	0.00856	0.01933	0.01282	0.01807	0.00807	0.00942	0.00655	0.00538	0.00426	0.00152	0.00744	0.00327	0.00305	0.00614
23	0.01581	0.00938	0.01148	0.00899	0.01290	0.00816	0.00717	0.05959	0.06928	0.27303	0.05518	0.08382	0.01518	0.00681	0.00508	0.00139	0.00422	0.00568	0.00500	0.34186
24	0.01706	0.00950	0.01409	0.34386	0.02387	0.00968	0.01088	0.01985	0.01316	0.37385	0.01525	0.01609	0.01028	0.00591	0.00532	0.00165	0.00570	0.00498	0.00454	0.09448
25	0.01068	0.34879	0.01719	0.00900	0.01155	0.01309	0.00788	0.01254	0.00975	0.01273	0.01161	0.01602	0.01081	0.02547	0.45344	0.00553	0.01087	0.00460	0.00267	0.00577
26	0.00676	0.00483	0.00645	0.00761	0.00801	0.00452	0.00516	0.00785	0.01080	0.01446	0.07506	0.73908	0.03687	0.01667	0.00694	0.00219	0.00318	0.03394	0.00512	0.00449
27	0.02231	0.01272	0.01478	0.01133	0.01563	0.01312	0.00936	0.44570	0.02136	0.35091	0.01667	0.01542	0.01107	0.00663	0.00547	0.00166	0.00542	0.00515	0.00600	0.00927
28	0.00954	0.00830	0.01298	0.01842	0.33406	0.00807	0.00995	0.01150	0.01145	0.01564	0.02378	0.40375	0.08732	0.01160	0.00625	0.00193	0.00454	0.01063	0.00406	0.00623
29	0.00701	0.00544	0.00638	0.00637	0.00777	0.00481	0.00469	0.00884	0.01343	0.01765	0.35663	0.15000	0.36514	0.01312	0.00651	0.00184	0.00274	0.01135	0.00546	0.00481
30	0.01168	0.00991	0.01151	0.00825	0.01308	0.00765	0.00661	0.04318	0.01187	0.01842	0.00982	0.01138	0.00812	0.00414	0.00409	0.00084	0.00412	0.00330	0.00332	0.80871

[dist]
# distance from previous block
# <min> <max>
1	22

[block]
# block no. 4 follows, 44 sequences, length 10
# corresponding to MSA columns:
# 312-321
name=unknown_E
#
# <colnr> <probs for GDERKNQSTAVLIFYWHMCP>
#	G	D	E	R	K	N	Q	S	T	A	V	L	I	F	Y	W	H	M	C	P
0	0.01126	0.00977	0.01594	0.71198	0.03505	0.01195	0.01441	0.01539	0.04815	0.05798	0.01098	0.01505	0.00808	0.00562	0.00546	0.00181	0.00697	0.00495	0.00282	0.00637
1	0.01309	0.01408	0.02857	0.02673	0.29576	0.01349	0.49021	0.01720	0.01270	0.01759	0.01075	0.01427	0.00840	0.00469	0.00606	0.00176	0.00822	0.00587	0.00274	0.00781
2	0.01187	0.00823	0.00975	0.00923	0.01099	0.00848	0.00685	0.24118	0.01541	0.05656	0.02437	0.52141	0.02666	0.01331	0.00642	0.00201	0.00411	0.01173	0.00526	0.00616
3	0.00807	0.00568	0.00693	0.00715	0.00847	0.00504	0.00504	0.00957	0.01084	0.01576	0.02526	0.50109	0.05373	0.01280	0.00587	0.00179	0.00319	0.01138	0.15428	0.14806
4	0.01032	0.01013	0.01873	0.01448	0.01800	0.00913	0.33617	0.01318	0.01168	0.01625	0.01758	0.29714	0.01819	0.00896	0.00614	0.00177	0.00600	0.00904	0.00368	0.17344
5	0.01259	0.34959	0.19000	0.01026	0.01575	0.01446	0.01071	0.01560	0.01126	0.01559	0.00883	0.01028	0.00736	0.00455	0.00407	0.00116	0.00568	0.00328	0.00265	0.30633
6	0.01466	0.01355	0.02227	0.02869	0.56040	0.01372	0.09890	0.14356	0.01473	0.02061	0.01083	0.01356	0.00870	0.00512	0.00552	0.00165	0.00670	0.00504	0.00318	0.00860
7	0.00971	0.00818	0.01094	0.01220	0.14141	0.00724	0.00812	0.01206	0.01237	0.01709	0.08669	0.03492	0.19070	0.00950	0.00581	0.00165	0.00427	0.17399	0.00419	0.24896
8	0.16152	0.00919	0.00984	0.00867	0.01136	0.00930	0.00667	0.18889	0.01411	0.02139	0.01980	0.29777	0.05787	0.01000	0.00543	0.00172	0.00416	0.00841	0.00454	0.14937
9	0.08533	0.01399	0.02715	0.01961	0.02477	0.01343	0.56804	0.08078	0.01367	0.04448	0.01119	0.01404	0.00832	0.00485	0.00595	0.00176	0.00811	0.00583	0.00319	0.04551

[dist]
# distance from previous block
# <min> <max>
42	158

[block]
# block no. 5 follows, 44 sequences, length 39
# corresponding to MSA columns:
# 517-555
name=unknown_F
#
# <colnr> <probs for GDERKNQSTAVLIFYWHMCP>
#	G	D	E	R	K	N	Q	S	T	A	V	L	I	F	Y	W	H	M	C	P
0	0.17684	0.14664	0.05333	0.01425	0.01867	0.10883	0.24075	0.07652	0.01316	0.05945	0.01027	0.01216	0.00793	0.00632	0.03082	0.00185	0.00738	0.00453	0.00323	0.00709
1	0.07475	0.14292	0.17023	0.20264	0.08429	0.01317	0.05952	0.01789	0.01204	0.15564	0.01151	0.01325	0.00837	0.00538	0.00500	0.00165	0.00655	0.00445	0.00329	0.00748
2	0.09861	0.01343	0.02420	0.01016	0.01235	0.24759	0.00779	0.06449	0.01382	0.06765	0.09364	0.25632	0.02164	0.01006	0.00570	0.00179	0.00571	0.03471	0.00438	0.00596
3	0.30609	0.01516	0.01262	0.01060	0.01408	0.17377	0.00849	0.28291	0.03643	0.02551	0.05701	0.01283	0.01042	0.00614	0.00468	0.00162	0.00592	0.00428	0.00422	0.00722
4	0.24237	0.02117	0.22492	0.01230	0.01678	0.30077	0.01176	0.01943	0.03998	0.05006	0.00963	0.01078	0.00731	0.00546	0.00462	0.00160	0.00739	0.00368	0.00309	0.00690
5	0.17073	0.04532	0.01252	0.01062	0.01328	0.00936	0.10134	0.04471	0.01253	0.04364	0.02389	0.03857	0.11147	0.01057	0.00612	0.00206	0.00518	0.32785	0.00438	0.00584
6	0.05320	0.01540	0.02442	0.01825	0.02282	0.13478	0.45270	0.04418	0.05376	0.07958	0.03774	0.01511	0.01033	0.00539	0.00590	0.00174	0.00811	0.00579	0.00347	0.00734
7	0.01233	0.01176	0.02002	0.31132	0.50565	0.01265	0.01615	0.01571	0.01186	0.01640	0.01005	0.01387	0.00814	0.00507	0.00542	0.00169	0.00677	0.00485	0.00260	0.00769
8	0.01357	0.00850	0.01015	0.00933	0.01174	0.03352	0.00760	0.05095	0.10647	0.19696	0.19455	0.03725	0.07437	0.01052	0.00631	0.00194	0.00435	0.20956	0.00566	0.00669
9	0.01121	0.01144	0.05283	0.54876	0.24092	0.01237	0.01581	0.01486	0.01135	0.01516	0.00985	0.01411	0.00763	0.00527	0.00542	0.00176	0.00708	0.00481	0.00249	0.00686
10	0.02322	0.00974	0.01280	0.00982	0.01400	0.00871	0.00809	0.09121	0.01634	0.66443	0.03949	0.01837	0.01389	0.00674	0.00545	0.00165	0.00469	0.00546	0.00648	0.03940
11	0.01983	0.10372	0.01688	0.01338	0.01657	0.61246	0.01039	0.11385	0.01629	0.01594	0.00893	0.01013	0.00730	0.00564	0.00484	0.00141	0.00895	0.00363	0.00309	0.00676
12	0.01016	0.00508	0.00508	0.00508	0.00635	0.00508	0.00381	0.01270	0.01143	0.02033	0.01778	0.02033	0.01397	0.00635	0.00381	0.00127	0.00254	0.00508	0.83867	0.00508
13	0.01487	0.01566	0.02047	0.05691	0.58342	0.18062	0.01533	0.01772	0.01302	0.01670	0.00984	0.01274	0.00824	0.00504	0.00529	0.00158	0.00723	0.00457	0.00271	0.00804
14	0.01799	0.00929	0.01177	0.00898	0.01306	0.00790	0.00729	0.05898	0.01471	0.40146	0.10656	0.01855	0.01603	0.00638	0.00512	0.00140	0.00427	0.00524	0.00545	0.27957
15	0.01159	0.16918	0.64491	0.01442	0.02187	0.01426	0.01820	0.01710	0.01143	0.01647	0.00939	0.01101	0.00692	0.00509	0.00488	0.00163	0.00766	0.00383	0.00231	0.00787
16	0.01119	0.08281	0.72777	0.01511	0.02293	0.01328	0.01939	0.01720	0.01148	0.01696	0.00963	0.01132	0.00691	0.00514	0.00506	0.00169	0.00790	0.00395	0.00230	0.00798
17	0.00659	0.00494	0.00612	0.00706	0.00777	0.00447	0.00483	0.00765	0.01094	0.01412	0.03646	0.61331	0.22346	0.01625	0.00683	0.00212	0.00306	0.01448	0.00506	0.00447
18	0.22985	0.06850	0.01462	0.01086	0.01466	0.07026	0.00899	0.41735	0.01879	0.02758	0.01235	0.01289	0.03584	0.00632	0.00514	0.00163	0.02776	0.00441	0.00442	0.00779
19	0.01293	0.01488	0.10094	0.04387	0.44229	0.01329	0.22611	0.01679	0.01226	0.01739	0.01029	0.01360	0.00827	0.00501	0.00616	0.00173	0.03826	0.00522	0.00266	0.00806
20	0.00664	0.00474	0.00633	0.00759	0.00791	0.00443	0.00506	0.00759	0.01044	0.01392	0.03005	0.80485	0.03606	0.01708	0.00696	0.00221	0.00316	0.01550	0.00506	0.00443
21	0.01307	0.01252	0.02136	0.13536	0.67584	0.01284	0.01652	0.01636	0.01221	0.01729	0.01018	0.01363	0.00845	0.00494	0.00540	0.00165	0.00658	0.00486	0.00266	0.00829
22	0.01583	0.01137	0.01187	0.01039	0.01340	0.07497	0.00815	0.07264	0.34133	0.19059	0.06509	0.07336	0.05018	0.00837	0.00571	0.00180	0.00474	0.02680	0.00554	0.00788
23	0.01166	0.01124	0.01975	0.51812	0.15544	0.01271	0.13001	0.04625	0.01207	0.01597	0.01013	0.01433	0.00773	0.00527	0.00559	0.00178	0.00738	0.00510	0.00265	0.00681
24	0.01016	0.00508	0.00508	0.00508	0.00635	0.00508	0.00381	0.01270	0.01143	0.02033	0.01778	0.02033	0.01397	0.00635	0.00381	0.00127	0.00254	0.00508	0.83867	0.00508
25	0.01093	0.02820	0.78016	0.01554	0.02360	0.01266	0.02014	0.01727	0.01151	0.01727	0.00978	0.01151	0.00691	0.00518	0.00518	0.00173	0.00806	0.00403	0.00230	0.00806
26	0.00803	0.00580	0.00758	0.00778	0.00878	0.00578	0.00582	0.00966	0.01169	0.03763	0.18805	0.25314	0.13750	0.06816	0.10734	0.00310	0.03835	0.08614	0.00481	0.00486
27	0.00671	0.00479	0.00640	0.00767	0.00802	0.00449	0.00518	0.00771	0.01051	0.01399	0.03001	0.78106	0.03591	0.01702	0.00698	0.00222	0.00322	0.03860	0.00506	0.00445
28	0.00729	0.00525	0.00691	0.00715	0.00805	0.00486	0.00511	0.00923	0.01347	0.01875	0.48070	0.34043	0.04541	0.01347	0.00664	0.00191	0.00280	0.01207	0.00563	0.00486
29	0.01030	0.00969	0.01635	0.79530	0.03755	0.01211	0.01514	0.01393	0.01090	0.01393	0.00969	0.01453	0.00727	0.00545	0.00545	0.00182	0.00727	0.00484	0.00242	0.00606
30	0.04623	0.27175	0.01975	0.01123	0.01557	0.01803	0.00976	0.44483	0.06885	0.02632	0.01172	0.01202	0.00891	0.00594	0.00476	0.00150	0.00577	0.00428	0.00438	0.00838
31	0.01016	0.00508	0.00508	0.00508	0.00635	0.00508	0.00381	0.01270	0.01143	0.02033	0.01778	0.02033	0.01397	0.00635	0.00381	0.00127	0.00254	0.00508	0.83867	0.00508
32	0.00644	0.00552	0.00552	0.00552	0.00736	0.00460	0.00414	0.00782	0.01243	0.01473	0.05523	0.05247	0.77218	0.01381	0.00644	0.00184	0.00276	0.01151	0.00506	0.00460
33	0.44792	0.00967	0.00901	0.00785	0.01073	0.01065	0.00631	0.12901	0.01369	0.02489	0.22777	0.02024	0.04835	0.00735	0.00468	0.00169	0.00397	0.00555	0.00451	0.00616
34	0.79487	0.01084	0.00854	0.00751	0.01094	0.01252	0.00618	0.06265	0.01031	0.02508	0.00794	0.00912	0.00612	0.00515	0.00350	0.00168	0.00433	0.00308	0.00350	0.00612
35	0.00664	0.00474	0.00633	0.00759	0.00791	0.00443	0.00506	0.00759	0.01044	0.01392	0.03005	0.80485	0.03606	0.01708	0.00696	0.00221	0.00316	0.01550	0.00506	0.00443
36	0.00661	0.00487	0.00619	0.00725	0.00782	0.00446	0.00491	0.00763	0.01076	0.01405	0.03415	0.68215	0.15611	0.01655	0.00687	0.00215	0.00310	0.01485	0.00506	0.00446
37	0.00699	0.00501	0.00664	0.00735	0.00798	0.00466	0.00509	0.00846	0.01205	0.01648	0.26920	0.55839	0.04102	0.01517	0.00679	0.00205	0.00297	0.01368	0.00536	0.00466
38	0.01617	0.01383	0.02194	0.01640	0.02095	0.01417	0.32475	0.26333	0.13403	0.07278	0.03506	0.01601	0.01143	0.00599	0.00591	0.00176	0.00691	0.00592	0.00443	0.00825

[dist]
# distance from previous block
# <min> <max>
0	2

[block]
# block no. 6 follows, 44 sequences, length 63
# corresponding to MSA columns:
# 558-577,582-602,623-644
name=unknown_G
#
# <colnr> <probs for GDERKNQSTAVLIFYWHMCP>
#	G	D	E	R	K	N	Q	S	T	A	V	L	I	F	Y	W	H	M	C	P
0	0.00800	0.00571	0.00789	0.00914	0.01006	0.00560	0.00742	0.00994	0.01178	0.01544	0.02930	0.33355	0.03309	0.01580	0.00732	0.00240	0.00434	0.47339	0.00503	0.00480
1	0.01791	0.01363	0.01455	0.01157	0.01549	0.01499	0.00941	0.53344	0.16867	0.03006	0.01822	0.01768	0.07305	0.00724	0.00552	0.00167	0.00535	0.00565	0.00538	0.03050
2	0.01199	0.51673	0.02090	0.00893	0.01197	0.01593	0.00800	0.01341	0.01061	0.01301	0.01403	0.22176	0.01540	0.05054	0.00638	0.00172	0.04290	0.00661	0.00311	0.00607
3	0.01248	0.09816	0.22993	0.01924	0.02533	0.01410	0.46518	0.01720	0.01229	0.01695	0.01032	0.01317	0.00778	0.00474	0.00574	0.00171	0.00842	0.00536	0.00261	0.02929
4	0.01824	0.30399	0.01968	0.01070	0.01491	0.01467	0.04405	0.13548	0.03735	0.26746	0.01516	0.01714	0.01162	0.00648	0.00495	0.00156	0.00552	0.05843	0.00458	0.00802
5	0.00793	0.00529	0.00595	0.00595	0.00595	0.00529	0.00330	0.00793	0.00793	0.01057	0.01718	0.03568	0.01982	0.80840	0.02775	0.00529	0.00529	0.00793	0.00330	0.00330
6	0.01240	0.01184	0.02016	0.29345	0.52294	0.01267	0.01619	0.01578	0.01190	0.01649	0.01006	0.01385	0.00817	0.00506	0.00542	0.00169	0.00675	0.00485	0.00260	0.00776
7	0.01478	0.06043	0.46516	0.01412	0.02062	0.03377	0.01600	0.25053	0.01615	0.04181	0.01099	0.01202	0.00783	0.00564	0.00519	0.00166	0.00726	0.00428	0.00342	0.00838
8	0.00873	0.00623	0.00872	0.00997	0.01120	0.00623	0.00869	0.01120	0.01249	0.01625	0.02890	0.08140	0.03150	0.01511	0.00751	0.00250	0.00497	0.71836	0.00502	0.00500
9	0.01093	0.02820	0.78016	0.01554	0.02360	0.01266	0.02014	0.01727	0.01151	0.01727	0.00978	0.01151	0.00691	0.00518	0.00518	0.00173	0.00806	0.00403	0.00230	0.00806
10	0.01161	0.15090	0.62236	0.01495	0.02234	0.01412	0.05713	0.01713	0.01151	0.01658	0.00950	0.01124	0.00699	0.00507	0.00498	0.00164	0.00777	0.00398	0.00233	0.00785
11	0.01158	0.02729	0.74339	0.01526	0.02313	0.01244	0.01956	0.01771	0.01171	0.05372	0.01035	0.01185	0.00722	0.00525	0.00519	0.00172	0.00789	0.00410	0.00251	0.00812
12	0.00821	0.00586	0.00812	0.00938	0.01038	0.00578	0.00778	0.01029	0.01198	0.01567	0.02918	0.26226	0.03264	0.01561	0.00738	0.00243	0.00452	0.54265	0.00503	0.00486
13	0.02037	0.02598	0.01545	0.01404	0.01685	0.78652	0.01053	0.02177	0.01545	0.01334	0.00843	0.00983	0.00702	0.00562	0.00492	0.00140	0.00983	0.00351	0.00281	0.00632
14	0.01199	0.01142	0.01942	0.39095	0.42864	0.01256	0.01598	0.01542	0.01170	0.01599	0.00999	0.01398	0.00799	0.00514	0.00542	0.00171	0.00685	0.00485	0.00257	0.00743
15	0.02446	0.00928	0.01265	0.00970	0.01392	0.00801	0.00801	0.02657	0.01560	0.77817	0.02151	0.01856	0.01350	0.00675	0.00548	0.00169	0.00464	0.00548	0.00675	0.00928
16	0.00754	0.00557	0.00704	0.00667	0.00803	0.00507	0.00500	0.00994	0.01501	0.02086	0.67055	0.04238	0.15304	0.01152	0.00643	0.00173	0.00260	0.01009	0.00587	0.00507
17	0.01016	0.00508	0.00508	0.00508	0.00635	0.00508	0.00381	0.01270	0.01143	0.02033	0.01778	0.02033	0.01397	0.00635	0.00381	0.00127	0.00254	0.00508	0.83867	0.00508
18	0.00947	0.00473	0.00710	0.00710	0.00710	0.00473	0.00473	0.00710	0.00710	0.00947	0.00947	0.01657	0.00947	0.01894	0.02131	0.84138	0.00473	0.00473	0.00237	0.00237
19	0.00779	0.00584	0.00876	0.00876	0.00974	0.00681	0.00681	0.00974	0.00876	0.01266	0.01460	0.02142	0.01363	0.04089	0.78680	0.00876	0.01460	0.00584	0.00292	0.00487
20	0.00664	0.00474	0.00633	0.00759	0.00791	0.00443	0.00506	0.00759	0.01044	0.01392	0.03005	0.80485	0.03606	0.01708	0.00696	0.00221	0.00316	0.01550	0.00506	0.00443
