[name]
unknown

[dist]
# distance from previous block
# <min> <max>
4	32

[block]
# block no. 0 follows, 45 sequences, length 6
# corresponding to MSA columns:
# 36-41
name=unknown_A
#
# <colnr> <probs for GDERKNQSTAVLIFYWHMCP>
#	G	D	E	R	K	N	Q	S	T	A	V	L	I	F	Y	W	H	M	C	P
0	0.00909	0.04209	0.11455	0.00951	0.01154	0.05319	0.00837	0.01131	0.00936	0.01287	0.01342	0.02036	0.01265	0.12839	0.51149	0.00654	0.01174	0.00552	0.00281	0.00519
1	0.01279	0.56105	0.16356	0.01023	0.01494	0.01767	0.01080	0.01536	0.01068	0.01341	0.00880	0.01080	0.00776	0.00952	0.11045	0.00226	0.00731	0.00346	0.00237	0.00680
2	0.06300	0.23700	0.43300	0.01324	0.01939	0.01454	0.06609	0.01624	0.01101	0.01599	0.00929	0.01125	0.00726	0.00706	0.05253	0.00198	0.00758	0.00388	0.00241	0.00728
3	0.03585	0.05457	0.16284	0.01172	0.01537	0.07722	0.07287	0.05957	0.01187	0.01657	0.06343	0.01653	0.01219	0.05895	0.15476	0.00309	0.05863	0.00499	0.00310	0.10586
4	0.06884	0.13715	0.05224	0.00900	0.01168	0.01056	0.00770	0.12194	0.01273	0.03562	0.06399	0.14872	0.06525	0.01641	0.19195	0.00331	0.00694	0.00696	0.00391	0.02509
5	0.01335	0.55402	0.10464	0.01028	0.01442	0.05804	0.01020	0.01547	0.01084	0.01317	0.00911	0.04530	0.00856	0.00772	0.05279	0.00180	0.05731	0.00386	0.00247	0.00666

[dist]
# distance from previous block
# <min> <max>
16	57

[block]
# block no. 1 follows, 45 sequences, length 31
# corresponding to MSA columns:
# 106-136
name=unknown_B
#
# <colnr> <probs for GDERKNQSTAVLIFYWHMCP>
#	G	D	E	R	K	N	Q	S	T	A	V	L	I	F	Y	W	H	M	C	P
0	0.12501	0.01261	0.04097	0.22186	0.02014	0.05121	0.01036	0.26503	0.06956	0.02219	0.01201	0.01542	0.00961	0.09277	0.00744	0.00206	0.00607	0.00487	0.00384	0.00698
1	0.00782	0.00742	0.09013	0.00768	0.00877	0.00565	0.00601	0.00864	0.00917	0.01238	0.02115	0.29469	0.05871	0.27420	0.04710	0.11812	0.00496	0.00960	0.00368	0.00414
2	0.01177	0.08143	0.13870	0.05106	0.12943	0.01026	0.01069	0.06279	0.03975	0.07241	0.01765	0.22929	0.03008	0.02101	0.00656	0.03688	0.00528	0.02263	0.00384	0.01852
3	0.02572	0.29185	0.31008	0.01283	0.01844	0.08958	0.04865	0.09712	0.01316	0.01716	0.02398	0.01109	0.00799	0.00520	0.00460	0.00148	0.00703	0.00385	0.00277	0.00743
4	0.01318	0.09766	0.01293	0.00967	0.01260	0.05363	0.00776	0.17108	0.25148	0.02145	0.10850	0.05942	0.14129	0.00859	0.00550	0.00168	0.00455	0.00701	0.00491	0.00712
5	0.00745	0.00527	0.00637	0.00661	0.00777	0.00512	0.00488	0.00914	0.01101	0.01536	0.08159	0.19781	0.25387	0.01885	0.18585	0.00334	0.00543	0.00959	0.16000	0.00468
6	0.01180	0.01657	0.24420	0.05853	0.12588	0.06009	0.11355	0.04589	0.07459	0.01704	0.01371	0.10944	0.01220	0.02852	0.04220	0.00216	0.00720	0.00615	0.00319	0.00711
7	0.11543	0.01581	0.01411	0.01179	0.01511	0.19954	0.00942	0.28185	0.12502	0.08340	0.01268	0.01300	0.00943	0.00640	0.00589	0.00165	0.06284	0.00449	0.00441	0.00773
8	0.01001	0.00500	0.00500	0.00500	0.00625	0.00500	0.00375	0.01251	0.01126	0.02001	0.01751	0.02001	0.01376	0.00625	0.00375	0.00125	0.00250	0.00500	0.84115	0.00500
9	0.05482	0.00678	0.00785	0.00705	0.00919	0.00628	0.00546	0.05312	0.01425	0.13366	0.29994	0.06034	0.29908	0.01087	0.00600	0.00174	0.00319	0.00918	0.00550	0.00573
10	0.01175	0.01152	0.08695	0.01288	0.04382	0.01079	0.10929	0.11628	0.01340	0.05255	0.10366	0.13813	0.08782	0.01002	0.02614	0.00205	0.14473	0.00767	0.00406	0.00648
11	0.01184	0.01035	0.01304	0.00959	0.01421	0.00869	0.06567	0.04379	0.09346	0.01862	0.01110	0.01242	0.00892	0.00447	0.00437	0.00102	0.00448	0.00380	0.00347	0.65670
12	0.01847	0.01373	0.01483	0.01163	0.01551	0.01514	0.00951	0.62175	0.08237	0.03161	0.09581	0.01638	0.01418	0.00700	0.00548	0.00164	0.00541	0.00546	0.00544	0.00864
13	0.00890	0.00685	0.00807	0.00834	0.00952	0.00714	0.00592	0.04627	0.19111	0.01678	0.05576	0.48807	0.04252	0.06871	0.00784	0.00225	0.00362	0.01181	0.00503	0.00551
14	0.01051	0.00984	0.01387	0.16854	0.05837	0.06281	0.10084	0.04051	0.05165	0.01557	0.02898	0.19282	0.06935	0.04412	0.04230	0.00234	0.02645	0.05155	0.00373	0.00584
15	0.01146	0.01217	0.02524	0.01845	0.02252	0.01149	0.57023	0.01486	0.01146	0.01550	0.01237	0.01962	0.01098	0.20555	0.01156	0.00266	0.00809	0.00670	0.00285	0.00625
16	0.01112	0.00653	0.00790	0.00700	0.00921	0.00578	0.00544	0.03165	0.01432	0.18929	0.30328	0.03908	0.32668	0.01092	0.00610	0.00173	0.00315	0.00926	0.00570	0.00587
17	0.12538	0.00863	0.01155	0.00990	0.01247	0.00857	0.09380	0.07154	0.04693	0.15142	0.03966	0.22639	0.07782	0.05403	0.00698	0.00206	0.00460	0.03723	0.00476	0.00627
18	0.05862	0.01366	0.07817	0.07537	0.12987	0.01259	0.36094	0.07040	0.02824	0.01803	0.01082	0.01414	0.00843	0.00719	0.03911	0.05121	0.00782	0.00541	0.00292	0.00707
19	0.00821	0.00669	0.01111	0.01014	0.01158	0.00745	0.08780	0.01041	0.00906	0.01297	0.01400	0.02038	0.01285	0.03640	0.70552	0.00789	0.01380	0.00581	0.00286	0.00506
20	0.00818	0.00604	0.00712	0.00710	0.00881	0.00556	0.00561	0.01075	0.05141	0.04859	0.21106	0.06105	0.37879	0.01269	0.00648	0.00192	0.00328	0.15516	0.00528	0.00512
21	0.04336	0.00840	0.00961	0.00866	0.01118	0.00850	0.00680	0.08281	0.17563	0.15874	0.07947	0.12920	0.18851	0.01034	0.00592	0.00184	0.00390	0.05500	0.00542	0.00671
22	0.01192	0.01194	0.01030	0.00875	0.01172	0.20134	0.00672	0.01390	0.01272	0.01636	0.11759	0.02170	0.12951	0.00878	0.04643	0.00165	0.00549	0.00557	0.04977	0.30782
23	0.00746	0.00526	0.00671	0.00743	0.00798	0.00508	0.00529	0.00860	0.01045	0.01387	0.07954	0.33107	0.05791	0.24671	0.01287	0.00308	0.00408	0.17786	0.00454	0.00423
24	0.00674	0.00500	0.00631	0.00703	0.00781	0.00456	0.00492	0.00807	0.01156	0.01528	0.16453	0.51245	0.17716	0.01514	0.00668	0.00203	0.00298	0.03207	0.00514	0.00453
25	0.18006	0.00813	0.00917	0.00819	0.01058	0.00823	0.00638	0.10066	0.01390	0.17166	0.18464	0.18396	0.04018	0.02613	0.00600	0.00186	0.00388	0.02491	0.00519	0.00629
26	0.08483	0.00580	0.00622	0.00629	0.00764	0.00563	0.00457	0.01017	0.03226	0.01696	0.12671	0.17846	0.23744	0.05896	0.00742	0.03199	0.00312	0.00930	0.16151	0.00473
27	0.11339	0.01550	0.01125	0.00998	0.01258	0.32048	0.00770	0.14054	0.01491	0.02004	0.01190	0.01340	0.00934	0.00585	0.00440	0.00141	0.00612	0.00411	0.27084	0.00627
28	0.00762	0.00502	0.00648	0.00726	0.00781	0.00468	0.00486	0.00853	0.01039	0.05244	0.04453	0.61528	0.06321	0.12360	0.00952	0.00254	0.00344	0.01347	0.00485	0.00447
29	0.04140	0.00545	0.00656	0.00710	0.00802	0.00520	0.00504	0.00897	0.02737	0.01540	0.13684	0.39452	0.15915	0.09123	0.00853	0.00233	0.00336	0.06404	0.00489	0.00457
30	0.03747	0.00724	0.00861	0.00798	0.00911	0.03510	0.03409	0.02671	0.01015	0.01561	0.01543	0.02391	0.01450	0.21340	0.15176	0.00374	0.06864	0.03626	0.27545	0.00483

[dist]
# distance from previous block
# <min> <max>
0	4

[block]
# block no. 2 follows, 45 sequences, length 8
# corresponding to MSA columns:
# 141-148
name=unknown_C
#
# <colnr> <probs for GDERKNQSTAVLIFYWHMCP>
#	G	D	E	R	K	N	Q	S	T	A	V	L	I	F	Y	W	H	M	C	P
0	0.01201	0.01094	0.09602	0.08986	0.04948	0.00957	0.04466	0.14700	0.02979	0.07386	0.12666	0.22847	0.02247	0.00964	0.00596	0.00184	0.00505	0.02555	0.00455	0.00662
1	0.03107	0.00576	0.00704	0.00721	0.00835	0.00551	0.00519	0.03603	0.01215	0.05235	0.18137	0.35640	0.11842	0.06176	0.02645	0.00228	0.00355	0.02667	0.04750	0.00494
2	0.00913	0.00667	0.00910	0.00846	0.00976	0.00706	0.03901	0.01152	0.04609	0.04764	0.11394	0.13086	0.09598	0.08962	0.19517	0.00374	0.06685	0.00810	0.09613	0.00517
3	0.05162	0.01213	0.07717	0.17320	0.13384	0.05073	0.01154	0.07774	0.01340	0.19566	0.04829	0.01617	0.01154	0.00973	0.09152	0.00243	0.00698	0.00504	0.00393	0.00734
4	0.04887	0.01173	0.01747	0.38773	0.09322	0.07554	0.10915	0.03119	0.01165	0.03999	0.01057	0.01494	0.00842	0.00776	0.05310	0.00218	0.04732	0.01994	0.00280	0.00644
5	0.01052	0.00797	0.01155	0.23506	0.07925	0.00855	0.00929	0.04037	0.04822	0.07839	0.07530	0.21366	0.08165	0.03307	0.04105	0.00224	0.00528	0.00846	0.00416	0.00597
6	0.02547	0.00818	0.01277	0.21627	0.08600	0.00848	0.06093	0.01256	0.01073	0.06752	0.06032	0.11707	0.01617	0.14426	0.01054	0.07112	0.00548	0.00689	0.00347	0.05579
7	0.06005	0.01244	0.06869	0.18329	0.07700	0.07878	0.01040	0.01630	0.04953	0.07461	0.01293	0.01459	0.04375	0.00543	0.00479	0.00140	0.00565	0.00440	0.00333	0.27263

[dist]
# distance from previous block
# <min> <max>
1	23

[block]
# block no. 3 follows, 45 sequences, length 22
# corresponding to MSA columns:
# 172-193
name=unknown_D
#
# <colnr> <probs for GDERKNQSTAVLIFYWHMCP>
#	G	D	E	R	K	N	Q	S	T	A	V	L	I	F	Y	W	H	M	C	P
0	0.01051	0.01478	0.23701	0.03293	0.04355	0.03286	0.12113	0.05170	0.01213	0.01682	0.07028	0.18580	0.01762	0.01102	0.06363	0.00235	0.03844	0.02751	0.00348	0.00645
1	0.02912	0.00922	0.01178	0.17639	0.03785	0.04655	0.00878	0.06682	0.03203	0.20423	0.03893	0.02148	0.05199	0.07874	0.03306	0.10599	0.00571	0.03090	0.00417	0.00626
2	0.01103	0.00875	0.00970	0.00834	0.01105	0.04420	0.00635	0.09256	0.01276	0.04361	0.04753	0.21801	0.09177	0.01096	0.03895	0.03654	0.00455	0.00769	0.00420	0.29144
3	0.00791	0.00628	0.00878	0.01039	0.07494	0.00657	0.00677	0.00984	0.04682	0.01429	0.02456	0.57298	0.02823	0.01701	0.08088	0.00273	0.05922	0.01230	0.00443	0.00506
4	0.01174	0.01174	0.01644	0.01409	0.01409	0.01644	0.01174	0.01292	0.00822	0.01292	0.00705	0.01174	0.00705	0.00940	0.01762	0.00235	0.80153	0.00470	0.00235	0.00587
5	0.00862	0.00551	0.00704	0.00757	0.00845	0.00522	0.00525	0.01041	0.04804	0.08273	0.06146	0.57274	0.06001	0.06561	0.00786	0.00226	0.00338	0.01288	0.02001	0.00497
6	0.00871	0.00662	0.00749	0.00736	0.00889	0.00639	0.00538	0.12402	0.01348	0.01738	0.07248	0.33095	0.31250	0.04391	0.00718	0.00204	0.00345	0.01160	0.00502	0.00515
7	0.01800	0.01502	0.01579	0.01271	0.01574	0.09366	0.01041	0.48542	0.01975	0.02634	0.01115	0.01249	0.00853	0.00706	0.00822	0.00176	0.19783	0.00467	0.02752	0.00794
8	0.01086	0.00664	0.00756	0.00714	0.00878	0.00649	0.00539	0.09051	0.01273	0.08685	0.02642	0.10998	0.16031	0.14219	0.00911	0.00230	0.00384	0.08051	0.21703	0.00537
9	0.12179	0.00730	0.00838	0.00792	0.00978	0.00733	0.00592	0.06831	0.04759	0.12063	0.14259	0.30595	0.06558	0.04777	0.00684	0.00202	0.00369	0.00969	0.00510	0.00580
10	0.01214	0.00720	0.00793	0.00707	0.00896	0.00726	0.00532	0.12240	0.03681	0.07665	0.01781	0.08824	0.01549	0.11608	0.00763	0.00194	0.00370	0.00621	0.40428	0.04687
11	0.84927	0.01038	0.00789	0.00706	0.01038	0.01204	0.00581	0.01578	0.00914	0.02408	0.00747	0.00872	0.00581	0.00498	0.00332	0.00166	0.00415	0.00291	0.00332	0.00581
12	0.01161	0.00635	0.00809	0.00775	0.00929	0.00600	0.00567	0.04906	0.01215	0.18330	0.05842	0.33620	0.07040	0.06837	0.04188	0.03862	0.00417	0.00996	0.06712	0.00558
13	0.13924	0.00679	0.00751	0.00724	0.00905	0.00676	0.00550	0.01275	0.06003	0.08487	0.17927	0.16791	0.15339	0.04959	0.00677	0.00199	0.00345	0.04644	0.04600	0.00544
14	0.03510	0.00708	0.00832	0.00832	0.00986	0.00713	0.00624	0.12211	0.04615	0.03722	0.05079	0.41200	0.13228	0.01343	0.00639	0.00201	0.00375	0.08121	0.00508	0.00552
15	0.00731	0.00542	0.00682	0.00767	0.00835	0.00529	0.00532	0.00957	0.07574	0.01475	0.05885	0.60518	0.06932	0.05324	0.00768	0.00227	0.00335	0.04420	0.00498	0.00472
16	0.00862	0.00677	0.01060	0.00964	0.01091	0.00743	0.07707	0.01059	0.03776	0.01283	0.01521	0.02193	0.04047	0.09767	0.48217	0.10389	0.03264	0.00604	0.00299	0.00477
17	0.01060	0.00775	0.00969	0.17733	0.01508	0.04492	0.00751	0.03036	0.01195	0.10044	0.09443	0.17938	0.13505	0.09768	0.02144	0.02095	0.00485	0.00862	0.01658	0.00539
18	0.01267	0.00919	0.01053	0.00923	0.01163	0.00989	0.00715	0.13631	0.25346	0.07814	0.20031	0.02595	0.04705	0.08046	0.08118	0.00267	0.00511	0.00698	0.00519	0.00690
19	0.00749	0.00555	0.00675	0.00689	0.00800	0.00517	0.00498	0.03226	0.01272	0.01698	0.28579	0.25676	0.20301	0.08207	0.00830	0.00219	0.00317	0.04203	0.00516	0.00472
20	0.43840	0.16708	0.08780	0.00934	0.01355	0.01479	0.00871	0.16908	0.01300	0.02322	0.00879	0.00981	0.00680	0.00522	0.00394	0.00156	0.00518	0.00340	0.00345	0.00690
21	0.01103	0.01043	0.03050	0.01220	0.01396	0.01203	0.07699	0.03663	0.13149	0.01592	0.03616	0.05560	0.01300	0.03626	0.15811	0.00333	0.28556	0.00593	0.00337	0.05149

[dist]
# distance from previous block
# <min> <max>
7	12

[block]
# block no. 4 follows, 45 sequences, length 11
# corresponding to MSA columns:
# 206-216
name=unknown_E
#
# <colnr> <probs for GDERKNQSTAVLIFYWHMCP>
#	G	D	E	R	K	N	Q	S	T	A	V	L	I	F	Y	W	H	M	C	P
0	0.01883	0.01242	0.01267	0.01048	0.01341	0.14065	0.00834	0.13118	0.03478	0.31437	0.01569	0.01658	0.01145	0.05394	0.00767	0.00185	0.08776	0.00503	0.09539	0.00750
1	0.11522	0.00666	0.00735	0.00691	0.00882	0.00639	0.00519	0.01228	0.04513	0.10778	0.18260	0.13004	0.26261	0.07049	0.00743	0.00205	0.00338	0.00923	0.00505	0.00540
2	0.01065	0.00763	0.00877	0.00814	0.00998	0.00769	0.00608	0.14659	0.07675	0.05523	0.14803	0.24725	0.16492	0.06769	0.00766	0.00209	0.00376	0.01003	0.00520	0.00585
3	0.15845	0.01271	0.01161	0.01007	0.01293	0.14299	0.00786	0.23037	0.01607	0.10469	0.06025	0.17644	0.01647	0.00845	0.00529	0.00171	0.00533	0.00675	0.00467	0.00686
4	0.00768	0.00596	0.00846	0.00840	0.00934	0.00680	0.00648	0.00938	0.00909	0.01273	0.01950	0.06747	0.10231	0.05788	0.59243	0.00705	0.05417	0.00692	0.00322	0.00475
5	0.05000	0.00706	0.00818	0.00781	0.00957	0.00718	0.00591	0.05283	0.11494	0.08178	0.18256	0.22472	0.04070	0.01046	0.00568	0.00178	0.00340	0.03226	0.14729	0.00590
6	0.00794	0.00571	0.00712	0.00747	0.00833	0.00553	0.00527	0.05829	0.01220	0.01643	0.18390	0.42231	0.07314	0.11234	0.00916	0.00241	0.00351	0.04922	0.00499	0.00473
7	0.00809	0.00695	0.01120	0.00981	0.01134	0.00649	0.15851	0.00959	0.01045	0.01369	0.02658	0.31722	0.14925	0.22160	0.01202	0.00283	0.00481	0.01083	0.00407	0.00469
8	0.01010	0.00904	0.01648	0.01550	0.11628	0.00890	0.22736	0.01188	0.01084	0.01489	0.06609	0.22861	0.01851	0.01119	0.00968	0.16039	0.04699	0.00834	0.00344	0.00550
9	0.00878	0.00675	0.00911	0.10028	0.05403	0.00696	0.00717	0.01198	0.10320	0.03989	0.05606	0.44887	0.07847	0.03412	0.00687	0.00208	0.00395	0.01135	0.00466	0.00544
10	0.00802	0.00574	0.00706	0.00733	0.00848	0.00539	0.00530	0.05280	0.01272	0.03549	0.18486	0.41803	0.18129	0.01409	0.00654	0.00197	0.00317	0.03154	0.00523	0.00495

[dist]
# distance from previous block
# <min> <max>
2	10

[block]
# block no. 5 follows, 45 sequences, length 21
# corresponding to MSA columns:
# 227-247
name=unknown_F
#
# <colnr> <probs for GDERKNQSTAVLIFYWHMCP>
#	G	D	E	R	K	N	Q	S	T	A	V	L	I	F	Y	W	H	M	C	P
0	0.23249	0.00899	0.01064	0.16758	0.01589	0.01033	0.00830	0.09628	0.01205	0.01929	0.08410	0.06636	0.08293	0.01197	0.10550	0.00265	0.04902	0.00607	0.00374	0.00582
1	0.01067	0.01032	0.01545	0.23903	0.22623	0.04071	0.05915	0.01345	0.01185	0.01549	0.02109	0.02304	0.20236	0.00712	0.00552	0.00164	0.00576	0.00634	0.00322	0.08157
2	0.02749	0.01285	0.01701	0.29495	0.19115	0.11342	0.02592	0.05309	0.01196	0.01564	0.00985	0.01418	0.00824	0.00725	0.03233	0.00200	0.13199	0.02129	0.00274	0.00666
3	0.18692	0.01182	0.08219	0.01285	0.08996	0.01077	0.07669	0.05187	0.12822	0.05249	0.01760	0.07618	0.06769	0.00740	0.00522	0.00173	0.00512	0.04803	0.00400	0.06327
4	0.40047	0.06822	0.01152	0.00833	0.01222	0.01114	0.00696	0.05872	0.01218	0.24068	0.01197	0.01199	0.00849	0.00538	0.00412	0.00151	0.00446	0.00376	0.00430	0.11359
5	0.00864	0.00656	0.00933	0.03265	0.01071	0.00644	0.06861	0.01090	0.04404	0.03277	0.12393	0.23712	0.09648	0.15687	0.01029	0.00254	0.01443	0.07564	0.04711	0.00495
6	0.08601	0.00702	0.00801	0.00739	0.00944	0.00673	0.00570	0.06945	0.01297	0.12135	0.10529	0.11095	0.28498	0.01195	0.00742	0.08526	0.00367	0.04601	0.00492	0.00547
7	0.00917	0.00662	0.00800	0.00792	0.00950	0.00648	0.00606	0.05610	0.08153	0.04844	0.21635	0.23391	0.16931	0.01265	0.00643	0.00194	0.00346	0.10531	0.00534	0.00549
8	0.01503	0.00783	0.00937	0.00797	0.01070	0.00737	0.00630	0.08074	0.05530	0.29696	0.08198	0.07223	0.18277	0.00901	0.00551	0.00167	0.00372	0.00749	0.13114	0.00691
9	0.01194	0.00676	0.00821	0.00739	0.00955	0.00618	0.00571	0.01450	0.05823	0.21543	0.17985	0.05684	0.25456	0.07509	0.00774	0.00205	0.00357	0.04601	0.02439	0.00599
10	0.00764	0.00526	0.00684	0.00713	0.00784	0.00546	0.00506	0.00902	0.00964	0.01377	0.04926	0.22271	0.05869	0.17297	0.28385	0.00485	0.00732	0.00884	0.10942	0.00442
11	0.16490	0.01151	0.01306	0.01107	0.01440	0.01288	0.07548	0.08416	0.45637	0.02274	0.01945	0.01878	0.05836	0.00692	0.00520	0.00177	0.00471	0.00573	0.00479	0.00771
12	0.00667	0.00550	0.00589	0.00593	0.00763	0.00472	0.00454	0.00826	0.01263	0.01552	0.14593	0.05080	0.62793	0.01334	0.00642	0.00184	0.00286	0.06384	0.00510	0.00463
13	0.39197	0.00851	0.00820	0.00741	0.00994	0.00906	0.00578	0.05661	0.01172	0.09858	0.10423	0.11722	0.08574	0.05618	0.00613	0.00195	0.00392	0.00662	0.00442	0.00581
14	0.01538	0.01339	0.01234	0.01056	0.01344	0.15268	0.00831	0.27539	0.13982	0.02323	0.08447	0.01937	0.05859	0.00966	0.06193	0.00210	0.00614	0.00568	0.08035	0.00719
15	0.01027	0.01067	0.02107	0.01620	0.01951	0.01026	0.42945	0.01328	0.01168	0.01570	0.01999	0.24741	0.08519	0.00918	0.00713	0.00195	0.05216	0.00928	0.00356	0.00608
16	0.00700	0.00493	0.00603	0.00672	0.00702	0.00469	0.00426	0.00762	0.00949	0.01252	0.02659	0.46151	0.08289	0.31658	0.01454	0.00330	0.00387	0.01216	0.00433	0.00395
17	0.05773	0.00628	0.00747	0.00757	0.00901	0.00613	0.00551	0.01255	0.07976	0.10251	0.08918	0.41144	0.09903	0.01259	0.00605	0.00192	0.00331	0.01105	0.06545	0.00547
18	0.01445	0.00971	0.01122	0.00946	0.01202	0.01059	0.00755	0.32786	0.01647	0.06855	0.01485	0.01798	0.01197	0.05711	0.23175	0.00375	0.00761	0.00531	0.15493	0.00684
19	0.01077	0.02777	0.78354	0.01530	0.02323	0.01247	0.01983	0.01700	0.01133	0.01700	0.00963	0.01133	0.00680	0.00510	0.00510	0.00170	0.00793	0.00397	0.00227	0.00793
20	0.00725	0.00566	0.00789	0.00804	0.00896	0.00559	0.03238	0.00877	0.01109	0.01496	0.14674	0.42081	0.12876	0.01806	0.11720	0.00295	0.03368	0.01184	0.00466	0.00471

[dist]
# distance from previous block
# <min> <max>
4	6

[block]
# block no. 6 follows, 45 sequences, length 26
# corresponding to MSA columns:
# 254-279
name=unknown_G
#
# <colnr> <probs for GDERKNQSTAVLIFYWHMCP>
#	G	D	E	R	K	N	Q	S	T	A	V	L	I	F	Y	W	H	M	C	P
0	0.03004	0.07024	0.28355	0.01309	0.06217	0.02585	0.02507	0.14498	0.04386	0.05240	0.04287	0.09063	0.07752	0.00744	0.00537	0.00169	0.00595	0.00612	0.00379	0.00737
1	0.01509	0.23382	0.08798	0.01283	0.07949	0.03001	0.04472	0.05653	0.16505	0.13843	0.07172	0.01596	0.01343	0.00611	0.00494	0.00155	0.00551	0.00496	0.00410	0.00777
2	0.00912	0.00476	0.00697	0.00697	0.00702	0.00480	0.00464	0.00718	0.00714	0.00956	0.01020	0.01812	0.01037	0.08647	0.05697	0.73463	0.00516	0.00498	0.00243	0.00252
3	0.01375	0.01779	0.15213	0.01471	0.01946	0.18249	0.19862	0.04125	0.01274	0.01664	0.00958	0.01178	0.00756	0.00506	0.00581	0.00146	0.05492	0.00431	0.00284	0.22711
4	0.01262	0.01273	0.01988	0.18964	0.09220	0.07632	0.23266	0.05208	0.07526	0.01716	0.04063	0.01902	0.01202	0.00654	0.00655	0.00183	0.05468	0.06808	0.00328	0.00683
5	0.00661	0.00516	0.00601	0.00641	0.00757	0.00455	0.00457	0.00800	0.01196	0.01530	0.15744	0.33562	0.38286	0.01440	0.00653	0.00193	0.00284	0.01256	0.00513	0.00455
6	0.01052	0.00993	0.01679	0.70524	0.12718	0.01203	0.01510	0.01405	0.01091	0.01418	0.00961	0.01419	0.00732	0.00530	0.00536	0.00177	0.00706	0.00477	0.00242	0.00627
7	0.84927	0.01038	0.00789	0.00706	0.01038	0.01204	0.00581	0.01578	0.00914	0.02408	0.00747	0.00872	0.00581	0.00498	0.00332	0.00166	0.00415	0.00291	0.00332	0.00581
8	0.01162	0.00921	0.01021	0.00879	0.01154	0.00936	0.00685	0.16690	0.18117	0.02176	0.15875	0.09539	0.15910	0.00931	0.00568	0.00165	0.00387	0.00784	0.00510	0.11591
9	0.01295	0.01205	0.02447	0.01801	0.02244	0.01116	0.52399	0.01654	0.01272	0.11286	0.01757	0.10316	0.07165	0.00682	0.00627	0.00183	0.00735	0.00757	0.00363	0.00696
10	0.00848	0.00605	0.00845	0.00969	0.01085	0.00603	0.00835	0.01082	0.01219	0.01587	0.02852	0.12199	0.03127	0.01499	0.00737	0.00245	0.00479	0.68200	0.00495	0.00489
11	0.00709	0.00543	0.00650	0.00631	0.00773	0.00484	0.00470	0.00913	0.01389	0.01861	0.47880	0.08093	0.31216	0.01220	0.00636	0.00176	0.00263	0.01056	0.00553	0.00484
12	0.01135	0.00653	0.00834	0.00771	0.00958	0.00605	0.00583	0.01417	0.06410	0.18985	0.33264	0.20348	0.09627	0.01126	0.00618	0.00181	0.00325	0.00985	0.00576	0.00601
13	0.01618	0.01619	0.01268	0.01139	0.01391	0.33551	0.00864	0.17528	0.05862	0.04499	0.06098	0.18840	0.01703	0.00867	0.00554	0.00166	0.00653	0.00693	0.00428	0.00659
14	0.00865	0.00618	0.00865	0.00989	0.01112	0.00618	0.00865	0.01112	0.01236	0.01606	0.02842	0.06055	0.03089	0.01483	0.00741	0.00247	0.00494	0.74174	0.00494	0.00494
15	0.01329	0.01275	0.02179	0.03295	0.77787	0.01275	0.01647	0.01647	0.01222	0.01754	0.01010	0.01329	0.00850	0.00478	0.00531	0.00159	0.00638	0.00478	0.00266	0.00850
16	0.02775	0.00717	0.00865	0.00810	0.01010	0.00692	0.00617	0.05860	0.08182	0.16167	0.14138	0.25583	0.15416	0.01170	0.00615	0.00188	0.00359	0.03678	0.00547	0.00610
17	0.00639	0.00527	0.00561	0.00589	0.00737	0.00449	0.00428	0.00765	0.01181	0.01433	0.04893	0.21778	0.61308	0.01430	0.00646	0.00189	0.00281	0.01219	0.00498	0.00449
18	0.02041	0.01504	0.01611	0.01235	0.01665	0.01665	0.01020	0.75997	0.02524	0.03383	0.01289	0.01289	0.00913	0.00644	0.00537	0.00161	0.00591	0.00483	0.00537	0.00913
19	0.00687	0.00492	0.00636	0.00709	0.00764	0.00459	0.00480	0.00807	0.01116	0.01507	0.18492	0.54484	0.06956	0.08735	0.00857	0.00234	0.00316	0.01326	0.00502	0.00441
20	0.21697	0.00972	0.01157	0.00911	0.01307	0.00929	0.00752	0.05977	0.01439	0.56763	0.01756	0.01577	0.01133	0.00625	0.00491	0.00166	0.00454	0.00479	0.00580	0.00836
21	0.00784	0.00533	0.00637	0.00644	0.00663	0.00545	0.00400	0.00822	0.00818	0.01100	0.01729	0.03491	0.01944	0.66819	0.12065	0.00546	0.00633	0.05142	0.00331	0.00354
22	0.01362	0.65374	0.18255	0.01043	0.01571	0.01945	0.01136	0.01626	0.01099	0.01352	0.00791	0.00917	0.00687	0.00470	0.00378	0.00126	0.00619	0.00309	0.00229	0.00710
23	0.00840	0.00666	0.00761	0.00778	0.00919	0.00674	0.00572	0.01284	0.18553	0.01618	0.06718	0.26669	0.21676	0.08526	0.00828	0.00228	0.00359	0.07299	0.00498	0.00534
24	0.08950	0.09057	0.14492	0.06005	0.01888	0.01312	0.14107	0.05193	0.19292	0.09123	0.01413	0.01558	0.01062	0.00591	0.00517	0.00170	0.00609	0.02102	0.01800	0.00759
25	0.05897	0.21154	0.17525	0.01148	0.01653	0.01391	0.04191	0.12649	0.02940	0.24454	0.01316	0.01311	0.00927	0.00564	0.00479	0.00155	0.00589	0.00433	0.00415	0.00808

[dist]
# distance from previous block
# <min> <max>
2	14

[block]
# block no. 7 follows, 45 sequences, length 34
# corresponding to MSA columns:
# 294-327
name=unknown_H
#
# <colnr> <probs for GDERKNQSTAVLIFYWHMCP>
#	G	D	E	R	K	N	Q	S	T	A	V	L	I	F	Y	W	H	M	C	P
0	0.02858	0.04374	0.13988	0.21521	0.14252	0.15295	0.01363	0.05969	0.06278	0.01661	0.01150	0.01380	0.03007	0.00583	0.00568	0.00166	0.04129	0.00458	0.00294	0.00706
1	0.00982	0.00912	0.01343	0.03925	0.05612	0.04639	0.14007	0.01291	0.05526	0.01626	0.10802	0.15589	0.12301	0.03193	0.00733	0.00204	0.03255	0.13067	0.00425	0.00570
2	0.00951	0.00770	0.00922	0.00759	0.01055	0.00627	0.00565	0.01123	0.01035	0.01543	0.01506	0.18304	0.01568	0.12159	0.05103	0.00213	0.00454	0.00652	0.00355	0.50336
3	0.19493	0.08271	0.01650	0.01251	0.01599	0.28329	0.09285	0.11894	0.03126	0.01906	0.00926	0.01075	0.00738	0.00552	0.00524	0.00154	0.04589	0.00391	0.00325	0.03921
4	0.00838	0.00633	0.00761	0.00691	0.00879	0.00548	0.00508	0.02265	0.01185	0.01630	0.20580	0.14327	0.18869	0.05552	0.00857	0.09085	0.00341	0.00868	0.00443	0.19139
5	0.00806	0.00634	0.00728	0.00773	0.00849	0.03588	0.00537	0.04510	0.01120	0.01463	0.05977	0.50067	0.09789	0.10843	0.03861	0.00266	0.02038	0.01226	0.00462	0.00463
6	0.01982	0.01352	0.07289	0.01125	0.01570	0.01265	0.00981	0.40581	0.01994	0.26324	0.04270	0.01533	0.01168	0.00643	0.00531	0.00159	0.00541	0.00503	0.00542	0.05647
7	0.00789	0.00595	0.00827	0.00821	0.00920	0.00672	0.00622	0.01018	0.04580	0.01281	0.01733	0.02451	0.05775	0.13238	0.61291	0.00748	0.01209	0.00634	0.00317	0.00477
8	0.00930	0.00650	0.00770	0.00791	0.00913	0.00657	0.00568	0.05651	0.11093	0.04290	0.02675	0.44482	0.06971	0.06670	0.00762	0.00219	0.00359	0.03141	0.07873	0.00536
9	0.84927	0.01038	0.00789	0.00706	0.01038	0.01204	0.00581	0.01578	0.00914	0.02408	0.00747	0.00872	0.00581	0.00498	0.00332	0.00166	0.00415	0.00291	0.00332	0.00581
10	0.00767	0.00575	0.00863	0.00863	0.00959	0.00671	0.00671	0.00959	0.00863	0.01246	0.01438	0.02109	0.01342	0.04026	0.79008	0.00863	0.01438	0.00575	0.00288	0.00479
11	0.00662	0.00535	0.00592	0.00617	0.00763	0.00464	0.00458	0.00808	0.01218	0.01513	0.11883	0.18578	0.53316	0.01398	0.00649	0.00190	0.00289	0.05102	0.00507	0.00458
12	0.00759	0.00506	0.00651	0.00705	0.00761	0.00515	0.00487	0.00886	0.00964	0.01391	0.02192	0.36382	0.02408	0.15659	0.18880	0.00402	0.00594	0.01009	0.14411	0.00438
13	0.01533	0.01166	0.01189	0.00993	0.01272	0.07911	0.02827	0.31541	0.05911	0.02473	0.01502	0.01728	0.01171	0.00664	0.00512	0.00152	0.02399	0.03003	0.31347	0.00705
14	0.01113	0.00954	0.01113	0.00795	0.01272	0.00716	0.00636	0.01352	0.01113	0.01749	0.00954	0.01113	0.00795	0.00398	0.00398	0.00080	0.00398	0.00318	0.00318	0.84417
15	0.02269	0.01016	0.01294	0.01005	0.01414	0.00956	0.00826	0.12902	0.07844	0.61476	0.02007	0.01766	0.01296	0.00667	0.00540	0.00167	0.00473	0.00537	0.00637	0.00908
16	0.01746	0.01761	0.01419	0.01234	0.01555	0.30645	0.00958	0.18981	0.31812	0.02150	0.01474	0.01453	0.01119	0.00644	0.00521	0.00161	0.00667	0.00481	0.00443	0.00778
17	0.00870	0.00537	0.00621	0.00640	0.00748	0.00522	0.00463	0.03805	0.01217	0.01851	0.15293	0.28160	0.05672	0.01081	0.00537	0.00166	0.00284	0.00940	0.36098	0.00494
18	0.01187	0.00650	0.00803	0.00727	0.00951	0.00573	0.00574	0.01380	0.01364	0.22973	0.19303	0.06378	0.29800	0.01105	0.00609	0.00179	0.00338	0.06909	0.03600	0.00597
19	0.00663	0.00476	0.00624	0.00731	0.00771	0.00443	0.00490	0.00764	0.01053	0.01405	0.07124	0.71323	0.06106	0.04346	0.00750	0.00224	0.00314	0.01456	0.00498	0.00437
20	0.84927	0.01038	0.00789	0.00706	0.01038	0.01204	0.00581	0.01578	0.00914	0.02408	0.00747	0.00872	0.00581	0.00498	0.00332	0.00166	0.00415	0.00291	0.00332	0.00581
21	0.01113	0.00954	0.01113	0.00795	0.01272	0.00716	0.00636	0.01352	0.01113	0.01749	0.00954	0.01113	0.00795	0.00398	0.00398	0.00080	0.00398	0.00318	0.00318	0.84417
22	0.00921	0.00470	0.00691	0.00691	0.00691	0.00470	0.00455	0.00706	0.00706	0.00941	0.00990	0.01775	0.01010	0.07910	0.02146	0.77987	0.00470	0.00490	0.00240	0.00240
23	0.00717	0.00560	0.00656	0.00655	0.00804	0.00504	0.00498	0.00933	0.02904	0.01743	0.32585	0.09524	0.37434	0.01277	0.00644	0.00184	0.00289	0.07071	0.00534	0.00484
24	0.01732	0.01323	0.01463	0.03627	0.01613	0.01367	0.00921	0.51419	0.02058	0.02833	0.01179	0.01241	0.00872	0.00568	0.00496	0.00137	0.00537	0.00434	0.00462	0.25718
25	0.00768	0.00540	0.00702	0.00709	0.00750	0.00578	0.00477	0.00852	0.00828	0.01144	0.01656	0.07178	0.01788	0.44957	0.34089	0.00645	0.00887	0.00737	0.00319	0.00395
26	0.13552	0.01353	0.01460	0.07358	0.10176	0.11565	0.02504	0.24102	0.01636	0.12989	0.01330	0.04448	0.01054	0.00655	0.00516	0.00167	0.00604	0.03343	0.00430	0.00758
27	0.01341	0.25091	0.01672	0.11526	0.01593	0.01378	0.00911	0.08697	0.13218	0.06560	0.01587	0.06090	0.03363	0.00721	0.00530	0.00161	0.03065	0.04721	0.07089	0.00687
28	0.00767	0.00575	0.00863	0.00863	0.00959	0.00671	0.00671	0.00959	0.00863	0.01246	0.01438	0.02109	0.01342	0.04026	0.79008	0.00863	0.01438	0.00575	0.00288	0.00479
29	0.00963	0.00856	0.01086	0.05166	0.15536	0.07114	0.00855	0.02476	0.01189	0.01548	0.06771	0.39959	0.03972	0.01226	0.00632	0.00197	0.00467	0.09001	0.00429	0.00556
30	0.01414	0.25184	0.12782	0.01258	0.01654	0.14148	0.07229	0.02842	0.02892	0.04099	0.00950	0.01157	0.00790	0.00757	0.04978	0.00192	0.11712	0.00402	0.00276	0.05284
31	0.01349	0.01044	0.01196	0.01216	0.11167	0.05286	0.00845	0.20396	0.01563	0.05409	0.06445	0.02509	0.15011	0.00829	0.00609	0.00166	0.05005	0.04455	0.14827	0.00672
32	0.01075	0.00824	0.00990	0.00916	0.01063	0.08866	0.06731	0.01152	0.01097	0.08761	0.02350	0.29545	0.11366	0.05722	0.01020	0.16204	0.00480	0.00941	0.00413	0.00483
33	0.01155	0.01070	0.01490	0.17325	0.22501	0.05375	0.01150	0.02991	0.06765	0.01772	0.19440	0.02023	0.01884	0.00720	0.00690	0.00174	0.09548	0.00598	0.02664	0.00666

[dist]
# distance from previous block
# <min> <max>
3	18

[block]
# block no. 8 follows, 45 sequences, length 31
# corresponding to MSA columns:
# 346-376
name=unknown_I
#
# <colnr> <probs for GDERKNQSTAVLIFYWHMCP>
#	G	D	E	R	K	N	Q	S	T	A	V	L	I	F	Y	W	H	M	C	P
0	0.01129	0.03097	0.01091	0.03675	0.04577	0.08439	0.00755	0.07512	0.04359	0.01478	0.03170	0.14240	0.06556	0.03667	0.01168	0.23758	0.06970	0.03503	0.00356	0.00500
1	0.00780	0.00587	0.00797	0.09756	0.01156	0.00600	0.00649	0.02922	0.01112	0.01477	0.08657	0.39806	0.07048	0.09812	0.04486	0.00270	0.00451	0.08714	0.00449	0.00470
2	0.01032	0.00886	0.01277	0.26126	0.10772	0.00956	0.01025	0.01255	0.02779	0.01640	0.14105	0.06074	0.17347	0.02131	0.00806	0.03992	0.06007	0.00771	0.00404	0.00613
3	0.01312	0.01178	0.01476	0.04124	0.07461	0.06991	0.04183	0.12156	0.09974	0.01708	0.01142	0.01513	0.00981	0.03586	0.08433	0.09669	0.22643	0.00505	0.00329	0.00636
4	0.00743	0.00513	0.00647	0.00691	0.00770	0.00477	0.00482	0.00886	0.01170	0.02896	0.23102	0.39551	0.10141	0.09219	0.00852	0.00227	0.00316	0.02543	0.04315	0.00458
5	0.01006	0.00713	0.00979	0.20368	0.01571	0.00766	0.00778	0.06263	0.01159	0.06014	0.05384	0.21280	0.02111	0.18712	0.01067	0.00263	0.00492	0.05884	0.04665	0.00523
6	0.01124	0.01077	0.01832	0.36195	0.06063	0.04445	0.18598	0.01372	0.01062	0.01384	0.00964	0.01432	0.00782	0.00778	0.00909	0.15371	0.05287	0.00506	0.00248	0.00573
7	0.00752	0.00567	0.00655	0.00675	0.00812	0.00530	0.00503	0.01004	0.05923	0.01674	0.18275	0.21148	0.31275	0.01290	0.00627	0.00187	0.00300	0.06128	0.07185	0.00491
8	0.03693	0.00602	0.00722	0.00727	0.00851	0.00579	0.00525	0.05349	0.01252	0.05114	0.18614	0.34014	0.12898	0.07161	0.00781	0.00215	0.00337	0.02625	0.03440	0.00502
9	0.00876	0.00669	0.00777	0.00726	0.00908	0.00617	0.00526	0.01176	0.09724	0.03411	0.13672	0.20307	0.17180	0.12436	0.00892	0.00219	0.00355	0.00940	0.00467	0.14120
10	0.01788	0.01957	0.01363	0.01209	0.01480	0.49102	0.00926	0.15320	0.01600	0.01762	0.01072	0.01245	0.00867	0.00882	0.07360	0.00204	0.00858	0.00408	0.09947	0.00648
11	0.01408	0.00770	0.00957	0.00829	0.01073	0.00733	0.00654	0.11288	0.01542	0.24261	0.23857	0.11470	0.08211	0.00979	0.00586	0.00174	0.00374	0.03848	0.06321	0.00666
12	0.00834	0.00564	0.00712	0.00744	0.00840	0.00539	0.00521	0.01055	0.06125	0.06064	0.18760	0.44645	0.06812	0.08180	0.00828	0.00226	0.00331	0.01208	0.00516	0.00497
13	0.00813	0.00555	0.00723	0.00804	0.00881	0.00534	0.00579	0.04254	0.01139	0.04196	0.02835	0.59535	0.04449	0.04211	0.00749	0.00227	0.00363	0.12175	0.00500	0.00480
14	0.01824	0.00991	0.01136	0.00908	0.01235	0.01008	0.00738	0.28316	0.01756	0.26977	0.01704	0.01691	0.01196	0.00645	0.00486	0.00151	0.00438	0.00507	0.27514	0.00780
15	0.03290	0.00566	0.00682	0.00693	0.00815	0.00535	0.00504	0.00990	0.04727	0.01802	0.36283	0.27018	0.17541	0.01285	0.00636	0.00186	0.00287	0.01129	0.00536	0.00494
16	0.22212	0.00699	0.00755	0.00737	0.00907	0.00720	0.00552	0.04560	0.01244	0.03914	0.26507	0.28360	0.04663	0.01111	0.00567	0.00184	0.00335	0.00951	0.00492	0.00530
17	0.01342	0.00715	0.00870	0.00760	0.00915	0.00711	0.00541	0.03489	0.04444	0.23472	0.01788	0.02681	0.01632	0.42448	0.01717	0.00350	0.03872	0.00660	0.07033	0.00559
18	0.00675	0.00498	0.00633	0.00705	0.00781	0.00456	0.00492	0.00809	0.01158	0.01538	0.17655	0.52096	0.16029	0.01513	0.00668	0.00203	0.00297	0.02822	0.00516	0.00454
19	0.01312	0.01234	0.01023	0.00974	0.01156	0.24021	0.00713	0.02765	0.09923	0.07530	0.07449	0.25751	0.04904	0.07846	0.00764	0.00206	0.00548	0.00858	0.00443	0.00580
20	0.00909	0.00683	0.00807	0.00797	0.00939	0.00695	0.00580	0.03925	0.16852	0.03283	0.21299	0.31149	0.08711	0.05910	0.00752	0.00210	0.00342	0.01071	0.00526	0.00560
21	0.02041	0.01504	0.01611	0.01235	0.01665	0.01665	0.01020	0.75997	0.02524	0.03383	0.01289	0.01289	0.00913	0.00644	0.00537	0.00161	0.00591	0.00483	0.00537	0.00913
22	0.02039	0.02418	0.01498	0.01346	0.01635	0.72328	0.01016	0.02184	0.01522	0.07851	0.00939	0.01041	0.00746	0.00563	0.00489	0.00141	0.00925	0.00362	0.00310	0.00647
23	0.01001	0.00500	0.00500	0.00500	0.00625	0.00500	0.00375	0.01251	0.01126	0.02001	0.01751	0.02001	0.01376	0.00625	0.00375	0.00125	0.00250	0.00500	0.84115	0.00500
24	0.00831	0.00560	0.00691	0.00706	0.00819	0.00520	0.00519	0.00977	0.01179	0.06005	0.17811	0.17439	0.19443	0.17398	0.01076	0.00263	0.00370	0.12431	0.00491	0.00468
25	0.01289	0.05389	0.00944	0.00753	0.00996	0.00666	0.00591	0.01457	0.01320	0.27015	0.11902	0.16729	0.26614	0.01101	0.00595	0.00177	0.00356	0.00935	0.00548	0.00623
26	0.01339	0.19297	0.01585	0.00927	0.01359	0.07787	0.00781	0.05863	0.01220	0.02907	0.00925	0.01068	0.00774	0.00466	0.00460	0.00105	0.03796	0.00333	0.00309	0.48699
27	0.01195	0.00656	0.00901	0.00835	0.00983	0.00673	0.00628	0.02875	0.03661	0.18033	0.01646	0.07538	0.01476	0.09784	0.30814	0.15916	0.00828	0.00632	0.00392	0.00533
28	0.00668	0.00480	0.00630	0.00740	0.00784	0.00448	0.00503	0.00770	0.01050	0.01393	0.04906	0.70202	0.06934	0.04044	0.00745	0.00225	0.00321	0.04226	0.00495	0.00437
29	0.10443	0.05641	0.01224	0.06315	0.10280	0.01050	0.00824	0.17739	0.01380	0.01953	0.02044	0.19811	0.10622	0.07440	0.00725	0.00204	0.00477	0.00786	0.00414	0.00625
30	0.04657	0.13580	0.15833	0.01271	0.01777	0.01376	0.09918	0.20758	0.01593	0.22077	0.01322	0.01341	0.00922	0.00570	0.00508	0.00160	0.00621	0.00464	0.00429	0.00824

[dist]
# distance from previous block
# <min> <max>
1	15

[block]
# block no. 9 follows, 45 sequences, length 36
# corresponding to MSA columns:
# 392-427
name=unknown_J
#
# <colnr> <probs for GDERKNQSTAVLIFYWHMCP>
#	G	D	E	R	K	N	Q	S	T	A	V	L	I	F	Y	W	H	M	C	P
0	0.16752	0.11800	0.01424	0.02288	0.01370	0.06328	0.00830	0.30102	0.01611	0.02308	0.01243	0.07290	0.01102	0.03482	0.00624	0.03719	0.00544	0.02817	0.00405	0.03961
1	0.10277	0.00960	0.01091	0.00928	0.01176	0.01016	0.00719	0.27525	0.03084	0.08727	0.01434	0.11860	0.01278	0.01092	0.00954	0.23026	0.00480	0.00598	0.00432	0.03342
2	0.01071	0.01013	0.01567	0.07114	0.20320	0.01189	0.04344	0.01274	0.01051	0.01503	0.06155	0.14970	0.04496	0.00928	0.01030	0.00201	0.30116	0.00714	0.00321	0.00623
3	0.00890	0.00503	0.00678	0.00677	0.00687	0.00508	0.00435	0.00789	0.02976	0.01016	0.01256	0.04340	0.01335	0.26079	0.02208	0.53987	0.00477	0.00595	0.00278	0.00285
4	0.00712	0.00513	0.00668	0.00717	0.00797	0.00485	0.00512	0.00851	0.01156	0.01559	0.22584	0.37546	0.11899	0.04446	0.06043	0.03484	0.00389	0.04693	0.00492	0.00450
5	0.08589	0.00797	0.01158	0.35875	0.02145	0.00920	0.00985	0.01234	0.01160	0.03528	0.19810	0.14309	0.02211	0.00867	0.00617	0.00183	0.03929	0.00744	0.00383	0.00556
6	0.01261	0.00761	0.00954	0.00918	0.01147	0.00745	0.00761	0.03042	0.12012	0.19165	0.03003	0.06159	0.15233	0.01157	0.00644	0.00206	0.00435	0.31216	0.00542	0.00640
7	0.00768	0.00570	0.00835	0.00835	0.00921	0.00656	0.00636	0.00941	0.00854	0.01225	0.01463	0.02251	0.01404	0.11832	0.71286	0.00828	0.01345	0.00596	0.00291	0.00464
8	0.18470	0.00865	0.01004	0.14265	0.01480	0.00981	0.00769	0.04446	0.17881	0.01782	0.01571	0.14927	0.01473	0.05212	0.00855	0.11935	0.00471	0.00659	0.00386	0.00570
9	0.13894	0.41572	0.09768	0.17750	0.01915	0.01672	0.01094	0.01605	0.03653	0.01536	0.00862	0.01050	0.00710	0.00496	0.00407	0.00144	0.00597	0.00350	0.00258	0.00669
10	0.02393	0.00939	0.01261	0.00967	0.01383	0.00827	0.00799	0.05777	0.01579	0.74937	0.02082	0.01804	0.01311	0.00664	0.00540	0.00166	0.00463	0.00537	0.00659	0.00913
11	0.00710	0.00500	0.00650	0.00750	0.00788	0.00479	0.00517	0.00807	0.01008	0.01338	0.02688	0.54554	0.03164	0.17546	0.01103	0.00283	0.00380	0.11851	0.00463	0.00422
12	0.05944	0.01299	0.01427	0.01107	0.01512	0.01387	0.00912	0.52857	0.02164	0.17920	0.01712	0.01642	0.06249	0.00691	0.00535	0.00164	0.00534	0.00530	0.00550	0.00866
13	0.00766	0.00540	0.00676	0.00647	0.00734	0.00511	0.00449	0.00940	0.01286	0.01802	0.53567	0.03853	0.04082	0.26368	0.01296	0.00280	0.00338	0.00911	0.00507	0.00449
14	0.01014	0.00954	0.01610	0.79845	0.03697	0.01193	0.01491	0.01371	0.01073	0.01371	0.00954	0.01431	0.00716	0.00537	0.00537	0.00179	0.00716	0.00477	0.00239	0.00596
15	0.01370	0.00988	0.01046	0.00914	0.01176	0.01093	0.00721	0.20394	0.28598	0.02399	0.01828	0.01994	0.01425	0.02350	0.00538	0.00167	0.00411	0.03058	0.28805	0.00724
16	0.02041	0.01504	0.01611	0.01235	0.01665	0.01665	0.01020	0.75997	0.02524	0.03383	0.01289	0.01289	0.00913	0.00644	0.00537	0.00161	0.00591	0.00483	0.00537	0.00913
17	0.01174	0.01174	0.01644	0.01409	0.01409	0.01644	0.01174	0.01292	0.00822	0.01292	0.00705	0.01174	0.00705	0.00940	0.01762	0.00235	0.80153	0.00470	0.00235	0.00587
18	0.00767	0.00575	0.00863	0.00863	0.00959	0.00671	0.00671	0.00959	0.00863	0.01246	0.01438	0.02109	0.01342	0.04026	0.79008	0.00863	0.01438	0.00575	0.00288	0.00479
19	0.00781	0.00520	0.00585	0.00585	0.00585	0.00520	0.00325	0.00781	0.00781	0.01041	0.01691	0.03513	0.01952	0.81135	0.02732	0.00520	0.00520	0.00781	0.00325	0.00325
20	0.00716	0.00547	0.00657	0.00630	0.00775	0.00488	0.00472	0.00929	0.01417	0.01909	0.52532	0.04410	0.30188	0.01188	0.00634	0.00173	0.00260	0.01027	0.00559	0.00488
21	0.15617	0.01242	0.01328	0.01043	0.01433	0.01336	0.00859	0.44144	0.01969	0.18004	0.01396	0.01376	0.00973	0.00623	0.00493	0.00160	0.00512	0.00464	0.06198	0.00831
22	0.00763	0.00538	0.00681	0.00688	0.00741	0.00557	0.00467	0.00837	0.00869	0.01169	0.02054	0.06281	0.09970	0.39978	0.26629	0.04188	0.00774	0.02086	0.00338	0.00392
23	0.00706	0.00513	0.00677	0.00790	0.00859	0.00484	0.00583	0.00843	0.01099	0.01438	0.03164	0.54519	0.10453	0.01600	0.00695	0.00222	0.00354	0.20049	0.00497	0.00453
24	0.02048	0.01308	0.01472	0.01136	0.01544	0.01390	0.00935	0.54364	0.02233	0.20692	0.06130	0.01580	0.01263	0.00677	0.00544	0.00163	0.00539	0.00526	0.00570	0.00888
25	0.01339	0.01393	0.02933	0.02115	0.02613	0.01338	0.65674	0.01752	0.01256	0.06946	0.01131	0.01456	0.00842	0.00500	0.00703	0.00184	0.06184	0.00616	0.00296	0.00728
26	0.02109	0.00826	0.01087	0.00858	0.01212	0.00728	0.00701	0.02325	0.01449	0.61952	0.02040	0.01864	0.01339	0.00656	0.00505	0.00157	0.00413	0.00531	0.18423	0.00826
27	0.01368	0.01025	0.01279	0.01098	0.01370	0.01087	0.06639	0.22136	0.19813	0.07442	0.02108	0.28265	0.01997	0.01000	0.00597	0.00187	0.00472	0.00880	0.00514	0.00722
28	0.00713	0.00520	0.00681	0.00772	0.00852	0.00488	0.00574	0.00865	0.01156	0.01525	0.11911	0.45857	0.12102	0.01531	0.00686	0.00215	0.00342	0.18241	0.00508	0.00460
29	0.01047	0.00624	0.00793	0.00755	0.00929	0.00573	0.00574	0.01286	0.04290	0.15768	0.28554	0.20679	0.15593	0.01196	0.00630	0.00186	0.00326	0.05066	0.00562	0.00570
30	0.01956	0.00896	0.01135	0.00907	0.01257	0.00833	0.00736	0.08572	0.06335	0.50246	0.09373	0.02212	0.06278	0.00747	0.00544	0.00165	0.00423	0.00613	0.05954	0.00817
31	0.14217	0.01193	0.01265	0.01009	0.01389	0.06333	0.00823	0.22996	0.03548	0.35058	0.03188	0.01535	0.01148	0.00637	0.00502	0.00162	0.00511	0.00484	0.03180	0.00822
32	0.37957	0.20813	0.01479	0.00883	0.01260	0.01351	0.03600	0.01854	0.06674	0.15219	0.01137	0.01177	0.00850	0.00537	0.00400	0.00154	0.00476	0.00376	0.03115	0.00688
33	0.01083	0.00918	0.01651	0.01293	0.01592	0.00856	0.28523	0.01382	0.03849	0.07833	0.16875	0.11403	0.12810	0.00964	0.00727	0.05824	0.00541	0.00849	0.00429	0.00598
34	0.08135	0.13985	0.10006	0.15355	0.03526	0.04238	0.08547	0.04031	0.04781	0.04347	0.03731	0.03719	0.01046	0.00570	0.00483	0.00153	0.00601	0.00476	0.03589	0.08682
35	0.01059	0.00740	0.00927	0.03948	0.01098	0.00760	0.00653	0.10923	0.05204	0.04588	0.04469	0.30459	0.04356	0.04404	0.00986	0.14810	0.03155	0.00901	0.00431	0.06127

[dist]
# distance from previous block
# <min> <max>
2	21

[block]
# block no. 10 follows, 45 sequences, length 37
# corresponding to MSA columns:
# 451-487
name=unknown_K
#
# <colnr> <probs for GDERKNQSTAVLIFYWHMCP>
#	G	D	E	R	K	N	Q	S	T	A	V	L	I	F	Y	W	H	M	C	P
0	0.00719	0.00547	0.00662	0.00633	0.00777	0.00489	0.00475	0.00935	0.01424	0.01926	0.54293	0.04382	0.28416	0.01182	0.00634	0.00173	0.00259	0.01023	0.00561	0.00489
1	0.01396	0.01068	0.01179	0.01013	0.01304	0.01174	0.00798	0.20073	0.35984	0.05562	0.20330	0.03804	0.02321	0.00813	0.00568	0.00174	0.00422	0.00680	0.00559	0.00776
