[name]
unknown

[dist]
# distance from previous block
# <min> <max>
0	127

[block]
# block no. 0 follows, 48 sequences, length 19
# corresponding to MSA columns:
# 129-147
name=unknown_A
#
# <colnr> <probs for GDERKNQSTAVLIFYWHMCP>
#	G	D	E	R	K	N	Q	S	T	A	V	L	I	F	Y	W	H	M	C	P
0	0.00762	0.00545	0.00748	0.00841	0.00938	0.00531	0.00687	0.00963	0.01177	0.01565	0.14953	0.23862	0.03364	0.01404	0.00679	0.00217	0.00393	0.45422	0.00488	0.00461
1	0.01254	0.01203	0.02054	0.07243	0.74797	0.01215	0.01567	0.01561	0.01161	0.01657	0.00962	0.01275	0.00806	0.00460	0.00508	0.00153	0.00613	0.00457	0.00253	0.00800
2	0.00729	0.00536	0.00772	0.00778	0.00853	0.00607	0.00582	0.00879	0.00822	0.01168	0.01493	0.06731	0.01491	0.15533	0.63750	0.00740	0.01181	0.00631	0.00292	0.00434
3	0.00625	0.00447	0.00595	0.00714	0.00744	0.00417	0.00476	0.00714	0.00982	0.01310	0.02828	0.81633	0.03394	0.01608	0.00655	0.00208	0.00298	0.01459	0.00476	0.00417
4	0.01791	0.01968	0.01448	0.01320	0.04635	0.47773	0.00982	0.17390	0.14329	0.01823	0.01104	0.01166	0.00860	0.00571	0.00485	0.00144	0.00753	0.00404	0.00357	0.00696
5	0.01211	0.01384	0.03028	0.02163	0.02682	0.01298	0.76903	0.01644	0.01211	0.01644	0.01038	0.01384	0.00779	0.00433	0.00606	0.00173	0.00865	0.00606	0.00260	0.00692
6	0.01460	0.04541	0.01793	0.01632	0.14668	0.07901	0.14722	0.12622	0.18505	0.07524	0.01389	0.02969	0.01098	0.00613	0.00578	0.00165	0.04057	0.02623	0.00388	0.00752
7	0.01029	0.02654	0.79309	0.01462	0.02221	0.01192	0.01896	0.01625	0.01083	0.01625	0.00921	0.01083	0.00650	0.00487	0.00487	0.00162	0.00758	0.00379	0.00217	0.00758
8	0.02302	0.00873	0.01191	0.00913	0.01310	0.00754	0.00754	0.02501	0.01469	0.79122	0.02024	0.01746	0.01270	0.00635	0.00516	0.00159	0.00437	0.00516	0.00635	0.00873
9	0.00743	0.00669	0.00639	0.00618	0.00807	0.03976	0.00467	0.01025	0.09797	0.01491	0.07454	0.04383	0.63728	0.01189	0.00591	0.00171	0.00304	0.00988	0.00476	0.00485
10	0.01701	0.09459	0.12505	0.01449	0.10040	0.34113	0.01153	0.15544	0.01508	0.06423	0.00977	0.01081	0.00751	0.00529	0.00471	0.00142	0.00738	0.00381	0.00320	0.00715
11	0.00687	0.00517	0.00635	0.00619	0.00746	0.00465	0.00459	0.00887	0.01340	0.01822	0.53236	0.10571	0.23815	0.01160	0.00610	0.00168	0.00251	0.01012	0.00535	0.00465
12	0.01372	0.82276	0.02689	0.00878	0.01317	0.02030	0.00878	0.01536	0.01043	0.01207	0.00713	0.00823	0.00658	0.00439	0.00329	0.00110	0.00549	0.00274	0.00219	0.00658
13	0.00993	0.01465	0.23913	0.01410	0.01823	0.04110	0.25057	0.01356	0.01154	0.01583	0.09117	0.20248	0.01805	0.00813	0.00580	0.00177	0.00633	0.02811	0.00334	0.00617
14	0.01070	0.11821	0.63598	0.01461	0.06408	0.01268	0.01713	0.01585	0.01086	0.01572	0.01028	0.01180	0.03006	0.00505	0.00474	0.00156	0.00710	0.00393	0.00227	0.00740
15	0.00625	0.00447	0.00595	0.00714	0.00744	0.00417	0.00476	0.00714	0.00982	0.01310	0.02828	0.81633	0.03394	0.01608	0.00655	0.00208	0.00298	0.01459	0.00476	0.00417
16	0.00746	0.00497	0.00560	0.00560	0.00560	0.00497	0.00311	0.00746	0.00746	0.00995	0.01617	0.03358	0.01865	0.81967	0.02612	0.00497	0.00497	0.00746	0.00311	0.00311
17	0.03898	0.02161	0.07907	0.01432	0.07884	0.55298	0.01081	0.02044	0.10721	0.01457	0.00974	0.01085	0.00780	0.00539	0.00472	0.00142	0.00808	0.00374	0.00292	0.00652
18	0.01100	0.12162	0.53394	0.01266	0.01868	0.01190	0.01523	0.01599	0.03195	0.04964	0.05432	0.01645	0.01126	0.00602	0.00495	0.00162	0.00656	0.06622	0.00284	0.00713

[dist]
# distance from previous block
# <min> <max>
0	2

[block]
# block no. 1 follows, 48 sequences, length 24
# corresponding to MSA columns:
# 150-173
name=unknown_B
#
# <colnr> <probs for GDERKNQSTAVLIFYWHMCP>
#	G	D	E	R	K	N	Q	S	T	A	V	L	I	F	Y	W	H	M	C	P
0	0.00746	0.00499	0.00569	0.00569	0.00572	0.00502	0.00322	0.00752	0.00749	0.01002	0.01608	0.03311	0.01845	0.79240	0.05311	0.00509	0.00528	0.00739	0.00310	0.00316
1	0.01871	0.01407	0.01543	0.01196	0.01568	0.01589	0.00989	0.69813	0.02257	0.03043	0.01179	0.01221	0.00854	0.00643	0.00625	0.00161	0.08251	0.00461	0.00486	0.00843
2	0.00722	0.00524	0.00680	0.00641	0.00764	0.00482	0.00481	0.00960	0.01443	0.02034	0.75937	0.03871	0.07415	0.01058	0.00605	0.00162	0.00243	0.00933	0.00562	0.00482
3	0.09417	0.74512	0.02504	0.00859	0.01286	0.01946	0.00847	0.01534	0.01026	0.01312	0.00713	0.00824	0.00649	0.00443	0.00328	0.00114	0.00534	0.00275	0.00229	0.00649
4	0.01211	0.01384	0.03028	0.02163	0.02682	0.01298	0.76903	0.01644	0.01211	0.01644	0.01038	0.01384	0.00779	0.00433	0.00606	0.00173	0.00865	0.00606	0.00260	0.00692
5	0.00625	0.00447	0.00595	0.00714	0.00744	0.00417	0.00476	0.00714	0.00982	0.01310	0.02828	0.81633	0.03394	0.01608	0.00655	0.00208	0.00298	0.01459	0.00476	0.00417
6	0.00827	0.00591	0.00827	0.00945	0.01063	0.00591	0.00827	0.01063	0.01181	0.01536	0.02717	0.05788	0.02953	0.01417	0.00709	0.00236	0.00472	0.75313	0.00472	0.00472
7	0.01029	0.02654	0.79309	0.01462	0.02221	0.01192	0.01896	0.01625	0.01083	0.01625	0.00921	0.01083	0.00650	0.00487	0.00487	0.00162	0.00758	0.00379	0.00217	0.00758
8	0.00625	0.00447	0.00595	0.00714	0.00744	0.00417	0.00476	0.00714	0.00982	0.01310	0.02828	0.81633	0.03394	0.01608	0.00655	0.00208	0.00298	0.01459	0.00476	0.00417
9	0.02302	0.00873	0.01191	0.00913	0.01310	0.00754	0.00754	0.02501	0.01469	0.79122	0.02024	0.01746	0.01270	0.00635	0.00516	0.00159	0.00437	0.00516	0.00635	0.00873
10	0.85592	0.00992	0.00754	0.00675	0.00992	0.01151	0.00556	0.01508	0.00873	0.02302	0.00714	0.00834	0.00556	0.00476	0.00318	0.00159	0.00397	0.00278	0.00318	0.00556
11	0.00625	0.00447	0.00595	0.00714	0.00744	0.00417	0.00476	0.00714	0.00982	0.01310	0.02828	0.81633	0.03394	0.01608	0.00655	0.00208	0.00298	0.01459	0.00476	0.00417
12	0.01951	0.01437	0.01540	0.01181	0.01591	0.01591	0.00975	0.77056	0.02412	0.03234	0.01232	0.01232	0.00873	0.00616	0.00513	0.00154	0.00565	0.00462	0.00513	0.00873
13	0.00956	0.00478	0.00478	0.00478	0.00598	0.00478	0.00359	0.01196	0.01076	0.01913	0.01674	0.01913	0.01315	0.00598	0.00359	0.00120	0.00239	0.00478	0.84816	0.00478
14	0.02267	0.00929	0.01226	0.00940	0.01338	0.00838	0.00776	0.09933	0.01563	0.71557	0.01945	0.01695	0.01231	0.00633	0.00516	0.00158	0.00449	0.00511	0.00623	0.00873
15	0.01146	0.08875	0.01678	0.01302	0.01344	0.01615	0.01099	0.01264	0.00810	0.01232	0.00677	0.01094	0.00672	0.00854	0.01554	0.00214	0.73341	0.00432	0.00224	0.00571
16	0.02117	0.00853	0.01147	0.00892	0.01259	0.00752	0.00732	0.04764	0.01498	0.68169	0.10410	0.01959	0.01650	0.00680	0.00526	0.00159	0.00419	0.00560	0.00623	0.00830
17	0.00728	0.00538	0.00608	0.00581	0.00747	0.00466	0.00439	0.00899	0.01279	0.05315	0.29761	0.04413	0.50022	0.01183	0.00602	0.00169	0.00262	0.01004	0.00514	0.00471
18	0.04361	0.00991	0.01194	0.00937	0.01317	0.05614	0.00766	0.05351	0.03098	0.66141	0.01953	0.01724	0.02840	0.00639	0.00510	0.00158	0.00466	0.00510	0.00594	0.00837
19	0.01259	0.21830	0.11218	0.04659	0.48094	0.01418	0.01432	0.01563	0.01123	0.01541	0.00895	0.01138	0.00751	0.00458	0.00461	0.00143	0.00614	0.00402	0.00240	0.00760
20	0.01246	0.00666	0.04384	0.00617	0.00826	0.00571	0.00516	0.01493	0.01160	0.18309	0.01712	0.01838	0.01274	0.00600	0.00398	0.00130	0.00306	0.00482	0.62895	0.00576
21	0.00740	0.00522	0.00684	0.00684	0.00728	0.00565	0.00467	0.00826	0.00783	0.01087	0.01503	0.02726	0.01591	0.45184	0.39020	0.00652	0.00910	0.00654	0.00294	0.00380
22	0.06473	0.07332	0.01284	0.03274	0.04171	0.02584	0.00746	0.06757	0.04801	0.11385	0.01099	0.01181	0.00846	0.00463	0.00415	0.00111	0.00444	0.00361	0.00359	0.45915
23	0.01686	0.00896	0.01104	0.00863	0.01228	0.00807	0.00698	0.09621	0.05725	0.38290	0.07962	0.01978	0.07620	0.00668	0.00501	0.00143	0.00407	0.00547	0.00528	0.18729

[dist]
# distance from previous block
# <min> <max>
0	11

[block]
# block no. 2 follows, 48 sequences, length 40
# corresponding to MSA columns:
# 185-224
name=unknown_C
#
# <colnr> <probs for GDERKNQSTAVLIFYWHMCP>
#	G	D	E	R	K	N	Q	S	T	A	V	L	I	F	Y	W	H	M	C	P
0	0.07103	0.01415	0.03047	0.08908	0.15787	0.20056	0.01014	0.07293	0.03107	0.04412	0.01003	0.02490	0.00812	0.00506	0.00457	0.00133	0.00606	0.00398	0.00313	0.21141
1	0.01113	0.01088	0.01706	0.52148	0.27183	0.05226	0.01450	0.01432	0.01093	0.01423	0.00923	0.01314	0.00723	0.00496	0.00509	0.00163	0.00673	0.00450	0.00238	0.00648
2	0.00779	0.00541	0.00675	0.00631	0.00778	0.00487	0.00477	0.00995	0.01391	0.05792	0.58539	0.03971	0.20858	0.01083	0.00601	0.00164	0.00256	0.00941	0.00549	0.00493
3	0.00625	0.00447	0.00595	0.00714	0.00744	0.00417	0.00476	0.00714	0.00982	0.01310	0.02828	0.81633	0.03394	0.01608	0.00655	0.00208	0.00298	0.01459	0.00476	0.00417
4	0.00674	0.00522	0.00613	0.00590	0.00734	0.00462	0.00443	0.00866	0.01328	0.01763	0.46303	0.04318	0.37219	0.01159	0.00606	0.00167	0.00250	0.00996	0.00526	0.00462
5	0.00932	0.00483	0.00500	0.00496	0.00615	0.00479	0.00372	0.01172	0.01115	0.01928	0.09695	0.02113	0.01683	0.00645	0.00384	0.00124	0.00239	0.00525	0.76019	0.00479
6	0.00945	0.00481	0.00489	0.00487	0.00607	0.00479	0.00365	0.01184	0.01095	0.01920	0.05634	0.02012	0.01497	0.00621	0.00371	0.00122	0.00239	0.00501	0.80472	0.00479
7	0.85592	0.00992	0.00754	0.00675	0.00992	0.01151	0.00556	0.01508	0.00873	0.02302	0.00714	0.00834	0.00556	0.00476	0.00318	0.00159	0.00397	0.00278	0.00318	0.00556
8	0.01064	0.00912	0.01064	0.00760	0.01216	0.00684	0.00608	0.01292	0.01064	0.01672	0.00912	0.01064	0.00760	0.00380	0.00380	0.00076	0.00380	0.00304	0.00304	0.85104
9	0.85592	0.00992	0.00754	0.00675	0.00992	0.01151	0.00556	0.01508	0.00873	0.02302	0.00714	0.00834	0.00556	0.00476	0.00318	0.00159	0.00397	0.00278	0.00318	0.00556
10	0.01917	0.02445	0.01454	0.01322	0.01586	0.79907	0.00991	0.02049	0.01454	0.01256	0.00793	0.00925	0.00661	0.00529	0.00463	0.00132	0.00925	0.00330	0.00264	0.00595
11	0.01917	0.02445	0.01454	0.01322	0.01586	0.79907	0.00991	0.02049	0.01454	0.01256	0.00793	0.00925	0.00661	0.00529	0.00463	0.00132	0.00925	0.00330	0.00264	0.00595
12	0.85592	0.00992	0.00754	0.00675	0.00992	0.01151	0.00556	0.01508	0.00873	0.02302	0.00714	0.00834	0.00556	0.00476	0.00318	0.00159	0.00397	0.00278	0.00318	0.00556
13	0.85592	0.00992	0.00754	0.00675	0.00992	0.01151	0.00556	0.01508	0.00873	0.02302	0.00714	0.00834	0.00556	0.00476	0.00318	0.00159	0.00397	0.00278	0.00318	0.00556
14	0.01372	0.82276	0.02689	0.00878	0.01317	0.02030	0.00878	0.01536	0.01043	0.01207	0.00713	0.00823	0.00658	0.00439	0.00329	0.00110	0.00549	0.00274	0.00219	0.00658
15	0.85592	0.00992	0.00754	0.00675	0.00992	0.01151	0.00556	0.01508	0.00873	0.02302	0.00714	0.00834	0.00556	0.00476	0.00318	0.00159	0.00397	0.00278	0.00318	0.00556
16	0.00625	0.00447	0.00595	0.00714	0.00744	0.00417	0.00476	0.00714	0.00982	0.01310	0.02828	0.81633	0.03394	0.01608	0.00655	0.00208	0.00298	0.01459	0.00476	0.00417
17	0.00726	0.00524	0.00686	0.00646	0.00767	0.00484	0.00484	0.00968	0.01452	0.02058	0.78496	0.03833	0.04841	0.01049	0.00605	0.00161	0.00242	0.00928	0.00565	0.00484
18	0.01491	0.00643	0.00782	0.00676	0.00907	0.00595	0.00541	0.01714	0.01239	0.32933	0.01867	0.02041	0.01380	0.00654	0.00440	0.00141	0.00330	0.04263	0.46726	0.00637
19	0.05279	0.00877	0.01175	0.00904	0.01298	0.00768	0.00747	0.02465	0.01447	0.76376	0.01977	0.01714	0.01245	0.00629	0.00509	0.00159	0.00435	0.00507	0.00624	0.00862
20	0.00969	0.00912	0.01539	0.80734	0.03534	0.01140	0.01425	0.01311	0.01026	0.01311	0.00912	0.01368	0.00684	0.00513	0.00513	0.00171	0.00684	0.00456	0.00228	0.00570
21	0.01123	0.01123	0.01572	0.01347	0.01347	0.01572	0.01123	0.01235	0.00786	0.01235	0.00674	0.01123	0.00674	0.00898	0.01684	0.00225	0.81028	0.00449	0.00225	0.00561
22	0.00625	0.00447	0.00595	0.00714	0.00744	0.00417	0.00476	0.00714	0.00982	0.01310	0.02828	0.81633	0.03394	0.01608	0.00655	0.00208	0.00298	0.01459	0.00476	0.00417
23	0.01971	0.01202	0.01425	0.02723	0.05470	0.01256	0.00927	0.43939	0.03465	0.28063	0.03282	0.01480	0.01102	0.00624	0.00516	0.00156	0.00516	0.00493	0.00536	0.00854
24	0.00641	0.00456	0.00606	0.00720	0.00753	0.00429	0.00488	0.00734	0.00983	0.01308	0.02770	0.74257	0.03305	0.05060	0.00742	0.00222	0.00316	0.05326	0.00469	0.00415
25	0.00811	0.00580	0.00809	0.00927	0.01039	0.00577	0.00800	0.01036	0.01166	0.01518	0.02725	0.11600	0.02987	0.01432	0.00705	0.00234	0.00459	0.69653	0.00473	0.00468
26	0.49578	0.01291	0.01164	0.06469	0.06138	0.13644	0.03519	0.09614	0.01169	0.02107	0.00822	0.00973	0.00638	0.00499	0.00396	0.00155	0.00547	0.00340	0.00318	0.00617
27	0.00735	0.00543	0.00792	0.00792	0.00873	0.00624	0.00601	0.00896	0.00815	0.01167	0.01404	0.02179	0.01354	0.13346	0.70534	0.00785	0.01268	0.00574	0.00279	0.00440
28	0.01248	0.07265	0.18795	0.01599	0.16178	0.07993	0.05323	0.04325	0.18092	0.01727	0.04105	0.04434	0.01158	0.00614	0.00567	0.00162	0.04852	0.00506	0.00331	0.00726
29	0.01122	0.00887	0.01040	0.00753	0.01188	0.00677	0.00602	0.01349	0.01085	0.05657	0.01009	0.01144	0.00815	0.00405	0.00386	0.00083	0.00375	0.00324	0.04781	0.76318
30	0.01105	0.00897	0.01116	0.02543	0.05322	0.01027	0.00803	0.04785	0.30243	0.04292	0.09980	0.02092	0.03481	0.03019	0.19127	0.00332	0.08166	0.00598	0.00420	0.00653
31	0.00650	0.00518	0.00582	0.00572	0.00721	0.00451	0.00427	0.00818	0.01262	0.01622	0.31139	0.07707	0.49273	0.01223	0.00608	0.00170	0.00255	0.01043	0.00508	0.00451
32	0.00733	0.00550	0.00825	0.00825	0.00916	0.00641	0.00641	0.00916	0.00825	0.01191	0.01374	0.02016	0.01283	0.03848	0.79934	0.00825	0.01374	0.00550	0.00275	0.00458
33	0.00753	0.00579	0.00863	0.00852	0.00938	0.00689	0.00666	0.00933	0.00823	0.01193	0.01338	0.01970	0.01251	0.03696	0.75900	0.00794	0.05481	0.00545	0.00272	0.00463
34	0.01064	0.00912	0.01064	0.00760	0.01216	0.00684	0.00608	0.01292	0.01064	0.01672	0.00912	0.01064	0.00760	0.00380	0.00380	0.00076	0.00380	0.00304	0.00304	0.85104
35	0.01252	0.01197	0.02041	0.03081	0.76565	0.01196	0.01544	0.01550	0.01163	0.01666	0.01018	0.03538	0.00886	0.00490	0.00512	0.00154	0.00601	0.00485	0.00260	0.00802
36	0.01059	0.00951	0.01408	0.23540	0.07271	0.00892	0.07551	0.01342	0.01074	0.01581	0.00967	0.01236	0.00773	0.00439	0.00445	0.00119	0.00516	0.00393	0.04736	0.43708
37	0.01237	0.01063	0.01131	0.01009	0.01299	0.01205	0.00785	0.02562	0.69939	0.02117	0.05876	0.01966	0.01689	0.00697	0.00519	0.00168	0.00396	0.00583	0.00513	0.05244
38	0.02943	0.18245	0.14694	0.00984	0.01450	0.01126	0.02692	0.06074	0.01210	0.15485	0.01192	0.05505	0.00957	0.00539	0.00439	0.00128	0.00507	0.00427	0.00352	0.25051
39	0.01351	0.01391	0.01901	0.02712	0.61370	0.14628	0.01425	0.01619	0.01212	0.01591	0.01033	0.03515	0.00914	0.00526	0.00510	0.00153	0.00651	0.02475	0.00268	0.00756

[dist]
# distance from previous block
# <min> <max>
0	1

[block]
# block no. 3 follows, 48 sequences, length 14
# corresponding to MSA columns:
# 226-239
name=unknown_D
#
# <colnr> <probs for GDERKNQSTAVLIFYWHMCP>
#	G	D	E	R	K	N	Q	S	T	A	V	L	I	F	Y	W	H	M	C	P
0	0.01212	0.09451	0.17462	0.03499	0.01585	0.01008	0.05434	0.05108	0.01198	0.08183	0.05615	0.01456	0.01086	0.00521	0.00456	0.00127	0.00521	0.02881	0.00331	0.32865
1	0.00625	0.00447	0.00595	0.00714	0.00744	0.00417	0.00476	0.00714	0.00982	0.01310	0.02828	0.81633	0.03394	0.01608	0.00655	0.00208	0.00298	0.01459	0.00476	0.00417
2	0.00739	0.00527	0.00711	0.00711	0.00764	0.00580	0.00500	0.00844	0.00791	0.01107	0.01478	0.02590	0.01532	0.37256	0.46867	0.00685	0.00999	0.00634	0.00290	0.00395
3	0.01080	0.01962	0.47125	0.08527	0.15373	0.01116	0.04278	0.01552	0.01122	0.03528	0.03995	0.01383	0.02541	0.00529	0.00500	0.00160	0.00673	0.00450	0.03382	0.00724
4	0.01933	0.02332	0.01449	0.01299	0.01577	0.72655	0.00982	0.06268	0.01508	0.04184	0.00862	0.00972	0.00695	0.00537	0.00467	0.00134	0.00887	0.00345	0.00292	0.00620
5	0.00625	0.00447	0.00595	0.00714	0.00744	0.00417	0.00476	0.00714	0.00982	0.01310	0.02828	0.81633	0.03394	0.01608	0.00655	0.00208	0.00298	0.01459	0.00476	0.00417
6	0.01480	0.01243	0.01718	0.01340	0.01704	0.04333	0.20370	0.23096	0.18675	0.07407	0.08337	0.01783	0.01421	0.00648	0.00573	0.00167	0.02185	0.02323	0.00446	0.00752
7	0.01221	0.01168	0.01544	0.03551	0.04270	0.05910	0.01109	0.01354	0.00881	0.05334	0.00786	0.01179	0.00725	0.00911	0.03450	0.00227	0.65096	0.00449	0.00251	0.00586
8	0.01211	0.01384	0.03028	0.02163	0.02682	0.01298	0.76903	0.01644	0.01211	0.01644	0.01038	0.01384	0.00779	0.00433	0.00606	0.00173	0.00865	0.00606	0.00260	0.00692
9	0.01223	0.00556	0.00619	0.00564	0.00739	0.00533	0.00437	0.01454	0.01154	0.17185	0.01743	0.01880	0.01306	0.00605	0.00390	0.00127	0.00278	0.00486	0.68165	0.00556
10	0.01096	0.01607	0.26292	0.07993	0.22780	0.01172	0.16628	0.01492	0.01102	0.01570	0.01105	0.08101	0.00958	0.00589	0.00601	0.00170	0.05234	0.00547	0.00259	0.00705
11	0.03051	0.00901	0.01216	0.15305	0.04170	0.00984	0.03590	0.17411	0.01362	0.08533	0.01654	0.17305	0.01544	0.00852	0.00605	0.00175	0.05040	0.06352	0.09326	0.00625
12	0.00940	0.00752	0.00885	0.00957	0.01089	0.06543	0.00810	0.03797	0.01209	0.01533	0.02412	0.04994	0.02588	0.05635	0.03787	0.00262	0.00545	0.60334	0.00442	0.00487
13	0.30000	0.15252	0.25575	0.04165	0.01602	0.09567	0.01113	0.01636	0.01056	0.04672	0.00844	0.00974	0.00645	0.00486	0.00403	0.00149	0.00603	0.00330	0.00273	0.00652

[dist]
# distance from previous block
# <min> <max>
0	2

[block]
# block no. 4 follows, 48 sequences, length 10
# corresponding to MSA columns:
# 242-251
name=unknown_E
#
# <colnr> <probs for GDERKNQSTAVLIFYWHMCP>
#	G	D	E	R	K	N	Q	S	T	A	V	L	I	F	Y	W	H	M	C	P
0	0.00606	0.00520	0.00520	0.00520	0.00693	0.00433	0.00390	0.00736	0.01170	0.01386	0.05198	0.04938	0.78558	0.01299	0.00606	0.00173	0.00260	0.01083	0.00476	0.00433
1	0.01252	0.03355	0.15905	0.01022	0.01425	0.04673	0.03543	0.09368	0.14847	0.04692	0.01368	0.03836	0.01074	0.00572	0.00459	0.00138	0.00498	0.00465	0.13872	0.17636
2	0.03523	0.02363	0.00884	0.04872	0.01012	0.02442	0.00572	0.11258	0.04744	0.03551	0.21078	0.04830	0.02351	0.32787	0.01357	0.00293	0.00447	0.00713	0.00417	0.00503
3	0.00924	0.00683	0.00793	0.00750	0.00919	0.00679	0.00563	0.10268	0.09360	0.04103	0.22814	0.24150	0.19686	0.01151	0.00596	0.00177	0.00322	0.00998	0.00513	0.00548
4	0.01390	0.10125	0.17807	0.03949	0.13465	0.05052	0.01204	0.11308	0.10244	0.08803	0.05853	0.01429	0.01123	0.00593	0.00562	0.00158	0.05368	0.00464	0.00358	0.00745
5	0.01400	0.21538	0.21813	0.01357	0.09274	0.04543	0.03298	0.15217	0.06095	0.05164	0.01081	0.01252	0.00852	0.04300	0.00560	0.00162	0.00619	0.00416	0.00319	0.00739
6	0.01151	0.03402	0.00727	0.00623	0.00797	0.05472	0.00484	0.05582	0.04515	0.04987	0.01596	0.01772	0.01238	0.00595	0.00386	0.00126	0.00324	0.00467	0.65211	0.00543
7	0.01064	0.00912	0.01064	0.00760	0.01216	0.00684	0.00608	0.01292	0.01064	0.01672	0.00912	0.01064	0.00760	0.00380	0.00380	0.00076	0.00380	0.00304	0.00304	0.85104
8	0.01570	0.07847	0.09420	0.02837	0.01591	0.03754	0.04506	0.26993	0.17030	0.10581	0.05319	0.01505	0.01200	0.00609	0.00502	0.00155	0.00544	0.00490	0.00446	0.03101
9	0.04443	0.00924	0.05562	0.00869	0.01098	0.05868	0.02459	0.08168	0.01354	0.11181	0.22025	0.20306	0.09345	0.01013	0.00573	0.00173	0.00412	0.03168	0.00481	0.00578

[dist]
# distance from previous block
# <min> <max>
0	3

[block]
# block no. 5 follows, 48 sequences, length 55
# corresponding to MSA columns:
# 255-309
name=unknown_F
#
# <colnr> <probs for GDERKNQSTAVLIFYWHMCP>
#	G	D	E	R	K	N	Q	S	T	A	V	L	I	F	Y	W	H	M	C	P
0	0.03819	0.11817	0.21131	0.01120	0.01596	0.11288	0.01105	0.09381	0.01394	0.30466	0.01313	0.01285	0.00902	0.00554	0.00473	0.00150	0.00606	0.00416	0.00410	0.00774
1	0.07987	0.07543	0.09546	0.04368	0.06602	0.12525	0.05588	0.10524	0.05430	0.10878	0.01185	0.01312	0.00895	0.00693	0.03978	0.00180	0.02381	0.00432	0.07259	0.00693
2	0.01324	0.18220	0.22480	0.01192	0.01652	0.06823	0.09045	0.13455	0.04585	0.01835	0.01097	0.01237	0.00843	0.00521	0.00451	0.00143	0.00613	0.00415	0.13373	0.00696
3	0.00739	0.00524	0.00695	0.00695	0.00742	0.00571	0.00480	0.00833	0.00786	0.01095	0.01493	0.02671	0.01567	0.42015	0.42157	0.00665	0.00946	0.00646	0.00292	0.00386
4	0.21992	0.43212	0.07118	0.05921	0.01461	0.01655	0.00915	0.08040	0.01116	0.01685	0.00784	0.00919	0.00653	0.00481	0.00394	0.00135	0.02283	0.00314	0.00269	0.00651
5	0.00633	0.00450	0.00593	0.00705	0.00733	0.00422	0.00466	0.00716	0.00968	0.01290	0.02752	0.76714	0.03298	0.06657	0.00778	0.00227	0.00310	0.01414	0.00466	0.00410
6	0.00617	0.00520	0.00534	0.00530	0.00699	0.00437	0.00398	0.00756	0.01193	0.01443	0.11398	0.04845	0.72323	0.01278	0.00606	0.00172	0.00258	0.01070	0.00484	0.00437
7	0.00799	0.00535	0.00688	0.00659	0.00790	0.00486	0.00490	0.01005	0.01359	0.06727	0.55605	0.14567	0.12090	0.01126	0.00607	0.00169	0.00264	0.00992	0.00548	0.00494
8	0.01372	0.82276	0.02689	0.00878	0.01317	0.02030	0.00878	0.01536	0.01043	0.01207	0.00713	0.00823	0.00658	0.00439	0.00329	0.00110	0.00549	0.00274	0.00219	0.00658
9	0.07535	0.00881	0.01163	0.00898	0.01290	0.00779	0.00742	0.02438	0.01431	0.74295	0.01942	0.01689	0.01225	0.00625	0.00504	0.00159	0.00434	0.00501	0.00615	0.00853
10	0.00625	0.00447	0.00595	0.00714	0.00744	0.00417	0.00476	0.00714	0.00982	0.01310	0.02828	0.81633	0.03394	0.01608	0.00655	0.00208	0.00298	0.01459	0.00476	0.00417
11	0.00746	0.00497	0.00560	0.00560	0.00560	0.00497	0.00311	0.00746	0.00746	0.00995	0.01617	0.03358	0.01865	0.81967	0.02612	0.00497	0.00497	0.00746	0.00311	0.00311
12	0.85592	0.00992	0.00754	0.00675	0.00992	0.01151	0.00556	0.01508	0.00873	0.02302	0.00714	0.00834	0.00556	0.00476	0.00318	0.00159	0.00397	0.00278	0.00318	0.00556
13	0.00746	0.00497	0.00560	0.00560	0.00560	0.00497	0.00311	0.00746	0.00746	0.00995	0.01617	0.03358	0.01865	0.81967	0.02612	0.00497	0.00497	0.00746	0.00311	0.00311
14	0.05987	0.01416	0.01502	0.01156	0.01562	0.01570	0.00955	0.73410	0.02338	0.03189	0.01207	0.01213	0.00857	0.00609	0.00504	0.00154	0.00557	0.00453	0.00504	0.00857
15	0.00746	0.00497	0.00560	0.00560	0.00560	0.00497	0.00311	0.00746	0.00746	0.00995	0.01617	0.03358	0.01865	0.81967	0.02612	0.00497	0.00497	0.00746	0.00311	0.00311
16	0.01265	0.01234	0.02167	0.03061	0.71947	0.01226	0.08327	0.01581	0.01172	0.01673	0.00972	0.01280	0.00810	0.00455	0.00517	0.00154	0.00632	0.00470	0.00254	0.00802
17	0.01064	0.00912	0.01064	0.00760	0.01216	0.00684	0.00608	0.01292	0.01064	0.01672	0.00912	0.01064	0.00760	0.00380	0.00380	0.00076	0.00380	0.00304	0.00304	0.85104
18	0.01064	0.00912	0.01064	0.00760	0.01216	0.00684	0.00608	0.01292	0.01064	0.01672	0.00912	0.01064	0.00760	0.00380	0.00380	0.00076	0.00380	0.00304	0.00304	0.85104
19	0.00716	0.00524	0.00672	0.00635	0.00760	0.00480	0.00476	0.00948	0.01428	0.02000	0.72218	0.03927	0.11155	0.01070	0.00605	0.00162	0.00244	0.00941	0.00557	0.00480
20	0.00969	0.00912	0.01539	0.80734	0.03534	0.01140	0.01425	0.01311	0.01026	0.01311	0.00912	0.01368	0.00684	0.00513	0.00513	0.00171	0.00684	0.00456	0.00228	0.00570
21	0.01456	0.20059	0.32250	0.01127	0.01670	0.01265	0.01232	0.05065	0.04304	0.20066	0.02490	0.01267	0.00920	0.00530	0.00458	0.00146	0.00587	0.00406	0.00351	0.04352
22	0.01619	0.31048	0.04838	0.01009	0.01404	0.04956	0.00901	0.19351	0.10606	0.13972	0.01304	0.04643	0.01028	0.00597	0.00450	0.00143	0.00532	0.00449	0.00401	0.00751
23	0.00746	0.00497	0.00560	0.00560	0.00560	0.00497	0.00311	0.00746	0.00746	0.00995	0.01617	0.03358	0.01865	0.81967	0.02612	0.00497	0.00497	0.00746	0.00311	0.00311
24	0.00998	0.04185	0.02745	0.04918	0.10034	0.00720	0.00739	0.01221	0.01281	0.10426	0.35918	0.13689	0.07722	0.00959	0.00591	0.00167	0.01802	0.00838	0.00474	0.00572
25	0.06708	0.04407	0.01175	0.00822	0.01253	0.00851	0.00673	0.07101	0.01233	0.17789	0.01144	0.01192	0.00856	0.00458	0.00412	0.00105	0.00413	0.00356	0.00385	0.52664
26	0.00648	0.00518	0.00580	0.00572	0.00721	0.00450	0.00426	0.00814	0.01257	0.01611	0.30032	0.08263	0.49840	0.01229	0.00608	0.00171	0.00256	0.01048	0.00507	0.00450
27	0.00783	0.00580	0.00753	0.00790	0.00923	0.00562	0.00650	0.01059	0.04526	0.01730	0.30101	0.04819	0.12907	0.01241	0.00651	0.00199	0.00361	0.36372	0.00508	0.00486
28	0.03241	0.06944	0.43436	0.05105	0.13576	0.13871	0.01561	0.01686	0.01156	0.03521	0.00918	0.01094	0.00692	0.00491	0.00475	0.00153	0.00730	0.00381	0.00244	0.00724
29	0.00769	0.00543	0.00694	0.00708	0.00814	0.00512	0.00518	0.04125	0.01276	0.03386	0.35264	0.34885	0.08417	0.01278	0.00624	0.00184	0.00294	0.04710	0.00519	0.00478
30	0.00665	0.00475	0.00641	0.00759	0.00806	0.00451	0.00545	0.00783	0.01021	0.01354	0.02806	0.66829	0.03308	0.01570	0.00665	0.00214	0.00332	0.15874	0.00476	0.00428
31	0.01210	0.01412	0.07788	0.01916	0.04028	0.02818	0.56176	0.06304	0.01263	0.01703	0.01275	0.04625	0.04182	0.00542	0.00610	0.00172	0.02378	0.00623	0.00290	0.00684
32	0.02916	0.01584	0.15436	0.06359	0.24088	0.09166	0.24254	0.01613	0.01170	0.01609	0.00979	0.01259	0.00766	0.00481	0.00545	0.00160	0.02477	0.00473	0.03960	0.00707
33	0.01389	0.01126	0.01200	0.01052	0.01359	0.01285	0.00826	0.10171	0.66923	0.05633	0.02000	0.01839	0.01484	0.00685	0.00521	0.00171	0.00423	0.00565	0.00526	0.00821
34	0.01294	0.01245	0.01901	0.07713	0.53505	0.04581	0.04411	0.03679	0.13163	0.01746	0.01139	0.01366	0.00916	0.00504	0.00513	0.00157	0.00605	0.00477	0.00301	0.00784
35	0.00703	0.00532	0.00655	0.00701	0.00794	0.00510	0.00496	0.00952	0.07816	0.01568	0.20776	0.46055	0.13806	0.01356	0.00625	0.00190	0.00289	0.01207	0.00501	0.00469
36	0.01064	0.00912	0.01064	0.00760	0.01216	0.00684	0.00608	0.01292	0.01064	0.01672	0.00912	0.01064	0.00760	0.00380	0.00380	0.00076	0.00380	0.00304	0.00304	0.85104
37	0.00612	0.00520	0.00527	0.00525	0.00696	0.00435	0.00394	0.00747	0.01182	0.01416	0.08492	0.04888	0.75246	0.01288	0.00606	0.00173	0.00259	0.01076	0.00480	0.00435
38	0.01723	0.00740	0.00982	0.00797	0.01093	0.00651	0.00641	0.01933	0.01427	0.50312	0.22531	0.02453	0.05617	0.00772	0.00534	0.00158	0.00365	0.00648	0.05899	0.00725
39	0.01951	0.01437	0.01540	0.01181	0.01591	0.01591	0.00975	0.77056	0.02412	0.03234	0.01232	0.01232	0.00873	0.00616	0.00513	0.00154	0.00565	0.00462	0.00513	0.00873
40	0.00672	0.00522	0.00611	0.00589	0.00733	0.00461	0.00442	0.00863	0.01325	0.01754	0.45376	0.04332	0.38150	0.01162	0.00606	0.00167	0.00250	0.00998	0.00525	0.00461
41	0.01372	0.82276	0.02689	0.00878	0.01317	0.02030	0.00878	0.01536	0.01043	0.01207	0.00713	0.00823	0.00658	0.00439	0.00329	0.00110	0.00549	0.00274	0.00219	0.00658
42	0.00606	0.00520	0.00520	0.00520	0.00693	0.00433	0.00390	0.00736	0.01170	0.01386	0.05198	0.04938	0.78558	0.01299	0.00606	0.00173	0.00260	0.01083	0.00476	0.00433
43	0.01064	0.00912	0.01064	0.00760	0.01216	0.00684	0.00608	0.01292	0.01064	0.01672	0.00912	0.01064	0.00760	0.00380	0.00380	0.00076	0.00380	0.00304	0.00304	0.85104
44	0.01951	0.01437	0.01540	0.01181	0.01591	0.01591	0.00975	0.77056	0.02412	0.03234	0.01232	0.01232	0.00873	0.00616	0.00513	0.00154	0.00565	0.00462	0.00513	0.00873
45	0.85592	0.00992	0.00754	0.00675	0.00992	0.01151	0.00556	0.01508	0.00873	0.02302	0.00714	0.00834	0.00556	0.00476	0.00318	0.00159	0.00397	0.00278	0.00318	0.00556
46	0.00891	0.00446	0.00668	0.00668	0.00668	0.00446	0.00446	0.00668	0.00668	0.00891	0.00891	0.01560	0.00891	0.01783	0.02005	0.85071	0.00446	0.00446	0.00223	0.00223
47	0.01343	0.51638	0.02256	0.01054	0.01348	0.08378	0.00960	0.01490	0.01001	0.01219	0.00708	0.00920	0.00663	0.00582	0.00741	0.00146	0.24373	0.00331	0.00225	0.00624
48	0.00726	0.00524	0.00686	0.00646	0.00767	0.00484	0.00484	0.00968	0.01452	0.02058	0.78496	0.03833	0.04841	0.01049	0.00605	0.00161	0.00242	0.00928	0.00565	0.00484
49	0.01029	0.02654	0.79309	0.01462	0.02221	0.01192	0.01896	0.01625	0.01083	0.01625	0.00921	0.01083	0.00650	0.00487	0.00487	0.00162	0.00758	0.00379	0.00217	0.00758
50	0.01314	0.02931	0.10984	0.05967	0.30910	0.15165	0.06577	0.01737	0.09377	0.02841	0.01187	0.06559	0.01013	0.00578	0.00513	0.00158	0.00659	0.00513	0.00299	0.00719
51	0.85592	0.00992	0.00754	0.00675	0.00992	0.01151	0.00556	0.01508	0.00873	0.02302	0.00714	0.00834	0.00556	0.00476	0.00318	0.00159	0.00397	0.00278	0.00318	0.00556
52	0.01177	0.01084	0.01646	0.03976	0.44751	0.00995	0.01169	0.01451	0.01122	0.01666	0.00942	0.01187	0.00788	0.00426	0.00455	0.00121	0.00516	0.00393	0.00274	0.35861
53	0.06326	0.01026	0.01526	0.01238	0.01504	0.08536	0.26013	0.02855	0.01209	0.01630	0.12639	0.22949	0.08519	0.00915	0.00585	0.00175	0.00549	0.00863	0.00387	0.00555
54	0.03434	0.16920	0.03088	0.05968	0.03226	0.16285	0.00935	0.12324	0.25320	0.01843	0.01344	0.04834	0.01095	0.00619	0.00472	0.00151	0.00577	0.00475	0.00378	0.00711

[dist]
# distance from previous block
# <min> <max>
0	9

[block]
# block no. 6 follows, 48 sequences, length 23
# corresponding to MSA columns:
# 319-341
name=unknown_G
#
# <colnr> <probs for GDERKNQSTAVLIFYWHMCP>
#	G	D	E	R	K	N	Q	S	T	A	V	L	I	F	Y	W	H	M	C	P
0	0.02920	0.24896	0.40209	0.01186	0.01769	0.01369	0.03391	0.04468	0.01135	0.03621	0.01092	0.01206	0.04164	0.00510	0.00442	0.00142	0.00631	0.00387	0.00260	0.06200
1	0.01130	0.00825	0.02400	0.00953	0.07499	0.04618	0.04036	0.05134	0.06816	0.03616	0.01625	0.03910	0.01333	0.00648	0.00438	0.00141	0.00387	0.04205	0.49708	0.00578
2	0.01463	0.57454	0.03725	0.00899	0.01314	0.03563	0.00856	0.04863	0.01155	0.10261	0.00949	0.01034	0.00781	0.00587	0.03006	0.00141	0.00561	0.00329	0.02608	0.04451
3	0.00672	0.00505	0.00584	0.00620	0.00710	0.00463	0.00436	0.00776	0.01037	0.01318	0.07025	0.21729	0.31978	0.21418	0.01125	0.00267	0.00347	0.08146	0.00439	0.00405
4	0.01138	0.02079	0.45954	0.05447	0.21095	0.05082	0.06936	0.01608	0.01131	0.01605	0.00973	0.01259	0.00752	0.00500	0.00506	0.00161	0.00728	0.02066	0.00237	0.00744
5	0.01064	0.00912	0.01064	0.00760	0.01216	0.00684	0.00608	0.01292	0.01064	0.01672	0.00912	0.01064	0.00760	0.00380	0.00380	0.00076	0.00380	0.00304	0.00304	0.85104
6	0.01558	0.29436	0.06139	0.01120	0.05321	0.01460	0.00959	0.09444	0.12994	0.17866	0.01309	0.01375	0.00999	0.00589	0.00529	0.00149	0.05750	0.01861	0.00389	0.00752
7	0.00729	0.00471	0.00576	0.00655	0.00725	0.00448	0.00465	0.00873	0.01035	0.01496	0.02659	0.49267	0.07681	0.01298	0.00575	0.00184	0.00292	0.06667	0.23466	0.00439
8	0.00625	0.00447	0.00595	0.00714	0.00744	0.00417	0.00476	0.00714	0.00982	0.01310	0.02828	0.81633	0.03394	0.01608	0.00655	0.00208	0.00298	0.01459	0.00476	0.00417
9	0.00614	0.00520	0.00531	0.00528	0.00698	0.00436	0.00396	0.00751	0.01188	0.01430	0.09963	0.04866	0.73766	0.01283	0.00606	0.00172	0.00259	0.01073	0.00482	0.00436
10	0.01951	0.01437	0.01540	0.01181	0.01591	0.01591	0.00975	0.77056	0.02412	0.03234	0.01232	0.01232	0.00873	0.00616	0.00513	0.00154	0.00565	0.00462	0.00513	0.00873
11	0.00625	0.00447	0.00595	0.00714	0.00744	0.00417	0.00476	0.00714	0.00982	0.01310	0.02828	0.81633	0.03394	0.01608	0.00655	0.00208	0.00298	0.01459	0.00476	0.00417
12	0.01276	0.01102	0.01160	0.01044	0.01334	0.01276	0.00812	0.02727	0.77840	0.02146	0.02088	0.01914	0.01566	0.00696	0.00522	0.00174	0.00406	0.00580	0.00522	0.00812
13	0.02302	0.00873	0.01191	0.00913	0.01310	0.00754	0.00754	0.02501	0.01469	0.79122	0.02024	0.01746	0.01270	0.00635	0.00516	0.00159	0.00437	0.00516	0.00635	0.00873
14	0.01064	0.00912	0.01064	0.00760	0.01216	0.00684	0.00608	0.01292	0.01064	0.01672	0.00912	0.01064	0.00760	0.00380	0.00380	0.00076	0.00380	0.00304	0.00304	0.85104
15	0.01270	0.01219	0.02083	0.03149	0.78767	0.01219	0.01575	0.01575	0.01168	0.01676	0.00965	0.01270	0.00813	0.00457	0.00508	0.00152	0.00610	0.00457	0.00254	0.00813
16	0.00675	0.00513	0.00721	0.00826	0.02687	0.00491	0.02433	0.00787	0.01006	0.01340	0.02781	0.69221	0.06116	0.01514	0.00672	0.00207	0.02009	0.05102	0.00460	0.00440
17	0.00956	0.00478	0.00478	0.00478	0.00598	0.00478	0.00359	0.01196	0.01076	0.01913	0.01674	0.01913	0.01315	0.00598	0.00359	0.00120	0.00239	0.00478	0.84816	0.00478
18	0.02285	0.00901	0.01208	0.00926	0.01324	0.00796	0.00765	0.06187	0.01515	0.75370	0.01985	0.01721	0.01250	0.00634	0.00516	0.00159	0.00443	0.00513	0.00629	0.00873
19	0.01247	0.01286	0.05168	0.18710	0.50616	0.04730	0.05110	0.04049	0.01192	0.01631	0.00957	0.01271	0.00773	0.00477	0.00511	0.00157	0.00656	0.00455	0.00256	0.00747
20	0.01084	0.00996	0.01406	0.04877	0.04738	0.02955	0.06558	0.06831	0.00997	0.01406	0.01126	0.05426	0.01122	0.13728	0.08822	0.00306	0.34570	0.02218	0.00286	0.00549
21	0.00713	0.00486	0.00582	0.00615	0.00627	0.00482	0.00372	0.00746	0.00814	0.01090	0.01935	0.24630	0.02254	0.56289	0.05813	0.00434	0.00485	0.00931	0.00354	0.00347
22	0.01267	0.01091	0.01746	0.13382	0.35283	0.01131	0.07761	0.07741	0.07348	0.06279	0.05751	0.06417	0.01274	0.00610	0.00534	0.00163	0.00572	0.00572	0.00347	0.00733

[dist]
# distance from previous block
# <min> <max>
1	3

[block]
# block no. 7 follows, 48 sequences, length 27
# corresponding to MSA columns:
# 345-371
name=unknown_H
#
# <colnr> <probs for GDERKNQSTAVLIFYWHMCP>
#	G	D	E	R	K	N	Q	S	T	A	V	L	I	F	Y	W	H	M	C	P
0	0.01013	0.00962	0.02863	0.01617	0.21895	0.01092	0.02866	0.01200	0.00923	0.01341	0.01190	0.01743	0.03784	0.09599	0.20118	0.00372	0.26048	0.00530	0.00263	0.00581
1	0.01123	0.01123	0.01572	0.01347	0.01347	0.01572	0.01123	0.01235	0.00786	0.01235	0.00674	0.01123	0.00674	0.00898	0.01684	0.00225	0.81028	0.00449	0.00225	0.00561
2	0.00734	0.00546	0.00804	0.00804	0.00888	0.00630	0.00615	0.00903	0.00818	0.01176	0.01393	0.02122	0.01329	0.10007	0.73839	0.00799	0.01305	0.00565	0.00278	0.00447
3	0.00625	0.00447	0.00595	0.00714	0.00744	0.00417	0.00476	0.00714	0.00982	0.01310	0.02828	0.81633	0.03394	0.01608	0.00655	0.00208	0.00298	0.01459	0.00476	0.00417
4	0.85592	0.00992	0.00754	0.00675	0.00992	0.01151	0.00556	0.01508	0.00873	0.02302	0.00714	0.00834	0.00556	0.00476	0.00318	0.00159	0.00397	0.00278	0.00318	0.00556
5	0.85592	0.00992	0.00754	0.00675	0.00992	0.01151	0.00556	0.01508	0.00873	0.02302	0.00714	0.00834	0.00556	0.00476	0.00318	0.00159	0.00397	0.00278	0.00318	0.00556
6	0.00969	0.00912	0.01539	0.80734	0.03534	0.01140	0.01425	0.01311	0.01026	0.01311	0.00912	0.01368	0.00684	0.00513	0.00513	0.00171	0.00684	0.00456	0.00228	0.00570
7	0.00746	0.00497	0.00560	0.00560	0.00560	0.00497	0.00311	0.00746	0.00746	0.00995	0.01617	0.03358	0.01865	0.81967	0.02612	0.00497	0.00497	0.00746	0.00311	0.00311
8	0.00717	0.00524	0.00673	0.00636	0.00761	0.00480	0.00477	0.00951	0.01431	0.02007	0.72987	0.03916	0.10382	0.01068	0.00605	0.00162	0.00243	0.00940	0.00558	0.00480
9	0.01064	0.00912	0.01064	0.00760	0.01216	0.00684	0.00608	0.01292	0.01064	0.01672	0.00912	0.01064	0.00760	0.00380	0.00380	0.00076	0.00380	0.00304	0.00304	0.85104
10	0.02879	0.00987	0.01237	0.01263	0.17157	0.03637	0.00803	0.01361	0.01087	0.03847	0.01078	0.05281	0.00965	0.04540	0.00537	0.00126	0.00451	0.00422	0.00311	0.52032
11	0.03905	0.01034	0.01507	0.13671	0.14992	0.01044	0.04819	0.10852	0.04249	0.34136	0.01517	0.01621	0.01069	0.00593	0.00519	0.00162	0.00540	0.02528	0.00457	0.00786
12	0.00635	0.00453	0.00606	0.00726	0.00760	0.00425	0.00493	0.00731	0.00992	0.01321	0.02823	0.77993	0.03373	0.01598	0.00657	0.00210	0.00306	0.05002	0.00476	0.00419
13	0.01208	0.01641	0.21029	0.03647	0.10748	0.01241	0.46610	0.01656	0.01182	0.04427	0.01035	0.01313	0.00767	0.00457	0.00562	0.00168	0.00793	0.00529	0.00262	0.00725
14	0.01094	0.06461	0.37006	0.29671	0.06416	0.01233	0.01578	0.02969	0.01090	0.03517	0.00934	0.01200	0.00692	0.00513	0.00533	0.00164	0.03592	0.00412	0.00240	0.00686
15	0.01256	0.01296	0.05991	0.03037	0.72792	0.01220	0.03697	0.01579	0.01165	0.01673	0.00965	0.01264	0.00804	0.00458	0.00510	0.00153	0.00624	0.00457	0.00252	0.00807
16	0.00734	0.00547	0.00811	0.00811	0.00897	0.00634	0.00624	0.00907	0.00820	0.01181	0.01387	0.02087	0.01314	0.08010	0.75815	0.00807	0.01328	0.00560	0.00277	0.00450
17	0.07016	0.08261	0.18019	0.01434	0.03937	0.07270	0.19036	0.12996	0.01385	0.14084	0.01130	0.01236	0.00811	0.00515	0.00498	0.00156	0.00672	0.00450	0.00348	0.00745
18	0.00672	0.00483	0.00648	0.00763	0.00818	0.00458	0.00556	0.00797	0.01035	0.01366	0.02876	0.61322	0.05644	0.01553	0.00666	0.00214	0.00338	0.18885	0.00475	0.00430
19	0.01732	0.21707	0.07550	0.01204	0.01561	0.47934	0.01023	0.06649	0.01388	0.03637	0.00846	0.00955	0.00690	0.00512	0.00437	0.00131	0.00785	0.00334	0.00276	0.00648
20	0.00625	0.00447	0.00595	0.00714	0.00744	0.00417	0.00476	0.00714	0.00982	0.01310	0.02828	0.81633	0.03394	0.01608	0.00655	0.00208	0.00298	0.01459	0.00476	0.00417
21	0.01041	0.00892	0.01037	0.00748	0.01190	0.00671	0.00597	0.01264	0.01069	0.01658	0.01126	0.01257	0.04638	0.00426	0.00391	0.00081	0.00374	0.00343	0.00313	0.80883
22	0.01363	0.10483	0.19975	0.01132	0.01579	0.03356	0.06182	0.07277	0.13379	0.12876	0.07194	0.02827	0.01293	0.00598	0.00490	0.00151	0.00547	0.00495	0.02255	0.06546
23	0.00733	0.00550	0.00825	0.00825	0.00916	0.00641	0.00641	0.00916	0.00825	0.01191	0.01374	0.02016	0.01283	0.03848	0.79934	0.00825	0.01374	0.00550	0.00275	0.00458
24	0.04500	0.01101	0.05069	0.02581	0.07477	0.07032	0.00796	0.01380	0.02741	0.02973	0.01221	0.09551	0.02551	0.00580	0.00475	0.00119	0.02558	0.00473	0.00321	0.46502
25	0.62201	0.13162	0.01130	0.00774	0.01112	0.06551	0.00654	0.04595	0.01013	0.03916	0.00771	0.00876	0.00607	0.00484	0.00341	0.00150	0.00462	0.00294	0.00315	0.00594
26	0.01431	0.01444	0.01285	0.14928	0.04805	0.26788	0.00951	0.08481	0.17867	0.01737	0.01371	0.01492	0.03053	0.00597	0.00481	0.00150	0.00620	0.00462	0.11405	0.00651

[dist]
# distance from previous block
# <min> <max>
5	19

# created by:
# /st0/software/busco_prod/Augustus/scripts/msa2prfl.pl ./align_prep/51566.fa
