[name]
unknown

[dist]
# distance from previous block
# <min> <max>
2	43

[block]
# block no. 0 follows, 44 sequences, length 56
# corresponding to MSA columns:
# 53-108
name=unknown_A
#
# <colnr> <probs for GDERKNQSTAVLIFYWHMCP>
#	G	D	E	R	K	N	Q	S	T	A	V	L	I	F	Y	W	H	M	C	P
0	0.01317	0.19778	0.02395	0.06086	0.02065	0.01456	0.28170	0.05888	0.01240	0.01688	0.00969	0.01230	0.00785	0.00505	0.00606	0.00150	0.06990	0.00464	0.00286	0.17932
1	0.01287	0.01220	0.03837	0.06564	0.01879	0.03359	0.17566	0.03923	0.06972	0.04931	0.01141	0.01331	0.00888	0.00497	0.00542	0.00134	0.03283	0.00451	0.00339	0.39856
2	0.01234	0.03181	0.01740	0.13914	0.02010	0.05598	0.15718	0.06395	0.03228	0.01677	0.01129	0.03926	0.00969	0.03209	0.05666	0.00215	0.09437	0.00519	0.00312	0.19923
3	0.01318	0.17029	0.05415	0.01681	0.02184	0.01431	0.40852	0.07149	0.01319	0.01765	0.01241	0.03445	0.03618	0.00537	0.00552	0.00160	0.00738	0.00565	0.00305	0.08696
4	0.01284	0.12107	0.17036	0.15457	0.02270	0.02559	0.14263	0.02915	0.05685	0.05165	0.01097	0.01396	0.00861	0.00602	0.00700	0.00177	0.11522	0.01659	0.00295	0.02950
5	0.12663	0.03711	0.04172	0.01370	0.01819	0.05794	0.22606	0.06686	0.09686	0.04208	0.01159	0.01316	0.00889	0.00520	0.00525	0.00152	0.01943	0.00469	0.00353	0.19959
6	0.01197	0.01204	0.02255	0.08019	0.02294	0.01151	0.39909	0.04052	0.01264	0.01746	0.01330	0.03388	0.01168	0.00637	0.00639	0.00175	0.03140	0.10187	0.00323	0.15924
7	0.01192	0.01214	0.01883	0.22827	0.05516	0.03766	0.11056	0.01432	0.01002	0.01412	0.00852	0.01301	0.00739	0.00746	0.01209	0.00210	0.42268	0.00498	0.00247	0.00630
8	0.01396	0.01709	0.11349	0.01092	0.01541	0.25285	0.00950	0.01653	0.01261	0.01619	0.00993	0.03507	0.00844	0.00508	0.00455	0.00116	0.00636	0.00380	0.00303	0.44403
9	0.01251	0.00631	0.00837	0.00809	0.00965	0.00574	0.00587	0.01379	0.01194	0.25403	0.04755	0.41164	0.02714	0.11758	0.00923	0.00245	0.00394	0.03293	0.00539	0.00584
10	0.01654	0.00740	0.00978	0.00855	0.01125	0.00648	0.00666	0.01823	0.01361	0.43766	0.02860	0.25270	0.12018	0.01088	0.00609	0.00188	0.00397	0.02641	0.00599	0.00715
11	0.01896	0.21687	0.01864	0.01290	0.01616	0.60067	0.01024	0.02045	0.01439	0.01322	0.00822	0.00957	0.00702	0.00539	0.00457	0.00135	0.00886	0.00337	0.00269	0.00648
12	0.00780	0.00578	0.00845	0.00845	0.00932	0.00665	0.00643	0.00954	0.00867	0.01243	0.01488	0.02297	0.01431	0.12471	0.70390	0.00838	0.01359	0.00607	0.00296	0.00470
13	0.01246	0.01383	0.02888	0.12379	0.02857	0.01379	0.59936	0.01666	0.01226	0.01666	0.01055	0.01447	0.00805	0.00509	0.00720	0.00188	0.07064	0.00610	0.00268	0.00707
14	0.00793	0.00529	0.00595	0.00595	0.00595	0.00529	0.00330	0.00793	0.00793	0.01057	0.01718	0.03568	0.01982	0.80840	0.02775	0.00529	0.00529	0.00793	0.00330	0.00330
15	0.01990	0.01486	0.01590	0.01238	0.01659	0.01652	0.01016	0.67223	0.11096	0.03302	0.01414	0.01393	0.01012	0.00664	0.00546	0.00166	0.00580	0.00505	0.00546	0.00920
16	0.01755	0.01101	0.01457	0.01082	0.01540	0.00989	0.07651	0.14633	0.02896	0.27731	0.01461	0.01453	0.01028	0.00550	0.00502	0.00136	0.00506	0.00463	0.00480	0.32587
17	0.01181	0.21553	0.60045	0.01405	0.02130	0.01479	0.01756	0.01704	0.01141	0.01620	0.00926	0.01085	0.00693	0.00506	0.00478	0.00159	0.00752	0.00376	0.00231	0.00780
18	0.01093	0.02820	0.78016	0.01554	0.02360	0.01266	0.02014	0.01727	0.01151	0.01727	0.00978	0.01151	0.00691	0.00518	0.00518	0.00173	0.00806	0.00403	0.00230	0.00806
19	0.00704	0.00510	0.00669	0.00751	0.00820	0.00475	0.00533	0.00849	0.01181	0.01588	0.19176	0.53341	0.08320	0.01543	0.00686	0.00211	0.00316	0.07337	0.00526	0.00464
20	0.01274	0.01156	0.01850	0.43305	0.27241	0.01304	0.02804	0.11244	0.01336	0.01793	0.01034	0.01401	0.00799	0.00539	0.00545	0.00173	0.00688	0.00489	0.00292	0.00733
21	0.01173	0.00647	0.00852	0.00750	0.00952	0.00582	0.00580	0.01414	0.01535	0.20533	0.56048	0.03581	0.07122	0.01018	0.00620	0.00171	0.00308	0.00886	0.00614	0.00613
22	0.00672	0.00489	0.00619	0.00719	0.00768	0.00452	0.00480	0.00765	0.01050	0.01376	0.03235	0.64569	0.13152	0.07867	0.00852	0.00241	0.00328	0.01438	0.00492	0.00436
23	0.01114	0.01079	0.01899	0.57895	0.17135	0.01243	0.08923	0.01479	0.01137	0.01499	0.00993	0.01436	0.00762	0.00526	0.00554	0.00178	0.00731	0.00501	0.00251	0.00666
24	0.01119	0.02643	0.68186	0.01652	0.02424	0.01281	0.11666	0.01729	0.01169	0.01729	0.00995	0.01193	0.00709	0.00510	0.00534	0.00174	0.00821	0.00434	0.00236	0.00796
25	0.01016	0.00508	0.00508	0.00508	0.00635	0.00508	0.00381	0.01270	0.01143	0.02033	0.01778	0.02033	0.01397	0.00635	0.00381	0.00127	0.00254	0.00508	0.83867	0.00508
26	0.01913	0.02627	0.11594	0.01424	0.01774	0.68482	0.01180	0.02118	0.01493	0.01386	0.00861	0.01005	0.00701	0.00556	0.00495	0.00145	0.00960	0.00358	0.00274	0.00655
27	0.01146	0.00986	0.01296	0.25701	0.02064	0.01118	0.02995	0.08418	0.24708	0.01885	0.02241	0.08268	0.11430	0.00859	0.00586	0.00188	0.00527	0.04465	0.00435	0.00682
28	0.01141	0.13116	0.68139	0.01472	0.02233	0.01383	0.01872	0.01714	0.01145	0.01668	0.00949	0.01115	0.00692	0.00511	0.00496	0.00165	0.00776	0.00388	0.00231	0.00792
29	0.02110	0.01467	0.01599	0.01226	0.01661	0.01602	0.01013	0.68340	0.02463	0.10859	0.01393	0.01363	0.00969	0.00656	0.00546	0.00164	0.00586	0.00497	0.00558	0.00927
30	0.00776	0.00521	0.00600	0.00616	0.00620	0.00517	0.00353	0.00788	0.00826	0.01101	0.01887	0.13675	0.02195	0.70442	0.02502	0.00488	0.00501	0.00892	0.00353	0.00345
31	0.00766	0.00526	0.00641	0.00664	0.00686	0.00531	0.00414	0.00815	0.00872	0.01178	0.03953	0.18262	0.02302	0.53735	0.11891	0.00503	0.00598	0.00918	0.00367	0.00377
32	0.01295	0.01448	0.03085	0.02436	0.12651	0.01368	0.65763	0.01737	0.01281	0.01751	0.01093	0.01455	0.00832	0.00463	0.00630	0.00181	0.00883	0.00623	0.00275	0.00752
33	0.01030	0.00969	0.01635	0.79530	0.03755	0.01211	0.01514	0.01393	0.01090	0.01393	0.00969	0.01453	0.00727	0.00545	0.00545	0.00182	0.00727	0.00484	0.00242	0.00606
34	0.02072	0.01527	0.01636	0.01254	0.01691	0.01691	0.01036	0.75622	0.02563	0.03436	0.01309	0.01309	0.00927	0.00654	0.00545	0.00164	0.00600	0.00491	0.00545	0.00927
35	0.00679	0.00485	0.00650	0.00776	0.00814	0.00456	0.00532	0.00785	0.01059	0.01408	0.02997	0.75285	0.03573	0.01694	0.00700	0.00223	0.00329	0.06602	0.00506	0.00447
36	0.01130	0.00969	0.01130	0.00807	0.01292	0.00727	0.00646	0.01373	0.01130	0.01776	0.00969	0.01130	0.00807	0.00404	0.00404	0.00081	0.00404	0.00323	0.00323	0.84173
37	0.00698	0.00500	0.00611	0.00686	0.00729	0.00469	0.00445	0.00772	0.00999	0.01308	0.02974	0.48991	0.12823	0.23894	0.01273	0.00303	0.00371	0.01285	0.00457	0.00414
38	0.82323	0.01068	0.00825	0.00732	0.01073	0.01236	0.00603	0.03724	0.00975	0.02474	0.00775	0.00898	0.00600	0.00510	0.00343	0.00169	0.00427	0.00301	0.00343	0.00600
39	0.01282	0.01087	0.01149	0.01042	0.01309	0.01247	0.00793	0.02620	0.66512	0.02120	0.02153	0.02236	0.01706	0.11266	0.00846	0.00230	0.00444	0.00640	0.00525	0.00793
40	0.34057	0.00876	0.00907	0.00796	0.01079	0.00916	0.00633	0.01736	0.07150	0.18545	0.21200	0.06296	0.02187	0.00784	0.00499	0.00174	0.00383	0.00622	0.00505	0.00657
41	0.00733	0.00517	0.00679	0.00782	0.00828	0.00498	0.00555	0.00845	0.01044	0.01384	0.02750	0.50831	0.03216	0.15764	0.01079	0.00282	0.00394	0.16910	0.00474	0.00435
42	0.84691	0.01054	0.00801	0.00717	0.01054	0.01223	0.00590	0.01603	0.00928	0.02446	0.00759	0.00886	0.00590	0.00506	0.00337	0.00169	0.00422	0.00295	0.00337	0.00590
43	0.00719	0.00506	0.00632	0.00690	0.00732	0.00481	0.00450	0.00811	0.01048	0.01411	0.13863	0.42429	0.06008	0.26110	0.01330	0.00308	0.00372	0.01216	0.00466	0.00419
44	0.47455	0.00888	0.00855	0.00779	0.01059	0.00947	0.00613	0.01613	0.01085	0.17605	0.01589	0.20423	0.01478	0.00833	0.00468	0.00181	0.00405	0.00652	0.00447	0.00624
45	0.02194	0.00984	0.01258	0.01002	0.01398	0.00930	0.00816	0.02712	0.18876	0.60353	0.02167	0.01897	0.01422	0.00690	0.00550	0.00172	0.00456	0.00564	0.00647	0.00913
46	0.00817	0.00550	0.00789	0.00789	0.00847	0.00609	0.00572	0.00884	0.00825	0.01159	0.01398	0.02301	0.01388	0.17765	0.48265	0.18676	0.01077	0.00599	0.00287	0.00404
47	0.00788	0.00530	0.00704	0.00725	0.00760	0.00556	0.00488	0.00833	0.00848	0.01162	0.01741	0.15150	0.01911	0.33704	0.26219	0.11576	0.00780	0.00806	0.00334	0.00385
48	0.50103	0.01001	0.00996	0.00823	0.01196	0.01046	0.00679	0.02046	0.01194	0.34143	0.01344	0.01294	0.00910	0.00577	0.00426	0.00169	0.00439	0.00402	0.00479	0.00732
49	0.00750	0.00556	0.00699	0.00664	0.00801	0.00505	0.00498	0.00988	0.01493	0.02067	0.65166	0.04269	0.17204	0.01159	0.00643	0.00174	0.00260	0.01013	0.00584	0.00505
50	0.01305	0.01326	0.02395	0.02730	0.43947	0.01382	0.21816	0.01631	0.01184	0.01691	0.00994	0.01356	0.00828	0.00559	0.00783	0.00181	0.14317	0.00527	0.00266	0.00783
51	0.01680	0.01977	0.01905	0.13605	0.12131	0.42739	0.12597	0.04031	0.01426	0.01525	0.00939	0.01186	0.00753	0.00536	0.00531	0.00157	0.00880	0.00438	0.00280	0.00683
52	0.66866	0.01213	0.01049	0.01122	0.11220	0.07594	0.00772	0.01659	0.01020	0.02267	0.00801	0.00955	0.00636	0.00508	0.00377	0.00165	0.00498	0.00325	0.00324	0.00630
53	0.00794	0.00576	0.00811	0.00834	0.00914	0.00634	0.00635	0.00954	0.00924	0.01284	0.01787	0.05416	0.01841	0.19581	0.48138	0.00685	0.01080	0.12316	0.00340	0.00455
54	0.00667	0.00491	0.00616	0.00713	0.00771	0.00450	0.00481	0.00765	0.01068	0.01390	0.03405	0.62963	0.17046	0.05459	0.00787	0.00229	0.00319	0.01440	0.00498	0.00441
55	0.01382	0.01314	0.02358	0.04972	0.41120	0.01297	0.23763	0.03855	0.05604	0.05065	0.01170	0.01443	0.00915	0.00505	0.00569	0.00169	0.00704	0.00539	0.00313	0.02943

[dist]
# distance from previous block
# <min> <max>
0	1

[block]
# block no. 1 follows, 44 sequences, length 52
# corresponding to MSA columns:
# 110-161
name=unknown_B
#
# <colnr> <probs for GDERKNQSTAVLIFYWHMCP>
#	G	D	E	R	K	N	Q	S	T	A	V	L	I	F	Y	W	H	M	C	P
0	0.05159	0.01740	0.01516	0.01290	0.01575	0.26491	0.01024	0.24517	0.13297	0.02163	0.01172	0.01278	0.00918	0.00684	0.00740	0.00173	0.14659	0.00455	0.00399	0.00750
1	0.29162	0.00817	0.00842	0.00741	0.00995	0.00837	0.00579	0.04024	0.01255	0.11749	0.21685	0.02555	0.09831	0.07005	0.02816	0.00215	0.00411	0.00650	0.00472	0.03357
2	0.01184	0.01132	0.01938	0.42299	0.38245	0.01254	0.03075	0.01531	0.01165	0.01582	0.00998	0.01405	0.00793	0.00516	0.00545	0.00172	0.00694	0.00488	0.00256	0.00729
3	0.00789	0.00562	0.00778	0.00778	0.00840	0.00624	0.00559	0.00905	0.00843	0.01186	0.01527	0.02592	0.01551	0.29181	0.51090	0.03697	0.01120	0.00649	0.00303	0.00427
4	0.84691	0.01054	0.00801	0.00717	0.01054	0.01223	0.00590	0.01603	0.00928	0.02446	0.00759	0.00886	0.00590	0.00506	0.00337	0.00169	0.00422	0.00295	0.00337	0.00590
5	0.02066	0.00940	0.01226	0.00923	0.01363	0.00780	0.00756	0.02286	0.01436	0.55855	0.01809	0.01646	0.01193	0.00596	0.00507	0.00143	0.00447	0.00483	0.00573	0.24971
6	0.10012	0.00694	0.00873	0.00766	0.00976	0.00658	0.00591	0.01469	0.01369	0.21740	0.39151	0.02830	0.03102	0.01043	0.00791	0.11713	0.00358	0.00729	0.00542	0.00592
7	0.01130	0.00969	0.01130	0.00807	0.01292	0.00727	0.00646	0.01373	0.01130	0.01776	0.00969	0.01130	0.00807	0.00404	0.00404	0.00081	0.00404	0.00323	0.00323	0.84173
8	0.01349	0.01295	0.02213	0.03346	0.77440	0.01295	0.01673	0.01673	0.01241	0.01781	0.01025	0.01349	0.00864	0.00486	0.00540	0.00162	0.00648	0.00486	0.00270	0.00864
9	0.00740	0.00556	0.00685	0.00653	0.00795	0.00501	0.00490	0.00968	0.01469	0.02010	0.59421	0.04363	0.22985	0.01180	0.00643	0.00175	0.00262	0.01027	0.00577	0.00501
10	0.00747	0.00537	0.00656	0.00680	0.00784	0.00497	0.00493	0.00916	0.01246	0.01694	0.27873	0.21360	0.18719	0.09644	0.00871	0.00226	0.00321	0.06744	0.05526	0.00467
11	0.12307	0.00630	0.00745	0.00756	0.00905	0.00623	0.00593	0.01076	0.01312	0.01950	0.36113	0.13517	0.09683	0.01208	0.00631	0.00195	0.00340	0.16383	0.00524	0.00509
12	0.73385	0.01037	0.00865	0.00752	0.01101	0.01165	0.00619	0.01747	0.01015	0.12807	0.00950	0.01019	0.00695	0.00529	0.00366	0.00169	0.00428	0.00330	0.00384	0.00637
13	0.00942	0.00690	0.00842	0.00755	0.00930	0.00673	0.00580	0.11267	0.01664	0.02312	0.62148	0.03768	0.09171	0.01068	0.00630	0.00171	0.00306	0.00928	0.00587	0.00568
14	0.00902	0.00751	0.00812	0.00771	0.00977	0.00763	0.00585	0.01519	0.25949	0.01861	0.17139	0.08478	0.35113	0.01142	0.00618	0.00184	0.00326	0.00970	0.00539	0.00601
15	0.00687	0.00495	0.00643	0.00729	0.00784	0.00460	0.00496	0.00808	0.01131	0.01520	0.15945	0.60122	0.07699	0.04810	0.00769	0.00223	0.00313	0.01400	0.00515	0.00452
16	0.84691	0.01054	0.00801	0.00717	0.01054	0.01223	0.00590	0.01603	0.00928	0.02446	0.00759	0.00886	0.00590	0.00506	0.00337	0.00169	0.00422	0.00295	0.00337	0.00590
17	0.00779	0.00584	0.00876	0.00876	0.00974	0.00681	0.00681	0.00974	0.00876	0.01266	0.01460	0.02142	0.01363	0.04089	0.78680	0.00876	0.01460	0.00584	0.00292	0.00487
18	0.00772	0.00532	0.00589	0.00589	0.00614	0.00519	0.00342	0.00791	0.00855	0.01114	0.02241	0.03798	0.12325	0.69917	0.02482	0.00481	0.00494	0.00842	0.00355	0.00348
19	0.00770	0.00561	0.00665	0.00656	0.00804	0.00498	0.00488	0.00952	0.01337	0.04424	0.32510	0.12727	0.34782	0.03265	0.00702	0.00193	0.00293	0.03336	0.00544	0.00494
20	0.84691	0.01054	0.00801	0.00717	0.01054	0.01223	0.00590	0.01603	0.00928	0.02446	0.00759	0.00886	0.00590	0.00506	0.00337	0.00169	0.00422	0.00295	0.00337	0.00590
21	0.01305	0.01250	0.02133	0.13819	0.67310	0.01284	0.01651	0.01635	0.01221	0.01728	0.01018	0.01364	0.00845	0.00494	0.00540	0.00165	0.00659	0.00486	0.00266	0.00828
22	0.00729	0.00521	0.00594	0.00625	0.00674	0.00493	0.00392	0.00782	0.00954	0.01231	0.02879	0.22564	0.19176	0.43939	0.01796	0.00377	0.00421	0.01056	0.00412	0.00387
23	0.02072	0.01527	0.01636	0.01254	0.01691	0.01691	0.01036	0.75622	0.02563	0.03436	0.01309	0.01309	0.00927	0.00654	0.00545	0.00164	0.00600	0.00491	0.00545	0.00927
24	0.00779	0.00584	0.00876	0.00876	0.00974	0.00681	0.00681	0.00974	0.00876	0.01266	0.01460	0.02142	0.01363	0.04089	0.78680	0.00876	0.01460	0.00584	0.00292	0.00487
25	0.01231	0.01355	0.02895	0.02120	0.02613	0.01275	0.65207	0.01662	0.01282	0.01731	0.01348	0.02114	0.01145	0.00603	0.00658	0.00193	0.00862	0.10696	0.00307	0.00703
26	0.09111	0.01416	0.02449	0.02088	0.15294	0.01424	0.38269	0.19190	0.01548	0.02216	0.01107	0.01358	0.00835	0.00514	0.00574	0.00174	0.00751	0.00548	0.00344	0.00790
27	0.01213	0.01153	0.01913	0.12383	0.57783	0.01170	0.01480	0.01516	0.01223	0.01691	0.01637	0.01898	0.11343	0.00616	0.00555	0.00167	0.00606	0.00577	0.00299	0.00776
28	0.01016	0.00508	0.00508	0.00508	0.00635	0.00508	0.00381	0.01270	0.01143	0.02033	0.01778	0.02033	0.01397	0.00635	0.00381	0.00127	0.00254	0.00508	0.83867	0.00508
29	0.02287	0.01002	0.01533	0.01153	0.01592	0.00881	0.11064	0.02532	0.01523	0.67360	0.02007	0.01803	0.01278	0.00645	0.00561	0.00171	0.00526	0.00561	0.00620	0.00901
30	0.01108	0.06010	0.74956	0.01529	0.02320	0.01302	0.01970	0.01723	0.01149	0.01708	0.00969	0.01140	0.00691	0.00516	0.00511	0.00170	0.00797	0.00398	0.00230	0.00801
31	0.01305	0.01250	0.02133	0.13819	0.67310	0.01284	0.01651	0.01635	0.01221	0.01728	0.01018	0.01364	0.00845	0.00494	0.00540	0.00165	0.00659	0.00486	0.00266	0.00828
32	0.00648	0.00536	0.00569	0.00594	0.00747	0.00457	0.00433	0.00778	0.01202	0.01456	0.05011	0.20533	0.62262	0.01447	0.00655	0.00192	0.00284	0.01232	0.00506	0.00457
33	0.00850	0.00607	0.00846	0.00972	0.01085	0.00603	0.00829	0.01080	0.01227	0.01600	0.02902	0.15991	0.03200	0.01533	0.00745	0.00247	0.00477	0.64208	0.00503	0.00494
34	0.01179	0.01321	0.12459	0.38831	0.02992	0.01188	0.20593	0.01578	0.01178	0.06691	0.01206	0.06166	0.00962	0.00597	0.00576	0.00182	0.00745	0.00582	0.00294	0.00679
35	0.00662	0.00482	0.00625	0.00740	0.00786	0.00444	0.00497	0.00761	0.01062	0.01399	0.03241	0.73431	0.10507	0.01677	0.00691	0.00218	0.00313	0.01512	0.00506	0.00444
36	0.01130	0.00969	0.01130	0.00807	0.01292	0.00727	0.00646	0.01373	0.01130	0.01776	0.00969	0.01130	0.00807	0.00404	0.00404	0.00081	0.00404	0.00323	0.00323	0.84173
37	0.02010	0.06246	0.01606	0.01383	0.01672	0.75101	0.01048	0.02152	0.01525	0.01332	0.00839	0.00978	0.00702	0.00557	0.00485	0.00139	0.00965	0.00348	0.00279	0.00635
38	0.02072	0.01527	0.01636	0.01254	0.01691	0.01691	0.01036	0.75622	0.02563	0.03436	0.01309	0.01309	0.00927	0.00654	0.00545	0.00164	0.00600	0.00491	0.00545	0.00927
39	0.01101	0.01054	0.01751	0.56987	0.13796	0.01287	0.02886	0.01428	0.01081	0.01443	0.00946	0.01405	0.00746	0.00589	0.00711	0.00186	0.11226	0.00487	0.00246	0.00643
40	0.00664	0.00474	0.00633	0.00759	0.00791	0.00443	0.00506	0.00759	0.01044	0.01392	0.03005	0.80485	0.03606	0.01708	0.00696	0.00221	0.00316	0.01550	0.00506	0.00443
41	0.38067	0.00983	0.01064	0.00860	0.01246	0.00984	0.00710	0.02200	0.01286	0.45173	0.01548	0.01435	0.01021	0.00602	0.00457	0.00169	0.00446	0.00439	0.00529	0.00782
42	0.01231	0.26578	0.44765	0.01466	0.02133	0.01554	0.11780	0.01700	0.01156	0.01594	0.00928	0.01110	0.00712	0.00494	0.00484	0.00157	0.00753	0.00402	0.00237	0.00764
43	0.00725	0.00528	0.00694	0.00792	0.00872	0.00497	0.00591	0.00877	0.01159	0.01526	0.09307	0.47306	0.11636	0.01573	0.00700	0.00221	0.00354	0.19664	0.00513	0.00465
44	0.00702	0.00511	0.00669	0.00782	0.00847	0.00479	0.00565	0.00830	0.01103	0.01444	0.03247	0.58946	0.11222	0.01637	0.00701	0.00223	0.00346	0.14785	0.00505	0.00456
45	0.01104	0.01040	0.01756	0.65327	0.13602	0.01238	0.03548	0.03178	0.01150	0.01503	0.00988	0.01437	0.00753	0.00537	0.00547	0.00179	0.00718	0.00489	0.00254	0.00651
46	0.01228	0.01346	0.02849	0.02094	0.02571	0.01284	0.62991	0.01649	0.01269	0.01718	0.01337	0.02106	0.01141	0.00618	0.00693	0.00195	0.03217	0.10691	0.00306	0.00699
47	0.01074	0.01014	0.01715	0.69057	0.13884	0.01223	0.01536	0.01431	0.01111	0.01446	0.00977	0.01439	0.00746	0.00537	0.00544	0.00179	0.00716	0.00485	0.00246	0.00641
48	0.01253	0.01170	0.01975	0.46813	0.11531	0.01316	0.14354	0.11690	0.01344	0.01779	0.01045	0.01425	0.00787	0.00539	0.00562	0.00177	0.00734	0.00513	0.00293	0.00701
49	0.01313	0.01450	0.02580	0.19237	0.04577	0.09184	0.46432	0.03473	0.01294	0.01660	0.01091	0.03125	0.00856	0.00521	0.00603	0.00179	0.00856	0.00591	0.00280	0.00697
50	0.52518	0.07302	0.01523	0.01343	0.11859	0.03446	0.11643	0.01651	0.01054	0.02134	0.00848	0.01036	0.00674	0.00495	0.00415	0.00165	0.00553	0.00373	0.00310	0.00658
51	0.45080	0.01047	0.01015	0.04288	0.01293	0.01201	0.00738	0.08915	0.13546	0.04803	0.01204	0.01345	0.00937	0.01059	0.11179	0.00269	0.00598	0.00423	0.00394	0.00665

[dist]
# distance from previous block
# <min> <max>
3	7

[block]
# block no. 2 follows, 44 sequences, length 20
# corresponding to MSA columns:
# 169,170,193-210
name=unknown_C
#
# <colnr> <probs for GDERKNQSTAVLIFYWHMCP>
#	G	D	E	R	K	N	Q	S	T	A	V	L	I	F	Y	W	H	M	C	P
0	0.06993	0.01214	0.01526	0.15690	0.14790	0.01355	0.01116	0.26020	0.14796	0.02328	0.01355	0.01619	0.01070	0.06923	0.00708	0.00199	0.00584	0.00522	0.00414	0.00778
1	0.00709	0.00522	0.00650	0.00708	0.00778	0.00502	0.00490	0.00813	0.01022	0.01335	0.03067	0.36581	0.18237	0.17611	0.11205	0.00361	0.00506	0.04031	0.00443	0.00432
2	0.01421	0.01256	0.01278	0.04010	0.09460	0.15774	0.00921	0.04311	0.21948	0.08994	0.01878	0.18434	0.01708	0.01053	0.04837	0.00217	0.00610	0.00734	0.00448	0.00708
3	0.01176	0.01010	0.01151	0.00868	0.01317	0.00853	0.00690	0.01679	0.16284	0.01878	0.01220	0.01312	0.00980	0.00471	0.00434	0.00102	0.00409	0.00382	0.00370	0.67413
4	0.01444	0.78170	0.05733	0.00957	0.01436	0.02123	0.00974	0.01636	0.01109	0.01300	0.00766	0.00885	0.00699	0.00468	0.00356	0.00119	0.00592	0.00296	0.00233	0.00704
5	0.01433	0.01758	0.21311	0.01877	0.02467	0.01329	0.42352	0.09663	0.01415	0.09156	0.01194	0.01411	0.00854	0.00515	0.00593	0.00177	0.00814	0.00559	0.00331	0.00791
6	0.45796	0.01443	0.01346	0.01104	0.01475	0.13812	0.08696	0.16699	0.01396	0.02393	0.00920	0.01049	0.00702	0.00540	0.00437	0.00165	0.00601	0.00381	0.00364	0.00681
7	0.00724	0.00515	0.00617	0.00674	0.00719	0.00489	0.00439	0.00793	0.00980	0.01278	0.02837	0.34877	0.13499	0.33893	0.01538	0.00343	0.00406	0.04545	0.00434	0.00402
8	0.68917	0.01076	0.00913	0.00788	0.01139	0.01217	0.00648	0.06490	0.03498	0.09673	0.00973	0.01042	0.00718	0.00539	0.00378	0.00169	0.00437	0.00342	0.00390	0.00653
9	0.01372	0.00860	0.01171	0.20294	0.01815	0.00900	0.00922	0.01828	0.12966	0.22119	0.10284	0.02883	0.10309	0.00872	0.00592	0.00186	0.00485	0.08944	0.00503	0.00694
10	0.40224	0.01105	0.01125	0.00910	0.01296	0.01171	0.00751	0.16620	0.01468	0.28400	0.01344	0.01301	0.00917	0.00593	0.00451	0.00168	0.00471	0.00420	0.00494	0.00772
11	0.01132	0.00787	0.00942	0.00908	0.01064	0.00813	0.00694	0.18715	0.01419	0.04160	0.02276	0.25059	0.02445	0.18066	0.01108	0.00278	0.00478	0.18611	0.00482	0.00563
12	0.05237	0.01021	0.01144	0.01060	0.01337	0.01128	0.00859	0.06531	0.42399	0.08379	0.02272	0.03026	0.01941	0.00924	0.00597	0.00199	0.00462	0.20181	0.00540	0.00763
13	0.00664	0.00474	0.00633	0.00759	0.00791	0.00443	0.00506	0.00759	0.01044	0.01392	0.03005	0.80485	0.03606	0.01708	0.00696	0.00221	0.00316	0.01550	0.00506	0.00443
14	0.08517	0.01210	0.01317	0.01057	0.01450	0.04777	0.00856	0.20094	0.16556	0.30916	0.01721	0.01599	0.01188	0.00648	0.00521	0.00164	0.00507	0.00505	0.00554	0.05843
15	0.01138	0.00995	0.01237	0.00883	0.01371	0.00760	0.04455	0.01392	0.01138	0.01775	0.00976	0.01148	0.00808	0.00407	0.00416	0.00086	0.00430	0.00339	0.00321	0.79925
16	0.00781	0.00523	0.00598	0.00610	0.00613	0.00520	0.00347	0.00790	0.00817	0.01089	0.01840	0.10884	0.02136	0.73314	0.02577	0.00499	0.00508	0.00865	0.00347	0.00341
17	0.12557	0.01608	0.12467	0.01280	0.01740	0.08164	0.08144	0.23545	0.07943	0.15219	0.01348	0.01371	0.00954	0.00600	0.00520	0.00168	0.00633	0.00475	0.00447	0.00817
18	0.01596	0.01320	0.01373	0.01066	0.01494	0.05856	0.00859	0.31515	0.12584	0.02490	0.01278	0.01324	0.00973	0.00562	0.00488	0.00133	0.00521	0.00434	0.00443	0.33690
19	0.03540	0.09129	0.01541	0.01170	0.01527	0.16377	0.00941	0.20891	0.30542	0.06423	0.01551	0.01504	0.01161	0.00649	0.00516	0.00163	0.00596	0.00492	0.00471	0.00817

[dist]
# distance from previous block
# <min> <max>
5	18

[block]
# block no. 3 follows, 44 sequences, length 8
# corresponding to MSA columns:
# 232-239
name=unknown_D
#
# <colnr> <probs for GDERKNQSTAVLIFYWHMCP>
#	G	D	E	R	K	N	Q	S	T	A	V	L	I	F	Y	W	H	M	C	P
0	0.31425	0.11931	0.01437	0.08991	0.01598	0.09339	0.00891	0.14821	0.11062	0.02224	0.01074	0.01175	0.00828	0.00567	0.00441	0.00161	0.00564	0.00396	0.00373	0.00705
1	0.02067	0.09460	0.01758	0.01208	0.01651	0.01453	0.06030	0.41354	0.02030	0.25214	0.01489	0.01438	0.01023	0.00628	0.00533	0.00162	0.00580	0.00498	0.00534	0.00891
2	0.00685	0.00498	0.00630	0.00727	0.00780	0.00463	0.00495	0.00784	0.01055	0.01380	0.03202	0.58965	0.13184	0.09717	0.00904	0.00249	0.00342	0.05015	0.00488	0.00437
3	0.02040	0.02506	0.01553	0.01392	0.01686	0.72016	0.01052	0.08509	0.01633	0.01515	0.00883	0.01011	0.00722	0.00570	0.00496	0.00142	0.00950	0.00363	0.00304	0.00657
4	0.00685	0.00501	0.00648	0.00758	0.00820	0.00465	0.00534	0.00802	0.01093	0.01428	0.03326	0.62543	0.13323	0.01643	0.00695	0.00220	0.00331	0.09229	0.00506	0.00451
5	0.01283	0.60400	0.02346	0.00918	0.01290	0.01777	0.00868	0.01463	0.01048	0.01278	0.00939	0.01201	0.00871	0.01400	0.20537	0.00312	0.00809	0.00367	0.00248	0.00645
6	0.01041	0.00924	0.00937	0.00894	0.01060	0.09437	0.00672	0.01523	0.18121	0.01740	0.20705	0.05728	0.06762	0.10072	0.14326	0.00337	0.00628	0.04059	0.00459	0.00575
7	0.01320	0.34804	0.24771	0.01260	0.01707	0.06057	0.01321	0.01616	0.01081	0.01424	0.00818	0.01037	0.00701	0.00601	0.00745	0.00163	0.19263	0.00371	0.00236	0.00703

[dist]
# distance from previous block
# <min> <max>
0	2

[block]
# block no. 4 follows, 44 sequences, length 16
# corresponding to MSA columns:
# 242-257
name=unknown_E
#
# <colnr> <probs for GDERKNQSTAVLIFYWHMCP>
#	G	D	E	R	K	N	Q	S	T	A	V	L	I	F	Y	W	H	M	C	P
0	0.01145	0.01020	0.01254	0.00950	0.01324	0.00943	0.00771	0.01359	0.01063	0.01670	0.00911	0.01145	0.00786	0.00530	0.00721	0.00117	0.18591	0.00358	0.00304	0.65038
1	0.01506	0.01292	0.01753	0.01347	0.01764	0.05086	0.17876	0.11962	0.18765	0.08576	0.01418	0.01498	0.01063	0.00582	0.00587	0.00157	0.03936	0.00514	0.00420	0.19899
2	0.01156	0.01200	0.01009	0.00989	0.01139	0.25144	0.00743	0.01306	0.01157	0.01330	0.01911	0.12379	0.07924	0.07513	0.27469	0.00440	0.00941	0.05386	0.00350	0.00515
3	0.01982	0.19549	0.01768	0.01082	0.01510	0.01500	0.00927	0.30314	0.08362	0.25304	0.01516	0.01438	0.01067	0.00625	0.00502	0.00156	0.00540	0.00473	0.00514	0.00870
4	0.58612	0.01559	0.07580	0.00946	0.01311	0.18954	0.00818	0.01745	0.01088	0.02130	0.00797	0.00931	0.00625	0.00520	0.00388	0.00163	0.00583	0.00317	0.00315	0.00618
5	0.00689	0.00493	0.00655	0.00742	0.00796	0.00459	0.00508	0.00821	0.01158	0.01574	0.19981	0.62990	0.03958	0.01572	0.00684	0.00210	0.00303	0.01421	0.00528	0.00459
6	0.01458	0.81168	0.02857	0.00933	0.01399	0.02157	0.00933	0.01632	0.01108	0.01283	0.00758	0.00875	0.00700	0.00466	0.00350	0.00117	0.00583	0.00292	0.00233	0.00700
7	0.01350	0.58109	0.24978	0.01116	0.01682	0.01895	0.01251	0.01660	0.01120	0.01413	0.00823	0.00956	0.00697	0.00482	0.00399	0.00133	0.00649	0.00324	0.00232	0.00731
8	0.01247	0.01085	0.01181	0.01015	0.01235	0.04535	0.00815	0.19431	0.08631	0.01986	0.02876	0.02866	0.30564	0.01009	0.00867	0.00190	0.18618	0.00750	0.00449	0.00651
9	0.15897	0.00788	0.04254	0.00883	0.01076	0.00812	0.00731	0.01229	0.00942	0.06501	0.01359	0.01855	0.01195	0.03070	0.56162	0.00673	0.01181	0.00522	0.00322	0.00548
10	0.00970	0.00875	0.01428	0.61478	0.03082	0.01052	0.01285	0.01310	0.01194	0.01575	0.18411	0.02053	0.01738	0.00675	0.00567	0.00179	0.00619	0.00599	0.00324	0.00585
11	0.01130	0.00969	0.01130	0.00807	0.01292	0.00727	0.00646	0.01373	0.01130	0.01776	0.00969	0.01130	0.00807	0.00404	0.00404	0.00081	0.00404	0.00323	0.00323	0.84173
12	0.01585	0.01421	0.01353	0.01175	0.01506	0.11093	0.00922	0.17421	0.52235	0.02394	0.01864	0.01757	0.01396	0.00700	0.00545	0.00175	0.00534	0.00558	0.00519	0.00847
13	0.00762	0.00607	0.00870	0.18765	0.01468	0.00631	0.00730	0.00947	0.01147	0.01519	0.13947	0.44402	0.09493	0.01324	0.00649	0.00202	0.00398	0.01187	0.00460	0.00492
14	0.01374	0.63230	0.20065	0.01075	0.01619	0.01953	0.01180	0.01654	0.01118	0.01384	0.00808	0.00938	0.00698	0.00478	0.00388	0.00129	0.00634	0.00317	0.00233	0.00724
15	0.20982	0.01471	0.01409	0.01127	0.01523	0.07953	0.00920	0.47170	0.04173	0.06363	0.01208	0.01230	0.00871	0.00616	0.00494	0.00164	0.00580	0.00441	0.00482	0.00824

[dist]
# distance from previous block
# <min> <max>
1	3

[block]
# block no. 5 follows, 44 sequences, length 10
# corresponding to MSA columns:
# 261-270
name=unknown_F
#
# <colnr> <probs for GDERKNQSTAVLIFYWHMCP>
#	G	D	E	R	K	N	Q	S	T	A	V	L	I	F	Y	W	H	M	C	P
0	0.01335	0.00949	0.01155	0.00971	0.01253	0.00945	0.03806	0.12662	0.15848	0.10666	0.01886	0.16170	0.01741	0.13201	0.00900	0.00222	0.00470	0.00738	0.00473	0.14606
1	0.01117	0.09956	0.14453	0.01388	0.07907	0.05710	0.09614	0.01388	0.01131	0.01489	0.01615	0.06877	0.03286	0.14173	0.01008	0.00244	0.04699	0.13008	0.00327	0.00611
2	0.00909	0.03848	0.24295	0.01025	0.01348	0.02924	0.01029	0.01207	0.01111	0.01519	0.07075	0.14440	0.08730	0.08238	0.13798	0.00332	0.00707	0.06527	0.00363	0.00575
3	0.01350	0.58024	0.25059	0.01116	0.01683	0.01894	0.01252	0.01660	0.01121	0.01414	0.00823	0.00956	0.00697	0.00482	0.00399	0.00133	0.00649	0.00324	0.00232	0.00731
4	0.01241	0.07617	0.01164	0.00938	0.01193	0.01005	0.00725	0.01930	0.30434	0.10601	0.02257	0.28168	0.02133	0.01009	0.00573	0.00182	0.00407	0.00872	0.00508	0.07044
5	0.01383	0.24118	0.25575	0.01566	0.02132	0.12654	0.21846	0.01771	0.01233	0.01553	0.00932	0.01139	0.00732	0.00494	0.00502	0.00156	0.00801	0.00431	0.00251	0.00732
6	0.00673	0.00500	0.00618	0.00699	0.00769	0.00455	0.00476	0.00781	0.01102	0.01436	0.07624	0.55000	0.20206	0.05988	0.00797	0.00227	0.00316	0.01386	0.00502	0.00444
7	0.01130	0.00969	0.01130	0.00807	0.01292	0.00727	0.00646	0.01373	0.01130	0.01776	0.00969	0.01130	0.00807	0.00404	0.00404	0.00081	0.00404	0.00323	0.00323	0.84173
8	0.00790	0.00613	0.00744	0.00777	0.00904	0.00580	0.00550	0.01079	0.09770	0.01581	0.06935	0.51692	0.11397	0.01408	0.00644	0.00197	0.00330	0.01255	0.00500	0.08253
9	0.01447	0.17404	0.41891	0.05957	0.02054	0.01366	0.01515	0.04788	0.01270	0.15640	0.01163	0.01251	0.00825	0.00544	0.00494	0.00161	0.00687	0.00416	0.00326	0.00801

[dist]
# distance from previous block
# <min> <max>
0	2

[block]
# block no. 6 follows, 44 sequences, length 21
# corresponding to MSA columns:
# 273-293
name=unknown_G
#
# <colnr> <probs for GDERKNQSTAVLIFYWHMCP>
#	G	D	E	R	K	N	Q	S	T	A	V	L	I	F	Y	W	H	M	C	P
0	0.01329	0.01265	0.02113	0.03112	0.70413	0.01243	0.01578	0.01645	0.01231	0.01781	0.01020	0.01329	0.00858	0.00478	0.00527	0.00154	0.00625	0.00471	0.00275	0.08551
1	0.01490	0.01129	0.01271	0.00988	0.01374	0.07295	0.02461	0.06914	0.03962	0.15585	0.08256	0.01576	0.01329	0.00595	0.00563	0.00131	0.05279	0.00466	0.00426	0.38910
2	0.45098	0.01152	0.01063	0.00901	0.01233	0.01308	0.00723	0.21524	0.10927	0.02576	0.01170	0.01365	0.00931	0.07187	0.00621	0.00199	0.00479	0.00429	0.00420	0.00694
3	0.01202	0.01203	0.04009	0.02105	0.25547	0.01158	0.22511	0.01725	0.11903	0.01845	0.07763	0.04235	0.01668	0.00725	0.00610	0.00185	0.00641	0.09852	0.00373	0.00741
4	0.01872	0.01427	0.01523	0.01214	0.01614	0.01597	0.00988	0.55261	0.23251	0.03112	0.01564	0.01512	0.01133	0.00678	0.00548	0.00170	0.00553	0.00526	0.00548	0.00909
5	0.00779	0.00584	0.00876	0.00876	0.00974	0.00681	0.00681	0.00974	0.00876	0.01266	0.01460	0.02142	0.01363	0.04089	0.78680	0.00876	0.01460	0.00584	0.00292	0.00487
6	0.01172	0.19665	0.61857	0.01420	0.02153	0.01458	0.01782	0.01706	0.01142	0.01631	0.00931	0.01092	0.00693	0.00507	0.00482	0.00161	0.00758	0.00379	0.00231	0.00783
7	0.01196	0.27255	0.51678	0.01328	0.02003	0.01518	0.01621	0.01672	0.01152	0.01604	0.03687	0.01171	0.00856	0.00524	0.00470	0.00155	0.00716	0.00389	0.00245	0.00762
8	0.00664	0.00474	0.00633	0.00759	0.00791	0.00443	0.00506	0.00759	0.01044	0.01392	0.03005	0.80485	0.03606	0.01708	0.00696	0.00221	0.00316	0.01550	0.00506	0.00443
9	0.01030	0.00969	0.01635	0.79530	0.03755	0.01211	0.01514	0.01393	0.01090	0.01393	0.00969	0.01453	0.00727	0.00545	0.00545	0.00182	0.00727	0.00484	0.00242	0.00606
10	0.01147	0.01142	0.02094	0.47933	0.17683	0.01264	0.17813	0.01524	0.01162	0.01545	0.01009	0.01437	0.00775	0.00515	0.00566	0.00178	0.00754	0.00520	0.00255	0.00684
11	0.01243	0.01261	0.02370	0.23796	0.33996	0.01298	0.24725	0.01620	0.01214	0.01664	0.01034	0.01416	0.00815	0.00494	0.00574	0.00174	0.00754	0.00535	0.00264	0.00753
12	0.02037	0.02598	0.01545	0.01404	0.01685	0.78652	0.01053	0.02177	0.01545	0.01334	0.00843	0.00983	0.00702	0.00562	0.00492	0.00140	0.00983	0.00351	0.00281	0.00632
13	0.01030	0.00969	0.01635	0.79530	0.03755	0.01211	0.01514	0.01393	0.01090	0.01393	0.00969	0.01453	0.00727	0.00545	0.00545	0.00182	0.00727	0.00484	0.00242	0.00606
14	0.01142	0.13286	0.67976	0.01471	0.02231	0.01385	0.01870	0.01714	0.01145	0.01667	0.00949	0.01114	0.00692	0.00511	0.00495	0.00165	0.00776	0.00388	0.00231	0.00792
15	0.04961	0.19775	0.58175	0.01381	0.02092	0.01458	0.01715	0.01700	0.01131	0.01663	0.00920	0.01079	0.00688	0.00506	0.00473	0.00160	0.00740	0.00374	0.00236	0.00773
16	0.00799	0.00605	0.00880	0.00869	0.00951	0.00708	0.00664	0.00968	0.00865	0.01244	0.01456	0.02262	0.01405	0.12731	0.66543	0.00808	0.04871	0.00603	0.00294	0.00474
17	0.01451	0.01280	0.13131	0.01059	0.01396	0.07278	0.00956	0.10063	0.03425	0.18953	0.08599	0.16627	0.04657	0.00969	0.00596	0.00185	0.00527	0.07648	0.00496	0.00702
18	0.01294	0.01218	0.02014	0.21377	0.54275	0.01289	0.01581	0.03737	0.04650	0.01757	0.01074	0.01404	0.00869	0.00516	0.00542	0.00168	0.00655	0.00492	0.00284	0.00804
19	0.01236	0.01151	0.01792	0.35243	0.22002	0.01379	0.01441	0.07555	0.01191	0.01642	0.00952	0.01354	0.00776	0.00634	0.00834	0.00188	0.19176	0.00484	0.00273	0.00696
20	0.01226	0.01334	0.02727	0.02025	0.02449	0.01333	0.56271	0.01613	0.01219	0.01671	0.01254	0.01971	0.01078	0.00651	0.00819	0.00199	0.12110	0.09065	0.00297	0.00689

[dist]
# distance from previous block
# <min> <max>
0	1

[block]
# block no. 7 follows, 44 sequences, length 7
# corresponding to MSA columns:
# 295-301
name=unknown_H
#
# <colnr> <probs for GDERKNQSTAVLIFYWHMCP>
#	G	D	E	R	K	N	Q	S	T	A	V	L	I	F	Y	W	H	M	C	P
0	0.17499	0.01266	0.02403	0.01767	0.02205	0.01237	0.51040	0.01594	0.01152	0.01793	0.01116	0.01630	0.00932	0.10963	0.00862	0.00226	0.00771	0.00595	0.00295	0.00654
1	0.18094	0.01624	0.01603	0.01296	0.01676	0.23853	0.12017	0.13309	0.05185	0.14422	0.01216	0.01280	0.00885	0.00577	0.00505	0.00163	0.00694	0.00450	0.00409	0.00744
2	0.01636	0.00967	0.01188	0.00888	0.01338	0.00797	0.00718	0.01954	0.06358	0.30147	0.01493	0.01461	0.01067	0.00527	0.00468	0.00121	0.00428	0.00427	0.00470	0.47547
3	0.00880	0.00689	0.00894	0.00806	0.01009	0.00647	0.00606	0.01054	0.00971	0.01424	0.01531	0.12147	0.01546	0.11602	0.34142	0.00491	0.00858	0.00649	0.00334	0.27720
4	0.12562	0.01224	0.01441	0.19117	0.02014	0.01338	0.01027	0.34518	0.01773	0.09826	0.01206	0.01322	0.00866	0.00587	0.00504	0.00161	0.00573	0.00453	0.00439	0.09048
5	0.01270	0.01432	0.16479	0.15606	0.09561	0.01126	0.03816	0.07137	0.01256	0.05492	0.01050	0.01278	0.00807	0.00524	0.00567	0.00148	0.04929	0.00427	0.00313	0.26784
6	0.01605	0.01063	0.01255	0.00927	0.01388	0.00922	0.00754	0.15405	0.01494	0.19423	0.01301	0.01329	0.00953	0.00512	0.00463	0.00116	0.00454	0.00405	0.00444	0.49787

[dist]
# distance from previous block
# <min> <max>
3	29

[block]
# block no. 8 follows, 44 sequences, length 8
# corresponding to MSA columns:
# 331-338
name=unknown_I
#
# <colnr> <probs for GDERKNQSTAVLIFYWHMCP>
#	G	D	E	R	K	N	Q	S	T	A	V	L	I	F	Y	W	H	M	C	P
0	0.00954	0.03330	0.01506	0.22114	0.02007	0.00938	0.14805	0.01257	0.01305	0.01754	0.29487	0.02851	0.11594	0.00848	0.00639	0.00178	0.02669	0.00772	0.00411	0.00581
1	0.01067	0.01156	0.05500	0.32807	0.02601	0.05090	0.18379	0.01410	0.01221	0.01563	0.06175	0.02427	0.11238	0.00741	0.00598	0.00185	0.00685	0.06215	0.00327	0.00615
2	0.01159	0.12197	0.10359	0.51794	0.03125	0.05147	0.05845	0.01522	0.01133	0.01433	0.00943	0.01319	0.00724	0.00527	0.00519	0.00170	0.00740	0.00452	0.00244	0.00650
3	0.04133	0.05627	0.19215	0.01287	0.05411	0.01104	0.07709	0.05183	0.03813	0.09019	0.01207	0.02779	0.00964	0.04465	0.00624	0.00163	0.01982	0.00462	0.00345	0.24507
4	0.01278	0.01146	0.01330	0.01095	0.01417	0.10841	0.08828	0.06761	0.06705	0.04769	0.18296	0.04368	0.02152	0.00782	0.00562	0.00157	0.00527	0.07968	0.00442	0.20577
5	0.01196	0.11910	0.36734	0.03866	0.05550	0.03953	0.06931	0.01621	0.01193	0.03734	0.03422	0.05391	0.01127	0.00626	0.00523	0.00164	0.00688	0.03896	0.00294	0.07181
6	0.01330	0.04761	0.01546	0.19476	0.02030	0.01079	0.07702	0.05995	0.08292	0.10262	0.03933	0.01550	0.01110	0.00714	0.04078	0.00179	0.00598	0.00486	0.00378	0.24499
7	0.01296	0.04626	0.01480	0.29481	0.02233	0.01073	0.05423	0.03872	0.08861	0.12701	0.01661	0.04984	0.05558	0.04827	0.00656	0.00186	0.00573	0.00588	0.00386	0.09536

[dist]
# distance from previous block
# <min> <max>
1	18

[block]
# block no. 9 follows, 44 sequences, length 14
# corresponding to MSA columns:
# 357-370
name=unknown_J
#
# <colnr> <probs for GDERKNQSTAVLIFYWHMCP>
#	G	D	E	R	K	N	Q	S	T	A	V	L	I	F	Y	W	H	M	C	P
0	0.09248	0.01434	0.11949	0.01221	0.01655	0.03026	0.08880	0.20439	0.11408	0.07775	0.10752	0.01723	0.01490	0.00653	0.00536	0.00166	0.00567	0.00545	0.00451	0.06083
1	0.06323	0.01157	0.01564	0.03777	0.18700	0.02814	0.05573	0.06163	0.07808	0.07652	0.01314	0.01527	0.02527	0.00572	0.00559	0.00148	0.04149	0.01993	0.00369	0.25310
2	0.04273	0.01233	0.01333	0.14669	0.01816	0.11256	0.00925	0.10162	0.03361	0.14018	0.01227	0.01362	0.00919	0.00690	0.03819	0.00169	0.00615	0.00428	0.00390	0.27334
3	0.32130	0.01074	0.01263	0.01030	0.01378	0.01130	0.08706	0.15440	0.01431	0.07263	0.10674	0.01971	0.01534	0.00699	0.00502	0.00172	0.00497	0.07042	0.00438	0.05628
4	0.01128	0.01104	0.01668	0.22238	0.13038	0.06755	0.11200	0.01430	0.01266	0.01685	0.18644	0.02310	0.01940	0.00758	0.00696	0.00183	0.07334	0.05638	0.00354	0.00633
5	0.01317	0.01234	0.01942	0.10958	0.53381	0.01299	0.01483	0.01905	0.17286	0.01847	0.01274	0.01507	0.01020	0.00546	0.00543	0.00169	0.00610	0.00514	0.00328	0.00836
6	0.02037	0.02598	0.01545	0.01404	0.01685	0.78652	0.01053	0.02177	0.01545	0.01334	0.00843	0.00983	0.00702	0.00562	0.00492	0.00140	0.00983	0.00351	0.00281	0.00632
7	0.01338	0.01327	0.02393	0.03158	0.64054	0.01310	0.14914	0.01686	0.01250	0.01775	0.01039	0.01371	0.00857	0.00481	0.00558	0.00166	0.00696	0.00514	0.00271	0.00841
8	0.00779	0.00584	0.00876	0.00876	0.00974	0.00681	0.00681	0.00974	0.00876	0.01266	0.01460	0.02142	0.01363	0.04089	0.78680	0.00876	0.01460	0.00584	0.00292	0.00487
9	0.84691	0.01054	0.00801	0.00717	0.01054	0.01223	0.00590	0.01603	0.00928	0.02446	0.00759	0.00886	0.00590	0.00506	0.00337	0.00169	0.00422	0.00295	0.00337	0.00590
10	0.01458	0.81168	0.02857	0.00933	0.01399	0.02157	0.00933	0.01632	0.01108	0.01283	0.00758	0.00875	0.00700	0.00466	0.00350	0.00117	0.00583	0.00292	0.00233	0.00700
11	0.01766	0.01100	0.01276	0.01007	0.01384	0.01099	0.00816	0.27818	0.08183	0.22839	0.11577	0.02021	0.04888	0.00727	0.00546	0.00158	0.00467	0.00588	0.00559	0.11182
12	0.00898	0.00483	0.00714	0.00730	0.00742	0.00487	0.00495	0.00738	0.00766	0.01029	0.01245	0.11483	0.01312	0.02055	0.08366	0.66746	0.00537	0.00616	0.00275	0.00283
13	0.01516	0.01497	0.11097	0.01329	0.01760	0.01419	0.09577	0.25219	0.32583	0.02507	0.04547	0.01713	0.01352	0.00668	0.00561	0.00176	0.00579	0.00568	0.00481	0.00848

[dist]
# distance from previous block
# <min> <max>
0	1

# created by:
# /st0/software/busco_prod/Augustus/scripts/msa2prfl.pl ./align_prep/51631.fa
