[name]
unknown

[dist]
# distance from previous block
# <min> <max>
0	60

[block]
# block no. 0 follows, 49 sequences, length 26
# corresponding to MSA columns:
# 63-88
name=unknown_A
#
# <colnr> <probs for GDERKNQSTAVLIFYWHMCP>
#	G	D	E	R	K	N	Q	S	T	A	V	L	I	F	Y	W	H	M	C	P
0	0.00815	0.00582	0.00815	0.00931	0.01048	0.00582	0.00815	0.01048	0.01164	0.01513	0.02677	0.05704	0.02910	0.01397	0.00698	0.00233	0.00466	0.75671	0.00466	0.00466
1	0.01728	0.01163	0.01292	0.01052	0.01406	0.01265	0.00849	0.31025	0.32850	0.19164	0.01724	0.01595	0.01221	0.00643	0.00510	0.00161	0.00466	0.00514	0.00535	0.00836
2	0.01567	0.01266	0.01453	0.01183	0.01452	0.01502	0.00970	0.41779	0.16669	0.02433	0.01226	0.01315	0.00939	0.00699	0.00827	0.00175	0.22877	0.00474	0.00429	0.00763
3	0.00955	0.00899	0.01517	0.81013	0.03483	0.01123	0.01404	0.01292	0.01011	0.01292	0.00899	0.01348	0.00674	0.00506	0.00506	0.00169	0.00674	0.00449	0.00225	0.00562
4	0.01662	0.02047	0.01312	0.01207	0.01435	0.64728	0.00910	0.01802	0.01312	0.01225	0.00893	0.01121	0.00771	0.01157	0.15966	0.00263	0.00998	0.00368	0.00263	0.00560
5	0.00615	0.00445	0.00582	0.00691	0.00730	0.00412	0.00464	0.00706	0.00981	0.01296	0.02945	0.76693	0.08448	0.01564	0.00642	0.00203	0.00291	0.01413	0.00469	0.00412
6	0.01280	0.01097	0.01156	0.01034	0.01323	0.01268	0.00806	0.05191	0.75620	0.02151	0.02030	0.01864	0.01521	0.00683	0.00514	0.00171	0.00405	0.00568	0.00514	0.00802
7	0.01014	0.02616	0.79609	0.01441	0.02189	0.01174	0.01868	0.01601	0.01068	0.01601	0.00907	0.01068	0.00641	0.00480	0.00480	0.00160	0.00747	0.00374	0.00214	0.00747
8	0.00669	0.00481	0.00634	0.00668	0.00745	0.00446	0.00473	0.00836	0.01213	0.01681	0.42984	0.40591	0.04099	0.01293	0.00620	0.00181	0.00264	0.01161	0.00516	0.00446
9	0.00735	0.00490	0.00552	0.00552	0.00552	0.00490	0.00306	0.00735	0.00735	0.00980	0.01593	0.03309	0.01838	0.82229	0.02574	0.00490	0.00490	0.00735	0.00306	0.00306
10	0.01192	0.01089	0.01159	0.01001	0.01165	0.10868	0.00798	0.15999	0.01406	0.01866	0.25171	0.02291	0.09646	0.00870	0.00856	0.00172	0.22824	0.00637	0.00409	0.00581
11	0.00663	0.00513	0.00616	0.00679	0.00797	0.00466	0.00526	0.00809	0.01107	0.01387	0.03834	0.25282	0.38055	0.01392	0.00638	0.00197	0.00324	0.21814	0.00468	0.00433
12	0.00760	0.00543	0.00752	0.00868	0.00961	0.00535	0.00719	0.00953	0.01110	0.01452	0.02708	0.26795	0.03030	0.01449	0.00684	0.00225	0.00418	0.55123	0.00467	0.00450
13	0.00955	0.00899	0.01517	0.81013	0.03483	0.01123	0.01404	0.01292	0.01011	0.01292	0.00899	0.01348	0.00674	0.00506	0.00506	0.00169	0.00674	0.00449	0.00225	0.00562
14	0.01889	0.02410	0.01433	0.01303	0.01563	0.80199	0.00977	0.02019	0.01433	0.01238	0.00782	0.00912	0.00651	0.00521	0.00456	0.00130	0.00912	0.00326	0.00261	0.00586
15	0.01895	0.02217	0.01449	0.01276	0.01564	0.64910	0.00974	0.16674	0.01617	0.01617	0.00866	0.00971	0.00692	0.00538	0.00466	0.00134	0.00843	0.00351	0.00308	0.00639
16	0.02043	0.00908	0.01246	0.00983	0.01298	0.00900	0.00814	0.02222	0.01316	0.64218	0.01736	0.01602	0.01137	0.00676	0.00732	0.00169	0.16155	0.00496	0.00547	0.00801
17	0.01499	0.01106	0.01217	0.00974	0.01283	0.01189	0.00788	0.51051	0.02033	0.02743	0.22956	0.02170	0.07214	0.00771	0.00537	0.00155	0.00448	0.00624	0.00517	0.00725
18	0.01105	0.01058	0.01735	0.02101	0.37189	0.01192	0.06364	0.01338	0.00984	0.01436	0.00955	0.01362	0.00851	0.01219	0.16330	0.00300	0.23103	0.00476	0.00247	0.00656
19	0.01674	0.01889	0.01469	0.16780	0.01926	0.48079	0.01064	0.14137	0.01472	0.01565	0.00869	0.01056	0.00690	0.00550	0.00534	0.00146	0.04807	0.00377	0.00292	0.00624
20	0.01137	0.01193	0.01500	0.65514	0.03110	0.16499	0.01321	0.01433	0.01093	0.01281	0.00876	0.01263	0.00670	0.00509	0.00496	0.00161	0.00720	0.00425	0.00232	0.00566
21	0.01864	0.02001	0.01458	0.01249	0.01553	0.49072	0.00971	0.28028	0.03580	0.01931	0.00958	0.01045	0.00745	0.00564	0.00507	0.00141	0.02918	0.00379	0.00350	0.00685
22	0.00879	0.00772	0.01062	0.00983	0.01030	0.00956	0.00783	0.01029	0.01022	0.01476	0.22861	0.18568	0.02497	0.01103	0.01094	0.00202	0.36946	0.05859	0.00381	0.00497
23	0.19979	0.00666	0.00773	0.00743	0.00879	0.00758	0.00562	0.02998	0.02821	0.01459	0.01268	0.01958	0.01211	0.18133	0.43017	0.00569	0.00924	0.00517	0.00299	0.00464
24	0.01422	0.27560	0.01673	0.00956	0.01282	0.01407	0.00828	0.27627	0.01457	0.05931	0.01127	0.01323	0.00923	0.01433	0.22513	0.00321	0.00766	0.00422	0.00353	0.00678
25	0.01216	0.33394	0.34550	0.06460	0.06878	0.01520	0.01369	0.06452	0.01139	0.01527	0.00850	0.01008	0.00671	0.00470	0.00424	0.00139	0.00640	0.00349	0.00237	0.00708

[dist]
# distance from previous block
# <min> <max>
0	21

[block]
# block no. 1 follows, 49 sequences, length 9
# corresponding to MSA columns:
# 110-118
name=unknown_B
#
# <colnr> <probs for GDERKNQSTAVLIFYWHMCP>
#	G	D	E	R	K	N	Q	S	T	A	V	L	I	F	Y	W	H	M	C	P
0	0.34565	0.06426	0.04208	0.01000	0.01299	0.04492	0.04029	0.08729	0.07833	0.01950	0.00899	0.01052	0.00721	0.00571	0.00625	0.00161	0.15384	0.00369	0.00317	0.05370
1	0.04185	0.22256	0.05784	0.01064	0.01481	0.01585	0.00949	0.42428	0.07899	0.05886	0.01154	0.01167	0.00857	0.00559	0.00453	0.00143	0.00539	0.00410	0.00417	0.00786
2	0.01438	0.74822	0.02510	0.00868	0.01297	0.01882	0.00854	0.01604	0.01067	0.08576	0.00825	0.00897	0.00706	0.00451	0.00342	0.00113	0.00530	0.00293	0.00255	0.00669
3	0.02104	0.01383	0.01304	0.01056	0.01414	0.22778	0.00845	0.15252	0.01604	0.44745	0.01526	0.01411	0.01019	0.00594	0.00494	0.00148	0.00585	0.00449	0.00505	0.00785
4	0.01014	0.02616	0.79609	0.01441	0.02189	0.01174	0.01868	0.01601	0.01068	0.01601	0.00907	0.01068	0.00641	0.00480	0.00480	0.00160	0.00747	0.00374	0.00214	0.00747
5	0.01080	0.01071	0.01364	0.47727	0.05721	0.11421	0.01163	0.01481	0.09911	0.01394	0.01265	0.11849	0.01124	0.00667	0.00518	0.00168	0.00621	0.00576	0.00296	0.00582
6	0.00616	0.00440	0.00587	0.00704	0.00733	0.00411	0.00469	0.00704	0.00968	0.01291	0.02787	0.81899	0.03344	0.01584	0.00645	0.00205	0.00293	0.01438	0.00469	0.00411
7	0.00613	0.00452	0.00574	0.00672	0.00725	0.00413	0.00455	0.00708	0.00999	0.01303	0.03177	0.69024	0.15967	0.01533	0.00637	0.00200	0.00287	0.01376	0.00469	0.00413
8	0.01366	0.05283	0.17460	0.07331	0.35080	0.11438	0.04066	0.01692	0.01186	0.08885	0.01007	0.01205	0.00776	0.00484	0.00487	0.00150	0.00665	0.00421	0.00277	0.00741

[dist]
# distance from previous block
# <min> <max>
0	11

[block]
# block no. 2 follows, 49 sequences, length 24
# corresponding to MSA columns:
# 130-153
name=unknown_C
#
# <colnr> <probs for GDERKNQSTAVLIFYWHMCP>
#	G	D	E	R	K	N	Q	S	T	A	V	L	I	F	Y	W	H	M	C	P
0	0.00876	0.04656	0.00871	0.00782	0.00953	0.00640	0.00601	0.01129	0.06835	0.04688	0.08171	0.37575	0.02616	0.01154	0.00575	0.00176	0.00355	0.12759	0.00446	0.14141
1	0.01420	0.01343	0.01739	0.17578	0.02125	0.18130	0.20393	0.01723	0.03053	0.12148	0.01083	0.01272	0.00805	0.00488	0.00497	0.00144	0.00682	0.00447	0.00315	0.14615
2	0.28816	0.41452	0.13989	0.00901	0.01339	0.03608	0.00921	0.01532	0.00990	0.01607	0.00737	0.00857	0.00615	0.00454	0.00348	0.00133	0.00534	0.00289	0.00248	0.00630
3	0.01249	0.31348	0.26267	0.01676	0.22758	0.05710	0.01369	0.01578	0.01095	0.01446	0.00838	0.01016	0.00688	0.00457	0.00428	0.00137	0.00641	0.00354	0.00227	0.00717
4	0.01148	0.00792	0.00992	0.00881	0.01073	0.00880	0.00699	0.22135	0.01294	0.05640	0.01376	0.01785	0.01169	0.04447	0.46087	0.00535	0.00979	0.00516	0.06990	0.00583
5	0.34288	0.01140	0.00978	0.00866	0.01140	0.12464	0.00694	0.12099	0.04726	0.05540	0.11844	0.01790	0.01465	0.00666	0.00448	0.00158	0.00473	0.06326	0.02293	0.00604
6	0.01386	0.13408	0.15413	0.01089	0.01494	0.01365	0.01019	0.23446	0.24033	0.03517	0.01469	0.07652	0.01192	0.00659	0.00488	0.00157	0.00519	0.00525	0.00413	0.00756
7	0.01078	0.01146	0.05985	0.01328	0.01793	0.00923	0.30860	0.01393	0.01102	0.01613	0.01062	0.06050	0.00907	0.00474	0.00484	0.00125	0.00578	0.00489	0.00288	0.42322
8	0.01049	0.00899	0.01049	0.00749	0.01198	0.00674	0.00599	0.01273	0.01049	0.01648	0.00899	0.01049	0.00749	0.00374	0.00374	0.00075	0.00374	0.00300	0.00300	0.85320
9	0.01247	0.00899	0.01284	0.27033	0.01983	0.00966	0.05529	0.09282	0.09293	0.14904	0.05715	0.05395	0.11634	0.00737	0.00538	0.00168	0.00507	0.01824	0.00416	0.00645
10	0.00878	0.00439	0.00659	0.00659	0.00659	0.00439	0.00439	0.00659	0.00659	0.00878	0.00878	0.01537	0.00878	0.01757	0.01976	0.85288	0.00439	0.00439	0.00220	0.00220
11	0.00855	0.00550	0.00662	0.00658	0.00817	0.00492	0.00498	0.00993	0.01125	0.12102	0.03717	0.21973	0.40317	0.01464	0.06836	0.00231	0.00387	0.05363	0.00475	0.00487
12	0.28855	0.55973	0.02029	0.00800	0.01194	0.01719	0.00762	0.01505	0.00973	0.01541	0.00703	0.00815	0.00616	0.00445	0.00321	0.00124	0.00492	0.00272	0.00248	0.00616
13	0.01190	0.01113	0.01790	0.05893	0.59057	0.01144	0.01357	0.01631	0.11746	0.01673	0.01245	0.07657	0.01097	0.00574	0.00514	0.00158	0.00552	0.00544	0.00303	0.00760
14	0.00700	0.00501	0.00672	0.00690	0.00752	0.00515	0.00487	0.00830	0.00964	0.01341	0.18476	0.20914	0.02629	0.20732	0.26995	0.00459	0.00672	0.00871	0.00386	0.00414
15	0.01130	0.29961	0.53276	0.01244	0.01884	0.01457	0.01525	0.01572	0.01054	0.01461	0.00838	0.00980	0.00643	0.00464	0.00427	0.00142	0.00677	0.00338	0.00214	0.00714
16	0.01203	0.02571	0.62713	0.01411	0.02053	0.18254	0.01676	0.01692	0.01147	0.01523	0.00880	0.01034	0.00643	0.00489	0.00475	0.00154	0.00783	0.00363	0.00224	0.00713
17	0.02008	0.00900	0.01153	0.00920	0.01282	0.00847	0.00748	0.02471	0.18027	0.60613	0.04096	0.01813	0.01410	0.00650	0.00512	0.00160	0.00419	0.00533	0.00600	0.00837
18	0.01433	0.01670	0.02277	0.02072	0.18810	0.26964	0.36044	0.01735	0.01262	0.01502	0.00929	0.01192	0.00737	0.00462	0.00530	0.00153	0.00817	0.00477	0.00256	0.00677
19	0.00722	0.00542	0.00813	0.00813	0.00903	0.00632	0.00632	0.00903	0.00813	0.01174	0.01354	0.01987	0.01264	0.03792	0.80225	0.00813	0.01354	0.00542	0.00271	0.00451
20	0.01048	0.00870	0.00956	0.00914	0.01116	0.00969	0.00686	0.03675	0.49515	0.01853	0.02348	0.27999	0.03925	0.00991	0.00559	0.00182	0.00366	0.00863	0.00499	0.00666
21	0.00682	0.00507	0.00649	0.00738	0.00832	0.00475	0.00570	0.00830	0.01082	0.01387	0.03311	0.36532	0.21384	0.01445	0.00653	0.00207	0.00345	0.27469	0.00468	0.00434
22	0.01535	0.01118	0.01217	0.00978	0.01256	0.01225	0.00765	0.52433	0.01847	0.02479	0.01325	0.01826	0.01148	0.22994	0.05333	0.00279	0.00581	0.00536	0.00439	0.00687
23	0.01229	0.01178	0.02011	0.09144	0.73214	0.01195	0.01540	0.01532	0.01141	0.01624	0.00947	0.01259	0.00791	0.00455	0.00501	0.00152	0.00606	0.00450	0.00248	0.00782

[dist]
# distance from previous block
# <min> <max>
0	6

[block]
# block no. 3 follows, 49 sequences, length 14
# corresponding to MSA columns:
# 160-173
name=unknown_D
#
# <colnr> <probs for GDERKNQSTAVLIFYWHMCP>
#	G	D	E	R	K	N	Q	S	T	A	V	L	I	F	Y	W	H	M	C	P
0	0.00613	0.00513	0.00533	0.00528	0.00692	0.00433	0.00396	0.00755	0.01188	0.01451	0.14593	0.04727	0.69346	0.01249	0.00597	0.00169	0.00254	0.01048	0.00481	0.00433
1	0.01398	0.01189	0.02268	0.07606	0.24667	0.01144	0.35487	0.01738	0.01217	0.16384	0.01178	0.01398	0.00863	0.00477	0.00546	0.00162	0.00687	0.00527	0.00322	0.00742
2	0.01160	0.01782	0.37682	0.01155	0.01717	0.01085	0.01257	0.10380	0.11121	0.01864	0.01088	0.01184	0.00813	0.00491	0.00457	0.00136	0.00572	0.00387	0.00311	0.25358
3	0.01127	0.01080	0.01806	0.32081	0.43692	0.01204	0.01456	0.01424	0.01064	0.01478	0.00905	0.01274	0.00741	0.00511	0.00608	0.00164	0.08008	0.00449	0.00238	0.00689
4	0.00712	0.00596	0.00877	0.00828	0.00980	0.00545	0.09335	0.00885	0.01125	0.01454	0.10740	0.29968	0.27883	0.01274	0.00626	0.00189	0.00362	0.10709	0.00453	0.00461
5	0.01483	0.46597	0.01983	0.00927	0.01280	0.17258	0.00824	0.01652	0.01209	0.10324	0.10905	0.01317	0.01249	0.00550	0.00407	0.00125	0.00563	0.00392	0.00316	0.00639
6	0.01014	0.02616	0.79609	0.01441	0.02189	0.01174	0.01868	0.01601	0.01068	0.01601	0.00907	0.01068	0.00641	0.00480	0.00480	0.00160	0.00747	0.00374	0.00214	0.00747
7	0.00705	0.00528	0.00662	0.00701	0.00791	0.00510	0.00497	0.00966	0.08184	0.01604	0.26962	0.45425	0.07929	0.01310	0.00615	0.00186	0.00284	0.01171	0.00501	0.00468
8	0.24328	0.01398	0.20429	0.05019	0.27300	0.01095	0.01231	0.01471	0.01075	0.01834	0.09260	0.01365	0.01115	0.00528	0.00455	0.00156	0.00543	0.00433	0.00290	0.00673
9	0.01480	0.01105	0.01561	0.11267	0.28497	0.01156	0.01135	0.23620	0.01561	0.12094	0.10129	0.01604	0.01319	0.00592	0.00515	0.00155	0.00533	0.00513	0.00405	0.00760
10	0.00623	0.00443	0.00585	0.00696	0.00724	0.00415	0.00461	0.00706	0.00955	0.01274	0.02722	0.77623	0.03263	0.05972	0.00750	0.00221	0.00304	0.01399	0.00461	0.00405
11	0.01154	0.01215	0.02154	0.01812	0.09411	0.01410	0.30658	0.01406	0.00974	0.01415	0.00831	0.01220	0.00717	0.00665	0.01135	0.00195	0.42260	0.00503	0.00237	0.00627
12	0.01577	0.01046	0.01383	0.01482	0.20248	0.01075	0.00961	0.12589	0.20768	0.23361	0.08672	0.01766	0.01482	0.00633	0.00516	0.00158	0.00464	0.00540	0.00483	0.00796
13	0.01555	0.08423	0.01623	0.24728	0.20890	0.01080	0.01144	0.01814	0.01210	0.30594	0.01304	0.01415	0.00919	0.00530	0.00489	0.00154	0.00553	0.00455	0.00380	0.00740

[dist]
# distance from previous block
# <min> <max>
0	1

[block]
# block no. 4 follows, 49 sequences, length 40
# corresponding to MSA columns:
# 175-214
name=unknown_E
#
# <colnr> <probs for GDERKNQSTAVLIFYWHMCP>
#	G	D	E	R	K	N	Q	S	T	A	V	L	I	F	Y	W	H	M	C	P
0	0.00659	0.00473	0.00625	0.00675	0.00743	0.00439	0.00473	0.00811	0.01165	0.01605	0.35157	0.48634	0.03952	0.01350	0.00625	0.00186	0.00270	0.01215	0.00507	0.00439
1	0.00760	0.00635	0.00983	0.34900	0.01904	0.00714	0.00868	0.00954	0.00986	0.01291	0.01983	0.47600	0.02207	0.01125	0.00586	0.00190	0.00455	0.01017	0.00365	0.00475
2	0.01386	0.01156	0.01634	0.40702	0.02600	0.01325	0.07283	0.33720	0.01608	0.02125	0.01043	0.01292	0.00761	0.00542	0.00513	0.00162	0.00638	0.00464	0.00347	0.00698
3	0.00907	0.00736	0.00890	0.00701	0.01010	0.00590	0.00547	0.01137	0.01212	0.01810	0.34073	0.02210	0.02462	0.00655	0.00469	0.00111	0.00317	0.00561	0.00409	0.49194
4	0.01298	0.04397	0.06621	0.00883	0.01136	0.00791	0.00731	0.05616	0.10306	0.24018	0.02164	0.35768	0.02087	0.01021	0.00557	0.00177	0.00403	0.00889	0.00492	0.00645
5	0.01234	0.00882	0.00965	0.00820	0.00994	0.00945	0.00594	0.33373	0.01447	0.01936	0.01495	0.06590	0.01502	0.43192	0.01591	0.00331	0.00508	0.00653	0.00400	0.00548
6	0.01299	0.68855	0.02347	0.00853	0.01244	0.05974	0.00820	0.01460	0.01075	0.01241	0.04403	0.01235	0.06431	0.00524	0.00363	0.00116	0.00527	0.00358	0.00252	0.00622
7	0.01136	0.31520	0.51774	0.01233	0.01866	0.01473	0.01506	0.01570	0.01053	0.01453	0.00834	0.00975	0.00644	0.00463	0.00424	0.00141	0.00673	0.00336	0.00215	0.00712
8	0.01540	0.01600	0.01830	0.01729	0.15835	0.25044	0.16603	0.17247	0.05595	0.01833	0.01050	0.01239	0.00826	0.00695	0.04897	0.00186	0.00767	0.00455	0.00322	0.00705
9	0.09068	0.01145	0.01357	0.13041	0.05848	0.07662	0.05857	0.13704	0.15390	0.08639	0.01312	0.01474	0.01000	0.02994	0.03549	0.00192	0.01734	0.00474	0.04878	0.00683
10	0.01295	0.25561	0.20718	0.01191	0.01632	0.04412	0.07009	0.01845	0.17386	0.06252	0.01142	0.01225	0.00883	0.00547	0.00542	0.00151	0.06777	0.00414	0.00309	0.00710
11	0.06896	0.30264	0.14601	0.01093	0.01536	0.13419	0.01052	0.22208	0.01451	0.01875	0.00887	0.00978	0.00699	0.00503	0.00418	0.00135	0.00625	0.00346	0.00307	0.00706
12	0.01290	0.01952	0.41783	0.08584	0.02092	0.01271	0.05966	0.24378	0.01464	0.02061	0.01031	0.01183	0.00739	0.00521	0.00493	0.00158	0.00672	0.00422	0.03190	0.00751
13	0.01289	0.01069	0.05338	0.01052	0.04611	0.01049	0.05310	0.26902	0.11375	0.02235	0.03331	0.04363	0.10135	0.00704	0.00494	0.00152	0.00448	0.00586	0.18878	0.00678
14	0.01171	0.14434	0.20940	0.01214	0.01650	0.01313	0.09840	0.02004	0.33897	0.01740	0.01478	0.05701	0.01185	0.00613	0.00492	0.00160	0.00555	0.00524	0.00361	0.00729
15	0.00976	0.00699	0.00809	0.00778	0.00980	0.00695	0.00623	0.01454	0.19534	0.09219	0.10228	0.03940	0.29252	0.01079	0.00592	0.00182	0.00352	0.17534	0.00502	0.00571
16	0.01047	0.09435	0.71274	0.01408	0.02123	0.01248	0.03495	0.01594	0.01067	0.01567	0.00893	0.01052	0.00644	0.00475	0.00470	0.00156	0.00732	0.00370	0.00215	0.00737
17	0.04847	0.01237	0.01376	0.05628	0.07536	0.13835	0.07661	0.22270	0.01575	0.02088	0.18160	0.01916	0.05034	0.00675	0.00515	0.00152	0.00548	0.00566	0.03732	0.00649
18	0.00671	0.00465	0.00623	0.00709	0.00760	0.00461	0.00498	0.00793	0.00955	0.01331	0.02428	0.58186	0.02779	0.01877	0.14622	0.00305	0.00480	0.03525	0.08106	0.00425
19	0.11041	0.00984	0.01071	0.00939	0.01202	0.01060	0.00765	0.36083	0.01656	0.02324	0.01994	0.14400	0.07952	0.00946	0.00550	0.00178	0.00456	0.15287	0.00467	0.00645
20	0.01270	0.01070	0.02105	0.01589	0.01976	0.00997	0.44651	0.01603	0.01240	0.15016	0.06418	0.04996	0.01526	0.00690	0.00599	0.00178	0.00662	0.12377	0.00379	0.00657
21	0.00981	0.05790	0.50360	0.01319	0.06026	0.02186	0.01459	0.01409	0.01077	0.01515	0.01685	0.01861	0.14738	0.00665	0.00563	0.00164	0.04914	0.02352	0.00269	0.00669
22	0.00632	0.00514	0.00560	0.00549	0.00704	0.00442	0.00412	0.00793	0.01235	0.01561	0.26835	0.04546	0.57035	0.01208	0.00597	0.00167	0.00251	0.01022	0.00495	0.00442
23	0.01637	0.01264	0.01724	0.01919	0.31956	0.01323	0.03724	0.37397	0.01752	0.08412	0.01176	0.01290	0.00875	0.00541	0.00503	0.00151	0.00566	0.00463	0.02505	0.00821
24	0.01285	0.01250	0.02210	0.02526	0.46352	0.01227	0.22641	0.08435	0.01269	0.01782	0.00992	0.01268	0.00794	0.00454	0.00521	0.00152	0.00655	0.00484	0.00278	0.05425
25	0.00616	0.00440	0.00587	0.00704	0.00733	0.00411	0.00469	0.00704	0.00968	0.01291	0.02787	0.81899	0.03344	0.01584	0.00645	0.00205	0.00293	0.01438	0.00469	0.00411
26	0.00598	0.00512	0.00512	0.00512	0.00683	0.00427	0.00384	0.00726	0.01153	0.01366	0.05123	0.04866	0.78869	0.01281	0.00598	0.00171	0.00256	0.01067	0.00470	0.00427
27	0.08033	0.00837	0.00888	0.00795	0.01012	0.00921	0.00610	0.08380	0.27929	0.06503	0.01674	0.01911	0.01346	0.10764	0.05096	0.00229	0.00437	0.00527	0.21479	0.00627
28	0.01447	0.01143	0.01358	0.21323	0.01922	0.01288	0.00988	0.40530	0.10769	0.02372	0.01682	0.01747	0.09856	0.00668	0.00517	0.00161	0.00533	0.00538	0.00431	0.00728
29	0.01323	0.00780	0.00863	0.00766	0.01001	0.00822	0.00599	0.02001	0.30229	0.17236	0.01872	0.01853	0.01381	0.00633	0.00445	0.00146	0.00336	0.00517	0.36526	0.00672
30	0.01106	0.01106	0.01549	0.01328	0.01328	0.01549	0.01106	0.01217	0.00774	0.01217	0.00664	0.01106	0.00664	0.00885	0.01659	0.00221	0.81303	0.00443	0.00221	0.00553
31	0.01127	0.28444	0.09042	0.37986	0.11319	0.01431	0.01283	0.01424	0.01038	0.01327	0.00840	0.01132	0.00677	0.00473	0.00442	0.00145	0.00628	0.00383	0.00224	0.00635
32	0.01529	0.01811	0.01486	0.01314	0.01455	0.44075	0.01036	0.01651	0.01131	0.01228	0.00728	0.01001	0.00657	0.00688	0.01009	0.00172	0.37835	0.00379	0.00243	0.00571
33	0.00662	0.00556	0.00581	0.00567	0.00740	0.00496	0.00427	0.00903	0.07001	0.01507	0.14247	0.04503	0.63624	0.01204	0.00591	0.00169	0.00265	0.01010	0.00484	0.00461
34	0.01398	0.01605	0.02045	0.01605	0.01964	0.27975	0.35950	0.04105	0.05531	0.01538	0.01202	0.07192	0.01051	0.00603	0.00549	0.00162	0.00782	0.03807	0.00304	0.00633
35	0.01325	0.00893	0.00989	0.00833	0.01063	0.00978	0.00668	0.28876	0.04432	0.04565	0.04899	0.01780	0.03904	0.00831	0.04756	0.00180	0.05226	0.00512	0.32651	0.00639
36	0.00642	0.00490	0.00592	0.00633	0.00738	0.00440	0.00460	0.00785	0.01146	0.01490	0.20176	0.33236	0.30543	0.01346	0.00621	0.00184	0.00278	0.05278	0.00488	0.00434
37	0.01116	0.00931	0.01523	0.58416	0.11779	0.01105	0.01319	0.01421	0.01055	0.08432	0.01010	0.01371	0.00756	0.00533	0.00565	0.00167	0.05071	0.00455	0.02361	0.00614
38	0.01491	0.01176	0.01511	0.25383	0.09122	0.01329	0.01119	0.42215	0.01740	0.02326	0.01089	0.01297	0.00814	0.00716	0.03445	0.03042	0.00621	0.00456	0.00380	0.00728
39	0.01595	0.01137	0.01323	0.01146	0.04002	0.05359	0.02570	0.27984	0.06453	0.15525	0.01527	0.03524	0.01243	0.00742	0.00654	0.00169	0.09795	0.09057	0.05469	0.00723

[dist]
# distance from previous block
# <min> <max>
0	4

[block]
# block no. 5 follows, 49 sequences, length 40
# corresponding to MSA columns:
# 219-258
name=unknown_F
#
# <colnr> <probs for GDERKNQSTAVLIFYWHMCP>
#	G	D	E	R	K	N	Q	S	T	A	V	L	I	F	Y	W	H	M	C	P
0	0.39485	0.19129	0.10081	0.00885	0.01292	0.01364	0.00839	0.12689	0.01185	0.07683	0.00895	0.00969	0.00677	0.00494	0.00377	0.00146	0.00491	0.00328	0.00332	0.00661
1	0.09455	0.01497	0.01361	0.01189	0.04051	0.18659	0.00916	0.30986	0.19246	0.02294	0.01233	0.01262	0.00931	0.00600	0.00528	0.00155	0.04040	0.00436	0.00416	0.00742
2	0.32477	0.06940	0.01454	0.03182	0.32718	0.01156	0.01011	0.01544	0.01064	0.07075	0.04168	0.01316	0.00944	0.00518	0.00428	0.00153	0.00491	0.02374	0.00314	0.00674
3	0.00927	0.00719	0.00998	0.00958	0.02351	0.00722	0.06705	0.11890	0.04036	0.01726	0.10164	0.37383	0.03778	0.01216	0.00643	0.01864	0.00407	0.12525	0.00459	0.00528
4	0.01020	0.02575	0.77125	0.01464	0.02203	0.01178	0.04311	0.01602	0.01072	0.01602	0.00911	0.01077	0.00645	0.00479	0.00484	0.00160	0.00751	0.00381	0.00215	0.00745
5	0.01220	0.06811	0.17941	0.10236	0.11156	0.01245	0.35578	0.01622	0.01150	0.06632	0.01021	0.01277	0.00760	0.00462	0.00529	0.00161	0.00736	0.00493	0.00265	0.00705
6	0.00912	0.00773	0.01183	0.28833	0.14664	0.00837	0.01031	0.01175	0.01098	0.01468	0.02080	0.03002	0.13787	0.00845	0.00553	0.00177	0.00507	0.18874	0.07653	0.00548
7	0.00616	0.00440	0.00587	0.00704	0.00733	0.00411	0.00469	0.00704	0.00968	0.01291	0.02787	0.81899	0.03344	0.01584	0.00645	0.00205	0.00293	0.01438	0.00469	0.00411
8	0.00908	0.00746	0.00831	0.00819	0.00989	0.00798	0.00606	0.01614	0.35774	0.01713	0.06917	0.30367	0.13669	0.01106	0.00577	0.00183	0.00333	0.00965	0.00494	0.00592
9	0.01637	0.04650	0.15530	0.09025	0.17035	0.01054	0.01184	0.07229	0.01327	0.33141	0.02354	0.01429	0.00991	0.00550	0.00495	0.00155	0.00555	0.00459	0.00414	0.00787
10	0.01836	0.02322	0.01441	0.01304	0.01547	0.74916	0.00986	0.01965	0.01389	0.01236	0.00774	0.00925	0.00652	0.00546	0.00537	0.00136	0.06312	0.00334	0.00258	0.00584
11	0.00987	0.00585	0.00717	0.00644	0.00837	0.00513	0.00497	0.01177	0.01332	0.17478	0.36226	0.03760	0.31216	0.01042	0.00579	0.00163	0.00284	0.00888	0.00539	0.00536
12	0.01033	0.00880	0.01628	0.01247	0.01543	0.00819	0.31450	0.01344	0.01312	0.07297	0.36847	0.02532	0.02675	0.00730	0.00574	0.00161	0.00499	0.00728	0.06115	0.00586
13	0.01210	0.01081	0.01631	0.19176	0.27650	0.01240	0.02352	0.01703	0.16338	0.05406	0.01158	0.01396	0.00917	0.00599	0.00724	0.00172	0.15757	0.00478	0.00310	0.00703
14	0.13396	0.00810	0.00987	0.00886	0.00974	0.01021	0.00711	0.01180	0.00867	0.01535	0.01079	0.01526	0.00966	0.06762	0.09249	0.00263	0.33091	0.00457	0.23740	0.00502
15	0.01067	0.00542	0.00663	0.00649	0.00784	0.00504	0.00472	0.01221	0.01085	0.17309	0.02239	0.30974	0.04581	0.06895	0.00659	0.00186	0.00315	0.00867	0.28472	0.00515
16	0.00664	0.00463	0.00585	0.00672	0.00721	0.00437	0.00461	0.00765	0.00977	0.01318	0.02755	0.56399	0.08994	0.10453	0.00840	0.00230	0.00320	0.06406	0.06131	0.00408
17	0.06407	0.00557	0.00629	0.00657	0.00769	0.00542	0.00470	0.00935	0.06075	0.01482	0.11215	0.30824	0.22716	0.10476	0.00818	0.00219	0.00320	0.03989	0.00453	0.00447
18	0.01174	0.01004	0.01546	0.01261	0.01573	0.01017	0.21948	0.12155	0.14720	0.04484	0.02180	0.02977	0.10928	0.00854	0.00593	0.00184	0.00548	0.19781	0.00427	0.00647
19	0.00616	0.00440	0.00587	0.00704	0.00733	0.00411	0.00469	0.00704	0.00968	0.01291	0.02787	0.81899	0.03344	0.01584	0.00645	0.00205	0.00293	0.01438	0.00469	0.00411
20	0.01194	0.01364	0.02984	0.02131	0.02643	0.01279	0.77238	0.01620	0.01194	0.01620	0.01023	0.01364	0.00767	0.00426	0.00597	0.00171	0.00853	0.00597	0.00256	0.00682
21	0.35329	0.08735	0.29688	0.01040	0.01515	0.07497	0.01107	0.01654	0.06188	0.01841	0.00875	0.00989	0.00665	0.00489	0.00400	0.00153	0.00576	0.00334	0.00278	0.00649
22	0.00702	0.00586	0.00932	0.00889	0.01008	0.00542	0.11700	0.00849	0.01037	0.01372	0.05346	0.58909	0.11418	0.01362	0.00631	0.00195	0.00369	0.01256	0.00441	0.00454
23	0.01304	0.01109	0.01170	0.01039	0.01333	0.01280	0.00812	0.07941	0.72831	0.02191	0.01999	0.01839	0.01496	0.00680	0.00514	0.00170	0.00411	0.00564	0.00514	0.00805
24	0.01102	0.01450	0.32603	0.01022	0.01434	0.00851	0.01085	0.04080	0.02686	0.12997	0.10601	0.07558	0.07829	0.07764	0.04506	0.00222	0.00566	0.00629	0.00378	0.00638
25	0.01287	0.01371	0.05827	0.02324	0.34248	0.03914	0.28493	0.06778	0.07357	0.01764	0.01075	0.01320	0.00839	0.00475	0.00534	0.00159	0.00689	0.00505	0.00289	0.00753
26	0.00722	0.00504	0.00640	0.00649	0.00681	0.00531	0.00426	0.00789	0.00778	0.01067	0.01601	0.08567	0.01758	0.50430	0.28129	0.00576	0.00762	0.00722	0.00306	0.00362
27	0.00971	0.00929	0.01612	0.75868	0.03428	0.01134	0.06351	0.01313	0.01023	0.01313	0.00907	0.01349	0.00680	0.00500	0.00512	0.00169	0.00686	0.00459	0.00227	0.00570
28	0.01535	0.01533	0.01767	0.01481	0.05298	0.26773	0.21847	0.09875	0.03164	0.09053	0.01235	0.07668	0.01035	0.00762	0.04480	0.00188	0.00758	0.00542	0.00343	0.00662
29	0.01271	0.01210	0.12582	0.01018	0.01335	0.01053	0.00907	0.35379	0.01639	0.02206	0.01951	0.24899	0.06735	0.00953	0.00558	0.00174	0.00484	0.04532	0.00448	0.00666
30	0.01129	0.01261	0.02717	0.01973	0.02430	0.01182	0.68697	0.01518	0.01168	0.01583	0.01219	0.10324	0.01054	0.00555	0.00602	0.00174	0.00790	0.00690	0.00280	0.00652
31	0.01957	0.01676	0.01320	0.01122	0.01438	0.39678	0.00875	0.10290	0.04491	0.27535	0.03779	0.01343	0.01040	0.00588	0.00486	0.00144	0.00672	0.00429	0.00428	0.00712
32	0.01567	0.01170	0.01288	0.01140	0.03921	0.11750	0.00892	0.11541	0.06532	0.21447	0.06549	0.01905	0.03413	0.00763	0.00775	0.00173	0.18263	0.05792	0.00432	0.00686
33	0.00928	0.00800	0.01298	0.03835	0.30399	0.00860	0.00999	0.01158	0.00946	0.01357	0.01190	0.01693	0.01074	0.02446	0.48067	0.00546	0.01052	0.00505	0.00262	0.00586
34	0.00964	0.00738	0.00972	0.00909	0.01079	0.00754	0.06148	0.06300	0.18079	0.05250	0.05702	0.43769	0.04925	0.01162	0.00594	0.00187	0.00377	0.01046	0.00477	0.00569
35	0.01364	0.00896	0.01338	0.09046	0.24698	0.00890	0.00989	0.07215	0.01279	0.21585	0.05542	0.19665	0.01680	0.00797	0.00541	0.00167	0.00473	0.00711	0.00428	0.00694
36	0.01146	0.01227	0.02498	0.25677	0.02859	0.01242	0.52131	0.03947	0.01177	0.01572	0.00992	0.01354	0.00742	0.00456	0.00567	0.00169	0.00790	0.00548	0.00254	0.00652
37	0.01006	0.00766	0.00892	0.06624	0.01161	0.02303	0.00660	0.12982	0.10226	0.04809	0.02593	0.38177	0.13478	0.01147	0.00582	0.00182	0.00386	0.01000	0.00465	0.00560
38	0.01447	0.01642	0.01169	0.01091	0.01282	0.45115	0.00813	0.07032	0.01353	0.01444	0.06431	0.22644	0.01651	0.00857	0.00565	0.00157	0.03732	0.00673	0.00352	0.00551
39	0.01427	0.01193	0.01662	0.03458	0.21958	0.01252	0.09312	0.33177	0.05197	0.02257	0.01545	0.07378	0.06528	0.00666	0.00531	0.00160	0.00555	0.00589	0.00401	0.00753

[dist]
# distance from previous block
# <min> <max>
18	38

[block]
# block no. 6 follows, 49 sequences, length 13
# corresponding to MSA columns:
# 305-317
name=unknown_G
#
# <colnr> <probs for GDERKNQSTAVLIFYWHMCP>
#	G	D	E	R	K	N	Q	S	T	A	V	L	I	F	Y	W	H	M	C	P
0	0.06306	0.14044	0.24521	0.05271	0.07346	0.05760	0.01220	0.12176	0.02642	0.06038	0.01133	0.02861	0.03087	0.00571	0.00523	0.00153	0.04911	0.00427	0.00308	0.00702
1	0.01809	0.02249	0.01445	0.01378	0.05653	0.70255	0.00995	0.02043	0.07013	0.01324	0.00884	0.01001	0.00724	0.00529	0.00463	0.00134	0.00858	0.00350	0.00279	0.00613
2	0.01101	0.00770	0.00892	0.00766	0.00950	0.00780	0.00557	0.14540	0.05222	0.05984	0.01445	0.02284	0.01389	0.37103	0.11938	0.00379	0.00592	0.00578	0.00365	0.12365
3	0.00716	0.00517	0.00676	0.00636	0.00755	0.00477	0.00477	0.00954	0.01431	0.02028	0.78808	0.03777	0.04771	0.01034	0.00596	0.00159	0.00239	0.00914	0.00557	0.00477
4	0.01312	0.73128	0.11707	0.00933	0.01403	0.01904	0.00983	0.01524	0.01032	0.01238	0.00727	0.00841	0.00648	0.00438	0.00343	0.00114	0.00565	0.00283	0.00216	0.00661
5	0.01632	0.01272	0.01354	0.01105	0.01458	0.01433	0.00891	0.44755	0.35484	0.02719	0.01583	0.01508	0.01159	0.00642	0.00510	0.00160	0.00488	0.00506	0.00510	0.00834
6	0.00735	0.00490	0.00552	0.00552	0.00552	0.00490	0.00306	0.00735	0.00735	0.00980	0.01593	0.03309	0.01838	0.82229	0.02574	0.00490	0.00490	0.00735	0.00306	0.00306
7	0.01300	0.70282	0.14448	0.00954	0.01434	0.01874	0.01019	0.01528	0.01034	0.01253	0.00734	0.00850	0.00648	0.00440	0.00348	0.00116	0.00572	0.00286	0.00216	0.00664
8	0.02737	0.02863	0.02047	0.01895	0.02212	0.68587	0.01349	0.02589	0.01992	0.02185	0.01781	0.02289	0.01594	0.01167	0.00879	0.00313	0.01174	0.00658	0.00598	0.01090
9	0.00917	0.00632	0.00700	0.00645	0.00707	0.00655	0.00407	0.12486	0.00987	0.01319	0.01535	0.02988	0.01688	0.69716	0.02257	0.00438	0.00500	0.00692	0.00337	0.00391
10	0.00816	0.00590	0.00729	0.00775	0.00861	0.00588	0.00545	0.12460	0.01184	0.01582	0.02546	0.69530	0.02964	0.01434	0.00624	0.00197	0.00334	0.01287	0.00475	0.00480
11	0.01298	0.01397	0.06408	0.04350	0.13693	0.01302	0.48504	0.13215	0.01357	0.01854	0.01032	0.01309	0.00777	0.00463	0.00560	0.00164	0.00760	0.00538	0.00290	0.00727
12	0.13926	0.00783	0.00880	0.00744	0.01053	0.00682	0.00590	0.01166	0.01023	0.01658	0.01528	0.15375	0.03642	0.00746	0.00457	0.00132	0.00371	0.09818	0.00356	0.45070

[dist]
# distance from previous block
# <min> <max>
5	28

[block]
# block no. 7 follows, 49 sequences, length 15
# corresponding to MSA columns:
# 346-360
name=unknown_H
#
# <colnr> <probs for GDERKNQSTAVLIFYWHMCP>
#	G	D	E	R	K	N	Q	S	T	A	V	L	I	F	Y	W	H	M	C	P
0	0.04104	0.42796	0.12938	0.01022	0.01447	0.04619	0.05356	0.01580	0.01084	0.10000	0.01042	0.05241	0.00893	0.00719	0.05015	0.00173	0.00619	0.00408	0.00285	0.00659
1	0.03403	0.32383	0.07769	0.01289	0.12028	0.12110	0.01017	0.14095	0.01332	0.01661	0.01219	0.01312	0.07285	0.00552	0.00431	0.00134	0.00589	0.00408	0.00298	0.00683
2	0.01278	0.36674	0.16281	0.01225	0.01701	0.01547	0.15889	0.07876	0.04996	0.01600	0.00968	0.01116	0.00771	0.00476	0.00432	0.00137	0.00615	0.00395	0.05335	0.00687
3	0.01254	0.08400	0.23738	0.01720	0.02262	0.08517	0.39951	0.05102	0.01221	0.01617	0.00952	0.01190	0.00717	0.00459	0.00526	0.00158	0.00790	0.00478	0.00253	0.00697
4	0.01208	0.08583	0.18916	0.07393	0.05112	0.01166	0.25558	0.01581	0.02410	0.09954	0.01251	0.09621	0.01053	0.00606	0.00566	0.00166	0.03297	0.00575	0.00306	0.00678
5	0.00608	0.00472	0.00553	0.00618	0.00711	0.00418	0.00431	0.00714	0.01051	0.01325	0.03834	0.47371	0.37196	0.01448	0.00624	0.00190	0.00277	0.01272	0.00469	0.00418
6	0.01352	0.82533	0.02650	0.00865	0.01298	0.02001	0.00865	0.01514	0.01027	0.01190	0.00703	0.00811	0.00649	0.00433	0.00324	0.00108	0.00541	0.00270	0.00216	0.00649
7	0.08383	0.42308	0.27883	0.01090	0.01618	0.01569	0.04182	0.01588	0.01052	0.05005	0.00842	0.00960	0.00670	0.00460	0.00394	0.00134	0.00604	0.00329	0.00244	0.00684
8	0.01172	0.08343	0.01374	0.01107	0.01199	0.08520	0.00870	0.01249	0.00939	0.01280	0.01116	0.01817	0.01118	0.16764	0.17375	0.00393	0.33982	0.00530	0.00292	0.00560
9	0.00735	0.00490	0.00552	0.00552	0.00552	0.00490	0.00306	0.00735	0.00735	0.00980	0.01593	0.03309	0.01838	0.82229	0.02574	0.00490	0.00490	0.00735	0.00306	0.00306
10	0.01306	0.01407	0.02889	0.02323	0.13792	0.01320	0.65019	0.01679	0.01252	0.01721	0.01117	0.01490	0.00873	0.00502	0.00626	0.00187	0.00845	0.00607	0.00292	0.00752
11	0.00902	0.00814	0.01312	0.38629	0.17903	0.00905	0.01119	0.01152	0.01039	0.01370	0.01706	0.22300	0.07147	0.00829	0.00547	0.00174	0.00531	0.00749	0.00311	0.00562
12	0.01122	0.00963	0.01189	0.01040	0.10048	0.00785	0.00728	0.05694	0.01137	0.01737	0.00923	0.01081	0.00761	0.00397	0.00396	0.00088	0.00411	0.00326	0.00306	0.70868
13	0.01249	0.00792	0.00952	0.00797	0.01092	0.00712	0.00636	0.07837	0.05280	0.18660	0.08196	0.08520	0.14004	0.00837	0.00522	0.00149	0.00376	0.07046	0.00473	0.21870
14	0.01712	0.01176	0.01241	0.05147	0.01468	0.10027	0.00838	0.10450	0.27151	0.27958	0.01674	0.01572	0.01180	0.00611	0.00496	0.00154	0.00498	0.00488	0.00495	0.05664

[dist]
# distance from previous block
# <min> <max>
2	4

[block]
# block no. 8 follows, 49 sequences, length 108
# corresponding to MSA columns:
# 365-431,433-455,470-487
name=unknown_I
#
# <colnr> <probs for GDERKNQSTAVLIFYWHMCP>
#	G	D	E	R	K	N	Q	S	T	A	V	L	I	F	Y	W	H	M	C	P
0	0.00713	0.00530	0.00668	0.00739	0.00846	0.00500	0.00588	0.00874	0.01100	0.01405	0.05274	0.17985	0.23807	0.08042	0.00814	0.00230	0.00375	0.34619	0.00457	0.00433
1	0.01513	0.05184	0.01325	0.01131	0.01413	0.32712	0.00874	0.02370	0.44238	0.01725	0.01491	0.01451	0.01149	0.00609	0.00483	0.00152	0.00610	0.00461	0.00400	0.00709
2	0.01190	0.01407	0.06180	0.02166	0.07654	0.01269	0.69052	0.01615	0.01185	0.01621	0.01013	0.01344	0.00764	0.00430	0.00585	0.00169	0.00831	0.00578	0.00254	0.00693
3	0.01214	0.01306	0.02649	0.02481	0.30123	0.01251	0.50025	0.01595	0.01178	0.01631	0.00997	0.01324	0.00779	0.00435	0.00562	0.00163	0.00762	0.00544	0.00254	0.00725
4	0.01190	0.01354	0.02929	0.02100	0.02592	0.01289	0.74307	0.01604	0.01177	0.01604	0.01009	0.01354	0.00763	0.00444	0.00638	0.00172	0.03950	0.00591	0.00254	0.00677
5	0.00611	0.00462	0.00564	0.00646	0.00718	0.00416	0.00444	0.00711	0.01024	0.01313	0.03490	0.58720	0.26069	0.01493	0.00631	0.00195	0.00282	0.01326	0.00469	0.00416
6	0.00676	0.00483	0.00655	0.00772	0.00828	0.00462	0.00573	0.00807	0.01027	0.01358	0.02754	0.58972	0.03214	0.01528	0.00661	0.00214	0.00345	0.23774	0.00468	0.00427
7	0.00678	0.00532	0.00804	0.07400	0.01072	0.00520	0.05049	0.00806	0.00985	0.01310	0.02528	0.70543	0.02973	0.01427	0.00631	0.00200	0.00358	0.01307	0.00437	0.00439
8	0.00690	0.00491	0.00545	0.00556	0.00601	0.00467	0.00341	0.00730	0.00860	0.01105	0.02580	0.10803	0.21153	0.54783	0.01907	0.00385	0.00414	0.00881	0.00362	0.00346
9	0.01068	0.02239	0.56553	0.01649	0.02325	0.01206	0.24547	0.01607	0.01105	0.01607	0.00942	0.01157	0.00679	0.00464	0.00515	0.00163	0.00779	0.00441	0.00226	0.00728
10	0.01343	0.01791	0.44870	0.01158	0.01712	0.00943	0.01328	0.01756	0.01217	0.25039	0.07896	0.01710	0.05753	0.00617	0.00505	0.00160	0.00581	0.00499	0.00381	0.00740
11	0.01163	0.37930	0.45602	0.01187	0.01795	0.01540	0.01425	0.01563	0.01050	0.01419	0.00817	0.00954	0.00644	0.00459	0.00412	0.00137	0.00656	0.00328	0.00215	0.00704
12	0.01889	0.02410	0.01433	0.01303	0.01563	0.80199	0.00977	0.02019	0.01433	0.01238	0.00782	0.00912	0.00651	0.00521	0.00456	0.00130	0.00912	0.00326	0.00261	0.00586
13	0.01485	0.01199	0.01271	0.01075	0.01401	0.01364	0.00855	0.28204	0.52274	0.02481	0.01770	0.01657	0.01310	0.00659	0.00512	0.00165	0.00454	0.00532	0.00512	0.00821
14	0.01112	0.01059	0.01801	0.39651	0.43615	0.01165	0.01483	0.01430	0.01086	0.01483	0.00927	0.01297	0.00741	0.00476	0.00503	0.00159	0.00635	0.00450	0.00238	0.00689
15	0.00743	0.00576	0.00807	0.00828	0.00926	0.01808	0.04903	0.00912	0.01119	0.01499	0.18222	0.37962	0.03272	0.05224	0.00735	0.00213	0.00374	0.18961	0.00463	0.00451
16	0.01449	0.00668	0.00898	0.00802	0.01031	0.00594	0.00627	0.01619	0.01276	0.39541	0.10732	0.24903	0.05754	0.01029	0.00575	0.00177	0.00366	0.06763	0.00555	0.00643
17	0.01136	0.01472	0.19835	0.01976	0.25174	0.01124	0.20129	0.06757	0.01213	0.01693	0.01367	0.08271	0.04773	0.00617	0.00541	0.00165	0.00648	0.02110	0.00294	0.00706
18	0.01693	0.01344	0.01470	0.01197	0.01448	0.10169	0.00981	0.32880	0.01603	0.13058	0.01091	0.01216	0.00826	0.00694	0.00888	0.00173	0.27697	0.00444	0.00400	0.00727
19	0.00955	0.00899	0.01517	0.81013	0.03483	0.01123	0.01404	0.01292	0.01011	0.01292	0.00899	0.01348	0.00674	0.00506	0.00506	0.00169	0.00674	0.00449	0.00225	0.00562
20	0.01089	0.20378	0.62504	0.01313	0.01991	0.01358	0.01645	0.01582	0.01059	0.01510	0.00862	0.01011	0.00642	0.00470	0.00446	0.00149	0.00701	0.00351	0.00214	0.00725
21	0.01182	0.26108	0.25381	0.06309	0.12766	0.01445	0.16958	0.01554	0.01090	0.01470	0.00875	0.01093	0.00693	0.00452	0.00462	0.00146	0.00682	0.00403	0.00229	0.00701
22	0.01014	0.02616	0.79609	0.01441	0.02189	0.01174	0.01868	0.01601	0.01068	0.01601	0.00907	0.01068	0.00641	0.00480	0.00480	0.00160	0.00747	0.00374	0.00214	0.00747
23	0.00716	0.00517	0.00676	0.00636	0.00755	0.00477	0.00477	0.00954	0.01431	0.02028	0.78808	0.03777	0.04771	0.01034	0.00596	0.00159	0.00239	0.00914	0.00557	0.00477
24	0.01038	0.00818	0.00925	0.00892	0.01090	0.00884	0.00691	0.06725	0.34295	0.03396	0.02557	0.22577	0.09374	0.01059	0.00580	0.00187	0.00380	0.11413	0.00494	0.00626
25	0.06139	0.01140	0.01769	0.26256	0.45356	0.04230	0.01407	0.01473	0.01086	0.01545	0.00902	0.01236	0.00736	0.00490	0.00540	0.00158	0.04161	0.00435	0.00245	0.00695
26	0.00668	0.00533	0.00611	0.00644	0.00796	0.00476	0.00518	0.00833	0.01168	0.01440	0.07634	0.05070	0.52748	0.01305	0.00628	0.00189	0.00318	0.23508	0.00472	0.00441
27	0.00879	0.00688	0.00817	0.00754	0.00924	0.00712	0.00574	0.01476	0.24519	0.02054	0.55714	0.03208	0.03800	0.00929	0.00572	0.00163	0.00287	0.00811	0.00544	0.00574
28	0.01390	0.01494	0.01893	0.05207	0.49947	0.20888	0.04538	0.01645	0.01199	0.01513	0.00895	0.01167	0.00751	0.00492	0.00554	0.00150	0.04882	0.00425	0.00251	0.00721
29	0.01906	0.01409	0.01509	0.01160	0.01562	0.01561	0.00957	0.75613	0.04178	0.03161	0.01234	0.01230	0.00876	0.00609	0.00506	0.00152	0.00553	0.00458	0.00506	0.00859
30	0.00598	0.00512	0.00512	0.00512	0.00683	0.00427	0.00384	0.00726	0.01153	0.01366	0.05123	0.04866	0.78869	0.01281	0.00598	0.00171	0.00256	0.01067	0.00470	0.00427
31	0.04469	0.00780	0.00910	0.00862	0.01030	0.03376	0.00668	0.01507	0.24195	0.01625	0.12441	0.02126	0.01793	0.02225	0.39117	0.00478	0.00856	0.00585	0.00386	0.00568
32	0.01332	0.77846	0.07164	0.00899	0.01350	0.01952	0.00924	0.01519	0.01030	0.01214	0.00715	0.00826	0.00648	0.00435	0.00334	0.00111	0.00553	0.00276	0.00216	0.00655
33	0.00616	0.00440	0.00587	0.00704	0.00733	0.00411	0.00469	0.00704	0.00968	0.01291	0.02787	0.81899	0.03344	0.01584	0.00645	0.00205	0.00293	0.01438	0.00469	0.00411
34	0.01857	0.02338	0.01439	0.01301	0.01554	0.75551	0.00982	0.03296	0.01422	0.01271	0.00784	0.00925	0.00656	0.00538	0.00507	0.00134	0.04259	0.00333	0.00263	0.00590
35	0.01121	0.43077	0.05310	0.00996	0.01360	0.01405	0.11556	0.01359	0.01168	0.01505	0.22587	0.01817	0.03585	0.00620	0.00451	0.00135	0.00503	0.00518	0.00322	0.00605
36	0.00605	0.00513	0.00522	0.00520	0.00687	0.00430	0.00390	0.00739	0.01169	0.01405	0.09444	0.04803	0.74523	0.01266	0.00598	0.00170	0.00255	0.01058	0.00475	0.00430
37	0.00734	0.00498	0.00588	0.00588	0.00601	0.00510	0.00352	0.00759	0.00746	0.01008	0.01560	0.03123	0.01757	0.71170	0.13522	0.00536	0.00612	0.00708	0.00301	0.00327
38	0.01252	0.01201	0.02053	0.03104	0.79074	0.01201	0.01552	0.01552	0.01151	0.01652	0.00951	0.01252	0.00801	0.00451	0.00501	0.00150	0.00601	0.00451	0.00250	0.00801
39	0.01352	0.82533	0.02650	0.00865	0.01298	0.02001	0.00865	0.01514	0.01027	0.01190	0.00703	0.00811	0.00649	0.00433	0.00324	0.00108	0.00541	0.00270	0.00216	0.00649
40	0.00611	0.00462	0.00564	0.00646	0.00718	0.00416	0.00444	0.00711	0.01024	0.01313	0.03490	0.58720	0.26069	0.01493	0.00631	0.00195	0.00282	0.01326	0.00469	0.00416
41	0.34724	0.01222	0.01201	0.00958	0.01326	0.01364	0.00790	0.44593	0.01746	0.06008	0.01047	0.01082	0.00754	0.00554	0.00431	0.00154	0.00487	0.00387	0.00435	0.00738
42	0.01204	0.01260	0.01985	0.03609	0.17336	0.06009	0.19918	0.01471	0.03026	0.01430	0.00859	0.01213	0.00739	0.00650	0.01039	0.00187	0.36698	0.00479	0.00246	0.00643
43	0.00727	0.00519	0.00714	0.00831	0.00909	0.00506	0.00662	0.00896	0.01077	0.01415	0.02726	0.39373	0.03102	0.01480	0.00675	0.00221	0.00390	0.42868	0.00467	0.00441
44	0.00685	0.00516	0.00634	0.00604	0.00737	0.00464	0.00453	0.00896	0.01360	0.01858	0.59869	0.04057	0.23816	0.01097	0.00597	0.00162	0.00243	0.00954	0.00534	0.00464
45	0.01173	0.01449	0.09193	0.02018	0.02514	0.01289	0.65713	0.01590	0.01154	0.01590	0.00988	0.01322	0.00750	0.00463	0.00661	0.00173	0.06464	0.00568	0.00250	0.00678
46	0.01014	0.02616	0.79609	0.01441	0.02189	0.01174	0.01868	0.01601	0.01068	0.01601	0.00907	0.01068	0.00641	0.00480	0.00480	0.00160	0.00747	0.00374	0.00214	0.00747
47	0.01194	0.01364	0.02984	0.02131	0.02643	0.01279	0.77238	0.01620	0.01194	0.01620	0.01023	0.01364	0.00767	0.00426	0.00597	0.00171	0.00853	0.00597	0.00256	0.00682
48	0.85801	0.00978	0.00743	0.00665	0.00978	0.01134	0.00548	0.01486	0.00861	0.02269	0.00704	0.00821	0.00548	0.00469	0.00313	0.00156	0.00391	0.00274	0.00313	0.00548
49	0.01258	0.01086	0.01143	0.01029	0.01315	0.01258	0.00800	0.02687	0.78161	0.02115	0.02058	0.01887	0.01544	0.00686	0.00515	0.00172	0.00400	0.00572	0.00515	0.00800
