[name]
unknown

[dist]
# distance from previous block
# <min> <max>
0	43

[block]
# block no. 0 follows, 52 sequences, length 35
# corresponding to MSA columns:
# 43-77
name=unknown_A
#
# <colnr> <probs for GDERKNQSTAVLIFYWHMCP>
#	G	D	E	R	K	N	Q	S	T	A	V	L	I	F	Y	W	H	M	C	P
0	0.00632	0.00453	0.00595	0.00677	0.00729	0.00426	0.00478	0.00748	0.01002	0.01341	0.12911	0.55743	0.05892	0.06142	0.00724	0.00209	0.00303	0.10140	0.00451	0.00403
1	0.03724	0.01180	0.06429	0.02214	0.48453	0.02824	0.04905	0.02854	0.01182	0.17838	0.02956	0.01324	0.00926	0.00484	0.00481	0.00147	0.00554	0.00449	0.00325	0.00753
2	0.42754	0.09821	0.01173	0.00906	0.01201	0.32173	0.00726	0.03649	0.01092	0.01709	0.00716	0.00830	0.00581	0.00469	0.00359	0.00135	0.00587	0.00286	0.00276	0.00557
3	0.01187	0.01139	0.01945	0.06357	0.76659	0.01148	0.01481	0.01477	0.01098	0.01568	0.00909	0.01203	0.00762	0.00434	0.00480	0.00145	0.00579	0.00432	0.00239	0.00758
4	0.00987	0.00862	0.00996	0.01058	0.10804	0.05340	0.00711	0.02900	0.25221	0.01863	0.35731	0.02625	0.07310	0.00798	0.00527	0.00154	0.00362	0.00689	0.00463	0.00601
5	0.00573	0.00491	0.00491	0.00491	0.00655	0.00409	0.00368	0.00695	0.01105	0.01309	0.04909	0.04664	0.79750	0.01227	0.00573	0.00164	0.00245	0.01023	0.00450	0.00409
6	0.00630	0.00453	0.00598	0.00647	0.00712	0.00420	0.00453	0.00775	0.01114	0.01534	0.35006	0.49472	0.03779	0.01297	0.00599	0.00178	0.00259	0.01167	0.00485	0.00420
7	0.00686	0.00495	0.00648	0.00610	0.00724	0.00457	0.00457	0.00914	0.01372	0.01943	0.79691	0.03620	0.04572	0.00991	0.00572	0.00152	0.00229	0.00876	0.00533	0.00457
8	0.01205	0.01041	0.01096	0.00986	0.01260	0.01205	0.00767	0.02575	0.79071	0.02027	0.01972	0.01808	0.01479	0.00657	0.00493	0.00164	0.00384	0.00548	0.00493	0.00767
9	0.86392	0.00937	0.00712	0.00637	0.00937	0.01087	0.00525	0.01425	0.00825	0.02174	0.00675	0.00787	0.00525	0.00450	0.00300	0.00150	0.00375	0.00262	0.00300	0.00525
10	0.02075	0.00825	0.01108	0.00861	0.01222	0.00730	0.00707	0.02326	0.05482	0.73603	0.04450	0.01722	0.01324	0.00616	0.00490	0.00151	0.00405	0.00503	0.00592	0.00810
11	0.86392	0.00937	0.00712	0.00637	0.00937	0.01087	0.00525	0.01425	0.00825	0.02174	0.00675	0.00787	0.00525	0.00450	0.00300	0.00150	0.00375	0.00262	0.00300	0.00525
12	0.01489	0.01157	0.02272	0.01644	0.02095	0.01073	0.51511	0.04150	0.01255	0.26309	0.01278	0.01410	0.00884	0.00474	0.00543	0.00159	0.00681	0.00541	0.00364	0.00713
13	0.86392	0.00937	0.00712	0.00637	0.00937	0.01087	0.00525	0.01425	0.00825	0.02174	0.00675	0.00787	0.00525	0.00450	0.00300	0.00150	0.00375	0.00262	0.00300	0.00525
14	0.00573	0.00491	0.00491	0.00491	0.00655	0.00409	0.00368	0.00695	0.01105	0.01309	0.04909	0.04664	0.79750	0.01227	0.00573	0.00164	0.00245	0.01023	0.00450	0.00409
15	0.86392	0.00937	0.00712	0.00637	0.00937	0.01087	0.00525	0.01425	0.00825	0.02174	0.00675	0.00787	0.00525	0.00450	0.00300	0.00150	0.00375	0.00262	0.00300	0.00525
16	0.01389	0.01632	0.01735	0.19712	0.06541	0.37020	0.16807	0.01624	0.01179	0.01294	0.00823	0.01087	0.00661	0.00496	0.00553	0.00148	0.06071	0.00406	0.00238	0.00585
17	0.01634	0.08061	0.28001	0.01051	0.01528	0.05475	0.01091	0.01939	0.01219	0.40740	0.01416	0.03555	0.00978	0.00558	0.00465	0.00147	0.00546	0.00440	0.00411	0.00745
18	0.00589	0.00429	0.00555	0.00657	0.00698	0.00395	0.00442	0.00677	0.00945	0.01244	0.02891	0.74997	0.10719	0.01490	0.00614	0.00194	0.00278	0.01343	0.00450	0.00395
19	0.00814	0.00470	0.00533	0.00517	0.00630	0.00454	0.00388	0.01041	0.01163	0.01863	0.33779	0.02554	0.02615	0.00740	0.00435	0.00129	0.00227	0.00627	0.50569	0.00454
20	0.01117	0.01193	0.06414	0.17969	0.40671	0.01161	0.15575	0.01489	0.04319	0.01513	0.00948	0.01249	0.00755	0.00461	0.00531	0.00154	0.03088	0.00458	0.00244	0.00692
21	0.01197	0.01280	0.09093	0.06535	0.04677	0.01235	0.30567	0.06020	0.15083	0.04959	0.01135	0.01335	0.00862	0.00548	0.00687	0.00168	0.13135	0.00501	0.00307	0.00674
22	0.00590	0.00422	0.00562	0.00675	0.00703	0.00394	0.00450	0.00675	0.00928	0.01237	0.02671	0.82653	0.03205	0.01518	0.00619	0.00197	0.00281	0.01378	0.00450	0.00394
23	0.01687	0.16698	0.01328	0.00829	0.01164	0.00963	0.00705	0.07836	0.01324	0.43898	0.06908	0.01795	0.06705	0.00803	0.05015	0.00177	0.00469	0.00504	0.00481	0.00711
24	0.04893	0.01272	0.03053	0.12379	0.11709	0.10390	0.05253	0.25095	0.06163	0.08431	0.01270	0.01369	0.04202	0.00560	0.00496	0.00150	0.01792	0.00455	0.00368	0.00699
25	0.04321	0.00654	0.00854	0.00766	0.00980	0.00595	0.00585	0.03297	0.01190	0.38389	0.05058	0.35795	0.03443	0.01005	0.00540	0.00170	0.00349	0.00876	0.00519	0.00613
26	0.78919	0.01067	0.04425	0.00697	0.01014	0.04421	0.00600	0.01451	0.00857	0.02103	0.00687	0.00802	0.00533	0.00452	0.00313	0.00149	0.00411	0.00269	0.00293	0.00535
27	0.01996	0.00781	0.01056	0.00824	0.01166	0.00680	0.00675	0.02189	0.01370	0.70408	0.08358	0.01820	0.01482	0.00631	0.00488	0.00149	0.00389	0.00518	0.04244	0.00778
28	0.01291	0.01304	0.01533	0.01847	0.32790	0.16000	0.02479	0.03555	0.20046	0.01614	0.01268	0.01402	0.03492	0.00563	0.00563	0.00151	0.06875	0.00459	0.02074	0.00692
29	0.00686	0.00495	0.00648	0.00610	0.00724	0.00457	0.00457	0.00914	0.01372	0.01943	0.79691	0.03620	0.04572	0.00991	0.00572	0.00152	0.00229	0.00876	0.00533	0.00457
30	0.00587	0.00490	0.00503	0.00500	0.00652	0.00416	0.00370	0.00710	0.01099	0.01328	0.09402	0.04514	0.70637	0.05829	0.00680	0.00180	0.00257	0.00996	0.00446	0.00406
31	0.18418	0.00846	0.01045	0.00819	0.01179	0.00785	0.00676	0.02181	0.01279	0.65217	0.01673	0.01483	0.01069	0.00571	0.00451	0.00150	0.00405	0.00444	0.00542	0.00767
32	0.00662	0.00488	0.00620	0.00601	0.00713	0.00445	0.00445	0.00864	0.01295	0.01795	0.62835	0.11402	0.13889	0.01072	0.00576	0.00158	0.00236	0.00943	0.00515	0.00445
33	0.09670	0.01136	0.01273	0.00984	0.01360	0.01193	0.00813	0.45151	0.01839	0.29570	0.01377	0.01296	0.00926	0.00576	0.00469	0.00147	0.00477	0.00438	0.00508	0.00797
34	0.00950	0.00897	0.01517	0.72003	0.12863	0.01086	0.01363	0.01269	0.00986	0.01281	0.00868	0.01280	0.00661	0.00478	0.00484	0.00159	0.00637	0.00431	0.00218	0.00567

[dist]
# distance from previous block
# <min> <max>
0	2

[block]
# block no. 1 follows, 52 sequences, length 8
# corresponding to MSA columns:
# 80-87
name=unknown_B
#
# <colnr> <probs for GDERKNQSTAVLIFYWHMCP>
#	G	D	E	R	K	N	Q	S	T	A	V	L	I	F	Y	W	H	M	C	P
0	0.24570	0.07104	0.23367	0.00983	0.01420	0.07712	0.00993	0.01789	0.05140	0.20938	0.01105	0.01124	0.00779	0.00502	0.00413	0.00146	0.00531	0.00363	0.00346	0.00674
1	0.01086	0.01089	0.01890	0.01532	0.09676	0.01020	0.31488	0.01373	0.01041	0.01523	0.00889	0.01151	0.00721	0.00440	0.00592	0.00131	0.09618	0.00430	0.00257	0.34053
2	0.00590	0.00422	0.00562	0.00675	0.00703	0.00394	0.00450	0.00675	0.00928	0.01237	0.02671	0.82653	0.03205	0.01518	0.00619	0.00197	0.00281	0.01378	0.00450	0.00394
3	0.01166	0.06327	0.38643	0.01762	0.20321	0.07049	0.09966	0.01606	0.03451	0.03848	0.00936	0.01114	0.00708	0.00458	0.00469	0.00148	0.00676	0.00400	0.00241	0.00710
4	0.01168	0.07659	0.55107	0.01363	0.01987	0.01140	0.11438	0.01636	0.01082	0.11457	0.01002	0.01122	0.00704	0.00468	0.00468	0.00151	0.00677	0.00395	0.00260	0.00715
5	0.00590	0.00422	0.00562	0.00675	0.00703	0.00394	0.00450	0.00675	0.00928	0.01237	0.02671	0.82653	0.03205	0.01518	0.00619	0.00197	0.00281	0.01378	0.00450	0.00394
6	0.01109	0.01011	0.05485	0.05459	0.42406	0.00943	0.01138	0.01455	0.05833	0.06932	0.21232	0.01881	0.01801	0.00603	0.00504	0.00149	0.00475	0.00553	0.00351	0.00679
7	0.04916	0.01153	0.04958	0.07695	0.03605	0.07451	0.04809	0.14719	0.05461	0.36086	0.01435	0.01398	0.00974	0.00555	0.00475	0.00149	0.00520	0.00451	0.02445	0.00742

[dist]
# distance from previous block
# <min> <max>
2	4

[block]
# block no. 2 follows, 52 sequences, length 23
# corresponding to MSA columns:
# 92-114
name=unknown_C
#
# <colnr> <probs for GDERKNQSTAVLIFYWHMCP>
#	G	D	E	R	K	N	Q	S	T	A	V	L	I	F	Y	W	H	M	C	P
0	0.01149	0.01084	0.07253	0.01223	0.13553	0.00886	0.04159	0.11663	0.01238	0.03511	0.07662	0.01308	0.01072	0.00469	0.00432	0.00112	0.00453	0.00402	0.00326	0.42045
1	0.07846	0.01200	0.05319	0.09885	0.02968	0.05799	0.02213	0.15637	0.10242	0.06560	0.01041	0.01225	0.00815	0.00722	0.03183	0.00187	0.23755	0.00428	0.00330	0.00644
2	0.00602	0.00490	0.00517	0.00512	0.00653	0.00422	0.00374	0.00728	0.01106	0.01368	0.15572	0.04371	0.61426	0.08830	0.00749	0.00191	0.00264	0.00972	0.00448	0.00405
3	0.01052	0.01716	0.36110	0.03223	0.22077	0.01112	0.15144	0.01531	0.05494	0.01556	0.01065	0.05791	0.00871	0.00515	0.00496	0.00156	0.00653	0.00485	0.00251	0.00700
4	0.04158	0.00854	0.00921	0.00780	0.01080	0.00841	0.00611	0.01708	0.33075	0.04509	0.02247	0.02163	0.18608	0.00686	0.00464	0.00136	0.00346	0.00564	0.00419	0.25829
5	0.00598	0.00465	0.00531	0.00568	0.00667	0.00412	0.00398	0.00704	0.01029	0.01299	0.09191	0.32325	0.40798	0.07846	0.00740	0.00199	0.00275	0.01114	0.00443	0.00398
6	0.01149	0.01160	0.02215	0.01775	0.09555	0.01109	0.47660	0.09905	0.01230	0.01684	0.01193	0.11229	0.01050	0.00563	0.00545	0.00158	0.00667	0.00624	0.00299	0.06229
7	0.00639	0.00464	0.00603	0.00630	0.00711	0.00428	0.00449	0.00801	0.01169	0.01609	0.42894	0.36887	0.08459	0.01226	0.00591	0.00172	0.00252	0.01096	0.00493	0.00428
8	0.01326	0.78412	0.02470	0.00854	0.01259	0.06656	0.00836	0.01480	0.01008	0.01143	0.00678	0.00783	0.00622	0.00420	0.00318	0.00105	0.00540	0.00262	0.00210	0.00618
9	0.00590	0.00422	0.00562	0.00675	0.00703	0.00394	0.00450	0.00675	0.00928	0.01237	0.02671	0.82653	0.03205	0.01518	0.00619	0.00197	0.00281	0.01378	0.00450	0.00394
10	0.06771	0.01193	0.01409	0.04454	0.12111	0.01292	0.00952	0.44618	0.08328	0.12112	0.01248	0.01265	0.00893	0.00558	0.00474	0.00148	0.00507	0.00441	0.00445	0.00783
11	0.09675	0.49994	0.05336	0.02380	0.01345	0.13900	0.00879	0.06774	0.01112	0.01398	0.00729	0.00847	0.00627	0.00458	0.00387	0.00120	0.02889	0.00292	0.00242	0.00617
12	0.00842	0.00421	0.00631	0.00631	0.00631	0.00421	0.00421	0.00631	0.00631	0.00842	0.00842	0.01473	0.00842	0.01684	0.01894	0.85901	0.00421	0.00421	0.00210	0.00210
13	0.03169	0.04938	0.06161	0.01626	0.06071	0.09335	0.36466	0.15130	0.06021	0.04704	0.01054	0.01227	0.00788	0.00475	0.00508	0.00152	0.00692	0.00479	0.00313	0.00692
14	0.05373	0.01038	0.01471	0.08002	0.18874	0.04497	0.07884	0.07240	0.04123	0.23285	0.07897	0.01523	0.01204	0.00557	0.00510	0.00149	0.02300	0.00484	0.00393	0.03194
15	0.01059	0.00819	0.00925	0.00834	0.01052	0.00889	0.00645	0.01923	0.44762	0.06381	0.31931	0.02498	0.02656	0.00783	0.00523	0.00159	0.00325	0.00671	0.00515	0.00651
16	0.00934	0.00881	0.01488	0.76583	0.08412	0.01082	0.01355	0.01255	0.00978	0.01261	0.00865	0.01286	0.00654	0.00481	0.00484	0.00160	0.00641	0.00431	0.00217	0.00554
17	0.01319	0.18786	0.27590	0.01142	0.01626	0.01320	0.05269	0.14190	0.12160	0.08505	0.02810	0.01228	0.00912	0.00518	0.00448	0.00143	0.00568	0.00410	0.00334	0.00721
18	0.19172	0.00854	0.00962	0.03774	0.01169	0.00876	0.00661	0.06274	0.13720	0.29584	0.08386	0.01924	0.09292	0.00669	0.00465	0.00154	0.00383	0.00532	0.00479	0.00670
19	0.00601	0.00429	0.00573	0.00678	0.00713	0.00402	0.00460	0.00696	0.00955	0.01278	0.06393	0.76531	0.03259	0.01487	0.00618	0.00195	0.00284	0.03596	0.00454	0.00398
20	0.11789	0.01082	0.04886	0.01044	0.04137	0.01024	0.03674	0.19931	0.06147	0.39073	0.01478	0.01387	0.00990	0.00562	0.00467	0.00150	0.00469	0.00448	0.00487	0.00773
21	0.08323	0.01128	0.01493	0.03664	0.27749	0.04598	0.03735	0.11649	0.08075	0.09874	0.01098	0.01223	0.00840	0.00500	0.00495	0.00141	0.03521	0.00416	0.00340	0.11138
22	0.05892	0.00488	0.00595	0.00627	0.00716	0.00463	0.00445	0.00812	0.01096	0.01554	0.31081	0.39048	0.10911	0.03232	0.00623	0.00181	0.00269	0.01074	0.00468	0.00424

[dist]
# distance from previous block
# <min> <max>
0	3

[block]
# block no. 3 follows, 52 sequences, length 28
# corresponding to MSA columns:
# 118-145
name=unknown_D
#
# <colnr> <probs for GDERKNQSTAVLIFYWHMCP>
#	G	D	E	R	K	N	Q	S	T	A	V	L	I	F	Y	W	H	M	C	P
0	0.10121	0.07099	0.07287	0.02350	0.03090	0.00826	0.00709	0.01309	0.03155	0.05009	0.12252	0.04919	0.01381	0.00543	0.00413	0.00115	0.00392	0.00441	0.00335	0.38254
1	0.01090	0.03538	0.03718	0.11421	0.28477	0.01062	0.21625	0.01428	0.04097	0.03592	0.01211	0.11829	0.01091	0.00584	0.00515	0.00156	0.00593	0.00587	0.00285	0.03103
2	0.00661	0.00465	0.00589	0.00631	0.00716	0.00423	0.00445	0.00792	0.01087	0.03873	0.22879	0.46063	0.16974	0.01303	0.00594	0.00178	0.00265	0.01159	0.00476	0.00426
3	0.01296	0.83261	0.02539	0.00829	0.01244	0.01917	0.00829	0.01451	0.00985	0.01140	0.00674	0.00777	0.00622	0.00415	0.00311	0.00104	0.00518	0.00259	0.00207	0.00622
4	0.86392	0.00937	0.00712	0.00637	0.00937	0.01087	0.00525	0.01425	0.00825	0.02174	0.00675	0.00787	0.00525	0.00450	0.00300	0.00150	0.00375	0.00262	0.00300	0.00525
5	0.00596	0.00431	0.00563	0.00658	0.00701	0.00399	0.00445	0.00692	0.00969	0.01289	0.08011	0.72149	0.08378	0.01463	0.00612	0.00192	0.00275	0.01320	0.00455	0.00399
6	0.00686	0.00495	0.00648	0.00610	0.00724	0.00457	0.00457	0.00914	0.01372	0.01943	0.79691	0.03620	0.04572	0.00991	0.00572	0.00152	0.00229	0.00876	0.00533	0.00457
7	0.01810	0.02310	0.01373	0.01248	0.01498	0.81024	0.00936	0.01935	0.01373	0.01186	0.00749	0.00874	0.00624	0.00499	0.00437	0.00125	0.00874	0.00312	0.00250	0.00562
8	0.01810	0.02310	0.01373	0.01248	0.01498	0.81024	0.00936	0.01935	0.01373	0.01186	0.00749	0.00874	0.00624	0.00499	0.00437	0.00125	0.00874	0.00312	0.00250	0.00562
9	0.02174	0.00825	0.01125	0.00862	0.01237	0.00712	0.00712	0.02362	0.01387	0.80282	0.01912	0.01649	0.01200	0.00600	0.00487	0.00150	0.00412	0.00487	0.00600	0.00825
10	0.76315	0.00924	0.00762	0.00664	0.00973	0.01042	0.00547	0.01537	0.00892	0.11521	0.00823	0.00890	0.00606	0.00468	0.00322	0.00150	0.00379	0.00289	0.00336	0.00561
11	0.00653	0.00494	0.00603	0.00575	0.00704	0.00443	0.00432	0.00851	0.01295	0.01761	0.58160	0.03920	0.26217	0.01059	0.00572	0.00156	0.00233	0.00919	0.00509	0.00443
12	0.02174	0.00825	0.01125	0.00862	0.01237	0.00712	0.00712	0.02362	0.01387	0.80282	0.01912	0.01649	0.01200	0.00600	0.00487	0.00150	0.00412	0.00487	0.00600	0.00825
13	0.00621	0.00501	0.00558	0.00551	0.00690	0.00450	0.00414	0.00769	0.01130	0.01443	0.20259	0.07510	0.53713	0.01260	0.03812	0.00187	0.02000	0.00959	0.02749	0.00423
14	0.00592	0.00489	0.00496	0.00494	0.00654	0.00413	0.00371	0.00723	0.01112	0.01358	0.07991	0.04497	0.73155	0.01189	0.00563	0.00161	0.00244	0.00992	0.04094	0.00413
15	0.01183	0.01135	0.01938	0.07444	0.75603	0.01147	0.01479	0.01473	0.01096	0.01564	0.00909	0.01205	0.00761	0.00435	0.00480	0.00145	0.00580	0.00432	0.00238	0.00755
16	0.01041	0.00883	0.01024	0.00735	0.01164	0.00683	0.00589	0.04555	0.01060	0.01643	0.00874	0.01012	0.00722	0.00369	0.00364	0.00075	0.00366	0.00294	0.00296	0.82251
17	0.00698	0.00474	0.00546	0.00546	0.00559	0.00477	0.00320	0.00716	0.00727	0.00969	0.01654	0.03140	0.05053	0.73545	0.08261	0.00480	0.00522	0.00704	0.00298	0.00309
18	0.01191	0.08909	0.26029	0.01007	0.01407	0.04384	0.01018	0.04874	0.07755	0.13126	0.04953	0.16190	0.01439	0.00712	0.00482	0.00152	0.00505	0.00591	0.00365	0.04910
19	0.01022	0.05755	0.61683	0.01528	0.05451	0.01176	0.13605	0.01532	0.01044	0.01522	0.00880	0.01064	0.00640	0.00449	0.00472	0.00152	0.00717	0.00390	0.00213	0.00705
20	0.00590	0.00422	0.00562	0.00675	0.00703	0.00394	0.00450	0.00675	0.00928	0.01237	0.02671	0.82653	0.03205	0.01518	0.00619	0.00197	0.00281	0.01378	0.00450	0.00394
21	0.01245	0.01061	0.01118	0.00994	0.01275	0.01224	0.00777	0.07309	0.74272	0.02091	0.01922	0.01768	0.01438	0.00653	0.00493	0.00163	0.00393	0.00541	0.00493	0.00771
22	0.00972	0.02507	0.80458	0.01381	0.02097	0.01125	0.01790	0.01535	0.01023	0.01535	0.00870	0.01023	0.00614	0.00460	0.00460	0.00153	0.00716	0.00358	0.00205	0.00716
23	0.01160	0.07556	0.28517	0.05173	0.09061	0.01210	0.31289	0.03398	0.01120	0.05473	0.00961	0.01178	0.00711	0.00445	0.00498	0.00153	0.00706	0.00452	0.00251	0.00690
24	0.01296	0.83261	0.02539	0.00829	0.01244	0.01917	0.00829	0.01451	0.00985	0.01140	0.00674	0.00777	0.00622	0.00415	0.00311	0.00104	0.00518	0.00259	0.00207	0.00622
25	0.00702	0.00480	0.00583	0.00583	0.00601	0.00499	0.00361	0.00739	0.00721	0.00980	0.01477	0.02897	0.01643	0.65816	0.19457	0.00537	0.00649	0.00665	0.00286	0.00324
26	0.01296	0.83261	0.02539	0.00829	0.01244	0.01917	0.00829	0.01451	0.00985	0.01140	0.00674	0.00777	0.00622	0.00415	0.00311	0.00104	0.00518	0.00259	0.00207	0.00622
27	0.01244	0.19975	0.02902	0.13768	0.05651	0.08560	0.02635	0.09541	0.18415	0.01641	0.03489	0.01554	0.02740	0.00581	0.00453	0.00145	0.00533	0.03722	0.01807	0.00646

[dist]
# distance from previous block
# <min> <max>
0	3

[block]
# block no. 4 follows, 52 sequences, length 21
# corresponding to MSA columns:
# 149-169
name=unknown_E
#
# <colnr> <probs for GDERKNQSTAVLIFYWHMCP>
#	G	D	E	R	K	N	Q	S	T	A	V	L	I	F	Y	W	H	M	C	P
0	0.01118	0.01042	0.01410	0.01177	0.01411	0.01209	0.12586	0.01964	0.43442	0.01736	0.05496	0.01741	0.03694	0.00696	0.00757	0.00174	0.18726	0.00555	0.00393	0.00670
1	0.00704	0.00477	0.00566	0.00592	0.00609	0.00475	0.00374	0.00743	0.00781	0.01037	0.01775	0.10906	0.02036	0.64262	0.02050	0.00411	0.00449	0.11100	0.00329	0.00324
2	0.01617	0.34502	0.01842	0.01056	0.01391	0.38446	0.00886	0.10392	0.01321	0.03334	0.00795	0.00887	0.00660	0.00477	0.00393	0.00119	0.00682	0.00309	0.00268	0.00622
3	0.00672	0.00495	0.00629	0.00596	0.00716	0.00452	0.00447	0.00889	0.01340	0.01868	0.70833	0.03744	0.13477	0.01019	0.00572	0.00154	0.00231	0.00894	0.00524	0.00452
4	0.01810	0.02310	0.01373	0.01248	0.01498	0.81024	0.00936	0.01935	0.01373	0.01186	0.00749	0.00874	0.00624	0.00499	0.00437	0.00125	0.00874	0.00312	0.00250	0.00562
5	0.00639	0.00508	0.00577	0.00580	0.00712	0.00460	0.00427	0.00848	0.05040	0.01513	0.25654	0.17044	0.41893	0.01179	0.00576	0.00166	0.00253	0.01016	0.00476	0.00438
6	0.01199	0.01151	0.01967	0.02974	0.79946	0.01151	0.01487	0.01487	0.01103	0.01583	0.00912	0.01199	0.00768	0.00432	0.00480	0.00144	0.00576	0.00432	0.00240	0.00768
7	0.02174	0.00825	0.01125	0.00862	0.01237	0.00712	0.00712	0.02362	0.01387	0.80282	0.01912	0.01649	0.01200	0.00600	0.00487	0.00150	0.00412	0.00487	0.00600	0.00825
8	0.01295	0.00640	0.00832	0.00697	0.00930	0.00566	0.00550	0.01507	0.01318	0.31745	0.37181	0.02521	0.02707	0.00759	0.00502	0.00142	0.00307	0.00648	0.09154	0.06000
9	0.00705	0.00470	0.00529	0.00529	0.00529	0.00470	0.00294	0.00705	0.00705	0.00940	0.01527	0.03171	0.01762	0.82969	0.02467	0.00470	0.00470	0.00705	0.00294	0.00294
10	0.01784	0.02239	0.01379	0.01246	0.01490	0.76031	0.00940	0.03968	0.01375	0.01236	0.00756	0.00888	0.00630	0.00514	0.00480	0.00129	0.03772	0.00319	0.00255	0.00568
11	0.00686	0.00495	0.00648	0.00610	0.00724	0.00457	0.00457	0.00914	0.01372	0.01943	0.79691	0.03620	0.04572	0.00991	0.00572	0.00152	0.00229	0.00876	0.00533	0.00457
12	0.01383	0.00888	0.01012	0.00882	0.01149	0.00941	0.00691	0.08244	0.37256	0.21495	0.02104	0.11015	0.05546	0.00760	0.00503	0.00161	0.00377	0.00638	0.04244	0.00712
13	0.01144	0.01307	0.02859	0.02042	0.02533	0.01225	0.78186	0.01552	0.01144	0.01552	0.00980	0.01307	0.00735	0.00408	0.00572	0.00163	0.00817	0.00572	0.00245	0.00654
14	0.01295	0.00835	0.00948	0.00819	0.01075	0.00854	0.00651	0.16733	0.17044	0.17292	0.04947	0.07309	0.18428	0.00845	0.00519	0.00160	0.00373	0.04469	0.04757	0.00649
15	0.00610	0.00436	0.00584	0.00689	0.00728	0.00410	0.00477	0.00713	0.00965	0.01289	0.06487	0.72516	0.03240	0.01478	0.00620	0.00197	0.00292	0.07414	0.00454	0.00401
16	0.00827	0.00608	0.03459	0.00718	0.00849	0.00533	0.00544	0.04817	0.02981	0.07943	0.17578	0.46071	0.08754	0.01215	0.00580	0.00177	0.00309	0.01079	0.00473	0.00484
17	0.06401	0.00950	0.05051	0.00747	0.01184	0.00698	0.00633	0.01249	0.00994	0.01614	0.00850	0.00992	0.00700	0.00370	0.00360	0.00081	0.00378	0.00289	0.00284	0.76173
18	0.01110	0.01082	0.01915	0.20817	0.50362	0.01124	0.10645	0.01416	0.01066	0.01485	0.00922	0.01258	0.00751	0.00553	0.03298	0.00172	0.00646	0.00451	0.00236	0.00690
19	0.00672	0.00481	0.00649	0.00755	0.00819	0.00464	0.00578	0.00811	0.01001	0.01316	0.02643	0.46680	0.04788	0.04104	0.00699	0.00216	0.00354	0.32117	0.00443	0.00412
20	0.05830	0.03871	0.10566	0.13216	0.29619	0.13199	0.03989	0.01535	0.01102	0.04526	0.00892	0.01114	0.00705	0.00453	0.00451	0.00139	0.00619	0.00386	0.00254	0.07533

[dist]
# distance from previous block
# <min> <max>
0	1

[block]
# block no. 5 follows, 52 sequences, length 117
# corresponding to MSA columns:
# 171-287
name=unknown_F
#
# <colnr> <probs for GDERKNQSTAVLIFYWHMCP>
#	G	D	E	R	K	N	Q	S	T	A	V	L	I	F	Y	W	H	M	C	P
0	0.01346	0.32888	0.05507	0.01047	0.07603	0.09587	0.00856	0.01577	0.03024	0.11347	0.06290	0.01198	0.01011	0.00486	0.00397	0.00117	0.00507	0.00366	0.00306	0.14537
1	0.80043	0.01040	0.00762	0.00683	0.00979	0.07088	0.00556	0.01463	0.00866	0.02100	0.00680	0.00794	0.00532	0.00454	0.00310	0.00148	0.00412	0.00266	0.00296	0.00528
2	0.12566	0.01081	0.01223	0.00949	0.01320	0.01119	0.00784	0.36780	0.01722	0.35396	0.01417	0.01321	0.00944	0.00573	0.00463	0.00148	0.00463	0.00436	0.00510	0.00787
3	0.01824	0.01339	0.01434	0.01102	0.01484	0.01482	0.00910	0.76797	0.02253	0.03029	0.01172	0.01176	0.00832	0.00581	0.00482	0.00145	0.00527	0.00437	0.02176	0.00817
4	0.00589	0.00492	0.00513	0.00508	0.00665	0.00416	0.00381	0.00727	0.01143	0.01400	0.15628	0.04514	0.68974	0.01193	0.00573	0.00162	0.00243	0.01002	0.00462	0.00416
5	0.00686	0.00495	0.00648	0.00610	0.00724	0.00457	0.00457	0.00914	0.01372	0.01943	0.79691	0.03620	0.04572	0.00991	0.00572	0.00152	0.00229	0.00876	0.00533	0.00457
6	0.01606	0.01962	0.01256	0.01178	0.01400	0.65066	0.00906	0.01750	0.01322	0.01238	0.01109	0.01785	0.01054	0.00666	0.00483	0.00144	0.00789	0.15458	0.00289	0.00539
7	0.00690	0.00512	0.00646	0.00620	0.00739	0.00479	0.00462	0.00946	0.04555	0.01836	0.63919	0.09953	0.10739	0.01039	0.00572	0.00157	0.00241	0.00915	0.00518	0.00461
8	0.01842	0.01357	0.01454	0.01115	0.01503	0.01503	0.00921	0.78330	0.02278	0.03054	0.01163	0.01163	0.00824	0.00582	0.00485	0.00145	0.00533	0.00436	0.00485	0.00824
9	0.01842	0.01357	0.01454	0.01115	0.01503	0.01503	0.00921	0.78330	0.02278	0.03054	0.01163	0.01163	0.00824	0.00582	0.00485	0.00145	0.00533	0.00436	0.00485	0.00824
10	0.00592	0.00446	0.00549	0.00620	0.00691	0.00402	0.00428	0.00697	0.01007	0.01306	0.08610	0.55774	0.24318	0.01402	0.00603	0.00185	0.00268	0.01246	0.00456	0.00402
11	0.02174	0.00825	0.01125	0.00862	0.01237	0.00712	0.00712	0.02362	0.01387	0.80282	0.01912	0.01649	0.01200	0.00600	0.00487	0.00150	0.00412	0.00487	0.00600	0.00825
12	0.28748	0.01001	0.01081	0.00858	0.01212	0.01039	0.00708	0.22090	0.01444	0.35198	0.01323	0.01248	0.00887	0.00548	0.00427	0.00149	0.00432	0.00403	0.00475	0.00730
13	0.01238	0.00918	0.01031	0.00910	0.01129	0.00987	0.00700	0.38218	0.07308	0.02170	0.01894	0.37475	0.01932	0.01004	0.00545	0.00170	0.00410	0.00863	0.00470	0.00628
14	0.01020	0.00968	0.01643	0.52730	0.31593	0.01104	0.01398	0.01330	0.01019	0.01365	0.00880	0.01258	0.00691	0.00465	0.00483	0.00155	0.00620	0.00431	0.00224	0.00623
15	0.04522	0.01131	0.01293	0.00996	0.01372	0.01178	0.00822	0.46372	0.01881	0.31895	0.01435	0.01344	0.00962	0.00584	0.00478	0.00147	0.00478	0.00450	0.01851	0.00809
16	0.00672	0.00475	0.00519	0.00519	0.00560	0.00455	0.00312	0.00702	0.00805	0.01032	0.02376	0.03546	0.21333	0.62456	0.01991	0.00393	0.00414	0.00785	0.00333	0.00323
17	0.14296	0.10318	0.04561	0.01134	0.01410	0.03670	0.10928	0.03155	0.01035	0.17143	0.01026	0.01265	0.00811	0.00617	0.00771	0.00166	0.24022	0.02726	0.00320	0.00626
18	0.75913	0.07337	0.04531	0.00686	0.01014	0.01153	0.00607	0.01432	0.00846	0.02065	0.00684	0.00797	0.00536	0.00448	0.00308	0.00147	0.00402	0.00267	0.00288	0.00541
19	0.01060	0.01060	0.01484	0.01272	0.01272	0.01484	0.01060	0.01166	0.00742	0.01166	0.00636	0.01060	0.00636	0.00848	0.01590	0.00212	0.82082	0.00424	0.00212	0.00530
20	0.01473	0.00920	0.01033	0.00872	0.01155	0.00981	0.00694	0.14116	0.32486	0.21015	0.03369	0.01706	0.01330	0.00622	0.00464	0.00148	0.00382	0.00505	0.16004	0.00726
21	0.01508	0.00679	0.00901	0.00741	0.01005	0.00596	0.00592	0.01705	0.01358	0.45651	0.30126	0.02605	0.08838	0.00792	0.00525	0.00152	0.00333	0.00671	0.00564	0.00659
22	0.00692	0.00519	0.00779	0.00779	0.00865	0.00606	0.00606	0.00865	0.00779	0.01125	0.01298	0.01904	0.01211	0.03634	0.81049	0.00779	0.01298	0.00519	0.00260	0.00433
23	0.01745	0.01279	0.01367	0.01063	0.01426	0.01415	0.00873	0.69193	0.06044	0.02916	0.01233	0.01240	0.00886	0.00584	0.00475	0.00144	0.00504	0.00443	0.06373	0.00796
24	0.01675	0.00745	0.01010	0.00877	0.01161	0.00680	0.00737	0.01921	0.04333	0.51137	0.02131	0.02919	0.01736	0.00847	0.00548	0.00175	0.00422	0.25705	0.00545	0.00697
25	0.01489	0.01182	0.01256	0.01044	0.01368	0.01338	0.00836	0.36322	0.44862	0.02485	0.01612	0.01521	0.01187	0.00624	0.00489	0.00156	0.00450	0.00498	0.00489	0.00792
26	0.01199	0.01151	0.01967	0.02974	0.79946	0.01151	0.01487	0.01487	0.01103	0.01583	0.00912	0.01199	0.00768	0.00432	0.00480	0.00144	0.00576	0.00432	0.00240	0.00768
27	0.02174	0.00825	0.01125	0.00862	0.01237	0.00712	0.00712	0.02362	0.01387	0.80282	0.01912	0.01649	0.01200	0.00600	0.00487	0.00150	0.00412	0.00487	0.00600	0.00825
28	0.11287	0.00837	0.01080	0.00838	0.01205	0.00753	0.00692	0.02260	0.01326	0.71831	0.01778	0.01556	0.01127	0.00584	0.00467	0.00150	0.00408	0.00463	0.00567	0.00792
29	0.00613	0.00459	0.00570	0.00621	0.00704	0.00416	0.00440	0.00743	0.01077	0.01421	0.20777	0.43648	0.22097	0.01323	0.00598	0.00179	0.00265	0.03166	0.00469	0.00413
30	0.01296	0.83261	0.02539	0.00829	0.01244	0.01917	0.00829	0.01451	0.00985	0.01140	0.00674	0.00777	0.00622	0.00415	0.00311	0.00104	0.00518	0.00259	0.00207	0.00622
31	0.23027	0.01195	0.01233	0.00968	0.01333	0.01313	0.00799	0.50873	0.01818	0.11190	0.01122	0.01122	0.00790	0.00551	0.00439	0.00147	0.00481	0.00398	0.00451	0.00749
32	0.00620	0.00443	0.00584	0.00685	0.00725	0.00418	0.00476	0.00716	0.00941	0.01245	0.02651	0.66021	0.05364	0.06816	0.00744	0.00217	0.00312	0.10190	0.00439	0.00394
33	0.01205	0.01041	0.01096	0.00986	0.01260	0.01205	0.00767	0.02575	0.79071	0.02027	0.01972	0.01808	0.01479	0.00657	0.00493	0.00164	0.00384	0.00548	0.00493	0.00767
34	0.01063	0.01030	0.01804	0.39520	0.37803	0.01123	0.07912	0.01377	0.01044	0.01420	0.00894	0.01252	0.00708	0.00454	0.00490	0.00154	0.00629	0.00443	0.00229	0.00651
35	0.01834	0.01596	0.01434	0.01148	0.01502	0.21459	0.00925	0.59159	0.02051	0.02585	0.01059	0.01091	0.00774	0.00561	0.00473	0.00140	0.00619	0.00405	0.00426	0.00758
36	0.00596	0.00424	0.00561	0.00668	0.00695	0.00397	0.00443	0.00676	0.00918	0.01223	0.02618	0.78987	0.03139	0.05275	0.00704	0.00209	0.00290	0.01347	0.00443	0.00389
37	0.02174	0.00825	0.01125	0.00862	0.01237	0.00712	0.00712	0.02362	0.01387	0.80282	0.01912	0.01649	0.01200	0.00600	0.00487	0.00150	0.00412	0.00487	0.00600	0.00825
38	0.00594	0.00427	0.00563	0.00667	0.00702	0.00397	0.00448	0.00685	0.00951	0.01267	0.05749	0.77194	0.05586	0.01489	0.00615	0.00194	0.00278	0.01347	0.00453	0.00397
39	0.00972	0.02507	0.80458	0.01381	0.02097	0.01125	0.01790	0.01535	0.01023	0.01535	0.00870	0.01023	0.00614	0.00460	0.00460	0.00153	0.00716	0.00358	0.00205	0.00716
40	0.00600	0.00422	0.00565	0.00673	0.00700	0.00395	0.00449	0.00673	0.00916	0.01222	0.02599	0.79481	0.03113	0.01525	0.00668	0.03546	0.00287	0.01340	0.00440	0.00386
41	0.74737	0.00922	0.00769	0.00668	0.00979	0.01035	0.00551	0.01554	0.00903	0.12984	0.00846	0.00907	0.00618	0.00471	0.00326	0.00150	0.00380	0.00294	0.00341	0.00566
42	0.01061	0.00994	0.07840	0.00781	0.01227	0.00687	0.00684	0.01305	0.01035	0.05970	0.02375	0.01091	0.00807	0.00393	0.00379	0.00085	0.00390	0.00315	0.00302	0.72279
43	0.00962	0.00910	0.01539	0.68701	0.16071	0.01089	0.01369	0.01280	0.00991	0.01296	0.00870	0.01277	0.00666	0.00476	0.00484	0.00159	0.00634	0.00431	0.00219	0.00576
44	0.01194	0.01214	0.02062	0.09726	0.54363	0.05210	0.16096	0.01500	0.01113	0.01526	0.00912	0.01212	0.00743	0.00435	0.00496	0.00148	0.00643	0.00452	0.00239	0.00715
45	0.00573	0.00491	0.00491	0.00491	0.00655	0.00409	0.00368	0.00695	0.01105	0.01309	0.04909	0.04664	0.79750	0.01227	0.00573	0.00164	0.00245	0.01023	0.00450	0.00409
46	0.00915	0.00861	0.01453	0.81804	0.03338	0.01077	0.01346	0.01238	0.00969	0.01238	0.00861	0.01292	0.00646	0.00484	0.00484	0.00161	0.00646	0.00431	0.00215	0.00538
47	0.00742	0.00508	0.00666	0.00619	0.00743	0.00467	0.00467	0.00969	0.01372	0.04913	0.76742	0.03545	0.04445	0.00976	0.00568	0.00152	0.00236	0.00862	0.00536	0.00471
48	0.01810	0.02310	0.01373	0.01248	0.01498	0.81024	0.00936	0.01935	0.01373	0.01186	0.00749	0.00874	0.00624	0.00499	0.00437	0.00125	0.00874	0.00312	0.00250	0.00562
49	0.01829	0.01351	0.01447	0.01112	0.01498	0.01497	0.00918	0.76766	0.03864	0.03033	0.01180	0.01177	0.00838	0.00583	0.00485	0.00146	0.00530	0.00439	0.00485	0.00823
50	0.00680	0.00495	0.00639	0.00603	0.00720	0.00455	0.00452	0.00903	0.01357	0.01909	0.75704	0.03676	0.08580	0.01003	0.00572	0.00153	0.00230	0.00884	0.00529	0.00455
51	0.01810	0.02310	0.01373	0.01248	0.01498	0.81024	0.00936	0.01935	0.01373	0.01186	0.00749	0.00874	0.00624	0.00499	0.00437	0.00125	0.00874	0.00312	0.00250	0.00562
52	0.01027	0.00874	0.01017	0.00728	0.01158	0.00669	0.00583	0.03257	0.01039	0.01618	0.00869	0.01009	0.00721	0.00365	0.00362	0.00074	0.00363	0.00291	0.00292	0.83684
53	0.01205	0.01041	0.01096	0.00986	0.01260	0.01205	0.00767	0.02575	0.79071	0.02027	0.01972	0.01808	0.01479	0.00657	0.00493	0.00164	0.00384	0.00548	0.00493	0.00767
54	0.00686	0.00495	0.00648	0.00610	0.00724	0.00457	0.00457	0.00914	0.01372	0.01943	0.79691	0.03620	0.04572	0.00991	0.00572	0.00152	0.00229	0.00876	0.00533	0.00457
55	0.00636	0.00493	0.00579	0.00558	0.00694	0.00436	0.00418	0.00819	0.01255	0.01666	0.46939	0.04077	0.37498	0.01094	0.00572	0.00157	0.00236	0.00940	0.00497	0.00436
56	0.00590	0.00422	0.00562	0.00675	0.00703	0.00394	0.00450	0.00675	0.00928	0.01237	0.02671	0.82653	0.03205	0.01518	0.00619	0.00197	0.00281	0.01378	0.00450	0.00394
57	0.01205	0.01041	0.01096	0.00986	0.01260	0.01205	0.00767	0.02575	0.79071	0.02027	0.01972	0.01808	0.01479	0.00657	0.00493	0.00164	0.00384	0.00548	0.00493	0.00767
58	0.01157	0.01088	0.01714	0.36007	0.36211	0.05729	0.04560	0.01451	0.01077	0.05043	0.00930	0.01245	0.00727	0.00465	0.00483	0.00151	0.00625	0.00433	0.00247	0.00657
59	0.00781	0.00558	0.00781	0.00892	0.01004	0.00558	0.00781	0.01004	0.01116	0.01450	0.02566	0.05466	0.02789	0.01339	0.00669	0.00223	0.00446	0.76685	0.00446	0.00446
60	0.84435	0.00947	0.00729	0.00648	0.00950	0.01097	0.00534	0.03204	0.00858	0.02195	0.00686	0.00796	0.00532	0.00453	0.00304	0.00150	0.00379	0.00266	0.00304	0.00532
61	0.01087	0.00860	0.01413	0.65574	0.06532	0.01016	0.01248	0.01385	0.01030	0.11720	0.01045	0.03218	0.00784	0.00521	0.00488	0.00160	0.00603	0.00460	0.00273	0.00583
62	0.01257	0.47002	0.26535	0.01072	0.01581	0.01536	0.05542	0.01556	0.01038	0.07625	0.00851	0.00954	0.00672	0.00443	0.00386	0.00126	0.00588	0.00326	0.00240	0.00669
63	0.01810	0.02310	0.01373	0.01248	0.01498	0.81024	0.00936	0.01935	0.01373	0.01186	0.00749	0.00874	0.00624	0.00499	0.00437	0.00125	0.00874	0.00312	0.00250	0.00562
64	0.00842	0.00421	0.00631	0.00631	0.00631	0.00421	0.00421	0.00631	0.00631	0.00842	0.00842	0.01473	0.00842	0.01684	0.01894	0.85901	0.00421	0.00421	0.00210	0.00210
65	0.01821	0.01347	0.01442	0.01111	0.01495	0.01493	0.00916	0.75790	0.04854	0.03020	0.01191	0.01185	0.00846	0.00584	0.00485	0.00146	0.00528	0.00440	0.00485	0.00822
66	0.01290	0.81895	0.03857	0.00839	0.01258	0.01904	0.00845	0.01452	0.00985	0.01147	0.00677	0.00782	0.00622	0.00415	0.00313	0.00104	0.00522	0.00261	0.00207	0.00623
67	0.01002	0.01002	0.07793	0.00774	0.01230	0.00687	0.00678	0.01247	0.01006	0.01575	0.00862	0.01006	0.00709	0.00368	0.00368	0.00079	0.00389	0.00293	0.00280	0.78652
68	0.05487	0.02588	0.07324	0.01044	0.08001	0.00830	0.00825	0.05647	0.02715	0.46094	0.06815	0.01843	0.07329	0.00638	0.00485	0.00150	0.00431	0.00523	0.00494	0.00737
69	0.01164	0.01106	0.01876	0.02811	0.74459	0.01103	0.01416	0.01448	0.01122	0.01608	0.06368	0.01367	0.01031	0.00470	0.00486	0.00145	0.00552	0.00463	0.00260	0.00746
70	0.02028	0.01060	0.01270	0.00974	0.01354	0.01061	0.00804	0.35885	0.01780	0.46203	0.01582	0.01435	0.01034	0.00592	0.00486	0.00148	0.00466	0.00465	0.00549	0.00824
71	0.51074	0.22563	0.05821	0.00861	0.04952	0.02646	0.00736	0.01479	0.00918	0.04271	0.00737	0.00847	0.00590	0.00446	0.00329	0.00137	0.00451	0.00283	0.00276	0.00583
72	0.01044	0.00887	0.01025	0.00743	0.01166	0.00700	0.00595	0.04186	0.04103	0.01652	0.00916	0.01042	0.00752	0.00379	0.00369	0.00078	0.00366	0.00303	0.00303	0.79388
73	0.00590	0.00422	0.00562	0.00675	0.00703	0.00394	0.00450	0.00675	0.00928	0.01237	0.02671	0.82653	0.03205	0.01518	0.00619	0.00197	0.00281	0.01378	0.00450	0.00394
74	0.00747	0.00614	0.00922	0.01260	0.21173	0.00590	0.00714	0.00886	0.00982	0.01330	0.02327	0.57744	0.06369	0.01223	0.00580	0.00182	0.00355	0.01116	0.00396	0.00491
75	0.06841	0.03519	0.03693	0.00924	0.01301	0.04620	0.00783	0.14177	0.02920	0.53722	0.01601	0.01445	0.01045	0.00575	0.00468	0.00147	0.00463	0.00449	0.00522	0.00785
76	0.01110	0.01101	0.01640	0.12993	0.28217	0.03707	0.01241	0.01308	0.00915	0.01318	0.00764	0.01134	0.00682	0.00646	0.01026	0.00179	0.40758	0.00424	0.00223	0.00613
77	0.00575	0.00491	0.00494	0.00494	0.00656	0.00410	0.00370	0.00700	0.01110	0.01323	0.06536	0.04641	0.78114	0.01222	0.00573	0.00163	0.00245	0.01020	0.00452	0.00410
78	0.01005	0.00861	0.01005	0.00718	0.01148	0.00646	0.00574	0.01220	0.01005	0.01579	0.00861	0.01005	0.00718	0.00359	0.00359	0.00072	0.00359	0.00287	0.00287	0.85932
79	0.00690	0.00475	0.00676	0.00735	0.00798	0.00440	0.03362	0.00791	0.00959	0.05166	0.02570	0.75605	0.03014	0.01431	0.00610	0.00193	0.00308	0.01303	0.00450	0.00425
80	0.22947	0.01463	0.02760	0.08830	0.07821	0.28760	0.02522	0.01639	0.01096	0.07690	0.00840	0.01011	0.00661	0.00523	0.00543	0.00149	0.09522	0.00353	0.00281	0.00589
81	0.00915	0.00861	0.01453	0.81804	0.03338	0.01077	0.01346	0.01238	0.00969	0.01238	0.00861	0.01292	0.00646	0.00484	0.00484	0.00161	0.00646	0.00431	0.00215	0.00538
82	0.00705	0.00470	0.00529	0.00529	0.00529	0.00470	0.00294	0.00705	0.00705	0.00940	0.01527	0.03171	0.01762	0.82969	0.02467	0.00470	0.00470	0.00705	0.00294	0.00294
83	0.40382	0.00693	0.00603	0.00556	0.00767	0.00757	0.00442	0.01322	0.00945	0.05595	0.01178	0.01329	0.00909	0.00513	0.00328	0.00132	0.00303	0.00366	0.42376	0.00503
84	0.00972	0.02507	0.80458	0.01381	0.02097	0.01125	0.01790	0.01535	0.01023	0.01535	0.00870	0.01023	0.00614	0.00460	0.00460	0.00153	0.00716	0.00358	0.00205	0.00716
85	0.00683	0.00495	0.00644	0.00607	0.00722	0.00456	0.00455	0.00909	0.01365	0.01928	0.77864	0.03645	0.06409	0.00996	0.00572	0.00153	0.00229	0.00880	0.00531	0.00456
86	0.01389	0.10256	0.02026	0.01554	0.07792	0.18996	0.25898	0.09710	0.01249	0.02859	0.00883	0.01098	0.00706	0.00500	0.00601	0.00147	0.09761	0.00427	0.00271	0.03878
87	0.00972	0.02507	0.80458	0.01381	0.02097	0.01125	0.01790	0.01535	0.01023	0.01535	0.00870	0.01023	0.00614	0.00460	0.00460	0.00153	0.00716	0.00358	0.00205	0.00716
88	0.00686	0.00495	0.00648	0.00610	0.00724	0.00457	0.00457	0.00914	0.01372	0.01943	0.79691	0.03620	0.04572	0.00991	0.00572	0.00152	0.00229	0.00876	0.00533	0.00457
89	0.00715	0.00529	0.00672	0.00630	0.00755	0.00502	0.00474	0.01011	0.06154	0.01933	0.73074	0.03534	0.06218	0.00976	0.00567	0.00153	0.00239	0.00860	0.00529	0.00475
90	0.01293	0.51386	0.24461	0.00997	0.01490	0.03249	0.01093	0.01566	0.01039	0.08261	0.00840	0.00926	0.00671	0.00446	0.00372	0.00122	0.00572	0.00308	0.00242	0.00665
91	0.10521	0.00894	0.01047	0.00808	0.01185	0.00810	0.00655	0.04846	0.09344	0.31699	0.01369	0.01317	0.00965	0.00500	0.00421	0.00122	0.00390	0.00394	0.00437	0.32276
92	0.00709	0.00598	0.00627	0.00601	0.00780	0.00569	0.00456	0.01086	0.16225	0.01526	0.13537	0.03983	0.55358	0.01088	0.00557	0.00162	0.00270	0.00913	0.00469	0.00484
93	0.26245	0.00650	0.00650	0.00601	0.00800	0.00656	0.00468	0.01097	0.02654	0.05203	0.29452	0.02961	0.25115	0.00875	0.00486	0.00155	0.00288	0.00713	0.00442	0.00485
94	0.00705	0.00504	0.00724	0.00724	0.00789	0.00569	0.00537	0.00820	0.00755	0.01072	0.01308	0.02102	0.01285	0.17757	0.61455	0.06608	0.01089	0.00546	0.00262	0.00392
95	0.00596	0.00424	0.00561	0.00668	0.00695	0.00397	0.00443	0.00676	0.00918	0.01223	0.02618	0.78987	0.03139	0.05275	0.00704	0.00209	0.00290	0.01347	0.00443	0.00389
96	0.00590	0.00422	0.00562	0.00675	0.00703	0.00394	0.00450	0.00675	0.00928	0.01237	0.02671	0.82653	0.03205	0.01518	0.00619	0.00197	0.00281	0.01378	0.00450	0.00394
97	0.09311	0.01303	0.01369	0.01060	0.01435	0.01446	0.00875	0.70032	0.02125	0.02952	0.01128	0.01143	0.00806	0.00570	0.00466	0.00145	0.00513	0.00421	0.02111	0.00790
98	0.03175	0.35652	0.09238	0.01039	0.01458	0.08114	0.02383	0.30027	0.01500	0.01919	0.00885	0.00961	0.00697	0.00488	0.00404	0.00128	0.00574	0.00344	0.00316	0.00699
99	0.01153	0.01267	0.07330	0.19991	0.45493	0.06013	0.08828	0.01469	0.01089	0.01477	0.00894	0.01198	0.00718	0.00447	0.00486	0.00149	0.00642	0.00433	0.00233	0.00690
100	0.01848	0.01347	0.01448	0.01110	0.01498	0.01488	0.00917	0.76891	0.02262	0.04517	0.01178	0.01173	0.00831	0.00582	0.00485	0.00146	0.00531	0.00437	0.00487	0.00824
101	0.03312	0.01297	0.01395	0.01083	0.01459	0.01431	0.00891	0.66847	0.08643	0.06780	0.01260	0.01235	0.00892	0.00587	0.00482	0.00147	0.00512	0.00445	0.00488	0.00814
102	0.00703	0.00478	0.00570	0.00570	0.00584	0.00492	0.00345	0.00731	0.00717	0.00970	0.01489	0.02962	0.01671	0.69851	0.15460	0.00521	0.00607	0.00674	0.00288	0.00317
103	0.00655	0.00492	0.00607	0.00592	0.00714	0.00445	0.00444	0.00849	0.01273	0.01730	0.54325	0.08152	0.23488	0.01089	0.00577	0.00160	0.00242	0.03220	0.00505	0.00441
104	0.01792	0.02271	0.01365	0.01241	0.01491	0.78623	0.00931	0.01954	0.03710	0.01211	0.00786	0.00902	0.00650	0.00504	0.00439	0.00126	0.00859	0.00319	0.00257	0.00568
105	0.86392	0.00937	0.00712	0.00637	0.00937	0.01087	0.00525	0.01425	0.00825	0.02174	0.00675	0.00787	0.00525	0.00450	0.00300	0.00150	0.00375	0.00262	0.00300	0.00525
106	0.01068	0.01067	0.01511	0.01285	0.01310	0.01466	0.03394	0.01233	0.03815	0.01212	0.00699	0.01097	0.00672	0.00827	0.01516	0.00209	0.76419	0.00433	0.00224	0.00543
107	0.01062	0.00874	0.01151	0.00994	0.01095	0.01094	0.03607	0.06203	0.05890	0.01572	0.01138	0.01515	0.00974	0.00728	0.00978	0.00171	0.39526	0.03060	0.27828	0.00540
108	0.00590	0.00445	0.00546	0.00625	0.00695	0.00402	0.00433	0.00689	0.00985	0.01263	0.03335	0.57646	0.25986	0.01427	0.00606	0.00188	0.00274	0.03015	0.00450	0.00399
109	0.01204	0.01217	0.01031	0.00877	0.01167	0.25452	0.00665	0.01363	0.01114	0.03780	0.01233	0.17858	0.01218	0.00649	0.00441	0.00116	0.00504	0.00526	0.00319	0.39266
110	0.00594	0.00445	0.00551	0.00623	0.00692	0.00403	0.00430	0.00699	0.01008	0.01311	0.09336	0.56656	0.22687	0.01403	0.00603	0.00185	0.00268	0.01248	0.00457	0.00403
111	0.00972	0.02507	0.80458	0.01381	0.02097	0.01125	0.01790	0.01535	0.01023	0.01535	0.00870	0.01023	0.00614	0.00460	0.00460	0.00153	0.00716	0.00358	0.00205	0.00716
112	0.86392	0.00937	0.00712	0.00637	0.00937	0.01087	0.00525	0.01425	0.00825	0.02174	0.00675	0.00787	0.00525	0.00450	0.00300	0.00150	0.00375	0.00262	0.00300	0.00525
113	0.86392	0.00937	0.00712	0.00637	0.00937	0.01087	0.00525	0.01425	0.00825	0.02174	0.00675	0.00787	0.00525	0.00450	0.00300	0.00150	0.00375	0.00262	0.00300	0.00525
114	0.00689	0.00497	0.00688	0.00695	0.00751	0.00550	0.00500	0.00803	0.00767	0.01076	0.01463	0.07872	0.01517	0.27680	0.51527	0.00644	0.00975	0.00635	0.00283	0.00388
115	0.01324	0.00881	0.01077	0.00921	0.01166	0.00907	0.03718	0.30676	0.01538	0.12524	0.01990	0.26134	0.05373	0.00940	0.00541	0.00167	0.00424	0.06029	0.03037	0.00632
116	0.01341	0.00683	0.00894	0.00750	0.00983	0.00635	0.00595	0.06823	0.01413	0.32249	0.40596	0.02610	0.02855	0.00933	0.04245	0.00180	0.00370	0.00679	0.00543	0.00623

[dist]
# distance from previous block
# <min> <max>
0	462

# created by:
# /st0/software/busco_prod/Augustus/scripts/msa2prfl.pl ./align_prep/51667.fa
