[name]
unknown

[dist]
# distance from previous block
# <min> <max>
0	20

[block]
# block no. 0 follows, 47 sequences, length 114
# corresponding to MSA columns:
# 20-113,116-135
name=unknown_A
#
# <colnr> <probs for GDERKNQSTAVLIFYWHMCP>
#	G	D	E	R	K	N	Q	S	T	A	V	L	I	F	Y	W	H	M	C	P
0	0.00862	0.18367	0.12551	0.00778	0.01095	0.00913	0.00759	0.01079	0.01147	0.01414	0.03476	0.03602	0.44674	0.01019	0.00545	0.00165	0.00417	0.06209	0.00388	0.00540
1	0.01369	0.50723	0.18882	0.01076	0.01564	0.08659	0.01120	0.02992	0.06653	0.01425	0.00886	0.00988	0.00737	0.00486	0.00398	0.00130	0.00626	0.00332	0.00253	0.00699
2	0.00649	0.00516	0.00583	0.00594	0.00731	0.00450	0.00435	0.00803	0.01226	0.01565	0.23216	0.18039	0.46733	0.01309	0.00624	0.00179	0.00266	0.01126	0.00506	0.00450
3	0.10692	0.06931	0.03077	0.07140	0.06540	0.01121	0.19220	0.06984	0.01336	0.17475	0.12773	0.01725	0.01476	0.00601	0.00522	0.00162	0.00567	0.00550	0.00405	0.00703
4	0.01305	0.01275	0.01548	0.39756	0.02576	0.12766	0.05197	0.09422	0.17497	0.01719	0.01201	0.01427	0.00905	0.00569	0.00520	0.00167	0.00668	0.00480	0.00331	0.00672
5	0.00629	0.00475	0.00582	0.00668	0.00740	0.00428	0.00458	0.00732	0.01052	0.01352	0.03563	0.59372	0.24984	0.01541	0.00651	0.00201	0.00291	0.01371	0.00483	0.00428
6	0.01045	0.02694	0.79000	0.01484	0.02254	0.01209	0.01924	0.01649	0.01099	0.01649	0.00935	0.01099	0.00660	0.00495	0.00495	0.00165	0.00770	0.00385	0.00220	0.00770
7	0.01343	0.04368	0.48999	0.01464	0.02111	0.01192	0.12620	0.05189	0.01245	0.14818	0.01151	0.01258	0.00796	0.00517	0.00514	0.00164	0.00715	0.00443	0.00312	0.00782
8	0.04630	0.00898	0.01195	0.00924	0.01321	0.00796	0.00762	0.02518	0.04172	0.73944	0.02020	0.01753	0.01279	0.00642	0.00518	0.00162	0.00441	0.00519	0.00631	0.00875
9	0.00725	0.00532	0.00679	0.00642	0.00770	0.00486	0.00482	0.00959	0.01445	0.02018	0.70689	0.04005	0.12443	0.01091	0.00614	0.00165	0.00248	0.00958	0.00564	0.00486
10	0.00940	0.00887	0.00818	0.00807	0.00945	0.14358	0.00589	0.01186	0.06028	0.01659	0.30319	0.25684	0.11497	0.01141	0.00598	0.00174	0.00396	0.00986	0.00482	0.00506
11	0.01354	0.00899	0.01054	0.00895	0.01142	0.00922	0.00702	0.28927	0.01748	0.11006	0.27361	0.15863	0.03996	0.00957	0.00578	0.00169	0.00398	0.00815	0.00545	0.00668
12	0.00757	0.00505	0.00568	0.00568	0.00568	0.00505	0.00316	0.00757	0.00757	0.01010	0.01641	0.03408	0.01893	0.81698	0.02651	0.00505	0.00505	0.00757	0.00316	0.00316
13	0.00744	0.00558	0.00837	0.00837	0.00930	0.00651	0.00651	0.00930	0.00837	0.01209	0.01395	0.02046	0.01302	0.03906	0.79635	0.00837	0.01395	0.00558	0.00279	0.00465
14	0.01033	0.00980	0.01670	0.67707	0.14568	0.01172	0.02805	0.01376	0.01066	0.01391	0.00936	0.01374	0.00715	0.00511	0.00522	0.00171	0.00686	0.00466	0.00236	0.00617
15	0.19855	0.01324	0.01354	0.01064	0.01449	0.01473	0.00876	0.57519	0.02068	0.03018	0.02802	0.01291	0.02397	0.00617	0.00482	0.00158	0.00524	0.00451	0.00479	0.00800
16	0.27114	0.05163	0.01485	0.01184	0.01521	0.23430	0.11924	0.01980	0.17995	0.01853	0.01103	0.01196	0.00858	0.00539	0.00453	0.00157	0.00633	0.00413	0.00340	0.00658
17	0.01925	0.01401	0.01510	0.01173	0.01577	0.01549	0.00964	0.66274	0.09997	0.06190	0.01370	0.01341	0.00973	0.00634	0.00522	0.00159	0.00552	0.00483	0.00527	0.00879
18	0.01185	0.01631	0.19994	0.04726	0.02404	0.01292	0.43323	0.01800	0.12385	0.01713	0.01167	0.01405	0.00871	0.00509	0.00605	0.00175	0.03250	0.00548	0.00290	0.00727
19	0.01269	0.19555	0.25338	0.01521	0.02047	0.10502	0.24190	0.01650	0.01180	0.01513	0.01023	0.01412	0.00848	0.00531	0.00507	0.00157	0.00758	0.05056	0.00255	0.00690
20	0.01229	0.01405	0.03073	0.02195	0.02722	0.01317	0.76558	0.01668	0.01229	0.01668	0.01054	0.01405	0.00790	0.00439	0.00615	0.00176	0.00878	0.00615	0.00263	0.00702
21	0.01939	0.01096	0.07075	0.01446	0.17969	0.00895	0.01020	0.02195	0.01371	0.51811	0.01672	0.01576	0.01111	0.00579	0.00511	0.00155	0.00501	0.00487	0.00510	0.06081
22	0.01030	0.07171	0.18130	0.01147	0.01521	0.01008	0.13193	0.01323	0.01155	0.06307	0.05562	0.02632	0.27569	0.00841	0.00677	0.00173	0.08891	0.00698	0.00359	0.00613
23	0.01184	0.00927	0.01027	0.00962	0.01193	0.01030	0.00730	0.02210	0.52429	0.06712	0.02315	0.23063	0.02064	0.00949	0.00565	0.00185	0.00385	0.00822	0.00525	0.00721
24	0.01258	0.01337	0.01578	0.01363	0.01403	0.13055	0.01120	0.01375	0.00897	0.01256	0.00701	0.01110	0.00682	0.00856	0.01527	0.00214	0.69022	0.00438	0.00234	0.00575
25	0.04579	0.05878	0.45343	0.01809	0.18517	0.01235	0.07128	0.01686	0.01141	0.06461	0.01004	0.01182	0.00740	0.00491	0.00495	0.00161	0.00700	0.00418	0.00262	0.00771
26	0.00868	0.00473	0.00692	0.00692	0.00705	0.00486	0.00469	0.00722	0.00709	0.00959	0.01043	0.01814	0.01051	0.09270	0.13489	0.64955	0.00595	0.00495	0.00242	0.00269
27	0.00634	0.00453	0.00604	0.00725	0.00755	0.00423	0.00483	0.00725	0.00997	0.01329	0.02870	0.81358	0.03444	0.01632	0.00665	0.00211	0.00302	0.01480	0.00483	0.00423
28	0.01268	0.01178	0.01699	0.01356	0.01716	0.01258	0.22612	0.06893	0.45185	0.02042	0.01994	0.01974	0.07035	0.00670	0.00560	0.00175	0.00545	0.00627	0.00449	0.00764
29	0.01193	0.12357	0.08051	0.04685	0.23563	0.04351	0.17199	0.03579	0.01187	0.01574	0.01437	0.09003	0.06612	0.00648	0.00554	0.00162	0.02262	0.00601	0.00295	0.00687
30	0.01445	0.00800	0.01231	0.00975	0.01273	0.00718	0.11764	0.01693	0.01413	0.32570	0.29020	0.02708	0.08116	0.00811	0.00571	0.00164	0.00419	0.00726	0.02908	0.00676
31	0.01171	0.01809	0.26859	0.01972	0.02575	0.01283	0.53177	0.01662	0.01189	0.01662	0.01016	0.01309	0.00749	0.00456	0.00577	0.00172	0.00844	0.00543	0.00250	0.00723
32	0.04220	0.01380	0.06997	0.07208	0.09255	0.16119	0.01013	0.08359	0.06762	0.21086	0.01534	0.11105	0.01260	0.00703	0.00521	0.00163	0.00589	0.00576	0.00423	0.00724
33	0.01980	0.01459	0.01563	0.01198	0.01615	0.01615	0.00990	0.76713	0.02448	0.03282	0.01250	0.01250	0.00886	0.00625	0.00521	0.00156	0.00573	0.00469	0.00521	0.00886
34	0.01190	0.00990	0.01318	0.01089	0.07542	0.00810	0.06201	0.01488	0.04026	0.06304	0.01052	0.01194	0.00839	0.00423	0.00426	0.00099	0.00444	0.00367	0.00330	0.63866
35	0.01131	0.01212	0.02245	0.03231	0.02103	0.05974	0.46766	0.01438	0.01155	0.01522	0.01402	0.15505	0.01340	0.00775	0.00730	0.03190	0.05311	0.04052	0.00308	0.00611
36	0.02336	0.00886	0.01209	0.00927	0.01329	0.00765	0.00765	0.02538	0.01491	0.78810	0.02055	0.01773	0.01289	0.00645	0.00524	0.00161	0.00443	0.00524	0.00645	0.00886
37	0.00905	0.00452	0.00678	0.00678	0.00678	0.00452	0.00452	0.00678	0.00678	0.00905	0.00905	0.01583	0.00905	0.01809	0.02035	0.84848	0.00452	0.00452	0.00226	0.00226
38	0.01485	0.01410	0.02503	0.03993	0.02358	0.01417	0.48042	0.27931	0.01651	0.02224	0.01119	0.01350	0.00821	0.00506	0.00579	0.00169	0.00766	0.00559	0.00353	0.00763
39	0.00783	0.00496	0.00587	0.00587	0.00587	0.00496	0.00339	0.00744	0.00744	0.00991	0.01512	0.03090	0.01721	0.67771	0.02543	0.15208	0.00496	0.00704	0.00300	0.00300
40	0.01633	0.01086	0.01177	0.00943	0.01255	0.01169	0.00765	0.45815	0.01940	0.07355	0.06205	0.01645	0.01289	0.00648	0.00482	0.00147	0.00450	0.00506	0.24742	0.00746
41	0.00905	0.00452	0.00678	0.00678	0.00678	0.00452	0.00452	0.00678	0.00678	0.00905	0.00905	0.01583	0.00905	0.01809	0.02035	0.84848	0.00452	0.00452	0.00226	0.00226
42	0.01165	0.09566	0.35643	0.01767	0.02390	0.01341	0.37369	0.01650	0.01157	0.01618	0.00971	0.01220	0.00723	0.00464	0.00537	0.00165	0.00801	0.00484	0.00241	0.00728
43	0.00657	0.00463	0.00597	0.00696	0.00720	0.00438	0.00452	0.00731	0.00952	0.01270	0.02641	0.66791	0.03154	0.16594	0.01036	0.00266	0.00340	0.01345	0.00452	0.00403
44	0.00809	0.00578	0.00805	0.00925	0.01031	0.00573	0.00787	0.01027	0.01169	0.01525	0.02774	0.16963	0.03063	0.01467	0.00711	0.00236	0.00453	0.64153	0.00480	0.00471
45	0.01240	0.13337	0.08379	0.01953	0.02485	0.01419	0.60177	0.01651	0.01195	0.01602	0.00997	0.01300	0.00763	0.00444	0.00565	0.00165	0.00823	0.00549	0.00254	0.00702
46	0.00667	0.00482	0.00611	0.00691	0.00742	0.00446	0.00458	0.00752	0.00977	0.01300	0.02770	0.62317	0.07767	0.13329	0.00943	0.00248	0.00332	0.01309	0.00453	0.03406
47	0.49079	0.04372	0.01132	0.00933	0.01260	0.21021	0.00750	0.12714	0.01270	0.02168	0.00822	0.00928	0.00642	0.00516	0.00389	0.00152	0.00568	0.00323	0.00334	0.00625
48	0.01256	0.01204	0.02054	0.11571	0.70334	0.01229	0.01582	0.01569	0.01170	0.01661	0.00974	0.01300	0.00811	0.00470	0.00516	0.00157	0.00627	0.00464	0.00255	0.00798
49	0.01734	0.01316	0.01421	0.01111	0.01504	0.01425	0.00906	0.54681	0.13286	0.02899	0.04072	0.01427	0.01119	0.00626	0.00510	0.00151	0.00517	0.00485	0.00500	0.10312
50	0.01364	0.01292	0.02277	0.01672	0.02112	0.01278	0.43615	0.23162	0.01596	0.02145	0.07170	0.01806	0.06723	0.00603	0.00588	0.00169	0.00699	0.00632	0.00377	0.00720
51	0.01045	0.02694	0.79000	0.01484	0.02254	0.01209	0.01924	0.01649	0.01099	0.01649	0.00935	0.01099	0.00660	0.00495	0.00495	0.00165	0.00770	0.00385	0.00220	0.00770
52	0.00804	0.00552	0.00687	0.00641	0.00793	0.00495	0.00485	0.01020	0.01407	0.06495	0.56445	0.04029	0.21997	0.01100	0.00609	0.00166	0.00262	0.00954	0.00556	0.00503
53	0.01229	0.01405	0.03073	0.02195	0.02722	0.01317	0.76558	0.01668	0.01229	0.01668	0.01054	0.01405	0.00790	0.00439	0.00615	0.00176	0.00878	0.00615	0.00263	0.00702
54	0.00757	0.00505	0.00568	0.00568	0.00568	0.00505	0.00316	0.00757	0.00757	0.01010	0.01641	0.03408	0.01893	0.81698	0.02651	0.00505	0.00505	0.00757	0.00316	0.00316
55	0.00757	0.00505	0.00568	0.00568	0.00568	0.00505	0.00316	0.00757	0.00757	0.01010	0.01641	0.03408	0.01893	0.81698	0.02651	0.00505	0.00505	0.00757	0.00316	0.00316
56	0.85377	0.01007	0.00765	0.00685	0.01007	0.01168	0.00564	0.01531	0.00886	0.02336	0.00725	0.00846	0.00564	0.00483	0.00322	0.00161	0.00403	0.00282	0.00322	0.00564
57	0.02320	0.00912	0.01225	0.00939	0.01342	0.00804	0.00776	0.05886	0.01534	0.75401	0.02018	0.01749	0.01271	0.00644	0.00524	0.00161	0.00449	0.00521	0.00639	0.00886
58	0.00728	0.00608	0.00644	0.00621	0.00804	0.00564	0.00470	0.01060	0.11493	0.01629	0.17516	0.04404	0.55200	0.01192	0.00604	0.00174	0.00281	0.01003	0.00505	0.00500
59	0.01295	0.01119	0.01178	0.01060	0.01354	0.01295	0.00824	0.02767	0.77509	0.02178	0.02120	0.01943	0.01590	0.00707	0.00530	0.00177	0.00412	0.00589	0.00530	0.00824
60	0.00634	0.00453	0.00604	0.00725	0.00755	0.00423	0.00483	0.00725	0.00997	0.01329	0.02870	0.81358	0.03444	0.01632	0.00665	0.00211	0.00302	0.01480	0.00483	0.00423
61	0.01316	0.01437	0.01622	0.01391	0.01467	0.18355	0.03787	0.01446	0.00959	0.01273	0.00723	0.01106	0.00685	0.00814	0.01404	0.00206	0.60755	0.00436	0.00238	0.00582
62	0.01810	0.01354	0.01588	0.01238	0.01634	0.01473	0.06601	0.58759	0.06899	0.05306	0.01423	0.01655	0.01087	0.00676	0.00543	0.00165	0.00575	0.05872	0.00503	0.00839
63	0.01289	0.01237	0.02114	0.03196	0.78450	0.01237	0.01598	0.01598	0.01186	0.01701	0.00980	0.01289	0.00825	0.00464	0.00516	0.00155	0.00619	0.00464	0.00258	0.00825
64	0.00632	0.00464	0.00593	0.00696	0.00748	0.00425	0.00471	0.00728	0.01025	0.01341	0.03224	0.70143	0.14431	0.01586	0.00657	0.00206	0.00296	0.01424	0.00483	0.00425
65	0.00933	0.00917	0.06994	0.18155	0.01821	0.00858	0.06495	0.01321	0.06731	0.01560	0.02214	0.03890	0.06738	0.01038	0.00632	0.00207	0.00558	0.37982	0.00395	0.00561
66	0.03127	0.01356	0.01972	0.02768	0.61920	0.07395	0.01460	0.10396	0.01350	0.01865	0.00992	0.01248	0.00815	0.00489	0.00509	0.00153	0.00634	0.00451	0.00291	0.00809
67	0.01202	0.15609	0.01518	0.01069	0.01220	0.08508	0.00877	0.06893	0.01031	0.01361	0.00994	0.01536	0.00963	0.12232	0.14577	0.00334	0.28769	0.00472	0.00273	0.00562
68	0.00883	0.00460	0.00662	0.00662	0.00662	0.00460	0.00432	0.00690	0.00690	0.00920	0.01013	0.01851	0.01050	0.13545	0.02126	0.72459	0.00460	0.00497	0.00239	0.00239
69	0.01363	0.01028	0.01330	0.01240	0.06032	0.05748	0.00938	0.01515	0.01089	0.18635	0.06380	0.13241	0.01507	0.00918	0.01073	0.00196	0.36104	0.00646	0.00385	0.00631
70	0.01045	0.02694	0.79000	0.01484	0.02254	0.01209	0.01924	0.01649	0.01099	0.01649	0.00935	0.01099	0.00660	0.00495	0.00495	0.00165	0.00770	0.00385	0.00220	0.00770
71	0.00732	0.00529	0.00692	0.00658	0.00777	0.00488	0.00491	0.00971	0.01453	0.02054	0.74776	0.07387	0.04847	0.01090	0.00616	0.00166	0.00248	0.00966	0.00569	0.00488
72	0.01080	0.00926	0.01080	0.00771	0.01234	0.00694	0.00617	0.01311	0.01080	0.01697	0.00926	0.01080	0.00771	0.00386	0.00386	0.00077	0.00386	0.00309	0.00309	0.84882
73	0.01373	0.01267	0.12883	0.07226	0.23805	0.00973	0.01179	0.01684	0.01191	0.16697	0.01163	0.01300	0.00866	0.00484	0.00476	0.00136	0.00542	0.00417	0.00341	0.25999
74	0.01126	0.02508	0.67737	0.01517	0.02243	0.01247	0.07426	0.07076	0.01207	0.01769	0.00966	0.01133	0.00686	0.00500	0.00506	0.00165	0.00764	0.00408	0.00245	0.00773
75	0.01881	0.01720	0.01326	0.01171	0.01464	0.41378	0.00922	0.09199	0.01532	0.20338	0.01438	0.01896	0.01183	0.00704	0.00524	0.00158	0.00716	0.11354	0.00415	0.00681
76	0.01039	0.01002	0.01574	0.52094	0.02791	0.01314	0.01336	0.01303	0.00954	0.01303	0.00839	0.01299	0.00690	0.00661	0.00947	0.00193	0.29395	0.00460	0.00230	0.00575
77	0.04305	0.20333	0.27948	0.01330	0.01770	0.10235	0.06762	0.01589	0.01069	0.01451	0.00819	0.01043	0.00674	0.00573	0.00719	0.00163	0.17927	0.00383	0.00235	0.00673
78	0.01045	0.02694	0.79000	0.01484	0.02254	0.01209	0.01924	0.01649	0.01099	0.01649	0.00935	0.01099	0.00660	0.00495	0.00495	0.00165	0.00770	0.00385	0.00220	0.00770
79	0.00643	0.00457	0.00602	0.00714	0.00742	0.00429	0.00471	0.00727	0.00980	0.01306	0.02781	0.75667	0.03331	0.07477	0.00810	0.00233	0.00317	0.01428	0.00471	0.00415
80	0.01270	0.01218	0.02080	0.07994	0.73800	0.01232	0.01589	0.01582	0.01177	0.01678	0.00976	0.01295	0.00817	0.00468	0.00516	0.00156	0.00623	0.00464	0.00256	0.00810
81	0.01202	0.01594	0.14226	0.02091	0.02653	0.01301	0.65595	0.01665	0.01210	0.01665	0.01036	0.01360	0.00771	0.00447	0.00597	0.00174	0.00862	0.00581	0.00257	0.00712
82	0.01289	0.01237	0.02114	0.03196	0.78450	0.01237	0.01598	0.01598	0.01186	0.01701	0.00980	0.01289	0.00825	0.00464	0.00516	0.00155	0.00619	0.00464	0.00258	0.00825
83	0.00625	0.00491	0.00566	0.00626	0.00729	0.00431	0.00439	0.00736	0.01093	0.01368	0.04080	0.42955	0.41067	0.01474	0.00640	0.00194	0.00283	0.01289	0.00484	0.00431
84	0.00645	0.00458	0.00601	0.00712	0.00739	0.00430	0.00469	0.00728	0.00977	0.01302	0.02766	0.74724	0.03312	0.08446	0.00834	0.00236	0.00319	0.01419	0.00469	0.00414
85	0.01116	0.02380	0.60383	0.01623	0.02329	0.01246	0.17490	0.04317	0.01174	0.01711	0.00971	0.01169	0.00695	0.00488	0.00521	0.00167	0.00785	0.00436	0.00240	0.00760
86	0.01495	0.01229	0.01522	0.01654	0.21723	0.01346	0.01068	0.21039	0.36409	0.04481	0.01599	0.01592	0.01203	0.00620	0.00524	0.00165	0.00508	0.00524	0.00459	0.00842
87	0.00616	0.00526	0.00530	0.00533	0.00705	0.00439	0.00398	0.00747	0.01182	0.01405	0.05210	0.07106	0.76187	0.01327	0.00617	0.00177	0.00265	0.01110	0.00484	0.00439
88	0.00731	0.00564	0.00671	0.00644	0.00790	0.00523	0.00483	0.01013	0.06092	0.01859	0.48549	0.06861	0.27014	0.01140	0.00611	0.00170	0.00264	0.00987	0.00540	0.00494
89	0.01081	0.01232	0.13200	0.12831	0.02138	0.00999	0.28203	0.01437	0.01185	0.06391	0.08743	0.14328	0.01676	0.00754	0.00589	0.00180	0.00644	0.03406	0.00348	0.00634
90	0.00756	0.00508	0.00585	0.00585	0.00590	0.00514	0.00336	0.00768	0.00762	0.01022	0.01626	0.03323	0.01857	0.76867	0.07432	0.00525	0.00560	0.00745	0.00313	0.00325
91	0.38449	0.00939	0.01016	0.00821	0.01189	0.00941	0.00678	0.02100	0.01228	0.45554	0.01476	0.01370	0.00974	0.00574	0.00436	0.00161	0.00426	0.00419	0.00504	0.00746
92	0.33538	0.01593	0.01165	0.02649	0.01366	0.30453	0.00807	0.12793	0.01368	0.04532	0.00926	0.01034	0.00714	0.00536	0.00419	0.00149	0.00628	0.00351	0.04347	0.00633
93	0.85377	0.01007	0.00765	0.00685	0.01007	0.01168	0.00564	0.01531	0.00886	0.02336	0.00725	0.00846	0.00564	0.00483	0.00322	0.00161	0.00403	0.00282	0.00322	0.00564
94	0.01112	0.00954	0.01094	0.00814	0.01252	0.00783	0.00648	0.01525	0.12307	0.01768	0.01101	0.01207	0.00892	0.00433	0.00407	0.00092	0.00390	0.00350	0.00341	0.72534
95	0.01289	0.01237	0.02114	0.03196	0.78450	0.01237	0.01598	0.01598	0.01186	0.01701	0.00980	0.01289	0.00825	0.00464	0.00516	0.00155	0.00619	0.00464	0.00258	0.00825
96	0.00623	0.00496	0.00560	0.00611	0.00725	0.00433	0.00433	0.00738	0.01107	0.01374	0.04261	0.37211	0.46694	0.01451	0.00636	0.00191	0.00280	0.01260	0.00484	0.00433
97	0.00737	0.00532	0.00696	0.00655	0.00778	0.00491	0.00491	0.00983	0.01474	0.02088	0.78175	0.03890	0.04914	0.01065	0.00614	0.00164	0.00246	0.00942	0.00573	0.00491
98	0.00634	0.00453	0.00604	0.00725	0.00755	0.00423	0.00483	0.00725	0.00997	0.01329	0.02870	0.81358	0.03444	0.01632	0.00665	0.00211	0.00302	0.01480	0.00483	0.00423
99	0.01948	0.02407	0.01482	0.01331	0.01610	0.73913	0.01005	0.07529	0.01547	0.01421	0.00837	0.00962	0.00686	0.00543	0.00473	0.00136	0.00912	0.00345	0.00287	0.00624
100	0.01001	0.00961	0.01672	0.74733	0.03524	0.01169	0.06930	0.01355	0.01055	0.01355	0.00935	0.01390	0.00701	0.00515	0.00528	0.00174	0.00708	0.00474	0.00234	0.00588
101	0.00634	0.00453	0.00604	0.00725	0.00755	0.00423	0.00483	0.00725	0.00997	0.01329	0.02870	0.81358	0.03444	0.01632	0.00665	0.00211	0.00302	0.01480	0.00483	0.00423
102	0.01119	0.00628	0.00644	0.00590	0.00755	0.00651	0.00456	0.12304	0.01291	0.02138	0.01633	0.01840	0.01269	0.00609	0.00387	0.00126	0.00291	0.00483	0.72240	0.00544
103	0.00650	0.00531	0.00581	0.00610	0.00764	0.00461	0.00469	0.00794	0.01170	0.01421	0.04668	0.12674	0.59803	0.01367	0.00636	0.00189	0.00299	0.11984	0.00483	0.00444
104	0.01934	0.01151	0.01303	0.01015	0.01385	0.01204	0.00833	0.44253	0.01973	0.24844	0.01548	0.01502	0.01068	0.00628	0.00499	0.00153	0.00487	0.00487	0.12906	0.00827
105	0.00642	0.00459	0.00613	0.00734	0.00767	0.00429	0.00497	0.00738	0.01004	0.01338	0.02866	0.78575	0.03428	0.01624	0.00667	0.00213	0.00309	0.04190	0.00483	0.00425
106	0.37815	0.01244	0.01208	0.00968	0.01344	0.01393	0.00799	0.41787	0.01743	0.05556	0.01053	0.01095	0.00762	0.00565	0.00436	0.00159	0.00495	0.00391	0.00440	0.00747
107	0.01854	0.00767	0.01041	0.00863	0.01166	0.00672	0.00685	0.02035	0.01383	0.56553	0.07788	0.19036	0.02017	0.00887	0.00561	0.00172	0.00398	0.00760	0.00605	0.00758
108	0.00752	0.00527	0.00682	0.00682	0.00722	0.00567	0.00458	0.00831	0.00791	0.01094	0.01536	0.02829	0.01642	0.48648	0.35357	0.00646	0.00883	0.00673	0.00300	0.00379
109	0.00625	0.00528	0.00540	0.00537	0.00709	0.00443	0.00403	0.00765	0.01208	0.01458	0.10715	0.04928	0.72767	0.01300	0.00615	0.00175	0.00262	0.01087	0.00490	0.00443
110	0.00735	0.00530	0.00694	0.00657	0.00777	0.00490	0.00491	0.00977	0.01463	0.02071	0.76443	0.05672	0.04880	0.01078	0.00615	0.00165	0.00247	0.00954	0.00571	0.00490
111	0.01189	0.01223	0.01588	0.01366	0.01382	0.06440	0.01131	0.01305	0.00840	0.01255	0.00691	0.01127	0.00683	0.00888	0.01632	0.00222	0.75789	0.00448	0.00230	0.00572
112	0.00839	0.00599	0.00839	0.00959	0.01079	0.00599	0.00839	0.01079	0.01199	0.01558	0.02757	0.05874	0.02997	0.01439	0.00719	0.00240	0.00480	0.74945	0.00480	0.00480
113	0.00633	0.00460	0.00597	0.00707	0.00751	0.00424	0.00476	0.00727	0.01014	0.01336	0.03086	0.74522	0.10141	0.01604	0.00660	0.00208	0.00299	0.01446	0.00483	0.00424

[dist]
# distance from previous block
# <min> <max>
0	2

[block]
# block no. 1 follows, 47 sequences, length 41
# corresponding to MSA columns:
# 138,139,143-181
name=unknown_B
#
# <colnr> <probs for GDERKNQSTAVLIFYWHMCP>
#	G	D	E	R	K	N	Q	S	T	A	V	L	I	F	Y	W	H	M	C	P
0	0.01082	0.16243	0.39783	0.16198	0.02252	0.01300	0.06229	0.01521	0.01119	0.01550	0.07110	0.01350	0.01018	0.00533	0.00488	0.00158	0.00682	0.00440	0.00254	0.00689
1	0.01006	0.00748	0.01073	0.00975	0.00975	0.00944	0.00748	0.00926	0.00730	0.01055	0.00809	0.01392	0.00809	0.01423	0.01895	0.48413	0.35024	0.00454	0.00227	0.00374
2	0.01126	0.00953	0.01105	0.00793	0.01254	0.00742	0.00636	0.05209	0.01151	0.01779	0.00942	0.01089	0.00777	0.00398	0.00393	0.00081	0.00395	0.00317	0.00320	0.80540
3	0.11169	0.01163	0.01156	0.03659	0.01372	0.05757	0.00816	0.09205	0.46820	0.02174	0.01688	0.01651	0.01277	0.00656	0.00523	0.00168	0.02811	0.00512	0.06678	0.00746
4	0.01776	0.00762	0.01029	0.00832	0.01136	0.00669	0.00669	0.01993	0.01485	0.51942	0.28713	0.02514	0.02558	0.00792	0.00555	0.00162	0.00374	0.00670	0.00620	0.00748
5	0.00615	0.00528	0.00528	0.00528	0.00703	0.00440	0.00396	0.00747	0.01187	0.01407	0.05276	0.05012	0.78238	0.01319	0.00615	0.00176	0.00264	0.01099	0.00484	0.00440
6	0.01128	0.02674	0.71791	0.01471	0.02194	0.08499	0.01839	0.01689	0.01134	0.01614	0.00923	0.01085	0.00661	0.00499	0.00492	0.00162	0.00785	0.00380	0.00224	0.00754
7	0.01134	0.23212	0.59270	0.01331	0.02017	0.01430	0.01657	0.01626	0.01089	0.01540	0.00880	0.01031	0.00662	0.00482	0.00453	0.00151	0.00715	0.00357	0.00221	0.00743
8	0.00724	0.00529	0.00680	0.00647	0.00771	0.00485	0.00483	0.00956	0.01436	0.02009	0.69889	0.06477	0.10759	0.01103	0.00616	0.00166	0.00249	0.00972	0.00563	0.00485
9	0.00866	0.00735	0.00773	0.00727	0.00939	0.00745	0.00556	0.01480	0.27946	0.01749	0.11911	0.03818	0.43609	0.01077	0.00585	0.00175	0.00314	0.00904	0.00509	0.00580
10	0.10041	0.16600	0.09946	0.01202	0.01570	0.44874	0.01039	0.06278	0.01359	0.01530	0.00823	0.00947	0.00671	0.00516	0.00436	0.00137	0.00777	0.00333	0.00275	0.00646
11	0.01113	0.00899	0.01039	0.01019	0.01240	0.00996	0.00836	0.04189	0.41486	0.01936	0.02377	0.03665	0.02193	0.01029	0.00614	0.00204	0.00447	0.33539	0.00507	0.00673
12	0.00757	0.00505	0.00568	0.00568	0.00568	0.00505	0.00316	0.00757	0.00757	0.01010	0.01641	0.03408	0.01893	0.81698	0.02651	0.00505	0.00505	0.00757	0.00316	0.00316
13	0.00958	0.00962	0.01860	0.01477	0.01741	0.00943	0.36781	0.01217	0.01092	0.01485	0.01829	0.36818	0.01958	0.01005	0.00725	0.00196	0.07041	0.00986	0.00358	0.00568
14	0.01755	0.02019	0.01558	0.03391	0.01658	0.50491	0.04290	0.12632	0.01490	0.01580	0.00909	0.02701	0.00766	0.00619	0.00661	0.00155	0.11971	0.00410	0.00302	0.00639
15	0.01130	0.01872	0.33411	0.09165	0.02581	0.01266	0.37719	0.01619	0.01149	0.01619	0.00985	0.01274	0.00726	0.00481	0.00585	0.00172	0.02787	0.00504	0.00242	0.00715
16	0.01157	0.01241	0.02522	0.26819	0.09079	0.01260	0.46976	0.01557	0.01167	0.01565	0.01007	0.01390	0.00763	0.00467	0.00577	0.00173	0.00799	0.00555	0.00253	0.00673
17	0.00692	0.00516	0.00656	0.00746	0.00840	0.00481	0.00569	0.00838	0.01106	0.01418	0.03448	0.39109	0.22327	0.01494	0.00669	0.00211	0.00346	0.23608	0.00482	0.00444
18	0.30601	0.00954	0.00970	0.00741	0.01155	0.00860	0.00598	0.01388	0.01012	0.01921	0.00855	0.00998	0.00699	0.00420	0.00363	0.00107	0.00392	0.00299	0.00313	0.55353
19	0.01936	0.02302	0.01442	0.01299	0.01578	0.70146	0.00980	0.02147	0.05601	0.06451	0.00959	0.01049	0.00762	0.00553	0.00476	0.00138	0.00878	0.00362	0.00307	0.00634
20	0.00691	0.00501	0.00652	0.00676	0.00765	0.00462	0.00483	0.00870	0.01272	0.01756	0.44921	0.34408	0.08001	0.01300	0.00634	0.00183	0.00269	0.01161	0.00533	0.00462
21	0.01772	0.07987	0.01576	0.01225	0.04056	0.12456	0.00966	0.41077	0.17505	0.04147	0.01332	0.01328	0.00989	0.00610	0.00500	0.00154	0.00589	0.00460	0.00457	0.00814
22	0.02648	0.01287	0.07957	0.07550	0.35037	0.04408	0.05046	0.03061	0.01252	0.15280	0.03058	0.01395	0.00969	0.00515	0.00507	0.00151	0.00597	0.00465	0.00340	0.08478
23	0.01110	0.20831	0.26385	0.01164	0.01625	0.03852	0.08152	0.01543	0.06252	0.01661	0.17995	0.01851	0.04166	0.00644	0.00499	0.00153	0.00580	0.00537	0.00332	0.00666
24	0.01062	0.00817	0.00920	0.00863	0.01078	0.00876	0.00678	0.01854	0.36118	0.04602	0.19115	0.03158	0.10206	0.00928	0.00569	0.00177	0.00359	0.09879	0.06091	0.00650
25	0.01229	0.01405	0.03073	0.02195	0.02722	0.01317	0.76558	0.01668	0.01229	0.01668	0.01054	0.01405	0.00790	0.00439	0.00615	0.00176	0.00878	0.00615	0.00263	0.00702
26	0.00743	0.00613	0.00862	0.00840	0.00969	0.00582	0.07560	0.00983	0.07201	0.01436	0.03127	0.48339	0.19350	0.03958	0.00702	0.00207	0.00363	0.01222	0.00461	0.00481
27	0.00954	0.01237	0.28107	0.00961	0.01230	0.00717	0.00968	0.01018	0.00826	0.01165	0.00915	0.01414	0.00819	0.01349	0.01496	0.55192	0.00563	0.00429	0.00224	0.00416
28	0.00615	0.00528	0.00528	0.00528	0.00703	0.00440	0.00396	0.00747	0.01187	0.01407	0.05276	0.05012	0.78238	0.01319	0.00615	0.00176	0.00264	0.01099	0.00484	0.00440
29	0.00724	0.00517	0.00707	0.00827	0.00897	0.00500	0.00639	0.00880	0.01085	0.01429	0.02821	0.48415	0.03249	0.01547	0.00689	0.00224	0.00380	0.33542	0.00482	0.00448
30	0.00718	0.00509	0.00683	0.00792	0.00851	0.00492	0.00592	0.00852	0.01045	0.01380	0.02716	0.47675	0.03143	0.09009	0.00868	0.00249	0.00383	0.27141	0.00466	0.00433
31	0.01470	0.09498	0.44699	0.01264	0.01874	0.01229	0.01446	0.09328	0.03050	0.19392	0.01229	0.01263	0.00848	0.00542	0.00490	0.00158	0.00648	0.00420	0.00354	0.00800
32	0.00727	0.00532	0.00683	0.00645	0.00772	0.00487	0.00484	0.00964	0.01451	0.02034	0.72316	0.03980	0.10807	0.01085	0.00614	0.00165	0.00247	0.00954	0.00566	0.00487
33	0.00634	0.00453	0.00604	0.00725	0.00755	0.00423	0.00483	0.00725	0.00997	0.01329	0.02870	0.81358	0.03444	0.01632	0.00665	0.00211	0.00302	0.01480	0.00483	0.00423
34	0.01252	0.01744	0.28962	0.01513	0.02033	0.01242	0.21736	0.15686	0.07806	0.01976	0.01331	0.07725	0.01103	0.00639	0.00555	0.00173	0.00687	0.02754	0.00342	0.00742
35	0.37959	0.00969	0.01059	0.06095	0.01354	0.01007	0.00735	0.05732	0.01249	0.37007	0.01368	0.01322	0.00918	0.00566	0.00437	0.00162	0.00449	0.00413	0.00472	0.00727
36	0.00655	0.00568	0.00605	0.00589	0.00751	0.00518	0.00449	0.00791	0.01174	0.01426	0.08107	0.04707	0.69956	0.01281	0.00688	0.00179	0.05585	0.01050	0.00471	0.00450
37	0.01080	0.00926	0.01080	0.00771	0.01234	0.00694	0.00617	0.01311	0.01080	0.01697	0.00926	0.01080	0.00771	0.00386	0.00386	0.00077	0.00386	0.00309	0.00309	0.84882
38	0.06626	0.05168	0.69484	0.01393	0.02107	0.01218	0.01767	0.01623	0.01093	0.01691	0.02697	0.01138	0.00752	0.00506	0.00481	0.00163	0.00726	0.00387	0.00235	0.00746
39	0.01055	0.02473	0.67777	0.06763	0.02380	0.01215	0.07891	0.01630	0.01106	0.01630	0.00944	0.01143	0.00672	0.00492	0.00506	0.00166	0.00773	0.00408	0.00224	0.00752
40	0.07081	0.00788	0.00990	0.00857	0.01128	0.00756	0.00695	0.03765	0.07532	0.33601	0.22157	0.04301	0.02481	0.00874	0.00564	0.00174	0.00391	0.10606	0.00567	0.00693

[dist]
# distance from previous block
# <min> <max>
4	8

[block]
# block no. 2 follows, 47 sequences, length 6
# corresponding to MSA columns:
# 190-195
name=unknown_C
#
# <colnr> <probs for GDERKNQSTAVLIFYWHMCP>
#	G	D	E	R	K	N	Q	S	T	A	V	L	I	F	Y	W	H	M	C	P
0	0.01514	0.01249	0.01796	0.20740	0.02258	0.01380	0.15227	0.31159	0.08645	0.05615	0.01226	0.01395	0.00895	0.00585	0.00588	0.00169	0.03899	0.00508	0.00396	0.00758
1	0.00887	0.00645	0.00870	0.17735	0.01403	0.00640	0.00688	0.01113	0.01289	0.08251	0.31269	0.03540	0.27695	0.00995	0.00587	0.00170	0.00365	0.00855	0.00477	0.00527
2	0.01333	0.01314	0.08297	0.04518	0.21286	0.01147	0.08046	0.17604	0.01414	0.02018	0.01021	0.01212	0.00799	0.00476	0.00483	0.00134	0.00574	0.00423	0.00327	0.27573
3	0.00909	0.00824	0.01357	0.63363	0.02980	0.01000	0.01240	0.01201	0.01032	0.01330	0.01342	0.18525	0.01284	0.00759	0.00552	0.00182	0.00610	0.00681	0.00285	0.00545
4	0.19461	0.01016	0.05504	0.00864	0.01214	0.00926	0.00738	0.09092	0.05973	0.19948	0.17737	0.01860	0.01785	0.00661	0.00481	0.00152	0.00415	0.00525	0.00475	0.11175
5	0.01139	0.00879	0.01272	0.18044	0.01780	0.00936	0.07806	0.01700	0.19161	0.09883	0.16163	0.02730	0.06484	0.00818	0.00577	0.00179	0.00486	0.08865	0.00453	0.00645

[dist]
# distance from previous block
# <min> <max>
0	1

[block]
# block no. 3 follows, 47 sequences, length 7
# corresponding to MSA columns:
# 197-203
name=unknown_D
#
# <colnr> <probs for GDERKNQSTAVLIFYWHMCP>
#	G	D	E	R	K	N	Q	S	T	A	V	L	I	F	Y	W	H	M	C	P
0	0.00731	0.00534	0.00676	0.00712	0.00806	0.00504	0.00513	0.03994	0.01240	0.01677	0.27821	0.42374	0.10851	0.01366	0.00640	0.00191	0.00298	0.04089	0.00514	0.00469
1	0.01082	0.00896	0.01352	0.39954	0.10711	0.01061	0.01134	0.05352	0.01122	0.01624	0.01123	0.01487	0.00881	0.00579	0.00592	0.00162	0.08106	0.00468	0.21717	0.00597
2	0.12811	0.05717	0.16746	0.01135	0.01598	0.01024	0.08769	0.01999	0.01265	0.36669	0.01525	0.01675	0.01087	0.00609	0.00502	0.00165	0.00555	0.04937	0.00446	0.00765
3	0.01045	0.02694	0.79000	0.01484	0.02254	0.01209	0.01924	0.01649	0.01099	0.01649	0.00935	0.01099	0.00660	0.00495	0.00495	0.00165	0.00770	0.00385	0.00220	0.00770
4	0.00679	0.00507	0.00635	0.00679	0.00779	0.00463	0.00498	0.00839	0.01202	0.01594	0.25862	0.33558	0.21332	0.01372	0.00643	0.00192	0.00292	0.07910	0.00510	0.00452
5	0.28666	0.01375	0.01076	0.00975	0.01248	0.26225	0.00772	0.01752	0.01192	0.13444	0.01218	0.01622	0.01019	0.00990	0.09122	0.00234	0.00697	0.07400	0.00364	0.00607
6	0.01267	0.01268	0.01909	0.23595	0.51533	0.08341	0.01504	0.01571	0.01174	0.01564	0.00949	0.01284	0.00776	0.00486	0.00513	0.00158	0.00668	0.00452	0.00252	0.00739

[dist]
# distance from previous block
# <min> <max>
7	23

[block]
# block no. 4 follows, 47 sequences, length 51
# corresponding to MSA columns:
# 227-277
name=unknown_E
#
# <colnr> <probs for GDERKNQSTAVLIFYWHMCP>
#	G	D	E	R	K	N	Q	S	T	A	V	L	I	F	Y	W	H	M	C	P
0	0.03961	0.01475	0.23667	0.07712	0.03607	0.01081	0.11375	0.01790	0.16416	0.07357	0.13512	0.01868	0.02592	0.00642	0.00537	0.00169	0.00579	0.00568	0.00382	0.00711
1	0.00803	0.02320	0.00696	0.00668	0.00719	0.00495	0.00460	0.00778	0.00941	0.01263	0.16812	0.16582	0.07381	0.08186	0.01430	0.38583	0.00379	0.00796	0.00365	0.00345
2	0.01231	0.40305	0.36260	0.01167	0.01743	0.01622	0.01341	0.01699	0.07410	0.01491	0.00933	0.01044	0.00741	0.00489	0.00421	0.00140	0.00639	0.00351	0.00247	0.00726
3	0.01599	0.20164	0.07915	0.01014	0.01451	0.01226	0.03716	0.06999	0.10073	0.24267	0.03477	0.01425	0.01104	0.00558	0.00463	0.00140	0.00504	0.00442	0.00425	0.13038
4	0.01200	0.14048	0.42831	0.01393	0.01931	0.01446	0.05887	0.07636	0.01155	0.01647	0.00890	0.01097	0.00691	0.00571	0.00702	0.00168	0.15333	0.00402	0.00249	0.00723
5	0.06550	0.30447	0.14422	0.00985	0.01425	0.01401	0.00974	0.03597	0.11480	0.16391	0.01278	0.01291	0.00953	0.00544	0.00429	0.00143	0.00520	0.00403	0.06033	0.00734
6	0.00801	0.00605	0.00806	0.00837	0.00943	0.00646	0.00670	0.01028	0.04208	0.01376	0.02392	0.03926	0.11194	0.12192	0.26115	0.00452	0.03335	0.27618	0.00390	0.00467
7	0.11557	0.01599	0.01313	0.01108	0.01439	0.26511	0.00875	0.25918	0.09235	0.08562	0.01439	0.01439	0.05499	0.00631	0.00488	0.00153	0.00626	0.00458	0.00425	0.00725
8	0.21991	0.01666	0.01208	0.01064	0.01366	0.37304	0.00825	0.03095	0.07649	0.14193	0.04123	0.01254	0.00990	0.00577	0.00454	0.00150	0.00654	0.00400	0.00379	0.00658
9	0.00744	0.00531	0.00730	0.00850	0.00928	0.00517	0.00673	0.00914	0.01105	0.01452	0.02810	0.41055	0.03206	0.01529	0.00694	0.00227	0.00397	0.40705	0.00481	0.00453
10	0.01026	0.00969	0.01105	0.00969	0.01209	0.08989	0.09696	0.01496	0.18584	0.03424	0.03189	0.13547	0.31652	0.01018	0.00585	0.00176	0.00451	0.00883	0.00449	0.00584
11	0.01434	0.01639	0.01571	0.38894	0.09151	0.35785	0.01265	0.01684	0.01245	0.01338	0.00877	0.01182	0.00695	0.00523	0.00498	0.00155	0.00796	0.00407	0.00250	0.00611
12	0.02145	0.00844	0.01147	0.00894	0.01263	0.00733	0.00733	0.02352	0.01489	0.69625	0.11168	0.02026	0.01723	0.00695	0.00535	0.00161	0.00419	0.00574	0.00636	0.00839
13	0.01359	0.00707	0.00920	0.00786	0.01023	0.00655	0.00617	0.01688	0.07630	0.29748	0.44587	0.02969	0.03338	0.00884	0.00575	0.00164	0.00330	0.00763	0.00595	0.00661
14	0.01289	0.01237	0.02114	0.03196	0.78450	0.01237	0.01598	0.01598	0.01186	0.01701	0.00980	0.01289	0.00825	0.00464	0.00516	0.00155	0.00619	0.00464	0.00258	0.00825
15	0.01005	0.00528	0.00537	0.00521	0.00654	0.00533	0.00394	0.04366	0.01161	0.02002	0.04147	0.01975	0.01431	0.00622	0.00379	0.00124	0.00257	0.00499	0.78361	0.00502
16	0.00973	0.00673	0.00786	0.00735	0.00912	0.00676	0.00557	0.01463	0.18216	0.07027	0.33278	0.09471	0.11194	0.00976	0.00564	0.00167	0.00302	0.00842	0.10610	0.00580
17	0.48362	0.01294	0.07683	0.01038	0.01438	0.04087	0.09859	0.10833	0.01206	0.08462	0.00956	0.01062	0.00701	0.00511	0.00417	0.00162	0.00534	0.00375	0.00355	0.00664
18	0.03111	0.01215	0.01177	0.01038	0.01327	0.10554	0.00809	0.06739	0.47807	0.08476	0.10296	0.01962	0.01761	0.00712	0.00527	0.00167	0.00469	0.00579	0.00508	0.00765
19	0.00905	0.00452	0.00678	0.00678	0.00678	0.00452	0.00452	0.00678	0.00678	0.00905	0.00905	0.01583	0.00905	0.01809	0.02035	0.84848	0.00452	0.00452	0.00226	0.00226
20	0.00688	0.00515	0.00618	0.00620	0.00728	0.00467	0.00442	0.00847	0.01228	0.01641	0.35921	0.16836	0.25193	0.10883	0.00867	0.00216	0.00291	0.01053	0.00502	0.00444
21	0.01361	0.01096	0.01787	0.12731	0.50078	0.01114	0.01364	0.01693	0.04222	0.12678	0.01281	0.06048	0.01057	0.00575	0.00527	0.00162	0.00577	0.00536	0.00334	0.00778
22	0.01520	0.01700	0.01390	0.01233	0.01399	0.38421	0.00957	0.07163	0.01241	0.01390	0.00920	0.01314	0.00843	0.07648	0.07415	0.00250	0.23904	0.00433	0.00280	0.00580
23	0.45049	0.00779	0.00659	0.00615	0.00866	0.00824	0.00488	0.01168	0.01041	0.01922	0.05836	0.02783	0.34561	0.00871	0.00462	0.00168	0.00336	0.00664	0.00403	0.00507
24	0.41488	0.01537	0.01033	0.00955	0.01221	0.32803	0.00733	0.01656	0.01138	0.01786	0.01014	0.10523	0.00952	0.00642	0.00423	0.00156	0.00608	0.00447	0.00320	0.00563
25	0.00725	0.00531	0.00673	0.00662	0.00751	0.00532	0.00472	0.00867	0.01050	0.01432	0.23569	0.03418	0.14907	0.24210	0.23469	0.00450	0.00644	0.00808	0.00404	0.00427
26	0.01390	0.01101	0.01363	0.15266	0.01753	0.01242	0.00969	0.28163	0.06184	0.04030	0.10367	0.01625	0.01353	0.00681	0.00686	0.00163	0.11956	0.00515	0.01941	0.09251
27	0.00626	0.00487	0.00570	0.00636	0.00732	0.00430	0.00444	0.00735	0.01082	0.01364	0.03951	0.47052	0.37053	0.01491	0.00643	0.00195	0.00285	0.01309	0.00483	0.00430
28	0.01352	0.26334	0.38739	0.01275	0.01835	0.19144	0.01409	0.01719	0.01172	0.01438	0.00842	0.00984	0.00665	0.00490	0.00441	0.00142	0.00744	0.00342	0.00232	0.00702
29	0.33225	0.19769	0.12109	0.00986	0.01397	0.14514	0.00927	0.05245	0.01154	0.05300	0.00852	0.00955	0.00666	0.00499	0.00392	0.00146	0.00588	0.00324	0.00301	0.00652
30	0.00974	0.00591	0.00745	0.19733	0.01324	0.00647	0.00625	0.01242	0.01080	0.01794	0.01513	0.01808	0.01181	0.00586	0.00402	0.00134	0.00351	0.00480	0.64284	0.00508
31	0.01000	0.04723	0.29990	0.01357	0.01831	0.01024	0.20282	0.01422	0.01259	0.01788	0.27409	0.02122	0.02150	0.00674	0.00560	0.00165	0.00609	0.00630	0.00352	0.00653
32	0.04507	0.01408	0.05986	0.01152	0.01504	0.12846	0.05444	0.13701	0.28318	0.08866	0.07878	0.01695	0.01438	0.00650	0.00519	0.00162	0.00553	0.00529	0.00457	0.02388
33	0.00707	0.00565	0.00648	0.00687	0.00839	0.00517	0.00545	0.00920	0.04223	0.01474	0.04241	0.11457	0.47788	0.01354	0.00645	0.00197	0.00334	0.21909	0.00484	0.00465
34	0.01087	0.00852	0.00922	0.00841	0.01070	0.00922	0.00649	0.03693	0.39933	0.03496	0.17251	0.02750	0.13409	0.00851	0.00540	0.00167	0.00344	0.00716	0.09837	0.00669
35	0.10547	0.04558	0.03233	0.01334	0.01763	0.01118	0.25153	0.04989	0.07404	0.30792	0.02899	0.01537	0.01090	0.00562	0.00525	0.00165	0.00588	0.00525	0.00447	0.00770
36	0.01019	0.00778	0.01093	0.00932	0.01161	0.00763	0.09675	0.01505	0.16644	0.08277	0.33280	0.08286	0.12518	0.00952	0.00593	0.00172	0.00377	0.00852	0.00516	0.00605
37	0.00644	0.00467	0.00611	0.00723	0.00769	0.00434	0.00496	0.00747	0.01023	0.01348	0.03053	0.71129	0.09303	0.01596	0.00664	0.00210	0.00309	0.05561	0.00483	0.00427
38	0.00633	0.00459	0.00598	0.00709	0.00751	0.00424	0.00476	0.00727	0.01013	0.01336	0.03070	0.75033	0.09641	0.01606	0.00661	0.00209	0.00299	0.01449	0.00483	0.00424
39	0.01189	0.01640	0.24043	0.09027	0.44363	0.01229	0.07801	0.01596	0.01153	0.01653	0.00968	0.01253	0.00764	0.00475	0.00518	0.00161	0.00689	0.00454	0.00245	0.00779
40	0.01078	0.00593	0.00778	0.00757	0.00918	0.00535	0.00572	0.01242	0.01245	0.20153	0.17414	0.32533	0.11615	0.01234	0.00620	0.00188	0.00335	0.07095	0.00539	0.00554
41	0.00732	0.00559	0.00675	0.00641	0.00786	0.00516	0.00482	0.01005	0.05001	0.01914	0.55424	0.04092	0.24015	0.01114	0.00611	0.00168	0.00258	0.00966	0.00548	0.00494
42	0.01565	0.01727	0.01618	0.03930	0.01636	0.33098	0.04953	0.10645	0.01299	0.01529	0.00827	0.01093	0.00708	0.00689	0.00971	0.00177	0.32207	0.00417	0.00281	0.00628
43	0.01127	0.01038	0.01728	0.02455	0.53534	0.01080	0.01310	0.01394	0.01072	0.01544	0.01089	0.01502	0.00958	0.01471	0.23370	0.00354	0.03505	0.00491	0.00263	0.00713
44	0.00936	0.00491	0.00501	0.00498	0.00623	0.00483	0.00374	0.01172	0.01121	0.01918	0.06504	0.02242	0.06139	0.00677	0.00394	0.00127	0.00244	0.00549	0.74525	0.00483
45	0.00744	0.00558	0.00837	0.00837	0.00930	0.00651	0.00651	0.00930	0.00837	0.01209	0.01395	0.02046	0.01302	0.03906	0.79635	0.00837	0.01395	0.00558	0.00279	0.00465
46	0.00905	0.00452	0.00678	0.00678	0.00678	0.00452	0.00452	0.00678	0.00678	0.00905	0.00905	0.01583	0.00905	0.01809	0.02035	0.84848	0.00452	0.00452	0.00226	0.00226
47	0.01327	0.01219	0.01503	0.01650	0.26143	0.07517	0.01009	0.10494	0.01311	0.01853	0.00972	0.01156	0.00794	0.00452	0.00451	0.00116	0.00529	0.00380	0.00314	0.40811
48	0.01022	0.01264	0.25827	0.00879	0.01234	0.00790	0.00924	0.01476	0.07465	0.03880	0.06303	0.01967	0.05942	0.00650	0.00454	0.00147	0.00433	0.00527	0.38205	0.00613
49	0.00876	0.00730	0.00825	0.00719	0.00980	0.00646	0.00548	0.01236	0.11888	0.01676	0.11344	0.12330	0.25352	0.00942	0.00535	0.00147	0.00326	0.00801	0.00444	0.27654
50	0.01191	0.08079	0.11439	0.15331	0.26926	0.01339	0.17818	0.01540	0.01115	0.01546	0.00933	0.01257	0.00750	0.00511	0.00629	0.00167	0.08002	0.00471	0.00244	0.00714

[dist]
# distance from previous block
# <min> <max>
0	3

[block]
# block no. 5 follows, 47 sequences, length 30
# corresponding to MSA columns:
# 281-310
name=unknown_F
#
# <colnr> <probs for GDERKNQSTAVLIFYWHMCP>
#	G	D	E	R	K	N	Q	S	T	A	V	L	I	F	Y	W	H	M	C	P
0	0.39350	0.25478	0.07461	0.00897	0.01293	0.05335	0.00832	0.07165	0.04934	0.01961	0.00853	0.00951	0.00683	0.00497	0.00371	0.00146	0.00516	0.00321	0.00307	0.00650
1	0.01322	0.73565	0.02516	0.00868	0.01278	0.01896	0.00849	0.01494	0.01090	0.01297	0.07033	0.02919	0.01075	0.00523	0.00364	0.00118	0.00526	0.00359	0.00257	0.00648
2	0.85377	0.01007	0.00765	0.00685	0.01007	0.01168	0.00564	0.01531	0.00886	0.02336	0.00725	0.00846	0.00564	0.00483	0.00322	0.00161	0.00403	0.00282	0.00322	0.00564
3	0.01005	0.00519	0.00522	0.00510	0.00641	0.00524	0.00385	0.03791	0.01138	0.01987	0.01684	0.01918	0.01319	0.00607	0.00369	0.00123	0.00254	0.00485	0.81719	0.00499
4	0.00739	0.00528	0.00724	0.00844	0.00920	0.00513	0.00665	0.00906	0.01100	0.01446	0.02813	0.42853	0.03216	0.01533	0.00693	0.00226	0.00393	0.38955	0.00481	0.00452
5	0.01583	0.01192	0.01316	0.01108	0.01430	0.01314	0.00910	0.45816	0.15705	0.02674	0.01761	0.05666	0.01521	0.00837	0.00566	0.00178	0.00515	0.14618	0.00513	0.00778
6	0.01777	0.01052	0.01491	0.01104	0.01543	0.00944	0.11668	0.12442	0.01472	0.35626	0.01483	0.01453	0.01016	0.00540	0.00498	0.00139	0.00508	0.00469	0.00479	0.24297
7	0.01262	0.52209	0.31387	0.01114	0.01681	0.01741	0.01279	0.01593	0.01074	0.01385	0.00803	0.00935	0.00665	0.00464	0.00394	0.00131	0.00637	0.00318	0.00222	0.00706
8	0.01095	0.14114	0.68019	0.01399	0.02122	0.01332	0.01775	0.01636	0.01094	0.01588	0.00904	0.01061	0.00661	0.00488	0.00472	0.00157	0.00739	0.00370	0.00220	0.00755
9	0.01954	0.02233	0.01497	0.01307	0.01611	0.60638	0.01002	0.20232	0.01712	0.01763	0.00913	0.01015	0.00723	0.00558	0.00482	0.00140	0.00850	0.00368	0.00330	0.00672
10	0.01129	0.21921	0.60511	0.01340	0.02032	0.01416	0.01674	0.01627	0.01089	0.01546	0.00884	0.01035	0.00662	0.00483	0.00456	0.00152	0.00718	0.00359	0.00221	0.00745
11	0.00634	0.00453	0.00604	0.00725	0.00755	0.00423	0.00483	0.00725	0.00997	0.01329	0.02870	0.81358	0.03444	0.01632	0.00665	0.00211	0.00302	0.01480	0.00483	0.00423
12	0.02207	0.00951	0.01232	0.00960	0.01353	0.00880	0.00788	0.08014	0.09106	0.65652	0.02002	0.01751	0.01289	0.00649	0.00524	0.00162	0.00450	0.00526	0.00624	0.00880
13	0.01045	0.02694	0.79000	0.01484	0.02254	0.01209	0.01924	0.01649	0.01099	0.01649	0.00935	0.01099	0.00660	0.00495	0.00495	0.00165	0.00770	0.00385	0.00220	0.00770
14	0.01469	0.01149	0.01205	0.01047	0.01355	0.04330	0.00823	0.10524	0.53895	0.10265	0.06587	0.01929	0.01648	0.00706	0.00531	0.00170	0.00443	0.00581	0.00533	0.00808
15	0.01484	0.00636	0.00757	0.00651	0.00878	0.00591	0.00515	0.01711	0.01242	0.30824	0.01832	0.01878	0.01318	0.00621	0.00424	0.00136	0.00318	0.00500	0.53048	0.00636
