[name]
unknown

[dist]
# distance from previous block
# <min> <max>
0	35

[block]
# block no. 0 follows, 50 sequences, length 51
# corresponding to MSA columns:
# 36-86
name=unknown_A
#
# <colnr> <probs for GDERKNQSTAVLIFYWHMCP>
#	G	D	E	R	K	N	Q	S	T	A	V	L	I	F	Y	W	H	M	C	P
0	0.00851	0.00616	0.00852	0.00964	0.02748	0.00621	0.00814	0.03977	0.01201	0.01574	0.04950	0.05298	0.02804	0.01316	0.00674	0.00222	0.00458	0.69120	0.00459	0.00481
1	0.00721	0.00499	0.00624	0.00624	0.00652	0.00527	0.00402	0.00777	0.00749	0.01026	0.01497	0.02854	0.01635	0.57864	0.26914	0.00583	0.00750	0.00665	0.00291	0.00347
2	0.01124	0.13303	0.02449	0.17911	0.02455	0.01285	0.45861	0.01474	0.01117	0.01476	0.02731	0.01397	0.02522	0.00471	0.00526	0.00157	0.00721	0.00525	0.01863	0.00630
3	0.86003	0.00964	0.00733	0.00655	0.00964	0.01118	0.00540	0.01465	0.00848	0.02236	0.00694	0.00810	0.00540	0.00463	0.00308	0.00154	0.00386	0.00270	0.00308	0.00540
4	0.00755	0.00541	0.00650	0.08693	0.00963	0.00528	0.00510	0.02282	0.01146	0.01605	0.16584	0.13562	0.27328	0.01000	0.00524	0.00157	0.00296	0.00855	0.21562	0.00459
5	0.00712	0.00534	0.00801	0.00801	0.00890	0.00623	0.00623	0.00890	0.00801	0.01157	0.01335	0.01958	0.01246	0.03738	0.80507	0.00801	0.01335	0.00534	0.00267	0.00445
6	0.43932	0.01639	0.01075	0.00965	0.01253	0.38321	0.00751	0.04107	0.01160	0.01788	0.00746	0.00864	0.00597	0.00491	0.00380	0.00142	0.00631	0.00299	0.00290	0.00567
7	0.81246	0.02764	0.00808	0.00706	0.02188	0.01146	0.00570	0.02919	0.00885	0.02221	0.00707	0.00823	0.00552	0.00464	0.00315	0.00153	0.00395	0.00276	0.00309	0.00552
8	0.01714	0.01317	0.01475	0.01295	0.08527	0.01457	0.00971	0.56976	0.16288	0.02810	0.01327	0.01322	0.00967	0.00599	0.00500	0.00153	0.00524	0.00470	0.00477	0.00832
9	0.01372	0.01185	0.02055	0.11006	0.06080	0.03130	0.35451	0.04295	0.13990	0.14228	0.01313	0.01463	0.00950	0.00512	0.00539	0.00163	0.00659	0.00535	0.00357	0.00715
10	0.01214	0.01137	0.01922	0.02890	0.74239	0.01137	0.01453	0.01506	0.01129	0.01643	0.00982	0.01274	0.00821	0.00453	0.00484	0.00146	0.00569	0.00445	0.05785	0.00768
11	0.01091	0.01091	0.01527	0.01309	0.01309	0.01527	0.01091	0.01200	0.00763	0.01200	0.00654	0.01091	0.00654	0.00872	0.01636	0.00218	0.81570	0.00436	0.00218	0.00545
12	0.01178	0.10439	0.20749	0.01318	0.03738	0.01138	0.18280	0.01670	0.10596	0.06726	0.06092	0.01403	0.01088	0.00509	0.00481	0.00143	0.00586	0.00464	0.00318	0.13083
13	0.01590	0.11455	0.01322	0.00870	0.01268	0.10391	0.00718	0.01783	0.01213	0.28774	0.01225	0.01219	0.00887	0.00480	0.00419	0.00113	0.00472	0.00367	0.00393	0.35040
14	0.01333	0.82783	0.02612	0.00853	0.01279	0.01972	0.00853	0.01493	0.01013	0.01173	0.00693	0.00800	0.00640	0.00426	0.00320	0.00107	0.00533	0.00267	0.00213	0.00640
15	0.00657	0.00501	0.00715	0.12673	0.01126	0.00509	0.00600	0.00780	0.00961	0.01273	0.02471	0.70143	0.02905	0.01404	0.00616	0.00197	0.00345	0.01272	0.00427	0.00427
16	0.01396	0.30692	0.05517	0.01324	0.11644	0.04366	0.05978	0.16953	0.03121	0.02996	0.02401	0.01129	0.00836	0.00506	0.00468	0.00134	0.03377	0.00389	0.02701	0.04069
17	0.00931	0.00916	0.01280	0.01143	0.04279	0.05635	0.13888	0.01191	0.06106	0.01423	0.05088	0.17775	0.21693	0.00982	0.00768	0.00180	0.14995	0.00828	0.00368	0.00533
18	0.00700	0.00509	0.00658	0.00621	0.00741	0.00468	0.00466	0.00929	0.01397	0.01966	0.75407	0.03777	0.08427	0.01031	0.00588	0.00157	0.00236	0.00909	0.00544	0.00468
19	0.00615	0.00439	0.00587	0.00703	0.00735	0.00411	0.00476	0.00707	0.00962	0.01281	0.02743	0.79226	0.03280	0.01555	0.00638	0.00203	0.00296	0.04274	0.00463	0.00407
20	0.01199	0.08804	0.34450	0.08638	0.12600	0.04409	0.11546	0.06529	0.01173	0.03315	0.00932	0.01136	0.00701	0.00480	0.00501	0.00153	0.02056	0.00413	0.00252	0.00711
21	0.00964	0.00909	0.01537	0.75111	0.09426	0.01113	0.01396	0.01294	0.01008	0.01302	0.00890	0.01321	0.00674	0.00494	0.00498	0.00165	0.00659	0.00443	0.00223	0.00572
22	0.14755	0.00996	0.01174	0.00914	0.01291	0.00985	0.00755	0.20249	0.01558	0.49790	0.01591	0.01444	0.01037	0.00589	0.00472	0.00153	0.00448	0.00454	0.00542	0.00802
23	0.00855	0.00438	0.00650	0.00648	0.00656	0.00435	0.00435	0.00668	0.00699	0.00940	0.05964	0.01659	0.01116	0.01685	0.01859	0.79937	0.00420	0.00463	0.00238	0.00233
24	0.01244	0.02651	0.02077	0.01727	0.11453	0.01133	0.37092	0.01762	0.14643	0.09207	0.03613	0.03935	0.04440	0.00579	0.00569	0.00165	0.02057	0.00601	0.00353	0.00697
25	0.21626	0.01059	0.01618	0.01252	0.01571	0.03742	0.29050	0.01459	0.03716	0.05447	0.06785	0.01783	0.07276	0.05933	0.00698	0.00185	0.05330	0.00556	0.00331	0.00584
26	0.83610	0.03276	0.00786	0.00661	0.00973	0.01142	0.00549	0.01466	0.00853	0.02206	0.00694	0.00809	0.00543	0.00462	0.00309	0.00153	0.00390	0.00270	0.00306	0.00543
27	0.00633	0.00455	0.00604	0.00699	0.00748	0.00426	0.00488	0.00749	0.01027	0.01374	0.11472	0.65018	0.05576	0.01477	0.00634	0.00198	0.00295	0.07236	0.00472	0.00417
28	0.01140	0.18403	0.32626	0.01584	0.02162	0.01366	0.32671	0.01568	0.01095	0.01503	0.00900	0.01121	0.00684	0.00442	0.00489	0.00152	0.00738	0.00438	0.00228	0.00691
29	0.01245	0.01211	0.01994	0.04816	0.75410	0.03433	0.01510	0.01537	0.01140	0.01609	0.00932	0.01226	0.00782	0.00447	0.00492	0.00148	0.00603	0.00441	0.00246	0.00778
30	0.00633	0.00513	0.00569	0.00593	0.00741	0.00449	0.00461	0.00781	0.01144	0.01406	0.09029	0.09416	0.57356	0.01284	0.00608	0.00180	0.00288	0.13652	0.00467	0.00429
31	0.00589	0.00505	0.00505	0.00505	0.00673	0.00421	0.00379	0.00715	0.01136	0.01347	0.05049	0.04797	0.79171	0.01262	0.00589	0.00168	0.00252	0.01052	0.00463	0.00421
32	0.00628	0.00503	0.00560	0.00553	0.00699	0.00436	0.00412	0.00787	0.01217	0.01554	0.28914	0.07914	0.51673	0.01197	0.00591	0.00166	0.00249	0.01020	0.00491	0.00436
33	0.01262	0.01082	0.01140	0.01019	0.01305	0.01250	0.00794	0.05212	0.75873	0.02121	0.02000	0.01837	0.01499	0.00674	0.00507	0.00168	0.00400	0.00560	0.00507	0.00791
34	0.06689	0.00684	0.00829	0.00716	0.00925	0.00663	0.00562	0.08408	0.01437	0.17317	0.46029	0.02766	0.03146	0.00833	0.00527	0.00152	0.00311	0.00708	0.06713	0.00583
35	0.86003	0.00964	0.00733	0.00655	0.00964	0.01118	0.00540	0.01465	0.00848	0.02236	0.00694	0.00810	0.00540	0.00463	0.00308	0.00154	0.00386	0.00270	0.00308	0.00540
36	0.01193	0.00917	0.00960	0.00864	0.01106	0.01036	0.00672	0.07110	0.51175	0.02088	0.01858	0.01816	0.01407	0.00644	0.00461	0.00153	0.00358	0.00528	0.24954	0.00699
37	0.00609	0.00461	0.00563	0.00633	0.00710	0.00414	0.00438	0.00719	0.01042	0.01348	0.09066	0.53334	0.25995	0.01432	0.00619	0.00189	0.00274	0.01270	0.00469	0.00414
38	0.01387	0.01287	0.06462	0.02569	0.21090	0.13329	0.00995	0.11971	0.05402	0.09597	0.01299	0.05229	0.01140	0.15056	0.00855	0.00210	0.00584	0.00526	0.00351	0.00661
39	0.01275	0.68821	0.16066	0.00952	0.01432	0.01830	0.01025	0.01508	0.01020	0.01243	0.00728	0.00844	0.00638	0.00435	0.00347	0.00116	0.00568	0.00284	0.00213	0.00657
40	0.01126	0.00621	0.00724	0.00641	0.00820	0.00603	0.00494	0.08164	0.01314	0.13554	0.24106	0.02476	0.04904	0.04405	0.00560	0.00155	0.00302	0.00626	0.33857	0.00549
41	0.02830	0.44221	0.29921	0.01098	0.01630	0.01564	0.03809	0.01596	0.02414	0.05538	0.00866	0.00974	0.00686	0.00458	0.00396	0.00131	0.00605	0.00331	0.00242	0.00687
42	0.01043	0.01737	0.38786	0.01346	0.09960	0.00971	0.03391	0.01448	0.01057	0.01602	0.00899	0.01072	0.00693	0.00428	0.00438	0.00124	0.00581	0.00354	0.00249	0.33822
43	0.01879	0.00902	0.01132	0.00909	0.01252	0.00870	0.00737	0.06846	0.18171	0.52203	0.08022	0.01862	0.01547	0.00660	0.00509	0.00157	0.00410	0.00543	0.00581	0.00806
44	0.00712	0.00498	0.00610	0.00657	0.00694	0.00487	0.00425	0.04163	0.00948	0.01268	0.04852	0.46783	0.02688	0.31317	0.01329	0.00302	0.00370	0.01101	0.00408	0.00389
45	0.01251	0.13000	0.29699	0.01831	0.26220	0.08657	0.02850	0.05060	0.03972	0.01594	0.00926	0.01102	0.00728	0.00474	0.00461	0.00145	0.00659	0.00389	0.00251	0.00731
46	0.00609	0.00477	0.00553	0.00601	0.00706	0.00420	0.00429	0.00727	0.01077	0.01361	0.08851	0.37488	0.40652	0.01375	0.00611	0.00183	0.00271	0.02722	0.00468	0.00418
47	0.01704	0.00756	0.00997	0.00818	0.01112	0.00681	0.00654	0.01975	0.06364	0.51409	0.17428	0.07546	0.04740	0.00785	0.00531	0.00159	0.00370	0.00664	0.00581	0.00725
48	0.03413	0.01479	0.11908	0.01841	0.28329	0.10058	0.04668	0.14698	0.01408	0.15663	0.01137	0.01244	0.00834	0.00512	0.00488	0.00150	0.00615	0.00434	0.00353	0.00768
49	0.04654	0.04350	0.07854	0.03860	0.30592	0.20408	0.01209	0.06759	0.12353	0.01689	0.01048	0.01197	0.00832	0.00508	0.00471	0.00146	0.00638	0.00413	0.00301	0.00717
50	0.01392	0.73733	0.02477	0.00901	0.01309	0.10808	0.00865	0.01549	0.01058	0.01178	0.00702	0.00811	0.00640	0.00436	0.00334	0.00109	0.00574	0.00273	0.00218	0.00633

[dist]
# distance from previous block
# <min> <max>
0	25

[block]
# block no. 1 follows, 50 sequences, length 20
# corresponding to MSA columns:
# 112-131
name=unknown_B
#
# <colnr> <probs for GDERKNQSTAVLIFYWHMCP>
#	G	D	E	R	K	N	Q	S	T	A	V	L	I	F	Y	W	H	M	C	P
0	0.01173	0.31595	0.42027	0.01136	0.01721	0.01396	0.01333	0.01554	0.01051	0.04571	0.00863	0.00985	0.00667	0.00453	0.00410	0.00132	0.00619	0.00331	0.00235	0.07746
1	0.00943	0.00874	0.01462	0.71055	0.06687	0.01067	0.01343	0.01265	0.01015	0.01308	0.01034	0.01681	0.00853	0.00569	0.00514	0.00171	0.00644	0.06718	0.00242	0.00557
2	0.00604	0.00447	0.00565	0.00660	0.00714	0.00408	0.00448	0.00698	0.00987	0.01286	0.03162	0.68222	0.16965	0.01508	0.00628	0.00196	0.00283	0.01351	0.00463	0.00408
3	0.00789	0.00596	0.00777	0.00758	0.00840	0.00676	0.00554	0.01055	0.10019	0.01208	0.01474	0.02335	0.01442	0.28138	0.44366	0.00611	0.03016	0.00595	0.00305	0.00443
4	0.01316	0.00851	0.00980	0.00852	0.01105	0.00890	0.00670	0.08226	0.28985	0.17793	0.15600	0.02367	0.06194	0.02728	0.02120	0.00180	0.00389	0.02125	0.05944	0.00685
5	0.01240	0.01071	0.01127	0.01014	0.01296	0.01240	0.00789	0.02649	0.78473	0.02085	0.02029	0.01860	0.01522	0.00676	0.00507	0.00169	0.00394	0.00564	0.00507	0.00789
6	0.00722	0.00522	0.00689	0.00683	0.00801	0.00490	0.00535	0.00952	0.01348	0.01875	0.61150	0.04145	0.06695	0.01100	0.00608	0.00172	0.00281	0.16237	0.00528	0.00466
7	0.86003	0.00964	0.00733	0.00655	0.00964	0.01118	0.00540	0.01465	0.00848	0.02236	0.00694	0.00810	0.00540	0.00463	0.00308	0.00154	0.00386	0.00270	0.00308	0.00540
8	0.01130	0.00691	0.00733	0.00676	0.00866	0.00737	0.00521	0.01742	0.26212	0.07913	0.01783	0.01846	0.01353	0.00615	0.00412	0.00136	0.00300	0.00500	0.51237	0.00599
9	0.01091	0.01091	0.01527	0.01309	0.01309	0.01527	0.01091	0.01200	0.00763	0.01200	0.00654	0.01091	0.00654	0.00872	0.01636	0.00218	0.81570	0.00436	0.00218	0.00545
10	0.01034	0.00886	0.01034	0.00738	0.01181	0.00664	0.00591	0.01255	0.01034	0.01624	0.00886	0.01034	0.00738	0.00369	0.00369	0.00074	0.00369	0.00295	0.00295	0.85530
11	0.01240	0.01071	0.01127	0.01014	0.01296	0.01240	0.00789	0.02649	0.78473	0.02085	0.02029	0.01860	0.01522	0.00676	0.00507	0.00169	0.00394	0.00564	0.00507	0.00789
12	0.00941	0.00886	0.01495	0.81285	0.03433	0.01107	0.01384	0.01274	0.00997	0.01274	0.00886	0.01329	0.00664	0.00498	0.00498	0.00166	0.00664	0.00443	0.00221	0.00554
13	0.00929	0.00465	0.00465	0.00465	0.00581	0.00465	0.00348	0.01161	0.01045	0.01858	0.01626	0.01858	0.01278	0.00581	0.00348	0.00116	0.00232	0.00465	0.85250	0.00465
14	0.44725	0.06388	0.13421	0.00901	0.01258	0.12090	0.00835	0.05146	0.01049	0.01891	0.00931	0.07633	0.00818	0.00567	0.00391	0.00152	0.00520	0.00396	0.00302	0.00586
15	0.01017	0.06815	0.75817	0.01391	0.02111	0.01201	0.01789	0.01574	0.01050	0.01557	0.00884	0.01039	0.00632	0.00471	0.00465	0.00155	0.00726	0.00363	0.00211	0.00732
16	0.00715	0.00479	0.00547	0.00556	0.00559	0.00477	0.00315	0.00722	0.00744	0.00992	0.01668	0.09813	0.01935	0.75764	0.02379	0.00460	0.00467	0.00782	0.00315	0.00311
17	0.03026	0.00873	0.12458	0.00810	0.01020	0.00648	0.00710	0.06747	0.01228	0.03438	0.25489	0.32818	0.06583	0.01100	0.00573	0.00174	0.00362	0.00966	0.00453	0.00521
18	0.01305	0.09911	0.03073	0.00843	0.01231	0.05107	0.00707	0.06365	0.04734	0.12385	0.08831	0.01406	0.01223	0.00512	0.00425	0.00111	0.00430	0.00405	0.00374	0.40621
19	0.01442	0.66451	0.02375	0.00930	0.01333	0.12304	0.00874	0.06915	0.01159	0.01317	0.00739	0.00841	0.00655	0.00450	0.00350	0.00113	0.00582	0.00287	0.00239	0.00646

[dist]
# distance from previous block
# <min> <max>
0	2

[block]
# block no. 2 follows, 50 sequences, length 57
# corresponding to MSA columns:
# 134-190
name=unknown_C
#
# <colnr> <probs for GDERKNQSTAVLIFYWHMCP>
#	G	D	E	R	K	N	Q	S	T	A	V	L	I	F	Y	W	H	M	C	P
0	0.01156	0.13708	0.52332	0.01366	0.01992	0.01257	0.10190	0.03330	0.01118	0.06224	0.02274	0.01136	0.00757	0.00481	0.00469	0.00151	0.00688	0.00398	0.00252	0.00720
1	0.31841	0.04303	0.05257	0.01371	0.10478	0.06939	0.17085	0.04112	0.01128	0.11640	0.00979	0.01113	0.00727	0.00478	0.00438	0.00153	0.00575	0.00400	0.00322	0.00661
2	0.00712	0.00534	0.00801	0.00801	0.00890	0.00623	0.00623	0.00890	0.00801	0.01157	0.01335	0.01958	0.01246	0.03738	0.80507	0.00801	0.01335	0.00534	0.00267	0.00445
3	0.00708	0.00521	0.00693	0.00694	0.00756	0.00566	0.00496	0.00816	0.00813	0.01118	0.01806	0.06847	0.08525	0.29499	0.41537	0.00595	0.02620	0.00688	0.00305	0.00395
4	0.05697	0.21267	0.17497	0.01095	0.02636	0.10633	0.02498	0.03139	0.14597	0.10694	0.01290	0.01374	0.02863	0.00557	0.00444	0.00145	0.00572	0.01969	0.00338	0.00694
5	0.13571	0.10263	0.03228	0.03238	0.05541	0.01385	0.21220	0.28067	0.01521	0.05759	0.01030	0.01162	0.00764	0.00502	0.00475	0.00151	0.00603	0.00441	0.00357	0.00723
6	0.00624	0.00449	0.00596	0.00707	0.00749	0.00421	0.00490	0.00725	0.00979	0.01295	0.02827	0.72267	0.06220	0.01533	0.00639	0.00204	0.00303	0.08100	0.00462	0.00410
7	0.00961	0.04718	0.01150	0.31806	0.08364	0.00880	0.00907	0.01255	0.02851	0.01573	0.08215	0.03653	0.01322	0.00600	0.00471	0.00146	0.01824	0.00509	0.28251	0.00543
8	0.03585	0.04543	0.03847	0.12095	0.11531	0.09948	0.08689	0.28211	0.01556	0.03550	0.02140	0.02647	0.00888	0.00567	0.00528	0.00154	0.02941	0.01523	0.00350	0.00709
9	0.01147	0.01103	0.02037	0.14186	0.29994	0.01127	0.24826	0.01454	0.01103	0.04559	0.01139	0.08558	0.00996	0.00575	0.00597	0.00166	0.04906	0.00578	0.00277	0.00673
10	0.00652	0.00556	0.00566	0.00555	0.00732	0.00496	0.00419	0.00897	0.08089	0.01435	0.07340	0.04496	0.69624	0.01201	0.00582	0.00168	0.00265	0.01003	0.00470	0.00456
11	0.01206	0.06787	0.32824	0.08434	0.23455	0.02731	0.03339	0.05336	0.02650	0.05420	0.01018	0.01262	0.00785	0.00500	0.00482	0.00153	0.00647	0.01970	0.00268	0.00732
12	0.01531	0.10878	0.28149	0.01298	0.04776	0.05000	0.07528	0.10894	0.01330	0.22060	0.01192	0.01233	0.00832	0.00517	0.00475	0.00149	0.00620	0.00420	0.00358	0.00757
13	0.01639	0.02003	0.01446	0.01291	0.01474	0.57615	0.01000	0.01761	0.01225	0.01214	0.00737	0.00954	0.00646	0.00618	0.00793	0.00154	0.24262	0.00354	0.00246	0.00568
14	0.01142	0.00930	0.01408	0.39331	0.09914	0.00971	0.02733	0.04159	0.01110	0.08516	0.01042	0.03009	0.00812	0.00495	0.00470	0.00140	0.00551	0.00434	0.00294	0.22537
15	0.05099	0.36673	0.17216	0.03069	0.03724	0.09652	0.02375	0.08740	0.03719	0.04218	0.00891	0.00996	0.00709	0.00479	0.00405	0.00132	0.00607	0.00341	0.00273	0.00682
16	0.01220	0.01170	0.01998	0.06773	0.75768	0.01181	0.01523	0.01518	0.01128	0.01612	0.00935	0.01238	0.00784	0.00447	0.00494	0.00149	0.00596	0.00444	0.00246	0.00778
17	0.00699	0.00509	0.00658	0.00621	0.00741	0.00468	0.00466	0.00929	0.01397	0.01965	0.75300	0.03779	0.08534	0.01032	0.00588	0.00157	0.00236	0.00909	0.00544	0.00468
18	0.00682	0.00501	0.00639	0.01982	0.00773	0.00463	0.00470	0.00878	0.01279	0.01769	0.52858	0.17505	0.14283	0.01128	0.00590	0.00166	0.00254	0.00995	0.02333	0.00454
19	0.02236	0.00848	0.01157	0.00887	0.01272	0.00733	0.00733	0.02429	0.01427	0.79719	0.01966	0.01697	0.01234	0.00617	0.00501	0.00154	0.00424	0.00501	0.00617	0.00848
20	0.00630	0.00507	0.00561	0.00547	0.00698	0.00438	0.00411	0.00794	0.01232	0.01573	0.30792	0.04424	0.53287	0.01178	0.00589	0.00164	0.00246	0.01000	0.00493	0.00438
21	0.86003	0.00964	0.00733	0.00655	0.00964	0.01118	0.00540	0.01465	0.00848	0.02236	0.00694	0.00810	0.00540	0.00463	0.00308	0.00154	0.00386	0.00270	0.00308	0.00540
22	0.01000	0.02578	0.79900	0.01421	0.02157	0.01158	0.01842	0.01579	0.01052	0.01579	0.00895	0.01052	0.00631	0.00474	0.00474	0.00158	0.00737	0.00368	0.00210	0.00737
23	0.00878	0.00470	0.00476	0.00476	0.00586	0.00462	0.00347	0.01079	0.01025	0.01729	0.01950	0.02267	0.08807	0.07999	0.00568	0.00154	0.00257	0.00544	0.69480	0.00446
24	0.86003	0.00964	0.00733	0.00655	0.00964	0.01118	0.00540	0.01465	0.00848	0.02236	0.00694	0.00810	0.00540	0.00463	0.00308	0.00154	0.00386	0.00270	0.00308	0.00540
25	0.00607	0.00434	0.00578	0.00694	0.00723	0.00405	0.00463	0.00694	0.00954	0.01272	0.02747	0.82157	0.03297	0.01562	0.00636	0.00202	0.00289	0.01417	0.00463	0.00405
26	0.01333	0.82783	0.02612	0.00853	0.01279	0.01972	0.00853	0.01493	0.01013	0.01173	0.00693	0.00800	0.00640	0.00426	0.00320	0.00107	0.00533	0.00267	0.00213	0.00640
27	0.00712	0.00534	0.00801	0.00801	0.00890	0.00623	0.00623	0.00890	0.00801	0.01157	0.01335	0.01958	0.01246	0.03738	0.80507	0.00801	0.01335	0.00534	0.00267	0.00445
28	0.01324	0.80788	0.04534	0.00867	0.01301	0.01952	0.00877	0.01495	0.01014	0.01183	0.00698	0.00806	0.00639	0.00428	0.00324	0.00108	0.00538	0.00269	0.00213	0.00642
29	0.00941	0.00886	0.01495	0.81285	0.03433	0.01107	0.01384	0.01274	0.00997	0.01274	0.00886	0.01329	0.00664	0.00498	0.00498	0.00166	0.00664	0.00443	0.00221	0.00554
30	0.00625	0.00453	0.00592	0.00696	0.00737	0.00428	0.00469	0.00749	0.02898	0.01312	0.04641	0.76378	0.05127	0.01519	0.00631	0.00200	0.00290	0.01374	0.00466	0.00416
31	0.01114	0.01153	0.01875	0.01531	0.03053	0.01457	0.19416	0.01301	0.00869	0.01303	0.00744	0.01154	0.00681	0.00756	0.01364	0.00205	0.60746	0.00473	0.00227	0.00580
32	0.00725	0.00483	0.00544	0.00544	0.00544	0.00483	0.00302	0.00725	0.00725	0.00966	0.01571	0.03262	0.01812	0.82483	0.02537	0.00483	0.00483	0.00725	0.00302	0.00302
33	0.00929	0.00465	0.00465	0.00465	0.00581	0.00465	0.00348	0.01161	0.01045	0.01858	0.01626	0.01858	0.01278	0.00581	0.00348	0.00116	0.00232	0.00465	0.85250	0.00465
34	0.16864	0.06723	0.39242	0.01178	0.04691	0.01116	0.01264	0.03472	0.01090	0.10987	0.00981	0.01078	0.00708	0.00478	0.00429	0.00146	0.00579	0.00358	0.00293	0.08325
35	0.01304	0.01153	0.02035	0.04422	0.48399	0.01114	0.16672	0.01610	0.01163	0.09646	0.01053	0.01292	0.00822	0.00453	0.00505	0.00148	0.00611	0.00468	0.00289	0.06843
36	0.01222	0.40818	0.37068	0.01143	0.01704	0.03231	0.02877	0.01575	0.01056	0.03988	0.00834	0.00956	0.00658	0.00456	0.00403	0.00133	0.00635	0.00328	0.00227	0.00689
37	0.01099	0.00830	0.00936	0.00866	0.02298	0.00882	0.00659	0.01898	0.39721	0.08896	0.18887	0.02786	0.15181	0.00850	0.00540	0.00166	0.00344	0.01987	0.00514	0.00659
38	0.01176	0.01345	0.02941	0.02101	0.02605	0.01261	0.77563	0.01597	0.01176	0.01597	0.01008	0.01345	0.00756	0.00420	0.00588	0.00168	0.00840	0.00588	0.00252	0.00672
39	0.00997	0.00943	0.01620	0.26611	0.29021	0.00992	0.09790	0.01276	0.01073	0.01452	0.01531	0.11359	0.08096	0.00669	0.00528	0.00164	0.00568	0.00632	0.02060	0.00617
40	0.01030	0.01074	0.06213	0.03498	0.35736	0.00976	0.14599	0.01333	0.02593	0.01541	0.03021	0.19056	0.03629	0.00748	0.00550	0.00168	0.00556	0.02713	0.00314	0.00653
41	0.00816	0.00697	0.00842	0.00830	0.00929	0.07785	0.00636	0.00980	0.00852	0.01152	0.01297	0.01935	0.01223	0.07782	0.69029	0.00723	0.01249	0.00525	0.00268	0.00449
42	0.00725	0.00483	0.00544	0.00544	0.00544	0.00483	0.00302	0.00725	0.00725	0.00966	0.01571	0.03262	0.01812	0.82483	0.02537	0.00483	0.00483	0.00725	0.00302	0.00302
43	0.01111	0.02423	0.72831	0.01373	0.02078	0.01119	0.01742	0.01655	0.01086	0.08594	0.00991	0.01110	0.00685	0.00486	0.00476	0.00158	0.00709	0.00380	0.00247	0.00747
44	0.01110	0.01054	0.01796	0.12973	0.56211	0.01075	0.04199	0.01389	0.01099	0.01536	0.01231	0.09873	0.03076	0.00589	0.00515	0.00157	0.00570	0.00568	0.00272	0.00704
45	0.01176	0.01345	0.02941	0.02101	0.02605	0.01261	0.77563	0.01597	0.01176	0.01597	0.01008	0.01345	0.00756	0.00420	0.00588	0.00168	0.00840	0.00588	0.00252	0.00672
46	0.00618	0.00438	0.00575	0.00681	0.00707	0.00412	0.00448	0.00697	0.00934	0.01245	0.02642	0.75074	0.03163	0.08827	0.00807	0.00228	0.00307	0.01355	0.00448	0.00396
47	0.02552	0.16200	0.31152	0.01303	0.04635	0.06410	0.04911	0.16818	0.04559	0.01824	0.00969	0.01092	0.00736	0.00510	0.00485	0.00147	0.02881	0.00387	0.01708	0.00720
48	0.00616	0.00441	0.00586	0.00688	0.00725	0.00411	0.00463	0.00716	0.00995	0.01338	0.09603	0.75116	0.03423	0.01513	0.00632	0.00198	0.00284	0.01371	0.00470	0.00411
49	0.02177	0.00835	0.01138	0.00877	0.01252	0.00722	0.00722	0.02371	0.01426	0.76685	0.04978	0.01776	0.01369	0.00633	0.00505	0.00154	0.00417	0.00517	0.00614	0.00834
50	0.06854	0.07294	0.31452	0.01199	0.05703	0.01067	0.01203	0.03728	0.03889	0.30817	0.01317	0.01301	0.00895	0.00532	0.00466	0.00152	0.00560	0.00417	0.00388	0.00766
51	0.01115	0.03572	0.38113	0.05606	0.38646	0.01186	0.01654	0.01541	0.01088	0.01580	0.00910	0.01144	0.00708	0.00460	0.00481	0.00152	0.00661	0.00405	0.00228	0.00752
52	0.00766	0.00556	0.00696	0.00686	0.00745	0.00605	0.00470	0.00962	0.07734	0.01141	0.01521	0.02631	0.01567	0.44667	0.32526	0.00578	0.00805	0.00637	0.00307	0.00401
53	0.04819	0.16187	0.09424	0.20153	0.17443	0.04886	0.13211	0.01513	0.01079	0.03527	0.00891	0.01152	0.00704	0.00471	0.00493	0.00150	0.02577	0.00415	0.00244	0.00660
54	0.00607	0.00434	0.00578	0.00694	0.00723	0.00405	0.00463	0.00694	0.00954	0.01272	0.02747	0.82157	0.03297	0.01562	0.00636	0.00202	0.00289	0.01417	0.00463	0.00405
55	0.01034	0.00886	0.01034	0.00738	0.01181	0.00664	0.00591	0.01255	0.01034	0.01624	0.00886	0.01034	0.00738	0.00369	0.00369	0.00074	0.00369	0.00295	0.00295	0.85530
56	0.00721	0.00516	0.00659	0.00769	0.00808	0.00472	0.00512	0.00778	0.01023	0.01375	0.02823	0.80952	0.03355	0.01615	0.00679	0.00221	0.00328	0.01435	0.00496	0.00463

[dist]
# distance from previous block
# <min> <max>
0	1

[block]
# block no. 3 follows, 50 sequences, length 22
# corresponding to MSA columns:
# 192-213
name=unknown_D
#
# <colnr> <probs for GDERKNQSTAVLIFYWHMCP>
#	G	D	E	R	K	N	Q	S	T	A	V	L	I	F	Y	W	H	M	C	P
0	0.00607	0.00434	0.00578	0.00694	0.00723	0.00405	0.00463	0.00694	0.00954	0.01272	0.02747	0.82157	0.03297	0.01562	0.00636	0.00202	0.00289	0.01417	0.00463	0.00405
1	0.01091	0.01091	0.01527	0.01309	0.01309	0.01527	0.01091	0.01200	0.00763	0.01200	0.00654	0.01091	0.00654	0.00872	0.01636	0.00218	0.81570	0.00436	0.00218	0.00545
2	0.00888	0.00500	0.00575	0.00612	0.00728	0.00500	0.00497	0.01119	0.01079	0.01739	0.01956	0.03086	0.01797	0.00840	0.00459	0.00153	0.00306	0.25110	0.57591	0.00463
3	0.00941	0.00886	0.01495	0.81285	0.03433	0.01107	0.01384	0.01274	0.00997	0.01274	0.00886	0.01329	0.00664	0.00498	0.00498	0.00166	0.00664	0.00443	0.00221	0.00554
4	0.01901	0.02109	0.01399	0.01230	0.01516	0.63025	0.00940	0.11621	0.01532	0.08806	0.00936	0.01011	0.00723	0.00534	0.00461	0.00134	0.00810	0.00354	0.00321	0.00637
5	0.02176	0.00946	0.01217	0.00933	0.01321	0.00877	0.00771	0.15829	0.01590	0.66088	0.01829	0.01608	0.01165	0.00614	0.00501	0.00153	0.00446	0.00492	0.00596	0.00848
6	0.01330	0.00960	0.01324	0.01120	0.01219	0.01214	0.00920	0.01459	0.00932	0.20108	0.01075	0.01409	0.00897	0.05386	0.03510	0.00229	0.52348	0.00472	0.03488	0.00599
7	0.01296	0.41227	0.24433	0.01132	0.04692	0.01550	0.01153	0.04211	0.08500	0.06073	0.00980	0.01057	0.00769	0.00481	0.00405	0.00133	0.00575	0.00351	0.00275	0.00707
8	0.01333	0.82783	0.02612	0.00853	0.01279	0.01972	0.00853	0.01493	0.01013	0.01173	0.00693	0.00800	0.00640	0.00426	0.00320	0.00107	0.00533	0.00267	0.00213	0.00640
9	0.00711	0.00478	0.00548	0.00561	0.00564	0.00474	0.00320	0.00721	0.00751	0.01002	0.01706	0.12321	0.01983	0.73191	0.02319	0.00451	0.00461	0.00804	0.00320	0.00314
10	0.00845	0.00578	0.00738	0.00770	0.00914	0.00556	0.00624	0.01083	0.04779	0.07308	0.07619	0.13825	0.21139	0.01391	0.05039	0.00230	0.00418	0.31186	0.00469	0.00488
11	0.03134	0.20132	0.24573	0.01352	0.10924	0.01299	0.03592	0.07401	0.04497	0.16794	0.01131	0.01190	0.00825	0.00503	0.00450	0.00144	0.00580	0.00399	0.00331	0.00747
12	0.00589	0.00505	0.00505	0.00505	0.00673	0.00421	0.00379	0.00715	0.01136	0.01347	0.05049	0.04797	0.79171	0.01262	0.00589	0.00168	0.00252	0.01052	0.00463	0.00421
13	0.00604	0.00447	0.00565	0.00660	0.00714	0.00408	0.00448	0.00698	0.00987	0.01286	0.03163	0.68174	0.17011	0.01508	0.00628	0.00196	0.00283	0.01351	0.00463	0.00408
14	0.02702	0.01951	0.39956	0.03125	0.04120	0.10937	0.09872	0.03366	0.04454	0.01553	0.02250	0.03767	0.00896	0.04341	0.00640	0.00175	0.04509	0.00460	0.00261	0.00665
15	0.01058	0.04773	0.01540	0.67354	0.05311	0.04936	0.01311	0.01389	0.02591	0.03743	0.00930	0.01303	0.00701	0.00501	0.00488	0.00161	0.00655	0.00433	0.00242	0.00580
16	0.01809	0.02288	0.01420	0.01286	0.01525	0.75084	0.00972	0.01936	0.01368	0.01219	0.00763	0.00912	0.00643	0.00538	0.00531	0.00135	0.06414	0.00329	0.00254	0.00576
17	0.00912	0.00826	0.01368	0.42405	0.15990	0.00930	0.02892	0.01177	0.01023	0.01355	0.01431	0.20502	0.01427	0.00785	0.00542	0.00175	0.00556	0.04849	0.00296	0.00558
18	0.01433	0.47248	0.11125	0.01076	0.05049	0.04425	0.00998	0.11121	0.03026	0.07013	0.00918	0.00995	0.00736	0.00475	0.00391	0.00125	0.00559	0.00335	0.00289	0.02665
19	0.01224	0.01162	0.01858	0.06243	0.58164	0.03255	0.04778	0.06670	0.01215	0.01676	0.01237	0.04012	0.05192	0.00539	0.00507	0.00152	0.00583	0.00512	0.00282	0.00739
20	0.00616	0.00472	0.00569	0.00623	0.00711	0.00431	0.00438	0.00728	0.01025	0.01316	0.07067	0.41799	0.31282	0.04158	0.06138	0.00238	0.00351	0.01175	0.00448	0.00413
21	0.01077	0.07195	0.10965	0.14017	0.14504	0.01056	0.04245	0.01514	0.10618	0.01566	0.01134	0.05862	0.00959	0.00527	0.00460	0.00136	0.00527	0.00459	0.00293	0.22884

[dist]
# distance from previous block
# <min> <max>
0	3

[block]
# block no. 4 follows, 50 sequences, length 20
# corresponding to MSA columns:
# 218-237
name=unknown_E
#
# <colnr> <probs for GDERKNQSTAVLIFYWHMCP>
#	G	D	E	R	K	N	Q	S	T	A	V	L	I	F	Y	W	H	M	C	P
0	0.55275	0.00962	0.01009	0.25706	0.01760	0.01137	0.00823	0.05329	0.00971	0.01984	0.00779	0.00991	0.00594	0.00481	0.00377	0.00158	0.00481	0.00333	0.00291	0.00560
1	0.86003	0.00964	0.00733	0.00655	0.00964	0.01118	0.00540	0.01465	0.00848	0.02236	0.00694	0.00810	0.00540	0.00463	0.00308	0.00154	0.00386	0.00270	0.00308	0.00540
2	0.00705	0.00510	0.00666	0.00627	0.00745	0.00470	0.00470	0.00941	0.01411	0.01999	0.79110	0.03723	0.04703	0.01019	0.00588	0.00157	0.00235	0.00901	0.00549	0.00470
3	0.00705	0.00510	0.00666	0.00627	0.00745	0.00470	0.00470	0.00941	0.01411	0.01999	0.79110	0.03723	0.04703	0.01019	0.00588	0.00157	0.00235	0.00901	0.00549	0.00470
4	0.01091	0.01091	0.01527	0.01309	0.01309	0.01527	0.01091	0.01200	0.00763	0.01200	0.00654	0.01091	0.00654	0.00872	0.01636	0.00218	0.81570	0.00436	0.00218	0.00545
5	0.01634	0.01266	0.01349	0.01094	0.01446	0.01424	0.00884	0.47799	0.32681	0.02720	0.01528	0.01461	0.01116	0.00629	0.00502	0.00157	0.00487	0.00495	0.00502	0.00824
6	0.00724	0.00487	0.00563	0.00563	0.00569	0.00494	0.00326	0.00737	0.00731	0.00981	0.01553	0.03165	0.01770	0.76610	0.08351	0.00507	0.00547	0.00711	0.00299	0.00313
7	0.01296	0.50780	0.02030	0.00916	0.01286	0.01685	0.00828	0.01945	0.31350	0.01530	0.01216	0.01215	0.00985	0.00524	0.00393	0.00131	0.00479	0.00383	0.00328	0.00698
8	0.86003	0.00964	0.00733	0.00655	0.00964	0.01118	0.00540	0.01465	0.00848	0.02236	0.00694	0.00810	0.00540	0.00463	0.00308	0.00154	0.00386	0.00270	0.00308	0.00540
9	0.01340	0.01124	0.01212	0.01100	0.03832	0.01285	0.00837	0.14066	0.64383	0.02232	0.01867	0.01738	0.01395	0.00657	0.00505	0.00165	0.00424	0.00542	0.00498	0.00798
10	0.00707	0.00462	0.00620	0.00702	0.00750	0.00436	0.00478	0.00791	0.00953	0.05185	0.02536	0.68666	0.02960	0.04629	0.04848	0.02778	0.00361	0.01271	0.00447	0.00420
11	0.01115	0.02311	0.65603	0.01493	0.07419	0.01160	0.01711	0.04246	0.01115	0.05800	0.00959	0.01105	0.00683	0.00494	0.00507	0.00158	0.02746	0.00385	0.00245	0.00745
12	0.01288	0.10841	0.44105	0.01245	0.01799	0.04222	0.04482	0.01717	0.02728	0.15091	0.04105	0.01264	0.00919	0.00532	0.00512	0.00153	0.03557	0.00414	0.00304	0.00721
13	0.02236	0.00848	0.01157	0.00887	0.01272	0.00733	0.00733	0.02429	0.01427	0.79719	0.01966	0.01697	0.01234	0.00617	0.00501	0.00154	0.00424	0.00501	0.00617	0.00848
14	0.01115	0.01594	0.23927	0.04460	0.22637	0.01196	0.28470	0.01521	0.01100	0.01563	0.00986	0.03476	0.00794	0.00497	0.00579	0.00163	0.04475	0.00501	0.00242	0.00704
15	0.03207	0.02830	0.03165	0.12055	0.22038	0.04427	0.03390	0.16860	0.10305	0.14832	0.01262	0.01356	0.00924	0.00540	0.00491	0.00153	0.00560	0.00459	0.00385	0.00759
16	0.00621	0.00471	0.00560	0.00610	0.00695	0.00424	0.00422	0.00731	0.01051	0.01356	0.11939	0.40651	0.29720	0.07451	0.00757	0.00207	0.00285	0.01181	0.00460	0.00410
17	0.00597	0.00474	0.00537	0.00588	0.00695	0.00414	0.00415	0.00706	0.01057	0.01314	0.04043	0.38633	0.45985	0.01393	0.00610	0.00183	0.00269	0.01212	0.00463	0.00414
18	0.03676	0.12996	0.12171	0.00980	0.01415	0.03790	0.00919	0.06878	0.01361	0.48510	0.01519	0.01401	0.01006	0.00562	0.00465	0.00147	0.00506	0.00435	0.00477	0.00787
19	0.00902	0.06519	0.00894	0.00808	0.02750	0.10026	0.00560	0.00987	0.00921	0.01148	0.01679	0.18695	0.01876	0.34719	0.07800	0.00351	0.02246	0.06371	0.00329	0.00419

[dist]
# distance from previous block
# <min> <max>
0	2

[block]
# block no. 5 follows, 50 sequences, length 58
# corresponding to MSA columns:
# 240-297
name=unknown_F
#
# <colnr> <probs for GDERKNQSTAVLIFYWHMCP>
#	G	D	E	R	K	N	Q	S	T	A	V	L	I	F	Y	W	H	M	C	P
0	0.77281	0.01062	0.00874	0.00758	0.01073	0.05637	0.04140	0.01501	0.00896	0.02149	0.00713	0.00840	0.00556	0.00464	0.00329	0.00153	0.00436	0.00288	0.00303	0.00548
1	0.00658	0.00458	0.00575	0.00641	0.00661	0.00445	0.00408	0.00715	0.00858	0.01148	0.02225	0.47808	0.02625	0.33106	0.05052	0.00339	0.00413	0.01107	0.00391	0.00367
2	0.00868	0.00608	0.00883	0.00844	0.00952	0.00707	0.00663	0.01062	0.02277	0.07279	0.01351	0.01896	0.01217	0.04641	0.65627	0.00691	0.07123	0.00528	0.00296	0.00488
3	0.00593	0.00501	0.00514	0.00520	0.00678	0.00421	0.00386	0.00720	0.01132	0.01359	0.06873	0.09592	0.72462	0.01275	0.00592	0.00170	0.00254	0.01071	0.00465	0.00421
4	0.86003	0.00964	0.00733	0.00655	0.00964	0.01118	0.00540	0.01465	0.00848	0.02236	0.00694	0.00810	0.00540	0.00463	0.00308	0.00154	0.00386	0.00270	0.00308	0.00540
5	0.00612	0.00476	0.00553	0.00597	0.00699	0.00421	0.00422	0.00731	0.01084	0.01381	0.12130	0.36539	0.38438	0.02752	0.00642	0.00187	0.00270	0.01180	0.00469	0.00418
6	0.01862	0.02376	0.01413	0.01284	0.01541	0.80482	0.00963	0.01990	0.01413	0.01220	0.00770	0.00899	0.00642	0.00514	0.00449	0.00128	0.00899	0.00321	0.00257	0.00578
7	0.86003	0.00964	0.00733	0.00655	0.00964	0.01118	0.00540	0.01465	0.00848	0.02236	0.00694	0.00810	0.00540	0.00463	0.00308	0.00154	0.00386	0.00270	0.00308	0.00540
8	0.00929	0.00465	0.00465	0.00465	0.00581	0.00465	0.00348	0.01161	0.01045	0.01858	0.01626	0.01858	0.01278	0.00581	0.00348	0.00116	0.00232	0.00465	0.85250	0.00465
9	0.01895	0.01396	0.01496	0.01147	0.01546	0.01546	0.00947	0.77711	0.02344	0.03141	0.01197	0.01197	0.00848	0.00598	0.00499	0.00150	0.00548	0.00449	0.00499	0.00848
10	0.00607	0.00434	0.00578	0.00694	0.00723	0.00405	0.00463	0.00694	0.00954	0.01272	0.02747	0.82157	0.03297	0.01562	0.00636	0.00202	0.00289	0.01417	0.00463	0.00405
11	0.01220	0.01170	0.01999	0.06691	0.75848	0.01181	0.01523	0.01518	0.01129	0.01612	0.00935	0.01238	0.00784	0.00447	0.00494	0.00149	0.00596	0.00444	0.00246	0.00779
12	0.01240	0.01092	0.01135	0.01023	0.01293	0.03158	0.00795	0.02562	0.73300	0.02028	0.01976	0.03202	0.01509	0.00693	0.00537	0.00170	0.02456	0.00569	0.00493	0.00771
13	0.01139	0.10343	0.56462	0.01327	0.04485	0.01193	0.01543	0.04992	0.01147	0.06107	0.04581	0.01200	0.00873	0.00505	0.00465	0.00150	0.00655	0.00395	0.00265	0.02171
14	0.01214	0.09448	0.57736	0.01356	0.03939	0.03185	0.03114	0.01686	0.01109	0.11207	0.01009	0.01116	0.00714	0.00486	0.00465	0.00152	0.00682	0.00381	0.00264	0.00738
15	0.01835	0.02335	0.01473	0.01317	0.01583	0.77325	0.04015	0.01975	0.01403	0.01235	0.00780	0.00917	0.00647	0.00510	0.00455	0.00130	0.00897	0.00332	0.00257	0.00582
16	0.00978	0.00532	0.00711	0.00731	0.00847	0.00482	0.00522	0.01096	0.01086	0.18936	0.06239	0.58879	0.04348	0.01318	0.00603	0.00189	0.00316	0.01180	0.00501	0.00508
17	0.01264	0.01970	0.43212	0.01545	0.10455	0.03907	0.06715	0.10295	0.07635	0.06605	0.01096	0.01210	0.00793	0.00508	0.00490	0.00156	0.00665	0.00423	0.00301	0.00756
18	0.00705	0.00510	0.00666	0.00627	0.00745	0.00470	0.00470	0.00941	0.01411	0.01999	0.79110	0.03723	0.04703	0.01019	0.00588	0.00157	0.00235	0.00901	0.00549	0.00470
19	0.01174	0.00613	0.00816	0.00707	0.00906	0.00551	0.00551	0.01396	0.01416	0.25801	0.55484	0.03103	0.03641	0.00896	0.00561	0.00156	0.00293	0.00779	0.00570	0.00586
20	0.01528	0.01006	0.01610	0.26281	0.16617	0.01037	0.08138	0.07050	0.01280	0.28458	0.01300	0.01430	0.00905	0.00529	0.00507	0.00158	0.00576	0.00477	0.00384	0.00730
21	0.01299	0.01336	0.08386	0.03466	0.21501	0.01201	0.37212	0.04820	0.03267	0.08770	0.01093	0.01327	0.00818	0.00475	0.00567	0.00162	0.02762	0.00514	0.00296	0.00728
22	0.00605	0.00461	0.00557	0.00627	0.00707	0.00413	0.00434	0.00712	0.01035	0.01328	0.06697	0.52519	0.29236	0.01437	0.00618	0.00189	0.00274	0.01271	0.00466	0.00413
23	0.01074	0.00910	0.01055	0.00757	0.01198	0.00705	0.00607	0.04802	0.01094	0.01695	0.00900	0.01041	0.00743	0.00380	0.00375	0.00077	0.00377	0.00302	0.00305	0.81601
24	0.01645	0.26723	0.01737	0.01119	0.01423	0.53118	0.00904	0.01783	0.01279	0.01211	0.00935	0.01040	0.04085	0.00520	0.00416	0.00124	0.00759	0.00337	0.00253	0.00590
25	0.03404	0.45495	0.30427	0.01105	0.01639	0.03156	0.03830	0.01557	0.01046	0.03138	0.00807	0.00932	0.00652	0.00450	0.00391	0.00130	0.00618	0.00321	0.00226	0.00677
26	0.01017	0.00834	0.01315	0.46995	0.10530	0.00970	0.01117	0.06009	0.01037	0.01401	0.00966	0.01386	0.00774	0.00729	0.00749	0.15648	0.00573	0.00443	0.06976	0.00529
27	0.00593	0.00499	0.00515	0.00524	0.00679	0.00420	0.00388	0.00718	0.01125	0.01352	0.06261	0.11760	0.70895	0.01285	0.00593	0.00171	0.00255	0.01082	0.00464	0.00420
28	0.00770	0.00550	0.00765	0.00880	0.00980	0.00545	0.00745	0.00975	0.01115	0.01454	0.02657	0.18625	0.02941	0.01408	0.00680	0.00225	0.00430	0.63345	0.00460	0.00450
29	0.00632	0.00463	0.00594	0.00654	0.00723	0.00425	0.00455	0.00765	0.01102	0.01482	0.24197	0.51566	0.12347	0.01377	0.00617	0.00186	0.00270	0.01232	0.00487	0.00425
30	0.01000	0.02578	0.79900	0.01421	0.02157	0.01158	0.01842	0.01579	0.01052	0.01579	0.00895	0.01052	0.00631	0.00474	0.00474	0.00158	0.00737	0.00368	0.00210	0.00737
31	0.01240	0.01071	0.01127	0.01014	0.01296	0.01240	0.00789	0.02649	0.78473	0.02085	0.02029	0.01860	0.01522	0.00676	0.00507	0.00169	0.00394	0.00564	0.00507	0.00789
32	0.01333	0.82783	0.02612	0.00853	0.01279	0.01972	0.00853	0.01493	0.01013	0.01173	0.00693	0.00800	0.00640	0.00426	0.00320	0.00107	0.00533	0.00267	0.00213	0.00640
33	0.01333	0.00796	0.00849	0.00717	0.00944	0.00838	0.00571	0.26436	0.01498	0.07395	0.01507	0.01630	0.01133	0.00589	0.00408	0.00130	0.00349	0.00462	0.51800	0.00616
34	0.01034	0.00886	0.01034	0.00738	0.01181	0.00664	0.00591	0.01255	0.01034	0.01624	0.00886	0.01034	0.00738	0.00369	0.00369	0.00074	0.00369	0.00295	0.00295	0.85530
35	0.00866	0.00433	0.00649	0.00649	0.00649	0.00433	0.00433	0.00649	0.00649	0.00866	0.00866	0.01515	0.00866	0.01732	0.01948	0.85498	0.00433	0.00433	0.00216	0.00216
36	0.00929	0.00465	0.00465	0.00465	0.00581	0.00465	0.00348	0.01161	0.01045	0.01858	0.01626	0.01858	0.01278	0.00581	0.00348	0.00116	0.00232	0.00465	0.85250	0.00465
37	0.45381	0.01667	0.35474	0.01000	0.01500	0.01120	0.01119	0.01553	0.00961	0.05035	0.00833	0.00951	0.00608	0.00474	0.00389	0.00156	0.00541	0.00322	0.00278	0.00638
38	0.00589	0.00505	0.00505	0.00505	0.00673	0.00421	0.00379	0.00715	0.01136	0.01347	0.05049	0.04797	0.79171	0.01262	0.00589	0.00168	0.00252	0.01052	0.00463	0.00421
39	0.00954	0.00899	0.01518	0.77854	0.06763	0.01111	0.01391	0.01285	0.01003	0.01289	0.00888	0.01325	0.00670	0.00496	0.00498	0.00165	0.00661	0.00443	0.00223	0.00564
40	0.01103	0.00894	0.01048	0.00753	0.01192	0.00684	0.00604	0.02780	0.01076	0.05078	0.00939	0.01066	0.00762	0.00384	0.00377	0.00079	0.00375	0.00307	0.00313	0.80184
41	0.01738	0.01318	0.01407	0.01115	0.01486	0.01472	0.00909	0.59717	0.20594	0.02888	0.01396	0.01356	0.01009	0.00617	0.00501	0.00154	0.00512	0.00476	0.00501	0.00834
42	0.01091	0.01091	0.01527	0.01309	0.01309	0.01527	0.01091	0.01200	0.00763	0.01200	0.00654	0.01091	0.00654	0.00872	0.01636	0.00218	0.81570	0.00436	0.00218	0.00545
43	0.02236	0.00848	0.01157	0.00887	0.01272	0.00733	0.00733	0.02429	0.01427	0.79719	0.01966	0.01697	0.01234	0.00617	0.00501	0.00154	0.00424	0.00501	0.00617	0.00848
44	0.67125	0.01026	0.00871	0.00743	0.01064	0.01171	0.00612	0.15135	0.01132	0.03900	0.00833	0.00923	0.00627	0.00493	0.00347	0.00152	0.00412	0.00311	0.02522	0.00599
45	0.01558	0.01207	0.01458	0.01170	0.01413	0.02929	0.03529	0.37680	0.01592	0.08463	0.01097	0.01348	0.00878	0.06471	0.01008	0.00196	0.26439	0.00471	0.00392	0.00701
46	0.01200	0.01304	0.09064	0.05836	0.66971	0.01182	0.04090	0.01527	0.01124	0.01609	0.00934	0.01225	0.00769	0.00448	0.00495	0.00150	0.00616	0.00442	0.00243	0.00772
47	0.00981	0.00892	0.01214	0.01068	0.01087	0.01181	0.00850	0.02809	0.00795	0.01185	0.00958	0.01700	0.00997	0.20353	0.10687	0.00344	0.51651	0.00515	0.00250	0.00484
48	0.00685	0.00505	0.00640	0.00613	0.00734	0.00460	0.00457	0.00898	0.01351	0.01873	0.65160	0.07582	0.15033	0.01079	0.00590	0.00161	0.00240	0.00947	0.00533	0.00460
49	0.01207	0.01172	0.05365	0.07689	0.30057	0.01151	0.11618	0.04708	0.19990	0.03782	0.07021	0.01594	0.01249	0.00555	0.00517	0.00159	0.00558	0.00525	0.00349	0.00734
50	0.01368	0.01121	0.01189	0.01034	0.01337	0.01281	0.00814	0.15114	0.64343	0.03755	0.01889	0.01746	0.01404	0.00662	0.00506	0.00166	0.00421	0.00543	0.00508	0.00800
51	0.01226	0.01177	0.02010	0.05053	0.77438	0.01182	0.01526	0.01523	0.01131	0.01619	0.00936	0.01236	0.00786	0.00445	0.00494	0.00148	0.00594	0.00444	0.00246	0.00784
52	0.00725	0.00490	0.00600	0.00603	0.00622	0.00507	0.00376	0.00754	0.00743	0.01009	0.01527	0.05027	0.01700	0.61335	0.18088	0.03927	0.00647	0.00693	0.00296	0.00330
53	0.01203	0.01114	0.11702	0.00896	0.02827	0.00751	0.00797	0.01470	0.01094	0.12695	0.01041	0.01134	0.00795	0.00420	0.00404	0.00098	0.00431	0.00337	0.00329	0.60460
54	0.01446	0.01065	0.01165	0.01001	0.01307	0.01185	0.00792	0.12611	0.55061	0.12882	0.04550	0.01812	0.01501	0.00669	0.00508	0.00164	0.00414	0.00551	0.00523	0.00794
55	0.00725	0.00532	0.00682	0.00640	0.00765	0.00500	0.00481	0.01004	0.04476	0.01990	0.74650	0.03669	0.05973	0.01010	0.00585	0.00157	0.00242	0.00891	0.00545	0.00482
56	0.01234	0.01184	0.02023	0.03059	0.79373	0.01184	0.01530	0.01530	0.01135	0.01628	0.00938	0.01234	0.00790	0.00444	0.00493	0.00148	0.00592	0.00444	0.00247	0.00790
57	0.01234	0.01184	0.02023	0.03059	0.79373	0.01184	0.01530	0.01530	0.01135	0.01628	0.00938	0.01234	0.00790	0.00444	0.00493	0.00148	0.00592	0.00444	0.00247	0.00790

[dist]
# distance from previous block
# <min> <max>
0	3

[block]
# block no. 6 follows, 50 sequences, length 31
# corresponding to MSA columns:
# 301-331
name=unknown_G
#
# <colnr> <probs for GDERKNQSTAVLIFYWHMCP>
#	G	D	E	R	K	N	Q	S	T	A	V	L	I	F	Y	W	H	M	C	P
0	0.01046	0.07461	0.65814	0.01531	0.07354	0.01216	0.05650	0.01571	0.01062	0.01557	0.00891	0.01064	0.00649	0.00466	0.00471	0.00154	0.00719	0.00378	0.00215	0.00731
1	0.01234	0.01184	0.02023	0.03059	0.79373	0.01184	0.01530	0.01530	0.01135	0.01628	0.00938	0.01234	0.00790	0.00444	0.00493	0.00148	0.00592	0.00444	0.00247	0.00790
2	0.00866	0.00433	0.00649	0.00649	0.00649	0.00433	0.00433	0.00649	0.00649	0.00866	0.00866	0.01515	0.00866	0.01732	0.01948	0.85498	0.00433	0.00433	0.00216	0.00216
3	0.01269	0.07077	0.16577	0.01259	0.01685	0.01314	0.12474	0.11210	0.37684	0.01979	0.01468	0.01476	0.01096	0.00573	0.00499	0.00160	0.00554	0.00496	0.00391	0.00758
4	0.01604	0.01168	0.12147	0.06751	0.14570	0.00905	0.01046	0.04163	0.01261	0.35559	0.01374	0.01382	0.00946	0.00519	0.00474	0.00141	0.00506	0.00434	0.00416	0.14631
5	0.04863	0.31226	0.29694	0.01092	0.01606	0.02723	0.02575	0.04900	0.03807	0.10314	0.00998	0.01073	0.00751	0.00486	0.00416	0.00138	0.00590	0.00357	0.01689	0.00704
