[name]
unknown

[dist]
# distance from previous block
# <min> <max>
0	99

[block]
# block no. 0 follows, 49 sequences, length 37
# corresponding to MSA columns:
# 99-135
name=unknown_A
#
# <colnr> <probs for GDERKNQSTAVLIFYWHMCP>
#	G	D	E	R	K	N	Q	S	T	A	V	L	I	F	Y	W	H	M	C	P
0	0.18168	0.04198	0.07063	0.02520	0.11579	0.00906	0.00936	0.01424	0.01112	0.09856	0.01678	0.02938	0.01609	0.00847	0.00529	0.00182	0.00490	0.30135	0.00385	0.03448
1	0.04550	0.00829	0.00976	0.00793	0.01107	0.00766	0.00638	0.12947	0.01427	0.32544	0.02740	0.05393	0.25097	0.00834	0.00523	0.00156	0.00385	0.00681	0.00518	0.07097
2	0.01311	0.01125	0.01704	0.11214	0.44587	0.01188	0.01286	0.04554	0.18994	0.06979	0.01280	0.01439	0.00991	0.00529	0.00505	0.00158	0.00550	0.00482	0.00343	0.00780
3	0.01495	0.01198	0.01256	0.00958	0.01361	0.05766	0.00775	0.35201	0.01678	0.04266	0.01275	0.01325	0.04781	0.00539	0.00453	0.00119	0.00483	0.00415	0.00406	0.36250
4	0.01657	0.01401	0.01258	0.01063	0.01376	0.19889	0.00838	0.22962	0.20910	0.12238	0.04014	0.01730	0.07058	0.00673	0.00506	0.00154	0.00553	0.00521	0.00464	0.00736
5	0.00634	0.00473	0.00572	0.00629	0.00703	0.00431	0.00430	0.00740	0.01044	0.01358	0.11457	0.44287	0.23960	0.09856	0.00828	0.00221	0.00298	0.01207	0.00462	0.00411
6	0.00724	0.00536	0.00785	0.00785	0.00866	0.00617	0.00598	0.00885	0.00805	0.01154	0.01379	0.02125	0.01324	0.11975	0.72124	0.00779	0.01264	0.00562	0.00275	0.00436
7	0.01849	0.00772	0.01016	0.00810	0.01140	0.00666	0.00658	0.02036	0.01393	0.59458	0.08405	0.02445	0.15516	0.00775	0.00531	0.00159	0.00384	0.00640	0.00592	0.00753
8	0.01708	0.00739	0.00980	0.00793	0.01094	0.00644	0.00639	0.01907	0.01411	0.52082	0.20846	0.02567	0.10750	0.00797	0.00540	0.00159	0.00365	0.00669	0.00592	0.00720
9	0.34895	0.00750	0.00705	0.00657	0.00889	0.00776	0.00512	0.04165	0.01078	0.07700	0.02615	0.14367	0.27294	0.00925	0.00480	0.00168	0.00341	0.00739	0.00420	0.00523
10	0.00717	0.00576	0.02955	0.00636	0.00781	0.00490	0.00500	0.00950	0.01367	0.01916	0.63104	0.03777	0.14970	0.01035	0.00584	0.00159	0.00256	0.00903	0.03847	0.00478
11	0.01258	0.01086	0.01143	0.01029	0.01315	0.01258	0.00800	0.02687	0.78161	0.02115	0.02058	0.01887	0.01544	0.00686	0.00515	0.00172	0.00400	0.00572	0.00515	0.00800
12	0.01215	0.00721	0.00785	0.00699	0.00904	0.00742	0.00542	0.10759	0.12140	0.10986	0.02004	0.05427	0.07249	0.02774	0.00500	0.00151	0.00331	0.00580	0.40891	0.00600
13	0.00660	0.00469	0.00587	0.00645	0.00720	0.00432	0.00450	0.00798	0.01102	0.01507	0.19591	0.47949	0.14157	0.01346	0.00606	0.00184	0.00272	0.01198	0.06894	0.00432
14	0.70675	0.01057	0.00883	0.00755	0.01084	0.01213	0.00622	0.15174	0.01134	0.02434	0.00796	0.00892	0.00604	0.00494	0.00348	0.00156	0.00421	0.00307	0.00348	0.00604
15	0.00735	0.00490	0.00552	0.00552	0.00552	0.00490	0.00306	0.00735	0.00735	0.00980	0.01593	0.03309	0.01838	0.82229	0.02574	0.00490	0.00490	0.00735	0.00306	0.00306
16	0.00876	0.00540	0.00672	0.00660	0.00799	0.00482	0.00483	0.01024	0.01191	0.12631	0.22160	0.28294	0.22868	0.04111	0.00670	0.00188	0.00297	0.01054	0.00508	0.00492
17	0.00997	0.00523	0.00529	0.00509	0.00643	0.00532	0.00387	0.05370	0.01133	0.01957	0.01626	0.01848	0.01272	0.00590	0.00362	0.00120	0.00253	0.00470	0.80386	0.00493
18	0.00693	0.00473	0.00564	0.00605	0.00616	0.00462	0.00364	0.00724	0.00817	0.01090	0.02014	0.30998	0.02369	0.53816	0.01894	0.00390	0.00421	0.00983	0.00364	0.00343
19	0.01839	0.00766	0.01036	0.00827	0.01143	0.00670	0.00670	0.02047	0.01443	0.58018	0.23240	0.02290	0.02225	0.00739	0.00533	0.00157	0.00377	0.00621	0.00607	0.00755
20	0.00616	0.00462	0.00565	0.00646	0.00712	0.00418	0.00440	0.00711	0.01009	0.01299	0.03377	0.57766	0.23885	0.04704	0.00709	0.00207	0.00291	0.01309	0.00463	0.00411
21	0.02087	0.01152	0.01354	0.01038	0.01436	0.01175	0.00857	0.41713	0.01935	0.39488	0.01586	0.01456	0.01047	0.00616	0.00507	0.00154	0.00496	0.00481	0.00563	0.00860
22	0.01803	0.00963	0.01119	0.00886	0.01212	0.00974	0.00723	0.29445	0.01687	0.31780	0.01622	0.01578	0.01120	0.00610	0.00468	0.00145	0.00426	0.00480	0.22197	0.00761
23	0.01476	0.00872	0.01041	0.00890	0.01172	0.00893	0.00703	0.02194	0.33314	0.28708	0.20479	0.02284	0.02219	0.00749	0.00532	0.00163	0.00372	0.00632	0.00563	0.00743
24	0.02192	0.00878	0.01171	0.00909	0.01293	0.00782	0.00748	0.02481	0.07258	0.73569	0.02000	0.01734	0.01274	0.00630	0.00509	0.00158	0.00428	0.00513	0.00617	0.00856
25	0.00678	0.00507	0.00602	0.00590	0.00720	0.00454	0.00438	0.00867	0.01281	0.01734	0.43527	0.09982	0.30353	0.01140	0.00589	0.00165	0.00249	0.00986	0.04686	0.00454
26	0.64018	0.00853	0.00694	0.00636	0.00869	0.00969	0.00486	0.01294	0.00829	0.01939	0.00932	0.01458	0.00878	0.21406	0.00892	0.00242	0.00417	0.00392	0.00311	0.00486
27	0.00637	0.00488	0.00584	0.00615	0.00721	0.00435	0.00440	0.00781	0.01163	0.01522	0.24664	0.32213	0.31268	0.01321	0.00614	0.00180	0.00265	0.01158	0.00494	0.00435
28	0.01049	0.00899	0.01049	0.00749	0.01198	0.00674	0.00599	0.01273	0.01049	0.01648	0.00899	0.01049	0.00749	0.00374	0.00374	0.00075	0.00374	0.00300	0.00300	0.85320
29	0.00746	0.00593	0.00744	0.00718	0.03115	0.00532	0.03524	0.00954	0.02992	0.04178	0.24367	0.04083	0.47246	0.01184	0.02608	0.00183	0.00322	0.00946	0.00479	0.00485
30	0.00878	0.00439	0.00659	0.00659	0.00659	0.00439	0.00439	0.00659	0.00659	0.00878	0.00878	0.01537	0.00878	0.01757	0.01976	0.85288	0.00439	0.00439	0.00220	0.00220
31	0.62697	0.00945	0.00862	0.00730	0.01064	0.01026	0.00602	0.01757	0.01023	0.23609	0.01061	0.01070	0.00742	0.00513	0.00367	0.00156	0.00402	0.00339	0.00399	0.00634
32	0.00772	0.00615	0.00917	0.03562	0.01036	0.00749	0.00710	0.00950	0.00815	0.01183	0.01264	0.01869	0.01179	0.03365	0.68976	0.00727	0.10054	0.00528	0.00264	0.00466
33	0.00726	0.00526	0.00732	0.00732	0.00794	0.00588	0.00531	0.00851	0.00789	0.01114	0.01428	0.02396	0.01442	0.28076	0.56185	0.00713	0.01087	0.00602	0.00282	0.00407
34	0.01165	0.31662	0.43525	0.06550	0.01928	0.02776	0.01439	0.02981	0.01080	0.01454	0.00836	0.00993	0.00650	0.00468	0.00425	0.00141	0.00666	0.00342	0.00222	0.00698
35	0.18596	0.19209	0.04477	0.04189	0.01489	0.06989	0.00909	0.34452	0.01608	0.02296	0.00946	0.01026	0.00721	0.00526	0.00423	0.00143	0.00556	0.00366	0.00365	0.00716
36	0.01121	0.00898	0.01261	0.32627	0.02122	0.00898	0.02317	0.01471	0.06488	0.08853	0.01294	0.01484	0.04676	0.00518	0.00464	0.00133	0.00503	0.00441	0.00323	0.32109

[dist]
# distance from previous block
# <min> <max>
2	9

[block]
# block no. 1 follows, 49 sequences, length 16
# corresponding to MSA columns:
# 145-160
name=unknown_B
#
# <colnr> <probs for GDERKNQSTAVLIFYWHMCP>
#	G	D	E	R	K	N	Q	S	T	A	V	L	I	F	Y	W	H	M	C	P
0	0.01020	0.01362	0.27300	0.00984	0.01347	0.00880	0.00988	0.08640	0.02796	0.03467	0.01290	0.04590	0.01196	0.23055	0.10064	0.00316	0.00659	0.00535	0.00308	0.09202
1	0.01302	0.70690	0.14055	0.00951	0.01430	0.01878	0.01014	0.01527	0.01033	0.01251	0.00733	0.00849	0.00648	0.00440	0.00348	0.00116	0.00571	0.00286	0.00216	0.00664
2	0.01031	0.01007	0.01664	0.62849	0.10985	0.03235	0.06247	0.01356	0.01039	0.01345	0.00900	0.01318	0.00692	0.00510	0.00554	0.00168	0.03821	0.00455	0.00230	0.00594
3	0.85801	0.00978	0.00743	0.00665	0.00978	0.01134	0.00548	0.01486	0.00861	0.02269	0.00704	0.00821	0.00548	0.00469	0.00313	0.00156	0.00391	0.00274	0.00313	0.00548
4	0.00722	0.00542	0.00813	0.00813	0.00903	0.00632	0.00632	0.00903	0.00813	0.01174	0.01354	0.01987	0.01264	0.03792	0.80225	0.00813	0.01354	0.00542	0.00271	0.00451
5	0.00735	0.00490	0.00552	0.00552	0.00552	0.00490	0.00306	0.00735	0.00735	0.00980	0.01593	0.03309	0.01838	0.82229	0.02574	0.00490	0.00490	0.00735	0.00306	0.00306
6	0.74399	0.01038	0.00848	0.00733	0.01058	0.01193	0.00604	0.11804	0.01067	0.02394	0.00773	0.00875	0.00590	0.00488	0.00339	0.00156	0.00414	0.00298	0.00339	0.00590
7	0.01021	0.00869	0.01019	0.00746	0.01168	0.00657	0.00591	0.01236	0.01043	0.01625	0.01021	0.06281	0.00917	0.00453	0.00392	0.00083	0.00369	0.00373	0.00311	0.79824
8	0.00819	0.00461	0.00614	0.00614	0.00614	0.00461	0.00384	0.00691	0.00691	0.00921	0.01177	0.02278	0.01280	0.35416	0.02226	0.49820	0.00461	0.00563	0.00256	0.00256
9	0.01267	0.01215	0.02115	0.13547	0.44999	0.01244	0.16991	0.09245	0.01265	0.01751	0.00985	0.01284	0.00782	0.00469	0.00522	0.00157	0.00658	0.00481	0.00274	0.00749
10	0.00904	0.00784	0.01279	0.01463	0.22234	0.00751	0.08578	0.01168	0.01301	0.01837	0.44870	0.07842	0.03194	0.00849	0.00574	0.00161	0.00403	0.00790	0.00437	0.00582
11	0.00943	0.00471	0.00471	0.00471	0.00589	0.00471	0.00353	0.01178	0.01060	0.01885	0.01650	0.01885	0.01296	0.00589	0.00353	0.00118	0.00236	0.00471	0.85036	0.00471
12	0.01173	0.01181	0.02192	0.19368	0.42263	0.01206	0.22093	0.01515	0.01133	0.01567	0.00960	0.01303	0.00765	0.00456	0.00528	0.00160	0.00685	0.00490	0.00246	0.00718
13	0.01087	0.01403	0.14822	0.01848	0.09151	0.01116	0.44923	0.01495	0.01211	0.01691	0.14526	0.01726	0.01446	0.00543	0.00569	0.00165	0.00706	0.00603	0.00301	0.00668
14	0.00622	0.00450	0.00599	0.00703	0.00743	0.00426	0.00477	0.00718	0.00966	0.01286	0.02794	0.73179	0.06525	0.01718	0.05955	0.00244	0.00363	0.01361	0.00456	0.00414
15	0.07296	0.01194	0.01224	0.01026	0.01359	0.06554	0.00819	0.18768	0.35588	0.18155	0.01685	0.01569	0.01208	0.00631	0.00494	0.00160	0.00474	0.00497	0.00505	0.00794

[dist]
# distance from previous block
# <min> <max>
7	11

[block]
# block no. 2 follows, 49 sequences, length 64
# corresponding to MSA columns:
# 173-236
name=unknown_C
#
# <colnr> <probs for GDERKNQSTAVLIFYWHMCP>
#	G	D	E	R	K	N	Q	S	T	A	V	L	I	F	Y	W	H	M	C	P
0	0.00821	0.00628	0.00772	0.06486	0.00997	0.03617	0.00567	0.01054	0.01386	0.04343	0.63512	0.03488	0.08438	0.00977	0.00582	0.00159	0.00303	0.00854	0.00518	0.00497
1	0.23466	0.01279	0.01406	0.01089	0.01479	0.01401	0.06366	0.49378	0.01849	0.02777	0.01056	0.01117	0.00768	0.00549	0.00458	0.00151	0.00528	0.00413	0.00430	0.04038
2	0.01057	0.00995	0.01683	0.44604	0.33411	0.01122	0.01411	0.01369	0.01054	0.01427	0.00950	0.01353	0.00764	0.00704	0.05857	0.00204	0.00691	0.00456	0.00238	0.00650
3	0.00735	0.00490	0.00552	0.00552	0.00552	0.00490	0.00306	0.00735	0.00735	0.00980	0.01593	0.03309	0.01838	0.82229	0.02574	0.00490	0.00490	0.00735	0.00306	0.00306
4	0.01088	0.01091	0.01826	0.50992	0.18110	0.04670	0.12179	0.01422	0.01083	0.01407	0.00921	0.01312	0.00711	0.00484	0.00515	0.00164	0.00696	0.00465	0.00236	0.00627
5	0.00852	0.00688	0.00838	0.00723	0.00981	0.00555	0.00539	0.01024	0.01044	0.01533	0.07295	0.33441	0.02074	0.00904	0.00498	0.00133	0.00332	0.00797	0.00386	0.45362
6	0.01737	0.12688	0.01606	0.01093	0.01474	0.02639	0.00914	0.57407	0.06783	0.02723	0.01265	0.05129	0.00991	0.00634	0.00487	0.00149	0.00537	0.00483	0.00461	0.00801
7	0.18425	0.06892	0.01319	0.05958	0.01468	0.23992	0.00856	0.07608	0.09367	0.14856	0.01135	0.01182	0.00843	0.00558	0.00484	0.00150	0.03477	0.00390	0.00371	0.00669
8	0.07595	0.00704	0.00891	0.00747	0.00988	0.00649	0.00580	0.01655	0.01298	0.37420	0.26880	0.02553	0.02432	0.12386	0.00818	0.00205	0.00374	0.00656	0.00535	0.00634
9	0.00733	0.00525	0.00656	0.00618	0.00755	0.00474	0.00465	0.00948	0.01375	0.03967	0.61725	0.03944	0.19785	0.01073	0.00594	0.00161	0.00247	0.00935	0.00541	0.00477
10	0.00855	0.00699	0.00679	0.00665	0.00705	0.08873	0.00420	0.00893	0.00819	0.01033	0.01476	0.02880	0.01637	0.63134	0.12768	0.00496	0.00650	0.00666	0.00297	0.00355
11	0.01058	0.00615	0.00772	0.00685	0.00882	0.00558	0.00530	0.01313	0.04493	0.19087	0.43539	0.03467	0.19034	0.00980	0.00574	0.00161	0.00291	0.00842	0.00552	0.00565
12	0.01874	0.01338	0.01440	0.01111	0.01498	0.01470	0.00916	0.69959	0.02262	0.05882	0.01269	0.01274	0.00901	0.00607	0.00497	0.00150	0.00532	0.00458	0.05725	0.00836
13	0.85801	0.00978	0.00743	0.00665	0.00978	0.01134	0.00548	0.01486	0.00861	0.02269	0.00704	0.00821	0.00548	0.00469	0.00313	0.00156	0.00391	0.00274	0.00313	0.00548
14	0.00622	0.00471	0.00577	0.00655	0.00734	0.00425	0.00461	0.00733	0.01044	0.01341	0.05171	0.53050	0.26305	0.01471	0.00632	0.00195	0.00289	0.04932	0.00471	0.00420
15	0.00788	0.00516	0.00678	0.00746	0.00824	0.00491	0.00534	0.00954	0.03800	0.06866	0.07338	0.56893	0.03115	0.04477	0.00707	0.00212	0.00331	0.09788	0.00481	0.00463
16	0.01974	0.00823	0.01078	0.00852	0.01206	0.00727	0.00695	0.02229	0.05682	0.63981	0.02445	0.02179	0.12338	0.00723	0.00522	0.00159	0.00404	0.00592	0.00597	0.00795
17	0.00790	0.00614	0.00709	0.00671	0.00838	0.00586	0.00519	0.05709	0.06521	0.01825	0.36348	0.04031	0.31333	0.01101	0.00593	0.00169	0.00292	0.06335	0.00512	0.00503
18	0.34969	0.00705	0.00684	0.00666	0.00858	0.00740	0.00505	0.01172	0.00984	0.07219	0.03618	0.22950	0.11802	0.06406	0.00619	0.00195	0.00353	0.02766	0.02292	0.00497
19	0.24182	0.01246	0.01269	0.01000	0.01374	0.01380	0.00825	0.51117	0.01891	0.07461	0.01135	0.01155	0.00810	0.00571	0.00451	0.00153	0.00498	0.00411	0.02303	0.00769
20	0.01381	0.00881	0.00946	0.00800	0.01047	0.00942	0.00642	0.29035	0.06976	0.06140	0.01575	0.01774	0.01212	0.00634	0.00440	0.00140	0.00382	0.03235	0.41166	0.00654
21	0.01467	0.00748	0.00919	0.00779	0.01052	0.00691	0.00616	0.04562	0.08531	0.36162	0.08781	0.08489	0.21417	0.00898	0.00545	0.00164	0.00359	0.00752	0.02393	0.00674
22	0.01126	0.00656	0.00810	0.00752	0.00922	0.00636	0.00561	0.06816	0.06079	0.16997	0.17917	0.27151	0.04379	0.06055	0.00688	0.00191	0.00342	0.00903	0.06452	0.00568
23	0.00665	0.00461	0.00572	0.00641	0.00658	0.00444	0.00402	0.00717	0.00872	0.01163	0.02293	0.49404	0.02722	0.34929	0.01443	0.00323	0.00375	0.01147	0.00402	0.00368
24	0.72550	0.00944	0.00790	0.00695	0.01007	0.01060	0.00568	0.01576	0.00936	0.11584	0.00937	0.03906	0.00736	0.00529	0.00349	0.00158	0.00392	0.00345	0.00357	0.00581
25	0.00613	0.00496	0.00539	0.00563	0.00693	0.00428	0.00405	0.00733	0.01110	0.01369	0.08221	0.21934	0.55452	0.04283	0.00680	0.00190	0.00272	0.01130	0.00468	0.00421
26	0.00732	0.00503	0.00617	0.00617	0.00640	0.00526	0.00388	0.00777	0.00755	0.01029	0.01533	0.02978	0.01695	0.62590	0.22016	0.00571	0.00707	0.00687	0.00298	0.00343
27	0.01039	0.00500	0.00522	0.00502	0.00640	0.00491	0.00382	0.01271	0.01088	0.07503	0.01675	0.01873	0.01293	0.00592	0.00365	0.00121	0.00250	0.00474	0.78921	0.00500
28	0.00625	0.00513	0.00551	0.00541	0.00700	0.00439	0.00406	0.00779	0.01218	0.01521	0.22356	0.04612	0.61539	0.01223	0.00597	0.00168	0.00252	0.01031	0.00490	0.00439
29	0.00628	0.00445	0.00583	0.00689	0.00715	0.00419	0.00453	0.00707	0.00945	0.01260	0.02667	0.74006	0.03193	0.09683	0.00839	0.00234	0.00313	0.01367	0.00453	0.00400
30	0.01825	0.01323	0.01414	0.01095	0.01471	0.01459	0.00901	0.69827	0.02247	0.03058	0.01257	0.01281	0.00903	0.00605	0.00491	0.00148	0.00525	0.00457	0.08893	0.00821
31	0.00657	0.00515	0.00595	0.00575	0.00720	0.00452	0.00431	0.00841	0.01293	0.01699	0.42247	0.04318	0.41537	0.01156	0.00597	0.00165	0.00247	0.00990	0.00513	0.00452
32	0.00611	0.00510	0.00534	0.00546	0.00703	0.00434	0.00410	0.00744	0.01149	0.01386	0.06996	0.10042	0.68572	0.01299	0.00605	0.00175	0.00267	0.04117	0.00472	0.00429
33	0.01194	0.01364	0.02984	0.02131	0.02643	0.01279	0.77238	0.01620	0.01194	0.01620	0.01023	0.01364	0.00767	0.00426	0.00597	0.00171	0.00853	0.00597	0.00256	0.00682
34	0.00709	0.00642	0.00738	0.00690	0.00824	0.00672	0.00542	0.00833	0.01070	0.01333	0.04150	0.04046	0.61803	0.01194	0.00829	0.00182	0.17943	0.00931	0.00415	0.00454
35	0.02269	0.00861	0.01174	0.00900	0.01291	0.00743	0.00743	0.02464	0.01447	0.79425	0.01995	0.01721	0.01252	0.00626	0.00509	0.00156	0.00430	0.00509	0.00626	0.00861
36	0.01022	0.00622	0.00866	0.00927	0.01082	0.00605	0.00805	0.01250	0.01204	0.12625	0.02580	0.05136	0.02674	0.01287	0.00671	0.00222	0.00461	0.64951	0.00488	0.00522
37	0.00610	0.00513	0.00530	0.00525	0.00691	0.00432	0.00394	0.00750	0.01182	0.01436	0.12927	0.04751	0.71021	0.01255	0.00598	0.00170	0.00254	0.01051	0.00479	0.00432
38	0.01892	0.01364	0.01473	0.01140	0.01536	0.01503	0.00938	0.68142	0.07820	0.07011	0.01315	0.01289	0.00930	0.00614	0.00507	0.00153	0.00539	0.00466	0.00513	0.00856
39	0.01922	0.01416	0.01518	0.01163	0.01568	0.01568	0.00961	0.77388	0.02378	0.03187	0.01214	0.01214	0.00860	0.00607	0.00506	0.00152	0.00556	0.00455	0.00506	0.00860
40	0.02854	0.00901	0.01499	0.79215	0.03427	0.01124	0.01385	0.01296	0.01008	0.01314	0.00894	0.01336	0.00671	0.00505	0.00501	0.00168	0.00668	0.00445	0.00227	0.00561
41	0.01140	0.32393	0.50933	0.01227	0.01857	0.01482	0.01495	0.01569	0.01053	0.01448	0.00831	0.00972	0.00644	0.00463	0.00422	0.00141	0.00670	0.00335	0.00215	0.00711
42	0.01199	0.01123	0.01829	0.22975	0.51181	0.01199	0.01438	0.04274	0.06738	0.01648	0.01027	0.01321	0.00824	0.00487	0.00503	0.00157	0.00604	0.00459	0.00272	0.00741
43	0.00690	0.00516	0.00641	0.00610	0.00740	0.00466	0.00457	0.00905	0.01372	0.01886	0.63041	0.04010	0.20626	0.01087	0.00597	0.00162	0.00242	0.00947	0.00538	0.00466
44	0.00771	0.00502	0.00620	0.00596	0.00712	0.00473	0.00445	0.01003	0.01319	0.01964	0.56120	0.06157	0.03823	0.00939	0.00536	0.00150	0.00240	0.00819	0.22339	0.00473
45	0.00788	0.00563	0.00784	0.00901	0.01006	0.00559	0.00769	0.01002	0.01138	0.01484	0.02692	0.15884	0.02968	0.01422	0.00691	0.00229	0.00443	0.65753	0.00466	0.00458
46	0.01377	0.01149	0.01542	0.16615	0.20832	0.01192	0.01107	0.27197	0.01518	0.02104	0.01019	0.01211	0.00785	0.00497	0.00475	0.00137	0.00548	0.00418	0.00343	0.19932
47	0.00722	0.00542	0.00813	0.00813	0.00903	0.00632	0.00632	0.00903	0.00813	0.01174	0.01354	0.01987	0.01264	0.03792	0.80225	0.00813	0.01354	0.00542	0.00271	0.00451
48	0.01470	0.01220	0.01479	0.01531	0.17894	0.04098	0.02875	0.20604	0.31565	0.05882	0.01532	0.03455	0.01180	0.00627	0.00535	0.00162	0.02134	0.00525	0.00439	0.00793
49	0.03127	0.01136	0.01178	0.01000	0.01304	0.06853	0.00791	0.16257	0.34974	0.15596	0.09609	0.01831	0.01605	0.00694	0.00531	0.01240	0.00455	0.00549	0.00511	0.00761
50	0.00640	0.00442	0.00578	0.00687	0.00723	0.00415	0.00461	0.00738	0.00975	0.01334	0.02705	0.76102	0.03196	0.01512	0.00624	0.00199	0.00289	0.01368	0.06596	0.00415
51	0.00711	0.00517	0.00669	0.00631	0.00753	0.00475	0.00473	0.00945	0.01420	0.02001	0.75816	0.03821	0.07780	0.01044	0.00596	0.00160	0.00239	0.00921	0.00553	0.00475
52	0.00883	0.00692	0.00787	0.00761	0.00945	0.00691	0.00605	0.09189	0.11019	0.01766	0.13181	0.08070	0.31434	0.01143	0.00601	0.00182	0.00350	0.16677	0.00489	0.00534
53	0.00900	0.00619	0.00810	0.00773	0.00902	0.00607	0.02889	0.03911	0.06963	0.06896	0.24267	0.26494	0.03060	0.13165	0.00895	0.00227	0.00361	0.05283	0.00479	0.00502
54	0.01252	0.01201	0.02053	0.03104	0.79074	0.01201	0.01552	0.01552	0.01151	0.01652	0.00951	0.01252	0.00801	0.00451	0.00501	0.00150	0.00601	0.00451	0.00250	0.00801
55	0.00655	0.00468	0.00630	0.00736	0.00786	0.00443	0.00526	0.00777	0.01032	0.01379	0.08108	0.64109	0.03375	0.01515	0.00651	0.00207	0.00317	0.13387	0.00475	0.00424
56	0.00779	0.00537	0.00650	0.00647	0.00795	0.00479	0.00495	0.00950	0.01231	0.07216	0.25358	0.14525	0.33790	0.01215	0.00608	0.00178	0.00292	0.09275	0.00505	0.00475
57	0.00986	0.00536	0.00711	0.00733	0.00839	0.00490	0.00515	0.01089	0.01052	0.18240	0.02511	0.57643	0.02759	0.08390	0.00783	0.00220	0.00340	0.01175	0.00489	0.00499
58	0.02030	0.00945	0.01192	0.00938	0.01306	0.00901	0.00767	0.11624	0.11677	0.56735	0.05026	0.01764	0.01385	0.00648	0.00513	0.00158	0.00434	0.00527	0.00594	0.00837
59	0.00698	0.00492	0.00610	0.00639	0.00728	0.00449	0.00447	0.00830	0.01123	0.03734	0.23671	0.35621	0.18759	0.08850	0.00798	0.00211	0.00293	0.01129	0.00482	0.00435
60	0.00650	0.00489	0.00605	0.00664	0.00752	0.00450	0.00474	0.00804	0.02527	0.01454	0.15494	0.45014	0.22063	0.01395	0.00626	0.00190	0.00286	0.05142	0.00484	0.00435
61	0.40109	0.00929	0.00988	0.00800	0.01156	0.00943	0.00660	0.04029	0.01206	0.42421	0.01389	0.01300	0.00922	0.00554	0.00420	0.00156	0.00416	0.00401	0.00481	0.00719
62	0.31418	0.00890	0.00962	0.00793	0.01125	0.00904	0.00647	0.02034	0.08064	0.39007	0.01519	0.01433	0.01034	0.00573	0.00428	0.00155	0.00398	0.00429	0.07474	0.00713
63	0.19186	0.00627	0.00692	0.00733	0.03586	0.00630	0.00521	0.00990	0.01093	0.01699	0.20717	0.19135	0.16852	0.06183	0.00672	0.00195	0.00328	0.05254	0.00438	0.00470

[dist]
# distance from previous block
# <min> <max>
0	19

[block]
# block no. 3 follows, 49 sequences, length 15
# corresponding to MSA columns:
# 256-270
name=unknown_D
#
# <colnr> <probs for GDERKNQSTAVLIFYWHMCP>
#	G	D	E	R	K	N	Q	S	T	A	V	L	I	F	Y	W	H	M	C	P
0	0.00812	0.00555	0.00709	0.00770	0.00856	0.00543	0.00549	0.05602	0.04215	0.05064	0.02617	0.64746	0.02992	0.01431	0.00629	0.00200	0.00332	0.06417	0.00480	0.00479
1	0.02027	0.01032	0.01253	0.00984	0.01363	0.01025	0.00806	0.20876	0.13540	0.48769	0.01813	0.01622	0.01201	0.00631	0.00509	0.00158	0.00457	0.00505	0.00579	0.00851
2	0.00665	0.00527	0.00604	0.00652	0.00763	0.00492	0.00463	0.00888	0.07840	0.01395	0.03710	0.42304	0.35101	0.01377	0.00614	0.00188	0.00287	0.01205	0.00473	0.00452
3	0.04667	0.00658	0.00786	0.00690	0.00920	0.00593	0.00539	0.03575	0.01309	0.24793	0.18654	0.08171	0.30645	0.01001	0.00559	0.00165	0.00321	0.00842	0.00528	0.00583
4	0.09362	0.00906	0.01121	0.00882	0.01246	0.00856	0.00724	0.08804	0.05061	0.57719	0.01797	0.01617	0.01173	0.00611	0.00482	0.00154	0.00424	0.00484	0.05770	0.00807
5	0.01779	0.00908	0.01119	0.00921	0.01251	0.00898	0.00739	0.02407	0.28105	0.45637	0.08886	0.01963	0.01668	0.00683	0.00518	0.00162	0.00403	0.00567	0.00581	0.00805
6	0.13696	0.00636	0.00692	0.00628	0.00839	0.00595	0.00489	0.01164	0.01231	0.13357	0.24646	0.03483	0.34714	0.00992	0.00541	0.00163	0.00298	0.00822	0.00494	0.00524
7	0.00675	0.00494	0.00648	0.00749	0.00824	0.00466	0.00565	0.00813	0.01053	0.01370	0.03060	0.48178	0.13124	0.01486	0.00656	0.00209	0.00342	0.24390	0.00468	0.00430
8	0.00735	0.00490	0.00552	0.00552	0.00552	0.00490	0.00306	0.00735	0.00735	0.00980	0.01593	0.03309	0.01838	0.82229	0.02574	0.00490	0.00490	0.00735	0.00306	0.00306
9	0.16978	0.00901	0.01110	0.00868	0.01245	0.00841	0.00716	0.04935	0.01377	0.63137	0.01740	0.01545	0.01114	0.00598	0.00474	0.00156	0.00428	0.00465	0.00566	0.00805
10	0.00646	0.00479	0.00603	0.00647	0.00732	0.00436	0.00457	0.00792	0.01157	0.01552	0.28727	0.41767	0.17460	0.01345	0.00620	0.00184	0.00268	0.01195	0.00499	0.00436
11	0.01251	0.01440	0.08540	0.01896	0.02397	0.01295	0.58030	0.08486	0.07972	0.01802	0.01121	0.01373	0.00833	0.00469	0.00573	0.00168	0.00779	0.00565	0.00297	0.00713
12	0.01156	0.00880	0.00942	0.00835	0.01097	0.00928	0.00653	0.08608	0.35695	0.08641	0.03132	0.02935	0.30605	0.00898	0.00545	0.00168	0.00362	0.00743	0.00506	0.00670
13	0.01352	0.82533	0.02650	0.00865	0.01298	0.02001	0.00865	0.01514	0.01027	0.01190	0.00703	0.00811	0.00649	0.00433	0.00324	0.00108	0.00541	0.00270	0.00216	0.00649
14	0.01349	0.37487	0.29426	0.01148	0.01667	0.11374	0.01240	0.08195	0.01209	0.01514	0.00829	0.00949	0.00665	0.00476	0.00411	0.00133	0.00661	0.00330	0.00246	0.00694

[dist]
# distance from previous block
# <min> <max>
0	3

[block]
# block no. 4 follows, 49 sequences, length 48
# corresponding to MSA columns:
# 274-321
name=unknown_E
#
# <colnr> <probs for GDERKNQSTAVLIFYWHMCP>
#	G	D	E	R	K	N	Q	S	T	A	V	L	I	F	Y	W	H	M	C	P
0	0.01275	0.01038	0.01542	0.50652	0.14014	0.05159	0.01290	0.04898	0.01176	0.12520	0.01070	0.01359	0.00782	0.00520	0.00503	0.00161	0.00636	0.00452	0.00300	0.00654
1	0.09491	0.00777	0.01079	0.32310	0.01913	0.00908	0.00886	0.01306	0.07526	0.04858	0.01243	0.01842	0.01089	0.16238	0.16135	0.00350	0.00708	0.00515	0.00300	0.00526
2	0.72945	0.01037	0.01084	0.00888	0.01231	0.01156	0.12200	0.01507	0.00911	0.02170	0.00753	0.00904	0.00581	0.00463	0.00356	0.00159	0.00461	0.00323	0.00304	0.00568
3	0.00725	0.00505	0.00617	0.00617	0.00649	0.00524	0.00395	0.00778	0.00777	0.01050	0.01711	0.03045	0.05619	0.57732	0.22637	0.00558	0.00703	0.00702	0.00306	0.00350
4	0.01034	0.01123	0.08764	0.14666	0.25111	0.01033	0.10451	0.01390	0.03876	0.01551	0.04903	0.02141	0.06281	0.00811	0.04125	0.00199	0.02968	0.08622	0.00304	0.00646
5	0.00639	0.00514	0.00570	0.00556	0.00709	0.00445	0.00417	0.00807	0.01251	0.01601	0.31251	0.04480	0.52595	0.01193	0.00597	0.00167	0.00250	0.01013	0.00500	0.00445
6	0.01626	0.01269	0.01351	0.01103	0.01455	0.01430	0.00889	0.44047	0.36202	0.02709	0.01591	0.01514	0.01165	0.00642	0.00510	0.00161	0.00487	0.00507	0.00510	0.00833
7	0.00955	0.00899	0.01517	0.81013	0.03483	0.01123	0.01404	0.01292	0.01011	0.01292	0.00899	0.01348	0.00674	0.00506	0.00506	0.00169	0.00674	0.00449	0.00225	0.00562
8	0.85801	0.00978	0.00743	0.00665	0.00978	0.01134	0.00548	0.01486	0.00861	0.02269	0.00704	0.00821	0.00548	0.00469	0.00313	0.00156	0.00391	0.00274	0.00313	0.00548
9	0.00808	0.00586	0.02270	0.00620	0.00799	0.00486	0.00483	0.00978	0.01239	0.09396	0.24276	0.10871	0.43007	0.01158	0.00590	0.00169	0.00282	0.00988	0.00503	0.00489
10	0.01891	0.01364	0.01477	0.01130	0.01536	0.01484	0.00932	0.70003	0.02265	0.06475	0.01232	0.01228	0.00871	0.00595	0.00499	0.00148	0.00541	0.00449	0.00500	0.05380
11	0.00735	0.00490	0.00552	0.00552	0.00552	0.00490	0.00306	0.00735	0.00735	0.00980	0.01593	0.03309	0.01838	0.82229	0.02574	0.00490	0.00490	0.00735	0.00306	0.00306
12	0.00722	0.00542	0.00813	0.00813	0.00903	0.00632	0.00632	0.00903	0.00813	0.01174	0.01354	0.01987	0.01264	0.03792	0.80225	0.00813	0.01354	0.00542	0.00271	0.00451
13	0.00626	0.00466	0.00585	0.00669	0.00737	0.00425	0.00466	0.00737	0.01042	0.01357	0.07361	0.57495	0.19926	0.01480	0.00635	0.00197	0.00290	0.04610	0.00474	0.00420
14	0.01119	0.01232	0.02624	0.01898	0.02349	0.01154	0.65285	0.01516	0.01231	0.01683	0.13135	0.01740	0.01391	0.00521	0.00597	0.00169	0.00757	0.00646	0.00303	0.00650
15	0.00620	0.00504	0.00551	0.00565	0.00707	0.00434	0.00418	0.00759	0.01163	0.01445	0.14405	0.15897	0.56656	0.01295	0.00606	0.00175	0.00263	0.02624	0.00481	0.00432
16	0.00741	0.00555	0.00696	0.00699	0.00814	0.00538	0.00517	0.01052	0.08791	0.01789	0.44518	0.23934	0.07784	0.01171	0.00606	0.00176	0.00279	0.04329	0.00522	0.00489
17	0.01091	0.00623	0.00782	0.00703	0.00885	0.00592	0.00540	0.01415	0.07926	0.17124	0.43188	0.06974	0.03277	0.00894	0.00543	0.00157	0.00292	0.00774	0.11644	0.00576
18	0.00833	0.00633	0.00714	0.00673	0.00853	0.00611	0.00511	0.01239	0.15584	0.05183	0.27396	0.07243	0.34454	0.01077	0.00580	0.00168	0.00287	0.00919	0.00512	0.00531
19	0.12221	0.00652	0.00776	0.00686	0.00896	0.00616	0.00535	0.01331	0.01319	0.19291	0.41493	0.04692	0.11715	0.00908	0.00541	0.00160	0.00305	0.00768	0.00529	0.00565
20	0.00681	0.00502	0.00645	0.00742	0.00798	0.00492	0.00513	0.00892	0.07683	0.01372	0.02719	0.71572	0.03169	0.01498	0.00636	0.00204	0.00310	0.04651	0.00473	0.00447
21	0.01677	0.01198	0.01308	0.01070	0.01421	0.01323	0.00862	0.34782	0.35468	0.12758	0.01687	0.01576	0.01211	0.00644	0.00510	0.00161	0.00471	0.00513	0.00525	0.00834
22	0.00620	0.00495	0.00558	0.00594	0.00718	0.00432	0.00434	0.00749	0.01119	0.01394	0.09178	0.26905	0.48987	0.01357	0.00616	0.00183	0.00275	0.04483	0.00475	0.00427
23	0.20745	0.00784	0.00890	0.00750	0.01030	0.00763	0.00596	0.03629	0.01209	0.34488	0.05664	0.08193	0.03356	0.04538	0.00560	0.00171	0.00381	0.00565	0.09360	0.02329
24	0.00616	0.00440	0.00587	0.00704	0.00733	0.00411	0.00469	0.00704	0.00968	0.01291	0.02787	0.81899	0.03344	0.01584	0.00645	0.00205	0.00293	0.01438	0.00469	0.00411
25	0.00909	0.00546	0.00662	0.00665	0.00750	0.00532	0.00458	0.01067	0.04394	0.09189	0.05995	0.23318	0.02307	0.31628	0.01319	0.00296	0.00387	0.05280	0.09852	0.00447
26	0.05885	0.00620	0.00795	0.00720	0.00905	0.00576	0.00560	0.01318	0.01352	0.19812	0.46670	0.09326	0.03510	0.00970	0.00569	0.00166	0.00308	0.04826	0.00547	0.00564
27	0.01157	0.00591	0.00792	0.00773	0.00924	0.00539	0.00577	0.01294	0.01141	0.25319	0.06110	0.40144	0.02618	0.07077	0.00746	0.00211	0.00364	0.08565	0.00509	0.00550
28	0.02205	0.00963	0.01237	0.00948	0.01342	0.00896	0.00783	0.16302	0.01619	0.65345	0.01851	0.01627	0.01179	0.00622	0.00508	0.00156	0.00454	0.00499	0.00604	0.00860
29	0.00904	0.00552	0.00716	0.00734	0.00853	0.00515	0.00535	0.01102	0.04548	0.12565	0.16004	0.45643	0.07469	0.01287	0.00611	0.00188	0.00314	0.04444	0.00509	0.00507
30	0.00717	0.00537	0.00802	0.00808	0.00895	0.00622	0.00624	0.00894	0.00820	0.01179	0.01422	0.05751	0.01362	0.03688	0.76476	0.00784	0.01304	0.00584	0.00280	0.00450
31	0.01352	0.82533	0.02650	0.00865	0.01298	0.02001	0.00865	0.01514	0.01027	0.01190	0.00703	0.00811	0.00649	0.00433	0.00324	0.00108	0.00541	0.00270	0.00216	0.00649
32	0.00765	0.00609	0.00891	0.19266	0.03649	0.00633	0.00721	0.00996	0.01228	0.01691	0.42460	0.19707	0.03408	0.01012	0.00583	0.00171	0.00361	0.00905	0.00453	0.00492
33	0.00641	0.00509	0.00582	0.00622	0.00753	0.00450	0.00473	0.00782	0.01130	0.01405	0.07740	0.20540	0.48262	0.01349	0.00623	0.00187	0.00295	0.12752	0.00473	0.00432
34	0.00681	0.00484	0.00638	0.00685	0.00725	0.00492	0.00464	0.00775	0.00887	0.01212	0.05970	0.35764	0.02473	0.24903	0.21039	0.00435	0.00611	0.00989	0.00378	0.00395
35	0.01786	0.01243	0.01363	0.01088	0.01457	0.01362	0.00884	0.45587	0.23496	0.13927	0.01564	0.01476	0.01108	0.00632	0.00509	0.00158	0.00494	0.00496	0.00526	0.00843
36	0.01053	0.01004	0.01644	0.51336	0.26550	0.02720	0.01401	0.01367	0.01053	0.01396	0.00936	0.01342	0.00743	0.00658	0.04595	0.00195	0.00691	0.00452	0.00236	0.00630
37	0.01299	0.01109	0.01616	0.55752	0.08619	0.01283	0.01344	0.18899	0.01398	0.01849	0.01074	0.01441	0.00820	0.00590	0.00547	0.00181	0.00672	0.00482	0.00326	0.00699
38	0.01289	0.01051	0.05168	0.00921	0.02806	0.00857	0.00764	0.11466	0.04849	0.09815	0.01189	0.01397	0.00947	0.00499	0.00435	0.00111	0.00433	0.03836	0.00372	0.51795
39	0.53317	0.13476	0.06302	0.00840	0.01205	0.06468	0.00753	0.09490	0.01096	0.02092	0.00776	0.00883	0.00608	0.00482	0.00355	0.00147	0.00488	0.00302	0.00309	0.00611
40	0.85801	0.00978	0.00743	0.00665	0.00978	0.01134	0.00548	0.01486	0.00861	0.02269	0.00704	0.00821	0.00548	0.00469	0.00313	0.00156	0.00391	0.00274	0.00313	0.00548
41	0.01352	0.82533	0.02650	0.00865	0.01298	0.02001	0.00865	0.01514	0.01027	0.01190	0.00703	0.00811	0.00649	0.00433	0.00324	0.00108	0.00541	0.00270	0.00216	0.00649
42	0.01049	0.00899	0.01049	0.00749	0.01198	0.00674	0.00599	0.01273	0.01049	0.01648	0.00899	0.01049	0.00749	0.00374	0.00374	0.00075	0.00374	0.00300	0.00300	0.85320
43	0.01258	0.01086	0.01143	0.01029	0.01315	0.01258	0.00800	0.02687	0.78161	0.02115	0.02058	0.01887	0.01544	0.00686	0.00515	0.00172	0.00400	0.00572	0.00515	0.00800
44	0.00885	0.03714	0.05146	0.01078	0.01278	0.00742	0.10025	0.01144	0.01134	0.01489	0.02256	0.04635	0.02395	0.05772	0.00768	0.00232	0.00531	0.55865	0.00410	0.00504
45	0.03430	0.00640	0.00818	0.00779	0.00956	0.00603	0.00602	0.05167	0.01264	0.20239	0.14972	0.29269	0.07467	0.01143	0.00592	0.00183	0.00353	0.10441	0.00518	0.00564
46	0.03646	0.00909	0.03341	0.00843	0.01142	0.00824	0.00681	0.18754	0.01403	0.08015	0.07843	0.19103	0.07017	0.00842	0.00512	0.00147	0.00398	0.01804	0.00441	0.22335
47	0.01429	0.44716	0.02010	0.01003	0.01339	0.22126	0.00877	0.01706	0.08886	0.01306	0.01084	0.01170	0.04755	0.00550	0.00467	0.00130	0.05177	0.00366	0.00271	0.00631

[dist]
# distance from previous block
# <min> <max>
3	15

[block]
# block no. 5 follows, 49 sequences, length 12
# corresponding to MSA columns:
# 339-350
name=unknown_F
#
# <colnr> <probs for GDERKNQSTAVLIFYWHMCP>
#	G	D	E	R	K	N	Q	S	T	A	V	L	I	F	Y	W	H	M	C	P
0	0.03969	0.01274	0.01373	0.13527	0.01767	0.06035	0.00961	0.36388	0.21133	0.02406	0.01323	0.01368	0.00977	0.00591	0.00493	0.00155	0.00543	0.00463	0.00434	0.04820
1	0.20799	0.00920	0.01079	0.00841	0.01223	0.00864	0.00692	0.05886	0.01312	0.48423	0.01527	0.01409	0.01010	0.00558	0.00448	0.00146	0.00421	0.00427	0.00508	0.11507
2	0.05350	0.01073	0.01117	0.00975	0.01270	0.01209	0.00768	0.15834	0.51727	0.02227	0.02204	0.02067	0.10510	0.00732	0.00513	0.00167	0.00411	0.00595	0.00498	0.00755
3	0.01258	0.01086	0.01143	0.01029	0.01315	0.01258	0.00800	0.02687	0.78161	0.02115	0.02058	0.01887	0.01544	0.00686	0.00515	0.00172	0.00400	0.00572	0.00515	0.00800
4	0.00711	0.00519	0.00677	0.00672	0.00747	0.00543	0.00480	0.00835	0.00907	0.01243	0.11701	0.02972	0.11021	0.28051	0.36099	0.00552	0.00809	0.00712	0.00342	0.00406
5	0.01677	0.11637	0.01481	0.01166	0.01429	0.60844	0.00900	0.01824	0.01385	0.01332	0.10672	0.01264	0.01174	0.00576	0.00458	0.00131	0.00783	0.00394	0.00293	0.00580
6	0.01889	0.02410	0.01433	0.01303	0.01563	0.80199	0.00977	0.02019	0.01433	0.01238	0.00782	0.00912	0.00651	0.00521	0.00456	0.00130	0.00912	0.00326	0.00261	0.00586
7	0.01049	0.00899	0.01049	0.00749	0.01198	0.00674	0.00599	0.01273	0.01049	0.01648	0.00899	0.01049	0.00749	0.00374	0.00374	0.00075	0.00374	0.00300	0.00300	0.85320
8	0.85801	0.00978	0.00743	0.00665	0.00978	0.01134	0.00548	0.01486	0.00861	0.02269	0.00704	0.00821	0.00548	0.00469	0.00313	0.00156	0.00391	0.00274	0.00313	0.00548
9	0.00731	0.00508	0.00639	0.00639	0.00669	0.00538	0.00415	0.00791	0.00761	0.01045	0.01513	0.02866	0.01646	0.55962	0.28577	0.00598	0.00780	0.00671	0.00295	0.00355
10	0.01086	0.01033	0.01754	0.46486	0.36983	0.01158	0.01470	0.01407	0.01073	0.01452	0.00922	0.01305	0.00730	0.00481	0.00503	0.00160	0.00642	0.00450	0.00236	0.00668
11	0.01074	0.16800	0.65949	0.01339	0.02030	0.01321	0.01690	0.01586	0.01060	0.01528	0.00871	0.01022	0.00642	0.00472	0.00453	0.00151	0.00711	0.00355	0.00214	0.00730

[dist]
# distance from previous block
# <min> <max>
1	9

[block]
# block no. 6 follows, 49 sequences, length 14
# corresponding to MSA columns:
# 360-373
name=unknown_G
#
# <colnr> <probs for GDERKNQSTAVLIFYWHMCP>
#	G	D	E	R	K	N	Q	S	T	A	V	L	I	F	Y	W	H	M	C	P
0	0.11015	0.01938	0.01362	0.07565	0.07020	0.55048	0.00974	0.01808	0.01317	0.01431	0.05352	0.01127	0.00893	0.00539	0.00455	0.00139	0.00774	0.00373	0.00280	0.00589
1	0.81254	0.01056	0.00781	0.00700	0.01010	0.05418	0.00571	0.01515	0.00892	0.02213	0.00708	0.00826	0.00553	0.00472	0.00321	0.00155	0.00419	0.00277	0.00310	0.00550
2	0.00649	0.00514	0.00584	0.00566	0.00715	0.00449	0.00425	0.00826	0.01274	0.01655	0.37309	0.04391	0.46502	0.01173	0.00597	0.00166	0.00248	0.01001	0.00508	0.00449
3	0.02028	0.01246	0.01412	0.01083	0.01483	0.01315	0.00894	0.54419	0.02092	0.26559	0.01453	0.01370	0.00980	0.00613	0.00507	0.00153	0.00518	0.00472	0.00543	0.00860
4	0.00741	0.00534	0.00711	0.00711	0.00830	0.00504	0.00563	0.00978	0.01363	0.01896	0.59375	0.04269	0.04296	0.01126	0.00622	0.00178	0.00297	0.19997	0.00533	0.00474
5	0.01258	0.01086	0.01143	0.01029	0.01315	0.01258	0.00800	0.02687	0.78161	0.02115	0.02058	0.01887	0.01544	0.00686	0.00515	0.00172	0.00400	0.00572	0.00515	0.00800
6	0.01439	0.67628	0.02367	0.00874	0.01283	0.04516	0.00839	0.01607	0.01103	0.09417	0.04246	0.01039	0.00892	0.00482	0.00360	0.00116	0.00529	0.00325	0.00276	0.00661
7	0.02143	0.01062	0.01298	0.00995	0.01391	0.01042	0.00822	0.29607	0.01784	0.51806	0.01712	0.01537	0.01110	0.00619	0.00508	0.00155	0.00476	0.00489	0.00582	0.00860
8	0.01922	0.01416	0.01518	0.01163	0.01568	0.01568	0.00961	0.77388	0.02378	0.03187	0.01214	0.01214	0.00860	0.00607	0.00506	0.00152	0.00556	0.00455	0.00506	0.00860
9	0.85801	0.00978	0.00743	0.00665	0.00978	0.01134	0.00548	0.01486	0.00861	0.02269	0.00704	0.00821	0.00548	0.00469	0.00313	0.00156	0.00391	0.00274	0.00313	0.00548
10	0.01134	0.01082	0.01840	0.33935	0.49161	0.01171	0.01494	0.01449	0.01096	0.01510	0.00930	0.01290	0.00751	0.00472	0.00503	0.00157	0.00630	0.00450	0.00240	0.00706
11	0.01049	0.00899	0.01049	0.00749	0.01198	0.00674	0.00599	0.01273	0.01049	0.01648	0.00899	0.01049	0.00749	0.00374	0.00374	0.00075	0.00374	0.00300	0.00300	0.85320
12	0.00722	0.00542	0.00813	0.00813	0.00903	0.00632	0.00632	0.00903	0.00813	0.01174	0.01354	0.01987	0.01264	0.03792	0.80225	0.00813	0.01354	0.00542	0.00271	0.00451
13	0.06642	0.01204	0.01327	0.01033	0.01417	0.01276	0.00848	0.47178	0.06426	0.19100	0.01511	0.01448	0.03454	0.00620	0.00493	0.00152	0.00494	0.00476	0.00511	0.04388

[dist]
# distance from previous block
# <min> <max>
0	13

[block]
# block no. 7 follows, 49 sequences, length 18
# corresponding to MSA columns:
# 387-404
name=unknown_H
#
# <colnr> <probs for GDERKNQSTAVLIFYWHMCP>
#	G	D	E	R	K	N	Q	S	T	A	V	L	I	F	Y	W	H	M	C	P
0	0.85801	0.00978	0.00743	0.00665	0.00978	0.01134	0.00548	0.01486	0.00861	0.02269	0.00704	0.00821	0.00548	0.00469	0.00313	0.00156	0.00391	0.00274	0.00313	0.00548
1	0.01922	0.01416	0.01518	0.01163	0.01568	0.01568	0.00961	0.77388	0.02378	0.03187	0.01214	0.01214	0.00860	0.00607	0.00506	0.00152	0.00556	0.00455	0.00506	0.00860
2	0.00734	0.00530	0.00689	0.00691	0.00802	0.00500	0.00536	0.00945	0.01296	0.01785	0.50743	0.04242	0.07986	0.07988	0.00787	0.00205	0.00313	0.18259	0.00510	0.00457
3	0.13211	0.01083	0.01877	0.01389	0.01813	0.01019	0.33507	0.01928	0.01258	0.33432	0.03448	0.01500	0.01041	0.00530	0.00522	0.00163	0.00601	0.00525	0.00422	0.00731
4	0.01922	0.01416	0.01518	0.01163	0.01568	0.01568	0.00961	0.77388	0.02378	0.03187	0.01214	0.01214	0.00860	0.00607	0.00506	0.00152	0.00556	0.00455	0.00506	0.00860
5	0.00781	0.00560	0.00767	0.00829	0.00947	0.00546	0.00698	0.01015	0.01256	0.01691	0.28946	0.05039	0.03552	0.01272	0.00663	0.00207	0.00387	0.49876	0.00497	0.00470
6	0.01801	0.01792	0.01421	0.01202	0.01525	0.35425	0.00942	0.32846	0.14185	0.02174	0.01164	0.01192	0.00880	0.00583	0.00486	0.00146	0.00685	0.00418	0.00401	0.00732
7	0.01258	0.01086	0.01143	0.01029	0.01315	0.01258	0.00800	0.02687	0.78161	0.02115	0.02058	0.01887	0.01544	0.00686	0.00515	0.00172	0.00400	0.00572	0.00515	0.00800
8	0.01220	0.01062	0.01215	0.01079	0.01364	0.01207	0.04819	0.02505	0.68209	0.02043	0.02051	0.02152	0.01608	0.00727	0.00533	0.00176	0.00429	0.06334	0.00497	0.00768
9	0.00727	0.00523	0.00699	0.00719	0.00826	0.00495	0.00560	0.00945	0.01304	0.01803	0.49885	0.14442	0.04120	0.01196	0.00628	0.00184	0.00302	0.19652	0.00523	0.00466
10	0.01258	0.01086	0.01143	0.01029	0.01315	0.01258	0.00800	0.02687	0.78161	0.02115	0.02058	0.01887	0.01544	0.00686	0.00515	0.00172	0.00400	0.00572	0.00515	0.00800
11	0.01784	0.01348	0.01440	0.01136	0.01515	0.01504	0.00928	0.61848	0.18143	0.02964	0.01390	0.01354	0.01002	0.00623	0.00508	0.00156	0.00524	0.00479	0.00508	0.00848
12	0.00727	0.00527	0.00692	0.00678	0.00798	0.00492	0.00526	0.00961	0.01381	0.01927	0.64671	0.04110	0.06869	0.01098	0.00612	0.00171	0.00274	0.12472	0.00540	0.00474
13	0.01868	0.01389	0.01487	0.01152	0.01547	0.01543	0.00948	0.71254	0.08600	0.03099	0.01283	0.01269	0.00916	0.00614	0.00507	0.00153	0.00544	0.00465	0.00507	0.00855
14	0.08813	0.02152	0.01353	0.01214	0.01491	0.66527	0.00921	0.02016	0.01387	0.08387	0.00885	0.00978	0.00697	0.00526	0.00449	0.00135	0.00826	0.00338	0.00298	0.00608
15	0.71334	0.01054	0.00877	0.00751	0.01080	0.01209	0.00619	0.14577	0.01122	0.02427	0.00792	0.00889	0.00602	0.00493	0.00346	0.00156	0.00420	0.00305	0.00346	0.00602
16	0.01862	0.01387	0.01484	0.01151	0.01545	0.01540	0.00947	0.70638	0.09225	0.03090	0.01290	0.01275	0.00922	0.00614	0.00507	0.00154	0.00542	0.00466	0.00507	0.00855
17	0.01249	0.01055	0.01124	0.01002	0.01280	0.01206	0.00781	0.07003	0.66690	0.02172	0.08943	0.02017	0.01794	0.00713	0.00521	0.00169	0.00395	0.00596	0.00518	0.00775

[dist]
# distance from previous block
# <min> <max>
1	10

[block]
# block no. 8 follows, 49 sequences, length 15
# corresponding to MSA columns:
# 415-429
name=unknown_I
#
# <colnr> <probs for GDERKNQSTAVLIFYWHMCP>
#	G	D	E	R	K	N	Q	S	T	A	V	L	I	F	Y	W	H	M	C	P
0	0.00833	0.00644	0.00777	0.00739	0.00887	0.00656	0.00554	0.01339	0.19757	0.01959	0.51138	0.12864	0.03824	0.01018	0.00583	0.00168	0.00284	0.00896	0.00536	0.00546
1	0.01364	0.01139	0.01204	0.01051	0.01356	0.01308	0.00826	0.14685	0.65989	0.02287	0.01923	0.01779	0.01434	0.00673	0.00513	0.00168	0.00425	0.00553	0.00513	0.00810
2	0.01032	0.00897	0.01497	0.76307	0.03354	0.01101	0.01365	0.01361	0.01037	0.05882	0.00963	0.01370	0.00708	0.00513	0.00506	0.00168	0.00660	0.00453	0.00248	0.00579
3	0.15206	0.01252	0.01287	0.01045	0.01401	0.01410	0.00849	0.43986	0.23652	0.02735	0.01372	0.01342	0.01004	0.00607	0.00477	0.00158	0.00486	0.00459	0.00477	0.00793
4	0.01049	0.00899	0.01049	0.00749	0.01198	0.00674	0.00599	0.01273	0.01049	0.01648	0.00899	0.01049	0.00749	0.00374	0.00374	0.00075	0.00374	0.00300	0.00300	0.85320
5	0.00616	0.00440	0.00587	0.00704	0.00733	0.00411	0.00469	0.00704	0.00968	0.01291	0.02787	0.81899	0.03344	0.01584	0.00645	0.00205	0.00293	0.01438	0.00469	0.00411
6	0.00955	0.00899	0.01517	0.81013	0.03483	0.01123	0.01404	0.01292	0.01011	0.01292	0.00899	0.01348	0.00674	0.00506	0.00506	0.00169	0.00674	0.00449	0.00225	0.00562
