[name]
unknown

[dist]
# distance from previous block
# <min> <max>
0	5

[block]
# block no. 0 follows, 40 sequences, length 41
# corresponding to MSA columns:
# 34-39,50-84
name=unknown_A
#
# <colnr> <probs for GDERKNQSTAVLIFYWHMCP>
#	G	D	E	R	K	N	Q	S	T	A	V	L	I	F	Y	W	H	M	C	P
0	0.01062	0.00561	0.00601	0.00622	0.00757	0.00561	0.00486	0.01332	0.01237	0.02104	0.02075	0.02828	0.01770	0.00817	0.00466	0.00155	0.00311	0.11287	0.70427	0.00541
1	0.01062	0.00561	0.00601	0.00622	0.00757	0.00561	0.00486	0.01332	0.01237	0.02104	0.02075	0.02828	0.01770	0.00817	0.00466	0.00155	0.00311	0.11287	0.70427	0.00541
2	0.17102	0.01483	0.01523	0.01194	0.01624	0.01650	0.00984	0.57181	0.02340	0.03398	0.01313	0.01351	0.00948	0.00668	0.00532	0.00174	0.00587	0.00486	0.04561	0.00901
3	0.01007	0.00715	0.01031	0.00875	0.01089	0.00674	0.11477	0.01290	0.01345	0.02051	0.17082	0.03104	0.15072	0.00889	0.00553	0.00165	0.00382	0.00784	0.39846	0.00571
4	0.01021	0.00922	0.00902	0.00842	0.01006	0.12073	0.00632	0.01273	0.01636	0.02170	0.62082	0.03890	0.07103	0.01110	0.00662	0.00178	0.00391	0.00956	0.00586	0.00566
5	0.01348	0.01268	0.02146	0.03173	0.64677	0.01283	0.01626	0.01673	0.01266	0.01817	0.01164	0.01566	0.01001	0.01096	0.12103	0.00287	0.00821	0.00534	0.00291	0.00861
6	0.00926	0.00706	0.00934	0.00914	0.01031	0.00803	0.00683	0.01309	0.12034	0.01470	0.01733	0.02562	0.01630	0.18406	0.51327	0.00752	0.01200	0.00671	0.00362	0.00547
7	0.00728	0.00514	0.00669	0.00785	0.00814	0.00485	0.00513	0.00815	0.01076	0.01434	0.03012	0.68599	0.03603	0.12738	0.01054	0.00282	0.00369	0.01540	0.00513	0.00455
8	0.00917	0.00622	0.00818	0.00865	0.01001	0.00605	0.00713	0.01187	0.01435	0.02024	0.29860	0.05076	0.03863	0.01312	0.00700	0.00216	0.00399	0.34905	0.12939	0.00541
9	0.01006	0.00921	0.00881	0.00826	0.00996	0.12067	0.00619	0.01243	0.01599	0.02084	0.54194	0.04032	0.15046	0.01142	0.00662	0.00180	0.00394	0.00976	0.00574	0.00559
10	0.00929	0.00847	0.00821	0.00913	0.00987	0.12010	0.00628	0.01037	0.01194	0.01475	0.02858	0.67438	0.03381	0.01638	0.00709	0.00223	0.00444	0.01461	0.00504	0.00503
11	0.00889	0.12525	0.01052	0.00752	0.00965	0.00804	0.00616	0.01084	0.01365	0.01726	0.20724	0.04684	0.35695	0.03770	0.00728	0.00204	0.00382	0.10978	0.00513	0.00544
12	0.02178	0.02600	0.01663	0.01474	0.01799	0.65890	0.01121	0.13096	0.01811	0.01760	0.00974	0.01101	0.00785	0.00614	0.00533	0.00154	0.00987	0.00397	0.00342	0.00721
13	0.00716	0.00559	0.00649	0.00693	0.00820	0.00493	0.00494	0.00865	0.01295	0.01653	0.15376	0.32753	0.38445	0.01560	0.00707	0.00209	0.00307	0.01359	0.00555	0.00493
14	0.00745	0.00527	0.00683	0.00772	0.00816	0.00497	0.00513	0.00856	0.01148	0.01550	0.13168	0.57344	0.03816	0.13419	0.01068	0.00278	0.00363	0.01447	0.00526	0.00465
15	0.00846	0.00564	0.00634	0.00634	0.00634	0.00564	0.00352	0.00846	0.00846	0.01128	0.01832	0.03805	0.02114	0.79563	0.02960	0.00564	0.00564	0.00846	0.00352	0.00352
16	0.01048	0.00665	0.01155	0.01015	0.01105	0.00648	0.11528	0.00927	0.00870	0.01164	0.01156	0.05988	0.01147	0.01779	0.01950	0.66074	0.00567	0.00595	0.00275	0.00345
17	0.00730	0.00546	0.00678	0.00740	0.00836	0.00494	0.00519	0.00882	0.01286	0.01700	0.20485	0.44724	0.21071	0.01594	0.00716	0.00215	0.00313	0.01415	0.00563	0.00494
18	0.08418	0.00658	0.00718	0.00678	0.00878	0.00603	0.00517	0.01101	0.01431	0.05216	0.31615	0.04540	0.39062	0.01247	0.00652	0.00189	0.00310	0.01049	0.00569	0.00547
19	0.83671	0.01125	0.00855	0.00765	0.01125	0.01305	0.00630	0.01709	0.00990	0.02609	0.00810	0.00945	0.00630	0.00540	0.00360	0.00180	0.00450	0.00315	0.00360	0.00630
20	0.00733	0.00525	0.00659	0.00756	0.00798	0.00492	0.00495	0.00819	0.01081	0.01423	0.03185	0.57864	0.10087	0.16832	0.01166	0.00296	0.00377	0.01458	0.00504	0.00451
21	0.09088	0.00971	0.01105	0.00989	0.01284	0.01005	0.00771	0.04476	0.24587	0.21750	0.02622	0.17595	0.07544	0.01021	0.00610	0.00200	0.00439	0.02570	0.00589	0.00784
22	0.00824	0.00688	0.00721	0.00696	0.00897	0.00644	0.00522	0.01203	0.12397	0.01765	0.12956	0.04858	0.53335	0.04963	0.00778	0.00212	0.00330	0.01104	0.00550	0.00556
23	0.00819	0.00594	0.00772	0.00727	0.00866	0.00547	0.00546	0.01090	0.01637	0.02310	0.73614	0.04380	0.07515	0.01197	0.00686	0.00183	0.00275	0.01057	0.00637	0.00547
24	0.01296	0.00847	0.00976	0.00849	0.01105	0.00816	0.00661	0.15663	0.01703	0.12649	0.20816	0.08623	0.27398	0.03059	0.00710	0.00198	0.00396	0.00974	0.00593	0.00669
25	0.01145	0.00814	0.00959	0.00947	0.01128	0.00844	0.00695	0.05026	0.22144	0.08041	0.04387	0.42514	0.06270	0.01358	0.00676	0.00215	0.00396	0.01199	0.00573	0.00668
26	0.02405	0.01235	0.01486	0.01143	0.01590	0.01228	0.00943	0.31482	0.02083	0.44925	0.01921	0.01750	0.01259	0.00710	0.00578	0.00176	0.00547	0.00559	0.03004	0.00977
27	0.00908	0.00617	0.00744	0.00709	0.00885	0.00545	0.00532	0.01115	0.01479	0.08036	0.36746	0.11102	0.31799	0.01313	0.00683	0.00192	0.00306	0.01132	0.00600	0.00556
28	0.00994	0.00516	0.00774	0.00774	0.00783	0.00525	0.00525	0.00783	0.00774	0.01041	0.01060	0.01815	0.01051	0.02234	0.09136	0.75562	0.00601	0.00516	0.00258	0.00277
29	0.01017	0.00681	0.00950	0.01061	0.01208	0.00673	0.00920	0.01277	0.01348	0.05610	0.03042	0.08637	0.03264	0.01567	0.00790	0.00262	0.00527	0.66064	0.00545	0.00557
30	0.00709	0.00506	0.00675	0.00810	0.00843	0.00472	0.00540	0.00810	0.01113	0.01484	0.03205	0.79184	0.03846	0.01822	0.00742	0.00236	0.00337	0.01653	0.00540	0.00472
31	0.01510	0.01232	0.01325	0.01151	0.01479	0.01391	0.00905	0.16851	0.50314	0.02662	0.12462	0.02322	0.02141	0.00827	0.00603	0.00191	0.00470	0.00686	0.00597	0.00882
32	0.01555	0.79913	0.03047	0.00995	0.01493	0.02301	0.00995	0.01741	0.01182	0.01368	0.00808	0.00933	0.00746	0.00498	0.00373	0.00124	0.00622	0.00311	0.00249	0.00746
33	0.01206	0.01034	0.01206	0.00861	0.01378	0.00775	0.00689	0.01464	0.01206	0.01895	0.01034	0.01206	0.00861	0.00431	0.00431	0.00086	0.00431	0.00345	0.00345	0.83118
34	0.01482	0.01267	0.01335	0.01191	0.01526	0.01463	0.00929	0.06355	0.71563	0.02489	0.02322	0.02134	0.01739	0.00785	0.00591	0.00196	0.00468	0.00651	0.00591	0.00924
35	0.00846	0.00564	0.00634	0.00634	0.00634	0.00564	0.00352	0.00846	0.00846	0.01128	0.01832	0.03805	0.02114	0.79563	0.02960	0.00564	0.00564	0.00846	0.00352	0.00352
36	0.00976	0.00620	0.00837	0.00892	0.01018	0.00584	0.00692	0.01175	0.01343	0.08585	0.17494	0.33389	0.05088	0.01522	0.00735	0.00230	0.00400	0.23291	0.00575	0.00555
37	0.00697	0.00549	0.00630	0.00695	0.00813	0.00482	0.00489	0.00823	0.01224	0.01530	0.04607	0.40777	0.41348	0.01640	0.00714	0.00215	0.00315	0.01431	0.00540	0.00482
38	0.02141	0.01594	0.01706	0.01324	0.01777	0.01771	0.01088	0.67507	0.09338	0.03552	0.01485	0.01467	0.01061	0.00706	0.00583	0.00177	0.00623	0.00536	0.00583	0.00983
39	0.00907	0.00657	0.00895	0.01018	0.01145	0.00653	0.00861	0.01179	0.03033	0.01714	0.03191	0.16616	0.06240	0.01612	0.00785	0.00259	0.00496	0.57666	0.00538	0.00534
40	0.01683	0.01211	0.01333	0.01160	0.01515	0.01346	0.00913	0.04968	0.59331	0.16187	0.02327	0.02113	0.01691	0.00774	0.00590	0.00193	0.00472	0.00640	0.00615	0.00935

[dist]
# distance from previous block
# <min> <max>
0	1

[block]
# block no. 1 follows, 40 sequences, length 84
# corresponding to MSA columns:
# 86-169
name=unknown_B
#
# <colnr> <probs for GDERKNQSTAVLIFYWHMCP>
#	G	D	E	R	K	N	Q	S	T	A	V	L	I	F	Y	W	H	M	C	P
0	0.02018	0.05862	0.12480	0.01420	0.01889	0.26212	0.01255	0.37053	0.02094	0.02570	0.01157	0.01238	0.00864	0.00636	0.00549	0.00166	0.00803	0.00452	0.00427	0.00857
1	0.01022	0.01597	0.28473	0.01343	0.01746	0.01082	0.06275	0.01412	0.01067	0.01566	0.01287	0.01778	0.01104	0.02471	0.38694	0.00562	0.07020	0.00549	0.00282	0.00669
2	0.01722	0.01982	0.02079	0.01861	0.08981	0.33610	0.17846	0.02218	0.13821	0.01737	0.01217	0.01412	0.00970	0.00634	0.00694	0.00179	0.07415	0.00519	0.00343	0.00761
3	0.01553	0.01739	0.01740	0.01518	0.01611	0.25273	0.01226	0.01687	0.01126	0.01407	0.00806	0.01203	0.00759	0.00887	0.01477	0.00222	0.54383	0.00467	0.00269	0.00648
4	0.00831	0.00623	0.00935	0.00935	0.01038	0.00727	0.00727	0.01038	0.00935	0.01350	0.01558	0.02285	0.01454	0.04361	0.77259	0.00935	0.01558	0.00623	0.00312	0.00519
5	0.01207	0.01139	0.01741	0.01452	0.01662	0.01337	0.15051	0.01753	0.17370	0.01708	0.01512	0.03733	0.01339	0.04838	0.15468	0.00371	0.24596	0.02667	0.00366	0.00687
6	0.00708	0.00594	0.00639	0.00639	0.00822	0.00525	0.00483	0.00864	0.01270	0.01539	0.05271	0.05123	0.65074	0.01886	0.11645	0.00302	0.00475	0.01141	0.00507	0.00495
7	0.32915	0.01040	0.01165	0.00934	0.01350	0.01023	0.00771	0.02414	0.01412	0.48773	0.01739	0.01592	0.01137	0.00652	0.00501	0.00180	0.00478	0.00484	0.00585	0.00855
8	0.00712	0.00508	0.00677	0.00808	0.00844	0.00474	0.00540	0.00817	0.01127	0.01507	0.05120	0.77204	0.03890	0.01805	0.00741	0.00235	0.00336	0.01637	0.00542	0.00474
9	0.00833	0.00612	0.00880	0.00880	0.00965	0.00697	0.00659	0.01003	0.00918	0.01309	0.01608	0.02561	0.01574	0.18051	0.63734	0.00867	0.01377	0.00664	0.00319	0.00489
10	0.00751	0.00592	0.00677	0.00656	0.00825	0.00518	0.00492	0.00958	0.01476	0.01928	0.38623	0.05009	0.42745	0.01339	0.00687	0.00190	0.00285	0.01145	0.00587	0.00518
11	0.00813	0.00550	0.00644	0.00676	0.00684	0.00542	0.00396	0.00837	0.00909	0.01212	0.02156	0.21554	0.02522	0.61258	0.02438	0.00487	0.00510	0.01036	0.00396	0.00381
12	0.00709	0.00506	0.00675	0.00810	0.00843	0.00472	0.00540	0.00810	0.01113	0.01484	0.03205	0.79184	0.03846	0.01822	0.00742	0.00236	0.00337	0.01653	0.00540	0.00472
13	0.22545	0.01015	0.01187	0.00958	0.01357	0.00987	0.00784	0.02460	0.06442	0.48261	0.06662	0.01888	0.01522	0.00710	0.00536	0.00181	0.00467	0.00553	0.00617	0.00867
14	0.00730	0.00591	0.00648	0.00634	0.00812	0.00509	0.00475	0.00917	0.01426	0.01810	0.27807	0.05203	0.53634	0.01384	0.00687	0.00192	0.00288	0.01172	0.00571	0.00509
15	0.83671	0.01125	0.00855	0.00765	0.01125	0.01305	0.00630	0.01709	0.00990	0.02609	0.00810	0.00945	0.00630	0.00540	0.00360	0.00180	0.00450	0.00315	0.00360	0.00630
16	0.23950	0.00771	0.00759	0.00703	0.00954	0.00757	0.00548	0.01288	0.01304	0.08383	0.14601	0.05750	0.35981	0.01115	0.00589	0.00189	0.00353	0.00903	0.00520	0.00581
17	0.00716	0.00511	0.00679	0.00811	0.00847	0.00478	0.00544	0.00819	0.01112	0.01482	0.03173	0.76023	0.03798	0.03501	0.00792	0.00244	0.00346	0.03117	0.00536	0.00471
18	0.00824	0.00642	0.00772	0.00835	0.00997	0.00602	0.00680	0.01076	0.04058	0.01669	0.04351	0.11385	0.36500	0.01531	0.00738	0.00230	0.00407	0.31638	0.00540	0.00525
19	0.01052	0.00862	0.00966	0.00951	0.01145	0.00926	0.00704	0.01878	0.34999	0.01987	0.08070	0.30511	0.11061	0.01266	0.00663	0.00210	0.00385	0.01108	0.00570	0.00685
20	0.00789	0.00590	0.00720	0.00766	0.00876	0.00548	0.00543	0.03958	0.01333	0.01760	0.17769	0.44563	0.20493	0.01572	0.00712	0.00214	0.00328	0.01392	0.00561	0.00513
21	0.38727	0.00839	0.00820	0.00770	0.01006	0.00895	0.00596	0.01403	0.01271	0.05218	0.28227	0.13409	0.02875	0.00965	0.00541	0.00189	0.00372	0.00783	0.00501	0.00592
22	0.09045	0.01000	0.01310	0.01013	0.01456	0.00890	0.00837	0.02745	0.01611	0.70484	0.02176	0.01897	0.01375	0.00705	0.00567	0.00180	0.00491	0.00563	0.00691	0.00961
23	0.00855	0.00563	0.00631	0.00631	0.00636	0.00563	0.00354	0.00865	0.00860	0.01166	0.01835	0.03744	0.02091	0.76622	0.02865	0.00548	0.00553	0.00834	0.03426	0.00359
24	0.00823	0.00537	0.00638	0.00694	0.00727	0.00523	0.00438	0.00904	0.01010	0.01424	0.02411	0.34833	0.02743	0.36032	0.01675	0.00367	0.00428	0.01137	0.12228	0.00429
25	0.83671	0.01125	0.00855	0.00765	0.01125	0.01305	0.00630	0.01709	0.00990	0.02609	0.00810	0.00945	0.00630	0.00540	0.00360	0.00180	0.00450	0.00315	0.00360	0.00630
26	0.01084	0.00542	0.00542	0.00542	0.00678	0.00542	0.00407	0.01355	0.01220	0.02168	0.01897	0.02168	0.01491	0.00678	0.00407	0.00136	0.00271	0.00542	0.82791	0.00542
27	0.01035	0.00535	0.00582	0.00595	0.00702	0.00531	0.00430	0.01223	0.01148	0.01946	0.01914	0.09413	0.01667	0.02445	0.00708	0.10004	0.00311	0.00648	0.63665	0.00497
28	0.83671	0.01125	0.00855	0.00765	0.01125	0.01305	0.00630	0.01709	0.00990	0.02609	0.00810	0.00945	0.00630	0.00540	0.00360	0.00180	0.00450	0.00315	0.00360	0.00630
29	0.01724	0.00794	0.01066	0.00884	0.01179	0.00703	0.00703	0.01973	0.01655	0.39646	0.38654	0.03152	0.03446	0.00952	0.00635	0.00181	0.00386	0.00816	0.00680	0.00771
30	0.00925	0.00550	0.00610	0.00622	0.00688	0.00544	0.00406	0.01061	0.01072	0.01655	0.06251	0.11478	0.02247	0.34708	0.01556	0.00333	0.00404	0.00824	0.33611	0.00453
31	0.01302	0.01241	0.02112	0.33630	0.46949	0.01346	0.01716	0.01664	0.01259	0.01733	0.01070	0.01484	0.00862	0.00544	0.00578	0.00181	0.00725	0.00518	0.00276	0.00810
32	0.01166	0.03008	0.76550	0.01657	0.02517	0.01351	0.02149	0.01842	0.01228	0.01842	0.01044	0.01228	0.00737	0.00552	0.00552	0.00184	0.00859	0.00430	0.00246	0.00859
33	0.02211	0.01629	0.01745	0.01338	0.01803	0.01803	0.01105	0.73997	0.02734	0.03665	0.01396	0.01396	0.00989	0.00698	0.00582	0.00175	0.00640	0.00524	0.00582	0.00989
34	0.01366	0.01548	0.03345	0.02389	0.02975	0.01444	0.70977	0.01847	0.01366	0.01864	0.01171	0.01555	0.00882	0.00488	0.00676	0.00192	0.00959	0.00673	0.00296	0.03989
35	0.01064	0.00532	0.00601	0.00601	0.00699	0.00532	0.00433	0.01192	0.01094	0.01853	0.01656	0.02059	0.01360	0.01043	0.00914	0.22704	0.00335	0.00532	0.60333	0.00463
36	0.00831	0.00591	0.00805	0.00933	0.01015	0.00576	0.00731	0.01011	0.01214	0.01596	0.03073	0.38784	0.03507	0.05615	0.00884	0.00269	0.00449	0.37092	0.00528	0.00498
37	0.00709	0.00506	0.00675	0.00810	0.00843	0.00472	0.00540	0.00810	0.01113	0.01484	0.03205	0.79184	0.03846	0.01822	0.00742	0.00236	0.00337	0.01653	0.00540	0.00472
38	0.00986	0.00771	0.00906	0.00842	0.01029	0.00790	0.00635	0.01613	0.21521	0.02263	0.48433	0.03804	0.08512	0.04402	0.00756	0.00204	0.00338	0.00946	0.00609	0.00638
39	0.02156	0.01588	0.01706	0.01319	0.01769	0.01755	0.01085	0.71349	0.02676	0.03586	0.01462	0.04210	0.01092	0.00739	0.00588	0.00177	0.00629	0.00564	0.00580	0.00970
40	0.00846	0.00564	0.00634	0.00634	0.00634	0.00564	0.00352	0.00846	0.00846	0.01128	0.01832	0.03805	0.02114	0.79563	0.02960	0.00564	0.00564	0.00846	0.00352	0.00352
41	0.00846	0.00564	0.00634	0.00634	0.00634	0.00564	0.00352	0.00846	0.00846	0.01128	0.01832	0.03805	0.02114	0.79563	0.02960	0.00564	0.00564	0.00846	0.00352	0.00352
42	0.01175	0.00630	0.00640	0.00607	0.00769	0.00644	0.00463	0.07246	0.01342	0.02289	0.01856	0.02105	0.01450	0.00679	0.00421	0.00139	0.00301	0.00541	0.76124	0.00578
43	0.01021	0.00583	0.00680	0.00647	0.00795	0.00557	0.00488	0.01292	0.01432	0.05009	0.35719	0.03159	0.03321	0.00914	0.00541	0.00159	0.00281	0.00777	0.42064	0.00562
44	0.00732	0.00567	0.00673	0.00746	0.00869	0.00509	0.00552	0.00878	0.01243	0.01561	0.04414	0.35170	0.36603	0.01632	0.00726	0.00223	0.00346	0.11529	0.00539	0.00490
45	0.00709	0.00506	0.00675	0.00810	0.00843	0.00472	0.00540	0.00810	0.01113	0.01484	0.03205	0.79184	0.03846	0.01822	0.00742	0.00236	0.00337	0.01653	0.00540	0.00472
46	0.00778	0.00609	0.00718	0.00752	0.00915	0.00548	0.00598	0.00978	0.01374	0.01739	0.16492	0.08396	0.41789	0.01475	0.00721	0.00215	0.00358	0.20477	0.00555	0.00512
47	0.00807	0.00594	0.00754	0.00714	0.00859	0.00542	0.00536	0.01065	0.01607	0.02239	0.67148	0.04496	0.14025	0.01223	0.00686	0.00185	0.00277	0.01073	0.00628	0.00542
48	0.00813	0.00581	0.00795	0.00929	0.01009	0.00562	0.00721	0.00990	0.01216	0.01601	0.03147	0.46003	0.03618	0.01723	0.00770	0.00251	0.00428	0.33803	0.00538	0.00501
49	0.00912	0.00688	0.00854	0.00796	0.00961	0.00677	0.00602	0.01383	0.12127	0.02346	0.65144	0.04033	0.04956	0.01132	0.00672	0.00185	0.00301	0.00995	0.00633	0.00602
50	0.02598	0.01008	0.01361	0.01043	0.01494	0.00882	0.00862	0.04854	0.01695	0.74275	0.02269	0.01963	0.01427	0.00719	0.00585	0.00180	0.00499	0.00583	0.00716	0.00990
51	0.01269	0.02294	0.40298	0.02051	0.02776	0.01410	0.37685	0.01852	0.01300	0.01852	0.01109	0.01397	0.00809	0.00522	0.00619	0.00190	0.00919	0.00557	0.00270	0.00822
52	0.00693	0.00567	0.00612	0.00649	0.00801	0.00486	0.00468	0.00828	0.01268	0.01547	0.05160	0.25619	0.56149	0.01568	0.00702	0.00207	0.00306	0.01343	0.00540	0.00486
53	0.02609	0.00990	0.01350	0.01035	0.01484	0.00855	0.00855	0.02834	0.01664	0.76338	0.02294	0.01979	0.01439	0.00720	0.00585	0.00180	0.00495	0.00585	0.00720	0.00990
54	0.02609	0.00990	0.01350	0.01035	0.01484	0.00855	0.00855	0.02834	0.01664	0.76338	0.02294	0.01979	0.01439	0.00720	0.00585	0.00180	0.00495	0.00585	0.00720	0.00990
55	0.83671	0.01125	0.00855	0.00765	0.01125	0.01305	0.00630	0.01709	0.00990	0.02609	0.00810	0.00945	0.00630	0.00540	0.00360	0.00180	0.00450	0.00315	0.00360	0.00630
56	0.02127	0.00876	0.01185	0.00948	0.01301	0.00770	0.00760	0.02333	0.01588	0.55927	0.16152	0.02503	0.02222	0.04447	0.00778	0.03425	0.00456	0.00682	0.00670	0.00848
57	0.01010	0.00505	0.00758	0.00758	0.00758	0.00505	0.00505	0.00758	0.00758	0.01010	0.01010	0.01768	0.01010	0.02020	0.02273	0.83081	0.00505	0.00505	0.00253	0.00253
58	0.02450	0.01063	0.01373	0.01072	0.01509	0.00987	0.00879	0.07725	0.10063	0.62969	0.02241	0.01961	0.01447	0.00726	0.00585	0.00182	0.00501	0.00589	0.00696	0.00982
59	0.00842	0.00578	0.00705	0.00705	0.00729	0.00602	0.00440	0.00891	0.00867	0.01180	0.01768	0.03448	0.01959	0.61904	0.20407	0.00651	0.00797	0.00793	0.00343	0.00392
60	0.01319	0.01409	0.02544	0.01954	0.02226	0.01638	0.34793	0.01614	0.01113	0.01614	0.00954	0.01409	0.00818	0.00774	0.01344	0.00227	0.42683	0.00591	0.00273	0.00705
61	0.02172	0.02772	0.01648	0.01498	0.01798	0.77228	0.01124	0.02322	0.01648	0.01423	0.00899	0.01049	0.00749	0.00599	0.00524	0.00150	0.01049	0.00375	0.00300	0.00674
62	0.07361	0.01424	0.02028	0.05381	0.35472	0.01494	0.05037	0.26340	0.01793	0.06217	0.01238	0.01428	0.00942	0.00592	0.00569	0.00176	0.00665	0.00518	0.00413	0.00910
63	0.03687	0.52652	0.05323	0.01114	0.01591	0.10075	0.01048	0.10311	0.03157	0.04876	0.00995	0.01084	0.00825	0.00551	0.00434	0.00141	0.00665	0.00367	0.00323	0.00783
64	0.01426	0.01458	0.05834	0.03480	0.72498	0.01380	0.01802	0.01787	0.01320	0.01897	0.01091	0.01429	0.00912	0.00520	0.00575	0.00173	0.00699	0.00514	0.00286	0.00918
65	0.00709	0.00506	0.00675	0.00810	0.00843	0.00472	0.00540	0.00810	0.01113	0.01484	0.03205	0.79184	0.03846	0.01822	0.00742	0.00236	0.00337	0.01653	0.00540	0.00472
66	0.01502	0.62426	0.13418	0.01104	0.01631	0.05610	0.01150	0.01760	0.01227	0.01473	0.03553	0.01104	0.00917	0.00535	0.00417	0.00136	0.00663	0.00358	0.00265	0.00752
67	0.07406	0.44170	0.02366	0.01231	0.05035	0.19038	0.01030	0.05002	0.01382	0.07194	0.00978	0.01081	0.00809	0.00549	0.00441	0.00142	0.00701	0.00365	0.00319	0.00759
68	0.00774	0.00595	0.00691	0.00690	0.00833	0.00542	0.00513	0.00948	0.01329	0.01720	0.23860	0.04943	0.36692	0.12704	0.04251	0.00283	0.00402	0.07206	0.00530	0.00492
69	0.00816	0.00594	0.00768	0.00724	0.00865	0.00546	0.00543	0.01084	0.01630	0.02294	0.72129	0.04407	0.09010	0.01203	0.00686	0.00184	0.00275	0.01060	0.00635	0.00546
70	0.01137	0.01085	0.01869	0.69042	0.09339	0.01307	0.05009	0.01526	0.01185	0.01534	0.01045	0.01543	0.00791	0.00572	0.00586	0.00192	0.00778	0.00525	0.00262	0.00673
71	0.02305	0.01195	0.01487	0.06403	0.01750	0.01200	0.00983	0.23105	0.07411	0.44921	0.01957	0.01798	0.01290	0.00709	0.00584	0.00181	0.00553	0.00568	0.00639	0.00961
72	0.02451	0.01357	0.01457	0.01155	0.01583	0.11957	0.00936	0.14587	0.03717	0.51652	0.01947	0.01754	0.01274	0.00701	0.00576	0.00175	0.00597	0.00546	0.00633	0.00943
73	0.00827	0.00589	0.00753	0.00715	0.00829	0.00551	0.00515	0.01055	0.01510	0.02128	0.63116	0.04253	0.04915	0.14477	0.01071	0.00247	0.00323	0.01017	0.00591	0.00515
74	0.01439	0.01382	0.02360	0.03569	0.75936	0.01382	0.01785	0.01785	0.01324	0.01900	0.01094	0.01439	0.00921	0.00518	0.00576	0.00173	0.00691	0.00518	0.00288	0.00921
75	0.01575	0.08212	0.19151	0.01365	0.01826	0.06672	0.04099	0.26441	0.01702	0.02282	0.01230	0.01496	0.00981	0.02922	0.13521	0.00311	0.04529	0.00503	0.00380	0.00801
76	0.02122	0.01378	0.01544	0.01219	0.01645	0.01476	0.00995	0.42627	0.14841	0.20308	0.04457	0.01771	0.01392	0.00736	0.00588	0.00180	0.00562	0.00580	0.00618	0.00961
77	0.00804	0.00594	0.00750	0.00711	0.00857	0.00540	0.00533	0.01060	0.01600	0.02223	0.65649	0.04523	0.15535	0.01229	0.00686	0.00185	0.00277	0.01077	0.00626	0.00540
78	0.01493	0.01654	0.03133	0.02356	0.06275	0.07154	0.60045	0.06822	0.01484	0.01955	0.01167	0.01512	0.00881	0.00514	0.00662	0.00190	0.00949	0.00644	0.00314	0.00796
79	0.01359	0.05548	0.38485	0.01450	0.02028	0.07119	0.01561	0.02276	0.26315	0.01969	0.01459	0.01525	0.01093	0.00658	0.00624	0.00187	0.04624	0.00502	0.00368	0.00850
80	0.01225	0.02610	0.56616	0.01914	0.05296	0.01380	0.19045	0.01845	0.01265	0.01849	0.01077	0.01316	0.00778	0.00537	0.00585	0.00187	0.00882	0.00493	0.00259	0.00844
81	0.00831	0.00623	0.00935	0.00935	0.01038	0.00727	0.00727	0.01038	0.00935	0.01350	0.01558	0.02285	0.01454	0.04361	0.77259	0.00935	0.01558	0.00623	0.00312	0.00519
82	0.68525	0.01201	0.01062	0.01023	0.06316	0.01368	0.00764	0.10169	0.01217	0.02684	0.00898	0.01031	0.00692	0.00557	0.00401	0.00179	0.00489	0.00353	0.00381	0.00692
83	0.01104	0.01238	0.07687	0.04469	0.02100	0.01056	0.34300	0.01505	0.01455	0.02010	0.29579	0.02798	0.06423	0.00813	0.00672	0.00190	0.00662	0.00827	0.00433	0.00681

[dist]
# distance from previous block
# <min> <max>
0	2

[block]
# block no. 2 follows, 40 sequences, length 37
# corresponding to MSA columns:
# 172-185,251-273
name=unknown_C
#
# <colnr> <probs for GDERKNQSTAVLIFYWHMCP>
#	G	D	E	R	K	N	Q	S	T	A	V	L	I	F	Y	W	H	M	C	P
0	0.00814	0.00638	0.00756	0.00802	0.00973	0.00590	0.00654	0.01056	0.03322	0.01712	0.09464	0.05793	0.40876	0.01487	0.00730	0.00223	0.00391	0.28651	0.00546	0.00524
1	0.01805	0.09268	0.01645	0.01123	0.01596	0.07589	0.00928	0.29780	0.01864	0.07568	0.01227	0.01292	0.00930	0.00575	0.00502	0.00136	0.00586	0.00429	0.00449	0.30709
2	0.02070	0.01413	0.01562	0.01246	0.01670	0.01537	0.01018	0.44304	0.18950	0.15305	0.01807	0.01798	0.01301	0.00745	0.00590	0.00183	0.00572	0.02361	0.00606	0.00962
3	0.01111	0.01059	0.01823	0.74640	0.03960	0.01300	0.04977	0.01503	0.01173	0.01503	0.01040	0.01551	0.00780	0.00577	0.00586	0.00194	0.00785	0.00525	0.00260	0.00652
4	0.01446	0.01264	0.01429	0.01444	0.09643	0.01439	0.01015	0.02947	0.66848	0.02374	0.02228	0.02090	0.01682	0.00759	0.00590	0.00195	0.00485	0.00642	0.00559	0.00921
5	0.01440	0.01229	0.09286	0.01001	0.01325	0.09139	0.00870	0.01815	0.06569	0.18833	0.30805	0.03086	0.10284	0.00950	0.00625	0.00181	0.00487	0.00795	0.00565	0.00716
6	0.01431	0.01089	0.01204	0.01091	0.01384	0.01208	0.00842	0.02652	0.53530	0.09690	0.08448	0.10743	0.02272	0.00928	0.00615	0.00199	0.00435	0.00791	0.00603	0.00848
7	0.00808	0.00570	0.00689	0.00724	0.00782	0.00550	0.00486	0.00904	0.01087	0.01442	0.10710	0.19336	0.10568	0.38240	0.03152	0.00396	0.00474	0.08191	0.00458	0.00433
8	0.01555	0.79913	0.03047	0.00995	0.01493	0.02301	0.00995	0.01741	0.01182	0.01368	0.00808	0.00933	0.00746	0.00498	0.00373	0.00124	0.00622	0.00311	0.00249	0.00746
9	0.02220	0.01365	0.01412	0.01162	0.01560	0.12455	0.00929	0.07678	0.20449	0.41325	0.02044	0.01849	0.01392	0.00718	0.00577	0.00179	0.00578	0.00568	0.00615	0.00925
10	0.00707	0.00563	0.00617	0.00656	0.00789	0.00492	0.00462	0.00828	0.01224	0.01508	0.04778	0.26370	0.48943	0.08281	0.00898	0.00239	0.00330	0.01316	0.00524	0.00474
11	0.01373	0.01569	0.03431	0.02451	0.03039	0.01471	0.73824	0.01863	0.01373	0.01863	0.01176	0.01569	0.00882	0.00490	0.00686	0.00196	0.00980	0.00686	0.00294	0.00784
12	0.01423	0.01365	0.02168	0.10698	0.58913	0.03139	0.01658	0.01910	0.09353	0.01906	0.01222	0.01521	0.00996	0.00556	0.00577	0.00177	0.00682	0.00530	0.00318	0.00888
13	0.01742	0.02064	0.01694	0.01495	0.01683	0.43373	0.03078	0.01897	0.01325	0.01422	0.00903	0.01226	0.00806	0.01001	0.06252	0.00242	0.28416	0.00447	0.00284	0.00653
14	0.00787	0.00545	0.00741	0.00808	0.00851	0.00555	0.00553	0.00869	0.00994	0.01352	0.02378	0.40717	0.02717	0.15536	0.20615	0.07249	0.00698	0.01163	0.00427	0.00446
15	0.01358	0.01687	0.15942	0.02849	0.43976	0.01405	0.13799	0.01771	0.01285	0.01846	0.01113	0.01508	0.00916	0.00574	0.00685	0.00186	0.06074	0.01880	0.00284	0.00860
16	0.01084	0.00542	0.00542	0.00542	0.00678	0.00542	0.00407	0.01355	0.01220	0.02168	0.01897	0.02168	0.01491	0.00678	0.00407	0.00136	0.00271	0.00542	0.82791	0.00542
17	0.01084	0.00542	0.00542	0.00542	0.00678	0.00542	0.00407	0.01355	0.01220	0.02168	0.01897	0.02168	0.01491	0.00678	0.00407	0.00136	0.00271	0.00542	0.82791	0.00542
18	0.83671	0.01125	0.00855	0.00765	0.01125	0.01305	0.00630	0.01709	0.00990	0.02609	0.00810	0.00945	0.00630	0.00540	0.00360	0.00180	0.00450	0.00315	0.00360	0.00630
19	0.02414	0.00946	0.01287	0.01002	0.01417	0.00821	0.00821	0.02644	0.01662	0.68253	0.10307	0.02238	0.01882	0.00771	0.00596	0.00180	0.00471	0.00636	0.00711	0.00941
20	0.01491	0.47502	0.26534	0.01258	0.01852	0.09466	0.01379	0.01831	0.01243	0.01526	0.00893	0.01039	0.00743	0.00525	0.00446	0.00146	0.00741	0.00355	0.00253	0.00775
21	0.83671	0.01125	0.00855	0.00765	0.01125	0.01305	0.00630	0.01709	0.00990	0.02609	0.00810	0.00945	0.00630	0.00540	0.00360	0.00180	0.00450	0.00315	0.00360	0.00630
22	0.01340	0.01012	0.01206	0.00875	0.01369	0.00775	0.00700	0.01578	0.01237	0.09289	0.01159	0.01301	0.00924	0.00510	0.00505	0.02743	0.00439	0.00374	0.00379	0.72286
23	0.26838	0.01763	0.01420	0.01213	0.01546	0.25828	0.00966	0.16866	0.01598	0.07433	0.01058	0.01176	0.00812	0.00652	0.00628	0.00177	0.08467	0.00415	0.00401	0.00744
24	0.01555	0.79913	0.03047	0.00995	0.01493	0.02301	0.00995	0.01741	0.01182	0.01368	0.00808	0.00933	0.00746	0.00498	0.00373	0.00124	0.00622	0.00311	0.00249	0.00746
25	0.01010	0.00505	0.00758	0.00758	0.00758	0.00505	0.00505	0.00758	0.00758	0.01010	0.01010	0.01768	0.01010	0.02020	0.02273	0.83081	0.00505	0.00505	0.00253	0.00253
26	0.02133	0.01418	0.02055	0.01596	0.04031	0.09472	0.22396	0.08288	0.01655	0.38267	0.01707	0.01694	0.01149	0.00632	0.00608	0.00181	0.00715	0.00585	0.00526	0.00893
27	0.01687	0.01343	0.01493	0.01249	0.01584	0.01546	0.01006	0.32589	0.30364	0.02749	0.01738	0.01783	0.01326	0.01160	0.09072	0.00273	0.07043	0.00585	0.00529	0.00882
28	0.02211	0.01629	0.01745	0.01338	0.01803	0.01803	0.01105	0.73997	0.02734	0.03665	0.01396	0.01396	0.00989	0.00698	0.00582	0.00175	0.00640	0.00524	0.00582	0.00989
29	0.01527	0.01059	0.01696	0.39097	0.16899	0.01148	0.01382	0.01858	0.01354	0.20577	0.06453	0.01828	0.01293	0.00646	0.00588	0.00186	0.00654	0.00571	0.00407	0.00779
30	0.00817	0.00568	0.00714	0.00739	0.00770	0.00587	0.00477	0.00886	0.00916	0.01246	0.02015	0.17123	0.02269	0.47266	0.20521	0.00594	0.00763	0.00938	0.00377	0.00414
31	0.02172	0.02772	0.01648	0.01498	0.01798	0.77228	0.01124	0.02322	0.01648	0.01423	0.00899	0.01049	0.00749	0.00599	0.00524	0.00150	0.01049	0.00375	0.00300	0.00674
32	0.11004	0.02440	0.01528	0.01387	0.01696	0.61377	0.01049	0.02332	0.08878	0.01653	0.01036	0.01149	0.00838	0.00612	0.00513	0.00158	0.00925	0.00396	0.00335	0.00694
33	0.01332	0.00799	0.01102	0.01098	0.08539	0.00720	0.00755	0.01596	0.01570	0.19588	0.43209	0.04984	0.03666	0.00965	0.00632	0.00175	0.00382	0.00845	0.00597	0.07446
34	0.01499	0.40062	0.18960	0.01470	0.09880	0.01864	0.01338	0.07817	0.08683	0.01825	0.01095	0.01215	0.00886	0.00557	0.00474	0.00154	0.00667	0.00412	0.00314	0.00828
35	0.08012	0.01141	0.01733	0.55999	0.10701	0.01358	0.01496	0.09456	0.01336	0.01857	0.01061	0.01473	0.00801	0.00584	0.00563	0.00188	0.00725	0.00501	0.00305	0.00710
36	0.10372	0.08989	0.01387	0.01017	0.01399	0.01291	0.00819	0.07043	0.29846	0.02216	0.01706	0.07919	0.01432	0.00720	0.00515	0.00162	0.00470	0.00579	0.00465	0.21653

[dist]
# distance from previous block
# <min> <max>
0	4

[block]
# block no. 3 follows, 40 sequences, length 24
# corresponding to MSA columns:
# 278-301
name=unknown_D
#
# <colnr> <probs for GDERKNQSTAVLIFYWHMCP>
#	G	D	E	R	K	N	Q	S	T	A	V	L	I	F	Y	W	H	M	C	P
0	0.00896	0.00698	0.00863	0.00792	0.01014	0.00596	0.00601	0.01119	0.01371	0.01931	0.29483	0.18631	0.10742	0.01173	0.00638	0.00175	0.00349	0.06108	0.00525	0.22297
1	0.01764	0.34707	0.14491	0.01252	0.01789	0.04486	0.01230	0.29518	0.01801	0.02329	0.01076	0.01163	0.00838	0.00587	0.00488	0.00154	0.00682	0.00414	0.00378	0.00855
2	0.00722	0.00582	0.00646	0.00676	0.00835	0.00506	0.00506	0.00881	0.01317	0.01632	0.10944	0.18150	0.52008	0.01520	0.00706	0.00208	0.00319	0.06800	0.00548	0.00496
3	0.08246	0.01867	0.30294	0.01465	0.07241	0.01212	0.01426	0.09337	0.01526	0.29441	0.01523	0.01514	0.01025	0.00625	0.00554	0.00181	0.00660	0.00493	0.00465	0.00907
4	0.00729	0.00569	0.00662	0.00685	0.00823	0.00501	0.00496	0.00898	0.01356	0.01751	0.23796	0.24467	0.38215	0.01488	0.00701	0.00203	0.00300	0.01292	0.00567	0.00501
5	0.09406	0.01527	0.01670	0.01445	0.07488	0.01690	0.01097	0.54844	0.09613	0.03310	0.01416	0.01435	0.01029	0.00679	0.00562	0.00177	0.00609	0.00518	0.00540	0.00945
6	0.02073	0.01823	0.04923	0.01626	0.10965	0.17716	0.01206	0.36953	0.04906	0.10041	0.01364	0.01407	0.00993	0.00654	0.00568	0.00171	0.00722	0.00498	0.00485	0.00905
7	0.01107	0.01022	0.01810	0.01587	0.04623	0.01002	0.25215	0.01556	0.08589	0.01806	0.02323	0.18478	0.02374	0.01154	0.00723	0.00227	0.00644	0.24651	0.00452	0.00659
8	0.01649	0.01834	0.01580	0.01618	0.14730	0.34443	0.01067	0.01868	0.01417	0.01670	0.01084	0.04713	0.00958	0.00583	0.00512	0.00136	0.00744	0.00448	0.00324	0.28624
9	0.01054	0.00746	0.00911	0.00843	0.01055	0.00704	0.00642	0.03410	0.08855	0.06996	0.31490	0.17027	0.10189	0.01184	0.00657	0.00189	0.00358	0.04235	0.00578	0.08877
10	0.01549	0.01000	0.01145	0.00958	0.01211	0.01033	0.00727	0.27062	0.01770	0.12225	0.12981	0.06343	0.04393	0.23483	0.01291	0.00292	0.00520	0.00777	0.00540	0.00702
11	0.00831	0.00623	0.00935	0.00935	0.01038	0.00727	0.00727	0.01038	0.00935	0.01350	0.01558	0.02285	0.01454	0.04361	0.77259	0.00935	0.01558	0.00623	0.00312	0.00519
12	0.01887	0.02004	0.01875	0.02126	0.26074	0.33576	0.01322	0.14883	0.07003	0.02049	0.01156	0.01319	0.00922	0.00604	0.00556	0.00165	0.00817	0.00468	0.00367	0.00829
13	0.00768	0.00592	0.00701	0.00674	0.00835	0.00525	0.00505	0.00991	0.01516	0.02023	0.47359	0.04852	0.33949	0.01304	0.00686	0.00188	0.00283	0.01123	0.00600	0.00525
14	0.01206	0.01034	0.01206	0.00861	0.01378	0.00775	0.00689	0.01464	0.01206	0.01895	0.01034	0.01206	0.00861	0.00431	0.00431	0.00086	0.00431	0.00345	0.00345	0.83118
15	0.01221	0.06092	0.56744	0.01593	0.05399	0.01345	0.01841	0.01895	0.06965	0.01874	0.01137	0.01295	0.00838	0.00555	0.00536	0.00172	0.00768	0.00437	0.00284	0.09008
16	0.01950	0.01499	0.01598	0.01285	0.01704	0.01681	0.01042	0.49786	0.27369	0.03244	0.01728	0.01660	0.01257	0.00729	0.00585	0.00182	0.00579	0.00569	0.00585	0.00966
17	0.01084	0.00542	0.00542	0.00542	0.00678	0.00542	0.00407	0.01355	0.01220	0.02168	0.01897	0.02168	0.01491	0.00678	0.00407	0.00136	0.00271	0.00542	0.82791	0.00542
18	0.01084	0.00542	0.00542	0.00542	0.00678	0.00542	0.00407	0.01355	0.01220	0.02168	0.01897	0.02168	0.01491	0.00678	0.00407	0.00136	0.00271	0.00542	0.82791	0.00542
19	0.01307	0.01146	0.01786	0.02439	0.44664	0.01147	0.01319	0.08058	0.01557	0.02200	0.25547	0.02387	0.02423	0.00754	0.00612	0.00176	0.00550	0.00693	0.00430	0.00805
20	0.01784	0.17852	0.12948	0.01419	0.07097	0.14941	0.01216	0.15382	0.01620	0.09337	0.01161	0.01254	0.00884	0.00577	0.00507	0.00152	0.00706	0.00425	0.00379	0.10360
21	0.20617	0.16232	0.06714	0.01312	0.04739	0.30997	0.01072	0.01921	0.01304	0.01730	0.00903	0.01098	0.00760	0.00749	0.03978	0.00195	0.04313	0.00376	0.00299	0.00691
22	0.00967	0.00708	0.00800	0.00797	0.00983	0.00680	0.00588	0.01370	0.14297	0.07075	0.04147	0.28334	0.34229	0.01410	0.00681	0.00208	0.00352	0.01217	0.00562	0.00597
23	0.01590	0.13351	0.09442	0.01979	0.25035	0.03069	0.01358	0.16259	0.15727	0.02255	0.01345	0.01460	0.01049	0.00605	0.00542	0.00169	0.00642	0.00498	0.00396	0.03227

[dist]
# distance from previous block
# <min> <max>
0	2

[block]
# block no. 4 follows, 40 sequences, length 12
# corresponding to MSA columns:
# 308-312,321-327
name=unknown_E
#
# <colnr> <probs for GDERKNQSTAVLIFYWHMCP>
#	G	D	E	R	K	N	Q	S	T	A	V	L	I	F	Y	W	H	M	C	P
0	0.01101	0.04372	0.43302	0.01533	0.02143	0.01180	0.13240	0.01600	0.01268	0.01803	0.06743	0.12191	0.05383	0.00803	0.00611	0.00192	0.00732	0.00716	0.00335	0.00752
1	0.01084	0.00542	0.00542	0.00542	0.00678	0.00542	0.00407	0.01355	0.01220	0.02168	0.01897	0.02168	0.01491	0.00678	0.00407	0.00136	0.00271	0.00542	0.82791	0.00542
2	0.01379	0.07974	0.38266	0.02277	0.28562	0.08022	0.01846	0.01856	0.01295	0.01792	0.01032	0.01266	0.00804	0.00540	0.00545	0.00173	0.00799	0.00448	0.00266	0.00857
3	0.01498	0.01215	0.01620	0.07684	0.27341	0.07701	0.01235	0.01916	0.09444	0.12517	0.01875	0.11667	0.01705	0.00875	0.00622	0.00195	0.00613	0.09045	0.00442	0.00789
4	0.02301	0.01242	0.01482	0.01150	0.01572	0.01258	0.00941	0.34999	0.02078	0.37338	0.01784	0.01698	0.01201	0.00813	0.00717	0.06763	0.00562	0.00551	0.00620	0.00931
5	0.01175	0.01067	0.01522	0.48236	0.02982	0.01279	0.01309	0.01937	0.24170	0.01788	0.01820	0.02052	0.06802	0.00714	0.00593	0.00195	0.00640	0.00615	0.00384	0.00720
6	0.01340	0.01383	0.02120	0.20235	0.15730	0.07569	0.17107	0.01782	0.07650	0.01711	0.01397	0.01720	0.04850	0.00680	0.00798	0.00196	0.12082	0.00591	0.00318	0.00742
7	0.16324	0.00788	0.00973	0.01146	0.07571	0.00819	0.00815	0.01304	0.04803	0.01861	0.02493	0.30102	0.02727	0.01348	0.00669	0.00229	0.00460	0.24500	0.00486	0.00583
8	0.14963	0.01808	0.20494	0.02061	0.27575	0.08401	0.01481	0.01929	0.01324	0.10147	0.03724	0.01429	0.01026	0.00583	0.00535	0.00176	0.00692	0.00475	0.00350	0.00830
9	0.00826	0.00594	0.00743	0.00767	0.00792	0.00618	0.00501	0.00895	0.00983	0.01339	0.06463	0.26863	0.02721	0.41292	0.07093	0.00447	0.05143	0.01072	0.00418	0.00429
10	0.29876	0.00936	0.00928	0.00857	0.01124	0.01002	0.00664	0.07108	0.09386	0.07246	0.05697	0.19021	0.11961	0.01027	0.00560	0.00196	0.00415	0.00835	0.00503	0.00657
11	0.30288	0.01102	0.01132	0.00974	0.01332	0.01194	0.00781	0.02428	0.26356	0.21179	0.06130	0.01824	0.01511	0.00708	0.00515	0.00186	0.00454	0.00543	0.00546	0.00815

[dist]
# distance from previous block
# <min> <max>
1	3

[block]
# block no. 5 follows, 40 sequences, length 53
# corresponding to MSA columns:
# 331-383
name=unknown_F
#
# <colnr> <probs for GDERKNQSTAVLIFYWHMCP>
#	G	D	E	R	K	N	Q	S	T	A	V	L	I	F	Y	W	H	M	C	P
0	0.00982	0.00764	0.01038	0.03190	0.12637	0.00742	0.00803	0.02784	0.04603	0.04381	0.03309	0.32453	0.20079	0.03246	0.00741	0.00221	0.00431	0.06495	0.00499	0.00603
1	0.04019	0.04469	0.01773	0.04458	0.10355	0.52134	0.02848	0.05589	0.01585	0.01653	0.00959	0.01143	0.00788	0.00578	0.00525	0.00153	0.00915	0.00406	0.00313	0.05338
2	0.01638	0.05131	0.01631	0.01207	0.01654	0.10028	0.07324	0.10616	0.13847	0.09307	0.02654	0.01518	0.01146	0.00591	0.00525	0.00145	0.00594	0.00485	0.00441	0.29518
3	0.01640	0.12877	0.01521	0.01092	0.03593	0.03069	0.00867	0.04172	0.01444	0.24823	0.19142	0.02344	0.02200	0.05136	0.03734	0.00229	0.10212	0.00651	0.00509	0.00743
4	0.00702	0.00575	0.00619	0.00639	0.00802	0.00492	0.00467	0.00851	0.01314	0.01616	0.10950	0.18330	0.57604	0.01511	0.00697	0.00202	0.00300	0.01288	0.00548	0.00492
5	0.01076	0.00989	0.01009	0.00972	0.01073	0.13168	0.00713	0.01211	0.01023	0.01301	0.01487	0.02462	0.01491	0.24889	0.39835	0.00667	0.05172	0.00640	0.00318	0.00503
6	0.01635	0.01536	0.05075	0.01935	0.08405	0.07029	0.32498	0.09309	0.07403	0.11322	0.06628	0.01783	0.01344	0.00625	0.00629	0.00185	0.00772	0.00634	0.00422	0.00830
7	0.01408	0.27702	0.14997	0.01858	0.07828	0.01718	0.28893	0.01877	0.05091	0.01728	0.01089	0.01324	0.00863	0.00520	0.00548	0.00169	0.00793	0.00506	0.00286	0.00801
8	0.83671	0.01125	0.00855	0.00765	0.01125	0.01305	0.00630	0.01709	0.00990	0.02609	0.00810	0.00945	0.00630	0.00540	0.00360	0.00180	0.00450	0.00315	0.00360	0.00630
9	0.01084	0.00542	0.00542	0.00542	0.00678	0.00542	0.00407	0.01355	0.01220	0.02168	0.01897	0.02168	0.01491	0.00678	0.00407	0.00136	0.00271	0.00542	0.82791	0.00542
10	0.00888	0.00637	0.00868	0.00925	0.01060	0.00617	0.00769	0.01158	0.01471	0.01996	0.34388	0.05603	0.04270	0.01426	0.00753	0.00231	0.00423	0.41394	0.00581	0.00541
11	0.01385	0.46368	0.35108	0.01284	0.01939	0.01886	0.01498	0.01785	0.01202	0.01575	0.00911	0.01061	0.00742	0.00521	0.00451	0.00150	0.00725	0.00363	0.00247	0.00796
12	0.01412	0.01354	0.02312	0.09482	0.70234	0.01375	0.01771	0.01761	0.01311	0.01867	0.01089	0.01448	0.00910	0.00523	0.00576	0.00174	0.00698	0.00518	0.00286	0.00899
13	0.00732	0.00524	0.00699	0.00815	0.00865	0.00490	0.00561	0.00860	0.01180	0.01585	0.10638	0.67733	0.03989	0.01746	0.00740	0.00232	0.00341	0.05238	0.00550	0.00483
14	0.00813	0.00603	0.00712	0.00678	0.00849	0.00532	0.00511	0.01031	0.01508	0.04000	0.43555	0.04821	0.35678	0.01299	0.00684	0.00189	0.00289	0.01115	0.00599	0.00536
15	0.01537	0.08798	0.36843	0.01877	0.14619	0.04977	0.07180	0.02005	0.01340	0.13579	0.01233	0.01375	0.00891	0.00566	0.00555	0.00176	0.00771	0.00476	0.00334	0.00866
16	0.01412	0.01264	0.16380	0.01104	0.01522	0.00852	0.07021	0.01722	0.01393	0.22884	0.05020	0.08763	0.22019	0.00969	0.00621	0.00189	0.00524	0.00831	0.04776	0.00734
17	0.00750	0.00581	0.00669	0.00665	0.00810	0.00516	0.00483	0.00928	0.01386	0.01805	0.30607	0.11868	0.38042	0.07257	0.00862	0.00223	0.00311	0.01175	0.00562	0.00500
18	0.01304	0.01490	0.10468	0.06078	0.13100	0.08791	0.13115	0.05501	0.05110	0.01767	0.01304	0.01701	0.01081	0.01744	0.24364	0.00414	0.01052	0.00561	0.00322	0.00730
19	0.01316	0.20284	0.39281	0.07587	0.15806	0.02741	0.01760	0.01789	0.01236	0.01710	0.00996	0.01220	0.00776	0.00536	0.00517	0.00168	0.00770	0.00424	0.00256	0.00826
20	0.02172	0.02772	0.01648	0.01498	0.01798	0.77228	0.01124	0.02322	0.01648	0.01423	0.00899	0.01049	0.00749	0.00599	0.00524	0.00150	0.01049	0.00375	0.00300	0.00674
21	0.00883	0.00554	0.00751	0.00800	0.00869	0.00530	0.00587	0.00877	0.01054	0.01368	0.04682	0.17369	0.14327	0.01790	0.01404	0.35986	0.00440	0.14916	0.00418	0.00395
22	0.01128	0.01137	0.07695	0.04109	0.23730	0.01000	0.01149	0.01439	0.01387	0.03146	0.27289	0.02696	0.07602	0.00855	0.00708	0.00179	0.06345	0.00731	0.00432	0.07244
23	0.01147	0.00906	0.01120	0.01167	0.07400	0.00921	0.00805	0.05097	0.19532	0.04208	0.02566	0.26156	0.08071	0.01382	0.06379	0.00251	0.00519	0.02544	0.00502	0.09327
24	0.00706	0.00582	0.00621	0.00627	0.00801	0.00497	0.00464	0.00866	0.01347	0.01660	0.14496	0.12037	0.60350	0.01468	0.00692	0.00198	0.00296	0.01243	0.00553	0.00497
25	0.00976	0.00646	0.00728	0.00702	0.00801	0.00650	0.00478	0.06692	0.01199	0.01712	0.08366	0.09046	0.08110	0.35089	0.05249	0.00378	0.00495	0.00856	0.17343	0.00485
26	0.10087	0.00825	0.01029	0.00911	0.01183	0.00820	0.00721	0.01808	0.05179	0.28106	0.02474	0.08229	0.11272	0.01918	0.22316	0.00401	0.00752	0.00736	0.00523	0.00711
27	0.15978	0.00690	0.00730	0.00691	0.00889	0.00669	0.00529	0.01124	0.01421	0.02135	0.39181	0.04128	0.27472	0.01162	0.00627	0.00187	0.00313	0.00974	0.00556	0.00545
28	0.34914	0.01168	0.01119	0.00977	0.01313	0.01323	0.00772	0.09358	0.27999	0.06437	0.01592	0.01715	0.01241	0.06919	0.00684	0.00216	0.00484	0.00516	0.00484	0.00768
29	0.04219	0.00839	0.01118	0.00940	0.01258	0.00746	0.00742	0.02148	0.01527	0.48788	0.12058	0.18564	0.02456	0.01009	0.00625	0.00192	0.00431	0.00864	0.00661	0.00813
30	0.17013	0.00977	0.01119	0.00915	0.01288	0.00945	0.00743	0.05942	0.05399	0.39783	0.02530	0.02351	0.13037	0.00806	0.00551	0.00181	0.00450	0.00636	0.04516	0.00820
31	0.00755	0.00592	0.00683	0.00660	0.00827	0.00520	0.00495	0.00966	0.01486	0.01952	0.40785	0.04970	0.40568	0.01331	0.00687	0.00190	0.00284	0.01139	0.00590	0.00520
32	0.00731	0.00584	0.00655	0.00652	0.00816	0.00507	0.00483	0.00914	0.01408	0.01800	0.27362	0.11333	0.47875	0.01413	0.00691	0.00195	0.00292	0.01208	0.00571	0.00507
33	0.19673	0.00837	0.00931	0.00864	0.01096	0.00848	0.00653	0.06965	0.01318	0.18049	0.02197	0.31128	0.02178	0.05180	0.00708	0.00218	0.00427	0.00937	0.05139	0.00655
34	0.00741	0.00559	0.00685	0.00721	0.00836	0.00503	0.00515	0.00914	0.01354	0.01795	0.28446	0.33033	0.24764	0.01509	0.00708	0.00207	0.00304	0.01329	0.00574	0.00503
35	0.01199	0.02780	0.64982	0.01783	0.02600	0.01370	0.13489	0.01845	0.01251	0.01845	0.01065	0.01282	0.00760	0.00543	0.00574	0.00186	0.00879	0.00470	0.00253	0.00848
36	0.00719	0.00523	0.00673	0.00777	0.00835	0.00482	0.00526	0.00836	0.01171	0.01552	0.09185	0.64175	0.11161	0.03467	0.00782	0.00235	0.00333	0.01545	0.00544	0.00478
37	0.00759	0.00522	0.00664	0.00759	0.00796	0.00496	0.00498	0.00857	0.01089	0.01486	0.05691	0.57950	0.03458	0.16430	0.01141	0.00291	0.00374	0.01418	0.04864	0.00456
