[name]
unknown

[dist]
# distance from previous block
# <min> <max>
4	390

[block]
# block no. 0 follows, 53 sequences, length 31
# corresponding to MSA columns:
# 390-420
name=unknown_A
#
# <colnr> <probs for GDERKNQSTAVLIFYWHMCP>
#	G	D	E	R	K	N	Q	S	T	A	V	L	I	F	Y	W	H	M	C	P
0	0.07821	0.01233	0.02493	0.02075	0.16624	0.01185	0.58267	0.01509	0.01096	0.01585	0.00931	0.01230	0.00715	0.00410	0.00526	0.00157	0.00728	0.00515	0.00245	0.00655
1	0.03092	0.00819	0.01227	0.01655	0.35567	0.00847	0.00906	0.01244	0.07066	0.01413	0.01315	0.04170	0.02638	0.16880	0.13935	0.00307	0.00609	0.00535	0.05203	0.00573
2	0.00626	0.00454	0.00593	0.00643	0.00715	0.00421	0.00460	0.00771	0.01096	0.01489	0.30739	0.44584	0.08689	0.01280	0.00593	0.00178	0.00266	0.05515	0.00473	0.00415
3	0.47506	0.00893	0.00931	0.11517	0.01319	0.01013	0.00697	0.01594	0.05514	0.16333	0.01013	0.01102	0.00737	0.00512	0.00436	0.00153	0.04935	0.00352	0.02859	0.00586
4	0.01400	0.25322	0.17363	0.01109	0.01559	0.01487	0.05322	0.30319	0.08211	0.02002	0.01009	0.01073	0.00765	0.00500	0.00429	0.00136	0.00560	0.00381	0.00332	0.00720
5	0.00954	0.00792	0.01258	0.01730	0.37241	0.00779	0.00972	0.01173	0.01116	0.03481	0.17964	0.11592	0.02145	0.00852	0.00587	0.03227	0.00434	0.12760	0.00361	0.00583
6	0.01204	0.00893	0.01005	0.00889	0.01102	0.00959	0.00684	0.36916	0.07679	0.02130	0.04021	0.36515	0.01978	0.00989	0.00538	0.00167	0.00399	0.00851	0.00465	0.00615
7	0.01154	0.01247	0.07999	0.02612	0.66770	0.04089	0.01409	0.01444	0.01092	0.01528	0.01108	0.01346	0.05118	0.00474	0.00475	0.00143	0.00572	0.00448	0.00246	0.00726
8	0.01405	0.06331	0.04004	0.02001	0.37999	0.31024	0.02730	0.01694	0.05689	0.01414	0.00886	0.01071	0.00732	0.00463	0.00450	0.00134	0.00672	0.00379	0.00252	0.00670
9	0.00692	0.00474	0.00575	0.00575	0.00593	0.00492	0.00356	0.00729	0.00711	0.00966	0.01457	0.02858	0.01620	0.66007	0.19468	0.00529	0.00640	0.00656	0.00282	0.00319
10	0.06742	0.01248	0.01351	0.01041	0.01417	0.01359	0.00860	0.64413	0.02052	0.12886	0.01214	0.01187	0.00843	0.00569	0.00468	0.00144	0.00502	0.00427	0.00482	0.00796
11	0.01785	0.02278	0.01354	0.01231	0.01478	0.81284	0.00924	0.01909	0.01354	0.01170	0.00739	0.00862	0.00616	0.00493	0.00431	0.00123	0.00862	0.00308	0.00246	0.00554
12	0.00645	0.00442	0.00536	0.00585	0.00597	0.00430	0.00358	0.00682	0.00793	0.01057	0.02006	0.38474	0.02368	0.46996	0.01625	0.00344	0.00381	0.00989	0.00358	0.00333
13	0.00991	0.00850	0.00991	0.00708	0.01133	0.00637	0.00566	0.01203	0.00991	0.01557	0.00850	0.00991	0.00708	0.00354	0.00354	0.00071	0.00354	0.00283	0.00283	0.86124
14	0.01202	0.33023	0.08230	0.01996	0.43710	0.01425	0.01239	0.01457	0.01037	0.01389	0.00805	0.01009	0.00690	0.00421	0.00407	0.00127	0.00557	0.00355	0.00222	0.00698
15	0.01377	0.01916	0.43387	0.01228	0.01781	0.01251	0.01353	0.34453	0.01553	0.05634	0.01027	0.01095	0.00719	0.00511	0.00466	0.00148	0.00616	0.00392	0.00337	0.00757
16	0.00683	0.00512	0.00768	0.00768	0.00853	0.00597	0.00597	0.00853	0.00768	0.01110	0.01280	0.01878	0.01195	0.03585	0.81308	0.00768	0.01280	0.00512	0.00256	0.00427
17	0.00611	0.00487	0.00548	0.00537	0.00679	0.00424	0.00405	0.00774	0.01188	0.01529	0.32959	0.04231	0.50041	0.01125	0.00567	0.00159	0.00240	0.02599	0.00475	0.00422
18	0.01102	0.01712	0.38008	0.08306	0.34750	0.01098	0.01558	0.01508	0.01054	0.05112	0.00921	0.01131	0.00698	0.00450	0.00465	0.00148	0.00629	0.00395	0.00235	0.00719
19	0.00903	0.00850	0.01434	0.82054	0.03292	0.01062	0.01327	0.01221	0.00956	0.01221	0.00850	0.01274	0.00637	0.00478	0.00478	0.00159	0.00637	0.00425	0.00212	0.00531
20	0.01882	0.01234	0.01369	0.01050	0.01430	0.01326	0.00867	0.63365	0.02071	0.18523	0.01295	0.01243	0.00887	0.00577	0.00479	0.00144	0.00502	0.00440	0.00501	0.00813
21	0.01020	0.00864	0.01345	0.01835	0.37368	0.00872	0.01098	0.05682	0.01161	0.01582	0.01702	0.03216	0.01724	0.00867	0.00564	0.00180	0.00504	0.37460	0.00349	0.00607
22	0.01057	0.01732	0.38380	0.08394	0.38019	0.01118	0.01594	0.01469	0.01041	0.01513	0.00876	0.01110	0.00678	0.00443	0.00465	0.00148	0.00637	0.00392	0.00219	0.00716
23	0.01128	0.01289	0.02820	0.02015	0.02498	0.01209	0.78485	0.01531	0.01128	0.01531	0.00967	0.01289	0.00725	0.00403	0.00564	0.00161	0.00806	0.00564	0.00242	0.00645
24	0.00660	0.00485	0.00618	0.00592	0.00706	0.00443	0.00441	0.00868	0.01305	0.01818	0.68393	0.07295	0.12542	0.01026	0.00566	0.00154	0.00230	0.00902	0.00514	0.00443
25	0.00721	0.00689	0.07049	0.00832	0.00961	0.00674	0.00703	0.00916	0.00784	0.01140	0.01222	0.01796	0.01133	0.04724	0.69856	0.00689	0.04913	0.00499	0.00250	0.00450
26	0.00809	0.00428	0.00634	0.00634	0.00644	0.00437	0.00430	0.00651	0.00641	0.00864	0.00906	0.01565	0.00905	0.05072	0.10513	0.73469	0.00511	0.00437	0.00216	0.00235
27	0.01122	0.03531	0.08564	0.10434	0.39465	0.01170	0.25732	0.01465	0.01078	0.01502	0.00906	0.01200	0.00719	0.00426	0.00496	0.00149	0.00659	0.00459	0.00232	0.00691
28	0.01189	0.01027	0.01081	0.00973	0.01243	0.01189	0.00757	0.02540	0.79357	0.01999	0.01945	0.01783	0.01459	0.00648	0.00486	0.00162	0.00378	0.00540	0.00486	0.00757
29	0.00991	0.00850	0.00991	0.00708	0.01133	0.00637	0.00566	0.01203	0.00991	0.01557	0.00850	0.00991	0.00708	0.00354	0.00354	0.00071	0.00354	0.00283	0.00283	0.86124
30	0.01123	0.01050	0.01570	0.45618	0.26105	0.05539	0.01298	0.06564	0.02455	0.02814	0.00915	0.01230	0.00707	0.00474	0.00474	0.00151	0.00613	0.00422	0.00251	0.00628

[dist]
# distance from previous block
# <min> <max>
2	3

[block]
# block no. 1 follows, 53 sequences, length 42
# corresponding to MSA columns:
# 424-465
name=unknown_B
#
# <colnr> <probs for GDERKNQSTAVLIFYWHMCP>
#	G	D	E	R	K	N	Q	S	T	A	V	L	I	F	Y	W	H	M	C	P
0	0.03213	0.01640	0.01926	0.11468	0.02089	0.35237	0.31902	0.01682	0.03648	0.01367	0.00880	0.01110	0.00686	0.00459	0.00489	0.00145	0.00786	0.00431	0.00249	0.00593
1	0.00694	0.00529	0.00790	0.00783	0.00866	0.00625	0.00611	0.00863	0.00767	0.01111	0.01260	0.01852	0.01177	0.03499	0.78810	0.00751	0.03820	0.00509	0.00255	0.00430
2	0.00702	0.00559	0.00824	0.00820	0.00916	0.00539	0.07993	0.03418	0.04398	0.01345	0.02435	0.67330	0.04200	0.01319	0.00595	0.00187	0.00340	0.01209	0.00427	0.00443
3	0.01105	0.03807	0.01454	0.01158	0.08037	0.07491	0.13584	0.01346	0.01051	0.01507	0.00858	0.01038	0.00704	0.00381	0.00404	0.00097	0.00494	0.00343	0.00267	0.54872
4	0.01035	0.00878	0.01420	0.65641	0.08191	0.01048	0.01252	0.04018	0.02420	0.06262	0.00962	0.01306	0.00713	0.00489	0.00475	0.00156	0.00601	0.00431	0.02128	0.00576
5	0.01160	0.00997	0.01056	0.00952	0.01213	0.01148	0.00740	0.02448	0.75010	0.01995	0.06294	0.01883	0.01629	0.00667	0.00491	0.00161	0.00370	0.00558	0.00489	0.00740
6	0.00652	0.00488	0.00605	0.00576	0.00699	0.00441	0.00432	0.00855	0.01295	0.01780	0.63544	0.03795	0.21020	0.01028	0.00564	0.00153	0.00229	0.00896	0.00508	0.00441
7	0.00959	0.02472	0.80726	0.01362	0.02069	0.01110	0.01766	0.01514	0.01009	0.01514	0.00858	0.01009	0.00605	0.00454	0.00454	0.00151	0.00706	0.00353	0.00202	0.00706
8	0.00920	0.00867	0.01465	0.77137	0.08072	0.01066	0.01336	0.01236	0.00964	0.01242	0.00853	0.01269	0.00645	0.00475	0.00478	0.00158	0.00633	0.00425	0.00214	0.00545
9	0.01127	0.01065	0.01733	0.18562	0.55072	0.01127	0.01351	0.01550	0.10693	0.01547	0.01018	0.01275	0.00819	0.00464	0.00476	0.00148	0.00558	0.00440	0.00262	0.00712
10	0.01075	0.01059	0.01642	0.43773	0.35516	0.06078	0.01361	0.01367	0.01036	0.01361	0.00863	0.01210	0.00686	0.00457	0.00473	0.00150	0.00622	0.00418	0.00225	0.00627
11	0.00694	0.00467	0.00540	0.00540	0.00547	0.00474	0.00313	0.00707	0.00701	0.00941	0.01489	0.03032	0.01696	0.77076	0.08502	0.00487	0.00526	0.00681	0.00287	0.00300
12	0.00861	0.00805	0.01317	0.72016	0.02966	0.00981	0.01209	0.01155	0.00972	0.01230	0.01341	0.01684	0.10406	0.00568	0.00489	0.00160	0.00589	0.00497	0.00241	0.00515
13	0.00689	0.00488	0.00644	0.00644	0.00686	0.00530	0.00443	0.00774	0.00731	0.01018	0.01394	0.02507	0.01468	0.43639	0.41627	0.00615	0.00869	0.00604	0.00273	0.00358
14	0.01189	0.01027	0.01081	0.00973	0.01243	0.01189	0.00757	0.02540	0.79357	0.01999	0.01945	0.01783	0.01459	0.00648	0.00486	0.00162	0.00378	0.00540	0.00486	0.00757
15	0.01111	0.01148	0.10844	0.01010	0.01314	0.01103	0.00882	0.02229	0.60389	0.01872	0.01881	0.02118	0.01508	0.00705	0.00503	0.00168	0.00426	0.09631	0.00446	0.00713
16	0.01785	0.02278	0.01354	0.01231	0.01478	0.81284	0.00924	0.01909	0.01354	0.01170	0.00739	0.00862	0.00616	0.00493	0.00431	0.00123	0.00862	0.00308	0.00246	0.00554
17	0.00903	0.00850	0.01434	0.82054	0.03292	0.01062	0.01327	0.01221	0.00956	0.01221	0.00850	0.01274	0.00637	0.00478	0.00478	0.00159	0.00637	0.00425	0.00212	0.00531
18	0.01195	0.00971	0.01101	0.00805	0.01219	0.00846	0.00651	0.20354	0.01302	0.01917	0.00923	0.01030	0.00734	0.00408	0.00385	0.00089	0.00397	0.00320	0.00331	0.65023
19	0.00830	0.00415	0.00623	0.00623	0.00623	0.00415	0.00415	0.00623	0.00623	0.00830	0.00830	0.01453	0.00830	0.01660	0.01868	0.86094	0.00415	0.00415	0.00208	0.00208
20	0.01189	0.01027	0.01081	0.00973	0.01243	0.01189	0.00757	0.02540	0.79357	0.01999	0.01945	0.01783	0.01459	0.00648	0.00486	0.00162	0.00378	0.00540	0.00486	0.00757
21	0.70760	0.00962	0.00989	0.00813	0.01137	0.01066	0.10123	0.01479	0.00887	0.06994	0.00779	0.00893	0.00585	0.00448	0.00340	0.00150	0.00426	0.00310	0.00308	0.00552
22	0.01099	0.01410	0.12271	0.01858	0.02320	0.01222	0.61269	0.01491	0.01074	0.01491	0.00919	0.01230	0.00701	0.00453	0.00651	0.00165	0.08979	0.00523	0.00234	0.00640
23	0.00695	0.00463	0.00521	0.00521	0.00521	0.00463	0.00290	0.00695	0.00695	0.00927	0.01506	0.03128	0.01738	0.83203	0.02433	0.00463	0.00463	0.00695	0.00290	0.00290
24	0.00873	0.00783	0.01285	0.65411	0.04250	0.00955	0.01151	0.01131	0.00910	0.01176	0.00945	0.01526	0.00799	0.10795	0.03442	0.02762	0.00629	0.00461	0.00224	0.00493
25	0.01062	0.01152	0.02441	0.01804	0.02219	0.01087	0.64093	0.01431	0.01123	0.01512	0.01257	0.02049	0.01100	0.00573	0.00582	0.00172	0.00738	0.14720	0.00278	0.00607
26	0.01147	0.11404	0.02781	0.01867	0.02342	0.01293	0.68928	0.01519	0.01109	0.01481	0.00930	0.01225	0.00711	0.00404	0.00532	0.00154	0.00770	0.00526	0.00237	0.00641
27	0.01785	0.02278	0.01354	0.01231	0.01478	0.81284	0.00924	0.01909	0.01354	0.01170	0.00739	0.00862	0.00616	0.00493	0.00431	0.00123	0.00862	0.00308	0.00246	0.00554
28	0.00928	0.00574	0.00798	0.00858	0.00997	0.00558	0.00737	0.01137	0.01132	0.11171	0.04750	0.08480	0.02629	0.01229	0.00633	0.00208	0.00422	0.61813	0.00461	0.00484
29	0.00991	0.00850	0.00991	0.00708	0.01133	0.00637	0.00566	0.01203	0.00991	0.01557	0.00850	0.00991	0.00708	0.00354	0.00354	0.00071	0.00354	0.00283	0.00283	0.86124
30	0.74680	0.00923	0.00769	0.03447	0.01038	0.01063	0.00568	0.01509	0.05723	0.05502	0.00804	0.00893	0.00609	0.00464	0.00322	0.00149	0.00381	0.00292	0.00318	0.00546
31	0.01150	0.01002	0.01154	0.01195	0.10927	0.01133	0.00825	0.02291	0.64852	0.01897	0.01859	0.06749	0.01478	0.00674	0.00492	0.00162	0.00395	0.00577	0.00453	0.00734
32	0.00900	0.00599	0.00765	0.00801	0.05758	0.00559	0.00586	0.01071	0.01141	0.12442	0.12415	0.06100	0.34114	0.01042	0.00593	0.00168	0.03129	0.14195	0.03123	0.00500
33	0.00875	0.00805	0.01336	0.72031	0.02975	0.00987	0.01220	0.01182	0.01005	0.01307	0.10585	0.01557	0.01114	0.00539	0.00488	0.00158	0.00586	0.00479	0.00251	0.00521
34	0.01076	0.01015	0.01672	0.26306	0.47498	0.01052	0.01314	0.01361	0.01037	0.01459	0.00878	0.01187	0.00715	0.00433	0.00460	0.00138	0.00562	0.00408	0.00235	0.11194
35	0.01253	0.01153	0.01833	0.02569	0.64210	0.01200	0.01359	0.10961	0.02604	0.01722	0.00931	0.01181	0.00768	0.00474	0.00542	0.00147	0.05648	0.00428	0.00269	0.00749
36	0.00676	0.00489	0.00639	0.00601	0.00714	0.00451	0.00451	0.00902	0.01353	0.01917	0.79969	0.03570	0.04510	0.00977	0.00564	0.00150	0.00225	0.00864	0.00526	0.00451
37	0.00687	0.00475	0.00582	0.00581	0.00597	0.00469	0.02188	0.00710	0.00742	0.00990	0.01680	0.16316	0.01950	0.67665	0.02086	0.00411	0.00441	0.00802	0.00314	0.00314
38	0.00648	0.00473	0.00609	0.00611	0.00709	0.00435	0.00448	0.00832	0.01227	0.01696	0.54403	0.21226	0.11016	0.01121	0.00576	0.00163	0.00243	0.02633	0.00499	0.00433
39	0.01047	0.02302	0.66080	0.01310	0.01935	0.07248	0.01593	0.01654	0.09474	0.01540	0.00966	0.01081	0.00698	0.00478	0.00456	0.00150	0.00683	0.00370	0.00236	0.00700
40	0.00991	0.00850	0.00991	0.00708	0.01133	0.00637	0.00566	0.01203	0.00991	0.01557	0.00850	0.00991	0.00708	0.00354	0.00354	0.00071	0.00354	0.00283	0.00283	0.86124
41	0.00599	0.00486	0.00531	0.00520	0.00666	0.00418	0.00390	0.00752	0.01170	0.01481	0.27678	0.04287	0.57072	0.01140	0.00565	0.00158	0.00237	0.00965	0.00469	0.00418

[dist]
# distance from previous block
# <min> <max>
0	2

[block]
# block no. 2 follows, 53 sequences, length 126
# corresponding to MSA columns:
# 468-593
name=unknown_C
#
# <colnr> <probs for GDERKNQSTAVLIFYWHMCP>
#	G	D	E	R	K	N	Q	S	T	A	V	L	I	F	Y	W	H	M	C	P
0	0.01356	0.04480	0.43954	0.01111	0.01648	0.00971	0.01264	0.04566	0.01182	0.26871	0.03742	0.01429	0.04186	0.00548	0.00466	0.00149	0.00564	0.00436	0.00357	0.00721
1	0.01275	0.24355	0.28367	0.01362	0.08519	0.20562	0.06314	0.01583	0.01096	0.01330	0.00787	0.00941	0.00631	0.00445	0.00417	0.00131	0.00685	0.00336	0.00219	0.00645
2	0.00830	0.00415	0.00623	0.00623	0.00623	0.00415	0.00415	0.00623	0.00623	0.00830	0.00830	0.01453	0.00830	0.01660	0.01868	0.86094	0.00415	0.00415	0.00208	0.00208
3	0.12258	0.01218	0.01283	0.01021	0.01368	0.01352	0.00845	0.60976	0.04084	0.02755	0.01216	0.01445	0.00943	0.00617	0.00470	0.00150	0.00496	0.06305	0.00453	0.00746
4	0.00693	0.00472	0.00566	0.00566	0.00582	0.00488	0.00346	0.00724	0.00708	0.00960	0.01465	0.02900	0.01639	0.68705	0.16795	0.00519	0.00612	0.00662	0.00284	0.00315
5	0.00694	0.00468	0.00545	0.00545	0.00554	0.00476	0.00320	0.00710	0.00702	0.00945	0.01484	0.03006	0.01685	0.75455	0.10108	0.00493	0.00543	0.00677	0.00286	0.00303
6	0.00922	0.00869	0.01469	0.76585	0.08609	0.01067	0.01337	0.01238	0.00965	0.01245	0.00853	0.01268	0.00645	0.00474	0.00478	0.00158	0.00632	0.00425	0.00214	0.00547
7	0.86579	0.00924	0.00702	0.00629	0.00924	0.01072	0.00518	0.01405	0.00813	0.02144	0.00666	0.00776	0.00518	0.00444	0.00296	0.00148	0.00370	0.00259	0.00296	0.00518
8	0.01278	0.83490	0.02505	0.00818	0.01227	0.01891	0.00818	0.01431	0.00971	0.01125	0.00664	0.00767	0.00613	0.00409	0.00307	0.00102	0.00511	0.00256	0.00204	0.00613
9	0.00903	0.00850	0.01434	0.82054	0.03292	0.01062	0.01327	0.01221	0.00956	0.01221	0.00850	0.01274	0.00637	0.00478	0.00478	0.00159	0.00637	0.00425	0.00212	0.00531
10	0.00637	0.00487	0.00585	0.00560	0.00690	0.00434	0.00420	0.00826	0.01261	0.01698	0.53707	0.03930	0.30908	0.01059	0.00564	0.00154	0.00231	0.00915	0.00497	0.00434
11	0.00973	0.02369	0.73954	0.01419	0.02106	0.01119	0.08435	0.01515	0.01019	0.01515	0.00867	0.01033	0.00616	0.00450	0.00464	0.00152	0.00715	0.00372	0.00205	0.00701
12	0.00665	0.00488	0.00624	0.00590	0.00707	0.00446	0.00442	0.00881	0.01327	0.01855	0.72517	0.03672	0.12001	0.01000	0.00564	0.00151	0.00227	0.00879	0.00518	0.00446
13	0.00599	0.00428	0.00573	0.00684	0.00719	0.00402	0.00472	0.00694	0.00931	0.01238	0.02625	0.76153	0.03126	0.01482	0.00614	0.00196	0.00291	0.07935	0.00443	0.00393
14	0.00717	0.00497	0.00652	0.00608	0.00728	0.00458	0.00458	0.00941	0.01353	0.04061	0.77839	0.03517	0.04419	0.00967	0.00561	0.00150	0.00230	0.00854	0.00528	0.00461
15	0.86579	0.00924	0.00702	0.00629	0.00924	0.01072	0.00518	0.01405	0.00813	0.02144	0.00666	0.00776	0.00518	0.00444	0.00296	0.00148	0.00370	0.00259	0.00296	0.00518
16	0.01167	0.01119	0.01911	0.07428	0.75851	0.01131	0.01459	0.01453	0.01081	0.01542	0.00896	0.01188	0.00750	0.00429	0.00473	0.00143	0.00572	0.00426	0.00235	0.00744
17	0.01278	0.83490	0.02505	0.00818	0.01227	0.01891	0.00818	0.01431	0.00971	0.01125	0.00664	0.00767	0.00613	0.00409	0.00307	0.00102	0.00511	0.00256	0.00204	0.00613
18	0.01178	0.01131	0.01931	0.04294	0.78899	0.01134	0.01464	0.01463	0.01086	0.01556	0.00898	0.01185	0.00755	0.00427	0.00473	0.00142	0.00569	0.00426	0.00236	0.00753
19	0.86579	0.00924	0.00702	0.00629	0.00924	0.01072	0.00518	0.01405	0.00813	0.02144	0.00666	0.00776	0.00518	0.00444	0.00296	0.00148	0.00370	0.00259	0.00296	0.00518
20	0.01183	0.01136	0.01940	0.02934	0.80221	0.01136	0.01467	0.01467	0.01088	0.01562	0.00899	0.01183	0.00757	0.00426	0.00473	0.00142	0.00568	0.00426	0.00237	0.00757
21	0.01120	0.01266	0.02693	0.01943	0.02381	0.01233	0.71211	0.01495	0.01091	0.01495	0.00935	0.01266	0.00716	0.00444	0.00658	0.00166	0.08463	0.00550	0.00239	0.00633
22	0.86579	0.00924	0.00702	0.00629	0.00924	0.01072	0.00518	0.01405	0.00813	0.02144	0.00666	0.00776	0.00518	0.00444	0.00296	0.00148	0.00370	0.00259	0.00296	0.00518
23	0.00578	0.00477	0.00499	0.00509	0.00645	0.00410	0.00370	0.00688	0.01039	0.01255	0.04337	0.11463	0.66020	0.07150	0.02249	0.00198	0.00281	0.01008	0.00429	0.00394
24	0.00659	0.00488	0.00615	0.00583	0.00703	0.00444	0.00437	0.00868	0.01312	0.01819	0.68258	0.03731	0.16281	0.01014	0.00564	0.00152	0.00228	0.00887	0.00513	0.00444
25	0.01497	0.01368	0.01271	0.01128	0.04023	0.16711	0.00859	0.25829	0.37927	0.02137	0.01432	0.01390	0.01074	0.00588	0.00473	0.00148	0.00523	0.00458	0.00429	0.00735
26	0.01133	0.01276	0.02744	0.02094	0.09255	0.01202	0.71790	0.01525	0.01125	0.01534	0.00961	0.01280	0.00728	0.00405	0.00556	0.00159	0.00785	0.00552	0.00241	0.00654
27	0.00664	0.00486	0.00623	0.00593	0.00707	0.00445	0.00443	0.00875	0.01315	0.01839	0.70832	0.06333	0.11029	0.01015	0.00565	0.00153	0.00229	0.00894	0.00516	0.00445
28	0.00584	0.00483	0.00500	0.00497	0.00643	0.00412	0.00366	0.00705	0.01085	0.01320	0.11142	0.04409	0.68051	0.06857	0.00694	0.00181	0.00256	0.00975	0.00440	0.00400
29	0.01077	0.01174	0.08650	0.03740	0.01814	0.00948	0.30595	0.02685	0.04315	0.02788	0.00961	0.01161	0.00744	0.00405	0.00456	0.00121	0.00571	0.00417	0.00274	0.37103
30	0.00959	0.02472	0.80726	0.01362	0.02069	0.01110	0.01766	0.01514	0.01009	0.01514	0.00858	0.01009	0.00605	0.00454	0.00454	0.00151	0.00706	0.00353	0.00202	0.00706
31	0.00903	0.00850	0.01434	0.82054	0.03292	0.01062	0.01327	0.01221	0.00956	0.01221	0.00850	0.01274	0.00637	0.00478	0.00478	0.00159	0.00637	0.00425	0.00212	0.00531
32	0.01785	0.02278	0.01354	0.01231	0.01478	0.81284	0.00924	0.01909	0.01354	0.01170	0.00739	0.00862	0.00616	0.00493	0.00431	0.00123	0.00862	0.00308	0.00246	0.00554
33	0.00830	0.00415	0.00623	0.00623	0.00623	0.00415	0.00415	0.00623	0.00623	0.00830	0.00830	0.01453	0.00830	0.01660	0.01868	0.86094	0.00415	0.00415	0.00208	0.00208
34	0.00672	0.00488	0.00633	0.00597	0.00711	0.00449	0.00447	0.00893	0.01342	0.01892	0.76965	0.03611	0.07529	0.00986	0.00564	0.00151	0.00226	0.00870	0.00523	0.00449
35	0.00595	0.00486	0.00513	0.00516	0.00657	0.00420	0.00384	0.00718	0.01075	0.01313	0.09992	0.04436	0.63720	0.08326	0.00732	0.00190	0.00270	0.04822	0.00436	0.00399
36	0.00692	0.00485	0.00625	0.00590	0.00703	0.00451	0.00443	0.00917	0.01328	0.01907	0.74357	0.03442	0.04275	0.00947	0.00547	0.00148	0.00225	0.00834	0.06634	0.00451
37	0.01212	0.08037	0.53641	0.01243	0.01838	0.01241	0.01458	0.18955	0.02601	0.03987	0.00955	0.01052	0.00683	0.00485	0.00450	0.00146	0.00638	0.00370	0.00280	0.00727
38	0.86579	0.00924	0.00702	0.00629	0.00924	0.01072	0.00518	0.01405	0.00813	0.02144	0.00666	0.00776	0.00518	0.00444	0.00296	0.00148	0.00370	0.00259	0.00296	0.00518
39	0.00582	0.00425	0.00548	0.00643	0.00688	0.00391	0.00434	0.00672	0.00943	0.01241	0.04264	0.72268	0.12235	0.01454	0.00604	0.00189	0.00272	0.01309	0.00445	0.00391
40	0.01785	0.02278	0.01354	0.01231	0.01478	0.81284	0.00924	0.01909	0.01354	0.01170	0.00739	0.00862	0.00616	0.00493	0.00431	0.00123	0.00862	0.00308	0.00246	0.00554
41	0.00866	0.00449	0.00571	0.00568	0.00620	0.00454	0.00396	0.00879	0.03586	0.01235	0.01148	0.01590	0.01003	0.01203	0.01233	0.50220	0.00340	0.00431	0.32888	0.00318
42	0.01058	0.01054	0.01505	0.01401	0.08119	0.01435	0.01082	0.01178	0.00763	0.01186	0.00651	0.01058	0.00639	0.00801	0.01473	0.00203	0.75220	0.00419	0.00212	0.00543
43	0.00646	0.00474	0.00678	0.00719	0.00780	0.00513	0.00527	0.00776	0.00820	0.01144	0.01799	0.32397	0.01957	0.06077	0.47712	0.00540	0.00869	0.00838	0.00328	0.00407
44	0.00927	0.00874	0.01478	0.75176	0.09979	0.01068	0.01340	0.01243	0.00967	0.01251	0.00854	0.01266	0.00648	0.00473	0.00477	0.00158	0.00631	0.00425	0.00214	0.00551
45	0.01193	0.01040	0.01559	0.18638	0.37991	0.01117	0.01198	0.08312	0.14753	0.04511	0.01273	0.01445	0.03800	0.00523	0.00481	0.00150	0.00528	0.00469	0.00316	0.00704
46	0.00674	0.00490	0.00645	0.00612	0.00724	0.00462	0.00461	0.00891	0.01294	0.01828	0.70862	0.03454	0.06500	0.01211	0.07583	0.00204	0.00318	0.00838	0.00500	0.00447
47	0.57764	0.00886	0.00841	0.00704	0.01025	0.00946	0.00581	0.01720	0.01003	0.28902	0.01082	0.01067	0.00745	0.00494	0.00359	0.00148	0.00382	0.00335	0.00397	0.00619
48	0.22092	0.23177	0.01491	0.01046	0.10934	0.01166	0.00784	0.01758	0.01093	0.30498	0.01141	0.01135	0.00817	0.00486	0.00388	0.00135	0.00446	0.00360	0.00372	0.00681
49	0.01026	0.19548	0.64239	0.01248	0.01891	0.01275	0.01566	0.01496	0.01001	0.01432	0.00817	0.00958	0.00607	0.00445	0.00423	0.00141	0.00665	0.00333	0.00202	0.00687
50	0.07371	0.04467	0.08712	0.02417	0.59421	0.02247	0.01352	0.01516	0.01075	0.05645	0.00918	0.01141	0.00741	0.00438	0.00452	0.00142	0.00559	0.00402	0.00255	0.00730
51	0.15984	0.19404	0.39041	0.01187	0.03015	0.01283	0.07973	0.01514	0.03783	0.01560	0.00832	0.00972	0.00635	0.00445	0.00406	0.00141	0.00600	0.00342	0.00233	0.00651
52	0.00691	0.00480	0.00605	0.00605	0.00634	0.00509	0.00394	0.00749	0.00720	0.00989	0.01429	0.02702	0.01553	0.56109	0.29273	0.00567	0.00741	0.00633	0.00278	0.00336
53	0.00991	0.00850	0.00991	0.00708	0.01133	0.00637	0.00566	0.01203	0.00991	0.01557	0.00850	0.00991	0.00708	0.00354	0.00354	0.00071	0.00354	0.00283	0.00283	0.86124
54	0.86579	0.00924	0.00702	0.00629	0.00924	0.01072	0.00518	0.01405	0.00813	0.02144	0.00666	0.00776	0.00518	0.00444	0.00296	0.00148	0.00370	0.00259	0.00296	0.00518
55	0.00577	0.00485	0.00501	0.00497	0.00653	0.00409	0.00373	0.00709	0.01118	0.01359	0.12970	0.04488	0.71857	0.01185	0.00565	0.00160	0.00240	0.00993	0.00453	0.00409
56	0.00673	0.00527	0.00628	0.00669	0.00789	0.00505	0.00512	0.00916	0.07818	0.01378	0.06180	0.25666	0.31390	0.01333	0.03310	0.00202	0.00338	0.16284	0.00443	0.00440
57	0.00580	0.00483	0.00492	0.00491	0.00637	0.00410	0.00359	0.00693	0.01063	0.01278	0.06819	0.04441	0.70943	0.08331	0.00727	0.00187	0.00261	0.00977	0.00433	0.00395
58	0.01129	0.01104	0.01954	0.16359	0.58215	0.01131	0.10213	0.01432	0.01070	0.01500	0.00898	0.01211	0.00733	0.00432	0.00484	0.00147	0.00607	0.00441	0.00233	0.00706
59	0.01814	0.01420	0.01427	0.01111	0.01482	0.08419	0.00910	0.71958	0.02170	0.02852	0.01112	0.01123	0.00796	0.00567	0.00474	0.00142	0.00555	0.00420	0.00458	0.00790
60	0.00959	0.02472	0.80726	0.01362	0.02069	0.01110	0.01766	0.01514	0.01009	0.01514	0.00858	0.01009	0.00605	0.00454	0.00454	0.00151	0.00706	0.00353	0.00202	0.00706
61	0.01938	0.00975	0.01235	0.07985	0.01479	0.00968	0.00819	0.25187	0.01597	0.50328	0.01574	0.01452	0.01024	0.00576	0.00480	0.00148	0.00463	0.00461	0.00524	0.00789
62	0.00991	0.00850	0.00991	0.00708	0.01133	0.00637	0.00566	0.01203	0.00991	0.01557	0.00850	0.00991	0.00708	0.00354	0.00354	0.00071	0.00354	0.00283	0.00283	0.86124
63	0.00582	0.00416	0.00555	0.00666	0.00693	0.00388	0.00444	0.00666	0.00915	0.01220	0.02634	0.82891	0.03161	0.01497	0.00610	0.00194	0.00277	0.01359	0.00444	0.00388
64	0.00882	0.18482	0.01226	0.00863	0.00972	0.03187	0.00690	0.00987	0.00893	0.01180	0.01650	0.42245	0.01902	0.01068	0.00783	0.00176	0.21156	0.00854	0.00327	0.00475
65	0.00677	0.00488	0.00637	0.00600	0.00711	0.00451	0.00448	0.00899	0.01342	0.01900	0.78684	0.03563	0.04464	0.02323	0.00594	0.00155	0.00229	0.00862	0.00522	0.00448
66	0.01154	0.00991	0.01050	0.00955	0.01211	0.01143	0.00738	0.02431	0.74824	0.01954	0.01985	0.06471	0.01557	0.00698	0.00493	0.00164	0.00372	0.00588	0.00484	0.00735
67	0.01468	0.05003	0.01687	0.01990	0.38032	0.29300	0.01173	0.10567	0.01301	0.01563	0.00855	0.01045	0.00704	0.00477	0.00482	0.00136	0.02893	0.00378	0.00266	0.00680
68	0.01188	0.42149	0.09436	0.01364	0.01830	0.01539	0.33307	0.01480	0.01040	0.01328	0.00807	0.01006	0.00659	0.00410	0.00427	0.00131	0.00651	0.00393	0.00220	0.00635
69	0.00627	0.00483	0.00573	0.00558	0.00686	0.00429	0.00416	0.00804	0.01225	0.01632	0.46149	0.08229	0.34266	0.01097	0.00567	0.00157	0.00235	0.00948	0.00489	0.00429
70	0.01014	0.01005	0.01830	0.47447	0.21172	0.01109	0.16836	0.01341	0.01021	0.01363	0.00885	0.01256	0.00683	0.00451	0.00494	0.00156	0.00655	0.00453	0.00224	0.00607
71	0.00582	0.00416	0.00555	0.00666	0.00693	0.00388	0.00444	0.00666	0.00915	0.01220	0.02634	0.82891	0.03161	0.01497	0.00610	0.00194	0.00277	0.01359	0.00444	0.00388
72	0.00688	0.00494	0.00628	0.00591	0.00714	0.00449	0.00444	0.00900	0.01320	0.03209	0.69102	0.03667	0.14006	0.01000	0.00562	0.00152	0.00231	0.00876	0.00517	0.00451
73	0.01278	0.83490	0.02505	0.00818	0.01227	0.01891	0.00818	0.01431	0.00971	0.01125	0.00664	0.00767	0.00613	0.00409	0.00307	0.00102	0.00511	0.00256	0.00204	0.00613
74	0.00991	0.00850	0.00991	0.00708	0.01133	0.00637	0.00566	0.01203	0.00991	0.01557	0.00850	0.00991	0.00708	0.00354	0.00354	0.00071	0.00354	0.00283	0.00283	0.86124
75	0.01728	0.01350	0.01377	0.01087	0.01428	0.08347	0.00887	0.60864	0.04894	0.05051	0.03964	0.01243	0.00955	0.00595	0.00522	0.00145	0.03903	0.00440	0.00452	0.00763
76	0.01278	0.83490	0.02505	0.00818	0.01227	0.01891	0.00818	0.01431	0.00971	0.01125	0.00664	0.00767	0.00613	0.00409	0.00307	0.00102	0.00511	0.00256	0.00204	0.00613
77	0.00582	0.00416	0.00555	0.00666	0.00693	0.00388	0.00444	0.00666	0.00915	0.01220	0.02634	0.82891	0.03161	0.01497	0.00610	0.00194	0.00277	0.01359	0.00444	0.00388
78	0.01062	0.01183	0.02545	0.01851	0.02279	0.01109	0.69016	0.01426	0.01102	0.01493	0.01169	0.11190	0.01021	0.00536	0.00570	0.00165	0.00742	0.00660	0.00266	0.00614
79	0.52118	0.00898	0.00880	0.00728	0.01054	0.00949	0.00600	0.04513	0.01071	0.31359	0.01137	0.01106	0.00776	0.00503	0.00371	0.00148	0.00389	0.00348	0.00412	0.00638
80	0.01163	0.00890	0.00942	0.00852	0.01091	0.01005	0.00661	0.02217	0.58895	0.05185	0.01858	0.01777	0.01396	0.00626	0.00453	0.00150	0.00345	0.00517	0.19287	0.00690
81	0.05990	0.31400	0.30907	0.01017	0.01524	0.01332	0.01126	0.04781	0.01077	0.10607	0.00908	0.00985	0.00685	0.00452	0.00390	0.00128	0.00555	0.00327	0.00269	0.05540
82	0.00663	0.00470	0.00538	0.00533	0.00598	0.00443	0.00348	0.00718	0.00899	0.01167	0.13117	0.03487	0.25451	0.40286	0.02951	0.06465	0.00376	0.00789	0.00361	0.00342
83	0.00959	0.02472	0.80726	0.01362	0.02069	0.01110	0.01766	0.01514	0.01009	0.01514	0.00858	0.01009	0.00605	0.00454	0.00454	0.00151	0.00706	0.00353	0.00202	0.00706
84	0.00830	0.00415	0.00623	0.00623	0.00623	0.00415	0.00415	0.00623	0.00623	0.00830	0.00830	0.01453	0.00830	0.01660	0.01868	0.86094	0.00415	0.00415	0.00208	0.00208
85	0.00903	0.00850	0.01434	0.82054	0.03292	0.01062	0.01327	0.01221	0.00956	0.01221	0.00850	0.01274	0.00637	0.00478	0.00478	0.00159	0.00637	0.00425	0.00212	0.00531
86	0.00720	0.00535	0.00708	0.00690	0.00726	0.00607	0.00486	0.00802	0.00729	0.01024	0.01334	0.02418	0.01411	0.42339	0.35747	0.00570	0.07926	0.00594	0.00268	0.00368
87	0.01241	0.01135	0.01105	0.00995	0.01263	0.08152	0.00771	0.02485	0.72577	0.01927	0.01840	0.01703	0.01386	0.00635	0.00482	0.00159	0.00420	0.00520	0.00465	0.00739
88	0.00959	0.02472	0.80726	0.01362	0.02069	0.01110	0.01766	0.01514	0.01009	0.01514	0.00858	0.01009	0.00605	0.00454	0.00454	0.00151	0.00706	0.00353	0.00202	0.00706
89	0.01064	0.29319	0.54806	0.01182	0.01790	0.01369	0.01452	0.01486	0.00997	0.01385	0.00794	0.00929	0.00608	0.00439	0.00405	0.00135	0.00642	0.00321	0.00203	0.00676
90	0.86579	0.00924	0.00702	0.00629	0.00924	0.01072	0.00518	0.01405	0.00813	0.02144	0.00666	0.00776	0.00518	0.00444	0.00296	0.00148	0.00370	0.00259	0.00296	0.00518
91	0.00977	0.05078	0.71200	0.01335	0.01970	0.01167	0.01671	0.01479	0.00984	0.01469	0.00831	0.01004	0.00608	0.00486	0.00546	0.00155	0.07795	0.00356	0.00203	0.00687
92	0.01127	0.01091	0.01922	0.08431	0.59881	0.01097	0.10400	0.01422	0.01084	0.01524	0.01020	0.01503	0.00887	0.00491	0.00498	0.00151	0.00592	0.05923	0.00250	0.00705
93	0.00667	0.00488	0.00625	0.00591	0.00708	0.00447	0.00443	0.00883	0.01330	0.01862	0.73438	0.03660	0.11075	0.00997	0.00564	0.00151	0.00227	0.00877	0.00519	0.00447
94	0.00903	0.00850	0.01434	0.82054	0.03292	0.01062	0.01327	0.01221	0.00956	0.01221	0.00850	0.01274	0.00637	0.00478	0.00478	0.00159	0.00637	0.00425	0.00212	0.00531
95	0.00676	0.00489	0.00639	0.00601	0.00714	0.00451	0.00451	0.00902	0.01353	0.01917	0.79969	0.03570	0.04510	0.00977	0.00564	0.00150	0.00225	0.00864	0.00526	0.00451
96	0.01817	0.01339	0.01434	0.01100	0.01482	0.01482	0.00908	0.78627	0.02247	0.03012	0.01148	0.01148	0.00813	0.00574	0.00478	0.00143	0.00526	0.00430	0.00478	0.00813
97	0.01040	0.00799	0.00964	0.01002	0.06797	0.00856	0.00714	0.03036	0.35782	0.06798	0.05280	0.21392	0.03721	0.00923	0.00537	0.00173	0.00370	0.08735	0.00461	0.00621
98	0.00903	0.00850	0.01434	0.82054	0.03292	0.01062	0.01327	0.01221	0.00956	0.01221	0.00850	0.01274	0.00637	0.00478	0.00478	0.00159	0.00637	0.00425	0.00212	0.00531
99	0.01491	0.01177	0.01251	0.01034	0.01358	0.01330	0.00830	0.39152	0.42253	0.02487	0.01561	0.01477	0.01148	0.00613	0.00482	0.00153	0.00449	0.00487	0.00482	0.00784
100	0.86579	0.00924	0.00702	0.00629	0.00924	0.01072	0.00518	0.01405	0.00813	0.02144	0.00666	0.00776	0.00518	0.00444	0.00296	0.00148	0.00370	0.00259	0.00296	0.00518
101	0.00903	0.00850	0.01434	0.82054	0.03292	0.01062	0.01327	0.01221	0.00956	0.01221	0.00850	0.01274	0.00637	0.00478	0.00478	0.00159	0.00637	0.00425	0.00212	0.00531
102	0.00601	0.00650	0.07467	0.00580	0.00774	0.00463	0.00494	0.00756	0.01064	0.01303	0.04264	0.12503	0.65057	0.01175	0.00560	0.00164	0.00286	0.00988	0.00423	0.00428
103	0.00569	0.00482	0.00492	0.00495	0.00650	0.00405	0.00369	0.00692	0.01092	0.01310	0.07292	0.07455	0.74646	0.01213	0.00567	0.00162	0.00243	0.01017	0.00447	0.00405
104	0.00991	0.00850	0.00991	0.00708	0.01133	0.00637	0.00566	0.01203	0.00991	0.01557	0.00850	0.00991	0.00708	0.00354	0.00354	0.00071	0.00354	0.00283	0.00283	0.86124
105	0.00592	0.00485	0.00521	0.00512	0.00662	0.00415	0.00384	0.00738	0.01152	0.01441	0.22804	0.04354	0.61971	0.01155	0.00565	0.00159	0.00238	0.00974	0.00464	0.00415
106	0.00991	0.00850	0.00991	0.00708	0.01133	0.00637	0.00566	0.01203	0.00991	0.01557	0.00850	0.00991	0.00708	0.00354	0.00354	0.00071	0.00354	0.00283	0.00283	0.86124
107	0.01178	0.01778	0.40913	0.01908	0.31785	0.01098	0.01529	0.04327	0.01115	0.08456	0.00973	0.01134	0.00721	0.00460	0.00465	0.00147	0.00621	0.00395	0.00259	0.00739
108	0.07324	0.01070	0.03793	0.00960	0.01271	0.01124	0.00791	0.20054	0.36359	0.13131	0.01674	0.04569	0.01290	0.00660	0.00481	0.00158	0.00426	0.03657	0.00473	0.00733
109	0.01672	0.02097	0.01468	0.01289	0.01530	0.68432	0.06411	0.01814	0.01282	0.01194	0.00745	0.00909	0.00624	0.00517	0.00543	0.00134	0.08204	0.00336	0.00243	0.00558
110	0.01376	0.02327	0.38165	0.01324	0.01793	0.40866	0.04506	0.01710	0.01185	0.01344	0.00803	0.00948	0.00615	0.00471	0.00447	0.00138	0.00788	0.00339	0.00226	0.00628
111	0.01039	0.01875	0.42041	0.01653	0.02229	0.01170	0.36512	0.01506	0.01051	0.01506	0.00897	0.01138	0.00661	0.00447	0.00551	0.00158	0.04222	0.00452	0.00220	0.00671
112	0.01189	0.01027	0.01081	0.00973	0.01243	0.01189	0.00757	0.02540	0.79357	0.01999	0.01945	0.01783	0.01459	0.00648	0.00486	0.00162	0.00378	0.00540	0.00486	0.00757
113	0.01061	0.01077	0.01375	0.01297	0.07282	0.08205	0.00991	0.01189	0.00831	0.01184	0.00889	0.01268	0.03632	0.01106	0.10554	0.00259	0.56602	0.00442	0.00229	0.00528
114	0.01278	0.83490	0.02505	0.00818	0.01227	0.01891	0.00818	0.01431	0.00971	0.01125	0.00664	0.00767	0.00613	0.00409	0.00307	0.00102	0.00511	0.00256	0.00204	0.00613
115	0.00683	0.00509	0.00754	0.00754	0.00835	0.00590	0.00580	0.00844	0.00764	0.01099	0.01293	0.01949	0.01226	0.08109	0.76826	0.00751	0.01234	0.00522	0.00258	0.00419
116	0.01163	0.01115	0.01904	0.08597	0.74715	0.01130	0.01457	0.01449	0.01079	0.01537	0.00896	0.01189	0.00749	0.00430	0.00474	0.00143	0.00573	0.00426	0.00235	0.00741
117	0.01469	0.01089	0.01182	0.00994	0.01306	0.01216	0.00792	0.23535	0.49350	0.11049	0.01718	0.01590	0.01250	0.00621	0.00483	0.00155	0.00422	0.00503	0.00496	0.00778
118	0.01110	0.01069	0.04791	0.01894	0.41479	0.00922	0.02457	0.01375	0.01050	0.02905	0.00895	0.01106	0.00737	0.00400	0.00425	0.00113	0.00486	0.00367	0.00261	0.36157
119	0.22559	0.01434	0.01338	0.01206	0.07073	0.25031	0.07574	0.13282	0.06198	0.08500	0.00986	0.01066	0.00741	0.00498	0.00427	0.00141	0.00596	0.00374	0.00336	0.00641
120	0.03346	0.00943	0.07922	0.00894	0.01209	0.00809	0.00770	0.01997	0.19520	0.39093	0.01917	0.13271	0.01528	0.00748	0.00501	0.00161	0.00408	0.03753	0.00500	0.00709
121	0.00683	0.00512	0.00768	0.00768	0.00853	0.00597	0.00597	0.00853	0.00768	0.01110	0.01280	0.01878	0.01195	0.03585	0.81308	0.00768	0.01280	0.00512	0.00256	0.00427
122	0.00628	0.00534	0.00600	0.00587	0.00722	0.00506	0.00452	0.00761	0.01081	0.01349	0.12381	0.07102	0.58983	0.01168	0.00658	0.00168	0.07386	0.04083	0.00432	0.00420
123	0.01006	0.02280	0.71643	0.01300	0.01955	0.01073	0.01638	0.01563	0.03928	0.04800	0.03772	0.01155	0.00801	0.00486	0.00460	0.00152	0.00665	0.00384	0.00240	0.00703
124	0.00924	0.00871	0.01471	0.76131	0.09051	0.01067	0.01338	0.01240	0.00966	0.01247	0.00853	0.01267	0.00646	0.00474	0.00478	0.00158	0.00632	0.00425	0.00214	0.00548
125	0.01098	0.05176	0.63947	0.01243	0.01884	0.01063	0.01536	0.01575	0.01044	0.09823	0.00958	0.01064	0.00674	0.00460	0.00445	0.00144	0.00643	0.00358	0.00249	0.06618

[dist]
# distance from previous block
# <min> <max>
0	1

[block]
# block no. 3 follows, 53 sequences, length 42
# corresponding to MSA columns:
# 595-636
name=unknown_D
#
# <colnr> <probs for GDERKNQSTAVLIFYWHMCP>
#	G	D	E	R	K	N	Q	S	T	A	V	L	I	F	Y	W	H	M	C	P
0	0.01183	0.01136	0.01940	0.02934	0.80221	0.01136	0.01467	0.01467	0.01088	0.01562	0.00899	0.01183	0.00757	0.00426	0.00473	0.00142	0.00568	0.00426	0.00237	0.00757
1	0.01278	0.83490	0.02505	0.00818	0.01227	0.01891	0.00818	0.01431	0.00971	0.01125	0.00664	0.00767	0.00613	0.00409	0.00307	0.00102	0.00511	0.00256	0.00204	0.00613
2	0.01189	0.01027	0.01081	0.00973	0.01243	0.01189	0.00757	0.02540	0.79357	0.01999	0.01945	0.01783	0.01459	0.00648	0.00486	0.00162	0.00378	0.00540	0.00486	0.00757
3	0.01029	0.00998	0.06285	0.00965	0.06847	0.00805	0.00753	0.03162	0.07904	0.01622	0.04237	0.01189	0.00927	0.00447	0.00453	0.00101	0.04474	0.00355	0.00303	0.57145
4	0.24807	0.00926	0.04963	0.00816	0.01183	0.00822	0.00706	0.02040	0.01201	0.55517	0.01506	0.01367	0.00975	0.00545	0.00430	0.00148	0.00412	0.00415	0.00493	0.00728
5	0.01616	0.29555	0.03060	0.00956	0.03986	0.07705	0.00806	0.04650	0.05435	0.29860	0.01221	0.01187	0.00883	0.00498	0.00407	0.00125	0.00490	0.00372	0.00379	0.06808
6	0.00692	0.00627	0.06353	0.00659	0.00810	0.00495	0.00545	0.00935	0.01308	0.01855	0.70713	0.07087	0.04168	0.00964	0.00558	0.00152	0.00262	0.00851	0.00499	0.00466
7	0.00848	0.00528	0.00688	0.00625	0.00772	0.00479	0.00477	0.01063	0.01341	0.11412	0.66445	0.03390	0.08189	0.00943	0.00554	0.00151	0.00248	0.00826	0.00530	0.00492
8	0.21767	0.01255	0.10960	0.01660	0.27743	0.01184	0.03659	0.09564	0.08657	0.01859	0.00947	0.01112	0.00744	0.00499	0.00511	0.00152	0.06360	0.00392	0.00294	0.00679
9	0.00974	0.02362	0.73463	0.01423	0.02109	0.01119	0.08919	0.01515	0.01020	0.01515	0.00868	0.01035	0.00617	0.00449	0.00464	0.00152	0.00716	0.00373	0.00206	0.00701
10	0.00569	0.00484	0.00489	0.00488	0.00648	0.00405	0.00366	0.00693	0.01098	0.01312	0.07321	0.04566	0.77535	0.01203	0.00565	0.00161	0.00242	0.01004	0.00447	0.00405
11	0.01320	0.01092	0.01154	0.00999	0.01293	0.01250	0.00788	0.18394	0.63290	0.02210	0.01779	0.01651	0.01324	0.00633	0.00485	0.00158	0.00409	0.00517	0.00485	0.00768
12	0.00694	0.00466	0.00534	0.00534	0.00538	0.00470	0.00305	0.00703	0.00699	0.00936	0.01495	0.03066	0.01711	0.79239	0.06359	0.00479	0.00504	0.00686	0.00288	0.00296
13	0.01091	0.01319	0.10393	0.02027	0.18002	0.01131	0.49561	0.01457	0.01077	0.01492	0.00981	0.01371	0.00792	0.06325	0.00668	0.00178	0.00723	0.00524	0.00240	0.00648
14	0.01026	0.00848	0.00995	0.00712	0.01135	0.00639	0.00570	0.01237	0.01002	0.03926	0.00881	0.01010	0.00722	0.00361	0.00358	0.00073	0.00356	0.00289	0.00292	0.83567
15	0.01453	0.01145	0.05359	0.02164	0.49125	0.01075	0.01237	0.09682	0.02871	0.19387	0.01165	0.01283	0.00865	0.00484	0.00475	0.00144	0.00530	0.00438	0.00345	0.00773
16	0.00582	0.00416	0.00555	0.00666	0.00693	0.00388	0.00444	0.00666	0.00915	0.01220	0.02634	0.82891	0.03161	0.01497	0.00610	0.00194	0.00277	0.01359	0.00444	0.00388
17	0.01456	0.00978	0.01281	0.02695	0.06940	0.01013	0.08802	0.30693	0.01541	0.12779	0.01325	0.01417	0.00967	0.00541	0.00445	0.00137	0.00455	0.00455	0.25402	0.00679
18	0.01189	0.01027	0.01081	0.00973	0.01243	0.01189	0.00757	0.02540	0.79357	0.01999	0.01945	0.01783	0.01459	0.00648	0.00486	0.00162	0.00378	0.00540	0.00486	0.00757
19	0.00695	0.00463	0.00521	0.00521	0.00521	0.00463	0.00290	0.00695	0.00695	0.00927	0.01506	0.03128	0.01738	0.83203	0.02433	0.00463	0.00463	0.00695	0.00290	0.00290
20	0.00959	0.02472	0.80726	0.01362	0.02069	0.01110	0.01766	0.01514	0.01009	0.01514	0.00858	0.01009	0.00605	0.00454	0.00454	0.00151	0.00706	0.00353	0.00202	0.00706
21	0.00770	0.00550	0.00770	0.00880	0.00990	0.00550	0.00770	0.00990	0.01100	0.01430	0.02531	0.05391	0.02751	0.01320	0.00660	0.00220	0.00440	0.77004	0.00440	0.00440
22	0.01239	0.73589	0.12064	0.00884	0.01330	0.01796	0.00934	0.01441	0.00976	0.01172	0.00688	0.00796	0.00612	0.00414	0.00325	0.00108	0.00535	0.00268	0.00204	0.00625
23	0.00572	0.00484	0.00494	0.00492	0.00650	0.00407	0.00369	0.00700	0.01107	0.01333	0.09821	0.04532	0.75022	0.01195	0.00565	0.00161	0.00241	0.00999	0.00449	0.00407
24	0.00770	0.00550	0.00770	0.00880	0.00990	0.00550	0.00770	0.00990	0.01100	0.01430	0.02531	0.05391	0.02751	0.01320	0.00660	0.00220	0.00440	0.77004	0.00440	0.00440
25	0.01058	0.08934	0.43428	0.09124	0.13065	0.03592	0.11244	0.01487	0.01037	0.01452	0.00856	0.01068	0.00646	0.00443	0.00459	0.00147	0.00681	0.00387	0.00214	0.00677
26	0.01116	0.03470	0.56842	0.06126	0.02060	0.01156	0.07336	0.10393	0.01170	0.04554	0.00933	0.01080	0.00661	0.00470	0.00465	0.00151	0.00675	0.00385	0.00252	0.00706
27	0.00836	0.00697	0.01183	0.01105	0.01288	0.00679	0.16726	0.01088	0.01099	0.01443	0.02214	0.07680	0.02351	0.01139	0.00638	0.00207	0.00509	0.58240	0.00399	0.00480
28	0.84556	0.02882	0.00745	0.00633	0.00932	0.01092	0.00525	0.01406	0.00817	0.02120	0.00665	0.00776	0.00520	0.00443	0.00296	0.00147	0.00373	0.00259	0.00294	0.00520
29	0.00565	0.00484	0.00484	0.00484	0.00646	0.00403	0.00363	0.00686	0.01089	0.01291	0.04842	0.04600	0.80027	0.01210	0.00565	0.00161	0.00242	0.01009	0.00444	0.00403
30	0.01070	0.05556	0.37098	0.01876	0.29494	0.01147	0.05622	0.01550	0.06646	0.01560	0.03267	0.01204	0.00841	0.00469	0.00465	0.00147	0.00616	0.00414	0.00246	0.00713
31	0.00959	0.02472	0.80726	0.01362	0.02069	0.01110	0.01766	0.01514	0.01009	0.01514	0.00858	0.01009	0.00605	0.00454	0.00454	0.00151	0.00706	0.00353	0.00202	0.00706
32	0.01092	0.30093	0.42219	0.01138	0.01659	0.01410	0.01313	0.01536	0.06856	0.01390	0.00857	0.00987	0.00674	0.00480	0.00485	0.00139	0.06443	0.00338	0.00225	0.00665
33	0.04899	0.00853	0.01399	0.78256	0.03181	0.01062	0.01290	0.01230	0.00949	0.01264	0.00841	0.01251	0.00632	0.00476	0.00469	0.00159	0.00625	0.00417	0.00216	0.00530
34	0.00859	0.04815	0.00846	0.00712	0.00911	0.00777	0.00554	0.01459	0.29592	0.01722	0.25429	0.03086	0.25572	0.00899	0.00523	0.00155	0.00300	0.00759	0.00471	0.00556
35	0.01073	0.00847	0.01000	0.00718	0.01139	0.00642	0.00576	0.01284	0.01018	0.07198	0.00924	0.01037	0.00742	0.00371	0.00363	0.00076	0.00358	0.00297	0.00305	0.80033
36	0.01326	0.00910	0.01357	0.03776	0.25366	0.00968	0.00980	0.01568	0.04342	0.23150	0.05784	0.08262	0.01303	0.02089	0.00738	0.00168	0.16323	0.00551	0.00373	0.00665
37	0.01183	0.01136	0.01940	0.02934	0.80221	0.01136	0.01467	0.01467	0.01088	0.01562	0.00899	0.01183	0.00757	0.00426	0.00473	0.00142	0.00568	0.00426	0.00237	0.00757
38	0.01429	0.01146	0.01216	0.01021	0.01334	0.01301	0.00815	0.31622	0.49884	0.02387	0.01640	0.01540	0.01212	0.00620	0.00483	0.00155	0.00435	0.00498	0.00483	0.00778
39	0.00684	0.00509	0.00750	0.00750	0.00830	0.00588	0.00575	0.00842	0.00763	0.01096	0.01297	0.01968	0.01234	0.09327	0.75620	0.00746	0.01221	0.00525	0.00258	0.00417
