[name]
unknown

[dist]
# distance from previous block
# <min> <max>
0	11

[block]
# block no. 0 follows, 50 sequences, length 20
# corresponding to MSA columns:
# 11-30
name=unknown_A
#
# <colnr> <probs for GDERKNQSTAVLIFYWHMCP>
#	G	D	E	R	K	N	Q	S	T	A	V	L	I	F	Y	W	H	M	C	P
0	0.01289	0.01405	0.01383	0.01546	0.19535	0.29709	0.04996	0.03026	0.03136	0.01466	0.06670	0.17357	0.03593	0.00772	0.00523	0.00156	0.00616	0.01892	0.00334	0.00596
1	0.02775	0.07455	0.01465	0.01056	0.01440	0.11076	0.06488	0.17599	0.10534	0.14277	0.01233	0.01255	0.00911	0.00520	0.00455	0.00131	0.00532	0.00414	0.00399	0.19986
2	0.02852	0.01306	0.01631	0.01506	0.13630	0.10229	0.11829	0.27196	0.04278	0.09487	0.04262	0.05101	0.01118	0.00597	0.00509	0.00152	0.00588	0.00518	0.00401	0.02808
3	0.01399	0.01354	0.01863	0.01895	0.25606	0.15834	0.19112	0.03292	0.01231	0.08943	0.01087	0.04230	0.00885	0.00504	0.00499	0.00143	0.00653	0.00479	0.00304	0.10687
4	0.00871	0.00547	0.00888	0.00792	0.00850	0.00538	0.09190	0.00773	0.00725	0.00970	0.01032	0.01866	0.01054	0.18716	0.01918	0.57742	0.00490	0.00513	0.00239	0.00287
5	0.01130	0.10317	0.01613	0.01886	0.37830	0.01138	0.01097	0.01612	0.16956	0.01624	0.01778	0.02146	0.10343	0.00674	0.00506	0.00158	0.00492	0.07661	0.00342	0.00698
6	0.01024	0.00926	0.01323	0.38288	0.05822	0.01126	0.01082	0.01556	0.20265	0.01448	0.01222	0.01647	0.01013	0.09925	0.00877	0.00209	0.10846	0.00504	0.00303	0.00594
7	0.01057	0.00907	0.01044	0.00770	0.01194	0.00730	0.00613	0.01414	0.09853	0.01677	0.01016	0.01128	0.00827	0.00404	0.00385	0.00085	0.00372	0.00326	0.00319	0.75878
8	0.01220	0.39928	0.15283	0.10388	0.01961	0.04511	0.17357	0.01522	0.01067	0.01343	0.00818	0.01021	0.00666	0.00444	0.00427	0.00136	0.00660	0.00374	0.00224	0.00651
9	0.01161	0.41388	0.42501	0.01146	0.01732	0.01552	0.01363	0.01537	0.01033	0.01382	0.00797	0.00930	0.00635	0.00451	0.00399	0.00133	0.00638	0.00319	0.00212	0.00690
10	0.00663	0.00487	0.00597	0.00625	0.00690	0.00480	0.00426	0.00750	0.00891	0.01168	0.02612	0.21885	0.20158	0.27737	0.18177	0.00411	0.00564	0.00924	0.00370	0.00384
11	0.00694	0.00503	0.00604	0.00665	0.00778	0.00466	0.00518	0.00852	0.01085	0.01429	0.03405	0.23525	0.29848	0.01291	0.00602	0.00188	0.00319	0.22678	0.10118	0.00433
12	0.01167	0.01141	0.02018	0.19176	0.54878	0.01177	0.10159	0.01484	0.01111	0.01551	0.00935	0.01266	0.00760	0.00453	0.00505	0.00154	0.00635	0.00460	0.00242	0.00727
13	0.00628	0.00470	0.00589	0.00676	0.00751	0.00431	0.00486	0.00744	0.01025	0.01320	0.03311	0.52744	0.22282	0.01462	0.00631	0.00197	0.00302	0.11072	0.00462	0.00416
14	0.01142	0.01319	0.04737	0.01959	0.02406	0.01248	0.65849	0.01526	0.01128	0.01549	0.01042	0.04449	0.00843	0.00506	0.00679	0.00174	0.07935	0.00601	0.00256	0.00652
15	0.00860	0.00776	0.01273	0.61731	0.02775	0.00937	0.01161	0.01133	0.00986	0.01273	0.01338	0.20941	0.01303	0.00756	0.00532	0.00175	0.00573	0.00679	0.00280	0.00518
16	0.00740	0.00593	0.00885	0.01196	0.17411	0.00570	0.00689	0.00871	0.00993	0.01348	0.02363	0.64987	0.02765	0.01324	0.00606	0.00191	0.00353	0.01211	0.00417	0.00486
17	0.01210	0.01186	0.02100	0.07564	0.65857	0.01189	0.10469	0.01522	0.01132	0.01604	0.00943	0.01252	0.00778	0.00444	0.00505	0.00151	0.00626	0.00461	0.00246	0.00762
18	0.01077	0.01168	0.02436	0.13278	0.04213	0.01136	0.55904	0.01443	0.01124	0.01513	0.01194	0.10850	0.01043	0.00566	0.00579	0.00171	0.00745	0.00662	0.00272	0.00626
19	0.01187	0.01157	0.02035	0.14086	0.61326	0.01181	0.08694	0.01500	0.01119	0.01575	0.00937	0.01258	0.00769	0.00450	0.00503	0.00152	0.00626	0.00458	0.00244	0.00745

[dist]
# distance from previous block
# <min> <max>
0	3

[block]
# block no. 1 follows, 50 sequences, length 9
# corresponding to MSA columns:
# 34-42
name=unknown_B
#
# <colnr> <probs for GDERKNQSTAVLIFYWHMCP>
#	G	D	E	R	K	N	Q	S	T	A	V	L	I	F	Y	W	H	M	C	P
0	0.00607	0.00434	0.00578	0.00694	0.00723	0.00405	0.00463	0.00694	0.00954	0.01272	0.02747	0.82157	0.03297	0.01562	0.00636	0.00202	0.00289	0.01417	0.00463	0.00405
1	0.01745	0.01078	0.01984	0.01450	0.01891	0.00977	0.36368	0.02043	0.01311	0.43484	0.01522	0.01533	0.01012	0.00526	0.00542	0.00161	0.00617	0.00542	0.00448	0.00767
2	0.01856	0.17675	0.01541	0.01116	0.08695	0.09225	0.00846	0.02047	0.01313	0.45048	0.04677	0.01472	0.01153	0.00568	0.00462	0.00141	0.00503	0.00446	0.00460	0.00757
3	0.00941	0.00886	0.01495	0.81285	0.03433	0.01107	0.01384	0.01274	0.00997	0.01274	0.00886	0.01329	0.00664	0.00498	0.00498	0.00166	0.00664	0.00443	0.00221	0.00554
4	0.00636	0.00489	0.00574	0.00599	0.00708	0.00438	0.00432	0.00773	0.01127	0.01456	0.20745	0.24143	0.35510	0.06295	0.00725	0.00196	0.00280	0.03980	0.00472	0.00422
5	0.01588	0.01612	0.01497	0.01423	0.11269	0.30111	0.05364	0.23494	0.06656	0.01939	0.04528	0.01464	0.05632	0.00600	0.00495	0.00145	0.00658	0.00472	0.00365	0.00687
6	0.01503	0.01557	0.01594	0.04011	0.08163	0.31257	0.12524	0.07023	0.05372	0.06645	0.01133	0.05525	0.00946	0.00674	0.02548	0.00168	0.05667	0.00484	0.02568	0.00639
7	0.01439	0.01668	0.01670	0.05667	0.04530	0.36598	0.15471	0.01654	0.01207	0.01381	0.00838	0.01060	0.00689	0.00499	0.00573	0.00137	0.08126	0.00388	0.00257	0.16146
8	0.01724	0.01615	0.04293	0.07545	0.07766	0.24108	0.01043	0.33420	0.04779	0.07238	0.01102	0.01178	0.00814	0.00554	0.00484	0.00146	0.00654	0.00416	0.00386	0.00736

[dist]
# distance from previous block
# <min> <max>
12	30

[block]
# block no. 2 follows, 50 sequences, length 16
# corresponding to MSA columns:
# 73-88
name=unknown_C
#
# <colnr> <probs for GDERKNQSTAVLIFYWHMCP>
#	G	D	E	R	K	N	Q	S	T	A	V	L	I	F	Y	W	H	M	C	P
0	0.10114	0.00743	0.00881	0.11113	0.01259	0.00768	0.00669	0.09524	0.02747	0.11764	0.02450	0.15739	0.19403	0.00916	0.00519	0.00167	0.00389	0.03624	0.06650	0.00561
1	0.01799	0.07265	0.01668	0.01204	0.01585	0.14161	0.14949	0.13929	0.01492	0.31545	0.04419	0.01436	0.01081	0.00563	0.00498	0.00148	0.00599	0.00478	0.00440	0.00741
2	0.01175	0.10833	0.02299	0.07626	0.12132	0.01256	0.37499	0.01611	0.08256	0.01575	0.01034	0.01278	0.00809	0.00448	0.00506	0.00148	0.00666	0.00486	0.00273	0.10091
3	0.01196	0.01146	0.01955	0.13149	0.69579	0.01174	0.01511	0.01497	0.01117	0.01583	0.00931	0.01246	0.00773	0.00451	0.00494	0.00150	0.00601	0.00444	0.00243	0.00759
4	0.00979	0.00924	0.01563	0.71195	0.13228	0.01117	0.01403	0.01307	0.01015	0.01319	0.00893	0.01317	0.00681	0.00491	0.00498	0.00164	0.00655	0.00443	0.00225	0.00584
5	0.01374	0.01167	0.01814	0.02538	0.60436	0.04283	0.01335	0.01644	0.01176	0.11684	0.01060	0.01265	0.00837	0.00464	0.00484	0.00143	0.00567	0.00436	0.00298	0.06996
6	0.01862	0.02376	0.01413	0.01284	0.01541	0.80482	0.00963	0.01990	0.01413	0.01220	0.00770	0.00899	0.00642	0.00514	0.00449	0.00128	0.00899	0.00321	0.00257	0.00578
7	0.01034	0.00886	0.01034	0.00738	0.01181	0.00664	0.00591	0.01255	0.01034	0.01624	0.00886	0.01034	0.00738	0.00369	0.00369	0.00074	0.00369	0.00295	0.00295	0.85530
8	0.00725	0.00483	0.00544	0.00544	0.00544	0.00483	0.00302	0.00725	0.00725	0.00966	0.01571	0.03262	0.01812	0.82483	0.02537	0.00483	0.00483	0.00725	0.00302	0.00302
9	0.01748	0.00901	0.01097	0.00878	0.01202	0.00868	0.00711	0.21512	0.01596	0.40554	0.06468	0.07146	0.11507	0.00777	0.00525	0.00158	0.00415	0.00638	0.00553	0.00744
10	0.01065	0.06135	0.01686	0.24147	0.41175	0.01096	0.01272	0.01342	0.01104	0.01494	0.05634	0.01730	0.08886	0.00572	0.00499	0.00153	0.00554	0.00519	0.00276	0.00660
11	0.01612	0.07626	0.16606	0.01346	0.09458	0.13256	0.01132	0.27473	0.01584	0.10567	0.01097	0.01188	0.00812	0.02019	0.00508	0.00150	0.00623	0.00408	0.00366	0.02168
12	0.02845	0.01011	0.03010	0.06034	0.03162	0.01069	0.00808	0.16428	0.30366	0.08600	0.11853	0.01934	0.03154	0.00680	0.00500	0.00157	0.00420	0.00563	0.06692	0.00712
13	0.01167	0.30968	0.32574	0.01218	0.01754	0.01403	0.11051	0.01552	0.02890	0.04277	0.01164	0.01277	0.05639	0.00509	0.00442	0.00142	0.00627	0.00413	0.00254	0.00679
14	0.13846	0.12239	0.03779	0.01124	0.01498	0.20241	0.13124	0.01658	0.05993	0.02808	0.02095	0.01102	0.00797	0.00472	0.00425	0.00130	0.00605	0.00375	0.01554	0.16136
15	0.03739	0.01396	0.17131	0.01150	0.05355	0.08551	0.01018	0.09497	0.03524	0.35301	0.02786	0.05870	0.01157	0.00624	0.00494	0.00155	0.00541	0.00502	0.00450	0.00757

[dist]
# distance from previous block
# <min> <max>
0	1

[block]
# block no. 3 follows, 50 sequences, length 6
# corresponding to MSA columns:
# 90-95
name=unknown_D
#
# <colnr> <probs for GDERKNQSTAVLIFYWHMCP>
#	G	D	E	R	K	N	Q	S	T	A	V	L	I	F	Y	W	H	M	C	P
0	0.01314	0.01265	0.01870	0.11032	0.57908	0.07347	0.01415	0.08775	0.01257	0.01703	0.00944	0.01214	0.00770	0.00470	0.00491	0.00149	0.00619	0.00435	0.00269	0.00754
1	0.01068	0.00989	0.01559	0.15861	0.21675	0.03601	0.11906	0.01419	0.06749	0.03288	0.08642	0.05534	0.03545	0.04628	0.03765	0.00198	0.00590	0.00586	0.00321	0.04076
2	0.01185	0.01020	0.01674	0.21048	0.31110	0.01054	0.08469	0.06251	0.01176	0.05866	0.01159	0.06915	0.00978	0.00554	0.00500	0.00153	0.00571	0.00521	0.04334	0.05462
3	0.01040	0.00967	0.01474	0.13404	0.22545	0.01027	0.08290	0.01564	0.18270	0.01655	0.09070	0.02135	0.12504	0.00685	0.00564	0.00163	0.03013	0.00614	0.00360	0.00653
4	0.06137	0.38164	0.12471	0.08692	0.01699	0.10176	0.04341	0.10242	0.01210	0.01545	0.00818	0.00964	0.00664	0.00470	0.00403	0.00132	0.00619	0.00338	0.00258	0.00657
5	0.05215	0.13567	0.10586	0.07156	0.01496	0.01026	0.05026	0.03174	0.04869	0.10173	0.05769	0.06330	0.05360	0.00610	0.00457	0.00137	0.00479	0.00506	0.00349	0.17715

[dist]
# distance from previous block
# <min> <max>
18	35

[block]
# block no. 4 follows, 50 sequences, length 6
# corresponding to MSA columns:
# 136-141
name=unknown_E
#
# <colnr> <probs for GDERKNQSTAVLIFYWHMCP>
#	G	D	E	R	K	N	Q	S	T	A	V	L	I	F	Y	W	H	M	C	P
0	0.01151	0.01131	0.01450	0.21941	0.23362	0.10821	0.01103	0.01447	0.05343	0.01425	0.01008	0.01421	0.00870	0.08785	0.00733	0.00178	0.04405	0.00442	0.00267	0.12717
1	0.04751	0.01010	0.01176	0.01146	0.12321	0.05415	0.00774	0.05086	0.08203	0.06565	0.01253	0.09373	0.01098	0.00567	0.00443	0.00121	0.00438	0.00475	0.00353	0.39433
2	0.01250	0.01104	0.07759	0.00960	0.02900	0.09414	0.00781	0.01508	0.05322	0.15077	0.01509	0.16914	0.01397	0.05360	0.00667	0.00164	0.05130	0.00606	0.00379	0.21800
3	0.01011	0.00881	0.06619	0.00923	0.06288	0.00709	0.00701	0.01339	0.08922	0.08024	0.10082	0.10120	0.10514	0.07722	0.00669	0.00168	0.00392	0.00652	0.00397	0.23866
4	0.01365	0.09249	0.12780	0.01027	0.01373	0.07734	0.05221	0.04805	0.04907	0.20547	0.01703	0.11606	0.05581	0.01028	0.08592	0.00221	0.00614	0.00597	0.00393	0.00656
5	0.01256	0.01257	0.11246	0.07414	0.19195	0.02616	0.14578	0.08022	0.01242	0.07776	0.03302	0.01378	0.00946	0.00498	0.00484	0.00144	0.00581	0.00463	0.08901	0.08700

[dist]
# distance from previous block
# <min> <max>
10	30

[block]
# block no. 5 follows, 50 sequences, length 54
# corresponding to MSA columns:
# 172-225
name=unknown_F
#
# <colnr> <probs for GDERKNQSTAVLIFYWHMCP>
#	G	D	E	R	K	N	Q	S	T	A	V	L	I	F	Y	W	H	M	C	P
0	0.01015	0.04729	0.28200	0.01188	0.06412	0.03535	0.03519	0.04467	0.01171	0.05091	0.12437	0.20953	0.01940	0.00837	0.00533	0.00166	0.00523	0.02309	0.00359	0.00616
1	0.01304	0.01652	0.35468	0.01257	0.06897	0.05581	0.01239	0.01688	0.03067	0.20236	0.05359	0.11358	0.01343	0.00675	0.00507	0.00160	0.00573	0.00563	0.00368	0.00705
2	0.01437	0.08978	0.27507	0.01298	0.06636	0.05741	0.06394	0.01845	0.05620	0.22161	0.04035	0.01363	0.01011	0.00532	0.00477	0.00149	0.00594	0.00439	0.00357	0.03425
3	0.01043	0.08606	0.11273	0.17804	0.01872	0.02238	0.10945	0.01348	0.02355	0.05690	0.04047	0.08499	0.09612	0.00660	0.00497	0.00149	0.00541	0.00583	0.00317	0.11922
4	0.01065	0.01251	0.11045	0.01486	0.01929	0.01010	0.39996	0.03306	0.02564	0.03040	0.01746	0.03488	0.13960	0.00600	0.00543	0.00156	0.00634	0.00618	0.01860	0.09705
5	0.01248	0.01126	0.01748	0.04083	0.56483	0.05064	0.02762	0.01515	0.01181	0.06918	0.06231	0.03283	0.05024	0.00561	0.00507	0.00151	0.00556	0.00524	0.00307	0.00729
6	0.01094	0.00863	0.01075	0.00918	0.02248	0.00915	0.00717	0.01379	0.09402	0.09013	0.01733	0.02022	0.12001	0.08624	0.00978	0.00186	0.21773	0.01739	0.00355	0.22964
7	0.01268	0.01020	0.01081	0.00951	0.01207	0.03073	0.00743	0.18481	0.39738	0.02166	0.07041	0.06948	0.01650	0.00903	0.05079	0.00197	0.00465	0.00601	0.06681	0.00707
8	0.01417	0.01317	0.03633	0.04129	0.44537	0.11604	0.01251	0.06241	0.05303	0.08979	0.02887	0.01311	0.00935	0.00503	0.00486	0.00145	0.00593	0.00443	0.00319	0.03968
9	0.00949	0.00886	0.01185	0.01058	0.01088	0.03061	0.02231	0.01056	0.00869	0.01256	0.07891	0.14784	0.01595	0.12342	0.01460	0.00244	0.46587	0.00676	0.00300	0.00485
10	0.00970	0.00547	0.00723	0.00720	0.00848	0.00493	0.00517	0.01099	0.01101	0.17154	0.12139	0.49458	0.02894	0.04608	0.00671	0.00193	0.00321	0.01093	0.00491	0.03961
11	0.01034	0.00886	0.01034	0.00738	0.01181	0.00664	0.00591	0.01255	0.01034	0.01624	0.00886	0.01034	0.00738	0.00369	0.00369	0.00074	0.00369	0.00295	0.00295	0.85530
12	0.00658	0.00522	0.00601	0.00622	0.00769	0.00465	0.00493	0.00826	0.01183	0.01486	0.16471	0.04817	0.49196	0.01250	0.00612	0.00181	0.00298	0.18636	0.00476	0.00438
13	0.01256	0.57046	0.02270	0.00996	0.01289	0.01832	0.00928	0.01400	0.00934	0.01181	0.00681	0.00891	0.00644	0.00567	0.00734	0.00142	0.26064	0.00320	0.00215	0.00610
14	0.00866	0.00433	0.00649	0.00649	0.00649	0.00433	0.00433	0.00649	0.00649	0.00866	0.00866	0.01515	0.00866	0.01732	0.01948	0.85498	0.00433	0.00433	0.00216	0.00216
15	0.05214	0.01222	0.01291	0.01014	0.01362	0.01348	0.00831	0.60877	0.03431	0.02878	0.01260	0.01299	0.00916	0.00591	0.00467	0.00145	0.00488	0.00446	0.14147	0.00772
16	0.00601	0.00478	0.00540	0.00583	0.00695	0.00417	0.00415	0.00716	0.01077	0.01344	0.07174	0.34596	0.46872	0.01368	0.00607	0.00181	0.00266	0.01187	0.00466	0.00417
17	0.01234	0.01184	0.02023	0.03059	0.79373	0.01184	0.01530	0.01530	0.01135	0.01628	0.00938	0.01234	0.00790	0.00444	0.00493	0.00148	0.00592	0.00444	0.00247	0.00790
18	0.01597	0.01248	0.01328	0.01087	0.01432	0.01407	0.00875	0.43636	0.36903	0.02662	0.01574	0.01498	0.01154	0.00634	0.00503	0.00158	0.00479	0.00501	0.00503	0.00821
19	0.01029	0.00976	0.01654	0.57775	0.26256	0.01131	0.01428	0.01351	0.01038	0.01380	0.00901	0.01300	0.00702	0.00482	0.00497	0.00161	0.00643	0.00443	0.00229	0.00625
20	0.00916	0.00553	0.00726	0.00721	0.00858	0.00511	0.00549	0.01108	0.02275	0.13192	0.28670	0.27040	0.08552	0.01180	0.00602	0.00181	0.00312	0.11032	0.00515	0.00506
21	0.00941	0.00886	0.01495	0.81285	0.03433	0.01107	0.01384	0.01274	0.00997	0.01274	0.00886	0.01329	0.00664	0.00498	0.00498	0.00166	0.00664	0.00443	0.00221	0.00554
22	0.00641	0.00486	0.00531	0.00550	0.00634	0.00441	0.00364	0.00715	0.00957	0.01197	0.03415	0.16729	0.38835	0.30800	0.01304	0.00288	0.00342	0.00992	0.00404	0.00375
23	0.00672	0.00486	0.00567	0.00595	0.00657	0.00457	0.00397	0.00752	0.00948	0.01229	0.08387	0.19729	0.21106	0.35381	0.01422	0.00310	0.00369	0.05761	0.00401	0.00374
24	0.01069	0.00617	0.00633	0.00582	0.00744	0.00646	0.00449	0.10943	0.05636	0.02034	0.01595	0.01775	0.01237	0.00588	0.00377	0.00123	0.00282	0.00468	0.69670	0.00532
25	0.01040	0.00950	0.01417	0.22037	0.13469	0.00919	0.05654	0.01307	0.01036	0.01513	0.00942	0.02740	0.00784	0.00464	0.00491	0.00124	0.03795	0.00404	0.01867	0.39047
26	0.01478	0.01239	0.01365	0.01130	0.01463	0.03973	0.05237	0.27885	0.45819	0.02385	0.01648	0.01575	0.01221	0.00630	0.00507	0.00161	0.00489	0.00518	0.00481	0.00795
27	0.01219	0.04250	0.33003	0.01047	0.01580	0.00951	0.01132	0.05859	0.01177	0.12625	0.01318	0.01376	0.05773	0.00518	0.00450	0.00131	0.00534	0.00410	0.00326	0.26324
28	0.00598	0.00471	0.00540	0.00595	0.00697	0.00413	0.00419	0.00705	0.01049	0.01311	0.03947	0.41833	0.42846	0.01406	0.00612	0.00185	0.00270	0.01227	0.00463	0.00413
29	0.00945	0.00792	0.00932	0.00703	0.01069	0.00613	0.00555	0.01163	0.01110	0.01675	0.15532	0.01768	0.06472	0.00546	0.00423	0.00095	0.00337	0.00455	0.00353	0.64461
30	0.33248	0.00940	0.00987	0.00808	0.01143	0.00970	0.00658	0.09151	0.06991	0.27364	0.06604	0.01425	0.01163	0.00573	0.00427	0.00150	0.00403	0.00428	0.00457	0.06107
31	0.06091	0.01093	0.01055	0.00935	0.01209	0.06909	0.00730	0.11675	0.43979	0.02032	0.03376	0.02192	0.15108	0.00751	0.00506	0.00162	0.00423	0.00606	0.00469	0.00697
32	0.01388	0.01586	0.01864	0.06169	0.01936	0.29632	0.28729	0.03343	0.10151	0.01520	0.01307	0.01470	0.05814	0.00548	0.00517	0.00152	0.00744	0.00505	0.01994	0.00628
33	0.00646	0.00496	0.00739	0.00790	0.00851	0.00463	0.05711	0.00755	0.00969	0.01294	0.02629	0.76656	0.03124	0.01484	0.00633	0.00200	0.00327	0.01361	0.00448	0.00423
34	0.01228	0.01192	0.01970	0.08735	0.71918	0.03117	0.01505	0.01522	0.01132	0.01592	0.00930	0.01232	0.00777	0.00450	0.00493	0.00149	0.00605	0.00441	0.00245	0.00767
35	0.01365	0.01133	0.01197	0.01040	0.01344	0.01298	0.00819	0.16947	0.63971	0.02286	0.01870	0.01733	0.01393	0.00661	0.00506	0.00165	0.00424	0.00542	0.00506	0.00800
36	0.01882	0.01771	0.01464	0.01199	0.01544	0.31788	0.00953	0.48701	0.01987	0.02405	0.01033	0.01083	0.00769	0.00566	0.00480	0.00141	0.00683	0.00400	0.00406	0.00744
37	0.01096	0.01306	0.07140	0.01858	0.02329	0.01147	0.62952	0.01494	0.01181	0.01604	0.06261	0.01714	0.06339	0.00519	0.00582	0.00167	0.00756	0.00627	0.00283	0.00646
38	0.00836	0.01646	0.45219	0.01107	0.01536	0.00835	0.01246	0.01203	0.01011	0.01446	0.01681	0.32837	0.01759	0.02325	0.00579	0.00183	0.00549	0.03093	0.00318	0.00591
39	0.02132	0.00825	0.01123	0.00869	0.01236	0.00715	0.00715	0.02328	0.01426	0.74428	0.07218	0.01835	0.01470	0.00644	0.00507	0.00154	0.00411	0.00528	0.00612	0.00823
40	0.01895	0.01396	0.01496	0.01147	0.01546	0.01546	0.00947	0.77711	0.02344	0.03141	0.01197	0.01197	0.00848	0.00598	0.00499	0.00150	0.00548	0.00449	0.00499	0.00848
41	0.80636	0.00992	0.00781	0.00687	0.01001	0.01145	0.00566	0.06331	0.00944	0.02294	0.00726	0.00834	0.00559	0.00471	0.00321	0.00154	0.00396	0.00281	0.00321	0.00559
42	0.00610	0.00441	0.00579	0.00688	0.00727	0.00409	0.00465	0.00702	0.00969	0.01281	0.02880	0.76022	0.07734	0.01540	0.00635	0.00201	0.00291	0.02958	0.00463	0.00407
43	0.01240	0.01071	0.01127	0.01014	0.01296	0.01240	0.00789	0.02649	0.78473	0.02085	0.02029	0.01860	0.01522	0.00676	0.00507	0.00169	0.00394	0.00564	0.00507	0.00789
44	0.12191	0.01343	0.01402	0.01087	0.01475	0.01493	0.00898	0.68378	0.02161	0.03031	0.01135	0.01149	0.00810	0.00582	0.00475	0.00150	0.00529	0.00427	0.00475	0.00810
45	0.00725	0.00483	0.00544	0.00544	0.00544	0.00483	0.00302	0.00725	0.00725	0.00966	0.01571	0.03262	0.01812	0.82483	0.02537	0.00483	0.00483	0.00725	0.00302	0.00302
46	0.00699	0.00509	0.00657	0.00620	0.00741	0.00467	0.00465	0.00928	0.01395	0.01962	0.74877	0.03785	0.08960	0.01033	0.00588	0.00157	0.00236	0.00910	0.00544	0.00467
47	0.00941	0.00886	0.01495	0.81285	0.03433	0.01107	0.01384	0.01274	0.00997	0.01274	0.00886	0.01329	0.00664	0.00498	0.00498	0.00166	0.00664	0.00443	0.00221	0.00554
48	0.05792	0.00493	0.00480	0.00475	0.00603	0.00502	0.00359	0.01179	0.01034	0.01880	0.01573	0.01798	0.01235	0.00574	0.00346	0.00118	0.00241	0.00453	0.80394	0.00469
49	0.00730	0.00521	0.00600	0.00619	0.00754	0.00463	0.00465	0.00856	0.01088	0.05913	0.03847	0.17574	0.44632	0.08452	0.00777	0.00209	0.00317	0.11289	0.00457	0.00438
50	0.04885	0.72906	0.02437	0.00879	0.01287	0.08269	0.00849	0.01532	0.01038	0.01221	0.00699	0.00808	0.00636	0.00435	0.00330	0.00110	0.00556	0.00271	0.00221	0.00631
51	0.01247	0.00941	0.01064	0.00869	0.01192	0.00924	0.00686	0.15743	0.19847	0.07313	0.06623	0.08956	0.04715	0.00688	0.00482	0.00137	0.00392	0.00573	0.00444	0.27166
52	0.01304	0.03456	0.06801	0.02224	0.31420	0.10415	0.27963	0.05953	0.01237	0.01635	0.00956	0.01222	0.00759	0.00507	0.01805	0.00163	0.00731	0.00473	0.00262	0.00715
53	0.01261	0.07641	0.20762	0.12376	0.04877	0.12556	0.14604	0.06175	0.10543	0.01608	0.01033	0.01214	0.00786	0.00507	0.00507	0.00154	0.01998	0.00435	0.00280	0.00682

[dist]
# distance from previous block
# <min> <max>
2	3

[block]
# block no. 6 follows, 50 sequences, length 39
# corresponding to MSA columns:
# 229-267
name=unknown_G
#
# <colnr> <probs for GDERKNQSTAVLIFYWHMCP>
#	G	D	E	R	K	N	Q	S	T	A	V	L	I	F	Y	W	H	M	C	P
0	0.01515	0.01174	0.01259	0.01117	0.05474	0.03898	0.00845	0.34096	0.27683	0.04243	0.03224	0.01551	0.01205	0.00621	0.00485	0.00152	0.00466	0.00496	0.09729	0.00766
1	0.53443	0.01034	0.00917	0.00805	0.01114	0.01192	0.00650	0.08583	0.23963	0.02272	0.01134	0.01155	0.00858	0.00538	0.00384	0.00158	0.00403	0.00373	0.00384	0.00641
2	0.00618	0.00442	0.00591	0.00707	0.00741	0.00414	0.00482	0.00713	0.00965	0.01285	0.02741	0.77802	0.03272	0.01551	0.00639	0.00204	0.00299	0.05663	0.00462	0.00408
3	0.01333	0.82783	0.02612	0.00853	0.01279	0.01972	0.00853	0.01493	0.01013	0.01173	0.00693	0.00800	0.00640	0.00426	0.00320	0.00107	0.00533	0.00267	0.00213	0.00640
4	0.00649	0.00548	0.00568	0.00570	0.00734	0.00492	0.00424	0.00885	0.07981	0.01404	0.04538	0.12698	0.64275	0.01242	0.00587	0.00172	0.00269	0.01047	0.00467	0.00452
5	0.01895	0.01396	0.01496	0.01147	0.01546	0.01546	0.00947	0.77711	0.02344	0.03141	0.01197	0.01197	0.00848	0.00598	0.00499	0.00150	0.00548	0.00449	0.00499	0.00848
6	0.01151	0.37913	0.01729	0.00788	0.01207	0.01245	0.00704	0.01340	0.01021	0.01406	0.00875	0.04236	0.00798	0.00444	0.00358	0.00094	0.00440	0.00328	0.00265	0.43658
7	0.44811	0.00907	0.00941	0.00769	0.01116	0.00929	0.00635	0.01939	0.01133	0.40338	0.01320	0.01246	0.00881	0.00539	0.00403	0.00154	0.00405	0.00384	0.00460	0.00691
8	0.01591	0.00992	0.01138	0.00969	0.01288	0.01061	0.00769	0.02571	0.51355	0.29410	0.02007	0.01802	0.01420	0.00655	0.00505	0.00164	0.00405	0.00542	0.00546	0.00810
9	0.00904	0.00835	0.01392	0.72247	0.03129	0.01029	0.01281	0.01209	0.00992	0.01273	0.01095	0.10393	0.00960	0.00618	0.00514	0.00170	0.00622	0.00552	0.00249	0.00537
10	0.00725	0.00483	0.00544	0.00544	0.00544	0.00483	0.00302	0.00725	0.00725	0.00966	0.01571	0.03262	0.01812	0.82483	0.02537	0.00483	0.00483	0.00725	0.00302	0.00302
11	0.01369	0.01574	0.01277	0.01161	0.01311	0.40112	0.00903	0.01506	0.01093	0.01198	0.00893	0.01228	0.00806	0.01460	0.22077	0.00329	0.20512	0.00406	0.00250	0.00535
12	0.01176	0.01345	0.02941	0.02101	0.02605	0.01261	0.77563	0.01597	0.01176	0.01597	0.01008	0.01345	0.00756	0.00420	0.00588	0.00168	0.00840	0.00588	0.00252	0.00672
13	0.01670	0.00943	0.01054	0.00866	0.01131	0.06234	0.00699	0.13462	0.01395	0.32652	0.01550	0.01560	0.01096	0.00619	0.00553	0.00146	0.07620	0.00464	0.25596	0.00689
14	0.01264	0.01101	0.01121	0.01009	0.01276	0.04926	0.00781	0.08324	0.61996	0.02055	0.01968	0.08889	0.01585	0.00741	0.00515	0.00169	0.00421	0.00619	0.00491	0.00750
15	0.00697	0.00511	0.00732	0.00791	0.00866	0.00545	0.00609	0.00857	0.00917	0.01259	0.02032	0.27637	0.02204	0.02596	0.39923	0.00502	0.00837	0.15684	0.00366	0.00435
16	0.00714	0.00527	0.00768	0.00768	0.00845	0.00605	0.00581	0.00869	0.00791	0.01132	0.01366	0.02127	0.01319	0.13939	0.70407	0.00760	0.01225	0.00559	0.00272	0.00427
17	0.00866	0.00433	0.00649	0.00649	0.00649	0.00433	0.00433	0.00649	0.00649	0.00866	0.00866	0.01515	0.00866	0.01732	0.01948	0.85498	0.00433	0.00433	0.00216	0.00216
18	0.01176	0.01345	0.02941	0.02101	0.02605	0.01261	0.77563	0.01597	0.01176	0.01597	0.01008	0.01345	0.00756	0.00420	0.00588	0.00168	0.00840	0.00588	0.00252	0.00672
19	0.01023	0.00991	0.01397	0.01218	0.01234	0.01365	0.01007	0.01144	0.00770	0.01192	0.00776	0.01246	0.00760	0.01386	0.15772	0.00323	0.67190	0.00454	0.00227	0.00527
20	0.01034	0.00886	0.01034	0.00738	0.01181	0.00664	0.00591	0.01255	0.01034	0.01624	0.00886	0.01034	0.00738	0.00369	0.00369	0.00074	0.00369	0.00295	0.00295	0.85530
21	0.00977	0.00924	0.01309	0.01156	0.01183	0.01256	0.00950	0.01107	0.00775	0.01187	0.00858	0.01351	0.00832	0.01732	0.25287	0.00393	0.57510	0.00466	0.00233	0.00515
22	0.00611	0.00446	0.00576	0.00678	0.00726	0.00412	0.00463	0.00707	0.00981	0.01288	0.03014	0.70815	0.12188	0.01521	0.00632	0.00199	0.00290	0.03581	0.00463	0.00408
23	0.01034	0.00886	0.01034	0.00738	0.01181	0.00664	0.00591	0.01255	0.01034	0.01624	0.00886	0.01034	0.00738	0.00369	0.00369	0.00074	0.00369	0.00295	0.00295	0.85530
24	0.00866	0.00433	0.00649	0.00649	0.00649	0.00433	0.00433	0.00649	0.00649	0.00866	0.00866	0.01515	0.00866	0.01732	0.01948	0.85498	0.00433	0.00433	0.00216	0.00216
25	0.00677	0.00478	0.00629	0.00717	0.00763	0.00463	0.00513	0.00786	0.00966	0.01284	0.04738	0.46733	0.02929	0.16318	0.02660	0.00271	0.00383	0.17858	0.00431	0.00401
26	0.01337	0.01275	0.01172	0.01057	0.01334	0.13624	0.00816	0.02546	0.66430	0.01950	0.01832	0.01710	0.01384	0.00651	0.00498	0.00163	0.00473	0.00526	0.00468	0.00756
27	0.00607	0.00434	0.00578	0.00694	0.00723	0.00405	0.00463	0.00694	0.00954	0.01272	0.02747	0.82157	0.03297	0.01562	0.00636	0.00202	0.00289	0.01417	0.00463	0.00405
28	0.00702	0.00494	0.00574	0.00574	0.00613	0.00493	0.00359	0.00747	0.00800	0.01053	0.02081	0.03317	0.13822	0.58643	0.13269	0.00479	0.00568	0.00749	0.00322	0.00341
29	0.01163	0.01119	0.01093	0.00824	0.01237	0.13138	0.00649	0.01370	0.01093	0.01561	0.00868	0.01013	0.00723	0.00392	0.00382	0.00082	0.00452	0.00299	0.00289	0.72253
30	0.00941	0.00886	0.01495	0.81285	0.03433	0.01107	0.01384	0.01274	0.00997	0.01274	0.00886	0.01329	0.00664	0.00498	0.00498	0.00166	0.00664	0.00443	0.00221	0.00554
31	0.01643	0.01916	0.01344	0.06616	0.01603	0.53666	0.00952	0.05398	0.15691	0.01480	0.01107	0.01312	0.00906	0.00582	0.00475	0.00144	0.00756	0.03467	0.00320	0.00622
32	0.02056	0.01104	0.01311	0.01009	0.01398	0.01116	0.00832	0.36840	0.03688	0.42865	0.01616	0.01472	0.01064	0.00610	0.00500	0.00152	0.00480	0.00479	0.00560	0.00847
33	0.01227	0.01174	0.01741	0.31581	0.39241	0.06543	0.01386	0.08228	0.01210	0.01604	0.00930	0.01243	0.00739	0.00482	0.00493	0.00154	0.00636	0.00436	0.00260	0.00694
34	0.01315	0.06176	0.28565	0.01217	0.01666	0.20576	0.04594	0.09662	0.08732	0.01668	0.01385	0.01458	0.07734	0.00584	0.00478	0.00149	0.00663	0.00451	0.02256	0.00672
35	0.01823	0.02385	0.04914	0.01290	0.01568	0.76943	0.01002	0.01972	0.01396	0.01236	0.00776	0.00906	0.00642	0.00512	0.00451	0.00130	0.00892	0.00323	0.00255	0.00585
36	0.01451	0.01348	0.01170	0.01029	0.01243	0.27522	0.00803	0.03123	0.09957	0.13262	0.14716	0.01912	0.07003	0.00739	0.00670	0.00158	0.12335	0.00544	0.00402	0.00613
37	0.45867	0.01074	0.01162	0.01003	0.03912	0.01190	0.07515	0.11869	0.14066	0.06334	0.01087	0.01145	0.00809	0.00520	0.00408	0.00157	0.00458	0.00389	0.00376	0.00659
38	0.00839	0.00719	0.01169	0.00962	0.01178	0.00676	0.18568	0.01084	0.02833	0.03335	0.17749	0.07557	0.22593	0.06680	0.07801	0.00243	0.00507	0.00816	0.04189	0.00503

[dist]
# distance from previous block
# <min> <max>
2	4

[block]
# block no. 7 follows, 50 sequences, length 83
# corresponding to MSA columns:
# 272-354
name=unknown_H
#
# <colnr> <probs for GDERKNQSTAVLIFYWHMCP>
#	G	D	E	R	K	N	Q	S	T	A	V	L	I	F	Y	W	H	M	C	P
0	0.55429	0.16385	0.13408	0.00824	0.01219	0.02870	0.00809	0.01498	0.00922	0.01917	0.00727	0.00847	0.00575	0.00459	0.00339	0.00145	0.00478	0.00286	0.00275	0.00590
1	0.01061	0.07115	0.71741	0.01375	0.02078	0.01223	0.01742	0.05198	0.01112	0.01630	0.00897	0.01045	0.00642	0.00477	0.00466	0.00155	0.00716	0.00366	0.00224	0.00736
2	0.02728	0.01136	0.04922	0.33898	0.19710	0.01194	0.01261	0.16918	0.04556	0.05536	0.01057	0.01294	0.00790	0.00515	0.00491	0.00156	0.00594	0.00443	0.00317	0.02485
3	0.00915	0.01973	0.56562	0.01202	0.01759	0.00960	0.01457	0.01387	0.01126	0.01635	0.14891	0.02027	0.05230	0.00672	0.00515	0.00163	0.00606	0.05965	0.00300	0.00655
4	0.01056	0.00938	0.01448	0.66350	0.03040	0.01135	0.01276	0.11824	0.01190	0.01535	0.01127	0.01476	0.04428	0.00549	0.00503	0.00164	0.00629	0.00473	0.00271	0.00588
5	0.05312	0.05322	0.12573	0.02051	0.38667	0.06363	0.01310	0.09238	0.04263	0.06801	0.01026	0.01194	0.00799	0.00498	0.00499	0.00149	0.02462	0.00418	0.00302	0.00754
6	0.01599	0.00734	0.00973	0.00803	0.01075	0.00665	0.00640	0.05445	0.01422	0.44776	0.26315	0.07631	0.02447	0.00867	0.02107	0.00171	0.00379	0.00686	0.00573	0.00692
7	0.00607	0.00434	0.00578	0.00694	0.00723	0.00405	0.00463	0.00694	0.00954	0.01272	0.02747	0.82157	0.03297	0.01562	0.00636	0.00202	0.00289	0.01417	0.00463	0.00405
8	0.01963	0.00880	0.01111	0.00871	0.01223	0.00817	0.00713	0.12883	0.03022	0.56544	0.02059	0.01864	0.06824	0.00660	0.00497	0.00152	0.00416	0.00532	0.06176	0.00791
9	0.01267	0.10829	0.32684	0.08901	0.19703	0.06959	0.01446	0.03153	0.01145	0.07959	0.00967	0.01136	0.00726	0.00481	0.00464	0.00148	0.00657	0.00390	0.00263	0.00721
10	0.01137	0.33513	0.46369	0.01234	0.01839	0.01477	0.05065	0.01546	0.01043	0.01423	0.00822	0.00969	0.00641	0.00453	0.00420	0.00139	0.00663	0.00339	0.00214	0.00696
11	0.00866	0.00433	0.00649	0.00649	0.00649	0.00433	0.00433	0.00649	0.00649	0.00866	0.00866	0.01515	0.00866	0.01732	0.01948	0.85498	0.00433	0.00433	0.00216	0.00216
12	0.01283	0.34771	0.01776	0.06837	0.06531	0.08826	0.00865	0.04830	0.08469	0.04843	0.09399	0.01622	0.06831	0.00602	0.00437	0.00135	0.00513	0.00464	0.00330	0.00636
13	0.00879	0.15589	0.04879	0.00810	0.01019	0.00922	0.00693	0.01190	0.08991	0.01328	0.05044	0.02153	0.10519	0.05106	0.38151	0.00465	0.00858	0.00565	0.00316	0.00523
14	0.01892	0.01467	0.01490	0.01157	0.01545	0.07255	0.00949	0.72235	0.02276	0.03002	0.01166	0.01175	0.00833	0.00592	0.00495	0.00148	0.00574	0.00440	0.00481	0.00828
15	0.00725	0.00483	0.00544	0.00544	0.00544	0.00483	0.00302	0.00725	0.00725	0.00966	0.01571	0.03262	0.01812	0.82483	0.02537	0.00483	0.00483	0.00725	0.00302	0.00302
16	0.01008	0.00959	0.01638	0.63093	0.19404	0.01127	0.03071	0.01334	0.01030	0.01355	0.00899	0.01309	0.00693	0.00485	0.00499	0.00162	0.00653	0.00446	0.00227	0.00606
17	0.44465	0.01549	0.01061	0.00942	0.01238	0.33136	0.00738	0.05349	0.01172	0.05193	0.00803	0.00902	0.00625	0.00496	0.00383	0.00144	0.00602	0.00309	0.00310	0.00583
18	0.00606	0.00439	0.00573	0.00680	0.00719	0.00406	0.00457	0.00696	0.00967	0.01278	0.02914	0.76562	0.08784	0.01540	0.00633	0.00200	0.00287	0.01391	0.00463	0.00406
19	0.00725	0.00483	0.00544	0.00544	0.00544	0.00483	0.00302	0.00725	0.00725	0.00966	0.01571	0.03262	0.01812	0.82483	0.02537	0.00483	0.00483	0.00725	0.00302	0.00302
20	0.01171	0.01328	0.02848	0.02049	0.02519	0.01278	0.72512	0.01570	0.01149	0.01570	0.00985	0.01328	0.00750	0.00450	0.00657	0.00171	0.06172	0.00578	0.00250	0.00664
21	0.00607	0.00434	0.00578	0.00694	0.00723	0.00405	0.00463	0.00694	0.00954	0.01272	0.02747	0.82157	0.03297	0.01562	0.00636	0.00202	0.00289	0.01417	0.00463	0.00405
22	0.00638	0.00457	0.00605	0.00673	0.00730	0.00425	0.00465	0.00770	0.01095	0.01496	0.26260	0.58007	0.03730	0.01395	0.00621	0.00188	0.00273	0.01258	0.00489	0.00425
23	0.00941	0.00886	0.01495	0.81285	0.03433	0.01107	0.01384	0.01274	0.00997	0.01274	0.00886	0.01329	0.00664	0.00498	0.00498	0.00166	0.00664	0.00443	0.00221	0.00554
24	0.02222	0.00872	0.01171	0.00898	0.01284	0.00767	0.00742	0.05658	0.01466	0.76434	0.01933	0.01675	0.01217	0.00616	0.00501	0.00154	0.00429	0.00499	0.00612	0.00848
25	0.00927	0.00867	0.01456	0.77828	0.03317	0.01077	0.01345	0.01249	0.00995	0.01273	0.00966	0.04796	0.00777	0.00544	0.00504	0.00168	0.00648	0.00485	0.00232	0.00547
26	0.01174	0.01338	0.02907	0.02082	0.02573	0.01267	0.75699	0.01587	0.01166	0.01587	0.01000	0.01338	0.00754	0.00431	0.00614	0.00169	0.02808	0.00585	0.00251	0.00669
27	0.00929	0.00465	0.00465	0.00465	0.00581	0.00465	0.00348	0.01161	0.01045	0.01858	0.01626	0.01858	0.01278	0.00581	0.00348	0.00116	0.00232	0.00465	0.85250	0.00465
28	0.01179	0.00881	0.01049	0.00756	0.01192	0.00673	0.00608	0.01397	0.01081	0.11086	0.01017	0.01114	0.00798	0.00399	0.00385	0.00084	0.00376	0.00320	0.00334	0.75270
29	0.00712	0.00534	0.00801	0.00801	0.00890	0.00623	0.00623	0.00890	0.00801	0.01157	0.01335	0.01958	0.01246	0.03738	0.80507	0.00801	0.01335	0.00534	0.00267	0.00445
30	0.00725	0.00483	0.00544	0.00544	0.00544	0.00483	0.00302	0.00725	0.00725	0.00966	0.01571	0.03262	0.01812	0.82483	0.02537	0.00483	0.00483	0.00725	0.00302	0.00302
31	0.00713	0.00531	0.00784	0.00784	0.00867	0.00614	0.00602	0.00879	0.00796	0.01145	0.01351	0.02044	0.01283	0.08939	0.75358	0.00780	0.01279	0.00547	0.00269	0.00436
32	0.00643	0.00459	0.00601	0.00665	0.00717	0.00429	0.00454	0.00767	0.01070	0.01460	0.24548	0.54475	0.03602	0.06751	0.00748	0.00208	0.00287	0.01224	0.00477	0.00417
33	0.00885	0.00460	0.00480	0.00496	0.00600	0.00456	0.00364	0.01097	0.01033	0.01777	0.01781	0.12969	0.01557	0.00716	0.00388	0.00128	0.00240	0.00596	0.73518	0.00456
34	0.05950	0.00870	0.01135	0.00886	0.01260	0.00787	0.00728	0.02401	0.06973	0.70602	0.01913	0.01668	0.01223	0.00614	0.00493	0.00155	0.00420	0.00495	0.00595	0.00830
35	0.01862	0.02376	0.01413	0.01284	0.01541	0.80482	0.00963	0.01990	0.01413	0.01220	0.00770	0.00899	0.00642	0.00514	0.00449	0.00128	0.00899	0.00321	0.00257	0.00578
36	0.04355	0.01199	0.01385	0.01125	0.01472	0.01330	0.06390	0.30660	0.38449	0.05780	0.01596	0.01532	0.01168	0.00619	0.00503	0.00161	0.00485	0.00510	0.00484	0.00797
37	0.00757	0.00549	0.00734	0.00673	0.00716	0.00549	0.05911	0.00799	0.00763	0.01025	0.01514	0.03037	0.01698	0.71347	0.07546	0.00481	0.00565	0.00702	0.00296	0.00338
38	0.01219	0.01031	0.01083	0.00978	0.01249	0.01189	0.00760	0.02550	0.73359	0.02070	0.02002	0.01860	0.01505	0.00670	0.00497	0.00166	0.00384	0.00557	0.06104	0.00768
39	0.00687	0.00509	0.00641	0.00608	0.00734	0.00463	0.00456	0.00906	0.01368	0.01898	0.67622	0.03890	0.16254	0.01057	0.00588	0.00159	0.00238	0.00925	0.00535	0.00463
40	0.00607	0.00434	0.00578	0.00694	0.00723	0.00405	0.00463	0.00694	0.00954	0.01272	0.02747	0.82157	0.03297	0.01562	0.00636	0.00202	0.00289	0.01417	0.00463	0.00405
41	0.00725	0.00483	0.00544	0.00544	0.00544	0.00483	0.00302	0.00725	0.00725	0.00966	0.01571	0.03262	0.01812	0.82483	0.02537	0.00483	0.00483	0.00725	0.00302	0.00302
42	0.00941	0.00886	0.01495	0.81285	0.03433	0.01107	0.01384	0.01274	0.00997	0.01274	0.00886	0.01329	0.00664	0.00498	0.00498	0.00166	0.00664	0.00443	0.00221	0.00554
43	0.02236	0.00848	0.01157	0.00887	0.01272	0.00733	0.00733	0.02429	0.01427	0.79719	0.01966	0.01697	0.01234	0.00617	0.00501	0.00154	0.00424	0.00501	0.00617	0.00848
44	0.02236	0.00848	0.01157	0.00887	0.01272	0.00733	0.00733	0.02429	0.01427	0.79719	0.01966	0.01697	0.01234	0.00617	0.00501	0.00154	0.00424	0.00501	0.00617	0.00848
45	0.86003	0.00964	0.00733	0.00655	0.00964	0.01118	0.00540	0.01465	0.00848	0.02236	0.00694	0.00810	0.00540	0.00463	0.00308	0.00154	0.00386	0.00270	0.00308	0.00540
46	0.00803	0.00653	0.00718	0.00671	0.00854	0.00643	0.00512	0.03539	0.17526	0.01768	0.28340	0.03721	0.36282	0.01040	0.00569	0.00164	0.00286	0.00882	0.00501	0.00527
47	0.83912	0.00952	0.00726	0.00651	0.00955	0.01102	0.00535	0.01458	0.00853	0.02227	0.00717	0.00835	0.00558	0.00466	0.00309	0.00153	0.00382	0.00275	0.02396	0.00538
48	0.86003	0.00964	0.00733	0.00655	0.00964	0.01118	0.00540	0.01465	0.00848	0.02236	0.00694	0.00810	0.00540	0.00463	0.00308	0.00154	0.00386	0.00270	0.00308	0.00540
49	0.00916	0.00798	0.01293	0.64817	0.02862	0.00972	0.01181	0.01217	0.01000	0.01350	0.01118	0.07244	0.00936	0.00586	0.00489	0.00162	0.00580	0.00516	0.11432	0.00531
50	0.01431	0.00714	0.00932	0.00768	0.01028	0.00642	0.00611	0.05246	0.01445	0.35217	0.38858	0.02614	0.02856	0.00797	0.00537	0.00152	0.00337	0.00681	0.00564	0.04572
51	0.01000	0.02578	0.79900	0.01421	0.02157	0.01158	0.01842	0.01579	0.01052	0.01579	0.00895	0.01052	0.00631	0.00474	0.00474	0.00158	0.00737	0.00368	0.00210	0.00737
52	0.01202	0.00960	0.01055	0.00956	0.01207	0.01058	0.00764	0.18140	0.36500	0.02086	0.02293	0.07941	0.09222	0.00893	0.00552	0.00177	0.00418	0.13401	0.00490	0.00685
53	0.01091	0.01091	0.01527	0.01309	0.01309	0.01527	0.01091	0.01200	0.00763	0.01200	0.00654	0.01091	0.00654	0.00872	0.01636	0.00218	0.81570	0.00436	0.00218	0.00545
54	0.02236	0.00848	0.01157	0.00887	0.01272	0.00733	0.00733	0.02429	0.01427	0.79719	0.01966	0.01697	0.01234	0.00617	0.00501	0.00154	0.00424	0.00501	0.00617	0.00848
55	0.00628	0.00450	0.00570	0.00658	0.00695	0.00421	0.00435	0.00706	0.00936	0.01233	0.02750	0.61793	0.09420	0.14531	0.00938	0.00245	0.00320	0.02444	0.00437	0.00391
56	0.00707	0.00507	0.00684	0.00741	0.00831	0.00484	0.00575	0.00895	0.01187	0.01614	0.31216	0.28208	0.03684	0.01300	0.00635	0.00194	0.00324	0.25275	0.00494	0.00447
57	0.01458	0.01145	0.01225	0.01043	0.01360	0.01296	0.00828	0.22259	0.54905	0.06058	0.01808	0.01679	0.01332	0.00653	0.00505	0.00163	0.00436	0.00531	0.00510	0.00807
58	0.01034	0.00886	0.01034	0.00738	0.01181	0.00664	0.00591	0.01255	0.01034	0.01624	0.00886	0.01034	0.00738	0.00369	0.00369	0.00074	0.00369	0.00295	0.00295	0.85530
59	0.01598	0.01249	0.01329	0.01087	0.01433	0.01407	0.00876	0.43723	0.36814	0.02663	0.01573	0.01497	0.01153	0.00634	0.00503	0.00158	0.00479	0.00501	0.00503	0.00821
60	0.01371	0.01136	0.01201	0.01041	0.01346	0.01301	0.00821	0.17730	0.63177	0.02297	0.01862	0.01726	0.01386	0.00661	0.00505	0.00165	0.00425	0.00540	0.00505	0.00801
61	0.00989	0.00936	0.01570	0.66846	0.13845	0.01137	0.01391	0.01306	0.01005	0.01319	0.00883	0.01305	0.00681	0.00508	0.00549	0.00166	0.04311	0.00443	0.00225	0.00586
62	0.86003	0.00964	0.00733	0.00655	0.00964	0.01118	0.00540	0.01465	0.00848	0.02236	0.00694	0.00810	0.00540	0.00463	0.00308	0.00154	0.00386	0.00270	0.00308	0.00540
63	0.00763	0.00540	0.00724	0.00809	0.00896	0.00534	0.00658	0.00936	0.01066	0.01398	0.06159	0.12116	0.04063	0.16076	0.01012	0.00269	0.00434	0.50687	0.00435	0.00425
64	0.00941	0.00886	0.01495	0.81285	0.03433	0.01107	0.01384	0.01274	0.00997	0.01274	0.00886	0.01329	0.00664	0.00498	0.00498	0.00166	0.00664	0.00443	0.00221	0.00554
65	0.01633	0.01235	0.01930	0.01448	0.01851	0.07638	0.32038	0.11822	0.01418	0.26181	0.02454	0.03246	0.01046	0.00567	0.00558	0.00160	0.02047	0.01589	0.00410	0.00729
66	0.01983	0.00843	0.01116	0.00896	0.01237	0.00765	0.00734	0.07649	0.02688	0.62094	0.02013	0.07742	0.01468	0.00735	0.00523	0.00163	0.00425	0.05552	0.00585	0.00789
67	0.00607	0.00434	0.00578	0.00694	0.00723	0.00405	0.00463	0.00694	0.00954	0.01272	0.02747	0.82157	0.03297	0.01562	0.00636	0.00202	0.00289	0.01417	0.00463	0.00405
68	0.01100	0.01037	0.01712	0.41973	0.31609	0.01160	0.03800	0.03143	0.06687	0.01516	0.00999	0.01329	0.00780	0.00491	0.00500	0.00159	0.00621	0.00457	0.00259	0.00669
69	0.01164	0.07399	0.13192	0.01920	0.02449	0.01298	0.61905	0.01587	0.01148	0.01564	0.00970	0.01266	0.00731	0.00428	0.00554	0.00162	0.00804	0.00536	0.00244	0.00679
70	0.01019	0.07286	0.75364	0.01387	0.02106	0.01205	0.01784	0.01573	0.01050	0.01555	0.00883	0.01038	0.00632	0.00471	0.00465	0.00155	0.00725	0.00362	0.00211	0.00731
71	0.44112	0.23548	0.18838	0.00879	0.01315	0.01359	0.00914	0.01498	0.00938	0.01801	0.00738	0.00861	0.00587	0.00455	0.00348	0.00142	0.00504	0.00291	0.00261	0.00611
72	0.00589	0.00505	0.00505	0.00505	0.00673	0.00421	0.00379	0.00715	0.01136	0.01347	0.05049	0.04797	0.79171	0.01262	0.00589	0.00168	0.00252	0.01052	0.00463	0.00421
73	0.01009	0.04743	0.77814	0.01405	0.02134	0.01180	0.01815	0.01576	0.01051	0.01568	0.00889	0.01046	0.00632	0.00472	0.00469	0.00156	0.00731	0.00366	0.00211	0.00734
74	0.00722	0.00495	0.00602	0.00602	0.00622	0.00515	0.00375	0.00762	0.00742	0.01010	0.01517	0.02967	0.01684	0.64677	0.20168	0.00555	0.00676	0.00682	0.00294	0.00334
75	0.01399	0.01106	0.01202	0.04814	0.01403	0.01229	0.00820	0.34451	0.29346	0.02375	0.02055	0.04124	0.11984	0.00739	0.00518	0.00161	0.00451	0.00599	0.00483	0.00742
76	0.00872	0.00720	0.01197	0.01129	0.01316	0.00706	0.15063	0.01153	0.02624	0.01512	0.02329	0.08303	0.02470	0.01194	0.00664	0.00216	0.00521	0.57087	0.00422	0.00502
77	0.01034	0.00886	0.01034	0.00738	0.01181	0.00664	0.00591	0.01255	0.01034	0.01624	0.00886	0.01034	0.00738	0.00369	0.00369	0.00074	0.00369	0.00295	0.00295	0.85530
78	0.00616	0.00440	0.00589	0.00704	0.00737	0.00413	0.00478	0.00709	0.00963	0.01282	0.02742	0.78682	0.03277	0.01553	0.00639	0.00204	0.00297	0.04805	0.00463	0.00407
79	0.01234	0.01184	0.02023	0.03059	0.79373	0.01184	0.01530	0.01530	0.01135	0.01628	0.00938	0.01234	0.00790	0.00444	0.00493	0.00148	0.00592	0.00444	0.00247	0.00790
80	0.03478	0.01308	0.01814	0.04821	0.46207	0.08437	0.04877	0.16417	0.02635	0.01888	0.01026	0.02966	0.00842	0.00510	0.00494	0.00150	0.00611	0.00459	0.00307	0.00754
81	0.05299	0.18871	0.19587	0.01352	0.05431	0.08800	0.14216	0.07251	0.05206	0.03558	0.03829	0.01197	0.00886	0.00498	0.00458	0.00144	0.00640	0.00417	0.00289	0.02072
82	0.08357	0.02385	0.01321	0.01145	0.06977	0.04755	0.03263	0.21809	0.14116	0.20129	0.04428	0.01554	0.03068	0.00605	0.00484	0.00151	0.00484	0.00487	0.00464	0.04017

[dist]
