[name]
unknown

[dist]
# distance from previous block
# <min> <max>
0	8

[block]
# block no. 0 follows, 50 sequences, length 24
# corresponding to MSA columns:
# 226-249
name=unknown_A
#
# <colnr> <probs for GDERKNQSTAVLIFYWHMCP>
#	G	D	E	R	K	N	Q	S	T	A	V	L	I	F	Y	W	H	M	C	P
0	0.00892	0.10515	0.00953	0.00770	0.00889	0.05582	0.00605	0.01022	0.01001	0.01271	0.07480	0.03626	0.02158	0.30852	0.04098	0.00316	0.00518	0.26662	0.00360	0.00431
1	0.01581	0.01086	0.01384	0.05843	0.01557	0.01114	0.07080	0.32022	0.05947	0.16465	0.01458	0.06033	0.01138	0.00639	0.00503	0.00150	0.00504	0.03019	0.02096	0.10381
2	0.01420	0.52383	0.13383	0.00951	0.01410	0.04820	0.00970	0.01647	0.01095	0.12403	0.00915	0.00979	0.00728	0.00461	0.00375	0.00120	0.00554	0.00318	0.00276	0.04793
3	0.01034	0.00886	0.01034	0.00738	0.01181	0.00664	0.00591	0.01255	0.01034	0.01624	0.00886	0.01034	0.00738	0.00369	0.00369	0.00074	0.00369	0.00295	0.00295	0.85530
4	0.01256	0.00753	0.05160	0.00742	0.00988	0.00635	0.00624	0.02979	0.03467	0.25528	0.22979	0.02510	0.08666	0.00958	0.05388	0.00189	0.00399	0.00645	0.15526	0.00610
5	0.00606	0.00438	0.00574	0.00684	0.00720	0.00406	0.00458	0.00695	0.00964	0.01276	0.02874	0.77904	0.07468	0.01545	0.00634	0.00201	0.00287	0.01397	0.00463	0.00406
6	0.00895	0.03488	0.35636	0.01280	0.05389	0.00911	0.10047	0.01255	0.01060	0.01490	0.04600	0.24288	0.05877	0.00836	0.00541	0.00170	0.00565	0.00749	0.00315	0.00608
7	0.06214	0.00943	0.01418	0.53448	0.06953	0.01148	0.01220	0.04391	0.07698	0.01489	0.01032	0.04001	0.00831	0.00575	0.00575	0.00169	0.06554	0.00475	0.00271	0.00592
8	0.01067	0.01057	0.01482	0.01278	0.01283	0.01472	0.01062	0.01181	0.00766	0.01197	0.00696	0.01143	0.00690	0.01047	0.06451	0.00254	0.76672	0.00442	0.00221	0.00539
9	0.00684	0.00466	0.00556	0.00596	0.00606	0.00456	0.00358	0.00714	0.00804	0.01072	0.01977	0.30516	0.02325	0.54528	0.01880	0.00386	0.00416	0.00964	0.00358	0.00338
10	0.01210	0.01069	0.01603	0.07221	0.38448	0.01126	0.03714	0.04079	0.22239	0.03996	0.01442	0.06521	0.01220	0.00621	0.00517	0.00162	0.00522	0.03195	0.00355	0.00738
11	0.79731	0.00929	0.00719	0.00647	0.00933	0.01071	0.00522	0.01411	0.00839	0.02143	0.00759	0.00990	0.00633	0.06495	0.00472	0.00178	0.00393	0.00303	0.00308	0.00522
12	0.07433	0.01242	0.01454	0.01258	0.01312	0.11389	0.01034	0.01318	0.00851	0.01278	0.00672	0.01046	0.00644	0.00797	0.01390	0.00202	0.65492	0.00410	0.00230	0.00549
13	0.01213	0.01020	0.01405	0.19488	0.17524	0.01130	0.01060	0.13355	0.12085	0.02861	0.04672	0.01473	0.01075	0.00577	0.00569	0.00153	0.06648	0.00472	0.06296	0.06923
14	0.40461	0.01266	0.05419	0.07081	0.06340	0.06481	0.11034	0.13182	0.01197	0.02081	0.00857	0.01022	0.00652	0.00483	0.00418	0.00154	0.00556	0.00371	0.00311	0.00633
15	0.14173	0.07065	0.01367	0.04593	0.15256	0.03704	0.00879	0.09046	0.04966	0.13341	0.01116	0.01210	0.00843	0.00499	0.00442	0.00134	0.01569	0.00389	0.03337	0.16072
16	0.00625	0.00496	0.00561	0.00566	0.00700	0.00433	0.00416	0.00777	0.01189	0.01522	0.25842	0.15171	0.47470	0.01234	0.00595	0.00170	0.00253	0.01059	0.00487	0.00433
17	0.01240	0.01071	0.01127	0.01014	0.01296	0.01240	0.00789	0.02649	0.78473	0.02085	0.02029	0.01860	0.01522	0.00676	0.00507	0.00169	0.00394	0.00564	0.00507	0.00789
18	0.21224	0.01188	0.01902	0.01416	0.01824	0.01211	0.36119	0.16706	0.01333	0.05259	0.01051	0.01238	0.00777	0.00484	0.00486	0.00157	0.00619	0.00474	0.05861	0.00670
19	0.00650	0.00476	0.00596	0.00629	0.00708	0.00438	0.00439	0.00789	0.01127	0.01520	0.30585	0.35500	0.14977	0.08286	0.00775	0.00205	0.00281	0.01117	0.00480	0.00422
20	0.01539	0.01027	0.01412	0.38022	0.02349	0.01144	0.01096	0.24008	0.01498	0.21069	0.01242	0.01380	0.00858	0.00557	0.00499	0.00158	0.00571	0.00459	0.00400	0.00712
21	0.00724	0.00487	0.00560	0.00560	0.00566	0.00492	0.00323	0.00736	0.00730	0.00979	0.01555	0.03177	0.01775	0.77358	0.07611	0.00504	0.00539	0.00712	0.00300	0.00311
22	0.04862	0.01859	0.01428	0.01205	0.01513	0.41078	0.00947	0.33854	0.01758	0.02065	0.00943	0.01029	0.00726	0.00562	0.00515	0.00142	0.04091	0.00378	0.00359	0.00689
23	0.01132	0.04143	0.01221	0.00943	0.06321	0.00794	0.02369	0.03872	0.01100	0.04398	0.00933	0.01073	0.00759	0.00394	0.00389	0.00087	0.00408	0.00323	0.00306	0.69035

[dist]
# distance from previous block
# <min> <max>
0	2

[block]
# block no. 1 follows, 50 sequences, length 18
# corresponding to MSA columns:
# 252-269
name=unknown_B
#
# <colnr> <probs for GDERKNQSTAVLIFYWHMCP>
#	G	D	E	R	K	N	Q	S	T	A	V	L	I	F	Y	W	H	M	C	P
0	0.58224	0.01386	0.11809	0.00871	0.01239	0.10638	0.00799	0.06961	0.01050	0.02088	0.00767	0.00881	0.00587	0.00480	0.00362	0.00151	0.00507	0.00302	0.00302	0.00593
1	0.03055	0.06037	0.16945	0.01249	0.01654	0.16087	0.08186	0.12973	0.10443	0.05545	0.01078	0.01182	0.00818	0.00547	0.00559	0.00150	0.06816	0.00415	0.00328	0.05933
2	0.01121	0.01158	0.02220	0.26252	0.21276	0.01195	0.33561	0.01519	0.03794	0.01523	0.00990	0.01331	0.00763	0.00458	0.00535	0.00163	0.00712	0.00509	0.00250	0.00669
3	0.00649	0.00476	0.00545	0.00577	0.00639	0.00441	0.00375	0.00718	0.00933	0.01195	0.04824	0.26214	0.26007	0.32602	0.01352	0.00299	0.00351	0.01026	0.00403	0.00372
4	0.01629	0.00732	0.00975	0.00793	0.01075	0.00654	0.00637	0.04065	0.01448	0.47144	0.32039	0.02473	0.02576	0.00773	0.00535	0.00155	0.00354	0.00656	0.00587	0.00701
5	0.01408	0.01058	0.01154	0.00995	0.01294	0.01180	0.00785	0.13548	0.53947	0.10590	0.06943	0.01867	0.01600	0.00681	0.00511	0.00164	0.00410	0.00562	0.00520	0.00783
6	0.05737	0.01267	0.01362	0.01068	0.01435	0.01392	0.00875	0.59583	0.07994	0.07089	0.06082	0.01412	0.01143	0.00625	0.00496	0.00152	0.00503	0.00480	0.00500	0.00805
7	0.01908	0.01375	0.01483	0.01137	0.01535	0.01515	0.00939	0.74864	0.02309	0.06038	0.01226	0.01216	0.00862	0.00599	0.00499	0.00150	0.00544	0.00451	0.00503	0.00848
8	0.01081	0.00947	0.05819	0.00952	0.02643	0.02358	0.00766	0.11160	0.21994	0.04543	0.06772	0.21863	0.07180	0.00991	0.00563	0.00178	0.00412	0.08692	0.00466	0.00621
9	0.01333	0.82783	0.02612	0.00853	0.01279	0.01972	0.00853	0.01493	0.01013	0.01173	0.00693	0.00800	0.00640	0.00426	0.00320	0.00107	0.00533	0.00267	0.00213	0.00640
10	0.08877	0.01149	0.01360	0.01443	0.18236	0.07370	0.00957	0.16763	0.04338	0.10928	0.01295	0.06510	0.02242	0.00659	0.00630	0.00160	0.11162	0.00503	0.04728	0.00690
11	0.01575	0.06272	0.01404	0.01071	0.01420	0.01439	0.00872	0.40283	0.35456	0.02559	0.01528	0.01461	0.01129	0.00622	0.00491	0.00155	0.00480	0.00488	0.00485	0.00809
12	0.01009	0.00571	0.00748	0.00683	0.00849	0.00514	0.00519	0.01209	0.01337	0.18325	0.47988	0.13569	0.08658	0.01020	0.00576	0.00163	0.00283	0.00894	0.00546	0.00539
13	0.00862	0.00630	0.00650	0.00605	0.00795	0.04027	0.00462	0.01014	0.01228	0.10814	0.16696	0.04076	0.54092	0.01112	0.00572	0.00163	0.00299	0.00929	0.00486	0.00487
14	0.00638	0.00469	0.00598	0.00645	0.00723	0.00429	0.00454	0.00781	0.01134	0.01529	0.28947	0.44828	0.14315	0.01336	0.00613	0.00182	0.00266	0.01192	0.00492	0.00429
15	0.00844	0.00453	0.00661	0.00661	0.00686	0.00468	0.00459	0.00730	0.00706	0.00992	0.01005	0.01618	0.00963	0.01991	0.15421	0.64304	0.00574	0.00453	0.06735	0.00275
16	0.01651	0.17279	0.01615	0.01129	0.01430	0.33717	0.00916	0.13259	0.10785	0.05805	0.01027	0.01098	0.00812	0.00562	0.00533	0.00141	0.06865	0.00378	0.00331	0.00668
17	0.00759	0.00656	0.00698	0.00752	0.00838	0.07552	0.00533	0.00925	0.04444	0.01297	0.02630	0.50770	0.12066	0.01693	0.11647	0.00273	0.00488	0.01115	0.00419	0.00445

[dist]
# distance from previous block
# <min> <max>
0	1

[block]
# block no. 2 follows, 50 sequences, length 16
# corresponding to MSA columns:
# 271-286
name=unknown_C
#
# <colnr> <probs for GDERKNQSTAVLIFYWHMCP>
#	G	D	E	R	K	N	Q	S	T	A	V	L	I	F	Y	W	H	M	C	P
0	0.06408	0.06385	0.01750	0.08699	0.29550	0.19726	0.06030	0.04316	0.07555	0.01589	0.00961	0.01166	0.00777	0.00498	0.00496	0.00148	0.02569	0.00413	0.00278	0.00685
1	0.01150	0.06589	0.23364	0.02039	0.18151	0.01261	0.37009	0.01572	0.01125	0.01573	0.00944	0.01210	0.00723	0.00440	0.00522	0.00157	0.00743	0.00480	0.00237	0.00712
2	0.01572	0.01307	0.01738	0.06202	0.01841	0.15830	0.23497	0.01948	0.08760	0.22790	0.01305	0.01379	0.00932	0.00516	0.00506	0.00149	0.00642	0.00478	0.00379	0.08230
3	0.01400	0.07702	0.07829	0.00858	0.01192	0.00914	0.00761	0.11971	0.06322	0.24626	0.12193	0.02430	0.18142	0.00779	0.00514	0.00154	0.00414	0.00636	0.00485	0.00678
4	0.00966	0.00911	0.01540	0.74618	0.09905	0.01114	0.01397	0.01295	0.01008	0.01304	0.00890	0.01321	0.00675	0.00494	0.00498	0.00165	0.00658	0.00443	0.00224	0.00574
5	0.00893	0.00509	0.00590	0.07657	0.00861	0.00523	0.00461	0.01134	0.01102	0.01830	0.14532	0.02124	0.01797	0.00647	0.00402	0.00127	0.00271	0.00536	0.63532	0.00473
6	0.00664	0.00498	0.00618	0.00670	0.00764	0.00467	0.00500	0.00800	0.01053	0.01363	0.09489	0.26857	0.25249	0.08422	0.05642	0.00254	0.00387	0.15441	0.00444	0.00419
7	0.01116	0.00992	0.01589	0.40519	0.29698	0.01111	0.01310	0.07207	0.01153	0.01593	0.00993	0.01332	0.00777	0.00494	0.00483	0.00154	0.00592	0.00446	0.07790	0.00651
8	0.00723	0.00491	0.00585	0.00585	0.00599	0.00505	0.00353	0.00751	0.00737	0.00997	0.01533	0.03055	0.01722	0.69981	0.14916	0.00534	0.00618	0.00695	0.00296	0.00325
9	0.06716	0.01607	0.25967	0.01137	0.01603	0.02460	0.01136	0.21378	0.18418	0.11275	0.02535	0.01365	0.01010	0.00575	0.00482	0.00157	0.00550	0.00449	0.00409	0.00771
10	0.20956	0.01168	0.08297	0.01078	0.01477	0.01055	0.10275	0.15123	0.01374	0.27128	0.01371	0.01556	0.01000	0.00590	0.00477	0.00160	0.00518	0.05240	0.00435	0.00722
11	0.01190	0.01193	0.01595	0.01321	0.01429	0.06138	0.06898	0.06147	0.00951	0.01382	0.00738	0.01102	0.00679	0.00767	0.01332	0.00195	0.60285	0.00433	0.00246	0.05980
12	0.01484	0.01067	0.01169	0.00978	0.01263	0.02337	0.00773	0.33738	0.20051	0.09205	0.03204	0.07834	0.01398	0.06092	0.05388	0.00218	0.00517	0.00585	0.01975	0.00723
13	0.13793	0.18163	0.20868	0.01201	0.07900	0.08284	0.01096	0.04696	0.01177	0.16892	0.01038	0.01098	0.00760	0.00496	0.00424	0.00142	0.00578	0.00364	0.00323	0.00705
14	0.02331	0.00873	0.07620	0.06933	0.01245	0.00717	0.00727	0.05454	0.02407	0.19417	0.16246	0.02516	0.16794	0.00772	0.00506	0.00150	0.00387	0.00643	0.07979	0.06284
15	0.00680	0.00505	0.00642	0.00622	0.00741	0.00468	0.00464	0.00884	0.01297	0.01791	0.57007	0.08778	0.16763	0.01267	0.05673	0.00203	0.00311	0.00936	0.00511	0.00456

[dist]
# distance from previous block
# <min> <max>
0	1

[block]
# block no. 3 follows, 50 sequences, length 7
# corresponding to MSA columns:
# 288-294
name=unknown_D
#
# <colnr> <probs for GDERKNQSTAVLIFYWHMCP>
#	G	D	E	R	K	N	Q	S	T	A	V	L	I	F	Y	W	H	M	C	P
0	0.33561	0.30926	0.13259	0.00877	0.01289	0.03894	0.00873	0.04962	0.01030	0.01750	0.00778	0.00895	0.00630	0.00463	0.00351	0.00135	0.00510	0.00299	0.02901	0.00618
1	0.00683	0.00502	0.00602	0.00583	0.00712	0.00453	0.00435	0.00880	0.01286	0.01769	0.48921	0.07270	0.26008	0.01082	0.00574	0.00159	0.00242	0.00937	0.06452	0.00453
2	0.01632	0.22040	0.01476	0.00859	0.01201	0.01216	0.00740	0.22349	0.01488	0.22094	0.01357	0.01364	0.00985	0.00555	0.00421	0.00133	0.00445	0.00419	0.18514	0.00713
3	0.00845	0.00440	0.00634	0.00634	0.00634	0.00440	0.00413	0.00661	0.00661	0.00881	0.00971	0.01775	0.01007	0.13765	0.02036	0.72829	0.00440	0.00476	0.00229	0.00229
4	0.01800	0.07421	0.01523	0.01088	0.01473	0.01518	0.00908	0.67833	0.02173	0.02924	0.01183	0.01203	0.00856	0.00585	0.00477	0.00145	0.00530	0.00436	0.05114	0.00811
5	0.01031	0.00883	0.01032	0.00795	0.01157	0.00771	0.00632	0.01426	0.12601	0.01713	0.09557	0.01452	0.01282	0.00510	0.00475	0.00104	0.04324	0.00408	0.00351	0.59496
6	0.01368	0.11815	0.01933	0.05098	0.49280	0.07682	0.01296	0.07309	0.03975	0.04143	0.00981	0.01188	0.00798	0.00475	0.00469	0.00143	0.00596	0.00418	0.00282	0.00751

[dist]
# distance from previous block
# <min> <max>
0	2

[block]
# block no. 4 follows, 50 sequences, length 20
# corresponding to MSA columns:
# 297-316
name=unknown_E
#
# <colnr> <probs for GDERKNQSTAVLIFYWHMCP>
#	G	D	E	R	K	N	Q	S	T	A	V	L	I	F	Y	W	H	M	C	P
0	0.01636	0.01815	0.01555	0.14770	0.03678	0.43453	0.06411	0.15629	0.03444	0.01636	0.00920	0.01088	0.00717	0.00522	0.00479	0.00143	0.00772	0.00392	0.00301	0.00640
1	0.00645	0.00471	0.00571	0.00614	0.00679	0.00435	0.00413	0.00745	0.01016	0.01341	0.15465	0.37404	0.18139	0.18524	0.01021	0.00248	0.00314	0.01114	0.00443	0.00397
2	0.00663	0.00490	0.00594	0.00618	0.00708	0.00451	0.00440	0.00796	0.01104	0.01460	0.24620	0.22578	0.22528	0.14582	0.00926	0.00229	0.00308	0.06030	0.00460	0.00414
3	0.02086	0.00849	0.01133	0.00879	0.01242	0.00755	0.00722	0.06458	0.01476	0.68795	0.08570	0.01844	0.01511	0.00651	0.00509	0.00154	0.00415	0.00533	0.00605	0.00816
4	0.01735	0.01236	0.01346	0.01077	0.01439	0.01361	0.00875	0.46462	0.25263	0.11518	0.01536	0.01454	0.01095	0.00624	0.00502	0.00156	0.00488	0.00489	0.00515	0.00830
5	0.04287	0.00648	0.00821	0.00699	0.00926	0.00593	0.00552	0.01574	0.01331	0.32006	0.32525	0.02501	0.02597	0.00765	0.00501	0.00148	0.00313	0.00646	0.15949	0.00618
6	0.30931	0.01247	0.01232	0.00977	0.01345	0.01398	0.00807	0.51389	0.01827	0.02829	0.01023	0.01063	0.00741	0.00552	0.00433	0.00151	0.00492	0.00387	0.00433	0.00741
7	0.01313	0.01308	0.01791	0.02054	0.33893	0.10285	0.07876	0.07527	0.07846	0.01641	0.00991	0.01243	0.00820	0.00636	0.02398	0.00177	0.16759	0.00454	0.00285	0.00704
8	0.01415	0.63682	0.06556	0.00947	0.01375	0.07298	0.00924	0.10187	0.01194	0.01421	0.00766	0.00865	0.00663	0.00455	0.00357	0.00116	0.00571	0.00296	0.00248	0.00664
9	0.04161	0.01035	0.01831	0.46637	0.21382	0.01151	0.13872	0.01395	0.01054	0.01447	0.00911	0.01290	0.00705	0.00471	0.00505	0.00162	0.00666	0.00461	0.00236	0.00629
10	0.01184	0.01029	0.01338	0.01170	0.03716	0.01138	0.09524	0.11790	0.33648	0.01960	0.06081	0.03369	0.07419	0.00777	0.00639	0.00174	0.07448	0.06469	0.00439	0.00686
11	0.00692	0.00509	0.00647	0.00613	0.00736	0.00464	0.00459	0.00914	0.01378	0.01921	0.70305	0.03851	0.13557	0.01048	0.00588	0.00158	0.00237	0.00919	0.00538	0.00464
12	0.01315	0.01381	0.01811	0.15512	0.50872	0.17531	0.01389	0.01583	0.01170	0.01486	0.00895	0.01180	0.00739	0.00467	0.00485	0.00147	0.00667	0.00419	0.00245	0.00707
13	0.00623	0.00495	0.00560	0.00569	0.00701	0.00431	0.00417	0.00772	0.01180	0.01510	0.24562	0.17186	0.46737	0.01246	0.00596	0.00171	0.00254	0.01071	0.00486	0.00431
14	0.00835	0.00446	0.00641	0.00637	0.00650	0.00442	0.00425	0.00689	0.00743	0.01004	0.09816	0.01928	0.01389	0.09140	0.01848	0.67922	0.00415	0.00513	0.00262	0.00253
15	0.01037	0.01883	0.48183	0.01184	0.01715	0.01055	0.01363	0.08111	0.09490	0.01835	0.15151	0.01741	0.03839	0.00627	0.00503	0.00158	0.00580	0.00512	0.00335	0.00695
16	0.01170	0.00882	0.01048	0.00755	0.01192	0.00672	0.00607	0.01388	0.01078	0.10492	0.01009	0.01109	0.00795	0.00397	0.00384	0.00083	0.00375	0.00319	0.00332	0.75914
17	0.01279	0.01092	0.01637	0.02178	0.47683	0.01112	0.01196	0.14271	0.04561	0.04189	0.10154	0.01741	0.05499	0.00594	0.00511	0.00151	0.00513	0.00536	0.00356	0.00745
18	0.00731	0.00617	0.03568	0.00742	0.00881	0.00538	0.00602	0.03197	0.02557	0.01523	0.12907	0.25949	0.22226	0.01284	0.00619	0.00191	0.00343	0.20594	0.00465	0.00464
19	0.00935	0.00802	0.01185	0.27660	0.04504	0.00990	0.00976	0.01148	0.00948	0.01373	0.01306	0.13183	0.01262	0.00811	0.00814	0.00180	0.22604	0.04599	0.14203	0.00519

[dist]
# distance from previous block
# <min> <max>
0	1

[block]
# block no. 5 follows, 50 sequences, length 7
# corresponding to MSA columns:
# 318-324
name=unknown_F
#
# <colnr> <probs for GDERKNQSTAVLIFYWHMCP>
#	G	D	E	R	K	N	Q	S	T	A	V	L	I	F	Y	W	H	M	C	P
0	0.76426	0.00908	0.00702	0.00634	0.00921	0.01045	0.00518	0.01431	0.00870	0.02194	0.00799	0.00928	0.00623	0.00476	0.00313	0.00150	0.00368	0.00292	0.09871	0.00531
1	0.03729	0.00985	0.01062	0.01145	0.12447	0.12418	0.00759	0.07702	0.01262	0.04510	0.17467	0.02385	0.12712	0.03846	0.15088	0.00279	0.00632	0.00626	0.00382	0.00564
2	0.01516	0.01095	0.01161	0.00949	0.01252	0.01212	0.00765	0.42824	0.18023	0.02599	0.01479	0.01501	0.01097	0.00610	0.00463	0.00145	0.00437	0.00477	0.21656	0.00740
3	0.19275	0.13259	0.17297	0.12794	0.01806	0.01214	0.09654	0.05309	0.01090	0.05360	0.00961	0.01142	0.00726	0.00484	0.00424	0.00148	0.00567	0.00386	0.07470	0.00634
4	0.01265	0.03953	0.38469	0.01394	0.01933	0.07881	0.13598	0.07657	0.05602	0.06983	0.01159	0.01447	0.00891	0.00551	0.00504	0.00160	0.00690	0.04846	0.00302	0.00713
5	0.00676	0.00475	0.00545	0.00572	0.00606	0.00455	0.00352	0.00716	0.00845	0.01099	0.02407	0.21710	0.14715	0.50629	0.01782	0.00367	0.00401	0.00938	0.00365	0.00345
6	0.00748	0.00625	0.00862	0.12526	0.01203	0.00690	0.00679	0.00917	0.01072	0.01453	0.21427	0.27987	0.13732	0.01128	0.00743	0.00183	0.12195	0.00951	0.00413	0.00466

[dist]
# distance from previous block
# <min> <max>
0	1

[block]
# block no. 6 follows, 50 sequences, length 15
# corresponding to MSA columns:
# 326-340
name=unknown_G
#
# <colnr> <probs for GDERKNQSTAVLIFYWHMCP>
#	G	D	E	R	K	N	Q	S	T	A	V	L	I	F	Y	W	H	M	C	P
0	0.01287	0.01118	0.01496	0.01256	0.01340	0.01474	0.01045	0.12335	0.01038	0.06993	0.00825	0.01148	0.00723	0.00815	0.01392	0.00204	0.64173	0.00443	0.00287	0.00610
1	0.08408	0.12947	0.01613	0.01119	0.01469	0.01368	0.10780	0.23917	0.23254	0.02152	0.01401	0.06998	0.01142	0.00629	0.00481	0.00155	0.00509	0.00526	0.00410	0.00722
2	0.05449	0.01212	0.01721	0.04737	0.43163	0.01268	0.01241	0.26317	0.01528	0.06946	0.01072	0.01234	0.00820	0.00507	0.00487	0.00150	0.00560	0.00441	0.00353	0.00793
3	0.01554	0.01415	0.01253	0.01048	0.03026	0.27096	0.00805	0.05463	0.01273	0.14306	0.01027	0.01113	0.00789	0.00501	0.00504	0.00119	0.05567	0.00357	0.00339	0.32445
4	0.00664	0.00497	0.00616	0.00608	0.00725	0.00449	0.00448	0.00852	0.01280	0.01741	0.50673	0.15302	0.22005	0.01155	0.00595	0.00166	0.00247	0.01011	0.00516	0.00449
5	0.00941	0.00886	0.01495	0.81285	0.03433	0.01107	0.01384	0.01274	0.00997	0.01274	0.00886	0.01329	0.00664	0.00498	0.00498	0.00166	0.00664	0.00443	0.00221	0.00554
6	0.01795	0.01346	0.01440	0.01127	0.01508	0.01499	0.00923	0.66255	0.13963	0.02980	0.01324	0.01298	0.00951	0.00610	0.00500	0.00153	0.00525	0.00466	0.00500	0.00839
7	0.00683	0.00509	0.00635	0.00603	0.00731	0.00461	0.00452	0.00896	0.01357	0.01871	0.64553	0.03934	0.19340	0.01067	0.00588	0.00159	0.00239	0.00931	0.00532	0.00461
8	0.01299	0.64204	0.10795	0.00969	0.01387	0.05124	0.00983	0.01499	0.01014	0.01221	0.00715	0.00854	0.00640	0.00471	0.00448	0.00122	0.07107	0.00293	0.00215	0.00640
9	0.00722	0.00487	0.00561	0.00556	0.00573	0.00481	0.00326	0.00756	0.00824	0.01116	0.12768	0.03328	0.02230	0.70719	0.02256	0.00436	0.00447	0.00750	0.00338	0.00326
10	0.01328	0.45997	0.02119	0.01037	0.01323	0.01774	0.00941	0.11305	0.01106	0.01437	0.00746	0.00945	0.00671	0.00592	0.00765	0.00148	0.26532	0.00345	0.00252	0.00636
11	0.01335	0.01115	0.01175	0.05842	0.01419	0.09146	0.00750	0.10609	0.08309	0.08311	0.01105	0.01188	0.00849	0.00468	0.00424	0.00110	0.00470	0.00367	0.00357	0.46651
12	0.01374	0.01096	0.01257	0.03182	0.09245	0.01200	0.00870	0.26568	0.31006	0.04114	0.02055	0.01988	0.12414	0.00706	0.00514	0.00160	0.00451	0.00580	0.00467	0.00750
13	0.67831	0.18524	0.01136	0.00698	0.01032	0.01301	0.00607	0.01471	0.00884	0.02008	0.00694	0.00808	0.00561	0.00455	0.00311	0.00144	0.00417	0.00269	0.00288	0.00561
14	0.01258	0.01259	0.01694	0.08659	0.22416	0.11458	0.10485	0.01630	0.09186	0.03145	0.01012	0.01240	0.00817	0.00526	0.00627	0.00150	0.10782	0.00437	0.00285	0.12935

[dist]
# distance from previous block
# <min> <max>
0	1

[block]
# block no. 7 follows, 50 sequences, length 71
# corresponding to MSA columns:
# 342-412
name=unknown_H
#
# <colnr> <probs for GDERKNQSTAVLIFYWHMCP>
#	G	D	E	R	K	N	Q	S	T	A	V	L	I	F	Y	W	H	M	C	P
0	0.00952	0.00830	0.01288	0.11208	0.19667	0.00874	0.05251	0.01336	0.10773	0.01511	0.01788	0.17940	0.01794	0.01118	0.06357	0.00228	0.00559	0.15576	0.00362	0.00590
1	0.00673	0.00481	0.00616	0.00694	0.00750	0.00459	0.00496	0.00783	0.00989	0.01303	0.06476	0.41742	0.09151	0.16410	0.00992	0.00255	0.00354	0.16539	0.00437	0.00402
2	0.00636	0.00478	0.00589	0.00623	0.00718	0.00431	0.00444	0.00783	0.01156	0.01538	0.29224	0.35810	0.23150	0.01301	0.00608	0.00178	0.00261	0.01149	0.00492	0.00431
3	0.01287	0.01094	0.01154	0.01024	0.01314	0.01262	0.00800	0.08048	0.72996	0.02161	0.01969	0.01812	0.01473	0.00671	0.00507	0.00168	0.00406	0.00555	0.00507	0.00793
4	0.17548	0.00889	0.01091	0.00854	0.01226	0.00832	0.00705	0.04899	0.01353	0.62853	0.01707	0.01517	0.01093	0.00588	0.00466	0.00154	0.00421	0.00457	0.00556	0.00792
5	0.01881	0.01338	0.01450	0.01120	0.01512	0.01469	0.00923	0.67926	0.06710	0.08589	0.01301	0.01271	0.00915	0.00604	0.00499	0.00151	0.00531	0.00459	0.00508	0.00844
6	0.01328	0.78215	0.05707	0.00883	0.01319	0.03243	0.00895	0.01504	0.01021	0.01190	0.00702	0.00811	0.00639	0.00430	0.00328	0.00109	0.00547	0.00272	0.00214	0.00643
7	0.01333	0.82783	0.02612	0.00853	0.01279	0.01972	0.00853	0.01493	0.01013	0.01173	0.00693	0.00800	0.00640	0.00426	0.00320	0.00107	0.00533	0.00267	0.00213	0.00640
8	0.01234	0.01184	0.02023	0.03059	0.79373	0.01184	0.01530	0.01530	0.01135	0.01628	0.00938	0.01234	0.00790	0.00444	0.00493	0.00148	0.00592	0.00444	0.00247	0.00790
9	0.01708	0.01186	0.01293	0.01035	0.01384	0.01298	0.00841	0.45261	0.20428	0.11862	0.01519	0.01463	0.01086	0.00618	0.00490	0.00152	0.00474	0.00484	0.06611	0.00806
10	0.00835	0.00527	0.00670	0.00654	0.00787	0.00474	0.00483	0.01005	0.01237	0.10717	0.35732	0.25590	0.17054	0.01167	0.00592	0.00171	0.00275	0.01026	0.00517	0.00487
11	0.01234	0.01184	0.02023	0.03059	0.79373	0.01184	0.01530	0.01530	0.01135	0.01628	0.00938	0.01234	0.00790	0.00444	0.00493	0.00148	0.00592	0.00444	0.00247	0.00790
12	0.00640	0.00464	0.00612	0.00717	0.00773	0.00436	0.00515	0.00755	0.01003	0.01317	0.02922	0.62256	0.09600	0.01504	0.00641	0.00204	0.00316	0.14445	0.00462	0.00416
13	0.00849	0.00439	0.00637	0.00637	0.00637	0.00439	0.00417	0.00659	0.00659	0.00878	0.00951	0.01727	0.00981	0.11542	0.02020	0.75169	0.00439	0.00468	0.00227	0.00227
14	0.01129	0.01019	0.01635	0.42634	0.20558	0.01144	0.05379	0.11275	0.01244	0.01669	0.06605	0.01464	0.01014	0.00532	0.00509	0.00159	0.00611	0.00485	0.00289	0.00647
15	0.00769	0.00593	0.00784	0.00847	0.06449	0.00572	0.00581	0.01068	0.06881	0.01825	0.50221	0.13103	0.08258	0.01052	0.00587	0.00167	0.00292	0.04942	0.00504	0.00505
16	0.01699	0.05601	0.06057	0.01330	0.12682	0.01223	0.00997	0.29121	0.07393	0.21904	0.02752	0.01388	0.01027	0.00576	0.00503	0.00149	0.01670	0.00459	0.00452	0.03018
17	0.01068	0.07068	0.07482	0.36607	0.04885	0.01266	0.15736	0.01475	0.06851	0.01412	0.00955	0.01282	0.00745	0.00534	0.00639	0.00168	0.10501	0.00461	0.00248	0.00619
18	0.01009	0.00929	0.01537	0.43090	0.28785	0.01043	0.01277	0.01281	0.01004	0.01350	0.01002	0.01575	0.00872	0.12309	0.00791	0.00206	0.00614	0.00484	0.00242	0.00597
19	0.01266	0.01380	0.02072	0.06573	0.18060	0.14341	0.29311	0.01642	0.06737	0.01504	0.01003	0.01286	0.00805	0.00637	0.03848	0.00187	0.07931	0.00488	0.00266	0.00662
20	0.00724	0.00485	0.00550	0.00548	0.00554	0.00483	0.00311	0.00736	0.00762	0.01022	0.05727	0.03287	0.01967	0.78116	0.02433	0.00466	0.00470	0.00734	0.00315	0.00311
21	0.00641	0.00485	0.00595	0.00642	0.00742	0.00440	0.00471	0.00784	0.01124	0.01466	0.19093	0.34153	0.27590	0.01338	0.00616	0.00185	0.00283	0.08443	0.00480	0.00429
22	0.01539	0.01175	0.01503	0.07063	0.07282	0.01290	0.06792	0.27993	0.23705	0.10696	0.01440	0.01460	0.01050	0.00602	0.00556	0.00161	0.03972	0.00497	0.00445	0.00779
23	0.01895	0.01396	0.01496	0.01147	0.01546	0.01546	0.00947	0.77711	0.02344	0.03141	0.01197	0.01197	0.00848	0.00598	0.00499	0.00150	0.00548	0.00449	0.00499	0.00848
24	0.00724	0.00487	0.00565	0.00565	0.00572	0.00495	0.00328	0.00738	0.00731	0.00982	0.01551	0.03156	0.01766	0.76089	0.08868	0.00509	0.00552	0.00709	0.00299	0.00314
25	0.01443	0.00931	0.01050	0.00916	0.01187	0.03010	0.00715	0.06740	0.33597	0.23704	0.06485	0.12422	0.03976	0.00802	0.00527	0.00166	0.00399	0.00677	0.00526	0.00725
26	0.50148	0.01072	0.02634	0.01079	0.01425	0.01139	0.20976	0.01540	0.05108	0.01995	0.00904	0.01080	0.00697	0.00482	0.00439	0.00159	0.03019	0.00388	0.05129	0.00587
27	0.01116	0.01165	0.01943	0.01542	0.01690	0.01448	0.23582	0.01316	0.00885	0.01316	0.00758	0.01165	0.00684	0.00739	0.01328	0.00203	0.57827	0.00481	0.00228	0.00583
28	0.05874	0.01240	0.01135	0.01021	0.01298	0.12549	0.00791	0.03487	0.60237	0.01978	0.01755	0.01657	0.01328	0.00638	0.00484	0.00161	0.00464	0.00509	0.02656	0.00738
29	0.06349	0.02261	0.01379	0.01251	0.01503	0.73861	0.00944	0.01939	0.01363	0.01274	0.00763	0.00900	0.00637	0.00522	0.00477	0.00132	0.03288	0.00322	0.00258	0.00575
30	0.00856	0.00459	0.00695	0.05346	0.00815	0.00471	0.00490	0.00688	0.00686	0.00911	0.00968	0.05827	0.00984	0.01651	0.01793	0.75957	0.00439	0.00486	0.00230	0.00246
31	0.00682	0.00498	0.00640	0.00627	0.00736	0.00457	0.00462	0.00887	0.01323	0.01841	0.62079	0.15128	0.10547	0.01117	0.00595	0.00164	0.00244	0.00988	0.00529	0.00457
32	0.00995	0.00973	0.01490	0.76627	0.03323	0.05729	0.01360	0.01315	0.01021	0.01270	0.00879	0.01304	0.00663	0.00499	0.00495	0.00164	0.00678	0.00436	0.00224	0.00555
33	0.01466	0.00815	0.00903	0.00748	0.01000	0.00837	0.00600	0.24152	0.01504	0.17121	0.01564	0.01631	0.01141	0.00593	0.00422	0.00133	0.00363	0.00467	0.43889	0.00652
34	0.03666	0.00813	0.01094	0.00854	0.01208	0.00711	0.00700	0.02246	0.01414	0.69612	0.10505	0.01905	0.01606	0.00659	0.00507	0.00155	0.00402	0.00541	0.00603	0.00800
35	0.01088	0.01035	0.01759	0.42115	0.41458	0.01146	0.01457	0.01402	0.01066	0.01451	0.00912	0.01281	0.00727	0.00471	0.00496	0.00157	0.00628	0.00444	0.00234	0.00672
36	0.00728	0.00495	0.00586	0.00592	0.00614	0.00497	0.00369	0.00772	0.00809	0.01090	0.07244	0.03389	0.02064	0.66170	0.06802	0.00460	0.00513	0.06143	0.00329	0.00334
37	0.01943	0.01346	0.01444	0.01113	0.01506	0.03794	0.00917	0.64580	0.02183	0.14133	0.01295	0.01260	0.00897	0.00598	0.00498	0.00150	0.00541	0.00453	0.00508	0.00840
38	0.01096	0.00923	0.01067	0.00768	0.01208	0.00728	0.00616	0.06787	0.01128	0.01734	0.00908	0.01045	0.00746	0.00386	0.00379	0.00079	0.00382	0.00306	0.00310	0.79403
39	0.01621	0.08663	0.01396	0.01142	0.01392	0.55037	0.00882	0.06170	0.01332	0.01341	0.00900	0.01094	0.00763	0.00979	0.11989	0.00224	0.00888	0.00360	0.03249	0.00576
40	0.59539	0.16830	0.01176	0.00770	0.01095	0.10924	0.00651	0.01534	0.00948	0.01909	0.00703	0.00819	0.00571	0.00462	0.00328	0.00142	0.00476	0.00275	0.00284	0.00564
41	0.01270	0.07199	0.03509	0.02534	0.49952	0.06995	0.18180	0.01576	0.01154	0.01558	0.00923	0.01200	0.00758	0.00443	0.00498	0.00148	0.00667	0.00453	0.00246	0.00737
42	0.00682	0.00497	0.00649	0.00749	0.00807	0.00486	0.00538	0.00869	0.05496	0.01351	0.02655	0.61824	0.03079	0.03591	0.00688	0.00213	0.00331	0.14604	0.00460	0.00434
43	0.00654	0.00513	0.00596	0.00590	0.00733	0.00454	0.00452	0.00833	0.01248	0.01622	0.34722	0.04435	0.42581	0.01174	0.00597	0.00169	0.00263	0.07423	0.00497	0.00444
44	0.14323	0.00865	0.01096	0.00853	0.01228	0.00788	0.00705	0.02290	0.01343	0.68539	0.01783	0.01569	0.01134	0.00595	0.00473	0.00154	0.00419	0.00468	0.00572	0.00804
45	0.01711	0.01305	0.01392	0.01110	0.01476	0.01460	0.00903	0.56607	0.23748	0.02844	0.01431	0.01383	0.01037	0.00620	0.00501	0.00155	0.00505	0.00481	0.00501	0.00831
46	0.01028	0.00514	0.00577	0.00540	0.00686	0.00494	0.00412	0.01256	0.01155	0.10238	0.16139	0.02189	0.01913	0.00666	0.00410	0.00128	0.00253	0.00550	0.60345	0.00507
47	0.39756	0.01025	0.01009	0.00824	0.01159	0.01113	0.00677	0.22868	0.01393	0.17761	0.01154	0.01170	0.00817	0.00540	0.00402	0.00150	0.00427	0.00380	0.06694	0.00681
48	0.01292	0.73038	0.12002	0.00922	0.01386	0.01873	0.00973	0.01503	0.01018	0.01222	0.00717	0.00830	0.00639	0.00432	0.00339	0.00113	0.00558	0.00279	0.00213	0.00651
49	0.01333	0.82783	0.02612	0.00853	0.01279	0.01972	0.00853	0.01493	0.01013	0.01173	0.00693	0.00800	0.00640	0.00426	0.00320	0.00107	0.00533	0.00267	0.00213	0.00640
50	0.01139	0.01088	0.01852	0.28392	0.54780	0.01159	0.01483	0.01447	0.01090	0.01513	0.00921	0.01265	0.00749	0.00462	0.00495	0.00154	0.00616	0.00444	0.00239	0.00713
51	0.01557	0.01145	0.01262	0.01058	0.01379	0.01263	0.00865	0.39112	0.25488	0.07147	0.01706	0.02069	0.01369	0.00736	0.00529	0.00167	0.00481	0.11391	0.00503	0.00774
52	0.00640	0.00459	0.00607	0.00672	0.00730	0.00426	0.00465	0.00776	0.01105	0.01513	0.27987	0.56233	0.03762	0.01382	0.00620	0.00187	0.00271	0.01247	0.00491	0.00426
53	0.01112	0.01081	0.01735	0.42160	0.38340	0.04210	0.01435	0.01419	0.01076	0.01435	0.00905	0.01268	0.00721	0.00474	0.00494	0.00156	0.00640	0.00439	0.00234	0.00663
54	0.00599	0.00486	0.00532	0.00562	0.00690	0.00419	0.00406	0.00719	0.01099	0.01355	0.07651	0.25803	0.55278	0.01333	0.00602	0.00177	0.00262	0.01145	0.00467	0.00419
55	0.00741	0.00493	0.00644	0.00644	0.00673	0.00522	0.00427	0.00768	0.00739	0.01015	0.01391	0.02581	0.01489	0.44910	0.28118	0.12855	0.00756	0.00620	0.00278	0.00337
56	0.01309	0.77057	0.08130	0.00893	0.01342	0.01914	0.00923	0.01499	0.01016	0.01202	0.00707	0.00818	0.00639	0.00430	0.00331	0.00110	0.00548	0.00274	0.00213	0.00647
57	0.00896	0.00660	0.00802	0.00721	0.00924	0.00607	0.00558	0.04394	0.06322	0.04948	0.33702	0.11210	0.10183	0.00953	0.00549	0.00154	0.00313	0.06208	0.00479	0.15419
58	0.07367	0.13574	0.20361	0.01220	0.05724	0.12833	0.03661	0.07969	0.04038	0.10649	0.01266	0.01329	0.05333	0.00556	0.00475	0.00147	0.02065	0.00421	0.00324	0.00688
59	0.01692	0.01267	0.01360	0.01093	0.01452	0.01412	0.00886	0.49896	0.27441	0.05879	0.01502	0.01436	0.01086	0.00625	0.00502	0.00156	0.00493	0.00489	0.00506	0.00828
60	0.82384	0.00961	0.00765	0.04086	0.01069	0.01118	0.00576	0.01457	0.00855	0.02195	0.00702	0.00832	0.00545	0.00464	0.00317	0.00155	0.00397	0.00277	0.00305	0.00540
61	0.01147	0.06679	0.38620	0.04094	0.07796	0.04444	0.24927	0.03571	0.01141	0.01581	0.00923	0.01146	0.00689	0.00458	0.00502	0.00156	0.00746	0.00438	0.00236	0.00706
62	0.00894	0.00464	0.00482	0.00490	0.00599	0.00460	0.00363	0.01115	0.01054	0.01818	0.05011	0.08277	0.01583	0.00677	0.00381	0.00125	0.00237	0.00558	0.74952	0.00460
63	0.00664	0.00512	0.00608	0.00593	0.00726	0.00460	0.00441	0.00868	0.02564	0.01706	0.44860	0.09765	0.32136	0.01143	0.00590	0.00165	0.00248	0.00989	0.00510	0.00453
64	0.01016	0.00960	0.01502	0.33513	0.02173	0.01237	0.05593	0.01221	0.00888	0.01264	0.00822	0.01258	0.00703	0.00729	0.01076	0.04761	0.36327	0.00449	0.03973	0.00535
65	0.01245	0.00998	0.01053	0.00935	0.01199	0.01129	0.00730	0.11956	0.54022	0.02144	0.01984	0.04270	0.03834	0.00698	0.00492	0.00161	0.00386	0.00577	0.11455	0.00732
66	0.00719	0.00481	0.00546	0.00552	0.00553	0.00479	0.00311	0.00723	0.00737	0.00983	0.01634	0.07491	0.01892	0.78145	0.02435	0.00468	0.00473	0.00762	0.00311	0.00308
67	0.01199	0.01022	0.03569	0.01288	0.10804	0.01047	0.06415	0.01947	0.34377	0.08462	0.07267	0.07548	0.01601	0.00779	0.02558	0.00180	0.04486	0.00607	0.00428	0.04414
68	0.01130	0.27646	0.44468	0.01340	0.01946	0.01429	0.12456	0.01554	0.01058	0.01453	0.00847	0.01015	0.00652	0.00451	0.00442	0.00143	0.00688	0.00368	0.00217	0.00697
69	0.01156	0.02147	0.49482	0.06169	0.02228	0.06908	0.15988	0.07102	0.01192	0.01651	0.00928	0.01123	0.00673	0.00477	0.00497	0.00158	0.00750	0.00417	0.00243	0.00710
70	0.01197	0.01138	0.01668	0.29377	0.34664	0.05794	0.01324	0.06977	0.05321	0.01594	0.01026	0.03387	0.00843	0.00532	0.00532	0.00158	0.03039	0.00468	0.00276	0.00683

[dist]
# distance from previous block
# <min> <max>
0	1

[block]
# block no. 8 follows, 50 sequences, length 120
# corresponding to MSA columns:
# 414-533
name=unknown_I
#
# <colnr> <probs for GDERKNQSTAVLIFYWHMCP>
#	G	D	E	R	K	N	Q	S	T	A	V	L	I	F	Y	W	H	M	C	P
0	0.61879	0.00930	0.00843	0.00718	0.01037	0.01017	0.00590	0.03533	0.01036	0.19396	0.04222	0.01136	0.00873	0.00523	0.00367	0.00154	0.00392	0.00352	0.00391	0.00613
1	0.02955	0.00740	0.00976	0.00860	0.01098	0.00712	0.00701	0.04478	0.01241	0.37520	0.02146	0.07116	0.05684	0.06290	0.05356	0.00235	0.03822	0.16930	0.00500	0.00642
2	0.54126	0.00935	0.00846	0.00687	0.01045	0.00948	0.00559	0.01386	0.00918	0.02007	0.00766	0.00894	0.00614	0.00428	0.00331	0.00124	0.00379	0.00279	0.00304	0.32425
3	0.01174	0.01174	0.01308	0.46912	0.02466	0.20017	0.01104	0.01432	0.01099	0.02855	0.00993	0.01350	0.00782	0.02047	0.03254	0.00178	0.00685	0.00425	0.10197	0.00547
4	0.01237	0.04705	0.02527	0.02185	0.21261	0.05557	0.47662	0.01651	0.05136	0.01592	0.01017	0.01297	0.00793	0.00444	0.00542	0.00159	0.00747	0.00524	0.00263	0.00701
5	0.00645	0.00467	0.00609	0.00658	0.00729	0.00431	0.00461	0.00791	0.01142	0.01559	0.32616	0.47616	0.07753	0.01335	0.00615	0.00183	0.00266	0.01197	0.00496	0.00431
6	0.02078	0.00815	0.01106	0.03499	0.01282	0.00721	0.00720	0.02278	0.01379	0.70214	0.01901	0.01699	0.01219	0.00610	0.00488	0.00151	0.00415	0.00496	0.08125	0.00804
7	0.00866	0.00433	0.00649	0.00649	0.00649	0.00433	0.00433	0.00649	0.00649	0.00866	0.00866	0.01515	0.00866	0.01732	0.01948	0.85498	0.00433	0.00433	0.00216	0.00216
8	0.01091	0.01091	0.01527	0.01309	0.01309	0.01527	0.01091	0.01200	0.00763	0.01200	0.00654	0.01091	0.00654	0.00872	0.01636	0.00218	0.81570	0.00436	0.00218	0.00545
9	0.01042	0.00903	0.01105	0.03371	0.05775	0.00708	0.00670	0.01272	0.01038	0.01614	0.00889	0.01054	0.00739	0.00377	0.00380	0.00081	0.00391	0.00309	0.00290	0.77991
10	0.01248	0.53900	0.01988	0.00826	0.01132	0.03197	0.00748	0.05922	0.01009	0.01218	0.00803	0.02365	0.00754	0.00788	0.00751	0.21721	0.00512	0.00340	0.00237	0.00540
11	0.54353	0.01181	0.00973	0.00838	0.01156	0.08415	0.00678	0.15304	0.09349	0.02290	0.00932	0.00998	0.00708	0.00514	0.00376	0.00153	0.00462	0.00338	0.00359	0.00625
12	0.01651	0.01831	0.01383	0.01259	0.04420	0.45106	0.00939	0.12003	0.14675	0.01658	0.01049	0.01133	0.00831	0.00561	0.00524	0.00141	0.04863	0.00389	0.00331	0.05253
13	0.00755	0.00566	0.00724	0.00800	0.00904	0.00566	0.00625	0.01051	0.09521	0.01480	0.05700	0.34752	0.08628	0.01350	0.00637	0.00205	0.00362	0.30432	0.00469	0.00472
14	0.00670	0.00500	0.00614	0.00600	0.00715	0.00453	0.00439	0.00854	0.01268	0.01724	0.50635	0.11106	0.21825	0.05534	0.00698	0.00181	0.00258	0.00974	0.00507	0.00444
15	0.07083	0.00855	0.01132	0.00873	0.01255	0.00755	0.00721	0.02373	0.01393	0.75236	0.01893	0.01645	0.01194	0.00608	0.00490	0.00154	0.00422	0.00488	0.00599	0.00830
16	0.00687	0.00530	0.00630	0.00603	0.00743	0.00484	0.00453	0.00931	0.04489	0.01772	0.49840	0.05235	0.29583	0.01095	0.00586	0.00162	0.00248	0.00946	0.00517	0.00466
17	0.12118	0.00862	0.01107	0.00860	0.01236	0.00778	0.00710	0.02315	0.01358	0.70579	0.01816	0.01592	0.01152	0.00599	0.00479	0.00154	0.00420	0.00474	0.00581	0.00812
18	0.00690	0.00554	0.00881	0.00880	0.00973	0.00520	0.09878	0.00826	0.00994	0.01326	0.02528	0.67271	0.02959	0.01410	0.00634	0.00200	0.00368	0.06230	0.00437	0.00441
19	0.23072	0.21383	0.11109	0.00976	0.01394	0.01479	0.00921	0.26601	0.05215	0.02185	0.00949	0.01016	0.00725	0.00510	0.00404	0.00142	0.00519	0.00354	0.00345	0.00702
20	0.01377	0.01380	0.00937	0.00872	0.01062	0.37515	0.00655	0.01621	0.05186	0.01575	0.01251	0.01415	0.00996	0.00555	0.00403	0.00125	0.00549	0.00403	0.41592	0.00534
21	0.06555	0.01641	0.01180	0.05154	0.01395	0.44838	0.00825	0.01822	0.01281	0.12422	0.01085	0.01198	0.00831	0.00545	0.00463	0.00136	0.02665	0.00377	0.14995	0.00592
22	0.00989	0.00933	0.01517	0.66250	0.03086	0.01145	0.04451	0.01429	0.09160	0.01369	0.01002	0.01376	0.00758	0.00529	0.00550	0.00169	0.03990	0.00461	0.00253	0.00583
23	0.00667	0.00508	0.00613	0.00587	0.00721	0.00454	0.00440	0.00867	0.01321	0.01785	0.54834	0.04075	0.29113	0.01099	0.00588	0.00161	0.00241	0.00951	0.00521	0.00454
24	0.01234	0.01184	0.02023	0.03059	0.79373	0.01184	0.01530	0.01530	0.01135	0.01628	0.00938	0.01234	0.00790	0.00444	0.00493	0.00148	0.00592	0.00444	0.00247	0.00790
25	0.00604	0.00496	0.00531	0.00542	0.00687	0.00424	0.00399	0.00737	0.01142	0.01407	0.12674	0.14478	0.61604	0.01274	0.00595	0.00171	0.00255	0.01082	0.00472	0.00424
26	0.00723	0.00490	0.00576	0.00576	0.00587	0.00501	0.00342	0.00746	0.00734	0.00990	0.01541	0.03099	0.01741	0.72625	0.12297	0.00523	0.00590	0.00701	0.00298	0.00320
27	0.01333	0.82783	0.02612	0.00853	0.01279	0.01972	0.00853	0.01493	0.01013	0.01173	0.00693	0.00800	0.00640	0.00426	0.00320	0.00107	0.00533	0.00267	0.00213	0.00640
28	0.00656	0.00503	0.00631	0.03937	0.00830	0.00465	0.00480	0.00825	0.01194	0.01590	0.34488	0.24959	0.25195	0.01212	0.00597	0.00173	0.00272	0.01063	0.00488	0.00442
29	0.07855	0.01083	0.01296	0.17662	0.12621	0.10080	0.00978	0.07870	0.02671	0.12633	0.14456	0.01745	0.01505	0.00634	0.00538	0.00157	0.03501	0.01695	0.00379	0.00642
30	0.11623	0.01082	0.06755	0.00952	0.01279	0.05945	0.06195	0.07153	0.05462	0.21290	0.04159	0.02292	0.18314	0.00751	0.00527	0.00161	0.01896	0.03077	0.00439	0.00648
31	0.07263	0.01174	0.01755	0.30832	0.06619	0.02668	0.16250	0.23805	0.01432	0.01971	0.00989	0.01244	0.00734	0.00507	0.00502	0.00159	0.00646	0.00459	0.00317	0.00676
32	0.01149	0.01634	0.24683	0.02297	0.33830	0.01200	0.24749	0.01564	0.01124	0.01604	0.00947	0.01215	0.00734	0.00445	0.00517	0.00157	0.00709	0.00466	0.00238	0.00739
33	0.00607	0.00434	0.00578	0.00694	0.00723	0.00405	0.00463	0.00694	0.00954	0.01272	0.02747	0.82157	0.03297	0.01562	0.00636	0.00202	0.00289	0.01417	0.00463	0.00405
34	0.00606	0.00486	0.00541	0.00568	0.00694	0.00421	0.00410	0.00732	0.01114	0.01391	0.11777	0.25560	0.51314	0.01319	0.00602	0.00176	0.00261	0.01136	0.00471	0.00421
35	0.01176	0.01345	0.02941	0.02101	0.02605	0.01261	0.77563	0.01597	0.01176	0.01597	0.01008	0.01345	0.00756	0.00420	0.00588	0.00168	0.00840	0.00588	0.00252	0.00672
36	0.00664	0.00488	0.00696	0.00753	0.00814	0.00520	0.00550	0.00800	0.00879	0.01217	0.02020	0.39733	0.02236	0.02677	0.41687	0.00511	0.00829	0.02139	0.00362	0.00426
37	0.00712	0.00534	0.00801	0.00801	0.00890	0.00623	0.00623	0.00890	0.00801	0.01157	0.01335	0.01958	0.01246	0.03738	0.80507	0.00801	0.01335	0.00534	0.00267	0.00445
38	0.01005	0.01010	0.02954	0.30883	0.12113	0.04262	0.16246	0.01321	0.01172	0.01567	0.20483	0.01897	0.01707	0.00606	0.00535	0.00160	0.00594	0.00580	0.00314	0.00590
39	0.00753	0.00638	0.00671	0.00638	0.00790	0.04822	0.00480	0.01002	0.05262	0.01722	0.43724	0.03869	0.31663	0.01063	0.00577	0.00160	0.00286	0.00908	0.00499	0.00474
40	0.00954	0.00875	0.01206	0.01068	0.01081	0.01165	0.00851	0.01051	0.00761	0.01144	0.00954	0.01686	0.00992	0.18639	0.14046	0.00365	0.51929	0.00513	0.00243	0.00478
41	0.01662	0.19399	0.07656	0.01054	0.01459	0.04065	0.00946	0.40520	0.01755	0.10113	0.02497	0.04519	0.00983	0.00597	0.00463	0.00143	0.00543	0.00451	0.00417	0.00760
42	0.25877	0.07035	0.12675	0.00939	0.03835	0.00988	0.00846	0.01819	0.01128	0.31601	0.01275	0.01273	0.00884	0.00554	0.00450	0.01960	0.00461	0.00393	0.05315	0.00691
43	0.06848	0.00907	0.01072	0.00795	0.01212	0.00758	0.00645	0.05538	0.01199	0.23466	0.01190	0.01212	0.00869	0.00456	0.00409	0.00105	0.00395	0.00359	0.00396	0.52169
44	0.00702	0.00509	0.00662	0.00624	0.00743	0.00469	0.00468	0.00935	0.01404	0.01982	0.77155	0.03752	0.06669	0.01025	0.00588	0.00157	0.00236	0.00905	0.00546	0.00469
45	0.01811	0.02288	0.01383	0.01261	0.01513	0.76333	0.00948	0.01962	0.02536	0.01253	0.02356	0.01052	0.00774	0.00541	0.00457	0.00131	0.00871	0.01682	0.00270	0.00577
46	0.01543	0.40912	0.01979	0.00973	0.01368	0.01697	0.00871	0.32749	0.07266	0.02067	0.01026	0.01073	0.00810	0.00520	0.00408	0.00129	0.00520	0.00369	0.02989	0.00730
47	0.00641	0.00465	0.00605	0.00659	0.00728	0.00429	0.00460	0.00782	0.01126	0.01532	0.29684	0.49930	0.08404	0.01353	0.00616	0.00184	0.00268	0.01214	0.00493	0.00429
48	0.01877	0.30927	0.01682	0.00870	0.01266	0.01183	0.00772	0.02059	0.01274	0.49491	0.02876	0.01403	0.01078	0.00554	0.00436	0.00137	0.00461	0.00422	0.00467	0.00765
49	0.00724	0.00484	0.00549	0.00547	0.00552	0.00483	0.00309	0.00734	0.00753	0.01009	0.04778	0.03281	0.01932	0.79113	0.02456	0.00470	0.00473	0.00732	0.00312	0.00309
50	0.01091	0.01091	0.01527	0.01309	0.01309	0.01527	0.01091	0.01200	0.00763	0.01200	0.00654	0.01091	0.00654	0.00872	0.01636	0.00218	0.81570	0.00436	0.00218	0.00545
51	0.01039	0.00891	0.01036	0.00745	0.01184	0.00679	0.00596	0.01290	0.02968	0.01636	0.00914	0.01054	0.00758	0.00377	0.00373	0.00076	0.00370	0.00302	0.00301	0.83413
52	0.04098	0.01550	0.01377	0.01130	0.01459	0.21308	0.00899	0.50058	0.01951	0.02475	0.01206	0.07933	0.00994	0.00654	0.00493	0.00149	0.00610	0.00493	0.00429	0.00734
