[name]
unknown

[dist]
# distance from previous block
# <min> <max>
26	87

[block]
# block no. 0 follows, 46 sequences, length 17
# corresponding to MSA columns:
# 838-852,869,870
name=unknown_A
#
# <colnr> <probs for GDERKNQSTAVLIFYWHMCP>
#	G	D	E	R	K	N	Q	S	T	A	V	L	I	F	Y	W	H	M	C	P
0	0.04566	0.28997	0.06108	0.01032	0.01402	0.10992	0.00922	0.19453	0.01474	0.01875	0.03105	0.08957	0.02941	0.00703	0.00473	0.00149	0.00578	0.03711	0.00360	0.02203
1	0.03830	0.30892	0.07773	0.00982	0.01355	0.06906	0.00893	0.07987	0.08500	0.06801	0.02651	0.11044	0.02676	0.02054	0.00501	0.00154	0.00536	0.00543	0.00364	0.03558
2	0.15104	0.00953	0.01009	0.00851	0.01115	0.01003	0.00664	0.25195	0.01498	0.03581	0.08184	0.04933	0.04609	0.13909	0.02440	0.00229	0.00474	0.02942	0.03727	0.07580
3	0.20120	0.01176	0.08264	0.02784	0.01196	0.10447	0.00759	0.06240	0.02351	0.03991	0.01351	0.08508	0.01318	0.19477	0.04661	0.03633	0.00595	0.02240	0.00345	0.00543
4	0.37016	0.11225	0.07807	0.00989	0.01398	0.05149	0.00890	0.25871	0.01482	0.02437	0.00931	0.01017	0.00705	0.00536	0.00416	0.00155	0.00541	0.00359	0.00369	0.00711
5	0.01815	0.11368	0.09001	0.01199	0.01654	0.01641	0.01075	0.56813	0.05607	0.02869	0.01214	0.01236	0.00883	0.00604	0.00504	0.00155	0.00591	0.00450	0.00463	0.00858
6	0.01166	0.11927	0.44105	0.01675	0.02334	0.01370	0.26709	0.01670	0.01155	0.01628	0.00963	0.01187	0.00715	0.00477	0.00523	0.00164	0.00792	0.00456	0.00238	0.00746
7	0.00942	0.05049	0.39785	0.01056	0.01467	0.00937	0.01163	0.01257	0.00956	0.01359	0.01267	0.02176	0.01242	0.37483	0.01496	0.00323	0.00649	0.00559	0.00268	0.00566
8	0.01799	0.01887	0.01432	0.01276	0.04113	0.41018	0.00961	0.26813	0.01783	0.02008	0.01528	0.01575	0.10174	0.00669	0.00514	0.00150	0.00734	0.00485	0.00385	0.00696
9	0.00666	0.00537	0.00593	0.00579	0.00739	0.00464	0.00434	0.00839	0.01303	0.01660	0.29648	0.04706	0.53471	0.01252	0.00624	0.00174	0.00262	0.01062	0.00521	0.00464
10	0.01096	0.00940	0.01096	0.00783	0.01253	0.00705	0.00626	0.01331	0.01096	0.01723	0.00940	0.01096	0.00783	0.00392	0.00392	0.00078	0.00392	0.00313	0.00313	0.84653
11	0.02290	0.00968	0.01346	0.01024	0.01440	0.00868	0.04470	0.08007	0.01572	0.69171	0.01976	0.01742	0.01254	0.00643	0.00536	0.00164	0.00481	0.00532	0.00626	0.00891
12	0.02010	0.01481	0.01587	0.01216	0.01639	0.01639	0.01005	0.76360	0.02486	0.03332	0.01269	0.01269	0.00899	0.00635	0.00529	0.00159	0.00582	0.00476	0.00529	0.00899
13	0.01248	0.01426	0.03119	0.02228	0.02763	0.01337	0.76203	0.01693	0.01248	0.01693	0.01070	0.01426	0.00802	0.00446	0.00624	0.00178	0.00891	0.00624	0.00267	0.00713
14	0.01356	0.01828	0.43176	0.01206	0.01747	0.00977	0.01365	0.01761	0.01186	0.21862	0.01468	0.01927	0.01160	0.10475	0.00793	0.00214	0.00640	0.05756	0.00368	0.00735
15	0.01377	0.01018	0.01391	0.01109	0.01375	0.03893	0.07932	0.01592	0.01199	0.18124	0.12710	0.01748	0.01521	0.00713	0.00840	0.00164	0.21865	0.00533	0.03275	0.17620
16	0.01540	0.01287	0.01561	0.01263	0.01633	0.01426	0.10081	0.27322	0.42885	0.02524	0.01724	0.01670	0.01275	0.00656	0.00545	0.00172	0.00531	0.00560	0.00502	0.00843

[dist]
# distance from previous block
# <min> <max>
0	1

[block]
# block no. 1 follows, 46 sequences, length 11
# corresponding to MSA columns:
# 872-882
name=unknown_B
#
# <colnr> <probs for GDERKNQSTAVLIFYWHMCP>
#	G	D	E	R	K	N	Q	S	T	A	V	L	I	F	Y	W	H	M	C	P
0	0.01273	0.01288	0.02462	0.25347	0.02879	0.01328	0.44111	0.11314	0.01352	0.01804	0.01057	0.01401	0.00786	0.00495	0.00583	0.00175	0.00795	0.00559	0.00292	0.00700
1	0.00998	0.00940	0.01586	0.80150	0.03641	0.01175	0.01468	0.01351	0.01057	0.01351	0.00940	0.01409	0.00705	0.00529	0.00529	0.00176	0.00705	0.00470	0.00235	0.00587
2	0.00760	0.00547	0.00751	0.00751	0.00812	0.00607	0.00538	0.00881	0.00821	0.01154	0.01506	0.02575	0.01538	0.31858	0.51728	0.00728	0.01091	0.00639	0.00297	0.00417
3	0.00642	0.00470	0.00603	0.00710	0.00760	0.00432	0.00479	0.00739	0.01037	0.01360	0.03232	0.71181	0.13186	0.01615	0.00668	0.00210	0.00302	0.01452	0.00491	0.00432
4	0.02010	0.01481	0.01587	0.01216	0.01639	0.01639	0.01005	0.76360	0.02486	0.03332	0.01269	0.01269	0.00899	0.00635	0.00529	0.00159	0.00582	0.00476	0.00529	0.00899
5	0.01248	0.01426	0.03119	0.02228	0.02763	0.01337	0.76203	0.01693	0.01248	0.01693	0.01070	0.01426	0.00802	0.00446	0.00624	0.00178	0.00891	0.00624	0.00267	0.00713
6	0.01055	0.01018	0.01598	0.51787	0.02830	0.01335	0.01356	0.01322	0.00968	0.01322	0.00851	0.01318	0.00701	0.00671	0.00963	0.00196	0.29424	0.00467	0.00234	0.00584
7	0.01967	0.01460	0.01563	0.01208	0.01623	0.01620	0.00994	0.71846	0.07069	0.03263	0.01323	0.01312	0.00943	0.00640	0.00529	0.00160	0.00572	0.00483	0.00529	0.00895
8	0.01519	0.01282	0.01085	0.00969	0.01230	0.24163	0.00748	0.01847	0.10604	0.18714	0.09583	0.05196	0.17033	0.00864	0.00554	0.00165	0.00537	0.02780	0.00476	0.00650
9	0.00861	0.00604	0.00768	0.11005	0.01177	0.00571	0.00606	0.01019	0.01160	0.09429	0.03711	0.26940	0.37666	0.01257	0.00617	0.00187	0.00355	0.01086	0.00475	0.00507
10	0.01150	0.00875	0.01520	0.01264	0.01530	0.00830	0.23193	0.01472	0.05934	0.13022	0.02178	0.30790	0.02190	0.01062	0.00637	0.00198	0.00533	0.10554	0.00451	0.00617

[dist]
# distance from previous block
# <min> <max>
6	16

[block]
# block no. 2 follows, 46 sequences, length 23
# corresponding to MSA columns:
# 899-921
name=unknown_C
#
# <colnr> <probs for GDERKNQSTAVLIFYWHMCP>
#	G	D	E	R	K	N	Q	S	T	A	V	L	I	F	Y	W	H	M	C	P
0	0.22561	0.01112	0.01131	0.00961	0.01265	0.01234	0.00765	0.34010	0.09129	0.02571	0.01541	0.16083	0.01384	0.00796	0.00501	0.00171	0.00461	0.00632	0.02980	0.00711
1	0.03193	0.01143	0.01770	0.23244	0.02297	0.01232	0.18567	0.23699	0.01562	0.02117	0.08603	0.07428	0.01398	0.00676	0.00566	0.00173	0.00632	0.00626	0.00384	0.00689
2	0.01018	0.00978	0.01707	0.73980	0.03572	0.01187	0.07386	0.01378	0.01072	0.01378	0.00950	0.01411	0.00712	0.00522	0.00536	0.00176	0.00719	0.00482	0.00237	0.00597
3	0.01230	0.01068	0.01687	0.01260	0.01690	0.00954	0.23175	0.01675	0.10151	0.07401	0.05808	0.01712	0.01263	0.00549	0.00515	0.00138	0.00543	0.03473	0.00374	0.35331
4	0.01096	0.00940	0.01096	0.00783	0.01253	0.00705	0.00626	0.01331	0.01096	0.01723	0.00940	0.01096	0.00783	0.00392	0.00392	0.00078	0.00392	0.00313	0.00313	0.84653
5	0.01536	0.01636	0.01329	0.04281	0.07669	0.36354	0.00940	0.04761	0.12476	0.04309	0.11425	0.07929	0.01652	0.00729	0.00530	0.00158	0.00664	0.00578	0.00390	0.00654
6	0.01884	0.01985	0.01479	0.01273	0.01596	0.43232	0.00988	0.25224	0.13452	0.02067	0.01163	0.01208	0.00892	0.00599	0.00502	0.00150	0.00756	0.00422	0.00393	0.00736
7	0.00760	0.00549	0.00760	0.00760	0.00824	0.00612	0.00549	0.00887	0.00823	0.01161	0.01498	0.02529	0.01518	0.29304	0.54255	0.00739	0.01120	0.00633	0.00295	0.00422
8	0.00765	0.00526	0.00645	0.00645	0.00669	0.00550	0.00406	0.00813	0.00789	0.01076	0.01603	0.03112	0.01771	0.61947	0.21958	0.00597	0.00740	0.00718	0.00311	0.00358
9	0.01060	0.02735	0.78682	0.01507	0.02288	0.01228	0.01953	0.01674	0.01116	0.01674	0.00949	0.01116	0.00670	0.00502	0.00502	0.00167	0.00781	0.00391	0.00223	0.00781
10	0.01200	0.00893	0.01056	0.00975	0.01157	0.00965	0.00754	0.28838	0.01565	0.02101	0.02163	0.39814	0.02326	0.01216	0.00688	0.00198	0.05145	0.07839	0.00489	0.00618
11	0.00958	0.00585	0.00772	0.00704	0.00863	0.00533	0.00535	0.01195	0.01480	0.12131	0.65060	0.06574	0.04448	0.01046	0.00613	0.00168	0.00278	0.00921	0.00588	0.00549
12	0.00649	0.00464	0.00618	0.00733	0.00768	0.00433	0.00491	0.00749	0.01037	0.01388	0.06704	0.77175	0.03572	0.01627	0.00672	0.00212	0.00304	0.01475	0.00495	0.00433
13	0.00889	0.00683	0.00776	0.00768	0.00910	0.00691	0.00564	0.07081	0.12346	0.01650	0.06155	0.22815	0.20344	0.14425	0.00965	0.00246	0.00383	0.07314	0.00476	0.00520
14	0.01168	0.01134	0.01665	0.23353	0.26969	0.08316	0.05723	0.01466	0.01197	0.01546	0.01421	0.02480	0.01339	0.00741	0.00578	0.00183	0.00659	0.19096	0.00312	0.00653
15	0.02083	0.00894	0.01138	0.00893	0.01252	0.00826	0.00731	0.10858	0.01553	0.56173	0.01927	0.01769	0.01270	0.00645	0.00502	0.00156	0.00429	0.00518	0.15556	0.00827
16	0.76846	0.01062	0.01009	0.00847	0.01195	0.01201	0.08062	0.01568	0.00934	0.02305	0.00769	0.00915	0.00595	0.00486	0.00357	0.00165	0.00457	0.00320	0.00321	0.00586
17	0.00816	0.00539	0.00711	0.00702	0.00817	0.00495	0.00513	0.01017	0.01356	0.06520	0.51410	0.26306	0.04330	0.01223	0.00633	0.00180	0.00278	0.01090	0.00560	0.00503
18	0.01368	0.09435	0.08381	0.01616	0.02067	0.05300	0.34984	0.16585	0.01453	0.01915	0.01273	0.10733	0.01112	0.00637	0.00566	0.00169	0.00722	0.00632	0.00339	0.00714
19	0.00644	0.00460	0.00613	0.00736	0.00767	0.00429	0.00491	0.00736	0.01012	0.01350	0.02914	0.81076	0.03497	0.01656	0.00675	0.00215	0.00307	0.01503	0.00491	0.00429
20	0.01426	0.64481	0.02447	0.00956	0.01374	0.05960	0.00900	0.01810	0.13518	0.01404	0.00970	0.01037	0.00831	0.00500	0.00379	0.00125	0.00561	0.00337	0.00279	0.00701
21	0.01282	0.16655	0.36092	0.01539	0.02139	0.01392	0.21280	0.01721	0.01164	0.07670	0.01023	0.01204	0.00758	0.00504	0.00548	0.00162	0.03403	0.00446	0.00270	0.00747
22	0.21991	0.07863	0.03562	0.07133	0.01461	0.03338	0.00788	0.03337	0.02859	0.12310	0.01060	0.01158	0.00803	0.00488	0.00413	0.00130	0.00476	0.00359	0.00356	0.30114

[dist]
# distance from previous block
# <min> <max>
1	4

[block]
# block no. 3 follows, 46 sequences, length 41
# corresponding to MSA columns:
# 926-948,951-968
name=unknown_D
#
# <colnr> <probs for GDERKNQSTAVLIFYWHMCP>
#	G	D	E	R	K	N	Q	S	T	A	V	L	I	F	Y	W	H	M	C	P
0	0.01638	0.01421	0.01287	0.01082	0.01391	0.19424	0.00851	0.25304	0.12378	0.07730	0.17204	0.01881	0.01821	0.00711	0.00533	0.00155	0.00561	0.00559	0.00483	0.03587
1	0.00726	0.00515	0.00641	0.00654	0.00717	0.00496	0.00441	0.00844	0.01081	0.01476	0.25934	0.20356	0.07898	0.28964	0.06625	0.00342	0.00431	0.00994	0.00447	0.00418
2	0.00764	0.00576	0.00711	0.00679	0.00817	0.00543	0.00508	0.01073	0.06510	0.01992	0.58978	0.07934	0.14681	0.01121	0.00621	0.00171	0.00266	0.00982	0.00562	0.00511
3	0.00650	0.00464	0.00620	0.00743	0.00776	0.00434	0.00501	0.00746	0.01018	0.01356	0.02911	0.79007	0.03484	0.01651	0.00676	0.00215	0.00312	0.03515	0.00491	0.00431
4	0.01717	0.01313	0.01640	0.10829	0.21589	0.06538	0.01171	0.26377	0.07128	0.14401	0.01323	0.01409	0.00962	0.00583	0.00525	0.00161	0.00600	0.00482	0.00429	0.00823
5	0.01019	0.00562	0.00527	0.00522	0.00651	0.03171	0.00392	0.01262	0.01122	0.01948	0.01694	0.01936	0.01332	0.00613	0.00373	0.00124	0.00270	0.00488	0.81498	0.00497
6	0.01281	0.52163	0.31188	0.01130	0.01705	0.01768	0.01297	0.01617	0.01090	0.01405	0.00815	0.00948	0.00675	0.00471	0.00400	0.00133	0.00646	0.00323	0.00225	0.00717
7	0.01134	0.01075	0.01423	0.01161	0.01337	0.01277	0.00958	0.01294	0.00917	0.01441	0.00786	0.01134	0.00727	0.00725	0.01232	0.00174	0.50482	0.00407	0.00262	0.32052
8	0.00662	0.00532	0.00590	0.00587	0.00740	0.00460	0.00436	0.00826	0.01277	0.01623	0.26206	0.09857	0.51775	0.01285	0.00628	0.00177	0.00265	0.01095	0.00517	0.00460
9	0.01568	0.01025	0.01239	0.01118	0.06435	0.01059	0.00829	0.21189	0.15818	0.18616	0.21390	0.02205	0.02171	0.00754	0.00553	0.00164	0.00437	0.00631	0.00549	0.02250
10	0.00726	0.00519	0.00564	0.00564	0.00618	0.00493	0.00345	0.00766	0.00900	0.01146	0.02774	0.03949	0.24752	0.57360	0.02070	0.00412	0.00439	0.00873	0.00372	0.00358
11	0.00775	0.00558	0.00744	0.00745	0.00869	0.00527	0.00590	0.01023	0.01424	0.01981	0.58433	0.04470	0.04485	0.01179	0.00651	0.00186	0.00311	0.19996	0.00557	0.00496
12	0.01591	0.01443	0.01489	0.10361	0.01728	0.16525	0.01049	0.25061	0.01560	0.05835	0.01310	0.01478	0.05970	0.00728	0.00837	0.00177	0.21300	0.00491	0.00372	0.00694
13	0.01229	0.01160	0.01920	0.15296	0.57277	0.01206	0.01489	0.01619	0.05914	0.01718	0.05175	0.01507	0.01087	0.00528	0.00530	0.00162	0.00607	0.00505	0.00292	0.00779
14	0.00664	0.00471	0.00615	0.00714	0.00747	0.00443	0.00473	0.00756	0.01016	0.01362	0.07431	0.67832	0.03418	0.10308	0.00891	0.00244	0.00326	0.01389	0.00478	0.00422
15	0.01079	0.01021	0.01731	0.60258	0.22907	0.01196	0.01508	0.01421	0.01095	0.01448	0.00954	0.01383	0.00739	0.00514	0.00527	0.00171	0.00685	0.00470	0.00242	0.00652
16	0.05928	0.18595	0.26744	0.01340	0.06859	0.04348	0.01291	0.20371	0.04053	0.02056	0.03025	0.01195	0.00880	0.00546	0.00470	0.00152	0.00636	0.00409	0.00330	0.00770
17	0.00750	0.00712	0.05971	0.00781	0.00965	0.00564	0.02874	0.00978	0.01286	0.01718	0.30947	0.13476	0.24820	0.01215	0.00636	0.00186	0.00348	0.10773	0.00499	0.00499
18	0.00698	0.00483	0.00597	0.00667	0.00684	0.00466	0.00416	0.00750	0.00906	0.01208	0.02370	0.47240	0.02810	0.36428	0.01554	0.00345	0.00396	0.01183	0.00416	0.00382
19	0.01155	0.05509	0.01340	0.30616	0.02116	0.06441	0.01044	0.07723	0.06829	0.03538	0.07971	0.09612	0.01751	0.00835	0.00566	0.00181	0.00570	0.11210	0.00383	0.00610
20	0.05954	0.01258	0.01581	0.08165	0.19171	0.02869	0.03508	0.19585	0.28007	0.02267	0.01444	0.01512	0.01094	0.00602	0.00522	0.00167	0.00553	0.00509	0.00423	0.00808
21	0.01911	0.01639	0.01349	0.01144	0.01441	0.32983	0.00899	0.15601	0.01593	0.19792	0.01287	0.01333	0.00942	0.00620	0.00572	0.00152	0.06026	0.00435	0.09564	0.00717
22	0.08988	0.01103	0.01443	0.01092	0.01520	0.01049	0.10180	0.14168	0.07745	0.21639	0.01385	0.01397	0.00989	0.00541	0.00485	0.00142	0.00504	0.00456	0.00450	0.24726
23	0.03192	0.29613	0.04126	0.01415	0.11771	0.21768	0.01075	0.17850	0.01503	0.01804	0.00912	0.01035	0.00746	0.00520	0.00444	0.00137	0.00680	0.00367	0.00310	0.00731
24	0.00801	0.00588	0.00827	0.00814	0.00903	0.00668	0.00613	0.03492	0.00891	0.01264	0.01455	0.02293	0.01413	0.17505	0.63121	0.00767	0.01228	0.00599	0.00298	0.00460
25	0.01243	0.01068	0.01391	0.01115	0.03750	0.02988	0.09739	0.03068	0.15031	0.05598	0.03928	0.01595	0.01182	0.00540	0.00481	0.00127	0.00482	0.02913	0.00382	0.43379
26	0.01443	0.32367	0.20688	0.06126	0.05846	0.01510	0.01211	0.03871	0.07781	0.12718	0.01146	0.01219	0.00865	0.00527	0.00451	0.00147	0.00601	0.00399	0.00325	0.00758
27	0.01763	0.02130	0.01658	0.01804	0.19506	0.55695	0.01171	0.01939	0.01382	0.01394	0.00850	0.01050	0.00718	0.00554	0.00574	0.00148	0.06354	0.00379	0.00267	0.00663
28	0.00765	0.00540	0.00689	0.00695	0.00814	0.00497	0.00521	0.00959	0.01315	0.03801	0.41514	0.18402	0.15132	0.03650	0.00703	0.00195	0.00300	0.08493	0.00536	0.00482
29	0.01222	0.28786	0.37506	0.01538	0.08088	0.01532	0.11172	0.01642	0.01126	0.01537	0.00897	0.01082	0.00703	0.00476	0.00465	0.00150	0.00711	0.00391	0.00233	0.00743
30	0.01126	0.10289	0.01427	0.21507	0.01895	0.01225	0.01033	0.01789	0.25940	0.01668	0.01727	0.02567	0.01540	0.00824	0.00637	0.00189	0.05897	0.17672	0.00391	0.00655
31	0.00769	0.00513	0.00577	0.00577	0.00577	0.00513	0.00320	0.00769	0.00769	0.01025	0.01666	0.03460	0.01922	0.81421	0.02691	0.00513	0.00513	0.00769	0.00320	0.00320
32	0.01014	0.00900	0.01441	0.02051	0.41949	0.00881	0.01091	0.01251	0.01201	0.01679	0.14152	0.22737	0.05619	0.00918	0.00584	0.00175	0.00467	0.00848	0.00384	0.00659
33	0.01770	0.01297	0.01376	0.01245	0.06203	0.10815	0.00932	0.12458	0.28297	0.22988	0.01700	0.01620	0.01222	0.00664	0.00591	0.00168	0.04816	0.00516	0.00502	0.00821
34	0.85155	0.01022	0.00777	0.00695	0.01022	0.01186	0.00573	0.01554	0.00900	0.02372	0.00736	0.00859	0.00573	0.00491	0.00327	0.00164	0.00409	0.00286	0.00327	0.00573
35	0.00651	0.00485	0.00590	0.00669	0.00735	0.00442	0.00451	0.00745	0.01039	0.01339	0.03425	0.53946	0.22593	0.09256	0.00856	0.00234	0.00316	0.01332	0.00474	0.00423
36	0.01405	0.01977	0.23032	0.07902	0.11089	0.25784	0.03230	0.06227	0.01356	0.01653	0.05179	0.01606	0.01104	0.00616	0.00525	0.00162	0.00753	0.05410	0.00301	0.00690
37	0.01644	0.17585	0.03609	0.01017	0.01377	0.01128	0.05485	0.05545	0.08833	0.31000	0.03163	0.14232	0.01555	0.00768	0.00522	0.00164	0.00487	0.00649	0.00486	0.00751
38	0.01913	0.01030	0.01232	0.01006	0.01370	0.01044	0.00811	0.09377	0.29176	0.42001	0.02111	0.01891	0.03169	0.00691	0.00536	0.00169	0.00446	0.00564	0.00597	0.00866
39	0.00958	0.00664	0.00865	0.00907	0.01029	0.00679	0.00729	0.09695	0.02792	0.01645	0.02354	0.21767	0.02552	0.01450	0.00890	0.12811	0.00451	0.36816	0.00455	0.00490
40	0.07624	0.01220	0.01565	0.06568	0.23302	0.04489	0.01099	0.19388	0.01553	0.20367	0.01286	0.01361	0.00927	0.00556	0.00502	0.00154	0.00562	0.00457	0.00425	0.06597

[dist]
# distance from previous block
# <min> <max>
0	3

[block]
# block no. 4 follows, 46 sequences, length 17
# corresponding to MSA columns:
# 976-992
name=unknown_E
#
# <colnr> <probs for GDERKNQSTAVLIFYWHMCP>
#	G	D	E	R	K	N	Q	S	T	A	V	L	I	F	Y	W	H	M	C	P
0	0.01287	0.05888	0.06686	0.04071	0.36928	0.01214	0.01247	0.03844	0.17021	0.05369	0.01744	0.01839	0.09301	0.00631	0.00526	0.00163	0.00544	0.00554	0.00364	0.00780
1	0.05924	0.00973	0.01148	0.01032	0.01231	0.10260	0.08813	0.04493	0.01153	0.01587	0.01757	0.21993	0.01818	0.03450	0.11118	0.00277	0.02815	0.08408	0.05781	0.05972
2	0.01246	0.00725	0.00872	0.00770	0.00933	0.00714	0.00553	0.11875	0.01294	0.16903	0.13126	0.11254	0.02280	0.33450	0.01433	0.00310	0.00449	0.00787	0.00473	0.00555
3	0.00985	0.00977	0.01429	0.10878	0.01683	0.09240	0.18695	0.01204	0.01145	0.01458	0.06236	0.36638	0.02240	0.03831	0.00690	0.00200	0.00568	0.00985	0.00382	0.00536
4	0.01308	0.01256	0.02146	0.03245	0.78123	0.01256	0.01622	0.01622	0.01204	0.01727	0.00994	0.01308	0.00837	0.00471	0.00523	0.00157	0.00628	0.00471	0.00262	0.00837
5	0.00655	0.00469	0.00623	0.00728	0.00769	0.00437	0.00492	0.00764	0.01064	0.01433	0.10986	0.72767	0.03657	0.01594	0.00669	0.00209	0.00301	0.01444	0.00501	0.00437
6	0.00644	0.00460	0.00613	0.00736	0.00767	0.00429	0.00491	0.00736	0.01012	0.01350	0.02914	0.81076	0.03497	0.01656	0.00675	0.00215	0.00307	0.01503	0.00491	0.00429
7	0.01439	0.01887	0.32639	0.04019	0.01904	0.01374	0.01361	0.29069	0.14904	0.02356	0.01373	0.01420	0.02635	0.00608	0.00522	0.00167	0.00631	0.00477	0.00396	0.00820
8	0.51153	0.00808	0.00662	0.00613	0.00858	0.00906	0.00491	0.01424	0.00984	0.02210	0.01135	0.01308	0.00889	0.00541	0.00344	0.00147	0.00343	0.00370	0.34272	0.00540
9	0.00985	0.00493	0.00493	0.00493	0.00616	0.00493	0.00370	0.01232	0.01109	0.01971	0.01725	0.01971	0.01355	0.00616	0.00370	0.00123	0.00246	0.00493	0.84356	0.00493
10	0.01213	0.01188	0.01902	0.01483	0.01864	0.01230	0.31236	0.02138	0.38315	0.01918	0.02060	0.02087	0.09505	0.00674	0.00582	0.00179	0.00593	0.00664	0.00424	0.00745
11	0.00697	0.00537	0.00639	0.00634	0.00775	0.00479	0.00479	0.00888	0.01329	0.01754	0.38824	0.09520	0.34791	0.01246	0.00634	0.00179	0.00274	0.05317	0.00533	0.00472
12	0.01306	0.20365	0.01902	0.01259	0.03510	0.05546	0.13689	0.10128	0.09554	0.01850	0.14383	0.02001	0.01717	0.00703	0.00595	0.00163	0.05125	0.05141	0.00382	0.00679
13	0.01322	0.00938	0.01017	0.00847	0.01155	0.05820	0.00662	0.07769	0.05448	0.15972	0.09833	0.10778	0.13188	0.00835	0.00531	0.00148	0.00414	0.00697	0.00476	0.22149
14	0.01535	0.01103	0.01348	0.06142	0.01585	0.04261	0.05172	0.08076	0.14297	0.19181	0.01434	0.01451	0.01044	0.00545	0.00485	0.00136	0.00498	0.00453	0.00437	0.30818
15	0.35838	0.05454	0.03376	0.00971	0.01317	0.14635	0.02709	0.03718	0.08528	0.11520	0.02723	0.01331	0.00964	0.00578	0.00435	0.00158	0.00542	0.02297	0.00383	0.02522
16	0.01490	0.07502	0.23469	0.01237	0.01729	0.03004	0.03116	0.23912	0.08078	0.06735	0.01201	0.01288	0.00890	0.00671	0.02764	0.00176	0.04074	0.00441	0.00379	0.07844

[dist]
# distance from previous block
# <min> <max>
0	16

[block]
# block no. 5 follows, 46 sequences, length 38
# corresponding to MSA columns:
# 1010-1047
name=unknown_F
#
# <colnr> <probs for GDERKNQSTAVLIFYWHMCP>
#	G	D	E	R	K	N	Q	S	T	A	V	L	I	F	Y	W	H	M	C	P
0	0.10585	0.15071	0.29877	0.01120	0.01649	0.09120	0.01195	0.03016	0.01164	0.01704	0.04442	0.01157	0.00887	0.00505	0.00438	0.00138	0.00619	0.00369	0.00280	0.16664
1	0.04706	0.05376	0.06356	0.01286	0.01652	0.07851	0.20137	0.10431	0.03186	0.06774	0.12665	0.08803	0.03222	0.00722	0.00552	0.00165	0.00594	0.00656	0.02058	0.02809
2	0.00872	0.00750	0.02702	0.21018	0.01594	0.00762	0.00794	0.02559	0.07795	0.01674	0.23938	0.07024	0.18600	0.01024	0.00690	0.06015	0.00420	0.00807	0.00432	0.00531
3	0.00996	0.00867	0.01415	0.01894	0.34597	0.00920	0.01080	0.01240	0.01004	0.01445	0.01232	0.01742	0.01110	0.02441	0.44965	0.00548	0.01072	0.00525	0.00274	0.00631
4	0.01246	0.01172	0.02145	0.01549	0.02031	0.01030	0.40207	0.01583	0.01201	0.07001	0.01167	0.04542	0.00939	0.00489	0.00534	0.00142	0.00654	0.00539	0.00320	0.31510
5	0.01539	0.01135	0.01253	0.01006	0.01323	0.01218	0.00813	0.48697	0.02105	0.02845	0.24983	0.02321	0.06805	0.00814	0.00564	0.00162	0.00461	0.00662	0.00543	0.00749
6	0.01244	0.01415	0.03056	0.02192	0.02704	0.01349	0.73006	0.01675	0.01229	0.01675	0.01054	0.01415	0.00798	0.00466	0.00671	0.00181	0.04281	0.00617	0.00266	0.00707
7	0.01375	0.20563	0.41722	0.01333	0.01910	0.21428	0.01477	0.01765	0.01205	0.01479	0.00867	0.01014	0.00675	0.00502	0.00459	0.00147	0.00777	0.00353	0.00236	0.00715
8	0.02005	0.01612	0.01575	0.01235	0.01639	0.11487	0.01007	0.66946	0.02360	0.03073	0.01212	0.01229	0.00871	0.00623	0.00522	0.00156	0.00629	0.00459	0.00496	0.00863
9	0.00761	0.00546	0.00744	0.00852	0.00942	0.00530	0.00681	0.00944	0.01157	0.01522	0.07456	0.34028	0.05658	0.01507	0.00700	0.00226	0.00398	0.40391	0.00494	0.00465
10	0.00761	0.00561	0.00684	0.00737	0.00845	0.00534	0.00577	0.00908	0.01098	0.01392	0.03295	0.05052	0.25794	0.21912	0.01200	0.00292	0.00426	0.33053	0.00445	0.00432
11	0.02857	0.01052	0.01389	0.01773	0.29371	0.06373	0.01061	0.01610	0.10884	0.05016	0.09200	0.02818	0.06801	0.02641	0.00623	0.00186	0.00523	0.14735	0.00406	0.00683
12	0.01524	0.07297	0.01349	0.01188	0.01417	0.45090	0.00951	0.01702	0.01366	0.01396	0.01539	0.02784	0.01547	0.00874	0.00560	0.00174	0.00755	0.27568	0.00348	0.00571
13	0.00755	0.00507	0.00581	0.00594	0.00598	0.00503	0.00339	0.00765	0.00796	0.01061	0.01805	0.12102	0.02097	0.72540	0.02466	0.00479	0.00490	0.00851	0.00339	0.00332
14	0.00667	0.00470	0.00607	0.00707	0.00732	0.00445	0.00459	0.00742	0.00967	0.01290	0.02684	0.66813	0.03207	0.16314	0.01045	0.00269	0.00345	0.01368	0.00459	0.00409
15	0.00844	0.00592	0.00774	0.00864	0.00975	0.00594	0.00705	0.01129	0.05726	0.01625	0.04722	0.22361	0.02926	0.01356	0.00663	0.00218	0.00408	0.43192	0.09832	0.00496
16	0.00678	0.00538	0.00609	0.00591	0.00746	0.00469	0.00443	0.00861	0.01330	0.01724	0.36343	0.04601	0.46736	0.01229	0.00624	0.00173	0.00260	0.01047	0.00530	0.00469
17	0.01344	0.66110	0.17787	0.01024	0.01541	0.01921	0.01112	0.01601	0.01082	0.01329	0.00777	0.00901	0.00677	0.00462	0.00371	0.00124	0.00608	0.00304	0.00226	0.00699
18	0.00774	0.00519	0.00608	0.00608	0.00624	0.00531	0.00365	0.00806	0.00790	0.01082	0.01636	0.03235	0.01827	0.68950	0.12332	0.00543	0.00618	0.00734	0.03071	0.00345
19	0.00704	0.00503	0.00682	0.00804	0.00861	0.00481	0.00595	0.00839	0.01071	0.01416	0.02881	0.59488	0.03366	0.01600	0.00691	0.00223	0.00358	0.22501	0.00490	0.00446
20	0.01122	0.01162	0.02301	0.38058	0.03076	0.01226	0.38538	0.01516	0.01154	0.01547	0.01038	0.01442	0.00781	0.00491	0.00569	0.00175	0.00778	0.00547	0.03835	0.00646
21	0.01090	0.27513	0.23726	0.01195	0.06767	0.02468	0.01132	0.01375	0.01085	0.01443	0.01433	0.23507	0.01481	0.00806	0.00496	0.00160	0.00560	0.00671	0.00305	0.02786
22	0.01363	0.11562	0.05548	0.04141	0.22865	0.01110	0.01050	0.05707	0.01273	0.12566	0.01669	0.01750	0.10637	0.00603	0.00489	0.00142	0.00513	0.00504	0.00363	0.16146
23	0.00762	0.00498	0.00606	0.00638	0.00732	0.00468	0.00456	0.00945	0.01199	0.01751	0.25837	0.31817	0.08553	0.01191	0.00577	0.00174	0.00271	0.01049	0.22008	0.00468
24	0.00659	0.00512	0.00599	0.00629	0.00748	0.00453	0.00452	0.00805	0.01209	0.01558	0.20839	0.29138	0.37746	0.01382	0.00640	0.00187	0.00276	0.01204	0.00511	0.00453
25	0.01177	0.18608	0.50149	0.06152	0.04190	0.01419	0.01615	0.03943	0.05020	0.01645	0.00977	0.01133	0.00733	0.00508	0.00474	0.00157	0.00704	0.00389	0.00251	0.00756
26	0.00697	0.00511	0.00650	0.00691	0.00780	0.00471	0.00497	0.00858	0.01218	0.01644	0.30737	0.34973	0.13816	0.04607	0.00734	0.00206	0.00300	0.05635	0.00517	0.00456
27	0.00643	0.00465	0.00608	0.00722	0.00763	0.00431	0.00485	0.00738	0.01025	0.01355	0.03083	0.75821	0.08643	0.01634	0.00671	0.00212	0.00304	0.01476	0.00491	0.00431
28	0.00698	0.00483	0.00598	0.00667	0.00685	0.00465	0.00417	0.00750	0.00907	0.01209	0.02375	0.47549	0.02816	0.36111	0.01546	0.00343	0.00396	0.01186	0.00417	0.00382
29	0.05941	0.07713	0.14564	0.01293	0.01723	0.26522	0.08837	0.03751	0.03022	0.17910	0.03026	0.01298	0.00949	0.00560	0.00496	0.00153	0.00718	0.00435	0.00363	0.00724
30	0.01097	0.00988	0.01662	0.06664	0.41842	0.01025	0.04905	0.01372	0.01079	0.01554	0.01171	0.01629	0.01022	0.03395	0.23627	0.00368	0.00854	0.00514	0.04550	0.00681
31	0.00666	0.00531	0.00600	0.00627	0.00762	0.00471	0.00459	0.00835	0.02770	0.01515	0.13624	0.24324	0.46029	0.01378	0.00639	0.00188	0.00285	0.03335	0.00503	0.00458
32	0.01130	0.01879	0.42071	0.03107	0.08989	0.01102	0.01486	0.07445	0.04153	0.03524	0.03015	0.06865	0.03248	0.00734	0.00551	0.00178	0.00642	0.08822	0.00333	0.00728
33	0.01135	0.02065	0.44315	0.10540	0.16653	0.05626	0.03172	0.01607	0.01177	0.01658	0.06269	0.01378	0.01007	0.00541	0.00519	0.00165	0.00719	0.00456	0.00260	0.00740
34	0.01119	0.01178	0.20704	0.00934	0.01272	0.00761	0.00919	0.04414	0.01318	0.13196	0.21022	0.13149	0.07566	0.00913	0.00562	0.00171	0.00441	0.02006	0.07723	0.00633
35	0.01861	0.00791	0.01060	0.00876	0.01184	0.00699	0.00696	0.03662	0.01431	0.54096	0.08676	0.17246	0.03538	0.00896	0.00569	0.00174	0.00405	0.00764	0.00611	0.00767
36	0.17162	0.04375	0.07756	0.05483	0.13300	0.01219	0.10549	0.06800	0.13938	0.02034	0.06507	0.01539	0.01207	0.00579	0.00491	0.00164	0.00548	0.00498	0.05145	0.00709
37	0.01487	0.10995	0.06536	0.01412	0.05248	0.05739	0.16454	0.08497	0.10778	0.12706	0.03478	0.03821	0.01193	0.00639	0.00602	0.00167	0.05409	0.01878	0.02221	0.00741

[dist]
# distance from previous block
# <min> <max>
0	9

[block]
# block no. 6 follows, 46 sequences, length 18
# corresponding to MSA columns:
# 1057-1074
name=unknown_G
#
# <colnr> <probs for GDERKNQSTAVLIFYWHMCP>
#	G	D	E	R	K	N	Q	S	T	A	V	L	I	F	Y	W	H	M	C	P
0	0.12904	0.01422	0.09324	0.02880	0.03811	0.10234	0.11979	0.04894	0.05636	0.17973	0.01272	0.01420	0.00941	0.00574	0.00548	0.00161	0.03771	0.02008	0.00385	0.07864
1	0.24836	0.01106	0.01013	0.00873	0.01170	0.08744	0.00697	0.14878	0.05318	0.10188	0.09166	0.02225	0.14843	0.00773	0.00498	0.00165	0.00460	0.01938	0.00458	0.00652
2	0.18171	0.01375	0.15834	0.01039	0.01471	0.03100	0.03955	0.06690	0.12204	0.11336	0.01398	0.01441	0.02799	0.00571	0.00462	0.00153	0.00514	0.00445	0.06171	0.10868
3	0.05689	0.19269	0.01347	0.00873	0.01105	0.00962	0.06180	0.01161	0.01206	0.01641	0.21404	0.15281	0.10656	0.01021	0.00563	0.00173	0.00419	0.10081	0.00427	0.00542
4	0.01401	0.01213	0.01244	0.00966	0.01379	0.08860	0.00780	0.20603	0.01501	0.02081	0.01148	0.01483	0.00968	0.00548	0.00460	0.00117	0.00504	0.05802	0.00377	0.48566
5	0.00692	0.00657	0.06330	0.00747	0.00870	0.00509	0.00584	0.00833	0.01056	0.01379	0.03225	0.47361	0.20222	0.07823	0.00814	0.00228	0.00359	0.05401	0.00457	0.00454
6	0.00695	0.00518	0.00651	0.00709	0.00792	0.00487	0.00496	0.00891	0.04523	0.01575	0.20399	0.50000	0.13415	0.01441	0.00650	0.00197	0.00293	0.01287	0.00514	0.00466
7	0.28934	0.01007	0.01027	0.00786	0.01205	0.00932	0.00636	0.06906	0.01133	0.02055	0.00897	0.01030	0.00722	0.00442	0.00380	0.00112	0.00411	0.00316	0.00334	0.50734
8	0.00679	0.00477	0.00612	0.00707	0.00733	0.00454	0.00463	0.00755	0.00963	0.01282	0.02624	0.60974	0.03121	0.19962	0.01139	0.00284	0.00359	0.03556	0.00451	0.00406
9	0.00772	0.00554	0.00752	0.00820	0.00923	0.00533	0.00657	0.00985	0.01265	0.01709	0.27617	0.21650	0.03784	0.01378	0.00683	0.00212	0.00369	0.34341	0.00519	0.00478
10	0.00664	0.00479	0.00634	0.00750	0.00797	0.00448	0.00523	0.00774	0.01043	0.01377	0.03028	0.69533	0.07296	0.01620	0.00678	0.00216	0.00323	0.08891	0.00490	0.00436
11	0.05186	0.01141	0.01300	0.01040	0.01409	0.01199	0.00845	0.30426	0.15908	0.27018	0.07497	0.01757	0.01461	0.00685	0.00531	0.00165	0.00477	0.00545	0.00567	0.00844
12	0.01248	0.01426	0.03119	0.02228	0.02763	0.01337	0.76203	0.01693	0.01248	0.01693	0.01070	0.01426	0.00802	0.00446	0.00624	0.00178	0.00891	0.00624	0.00267	0.00713
13	0.00652	0.00475	0.00617	0.00727	0.00777	0.00440	0.00499	0.00756	0.01041	0.01369	0.03154	0.69804	0.10976	0.01615	0.00672	0.00212	0.00311	0.04977	0.00491	0.00434
14	0.01125	0.01073	0.01836	0.36321	0.33380	0.01196	0.05190	0.01445	0.01101	0.01508	0.00993	0.01408	0.00808	0.00767	0.06323	0.00220	0.03886	0.00485	0.00251	0.00686
15	0.00870	0.00720	0.00839	0.00817	0.00885	0.06389	0.00590	0.00983	0.00866	0.01162	0.01425	0.02444	0.01458	0.31395	0.42027	0.00645	0.05142	0.00617	0.00293	0.00433
16	0.00683	0.00519	0.00629	0.00649	0.00767	0.00466	0.00474	0.00852	0.01265	0.01674	0.32193	0.24673	0.28635	0.01328	0.00640	0.00185	0.00277	0.03101	0.00525	0.00463
17	0.01593	0.33698	0.01894	0.01011	0.01405	0.01610	0.00882	0.13450	0.25582	0.11600	0.01437	0.01390	0.01089	0.00590	0.00456	0.00147	0.00506	0.00444	0.00425	0.00790

[dist]
# distance from previous block
# <min> <max>
0	1

[block]
# block no. 7 follows, 46 sequences, length 19
# corresponding to MSA columns:
# 1076,1080-1097
name=unknown_H
#
# <colnr> <probs for GDERKNQSTAVLIFYWHMCP>
#	G	D	E	R	K	N	Q	S	T	A	V	L	I	F	Y	W	H	M	C	P
0	0.01243	0.00954	0.01247	0.01058	0.01302	0.07890	0.11703	0.01585	0.08525	0.14648	0.21158	0.15975	0.04175	0.03145	0.00655	0.00186	0.00481	0.02959	0.00488	0.00622
1	0.01614	0.01295	0.01806	0.01385	0.01787	0.01364	0.19646	0.34388	0.15357	0.06918	0.05962	0.03305	0.01321	0.00651	0.00563	0.00169	0.00597	0.00588	0.00475	0.00808
2	0.01360	0.01496	0.01589	0.01381	0.01449	0.20962	0.01123	0.01481	0.00981	0.01278	0.00725	0.01106	0.00691	0.00831	0.01422	0.00208	0.60657	0.00432	0.00242	0.00587
3	0.33711	0.01260	0.01390	0.01429	0.16957	0.01388	0.00965	0.32512	0.01618	0.02638	0.01009	0.01120	0.00761	0.00546	0.00450	0.00160	0.00525	0.00402	0.00397	0.00761
4	0.01264	0.24685	0.26136	0.01117	0.01602	0.01425	0.01179	0.11370	0.09804	0.01896	0.13057	0.01596	0.01481	0.00619	0.00482	0.00152	0.00570	0.00482	0.00355	0.00729
5	0.00855	0.00992	0.11970	0.01183	0.06231	0.00745	0.11699	0.01097	0.01112	0.01509	0.07857	0.29233	0.11068	0.08972	0.00823	0.00221	0.00495	0.02997	0.00396	0.00544
6	0.00672	0.00537	0.00601	0.00585	0.00743	0.00466	0.00439	0.00850	0.01317	0.01693	0.33118	0.04652	0.49981	0.01240	0.00624	0.00174	0.00261	0.01055	0.00526	0.00466
7	0.00826	0.00549	0.00711	0.00700	0.00754	0.00582	0.00474	0.00910	0.00830	0.04136	0.01582	0.02841	0.01658	0.47272	0.33268	0.00634	0.00872	0.00679	0.00319	0.00404
8	0.03724	0.02307	0.48237	0.01498	0.05882	0.10909	0.03179	0.09166	0.02875	0.03410	0.01011	0.01151	0.00738	0.00522	0.00498	0.00160	0.00741	0.00404	0.00284	0.03305
9	0.01185	0.01167	0.01799	0.38443	0.31829	0.05380	0.01472	0.01487	0.01111	0.01484	0.00929	0.01321	0.00753	0.00548	0.00648	0.00172	0.08879	0.00463	0.00247	0.00683
10	0.00677	0.00542	0.00620	0.00614	0.00769	0.00486	0.00468	0.00849	0.01244	0.01587	0.22935	0.04552	0.49645	0.01528	0.08094	0.00242	0.00380	0.03810	0.00494	0.00463
11	0.01077	0.01405	0.24375	0.01376	0.14441	0.00971	0.01106	0.07789	0.03003	0.01602	0.01316	0.02111	0.01245	0.31509	0.01343	0.00296	0.00607	0.00565	0.03248	0.00616
12	0.15311	0.01536	0.24610	0.08906	0.04762	0.01146	0.07384	0.08959	0.03914	0.01961	0.08653	0.01621	0.03411	0.00781	0.04671	0.00204	0.00649	0.00504	0.00334	0.00684
13	0.00881	0.00656	0.00696	0.00687	0.00846	0.04648	0.00506	0.01029	0.01246	0.08577	0.15553	0.23311	0.36860	0.01273	0.00621	0.00182	0.00328	0.01093	0.00509	0.00501
14	0.00711	0.00488	0.00594	0.00650	0.00665	0.00474	0.00399	0.00754	0.00881	0.01175	0.02243	0.39389	0.02651	0.44497	0.01758	0.00375	0.00417	0.01109	0.00399	0.00371
15	0.07464	0.02024	0.24059	0.01572	0.13234	0.26513	0.01313	0.01947	0.01303	0.14128	0.01083	0.01186	0.00796	0.00535	0.00490	0.00155	0.00734	0.00402	0.00322	0.00740
16	0.03628	0.03728	0.06355	0.25489	0.30266	0.12872	0.01387	0.01608	0.01188	0.03822	0.01042	0.04383	0.00871	0.00553	0.00512	0.00162	0.00683	0.00478	0.00274	0.00700
17	0.02198	0.00932	0.01209	0.00938	0.01323	0.00852	0.00771	0.11005	0.01602	0.62897	0.04326	0.01815	0.01378	0.00663	0.00525	0.00161	0.00447	0.00536	0.05561	0.00863
18	0.01619	0.01489	0.01552	0.01416	0.08115	0.15316	0.05415	0.26670	0.22182	0.02278	0.01465	0.05630	0.01175	0.00677	0.00563	0.00166	0.02505	0.00547	0.00438	0.00782

[dist]
# distance from previous block
# <min> <max>
2	4

[block]
# block no. 8 follows, 46 sequences, length 67
# corresponding to MSA columns:
# 1102-1168
name=unknown_I
#
# <colnr> <probs for GDERKNQSTAVLIFYWHMCP>
#	G	D	E	R	K	N	Q	S	T	A	V	L	I	F	Y	W	H	M	C	P
0	0.01705	0.01008	0.01126	0.00945	0.01241	0.06921	0.00749	0.14917	0.03703	0.32286	0.13271	0.11324	0.05274	0.00868	0.00565	0.00170	0.00458	0.02176	0.00560	0.00735
1	0.01057	0.00940	0.01514	0.22376	0.33623	0.00999	0.01202	0.01307	0.01091	0.01494	0.05267	0.02217	0.01387	0.17559	0.00998	0.00242	0.00595	0.05212	0.00298	0.00624
2	0.01013	0.17731	0.01555	0.11862	0.01559	0.01021	0.09741	0.01163	0.01020	0.01335	0.01485	0.22210	0.01557	0.01029	0.00784	0.13862	0.00523	0.03185	0.00317	0.07049
3	0.01263	0.41737	0.28987	0.01165	0.01685	0.01694	0.01284	0.01686	0.06979	0.01471	0.00916	0.01053	0.00749	0.00527	0.00519	0.00146	0.06811	0.00359	0.00250	0.00719
4	0.00839	0.00578	0.00633	0.00596	0.00795	0.00490	0.00455	0.00993	0.01271	0.10384	0.12621	0.04589	0.61391	0.01233	0.00614	0.00176	0.00287	0.01032	0.00519	0.00504
5	0.00625	0.00536	0.00536	0.00536	0.00714	0.00446	0.00402	0.00759	0.01205	0.01428	0.05355	0.05088	0.77909	0.01339	0.00625	0.00179	0.00268	0.01116	0.00491	0.00446
6	0.06750	0.00954	0.01102	0.01052	0.07095	0.04313	0.00742	0.14426	0.01422	0.20317	0.07508	0.06810	0.05105	0.16116	0.00952	0.00234	0.00488	0.03481	0.00473	0.00659
7	0.01984	0.01899	0.01525	0.01271	0.01609	0.36507	0.01004	0.35466	0.01916	0.07057	0.01095	0.01156	0.00819	0.00607	0.00552	0.00152	0.03794	0.00418	0.00410	0.00758
8	0.03886	0.00771	0.00987	0.00881	0.01130	0.00728	0.00682	0.04527	0.07192	0.36680	0.02353	0.30957	0.02161	0.01050	0.00586	0.00186	0.00400	0.03580	0.00566	0.00698
9	0.13127	0.02420	0.63548	0.01428	0.02132	0.01227	0.05652	0.01658	0.01092	0.01775	0.00925	0.01096	0.00663	0.00498	0.00484	0.00167	0.00734	0.00388	0.00240	0.00748
10	0.00995	0.33210	0.01477	0.00757	0.00951	0.01129	0.00610	0.01094	0.00968	0.01218	0.02647	0.22983	0.01869	0.25095	0.02634	0.00274	0.00493	0.00767	0.00330	0.00499
11	0.00692	0.00534	0.00632	0.00624	0.00764	0.00475	0.00466	0.00882	0.01334	0.01764	0.40487	0.09975	0.35209	0.01239	0.00630	0.00177	0.00267	0.02844	0.00535	0.00472
12	0.00636	0.00490	0.00582	0.00655	0.00746	0.00436	0.00455	0.00745	0.01090	0.01381	0.03897	0.50476	0.33462	0.01528	0.00655	0.00200	0.00291	0.01347	0.00491	0.00436
13	0.01411	0.73060	0.05590	0.00956	0.01403	0.02026	0.00957	0.04111	0.01114	0.01332	0.00760	0.00884	0.00686	0.00478	0.00403	0.00121	0.03486	0.00300	0.00236	0.00686
14	0.03003	0.01010	0.06148	0.00895	0.01177	0.06806	0.00744	0.03414	0.04941	0.24431	0.26504	0.08559	0.02579	0.03786	0.00637	0.00177	0.00436	0.00719	0.00522	0.03513
15	0.01924	0.01582	0.01530	0.01205	0.01605	0.12587	0.00978	0.58620	0.04791	0.02904	0.01214	0.01237	0.00885	0.00609	0.00513	0.00151	0.00617	0.00451	0.00479	0.06116
16	0.01199	0.01126	0.01932	0.08748	0.53805	0.01139	0.06156	0.01511	0.01197	0.01670	0.01318	0.02158	0.01220	0.00651	0.00567	0.00175	0.00625	0.13755	0.00300	0.00747
17	0.01169	0.01192	0.01817	0.01499	0.01569	0.01582	0.11037	0.01328	0.00867	0.01328	0.00743	0.01192	0.00708	0.00862	0.01589	0.00224	0.69979	0.00484	0.00236	0.00596
18	0.01457	0.75586	0.02671	0.00940	0.01378	0.08089	0.00914	0.01624	0.01107	0.01248	0.00741	0.00856	0.00679	0.00459	0.00350	0.00115	0.00595	0.00287	0.00230	0.00673
19	0.04465	0.38512	0.33324	0.01152	0.01711	0.01581	0.01314	0.03020	0.01128	0.02930	0.00986	0.01304	0.00835	0.00544	0.00437	0.00147	0.00640	0.05000	0.00259	0.00712
20	0.01279	0.00640	0.00785	0.00692	0.00838	0.00593	0.00475	0.01356	0.01045	0.26234	0.02089	0.03046	0.07625	0.48949	0.01829	0.00373	0.00473	0.00719	0.00442	0.00518
21	0.00982	0.00578	0.00743	0.00704	0.00845	0.00527	0.00514	0.01154	0.01291	0.14163	0.35430	0.19810	0.09389	0.10414	0.00858	0.00217	0.00326	0.00993	0.00537	0.00525
22	0.05753	0.03687	0.24908	0.08196	0.10549	0.04102	0.16401	0.01746	0.01181	0.11701	0.01089	0.01289	0.00798	0.00536	0.00599	0.00170	0.05786	0.00466	0.00302	0.00741
23	0.00868	0.00730	0.01138	0.17902	0.16330	0.00764	0.00952	0.01074	0.01080	0.01447	0.02117	0.41112	0.02350	0.01171	0.00621	0.00198	0.00471	0.08735	0.00392	0.00547
24	0.00664	0.00484	0.00630	0.00738	0.00795	0.00450	0.00518	0.00776	0.01056	0.01383	0.03183	0.64419	0.12027	0.01599	0.00675	0.00214	0.00321	0.09140	0.00490	0.00437
25	0.00924	0.00795	0.00830	0.00857	0.00991	0.08044	0.00653	0.02166	0.09406	0.01611	0.12590	0.25536	0.10527	0.04669	0.00726	0.00212	0.00422	0.18045	0.00480	0.00516
26	0.01116	0.16584	0.19399	0.02875	0.16138	0.07229	0.01156	0.01406	0.01180	0.01496	0.02203	0.02263	0.23414	0.00737	0.00510	0.00156	0.00572	0.00597	0.00314	0.00658
27	0.01268	0.01364	0.01076	0.01095	0.04122	0.30789	0.00770	0.03997	0.06182	0.01472	0.02121	0.33629	0.07864	0.01065	0.00575	0.00175	0.00580	0.00895	0.00403	0.00559
28	0.00771	0.00604	0.00898	0.17430	0.01429	0.00669	0.00756	0.00949	0.00970	0.01307	0.01974	0.31981	0.02147	0.07097	0.23898	0.00414	0.00740	0.05132	0.00365	0.00471
29	0.01502	0.01104	0.01255	0.00948	0.01381	0.01031	0.00767	0.22250	0.09169	0.10174	0.01271	0.01305	0.00953	0.00518	0.00459	0.00119	0.00453	0.00409	0.00430	0.44501
30	0.01552	0.01519	0.01480	0.22425	0.05950	0.23669	0.01107	0.20227	0.06603	0.01928	0.01178	0.04346	0.00947	0.00616	0.00513	0.00159	0.00688	0.00483	0.03919	0.00691
31	0.01594	0.07538	0.01428	0.01047	0.01425	0.07674	0.00849	0.28678	0.13464	0.06310	0.01405	0.06323	0.01135	0.00640	0.00492	0.00143	0.00521	0.00502	0.00445	0.18387
32	0.01363	0.01662	0.27091	0.04900	0.27330	0.01146	0.09267	0.01770	0.01236	0.14301	0.03988	0.01439	0.01004	0.00533	0.00532	0.00165	0.00665	0.00488	0.00325	0.00795
33	0.01297	0.54603	0.26984	0.01129	0.01688	0.01798	0.03062	0.01615	0.01092	0.01392	0.00811	0.00948	0.00679	0.00468	0.00398	0.00132	0.00642	0.00325	0.00226	0.00712
34	0.00643	0.00463	0.00610	0.00728	0.00765	0.00430	0.00487	0.00737	0.01020	0.01353	0.03017	0.77854	0.06652	0.01643	0.00673	0.00213	0.00305	0.01486	0.00491	0.00430
35	0.00724	0.00511	0.00572	0.00586	0.00627	0.00489	0.00357	0.00763	0.00888	0.01147	0.02582	0.12658	0.18040	0.55521	0.02027	0.00408	0.00438	0.00925	0.00376	0.00359
36	0.01380	0.01331	0.01669	0.01466	0.05987	0.07938	0.11210	0.08172	0.31836	0.01904	0.01406	0.01523	0.01103	0.00695	0.00829	0.00185	0.19704	0.00530	0.00389	0.00745
37	0.01139	0.01057	0.07082	0.00957	0.01289	0.02666	0.00832	0.12768	0.04153	0.01955	0.09357	0.08231	0.01941	0.00851	0.00547	0.00158	0.00466	0.17038	0.00425	0.27088
38	0.01270	0.01016	0.01103	0.00978	0.01254	0.01116	0.00760	0.12433	0.43982	0.04124	0.07009	0.10205	0.08341	0.00865	0.00559	0.00176	0.00407	0.00728	0.00527	0.03149
39	0.10301	0.01366	0.01238	0.01093	0.01404	0.12970	0.00854	0.10272	0.50043	0.02209	0.01711	0.01630	0.01290	0.00659	0.00506	0.00169	0.00514	0.00514	0.00475	0.00782
40	0.00688	0.00529	0.00630	0.00625	0.00758	0.00470	0.00461	0.00874	0.01326	0.01761	0.40969	0.13914	0.32584	0.01250	0.00630	0.00177	0.00263	0.01084	0.00536	0.00470
41	0.01205	0.07977	0.25176	0.01741	0.07189	0.01390	0.25257	0.01751	0.09890	0.01663	0.01081	0.01310	0.00836	0.00555	0.00686	0.00175	0.10610	0.00495	0.00277	0.00737
42	0.01206	0.00932	0.01050	0.00942	0.01190	0.01012	0.00741	0.09783	0.36573	0.05018	0.25064	0.02845	0.04378	0.00883	0.00578	0.00177	0.00387	0.05980	0.00550	0.00710
43	0.00694	0.00481	0.00599	0.00672	0.00690	0.00463	0.00422	0.00749	0.00914	0.01219	0.02411	0.49820	0.02862	0.33777	0.01487	0.00335	0.00390	0.01207	0.00422	0.00385
44	0.12197	0.01276	0.01199	0.01023	0.01340	0.09469	0.00812	0.22069	0.27902	0.05324	0.01544	0.01529	0.01151	0.00634	0.00483	0.00160	0.00499	0.00484	0.10148	0.00759
45	0.16773	0.02159	0.09546	0.01279	0.01626	0.50680	0.04966	0.01904	0.01329	0.01553	0.00959	0.01097	0.02875	0.00548	0.00464	0.00148	0.00814	0.00373	0.00283	0.00624
46	0.00728	0.00520	0.00709	0.00832	0.00899	0.00502	0.00636	0.00881	0.01095	0.01443	0.02868	0.50828	0.03314	0.01577	0.00697	0.00226	0.00379	0.30925	0.00489	0.00453
