[name]
unknown

[dist]
# distance from previous block
# <min> <max>
0	84

[block]
# block no. 0 follows, 47 sequences, length 13
# corresponding to MSA columns:
# 133-145
name=unknown_A
#
# <colnr> <probs for GDERKNQSTAVLIFYWHMCP>
#	G	D	E	R	K	N	Q	S	T	A	V	L	I	F	Y	W	H	M	C	P
0	0.00895	0.00844	0.00796	0.00784	0.00932	0.13031	0.00596	0.01063	0.01209	0.01486	0.18018	0.08469	0.25413	0.03381	0.14372	0.00296	0.00589	0.06918	0.00428	0.00480
1	0.01674	0.02209	0.10713	0.01390	0.06305	0.54184	0.01096	0.01889	0.01357	0.01406	0.00848	0.01000	0.00693	0.00506	0.00463	0.00131	0.00820	0.00345	0.00268	0.12704
2	0.00885	0.00736	0.00862	0.00716	0.01019	0.00581	0.00544	0.01064	0.01079	0.01553	0.02193	0.21756	0.15395	0.00864	0.00496	0.00128	0.00343	0.00742	0.00384	0.48659
3	0.00740	0.00623	0.00798	0.00956	0.11856	0.00563	0.00597	0.00918	0.01230	0.01588	0.20069	0.11598	0.44211	0.01172	0.00606	0.00174	0.00314	0.01011	0.00470	0.00504
4	0.01128	0.00984	0.01003	0.00924	0.01074	0.10253	0.00688	0.10337	0.12093	0.01592	0.03373	0.09759	0.01612	0.20251	0.17744	0.00390	0.05205	0.00664	0.00375	0.00551
5	0.01164	0.00872	0.00990	0.00887	0.01100	0.00918	0.00680	0.26240	0.08961	0.02212	0.16930	0.26624	0.08113	0.01076	0.00591	0.00178	0.00389	0.00927	0.00518	0.00630
6	0.01342	0.70654	0.13650	0.00976	0.01468	0.01939	0.01039	0.01572	0.01064	0.01286	0.00754	0.00873	0.00667	0.00453	0.00357	0.00119	0.00587	0.00294	0.00222	0.00683
7	0.01802	0.01297	0.01397	0.01089	0.01470	0.01404	0.00894	0.62139	0.02220	0.06778	0.01867	0.01815	0.11981	0.00725	0.00535	0.00159	0.00522	0.00562	0.00522	0.00822
8	0.01502	0.37362	0.04819	0.00994	0.01381	0.01599	0.00900	0.26822	0.01535	0.04678	0.01263	0.12548	0.01161	0.00685	0.00457	0.00145	0.00530	0.00527	0.00375	0.00718
9	0.01686	0.26397	0.06787	0.01088	0.01522	0.01637	0.00986	0.35726	0.10132	0.07316	0.01215	0.01222	0.00908	0.00571	0.00463	0.00145	0.00554	0.00421	0.00418	0.00804
10	0.01813	0.14073	0.09103	0.01168	0.01622	0.01614	0.01055	0.55120	0.02068	0.05625	0.01168	0.01191	0.00845	0.00586	0.00490	0.00150	0.00584	0.00433	0.00451	0.00841
11	0.01496	0.36268	0.11670	0.01082	0.01529	0.18451	0.01023	0.10056	0.01311	0.01575	0.00851	0.00966	0.00704	0.00484	0.00410	0.00124	0.00647	0.00329	0.00276	0.10745
12	0.01269	0.12992	0.23807	0.16208	0.03865	0.01329	0.01280	0.19467	0.01437	0.01937	0.06223	0.01552	0.05234	0.00605	0.00498	0.00157	0.00613	0.00482	0.00333	0.00712

[dist]
# distance from previous block
# <min> <max>
145	281

[block]
# block no. 1 follows, 47 sequences, length 6
# corresponding to MSA columns:
# 614-619
name=unknown_B
#
# <colnr> <probs for GDERKNQSTAVLIFYWHMCP>
#	G	D	E	R	K	N	Q	S	T	A	V	L	I	F	Y	W	H	M	C	P
0	0.01245	0.05939	0.10090	0.01243	0.08529	0.01077	0.03976	0.16106	0.04630	0.05698	0.05986	0.17592	0.04015	0.00821	0.00581	0.00165	0.03516	0.00697	0.00407	0.07686
1	0.03634	0.05940	0.05624	0.01090	0.06768	0.00922	0.03649	0.03899	0.10259	0.13570	0.04594	0.18994	0.09042	0.00880	0.00561	0.00167	0.01909	0.00755	0.00439	0.07305
2	0.01659	0.00956	0.01263	0.05670	0.09443	0.00953	0.00873	0.15900	0.05292	0.30931	0.11870	0.09476	0.01831	0.00768	0.00548	0.00166	0.00459	0.00653	0.00527	0.00763
3	0.05100	0.00979	0.01210	0.01034	0.06384	0.00876	0.03033	0.01728	0.14602	0.10197	0.04309	0.01431	0.01130	0.00508	0.00448	0.00119	0.00422	0.00425	0.00390	0.45675
4	0.02862	0.07094	0.14549	0.10688	0.01814	0.04443	0.08248	0.08382	0.06803	0.08995	0.06415	0.10971	0.01435	0.00699	0.00524	0.00163	0.00575	0.00603	0.00377	0.04360
5	0.01310	0.01239	0.02072	0.07513	0.61114	0.01263	0.06472	0.06254	0.04383	0.01794	0.01045	0.01327	0.00850	0.00486	0.00523	0.00158	0.00629	0.00479	0.00284	0.00806

[dist]
# distance from previous block
# <min> <max>
7	10

[block]
# block no. 2 follows, 47 sequences, length 17
# corresponding to MSA columns:
# 631,632,640-654
name=unknown_C
#
# <colnr> <probs for GDERKNQSTAVLIFYWHMCP>
#	G	D	E	R	K	N	Q	S	T	A	V	L	I	F	Y	W	H	M	C	P
0	0.25320	0.08077	0.10459	0.01062	0.03909	0.01281	0.00932	0.16076	0.10719	0.15483	0.01257	0.01260	0.00904	0.00563	0.00448	0.00158	0.00506	0.00414	0.00418	0.00754
1	0.00638	0.00459	0.00605	0.00715	0.00754	0.00426	0.00481	0.00737	0.01024	0.01364	0.06083	0.75467	0.06123	0.01597	0.00661	0.00208	0.00298	0.01445	0.00487	0.00426
2	0.03405	0.16400	0.01579	0.01063	0.02770	0.15548	0.00864	0.14506	0.05275	0.22794	0.03936	0.01364	0.01073	0.00577	0.00468	0.00141	0.00566	0.00431	0.00431	0.06809
3	0.01447	0.42772	0.15637	0.01056	0.01518	0.01650	0.01069	0.06656	0.09070	0.09622	0.01076	0.01133	0.00841	0.00533	0.00471	0.00140	0.03884	0.00374	0.00317	0.00735
4	0.00792	0.00618	0.00948	0.00894	0.00997	0.00698	0.04970	0.00969	0.00867	0.01249	0.01449	0.05826	0.01405	0.10751	0.58140	0.00688	0.04471	0.00617	0.03184	0.00467
5	0.00656	0.00469	0.00629	0.00750	0.00790	0.00442	0.00521	0.00763	0.01019	0.01354	0.02858	0.73329	0.03397	0.01611	0.00671	0.00215	0.00321	0.09295	0.00483	0.00429
6	0.03440	0.20501	0.05357	0.20794	0.07434	0.05739	0.01015	0.06088	0.01206	0.01626	0.05786	0.01581	0.04687	0.00585	0.00455	0.00146	0.00549	0.00465	0.11924	0.00623
7	0.03756	0.37092	0.30676	0.01117	0.01645	0.03945	0.01244	0.01635	0.03253	0.04008	0.04149	0.01272	0.00952	0.00536	0.00432	0.00143	0.00620	0.02555	0.00270	0.00699
8	0.00669	0.00503	0.00622	0.00664	0.00764	0.00456	0.00480	0.00823	0.01195	0.01580	0.25214	0.35169	0.23609	0.01376	0.00640	0.00190	0.00284	0.04805	0.00509	0.00450
9	0.12101	0.01296	0.13470	0.01026	0.01390	0.04673	0.00927	0.06384	0.21241	0.16877	0.03977	0.10125	0.01491	0.00742	0.00514	0.00171	0.00492	0.01916	0.00459	0.00729
10	0.01497	0.03776	0.09005	0.04016	0.04373	0.11525	0.36134	0.16349	0.01487	0.05114	0.01076	0.01284	0.00798	0.00505	0.00550	0.00163	0.00778	0.00509	0.00324	0.00738
11	0.04157	0.15903	0.01619	0.01110	0.01449	0.19721	0.00914	0.31072	0.04785	0.02112	0.01091	0.01221	0.00869	0.00988	0.10508	0.00230	0.00748	0.00414	0.00373	0.00716
12	0.01510	0.22349	0.08472	0.01047	0.01449	0.01426	0.00959	0.17261	0.08277	0.11343	0.01286	0.01332	0.03058	0.00596	0.00570	0.00146	0.08028	0.00428	0.00381	0.10082
13	0.16325	0.01159	0.04794	0.04658	0.01295	0.11486	0.00794	0.01687	0.12596	0.08498	0.01789	0.01871	0.10790	0.00923	0.06003	0.00210	0.06104	0.00523	0.07878	0.00618
14	0.07428	0.00597	0.00663	0.00639	0.00695	0.00628	0.00407	0.04540	0.00859	0.01247	0.01522	0.02944	0.01672	0.62357	0.11314	0.00500	0.00604	0.00683	0.00322	0.00380
15	0.02492	0.01547	0.06976	0.02057	0.35391	0.19197	0.01256	0.08799	0.03319	0.01747	0.02892	0.05391	0.03845	0.00626	0.00519	0.00157	0.00651	0.02091	0.00321	0.00725
16	0.01342	0.01008	0.01242	0.01029	0.01339	0.01050	0.07366	0.16096	0.25443	0.10537	0.07129	0.02616	0.18218	0.00832	0.00563	0.00171	0.00446	0.02344	0.00509	0.00721

[dist]
# distance from previous block
# <min> <max>
1	5

[block]
# block no. 3 follows, 47 sequences, length 41
# corresponding to MSA columns:
# 660-691,693-701
name=unknown_D
#
# <colnr> <probs for GDERKNQSTAVLIFYWHMCP>
#	G	D	E	R	K	N	Q	S	T	A	V	L	I	F	Y	W	H	M	C	P
0	0.04486	0.06276	0.18131	0.01664	0.11228	0.05203	0.16993	0.17720	0.09537	0.02045	0.01132	0.01275	0.00851	0.00528	0.00515	0.00161	0.00677	0.00470	0.00337	0.00771
1	0.01262	0.04593	0.03249	0.01336	0.01651	0.08222	0.24835	0.04940	0.05420	0.09583	0.01772	0.25743	0.01723	0.00877	0.00586	0.00179	0.00600	0.02392	0.00398	0.00638
2	0.04995	0.08983	0.01743	0.01335	0.03134	0.19084	0.08372	0.19771	0.09353	0.01931	0.01043	0.01193	0.00830	0.00622	0.00710	0.00164	0.15248	0.00438	0.00346	0.00706
3	0.01109	0.11584	0.34527	0.01180	0.01684	0.01108	0.06826	0.02710	0.03682	0.06540	0.08125	0.02131	0.13140	0.00704	0.00522	0.00163	0.00587	0.02657	0.00342	0.00681
4	0.03487	0.01177	0.13595	0.26366	0.02103	0.01071	0.01168	0.02897	0.05426	0.08235	0.01349	0.12640	0.01197	0.00829	0.02738	0.00197	0.10888	0.00597	0.00330	0.03712
5	0.02654	0.21980	0.18392	0.01025	0.01445	0.01235	0.01029	0.07239	0.05585	0.13385	0.11479	0.03757	0.01626	0.00699	0.00496	0.00157	0.00524	0.06190	0.00398	0.00703
6	0.00655	0.00515	0.00654	0.00693	0.00798	0.00462	0.02522	0.00784	0.01110	0.01424	0.08829	0.44214	0.30957	0.01441	0.00643	0.00195	0.00304	0.02875	0.00484	0.00443
7	0.01158	0.01104	0.01878	0.36204	0.46462	0.01203	0.01533	0.01484	0.01124	0.01543	0.00957	0.01331	0.00769	0.00488	0.00518	0.00163	0.00651	0.00463	0.00247	0.00720
8	0.01675	0.01303	0.04457	0.02958	0.23129	0.06034	0.03421	0.16275	0.09086	0.19925	0.01429	0.01479	0.02027	0.00596	0.00568	0.00162	0.03745	0.00493	0.00426	0.00812
9	0.01964	0.01818	0.01520	0.01299	0.01639	0.29912	0.01005	0.28103	0.18371	0.06290	0.01459	0.01515	0.01119	0.00707	0.00567	0.00180	0.00712	0.00496	0.00483	0.00840
10	0.06380	0.00729	0.00811	0.03774	0.01020	0.05123	0.00613	0.04637	0.01229	0.07084	0.16251	0.30614	0.04206	0.02976	0.00629	0.00190	0.00385	0.06609	0.06219	0.00521
11	0.21803	0.03666	0.04683	0.06282	0.01738	0.05930	0.17226	0.04863	0.11860	0.06318	0.01210	0.04286	0.00956	0.00561	0.00480	0.00160	0.00582	0.00484	0.00354	0.06558
12	0.00874	0.00607	0.00715	0.00692	0.00752	0.00632	0.00462	0.07954	0.00964	0.01295	0.01683	0.04890	0.01842	0.57077	0.11503	0.00486	0.00612	0.06211	0.00346	0.00402
13	0.00703	0.00490	0.00622	0.00673	0.00699	0.00491	0.00434	0.00768	0.00870	0.01174	0.02128	0.36295	0.02468	0.36692	0.12722	0.00427	0.00545	0.01036	0.00382	0.00382
14	0.01176	0.01447	0.17788	0.19571	0.30735	0.01197	0.09019	0.01554	0.01144	0.04105	0.03415	0.01375	0.00897	0.00523	0.00573	0.00166	0.03842	0.00479	0.00266	0.00728
15	0.01542	0.04234	0.14553	0.01535	0.14587	0.08822	0.01193	0.22781	0.16768	0.05223	0.01306	0.01360	0.00975	0.00578	0.00504	0.00157	0.00605	0.00461	0.02013	0.00802
16	0.01496	0.01087	0.01257	0.04414	0.07144	0.03172	0.00887	0.09892	0.36987	0.16278	0.02106	0.02095	0.07077	0.00725	0.00537	0.00171	0.00466	0.02918	0.00506	0.00787
17	0.01062	0.01042	0.04915	0.06412	0.01767	0.01056	0.22602	0.08951	0.01135	0.01581	0.01188	0.01642	0.01008	0.02029	0.35614	0.00469	0.06089	0.00545	0.00290	0.00603
18	0.00839	0.00734	0.00809	0.00873	0.03803	0.07449	0.00608	0.02453	0.01157	0.01488	0.13160	0.37306	0.14942	0.01475	0.06138	0.00234	0.02991	0.02611	0.00447	0.00484
19	0.28020	0.11456	0.29657	0.01176	0.01695	0.01316	0.08122	0.07151	0.01150	0.01954	0.03326	0.01115	0.00794	0.00508	0.00437	0.00158	0.00606	0.00384	0.00290	0.00685
20	0.00634	0.00453	0.00604	0.00725	0.00755	0.00423	0.00483	0.00725	0.00997	0.01329	0.02870	0.81358	0.03444	0.01632	0.00665	0.00211	0.00302	0.01480	0.00483	0.00423
21	0.00744	0.00537	0.00725	0.00838	0.00916	0.00526	0.00651	0.00940	0.03267	0.01455	0.02799	0.45599	0.03193	0.01520	0.00685	0.00223	0.00384	0.34055	0.00483	0.00460
22	0.01235	0.05744	0.57362	0.01474	0.02125	0.15733	0.05916	0.01726	0.01175	0.01564	0.00909	0.01077	0.00669	0.00497	0.00490	0.00158	0.00799	0.00384	0.00231	0.00731
23	0.01220	0.01178	0.01944	0.13189	0.54198	0.01293	0.01493	0.01499	0.01095	0.01569	0.00918	0.01275	0.00781	0.00554	0.00737	0.00171	0.15432	0.00462	0.00249	0.00745
24	0.00746	0.00532	0.00716	0.00720	0.00772	0.00582	0.00505	0.00851	0.00809	0.01129	0.01548	0.05313	0.01623	0.36467	0.44651	0.00676	0.00984	0.00673	0.00301	0.00401
25	0.00962	0.00541	0.00671	0.00650	0.00771	0.00564	0.00491	0.01163	0.01018	0.06954	0.04214	0.02148	0.01486	0.08205	0.27908	0.00403	0.00675	0.00550	0.40133	0.00493
26	0.01514	0.32742	0.12564	0.01222	0.01677	0.13701	0.08873	0.14039	0.03094	0.02885	0.00957	0.01076	0.00760	0.00507	0.00444	0.00139	0.00669	0.00383	0.02041	0.00714
27	0.00644	0.00488	0.00594	0.00653	0.00743	0.00438	0.00457	0.00771	0.01127	0.01467	0.14873	0.46142	0.26818	0.01450	0.00642	0.00193	0.00282	0.01282	0.00497	0.00438
28	0.00665	0.00512	0.00583	0.00609	0.00718	0.00459	0.00432	0.00786	0.01114	0.01413	0.12334	0.20498	0.39197	0.13858	0.00947	0.00236	0.00317	0.04430	0.00467	0.00425
29	0.06990	0.47652	0.02093	0.00919	0.01343	0.01625	0.00848	0.09662	0.01304	0.21438	0.01121	0.01120	0.00844	0.00518	0.00402	0.00132	0.00520	0.00362	0.00369	0.00740
30	0.01229	0.01405	0.03073	0.02195	0.02722	0.01317	0.76558	0.01668	0.01229	0.01668	0.01054	0.01405	0.00790	0.00439	0.00615	0.00176	0.00878	0.00615	0.00263	0.00702
31	0.00663	0.00524	0.00597	0.00590	0.00735	0.00458	0.00438	0.00835	0.01281	0.01659	0.32644	0.10253	0.44981	0.01246	0.00619	0.00174	0.00260	0.01068	0.00517	0.00458
32	0.01080	0.00926	0.01080	0.00771	0.01234	0.00694	0.00617	0.01311	0.01080	0.01697	0.00926	0.01080	0.00771	0.00386	0.00386	0.00077	0.00386	0.00309	0.00309	0.84882
33	0.05140	0.03531	0.01203	0.00909	0.01267	0.00963	0.00746	0.19658	0.01633	0.36806	0.10393	0.02055	0.07964	0.00718	0.00520	0.00156	0.00436	0.00577	0.00552	0.04772
34	0.01166	0.15622	0.28112	0.01187	0.03453	0.07978	0.01213	0.04035	0.01226	0.03063	0.08715	0.03850	0.03266	0.00753	0.00544	0.00167	0.02130	0.12534	0.00331	0.00653
35	0.01255	0.00984	0.01337	0.01122	0.01287	0.01167	0.05335	0.16366	0.01212	0.06626	0.01200	0.01690	0.01058	0.10210	0.18831	0.00369	0.25920	0.00529	0.02892	0.00608
36	0.00749	0.00504	0.00581	0.00589	0.00594	0.00505	0.00340	0.00762	0.00776	0.01038	0.01710	0.08336	0.01969	0.73506	0.05566	0.00499	0.00527	0.00796	0.00325	0.00328
37	0.01588	0.07396	0.04748	0.21211	0.02155	0.35271	0.04356	0.12226	0.03310	0.01618	0.00940	0.01139	0.00734	0.00537	0.00489	0.00150	0.00778	0.00402	0.00295	0.00657
38	0.18681	0.10376	0.21584	0.14898	0.03457	0.01276	0.05043	0.08608	0.01199	0.04312	0.03297	0.01228	0.00843	0.00525	0.00456	0.00158	0.00602	0.00410	0.02366	0.00680
39	0.00635	0.00525	0.00553	0.00553	0.00712	0.00447	0.00409	0.00777	0.01206	0.01481	0.14393	0.07848	0.64119	0.03205	0.00666	0.00184	0.00269	0.01086	0.00491	0.00443
40	0.04547	0.41479	0.14837	0.01075	0.01545	0.03654	0.03445	0.06705	0.03471	0.11418	0.01016	0.01087	0.00788	0.00513	0.00446	0.00139	0.02433	0.00365	0.00311	0.00725

[dist]
# distance from previous block
# <min> <max>
0	1

[block]
# block no. 4 follows, 47 sequences, length 33
# corresponding to MSA columns:
# 703-735
name=unknown_E
#
# <colnr> <probs for GDERKNQSTAVLIFYWHMCP>
#	G	D	E	R	K	N	Q	S	T	A	V	L	I	F	Y	W	H	M	C	P
0	0.56486	0.01328	0.01027	0.00892	0.01209	0.14588	0.00718	0.12655	0.01213	0.02263	0.00815	0.00930	0.00633	0.00526	0.00417	0.00158	0.02860	0.00324	0.00340	0.00618
1	0.00757	0.00505	0.00568	0.00568	0.00568	0.00505	0.00316	0.00757	0.00757	0.01010	0.01641	0.03408	0.01893	0.81698	0.02651	0.00505	0.00505	0.00757	0.00316	0.00316
2	0.01400	0.12654	0.21098	0.11752	0.02184	0.26147	0.14427	0.01735	0.01228	0.01436	0.00885	0.01105	0.00692	0.00495	0.00490	0.00151	0.00804	0.00405	0.00245	0.00667
3	0.01097	0.00811	0.01017	0.00985	0.07197	0.00770	0.00692	0.01572	0.16441	0.08942	0.28245	0.06739	0.05024	0.00811	0.00539	0.00151	0.00358	0.00703	0.00486	0.17421
4	0.20287	0.14902	0.06878	0.01181	0.03308	0.22565	0.00977	0.09592	0.01404	0.08068	0.01078	0.01218	0.00858	0.00606	0.00482	0.00166	0.00670	0.00394	0.00374	0.04990
5	0.01207	0.00853	0.00906	0.00820	0.01054	0.00929	0.00636	0.04907	0.37838	0.06200	0.04131	0.02176	0.07034	0.00720	0.00483	0.00156	0.00349	0.00592	0.28325	0.00682
6	0.00753	0.00521	0.00649	0.00649	0.00677	0.00549	0.00416	0.00809	0.00781	0.01070	0.01567	0.02998	0.01715	0.58303	0.25802	0.00605	0.00773	0.00697	0.00305	0.00360
7	0.00985	0.07694	0.21778	0.00999	0.01320	0.00925	0.00972	0.10931	0.01235	0.01672	0.02098	0.36636	0.06138	0.01080	0.00574	0.00183	0.00486	0.03300	0.00397	0.00598
8	0.01152	0.01097	0.01866	0.37855	0.44863	0.01201	0.01530	0.01478	0.01121	0.01535	0.00955	0.01334	0.00766	0.00489	0.00518	0.00163	0.00653	0.00463	0.00246	0.00714
9	0.00634	0.00453	0.00604	0.00725	0.00755	0.00423	0.00483	0.00725	0.00997	0.01329	0.02870	0.81358	0.03444	0.01632	0.00665	0.00211	0.00302	0.01480	0.00483	0.00423
10	0.01289	0.01234	0.02084	0.03129	0.76000	0.01239	0.01574	0.01635	0.03611	0.01716	0.01016	0.01310	0.00849	0.00472	0.00516	0.00155	0.00612	0.00468	0.00266	0.00825
11	0.01274	0.00998	0.01092	0.00935	0.01206	0.01081	0.00738	0.23867	0.26731	0.02397	0.22741	0.02591	0.10432	0.00844	0.00559	0.00167	0.00399	0.00703	0.00534	0.00712
12	0.00965	0.00758	0.00918	0.00953	0.01123	0.00813	0.00777	0.01609	0.27580	0.01739	0.02614	0.14308	0.04455	0.01207	0.00644	0.00213	0.00428	0.37809	0.00498	0.00590
13	0.00816	0.00733	0.01083	0.42416	0.02221	0.00818	0.00956	0.01066	0.01118	0.01403	0.07206	0.06894	0.29488	0.00901	0.00568	0.00176	0.00490	0.00776	0.00357	0.00515
14	0.10719	0.13146	0.17614	0.01592	0.02100	0.11348	0.32954	0.01686	0.01172	0.01626	0.00915	0.01142	0.00707	0.00468	0.00500	0.00158	0.00766	0.00449	0.00256	0.00683
15	0.01434	0.01334	0.01725	0.02206	0.41780	0.08633	0.01254	0.11974	0.17837	0.01984	0.01269	0.01413	0.01000	0.00549	0.00510	0.00157	0.00586	0.00480	0.03072	0.00801
16	0.00706	0.00512	0.00593	0.00595	0.00670	0.00478	0.00394	0.00806	0.01055	0.01395	0.20970	0.11900	0.20824	0.35155	0.01478	0.00315	0.00365	0.00957	0.00434	0.00398
17	0.01156	0.01111	0.01915	0.36110	0.43590	0.01206	0.04429	0.01487	0.01126	0.01542	0.00959	0.01336	0.00768	0.00487	0.00522	0.00164	0.00661	0.00469	0.00247	0.00715
18	0.34908	0.00975	0.01080	0.00913	0.03498	0.00983	0.00723	0.06097	0.01296	0.42434	0.01457	0.01366	0.00969	0.00575	0.00444	0.00161	0.00439	0.00424	0.00500	0.00758
19	0.01171	0.01117	0.01900	0.33139	0.49433	0.01206	0.01539	0.01494	0.01130	0.01558	0.00959	0.01327	0.00774	0.00486	0.00518	0.00162	0.00648	0.00464	0.00248	0.00729
20	0.01167	0.00958	0.00998	0.00875	0.01138	0.02408	0.00685	0.17550	0.27008	0.02126	0.10434	0.03006	0.27648	0.00928	0.00564	0.00170	0.00389	0.00766	0.00512	0.00671
21	0.01347	0.01360	0.02267	0.02701	0.49833	0.07136	0.20135	0.01668	0.01216	0.03704	0.01006	0.01300	0.00813	0.00480	0.00568	0.00160	0.02770	0.00493	0.00269	0.00773
22	0.00687	0.00494	0.00651	0.00689	0.00767	0.00458	0.00487	0.00857	0.01242	0.01719	0.41484	0.41635	0.04198	0.01341	0.00639	0.00187	0.00273	0.01204	0.00529	0.00458
23	0.00990	0.00935	0.00883	0.00880	0.01004	0.16333	0.00647	0.04133	0.01182	0.01474	0.12433	0.31210	0.03950	0.01826	0.19281	0.00334	0.00690	0.00912	0.00406	0.00497
24	0.01245	0.23200	0.22741	0.01681	0.05246	0.03447	0.32027	0.01642	0.01154	0.01537	0.00926	0.01157	0.00722	0.00459	0.00501	0.00154	0.00755	0.00452	0.00241	0.00713
25	0.01344	0.01364	0.01659	0.33524	0.23809	0.18259	0.01327	0.01708	0.06580	0.03970	0.01035	0.01314	0.00808	0.00525	0.00509	0.00160	0.00699	0.00446	0.00281	0.00680
26	0.01285	0.01089	0.09241	0.01107	0.02905	0.00941	0.08701	0.07955	0.13063	0.14351	0.28073	0.02365	0.02422	0.00761	0.00576	0.00166	0.01631	0.00666	0.02005	0.00696
27	0.00725	0.00495	0.00656	0.00749	0.00816	0.00461	0.00535	0.00847	0.01069	0.04193	0.05720	0.61757	0.07450	0.01533	0.00662	0.00210	0.00326	0.10855	0.00492	0.00450
28	0.01475	0.16642	0.30338	0.01294	0.05849	0.01362	0.01297	0.16339	0.03311	0.12461	0.03975	0.01305	0.00979	0.00556	0.00481	0.00153	0.00611	0.00430	0.00360	0.00784
29	0.03946	0.01536	0.01621	0.21083	0.20704	0.24688	0.01236	0.12762	0.01416	0.01730	0.01012	0.01358	0.00828	0.00560	0.00506	0.00157	0.00715	0.03152	0.00303	0.00687
30	0.01132	0.01051	0.01399	0.13256	0.18425	0.10112	0.05873	0.01390	0.02217	0.04364	0.07959	0.08684	0.06978	0.04082	0.00657	0.00189	0.00573	0.10690	0.00364	0.00605
31	0.01168	0.01669	0.25206	0.14308	0.10747	0.01275	0.23483	0.04392	0.05274	0.01678	0.01035	0.01308	0.00781	0.00517	0.00602	0.00172	0.04906	0.00491	0.00267	0.00723
32	0.01318	0.01191	0.01755	0.29002	0.15892	0.05544	0.10145	0.11674	0.05415	0.04557	0.01136	0.02622	0.00884	0.00564	0.00570	0.00167	0.03592	0.00500	0.02776	0.00698

[dist]
# distance from previous block
# <min> <max>
53	216

[block]
# block no. 5 follows, 47 sequences, length 6
# corresponding to MSA columns:
# 1014-1019
name=unknown_F
#
# <colnr> <probs for GDERKNQSTAVLIFYWHMCP>
#	G	D	E	R	K	N	Q	S	T	A	V	L	I	F	Y	W	H	M	C	P
0	0.01501	0.21717	0.01631	0.01154	0.07100	0.11784	0.00884	0.04909	0.18422	0.12554	0.04001	0.04209	0.04329	0.00674	0.00486	0.00152	0.00533	0.02831	0.00409	0.00718
1	0.00834	0.11297	0.01004	0.00762	0.00873	0.00792	0.00580	0.00960	0.00842	0.01150	0.01382	0.02304	0.01400	0.27333	0.45528	0.00639	0.01011	0.00582	0.00283	0.00446
2	0.00666	0.00477	0.00632	0.00704	0.00762	0.00444	0.00486	0.00804	0.01144	0.01562	0.25990	0.57574	0.03895	0.01457	0.00649	0.00197	0.00285	0.01315	0.00511	0.00444
3	0.01454	0.11584	0.01399	0.01030	0.04508	0.01014	0.06377	0.04272	0.10930	0.23270	0.01612	0.02107	0.01360	0.25487	0.01159	0.00263	0.00518	0.00574	0.00424	0.00658
4	0.01207	0.01503	0.14455	0.06522	0.32912	0.01273	0.27497	0.01601	0.01162	0.01642	0.00982	0.01297	0.00774	0.00484	0.00602	0.00168	0.04418	0.00503	0.00251	0.00749
5	0.01614	0.01219	0.01575	0.01737	0.25092	0.01297	0.01100	0.22646	0.23782	0.12135	0.01523	0.01531	0.01123	0.00602	0.00522	0.00162	0.00524	0.00509	0.00459	0.00849

[dist]
# distance from previous block
# <min> <max>
16	43

[block]
# block no. 6 follows, 47 sequences, length 26
# corresponding to MSA columns:
# 1064-1089
name=unknown_G
#
# <colnr> <probs for GDERKNQSTAVLIFYWHMCP>
#	G	D	E	R	K	N	Q	S	T	A	V	L	I	F	Y	W	H	M	C	P
0	0.05616	0.25426	0.15540	0.01136	0.07364	0.06664	0.01005	0.03213	0.01184	0.02851	0.11664	0.01850	0.06554	0.04004	0.02686	0.00179	0.00574	0.01535	0.00321	0.00636
1	0.01482	0.48566	0.17920	0.01129	0.01618	0.07881	0.01133	0.01701	0.01217	0.03332	0.03824	0.01250	0.00982	0.00584	0.00460	0.00153	0.00653	0.00386	0.00304	0.05425
2	0.07213	0.58612	0.08054	0.00968	0.01409	0.01855	0.00961	0.08650	0.01178	0.02850	0.00810	0.00922	0.00692	0.00489	0.00417	0.00128	0.03523	0.00315	0.00265	0.00689
3	0.01141	0.38447	0.21012	0.01015	0.01436	0.01419	0.01058	0.04155	0.01111	0.01441	0.01343	0.18864	0.01372	0.00762	0.00468	0.00153	0.00551	0.03310	0.00300	0.00640
4	0.01140	0.43388	0.08400	0.00825	0.01169	0.01372	0.00803	0.01371	0.01153	0.01557	0.17220	0.03723	0.01734	0.00635	0.00420	0.00131	0.00454	0.00490	0.13411	0.00605
5	0.01348	0.58236	0.20449	0.01059	0.01569	0.06992	0.01140	0.01615	0.01095	0.01327	0.00778	0.00904	0.00666	0.00463	0.00381	0.00125	0.00632	0.00307	0.00225	0.00688
6	0.00844	0.19206	0.06265	0.00780	0.00965	0.00858	0.00648	0.00982	0.01013	0.01304	0.02358	0.43332	0.09353	0.08801	0.00761	0.00210	0.00407	0.01031	0.00391	0.00493
7	0.01178	0.25038	0.55371	0.01302	0.01970	0.01438	0.01601	0.01648	0.01098	0.03608	0.00905	0.01043	0.00679	0.00485	0.00450	0.00150	0.00701	0.00359	0.00232	0.00744
8	0.24122	0.29882	0.10900	0.00927	0.01355	0.01450	0.00901	0.08556	0.01215	0.10995	0.04605	0.01163	0.00933	0.00531	0.00403	0.00144	0.00514	0.00370	0.00343	0.00690
9	0.00715	0.00566	0.00653	0.00700	0.00816	0.00543	0.00497	0.01001	0.11098	0.01468	0.03611	0.44292	0.29310	0.01401	0.00630	0.00194	0.00303	0.01230	0.00490	0.00481
10	0.00662	0.00476	0.00633	0.00749	0.00798	0.00448	0.00529	0.00775	0.01032	0.01364	0.02952	0.67885	0.06405	0.01592	0.00670	0.00214	0.00325	0.11575	0.00483	0.00431
11	0.01887	0.01624	0.04387	0.05225	0.10411	0.31574	0.02954	0.02101	0.01401	0.29607	0.01390	0.01406	0.02519	0.00579	0.00505	0.00151	0.00688	0.00450	0.00405	0.00736
12	0.01522	0.30357	0.16670	0.01250	0.01740	0.08834	0.08252	0.22010	0.01497	0.01909	0.00945	0.01061	0.00737	0.00511	0.00454	0.00142	0.00667	0.00387	0.00311	0.00744
13	0.00619	0.00512	0.00543	0.00568	0.00714	0.00436	0.00414	0.00743	0.01148	0.01391	0.04781	0.20719	0.62851	0.01383	0.00626	0.00183	0.00272	0.01178	0.00484	0.00436
14	0.01108	0.01539	0.23032	0.25640	0.21638	0.01255	0.05009	0.01490	0.01071	0.01516	0.00916	0.01253	0.00720	0.00546	0.00670	0.00174	0.11042	0.00448	0.00236	0.00697
15	0.01335	0.17745	0.45198	0.01336	0.01919	0.20867	0.01499	0.01739	0.01185	0.01475	0.00862	0.01009	0.00664	0.00496	0.00458	0.00147	0.00771	0.00352	0.00232	0.00709
16	0.01438	0.04085	0.37576	0.01389	0.01922	0.05531	0.09194	0.01836	0.01190	0.19741	0.01169	0.01278	0.00825	0.00573	0.00648	0.00169	0.09909	0.00444	0.00328	0.00755
17	0.01125	0.15112	0.35699	0.01355	0.01796	0.01444	0.05131	0.01482	0.00996	0.01440	0.00852	0.01128	0.00705	0.00773	0.04631	0.00208	0.24811	0.00408	0.00228	0.00675
18	0.01171	0.04610	0.14881	0.01304	0.01658	0.08812	0.19536	0.01453	0.01168	0.08655	0.01722	0.29227	0.01724	0.00894	0.00577	0.00178	0.00611	0.00827	0.00367	0.00622
19	0.01184	0.01259	0.18806	0.01312	0.09393	0.00871	0.09576	0.02808	0.01226	0.15344	0.02448	0.11739	0.20095	0.00850	0.00566	0.00172	0.00526	0.00750	0.00405	0.00669
20	0.00991	0.24524	0.01378	0.02585	0.03187	0.05409	0.00745	0.01144	0.01084	0.01346	0.02014	0.36041	0.02268	0.01134	0.00560	0.00181	0.00461	0.14037	0.00383	0.00529
21	0.01252	0.01373	0.02336	0.23826	0.13569	0.10278	0.36507	0.01612	0.01200	0.01534	0.00979	0.01330	0.00755	0.00476	0.00558	0.00167	0.00798	0.00519	0.00254	0.00674
22	0.82634	0.03653	0.00830	0.00692	0.01018	0.01197	0.00575	0.01532	0.00892	0.02300	0.00725	0.00846	0.00567	0.00482	0.00323	0.00160	0.00408	0.00282	0.00319	0.00567
23	0.01026	0.00936	0.01557	0.63073	0.14142	0.01116	0.01384	0.01360	0.01066	0.01432	0.00994	0.01417	0.00763	0.00519	0.00508	0.00167	0.00648	0.00465	0.06819	0.00607
24	0.01512	0.01295	0.01749	0.14436	0.31335	0.06802	0.02941	0.22273	0.01559	0.06251	0.03991	0.01396	0.00988	0.00554	0.00521	0.00158	0.00623	0.00481	0.00360	0.00775
25	0.01593	0.01245	0.01243	0.01018	0.01307	0.08419	0.00804	0.45148	0.01905	0.02529	0.08089	0.01929	0.01449	0.12343	0.00825	0.00205	0.00543	0.02439	0.06262	0.00705

[dist]
# distance from previous block
# <min> <max>
2	3

[block]
# block no. 7 follows, 47 sequences, length 8
# corresponding to MSA columns:
# 1096-1103
name=unknown_H
#
# <colnr> <probs for GDERKNQSTAVLIFYWHMCP>
#	G	D	E	R	K	N	Q	S	T	A	V	L	I	F	Y	W	H	M	C	P
0	0.18051	0.08663	0.07831	0.01287	0.01668	0.34490	0.10966	0.08230	0.01346	0.01732	0.00864	0.01013	0.00683	0.00510	0.00455	0.00147	0.00749	0.00372	0.00292	0.00652
1	0.00699	0.00509	0.00716	0.00767	0.00825	0.00542	0.00551	0.00829	0.00897	0.01242	0.02037	0.35558	0.02255	0.09701	0.39701	0.00545	0.00858	0.00964	0.00368	0.00434
2	0.12789	0.01314	0.05576	0.01043	0.01426	0.05848	0.00889	0.34952	0.01811	0.18902	0.09008	0.01546	0.01307	0.00642	0.00500	0.00158	0.00523	0.00491	0.00495	0.00781
3	0.01140	0.00809	0.01023	0.00933	0.01134	0.00909	0.00736	0.09424	0.18503	0.08546	0.01603	0.01915	0.01323	0.02545	0.46326	0.00555	0.01001	0.00553	0.00394	0.00628
4	0.07667	0.00827	0.01158	0.08373	0.18322	0.00810	0.00861	0.01445	0.01275	0.16523	0.19766	0.02665	0.16583	0.00807	0.00545	0.00164	0.00422	0.00693	0.00450	0.00644
5	0.01396	0.61476	0.14425	0.01030	0.01507	0.09960	0.01063	0.01627	0.01108	0.01296	0.00765	0.00887	0.00667	0.00463	0.00373	0.00122	0.00629	0.00301	0.00227	0.00677
6	0.00682	0.00485	0.00610	0.00672	0.00711	0.00473	0.00441	0.00757	0.00921	0.01224	0.02525	0.43330	0.08494	0.26719	0.09181	0.00363	0.00472	0.01134	0.00411	0.00395
7	0.00897	0.04927	0.42962	0.01085	0.01578	0.00926	0.01258	0.01302	0.01172	0.01633	0.13964	0.05406	0.19173	0.00812	0.00541	0.00167	0.00547	0.00671	0.00345	0.00634

[dist]
# distance from previous block
# <min> <max>
1	2

[block]
# block no. 8 follows, 47 sequences, length 6
# corresponding to MSA columns:
# 1106-1111
name=unknown_I
#
# <colnr> <probs for GDERKNQSTAVLIFYWHMCP>
#	G	D	E	R	K	N	Q	S	T	A	V	L	I	F	Y	W	H	M	C	P
0	0.01006	0.11787	0.13454	0.01152	0.10283	0.03100	0.00920	0.01370	0.06918	0.01730	0.29590	0.02541	0.06430	0.06715	0.00686	0.00182	0.00464	0.00663	0.00399	0.00610
1	0.01464	0.01258	0.01803	0.09413	0.34838	0.06556	0.06893	0.06155	0.13534	0.10889	0.01293	0.01443	0.00980	0.00542	0.00524	0.00161	0.00611	0.00494	0.00361	0.00788
2	0.07441	0.01118	0.01673	0.07390	0.10958	0.01166	0.17650	0.16457	0.09076	0.02088	0.09632	0.02053	0.07047	0.00680	0.00551	0.00169	0.00566	0.03190	0.00399	0.00697
3	0.01178	0.01001	0.01455	0.07435	0.23981	0.03520	0.05105	0.01451	0.03265	0.06831	0.01376	0.10645	0.01276	0.05317	0.02870	0.00188	0.00554	0.02490	0.00337	0.19724
4	0.01158	0.01305	0.14597	0.19907	0.16076	0.01085	0.06873	0.06616	0.03155	0.04225	0.06938	0.01689	0.05233	0.00586	0.00522	0.00158	0.00599	0.00522	0.00323	0.08434
5	0.01234	0.01331	0.10248	0.19914	0.20309	0.05462	0.10788	0.01690	0.08840	0.05619	0.01247	0.04410	0.01016	0.00581	0.00533	0.00166	0.00651	0.02490	0.00312	0.03158

[dist]
# distance from previous block
# <min> <max>
4	35

[block]
# block no. 9 follows, 47 sequences, length 29
# corresponding to MSA columns:
# 1153-1181
name=unknown_J
#
# <colnr> <probs for GDERKNQSTAVLIFYWHMCP>
#	G	D	E	R	K	N	Q	S	T	A	V	L	I	F	Y	W	H	M	C	P
0	0.01212	0.00918	0.01021	0.00890	0.01169	0.00957	0.00694	0.06809	0.35476	0.08363	0.13102	0.05115	0.12341	0.00829	0.00543	0.00164	0.00375	0.00697	0.00516	0.08809
1	0.01226	0.01433	0.13673	0.01676	0.03804	0.01168	0.38607	0.07118	0.05446	0.04308	0.06504	0.03823	0.02848	0.00574	0.00569	0.00166	0.00695	0.00602	0.00337	0.05423
2	0.00695	0.00518	0.00654	0.00729	0.00803	0.00497	0.00510	0.00906	0.06332	0.01485	0.11375	0.58467	0.10089	0.01472	0.00647	0.00201	0.00305	0.03356	0.00496	0.00461
3	0.01392	0.82012	0.02729	0.00891	0.01337	0.02061	0.00891	0.01559	0.01058	0.01225	0.00724	0.00835	0.00668	0.00446	0.00334	0.00111	0.00557	0.00278	0.00223	0.00668
4	0.01355	0.66357	0.15100	0.01003	0.01495	0.04598	0.01063	0.01592	0.01079	0.01296	0.00761	0.00882	0.00667	0.00457	0.00365	0.00121	0.00605	0.00298	0.00224	0.00683
5	0.01372	0.77487	0.07080	0.00925	0.01389	0.02012	0.00950	0.01564	0.01061	0.01249	0.00736	0.00850	0.00668	0.00448	0.00343	0.00114	0.00569	0.00285	0.00223	0.00674
6	0.85377	0.01007	0.00765	0.00685	0.01007	0.01168	0.00564	0.01531	0.00886	0.02336	0.00725	0.00846	0.00564	0.00483	0.00322	0.00161	0.00403	0.00282	0.00322	0.00564
7	0.00831	0.00479	0.00623	0.00623	0.00623	0.00479	0.00384	0.00718	0.00718	0.00957	0.01275	0.02501	0.01402	0.41988	0.02345	0.42429	0.00479	0.00606	0.00271	0.00271
8	0.01146	0.01303	0.08902	0.01491	0.02010	0.01027	0.35738	0.01506	0.01150	0.01679	0.00985	0.01231	0.00770	0.00420	0.00501	0.00130	0.00647	0.00456	0.00280	0.38627
9	0.00889	0.01274	0.26675	0.00945	0.01295	0.00758	0.00980	0.01286	0.03626	0.03672	0.46563	0.02889	0.05325	0.00862	0.00570	0.00165	0.00429	0.00741	0.00454	0.00601
10	0.00744	0.00558	0.00837	0.00837	0.00930	0.00651	0.00651	0.00930	0.00837	0.01209	0.01395	0.02046	0.01302	0.03906	0.79635	0.00837	0.01395	0.00558	0.00279	0.00465
11	0.01392	0.82012	0.02729	0.00891	0.01337	0.02061	0.00891	0.01559	0.01058	0.01225	0.00724	0.00835	0.00668	0.00446	0.00334	0.00111	0.00557	0.00278	0.00223	0.00668
12	0.01319	0.01423	0.23353	0.01006	0.01544	0.00855	0.01020	0.01651	0.01167	0.16980	0.01152	0.01223	0.00842	0.00468	0.00444	0.00119	0.00507	0.00373	0.00350	0.44204
13	0.01804	0.03337	0.19365	0.01175	0.01662	0.01279	0.01132	0.32723	0.06675	0.23388	0.01441	0.01393	0.00984	0.00602	0.00512	0.00160	0.00572	0.00468	0.00479	0.00850
14	0.00910	0.00773	0.01296	0.01388	0.11391	0.00752	0.12577	0.01154	0.01154	0.01539	0.02288	0.22608	0.02478	0.01202	0.00663	0.00212	0.00517	0.36135	0.00418	0.00546
15	0.00754	0.00516	0.00626	0.00626	0.00647	0.00537	0.00388	0.00795	0.00775	0.01053	0.01587	0.03112	0.01765	0.64785	0.19388	0.00577	0.00698	0.00714	0.00308	0.00348
16	0.04035	0.15219	0.55113	0.01331	0.01980	0.07686	0.01597	0.01698	0.01130	0.04361	0.00924	0.01060	0.00682	0.00495	0.00462	0.00154	0.00725	0.00365	0.00243	0.00737
17	0.01152	0.28583	0.10673	0.01284	0.01707	0.01362	0.22488	0.03770	0.01171	0.01513	0.02948	0.10063	0.08201	0.00691	0.00511	0.00157	0.00612	0.02167	0.00306	0.00642
18	0.01650	0.01028	0.01213	0.02812	0.01378	0.03354	0.00865	0.24205	0.04397	0.23835	0.02004	0.05297	0.03917	0.00885	0.00611	0.00182	0.02896	0.18214	0.00521	0.00734
19	0.01102	0.00957	0.01116	0.01014	0.01088	0.08127	0.00786	0.01207	0.00960	0.06565	0.01604	0.11173	0.05963	0.17214	0.05148	0.00294	0.31600	0.03239	0.00333	0.00512
20	0.04073	0.11303	0.21080	0.01172	0.01655	0.01442	0.01161	0.38527	0.01779	0.04560	0.03655	0.01450	0.02844	0.00617	0.00496	0.00156	0.00592	0.02244	0.00407	0.00788
21	0.01065	0.04173	0.19048	0.01644	0.02127	0.01123	0.40630	0.01465	0.01189	0.01625	0.06151	0.07820	0.08171	0.00658	0.00583	0.00173	0.00707	0.00682	0.00308	0.00659
22	0.01754	0.00772	0.01030	0.00853	0.01159	0.00672	0.00681	0.01939	0.01350	0.50180	0.06705	0.12936	0.04156	0.03267	0.00616	0.00178	0.00407	0.04701	0.00574	0.06069
23	0.01756	0.00944	0.01143	0.00906	0.01261	0.00897	0.00733	0.15122	0.07932	0.36725	0.08647	0.02032	0.06795	0.00700	0.00519	0.00153	0.00422	0.00571	0.02790	0.09954
24	0.01591	0.05668	0.01267	0.03803	0.01341	0.00911	0.04383	0.11483	0.03110	0.31945	0.10846	0.07686	0.10402	0.00804	0.00544	0.00163	0.00442	0.00680	0.00524	0.02407
25	0.01469	0.08492	0.01460	0.03841	0.12041	0.10324	0.00922	0.08700	0.11098	0.12040	0.03455	0.06986	0.01277	0.00646	0.00494	0.00147	0.00529	0.01981	0.00402	0.13698
26	0.06834	0.11527	0.03436	0.01047	0.04360	0.06163	0.00829	0.19988	0.06318	0.12176	0.01703	0.08936	0.06342	0.05120	0.02775	0.00195	0.00537	0.00588	0.00429	0.00697
27	0.01492	0.05088	0.01393	0.01238	0.09439	0.05340	0.00895	0.26228	0.16508	0.06075	0.06290	0.04211	0.07060	0.00705	0.00519	0.00156	0.00497	0.00574	0.00460	0.05832
28	0.04207	0.07212	0.03861	0.02180	0.01392	0.13264	0.00854	0.16229	0.14929	0.05318	0.05676	0.05432	0.04397	0.00682	0.00521	0.00150	0.02355	0.00530	0.00415	0.10394

[dist]
# distance from previous block
# <min> <max>
5	51

[block]
# block no. 10 follows, 47 sequences, length 232
# corresponding to MSA columns:
# 1245-1358,1360-1477
name=unknown_K
#
# <colnr> <probs for GDERKNQSTAVLIFYWHMCP>
#	G	D	E	R	K	N	Q	S	T	A	V	L	I	F	Y	W	H	M	C	P
0	0.01641	0.03176	0.01536	0.05061	0.14490	0.06122	0.03114	0.24468	0.10673	0.14589	0.06944	0.03192	0.01334	0.00643	0.00526	0.00160	0.00548	0.00536	0.00457	0.00789
1	0.01447	0.01040	0.01354	0.05929	0.05819	0.01055	0.05563	0.17220	0.14567	0.14099	0.02958	0.10866	0.02938	0.00721	0.00530	0.00159	0.00486	0.00622	0.00461	0.12166
2	0.05133	0.01238	0.01268	0.01065	0.03120	0.07297	0.00829	0.30523	0.13424	0.06977	0.03182	0.04493	0.06251	0.00680	0.00505	0.00151	0.00500	0.00537	0.00464	0.12365
3	0.09453	0.00983	0.01116	0.00941	0.01226	0.03578	0.03941	0.12334	0.15238	0.09678	0.11217	0.07511	0.05014	0.03186	0.04874	0.00206	0.00494	0.00634	0.00461	0.07913
4	0.01422	0.00916	0.01308	0.03492	0.02963	0.00879	0.09591	0.07511	0.08749	0.22956	0.10935	0.06763	0.06198	0.00803	0.00563	0.00168	0.00469	0.06586	0.00494	0.07235
5	0.01362	0.01085	0.03028	0.01544	0.19715	0.02566	0.05861	0.01895	0.18390	0.14351	0.04542	0.06131	0.02934	0.00642	0.00519	0.00154	0.00495	0.00571	0.00419	0.13796
6	0.06454	0.10494	0.01492	0.01231	0.10248	0.06985	0.00894	0.08619	0.15296	0.16049	0.01339	0.01353	0.01000	0.00554	0.00482	0.00142	0.01764	0.00431	0.00411	0.14764
7	0.01883	0.04126	0.01373	0.01023	0.01416	0.02746	0.00841	0.33093	0.06886	0.26757	0.03188	0.01497	0.01135	0.00614	0.00499	0.00148	0.00494	0.00479	0.02543	0.09257
8	0.08662	0.01425	0.02566	0.01905	0.03702	0.06357	0.55139	0.07344	0.02825	0.03320	0.01063	0.01330	0.00796	0.00473	0.00568	0.00170	0.00796	0.00552	0.00301	0.00706
9	0.01415	0.01410	0.03377	0.02370	0.45903	0.10325	0.03050	0.07889	0.15459	0.01865	0.01193	0.01365	0.00950	0.00530	0.00515	0.00157	0.00623	0.00475	0.00330	0.00800
10	0.04593	0.13510	0.04746	0.00803	0.01052	0.02524	0.00677	0.11293	0.01336	0.01778	0.15108	0.18364	0.20228	0.01019	0.00547	0.00166	0.00399	0.00852	0.00439	0.00565
11	0.01233	0.08143	0.13759	0.00949	0.01294	0.01035	0.00879	0.19578	0.03206	0.07286	0.07129	0.11494	0.17074	0.03843	0.00621	0.00178	0.00474	0.00730	0.00439	0.00657
12	0.82385	0.01003	0.00781	0.00694	0.01019	0.01154	0.00571	0.01567	0.00908	0.05091	0.00773	0.00879	0.00590	0.00489	0.00330	0.00161	0.00404	0.00291	0.00334	0.00576
13	0.01690	0.02069	0.01499	0.22331	0.02134	0.58791	0.01123	0.01881	0.01360	0.01289	0.00837	0.01058	0.00677	0.00532	0.00483	0.00145	0.00874	0.00369	0.00259	0.00597
14	0.00757	0.00505	0.00568	0.00568	0.00568	0.00505	0.00316	0.00757	0.00757	0.01010	0.01641	0.03408	0.01893	0.81698	0.02651	0.00505	0.00505	0.00757	0.00316	0.00316
15	0.01139	0.01139	0.01595	0.01367	0.01367	0.01595	0.01139	0.01253	0.00798	0.01253	0.00684	0.01139	0.00684	0.00911	0.01709	0.00228	0.80745	0.00456	0.00228	0.00570
16	0.01806	0.03293	0.20490	0.01210	0.01712	0.01363	0.01174	0.42688	0.01908	0.17203	0.01315	0.01304	0.00903	0.00593	0.00511	0.00158	0.00596	0.00455	0.00465	0.00853
17	0.33689	0.05306	0.01259	0.01072	0.01369	0.46440	0.00833	0.01848	0.01234	0.01677	0.00771	0.00899	0.00630	0.00512	0.00408	0.00143	0.00719	0.00313	0.00287	0.00591
18	0.00779	0.00595	0.00722	0.00679	0.00829	0.00570	0.00513	0.01139	0.09639	0.01993	0.58719	0.03853	0.15865	0.01065	0.00605	0.00167	0.00266	0.00928	0.00555	0.00519
19	0.01091	0.01083	0.01683	0.28901	0.02230	0.01424	0.06339	0.01308	0.00911	0.01308	0.00793	0.01244	0.00694	0.00744	0.01222	0.00205	0.47536	0.00469	0.00231	0.00582
20	0.01945	0.02482	0.01476	0.01342	0.01610	0.79608	0.01006	0.02079	0.01476	0.01275	0.00805	0.00939	0.00671	0.00537	0.00470	0.00134	0.00939	0.00335	0.00268	0.00604
21	0.01392	0.82012	0.02729	0.00891	0.01337	0.02061	0.00891	0.01559	0.01058	0.01225	0.00724	0.00835	0.00668	0.00446	0.00334	0.00111	0.00557	0.00278	0.00223	0.00668
22	0.83555	0.01004	0.00775	0.00690	0.01014	0.01159	0.00568	0.01553	0.00900	0.04014	0.00754	0.00866	0.00580	0.00487	0.00327	0.00161	0.00404	0.00287	0.00329	0.00571
23	0.00752	0.00597	0.00638	0.00631	0.00807	0.00548	0.00471	0.01039	0.10102	0.03848	0.05846	0.15020	0.55290	0.01265	0.00609	0.00180	0.00292	0.01071	0.00496	0.00497
24	0.01332	0.01137	0.01198	0.01067	0.01368	0.01313	0.00833	0.06782	0.73434	0.02238	0.02072	0.01905	0.01551	0.00702	0.00529	0.00176	0.00421	0.00582	0.00529	0.00828
25	0.85377	0.01007	0.00765	0.00685	0.01007	0.01168	0.00564	0.01531	0.00886	0.02336	0.00725	0.00846	0.00564	0.00483	0.00322	0.00161	0.00403	0.00282	0.00322	0.00564
26	0.01034	0.02622	0.76394	0.01457	0.02205	0.01186	0.01876	0.01627	0.01112	0.01664	0.03505	0.01192	0.00801	0.00514	0.00499	0.00165	0.00752	0.00403	0.00232	0.00760
27	0.00757	0.00505	0.00568	0.00568	0.00568	0.00505	0.00316	0.00757	0.00757	0.01010	0.01641	0.03408	0.01893	0.81698	0.02651	0.00505	0.00505	0.00757	0.00316	0.00316
28	0.01392	0.82012	0.02729	0.00891	0.01337	0.02061	0.00891	0.01559	0.01058	0.01225	0.00724	0.00835	0.00668	0.00446	0.00334	0.00111	0.00557	0.00278	0.00223	0.00668
29	0.80795	0.01003	0.00809	0.05015	0.01147	0.01168	0.00612	0.01520	0.00895	0.02282	0.00736	0.00875	0.00571	0.00485	0.00333	0.00162	0.00419	0.00292	0.00317	0.00565
30	0.00982	0.00853	0.01391	0.01214	0.01443	0.00856	0.19375	0.03175	0.11512	0.01653	0.02159	0.19078	0.02203	0.02893	0.02563	0.00225	0.00552	0.25047	0.02251	0.00576
31	0.03663	0.03804	0.01731	0.03692	0.27299	0.22658	0.01199	0.20104	0.01543	0.03353	0.00987	0.01164	0.00785	0.00553	0.00563	0.00153	0.05245	0.00421	0.00330	0.00750
32	0.00748	0.00542	0.00757	0.00757	0.00822	0.00608	0.00551	0.00879	0.00813	0.01150	0.01468	0.02451	0.01478	0.27041	0.56740	0.00738	0.01130	0.00617	0.00290	0.00421
33	0.01208	0.03173	0.27524	0.01057	0.01612	0.00969	0.01101	0.05645	0.03506	0.06613	0.01049	0.01161	0.00795	0.00463	0.00442	0.00120	0.00534	0.00364	0.00316	0.42349
34	0.01110	0.01096	0.01538	0.01327	0.01334	0.01524	0.01103	0.01229	0.00801	0.01250	0.00737	0.01207	0.00730	0.01137	0.07567	0.00274	0.74780	0.00463	0.00232	0.00562
35	0.01980	0.01459	0.01563	0.01198	0.01615	0.01615	0.00990	0.76713	0.02448	0.03282	0.01250	0.01250	0.00886	0.00625	0.00521	0.00156	0.00573	0.00469	0.00521	0.00886
36	0.01406	0.03545	0.07532	0.01538	0.13400	0.01268	0.10064	0.10010	0.32037	0.08069	0.01630	0.01639	0.02626	0.00606	0.00527	0.00165	0.00547	0.00535	0.00427	0.02427
37	0.01104	0.01068	0.04188	0.58586	0.03079	0.02891	0.05448	0.01493	0.04858	0.04693	0.01019	0.01395	0.00767	0.00560	0.00614	0.00176	0.06705	0.00474	0.00266	0.00617
38	0.00685	0.00490	0.00660	0.00767	0.00823	0.00465	0.00557	0.00820	0.01079	0.01441	0.09325	0.59267	0.03479	0.01543	0.00672	0.00213	0.00334	0.16448	0.00490	0.00440
39	0.01079	0.00915	0.01618	0.05796	0.08326	0.00901	0.21609	0.01402	0.02724	0.05700	0.01963	0.03660	0.01937	0.02886	0.00694	0.00212	0.00609	0.36973	0.00394	0.00600
40	0.01027	0.01444	0.22662	0.01426	0.05839	0.01129	0.11784	0.01388	0.02781	0.01608	0.11840	0.02148	0.06729	0.00787	0.00844	0.00187	0.19832	0.05588	0.00320	0.00637
41	0.21780	0.00833	0.01008	0.00932	0.05295	0.00808	0.00691	0.01812	0.01259	0.36545	0.10696	0.12818	0.01813	0.00782	0.00505	0.00168	0.00400	0.00644	0.00516	0.00695
42	0.00681	0.00473	0.00590	0.00665	0.00684	0.00454	0.00419	0.00737	0.00906	0.01208	0.02402	0.51678	0.02854	0.32118	0.01421	0.00323	0.00379	0.01205	0.00419	0.00382
