[name]
unknown

[dist]
# distance from previous block
# <min> <max>
0	127

[block]
# block no. 0 follows, 42 sequences, length 53
# corresponding to MSA columns:
# 144-196
name=unknown_A
#
# <colnr> <probs for GDERKNQSTAVLIFYWHMCP>
#	G	D	E	R	K	N	Q	S	T	A	V	L	I	F	Y	W	H	M	C	P
0	0.07012	0.02878	0.01618	0.01496	0.09543	0.15377	0.08473	0.12248	0.13332	0.06077	0.03968	0.03670	0.05256	0.00758	0.00573	0.00179	0.00643	0.05703	0.00439	0.00758
1	0.02947	0.09271	0.09052	0.01081	0.01466	0.10449	0.00951	0.11802	0.05106	0.12929	0.05214	0.07193	0.03756	0.00957	0.05434	0.00207	0.00636	0.00583	0.02080	0.08886
2	0.10391	0.05714	0.13880	0.01147	0.01552	0.10280	0.01048	0.10375	0.11908	0.10915	0.07628	0.06437	0.01518	0.00736	0.00562	0.00174	0.02263	0.00573	0.00445	0.02454
3	0.06557	0.07626	0.07382	0.03314	0.18666	0.09323	0.05029	0.09228	0.10735	0.03919	0.05674	0.01778	0.03248	0.00656	0.00543	0.00169	0.00633	0.02582	0.00387	0.02550
4	0.05600	0.01423	0.05332	0.03005	0.10272	0.09553	0.01035	0.21094	0.11658	0.05819	0.09770	0.01938	0.05105	0.00720	0.00553	0.00169	0.00573	0.00579	0.02542	0.03260
5	0.01402	0.12432	0.11566	0.01398	0.01834	0.06181	0.18658	0.04295	0.10394	0.07992	0.01671	0.08305	0.04295	0.04808	0.00687	0.00194	0.00670	0.00648	0.00385	0.02186
6	0.05379	0.07653	0.09210	0.01407	0.10173	0.02700	0.02652	0.09304	0.10782	0.17257	0.06650	0.01798	0.01409	0.04785	0.00752	0.00195	0.06095	0.00551	0.00450	0.00799
7	0.05982	0.14225	0.07118	0.02721	0.09759	0.03416	0.04399	0.09959	0.08907	0.05487	0.05942	0.01494	0.01208	0.00583	0.00498	0.00149	0.00570	0.00473	0.00386	0.16724
8	0.01501	0.06560	0.27116	0.03541	0.06603	0.13713	0.03230	0.15745	0.05471	0.02081	0.06689	0.02788	0.01218	0.00641	0.00546	0.00169	0.00728	0.00507	0.00363	0.00792
9	0.01311	0.06077	0.15540	0.01230	0.05603	0.08340	0.02900	0.08529	0.01376	0.01874	0.01624	0.01729	0.10580	0.00619	0.00504	0.00138	0.00590	0.00494	0.00348	0.30593
10	0.01256	0.09582	0.40022	0.01516	0.08087	0.05255	0.03034	0.06148	0.03349	0.01863	0.05521	0.01703	0.06413	0.00643	0.00536	0.00169	0.00698	0.00517	0.02915	0.00773
11	0.00980	0.00774	0.00795	0.00765	0.00832	0.06134	0.00499	0.03381	0.05034	0.01288	0.01686	0.03121	0.01808	0.56742	0.13385	0.00538	0.00715	0.00735	0.00351	0.00436
12	0.00804	0.00603	0.00904	0.00904	0.01005	0.00703	0.00703	0.01005	0.00904	0.01306	0.01507	0.02211	0.01407	0.04221	0.77992	0.00904	0.01507	0.00603	0.00301	0.00502
13	0.12436	0.08399	0.16424	0.01408	0.07071	0.18403	0.05345	0.05709	0.03200	0.01853	0.05363	0.05951	0.03106	0.02305	0.00569	0.00176	0.00695	0.00538	0.00342	0.00705
14	0.01542	0.08609	0.02155	0.07117	0.49200	0.18467	0.01508	0.01823	0.01330	0.01667	0.00989	0.01272	0.00831	0.00521	0.00529	0.00159	0.00744	0.00453	0.00276	0.00808
15	0.02484	0.01023	0.01346	0.01032	0.01469	0.00924	0.00853	0.10368	0.01720	0.69322	0.02128	0.01856	0.01347	0.00694	0.00566	0.00174	0.00494	0.00560	0.00682	0.00958
16	0.01354	0.01446	0.02908	0.02803	0.32311	0.01389	0.45628	0.01773	0.01310	0.01817	0.01107	0.01468	0.00869	0.00485	0.00622	0.00181	0.00837	0.00599	0.00282	0.00812
17	0.01352	0.01528	0.11675	0.04472	0.61619	0.01336	0.03551	0.01775	0.03870	0.01841	0.01096	0.01397	0.00894	0.00515	0.00558	0.00170	0.00690	0.00499	0.00283	0.00876
18	0.00804	0.00603	0.00904	0.00904	0.01005	0.00703	0.00703	0.01005	0.00904	0.01306	0.01507	0.02211	0.01407	0.04221	0.77992	0.00904	0.01507	0.00603	0.00301	0.00502
19	0.00978	0.00489	0.00733	0.00733	0.00733	0.00489	0.00489	0.00733	0.00733	0.00978	0.00978	0.01711	0.00978	0.01955	0.02199	0.83627	0.00489	0.00489	0.00244	0.00244
20	0.01986	0.01626	0.08573	0.01428	0.01926	0.01575	0.10368	0.52056	0.02249	0.10444	0.01380	0.01413	0.00966	0.00640	0.00573	0.00173	0.00666	0.00524	0.00512	0.00921
21	0.03429	0.02178	0.38378	0.01868	0.17817	0.07777	0.01652	0.02038	0.14458	0.03189	0.01251	0.01384	0.00939	0.00575	0.00540	0.00175	0.00728	0.00468	0.00321	0.00836
22	0.00777	0.00590	0.00716	0.00682	0.00835	0.00539	0.00512	0.01043	0.03452	0.02059	0.55206	0.04479	0.24606	0.01215	0.00662	0.00181	0.00276	0.01054	0.00592	0.00525
23	0.01451	0.06843	0.05556	0.00987	0.01477	0.01092	0.00854	0.17039	0.01517	0.06053	0.03759	0.01333	0.01031	0.00523	0.00467	0.00117	0.00493	0.00408	0.00399	0.48602
24	0.01985	0.00975	0.01251	0.00935	0.01396	0.00797	0.00763	0.02216	0.01434	0.47186	0.01735	0.01618	0.01171	0.00585	0.00507	0.00138	0.00454	0.00474	0.00552	0.33830
25	0.01400	0.01209	0.01273	0.01145	0.01463	0.01400	0.00891	0.02990	0.75695	0.02354	0.02291	0.02100	0.01718	0.00764	0.00573	0.00191	0.00445	0.00636	0.00573	0.00891
26	0.00873	0.00724	0.00790	0.00744	0.00895	0.06007	0.00558	0.01115	0.01555	0.02105	0.62449	0.04126	0.13658	0.01144	0.00653	0.00176	0.00321	0.00992	0.00584	0.00533
27	0.01869	0.25695	0.01947	0.01243	0.01593	0.45764	0.01011	0.07168	0.01512	0.01554	0.00931	0.01064	0.00780	0.00561	0.00462	0.00139	0.00823	0.00363	0.04833	0.00688
28	0.84197	0.01088	0.00827	0.00740	0.01088	0.01262	0.00609	0.01654	0.00958	0.02525	0.00784	0.00914	0.00609	0.00522	0.00348	0.00174	0.00435	0.00305	0.00348	0.00609
29	0.00890	0.00642	0.00883	0.01004	0.01137	0.00636	0.00873	0.01141	0.01295	0.01673	0.03171	0.06282	0.08387	0.01546	0.00769	0.00254	0.00502	0.67882	0.00519	0.00515
30	0.00686	0.00490	0.00653	0.00784	0.00816	0.00457	0.00522	0.00784	0.01077	0.01437	0.03102	0.79855	0.03722	0.01763	0.00718	0.00229	0.00326	0.01600	0.00522	0.00457
31	0.84197	0.01088	0.00827	0.00740	0.01088	0.01262	0.00609	0.01654	0.00958	0.02525	0.00784	0.00914	0.00609	0.00522	0.00348	0.00174	0.00435	0.00305	0.00348	0.00609
32	0.78385	0.01201	0.00881	0.00790	0.01134	0.06693	0.00643	0.01696	0.01003	0.02444	0.00790	0.00921	0.00618	0.00526	0.00360	0.00172	0.00476	0.00309	0.00344	0.00613
33	0.00724	0.00507	0.00650	0.00748	0.00775	0.00484	0.00487	0.00802	0.01019	0.01358	0.02771	0.59233	0.03297	0.21094	0.01249	0.00307	0.00385	0.03202	0.00478	0.00430
34	0.63826	0.01108	0.00955	0.00821	0.01187	0.01238	0.00672	0.05586	0.06394	0.07770	0.01032	0.01105	0.00773	0.00554	0.00394	0.00170	0.00448	0.00359	0.00399	0.05210
35	0.01092	0.01041	0.10561	0.01035	0.01288	0.00922	0.00916	0.11852	0.01248	0.04106	0.05313	0.02082	0.01469	0.04527	0.49157	0.00639	0.01178	0.00590	0.00361	0.00622
36	0.00700	0.00564	0.00623	0.00624	0.00785	0.00487	0.00462	0.00868	0.01340	0.01694	0.22943	0.12149	0.52008	0.01389	0.00670	0.00190	0.00284	0.01185	0.00547	0.00487
37	0.06579	0.05940	0.01680	0.01292	0.01692	0.23620	0.01044	0.46230	0.02175	0.02754	0.01153	0.01208	0.00859	0.00630	0.00525	0.00160	0.00722	0.00444	0.00456	0.00839
38	0.01704	0.00846	0.01132	0.06660	0.02940	0.00768	0.00747	0.01881	0.01293	0.37889	0.01917	0.07709	0.01583	0.19079	0.01089	0.00253	0.00500	0.00663	0.00516	0.10832
39	0.00964	0.00733	0.00845	0.06231	0.01154	0.00714	0.00630	0.06383	0.07485	0.05652	0.08023	0.14589	0.41975	0.01251	0.00645	0.00192	0.00369	0.01061	0.00525	0.00579
40	0.01505	0.80561	0.02949	0.00963	0.01444	0.02227	0.00963	0.01685	0.01143	0.01324	0.00782	0.00903	0.00722	0.00481	0.00361	0.00120	0.00602	0.00301	0.00241	0.00722
41	0.00678	0.00571	0.00588	0.00584	0.00768	0.00481	0.00438	0.00833	0.01314	0.01595	0.12837	0.05294	0.69301	0.01398	0.00665	0.00189	0.00283	0.01171	0.00532	0.00481
42	0.01276	0.01466	0.05135	0.15826	0.03091	0.01389	0.59727	0.01738	0.01289	0.01738	0.01111	0.01506	0.00832	0.00492	0.00643	0.00189	0.00910	0.00628	0.00277	0.00737
43	0.71925	0.01112	0.00926	0.00800	0.01162	0.01262	0.00659	0.06885	0.01128	0.08536	0.00938	0.01025	0.00696	0.00547	0.00381	0.00174	0.00452	0.00340	0.00391	0.00662
44	0.02139	0.01576	0.01689	0.01295	0.01745	0.01745	0.01070	0.74835	0.02646	0.03547	0.01351	0.01351	0.00957	0.00676	0.00563	0.00169	0.00619	0.00507	0.00563	0.00957
45	0.01811	0.01999	0.14941	0.03952	0.06250	0.22712	0.01268	0.21447	0.10709	0.07492	0.01303	0.01366	0.00962	0.00622	0.00544	0.00167	0.00743	0.00470	0.00414	0.00828
46	0.01335	0.01275	0.01755	0.09674	0.04083	0.10562	0.19093	0.08847	0.05321	0.03804	0.13186	0.02269	0.07973	0.00962	0.05504	0.00223	0.00719	0.00677	0.02051	0.00687
47	0.00809	0.00542	0.00617	0.00626	0.00628	0.00539	0.00354	0.00816	0.00837	0.01115	0.01867	0.09037	0.02164	0.74708	0.02714	0.00523	0.00530	0.00873	0.00354	0.00349
48	0.00685	0.00492	0.00651	0.00778	0.00815	0.00458	0.00520	0.00784	0.01083	0.01439	0.03172	0.77833	0.05698	0.01754	0.00717	0.00228	0.00325	0.01589	0.00522	0.00458
49	0.01192	0.01099	0.01791	0.45048	0.27027	0.01251	0.01508	0.01634	0.06420	0.01666	0.01153	0.01539	0.00899	0.00562	0.00553	0.00178	0.00677	0.00511	0.04567	0.00724
50	0.01301	0.07993	0.43747	0.01478	0.02064	0.05688	0.06784	0.01751	0.01202	0.06944	0.01188	0.05599	0.00973	0.02713	0.00725	0.00191	0.08085	0.00515	0.00295	0.00764
51	0.00677	0.00523	0.00618	0.00694	0.00793	0.00465	0.00483	0.00794	0.01164	0.01472	0.04192	0.48620	0.34253	0.01621	0.00696	0.00212	0.00309	0.01427	0.00522	0.00465
52	0.01063	0.00920	0.01447	0.21801	0.25663	0.00993	0.01128	0.01283	0.01052	0.01436	0.01324	0.02266	0.01290	0.27874	0.07864	0.00363	0.00719	0.00617	0.00294	0.00603

[dist]
# distance from previous block
# <min> <max>
0	4

[block]
# block no. 1 follows, 42 sequences, length 50
# corresponding to MSA columns:
# 201-250
name=unknown_B
#
# <colnr> <probs for GDERKNQSTAVLIFYWHMCP>
#	G	D	E	R	K	N	Q	S	T	A	V	L	I	F	Y	W	H	M	C	P
0	0.01567	0.21979	0.01608	0.05692	0.01413	0.01189	0.00827	0.06754	0.01522	0.22608	0.26224	0.02339	0.02440	0.00780	0.00544	0.00161	0.00467	0.00637	0.00514	0.00734
1	0.01239	0.00921	0.01110	0.00851	0.01275	0.00720	0.00675	0.01472	0.01219	0.09500	0.03186	0.09307	0.01379	0.00642	0.00482	0.00116	0.00415	0.03428	0.00403	0.61660
2	0.69750	0.03708	0.01021	0.00839	0.01176	0.01361	0.00697	0.07184	0.01085	0.02485	0.00824	0.00968	0.00648	0.00564	0.00465	0.00177	0.05721	0.00332	0.00354	0.00640
3	0.01407	0.01470	0.01902	0.31573	0.32870	0.16285	0.01522	0.01746	0.02868	0.01608	0.01026	0.01375	0.00823	0.00546	0.00550	0.00171	0.00762	0.00477	0.00276	0.00744
4	0.01437	0.01535	0.05616	0.14253	0.30225	0.13104	0.06429	0.06295	0.07017	0.01819	0.01259	0.06175	0.01071	0.00630	0.00568	0.00175	0.00721	0.00564	0.00329	0.00779
5	0.01026	0.00925	0.01288	0.27769	0.02093	0.06032	0.05459	0.01306	0.03544	0.01515	0.01782	0.25795	0.01806	0.01227	0.05843	0.02029	0.02486	0.00854	0.06653	0.00568
6	0.02480	0.01030	0.01351	0.01036	0.01473	0.00935	0.00856	0.11199	0.01732	0.68473	0.02118	0.01849	0.01342	0.00694	0.00566	0.00174	0.00495	0.00559	0.00681	0.00958
7	0.00693	0.00496	0.00660	0.00778	0.00818	0.00462	0.00523	0.00803	0.01113	0.01493	0.08113	0.74684	0.03831	0.01721	0.00715	0.00225	0.00322	0.01560	0.00529	0.00462
8	0.01505	0.80561	0.02949	0.00963	0.01444	0.02227	0.00963	0.01685	0.01143	0.01324	0.00782	0.00903	0.00722	0.00481	0.00361	0.00120	0.00602	0.00301	0.00241	0.00722
9	0.01049	0.00525	0.00525	0.00525	0.00656	0.00525	0.00393	0.01311	0.01180	0.02098	0.01836	0.02098	0.01442	0.00656	0.00393	0.00131	0.00262	0.00525	0.83346	0.00525
10	0.84197	0.01088	0.00827	0.00740	0.01088	0.01262	0.00609	0.01654	0.00958	0.02525	0.00784	0.00914	0.00609	0.00522	0.00348	0.00174	0.00435	0.00305	0.00348	0.00609
11	0.02506	0.00988	0.01325	0.01016	0.01452	0.00872	0.00839	0.06272	0.01661	0.73501	0.02178	0.01888	0.01372	0.00696	0.00566	0.00174	0.00486	0.00563	0.00690	0.00958
12	0.84197	0.01088	0.00827	0.00740	0.01088	0.01262	0.00609	0.01654	0.00958	0.02525	0.00784	0.00914	0.00609	0.00522	0.00348	0.00174	0.00435	0.00305	0.00348	0.00609
13	0.00665	0.00570	0.00570	0.00570	0.00760	0.00475	0.00428	0.00808	0.01283	0.01520	0.05701	0.05416	0.76483	0.01425	0.00665	0.00190	0.00285	0.01188	0.00523	0.00475
14	0.84197	0.01088	0.00827	0.00740	0.01088	0.01262	0.00609	0.01654	0.00958	0.02525	0.00784	0.00914	0.00609	0.00522	0.00348	0.00174	0.00435	0.00305	0.00348	0.00609
15	0.01063	0.01000	0.01688	0.78870	0.03876	0.01250	0.01563	0.01438	0.01125	0.01438	0.01000	0.01500	0.00750	0.00563	0.00563	0.00188	0.00750	0.00500	0.00250	0.00625
16	0.00760	0.00574	0.00702	0.00670	0.00819	0.00516	0.00503	0.00992	0.01508	0.02054	0.56994	0.04537	0.24857	0.01226	0.00664	0.00181	0.00271	0.01064	0.00593	0.00516
17	0.01724	0.01338	0.01431	0.01196	0.01569	0.01507	0.00956	0.30121	0.45140	0.05792	0.01933	0.01810	0.01417	0.00728	0.00569	0.00182	0.00512	0.00584	0.00574	0.00918
18	0.01295	0.01227	0.02084	0.24254	0.55024	0.01297	0.01655	0.01639	0.01236	0.01733	0.01058	0.01437	0.00864	0.00521	0.00555	0.00172	0.00683	0.00502	0.01954	0.00810
19	0.01988	0.02576	0.05020	0.01459	0.01750	0.68388	0.01144	0.02155	0.01518	0.01394	0.00866	0.01040	0.00725	0.00610	0.00616	0.00155	0.07280	0.00375	0.00284	0.00658
20	0.00686	0.00490	0.00653	0.00784	0.00816	0.00457	0.00522	0.00784	0.01077	0.01437	0.03102	0.79855	0.03722	0.01763	0.00718	0.00229	0.00326	0.01600	0.00522	0.00457
21	0.00686	0.00490	0.00653	0.00784	0.00816	0.00457	0.00522	0.00784	0.01077	0.01437	0.03102	0.79855	0.03722	0.01763	0.00718	0.00229	0.00326	0.01600	0.00522	0.00457
22	0.00800	0.00597	0.00765	0.00839	0.00971	0.00562	0.00682	0.01007	0.01300	0.01679	0.12917	0.15781	0.22778	0.01498	0.00726	0.00227	0.00399	0.35439	0.00533	0.00500
23	0.01277	0.01158	0.01351	0.05889	0.06691	0.05395	0.00865	0.04805	0.01249	0.01837	0.01000	0.01206	0.00827	0.00480	0.00517	0.00111	0.04355	0.00372	0.00328	0.60286
24	0.00972	0.00873	0.03611	0.29240	0.05762	0.00922	0.01063	0.03185	0.03704	0.01539	0.01910	0.21033	0.03108	0.08012	0.06108	0.00282	0.00640	0.07084	0.00375	0.00578
25	0.00818	0.00548	0.00625	0.00625	0.00629	0.00552	0.00355	0.00826	0.00822	0.01100	0.01763	0.03624	0.02020	0.77185	0.05866	0.00560	0.00584	0.00810	0.00339	0.00347
26	0.03786	0.09647	0.28671	0.01483	0.05589	0.11796	0.03733	0.13119	0.03082	0.07692	0.01149	0.01271	0.00853	0.00589	0.00564	0.00168	0.03443	0.00442	0.02113	0.00808
27	0.01331	0.01147	0.01690	0.10794	0.22393	0.01244	0.07644	0.06886	0.17957	0.02047	0.01483	0.01694	0.01156	0.00627	0.00599	0.00174	0.04116	0.00550	0.15695	0.00773
28	0.00861	0.00652	0.00803	0.00752	0.00911	0.00634	0.00568	0.01281	0.10643	0.02218	0.62508	0.04029	0.09735	0.01122	0.00653	0.00180	0.00289	0.00983	0.00607	0.00571
29	0.01505	0.80561	0.02949	0.00963	0.01444	0.02227	0.00963	0.01685	0.01143	0.01324	0.00782	0.00903	0.00722	0.00481	0.00361	0.00120	0.00602	0.00301	0.00241	0.00722
30	0.00693	0.00511	0.00651	0.00759	0.00824	0.00470	0.00525	0.00807	0.01123	0.01463	0.03542	0.63459	0.16187	0.01695	0.00712	0.00223	0.00329	0.05041	0.00522	0.00463
31	0.00865	0.00588	0.00767	0.00721	0.00864	0.00539	0.00541	0.01116	0.01559	0.05569	0.67247	0.07842	0.07303	0.01169	0.00662	0.00180	0.00279	0.01031	0.00615	0.00545
32	0.01129	0.02911	0.77306	0.01604	0.02436	0.01307	0.02079	0.01782	0.01188	0.01782	0.01010	0.01188	0.00713	0.00535	0.00535	0.00178	0.00832	0.00416	0.00238	0.00832
33	0.01328	0.01518	0.03321	0.02372	0.02941	0.01423	0.74668	0.01803	0.01328	0.01803	0.01139	0.01518	0.00854	0.00474	0.00664	0.00190	0.00949	0.00664	0.00285	0.00759
34	0.01510	0.66946	0.05252	0.00996	0.01453	0.07959	0.00976	0.01709	0.01182	0.01391	0.00862	0.00995	0.00766	0.00502	0.00380	0.00125	0.00621	0.00323	0.05344	0.00708
35	0.01633	0.01448	0.17691	0.02977	0.01792	0.01014	0.06756	0.03226	0.03905	0.26562	0.01469	0.01509	0.01033	0.00646	0.02118	0.00169	0.02081	0.00478	0.00436	0.23057
36	0.01912	0.01363	0.05159	0.05220	0.04250	0.06449	0.11821	0.11155	0.06671	0.31094	0.02962	0.01667	0.01188	0.00665	0.00659	0.00180	0.05683	0.00555	0.00498	0.00849
37	0.00818	0.00546	0.00614	0.00614	0.00614	0.00546	0.00341	0.00818	0.00818	0.01091	0.01773	0.03683	0.02046	0.80222	0.02864	0.00546	0.00546	0.00818	0.00341	0.00341
38	0.01864	0.00843	0.01049	0.00868	0.01185	0.00794	0.00696	0.02265	0.10560	0.42231	0.07194	0.02145	0.01714	0.00725	0.00526	0.00165	0.00401	0.00594	0.23381	0.00801
39	0.05161	0.03373	0.38666	0.01577	0.02215	0.03970	0.14949	0.06964	0.05933	0.09972	0.01246	0.01370	0.00885	0.00565	0.00554	0.00178	0.00762	0.00488	0.00345	0.00826
40	0.01426	0.01301	0.02153	0.06317	0.56353	0.01323	0.06053	0.01920	0.10417	0.05276	0.01264	0.01515	0.01007	0.00543	0.00566	0.00173	0.00653	0.00531	0.00333	0.00874
41	0.02384	0.00976	0.01287	0.00995	0.01416	0.00868	0.00819	0.07551	0.01661	0.67436	0.02374	0.02092	0.05971	0.00740	0.00572	0.00175	0.00477	0.00600	0.00677	0.00928
42	0.01121	0.01169	0.06328	0.56094	0.11873	0.01261	0.01538	0.01486	0.01134	0.01524	0.00992	0.01433	0.00769	0.00570	0.00628	0.00182	0.05393	0.00484	0.00257	0.05763
43	0.01272	0.06047	0.52515	0.01623	0.04828	0.01352	0.08329	0.07029	0.03137	0.03736	0.04110	0.01383	0.00974	0.00570	0.00548	0.00176	0.00770	0.00475	0.00301	0.00824
44	0.01026	0.01079	0.12336	0.01023	0.01264	0.04290	0.00912	0.03567	0.01087	0.05169	0.01669	0.06748	0.03761	0.05449	0.47251	0.00629	0.01166	0.00644	0.00340	0.00586
45	0.00909	0.00516	0.00583	0.00625	0.00722	0.00502	0.00446	0.01115	0.01170	0.01881	0.06847	0.28903	0.02462	0.01066	0.00521	0.00167	0.00284	0.00924	0.49856	0.00502
46	0.07956	0.01190	0.02991	0.01068	0.01429	0.01240	0.00873	0.18734	0.28171	0.16509	0.09136	0.02113	0.04563	0.00770	0.00564	0.00180	0.00476	0.00621	0.00572	0.00845
47	0.03309	0.17002	0.11066	0.01349	0.07324	0.07650	0.02785	0.14693	0.12796	0.04058	0.01562	0.01610	0.06130	0.00641	0.00513	0.00159	0.00616	0.00500	0.00394	0.05844
48	0.09931	0.21141	0.21601	0.01128	0.01606	0.03943	0.01151	0.06079	0.12010	0.01902	0.01225	0.01390	0.00977	0.02665	0.04017	0.00201	0.00651	0.00435	0.05647	0.02301
49	0.26621	0.15175	0.04313	0.01230	0.06090	0.17018	0.00982	0.14188	0.01458	0.03504	0.01037	0.01283	0.00852	0.00597	0.00460	0.00161	0.00645	0.03301	0.00359	0.00724

[dist]
# distance from previous block
# <min> <max>
0	8

[block]
# block no. 2 follows, 42 sequences, length 16
# corresponding to MSA columns:
# 259-272,274,275
name=unknown_C
#
# <colnr> <probs for GDERKNQSTAVLIFYWHMCP>
#	G	D	E	R	K	N	Q	S	T	A	V	L	I	F	Y	W	H	M	C	P
0	0.03329	0.01455	0.07284	0.21468	0.27999	0.06000	0.05182	0.09375	0.01375	0.04277	0.01073	0.01379	0.00838	0.00580	0.00642	0.00179	0.05977	0.00492	0.00312	0.00784
1	0.00713	0.00512	0.00665	0.00751	0.00806	0.00477	0.00509	0.00838	0.01165	0.01570	0.16596	0.58307	0.06891	0.06379	0.00836	0.00237	0.00327	0.01429	0.00529	0.00464
2	0.78352	0.06706	0.00977	0.00756	0.01113	0.01331	0.00634	0.01656	0.00971	0.02440	0.00784	0.00913	0.00617	0.00520	0.00349	0.00170	0.00447	0.00304	0.00341	0.00617
3	0.01247	0.04826	0.46745	0.01652	0.02322	0.01393	0.15352	0.04049	0.11461	0.01891	0.01206	0.01371	0.00885	0.00568	0.00590	0.00182	0.02645	0.00493	0.00302	0.00821
4	0.00698	0.00571	0.00616	0.00605	0.00781	0.00489	0.00454	0.00872	0.01361	0.01707	0.23606	0.05109	0.58462	0.01356	0.00665	0.00187	0.00280	0.01145	0.00547	0.00489
5	0.00830	0.00615	0.00849	0.00837	0.00899	0.00702	0.00610	0.00961	0.00874	0.01238	0.01557	0.02649	0.01585	0.29205	0.49363	0.00753	0.05039	0.00669	0.00312	0.00455
6	0.02027	0.02525	0.01560	0.01417	0.01710	0.69814	0.01066	0.02326	0.09481	0.01481	0.01021	0.01130	0.00831	0.00599	0.00514	0.00150	0.00954	0.00392	0.00320	0.00678
7	0.00999	0.00710	0.00931	0.00866	0.01051	0.00681	0.02843	0.07249	0.01553	0.05476	0.39056	0.09090	0.12289	0.01212	0.00675	0.00196	0.00375	0.13598	0.00573	0.00579
8	0.79784	0.01081	0.00853	0.00754	0.01107	0.01239	0.00621	0.01713	0.00993	0.06555	0.00861	0.00968	0.00652	0.00532	0.00360	0.00174	0.00438	0.00319	0.00367	0.00628
9	0.00686	0.00490	0.00653	0.00784	0.00816	0.00457	0.00522	0.00784	0.01077	0.01437	0.03102	0.79855	0.03722	0.01763	0.00718	0.00229	0.00326	0.01600	0.00522	0.00457
10	0.01328	0.01518	0.03321	0.02372	0.02941	0.01423	0.74668	0.01803	0.01328	0.01803	0.01139	0.01518	0.00854	0.00474	0.00664	0.00190	0.00949	0.00664	0.00285	0.00759
11	0.01347	0.27373	0.26176	0.04745	0.17624	0.03522	0.05150	0.01788	0.04258	0.01648	0.01002	0.01200	0.00803	0.00519	0.00492	0.00158	0.00715	0.00420	0.00265	0.00795
12	0.00818	0.00546	0.00614	0.00614	0.00614	0.00546	0.00341	0.00818	0.00818	0.01091	0.01773	0.03683	0.02046	0.80222	0.02864	0.00546	0.00546	0.00818	0.00341	0.00341
13	0.01588	0.01168	0.01520	0.06606	0.01741	0.04022	0.09878	0.08261	0.26099	0.17511	0.11993	0.02198	0.03346	0.00752	0.00593	0.00182	0.00543	0.00657	0.00534	0.00810
14	0.01246	0.01134	0.06594	0.00899	0.01418	0.00794	0.00777	0.01523	0.01195	0.06379	0.01075	0.01214	0.00859	0.00442	0.00434	0.00096	0.00450	0.00353	0.00349	0.72769
15	0.01522	0.06418	0.20946	0.01338	0.04619	0.03983	0.01243	0.15751	0.22196	0.06492	0.01590	0.01607	0.02698	0.00721	0.02153	0.00185	0.00633	0.00513	0.00433	0.04959

[dist]
# distance from previous block
# <min> <max>
0	1

[block]
# block no. 3 follows, 42 sequences, length 101
# corresponding to MSA columns:
# 277-377
name=unknown_D
#
# <colnr> <probs for GDERKNQSTAVLIFYWHMCP>
#	G	D	E	R	K	N	Q	S	T	A	V	L	I	F	Y	W	H	M	C	P
0	0.21223	0.03784	0.01770	0.01558	0.10744	0.10375	0.15136	0.01781	0.01234	0.08942	0.01291	0.01466	0.04646	0.00609	0.00620	0.00172	0.07190	0.00491	0.00349	0.06617
1	0.01379	0.01357	0.03574	0.11559	0.44979	0.01372	0.13092	0.05792	0.06633	0.01910	0.01163	0.01467	0.00927	0.00540	0.00594	0.00176	0.01801	0.00535	0.00312	0.00839
2	0.00816	0.00595	0.00892	0.00892	0.00986	0.00688	0.00688	0.00986	0.00892	0.01283	0.01470	0.02175	0.01376	0.04059	0.72599	0.06791	0.01435	0.00595	0.00297	0.00484
3	0.01545	0.72314	0.04600	0.01018	0.01492	0.08435	0.01000	0.01734	0.01182	0.01339	0.00795	0.00919	0.00722	0.00491	0.00377	0.00124	0.00641	0.00309	0.00245	0.00719
4	0.00733	0.00537	0.00688	0.00725	0.00821	0.00492	0.00515	0.00911	0.01332	0.01814	0.36307	0.37391	0.12749	0.01450	0.00688	0.00201	0.00294	0.01291	0.00566	0.00492
5	0.00709	0.00572	0.00630	0.00616	0.00787	0.00494	0.00462	0.00892	0.01385	0.01764	0.29111	0.05015	0.52921	0.01334	0.00665	0.00186	0.00279	0.01131	0.00555	0.00494
6	0.00978	0.00489	0.00733	0.00733	0.00733	0.00489	0.00489	0.00733	0.00733	0.00978	0.00978	0.01711	0.00978	0.01955	0.02199	0.83627	0.00489	0.00489	0.00244	0.00244
7	0.01776	0.01218	0.01312	0.01053	0.01404	0.01319	0.00854	0.44958	0.07052	0.06975	0.03584	0.01818	0.03962	0.00717	0.00531	0.00163	0.00498	0.00560	0.19417	0.00826
8	0.01328	0.01518	0.03321	0.02372	0.02941	0.01423	0.74668	0.01803	0.01328	0.01803	0.01139	0.01518	0.00854	0.00474	0.00664	0.00190	0.00949	0.00664	0.00285	0.00759
9	0.00978	0.00489	0.00733	0.00733	0.00733	0.00489	0.00489	0.00733	0.00733	0.00978	0.00978	0.01711	0.00978	0.01955	0.02199	0.83627	0.00489	0.00489	0.00244	0.00244
10	0.00814	0.00572	0.00736	0.00695	0.00828	0.00531	0.00521	0.01080	0.01564	0.02245	0.71108	0.04054	0.05035	0.01115	0.00645	0.00174	0.00265	0.00983	0.06506	0.00531
11	0.00686	0.00490	0.00653	0.00784	0.00816	0.00457	0.00522	0.00784	0.01077	0.01437	0.03102	0.79855	0.03722	0.01763	0.00718	0.00229	0.00326	0.01600	0.00522	0.00457
12	0.78255	0.01046	0.00815	0.00743	0.01069	0.01205	0.00603	0.01592	0.00966	0.02447	0.00949	0.06532	0.00831	0.00611	0.00375	0.00178	0.00428	0.00397	0.00361	0.00599
13	0.01185	0.01164	0.01636	0.01416	0.01427	0.01614	0.01175	0.01317	0.00866	0.01349	0.00821	0.01336	0.00810	0.01331	0.10001	0.00317	0.70874	0.00504	0.00252	0.00603
14	0.00685	0.00494	0.00649	0.00773	0.00813	0.00458	0.00518	0.00785	0.01088	0.01441	0.03233	0.76090	0.07402	0.01746	0.00716	0.00227	0.00324	0.01579	0.00522	0.00458
15	0.01367	0.01416	0.10529	0.01201	0.01582	0.01388	0.01035	0.02843	0.66625	0.02285	0.02135	0.01989	0.01596	0.00736	0.00568	0.00189	0.00492	0.00609	0.00532	0.00884
16	0.01419	0.62837	0.19921	0.01109	0.01671	0.02017	0.01218	0.01707	0.01154	0.01429	0.00834	0.00968	0.00720	0.00494	0.00401	0.00134	0.00654	0.00327	0.00240	0.00747
17	0.01310	0.07608	0.15253	0.13949	0.02018	0.10015	0.03006	0.07028	0.05780	0.01826	0.07370	0.04680	0.01332	0.00718	0.01961	0.00174	0.01806	0.00530	0.00349	0.13287
18	0.01505	0.80561	0.02949	0.00963	0.01444	0.02227	0.00963	0.01685	0.01143	0.01324	0.00782	0.00903	0.00722	0.00481	0.00361	0.00120	0.00602	0.00301	0.00241	0.00722
19	0.00820	0.00565	0.00720	0.00805	0.00886	0.00538	0.00556	0.01025	0.06061	0.05134	0.03160	0.66533	0.07806	0.01626	0.00698	0.00221	0.00339	0.01462	0.00534	0.00511
20	0.00857	0.00574	0.00738	0.00726	0.00849	0.00527	0.00527	0.01056	0.01406	0.06040	0.45809	0.21856	0.09594	0.05892	0.00799	0.00211	0.00309	0.01130	0.00578	0.00522
21	0.01702	0.04661	0.07783	0.03863	0.04119	0.11622	0.18456	0.07586	0.01480	0.20656	0.01599	0.11098	0.01313	0.00727	0.00589	0.00179	0.00701	0.00658	0.00433	0.00776
22	0.00810	0.00542	0.00616	0.00625	0.00627	0.00540	0.00353	0.00816	0.00835	0.01113	0.01858	0.08570	0.02154	0.75188	0.02727	0.00525	0.00532	0.00869	0.00353	0.00348
23	0.00813	0.00537	0.00624	0.00637	0.00640	0.00534	0.00367	0.00810	0.00840	0.01120	0.01867	0.11314	0.02161	0.68243	0.02612	0.04775	0.00520	0.00881	0.00354	0.00348
24	0.01013	0.00987	0.03799	0.41981	0.10911	0.01047	0.04119	0.01329	0.01197	0.01566	0.07991	0.02439	0.12965	0.05473	0.00726	0.00206	0.00627	0.00672	0.00332	0.00618
25	0.01086	0.01024	0.01730	0.73503	0.09059	0.01256	0.01575	0.01458	0.01136	0.01466	0.01004	0.01493	0.00760	0.00558	0.00562	0.00186	0.00744	0.00500	0.00252	0.00644
26	0.00840	0.00571	0.00655	0.00689	0.00835	0.00532	0.00543	0.01050	0.01269	0.01773	0.09457	0.09277	0.28330	0.01239	0.00618	0.00191	0.00334	0.17594	0.23702	0.00502
27	0.02932	0.01121	0.01592	0.30346	0.16103	0.01262	0.01267	0.10622	0.11642	0.04640	0.01763	0.01957	0.08984	0.00699	0.00602	0.00183	0.02564	0.00591	0.00385	0.00746
28	0.01355	0.01300	0.01954	0.02026	0.23226	0.07422	0.18028	0.11011	0.01476	0.01958	0.06546	0.12615	0.03221	0.02675	0.00670	0.00192	0.00666	0.02537	0.00386	0.00735
29	0.41352	0.01099	0.01058	0.00896	0.01243	0.01207	0.00736	0.17450	0.03303	0.12250	0.01346	0.01562	0.01030	0.00649	0.00454	0.00173	0.00467	0.04085	0.08917	0.00722
30	0.00686	0.00490	0.00653	0.00784	0.00816	0.00457	0.00522	0.00784	0.01077	0.01437	0.03102	0.79855	0.03722	0.01763	0.00718	0.00229	0.00326	0.01600	0.00522	0.00457
31	0.01838	0.01336	0.03370	0.03393	0.10233	0.10444	0.06706	0.05458	0.13051	0.28768	0.02040	0.01980	0.07389	0.00705	0.00574	0.00175	0.00602	0.00596	0.00506	0.00836
32	0.01378	0.03663	0.03767	0.15822	0.14053	0.04104	0.01109	0.05857	0.03043	0.06666	0.01127	0.01332	0.00880	0.00510	0.00493	0.00136	0.00577	0.00426	0.00344	0.34713
33	0.46424	0.07352	0.03231	0.01238	0.09014	0.21209	0.00909	0.01821	0.01175	0.02052	0.00839	0.00995	0.00679	0.00532	0.00416	0.00162	0.00631	0.00342	0.00315	0.00663
34	0.59995	0.01050	0.00969	0.00817	0.01192	0.01133	0.00674	0.01977	0.01151	0.24624	0.01209	0.01211	0.00842	0.00574	0.00413	0.00174	0.00448	0.00382	0.00451	0.00713
35	0.00856	0.00654	0.00886	0.00864	0.00964	0.00706	0.01979	0.01030	0.01091	0.01521	0.11389	0.08042	0.10525	0.13982	0.22822	0.00455	0.07731	0.09061	0.04948	0.00494
36	0.00766	0.00552	0.00642	0.00681	0.00747	0.00523	0.00457	0.00847	0.01030	0.01323	0.03095	0.18819	0.20306	0.38041	0.01707	0.00370	0.00439	0.08805	0.00438	0.00414
37	0.00840	0.00559	0.00645	0.00623	0.00769	0.00516	0.00468	0.01076	0.01403	0.02043	0.38707	0.03870	0.20393	0.01070	0.00586	0.00167	0.00269	0.00914	0.24568	0.00516
38	0.00749	0.00573	0.00699	0.00758	0.00890	0.00523	0.00588	0.00927	0.01276	0.01630	0.12524	0.22261	0.32482	0.01504	0.00707	0.00216	0.00354	0.20318	0.00533	0.00489
39	0.01393	0.01337	0.02284	0.03454	0.76712	0.01337	0.01727	0.01727	0.01281	0.01839	0.01059	0.01393	0.00891	0.00501	0.00557	0.00167	0.00669	0.00501	0.00279	0.00891
40	0.01129	0.02911	0.77306	0.01604	0.02436	0.01307	0.02079	0.01782	0.01188	0.01782	0.01010	0.01188	0.00713	0.00535	0.00535	0.00178	0.00832	0.00416	0.00238	0.00832
41	0.02102	0.02682	0.01595	0.01450	0.01740	0.77963	0.01087	0.02247	0.01595	0.01377	0.00870	0.01015	0.00725	0.00580	0.00507	0.00145	0.01015	0.00362	0.00290	0.00652
42	0.00840	0.00595	0.00711	0.00682	0.00786	0.00576	0.00476	0.01082	0.05109	0.01840	0.40578	0.03895	0.08457	0.25928	0.01335	0.00292	0.00364	0.00920	0.05050	0.00486
43	0.01735	0.01331	0.01428	0.01193	0.01566	0.01496	0.00953	0.29565	0.44608	0.06886	0.01939	0.01813	0.01419	0.00727	0.00569	0.00182	0.00512	0.00584	0.00576	0.00919
44	0.01789	0.01497	0.01727	0.01680	0.15686	0.06078	0.02882	0.37841	0.15726	0.02743	0.01417	0.01471	0.01062	0.00635	0.00555	0.00167	0.00617	0.00515	0.00476	0.05435
45	0.04522	0.01646	0.01597	0.01322	0.03408	0.12412	0.01043	0.49167	0.11964	0.05144	0.01408	0.01406	0.01025	0.00666	0.00550	0.00169	0.00644	0.00499	0.00516	0.00893
46	0.01683	0.16529	0.02043	0.11702	0.22086	0.26184	0.01288	0.06751	0.01437	0.03837	0.00992	0.01206	0.00807	0.00548	0.00506	0.00154	0.00769	0.00421	0.00303	0.00755
47	0.01244	0.06156	0.29717	0.01828	0.17344	0.02685	0.08553	0.03801	0.03031	0.03610	0.05391	0.02027	0.07623	0.00685	0.00573	0.00178	0.00688	0.03757	0.00336	0.00776
48	0.01050	0.02599	0.00948	0.00829	0.01027	0.00804	0.00633	0.01628	0.20302	0.06006	0.45175	0.03497	0.06759	0.05351	0.00749	0.00200	0.00346	0.00877	0.00584	0.00636
49	0.00973	0.08703	0.27639	0.01031	0.01464	0.00987	0.01102	0.01402	0.05374	0.01799	0.18877	0.04214	0.22368	0.00937	0.00587	0.00177	0.00510	0.00777	0.00421	0.00657
50	0.01005	0.02891	0.20887	0.01544	0.17079	0.00940	0.01213	0.01352	0.01273	0.01785	0.16922	0.09831	0.09017	0.01167	0.06117	0.00237	0.00613	0.05058	0.00396	0.00673
51	0.01505	0.80561	0.02949	0.00963	0.01444	0.02227	0.00963	0.01685	0.01143	0.01324	0.00782	0.00903	0.00722	0.00481	0.00361	0.00120	0.00602	0.00301	0.00241	0.00722
52	0.01392	0.21149	0.13227	0.16537	0.20385	0.05495	0.06680	0.05702	0.01298	0.01695	0.00984	0.01250	0.00789	0.00525	0.00512	0.00162	0.00726	0.00444	0.00274	0.00773
53	0.01212	0.02017	0.37679	0.01644	0.03938	0.02398	0.18539	0.01813	0.07551	0.04160	0.05618	0.01930	0.05030	0.00660	0.00591	0.00185	0.00745	0.03174	0.00338	0.00777
54	0.01505	0.80561	0.02949	0.00963	0.01444	0.02227	0.00963	0.01685	0.01143	0.01324	0.00782	0.00903	0.00722	0.00481	0.00361	0.00120	0.00602	0.00301	0.00241	0.00722
55	0.02128	0.01495	0.01620	0.01246	0.01684	0.01636	0.01028	0.67064	0.02520	0.08729	0.01430	0.01418	0.01006	0.00676	0.00557	0.00168	0.00596	0.00512	0.03546	0.00942
56	0.02139	0.01576	0.01689	0.01295	0.01745	0.01745	0.01070	0.74835	0.02646	0.03547	0.01351	0.01351	0.00957	0.00676	0.00563	0.00169	0.00619	0.00507	0.00563	0.00957
57	0.00792	0.00575	0.00746	0.00703	0.00838	0.00529	0.00527	0.01053	0.01582	0.02230	0.73834	0.04248	0.07908	0.01161	0.00664	0.00177	0.00266	0.01024	0.00616	0.00529
58	0.01472	0.01193	0.01275	0.01136	0.01462	0.01363	0.00887	0.02974	0.70942	0.07150	0.02286	0.02088	0.01697	0.00759	0.00572	0.00190	0.00448	0.00632	0.00581	0.00895
59	0.01063	0.01000	0.01688	0.78870	0.03876	0.01250	0.01563	0.01438	0.01125	0.01438	0.01000	0.01500	0.00750	0.00563	0.00563	0.00188	0.00750	0.00500	0.00250	0.00625
60	0.01237	0.01047	0.01203	0.00881	0.01365	0.00851	0.00705	0.05546	0.06551	0.01965	0.01111	0.01243	0.00903	0.00456	0.00436	0.00096	0.00430	0.00364	0.00363	0.73247
61	0.00705	0.00516	0.00705	0.04733	0.00971	0.00497	0.00575	0.00817	0.01080	0.01437	0.02995	0.75892	0.03572	0.01702	0.00710	0.00226	0.00348	0.01544	0.00509	0.00466
62	0.05563	0.14009	0.13221	0.06149	0.23662	0.01407	0.05729	0.01742	0.03379	0.07087	0.03452	0.04224	0.01099	0.00627	0.00621	0.00174	0.06235	0.00520	0.00324	0.00778
63	0.01359	0.01141	0.03664	0.01230	0.01524	0.01175	0.09481	0.18507	0.10152	0.05675	0.08023	0.10189	0.09176	0.00981	0.00762	0.00199	0.08843	0.06710	0.00488	0.00721
64	0.00811	0.00601	0.00834	0.00859	0.00962	0.00649	0.00669	0.00992	0.01009	0.01375	0.02267	0.03524	0.09796	0.12665	0.45824	0.00661	0.01071	0.14576	0.00371	0.00483
65	0.01226	0.03855	0.45628	0.06202	0.28502	0.01333	0.01907	0.01743	0.01217	0.01775	0.01022	0.01270	0.00778	0.00523	0.00540	0.00174	0.00766	0.00448	0.00253	0.00840
66	0.01240	0.01314	0.07384	0.21041	0.14840	0.01280	0.17870	0.01797	0.12050	0.03286	0.01567	0.01898	0.05433	0.00656	0.00650	0.00189	0.04025	0.02394	0.00340	0.00747
67	0.00983	0.00621	0.00731	0.00717	0.00834	0.00587	0.00492	0.03976	0.01148	0.09132	0.02986	0.22762	0.18541	0.28967	0.02886	0.00334	0.00442	0.01045	0.02323	0.00494
68	0.00692	0.00504	0.00652	0.00757	0.00813	0.00464	0.00514	0.00806	0.01134	0.01503	0.08572	0.67231	0.10913	0.01687	0.00709	0.00221	0.00318	0.01518	0.00529	0.00464
69	0.01387	0.05727	0.04359	0.10009	0.56550	0.04133	0.01608	0.01794	0.05695	0.01786	0.01103	0.01398	0.00907	0.00525	0.00545	0.00167	0.00676	0.00491	0.00291	0.00847
70	0.04531	0.01999	0.35824	0.06383	0.07694	0.01285	0.18279	0.04848	0.02644	0.04876	0.01234	0.05643	0.00976	0.00604	0.00573	0.00183	0.00769	0.00558	0.00310	0.00789
71	0.13022	0.01048	0.01266	0.00997	0.01402	0.01014	0.00818	0.12606	0.03952	0.50656	0.05973	0.01836	0.01454	0.00698	0.00543	0.00174	0.00480	0.00550	0.00624	0.00887
72	0.62888	0.01502	0.01026	0.00924	0.01257	0.21172	0.00734	0.01808	0.01123	0.02227	0.00806	0.00940	0.00639	0.00537	0.00390	0.00167	0.00586	0.00320	0.00333	0.00621
73	0.00780	0.00538	0.00664	0.00711	0.00739	0.00533	0.00457	0.00847	0.00958	0.01286	0.04918	0.27411	0.02711	0.44138	0.06500	0.00440	0.00524	0.05028	0.00415	0.00403
74	0.01079	0.01017	0.01718	0.75056	0.07560	0.01255	0.01571	0.01452	0.01133	0.01458	0.01003	0.01495	0.00757	0.00560	0.00562	0.00187	0.00746	0.00500	0.00252	0.00639
75	0.00716	0.00691	0.04544	0.00652	0.00863	0.00529	0.00534	0.00910	0.01342	0.01686	0.20072	0.04949	0.57890	0.01323	0.00658	0.00187	0.00309	0.01113	0.00528	0.00505
76	0.00793	0.00581	0.00715	0.00678	0.00831	0.00522	0.00510	0.01026	0.01514	0.03395	0.56941	0.04474	0.23517	0.01213	0.00662	0.00180	0.00274	0.01053	0.00596	0.00524
77	0.01255	0.01197	0.02036	0.34898	0.46344	0.01301	0.01659	0.01607	0.01216	0.01671	0.01034	0.01438	0.00833	0.00527	0.00559	0.00176	0.00703	0.00501	0.00267	0.00780
78	0.01172	0.01603	0.23933	0.01936	0.26421	0.01131	0.01445	0.04785	0.05647	0.01855	0.02134	0.02560	0.14486	0.00799	0.00592	0.00185	0.00619	0.07567	0.00362	0.00767
79	0.01146	0.01134	0.05355	0.01271	0.01569	0.05166	0.17413	0.03420	0.11978	0.01983	0.27751	0.02852	0.02704	0.00963	0.00767	0.06987	0.00559	0.05879	0.00461	0.00642
80	0.01226	0.01193	0.02106	0.39939	0.33459	0.01304	0.09463	0.01595	0.01211	0.01640	0.01039	0.01458	0.00819	0.00528	0.00571	0.00179	0.00738	0.00518	0.00265	0.00748
81	0.01328	0.01518	0.03321	0.02372	0.02941	0.01423	0.74668	0.01803	0.01328	0.01803	0.01139	0.01518	0.00854	0.00474	0.00664	0.00190	0.00949	0.00664	0.00285	0.00759
82	0.05953	0.01553	0.06225	0.02148	0.17974	0.06829	0.30729	0.04567	0.10933	0.01946	0.01222	0.01460	0.00945	0.00544	0.00601	0.00177	0.01956	0.00554	0.00333	0.03351
83	0.02077	0.07014	0.01701	0.01379	0.01724	0.52661	0.01075	0.22020	0.01855	0.01966	0.00996	0.01100	0.00788	0.00600	0.00514	0.00150	0.00882	0.00398	0.00362	0.00740
84	0.00819	0.00549	0.00630	0.00641	0.00648	0.00548	0.00376	0.00835	0.00851	0.01132	0.01876	0.06166	0.02159	0.73769	0.02691	0.00521	0.00537	0.04541	0.00356	0.00354
85	0.01139	0.00977	0.01134	0.00819	0.01302	0.00735	0.00654	0.01384	0.01173	0.01817	0.01257	0.01399	0.04973	0.00472	0.00430	0.00089	0.00410	0.00380	0.00344	0.79111
86	0.01358	0.01294	0.02167	0.07118	0.67096	0.01287	0.01636	0.01688	0.01264	0.01818	0.01051	0.01381	0.00880	0.00498	0.00546	0.00162	0.00653	0.00488	0.00281	0.07334
87	0.60097	0.07752	0.13329	0.00925	0.01366	0.01371	0.00897	0.05378	0.01095	0.02361	0.00849	0.00979	0.00653	0.00529	0.00390	0.00170	0.00522	0.00332	0.00333	0.00672
88	0.00686	0.00490	0.00653	0.00784	0.00816	0.00457	0.00522	0.00784	0.01077	0.01437	0.03102	0.79855	0.03722	0.01763	0.00718	0.00229	0.00326	0.01600	0.00522	0.00457
89	0.00812	0.00570	0.00738	0.00738	0.00781	0.00613	0.00496	0.00898	0.00855	0.01183	0.01659	0.03052	0.01772	0.47649	0.35063	0.00699	0.00958	0.00726	0.00324	0.00410
90	0.01167	0.01000	0.01167	0.00834	0.01334	0.00750	0.00667	0.01417	0.01167	0.01834	0.01000	0.01167	0.00834	0.00417	0.00417	0.00083	0.00417	0.00333	0.00333	0.83663
91	0.00790	0.00575	0.00743	0.00701	0.00837	0.00528	0.00526	0.01049	0.01577	0.02219	0.72787	0.04266	0.08961	0.01165	0.00664	0.00178	0.00267	0.01026	0.00615	0.00528
92	0.00824	0.00620	0.00918	0.00911	0.01009	0.00729	0.00711	0.01024	0.00911	0.01331	0.01493	0.02178	0.01388	0.04018	0.73415	0.00862	0.03843	0.00597	0.02711	0.00507
93	0.00907	0.00648	0.00907	0.01036	0.01166	0.00648	0.00907	0.01166	0.01296	0.01684	0.02980	0.06348	0.03239	0.01555	0.00777	0.00259	0.00518	0.72924	0.00518	0.00518
94	0.00683	0.00543	0.00600	0.00642	0.00768	0.00474	0.00452	0.00801	0.01184	0.01463	0.04586	0.29213	0.47805	0.07141	0.00839	0.00228	0.00317	0.01294	0.00510	0.00460
95	0.04321	0.00941	0.01267	0.00980	0.01398	0.00822	0.00807	0.02631	0.01595	0.71541	0.05993	0.02010	0.01576	0.00716	0.00566	0.00174	0.00467	0.00583	0.00685	0.00928
96	0.01075	0.00653	0.00733	0.00723	0.00872	0.00663	0.00554	0.09498	0.01363	0.02107	0.06569	0.16990	0.02223	0.00984	0.00528	0.00169	0.00341	0.08127	0.45268	0.00561
97	0.01196	0.01144	0.01965	0.47833	0.31546	0.01289	0.03878	0.01559	0.01191	0.01601	0.01027	0.01460	0.00807	0.00537	0.00564	0.00180	0.00725	0.00506	0.00262	0.00731
98	0.01322	0.01050	0.01219	0.00886	0.01375	0.00848	0.00713	0.07626	0.02611	0.05847	0.01115	0.01237	0.00888	0.00459	0.00439	0.00097	0.00437	0.00365	0.00375	0.71091
99	0.01107	0.01029	0.01168	0.01102	0.04304	0.09531	0.06503	0.05189	0.09706	0.01882	0.18804	0.13619	0.18289	0.02288	0.00671	0.00193	0.00482	0.03025	0.00493	0.00614
100	0.01396	0.01357	0.07740	0.07206	0.11219	0.05065	0.06998	0.17042	0.07354	0.04320	0.05652	0.05574	0.12124	0.00789	0.00587	0.00176	0.00596	0.00679	0.00433	0.03691

[dist]
# distance from previous block
# <min> <max>
0	6

# created by:
# /st0/software/busco_prod/Augustus/scripts/msa2prfl.pl ./align_prep/52038.fa
