[name]
unknown

[dist]
# distance from previous block
# <min> <max>
34	535

[block]
# block no. 0 follows, 43 sequences, length 9
# corresponding to MSA columns:
# 549-557
name=unknown_A
#
# <colnr> <probs for GDERKNQSTAVLIFYWHMCP>
#	G	D	E	R	K	N	Q	S	T	A	V	L	I	F	Y	W	H	M	C	P
0	0.01033	0.00737	0.00955	0.03827	0.01164	0.00700	0.03785	0.01277	0.05443	0.07228	0.13166	0.17537	0.22601	0.02797	0.05842	0.00260	0.00482	0.05370	0.05198	0.00599
1	0.05020	0.06965	0.02263	0.10530	0.09097	0.01260	0.32233	0.01689	0.05373	0.05071	0.01472	0.07404	0.03952	0.00633	0.00581	0.00176	0.00697	0.00646	0.00337	0.04600
2	0.01363	0.03464	0.01702	0.13301	0.10482	0.16360	0.09879	0.01705	0.05646	0.04746	0.01201	0.01532	0.00985	0.01320	0.17055	0.00317	0.02796	0.00502	0.00313	0.05330
3	0.07466	0.00934	0.03243	0.00945	0.05131	0.00912	0.00709	0.15696	0.03476	0.06395	0.01852	0.07605	0.05292	0.04267	0.00588	0.00172	0.00418	0.00612	0.29740	0.04543
4	0.01404	0.01229	0.01485	0.26229	0.02239	0.09665	0.04475	0.16225	0.06508	0.05009	0.01530	0.14805	0.01371	0.00786	0.00572	0.00178	0.00633	0.00674	0.00402	0.04580
5	0.05621	0.03316	0.09514	0.05783	0.04790	0.01163	0.22425	0.08216	0.01350	0.07342	0.02894	0.05512	0.09054	0.02586	0.00666	0.00187	0.02796	0.01633	0.01627	0.03524
6	0.08318	0.00762	0.00836	0.03370	0.01050	0.03304	0.00600	0.01229	0.05560	0.04087	0.18647	0.16888	0.16573	0.05130	0.03864	0.00224	0.00424	0.00914	0.00477	0.07742
7	0.01541	0.01208	0.01761	0.01512	0.05819	0.01399	0.10427	0.10378	0.08384	0.14445	0.01345	0.01653	0.01072	0.00892	0.03433	0.00225	0.30487	0.02866	0.00400	0.00753
8	0.03941	0.04677	0.16407	0.04614	0.01591	0.09918	0.01052	0.11250	0.08586	0.03715	0.07582	0.02388	0.13074	0.04314	0.00655	0.00188	0.00589	0.02771	0.00413	0.02275

[dist]
# distance from previous block
# <min> <max>
2	15

[block]
# block no. 1 follows, 43 sequences, length 122
# corresponding to MSA columns:
# 573-694
name=unknown_B
#
# <colnr> <probs for GDERKNQSTAVLIFYWHMCP>
#	G	D	E	R	K	N	Q	S	T	A	V	L	I	F	Y	W	H	M	C	P
0	0.01574	0.09968	0.04576	0.01245	0.03231	0.13162	0.04851	0.15595	0.19243	0.05024	0.03541	0.06169	0.02580	0.00702	0.00535	0.00163	0.00603	0.00568	0.00437	0.06231
1	0.02982	0.06975	0.06698	0.01523	0.14804	0.02888	0.05970	0.12056	0.06063	0.04628	0.01577	0.14387	0.02757	0.00750	0.00544	0.00163	0.00558	0.00654	0.00395	0.13630
2	0.04571	0.04144	0.04030	0.02104	0.28949	0.21550	0.06466	0.03867	0.13691	0.03501	0.01211	0.01369	0.00958	0.00564	0.00532	0.00164	0.00719	0.00477	0.00341	0.00793
3	0.15063	0.05919	0.27733	0.03098	0.11960	0.03118	0.01366	0.10262	0.05346	0.03612	0.02937	0.01293	0.00921	0.00559	0.00493	0.00165	0.00639	0.00433	0.00336	0.04746
4	0.01629	0.16456	0.01959	0.13672	0.04819	0.28995	0.05968	0.07201	0.06418	0.01616	0.01005	0.01208	0.00814	0.00583	0.00580	0.00159	0.05483	0.00427	0.00305	0.00701
5	0.19407	0.01430	0.06607	0.02859	0.05293	0.07513	0.20726	0.05208	0.01288	0.08064	0.02736	0.01328	0.00906	0.00545	0.00558	0.00165	0.03495	0.00474	0.00348	0.11051
6	0.01397	0.01031	0.01427	0.17991	0.11037	0.00950	0.01007	0.03461	0.01261	0.14225	0.01198	0.01371	0.00903	0.00503	0.00485	0.00131	0.00525	0.00425	0.00368	0.40303
7	0.01544	0.01330	0.01620	0.08875	0.19332	0.05858	0.01144	0.18985	0.16100	0.04089	0.01346	0.01460	0.01030	0.00584	0.00528	0.00157	0.00586	0.00487	0.00412	0.14534
8	0.01335	0.03306	0.28685	0.01165	0.01717	0.03820	0.01212	0.08576	0.01341	0.08374	0.01353	0.07144	0.02452	0.00623	0.00507	0.00147	0.00597	0.00501	0.00360	0.26784
9	0.01275	0.02600	0.66316	0.01501	0.02259	0.01253	0.01870	0.03583	0.03348	0.09186	0.01153	0.01268	0.00800	0.00551	0.00531	0.00175	0.00769	0.00432	0.00295	0.00835
10	0.01453	0.47264	0.02818	0.01663	0.14212	0.01857	0.16951	0.04939	0.01252	0.01584	0.00915	0.01117	0.00776	0.00484	0.00460	0.00143	0.00677	0.00414	0.00266	0.00756
11	0.00675	0.00482	0.00643	0.00771	0.00803	0.00450	0.00514	0.00771	0.01060	0.01414	0.03053	0.80175	0.03663	0.01735	0.00707	0.00225	0.00321	0.01574	0.00514	0.00450
12	0.04309	0.36353	0.24549	0.01258	0.01750	0.01727	0.04162	0.01648	0.01100	0.03095	0.00885	0.01090	0.00738	0.00640	0.02068	0.00174	0.13093	0.00384	0.00253	0.00724
13	0.01038	0.00962	0.01560	0.53264	0.05665	0.01207	0.01361	0.01344	0.01043	0.01397	0.01034	0.01553	0.00848	0.01200	0.13534	0.00308	0.11316	0.00508	0.00255	0.00604
14	0.01746	0.00779	0.01049	0.00860	0.01159	0.00687	0.00687	0.01981	0.01578	0.44795	0.34577	0.02863	0.03045	0.00879	0.00599	0.00173	0.00380	0.00750	0.00653	0.00760
15	0.00794	0.00583	0.00837	0.00837	0.00917	0.00663	0.00626	0.00955	0.00874	0.01246	0.01532	0.02445	0.01502	0.18356	0.64299	0.00824	0.01307	0.00633	0.00304	0.00465
16	0.03780	0.11521	0.18370	0.07328	0.02099	0.13112	0.13486	0.03465	0.01236	0.05442	0.00982	0.01225	0.00771	0.00605	0.00741	0.00177	0.14201	0.00453	0.00285	0.00718
17	0.00996	0.00908	0.00877	0.00817	0.00973	0.13335	0.00613	0.01237	0.01568	0.02078	0.64282	0.03620	0.04482	0.01040	0.00628	0.00169	0.00383	0.00895	0.00556	0.00542
18	0.00675	0.00482	0.00643	0.00771	0.00803	0.00450	0.00514	0.00771	0.01060	0.01414	0.03053	0.80175	0.03663	0.01735	0.00707	0.00225	0.00321	0.01574	0.00514	0.00450
19	0.01509	0.01235	0.01960	0.27621	0.22501	0.01325	0.09681	0.15941	0.01508	0.09504	0.01201	0.01463	0.00889	0.00563	0.00564	0.00175	0.00688	0.00518	0.00361	0.00795
20	0.03070	0.03598	0.17480	0.04485	0.03483	0.07740	0.26031	0.04848	0.16168	0.03745	0.01302	0.01469	0.00974	0.00573	0.00600	0.00179	0.02590	0.00538	0.00346	0.00781
21	0.01371	0.01203	0.01337	0.01185	0.01450	0.01440	0.00937	0.04709	0.61625	0.02188	0.01977	0.01905	0.01511	0.00785	0.00770	0.00196	0.13469	0.00599	0.00510	0.00834
22	0.00671	0.00495	0.00629	0.00737	0.00794	0.00453	0.00499	0.00775	0.01094	0.01427	0.03474	0.67847	0.15719	0.01680	0.00698	0.00219	0.00315	0.01508	0.00514	0.00453
23	0.01148	0.00984	0.01148	0.00820	0.01312	0.00738	0.00656	0.01395	0.01148	0.01805	0.00984	0.01148	0.00820	0.00410	0.00410	0.00082	0.00410	0.00328	0.00328	0.83922
24	0.01301	0.01543	0.14621	0.09433	0.58659	0.01304	0.01743	0.01685	0.01233	0.01767	0.01029	0.01346	0.00837	0.00504	0.00545	0.00168	0.00691	0.00479	0.00265	0.00846
25	0.00696	0.00491	0.00636	0.00744	0.00770	0.00464	0.00485	0.00777	0.01018	0.01358	0.02837	0.67566	0.03391	0.14714	0.01055	0.00276	0.00357	0.01448	0.00485	0.00431
26	0.00805	0.00537	0.00604	0.00604	0.00604	0.00537	0.00336	0.00805	0.00805	0.01074	0.01745	0.03624	0.02013	0.80536	0.02819	0.00537	0.00537	0.00805	0.00336	0.00336
27	0.00723	0.00564	0.00656	0.00633	0.00790	0.00497	0.00475	0.00927	0.01424	0.01879	0.43180	0.04700	0.39049	0.01260	0.00654	0.00180	0.00270	0.01081	0.00565	0.00497
28	0.14913	0.02045	0.36528	0.01728	0.02369	0.01323	0.29762	0.01741	0.01185	0.01882	0.01006	0.01249	0.00738	0.00501	0.00545	0.00179	0.00798	0.00485	0.00269	0.00755
29	0.01306	0.01078	0.01233	0.00895	0.01379	0.00900	0.00722	0.13557	0.01388	0.02082	0.01041	0.01178	0.00840	0.00452	0.00434	0.00096	0.00443	0.00356	0.00365	0.70254
30	0.00718	0.00513	0.00693	0.00821	0.00872	0.00487	0.00590	0.00847	0.01103	0.01463	0.03028	0.65345	0.03568	0.01694	0.00719	0.00231	0.00359	0.15973	0.00513	0.00462
31	0.01494	0.79152	0.02873	0.00958	0.01428	0.03863	0.00950	0.01671	0.01135	0.01304	0.00772	0.00891	0.00711	0.00476	0.00359	0.00119	0.00601	0.00297	0.00238	0.00709
32	0.00791	0.00593	0.00890	0.00890	0.00989	0.00692	0.00692	0.00989	0.00890	0.01286	0.01483	0.02176	0.01385	0.04154	0.78341	0.00890	0.01483	0.00593	0.00297	0.00494
33	0.02105	0.01551	0.01662	0.01274	0.01717	0.01717	0.01053	0.75235	0.02604	0.03490	0.01330	0.01330	0.00942	0.00665	0.00554	0.00166	0.00609	0.00499	0.00554	0.00942
34	0.00655	0.00561	0.00561	0.00561	0.00748	0.00468	0.00421	0.00795	0.01262	0.01496	0.05610	0.05330	0.76857	0.01403	0.00655	0.00187	0.00281	0.01169	0.00514	0.00468
35	0.00791	0.00593	0.00890	0.00890	0.00989	0.00692	0.00692	0.00989	0.00890	0.01286	0.01483	0.02176	0.01385	0.04154	0.78341	0.00890	0.01483	0.00593	0.00297	0.00494
36	0.01966	0.18988	0.01928	0.01212	0.01652	0.06698	0.01031	0.54475	0.02214	0.02876	0.01177	0.01212	0.00877	0.00617	0.00507	0.00154	0.00630	0.00445	0.00467	0.00872
37	0.01185	0.01039	0.01330	0.01245	0.13792	0.00833	0.00828	0.01445	0.01167	0.01805	0.00994	0.01185	0.00830	0.00424	0.00433	0.00096	0.00451	0.00355	0.00319	0.70244
38	0.16459	0.03794	0.01462	0.01296	0.01595	0.63450	0.00986	0.02099	0.01452	0.01552	0.00840	0.00979	0.00693	0.00559	0.00469	0.00147	0.00892	0.00346	0.00295	0.00636
39	0.00671	0.00495	0.00629	0.00737	0.00794	0.00453	0.00499	0.00775	0.01094	0.01427	0.03474	0.67847	0.15719	0.01680	0.00698	0.00219	0.00315	0.01508	0.00514	0.00453
40	0.00731	0.00867	0.10819	0.00713	0.00977	0.00583	0.00649	0.00954	0.01288	0.01622	0.13969	0.04627	0.57719	0.01252	0.00637	0.00184	0.00350	0.01047	0.00489	0.00521
41	0.00805	0.00537	0.00604	0.00604	0.00604	0.00537	0.00336	0.00805	0.00805	0.01074	0.01745	0.03624	0.02013	0.80536	0.02819	0.00537	0.00537	0.00805	0.00336	0.00336
42	0.01194	0.02196	0.42683	0.01850	0.02495	0.01367	0.29321	0.01722	0.01191	0.01722	0.01016	0.01295	0.00756	0.00545	0.00695	0.00186	0.08234	0.00508	0.00252	0.00772
43	0.02069	0.02640	0.01569	0.01427	0.01712	0.78313	0.01070	0.02212	0.01569	0.01355	0.00856	0.00999	0.00713	0.00571	0.00499	0.00143	0.00999	0.00357	0.00285	0.00642
44	0.01900	0.02367	0.01585	0.14238	0.02058	0.65617	0.01147	0.02080	0.01493	0.01365	0.00877	0.01077	0.00717	0.00568	0.00508	0.00150	0.00956	0.00379	0.00279	0.00638
45	0.00655	0.00561	0.00561	0.00561	0.00748	0.00468	0.00421	0.00795	0.01262	0.01496	0.05610	0.05330	0.76857	0.01403	0.00655	0.00187	0.00281	0.01169	0.00514	0.00468
46	0.01252	0.01112	0.01407	0.30709	0.02340	0.01322	0.01127	0.02364	0.47675	0.01975	0.01773	0.01843	0.01330	0.00676	0.00560	0.00187	0.00552	0.00575	0.00443	0.00778
47	0.84448	0.01071	0.00814	0.00728	0.01071	0.01242	0.00600	0.01628	0.00943	0.02485	0.00771	0.00900	0.00600	0.00514	0.00343	0.00171	0.00428	0.00300	0.00343	0.00600
48	0.01332	0.01243	0.02005	0.02904	0.60857	0.01268	0.01525	0.01818	0.11107	0.01864	0.01357	0.01865	0.01175	0.00613	0.00568	0.00175	0.00617	0.06528	0.00332	0.00847
49	0.01189	0.01149	0.01726	0.19206	0.03776	0.01443	0.08042	0.01646	0.13353	0.01562	0.01125	0.01499	0.00941	0.00968	0.05662	0.00251	0.34963	0.00532	0.00303	0.00665
50	0.01281	0.01091	0.01193	0.01088	0.01366	0.01265	0.00846	0.02621	0.63696	0.02147	0.02127	0.02084	0.01640	0.01312	0.13374	0.00304	0.00610	0.00621	0.00520	0.00814
51	0.00910	0.01091	0.14403	0.01267	0.13644	0.00775	0.00961	0.01222	0.01381	0.01913	0.35536	0.03422	0.19338	0.00980	0.00614	0.00176	0.00428	0.00851	0.00468	0.00621
52	0.84448	0.01071	0.00814	0.00728	0.01071	0.01242	0.00600	0.01628	0.00943	0.02485	0.00771	0.00900	0.00600	0.00514	0.00343	0.00171	0.00428	0.00300	0.00343	0.00600
53	0.00675	0.00482	0.00643	0.00771	0.00803	0.00450	0.00514	0.00771	0.01060	0.01414	0.03053	0.80175	0.03663	0.01735	0.00707	0.00225	0.00321	0.01574	0.00514	0.00450
54	0.00794	0.00584	0.00843	0.00843	0.00926	0.00667	0.00634	0.00959	0.00876	0.01251	0.01527	0.02414	0.01488	0.16735	0.65902	0.00832	0.01328	0.00628	0.00303	0.00468
55	0.01256	0.14332	0.01895	0.01371	0.01449	0.01778	0.01168	0.01386	0.00894	0.01328	0.00734	0.01158	0.00724	0.00888	0.01577	0.00222	0.66522	0.00454	0.00241	0.00623
56	0.00792	0.00590	0.00871	0.00871	0.00963	0.00682	0.00668	0.00977	0.00884	0.01272	0.01501	0.02273	0.01427	0.09257	0.73295	0.00866	0.01420	0.00608	0.00299	0.00484
57	0.00784	0.00566	0.00740	0.00697	0.00827	0.00523	0.00523	0.01045	0.01568	0.02221	0.76789	0.04137	0.05226	0.01132	0.00653	0.00174	0.00261	0.01002	0.00610	0.00523
58	0.01371	0.01316	0.02248	0.03399	0.77081	0.01316	0.01700	0.01700	0.01261	0.01809	0.01042	0.01371	0.00877	0.00493	0.00548	0.00164	0.00658	0.00493	0.00274	0.00877
59	0.01309	0.01486	0.03215	0.02303	0.02856	0.01400	0.73130	0.01805	0.03263	0.01788	0.01150	0.01509	0.00863	0.00474	0.00651	0.00187	0.00921	0.00653	0.00288	0.00750
60	0.00704	0.00574	0.00630	0.00647	0.00820	0.00500	0.00507	0.00873	0.01289	0.01580	0.10846	0.05386	0.59010	0.01402	0.00673	0.00197	0.00317	0.13045	0.00521	0.00479
61	0.02422	0.01043	0.01347	0.01033	0.01464	0.00963	0.00853	0.14646	0.01753	0.65281	0.02044	0.01794	0.01300	0.00682	0.00556	0.00171	0.00494	0.00547	0.00664	0.00942
62	0.00687	0.00529	0.00654	0.00715	0.00814	0.00496	0.00510	0.00816	0.01105	0.01422	0.03715	0.40383	0.29638	0.02014	0.13475	0.00321	0.00498	0.01267	0.00478	0.00464
63	0.00675	0.00482	0.00643	0.00771	0.00803	0.00450	0.00514	0.00771	0.01060	0.01414	0.03053	0.80175	0.03663	0.01735	0.00707	0.00225	0.00321	0.01574	0.00514	0.00450
64	0.01046	0.00984	0.01661	0.79205	0.03814	0.01230	0.01538	0.01415	0.01107	0.01415	0.00984	0.01477	0.00738	0.00554	0.00554	0.00185	0.00738	0.00492	0.00246	0.00615
65	0.01262	0.01073	0.01152	0.01068	0.01335	0.01225	0.00817	0.02585	0.63724	0.02168	0.02386	0.14932	0.02015	0.00913	0.00587	0.00194	0.00419	0.00782	0.00555	0.00806
66	0.00785	0.00571	0.00765	0.00729	0.00854	0.00551	0.00551	0.01036	0.01456	0.02067	0.64386	0.03814	0.04593	0.01630	0.13449	0.00292	0.00463	0.00934	0.00558	0.00518
67	0.84448	0.01071	0.00814	0.00728	0.01071	0.01242	0.00600	0.01628	0.00943	0.02485	0.00771	0.00900	0.00600	0.00514	0.00343	0.00171	0.00428	0.00300	0.00343	0.00600
68	0.01212	0.01212	0.01696	0.01454	0.01454	0.01696	0.01212	0.01333	0.00848	0.01333	0.00727	0.01212	0.00727	0.00969	0.01818	0.00242	0.79523	0.00485	0.00242	0.00606
69	0.00671	0.00495	0.00629	0.00737	0.00794	0.00453	0.00499	0.00775	0.01094	0.01427	0.03474	0.67847	0.15719	0.01680	0.00698	0.00219	0.00315	0.01508	0.00514	0.00453
70	0.01371	0.01316	0.02248	0.03399	0.77081	0.01316	0.01700	0.01700	0.01261	0.01809	0.01042	0.01371	0.00877	0.00493	0.00548	0.00164	0.00658	0.00493	0.00274	0.00877
71	0.00797	0.00572	0.00783	0.00783	0.00844	0.00634	0.00558	0.00920	0.00858	0.01206	0.01582	0.02720	0.01621	0.32877	0.49941	0.00757	0.01128	0.00673	0.00311	0.00435
72	0.02485	0.00943	0.01285	0.00985	0.01414	0.00814	0.00814	0.02699	0.01585	0.77465	0.02185	0.01885	0.01371	0.00685	0.00557	0.00171	0.00471	0.00557	0.00685	0.00943
73	0.00791	0.00593	0.00890	0.00890	0.00989	0.00692	0.00692	0.00989	0.00890	0.01286	0.01483	0.02176	0.01385	0.04154	0.78341	0.00890	0.01483	0.00593	0.00297	0.00494
74	0.00784	0.00566	0.00740	0.00697	0.00827	0.00523	0.00523	0.01045	0.01568	0.02221	0.76789	0.04137	0.05226	0.01132	0.00653	0.00174	0.00261	0.01002	0.00610	0.00523
75	0.01354	0.01271	0.02002	0.07106	0.56829	0.01324	0.01514	0.01950	0.17276	0.01896	0.01298	0.01526	0.01044	0.00552	0.00552	0.00171	0.00615	0.00522	0.00335	0.00863
76	0.00808	0.00548	0.00655	0.00688	0.00712	0.00545	0.00444	0.00859	0.00906	0.01202	0.02062	0.11190	0.02361	0.60179	0.02284	0.00461	0.00512	0.12827	0.00381	0.00375
77	0.01172	0.15713	0.65352	0.01475	0.02236	0.01435	0.01865	0.01738	0.01162	0.01680	0.00957	0.01123	0.00703	0.00518	0.00498	0.00166	0.00781	0.00391	0.00234	0.00801
78	0.00752	0.00565	0.00696	0.00663	0.00808	0.00509	0.00497	0.00983	0.01492	0.02041	0.59168	0.04432	0.22958	0.01199	0.00654	0.00177	0.00266	0.01043	0.00586	0.00509
79	0.00674	0.00485	0.00640	0.00764	0.00801	0.00450	0.00511	0.00772	0.01068	0.01417	0.03144	0.77489	0.06290	0.01723	0.00705	0.00224	0.00320	0.01560	0.00514	0.00450
80	0.01353	0.01298	0.02216	0.07593	0.73029	0.01311	0.01691	0.01684	0.01253	0.01788	0.01039	0.01377	0.00870	0.00497	0.00549	0.00166	0.00662	0.00493	0.00273	0.00863
81	0.00694	0.00574	0.00616	0.00637	0.00814	0.00496	0.00498	0.00853	0.01264	0.01523	0.05169	0.05481	0.64723	0.01424	0.00673	0.00198	0.00318	0.13058	0.00514	0.00475
82	0.01378	0.01190	0.01252	0.01127	0.01440	0.01378	0.00877	0.02943	0.76081	0.02317	0.02254	0.02066	0.01691	0.00751	0.00564	0.00188	0.00438	0.00626	0.00564	0.00877
83	0.01288	0.01214	0.02083	0.02947	0.60359	0.01209	0.05736	0.01613	0.01266	0.01782	0.01358	0.02181	0.01256	0.00663	0.00590	0.00181	0.00649	0.12503	0.00313	0.00809
84	0.01212	0.01212	0.01696	0.01454	0.01454	0.01696	0.01212	0.01333	0.00848	0.01333	0.00727	0.01212	0.00727	0.00969	0.01818	0.00242	0.79523	0.00485	0.00242	0.00606
85	0.01211	0.01080	0.01467	0.01100	0.01544	0.00949	0.11349	0.04539	0.09813	0.01895	0.01273	0.05683	0.01083	0.00552	0.00513	0.00124	0.02068	0.00488	0.00366	0.52902
86	0.01194	0.20381	0.60878	0.01437	0.02178	0.01489	0.01800	0.01732	0.01159	0.01653	0.00944	0.01106	0.00704	0.00514	0.00488	0.00163	0.00768	0.00384	0.00235	0.00794
87	0.01499	0.78454	0.02861	0.00962	0.01430	0.04542	0.00951	0.01675	0.01139	0.01305	0.00773	0.00892	0.00711	0.00477	0.00360	0.00119	0.00605	0.00298	0.00238	0.00709
88	0.02956	0.01187	0.01175	0.01053	0.01259	0.16292	0.02605	0.13519	0.01334	0.03165	0.01361	0.01889	0.01210	0.09769	0.34971	0.00515	0.01053	0.00543	0.03544	0.00600
89	0.01414	0.01208	0.01273	0.01134	0.01454	0.01395	0.00885	0.06581	0.72383	0.02376	0.02208	0.02029	0.01653	0.00747	0.00563	0.00187	0.00447	0.00620	0.00563	0.00880
90	0.00761	0.00565	0.00709	0.00673	0.00813	0.00513	0.00505	0.01001	0.01514	0.02093	0.64219	0.04348	0.17876	0.01180	0.00653	0.00176	0.00265	0.01031	0.00593	0.00513
91	0.01229	0.01171	0.01991	0.36537	0.45054	0.01279	0.01629	0.01575	0.01194	0.01637	0.01017	0.01417	0.00817	0.00520	0.00551	0.00173	0.00693	0.00493	0.00262	0.00763
92	0.00695	0.00562	0.00613	0.00601	0.00767	0.00485	0.00448	0.00866	0.01338	0.01692	0.25698	0.04952	0.54813	0.03164	0.00704	0.00192	0.00281	0.01113	0.00537	0.00480
93	0.01046	0.00984	0.01661	0.79205	0.03814	0.01230	0.01538	0.01415	0.01107	0.01415	0.00984	0.01477	0.00738	0.00554	0.00554	0.00185	0.00738	0.00492	0.00246	0.00615
94	0.00962	0.00481	0.00722	0.00722	0.00722	0.00481	0.00481	0.00722	0.00722	0.00962	0.00962	0.01684	0.00962	0.01924	0.02165	0.83886	0.00481	0.00481	0.00241	0.00241
95	0.01046	0.00984	0.01661	0.79205	0.03814	0.01230	0.01538	0.01415	0.01107	0.01415	0.00984	0.01477	0.00738	0.00554	0.00554	0.00185	0.00738	0.00492	0.00246	0.00615
96	0.00728	0.00564	0.00663	0.00638	0.00793	0.00499	0.00478	0.00937	0.01435	0.01907	0.45957	0.04654	0.36254	0.01249	0.00654	0.00180	0.00270	0.01074	0.00568	0.00499
97	0.01241	0.01099	0.01699	0.61457	0.08216	0.01316	0.01469	0.13592	0.01364	0.01782	0.01045	0.01446	0.00781	0.00568	0.00553	0.00180	0.00712	0.00493	0.00299	0.00686
98	0.84448	0.01071	0.00814	0.00728	0.01071	0.01242	0.00600	0.01628	0.00943	0.02485	0.00771	0.00900	0.00600	0.00514	0.00343	0.00171	0.00428	0.00300	0.00343	0.00600
99	0.00655	0.00561	0.00561	0.00561	0.00748	0.00468	0.00421	0.00795	0.01262	0.01496	0.05610	0.05330	0.76857	0.01403	0.00655	0.00187	0.00281	0.01169	0.00514	0.00468
100	0.01985	0.01492	0.01595	0.01250	0.01672	0.01662	0.01024	0.63328	0.14706	0.03297	0.01482	0.01451	0.01065	0.00679	0.00556	0.00170	0.00581	0.00520	0.00556	0.00931
101	0.61809	0.01036	0.00944	0.00799	0.01166	0.01124	0.00659	0.01924	0.01120	0.23195	0.01162	0.01172	0.00813	0.00561	0.00402	0.00171	0.00440	0.00371	0.00437	0.00694
102	0.00694	0.00500	0.00683	0.00791	0.00834	0.00490	0.00543	0.00807	0.01032	0.01393	0.02794	0.67328	0.03288	0.02133	0.13494	0.00334	0.00513	0.01413	0.00478	0.00457
103	0.01311	0.01255	0.02140	0.17413	0.63537	0.01300	0.01670	0.01647	0.01233	0.01736	0.01031	0.01390	0.00852	0.00505	0.00549	0.00168	0.00673	0.00493	0.00269	0.00829
104	0.00766	0.00552	0.00724	0.00709	0.00823	0.00511	0.00521	0.01000	0.01484	0.02088	0.64644	0.16661	0.04968	0.01232	0.00662	0.00183	0.00271	0.01096	0.00594	0.00511
105	0.01155	0.00688	0.00957	0.01014	0.01191	0.00667	0.00880	0.01403	0.01326	0.14144	0.02809	0.05529	0.02888	0.01391	0.00731	0.00241	0.00504	0.61363	0.00539	0.00581
106	0.00766	0.00520	0.00616	0.00655	0.00664	0.00511	0.00390	0.00795	0.00882	0.01177	0.02140	0.26758	0.02512	0.56723	0.02181	0.00443	0.00472	0.01038	0.00390	0.00370
107	0.01495	0.01611	0.02654	0.02248	0.14796	0.11625	0.43654	0.08655	0.04138	0.01902	0.01132	0.01413	0.00869	0.00514	0.00603	0.00175	0.00849	0.00572	0.00315	0.00777
108	0.00820	0.00553	0.00652	0.00673	0.00694	0.00553	0.00427	0.00862	0.00883	0.01170	0.01941	0.04056	0.02207	0.67523	0.02481	0.00490	0.00532	0.12755	0.00364	0.00364
109	0.00936	0.00490	0.00702	0.00702	0.00702	0.00490	0.00457	0.00735	0.00735	0.00980	0.01091	0.02003	0.01135	0.14872	0.02272	0.70158	0.00490	0.00534	0.00256	0.00256
110	0.01317	0.01261	0.02151	0.15885	0.65014	0.01302	0.01673	0.01653	0.01236	0.01744	0.01032	0.01388	0.00854	0.00503	0.00549	0.00168	0.00671	0.00493	0.00270	0.00834
111	0.00794	0.00583	0.00838	0.00838	0.00919	0.00664	0.00627	0.00956	0.00875	0.01247	0.01531	0.02440	0.01499	0.18068	0.64584	0.00826	0.01311	0.00632	0.00304	0.00466
112	0.01307	0.01251	0.02133	0.18226	0.62751	0.01299	0.01668	0.01644	0.01231	0.01732	0.01031	0.01391	0.00850	0.00505	0.00549	0.00168	0.00674	0.00493	0.00269	0.00826
113	0.00702	0.00514	0.00659	0.00725	0.00803	0.00472	0.00505	0.00848	0.01222	0.01642	0.23252	0.50444	0.13107	0.01532	0.00686	0.00207	0.00300	0.01370	0.00540	0.00472
114	0.00962	0.00481	0.00722	0.00722	0.00722	0.00481	0.00481	0.00722	0.00722	0.00962	0.00962	0.01684	0.00962	0.01924	0.02165	0.83886	0.00481	0.00481	0.00241	0.00241
115	0.01323	0.11919	0.04173	0.15035	0.21361	0.01442	0.31793	0.01699	0.01241	0.03184	0.01051	0.01381	0.00823	0.00494	0.00567	0.00171	0.00776	0.00533	0.00274	0.00758
116	0.00777	0.00589	0.00749	0.00792	0.00923	0.00521	0.00574	0.00919	0.01115	0.01513	0.02896	0.52767	0.08803	0.01467	0.00661	0.00202	0.00355	0.09688	0.00483	0.14207
117	0.01312	0.01276	0.02235	0.15798	0.58952	0.01309	0.07668	0.01659	0.01240	0.01742	0.01039	0.01398	0.00851	0.00501	0.00558	0.00170	0.00694	0.00506	0.00270	0.00823
118	0.12174	0.02627	0.67465	0.01466	0.02221	0.01280	0.01854	0.01737	0.01139	0.01851	0.00964	0.01133	0.00688	0.00525	0.00502	0.00175	0.00767	0.00395	0.00248	0.00789
119	0.00775	0.00598	0.00717	0.00715	0.00872	0.00552	0.00558	0.01037	0.04080	0.01861	0.35346	0.04856	0.31535	0.01285	0.00669	0.00193	0.00316	0.12968	0.00556	0.00513
120	0.00734	0.00521	0.00611	0.00657	0.00699	0.00494	0.00414	0.00791	0.00972	0.01266	0.02852	0.31464	0.14935	0.39133	0.01702	0.00367	0.00417	0.01142	0.00429	0.00398
121	0.01423	0.25746	0.22613	0.01941	0.25759	0.02911	0.03291	0.01783	0.01225	0.06930	0.01026	0.01204	0.00811	0.00510	0.00486	0.00154	0.00681	0.00417	0.00281	0.00808

[dist]
# distance from previous block
# <min> <max>
0	1

[block]
# block no. 2 follows, 43 sequences, length 23
# corresponding to MSA columns:
# 696-718
name=unknown_C
#
# <colnr> <probs for GDERKNQSTAVLIFYWHMCP>
#	G	D	E	R	K	N	Q	S	T	A	V	L	I	F	Y	W	H	M	C	P
0	0.08672	0.32315	0.19483	0.01214	0.01671	0.11906	0.01223	0.05095	0.01213	0.01620	0.00853	0.01028	0.00712	0.00571	0.00600	0.00157	0.10323	0.00363	0.00267	0.00715
1	0.01268	0.01407	0.02972	0.02157	0.02667	0.01334	0.65675	0.01773	0.05623	0.01781	0.01318	0.06905	0.01083	0.00570	0.00652	0.00189	0.00863	0.00715	0.00313	0.00734
2	0.01258	0.08036	0.63275	0.01498	0.02247	0.01401	0.01850	0.10721	0.01341	0.01935	0.01020	0.01170	0.00732	0.00540	0.00518	0.00170	0.00778	0.00412	0.00273	0.00826
3	0.02257	0.01051	0.01333	0.01014	0.01453	0.00958	0.00835	0.14862	0.01705	0.55659	0.01893	0.01701	0.01231	0.00648	0.00539	0.00160	0.00487	0.00519	0.00620	0.11076
4	0.00962	0.00481	0.00722	0.00722	0.00722	0.00481	0.00481	0.00722	0.00722	0.00962	0.00962	0.01684	0.00962	0.01924	0.02165	0.83886	0.00481	0.00481	0.00241	0.00241
5	0.00774	0.00589	0.00850	0.00850	0.00960	0.00665	0.00659	0.00965	0.00936	0.01311	0.01987	0.02561	0.10601	0.03818	0.68855	0.00804	0.01337	0.00664	0.00323	0.00491
6	0.01481	0.80869	0.02902	0.00948	0.01421	0.02191	0.00948	0.01658	0.01125	0.01303	0.00770	0.00888	0.00711	0.00474	0.00355	0.00118	0.00592	0.00296	0.00237	0.00711
7	0.84448	0.01071	0.00814	0.00728	0.01071	0.01242	0.00600	0.01628	0.00943	0.02485	0.00771	0.00900	0.00600	0.00514	0.00343	0.00171	0.00428	0.00300	0.00343	0.00600
8	0.00801	0.00553	0.00684	0.00684	0.00711	0.00580	0.00435	0.00857	0.00829	0.01133	0.01672	0.03220	0.01838	0.59225	0.23890	0.00635	0.00801	0.00746	0.00325	0.00380
9	0.02105	0.01551	0.01662	0.01274	0.01717	0.01717	0.01053	0.75235	0.02604	0.03490	0.01330	0.01330	0.00942	0.00665	0.00554	0.00166	0.00609	0.00499	0.00554	0.00942
10	0.00864	0.00684	0.00792	0.00744	0.00924	0.00671	0.00564	0.01343	0.15683	0.02056	0.44561	0.04045	0.22699	0.01128	0.00636	0.00180	0.00300	0.00972	0.00577	0.00576
11	0.00884	0.00512	0.00571	0.00604	0.00676	0.00504	0.00407	0.01036	0.01047	0.01650	0.02113	0.22647	0.02147	0.20773	0.01074	0.00255	0.00344	0.00862	0.41440	0.00454
12	0.00838	0.00657	0.00959	0.00933	0.01014	0.00792	0.00726	0.01014	0.00880	0.01277	0.01418	0.02166	0.01354	0.08881	0.64929	0.00796	0.09980	0.00596	0.00293	0.00496
13	0.00712	0.00520	0.00670	0.00724	0.00807	0.00478	0.00508	0.00873	0.01264	0.01715	0.30075	0.45482	0.11152	0.01485	0.00682	0.00203	0.00296	0.01328	0.00549	0.00478
14	0.71899	0.01259	0.00921	0.00821	0.01160	0.10641	0.00664	0.01732	0.01039	0.04624	0.00824	0.00942	0.00637	0.00526	0.00368	0.00168	0.00499	0.00315	0.00346	0.00615
15	0.01477	0.30008	0.10298	0.01236	0.01733	0.06819	0.10080	0.08862	0.01338	0.03820	0.00977	0.01129	0.00788	0.00508	0.00488	0.00136	0.02414	0.00393	0.00307	0.17188
16	0.01564	0.66656	0.04631	0.01031	0.01492	0.10532	0.00994	0.05043	0.01242	0.01419	0.00810	0.00928	0.00721	0.00494	0.00385	0.00125	0.00644	0.00315	0.00256	0.00716
17	0.84448	0.01071	0.00814	0.00728	0.01071	0.01242	0.00600	0.01628	0.00943	0.02485	0.00771	0.00900	0.00600	0.00514	0.00343	0.00171	0.00428	0.00300	0.00343	0.00600
18	0.00675	0.00482	0.00643	0.00771	0.00803	0.00450	0.00514	0.00771	0.01060	0.01414	0.03053	0.80175	0.03663	0.01735	0.00707	0.00225	0.00321	0.01574	0.00514	0.00450
19	0.00678	0.00562	0.00594	0.00586	0.00763	0.00478	0.00439	0.00841	0.01318	0.01629	0.18645	0.05112	0.63740	0.01353	0.00654	0.00185	0.00277	0.01138	0.00532	0.00478
20	0.04936	0.00954	0.04519	0.00950	0.01191	0.00943	0.00792	0.11993	0.01428	0.11947	0.17671	0.02670	0.11915	0.03298	0.13837	0.00310	0.08817	0.00708	0.00473	0.00648
21	0.01331	0.01275	0.02176	0.12657	0.68134	0.01305	0.01680	0.01665	0.01242	0.01761	0.01035	0.01384	0.00860	0.00501	0.00549	0.00167	0.00668	0.00493	0.00271	0.00845
22	0.01212	0.01212	0.01696	0.01454	0.01454	0.01696	0.01212	0.01333	0.00848	0.01333	0.00727	0.01212	0.00727	0.00969	0.01818	0.00242	0.79523	0.00485	0.00242	0.00606

[dist]
# distance from previous block
# <min> <max>
0	4

[block]
# block no. 3 follows, 43 sequences, length 10
# corresponding to MSA columns:
# 723-732
name=unknown_D
#
# <colnr> <probs for GDERKNQSTAVLIFYWHMCP>
#	G	D	E	R	K	N	Q	S	T	A	V	L	I	F	Y	W	H	M	C	P
0	0.00751	0.00571	0.00695	0.00682	0.00831	0.00515	0.00523	0.00972	0.01441	0.01932	0.46699	0.04721	0.28544	0.01257	0.00664	0.00186	0.00290	0.07654	0.00569	0.00503
1	0.00931	0.00681	0.00921	0.01028	0.01171	0.00696	0.00891	0.01290	0.07212	0.01710	0.02879	0.05915	0.03069	0.01468	0.00749	0.00250	0.00504	0.67582	0.00514	0.00539
2	0.01148	0.00984	0.01148	0.00820	0.01312	0.00738	0.00656	0.01395	0.01148	0.01805	0.00984	0.01148	0.00820	0.00410	0.00410	0.00082	0.00410	0.00328	0.00328	0.83922
3	0.01461	0.75186	0.02816	0.00984	0.01424	0.02156	0.00966	0.01635	0.01106	0.01305	0.00767	0.00911	0.00712	0.00509	0.00460	0.00127	0.06223	0.00310	0.00237	0.00703
4	0.01236	0.24317	0.48314	0.01491	0.02185	0.01550	0.10221	0.01730	0.01173	0.01631	0.00947	0.01129	0.00720	0.00505	0.00494	0.00161	0.00769	0.00406	0.00240	0.00780
5	0.01901	0.26013	0.01999	0.01239	0.01626	0.33986	0.01028	0.22340	0.01723	0.01933	0.00962	0.01057	0.00776	0.00568	0.00471	0.00142	0.00768	0.00378	0.00345	0.00746
6	0.01186	0.01181	0.04616	0.25683	0.22716	0.01216	0.08812	0.01754	0.14261	0.01785	0.06709	0.04950	0.01389	0.00652	0.00576	0.00181	0.00636	0.00610	0.00349	0.00739
7	0.01155	0.02041	0.44473	0.01606	0.08116	0.01127	0.09730	0.01657	0.01291	0.05479	0.16075	0.01843	0.01659	0.00645	0.00569	0.00175	0.00691	0.00567	0.00338	0.00763
8	0.01231	0.00915	0.01206	0.01336	0.15983	0.00895	0.00853	0.06955	0.10244	0.09668	0.20007	0.06699	0.15175	0.00918	0.00594	0.00172	0.00421	0.00795	0.00505	0.05428
9	0.01156	0.04835	0.03434	0.00843	0.01069	0.07760	0.00686	0.01399	0.01499	0.11576	0.45471	0.03492	0.09628	0.01010	0.00613	0.00173	0.00401	0.03806	0.00548	0.00601

[dist]
# distance from previous block
# <min> <max>
5	12

[block]
# block no. 4 follows, 43 sequences, length 6
# corresponding to MSA columns:
# 745-750
name=unknown_E
#
# <colnr> <probs for GDERKNQSTAVLIFYWHMCP>
#	G	D	E	R	K	N	Q	S	T	A	V	L	I	F	Y	W	H	M	C	P
0	0.01744	0.00931	0.01222	0.00966	0.01328	0.00850	0.03240	0.06676	0.06910	0.36160	0.20149	0.02299	0.02215	0.00753	0.00564	0.00161	0.00434	0.00639	0.00587	0.12172
1	0.00809	0.01092	0.19474	0.00984	0.01235	0.00681	0.00932	0.01065	0.01134	0.01537	0.02752	0.44397	0.09118	0.01384	0.00666	0.00214	0.00465	0.11068	0.00445	0.00550
2	0.01004	0.00835	0.01084	0.00857	0.01181	0.00691	0.05141	0.01230	0.01210	0.01773	0.17403	0.02523	0.04786	0.11674	0.00833	0.00182	0.00428	0.03862	0.00401	0.42905
3	0.07220	0.01232	0.11544	0.01023	0.01379	0.01062	0.00910	0.08897	0.22803	0.05225	0.19827	0.06293	0.02283	0.00810	0.00559	0.00173	0.00456	0.00675	0.00497	0.07134
4	0.55464	0.05943	0.05468	0.01066	0.07702	0.01284	0.00832	0.01820	0.06437	0.08058	0.01022	0.01114	0.00773	0.00541	0.00404	0.00169	0.00484	0.00366	0.00367	0.00689
5	0.01244	0.00937	0.01175	0.11718	0.01596	0.01015	0.00922	0.25184	0.01622	0.02149	0.02180	0.25709	0.02262	0.01175	0.00650	0.00208	0.00518	0.18600	0.00489	0.00647

[dist]
# distance from previous block
# <min> <max>
5	29

# created by:
# /st0/software/busco_prod/Augustus/scripts/msa2prfl.pl ./align_prep/52267.fa
