[name]
unknown

[dist]
# distance from previous block
# <min> <max>
0	598

[block]
# block no. 0 follows, 47 sequences, length 95
# corresponding to MSA columns:
# 633-727
name=unknown_A
#
# <colnr> <probs for GDERKNQSTAVLIFYWHMCP>
#	G	D	E	R	K	N	Q	S	T	A	V	L	I	F	Y	W	H	M	C	P
0	0.01150	0.01024	0.01164	0.07454	0.01430	0.13934	0.06614	0.03339	0.01280	0.06903	0.09520	0.13452	0.08642	0.01029	0.00627	0.00188	0.02043	0.19226	0.00425	0.00556
1	0.04922	0.08232	0.01732	0.27031	0.02236	0.01128	0.18598	0.01390	0.05107	0.01547	0.06269	0.02119	0.14507	0.00682	0.00563	0.00169	0.02230	0.00619	0.00322	0.00598
2	0.09612	0.00993	0.07712	0.03232	0.06646	0.00840	0.07064	0.03142	0.04069	0.09511	0.12591	0.04209	0.20425	0.02180	0.00573	0.00169	0.00448	0.00698	0.00422	0.05462
3	0.01119	0.00854	0.01011	0.00872	0.01120	0.00865	0.02879	0.13855	0.16221	0.05051	0.23392	0.09436	0.14257	0.00934	0.00570	0.00166	0.00374	0.00801	0.00513	0.05710
4	0.01517	0.01189	0.01790	0.01368	0.01747	0.02981	0.24110	0.23144	0.03135	0.13145	0.03631	0.10499	0.03585	0.00711	0.00586	0.00168	0.01953	0.00659	0.00438	0.03645
5	0.01024	0.04798	0.01169	0.03825	0.06981	0.00847	0.05934	0.01313	0.16185	0.01351	0.01398	0.08777	0.01326	0.08803	0.01321	0.33048	0.00492	0.00603	0.00323	0.00484
6	0.01344	0.01053	0.01392	0.27329	0.02120	0.02663	0.03625	0.20213	0.01451	0.08039	0.01382	0.08222	0.03147	0.00647	0.00515	0.00154	0.00557	0.00549	0.00380	0.15217
7	0.01415	0.59808	0.02324	0.00959	0.01361	0.07786	0.00886	0.01840	0.16376	0.01420	0.01009	0.01065	0.00853	0.00505	0.00384	0.00126	0.00557	0.00345	0.00288	0.00695
8	0.01545	0.60081	0.02383	0.01015	0.01412	0.23445	0.00923	0.01703	0.01173	0.01239	0.00746	0.00864	0.00669	0.00471	0.00371	0.00118	0.00662	0.00294	0.00235	0.00650
9	0.01275	0.13032	0.43769	0.01490	0.02092	0.14870	0.13113	0.01714	0.01179	0.01531	0.00902	0.01084	0.00683	0.00487	0.00487	0.00154	0.00787	0.00397	0.00235	0.00717
10	0.02648	0.01106	0.03164	0.05672	0.01563	0.03748	0.08510	0.15550	0.15832	0.15058	0.15456	0.01991	0.01800	0.00854	0.04488	0.00199	0.00555	0.00596	0.00480	0.00729
11	0.01139	0.01139	0.01595	0.01367	0.01367	0.01595	0.01139	0.01253	0.00798	0.01253	0.00684	0.01139	0.00684	0.00911	0.01709	0.00228	0.80745	0.00456	0.00228	0.00570
12	0.00752	0.00510	0.00601	0.00604	0.00616	0.00520	0.00360	0.00777	0.00773	0.01042	0.01645	0.05342	0.01865	0.70275	0.11770	0.00537	0.00605	0.00753	0.00316	0.00336
13	0.01643	0.15021	0.07509	0.05386	0.05560	0.46055	0.03719	0.03728	0.01338	0.01381	0.00856	0.01036	0.00710	0.00628	0.03161	0.00162	0.00841	0.00363	0.00262	0.00642
14	0.03381	0.01484	0.10097	0.25553	0.08100	0.10683	0.12780	0.13696	0.01388	0.06322	0.01049	0.01286	0.00775	0.00526	0.00521	0.00163	0.00713	0.00463	0.00314	0.00706
15	0.01383	0.01036	0.01152	0.01018	0.01305	0.01145	0.00810	0.11966	0.46273	0.09322	0.09205	0.02401	0.01919	0.00795	0.00554	0.00177	0.00427	0.07800	0.00539	0.00773
16	0.00634	0.00453	0.00604	0.00725	0.00755	0.00423	0.00483	0.00725	0.00997	0.01329	0.02870	0.81358	0.03444	0.01632	0.00665	0.00211	0.00302	0.01480	0.00483	0.00423
17	0.02726	0.14578	0.04937	0.04625	0.29437	0.07710	0.04951	0.01851	0.07863	0.12796	0.02846	0.01364	0.00992	0.00529	0.00488	0.00151	0.00602	0.00454	0.00338	0.00762
18	0.09416	0.01548	0.01439	0.02873	0.03495	0.21421	0.02726	0.31867	0.01781	0.14643	0.01237	0.03091	0.00918	0.00606	0.00496	0.00154	0.00636	0.00453	0.00438	0.00761
19	0.00615	0.00528	0.00528	0.00528	0.00703	0.00440	0.00396	0.00747	0.01187	0.01407	0.05276	0.05012	0.78238	0.01319	0.00615	0.00176	0.00264	0.01099	0.00484	0.00440
20	0.00670	0.00479	0.00645	0.00766	0.00812	0.00454	0.00545	0.00787	0.01032	0.01369	0.02851	0.68214	0.03366	0.01598	0.00674	0.00216	0.00333	0.14273	0.00483	0.00433
21	0.00960	0.00857	0.01403	0.13218	0.22767	0.00861	0.07242	0.01249	0.01296	0.01801	0.35490	0.02654	0.06479	0.00780	0.00573	0.00164	0.00468	0.00720	0.00406	0.00611
22	0.01098	0.00936	0.01090	0.00780	0.01242	0.00713	0.00625	0.02840	0.01108	0.01729	0.00932	0.01083	0.00774	0.00391	0.00388	0.00079	0.00389	0.00312	0.00313	0.83179
23	0.00983	0.00926	0.01562	0.80447	0.03587	0.01157	0.01446	0.01331	0.01041	0.01331	0.00926	0.01388	0.00694	0.00521	0.00521	0.00174	0.00694	0.00463	0.00231	0.00579
24	0.00704	0.00531	0.00650	0.00620	0.00757	0.00477	0.00465	0.00918	0.01395	0.01900	0.58072	0.04199	0.25134	0.01135	0.00615	0.00167	0.00251	0.00985	0.00549	0.00477
25	0.00737	0.00532	0.00696	0.00655	0.00778	0.00491	0.00491	0.00983	0.01474	0.02088	0.78175	0.03890	0.04914	0.01065	0.00614	0.00164	0.00246	0.00942	0.00573	0.00491
26	0.85377	0.01007	0.00765	0.00685	0.01007	0.01168	0.00564	0.01531	0.00886	0.02336	0.00725	0.00846	0.00564	0.00483	0.00322	0.00161	0.00403	0.00282	0.00322	0.00564
27	0.01672	0.01306	0.01390	0.01136	0.01498	0.01471	0.00915	0.43485	0.36177	0.02786	0.01641	0.01562	0.01202	0.00662	0.00525	0.00165	0.00501	0.00523	0.00525	0.00858
28	0.01532	0.06525	0.01448	0.23475	0.05791	0.00972	0.03027	0.01788	0.01258	0.30753	0.05902	0.01697	0.03235	0.00595	0.00504	0.00153	0.00520	0.00505	0.00424	0.09896
29	0.58034	0.01077	0.01015	0.00871	0.01203	0.01228	0.04433	0.05981	0.17869	0.02321	0.01078	0.01138	0.00819	0.00538	0.00394	0.00165	0.00438	0.00377	0.00376	0.00646
30	0.01103	0.01034	0.01454	0.01261	0.01261	0.01419	0.01034	0.01165	0.00779	0.01200	0.00718	0.01208	0.00718	0.01050	0.01759	0.13249	0.68390	0.00455	0.00228	0.00517
31	0.04452	0.07425	0.03728	0.03818	0.23275	0.01354	0.23572	0.11156	0.09451	0.04896	0.01167	0.01355	0.00894	0.00511	0.00526	0.00161	0.00653	0.00503	0.00335	0.00770
32	0.01310	0.02087	0.33050	0.01775	0.06095	0.13810	0.27110	0.05464	0.01275	0.01680	0.00972	0.01195	0.00725	0.00487	0.00534	0.00163	0.00816	0.00463	0.00259	0.00729
33	0.00737	0.00532	0.00696	0.00655	0.00778	0.00491	0.00491	0.00983	0.01474	0.02088	0.78175	0.03890	0.04914	0.01065	0.00614	0.00164	0.00246	0.00942	0.00573	0.00491
34	0.01113	0.01249	0.08913	0.34563	0.24885	0.01194	0.15229	0.01482	0.01121	0.01528	0.01018	0.03511	0.00821	0.00517	0.00538	0.00169	0.00702	0.00512	0.00251	0.00685
35	0.01407	0.08444	0.11871	0.23285	0.07347	0.29465	0.03340	0.01683	0.01207	0.01373	0.00860	0.01123	0.00690	0.00533	0.00554	0.00155	0.05384	0.00395	0.00245	0.00639
36	0.00982	0.00712	0.00877	0.00809	0.00931	0.00785	0.00594	0.14536	0.02637	0.01529	0.01472	0.02393	0.01446	0.31358	0.36001	0.00581	0.00906	0.00615	0.00341	0.00494
37	0.00622	0.00502	0.00554	0.00595	0.00721	0.00434	0.00426	0.00740	0.01122	0.01380	0.04457	0.30990	0.52788	0.01425	0.00632	0.00188	0.00277	0.01229	0.00484	0.00434
38	0.00850	0.00615	0.00813	0.00868	0.07755	0.00562	0.00584	0.01072	0.01381	0.06303	0.49589	0.03801	0.21729	0.01047	0.00600	0.00166	0.00295	0.00912	0.00528	0.00532
39	0.05169	0.06272	0.03984	0.09010	0.06180	0.21297	0.24224	0.07741	0.04406	0.05232	0.01042	0.01240	0.00795	0.00511	0.00517	0.00157	0.00758	0.00465	0.00309	0.00694
40	0.01387	0.02137	0.45146	0.01453	0.02078	0.01344	0.08973	0.26008	0.01556	0.03414	0.01067	0.01189	0.00756	0.00534	0.00516	0.00163	0.00711	0.00437	0.00329	0.00802
41	0.00649	0.00463	0.00621	0.00741	0.00778	0.00435	0.00508	0.00750	0.01011	0.01345	0.02862	0.76127	0.03413	0.01618	0.00668	0.00213	0.00314	0.06571	0.00483	0.00427
42	0.01531	0.01654	0.01887	0.02342	0.42056	0.26595	0.05380	0.05431	0.05080	0.01661	0.00996	0.01212	0.00814	0.00506	0.00507	0.00150	0.00724	0.00437	0.00287	0.00750
43	0.22772	0.01228	0.05835	0.05297	0.03401	0.03322	0.09510	0.10939	0.16544	0.09922	0.01377	0.05341	0.01072	0.00617	0.00487	0.00168	0.00534	0.00509	0.00408	0.00716
44	0.00688	0.00517	0.00753	0.00825	0.00890	0.00488	0.04246	0.00813	0.01032	0.01373	0.02768	0.68454	0.03261	0.01550	0.00669	0.00213	0.00351	0.10191	0.00472	0.00443
45	0.68135	0.04778	0.07645	0.00876	0.01257	0.01223	0.06454	0.01553	0.00938	0.02178	0.00768	0.00909	0.00594	0.00479	0.00360	0.00160	0.00477	0.00316	0.00305	0.00597
46	0.00760	0.00512	0.00598	0.00617	0.00630	0.00511	0.00378	0.00789	0.00815	0.01083	0.01818	0.07550	0.02085	0.69357	0.02351	0.00463	0.00492	0.08511	0.00341	0.00338
47	0.03081	0.03745	0.01918	0.01524	0.04523	0.09174	0.23868	0.08470	0.25083	0.05069	0.01373	0.01476	0.01041	0.00594	0.00626	0.00171	0.06609	0.00529	0.00382	0.00744
48	0.01089	0.00818	0.00945	0.00854	0.01072	0.00870	0.00658	0.01883	0.35682	0.06960	0.39165	0.02881	0.03190	0.00877	0.00571	0.00169	0.00333	0.00757	0.00558	0.00666
49	0.01045	0.02694	0.79000	0.01484	0.02254	0.01209	0.01924	0.01649	0.01099	0.01649	0.00935	0.01099	0.00660	0.00495	0.00495	0.00165	0.00770	0.00385	0.00220	0.00770
50	0.00721	0.00534	0.00679	0.00710	0.00805	0.00508	0.00511	0.00964	0.05617	0.01715	0.35319	0.37200	0.08142	0.01312	0.00634	0.00188	0.00287	0.03153	0.00525	0.00478
51	0.01392	0.82012	0.02729	0.00891	0.01337	0.02061	0.00891	0.01559	0.01058	0.01225	0.00724	0.00835	0.00668	0.00446	0.00334	0.00111	0.00557	0.00278	0.00223	0.00668
52	0.01261	0.02295	0.54655	0.01517	0.03440	0.01305	0.08413	0.17401	0.01396	0.01994	0.01012	0.01162	0.00722	0.00517	0.00511	0.00164	0.00736	0.00424	0.00288	0.00789
53	0.00757	0.00505	0.00568	0.00568	0.00568	0.00505	0.00316	0.00757	0.00757	0.01010	0.01641	0.03408	0.01893	0.81698	0.02651	0.00505	0.00505	0.00757	0.00316	0.00316
54	0.01540	0.01684	0.08185	0.05316	0.24457	0.22872	0.01246	0.16791	0.03762	0.01903	0.03790	0.01440	0.01015	0.00583	0.00513	0.00155	0.00690	0.02983	0.00336	0.00737
55	0.01238	0.20120	0.14799	0.01785	0.02331	0.01471	0.47574	0.01640	0.01170	0.01563	0.00959	0.01227	0.00742	0.00449	0.00532	0.00159	0.00787	0.00502	0.00247	0.00705
56	0.01261	0.01303	0.01735	0.30948	0.29398	0.14394	0.03965	0.03069	0.01209	0.01508	0.01185	0.01484	0.05202	0.00549	0.00519	0.00160	0.00688	0.00484	0.00268	0.00672
57	0.01142	0.00747	0.00904	0.00805	0.01020	0.00750	0.00623	0.01707	0.21872	0.14473	0.43803	0.03052	0.05132	0.00907	0.00577	0.00167	0.00323	0.00783	0.00571	0.00643
58	0.01080	0.00926	0.01080	0.00771	0.01234	0.00694	0.00617	0.01311	0.01080	0.01697	0.00926	0.01080	0.00771	0.00386	0.00386	0.00077	0.00386	0.00309	0.00309	0.84882
59	0.00801	0.00698	0.00878	0.00802	0.00911	0.00776	0.00633	0.00966	0.01176	0.01593	0.28456	0.03568	0.32262	0.01121	0.00917	0.00186	0.22451	0.00869	0.00443	0.00493
60	0.00723	0.00491	0.00578	0.00612	0.00620	0.00482	0.00362	0.00748	0.00824	0.01098	0.01982	0.25042	0.02324	0.59476	0.02099	0.00423	0.00449	0.00958	0.00362	0.00345
61	0.85377	0.01007	0.00765	0.00685	0.01007	0.01168	0.00564	0.01531	0.00886	0.02336	0.00725	0.00846	0.00564	0.00483	0.00322	0.00161	0.00403	0.00282	0.00322	0.00564
62	0.01272	0.01826	0.26302	0.11461	0.09988	0.16865	0.02901	0.06699	0.01282	0.01631	0.01233	0.03677	0.01089	0.00668	0.00534	0.00170	0.00716	0.10711	0.00298	0.00676
63	0.00664	0.00476	0.00634	0.00723	0.00776	0.00445	0.00503	0.00792	0.01098	0.01486	0.17271	0.62775	0.03703	0.01513	0.00658	0.00204	0.00300	0.05040	0.00500	0.00439
64	0.01359	0.01307	0.01565	0.01816	0.26521	0.09424	0.03154	0.02285	0.42674	0.01915	0.01583	0.01611	0.01223	0.00603	0.00521	0.00165	0.00547	0.00522	0.00407	0.00798
65	0.00757	0.00505	0.00568	0.00568	0.00568	0.00505	0.00316	0.00757	0.00757	0.01010	0.01641	0.03408	0.01893	0.81698	0.02651	0.00505	0.00505	0.00757	0.00316	0.00316
66	0.02906	0.02399	0.01173	0.00955	0.01267	0.01055	0.00765	0.15453	0.25722	0.22311	0.17978	0.02150	0.02056	0.00744	0.00538	0.00165	0.00416	0.00615	0.00559	0.00774
67	0.01928	0.02445	0.01468	0.01334	0.01603	0.77493	0.01001	0.02098	0.03529	0.01299	0.00840	0.00966	0.00696	0.00541	0.00471	0.00135	0.00925	0.00342	0.00275	0.00610
68	0.00658	0.00525	0.00589	0.00582	0.00732	0.00456	0.00433	0.00826	0.01274	0.01634	0.29943	0.09020	0.48988	0.01250	0.00618	0.00174	0.00260	0.01067	0.00514	0.00456
69	0.00676	0.00526	0.00614	0.00601	0.00743	0.00464	0.00447	0.00861	0.01316	0.01734	0.40576	0.08856	0.38293	0.01213	0.00618	0.00172	0.00257	0.01045	0.00527	0.00464
70	0.81688	0.01002	0.00785	0.00696	0.01021	0.01150	0.00573	0.01576	0.00913	0.05733	0.00784	0.00887	0.00596	0.00491	0.00331	0.00161	0.00405	0.00293	0.00337	0.00578
71	0.01098	0.00975	0.01423	0.01854	0.34296	0.01014	0.01056	0.01645	0.19041	0.01810	0.14861	0.02185	0.06211	0.01040	0.08967	0.00235	0.00568	0.00622	0.00391	0.00707
72	0.00625	0.00491	0.00565	0.00624	0.00729	0.00431	0.00439	0.00736	0.01094	0.01369	0.04097	0.42421	0.41590	0.01472	0.00640	0.00193	0.00283	0.01286	0.00484	0.00431
73	0.01945	0.02482	0.01476	0.01342	0.01610	0.79608	0.01006	0.02079	0.01476	0.01275	0.00805	0.00939	0.00671	0.00537	0.00470	0.00134	0.00939	0.00335	0.00268	0.00604
74	0.01106	0.00941	0.01094	0.00784	0.01245	0.00721	0.00628	0.03530	0.01120	0.01744	0.00935	0.01085	0.00775	0.00393	0.00390	0.00079	0.00391	0.00313	0.00315	0.82410
75	0.01463	0.09005	0.15399	0.06175	0.02077	0.09713	0.20936	0.16917	0.06056	0.04374	0.01099	0.01259	0.00820	0.00532	0.00537	0.00160	0.01937	0.00469	0.00331	0.00741
76	0.02336	0.00886	0.01209	0.00927	0.01329	0.00765	0.00765	0.02538	0.01491	0.78810	0.02055	0.01773	0.01289	0.00645	0.00524	0.00161	0.00443	0.00524	0.00645	0.00886
77	0.01363	0.38394	0.02584	0.08490	0.02017	0.03751	0.25389	0.07933	0.01236	0.01553	0.00894	0.01112	0.00729	0.00476	0.00485	0.00144	0.02078	0.00424	0.00263	0.00686
78	0.01507	0.20219	0.01974	0.07345	0.25483	0.28106	0.01201	0.01717	0.01226	0.01398	0.00843	0.01065	0.00720	0.00511	0.00518	0.00143	0.04713	0.00377	0.00250	0.00684
79	0.00754	0.00519	0.00640	0.00640	0.00665	0.00544	0.00405	0.00804	0.00779	0.01063	0.01575	0.03043	0.01735	0.60883	0.23249	0.00594	0.00743	0.00704	0.00306	0.00356
80	0.00639	0.00457	0.00610	0.00731	0.00763	0.00427	0.00492	0.00733	0.01002	0.01335	0.02868	0.79601	0.03434	0.01627	0.00666	0.00212	0.00306	0.03191	0.00483	0.00424
81	0.01924	0.00893	0.01141	0.00922	0.01269	0.00845	0.00745	0.02400	0.17616	0.53363	0.11186	0.02062	0.01787	0.00708	0.00536	0.00165	0.00413	0.00588	0.00612	0.00826
82	0.00634	0.00453	0.00604	0.00725	0.00755	0.00423	0.00483	0.00725	0.00997	0.01329	0.02870	0.81358	0.03444	0.01632	0.00665	0.00211	0.00302	0.01480	0.00483	0.00423
83	0.02237	0.01046	0.01308	0.01002	0.01409	0.01003	0.00828	0.23260	0.01758	0.57711	0.01830	0.01627	0.01176	0.00639	0.00523	0.00160	0.00479	0.00508	0.00610	0.00886
84	0.01181	0.00547	0.00597	0.00553	0.00718	0.00528	0.00426	0.01417	0.01153	0.13770	0.01754	0.01916	0.01328	0.00613	0.00389	0.00127	0.00274	0.00491	0.71672	0.00547
85	0.01139	0.01139	0.01595	0.01367	0.01367	0.01595	0.01139	0.01253	0.00798	0.01253	0.00684	0.01139	0.00684	0.00911	0.01709	0.00228	0.80745	0.00456	0.00228	0.00570
86	0.00744	0.00558	0.00837	0.00837	0.00930	0.00651	0.00651	0.00930	0.00837	0.01209	0.01395	0.02046	0.01302	0.03906	0.79635	0.00837	0.01395	0.00558	0.00279	0.00465
87	0.01392	0.82012	0.02729	0.00891	0.01337	0.02061	0.00891	0.01559	0.01058	0.01225	0.00724	0.00835	0.00668	0.00446	0.00334	0.00111	0.00557	0.00278	0.00223	0.00668
88	0.01980	0.01459	0.01563	0.01198	0.01615	0.01615	0.00990	0.76713	0.02448	0.03282	0.01250	0.01250	0.00886	0.00625	0.00521	0.00156	0.00573	0.00469	0.00521	0.00886
89	0.01289	0.01237	0.02114	0.03196	0.78450	0.01237	0.01598	0.01598	0.01186	0.01701	0.00980	0.01289	0.00825	0.00464	0.00516	0.00155	0.00619	0.00464	0.00258	0.00825
90	0.00744	0.00558	0.00837	0.00837	0.00930	0.00651	0.00651	0.00930	0.00837	0.01209	0.01395	0.02046	0.01302	0.03906	0.79635	0.00837	0.01395	0.00558	0.00279	0.00465
91	0.00757	0.00505	0.00568	0.00568	0.00568	0.00505	0.00316	0.00757	0.00757	0.01010	0.01641	0.03408	0.01893	0.81698	0.02651	0.00505	0.00505	0.00757	0.00316	0.00316
92	0.01222	0.00964	0.01407	0.22889	0.02028	0.00886	0.07672	0.01500	0.01133	0.11121	0.01077	0.01280	0.00816	0.00460	0.00460	0.00123	0.00522	0.00405	0.00325	0.43710
93	0.01480	0.19739	0.30040	0.01345	0.03824	0.32150	0.01332	0.01797	0.01240	0.01412	0.00839	0.00984	0.00670	0.00500	0.00451	0.00141	0.00786	0.00345	0.00241	0.00684
94	0.14202	0.42560	0.01988	0.00970	0.01258	0.01702	0.00881	0.01424	0.00967	0.01414	0.00975	0.01161	0.05117	0.00630	0.00728	0.00155	0.22629	0.00375	0.00254	0.00612

[dist]
# distance from previous block
# <min> <max>
0	1

[block]
# block no. 1 follows, 47 sequences, length 29
# corresponding to MSA columns:
# 729-757
name=unknown_B
#
# <colnr> <probs for GDERKNQSTAVLIFYWHMCP>
#	G	D	E	R	K	N	Q	S	T	A	V	L	I	F	Y	W	H	M	C	P
0	0.37483	0.01295	0.07123	0.01107	0.07793	0.10313	0.00867	0.01907	0.01176	0.24636	0.01164	0.01187	0.00820	0.00536	0.00429	0.00158	0.00524	0.00383	0.00398	0.00701
1	0.00757	0.00505	0.00568	0.00568	0.00568	0.00505	0.00316	0.00757	0.00757	0.01010	0.01641	0.03408	0.01893	0.81698	0.02651	0.00505	0.00505	0.00757	0.00316	0.00316
2	0.00720	0.00522	0.00679	0.00661	0.00773	0.00481	0.00488	0.00942	0.01404	0.01970	0.66292	0.13972	0.06849	0.01146	0.00621	0.00170	0.00254	0.01016	0.00559	0.00481
3	0.77155	0.00995	0.00809	0.00709	0.01039	0.01128	0.00584	0.01631	0.00946	0.09908	0.00857	0.00938	0.00636	0.00499	0.00342	0.00161	0.00407	0.00306	0.00354	0.00596
4	0.02336	0.00886	0.01209	0.00927	0.01329	0.00765	0.00765	0.02538	0.01491	0.78810	0.02055	0.01773	0.01289	0.00645	0.00524	0.00161	0.00443	0.00524	0.00645	0.00886
5	0.01031	0.00861	0.00940	0.00862	0.01090	0.00935	0.00663	0.01948	0.44164	0.02029	0.23715	0.02976	0.14826	0.00904	0.00567	0.00173	0.00342	0.00769	0.00534	0.00670
6	0.01392	0.82012	0.02729	0.00891	0.01337	0.02061	0.00891	0.01559	0.01058	0.01225	0.00724	0.00835	0.00668	0.00446	0.00334	0.00111	0.00557	0.00278	0.00223	0.00668
7	0.01980	0.01459	0.01563	0.01198	0.01615	0.01615	0.00990	0.76713	0.02448	0.03282	0.01250	0.01250	0.00886	0.00625	0.00521	0.00156	0.00573	0.00469	0.00521	0.00886
8	0.02336	0.00886	0.01209	0.00927	0.01329	0.00765	0.00765	0.02538	0.01491	0.78810	0.02055	0.01773	0.01289	0.00645	0.00524	0.00161	0.00443	0.00524	0.00645	0.00886
9	0.00737	0.00532	0.00696	0.00655	0.00778	0.00491	0.00491	0.00983	0.01474	0.02088	0.78175	0.03890	0.04914	0.01065	0.00614	0.00164	0.00246	0.00942	0.00573	0.00491
10	0.01080	0.00926	0.01080	0.00771	0.01234	0.00694	0.00617	0.01311	0.01080	0.01697	0.00926	0.01080	0.00771	0.00386	0.00386	0.00077	0.00386	0.00309	0.00309	0.84882
11	0.00971	0.00485	0.00485	0.00485	0.00607	0.00485	0.00364	0.01213	0.01092	0.01942	0.01699	0.01942	0.01335	0.00607	0.00364	0.00121	0.00243	0.00485	0.84589	0.00485
12	0.02336	0.00886	0.01209	0.00927	0.01329	0.00765	0.00765	0.02538	0.01491	0.78810	0.02055	0.01773	0.01289	0.00645	0.00524	0.00161	0.00443	0.00524	0.00645	0.00886
13	0.00773	0.00622	0.00710	0.00732	0.00894	0.00600	0.00576	0.01122	0.12021	0.01575	0.07192	0.12175	0.38746	0.01280	0.00633	0.00194	0.00340	0.18817	0.00493	0.00504
14	0.00749	0.00535	0.00736	0.00856	0.00937	0.00522	0.00683	0.00924	0.01110	0.01458	0.02807	0.39026	0.03193	0.01523	0.00695	0.00227	0.00402	0.42680	0.00481	0.00455
15	0.00634	0.00453	0.00604	0.00725	0.00755	0.00423	0.00483	0.00725	0.00997	0.01329	0.02870	0.81358	0.03444	0.01632	0.00665	0.00211	0.00302	0.01480	0.00483	0.00423
16	0.01945	0.02482	0.01476	0.01342	0.01610	0.79608	0.01006	0.02079	0.01476	0.01275	0.00805	0.00939	0.00671	0.00537	0.00470	0.00134	0.00939	0.00335	0.00268	0.00604
17	0.01002	0.00839	0.00914	0.00881	0.01083	0.00915	0.00661	0.01875	0.43982	0.01819	0.02837	0.24458	0.14469	0.01062	0.00581	0.00186	0.00358	0.00918	0.00510	0.00651
18	0.01952	0.00801	0.01085	0.00861	0.01197	0.00700	0.00700	0.02164	0.01487	0.60361	0.20359	0.02282	0.02161	0.00746	0.00545	0.00162	0.00396	0.00624	0.00627	0.00791
19	0.01287	0.01244	0.02151	0.03157	0.75479	0.01240	0.04539	0.01601	0.01187	0.01700	0.00982	0.01293	0.00824	0.00463	0.00519	0.00155	0.00629	0.00470	0.00258	0.00820
20	0.01295	0.01119	0.01178	0.01060	0.01354	0.01295	0.00824	0.02767	0.77509	0.02178	0.02120	0.01943	0.01590	0.00707	0.00530	0.00177	0.00412	0.00589	0.00530	0.00824
21	0.00955	0.00760	0.00873	0.00878	0.01030	0.00820	0.00640	0.04969	0.31156	0.01752	0.02502	0.46496	0.02599	0.01222	0.00605	0.00195	0.00358	0.01084	0.00503	0.00602
22	0.03216	0.01742	0.22974	0.01329	0.03674	0.10620	0.06541	0.25842	0.01571	0.02099	0.01339	0.14097	0.01195	0.00720	0.00533	0.00166	0.00647	0.00599	0.00372	0.00724
23	0.12068	0.01268	0.01396	0.01081	0.01486	0.02882	0.04174	0.42021	0.03274	0.05572	0.01196	0.01333	0.00904	0.00578	0.00480	0.00145	0.00527	0.02530	0.00444	0.16641
24	0.01177	0.00639	0.00913	0.00845	0.01016	0.00660	0.00660	0.01354	0.01030	0.22731	0.01709	0.08688	0.01494	0.04865	0.49012	0.00588	0.01015	0.00631	0.00399	0.00574
25	0.00632	0.00462	0.00595	0.00702	0.00749	0.00425	0.00473	0.00728	0.01019	0.01338	0.03149	0.72499	0.12123	0.01595	0.00659	0.00207	0.00298	0.01436	0.00483	0.00425
26	0.01213	0.04399	0.05525	0.02020	0.24422	0.01191	0.25017	0.05079	0.05956	0.03219	0.01376	0.13530	0.01255	0.00672	0.00593	0.00172	0.02657	0.00664	0.00327	0.00714
27	0.09398	0.01052	0.03396	0.05368	0.21302	0.01023	0.20252	0.01411	0.04678	0.01657	0.01547	0.23507	0.01543	0.00798	0.00563	0.00179	0.00573	0.00770	0.00339	0.00644
28	0.01042	0.05167	0.17923	0.01184	0.01508	0.10377	0.11435	0.03040	0.01169	0.01511	0.04919	0.29738	0.05352	0.00962	0.00595	0.00178	0.02104	0.00851	0.00358	0.00586

[dist]
# distance from previous block
# <min> <max>
0	1

[block]
# block no. 2 follows, 47 sequences, length 44
# corresponding to MSA columns:
# 759-767,772-806
name=unknown_C
#
# <colnr> <probs for GDERKNQSTAVLIFYWHMCP>
#	G	D	E	R	K	N	Q	S	T	A	V	L	I	F	Y	W	H	M	C	P
0	0.02619	0.00975	0.01514	0.38030	0.17787	0.03077	0.03785	0.04151	0.01124	0.01506	0.01335	0.17522	0.01284	0.00743	0.00571	0.00177	0.02219	0.00668	0.00302	0.00613
1	0.03970	0.09296	0.06741	0.01269	0.01593	0.59499	0.01030	0.02036	0.04682	0.03992	0.00904	0.01010	0.00728	0.00535	0.00460	0.00138	0.00841	0.00350	0.00287	0.00639
2	0.06893	0.07542	0.01579	0.50736	0.02785	0.19308	0.01243	0.01534	0.01132	0.01377	0.00869	0.01206	0.00678	0.00516	0.00481	0.00159	0.00721	0.00407	0.00245	0.00590
3	0.01594	0.01636	0.01651	0.01663	0.16351	0.25562	0.06758	0.13482	0.22210	0.01937	0.01282	0.01361	0.00992	0.00575	0.00514	0.00156	0.00674	0.00470	0.00375	0.00756
4	0.01472	0.70549	0.02548	0.00956	0.01376	0.13237	0.00908	0.01634	0.01118	0.01232	0.00736	0.00850	0.00669	0.00459	0.00354	0.00115	0.00612	0.00287	0.00229	0.00659
5	0.00658	0.00479	0.00620	0.00691	0.00756	0.00441	0.00478	0.00789	0.01129	0.01520	0.21289	0.55954	0.10337	0.01467	0.00648	0.00197	0.00285	0.01317	0.00505	0.00441
6	0.66157	0.01111	0.00949	0.00803	0.01147	0.01271	0.00662	0.18858	0.01246	0.02554	0.00846	0.00939	0.00638	0.00516	0.00368	0.00160	0.00442	0.00325	0.00368	0.00638
7	0.00634	0.00453	0.00604	0.00725	0.00755	0.00423	0.00483	0.00725	0.00997	0.01329	0.02870	0.81358	0.03444	0.01632	0.00665	0.00211	0.00302	0.01480	0.00483	0.00423
8	0.00839	0.00599	0.00839	0.00959	0.01079	0.00599	0.00839	0.01079	0.01199	0.01558	0.02757	0.05874	0.02997	0.01439	0.00719	0.00240	0.00480	0.74945	0.00480	0.00480
9	0.00634	0.00453	0.00604	0.00725	0.00755	0.00423	0.00483	0.00725	0.00997	0.01329	0.02870	0.81358	0.03444	0.01632	0.00665	0.00211	0.00302	0.01480	0.00483	0.00423
10	0.00624	0.00514	0.00548	0.00568	0.00716	0.00439	0.00415	0.00753	0.01165	0.01422	0.07929	0.18617	0.61761	0.01364	0.00624	0.00182	0.00270	0.01161	0.00487	0.00439
11	0.00757	0.00505	0.00568	0.00568	0.00568	0.00505	0.00316	0.00757	0.00757	0.01010	0.01641	0.03408	0.01893	0.81698	0.02651	0.00505	0.00505	0.00757	0.00316	0.00316
12	0.00757	0.00505	0.00568	0.00568	0.00568	0.00505	0.00316	0.00757	0.00757	0.01010	0.01641	0.03408	0.01893	0.81698	0.02651	0.00505	0.00505	0.00757	0.00316	0.00316
13	0.01392	0.82012	0.02729	0.00891	0.01337	0.02061	0.00891	0.01559	0.01058	0.01225	0.00724	0.00835	0.00668	0.00446	0.00334	0.00111	0.00557	0.00278	0.00223	0.00668
14	0.85377	0.01007	0.00765	0.00685	0.01007	0.01168	0.00564	0.01531	0.00886	0.02336	0.00725	0.00846	0.00564	0.00483	0.00322	0.00161	0.00403	0.00282	0.00322	0.00564
15	0.01045	0.02694	0.79000	0.01484	0.02254	0.01209	0.01924	0.01649	0.01099	0.01649	0.00935	0.01099	0.00660	0.00495	0.00495	0.00165	0.00770	0.00385	0.00220	0.00770
16	0.01045	0.02694	0.79000	0.01484	0.02254	0.01209	0.01924	0.01649	0.01099	0.01649	0.00935	0.01099	0.00660	0.00495	0.00495	0.00165	0.00770	0.00385	0.00220	0.00770
17	0.02336	0.00886	0.01209	0.00927	0.01329	0.00765	0.00765	0.02538	0.01491	0.78810	0.02055	0.01773	0.01289	0.00645	0.00524	0.00161	0.00443	0.00524	0.00645	0.00886
18	0.00748	0.00506	0.00565	0.00565	0.00577	0.00500	0.00321	0.00757	0.00787	0.01037	0.01891	0.03518	0.07149	0.76165	0.02511	0.00482	0.00488	0.00781	0.00327	0.00324
19	0.01071	0.00999	0.01684	0.32845	0.35144	0.01083	0.02941	0.01369	0.01109	0.01506	0.01262	0.11060	0.01179	0.00667	0.00546	0.00173	0.00610	0.03804	0.00284	0.00664
20	0.01345	0.31003	0.23629	0.01638	0.19399	0.07613	0.01355	0.05543	0.01204	0.01564	0.00875	0.01043	0.00713	0.00480	0.00441	0.00140	0.00661	0.00365	0.00249	0.00739
21	0.00905	0.00452	0.00678	0.00678	0.00678	0.00452	0.00452	0.00678	0.00678	0.00905	0.00905	0.01583	0.00905	0.01809	0.02035	0.84848	0.00452	0.00452	0.00226	0.00226
22	0.01672	0.01306	0.01390	0.01136	0.01498	0.01471	0.00915	0.43493	0.36169	0.02786	0.01641	0.01561	0.01202	0.00662	0.00525	0.00165	0.00501	0.00523	0.00525	0.00858
23	0.01778	0.28542	0.05638	0.03098	0.05511	0.16397	0.00980	0.05390	0.01340	0.24806	0.01194	0.01207	0.00875	0.00536	0.00448	0.00139	0.00613	0.00391	0.00374	0.00743
24	0.01637	0.04757	0.01374	0.03674	0.01488	0.03854	0.04109	0.08144	0.35809	0.23821	0.04422	0.01782	0.01427	0.00660	0.00523	0.00166	0.00482	0.00547	0.00519	0.00807
25	0.01392	0.82012	0.02729	0.00891	0.01337	0.02061	0.00891	0.01559	0.01058	0.01225	0.00724	0.00835	0.00668	0.00446	0.00334	0.00111	0.00557	0.00278	0.00223	0.00668
26	0.01980	0.01459	0.01563	0.01198	0.01615	0.01615	0.00990	0.76713	0.02448	0.03282	0.01250	0.01250	0.00886	0.00625	0.00521	0.00156	0.00573	0.00469	0.00521	0.00886
27	0.00678	0.00503	0.00633	0.00659	0.00757	0.00457	0.00472	0.00848	0.01250	0.01692	0.37945	0.32448	0.17109	0.01316	0.00633	0.00183	0.00269	0.01166	0.00525	0.00457
28	0.00744	0.00558	0.00837	0.00837	0.00930	0.00651	0.00651	0.00930	0.00837	0.01209	0.01395	0.02046	0.01302	0.03906	0.79635	0.00837	0.01395	0.00558	0.00279	0.00465
29	0.85377	0.01007	0.00765	0.00685	0.01007	0.01168	0.00564	0.01531	0.00886	0.02336	0.00725	0.00846	0.00564	0.00483	0.00322	0.00161	0.00403	0.00282	0.00322	0.00564
30	0.02004	0.01419	0.01538	0.01179	0.01595	0.01556	0.00974	0.71545	0.02382	0.08544	0.01306	0.01287	0.00914	0.00626	0.00521	0.00157	0.00564	0.00473	0.00530	0.00886
31	0.01118	0.01063	0.01805	0.46425	0.36557	0.01192	0.01513	0.01448	0.01105	0.01494	0.00949	0.01345	0.00752	0.00496	0.00518	0.00165	0.00661	0.00463	0.00243	0.00687
32	0.01170	0.01190	0.01591	0.01366	0.01376	0.04551	0.01134	0.01285	0.00823	0.01254	0.00688	0.01132	0.00683	0.00897	0.01662	0.00224	0.77721	0.00451	0.00229	0.00571
33	0.00634	0.00453	0.00604	0.00725	0.00755	0.00423	0.00483	0.00725	0.00997	0.01329	0.02870	0.81358	0.03444	0.01632	0.00665	0.00211	0.00302	0.01480	0.00483	0.00423
34	0.02291	0.00876	0.01194	0.00919	0.01314	0.00758	0.00758	0.02494	0.01490	0.76637	0.04211	0.01833	0.01392	0.00656	0.00526	0.00161	0.00438	0.00536	0.00643	0.00875
35	0.01608	0.01249	0.01565	0.09624	0.15377	0.04664	0.03554	0.22116	0.20305	0.12301	0.01462	0.01502	0.01069	0.00598	0.00523	0.00163	0.00563	0.00503	0.00444	0.00810
36	0.01252	0.01195	0.02033	0.05268	0.72984	0.01200	0.01546	0.01553	0.01174	0.01675	0.01060	0.04749	0.00934	0.00516	0.00522	0.00158	0.00607	0.00508	0.00267	0.00801
37	0.00746	0.00461	0.00647	0.00712	0.00734	0.00452	0.00480	0.00723	0.00861	0.01155	0.02003	0.44174	0.02308	0.03691	0.06714	0.31966	0.00439	0.01015	0.00369	0.00350
38	0.01798	0.04054	0.09921	0.01095	0.01516	0.01226	0.00974	0.22686	0.21208	0.27415	0.01683	0.01568	0.01166	0.00632	0.00515	0.00163	0.00510	0.00502	0.00520	0.00850
39	0.01315	0.05868	0.04268	0.17470	0.10807	0.11956	0.07078	0.06546	0.20756	0.01737	0.01421	0.04130	0.03141	0.00617	0.00519	0.00163	0.00624	0.00528	0.00351	0.00705
40	0.01477	0.01049	0.01229	0.01151	0.06137	0.01125	0.00859	0.08174	0.42619	0.15871	0.03968	0.02135	0.01597	0.00727	0.00538	0.00172	0.00443	0.06217	0.00522	0.03990
41	0.01110	0.00960	0.01426	0.33941	0.13639	0.00963	0.01106	0.01400	0.01106	0.04479	0.03003	0.01338	0.00876	0.00480	0.00472	0.00134	0.00546	0.00420	0.00289	0.32314
42	0.01360	0.05218	0.01254	0.03083	0.01323	0.03049	0.00822	0.24382	0.11503	0.06914	0.01461	0.03513	0.01198	0.01875	0.30150	0.00413	0.00856	0.00532	0.00409	0.00683
43	0.19187	0.05248	0.01324	0.04678	0.15563	0.03763	0.02241	0.10822	0.01343	0.02077	0.20484	0.01803	0.01789	0.00638	0.00481	0.00151	0.00470	0.00524	0.00386	0.07029

[dist]
# distance from previous block
# <min> <max>
0	13

[block]
# block no. 3 follows, 47 sequences, length 51
# corresponding to MSA columns:
# 820-870
name=unknown_D
#
# <colnr> <probs for GDERKNQSTAVLIFYWHMCP>
#	G	D	E	R	K	N	Q	S	T	A	V	L	I	F	Y	W	H	M	C	P
0	0.08490	0.01454	0.01343	0.01148	0.03437	0.19676	0.00889	0.26431	0.04828	0.20658	0.01411	0.05536	0.01069	0.00650	0.00502	0.00156	0.00595	0.00494	0.00467	0.00766
1	0.14282	0.01006	0.07693	0.01048	0.07151	0.00845	0.00847	0.03939	0.02653	0.01789	0.01909	0.02793	0.10095	0.00814	0.00517	0.00163	0.00457	0.20113	0.00376	0.21511
2	0.01030	0.00958	0.01568	0.72238	0.06495	0.01176	0.01416	0.03018	0.04321	0.01423	0.00985	0.01405	0.00742	0.00528	0.00521	0.00173	0.00677	0.00468	0.00251	0.00606
3	0.01323	0.02100	0.35055	0.02947	0.01861	0.17071	0.01439	0.07238	0.03115	0.01604	0.00899	0.01115	0.00709	0.00622	0.00794	0.00174	0.20571	0.00405	0.00262	0.00693
4	0.00616	0.00524	0.00531	0.00537	0.00706	0.00439	0.00400	0.00746	0.01178	0.01403	0.05163	0.08580	0.74742	0.01333	0.00618	0.00178	0.00266	0.01117	0.00484	0.00439
5	0.01392	0.82012	0.02729	0.00891	0.01337	0.02061	0.00891	0.01559	0.01058	0.01225	0.00724	0.00835	0.00668	0.00446	0.00334	0.00111	0.00557	0.00278	0.00223	0.00668
6	0.00983	0.00926	0.01562	0.80447	0.03587	0.01157	0.01446	0.01331	0.01041	0.01331	0.00926	0.01388	0.00694	0.00521	0.00521	0.00174	0.00694	0.00463	0.00231	0.00579
7	0.00637	0.00528	0.00558	0.00550	0.00717	0.00449	0.00413	0.00790	0.01239	0.01529	0.18359	0.04810	0.65079	0.01273	0.00615	0.00174	0.00261	0.01071	0.00500	0.00449
8	0.01245	0.02318	0.45872	0.01648	0.02269	0.14483	0.21458	0.01727	0.01197	0.01591	0.00944	0.01153	0.00696	0.00487	0.00522	0.00163	0.00827	0.00437	0.00240	0.00724
9	0.00710	0.00511	0.00672	0.00674	0.00772	0.00473	0.00489	0.00915	0.01348	0.01888	0.58309	0.24327	0.04526	0.01214	0.00628	0.00176	0.00261	0.01084	0.00550	0.00473
10	0.00654	0.00466	0.00620	0.00736	0.00771	0.00439	0.00503	0.00752	0.01002	0.01333	0.02814	0.72857	0.03351	0.04749	0.00746	0.00225	0.00323	0.06759	0.00477	0.00423
11	0.00722	0.00530	0.00677	0.00644	0.00770	0.00484	0.00481	0.00952	0.01432	0.01999	0.68732	0.06116	0.12306	0.01106	0.00616	0.00166	0.00249	0.00972	0.00562	0.00484
12	0.00634	0.00453	0.00604	0.00725	0.00755	0.00423	0.00483	0.00725	0.00997	0.01329	0.02870	0.81358	0.03444	0.01632	0.00665	0.00211	0.00302	0.01480	0.00483	0.00423
13	0.00634	0.00453	0.00604	0.00725	0.00755	0.00423	0.00483	0.00725	0.00997	0.01329	0.02870	0.81358	0.03444	0.01632	0.00665	0.00211	0.00302	0.01480	0.00483	0.00423
14	0.01392	0.82012	0.02729	0.00891	0.01337	0.02061	0.00891	0.01559	0.01058	0.01225	0.00724	0.00835	0.00668	0.00446	0.00334	0.00111	0.00557	0.00278	0.00223	0.00668
15	0.00634	0.00453	0.00604	0.00725	0.00755	0.00423	0.00483	0.00725	0.00997	0.01329	0.02870	0.81358	0.03444	0.01632	0.00665	0.00211	0.00302	0.01480	0.00483	0.00423
16	0.00618	0.00517	0.00539	0.00556	0.00711	0.00437	0.00408	0.00744	0.01160	0.01396	0.04930	0.15993	0.67480	0.01364	0.00623	0.00181	0.00269	0.01154	0.00484	0.00437
17	0.85377	0.01007	0.00765	0.00685	0.01007	0.01168	0.00564	0.01531	0.00886	0.02336	0.00725	0.00846	0.00564	0.00483	0.00322	0.00161	0.00403	0.00282	0.00322	0.00564
18	0.09557	0.01098	0.01280	0.01002	0.01394	0.01114	0.00824	0.26209	0.07601	0.41901	0.01683	0.01536	0.01118	0.00629	0.00505	0.00161	0.00479	0.00490	0.00567	0.00853
19	0.01374	0.01484	0.21883	0.24101	0.06412	0.04407	0.01319	0.01839	0.07865	0.17804	0.01267	0.01400	0.00899	0.00546	0.00505	0.00161	0.00626	0.00452	0.00348	0.05307
20	0.01852	0.09529	0.05598	0.01295	0.01619	0.61270	0.01042	0.09031	0.01510	0.01478	0.00846	0.00967	0.00690	0.00535	0.00464	0.00136	0.00862	0.00345	0.00285	0.00645
21	0.01317	0.00942	0.01245	0.00909	0.01354	0.00748	0.06493	0.01555	0.01167	0.16275	0.01202	0.03434	0.00944	0.00473	0.00437	0.00104	0.00432	0.00405	0.00373	0.60190
22	0.01221	0.01162	0.01939	0.20122	0.54717	0.01225	0.02861	0.01628	0.06886	0.01654	0.01055	0.01362	0.00853	0.00494	0.00520	0.00161	0.00625	0.00476	0.00272	0.00768
23	0.00757	0.00505	0.00568	0.00568	0.00568	0.00505	0.00316	0.00757	0.00757	0.01010	0.01641	0.03408	0.01893	0.81698	0.02651	0.00505	0.00505	0.00757	0.00316	0.00316
24	0.01150	0.00862	0.01039	0.00922	0.01120	0.03054	0.00730	0.21920	0.01420	0.03533	0.14324	0.02102	0.01780	0.02361	0.40648	0.00502	0.00942	0.00591	0.00403	0.00598
25	0.01801	0.01543	0.01360	0.01113	0.01443	0.20388	0.00888	0.45810	0.01983	0.02567	0.01218	0.01291	0.00909	0.00601	0.00482	0.00145	0.00606	0.00439	0.14663	0.00749
26	0.00848	0.00609	0.00671	0.00651	0.00701	0.00638	0.00401	0.01097	0.13725	0.01207	0.01722	0.03160	0.01842	0.68015	0.02292	0.00449	0.00489	0.00729	0.00352	0.00401
27	0.00784	0.00572	0.00755	0.00750	0.00812	0.00634	0.00536	0.00945	0.03936	0.01180	0.01565	0.02738	0.01613	0.35878	0.39827	0.00637	0.02558	0.03549	0.00311	0.00420
28	0.01181	0.10101	0.24552	0.04510	0.01778	0.01068	0.07631	0.01537	0.01121	0.06140	0.01016	0.01225	0.00795	0.00468	0.00452	0.00127	0.00578	0.01677	0.00289	0.33753
29	0.01945	0.02482	0.01476	0.01342	0.01610	0.79608	0.01006	0.02079	0.01476	0.01275	0.00805	0.00939	0.00671	0.00537	0.00470	0.00134	0.00939	0.00335	0.00268	0.00604
30	0.01295	0.01119	0.01178	0.01060	0.01354	0.01295	0.00824	0.02767	0.77509	0.02178	0.02120	0.01943	0.01590	0.00707	0.00530	0.00177	0.00412	0.00589	0.00530	0.00824
31	0.01145	0.19537	0.01722	0.17996	0.05730	0.01339	0.04861	0.02913	0.01037	0.01463	0.00999	0.01329	0.00842	0.00775	0.04893	0.00196	0.17693	0.00436	0.14492	0.00601
32	0.46015	0.01440	0.01029	0.00923	0.01221	0.25150	0.00724	0.01809	0.07023	0.05099	0.04531	0.01139	0.00909	0.00551	0.00405	0.00154	0.00562	0.00363	0.00347	0.00606
33	0.00679	0.00504	0.00696	0.00776	0.00819	0.00521	0.00547	0.00792	0.00953	0.01299	0.02452	0.60399	0.02854	0.02110	0.18340	0.00352	0.03806	0.01233	0.00427	0.00438
34	0.01237	0.01313	0.01499	0.01313	0.01361	0.14685	0.01066	0.01352	0.00927	0.01263	0.00873	0.07287	0.00894	0.00904	0.01419	0.00211	0.61063	0.00514	0.00254	0.00564
35	0.01366	0.01305	0.07592	0.22508	0.16988	0.01350	0.01291	0.21934	0.10722	0.02051	0.01151	0.01358	0.00876	0.00588	0.00607	0.00169	0.06567	0.00473	0.00350	0.00753
36	0.01476	0.01349	0.07527	0.35519	0.02517	0.03341	0.01260	0.36436	0.01711	0.02261	0.01074	0.01291	0.00780	0.00568	0.00518	0.00164	0.00650	0.00456	0.00366	0.00737
37	0.00641	0.00461	0.00609	0.00726	0.00764	0.00429	0.00492	0.00737	0.01010	0.01340	0.02948	0.76288	0.05975	0.01615	0.00665	0.00211	0.00307	0.03873	0.00483	0.00425
38	0.01355	0.01070	0.01228	0.11032	0.01537	0.04441	0.00865	0.32528	0.01770	0.02392	0.26044	0.02148	0.02172	0.00867	0.03176	0.00184	0.03245	0.00618	0.02656	0.00672
39	0.03342	0.09143	0.17725	0.01990	0.16850	0.04568	0.30621	0.06413	0.01258	0.01732	0.00979	0.01227	0.00755	0.00472	0.00527	0.00160	0.00749	0.00480	0.00268	0.00740
40	0.00615	0.00528	0.00528	0.00528	0.00703	0.00440	0.00396	0.00747	0.01187	0.01407	0.05276	0.05012	0.78238	0.01319	0.00615	0.00176	0.00264	0.01099	0.00484	0.00440
41	0.01045	0.02694	0.79000	0.01484	0.02254	0.01209	0.01924	0.01649	0.01099	0.01649	0.00935	0.01099	0.00660	0.00495	0.00495	0.00165	0.00770	0.00385	0.00220	0.00770
42	0.01407	0.05196	0.03719	0.16339	0.17798	0.15981	0.08922	0.11718	0.01373	0.03301	0.01161	0.07263	0.01007	0.00615	0.00525	0.00161	0.00685	0.01822	0.00317	0.00690
43	0.07831	0.06188	0.01512	0.01239	0.05086	0.14162	0.03502	0.30313	0.15039	0.02345	0.04545	0.01512	0.01160	0.00631	0.00501	0.00157	0.00587	0.02507	0.00429	0.00756
44	0.00634	0.00453	0.00604	0.00725	0.00755	0.00423	0.00483	0.00725	0.00997	0.01329	0.02870	0.81358	0.03444	0.01632	0.00665	0.00211	0.00302	0.01480	0.00483	0.00423
45	0.01180	0.00995	0.01634	0.47926	0.09637	0.01127	0.07311	0.07038	0.01220	0.06733	0.01229	0.01858	0.01005	0.00620	0.00548	0.00177	0.00654	0.08153	0.00311	0.00644
46	0.01677	0.01294	0.08061	0.01720	0.21783	0.01183	0.06309	0.15090	0.11759	0.23480	0.01480	0.01497	0.01051	0.00576	0.00526	0.00162	0.00564	0.00502	0.00445	0.00839
47	0.01953	0.02877	0.01477	0.03263	0.04074	0.13383	0.03501	0.19495	0.06496	0.32555	0.01498	0.01451	0.01034	0.00618	0.00562	0.00159	0.03832	0.00478	0.00489	0.00805
48	0.28509	0.01132	0.01463	0.19079	0.23939	0.01261	0.01128	0.14208	0.01270	0.02092	0.00931	0.01161	0.00722	0.00510	0.00455	0.00161	0.00558	0.00406	0.00317	0.00697
49	0.01158	0.01060	0.01807	0.04946	0.10654	0.01071	0.25357	0.14009	0.01336	0.01810	0.01649	0.27144	0.01659	0.00874	0.00629	0.00183	0.02790	0.00841	0.00375	0.00649
50	0.00634	0.00453	0.00604	0.00725	0.00755	0.00423	0.00483	0.00725	0.00997	0.01329	0.02870	0.81358	0.03444	0.01632	0.00665	0.00211	0.00302	0.01480	0.00483	0.00423

[dist]
# distance from previous block
# <min> <max>
0	5

[block]
# block no. 4 follows, 47 sequences, length 83
# corresponding to MSA columns:
# 876-907,909-934,936-960
name=unknown_E
#
# <colnr> <probs for GDERKNQSTAVLIFYWHMCP>
#	G	D	E	R	K	N	Q	S	T	A	V	L	I	F	Y	W	H	M	C	P
0	0.01292	0.02031	0.35746	0.03019	0.01864	0.16501	0.03637	0.01699	0.02476	0.04768	0.00976	0.01121	0.00736	0.00484	0.00469	0.00138	0.00689	0.00374	0.00276	0.21704
1	0.60952	0.01074	0.01157	0.01414	0.23502	0.01188	0.00864	0.01550	0.00973	0.02152	0.00799	0.00975	0.00640	0.00478	0.00378	0.00159	0.00466	0.00335	0.00304	0.00640
2	0.01620	0.01580	0.01493	0.02831	0.09374	0.23665	0.01000	0.23735	0.03216	0.02009	0.00998	0.01140	0.00791	0.00560	0.00577	0.00141	0.07217	0.00400	0.00351	0.17303
3	0.18029	0.03275	0.01311	0.01100	0.01426	0.36156	0.00864	0.10517	0.03916	0.16999	0.01127	0.01151	0.00826	0.00561	0.00457	0.00148	0.00673	0.00384	0.00389	0.00692
4	0.01422	0.01500	0.09854	0.03108	0.09842	0.15303	0.01045	0.20799	0.09559	0.01975	0.01428	0.12538	0.01286	0.03451	0.02947	0.00194	0.00632	0.00598	0.00386	0.02134
5	0.00816	0.00592	0.00807	0.00915	0.01040	0.00583	0.00793	0.01045	0.01198	0.01543	0.03017	0.05785	0.10766	0.01426	0.00709	0.00233	0.00457	0.67320	0.00480	0.00475
6	0.00757	0.00505	0.00568	0.00568	0.00568	0.00505	0.00316	0.00757	0.00757	0.01010	0.01641	0.03408	0.01893	0.81698	0.02651	0.00505	0.00505	0.00757	0.00316	0.00316
7	0.00669	0.00482	0.00624	0.00715	0.00768	0.00452	0.00497	0.00779	0.01040	0.01378	0.07662	0.57107	0.08873	0.08307	0.00831	0.00233	0.00330	0.08354	0.00475	0.00425
8	0.01688	0.25204	0.01897	0.06887	0.05764	0.31948	0.01032	0.16587	0.01500	0.01683	0.00887	0.01021	0.00722	0.00523	0.00446	0.00136	0.00721	0.00361	0.00302	0.00688
9	0.01234	0.01222	0.03793	0.31702	0.02754	0.01284	0.29155	0.13821	0.01334	0.01780	0.01078	0.03818	0.00845	0.00554	0.00598	0.00174	0.03332	0.00549	0.00298	0.00674
10	0.01088	0.00895	0.01054	0.05820	0.01290	0.03379	0.02197	0.01616	0.20837	0.04766	0.09664	0.03248	0.04232	0.08627	0.08837	0.00249	0.00537	0.00584	0.00406	0.20677
11	0.01479	0.00979	0.01230	0.16610	0.01715	0.01046	0.00895	0.25929	0.03841	0.16596	0.01935	0.17503	0.06262	0.00853	0.00556	0.00173	0.00495	0.00721	0.00478	0.00704
12	0.27351	0.01114	0.01322	0.01096	0.01379	0.08444	0.14642	0.05227	0.06490	0.01803	0.01135	0.01530	0.00973	0.08679	0.16345	0.00328	0.00756	0.00478	0.00322	0.00585
13	0.37964	0.01489	0.01177	0.01003	0.01337	0.19997	0.00801	0.22503	0.05540	0.02336	0.00964	0.01038	0.00733	0.00547	0.00423	0.00154	0.00578	0.00363	0.00375	0.00676
14	0.17495	0.00767	0.01007	0.23899	0.01671	0.00864	0.03101	0.01173	0.03428	0.01495	0.01500	0.16021	0.01546	0.20501	0.01035	0.00261	0.00512	0.02900	0.00332	0.00493
15	0.00737	0.00580	0.00671	0.00640	0.00798	0.00539	0.00482	0.01042	0.07762	0.01831	0.43472	0.04162	0.33101	0.01133	0.00608	0.00170	0.00267	0.00973	0.00535	0.00499
16	0.01375	0.42138	0.29436	0.01131	0.01686	0.01649	0.01258	0.08715	0.01227	0.05701	0.00919	0.01017	0.00719	0.00490	0.00418	0.00137	0.00627	0.00347	0.00272	0.00736
17	0.01392	0.82012	0.02729	0.00891	0.01337	0.02061	0.00891	0.01559	0.01058	0.01225	0.00724	0.00835	0.00668	0.00446	0.00334	0.00111	0.00557	0.00278	0.00223	0.00668
