[name]
unknown

[dist]
# distance from previous block
# <min> <max>
30	389

[block]
# block no. 0 follows, 48 sequences, length 44
# corresponding to MSA columns:
# 479-522
name=unknown_A
#
# <colnr> <probs for GDERKNQSTAVLIFYWHMCP>
#	G	D	E	R	K	N	Q	S	T	A	V	L	I	F	Y	W	H	M	C	P
0	0.01519	0.01458	0.10328	0.01252	0.05821	0.12391	0.03071	0.17445	0.04202	0.11578	0.02713	0.04934	0.01862	0.00632	0.00595	0.00152	0.07278	0.00486	0.00385	0.11897
1	0.07558	0.13379	0.05930	0.01945	0.06757	0.21267	0.00910	0.07307	0.02743	0.10029	0.02505	0.02513	0.09975	0.00628	0.00465	0.00143	0.00590	0.00473	0.00354	0.04529
2	0.01371	0.03321	0.04894	0.01370	0.09979	0.13178	0.06036	0.13722	0.09577	0.04536	0.10364	0.05413	0.03046	0.00744	0.01647	0.00170	0.07403	0.00568	0.00387	0.02273
3	0.03827	0.03303	0.01450	0.03035	0.03719	0.23722	0.02799	0.22554	0.24444	0.03961	0.01338	0.01349	0.01008	0.00597	0.00495	0.00154	0.00624	0.00456	0.00417	0.00750
4	0.03509	0.01239	0.04701	0.01249	0.05056	0.03139	0.09107	0.26217	0.15491	0.09133	0.06696	0.01850	0.07269	0.00681	0.00555	0.00163	0.02161	0.00570	0.00458	0.00755
5	0.02787	0.03922	0.10872	0.01303	0.06564	0.17938	0.01068	0.23380	0.13682	0.11460	0.01294	0.01305	0.00944	0.00580	0.00493	0.00153	0.00624	0.00441	0.00413	0.00777
6	0.03325	0.05504	0.06422	0.06296	0.01565	0.05991	0.04472	0.17876	0.17695	0.08477	0.12076	0.01820	0.03382	0.00674	0.00537	0.00160	0.02017	0.00549	0.00441	0.00719
7	0.03287	0.07447	0.01373	0.06246	0.01431	0.10890	0.09893	0.06082	0.04813	0.01595	0.09518	0.13089	0.09165	0.04583	0.00703	0.00185	0.04770	0.03988	0.00376	0.00565
8	0.11557	0.07388	0.05386	0.09625	0.03817	0.03019	0.06966	0.13143	0.03269	0.06878	0.01349	0.05003	0.03771	0.00630	0.00502	0.00153	0.01899	0.03983	0.00360	0.11302
9	0.13442	0.05117	0.11200	0.01147	0.01525	0.31076	0.00999	0.11960	0.06375	0.10882	0.01081	0.01129	0.00803	0.00547	0.00457	0.00148	0.00677	0.00382	0.00357	0.00696
10	0.01182	0.25018	0.41573	0.01279	0.01859	0.01416	0.06031	0.06487	0.01174	0.01605	0.01031	0.01408	0.00856	0.00552	0.00469	0.00153	0.00670	0.06267	0.00260	0.00711
11	0.00667	0.00522	0.00736	0.00762	0.00850	0.00480	0.05114	0.00791	0.01050	0.01381	0.07822	0.57023	0.15677	0.03702	0.00696	0.00206	0.00328	0.01291	0.00464	0.00438
12	0.01132	0.03198	0.18657	0.04005	0.25259	0.01156	0.15896	0.01485	0.01129	0.03139	0.05327	0.06870	0.01158	0.00607	0.00623	0.00167	0.06906	0.00556	0.00284	0.02446
13	0.15378	0.08656	0.38673	0.01327	0.01898	0.03523	0.10450	0.11120	0.01238	0.01898	0.00919	0.01070	0.00679	0.00492	0.00463	0.00157	0.00674	0.00390	0.00278	0.00718
14	0.00673	0.00467	0.00581	0.00653	0.00672	0.00449	0.00411	0.00727	0.00889	0.01186	0.02351	0.50801	0.02792	0.33260	0.01426	0.00322	0.00376	0.01178	0.00411	0.00375
15	0.06564	0.02360	0.65491	0.06515	0.02184	0.01190	0.01727	0.01649	0.04658	0.01673	0.00961	0.01124	0.00689	0.00498	0.00480	0.00163	0.00713	0.00387	0.00238	0.00735
16	0.05241	0.37792	0.05714	0.01148	0.06145	0.11675	0.00974	0.14654	0.01375	0.09469	0.00969	0.01039	0.00761	0.00506	0.00415	0.00132	0.00596	0.00354	0.00323	0.00718
17	0.01092	0.00585	0.00777	0.00757	0.00913	0.00529	0.00568	0.01248	0.01215	0.21770	0.15727	0.37537	0.07916	0.01226	0.00611	0.00187	0.00333	0.05925	0.00533	0.00552
18	0.00734	0.00474	0.00634	0.00727	0.00781	0.00439	0.00494	0.00830	0.01014	0.06339	0.02776	0.76470	0.03256	0.01545	0.00646	0.00205	0.00307	0.01398	0.00487	0.00446
19	0.00910	0.00802	0.04222	0.00822	0.01025	0.00757	0.01520	0.04920	0.19730	0.01847	0.24088	0.11999	0.16014	0.03376	0.00646	0.00186	0.00358	0.05710	0.00495	0.00573
20	0.01283	0.42301	0.31255	0.01135	0.01678	0.05021	0.01265	0.04337	0.04718	0.01482	0.00877	0.00991	0.00706	0.00479	0.00410	0.00135	0.00637	0.00337	0.00245	0.00708
21	0.00743	0.00543	0.00814	0.00814	0.00900	0.00629	0.00629	0.00900	0.00814	0.01172	0.01343	0.01986	0.01257	0.03713	0.74841	0.06331	0.01314	0.00543	0.00271	0.00443
22	0.01047	0.00598	0.00775	0.00689	0.00874	0.00536	0.00531	0.01268	0.01426	0.18282	0.54685	0.03507	0.11772	0.00988	0.00586	0.00162	0.00285	0.00857	0.00570	0.00561
23	0.19834	0.07123	0.23296	0.01211	0.01670	0.16254	0.06315	0.08419	0.08058	0.01865	0.00977	0.01089	0.00742	0.00516	0.00449	0.00153	0.00656	0.00382	0.00304	0.00687
24	0.01390	0.37957	0.06065	0.01529	0.11466	0.10514	0.16852	0.04622	0.01192	0.01463	0.00851	0.01041	0.00712	0.00467	0.00461	0.00137	0.01954	0.00388	0.00249	0.00689
25	0.01049	0.00595	0.00738	0.00679	0.00772	0.00583	0.00462	0.05947	0.00994	0.11011	0.06603	0.03752	0.05198	0.35455	0.01804	0.22470	0.00450	0.00657	0.00368	0.00413
26	0.00710	0.00482	0.00570	0.00606	0.00615	0.00473	0.00361	0.00737	0.00817	0.01090	0.01982	0.26942	0.02326	0.57755	0.02022	0.00410	0.00437	0.00961	0.00361	0.00343
27	0.01654	0.11939	0.10456	0.06404	0.01736	0.22928	0.01090	0.28536	0.06873	0.02057	0.01049	0.01135	0.00798	0.00554	0.00474	0.00146	0.00680	0.00401	0.00357	0.00733
28	0.01091	0.01203	0.06931	0.41173	0.13560	0.03963	0.13164	0.01426	0.01073	0.01426	0.00962	0.03222	0.00778	0.00549	0.00623	0.00172	0.07317	0.00493	0.00243	0.00632
29	0.35573	0.06780	0.01292	0.01095	0.04863	0.29735	0.02627	0.01812	0.01176	0.09510	0.00893	0.00991	0.00689	0.00507	0.00406	0.00146	0.00623	0.00337	0.00319	0.00623
30	0.01380	0.01312	0.05451	0.02701	0.20991	0.04875	0.09047	0.21294	0.08058	0.01995	0.01172	0.01451	0.00951	0.04632	0.06945	0.00230	0.05941	0.00495	0.00346	0.00732
31	0.00929	0.00927	0.04355	0.09342	0.14056	0.07010	0.00903	0.01148	0.01021	0.01336	0.01873	0.02245	0.14666	0.03774	0.33627	0.00444	0.00903	0.00599	0.00300	0.00544
32	0.01258	0.22059	0.43721	0.01297	0.01877	0.12869	0.03301	0.01716	0.04646	0.01493	0.00908	0.01042	0.00699	0.00490	0.00450	0.00146	0.00718	0.00361	0.00239	0.00711
33	0.00841	0.00673	0.00792	0.00685	0.00942	0.00544	0.00516	0.01012	0.01107	0.02764	0.08821	0.21856	0.20103	0.00955	0.00521	0.00140	0.00321	0.00824	0.00413	0.36167
34	0.00907	0.00678	0.00792	0.00794	0.00955	0.00678	0.00612	0.08715	0.10049	0.03632	0.03176	0.28129	0.22884	0.01262	0.00619	0.00193	0.00362	0.14540	0.00489	0.00534
35	0.12340	0.01327	0.14595	0.00991	0.01470	0.02847	0.04455	0.07249	0.03896	0.01872	0.00957	0.01092	0.00750	0.00446	0.00418	0.00117	0.00498	0.00350	0.00312	0.44019
36	0.53013	0.01392	0.13863	0.00915	0.01310	0.05121	0.00860	0.09429	0.06431	0.02224	0.00901	0.00995	0.00679	0.00510	0.00387	0.00159	0.00501	0.00337	0.00333	0.00642
37	0.00974	0.00601	0.00758	0.00752	0.00894	0.00572	0.00549	0.01250	0.09051	0.13854	0.16113	0.41082	0.09041	0.01238	0.00607	0.00186	0.00318	0.01096	0.00522	0.00543
38	0.00932	0.00763	0.00825	0.00795	0.00933	0.05781	0.00583	0.07131	0.09880	0.01771	0.27288	0.24817	0.04554	0.06994	0.04370	0.00228	0.00416	0.00934	0.00479	0.00525
39	0.00886	0.00795	0.00778	0.00746	0.00913	0.08525	0.00543	0.01162	0.09379	0.01523	0.13047	0.21688	0.21084	0.07609	0.00734	0.00193	0.00380	0.00919	0.00442	0.08653
40	0.04995	0.07961	0.20179	0.08109	0.08152	0.02845	0.01152	0.01921	0.03079	0.30947	0.04684	0.01478	0.01101	0.00569	0.00488	0.00156	0.00559	0.00459	0.00407	0.00760
41	0.05341	0.00711	0.02375	0.17040	0.09970	0.00725	0.00824	0.01040	0.02609	0.01447	0.05551	0.42902	0.02310	0.01142	0.00630	0.03074	0.00428	0.00987	0.00385	0.00509
42	0.02811	0.01197	0.02027	0.11631	0.11801	0.06253	0.32187	0.03120	0.03939	0.04952	0.04922	0.03354	0.04624	0.00625	0.00618	0.03711	0.00678	0.00585	0.00314	0.00652
43	0.03281	0.01238	0.01726	0.03178	0.13226	0.05305	0.14532	0.18423	0.03271	0.08568	0.01379	0.01518	0.05867	0.00608	0.00638	0.00160	0.08865	0.00510	0.00368	0.07339

[dist]
# distance from previous block
# <min> <max>
5	53

[block]
# block no. 1 follows, 48 sequences, length 8
# corresponding to MSA columns:
# 579-586
name=unknown_B
#
# <colnr> <probs for GDERKNQSTAVLIFYWHMCP>
#	G	D	E	R	K	N	Q	S	T	A	V	L	I	F	Y	W	H	M	C	P
0	0.01101	0.00933	0.01149	0.04425	0.05338	0.05678	0.06486	0.13230	0.05877	0.03847	0.15302	0.15678	0.16923	0.00957	0.00574	0.00170	0.00447	0.00835	0.00452	0.00597
1	0.00895	0.00922	0.08655	0.25375	0.01816	0.00818	0.00925	0.05521	0.01180	0.01581	0.12528	0.11679	0.14648	0.04391	0.00637	0.00180	0.00478	0.00737	0.00369	0.06664
2	0.01154	0.01082	0.04835	0.23600	0.09154	0.01091	0.04835	0.11891	0.07429	0.01751	0.01276	0.05873	0.02549	0.03152	0.02228	0.00179	0.03324	0.00526	0.00328	0.13741
3	0.15273	0.01231	0.11404	0.07634	0.01702	0.01087	0.10720	0.08090	0.11395	0.15531	0.09513	0.01634	0.01347	0.00604	0.00501	0.00164	0.00533	0.00514	0.00415	0.00709
4	0.01070	0.00727	0.01033	0.25329	0.01729	0.00764	0.00825	0.01380	0.05504	0.14366	0.24505	0.08157	0.10807	0.00863	0.00561	0.00169	0.00425	0.00750	0.00455	0.00582
5	0.01625	0.01129	0.01436	0.08196	0.13273	0.01196	0.01006	0.35924	0.01776	0.14206	0.06313	0.06334	0.01376	0.00698	0.00533	0.00162	0.00523	0.03053	0.00468	0.00773
6	0.00992	0.07761	0.01280	0.29007	0.06174	0.04732	0.00941	0.01218	0.01127	0.03789	0.12100	0.06140	0.14562	0.04353	0.00664	0.00180	0.03422	0.00665	0.00345	0.00548
7	0.00947	0.00718	0.01030	0.01177	0.13796	0.00704	0.03203	0.01174	0.06565	0.04820	0.04087	0.24727	0.02035	0.17373	0.03853	0.04335	0.00476	0.03377	0.00383	0.05220

[dist]
# distance from previous block
# <min> <max>
7	11

[block]
# block no. 2 follows, 48 sequences, length 15
# corresponding to MSA columns:
# 601-615
name=unknown_C
#
# <colnr> <probs for GDERKNQSTAVLIFYWHMCP>
#	G	D	E	R	K	N	Q	S	T	A	V	L	I	F	Y	W	H	M	C	P
0	0.01615	0.12080	0.03150	0.04698	0.04088	0.24798	0.00930	0.07744	0.08193	0.14649	0.04356	0.04506	0.01263	0.00664	0.00495	0.00152	0.00619	0.04926	0.00392	0.00683
1	0.04438	0.00769	0.00906	0.00820	0.01037	0.00772	0.00649	0.13089	0.06829	0.11923	0.22296	0.11499	0.12017	0.01015	0.00580	0.00176	0.00370	0.09688	0.00522	0.00606
2	0.06011	0.01105	0.06655	0.10289	0.04107	0.03941	0.00869	0.03145	0.05517	0.11060	0.01192	0.04820	0.00957	0.00525	0.00447	0.00126	0.00480	0.00428	0.00351	0.37976
3	0.01190	0.01116	0.06176	0.44166	0.21413	0.01137	0.06828	0.01530	0.01119	0.08876	0.01041	0.01365	0.00776	0.00504	0.00517	0.00165	0.00660	0.00468	0.00275	0.00677
4	0.01901	0.00988	0.01201	0.00973	0.01325	0.00987	0.00785	0.13734	0.20029	0.44410	0.01968	0.06466	0.01408	0.00705	0.00525	0.00165	0.00440	0.00579	0.00580	0.00831
5	0.00994	0.00746	0.00884	0.00777	0.01002	0.00685	0.00580	0.08996	0.03941	0.03386	0.06840	0.23494	0.02054	0.12793	0.00833	0.00200	0.00392	0.04293	0.00413	0.26697
6	0.08664	0.06894	0.48309	0.01460	0.02092	0.01232	0.16153	0.01666	0.01110	0.06343	0.00979	0.01144	0.00704	0.00482	0.00488	0.00161	0.00715	0.00416	0.00259	0.00729
7	0.01737	0.01226	0.01342	0.01089	0.01451	0.01348	0.00880	0.37342	0.31764	0.13655	0.01680	0.01572	0.01201	0.00650	0.00517	0.00163	0.00484	0.00516	0.00534	0.00849
8	0.65669	0.00964	0.00859	0.00732	0.01068	0.01056	0.00603	0.01746	0.01016	0.20678	0.01028	0.01052	0.00727	0.00514	0.00365	0.00159	0.00406	0.00335	0.00393	0.00632
9	0.00969	0.00912	0.01539	0.80734	0.03534	0.01140	0.01425	0.01311	0.01026	0.01311	0.00912	0.01368	0.00684	0.00513	0.00513	0.00171	0.00684	0.00456	0.00228	0.00570
10	0.00624	0.00451	0.00591	0.00703	0.00741	0.00418	0.00471	0.00716	0.00993	0.01314	0.02961	0.77314	0.07626	0.01590	0.00652	0.00206	0.00296	0.01438	0.00476	0.00418
11	0.00693	0.00475	0.00575	0.00628	0.00641	0.00462	0.00384	0.00732	0.00850	0.01134	0.02152	0.37928	0.02540	0.46476	0.01747	0.00370	0.00409	0.01061	0.00384	0.00358
12	0.00738	0.00494	0.00562	0.00571	0.00573	0.00492	0.00323	0.00744	0.00763	0.01017	0.01702	0.08854	0.01973	0.76324	0.02474	0.00477	0.00483	0.00796	0.00323	0.00318
13	0.00731	0.00491	0.00564	0.00579	0.00583	0.00487	0.00332	0.00742	0.00776	0.01035	0.01771	0.13315	0.02060	0.71745	0.02363	0.00461	0.00472	0.00837	0.00332	0.00324
14	0.01494	0.01217	0.01756	0.02237	0.44619	0.01266	0.01267	0.17289	0.13356	0.08382	0.01281	0.01401	0.00979	0.00541	0.00512	0.00157	0.00555	0.00482	0.00380	0.00830

[dist]
# distance from previous block
# <min> <max>
0	13

[block]
# block no. 3 follows, 48 sequences, length 43
# corresponding to MSA columns:
# 629-671
name=unknown_D
#
# <colnr> <probs for GDERKNQSTAVLIFYWHMCP>
#	G	D	E	R	K	N	Q	S	T	A	V	L	I	F	Y	W	H	M	C	P
0	0.85592	0.00992	0.00754	0.00675	0.00992	0.01151	0.00556	0.01508	0.00873	0.02302	0.00714	0.00834	0.00556	0.00476	0.00318	0.00159	0.00397	0.00278	0.00318	0.00556
1	0.00672	0.00480	0.00649	0.00768	0.00819	0.00457	0.00558	0.00796	0.01029	0.01363	0.02802	0.63932	0.03291	0.01563	0.00667	0.00215	0.00338	0.18695	0.00475	0.00430
2	0.01270	0.01219	0.02083	0.03149	0.78767	0.01219	0.01575	0.01575	0.01168	0.01676	0.00965	0.01270	0.00813	0.00457	0.00508	0.00152	0.00610	0.00457	0.00254	0.00813
3	0.01270	0.01219	0.02083	0.03149	0.78767	0.01219	0.01575	0.01575	0.01168	0.01676	0.00965	0.01270	0.00813	0.00457	0.00508	0.00152	0.00610	0.00457	0.00254	0.00813
4	0.00857	0.00545	0.00673	0.00660	0.00798	0.00489	0.00485	0.01011	0.01211	0.10592	0.24463	0.22068	0.24164	0.06809	0.00748	0.00200	0.00306	0.02926	0.00508	0.00487
5	0.00727	0.00520	0.00710	0.00815	0.00894	0.00503	0.00639	0.00897	0.01113	0.01476	0.09040	0.40120	0.03310	0.01473	0.00676	0.00217	0.00374	0.35567	0.00482	0.00448
6	0.00891	0.00446	0.00668	0.00668	0.00668	0.00446	0.00446	0.00668	0.00668	0.00891	0.00891	0.01560	0.00891	0.01783	0.02005	0.85071	0.00446	0.00446	0.00223	0.00223
7	0.01064	0.00912	0.01064	0.00760	0.01216	0.00684	0.00608	0.01292	0.01064	0.01672	0.00912	0.01064	0.00760	0.00380	0.00380	0.00076	0.00380	0.00304	0.00304	0.85104
8	0.00651	0.00506	0.00592	0.00604	0.00729	0.00447	0.00440	0.00810	0.01225	0.01596	0.29347	0.20968	0.37687	0.01281	0.00616	0.00177	0.00262	0.01111	0.00506	0.00447
9	0.00749	0.00539	0.00748	0.00786	0.00858	0.00579	0.00599	0.00897	0.00904	0.01238	0.01861	0.09779	0.01975	0.20158	0.37994	0.00565	0.00883	0.18116	0.00346	0.00426
10	0.00730	0.00556	0.00687	0.00745	0.00882	0.00519	0.00616	0.00916	0.01176	0.01484	0.07536	0.05267	0.33597	0.03925	0.00723	0.00215	0.00376	0.39124	0.00474	0.00452
11	0.80574	0.00972	0.00762	0.00679	0.00991	0.01118	0.00558	0.01512	0.00908	0.04069	0.03580	0.00964	0.00728	0.00501	0.00333	0.00159	0.00392	0.00307	0.00334	0.00560
12	0.00636	0.00453	0.00602	0.00717	0.00748	0.00425	0.00482	0.00727	0.00981	0.01306	0.02781	0.76297	0.03324	0.04484	0.00727	0.00220	0.00311	0.03894	0.00470	0.00415
13	0.01211	0.01384	0.03028	0.02163	0.02682	0.01298	0.76903	0.01644	0.01211	0.01644	0.01038	0.01384	0.00779	0.00433	0.00606	0.00173	0.00865	0.00606	0.00260	0.00692
14	0.00689	0.00525	0.00634	0.00613	0.00752	0.00471	0.00464	0.00892	0.01346	0.01809	0.50646	0.04282	0.30004	0.01148	0.00609	0.00168	0.00257	0.03692	0.00531	0.00466
15	0.00674	0.00482	0.00630	0.00677	0.00742	0.00449	0.00469	0.00821	0.01161	0.01598	0.33837	0.44911	0.03895	0.06268	0.00754	0.00207	0.00287	0.01197	0.00503	0.00438
16	0.01270	0.01219	0.02083	0.03149	0.78767	0.01219	0.01575	0.01575	0.01168	0.01676	0.00965	0.01270	0.00813	0.00457	0.00508	0.00152	0.00610	0.00457	0.00254	0.00813
17	0.01674	0.01300	0.01384	0.01125	0.01486	0.01462	0.00908	0.46523	0.33397	0.02787	0.01584	0.01512	0.01158	0.00649	0.00517	0.00162	0.00499	0.00510	0.00517	0.00848
18	0.00787	0.00521	0.00682	0.00679	0.00790	0.00478	0.00495	0.00974	0.01296	0.06523	0.47390	0.28160	0.06855	0.01208	0.00615	0.00176	0.00272	0.01075	0.00538	0.00485
19	0.00630	0.00450	0.00600	0.00711	0.00745	0.00420	0.00477	0.00726	0.01004	0.01344	0.06277	0.78086	0.03460	0.01582	0.00653	0.00206	0.00295	0.01434	0.00480	0.00420
20	0.00662	0.00488	0.00565	0.00605	0.00671	0.00450	0.00399	0.00741	0.00982	0.01263	0.06193	0.30872	0.25373	0.26926	0.01258	0.00288	0.00347	0.01100	0.00428	0.00391
21	0.01718	0.00754	0.01029	0.00880	0.01170	0.00675	0.00730	0.01932	0.01399	0.49304	0.13807	0.03007	0.02206	0.00881	0.00575	0.00177	0.00415	0.18034	0.00586	0.00721
22	0.00745	0.00532	0.00733	0.00851	0.00934	0.00520	0.00685	0.00922	0.01100	0.01444	0.02762	0.36573	0.03132	0.01495	0.00687	0.00225	0.00402	0.45336	0.00474	0.00450
23	0.00741	0.00495	0.00561	0.00567	0.00568	0.00494	0.00318	0.00745	0.00757	0.01009	0.01672	0.06926	0.01935	0.78305	0.02522	0.00484	0.00488	0.00779	0.00318	0.00316
24	0.00639	0.00465	0.00605	0.00712	0.00763	0.00432	0.00494	0.00743	0.01017	0.01335	0.03068	0.67787	0.11244	0.01561	0.00654	0.00207	0.00307	0.07068	0.00476	0.00423
25	0.01064	0.00912	0.01064	0.00760	0.01216	0.00684	0.00608	0.01292	0.01064	0.01672	0.00912	0.01064	0.00760	0.00380	0.00380	0.00076	0.00380	0.00304	0.00304	0.85104
26	0.01619	0.01172	0.01283	0.01056	0.01394	0.01290	0.00848	0.33101	0.33002	0.10661	0.07574	0.01763	0.01501	0.00684	0.00524	0.00163	0.00462	0.00551	0.00534	0.00818
27	0.00609	0.00508	0.00532	0.00552	0.00701	0.00430	0.00404	0.00733	0.01139	0.01374	0.04812	0.17430	0.66316	0.01350	0.00614	0.00179	0.00266	0.01144	0.00476	0.00430
28	0.00615	0.00520	0.00531	0.00528	0.00698	0.00437	0.00396	0.00752	0.01189	0.01432	0.10182	0.04863	0.73546	0.01282	0.00606	0.00172	0.00259	0.01072	0.00482	0.00437
29	0.68116	0.01085	0.00918	0.00780	0.01117	0.01243	0.00643	0.17293	0.01195	0.02497	0.00823	0.00917	0.00622	0.00505	0.00358	0.00158	0.00432	0.00316	0.00358	0.00622
30	0.01951	0.01437	0.01540	0.01181	0.01591	0.01591	0.00975	0.77056	0.02412	0.03234	0.01232	0.01232	0.00873	0.00616	0.00513	0.00154	0.00565	0.00462	0.00513	0.00873
31	0.00704	0.00496	0.00627	0.00641	0.00704	0.00469	0.00435	0.00839	0.01134	0.01567	0.37167	0.24781	0.03643	0.23125	0.01162	0.00265	0.00326	0.01022	0.00472	0.00419
32	0.44654	0.01163	0.01085	0.00903	0.01249	0.01323	0.00738	0.28138	0.12038	0.02607	0.01085	0.01122	0.00806	0.00556	0.00414	0.00159	0.00457	0.00384	0.00414	0.00702
33	0.01149	0.01096	0.01865	0.34270	0.48590	0.01187	0.01515	0.01469	0.01111	0.01530	0.00944	0.01309	0.00761	0.00480	0.00510	0.00160	0.00639	0.00457	0.00244	0.00715
34	0.00627	0.00481	0.00562	0.00623	0.00709	0.00430	0.00428	0.00726	0.01041	0.01317	0.03709	0.44141	0.34153	0.07628	0.00785	0.00216	0.00297	0.01250	0.00464	0.00415
35	0.00651	0.00504	0.00594	0.00608	0.00730	0.00447	0.00442	0.00810	0.01222	0.01597	0.29579	0.22299	0.36104	0.01286	0.00617	0.00177	0.00263	0.01117	0.00506	0.00447
36	0.85592	0.00992	0.00754	0.00675	0.00992	0.01151	0.00556	0.01508	0.00873	0.02302	0.00714	0.00834	0.00556	0.00476	0.00318	0.00159	0.00397	0.00278	0.00318	0.00556
37	0.01270	0.01219	0.02083	0.03149	0.78767	0.01219	0.01575	0.01575	0.01168	0.01676	0.00965	0.01270	0.00813	0.00457	0.00508	0.00152	0.00610	0.00457	0.00254	0.00813
38	0.85592	0.00992	0.00754	0.00675	0.00992	0.01151	0.00556	0.01508	0.00873	0.02302	0.00714	0.00834	0.00556	0.00476	0.00318	0.00159	0.00397	0.00278	0.00318	0.00556
39	0.00614	0.00490	0.00551	0.00600	0.00714	0.00426	0.00425	0.00727	0.01093	0.01355	0.04224	0.36443	0.47682	0.01426	0.00626	0.00188	0.00275	0.01237	0.00476	0.00426
40	0.04104	0.01125	0.01203	0.01007	0.01329	0.01238	0.00802	0.26052	0.37137	0.02440	0.09044	0.01851	0.03199	0.00688	0.00513	0.00159	0.00436	0.00558	0.00501	0.06617
41	0.01909	0.01417	0.01517	0.01172	0.01575	0.01572	0.00965	0.72494	0.07041	0.03167	0.01284	0.01274	0.00915	0.00621	0.00514	0.00155	0.00555	0.00469	0.00514	0.00869
42	0.50724	0.00795	0.00720	0.00668	0.00898	0.00872	0.00526	0.01269	0.01079	0.02150	0.27430	0.07449	0.02216	0.00750	0.00439	0.00163	0.00337	0.00582	0.00413	0.00522

[dist]
# distance from previous block
# <min> <max>
0	5

[block]
# block no. 4 follows, 48 sequences, length 6
# corresponding to MSA columns:
# 679-684
name=unknown_E
#
# <colnr> <probs for GDERKNQSTAVLIFYWHMCP>
#	G	D	E	R	K	N	Q	S	T	A	V	L	I	F	Y	W	H	M	C	P
0	0.01622	0.01242	0.01363	0.01025	0.01452	0.01255	0.00839	0.48956	0.01912	0.02655	0.01113	0.01170	0.00831	0.00528	0.00464	0.00125	0.00496	0.00403	0.00436	0.32113
1	0.23576	0.00804	0.01010	0.00897	0.01109	0.00835	0.08905	0.08529	0.01190	0.01915	0.13592	0.31363	0.02325	0.00993	0.00538	0.00179	0.00404	0.00870	0.00427	0.00539
2	0.00695	0.00476	0.00575	0.00625	0.00638	0.00463	0.00381	0.00733	0.00846	0.01128	0.02128	0.36392	0.02510	0.48053	0.01786	0.00375	0.00413	0.01047	0.00381	0.00356
3	0.09638	0.01054	0.01102	0.00899	0.01207	0.01124	0.00727	0.41390	0.01830	0.02525	0.10067	0.02456	0.22197	0.00830	0.00529	0.00160	0.00433	0.00659	0.00489	0.00684
4	0.01207	0.01303	0.01843	0.30956	0.02471	0.13448	0.16907	0.01473	0.01066	0.01351	0.00856	0.01237	0.00697	0.00602	0.00838	0.00180	0.22263	0.00466	0.00239	0.00597
5	0.01097	0.01017	0.01500	0.01071	0.01541	0.00820	0.17546	0.01370	0.01097	0.01666	0.00940	0.01135	0.00764	0.00392	0.00430	0.00098	0.00488	0.00371	0.00294	0.66364

[dist]
# distance from previous block
# <min> <max>
0	3

[block]
# block no. 5 follows, 48 sequences, length 12
# corresponding to MSA columns:
# 688-699
name=unknown_F
#
# <colnr> <probs for GDERKNQSTAVLIFYWHMCP>
#	G	D	E	R	K	N	Q	S	T	A	V	L	I	F	Y	W	H	M	C	P
0	0.01060	0.00697	0.00964	0.00862	0.01099	0.00624	0.04704	0.01287	0.01267	0.13755	0.18476	0.03765	0.12399	0.01010	0.00594	0.00175	0.00400	0.24383	0.00484	0.11996
1	0.01183	0.11958	0.41698	0.01534	0.02147	0.01312	0.21923	0.01717	0.05659	0.04543	0.01038	0.01207	0.00763	0.00485	0.00503	0.00159	0.00728	0.00444	0.00262	0.00736
2	0.01255	0.01023	0.01205	0.00970	0.01344	0.01004	0.04071	0.02084	0.38448	0.06962	0.01563	0.01536	0.01186	0.00553	0.00468	0.00133	0.00418	0.00465	0.00430	0.34882
3	0.00877	0.00706	0.00852	0.00691	0.00972	0.00574	0.00536	0.01105	0.01251	0.01832	0.37208	0.02608	0.07848	0.00752	0.00500	0.00122	0.00308	0.00646	0.00437	0.40176
4	0.01230	0.28880	0.17715	0.01594	0.02133	0.01524	0.36739	0.01604	0.01130	0.01493	0.00906	0.01137	0.00713	0.00445	0.00490	0.00150	0.00738	0.00450	0.00238	0.00694
5	0.01239	0.51343	0.32455	0.01105	0.01668	0.01704	0.01273	0.01571	0.01058	0.01369	0.00794	0.00924	0.00655	0.00458	0.00391	0.00130	0.00630	0.00315	0.00218	0.00697
6	0.00625	0.00447	0.00595	0.00714	0.00744	0.00417	0.00476	0.00714	0.00982	0.01310	0.02828	0.81633	0.03394	0.01608	0.00655	0.00208	0.00298	0.01459	0.00476	0.00417
7	0.01331	0.72726	0.11879	0.00948	0.01425	0.01930	0.01000	0.01547	0.01047	0.01257	0.00738	0.00854	0.00657	0.00445	0.00348	0.00116	0.00574	0.00287	0.00219	0.00670
8	0.00746	0.00497	0.00560	0.00560	0.00560	0.00497	0.00311	0.00746	0.00746	0.00995	0.01617	0.03358	0.01865	0.81967	0.02612	0.00497	0.00497	0.00746	0.00311	0.00311
9	0.01129	0.01075	0.01828	0.39544	0.43475	0.01182	0.01504	0.01451	0.01102	0.01505	0.00940	0.01316	0.00752	0.00483	0.00510	0.00161	0.00644	0.00457	0.00242	0.00699
10	0.01372	0.82276	0.02689	0.00878	0.01317	0.02030	0.00878	0.01536	0.01043	0.01207	0.00713	0.00823	0.00658	0.00439	0.00329	0.00110	0.00549	0.00274	0.00219	0.00658
11	0.01758	0.02001	0.01349	0.01215	0.01487	0.55795	0.00922	0.02181	0.17844	0.05801	0.03922	0.01287	0.01039	0.00589	0.00483	0.00144	0.00762	0.00416	0.00351	0.00653

[dist]
# distance from previous block
# <min> <max>
4	16

[block]
# block no. 6 follows, 48 sequences, length 6
# corresponding to MSA columns:
# 716-721
name=unknown_G
#
# <colnr> <probs for GDERKNQSTAVLIFYWHMCP>
#	G	D	E	R	K	N	Q	S	T	A	V	L	I	F	Y	W	H	M	C	P
0	0.01520	0.16844	0.01923	0.01900	0.34165	0.01372	0.01162	0.17842	0.01433	0.09396	0.01072	0.01207	0.00836	0.00499	0.00466	0.00140	0.00555	0.00418	0.00343	0.06906
1	0.00794	0.00885	0.14488	0.00755	0.00901	0.00639	0.00635	0.00924	0.00816	0.01133	0.01461	0.02776	0.01572	0.57061	0.12662	0.00482	0.00662	0.00655	0.00289	0.00410
2	0.30424	0.01149	0.01253	0.01007	0.01355	0.04811	0.08003	0.22444	0.01459	0.12085	0.01476	0.04382	0.06782	0.00637	0.00465	0.00160	0.00504	0.00497	0.00422	0.00684
3	0.01132	0.00806	0.00962	0.00901	0.01122	0.00831	0.00717	0.04419	0.25102	0.09277	0.10773	0.11024	0.02353	0.03155	0.00635	0.00191	0.00402	0.18946	0.00499	0.06752
4	0.12707	0.01068	0.00987	0.00891	0.01130	0.13401	0.00689	0.01742	0.15386	0.14568	0.08175	0.11330	0.11404	0.00846	0.00556	0.00167	0.03195	0.00678	0.00455	0.00625
5	0.01482	0.37841	0.09206	0.01026	0.01412	0.15308	0.00970	0.01696	0.01197	0.11807	0.01215	0.01713	0.01074	0.00628	0.00448	0.00144	0.00609	0.11246	0.00320	0.00659

[dist]
# distance from previous block
# <min> <max>
42	91

[block]
# block no. 7 follows, 48 sequences, length 46
# corresponding to MSA columns:
# 834-879
name=unknown_H
#
# <colnr> <probs for GDERKNQSTAVLIFYWHMCP>
#	G	D	E	R	K	N	Q	S	T	A	V	L	I	F	Y	W	H	M	C	P
0	0.01244	0.01060	0.01684	0.01222	0.01676	0.00908	0.24117	0.04656	0.01200	0.08742	0.01128	0.03890	0.00904	0.00470	0.00476	0.00121	0.00539	0.00461	0.00335	0.45168
1	0.02136	0.01062	0.01402	0.01065	0.01473	0.01021	0.05538	0.23233	0.01716	0.53160	0.01742	0.01581	0.01129	0.00617	0.00521	0.00158	0.00499	0.00506	0.00578	0.00862
2	0.01593	0.01348	0.01321	0.01408	0.16245	0.25642	0.00921	0.01802	0.01402	0.20674	0.20294	0.01911	0.01871	0.00669	0.00520	0.00150	0.00576	0.00548	0.00428	0.00678
3	0.00974	0.00836	0.01268	0.16883	0.20620	0.00885	0.01078	0.01328	0.06713	0.01577	0.04674	0.03406	0.08108	0.00932	0.00596	0.00191	0.00517	0.28439	0.00379	0.00597
4	0.01833	0.14660	0.01643	0.01254	0.01545	0.67992	0.00974	0.01970	0.01391	0.01248	0.00781	0.00910	0.00661	0.00515	0.00442	0.00129	0.00868	0.00322	0.00258	0.00605
5	0.01293	0.36741	0.01862	0.07460	0.01506	0.01596	0.00891	0.02089	0.37853	0.01666	0.01389	0.01391	0.01096	0.00568	0.00437	0.00146	0.00491	0.00436	0.00365	0.00725
6	0.00746	0.00497	0.00560	0.00560	0.00560	0.00497	0.00311	0.00746	0.00746	0.00995	0.01617	0.03358	0.01865	0.81967	0.02612	0.00497	0.00497	0.00746	0.00311	0.00311
7	0.01230	0.01290	0.02494	0.02530	0.35992	0.01285	0.37646	0.01580	0.01158	0.01625	0.00976	0.01313	0.00785	0.00481	0.00650	0.00168	0.07280	0.00528	0.00254	0.00734
8	0.01242	0.01019	0.01151	0.00984	0.02897	0.03302	0.04641	0.27601	0.10152	0.02189	0.09611	0.02836	0.28451	0.00887	0.00558	0.00164	0.00439	0.00737	0.00480	0.00659
9	0.00746	0.00497	0.00560	0.00560	0.00560	0.00497	0.00311	0.00746	0.00746	0.00995	0.01617	0.03358	0.01865	0.81967	0.02612	0.00497	0.00497	0.00746	0.00311	0.00311
10	0.01177	0.01256	0.02311	0.01885	0.08291	0.01412	0.37484	0.01458	0.01021	0.01467	0.00872	0.01260	0.00735	0.00639	0.01071	0.00194	0.36054	0.00525	0.00244	0.00644
11	0.01337	0.36864	0.02327	0.02089	0.42120	0.04255	0.01249	0.01574	0.01123	0.01456	0.00849	0.01062	0.00740	0.00452	0.00428	0.00133	0.00594	0.00373	0.00239	0.00738
12	0.00674	0.00522	0.00613	0.00590	0.00734	0.00462	0.00443	0.00866	0.01328	0.01763	0.46301	0.04318	0.37220	0.01159	0.00606	0.00167	0.00250	0.00996	0.00526	0.00462
13	0.01064	0.00912	0.01064	0.00760	0.01216	0.00684	0.00608	0.01292	0.01064	0.01672	0.00912	0.01064	0.00760	0.00380	0.00380	0.00076	0.00380	0.00304	0.00304	0.85104
14	0.01934	0.10790	0.01610	0.01119	0.01516	0.09540	0.00932	0.49210	0.02011	0.14439	0.01249	0.01232	0.00887	0.00590	0.00487	0.00147	0.00580	0.00435	0.00473	0.00820
15	0.01931	0.01428	0.01529	0.01177	0.01584	0.01582	0.00971	0.74898	0.04602	0.03202	0.01257	0.01252	0.00893	0.00618	0.00514	0.00155	0.00560	0.00465	0.00514	0.00871
16	0.01899	0.01412	0.01511	0.01170	0.01572	0.01567	0.00963	0.71430	0.08122	0.03151	0.01297	0.01284	0.00925	0.00622	0.00514	0.00156	0.00553	0.00471	0.00514	0.00868
17	0.00662	0.00491	0.00660	0.00760	0.00792	0.00489	0.00528	0.00758	0.00980	0.01315	0.02701	0.73903	0.03221	0.01559	0.00715	0.00210	0.04878	0.04487	0.00462	0.00427
18	0.00637	0.00455	0.00608	0.00728	0.00762	0.00427	0.00496	0.00734	0.00994	0.01323	0.02822	0.77336	0.03369	0.01597	0.00658	0.00210	0.00308	0.05642	0.00476	0.00420
19	0.00625	0.00447	0.00595	0.00714	0.00744	0.00417	0.00476	0.00714	0.00982	0.01310	0.02828	0.81633	0.03394	0.01608	0.00655	0.00208	0.00298	0.01459	0.00476	0.00417
20	0.01629	0.01261	0.01354	0.01115	0.01463	0.01414	0.00904	0.44314	0.31200	0.02722	0.01644	0.01751	0.01256	0.00692	0.00528	0.00166	0.00499	0.04747	0.00514	0.00827
21	0.01917	0.02445	0.01454	0.01322	0.01586	0.79907	0.00991	0.02049	0.01454	0.01256	0.00793	0.00925	0.00661	0.00529	0.00463	0.00132	0.00925	0.00330	0.00264	0.00595
22	0.00733	0.00550	0.00825	0.00825	0.00916	0.00641	0.00641	0.00916	0.00825	0.01191	0.01374	0.02016	0.01283	0.03848	0.79934	0.00825	0.01374	0.00550	0.00275	0.00458
23	0.01372	0.82276	0.02689	0.00878	0.01317	0.02030	0.00878	0.01536	0.01043	0.01207	0.00713	0.00823	0.00658	0.00439	0.00329	0.00110	0.00549	0.00274	0.00219	0.00658
24	0.01064	0.00912	0.01064	0.00760	0.01216	0.00684	0.00608	0.01292	0.01064	0.01672	0.00912	0.01064	0.00760	0.00380	0.00380	0.00076	0.00380	0.00304	0.00304	0.85104
25	0.00746	0.00497	0.00560	0.00560	0.00560	0.00497	0.00311	0.00746	0.00746	0.00995	0.01617	0.03358	0.01865	0.81967	0.02612	0.00497	0.00497	0.00746	0.00311	0.00311
26	0.00733	0.00550	0.00825	0.00825	0.00916	0.00641	0.00641	0.00916	0.00825	0.01191	0.01374	0.02016	0.01283	0.03848	0.79934	0.00825	0.01374	0.00550	0.00275	0.00458
27	0.01951	0.01437	0.01540	0.01181	0.01591	0.01591	0.00975	0.77056	0.02412	0.03234	0.01232	0.01232	0.00873	0.00616	0.00513	0.00154	0.00565	0.00462	0.00513	0.00873
28	0.01064	0.00912	0.01064	0.00760	0.01216	0.00684	0.00608	0.01292	0.01064	0.01672	0.00912	0.01064	0.00760	0.00380	0.00380	0.00076	0.00380	0.00304	0.00304	0.85104
29	0.00625	0.00447	0.00595	0.00714	0.00744	0.00417	0.00476	0.00714	0.00982	0.01310	0.02828	0.81633	0.03394	0.01608	0.00655	0.00208	0.00298	0.01459	0.00476	0.00417
30	0.00625	0.00447	0.00595	0.00714	0.00744	0.00417	0.00476	0.00714	0.00982	0.01310	0.02828	0.81633	0.03394	0.01608	0.00655	0.00208	0.00298	0.01459	0.00476	0.00417
31	0.01951	0.01437	0.01540	0.01181	0.01591	0.01591	0.00975	0.77056	0.02412	0.03234	0.01232	0.01232	0.00873	0.00616	0.00513	0.00154	0.00565	0.00462	0.00513	0.00873
32	0.00969	0.00912	0.01539	0.80734	0.03534	0.01140	0.01425	0.01311	0.01026	0.01311	0.00912	0.01368	0.00684	0.00513	0.00513	0.00171	0.00684	0.00456	0.00228	0.00570
33	0.00625	0.00447	0.00595	0.00714	0.00744	0.00417	0.00476	0.00714	0.00982	0.01310	0.02828	0.81633	0.03394	0.01608	0.00655	0.00208	0.00298	0.01459	0.00476	0.00417
34	0.01372	0.82276	0.02689	0.00878	0.01317	0.02030	0.00878	0.01536	0.01043	0.01207	0.00713	0.00823	0.00658	0.00439	0.00329	0.00110	0.00549	0.00274	0.00219	0.00658
35	0.02105	0.01189	0.01387	0.01063	0.01468	0.01224	0.00878	0.44309	0.01998	0.36566	0.01580	0.01458	0.01047	0.00624	0.00514	0.00156	0.00508	0.00486	0.00567	0.00873
36	0.00685	0.00523	0.00629	0.00602	0.00741	0.00467	0.00452	0.00888	0.01355	0.01826	0.53265	0.04213	0.30216	0.01135	0.00606	0.00165	0.00248	0.00981	0.00534	0.00467
37	0.00746	0.00497	0.00560	0.00560	0.00560	0.00497	0.00311	0.00746	0.00746	0.00995	0.01617	0.03358	0.01865	0.81967	0.02612	0.00497	0.00497	0.00746	0.00311	0.00311
38	0.05341	0.00945	0.01415	0.01068	0.01478	0.00841	0.10754	0.02350	0.01412	0.66004	0.01845	0.01664	0.01178	0.00602	0.00520	0.00161	0.00491	0.00519	0.00574	0.00837
39	0.01211	0.01384	0.03028	0.02163	0.02682	0.01298	0.76903	0.01644	0.01211	0.01644	0.01038	0.01384	0.00779	0.00433	0.00606	0.00173	0.00865	0.00606	0.00260	0.00692
40	0.00687	0.00491	0.00667	0.00785	0.00842	0.00470	0.00584	0.00822	0.01044	0.01379	0.02794	0.58287	0.03258	0.01549	0.00671	0.00217	0.00351	0.24192	0.00475	0.00434
41	0.38307	0.01120	0.01499	0.02062	0.44606	0.01189	0.01127	0.01546	0.01039	0.01951	0.00855	0.01078	0.00700	0.00466	0.00424	0.00155	0.00516	0.00378	0.00282	0.00700
42	0.00629	0.00454	0.00595	0.00701	0.00742	0.00421	0.00472	0.00727	0.01014	0.01347	0.06320	0.73975	0.07575	0.01566	0.00650	0.00204	0.00293	0.01415	0.00480	0.00421
43	0.10119	0.04582	0.01495	0.01252	0.03040	0.42448	0.02404	0.25050	0.01668	0.01982	0.00926	0.01023	0.00721	0.00544	0.00463	0.00142	0.00743	0.00372	0.00344	0.00685
44	0.01697	0.01533	0.01417	0.05638	0.01621	0.19652	0.00931	0.38335	0.05015	0.02333	0.01089	0.01166	0.00821	0.00550	0.00478	0.00136	0.00615	0.00407	0.00401	0.16165
45	0.07597	0.19557	0.23556	0.08288	0.19068	0.01394	0.01343	0.07732	0.01194	0.04417	0.00933	0.01108	0.00724	0.00487	0.00450	0.00148	0.00618	0.00384	0.00273	0.00731

[dist]
# distance from previous block
# <min> <max>
0	2

[block]
# block no. 8 follows, 48 sequences, length 100
# corresponding to MSA columns:
# 882-981
name=unknown_I
#
# <colnr> <probs for GDERKNQSTAVLIFYWHMCP>
#	G	D	E	R	K	N	Q	S	T	A	V	L	I	F	Y	W	H	M	C	P
0	0.01538	0.07906	0.30319	0.01382	0.03407	0.43908	0.01330	0.01848	0.01283	0.01398	0.00838	0.00984	0.00660	0.00506	0.00464	0.00142	0.00832	0.00347	0.00243	0.00664
1	0.01029	0.02654	0.79309	0.01462	0.02221	0.01192	0.01896	0.01625	0.01083	0.01625	0.00921	0.01083	0.00650	0.00487	0.00487	0.00162	0.00758	0.00379	0.00217	0.00758
2	0.01606	0.03078	0.01620	0.03433	0.01637	0.14860	0.15085	0.06371	0.04109	0.22446	0.07734	0.01641	0.02861	0.00638	0.00635	0.00161	0.08171	0.00526	0.00412	0.02977
3	0.00956	0.00478	0.00478	0.00478	0.00598	0.00478	0.00359	0.01196	0.01076	0.01913	0.01674	0.01913	0.01315	0.00598	0.00359	0.00120	0.00239	0.00478	0.84816	0.00478
4	0.00969	0.00912	0.01539	0.80734	0.03534	0.01140	0.01425	0.01311	0.01026	0.01311	0.00912	0.01368	0.00684	0.00513	0.00513	0.00171	0.00684	0.00456	0.00228	0.00570
5	0.01086	0.02255	0.55321	0.01683	0.02366	0.01225	0.25484	0.01631	0.01123	0.01631	0.00958	0.01178	0.00690	0.00470	0.00525	0.00166	0.00792	0.00450	0.00230	0.00737
6	0.01208	0.01156	0.01971	0.19107	0.63292	0.01203	0.01544	0.01520	0.01139	0.01601	0.00954	0.01290	0.00786	0.00469	0.00509	0.00156	0.00625	0.00457	0.00249	0.00763
7	0.00636	0.00455	0.00605	0.00707	0.00747	0.00424	0.00477	0.00741	0.01032	0.01388	0.10742	0.73495	0.03545	0.01549	0.00650	0.00203	0.00292	0.01403	0.00486	0.00424
8	0.00659	0.00522	0.00592	0.00575	0.00725	0.00455	0.00431	0.00838	0.01293	0.01680	0.37249	0.04455	0.46324	0.01190	0.00606	0.00168	0.00252	0.01015	0.00515	0.00455
9	0.00956	0.00478	0.00478	0.00478	0.00598	0.00478	0.00359	0.01196	0.01076	0.01913	0.01674	0.01913	0.01315	0.00598	0.00359	0.00120	0.00239	0.00478	0.84816	0.00478
10	0.00625	0.00447	0.00595	0.00714	0.00744	0.00417	0.00476	0.00714	0.00982	0.01310	0.02828	0.81633	0.03394	0.01608	0.00655	0.00208	0.00298	0.01459	0.00476	0.00417
11	0.00827	0.00591	0.00827	0.00945	0.01063	0.00591	0.00827	0.01063	0.01181	0.01536	0.02717	0.05788	0.02953	0.01417	0.00709	0.00236	0.00472	0.75313	0.00472	0.00472
12	0.00733	0.00550	0.00825	0.00825	0.00916	0.00641	0.00641	0.00916	0.00825	0.01191	0.01374	0.02016	0.01283	0.03848	0.79934	0.00825	0.01374	0.00550	0.00275	0.00458
13	0.02250	0.00958	0.01243	0.00953	0.01352	0.00879	0.00787	0.13660	0.01610	0.67763	0.01906	0.01669	0.01211	0.00632	0.00516	0.00158	0.00456	0.00508	0.00617	0.00873
14	0.01921	0.02310	0.01466	0.01303	0.01587	0.69376	0.00989	0.12135	0.01583	0.01522	0.00852	0.00967	0.00689	0.00540	0.00469	0.00135	0.00877	0.00348	0.00298	0.00632
15	0.01064	0.00912	0.01064	0.00760	0.01216	0.00684	0.00608	0.01292	0.01064	0.01672	0.00912	0.01064	0.00760	0.00380	0.00380	0.00076	0.00380	0.00304	0.00304	0.85104
16	0.02302	0.00873	0.01191	0.00913	0.01310	0.00754	0.00754	0.02501	0.01469	0.79122	0.02024	0.01746	0.01270	0.00635	0.00516	0.00159	0.00437	0.00516	0.00635	0.00873
17	0.01270	0.01219	0.02083	0.03149	0.78767	0.01219	0.01575	0.01575	0.01168	0.01676	0.00965	0.01270	0.00813	0.00457	0.00508	0.00152	0.00610	0.00457	0.00254	0.00813
18	0.00733	0.00550	0.00825	0.00825	0.00916	0.00641	0.00641	0.00916	0.00825	0.01191	0.01374	0.02016	0.01283	0.03848	0.79934	0.00825	0.01374	0.00550	0.00275	0.00458
19	0.02302	0.00873	0.01191	0.00913	0.01310	0.00754	0.00754	0.02501	0.01469	0.79122	0.02024	0.01746	0.01270	0.00635	0.00516	0.00159	0.00437	0.00516	0.00635	0.00873
20	0.01064	0.00912	0.01064	0.00760	0.01216	0.00684	0.00608	0.01292	0.01064	0.01672	0.00912	0.01064	0.00760	0.00380	0.00380	0.00076	0.00380	0.00304	0.00304	0.85104
21	0.00733	0.00550	0.00825	0.00825	0.00916	0.00641	0.00641	0.00916	0.00825	0.01191	0.01374	0.02016	0.01283	0.03848	0.79934	0.00825	0.01374	0.00550	0.00275	0.00458
22	0.01951	0.01437	0.01540	0.01181	0.01591	0.01591	0.00975	0.77056	0.02412	0.03234	0.01232	0.01232	0.00873	0.00616	0.00513	0.00154	0.00565	0.00462	0.00513	0.00873
23	0.01917	0.02445	0.01454	0.01322	0.01586	0.79907	0.00991	0.02049	0.01454	0.01256	0.00793	0.00925	0.00661	0.00529	0.00463	0.00132	0.00925	0.00330	0.00264	0.00595
24	0.00625	0.00447	0.00595	0.00714	0.00744	0.00417	0.00476	0.00714	0.00982	0.01310	0.02828	0.81633	0.03394	0.01608	0.00655	0.00208	0.00298	0.01459	0.00476	0.00417
25	0.00682	0.00523	0.00625	0.00599	0.00739	0.00465	0.00449	0.00883	0.01348	0.01809	0.51411	0.04241	0.32081	0.01142	0.00606	0.00166	0.00249	0.00985	0.00532	0.00465
26	0.01951	0.01437	0.01540	0.01181	0.01591	0.01591	0.00975	0.77056	0.02412	0.03234	0.01232	0.01232	0.00873	0.00616	0.00513	0.00154	0.00565	0.00462	0.00513	0.00873
27	0.02302	0.00873	0.01191	0.00913	0.01310	0.00754	0.00754	0.02501	0.01469	0.79122	0.02024	0.01746	0.01270	0.00635	0.00516	0.00159	0.00437	0.00516	0.00635	0.00873
28	0.01211	0.01384	0.03028	0.02163	0.02682	0.01298	0.76903	0.01644	0.01211	0.01644	0.01038	0.01384	0.00779	0.00433	0.00606	0.00173	0.00865	0.00606	0.00260	0.00692
29	0.00625	0.00447	0.00595	0.00714	0.00744	0.00417	0.00476	0.00714	0.00982	0.01310	0.02828	0.81633	0.03394	0.01608	0.00655	0.00208	0.00298	0.01459	0.00476	0.00417
30	0.01951	0.01437	0.01540	0.01181	0.01591	0.01591	0.00975	0.77056	0.02412	0.03234	0.01232	0.01232	0.00873	0.00616	0.00513	0.00154	0.00565	0.00462	0.00513	0.00873
31	0.00969	0.00912	0.01539	0.80734	0.03534	0.01140	0.01425	0.01311	0.01026	0.01311	0.00912	0.01368	0.00684	0.00513	0.00513	0.00171	0.00684	0.00456	0.00228	0.00570
32	0.01029	0.02654	0.79309	0.01462	0.02221	0.01192	0.01896	0.01625	0.01083	0.01625	0.00921	0.01083	0.00650	0.00487	0.00487	0.00162	0.00758	0.00379	0.00217	0.00758
33	0.00625	0.00447	0.00595	0.00714	0.00744	0.00417	0.00476	0.00714	0.00982	0.01310	0.02828	0.81633	0.03394	0.01608	0.00655	0.00208	0.00298	0.01459	0.00476	0.00417
34	0.01783	0.22027	0.01757	0.01213	0.01520	0.60805	0.00964	0.01923	0.01353	0.01244	0.00774	0.00900	0.00660	0.00507	0.00430	0.00127	0.00833	0.00317	0.00253	0.00610
35	0.01029	0.02654	0.79309	0.01462	0.02221	0.01192	0.01896	0.01625	0.01083	0.01625	0.00921	0.01083	0.00650	0.00487	0.00487	0.00162	0.00758	0.00379	0.00217	0.00758
36	0.00625	0.00447	0.00595	0.00714	0.00744	0.00417	0.00476	0.00714	0.00982	0.01310	0.02828	0.81633	0.03394	0.01608	0.00655	0.00208	0.00298	0.01459	0.00476	0.00417
37	0.00985	0.00928	0.01567	0.76698	0.07448	0.01144	0.01433	0.01325	0.01033	0.01330	0.00915	0.01363	0.00691	0.00510	0.00513	0.00170	0.00680	0.00456	0.00229	0.00583
38	0.01270	0.01219	0.02083	0.03149	0.78767	0.01219	0.01575	0.01575	0.01168	0.01676	0.00965	0.01270	0.00813	0.00457	0.00508	0.00152	0.00610	0.00457	0.00254	0.00813
39	0.01064	0.00912	0.01064	0.00760	0.01216	0.00684	0.00608	0.01292	0.01064	0.01672	0.00912	0.01064	0.00760	0.00380	0.00380	0.00076	0.00380	0.00304	0.00304	0.85104
40	0.01276	0.01102	0.01160	0.01044	0.01334	0.01276	0.00812	0.02727	0.77840	0.02146	0.02088	0.01914	0.01566	0.00696	0.00522	0.00174	0.00406	0.00580	0.00522	0.00812
41	0.01940	0.01757	0.01513	0.01225	0.01590	0.26456	0.00980	0.53241	0.02108	0.02606	0.01093	0.01135	0.00805	0.00588	0.00497	0.00147	0.00679	0.00420	0.00434	0.00784
42	0.03215	0.80497	0.02646	0.00874	0.01310	0.02011	0.00871	0.01536	0.01039	0.01231	0.00713	0.00823	0.00656	0.00440	0.00329	0.00111	0.00545	0.00274	0.00222	0.00656
43	0.01917	0.02445	0.01454	0.01322	0.01586	0.79907	0.00991	0.02049	0.01454	0.01256	0.00793	0.00925	0.00661	0.00529	0.00463	0.00132	0.00925	0.00330	0.00264	0.00595
44	0.01093	0.00911	0.01067	0.00764	0.01218	0.00686	0.00611	0.01320	0.01073	0.03483	0.00938	0.01080	0.00772	0.00386	0.00383	0.00078	0.00381	0.00309	0.00312	0.83134
45	0.01372	0.82276	0.02689	0.00878	0.01317	0.02030	0.00878	0.01536	0.01043	0.01207	0.00713	0.00823	0.00658	0.00439	0.00329	0.00110	0.00549	0.00274	0.00219	0.00658
46	0.00606	0.00520	0.00520	0.00520	0.00693	0.00433	0.00390	0.00736	0.01170	0.01386	0.05198	0.04938	0.78558	0.01299	0.00606	0.00173	0.00260	0.01083	0.00476	0.00433
47	0.00636	0.00454	0.00607	0.00726	0.00761	0.00426	0.00495	0.00733	0.00993	0.01322	0.02822	0.77687	0.03371	0.01598	0.00658	0.00210	0.00307	0.05301	0.00476	0.00420
48	0.00969	0.00912	0.01539	0.80734	0.03534	0.01140	0.01425	0.01311	0.01026	0.01311	0.00912	0.01368	0.00684	0.00513	0.00513	0.00171	0.00684	0.00456	0.00228	0.00570
49	0.00746	0.00497	0.00560	0.00560	0.00560	0.00497	0.00311	0.00746	0.00746	0.00995	0.01617	0.03358	0.01865	0.81967	0.02612	0.00497	0.00497	0.00746	0.00311	0.00311
50	0.00746	0.00497	0.00560	0.00560	0.00560	0.00497	0.00311	0.00746	0.00746	0.00995	0.01617	0.03358	0.01865	0.81967	0.02612	0.00497	0.00497	0.00746	0.00311	0.00311
