[name]
unknown

[dist]
# distance from previous block
# <min> <max>
0	45

[block]
# block no. 0 follows, 52 sequences, length 27
# corresponding to MSA columns:
# 45-71
name=unknown_A
#
# <colnr> <probs for GDERKNQSTAVLIFYWHMCP>
#	G	D	E	R	K	N	Q	S	T	A	V	L	I	F	Y	W	H	M	C	P
0	0.01181	0.01164	0.03479	0.06893	0.65642	0.03364	0.01403	0.01510	0.03991	0.01572	0.00993	0.01318	0.00834	0.00468	0.00480	0.00146	0.00573	0.02032	0.02225	0.00735
1	0.00759	0.00577	0.00709	0.00662	0.00802	0.00567	0.00500	0.01155	0.13000	0.01932	0.65236	0.03388	0.06938	0.00950	0.00560	0.00155	0.00252	0.00833	0.00524	0.00502
2	0.01005	0.00861	0.01005	0.00718	0.01148	0.00646	0.00574	0.01220	0.01005	0.01579	0.00861	0.01005	0.00718	0.00359	0.00359	0.00072	0.00359	0.00287	0.00287	0.85932
3	0.00652	0.00491	0.00603	0.00581	0.00705	0.00442	0.00433	0.00847	0.01284	0.01748	0.56903	0.06932	0.24455	0.01074	0.00574	0.00157	0.00235	0.00934	0.00508	0.00442
4	0.01254	0.00865	0.01013	0.00893	0.01113	0.03898	0.00704	0.12242	0.17948	0.14940	0.01515	0.01742	0.01210	0.04659	0.33252	0.00418	0.00802	0.00507	0.00399	0.00625
5	0.00639	0.00494	0.00583	0.00561	0.00695	0.00437	0.00420	0.00824	0.01261	0.01681	0.48771	0.04051	0.35656	0.01089	0.00572	0.00157	0.00236	0.00937	0.00499	0.00437
6	0.00692	0.00519	0.00779	0.00779	0.00865	0.00606	0.00606	0.00865	0.00779	0.01125	0.01298	0.01904	0.01211	0.03634	0.81049	0.00779	0.01298	0.00519	0.00260	0.00433
7	0.00692	0.00519	0.00779	0.00779	0.00865	0.00606	0.00606	0.00865	0.00779	0.01125	0.01298	0.01904	0.01211	0.03634	0.81049	0.00779	0.01298	0.00519	0.00260	0.00433
8	0.00972	0.02507	0.80458	0.01381	0.02097	0.01125	0.01790	0.01535	0.01023	0.01535	0.00870	0.01023	0.00614	0.00460	0.00460	0.00153	0.00716	0.00358	0.00205	0.00716
9	0.01842	0.01357	0.01454	0.01115	0.01503	0.01503	0.00921	0.78330	0.02278	0.03054	0.01163	0.01163	0.00824	0.00582	0.00485	0.00145	0.00533	0.00436	0.00485	0.00824
10	0.00590	0.00422	0.00562	0.00675	0.00703	0.00394	0.00450	0.00675	0.00928	0.01237	0.02671	0.82653	0.03205	0.01518	0.00619	0.00197	0.00281	0.01378	0.00450	0.00394
11	0.00903	0.00452	0.00452	0.00452	0.00565	0.00452	0.00339	0.01129	0.01016	0.01807	0.01581	0.01807	0.01242	0.00565	0.00339	0.00113	0.00226	0.00452	0.85659	0.00452
12	0.01005	0.00861	0.01005	0.00718	0.01148	0.00646	0.00574	0.01220	0.01005	0.01579	0.00861	0.01005	0.00718	0.00359	0.00359	0.00072	0.00359	0.00287	0.00287	0.85932
13	0.01296	0.83261	0.02539	0.00829	0.01244	0.01917	0.00829	0.01451	0.00985	0.01140	0.00674	0.00777	0.00622	0.00415	0.00311	0.00104	0.00518	0.00259	0.00207	0.00622
14	0.01842	0.01357	0.01454	0.01115	0.01503	0.01503	0.00921	0.78330	0.02278	0.03054	0.01163	0.01163	0.00824	0.00582	0.00485	0.00145	0.00533	0.00436	0.00485	0.00824
15	0.01993	0.00858	0.01278	0.00981	0.01353	0.00755	0.08419	0.02205	0.01348	0.68005	0.01856	0.01831	0.01243	0.00622	0.00506	0.00155	0.00454	0.04797	0.00556	0.00786
16	0.01358	0.01075	0.01706	0.15206	0.50271	0.03305	0.01300	0.01628	0.01144	0.16651	0.01091	0.01292	0.00827	0.00474	0.00481	0.00147	0.00564	0.00439	0.00305	0.00736
17	0.00697	0.00467	0.00531	0.00538	0.00540	0.00465	0.00304	0.00703	0.00720	0.00959	0.01603	0.08474	0.01858	0.77535	0.02343	0.00452	0.00457	0.00750	0.00304	0.00300
18	0.00607	0.00492	0.00538	0.00526	0.00675	0.00423	0.00395	0.00761	0.01184	0.01498	0.27237	0.04352	0.57303	0.01157	0.00572	0.00160	0.00240	0.00979	0.00475	0.00423
19	0.01453	0.01476	0.01215	0.01081	0.01357	0.26923	0.00834	0.08698	0.47645	0.01842	0.01511	0.01453	0.01149	0.00600	0.00474	0.00150	0.00554	0.00463	0.00414	0.00706
20	0.01031	0.08626	0.62151	0.01554	0.11513	0.01194	0.04295	0.01523	0.01034	0.01510	0.00863	0.01035	0.00637	0.00452	0.00455	0.00149	0.00687	0.00367	0.00211	0.00713
21	0.01144	0.01307	0.02859	0.02042	0.02533	0.01225	0.78186	0.01552	0.01144	0.01552	0.00980	0.01307	0.00735	0.00408	0.00572	0.00163	0.00817	0.00572	0.00245	0.00654
22	0.00615	0.00447	0.00579	0.00642	0.00704	0.00412	0.00445	0.00741	0.01062	0.01433	0.23608	0.54793	0.10021	0.01352	0.00602	0.00182	0.00264	0.01213	0.00472	0.00412
23	0.00704	0.00527	0.00765	0.00759	0.00832	0.00611	0.00577	0.00852	0.00768	0.01102	0.01310	0.02047	0.01268	0.13953	0.68646	0.00723	0.03334	0.00541	0.00263	0.00417
24	0.01005	0.00861	0.01005	0.00718	0.01148	0.00646	0.00574	0.01220	0.01005	0.01579	0.00861	0.01005	0.00718	0.00359	0.00359	0.00072	0.00359	0.00287	0.00287	0.85932
25	0.01758	0.00771	0.01018	0.00813	0.01121	0.00696	0.00659	0.04828	0.04238	0.55153	0.21171	0.02126	0.02032	0.00698	0.00508	0.00151	0.00370	0.00584	0.00575	0.00731
26	0.01095	0.00595	0.00804	0.00752	0.00931	0.00551	0.00608	0.01302	0.01271	0.22314	0.33019	0.06508	0.04636	0.01083	0.03109	0.00191	0.00367	0.19802	0.00515	0.00547

[dist]
# distance from previous block
# <min> <max>
0	2

[block]
# block no. 1 follows, 52 sequences, length 23
# corresponding to MSA columns:
# 74-96
name=unknown_B
#
# <colnr> <probs for GDERKNQSTAVLIFYWHMCP>
#	G	D	E	R	K	N	Q	S	T	A	V	L	I	F	Y	W	H	M	C	P
0	0.34678	0.01120	0.01387	0.04640	0.31100	0.05018	0.04127	0.04480	0.06073	0.01867	0.00890	0.01067	0.00708	0.00463	0.00412	0.00148	0.00510	0.00373	0.00289	0.00651
1	0.01119	0.03874	0.47491	0.01312	0.01882	0.01062	0.11461	0.01625	0.05719	0.09348	0.01211	0.01435	0.02591	0.00529	0.00483	0.00154	0.00638	0.03721	0.00285	0.04057
2	0.00629	0.00438	0.00551	0.00625	0.00644	0.00419	0.00397	0.00685	0.00853	0.01137	0.02285	0.55827	0.02718	0.29009	0.01242	0.00289	0.00345	0.01151	0.00397	0.00360
3	0.04421	0.01014	0.01705	0.36144	0.35230	0.01095	0.06207	0.01369	0.01033	0.01458	0.00883	0.01219	0.00702	0.00449	0.00474	0.00149	0.00601	0.00426	0.00235	0.05187
4	0.04776	0.48906	0.05965	0.01335	0.16147	0.05830	0.04865	0.01528	0.01047	0.04484	0.00797	0.00936	0.00674	0.00433	0.00376	0.00121	0.00562	0.00324	0.00237	0.00656
5	0.01166	0.01180	0.01101	0.00995	0.01125	0.23652	0.00775	0.03810	0.01115	0.03110	0.15755	0.01835	0.01586	0.05681	0.14840	0.00285	0.19432	0.01729	0.00317	0.00511
6	0.00656	0.00482	0.00617	0.00619	0.00721	0.00442	0.00456	0.00843	0.01241	0.01708	0.52562	0.19971	0.13003	0.01138	0.00585	0.00165	0.00249	0.03599	0.00504	0.00438
7	0.01160	0.40516	0.40487	0.01110	0.01671	0.01514	0.01302	0.04655	0.01057	0.01411	0.00789	0.00913	0.00626	0.00444	0.00391	0.00130	0.00615	0.00315	0.00217	0.00676
8	0.00587	0.00433	0.00550	0.00644	0.00695	0.00396	0.00436	0.00678	0.00957	0.01249	0.03046	0.69580	0.16036	0.01469	0.00611	0.00191	0.00275	0.01318	0.00450	0.00396
9	0.01141	0.01200	0.05936	0.01451	0.15619	0.07234	0.03852	0.01717	0.25533	0.01553	0.01442	0.01599	0.05979	0.02342	0.02249	0.00185	0.19487	0.00503	0.00327	0.00651
10	0.00678	0.00434	0.00569	0.00626	0.00641	0.00420	0.00402	0.00673	0.00801	0.01068	0.01948	0.43059	0.02281	0.22908	0.01398	0.20072	0.00363	0.00980	0.00354	0.00325
11	0.00667	0.00495	0.00621	0.00589	0.00712	0.00449	0.00442	0.00877	0.01326	0.01835	0.66926	0.03798	0.17405	0.01031	0.00572	0.00154	0.00231	0.00901	0.00519	0.00449
12	0.01005	0.00861	0.01005	0.00718	0.01148	0.00646	0.00574	0.01220	0.01005	0.01579	0.00861	0.01005	0.00718	0.00359	0.00359	0.00072	0.00359	0.00287	0.00287	0.85932
13	0.00704	0.00474	0.00552	0.00552	0.00560	0.00482	0.00322	0.00720	0.00712	0.00957	0.01506	0.03054	0.01711	0.75639	0.09727	0.00498	0.00546	0.00688	0.00290	0.00306
14	0.86392	0.00937	0.00712	0.00637	0.00937	0.01087	0.00525	0.01425	0.00825	0.02174	0.00675	0.00787	0.00525	0.00450	0.00300	0.00150	0.00375	0.00262	0.00300	0.00525
15	0.01199	0.01151	0.01967	0.02974	0.79946	0.01151	0.01487	0.01487	0.01103	0.01583	0.00912	0.01199	0.00768	0.00432	0.00480	0.00144	0.00576	0.00432	0.00240	0.00768
16	0.01877	0.01302	0.01420	0.01089	0.01475	0.01421	0.00899	0.70422	0.02186	0.11093	0.01241	0.01214	0.00863	0.00584	0.00485	0.00146	0.00521	0.00442	0.00497	0.00824
17	0.01395	0.01341	0.03087	0.01325	0.01659	0.09516	0.18988	0.21018	0.25411	0.02001	0.01276	0.01354	0.00964	0.00577	0.00599	0.00159	0.07752	0.00487	0.00378	0.00712
18	0.00709	0.00491	0.00662	0.00662	0.00706	0.00534	0.00461	0.00780	0.00736	0.01025	0.01358	0.02401	0.01413	0.36712	0.41963	0.07286	0.00883	0.00589	0.00270	0.00357
19	0.01133	0.01048	0.04360	0.08641	0.04329	0.04325	0.04365	0.10980	0.27815	0.01790	0.07853	0.02042	0.03398	0.10825	0.00772	0.00198	0.02286	0.02816	0.00394	0.00630
20	0.01193	0.01030	0.01090	0.00969	0.01253	0.01170	0.00755	0.02489	0.74117	0.01999	0.01902	0.01757	0.01431	0.00639	0.00485	0.00158	0.00382	0.00531	0.00480	0.06171
21	0.01106	0.01231	0.02631	0.05641	0.05124	0.01169	0.67367	0.01490	0.01125	0.01524	0.01072	0.04594	0.00872	0.00476	0.00569	0.00165	0.00772	0.02179	0.00256	0.00638
22	0.86392	0.00937	0.00712	0.00637	0.00937	0.01087	0.00525	0.01425	0.00825	0.02174	0.00675	0.00787	0.00525	0.00450	0.00300	0.00150	0.00375	0.00262	0.00300	0.00525

[dist]
# distance from previous block
# <min> <max>
0	33

[block]
# block no. 2 follows, 52 sequences, length 52
# corresponding to MSA columns:
# 130-181
name=unknown_C
#
# <colnr> <probs for GDERKNQSTAVLIFYWHMCP>
#	G	D	E	R	K	N	Q	S	T	A	V	L	I	F	Y	W	H	M	C	P
0	0.01892	0.05936	0.01436	0.01037	0.01423	0.01334	0.00865	0.55374	0.01987	0.21788	0.01318	0.01260	0.00904	0.00577	0.00475	0.00144	0.00503	0.00439	0.00497	0.00813
1	0.01108	0.36487	0.47671	0.01149	0.01738	0.01459	0.01386	0.01500	0.01007	0.01369	0.00787	0.00920	0.00617	0.00441	0.00398	0.00133	0.00633	0.00316	0.00206	0.00677
2	0.00824	0.00648	0.00764	0.00708	0.00870	0.00664	0.00539	0.01366	0.23115	0.01928	0.53339	0.03177	0.08318	0.00912	0.00550	0.00156	0.00273	0.00793	0.00517	0.00541
3	0.00921	0.00787	0.00931	0.00881	0.01072	0.02744	0.04618	0.02713	0.28618	0.01610	0.02658	0.15271	0.16986	0.02377	0.00597	0.00184	0.00392	0.15630	0.00447	0.00561
4	0.00705	0.00470	0.00529	0.00529	0.00529	0.00470	0.00294	0.00705	0.00705	0.00940	0.01527	0.03171	0.01762	0.82969	0.02467	0.00470	0.00470	0.00705	0.00294	0.00294
5	0.01223	0.05041	0.18136	0.01127	0.03005	0.07917	0.01019	0.03752	0.49441	0.01825	0.01541	0.01493	0.01159	0.00586	0.00473	0.00155	0.00508	0.00471	0.00394	0.00734
6	0.00903	0.00452	0.00452	0.00452	0.00565	0.00452	0.00339	0.01129	0.01016	0.01807	0.01581	0.01807	0.01242	0.00565	0.00339	0.00113	0.00226	0.00452	0.85659	0.00452
7	0.01065	0.01074	0.01563	0.01317	0.01345	0.01469	0.05495	0.01188	0.00765	0.01188	0.00656	0.01074	0.00642	0.00823	0.01532	0.00209	0.77410	0.00433	0.00214	0.00537
8	0.01060	0.01060	0.01484	0.01272	0.01272	0.01484	0.01060	0.01166	0.00742	0.01166	0.00636	0.01060	0.00636	0.00848	0.01590	0.00212	0.82082	0.00424	0.00212	0.00530
9	0.86392	0.00937	0.00712	0.00637	0.00937	0.01087	0.00525	0.01425	0.00825	0.02174	0.00675	0.00787	0.00525	0.00450	0.00300	0.00150	0.00375	0.00262	0.00300	0.00525
10	0.00995	0.01334	0.23854	0.00909	0.01421	0.00784	0.00924	0.01311	0.01010	0.01566	0.00864	0.01010	0.00688	0.00388	0.00388	0.00095	0.00462	0.00308	0.00263	0.61426
11	0.01765	0.06916	0.04209	0.01215	0.01495	0.70724	0.00952	0.01909	0.01339	0.04096	0.00792	0.00902	0.00645	0.00497	0.00432	0.00126	0.00831	0.00317	0.00259	0.00580
12	0.00972	0.02507	0.80458	0.01381	0.02097	0.01125	0.01790	0.01535	0.01023	0.01535	0.00870	0.01023	0.00614	0.00460	0.00460	0.00153	0.00716	0.00358	0.00205	0.00716
13	0.00903	0.00452	0.00452	0.00452	0.00565	0.00452	0.00339	0.01129	0.01016	0.01807	0.01581	0.01807	0.01242	0.00565	0.00339	0.00113	0.00226	0.00452	0.85659	0.00452
14	0.00693	0.00518	0.00772	0.00772	0.00856	0.00602	0.00597	0.00861	0.00777	0.01120	0.01304	0.01938	0.01227	0.05805	0.78899	0.00770	0.01275	0.00524	0.00261	0.00429
15	0.86392	0.00937	0.00712	0.00637	0.00937	0.01087	0.00525	0.01425	0.00825	0.02174	0.00675	0.00787	0.00525	0.00450	0.00300	0.00150	0.00375	0.00262	0.00300	0.00525
16	0.01810	0.02310	0.01373	0.01248	0.01498	0.81024	0.00936	0.01935	0.01373	0.01186	0.00749	0.00874	0.00624	0.00499	0.00437	0.00125	0.00874	0.00312	0.00250	0.00562
17	0.01186	0.01138	0.01943	0.06616	0.76407	0.01148	0.01481	0.01476	0.01097	0.01567	0.00909	0.01204	0.00762	0.00434	0.00480	0.00145	0.00579	0.00432	0.00239	0.00757
18	0.00672	0.00495	0.00629	0.00595	0.00715	0.00451	0.00446	0.00888	0.01339	0.01866	0.70527	0.03748	0.13785	0.01020	0.00572	0.00154	0.00231	0.00894	0.00523	0.00451
19	0.01065	0.01075	0.01565	0.01318	0.01347	0.01469	0.05603	0.01189	0.00766	0.01189	0.00656	0.01075	0.00642	0.00822	0.01530	0.00209	0.77295	0.00433	0.00214	0.00537
20	0.02164	0.00867	0.01132	0.00873	0.01244	0.02999	0.00719	0.02350	0.01387	0.78030	0.01879	0.01627	0.01183	0.00597	0.00486	0.00149	0.00425	0.00482	0.00590	0.00817
21	0.00903	0.00452	0.00452	0.00452	0.00565	0.00452	0.00339	0.01129	0.01016	0.01807	0.01581	0.01807	0.01242	0.00565	0.00339	0.00113	0.00226	0.00452	0.85659	0.00452
22	0.02174	0.00825	0.01125	0.00862	0.01237	0.00712	0.00712	0.02362	0.01387	0.80282	0.01912	0.01649	0.01200	0.00600	0.00487	0.00150	0.00412	0.00487	0.00600	0.00825
23	0.00574	0.00487	0.00495	0.00502	0.00658	0.00408	0.00373	0.00694	0.01093	0.01305	0.04769	0.09563	0.74941	0.01246	0.00576	0.00166	0.00248	0.01045	0.00450	0.00408
24	0.01216	0.05098	0.42672	0.01465	0.02040	0.06007	0.20643	0.07126	0.01186	0.06559	0.00969	0.01125	0.00697	0.00466	0.00485	0.00152	0.00711	0.00419	0.00262	0.00702
25	0.01107	0.01139	0.01477	0.01271	0.01286	0.06481	0.01052	0.01215	0.00782	0.01167	0.00643	0.01049	0.00635	0.00826	0.01518	0.00207	0.76980	0.00417	0.00214	0.00532
26	0.00573	0.00491	0.00491	0.00491	0.00655	0.00409	0.00368	0.00695	0.01105	0.01309	0.04909	0.04664	0.79750	0.01227	0.00573	0.00164	0.00245	0.01023	0.00450	0.00409
27	0.01129	0.01414	0.09759	0.01984	0.02494	0.01217	0.71394	0.01551	0.01133	0.01551	0.00971	0.01282	0.00724	0.00413	0.00562	0.00163	0.00808	0.00553	0.00241	0.00659
28	0.30501	0.00823	0.00907	0.00753	0.01055	0.00827	0.00611	0.01825	0.05660	0.36768	0.13878	0.01679	0.01523	0.00614	0.00437	0.00151	0.00369	0.00476	0.00481	0.00661
29	0.01715	0.17581	0.01602	0.01157	0.01450	0.59066	0.00915	0.08523	0.01379	0.01341	0.00771	0.00881	0.00641	0.00490	0.00417	0.00123	0.00777	0.00313	0.00262	0.00596
30	0.01842	0.01357	0.01454	0.01115	0.01503	0.01503	0.00921	0.78330	0.02278	0.03054	0.01163	0.01163	0.00824	0.00582	0.00485	0.00145	0.00533	0.00436	0.00485	0.00824
31	0.00759	0.00614	0.00771	0.00764	0.00845	0.05206	0.00572	0.00900	0.00801	0.01097	0.01305	0.02058	0.01270	0.16804	0.63191	0.00689	0.01134	0.00539	0.00265	0.00417
32	0.01134	0.01381	0.07847	0.02019	0.04131	0.01217	0.71646	0.01550	0.01135	0.01552	0.00972	0.01287	0.00728	0.00412	0.00563	0.00162	0.00805	0.00555	0.00242	0.00660
33	0.00965	0.03820	0.01062	0.00814	0.01107	0.00777	0.05268	0.01374	0.14507	0.03586	0.17781	0.02200	0.12313	0.00681	0.00502	0.00129	0.02564	0.00577	0.00395	0.29579
34	0.01223	0.05742	0.50265	0.01388	0.04755	0.20717	0.03361	0.03006	0.02498	0.01470	0.00861	0.01006	0.00644	0.00471	0.00453	0.00144	0.00735	0.00355	0.00228	0.00678
35	0.00911	0.00826	0.00867	0.03406	0.00989	0.10104	0.00624	0.05421	0.01002	0.01264	0.01993	0.03979	0.17394	0.17401	0.21206	0.00378	0.08749	0.02716	0.00319	0.00451
36	0.01354	0.01115	0.01179	0.01016	0.01317	0.01275	0.00803	0.20239	0.61165	0.02267	0.01784	0.01658	0.01327	0.00640	0.00491	0.00160	0.00418	0.00522	0.00491	0.00780
37	0.00984	0.00932	0.01578	0.62700	0.21904	0.01095	0.01380	0.01299	0.01002	0.01322	0.00873	0.01270	0.00675	0.00472	0.00483	0.00157	0.00629	0.00431	0.00221	0.00594
38	0.00972	0.02507	0.80458	0.01381	0.02097	0.01125	0.01790	0.01535	0.01023	0.01535	0.00870	0.01023	0.00614	0.00460	0.00460	0.00153	0.00716	0.00358	0.00205	0.00716
39	0.01650	0.18167	0.01593	0.01019	0.01386	0.05064	0.00861	0.44022	0.10253	0.07287	0.03228	0.01236	0.00966	0.00564	0.00450	0.00138	0.00514	0.00421	0.00426	0.00755
40	0.00662	0.00476	0.00614	0.00700	0.00749	0.00457	0.00477	0.05140	0.01005	0.01342	0.02584	0.77968	0.03068	0.01464	0.00611	0.00194	0.00296	0.01324	0.00452	0.00418
41	0.01083	0.00935	0.00979	0.00890	0.01143	0.01051	0.00690	0.02211	0.63982	0.01888	0.02541	0.02361	0.16627	0.00768	0.00509	0.00164	0.00357	0.00640	0.00485	0.00698
42	0.00612	0.00444	0.00579	0.00663	0.00718	0.00412	0.00462	0.00726	0.01011	0.01347	0.13026	0.61877	0.09495	0.01416	0.00611	0.00190	0.00280	0.05266	0.00461	0.00406
43	0.01232	0.46714	0.30004	0.01062	0.01571	0.07465	0.01180	0.03386	0.01058	0.01330	0.00761	0.00881	0.00624	0.00441	0.00377	0.00124	0.00615	0.00302	0.00216	0.00656
44	0.00699	0.00494	0.00653	0.00653	0.00697	0.00538	0.00449	0.00785	0.00742	0.01032	0.01413	0.02539	0.01487	0.43379	0.41681	0.00624	0.00883	0.00612	0.00277	0.00363
45	0.00612	0.00492	0.00546	0.00532	0.00679	0.00426	0.00399	0.00772	0.01198	0.01531	0.31057	0.04299	0.53463	0.01145	0.00572	0.00160	0.00240	0.00972	0.00479	0.00426
46	0.01767	0.02219	0.01353	0.01230	0.01481	0.75293	0.00924	0.01981	0.06952	0.01246	0.00837	0.00941	0.00686	0.00511	0.00441	0.00128	0.00839	0.00329	0.00267	0.00577
47	0.00903	0.00452	0.00452	0.00452	0.00565	0.00452	0.00339	0.01129	0.01016	0.01807	0.01581	0.01807	0.01242	0.00565	0.00339	0.00113	0.00226	0.00452	0.85659	0.00452
48	0.00632	0.00451	0.00610	0.00722	0.00768	0.00429	0.00522	0.00746	0.00969	0.01283	0.02648	0.65854	0.03115	0.01479	0.00630	0.00203	0.00317	0.17768	0.00449	0.00405
49	0.00781	0.00558	0.00781	0.00892	0.01004	0.00558	0.00781	0.01004	0.01116	0.01450	0.02566	0.05466	0.02789	0.01339	0.00669	0.00223	0.00446	0.76685	0.00446	0.00446
50	0.01236	0.01302	0.10901	0.07672	0.40162	0.02508	0.02889	0.08383	0.03380	0.04475	0.00954	0.01194	0.00762	0.00521	0.00628	0.00156	0.11459	0.00429	0.00273	0.00716
51	0.10087	0.00869	0.01155	0.26914	0.01851	0.03406	0.00883	0.01772	0.01178	0.38503	0.03620	0.02992	0.03493	0.00591	0.00473	0.00154	0.00486	0.00484	0.00426	0.00664

[dist]
# distance from previous block
# <min> <max>
0	2

[block]
# block no. 3 follows, 52 sequences, length 8
# corresponding to MSA columns:
# 184-191
name=unknown_D
#
# <colnr> <probs for GDERKNQSTAVLIFYWHMCP>
#	G	D	E	R	K	N	Q	S	T	A	V	L	I	F	Y	W	H	M	C	P
0	0.12522	0.09560	0.01918	0.01388	0.01743	0.27419	0.30139	0.01611	0.01176	0.01498	0.05835	0.01192	0.00904	0.00481	0.00466	0.00142	0.00711	0.00435	0.00268	0.00591
1	0.00674	0.00462	0.00562	0.00591	0.00607	0.00463	0.00365	0.00713	0.00770	0.01035	0.01803	0.23806	0.02085	0.53929	0.09678	0.00429	0.00502	0.00862	0.00331	0.00333
2	0.01103	0.05971	0.01615	0.12429	0.39040	0.01020	0.01126	0.01364	0.01046	0.01510	0.00874	0.01122	0.00726	0.00413	0.00430	0.00120	0.00510	0.00373	0.00250	0.28955
3	0.01328	0.70998	0.06870	0.00887	0.01317	0.01834	0.00892	0.08655	0.01108	0.01342	0.00731	0.00827	0.00640	0.00433	0.00336	0.00110	0.00531	0.00281	0.00233	0.00646
4	0.33650	0.01369	0.01345	0.01102	0.01411	0.23328	0.15765	0.05374	0.01166	0.01799	0.08516	0.01209	0.01005	0.00515	0.00427	0.00146	0.00593	0.00405	0.00307	0.00568
5	0.01085	0.00883	0.08377	0.00806	0.01122	0.00664	0.03099	0.03724	0.01257	0.14814	0.30916	0.02294	0.06181	0.00698	0.00491	0.00133	0.00366	0.00599	0.00437	0.22053
6	0.00697	0.00500	0.00684	0.00684	0.00738	0.00554	0.00487	0.00804	0.00751	0.01055	0.01385	0.02384	0.01420	0.33722	0.51246	0.00662	0.00984	0.00590	0.00273	0.00380
7	0.01232	0.00854	0.01028	0.00746	0.01166	0.00659	0.00601	0.01442	0.01079	0.16895	0.01066	0.01130	0.00812	0.00406	0.00384	0.00087	0.00369	0.00326	0.00348	0.69370

[dist]
# distance from previous block
# <min> <max>
0	2

[block]
# block no. 4 follows, 52 sequences, length 10
# corresponding to MSA columns:
# 194-203
name=unknown_E
#
# <colnr> <probs for GDERKNQSTAVLIFYWHMCP>
#	G	D	E	R	K	N	Q	S	T	A	V	L	I	F	Y	W	H	M	C	P
0	0.49348	0.00909	0.00859	0.00749	0.01043	0.01000	0.00603	0.03978	0.12863	0.16758	0.01254	0.06687	0.00987	0.00586	0.00391	0.00155	0.00381	0.00429	0.00401	0.00618
1	0.01207	0.01179	0.08799	0.19382	0.26668	0.01071	0.18533	0.01540	0.01121	0.11212	0.03799	0.01369	0.00907	0.00481	0.00504	0.00154	0.00625	0.00479	0.00287	0.00684
2	0.01150	0.01005	0.01389	0.40878	0.14962	0.08015	0.01141	0.04993	0.01153	0.07901	0.06516	0.03931	0.03753	0.00581	0.00493	0.00154	0.00577	0.00504	0.00303	0.00600
3	0.00903	0.00452	0.00452	0.00452	0.00565	0.00452	0.00339	0.01129	0.01016	0.01807	0.01581	0.01807	0.01242	0.00565	0.00339	0.00113	0.00226	0.00452	0.85659	0.00452
4	0.02145	0.00871	0.01154	0.00884	0.01260	0.00782	0.00731	0.09034	0.01465	0.73499	0.01846	0.01607	0.01167	0.00598	0.00487	0.00150	0.00423	0.00483	0.00590	0.00825
5	0.01212	0.21371	0.13973	0.21010	0.05214	0.01323	0.02687	0.06198	0.14738	0.06102	0.01094	0.01224	0.00830	0.00503	0.00442	0.00144	0.00560	0.00404	0.00300	0.00672
6	0.01078	0.16573	0.46304	0.01519	0.07328	0.01288	0.16295	0.01520	0.01045	0.01471	0.00859	0.01046	0.00649	0.00440	0.00457	0.00146	0.00691	0.00387	0.00215	0.00691
7	0.01236	0.01180	0.01004	0.00897	0.01100	0.23376	0.00680	0.09261	0.12753	0.03880	0.31163	0.02254	0.02363	0.05971	0.00632	0.00166	0.00484	0.00604	0.00429	0.00568
8	0.04632	0.05113	0.06827	0.01781	0.22376	0.05574	0.12609	0.01391	0.00980	0.01410	0.00865	0.01281	0.00768	0.00613	0.00859	0.00171	0.28286	0.03600	0.00239	0.00626
9	0.00617	0.00493	0.00553	0.00538	0.00682	0.00428	0.00403	0.00782	0.01210	0.01559	0.34333	0.04253	0.50170	0.01134	0.00572	0.00159	0.00239	0.00965	0.00483	0.00428

[dist]
# distance from previous block
# <min> <max>
0	1

[block]
# block no. 5 follows, 52 sequences, length 65
# corresponding to MSA columns:
# 205-269
name=unknown_F
#
# <colnr> <probs for GDERKNQSTAVLIFYWHMCP>
#	G	D	E	R	K	N	Q	S	T	A	V	L	I	F	Y	W	H	M	C	P
0	0.01560	0.01688	0.01670	0.01446	0.06586	0.38640	0.17668	0.08095	0.06116	0.06324	0.03257	0.01266	0.02410	0.00526	0.00486	0.00142	0.00727	0.00441	0.00315	0.00639
1	0.00868	0.00440	0.00635	0.00626	0.00638	0.00437	0.00414	0.00698	0.00665	0.03471	0.00963	0.01692	0.00969	0.11862	0.01920	0.72340	0.00427	0.00459	0.00234	0.00241
2	0.01031	0.10040	0.60119	0.01438	0.02088	0.01218	0.14377	0.01530	0.01039	0.01500	0.00869	0.01047	0.00635	0.00447	0.00465	0.00150	0.00714	0.00384	0.00212	0.00697
3	0.01816	0.01823	0.01346	0.01160	0.01455	0.49827	0.02264	0.11650	0.07625	0.14761	0.01097	0.01122	0.00815	0.00537	0.00458	0.00135	0.00714	0.00380	0.00357	0.00657
4	0.00573	0.00491	0.00491	0.00491	0.00655	0.00409	0.00368	0.00695	0.01105	0.01309	0.04909	0.04664	0.79750	0.01227	0.00573	0.00164	0.00245	0.01023	0.00450	0.00409
5	0.01104	0.01436	0.20641	0.01978	0.25569	0.01083	0.24402	0.01498	0.02229	0.03684	0.02265	0.01698	0.01012	0.00544	0.00525	0.00161	0.00655	0.08560	0.00273	0.00684
6	0.04304	0.10056	0.07849	0.05939	0.04379	0.01260	0.22412	0.04893	0.24798	0.03831	0.01275	0.01436	0.00982	0.00535	0.00513	0.00156	0.02410	0.01950	0.00336	0.00687
7	0.00903	0.00452	0.00452	0.00452	0.00565	0.00452	0.00339	0.01129	0.01016	0.01807	0.01581	0.01807	0.01242	0.00565	0.00339	0.00113	0.00226	0.00452	0.85659	0.00452
8	0.02165	0.00839	0.01134	0.00869	0.01244	0.00734	0.00718	0.04435	0.01411	0.78174	0.01891	0.01636	0.01189	0.00599	0.00487	0.00150	0.00416	0.00486	0.00597	0.00825
9	0.01810	0.02310	0.01373	0.01248	0.01498	0.81024	0.00936	0.01935	0.01373	0.01186	0.00749	0.00874	0.00624	0.00499	0.00437	0.00125	0.00874	0.00312	0.00250	0.00562
10	0.01684	0.03549	0.04022	0.01093	0.01472	0.01448	0.00920	0.60124	0.15990	0.02768	0.01286	0.01264	0.00929	0.00587	0.00481	0.00148	0.00512	0.00449	0.00470	0.00805
11	0.01225	0.01083	0.01105	0.00995	0.01268	0.03835	0.00773	0.02554	0.76511	0.01999	0.01932	0.01777	0.01451	0.00652	0.00491	0.00163	0.00400	0.00540	0.00485	0.00760
12	0.01021	0.12659	0.66895	0.01343	0.02010	0.01230	0.05324	0.01525	0.01024	0.01486	0.00850	0.01006	0.00621	0.00452	0.00447	0.00148	0.00696	0.00356	0.00207	0.00701
13	0.86392	0.00937	0.00712	0.00637	0.00937	0.01087	0.00525	0.01425	0.00825	0.02174	0.00675	0.00787	0.00525	0.00450	0.00300	0.00150	0.00375	0.00262	0.00300	0.00525
14	0.01790	0.01412	0.04776	0.01126	0.01521	0.02963	0.00956	0.72547	0.02192	0.02932	0.01163	0.01214	0.00840	0.00586	0.00486	0.00147	0.00546	0.01528	0.00468	0.00809
15	0.01043	0.03273	0.01701	0.06534	0.15955	0.05754	0.22202	0.01378	0.06044	0.01521	0.10857	0.02032	0.12915	0.00657	0.00596	0.00158	0.05855	0.00605	0.00319	0.00601
16	0.00602	0.00432	0.00581	0.00678	0.00714	0.00411	0.00460	0.00700	0.00944	0.01270	0.06956	0.73095	0.03158	0.01621	0.05667	0.00231	0.00342	0.01295	0.00443	0.00400
17	0.00590	0.00422	0.00562	0.00675	0.00703	0.00394	0.00450	0.00675	0.00928	0.01237	0.02671	0.82653	0.03205	0.01518	0.00619	0.00197	0.00281	0.01378	0.00450	0.00394
18	0.01041	0.01187	0.11626	0.23784	0.33973	0.01065	0.07646	0.01375	0.01062	0.01466	0.01090	0.01706	0.00947	0.00553	0.00508	0.00161	0.00617	0.09287	0.00253	0.00653
19	0.01222	0.01324	0.08539	0.06933	0.44407	0.04964	0.18991	0.01550	0.01123	0.04854	0.00955	0.01218	0.00752	0.00442	0.00498	0.00150	0.00654	0.00454	0.00252	0.00717
20	0.01351	0.00909	0.01287	0.01078	0.01278	0.04303	0.08616	0.01530	0.01059	0.25840	0.01438	0.02026	0.01218	0.05740	0.09723	0.00262	0.21299	0.10063	0.00377	0.00601
21	0.86392	0.00937	0.00712	0.00637	0.00937	0.01087	0.00525	0.01425	0.00825	0.02174	0.00675	0.00787	0.00525	0.00450	0.00300	0.00150	0.00375	0.00262	0.00300	0.00525
22	0.01098	0.28840	0.45905	0.01277	0.01868	0.01397	0.10345	0.01509	0.01025	0.01407	0.00818	0.00976	0.00631	0.00439	0.00424	0.00138	0.00663	0.00350	0.00210	0.00678
23	0.01219	0.00957	0.06963	0.01029	0.06125	0.00884	0.00810	0.02932	0.29225	0.16596	0.09884	0.08583	0.05019	0.00795	0.00524	0.00165	0.00404	0.06743	0.00471	0.00674
24	0.01205	0.01041	0.01096	0.00986	0.01260	0.01205	0.00767	0.02575	0.79071	0.02027	0.01972	0.01808	0.01479	0.00657	0.00493	0.00164	0.00384	0.00548	0.00493	0.00767
25	0.01293	0.01473	0.01423	0.01269	0.03527	0.36392	0.15076	0.01482	0.01184	0.01295	0.01362	0.06391	0.02908	0.06361	0.03614	0.00201	0.00728	0.13193	0.00300	0.00530
26	0.01221	0.01048	0.01656	0.25093	0.36444	0.04282	0.04222	0.01497	0.01099	0.10174	0.01090	0.01505	0.00885	0.00530	0.00525	0.00156	0.02850	0.04766	0.00284	0.00671
27	0.00621	0.00436	0.00558	0.00643	0.00666	0.00415	0.00418	0.00688	0.00877	0.01169	0.02392	0.62085	0.02849	0.21211	0.01066	0.00263	0.00330	0.02531	0.00412	0.00370
28	0.01116	0.01274	0.07310	0.02152	0.23424	0.01140	0.45658	0.01485	0.01123	0.01551	0.01095	0.01629	0.00919	0.00501	0.00548	0.00163	0.00712	0.07272	0.00259	0.00670
29	0.01393	0.06415	0.22414	0.01316	0.07751	0.29777	0.01151	0.10855	0.01300	0.01561	0.00970	0.05198	0.00824	0.00545	0.00453	0.00137	0.00682	0.01488	0.00278	0.05489
30	0.05852	0.00866	0.00988	0.00713	0.01136	0.00671	0.00571	0.01232	0.00995	0.01613	0.00851	0.00993	0.00707	0.00364	0.00356	0.00076	0.00360	0.00286	0.00288	0.81084
31	0.00589	0.00426	0.00558	0.00664	0.00700	0.00394	0.00445	0.00676	0.00938	0.01241	0.02797	0.78277	0.07500	0.01502	0.00616	0.00195	0.00279	0.01358	0.00450	0.00394
32	0.01308	0.01045	0.01405	0.04220	0.28582	0.01108	0.01017	0.09361	0.29065	0.09610	0.01687	0.01699	0.06511	0.00600	0.00492	0.00154	0.00466	0.00520	0.00403	0.00746
33	0.04310	0.01386	0.01388	0.01088	0.01446	0.07847	0.00885	0.66763	0.02099	0.02792	0.01130	0.01210	0.00837	0.03895	0.00555	0.00157	0.00553	0.00432	0.00453	0.00773
34	0.00686	0.00495	0.00648	0.00610	0.00724	0.00457	0.00457	0.00914	0.01372	0.01943	0.79691	0.03620	0.04572	0.00991	0.00572	0.00152	0.00229	0.00876	0.00533	0.00457
35	0.01005	0.00861	0.01005	0.00718	0.01148	0.00646	0.00574	0.01220	0.01005	0.01579	0.00861	0.01005	0.00718	0.00359	0.00359	0.00072	0.00359	0.00287	0.00287	0.85932
36	0.01212	0.01036	0.01095	0.00980	0.01253	0.01194	0.00764	0.05028	0.74385	0.02059	0.04099	0.01837	0.01543	0.00664	0.00495	0.00163	0.00384	0.00553	0.00494	0.00760
37	0.00635	0.00493	0.00577	0.00556	0.00693	0.00436	0.00417	0.00816	0.01252	0.01658	0.46100	0.04089	0.38341	0.01097	0.00572	0.00157	0.00236	0.00942	0.00496	0.00436
38	0.01214	0.04011	0.00924	0.00781	0.00989	0.00712	0.00603	0.01596	0.15407	0.24568	0.17740	0.23948	0.02449	0.00972	0.01640	0.00173	0.00351	0.00809	0.00506	0.00610
39	0.00696	0.00473	0.00535	0.00532	0.00549	0.00465	0.00309	0.00719	0.00773	0.01029	0.07059	0.03288	0.06428	0.72681	0.02228	0.00431	0.00440	0.00735	0.00319	0.00311
40	0.01307	0.01414	0.01680	0.20681	0.39971	0.23830	0.01298	0.01557	0.01149	0.01391	0.00854	0.01128	0.00699	0.00463	0.00469	0.00143	0.00677	0.00398	0.00237	0.00656
41	0.01112	0.04044	0.34574	0.01697	0.02266	0.05377	0.40768	0.01562	0.01102	0.01515	0.00915	0.01154	0.00677	0.00435	0.00512	0.00156	0.00771	0.00462	0.00228	0.00674
42	0.01230	0.01207	0.02051	0.01636	0.06368	0.01251	0.38431	0.09134	0.26369	0.01834	0.01300	0.01439	0.00982	0.00524	0.00574	0.00163	0.03915	0.00537	0.00346	0.00708
43	0.00697	0.00499	0.00677	0.00677	0.00728	0.00550	0.00479	0.00800	0.00749	0.01049	0.01391	0.02420	0.01436	0.35944	0.49045	0.00653	0.00961	0.00595	0.00273	0.00376
44	0.01285	0.75869	0.07890	0.00877	0.01308	0.03641	0.00898	0.01468	0.00996	0.01168	0.00689	0.00796	0.00621	0.00420	0.00324	0.00108	0.00540	0.00267	0.00208	0.00627
45	0.06303	0.12161	0.07652	0.03651	0.23676	0.01092	0.01018	0.07140	0.01205	0.17413	0.03486	0.01447	0.05395	0.00535	0.00448	0.00138	0.00492	0.00441	0.00348	0.05961
46	0.01201	0.15191	0.22273	0.03614	0.30711	0.04467	0.08933	0.05267	0.01132	0.01543	0.00873	0.01082	0.00695	0.00445	0.00454	0.00141	0.00637	0.00393	0.00238	0.00709
47	0.00813	0.00741	0.08742	0.00726	0.00916	0.00571	0.00616	0.03329	0.03332	0.06151	0.36778	0.20388	0.12936	0.01038	0.00561	0.00164	0.00315	0.00907	0.00473	0.00504
48	0.01495	0.01806	0.02080	0.01621	0.01989	0.40830	0.37555	0.04028	0.01291	0.01415	0.00871	0.01088	0.00683	0.00459	0.00502	0.00144	0.00837	0.00439	0.00255	0.00613
49	0.01192	0.19501	0.16347	0.06280	0.27306	0.05516	0.02735	0.01507	0.02585	0.04284	0.00984	0.01300	0.00825	0.00617	0.03698	0.00167	0.00627	0.03601	0.00253	0.00675
50	0.03478	0.00813	0.01370	0.28884	0.03940	0.00868	0.14600	0.03961	0.01049	0.04585	0.01561	0.29584	0.01580	0.00836	0.00541	0.00172	0.00526	0.00783	0.00331	0.00536
51	0.02063	0.00951	0.01197	0.00920	0.01293	0.00904	0.00759	0.21226	0.01608	0.59563	0.03229	0.01567	0.01171	0.00603	0.00488	0.00149	0.00439	0.00482	0.00570	0.00817
52	0.00861	0.00829	0.01570	0.01242	0.01501	0.00774	0.33494	0.01131	0.01157	0.01572	0.22132	0.18393	0.06831	0.00882	0.00587	0.00171	0.00503	0.05460	0.00384	0.00525
53	0.01378	0.07208	0.01222	0.03039	0.02426	0.07995	0.00760	0.22706	0.12052	0.09862	0.23944	0.01958	0.01994	0.00687	0.00494	0.00146	0.00445	0.00559	0.00460	0.00664
54	0.01682	0.23608	0.01706	0.01100	0.01432	0.37882	0.00904	0.23009	0.01521	0.01692	0.00844	0.00929	0.00679	0.00500	0.00417	0.00125	0.00685	0.00332	0.00304	0.00651
55	0.00693	0.00465	0.00532	0.00543	0.00546	0.00462	0.00309	0.00702	0.00727	0.00970	0.01643	0.11236	0.01908	0.74704	0.02279	0.00442	0.00451	0.00773	0.00309	0.00304
56	0.05747	0.00717	0.00956	0.24342	0.01587	0.00770	0.00763	0.08357	0.01207	0.03572	0.21552	0.13732	0.10483	0.00845	0.00521	0.00159	0.00405	0.00729	0.00396	0.03160
57	0.37604	0.01156	0.04328	0.00956	0.01241	0.06026	0.03196	0.11204	0.01117	0.12270	0.00914	0.01030	0.00688	0.00562	0.00611	0.00160	0.15623	0.00360	0.00338	0.00617
58	0.01596	0.00835	0.01029	0.00856	0.01152	0.00824	0.00684	0.02169	0.26286	0.41084	0.15944	0.02055	0.01897	0.00689	0.00504	0.00155	0.00370	0.00577	0.00554	0.00740
59	0.00657	0.00488	0.00603	0.00651	0.00737	0.00456	0.00462	0.03858	0.01091	0.01439	0.14869	0.49405	0.18792	0.01336	0.00598	0.00182	0.00280	0.03206	0.00464	0.00425
60	0.00903	0.00452	0.00452	0.00452	0.00565	0.00452	0.00339	0.01129	0.01016	0.01807	0.01581	0.01807	0.01242	0.00565	0.00339	0.00113	0.00226	0.00452	0.85659	0.00452
61	0.01218	0.01200	0.02041	0.03756	0.54850	0.03631	0.16153	0.05503	0.01173	0.01626	0.00988	0.03808	0.00836	0.00473	0.00501	0.00149	0.00621	0.00485	0.00260	0.00727
62	0.01188	0.01302	0.01094	0.01099	0.05618	0.34193	0.00794	0.01347	0.01045	0.01176	0.01047	0.01434	0.00941	0.02144	0.42838	0.00470	0.01080	0.00428	0.00254	0.00506
63	0.00670	0.00473	0.00594	0.00620	0.00712	0.00430	0.00441	0.00811	0.01120	0.03836	0.29269	0.36721	0.17777	0.03436	0.00640	0.00181	0.00266	0.01097	0.00479	0.00428
64	0.01566	0.01246	0.01280	0.00988	0.01367	0.07599	0.00801	0.44256	0.03160	0.04729	0.03181	0.01186	0.00901	0.00524	0.00447	0.00123	0.00496	0.00399	0.00414	0.25339

[dist]
# distance from previous block
# <min> <max>
0	1

[block]
# block no. 6 follows, 52 sequences, length 13
# corresponding to MSA columns:
# 271,275-286
name=unknown_G
#
# <colnr> <probs for GDERKNQSTAVLIFYWHMCP>
#	G	D	E	R	K	N	Q	S	T	A	V	L	I	F	Y	W	H	M	C	P
0	0.01005	0.00861	0.01005	0.00718	0.01148	0.00646	0.00574	0.01220	0.01005	0.01579	0.00861	0.01005	0.00718	0.00359	0.00359	0.00072	0.00359	0.00287	0.00287	0.85932
1	0.01184	0.01119	0.02248	0.01695	0.03857	0.01053	0.53407	0.01565	0.04130	0.09927	0.01474	0.05075	0.04829	0.00582	0.00566	0.00167	0.00679	0.05477	0.00323	0.00643
2	0.01005	0.00861	0.01005	0.00718	0.01148	0.00646	0.00574	0.01220	0.01005	0.01579	0.00861	0.01005	0.00718	0.00359	0.00359	0.00072	0.00359	0.00287	0.00287	0.85932
3	0.00986	0.00804	0.03001	0.23782	0.17333	0.00805	0.00970	0.01243	0.01154	0.08673	0.22161	0.05334	0.07464	0.00740	0.00524	0.00158	0.00453	0.03467	0.00372	0.00575
4	0.00843	0.01159	0.24444	0.00910	0.01255	0.00703	0.05474	0.01145	0.01159	0.05632	0.20487	0.03019	0.27035	0.00868	0.00539	0.00160	0.00432	0.03796	0.00392	0.00549
5	0.00903	0.00452	0.00452	0.00452	0.00565	0.00452	0.00339	0.01129	0.01016	0.01807	0.01581	0.01807	0.01242	0.00565	0.00339	0.00113	0.00226	0.00452	0.85659	0.00452
6	0.01322	0.01034	0.04953	0.16866	0.01605	0.10016	0.00866	0.07698	0.06047	0.19967	0.01665	0.22762	0.01511	0.00803	0.00514	0.00162	0.00499	0.00684	0.00409	0.00616
7	0.01541	0.22795	0.03767	0.01135	0.01525	0.06831	0.16529	0.08040	0.01294	0.23814	0.07019	0.01387	0.01119	0.00529	0.00460	0.00139	0.00558	0.00454	0.00376	0.00688
8	0.07324	0.00876	0.01040	0.07572	0.01216	0.06555	0.00778	0.03549	0.00953	0.03523	0.01589	0.21868	0.06903	0.01198	0.08203	0.00238	0.25098	0.00697	0.00322	0.00498
9	0.01487	0.01566	0.01236	0.01010	0.01356	0.35440	0.00786	0.13927	0.01369	0.01647	0.00862	0.00974	0.00695	0.00455	0.00413	0.00107	0.00609	0.00322	0.00303	0.35438
10	0.42492	0.01111	0.01070	0.00864	0.01209	0.01237	0.00713	0.35027	0.01505	0.09091	0.00991	0.01023	0.00712	0.00520	0.00396	0.00148	0.00447	0.00357	0.00406	0.00680
11	0.19986	0.00933	0.01080	0.00856	0.01211	0.00927	0.00704	0.12541	0.05730	0.48759	0.01550	0.01409	0.01020	0.00569	0.00447	0.00150	0.00419	0.00436	0.00514	0.00758
12	0.10821	0.00917	0.01034	0.00851	0.01146	0.02527	0.00689	0.18346	0.07126	0.27972	0.17311	0.02022	0.03459	0.00696	0.00490	0.00153	0.00402	0.02844	0.00506	0.00688

[dist]
# distance from previous block
# <min> <max>
18	25

# created by:
# /st0/software/busco_prod/Augustus/scripts/msa2prfl.pl ./align_prep/52389.fa
