[name]
unknown

[dist]
# distance from previous block
# <min> <max>
0	45

[block]
# block no. 0 follows, 48 sequences, length 143
# corresponding to MSA columns:
# 49-191
name=unknown_A
#
# <colnr> <probs for GDERKNQSTAVLIFYWHMCP>
#	G	D	E	R	K	N	Q	S	T	A	V	L	I	F	Y	W	H	M	C	P
0	0.00830	0.00599	0.00798	0.00853	0.00980	0.00591	0.00712	0.04275	0.01289	0.01721	0.21879	0.10227	0.05277	0.01300	0.00668	0.00210	0.00401	0.46404	0.00498	0.00488
1	0.01491	0.01023	0.01187	0.00993	0.03062	0.01029	0.00772	0.17351	0.22049	0.16293	0.08799	0.03561	0.01536	0.00652	0.00501	0.00146	0.00426	0.00537	0.00493	0.18099
2	0.00733	0.00500	0.00579	0.00584	0.00601	0.00501	0.00347	0.00757	0.00784	0.01044	0.01839	0.06707	0.05927	0.68428	0.08197	0.00492	0.00542	0.00780	0.00324	0.00333
3	0.01445	0.01186	0.01255	0.01078	0.01399	0.01355	0.00853	0.21326	0.58966	0.02418	0.01874	0.01744	0.01393	0.00676	0.00520	0.00169	0.00446	0.00551	0.00520	0.00827
4	0.01255	0.01209	0.02078	0.06627	0.73787	0.01217	0.03139	0.01564	0.01163	0.01659	0.00964	0.01277	0.00806	0.00459	0.00510	0.00154	0.00618	0.00460	0.00253	0.00799
5	0.01102	0.02343	0.61411	0.01592	0.02290	0.01201	0.17329	0.01653	0.01120	0.03782	0.00976	0.01164	0.00694	0.00480	0.00513	0.00165	0.00771	0.00430	0.00237	0.00748
6	0.00707	0.00506	0.00687	0.00790	0.00861	0.00486	0.00603	0.00865	0.01100	0.01464	0.10219	0.46768	0.03378	0.01484	0.00669	0.00214	0.00355	0.27916	0.00484	0.00443
7	0.00969	0.00912	0.01539	0.80734	0.03534	0.01140	0.01425	0.01311	0.01026	0.01311	0.00912	0.01368	0.00684	0.00513	0.00513	0.00171	0.00684	0.00456	0.00228	0.00570
8	0.03084	0.00919	0.02559	0.03365	0.24358	0.00857	0.09823	0.01391	0.01205	0.12050	0.08832	0.12054	0.15665	0.00826	0.00560	0.00168	0.00481	0.00754	0.00401	0.00649
9	0.02171	0.00846	0.01156	0.00900	0.01272	0.00740	0.00740	0.02370	0.01434	0.72656	0.04333	0.01825	0.01380	0.00817	0.04702	0.00194	0.00480	0.00530	0.00614	0.00839
10	0.01276	0.01102	0.01160	0.01044	0.01334	0.01276	0.00812	0.02727	0.77840	0.02146	0.02088	0.01914	0.01566	0.00696	0.00522	0.00174	0.00406	0.00580	0.00522	0.00812
11	0.01140	0.01086	0.01847	0.36716	0.46218	0.01185	0.01510	0.01461	0.01107	0.01518	0.00942	0.01312	0.00757	0.00481	0.00510	0.00160	0.00642	0.00457	0.00243	0.00708
12	0.01294	0.64228	0.20056	0.01010	0.01522	0.01840	0.01109	0.01557	0.01052	0.01302	0.00760	0.00882	0.00657	0.00450	0.00365	0.00122	0.00596	0.00298	0.00219	0.00681
13	0.00674	0.00522	0.00614	0.00591	0.00735	0.00462	0.00443	0.00868	0.01330	0.01767	0.46784	0.04311	0.36734	0.01157	0.00606	0.00167	0.00250	0.00995	0.00527	0.00462
14	0.01123	0.01123	0.01572	0.01347	0.01347	0.01572	0.01123	0.01235	0.00786	0.01235	0.00674	0.01123	0.00674	0.00898	0.01684	0.00225	0.81028	0.00449	0.00225	0.00561
15	0.01623	0.01798	0.01733	0.03695	0.34765	0.37544	0.01249	0.08525	0.01408	0.01614	0.00909	0.01110	0.00745	0.00505	0.00488	0.00144	0.00753	0.00399	0.00281	0.00713
16	0.00657	0.00483	0.00615	0.00663	0.00744	0.00442	0.00466	0.00803	0.01168	0.01573	0.28668	0.44336	0.14741	0.01375	0.00631	0.00187	0.00273	0.01226	0.00506	0.00442
17	0.01723	0.01324	0.01412	0.01135	0.01504	0.01485	0.00920	0.51960	0.27879	0.02867	0.01521	0.01462	0.01107	0.00643	0.00516	0.00161	0.00511	0.00502	0.00516	0.00852
18	0.01372	0.82276	0.02689	0.00878	0.01317	0.02030	0.00878	0.01536	0.01043	0.01207	0.00713	0.00823	0.00658	0.00439	0.00329	0.00110	0.00549	0.00274	0.00219	0.00658
19	0.03708	0.04975	0.00985	0.00765	0.01011	0.00687	0.00615	0.01587	0.01415	0.30756	0.41968	0.02858	0.03126	0.00855	0.00552	0.00159	0.00340	0.02432	0.00564	0.00640
20	0.00627	0.00448	0.00597	0.00713	0.00745	0.00418	0.00476	0.00720	0.00992	0.01325	0.04407	0.80009	0.03424	0.01596	0.00654	0.00207	0.00297	0.01448	0.00478	0.00418
21	0.00723	0.00524	0.00682	0.00643	0.00765	0.00483	0.00482	0.00963	0.01446	0.02042	0.76820	0.03858	0.06527	0.01055	0.00605	0.00162	0.00242	0.00931	0.00563	0.00483
22	0.01917	0.02445	0.01454	0.01322	0.01586	0.79907	0.00991	0.02049	0.01454	0.01256	0.00793	0.00925	0.00661	0.00529	0.00463	0.00132	0.00925	0.00330	0.00264	0.00595
23	0.02302	0.00873	0.01191	0.00913	0.01310	0.00754	0.00754	0.02501	0.01469	0.79122	0.02024	0.01746	0.01270	0.00635	0.00516	0.00159	0.00437	0.00516	0.00635	0.00873
24	0.01270	0.01219	0.02083	0.03149	0.78767	0.01219	0.01575	0.01575	0.01168	0.01676	0.00965	0.01270	0.00813	0.00457	0.00508	0.00152	0.00610	0.00457	0.00254	0.00813
25	0.00691	0.00476	0.00574	0.00626	0.00642	0.00461	0.00384	0.00732	0.00856	0.01138	0.02203	0.37250	0.03849	0.45810	0.01731	0.00367	0.00407	0.01060	0.00385	0.00359
26	0.02302	0.00873	0.01191	0.00913	0.01310	0.00754	0.00754	0.02501	0.01469	0.79122	0.02024	0.01746	0.01270	0.00635	0.00516	0.00159	0.00437	0.00516	0.00635	0.00873
27	0.00700	0.00489	0.00562	0.00590	0.00620	0.00470	0.00359	0.00738	0.00857	0.01120	0.02378	0.21474	0.12591	0.52674	0.01893	0.00387	0.00420	0.00955	0.00371	0.00352
28	0.02302	0.00873	0.01191	0.00913	0.01310	0.00754	0.00754	0.02501	0.01469	0.79122	0.02024	0.01746	0.01270	0.00635	0.00516	0.00159	0.00437	0.00516	0.00635	0.00873
29	0.00625	0.00447	0.00595	0.00714	0.00744	0.00417	0.00476	0.00714	0.00982	0.01310	0.02828	0.81633	0.03394	0.01608	0.00655	0.00208	0.00298	0.01459	0.00476	0.00417
30	0.01523	0.01228	0.01283	0.01071	0.01358	0.08757	0.00861	0.42644	0.03389	0.02333	0.01256	0.01481	0.01005	0.01698	0.27271	0.00378	0.00869	0.00481	0.00409	0.00705
31	0.01424	0.74638	0.02571	0.00920	0.01343	0.09481	0.00889	0.01585	0.01082	0.01212	0.00721	0.00833	0.00659	0.00448	0.00342	0.00112	0.00585	0.00280	0.00224	0.00652
32	0.01618	0.47438	0.02180	0.01028	0.01435	0.12445	0.00922	0.24053	0.01505	0.01816	0.00878	0.00958	0.00722	0.00504	0.00402	0.00126	0.00604	0.00338	0.00313	0.00714
33	0.03702	0.01591	0.31005	0.19290	0.03966	0.01083	0.01370	0.04638	0.05432	0.16749	0.01300	0.01574	0.00960	0.00586	0.00509	0.00168	0.00623	0.04383	0.00346	0.00726
34	0.00726	0.00524	0.00686	0.00646	0.00767	0.00484	0.00484	0.00968	0.01452	0.02058	0.78496	0.03833	0.04841	0.01049	0.00605	0.00161	0.00242	0.00928	0.00565	0.00484
35	0.00891	0.00446	0.00668	0.00668	0.00668	0.00446	0.00446	0.00668	0.00668	0.00891	0.00891	0.01560	0.00891	0.01783	0.02005	0.85071	0.00446	0.00446	0.00223	0.00223
36	0.01530	0.00711	0.00996	0.00855	0.01097	0.00691	0.00681	0.01711	0.01147	0.40718	0.01717	0.01950	0.01307	0.06326	0.35577	0.00470	0.00853	0.00543	0.00460	0.00661
37	0.01256	0.55446	0.28507	0.01075	0.01622	0.01748	0.01221	0.01566	0.01056	0.01348	0.00783	0.00911	0.00656	0.00455	0.00383	0.00128	0.00619	0.00310	0.00219	0.00692
38	0.85592	0.00992	0.00754	0.00675	0.00992	0.01151	0.00556	0.01508	0.00873	0.02302	0.00714	0.00834	0.00556	0.00476	0.00318	0.00159	0.00397	0.00278	0.00318	0.00556
39	0.00625	0.00447	0.00595	0.00714	0.00744	0.00417	0.00476	0.00714	0.00982	0.01310	0.02828	0.81633	0.03394	0.01608	0.00655	0.00208	0.00298	0.01459	0.00476	0.00417
40	0.00630	0.00451	0.00600	0.00711	0.00745	0.00420	0.00477	0.00728	0.01007	0.01349	0.06814	0.77535	0.03470	0.01578	0.00652	0.00206	0.00295	0.01431	0.00481	0.00420
41	0.01417	0.00771	0.00930	0.00774	0.01049	0.00714	0.00618	0.11698	0.01500	0.29550	0.18091	0.03078	0.25823	0.00920	0.00561	0.00163	0.00361	0.00766	0.00556	0.00660
42	0.00746	0.00497	0.00560	0.00560	0.00560	0.00497	0.00311	0.00746	0.00746	0.00995	0.01617	0.03358	0.01865	0.81967	0.02612	0.00497	0.00497	0.00746	0.00311	0.00311
43	0.00733	0.00549	0.00819	0.00819	0.00908	0.00638	0.00634	0.00912	0.00823	0.01187	0.01380	0.02046	0.01296	0.05584	0.78216	0.00817	0.01355	0.00554	0.00276	0.00455
44	0.01125	0.24833	0.57967	0.01300	0.01969	0.01425	0.01612	0.01600	0.01072	0.01509	0.00863	0.01011	0.00652	0.00474	0.00443	0.00148	0.00700	0.00350	0.00217	0.00731
45	0.00664	0.00503	0.00614	0.00633	0.00745	0.00453	0.00461	0.00830	0.01232	0.01637	0.33753	0.25449	0.26889	0.01286	0.00622	0.00180	0.00268	0.02821	0.00512	0.00450
46	0.00739	0.00527	0.00710	0.00710	0.00762	0.00579	0.00498	0.00843	0.00791	0.01106	0.01479	0.02596	0.01535	0.37646	0.46481	0.00683	0.00995	0.00635	0.00290	0.00394
47	0.01270	0.01219	0.02083	0.03149	0.78767	0.01219	0.01575	0.01575	0.01168	0.01676	0.00965	0.01270	0.00813	0.00457	0.00508	0.00152	0.00610	0.00457	0.00254	0.00813
48	0.00839	0.00659	0.00839	0.00782	0.00791	0.00780	0.00546	0.00885	0.00764	0.01074	0.01357	0.02668	0.01511	0.54089	0.09895	0.00461	0.20734	0.00653	0.00286	0.00388
49	0.00668	0.00465	0.00583	0.00659	0.00678	0.00446	0.00417	0.00726	0.00898	0.01198	0.02396	0.53737	0.02849	0.30246	0.01352	0.00311	0.00369	0.01205	0.00417	0.00379
50	0.01029	0.02654	0.79309	0.01462	0.02221	0.01192	0.01896	0.01625	0.01083	0.01625	0.00921	0.01083	0.00650	0.00487	0.00487	0.00162	0.00758	0.00379	0.00217	0.00758
51	0.01268	0.01719	0.24094	0.02974	0.01979	0.07470	0.19442	0.03390	0.26898	0.03444	0.01359	0.01444	0.01007	0.00553	0.00527	0.00166	0.00667	0.00503	0.00347	0.00748
52	0.01435	0.01655	0.01512	0.20626	0.01984	0.36002	0.01138	0.01612	0.01139	0.01263	0.00784	0.01095	0.00671	0.00642	0.00861	0.00171	0.26192	0.00398	0.00243	0.00578
53	0.00669	0.00480	0.00635	0.00685	0.00754	0.00446	0.00480	0.00824	0.01186	0.01633	0.35565	0.47973	0.04020	0.01366	0.00633	0.00188	0.00274	0.01229	0.00515	0.00446
54	0.01175	0.00979	0.01107	0.00811	0.01252	0.02308	0.00649	0.05861	0.04028	0.03925	0.01003	0.01122	0.00809	0.00416	0.00399	0.00088	0.00404	0.00330	0.00333	0.73001
55	0.01087	0.05461	0.42577	0.01407	0.01881	0.01328	0.06195	0.01482	0.00995	0.01487	0.00841	0.01102	0.00672	0.00606	0.00860	0.00176	0.26082	0.00407	0.00227	0.05130
56	0.01297	0.33800	0.10952	0.26477	0.02173	0.09014	0.01187	0.06915	0.01179	0.01438	0.00845	0.01066	0.00681	0.00489	0.00432	0.00141	0.00653	0.00363	0.00247	0.00651
57	0.00664	0.00471	0.00576	0.00644	0.00677	0.00446	0.00412	0.00727	0.00921	0.01211	0.02647	0.47919	0.10070	0.28657	0.01310	0.00302	0.00361	0.01183	0.00421	0.00383
58	0.00625	0.00447	0.00595	0.00714	0.00744	0.00417	0.00476	0.00714	0.00982	0.01310	0.02828	0.81633	0.03394	0.01608	0.00655	0.00208	0.00298	0.01459	0.00476	0.00417
59	0.01064	0.00912	0.01064	0.00760	0.01216	0.00684	0.00608	0.01292	0.01064	0.01672	0.00912	0.01064	0.00760	0.00380	0.00380	0.00076	0.00380	0.00304	0.00304	0.85104
60	0.01126	0.01171	0.08319	0.05035	0.39027	0.00998	0.01209	0.01443	0.02826	0.01645	0.04376	0.01535	0.01071	0.04787	0.00594	0.00156	0.00539	0.02012	0.00289	0.21843
61	0.01037	0.04485	0.77547	0.01449	0.02200	0.01211	0.01872	0.01623	0.01082	0.01615	0.00916	0.01077	0.00650	0.00486	0.00484	0.00161	0.00753	0.00377	0.00217	0.00756
62	0.00671	0.00480	0.00625	0.00696	0.00737	0.00473	0.00471	0.00761	0.00922	0.01235	0.02458	0.47913	0.06177	0.18606	0.13319	0.00363	0.00508	0.02774	0.00411	0.00403
63	0.01060	0.01032	0.01462	0.04247	0.01367	0.01421	0.01064	0.01192	0.00800	0.01231	0.00784	0.01261	0.00762	0.01311	0.12987	0.00310	0.66467	0.00464	0.00232	0.00547
64	0.00969	0.00912	0.01539	0.80734	0.03534	0.01140	0.01425	0.01311	0.01026	0.01311	0.00912	0.01368	0.00684	0.00513	0.00513	0.00171	0.00684	0.00456	0.00228	0.00570
65	0.01310	0.01054	0.01215	0.01205	0.08644	0.01174	0.00856	0.02471	0.59350	0.07704	0.07622	0.01983	0.01715	0.00695	0.00526	0.00170	0.00416	0.00589	0.00508	0.00792
66	0.01691	0.02980	0.09915	0.01338	0.07386	0.00972	0.14148	0.05893	0.01393	0.37726	0.08214	0.01773	0.02915	0.00614	0.00533	0.00160	0.00547	0.00551	0.00472	0.00778
67	0.01728	0.01238	0.07827	0.01500	0.01977	0.01038	0.33789	0.03485	0.01346	0.38367	0.01500	0.01530	0.01004	0.00536	0.00553	0.00165	0.00648	0.00543	0.00439	0.00786
68	0.00746	0.00497	0.00560	0.00560	0.00560	0.00497	0.00311	0.00746	0.00746	0.00995	0.01617	0.03358	0.01865	0.81967	0.02612	0.00497	0.00497	0.00746	0.00311	0.00311
69	0.01038	0.02593	0.75611	0.01496	0.02243	0.01197	0.05532	0.01626	0.01089	0.01626	0.00926	0.01098	0.00656	0.00485	0.00493	0.00163	0.00763	0.00390	0.00219	0.00755
70	0.01151	0.05561	0.06750	0.28644	0.13029	0.04625	0.27711	0.01510	0.01131	0.01487	0.00995	0.03255	0.00796	0.00499	0.00535	0.00165	0.00735	0.00513	0.00249	0.00658
71	0.01372	0.82276	0.02689	0.00878	0.01317	0.02030	0.00878	0.01536	0.01043	0.01207	0.00713	0.00823	0.00658	0.00439	0.00329	0.00110	0.00549	0.00274	0.00219	0.00658
72	0.00682	0.00471	0.00578	0.00641	0.00657	0.00455	0.00398	0.00729	0.00871	0.01161	0.02256	0.44656	0.02672	0.39569	0.01579	0.00345	0.00392	0.01122	0.00398	0.00367
73	0.01582	0.18054	0.06970	0.13180	0.01785	0.03155	0.04683	0.03635	0.09806	0.26869	0.02826	0.01448	0.01052	0.00572	0.00503	0.00154	0.02122	0.00459	0.00406	0.00739
74	0.00747	0.00549	0.00767	0.00761	0.00824	0.00623	0.00558	0.00875	0.00801	0.01136	0.01427	0.02379	0.01435	0.26248	0.55730	0.00715	0.03118	0.00604	0.00284	0.00418
75	0.00740	0.00520	0.00674	0.00674	0.00714	0.00560	0.00454	0.00820	0.00780	0.01080	0.01512	0.02777	0.01613	0.48170	0.36064	0.00639	0.00877	0.00661	0.00295	0.00375
76	0.00732	0.00563	0.00831	0.00990	0.08278	0.00584	0.00647	0.00882	0.00947	0.01312	0.03541	0.40769	0.02335	0.02378	0.32169	0.00447	0.00755	0.00991	0.00377	0.00472
77	0.85592	0.00992	0.00754	0.00675	0.00992	0.01151	0.00556	0.01508	0.00873	0.02302	0.00714	0.00834	0.00556	0.00476	0.00318	0.00159	0.00397	0.00278	0.00318	0.00556
78	0.01597	0.08786	0.26676	0.01311	0.07296	0.06551	0.01236	0.13258	0.01408	0.21239	0.01220	0.01251	0.00858	0.00535	0.00479	0.00149	0.00613	0.00416	0.00377	0.04745
79	0.28895	0.29321	0.01707	0.01045	0.04207	0.22950	0.02443	0.01671	0.01108	0.01603	0.00752	0.00883	0.00634	0.00476	0.00374	0.00135	0.00611	0.00305	0.00266	0.00614
80	0.00891	0.00446	0.00668	0.00668	0.00668	0.00446	0.00446	0.00668	0.00668	0.00891	0.00891	0.01560	0.00891	0.01783	0.02005	0.85071	0.00446	0.00446	0.00223	0.00223
81	0.01071	0.02809	0.05486	0.21512	0.35422	0.01090	0.05310	0.01363	0.01092	0.01503	0.01268	0.13802	0.01211	0.00680	0.00564	0.00170	0.02438	0.02259	0.00284	0.00667
82	0.01335	0.29821	0.23642	0.01518	0.14150	0.07746	0.04964	0.03815	0.03519	0.03674	0.00927	0.01073	0.00738	0.00481	0.00442	0.00141	0.00655	0.00375	0.00259	0.00724
83	0.03933	0.03887	0.06012	0.19173	0.06308	0.08033	0.03009	0.13267	0.27224	0.01951	0.01341	0.01439	0.01011	0.00582	0.00501	0.00162	0.00585	0.00476	0.00377	0.00729
84	0.00878	0.00767	0.01052	0.00985	0.01057	0.03329	0.00786	0.01040	0.00833	0.01205	0.01161	0.01734	0.01094	0.02925	0.55703	0.00636	0.23548	0.00515	0.00261	0.00491
85	0.01130	0.02018	0.45749	0.01580	0.09362	0.01225	0.08100	0.01897	0.20309	0.01762	0.01227	0.01335	0.00906	0.00532	0.00508	0.00165	0.00665	0.00457	0.00300	0.00771
86	0.00973	0.00803	0.00924	0.00702	0.01077	0.00619	0.00555	0.01177	0.01114	0.03509	0.04866	0.02105	0.19413	0.00630	0.00446	0.00104	0.00348	0.00518	0.00363	0.59755
87	0.01030	0.00974	0.01649	0.65082	0.18712	0.01156	0.01455	0.01364	0.01055	0.01385	0.00923	0.01348	0.00710	0.00502	0.00512	0.00167	0.00669	0.00456	0.00233	0.00619
88	0.01183	0.04221	0.09027	0.01053	0.08054	0.00838	0.00842	0.01449	0.01104	0.07429	0.00993	0.01125	0.00788	0.00419	0.00410	0.00099	0.00448	0.00339	0.00312	0.59867
89	0.01735	0.01594	0.28675	0.01148	0.01665	0.01058	0.01188	0.16355	0.01513	0.34825	0.04079	0.01486	0.01098	0.00594	0.00508	0.00159	0.00567	0.00472	0.00463	0.00820
90	0.00726	0.00524	0.00686	0.00646	0.00767	0.00484	0.00484	0.00968	0.01452	0.02058	0.78496	0.03833	0.04841	0.01049	0.00605	0.00161	0.00242	0.00928	0.00565	0.00484
91	0.01115	0.01074	0.01953	0.24909	0.28215	0.01117	0.19774	0.01450	0.01132	0.01584	0.02843	0.03232	0.00961	0.00519	0.00526	0.00161	0.00646	0.00528	0.07595	0.00668
92	0.01493	0.08208	0.04700	0.02221	0.45115	0.01171	0.03017	0.01819	0.04264	0.19332	0.02877	0.01416	0.01012	0.00519	0.00498	0.00152	0.00560	0.00470	0.00354	0.00801
93	0.00733	0.00550	0.00825	0.00825	0.00916	0.00641	0.00641	0.00916	0.00825	0.01191	0.01374	0.02016	0.01283	0.03848	0.79934	0.00825	0.01374	0.00550	0.00275	0.00458
94	0.00622	0.00457	0.00584	0.00685	0.00737	0.00419	0.00463	0.00718	0.01010	0.01321	0.03182	0.70186	0.14612	0.01562	0.00648	0.00203	0.00292	0.01403	0.00476	0.00419
95	0.03275	0.11716	0.26514	0.01533	0.14164	0.08062	0.04968	0.04966	0.01249	0.12489	0.04060	0.02694	0.00987	0.00545	0.00484	0.00152	0.00639	0.00446	0.00321	0.00737
96	0.01124	0.01128	0.01599	0.01362	0.01372	0.01566	0.02551	0.01243	0.00794	0.01243	0.00680	0.01128	0.00676	0.00889	0.01664	0.00224	0.79517	0.00452	0.00225	0.00564
97	0.00625	0.00447	0.00595	0.00714	0.00744	0.00417	0.00476	0.00714	0.00982	0.01310	0.02828	0.81633	0.03394	0.01608	0.00655	0.00208	0.00298	0.01459	0.00476	0.00417
98	0.01186	0.02240	0.47839	0.03231	0.02063	0.12605	0.08051	0.01620	0.01100	0.01506	0.00874	0.01099	0.00667	0.00553	0.00679	0.00169	0.13189	0.00404	0.00229	0.00694
99	0.01129	0.01924	0.39680	0.03941	0.20248	0.01237	0.13294	0.01639	0.04671	0.01636	0.00990	0.01221	0.00753	0.00504	0.00576	0.00166	0.04950	0.00447	0.00247	0.00748
100	0.00671	0.00521	0.00611	0.00604	0.00744	0.00462	0.00455	0.00854	0.01289	0.01693	0.38254	0.08326	0.38250	0.01206	0.00612	0.00172	0.00262	0.04040	0.00516	0.00457
101	0.01617	0.01836	0.23232	0.01467	0.07503	0.19200	0.08961	0.04535	0.04563	0.20245	0.01232	0.01291	0.00873	0.00538	0.00505	0.00155	0.00698	0.00441	0.00358	0.00752
102	0.06200	0.01194	0.09067	0.06117	0.12159	0.01018	0.12705	0.05522	0.01327	0.35340	0.01470	0.03298	0.01031	0.00572	0.00518	0.00162	0.00572	0.00512	0.00436	0.00781
103	0.01165	0.01712	0.28194	0.05581	0.29864	0.01225	0.15823	0.01676	0.06618	0.01671	0.01042	0.01279	0.00800	0.00482	0.00521	0.00162	0.00697	0.00468	0.00260	0.00761
104	0.01888	0.07107	0.01540	0.01277	0.01571	0.64863	0.00982	0.11946	0.01556	0.01515	0.00846	0.00960	0.00689	0.00535	0.00461	0.00134	0.00855	0.00345	0.00295	0.00635
105	0.01372	0.01568	0.26336	0.01609	0.19416	0.01041	0.02714	0.05678	0.01241	0.15658	0.01146	0.01255	0.00835	0.00491	0.00479	0.00142	0.00582	0.00415	0.00334	0.17687
106	0.01087	0.01156	0.00933	0.04343	0.01152	0.27245	0.00692	0.01223	0.01207	0.01375	0.09666	0.36195	0.08104	0.01116	0.00577	0.00174	0.00521	0.02340	0.00403	0.00492
107	0.00625	0.00447	0.00595	0.00714	0.00744	0.00417	0.00476	0.00714	0.00982	0.01310	0.02828	0.81633	0.03394	0.01608	0.00655	0.00208	0.00298	0.01459	0.00476	0.00417
108	0.00625	0.00447	0.00595	0.00714	0.00744	0.00417	0.00476	0.00714	0.00982	0.01310	0.02828	0.81633	0.03394	0.01608	0.00655	0.00208	0.00298	0.01459	0.00476	0.00417
109	0.00703	0.00491	0.00578	0.00601	0.00637	0.00471	0.00375	0.00762	0.00917	0.01219	0.10536	0.21486	0.09874	0.47111	0.01755	0.00364	0.00401	0.00961	0.00392	0.00366
110	0.02302	0.00873	0.01191	0.00913	0.01310	0.00754	0.00754	0.02501	0.01469	0.79122	0.02024	0.01746	0.01270	0.00635	0.00516	0.00159	0.00437	0.00516	0.00635	0.00873
111	0.00734	0.00545	0.00799	0.00799	0.00881	0.00627	0.00609	0.00900	0.00817	0.01172	0.01398	0.02148	0.01340	0.11520	0.72341	0.00792	0.01288	0.00569	0.00278	0.00444
112	0.01563	0.00814	0.01029	0.00841	0.01120	0.00773	0.00673	0.13900	0.01614	0.33502	0.34981	0.02566	0.02751	0.00811	0.00554	0.00159	0.00373	0.00685	0.00585	0.00705
113	0.00734	0.00545	0.00799	0.00799	0.00881	0.00627	0.00609	0.00900	0.00817	0.01172	0.01398	0.02148	0.01340	0.11520	0.72341	0.00792	0.01288	0.00569	0.00278	0.00444
114	0.01173	0.01271	0.02398	0.01810	0.02104	0.01416	0.44117	0.01467	0.01027	0.01467	0.00880	0.01271	0.00733	0.00634	0.01072	0.00195	0.35547	0.00538	0.00244	0.00635
115	0.00740	0.00528	0.00727	0.00845	0.00925	0.00515	0.00675	0.00912	0.01095	0.01438	0.02765	0.38601	0.03144	0.01500	0.00685	0.00224	0.00397	0.43361	0.00474	0.00448
116	0.00733	0.00550	0.00825	0.00825	0.00916	0.00641	0.00641	0.00916	0.00825	0.01191	0.01374	0.02016	0.01283	0.03848	0.79934	0.00825	0.01374	0.00550	0.00275	0.00458
117	0.00816	0.00583	0.00815	0.00933	0.01046	0.00581	0.00808	0.01045	0.01171	0.01524	0.02723	0.09783	0.02976	0.01427	0.00706	0.00235	0.00463	0.71423	0.00473	0.00470
118	0.38337	0.00925	0.01002	0.00810	0.01172	0.00926	0.00668	0.02071	0.01211	0.45887	0.01458	0.01351	0.00961	0.00566	0.00430	0.00159	0.00419	0.00413	0.00498	0.00736
119	0.00625	0.00447	0.00595	0.00714	0.00744	0.00417	0.00476	0.00714	0.00982	0.01310	0.02828	0.81633	0.03394	0.01608	0.00655	0.00208	0.00298	0.01459	0.00476	0.00417
120	0.00740	0.00528	0.00727	0.00845	0.00925	0.00515	0.00675	0.00912	0.01095	0.01438	0.02765	0.38601	0.03144	0.01500	0.00685	0.00224	0.00397	0.43361	0.00474	0.00448
121	0.01951	0.01437	0.01540	0.01181	0.01591	0.01591	0.00975	0.77056	0.02412	0.03234	0.01232	0.01232	0.00873	0.00616	0.00513	0.00154	0.00565	0.00462	0.00513	0.00873
122	0.85592	0.00992	0.00754	0.00675	0.00992	0.01151	0.00556	0.01508	0.00873	0.02302	0.00714	0.00834	0.00556	0.00476	0.00318	0.00159	0.00397	0.00278	0.00318	0.00556
123	0.85592	0.00992	0.00754	0.00675	0.00992	0.01151	0.00556	0.01508	0.00873	0.02302	0.00714	0.00834	0.00556	0.00476	0.00318	0.00159	0.00397	0.00278	0.00318	0.00556
124	0.01211	0.01384	0.03028	0.02163	0.02682	0.01298	0.76903	0.01644	0.01211	0.01644	0.01038	0.01384	0.00779	0.00433	0.00606	0.00173	0.00865	0.00606	0.00260	0.00692
125	0.00665	0.00513	0.00618	0.00685	0.00798	0.00465	0.00523	0.00807	0.01111	0.01397	0.03827	0.30292	0.35807	0.01429	0.00647	0.00200	0.00323	0.18979	0.00475	0.00437
126	0.00625	0.00447	0.00595	0.00714	0.00744	0.00417	0.00476	0.00714	0.00982	0.01310	0.02828	0.81633	0.03394	0.01608	0.00655	0.00208	0.00298	0.01459	0.00476	0.00417
127	0.01315	0.01335	0.02852	0.02043	0.02550	0.01246	0.69618	0.01726	0.01236	0.09056	0.01132	0.01419	0.00826	0.00452	0.00597	0.00172	0.00824	0.00597	0.00295	0.00709
128	0.01263	0.01212	0.02071	0.04876	0.77092	0.01217	0.01571	0.01569	0.01165	0.01668	0.00964	0.01272	0.00810	0.00458	0.00508	0.00153	0.00611	0.00457	0.00253	0.00807
129	0.01169	0.01116	0.01899	0.29293	0.53416	0.01192	0.01524	0.01486	0.01120	0.01553	0.00947	0.01303	0.00769	0.00476	0.00510	0.00159	0.00635	0.00457	0.00245	0.00731
130	0.00969	0.00912	0.01539	0.80734	0.03534	0.01140	0.01425	0.01311	0.01026	0.01311	0.00912	0.01368	0.00684	0.00513	0.00513	0.00171	0.00684	0.00456	0.00228	0.00570
131	0.01254	0.00979	0.01181	0.04513	0.01412	0.07722	0.04895	0.14862	0.01440	0.07371	0.02069	0.03841	0.02050	0.01050	0.00625	0.00201	0.00555	0.42929	0.00452	0.00599
132	0.00637	0.00503	0.00573	0.00614	0.00735	0.00444	0.00449	0.00764	0.01116	0.01392	0.07215	0.27119	0.45968	0.03672	0.00685	0.00197	0.00293	0.06720	0.00475	0.00430
133	0.22958	0.00996	0.01194	0.01095	0.08611	0.00997	0.00804	0.08388	0.05654	0.41904	0.01534	0.01439	0.01031	0.00580	0.00466	0.00159	0.00452	0.00450	0.00503	0.00785
134	0.01063	0.01057	0.01734	0.60901	0.09507	0.04560	0.09181	0.01397	0.01069	0.01371	0.00918	0.01337	0.00703	0.00510	0.00549	0.00169	0.02668	0.00466	0.00235	0.00603
135	0.01188	0.01135	0.01934	0.24337	0.58222	0.01198	0.01534	0.01503	0.01129	0.01577	0.00951	0.01297	0.00778	0.00472	0.00509	0.00157	0.00630	0.00457	0.00247	0.00746
136	0.00667	0.00482	0.00605	0.00686	0.00739	0.00453	0.00474	0.00762	0.00987	0.01288	0.02913	0.48563	0.13170	0.16204	0.01011	0.00260	0.00349	0.09537	0.00446	0.00406
137	0.05696	0.01155	0.00944	0.00901	0.01012	0.27265	0.00652	0.01195	0.00966	0.01116	0.00927	0.01490	0.00885	0.01276	0.01341	0.48329	0.00606	0.03617	0.00253	0.00376
138	0.00865	0.00738	0.00901	0.00747	0.02158	0.00602	0.03787	0.01037	0.01066	0.01478	0.02534	0.04737	0.27806	0.10964	0.00757	0.00171	0.00375	0.00673	0.00366	0.38240
139	0.18446	0.05179	0.00801	0.00731	0.04079	0.02297	0.00465	0.01008	0.00827	0.01320	0.01366	0.04530	0.01497	0.53422	0.01827	0.00376	0.00488	0.00620	0.00308	0.00411
140	0.01393	0.01075	0.01472	0.24257	0.10466	0.01128	0.02726	0.21673	0.01450	0.08674	0.01133	0.01384	0.00866	0.04022	0.00581	0.00160	0.00563	0.00451	0.00361	0.16167
141	0.04852	0.01460	0.06014	0.17847	0.23242	0.14309	0.16267	0.03396	0.04695	0.01607	0.00985	0.01255	0.00771	0.00492	0.00512	0.00159	0.00716	0.00459	0.00270	0.00692
142	0.21687	0.13517	0.10578	0.02698	0.03794	0.02633	0.00932	0.11866	0.08287	0.15700	0.02912	0.01267	0.00951	0.00553	0.00438	0.00152	0.00511	0.00408	0.00393	0.00724

[dist]
# distance from previous block
# <min> <max>
0	46

[block]
# block no. 1 follows, 48 sequences, length 13
# corresponding to MSA columns:
# 239-251
name=unknown_B
#
# <colnr> <probs for GDERKNQSTAVLIFYWHMCP>
#	G	D	E	R	K	N	Q	S	T	A	V	L	I	F	Y	W	H	M	C	P
0	0.08636	0.01338	0.20304	0.03306	0.04037	0.05639	0.07102	0.01294	0.01135	0.04059	0.02631	0.02643	0.31617	0.00824	0.00568	0.00167	0.03081	0.00676	0.00351	0.00590
1	0.06259	0.00822	0.00890	0.03285	0.01077	0.00845	0.00611	0.13536	0.10824	0.03882	0.08321	0.01986	0.06688	0.00664	0.00450	0.00139	0.00359	0.00535	0.28067	0.10761
2	0.01243	0.00984	0.01373	0.01108	0.03967	0.04397	0.12545	0.01537	0.03810	0.12941	0.18814	0.01875	0.01789	0.00614	0.00541	0.00136	0.03075	0.00544	0.00406	0.28300
3	0.01055	0.10180	0.16666	0.06125	0.01675	0.01002	0.09637	0.01380	0.01134	0.01639	0.11641	0.01480	0.01289	0.00514	0.00461	0.00125	0.00528	0.00446	0.00304	0.32718
4	0.77450	0.08850	0.00941	0.00694	0.01024	0.01236	0.00587	0.01511	0.00890	0.02196	0.00714	0.00833	0.00566	0.00473	0.00319	0.00154	0.00412	0.00278	0.00308	0.00566
5	0.01656	0.00774	0.00929	0.00770	0.01048	0.00746	0.00617	0.07063	0.07931	0.36705	0.01837	0.01792	0.01286	0.00624	0.00454	0.00144	0.00364	0.00503	0.34046	0.00711
6	0.01880	0.01378	0.19661	0.01104	0.01561	0.01014	0.01075	0.11216	0.01446	0.46410	0.01577	0.01486	0.01036	0.00616	0.00588	0.00164	0.05999	0.00473	0.00494	0.00825
7	0.01301	0.00624	0.00841	0.00787	0.00971	0.00557	0.00587	0.01448	0.01221	0.32282	0.09824	0.42389	0.02690	0.01167	0.00595	0.00184	0.00347	0.01033	0.00548	0.00605
8	0.01276	0.01102	0.01160	0.01044	0.01334	0.01276	0.00812	0.02727	0.77840	0.02146	0.02088	0.01914	0.01566	0.00696	0.00522	0.00174	0.00406	0.00580	0.00522	0.00812
9	0.01252	0.00935	0.01084	0.00956	0.01190	0.01049	0.00747	0.17079	0.27927	0.06007	0.01647	0.01917	0.01345	0.08330	0.25718	0.00401	0.00753	0.00557	0.00431	0.00675
10	0.00745	0.00502	0.00582	0.00582	0.00590	0.00510	0.00339	0.00761	0.00753	0.01012	0.01596	0.03243	0.01815	0.75264	0.09247	0.00526	0.00573	0.00729	0.00308	0.00324
11	0.01057	0.01702	0.36215	0.01087	0.01672	0.00936	0.01195	0.01499	0.04140	0.01670	0.00963	0.01107	0.00743	0.00441	0.00434	0.00119	0.00551	0.00349	0.00273	0.43849
12	0.05662	0.28079	0.28295	0.01100	0.01575	0.13465	0.01170	0.01553	0.01138	0.01472	0.05229	0.02933	0.05197	0.00574	0.00440	0.00142	0.00633	0.00422	0.00268	0.00651

[dist]
# distance from previous block
# <min> <max>
0	1

[block]
# block no. 2 follows, 48 sequences, length 22
# corresponding to MSA columns:
# 253-274
name=unknown_C
#
# <colnr> <probs for GDERKNQSTAVLIFYWHMCP>
#	G	D	E	R	K	N	Q	S	T	A	V	L	I	F	Y	W	H	M	C	P
0	0.03441	0.01270	0.01730	0.09484	0.33982	0.01367	0.01250	0.32932	0.05521	0.02326	0.01122	0.01286	0.00858	0.00541	0.00507	0.00156	0.00583	0.00461	0.00374	0.00809
1	0.00606	0.00520	0.00520	0.00520	0.00693	0.00433	0.00390	0.00736	0.01170	0.01386	0.05198	0.04938	0.78558	0.01299	0.00606	0.00173	0.00260	0.01083	0.00476	0.00433
2	0.01286	0.00958	0.01064	0.00919	0.01149	0.05132	0.00711	0.23871	0.02897	0.06766	0.01499	0.09965	0.01379	0.11450	0.21716	0.00372	0.00736	0.00609	0.00400	0.07121
3	0.00962	0.08156	0.39249	0.01092	0.01559	0.01007	0.01227	0.01450	0.06545	0.01766	0.27215	0.04036	0.02197	0.00715	0.00521	0.00160	0.00531	0.00597	0.00362	0.00653
4	0.00646	0.00461	0.00619	0.00738	0.00777	0.00435	0.00512	0.00750	0.01003	0.01333	0.02817	0.73849	0.03348	0.01588	0.00660	0.00211	0.00316	0.09038	0.00476	0.00422
5	0.01270	0.01219	0.02083	0.03149	0.78767	0.01219	0.01575	0.01575	0.01168	0.01676	0.00965	0.01270	0.00813	0.00457	0.00508	0.00152	0.00610	0.00457	0.00254	0.00813
6	0.04597	0.05361	0.01874	0.01397	0.01778	0.21599	0.25279	0.03424	0.02509	0.19428	0.04755	0.01505	0.02985	0.00563	0.00521	0.00155	0.00695	0.00509	0.00375	0.00692
7	0.01303	0.01337	0.01818	0.19928	0.47362	0.14291	0.01415	0.01586	0.01182	0.01531	0.00942	0.01250	0.00771	0.00485	0.00498	0.00152	0.00670	0.00436	0.02327	0.00715
8	0.00653	0.00464	0.00616	0.00727	0.00764	0.00439	0.00500	0.00751	0.00987	0.01312	0.02740	0.69208	0.03253	0.06728	0.00785	0.00230	0.00328	0.08637	0.00465	0.00415
9	0.01000	0.00944	0.01595	0.72772	0.11255	0.01148	0.01440	0.01338	0.01041	0.01348	0.00917	0.01358	0.00697	0.00507	0.00512	0.00169	0.00676	0.00456	0.00231	0.00595
10	0.01300	0.01102	0.01821	0.27750	0.26551	0.01176	0.10572	0.04901	0.08348	0.09611	0.01181	0.01423	0.00886	0.00520	0.00524	0.00164	0.00626	0.00493	0.00321	0.00728
11	0.00839	0.00769	0.00728	0.00690	0.00862	0.08967	0.00520	0.01107	0.06891	0.01678	0.31841	0.03879	0.37169	0.01080	0.00585	0.00165	0.00335	0.00908	0.00490	0.00497
12	0.00680	0.00499	0.00585	0.00600	0.00679	0.00461	0.00404	0.00787	0.01064	0.01400	0.20004	0.19706	0.23116	0.26296	0.01237	0.00278	0.00337	0.01020	0.00445	0.00403
13	0.01652	0.41376	0.02059	0.01101	0.01455	0.39524	0.00936	0.04074	0.01282	0.01292	0.00767	0.00885	0.00666	0.00488	0.00399	0.00122	0.00731	0.00307	0.00250	0.00634
14	0.01275	0.16215	0.42952	0.01534	0.11336	0.09975	0.01521	0.06557	0.01214	0.01623	0.00896	0.01053	0.00687	0.00488	0.00461	0.00148	0.00709	0.00371	0.00246	0.00737
15	0.00989	0.00925	0.01066	0.00949	0.01041	0.10468	0.04715	0.01116	0.01007	0.01333	0.15744	0.02433	0.01909	0.27221	0.09603	0.00348	0.17701	0.00639	0.00328	0.00467
16	0.28252	0.00782	0.00885	0.00808	0.01024	0.00878	0.00647	0.06138	0.01008	0.09676	0.01220	0.01558	0.01021	0.02228	0.41110	0.00499	0.00912	0.00453	0.00341	0.00559
17	0.43072	0.05571	0.04460	0.01050	0.09132	0.01127	0.00796	0.06517	0.01164	0.16992	0.04905	0.01239	0.00963	0.00541	0.00410	0.00155	0.00453	0.00390	0.00387	0.00674
18	0.04041	0.14739	0.01794	0.19754	0.13447	0.10164	0.05079	0.06256	0.01262	0.15544	0.01090	0.01253	0.00814	0.00524	0.00497	0.00151	0.02132	0.00425	0.00329	0.00702
19	0.00692	0.00477	0.00573	0.00623	0.00640	0.00462	0.00382	0.00733	0.00857	0.01138	0.02230	0.35881	0.04881	0.46123	0.01738	0.00367	0.00407	0.01052	0.00385	0.00359
20	0.01448	0.66950	0.04985	0.00968	0.01389	0.14426	0.00929	0.01621	0.01110	0.01229	0.00733	0.00848	0.00659	0.00455	0.00356	0.00115	0.00616	0.00287	0.00227	0.00652
21	0.01213	0.36281	0.44541	0.01199	0.01811	0.01533	0.01431	0.01614	0.01078	0.03787	0.00866	0.00993	0.00672	0.00471	0.00421	0.00140	0.00660	0.00339	0.00230	0.00720

[dist]
# distance from previous block
# <min> <max>
0	1

[block]
# block no. 3 follows, 48 sequences, length 38
# corresponding to MSA columns:
# 276-313
name=unknown_D
#
# <colnr> <probs for GDERKNQSTAVLIFYWHMCP>
#	G	D	E	R	K	N	Q	S	T	A	V	L	I	F	Y	W	H	M	C	P
0	0.01215	0.21042	0.39452	0.02970	0.11340	0.07062	0.06936	0.01624	0.01119	0.01502	0.00877	0.01060	0.00682	0.00472	0.00460	0.00148	0.00709	0.00378	0.00229	0.00722
1	0.00954	0.00865	0.04583	0.00947	0.01141	0.00857	0.02669	0.01669	0.33804	0.01709	0.02368	0.35337	0.02382	0.01120	0.00594	0.00193	0.00395	0.07322	0.00478	0.00613
2	0.01011	0.00946	0.01582	0.66467	0.13002	0.01145	0.01408	0.01339	0.01039	0.01371	0.00932	0.01363	0.00717	0.00519	0.00542	0.00169	0.02962	0.00457	0.02433	0.00598
3	0.01685	0.01173	0.05396	0.06548	0.05734	0.01044	0.28798	0.03298	0.02870	0.35810	0.01481	0.01532	0.01003	0.00539	0.00547	0.00165	0.00633	0.00536	0.00430	0.00778
4	0.01413	0.10132	0.22500	0.25331	0.02284	0.01147	0.04266	0.01767	0.01175	0.23288	0.01211	0.01340	0.00841	0.00529	0.00491	0.00159	0.00627	0.00439	0.00340	0.00720
5	0.00756	0.00528	0.00686	0.00743	0.00798	0.00535	0.00548	0.00870	0.00936	0.01245	0.02130	0.14610	0.02378	0.34615	0.10495	0.00406	0.00562	0.26377	0.00385	0.00397
6	0.00630	0.00507	0.00566	0.00607	0.00738	0.00443	0.00450	0.00759	0.01123	0.01380	0.04376	0.24590	0.52758	0.01388	0.00628	0.00188	0.00288	0.07672	0.00476	0.00432
7	0.01141	0.28568	0.54372	0.01272	0.01927	0.01465	0.01565	0.01596	0.01070	0.01489	0.00853	0.00999	0.00653	0.00472	0.00436	0.00145	0.00690	0.00345	0.00218	0.00726
8	0.01038	0.02591	0.75524	0.01497	0.02244	0.01197	0.05618	0.01626	0.01090	0.01626	0.00927	0.01098	0.00656	0.00485	0.00493	0.00163	0.00764	0.00390	0.00219	0.00755
9	0.01951	0.01437	0.01540	0.01181	0.01591	0.01591	0.00975	0.77056	0.02412	0.03234	0.01232	0.01232	0.00873	0.00616	0.00513	0.00154	0.00565	0.00462	0.00513	0.00873
10	0.01014	0.00976	0.01669	0.65301	0.07941	0.01186	0.06176	0.01343	0.01029	0.01349	0.00906	0.01345	0.00697	0.00532	0.00603	0.00174	0.06472	0.00465	0.00231	0.00592
11	0.01596	0.01847	0.01733	0.05240	0.35511	0.42306	0.01264	0.01812	0.01312	0.01442	0.00873	0.01094	0.00728	0.00497	0.00485	0.00143	0.00777	0.00391	0.00258	0.00689
12	0.00726	0.00524	0.00686	0.00646	0.00767	0.00484	0.00484	0.00968	0.01452	0.02058	0.78496	0.03833	0.04841	0.01049	0.00605	0.00161	0.00242	0.00928	0.00565	0.00484
13	0.00746	0.00497	0.00560	0.00560	0.00560	0.00497	0.00311	0.00746	0.00746	0.00995	0.01617	0.03358	0.01865	0.81967	0.02612	0.00497	0.00497	0.00746	0.00311	0.00311
14	0.00926	0.01661	0.38497	0.26646	0.02335	0.01021	0.01446	0.01343	0.01071	0.01472	0.01638	0.06661	0.11804	0.00679	0.00523	0.00170	0.00636	0.00569	0.00273	0.00631
15	0.00688	0.00492	0.00666	0.00754	0.00805	0.00489	0.00543	0.00807	0.00965	0.01295	0.02452	0.48517	0.02826	0.10100	0.13686	0.00342	0.00520	0.13206	0.00426	0.00422
16	0.01917	0.02445	0.01454	0.01322	0.01586	0.79907	0.00991	0.02049	0.01454	0.01256	0.00793	0.00925	0.00661	0.00529	0.00463	0.00132	0.00925	0.00330	0.00264	0.00595
17	0.07741	0.01589	0.01117	0.01007	0.01259	0.38607	0.00768	0.11166	0.01434	0.01625	0.02149	0.05583	0.22328	0.00796	0.00506	0.00152	0.00629	0.00600	0.00368	0.00575
18	0.01164	0.17175	0.38253	0.04412	0.03668	0.01373	0.03147	0.01876	0.20672	0.01668	0.01183	0.01269	0.00894	0.00531	0.00471	0.00156	0.00625	0.00421	0.00297	0.00746
19	0.00663	0.00515	0.00602	0.00594	0.00731	0.00455	0.00440	0.00840	0.01282	0.01685	0.38363	0.11202	0.38361	0.01213	0.00610	0.00171	0.00255	0.01046	0.00517	0.00455
20	0.00655	0.00513	0.00593	0.00591	0.00728	0.00451	0.00437	0.00825	0.01259	0.01640	0.33618	0.13234	0.41150	0.01236	0.00611	0.00173	0.00257	0.01065	0.00511	0.00451
21	0.01025	0.00983	0.01706	0.65356	0.13584	0.01161	0.06209	0.01367	0.01057	0.01381	0.00927	0.01356	0.00707	0.00500	0.00518	0.00169	0.00685	0.00466	0.00233	0.00610
22	0.01504	0.01215	0.01288	0.01090	0.01421	0.01382	0.00867	0.27799	0.52397	0.02513	0.01799	0.01684	0.01332	0.00669	0.00519	0.00167	0.00460	0.00540	0.00519	0.00833
23	0.00687	0.00523	0.00631	0.00604	0.00742	0.00467	0.00453	0.00892	0.01359	0.01837	0.54415	0.04196	0.29060	0.01131	0.00606	0.00165	0.00248	0.00979	0.00536	0.00467
24	0.01187	0.01690	0.26533	0.02505	0.45937	0.01219	0.10291	0.01598	0.01146	0.01656	0.00960	0.01224	0.00758	0.00464	0.00513	0.00158	0.00686	0.00450	0.00243	0.00782
25	0.85592	0.00992	0.00754	0.00675	0.00992	0.01151	0.00556	0.01508	0.00873	0.02302	0.00714	0.00834	0.00556	0.00476	0.00318	0.00159	0.00397	0.00278	0.00318	0.00556
26	0.00752	0.00552	0.00708	0.00664	0.00793	0.00521	0.00500	0.01051	0.05036	0.02062	0.74911	0.03743	0.04688	0.01032	0.00601	0.00162	0.00250	0.00912	0.00563	0.00500
27	0.21209	0.02043	0.08682	0.01168	0.01493	0.49178	0.00965	0.01926	0.06105	0.01590	0.00869	0.00981	0.00693	0.00523	0.00435	0.00144	0.00754	0.00339	0.00288	0.00615
28	0.01101	0.01114	0.07157	0.59524	0.07919	0.01186	0.01399	0.09542	0.01190	0.01574	0.00951	0.01319	0.00712	0.00515	0.00508	0.00165	0.00664	0.00447	0.00262	0.02751
29	0.02085	0.00927	0.01416	0.01070	0.01471	0.00816	0.11027	0.02317	0.01433	0.65243	0.05279	0.01790	0.01362	0.00626	0.00532	0.00161	0.00486	0.00546	0.00581	0.00832
30	0.01771	0.02218	0.01364	0.01256	0.01496	0.70676	0.00939	0.01903	0.01392	0.01257	0.00965	0.06781	0.00885	0.00753	0.03998	0.00168	0.00900	0.00421	0.00280	0.00576
31	0.00750	0.00549	0.00742	0.00870	0.06393	0.00511	0.00576	0.00903	0.01141	0.03735	0.17878	0.42713	0.13724	0.01332	0.00627	0.00191	0.00320	0.06084	0.00482	0.00478
32	0.01091	0.01037	0.01760	0.49235	0.34078	0.01172	0.01486	0.01418	0.01084	0.01459	0.00934	0.01328	0.00736	0.00490	0.00511	0.00163	0.00654	0.00456	0.00239	0.00669
33	0.01151	0.01106	0.01508	0.02048	0.41636	0.06685	0.01136	0.01556	0.11450	0.01639	0.02098	0.02383	0.17281	0.00731	0.00540	0.00163	0.00523	0.05320	0.00351	0.00696
34	0.00675	0.00472	0.00613	0.00693	0.00751	0.00435	0.00473	0.00786	0.01057	0.03094	0.12008	0.63354	0.08775	0.03371	0.00688	0.00206	0.00296	0.01332	0.00487	0.00433
35	0.11013	0.00861	0.01159	0.08433	0.07225	0.00826	0.00825	0.01955	0.01292	0.45472	0.03944	0.05548	0.04405	0.00710	0.00514	0.00166	0.00451	0.03951	0.00511	0.00739
36	0.00767	0.00666	0.00737	0.00749	0.00875	0.06243	0.00570	0.00920	0.01029	0.01297	0.02907	0.12582	0.28378	0.02322	0.32803	0.00442	0.00777	0.05102	0.00379	0.00455
37	0.01212	0.00629	0.00814	0.00715	0.00916	0.00561	0.00547	0.01400	0.01345	0.26513	0.35339	0.08168	0.11824	0.06803	0.00724	0.00189	0.00328	0.00834	0.00553	0.00586

[dist]
# distance from previous block
# <min> <max>
0	4

[block]
# block no. 4 follows, 48 sequences, length 11
# corresponding to MSA columns:
# 318-328
name=unknown_E
#
# <colnr> <probs for GDERKNQSTAVLIFYWHMCP>
#	G	D	E	R	K	N	Q	S	T	A	V	L	I	F	Y	W	H	M	C	P
0	0.01264	0.00797	0.00964	0.00881	0.01098	0.00806	0.00703	0.14231	0.08581	0.15362	0.08844	0.12691	0.06963	0.06825	0.00739	0.00208	0.00424	0.17488	0.00509	0.00622
1	0.22394	0.00947	0.01015	0.00860	0.01155	0.00990	0.00686	0.21778	0.01460	0.19360	0.01860	0.17075	0.06685	0.00824	0.00499	0.00168	0.00422	0.00664	0.00482	0.00676
2	0.00655	0.00521	0.00605	0.00607	0.00738	0.00484	0.00449	0.00795	0.01087	0.01380	0.11246	0.08364	0.46073	0.07611	0.16732	0.00329	0.00502	0.00957	0.00433	0.00433
3	0.00750	0.00532	0.00674	0.00660	0.00765	0.00524	0.00479	0.00897	0.01065	0.03720	0.21839	0.06243	0.18628	0.18162	0.22353	0.00412	0.00610	0.00829	0.00416	0.00441
4	0.00802	0.00517	0.00672	0.00689	0.00776	0.00483	0.00487	0.00945	0.01154	0.06859	0.29384	0.33905	0.03515	0.13385	0.00923	0.00233	0.00324	0.03996	0.00494	0.00458
5	0.01562	0.00769	0.01008	0.00887	0.01148	0.00722	0.00719	0.06356	0.04598	0.37719	0.10180	0.13358	0.02242	0.00962	0.00582	0.00181	0.00411	0.15344	0.00563	0.00691
6	0.00962	0.00917	0.01620	0.01645	0.20035	0.00869	0.21621	0.01224	0.01187	0.01612	0.15157	0.10410	0.14253	0.05320	0.00698	0.00188	0.00523	0.00794	0.00370	0.00596
7	0.00970	0.00862	0.01443	0.05439	0.30644	0.00902	0.05694	0.01207	0.00996	0.01409	0.01291	0.07416	0.01221	0.05306	0.32381	0.00442	0.00908	0.00587	0.00280	0.00603
8	0.00726	0.00533	0.00666	0.00719	0.00792	0.00524	0.00509	0.00937	0.06528	0.01436	0.12104	0.39180	0.07536	0.14748	0.02729	0.00262	0.00371	0.08798	0.00458	0.00444
9	0.03194	0.00662	0.00836	0.00735	0.00943	0.00607	0.00557	0.01491	0.03507	0.28862	0.22221	0.11154	0.10487	0.11411	0.00829	0.00210	0.00359	0.00806	0.00532	0.00597
10	0.00900	0.00736	0.01107	0.30947	0.08666	0.00812	0.00910	0.01138	0.03148	0.03239	0.07203	0.16261	0.04855	0.16755	0.00960	0.00239	0.00510	0.00754	0.00342	0.00516

[dist]
# distance from previous block
# <min> <max>
0	16

# created by:
# /st0/software/busco_prod/Augustus/scripts/msa2prfl.pl ./align_prep/52508.fa
