[name]
unknown

[dist]
# distance from previous block
# <min> <max>
0	75

[block]
# block no. 0 follows, 53 sequences, length 12
# corresponding to MSA columns:
# 86-97
name=unknown_A
#
# <colnr> <probs for GDERKNQSTAVLIFYWHMCP>
#	G	D	E	R	K	N	Q	S	T	A	V	L	I	F	Y	W	H	M	C	P
0	0.01082	0.00860	0.00995	0.03226	0.01200	0.00951	0.00764	0.12264	0.34656	0.01909	0.07466	0.06095	0.02014	0.00891	0.00547	0.00177	0.00410	0.23402	0.00465	0.00627
1	0.00899	0.00660	0.00719	0.00654	0.00788	0.00667	0.00464	0.18131	0.01173	0.01523	0.02462	0.10859	0.23407	0.33990	0.01299	0.00282	0.00398	0.00788	0.00390	0.00448
2	0.01212	0.01295	0.02651	0.01903	0.02374	0.01242	0.69033	0.10925	0.01264	0.01712	0.00989	0.01272	0.00736	0.00424	0.00554	0.00159	0.00772	0.00548	0.00271	0.00665
3	0.00967	0.00942	0.01721	0.19859	0.23827	0.00963	0.20817	0.01247	0.01038	0.01405	0.01373	0.16162	0.03012	0.00679	0.00532	0.00164	0.00579	0.03840	0.00283	0.00590
4	0.01036	0.01088	0.02145	0.01556	0.01974	0.00986	0.51832	0.01370	0.01114	0.01563	0.08695	0.04454	0.01180	0.00489	0.00522	0.00143	0.00636	0.00564	0.00285	0.18369
5	0.01864	0.00731	0.00961	0.00760	0.01072	0.00645	0.00620	0.02057	0.01286	0.62923	0.01813	0.01662	0.01193	0.00584	0.00448	0.00140	0.00366	0.00473	0.19674	0.00731
6	0.00582	0.00416	0.00555	0.00666	0.00693	0.00388	0.00444	0.00666	0.00915	0.01220	0.02634	0.82891	0.03161	0.01497	0.00610	0.00194	0.00277	0.01359	0.00444	0.00388
7	0.01425	0.01467	0.32050	0.01018	0.01531	0.00846	0.01086	0.01760	0.01144	0.32131	0.01254	0.01244	0.00852	0.00485	0.00442	0.00132	0.00511	0.00387	0.00371	0.19865
8	0.00618	0.00486	0.00558	0.00540	0.00678	0.00426	0.00405	0.00789	0.01215	0.01590	0.40675	0.04109	0.44008	0.01099	0.00564	0.00156	0.00234	0.00940	0.00483	0.00426
9	0.01058	0.31997	0.11775	0.26498	0.01936	0.01299	0.01044	0.01347	0.02646	0.01296	0.00873	0.02767	0.00727	0.00465	0.00395	0.00127	0.00540	0.00361	0.03932	0.08915
10	0.01009	0.10055	0.38838	0.01067	0.01625	0.01005	0.03469	0.01383	0.01002	0.01492	0.00838	0.00986	0.00650	0.00408	0.00403	0.00115	0.00550	0.00322	0.00236	0.34550
11	0.01069	0.10933	0.01171	0.00739	0.01132	0.00853	0.00612	0.09075	0.01126	0.01627	0.01246	0.01331	0.08429	0.00466	0.00381	0.00091	0.00380	0.00365	0.00309	0.58662

[dist]
# distance from previous block
# <min> <max>
0	3

[block]
# block no. 1 follows, 53 sequences, length 39
# corresponding to MSA columns:
# 101-139
name=unknown_B
#
# <colnr> <probs for GDERKNQSTAVLIFYWHMCP>
#	G	D	E	R	K	N	Q	S	T	A	V	L	I	F	Y	W	H	M	C	P
0	0.26038	0.57858	0.01958	0.00771	0.01144	0.03293	0.00733	0.01433	0.00933	0.01421	0.00666	0.00772	0.00586	0.00421	0.00306	0.00116	0.00477	0.00258	0.00232	0.00584
1	0.03259	0.16547	0.16348	0.00976	0.01418	0.01187	0.00949	0.20751	0.01391	0.19409	0.02891	0.01186	0.00884	0.00506	0.00426	0.00130	0.00501	0.00384	0.00376	0.10479
2	0.03328	0.23528	0.10221	0.01096	0.01444	0.39630	0.00966	0.09105	0.01272	0.01392	0.00788	0.00912	0.00650	0.00574	0.03051	0.00144	0.00723	0.00316	0.00254	0.00606
3	0.00717	0.00515	0.00617	0.00609	0.00612	0.00553	0.00380	0.00736	0.00722	0.00980	0.01542	0.11556	0.01783	0.66314	0.02151	0.00409	0.08441	0.00740	0.00298	0.00323
4	0.01326	0.62806	0.09966	0.00936	0.01348	0.14297	0.00927	0.01514	0.01035	0.01170	0.00695	0.00805	0.00613	0.00426	0.00341	0.00110	0.00585	0.00273	0.00211	0.00613
5	0.00930	0.00770	0.00894	0.00670	0.01007	0.00601	0.00509	0.01099	0.00930	0.01428	0.00985	0.01431	0.00920	0.17413	0.00782	0.00152	0.00376	0.00368	0.00285	0.68450
6	0.01413	0.26314	0.06861	0.01272	0.07745	0.20856	0.07819	0.12293	0.06324	0.01550	0.00934	0.02852	0.00774	0.00496	0.00424	0.00130	0.00627	0.00383	0.00282	0.00651
7	0.00948	0.00697	0.01052	0.01259	0.19250	0.00673	0.03603	0.01180	0.04731	0.09713	0.13483	0.34269	0.03577	0.02569	0.00585	0.00173	0.00378	0.00893	0.00415	0.00552
8	0.01093	0.01214	0.16921	0.00987	0.01410	0.00890	0.05828	0.01653	0.19762	0.06960	0.03260	0.01496	0.03588	0.00522	0.00444	0.00127	0.00457	0.01663	0.00347	0.31379
9	0.01006	0.01053	0.09712	0.00996	0.08961	0.00737	0.00784	0.01263	0.01003	0.01553	0.00855	0.01012	0.00702	0.00372	0.00376	0.00086	0.00413	0.00305	0.00270	0.68541
10	0.00948	0.01689	0.40882	0.01490	0.09812	0.00990	0.15311	0.01363	0.01058	0.01488	0.01503	0.01965	0.09481	0.00622	0.00511	0.00161	0.00630	0.09193	0.00266	0.00637
11	0.01412	0.09125	0.01334	0.01012	0.01324	0.07401	0.00816	0.22950	0.45082	0.02126	0.01515	0.01444	0.01139	0.00593	0.00463	0.00148	0.00468	0.00466	0.00439	0.00743
12	0.69193	0.00901	0.00786	0.00674	0.00985	0.00996	0.00556	0.01595	0.00928	0.18289	0.00917	0.00952	0.00655	0.00474	0.00334	0.00148	0.00377	0.00304	0.00357	0.00579
13	0.00903	0.07576	0.58882	0.01182	0.01728	0.01015	0.01429	0.01333	0.00987	0.01427	0.01210	0.17853	0.01132	0.00666	0.00476	0.00157	0.00605	0.00554	0.00252	0.00635
14	0.01069	0.09858	0.39225	0.01691	0.10583	0.01221	0.26589	0.01506	0.01053	0.01486	0.00879	0.01095	0.00662	0.00430	0.00478	0.00149	0.00705	0.00420	0.00219	0.00683
15	0.00683	0.00510	0.00756	0.00756	0.00837	0.00591	0.00582	0.00846	0.00765	0.01101	0.01291	0.01939	0.01221	0.07480	0.77450	0.00753	0.01240	0.00521	0.00258	0.00420
16	0.00582	0.00416	0.00555	0.00666	0.00693	0.00388	0.00444	0.00666	0.00915	0.01220	0.02634	0.82891	0.03161	0.01497	0.00610	0.00194	0.00277	0.01359	0.00444	0.00388
17	0.01013	0.00958	0.01708	0.01681	0.17820	0.00948	0.26184	0.01417	0.08832	0.01546	0.01628	0.02835	0.01554	0.00772	0.00573	0.00179	0.00579	0.28831	0.00338	0.00603
18	0.01108	0.01123	0.01888	0.01968	0.28065	0.01304	0.16260	0.01331	0.00929	0.01363	0.00785	0.01139	0.00690	0.00614	0.01004	0.00177	0.38952	0.00449	0.00225	0.00625
19	0.00720	0.00517	0.00700	0.00732	0.00844	0.00497	0.00601	0.00943	0.01234	0.01689	0.43657	0.04424	0.03685	0.01138	0.00609	0.00183	0.00326	0.36567	0.00486	0.00446
20	0.00710	0.00550	0.00779	0.17445	0.01287	0.00570	0.00684	0.00875	0.00984	0.02286	0.02482	0.35621	0.12391	0.03909	0.00647	0.00197	0.00390	0.17370	0.00392	0.00433
21	0.00826	0.00595	0.00809	0.00773	0.00893	0.00678	0.00605	0.09295	0.00951	0.01381	0.01293	0.01789	0.01157	0.02963	0.64651	0.00636	0.01095	0.00497	0.08643	0.00470
22	0.00959	0.02472	0.80726	0.01362	0.02069	0.01110	0.01766	0.01514	0.01009	0.01514	0.00858	0.01009	0.00605	0.00454	0.00454	0.00151	0.00706	0.00353	0.00202	0.00706
23	0.00903	0.00850	0.01434	0.82054	0.03292	0.01062	0.01327	0.01221	0.00956	0.01221	0.00850	0.01274	0.00637	0.00478	0.00478	0.00159	0.00637	0.00425	0.00212	0.00531
24	0.14195	0.01139	0.01711	0.04592	0.56324	0.04092	0.04331	0.01520	0.04704	0.01646	0.00908	0.01144	0.00744	0.00442	0.00449	0.00144	0.00551	0.00407	0.00257	0.00702
25	0.01117	0.01093	0.01699	0.35695	0.35110	0.06579	0.04935	0.01403	0.01046	0.02808	0.00880	0.01208	0.00699	0.00467	0.00512	0.00151	0.03302	0.00425	0.00233	0.00637
26	0.00825	0.00488	0.00539	0.07507	0.00812	0.00490	0.00426	0.01035	0.01016	0.01632	0.02174	0.02318	0.17400	0.00685	0.00394	0.00126	0.00263	0.00560	0.60867	0.00444
27	0.01077	0.00815	0.00972	0.00713	0.01105	0.00627	0.00570	0.01287	0.01059	0.09306	0.07789	0.01276	0.01083	0.00431	0.00384	0.00085	0.00348	0.00353	0.00334	0.70385
28	0.01562	0.00848	0.01277	0.01145	0.09805	0.00762	0.08340	0.03077	0.01284	0.41258	0.13498	0.01918	0.01609	0.00620	0.00496	0.00145	0.00434	0.03352	0.00475	0.08095
29	0.00686	0.00658	0.07542	0.00656	0.00823	0.00501	0.00555	0.00925	0.01283	0.01796	0.62965	0.05550	0.12309	0.00971	0.00556	0.00153	0.00270	0.00849	0.00487	0.00466
30	0.00680	0.00493	0.00644	0.00617	0.00731	0.00456	0.00470	0.00902	0.01328	0.01866	0.72597	0.03723	0.06490	0.01007	0.00570	0.00155	0.00241	0.06062	0.00518	0.00449
31	0.01097	0.00786	0.00906	0.00796	0.01011	0.00831	0.00620	0.09985	0.27660	0.08425	0.36562	0.02497	0.02717	0.00779	0.00515	0.00152	0.00324	0.00665	0.03050	0.00622
32	0.01204	0.00841	0.01304	0.08659	0.31397	0.00829	0.00974	0.01435	0.01142	0.19035	0.10628	0.01993	0.09887	0.00888	0.07482	0.00202	0.00525	0.00559	0.00371	0.00648
33	0.01195	0.11399	0.17312	0.25815	0.07567	0.08105	0.01221	0.01484	0.01032	0.09157	0.00904	0.01124	0.00689	0.00506	0.00552	0.00148	0.08602	0.00382	0.00253	0.02554
34	0.01191	0.01044	0.01188	0.01107	0.10762	0.06380	0.00781	0.16955	0.01271	0.01771	0.01346	0.01460	0.09323	0.00558	0.00526	0.00121	0.07518	0.00428	0.03337	0.32932
35	0.01207	0.02066	0.01239	0.04327	0.08158	0.07869	0.02301	0.12606	0.06172	0.03283	0.01205	0.01627	0.02102	0.00573	0.00501	0.00129	0.04296	0.08693	0.00335	0.31310
36	0.01130	0.08412	0.10450	0.11659	0.31463	0.05252	0.12035	0.01431	0.01055	0.01439	0.02362	0.01167	0.00765	0.00461	0.00518	0.00143	0.04704	0.00417	0.00235	0.04899
37	0.01091	0.00984	0.01090	0.08165	0.15189	0.11165	0.00803	0.08654	0.04112	0.03113	0.04168	0.03397	0.21537	0.00719	0.00481	0.00143	0.00455	0.01586	0.08566	0.04582
38	0.10458	0.03955	0.02383	0.16153	0.18628	0.03173	0.00944	0.02143	0.03242	0.01472	0.02899	0.05766	0.01107	0.03693	0.09284	0.00225	0.01700	0.04533	0.00283	0.07959

[dist]
# distance from previous block
# <min> <max>
7	31

[block]
# block no. 2 follows, 53 sequences, length 36
# corresponding to MSA columns:
# 176-211
name=unknown_C
#
# <colnr> <probs for GDERKNQSTAVLIFYWHMCP>
#	G	D	E	R	K	N	Q	S	T	A	V	L	I	F	Y	W	H	M	C	P
0	0.01237	0.06423	0.14734	0.03589	0.34853	0.01061	0.01209	0.01612	0.06625	0.11150	0.01064	0.01201	0.00815	0.00457	0.00446	0.00134	0.00527	0.00399	0.00295	0.12169
1	0.01131	0.01186	0.06507	0.00911	0.01128	0.19420	0.00736	0.14489	0.04054	0.01638	0.09081	0.25125	0.09491	0.00925	0.00523	0.00158	0.00484	0.02075	0.00396	0.00543
2	0.00936	0.00867	0.06423	0.02532	0.01083	0.00726	0.00642	0.08962	0.08603	0.01706	0.13796	0.04701	0.15461	0.04977	0.00572	0.00147	0.00365	0.00604	0.02429	0.24467
3	0.03487	0.00898	0.01167	0.01003	0.06732	0.00820	0.03570	0.03461	0.13115	0.28979	0.04622	0.01460	0.01144	0.00520	0.00444	0.00126	0.00406	0.00437	0.00430	0.27179
4	0.00920	0.10325	0.03034	0.00870	0.01008	0.00999	0.00712	0.01045	0.00827	0.01198	0.01129	0.07255	0.02330	0.16075	0.08625	0.00269	0.27191	0.00514	0.03405	0.12270
5	0.03589	0.06874	0.04478	0.30217	0.20171	0.03973	0.08803	0.01311	0.01034	0.01397	0.03713	0.04748	0.03637	0.00532	0.00472	0.00148	0.00579	0.00484	0.00254	0.03585
6	0.10513	0.08593	0.04461	0.00976	0.06623	0.08748	0.04561	0.01555	0.03830	0.15444	0.04195	0.03447	0.01151	0.00568	0.00416	0.00136	0.00445	0.02124	0.21620	0.00596
7	0.00623	0.00465	0.00632	0.07675	0.00913	0.00458	0.00516	0.00728	0.00920	0.01211	0.02525	0.63081	0.07244	0.07086	0.00725	0.00209	0.00325	0.03855	0.00413	0.00396
8	0.00715	0.06340	0.00768	0.03539	0.00878	0.04539	0.00540	0.00830	0.00984	0.01239	0.02661	0.52161	0.14179	0.01279	0.00573	0.00180	0.00343	0.07421	0.00409	0.00424
9	0.01001	0.00880	0.01119	0.00799	0.01228	0.00677	0.06002	0.01226	0.01001	0.01556	0.00858	0.01012	0.00709	0.00357	0.00369	0.00077	0.00385	0.00303	0.00280	0.80161
10	0.01189	0.01027	0.01081	0.00973	0.01243	0.01189	0.00757	0.02540	0.79357	0.01999	0.01945	0.01783	0.01459	0.00648	0.00486	0.00162	0.00378	0.00540	0.00486	0.00757
11	0.01075	0.00995	0.01555	0.15166	0.39376	0.00968	0.02960	0.02820	0.01062	0.01524	0.01001	0.01248	0.03100	0.00440	0.00445	0.00126	0.00513	0.00406	0.00257	0.24963
12	0.00959	0.02472	0.80726	0.01362	0.02069	0.01110	0.01766	0.01514	0.01009	0.01514	0.00858	0.01009	0.00605	0.00454	0.00454	0.00151	0.00706	0.00353	0.00202	0.00706
13	0.00830	0.00415	0.00623	0.00623	0.00623	0.00415	0.00415	0.00623	0.00623	0.00830	0.00830	0.01453	0.00830	0.01660	0.01868	0.86094	0.00415	0.00415	0.00208	0.00208
14	0.01061	0.01346	0.20038	0.22551	0.23229	0.01083	0.10297	0.05216	0.01091	0.01548	0.00948	0.01223	0.00726	0.00461	0.00470	0.00149	0.00617	0.00426	0.06867	0.00653
15	0.01314	0.38967	0.12289	0.01000	0.01399	0.05256	0.04014	0.11909	0.08388	0.04232	0.00973	0.01123	0.00799	0.04750	0.00514	0.00145	0.01620	0.00365	0.00288	0.00653
16	0.00839	0.00815	0.11692	0.00809	0.01037	0.00600	0.02137	0.01074	0.01111	0.08036	0.14916	0.06454	0.20507	0.01260	0.08025	0.00228	0.00472	0.19074	0.00414	0.00501
17	0.01128	0.01289	0.02820	0.02015	0.02498	0.01209	0.78485	0.01531	0.01128	0.01531	0.00967	0.01289	0.00725	0.00403	0.00564	0.00161	0.00806	0.00564	0.00242	0.00645
18	0.06939	0.01037	0.00983	0.01033	0.10423	0.17614	0.00696	0.06757	0.01270	0.04599	0.20912	0.05200	0.12552	0.00749	0.00482	0.00143	0.00442	0.00614	0.07012	0.00544
19	0.03011	0.10580	0.11700	0.04572	0.27035	0.09129	0.19776	0.01565	0.01106	0.05717	0.00915	0.01128	0.00715	0.00440	0.00467	0.00142	0.00654	0.00419	0.00250	0.00679
20	0.01460	0.08955	0.08336	0.01568	0.23587	0.09311	0.01080	0.19588	0.07453	0.09229	0.01113	0.01199	0.00841	0.00505	0.00450	0.00139	0.00552	0.00408	0.03501	0.00726
21	0.00695	0.00463	0.00521	0.00521	0.00521	0.00463	0.00290	0.00695	0.00695	0.00927	0.01506	0.03128	0.01738	0.83203	0.02433	0.00463	0.00463	0.00695	0.00290	0.00290
22	0.01155	0.04130	0.14537	0.07548	0.05038	0.03769	0.16318	0.09911	0.06505	0.07270	0.01471	0.15267	0.03578	0.00681	0.00509	0.00158	0.00563	0.00620	0.00340	0.00634
23	0.01340	0.04380	0.26036	0.12459	0.04739	0.06205	0.06585	0.07420	0.01204	0.18230	0.01191	0.01292	0.02228	0.00510	0.00464	0.00146	0.00597	0.00423	0.03872	0.00681
24	0.01247	0.00715	0.00881	0.00805	0.01010	0.00712	0.00612	0.04481	0.19260	0.25573	0.06023	0.32547	0.02148	0.00967	0.00535	0.00169	0.00346	0.00844	0.00504	0.00621
25	0.00947	0.00936	0.01706	0.66306	0.03136	0.01091	0.16508	0.01282	0.00990	0.01282	0.00873	0.01277	0.00654	0.00463	0.00495	0.00160	0.00670	0.00452	0.00218	0.00553
26	0.01458	0.20518	0.16310	0.02924	0.04851	0.01396	0.04893	0.30955	0.01506	0.07543	0.01017	0.01091	0.00752	0.00498	0.00435	0.00136	0.00559	0.00386	0.02047	0.00723
27	0.01097	0.01072	0.01826	0.16044	0.30970	0.01119	0.18606	0.01610	0.15945	0.01567	0.01270	0.01480	0.04180	0.00505	0.00501	0.00154	0.00584	0.00503	0.00290	0.00677
28	0.00603	0.00486	0.00537	0.00524	0.00669	0.00420	0.00393	0.00759	0.01179	0.01503	0.30263	0.04251	0.54473	0.01132	0.00564	0.00158	0.00236	0.00960	0.00472	0.00420
29	0.02840	0.00781	0.00808	0.00768	0.00940	0.06306	0.00573	0.04163	0.19283	0.07569	0.11101	0.25482	0.13752	0.02686	0.00573	0.00171	0.00355	0.00852	0.00455	0.00543
30	0.05903	0.00929	0.06534	0.01002	0.06635	0.00848	0.00789	0.17284	0.03220	0.12726	0.10448	0.11298	0.06525	0.02414	0.00558	0.00169	0.00422	0.11246	0.00438	0.00611
31	0.00613	0.00458	0.00604	0.00669	0.00739	0.00449	0.00484	0.00731	0.00923	0.01219	0.02708	0.45702	0.16373	0.01920	0.19315	0.00323	0.00513	0.05454	0.00400	0.00403
32	0.00903	0.00850	0.01434	0.82054	0.03292	0.01062	0.01327	0.01221	0.00956	0.01221	0.00850	0.01274	0.00637	0.00478	0.00478	0.00159	0.00637	0.00425	0.00212	0.00531
33	0.07892	0.02825	0.12685	0.11195	0.07856	0.05376	0.13339	0.06235	0.01100	0.01545	0.01419	0.16187	0.04069	0.00709	0.00499	0.00160	0.00554	0.03905	0.01872	0.00576
34	0.05297	0.01777	0.35633	0.01184	0.01622	0.06802	0.01246	0.18492	0.04509	0.01833	0.00952	0.01094	0.00717	0.00549	0.00600	0.00154	0.11956	0.00384	0.04525	0.00674
35	0.01054	0.00633	0.00857	0.00901	0.07040	0.00577	0.00608	0.03858	0.01082	0.18734	0.02111	0.47948	0.02221	0.01073	0.00542	0.00166	0.00344	0.00957	0.00446	0.08850

[dist]
# distance from previous block
# <min> <max>
0	3

[block]
# block no. 3 follows, 53 sequences, length 10
# corresponding to MSA columns:
# 215-224
name=unknown_D
#
# <colnr> <probs for GDERKNQSTAVLIFYWHMCP>
#	G	D	E	R	K	N	Q	S	T	A	V	L	I	F	Y	W	H	M	C	P
0	0.01389	0.08467	0.01949	0.06076	0.12439	0.24706	0.22158	0.08960	0.01248	0.01495	0.00854	0.01076	0.00685	0.00481	0.00543	0.00144	0.06025	0.00415	0.00258	0.00633
1	0.00661	0.00488	0.00707	0.00732	0.00799	0.00543	0.00546	0.00802	0.00798	0.01125	0.01600	0.20357	0.01671	0.07327	0.58789	0.00622	0.01009	0.00714	0.00300	0.00411
2	0.01182	0.40246	0.12643	0.01172	0.04276	0.01442	0.14941	0.04080	0.01055	0.01392	0.00796	0.00953	0.00658	0.00412	0.00391	0.00118	0.00570	0.00340	0.00233	0.13100
3	0.01032	0.01658	0.30851	0.08253	0.02052	0.08188	0.25504	0.01426	0.01105	0.01479	0.07202	0.01551	0.06445	0.00536	0.00505	0.00153	0.00677	0.00506	0.00261	0.00618
4	0.03096	0.03595	0.01359	0.07771	0.02958	0.44543	0.00928	0.18195	0.04307	0.04233	0.00986	0.02639	0.00797	0.00548	0.00452	0.00136	0.00699	0.01816	0.00320	0.00622
5	0.03969	0.00490	0.00609	0.00652	0.00750	0.00451	0.00460	0.00876	0.00998	0.09559	0.04842	0.56458	0.15486	0.01303	0.00576	0.00181	0.00287	0.01156	0.00456	0.00442
6	0.01047	0.01708	0.33611	0.01384	0.01890	0.07552	0.23321	0.01434	0.01061	0.01472	0.01028	0.07992	0.00871	0.00516	0.00482	0.00144	0.00660	0.00484	0.00249	0.13093
7	0.01129	0.01092	0.07957	0.20835	0.05043	0.00969	0.00958	0.15269	0.03365	0.01747	0.00936	0.01120	0.00724	0.00443	0.00424	0.00118	0.00494	0.00363	0.00298	0.36718
8	0.00954	0.00832	0.00939	0.00777	0.01062	0.00808	0.00613	0.01462	0.23373	0.01589	0.02063	0.02052	0.19172	0.00675	0.00539	0.00129	0.07026	0.00535	0.00372	0.35029
9	0.00777	0.00667	0.00924	0.00866	0.00960	0.00723	0.03262	0.00895	0.00887	0.01262	0.01813	0.47594	0.02084	0.01127	0.00812	0.00179	0.20954	0.00938	0.00354	0.12920

[dist]
# distance from previous block
# <min> <max>
1	5

[block]
# block no. 4 follows, 53 sequences, length 43
# corresponding to MSA columns:
# 230-272
name=unknown_E
#
# <colnr> <probs for GDERKNQSTAVLIFYWHMCP>
#	G	D	E	R	K	N	Q	S	T	A	V	L	I	F	Y	W	H	M	C	P
0	0.03354	0.17116	0.09095	0.00998	0.01366	0.03621	0.00898	0.28817	0.14242	0.07129	0.01224	0.03074	0.00947	0.00734	0.05132	0.00177	0.00553	0.00429	0.00383	0.00709
1	0.01250	0.65807	0.04761	0.00815	0.01187	0.06425	0.00796	0.01424	0.00999	0.01221	0.00785	0.00905	0.00688	0.00434	0.00322	0.00106	0.00503	0.00285	0.10695	0.00592
2	0.01161	0.07387	0.11190	0.18755	0.01885	0.02871	0.09100	0.09956	0.02611	0.06686	0.06810	0.01394	0.02458	0.00518	0.00474	0.00137	0.01677	0.00442	0.00311	0.14176
3	0.05820	0.06448	0.18155	0.01481	0.18660	0.11176	0.03084	0.12293	0.01267	0.03021	0.06917	0.03449	0.02870	0.00573	0.00465	0.00145	0.00574	0.02638	0.00309	0.00657
4	0.01332	0.01248	0.15089	0.01714	0.24933	0.01022	0.09884	0.01628	0.01129	0.21311	0.06211	0.01416	0.01062	0.00549	0.00604	0.00155	0.09202	0.00470	0.00336	0.00705
5	0.00783	0.00419	0.00588	0.00612	0.00631	0.00413	0.00412	0.00687	0.00729	0.01022	0.01306	0.19267	0.01383	0.01501	0.01422	0.57717	0.00363	0.00625	0.09847	0.00274
6	0.00864	0.00853	0.03004	0.05931	0.05114	0.00921	0.14198	0.01042	0.00918	0.01265	0.01733	0.21165	0.10223	0.06256	0.02082	0.00209	0.22669	0.00752	0.00304	0.00498
7	0.01148	0.09866	0.32433	0.01602	0.19044	0.01198	0.06250	0.06486	0.05307	0.03279	0.00947	0.01104	0.00726	0.00464	0.00476	0.00141	0.02669	0.00388	0.00259	0.06214
8	0.00692	0.00477	0.00591	0.00591	0.00615	0.00501	0.00377	0.00740	0.00716	0.00978	0.01442	0.02775	0.01584	0.60716	0.24710	0.00549	0.00694	0.00643	0.00280	0.00328
9	0.00891	0.00445	0.00445	0.00445	0.00557	0.00445	0.00334	0.01114	0.01002	0.01782	0.01559	0.01782	0.01225	0.00557	0.00334	0.00111	0.00223	0.00445	0.85856	0.00445
10	0.01357	0.01003	0.01589	0.29193	0.11620	0.01092	0.10199	0.11002	0.01223	0.18830	0.01115	0.01309	0.00802	0.00527	0.00573	0.00157	0.06955	0.00454	0.00334	0.00667
11	0.01347	0.14593	0.19921	0.01312	0.05789	0.24036	0.06477	0.06646	0.07914	0.01476	0.00902	0.01036	0.00714	0.00500	0.00502	0.00140	0.05416	0.00368	0.00262	0.00648
12	0.01531	0.01849	0.02876	0.02929	0.03432	0.47958	0.21480	0.05438	0.03392	0.01384	0.00876	0.01081	0.00705	0.02349	0.00517	0.00144	0.00796	0.00402	0.00262	0.00596
13	0.01066	0.06456	0.10756	0.01389	0.01797	0.00996	0.36678	0.01375	0.01058	0.06030	0.01243	0.13829	0.01128	0.02504	0.00554	0.00156	0.00606	0.00606	0.00293	0.11481
14	0.00991	0.00850	0.00991	0.00708	0.01133	0.00637	0.00566	0.01203	0.00991	0.01557	0.00850	0.00991	0.00708	0.00354	0.00354	0.00071	0.00354	0.00283	0.00283	0.86124
15	0.00789	0.00674	0.01065	0.03503	0.13756	0.00716	0.05733	0.00947	0.00899	0.01249	0.01682	0.33686	0.01841	0.06487	0.17821	0.00321	0.07191	0.00837	0.00323	0.00481
16	0.00603	0.00432	0.00573	0.00652	0.00698	0.00402	0.00445	0.00717	0.01011	0.01372	0.19516	0.65575	0.03456	0.01384	0.00600	0.00185	0.00266	0.01251	0.00462	0.00402
17	0.01573	0.01238	0.01547	0.10619	0.19232	0.01358	0.01080	0.52721	0.01844	0.02487	0.01059	0.01170	0.00781	0.00530	0.00477	0.00145	0.00548	0.00429	0.00394	0.00769
18	0.00863	0.00713	0.00773	0.00734	0.00905	0.00762	0.00546	0.01503	0.34861	0.01551	0.04798	0.08914	0.23590	0.11661	0.05460	0.00238	0.00392	0.00760	0.00434	0.00543
19	0.00632	0.00470	0.00599	0.00684	0.00767	0.00438	0.00518	0.00763	0.01009	0.01297	0.03127	0.42295	0.21239	0.01379	0.00614	0.00194	0.00315	0.22812	0.00443	0.00407
20	0.00580	0.00424	0.00546	0.00643	0.00687	0.00390	0.00434	0.00668	0.00936	0.01229	0.02905	0.73304	0.12573	0.01462	0.00605	0.00190	0.00273	0.01316	0.00444	0.00390
21	0.01222	0.01025	0.01547	0.29800	0.02147	0.01194	0.10547	0.18187	0.01240	0.06725	0.01038	0.05129	0.00840	0.00615	0.00707	0.00167	0.16456	0.00490	0.00309	0.00616
22	0.00599	0.00448	0.00538	0.00602	0.00670	0.00409	0.00414	0.00689	0.00947	0.01213	0.03149	0.46276	0.25943	0.11618	0.00826	0.00219	0.00297	0.04335	0.00424	0.00383
23	0.01555	0.06667	0.01368	0.01014	0.01373	0.17093	0.00821	0.36697	0.06679	0.02144	0.01022	0.01073	0.00780	0.00504	0.00431	0.00122	0.00544	0.00370	0.00373	0.19368
24	0.01128	0.01289	0.02820	0.02015	0.02498	0.01209	0.78485	0.01531	0.01128	0.01531	0.00967	0.01289	0.00725	0.00403	0.00564	0.00161	0.00806	0.00564	0.00242	0.00645
25	0.06815	0.01080	0.01354	0.37034	0.05967	0.07623	0.01070	0.15627	0.03850	0.11357	0.01043	0.01236	0.00759	0.00521	0.00490	0.00152	0.02644	0.00416	0.00326	0.00636
26	0.01317	0.23455	0.03283	0.06376	0.01652	0.19738	0.14100	0.01823	0.20715	0.01436	0.01069	0.01169	0.00846	0.00492	0.00438	0.00137	0.00620	0.00404	0.00291	0.00637
27	0.00582	0.00416	0.00555	0.00666	0.00693	0.00388	0.00444	0.00666	0.00915	0.01220	0.02634	0.82891	0.03161	0.01497	0.00610	0.00194	0.00277	0.01359	0.00444	0.00388
28	0.00959	0.02472	0.80726	0.01362	0.02069	0.01110	0.01766	0.01514	0.01009	0.01514	0.00858	0.01009	0.00605	0.00454	0.00454	0.00151	0.00706	0.00353	0.00202	0.00706
29	0.01009	0.06505	0.10049	0.01270	0.01568	0.06215	0.23373	0.01304	0.03891	0.01363	0.01652	0.06977	0.13174	0.00785	0.02417	0.00179	0.14742	0.02677	0.00288	0.00563
30	0.00582	0.00416	0.00555	0.00666	0.00693	0.00388	0.00444	0.00666	0.00915	0.01220	0.02634	0.82891	0.03161	0.01497	0.00610	0.00194	0.00277	0.01359	0.00444	0.00388
31	0.00580	0.00424	0.00547	0.00645	0.00688	0.00390	0.00435	0.00668	0.00935	0.01228	0.02881	0.74126	0.11766	0.01465	0.00605	0.00190	0.00273	0.01320	0.00444	0.00390
32	0.01052	0.02124	0.59090	0.01295	0.01855	0.03312	0.01533	0.07302	0.02898	0.01579	0.00972	0.01126	0.02599	0.00534	0.00595	0.00158	0.10672	0.00386	0.00237	0.00682
33	0.00869	0.00750	0.00978	0.02681	0.02188	0.06809	0.05695	0.01055	0.00972	0.01289	0.01689	0.06046	0.01736	0.07807	0.20449	0.00351	0.05967	0.27794	0.04418	0.00457
34	0.00597	0.00434	0.00549	0.00628	0.00671	0.00406	0.00420	0.00678	0.00905	0.01190	0.02732	0.60499	0.12696	0.11534	0.03487	0.00242	0.00329	0.01205	0.00419	0.00379
35	0.03499	0.01001	0.01131	0.00931	0.01163	0.03372	0.00754	0.31941	0.01522	0.09782	0.10825	0.01598	0.01340	0.02270	0.04372	0.00185	0.13134	0.00489	0.10049	0.00641
36	0.01114	0.11850	0.27592	0.01586	0.18243	0.02316	0.09315	0.05233	0.08711	0.01578	0.01206	0.01418	0.04529	0.00523	0.00466	0.00147	0.00595	0.02620	0.00273	0.00685
37	0.00814	0.00426	0.00639	0.00639	0.00649	0.00436	0.00436	0.00649	0.00639	0.00861	0.00881	0.01500	0.00871	0.01876	0.10761	0.76542	0.00512	0.00426	0.00213	0.00232
38	0.00675	0.00497	0.00662	0.05934	0.00906	0.00495	0.00528	0.05225	0.00995	0.01324	0.02433	0.72890	0.02862	0.01378	0.00594	0.00189	0.00315	0.01245	0.00431	0.00422
39	0.01215	0.03195	0.04442	0.09767	0.05402	0.01134	0.43708	0.03318	0.01120	0.10341	0.01059	0.03043	0.00811	0.00488	0.00590	0.00157	0.05943	0.00517	0.00285	0.03465
40	0.11981	0.25039	0.31446	0.01020	0.01502	0.01245	0.03652	0.01501	0.02085	0.07081	0.04903	0.01123	0.00869	0.00478	0.00399	0.00135	0.00543	0.00359	0.02432	0.02208
41	0.15389	0.09235	0.19452	0.01083	0.04089	0.06327	0.02753	0.17886	0.02423	0.04223	0.00911	0.01007	0.00688	0.00467	0.00408	0.00132	0.00540	0.00346	0.00308	0.12334
42	0.09110	0.19634	0.19395	0.06600	0.11167	0.07231	0.01085	0.05868	0.01088	0.01500	0.01249	0.01373	0.09524	0.00546	0.00453	0.00140	0.02744	0.00413	0.00263	0.00619

[dist]
# distance from previous block
# <min> <max>
2	43

[block]
# block no. 5 follows, 53 sequences, length 34
# corresponding to MSA columns:
# 319-352
name=unknown_F
#
# <colnr> <probs for GDERKNQSTAVLIFYWHMCP>
#	G	D	E	R	K	N	Q	S	T	A	V	L	I	F	Y	W	H	M	C	P
0	0.01086	0.10033	0.01093	0.02636	0.01080	0.07462	0.00675	0.14388	0.05530	0.03531	0.03135	0.24842	0.03045	0.01289	0.12571	0.00247	0.02073	0.00706	0.04033	0.00545
1	0.03438	0.09367	0.02997	0.25404	0.02034	0.01270	0.09280	0.13825	0.16179	0.04112	0.01112	0.01279	0.00842	0.00538	0.00542	0.00154	0.06212	0.00441	0.00323	0.00650
2	0.05993	0.41164	0.05950	0.09486	0.10723	0.11093	0.00990	0.03356	0.01060	0.01328	0.00826	0.01110	0.00729	0.00478	0.00386	0.00127	0.00572	0.03782	0.00236	0.00611
3	0.01277	0.20164	0.03419	0.00908	0.01193	0.01110	0.04908	0.07573	0.01190	0.16113	0.13258	0.01691	0.04967	0.00641	0.00588	0.00141	0.11086	0.00489	0.05106	0.04176
4	0.00830	0.00415	0.00623	0.00623	0.00623	0.00415	0.00415	0.00623	0.00623	0.00830	0.00830	0.01453	0.00830	0.01660	0.01868	0.86094	0.00415	0.00415	0.00208	0.00208
5	0.00582	0.00446	0.00535	0.00604	0.00684	0.00399	0.00423	0.00683	0.00986	0.01253	0.03458	0.51205	0.31946	0.01385	0.00595	0.00183	0.00269	0.03526	0.00444	0.00396
6	0.29725	0.00892	0.00938	0.00787	0.01106	0.00920	0.00638	0.01865	0.18727	0.23016	0.01384	0.01452	0.01027	0.00554	0.00411	0.00144	0.00382	0.03582	0.00422	0.12028
7	0.01198	0.02558	0.01916	0.22352	0.10165	0.01224	0.26321	0.14382	0.09941	0.01738	0.01056	0.01292	0.00798	0.00490	0.00528	0.00156	0.02442	0.00481	0.00299	0.00664
8	0.00830	0.00415	0.00623	0.00623	0.00623	0.00415	0.00415	0.00623	0.00623	0.00830	0.00830	0.01453	0.00830	0.01660	0.01868	0.86094	0.00415	0.00415	0.00208	0.00208
9	0.00575	0.00443	0.00527	0.00594	0.00674	0.00394	0.00412	0.00674	0.00984	0.01248	0.03511	0.51806	0.33680	0.01383	0.00592	0.00181	0.00263	0.01220	0.00444	0.00394
10	0.00683	0.00512	0.00768	0.00768	0.00853	0.00597	0.00597	0.00853	0.00768	0.01110	0.01280	0.01878	0.01195	0.03585	0.81308	0.00768	0.01280	0.00512	0.00256	0.00427
11	0.06120	0.00848	0.01108	0.00854	0.01221	0.00763	0.00705	0.06510	0.01390	0.72550	0.01787	0.01560	0.01131	0.00584	0.00472	0.00148	0.00412	0.00467	0.00571	0.00799
12	0.04950	0.00860	0.00878	0.00780	0.01010	0.04680	0.00607	0.09047	0.25006	0.06947	0.16837	0.02677	0.22129	0.00826	0.00508	0.00155	0.00354	0.00682	0.00469	0.00598
13	0.00590	0.00421	0.00563	0.00674	0.00705	0.00395	0.00457	0.00679	0.00923	0.01229	0.02630	0.79774	0.03145	0.01490	0.00612	0.00195	0.00284	0.04401	0.00444	0.00390
14	0.09408	0.00788	0.00967	0.00788	0.01075	0.00755	0.00636	0.08395	0.04950	0.41199	0.23488	0.02057	0.02031	0.00687	0.00487	0.00149	0.00362	0.00566	0.00532	0.00683
15	0.00891	0.00445	0.00445	0.00445	0.00557	0.00445	0.00334	0.01114	0.01002	0.01782	0.01559	0.01782	0.01225	0.00557	0.00334	0.00111	0.00223	0.00445	0.85856	0.00445
16	0.00581	0.00421	0.00549	0.00652	0.00690	0.00389	0.00438	0.00667	0.00928	0.01225	0.02800	0.77003	0.08941	0.01476	0.00607	0.00192	0.00275	0.01332	0.00444	0.00389
17	0.00915	0.00892	0.01210	0.04713	0.01190	0.01172	0.00882	0.01034	0.00834	0.01190	0.01725	0.01973	0.21116	0.00917	0.01260	0.00195	0.57449	0.00571	0.00270	0.00492
18	0.00758	0.00637	0.00939	0.01074	0.11439	0.00624	0.05882	0.01019	0.08781	0.01370	0.02400	0.52116	0.08707	0.01173	0.00573	0.00179	0.00359	0.01071	0.00407	0.00493
19	0.00991	0.00850	0.00991	0.00708	0.01133	0.00637	0.00566	0.01203	0.00991	0.01557	0.00850	0.00991	0.00708	0.00354	0.00354	0.00071	0.00354	0.00283	0.00283	0.86124
20	0.00580	0.00424	0.00547	0.00645	0.00688	0.00390	0.00435	0.00668	0.00934	0.01228	0.02879	0.74197	0.11696	0.01466	0.00605	0.00190	0.00273	0.01320	0.00444	0.00390
21	0.00991	0.10625	0.72854	0.01308	0.01984	0.01189	0.01671	0.01505	0.01005	0.01475	0.00838	0.00985	0.00606	0.00450	0.00439	0.00146	0.00687	0.00343	0.00202	0.00697
22	0.00991	0.00850	0.00991	0.00708	0.01133	0.00637	0.00566	0.01203	0.00991	0.01557	0.00850	0.00991	0.00708	0.00354	0.00354	0.00071	0.00354	0.00283	0.00283	0.86124
23	0.01016	0.11994	0.18107	0.01029	0.01297	0.07453	0.00983	0.04465	0.00947	0.01285	0.00955	0.01320	0.00846	0.03182	0.28751	0.00372	0.14796	0.00413	0.00239	0.00550
24	0.00754	0.00655	0.00671	0.00643	0.00781	0.07858	0.00489	0.00942	0.01269	0.01655	0.48410	0.03697	0.24162	0.01014	0.00557	0.00155	0.00300	0.05068	0.00474	0.00447
25	0.00943	0.00867	0.01166	0.01008	0.01050	0.01113	0.00801	0.01033	0.00748	0.01131	0.00885	0.01581	0.00927	0.21172	0.04263	0.00277	0.52006	0.00477	0.00237	0.08314
26	0.01605	0.01179	0.01284	0.01019	0.01339	0.01298	0.00824	0.64630	0.01992	0.02672	0.01306	0.08768	0.01087	0.04608	0.03947	0.00189	0.00532	0.00531	0.00457	0.00734
27	0.08906	0.00825	0.00879	0.00792	0.01012	0.00910	0.00615	0.06058	0.37524	0.03400	0.20602	0.03417	0.02071	0.00708	0.00472	0.00151	0.00330	0.00588	0.10116	0.00624
28	0.00618	0.00461	0.00589	0.00654	0.00730	0.00412	0.00448	0.00717	0.00936	0.01257	0.02653	0.68896	0.09300	0.01369	0.00583	0.00180	0.00281	0.01231	0.00429	0.08254
29	0.00908	0.00998	0.08707	0.74652	0.03180	0.01066	0.01368	0.01248	0.00961	0.01248	0.00850	0.01250	0.00634	0.00476	0.00476	0.00159	0.00643	0.00418	0.00211	0.00547
30	0.04157	0.38835	0.01643	0.00804	0.01085	0.01209	0.05908	0.01195	0.00993	0.01330	0.09218	0.01698	0.08437	0.01088	0.14066	0.00231	0.00581	0.00464	0.06525	0.00533
31	0.00628	0.00544	0.00627	0.00716	0.07949	0.00473	0.00469	0.00770	0.01104	0.01352	0.08766	0.04228	0.68448	0.01125	0.00556	0.00159	0.00271	0.00947	0.00430	0.00439
32	0.03964	0.00786	0.01042	0.00812	0.01161	0.00684	0.00667	0.02157	0.01330	0.71457	0.02128	0.01880	0.08400	0.00645	0.00484	0.00149	0.00391	0.00524	0.00571	0.00769
33	0.01029	0.00978	0.01662	0.46419	0.37940	0.01095	0.01390	0.01332	0.01015	0.01374	0.00872	0.01233	0.00691	0.00454	0.00476	0.00151	0.00606	0.00425	0.00223	0.00633

[dist]
# distance from previous block
# <min> <max>
0	3

[block]
# block no. 6 follows, 53 sequences, length 6
# corresponding to MSA columns:
# 356-361
name=unknown_G
#
# <colnr> <probs for GDERKNQSTAVLIFYWHMCP>
#	G	D	E	R	K	N	Q	S	T	A	V	L	I	F	Y	W	H	M	C	P
0	0.01295	0.00934	0.01046	0.00885	0.01150	0.01000	0.00708	0.26934	0.21587	0.08497	0.18576	0.02327	0.07743	0.00764	0.00514	0.00155	0.00389	0.04326	0.00495	0.00673
1	0.01044	0.00536	0.00563	0.00521	0.00670	0.00539	0.00401	0.06891	0.01119	0.07234	0.01551	0.01725	0.01192	0.00560	0.00355	0.00116	0.00258	0.00447	0.73779	0.00498
2	0.00693	0.00570	0.00624	0.00624	0.00788	0.00539	0.00489	0.01008	0.11945	0.01461	0.10050	0.04254	0.50873	0.01132	0.00569	0.00170	0.00291	0.13001	0.00456	0.00462
3	0.13051	0.00997	0.04975	0.13980	0.01752	0.01004	0.16064	0.01542	0.04761	0.17007	0.01251	0.06721	0.01016	0.00682	0.02336	0.00178	0.09139	0.02596	0.00339	0.00610
4	0.00743	0.00477	0.00618	0.00668	0.00758	0.00436	0.00481	0.00862	0.01029	0.08509	0.09079	0.52595	0.13699	0.01321	0.00592	0.00184	0.00292	0.06756	0.00464	0.00438
5	0.00860	0.00787	0.01221	0.59324	0.02604	0.00940	0.01095	0.01219	0.07273	0.01293	0.01598	0.06713	0.11844	0.00655	0.00499	0.00162	0.00540	0.00571	0.00280	0.00523

[dist]
# distance from previous block
# <min> <max>
4	9

[block]
# block no. 7 follows, 53 sequences, length 7
# corresponding to MSA columns:
# 374-380
name=unknown_H
#
# <colnr> <probs for GDERKNQSTAVLIFYWHMCP>
#	G	D	E	R	K	N	Q	S	T	A	V	L	I	F	Y	W	H	M	C	P
0	0.01115	0.08532	0.29408	0.01179	0.01566	0.07743	0.04042	0.04020	0.14543	0.01538	0.05079	0.03502	0.01038	0.00606	0.00642	0.00157	0.13909	0.00448	0.00289	0.00644
1	0.07531	0.14053	0.33367	0.01100	0.01587	0.05290	0.03405	0.10536	0.03848	0.08974	0.01014	0.01096	0.00743	0.00486	0.00422	0.00140	0.00578	0.00367	0.04783	0.00679
2	0.01039	0.01148	0.12851	0.00870	0.01111	0.13710	0.00760	0.02883	0.06841	0.06411	0.16059	0.06118	0.08744	0.10639	0.08488	0.00246	0.00562	0.00624	0.00368	0.00530
3	0.09460	0.10169	0.13652	0.01386	0.13452	0.01066	0.13089	0.01509	0.07394	0.08288	0.01311	0.13056	0.01174	0.00633	0.00475	0.00154	0.00527	0.02250	0.00319	0.00637
4	0.01183	0.01358	0.11705	0.21165	0.32662	0.07681	0.08066	0.07635	0.01165	0.01556	0.00895	0.01163	0.00700	0.00457	0.00477	0.00148	0.00643	0.00419	0.00247	0.00675
5	0.01623	0.07446	0.01065	0.00770	0.01050	0.00719	0.00622	0.01789	0.01246	0.50078	0.13547	0.07915	0.01826	0.07316	0.00645	0.00173	0.00383	0.00601	0.00515	0.00670
6	0.01126	0.00659	0.00813	0.00753	0.00941	0.00642	0.00570	0.01515	0.16914	0.22210	0.14331	0.27516	0.08040	0.00989	0.00541	0.00167	0.00321	0.00863	0.00504	0.00584

[dist]
# distance from previous block
# <min> <max>
0	4

[block]
# block no. 8 follows, 53 sequences, length 21
# corresponding to MSA columns:
# 385-405
name=unknown_I
#
# <colnr> <probs for GDERKNQSTAVLIFYWHMCP>
#	G	D	E	R	K	N	Q	S	T	A	V	L	I	F	Y	W	H	M	C	P
0	0.17420	0.00864	0.00936	0.00693	0.01093	0.00721	0.00557	0.01242	0.00957	0.01670	0.00814	0.00950	0.00671	0.00371	0.00343	0.00086	0.00357	0.00278	0.00286	0.69692
1	0.00667	0.00482	0.00702	0.00729	0.00793	0.00533	0.00542	0.00790	0.00793	0.01115	0.01587	0.21462	0.01662	0.04995	0.55129	0.05636	0.00966	0.00716	0.00299	0.00401
2	0.01554	0.01887	0.01216	0.01158	0.04221	0.62791	0.00822	0.01659	0.01218	0.01138	0.00892	0.01309	0.00836	0.16366	0.00817	0.00189	0.00775	0.00387	0.00254	0.00511
3	0.00602	0.00434	0.00596	0.00685	0.00724	0.00428	0.00473	0.00702	0.00887	0.01199	0.02374	0.67340	0.02784	0.01898	0.16100	0.00304	0.00470	0.01196	0.00408	0.00396
4	0.00664	0.00524	0.00709	0.16233	0.01161	0.00537	0.00579	0.00789	0.00924	0.01189	0.02528	0.36426	0.17448	0.15185	0.00888	0.00228	0.00375	0.02837	0.00373	0.00403
5	0.00724	0.00608	0.00646	0.00638	0.00804	0.00598	0.00476	0.01147	0.20683	0.01456	0.03732	0.17485	0.46984	0.01119	0.00553	0.00167	0.00282	0.00952	0.00454	0.00489
6	0.01285	0.01175	0.01080	0.00960	0.01191	0.16431	0.00745	0.16030	0.27694	0.01867	0.06102	0.07405	0.01430	0.00922	0.07085	0.00200	0.01977	0.00543	0.05242	0.00635
7	0.00601	0.00454	0.00555	0.00597	0.00685	0.00408	0.00422	0.00731	0.01076	0.01415	0.22668	0.40161	0.25926	0.01283	0.00585	0.00174	0.00254	0.01133	0.00464	0.00408
8	0.00633	0.00522	0.00567	0.00583	0.00740	0.00468	0.00460	0.00831	0.04739	0.01351	0.04263	0.04621	0.61532	0.01205	0.00580	0.00173	0.00286	0.15574	0.00445	0.00427
9	0.02826	0.01166	0.16316	0.00935	0.01292	0.00910	0.00878	0.18101	0.06043	0.20664	0.20597	0.03705	0.03092	0.00686	0.00497	0.00150	0.00438	0.00566	0.00460	0.00680
10	0.01083	0.02874	0.01630	0.01790	0.30907	0.06357	0.12592	0.01320	0.01048	0.01449	0.01124	0.12605	0.01070	0.00633	0.01913	0.00150	0.03598	0.00540	0.00275	0.17044
11	0.01028	0.00887	0.00864	0.00807	0.00943	0.15173	0.00613	0.01178	0.01148	0.08486	0.22311	0.17856	0.10653	0.00995	0.02139	0.00171	0.09587	0.00766	0.03901	0.00492
12	0.00695	0.00463	0.00521	0.00521	0.00521	0.00463	0.00290	0.00695	0.00695	0.00927	0.01506	0.03128	0.01738	0.83203	0.02433	0.00463	0.00463	0.00695	0.00290	0.00290
13	0.14847	0.08718	0.02474	0.01028	0.07190	0.12138	0.00784	0.02973	0.01126	0.22285	0.01058	0.01106	0.00781	0.00490	0.00459	0.00128	0.04646	0.00353	0.00348	0.17068
14	0.01023	0.01122	0.02385	0.01756	0.02152	0.01051	0.63505	0.01365	0.01087	0.01471	0.01287	0.16953	0.01193	0.00613	0.00573	0.00167	0.00704	0.00717	0.00281	0.00595
15	0.03188	0.00808	0.00864	0.00811	0.00974	0.04559	0.00611	0.19106	0.08191	0.03097	0.03454	0.30258	0.02002	0.08883	0.00713	0.00197	0.00401	0.06280	0.05065	0.00536
16	0.01233	0.67665	0.02305	0.00902	0.01232	0.01809	0.00862	0.01377	0.00925	0.01129	0.00657	0.00820	0.00616	0.00491	0.00549	0.00123	0.16216	0.00287	0.00205	0.00596
17	0.00625	0.00434	0.00542	0.00610	0.00628	0.00417	0.00385	0.00677	0.00831	0.01108	0.02203	0.52407	0.02617	0.32723	0.01307	0.00297	0.00348	0.01105	0.00385	0.00351
18	0.24251	0.02426	0.02575	0.01205	0.15913	0.05284	0.00808	0.09298	0.01150	0.11969	0.01356	0.15663	0.01256	0.00701	0.00454	0.00156	0.00450	0.04103	0.00368	0.00612
19	0.01192	0.26635	0.22757	0.01089	0.01475	0.01390	0.03022	0.08810	0.01107	0.05025	0.06483	0.01173	0.00940	0.00567	0.00637	0.00147	0.16251	0.00391	0.00272	0.00638
20	0.00887	0.00839	0.00819	0.00810	0.00907	0.16423	0.00597	0.01012	0.00894	0.01111	0.01396	0.13265	0.01434	0.13870	0.42947	0.00518	0.00942	0.00617	0.00285	0.00427

[dist]
# distance from previous block
# <min> <max>
0	217

# created by:
# /st0/software/busco_prod/Augustus/scripts/msa2prfl.pl ./align_prep/52547.fa
