[name]
unknown

[dist]
# distance from previous block
# <min> <max>
0	31

[block]
# block no. 0 follows, 43 sequences, length 50
# corresponding to MSA columns:
# 31-60,62-81
name=unknown_A
#
# <colnr> <probs for GDERKNQSTAVLIFYWHMCP>
#	G	D	E	R	K	N	Q	S	T	A	V	L	I	F	Y	W	H	M	C	P
0	0.01626	0.02984	0.01363	0.01245	0.03686	0.18398	0.00988	0.16488	0.06954	0.09592	0.01871	0.02981	0.01719	0.00937	0.00639	0.00193	0.02558	0.24594	0.00471	0.00712
1	0.04353	0.06129	0.25266	0.01240	0.04561	0.03291	0.04902	0.06442	0.03443	0.06149	0.01346	0.02021	0.01214	0.25894	0.01247	0.00285	0.00660	0.00560	0.00334	0.00662
2	0.01035	0.01075	0.08790	0.01872	0.29410	0.00966	0.01174	0.01311	0.01056	0.01519	0.01332	0.04204	0.01231	0.06271	0.35683	0.00513	0.01029	0.00579	0.00291	0.00659
3	0.01050	0.00653	0.00773	0.00762	0.00792	0.06586	0.00519	0.00874	0.00816	0.01060	0.01020	0.01692	0.00991	0.03350	0.01942	0.70655	0.00510	0.00480	0.05184	0.00290
4	0.00952	0.00860	0.01270	0.30981	0.04397	0.02975	0.04762	0.01252	0.02682	0.01634	0.18654	0.05975	0.13332	0.03962	0.03772	0.00224	0.00578	0.00774	0.00393	0.00571
5	0.29149	0.01735	0.01556	0.01365	0.04627	0.29392	0.11106	0.06123	0.05166	0.01975	0.00982	0.01144	0.00775	0.00617	0.01942	0.00177	0.00746	0.00411	0.00333	0.00678
6	0.01365	0.01333	0.02347	0.03297	0.69915	0.01324	0.08787	0.01707	0.01266	0.01806	0.01049	0.01383	0.00874	0.00491	0.00558	0.00167	0.00685	0.00509	0.00275	0.00865
7	0.00795	0.00590	0.00744	0.00701	0.00844	0.00551	0.00527	0.01097	0.04497	0.02158	0.67248	0.04165	0.11711	0.01142	0.00650	0.00176	0.00270	0.01002	0.00599	0.00532
8	0.02485	0.00943	0.01285	0.00985	0.01414	0.00814	0.00814	0.02699	0.01585	0.77465	0.02185	0.01885	0.01371	0.00685	0.00557	0.00171	0.00471	0.00557	0.00685	0.00943
9	0.00729	0.00527	0.00689	0.00728	0.00814	0.00487	0.00516	0.00909	0.01321	0.01821	0.40134	0.39808	0.06604	0.01423	0.00678	0.00198	0.00290	0.01275	0.00562	0.00487
10	0.00754	0.00565	0.00699	0.00665	0.00809	0.00510	0.00499	0.00987	0.01497	0.02053	0.60341	0.04413	0.21779	0.01195	0.00654	0.00177	0.00266	0.01040	0.00588	0.00510
11	0.01378	0.01190	0.01252	0.01127	0.01440	0.01378	0.00877	0.02943	0.76081	0.02317	0.02254	0.02066	0.01691	0.00751	0.00564	0.00188	0.00438	0.00626	0.00564	0.00877
12	0.84448	0.01071	0.00814	0.00728	0.01071	0.01242	0.00600	0.01628	0.00943	0.02485	0.00771	0.00900	0.00600	0.00514	0.00343	0.00171	0.00428	0.00300	0.00343	0.00600
13	0.02485	0.00943	0.01285	0.00985	0.01414	0.00814	0.00814	0.02699	0.01585	0.77465	0.02185	0.01885	0.01371	0.00685	0.00557	0.00171	0.00471	0.00557	0.00685	0.00943
14	0.02105	0.01551	0.01662	0.01274	0.01717	0.01717	0.01053	0.75235	0.02604	0.03490	0.01330	0.01330	0.00942	0.00665	0.00554	0.00166	0.00609	0.00499	0.00554	0.00942
15	0.01535	0.00979	0.01160	0.00960	0.01250	0.00998	0.00770	0.26425	0.03586	0.15377	0.34822	0.02823	0.02987	0.00902	0.00605	0.00174	0.00426	0.02880	0.00600	0.00743
16	0.84448	0.01071	0.00814	0.00728	0.01071	0.01242	0.00600	0.01628	0.00943	0.02485	0.00771	0.00900	0.00600	0.00514	0.00343	0.00171	0.00428	0.00300	0.00343	0.00600
17	0.00655	0.00561	0.00561	0.00561	0.00748	0.00468	0.00421	0.00795	0.01262	0.01496	0.05610	0.05330	0.76857	0.01403	0.00655	0.00187	0.00281	0.01169	0.00514	0.00468
18	0.84448	0.01071	0.00814	0.00728	0.01071	0.01242	0.00600	0.01628	0.00943	0.02485	0.00771	0.00900	0.00600	0.00514	0.00343	0.00171	0.00428	0.00300	0.00343	0.00600
19	0.02091	0.01115	0.01883	0.01399	0.01851	0.01019	0.22658	0.02377	0.01476	0.52393	0.01818	0.01745	0.01191	0.00632	0.00632	0.00179	0.03536	0.00583	0.00550	0.00873
20	0.01591	0.24834	0.07288	0.01399	0.05597	0.01654	0.11259	0.22930	0.05581	0.03947	0.01180	0.01306	0.00913	0.00576	0.00532	0.00157	0.02762	0.00463	0.05236	0.00798
21	0.01080	0.00835	0.00937	0.00857	0.01087	0.00871	0.00659	0.01841	0.31600	0.05757	0.28666	0.03433	0.18111	0.01012	0.00613	0.00182	0.00347	0.00862	0.00575	0.00675
22	0.02485	0.00943	0.01285	0.00985	0.01414	0.00814	0.00814	0.02699	0.01585	0.77465	0.02185	0.01885	0.01371	0.00685	0.00557	0.00171	0.00471	0.00557	0.00685	0.00943
23	0.00710	0.00519	0.00667	0.00723	0.00805	0.00477	0.00507	0.00867	0.01255	0.01698	0.28447	0.46016	0.12275	0.01493	0.00683	0.00203	0.00296	0.01335	0.00547	0.00477
24	0.01487	0.01436	0.19908	0.03814	0.10607	0.01042	0.04256	0.01995	0.10773	0.22188	0.03924	0.10257	0.01573	0.00776	0.00580	0.00184	0.00580	0.03367	0.00455	0.00798
25	0.00675	0.00482	0.00643	0.00771	0.00803	0.00450	0.00514	0.00771	0.01060	0.01414	0.03053	0.80175	0.03663	0.01735	0.00707	0.00225	0.00321	0.01574	0.00514	0.00450
26	0.02485	0.00943	0.01285	0.00985	0.01414	0.00814	0.00814	0.02699	0.01585	0.77465	0.02185	0.01885	0.01371	0.00685	0.00557	0.00171	0.00471	0.00557	0.00685	0.00943
27	0.02052	0.04875	0.01608	0.01413	0.01704	0.76138	0.01067	0.02196	0.01557	0.01354	0.00854	0.00996	0.00713	0.00568	0.00495	0.00142	0.00987	0.00355	0.00284	0.00644
28	0.02328	0.01100	0.01422	0.01261	0.08762	0.04120	0.00931	0.08804	0.01641	0.60689	0.01947	0.01751	0.01259	0.00660	0.00553	0.00169	0.00523	0.00538	0.00618	0.00924
29	0.84448	0.01071	0.00814	0.00728	0.01071	0.01242	0.00600	0.01628	0.00943	0.02485	0.00771	0.00900	0.00600	0.00514	0.00343	0.00171	0.00428	0.00300	0.00343	0.00600
30	0.00831	0.00616	0.00807	0.00896	0.01037	0.00592	0.00763	0.01060	0.01287	0.01648	0.07333	0.05924	0.20562	0.01480	0.00733	0.00235	0.00443	0.52735	0.00516	0.00501
31	0.00988	0.00810	0.01002	0.00889	0.01112	0.00816	0.04745	0.06006	0.17955	0.02077	0.30301	0.07777	0.21150	0.01080	0.00631	0.00183	0.00367	0.00940	0.00550	0.00622
32	0.00784	0.00566	0.00740	0.00697	0.00827	0.00523	0.00523	0.01045	0.01568	0.02221	0.76789	0.04137	0.05226	0.01132	0.00653	0.00174	0.00261	0.01002	0.00610	0.00523
33	0.00750	0.00565	0.00694	0.00662	0.00807	0.00508	0.00496	0.00980	0.01489	0.02033	0.58352	0.04446	0.23780	0.01202	0.00654	0.00178	0.00266	0.01045	0.00585	0.00508
34	0.84448	0.01071	0.00814	0.00728	0.01071	0.01242	0.00600	0.01628	0.00943	0.02485	0.00771	0.00900	0.00600	0.00514	0.00343	0.00171	0.00428	0.00300	0.00343	0.00600
35	0.00748	0.00529	0.00658	0.00731	0.00826	0.00478	0.00516	0.00872	0.01157	0.04287	0.05784	0.52204	0.23047	0.01582	0.00688	0.00213	0.00322	0.04358	0.00523	0.00477
36	0.02485	0.00943	0.01285	0.00985	0.01414	0.00814	0.00814	0.02699	0.01585	0.77465	0.02185	0.01885	0.01371	0.00685	0.00557	0.00171	0.00471	0.00557	0.00685	0.00943
37	0.01046	0.00984	0.01661	0.79205	0.03814	0.01230	0.01538	0.01415	0.01107	0.01415	0.00984	0.01477	0.00738	0.00554	0.00554	0.00185	0.00738	0.00492	0.00246	0.00615
38	0.01046	0.00984	0.01661	0.79205	0.03814	0.01230	0.01538	0.01415	0.01107	0.01415	0.00984	0.01477	0.00738	0.00554	0.00554	0.00185	0.00738	0.00492	0.00246	0.00615
39	0.01661	0.00887	0.01111	0.00915	0.01222	0.00849	0.00730	0.09796	0.08539	0.32113	0.30623	0.02687	0.02817	0.00854	0.00591	0.00171	0.00401	0.00722	0.00623	0.02687
40	0.01170	0.04319	0.68700	0.03464	0.02389	0.05241	0.03682	0.01768	0.01191	0.01717	0.00985	0.01170	0.00707	0.00527	0.00525	0.00173	0.00824	0.00412	0.00238	0.00801
41	0.00675	0.00482	0.00643	0.00771	0.00803	0.00450	0.00514	0.00771	0.01060	0.01414	0.03053	0.80175	0.03663	0.01735	0.00707	0.00225	0.00321	0.01574	0.00514	0.00450
42	0.00680	0.00562	0.00596	0.00588	0.00764	0.00478	0.00441	0.00844	0.01322	0.01639	0.19613	0.05095	0.62766	0.01349	0.00654	0.00184	0.00277	0.01136	0.00533	0.00478
43	0.01271	0.08652	0.47323	0.04226	0.04923	0.01352	0.01636	0.02012	0.15734	0.05705	0.01283	0.01376	0.00937	0.00574	0.00523	0.00173	0.00700	0.00456	0.00323	0.00822
44	0.01704	0.14494	0.04484	0.01017	0.01351	0.06332	0.00867	0.04027	0.04597	0.30233	0.03609	0.15927	0.01748	0.00882	0.00594	0.00177	0.02879	0.03826	0.00503	0.00749
45	0.00678	0.00485	0.00640	0.00762	0.00797	0.00452	0.00507	0.00773	0.01059	0.01407	0.03084	0.76384	0.05460	0.03694	0.00758	0.00232	0.00326	0.01545	0.00510	0.00447
46	0.06493	0.01852	0.01620	0.07429	0.08760	0.30750	0.01122	0.28294	0.01843	0.05050	0.01097	0.01216	0.00830	0.00597	0.00521	0.00159	0.00757	0.00435	0.00396	0.00778
47	0.01581	0.16955	0.04445	0.04561	0.20169	0.07074	0.01162	0.02201	0.21784	0.12406	0.01463	0.01509	0.01113	0.00596	0.00512	0.00162	0.00592	0.00487	0.00402	0.00825
48	0.01324	0.07688	0.05983	0.04249	0.22554	0.01431	0.45037	0.01736	0.01270	0.01738	0.01064	0.01400	0.00832	0.00479	0.00595	0.00175	0.00824	0.00569	0.00272	0.00779
49	0.00772	0.00566	0.00724	0.00684	0.00820	0.00518	0.00513	0.01022	0.01540	0.02155	0.70328	0.04245	0.11728	0.01157	0.00653	0.00175	0.00263	0.01017	0.00601	0.00518

[dist]
# distance from previous block
# <min> <max>
3	4

[block]
# block no. 1 follows, 43 sequences, length 78
# corresponding to MSA columns:
# 87-164
name=unknown_B
#
# <colnr> <probs for GDERKNQSTAVLIFYWHMCP>
#	G	D	E	R	K	N	Q	S	T	A	V	L	I	F	Y	W	H	M	C	P
0	0.80766	0.01065	0.00835	0.00740	0.01086	0.01223	0.00609	0.01676	0.00971	0.05853	0.00835	0.00944	0.00634	0.00522	0.00352	0.00171	0.00430	0.00311	0.00358	0.00615
1	0.01355	0.01316	0.02297	0.05943	0.69536	0.01319	0.06656	0.01695	0.01259	0.01793	0.01045	0.01383	0.00870	0.00494	0.00556	0.00167	0.00679	0.00504	0.00274	0.00859
2	0.00655	0.00561	0.00561	0.00561	0.00748	0.00468	0.00421	0.00795	0.01262	0.01496	0.05610	0.05330	0.76857	0.01403	0.00655	0.00187	0.00281	0.01169	0.00514	0.00468
3	0.00924	0.00781	0.01099	0.01004	0.01064	0.00944	0.02998	0.01054	0.00917	0.01314	0.04782	0.06444	0.03650	0.22048	0.24914	0.00504	0.24044	0.00701	0.00321	0.00493
4	0.13200	0.01018	0.01254	0.00973	0.01394	0.00952	0.00803	0.09293	0.01581	0.58179	0.01879	0.01679	0.01211	0.00652	0.00524	0.00168	0.00477	0.00510	0.00616	0.03637
5	0.01106	0.01032	0.01696	0.39985	0.21825	0.01217	0.01416	0.01414	0.01087	0.01487	0.01049	0.01530	0.00872	0.01133	0.12612	0.00294	0.08814	0.00507	0.00261	0.00663
6	0.01270	0.01348	0.05414	0.08544	0.28862	0.01376	0.21932	0.01608	0.01169	0.01679	0.01025	0.01402	0.00841	0.00596	0.00830	0.00187	0.16871	0.00534	0.03767	0.00747
7	0.01032	0.00516	0.00516	0.00516	0.00645	0.00516	0.00387	0.01290	0.01161	0.02065	0.01807	0.02065	0.01420	0.00645	0.00387	0.00129	0.00258	0.00516	0.83611	0.00516
8	0.01497	0.78764	0.02866	0.00961	0.01429	0.04240	0.00951	0.01673	0.01137	0.01304	0.00772	0.00891	0.00711	0.00476	0.00359	0.00119	0.00603	0.00298	0.00238	0.00709
9	0.00730	0.00522	0.00688	0.00750	0.00820	0.00489	0.00528	0.00887	0.01237	0.01693	0.28768	0.46458	0.04111	0.05054	0.00786	0.00223	0.00319	0.04926	0.00539	0.00473
10	0.03866	0.01634	0.01475	0.01206	0.01580	0.20014	0.00964	0.36130	0.07590	0.13484	0.01421	0.01414	0.01022	0.00647	0.00528	0.00161	0.00648	0.00479	0.04901	0.00834
11	0.01784	0.29181	0.02126	0.01337	0.04917	0.28668	0.04359	0.16023	0.01581	0.01805	0.00961	0.01089	0.00787	0.00549	0.00467	0.00141	0.00748	0.00386	0.02356	0.00735
12	0.01156	0.12357	0.68569	0.01502	0.02278	0.01396	0.01913	0.01742	0.01164	0.01699	0.00967	0.01135	0.00703	0.00520	0.00505	0.00168	0.00791	0.00395	0.00234	0.00805
13	0.07618	0.09225	0.41944	0.01444	0.02076	0.03298	0.07899	0.09502	0.06927	0.03372	0.01116	0.01245	0.00818	0.00551	0.00514	0.00170	0.00727	0.00439	0.00314	0.00801
14	0.01436	0.06723	0.23842	0.01619	0.02173	0.05213	0.25454	0.13311	0.01469	0.04257	0.01175	0.01376	0.00870	0.00543	0.00549	0.00168	0.00758	0.00508	0.07781	0.00776
15	0.00662	0.00530	0.00593	0.00643	0.00770	0.00461	0.00457	0.00786	0.01184	0.01464	0.04617	0.34388	0.48440	0.01532	0.00675	0.00202	0.00296	0.01326	0.00514	0.00461
16	0.05176	0.04384	0.01041	0.01034	0.04887	0.00884	0.00768	0.01541	0.19007	0.02844	0.04640	0.23463	0.08837	0.01215	0.00637	0.00207	0.00425	0.17896	0.00497	0.00616
17	0.01609	0.02003	0.32320	0.03473	0.05844	0.02667	0.05920	0.26006	0.03692	0.09227	0.01254	0.01345	0.00886	0.00588	0.00548	0.00172	0.00708	0.00478	0.00395	0.00863
18	0.01976	0.01103	0.01305	0.01072	0.01453	0.01137	0.00862	0.09349	0.33623	0.38564	0.02137	0.01913	0.01469	0.00712	0.00560	0.00178	0.00470	0.00581	0.00621	0.00914
19	0.00772	0.00525	0.00612	0.00642	0.00654	0.00515	0.00379	0.00797	0.00875	0.01162	0.02132	0.21571	0.03973	0.60435	0.02279	0.00457	0.00481	0.00993	0.00381	0.00365
20	0.08041	0.06832	0.01827	0.03457	0.16995	0.22486	0.06213	0.13030	0.06037	0.08161	0.01166	0.01290	0.00894	0.00571	0.00517	0.00160	0.00715	0.00453	0.00373	0.00781
21	0.00939	0.00501	0.00749	0.00754	0.00771	0.00512	0.00523	0.00771	0.00765	0.01030	0.01108	0.01939	0.01108	0.02166	0.10960	0.70601	0.00599	0.03662	0.00259	0.00282
22	0.00670	0.00560	0.00584	0.00582	0.00759	0.00473	0.00435	0.00823	0.01293	0.01578	0.13822	0.07049	0.66712	0.01379	0.00656	0.00186	0.00279	0.01159	0.00525	0.00473
23	0.05344	0.01060	0.01665	0.57044	0.03199	0.03269	0.06664	0.02699	0.01157	0.04947	0.01054	0.01465	0.00792	0.00598	0.00614	0.02044	0.02810	0.00494	0.02448	0.00633
24	0.01174	0.07582	0.40065	0.22713	0.07113	0.03986	0.01702	0.01708	0.04432	0.01652	0.02249	0.01326	0.00839	0.00549	0.00526	0.00173	0.00752	0.00446	0.00262	0.00751
25	0.01281	0.03245	0.29763	0.11544	0.20409	0.05009	0.03324	0.03779	0.08959	0.01783	0.01123	0.01349	0.00862	0.00571	0.00603	0.00176	0.04665	0.00470	0.00292	0.00794
26	0.00792	0.00534	0.00620	0.00632	0.00640	0.00535	0.00368	0.00810	0.00833	0.01115	0.01857	0.10805	0.02142	0.69759	0.05902	0.00523	0.00558	0.00869	0.00351	0.00353
27	0.41824	0.02543	0.04951	0.01115	0.03157	0.01244	0.08995	0.01612	0.04170	0.02061	0.00952	0.01208	0.00783	0.03182	0.01913	0.00194	0.09044	0.00406	0.00323	0.10324
28	0.35854	0.01028	0.00980	0.00827	0.01167	0.03041	0.00666	0.05148	0.07624	0.14212	0.02603	0.01423	0.01051	0.00586	0.00428	0.00156	0.00430	0.00424	0.11983	0.10368
29	0.00701	0.00559	0.00619	0.00610	0.00768	0.00487	0.00451	0.00871	0.01330	0.01696	0.26993	0.06896	0.50006	0.04655	0.00746	0.00199	0.00287	0.01114	0.00536	0.00478
30	0.01472	0.29128	0.02139	0.01255	0.01545	0.01832	0.04167	0.13804	0.07997	0.01785	0.00995	0.01207	0.00848	0.00705	0.00937	0.00179	0.28516	0.00441	0.00322	0.00728
31	0.00742	0.00564	0.00683	0.00653	0.00802	0.00505	0.00490	0.00965	0.01470	0.01988	0.53907	0.04521	0.28253	0.01219	0.00654	0.00178	0.00267	0.01055	0.00579	0.00505
32	0.00679	0.00485	0.00647	0.00768	0.00804	0.00453	0.00514	0.00782	0.01081	0.01447	0.06081	0.77052	0.03727	0.01710	0.00705	0.00223	0.00319	0.01551	0.00518	0.00453
33	0.00699	0.00563	0.00622	0.00607	0.00775	0.00486	0.00455	0.00880	0.01366	0.01743	0.29833	0.04924	0.52480	0.01311	0.00654	0.00183	0.00274	0.01112	0.00547	0.00486
34	0.01361	0.01120	0.00854	0.00794	0.00982	0.20426	0.00601	0.05970	0.01352	0.01970	0.01536	0.01749	0.01211	0.00627	0.00426	0.00135	0.00468	0.00474	0.57370	0.00574
35	0.02069	0.02640	0.01569	0.01427	0.01712	0.78313	0.01070	0.02212	0.01569	0.01355	0.00856	0.00999	0.00713	0.00571	0.00499	0.00143	0.00999	0.00357	0.00285	0.00642
36	0.02485	0.00943	0.01285	0.00985	0.01414	0.00814	0.00814	0.02699	0.01585	0.77465	0.02185	0.01885	0.01371	0.00685	0.00557	0.00171	0.00471	0.00557	0.00685	0.00943
37	0.84448	0.01071	0.00814	0.00728	0.01071	0.01242	0.00600	0.01628	0.00943	0.02485	0.00771	0.00900	0.00600	0.00514	0.00343	0.00171	0.00428	0.00300	0.00343	0.00600
38	0.00699	0.00571	0.00623	0.00634	0.00807	0.00495	0.00491	0.00868	0.01299	0.01599	0.13397	0.05309	0.59454	0.01388	0.00668	0.00194	0.00307	0.10192	0.00525	0.00479
39	0.00716	0.00520	0.00661	0.00728	0.00784	0.00506	0.00493	0.00814	0.01010	0.01337	0.02890	0.43435	0.12539	0.17884	0.12669	0.00382	0.00532	0.01221	0.00446	0.00436
40	0.01221	0.01156	0.01957	0.28373	0.48206	0.01236	0.01575	0.01550	0.01198	0.01655	0.01144	0.06143	0.00999	0.00588	0.00560	0.00175	0.00664	0.00558	0.00279	0.00765
41	0.01916	0.00813	0.01112	0.00917	0.01233	0.00755	0.00743	0.02130	0.01368	0.50905	0.01970	0.01976	0.01379	0.01566	0.20376	0.00351	0.00709	0.00562	0.08433	0.00788
42	0.01955	0.02364	0.01775	0.01518	0.01838	0.60146	0.09497	0.08557	0.01605	0.01590	0.00923	0.01092	0.00748	0.00581	0.00568	0.00153	0.03696	0.00407	0.00307	0.00679
43	0.00805	0.00537	0.00604	0.00604	0.00604	0.00537	0.00336	0.00805	0.00805	0.01074	0.01745	0.03624	0.02013	0.80536	0.02819	0.00537	0.00537	0.00805	0.00336	0.00336
44	0.00681	0.00529	0.00620	0.00667	0.00782	0.00468	0.00474	0.00820	0.01221	0.01563	0.14486	0.36090	0.36617	0.01502	0.00676	0.00201	0.00295	0.01313	0.00528	0.00468
45	0.01690	0.01293	0.01414	0.01205	0.03542	0.01432	0.00940	0.36282	0.30401	0.05287	0.05665	0.01950	0.04864	0.00750	0.00567	0.00176	0.00509	0.00604	0.00555	0.00873
46	0.01189	0.04415	0.49710	0.01826	0.02546	0.01350	0.27548	0.01758	0.01216	0.01749	0.01032	0.01275	0.00750	0.00504	0.00566	0.00178	0.00853	0.00492	0.00250	0.00791
47	0.02105	0.01551	0.01662	0.01274	0.01717	0.01717	0.01053	0.75235	0.02604	0.03490	0.01330	0.01330	0.00942	0.00665	0.00554	0.00166	0.00609	0.00499	0.00554	0.00942
48	0.01403	0.04356	0.20836	0.01155	0.01690	0.01212	0.01133	0.15294	0.13383	0.04471	0.01282	0.01347	0.00964	0.00551	0.00493	0.00142	0.00563	0.00433	0.00391	0.28901
49	0.08949	0.01328	0.01279	0.01163	0.02780	0.08665	0.00891	0.05870	0.55776	0.04285	0.01925	0.01811	0.01445	0.00703	0.00537	0.00180	0.00503	0.00562	0.00515	0.00834
50	0.01743	0.01302	0.01871	0.02306	0.40344	0.01334	0.01332	0.20149	0.06783	0.15160	0.01391	0.01496	0.01033	0.00586	0.00552	0.00168	0.00599	0.00515	0.00433	0.00904
51	0.01436	0.71399	0.11979	0.01024	0.01540	0.02082	0.01081	0.01670	0.01131	0.01358	0.00797	0.00923	0.00710	0.00480	0.00376	0.00125	0.00620	0.00310	0.00237	0.00724
52	0.00716	0.00548	0.00594	0.00609	0.00715	0.00495	0.00414	0.00807	0.01084	0.01346	0.03940	0.11755	0.41649	0.29104	0.01419	0.00315	0.00381	0.03237	0.00452	0.00421
53	0.01239	0.01181	0.02010	0.34188	0.47324	0.01281	0.01634	0.01584	0.01199	0.01649	0.01018	0.01414	0.00821	0.00518	0.00550	0.00173	0.00691	0.00493	0.00263	0.00771
54	0.01294	0.37564	0.37443	0.01366	0.02007	0.01701	0.08273	0.01713	0.01162	0.01554	0.00906	0.01074	0.00718	0.00497	0.00462	0.00151	0.00728	0.00381	0.00239	0.00764
55	0.00920	0.00729	0.00856	0.00896	0.01026	0.00774	0.00641	0.01530	0.27289	0.01729	0.02773	0.52867	0.02973	0.01391	0.00657	0.00212	0.00362	0.01243	0.00531	0.00599
56	0.00803	0.00547	0.00656	0.00656	0.00673	0.00565	0.00400	0.00839	0.00821	0.01112	0.01698	0.03363	0.01900	0.66758	0.16442	0.00601	0.00708	0.00767	0.00329	0.00364
57	0.01626	0.55864	0.04764	0.01145	0.03048	0.22656	0.01029	0.01811	0.01249	0.01341	0.00805	0.00936	0.00715	0.00502	0.00403	0.00128	0.00710	0.00320	0.00251	0.00699
58	0.00889	0.00697	0.00824	0.00822	0.00970	0.00713	0.00603	0.01419	0.20530	0.01910	0.26586	0.29802	0.09543	0.01263	0.00649	0.00196	0.00329	0.01115	0.00557	0.00584
59	0.02069	0.02640	0.01569	0.01427	0.01712	0.78313	0.01070	0.02212	0.01569	0.01355	0.00856	0.00999	0.00713	0.00571	0.00499	0.00143	0.00999	0.00357	0.00285	0.00642
60	0.00864	0.00581	0.00763	0.00715	0.00856	0.00534	0.00537	0.01115	0.01545	0.05944	0.69671	0.07520	0.04961	0.01138	0.00651	0.00176	0.00275	0.01006	0.00609	0.00540
61	0.00759	0.00545	0.00718	0.00726	0.00817	0.00521	0.00520	0.00949	0.01309	0.01828	0.44425	0.23299	0.04189	0.08472	0.08115	0.00286	0.00415	0.01092	0.00532	0.00485
62	0.05301	0.00967	0.01281	0.00986	0.01412	0.00859	0.00814	0.05057	0.01597	0.72436	0.02108	0.01833	0.01330	0.00679	0.00549	0.00171	0.00474	0.00546	0.00669	0.00931
63	0.01416	0.01181	0.01253	0.01122	0.01439	0.01358	0.00874	0.02934	0.73483	0.04938	0.02252	0.02060	0.01679	0.00749	0.00563	0.00187	0.00439	0.00624	0.00568	0.00879
64	0.01725	0.00910	0.01057	0.00884	0.01184	0.00917	0.00702	0.10667	0.14981	0.28913	0.01964	0.01970	0.01416	0.03467	0.00583	0.00173	0.00417	0.00558	0.26736	0.00775
65	0.01121	0.00880	0.00916	0.00795	0.01063	0.00877	0.00627	0.22985	0.04731	0.02131	0.04142	0.03957	0.50042	0.01145	0.00617	0.00180	0.00384	0.00937	0.01846	0.00626
66	0.00975	0.00521	0.00539	0.00539	0.00635	0.00521	0.00374	0.01167	0.01071	0.01812	0.01791	0.02462	0.01571	0.21017	0.01007	0.00233	0.00329	0.00590	0.62376	0.00470
67	0.00681	0.00510	0.00633	0.00712	0.00792	0.00462	0.00492	0.00806	0.01163	0.01520	0.11513	0.53881	0.21639	0.01590	0.00688	0.00210	0.00305	0.01415	0.00524	0.00462
68	0.01046	0.00984	0.01661	0.79205	0.03814	0.01230	0.01538	0.01415	0.01107	0.01415	0.00984	0.01477	0.00738	0.00554	0.00554	0.00185	0.00738	0.00492	0.00246	0.00615
69	0.01111	0.02865	0.77667	0.01579	0.02397	0.01286	0.02046	0.01754	0.01169	0.01754	0.00994	0.01169	0.00702	0.00526	0.00526	0.00175	0.00818	0.00409	0.00234	0.00818
70	0.31895	0.00936	0.01000	0.00840	0.01172	0.00954	0.00680	0.03580	0.04960	0.29144	0.14766	0.02035	0.04400	0.00729	0.00499	0.00173	0.00414	0.00564	0.00533	0.00725
71	0.00702	0.00513	0.00660	0.00729	0.00804	0.00471	0.00506	0.00848	0.01219	0.01640	0.23231	0.51692	0.11865	0.01537	0.00687	0.00207	0.00301	0.01377	0.00540	0.00471
72	0.01381	0.01348	0.02200	0.06516	0.71374	0.03998	0.01671	0.01706	0.01265	0.01777	0.01033	0.01362	0.00866	0.00499	0.00547	0.00165	0.00673	0.00489	0.00273	0.00858
73	0.01223	0.26147	0.01997	0.01253	0.03196	0.01436	0.10593	0.01410	0.01092	0.04613	0.01479	0.22186	0.01548	0.00928	0.00827	0.00187	0.18171	0.00741	0.00337	0.00636
74	0.00892	0.00637	0.00892	0.01020	0.01147	0.00637	0.00892	0.01147	0.01275	0.01657	0.02932	0.06247	0.03187	0.01530	0.00765	0.00255	0.00510	0.73354	0.00510	0.00510
75	0.01685	0.01085	0.01753	0.25141	0.24312	0.01107	0.04057	0.01988	0.01337	0.29772	0.01452	0.01598	0.01018	0.00582	0.00557	0.00174	0.00623	0.00523	0.00419	0.00818
76	0.01927	0.01498	0.18541	0.01153	0.01637	0.04881	0.01106	0.05454	0.10101	0.41237	0.03750	0.01809	0.02980	0.00678	0.00552	0.00173	0.00569	0.00544	0.00538	0.00871
77	0.08902	0.01098	0.01334	0.26640	0.03787	0.05719	0.01042	0.11210	0.05800	0.06558	0.13733	0.02040	0.02837	0.00711	0.00549	0.00173	0.00567	0.02462	0.00417	0.04421

[dist]
# distance from previous block
# <min> <max>
0	2

[block]
# block no. 2 follows, 43 sequences, length 73
# corresponding to MSA columns:
# 167-187,191-242
name=unknown_C
#
# <colnr> <probs for GDERKNQSTAVLIFYWHMCP>
#	G	D	E	R	K	N	Q	S	T	A	V	L	I	F	Y	W	H	M	C	P
0	0.12879	0.03197	0.03696	0.00980	0.01301	0.01123	0.00813	0.15301	0.14158	0.14444	0.19427	0.04776	0.02176	0.00806	0.00578	0.00176	0.02236	0.00649	0.00534	0.00751
1	0.01161	0.01073	0.01431	0.28879	0.09556	0.07419	0.02502	0.05520	0.01225	0.01614	0.01432	0.01874	0.05300	0.01296	0.15236	0.00302	0.00813	0.02260	0.03067	0.08041
2	0.74157	0.01024	0.00801	0.00718	0.01041	0.01178	0.00587	0.03125	0.01000	0.02463	0.00889	0.01028	0.00691	0.00531	0.00352	0.00167	0.00415	0.00326	0.08910	0.00598
3	0.01174	0.01157	0.01625	0.01404	0.01413	0.01607	0.01165	0.01302	0.00852	0.01329	0.00794	0.01297	0.00786	0.01253	0.08628	0.00300	0.72577	0.00494	0.00247	0.00596
4	0.00659	0.00559	0.00569	0.00571	0.00752	0.00469	0.00426	0.00802	0.01266	0.01515	0.07640	0.07386	0.72698	0.01404	0.00656	0.00188	0.00281	0.01175	0.00517	0.00469
5	0.00749	0.00562	0.00668	0.00649	0.00778	0.00510	0.00473	0.00934	0.01353	0.01811	0.41488	0.04495	0.27311	0.12741	0.00971	0.00233	0.00314	0.02944	0.00537	0.00478
6	0.00735	0.00551	0.00681	0.00677	0.00805	0.00497	0.00497	0.00940	0.01411	0.01915	0.47655	0.16964	0.22048	0.01296	0.00662	0.00186	0.00276	0.01136	0.00571	0.00497
7	0.00762	0.00561	0.00730	0.00826	0.00928	0.00530	0.00645	0.00937	0.01208	0.01568	0.07592	0.33845	0.16673	0.01562	0.00717	0.00227	0.00384	0.29306	0.00518	0.00480
8	0.02069	0.02640	0.01569	0.01427	0.01712	0.78313	0.01070	0.02212	0.01569	0.01355	0.00856	0.00999	0.00713	0.00571	0.00499	0.00143	0.00999	0.00357	0.00285	0.00642
9	0.02105	0.01551	0.01662	0.01274	0.01717	0.01717	0.01053	0.75235	0.02604	0.03490	0.01330	0.01330	0.00942	0.00665	0.00554	0.00166	0.00609	0.00499	0.00554	0.00942
10	0.00742	0.00573	0.00682	0.00695	0.00835	0.00523	0.00521	0.00966	0.03427	0.01770	0.29652	0.17250	0.31965	0.01355	0.00669	0.00194	0.00303	0.06831	0.00548	0.00499
11	0.00675	0.00482	0.00643	0.00771	0.00803	0.00450	0.00514	0.00771	0.01060	0.01414	0.03053	0.80175	0.03663	0.01735	0.00707	0.00225	0.00321	0.01574	0.00514	0.00450
12	0.84448	0.01071	0.00814	0.00728	0.01071	0.01242	0.00600	0.01628	0.00943	0.02485	0.00771	0.00900	0.00600	0.00514	0.00343	0.00171	0.00428	0.00300	0.00343	0.00600
13	0.01276	0.01277	0.02052	0.02206	0.27141	0.01536	0.09356	0.01504	0.01037	0.01541	0.00876	0.01296	0.00790	0.00754	0.01263	0.00210	0.44408	0.00506	0.00257	0.00713
14	0.01064	0.01003	0.01694	0.74961	0.07916	0.01235	0.01547	0.01431	0.01116	0.01437	0.00988	0.01471	0.00746	0.00550	0.00553	0.00183	0.00734	0.00492	0.00248	0.00630
15	0.00687	0.00562	0.00606	0.00595	0.00768	0.00481	0.00446	0.00857	0.01339	0.01677	0.23400	0.05032	0.58954	0.01335	0.00654	0.00184	0.00276	0.01127	0.00538	0.00481
16	0.01148	0.00984	0.01148	0.00820	0.01312	0.00738	0.00656	0.01395	0.01148	0.01805	0.00984	0.01148	0.00820	0.00410	0.00410	0.00082	0.00410	0.00328	0.00328	0.83922
17	0.01332	0.49493	0.32975	0.01201	0.01814	0.01827	0.01390	0.01697	0.01143	0.01484	0.00860	0.01001	0.00707	0.00495	0.00424	0.00141	0.00683	0.00342	0.00236	0.00754
18	0.00784	0.00566	0.00740	0.00697	0.00827	0.00523	0.00523	0.01045	0.01568	0.02221	0.76789	0.04137	0.05226	0.01132	0.00653	0.00174	0.00261	0.01002	0.00610	0.00523
19	0.01699	0.01269	0.01415	0.01058	0.01523	0.01238	0.00865	0.38861	0.01907	0.06379	0.01218	0.01276	0.00909	0.00553	0.00490	0.00129	0.00514	0.00426	0.00460	0.37810
20	0.00791	0.00571	0.00750	0.00718	0.00849	0.00530	0.00547	0.01052	0.01548	0.02183	0.71866	0.04278	0.05090	0.01159	0.00661	0.00180	0.00278	0.05825	0.00603	0.00522
21	0.01148	0.00984	0.01148	0.00820	0.01312	0.00738	0.00656	0.01395	0.01148	0.01805	0.00984	0.01148	0.00820	0.00410	0.00410	0.00082	0.00410	0.00328	0.00328	0.83922
22	0.00720	0.00517	0.00690	0.00802	0.00862	0.00488	0.00577	0.00857	0.01141	0.01518	0.08631	0.59804	0.05714	0.01646	0.00711	0.00225	0.00348	0.13764	0.00521	0.00466
23	0.00805	0.00540	0.00620	0.00620	0.00626	0.00546	0.00356	0.00816	0.00810	0.01086	0.01730	0.03543	0.01978	0.76260	0.07047	0.00557	0.00590	0.00794	0.00333	0.00344
24	0.41050	0.01324	0.01261	0.01016	0.01412	0.01493	0.00838	0.40422	0.01818	0.03015	0.01066	0.01126	0.00780	0.00594	0.00454	0.00169	0.00524	0.00405	0.00454	0.00780
25	0.00920	0.00645	0.00816	0.00753	0.00915	0.00621	0.00571	0.01309	0.08971	0.05665	0.65979	0.03828	0.04699	0.01074	0.00640	0.00175	0.00288	0.00944	0.00609	0.00577
26	0.00791	0.00593	0.00890	0.00890	0.00989	0.00692	0.00692	0.00989	0.00890	0.01286	0.01483	0.02176	0.01385	0.04154	0.78341	0.00890	0.01483	0.00593	0.00297	0.00494
27	0.01148	0.00984	0.01148	0.00820	0.01312	0.00738	0.00656	0.01395	0.01148	0.01805	0.00984	0.01148	0.00820	0.00410	0.00410	0.00082	0.00410	0.00328	0.00328	0.83922
28	0.02485	0.00943	0.01285	0.00985	0.01414	0.00814	0.00814	0.02699	0.01585	0.77465	0.02185	0.01885	0.01371	0.00685	0.00557	0.00171	0.00471	0.00557	0.00685	0.00943
29	0.01746	0.01373	0.01460	0.01202	0.01581	0.01550	0.00966	0.39561	0.38863	0.02911	0.01786	0.01693	0.01311	0.00708	0.00559	0.00177	0.00525	0.00562	0.00559	0.00910
30	0.01371	0.01316	0.02248	0.03399	0.77081	0.01316	0.01700	0.01700	0.01261	0.01809	0.01042	0.01371	0.00877	0.00493	0.00548	0.00164	0.00658	0.00493	0.00274	0.00877
31	0.01016	0.00908	0.01258	0.01130	0.01157	0.01191	0.00895	0.01134	0.00851	0.01268	0.01137	0.01956	0.01163	0.17703	0.22953	0.00478	0.42425	0.00578	0.00276	0.00521
32	0.02485	0.00943	0.01285	0.00985	0.01414	0.00814	0.00814	0.02699	0.01585	0.77465	0.02185	0.01885	0.01371	0.00685	0.00557	0.00171	0.00471	0.00557	0.00685	0.00943
33	0.00665	0.00519	0.00605	0.00673	0.00778	0.00458	0.00471	0.00782	0.01155	0.01452	0.04246	0.45266	0.37801	0.01580	0.00682	0.00207	0.00302	0.01385	0.00514	0.00458
34	0.01282	0.00963	0.01087	0.00973	0.01237	0.01047	0.00755	0.02299	0.44972	0.09016	0.26693	0.02729	0.02821	0.00870	0.00592	0.00182	0.00383	0.00743	0.00590	0.00766
35	0.47318	0.01013	0.01027	0.00845	0.01226	0.01048	0.00697	0.02113	0.01234	0.36451	0.01412	0.01346	0.00949	0.00592	0.00440	0.00171	0.00448	0.00416	0.00498	0.00755
36	0.00690	0.00493	0.00659	0.00781	0.00822	0.00462	0.00534	0.00800	0.01088	0.01453	0.05486	0.73859	0.03690	0.01705	0.00708	0.00225	0.00329	0.05245	0.00517	0.00455
37	0.01474	0.00773	0.00873	0.00770	0.01015	0.00782	0.00603	0.02011	0.17898	0.21045	0.02001	0.02020	0.01468	0.00679	0.00469	0.00153	0.00352	0.00551	0.44364	0.00703
38	0.01214	0.02142	0.38455	0.01977	0.02659	0.01346	0.40533	0.01765	0.01242	0.01765	0.01061	0.01340	0.00775	0.00495	0.00593	0.00181	0.00879	0.00538	0.00258	0.00781
39	0.01097	0.00895	0.01010	0.00924	0.01150	0.00973	0.00709	0.02045	0.40840	0.02271	0.37506	0.03046	0.03363	0.00932	0.00606	0.00181	0.00355	0.00804	0.00585	0.00709
40	0.00740	0.00532	0.00701	0.00727	0.00818	0.00493	0.00519	0.00935	0.01365	0.01898	0.47274	0.34574	0.04600	0.01374	0.00675	0.00194	0.00285	0.01231	0.00571	0.00493
41	0.01046	0.00984	0.01661	0.79205	0.03814	0.01230	0.01538	0.01415	0.01107	0.01415	0.00984	0.01477	0.00738	0.00554	0.00554	0.00185	0.00738	0.00492	0.00246	0.00615
42	0.01316	0.01468	0.03120	0.02489	0.13651	0.01388	0.64432	0.01763	0.01301	0.01779	0.01109	0.01476	0.00846	0.00471	0.00638	0.00184	0.00894	0.00630	0.00279	0.00766
43	0.01111	0.02865	0.77667	0.01579	0.02397	0.01286	0.02046	0.01754	0.01169	0.01754	0.00994	0.01169	0.00702	0.00526	0.00526	0.00175	0.00818	0.00409	0.00234	0.00818
44	0.00664	0.00524	0.00600	0.00660	0.00774	0.00459	0.00465	0.00784	0.01167	0.01457	0.04401	0.40728	0.42240	0.01560	0.00679	0.00205	0.00300	0.01361	0.00514	0.00459
45	0.01450	0.01597	0.01561	0.01365	0.01513	0.25932	0.03553	0.04014	0.01212	0.01459	0.01359	0.01806	0.07647	0.00885	0.01154	0.00202	0.37776	0.04591	0.00307	0.00616
46	0.00803	0.00545	0.00646	0.00646	0.00660	0.00559	0.00387	0.00832	0.00818	0.01105	0.01707	0.03414	0.01922	0.69462	0.13769	0.00588	0.00674	0.00775	0.00330	0.00359
47	0.00712	0.00497	0.00632	0.00724	0.00747	0.00474	0.00464	0.00781	0.00988	0.01318	0.02683	0.58556	0.03197	0.23989	0.01303	0.00313	0.00382	0.01357	0.00464	0.00418
48	0.01365	0.01332	0.02339	0.03305	0.70478	0.01323	0.08230	0.01706	0.01265	0.01806	0.01049	0.01382	0.00874	0.00491	0.00558	0.00166	0.00682	0.00508	0.00275	0.00866
49	0.00692	0.00494	0.00662	0.00791	0.00830	0.00465	0.00544	0.00801	0.01077	0.01433	0.03043	0.74370	0.03626	0.01719	0.00711	0.00227	0.00336	0.07211	0.00514	0.00455
50	0.01634	0.01857	0.01370	0.01140	0.01523	0.41624	0.00874	0.01825	0.01370	0.01568	0.00917	0.01070	0.00764	0.00495	0.00457	0.00114	0.00720	0.00343	0.00306	0.40030
51	0.00673	0.00562	0.00587	0.00581	0.00760	0.00476	0.00436	0.00831	0.01307	0.01601	0.15931	0.05157	0.66471	0.01363	0.00654	0.00185	0.00278	0.01145	0.00528	0.00476
52	0.01324	0.01268	0.02163	0.14390	0.66458	0.01304	0.01676	0.01658	0.01239	0.01752	0.01033	0.01386	0.00857	0.00502	0.00549	0.00167	0.00670	0.00493	0.00270	0.00839
53	0.00705	0.00505	0.00670	0.00750	0.00810	0.00470	0.00516	0.00848	0.01202	0.01639	0.23611	0.58974	0.04099	0.01567	0.00692	0.00211	0.00305	0.01415	0.00541	0.00470
54	0.01378	0.01190	0.01252	0.01127	0.01440	0.01378	0.00877	0.02943	0.76081	0.02317	0.02254	0.02066	0.01691	0.00751	0.00564	0.00188	0.00438	0.00626	0.00564	0.00877
55	0.02104	0.01585	0.01659	0.01279	0.01717	0.04125	0.01053	0.72940	0.02571	0.03423	0.01315	0.01319	0.00935	0.00662	0.00552	0.00165	0.00622	0.00494	0.00546	0.00932
56	0.00672	0.00562	0.00586	0.00580	0.00759	0.00475	0.00435	0.00829	0.01304	0.01596	0.15396	0.05166	0.67009	0.01365	0.00654	0.00185	0.00278	0.01146	0.00527	0.00475
57	0.01324	0.01165	0.01289	0.01125	0.01238	0.09553	0.00910	0.07959	0.01185	0.01769	0.01151	0.01481	0.00974	0.00792	0.01091	0.00187	0.37857	0.00483	0.27858	0.00610
58	0.01148	0.00984	0.01148	0.00820	0.01312	0.00738	0.00656	0.01395	0.01148	0.01805	0.00984	0.01148	0.00820	0.00410	0.00410	0.00082	0.00410	0.00328	0.00328	0.83922
59	0.84448	0.01071	0.00814	0.00728	0.01071	0.01242	0.00600	0.01628	0.00943	0.02485	0.00771	0.00900	0.00600	0.00514	0.00343	0.00171	0.00428	0.00300	0.00343	0.00600
60	0.00887	0.00634	0.00886	0.01014	0.01139	0.00633	0.00883	0.01138	0.01270	0.01651	0.02935	0.08086	0.03199	0.01535	0.00764	0.00254	0.00505	0.71568	0.00510	0.00508
61	0.00784	0.00566	0.00740	0.00697	0.00827	0.00523	0.00523	0.01045	0.01568	0.02221	0.76789	0.04137	0.05226	0.01132	0.00653	0.00174	0.00261	0.01002	0.00610	0.00523
62	0.01359	0.43603	0.17946	0.01452	0.02019	0.01795	0.21408	0.01709	0.01184	0.01522	0.00910	0.01110	0.00744	0.00482	0.00471	0.00148	0.00731	0.00416	0.00248	0.00742
63	0.01378	0.01190	0.01252	0.01127	0.01440	0.01378	0.00877	0.02943	0.76081	0.02317	0.02254	0.02066	0.01691	0.00751	0.00564	0.00188	0.00438	0.00626	0.00564	0.00877
64	0.01460	0.76558	0.07034	0.00983	0.01475	0.02141	0.01008	0.01664	0.01128	0.01328	0.00782	0.00904	0.00710	0.00477	0.00365	0.00122	0.00605	0.00302	0.00237	0.00717
65	0.00845	0.00585	0.00747	0.00812	0.00876	0.00584	0.00613	0.00973	0.01042	0.01369	0.02359	0.06732	0.02629	0.39856	0.01760	0.00391	0.00519	0.36459	0.00425	0.00424
66	0.00665	0.00519	0.00604	0.00672	0.00777	0.00458	0.00470	0.00782	0.01156	0.01453	0.04262	0.44777	0.38280	0.01578	0.00682	0.00207	0.00302	0.01383	0.00514	0.00458
67	0.01726	0.01649	0.01940	0.02381	0.39890	0.16796	0.01384	0.23419	0.01717	0.02213	0.01089	0.01284	0.00864	0.00559	0.00540	0.00161	0.00712	0.00468	0.00359	0.00849
68	0.00784	0.00566	0.00740	0.00697	0.00827	0.00523	0.00523	0.01045	0.01568	0.02221	0.76789	0.04137	0.05226	0.01132	0.00653	0.00174	0.00261	0.01002	0.00610	0.00523
69	0.00798	0.00567	0.00755	0.00755	0.00807	0.00619	0.00524	0.00902	0.00850	0.01185	0.01607	0.02861	0.01682	0.40279	0.42623	0.00723	0.01036	0.00694	0.00315	0.00419
70	0.01735	0.20477	0.20033	0.01260	0.01800	0.01696	0.01256	0.38024	0.01881	0.05047	0.01147	0.01206	0.00845	0.00588	0.00501	0.00157	0.00651	0.00432	0.00408	0.00858
71	0.01656	0.01476	0.03554	0.08545	0.02291	0.01547	0.26120	0.36503	0.04388	0.02550	0.01224	0.01414	0.00900	0.00604	0.00650	0.00179	0.04608	0.00552	0.00413	0.00826
72	0.02077	0.01149	0.01723	0.01536	0.12025	0.01092	0.10880	0.10711	0.05282	0.44865	0.01792	0.01708	0.01199	0.00631	0.00569	0.00173	0.00573	0.00558	0.00554	0.00904

[dist]
# distance from previous block
# <min> <max>
1	3

[block]
# block no. 3 follows, 43 sequences, length 30
# corresponding to MSA columns:
# 246-275
name=unknown_D
#
# <colnr> <probs for GDERKNQSTAVLIFYWHMCP>
#	G	D	E	R	K	N	Q	S	T	A	V	L	I	F	Y	W	H	M	C	P
0	0.01193	0.12030	0.25879	0.37092	0.07447	0.01364	0.01606	0.01616	0.01155	0.04172	0.01005	0.01310	0.00754	0.00535	0.00519	0.00171	0.00730	0.00443	0.00258	0.00719
1	0.00694	0.00496	0.00665	0.00794	0.00834	0.00467	0.00548	0.00805	0.01080	0.01436	0.03042	0.73479	0.03620	0.01717	0.00712	0.00228	0.00338	0.08076	0.00514	0.00455
2	0.01148	0.00984	0.01148	0.00820	0.01312	0.00738	0.00656	0.01395	0.01148	0.01805	0.00984	0.01148	0.00820	0.00410	0.00410	0.00082	0.00410	0.00328	0.00328	0.83922
3	0.01371	0.01316	0.02248	0.03399	0.77081	0.01316	0.01700	0.01700	0.01261	0.01809	0.01042	0.01371	0.00877	0.00493	0.00548	0.00164	0.00658	0.00493	0.00274	0.00877
4	0.00675	0.00482	0.00643	0.00771	0.00803	0.00450	0.00514	0.00771	0.01060	0.01414	0.03053	0.80175	0.03663	0.01735	0.00707	0.00225	0.00321	0.01574	0.00514	0.00450
5	0.01431	0.05476	0.02930	0.02215	0.08406	0.10333	0.55178	0.03839	0.01361	0.01753	0.01072	0.01393	0.00825	0.00487	0.00610	0.00176	0.00894	0.00585	0.00286	0.00749
6	0.01585	0.00822	0.01056	0.00867	0.01178	0.00741	0.00689	0.01935	0.07836	0.33598	0.30923	0.02690	0.02828	0.00833	0.00578	0.00164	0.00380	0.00709	0.00606	0.09979
7	0.17257	0.04503	0.14317	0.07056	0.17738	0.03491	0.04925	0.05314	0.03356	0.01973	0.07069	0.05965	0.01356	0.00671	0.00526	0.00175	0.00605	0.02638	0.00346	0.00717
8	0.01490	0.76417	0.04770	0.00979	0.01456	0.04562	0.00980	0.01678	0.01140	0.01316	0.00778	0.00899	0.00711	0.00478	0.00364	0.00121	0.00611	0.00301	0.00238	0.00711
9	0.00725	0.00564	0.00658	0.00635	0.00791	0.00497	0.00476	0.00931	0.01428	0.01889	0.44233	0.04683	0.37989	0.01256	0.00654	0.00180	0.00270	0.01078	0.00566	0.00497
10	0.01978	0.01056	0.01270	0.01050	0.01426	0.01072	0.00843	0.02811	0.35659	0.43093	0.02217	0.01968	0.01517	0.00716	0.00560	0.00179	0.00456	0.00589	0.00630	0.00912
11	0.01798	0.03460	0.02034	0.02109	0.28255	0.07287	0.11382	0.16663	0.01624	0.17885	0.01327	0.01446	0.00971	0.00570	0.00557	0.00166	0.00672	0.00514	0.00417	0.00863
12	0.02307	0.01343	0.01447	0.01135	0.01552	0.09836	0.00925	0.27669	0.01935	0.43390	0.01741	0.01594	0.01149	0.00665	0.00549	0.00166	0.00578	0.00514	0.00595	0.00909
13	0.00713	0.00558	0.00645	0.00634	0.00787	0.00491	0.00471	0.00904	0.01385	0.01812	0.36922	0.09375	0.40717	0.01303	0.00657	0.00184	0.00275	0.01120	0.00556	0.00491
14	0.00717	0.00535	0.00686	0.00760	0.00851	0.00504	0.00555	0.00866	0.01162	0.01527	0.10690	0.41659	0.18733	0.01797	0.07582	0.00275	0.00432	0.09694	0.00504	0.00472
15	0.00984	0.00874	0.01246	0.01135	0.01185	0.01145	0.00914	0.01138	0.00867	0.01298	0.01149	0.01799	0.01112	0.06080	0.39996	0.00578	0.37136	0.00553	0.00274	0.00538
16	0.01805	0.00813	0.00988	0.00816	0.01116	0.00771	0.00655	0.05685	0.06013	0.38456	0.01993	0.01942	0.01389	0.00672	0.00488	0.00155	0.00389	0.00542	0.34546	0.00764
17	0.00675	0.00482	0.00643	0.00771	0.00803	0.00450	0.00514	0.00771	0.01060	0.01414	0.03053	0.80175	0.03663	0.01735	0.00707	0.00225	0.00321	0.01574	0.00514	0.00450
18	0.01406	0.17948	0.36280	0.01445	0.02049	0.08980	0.08681	0.05596	0.07106	0.03879	0.01096	0.01226	0.00826	0.00543	0.00507	0.00162	0.00753	0.00431	0.00298	0.00787
19	0.01526	0.01197	0.01287	0.01127	0.01459	0.01357	0.00885	0.08528	0.64163	0.08683	0.02177	0.01994	0.01606	0.00739	0.00562	0.00185	0.00454	0.00610	0.00573	0.00887
20	0.01148	0.00984	0.01148	0.00820	0.01312	0.00738	0.00656	0.01395	0.01148	0.01805	0.00984	0.01148	0.00820	0.00410	0.00410	0.00082	0.00410	0.00328	0.00328	0.83922
21	0.01266	0.31273	0.01757	0.00908	0.01294	0.07606	0.00775	0.01454	0.01169	0.01524	0.02806	0.13827	0.01320	0.00676	0.00450	0.00126	0.00510	0.00533	0.00326	0.30402
22	0.27096	0.14368	0.21118	0.01129	0.01532	0.01441	0.01148	0.01555	0.01009	0.01791	0.00883	0.01137	0.00736	0.00915	0.07541	0.00240	0.15035	0.00387	0.00275	0.00666
23	0.00784	0.00566	0.00740	0.00697	0.00827	0.00523	0.00523	0.01045	0.01568	0.02221	0.76789	0.04137	0.05226	0.01132	0.00653	0.00174	0.00261	0.01002	0.00610	0.00523
24	0.01225	0.01329	0.02715	0.25072	0.03097	0.01365	0.49685	0.01646	0.01226	0.01646	0.01061	0.01475	0.00805	0.00517	0.00681	0.00189	0.04700	0.00598	0.00268	0.00701
25	0.00753	0.00586	0.00727	0.04733	0.00956	0.00541	0.00540	0.00979	0.01439	0.01930	0.48437	0.04408	0.29558	0.01195	0.00648	0.00179	0.00293	0.01032	0.00558	0.00509
26	0.01323	0.28256	0.43340	0.01443	0.05908	0.01618	0.01591	0.07418	0.01271	0.01744	0.00949	0.01100	0.00732	0.00518	0.00473	0.00155	0.00720	0.00383	0.00262	0.00796
27	0.01267	0.40778	0.31241	0.01230	0.01818	0.01672	0.05180	0.01634	0.01162	0.01514	0.01249	0.01371	0.06619	0.00565	0.00459	0.00149	0.00672	0.00426	0.00260	0.00735
28	0.00705	0.00726	0.06571	0.00690	0.00893	0.00533	0.00573	0.00887	0.01246	0.01566	0.11185	0.18463	0.51251	0.01371	0.00654	0.00192	0.00328	0.01168	0.00501	0.00496
29	0.01180	0.00936	0.01096	0.00962	0.01243	0.00975	0.04555	0.02023	0.36553	0.07838	0.08458	0.03243	0.26686	0.00973	0.00604	0.00185	0.00402	0.00827	0.00545	0.00715

[dist]
# distance from previous block
# <min> <max>
0	82

# created by:
# /st0/software/busco_prod/Augustus/scripts/msa2prfl.pl ./align_prep/52586.fa
