[name]
unknown

[dist]
# distance from previous block
# <min> <max>
0	20

[block]
# block no. 0 follows, 47 sequences, length 6
# corresponding to MSA columns:
# 20-25
name=unknown_A
#
# <colnr> <probs for GDERKNQSTAVLIFYWHMCP>
#	G	D	E	R	K	N	Q	S	T	A	V	L	I	F	Y	W	H	M	C	P
0	0.01558	0.01509	0.01499	0.08457	0.14631	0.23523	0.01109	0.22427	0.01608	0.01959	0.01325	0.02024	0.01183	0.00712	0.00542	0.00166	0.00678	0.14023	0.00372	0.00694
1	0.00747	0.00606	0.00676	0.00702	0.00843	0.00589	0.00508	0.01107	0.15042	0.01517	0.03753	0.34505	0.34806	0.01330	0.00619	0.00190	0.00306	0.01156	0.00492	0.00503
2	0.01809	0.01684	0.15697	0.01250	0.01732	0.01541	0.01160	0.63013	0.02202	0.02984	0.01193	0.01223	0.00844	0.00601	0.00516	0.00158	0.00609	0.00454	0.00466	0.00864
3	0.01230	0.01831	0.28016	0.02293	0.31485	0.05573	0.18735	0.01658	0.01183	0.01653	0.00972	0.01233	0.00753	0.00473	0.00529	0.00162	0.00746	0.00465	0.00247	0.00766
4	0.00744	0.00558	0.00837	0.00837	0.00930	0.00651	0.00651	0.00930	0.00837	0.01209	0.01395	0.02046	0.01302	0.03906	0.79635	0.00837	0.01395	0.00558	0.00279	0.00465
5	0.00757	0.00505	0.00568	0.00568	0.00568	0.00505	0.00316	0.00757	0.00757	0.01010	0.01641	0.03408	0.01893	0.81698	0.02651	0.00505	0.00505	0.00757	0.00316	0.00316

[dist]
# distance from previous block
# <min> <max>
0	1

[block]
# block no. 1 follows, 47 sequences, length 15
# corresponding to MSA columns:
# 27-31,34-43
name=unknown_B
#
# <colnr> <probs for GDERKNQSTAVLIFYWHMCP>
#	G	D	E	R	K	N	Q	S	T	A	V	L	I	F	Y	W	H	M	C	P
0	0.02085	0.00969	0.01225	0.00962	0.01340	0.00923	0.00787	0.12694	0.09672	0.55861	0.06341	0.01841	0.01474	0.00673	0.00529	0.00162	0.00446	0.00547	0.00611	0.00857
1	0.01903	0.09120	0.01595	0.01283	0.01587	0.62250	0.00994	0.12320	0.01574	0.01547	0.00859	0.00973	0.00700	0.00541	0.00465	0.00135	0.00856	0.00349	0.00299	0.00648
2	0.01522	0.70832	0.02519	0.00896	0.01336	0.01882	0.00874	0.01694	0.01118	0.11917	0.00907	0.00965	0.00754	0.00473	0.00360	0.00118	0.00541	0.00312	0.00281	0.00698
3	0.01170	0.01166	0.11828	0.00881	0.01382	0.00771	0.00808	0.01450	0.01114	0.07512	0.01012	0.01135	0.00795	0.00420	0.00411	0.00096	0.00443	0.00335	0.00322	0.66950
4	0.01080	0.00926	0.01080	0.00771	0.01234	0.00694	0.00617	0.01311	0.01080	0.01697	0.00926	0.01080	0.00771	0.00386	0.00386	0.00077	0.00386	0.00309	0.00309	0.84882
5	0.01980	0.01459	0.01563	0.01198	0.01615	0.01615	0.00990	0.76713	0.02448	0.03282	0.01250	0.01250	0.00886	0.00625	0.00521	0.00156	0.00573	0.00469	0.00521	0.00886
6	0.00795	0.00511	0.00563	0.00572	0.00634	0.00498	0.00378	0.00888	0.00929	0.01327	0.02240	0.03467	0.12365	0.45326	0.01682	0.00349	0.00408	0.06340	0.20342	0.00385
7	0.00757	0.00505	0.00568	0.00568	0.00568	0.00505	0.00316	0.00757	0.00757	0.01010	0.01641	0.03408	0.01893	0.81698	0.02651	0.00505	0.00505	0.00757	0.00316	0.00316
8	0.01392	0.82012	0.02729	0.00891	0.01337	0.02061	0.00891	0.01559	0.01058	0.01225	0.00724	0.00835	0.00668	0.00446	0.00334	0.00111	0.00557	0.00278	0.00223	0.00668
9	0.04639	0.02027	0.41560	0.01665	0.12567	0.01310	0.06387	0.16434	0.03058	0.02008	0.01022	0.01184	0.00753	0.00527	0.00534	0.00164	0.02649	0.00429	0.00298	0.00784
10	0.00633	0.00478	0.00586	0.00665	0.00741	0.00431	0.00458	0.00742	0.01071	0.01383	0.06676	0.56193	0.25021	0.01518	0.00648	0.00199	0.00289	0.01348	0.00487	0.00431
11	0.01561	0.00902	0.01086	0.00916	0.01214	0.00909	0.00725	0.05887	0.26109	0.29796	0.18271	0.04662	0.02193	0.00777	0.00546	0.00166	0.00392	0.00655	0.00574	0.02659
12	0.09260	0.01444	0.03095	0.01135	0.03454	0.17856	0.00898	0.20981	0.08507	0.21710	0.03453	0.01408	0.01077	0.00605	0.00492	0.00153	0.00580	0.00455	0.00464	0.02972
13	0.08583	0.11093	0.01680	0.01604	0.19110	0.32523	0.01062	0.06411	0.03349	0.06338	0.00970	0.01099	0.00774	0.00517	0.00458	0.00141	0.00696	0.00379	0.00311	0.02901
14	0.03093	0.08119	0.16693	0.03692	0.18000	0.01206	0.02882	0.09824	0.07022	0.01863	0.01046	0.01202	0.00821	0.00486	0.00463	0.00136	0.00566	0.00403	0.00311	0.22174

[dist]
# distance from previous block
# <min> <max>
0	62

[block]
# block no. 2 follows, 47 sequences, length 15
# corresponding to MSA columns:
# 113-127
name=unknown_C
#
# <colnr> <probs for GDERKNQSTAVLIFYWHMCP>
#	G	D	E	R	K	N	Q	S	T	A	V	L	I	F	Y	W	H	M	C	P
0	0.01506	0.01045	0.01185	0.00978	0.01312	0.01076	0.00776	0.20740	0.23972	0.14351	0.04441	0.10236	0.01555	0.00739	0.00522	0.00157	0.00436	0.00613	0.00508	0.13852
1	0.45422	0.09916	0.26829	0.01033	0.01524	0.01280	0.04242	0.01579	0.00989	0.01968	0.00808	0.00952	0.00616	0.00481	0.00393	0.00158	0.00559	0.00329	0.00276	0.00648
2	0.13128	0.00966	0.01233	0.00980	0.01312	0.00958	0.07795	0.08728	0.09516	0.25262	0.02714	0.01765	0.01224	0.10838	0.02328	0.00212	0.00502	0.00518	0.01799	0.08221
3	0.00940	0.08386	0.00965	0.00778	0.00882	0.09229	0.00564	0.01037	0.00892	0.01130	0.01376	0.02411	0.01434	0.37379	0.29853	0.00547	0.00876	0.00595	0.00289	0.00433
4	0.01157	0.01088	0.08902	0.01601	0.14450	0.00901	0.19373	0.01436	0.01166	0.11684	0.01820	0.28213	0.01802	0.00904	0.00595	0.00183	0.00563	0.03123	0.00388	0.00653
5	0.01553	0.08781	0.01632	0.01118	0.01551	0.01259	0.08984	0.27065	0.08258	0.08662	0.01228	0.01283	0.00917	0.00527	0.00475	0.00133	0.00525	0.00435	0.00415	0.25198
6	0.01063	0.00969	0.01038	0.00885	0.01168	0.09239	0.00692	0.01383	0.08201	0.01507	0.01207	0.01520	0.01043	0.01797	0.31136	0.00387	0.00839	0.00434	0.00314	0.35178
7	0.01224	0.43594	0.39670	0.01178	0.01781	0.01648	0.01391	0.01603	0.01078	0.01431	0.00826	0.00963	0.00664	0.00469	0.00412	0.00137	0.00660	0.00330	0.00221	0.00717
8	0.00749	0.00537	0.00730	0.00730	0.00786	0.00593	0.00517	0.00861	0.00805	0.01129	0.01493	0.02589	0.01538	0.34937	0.48925	0.00704	0.01040	0.00637	0.00294	0.00405
9	0.00801	0.00593	0.00717	0.00726	0.00845	0.00571	0.00525	0.08982	0.01302	0.01738	0.21505	0.41100	0.15956	0.01333	0.00629	0.00188	0.00311	0.01176	0.00509	0.00492
10	0.05745	0.01828	0.33300	0.01278	0.01828	0.08408	0.07404	0.01948	0.01257	0.25919	0.01273	0.01307	0.00870	0.00535	0.00497	0.00157	0.00654	0.00434	0.00371	0.04985
11	0.01609	0.01485	0.01230	0.01097	0.01373	0.27652	0.00841	0.07378	0.26207	0.11868	0.01774	0.10178	0.03525	0.00752	0.00525	0.00163	0.00590	0.00596	0.00449	0.00708
12	0.04927	0.01229	0.01389	0.08513	0.01664	0.06954	0.03695	0.26651	0.03747	0.13684	0.01262	0.02902	0.00941	0.00568	0.00486	0.00142	0.00544	0.00452	0.00428	0.19823
13	0.04799	0.01371	0.20049	0.01058	0.01447	0.01041	0.01016	0.20636	0.05416	0.10734	0.12819	0.13865	0.01879	0.00811	0.00543	0.00170	0.00502	0.00676	0.00456	0.00713
14	0.01461	0.05926	0.14000	0.01277	0.09755	0.01091	0.01058	0.13244	0.08124	0.17315	0.04218	0.03443	0.04962	0.00709	0.00527	0.00163	0.00522	0.06800	0.00437	0.04970

[dist]
# distance from previous block
# <min> <max>
1	4

[block]
# block no. 3 follows, 47 sequences, length 17
# corresponding to MSA columns:
# 132-148
name=unknown_D
#
# <colnr> <probs for GDERKNQSTAVLIFYWHMCP>
#	G	D	E	R	K	N	Q	S	T	A	V	L	I	F	Y	W	H	M	C	P
0	0.03068	0.20470	0.09924	0.03038	0.04742	0.01350	0.13626	0.11278	0.01266	0.04663	0.01025	0.01251	0.00826	0.02411	0.05808	0.00194	0.02212	0.00427	0.00305	0.12116
1	0.00978	0.00725	0.00871	0.00794	0.00983	0.00716	0.00614	0.05675	0.03822	0.07689	0.06664	0.20647	0.25882	0.01120	0.00701	0.00177	0.08621	0.03093	0.00459	0.09770
2	0.01489	0.08065	0.01836	0.02136	0.38342	0.20432	0.01246	0.06827	0.09536	0.01709	0.01152	0.01317	0.02568	0.00536	0.00494	0.00149	0.00659	0.00445	0.00309	0.00754
3	0.00708	0.00534	0.00656	0.00633	0.00770	0.00482	0.00479	0.00922	0.01383	0.01878	0.54894	0.04283	0.25088	0.01150	0.00619	0.00170	0.00260	0.04070	0.00545	0.00477
4	0.02833	0.07636	0.01322	0.00920	0.01327	0.02715	0.00754	0.18753	0.07942	0.08899	0.01245	0.03279	0.00979	0.00536	0.00444	0.00121	0.00456	0.00419	0.02150	0.37270
5	0.01309	0.62988	0.21022	0.01033	0.01557	0.01856	0.01139	0.01581	0.01068	0.01327	0.00774	0.00899	0.00666	0.00457	0.00373	0.00124	0.00608	0.00304	0.00222	0.00693
6	0.03748	0.16307	0.21351	0.01246	0.01722	0.04609	0.05355	0.28191	0.01561	0.02117	0.01023	0.01166	0.00785	0.00744	0.05175	0.00193	0.03198	0.00416	0.00338	0.00752
7	0.00710	0.00526	0.00661	0.00638	0.00764	0.00478	0.00475	0.00926	0.01394	0.01922	0.60770	0.09245	0.17273	0.01146	0.00618	0.00169	0.00253	0.01004	0.00552	0.00478
8	0.00983	0.00926	0.01562	0.80447	0.03587	0.01157	0.01446	0.01331	0.01041	0.01331	0.00926	0.01388	0.00694	0.00521	0.00521	0.00174	0.00694	0.00463	0.00231	0.00579
9	0.01681	0.40656	0.02081	0.01120	0.01479	0.39586	0.00950	0.04475	0.01310	0.01322	0.00782	0.00900	0.00677	0.00496	0.00406	0.00124	0.00743	0.00313	0.00255	0.00645
10	0.00686	0.00481	0.00616	0.00696	0.00729	0.00460	0.00464	0.00772	0.00977	0.01307	0.07013	0.51767	0.03102	0.22235	0.01177	0.00286	0.00363	0.06022	0.00445	0.00403
11	0.00905	0.00452	0.00678	0.00678	0.00678	0.00452	0.00452	0.00678	0.00678	0.00905	0.00905	0.01583	0.00905	0.01809	0.02035	0.84848	0.00452	0.00452	0.00226	0.00226
12	0.01081	0.02457	0.65776	0.01688	0.08464	0.01222	0.08779	0.01647	0.01118	0.01655	0.00949	0.01143	0.00685	0.00487	0.00507	0.00165	0.00767	0.00412	0.00227	0.00768
13	0.01021	0.00826	0.00965	0.00821	0.01112	0.00739	0.00623	0.07179	0.09590	0.01748	0.01752	0.28815	0.01790	0.00869	0.00508	0.00141	0.00375	0.00755	0.00410	0.39962
14	0.01155	0.00866	0.01026	0.00761	0.01174	0.00669	0.00607	0.01376	0.01155	0.09860	0.05980	0.01638	0.07342	0.00529	0.00432	0.00099	0.00374	0.00433	0.00374	0.64149
15	0.01275	0.01187	0.06063	0.22931	0.12710	0.03644	0.01179	0.06641	0.18482	0.06705	0.06607	0.01638	0.01253	0.00636	0.00616	0.00171	0.06658	0.00520	0.00371	0.00713
16	0.01192	0.01311	0.18109	0.03262	0.01569	0.01008	0.06600	0.06482	0.18093	0.07025	0.06077	0.06046	0.03485	0.00729	0.00533	0.00166	0.00516	0.05402	0.06206	0.06189

[dist]
# distance from previous block
# <min> <max>
2	10

[block]
# block no. 4 follows, 47 sequences, length 116
# corresponding to MSA columns:
# 159-192,194-239,241-276
name=unknown_E
#
# <colnr> <probs for GDERKNQSTAVLIFYWHMCP>
#	G	D	E	R	K	N	Q	S	T	A	V	L	I	F	Y	W	H	M	C	P
0	0.01127	0.01028	0.01266	0.01517	0.20876	0.08908	0.00928	0.09460	0.01266	0.01672	0.06333	0.33118	0.02087	0.01022	0.00668	0.00181	0.06654	0.00882	0.00394	0.00610
1	0.00634	0.00453	0.00604	0.00725	0.00755	0.00423	0.00483	0.00725	0.00997	0.01329	0.02870	0.81358	0.03444	0.01632	0.00665	0.00211	0.00302	0.01480	0.00483	0.00423
2	0.01080	0.00932	0.00972	0.00891	0.01148	0.01024	0.00689	0.02128	0.53346	0.01934	0.03119	0.02915	0.25856	0.00900	0.00557	0.00176	0.00365	0.00750	0.00515	0.00703
3	0.00910	0.00680	0.00892	0.00975	0.01122	0.00707	0.00837	0.01341	0.13050	0.01655	0.02658	0.05264	0.02778	0.01325	0.00690	0.00230	0.00469	0.63397	0.00487	0.00533
4	0.01080	0.00926	0.01080	0.00771	0.01234	0.00694	0.00617	0.01311	0.01080	0.01697	0.00926	0.01080	0.00771	0.00386	0.00386	0.00077	0.00386	0.00309	0.00309	0.84882
5	0.85377	0.01007	0.00765	0.00685	0.01007	0.01168	0.00564	0.01531	0.00886	0.02336	0.00725	0.00846	0.00564	0.00483	0.00322	0.00161	0.00403	0.00282	0.00322	0.00564
6	0.00661	0.00519	0.00597	0.00599	0.00737	0.00456	0.00441	0.00827	0.01263	0.01637	0.30633	0.14768	0.42466	0.01271	0.00622	0.00176	0.00263	0.01094	0.00515	0.00456
7	0.01318	0.01177	0.01752	0.03059	0.01684	0.01347	0.17457	0.22934	0.01402	0.01940	0.01275	0.13829	0.01199	0.00831	0.00940	0.00192	0.25982	0.00655	0.00360	0.00667
8	0.00990	0.00765	0.00871	0.00807	0.00996	0.00789	0.00612	0.13099	0.15108	0.02019	0.24499	0.19866	0.15311	0.01094	0.00595	0.00177	0.00342	0.00945	0.00523	0.00590
9	0.01878	0.01003	0.01622	0.01209	0.01627	0.00894	0.18916	0.03768	0.01421	0.48670	0.06675	0.01766	0.01363	0.00605	0.00542	0.00159	0.00534	0.00558	0.00524	0.06267
10	0.03730	0.01779	0.06385	0.01247	0.03048	0.33331	0.00991	0.02302	0.35087	0.01735	0.01393	0.01406	0.01078	0.00620	0.00541	0.00160	0.03618	0.00456	0.00381	0.00714
11	0.01360	0.74718	0.09742	0.00946	0.01421	0.01982	0.00986	0.01568	0.01062	0.01264	0.00743	0.00860	0.00668	0.00450	0.00349	0.00116	0.00576	0.00288	0.00223	0.00678
12	0.00634	0.00453	0.00604	0.00725	0.00755	0.00423	0.00483	0.00725	0.00997	0.01329	0.02870	0.81358	0.03444	0.01632	0.00665	0.00211	0.00302	0.01480	0.00483	0.00423
13	0.01353	0.01176	0.01165	0.00937	0.01316	0.11261	0.00736	0.03511	0.20529	0.07699	0.03680	0.01423	0.01134	0.00533	0.00454	0.00121	0.00469	0.00422	0.00398	0.41683
14	0.01392	0.82012	0.02729	0.00891	0.01337	0.02061	0.00891	0.01559	0.01058	0.01225	0.00724	0.00835	0.00668	0.00446	0.00334	0.00111	0.00557	0.00278	0.00223	0.00668
15	0.00973	0.00813	0.00966	0.00760	0.01120	0.00629	0.00585	0.01171	0.01060	0.01609	0.01391	0.20284	0.01411	0.00684	0.00452	0.00109	0.00366	0.00589	0.00350	0.64678
16	0.00665	0.00529	0.00596	0.00580	0.00734	0.00461	0.00435	0.00843	0.01304	0.01684	0.34974	0.04555	0.48367	0.01215	0.00615	0.00171	0.00256	0.01035	0.00520	0.00461
17	0.03640	0.01175	0.01874	0.01656	0.13819	0.01162	0.21138	0.15444	0.03025	0.23477	0.02725	0.01516	0.01051	0.00567	0.00562	0.00163	0.02241	0.00529	0.03446	0.00791
18	0.01223	0.14563	0.22679	0.00975	0.01384	0.02863	0.01002	0.01529	0.01265	0.15176	0.19749	0.04259	0.09707	0.00760	0.00518	0.00157	0.00495	0.00622	0.00413	0.00662
19	0.02246	0.00906	0.01206	0.00938	0.01332	0.00811	0.00771	0.02558	0.08095	0.72153	0.02060	0.01787	0.01315	0.00650	0.00524	0.00162	0.00440	0.00529	0.00635	0.00881
20	0.00737	0.00532	0.00696	0.00655	0.00778	0.00491	0.00491	0.00983	0.01474	0.02088	0.78175	0.03890	0.04914	0.01065	0.00614	0.00164	0.00246	0.00942	0.00573	0.00491
21	0.19965	0.01021	0.01078	0.02641	0.01277	0.01126	0.00750	0.14180	0.26498	0.11185	0.03633	0.11465	0.01508	0.00757	0.00501	0.00172	0.00428	0.00611	0.00485	0.00721
22	0.01024	0.01132	0.08183	0.03582	0.11764	0.02353	0.23567	0.01401	0.06086	0.01575	0.04911	0.19233	0.01669	0.02946	0.07905	0.00247	0.00686	0.00769	0.00340	0.00626
23	0.01026	0.00863	0.01194	0.01095	0.01133	0.01097	0.00866	0.01137	0.00918	0.06327	0.01602	0.31595	0.01770	0.01167	0.01236	0.00217	0.45023	0.00849	0.00352	0.00535
24	0.00669	0.00479	0.00625	0.00692	0.00748	0.00447	0.00473	0.00796	0.01113	0.01513	0.22952	0.54063	0.05239	0.06682	0.00779	0.00217	0.00299	0.01282	0.00496	0.00435
25	0.55168	0.26429	0.03084	0.00779	0.01152	0.01460	0.00706	0.03423	0.00984	0.01997	0.00742	0.00858	0.00607	0.00475	0.00335	0.00146	0.00463	0.00288	0.00294	0.00609
26	0.01488	0.05280	0.40507	0.01258	0.01840	0.07638	0.02843	0.01918	0.02770	0.22096	0.01238	0.01275	0.00857	0.00532	0.00490	0.00154	0.00658	0.00417	0.00350	0.06392
27	0.03502	0.06477	0.01478	0.01103	0.01466	0.11639	0.07134	0.07831	0.12610	0.33363	0.06715	0.01677	0.01365	0.00632	0.00514	0.00158	0.00545	0.00518	0.00497	0.00777
28	0.01045	0.02694	0.79000	0.01484	0.02254	0.01209	0.01924	0.01649	0.01099	0.01649	0.00935	0.01099	0.00660	0.00495	0.00495	0.00165	0.00770	0.00385	0.00220	0.00770
29	0.01396	0.00649	0.00879	0.00821	0.01019	0.00580	0.00618	0.01539	0.01221	0.35751	0.02505	0.44093	0.02476	0.01188	0.00603	0.00190	0.00369	0.02919	0.00555	0.00630
30	0.03582	0.01401	0.03985	0.01645	0.06946	0.08441	0.30452	0.17332	0.01518	0.12579	0.01232	0.01384	0.00894	0.00529	0.00538	0.00161	0.00692	0.00515	0.05426	0.00750
31	0.01180	0.08663	0.02117	0.01641	0.06815	0.07517	0.30141	0.01446	0.01089	0.01443	0.01130	0.08014	0.01039	0.01059	0.10568	0.00259	0.14392	0.00590	0.00274	0.00624
32	0.01002	0.00933	0.01566	0.68173	0.10308	0.01128	0.01421	0.01339	0.01065	0.01379	0.01050	0.01671	0.00856	0.00575	0.00533	0.00176	0.00673	0.05308	0.00250	0.00595
33	0.01311	0.02793	0.01994	0.05712	0.64003	0.06554	0.01475	0.01602	0.01191	0.01649	0.00957	0.01247	0.00803	0.00466	0.00501	0.00148	0.00627	0.00442	0.00260	0.06265
34	0.00683	0.00561	0.00609	0.00633	0.00778	0.00514	0.00460	0.00927	0.08151	0.01456	0.04299	0.26529	0.49834	0.01352	0.00622	0.00186	0.00288	0.01161	0.00488	0.00470
35	0.00656	0.00476	0.00628	0.00727	0.00779	0.00436	0.00490	0.00754	0.01001	0.01347	0.02775	0.77418	0.03313	0.01570	0.00651	0.00205	0.00306	0.01423	0.00475	0.04568
36	0.20922	0.01122	0.01072	0.13592	0.01535	0.12932	0.00813	0.06583	0.09479	0.04569	0.01496	0.18687	0.01407	0.00790	0.00495	0.00170	0.00518	0.00640	0.02578	0.00601
37	0.01016	0.00694	0.00829	0.00693	0.00958	0.00589	0.00539	0.01262	0.03186	0.10188	0.27064	0.02889	0.16860	0.00833	0.00521	0.00138	0.00315	0.00706	0.05952	0.24768
38	0.09153	0.59776	0.06893	0.00997	0.02772	0.10365	0.00947	0.01619	0.01093	0.01366	0.00750	0.00871	0.00661	0.00462	0.00361	0.00122	0.00598	0.00295	0.00237	0.00660
39	0.01650	0.45348	0.02162	0.01084	0.01463	0.29880	0.00942	0.09291	0.01348	0.01449	0.00806	0.00914	0.00691	0.00496	0.00402	0.00124	0.00696	0.00318	0.00269	0.00667
40	0.00737	0.00532	0.00696	0.00655	0.00778	0.00491	0.00491	0.00983	0.01474	0.02088	0.78175	0.03890	0.04914	0.01065	0.00614	0.00164	0.00246	0.00942	0.00573	0.00491
41	0.01275	0.01101	0.01169	0.01033	0.01343	0.01240	0.00805	0.02633	0.70481	0.02134	0.02010	0.01864	0.01514	0.00677	0.00517	0.00167	0.00410	0.00563	0.00510	0.08554
42	0.01212	0.01523	0.10055	0.02130	0.02679	0.01307	0.69695	0.01666	0.01217	0.01666	0.01043	0.01377	0.00778	0.00444	0.00604	0.00175	0.00868	0.00593	0.00259	0.00709
43	0.01383	0.74573	0.02586	0.00907	0.01338	0.01990	0.00885	0.01670	0.08088	0.01313	0.00852	0.00937	0.00753	0.00470	0.00352	0.00117	0.00544	0.00307	0.00251	0.00683
44	0.01048	0.02531	0.71835	0.01419	0.02160	0.01162	0.01804	0.01618	0.01098	0.01654	0.00934	0.01098	0.00670	0.00485	0.00485	0.00157	0.00734	0.00378	0.00228	0.08504
45	0.01108	0.00922	0.01529	0.73134	0.03379	0.01121	0.01384	0.01442	0.01083	0.08455	0.01029	0.01424	0.00749	0.00532	0.00521	0.00172	0.00671	0.00468	0.00269	0.00607
46	0.85377	0.01007	0.00765	0.00685	0.01007	0.01168	0.00564	0.01531	0.00886	0.02336	0.00725	0.00846	0.00564	0.00483	0.00322	0.00161	0.00403	0.00282	0.00322	0.00564
47	0.00631	0.00468	0.00589	0.00687	0.00745	0.00426	0.00466	0.00729	0.01034	0.01344	0.03336	0.66563	0.17939	0.01571	0.00655	0.00205	0.00295	0.01407	0.00483	0.00426
48	0.01014	0.00978	0.01715	0.71238	0.05458	0.01174	0.08357	0.01369	0.01062	0.01371	0.00939	0.01387	0.00706	0.00512	0.00529	0.00173	0.00709	0.00477	0.00235	0.00596
49	0.01326	0.01678	0.23715	0.01534	0.13739	0.05452	0.01282	0.11685	0.26051	0.02024	0.01425	0.01557	0.01093	0.00605	0.00514	0.00165	0.00594	0.02417	0.02356	0.00788
50	0.00634	0.00453	0.00604	0.00725	0.00755	0.00423	0.00483	0.00725	0.00997	0.01329	0.02870	0.81358	0.03444	0.01632	0.00665	0.00211	0.00302	0.01480	0.00483	0.00423
51	0.00615	0.00528	0.00528	0.00528	0.00703	0.00440	0.00396	0.00747	0.01187	0.01407	0.05276	0.05012	0.78238	0.01319	0.00615	0.00176	0.00264	0.01099	0.00484	0.00440
52	0.01526	0.06913	0.23807	0.01254	0.01663	0.07296	0.02538	0.08285	0.01273	0.18977	0.02678	0.01304	0.00914	0.00643	0.00766	0.00172	0.18457	0.00443	0.00355	0.00735
53	0.09665	0.01346	0.06336	0.01076	0.01426	0.14478	0.00918	0.05801	0.01374	0.40783	0.01447	0.01402	0.00986	0.00631	0.00631	0.00164	0.09855	0.00450	0.00468	0.00764
54	0.72434	0.08484	0.00996	0.00736	0.01075	0.01278	0.00621	0.06239	0.01000	0.02293	0.00758	0.00870	0.00594	0.00489	0.00336	0.00156	0.00428	0.00293	0.00326	0.00594
55	0.00971	0.00485	0.00485	0.00485	0.00607	0.00485	0.00364	0.01213	0.01092	0.01942	0.01699	0.01942	0.01335	0.00607	0.00364	0.00121	0.00243	0.00485	0.84589	0.00485
56	0.00746	0.00530	0.00706	0.00710	0.00759	0.00576	0.00492	0.00844	0.00807	0.01123	0.01561	0.05591	0.01650	0.39226	0.41686	0.00663	0.00950	0.00683	0.00303	0.00395
57	0.00983	0.00926	0.01562	0.80447	0.03587	0.01157	0.01446	0.01331	0.01041	0.01331	0.00926	0.01388	0.00694	0.00521	0.00521	0.00174	0.00694	0.00463	0.00231	0.00579
58	0.01972	0.01188	0.01361	0.01074	0.01462	0.01250	0.00877	0.35813	0.16833	0.29940	0.01707	0.01572	0.01167	0.00648	0.00524	0.00162	0.00495	0.00512	0.00567	0.00874
59	0.02336	0.00886	0.01209	0.00927	0.01329	0.00765	0.00765	0.02538	0.01491	0.78810	0.02055	0.01773	0.01289	0.00645	0.00524	0.00161	0.00443	0.00524	0.00645	0.00886
60	0.00731	0.00532	0.00688	0.00649	0.00774	0.00489	0.00487	0.00971	0.01460	0.02055	0.74597	0.03945	0.08513	0.01077	0.00614	0.00164	0.00247	0.00950	0.00569	0.00489
61	0.01945	0.02482	0.01476	0.01342	0.01610	0.79608	0.01006	0.02079	0.01476	0.01275	0.00805	0.00939	0.00671	0.00537	0.00470	0.00134	0.00939	0.00335	0.00268	0.00604
62	0.00634	0.00453	0.00604	0.00725	0.00755	0.00423	0.00483	0.00725	0.00997	0.01329	0.02870	0.81358	0.03444	0.01632	0.00665	0.00211	0.00302	0.01480	0.00483	0.00423
63	0.01313	0.01128	0.01188	0.01063	0.01361	0.01304	0.00829	0.04694	0.75553	0.02207	0.02097	0.01925	0.01571	0.00704	0.00530	0.00176	0.00416	0.00586	0.00530	0.00826
64	0.48358	0.01014	0.01021	0.00850	0.01172	0.01121	0.00702	0.06685	0.01153	0.24261	0.01137	0.01165	0.00804	0.00578	0.00521	0.00167	0.07813	0.00380	0.00419	0.00678
65	0.01007	0.00938	0.01562	0.78585	0.03540	0.01168	0.01436	0.03101	0.01074	0.01376	0.00933	0.01385	0.00699	0.00523	0.00521	0.00173	0.00691	0.00463	0.00238	0.00586
66	0.00665	0.00456	0.00593	0.00703	0.00742	0.00429	0.00472	0.00770	0.01006	0.01386	0.02763	0.74056	0.03250	0.01537	0.00637	0.00203	0.00297	0.01389	0.08217	0.00429
67	0.00634	0.00453	0.00604	0.00725	0.00755	0.00423	0.00483	0.00725	0.00997	0.01329	0.02870	0.81358	0.03444	0.01632	0.00665	0.00211	0.00302	0.01480	0.00483	0.00423
68	0.01283	0.01104	0.01163	0.01048	0.01336	0.01277	0.00812	0.02721	0.75725	0.02151	0.02108	0.01977	0.01597	0.02589	0.00579	0.00184	0.00414	0.00593	0.00525	0.00812
69	0.00641	0.00534	0.00562	0.00572	0.00741	0.00456	0.00440	0.00787	0.01199	0.01446	0.07733	0.05050	0.68615	0.01321	0.00625	0.00181	0.00283	0.07884	0.00487	0.00445
70	0.00900	0.00753	0.01204	0.01515	0.23193	0.00819	0.00923	0.01122	0.00937	0.01350	0.01276	0.01828	0.01165	0.02917	0.56913	0.00641	0.01172	0.00531	0.00273	0.00568
71	0.61211	0.01121	0.01428	0.01119	0.01500	0.01211	0.22389	0.01570	0.00985	0.02145	0.00819	0.01006	0.00629	0.00471	0.00406	0.00165	0.00539	0.00378	0.00305	0.00604
72	0.01229	0.01405	0.03073	0.02195	0.02722	0.01317	0.76558	0.01668	0.01229	0.01668	0.01054	0.01405	0.00790	0.00439	0.00615	0.00176	0.00878	0.00615	0.00263	0.00702
73	0.85377	0.01007	0.00765	0.00685	0.01007	0.01168	0.00564	0.01531	0.00886	0.02336	0.00725	0.00846	0.00564	0.00483	0.00322	0.00161	0.00403	0.00282	0.00322	0.00564
74	0.00749	0.00537	0.00730	0.00730	0.00785	0.00593	0.00517	0.00861	0.00805	0.01129	0.01493	0.02589	0.01538	0.34953	0.48910	0.00704	0.01040	0.00638	0.00294	0.00405
75	0.85377	0.01007	0.00765	0.00685	0.01007	0.01168	0.00564	0.01531	0.00886	0.02336	0.00725	0.00846	0.00564	0.00483	0.00322	0.00161	0.00403	0.00282	0.00322	0.00564
76	0.01018	0.00973	0.01569	0.63010	0.03097	0.01254	0.01379	0.01314	0.00988	0.01314	0.00872	0.01333	0.00692	0.00607	0.00783	0.00186	0.18345	0.00461	0.00231	0.00577
77	0.03809	0.00941	0.01191	0.00962	0.01315	0.00894	0.00791	0.16026	0.01596	0.51009	0.01994	0.07209	0.01496	0.00775	0.00546	0.00171	0.00461	0.07414	0.00589	0.00812
78	0.85377	0.01007	0.00765	0.00685	0.01007	0.01168	0.00564	0.01531	0.00886	0.02336	0.00725	0.00846	0.00564	0.00483	0.00322	0.00161	0.00403	0.00282	0.00322	0.00564
79	0.01169	0.01278	0.02583	0.01911	0.02295	0.01315	0.54857	0.01521	0.01109	0.01545	0.01009	0.01407	0.00813	0.00835	0.07692	0.00243	0.16928	0.00578	0.00258	0.00655
80	0.01140	0.00937	0.01091	0.00796	0.01246	0.00737	0.00636	0.01454	0.06192	0.04567	0.01047	0.01163	0.00845	0.00417	0.00400	0.00087	0.00390	0.00335	0.00336	0.76185
81	0.01760	0.00840	0.01080	0.00877	0.01190	0.00786	0.00706	0.06560	0.08534	0.45201	0.23873	0.02365	0.02333	0.00770	0.00550	0.00163	0.00391	0.00646	0.00606	0.00767
82	0.01261	0.01209	0.02063	0.10300	0.71566	0.01230	0.01584	0.01574	0.01172	0.01667	0.00975	0.01298	0.00813	0.00469	0.00516	0.00156	0.00626	0.00464	0.00255	0.00802
83	0.01139	0.01139	0.01595	0.01367	0.01367	0.01595	0.01139	0.01253	0.00798	0.01253	0.00684	0.01139	0.00684	0.00911	0.01709	0.00228	0.80745	0.00456	0.00228	0.00570
84	0.01872	0.01405	0.01502	0.01176	0.01574	0.01565	0.00964	0.65104	0.14233	0.03109	0.01387	0.01359	0.00996	0.00638	0.00522	0.00159	0.00548	0.00488	0.00522	0.00876
85	0.01080	0.00926	0.01080	0.00771	0.01234	0.00694	0.00617	0.01311	0.01080	0.01697	0.00926	0.01080	0.00771	0.00386	0.00386	0.00077	0.00386	0.00309	0.00309	0.84882
86	0.01341	0.01476	0.01565	0.01361	0.01428	0.21128	0.01106	0.01460	0.00967	0.01259	0.00714	0.01089	0.00680	0.00818	0.01399	0.00204	0.60763	0.00426	0.00238	0.00578
87	0.01980	0.01459	0.01563	0.01198	0.01615	0.01615	0.00990	0.76713	0.02448	0.03282	0.01250	0.01250	0.00886	0.00625	0.00521	0.00156	0.00573	0.00469	0.00521	0.00886
88	0.00639	0.00456	0.00609	0.00730	0.00762	0.00427	0.00491	0.00733	0.01001	0.01334	0.02868	0.79752	0.03435	0.01627	0.00666	0.00212	0.00306	0.03043	0.00483	0.00424
89	0.01229	0.01405	0.03073	0.02195	0.02722	0.01317	0.76558	0.01668	0.01229	0.01668	0.01054	0.01405	0.00790	0.00439	0.00615	0.00176	0.00878	0.00615	0.00263	0.00702
90	0.00634	0.00453	0.00604	0.00725	0.00755	0.00423	0.00483	0.00725	0.00997	0.01329	0.02870	0.81358	0.03444	0.01632	0.00665	0.00211	0.00302	0.01480	0.00483	0.00423
91	0.00905	0.00452	0.00678	0.00678	0.00678	0.00452	0.00452	0.00678	0.00678	0.00905	0.00905	0.01583	0.00905	0.01809	0.02035	0.84848	0.00452	0.00452	0.00226	0.00226
92	0.00757	0.00505	0.00568	0.00568	0.00568	0.00505	0.00316	0.00757	0.00757	0.01010	0.01641	0.03408	0.01893	0.81698	0.02651	0.00505	0.00505	0.00757	0.00316	0.00316
93	0.01309	0.01125	0.01185	0.01063	0.01359	0.01302	0.00828	0.04247	0.76007	0.02201	0.02102	0.01929	0.01576	0.00705	0.00530	0.00176	0.00415	0.00586	0.00530	0.00826
94	0.00983	0.00926	0.01562	0.80447	0.03587	0.01157	0.01446	0.01331	0.01041	0.01331	0.00926	0.01388	0.00694	0.00521	0.00521	0.00174	0.00694	0.00463	0.00231	0.00579
95	0.00657	0.00463	0.00598	0.00697	0.00721	0.00438	0.00453	0.00731	0.00953	0.01271	0.02646	0.67170	0.03162	0.16205	0.01026	0.00265	0.00339	0.01349	0.00453	0.00403
96	0.02274	0.00900	0.01207	0.00935	0.01331	0.00797	0.00769	0.02552	0.06049	0.74215	0.02058	0.01783	0.01307	0.00648	0.00524	0.00162	0.00441	0.00528	0.00638	0.00883
97	0.00634	0.00453	0.00604	0.00725	0.00755	0.00423	0.00483	0.00725	0.00997	0.01329	0.02870	0.81358	0.03444	0.01632	0.00665	0.00211	0.00302	0.01480	0.00483	0.00423
98	0.00634	0.00453	0.00604	0.00725	0.00755	0.00423	0.00483	0.00725	0.00997	0.01329	0.02870	0.81358	0.03444	0.01632	0.00665	0.00211	0.00302	0.01480	0.00483	0.00423
99	0.01719	0.00752	0.00999	0.00812	0.01113	0.00657	0.00653	0.01927	0.01458	0.49659	0.24211	0.02678	0.09406	0.00827	0.00558	0.00163	0.00370	0.00697	0.00609	0.00732
100	0.01289	0.01237	0.02114	0.03196	0.78450	0.01237	0.01598	0.01598	0.01186	0.01701	0.00980	0.01289	0.00825	0.00464	0.00516	0.00155	0.00619	0.00464	0.00258	0.00825
101	0.00634	0.00453	0.00604	0.00725	0.00755	0.00423	0.00483	0.00725	0.00997	0.01329	0.02870	0.81358	0.03444	0.01632	0.00665	0.00211	0.00302	0.01480	0.00483	0.00423
102	0.85377	0.01007	0.00765	0.00685	0.01007	0.01168	0.00564	0.01531	0.00886	0.02336	0.00725	0.00846	0.00564	0.00483	0.00322	0.00161	0.00403	0.00282	0.00322	0.00564
103	0.01071	0.02178	0.52096	0.01639	0.02291	0.01189	0.23264	0.01595	0.01130	0.01634	0.01095	0.06408	0.00878	0.00553	0.00540	0.00171	0.00770	0.00522	0.00250	0.00728
104	0.00776	0.00570	0.00757	0.00743	0.00785	0.00642	0.00522	0.00868	0.00796	0.01116	0.01466	0.02639	0.01545	0.40978	0.37686	0.00638	0.06130	0.00647	0.00293	0.00400
105	0.01099	0.15147	0.67025	0.01391	0.02110	0.01343	0.01762	0.01635	0.01093	0.01583	0.00901	0.01058	0.00661	0.00487	0.00470	0.00157	0.00736	0.00368	0.00220	0.00754
106	0.00629	0.00475	0.00582	0.00668	0.00740	0.00428	0.00458	0.00732	0.01052	0.01352	0.03561	0.59433	0.24924	0.01542	0.00651	0.00201	0.00291	0.01371	0.00483	0.00428
107	0.01139	0.00574	0.00747	0.00739	0.00884	0.00525	0.00539	0.01287	0.01153	0.21913	0.04202	0.46083	0.02578	0.01197	0.00579	0.00183	0.00329	0.01059	0.13733	0.00557
108	0.01299	0.01401	0.02285	0.22826	0.11459	0.11426	0.34736	0.05169	0.01264	0.01608	0.00988	0.01319	0.00758	0.00485	0.00555	0.00166	0.00793	0.00514	0.00267	0.00680
109	0.01419	0.00858	0.01308	0.08422	0.05300	0.00831	0.08645	0.01767	0.06654	0.27534	0.21971	0.02608	0.02289	0.00788	0.00574	0.00172	0.00469	0.07191	0.00507	0.00691
110	0.01045	0.02694	0.79000	0.01484	0.02254	0.01209	0.01924	0.01649	0.01099	0.01649	0.00935	0.01099	0.00660	0.00495	0.00495	0.00165	0.00770	0.00385	0.00220	0.00770
111	0.02313	0.00923	0.01232	0.00944	0.01348	0.00821	0.00780	0.07363	0.01553	0.73898	0.02002	0.01739	0.01263	0.00643	0.00524	0.00161	0.00452	0.00520	0.00637	0.00886
112	0.01073	0.09244	0.72701	0.01435	0.02178	0.01280	0.01839	0.01642	0.01096	0.01614	0.00917	0.01078	0.00660	0.00491	0.00481	0.00160	0.00752	0.00376	0.00220	0.00761
113	0.01277	0.00919	0.01100	0.00796	0.01249	0.00705	0.00640	0.01504	0.01144	0.13804	0.01103	0.01189	0.00853	0.00426	0.00407	0.00090	0.00395	0.00342	0.00361	0.71694
114	0.00757	0.00505	0.00568	0.00568	0.00568	0.00505	0.00316	0.00757	0.00757	0.01010	0.01641	0.03408	0.01893	0.81698	0.02651	0.00505	0.00505	0.00757	0.00316	0.00316
115	0.62148	0.12566	0.08766	0.00802	0.01188	0.01283	0.00752	0.01584	0.00954	0.04971	0.00795	0.00904	0.00615	0.00485	0.00348	0.00155	0.00462	0.00301	0.00310	0.00611

[dist]
# distance from previous block
# <min> <max>
0	1

[block]
# block no. 5 follows, 47 sequences, length 10
# corresponding to MSA columns:
# 278-287
name=unknown_F
#
# <colnr> <probs for GDERKNQSTAVLIFYWHMCP>
#	G	D	E	R	K	N	Q	S	T	A	V	L	I	F	Y	W	H	M	C	P
0	0.01359	0.01193	0.06100	0.03770	0.03919	0.01089	0.32484	0.06798	0.04138	0.15156	0.01559	0.14687	0.01341	0.00715	0.00619	0.00178	0.03096	0.00706	0.00389	0.00704
1	0.00634	0.00453	0.00604	0.00725	0.00755	0.00423	0.00483	0.00725	0.00997	0.01329	0.02870	0.81358	0.03444	0.01632	0.00665	0.00211	0.00302	0.01480	0.00483	0.00423
2	0.01703	0.01939	0.06432	0.05606	0.01689	0.40711	0.01038	0.15593	0.14285	0.01835	0.01146	0.01228	0.00883	0.00579	0.00490	0.00149	0.00740	0.00416	0.02841	0.00697
3	0.09085	0.01428	0.01502	0.26230	0.09515	0.19131	0.01143	0.17494	0.01465	0.06676	0.01024	0.01223	0.00767	0.00545	0.00491	0.00157	0.00676	0.00423	0.00337	0.00690
4	0.01348	0.00976	0.01148	0.00838	0.01287	0.00801	0.00677	0.09410	0.01281	0.12533	0.01116	0.01194	0.00855	0.00447	0.00419	0.00097	0.00413	0.00355	0.00377	0.64428
5	0.01392	0.82012	0.02729	0.00891	0.01337	0.02061	0.00891	0.01559	0.01058	0.01225	0.00724	0.00835	0.00668	0.00446	0.00334	0.00111	0.00557	0.00278	0.00223	0.00668
6	0.00723	0.00532	0.00676	0.00640	0.00769	0.00485	0.00480	0.00955	0.01440	0.02008	0.69575	0.04022	0.13564	0.01095	0.00614	0.00165	0.00248	0.00960	0.00563	0.00485
7	0.00754	0.00518	0.00636	0.00636	0.00659	0.00542	0.00400	0.00801	0.00777	0.01060	0.01579	0.03066	0.01745	0.62160	0.21986	0.00588	0.00728	0.00707	0.00306	0.00353
8	0.00748	0.00543	0.00760	0.00760	0.00826	0.00609	0.00555	0.00881	0.00814	0.01152	0.01465	0.02436	0.01471	0.26165	0.57606	0.00742	0.01140	0.00615	0.00289	0.00422
9	0.01156	0.28102	0.54567	0.01294	0.01960	0.01482	0.01593	0.01620	0.01086	0.01513	0.00867	0.01015	0.00662	0.00479	0.00443	0.00148	0.00701	0.00351	0.00221	0.00737

[dist]
# distance from previous block
# <min> <max>
0	1

[block]
# block no. 6 follows, 47 sequences, length 56
# corresponding to MSA columns:
# 289-311,313-345
name=unknown_G
#
# <colnr> <probs for GDERKNQSTAVLIFYWHMCP>
#	G	D	E	R	K	N	Q	S	T	A	V	L	I	F	Y	W	H	M	C	P
0	0.00764	0.00544	0.00698	0.00691	0.00725	0.00592	0.00464	0.00836	0.00788	0.01090	0.01521	0.02838	0.01639	0.50674	0.30842	0.00618	0.03322	0.00675	0.00299	0.00378
1	0.00868	0.00740	0.01075	0.01003	0.01067	0.00947	0.00804	0.01031	0.00825	0.01223	0.01172	0.01761	0.01108	0.02966	0.55188	0.00646	0.26288	0.00526	0.00263	0.00498
2	0.01132	0.00958	0.01107	0.00800	0.01257	0.00755	0.00641	0.05288	0.02802	0.01790	0.00968	0.01107	0.00795	0.00405	0.00396	0.00083	0.00396	0.00323	0.00324	0.78672
3	0.01181	0.33916	0.48977	0.01251	0.01893	0.01544	0.01517	0.01614	0.01083	0.01482	0.00852	0.00996	0.00663	0.00475	0.00432	0.00144	0.00686	0.00343	0.00221	0.00730
4	0.00876	0.00641	0.00866	0.00967	0.01101	0.00655	0.00838	0.01214	0.07298	0.01608	0.02706	0.05560	0.02885	0.01380	0.00704	0.00235	0.00474	0.69002	0.00484	0.00507
5	0.00869	0.00736	0.01053	0.00982	0.01038	0.00935	0.00777	0.01018	0.00818	0.01207	0.01191	0.01870	0.01155	0.09184	0.49035	0.00619	0.26217	0.00542	0.00266	0.00486
6	0.01847	0.01644	0.01412	0.01287	0.07116	0.32289	0.00940	0.12088	0.07010	0.18438	0.01255	0.01274	0.00921	0.00562	0.00487	0.00141	0.00662	0.00419	0.00406	0.09804
7	0.40681	0.30226	0.01592	0.00874	0.01231	0.15281	0.00759	0.01638	0.01051	0.01752	0.00739	0.00859	0.00620	0.00479	0.00352	0.00139	0.00552	0.00290	0.00277	0.00608
8	0.01159	0.01105	0.01880	0.35944	0.46714	0.01203	0.01534	0.01485	0.01125	0.01544	0.00957	0.01331	0.00769	0.00488	0.00518	0.00163	0.00651	0.00463	0.00247	0.00720
9	0.01348	0.01172	0.01587	0.07461	0.25731	0.01281	0.02669	0.17310	0.20856	0.02075	0.01651	0.01747	0.07202	0.00655	0.00594	0.00168	0.04774	0.00550	0.00396	0.00773
10	0.85377	0.01007	0.00765	0.00685	0.01007	0.01168	0.00564	0.01531	0.00886	0.02336	0.00725	0.00846	0.00564	0.00483	0.00322	0.00161	0.00403	0.00282	0.00322	0.00564
11	0.01980	0.01459	0.01563	0.01198	0.01615	0.01615	0.00990	0.76713	0.02448	0.03282	0.01250	0.01250	0.00886	0.00625	0.00521	0.00156	0.00573	0.00469	0.00521	0.00886
12	0.00720	0.00561	0.00673	0.00728	0.00878	0.00514	0.00602	0.00902	0.01193	0.01477	0.04103	0.05413	0.43213	0.01375	0.00664	0.00206	0.00364	0.35475	0.00482	0.00458
13	0.02336	0.00886	0.01209	0.00927	0.01329	0.00765	0.00765	0.02538	0.01491	0.78810	0.02055	0.01773	0.01289	0.00645	0.00524	0.00161	0.00443	0.00524	0.00645	0.00886
14	0.01306	0.00892	0.00962	0.00774	0.01071	0.00883	0.00618	0.24323	0.01504	0.02291	0.01370	0.01516	0.01058	0.00558	0.00417	0.00121	0.00379	0.00436	0.37977	0.21543
15	0.00757	0.00505	0.00568	0.00568	0.00568	0.00505	0.00316	0.00757	0.00757	0.01010	0.01641	0.03408	0.01893	0.81698	0.02651	0.00505	0.00505	0.00757	0.00316	0.00316
16	0.02024	0.01387	0.01518	0.01164	0.01579	0.01509	0.00962	0.67423	0.02329	0.12742	0.01351	0.01316	0.00936	0.00628	0.00521	0.00157	0.00557	0.00476	0.00536	0.00886
17	0.00757	0.00505	0.00568	0.00568	0.00568	0.00505	0.00316	0.00757	0.00757	0.01010	0.01641	0.03408	0.01893	0.81698	0.02651	0.00505	0.00505	0.00757	0.00316	0.00316
18	0.00983	0.00926	0.01562	0.80447	0.03587	0.01157	0.01446	0.01331	0.01041	0.01331	0.00926	0.01388	0.00694	0.00521	0.00521	0.00174	0.00694	0.00463	0.00231	0.00579
19	0.00634	0.00453	0.00604	0.00725	0.00755	0.00423	0.00483	0.00725	0.00997	0.01329	0.02870	0.81358	0.03444	0.01632	0.00665	0.00211	0.00302	0.01480	0.00483	0.00423
20	0.00634	0.00453	0.00604	0.00725	0.00755	0.00423	0.00483	0.00725	0.00997	0.01329	0.02870	0.81358	0.03444	0.01632	0.00665	0.00211	0.00302	0.01480	0.00483	0.00423
21	0.00650	0.00467	0.00621	0.00738	0.00780	0.00438	0.00509	0.00754	0.01019	0.01350	0.02936	0.72956	0.05730	0.01606	0.00668	0.00213	0.00315	0.07340	0.00483	0.00428
22	0.02336	0.00886	0.01209	0.00927	0.01329	0.00765	0.00765	0.02538	0.01491	0.78810	0.02055	0.01773	0.01289	0.00645	0.00524	0.00161	0.00443	0.00524	0.00645	0.00886
23	0.01080	0.06173	0.69398	0.01594	0.08302	0.01250	0.01851	0.01641	0.01104	0.01634	0.00929	0.01103	0.00673	0.00490	0.00489	0.00162	0.00748	0.00386	0.00223	0.00769
24	0.00647	0.00462	0.00619	0.00739	0.00775	0.00434	0.00505	0.00747	0.01009	0.01343	0.02863	0.76779	0.03417	0.01620	0.00668	0.00213	0.00313	0.05938	0.00483	0.00426
25	0.01080	0.00926	0.01080	0.00771	0.01234	0.00694	0.00617	0.01311	0.01080	0.01697	0.00926	0.01080	0.00771	0.00386	0.00386	0.00077	0.00386	0.00309	0.00309	0.84882
26	0.00780	0.00626	0.00678	0.00648	0.00835	0.00579	0.00503	0.06941	0.03701	0.01694	0.15619	0.04509	0.53262	0.01215	0.00613	0.00177	0.00306	0.06316	0.00501	0.00498
27	0.00744	0.00558	0.00837	0.00837	0.00930	0.00651	0.00651	0.00930	0.00837	0.01209	0.01395	0.02046	0.01302	0.03906	0.79635	0.00837	0.01395	0.00558	0.00279	0.00465
28	0.00679	0.00485	0.00641	0.00750	0.00794	0.00461	0.00519	0.02147	0.01035	0.01377	0.02804	0.71795	0.03325	0.03393	0.00711	0.00219	0.00327	0.07625	0.00480	0.00434
29	0.77438	0.01147	0.00833	0.00747	0.01064	0.08632	0.00606	0.01583	0.00942	0.02235	0.00733	0.00855	0.00574	0.00488	0.00336	0.00159	0.00454	0.00287	0.00317	0.00568
30	0.01918	0.01515	0.01639	0.01771	0.22757	0.18745	0.01131	0.11691	0.06728	0.22377	0.03034	0.01610	0.01180	0.00666	0.00567	0.00178	0.00658	0.00512	0.00467	0.00856
31	0.01038	0.00880	0.01044	0.00775	0.01194	0.00682	0.00615	0.01261	0.01058	0.01645	0.01029	0.03875	0.00904	0.00709	0.06729	0.00142	0.00463	0.00368	0.00312	0.75276
32	0.01170	0.01203	0.01790	0.26406	0.08411	0.06969	0.10938	0.01420	0.01019	0.01383	0.00848	0.01247	0.00714	0.00648	0.00966	0.00186	0.30508	0.00465	0.00242	0.03467
33	0.00677	0.00505	0.00630	0.00651	0.00754	0.00458	0.00468	0.00847	0.01256	0.01692	0.37744	0.29565	0.20231	0.01306	0.00631	0.00182	0.00268	0.01153	0.00524	0.00458
34	0.10209	0.00944	0.01195	0.00925	0.01322	0.00872	0.00764	0.08370	0.01510	0.65498	0.01864	0.01643	0.01188	0.00628	0.00504	0.00161	0.00450	0.00496	0.00604	0.00856
35	0.00649	0.00466	0.00619	0.00735	0.00777	0.00436	0.00506	0.00751	0.01018	0.01348	0.02944	0.73349	0.05944	0.01607	0.00667	0.00212	0.00314	0.06747	0.00483	0.00428
36	0.01437	0.67124	0.02504	0.00977	0.01370	0.10876	0.00922	0.01597	0.01087	0.01233	0.00730	0.00869	0.00670	0.00489	0.00448	0.00122	0.06364	0.00298	0.00228	0.00654
37	0.00983	0.00926	0.01562	0.80447	0.03587	0.01157	0.01446	0.01331	0.01041	0.01331	0.00926	0.01388	0.00694	0.00521	0.00521	0.00174	0.00694	0.00463	0.00231	0.00579
38	0.00634	0.00453	0.00604	0.00725	0.00755	0.00423	0.00483	0.00725	0.00997	0.01329	0.02870	0.81358	0.03444	0.01632	0.00665	0.00211	0.00302	0.01480	0.00483	0.00423
39	0.01661	0.01300	0.01383	0.01134	0.01494	0.01466	0.00913	0.42291	0.37390	0.02768	0.01655	0.01573	0.01213	0.00663	0.00525	0.00166	0.00498	0.00525	0.00525	0.00857
40	0.01247	0.20642	0.52786	0.01312	0.01968	0.01365	0.03137	0.01711	0.01129	0.08680	0.00992	0.01108	0.00723	0.00496	0.00463	0.00153	0.00693	0.00378	0.00261	0.00756
41	0.00675	0.00482	0.00651	0.00772	0.00820	0.00458	0.00554	0.00796	0.01037	0.01375	0.02848	0.66303	0.03355	0.01593	0.00676	0.00217	0.00338	0.16133	0.00483	0.00434
42	0.00931	0.00706	0.00990	0.00953	0.01020	0.00838	0.00738	0.01064	0.00941	0.06851	0.01821	0.31211	0.01961	0.01934	0.21062	0.00372	0.23102	0.02624	0.00371	0.00509
43	0.01317	0.00777	0.00906	0.00795	0.01009	0.06258	0.00614	0.01529	0.01441	0.26038	0.42716	0.09205	0.03354	0.00940	0.00579	0.00165	0.00362	0.00810	0.00567	0.00618
44	0.00810	0.00669	0.00728	0.00689	0.00878	0.00657	0.00523	0.01291	0.19401	0.01774	0.24232	0.03979	0.40203	0.01105	0.00595	0.00173	0.00294	0.00935	0.00519	0.00545
45	0.01412	0.00844	0.00965	0.00813	0.01066	0.00865	0.00645	0.19194	0.07842	0.15327	0.19063	0.02194	0.02056	0.00730	0.00498	0.00150	0.00369	0.00600	0.24690	0.00676
46	0.01618	0.01787	0.01549	0.15144	0.09825	0.38704	0.01134	0.10192	0.07517	0.01622	0.00991	0.01179	0.00789	0.00571	0.00563	0.00154	0.05270	0.00412	0.00308	0.00669
47	0.01112	0.05434	0.46469	0.07358	0.02459	0.01274	0.25261	0.01629	0.01134	0.01615	0.00963	0.01205	0.00703	0.00477	0.00528	0.00167	0.00789	0.00458	0.00234	0.00731
48	0.00615	0.00528	0.00528	0.00528	0.00703	0.00440	0.00396	0.00747	0.01187	0.01407	0.05276	0.05012	0.78238	0.01319	0.00615	0.00176	0.00264	0.01099	0.00484	0.00440
49	0.01163	0.01214	0.07410	0.24133	0.45804	0.01169	0.03075	0.01502	0.01137	0.01602	0.01031	0.01429	0.00844	0.00508	0.00515	0.00161	0.00636	0.02015	0.03923	0.00729
50	0.01310	0.01652	0.26438	0.05692	0.10739	0.03049	0.10598	0.14310	0.01393	0.06514	0.04554	0.05868	0.01138	0.00610	0.00529	0.00164	0.00644	0.00537	0.03524	0.00738
51	0.00860	0.00729	0.01045	0.00983	0.01038	0.00922	0.00777	0.01009	0.00833	0.01223	0.01290	0.07521	0.01288	0.06054	0.46529	0.00589	0.25944	0.00601	0.00279	0.00488
52	0.00758	0.00532	0.00690	0.00698	0.00742	0.00567	0.00481	0.00846	0.00819	0.01125	0.01628	0.03067	0.01748	0.46346	0.31788	0.00612	0.00842	0.06013	0.00313	0.00384
53	0.01357	0.09461	0.22436	0.01077	0.01503	0.06442	0.01069	0.14349	0.03695	0.10894	0.03197	0.09424	0.11372	0.00766	0.00520	0.00162	0.00557	0.00616	0.00400	0.00702
54	0.10958	0.03064	0.06792	0.27039	0.05420	0.12240	0.04958	0.04424	0.02744	0.10169	0.01035	0.01260	0.00774	0.00558	0.00576	0.00166	0.06419	0.00432	0.00311	0.00661
