[name]
unknown

[dist]
# distance from previous block
# <min> <max>
0	396

[block]
# block no. 0 follows, 44 sequences, length 8
# corresponding to MSA columns:
# 448-455
name=unknown_A
#
# <colnr> <probs for GDERKNQSTAVLIFYWHMCP>
#	G	D	E	R	K	N	Q	S	T	A	V	L	I	F	Y	W	H	M	C	P
0	0.15489	0.01478	0.04610	0.01226	0.05289	0.14340	0.00963	0.26663	0.03462	0.04086	0.01412	0.08376	0.01247	0.00754	0.00526	0.00171	0.00603	0.06251	0.00430	0.02622
1	0.01344	0.01398	0.02304	0.02562	0.38274	0.06225	0.19709	0.01646	0.01186	0.01646	0.00968	0.01323	0.00813	0.00583	0.00826	0.00182	0.17470	0.00514	0.00265	0.00761
2	0.01347	0.01407	0.01942	0.19231	0.11769	0.13318	0.15292	0.05141	0.01240	0.01600	0.01087	0.01426	0.02804	0.00638	0.00810	0.00183	0.17094	0.00511	0.02487	0.00674
3	0.00726	0.00528	0.00684	0.00704	0.00801	0.00486	0.00506	0.00918	0.01348	0.01862	0.46551	0.31300	0.08871	0.01341	0.00662	0.00190	0.00279	0.01196	0.00561	0.00486
4	0.00664	0.00474	0.00633	0.00759	0.00791	0.00443	0.00506	0.00759	0.01044	0.01392	0.03005	0.80485	0.03606	0.01708	0.00696	0.00221	0.00316	0.01550	0.00506	0.00443
5	0.00800	0.00620	0.00864	0.14007	0.01305	0.00624	0.00677	0.01056	0.01411	0.01950	0.54498	0.09549	0.08407	0.01079	0.00631	0.00178	0.00342	0.00954	0.00527	0.00521
6	0.00665	0.00540	0.00590	0.00606	0.00756	0.00465	0.00444	0.00812	0.01251	0.01558	0.14987	0.17799	0.54827	0.01399	0.00653	0.00189	0.00280	0.01195	0.00519	0.00465
7	0.70571	0.01040	0.00857	0.00732	0.01094	0.01139	0.00600	0.01564	0.00962	0.02333	0.00795	0.00927	0.00627	0.00489	0.00349	0.00154	0.00419	0.00300	0.00335	0.14715

[dist]
# distance from previous block
# <min> <max>
0	1

[block]
# block no. 1 follows, 44 sequences, length 11
# corresponding to MSA columns:
# 457-467
name=unknown_B
#
# <colnr> <probs for GDERKNQSTAVLIFYWHMCP>
#	G	D	E	R	K	N	Q	S	T	A	V	L	I	F	Y	W	H	M	C	P
0	0.54240	0.01007	0.00973	0.00811	0.01179	0.01067	0.00668	0.01993	0.01162	0.30352	0.01274	0.01245	0.00871	0.00569	0.00415	0.00169	0.00437	0.00389	0.00462	0.00715
1	0.84691	0.01054	0.00801	0.00717	0.01054	0.01223	0.00590	0.01603	0.00928	0.02446	0.00759	0.00886	0.00590	0.00506	0.00337	0.00169	0.00422	0.00295	0.00337	0.00590
2	0.01067	0.00969	0.01448	0.50383	0.02843	0.01032	0.01193	0.01385	0.01105	0.01535	0.00969	0.01334	0.00757	0.00493	0.00493	0.00144	0.00607	0.00425	0.00272	0.31546
3	0.01228	0.31828	0.50188	0.01324	0.02004	0.01596	0.01614	0.01692	0.01135	0.01562	0.00897	0.01049	0.00694	0.00499	0.00456	0.00152	0.00723	0.00362	0.00231	0.00766
4	0.32108	0.01141	0.01348	0.01167	0.01292	0.01504	0.00970	0.01420	0.00869	0.01732	0.00732	0.01079	0.00669	0.00788	0.01252	0.00213	0.50437	0.00410	0.00275	0.00594
5	0.02308	0.01150	0.01403	0.01075	0.01502	0.01131	0.00888	0.29672	0.01932	0.50278	0.01839	0.01653	0.01193	0.00667	0.00547	0.00167	0.00514	0.00527	0.00627	0.00928
6	0.00892	0.00890	0.01556	0.01229	0.01537	0.00805	0.28223	0.01151	0.01246	0.01575	0.03619	0.08928	0.41235	0.01066	0.00651	0.00189	0.00525	0.03699	0.00421	0.00562
7	0.32084	0.00740	0.00675	0.00622	0.00847	0.00793	0.00491	0.01478	0.01105	0.07273	0.03996	0.01666	0.01223	0.00606	0.00385	0.00147	0.00330	0.00448	0.44522	0.00567
8	0.00890	0.00494	0.00667	0.00667	0.00667	0.00494	0.00420	0.00741	0.00741	0.00988	0.01232	0.02365	0.01330	0.31124	0.02369	0.53182	0.00494	0.00592	0.00271	0.00271
9	0.01604	0.01778	0.01966	0.02627	0.49392	0.29936	0.01444	0.01860	0.01354	0.01616	0.00958	0.01214	0.00804	0.00514	0.00522	0.00154	0.00772	0.00436	0.00274	0.00778
10	0.00778	0.00555	0.00763	0.00889	0.00970	0.00540	0.00703	0.00955	0.01155	0.01519	0.02942	0.41181	0.03358	0.01601	0.00726	0.00237	0.00414	0.39735	0.00504	0.00474

[dist]
# distance from previous block
# <min> <max>
0	1

[block]
# block no. 2 follows, 44 sequences, length 20
# corresponding to MSA columns:
# 469-488
name=unknown_C
#
# <colnr> <probs for GDERKNQSTAVLIFYWHMCP>
#	G	D	E	R	K	N	Q	S	T	A	V	L	I	F	Y	W	H	M	C	P
0	0.01213	0.01391	0.05559	0.22176	0.03065	0.01331	0.53701	0.01655	0.01231	0.01655	0.01064	0.01454	0.00796	0.00484	0.00613	0.00183	0.00865	0.00594	0.00265	0.00704
1	0.02026	0.01502	0.01636	0.04749	0.01783	0.01669	0.01058	0.72308	0.02497	0.03345	0.01294	0.01315	0.00918	0.00650	0.00545	0.00164	0.00606	0.00491	0.00532	0.00913
2	0.01358	0.03951	0.24022	0.01565	0.16162	0.01110	0.01294	0.03608	0.06362	0.10396	0.01203	0.01318	0.00903	0.00514	0.00492	0.00143	0.00587	0.00426	0.00344	0.24241
3	0.01201	0.01168	0.01995	0.16969	0.16886	0.03211	0.19764	0.01498	0.01163	0.03757	0.04018	0.09854	0.01261	0.00729	0.00794	0.00190	0.13904	0.00653	0.00310	0.00676
4	0.00761	0.00557	0.00714	0.00675	0.00808	0.00510	0.00506	0.01009	0.01519	0.02128	0.71316	0.04168	0.11017	0.01136	0.00643	0.00172	0.00259	0.00999	0.00592	0.00510
5	0.07201	0.08160	0.07686	0.01149	0.04154	0.01318	0.00973	0.26680	0.08947	0.16607	0.06428	0.01621	0.01313	0.00653	0.00512	0.00162	0.00524	0.00510	0.04583	0.00820
6	0.01385	0.01283	0.02046	0.04334	0.25155	0.01355	0.18318	0.05475	0.24088	0.04195	0.01432	0.01592	0.01103	0.00598	0.00639	0.00179	0.05066	0.00563	0.00380	0.00816
7	0.00690	0.00551	0.00618	0.00607	0.00766	0.00479	0.00453	0.00870	0.01343	0.01725	0.30998	0.07419	0.48962	0.01297	0.00646	0.00181	0.00271	0.01106	0.00540	0.00479
8	0.00831	0.00643	0.00904	0.00875	0.00938	0.00763	0.00659	0.00971	0.00851	0.01221	0.01433	0.02368	0.01433	0.21991	0.51444	0.00717	0.10578	0.00621	0.00295	0.00463
9	0.02186	0.00897	0.01199	0.00944	0.01324	0.00798	0.00771	0.02476	0.05745	0.64583	0.11091	0.02130	0.01819	0.00731	0.00560	0.00170	0.00437	0.00604	0.00659	0.00875
10	0.00684	0.00483	0.00627	0.00734	0.00761	0.00456	0.00480	0.00764	0.01006	0.01341	0.02810	0.68864	0.03360	0.13664	0.01010	0.00268	0.00348	0.01435	0.00480	0.00426
11	0.01130	0.00969	0.01130	0.00807	0.01292	0.00727	0.00646	0.01373	0.01130	0.01776	0.00969	0.01130	0.00807	0.00404	0.00404	0.00081	0.00404	0.00323	0.00323	0.84173
12	0.84691	0.01054	0.00801	0.00717	0.01054	0.01223	0.00590	0.01603	0.00928	0.02446	0.00759	0.00886	0.00590	0.00506	0.00337	0.00169	0.00422	0.00295	0.00337	0.00590
13	0.02070	0.01608	0.01629	0.01266	0.01690	0.07538	0.01038	0.70042	0.02486	0.03276	0.01273	0.01284	0.00910	0.00647	0.00541	0.00162	0.00629	0.00480	0.00525	0.00905
14	0.01085	0.00878	0.01063	0.00890	0.01094	0.02473	0.00679	0.01225	0.00994	0.05153	0.01424	0.02105	0.04702	0.22715	0.07340	0.00306	0.16577	0.00552	0.00330	0.28417
15	0.70158	0.01032	0.00883	0.00762	0.01114	0.01148	0.00628	0.01789	0.01040	0.15765	0.01005	0.01057	0.00725	0.00536	0.00375	0.00169	0.00429	0.00340	0.00397	0.00650
16	0.00644	0.00552	0.00552	0.00552	0.00736	0.00460	0.00414	0.00782	0.01243	0.01473	0.05523	0.05247	0.77218	0.01381	0.00644	0.00184	0.00276	0.01151	0.00506	0.00460
17	0.05679	0.04197	0.04793	0.01301	0.04761	0.01080	0.13419	0.09696	0.01514	0.40015	0.01655	0.01616	0.01116	0.00604	0.00534	0.00166	0.00565	0.00526	0.05924	0.00837
18	0.01524	0.01265	0.02400	0.01769	0.02227	0.01199	0.45341	0.09413	0.01445	0.16553	0.01531	0.10032	0.01237	0.00655	0.00621	0.00183	0.00734	0.00707	0.00405	0.00761
19	0.00748	0.00692	0.06557	0.00785	0.00921	0.00539	0.00625	0.00961	0.01289	0.01794	0.38035	0.38198	0.04114	0.01336	0.00657	0.00194	0.00325	0.01195	0.00530	0.00504

[dist]
# distance from previous block
# <min> <max>
0	1

[block]
# block no. 3 follows, 44 sequences, length 7
# corresponding to MSA columns:
# 490-496
name=unknown_D
#
# <colnr> <probs for GDERKNQSTAVLIFYWHMCP>
#	G	D	E	R	K	N	Q	S	T	A	V	L	I	F	Y	W	H	M	C	P
0	0.01356	0.14553	0.25355	0.01273	0.07012	0.01215	0.01221	0.04917	0.01245	0.09111	0.01071	0.01189	0.00815	0.00492	0.00460	0.00133	0.00589	0.00383	0.00320	0.27291
1	0.01285	0.01227	0.02061	0.03091	0.70419	0.01219	0.01558	0.01592	0.01241	0.01753	0.01437	0.01706	0.07852	0.00568	0.00549	0.00164	0.00614	0.00547	0.00291	0.00827
2	0.01215	0.00592	0.00695	0.00641	0.00817	0.00559	0.00490	0.01452	0.01285	0.16050	0.15342	0.07258	0.02193	0.00795	0.00478	0.00149	0.00297	0.00666	0.48440	0.00583
3	0.01306	0.01492	0.10874	0.05996	0.17647	0.01323	0.35482	0.05442	0.01288	0.03769	0.01156	0.04504	0.00936	0.00571	0.00670	0.00182	0.05715	0.00592	0.00299	0.00757
4	0.01504	0.01719	0.01199	0.01116	0.01349	0.42486	0.00831	0.04518	0.05234	0.01510	0.02000	0.17665	0.11626	0.00909	0.00555	0.00163	0.00689	0.00718	0.00382	0.03827
5	0.00844	0.00545	0.00722	0.00742	0.00846	0.00501	0.00532	0.01019	0.01304	0.07393	0.35937	0.40670	0.04124	0.01368	0.00661	0.00195	0.00301	0.01225	0.00560	0.00511
6	0.09057	0.11208	0.20673	0.01222	0.03808	0.01393	0.01168	0.21764	0.08167	0.07592	0.01453	0.05623	0.03225	0.00665	0.00508	0.00167	0.00586	0.00518	0.00409	0.00792

[dist]
# distance from previous block
# <min> <max>
0	2

[block]
# block no. 4 follows, 44 sequences, length 93
# corresponding to MSA columns:
# 499-591
name=unknown_E
#
# <colnr> <probs for GDERKNQSTAVLIFYWHMCP>
#	G	D	E	R	K	N	Q	S	T	A	V	L	I	F	Y	W	H	M	C	P
0	0.22162	0.27546	0.05500	0.00971	0.01368	0.01468	0.03838	0.01863	0.14118	0.07271	0.05376	0.01506	0.03768	0.00607	0.00442	0.00156	0.00505	0.00453	0.00376	0.00705
1	0.00738	0.00530	0.00703	0.00744	0.00833	0.00495	0.00544	0.00928	0.01314	0.01813	0.40334	0.35328	0.04338	0.01391	0.00674	0.00199	0.00303	0.07752	0.00553	0.00484
2	0.03674	0.28886	0.01994	0.01200	0.01569	0.33477	0.01003	0.16761	0.01570	0.01765	0.00903	0.01015	0.00745	0.00557	0.00486	0.00140	0.02865	0.00361	0.00318	0.00712
3	0.01326	0.00752	0.00967	0.00813	0.01098	0.00637	0.00629	0.01534	0.01345	0.23825	0.21440	0.17853	0.02643	0.00925	0.00566	0.00158	0.00366	0.00803	0.00533	0.21789
4	0.03593	0.01321	0.02159	0.03229	0.73548	0.03184	0.01629	0.01684	0.01240	0.01788	0.01014	0.01328	0.00852	0.00488	0.00533	0.00162	0.00650	0.00477	0.00272	0.00851
5	0.01506	0.74561	0.02746	0.00972	0.01423	0.08590	0.00943	0.01678	0.01145	0.01287	0.00765	0.00884	0.00700	0.00474	0.00362	0.00119	0.00617	0.00297	0.00237	0.00694
6	0.00826	0.00584	0.00685	0.00665	0.00665	0.00625	0.00403	0.00836	0.00796	0.01079	0.01633	0.03368	0.01876	0.74123	0.02692	0.00504	0.07198	0.00766	0.00323	0.00353
7	0.06555	0.01967	0.29337	0.01625	0.05802	0.07291	0.16025	0.10491	0.09982	0.03919	0.01191	0.01331	0.00876	0.00553	0.00539	0.00172	0.00735	0.00482	0.00336	0.00792
8	0.22836	0.01026	0.01191	0.00939	0.01341	0.01005	0.00775	0.10539	0.01515	0.50791	0.01711	0.01554	0.01114	0.00631	0.00496	0.00168	0.00469	0.00479	0.00577	0.00844
9	0.00644	0.00552	0.00552	0.00552	0.00736	0.00460	0.00414	0.00782	0.01243	0.01473	0.05523	0.05247	0.77218	0.01381	0.00644	0.00184	0.00276	0.01151	0.00506	0.00460
10	0.02009	0.00869	0.01153	0.00915	0.01265	0.00780	0.00743	0.06335	0.01612	0.54866	0.20737	0.02376	0.02269	0.00783	0.00572	0.00169	0.00420	0.00654	0.00649	0.00825
11	0.01765	0.01255	0.03727	0.05932	0.33470	0.02949	0.01276	0.12436	0.03130	0.24809	0.01457	0.01595	0.01065	0.00597	0.00546	0.00167	0.00594	0.01926	0.00439	0.00865
12	0.00947	0.00473	0.00710	0.00710	0.00710	0.00473	0.00473	0.00710	0.00710	0.00947	0.00947	0.01657	0.00947	0.01894	0.02131	0.84138	0.00473	0.00473	0.00237	0.00237
13	0.01264	0.00747	0.00772	0.00683	0.00882	0.00785	0.00535	0.18686	0.01476	0.02361	0.01668	0.01863	0.01287	0.00640	0.00420	0.00136	0.00335	0.00504	0.64350	0.00606
14	0.01250	0.01183	0.02009	0.02877	0.61572	0.01178	0.04655	0.01575	0.02647	0.01761	0.04071	0.10155	0.01336	0.00647	0.00565	0.00170	0.00605	0.00630	0.00314	0.00799
15	0.01253	0.08126	0.21334	0.03524	0.19035	0.07188	0.13690	0.01615	0.01214	0.03528	0.01316	0.13193	0.01211	0.00684	0.00556	0.00173	0.00701	0.00627	0.00304	0.00729
16	0.01831	0.02263	0.01754	0.01625	0.07437	0.59014	0.09002	0.02018	0.01453	0.01414	0.00993	0.01177	0.02603	0.00584	0.00578	0.00152	0.04748	0.00418	0.00283	0.00654
17	0.03508	0.02787	0.06322	0.05013	0.26458	0.01346	0.24080	0.14310	0.01467	0.03500	0.01327	0.01556	0.04635	0.00559	0.00568	0.00171	0.00705	0.00557	0.00336	0.00794
18	0.00647	0.00552	0.00556	0.00555	0.00738	0.00461	0.00416	0.00788	0.01249	0.01488	0.07033	0.05222	0.75699	0.01375	0.00644	0.00184	0.00276	0.01147	0.00508	0.00461
19	0.01613	0.51942	0.06482	0.01053	0.01517	0.04474	0.01006	0.15998	0.04847	0.05038	0.01005	0.01071	0.00815	0.00530	0.00419	0.00135	0.00600	0.00364	0.00328	0.00764
20	0.00682	0.00487	0.00653	0.00779	0.00818	0.00458	0.00536	0.00789	0.01061	0.01411	0.02995	0.74434	0.03568	0.01692	0.00701	0.00224	0.00331	0.07428	0.00506	0.00448
21	0.00772	0.00557	0.00729	0.00686	0.00814	0.00514	0.00514	0.01029	0.01543	0.02186	0.77152	0.04072	0.05144	0.01115	0.00643	0.00171	0.00257	0.00986	0.00600	0.00514
22	0.01226	0.00664	0.00841	0.00735	0.00963	0.00584	0.00573	0.01440	0.01474	0.23954	0.37676	0.03720	0.21867	0.01053	0.00616	0.00174	0.00322	0.00900	0.00599	0.00621
23	0.00769	0.00557	0.00725	0.00683	0.00813	0.00513	0.00512	0.01023	0.01537	0.02171	0.75608	0.04098	0.06697	0.01120	0.00643	0.00172	0.00258	0.00989	0.00598	0.00513
24	0.84691	0.01054	0.00801	0.00717	0.01054	0.01223	0.00590	0.01603	0.00928	0.02446	0.00759	0.00886	0.00590	0.00506	0.00337	0.00169	0.00422	0.00295	0.00337	0.00590
25	0.01130	0.00969	0.01130	0.00807	0.01292	0.00727	0.00646	0.01373	0.01130	0.01776	0.00969	0.01130	0.00807	0.00404	0.00404	0.00081	0.00404	0.00323	0.00323	0.84173
26	0.01093	0.02820	0.78016	0.01554	0.02360	0.01266	0.02014	0.01727	0.01151	0.01727	0.00978	0.01151	0.00691	0.00518	0.00518	0.00173	0.00806	0.00403	0.00230	0.00806
27	0.01458	0.81168	0.02857	0.00933	0.01399	0.02157	0.00933	0.01632	0.01108	0.01283	0.00758	0.00875	0.00700	0.00466	0.00350	0.00117	0.00583	0.00292	0.00233	0.00700
28	0.01181	0.00999	0.01158	0.00832	0.01313	0.00779	0.00667	0.05369	0.01208	0.01866	0.00987	0.01140	0.00814	0.00417	0.00411	0.00085	0.00414	0.00332	0.00335	0.79692
29	0.00664	0.00474	0.00633	0.00759	0.00791	0.00443	0.00506	0.00759	0.01044	0.01392	0.03005	0.80485	0.03606	0.01708	0.00696	0.00221	0.00316	0.01550	0.00506	0.00443
30	0.02436	0.00943	0.01275	0.00977	0.01399	0.00824	0.00807	0.04554	0.01586	0.75883	0.02129	0.01841	0.01339	0.00674	0.00548	0.00169	0.00467	0.00547	0.00671	0.00928
31	0.01238	0.24206	0.09787	0.01124	0.01445	0.15602	0.06049	0.01450	0.01188	0.01415	0.01615	0.27457	0.01728	0.00925	0.00538	0.00169	0.00614	0.02496	0.00341	0.00611
32	0.84691	0.01054	0.00801	0.00717	0.01054	0.01223	0.00590	0.01603	0.00928	0.02446	0.00759	0.00886	0.00590	0.00506	0.00337	0.00169	0.00422	0.00295	0.00337	0.00590
33	0.00660	0.00492	0.00615	0.00714	0.00779	0.00447	0.00486	0.00764	0.01088	0.01410	0.03558	0.63942	0.19791	0.01636	0.00685	0.00213	0.00307	0.01462	0.00506	0.00447
34	0.48775	0.00999	0.00982	0.00824	0.01181	0.01059	0.00675	0.02014	0.05234	0.28401	0.04129	0.01399	0.01077	0.00599	0.00433	0.00170	0.00431	0.00425	0.00475	0.00719
35	0.01458	0.81168	0.02857	0.00933	0.01399	0.02157	0.00933	0.01632	0.01108	0.01283	0.00758	0.00875	0.00700	0.00466	0.00350	0.00117	0.00583	0.00292	0.00233	0.00700
36	0.01099	0.00749	0.04669	0.00789	0.01007	0.00621	0.00648	0.01394	0.03129	0.15678	0.58371	0.03488	0.04171	0.00998	0.00618	0.00171	0.00325	0.00871	0.00594	0.00610
37	0.00664	0.00474	0.00633	0.00759	0.00791	0.00443	0.00506	0.00759	0.01044	0.01392	0.03005	0.80485	0.03606	0.01708	0.00696	0.00221	0.00316	0.01550	0.00506	0.00443
38	0.01385	0.01516	0.02485	0.11778	0.09334	0.13679	0.41583	0.01743	0.01289	0.03596	0.01131	0.04424	0.00916	0.00551	0.00617	0.00177	0.02208	0.00592	0.00290	0.00705
39	0.01543	0.01427	0.09119	0.06637	0.36217	0.02660	0.06676	0.12575	0.02817	0.11365	0.02850	0.01465	0.01009	0.00557	0.00549	0.00167	0.00650	0.00508	0.00367	0.00840
40	0.02200	0.01237	0.09215	0.01154	0.02885	0.04757	0.03963	0.02460	0.01488	0.60508	0.01879	0.01704	0.01209	0.00646	0.00568	0.00169	0.01967	0.00525	0.00579	0.00886
41	0.81366	0.01116	0.00831	0.00745	0.01080	0.04338	0.00609	0.01626	0.00953	0.02401	0.00762	0.00890	0.00595	0.00508	0.00344	0.00168	0.00444	0.00297	0.00335	0.00592
42	0.00679	0.00556	0.00601	0.00595	0.00765	0.00477	0.00450	0.00847	0.01310	0.01636	0.21375	0.05011	0.59073	0.01325	0.00647	0.00183	0.00278	0.03191	0.00527	0.00473
43	0.01609	0.01098	0.01583	0.20446	0.21169	0.03879	0.01178	0.01887	0.01299	0.25604	0.01351	0.01486	0.00969	0.00550	0.00521	0.00155	0.00583	0.00475	0.00399	0.13758
44	0.01016	0.00508	0.00508	0.00508	0.00635	0.00508	0.00381	0.01270	0.01143	0.02033	0.01778	0.02033	0.01397	0.00635	0.00381	0.00127	0.00254	0.00508	0.83867	0.00508
45	0.00793	0.00529	0.00595	0.00595	0.00595	0.00529	0.00330	0.00793	0.00793	0.01057	0.01718	0.03568	0.01982	0.80840	0.02775	0.00529	0.00529	0.00793	0.00330	0.00330
46	0.84691	0.01054	0.00801	0.00717	0.01054	0.01223	0.00590	0.01603	0.00928	0.02446	0.00759	0.00886	0.00590	0.00506	0.00337	0.00169	0.00422	0.00295	0.00337	0.00590
47	0.01130	0.00969	0.01130	0.00807	0.01292	0.00727	0.00646	0.01373	0.01130	0.01776	0.00969	0.01130	0.00807	0.00404	0.00404	0.00081	0.00404	0.00323	0.00323	0.84173
48	0.60995	0.01304	0.01031	0.00887	0.01236	0.09540	0.00720	0.15021	0.01289	0.02506	0.00867	0.00972	0.00663	0.00539	0.00391	0.00165	0.00514	0.00336	0.00369	0.00656
49	0.01270	0.01236	0.02179	0.16722	0.54654	0.01269	0.09400	0.01609	0.01215	0.01699	0.01070	0.03255	0.00900	0.00522	0.00555	0.00169	0.00683	0.00527	0.00271	0.00794
50	0.01383	0.01320	0.02327	0.21554	0.19843	0.05590	0.29438	0.01748	0.01267	0.08476	0.01132	0.01446	0.00850	0.00512	0.00578	0.00175	0.00772	0.00543	0.00302	0.00744
51	0.84691	0.01054	0.00801	0.00717	0.01054	0.01223	0.00590	0.01603	0.00928	0.02446	0.00759	0.00886	0.00590	0.00506	0.00337	0.00169	0.00422	0.00295	0.00337	0.00590
52	0.02446	0.00928	0.01265	0.00970	0.01392	0.00801	0.00801	0.02657	0.01560	0.77817	0.02151	0.01856	0.01350	0.00675	0.00548	0.00169	0.00464	0.00548	0.00675	0.00928
53	0.01261	0.01421	0.03060	0.09959	0.02939	0.01362	0.68125	0.01711	0.01267	0.01711	0.01090	0.01469	0.00817	0.00468	0.00634	0.00184	0.00900	0.00628	0.00272	0.00722
54	0.00644	0.00552	0.00552	0.00552	0.00736	0.00460	0.00414	0.00782	0.01243	0.01473	0.05523	0.05247	0.77218	0.01381	0.00644	0.00184	0.00276	0.01151	0.00506	0.00460
55	0.01093	0.02820	0.78016	0.01554	0.02360	0.01266	0.02014	0.01727	0.01151	0.01727	0.00978	0.01151	0.00691	0.00518	0.00518	0.00173	0.00806	0.00403	0.00230	0.00806
56	0.02387	0.01023	0.01324	0.01015	0.01439	0.00943	0.00839	0.14268	0.01720	0.65981	0.02017	0.01769	0.01282	0.00672	0.00548	0.00168	0.00486	0.00539	0.00654	0.00928
57	0.01489	0.76939	0.02786	0.00958	0.01415	0.06275	0.00939	0.01662	0.01131	0.01285	0.00762	0.00880	0.00700	0.00472	0.00357	0.00118	0.00605	0.00295	0.00236	0.00696
58	0.01349	0.01295	0.02213	0.03346	0.77440	0.01295	0.01673	0.01673	0.01241	0.01781	0.01025	0.01349	0.00864	0.00486	0.00540	0.00162	0.00648	0.00486	0.00270	0.00864
59	0.01631	0.05926	0.01995	0.02459	0.44924	0.20577	0.01390	0.08474	0.01440	0.04591	0.01033	0.01248	0.00838	0.00526	0.00518	0.00155	0.00716	0.00445	0.00310	0.00805
60	0.00947	0.00473	0.00710	0.00710	0.00710	0.00473	0.00473	0.00710	0.00710	0.00947	0.00947	0.01657	0.00947	0.01894	0.02131	0.84138	0.00473	0.00473	0.00237	0.00237
61	0.02279	0.01195	0.01431	0.01097	0.01525	0.01198	0.00906	0.35218	0.02008	0.44624	0.01775	0.01612	0.01161	0.00666	0.00547	0.00166	0.00525	0.00523	0.00617	0.00928
62	0.01349	0.01295	0.02213	0.03346	0.77440	0.01295	0.01673	0.01673	0.01241	0.01781	0.01025	0.01349	0.00864	0.00486	0.00540	0.00162	0.00648	0.00486	0.00270	0.00864
63	0.01529	0.70010	0.06440	0.00967	0.01446	0.01990	0.00975	0.01730	0.01151	0.08241	0.00895	0.00977	0.00758	0.00488	0.00376	0.00124	0.00583	0.00320	0.00273	0.00726
64	0.00793	0.00529	0.00595	0.00595	0.00595	0.00529	0.00330	0.00793	0.00793	0.01057	0.01718	0.03568	0.01982	0.80840	0.02775	0.00529	0.00529	0.00793	0.00330	0.00330
65	0.00873	0.00623	0.00872	0.00997	0.01120	0.00623	0.00869	0.01120	0.01249	0.01625	0.02890	0.08135	0.03150	0.01511	0.00751	0.00250	0.00497	0.71841	0.00502	0.00500
66	0.00816	0.00791	0.05043	0.00937	0.01026	0.00795	0.00744	0.00952	0.01028	0.01402	0.02710	0.45074	0.13925	0.01407	0.00950	0.00217	0.20094	0.01161	0.00425	0.00503
67	0.01045	0.00985	0.01664	0.75752	0.07409	0.01215	0.01522	0.01407	0.01098	0.01412	0.00972	0.01448	0.00734	0.00542	0.00545	0.00181	0.00723	0.00485	0.00244	0.00618
68	0.01214	0.01229	0.01667	0.01431	0.01438	0.03628	0.01189	0.01334	0.00853	0.01313	0.00719	0.01187	0.00715	0.00944	0.01756	0.00236	0.77837	0.00474	0.00240	0.00597
69	0.49843	0.01448	0.05300	0.01156	0.07755	0.11793	0.00887	0.12540	0.01290	0.02346	0.00885	0.01014	0.00683	0.00534	0.00416	0.00164	0.00564	0.00353	0.00349	0.00680
70	0.00644	0.00552	0.00552	0.00552	0.00736	0.00460	0.00414	0.00782	0.01243	0.01473	0.05523	0.05247	0.77218	0.01381	0.00644	0.00184	0.00276	0.01151	0.00506	0.00460
71	0.01130	0.00969	0.01130	0.00807	0.01292	0.00727	0.00646	0.01373	0.01130	0.01776	0.00969	0.01130	0.00807	0.00404	0.00404	0.00081	0.00404	0.00323	0.00323	0.84173
72	0.01356	0.01171	0.01233	0.01109	0.01418	0.01356	0.00863	0.02897	0.76455	0.02281	0.02219	0.02034	0.01664	0.00740	0.00555	0.00185	0.00431	0.00616	0.00555	0.00863
73	0.02446	0.00928	0.01265	0.00970	0.01392	0.00801	0.00801	0.02657	0.01560	0.77817	0.02151	0.01856	0.01350	0.00675	0.00548	0.00169	0.00464	0.00548	0.00675	0.00928
74	0.01055	0.01008	0.01742	0.72569	0.06418	0.01223	0.05500	0.01422	0.01106	0.01426	0.00978	0.01451	0.00737	0.00538	0.00550	0.00181	0.00734	0.00493	0.00245	0.00622
75	0.00779	0.00584	0.00876	0.00876	0.00974	0.00681	0.00681	0.00974	0.00876	0.01266	0.01460	0.02142	0.01363	0.04089	0.78680	0.00876	0.01460	0.00584	0.00292	0.00487
76	0.05651	0.02094	0.47530	0.01437	0.06051	0.01129	0.01568	0.01991	0.01265	0.24148	0.01315	0.01356	0.00889	0.00562	0.00519	0.00171	0.00678	0.00445	0.00368	0.00834
77	0.02032	0.01507	0.01614	0.01246	0.01675	0.01672	0.01027	0.71560	0.06690	0.03371	0.01360	0.01349	0.00968	0.00659	0.00546	0.00165	0.00591	0.00498	0.00546	0.00924
78	0.00793	0.00529	0.00595	0.00595	0.00595	0.00529	0.00330	0.00793	0.00793	0.01057	0.01718	0.03568	0.01982	0.80840	0.02775	0.00529	0.00529	0.00793	0.00330	0.00330
79	0.01339	0.01154	0.01218	0.01097	0.01400	0.01332	0.00853	0.02844	0.74319	0.02278	0.04355	0.02092	0.01763	0.00750	0.00557	0.00185	0.00426	0.00627	0.00556	0.00853
80	0.01538	0.65407	0.05679	0.01021	0.01484	0.08075	0.00994	0.07676	0.01262	0.01479	0.00818	0.00929	0.00718	0.00491	0.00384	0.00125	0.00625	0.00317	0.00262	0.00717
81	0.01542	0.00895	0.01074	0.00900	0.01213	0.00873	0.00712	0.02155	0.23214	0.26774	0.17266	0.02297	0.02160	0.00752	0.00541	0.00162	0.00390	0.00631	0.07047	0.09402
82	0.01677	0.14789	0.17915	0.01340	0.03492	0.18472	0.05349	0.05335	0.10120	0.14447	0.01276	0.01319	0.00940	0.00573	0.00503	0.00157	0.00702	0.00442	0.00371	0.00780
83	0.01273	0.01738	0.23877	0.02787	0.52618	0.01291	0.05144	0.01692	0.01218	0.01764	0.01016	0.01298	0.00813	0.00494	0.00538	0.00166	0.00705	0.00469	0.00259	0.00841
84	0.02446	0.00928	0.01265	0.00970	0.01392	0.00801	0.00801	0.02657	0.01560	0.77817	0.02151	0.01856	0.01350	0.00675	0.00548	0.00169	0.00464	0.00548	0.00675	0.00928
85	0.01349	0.01295	0.02213	0.03346	0.77440	0.01295	0.01673	0.01673	0.01241	0.01781	0.01025	0.01349	0.00864	0.00486	0.00540	0.00162	0.00648	0.00486	0.00270	0.00864
86	0.01718	0.03287	0.26726	0.01446	0.09120	0.05325	0.01321	0.06196	0.09272	0.27820	0.01519	0.01497	0.01048	0.00600	0.00531	0.00168	0.00629	0.00483	0.00440	0.00854
87	0.00791	0.00536	0.00630	0.00630	0.00643	0.00548	0.00375	0.00816	0.00803	0.01083	0.01685	0.03387	0.01904	0.71122	0.12386	0.00573	0.00647	0.00766	0.00325	0.00350
88	0.00644	0.00552	0.00552	0.00552	0.00736	0.00460	0.00414	0.00782	0.01243	0.01473	0.05523	0.05247	0.77218	0.01381	0.00644	0.00184	0.00276	0.01151	0.00506	0.00460
89	0.01197	0.01190	0.01761	0.49004	0.24217	0.08003	0.01490	0.01522	0.01171	0.01497	0.01032	0.03636	0.00845	0.00563	0.00543	0.00174	0.00715	0.00504	0.00261	0.00676
90	0.01975	0.01703	0.01633	0.01344	0.03487	0.16788	0.02605	0.52106	0.08162	0.02856	0.01278	0.01307	0.00938	0.00635	0.00537	0.00161	0.00670	0.00476	0.00482	0.00858
91	0.02348	0.00950	0.01262	0.00983	0.01394	0.00851	0.00807	0.02678	0.08287	0.71033	0.02157	0.01872	0.01378	0.00681	0.00549	0.00170	0.00461	0.00554	0.00664	0.00922
92	0.01165	0.00993	0.01177	0.04730	0.01431	0.00791	0.00706	0.04507	0.01189	0.01828	0.00983	0.01154	0.00809	0.00421	0.00417	0.00089	0.00428	0.00338	0.00328	0.76516

[dist]
# distance from previous block
# <min> <max>
0	1

[block]
# block no. 5 follows, 44 sequences, length 28
# corresponding to MSA columns:
# 593-620
name=unknown_F
#
# <colnr> <probs for GDERKNQSTAVLIFYWHMCP>
#	G	D	E	R	K	N	Q	S	T	A	V	L	I	F	Y	W	H	M	C	P
0	0.04209	0.01212	0.03743	0.04590	0.21648	0.02972	0.12816	0.01901	0.01306	0.22702	0.01321	0.01442	0.00959	0.00524	0.00525	0.00153	0.00602	0.00486	0.00393	0.16498
1	0.02446	0.00928	0.01265	0.00970	0.01392	0.00801	0.00801	0.02657	0.01560	0.77817	0.02151	0.01856	0.01350	0.00675	0.00548	0.00169	0.00464	0.00548	0.00675	0.00928
2	0.00664	0.00474	0.00633	0.00759	0.00791	0.00443	0.00506	0.00759	0.01044	0.01392	0.03005	0.80485	0.03606	0.01708	0.00696	0.00221	0.00316	0.01550	0.00506	0.00443
3	0.00772	0.00557	0.00729	0.00686	0.00814	0.00514	0.00514	0.01029	0.01543	0.02186	0.77152	0.04072	0.05144	0.01115	0.00643	0.00171	0.00257	0.00986	0.00600	0.00514
4	0.00772	0.00557	0.00729	0.00686	0.00814	0.00514	0.00514	0.01029	0.01543	0.02186	0.77152	0.04072	0.05144	0.01115	0.00643	0.00171	0.00257	0.00986	0.00600	0.00514
5	0.01349	0.01295	0.02213	0.03346	0.77440	0.01295	0.01673	0.01673	0.01241	0.01781	0.01025	0.01349	0.00864	0.00486	0.00540	0.00162	0.00648	0.00486	0.00270	0.00864
6	0.02446	0.00928	0.01265	0.00970	0.01392	0.00801	0.00801	0.02657	0.01560	0.77817	0.02151	0.01856	0.01350	0.00675	0.00548	0.00169	0.00464	0.00548	0.00675	0.00928
7	0.02296	0.01168	0.01414	0.01084	0.01512	0.01158	0.00896	0.31930	0.01963	0.47976	0.01813	0.01636	0.01180	0.00667	0.00547	0.00167	0.00518	0.00525	0.00623	0.00928
8	0.84691	0.01054	0.00801	0.00717	0.01054	0.01223	0.00590	0.01603	0.00928	0.02446	0.00759	0.00886	0.00590	0.00506	0.00337	0.00169	0.00422	0.00295	0.00337	0.00590
9	0.00664	0.00474	0.00633	0.00759	0.00791	0.00443	0.00506	0.00759	0.01044	0.01392	0.03005	0.80485	0.03606	0.01708	0.00696	0.00221	0.00316	0.01550	0.00506	0.00443
10	0.02446	0.00928	0.01265	0.00970	0.01392	0.00801	0.00801	0.02657	0.01560	0.77817	0.02151	0.01856	0.01350	0.00675	0.00548	0.00169	0.00464	0.00548	0.00675	0.00928
11	0.02446	0.00928	0.01265	0.00970	0.01392	0.00801	0.00801	0.02657	0.01560	0.77817	0.02151	0.01856	0.01350	0.00675	0.00548	0.00169	0.00464	0.00548	0.00675	0.00928
12	0.84691	0.01054	0.00801	0.00717	0.01054	0.01223	0.00590	0.01603	0.00928	0.02446	0.00759	0.00886	0.00590	0.00506	0.00337	0.00169	0.00422	0.00295	0.00337	0.00590
13	0.01349	0.01295	0.02213	0.03346	0.77440	0.01295	0.01673	0.01673	0.01241	0.01781	0.01025	0.01349	0.00864	0.00486	0.00540	0.00162	0.00648	0.00486	0.00270	0.00864
14	0.84691	0.01054	0.00801	0.00717	0.01054	0.01223	0.00590	0.01603	0.00928	0.02446	0.00759	0.00886	0.00590	0.00506	0.00337	0.00169	0.00422	0.00295	0.00337	0.00590
15	0.00772	0.00557	0.00729	0.00686	0.00814	0.00514	0.00514	0.01029	0.01543	0.02186	0.77152	0.04072	0.05144	0.01115	0.00643	0.00171	0.00257	0.00986	0.00600	0.00514
16	0.00726	0.00555	0.00666	0.00638	0.00787	0.00495	0.00479	0.00941	0.01436	0.01931	0.51572	0.04492	0.30883	0.01210	0.00643	0.00176	0.00264	0.01045	0.00567	0.00495
17	0.00772	0.00557	0.00729	0.00686	0.00814	0.00514	0.00514	0.01029	0.01543	0.02186	0.77152	0.04072	0.05144	0.01115	0.00643	0.00171	0.00257	0.00986	0.00600	0.00514
18	0.02446	0.00928	0.01265	0.00970	0.01392	0.00801	0.00801	0.02657	0.01560	0.77817	0.02151	0.01856	0.01350	0.00675	0.00548	0.00169	0.00464	0.00548	0.00675	0.00928
19	0.01899	0.05827	0.21854	0.01219	0.04427	0.02903	0.01166	0.02267	0.03841	0.43564	0.01650	0.01555	0.01096	0.00604	0.00523	0.00163	0.00577	0.00483	0.00491	0.03889
20	0.04344	0.09374	0.01557	0.01255	0.01553	0.44022	0.00978	0.02286	0.23135	0.01637	0.01226	0.01282	0.00977	0.00617	0.00538	0.00155	0.03581	0.00425	0.00356	0.00703
21	0.01072	0.00786	0.03586	0.00777	0.01024	0.00687	0.00629	0.01476	0.11814	0.12720	0.28272	0.03663	0.26920	0.01044	0.00606	0.00174	0.00341	0.00886	0.00553	0.02972
22	0.01326	0.30994	0.30410	0.01322	0.05012	0.04870	0.04033	0.01729	0.03320	0.04904	0.04559	0.01353	0.02856	0.00559	0.00472	0.00151	0.00666	0.00430	0.00289	0.00745
23	0.01122	0.02638	0.68723	0.01636	0.04799	0.01276	0.05926	0.01768	0.03891	0.01749	0.01032	0.01207	0.00739	0.00522	0.00527	0.00173	0.00793	0.00426	0.00246	0.00806
24	0.02446	0.00928	0.01265	0.00970	0.01392	0.00801	0.00801	0.02657	0.01560	0.77817	0.02151	0.01856	0.01350	0.00675	0.00548	0.00169	0.00464	0.00548	0.00675	0.00928
25	0.01016	0.00508	0.00508	0.00508	0.00635	0.00508	0.00381	0.01270	0.01143	0.02033	0.01778	0.02033	0.01397	0.00635	0.00381	0.00127	0.00254	0.00508	0.83867	0.00508
26	0.01727	0.01255	0.02407	0.01753	0.02247	0.01160	0.44544	0.02132	0.04131	0.30495	0.01539	0.01637	0.01055	0.00551	0.00604	0.00178	0.00729	0.00606	0.00437	0.00813
27	0.02446	0.00928	0.01265	0.00970	0.01392	0.00801	0.00801	0.02657	0.01560	0.77817	0.02151	0.01856	0.01350	0.00675	0.00548	0.00169	0.00464	0.00548	0.00675	0.00928

[dist]
# distance from previous block
# <min> <max>
0	1

[block]
# block no. 6 follows, 44 sequences, length 6
# corresponding to MSA columns:
# 622-627
name=unknown_G
#
# <colnr> <probs for GDERKNQSTAVLIFYWHMCP>
#	G	D	E	R	K	N	Q	S	T	A	V	L	I	F	Y	W	H	M	C	P
0	0.01486	0.64036	0.13075	0.01021	0.01531	0.01927	0.01071	0.01726	0.01150	0.07400	0.00898	0.00990	0.00750	0.00490	0.00389	0.00128	0.00604	0.00327	0.00268	0.00732
1	0.01206	0.21183	0.49928	0.01509	0.02200	0.01493	0.11866	0.01707	0.01159	0.01624	0.00943	0.01130	0.00712	0.00498	0.00495	0.00161	0.00769	0.00410	0.00237	0.00771
2	0.00644	0.00552	0.00552	0.00552	0.00736	0.00460	0.00414	0.00782	0.01243	0.01473	0.05523	0.05247	0.77218	0.01381	0.00644	0.00184	0.00276	0.01151	0.00506	0.00460
3	0.00664	0.00474	0.00633	0.00759	0.00791	0.00443	0.00506	0.00759	0.01044	0.01392	0.03005	0.80485	0.03606	0.01708	0.00696	0.00221	0.00316	0.01550	0.00506	0.00443
4	0.84691	0.01054	0.00801	0.00717	0.01054	0.01223	0.00590	0.01603	0.00928	0.02446	0.00759	0.00886	0.00590	0.00506	0.00337	0.00169	0.00422	0.00295	0.00337	0.00590
5	0.04359	0.24919	0.17019	0.04218	0.02069	0.01560	0.21082	0.09401	0.01327	0.04733	0.01019	0.01200	0.00782	0.00504	0.00497	0.00155	0.00706	0.00446	0.00301	0.03705

[dist]
# distance from previous block
# <min> <max>
0	1

[block]
# block no. 7 follows, 44 sequences, length 147
# corresponding to MSA columns:
# 629-775
name=unknown_H
#
# <colnr> <probs for GDERKNQSTAVLIFYWHMCP>
#	G	D	E	R	K	N	Q	S	T	A	V	L	I	F	Y	W	H	M	C	P
0	0.01011	0.00910	0.01462	0.21611	0.26394	0.00989	0.01182	0.01250	0.01107	0.01513	0.01707	0.29949	0.01810	0.00971	0.00674	0.00193	0.05422	0.00869	0.00346	0.00630
1	0.01260	0.01204	0.02043	0.20383	0.59025	0.01256	0.01607	0.01588	0.01207	0.01686	0.01123	0.01468	0.02696	0.00521	0.00543	0.00167	0.00656	0.00502	0.00269	0.00796
2	0.00785	0.00560	0.00755	0.00755	0.00810	0.00615	0.00530	0.00896	0.00840	0.01176	0.01571	0.02757	0.01630	0.37209	0.45925	0.00726	0.01058	0.00674	0.00309	0.00419
3	0.84691	0.01054	0.00801	0.00717	0.01054	0.01223	0.00590	0.01603	0.00928	0.02446	0.00759	0.00886	0.00590	0.00506	0.00337	0.00169	0.00422	0.00295	0.00337	0.00590
4	0.01800	0.01490	0.03721	0.01562	0.03418	0.11226	0.24775	0.17090	0.05697	0.19347	0.01423	0.01498	0.01007	0.00583	0.00566	0.00169	0.00708	0.00540	0.02570	0.00810
5	0.02446	0.00928	0.01265	0.00970	0.01392	0.00801	0.00801	0.02657	0.01560	0.77817	0.02151	0.01856	0.01350	0.00675	0.00548	0.00169	0.00464	0.00548	0.00675	0.00928
6	0.84691	0.01054	0.00801	0.00717	0.01054	0.01223	0.00590	0.01603	0.00928	0.02446	0.00759	0.00886	0.00590	0.00506	0.00337	0.00169	0.00422	0.00295	0.00337	0.00590
7	0.01622	0.09528	0.41400	0.01293	0.01917	0.03084	0.01462	0.05279	0.01348	0.25881	0.01341	0.01351	0.00911	0.00570	0.00512	0.00165	0.00672	0.00441	0.00387	0.00836
8	0.01134	0.00938	0.01041	0.00949	0.01189	0.01036	0.00731	0.02187	0.48003	0.02245	0.30679	0.02808	0.02986	0.00882	0.00588	0.00180	0.00365	0.00757	0.00572	0.00731
9	0.00725	0.00522	0.00687	0.00717	0.00804	0.00483	0.00511	0.00912	0.01328	0.01843	0.45137	0.37065	0.04480	0.01371	0.00666	0.00193	0.00283	0.01229	0.00560	0.00483
10	0.00772	0.00557	0.00729	0.00686	0.00814	0.00514	0.00514	0.01029	0.01543	0.02186	0.77152	0.04072	0.05144	0.01115	0.00643	0.00171	0.00257	0.00986	0.00600	0.00514
11	0.00740	0.00556	0.00684	0.00652	0.00795	0.00501	0.00489	0.00967	0.01468	0.02007	0.59119	0.04368	0.23289	0.01182	0.00643	0.00175	0.00262	0.01027	0.00577	0.00501
12	0.01093	0.02820	0.78016	0.01554	0.02360	0.01266	0.02014	0.01727	0.01151	0.01727	0.00978	0.01151	0.00691	0.00518	0.00518	0.00173	0.00806	0.00403	0.00230	0.00806
13	0.01093	0.02820	0.78016	0.01554	0.02360	0.01266	0.02014	0.01727	0.01151	0.01727	0.00978	0.01151	0.00691	0.00518	0.00518	0.00173	0.00806	0.00403	0.00230	0.00806
14	0.00854	0.00703	0.01075	0.03324	0.21146	0.00687	0.00839	0.01016	0.01097	0.01495	0.02432	0.57655	0.02811	0.01357	0.00651	0.00205	0.00414	0.01243	0.00437	0.00558
15	0.00663	0.00478	0.00629	0.00750	0.00788	0.00444	0.00502	0.00760	0.01052	0.01395	0.03111	0.77310	0.06712	0.01694	0.00694	0.00220	0.00315	0.01533	0.00506	0.00444
16	0.01410	0.01779	0.29005	0.01238	0.01736	0.01292	0.01269	0.26564	0.11599	0.02424	0.10317	0.01744	0.01475	0.02298	0.00588	0.00177	0.00599	0.00541	0.03145	0.00800
17	0.84691	0.01054	0.00801	0.00717	0.01054	0.01223	0.00590	0.01603	0.00928	0.02446	0.00759	0.00886	0.00590	0.00506	0.00337	0.00169	0.00422	0.00295	0.00337	0.00590
18	0.01105	0.02736	0.73374	0.01600	0.02390	0.01273	0.06572	0.01728	0.01159	0.01728	0.00986	0.01171	0.00699	0.00514	0.00526	0.00173	0.00813	0.00418	0.00233	0.00801
19	0.01093	0.02820	0.78016	0.01554	0.02360	0.01266	0.02014	0.01727	0.01151	0.01727	0.00978	0.01151	0.00691	0.00518	0.00518	0.00173	0.00806	0.00403	0.00230	0.00806
20	0.00751	0.00556	0.00701	0.00665	0.00802	0.00506	0.00499	0.00990	0.01496	0.02073	0.65786	0.04259	0.16580	0.01157	0.00643	0.00173	0.00260	0.01012	0.00585	0.00506
21	0.02072	0.01527	0.01636	0.01254	0.01691	0.01691	0.01036	0.75622	0.02563	0.03436	0.01309	0.01309	0.00927	0.00654	0.00545	0.00164	0.00600	0.00491	0.00545	0.00927
22	0.00766	0.00555	0.00722	0.00684	0.00812	0.00511	0.00512	0.01016	0.01523	0.02148	0.73467	0.05967	0.06994	0.01136	0.00644	0.00173	0.00259	0.01004	0.00595	0.00511
23	0.00664	0.00474	0.00633	0.00759	0.00791	0.00443	0.00506	0.00759	0.01044	0.01392	0.03005	0.80485	0.03606	0.01708	0.00696	0.00221	0.00316	0.01550	0.00506	0.00443
24	0.05121	0.00932	0.01250	0.00962	0.01381	0.00815	0.00794	0.02623	0.01540	0.75365	0.02106	0.01824	0.01325	0.00669	0.00541	0.00169	0.00463	0.00540	0.00664	0.00917
25	0.00793	0.00529	0.00595	0.00595	0.00595	0.00529	0.00330	0.00793	0.00793	0.01057	0.01718	0.03568	0.01982	0.80840	0.02775	0.00529	0.00529	0.00793	0.00330	0.00330
26	0.00983	0.00779	0.00911	0.00839	0.01032	0.00818	0.00640	0.01704	0.28600	0.02220	0.50087	0.03336	0.03887	0.00979	0.00611	0.00176	0.00320	0.00852	0.00584	0.00640
27	0.01458	0.81168	0.02857	0.00933	0.01399	0.02157	0.00933	0.01632	0.01108	0.01283	0.00758	0.00875	0.00700	0.00466	0.00350	0.00117	0.00583	0.00292	0.00233	0.00700
28	0.31822	0.01321	0.01251	0.03128	0.03382	0.08196	0.00858	0.21632	0.10448	0.11103	0.01256	0.01280	0.00914	0.00598	0.00467	0.00167	0.00539	0.00429	0.00448	0.00762
29	0.01367	0.01501	0.04381	0.21525	0.26586	0.15325	0.08213	0.01722	0.04274	0.01579	0.01006	0.01328	0.00811	0.00563	0.00649	0.00173	0.07526	0.00477	0.00273	0.00721
30	0.03988	0.01325	0.01351	0.01154	0.01461	0.06853	0.00918	0.23791	0.36228	0.02432	0.01660	0.01662	0.01262	0.00873	0.04499	0.00211	0.06029	0.00537	0.02955	0.00810
31	0.00958	0.00601	0.00776	0.00707	0.00876	0.00543	0.00539	0.01199	0.01517	0.11078	0.61615	0.03919	0.11389	0.01087	0.00632	0.00172	0.00283	0.00949	0.00600	0.00558
32	0.01114	0.01170	0.03804	0.53025	0.03434	0.01266	0.25279	0.01514	0.01155	0.01514	0.01012	0.01452	0.00758	0.00517	0.00576	0.00182	0.00790	0.00534	0.00253	0.00652
33	0.01618	0.00761	0.01011	0.00853	0.01142	0.00668	0.00683	0.01834	0.01465	0.39735	0.22637	0.07771	0.06536	0.00939	0.00595	0.00175	0.00389	0.05813	0.00606	0.04769
34	0.00850	0.00607	0.00846	0.00972	0.01085	0.00603	0.00830	0.01081	0.01227	0.01600	0.02902	0.15903	0.03199	0.01533	0.00746	0.00247	0.00478	0.64294	0.00503	0.00494
35	0.00664	0.00474	0.00633	0.00759	0.00791	0.00443	0.00506	0.00759	0.01044	0.01392	0.03005	0.80485	0.03606	0.01708	0.00696	0.00221	0.00316	0.01550	0.00506	0.00443
36	0.01153	0.00983	0.01143	0.00818	0.01302	0.00750	0.00655	0.03177	0.01165	0.01817	0.00977	0.01135	0.00810	0.00410	0.00407	0.00083	0.00409	0.00327	0.00328	0.82150
37	0.02446	0.00928	0.01265	0.00970	0.01392	0.00801	0.00801	0.02657	0.01560	0.77817	0.02151	0.01856	0.01350	0.00675	0.00548	0.00169	0.00464	0.00548	0.00675	0.00928
38	0.01287	0.01471	0.03217	0.02298	0.02849	0.01379	0.75460	0.01746	0.01287	0.01746	0.01103	0.01471	0.00827	0.00460	0.00643	0.00184	0.00919	0.00643	0.00276	0.00735
39	0.01458	0.81168	0.02857	0.00933	0.01399	0.02157	0.00933	0.01632	0.01108	0.01283	0.00758	0.00875	0.00700	0.00466	0.00350	0.00117	0.00583	0.00292	0.00233	0.00700
40	0.01193	0.01193	0.01670	0.01431	0.01431	0.01670	0.01193	0.01312	0.00835	0.01312	0.00716	0.01193	0.00716	0.00954	0.01789	0.00239	0.79843	0.00477	0.00239	0.00596
41	0.01349	0.01295	0.02213	0.03346	0.77440	0.01295	0.01673	0.01673	0.01241	0.01781	0.01025	0.01349	0.00864	0.00486	0.00540	0.00162	0.00648	0.00486	0.00270	0.00864
42	0.01030	0.00969	0.01635	0.79530	0.03755	0.01211	0.01514	0.01393	0.01090	0.01393	0.00969	0.01453	0.00727	0.00545	0.00545	0.00182	0.00727	0.00484	0.00242	0.00606
43	0.00664	0.00474	0.00633	0.00759	0.00791	0.00443	0.00506	0.00759	0.01044	0.01392	0.03005	0.80485	0.03606	0.01708	0.00696	0.00221	0.00316	0.01550	0.00506	0.00443
44	0.25831	0.00983	0.01388	0.10717	0.15235	0.01041	0.08548	0.01464	0.01113	0.05134	0.01479	0.15671	0.01422	0.00787	0.00529	0.00184	0.00533	0.05067	0.02238	0.00637
45	0.01562	0.39192	0.18789	0.01218	0.01699	0.26238	0.01206	0.01826	0.01256	0.01396	0.00833	0.00969	0.00698	0.00508	0.00431	0.00136	0.00758	0.00335	0.00248	0.00701
46	0.44076	0.01363	0.03270	0.01341	0.08214	0.10082	0.09977	0.01654	0.01062	0.02000	0.00833	0.01058	0.00676	0.00568	0.00618	0.00177	0.11699	0.00389	0.00301	0.00643
47	0.01458	0.81168	0.02857	0.00933	0.01399	0.02157	0.00933	0.01632	0.01108	0.01283	0.00758	0.00875	0.00700	0.00466	0.00350	0.00117	0.00583	0.00292	0.00233	0.00700
48	0.01245	0.01539	0.20023	0.19057	0.02262	0.02889	0.07381	0.07601	0.19408	0.03510	0.01513	0.08532	0.01236	0.00693	0.00561	0.00181	0.00644	0.00603	0.00374	0.00744
49	0.84691	0.01054	0.00801	0.00717	0.01054	0.01223	0.00590	0.01603	0.00928	0.02446	0.00759	0.00886	0.00590	0.00506	0.00337	0.00169	0.00422	0.00295	0.00337	0.00590
50	0.01087	0.00922	0.01084	0.00803	0.01245	0.00700	0.00633	0.01315	0.01122	0.01740	0.01160	0.08595	0.01071	0.00526	0.00431	0.00094	0.00396	0.00438	0.00340	0.76297
51	0.02037	0.02598	0.01545	0.01404	0.01685	0.78652	0.01053	0.02177	0.01545	0.01334	0.00843	0.00983	0.00702	0.00562	0.00492	0.00140	0.00983	0.00351	0.00281	0.00632
52	0.01356	0.01171	0.01233	0.01109	0.01418	0.01356	0.00863	0.02897	0.76455	0.02281	0.02219	0.02034	0.01664	0.00740	0.00555	0.00185	0.00431	0.00616	0.00555	0.00863
53	0.84691	0.01054	0.00801	0.00717	0.01054	0.01223	0.00590	0.01603	0.00928	0.02446	0.00759	0.00886	0.00590	0.00506	0.00337	0.00169	0.00422	0.00295	0.00337	0.00590
54	0.84691	0.01054	0.00801	0.00717	0.01054	0.01223	0.00590	0.01603	0.00928	0.02446	0.00759	0.00886	0.00590	0.00506	0.00337	0.00169	0.00422	0.00295	0.00337	0.00590
55	0.00879	0.00628	0.00879	0.01004	0.01130	0.00628	0.00879	0.01130	0.01255	0.01632	0.02887	0.06150	0.03138	0.01506	0.00753	0.00251	0.00502	0.73770	0.00502	0.00502
56	0.84691	0.01054	0.00801	0.00717	0.01054	0.01223	0.00590	0.01603	0.00928	0.02446	0.00759	0.00886	0.00590	0.00506	0.00337	0.00169	0.00422	0.00295	0.00337	0.00590
57	0.02446	0.00928	0.01265	0.00970	0.01392	0.00801	0.00801	0.02657	0.01560	0.77817	0.02151	0.01856	0.01350	0.00675	0.00548	0.00169	0.00464	0.00548	0.00675	0.00928
58	0.00779	0.00584	0.00876	0.00876	0.00974	0.00681	0.00681	0.00974	0.00876	0.01266	0.01460	0.02142	0.01363	0.04089	0.78680	0.00876	0.01460	0.00584	0.00292	0.00487
59	0.01016	0.00508	0.00508	0.00508	0.00635	0.00508	0.00381	0.01270	0.01143	0.02033	0.01778	0.02033	0.01397	0.00635	0.00381	0.00127	0.00254	0.00508	0.83867	0.00508
