[name]
unknown

[dist]
# distance from previous block
# <min> <max>
2	127

[block]
# block no. 0 follows, 48 sequences, length 40
# corresponding to MSA columns:
# 157-196
name=unknown_A
#
# <colnr> <probs for GDERKNQSTAVLIFYWHMCP>
#	G	D	E	R	K	N	Q	S	T	A	V	L	I	F	Y	W	H	M	C	P
0	0.08388	0.00840	0.07016	0.00812	0.01017	0.00747	0.00693	0.08260	0.01274	0.01838	0.24956	0.09180	0.12234	0.04575	0.05858	0.00232	0.02825	0.08283	0.00444	0.00530
1	0.04520	0.00852	0.01164	0.01309	0.15302	0.00916	0.00843	0.07097	0.01094	0.01586	0.01693	0.34092	0.01852	0.02479	0.00791	0.00187	0.14468	0.00849	0.00369	0.08537
2	0.01255	0.01169	0.05955	0.03028	0.28290	0.01103	0.04263	0.18108	0.04232	0.02072	0.14348	0.01939	0.06578	0.00653	0.00529	0.00154	0.00517	0.00577	0.00388	0.04842
3	0.01307	0.01203	0.01684	0.01947	0.32322	0.05619	0.08290	0.14729	0.08218	0.01952	0.06322	0.01943	0.09652	0.00652	0.00537	0.00160	0.00563	0.01800	0.00371	0.00732
4	0.06696	0.01240	0.02268	0.01665	0.02123	0.01191	0.47579	0.01763	0.14026	0.01775	0.01174	0.01389	0.00893	0.00472	0.00539	0.00158	0.00684	0.00534	0.00314	0.13518
5	0.53295	0.01144	0.01233	0.01091	0.06353	0.01268	0.07976	0.18489	0.01270	0.02408	0.00878	0.01004	0.00665	0.00502	0.00401	0.00159	0.00493	0.00362	0.00352	0.00657
6	0.05950	0.01019	0.01300	0.01522	0.22982	0.01065	0.00935	0.04529	0.29025	0.01883	0.01864	0.08871	0.07455	0.00712	0.00511	0.00160	0.00445	0.00616	0.00406	0.08750
7	0.01450	0.60869	0.02509	0.01076	0.01493	0.15340	0.08127	0.01635	0.01129	0.01257	0.00758	0.00894	0.00670	0.00454	0.00378	0.00120	0.00644	0.00315	0.00231	0.00651
8	0.01280	0.01316	0.02690	0.02361	0.22618	0.01250	0.53388	0.01667	0.01212	0.05428	0.01067	0.01372	0.00811	0.00449	0.00576	0.00167	0.00777	0.00562	0.00276	0.00733
9	0.00891	0.00446	0.00668	0.00668	0.00668	0.00446	0.00446	0.00668	0.00668	0.00891	0.00891	0.01560	0.00891	0.01783	0.02005	0.85071	0.00446	0.00446	0.00223	0.00223
10	0.00698	0.00523	0.00647	0.00616	0.00749	0.00472	0.00462	0.00914	0.01387	0.01901	0.61421	0.04090	0.22014	0.01107	0.00605	0.00164	0.00246	0.00964	0.00544	0.00472
11	0.01259	0.01208	0.02063	0.05934	0.76067	0.01216	0.01569	0.01565	0.01163	0.01663	0.00963	0.01273	0.00808	0.00459	0.00508	0.00153	0.00612	0.00457	0.00253	0.00804
12	0.00625	0.00447	0.00595	0.00714	0.00744	0.00417	0.00476	0.00714	0.00982	0.01310	0.02828	0.81633	0.03394	0.01608	0.00655	0.00208	0.00298	0.01459	0.00476	0.00417
13	0.01917	0.02445	0.01454	0.01322	0.01586	0.79907	0.00991	0.02049	0.01454	0.01256	0.00793	0.00925	0.00661	0.00529	0.00463	0.00132	0.00925	0.00330	0.00264	0.00595
14	0.00716	0.00524	0.00671	0.00634	0.00760	0.00480	0.00476	0.00948	0.01427	0.01998	0.72000	0.03931	0.11374	0.01071	0.00605	0.00162	0.00244	0.00942	0.00557	0.00480
15	0.85592	0.00992	0.00754	0.00675	0.00992	0.01151	0.00556	0.01508	0.00873	0.02302	0.00714	0.00834	0.00556	0.00476	0.00318	0.00159	0.00397	0.00278	0.00318	0.00556
16	0.85592	0.00992	0.00754	0.00675	0.00992	0.01151	0.00556	0.01508	0.00873	0.02302	0.00714	0.00834	0.00556	0.00476	0.00318	0.00159	0.00397	0.00278	0.00318	0.00556
17	0.01338	0.01316	0.01252	0.01106	0.01393	0.15656	0.04402	0.02393	0.54119	0.01899	0.02047	0.01947	0.07460	0.00701	0.00522	0.00166	0.00512	0.00575	0.00459	0.00737
18	0.00786	0.00503	0.00628	0.00648	0.00747	0.00523	0.00484	0.00970	0.00978	0.01499	0.02094	0.15616	0.08997	0.02015	0.29342	0.00396	0.00663	0.00726	0.31928	0.00456
19	0.00746	0.00497	0.00560	0.00560	0.00560	0.00497	0.00311	0.00746	0.00746	0.00995	0.01617	0.03358	0.01865	0.81967	0.02612	0.00497	0.00497	0.00746	0.00311	0.00311
20	0.00678	0.00484	0.00656	0.00775	0.00828	0.00462	0.00568	0.00806	0.01035	0.01369	0.02799	0.61692	0.03278	0.01558	0.00669	0.00216	0.00344	0.20876	0.00475	0.00431
21	0.01276	0.01102	0.01160	0.01044	0.01334	0.01276	0.00812	0.02727	0.77840	0.02146	0.02088	0.01914	0.01566	0.00696	0.00522	0.00174	0.00406	0.00580	0.00522	0.00812
22	0.01454	0.01190	0.01260	0.01080	0.01402	0.01359	0.00855	0.22268	0.58009	0.02432	0.01863	0.01735	0.01384	0.00675	0.00520	0.00169	0.00448	0.00549	0.00520	0.00828
23	0.01191	0.01138	0.01940	0.23547	0.58987	0.01198	0.01535	0.01505	0.01131	0.01580	0.00951	0.01296	0.00779	0.00472	0.00509	0.00157	0.00629	0.00457	0.00247	0.00749
24	0.01211	0.01510	0.21706	0.01154	0.01567	0.01254	0.01097	0.02437	0.57660	0.02009	0.01781	0.01696	0.01325	0.00641	0.00513	0.00171	0.00499	0.00527	0.00442	0.00798
25	0.01276	0.01102	0.01160	0.01044	0.01334	0.01276	0.00812	0.02727	0.77840	0.02146	0.02088	0.01914	0.01566	0.00696	0.00522	0.00174	0.00406	0.00580	0.00522	0.00812
26	0.00625	0.00447	0.00595	0.00714	0.00744	0.00417	0.00476	0.00714	0.00982	0.01310	0.02828	0.81633	0.03394	0.01608	0.00655	0.00208	0.00298	0.01459	0.00476	0.00417
27	0.01640	0.01158	0.01292	0.01063	0.01381	0.01250	0.00863	0.52787	0.02001	0.07052	0.01687	0.15678	0.01519	0.00861	0.00555	0.00171	0.00503	0.07272	0.00510	0.00758
28	0.01019	0.00964	0.01630	0.67714	0.16159	0.01153	0.01450	0.01355	0.01050	0.01372	0.00921	0.01352	0.00706	0.00504	0.00512	0.00168	0.00672	0.00456	0.00232	0.00611
29	0.01372	0.82276	0.02689	0.00878	0.01317	0.02030	0.00878	0.01536	0.01043	0.01207	0.00713	0.00823	0.00658	0.00439	0.00329	0.00110	0.00549	0.00274	0.00219	0.00658
30	0.01155	0.00968	0.01112	0.00808	0.01255	0.00788	0.00649	0.08539	0.03457	0.01834	0.00977	0.01105	0.00794	0.00412	0.00397	0.00086	0.00398	0.00327	0.00330	0.74607
31	0.01919	0.02364	0.01461	0.01310	0.01587	0.73599	0.00990	0.08091	0.01531	0.01415	0.00828	0.00950	0.00678	0.00536	0.00467	0.00134	0.00896	0.00341	0.00284	0.00617
32	0.01951	0.01437	0.01540	0.01181	0.01591	0.01591	0.00975	0.77056	0.02412	0.03234	0.01232	0.01232	0.00873	0.00616	0.00513	0.00154	0.00565	0.00462	0.00513	0.00873
33	0.00767	0.00522	0.00630	0.00661	0.00692	0.00522	0.00447	0.00829	0.00861	0.01137	0.01906	0.03997	0.02151	0.60790	0.02111	0.00429	0.00491	0.20351	0.00353	0.00353
34	0.00625	0.00447	0.00595	0.00714	0.00744	0.00417	0.00476	0.00714	0.00982	0.01310	0.02828	0.81633	0.03394	0.01608	0.00655	0.00208	0.00298	0.01459	0.00476	0.00417
35	0.01987	0.01215	0.01380	0.01065	0.01449	0.01279	0.00872	0.50451	0.02036	0.25782	0.01490	0.01506	0.01048	0.05236	0.00633	0.00175	0.00523	0.00494	0.00538	0.00841
36	0.00969	0.00912	0.01539	0.80734	0.03534	0.01140	0.01425	0.01311	0.01026	0.01311	0.00912	0.01368	0.00684	0.00513	0.00513	0.00171	0.00684	0.00456	0.00228	0.00570
37	0.00625	0.00447	0.00595	0.00714	0.00744	0.00417	0.00476	0.00714	0.00982	0.01310	0.02828	0.81633	0.03394	0.01608	0.00655	0.00208	0.00298	0.01459	0.00476	0.00417
38	0.00625	0.00521	0.00545	0.00539	0.00704	0.00441	0.00404	0.00772	0.01212	0.01488	0.16325	0.04770	0.67367	0.01261	0.00606	0.00171	0.00257	0.01059	0.00490	0.00441
39	0.01310	0.14961	0.02811	0.01873	0.03862	0.01447	0.55426	0.08795	0.01296	0.01722	0.01001	0.01273	0.00768	0.00452	0.00548	0.00160	0.00778	0.00533	0.00277	0.00706

[dist]
# distance from previous block
# <min> <max>
0	1

[block]
# block no. 1 follows, 48 sequences, length 38
# corresponding to MSA columns:
# 198-235
name=unknown_B
#
# <colnr> <probs for GDERKNQSTAVLIFYWHMCP>
#	G	D	E	R	K	N	Q	S	T	A	V	L	I	F	Y	W	H	M	C	P
0	0.01352	0.77624	0.07166	0.00912	0.01370	0.01981	0.00937	0.01542	0.01045	0.01232	0.00725	0.00838	0.00658	0.00442	0.00338	0.00113	0.00561	0.00280	0.00219	0.00664
1	0.04275	0.01001	0.01048	0.00855	0.01135	0.01088	0.00691	0.41243	0.01775	0.02623	0.01409	0.01518	0.01057	0.00603	0.00439	0.00139	0.00416	0.00463	0.37534	0.00689
2	0.01333	0.73310	0.11317	0.00944	0.01419	0.01936	0.00993	0.01546	0.01047	0.01254	0.00737	0.00852	0.00658	0.00444	0.00347	0.00116	0.00572	0.00286	0.00219	0.00670
3	0.00625	0.00447	0.00595	0.00714	0.00744	0.00417	0.00476	0.00714	0.00982	0.01310	0.02828	0.81633	0.03394	0.01608	0.00655	0.00208	0.00298	0.01459	0.00476	0.00417
4	0.00643	0.00569	0.00548	0.00544	0.00718	0.02469	0.00408	0.00776	0.01184	0.01400	0.06959	0.04807	0.74680	0.01273	0.00603	0.00172	0.00276	0.01060	0.00473	0.00439
5	0.01951	0.01437	0.01540	0.01181	0.01591	0.01591	0.00975	0.77056	0.02412	0.03234	0.01232	0.01232	0.00873	0.00616	0.00513	0.00154	0.00565	0.00462	0.00513	0.00873
6	0.01372	0.82276	0.02689	0.00878	0.01317	0.02030	0.00878	0.01536	0.01043	0.01207	0.00713	0.00823	0.00658	0.00439	0.00329	0.00110	0.00549	0.00274	0.00219	0.00658
7	0.01061	0.01016	0.01750	0.56233	0.24032	0.01168	0.04660	0.01397	0.01073	0.01425	0.00932	0.01342	0.00723	0.00494	0.00516	0.00166	0.00671	0.00463	0.00236	0.00641
8	0.01372	0.82276	0.02689	0.00878	0.01317	0.02030	0.00878	0.01536	0.01043	0.01207	0.00713	0.00823	0.00658	0.00439	0.00329	0.00110	0.00549	0.00274	0.00219	0.00658
9	0.01049	0.07306	0.74832	0.01428	0.02168	0.01241	0.01836	0.01620	0.01081	0.01601	0.00909	0.01068	0.00650	0.00485	0.00478	0.00159	0.00746	0.00373	0.00217	0.00752
10	0.01324	0.01223	0.01272	0.01119	0.01418	0.07536	0.04444	0.02621	0.68116	0.02052	0.01935	0.01810	0.01457	0.00670	0.00521	0.00171	0.00469	0.00561	0.00489	0.00789
11	0.85592	0.00992	0.00754	0.00675	0.00992	0.01151	0.00556	0.01508	0.00873	0.02302	0.00714	0.00834	0.00556	0.00476	0.00318	0.00159	0.00397	0.00278	0.00318	0.00556
12	0.02302	0.00873	0.01191	0.00913	0.01310	0.00754	0.00754	0.02501	0.01469	0.79122	0.02024	0.01746	0.01270	0.00635	0.00516	0.00159	0.00437	0.00516	0.00635	0.00873
13	0.00733	0.00550	0.00825	0.00825	0.00916	0.00641	0.00641	0.00916	0.00825	0.01191	0.01374	0.02016	0.01283	0.03848	0.79934	0.00825	0.01374	0.00550	0.00275	0.00458
14	0.00641	0.00458	0.00614	0.00733	0.00770	0.00431	0.00504	0.00742	0.00998	0.01328	0.02819	0.75596	0.03359	0.01592	0.00659	0.00211	0.00312	0.07337	0.00476	0.00421
15	0.00606	0.00520	0.00520	0.00520	0.00693	0.00433	0.00390	0.00736	0.01170	0.01386	0.05198	0.04938	0.78558	0.01299	0.00606	0.00173	0.00260	0.01083	0.00476	0.00433
16	0.01372	0.82276	0.02689	0.00878	0.01317	0.02030	0.00878	0.01536	0.01043	0.01207	0.00713	0.00823	0.00658	0.00439	0.00329	0.00110	0.00549	0.00274	0.00219	0.00658
17	0.00969	0.00912	0.01539	0.80734	0.03534	0.01140	0.01425	0.01311	0.01026	0.01311	0.00912	0.01368	0.00684	0.00513	0.00513	0.00171	0.00684	0.00456	0.00228	0.00570
18	0.01372	0.82276	0.02689	0.00878	0.01317	0.02030	0.00878	0.01536	0.01043	0.01207	0.00713	0.00823	0.00658	0.00439	0.00329	0.00110	0.00549	0.00274	0.00219	0.00658
19	0.11811	0.00922	0.01025	0.00749	0.01188	0.00743	0.00601	0.01319	0.01040	0.01752	0.00887	0.01035	0.00734	0.00392	0.00372	0.00087	0.00382	0.00301	0.00306	0.74354
20	0.01171	0.01118	0.01904	0.28630	0.54058	0.01193	0.01526	0.01488	0.01122	0.01556	0.00948	0.01302	0.00770	0.00476	0.00510	0.00159	0.00634	0.00457	0.00245	0.00733
21	0.00733	0.00550	0.00825	0.00825	0.00916	0.00641	0.00641	0.00916	0.00825	0.01191	0.01374	0.02016	0.01283	0.03848	0.79934	0.00825	0.01374	0.00550	0.00275	0.00458
22	0.00746	0.00497	0.00560	0.00560	0.00560	0.00497	0.00311	0.00746	0.00746	0.00995	0.01617	0.03358	0.01865	0.81967	0.02612	0.00497	0.00497	0.00746	0.00311	0.00311
23	0.02131	0.00934	0.01288	0.00976	0.01384	0.00823	0.04376	0.06720	0.01479	0.64839	0.01843	0.01645	0.01183	0.00604	0.00509	0.00153	0.00460	0.00500	0.00584	0.07569
24	0.01064	0.00912	0.01064	0.00760	0.01216	0.00684	0.00608	0.01292	0.01064	0.01672	0.00912	0.01064	0.00760	0.00380	0.00380	0.00076	0.00380	0.00304	0.00304	0.85104
25	0.00704	0.00524	0.00655	0.00622	0.00753	0.00475	0.00467	0.00925	0.01400	0.01933	0.64894	0.04038	0.18521	0.01095	0.00605	0.00164	0.00245	0.00957	0.00548	0.00475
26	0.00625	0.00447	0.00595	0.00714	0.00744	0.00417	0.00476	0.00714	0.00982	0.01310	0.02828	0.81633	0.03394	0.01608	0.00655	0.00208	0.00298	0.01459	0.00476	0.00417
27	0.01917	0.02445	0.01454	0.01322	0.01586	0.79907	0.00991	0.02049	0.01454	0.01256	0.00793	0.00925	0.00661	0.00529	0.00463	0.00132	0.00925	0.00330	0.00264	0.00595
28	0.00734	0.00546	0.00804	0.00804	0.00888	0.00630	0.00615	0.00903	0.00818	0.01176	0.01394	0.02123	0.01329	0.10066	0.73780	0.00799	0.01305	0.00565	0.00278	0.00446
29	0.00625	0.00447	0.00595	0.00714	0.00744	0.00417	0.00476	0.00714	0.00982	0.01310	0.02828	0.81633	0.03394	0.01608	0.00655	0.00208	0.00298	0.01459	0.00476	0.00417
30	0.00969	0.00912	0.01539	0.80734	0.03534	0.01140	0.01425	0.01311	0.01026	0.01311	0.00912	0.01368	0.00684	0.00513	0.00513	0.00171	0.00684	0.00456	0.00228	0.00570
31	0.01123	0.01123	0.01572	0.01347	0.01347	0.01572	0.01123	0.01235	0.00786	0.01235	0.00674	0.01123	0.00674	0.00898	0.01684	0.00225	0.81028	0.00449	0.00225	0.00561
32	0.85592	0.00992	0.00754	0.00675	0.00992	0.01151	0.00556	0.01508	0.00873	0.02302	0.00714	0.00834	0.00556	0.00476	0.00318	0.00159	0.00397	0.00278	0.00318	0.00556
33	0.01270	0.01219	0.02083	0.03149	0.78767	0.01219	0.01575	0.01575	0.01168	0.01676	0.00965	0.01270	0.00813	0.00457	0.00508	0.00152	0.00610	0.00457	0.00254	0.00813
34	0.00625	0.00447	0.00595	0.00714	0.00744	0.00417	0.00476	0.00714	0.00982	0.01310	0.02828	0.81633	0.03394	0.01608	0.00655	0.00208	0.00298	0.01459	0.00476	0.00417
35	0.00704	0.00524	0.00655	0.00622	0.00753	0.00475	0.00467	0.00925	0.01400	0.01933	0.64894	0.04038	0.18521	0.01095	0.00605	0.00164	0.00245	0.00957	0.00548	0.00475
36	0.00625	0.00447	0.00595	0.00714	0.00744	0.00417	0.00476	0.00714	0.00982	0.01310	0.02828	0.81633	0.03394	0.01608	0.00655	0.00208	0.00298	0.01459	0.00476	0.00417
37	0.01372	0.82276	0.02689	0.00878	0.01317	0.02030	0.00878	0.01536	0.01043	0.01207	0.00713	0.00823	0.00658	0.00439	0.00329	0.00110	0.00549	0.00274	0.00219	0.00658

[dist]
# distance from previous block
# <min> <max>
0	1

[block]
# block no. 2 follows, 48 sequences, length 32
# corresponding to MSA columns:
# 237-268
name=unknown_C
#
# <colnr> <probs for GDERKNQSTAVLIFYWHMCP>
#	G	D	E	R	K	N	Q	S	T	A	V	L	I	F	Y	W	H	M	C	P
0	0.85592	0.00992	0.00754	0.00675	0.00992	0.01151	0.00556	0.01508	0.00873	0.02302	0.00714	0.00834	0.00556	0.00476	0.00318	0.00159	0.00397	0.00278	0.00318	0.00556
1	0.00676	0.00489	0.00631	0.00665	0.00744	0.00452	0.00468	0.00834	0.01202	0.01648	0.37935	0.37915	0.08481	0.04561	0.00708	0.00196	0.00278	0.01162	0.00511	0.00445
2	0.01998	0.01360	0.01492	0.01144	0.01553	0.01477	0.00945	0.66913	0.02284	0.13558	0.01340	0.01302	0.00927	0.00619	0.00514	0.00155	0.00547	0.00469	0.00530	0.00873
3	0.01202	0.02412	0.68682	0.01388	0.02097	0.01132	0.01740	0.01744	0.01136	0.12168	0.01071	0.01174	0.00734	0.00508	0.00491	0.00162	0.00715	0.00398	0.00274	0.00774
4	0.01029	0.02654	0.79309	0.01462	0.02221	0.01192	0.01896	0.01625	0.01083	0.01625	0.00921	0.01083	0.00650	0.00487	0.00487	0.00162	0.00758	0.00379	0.00217	0.00758
5	0.85592	0.00992	0.00754	0.00675	0.00992	0.01151	0.00556	0.01508	0.00873	0.02302	0.00714	0.00834	0.00556	0.00476	0.00318	0.00159	0.00397	0.00278	0.00318	0.00556
6	0.00721	0.00524	0.00679	0.00640	0.00764	0.00482	0.00480	0.00959	0.01441	0.02031	0.75549	0.03877	0.07805	0.01059	0.00605	0.00162	0.00243	0.00934	0.00561	0.00482
7	0.00625	0.00447	0.00595	0.00714	0.00744	0.00417	0.00476	0.00714	0.00982	0.01310	0.02828	0.81633	0.03394	0.01608	0.00655	0.00208	0.00298	0.01459	0.00476	0.00417
8	0.01029	0.02654	0.79309	0.01462	0.02221	0.01192	0.01896	0.01625	0.01083	0.01625	0.00921	0.01083	0.00650	0.00487	0.00487	0.00162	0.00758	0.00379	0.00217	0.00758
9	0.01029	0.02654	0.79309	0.01462	0.02221	0.01192	0.01896	0.01625	0.01083	0.01625	0.00921	0.01083	0.00650	0.00487	0.00487	0.00162	0.00758	0.00379	0.00217	0.00758
10	0.02302	0.00873	0.01191	0.00913	0.01310	0.00754	0.00754	0.02501	0.01469	0.79122	0.02024	0.01746	0.01270	0.00635	0.00516	0.00159	0.00437	0.00516	0.00635	0.00873
11	0.01029	0.02654	0.79309	0.01462	0.02221	0.01192	0.01896	0.01625	0.01083	0.01625	0.00921	0.01083	0.00650	0.00487	0.00487	0.00162	0.00758	0.00379	0.00217	0.00758
12	0.00746	0.00497	0.00560	0.00560	0.00560	0.00497	0.00311	0.00746	0.00746	0.00995	0.01617	0.03358	0.01865	0.81967	0.02612	0.00497	0.00497	0.00746	0.00311	0.00311
13	0.00733	0.00550	0.00825	0.00825	0.00916	0.00641	0.00641	0.00916	0.00825	0.01191	0.01374	0.02016	0.01283	0.03848	0.79934	0.00825	0.01374	0.00550	0.00275	0.00458
14	0.01917	0.02445	0.01454	0.01322	0.01586	0.79907	0.00991	0.02049	0.01454	0.01256	0.00793	0.00925	0.00661	0.00529	0.00463	0.00132	0.00925	0.00330	0.00264	0.00595
15	0.00710	0.00524	0.00663	0.00628	0.00757	0.00477	0.00471	0.00937	0.01414	0.01966	0.68524	0.03983	0.14870	0.01083	0.00605	0.00163	0.00244	0.00949	0.00553	0.00477
16	0.01276	0.01102	0.01160	0.01044	0.01334	0.01276	0.00812	0.02727	0.77840	0.02146	0.02088	0.01914	0.01566	0.00696	0.00522	0.00174	0.00406	0.00580	0.00522	0.00812
17	0.01193	0.01245	0.02219	0.01689	0.01968	0.01402	0.36158	0.04356	0.01059	0.01523	0.00876	0.01245	0.00734	0.00646	0.01075	0.00191	0.36826	0.00515	0.00256	0.04827
18	0.00634	0.00453	0.00606	0.00725	0.00759	0.00425	0.00492	0.00730	0.00991	0.01320	0.02823	0.78161	0.03373	0.01599	0.00657	0.00210	0.00306	0.04839	0.00476	0.00419
19	0.00606	0.00520	0.00520	0.00520	0.00693	0.00433	0.00390	0.00736	0.01170	0.01386	0.05198	0.04938	0.78558	0.01299	0.00606	0.00173	0.00260	0.01083	0.00476	0.00433
20	0.32299	0.00995	0.01083	0.00947	0.04207	0.01039	0.00735	0.06579	0.11923	0.33043	0.01470	0.01390	0.01011	0.00578	0.00444	0.00160	0.00432	0.00433	0.00482	0.00747
21	0.00643	0.00475	0.00670	0.00759	0.00803	0.00444	0.02813	0.00743	0.00989	0.01320	0.02773	0.79179	0.03314	0.01572	0.00653	0.00207	0.00315	0.01433	0.00470	0.00425
22	0.00637	0.00463	0.00602	0.00690	0.00743	0.00427	0.00471	0.00751	0.01060	0.01417	0.13279	0.65271	0.09275	0.01508	0.00644	0.00199	0.00287	0.01358	0.00488	0.00427
23	0.01255	0.01204	0.02056	0.06998	0.75035	0.01215	0.01567	0.01562	0.01161	0.01658	0.00963	0.01275	0.00806	0.00460	0.00508	0.00153	0.00613	0.00457	0.00253	0.00801
24	0.01137	0.27752	0.55157	0.01278	0.01936	0.01456	0.01575	0.01597	0.01070	0.01493	0.00855	0.01001	0.00653	0.00472	0.00438	0.00146	0.00692	0.00346	0.00218	0.00727
25	0.01340	0.01134	0.01084	0.00930	0.01141	0.16787	0.05207	0.13797	0.01356	0.01929	0.01310	0.01511	0.01030	0.00600	0.00521	0.00139	0.06644	0.00451	0.42505	0.00585
26	0.00606	0.00520	0.00520	0.00520	0.00693	0.00433	0.00390	0.00736	0.01170	0.01386	0.05198	0.04938	0.78558	0.01299	0.00606	0.00173	0.00260	0.01083	0.00476	0.00433
27	0.01639	0.01241	0.04420	0.01252	0.06065	0.09712	0.06713	0.14996	0.07149	0.23291	0.01601	0.11236	0.01299	0.00723	0.00585	0.00165	0.04397	0.00600	0.02176	0.00737
28	0.01048	0.01043	0.01512	0.33269	0.02228	0.04544	0.04099	0.01267	0.00957	0.01294	0.01137	0.04382	0.05422	0.00759	0.01018	0.00193	0.34489	0.00527	0.00253	0.00558
29	0.00969	0.00912	0.01539	0.80734	0.03534	0.01140	0.01425	0.01311	0.01026	0.01311	0.00912	0.01368	0.00684	0.00513	0.00513	0.00171	0.00684	0.00456	0.00228	0.00570
30	0.01264	0.57178	0.26841	0.01062	0.01602	0.01766	0.01199	0.01564	0.01055	0.01339	0.00779	0.00905	0.00656	0.00454	0.00379	0.00126	0.00615	0.00307	0.00219	0.00690
31	0.01273	0.01425	0.02897	0.02083	0.02588	0.04174	0.70373	0.05399	0.01280	0.01708	0.01039	0.01360	0.00779	0.00445	0.00596	0.00171	0.00852	0.00588	0.00272	0.00697

[dist]
# distance from previous block
# <min> <max>
1	3

[block]
# block no. 3 follows, 48 sequences, length 38
# corresponding to MSA columns:
# 272-309
name=unknown_D
#
# <colnr> <probs for GDERKNQSTAVLIFYWHMCP>
#	G	D	E	R	K	N	Q	S	T	A	V	L	I	F	Y	W	H	M	C	P
0	0.01013	0.00860	0.01005	0.00738	0.01152	0.00655	0.00587	0.01237	0.01102	0.01691	0.07753	0.01491	0.04925	0.00482	0.00410	0.00088	0.00362	0.00396	0.00335	0.73719
1	0.01514	0.01005	0.01610	0.01259	0.01531	0.01066	0.16773	0.01738	0.01201	0.29944	0.08247	0.01823	0.04961	0.00736	0.00885	0.00182	0.23833	0.00578	0.00424	0.00690
2	0.01988	0.11821	0.01358	0.00908	0.01278	0.00954	0.00760	0.05226	0.04498	0.56302	0.01883	0.07959	0.01353	0.00688	0.00502	0.00157	0.00445	0.00559	0.00557	0.00806
3	0.01445	0.71538	0.02523	0.00938	0.01353	0.12506	0.00893	0.01605	0.01098	0.01214	0.00724	0.00837	0.00659	0.00451	0.00347	0.00113	0.00599	0.00282	0.00226	0.00650
4	0.01270	0.01219	0.02083	0.03149	0.78767	0.01219	0.01575	0.01575	0.01168	0.01676	0.00965	0.01270	0.00813	0.00457	0.00508	0.00152	0.00610	0.00457	0.00254	0.00813
5	0.01262	0.01241	0.02210	0.03017	0.68532	0.01230	0.11708	0.01584	0.01174	0.01672	0.00975	0.01285	0.00808	0.00454	0.00521	0.00155	0.00644	0.00477	0.00255	0.00797
6	0.00987	0.00930	0.01571	0.76151	0.07978	0.01145	0.01434	0.01327	0.01034	0.01333	0.00915	0.01362	0.00692	0.00510	0.00513	0.00170	0.00680	0.00456	0.00230	0.00584
7	0.00726	0.00524	0.00686	0.00646	0.00767	0.00484	0.00484	0.00968	0.01452	0.02058	0.78496	0.03833	0.04841	0.01049	0.00605	0.00161	0.00242	0.00928	0.00565	0.00484
8	0.00733	0.00550	0.00825	0.00825	0.00916	0.00641	0.00641	0.00916	0.00825	0.01191	0.01374	0.02016	0.01283	0.03848	0.79934	0.00825	0.01374	0.00550	0.00275	0.00458
9	0.00969	0.00912	0.01539	0.80734	0.03534	0.01140	0.01425	0.01311	0.01026	0.01311	0.00912	0.01368	0.00684	0.00513	0.00513	0.00171	0.00684	0.00456	0.00228	0.00570
10	0.00726	0.00524	0.00686	0.00646	0.00767	0.00484	0.00484	0.00968	0.01452	0.02058	0.78496	0.03833	0.04841	0.01049	0.00605	0.00161	0.00242	0.00928	0.00565	0.00484
11	0.00625	0.00447	0.00595	0.00714	0.00744	0.00417	0.00476	0.00714	0.00982	0.01310	0.02828	0.81633	0.03394	0.01608	0.00655	0.00208	0.00298	0.01459	0.00476	0.00417
12	0.01211	0.01384	0.03028	0.02163	0.02682	0.01298	0.76903	0.01644	0.01211	0.01644	0.01038	0.01384	0.00779	0.00433	0.00606	0.00173	0.00865	0.00606	0.00260	0.00692
13	0.00956	0.00478	0.00478	0.00478	0.00598	0.00478	0.00359	0.01196	0.01076	0.01913	0.01674	0.01913	0.01315	0.00598	0.00359	0.00120	0.00239	0.00478	0.84816	0.00478
14	0.01090	0.01149	0.02285	0.41370	0.03107	0.01219	0.39239	0.01478	0.01119	0.01478	0.00975	0.01376	0.00731	0.00473	0.00559	0.00172	0.00775	0.00531	0.00244	0.00631
15	0.01029	0.02654	0.79309	0.01462	0.02221	0.01192	0.01896	0.01625	0.01083	0.01625	0.00921	0.01083	0.00650	0.00487	0.00487	0.00162	0.00758	0.00379	0.00217	0.00758
16	0.01565	0.01916	0.02239	0.01741	0.02133	0.40681	0.38872	0.01847	0.01333	0.01449	0.00915	0.01154	0.00720	0.00481	0.00534	0.00153	0.00895	0.00468	0.00262	0.00643
17	0.01029	0.02654	0.79309	0.01462	0.02221	0.01192	0.01896	0.01625	0.01083	0.01625	0.00921	0.01083	0.00650	0.00487	0.00487	0.00162	0.00758	0.00379	0.00217	0.00758
18	0.00625	0.00447	0.00595	0.00714	0.00744	0.00417	0.00476	0.00714	0.00982	0.01310	0.02828	0.81633	0.03394	0.01608	0.00655	0.00208	0.00298	0.01459	0.00476	0.00417
19	0.01276	0.01102	0.01160	0.01044	0.01334	0.01276	0.00812	0.02727	0.77840	0.02146	0.02088	0.01914	0.01566	0.00696	0.00522	0.00174	0.00406	0.00580	0.00522	0.00812
20	0.01199	0.01349	0.02832	0.02053	0.02502	0.01334	0.66709	0.01589	0.01154	0.01589	0.00989	0.01349	0.00764	0.00495	0.00751	0.00180	0.11648	0.00584	0.00255	0.00674
21	0.00815	0.00582	0.00813	0.00931	0.01044	0.00580	0.00806	0.01042	0.01169	0.01522	0.02723	0.10268	0.02979	0.01429	0.00706	0.00235	0.00462	0.70951	0.00473	0.00469
22	0.00662	0.00522	0.00597	0.00578	0.00727	0.00457	0.00433	0.00844	0.01300	0.01697	0.39122	0.04427	0.44441	0.01184	0.00606	0.00168	0.00252	0.01011	0.00517	0.00457
23	0.01951	0.01437	0.01540	0.01181	0.01591	0.01591	0.00975	0.77056	0.02412	0.03234	0.01232	0.01232	0.00873	0.00616	0.00513	0.00154	0.00565	0.00462	0.00513	0.00873
24	0.01270	0.01129	0.01340	0.01152	0.01464	0.01278	0.08143	0.02622	0.70458	0.02098	0.01987	0.01863	0.01490	0.00671	0.00530	0.00174	0.00450	0.00583	0.00497	0.00801
25	0.00726	0.00519	0.00711	0.00830	0.00904	0.00504	0.00652	0.00889	0.01082	0.01423	0.02772	0.43635	0.03173	0.01512	0.00682	0.00222	0.00385	0.38460	0.00474	0.00445
26	0.01951	0.01437	0.01540	0.01181	0.01591	0.01591	0.00975	0.77056	0.02412	0.03234	0.01232	0.01232	0.00873	0.00616	0.00513	0.00154	0.00565	0.00462	0.00513	0.00873
27	0.01372	0.82276	0.02689	0.00878	0.01317	0.02030	0.00878	0.01536	0.01043	0.01207	0.00713	0.00823	0.00658	0.00439	0.00329	0.00110	0.00549	0.00274	0.00219	0.00658
28	0.85592	0.00992	0.00754	0.00675	0.00992	0.01151	0.00556	0.01508	0.00873	0.02302	0.00714	0.00834	0.00556	0.00476	0.00318	0.00159	0.00397	0.00278	0.00318	0.00556
29	0.00891	0.00446	0.00668	0.00668	0.00668	0.00446	0.00446	0.00668	0.00668	0.00891	0.00891	0.01560	0.00891	0.01783	0.02005	0.85071	0.00446	0.00446	0.00223	0.00223
30	0.00969	0.00912	0.01539	0.80734	0.03534	0.01140	0.01425	0.01311	0.01026	0.01311	0.00912	0.01368	0.00684	0.00513	0.00513	0.00171	0.00684	0.00456	0.00228	0.00570
31	0.00746	0.00497	0.00560	0.00560	0.00560	0.00497	0.00311	0.00746	0.00746	0.00995	0.01617	0.03358	0.01865	0.81967	0.02612	0.00497	0.00497	0.00746	0.00311	0.00311
32	0.01029	0.02654	0.79309	0.01462	0.02221	0.01192	0.01896	0.01625	0.01083	0.01625	0.00921	0.01083	0.00650	0.00487	0.00487	0.00162	0.00758	0.00379	0.00217	0.00758
33	0.01211	0.01384	0.03028	0.02163	0.02682	0.01298	0.76903	0.01644	0.01211	0.01644	0.01038	0.01384	0.00779	0.00433	0.00606	0.00173	0.00865	0.00606	0.00260	0.00692
34	0.00625	0.00447	0.00595	0.00714	0.00744	0.00417	0.00476	0.00714	0.00982	0.01310	0.02828	0.81633	0.03394	0.01608	0.00655	0.00208	0.00298	0.01459	0.00476	0.00417
35	0.00614	0.00520	0.00530	0.00527	0.00697	0.00436	0.00395	0.00750	0.01186	0.01426	0.09527	0.04873	0.74204	0.01285	0.00606	0.00173	0.00259	0.01074	0.00482	0.00436
36	0.01916	0.01952	0.01486	0.01250	0.01582	0.42212	0.00979	0.36225	0.03862	0.02180	0.01026	0.01090	0.00781	0.00573	0.00487	0.00143	0.00748	0.00397	0.00384	0.00727
37	0.00680	0.00531	0.00623	0.00633	0.00777	0.00474	0.00492	0.00861	0.01256	0.01619	0.27677	0.06550	0.41433	0.01248	0.00624	0.00181	0.00290	0.13093	0.00503	0.00455

[dist]
# distance from previous block
# <min> <max>
3	6

[block]
# block no. 4 follows, 48 sequences, length 20
# corresponding to MSA columns:
# 316-335
name=unknown_E
#
# <colnr> <probs for GDERKNQSTAVLIFYWHMCP>
#	G	D	E	R	K	N	Q	S	T	A	V	L	I	F	Y	W	H	M	C	P
0	0.01845	0.02121	0.01429	0.01273	0.01535	0.60861	0.00972	0.05191	0.06593	0.06406	0.00970	0.01071	0.00771	0.00576	0.00556	0.00144	0.06363	0.00373	0.00313	0.00637
1	0.00733	0.00550	0.00825	0.00825	0.00916	0.00641	0.00641	0.00916	0.00825	0.01191	0.01374	0.02016	0.01283	0.03848	0.79934	0.00825	0.01374	0.00550	0.00275	0.00458
2	0.85592	0.00992	0.00754	0.00675	0.00992	0.01151	0.00556	0.01508	0.00873	0.02302	0.00714	0.00834	0.00556	0.00476	0.00318	0.00159	0.00397	0.00278	0.00318	0.00556
3	0.01491	0.01027	0.01183	0.00920	0.01318	0.00972	0.00740	0.13182	0.19287	0.17363	0.01455	0.01423	0.01066	0.00540	0.00460	0.00127	0.00425	0.00434	0.00452	0.36136
4	0.00895	0.05335	0.33739	0.00954	0.01294	0.00863	0.01004	0.01153	0.00902	0.01270	0.01281	0.02281	0.01297	0.43824	0.01610	0.00338	0.00609	0.00569	0.00267	0.00516
5	0.01090	0.16780	0.65715	0.01359	0.02060	0.01340	0.01715	0.01609	0.01076	0.01551	0.00884	0.01037	0.00651	0.00479	0.00459	0.00153	0.00721	0.00361	0.00217	0.00741
6	0.01920	0.02335	0.01463	0.01306	0.01587	0.71339	0.00990	0.10255	0.01559	0.01472	0.00841	0.00959	0.00684	0.00538	0.00468	0.00135	0.00886	0.00345	0.00292	0.00625
7	0.02097	0.01709	0.01331	0.01130	0.01457	0.42855	0.00880	0.02260	0.01461	0.37706	0.01369	0.01310	0.00946	0.00579	0.00488	0.00145	0.00697	0.00417	0.00438	0.00725
8	0.01029	0.02654	0.79309	0.01462	0.02221	0.01192	0.01896	0.01625	0.01083	0.01625	0.00921	0.01083	0.00650	0.00487	0.00487	0.00162	0.00758	0.00379	0.00217	0.00758
9	0.00746	0.00500	0.00572	0.00572	0.00576	0.00504	0.00326	0.00754	0.00750	0.01004	0.01606	0.03297	0.01839	0.78456	0.06088	0.00512	0.00537	0.00737	0.00309	0.00318
10	0.00625	0.00447	0.00595	0.00714	0.00744	0.00417	0.00476	0.00714	0.00982	0.01310	0.02828	0.81633	0.03394	0.01608	0.00655	0.00208	0.00298	0.01459	0.00476	0.00417
11	0.00926	0.00481	0.00490	0.00490	0.00592	0.00481	0.00352	0.01130	0.01028	0.01778	0.01665	0.02125	0.01396	0.12541	0.00689	0.00175	0.00277	0.00518	0.72412	0.00454
12	0.00726	0.00524	0.00686	0.00646	0.00767	0.00484	0.00484	0.00968	0.01452	0.02058	0.78496	0.03833	0.04841	0.01049	0.00605	0.00161	0.00242	0.00928	0.00565	0.00484
13	0.00726	0.00524	0.00686	0.00646	0.00767	0.00484	0.00484	0.00968	0.01452	0.02058	0.78496	0.03833	0.04841	0.01049	0.00605	0.00161	0.00242	0.00928	0.00565	0.00484
14	0.01951	0.01437	0.01540	0.01181	0.01591	0.01591	0.00975	0.77056	0.02412	0.03234	0.01232	0.01232	0.00873	0.00616	0.00513	0.00154	0.00565	0.00462	0.00513	0.00873
15	0.01270	0.01219	0.02083	0.03149	0.78767	0.01219	0.01575	0.01575	0.01168	0.01676	0.00965	0.01270	0.00813	0.00457	0.00508	0.00152	0.00610	0.00457	0.00254	0.00813
16	0.01029	0.02654	0.79309	0.01462	0.02221	0.01192	0.01896	0.01625	0.01083	0.01625	0.00921	0.01083	0.00650	0.00487	0.00487	0.00162	0.00758	0.00379	0.00217	0.00758
17	0.00956	0.00478	0.00478	0.00478	0.00598	0.00478	0.00359	0.01196	0.01076	0.01913	0.01674	0.01913	0.01315	0.00598	0.00359	0.00120	0.00239	0.00478	0.84816	0.00478
18	0.46298	0.00885	0.00862	0.00751	0.01052	0.00938	0.00604	0.01709	0.04529	0.22822	0.01578	0.09561	0.05152	0.00687	0.00430	0.00165	0.00391	0.00518	0.00437	0.00632
19	0.01707	0.01598	0.01352	0.01159	0.01478	0.26036	0.00907	0.21569	0.30309	0.06359	0.01458	0.01419	0.01088	0.00620	0.00501	0.00155	0.00612	0.00468	0.00445	0.00763

[dist]
# distance from previous block
# <min> <max>
0	2

[block]
# block no. 5 follows, 48 sequences, length 21
# corresponding to MSA columns:
# 338-358
name=unknown_F
#
# <colnr> <probs for GDERKNQSTAVLIFYWHMCP>
#	G	D	E	R	K	N	Q	S	T	A	V	L	I	F	Y	W	H	M	C	P
0	0.01540	0.00902	0.01014	0.00846	0.01139	0.04040	0.00677	0.16124	0.01533	0.29715	0.06255	0.05953	0.24331	0.00902	0.00555	0.00165	0.00416	0.02672	0.00536	0.00685
1	0.73743	0.01135	0.00837	0.00743	0.01061	0.09017	0.00601	0.01554	0.00939	0.02171	0.00730	0.00852	0.00575	0.00478	0.00335	0.00153	0.00449	0.00284	0.00312	0.04031
2	0.01064	0.01066	0.01530	0.72783	0.03339	0.09027	0.01382	0.01385	0.01069	0.01305	0.00900	0.01324	0.00682	0.00515	0.00508	0.00167	0.00708	0.00443	0.00232	0.00572
3	0.01047	0.02527	0.71671	0.01533	0.02267	0.01202	0.09406	0.01627	0.01096	0.01627	0.00933	0.01113	0.00663	0.00482	0.00499	0.00164	0.00769	0.00402	0.00221	0.00752
4	0.00847	0.00766	0.01098	0.00980	0.01147	0.05477	0.13298	0.01039	0.01164	0.01555	0.20058	0.41221	0.03004	0.01156	0.00610	0.00181	0.00422	0.01068	0.00440	0.04471
5	0.01029	0.02654	0.79309	0.01462	0.02221	0.01192	0.01896	0.01625	0.01083	0.01625	0.00921	0.01083	0.00650	0.00487	0.00487	0.00162	0.00758	0.00379	0.00217	0.00758
6	0.01304	0.00963	0.01090	0.00945	0.01191	0.01009	0.00729	0.38028	0.01686	0.02275	0.01912	0.36634	0.01975	0.01036	0.00566	0.00172	0.00434	0.00890	0.00482	0.06677
7	0.01919	0.02374	0.01460	0.01312	0.01587	0.74324	0.00990	0.07396	0.01522	0.01397	0.00824	0.00947	0.00676	0.00535	0.00466	0.00134	0.00900	0.00340	0.00282	0.00615
8	0.01372	0.82276	0.02689	0.00878	0.01317	0.02030	0.00878	0.01536	0.01043	0.01207	0.00713	0.00823	0.00658	0.00439	0.00329	0.00110	0.00549	0.00274	0.00219	0.00658
9	0.00969	0.00912	0.01539	0.80734	0.03534	0.01140	0.01425	0.01311	0.01026	0.01311	0.00912	0.01368	0.00684	0.00513	0.00513	0.00171	0.00684	0.00456	0.00228	0.00570
10	0.02302	0.00873	0.01191	0.00913	0.01310	0.00754	0.00754	0.02501	0.01469	0.79122	0.02024	0.01746	0.01270	0.00635	0.00516	0.00159	0.00437	0.00516	0.00635	0.00873
11	0.01270	0.01219	0.02083	0.03149	0.78767	0.01219	0.01575	0.01575	0.01168	0.01676	0.00965	0.01270	0.00813	0.00457	0.00508	0.00152	0.00610	0.00457	0.00254	0.00813
12	0.00726	0.00524	0.00686	0.00646	0.00767	0.00484	0.00484	0.00968	0.01452	0.02058	0.78496	0.03833	0.04841	0.01049	0.00605	0.00161	0.00242	0.00928	0.00565	0.00484
13	0.00625	0.00447	0.00595	0.00714	0.00744	0.00417	0.00476	0.00714	0.00982	0.01310	0.02828	0.81633	0.03394	0.01608	0.00655	0.00208	0.00298	0.01459	0.00476	0.00417
14	0.01211	0.01384	0.03028	0.02163	0.02682	0.01298	0.76903	0.01644	0.01211	0.01644	0.01038	0.01384	0.00779	0.00433	0.00606	0.00173	0.00865	0.00606	0.00260	0.00692
15	0.01211	0.01384	0.03028	0.02163	0.02682	0.01298	0.76903	0.01644	0.01211	0.01644	0.01038	0.01384	0.00779	0.00433	0.00606	0.00173	0.00865	0.00606	0.00260	0.00692
16	0.01270	0.01219	0.02083	0.03149	0.78767	0.01219	0.01575	0.01575	0.01168	0.01676	0.00965	0.01270	0.00813	0.00457	0.00508	0.00152	0.00610	0.00457	0.00254	0.00813
17	0.85592	0.00992	0.00754	0.00675	0.00992	0.01151	0.00556	0.01508	0.00873	0.02302	0.00714	0.00834	0.00556	0.00476	0.00318	0.00159	0.00397	0.00278	0.00318	0.00556
18	0.01951	0.01437	0.01540	0.01181	0.01591	0.01591	0.00975	0.77056	0.02412	0.03234	0.01232	0.01232	0.00873	0.00616	0.00513	0.00154	0.00565	0.00462	0.00513	0.00873
19	0.00969	0.00912	0.01539	0.80734	0.03534	0.01140	0.01425	0.01311	0.01026	0.01311	0.00912	0.01368	0.00684	0.00513	0.00513	0.00171	0.00684	0.00456	0.00228	0.00570
20	0.00683	0.00544	0.00626	0.00667	0.00821	0.00488	0.00542	0.00850	0.01174	0.01438	0.04337	0.05233	0.52319	0.01340	0.00642	0.00195	0.00334	0.26845	0.00475	0.00447

[dist]
# distance from previous block
# <min> <max>
0	3

# created by:
# /st0/software/busco_prod/Augustus/scripts/msa2prfl.pl ./align_prep/52902.fa
