[name]
unknown

[dist]
# distance from previous block
# <min> <max>
0	7

[block]
# block no. 0 follows, 44 sequences, length 64
# corresponding to MSA columns:
# 7-70
name=unknown_A
#
# <colnr> <probs for GDERKNQSTAVLIFYWHMCP>
#	G	D	E	R	K	N	Q	S	T	A	V	L	I	F	Y	W	H	M	C	P
0	0.00874	0.00594	0.00812	0.00858	0.00952	0.00614	0.00672	0.01041	0.01042	0.04178	0.02203	0.09313	0.02344	0.19969	0.23194	0.00485	0.00765	0.29208	0.00411	0.00471
1	0.01586	0.01918	0.02404	0.01858	0.02274	0.34524	0.40761	0.01895	0.01389	0.01556	0.01061	0.04159	0.00875	0.00549	0.00580	0.00167	0.00925	0.00551	0.00286	0.00680
2	0.01938	0.01167	0.01408	0.01131	0.01521	0.01215	0.03614	0.18983	0.28037	0.31947	0.01948	0.01782	0.01347	0.00685	0.00553	0.00174	0.00500	0.00563	0.00589	0.00898
3	0.00670	0.00512	0.00613	0.00690	0.00781	0.00460	0.00485	0.00786	0.01119	0.01423	0.03885	0.47286	0.30518	0.03839	0.00739	0.00218	0.00316	0.04710	0.00501	0.00449
4	0.00999	0.00923	0.01536	0.71181	0.03443	0.01135	0.01408	0.01346	0.01124	0.01454	0.06873	0.03962	0.01150	0.00623	0.00557	0.00182	0.00679	0.00554	0.00277	0.00594
5	0.01257	0.01411	0.03013	0.10458	0.02912	0.01368	0.65885	0.01699	0.01255	0.01699	0.01080	0.01462	0.00814	0.00480	0.00660	0.00185	0.02751	0.00623	0.00271	0.00718
6	0.00886	0.01241	0.24663	0.00893	0.01143	0.00758	0.00854	0.01083	0.00904	0.01265	0.01488	0.02816	0.01581	0.55870	0.02073	0.00418	0.00615	0.00672	0.00299	0.00478
7	0.00779	0.00584	0.00876	0.00876	0.00974	0.00681	0.00681	0.00974	0.00876	0.01266	0.01460	0.02142	0.01363	0.04089	0.78680	0.00876	0.01460	0.00584	0.00292	0.00487
8	0.00742	0.00528	0.00707	0.00809	0.00874	0.00507	0.00598	0.00889	0.01130	0.01506	0.09501	0.47613	0.03500	0.07107	0.00852	0.00247	0.00378	0.21555	0.00501	0.00458
9	0.01152	0.04236	0.56813	0.01734	0.02466	0.01316	0.21143	0.01730	0.01185	0.01722	0.01006	0.01228	0.00726	0.00502	0.00547	0.00174	0.00830	0.00463	0.00242	0.00785
10	0.00650	0.00553	0.00560	0.00558	0.00740	0.00463	0.00419	0.00794	0.01256	0.01506	0.08823	0.05193	0.73897	0.01368	0.00644	0.00184	0.00275	0.01143	0.00511	0.00463
11	0.01130	0.00969	0.01130	0.00807	0.01292	0.00727	0.00646	0.01373	0.01130	0.01776	0.00969	0.01130	0.00807	0.00404	0.00404	0.00081	0.00404	0.00323	0.00323	0.84173
12	0.00849	0.00700	0.00786	0.00698	0.00938	0.00622	0.00535	0.01190	0.09271	0.01817	0.24345	0.03781	0.34244	0.01049	0.00588	0.00161	0.00312	0.00888	0.00502	0.16725
13	0.00772	0.00557	0.00729	0.00686	0.00814	0.00514	0.00514	0.01029	0.01543	0.02186	0.77152	0.04072	0.05144	0.01115	0.00643	0.00171	0.00257	0.00986	0.00600	0.00514
14	0.01356	0.01171	0.01233	0.01109	0.01418	0.01356	0.00863	0.02897	0.76455	0.02281	0.02219	0.02034	0.01664	0.00740	0.00555	0.00185	0.00431	0.00616	0.00555	0.00863
15	0.01030	0.00969	0.01635	0.79530	0.03755	0.01211	0.01514	0.01393	0.01090	0.01393	0.00969	0.01453	0.00727	0.00545	0.00545	0.00182	0.00727	0.00484	0.00242	0.00606
16	0.01393	0.00690	0.00885	0.00766	0.00988	0.00620	0.00586	0.01577	0.01374	0.29962	0.25016	0.03293	0.10685	0.14190	0.00957	0.00232	0.00388	0.02875	0.02891	0.00631
17	0.00779	0.00584	0.00876	0.00876	0.00974	0.00681	0.00681	0.00974	0.00876	0.01266	0.01460	0.02142	0.01363	0.04089	0.78680	0.00876	0.01460	0.00584	0.00292	0.00487
18	0.01535	0.01260	0.01333	0.01146	0.01486	0.01439	0.00906	0.21033	0.58028	0.02569	0.01992	0.01853	0.01480	0.00718	0.00552	0.00180	0.00473	0.00585	0.00552	0.00879
19	0.01356	0.01171	0.01233	0.01109	0.01418	0.01356	0.00863	0.02897	0.76455	0.02281	0.02219	0.02034	0.01664	0.00740	0.00555	0.00185	0.00431	0.00616	0.00555	0.00863
20	0.01794	0.00783	0.01056	0.00859	0.01167	0.00690	0.00690	0.02023	0.01554	0.48352	0.31371	0.02719	0.02828	0.00846	0.00585	0.00170	0.00383	0.00719	0.00646	0.00767
21	0.01016	0.00508	0.00508	0.00508	0.00635	0.00508	0.00381	0.01270	0.01143	0.02033	0.01778	0.02033	0.01397	0.00635	0.00381	0.00127	0.00254	0.00508	0.83867	0.00508
22	0.00790	0.00560	0.00696	0.00665	0.00807	0.00507	0.00498	0.01014	0.01448	0.03918	0.55146	0.08021	0.19229	0.01173	0.00636	0.00175	0.00269	0.01022	0.02916	0.00510
23	0.00684	0.00508	0.00611	0.00689	0.00774	0.00461	0.00481	0.00801	0.01108	0.01437	0.03688	0.48419	0.26279	0.04535	0.00749	0.00219	0.00317	0.04233	0.03557	0.00449
24	0.01346	0.01152	0.01212	0.01093	0.01396	0.01332	0.00849	0.02851	0.74340	0.02274	0.02207	0.02034	0.01657	0.00737	0.00550	0.00183	0.00426	0.00613	0.02893	0.00853
25	0.01356	0.01171	0.01233	0.01109	0.01418	0.01356	0.00863	0.02897	0.76455	0.02281	0.02219	0.02034	0.01664	0.00740	0.00555	0.00185	0.00431	0.00616	0.00555	0.00863
26	0.00676	0.00484	0.00643	0.00751	0.00793	0.00451	0.00507	0.00789	0.01099	0.01480	0.11199	0.72040	0.03776	0.01642	0.00690	0.00216	0.00310	0.01488	0.00516	0.00451
27	0.02191	0.01064	0.01322	0.01025	0.01425	0.01027	0.00842	0.23110	0.01842	0.50068	0.08608	0.01899	0.01569	0.00708	0.00556	0.00168	0.00484	0.00571	0.00632	0.00891
28	0.00772	0.00557	0.00729	0.00686	0.00814	0.00514	0.00514	0.01029	0.01543	0.02186	0.77152	0.04072	0.05144	0.01115	0.00643	0.00171	0.00257	0.00986	0.00600	0.00514
29	0.01193	0.01193	0.01670	0.01431	0.01431	0.01670	0.01193	0.01312	0.00835	0.01312	0.00716	0.01193	0.00716	0.00954	0.01789	0.00239	0.79843	0.00477	0.00239	0.00596
30	0.00664	0.00474	0.00633	0.00759	0.00791	0.00443	0.00506	0.00759	0.01044	0.01392	0.03005	0.80485	0.03606	0.01708	0.00696	0.00221	0.00316	0.01550	0.00506	0.00443
31	0.01469	0.75462	0.05280	0.00972	0.01442	0.05172	0.00973	0.01657	0.01127	0.01299	0.00769	0.00888	0.00699	0.00472	0.00361	0.00119	0.00606	0.00298	0.00235	0.00700
32	0.00662	0.00507	0.00608	0.00688	0.00778	0.00453	0.00480	0.00776	0.01122	0.01427	0.03938	0.50865	0.30948	0.01582	0.00678	0.00208	0.00306	0.03017	0.00506	0.00451
33	0.00772	0.00557	0.00729	0.00686	0.00814	0.00514	0.00514	0.01029	0.01543	0.02186	0.77152	0.04072	0.05144	0.01115	0.00643	0.00171	0.00257	0.00986	0.00600	0.00514
34	0.01870	0.01427	0.01522	0.01213	0.01614	0.01596	0.00987	0.55091	0.23424	0.03110	0.01566	0.01514	0.01135	0.00679	0.00548	0.00170	0.00552	0.00526	0.00548	0.00909
35	0.01130	0.00969	0.01130	0.00807	0.01292	0.00727	0.00646	0.01373	0.01130	0.01776	0.00969	0.01130	0.00807	0.00404	0.00404	0.00081	0.00404	0.00323	0.00323	0.84173
36	0.00703	0.00494	0.00635	0.00722	0.00749	0.00477	0.00469	0.00779	0.00970	0.01298	0.02592	0.56501	0.03070	0.22464	0.05145	0.00334	0.00429	0.01304	0.00450	0.00416
37	0.01287	0.01471	0.03217	0.02298	0.02849	0.01379	0.75460	0.01746	0.01287	0.01746	0.01103	0.01471	0.00827	0.00460	0.00643	0.00184	0.00919	0.00643	0.00276	0.00735
38	0.00664	0.00474	0.00633	0.00759	0.00791	0.00443	0.00506	0.00759	0.01044	0.01392	0.03005	0.80485	0.03606	0.01708	0.00696	0.00221	0.00316	0.01550	0.00506	0.00443
39	0.00779	0.00584	0.00876	0.00876	0.00974	0.00681	0.00681	0.00974	0.00876	0.01266	0.01460	0.02142	0.01363	0.04089	0.78680	0.00876	0.01460	0.00584	0.00292	0.00487
40	0.00792	0.00531	0.00606	0.00606	0.00610	0.00535	0.00344	0.00800	0.00796	0.01065	0.01708	0.03511	0.01957	0.77786	0.05795	0.00542	0.00566	0.00785	0.00329	0.00337
41	0.02037	0.02598	0.01545	0.01404	0.01685	0.78652	0.01053	0.02177	0.01545	0.01334	0.00843	0.00983	0.00702	0.00562	0.00492	0.00140	0.00983	0.00351	0.00281	0.00632
42	0.01130	0.00969	0.01130	0.00807	0.01292	0.00727	0.00646	0.01373	0.01130	0.01776	0.00969	0.01130	0.00807	0.00404	0.00404	0.00081	0.00404	0.00323	0.00323	0.84173
43	0.01280	0.01138	0.01406	0.01609	0.20305	0.01247	0.01018	0.02371	0.49851	0.02072	0.02266	0.02198	0.09348	0.00743	0.00560	0.00179	0.00469	0.00640	0.00479	0.00821
44	0.00664	0.00474	0.00633	0.00759	0.00791	0.00443	0.00506	0.00759	0.01044	0.01392	0.03005	0.80485	0.03606	0.01708	0.00696	0.00221	0.00316	0.01550	0.00506	0.00443
45	0.00644	0.00552	0.00552	0.00552	0.00736	0.00460	0.00414	0.00782	0.01243	0.01473	0.05523	0.05247	0.77218	0.01381	0.00644	0.00184	0.00276	0.01151	0.00506	0.00460
46	0.00738	0.00524	0.00662	0.00685	0.00755	0.00493	0.00467	0.00880	0.01201	0.01650	0.33788	0.28952	0.05932	0.19437	0.01145	0.00269	0.00339	0.01131	0.00505	0.00448
47	0.01096	0.01383	0.16796	0.44436	0.07509	0.04256	0.01487	0.01439	0.01083	0.01439	0.00970	0.01391	0.00761	0.00757	0.02827	0.06823	0.04208	0.00464	0.00244	0.00630
48	0.01301	0.01263	0.02044	0.02751	0.53810	0.01412	0.01524	0.01561	0.01115	0.01635	0.00929	0.01301	0.00818	0.00631	0.00928	0.00186	0.25268	0.00483	0.00260	0.00780
49	0.00750	0.00528	0.00686	0.00724	0.00761	0.00546	0.00483	0.00834	0.00892	0.01217	0.02030	0.26201	0.02292	0.35322	0.23728	0.00535	0.00730	0.00960	0.00372	0.00408
50	0.01287	0.01471	0.03217	0.02298	0.02849	0.01379	0.75460	0.01746	0.01287	0.01746	0.01103	0.01471	0.00827	0.00460	0.00643	0.00184	0.00919	0.00643	0.00276	0.00735
51	0.00672	0.00522	0.00612	0.00656	0.00770	0.00462	0.00467	0.00812	0.01211	0.01553	0.15831	0.35115	0.36430	0.01469	0.00665	0.00197	0.00289	0.01284	0.00521	0.00462
52	0.00947	0.00473	0.00710	0.00710	0.00710	0.00473	0.00473	0.00710	0.00710	0.00947	0.00947	0.01657	0.00947	0.01894	0.02131	0.84138	0.00473	0.00473	0.00237	0.00237
53	0.01030	0.00969	0.01635	0.79530	0.03755	0.01211	0.01514	0.01393	0.01090	0.01393	0.00969	0.01453	0.00727	0.00545	0.00545	0.00182	0.00727	0.00484	0.00242	0.00606
54	0.00659	0.00494	0.00613	0.00708	0.00777	0.00447	0.00483	0.00765	0.01093	0.01412	0.03633	0.61722	0.21963	0.01626	0.00683	0.00212	0.00306	0.01450	0.00506	0.00447
55	0.04798	0.00827	0.01061	0.00846	0.01192	0.00742	0.00690	0.02276	0.01436	0.56436	0.02012	0.01868	0.01336	0.00659	0.00500	0.00158	0.00410	0.00530	0.21410	0.00812
56	0.01356	0.01171	0.01233	0.01109	0.01418	0.01356	0.00863	0.02897	0.76455	0.02281	0.02219	0.02034	0.01664	0.00740	0.00555	0.00185	0.00431	0.00616	0.00555	0.00863
57	0.01356	0.01171	0.01233	0.01109	0.01418	0.01356	0.00863	0.02897	0.76455	0.02281	0.02219	0.02034	0.01664	0.00740	0.00555	0.00185	0.00431	0.00616	0.00555	0.00863
58	0.00793	0.00529	0.00595	0.00595	0.00595	0.00529	0.00330	0.00793	0.00793	0.01057	0.01718	0.03568	0.01982	0.80840	0.02775	0.00529	0.00529	0.00793	0.00330	0.00330
59	0.00664	0.00474	0.00633	0.00759	0.00791	0.00443	0.00506	0.00759	0.01044	0.01392	0.03005	0.80485	0.03606	0.01708	0.00696	0.00221	0.00316	0.01550	0.00506	0.00443
60	0.00787	0.00550	0.00704	0.00704	0.00742	0.00588	0.00467	0.00863	0.00825	0.01138	0.01617	0.03012	0.01741	0.50938	0.32347	0.00664	0.00892	0.00712	0.00315	0.00391
61	0.00793	0.00529	0.00595	0.00595	0.00595	0.00529	0.00330	0.00793	0.00793	0.01057	0.01718	0.03568	0.01982	0.80840	0.02775	0.00529	0.00529	0.00793	0.00330	0.00330
62	0.84691	0.01054	0.00801	0.00717	0.01054	0.01223	0.00590	0.01603	0.00928	0.02446	0.00759	0.00886	0.00590	0.00506	0.00337	0.00169	0.00422	0.00295	0.00337	0.00590
63	0.01571	0.01278	0.01354	0.01153	0.01499	0.01456	0.00915	0.24680	0.54322	0.02627	0.01946	0.01817	0.01443	0.00714	0.00552	0.00179	0.00482	0.00579	0.00552	0.00882

[dist]
# distance from previous block
# <min> <max>
0	1

[block]
# block no. 1 follows, 44 sequences, length 43
# corresponding to MSA columns:
# 72-114
name=unknown_B
#
# <colnr> <probs for GDERKNQSTAVLIFYWHMCP>
#	G	D	E	R	K	N	Q	S	T	A	V	L	I	F	Y	W	H	M	C	P
0	0.00726	0.00546	0.00615	0.00603	0.00715	0.00497	0.00417	0.00855	0.01189	0.01547	0.24636	0.04397	0.33627	0.25786	0.01300	0.00287	0.00349	0.00994	0.00479	0.00436
1	0.80986	0.01076	0.00839	0.00741	0.01083	0.01244	0.00610	0.04923	0.01001	0.02490	0.00784	0.00905	0.00606	0.00513	0.00347	0.00168	0.00430	0.00304	0.00347	0.00606
2	0.00701	0.00543	0.00568	0.00568	0.00682	0.00486	0.00382	0.00786	0.01071	0.01314	0.04067	0.04604	0.48442	0.31772	0.01459	0.00316	0.00373	0.01014	0.00439	0.00411
3	0.01993	0.01800	0.01553	0.01276	0.01650	0.25338	0.01015	0.42809	0.10379	0.04858	0.01291	0.01305	0.00952	0.00636	0.00530	0.00159	0.00695	0.00463	0.00469	0.00829
4	0.00793	0.00529	0.00595	0.00595	0.00595	0.00529	0.00330	0.00793	0.00793	0.01057	0.01718	0.03568	0.01982	0.80840	0.02775	0.00529	0.00529	0.00793	0.00330	0.00330
5	0.00747	0.00509	0.00608	0.00653	0.00664	0.00498	0.00392	0.00781	0.00881	0.01175	0.02172	0.30715	0.02555	0.52911	0.02041	0.00420	0.00454	0.01060	0.00392	0.00370
6	0.00793	0.00529	0.00595	0.00595	0.00595	0.00529	0.00330	0.00793	0.00793	0.01057	0.01718	0.03568	0.01982	0.80840	0.02775	0.00529	0.00529	0.00793	0.00330	0.00330
7	0.02037	0.02598	0.01545	0.01404	0.01685	0.78652	0.01053	0.02177	0.01545	0.01334	0.00843	0.00983	0.00702	0.00562	0.00492	0.00140	0.00983	0.00351	0.00281	0.00632
8	0.00854	0.00620	0.00845	0.00958	0.01089	0.00610	0.00831	0.01094	0.01254	0.01615	0.03157	0.06057	0.10739	0.01493	0.00742	0.00244	0.00479	0.66319	0.00502	0.00498
9	0.00722	0.00555	0.00660	0.00634	0.00784	0.00493	0.00475	0.00933	0.01426	0.01907	0.49161	0.04531	0.33309	0.01219	0.00644	0.00176	0.00265	0.01050	0.00563	0.00493
10	0.00793	0.00529	0.00595	0.00595	0.00595	0.00529	0.00330	0.00793	0.00793	0.01057	0.01718	0.03568	0.01982	0.80840	0.02775	0.00529	0.00529	0.00793	0.00330	0.00330
11	0.01356	0.01171	0.01233	0.01109	0.01418	0.01356	0.00863	0.02897	0.76455	0.02281	0.02219	0.02034	0.01664	0.00740	0.00555	0.00185	0.00431	0.00616	0.00555	0.00863
12	0.00783	0.00569	0.00799	0.00799	0.00869	0.00639	0.00585	0.00924	0.00853	0.01208	0.01531	0.02535	0.01534	0.25244	0.57758	0.00780	0.01203	0.00642	0.00303	0.00444
13	0.01030	0.00969	0.01635	0.79530	0.03755	0.01211	0.01514	0.01393	0.01090	0.01393	0.00969	0.01453	0.00727	0.00545	0.00545	0.00182	0.00727	0.00484	0.00242	0.00606
14	0.00779	0.00584	0.00876	0.00876	0.00974	0.00681	0.00681	0.00974	0.00876	0.01266	0.01460	0.02142	0.01363	0.04089	0.78680	0.00876	0.01460	0.00584	0.00292	0.00487
15	0.01016	0.00508	0.00508	0.00508	0.00635	0.00508	0.00381	0.01270	0.01143	0.02033	0.01778	0.02033	0.01397	0.00635	0.00381	0.00127	0.00254	0.00508	0.83867	0.00508
16	0.01030	0.00969	0.01635	0.79530	0.03755	0.01211	0.01514	0.01393	0.01090	0.01393	0.00969	0.01453	0.00727	0.00545	0.00545	0.00182	0.00727	0.00484	0.00242	0.00606
17	0.00879	0.00628	0.00879	0.01004	0.01130	0.00628	0.00879	0.01130	0.01255	0.01632	0.02887	0.06150	0.03138	0.01506	0.00753	0.00251	0.00502	0.73770	0.00502	0.00502
18	0.00664	0.00474	0.00633	0.00759	0.00791	0.00443	0.00506	0.00759	0.01044	0.01392	0.03005	0.80485	0.03606	0.01708	0.00696	0.00221	0.00316	0.01550	0.00506	0.00443
19	0.01093	0.02820	0.78016	0.01554	0.02360	0.01266	0.02014	0.01727	0.01151	0.01727	0.00978	0.01151	0.00691	0.00518	0.00518	0.00173	0.00806	0.00403	0.00230	0.00806
20	0.01226	0.31327	0.50669	0.01328	0.02010	0.01590	0.01621	0.01692	0.01135	0.01565	0.00898	0.01050	0.00694	0.00499	0.00457	0.00152	0.00725	0.00362	0.00231	0.00767
21	0.51918	0.01537	0.01107	0.00971	0.01305	0.22621	0.00772	0.10712	0.01296	0.02259	0.00849	0.00964	0.00662	0.00539	0.00405	0.00160	0.00598	0.00334	0.00347	0.00643
22	0.01918	0.01406	0.01510	0.01175	0.01558	0.01550	0.00951	0.66572	0.02349	0.03148	0.01358	0.01582	0.01055	0.10352	0.00815	0.00208	0.00591	0.00527	0.00519	0.00855
23	0.00793	0.00529	0.00595	0.00595	0.00595	0.00529	0.00330	0.00793	0.00793	0.01057	0.01718	0.03568	0.01982	0.80840	0.02775	0.00529	0.00529	0.00793	0.00330	0.00330
24	0.01030	0.00969	0.01635	0.79530	0.03755	0.01211	0.01514	0.01393	0.01090	0.01393	0.00969	0.01453	0.00727	0.00545	0.00545	0.00182	0.00727	0.00484	0.00242	0.00606
25	0.70888	0.10748	0.01069	0.00761	0.01112	0.01342	0.00644	0.01664	0.04337	0.02298	0.00824	0.00936	0.00652	0.00512	0.00349	0.00163	0.00442	0.00309	0.00335	0.00616
26	0.01050	0.00990	0.01673	0.74579	0.08544	0.01217	0.01524	0.01411	0.01100	0.01418	0.00973	0.01447	0.00736	0.00541	0.00545	0.00180	0.00722	0.00485	0.00244	0.00622
27	0.01986	0.01484	0.01587	0.01237	0.01658	0.01650	0.01015	0.66827	0.11499	0.03296	0.01419	0.01397	0.01016	0.00665	0.00547	0.00166	0.00580	0.00506	0.00547	0.00919
28	0.02146	0.01408	0.01563	0.01198	0.01631	0.01514	0.00990	0.61157	0.02364	0.18182	0.01476	0.01417	0.01011	0.00658	0.00546	0.00165	0.00573	0.00502	0.00571	0.00927
29	0.01458	0.81168	0.02857	0.00933	0.01399	0.02157	0.00933	0.01632	0.01108	0.01283	0.00758	0.00875	0.00700	0.00466	0.00350	0.00117	0.00583	0.00292	0.00233	0.00700
30	0.00793	0.00529	0.00595	0.00595	0.00595	0.00529	0.00330	0.00793	0.00793	0.01057	0.01718	0.03568	0.01982	0.80840	0.02775	0.00529	0.00529	0.00793	0.00330	0.00330
31	0.00767	0.00557	0.00723	0.00682	0.00812	0.00513	0.00511	0.01021	0.01533	0.02163	0.74827	0.04110	0.07483	0.01123	0.00643	0.00172	0.00258	0.00991	0.00597	0.00513
32	0.01017	0.00786	0.00982	0.01035	0.01213	0.00839	0.00874	0.01644	0.23135	0.01820	0.02692	0.04952	0.02709	0.01283	0.00695	0.00232	0.00481	0.52485	0.00517	0.00607
33	0.00879	0.00628	0.00879	0.01004	0.01130	0.00628	0.00879	0.01130	0.01255	0.01632	0.02887	0.06150	0.03138	0.01506	0.00753	0.00251	0.00502	0.73770	0.00502	0.00502
34	0.00793	0.00529	0.00595	0.00595	0.00595	0.00529	0.00330	0.00793	0.00793	0.01057	0.01718	0.03568	0.01982	0.80840	0.02775	0.00529	0.00529	0.00793	0.00330	0.00330
35	0.00675	0.00513	0.00624	0.00698	0.00791	0.00462	0.00495	0.00802	0.01151	0.01479	0.08291	0.47049	0.28186	0.01553	0.00678	0.00207	0.00309	0.05069	0.00512	0.00456
36	0.00793	0.00529	0.00595	0.00595	0.00595	0.00529	0.00330	0.00793	0.00793	0.01057	0.01718	0.03568	0.01982	0.80840	0.02775	0.00529	0.00529	0.00793	0.00330	0.00330
37	0.84691	0.01054	0.00801	0.00717	0.01054	0.01223	0.00590	0.01603	0.00928	0.02446	0.00759	0.00886	0.00590	0.00506	0.00337	0.00169	0.00422	0.00295	0.00337	0.00590
38	0.72859	0.01036	0.00868	0.00753	0.01103	0.01162	0.00621	0.01754	0.01019	0.13290	0.00959	0.01025	0.00700	0.00530	0.00368	0.00169	0.00428	0.00332	0.00386	0.00639
39	0.06425	0.00844	0.00967	0.00865	0.01098	0.00885	0.00666	0.01897	0.27317	0.11422	0.33981	0.02877	0.03054	0.04469	0.00677	0.00192	0.00365	0.00753	0.00565	0.00682
40	0.00689	0.00497	0.00653	0.00734	0.00794	0.00461	0.00505	0.00824	0.01170	0.01584	0.20779	0.59467	0.06709	0.01554	0.00681	0.00208	0.00301	0.01401	0.00529	0.00461
41	0.00819	0.00585	0.00811	0.00937	0.01036	0.00577	0.00776	0.01027	0.01197	0.01565	0.02919	0.26639	0.03267	0.01562	0.00737	0.00243	0.00451	0.53864	0.00503	0.00486
42	0.01148	0.00893	0.00990	0.00898	0.01145	0.00954	0.00694	0.02042	0.39930	0.06499	0.22807	0.03088	0.14767	0.00940	0.00592	0.00180	0.00362	0.00798	0.00566	0.00708

[dist]
# distance from previous block
# <min> <max>
2	20

[block]
# block no. 2 follows, 44 sequences, length 28
# corresponding to MSA columns:
# 136-163
name=unknown_C
#
# <colnr> <probs for GDERKNQSTAVLIFYWHMCP>
#	G	D	E	R	K	N	Q	S	T	A	V	L	I	F	Y	W	H	M	C	P
0	0.00844	0.00560	0.00698	0.00662	0.00753	0.00531	0.00455	0.01001	0.01258	0.04646	0.45529	0.03795	0.03794	0.31491	0.01452	0.00307	0.00369	0.00896	0.00500	0.00460
1	0.02051	0.02166	0.01582	0.01344	0.01688	0.47623	0.01046	0.31788	0.01955	0.02182	0.01031	0.01114	0.00793	0.00599	0.00513	0.00150	0.00829	0.00407	0.00388	0.00751
2	0.00664	0.00474	0.00633	0.00759	0.00791	0.00443	0.00506	0.00759	0.01044	0.01392	0.03005	0.80485	0.03606	0.01708	0.00696	0.00221	0.00316	0.01550	0.00506	0.00443
3	0.00928	0.00740	0.00861	0.00893	0.01030	0.00791	0.00642	0.01574	0.29792	0.01731	0.02705	0.50577	0.02866	0.01339	0.00642	0.00207	0.00360	0.01194	0.00525	0.00603
4	0.01008	0.00774	0.00838	0.00791	0.00908	0.00844	0.00533	0.01595	0.29637	0.01524	0.01909	0.02983	0.01861	0.50304	0.01928	0.00398	0.00492	0.00726	0.00416	0.00533
5	0.00803	0.00663	0.01015	0.30788	0.01921	0.00736	0.00890	0.01001	0.01061	0.01392	0.02229	0.50356	0.02508	0.01265	0.00638	0.00206	0.00473	0.01144	0.00405	0.00505
6	0.52699	0.00865	0.00774	0.00705	0.00963	0.00953	0.00561	0.01384	0.01162	0.02347	0.29882	0.02100	0.02326	0.00738	0.00454	0.00170	0.00359	0.00559	0.00438	0.00561
7	0.01311	0.01404	0.02834	0.02698	0.31285	0.01347	0.47330	0.01718	0.01269	0.01760	0.01073	0.01424	0.00841	0.00470	0.00604	0.00175	0.00816	0.00583	0.00273	0.00784
8	0.01968	0.01029	0.01419	0.01146	0.01407	0.01132	0.00951	0.02144	0.01284	0.48652	0.01604	0.01603	0.01108	0.00781	0.01021	0.00195	0.30725	0.00521	0.00508	0.00801
9	0.00744	0.00508	0.00609	0.00657	0.00669	0.00496	0.00397	0.00780	0.00888	0.01185	0.02208	0.32890	0.02601	0.50673	0.01982	0.00411	0.00448	0.01081	0.00397	0.00373
10	0.01294	0.01179	0.01399	0.01232	0.01423	0.01476	0.00989	0.02293	0.47627	0.01911	0.01646	0.01713	0.01303	0.00821	0.01025	0.00205	0.30705	0.00563	0.00434	0.00761
11	0.00701	0.00521	0.00654	0.00691	0.00789	0.00473	0.00491	0.00866	0.01273	0.01710	0.31761	0.36726	0.18504	0.01418	0.00666	0.00195	0.00286	0.01257	0.00542	0.00473
12	0.00931	0.00582	0.00737	0.00815	0.00941	0.00582	0.00689	0.01183	0.01212	0.01784	0.02464	0.04580	0.02474	0.01174	0.00611	0.00204	0.00407	0.45841	0.32283	0.00504
13	0.00657	0.00504	0.00602	0.00680	0.00770	0.00449	0.00471	0.00768	0.01120	0.01423	0.03965	0.51802	0.31669	0.01583	0.00676	0.00207	0.00301	0.01398	0.00506	0.00449
14	0.00992	0.00839	0.01295	0.01700	0.30026	0.00812	0.00956	0.01274	0.01428	0.02032	0.48131	0.03034	0.03512	0.00875	0.00604	0.00168	0.00406	0.00795	0.00474	0.00648
15	0.00728	0.00572	0.00753	0.00753	0.00883	0.00597	0.00580	0.00901	0.01016	0.01345	0.03009	0.03325	0.30281	0.03056	0.48931	0.00612	0.01009	0.00800	0.00374	0.00477
16	0.00723	0.00555	0.00661	0.00635	0.00785	0.00494	0.00476	0.00935	0.01429	0.01914	0.49845	0.04520	0.32620	0.01216	0.00644	0.00176	0.00264	0.01049	0.00564	0.00494
17	0.00839	0.00474	0.00681	0.00729	0.00741	0.00462	0.00486	0.00729	0.00837	0.01117	0.01731	0.31708	0.01961	0.01823	0.01584	0.52147	0.00414	0.00884	0.00339	0.00315
18	0.01799	0.01391	0.01482	0.01199	0.01587	0.01563	0.00970	0.47897	0.30732	0.02995	0.01656	0.01585	0.01208	0.00687	0.00549	0.00172	0.00536	0.00539	0.00549	0.00903
19	0.01030	0.00969	0.01635	0.79530	0.03755	0.01211	0.01514	0.01393	0.01090	0.01393	0.00969	0.01453	0.00727	0.00545	0.00545	0.00182	0.00727	0.00484	0.00242	0.00606
20	0.00939	0.00801	0.01238	0.49438	0.02550	0.00951	0.01063	0.01164	0.00977	0.01265	0.01254	0.02259	0.01205	0.31155	0.01395	0.00314	0.00651	0.00602	0.00276	0.00501
21	0.02037	0.02598	0.01545	0.01404	0.01685	0.78652	0.01053	0.02177	0.01545	0.01334	0.00843	0.00983	0.00702	0.00562	0.00492	0.00140	0.00983	0.00351	0.00281	0.00632
22	0.01130	0.00969	0.01130	0.00807	0.01292	0.00727	0.00646	0.01373	0.01130	0.01776	0.00969	0.01130	0.00807	0.00404	0.00404	0.00081	0.00404	0.00323	0.00323	0.84173
23	0.04432	0.00609	0.00666	0.00673	0.00794	0.00584	0.00473	0.05011	0.01141	0.01503	0.03422	0.20015	0.30931	0.22716	0.01213	0.00285	0.00387	0.04237	0.00454	0.00455
24	0.00867	0.00714	0.01070	0.30740	0.01933	0.00779	0.00893	0.01161	0.01362	0.01865	0.46195	0.03105	0.05386	0.00905	0.00606	0.00176	0.00437	0.00799	0.00461	0.00548
25	0.00961	0.00822	0.01211	0.28515	0.02037	0.00880	0.00965	0.01228	0.01019	0.01447	0.01156	0.01630	0.00991	0.01858	0.30294	0.00419	0.00920	0.00479	0.00283	0.22885
26	0.00797	0.00569	0.00785	0.00911	0.01000	0.00557	0.00737	0.00988	0.01174	0.01540	0.02932	0.34488	0.03316	0.01583	0.00731	0.00240	0.00431	0.46238	0.00504	0.00479
27	0.01559	0.01777	0.01295	0.01196	0.01414	0.45117	0.00911	0.05355	0.01340	0.01412	0.01101	0.01441	0.00965	0.01911	0.30301	0.00422	0.01146	0.00447	0.00298	0.00591

[dist]
# distance from previous block
# <min> <max>
0	6

[block]
# block no. 3 follows, 44 sequences, length 73
# corresponding to MSA columns:
# 170-193,197-243,246,247
name=unknown_D
#
# <colnr> <probs for GDERKNQSTAVLIFYWHMCP>
#	G	D	E	R	K	N	Q	S	T	A	V	L	I	F	Y	W	H	M	C	P
0	0.00784	0.00525	0.00597	0.00606	0.00608	0.00523	0.00342	0.00790	0.00810	0.01080	0.01806	0.08866	0.02094	0.75389	0.02632	0.00507	0.00514	0.00845	0.00342	0.00338
1	0.00784	0.00525	0.00597	0.00606	0.00608	0.00523	0.00342	0.00790	0.00810	0.01080	0.01806	0.08866	0.02094	0.75389	0.02632	0.00507	0.00514	0.00845	0.00342	0.00338
2	0.78928	0.01048	0.00859	0.06146	0.01240	0.01222	0.00654	0.01588	0.00939	0.02373	0.00774	0.00925	0.00600	0.00509	0.00352	0.00170	0.00443	0.00308	0.00331	0.00591
3	0.00765	0.00557	0.00732	0.00708	0.00832	0.00524	0.00534	0.01005	0.01450	0.02035	0.62697	0.07782	0.07758	0.01373	0.06025	0.00226	0.00352	0.03570	0.00567	0.00506
4	0.00705	0.00501	0.00667	0.00785	0.00828	0.00476	0.00550	0.00817	0.01058	0.01405	0.02898	0.64006	0.03423	0.07129	0.00848	0.00247	0.00359	0.12360	0.00493	0.00444
5	0.01949	0.02458	0.01489	0.01355	0.01625	0.73269	0.01016	0.02098	0.01545	0.01393	0.06099	0.01196	0.01008	0.00600	0.00502	0.00143	0.00933	0.00395	0.00303	0.00624
6	0.00816	0.00559	0.00632	0.00609	0.00643	0.00542	0.00352	0.00833	0.00816	0.01107	0.01666	0.03400	0.01901	0.75299	0.02612	0.00498	0.00520	0.00760	0.00330	0.06106
7	0.01299	0.06961	0.03192	0.02204	0.02749	0.01432	0.70326	0.01738	0.01274	0.01714	0.01079	0.01430	0.00818	0.00460	0.00623	0.00179	0.00896	0.00619	0.00273	0.00733
8	0.02446	0.00928	0.01265	0.00970	0.01392	0.00801	0.00801	0.02657	0.01560	0.77817	0.02151	0.01856	0.01350	0.00675	0.00548	0.00169	0.00464	0.00548	0.00675	0.00928
9	0.01130	0.00969	0.01130	0.00807	0.01292	0.00727	0.00646	0.01373	0.01130	0.01776	0.00969	0.01130	0.00807	0.00404	0.00404	0.00081	0.00404	0.00323	0.00323	0.84173
10	0.00779	0.00584	0.00876	0.00876	0.00974	0.00681	0.00681	0.00974	0.00876	0.01266	0.01460	0.02142	0.01363	0.04089	0.78680	0.00876	0.01460	0.00584	0.00292	0.00487
11	0.00664	0.00474	0.00633	0.00759	0.00791	0.00443	0.00506	0.00759	0.01044	0.01392	0.03005	0.80485	0.03606	0.01708	0.00696	0.00221	0.00316	0.01550	0.00506	0.00443
12	0.01130	0.00969	0.01130	0.00807	0.01292	0.00727	0.00646	0.01373	0.01130	0.01776	0.00969	0.01130	0.00807	0.00404	0.00404	0.00081	0.00404	0.00323	0.00323	0.84173
13	0.00947	0.00473	0.00710	0.00710	0.00710	0.00473	0.00473	0.00710	0.00710	0.00947	0.00947	0.01657	0.00947	0.01894	0.02131	0.84138	0.00473	0.00473	0.00237	0.00237
14	0.00772	0.00557	0.00729	0.00686	0.00814	0.00514	0.00514	0.01029	0.01543	0.02186	0.77152	0.04072	0.05144	0.01115	0.00643	0.00171	0.00257	0.00986	0.00600	0.00514
15	0.00664	0.00474	0.00633	0.00759	0.00791	0.00443	0.00506	0.00759	0.01044	0.01392	0.03005	0.80485	0.03606	0.01708	0.00696	0.00221	0.00316	0.01550	0.00506	0.00443
16	0.00684	0.00488	0.00655	0.00782	0.00822	0.00460	0.00540	0.00793	0.01063	0.01414	0.02994	0.73671	0.03563	0.01689	0.00701	0.00224	0.00333	0.08170	0.00506	0.00448
17	0.29573	0.00744	0.00663	0.00616	0.00829	0.00809	0.00484	0.05003	0.01139	0.02242	0.01408	0.01607	0.01100	0.00592	0.00374	0.00143	0.00328	0.00435	0.51355	0.00557
18	0.00929	0.00516	0.00542	0.00542	0.00619	0.00516	0.00361	0.01084	0.01007	0.01653	0.01755	0.02630	0.01625	0.31863	0.01313	0.00283	0.00361	0.00619	0.51342	0.00439
19	0.02023	0.01502	0.01608	0.01244	0.01672	0.01667	0.01024	0.70572	0.07694	0.03356	0.01372	0.01359	0.00978	0.00660	0.00546	0.00165	0.00588	0.00500	0.00546	0.00923
20	0.00852	0.00618	0.00832	0.00884	0.01016	0.00607	0.00736	0.01147	0.03772	0.01868	0.31780	0.05209	0.03872	0.01329	0.00704	0.00218	0.00404	0.43093	0.00542	0.00518
21	0.00651	0.00526	0.00580	0.00623	0.00755	0.00454	0.00446	0.00774	0.01175	0.01445	0.04665	0.30877	0.52141	0.01492	0.00662	0.00197	0.00290	0.01287	0.00506	0.00454
22	0.00657	0.00501	0.00605	0.00689	0.00772	0.00449	0.00475	0.00767	0.01112	0.01419	0.03863	0.54854	0.28683	0.01597	0.00678	0.00209	0.00303	0.01414	0.00506	0.00449
23	0.82394	0.01051	0.00814	0.00724	0.01064	0.01211	0.00596	0.01632	0.00945	0.04552	0.00798	0.00913	0.00612	0.00511	0.00343	0.00169	0.00423	0.00302	0.00347	0.00600
24	0.02037	0.02598	0.01545	0.01404	0.01685	0.78652	0.01053	0.02177	0.01545	0.01334	0.00843	0.00983	0.00702	0.00562	0.00492	0.00140	0.00983	0.00351	0.00281	0.00632
25	0.01356	0.01171	0.01233	0.01109	0.01418	0.01356	0.00863	0.02897	0.76455	0.02281	0.02219	0.02034	0.01664	0.00740	0.00555	0.00185	0.00431	0.00616	0.00555	0.00863
26	0.00692	0.00554	0.00618	0.00602	0.00766	0.00481	0.00452	0.00875	0.01355	0.01740	0.32375	0.04806	0.50199	0.01281	0.00644	0.00179	0.00269	0.01089	0.00541	0.00481
27	0.00947	0.00473	0.00710	0.00710	0.00710	0.00473	0.00473	0.00710	0.00710	0.00947	0.00947	0.01657	0.00947	0.01894	0.02131	0.84138	0.00473	0.00473	0.00237	0.00237
28	0.00769	0.00555	0.00727	0.00688	0.00814	0.00513	0.00514	0.01023	0.01532	0.02168	0.75429	0.05848	0.05108	0.01128	0.00644	0.00173	0.00259	0.00999	0.00598	0.00513
29	0.01458	0.81168	0.02857	0.00933	0.01399	0.02157	0.00933	0.01632	0.01108	0.01283	0.00758	0.00875	0.00700	0.00466	0.00350	0.00117	0.00583	0.00292	0.00233	0.00700
30	0.00683	0.00523	0.00626	0.00665	0.00777	0.00467	0.00474	0.00833	0.01238	0.01615	0.21957	0.34255	0.31035	0.01443	0.00664	0.00196	0.00287	0.01266	0.00529	0.00467
31	0.00677	0.00560	0.00598	0.00605	0.00779	0.00480	0.00465	0.00836	0.01271	0.01553	0.11850	0.05221	0.63901	0.01368	0.00654	0.00189	0.00295	0.07714	0.00514	0.00469
32	0.84691	0.01054	0.00801	0.00717	0.01054	0.01223	0.00590	0.01603	0.00928	0.02446	0.00759	0.00886	0.00590	0.00506	0.00337	0.00169	0.00422	0.00295	0.00337	0.00590
33	0.00799	0.00602	0.00767	0.00850	0.00996	0.00571	0.00720	0.01011	0.01251	0.01577	0.03785	0.05842	0.28374	0.01463	0.00716	0.00228	0.00425	0.49031	0.00503	0.00488
34	0.52017	0.00864	0.00772	0.00714	0.00972	0.00950	0.00574	0.01372	0.01139	0.02283	0.23421	0.02284	0.05753	0.00775	0.00462	0.00174	0.00371	0.04115	0.00430	0.00558
35	0.00772	0.00557	0.00729	0.00686	0.00814	0.00514	0.00514	0.01029	0.01543	0.02186	0.77152	0.04072	0.05144	0.01115	0.00643	0.00171	0.00257	0.00986	0.00600	0.00514
36	0.84691	0.01054	0.00801	0.00717	0.01054	0.01223	0.00590	0.01603	0.00928	0.02446	0.00759	0.00886	0.00590	0.00506	0.00337	0.00169	0.00422	0.00295	0.00337	0.00590
37	0.01193	0.01193	0.01670	0.01431	0.01431	0.01670	0.01193	0.01312	0.00835	0.01312	0.00716	0.01193	0.00716	0.00954	0.01789	0.00239	0.79843	0.00477	0.00239	0.00596
38	0.00759	0.00643	0.00668	0.00660	0.00850	0.00601	0.00494	0.01116	0.13156	0.01593	0.04761	0.11839	0.58284	0.01310	0.00635	0.00188	0.00305	0.01104	0.00514	0.00522
39	0.00779	0.00584	0.00876	0.00876	0.00974	0.00681	0.00681	0.00974	0.00876	0.01266	0.01460	0.02142	0.01363	0.04089	0.78680	0.00876	0.01460	0.00584	0.00292	0.00487
40	0.00779	0.00582	0.00867	0.00867	0.00961	0.00677	0.00670	0.00968	0.00874	0.01259	0.01469	0.02187	0.01383	0.06543	0.76253	0.00865	0.01430	0.00591	0.00293	0.00482
41	0.00785	0.00539	0.00644	0.00628	0.00676	0.00523	0.00398	0.00880	0.01069	0.01473	0.29522	0.03754	0.03148	0.51454	0.01989	0.00397	0.00429	0.00864	0.00430	0.00398
42	0.00664	0.00474	0.00633	0.00759	0.00791	0.00443	0.00506	0.00759	0.01044	0.01392	0.03005	0.80485	0.03606	0.01708	0.00696	0.00221	0.00316	0.01550	0.00506	0.00443
43	0.01093	0.02820	0.78016	0.01554	0.02360	0.01266	0.02014	0.01727	0.01151	0.01727	0.00978	0.01151	0.00691	0.00518	0.00518	0.00173	0.00806	0.00403	0.00230	0.00806
44	0.01458	0.81168	0.02857	0.00933	0.01399	0.02157	0.00933	0.01632	0.01108	0.01283	0.00758	0.00875	0.00700	0.00466	0.00350	0.00117	0.00583	0.00292	0.00233	0.00700
45	0.00772	0.00557	0.00729	0.00686	0.00814	0.00514	0.00514	0.01029	0.01543	0.02186	0.77152	0.04072	0.05144	0.01115	0.00643	0.00171	0.00257	0.00986	0.00600	0.00514
46	0.00755	0.00534	0.00703	0.00735	0.00778	0.00561	0.00498	0.00848	0.00886	0.01215	0.01953	0.22528	0.02175	0.33800	0.28968	0.00573	0.00803	0.00911	0.00361	0.00414
47	0.01130	0.00969	0.01130	0.00807	0.01292	0.00727	0.00646	0.01373	0.01130	0.01776	0.00969	0.01130	0.00807	0.00404	0.00404	0.00081	0.00404	0.00323	0.00323	0.84173
48	0.01530	0.04993	0.01468	0.01218	0.01480	0.31569	0.06420	0.03822	0.20725	0.01606	0.01389	0.01789	0.01208	0.15836	0.00972	0.00230	0.02200	0.00529	0.00364	0.00652
49	0.01057	0.01106	0.02262	0.01724	0.02089	0.01034	0.47829	0.01383	0.01204	0.01618	0.01884	0.28189	0.04205	0.00909	0.00661	0.00196	0.00696	0.00965	0.00361	0.00628
50	0.01568	0.01163	0.01410	0.16663	0.01921	0.01203	0.00977	0.28907	0.05138	0.09292	0.01451	0.01541	0.04127	0.00605	0.00514	0.00149	0.00542	0.00486	0.00439	0.21905
51	0.24726	0.02103	0.01345	0.03394	0.01570	0.53371	0.00939	0.03750	0.01387	0.01692	0.00834	0.00977	0.00678	0.00548	0.00452	0.00150	0.00813	0.00343	0.00302	0.00627
52	0.84691	0.01054	0.00801	0.00717	0.01054	0.01223	0.00590	0.01603	0.00928	0.02446	0.00759	0.00886	0.00590	0.00506	0.00337	0.00169	0.00422	0.00295	0.00337	0.00590
53	0.00816	0.00584	0.00826	0.00863	0.00959	0.00638	0.00683	0.01008	0.00989	0.01386	0.01929	0.05287	0.01966	0.10527	0.44294	0.00619	0.01021	0.20701	0.04427	0.00476
54	0.01195	0.01140	0.01924	0.38412	0.40261	0.01272	0.01580	0.01529	0.01155	0.01582	0.00986	0.01391	0.00794	0.00533	0.00595	0.00174	0.04003	0.00485	0.00256	0.00733
55	0.00693	0.00501	0.00633	0.00714	0.00770	0.00467	0.00483	0.00799	0.01085	0.01436	0.09822	0.53460	0.11960	0.11625	0.00950	0.00252	0.00338	0.03081	0.00492	0.00438
56	0.00656	0.00507	0.00599	0.00674	0.00768	0.00450	0.00468	0.00769	0.01126	0.01425	0.04045	0.49398	0.34021	0.01573	0.00675	0.00206	0.00300	0.01385	0.00506	0.00450
57	0.01313	0.01251	0.02127	0.05077	0.71910	0.01255	0.01613	0.01635	0.01252	0.01791	0.04730	0.01484	0.01069	0.00518	0.00545	0.00163	0.00631	0.00510	0.00285	0.00840
58	0.01356	0.01171	0.01233	0.01109	0.01418	0.01356	0.00863	0.02897	0.76455	0.02281	0.02219	0.02034	0.01664	0.00740	0.00555	0.00185	0.00431	0.00616	0.00555	0.00863
59	0.01130	0.00969	0.01130	0.00807	0.01292	0.00727	0.00646	0.01373	0.01130	0.01776	0.00969	0.01130	0.00807	0.00404	0.00404	0.00081	0.00404	0.00323	0.00323	0.84173
60	0.01102	0.01096	0.01469	0.24617	0.02101	0.11145	0.07793	0.01353	0.01059	0.01356	0.01138	0.01666	0.00991	0.03503	0.29506	0.00445	0.08296	0.00524	0.00270	0.00571
61	0.00748	0.00536	0.00582	0.00582	0.00637	0.00508	0.00355	0.00790	0.00927	0.01181	0.02855	0.04069	0.24459	0.57102	0.02138	0.00426	0.00453	0.00900	0.00383	0.00369
62	0.00664	0.00474	0.00633	0.00759	0.00791	0.00443	0.00506	0.00759	0.01044	0.01392	0.03005	0.80485	0.03606	0.01708	0.00696	0.00221	0.00316	0.01550	0.00506	0.00443
63	0.01349	0.01295	0.02213	0.03346	0.77440	0.01295	0.01673	0.01673	0.01241	0.01781	0.01025	0.01349	0.00864	0.00486	0.00540	0.00162	0.00648	0.00486	0.00270	0.00864
64	0.00891	0.00783	0.01105	0.33643	0.02069	0.04053	0.00951	0.01126	0.01164	0.01517	0.13937	0.31941	0.02529	0.01080	0.00616	0.00193	0.00506	0.00965	0.00402	0.00530
65	0.00661	0.00486	0.00621	0.00728	0.00783	0.00445	0.00492	0.00763	0.01074	0.01404	0.03383	0.69184	0.14663	0.01659	0.00688	0.00216	0.00310	0.01490	0.00506	0.00445
66	0.00793	0.00529	0.00595	0.00595	0.00595	0.00529	0.00330	0.00793	0.00793	0.01057	0.01718	0.03568	0.01982	0.80840	0.02775	0.00529	0.00529	0.00793	0.00330	0.00330
67	0.01811	0.33189	0.02056	0.01221	0.01574	0.48869	0.01006	0.01965	0.01375	0.01314	0.00810	0.00941	0.00701	0.00525	0.00436	0.00131	0.00827	0.00328	0.00262	0.00658
68	0.01093	0.02820	0.78016	0.01554	0.02360	0.01266	0.02014	0.01727	0.01151	0.01727	0.00978	0.01151	0.00691	0.00518	0.00518	0.00173	0.00806	0.00403	0.00230	0.00806
69	0.01300	0.01105	0.01422	0.01214	0.01321	0.05066	0.00994	0.01461	0.01095	0.10376	0.14859	0.01783	0.01601	0.00909	0.01314	0.00207	0.48922	0.00566	0.00361	0.04124
70	0.00969	0.00834	0.04551	0.00770	0.01036	0.00721	0.00635	0.01430	0.16330	0.07103	0.06951	0.03951	0.44889	0.01108	0.00605	0.00179	0.00357	0.02650	0.00510	0.04421
71	0.01194	0.23320	0.54558	0.01385	0.02062	0.01520	0.01690	0.01682	0.01124	0.01590	0.00908	0.01080	0.00694	0.00526	0.00536	0.00161	0.04595	0.00377	0.00231	0.00768
72	0.01325	0.28533	0.02072	0.38708	0.02599	0.12414	0.02763	0.01590	0.01159	0.01353	0.00877	0.01186	0.00716	0.00527	0.00497	0.00155	0.02235	0.00403	0.00245	0.00644

[dist]
# distance from previous block
# <min> <max>
0	1

[block]
# block no. 4 follows, 44 sequences, length 19
# corresponding to MSA columns:
# 249-255,257-261,264-270
name=unknown_E
#
# <colnr> <probs for GDERKNQSTAVLIFYWHMCP>
#	G	D	E	R	K	N	Q	S	T	A	V	L	I	F	Y	W	H	M	C	P
0	0.01926	0.08973	0.06794	0.01376	0.01708	0.67256	0.01108	0.02103	0.01483	0.01356	0.00845	0.00986	0.00701	0.00551	0.00482	0.00141	0.00939	0.00350	0.00274	0.00649
1	0.00799	0.00626	0.00882	0.00860	0.00953	0.00722	0.00664	0.00971	0.00935	0.01316	0.05073	0.02574	0.09606	0.08651	0.55502	0.00696	0.07693	0.00667	0.00326	0.00483
2	0.01186	0.01362	0.07373	0.01670	0.02134	0.04739	0.41282	0.01570	0.01316	0.01816	0.15849	0.01881	0.01649	0.00587	0.00592	0.00163	0.00709	0.00632	0.00343	0.13147
3	0.01947	0.00965	0.01222	0.00937	0.01365	0.00838	0.00762	0.02307	0.09315	0.47637	0.01812	0.01662	0.01224	0.00602	0.00507	0.00145	0.00443	0.00490	0.00559	0.25259
4	0.01185	0.00668	0.00880	0.00824	0.01010	0.00597	0.00611	0.02764	0.01155	0.17468	0.02188	0.35804	0.02260	0.01302	0.00837	0.12717	0.00398	0.04379	0.00476	0.12475
5	0.01394	0.00876	0.01087	0.00833	0.01228	0.00705	0.00669	0.01631	0.01316	0.21158	0.14805	0.01974	0.01777	0.00629	0.00492	0.00124	0.00396	0.02523	0.00466	0.45917
6	0.13623	0.02459	0.62021	0.01428	0.02144	0.01247	0.03592	0.01740	0.01135	0.04416	0.00989	0.01143	0.00701	0.00520	0.00495	0.00172	0.00740	0.00398	0.00262	0.00776
7	0.01442	0.77867	0.06024	0.00959	0.01440	0.02120	0.00978	0.01636	0.01110	0.01301	0.00767	0.00886	0.00699	0.00469	0.00357	0.00119	0.00592	0.00296	0.00233	0.00704
8	0.01080	0.01067	0.01943	0.64514	0.03579	0.01244	0.15892	0.01462	0.01128	0.01462	0.00995	0.01457	0.00746	0.00528	0.00564	0.00182	0.00764	0.00515	0.00249	0.00631
9	0.01130	0.00969	0.01130	0.00807	0.01292	0.00727	0.00646	0.01373	0.01130	0.01776	0.00969	0.01130	0.00807	0.00404	0.00404	0.00081	0.00404	0.00323	0.00323	0.84173
10	0.77781	0.01009	0.00777	0.00700	0.01020	0.01164	0.00573	0.01575	0.00946	0.02412	0.00843	0.00980	0.00657	0.00517	0.00341	0.00165	0.00408	0.00313	0.07236	0.00584
11	0.77781	0.01009	0.00777	0.00700	0.01020	0.01164	0.00573	0.01575	0.00946	0.02412	0.00843	0.00980	0.00657	0.00517	0.00341	0.00165	0.00408	0.00313	0.07236	0.00584
12	0.00791	0.00537	0.00637	0.00637	0.00651	0.00551	0.00383	0.00820	0.00805	0.01088	0.01679	0.03355	0.01890	0.69383	0.14105	0.00580	0.00668	0.00762	0.00325	0.00354
13	0.01546	0.01762	0.01370	0.01210	0.01468	0.39753	0.00940	0.01712	0.01297	0.01453	0.01127	0.06094	0.01075	0.00722	0.00697	0.00155	0.12553	0.05767	0.00313	0.18986
14	0.00947	0.00473	0.00710	0.00710	0.00710	0.00473	0.00473	0.00710	0.00710	0.00947	0.00947	0.01657	0.00947	0.01894	0.02131	0.84138	0.00473	0.00473	0.00237	0.00237
15	0.68425	0.01038	0.00963	0.16041	0.01579	0.01221	0.00770	0.01562	0.00959	0.02241	0.00800	0.00996	0.00617	0.00514	0.00378	0.00171	0.00481	0.00332	0.00319	0.00593
16	0.44710	0.02945	0.06311	0.19846	0.01852	0.01181	0.00948	0.01718	0.01080	0.13368	0.01032	0.01185	0.00746	0.00541	0.00431	0.00171	0.00531	0.00386	0.00355	0.00661
17	0.01344	0.25064	0.36439	0.06572	0.02024	0.14523	0.01470	0.01735	0.01211	0.01523	0.02882	0.01140	0.00814	0.00528	0.00470	0.00152	0.00752	0.00383	0.00250	0.00725
18	0.30642	0.03602	0.25694	0.01199	0.01667	0.16266	0.04656	0.01704	0.01147	0.01872	0.01012	0.06369	0.00860	0.00598	0.00464	0.00168	0.00673	0.00441	0.00298	0.00666

[dist]
# distance from previous block
# <min> <max>
0	39

# created by:
# /st0/software/busco_prod/Augustus/scripts/msa2prfl.pl ./align_prep/53126.fa
