[name]
unknown

[dist]
# distance from previous block
# <min> <max>
34	326

[block]
# block no. 0 follows, 49 sequences, length 16
# corresponding to MSA columns:
# 353-368
name=unknown_A
#
# <colnr> <probs for GDERKNQSTAVLIFYWHMCP>
#	G	D	E	R	K	N	Q	S	T	A	V	L	I	F	Y	W	H	M	C	P
0	0.13602	0.22542	0.03736	0.03837	0.03781	0.15019	0.02539	0.14210	0.04588	0.10179	0.01023	0.01089	0.00780	0.00517	0.00424	0.00140	0.00587	0.00370	0.00344	0.00692
1	0.06012	0.11575	0.12136	0.03609	0.12199	0.02947	0.12023	0.07859	0.09717	0.07791	0.01191	0.04226	0.00946	0.00552	0.00504	0.00153	0.02109	0.00475	0.00333	0.03642
2	0.01344	0.03811	0.03854	0.15491	0.06482	0.15740	0.24678	0.03274	0.02901	0.06616	0.03897	0.01347	0.00920	0.00516	0.00549	0.00155	0.02998	0.00482	0.00296	0.04651
3	0.02976	0.01270	0.01829	0.09501	0.38590	0.07427	0.07457	0.10195	0.01270	0.01749	0.00945	0.01205	0.00765	0.00493	0.00550	0.00149	0.04699	0.00436	0.00283	0.08211
4	0.01320	0.01150	0.01675	0.02063	0.40766	0.03789	0.04076	0.09875	0.01283	0.05951	0.01174	0.02880	0.02847	0.00592	0.02498	0.00155	0.00569	0.00464	0.00319	0.16556
5	0.01469	0.04339	0.01525	0.04663	0.19522	0.09059	0.01042	0.08979	0.13726	0.12426	0.03312	0.01408	0.01050	0.00597	0.00623	0.00156	0.09858	0.00462	0.00375	0.05410
6	0.01446	0.01295	0.01760	0.07479	0.39719	0.10965	0.05079	0.04529	0.10546	0.10388	0.01190	0.01349	0.00914	0.00515	0.00503	0.00153	0.00612	0.00464	0.00333	0.00761
7	0.02942	0.01166	0.03378	0.01044	0.01394	0.05935	0.05650	0.13951	0.24701	0.06628	0.01529	0.08477	0.01254	0.00644	0.00491	0.00146	0.00481	0.00541	0.00425	0.19221
8	0.01496	0.01039	0.01316	0.01163	0.06740	0.03046	0.05914	0.23632	0.05511	0.17046	0.06667	0.13640	0.03622	0.00766	0.00532	0.00158	0.00477	0.00660	0.00472	0.06102
9	0.01255	0.01092	0.01754	0.01284	0.01717	0.00987	0.27357	0.11462	0.01307	0.06621	0.02835	0.04253	0.03082	0.00520	0.00498	0.00132	0.00560	0.00510	0.00348	0.32427
10	0.01225	0.01175	0.02005	0.09989	0.72394	0.01195	0.01539	0.01529	0.01139	0.01620	0.00947	0.01260	0.00790	0.00455	0.00501	0.00152	0.00607	0.00450	0.00248	0.00780
11	0.00621	0.00513	0.00544	0.00537	0.00697	0.00437	0.00402	0.00770	0.01207	0.01496	0.19548	0.04653	0.64363	0.01232	0.00597	0.00168	0.00253	0.01037	0.00487	0.00437
12	0.01258	0.01086	0.01143	0.01029	0.01315	0.01258	0.00800	0.02687	0.78161	0.02115	0.02058	0.01887	0.01544	0.00686	0.00515	0.00172	0.00400	0.00572	0.00515	0.00800
13	0.00616	0.00440	0.00587	0.00704	0.00733	0.00411	0.00469	0.00704	0.00968	0.01291	0.02787	0.81899	0.03344	0.01584	0.00645	0.00205	0.00293	0.01438	0.00469	0.00411
14	0.00636	0.00512	0.00569	0.00575	0.00722	0.00445	0.00433	0.00790	0.01199	0.01508	0.20395	0.10373	0.53533	0.01257	0.00606	0.00174	0.00266	0.05081	0.00488	0.00438
15	0.12774	0.04794	0.02117	0.01524	0.01931	0.01312	0.36501	0.14548	0.01331	0.09448	0.01061	0.01253	0.00786	0.00523	0.00617	0.00166	0.07786	0.00493	0.00337	0.00699

[dist]
# distance from previous block
# <min> <max>
3	4

[block]
# block no. 1 follows, 49 sequences, length 24
# corresponding to MSA columns:
# 373-396
name=unknown_B
#
# <colnr> <probs for GDERKNQSTAVLIFYWHMCP>
#	G	D	E	R	K	N	Q	S	T	A	V	L	I	F	Y	W	H	M	C	P
0	0.00763	0.00581	0.00724	0.00756	0.00892	0.00563	0.00613	0.02809	0.03233	0.01601	0.17236	0.10615	0.24545	0.01266	0.00653	0.00196	0.01616	0.30384	0.00482	0.00472
1	0.01613	0.01368	0.06374	0.01151	0.01532	0.02552	0.03459	0.48719	0.16089	0.02672	0.03378	0.03135	0.02582	0.00666	0.00519	0.00160	0.00534	0.02222	0.00476	0.00797
2	0.00660	0.00515	0.00599	0.00578	0.00721	0.00454	0.00434	0.00847	0.01301	0.01718	0.44268	0.04288	0.39505	0.01150	0.00597	0.00165	0.00247	0.00986	0.00516	0.00454
3	0.01026	0.00855	0.00938	0.00863	0.01086	0.00936	0.00667	0.01958	0.46832	0.01995	0.23514	0.02823	0.10853	0.00863	0.00551	0.00169	0.00342	0.02546	0.00520	0.00663
4	0.01494	0.01405	0.01230	0.01093	0.01384	0.20130	0.00846	0.05725	0.52263	0.06267	0.01713	0.01615	0.01284	0.00640	0.00500	0.00160	0.00531	0.00504	0.00460	0.00755
5	0.00648	0.00460	0.00609	0.00716	0.00753	0.00436	0.00494	0.00744	0.00970	0.01290	0.02677	0.67105	0.03173	0.08185	0.00810	0.00232	0.00328	0.09506	0.00456	0.00408
6	0.01137	0.25874	0.49290	0.01439	0.09645	0.01419	0.01543	0.01571	0.01064	0.01486	0.00852	0.01011	0.00659	0.00463	0.00437	0.00144	0.00672	0.00351	0.00218	0.00724
7	0.01049	0.04487	0.66340	0.01528	0.02233	0.01211	0.12947	0.01602	0.01085	0.01594	0.00919	0.01105	0.00659	0.00471	0.00494	0.00160	0.00758	0.00404	0.00220	0.00735
8	0.02269	0.00861	0.01174	0.00900	0.01291	0.00743	0.00743	0.02464	0.01447	0.79425	0.01995	0.01721	0.01252	0.00626	0.00509	0.00156	0.00430	0.00509	0.00626	0.00861
9	0.02791	0.01160	0.02266	0.10723	0.17254	0.01141	0.41380	0.01505	0.02780	0.01665	0.10917	0.01648	0.01285	0.00523	0.00561	0.00165	0.00687	0.00586	0.00296	0.00666
10	0.01349	0.01362	0.01935	0.05360	0.63719	0.11948	0.01451	0.03894	0.01222	0.01630	0.00934	0.01207	0.00778	0.00467	0.00495	0.00148	0.00644	0.00434	0.00259	0.00766
11	0.00611	0.00472	0.00558	0.00623	0.00713	0.00419	0.00434	0.00719	0.01055	0.01339	0.05532	0.48272	0.34552	0.01446	0.00625	0.00190	0.00277	0.01272	0.00472	0.00419
12	0.02184	0.00997	0.01258	0.00964	0.01359	0.00946	0.00797	0.20870	0.01676	0.60696	0.01803	0.01597	0.01155	0.00621	0.00508	0.00155	0.00461	0.00495	0.00596	0.00860
13	0.01350	0.07928	0.07294	0.02511	0.54670	0.14518	0.01423	0.01631	0.01183	0.01542	0.00900	0.01147	0.00753	0.00463	0.00478	0.00144	0.00658	0.00410	0.00247	0.00749
14	0.00980	0.00924	0.01562	0.74475	0.09827	0.01130	0.01417	0.01314	0.01023	0.01322	0.00903	0.01340	0.00685	0.00501	0.00505	0.00167	0.00668	0.00449	0.00227	0.00582
15	0.01015	0.00996	0.01511	0.75883	0.03359	0.06213	0.01377	0.01339	0.01038	0.01288	0.00891	0.01320	0.00673	0.00507	0.00502	0.00166	0.00689	0.00441	0.00227	0.00563
16	0.01520	0.14559	0.25201	0.01295	0.01768	0.26316	0.06051	0.11082	0.01362	0.04970	0.00928	0.01044	0.00707	0.00504	0.00460	0.00142	0.00737	0.00373	0.00285	0.00696
17	0.00654	0.00467	0.00631	0.00748	0.00794	0.00444	0.00536	0.00770	0.01006	0.01334	0.02766	0.67251	0.03261	0.01548	0.00656	0.00211	0.00326	0.15709	0.00469	0.00421
18	0.01170	0.01157	0.01818	0.02095	0.33475	0.01394	0.04562	0.01373	0.00948	0.01414	0.00798	0.01177	0.00725	0.00686	0.01135	0.00190	0.44534	0.00452	0.00235	0.00661
19	0.00615	0.00445	0.00582	0.00692	0.00730	0.00412	0.00464	0.00705	0.00980	0.01296	0.02937	0.76941	0.08205	0.01565	0.00642	0.00203	0.00291	0.01414	0.00469	0.00412
20	0.00679	0.00503	0.00637	0.00655	0.00762	0.00461	0.00487	0.00862	0.01250	0.01693	0.41457	0.22719	0.17306	0.01238	0.00617	0.00178	0.00273	0.07256	0.00513	0.00452
21	0.01244	0.01271	0.01919	0.27693	0.33017	0.10159	0.11707	0.04103	0.01186	0.01537	0.00934	0.01258	0.00741	0.00478	0.00510	0.00157	0.00692	0.00456	0.00253	0.00686
22	0.00705	0.00587	0.00837	0.00777	0.00926	0.00536	0.08157	0.00904	0.02723	0.01543	0.21827	0.28993	0.27117	0.01221	0.00611	0.00179	0.00327	0.01092	0.00470	0.00467
23	0.02698	0.02610	0.13524	0.01361	0.01751	0.08187	0.24783	0.03066	0.12718	0.01756	0.15774	0.02013	0.04215	0.00652	0.00546	0.00163	0.00612	0.02560	0.00362	0.00649

[dist]
# distance from previous block
# <min> <max>
3	5

[block]
# block no. 2 follows, 49 sequences, length 21
# corresponding to MSA columns:
# 402-422
name=unknown_C
#
# <colnr> <probs for GDERKNQSTAVLIFYWHMCP>
#	G	D	E	R	K	N	Q	S	T	A	V	L	I	F	Y	W	H	M	C	P
0	0.01319	0.01116	0.01178	0.01041	0.01338	0.01286	0.00815	0.09526	0.71223	0.02213	0.01981	0.01825	0.01481	0.00679	0.00514	0.00170	0.00414	0.00561	0.00514	0.00806
1	0.33388	0.01225	0.01935	0.01444	0.01866	0.01263	0.37825	0.11821	0.01227	0.02078	0.00928	0.01138	0.00696	0.00467	0.00477	0.00163	0.00637	0.00455	0.00311	0.00655
2	0.00955	0.00899	0.01517	0.81013	0.03483	0.01123	0.01404	0.01292	0.01011	0.01292	0.00899	0.01348	0.00674	0.00506	0.00506	0.00169	0.00674	0.00449	0.00225	0.00562
3	0.02731	0.00875	0.01035	0.00782	0.01177	0.00717	0.00624	0.04115	0.03462	0.13771	0.03322	0.05369	0.03113	0.00533	0.00428	0.00106	0.00380	0.00437	0.00384	0.56638
4	0.00777	0.00588	0.00736	0.00742	0.00884	0.00573	0.00595	0.01107	0.08349	0.01780	0.37585	0.04351	0.15175	0.01149	0.00620	0.00184	0.00325	0.23472	0.00512	0.00496
5	0.00727	0.00522	0.00714	0.00714	0.00770	0.00578	0.00509	0.00839	0.00783	0.01101	0.01445	0.02488	0.01482	0.33547	0.50768	0.00690	0.01027	0.00615	0.00284	0.00396
6	0.01194	0.01143	0.01948	0.18258	0.64371	0.01186	0.01523	0.01501	0.01124	0.01582	0.00941	0.01270	0.00776	0.00461	0.00502	0.00154	0.00615	0.00450	0.00245	0.00754
7	0.00625	0.00446	0.00597	0.00714	0.00748	0.00418	0.00485	0.00720	0.00977	0.01301	0.02782	0.78463	0.03325	0.01576	0.00648	0.00207	0.00301	0.04784	0.00469	0.00413
8	0.00741	0.00535	0.00716	0.00752	0.00864	0.00510	0.00604	0.00960	0.01277	0.01740	0.40033	0.11476	0.06481	0.01232	0.00640	0.00192	0.00332	0.29937	0.00511	0.00465
9	0.01351	0.01133	0.01196	0.01048	0.01351	0.01301	0.00823	0.13212	0.67483	0.02266	0.01939	0.01792	0.01447	0.00675	0.00513	0.00169	0.00422	0.00555	0.00513	0.00809
10	0.18765	0.01261	0.01216	0.00988	0.01343	0.11871	0.00799	0.22942	0.05811	0.28036	0.01360	0.01300	0.00937	0.00578	0.00462	0.00152	0.00521	0.00426	0.00474	0.00757
11	0.04032	0.00968	0.01249	0.00972	0.01328	0.00948	0.00804	0.13415	0.01510	0.59208	0.01728	0.01569	0.01124	0.00643	0.00609	0.00162	0.07852	0.00489	0.00564	0.00825
12	0.01041	0.09064	0.73399	0.01395	0.02117	0.01241	0.01787	0.01594	0.01064	0.01568	0.00891	0.01047	0.00641	0.00477	0.00468	0.00156	0.00731	0.00365	0.00214	0.00739
13	0.00777	0.00581	0.00819	0.03015	0.01019	0.00625	0.00720	0.00971	0.01002	0.01342	0.02196	0.03996	0.06522	0.07234	0.27972	0.00441	0.02929	0.37008	0.00376	0.00454
14	0.00714	0.00567	0.00794	0.00929	0.05712	0.00596	0.00613	0.00819	0.00956	0.01305	0.02418	0.67190	0.02865	0.01430	0.00758	0.00204	0.09995	0.01257	0.00426	0.00452
15	0.01759	0.01431	0.10370	0.01179	0.01588	0.10776	0.07471	0.20202	0.07797	0.26601	0.04622	0.01493	0.01142	0.00597	0.00510	0.00155	0.00581	0.00487	0.00462	0.00778
16	0.01171	0.32840	0.48005	0.01214	0.01832	0.01500	0.01460	0.03958	0.01094	0.01496	0.00840	0.00975	0.00651	0.00466	0.00422	0.00140	0.00663	0.00337	0.00224	0.00714
17	0.01209	0.46026	0.32930	0.01171	0.01732	0.01631	0.06044	0.01555	0.01054	0.01379	0.00803	0.00947	0.00653	0.00451	0.00403	0.00133	0.00642	0.00331	0.00218	0.00690
18	0.04941	0.00665	0.00806	0.00793	0.00937	0.00678	0.00585	0.04332	0.10909	0.10950	0.08474	0.44329	0.04780	0.01191	0.00616	0.00187	0.02750	0.01041	0.00488	0.00549
19	0.06565	0.13574	0.09936	0.01905	0.32855	0.01311	0.04904	0.12291	0.01283	0.01835	0.03408	0.03289	0.00940	0.00518	0.00468	0.00146	0.00573	0.00447	0.00299	0.03453
20	0.07123	0.09507	0.13176	0.26347	0.06950	0.01248	0.09233	0.06262	0.03595	0.04243	0.03237	0.01292	0.00854	0.00521	0.00515	0.00158	0.03029	0.00441	0.00284	0.01986

[dist]
# distance from previous block
# <min> <max>
4	16

[block]
# block no. 3 follows, 49 sequences, length 46
# corresponding to MSA columns:
# 439-484
name=unknown_D
#
# <colnr> <probs for GDERKNQSTAVLIFYWHMCP>
#	G	D	E	R	K	N	Q	S	T	A	V	L	I	F	Y	W	H	M	C	P
0	0.05318	0.14341	0.12988	0.07170	0.09976	0.05114	0.09163	0.11412	0.02572	0.06943	0.03935	0.01255	0.00918	0.00510	0.00466	0.00144	0.00600	0.00426	0.00319	0.06431
1	0.06259	0.06995	0.01424	0.02277	0.10078	0.06105	0.03856	0.09828	0.05773	0.28375	0.01671	0.01634	0.06878	0.00602	0.00482	0.00148	0.00501	0.00490	0.00442	0.06182
2	0.02557	0.03857	0.16138	0.01470	0.03748	0.04136	0.21827	0.09565	0.06822	0.05290	0.01108	0.03230	0.00872	0.00568	0.00649	0.00162	0.10358	0.00488	0.00314	0.06841
3	0.00970	0.00886	0.01344	0.03784	0.39013	0.00845	0.01004	0.01206	0.01170	0.01594	0.10435	0.02626	0.25425	0.00765	0.00532	0.00152	0.00441	0.00680	0.00354	0.06774
4	0.01237	0.01183	0.02003	0.06993	0.73347	0.01199	0.01526	0.01567	0.03030	0.01645	0.00976	0.01272	0.00813	0.00459	0.00501	0.00152	0.00600	0.00453	0.00255	0.00789
5	0.26612	0.01197	0.01211	0.00971	0.01336	0.01322	0.00796	0.39453	0.09839	0.08358	0.01201	0.01202	0.00866	0.00570	0.00446	0.00153	0.00477	0.00414	0.00453	0.03123
6	0.01098	0.22399	0.60558	0.01299	0.01968	0.01379	0.01620	0.01580	0.01058	0.01499	0.00857	0.01004	0.00643	0.00469	0.00442	0.00147	0.00696	0.00348	0.00214	0.00723
7	0.01252	0.01201	0.02053	0.03104	0.79074	0.01201	0.01552	0.01552	0.01151	0.01652	0.00951	0.01252	0.00801	0.00451	0.00501	0.00150	0.00601	0.00451	0.00250	0.00801
8	0.01247	0.00921	0.01042	0.00932	0.01146	0.00986	0.00712	0.35719	0.06005	0.02201	0.02030	0.40621	0.02111	0.01088	0.00574	0.00179	0.00419	0.00941	0.00489	0.00637
9	0.00616	0.00440	0.00587	0.00704	0.00733	0.00411	0.00469	0.00704	0.00968	0.01291	0.02787	0.81899	0.03344	0.01584	0.00645	0.00205	0.00293	0.01438	0.00469	0.00411
10	0.01426	0.01296	0.01367	0.01159	0.01478	0.09449	0.06388	0.14661	0.52373	0.02163	0.01715	0.01639	0.01284	0.00637	0.00513	0.00164	0.00511	0.00529	0.00468	0.00779
11	0.00611	0.00505	0.00536	0.00544	0.00695	0.00430	0.00402	0.00746	0.01160	0.01422	0.12028	0.12790	0.63808	0.01288	0.00603	0.00173	0.00258	0.01091	0.00478	0.00430
12	0.50274	0.01213	0.01051	0.00876	0.01216	0.06987	0.00715	0.25137	0.01397	0.05613	0.00921	0.00986	0.00681	0.00522	0.00391	0.00153	0.00482	0.00343	0.00382	0.00660
13	0.02046	0.01304	0.01315	0.01053	0.01419	0.15000	0.00849	0.23654	0.06095	0.39607	0.01563	0.01444	0.01052	0.00606	0.00499	0.00151	0.00549	0.00465	0.00521	0.00809
14	0.01034	0.00979	0.01659	0.60346	0.23535	0.01144	0.01443	0.01361	0.01048	0.01387	0.00913	0.01323	0.00708	0.00491	0.00504	0.00164	0.00655	0.00450	0.00231	0.00625
15	0.00611	0.00516	0.00531	0.00538	0.00705	0.00436	0.00410	0.00745	0.01153	0.01375	0.04974	0.04917	0.74267	0.01288	0.00604	0.00175	0.00269	0.05588	0.00469	0.00429
16	0.07776	0.01122	0.01202	0.01005	0.01340	0.03151	0.00804	0.17127	0.37482	0.20812	0.01748	0.01614	0.01246	0.00636	0.00495	0.00162	0.00450	0.00506	0.00519	0.00803
17	0.01118	0.27135	0.55997	0.01265	0.01915	0.01428	0.01561	0.01575	0.01055	0.01475	0.00845	0.00989	0.00643	0.00466	0.00433	0.00144	0.00684	0.00342	0.00214	0.00717
18	0.01147	0.01175	0.01543	0.01326	0.01340	0.05686	0.01100	0.01259	0.00809	0.01218	0.00670	0.01096	0.00663	0.00866	0.01596	0.00216	0.77074	0.00436	0.00223	0.00555
19	0.01352	0.82533	0.02650	0.00865	0.01298	0.02001	0.00865	0.01514	0.01027	0.01190	0.00703	0.00811	0.00649	0.00433	0.00324	0.00108	0.00541	0.00270	0.00216	0.00649
20	0.00616	0.00440	0.00587	0.00704	0.00733	0.00411	0.00469	0.00704	0.00968	0.01291	0.02787	0.81899	0.03344	0.01584	0.00645	0.00205	0.00293	0.01438	0.00469	0.00411
21	0.03072	0.01292	0.04677	0.01234	0.05238	0.11748	0.06453	0.19041	0.04068	0.20324	0.04379	0.05372	0.01307	0.00697	0.00571	0.00163	0.03848	0.05351	0.00441	0.00723
22	0.01970	0.01445	0.01456	0.01140	0.01526	0.10313	0.00930	0.57648	0.02131	0.14403	0.01282	0.01256	0.00895	0.00600	0.00501	0.00150	0.00578	0.00449	0.00496	0.00829
23	0.06541	0.01069	0.01625	0.48405	0.26104	0.04987	0.01373	0.01418	0.01064	0.01461	0.00896	0.01264	0.00703	0.00487	0.00489	0.00160	0.00645	0.00432	0.00240	0.00634
24	0.00607	0.00475	0.00550	0.00610	0.00709	0.00419	0.00428	0.00715	0.01058	0.01328	0.03927	0.44312	0.40195	0.01436	0.00622	0.00188	0.00275	0.01257	0.00469	0.00419
25	0.01388	0.01335	0.02054	0.02471	0.47034	0.10104	0.14806	0.01674	0.01197	0.07799	0.01015	0.01264	0.00808	0.00488	0.00566	0.00155	0.04344	0.00467	0.00281	0.00749
26	0.01648	0.01998	0.01480	0.06569	0.08454	0.56811	0.01062	0.01809	0.01302	0.01287	0.00869	0.01184	0.00759	0.00587	0.00597	0.00148	0.09162	0.03417	0.00262	0.00595
27	0.00690	0.00528	0.00587	0.00578	0.00724	0.00477	0.00431	0.00909	0.04245	0.01632	0.26292	0.09111	0.42186	0.01142	0.00575	0.00165	0.00257	0.00973	0.08037	0.00459
28	0.01210	0.00874	0.01168	0.01079	0.06186	0.00887	0.06633	0.14595	0.11267	0.09887	0.17182	0.16230	0.05447	0.00878	0.00554	0.00166	0.00415	0.00776	0.03918	0.00646
29	0.01252	0.01201	0.02053	0.03104	0.79074	0.01201	0.01552	0.01552	0.01151	0.01652	0.00951	0.01252	0.00801	0.00451	0.00501	0.00150	0.00601	0.00451	0.00250	0.00801
30	0.00878	0.00439	0.00659	0.00659	0.00659	0.00439	0.00439	0.00659	0.00659	0.00878	0.00878	0.01537	0.00878	0.01757	0.01976	0.85288	0.00439	0.00439	0.00220	0.00220
31	0.00613	0.00454	0.00572	0.00667	0.00724	0.00414	0.00453	0.00708	0.01004	0.01305	0.03237	0.67051	0.17902	0.01526	0.00636	0.00199	0.00286	0.01366	0.00469	0.00414
32	0.13350	0.02889	0.04385	0.02521	0.01447	0.19201	0.03393	0.15645	0.06463	0.16545	0.01301	0.06405	0.01023	0.00631	0.00505	0.00155	0.02561	0.00479	0.00407	0.00695
33	0.01252	0.01201	0.02053	0.03104	0.79074	0.01201	0.01552	0.01552	0.01151	0.01652	0.00951	0.01252	0.00801	0.00451	0.00501	0.00150	0.00601	0.00451	0.00250	0.00801
34	0.07831	0.01197	0.01356	0.25130	0.03194	0.13681	0.04031	0.14840	0.01313	0.01723	0.01221	0.04945	0.01103	0.03996	0.00642	0.00182	0.03731	0.08957	0.00329	0.00598
35	0.01075	0.01073	0.01372	0.01209	0.01247	0.07044	0.00988	0.01201	0.00834	0.01211	0.00856	0.02944	0.00840	0.01460	0.17417	0.00334	0.57650	0.00475	0.00239	0.00532
36	0.01010	0.02491	0.73946	0.07212	0.02282	0.01171	0.01835	0.01579	0.01064	0.01579	0.00907	0.01088	0.00643	0.00482	0.00482	0.00161	0.00742	0.00379	0.00214	0.00734
37	0.00713	0.00517	0.00672	0.00633	0.00754	0.00476	0.00475	0.00949	0.01425	0.02012	0.77066	0.03803	0.06523	0.01040	0.00596	0.00159	0.00239	0.00918	0.00555	0.00476
38	0.00937	0.00834	0.01365	0.68223	0.03035	0.01020	0.01246	0.01258	0.01046	0.01397	0.06613	0.01571	0.01025	0.00551	0.00499	0.00163	0.00605	0.00485	0.07579	0.00548
39	0.00693	0.00551	0.00626	0.00601	0.00756	0.00503	0.00452	0.00953	0.06224	0.01708	0.37691	0.04191	0.40953	0.01133	0.00592	0.00166	0.00258	0.00967	0.00511	0.00473
40	0.00709	0.00514	0.00655	0.00683	0.00769	0.00485	0.00484	0.03824	0.01214	0.01659	0.33444	0.42045	0.07230	0.03039	0.00659	0.00189	0.00284	0.01156	0.00503	0.00454
41	0.00632	0.00514	0.00560	0.00548	0.00704	0.00441	0.00411	0.00792	0.01233	0.01558	0.26444	0.04551	0.57428	0.01209	0.00597	0.00167	0.00251	0.01023	0.00495	0.00441
42	0.01443	0.01337	0.02209	0.01638	0.02078	0.01371	0.39995	0.26708	0.13825	0.02214	0.01250	0.01398	0.00921	0.00527	0.00554	0.00164	0.00683	0.00546	0.00379	0.00759
43	0.71868	0.00964	0.00793	0.00695	0.00997	0.01097	0.00563	0.05478	0.00961	0.05980	0.00851	0.01046	0.00681	0.05737	0.00478	0.00178	0.00408	0.00324	0.00338	0.00564
44	0.01610	0.30048	0.06836	0.01060	0.01448	0.15609	0.00952	0.16012	0.06854	0.10232	0.01112	0.01222	0.00874	0.00553	0.00453	0.00138	0.01678	0.02248	0.00351	0.00712
45	0.24379	0.10219	0.07017	0.00832	0.01194	0.01024	0.00741	0.06499	0.01198	0.16544	0.10022	0.04928	0.01349	0.00605	0.00431	0.00143	0.00429	0.00464	0.00399	0.11583

[dist]
# distance from previous block
# <min> <max>
2	6

[block]
# block no. 4 follows, 49 sequences, length 16
# corresponding to MSA columns:
# 491-506
name=unknown_E
#
# <colnr> <probs for GDERKNQSTAVLIFYWHMCP>
#	G	D	E	R	K	N	Q	S	T	A	V	L	I	F	Y	W	H	M	C	P
0	0.16755	0.01118	0.01443	0.06207	0.01627	0.01174	0.10809	0.21919	0.08777	0.23072	0.01368	0.01372	0.00950	0.00565	0.00485	0.00159	0.00525	0.00466	0.00454	0.00757
1	0.07175	0.01380	0.01723	0.02161	0.42230	0.10718	0.01240	0.20702	0.04319	0.02047	0.01021	0.01196	0.00808	0.00508	0.00485	0.00149	0.00605	0.00429	0.00330	0.00773
2	0.05591	0.00942	0.01433	0.01106	0.01446	0.00912	0.18790	0.06690	0.07174	0.26784	0.05444	0.01710	0.01286	0.00587	0.00493	0.00153	0.00485	0.00532	0.17742	0.00700
3	0.01097	0.22188	0.60761	0.01300	0.01970	0.01377	0.01623	0.01580	0.01058	0.01501	0.00857	0.01005	0.00643	0.00469	0.00442	0.00147	0.00697	0.00348	0.00214	0.00723
4	0.02723	0.11214	0.03481	0.29980	0.23968	0.01303	0.07022	0.06206	0.06309	0.01601	0.00992	0.01268	0.00780	0.00492	0.00485	0.00155	0.00621	0.00442	0.00271	0.00686
5	0.00617	0.00511	0.00540	0.00538	0.00696	0.00434	0.00401	0.00761	0.01191	0.01469	0.16735	0.06995	0.64866	0.01251	0.00599	0.00170	0.00254	0.01054	0.00483	0.00434
6	0.01127	0.00602	0.00786	0.00709	0.00876	0.00557	0.00530	0.01290	0.01209	0.22794	0.26996	0.09952	0.07618	0.14301	0.08106	0.00276	0.00438	0.00797	0.00496	0.00543
7	0.01283	0.01152	0.01916	0.06139	0.44862	0.01160	0.12266	0.06051	0.06965	0.05996	0.01380	0.01574	0.05849	0.00539	0.00523	0.00157	0.00592	0.00523	0.00319	0.00755
8	0.01714	0.01054	0.05059	0.15409	0.06013	0.01013	0.00987	0.08238	0.14814	0.37826	0.01638	0.01586	0.01114	0.00597	0.00507	0.00161	0.00503	0.00495	0.00485	0.00788
9	0.00626	0.00508	0.00520	0.00520	0.00656	0.00440	0.00368	0.00728	0.01068	0.01288	0.04407	0.04551	0.63255	0.17689	0.00998	0.00236	0.00304	0.01000	0.00436	0.00402
10	0.05615	0.02527	0.75329	0.01399	0.02123	0.01172	0.01797	0.01595	0.01056	0.01638	0.00896	0.01054	0.00636	0.00480	0.00471	0.00160	0.00728	0.00368	0.00219	0.00736
11	0.01388	0.04388	0.11557	0.01629	0.09220	0.08976	0.24521	0.04197	0.11225	0.10589	0.01259	0.02677	0.00967	0.00555	0.00565	0.00162	0.03441	0.01626	0.00338	0.00720
12	0.09885	0.04471	0.05546	0.01018	0.01337	0.02805	0.00855	0.22902	0.23778	0.07921	0.01421	0.01552	0.01105	0.07643	0.00725	0.00190	0.05203	0.00484	0.00432	0.00726
13	0.00711	0.00563	0.00649	0.00646	0.00796	0.00525	0.00494	0.00988	0.07559	0.01646	0.27839	0.09266	0.37019	0.01184	0.00603	0.00175	0.00285	0.08076	0.00500	0.00476
14	0.01308	0.01163	0.01929	0.05417	0.67326	0.01172	0.01454	0.01664	0.05345	0.06702	0.01077	0.01320	0.00866	0.00476	0.00502	0.00152	0.00581	0.00461	0.00288	0.00797
15	0.01194	0.16681	0.35824	0.01148	0.01699	0.01295	0.01263	0.08344	0.11678	0.01743	0.01052	0.01142	0.00801	0.00494	0.00442	0.00138	0.00588	0.00377	0.00294	0.13801

[dist]
# distance from previous block
# <min> <max>
0	5

[block]
# block no. 5 follows, 49 sequences, length 22
# corresponding to MSA columns:
# 512-533
name=unknown_F
#
# <colnr> <probs for GDERKNQSTAVLIFYWHMCP>
#	G	D	E	R	K	N	Q	S	T	A	V	L	I	F	Y	W	H	M	C	P
0	0.00923	0.00882	0.09409	0.00767	0.01025	0.00701	0.00668	0.05152	0.11605	0.06801	0.04946	0.12283	0.39131	0.01050	0.00563	0.00170	0.00360	0.00883	0.02116	0.00564
1	0.85801	0.00978	0.00743	0.00665	0.00978	0.01134	0.00548	0.01486	0.00861	0.02269	0.00704	0.00821	0.00548	0.00469	0.00313	0.00156	0.00391	0.00274	0.00313	0.00548
2	0.01151	0.01120	0.01800	0.36160	0.43881	0.04278	0.01467	0.01460	0.01103	0.01483	0.00922	0.01279	0.00741	0.00477	0.00501	0.00157	0.00644	0.00445	0.00240	0.00691
3	0.00620	0.00516	0.00544	0.00545	0.00708	0.00440	0.00415	0.00765	0.01182	0.01442	0.12626	0.04794	0.67553	0.01261	0.00602	0.00173	0.00264	0.04639	0.00478	0.00434
4	0.00702	0.00506	0.00664	0.00645	0.00752	0.00468	0.00476	0.00920	0.01368	0.01927	0.68438	0.14434	0.04577	0.01109	0.00603	0.00165	0.00246	0.00986	0.00545	0.00468
5	0.01194	0.01364	0.02984	0.02131	0.02643	0.01279	0.77238	0.01620	0.01194	0.01620	0.01023	0.01364	0.00767	0.00426	0.00597	0.00171	0.00853	0.00597	0.00256	0.00682
6	0.01225	0.01175	0.02005	0.09987	0.72396	0.01195	0.01539	0.01529	0.01139	0.01620	0.00947	0.01260	0.00790	0.00455	0.00501	0.00152	0.00607	0.00450	0.00248	0.00780
7	0.00966	0.00913	0.01519	0.75384	0.03331	0.01154	0.01383	0.01287	0.00994	0.01287	0.00882	0.01331	0.00673	0.00532	0.00587	0.00172	0.06370	0.00449	0.00224	0.00561
8	0.08111	0.00994	0.01171	0.00982	0.01240	0.03231	0.06150	0.26211	0.02875	0.06855	0.05958	0.13933	0.06487	0.07501	0.00727	0.00196	0.02004	0.04300	0.00445	0.00629
9	0.01169	0.01117	0.01904	0.24754	0.58068	0.01180	0.01511	0.01480	0.01112	0.01552	0.00937	0.01278	0.00766	0.00466	0.00502	0.00155	0.00621	0.00450	0.00243	0.00734
10	0.43830	0.23913	0.04755	0.00841	0.01215	0.05124	0.00760	0.09354	0.01114	0.04050	0.00803	0.00898	0.00636	0.00480	0.00355	0.00141	0.00491	0.00304	0.00307	0.00627
11	0.08682	0.01703	0.01363	0.01146	0.01476	0.32501	0.00904	0.29365	0.08264	0.08089	0.01134	0.01159	0.00840	0.00570	0.00471	0.00146	0.00660	0.00403	0.00403	0.00721
12	0.01082	0.29103	0.07911	0.00859	0.01121	0.02921	0.00777	0.01250	0.00997	0.04950	0.05746	0.05159	0.04781	0.15518	0.09017	0.00274	0.05957	0.01728	0.00303	0.00546
13	0.00632	0.00501	0.00570	0.00597	0.00725	0.00439	0.00441	0.00773	0.01154	0.01458	0.15677	0.21962	0.46586	0.01317	0.00614	0.00180	0.00273	0.05185	0.00483	0.00433
14	0.01125	0.01072	0.01824	0.36395	0.46773	0.01168	0.01489	0.01441	0.01091	0.01498	0.00929	0.01293	0.00747	0.00474	0.00503	0.00158	0.00632	0.00450	0.00239	0.00699
15	0.00735	0.00490	0.00552	0.00552	0.00552	0.00490	0.00306	0.00735	0.00735	0.00980	0.01593	0.03309	0.01838	0.82229	0.02574	0.00490	0.00490	0.00735	0.00306	0.00306
16	0.01713	0.01710	0.01603	0.01308	0.01655	0.29530	0.10171	0.29087	0.14322	0.02126	0.01175	0.01235	0.00886	0.00567	0.00500	0.00150	0.00693	0.00445	0.00390	0.00731
17	0.00604	0.00513	0.00521	0.00519	0.00687	0.00430	0.00389	0.00738	0.01168	0.01402	0.09091	0.04808	0.74878	0.01267	0.00598	0.00170	0.00255	0.01059	0.00474	0.00430
18	0.00752	0.00612	0.00712	0.02845	0.00927	0.03659	0.00589	0.00967	0.05485	0.01416	0.05077	0.39319	0.17479	0.01351	0.00627	0.00197	0.00361	0.16707	0.00459	0.00460
19	0.01049	0.00899	0.01049	0.00749	0.01198	0.00674	0.00599	0.01273	0.01049	0.01648	0.00899	0.01049	0.00749	0.00374	0.00374	0.00075	0.00374	0.00300	0.00300	0.85320
20	0.00963	0.00742	0.00859	0.00797	0.00985	0.00776	0.00611	0.03476	0.27968	0.04083	0.35550	0.08952	0.08275	0.00959	0.00570	0.00169	0.00319	0.02817	0.00528	0.00600
21	0.05661	0.00908	0.01077	0.00872	0.01202	0.02229	0.02368	0.08460	0.10723	0.31701	0.04640	0.04444	0.13132	0.00732	0.00507	0.00153	0.00411	0.00602	0.00507	0.09671

[dist]
# distance from previous block
# <min> <max>
0	55

# created by:
# /st0/software/busco_prod/Augustus/scripts/msa2prfl.pl ./align_prep/53211.fa
