[name]
unknown

[dist]
# distance from previous block
# <min> <max>
1	5

[block]
# block no. 0 follows, 51 sequences, length 20
# corresponding to MSA columns:
# 6-8,10-26
name=unknown_A
#
# <colnr> <probs for GDERKNQSTAVLIFYWHMCP>
#	G	D	E	R	K	N	Q	S	T	A	V	L	I	F	Y	W	H	M	C	P
0	0.01344	0.64665	0.09319	0.00903	0.01339	0.01738	0.00915	0.01618	0.05888	0.07047	0.00876	0.00941	0.00727	0.00454	0.00354	0.00117	0.00527	0.00307	0.00257	0.00664
1	0.01342	0.00859	0.00991	0.00841	0.01134	0.00862	0.00664	0.02029	0.33554	0.23154	0.08582	0.02249	0.12029	0.00727	0.00503	0.00153	0.00363	0.00605	0.00507	0.08852
2	0.01086	0.02231	0.62386	0.01320	0.01954	0.01182	0.01593	0.07340	0.12937	0.01745	0.01074	0.01169	0.00771	0.00506	0.00474	0.00157	0.00661	0.00398	0.00273	0.00742
3	0.01360	0.01301	0.01870	0.02603	0.62049	0.08334	0.01380	0.11954	0.01305	0.01772	0.00944	0.01182	0.00773	0.00465	0.00483	0.00144	0.00605	0.00428	0.00278	0.00768
4	0.01868	0.01376	0.01475	0.01131	0.01524	0.01524	0.00934	0.78025	0.02311	0.03097	0.01180	0.01180	0.00836	0.00590	0.00492	0.00147	0.00541	0.00442	0.00492	0.00836
5	0.01861	0.01594	0.01456	0.01161	0.01523	0.19384	0.00938	0.60879	0.02104	0.02670	0.01085	0.01114	0.00790	0.00571	0.00481	0.00143	0.00619	0.00414	0.00438	0.00776
6	0.01860	0.01616	0.01454	0.01164	0.01523	0.21196	0.00938	0.59140	0.02083	0.02627	0.01076	0.01107	0.00785	0.00569	0.00480	0.00142	0.00627	0.00411	0.00432	0.00770
7	0.01868	0.01376	0.01475	0.01131	0.01524	0.01524	0.00934	0.78025	0.02311	0.03097	0.01180	0.01180	0.00836	0.00590	0.00492	0.00147	0.00541	0.00442	0.00492	0.00836
8	0.01868	0.01376	0.01475	0.01131	0.01524	0.01524	0.00934	0.78025	0.02311	0.03097	0.01180	0.01180	0.00836	0.00590	0.00492	0.00147	0.00541	0.00442	0.00492	0.00836
9	0.00715	0.00476	0.00536	0.00536	0.00536	0.00476	0.00298	0.00715	0.00715	0.00953	0.01548	0.03216	0.01787	0.82729	0.02501	0.00476	0.00476	0.00715	0.00298	0.00298
10	0.00986	0.02542	0.80183	0.01401	0.02127	0.01141	0.01816	0.01556	0.01038	0.01556	0.00882	0.01038	0.00623	0.00467	0.00467	0.00156	0.00726	0.00363	0.00208	0.00726
11	0.01314	0.83025	0.02575	0.00841	0.01261	0.01945	0.00841	0.01472	0.00999	0.01156	0.00683	0.00788	0.00631	0.00420	0.00315	0.00105	0.00526	0.00263	0.00210	0.00631
12	0.00599	0.00428	0.00570	0.00684	0.00713	0.00399	0.00456	0.00684	0.00941	0.01254	0.02709	0.82409	0.03250	0.01540	0.00627	0.00200	0.00285	0.01397	0.00456	0.00399
13	0.01588	0.01112	0.01233	0.00995	0.01331	0.01196	0.00803	0.36008	0.23857	0.13092	0.08500	0.01649	0.01412	0.00642	0.00497	0.00151	0.00445	0.00515	0.00506	0.04467
14	0.01698	0.02036	0.01532	0.01655	0.19135	0.59381	0.01075	0.05158	0.01371	0.01376	0.00815	0.00973	0.00675	0.00495	0.00455	0.00132	0.00803	0.00349	0.00261	0.00628
15	0.01323	0.19390	0.08823	0.00831	0.01145	0.00926	0.00752	0.01509	0.01135	0.27143	0.02062	0.21572	0.09709	0.00848	0.00493	0.00155	0.00421	0.00708	0.00427	0.00628
16	0.01508	0.10660	0.19123	0.01237	0.01601	0.40002	0.01137	0.06886	0.03478	0.01427	0.00832	0.00973	0.00670	0.00530	0.00544	0.00141	0.08015	0.00347	0.00258	0.00632
17	0.01199	0.54832	0.29761	0.01037	0.01565	0.01663	0.01182	0.01501	0.01012	0.01296	0.00753	0.00876	0.00628	0.00437	0.00368	0.00123	0.00596	0.00298	0.00209	0.00664
18	0.01057	0.00875	0.01302	0.01077	0.01339	0.00887	0.17297	0.01676	0.26682	0.07487	0.14718	0.13902	0.07868	0.00832	0.00554	0.00168	0.00435	0.00768	0.00451	0.00624
19	0.01179	0.06263	0.25001	0.02304	0.45946	0.04730	0.04555	0.01543	0.01102	0.01547	0.00894	0.01129	0.00717	0.00448	0.00473	0.00146	0.00645	0.00406	0.00232	0.00741

[dist]
# distance from previous block
# <min> <max>
1	48

[block]
# block no. 1 follows, 51 sequences, length 24
# corresponding to MSA columns:
# 80-103
name=unknown_B
#
# <colnr> <probs for GDERKNQSTAVLIFYWHMCP>
#	G	D	E	R	K	N	Q	S	T	A	V	L	I	F	Y	W	H	M	C	P
0	0.16153	0.16764	0.23865	0.03149	0.04223	0.05345	0.06859	0.08218	0.03755	0.01727	0.00877	0.01014	0.00678	0.00466	0.00417	0.00140	0.00591	0.00355	0.00271	0.05134
1	0.04611	0.30544	0.19622	0.01109	0.05230	0.06899	0.01061	0.10515	0.01207	0.04022	0.00992	0.01088	0.03138	0.00486	0.00405	0.00127	0.00570	0.00353	0.00278	0.07744
2	0.01211	0.10247	0.45525	0.01288	0.04567	0.03118	0.01407	0.14852	0.04008	0.01798	0.00951	0.01067	0.00705	0.00483	0.00450	0.00142	0.00634	0.00370	0.00276	0.06901
3	0.01166	0.26884	0.43589	0.01160	0.01722	0.04404	0.01348	0.07400	0.01141	0.01529	0.01039	0.01146	0.04472	0.00501	0.00427	0.00139	0.00634	0.00370	0.00244	0.00684
4	0.00944	0.05044	0.24211	0.00899	0.01252	0.00845	0.00910	0.04457	0.03076	0.01527	0.03051	0.01722	0.03880	0.09820	0.13604	0.00274	0.00627	0.00469	0.11443	0.11945
5	0.00900	0.00543	0.00643	0.00676	0.00800	0.00549	0.00555	0.04661	0.01128	0.01727	0.02020	0.05952	0.01935	0.00920	0.00494	0.00164	0.00335	0.30925	0.44602	0.00471
6	0.01314	0.83025	0.02575	0.00841	0.01261	0.01945	0.00841	0.01472	0.00999	0.01156	0.00683	0.00788	0.00631	0.00420	0.00315	0.00105	0.00526	0.00263	0.00210	0.00631
7	0.00600	0.00499	0.00524	0.00518	0.00676	0.00423	0.00388	0.00742	0.01165	0.01435	0.17387	0.04553	0.66988	0.01205	0.00581	0.00164	0.00246	0.01012	0.00470	0.00423
8	0.00599	0.00428	0.00570	0.00684	0.00713	0.00399	0.00456	0.00684	0.00941	0.01254	0.02709	0.82409	0.03250	0.01540	0.00627	0.00200	0.00285	0.01397	0.00456	0.00399
9	0.86201	0.00950	0.00722	0.00646	0.00950	0.01102	0.00532	0.01445	0.00836	0.02205	0.00684	0.00798	0.00532	0.00456	0.00304	0.00152	0.00380	0.00266	0.00304	0.00532
10	0.01836	0.02342	0.01393	0.01266	0.01519	0.80756	0.00950	0.01962	0.01393	0.01203	0.00760	0.00886	0.00633	0.00506	0.00443	0.00127	0.00886	0.00317	0.00253	0.00570
11	0.48231	0.01173	0.01227	0.01520	0.27833	0.09632	0.00909	0.01522	0.00992	0.01894	0.00774	0.00950	0.00627	0.00455	0.00381	0.00147	0.00504	0.00330	0.00278	0.00620
12	0.01180	0.01237	0.02314	0.01721	0.02146	0.01236	0.52648	0.01914	0.26559	0.01732	0.01323	0.01492	0.00993	0.00497	0.00554	0.00166	0.00685	0.00572	0.00331	0.00700
13	0.00599	0.00428	0.00570	0.00684	0.00713	0.00399	0.00456	0.00684	0.00941	0.01254	0.02709	0.82409	0.03250	0.01540	0.00627	0.00200	0.00285	0.01397	0.00456	0.00399
14	0.00677	0.00534	0.00619	0.00639	0.00760	0.00505	0.00463	0.00944	0.09404	0.01503	0.18080	0.31246	0.30333	0.01240	0.00588	0.00176	0.00273	0.01083	0.00477	0.00457
15	0.01216	0.01168	0.01995	0.03016	0.79664	0.01168	0.01508	0.01508	0.01119	0.01605	0.00924	0.01216	0.00778	0.00438	0.00487	0.00146	0.00584	0.00438	0.00243	0.00778
16	0.01053	0.01001	0.01700	0.47461	0.36494	0.01125	0.01427	0.01365	0.01042	0.01407	0.00896	0.01269	0.00709	0.00468	0.00489	0.00156	0.00624	0.00437	0.00229	0.00647
17	0.00773	0.00616	0.00708	0.00665	0.00828	0.00608	0.00504	0.01216	0.17354	0.01813	0.43063	0.03579	0.24397	0.01000	0.00563	0.00160	0.00269	0.00860	0.00509	0.00515
18	0.00594	0.00459	0.00543	0.00606	0.00693	0.00408	0.00422	0.00700	0.01028	0.01306	0.05948	0.48176	0.34554	0.01402	0.00607	0.00184	0.00269	0.01234	0.00459	0.00408
19	0.01141	0.01084	0.01835	0.07121	0.59714	0.01094	0.05370	0.01479	0.04223	0.01641	0.09350	0.01514	0.01210	0.00509	0.00502	0.00150	0.00555	0.00498	0.00284	0.00725
20	0.01162	0.01260	0.08325	0.08237	0.56632	0.01165	0.07875	0.01481	0.01090	0.01559	0.00912	0.01207	0.00748	0.00455	0.00530	0.00150	0.03548	0.00439	0.00239	0.02984
21	0.38536	0.01018	0.01035	0.00832	0.01184	0.01079	0.00686	0.20277	0.01363	0.24590	0.01169	0.01149	0.00808	0.00528	0.00406	0.00148	0.00429	0.00375	0.00436	0.03950
22	0.01092	0.01006	0.01515	0.15891	0.12142	0.01006	0.11647	0.04272	0.12112	0.01630	0.01137	0.04561	0.00937	0.00515	0.00499	0.00137	0.02549	0.00468	0.00307	0.26577
23	0.07212	0.03426	0.09167	0.01102	0.04479	0.01086	0.05791	0.21906	0.10169	0.07211	0.05878	0.10325	0.01372	0.02036	0.00522	0.00157	0.00483	0.00566	0.00407	0.06703

[dist]
# distance from previous block
# <min> <max>
0	3

[block]
# block no. 2 follows, 51 sequences, length 18
# corresponding to MSA columns:
# 107-124
name=unknown_C
#
# <colnr> <probs for GDERKNQSTAVLIFYWHMCP>
#	G	D	E	R	K	N	Q	S	T	A	V	L	I	F	Y	W	H	M	C	P
0	0.01125	0.01136	0.07251	0.19810	0.15922	0.07717	0.01078	0.01573	0.14061	0.05009	0.01468	0.08876	0.03771	0.00677	0.00524	0.01493	0.00542	0.03065	0.00330	0.04573
1	0.00992	0.00927	0.01531	0.68901	0.06889	0.01120	0.03936	0.03651	0.04637	0.01376	0.00941	0.01326	0.00709	0.00497	0.00495	0.00163	0.00642	0.00447	0.00242	0.00581
2	0.01113	0.00871	0.01029	0.00740	0.01172	0.00660	0.00593	0.01329	0.01050	0.07838	0.00958	0.01071	0.00767	0.00383	0.00374	0.00079	0.00368	0.00307	0.00316	0.78981
3	0.01161	0.02632	0.24785	0.01175	0.01580	0.03475	0.10801	0.10001	0.03255	0.09159	0.03068	0.13655	0.05875	0.00771	0.00532	0.00167	0.00561	0.06337	0.00367	0.00645
4	0.01163	0.00999	0.01474	0.61431	0.02919	0.01200	0.01257	0.20460	0.01315	0.01716	0.00950	0.01278	0.00700	0.00516	0.00491	0.00160	0.00626	0.00438	0.00287	0.00618
5	0.53737	0.00925	0.01003	0.05735	0.16262	0.01034	0.00767	0.01357	0.00905	0.01905	0.00932	0.07310	0.00835	0.00710	0.04645	0.00189	0.00477	0.00411	0.00297	0.00565
6	0.01165	0.54042	0.21424	0.00964	0.01419	0.01594	0.01044	0.01420	0.00982	0.01246	0.00811	0.01021	0.00714	0.03487	0.06680	0.00183	0.00635	0.00323	0.00217	0.00628
7	0.00620	0.00479	0.00612	0.00733	0.04094	0.00437	0.00479	0.00725	0.00998	0.01290	0.03257	0.57525	0.24133	0.01411	0.00608	0.00188	0.00288	0.01257	0.00447	0.00420
8	0.00918	0.00537	0.00687	0.00625	0.00774	0.00495	0.00477	0.01145	0.01337	0.11708	0.57685	0.03137	0.03687	0.00888	0.00532	0.00148	0.00255	0.00773	0.13682	0.00509
9	0.01159	0.01008	0.01170	0.01215	0.11392	0.01129	0.00835	0.02273	0.60062	0.01966	0.07955	0.01994	0.04300	0.00683	0.00507	0.00163	0.00397	0.00582	0.00468	0.00741
10	0.00619	0.00488	0.00558	0.00565	0.00693	0.00427	0.00415	0.00770	0.01175	0.01514	0.27557	0.16872	0.44165	0.01218	0.00588	0.00168	0.00249	0.01049	0.00482	0.00427
11	0.01670	0.04017	0.01386	0.04218	0.01536	0.45391	0.00925	0.15801	0.17017	0.01717	0.01086	0.01142	0.00844	0.00551	0.00462	0.00139	0.00706	0.00390	0.00343	0.00660
12	0.00695	0.00486	0.00621	0.00636	0.00668	0.00510	0.00419	0.00763	0.00768	0.01052	0.01626	0.13178	0.01800	0.46907	0.27201	0.00540	0.00719	0.00744	0.00308	0.00356
13	0.01264	0.01209	0.05395	0.01182	0.07221	0.04770	0.00897	0.07291	0.58671	0.02009	0.01818	0.01725	0.03059	0.00640	0.00496	0.00161	0.00450	0.00529	0.00453	0.00761
14	0.78563	0.00940	0.00760	0.00667	0.00978	0.01068	0.00549	0.01531	0.00888	0.09279	0.00798	0.00878	0.00594	0.00470	0.00321	0.00152	0.00384	0.00287	0.00332	0.00560
15	0.01101	0.00999	0.01636	0.29796	0.40449	0.01079	0.01313	0.01465	0.05807	0.03507	0.07096	0.01488	0.01090	0.00519	0.00496	0.00154	0.00565	0.00481	0.00283	0.00675
16	0.00607	0.00436	0.00578	0.00687	0.00725	0.00407	0.00468	0.00700	0.00956	0.01267	0.02786	0.76156	0.05996	0.01521	0.00628	0.00200	0.00291	0.04734	0.00456	0.00402
17	0.01235	0.38551	0.24732	0.01003	0.01491	0.05083	0.01078	0.01523	0.01071	0.05887	0.04204	0.01065	0.00844	0.00467	0.00392	0.00122	0.00564	0.00338	0.00257	0.10093

[dist]
# distance from previous block
# <min> <max>
0	3

[block]
# block no. 3 follows, 51 sequences, length 52
# corresponding to MSA columns:
# 128-179
name=unknown_D
#
# <colnr> <probs for GDERKNQSTAVLIFYWHMCP>
#	G	D	E	R	K	N	Q	S	T	A	V	L	I	F	Y	W	H	M	C	P
0	0.81995	0.00961	0.00785	0.00764	0.04845	0.01106	0.00581	0.01448	0.00850	0.02175	0.00696	0.00819	0.00544	0.00455	0.00313	0.00152	0.00390	0.00275	0.00301	0.00544
1	0.01162	0.04743	0.09381	0.04188	0.17111	0.01181	0.02249	0.04030	0.40599	0.01817	0.01747	0.01744	0.06651	0.00619	0.00492	0.00158	0.00478	0.00527	0.00389	0.00733
2	0.00693	0.00606	0.04768	0.00645	0.00797	0.00491	0.00522	0.00925	0.01326	0.01848	0.63759	0.05750	0.13981	0.01022	0.00575	0.00157	0.00261	0.00894	0.00511	0.00469
3	0.00696	0.00502	0.00657	0.00618	0.00734	0.00464	0.00464	0.00927	0.01391	0.01971	0.79405	0.03671	0.04637	0.01005	0.00580	0.00155	0.00232	0.00889	0.00541	0.00464
4	0.01008	0.08039	0.74883	0.01362	0.02068	0.01196	0.01749	0.01551	0.01035	0.01529	0.00868	0.01021	0.00623	0.00464	0.00457	0.00152	0.00713	0.00356	0.00208	0.00720
5	0.01185	0.06031	0.37911	0.01855	0.23042	0.06752	0.09284	0.05353	0.01158	0.01603	0.00901	0.01099	0.00689	0.00460	0.00476	0.00149	0.00690	0.00401	0.00239	0.00724
6	0.05321	0.01793	0.42803	0.01478	0.08110	0.01063	0.14039	0.01451	0.01058	0.01605	0.05056	0.01383	0.00957	0.00651	0.03978	0.00184	0.02155	0.01791	0.04465	0.00662
7	0.01127	0.05191	0.32316	0.03290	0.16018	0.01178	0.08319	0.09742	0.03501	0.01700	0.03145	0.05787	0.02113	0.00575	0.00537	0.00157	0.03829	0.00492	0.00284	0.00698
8	0.09769	0.04904	0.04471	0.07044	0.03163	0.55802	0.00963	0.01789	0.02601	0.01340	0.00849	0.03513	0.00725	0.00530	0.00437	0.00136	0.00768	0.00361	0.00263	0.00575
9	0.00814	0.00505	0.00617	0.00608	0.00661	0.00499	0.00397	0.00885	0.00871	0.06549	0.08600	0.09657	0.02085	0.50960	0.08465	0.00408	0.00495	0.02893	0.03650	0.00380
10	0.01018	0.01086	0.05733	0.01459	0.01822	0.00968	0.41895	0.05310	0.01298	0.01797	0.29679	0.02162	0.02168	0.00642	0.00570	0.00160	0.00590	0.00675	0.00366	0.00602
11	0.00769	0.00485	0.00553	0.00546	0.00650	0.00462	0.00399	0.00953	0.01116	0.01670	0.26889	0.03148	0.12224	0.12720	0.00776	0.00191	0.00278	0.04145	0.31596	0.00431
12	0.01111	0.01180	0.02088	0.01616	0.01824	0.01396	0.33160	0.01346	0.00923	0.01346	0.00791	0.01180	0.00687	0.00674	0.01181	0.00194	0.47992	0.00493	0.00229	0.00590
13	0.00650	0.00490	0.00601	0.00595	0.00712	0.00441	0.00438	0.00831	0.01252	0.01690	0.47865	0.15357	0.24986	0.01148	0.00587	0.00164	0.00244	0.01003	0.00505	0.00441
14	0.55203	0.23398	0.01298	0.00744	0.01088	0.01371	0.00654	0.08555	0.01017	0.02001	0.00730	0.00831	0.00587	0.00459	0.00325	0.00139	0.00435	0.00282	0.00296	0.00587
15	0.01314	0.83025	0.02575	0.00841	0.01261	0.01945	0.00841	0.01472	0.00999	0.01156	0.00683	0.00788	0.00631	0.00420	0.00315	0.00105	0.00526	0.00263	0.00210	0.00631
16	0.00684	0.00488	0.00643	0.00654	0.00715	0.00495	0.00458	0.00811	0.00962	0.01338	0.22963	0.18020	0.02693	0.23867	0.22564	0.00420	0.00598	0.00841	0.00385	0.00400
17	0.00986	0.02542	0.80183	0.01401	0.02127	0.01141	0.01816	0.01556	0.01038	0.01556	0.00882	0.01038	0.00623	0.00467	0.00467	0.00156	0.00726	0.00363	0.00208	0.00726
18	0.00689	0.00502	0.00648	0.00612	0.00730	0.00461	0.00459	0.00916	0.01377	0.01936	0.75432	0.03727	0.08631	0.01017	0.00580	0.00155	0.00233	0.00897	0.00536	0.00461
19	0.00813	0.00542	0.00685	0.00623	0.00778	0.00486	0.00474	0.01031	0.01333	0.07099	0.60209	0.03414	0.10671	0.00947	0.00553	0.00149	0.00253	0.00826	0.04199	0.04916
20	0.01160	0.01326	0.02900	0.02071	0.02568	0.01243	0.77879	0.01574	0.01160	0.01574	0.00994	0.01326	0.00746	0.00414	0.00580	0.00166	0.00829	0.00580	0.00249	0.00663
21	0.86201	0.00950	0.00722	0.00646	0.00950	0.01102	0.00532	0.01445	0.00836	0.02205	0.00684	0.00798	0.00532	0.00456	0.00304	0.00152	0.00380	0.00266	0.00304	0.00532
22	0.00603	0.00433	0.00573	0.00676	0.00713	0.00403	0.00455	0.00697	0.00968	0.01293	0.06652	0.76534	0.05167	0.01505	0.00624	0.00196	0.00282	0.01363	0.00460	0.00403
23	0.01314	0.83025	0.02575	0.00841	0.01261	0.01945	0.00841	0.01472	0.00999	0.01156	0.00683	0.00788	0.00631	0.00420	0.00315	0.00105	0.00526	0.00263	0.00210	0.00631
24	0.00792	0.00566	0.00792	0.00905	0.01018	0.00566	0.00792	0.01018	0.01131	0.01471	0.02602	0.05543	0.02828	0.01358	0.00679	0.00226	0.00453	0.76356	0.00453	0.00453
25	0.05707	0.00675	0.00846	0.00722	0.00956	0.00625	0.00570	0.01555	0.05188	0.30410	0.36858	0.02791	0.09394	0.00835	0.00530	0.00155	0.00317	0.00708	0.00544	0.00615
26	0.00605	0.00460	0.00557	0.00614	0.00699	0.00412	0.00430	0.00721	0.01056	0.01367	0.12875	0.46882	0.28798	0.01376	0.00606	0.00183	0.00267	0.01215	0.00467	0.00412
27	0.05610	0.00954	0.01281	0.01362	0.22594	0.00825	0.00845	0.01429	0.01073	0.08906	0.00976	0.01122	0.00777	0.00412	0.00406	0.00104	0.00430	0.00349	0.00308	0.50237
28	0.00669	0.00478	0.00651	0.00765	0.00825	0.00460	0.00579	0.00807	0.01011	0.01334	0.02670	0.54253	0.03096	0.01473	0.00646	0.00209	0.00346	0.28855	0.00455	0.00419
29	0.00755	0.00539	0.00749	0.00862	0.00959	0.00533	0.00727	0.00954	0.01094	0.01429	0.02623	0.20424	0.02910	0.01393	0.00669	0.00221	0.00420	0.61845	0.00453	0.00442
30	0.01448	0.11000	0.01805	0.02837	0.04151	0.36534	0.16291	0.03736	0.01226	0.01343	0.01045	0.02589	0.04570	0.00567	0.00586	0.00146	0.08833	0.00438	0.00263	0.00595
31	0.00744	0.00922	0.17019	0.00767	0.01014	0.00598	0.00733	0.01035	0.01291	0.01821	0.55777	0.03235	0.11306	0.00918	0.00557	0.00156	0.00335	0.00795	0.00464	0.00513
32	0.86201	0.00950	0.00722	0.00646	0.00950	0.01102	0.00532	0.01445	0.00836	0.02205	0.00684	0.00798	0.00532	0.00456	0.00304	0.00152	0.00380	0.00266	0.00304	0.00532
33	0.00986	0.02542	0.80183	0.01401	0.02127	0.01141	0.01816	0.01556	0.01038	0.01556	0.00882	0.01038	0.00623	0.00467	0.00467	0.00156	0.00726	0.00363	0.00208	0.00726
34	0.00812	0.00673	0.01046	0.03374	0.12375	0.00643	0.06693	0.01067	0.01317	0.01855	0.58309	0.03085	0.05046	0.00866	0.00564	0.00155	0.00342	0.00789	0.00464	0.00526
35	0.02158	0.00911	0.01187	0.00910	0.01292	0.00833	0.00751	0.12815	0.01531	0.69408	0.01834	0.01605	0.01164	0.00606	0.00494	0.00151	0.00435	0.00487	0.00592	0.00836
36	0.01036	0.02190	0.57820	0.01595	0.02255	0.01171	0.23826	0.01561	0.01073	0.01561	0.00914	0.01121	0.00658	0.00452	0.00500	0.00159	0.00756	0.00426	0.00219	0.00708
37	0.00673	0.00501	0.00625	0.00594	0.00720	0.00454	0.00446	0.00883	0.01337	0.01843	0.64672	0.03880	0.19449	0.01052	0.00580	0.00157	0.00235	0.00918	0.00524	0.00454
38	0.01185	0.01010	0.01261	0.03527	0.16099	0.02969	0.02509	0.21191	0.09218	0.01948	0.07539	0.03563	0.20085	0.00776	0.00580	0.00159	0.04681	0.00641	0.00407	0.00651
39	0.00712	0.00495	0.00607	0.00579	0.00702	0.00456	0.00434	0.00930	0.01303	0.01867	0.58420	0.03543	0.13925	0.00973	0.00546	0.00150	0.00234	0.00846	0.12819	0.00456
40	0.01433	0.51344	0.02072	0.00948	0.01306	0.16524	0.00850	0.06949	0.05033	0.03031	0.04229	0.01034	0.00874	0.00498	0.00400	0.00120	0.02108	0.00335	0.00275	0.00636
41	0.01471	0.00985	0.01264	0.00936	0.01352	0.00874	0.06299	0.14294	0.03482	0.21377	0.01229	0.01253	0.00890	0.00474	0.00437	0.00114	0.00441	0.00395	0.00406	0.42028
42	0.00928	0.00873	0.01474	0.81548	0.03385	0.01092	0.01365	0.01256	0.00983	0.01256	0.00873	0.01310	0.00655	0.00491	0.00491	0.00164	0.00655	0.00437	0.00218	0.00546
43	0.00715	0.00476	0.00536	0.00536	0.00536	0.00476	0.00298	0.00715	0.00715	0.00953	0.01548	0.03216	0.01787	0.82729	0.02501	0.00476	0.00476	0.00715	0.00298	0.00298
44	0.32054	0.00877	0.00992	0.00793	0.01146	0.00857	0.00655	0.02057	0.01204	0.52357	0.01493	0.01362	0.00973	0.00554	0.00427	0.00152	0.00405	0.00413	0.00500	0.00728
45	0.00702	0.00527	0.00790	0.00790	0.00878	0.00614	0.00614	0.00878	0.00790	0.01141	0.01316	0.01931	0.01229	0.03686	0.80782	0.00790	0.01316	0.00527	0.00263	0.00439
46	0.86201	0.00950	0.00722	0.00646	0.00950	0.01102	0.00532	0.01445	0.00836	0.02205	0.00684	0.00798	0.00532	0.00456	0.00304	0.00152	0.00380	0.00266	0.00304	0.00532
47	0.01512	0.06093	0.20754	0.01255	0.05483	0.06756	0.01145	0.34721	0.09756	0.04345	0.01139	0.01184	0.00833	0.00541	0.00471	0.00146	0.00588	0.00415	0.00378	0.02485
48	0.00672	0.00507	0.00696	0.00734	0.00821	0.00472	0.04035	0.00820	0.03055	0.02739	0.04333	0.60545	0.14749	0.01390	0.00612	0.00191	0.00311	0.02433	0.00452	0.00434
49	0.86201	0.00950	0.00722	0.00646	0.00950	0.01102	0.00532	0.01445	0.00836	0.02205	0.00684	0.00798	0.00532	0.00456	0.00304	0.00152	0.00380	0.00266	0.00304	0.00532
50	0.00611	0.00438	0.00581	0.00682	0.00718	0.00413	0.00461	0.00705	0.00951	0.01270	0.05037	0.72639	0.04627	0.03812	0.02952	0.00222	0.00320	0.02711	0.00449	0.00401
51	0.01253	0.01150	0.01845	0.02653	0.66569	0.02867	0.01368	0.01529	0.01127	0.04988	0.00959	0.01209	0.00789	0.00439	0.00473	0.00138	0.00561	0.00423	0.00264	0.09396

[dist]
# distance from previous block
# <min> <max>
0	8

[block]
# block no. 4 follows, 51 sequences, length 69
# corresponding to MSA columns:
# 188-256
name=unknown_E
#
# <colnr> <probs for GDERKNQSTAVLIFYWHMCP>
#	G	D	E	R	K	N	Q	S	T	A	V	L	I	F	Y	W	H	M	C	P
0	0.01127	0.10757	0.35850	0.01243	0.07769	0.02906	0.01245	0.09464	0.02429	0.04094	0.03192	0.01739	0.11633	0.00619	0.00475	0.00150	0.00571	0.02078	0.01986	0.00673
1	0.00969	0.00724	0.01095	0.24960	0.09062	0.00792	0.00887	0.01229	0.04002	0.09211	0.04883	0.12909	0.05266	0.04465	0.17044	0.00306	0.00655	0.00655	0.00340	0.00545
2	0.01324	0.01140	0.01098	0.00954	0.01208	0.11559	0.00741	0.27126	0.16553	0.02096	0.08946	0.14792	0.06940	0.00824	0.00520	0.00157	0.00464	0.00679	0.00454	0.02425
3	0.00651	0.00501	0.00596	0.00572	0.00707	0.00445	0.00429	0.00842	0.01287	0.01723	0.50728	0.04079	0.33468	0.01097	0.00580	0.00159	0.00238	0.00946	0.00508	0.00445
4	0.01019	0.00873	0.01019	0.00728	0.01165	0.00655	0.00582	0.01237	0.01019	0.01601	0.00873	0.01019	0.00728	0.00364	0.00364	0.00073	0.00364	0.00291	0.00291	0.85734
5	0.01198	0.00925	0.03209	0.00805	0.01243	0.00694	0.02789	0.01427	0.01081	0.13229	0.01035	0.01125	0.00798	0.00404	0.00392	0.00089	0.00395	0.00331	0.00335	0.68494
6	0.01499	0.35752	0.13089	0.01109	0.01499	0.36825	0.01028	0.01702	0.01179	0.01234	0.00745	0.00867	0.00631	0.00465	0.00394	0.00122	0.00714	0.00301	0.00229	0.00617
7	0.02015	0.01076	0.04421	0.00978	0.01371	0.01000	0.00832	0.25065	0.04774	0.50633	0.01671	0.01506	0.01090	0.00599	0.00493	0.00151	0.00466	0.00476	0.00553	0.00829
8	0.01281	0.01263	0.01425	0.01484	0.15752	0.12510	0.02580	0.03874	0.33220	0.01682	0.01336	0.03087	0.01082	0.00651	0.00710	0.00167	0.16356	0.00491	0.00356	0.00693
9	0.00597	0.00455	0.00549	0.00618	0.00697	0.00407	0.00428	0.00702	0.01021	0.01310	0.06727	0.52785	0.29100	0.01417	0.00610	0.00186	0.00271	0.01254	0.00460	0.00407
10	0.01062	0.00908	0.00953	0.00866	0.01114	0.01005	0.00671	0.04064	0.54964	0.01897	0.04898	0.02600	0.21286	0.00820	0.00522	0.00166	0.00353	0.00684	0.00490	0.00679
11	0.00702	0.00527	0.00790	0.00790	0.00878	0.00614	0.00614	0.00878	0.00790	0.01141	0.01316	0.01931	0.01229	0.03686	0.80782	0.00790	0.01316	0.00527	0.00263	0.00439
12	0.01083	0.01926	0.47066	0.01263	0.01807	0.01176	0.03538	0.01970	0.31473	0.01752	0.01323	0.01357	0.00970	0.00544	0.00483	0.00160	0.00597	0.00445	0.00323	0.00745
13	0.00660	0.00497	0.00611	0.00591	0.00715	0.00447	0.00440	0.00855	0.01294	0.01762	0.55585	0.08599	0.23946	0.01098	0.00583	0.00160	0.00239	0.00957	0.00514	0.00447
14	0.01032	0.03834	0.53882	0.01332	0.01846	0.01251	0.01541	0.01546	0.06837	0.01497	0.00906	0.01101	0.00694	0.00574	0.00738	0.00169	0.19914	0.00391	0.00231	0.00683
15	0.00599	0.00428	0.00570	0.00684	0.00713	0.00399	0.00456	0.00684	0.00941	0.01254	0.02709	0.82409	0.03250	0.01540	0.00627	0.00200	0.00285	0.01397	0.00456	0.00399
16	0.00680	0.00553	0.02371	0.00744	0.02722	0.00486	0.02248	0.00861	0.01176	0.01611	0.37421	0.32634	0.10851	0.01192	0.00594	0.00174	0.00290	0.02461	0.00479	0.00453
17	0.01527	0.45647	0.05689	0.00989	0.01409	0.03417	0.00924	0.31454	0.01522	0.01935	0.00888	0.00955	0.00711	0.00491	0.00394	0.00124	0.00548	0.00339	0.00321	0.00714
18	0.01234	0.00781	0.00920	0.00822	0.01058	0.00790	0.00665	0.11723	0.14311	0.16495	0.12321	0.03044	0.13512	0.00892	0.00543	0.00167	0.00376	0.14199	0.05523	0.00625
19	0.01108	0.01062	0.01790	0.13092	0.52331	0.01113	0.04812	0.01386	0.01091	0.01536	0.05618	0.01513	0.04272	0.00542	0.00584	0.00156	0.06545	0.00495	0.00264	0.00691
20	0.00965	0.01431	0.31914	0.01040	0.01404	0.02593	0.01082	0.05704	0.05057	0.03137	0.01204	0.01664	0.01039	0.11752	0.27407	0.00405	0.00860	0.00477	0.00278	0.00586
21	0.00986	0.02542	0.80183	0.01401	0.02127	0.01141	0.01816	0.01556	0.01038	0.01556	0.00882	0.01038	0.00623	0.00467	0.00467	0.00156	0.00726	0.00363	0.00208	0.00726
22	0.05133	0.46652	0.06254	0.00943	0.01353	0.01668	0.00890	0.18033	0.10133	0.03286	0.00975	0.01022	0.00780	0.00493	0.00385	0.00127	0.00516	0.00345	0.00315	0.00696
23	0.00937	0.29939	0.04091	0.00680	0.00858	0.01026	0.00552	0.01017	0.00829	0.01051	0.01212	0.02248	0.01322	0.48870	0.03276	0.00339	0.00520	0.00537	0.00263	0.00434
24	0.01482	0.00789	0.00959	0.00802	0.01074	0.00748	0.00636	0.16003	0.01451	0.33090	0.07504	0.13805	0.17748	0.00893	0.00536	0.00161	0.00376	0.00750	0.00529	0.00663
25	0.01213	0.50883	0.31599	0.01051	0.01585	0.01614	0.01203	0.01526	0.01023	0.03231	0.00788	0.00903	0.00642	0.00442	0.00376	0.00125	0.00598	0.00306	0.00219	0.00671
26	0.01058	0.00659	0.00874	0.00936	0.06703	0.00639	0.00632	0.08459	0.02955	0.14998	0.04455	0.50783	0.02489	0.01173	0.00577	0.00180	0.00355	0.01047	0.00473	0.00554
27	0.01142	0.01092	0.01860	0.23284	0.59977	0.01148	0.01471	0.01443	0.01084	0.01515	0.00911	0.01241	0.00747	0.00452	0.00488	0.00151	0.00602	0.00438	0.00237	0.00718
28	0.01664	0.01213	0.01311	0.01055	0.01404	0.01345	0.00855	0.46545	0.26798	0.08340	0.01508	0.01441	0.01087	0.00616	0.00491	0.00153	0.00476	0.00483	0.02407	0.00809
29	0.00709	0.00501	0.00660	0.00660	0.00702	0.00544	0.00452	0.00794	0.00751	0.01044	0.01435	0.02590	0.01515	0.44250	0.40609	0.00629	0.00885	0.00623	0.00281	0.00366
30	0.01286	0.14643	0.40729	0.01194	0.03777	0.01180	0.01305	0.01789	0.09240	0.16075	0.03388	0.01278	0.00943	0.00521	0.00455	0.00148	0.00585	0.00409	0.00323	0.00731
31	0.01155	0.00820	0.00927	0.00787	0.01024	0.00832	0.00624	0.26554	0.02890	0.06836	0.26553	0.04325	0.21402	0.00912	0.00547	0.00157	0.00357	0.02192	0.00504	0.00601
32	0.00822	0.00734	0.01182	0.55709	0.02529	0.00871	0.01071	0.01074	0.00976	0.01258	0.01548	0.24187	0.04457	0.00815	0.00533	0.00174	0.00535	0.00729	0.00294	0.00500
33	0.01080	0.01029	0.01749	0.40069	0.43674	0.01132	0.01441	0.01389	0.01055	0.01440	0.00900	0.01261	0.00720	0.00463	0.00489	0.00154	0.00617	0.00437	0.00232	0.00669
34	0.01184	0.05064	0.29401	0.02164	0.40028	0.07033	0.03115	0.01585	0.03002	0.01551	0.00915	0.01129	0.00724	0.00457	0.00472	0.00147	0.00654	0.00401	0.00236	0.00736
35	0.00655	0.00515	0.00675	0.00675	0.00794	0.00536	0.00520	0.00810	0.00919	0.01214	0.02750	0.03026	0.31855	0.02730	0.49386	0.00546	0.00898	0.00726	0.00339	0.00429
36	0.86201	0.00950	0.00722	0.00646	0.00950	0.01102	0.00532	0.01445	0.00836	0.02205	0.00684	0.00798	0.00532	0.00456	0.00304	0.00152	0.00380	0.00266	0.00304	0.00532
37	0.01574	0.01534	0.01225	0.01090	0.01370	0.32300	0.00839	0.02333	0.39713	0.10558	0.01508	0.01444	0.01129	0.00597	0.00477	0.00149	0.00587	0.00455	0.00416	0.00703
38	0.01057	0.00995	0.01670	0.50307	0.32011	0.01130	0.01409	0.03001	0.01062	0.01427	0.00899	0.01272	0.00705	0.00473	0.00490	0.00157	0.00626	0.00437	0.00234	0.00640
39	0.01216	0.01168	0.01995	0.03016	0.79664	0.01168	0.01508	0.01508	0.01119	0.01605	0.00924	0.01216	0.00778	0.00438	0.00487	0.00146	0.00584	0.00438	0.00243	0.00778
40	0.01103	0.01052	0.01791	0.33759	0.49804	0.01138	0.01452	0.01409	0.01066	0.01469	0.00904	0.01253	0.00730	0.00459	0.00488	0.00153	0.00612	0.00437	0.00234	0.00687
41	0.00863	0.01870	0.54873	0.01173	0.01677	0.00905	0.01383	0.01279	0.01007	0.01460	0.01463	0.26907	0.01458	0.00808	0.00518	0.00170	0.00586	0.00692	0.00287	0.00622
42	0.00928	0.00873	0.01474	0.81548	0.03385	0.01092	0.01365	0.01256	0.00983	0.01256	0.00873	0.01310	0.00655	0.00491	0.00491	0.00164	0.00655	0.00437	0.00218	0.00546
43	0.35086	0.00881	0.00977	0.00785	0.01135	0.00871	0.00648	0.02023	0.01183	0.49549	0.01448	0.01330	0.00949	0.00549	0.00420	0.00152	0.00403	0.00405	0.00489	0.00717
44	0.01836	0.02342	0.01393	0.01266	0.01519	0.80756	0.00950	0.01962	0.01393	0.01203	0.00760	0.00886	0.00633	0.00506	0.00443	0.00127	0.00886	0.00317	0.00253	0.00570
45	0.00711	0.00492	0.00617	0.00617	0.00645	0.00521	0.00399	0.00767	0.00739	0.01013	0.01474	0.02805	0.01608	0.57449	0.27538	0.00577	0.00745	0.00654	0.00287	0.00343
46	0.00790	0.00455	0.00626	0.00626	0.00638	0.00467	0.00410	0.00694	0.00683	0.00922	0.01133	0.02095	0.01197	0.27615	0.12239	0.47806	0.00557	0.00531	0.00247	0.00269
47	0.00732	0.00533	0.00762	0.00798	0.00884	0.00583	0.00635	0.00904	0.00890	0.01225	0.01751	0.03224	0.01800	0.11842	0.46505	0.00575	0.00947	0.24656	0.00327	0.00427
48	0.01346	0.01547	0.07602	0.02483	0.55445	0.20024	0.01398	0.01619	0.01178	0.01506	0.00882	0.01125	0.00732	0.00456	0.00475	0.00142	0.00666	0.00404	0.00243	0.00725
49	0.00928	0.00873	0.01474	0.81548	0.03385	0.01092	0.01365	0.01256	0.00983	0.01256	0.00873	0.01310	0.00655	0.00491	0.00491	0.00164	0.00655	0.00437	0.00218	0.00546
50	0.01303	0.01233	0.01759	0.01368	0.01698	0.11000	0.28997	0.19269	0.01448	0.03838	0.08141	0.14716	0.01513	0.00707	0.00548	0.00161	0.00617	0.00673	0.00374	0.00635
51	0.01001	0.04118	0.74573	0.01424	0.02132	0.01163	0.05761	0.01556	0.01043	0.01549	0.00884	0.01047	0.00629	0.00463	0.00470	0.00155	0.00728	0.00372	0.00210	0.00721
52	0.00705	0.00516	0.00737	0.00737	0.00806	0.00585	0.00548	0.00844	0.00774	0.01102	0.01365	0.02199	0.01345	0.20191	0.64436	0.00724	0.01141	0.00566	0.00270	0.00409
53	0.01756	0.02081	0.01362	0.01218	0.01487	0.62803	0.00925	0.09013	0.11887	0.01491	0.00965	0.01041	0.00768	0.00536	0.00455	0.00134	0.00788	0.00360	0.00308	0.00622
54	0.01134	0.01035	0.01022	0.05380	0.01263	0.11232	0.00742	0.07386	0.34144	0.01724	0.01943	0.27251	0.01849	0.00908	0.00532	0.00170	0.00446	0.00777	0.00438	0.00622
55	0.02191	0.00859	0.01155	0.00885	0.01266	0.00756	0.00731	0.05604	0.01445	0.76741	0.01907	0.01652	0.01200	0.00607	0.00494	0.00152	0.00423	0.00492	0.00603	0.00836
56	0.00581	0.00498	0.00498	0.00498	0.00664	0.00415	0.00373	0.00705	0.01120	0.01328	0.04978	0.04729	0.79464	0.01245	0.00581	0.00166	0.00249	0.01037	0.00456	0.00415
57	0.01129	0.01237	0.02341	0.01754	0.02078	0.03376	0.49312	0.01433	0.01027	0.01427	0.00902	0.01272	0.00738	0.00718	0.05061	0.00212	0.24604	0.00526	0.00240	0.00612
58	0.01002	0.00729	0.00858	0.00826	0.00971	0.00757	0.00608	0.25273	0.01376	0.01840	0.02223	0.56584	0.02483	0.01238	0.00584	0.00183	0.00366	0.01094	0.00467	0.00538
59	0.00702	0.00527	0.00790	0.00790	0.00878	0.00614	0.00614	0.00878	0.00790	0.01141	0.01316	0.01931	0.01229	0.03686	0.80782	0.00790	0.01316	0.00527	0.00263	0.00439
60	0.00943	0.00889	0.01501	0.77454	0.07362	0.01096	0.01372	0.01269	0.00990	0.01274	0.00876	0.01305	0.00662	0.00489	0.00491	0.00163	0.00651	0.00437	0.00220	0.00558
61	0.00928	0.00873	0.01474	0.81548	0.03385	0.01092	0.01365	0.01256	0.00983	0.01256	0.00873	0.01310	0.00655	0.00491	0.00491	0.00164	0.00655	0.00437	0.00218	0.00546
62	0.02190	0.00860	0.01155	0.00886	0.01266	0.00757	0.00732	0.05701	0.01446	0.76642	0.01906	0.01651	0.01200	0.00607	0.00494	0.00152	0.00424	0.00492	0.00603	0.00836
63	0.00599	0.00428	0.00570	0.00684	0.00713	0.00399	0.00456	0.00684	0.00941	0.01254	0.02709	0.82409	0.03250	0.01540	0.00627	0.00200	0.00285	0.01397	0.00456	0.00399
64	0.01116	0.34413	0.49450	0.01179	0.01784	0.01459	0.01430	0.01523	0.01022	0.01398	0.00803	0.00939	0.00626	0.00448	0.00407	0.00136	0.00647	0.00323	0.00209	0.00688
65	0.00705	0.00515	0.00729	0.00729	0.00796	0.00581	0.00538	0.00838	0.00772	0.01096	0.01372	0.02239	0.01362	0.22638	0.62012	0.00715	0.01115	0.00572	0.00272	0.00405
66	0.00604	0.00432	0.00576	0.00691	0.00721	0.00404	0.00466	0.00694	0.00946	0.01261	0.02706	0.80232	0.03238	0.01534	0.00629	0.00200	0.00290	0.03520	0.00456	0.00401
67	0.01314	0.83025	0.02575	0.00841	0.01261	0.01945	0.00841	0.01472	0.00999	0.01156	0.00683	0.00788	0.00631	0.00420	0.00315	0.00105	0.00526	0.00263	0.00210	0.00631
68	0.01373	0.39090	0.12416	0.01054	0.01442	0.18257	0.00999	0.03856	0.10733	0.01386	0.00901	0.00996	0.00744	0.00500	0.00451	0.00130	0.04422	0.00337	0.00263	0.00650

[dist]
# distance from previous block
# <min> <max>
0	2

[block]
# block no. 5 follows, 51 sequences, length 9
# corresponding to MSA columns:
# 259-267
name=unknown_F
#
# <colnr> <probs for GDERKNQSTAVLIFYWHMCP>
#	G	D	E	R	K	N	Q	S	T	A	V	L	I	F	Y	W	H	M	C	P
0	0.01428	0.01141	0.01474	0.38749	0.02394	0.01322	0.01136	0.42113	0.01689	0.02236	0.01037	0.01241	0.00751	0.00544	0.00491	0.00155	0.00594	0.00440	0.00364	0.00700
1	0.01468	0.43495	0.19936	0.00977	0.01457	0.01447	0.01033	0.01728	0.01112	0.21532	0.01052	0.01073	0.00779	0.00479	0.00396	0.00129	0.00544	0.00345	0.00312	0.00705
2	0.86201	0.00950	0.00722	0.00646	0.00950	0.01102	0.00532	0.01445	0.00836	0.02205	0.00684	0.00798	0.00532	0.00456	0.00304	0.00152	0.00380	0.00266	0.00304	0.00532
3	0.46492	0.39344	0.01589	0.00737	0.01096	0.01496	0.00677	0.01457	0.00912	0.01714	0.00684	0.00794	0.00578	0.00439	0.00309	0.00130	0.00448	0.00265	0.00260	0.00578
4	0.00840	0.00691	0.00817	0.00710	0.00989	0.00566	0.00579	0.01035	0.01076	0.01492	0.02447	0.03203	0.22917	0.00862	0.00505	0.00138	0.00355	0.20064	0.00378	0.40336
5	0.01098	0.25544	0.15049	0.01192	0.08940	0.01249	0.01048	0.01576	0.14907	0.01509	0.01469	0.02282	0.01364	0.00715	0.00484	0.00160	0.00522	0.19924	0.00327	0.00642
6	0.01588	0.01521	0.21580	0.01205	0.05611	0.08705	0.01101	0.17910	0.01426	0.24293	0.01280	0.01331	0.00906	0.00847	0.08254	0.00211	0.00664	0.00433	0.00394	0.00741
7	0.01281	0.03489	0.23301	0.01164	0.05983	0.01071	0.01087	0.19603	0.03272	0.05587	0.01087	0.01282	0.00842	0.00507	0.00449	0.00130	0.00530	0.03128	0.00336	0.25870
8	0.22818	0.00730	0.00722	0.00679	0.00827	0.00805	0.00481	0.01345	0.18618	0.01584	0.05089	0.04963	0.01580	0.36285	0.01326	0.00298	0.00414	0.00594	0.00362	0.00479

[dist]
# distance from previous block
# <min> <max>
2	3

[block]
# block no. 6 follows, 51 sequences, length 125
# corresponding to MSA columns:
# 271-395
name=unknown_G
#
# <colnr> <probs for GDERKNQSTAVLIFYWHMCP>
#	G	D	E	R	K	N	Q	S	T	A	V	L	I	F	Y	W	H	M	C	P
0	0.01321	0.44969	0.10927	0.00968	0.01385	0.03279	0.02721	0.14577	0.02656	0.01569	0.00895	0.01101	0.00770	0.06291	0.00532	0.00146	0.00552	0.00352	0.00275	0.04713
1	0.00720	0.00633	0.06390	0.00706	0.00846	0.00491	0.00567	0.00891	0.01111	0.04684	0.21143	0.38572	0.16032	0.01240	0.00593	0.00179	0.00310	0.03967	0.00464	0.00461
2	0.01006	0.05337	0.72156	0.01398	0.02097	0.01165	0.05304	0.01547	0.01041	0.01544	0.00880	0.01042	0.00631	0.00461	0.00465	0.00153	0.00716	0.00368	0.00211	0.02478
3	0.00703	0.00533	0.00671	0.00684	0.00804	0.00463	0.00474	0.00813	0.00943	0.01312	0.02205	0.58107	0.02568	0.07060	0.00701	0.00190	0.00317	0.01095	0.00407	0.19950
4	0.01657	0.01272	0.01356	0.01088	0.01444	0.01425	0.00883	0.53367	0.27313	0.02757	0.01448	0.01394	0.01053	0.00615	0.00494	0.00154	0.00491	0.00479	0.00494	0.00817
5	0.01711	0.02049	0.01328	0.01195	0.01462	0.63264	0.00904	0.02051	0.14164	0.02781	0.00990	0.01062	0.00790	0.00530	0.00451	0.00132	0.00777	0.00358	0.00302	0.03700
6	0.01713	0.01294	0.06903	0.01106	0.02860	0.04252	0.00934	0.37851	0.13282	0.18410	0.01485	0.01571	0.01086	0.00628	0.00499	0.00155	0.00516	0.04184	0.00481	0.00790
7	0.01145	0.35394	0.37249	0.01267	0.01835	0.01485	0.12328	0.01524	0.01039	0.01395	0.00816	0.00977	0.00644	0.00440	0.00421	0.00136	0.00659	0.00353	0.00215	0.00678
8	0.00733	0.00561	0.00687	0.00755	0.00837	0.00574	0.00530	0.01092	0.17144	0.01426	0.02559	0.64049	0.02877	0.01354	0.00602	0.00193	0.00310	0.02773	0.00465	0.00479
9	0.01160	0.01326	0.02900	0.02071	0.02568	0.01243	0.77879	0.01574	0.01160	0.01574	0.00994	0.01326	0.00746	0.00414	0.00580	0.00166	0.00829	0.00580	0.00249	0.00663
10	0.01408	0.26591	0.14129	0.01008	0.01428	0.01406	0.00970	0.14889	0.18828	0.10118	0.01362	0.01345	0.03346	0.00558	0.00438	0.00141	0.00509	0.00424	0.00373	0.00729
11	0.00598	0.00431	0.00567	0.00676	0.00710	0.00400	0.00452	0.00685	0.00949	0.01258	0.02814	0.78784	0.06807	0.01526	0.00625	0.00198	0.00283	0.01380	0.00456	0.00400
12	0.00599	0.00428	0.00570	0.00684	0.00713	0.00399	0.00456	0.00684	0.00941	0.01254	0.02709	0.82409	0.03250	0.01540	0.00627	0.00200	0.00285	0.01397	0.00456	0.00399
13	0.01061	0.16744	0.64853	0.01299	0.01962	0.02932	0.01626	0.01550	0.01038	0.01478	0.00844	0.00990	0.00624	0.00460	0.00440	0.00146	0.00694	0.00344	0.00209	0.00706
14	0.01314	0.83025	0.02575	0.00841	0.01261	0.01945	0.00841	0.01472	0.00999	0.01156	0.00683	0.00788	0.00631	0.00420	0.00315	0.00105	0.00526	0.00263	0.00210	0.00631
15	0.00928	0.00873	0.01474	0.81548	0.03385	0.01092	0.01365	0.01256	0.00983	0.01256	0.00873	0.01310	0.00655	0.00491	0.00491	0.00164	0.00655	0.00437	0.00218	0.00546
16	0.00659	0.00482	0.00632	0.00729	0.00804	0.00455	0.00553	0.00795	0.01028	0.01335	0.03000	0.46411	0.14047	0.01438	0.00637	0.00203	0.00334	0.25583	0.00455	0.00419
17	0.00880	0.00811	0.01200	0.01676	0.37543	0.00767	0.00905	0.01084	0.01125	0.01470	0.04516	0.03069	0.41296	0.00863	0.00537	0.00156	0.00405	0.00755	0.00359	0.00586
18	0.00696	0.00502	0.00657	0.00618	0.00734	0.00464	0.00464	0.00927	0.01391	0.01971	0.79405	0.03671	0.04637	0.01005	0.00580	0.00155	0.00232	0.00889	0.00541	0.00464
19	0.00702	0.00527	0.00790	0.00790	0.00878	0.00614	0.00614	0.00878	0.00790	0.01141	0.01316	0.01931	0.01229	0.03686	0.80782	0.00790	0.01316	0.00527	0.00263	0.00439
20	0.01836	0.02342	0.01393	0.01266	0.01519	0.80756	0.00950	0.01962	0.01393	0.01203	0.00760	0.00886	0.00633	0.00506	0.00443	0.00127	0.00886	0.00317	0.00253	0.00570
21	0.01836	0.02342	0.01393	0.01266	0.01519	0.80756	0.00950	0.01962	0.01393	0.01203	0.00760	0.00886	0.00633	0.00506	0.00443	0.00127	0.00886	0.00317	0.00253	0.00570
22	0.00612	0.00437	0.00586	0.00700	0.00734	0.00411	0.00480	0.00708	0.00954	0.01270	0.02701	0.76961	0.03220	0.01527	0.00631	0.00201	0.00297	0.06709	0.00456	0.00403
23	0.02205	0.00836	0.01140	0.00874	0.01254	0.00722	0.00722	0.02395	0.01407	0.80004	0.01939	0.01673	0.01216	0.00608	0.00494	0.00152	0.00418	0.00494	0.00608	0.00836
24	0.00782	0.00630	0.01023	0.01001	0.01142	0.00609	0.11742	0.00990	0.01074	0.01416	0.02406	0.29792	0.02666	0.01281	0.00648	0.00209	0.00452	0.41248	0.00424	0.00465
25	0.01956	0.00925	0.01157	0.00921	0.01279	0.00894	0.00750	0.07804	0.19173	0.56719	0.01899	0.01675	0.01254	0.00620	0.00495	0.00155	0.00420	0.00505	0.00575	0.00823
26	0.01160	0.01326	0.02900	0.02071	0.02568	0.01243	0.77879	0.01574	0.01160	0.01574	0.00994	0.01326	0.00746	0.00414	0.00580	0.00166	0.00829	0.00580	0.00249	0.00663
27	0.00617	0.00485	0.00563	0.00617	0.00730	0.00431	0.00460	0.00743	0.01064	0.01324	0.03903	0.29963	0.43827	0.01356	0.00610	0.00185	0.00290	0.11959	0.00456	0.00415
28	0.01216	0.01168	0.01995	0.03016	0.79664	0.01168	0.01508	0.01508	0.01119	0.01605	0.00924	0.01216	0.00778	0.00438	0.00487	0.00146	0.00584	0.00438	0.00243	0.00778
29	0.00587	0.00498	0.00506	0.00504	0.00668	0.00417	0.00378	0.00717	0.01135	0.01362	0.08983	0.04672	0.75439	0.01232	0.00581	0.00165	0.00248	0.01029	0.00461	0.00417
30	0.12427	0.01164	0.01403	0.01086	0.01444	0.01251	0.06427	0.38664	0.01707	0.21811	0.01254	0.01257	0.00872	0.00584	0.00555	0.00155	0.06272	0.00442	0.00460	0.00764
31	0.02205	0.00836	0.01140	0.00874	0.01254	0.00722	0.00722	0.02395	0.01407	0.80004	0.01939	0.01673	0.01216	0.00608	0.00494	0.00152	0.00418	0.00494	0.00608	0.00836
32	0.00808	0.00659	0.00802	0.00768	0.00807	0.03955	0.00551	0.00888	0.00780	0.01069	0.01346	0.05301	0.01440	0.38589	0.27181	0.00512	0.13252	0.00620	0.00278	0.00394
33	0.01250	0.65329	0.15898	0.00996	0.01472	0.01773	0.04682	0.01491	0.01013	0.01245	0.00732	0.00857	0.00635	0.00428	0.00354	0.00117	0.00574	0.00295	0.00212	0.00649
34	0.02134	0.00852	0.01138	0.00883	0.01256	0.00759	0.00726	0.02411	0.07023	0.74346	0.01943	0.01684	0.01237	0.00612	0.00495	0.00153	0.00416	0.00499	0.00600	0.00832
35	0.02205	0.00836	0.01140	0.00874	0.01254	0.00722	0.00722	0.02395	0.01407	0.80004	0.01939	0.01673	0.01216	0.00608	0.00494	0.00152	0.00418	0.00494	0.00608	0.00836
36	0.00599	0.00428	0.00570	0.00684	0.00713	0.00399	0.00456	0.00684	0.00941	0.01254	0.02709	0.82409	0.03250	0.01540	0.00627	0.00200	0.00285	0.01397	0.00456	0.00399
37	0.01202	0.01262	0.04663	0.02589	0.49515	0.01198	0.26119	0.02811	0.02756	0.01628	0.00972	0.01258	0.00779	0.00438	0.00516	0.00153	0.00662	0.00484	0.00253	0.00740
38	0.01868	0.01376	0.01475	0.01131	0.01524	0.01524	0.00934	0.78025	0.02311	0.03097	0.01180	0.01180	0.00836	0.00590	0.00492	0.00147	0.00541	0.00442	0.00492	0.00836
39	0.00687	0.00502	0.00645	0.00610	0.00729	0.00460	0.00457	0.00911	0.01371	0.01924	0.74002	0.03748	0.10069	0.01022	0.00580	0.00155	0.00233	0.00900	0.00535	0.00460
40	0.01125	0.36775	0.47173	0.01163	0.01759	0.01483	0.01401	0.01520	0.01021	0.01386	0.00797	0.00932	0.00626	0.00447	0.00402	0.00134	0.00641	0.00320	0.00209	0.00686
41	0.01183	0.01231	0.01374	0.01211	0.01290	0.14652	0.00988	0.01418	0.07737	0.01309	0.03500	0.01512	0.01003	0.00824	0.01219	0.00195	0.52707	0.05818	0.00274	0.00556
