[name]
unknown

[dist]
# distance from previous block
# <min> <max>
0	3

[block]
# block no. 0 follows, 52 sequences, length 216
# corresponding to MSA columns:
# 3-218
name=unknown_A
#
# <colnr> <probs for GDERKNQSTAVLIFYWHMCP>
#	G	D	E	R	K	N	Q	S	T	A	V	L	I	F	Y	W	H	M	C	P
0	0.11487	0.27424	0.01426	0.00812	0.01056	0.01187	0.01805	0.08579	0.01106	0.01586	0.13496	0.07358	0.01593	0.05187	0.07619	0.00215	0.05081	0.02110	0.00329	0.00546
1	0.02264	0.02384	0.00915	0.00754	0.00944	0.00641	0.06861	0.02419	0.00936	0.01398	0.01400	0.06636	0.01378	0.22935	0.09252	0.00283	0.00508	0.04478	0.14317	0.19298
2	0.22288	0.28478	0.04487	0.00855	0.01218	0.01433	0.00775	0.24290	0.01334	0.02036	0.00906	0.00993	0.00712	0.00488	0.00368	0.00130	0.00469	0.00333	0.07758	0.00647
3	0.01231	0.01342	0.01017	0.07968	0.01265	0.36968	0.00727	0.01355	0.01082	0.01174	0.01237	0.03344	0.02895	0.20985	0.07576	0.00271	0.00713	0.03321	0.05063	0.00467
4	0.08258	0.63257	0.13500	0.00901	0.01346	0.03390	0.00944	0.01471	0.00985	0.01283	0.00703	0.00815	0.00613	0.00426	0.00334	0.00115	0.00542	0.00275	0.00215	0.00626
5	0.00751	0.00453	0.00597	0.00600	0.00624	0.00452	0.00393	0.00688	0.00732	0.00973	0.03147	0.05001	0.07817	0.28214	0.08800	0.39096	0.00490	0.00612	0.00276	0.00284
6	0.00987	0.00866	0.01155	0.20870	0.01689	0.01042	0.00944	0.01577	0.26127	0.01524	0.01635	0.06843	0.01499	0.00836	0.00720	0.00186	0.14293	0.16260	0.00365	0.00584
7	0.01403	0.57018	0.02196	0.01000	0.02673	0.19957	0.02821	0.01623	0.05109	0.01214	0.00770	0.00873	0.00672	0.00447	0.00359	0.00114	0.00601	0.00297	0.00233	0.00619
8	0.01550	0.01132	0.07095	0.01066	0.04926	0.07525	0.00860	0.02090	0.22750	0.31380	0.08415	0.01700	0.01428	0.00637	0.00552	0.00156	0.05036	0.00508	0.00468	0.00728
9	0.01185	0.00930	0.01220	0.01066	0.07928	0.00904	0.00789	0.01376	0.00998	0.11573	0.00945	0.01118	0.00764	0.00516	0.00688	0.00122	0.20479	0.00359	0.00305	0.46734
10	0.00819	0.00704	0.00955	0.00860	0.00928	0.00840	0.00682	0.00991	0.01103	0.01595	0.43664	0.07088	0.04915	0.00972	0.00959	0.00178	0.31125	0.00737	0.00405	0.00480
11	0.01842	0.01357	0.01454	0.01115	0.01503	0.01503	0.00921	0.78330	0.02278	0.03054	0.01163	0.01163	0.00824	0.00582	0.00485	0.00145	0.00533	0.00436	0.00485	0.00824
12	0.01205	0.01041	0.01096	0.00986	0.01260	0.01205	0.00767	0.02575	0.79071	0.02027	0.01972	0.01808	0.01479	0.00657	0.00493	0.00164	0.00384	0.00548	0.00493	0.00767
13	0.86392	0.00937	0.00712	0.00637	0.00937	0.01087	0.00525	0.01425	0.00825	0.02174	0.00675	0.00787	0.00525	0.00450	0.00300	0.00150	0.00375	0.00262	0.00300	0.00525
14	0.01205	0.01041	0.01096	0.00986	0.01260	0.01205	0.00767	0.02575	0.79071	0.02027	0.01972	0.01808	0.01479	0.00657	0.00493	0.00164	0.00384	0.00548	0.00493	0.00767
15	0.01205	0.01041	0.01096	0.00986	0.01260	0.01205	0.00767	0.02575	0.79071	0.02027	0.01972	0.01808	0.01479	0.00657	0.00493	0.00164	0.00384	0.00548	0.00493	0.00767
16	0.00573	0.00491	0.00491	0.00491	0.00655	0.00409	0.00368	0.00695	0.01105	0.01309	0.04909	0.04664	0.79750	0.01227	0.00573	0.00164	0.00245	0.01023	0.00450	0.00409
17	0.00781	0.00558	0.00781	0.00892	0.01004	0.00558	0.00781	0.01004	0.01116	0.01450	0.02566	0.05466	0.02789	0.01339	0.00669	0.00223	0.00446	0.76685	0.00446	0.00446
18	0.02174	0.00825	0.01125	0.00862	0.01237	0.00712	0.00712	0.02362	0.01387	0.80282	0.01912	0.01649	0.01200	0.00600	0.00487	0.00150	0.00412	0.00487	0.00600	0.00825
19	0.00718	0.00506	0.00667	0.00638	0.00757	0.00470	0.00490	0.00946	0.01350	0.03175	0.71705	0.03749	0.04362	0.01015	0.00579	0.00159	0.00251	0.07476	0.00527	0.00462
20	0.00972	0.02507	0.80458	0.01381	0.02097	0.01125	0.01790	0.01535	0.01023	0.01535	0.00870	0.01023	0.00614	0.00460	0.00460	0.00153	0.00716	0.00358	0.00205	0.00716
21	0.00704	0.00474	0.00550	0.00550	0.00558	0.00482	0.00321	0.00719	0.00711	0.00956	0.01507	0.03061	0.01714	0.76056	0.09314	0.00497	0.00542	0.00689	0.00291	0.00306
22	0.01406	0.67461	0.02313	0.00935	0.03931	0.07485	0.00849	0.01567	0.01052	0.08055	0.00795	0.00875	0.00677	0.00437	0.00341	0.00111	0.00537	0.00289	0.00246	0.00640
23	0.76091	0.10902	0.00933	0.00661	0.00974	0.01188	0.00562	0.01428	0.00844	0.02049	0.00675	0.00786	0.00537	0.00446	0.00301	0.00144	0.00392	0.00262	0.00289	0.00537
24	0.86392	0.00937	0.00712	0.00637	0.00937	0.01087	0.00525	0.01425	0.00825	0.02174	0.00675	0.00787	0.00525	0.00450	0.00300	0.00150	0.00375	0.00262	0.00300	0.00525
25	0.00686	0.00495	0.00648	0.00610	0.00724	0.00457	0.00457	0.00914	0.01372	0.01943	0.79691	0.03620	0.04572	0.00991	0.00572	0.00152	0.00229	0.00876	0.00533	0.00457
26	0.00674	0.00495	0.00631	0.00597	0.00717	0.00452	0.00448	0.00891	0.01343	0.01876	0.71712	0.03731	0.12593	0.01016	0.00572	0.00154	0.00230	0.00892	0.00525	0.00452
27	0.00585	0.00485	0.00513	0.00519	0.00666	0.00413	0.00384	0.00715	0.01116	0.01366	0.12109	0.11356	0.65646	0.01229	0.00577	0.00165	0.00247	0.01039	0.00458	0.00413
28	0.86392	0.00937	0.00712	0.00637	0.00937	0.01087	0.00525	0.01425	0.00825	0.02174	0.00675	0.00787	0.00525	0.00450	0.00300	0.00150	0.00375	0.00262	0.00300	0.00525
29	0.02174	0.00825	0.01125	0.00862	0.01237	0.00712	0.00712	0.02362	0.01387	0.80282	0.01912	0.01649	0.01200	0.00600	0.00487	0.00150	0.00412	0.00487	0.00600	0.00825
30	0.01296	0.83261	0.02539	0.00829	0.01244	0.01917	0.00829	0.01451	0.00985	0.01140	0.00674	0.00777	0.00622	0.00415	0.00311	0.00104	0.00518	0.00259	0.00207	0.00622
31	0.01842	0.01357	0.01454	0.01115	0.01503	0.01503	0.00921	0.78330	0.02278	0.03054	0.01163	0.01163	0.00824	0.00582	0.00485	0.00145	0.00533	0.00436	0.00485	0.00824
32	0.00915	0.00861	0.01453	0.81804	0.03338	0.01077	0.01346	0.01238	0.00969	0.01238	0.00861	0.01292	0.00646	0.00484	0.00484	0.00161	0.00646	0.00431	0.00215	0.00538
33	0.01205	0.01041	0.01096	0.00986	0.01260	0.01205	0.00767	0.02575	0.79071	0.02027	0.01972	0.01808	0.01479	0.00657	0.00493	0.00164	0.00384	0.00548	0.00493	0.00767
34	0.01842	0.01357	0.01454	0.01115	0.01503	0.01503	0.00921	0.78330	0.02278	0.03054	0.01163	0.01163	0.00824	0.00582	0.00485	0.00145	0.00533	0.00436	0.00485	0.00824
35	0.01560	0.01156	0.01236	0.01024	0.01351	0.02739	0.00821	0.30389	0.40663	0.11190	0.01646	0.01536	0.01191	0.00620	0.00488	0.00155	0.00451	0.00496	0.00498	0.00791
36	0.86392	0.00937	0.00712	0.00637	0.00937	0.01087	0.00525	0.01425	0.00825	0.02174	0.00675	0.00787	0.00525	0.00450	0.00300	0.00150	0.00375	0.00262	0.00300	0.00525
37	0.01365	0.00853	0.00997	0.00842	0.01131	0.00848	0.00663	0.06214	0.27075	0.24208	0.05676	0.08617	0.08382	0.00739	0.00497	0.00151	0.00370	0.00620	0.00494	0.10257
38	0.00694	0.00511	0.00736	0.00736	0.00808	0.00583	0.00553	0.00838	0.00766	0.01094	0.01337	0.02118	0.01305	0.17072	0.67739	0.00726	0.01158	0.00551	0.00265	0.00409
39	0.00686	0.00495	0.00648	0.00610	0.00724	0.00457	0.00457	0.00914	0.01372	0.01943	0.79691	0.03620	0.04572	0.00991	0.00572	0.00152	0.00229	0.00876	0.00533	0.00457
40	0.02133	0.00858	0.01141	0.00878	0.01251	0.00766	0.00724	0.06287	0.03401	0.74315	0.01875	0.01628	0.01187	0.00600	0.00487	0.00150	0.00418	0.00486	0.00591	0.00823
41	0.01810	0.02310	0.01373	0.01248	0.01498	0.81024	0.00936	0.01935	0.01373	0.01186	0.00749	0.00874	0.00624	0.00499	0.00437	0.00125	0.00874	0.00312	0.00250	0.00562
42	0.00940	0.00887	0.01498	0.74935	0.10013	0.01083	0.01358	0.01260	0.00981	0.01268	0.00866	0.01284	0.00657	0.00480	0.00484	0.00160	0.00640	0.00431	0.00217	0.00558
43	0.00676	0.00495	0.00634	0.00599	0.00718	0.00453	0.00449	0.00895	0.01348	0.01888	0.73174	0.03711	0.11123	0.01011	0.00572	0.00153	0.00230	0.00889	0.00526	0.00453
44	0.01205	0.01041	0.01096	0.00986	0.01260	0.01205	0.00767	0.02575	0.79071	0.02027	0.01972	0.01808	0.01479	0.00657	0.00493	0.00164	0.00384	0.00548	0.00493	0.00767
45	0.01296	0.83261	0.02539	0.00829	0.01244	0.01917	0.00829	0.01451	0.00985	0.01140	0.00674	0.00777	0.00622	0.00415	0.00311	0.00104	0.00518	0.00259	0.00207	0.00622
46	0.01199	0.01151	0.01967	0.02974	0.79946	0.01151	0.01487	0.01487	0.01103	0.01583	0.00912	0.01199	0.00768	0.00432	0.00480	0.00144	0.00576	0.00432	0.00240	0.00768
47	0.00590	0.00422	0.00562	0.00675	0.00703	0.00394	0.00450	0.00675	0.00928	0.01237	0.02671	0.82653	0.03205	0.01518	0.00619	0.00197	0.00281	0.01378	0.00450	0.00394
48	0.01205	0.01041	0.01096	0.00986	0.01260	0.01205	0.00767	0.02575	0.79071	0.02027	0.01972	0.01808	0.01479	0.00657	0.00493	0.00164	0.00384	0.00548	0.00493	0.00767
49	0.01041	0.01005	0.01753	0.45705	0.32745	0.01116	0.06968	0.01357	0.01033	0.01394	0.00889	0.01257	0.00699	0.00459	0.00489	0.00155	0.00631	0.00441	0.00227	0.00635
50	0.00590	0.00474	0.00527	0.00550	0.00674	0.00411	0.00399	0.00716	0.01092	0.01364	0.12965	0.23720	0.52276	0.01272	0.00584	0.00171	0.00252	0.01093	0.00460	0.00411
51	0.01428	0.01091	0.01176	0.01003	0.01311	0.01227	0.00796	0.18990	0.55643	0.09069	0.01792	0.01654	0.01313	0.00636	0.00491	0.00159	0.00419	0.00518	0.00501	0.00784
52	0.01288	0.81444	0.04293	0.00842	0.01263	0.01900	0.00851	0.01453	0.00986	0.01149	0.00678	0.00783	0.00622	0.00416	0.00314	0.00105	0.00523	0.00261	0.00207	0.00624
53	0.01219	0.01195	0.01927	0.02847	0.74100	0.04398	0.01450	0.01494	0.01102	0.01553	0.00896	0.01181	0.00757	0.00449	0.00516	0.00145	0.03352	0.00427	0.00239	0.00751
54	0.00590	0.00492	0.00514	0.00509	0.00665	0.00416	0.00381	0.00728	0.01144	0.01403	0.15996	0.04509	0.68605	0.01192	0.00573	0.00162	0.00243	0.01001	0.00462	0.00416
55	0.00692	0.00519	0.00779	0.00779	0.00865	0.00606	0.00606	0.00865	0.00779	0.01125	0.01298	0.01904	0.01211	0.03634	0.81049	0.00779	0.01298	0.00519	0.00260	0.00433
56	0.00903	0.00452	0.00452	0.00452	0.00565	0.00452	0.00339	0.01129	0.01016	0.01807	0.01581	0.01807	0.01242	0.00565	0.00339	0.00113	0.00226	0.00452	0.85659	0.00452
57	0.00903	0.00452	0.00452	0.00452	0.00565	0.00452	0.00339	0.01129	0.01016	0.01807	0.01581	0.01807	0.01242	0.00565	0.00339	0.00113	0.00226	0.00452	0.85659	0.00452
58	0.00915	0.00861	0.01453	0.81804	0.03338	0.01077	0.01346	0.01238	0.00969	0.01238	0.00861	0.01292	0.00646	0.00484	0.00484	0.00161	0.00646	0.00431	0.00215	0.00538
59	0.01842	0.01357	0.01454	0.01115	0.01503	0.01503	0.00921	0.78330	0.02278	0.03054	0.01163	0.01163	0.00824	0.00582	0.00485	0.00145	0.00533	0.00436	0.00485	0.00824
60	0.86392	0.00937	0.00712	0.00637	0.00937	0.01087	0.00525	0.01425	0.00825	0.02174	0.00675	0.00787	0.00525	0.00450	0.00300	0.00150	0.00375	0.00262	0.00300	0.00525
61	0.01842	0.01357	0.01454	0.01115	0.01503	0.01503	0.00921	0.78330	0.02278	0.03054	0.01163	0.01163	0.00824	0.00582	0.00485	0.00145	0.00533	0.00436	0.00485	0.00824
62	0.02174	0.00825	0.01125	0.00862	0.01237	0.00712	0.00712	0.02362	0.01387	0.80282	0.01912	0.01649	0.01200	0.00600	0.00487	0.00150	0.00412	0.00487	0.00600	0.00825
63	0.02174	0.00825	0.01125	0.00862	0.01237	0.00712	0.00712	0.02362	0.01387	0.80282	0.01912	0.01649	0.01200	0.00600	0.00487	0.00150	0.00412	0.00487	0.00600	0.00825
64	0.01296	0.83261	0.02539	0.00829	0.01244	0.01917	0.00829	0.01451	0.00985	0.01140	0.00674	0.00777	0.00622	0.00415	0.00311	0.00104	0.00518	0.00259	0.00207	0.00622
65	0.01205	0.01041	0.01096	0.00986	0.01260	0.01205	0.00767	0.02575	0.79071	0.02027	0.01972	0.01808	0.01479	0.00657	0.00493	0.00164	0.00384	0.00548	0.00493	0.00767
66	0.01144	0.01307	0.02859	0.02042	0.02533	0.01225	0.78186	0.01552	0.01144	0.01552	0.00980	0.01307	0.00735	0.00408	0.00572	0.00163	0.00817	0.00572	0.00245	0.00654
67	0.02174	0.00825	0.01125	0.00862	0.01237	0.00712	0.00712	0.02362	0.01387	0.80282	0.01912	0.01649	0.01200	0.00600	0.00487	0.00150	0.00412	0.00487	0.00600	0.00825
68	0.00583	0.00491	0.00505	0.00501	0.00661	0.00413	0.00376	0.00715	0.01128	0.01364	0.11425	0.04573	0.73199	0.01207	0.00573	0.00163	0.00244	0.01010	0.00457	0.00413
69	0.02174	0.00825	0.01125	0.00862	0.01237	0.00712	0.00712	0.02362	0.01387	0.80282	0.01912	0.01649	0.01200	0.00600	0.00487	0.00150	0.00412	0.00487	0.00600	0.00825
70	0.04182	0.80469	0.02477	0.00823	0.01233	0.01889	0.00819	0.01450	0.00979	0.01175	0.00674	0.00778	0.00619	0.00416	0.00311	0.00105	0.00513	0.00259	0.00210	0.00619
71	0.00574	0.00485	0.00497	0.00507	0.00659	0.00408	0.00375	0.00694	0.01089	0.01303	0.04714	0.11459	0.73080	0.01253	0.00577	0.00167	0.00249	0.01054	0.00450	0.00408
72	0.00686	0.00495	0.00648	0.00610	0.00724	0.00457	0.00457	0.00914	0.01372	0.01943	0.79691	0.03620	0.04572	0.00991	0.00572	0.00152	0.00229	0.00876	0.00533	0.00457
73	0.02041	0.00922	0.01171	0.00910	0.01278	0.00872	0.00748	0.13597	0.08288	0.62060	0.01807	0.01591	0.01169	0.00602	0.00487	0.00151	0.00428	0.00485	0.00574	0.00820
74	0.00790	0.00675	0.00831	0.00820	0.00920	0.07613	0.00635	0.00959	0.00831	0.01130	0.01250	0.01814	0.01160	0.03361	0.74025	0.00722	0.01261	0.00501	0.00259	0.00444
75	0.01839	0.01440	0.01447	0.01127	0.01502	0.08432	0.00922	0.71674	0.02200	0.02891	0.01127	0.01138	0.00807	0.00575	0.00481	0.00144	0.00563	0.00425	0.00464	0.00801
76	0.00625	0.00456	0.00592	0.00692	0.00734	0.00439	0.00468	0.00781	0.05309	0.01281	0.02632	0.78120	0.03108	0.01470	0.00612	0.00195	0.00287	0.01331	0.00452	0.00415
77	0.01634	0.04654	0.01326	0.01168	0.01399	0.66965	0.00886	0.01766	0.01276	0.01176	0.00825	0.01018	0.00708	0.00946	0.11977	0.00218	0.00923	0.00340	0.00250	0.00545
78	0.00694	0.00514	0.00752	0.00752	0.00829	0.00591	0.00572	0.00848	0.00771	0.01105	0.01323	0.02040	0.01271	0.12176	0.72588	0.00746	0.01209	0.00539	0.00263	0.00418
79	0.08508	0.01071	0.01345	0.01165	0.01206	0.05481	0.00956	0.01197	0.00780	0.01242	0.00707	0.01160	0.00699	0.05451	0.02905	0.00227	0.64735	0.00422	0.00227	0.00516
80	0.00971	0.02366	0.73337	0.07220	0.02195	0.01124	0.03134	0.01514	0.01021	0.01514	0.00871	0.01048	0.00618	0.00461	0.00464	0.00154	0.00713	0.00367	0.00206	0.00702
81	0.01739	0.02177	0.01334	0.01213	0.01463	0.73362	0.00912	0.01957	0.07185	0.01252	0.00928	0.01023	0.02343	0.00526	0.00444	0.00129	0.00824	0.00345	0.00272	0.00574
82	0.01114	0.01241	0.02599	0.09968	0.02504	0.01233	0.63766	0.01487	0.01091	0.01487	0.00938	0.01284	0.00718	0.00454	0.00652	0.00167	0.07881	0.00545	0.00239	0.00631
83	0.01213	0.01061	0.01055	0.00954	0.01213	0.05615	0.00739	0.02413	0.67913	0.01961	0.01870	0.01756	0.01411	0.00641	0.00476	0.00158	0.00397	0.00526	0.07901	0.00728
84	0.57072	0.03399	0.00976	0.00829	0.01125	0.21436	0.00664	0.06726	0.01066	0.01956	0.00726	0.00834	0.00573	0.00470	0.00347	0.00142	0.00516	0.00287	0.00297	0.00557
85	0.01073	0.04340	0.37554	0.08194	0.32409	0.01166	0.04095	0.01485	0.01048	0.01513	0.00879	0.01114	0.00681	0.00455	0.00488	0.00150	0.02024	0.00397	0.00221	0.00714
86	0.01069	0.16365	0.55178	0.01192	0.01812	0.01195	0.01448	0.01509	0.01025	0.03870	0.00866	0.00997	0.00645	0.00445	0.00423	0.00135	0.00631	0.00336	0.00227	0.10632
87	0.01342	0.00851	0.01039	0.00759	0.01174	0.00665	0.00614	0.01549	0.01115	0.24235	0.01164	0.01190	0.00856	0.00428	0.00396	0.00094	0.00374	0.00345	0.00377	0.61432
88	0.00717	0.00568	0.02326	0.00739	0.00822	0.00537	0.00530	0.04865	0.07809	0.01406	0.02495	0.69697	0.02878	0.01373	0.00597	0.00190	0.00312	0.01235	0.00450	0.00455
89	0.00686	0.00495	0.00648	0.00610	0.00724	0.00457	0.00457	0.00914	0.01372	0.01943	0.79691	0.03620	0.04572	0.00991	0.00572	0.00152	0.00229	0.00876	0.00533	0.00457
90	0.01317	0.01094	0.16423	0.00901	0.01195	0.00829	0.00826	0.13880	0.01182	0.19914	0.01323	0.03717	0.01097	0.14582	0.01081	0.15298	0.01972	0.00499	0.02288	0.00582
91	0.01052	0.22363	0.61299	0.01245	0.01888	0.01320	0.01554	0.01514	0.01014	0.01438	0.00821	0.00963	0.00616	0.00449	0.00424	0.00141	0.00668	0.00334	0.00205	0.00693
92	0.02091	0.00806	0.01098	0.00848	0.01208	0.00698	0.00698	0.02281	0.01386	0.75889	0.06273	0.01760	0.01389	0.00622	0.00492	0.00150	0.00402	0.00509	0.00596	0.00804
93	0.02174	0.00825	0.01125	0.00862	0.01237	0.00712	0.00712	0.02362	0.01387	0.80282	0.01912	0.01649	0.01200	0.00600	0.00487	0.00150	0.00412	0.00487	0.00600	0.00825
94	0.01756	0.01353	0.01271	0.01028	0.01347	0.16755	0.00827	0.42022	0.01797	0.13441	0.01230	0.01252	0.00886	0.00571	0.00478	0.00139	0.01972	0.00421	0.10733	0.00723
95	0.00972	0.02507	0.80458	0.01381	0.02097	0.01125	0.01790	0.01535	0.01023	0.01535	0.00870	0.01023	0.00614	0.00460	0.00460	0.00153	0.00716	0.00358	0.00205	0.00716
96	0.00698	0.00471	0.00527	0.00527	0.00535	0.00467	0.00297	0.00704	0.00725	0.00959	0.01701	0.03248	0.05786	0.78752	0.02369	0.00454	0.00458	0.00721	0.00302	0.00300
97	0.00937	0.00894	0.01543	0.75016	0.05894	0.01087	0.05315	0.01263	0.00983	0.01266	0.00869	0.01290	0.00655	0.00479	0.00489	0.00161	0.00652	0.00438	0.00218	0.00552
98	0.01496	0.01798	0.01712	0.01588	0.11244	0.47205	0.17487	0.01705	0.01239	0.01307	0.00866	0.01096	0.00717	0.00745	0.07495	0.00192	0.00862	0.00400	0.00248	0.00595
99	0.00686	0.00501	0.00708	0.00718	0.00782	0.00559	0.00528	0.00816	0.00777	0.01096	0.01465	0.09202	0.01499	0.19823	0.57823	0.00664	0.01038	0.00632	0.00283	0.00401
100	0.00903	0.00452	0.00452	0.00452	0.00565	0.00452	0.00339	0.01129	0.01016	0.01807	0.01581	0.01807	0.01242	0.00565	0.00339	0.00113	0.00226	0.00452	0.85659	0.00452
101	0.00693	0.00517	0.00766	0.00766	0.00848	0.00599	0.00590	0.00857	0.00775	0.01115	0.01310	0.01969	0.01240	0.07728	0.76994	0.00763	0.01255	0.00529	0.00261	0.00426
102	0.01773	0.02184	0.03925	0.02501	0.01547	0.68092	0.00968	0.10663	0.01459	0.01412	0.00802	0.00918	0.00647	0.00507	0.00444	0.00129	0.00826	0.00330	0.00275	0.00596
103	0.00693	0.00515	0.00757	0.00757	0.00836	0.00594	0.00579	0.00851	0.00772	0.01109	0.01318	0.02014	0.01259	0.10547	0.74201	0.00752	0.01226	0.00535	0.00263	0.00421
104	0.00915	0.00861	0.01453	0.81804	0.03338	0.01077	0.01346	0.01238	0.00969	0.01238	0.00861	0.01292	0.00646	0.00484	0.00484	0.00161	0.00646	0.00431	0.00215	0.00538
105	0.04157	0.67345	0.12567	0.00904	0.01353	0.01773	0.00947	0.03931	0.01026	0.01288	0.00715	0.00822	0.00624	0.00427	0.00336	0.00113	0.00540	0.00278	0.00219	0.00637
106	0.01666	0.01278	0.04099	0.01122	0.01500	0.01342	0.04885	0.48574	0.18898	0.09430	0.01386	0.01349	0.00988	0.00587	0.00490	0.00151	0.00511	0.00469	0.00475	0.00799
107	0.00589	0.00426	0.00558	0.00664	0.00700	0.00394	0.00445	0.00676	0.00938	0.01241	0.02796	0.78280	0.07497	0.01502	0.00616	0.00195	0.00279	0.01358	0.00450	0.00394
108	0.00660	0.00479	0.00629	0.00678	0.00753	0.00455	0.00491	0.00847	0.03309	0.01544	0.31598	0.43866	0.03634	0.01280	0.00602	0.00182	0.00279	0.07801	0.00482	0.00433
109	0.02174	0.00825	0.01125	0.00862	0.01237	0.00712	0.00712	0.02362	0.01387	0.80282	0.01912	0.01649	0.01200	0.00600	0.00487	0.00150	0.00412	0.00487	0.00600	0.00825
110	0.79025	0.00974	0.00777	0.00679	0.00986	0.01123	0.00559	0.08126	0.00951	0.02251	0.00717	0.00820	0.00551	0.00461	0.00316	0.00150	0.00389	0.00278	0.00316	0.00551
111	0.00573	0.00491	0.00491	0.00491	0.00655	0.00409	0.00368	0.00695	0.01105	0.01309	0.04909	0.04664	0.79750	0.01227	0.00573	0.00164	0.00245	0.01023	0.00450	0.00409
112	0.00573	0.00491	0.00491	0.00491	0.00655	0.00409	0.00368	0.00695	0.01105	0.01309	0.04909	0.04664	0.79750	0.01227	0.00573	0.00164	0.00245	0.01023	0.00450	0.00409
113	0.00686	0.00495	0.00648	0.00610	0.00724	0.00457	0.00457	0.00914	0.01372	0.01943	0.79691	0.03620	0.04572	0.00991	0.00572	0.00152	0.00229	0.00876	0.00533	0.00457
114	0.02174	0.00825	0.01125	0.00862	0.01237	0.00712	0.00712	0.02362	0.01387	0.80282	0.01912	0.01649	0.01200	0.00600	0.00487	0.00150	0.00412	0.00487	0.00600	0.00825
115	0.86392	0.00937	0.00712	0.00637	0.00937	0.01087	0.00525	0.01425	0.00825	0.02174	0.00675	0.00787	0.00525	0.00450	0.00300	0.00150	0.00375	0.00262	0.00300	0.00525
116	0.00813	0.00438	0.00652	0.00652	0.00666	0.00452	0.00446	0.00672	0.00658	0.00891	0.00938	0.01600	0.00932	0.04729	0.14680	0.69301	0.00564	0.00446	0.00221	0.00249
117	0.01289	0.81667	0.04077	0.00840	0.01261	0.01902	0.00848	0.01453	0.00985	0.01148	0.00678	0.00782	0.00622	0.00415	0.00314	0.00105	0.00522	0.00261	0.00207	0.00624
118	0.01394	0.13088	0.16027	0.06881	0.22968	0.03810	0.01181	0.02901	0.01149	0.19389	0.01090	0.01192	0.00802	0.00477	0.00446	0.00138	0.00557	0.00394	0.00316	0.05800
119	0.01088	0.01397	0.17447	0.08766	0.33432	0.01121	0.21826	0.01461	0.01102	0.01557	0.05335	0.01337	0.00932	0.00467	0.00506	0.00153	0.00654	0.00479	0.00249	0.00691
120	0.01168	0.01227	0.01411	0.25096	0.13689	0.19571	0.02269	0.02826	0.01058	0.01290	0.01009	0.08206	0.00944	0.05223	0.00761	0.00178	0.12758	0.00501	0.00257	0.00558
121	0.86392	0.00937	0.00712	0.00637	0.00937	0.01087	0.00525	0.01425	0.00825	0.02174	0.00675	0.00787	0.00525	0.00450	0.00300	0.00150	0.00375	0.00262	0.00300	0.00525
122	0.86392	0.00937	0.00712	0.00637	0.00937	0.01087	0.00525	0.01425	0.00825	0.02174	0.00675	0.00787	0.00525	0.00450	0.00300	0.00150	0.00375	0.00262	0.00300	0.00525
123	0.01144	0.01307	0.02859	0.02042	0.02533	0.01225	0.78186	0.01552	0.01144	0.01552	0.00980	0.01307	0.00735	0.00408	0.00572	0.00163	0.00817	0.00572	0.00245	0.00654
124	0.00686	0.00495	0.00648	0.00610	0.00724	0.00457	0.00457	0.00914	0.01372	0.01943	0.79691	0.03620	0.04572	0.00991	0.00572	0.00152	0.00229	0.00876	0.00533	0.00457
125	0.00693	0.00517	0.00765	0.00765	0.00847	0.00598	0.00589	0.00857	0.00775	0.01115	0.01310	0.01972	0.01241	0.07904	0.76820	0.00762	0.01253	0.00529	0.00261	0.00425
126	0.01806	0.01355	0.01527	0.01163	0.01556	0.01489	0.04908	0.74369	0.02220	0.02977	0.01154	0.01171	0.00820	0.00573	0.00489	0.00146	0.00548	0.00443	0.00472	0.00815
127	0.00616	0.00493	0.00551	0.00537	0.00681	0.00428	0.00403	0.00780	0.01208	0.01554	0.33746	0.04261	0.50760	0.01136	0.00572	0.00159	0.00239	0.00966	0.00482	0.00428
128	0.01005	0.00861	0.01005	0.00718	0.01148	0.00646	0.00574	0.01220	0.01005	0.01579	0.00861	0.01005	0.00718	0.00359	0.00359	0.00072	0.00359	0.00287	0.00287	0.85932
129	0.00784	0.00563	0.00704	0.00775	0.00836	0.00510	0.00526	0.00854	0.01128	0.01545	0.19252	0.63916	0.03588	0.01487	0.00674	0.00216	0.00329	0.01299	0.00519	0.00495
130	0.86392	0.00937	0.00712	0.00637	0.00937	0.01087	0.00525	0.01425	0.00825	0.02174	0.00675	0.00787	0.00525	0.00450	0.00300	0.00150	0.00375	0.00262	0.00300	0.00525
131	0.86392	0.00937	0.00712	0.00637	0.00937	0.01087	0.00525	0.01425	0.00825	0.02174	0.00675	0.00787	0.00525	0.00450	0.00300	0.00150	0.00375	0.00262	0.00300	0.00525
132	0.00781	0.00558	0.00781	0.00892	0.01004	0.00558	0.00781	0.01004	0.01116	0.01450	0.02566	0.05466	0.02789	0.01339	0.00669	0.00223	0.00446	0.76685	0.00446	0.00446
133	0.00758	0.00645	0.01123	0.00998	0.01149	0.00607	0.19563	0.00938	0.00993	0.01369	0.02159	0.53783	0.02419	0.01159	0.00584	0.00182	0.00412	0.03008	0.07686	0.00464
134	0.00918	0.00803	0.01005	0.01169	0.16965	0.00822	0.00735	0.01489	0.26262	0.01673	0.12203	0.02913	0.29382	0.00853	0.00528	0.00159	0.00355	0.00732	0.00431	0.00603
135	0.00920	0.00868	0.01455	0.79099	0.03268	0.01090	0.01336	0.01236	0.00961	0.01236	0.00854	0.01284	0.00646	0.00497	0.00522	0.00163	0.03382	0.00430	0.00215	0.00538
136	0.01068	0.13880	0.41545	0.05650	0.02168	0.01269	0.24695	0.01512	0.01051	0.01467	0.00874	0.01087	0.00653	0.00439	0.00473	0.00150	0.00714	0.00412	0.00218	0.00674
137	0.07923	0.01136	0.01269	0.01016	0.04004	0.01158	0.00802	0.42297	0.01717	0.11857	0.01136	0.01157	0.00819	0.00515	0.00441	0.00128	0.00466	0.00393	0.00429	0.21337
138	0.00787	0.00473	0.00558	0.00552	0.00659	0.00461	0.00414	0.01003	0.01141	0.01787	0.32391	0.07104	0.02690	0.00959	0.04617	0.00170	0.00290	0.02130	0.41366	0.00450
139	0.01340	0.01011	0.01100	0.00969	0.01257	0.01137	0.00759	0.02545	0.68294	0.12884	0.01964	0.01786	0.01440	0.00649	0.00492	0.00162	0.00388	0.00539	0.00508	0.00775
140	0.00583	0.00491	0.00505	0.00501	0.00661	0.00413	0.00376	0.00715	0.01128	0.01364	0.11425	0.04573	0.73199	0.01207	0.00573	0.00163	0.00244	0.01010	0.00457	0.00413
141	0.86392	0.00937	0.00712	0.00637	0.00937	0.01087	0.00525	0.01425	0.00825	0.02174	0.00675	0.00787	0.00525	0.00450	0.00300	0.00150	0.00375	0.00262	0.00300	0.00525
142	0.86392	0.00937	0.00712	0.00637	0.00937	0.01087	0.00525	0.01425	0.00825	0.02174	0.00675	0.00787	0.00525	0.00450	0.00300	0.00150	0.00375	0.00262	0.00300	0.00525
143	0.01842	0.01357	0.01454	0.01115	0.01503	0.01503	0.00921	0.78330	0.02278	0.03054	0.01163	0.01163	0.00824	0.00582	0.00485	0.00145	0.00533	0.00436	0.00485	0.00824
144	0.86392	0.00937	0.00712	0.00637	0.00937	0.01087	0.00525	0.01425	0.00825	0.02174	0.00675	0.00787	0.00525	0.00450	0.00300	0.00150	0.00375	0.00262	0.00300	0.00525
145	0.01842	0.01357	0.01454	0.01115	0.01503	0.01503	0.00921	0.78330	0.02278	0.03054	0.01163	0.01163	0.00824	0.00582	0.00485	0.00145	0.00533	0.00436	0.00485	0.00824
146	0.01794	0.01334	0.01427	0.01105	0.01485	0.01481	0.00910	0.72658	0.08028	0.02977	0.01224	0.01212	0.00873	0.00587	0.00485	0.00147	0.00522	0.00445	0.00485	0.00820
147	0.00696	0.00503	0.00698	0.00698	0.00757	0.00562	0.00505	0.00814	0.00755	0.01065	0.01372	0.02312	0.01389	0.29198	0.55727	0.00679	0.01031	0.00579	0.00271	0.00388
148	0.00582	0.00491	0.00504	0.00501	0.00660	0.00413	0.00376	0.00714	0.01127	0.01363	0.11304	0.04574	0.73321	0.01207	0.00573	0.00163	0.00244	0.01010	0.00457	0.00413
149	0.00712	0.00543	0.00793	0.00782	0.00857	0.00639	0.00602	0.00867	0.00770	0.01111	0.01284	0.01971	0.01230	0.10404	0.70102	0.00723	0.05394	0.00530	0.00260	0.00426
150	0.82047	0.00931	0.00734	0.00649	0.00953	0.01068	0.00534	0.01473	0.00854	0.06204	0.00739	0.00832	0.00560	0.00458	0.00310	0.00150	0.00377	0.00274	0.00315	0.00540
151	0.00702	0.00480	0.00582	0.00582	0.00601	0.00499	0.00361	0.00739	0.00721	0.00980	0.01478	0.02898	0.01643	0.65895	0.19379	0.00536	0.00648	0.00665	0.00286	0.00324
152	0.00680	0.00495	0.00640	0.00604	0.00720	0.00455	0.00453	0.00903	0.01358	0.01911	0.75832	0.03674	0.08451	0.01003	0.00572	0.00153	0.00229	0.00884	0.00529	0.00455
153	0.01031	0.00984	0.01644	0.46030	0.31105	0.01139	0.01373	0.01323	0.00998	0.01358	0.00860	0.01238	0.00689	0.00497	0.00579	0.00159	0.07716	0.00430	0.00224	0.00621
154	0.01000	0.09543	0.73669	0.01333	0.02023	0.01194	0.01707	0.01527	0.01020	0.01500	0.00853	0.01002	0.00615	0.00456	0.00447	0.00149	0.00699	0.00349	0.00205	0.00708
155	0.01268	0.01265	0.01363	0.01159	0.01298	0.21161	0.07577	0.02670	0.00998	0.06380	0.00963	0.01468	0.00896	0.14962	0.03967	0.00244	0.31096	0.00465	0.00270	0.00529
156	0.00736	0.00542	0.00768	0.00752	0.00806	0.00629	0.00560	0.00835	0.00748	0.01065	0.01255	0.02065	0.01249	0.19729	0.51716	0.08088	0.07264	0.00542	0.00259	0.00392
157	0.00967	0.00919	0.01559	0.66263	0.15645	0.01099	0.02592	0.01282	0.00989	0.01297	0.00867	0.01273	0.00667	0.00482	0.00506	0.00160	0.02201	0.00433	0.00220	0.00577
158	0.00979	0.01588	0.36428	0.01036	0.01581	0.00862	0.02516	0.01348	0.01013	0.01547	0.00928	0.03762	0.00755	0.00444	0.00417	0.00114	0.00524	0.00361	0.00255	0.43543
159	0.48806	0.01435	0.01169	0.00996	0.01300	0.27733	0.09232	0.01609	0.01043	0.01776	0.00733	0.00873	0.00581	0.00462	0.00376	0.00143	0.00590	0.00313	0.00277	0.00551
160	0.00774	0.00550	0.00759	0.00861	0.00963	0.00550	0.00738	0.00978	0.01080	0.01406	0.02475	0.05266	0.02699	0.08452	0.00826	0.00245	0.00448	0.70064	0.00433	0.00433
161	0.01501	0.01327	0.10597	0.01385	0.11077	0.05044	0.10692	0.20019	0.02605	0.16413	0.01160	0.01231	0.00835	0.00495	0.00471	0.00137	0.00561	0.00426	0.00373	0.13650
162	0.01041	0.00996	0.01743	0.28922	0.37333	0.01058	0.09387	0.01338	0.01054	0.01438	0.01095	0.06119	0.00976	0.00560	0.00510	0.00159	0.00600	0.04778	0.00256	0.00640
163	0.01144	0.28096	0.46935	0.01221	0.01805	0.03824	0.05369	0.01545	0.01038	0.03670	0.00839	0.00973	0.00640	0.00448	0.00419	0.00137	0.00654	0.00340	0.00220	0.00681
164	0.01167	0.29697	0.42609	0.01221	0.01795	0.01379	0.08058	0.01556	0.01042	0.06024	0.00874	0.01001	0.00662	0.00449	0.00421	0.00137	0.00640	0.00351	0.00232	0.00685
165	0.00919	0.00482	0.00485	0.00479	0.00600	0.00491	0.00361	0.01204	0.05043	0.01818	0.01601	0.01807	0.01254	0.00569	0.00347	0.00116	0.00234	0.00457	0.81265	0.00468
166	0.00671	0.00496	0.00627	0.00597	0.00719	0.00452	0.00450	0.00884	0.01328	0.01841	0.67307	0.03806	0.15634	0.01032	0.00573	0.00155	0.00235	0.02224	0.00520	0.00450
167	0.01234	0.09489	0.45160	0.01356	0.04776	0.03892	0.08116	0.04939	0.04746	0.10241	0.01037	0.01138	0.00745	0.00482	0.00462	0.00148	0.00650	0.00395	0.00280	0.00718
168	0.00705	0.00470	0.00529	0.00529	0.00529	0.00470	0.00294	0.00705	0.00705	0.00940	0.01527	0.03171	0.01762	0.82969	0.02467	0.00470	0.00470	0.00705	0.00294	0.00294
169	0.00676	0.00495	0.00634	0.00599	0.00718	0.00453	0.00449	0.00895	0.01348	0.01888	0.73174	0.03711	0.11123	0.01011	0.00572	0.00153	0.00230	0.00889	0.00526	0.00453
170	0.01127	0.01067	0.01805	0.11068	0.65376	0.01086	0.01388	0.01414	0.01111	0.01577	0.07385	0.01408	0.01068	0.00483	0.00488	0.00146	0.00555	0.00468	0.00261	0.00718
171	0.01198	0.01152	0.01966	0.02919	0.77040	0.01154	0.02855	0.01509	0.02601	0.01591	0.00933	0.01213	0.00781	0.00436	0.00482	0.00145	0.00576	0.00437	0.00245	0.00766
172	0.01976	0.00888	0.01120	0.00873	0.01223	0.00837	0.00716	0.14851	0.04137	0.57991	0.01761	0.01588	0.01151	0.00596	0.00474	0.00146	0.00415	0.00478	0.07989	0.00790
173	0.00656	0.00494	0.00606	0.00578	0.00706	0.00445	0.00434	0.00857	0.01301	0.01775	0.59893	0.03896	0.24475	0.01053	0.00572	0.00155	0.00233	0.00915	0.00511	0.00445
174	0.00935	0.00882	0.01603	0.18145	0.08314	0.00900	0.25737	0.01169	0.00955	0.01278	0.01215	0.02136	0.01170	0.28204	0.01188	0.00267	0.00626	0.04503	0.00265	0.00507
175	0.01019	0.01005	0.01404	0.01220	0.01223	0.01389	0.01007	0.01123	0.00758	0.01172	0.00813	0.08170	0.00860	0.00907	0.01506	0.00211	0.74954	0.00507	0.00233	0.00518
176	0.02174	0.00825	0.01125	0.00862	0.01237	0.00712	0.00712	0.02362	0.01387	0.80282	0.01912	0.01649	0.01200	0.00600	0.00487	0.00150	0.00412	0.00487	0.00600	0.00825
177	0.00668	0.00521	0.00623	0.00674	0.00814	0.00477	0.00557	0.00836	0.01110	0.01374	0.03840	0.05030	0.44633	0.01278	0.00617	0.00191	0.00337	0.35547	0.00448	0.00426
178	0.00739	0.00578	0.00828	0.00802	0.00866	0.00692	0.00615	0.00878	0.00764	0.01103	0.01251	0.01986	0.01222	0.14823	0.60014	0.00665	0.10957	0.00535	0.00259	0.00424
179	0.01038	0.01025	0.01434	0.03274	0.01286	0.01422	0.01028	0.01144	0.00746	0.01156	0.00688	0.01175	0.00694	0.05076	0.01608	0.00224	0.75809	0.00439	0.00216	0.00518
180	0.01296	0.83261	0.02539	0.00829	0.01244	0.01917	0.00829	0.01451	0.00985	0.01140	0.00674	0.00777	0.00622	0.00415	0.00311	0.00104	0.00518	0.00259	0.00207	0.00622
181	0.86392	0.00937	0.00712	0.00637	0.00937	0.01087	0.00525	0.01425	0.00825	0.02174	0.00675	0.00787	0.00525	0.00450	0.00300	0.00150	0.00375	0.00262	0.00300	0.00525
182	0.01842	0.01357	0.01454	0.01115	0.01503	0.01503	0.00921	0.78330	0.02278	0.03054	0.01163	0.01163	0.00824	0.00582	0.00485	0.00145	0.00533	0.00436	0.00485	0.00824
183	0.01842	0.01357	0.01454	0.01115	0.01503	0.01503	0.00921	0.78330	0.02278	0.03054	0.01163	0.01163	0.00824	0.00582	0.00485	0.00145	0.00533	0.00436	0.00485	0.00824
184	0.86392	0.00937	0.00712	0.00637	0.00937	0.01087	0.00525	0.01425	0.00825	0.02174	0.00675	0.00787	0.00525	0.00450	0.00300	0.00150	0.00375	0.00262	0.00300	0.00525
185	0.86392	0.00937	0.00712	0.00637	0.00937	0.01087	0.00525	0.01425	0.00825	0.02174	0.00675	0.00787	0.00525	0.00450	0.00300	0.00150	0.00375	0.00262	0.00300	0.00525
186	0.00686	0.00495	0.00648	0.00610	0.00724	0.00457	0.00457	0.00914	0.01372	0.01943	0.79691	0.03620	0.04572	0.00991	0.00572	0.00152	0.00229	0.00876	0.00533	0.00457
187	0.00815	0.00526	0.00611	0.00581	0.00709	0.00520	0.00438	0.01142	0.08004	0.01898	0.42653	0.02759	0.03013	0.00797	0.00475	0.00138	0.00241	0.00683	0.33514	0.00482
188	0.00915	0.00861	0.01453	0.81804	0.03338	0.01077	0.01346	0.01238	0.00969	0.01238	0.00861	0.01292	0.00646	0.00484	0.00484	0.00161	0.00646	0.00431	0.00215	0.00538
189	0.00584	0.00491	0.00506	0.00503	0.00661	0.00414	0.00377	0.00717	0.01131	0.01372	0.12302	0.04561	0.72317	0.01204	0.00573	0.00163	0.00244	0.01008	0.00458	0.00414
190	0.79054	0.00927	0.00748	0.00657	0.00963	0.01054	0.00541	0.01506	0.00874	0.08980	0.00783	0.00862	0.00584	0.00463	0.00316	0.00150	0.00378	0.00282	0.00326	0.00551
191	0.00611	0.00502	0.00539	0.00528	0.00682	0.00436	0.00397	0.00782	0.02656	0.01470	0.22263	0.04366	0.60753	0.01161	0.00571	0.00161	0.00244	0.00980	0.00470	0.00427
192	0.00573	0.00491	0.00491	0.00491	0.00655	0.00409	0.00368	0.00695	0.01105	0.01309	0.04909	0.04664	0.79750	0.01227	0.00573	0.00164	0.00245	0.01023	0.00450	0.00409
193	0.01252	0.02480	0.01140	0.01003	0.01278	0.07163	0.00781	0.02509	0.72005	0.01950	0.01860	0.01722	0.01402	0.00642	0.00486	0.00160	0.00422	0.00526	0.00470	0.00749
194	0.02668	0.01303	0.12278	0.02566	0.62421	0.01114	0.01453	0.01558	0.01109	0.07479	0.00977	0.01203	0.00776	0.00448	0.00475	0.00146	0.00579	0.00423	0.00263	0.00761
195	0.01290	0.77081	0.06718	0.00868	0.01296	0.03655	0.00883	0.01466	0.00995	0.01162	0.00686	0.00793	0.00622	0.00419	0.00322	0.00107	0.00537	0.00266	0.00208	0.00626
196	0.86392	0.00937	0.00712	0.00637	0.00937	0.01087	0.00525	0.01425	0.00825	0.02174	0.00675	0.00787	0.00525	0.00450	0.00300	0.00150	0.00375	0.00262	0.00300	0.00525
197	0.00626	0.00494	0.00562	0.00549	0.00687	0.00433	0.00412	0.00791	0.01203	0.01559	0.34995	0.04222	0.45659	0.03205	0.00622	0.00168	0.00249	0.02658	0.00480	0.00426
198	0.00972	0.02507	0.80458	0.01381	0.02097	0.01125	0.01790	0.01535	0.01023	0.01535	0.00870	0.01023	0.00614	0.00460	0.00460	0.00153	0.00716	0.00358	0.00205	0.00716
199	0.00915	0.00861	0.01453	0.81804	0.03338	0.01077	0.01346	0.01238	0.00969	0.01238	0.00861	0.01292	0.00646	0.00484	0.00484	0.00161	0.00646	0.00431	0.00215	0.00538
200	0.00979	0.01282	0.18537	0.48391	0.12245	0.01113	0.06503	0.01351	0.01004	0.01363	0.00873	0.01220	0.00660	0.00474	0.00504	0.00159	0.02088	0.00424	0.00218	0.00612
201	0.00638	0.00472	0.00596	0.00610	0.00706	0.00430	0.00440	0.00805	0.01191	0.01621	0.43659	0.28168	0.16492	0.01192	0.00586	0.00168	0.00248	0.01055	0.00494	0.00430
202	0.00735	0.00520	0.00610	0.00592	0.00592	0.00556	0.00359	0.00744	0.00708	0.00959	0.01451	0.02991	0.01666	0.75974	0.02392	0.00448	0.07422	0.00681	0.00287	0.00314
203	0.00701	0.00485	0.00605	0.00605	0.00631	0.00511	0.00388	0.00753	0.00727	0.00996	0.01457	0.02787	0.01595	0.58887	0.26320	0.00564	0.00721	0.00648	0.00283	0.00336
204	0.01951	0.01734	0.01277	0.01099	0.01397	0.49906	0.00850	0.02100	0.01379	0.31833	0.01200	0.01174	0.00847	0.00538	0.00456	0.00135	0.00695	0.00380	0.00385	0.00664
205	0.01188	0.00969	0.01067	0.00890	0.01221	0.00992	0.00699	0.02109	0.48842	0.05914	0.01596	0.01530	0.01209	0.00554	0.00448	0.00133	0.00377	0.00457	0.00429	0.29375
206	0.01010	0.10005	0.34035	0.20977	0.02069	0.01134	0.01316	0.05652	0.01066	0.01483	0.02764	0.07242	0.00924	0.00567	0.00500	0.00151	0.03366	0.00457	0.00254	0.05029
207	0.01496	0.25753	0.04356	0.01005	0.01369	0.08444	0.00878	0.31629	0.12090	0.02069	0.05484	0.01243	0.01038	0.00554	0.00434	0.00134	0.00527	0.00410	0.00376	0.00709
208	0.56143	0.05447	0.00846	0.00687	0.00948	0.00993	0.00564	0.01278	0.00832	0.01828	0.00838	0.01072	0.00709	0.01226	0.20159	0.00298	0.00609	0.00327	0.00284	0.04914
209	0.01225	0.06406	0.43688	0.01215	0.01737	0.07621	0.05290	0.03744	0.01148	0.12681	0.03814	0.07111	0.01032	0.00576	0.00476	0.00151	0.00627	0.00472	0.00303	0.00681
210	0.01492	0.01377	0.01284	0.01095	0.05759	0.20690	0.00820	0.23949	0.01484	0.04218	0.00955	0.01049	0.00743	0.00470	0.00425	0.00113	0.00550	0.00351	0.00342	0.32834
211	0.01123	0.00988	0.10512	0.00963	0.05761	0.03742	0.02172	0.04259	0.04439	0.15099	0.28593	0.03803	0.10223	0.00767	0.00516	0.00148	0.00401	0.00656	0.00445	0.05390
212	0.02199	0.00920	0.10158	0.00845	0.01137	0.00723	0.04692	0.03414	0.07972	0.05250	0.25002	0.02460	0.12645	0.00968	0.06535	0.00190	0.00450	0.00637	0.00406	0.13396
213	0.03998	0.01009	0.06978	0.12670	0.01536	0.00934	0.00865	0.19784	0.02690	0.14725	0.04356	0.07862	0.07740	0.00719	0.00498	0.00153	0.00464	0.04830	0.00415	0.07775
214	0.32647	0.01026	0.02823	0.15505	0.01607	0.01140	0.03468	0.11572	0.05505	0.11659	0.01009	0.01138	0.00741	0.00537	0.00516	0.00158	0.07591	0.00386	0.00345	0.00626
215	0.04007	0.01206	0.01537	0.04221	0.08435	0.07712	0.12829	0.16796	0.17826	0.13701	0.01319	0.01358	0.00962	0.00534	0.00483	0.00148	0.00549	0.00464	0.00400	0.05512

[dist]
# distance from previous block
# <min> <max>
0	13

# created by:
# /st0/software/busco_prod/Augustus/scripts/msa2prfl.pl ./align_prep/53356.fa
