[name]
unknown

[dist]
# distance from previous block
# <min> <max>
0	15

[block]
# block no. 0 follows, 48 sequences, length 38
# corresponding to MSA columns:
# 15-52
name=unknown_A
#
# <colnr> <probs for GDERKNQSTAVLIFYWHMCP>
#	G	D	E	R	K	N	Q	S	T	A	V	L	I	F	Y	W	H	M	C	P
0	0.00827	0.00591	0.00827	0.00945	0.01063	0.00591	0.00827	0.01063	0.01181	0.01536	0.02717	0.05788	0.02953	0.01417	0.00709	0.00236	0.00472	0.75313	0.00472	0.00472
1	0.01522	0.00795	0.01021	0.00897	0.03167	0.00738	0.00685	0.08061	0.04112	0.34271	0.14002	0.12808	0.06687	0.02156	0.00585	0.00170	0.00391	0.02729	0.00545	0.04659
2	0.01933	0.01364	0.01485	0.01141	0.01548	0.01484	0.00941	0.66225	0.04567	0.09541	0.01315	0.01291	0.00924	0.00613	0.00510	0.00153	0.00543	0.00465	0.00517	0.03442
3	0.00721	0.00496	0.00571	0.00583	0.00642	0.00472	0.00378	0.00811	0.00981	0.01339	0.13726	0.15448	0.14435	0.38286	0.01513	0.00321	0.00370	0.00911	0.07612	0.00386
4	0.05809	0.01000	0.01560	0.20491	0.33399	0.01040	0.01206	0.02937	0.01189	0.15704	0.04537	0.03984	0.01138	0.03125	0.00575	0.00171	0.00555	0.00518	0.00347	0.00712
5	0.01237	0.01311	0.02611	0.02598	0.36262	0.01263	0.43657	0.01613	0.01192	0.01658	0.01006	0.01334	0.00794	0.00443	0.00562	0.00164	0.00752	0.00540	0.00257	0.00745
6	0.03525	0.00663	0.00847	0.00792	0.00928	0.00665	0.03980	0.10305	0.01222	0.01682	0.16183	0.28361	0.08798	0.13435	0.05996	0.00270	0.00445	0.00968	0.00445	0.00490
7	0.00668	0.00501	0.00599	0.00624	0.00721	0.00455	0.00442	0.00804	0.01143	0.01502	0.23858	0.24908	0.26577	0.11552	0.00877	0.00222	0.00302	0.03337	0.00479	0.00428
8	0.01022	0.00650	0.00770	0.00695	0.00868	0.00639	0.00534	0.10934	0.01439	0.06984	0.36511	0.07873	0.07476	0.00963	0.01837	0.00166	0.00319	0.00779	0.18991	0.00550
9	0.00730	0.00503	0.00603	0.00643	0.00667	0.00495	0.00400	0.02927	0.00894	0.01192	0.02116	0.36282	0.02481	0.45764	0.01727	0.00366	0.00415	0.01038	0.00386	0.00372
10	0.00790	0.00575	0.00710	0.00739	0.00835	0.00560	0.00527	0.08850	0.01224	0.01642	0.15887	0.50252	0.08295	0.04091	0.00695	0.00203	0.00324	0.02836	0.00490	0.00475
11	0.03619	0.00614	0.00768	0.00760	0.00900	0.00585	0.00551	0.04752	0.03158	0.15624	0.04883	0.46553	0.07455	0.03556	0.00705	0.03060	0.00348	0.01086	0.00493	0.00530
12	0.02017	0.01330	0.01474	0.01130	0.01538	0.01433	0.00933	0.62932	0.02234	0.17610	0.01382	0.01329	0.00948	0.00620	0.00514	0.00155	0.00540	0.00472	0.00536	0.00873
13	0.00693	0.00527	0.00646	0.00713	0.00801	0.00505	0.00506	0.00921	0.07526	0.01453	0.08086	0.52236	0.17077	0.01429	0.00634	0.00197	0.00305	0.04799	0.00486	0.00460
14	0.03806	0.00708	0.00899	0.00791	0.01030	0.00646	0.00612	0.05144	0.01323	0.34848	0.09927	0.24691	0.11374	0.01022	0.00569	0.00174	0.00363	0.00878	0.00550	0.00646
15	0.03659	0.01185	0.01276	0.01045	0.01382	0.01308	0.00841	0.38736	0.26606	0.06377	0.08000	0.01806	0.04053	0.00698	0.00522	0.00162	0.00466	0.00557	0.00520	0.00799
16	0.00769	0.00501	0.00569	0.00576	0.00593	0.00501	0.00346	0.00803	0.00800	0.01105	0.01688	0.03382	0.01885	0.70270	0.02307	0.00450	0.00474	0.05211	0.07434	0.00335
17	0.07297	0.00663	0.00788	0.00735	0.00926	0.00644	0.00581	0.04363	0.03905	0.12081	0.28277	0.08012	0.13778	0.01016	0.00570	0.00173	0.00334	0.10528	0.04776	0.00555
18	0.01074	0.00797	0.01014	0.00909	0.01093	0.00895	0.00722	0.22283	0.01323	0.01837	0.07826	0.01949	0.01467	0.02706	0.50974	0.00581	0.01052	0.00557	0.00366	0.00577
19	0.01236	0.00997	0.01091	0.00955	0.01218	0.01107	0.00748	0.14775	0.43681	0.02305	0.23381	0.02337	0.02368	0.00782	0.00544	0.00167	0.00387	0.00658	0.00533	0.00730
20	0.00857	0.00606	0.00681	0.00687	0.00729	0.00602	0.00424	0.00975	0.07343	0.01239	0.02017	0.16215	0.03991	0.58962	0.02075	0.00426	0.00480	0.00881	0.00389	0.00421
21	0.00735	0.00543	0.00790	0.00790	0.00869	0.00622	0.00598	0.00894	0.00814	0.01165	0.01406	0.02192	0.01359	0.14136	0.69751	0.00782	0.01259	0.00576	0.00280	0.00439
22	0.01202	0.00810	0.00968	0.00818	0.01044	0.00817	0.00645	0.22445	0.01723	0.08875	0.50381	0.02927	0.03427	0.00893	0.00572	0.00159	0.00349	0.00763	0.00556	0.00626
23	0.00715	0.00516	0.00676	0.00653	0.00764	0.00477	0.00483	0.00940	0.01400	0.01973	0.69980	0.12588	0.04679	0.01112	0.00611	0.00167	0.00248	0.00988	0.00555	0.00477
24	0.69085	0.00972	0.00823	0.02387	0.01076	0.01128	0.00608	0.03512	0.05856	0.02202	0.00876	0.01024	0.00693	0.00779	0.07042	0.00216	0.00490	0.00329	0.00330	0.00573
25	0.01273	0.01204	0.01811	0.08681	0.39973	0.03682	0.04243	0.08221	0.05448	0.01707	0.01069	0.04474	0.00922	0.00611	0.00718	0.00170	0.14267	0.00505	0.00294	0.00728
26	0.00640	0.00453	0.00591	0.00696	0.00722	0.00427	0.00456	0.00718	0.00954	0.01271	0.02681	0.72099	0.03208	0.11395	0.00893	0.00244	0.00322	0.01372	0.00456	0.00404
27	0.20785	0.00774	0.00855	0.00821	0.01047	0.00807	0.00679	0.03036	0.09408	0.10453	0.09095	0.03408	0.10445	0.00972	0.00552	0.00188	0.00402	0.25228	0.00469	0.00578
28	0.00730	0.00589	0.00808	0.00806	0.00891	0.00599	0.03906	0.00846	0.01021	0.01347	0.05887	0.39241	0.18960	0.05129	0.00889	0.03076	0.08856	0.05552	0.00427	0.00442
29	0.00746	0.00497	0.00560	0.00560	0.00560	0.00497	0.00311	0.00746	0.00746	0.00995	0.01617	0.03358	0.01865	0.81967	0.02612	0.00497	0.00497	0.00746	0.00311	0.00311
30	0.00654	0.00472	0.00623	0.00736	0.00778	0.00449	0.00505	0.00787	0.03039	0.01345	0.02802	0.75314	0.03321	0.01573	0.00654	0.00209	0.00310	0.05522	0.00477	0.00430
31	0.02049	0.01279	0.01442	0.01105	0.01512	0.01356	0.00913	0.56138	0.02148	0.24525	0.01454	0.01376	0.00984	0.00621	0.00514	0.00155	0.00529	0.00477	0.00547	0.00873
32	0.01435	0.01109	0.02906	0.09405	0.03910	0.03083	0.02903	0.04709	0.43918	0.15582	0.01834	0.04166	0.01372	0.00669	0.00523	0.00170	0.00480	0.00566	0.00482	0.00778
33	0.01064	0.00912	0.01064	0.00760	0.01216	0.00684	0.00608	0.01292	0.01064	0.01672	0.00912	0.01064	0.00760	0.00380	0.00380	0.00076	0.00380	0.00304	0.00304	0.85104
34	0.08175	0.00958	0.01332	0.51591	0.02646	0.03350	0.01146	0.08985	0.01213	0.01658	0.07942	0.01736	0.05971	0.00617	0.00509	0.00166	0.00589	0.00519	0.00311	0.00584
35	0.01450	0.01493	0.10481	0.14228	0.11927	0.09463	0.03219	0.26284	0.06924	0.02097	0.01267	0.01403	0.03896	0.00576	0.00507	0.00156	0.00629	0.00469	0.00360	0.03170
36	0.00957	0.00738	0.00912	0.07969	0.01213	0.00716	0.02241	0.01373	0.14055	0.07112	0.19351	0.03162	0.27431	0.00911	0.00553	0.00159	0.00357	0.00776	0.00469	0.09543
37	0.01597	0.01337	0.01774	0.08033	0.01917	0.03486	0.16113	0.43760	0.01848	0.02483	0.01142	0.02687	0.00863	0.00570	0.00545	0.00154	0.02290	0.00490	0.00406	0.08503

[dist]
# distance from previous block
# <min> <max>
2	7

[block]
# block no. 1 follows, 48 sequences, length 75
# corresponding to MSA columns:
# 60-134
name=unknown_B
#
# <colnr> <probs for GDERKNQSTAVLIFYWHMCP>
#	G	D	E	R	K	N	Q	S	T	A	V	L	I	F	Y	W	H	M	C	P
0	0.00871	0.05743	0.00871	0.00725	0.00905	0.00740	0.00553	0.03518	0.14406	0.01705	0.22378	0.11771	0.21031	0.07738	0.00739	0.00195	0.00339	0.02498	0.00474	0.02802
1	0.00985	0.00816	0.01167	0.00975	0.01146	0.02724	0.14403	0.01296	0.11645	0.03596	0.01533	0.02526	0.01505	0.43048	0.08183	0.00392	0.00630	0.00654	0.00336	0.02440
2	0.09013	0.01859	0.01320	0.01161	0.01453	0.48780	0.00894	0.02132	0.07479	0.17515	0.01141	0.01171	0.00850	0.00568	0.00495	0.00145	0.02605	0.00387	0.00365	0.00666
3	0.00670	0.00466	0.00582	0.00657	0.00675	0.00447	0.00414	0.00726	0.00894	0.01192	0.02375	0.52347	0.02822	0.31673	0.01387	0.00317	0.00372	0.01192	0.00414	0.00377
4	0.00780	0.00598	0.00746	0.00740	0.00893	0.00522	0.00526	0.03175	0.01047	0.01463	0.02279	0.58156	0.02629	0.01257	0.00579	0.00172	0.00327	0.01127	0.00432	0.22550
5	0.01474	0.55432	0.02228	0.00951	0.01353	0.04927	0.00879	0.09838	0.10213	0.05026	0.01037	0.01151	0.00867	0.00522	0.00394	0.00128	0.00542	0.02024	0.00312	0.00702
6	0.01731	0.13362	0.08250	0.01258	0.01589	0.58153	0.01043	0.01980	0.05576	0.01330	0.00864	0.00979	0.00710	0.00522	0.00450	0.00134	0.00831	0.00341	0.00268	0.00630
7	0.04612	0.01086	0.02766	0.25095	0.30309	0.01111	0.08586	0.01572	0.02931	0.08016	0.03091	0.01398	0.00917	0.00503	0.00507	0.00157	0.00606	0.00473	0.00298	0.05965
8	0.08637	0.01266	0.01381	0.01078	0.01470	0.01368	0.00886	0.50993	0.07499	0.18071	0.01408	0.01351	0.00975	0.00614	0.00499	0.00157	0.00515	0.00466	0.00522	0.00843
9	0.01010	0.01153	0.15095	0.42439	0.02589	0.00996	0.05309	0.01345	0.01065	0.06230	0.01353	0.16584	0.01234	0.00720	0.00541	0.00176	0.00618	0.00645	0.00300	0.00599
10	0.00715	0.00486	0.00644	0.00737	0.00801	0.00453	0.00524	0.00832	0.01047	0.04383	0.04895	0.63598	0.07276	0.01517	0.00652	0.00207	0.00320	0.09987	0.00484	0.00444
11	0.01055	0.01790	0.37532	0.24768	0.10747	0.01220	0.05068	0.01492	0.01053	0.01503	0.00905	0.01204	0.00685	0.00528	0.00616	0.00170	0.08323	0.00427	0.00227	0.00688
12	0.01621	0.01130	0.07621	0.01019	0.01383	0.01054	0.00871	0.02503	0.41047	0.30669	0.04070	0.01836	0.01471	0.00666	0.00519	0.00167	0.00442	0.00549	0.00540	0.00821
13	0.01845	0.00940	0.01147	0.00931	0.01273	0.00918	0.00755	0.11930	0.15306	0.44540	0.02209	0.02147	0.07734	0.02720	0.00582	0.00173	0.00436	0.03045	0.00573	0.00799
14	0.00682	0.00495	0.00688	0.00745	0.00798	0.00519	0.00529	0.00802	0.00893	0.01229	0.02098	0.40472	0.02357	0.10560	0.34064	0.00495	0.00769	0.01007	0.00375	0.00424
15	0.42965	0.00829	0.00751	0.00676	0.00877	0.00918	0.00497	0.07474	0.00963	0.03598	0.01147	0.01893	0.01120	0.32978	0.01253	0.00293	0.00452	0.00485	0.00338	0.00492
16	0.01224	0.01012	0.01148	0.00851	0.01286	0.00879	0.00684	0.13570	0.07629	0.01962	0.01061	0.01161	0.00845	0.00444	0.00413	0.00097	0.00412	0.00352	0.00356	0.64615
17	0.00646	0.00487	0.00600	0.00662	0.00751	0.00441	0.00473	0.00778	0.01117	0.01455	0.14592	0.43754	0.25201	0.01426	0.00637	0.00193	0.00289	0.05573	0.00489	0.00435
18	0.00736	0.00504	0.00628	0.00621	0.00701	0.00478	0.00432	0.00901	0.01194	0.01697	0.44317	0.13590	0.03665	0.20356	0.01070	0.00244	0.00310	0.00917	0.07206	0.00434
19	0.00753	0.00522	0.00637	0.00634	0.00657	0.00541	0.00403	0.00800	0.00829	0.01131	0.07971	0.06372	0.02072	0.58123	0.10817	0.02217	0.02918	0.01917	0.00333	0.00354
20	0.01637	0.43371	0.02087	0.01094	0.01448	0.39983	0.00933	0.01786	0.01243	0.01231	0.00752	0.00873	0.00660	0.00483	0.00394	0.00121	0.00732	0.00302	0.00241	0.00627
21	0.04701	0.01011	0.01097	0.00974	0.01248	0.01125	0.00759	0.10677	0.47566	0.07764	0.06772	0.10635	0.01831	0.00796	0.00532	0.00173	0.00404	0.00668	0.00519	0.00749
22	0.00626	0.00480	0.00575	0.00637	0.00727	0.00428	0.00445	0.00743	0.01089	0.01397	0.09729	0.47221	0.31159	0.01450	0.00633	0.00192	0.00279	0.01278	0.00483	0.00428
23	0.00787	0.00500	0.00743	0.00753	0.00803	0.00545	0.00550	0.00801	0.00775	0.01081	0.01302	0.08418	0.01301	0.02839	0.42312	0.34358	0.00915	0.00583	0.00271	0.00361
24	0.00684	0.00513	0.00628	0.00654	0.00758	0.00470	0.00469	0.02534	0.01217	0.01621	0.28500	0.34907	0.22515	0.01323	0.00623	0.00183	0.00276	0.01166	0.00507	0.00454
25	0.00813	0.00563	0.00644	0.00614	0.00784	0.00506	0.00472	0.01927	0.02380	0.06511	0.26212	0.04114	0.39787	0.01115	0.00583	0.00167	0.00280	0.04548	0.07488	0.00492
26	0.31540	0.00662	0.00668	0.00709	0.00850	0.00706	0.00514	0.01056	0.02959	0.01693	0.02040	0.50159	0.02314	0.01172	0.00529	0.00189	0.00337	0.01006	0.00420	0.00478
27	0.00746	0.00497	0.00560	0.00560	0.00560	0.00497	0.00311	0.00746	0.00746	0.00995	0.01617	0.03358	0.01865	0.81967	0.02612	0.00497	0.00497	0.00746	0.00311	0.00311
28	0.00657	0.00522	0.00590	0.00573	0.00724	0.00455	0.00430	0.00835	0.01290	0.01671	0.36347	0.04468	0.47231	0.01193	0.00606	0.00168	0.00252	0.01017	0.00514	0.00455
29	0.00692	0.00472	0.00576	0.00636	0.00671	0.00451	0.00410	0.00769	0.00936	0.01279	0.05472	0.43900	0.05776	0.28278	0.01283	0.00295	0.00356	0.01118	0.06240	0.00389
30	0.01201	0.01338	0.02816	0.02017	0.02525	0.01246	0.68591	0.01643	0.03216	0.01659	0.01055	0.01372	0.00798	0.00435	0.00585	0.00165	0.00813	0.00580	0.00270	0.07675
31	0.01123	0.01123	0.01572	0.01347	0.01347	0.01572	0.01123	0.01235	0.00786	0.01235	0.00674	0.01123	0.00674	0.00898	0.01684	0.00225	0.81028	0.00449	0.00225	0.00561
32	0.01899	0.01412	0.01511	0.01170	0.01572	0.01567	0.00963	0.71398	0.08154	0.03151	0.01297	0.01284	0.00925	0.00622	0.00514	0.00156	0.00553	0.00471	0.00514	0.00868
33	0.10228	0.00656	0.00751	0.00681	0.00839	0.00642	0.00485	0.03098	0.01043	0.20113	0.01838	0.11745	0.03421	0.32447	0.01314	0.00293	0.00419	0.00699	0.08770	0.00517
34	0.00759	0.00552	0.00772	0.00860	0.00951	0.00539	0.02230	0.00933	0.01087	0.01424	0.02692	0.30577	0.04383	0.06820	0.00814	0.00242	0.00421	0.43040	0.00459	0.00447
35	0.01192	0.01140	0.01942	0.23198	0.59326	0.01199	0.01536	0.01507	0.01132	0.01582	0.00951	0.01295	0.00779	0.00472	0.00509	0.00157	0.00629	0.00457	0.00247	0.00750
36	0.01982	0.01196	0.01368	0.01069	0.01459	0.01258	0.00877	0.41200	0.12184	0.29455	0.01622	0.01502	0.01104	0.00633	0.00515	0.00158	0.00499	0.00497	0.00557	0.00865
37	0.03853	0.11463	0.23874	0.01215	0.06909	0.01106	0.01148	0.04688	0.01278	0.32301	0.01340	0.01324	0.00920	0.00535	0.00470	0.00148	0.00555	0.00421	0.00404	0.06047
38	0.00876	0.00560	0.00726	0.02308	0.00884	0.00519	0.00530	0.01029	0.01161	0.10066	0.21432	0.25250	0.14806	0.04810	0.06190	0.02189	0.00394	0.02744	0.00479	0.03047
39	0.00751	0.00532	0.00682	0.00640	0.00772	0.00486	0.00482	0.00982	0.01427	0.03769	0.69974	0.03887	0.11560	0.01063	0.00603	0.00162	0.00248	0.00933	0.00558	0.00488
40	0.01304	0.01290	0.02069	0.03027	0.72810	0.05557	0.03230	0.01602	0.01185	0.01652	0.00957	0.01254	0.00804	0.00461	0.00508	0.00152	0.00633	0.00454	0.00255	0.00798
41	0.10699	0.01274	0.01471	0.31010	0.17112	0.15706	0.01174	0.06770	0.01222	0.01622	0.01196	0.01444	0.06073	0.00562	0.00487	0.00158	0.00645	0.00457	0.00287	0.00632
42	0.00735	0.00497	0.00617	0.00642	0.00697	0.00470	0.00424	0.00833	0.01029	0.03424	0.20118	0.31001	0.05909	0.29727	0.01327	0.00297	0.00357	0.01045	0.00443	0.00408
43	0.00778	0.00477	0.00654	0.00704	0.00739	0.00465	0.00494	0.00757	0.00877	0.01159	0.03752	0.24649	0.05211	0.10120	0.01418	0.34921	0.00402	0.11731	0.00357	0.00337
44	0.02408	0.02955	0.07751	0.20450	0.19126	0.01212	0.08314	0.02478	0.01112	0.11955	0.01055	0.01323	0.00807	0.00575	0.00714	0.00171	0.14644	0.00465	0.01790	0.00692
45	0.01647	0.01298	0.01665	0.08549	0.34571	0.12258	0.01212	0.08118	0.02955	0.20800	0.01243	0.01357	0.00914	0.00534	0.00505	0.00153	0.00610	0.00457	0.00374	0.00782
46	0.00701	0.00549	0.00713	0.00862	0.07201	0.00506	0.00564	0.00833	0.01083	0.01401	0.05060	0.38089	0.28787	0.01368	0.00653	0.01933	0.00326	0.07214	0.01698	0.00458
47	0.73691	0.01068	0.03985	0.02246	0.01118	0.01187	0.00672	0.01487	0.00877	0.02169	0.00723	0.00877	0.00572	0.00512	0.00440	0.00165	0.07043	0.00299	0.00304	0.00565
48	0.00635	0.00451	0.00592	0.00702	0.00729	0.00423	0.00463	0.00717	0.00963	0.01284	0.02728	0.75160	0.03267	0.08253	0.00817	0.00232	0.00314	0.01400	0.00463	0.00408
49	0.02955	0.06636	0.27606	0.01134	0.01652	0.01128	0.01177	0.15128	0.01468	0.32450	0.02766	0.01399	0.01007	0.00575	0.00493	0.00156	0.00570	0.00449	0.00441	0.00810
50	0.15571	0.00860	0.00962	0.00862	0.01110	0.00883	0.00676	0.17139	0.03143	0.12814	0.01883	0.27250	0.01854	0.00963	0.00533	0.00175	0.00411	0.06714	0.00470	0.05727
51	0.02152	0.00830	0.01137	0.00887	0.01245	0.00723	0.00723	0.02317	0.01402	0.71014	0.03557	0.01775	0.01315	0.00739	0.00641	0.07180	0.00433	0.00519	0.00599	0.00811
52	0.01037	0.04390	0.77638	0.01450	0.02201	0.01210	0.01874	0.01623	0.01082	0.01616	0.00916	0.01078	0.00650	0.00486	0.00484	0.00161	0.00754	0.00377	0.00217	0.00756
53	0.00969	0.00912	0.01539	0.80734	0.03534	0.01140	0.01425	0.01311	0.01026	0.01311	0.00912	0.01368	0.00684	0.00513	0.00513	0.00171	0.00684	0.00456	0.00228	0.00570
54	0.01733	0.01195	0.01305	0.01051	0.01404	0.01307	0.00852	0.41233	0.22424	0.12606	0.01600	0.01538	0.01147	0.00638	0.00503	0.00157	0.00479	0.00502	0.07502	0.00824
55	0.00682	0.00547	0.00616	0.00644	0.00776	0.00505	0.00469	0.00919	0.07473	0.01481	0.09978	0.28989	0.40881	0.01330	0.00617	0.00185	0.00287	0.02672	0.00487	0.00464
56	0.00733	0.00550	0.00825	0.00825	0.00916	0.00641	0.00641	0.00916	0.00825	0.01191	0.01374	0.02016	0.01283	0.03848	0.79934	0.00825	0.01374	0.00550	0.00275	0.00458
57	0.01684	0.01619	0.01262	0.01084	0.01368	0.32562	0.00844	0.26024	0.07649	0.02093	0.01213	0.01301	0.00932	0.00584	0.00463	0.00140	0.00630	0.00422	0.17449	0.00677
58	0.00618	0.00476	0.00565	0.00637	0.00724	0.00423	0.00442	0.00723	0.01057	0.01340	0.03773	0.51059	0.33358	0.01485	0.00636	0.00194	0.00283	0.01309	0.00476	0.00423
59	0.04870	0.00936	0.01069	0.00917	0.01217	0.00985	0.00726	0.02351	0.38961	0.26641	0.08350	0.02017	0.02707	0.00700	0.00511	0.00165	0.00391	0.00578	0.05136	0.00771
60	0.01880	0.01402	0.01500	0.01166	0.01564	0.01558	0.00958	0.69309	0.10274	0.03120	0.01321	0.01303	0.00945	0.00624	0.00514	0.00156	0.00548	0.00474	0.00514	0.00866
61	0.01941	0.01368	0.01481	0.01139	0.01539	0.01498	0.00940	0.69545	0.02305	0.08283	0.01300	0.01289	0.00914	0.00617	0.00508	0.00153	0.00545	0.00466	0.03307	0.00860
62	0.00826	0.00593	0.00766	0.00763	0.00872	0.00621	0.00564	0.07155	0.01050	0.03215	0.02273	0.24709	0.11304	0.09889	0.32422	0.00471	0.00766	0.00879	0.00387	0.00474
63	0.01143	0.00684	0.00706	0.00638	0.00819	0.00724	0.00496	0.13545	0.07639	0.02145	0.01637	0.01803	0.01265	0.00609	0.00397	0.00130	0.00305	0.00484	0.64262	0.00569
64	0.00628	0.00449	0.00598	0.00713	0.00745	0.00419	0.00477	0.00721	0.00995	0.01330	0.04860	0.79543	0.03433	0.01593	0.00654	0.00207	0.00296	0.01444	0.00479	0.00419
65	0.00877	0.00792	0.01138	0.05438	0.01213	0.00985	0.02823	0.00999	0.00905	0.01286	0.01733	0.39895	0.01986	0.01206	0.01096	0.00212	0.35633	0.00940	0.00347	0.00496
66	0.00689	0.00523	0.00726	0.00764	0.00839	0.00559	0.00565	0.00830	0.00920	0.01258	0.02310	0.32093	0.10340	0.02659	0.39716	0.00508	0.02942	0.00944	0.00371	0.00443
67	0.00639	0.00457	0.00612	0.00731	0.00766	0.00429	0.00501	0.00739	0.00996	0.01326	0.02820	0.76334	0.03363	0.01594	0.00659	0.00210	0.00310	0.06618	0.00476	0.00421
68	0.00649	0.00493	0.00603	0.00672	0.00766	0.00447	0.00489	0.00779	0.01098	0.01408	0.08184	0.41997	0.28808	0.01447	0.00642	0.00197	0.00302	0.10104	0.00481	0.00433
69	0.01153	0.01108	0.01942	0.10142	0.52477	0.01116	0.09907	0.01454	0.01158	0.01626	0.05060	0.08160	0.01217	0.00586	0.00537	0.00162	0.00601	0.00582	0.00287	0.00726
70	0.01802	0.02245	0.01406	0.01279	0.01526	0.70520	0.00965	0.03022	0.01401	0.01279	0.00845	0.01024	0.00716	0.00813	0.07062	0.00192	0.02695	0.00353	0.00268	0.00587
71	0.00891	0.00446	0.00668	0.00668	0.00668	0.00446	0.00446	0.00668	0.00668	0.00891	0.00891	0.01560	0.00891	0.01783	0.02005	0.85071	0.00446	0.00446	0.00223	0.00223
72	0.01016	0.00891	0.01428	0.01728	0.28563	0.00876	0.08097	0.06412	0.01250	0.01728	0.14334	0.25626	0.04028	0.00923	0.00579	0.00173	0.00470	0.00860	0.00394	0.00625
73	0.01463	0.01164	0.01274	0.00994	0.01392	0.01184	0.00802	0.31346	0.20244	0.02400	0.01323	0.01336	0.01000	0.00549	0.00467	0.00130	0.00459	0.00433	0.00439	0.31602
74	0.02021	0.00974	0.01219	0.00946	0.01339	0.00910	0.00774	0.11898	0.09734	0.53320	0.01817	0.01629	0.01199	0.00613	0.00502	0.00151	0.00444	0.00494	0.00574	0.09441

[dist]
# distance from previous block
# <min> <max>
0	2

[block]
# block no. 2 follows, 48 sequences, length 10
# corresponding to MSA columns:
# 137-146
name=unknown_C
#
# <colnr> <probs for GDERKNQSTAVLIFYWHMCP>
#	G	D	E	R	K	N	Q	S	T	A	V	L	I	F	Y	W	H	M	C	P
0	0.12608	0.01363	0.01888	0.01412	0.01844	0.01445	0.23920	0.44385	0.01848	0.02631	0.01106	0.01226	0.00803	0.00542	0.00516	0.00160	0.00634	0.00482	0.00411	0.00777
1	0.00720	0.00568	0.00681	0.00677	0.00818	0.00559	0.00512	0.04834	0.01101	0.01412	0.03461	0.13788	0.40032	0.02116	0.25894	0.00384	0.00636	0.00929	0.00414	0.00462
2	0.00872	0.00792	0.01112	0.14321	0.01486	0.04890	0.09815	0.01125	0.01284	0.01703	0.35196	0.03130	0.17900	0.00893	0.00575	0.00164	0.00431	0.00795	0.02998	0.00519
3	0.00626	0.00463	0.00586	0.00677	0.00736	0.00423	0.00461	0.00729	0.01035	0.01355	0.06470	0.64760	0.16744	0.01529	0.00644	0.00200	0.00289	0.01370	0.00480	0.00423
4	0.00891	0.00446	0.00668	0.00668	0.00668	0.00446	0.00446	0.00668	0.00668	0.00891	0.00891	0.01560	0.00891	0.01783	0.02005	0.85071	0.00446	0.00446	0.00223	0.00223
5	0.01006	0.00995	0.01927	0.11798	0.02017	0.00985	0.38624	0.01273	0.01017	0.01367	0.01228	0.02065	0.01148	0.27779	0.04283	0.00306	0.00738	0.00631	0.00273	0.00540
6	0.00682	0.00506	0.00593	0.00595	0.00690	0.00463	0.00411	0.00810	0.01130	0.01493	0.27413	0.14167	0.26060	0.21421	0.01113	0.00255	0.00318	0.00998	0.00463	0.00417
7	0.01399	0.70103	0.07426	0.00955	0.01398	0.08939	0.00952	0.01588	0.01082	0.01238	0.00734	0.00849	0.00658	0.00450	0.00351	0.00115	0.00596	0.00286	0.00223	0.00659
8	0.00720	0.00520	0.00681	0.00650	0.00765	0.00480	0.00484	0.00953	0.01425	0.02013	0.74022	0.08433	0.04756	0.01082	0.00608	0.00164	0.00245	0.00959	0.00560	0.00480
9	0.01391	0.23899	0.37711	0.01207	0.01783	0.01358	0.03665	0.03957	0.03181	0.15578	0.01107	0.01167	0.00799	0.00508	0.00455	0.00148	0.00632	0.00390	0.00311	0.00755

[dist]
# distance from previous block
# <min> <max>
0	1

[block]
# block no. 3 follows, 48 sequences, length 122
# corresponding to MSA columns:
# 148-269
name=unknown_D
#
# <colnr> <probs for GDERKNQSTAVLIFYWHMCP>
#	G	D	E	R	K	N	Q	S	T	A	V	L	I	F	Y	W	H	M	C	P
0	0.01870	0.01764	0.01586	0.01282	0.01642	0.28583	0.05566	0.45075	0.01977	0.02414	0.01072	0.01151	0.00802	0.00640	0.02101	0.00161	0.00724	0.00427	0.00407	0.00757
1	0.03466	0.07663	0.08422	0.04736	0.12221	0.07929	0.03839	0.04036	0.02389	0.23388	0.02824	0.01451	0.02689	0.00625	0.02120	0.00160	0.02290	0.00454	0.00384	0.08912
2	0.01192	0.00873	0.01067	0.00967	0.05811	0.00834	0.00696	0.05679	0.17337	0.08072	0.12116	0.01833	0.01598	0.03115	0.00729	0.10446	0.00406	0.00514	0.00412	0.26304
3	0.00637	0.00464	0.00607	0.00711	0.00761	0.00434	0.00491	0.00741	0.01007	0.01326	0.03017	0.67732	0.10771	0.01629	0.02848	0.00223	0.00333	0.05374	0.00471	0.00423
4	0.00891	0.00446	0.00668	0.00668	0.00668	0.00446	0.00446	0.00668	0.00668	0.00891	0.00891	0.01560	0.00891	0.01783	0.02005	0.85071	0.00446	0.00446	0.00223	0.00223
5	0.00891	0.00446	0.00668	0.00668	0.00668	0.00446	0.00446	0.00668	0.00668	0.00891	0.00891	0.01560	0.00891	0.01783	0.02005	0.85071	0.00446	0.00446	0.00223	0.00223
6	0.01188	0.00933	0.01030	0.00940	0.01168	0.01032	0.00716	0.11411	0.41590	0.03995	0.06736	0.19418	0.02082	0.04539	0.00648	0.00192	0.00397	0.00784	0.00507	0.00693
7	0.00753	0.00512	0.00614	0.00642	0.00667	0.00512	0.00418	0.00804	0.00839	0.01114	0.01881	0.08539	0.02141	0.61362	0.03568	0.00439	0.00497	0.14001	0.00349	0.00349
8	0.00865	0.00630	0.02180	0.00705	0.00872	0.00570	0.00556	0.02673	0.04792	0.06458	0.56894	0.03723	0.11712	0.01032	0.00597	0.00166	0.00289	0.04211	0.00547	0.00528
9	0.19194	0.00701	0.00727	0.00699	0.00894	0.00710	0.00534	0.05066	0.04854	0.05758	0.08621	0.21380	0.24844	0.01079	0.00544	0.00177	0.00335	0.02895	0.00461	0.00524
10	0.01343	0.00947	0.01076	0.00940	0.01199	0.01016	0.00733	0.17049	0.29241	0.11347	0.14851	0.14061	0.02216	0.00869	0.00554	0.00171	0.00398	0.00739	0.00534	0.00717
11	0.01123	0.01123	0.01572	0.01347	0.01347	0.01572	0.01123	0.01235	0.00786	0.01235	0.00674	0.01123	0.00674	0.00898	0.01684	0.00225	0.81028	0.00449	0.00225	0.00561
12	0.25545	0.00816	0.00867	0.00746	0.01016	0.00830	0.00596	0.06399	0.04186	0.19109	0.21639	0.02419	0.12293	0.00785	0.00494	0.00162	0.00359	0.00628	0.00493	0.00621
13	0.00656	0.00476	0.00586	0.00647	0.00703	0.00442	0.00431	0.00750	0.01014	0.01338	0.10834	0.46414	0.14799	0.17239	0.01025	0.00255	0.00325	0.01206	0.00453	0.00406
14	0.04754	0.00787	0.00904	0.00763	0.01018	0.00784	0.00606	0.15392	0.01420	0.24999	0.01758	0.08469	0.01369	0.00693	0.00457	0.00147	0.00368	0.00562	0.34085	0.00665
15	0.00891	0.00446	0.00668	0.00668	0.00668	0.00446	0.00446	0.00668	0.00668	0.00891	0.00891	0.01560	0.00891	0.01783	0.02005	0.85071	0.00446	0.00446	0.00223	0.00223
16	0.00910	0.00642	0.00759	0.00737	0.00914	0.00619	0.00572	0.01281	0.13009	0.08314	0.19038	0.12620	0.26604	0.01148	0.00604	0.00182	0.00326	0.10664	0.00515	0.00543
17	0.00685	0.00523	0.00628	0.00602	0.00741	0.00466	0.00451	0.00888	0.01354	0.01825	0.53113	0.04216	0.30369	0.01136	0.00606	0.00165	0.00248	0.00982	0.00534	0.00466
18	0.00636	0.00521	0.00560	0.00551	0.00711	0.00446	0.00413	0.00793	0.01239	0.01550	0.23119	0.04668	0.60535	0.01238	0.00606	0.00170	0.00256	0.01045	0.00498	0.00446
19	0.03300	0.00562	0.00749	0.00731	0.00824	0.00613	0.00538	0.00994	0.00857	0.05577	0.01476	0.02321	0.01420	0.24409	0.47145	0.00634	0.00983	0.00588	0.05832	0.00446
20	0.83131	0.00989	0.00767	0.00682	0.01002	0.01139	0.00562	0.01538	0.00891	0.04571	0.00753	0.00860	0.00577	0.00481	0.00323	0.00159	0.00398	0.00285	0.00327	0.00565
21	0.85592	0.00992	0.00754	0.00675	0.00992	0.01151	0.00556	0.01508	0.00873	0.02302	0.00714	0.00834	0.00556	0.00476	0.00318	0.00159	0.00397	0.00278	0.00318	0.00556
22	0.01840	0.01361	0.01455	0.01135	0.01521	0.01510	0.00931	0.66397	0.09664	0.03068	0.01335	0.01329	0.00960	0.00623	0.00507	0.00154	0.00534	0.00474	0.04351	0.00849
23	0.00654	0.00474	0.00604	0.00689	0.00744	0.00442	0.00475	0.00758	0.01023	0.01347	0.07226	0.55505	0.12366	0.08975	0.00831	0.00230	0.00321	0.06452	0.00466	0.00417
24	0.00682	0.00532	0.00630	0.00660	0.00799	0.00479	0.00518	0.00855	0.01209	0.01539	0.17856	0.11178	0.40912	0.01307	0.00635	0.00189	0.00310	0.18769	0.00492	0.00451
25	0.00798	0.00571	0.00787	0.00868	0.00984	0.00561	0.00736	0.01032	0.01241	0.01654	0.20773	0.07245	0.03414	0.01334	0.00683	0.00218	0.00413	0.55719	0.00495	0.00474
26	0.01372	0.82276	0.02689	0.00878	0.01317	0.02030	0.00878	0.01536	0.01043	0.01207	0.00713	0.00823	0.00658	0.00439	0.00329	0.00110	0.00549	0.00274	0.00219	0.00658
27	0.00636	0.00458	0.00607	0.00716	0.00756	0.00423	0.00480	0.00729	0.00984	0.01319	0.02781	0.79651	0.03329	0.01577	0.00648	0.00205	0.00300	0.01430	0.00472	0.02500
28	0.06785	0.00880	0.01005	0.00749	0.01161	0.00695	0.00593	0.01264	0.01056	0.01702	0.02923	0.05989	0.01006	0.00477	0.00398	0.00092	0.00373	0.00387	0.00322	0.72143
29	0.01039	0.04964	0.77086	0.01446	0.02195	0.01216	0.01866	0.01622	0.01082	0.01613	0.00915	0.01076	0.00650	0.00486	0.00483	0.00161	0.00752	0.00376	0.00217	0.00755
30	0.00626	0.00472	0.00580	0.00664	0.00739	0.00427	0.00461	0.00731	0.01043	0.01339	0.03520	0.56892	0.25432	0.01512	0.00642	0.00199	0.00292	0.03530	0.00476	0.00423
31	0.00636	0.00481	0.00589	0.00659	0.00744	0.00435	0.00466	0.00756	0.01084	0.01400	0.09248	0.48689	0.26732	0.01462	0.00639	0.00195	0.00290	0.04583	0.00483	0.00429
32	0.85592	0.00992	0.00754	0.00675	0.00992	0.01151	0.00556	0.01508	0.00873	0.02302	0.00714	0.00834	0.00556	0.00476	0.00318	0.00159	0.00397	0.00278	0.00318	0.00556
33	0.00751	0.00519	0.00631	0.00641	0.00765	0.00463	0.00464	0.00900	0.01198	0.06242	0.24443	0.28922	0.28078	0.02768	0.00653	0.00186	0.00282	0.01120	0.00507	0.00466
34	0.01270	0.01219	0.02083	0.03149	0.78767	0.01219	0.01575	0.01575	0.01168	0.01676	0.00965	0.01270	0.00813	0.00457	0.00508	0.00152	0.00610	0.00457	0.00254	0.00813
35	0.01194	0.01333	0.02746	0.02005	0.02423	0.01351	0.62238	0.01564	0.01129	0.01564	0.00968	0.01333	0.00758	0.00523	0.00814	0.00183	0.16378	0.00575	0.00253	0.00667
36	0.01421	0.00730	0.00936	0.00788	0.01048	0.00670	0.00623	0.01752	0.08575	0.33408	0.34365	0.02794	0.06916	0.00844	0.00556	0.00160	0.00341	0.00720	0.00578	0.02774
37	0.00765	0.00597	0.00887	0.00868	0.00952	0.00719	0.00681	0.00943	0.00821	0.01195	0.01316	0.01941	0.01232	0.03603	0.73422	0.00775	0.08003	0.00541	0.00271	0.00467
38	0.00757	0.00584	0.00870	0.00856	0.00942	0.00698	0.00670	0.00936	0.00822	0.01194	0.01332	0.01962	0.01246	0.03670	0.75201	0.00788	0.06192	0.00544	0.00272	0.00464
39	0.01372	0.71882	0.07221	0.00921	0.01370	0.01911	0.00934	0.03464	0.01084	0.02941	0.00781	0.00895	0.00690	0.00526	0.02097	0.00131	0.00578	0.00297	0.00237	0.00670
40	0.00775	0.00530	0.00670	0.00714	0.00832	0.00485	0.00542	0.00930	0.01159	0.06175	0.12907	0.32048	0.22690	0.01361	0.00639	0.00196	0.00324	0.16058	0.00496	0.00468
41	0.01485	0.01656	0.01757	0.02225	0.40276	0.31138	0.01282	0.01701	0.01237	0.01466	0.00923	0.03286	0.00812	0.00556	0.00602	0.00153	0.08052	0.00435	0.00261	0.00696
42	0.01678	0.33878	0.04896	0.01064	0.01437	0.19663	0.00943	0.07876	0.02493	0.15095	0.01030	0.01086	0.00798	0.00542	0.00499	0.00137	0.05491	0.00364	0.00331	0.00699
43	0.00692	0.00511	0.00737	0.00783	0.00851	0.00556	0.00579	0.00840	0.00885	0.01236	0.01927	0.32277	0.02085	0.02997	0.49801	0.00590	0.00965	0.00895	0.00351	0.00442
44	0.19924	0.00941	0.01123	0.02148	0.01292	0.00913	0.00737	0.08882	0.01410	0.53297	0.01673	0.03037	0.01114	0.00616	0.00476	0.00159	0.00441	0.00478	0.00547	0.00792
45	0.01095	0.05344	0.22403	0.01196	0.01743	0.00990	0.14150	0.01453	0.01094	0.01632	0.00927	0.01113	0.00729	0.00421	0.00445	0.00118	0.00573	0.00375	0.00269	0.43932
46	0.01064	0.00912	0.01064	0.00760	0.01216	0.00684	0.00608	0.01292	0.01064	0.01672	0.00912	0.01064	0.00760	0.00380	0.00380	0.00076	0.00380	0.00304	0.00304	0.85104
47	0.00690	0.00520	0.00653	0.00732	0.00837	0.00482	0.00569	0.00845	0.01117	0.01425	0.05009	0.30789	0.26315	0.01437	0.00657	0.00206	0.00344	0.26454	0.00477	0.00442
48	0.01973	0.01248	0.01339	0.01126	0.04175	0.10457	0.00873	0.28290	0.03434	0.34263	0.01614	0.06288	0.01178	0.00670	0.00517	0.00157	0.00536	0.00531	0.00523	0.00809
49	0.00748	0.00566	0.00848	0.00877	0.02996	0.00651	0.00654	0.00928	0.00831	0.01197	0.01373	0.02046	0.01292	0.06699	0.74887	0.00794	0.01321	0.00555	0.00276	0.00462
50	0.01270	0.01219	0.02083	0.03149	0.78767	0.01219	0.01575	0.01575	0.01168	0.01676	0.00965	0.01270	0.00813	0.00457	0.00508	0.00152	0.00610	0.00457	0.00254	0.00813
51	0.01980	0.01390	0.01511	0.01158	0.01568	0.01522	0.00957	0.70878	0.02334	0.09522	0.01298	0.01275	0.00906	0.00618	0.00514	0.00154	0.00554	0.00466	0.00523	0.00873
52	0.09584	0.00845	0.01080	0.28138	0.02953	0.02297	0.00853	0.05568	0.06881	0.02749	0.01375	0.09289	0.01317	0.21624	0.01044	0.00253	0.00535	0.00610	0.00329	0.02676
53	0.01092	0.16570	0.54275	0.09918	0.03325	0.01338	0.03562	0.01575	0.01074	0.01518	0.00887	0.01078	0.00661	0.00480	0.00465	0.00154	0.00714	0.00376	0.00220	0.00719
54	0.00625	0.00447	0.00595	0.00714	0.00744	0.00417	0.00476	0.00714	0.00982	0.01310	0.02828	0.81633	0.03394	0.01608	0.00655	0.00208	0.00298	0.01459	0.00476	0.00417
55	0.01027	0.01024	0.01894	0.62015	0.03331	0.01178	0.19407	0.01390	0.01070	0.01390	0.00942	0.01372	0.00707	0.00494	0.00535	0.00171	0.00727	0.00492	0.00236	0.00599
56	0.01419	0.20783	0.01687	0.05941	0.01496	0.24699	0.00965	0.05613	0.03146	0.01424	0.03200	0.02847	0.00975	0.00665	0.00713	0.00157	0.17849	0.03166	0.02648	0.00607
57	0.00660	0.00475	0.00647	0.00729	0.00772	0.00476	0.00503	0.00765	0.00927	0.01258	0.02393	0.56901	0.02778	0.08059	0.19686	0.00376	0.00569	0.01190	0.00416	0.00419
58	0.00734	0.00548	0.00814	0.00814	0.00902	0.00636	0.00628	0.00909	0.00821	0.01183	0.01384	0.02070	0.01306	0.07013	0.76802	0.00811	0.01339	0.00558	0.00276	0.00452
59	0.11115	0.08078	0.01583	0.03143	0.13873	0.05163	0.05204	0.13108	0.11453	0.20216	0.01346	0.01366	0.00974	0.00558	0.00479	0.00155	0.00538	0.00454	0.00422	0.00771
60	0.01073	0.01055	0.01561	0.26719	0.02046	0.01434	0.01219	0.01259	0.00863	0.01259	0.00750	0.01201	0.00677	0.00775	0.01310	0.00207	0.55350	0.00451	0.00226	0.00564
61	0.00731	0.00529	0.00695	0.00681	0.00798	0.00514	0.00520	0.00948	0.01263	0.01777	0.47608	0.05460	0.10254	0.01627	0.15953	0.00294	0.00477	0.05139	0.04261	0.00472
62	0.00969	0.00912	0.01539	0.80734	0.03534	0.01140	0.01425	0.01311	0.01026	0.01311	0.00912	0.01368	0.00684	0.00513	0.00513	0.00171	0.00684	0.00456	0.00228	0.00570
63	0.01123	0.01123	0.01572	0.01347	0.01347	0.01572	0.01123	0.01235	0.00786	0.01235	0.00674	0.01123	0.00674	0.00898	0.01684	0.00225	0.81028	0.00449	0.00225	0.00561
64	0.01064	0.00912	0.01064	0.00760	0.01216	0.00684	0.00608	0.01292	0.01064	0.01672	0.00912	0.01064	0.00760	0.00380	0.00380	0.00076	0.00380	0.00304	0.00304	0.85104
65	0.01951	0.01437	0.01540	0.01181	0.01591	0.01591	0.00975	0.77056	0.02412	0.03234	0.01232	0.01232	0.00873	0.00616	0.00513	0.00154	0.00565	0.00462	0.00513	0.00873
66	0.00746	0.00497	0.00560	0.00560	0.00560	0.00497	0.00311	0.00746	0.00746	0.00995	0.01617	0.03358	0.01865	0.81967	0.02612	0.00497	0.00497	0.00746	0.00311	0.00311
67	0.00784	0.00558	0.00693	0.00648	0.00789	0.00514	0.00487	0.03169	0.01410	0.04077	0.58843	0.05614	0.16704	0.02662	0.00641	0.00171	0.00266	0.00937	0.00544	0.00493
68	0.65810	0.00940	0.00814	0.00705	0.01024	0.01040	0.00579	0.01664	0.00990	0.15803	0.01003	0.01060	0.00727	0.00512	0.00355	0.00156	0.00394	0.00332	0.05484	0.00607
69	0.00641	0.00458	0.00586	0.00681	0.00716	0.00429	0.00448	0.00720	0.00961	0.01271	0.02804	0.66159	0.07728	0.12712	0.00923	0.00246	0.00323	0.01337	0.00453	0.00403
70	0.01680	0.01290	0.01373	0.01112	0.01471	0.01447	0.00899	0.48120	0.29608	0.02805	0.01553	0.01497	0.01135	0.00644	0.00512	0.00160	0.00498	0.00505	0.02850	0.00840
71	0.00790	0.00537	0.00685	0.00669	0.00795	0.00494	0.00493	0.01006	0.02755	0.06198	0.47495	0.21214	0.12579	0.01172	0.00610	0.00173	0.00271	0.01034	0.00538	0.00492
72	0.00645	0.00521	0.00573	0.00560	0.00717	0.00449	0.00420	0.00810	0.01260	0.01601	0.28624	0.04585	0.54998	0.01219	0.00606	0.00169	0.00254	0.01033	0.00505	0.00449
73	0.00635	0.00451	0.00593	0.00702	0.00729	0.00423	0.00463	0.00717	0.00964	0.01285	0.02731	0.75384	0.03272	0.08022	0.00811	0.00231	0.00314	0.01402	0.00463	0.00408
74	0.00832	0.00463	0.00635	0.00641	0.00644	0.00462	0.00410	0.00698	0.00710	0.00948	0.01213	0.06214	0.01314	0.25486	0.03318	0.54432	0.00468	0.00588	0.00263	0.00262
75	0.01412	0.00695	0.00871	0.00748	0.00962	0.00642	0.00559	0.01623	0.05832	0.34071	0.09703	0.05866	0.09498	0.23876	0.01134	0.00259	0.00410	0.00718	0.00508	0.00611
76	0.01260	0.01076	0.01141	0.01023	0.01306	0.01236	0.00796	0.04468	0.71345	0.02168	0.06688	0.02013	0.01747	0.00715	0.00527	0.00173	0.00400	0.00598	0.00524	0.00794
77	0.01917	0.02445	0.01454	0.01322	0.01586	0.79907	0.00991	0.02049	0.01454	0.01256	0.00793	0.00925	0.00661	0.00529	0.00463	0.00132	0.00925	0.00330	0.00264	0.00595
78	0.20981	0.00661	0.00707	0.00685	0.00848	0.00680	0.00515	0.04967	0.01215	0.01939	0.29755	0.23047	0.07596	0.01036	0.00538	0.00172	0.00311	0.00882	0.02964	0.00501
79	0.00815	0.00582	0.00813	0.00931	0.01044	0.00580	0.00806	0.01042	0.01169	0.01522	0.02723	0.10375	0.02980	0.01429	0.00705	0.00235	0.00462	0.70846	0.00473	0.00469
80	0.01654	0.01318	0.01371	0.01125	0.01478	0.03643	0.00904	0.42333	0.35493	0.02701	0.01596	0.01523	0.01171	0.00649	0.00516	0.00162	0.00505	0.00510	0.00510	0.00838
81	0.00645	0.00478	0.00598	0.00658	0.00734	0.00436	0.00457	0.00771	0.01108	0.01469	0.18693	0.48710	0.18298	0.03594	0.00688	0.00200	0.00284	0.01258	0.00490	0.00431
82	0.01350	0.77175	0.07598	0.00915	0.01375	0.01977	0.00943	0.01542	0.01045	0.01234	0.00727	0.00840	0.00658	0.00442	0.00339	0.00113	0.00562	0.00281	0.00219	0.00665
83	0.00969	0.00912	0.01539	0.80734	0.03534	0.01140	0.01425	0.01311	0.01026	0.01311	0.00912	0.01368	0.00684	0.00513	0.00513	0.00171	0.00684	0.00456	0.00228	0.00570
84	0.00725	0.00483	0.00590	0.00653	0.00694	0.00469	0.00428	0.02286	0.00960	0.01341	0.02333	0.49439	0.02681	0.22568	0.01129	0.00272	0.00348	0.01128	0.11068	0.00406
85	0.00658	0.00474	0.00620	0.00692	0.00751	0.00441	0.00479	0.00789	0.01107	0.01500	0.22175	0.55322	0.06190	0.03675	0.00696	0.00204	0.00292	0.03010	0.00494	0.00433
86	0.00646	0.00462	0.00620	0.00738	0.00777	0.00435	0.00513	0.00751	0.01003	0.01333	0.02816	0.73728	0.03348	0.01588	0.00661	0.00211	0.00316	0.09156	0.00476	0.00423
87	0.04096	0.00971	0.01197	0.00932	0.01320	0.05550	0.00764	0.02452	0.01455	0.72737	0.01921	0.01677	0.01218	0.00625	0.00508	0.00157	0.00465	0.00500	0.00606	0.00849
88	0.00836	0.00633	0.00748	0.00713	0.00861	0.00621	0.00531	0.07600	0.07429	0.01879	0.36425	0.18904	0.16722	0.02948	0.00646	0.00181	0.00303	0.00987	0.00519	0.00518
89	0.00673	0.00492	0.00635	0.00702	0.00781	0.00457	0.00510	0.00818	0.01129	0.01504	0.19427	0.43881	0.13098	0.02892	0.00681	0.00203	0.00307	0.10880	0.00492	0.00439
90	0.00724	0.00456	0.00635	0.00716	0.00742	0.00438	0.00491	0.00724	0.00896	0.01192	0.02201	0.50729	0.02563	0.01650	0.01090	0.27333	0.00357	0.06307	0.00395	0.00359
91	0.01374	0.01142	0.01206	0.01050	0.01358	0.01303	0.00826	0.16052	0.61506	0.02315	0.02045	0.01899	0.04192	0.00703	0.00524	0.00170	0.00429	0.00577	0.00519	0.00810
92	0.01259	0.00835	0.00972	0.00863	0.01103	0.00862	0.00668	0.08158	0.25579	0.15670	0.18448	0.12991	0.08568	0.00922	0.00562	0.00171	0.00364	0.00788	0.00541	0.00676
93	0.00733	0.00550	0.00825	0.00825	0.00916	0.00641	0.00641	0.00916	0.00825	0.01191	0.01374	0.02016	0.01283	0.03848	0.79934	0.00825	0.01374	0.00550	0.00275	0.00458
94	0.00827	0.00591	0.00827	0.00945	0.01063	0.00591	0.00827	0.01063	0.01181	0.01536	0.02717	0.05788	0.02953	0.01417	0.00709	0.00236	0.00472	0.75313	0.00472	0.00472
95	0.00740	0.00558	0.00834	0.03131	0.00977	0.00650	0.00650	0.00920	0.00827	0.01186	0.01372	0.02055	0.01291	0.07157	0.74260	0.00791	0.01316	0.00556	0.00275	0.00455
96	0.00681	0.00481	0.00613	0.00667	0.00716	0.00455	0.00449	0.00790	0.01047	0.01420	0.20022	0.42595	0.04918	0.19364	0.01080	0.00262	0.00333	0.03236	0.00460	0.00411
97	0.02255	0.00910	0.01209	0.00931	0.01326	0.00813	0.00768	0.06488	0.03655	0.72917	0.01984	0.01724	0.01257	0.00636	0.00516	0.00159	0.00443	0.00515	0.00625	0.00871
98	0.00891	0.00446	0.00668	0.00668	0.00668	0.00446	0.00446	0.00668	0.00668	0.00891	0.00891	0.01560	0.00891	0.01783	0.02005	0.85071	0.00446	0.00446	0.00223	0.00223
99	0.01938	0.01820	0.01507	0.01234	0.01589	0.31358	0.00981	0.48547	0.02048	0.02482	0.01065	0.01115	0.00792	0.00583	0.00494	0.00146	0.00702	0.00412	0.00419	0.00767
100	0.01291	0.01105	0.01170	0.01033	0.01338	0.01253	0.00807	0.05703	0.70088	0.02163	0.01982	0.01835	0.01489	0.00674	0.00513	0.00167	0.00411	0.00559	0.00509	0.05913
101	0.01393	0.56442	0.02224	0.00954	0.01343	0.08187	0.00872	0.01862	0.19372	0.01435	0.01047	0.01091	0.00875	0.00508	0.00386	0.00127	0.00545	0.00352	0.00295	0.00690
102	0.01198	0.06299	0.03527	0.23559	0.12279	0.01369	0.18223	0.07404	0.01147	0.01568	0.00910	0.01257	0.00732	0.00572	0.00768	0.00175	0.17619	0.00476	0.00259	0.00660
103	0.01479	0.01343	0.06633	0.05129	0.19060	0.07046	0.05702	0.15737	0.16176	0.09481	0.05902	0.01558	0.01221	0.00593	0.00520	0.00159	0.00576	0.00510	0.00406	0.00772
104	0.01372	0.82276	0.02689	0.00878	0.01317	0.02030	0.00878	0.01536	0.01043	0.01207	0.00713	0.00823	0.00658	0.00439	0.00329	0.00110	0.00549	0.00274	0.00219	0.00658
105	0.00676	0.00485	0.00627	0.00675	0.00753	0.00449	0.00479	0.00832	0.01178	0.01617	0.31256	0.43277	0.08994	0.01346	0.00626	0.00187	0.00277	0.03044	0.02777	0.00446
106	0.01592	0.01415	0.20714	0.01449	0.12108	0.02793	0.08382	0.01921	0.01288	0.33669	0.03247	0.01716	0.06119	0.00605	0.00523	0.00161	0.00576	0.00524	0.00424	0.00776
107	0.00733	0.00550	0.00825	0.00825	0.00916	0.00641	0.00641	0.00916	0.00825	0.01191	0.01374	0.02016	0.01283	0.03848	0.79934	0.00825	0.01374	0.00550	0.00275	0.00458
108	0.01186	0.01311	0.02620	0.01934	0.02308	0.01374	0.55682	0.01529	0.01092	0.01529	0.00936	0.01311	0.00749	0.00563	0.00908	0.00187	0.23313	0.00562	0.00250	0.00655
109	0.01180	0.01179	0.02160	0.22720	0.42160	0.01217	0.18774	0.01523	0.01142	0.01576	0.00968	0.01321	0.00772	0.00466	0.00532	0.00162	0.00687	0.00491	0.00249	0.00723
110	0.01104	0.01054	0.01359	0.03390	0.06455	0.10572	0.10763	0.05836	0.01147	0.01526	0.04916	0.10955	0.04953	0.03200	0.13947	0.00288	0.11472	0.00649	0.05849	0.00564
111	0.01211	0.01384	0.03028	0.02163	0.02682	0.01298	0.76903	0.01644	0.01211	0.01644	0.01038	0.01384	0.00779	0.00433	0.00606	0.00173	0.00865	0.00606	0.00260	0.00692
112	0.00634	0.00450	0.00593	0.00704	0.00731	0.00422	0.00465	0.00717	0.00966	0.01288	0.02743	0.76168	0.03287	0.07217	0.00792	0.00229	0.00312	0.01409	0.00465	0.00409
113	0.03276	0.03485	0.17031	0.03404	0.03850	0.01326	0.46024	0.10517	0.01305	0.01820	0.01013	0.01276	0.00754	0.00476	0.00574	0.00167	0.02176	0.00522	0.00281	0.00719
114	0.01001	0.00961	0.01601	0.73278	0.03393	0.02690	0.05618	0.01342	0.01046	0.01340	0.00931	0.01370	0.00701	0.00510	0.00514	0.00169	0.00691	0.00462	0.01806	0.00576
115	0.01270	0.01219	0.02083	0.03149	0.78767	0.01219	0.01575	0.01575	0.01168	0.01676	0.00965	0.01270	0.00813	0.00457	0.00508	0.00152	0.00610	0.00457	0.00254	0.00813
