[name]
unknown

[dist]
# distance from previous block
# <min> <max>
0	282

[block]
# block no. 0 follows, 54 sequences, length 32
# corresponding to MSA columns:
# 282-313
name=unknown_A
#
# <colnr> <probs for GDERKNQSTAVLIFYWHMCP>
#	G	D	E	R	K	N	Q	S	T	A	V	L	I	F	Y	W	H	M	C	P
0	0.09432	0.00705	0.00881	0.00838	0.04690	0.00696	0.04632	0.09899	0.01197	0.08232	0.10429	0.14783	0.20380	0.00899	0.00506	0.00157	0.00352	0.04411	0.06359	0.00524
1	0.06333	0.00871	0.03670	0.00838	0.01067	0.00879	0.00683	0.25183	0.01316	0.11300	0.01440	0.06485	0.01290	0.13116	0.15733	0.00309	0.00603	0.05598	0.02707	0.00579
2	0.00832	0.00571	0.01943	0.00718	0.03091	0.00542	0.00494	0.02496	0.02729	0.08389	0.06163	0.27249	0.08267	0.25042	0.05277	0.00283	0.02023	0.00857	0.02602	0.00435
3	0.00798	0.00559	0.00631	0.00592	0.00698	0.00549	0.00412	0.08267	0.02270	0.02747	0.17608	0.06977	0.17396	0.32592	0.01243	0.00268	0.00351	0.00766	0.04856	0.00416
4	0.02900	0.00953	0.01066	0.17612	0.01525	0.11461	0.00802	0.04342	0.10139	0.14691	0.06127	0.13178	0.01427	0.00863	0.03945	0.02992	0.03176	0.00582	0.00372	0.01847
5	0.03331	0.00746	0.01015	0.02792	0.04613	0.03717	0.07765	0.02855	0.03052	0.10500	0.07820	0.29758	0.05252	0.03923	0.03580	0.00193	0.02049	0.00809	0.00392	0.05840
6	0.02311	0.00571	0.00642	0.00583	0.00761	0.00543	0.00451	0.03193	0.05581	0.13116	0.16538	0.02724	0.21775	0.00796	0.00460	0.00139	0.00270	0.00661	0.28377	0.00510
7	0.01063	0.13033	0.05321	0.00866	0.01051	0.02851	0.00722	0.11238	0.03328	0.04893	0.01420	0.20691	0.01451	0.12066	0.02104	0.00209	0.13404	0.00649	0.03112	0.00529
8	0.06200	0.00849	0.01071	0.00832	0.01178	0.00791	0.00685	0.11791	0.01407	0.61821	0.01687	0.01514	0.01091	0.00572	0.00455	0.00143	0.00402	0.00455	0.06293	0.00763
9	0.01792	0.01321	0.01415	0.01085	0.01462	0.01462	0.00896	0.78916	0.02217	0.02972	0.01132	0.01132	0.00802	0.00566	0.00472	0.00142	0.00519	0.00425	0.00472	0.00802
10	0.19383	0.01433	0.01105	0.01030	0.04522	0.32398	0.00765	0.04340	0.14208	0.09193	0.01302	0.01318	0.05971	0.00557	0.00423	0.00139	0.00564	0.00402	0.00345	0.00604
11	0.86760	0.00912	0.00693	0.00620	0.00912	0.01058	0.00511	0.01386	0.00802	0.02115	0.00657	0.00766	0.00511	0.00438	0.00292	0.00146	0.00365	0.00255	0.00292	0.00511
12	0.01261	0.83713	0.02471	0.00807	0.01210	0.01866	0.00807	0.01412	0.00958	0.01109	0.00656	0.00756	0.00605	0.00403	0.00303	0.00101	0.00504	0.00252	0.00202	0.00605
13	0.00972	0.00955	0.01556	0.58489	0.14166	0.04401	0.07169	0.01272	0.00990	0.01274	0.00911	0.04107	0.00739	0.00494	0.00480	0.00155	0.00628	0.00457	0.00225	0.00560
14	0.01489	0.01170	0.01244	0.01024	0.01347	0.01321	0.00823	0.41554	0.40073	0.02483	0.01517	0.01439	0.01114	0.00602	0.00476	0.00151	0.00448	0.00478	0.00476	0.00775
15	0.04283	0.01117	0.02133	0.01544	0.01970	0.01037	0.50967	0.05000	0.01158	0.05757	0.06304	0.01370	0.00983	0.00447	0.00507	0.00143	0.00639	0.00512	0.00294	0.13836
16	0.00683	0.00468	0.00571	0.00571	0.00591	0.00488	0.00357	0.00722	0.00703	0.00957	0.01433	0.02796	0.01588	0.64662	0.20995	0.00528	0.00646	0.00643	0.00278	0.00317
17	0.00680	0.00478	0.00621	0.00621	0.00659	0.00515	0.00419	0.00754	0.00717	0.00994	0.01388	0.02543	0.01478	0.48260	0.37247	0.00589	0.00812	0.00606	0.00271	0.00345
18	0.01128	0.01233	0.02070	0.04440	0.07202	0.07882	0.36737	0.01388	0.00984	0.01338	0.00817	0.01156	0.00680	0.00603	0.02107	0.00180	0.28770	0.00472	0.00227	0.00588
19	0.01691	0.02137	0.01437	0.01267	0.01517	0.73208	0.06143	0.01830	0.01299	0.01177	0.00740	0.00885	0.00615	0.00492	0.00475	0.00127	0.03840	0.00325	0.00241	0.00551
20	0.00879	0.00439	0.00439	0.00439	0.00549	0.00439	0.00330	0.01099	0.00989	0.01758	0.01538	0.01758	0.01209	0.00549	0.00330	0.00110	0.00220	0.00439	0.86047	0.00439
21	0.00743	0.00623	0.00958	0.36831	0.01838	0.00699	0.00840	0.00965	0.01023	0.01358	0.17874	0.24354	0.04263	0.00909	0.00536	0.00168	0.00428	0.04776	0.00353	0.00461
22	0.01193	0.01277	0.04844	0.09336	0.28575	0.05355	0.33014	0.07654	0.01180	0.01591	0.00920	0.01193	0.00715	0.00431	0.00501	0.00149	0.00679	0.00468	0.00252	0.00674
23	0.05817	0.01510	0.01079	0.01011	0.03059	0.41873	0.00732	0.04130	0.11525	0.01367	0.03797	0.01619	0.04364	0.15221	0.00787	0.00191	0.00629	0.00452	0.00309	0.00528
24	0.00879	0.00439	0.00439	0.00439	0.00549	0.00439	0.00330	0.01099	0.00989	0.01758	0.01538	0.01758	0.01209	0.00549	0.00330	0.00110	0.00220	0.00439	0.86047	0.00439
25	0.00974	0.01679	0.42815	0.01249	0.04929	0.01014	0.04989	0.01532	0.13354	0.03143	0.07210	0.08241	0.01258	0.00622	0.00538	0.00157	0.04827	0.00518	0.00299	0.00651
26	0.00921	0.00815	0.01260	0.40927	0.12541	0.00941	0.01059	0.06871	0.01039	0.01379	0.01371	0.19379	0.03786	0.00735	0.00558	0.00164	0.04784	0.00641	0.00290	0.00538
27	0.04010	0.15867	0.05363	0.01357	0.05759	0.05494	0.23253	0.07538	0.23274	0.01680	0.01157	0.01252	0.00890	0.00489	0.00459	0.00144	0.00577	0.00447	0.00317	0.00674
28	0.01732	0.02139	0.01326	0.01195	0.01446	0.73527	0.00902	0.05597	0.05454	0.01283	0.00810	0.00911	0.00660	0.00498	0.00430	0.00124	0.00810	0.00321	0.00266	0.00569
29	0.00879	0.00439	0.00439	0.00439	0.00549	0.00439	0.00330	0.01099	0.00989	0.01758	0.01538	0.01758	0.01209	0.00549	0.00330	0.00110	0.00220	0.00439	0.86047	0.00439
30	0.01520	0.01210	0.01409	0.01117	0.01464	0.01339	0.07387	0.45911	0.28976	0.02502	0.01390	0.01361	0.01016	0.00577	0.00482	0.00149	0.00492	0.00473	0.00455	0.00769
31	0.01625	0.05462	0.03839	0.01332	0.11258	0.11561	0.12918	0.01900	0.04618	0.35689	0.01386	0.04117	0.01004	0.00541	0.00474	0.00144	0.00549	0.00475	0.00402	0.00706

[dist]
# distance from previous block
# <min> <max>
6	42

[block]
# block no. 1 follows, 54 sequences, length 170
# corresponding to MSA columns:
# 360-529
name=unknown_B
#
# <colnr> <probs for GDERKNQSTAVLIFYWHMCP>
#	G	D	E	R	K	N	Q	S	T	A	V	L	I	F	Y	W	H	M	C	P
0	0.04213	0.00975	0.01420	0.10893	0.39080	0.04635	0.01087	0.06053	0.01076	0.01497	0.01247	0.19145	0.01240	0.00703	0.00546	0.01539	0.03139	0.00611	0.00292	0.00612
1	0.00950	0.00866	0.01220	0.01057	0.04442	0.07377	0.16213	0.01163	0.03787	0.02967	0.03664	0.01955	0.01248	0.25386	0.18060	0.00360	0.00710	0.00540	0.00284	0.07750
2	0.08271	0.03500	0.00745	0.00683	0.00766	0.00614	0.00509	0.00835	0.00735	0.01107	0.01169	0.04771	0.01160	0.12501	0.41731	0.18930	0.00839	0.00507	0.00255	0.00371
3	0.07734	0.04574	0.05526	0.06398	0.33823	0.01158	0.20477	0.06887	0.02821	0.01637	0.00973	0.04097	0.00806	0.00472	0.00474	0.00147	0.00594	0.00467	0.00264	0.00672
4	0.01041	0.01122	0.02226	0.01652	0.01977	0.01155	0.52488	0.01344	0.01027	0.01432	0.07056	0.01477	0.01030	0.04310	0.00852	0.00182	0.18240	0.00555	0.00255	0.00579
5	0.04263	0.13405	0.04780	0.01103	0.04983	0.08501	0.03702	0.26708	0.15489	0.01999	0.01091	0.01137	0.00835	0.00504	0.00427	0.00131	0.00517	0.00388	0.00356	0.09683
6	0.00813	0.00627	0.00736	0.00648	0.00845	0.00568	0.00489	0.03705	0.07242	0.02998	0.29309	0.09785	0.14832	0.05962	0.00619	0.00156	0.00297	0.00736	0.00429	0.19203
7	0.00640	0.00464	0.00517	0.00519	0.00577	0.00440	0.00330	0.00694	0.00840	0.01076	0.05083	0.06387	0.26596	0.48983	0.04609	0.00355	0.00404	0.00805	0.00345	0.00335
8	0.01327	0.43174	0.17130	0.01035	0.01437	0.23185	0.01022	0.01544	0.01058	0.01196	0.00710	0.00838	0.00605	0.00450	0.00409	0.00120	0.03655	0.00290	0.00212	0.00604
9	0.01082	0.04867	0.04656	0.27183	0.41922	0.04422	0.03718	0.01367	0.01032	0.01388	0.00908	0.03700	0.00765	0.00471	0.00465	0.00145	0.00594	0.00437	0.00230	0.00646
10	0.00674	0.00461	0.00591	0.00661	0.00735	0.00428	0.00469	0.00801	0.02397	0.05120	0.04106	0.59092	0.14062	0.01356	0.00590	0.00185	0.00288	0.07119	0.00447	0.00417
11	0.00645	0.00459	0.00553	0.00597	0.00637	0.00445	0.00388	0.00745	0.03293	0.01153	0.05830	0.37054	0.08541	0.34257	0.01314	0.00293	0.00349	0.02707	0.00382	0.00360
12	0.07577	0.00829	0.01403	0.01127	0.01390	0.00789	0.26488	0.04392	0.01085	0.08083	0.04575	0.29055	0.04291	0.00854	0.00536	0.00165	0.00478	0.02854	0.00371	0.03659
13	0.00819	0.00410	0.00614	0.00614	0.00614	0.00410	0.00410	0.00614	0.00614	0.00819	0.00819	0.01433	0.00819	0.01638	0.01843	0.86282	0.00410	0.00410	0.00205	0.00205
14	0.01521	0.01447	0.01255	0.02553	0.01400	0.23585	0.00848	0.25772	0.32675	0.02038	0.01327	0.01305	0.00998	0.00571	0.00462	0.00144	0.00555	0.00434	0.00407	0.00704
15	0.00879	0.00439	0.00439	0.00439	0.00549	0.00439	0.00330	0.01099	0.00989	0.01758	0.01538	0.01758	0.01209	0.00549	0.00330	0.00110	0.00220	0.00439	0.86047	0.00439
16	0.01389	0.00771	0.01085	0.07606	0.04522	0.00814	0.00771	0.04449	0.02538	0.33774	0.04478	0.01667	0.01189	0.04121	0.19761	0.00308	0.09243	0.00489	0.00402	0.00625
17	0.01261	0.83713	0.02471	0.00807	0.01210	0.01866	0.00807	0.01412	0.00958	0.01109	0.00656	0.00756	0.00605	0.00403	0.00303	0.00101	0.00504	0.00252	0.00202	0.00605
18	0.00946	0.02439	0.80987	0.01344	0.02041	0.01095	0.01742	0.01493	0.00995	0.01493	0.00846	0.00995	0.00597	0.00448	0.00448	0.00149	0.00697	0.00348	0.00199	0.00697
19	0.00879	0.00439	0.00439	0.00439	0.00549	0.00439	0.00330	0.01099	0.00989	0.01758	0.01538	0.01758	0.01209	0.00549	0.00330	0.00110	0.00220	0.00439	0.86047	0.00439
20	0.22744	0.01103	0.01810	0.01547	0.11423	0.01128	0.33988	0.06331	0.07601	0.01799	0.02403	0.01351	0.00872	0.00484	0.00471	0.00154	0.00582	0.03284	0.00298	0.00627
21	0.00674	0.00505	0.00758	0.00758	0.00842	0.00589	0.00589	0.00842	0.00758	0.01095	0.01263	0.01852	0.01179	0.03536	0.81561	0.00758	0.01263	0.00505	0.00253	0.00421
22	0.41539	0.19317	0.10785	0.01015	0.07374	0.01254	0.04379	0.01434	0.00909	0.04152	0.00746	0.00881	0.00594	0.00447	0.00390	0.00139	0.03496	0.00305	0.00260	0.00587
23	0.00879	0.00439	0.00439	0.00439	0.00549	0.00439	0.00330	0.01099	0.00989	0.01758	0.01538	0.01758	0.01209	0.00549	0.00330	0.00110	0.00220	0.00439	0.86047	0.00439
24	0.00760	0.00543	0.00760	0.00868	0.00977	0.00543	0.00760	0.00977	0.01085	0.01411	0.02496	0.05319	0.02714	0.01303	0.00651	0.00217	0.00434	0.77315	0.00434	0.00434
25	0.00845	0.00486	0.00716	0.00691	0.00691	0.00537	0.00486	0.00678	0.00628	0.00858	0.00794	0.01384	0.00794	0.01538	0.01806	0.75690	0.10519	0.00410	0.00205	0.00243
26	0.00962	0.00911	0.01543	0.61797	0.23189	0.01066	0.01345	0.01267	0.00977	0.01291	0.00851	0.01234	0.00659	0.00458	0.00470	0.00153	0.00611	0.00419	0.00216	0.00581
27	0.01173	0.01013	0.01066	0.00960	0.01226	0.01173	0.00746	0.02505	0.79636	0.01972	0.01919	0.01759	0.01439	0.00640	0.00480	0.00160	0.00373	0.00533	0.00480	0.00746
28	0.00893	0.00696	0.00793	0.00730	0.00905	0.00743	0.00559	0.01572	0.33475	0.01913	0.41240	0.02645	0.02932	0.00795	0.00505	0.00150	0.00284	0.00686	0.07916	0.00568
29	0.02997	0.09579	0.19748	0.01074	0.06661	0.06412	0.00946	0.08594	0.04338	0.07593	0.01288	0.08711	0.01187	0.13632	0.02242	0.00207	0.00545	0.03338	0.00317	0.00590
30	0.02034	0.00784	0.01068	0.00825	0.01175	0.00679	0.00679	0.02218	0.01349	0.76355	0.06289	0.01713	0.01353	0.00605	0.00479	0.00146	0.00391	0.00496	0.00580	0.00782
31	0.00686	0.00457	0.00514	0.00514	0.00514	0.00457	0.00286	0.00686	0.00686	0.00914	0.01486	0.03086	0.01714	0.83430	0.02400	0.00457	0.00457	0.00686	0.00286	0.00286
32	0.00944	0.00701	0.01006	0.02855	0.05498	0.00766	0.04370	0.01070	0.00922	0.10234	0.01852	0.19432	0.08460	0.16219	0.01109	0.00232	0.17994	0.05505	0.00350	0.00481
33	0.01329	0.07853	0.41238	0.01298	0.06092	0.21282	0.01322	0.01682	0.01126	0.11144	0.00930	0.01027	0.00679	0.00469	0.00436	0.00138	0.00678	0.00350	0.00259	0.00668
34	0.00890	0.00838	0.01414	0.82296	0.03247	0.01048	0.01309	0.01205	0.00943	0.01205	0.00838	0.01257	0.00629	0.00471	0.00471	0.00157	0.00629	0.00419	0.00210	0.00524
35	0.39068	0.01499	0.01121	0.01154	0.10938	0.35012	0.00798	0.01617	0.01069	0.02848	0.00734	0.00864	0.00591	0.00458	0.00372	0.00135	0.00594	0.00299	0.00268	0.00559
36	0.00819	0.00410	0.00614	0.00614	0.00614	0.00410	0.00410	0.00614	0.00614	0.00819	0.00819	0.01433	0.00819	0.01638	0.01843	0.86282	0.00410	0.00410	0.00205	0.00205
37	0.01190	0.11046	0.06733	0.00990	0.04169	0.08009	0.02544	0.02905	0.22255	0.04669	0.01178	0.02636	0.00937	0.00489	0.00412	0.00118	0.00462	0.00391	0.00331	0.28536
38	0.00756	0.00622	0.00695	0.00676	0.01960	0.00619	0.00501	0.01215	0.21192	0.01631	0.25630	0.06724	0.34007	0.00987	0.00538	0.00157	0.00274	0.00842	0.00469	0.00505
39	0.00978	0.00838	0.00978	0.00698	0.01117	0.00629	0.00559	0.01187	0.00978	0.01536	0.00838	0.00978	0.00698	0.00349	0.00349	0.00070	0.00349	0.00279	0.00279	0.86312
40	0.01113	0.01272	0.02782	0.01987	0.02464	0.01192	0.78776	0.01510	0.01113	0.01510	0.00954	0.01272	0.00715	0.00397	0.00556	0.00159	0.00795	0.00556	0.00238	0.00636
41	0.00686	0.00457	0.00514	0.00514	0.00514	0.00457	0.00286	0.00686	0.00686	0.00914	0.01486	0.03086	0.01714	0.83430	0.02400	0.00457	0.00457	0.00686	0.00286	0.00286
42	0.00759	0.00633	0.00898	0.00857	0.00927	0.02041	0.00679	0.00914	0.00760	0.01103	0.01131	0.01680	0.01063	0.02970	0.64980	0.00642	0.16792	0.00484	0.00244	0.00441
43	0.86760	0.00912	0.00693	0.00620	0.00912	0.01058	0.00511	0.01386	0.00802	0.02115	0.00657	0.00766	0.00511	0.00438	0.00292	0.00146	0.00365	0.00255	0.00292	0.00511
44	0.01167	0.01120	0.01914	0.02894	0.80488	0.01120	0.01447	0.01447	0.01074	0.01540	0.00887	0.01167	0.00747	0.00420	0.00467	0.00140	0.00560	0.00420	0.00233	0.00747
45	0.00819	0.00410	0.00614	0.00614	0.00614	0.00410	0.00410	0.00614	0.00614	0.00819	0.00819	0.01433	0.00819	0.01638	0.01843	0.86282	0.00410	0.00410	0.00205	0.00205
46	0.00978	0.00838	0.00978	0.00698	0.01117	0.00629	0.00559	0.01187	0.00978	0.01536	0.00838	0.00978	0.00698	0.00349	0.00349	0.00070	0.00349	0.00279	0.00279	0.86312
47	0.00686	0.00457	0.00514	0.00514	0.00514	0.00457	0.00286	0.00686	0.00686	0.00914	0.01486	0.03086	0.01714	0.83430	0.02400	0.00457	0.00457	0.00686	0.00286	0.00286
48	0.00651	0.00463	0.00582	0.00594	0.00691	0.00422	0.00429	0.00813	0.01148	0.02847	0.40450	0.28458	0.15777	0.01141	0.00562	0.00162	0.00244	0.01008	0.03132	0.00424
49	0.00890	0.00838	0.01414	0.82296	0.03247	0.01048	0.01309	0.01205	0.00943	0.01205	0.00838	0.01257	0.00629	0.00471	0.00471	0.00157	0.00629	0.00419	0.00210	0.00524
50	0.00635	0.00439	0.00536	0.00588	0.00608	0.00425	0.00370	0.00681	0.00805	0.01069	0.02099	0.39162	0.04340	0.42008	0.01492	0.00323	0.00368	0.03352	0.00362	0.00337
51	0.00642	0.00440	0.00580	0.00670	0.00711	0.00417	0.00464	0.00733	0.00910	0.02918	0.02448	0.63384	0.02874	0.10469	0.00803	0.00223	0.00315	0.10188	0.00424	0.00387
52	0.86760	0.00912	0.00693	0.00620	0.00912	0.01058	0.00511	0.01386	0.00802	0.02115	0.00657	0.00766	0.00511	0.00438	0.00292	0.00146	0.00365	0.00255	0.00292	0.00511
53	0.00699	0.00507	0.00675	0.00761	0.00851	0.00496	0.00615	0.00886	0.02494	0.01357	0.05834	0.24524	0.08496	0.05048	0.00704	0.00213	0.00371	0.44618	0.00433	0.00418
54	0.01113	0.01272	0.02782	0.01987	0.02464	0.01192	0.78776	0.01510	0.01113	0.01510	0.00954	0.01272	0.00715	0.00397	0.00556	0.00159	0.00795	0.00556	0.00238	0.00636
55	0.00946	0.02439	0.80987	0.01344	0.02041	0.01095	0.01742	0.01493	0.00995	0.01493	0.00846	0.00995	0.00597	0.00448	0.00448	0.00149	0.00697	0.00348	0.00199	0.00697
56	0.00978	0.00838	0.00978	0.00698	0.01117	0.00629	0.00559	0.01187	0.00978	0.01536	0.00838	0.00978	0.00698	0.00349	0.00349	0.00070	0.00349	0.00279	0.00279	0.86312
57	0.02115	0.00802	0.01094	0.00839	0.01204	0.00693	0.00693	0.02298	0.01350	0.80815	0.01860	0.01605	0.01167	0.00584	0.00474	0.00146	0.00401	0.00474	0.00584	0.00802
58	0.01792	0.01321	0.01415	0.01085	0.01462	0.01462	0.00896	0.78916	0.02217	0.02972	0.01132	0.01132	0.00802	0.00566	0.00472	0.00142	0.00519	0.00425	0.00472	0.00802
59	0.00667	0.00482	0.00630	0.00593	0.00704	0.00445	0.00445	0.00890	0.01335	0.01891	0.80239	0.03522	0.04449	0.00964	0.00556	0.00148	0.00222	0.00853	0.00519	0.00445
60	0.00688	0.00476	0.00577	0.00604	0.00685	0.00443	0.00416	0.02295	0.00982	0.04540	0.09753	0.37933	0.19727	0.16002	0.02464	0.00236	0.00323	0.01034	0.00421	0.00401
61	0.00686	0.00457	0.00514	0.00514	0.00514	0.00457	0.00286	0.00686	0.00686	0.00914	0.01486	0.03086	0.01714	0.83430	0.02400	0.00457	0.00457	0.00686	0.00286	0.00286
62	0.01792	0.01321	0.01415	0.01085	0.01462	0.01462	0.00896	0.78916	0.02217	0.02972	0.01132	0.01132	0.00802	0.00566	0.00472	0.00142	0.00519	0.00425	0.00472	0.00802
63	0.02947	0.00523	0.00636	0.00619	0.00759	0.00479	0.00466	0.01007	0.01102	0.12608	0.19634	0.18733	0.21638	0.06152	0.00656	0.00181	0.00294	0.06305	0.04796	0.00463
64	0.04139	0.00573	0.00717	0.00696	0.00841	0.00544	0.00510	0.01252	0.05386	0.22130	0.02173	0.40963	0.03153	0.06874	0.00659	0.00189	0.00327	0.02038	0.06322	0.00515
65	0.01761	0.02247	0.01336	0.01215	0.01458	0.81537	0.00911	0.01883	0.01336	0.01154	0.00729	0.00850	0.00607	0.00486	0.00425	0.00121	0.00850	0.00304	0.00243	0.00547
66	0.00646	0.00442	0.00524	0.00560	0.00573	0.00431	0.00338	0.00676	0.00766	0.01018	0.01929	0.29520	0.03999	0.54491	0.01764	0.00363	0.00392	0.00909	0.00339	0.00320
67	0.05733	0.00567	0.00676	0.00614	0.00781	0.00524	0.00460	0.01120	0.01096	0.18591	0.19675	0.07349	0.23201	0.13590	0.03754	0.00222	0.00350	0.00764	0.00449	0.00485
68	0.01264	0.00726	0.00907	0.00807	0.01037	0.00722	0.00650	0.01753	0.21044	0.26580	0.23256	0.02769	0.02378	0.00818	0.00527	0.00162	0.00351	0.13102	0.00516	0.00631
69	0.01081	0.01114	0.01437	0.01236	0.01253	0.06893	0.01023	0.01186	0.00764	0.01136	0.00626	0.01019	0.00618	0.00802	0.01471	0.00201	0.77007	0.00405	0.00209	0.00518
70	0.00639	0.00460	0.00620	0.00651	0.00712	0.00469	0.00463	0.00749	0.00885	0.01210	0.11793	0.28968	0.07588	0.11866	0.27127	0.03568	0.00613	0.00873	0.00361	0.00386
71	0.01025	0.00938	0.01521	0.45406	0.26144	0.01076	0.01267	0.06716	0.01054	0.01421	0.00898	0.01257	0.00714	0.00679	0.06010	0.00193	0.02416	0.00425	0.00238	0.00603
72	0.11481	0.00757	0.00803	0.00849	0.00993	0.08865	0.00708	0.01130	0.01055	0.04112	0.02009	0.08927	0.02126	0.01113	0.00622	0.03579	0.00456	0.49567	0.00393	0.00455
73	0.00579	0.00421	0.00548	0.00647	0.00689	0.00390	0.00441	0.00669	0.00925	0.01217	0.02798	0.73143	0.10307	0.01445	0.00599	0.00189	0.00276	0.03892	0.00438	0.00386
74	0.00972	0.00944	0.01706	0.47891	0.11512	0.01049	0.17854	0.02481	0.01026	0.01353	0.01017	0.01600	0.00844	0.00523	0.00505	0.00161	0.00638	0.07113	0.00242	0.00569
75	0.01061	0.01038	0.01843	0.31291	0.42990	0.01103	0.11074	0.01368	0.01032	0.01416	0.00878	0.01212	0.00700	0.00436	0.00480	0.00149	0.00614	0.00437	0.00225	0.00653
76	0.00686	0.00457	0.00514	0.00514	0.00514	0.00457	0.00286	0.00686	0.00686	0.00914	0.01486	0.03086	0.01714	0.83430	0.02400	0.00457	0.00457	0.00686	0.00286	0.00286
77	0.00941	0.00890	0.01506	0.67642	0.17502	0.01061	0.01335	0.01249	0.00967	0.01267	0.00847	0.01240	0.00650	0.00462	0.00471	0.00154	0.00616	0.00419	0.00214	0.00565
78	0.01109	0.00882	0.02607	0.51732	0.04361	0.00992	0.04660	0.01467	0.07509	0.12866	0.01078	0.01348	0.00789	0.00557	0.00559	0.04174	0.02002	0.00441	0.00288	0.00581
79	0.01096	0.02115	0.55862	0.06824	0.02004	0.08113	0.04589	0.08714	0.02296	0.01586	0.00936	0.01084	0.01729	0.00475	0.00456	0.00147	0.00682	0.00376	0.00238	0.00676
80	0.00667	0.00482	0.00630	0.00593	0.00704	0.00445	0.00445	0.00890	0.01335	0.01891	0.80239	0.03522	0.04449	0.00964	0.00556	0.00148	0.00222	0.00853	0.00519	0.00445
81	0.00893	0.00842	0.01415	0.80828	0.03211	0.01055	0.01304	0.01203	0.00939	0.01203	0.00834	0.01253	0.00628	0.00478	0.00491	0.00158	0.02113	0.00419	0.00209	0.00524
82	0.01092	0.03510	0.01146	0.10746	0.01430	0.03830	0.00730	0.06117	0.07981	0.02815	0.00948	0.01090	0.00759	0.00433	0.00436	0.00102	0.03806	0.00336	0.00298	0.52394
83	0.01261	0.83713	0.02471	0.00807	0.01210	0.01866	0.00807	0.01412	0.00958	0.01109	0.00656	0.00756	0.00605	0.00403	0.00303	0.00101	0.00504	0.00252	0.00202	0.00605
84	0.01807	0.01297	0.01400	0.01074	0.01450	0.01427	0.00887	0.75431	0.02177	0.06512	0.01165	0.01154	0.00818	0.00567	0.00472	0.00142	0.00513	0.00427	0.00477	0.00802
85	0.00993	0.00847	0.00986	0.00706	0.01124	0.00644	0.00565	0.02635	0.01001	0.01563	0.00844	0.00981	0.00700	0.00353	0.00351	0.00071	0.00352	0.00282	0.00283	0.84719
86	0.00874	0.00594	0.00609	0.00639	0.00746	0.05987	0.00502	0.01063	0.01015	0.01520	0.01821	0.06591	0.01755	0.07246	0.00608	0.00174	0.00349	0.24048	0.43428	0.00431
87	0.00675	0.00499	0.00728	0.00728	0.00801	0.00573	0.00552	0.00823	0.00749	0.01072	0.01291	0.02005	0.01245	0.13431	0.71757	0.00721	0.01163	0.00528	0.00257	0.00404
88	0.16337	0.00779	0.01054	0.02691	0.22866	0.00813	0.00834	0.01208	0.05357	0.01557	0.05205	0.03918	0.07169	0.00938	0.03571	0.06046	0.00459	0.18330	0.00334	0.00534
89	0.00722	0.00573	0.00693	0.00733	0.00821	0.00602	0.00524	0.01076	0.17763	0.01371	0.02547	0.55353	0.09145	0.01244	0.00615	0.00183	0.04035	0.01096	0.00436	0.00468
90	0.02353	0.00541	0.00725	0.00679	0.00765	0.00550	0.00485	0.01081	0.10497	0.10803	0.01102	0.01494	0.00946	0.01333	0.01436	0.61079	0.00397	0.00431	0.02947	0.00357
91	0.01003	0.00995	0.01467	0.18606	0.01695	0.01354	0.02773	0.01158	0.00778	0.01158	0.00673	0.01085	0.00623	0.00740	0.01296	0.00195	0.63258	0.00417	0.00208	0.00520
92	0.00939	0.00546	0.00651	0.00600	0.00778	0.00484	0.00458	0.01115	0.02529	0.18114	0.17902	0.11659	0.34613	0.00998	0.00527	0.00154	0.00274	0.00849	0.06309	0.00499
93	0.00686	0.00457	0.00514	0.00514	0.00514	0.00457	0.00286	0.00686	0.00686	0.00914	0.01486	0.03086	0.01714	0.83430	0.02400	0.00457	0.00457	0.00686	0.00286	0.00286
94	0.19008	0.01084	0.01148	0.00910	0.01251	0.01172	0.00748	0.40481	0.06323	0.18245	0.01243	0.01213	0.00869	0.00547	0.00431	0.00143	0.00444	0.00407	0.03608	0.00726
95	0.00915	0.00533	0.00707	0.00663	0.00789	0.00521	0.00493	0.01061	0.01014	0.15260	0.19203	0.09821	0.06865	0.15261	0.22687	0.00367	0.00579	0.00709	0.02087	0.00466
96	0.00730	0.00599	0.00658	0.00629	0.00793	0.00589	0.00475	0.01156	0.19246	0.01601	0.24780	0.07192	0.37744	0.01016	0.00541	0.00158	0.00267	0.00865	0.00470	0.00491
97	0.01126	0.00681	0.00670	0.00598	0.00770	0.04199	0.00465	0.13947	0.01223	0.05678	0.01451	0.01608	0.01113	0.00551	0.00364	0.00117	0.00305	0.00433	0.64180	0.00521
98	0.00603	0.00431	0.00540	0.00624	0.00683	0.00398	0.00435	0.00708	0.00948	0.01265	0.02885	0.60116	0.15855	0.01357	0.00579	0.00182	0.00273	0.05466	0.06262	0.00392
99	0.01761	0.02247	0.01336	0.01215	0.01458	0.81537	0.00911	0.01883	0.01336	0.01154	0.00729	0.00850	0.00607	0.00486	0.00425	0.00121	0.00850	0.00304	0.00243	0.00547
100	0.41788	0.00854	0.00906	0.00736	0.01067	0.00864	0.00608	0.01870	0.01093	0.43928	0.01296	0.01212	0.00859	0.00515	0.00389	0.00146	0.00384	0.00372	0.00447	0.00666
101	0.00819	0.00410	0.00614	0.00614	0.00614	0.00410	0.00410	0.00614	0.00614	0.00819	0.00819	0.01433	0.00819	0.01638	0.01843	0.86282	0.00410	0.00410	0.00205	0.00205
102	0.00598	0.00478	0.00536	0.00538	0.00669	0.00420	0.00397	0.00758	0.02222	0.01443	0.25020	0.14009	0.48923	0.01159	0.00561	0.00160	0.00241	0.00993	0.00461	0.00414
103	0.00821	0.00411	0.00608	0.00608	0.00612	0.00411	0.00407	0.00632	0.00628	0.00854	0.00845	0.01445	0.00833	0.01598	0.01787	0.83110	0.00403	0.00411	0.03365	0.00213
104	0.01792	0.01321	0.01415	0.01085	0.01462	0.01462	0.00896	0.78916	0.02217	0.02972	0.01132	0.01132	0.00802	0.00566	0.00472	0.00142	0.00519	0.00425	0.00472	0.00802
105	0.01538	0.00832	0.01005	0.00838	0.01131	0.00819	0.00681	0.11652	0.15757	0.36991	0.04058	0.02335	0.12509	0.00745	0.00503	0.00156	0.00387	0.06852	0.00516	0.00697
106	0.00621	0.00493	0.00553	0.00538	0.00674	0.00441	0.00399	0.00808	0.03518	0.01500	0.31604	0.05208	0.46104	0.04684	0.00636	0.00169	0.00247	0.00922	0.00462	0.00420
107	0.00686	0.00457	0.00514	0.00514	0.00514	0.00457	0.00286	0.00686	0.00686	0.00914	0.01486	0.03086	0.01714	0.83430	0.02400	0.00457	0.00457	0.00686	0.00286	0.00286
108	0.01032	0.01032	0.01444	0.01238	0.01238	0.01444	0.01032	0.01135	0.00722	0.01135	0.00619	0.01032	0.00619	0.00825	0.01547	0.00206	0.82567	0.00413	0.00206	0.00516
109	0.01435	0.00996	0.01105	0.00945	0.01243	0.01096	0.00749	0.09616	0.55417	0.19156	0.01833	0.01667	0.01321	0.00621	0.00478	0.00155	0.00393	0.00510	0.00502	0.00764
110	0.00890	0.00838	0.01414	0.82296	0.03247	0.01048	0.01309	0.01205	0.00943	0.01205	0.00838	0.01257	0.00629	0.00471	0.00471	0.00157	0.00629	0.00419	0.00210	0.00524
111	0.01261	0.83713	0.02471	0.00807	0.01210	0.01866	0.00807	0.01412	0.00958	0.01109	0.00656	0.00756	0.00605	0.00403	0.00303	0.00101	0.00504	0.00252	0.00202	0.00605
112	0.00767	0.00598	0.00587	0.00579	0.00601	0.06816	0.00347	0.00784	0.00743	0.00944	0.01441	0.04417	0.01638	0.72936	0.04598	0.00435	0.00509	0.00663	0.00284	0.00312
113	0.00978	0.00838	0.00978	0.00698	0.01117	0.00629	0.00559	0.01187	0.00978	0.01536	0.00838	0.00978	0.00698	0.00349	0.00349	0.00070	0.00349	0.00279	0.00279	0.86312
114	0.00640	0.00490	0.00593	0.00625	0.00721	0.00463	0.00446	0.00862	0.07155	0.01449	0.22312	0.39791	0.20255	0.01223	0.00571	0.00171	0.00261	0.01081	0.00461	0.00430
115	0.01173	0.01013	0.01066	0.00960	0.01226	0.01173	0.00746	0.02505	0.79636	0.01972	0.01919	0.01759	0.01439	0.00640	0.00480	0.00160	0.00373	0.00533	0.00480	0.00746
116	0.00946	0.02439	0.80987	0.01344	0.02041	0.01095	0.01742	0.01493	0.00995	0.01493	0.00846	0.00995	0.00597	0.00448	0.00448	0.00149	0.00697	0.00348	0.00199	0.00697
117	0.00574	0.00410	0.00547	0.00657	0.00684	0.00383	0.00438	0.00657	0.00903	0.01204	0.02599	0.83122	0.03119	0.01477	0.00602	0.00191	0.00274	0.01340	0.00438	0.00383
118	0.00616	0.00433	0.00561	0.00647	0.00677	0.00414	0.00437	0.00694	0.00875	0.01163	0.02355	0.58709	0.02784	0.18692	0.00985	0.00250	0.00328	0.08608	0.00405	0.00368
119	0.01261	0.83713	0.02471	0.00807	0.01210	0.01866	0.00807	0.01412	0.00958	0.01109	0.00656	0.00756	0.00605	0.00403	0.00303	0.00101	0.00504	0.00252	0.00202	0.00605
120	0.00674	0.00505	0.00758	0.00758	0.00842	0.00589	0.00589	0.00842	0.00758	0.01095	0.01263	0.01852	0.01179	0.03536	0.81561	0.00758	0.01263	0.00505	0.00253	0.00421
121	0.04782	0.00834	0.01020	0.00835	0.01137	0.00820	0.00672	0.05739	0.19820	0.44104	0.13257	0.01868	0.01670	0.00646	0.00481	0.00149	0.00373	0.00533	0.00534	0.00726
122	0.00692	0.00457	0.00512	0.00512	0.00515	0.00457	0.00287	0.00698	0.00695	0.00940	0.01487	0.03044	0.01699	0.80861	0.02336	0.00446	0.00450	0.00678	0.02943	0.00290
123	0.04738	0.00806	0.01082	0.00832	0.01195	0.00704	0.00687	0.02270	0.01333	0.78376	0.01823	0.01579	0.01147	0.00579	0.00469	0.00146	0.00400	0.00467	0.00575	0.00793
124	0.00674	0.00505	0.00758	0.00758	0.00842	0.00589	0.00589	0.00842	0.00758	0.01095	0.01263	0.01852	0.01179	0.03536	0.81561	0.00758	0.01263	0.00505	0.00253	0.00421
125	0.01802	0.01305	0.01405	0.01077	0.01454	0.01438	0.00890	0.76542	0.02190	0.05384	0.01155	0.01147	0.00813	0.00567	0.00472	0.00142	0.00515	0.00426	0.00475	0.00802
126	0.00673	0.00514	0.00639	0.00699	0.00828	0.00480	0.00584	0.00850	0.01089	0.01369	0.05846	0.04941	0.34765	0.01247	0.00610	0.00191	0.00347	0.43469	0.00438	0.00420
127	0.00650	0.00481	0.00607	0.00575	0.00694	0.00438	0.00432	0.00857	0.01295	0.01796	0.68626	0.03678	0.16122	0.00999	0.00556	0.00150	0.00225	0.00875	0.00507	0.00438
128	0.00575	0.00416	0.00544	0.00643	0.00681	0.00385	0.00432	0.00662	0.00922	0.01221	0.04164	0.76323	0.08394	0.01449	0.00598	0.00189	0.00270	0.01308	0.00439	0.00385
129	0.01472	0.00707	0.00874	0.00729	0.00978	0.00672	0.00588	0.09317	0.03141	0.35839	0.12653	0.02045	0.01679	0.00661	0.00456	0.00140	0.00341	0.04157	0.22912	0.00639
130	0.01597	0.01229	0.01280	0.01023	0.01352	0.04273	0.00829	0.56906	0.14600	0.02631	0.04203	0.02940	0.01090	0.00607	0.00473	0.00144	0.00482	0.00472	0.03118	0.00751
131	0.00628	0.00433	0.00531	0.00588	0.00602	0.00419	0.00364	0.00671	0.00798	0.01064	0.02061	0.44437	0.02440	0.41089	0.01471	0.00320	0.00362	0.01024	0.00364	0.00336
132	0.00784	0.00591	0.00843	0.00802	0.00862	0.00722	0.00628	0.00899	0.00757	0.01138	0.01109	0.01627	0.01026	0.02450	0.47310	0.11104	0.17230	0.00468	0.09233	0.00415
133	0.01006	0.00549	0.00592	0.00542	0.00692	0.00552	0.00418	0.08595	0.01170	0.06130	0.11550	0.01915	0.01580	0.00606	0.00380	0.00120	0.00258	0.00493	0.62359	0.00494
134	0.00846	0.00556	0.00776	0.00860	0.00983	0.00548	0.00746	0.01057	0.01098	0.06807	0.02456	0.07413	0.02621	0.01259	0.00638	0.00211	0.00427	0.69795	0.00444	0.00458
135	0.00632	0.00464	0.00592	0.00596	0.00692	0.00424	0.00433	0.00807	0.01197	0.01649	0.52277	0.23423	0.12828	0.01118	0.00568	0.00160	0.00237	0.00990	0.00489	0.00424
136	0.00705	0.00525	0.00724	0.02249	0.00934	0.00511	0.01854	0.00891	0.01062	0.01377	0.06291	0.18355	0.12813	0.01274	0.00622	0.00200	0.00381	0.48372	0.00432	0.00426
137	0.00890	0.00838	0.01414	0.82296	0.03247	0.01048	0.01309	0.01205	0.00943	0.01205	0.00838	0.01257	0.00629	0.00471	0.00471	0.00157	0.00629	0.00419	0.00210	0.00524
138	0.00754	0.00552	0.00730	0.00811	0.00924	0.00552	0.00688	0.00998	0.04630	0.01390	0.02621	0.04930	0.10050	0.06849	0.00753	0.00225	0.00414	0.61268	0.00426	0.00435
139	0.00576	0.00437	0.00532	0.00605	0.00679	0.00394	0.00423	0.00675	0.00966	0.01234	0.03312	0.54403	0.28529	0.01378	0.00589	0.00182	0.00268	0.03991	0.00438	0.00390
140	0.00970	0.00942	0.01327	0.01156	0.01170	0.01298	0.00956	0.01085	0.00728	0.01128	0.00729	0.01172	0.00715	0.01289	0.15230	0.00301	0.68663	0.00428	0.00214	0.00500
141	0.04898	0.00936	0.04660	0.58122	0.06434	0.01038	0.03004	0.03803	0.03855	0.04212	0.00920	0.01253	0.00691	0.00521	0.00515	0.03325	0.00591	0.00418	0.00246	0.00559
142	0.00924	0.00818	0.01293	0.13820	0.14207	0.00929	0.06565	0.02460	0.07037	0.01329	0.01170	0.01739	0.01045	0.01553	0.25628	0.03278	0.09384	0.06010	0.00270	0.00540
143	0.01712	0.01284	0.01402	0.01082	0.01435	0.01432	0.00894	0.70931	0.02072	0.02797	0.01087	0.01120	0.00786	0.00576	0.00541	0.00143	0.06095	0.00419	0.00447	0.03745
144	0.00709	0.00566	0.00808	0.05733	0.13351	0.00549	0.00629	0.00826	0.00952	0.01254	0.04575	0.38078	0.17550	0.04136	0.00716	0.06261	0.00350	0.02146	0.00373	0.00438
145	0.04254	0.00513	0.00618	0.04299	0.00781	0.00503	0.00434	0.00824	0.00886	0.04090	0.07358	0.20180	0.13877	0.31230	0.05716	0.00304	0.00413	0.00826	0.00362	0.02531
146	0.00611	0.00443	0.00578	0.00634	0.00700	0.00410	0.00448	0.00745	0.01059	0.01436	0.27523	0.49709	0.08229	0.01289	0.00587	0.00177	0.00262	0.04292	0.00464	0.00406
147	0.01012	0.00923	0.01468	0.61199	0.13814	0.01096	0.01271	0.07325	0.04639	0.01424	0.00917	0.01258	0.00695	0.00479	0.00471	0.00154	0.00599	0.00425	0.00245	0.00587
148	0.55471	0.00850	0.00794	0.00759	0.04548	0.00932	0.00572	0.01465	0.05792	0.10866	0.04148	0.04276	0.06737	0.00578	0.00372	0.00149	0.00361	0.00420	0.00358	0.00554
149	0.00788	0.00572	0.00685	0.00669	0.00783	0.00575	0.00481	0.02281	0.14345	0.03969	0.29241	0.22941	0.06170	0.13349	0.00826	0.00207	0.00306	0.00883	0.00455	0.00471
150	0.00631	0.00492	0.00533	0.00523	0.00636	0.00449	0.00366	0.00779	0.03868	0.01298	0.15460	0.03888	0.44506	0.23312	0.01051	0.00238	0.00300	0.00873	0.00411	0.00388
151	0.04659	0.01192	0.01268	0.01020	0.01359	0.01331	0.00828	0.49428	0.26701	0.05123	0.01388	0.01333	0.01005	0.00585	0.00468	0.00148	0.00463	0.00454	0.00471	0.00774
152	0.00627	0.00450	0.00556	0.00618	0.00662	0.00431	0.00409	0.00747	0.03571	0.01220	0.06778	0.52438	0.07863	0.18832	0.00971	0.00241	0.00310	0.01109	0.01787	0.00380
153	0.08084	0.00623	0.00782	0.00711	0.00909	0.00577	0.00546	0.01412	0.01102	0.33045	0.05694	0.25915	0.05911	0.05174	0.00608	0.00178	0.00343	0.04592	0.03228	0.00563
154	0.00818	0.00481	0.00513	0.00502	0.00581	0.00482	0.00342	0.03782	0.00937	0.01473	0.04686	0.03808	0.03979	0.31077	0.01117	0.00243	0.00320	0.00579	0.43888	0.00394
155	0.00731	0.00480	0.00617	0.00618	0.00720	0.00438	0.00446	0.00886	0.01143	0.07274	0.38638	0.29948	0.10908	0.04165	0.00633	0.00175	0.00263	0.00995	0.00480	0.00440
156	0.01212	0.00874	0.00986	0.00855	0.01077	0.00923	0.00670	0.38237	0.01583	0.03941	0.06318	0.24431	0.07955	0.03747	0.00594	0.00172	0.00404	0.04966	0.00457	0.00598
157	0.00681	0.00476	0.00610	0.00610	0.00644	0.00509	0.00406	0.00747	0.00714	0.00985	0.01398	0.02599	0.01503	0.51896	0.33645	0.00576	0.00775	0.00614	0.00273	0.00339
158	0.00681	0.00476	0.00611	0.00611	0.00644	0.00510	0.00406	0.00748	0.00714	0.00986	0.01397	0.02596	0.01501	0.51689	0.33849	0.00577	0.00777	0.00614	0.00273	0.00339
159	0.00585	0.00469	0.00518	0.00535	0.00660	0.00409	0.00393	0.00710	0.01065	0.01329	0.13327	0.16583	0.53504	0.04241	0.00635	0.00176	0.00257	0.03762	0.00442	0.00399
160	0.01748	0.02225	0.01338	0.01215	0.01454	0.80098	0.00913	0.01869	0.01325	0.01154	0.00727	0.00854	0.00608	0.00492	0.00445	0.00123	0.02318	0.00306	0.00242	0.00546
161	0.00852	0.00767	0.01099	0.00997	0.01039	0.01015	0.00809	0.00988	0.00740	0.01115	0.00943	0.01444	0.00900	0.02187	0.41752	0.00483	0.41713	0.00459	0.00230	0.00468
162	0.00686	0.00457	0.00514	0.00514	0.00514	0.00457	0.00286	0.00686	0.00686	0.00914	0.01486	0.03086	0.01714	0.83430	0.02400	0.00457	0.00457	0.00686	0.00286	0.00286
163	0.01930	0.00920	0.01149	0.00889	0.01239	0.00884	0.00731	0.22861	0.01582	0.54467	0.06986	0.01608	0.01291	0.00605	0.00479	0.00145	0.00421	0.00486	0.00549	0.00778
164	0.00674	0.00505	0.00758	0.00758	0.00842	0.00589	0.00589	0.00842	0.00758	0.01095	0.01263	0.01852	0.01179	0.03536	0.81561	0.00758	0.01263	0.00505	0.00253	0.00421
165	0.00573	0.00415	0.00542	0.00644	0.00681	0.00384	0.00432	0.00658	0.00915	0.01209	0.02752	0.77575	0.08566	0.01457	0.00599	0.00189	0.00271	0.01316	0.00438	0.00384
166	0.01763	0.01306	0.01398	0.01079	0.01451	0.01448	0.00889	0.75294	0.05887	0.02924	0.01169	0.01162	0.00832	0.00570	0.00472	0.00142	0.00512	0.00430	0.00472	0.00799
167	0.00751	0.00516	0.00640	0.00617	0.00740	0.00486	0.00458	0.00959	0.04859	0.06021	0.36637	0.11219	0.18531	0.06199	0.04050	0.03334	0.00317	0.02763	0.00458	0.00444
168	0.76301	0.01076	0.00772	0.00693	0.00979	0.10961	0.00560	0.01447	0.00868	0.01997	0.00665	0.00776	0.00523	0.00444	0.00308	0.00143	0.00424	0.00261	0.00286	0.00515
169	0.01019	0.00960	0.01563	0.44971	0.27743	0.01090	0.03080	0.01450	0.10672	0.01414	0.00989	0.01290	0.00768	0.00474	0.00473	0.00152	0.00579	0.00437	0.00251	0.00625

[dist]
# distance from previous block
# <min> <max>
0	2

[block]
# block no. 2 follows, 54 sequences, length 14
# corresponding to MSA columns:
# 532-545
name=unknown_C
#
# <colnr> <probs for GDERKNQSTAVLIFYWHMCP>
#	G	D	E	R	K	N	Q	S	T	A	V	L	I	F	Y	W	H	M	C	P
0	0.00673	0.00452	0.00518	0.00530	0.00533	0.00449	0.00303	0.00682	0.00710	0.00947	0.01611	0.12110	0.01873	0.74189	0.02197	0.00427	0.00436	0.00760	0.00303	0.00297
1	0.01563	0.35647	0.01826	0.01011	0.01357	0.26798	0.00864	0.22687	0.01420	0.01631	0.00808	0.00888	0.00659	0.00474	0.00387	0.00118	0.00617	0.00315	0.00288	0.00640
2	0.00674	0.00505	0.00758	0.00758	0.00842	0.00589	0.00589	0.00842	0.00758	0.01095	0.01263	0.01852	0.01179	0.03536	0.81561	0.00758	0.01263	0.00505	0.00253	0.00421
3	0.01735	0.01225	0.01339	0.07392	0.01546	0.05013	0.00888	0.52419	0.06603	0.15121	0.01254	0.01242	0.00876	0.00562	0.00470	0.00144	0.00515	0.00433	0.00459	0.00765
4	0.00731	0.00524	0.00663	0.00663	0.00723	0.00560	0.00459	0.04524	0.03425	0.01159	0.01606	0.16720	0.01731	0.35464	0.28439	0.00486	0.00695	0.00724	0.00317	0.00388
5	0.01761	0.02247	0.01336	0.01215	0.01458	0.81537	0.00911	0.01883	0.01336	0.01154	0.00729	0.00850	0.00607	0.00486	0.00425	0.00121	0.00850	0.00304	0.00243	0.00547
6	0.00760	0.00543	0.00760	0.00868	0.00977	0.00543	0.00760	0.00977	0.01085	0.01411	0.02496	0.05319	0.02714	0.01303	0.00651	0.00217	0.00434	0.77315	0.00434	0.00434
7	0.01073	0.01009	0.01472	0.01809	0.34584	0.04716	0.07115	0.01545	0.16747	0.01595	0.06170	0.02201	0.04772	0.00666	0.00512	0.00158	0.00502	0.12365	0.00340	0.00648
8	0.01232	0.00681	0.00860	0.00739	0.00961	0.00655	0.00580	0.01638	0.15217	0.27799	0.40644	0.02581	0.02839	0.00782	0.00516	0.00150	0.00308	0.00672	0.00533	0.00616
9	0.01761	0.02247	0.01336	0.01215	0.01458	0.81537	0.00911	0.01883	0.01336	0.01154	0.00729	0.00850	0.00607	0.00486	0.00425	0.00121	0.00850	0.00304	0.00243	0.00547
10	0.00613	0.00480	0.00556	0.00550	0.00683	0.00424	0.00416	0.00777	0.01175	0.01528	0.35194	0.06928	0.42941	0.01116	0.00563	0.00159	0.00243	0.04765	0.00471	0.00418
11	0.04313	0.00576	0.00727	0.00649	0.00828	0.00527	0.00496	0.01253	0.01212	0.23436	0.35286	0.10810	0.09338	0.04730	0.00606	0.00166	0.00294	0.00764	0.03461	0.00528
12	0.01173	0.01013	0.01066	0.00960	0.01226	0.01173	0.00746	0.02505	0.79636	0.01972	0.01919	0.01759	0.01439	0.00640	0.00480	0.00160	0.00373	0.00533	0.00480	0.00746
13	0.86760	0.00912	0.00693	0.00620	0.00912	0.01058	0.00511	0.01386	0.00802	0.02115	0.00657	0.00766	0.00511	0.00438	0.00292	0.00146	0.00365	0.00255	0.00292	0.00511

[dist]
# distance from previous block
# <min> <max>
0	29

[block]
# block no. 3 follows, 54 sequences, length 70
# corresponding to MSA columns:
# 575-644
name=unknown_D
#
# <colnr> <probs for GDERKNQSTAVLIFYWHMCP>
#	G	D	E	R	K	N	Q	S	T	A	V	L	I	F	Y	W	H	M	C	P
0	0.00926	0.00600	0.00755	0.00733	0.02128	0.00569	0.00572	0.03422	0.05628	0.12277	0.28792	0.05189	0.18570	0.01002	0.00558	0.00166	0.00317	0.16801	0.00484	0.00512
1	0.00959	0.00651	0.00766	0.00728	0.00885	0.00648	0.00542	0.15004	0.04978	0.08320	0.06773	0.39453	0.14840	0.01110	0.00548	0.00168	0.00324	0.00968	0.01817	0.00518
2	0.46185	0.01048	0.00972	0.00806	0.01126	0.03550	0.00659	0.21318	0.06268	0.12467	0.01016	0.01033	0.00732	0.00504	0.00377	0.00145	0.00424	0.00346	0.00386	0.00639
3	0.27387	0.00835	0.00974	0.00774	0.01117	0.00802	0.00639	0.02026	0.01186	0.57318	0.01501	0.01354	0.00971	0.00540	0.00420	0.00146	0.00390	0.00409	0.00496	0.00715
4	0.00787	0.00535	0.00661	0.00658	0.00779	0.00505	0.00485	0.06532	0.01176	0.06528	0.23591	0.35293	0.16213	0.01165	0.00566	0.00169	0.00284	0.03142	0.00471	0.00460
5	0.76425	0.00962	0.00781	0.00677	0.00979	0.01107	0.00558	0.10816	0.00974	0.02220	0.00714	0.00810	0.00546	0.00453	0.00314	0.00145	0.00383	0.00276	0.00314	0.00546
6	0.00819	0.00410	0.00614	0.00614	0.00614	0.00410	0.00410	0.00614	0.00614	0.00819	0.00819	0.01433	0.00819	0.01638	0.01843	0.86282	0.00410	0.00410	0.00205	0.00205
7	0.00628	0.00465	0.00518	0.00529	0.00602	0.00430	0.00351	0.00700	0.00904	0.01150	0.07443	0.11159	0.31955	0.37218	0.01371	0.00294	0.00343	0.03215	0.00376	0.00351
8	0.00655	0.00468	0.00562	0.00580	0.00685	0.00418	0.00415	0.00783	0.01069	0.04515	0.20949	0.30715	0.30295	0.04880	0.00651	0.00180	0.00263	0.01045	0.00455	0.00415
9	0.00819	0.00410	0.00614	0.00614	0.00614	0.00410	0.00410	0.00614	0.00614	0.00819	0.00819	0.01433	0.00819	0.01638	0.01843	0.86282	0.00410	0.00410	0.00205	0.00205
10	0.01000	0.00588	0.00634	0.00581	0.00730	0.00621	0.00451	0.13468	0.01156	0.01871	0.01440	0.01670	0.01140	0.00915	0.10233	0.00194	0.00394	0.00445	0.61974	0.00495
11	0.00755	0.00631	0.00872	0.00808	0.00862	0.00722	0.04074	0.00848	0.00816	0.01125	0.03221	0.17474	0.08972	0.26259	0.09381	0.00327	0.20152	0.01989	0.00310	0.00404
12	0.00860	0.00672	0.00932	0.17319	0.03543	0.00724	0.03406	0.07689	0.05062	0.01403	0.01668	0.25481	0.01740	0.17779	0.00902	0.00225	0.00436	0.03102	0.06585	0.00471
13	0.00912	0.01034	0.09487	0.01258	0.01586	0.00865	0.32272	0.01318	0.06912	0.01704	0.34615	0.02234	0.02339	0.00660	0.00540	0.00154	0.00512	0.00660	0.00371	0.00569
14	0.00863	0.00808	0.01348	0.71214	0.02939	0.00980	0.03062	0.01161	0.00972	0.01244	0.04262	0.01585	0.06557	0.00541	0.00483	0.00157	0.00588	0.00481	0.00239	0.00514
15	0.01106	0.01079	0.01404	0.25349	0.17330	0.08909	0.01099	0.04220	0.12437	0.01426	0.01101	0.02431	0.02761	0.00674	0.03134	0.00177	0.14033	0.00453	0.00275	0.00602
16	0.01040	0.04097	0.01694	0.35805	0.31397	0.03941	0.07046	0.01325	0.01006	0.01339	0.00882	0.01230	0.00713	0.00644	0.05734	0.00187	0.00660	0.00425	0.00224	0.00612
17	0.00904	0.00852	0.01439	0.78419	0.07019	0.01051	0.01316	0.01217	0.00949	0.01221	0.00840	0.01253	0.00634	0.00469	0.00471	0.00156	0.00625	0.00419	0.00211	0.00535
18	0.01017	0.00867	0.01166	0.22665	0.07462	0.00827	0.00841	0.05049	0.03955	0.02973	0.00988	0.04054	0.00826	0.01794	0.00446	0.00117	0.00448	0.00391	0.00286	0.43827
19	0.00761	0.00646	0.00804	0.00795	0.00892	0.07111	0.00615	0.00926	0.00804	0.01099	0.01220	0.01772	0.01133	0.03291	0.75025	0.00707	0.01230	0.00489	0.00252	0.00431
20	0.00883	0.00571	0.00733	0.00675	0.00792	0.00583	0.00498	0.06630	0.01080	0.08478	0.26325	0.02619	0.02320	0.22522	0.22802	0.00390	0.00599	0.00652	0.00390	0.00456
21	0.00873	0.00650	0.01062	0.38580	0.06599	0.00747	0.00888	0.00937	0.00794	0.01041	0.00832	0.01336	0.00726	0.01025	0.01126	0.41255	0.00520	0.00415	0.00209	0.00385
