[name]
unknown

[dist]
# distance from previous block
# <min> <max>
0	67

[block]
# block no. 0 follows, 53 sequences, length 70
# corresponding to MSA columns:
# 117-186
name=unknown_A
#
# <colnr> <probs for GDERKNQSTAVLIFYWHMCP>
#	G	D	E	R	K	N	Q	S	T	A	V	L	I	F	Y	W	H	M	C	P
0	0.00789	0.00591	0.00787	0.00743	0.00906	0.00583	0.00588	0.00989	0.02113	0.02434	0.06457	0.02552	0.03528	0.06531	0.35775	0.00432	0.00766	0.13934	0.02126	0.17375
1	0.01389	0.04555	0.11141	0.01521	0.15734	0.01160	0.13299	0.18074	0.09617	0.12453	0.05294	0.01401	0.01066	0.00531	0.00487	0.00148	0.00552	0.00475	0.00372	0.00731
2	0.08428	0.01287	0.17572	0.01225	0.01521	0.03501	0.16674	0.01285	0.00954	0.02645	0.06025	0.01543	0.03622	0.07276	0.04162	0.00216	0.20750	0.00492	0.00265	0.00559
3	0.00587	0.00433	0.00538	0.00618	0.00671	0.00397	0.00416	0.00672	0.00935	0.01213	0.03007	0.60957	0.18884	0.07394	0.00734	0.00207	0.00284	0.01238	0.00432	0.00384
4	0.00915	0.03449	0.07026	0.04707	0.22506	0.03404	0.03543	0.02986	0.01054	0.01430	0.06931	0.31318	0.04107	0.00900	0.00566	0.00165	0.03295	0.00804	0.00339	0.00557
5	0.00643	0.00476	0.00601	0.00598	0.00704	0.00434	0.00441	0.00827	0.01228	0.01683	0.52693	0.17642	0.16690	0.01113	0.00574	0.00161	0.00241	0.02322	0.00497	0.00432
6	0.01002	0.02192	0.63270	0.01607	0.10560	0.01124	0.10542	0.01511	0.01031	0.01521	0.00875	0.01060	0.00636	0.00445	0.00469	0.00151	0.00703	0.00385	0.00210	0.00705
7	0.01143	0.10429	0.01958	0.15910	0.22912	0.09465	0.20970	0.01421	0.01098	0.01401	0.03614	0.01410	0.05159	0.00495	0.00482	0.00145	0.00636	0.00476	0.00252	0.00622
8	0.00938	0.01047	0.08579	0.12019	0.06608	0.00922	0.30486	0.01224	0.01020	0.01397	0.10002	0.01932	0.01363	0.19259	0.00961	0.00226	0.00617	0.00583	0.00277	0.00539
9	0.45296	0.20263	0.05859	0.00954	0.06422	0.05972	0.03108	0.01492	0.00943	0.04917	0.00754	0.00869	0.00600	0.00443	0.00343	0.00136	0.00478	0.00296	0.00273	0.00584
10	0.08059	0.01096	0.01571	0.07173	0.45384	0.03386	0.01177	0.04745	0.13423	0.06381	0.01130	0.01330	0.00894	0.00497	0.00464	0.00148	0.00522	0.01589	0.00313	0.00719
11	0.00612	0.00458	0.00568	0.00601	0.00690	0.00414	0.00428	0.00754	0.01111	0.01484	0.30582	0.36556	0.21504	0.01246	0.00583	0.00171	0.00251	0.01102	0.00473	0.00414
12	0.00673	0.00536	0.00794	0.22450	0.01390	0.00572	0.00681	0.00827	0.00949	0.01257	0.06267	0.56826	0.02557	0.01197	0.00572	0.00182	0.00371	0.01082	0.00386	0.00430
13	0.00804	0.00681	0.01003	0.19330	0.07759	0.00712	0.03324	0.02228	0.05552	0.01573	0.28464	0.13772	0.11152	0.00874	0.00538	0.00160	0.00388	0.00780	0.00399	0.00509
14	0.00685	0.00494	0.00594	0.00573	0.00707	0.00439	0.00428	0.00860	0.01224	0.04635	0.43718	0.09746	0.31973	0.01087	0.00564	0.00158	0.00242	0.00939	0.00492	0.00443
15	0.01186	0.01052	0.01494	0.01706	0.28705	0.01113	0.07461	0.04386	0.35490	0.04069	0.01676	0.01706	0.06612	0.00586	0.00493	0.00154	0.00476	0.00530	0.00379	0.00726
16	0.00637	0.00473	0.00505	0.00505	0.00576	0.00437	0.00322	0.00691	0.00870	0.01088	0.02982	0.03779	0.36385	0.46916	0.01606	0.00330	0.00365	0.00834	0.00358	0.00340
17	0.01708	0.14933	0.01541	0.01156	0.01439	0.62485	0.00906	0.07943	0.01365	0.01309	0.00760	0.00870	0.00631	0.00486	0.00415	0.00121	0.00780	0.00309	0.00258	0.00584
18	0.01725	0.02170	0.01390	0.03790	0.05969	0.74324	0.00966	0.01863	0.01327	0.01193	0.00751	0.00893	0.00624	0.00488	0.00435	0.00125	0.00839	0.00318	0.00245	0.00565
19	0.00987	0.00815	0.00967	0.00749	0.02949	0.00626	0.00574	0.01189	0.01008	0.03913	0.01207	0.04543	0.05841	0.00463	0.00384	0.00086	0.00350	0.00382	0.00308	0.72658
20	0.01068	0.01105	0.08517	0.40400	0.32489	0.01082	0.02493	0.01390	0.01030	0.04578	0.00913	0.01231	0.00703	0.00459	0.00475	0.00152	0.00610	0.00423	0.00236	0.00646
21	0.01168	0.01120	0.01912	0.07249	0.76025	0.01132	0.01459	0.01453	0.01081	0.01543	0.00896	0.01188	0.00751	0.00429	0.00473	0.00143	0.00572	0.00426	0.00235	0.00745
22	0.01085	0.01027	0.01738	0.15562	0.60847	0.01059	0.01355	0.01357	0.01052	0.01477	0.01042	0.08291	0.00946	0.00527	0.00486	0.00149	0.00554	0.00507	0.00251	0.00688
23	0.01785	0.02278	0.01354	0.01231	0.01478	0.81284	0.00924	0.01909	0.01354	0.01170	0.00739	0.00862	0.00616	0.00493	0.00431	0.00123	0.00862	0.00308	0.00246	0.00554
24	0.01599	0.00732	0.00884	0.00719	0.00987	0.00698	0.00581	0.11547	0.01333	0.39013	0.01660	0.01628	0.01153	0.00575	0.00421	0.00133	0.00348	0.00460	0.34863	0.00665
25	0.00586	0.00444	0.00541	0.00603	0.00681	0.00399	0.00419	0.00695	0.01012	0.01311	0.10971	0.50790	0.27104	0.01357	0.00591	0.00180	0.00261	0.01201	0.00452	0.00399
26	0.01755	0.07318	0.01430	0.01200	0.01462	0.73181	0.00916	0.04896	0.01366	0.01239	0.00750	0.00867	0.00623	0.00491	0.00425	0.00123	0.00827	0.00309	0.00253	0.00568
27	0.00918	0.00866	0.01470	0.50725	0.11075	0.01005	0.07448	0.01198	0.00968	0.01275	0.01143	0.03514	0.04032	0.03569	0.03268	0.00193	0.03883	0.02665	0.00243	0.00541
28	0.01068	0.01065	0.04415	0.04660	0.12654	0.06657	0.22964	0.02732	0.02928	0.04034	0.05256	0.03796	0.05619	0.11692	0.02193	0.00201	0.00590	0.00570	0.03748	0.03156
29	0.25963	0.00883	0.00970	0.00801	0.01123	0.00904	0.00651	0.03599	0.15913	0.38700	0.01650	0.01521	0.04139	0.00584	0.00432	0.00151	0.00387	0.00448	0.00479	0.00702
30	0.00683	0.00512	0.00768	0.00768	0.00853	0.00597	0.00597	0.00853	0.00768	0.01110	0.01280	0.01878	0.01195	0.03585	0.81308	0.00768	0.01280	0.00512	0.00256	0.00427
31	0.07272	0.01079	0.01697	0.07641	0.19739	0.07359	0.24018	0.01350	0.01099	0.02838	0.04633	0.05532	0.10146	0.00620	0.00510	0.00155	0.00582	0.02835	0.00298	0.00595
32	0.01245	0.24558	0.43244	0.01115	0.01668	0.01264	0.01294	0.01662	0.04177	0.14008	0.01011	0.01071	0.00734	0.00471	0.00419	0.00138	0.00592	0.00354	0.00276	0.00700
33	0.00612	0.00459	0.00567	0.00637	0.00717	0.00421	0.00462	0.00727	0.00996	0.01281	0.05542	0.43708	0.25060	0.04588	0.00675	0.00198	0.00297	0.12216	0.00440	0.00398
34	0.23229	0.00956	0.00994	0.00854	0.01155	0.01050	0.00683	0.05142	0.37718	0.19487	0.01568	0.01467	0.01128	0.00579	0.00434	0.00154	0.00386	0.00449	0.01863	0.00705
35	0.01012	0.23865	0.03954	0.37627	0.12878	0.01231	0.01122	0.01261	0.00975	0.01249	0.00998	0.09916	0.00918	0.00561	0.00443	0.00145	0.00556	0.00477	0.00238	0.00574
36	0.01005	0.00669	0.00892	0.00780	0.00974	0.00652	0.04591	0.01418	0.14947	0.13896	0.43219	0.08643	0.04585	0.00873	0.00541	0.00156	0.00314	0.00772	0.00507	0.00565
37	0.00582	0.00416	0.00555	0.00666	0.00693	0.00388	0.00444	0.00666	0.00915	0.01220	0.02634	0.82891	0.03161	0.01497	0.00610	0.00194	0.00277	0.01359	0.00444	0.00388
38	0.08743	0.01389	0.03656	0.16529	0.01716	0.27144	0.05624	0.02908	0.14886	0.01524	0.02175	0.03996	0.00948	0.00552	0.00449	0.00145	0.00607	0.00438	0.05989	0.00582
39	0.01398	0.15258	0.30525	0.01122	0.03940	0.01124	0.01156	0.04076	0.04225	0.24777	0.01241	0.01368	0.00909	0.00545	0.00484	0.00147	0.03168	0.03477	0.00347	0.00712
40	0.01501	0.00671	0.00903	0.00741	0.00998	0.00592	0.00592	0.01704	0.01361	0.46085	0.36110	0.02479	0.02641	0.00761	0.00517	0.00149	0.00327	0.00649	0.00563	0.00655
41	0.06384	0.12791	0.01396	0.01018	0.01330	0.39876	0.00815	0.01954	0.01278	0.27112	0.01099	0.01094	0.00795	0.00511	0.00423	0.00130	0.00639	0.00354	0.00356	0.00645
42	0.03198	0.16885	0.07970	0.10447	0.29763	0.04425	0.10382	0.01506	0.01071	0.06942	0.00945	0.02710	0.00767	0.00463	0.00449	0.00140	0.00594	0.00418	0.00256	0.00672
43	0.01272	0.81891	0.04048	0.00829	0.01243	0.01876	0.00837	0.01433	0.00972	0.01132	0.00668	0.00771	0.00613	0.00410	0.00310	0.00103	0.00515	0.00257	0.00204	0.00615
44	0.01313	0.48008	0.22238	0.01006	0.01470	0.10606	0.01064	0.01567	0.01051	0.06618	0.00805	0.00898	0.00650	0.00442	0.00370	0.00120	0.00594	0.00302	0.00235	0.00644
45	0.19962	0.05775	0.06779	0.01185	0.07162	0.04437	0.06579	0.25869	0.13986	0.02169	0.01078	0.01141	0.00809	0.00514	0.00433	0.00146	0.00516	0.00401	0.00362	0.00695
46	0.00674	0.00499	0.00630	0.00595	0.00717	0.00461	0.00447	0.00910	0.02930	0.01845	0.69571	0.03654	0.13282	0.00998	0.00562	0.00152	0.00231	0.00875	0.00516	0.00452
47	0.01417	0.01341	0.01324	0.01286	0.10199	0.16583	0.00917	0.17257	0.35295	0.01937	0.01354	0.01366	0.01037	0.00591	0.00543	0.00152	0.05841	0.00453	0.00393	0.00714
48	0.00663	0.00489	0.00563	0.00561	0.00689	0.00445	0.00420	0.00858	0.02805	0.01582	0.30795	0.10904	0.33206	0.01072	0.00544	0.00157	0.00247	0.03509	0.10059	0.00432
49	0.00659	0.00477	0.00621	0.00608	0.00709	0.00440	0.00447	0.00859	0.01278	0.01791	0.65845	0.15811	0.06532	0.01064	0.00571	0.00157	0.00234	0.00945	0.00511	0.00440
50	0.00821	0.00519	0.00679	0.00626	0.00763	0.00473	0.00474	0.01033	0.01328	0.10013	0.66318	0.06563	0.06608	0.00966	0.00557	0.00152	0.00247	0.00849	0.00527	0.00484
51	0.00624	0.00456	0.00530	0.00562	0.00621	0.00423	0.00368	0.00697	0.00912	0.01181	0.08013	0.28364	0.23161	0.30481	0.01244	0.00278	0.00331	0.00996	0.00394	0.00361
52	0.01158	0.00997	0.01054	0.00955	0.01218	0.01147	0.00745	0.02440	0.74775	0.01962	0.02049	0.01971	0.03869	0.00684	0.00494	0.00164	0.00376	0.02722	0.00484	0.00737
53	0.86579	0.00924	0.00702	0.00629	0.00924	0.01072	0.00518	0.01405	0.00813	0.02144	0.00666	0.00776	0.00518	0.00444	0.00296	0.00148	0.00370	0.00259	0.00296	0.00518
54	0.01082	0.01006	0.09827	0.01224	0.15413	0.02395	0.00879	0.01588	0.17873	0.09989	0.30725	0.02223	0.02332	0.00701	0.00508	0.00151	0.00404	0.00609	0.00431	0.00639
55	0.86579	0.00924	0.00702	0.00629	0.00924	0.01072	0.00518	0.01405	0.00813	0.02144	0.00666	0.00776	0.00518	0.00444	0.00296	0.00148	0.00370	0.00259	0.00296	0.00518
56	0.01309	0.66989	0.09210	0.00911	0.01329	0.09457	0.00913	0.02990	0.01036	0.01200	0.00698	0.00804	0.00617	0.00424	0.00335	0.00109	0.00562	0.00273	0.00214	0.00620
57	0.00698	0.00491	0.00577	0.00573	0.00610	0.00504	0.00362	0.00780	0.03266	0.01022	0.01763	0.03002	0.08222	0.60527	0.15222	0.00479	0.00577	0.00686	0.00303	0.00337
58	0.00689	0.00488	0.00649	0.00649	0.00692	0.00532	0.00448	0.00777	0.00733	0.01021	0.01390	0.02484	0.01458	0.42175	0.43078	0.00620	0.00884	0.00601	0.00272	0.00360
59	0.01516	0.01189	0.01265	0.01039	0.01368	0.01342	0.00836	0.42190	0.39174	0.02527	0.01530	0.01452	0.01122	0.00610	0.00482	0.00152	0.00455	0.00483	0.00482	0.00786
60	0.01954	0.01119	0.01298	0.00995	0.01373	0.01156	0.00822	0.46693	0.01879	0.35467	0.01456	0.01348	0.00968	0.00581	0.00479	0.00145	0.00476	0.00451	0.00526	0.00813
61	0.86579	0.00924	0.00702	0.00629	0.00924	0.01072	0.00518	0.01405	0.00813	0.02144	0.00666	0.00776	0.00518	0.00444	0.00296	0.00148	0.00370	0.00259	0.00296	0.00518
62	0.01785	0.02278	0.01354	0.01231	0.01478	0.81284	0.00924	0.01909	0.01354	0.01170	0.00739	0.00862	0.00616	0.00493	0.00431	0.00123	0.00862	0.00308	0.00246	0.00554
63	0.01278	0.83490	0.02505	0.00818	0.01227	0.01891	0.00818	0.01431	0.00971	0.01125	0.00664	0.00767	0.00613	0.00409	0.00307	0.00102	0.00511	0.00256	0.00204	0.00613
64	0.00606	0.00449	0.00572	0.00661	0.00727	0.00415	0.00475	0.00716	0.00976	0.01264	0.03052	0.56375	0.18152	0.01416	0.00608	0.00191	0.00294	0.12208	0.00443	0.00399
65	0.01482	0.01100	0.01202	0.00975	0.01283	0.01207	0.00786	0.44602	0.20240	0.05199	0.15065	0.01735	0.01620	0.00662	0.00495	0.00149	0.00435	0.00533	0.00492	0.00737
66	0.04219	0.01229	0.02230	0.01707	0.06686	0.01200	0.47286	0.17322	0.01355	0.07176	0.01047	0.01248	0.00768	0.00451	0.00519	0.00152	0.00676	0.00502	0.00317	0.03910
67	0.04238	0.06938	0.01198	0.03382	0.04281	0.01018	0.00738	0.26389	0.02647	0.19100	0.07955	0.04841	0.05999	0.06897	0.02088	0.00181	0.00455	0.00549	0.00442	0.00662
68	0.05778	0.04872	0.04820	0.00848	0.02466	0.00834	0.00689	0.14754	0.02765	0.09844	0.09961	0.09971	0.04245	0.11894	0.03946	0.00226	0.00458	0.10661	0.00411	0.00556
69	0.02933	0.16327	0.08625	0.01245	0.07998	0.12445	0.06485	0.12310	0.11995	0.13321	0.01154	0.01191	0.00858	0.00508	0.00442	0.00138	0.00569	0.00403	0.00350	0.00702

[dist]
# distance from previous block
# <min> <max>
5	12

[block]
# block no. 1 follows, 53 sequences, length 104
# corresponding to MSA columns:
# 199-302
name=unknown_B
#
# <colnr> <probs for GDERKNQSTAVLIFYWHMCP>
#	G	D	E	R	K	N	Q	S	T	A	V	L	I	F	Y	W	H	M	C	P
0	0.21074	0.01098	0.01180	0.06108	0.01399	0.01206	0.00796	0.39850	0.04766	0.13498	0.01201	0.03730	0.00886	0.00572	0.00441	0.00148	0.00467	0.00431	0.00435	0.00712
1	0.01506	0.01929	0.07021	0.01187	0.03369	0.57102	0.00931	0.01729	0.04929	0.01252	0.01118	0.01321	0.05053	0.00790	0.06563	0.00181	0.00808	0.02382	0.00271	0.00559
2	0.01575	0.10535	0.06842	0.02823	0.10063	0.05115	0.05849	0.03643	0.07345	0.33783	0.06475	0.01497	0.01192	0.00553	0.00467	0.00143	0.00499	0.00464	0.00419	0.00720
3	0.00890	0.00762	0.00788	0.00738	0.02872	0.04917	0.00550	0.01256	0.15425	0.04973	0.06249	0.03161	0.42708	0.00915	0.00542	0.00150	0.02498	0.00751	0.00423	0.09432
4	0.00646	0.00447	0.00538	0.00579	0.00600	0.00432	0.00358	0.00691	0.00819	0.01091	0.05110	0.34130	0.05043	0.45543	0.01590	0.00337	0.00374	0.00970	0.00364	0.00338
5	0.01129	0.03638	0.01738	0.17842	0.52756	0.01131	0.01317	0.03499	0.06076	0.01528	0.00994	0.02362	0.00832	0.02526	0.00520	0.00154	0.00560	0.00447	0.00257	0.00694
6	0.04227	0.19463	0.19259	0.03201	0.03861	0.08604	0.01020	0.06551	0.02719	0.21630	0.01255	0.01268	0.03878	0.00523	0.00429	0.00137	0.00549	0.00395	0.00342	0.00686
7	0.00742	0.00530	0.00738	0.00848	0.00946	0.00526	0.00722	0.00942	0.01073	0.01399	0.02546	0.16940	0.02812	0.01347	0.00653	0.00216	0.00416	0.65732	0.00441	0.00432
8	0.00656	0.00486	0.00612	0.00584	0.00702	0.00442	0.00437	0.00861	0.01300	0.01799	0.65951	0.05665	0.16678	0.01027	0.00565	0.00153	0.00229	0.00900	0.00511	0.00442
9	0.00976	0.00968	0.07034	0.28907	0.14481	0.02188	0.01078	0.08706	0.01089	0.01473	0.01300	0.18708	0.01254	0.00886	0.05232	0.00197	0.02451	0.00623	0.01880	0.00569
10	0.10353	0.00968	0.01158	0.00897	0.01263	0.00952	0.00741	0.23053	0.01553	0.51693	0.01564	0.01412	0.01017	0.00572	0.00462	0.00147	0.00436	0.00445	0.00532	0.00784
11	0.00676	0.00464	0.00546	0.00558	0.00575	0.00465	0.00337	0.00706	0.00743	0.00991	0.01755	0.11727	0.05303	0.63529	0.09277	0.00448	0.00507	0.00764	0.00310	0.00318
12	0.00635	0.00495	0.00561	0.00556	0.00688	0.00452	0.00413	0.00815	0.03008	0.01456	0.22564	0.08264	0.43786	0.03450	0.06762	0.00212	0.00327	0.00910	0.04222	0.00424
13	0.01439	0.07652	0.15994	0.03829	0.07311	0.28685	0.02305	0.14827	0.05338	0.01649	0.00940	0.01065	0.00730	0.00503	0.00459	0.00136	0.02049	0.00369	0.04068	0.00651
14	0.00802	0.00452	0.00480	0.00483	0.00546	0.00451	0.00319	0.00928	0.00873	0.01413	0.01565	0.04459	0.01488	0.34836	0.01211	0.00259	0.00324	0.00573	0.48159	0.00379
15	0.03467	0.16738	0.01548	0.06351	0.11011	0.05930	0.03629	0.08303	0.06686	0.01606	0.00917	0.01057	0.00744	0.00434	0.00398	0.00112	0.00492	0.00347	0.00286	0.29942
16	0.01183	0.01136	0.01940	0.02934	0.80221	0.01136	0.01467	0.01467	0.01088	0.01562	0.00899	0.01183	0.00757	0.00426	0.00473	0.00142	0.00568	0.00426	0.00237	0.00757
17	0.00600	0.00457	0.00558	0.00609	0.00696	0.00407	0.00426	0.00713	0.01012	0.01323	0.11167	0.49939	0.24947	0.01326	0.00584	0.00176	0.00264	0.01174	0.00447	0.03175
18	0.00661	0.00509	0.00612	0.00650	0.00747	0.00489	0.00462	0.00915	0.09533	0.01444	0.16864	0.43775	0.19042	0.01253	0.00579	0.00176	0.00272	0.01109	0.00463	0.00443
19	0.00613	0.00474	0.00533	0.00537	0.00646	0.00422	0.00380	0.00733	0.01064	0.01363	0.20847	0.12911	0.41640	0.14674	0.00877	0.00212	0.00279	0.00964	0.00437	0.00394
20	0.08832	0.00967	0.01143	0.00891	0.01245	0.00963	0.00734	0.24964	0.03013	0.46117	0.01553	0.01425	0.01026	0.00574	0.00459	0.00145	0.00431	0.00447	0.04300	0.00772
21	0.00598	0.00442	0.00559	0.00621	0.00689	0.00403	0.00431	0.00715	0.01030	0.01367	0.17998	0.53888	0.16813	0.01347	0.00593	0.00180	0.00261	0.01202	0.00460	0.00403
22	0.00650	0.00488	0.00602	0.00573	0.00698	0.00440	0.00430	0.00850	0.01290	0.01767	0.61943	0.03817	0.22629	0.01033	0.00564	0.00153	0.00229	0.00899	0.00506	0.00440
23	0.01785	0.02278	0.01354	0.01231	0.01478	0.81284	0.00924	0.01909	0.01354	0.01170	0.00739	0.00862	0.00616	0.00493	0.00431	0.00123	0.00862	0.00308	0.00246	0.00554
24	0.86579	0.00924	0.00702	0.00629	0.00924	0.01072	0.00518	0.01405	0.00813	0.02144	0.00666	0.00776	0.00518	0.00444	0.00296	0.00148	0.00370	0.00259	0.00296	0.00518
25	0.00991	0.00850	0.00991	0.00708	0.01133	0.00637	0.00566	0.01203	0.00991	0.01557	0.00850	0.00991	0.00708	0.00354	0.00354	0.00071	0.00354	0.00283	0.00283	0.86124
26	0.01739	0.00694	0.00894	0.00719	0.01005	0.00619	0.00583	0.01936	0.01250	0.55054	0.01780	0.01677	0.01197	0.00580	0.00433	0.00136	0.00347	0.00469	0.28191	0.00694
27	0.00565	0.00484	0.00484	0.00484	0.00646	0.00403	0.00363	0.00686	0.01089	0.01291	0.04842	0.04600	0.80027	0.01210	0.00565	0.00161	0.00242	0.01009	0.00444	0.00403
28	0.86579	0.00924	0.00702	0.00629	0.00924	0.01072	0.00518	0.01405	0.00813	0.02144	0.00666	0.00776	0.00518	0.00444	0.00296	0.00148	0.00370	0.00259	0.00296	0.00518
29	0.00569	0.00484	0.00489	0.00488	0.00648	0.00405	0.00366	0.00693	0.01098	0.01311	0.07274	0.04567	0.77582	0.01203	0.00565	0.00161	0.00242	0.01004	0.00447	0.00405
30	0.51113	0.00905	0.00890	0.00735	0.01062	0.00957	0.00606	0.05715	0.01091	0.31077	0.01140	0.01109	0.00778	0.00505	0.00373	0.00148	0.00391	0.00349	0.00414	0.00642
31	0.01923	0.00848	0.01086	0.00861	0.01204	0.00794	0.00702	0.03967	0.14917	0.62206	0.01868	0.01650	0.01225	0.00600	0.00476	0.00149	0.00397	0.00489	0.03850	0.00789
32	0.01189	0.01027	0.01081	0.00973	0.01243	0.01189	0.00757	0.02540	0.79357	0.01999	0.01945	0.01783	0.01459	0.00648	0.00486	0.00162	0.00378	0.00540	0.00486	0.00757
33	0.00828	0.00686	0.00754	0.00746	0.00912	0.00720	0.00559	0.01437	0.32481	0.01562	0.02982	0.24990	0.24360	0.01068	0.00549	0.00173	0.00314	0.03874	0.00461	0.00543
34	0.01466	0.00691	0.00909	0.00758	0.01011	0.00630	0.00602	0.01743	0.06746	0.42497	0.31238	0.05530	0.02528	0.00776	0.00517	0.00152	0.00332	0.00663	0.00554	0.00657
35	0.41032	0.00751	0.00753	0.00683	0.00923	0.00786	0.00540	0.01414	0.01000	0.19486	0.04993	0.16926	0.03399	0.00746	0.00426	0.00158	0.00349	0.02598	0.02488	0.00550
36	0.00582	0.00417	0.00553	0.00662	0.00692	0.00389	0.00442	0.00666	0.00919	0.01222	0.02683	0.81165	0.04856	0.01491	0.00609	0.00193	0.00277	0.01351	0.00444	0.00389
37	0.01180	0.00724	0.00754	0.00650	0.00846	0.00769	0.00513	0.25309	0.01391	0.02166	0.01431	0.01584	0.01096	0.00562	0.00379	0.00121	0.00317	0.00441	0.59206	0.00560
38	0.01278	0.83490	0.02505	0.00818	0.01227	0.01891	0.00818	0.01431	0.00971	0.01125	0.00664	0.00767	0.00613	0.00409	0.00307	0.00102	0.00511	0.00256	0.00204	0.00613
39	0.00655	0.00489	0.00613	0.00607	0.00726	0.00447	0.00463	0.00848	0.01242	0.01686	0.50680	0.08799	0.21084	0.01096	0.00577	0.00163	0.00254	0.08642	0.00494	0.00435
40	0.01126	0.00594	0.00763	0.00675	0.00872	0.00531	0.00522	0.01329	0.02785	0.26740	0.33802	0.10783	0.15660	0.00937	0.00541	0.00156	0.00294	0.00808	0.00525	0.00558
41	0.00766	0.00456	0.00678	0.00678	0.00713	0.00491	0.00485	0.00719	0.00684	0.00947	0.01036	0.01682	0.01009	0.05199	0.34204	0.48489	0.00769	0.00464	0.00230	0.00299
42	0.01021	0.00517	0.00608	0.00602	0.00745	0.00503	0.00486	0.01238	0.01072	0.11674	0.01835	0.02633	0.01588	0.00745	0.00431	0.00142	0.00298	0.18918	0.54451	0.00491
43	0.01555	0.01158	0.07371	0.00991	0.01331	0.01120	0.00859	0.39225	0.05174	0.16609	0.12627	0.01622	0.01432	0.00739	0.03255	0.00170	0.03062	0.00503	0.00469	0.00728
44	0.01155	0.22373	0.44377	0.01364	0.10014	0.01347	0.01406	0.09848	0.01142	0.01584	0.00845	0.00982	0.00646	0.00453	0.00422	0.00137	0.00624	0.00345	0.00236	0.00700
45	0.01312	0.05678	0.10096	0.03454	0.09765	0.17113	0.03787	0.06429	0.33814	0.01712	0.01302	0.01333	0.00997	0.00543	0.00463	0.00147	0.00567	0.00439	0.00351	0.00697
46	0.04204	0.00825	0.01098	0.00850	0.01214	0.00732	0.00700	0.02315	0.04631	0.75302	0.01858	0.01612	0.01178	0.00590	0.00476	0.00148	0.00405	0.00478	0.00580	0.00804
47	0.00683	0.00510	0.00757	0.00757	0.00839	0.00592	0.00584	0.00846	0.00765	0.01101	0.01290	0.01933	0.01219	0.07104	0.77822	0.00755	0.01244	0.00520	0.00258	0.00421
48	0.00687	0.00464	0.00520	0.00522	0.00530	0.00459	0.00295	0.00694	0.00716	0.00948	0.01674	0.04522	0.05272	0.78165	0.02319	0.00445	0.00450	0.00720	0.00299	0.00296
49	0.00910	0.00655	0.00895	0.00839	0.00978	0.00725	0.02310	0.07637	0.07378	0.06216	0.01573	0.15845	0.01501	0.02409	0.45221	0.00501	0.02899	0.00652	0.00345	0.00510
50	0.01217	0.01006	0.01067	0.00956	0.01226	0.01154	0.00745	0.02500	0.74681	0.04908	0.01934	0.01777	0.01443	0.00644	0.00483	0.00160	0.00376	0.00536	0.02434	0.00752
51	0.00991	0.00850	0.00991	0.00708	0.01133	0.00637	0.00566	0.01203	0.00991	0.01557	0.00850	0.00991	0.00708	0.00354	0.00354	0.00071	0.00354	0.00283	0.00283	0.86124
52	0.00695	0.00463	0.00521	0.00521	0.00521	0.00463	0.00290	0.00695	0.00695	0.00927	0.01506	0.03128	0.01738	0.83203	0.02433	0.00463	0.00463	0.00695	0.00290	0.00290
53	0.01213	0.00993	0.01067	0.00932	0.01197	0.01118	0.00731	0.15661	0.52912	0.02152	0.13262	0.01985	0.03267	0.00694	0.00498	0.00157	0.00379	0.00577	0.00490	0.00715
54	0.01394	0.01180	0.01746	0.03641	0.56989	0.06026	0.01284	0.08847	0.01246	0.11466	0.01034	0.01216	0.00805	0.00465	0.00472	0.00142	0.00563	0.00426	0.00304	0.00753
55	0.00582	0.00416	0.00555	0.00666	0.00693	0.00388	0.00444	0.00666	0.00915	0.01220	0.02634	0.82891	0.03161	0.01497	0.00610	0.00194	0.00277	0.01359	0.00444	0.00388
56	0.86579	0.00924	0.00702	0.00629	0.00924	0.01072	0.00518	0.01405	0.00813	0.02144	0.00666	0.00776	0.00518	0.00444	0.00296	0.00148	0.00370	0.00259	0.00296	0.00518
57	0.00579	0.00431	0.00539	0.00626	0.00683	0.00392	0.00426	0.00670	0.00953	0.01236	0.03113	0.65922	0.19821	0.01435	0.00600	0.00187	0.00270	0.01283	0.00444	0.00392
58	0.00802	0.00500	0.00587	0.00555	0.00676	0.00484	0.00419	0.03615	0.01241	0.01899	0.45407	0.02761	0.03049	0.00793	0.00467	0.00134	0.00235	0.00679	0.35238	0.00461
59	0.01453	0.00839	0.01040	0.00770	0.01170	0.00675	0.00624	0.01678	0.02815	0.32881	0.01284	0.01260	0.00912	0.00454	0.00407	0.00103	0.00375	0.00367	0.00410	0.50482
60	0.00959	0.02472	0.80726	0.01362	0.02069	0.01110	0.01766	0.01514	0.01009	0.01514	0.00858	0.01009	0.00605	0.00454	0.00454	0.00151	0.00706	0.00353	0.00202	0.00706
61	0.60098	0.00891	0.00822	0.00694	0.01008	0.00965	0.00572	0.03026	0.00995	0.23717	0.01028	0.01037	0.00720	0.00489	0.00351	0.00147	0.00380	0.00327	0.02131	0.00603
62	0.27674	0.00623	0.00578	0.00534	0.00723	0.00661	0.00420	0.01300	0.00972	0.08070	0.01306	0.01457	0.01001	0.00524	0.00334	0.00126	0.00283	0.00390	0.52526	0.00497
63	0.01831	0.01316	0.01420	0.01089	0.01471	0.01448	0.00899	0.75255	0.02208	0.06439	0.01180	0.01169	0.00829	0.00575	0.00478	0.00144	0.00521	0.00433	0.00483	0.00813
64	0.01817	0.01339	0.01434	0.01100	0.01482	0.01482	0.00908	0.78627	0.02247	0.03012	0.01148	0.01148	0.00813	0.00574	0.00478	0.00143	0.00526	0.00430	0.00478	0.00813
65	0.00690	0.00527	0.00799	0.00779	0.00867	0.00582	0.03581	0.00846	0.00807	0.01143	0.03403	0.11154	0.01529	0.10105	0.60160	0.00638	0.01051	0.00634	0.00286	0.00420
66	0.00969	0.00772	0.00894	0.00883	0.01062	0.00842	0.00701	0.06144	0.34393	0.01722	0.02273	0.18313	0.03938	0.01022	0.00564	0.00185	0.00383	0.23889	0.00463	0.00586
67	0.00673	0.00454	0.00528	0.00550	0.00555	0.00449	0.00320	0.00689	0.00738	0.00984	0.01728	0.18827	0.02018	0.67121	0.02074	0.00410	0.00427	0.00826	0.00320	0.00309
68	0.01035	0.00868	0.01076	0.00770	0.01196	0.00665	0.04015	0.01254	0.01009	0.04114	0.00888	0.01025	0.00724	0.00364	0.00367	0.00077	0.00376	0.00302	0.00291	0.79584
69	0.00685	0.00547	0.00815	0.10654	0.01135	0.00551	0.04960	0.02085	0.00960	0.01268	0.02345	0.54407	0.07076	0.03230	0.03835	0.00215	0.00403	0.04004	0.00394	0.00429
70	0.00571	0.00461	0.00508	0.00546	0.00662	0.00398	0.00391	0.00679	0.01030	0.01267	0.04085	0.31436	0.53680	0.01309	0.00580	0.00173	0.00254	0.01129	0.00444	0.00398
71	0.00678	0.00484	0.00664	0.00775	0.00844	0.00471	0.00610	0.00831	0.01009	0.01327	0.02582	0.43500	0.02953	0.01407	0.00636	0.00207	0.00360	0.39807	0.00442	0.00415
72	0.86579	0.00924	0.00702	0.00629	0.00924	0.01072	0.00518	0.01405	0.00813	0.02144	0.00666	0.00776	0.00518	0.00444	0.00296	0.00148	0.00370	0.00259	0.00296	0.00518
73	0.00967	0.00905	0.01512	0.62878	0.11945	0.01071	0.04301	0.02879	0.03470	0.01341	0.00957	0.01417	0.00755	0.00505	0.00487	0.00159	0.00619	0.03022	0.00238	0.00571
74	0.01817	0.01339	0.01434	0.01100	0.01482	0.01482	0.00908	0.78627	0.02247	0.03012	0.01148	0.01148	0.00813	0.00574	0.00478	0.00143	0.00526	0.00430	0.00478	0.00813
75	0.01159	0.01110	0.01883	0.02838	0.77124	0.01107	0.01424	0.01436	0.01088	0.01551	0.01052	0.01316	0.03842	0.00456	0.00477	0.00143	0.00555	0.00449	0.00245	0.00743
76	0.02144	0.00813	0.01109	0.00850	0.01220	0.00702	0.00702	0.02329	0.01368	0.80552	0.01886	0.01627	0.01183	0.00592	0.00481	0.00148	0.00407	0.00481	0.00592	0.00813
77	0.01618	0.01350	0.01310	0.01099	0.03002	0.12474	0.00863	0.43624	0.20551	0.04480	0.01413	0.01382	0.03436	0.00598	0.00476	0.00146	0.00526	0.00459	0.00445	0.00749
78	0.00959	0.02472	0.80726	0.01362	0.02069	0.01110	0.01766	0.01514	0.01009	0.01514	0.00858	0.01009	0.00605	0.00454	0.00454	0.00151	0.00706	0.00353	0.00202	0.00706
79	0.00784	0.00581	0.00765	0.00838	0.00962	0.00588	0.00709	0.01100	0.08532	0.01503	0.08293	0.08510	0.06760	0.01234	0.00629	0.00205	0.00401	0.56688	0.00451	0.00467
80	0.00582	0.00416	0.00555	0.00666	0.00693	0.00388	0.00444	0.00666	0.00915	0.01220	0.02634	0.82891	0.03161	0.01497	0.00610	0.00194	0.00277	0.01359	0.00444	0.00388
81	0.00638	0.00458	0.00585	0.00655	0.00704	0.00435	0.00443	0.03138	0.00984	0.01318	0.09611	0.63825	0.05690	0.08202	0.00752	0.00210	0.00295	0.01218	0.00439	0.00400
82	0.00607	0.00428	0.00556	0.00648	0.00674	0.00406	0.00428	0.00681	0.00884	0.01178	0.02442	0.67002	0.02909	0.15197	0.00917	0.00240	0.00314	0.03696	0.00418	0.00373
83	0.15998	0.01902	0.01258	0.01109	0.01386	0.55192	0.00853	0.13987	0.01405	0.01625	0.00791	0.00893	0.00630	0.00497	0.00416	0.00131	0.00726	0.00319	0.00291	0.00589
84	0.01005	0.01778	0.41591	0.01430	0.04839	0.01228	0.08265	0.01372	0.00922	0.01382	0.00801	0.01075	0.00644	0.00658	0.02857	0.00187	0.28723	0.00401	0.00211	0.00633
85	0.01073	0.01043	0.03363	0.24425	0.45678	0.01042	0.01303	0.01361	0.01036	0.01466	0.00877	0.01176	0.00713	0.00430	0.00457	0.00136	0.00559	0.00403	0.00236	0.13224
86	0.00662	0.00473	0.00646	0.00756	0.00819	0.00457	0.00582	0.00803	0.00994	0.01309	0.02590	0.50055	0.02987	0.01422	0.00631	0.00205	0.00346	0.33408	0.00442	0.00410
87	0.01503	0.01158	0.01243	0.01022	0.01338	0.01295	0.00819	0.46191	0.28821	0.02521	0.01540	0.07776	0.01221	0.00672	0.00491	0.00154	0.00455	0.00541	0.00478	0.00760
88	0.02042	0.00836	0.01112	0.00849	0.01223	0.00727	0.00700	0.05154	0.01372	0.71399	0.01776	0.01559	0.01132	0.00572	0.00471	0.00142	0.00407	0.00463	0.00563	0.07501
89	0.02831	0.02524	0.08903	0.01702	0.03346	0.02497	0.50779	0.01544	0.02329	0.06559	0.00995	0.01257	0.00753	0.00535	0.02570	0.00174	0.07028	0.00504	0.00264	0.02907
90	0.00971	0.05606	0.77700	0.01341	0.02036	0.01140	0.01729	0.01510	0.01008	0.01499	0.00850	0.01000	0.00606	0.00452	0.00448	0.00149	0.00699	0.00349	0.00202	0.00703
91	0.02144	0.00813	0.01109	0.00850	0.01220	0.00702	0.00702	0.02329	0.01368	0.80552	0.01886	0.01627	0.01183	0.00592	0.00481	0.00148	0.00407	0.00481	0.00592	0.00813
92	0.00661	0.00503	0.00717	0.00753	0.00807	0.00559	0.00557	0.00788	0.00832	0.01162	0.01852	0.38555	0.02049	0.02459	0.39522	0.00471	0.06109	0.00890	0.00338	0.00416
93	0.01257	0.01329	0.02144	0.12090	0.03909	0.13376	0.41563	0.02710	0.01128	0.05699	0.00932	0.01211	0.00714	0.00485	0.00630	0.00159	0.09308	0.00482	0.00258	0.00618
94	0.00696	0.00483	0.00572	0.00566	0.00585	0.00497	0.00349	0.00730	0.00743	0.01003	0.04628	0.03012	0.04407	0.66652	0.11015	0.00469	0.02286	0.00686	0.00299	0.00320
95	0.13070	0.01927	0.01303	0.01159	0.01399	0.58501	0.02082	0.04934	0.01257	0.01380	0.00739	0.00886	0.00613	0.00520	0.00524	0.00136	0.08432	0.00321	0.00259	0.00558
96	0.00681	0.00465	0.00553	0.00553	0.00583	0.00454	0.00342	0.00742	0.00873	0.01191	0.20531	0.10112	0.02529	0.56322	0.01825	0.00365	0.00390	0.00793	0.00360	0.00337
97	0.00785	0.00527	0.00675	0.00623	0.00760	0.00488	0.00472	0.01036	0.03690	0.07211	0.68061	0.03443	0.08481	0.00954	0.00556	0.00151	0.00243	0.00837	0.00525	0.00482
98	0.03275	0.01177	0.01327	0.01018	0.01396	0.01245	0.00841	0.54842	0.01964	0.25910	0.01358	0.01283	0.00918	0.00577	0.00476	0.00145	0.00488	0.00442	0.00509	0.00808
99	0.07124	0.02355	0.09641	0.39540	0.12797	0.01087	0.06858	0.04833	0.02318	0.05016	0.00979	0.02506	0.00763	0.00500	0.00471	0.00155	0.00599	0.01583	0.00262	0.00613
100	0.00633	0.00490	0.00578	0.00566	0.00694	0.00440	0.00420	0.00825	0.02535	0.01614	0.42558	0.10096	0.34609	0.01105	0.00566	0.00158	0.00239	0.00955	0.00486	0.00432
101	0.00679	0.00479	0.00627	0.00635	0.00680	0.00506	0.00435	0.00764	0.00784	0.01083	0.05870	0.10064	0.02909	0.37955	0.32629	0.01794	0.00745	0.00696	0.00305	0.00361
102	0.01247	0.04000	0.07879	0.02523	0.61747	0.07234	0.01399	0.05443	0.01158	0.01588	0.00889	0.01130	0.00733	0.00440	0.00463	0.00140	0.00597	0.00406	0.00246	0.00736
103	0.01104	0.05208	0.01340	0.17324	0.06368	0.03364	0.04871	0.05331	0.06255	0.06455	0.01323	0.09861	0.03467	0.00658	0.00589	0.00149	0.09201	0.02432	0.00319	0.14379

[dist]
# distance from previous block
# <min> <max>
0	3

[block]
# block no. 2 follows, 53 sequences, length 68
# corresponding to MSA columns:
# 306-373
name=unknown_C
#
# <colnr> <probs for GDERKNQSTAVLIFYWHMCP>
#	G	D	E	R	K	N	Q	S	T	A	V	L	I	F	Y	W	H	M	C	P
0	0.01193	0.29901	0.39022	0.01192	0.03475	0.12942	0.01298	0.01533	0.01041	0.01324	0.00770	0.00910	0.00614	0.00453	0.00428	0.00132	0.02593	0.00317	0.00210	0.00650
1	0.01625	0.01258	0.01375	0.01192	0.06797	0.02959	0.00906	0.51790	0.21039	0.04039	0.01331	0.01309	0.00970	0.00581	0.00479	0.00148	0.00497	0.00455	0.00461	0.00790
2	0.00919	0.01100	0.15278	0.01459	0.23724	0.02975	0.01020	0.01198	0.01153	0.01636	0.32243	0.05899	0.02317	0.00738	0.00589	0.01175	0.05013	0.00626	0.00353	0.00585
3	0.00592	0.00467	0.00534	0.00556	0.00672	0.00409	0.00402	0.00723	0.01094	0.01395	0.19034	0.25654	0.44288	0.01242	0.00577	0.00168	0.00248	0.01075	0.00460	0.00409
4	0.00823	0.00418	0.00617	0.00617	0.00617	0.00418	0.00408	0.00627	0.00627	0.00835	0.00867	0.01544	0.00879	0.06085	0.01899	0.81447	0.00418	0.00430	0.00212	0.00212
5	0.01046	0.01048	0.07955	0.00801	0.01227	0.04640	0.00700	0.01283	0.01024	0.03401	0.00938	0.01182	0.00790	0.00415	0.00382	0.00088	0.00414	0.03445	0.00288	0.68932
6	0.01168	0.01101	0.01926	0.11504	0.52477	0.01104	0.12694	0.01491	0.02814	0.04192	0.00958	0.01229	0.00767	0.00436	0.00483	0.00144	0.00592	0.00445	0.00254	0.04221
7	0.00579	0.00449	0.00528	0.00584	0.00673	0.00398	0.00409	0.00685	0.01010	0.01281	0.06945	0.45305	0.36750	0.01350	0.00588	0.00178	0.00260	0.01185	0.00447	0.00398
8	0.00818	0.00874	0.07430	0.30888	0.06226	0.00830	0.07407	0.01067	0.00981	0.01290	0.01850	0.20565	0.12558	0.02459	0.00590	0.00173	0.02446	0.00734	0.00303	0.00510
9	0.08308	0.01757	0.40909	0.03197	0.09943	0.01071	0.14116	0.01605	0.01067	0.12084	0.01001	0.01141	0.00711	0.00461	0.00465	0.00151	0.00639	0.00406	0.00272	0.00696
10	0.00733	0.00555	0.00723	0.00701	0.00782	0.00612	0.00518	0.03993	0.00855	0.01170	0.01816	0.04291	0.12082	0.23581	0.40719	0.00540	0.04983	0.00638	0.00301	0.00408
11	0.25498	0.03917	0.05522	0.00938	0.01313	0.01252	0.00814	0.39666	0.01614	0.13442	0.01084	0.01091	0.00764	0.00528	0.00421	0.00144	0.00475	0.00379	0.00419	0.00718
12	0.01138	0.05862	0.41337	0.05272	0.14640	0.03655	0.03345	0.04188	0.09927	0.04614	0.01025	0.01156	0.00761	0.00479	0.00459	0.00148	0.00624	0.00396	0.00267	0.00709
13	0.00590	0.00420	0.00559	0.00668	0.00697	0.00394	0.00448	0.00674	0.00915	0.01219	0.02606	0.79134	0.03118	0.03372	0.00653	0.00201	0.00286	0.03220	0.00440	0.00387
14	0.01036	0.00876	0.01015	0.00729	0.01152	0.00683	0.00585	0.05405	0.01059	0.01636	0.00866	0.01000	0.00714	0.00366	0.00361	0.00075	0.00363	0.00291	0.00294	0.81495
15	0.00862	0.00713	0.00840	0.00694	0.00976	0.00608	0.01716	0.01142	0.08023	0.02918	0.03730	0.09257	0.21729	0.00899	0.04930	0.00156	0.00377	0.00621	0.00365	0.39443
16	0.28049	0.06800	0.11127	0.01143	0.05122	0.24310	0.06634	0.05778	0.02267	0.01685	0.00808	0.00943	0.00635	0.00466	0.00397	0.00138	0.00609	0.00332	0.02161	0.00596
17	0.01828	0.01321	0.01423	0.01091	0.01473	0.01456	0.00901	0.76042	0.02217	0.05639	0.01173	0.01164	0.00825	0.00574	0.00478	0.00144	0.00522	0.00432	0.00482	0.00813
18	0.00599	0.00460	0.00554	0.00621	0.00712	0.00415	0.00453	0.00714	0.01007	0.01275	0.03495	0.42166	0.33545	0.01362	0.00598	0.00184	0.00284	0.10713	0.00443	0.00401
19	0.00929	0.00880	0.01536	0.16887	0.17396	0.00897	0.17980	0.01234	0.03708	0.01422	0.01773	0.10793	0.09421	0.00767	0.00547	0.00169	0.00544	0.12236	0.00315	0.00567
20	0.01335	0.01081	0.12609	0.01036	0.01408	0.00839	0.12626	0.05449	0.07139	0.27249	0.07096	0.02171	0.16429	0.00690	0.00511	0.00154	0.00471	0.00603	0.00437	0.00666
21	0.27351	0.01201	0.01044	0.00891	0.01182	0.12088	0.00711	0.23449	0.15865	0.02196	0.01131	0.01172	0.00854	0.00535	0.00405	0.00143	0.00469	0.00383	0.08287	0.00644
22	0.01183	0.01136	0.01940	0.02934	0.80221	0.01136	0.01467	0.01467	0.01088	0.01562	0.00899	0.01183	0.00757	0.00426	0.00473	0.00142	0.00568	0.00426	0.00237	0.00757
23	0.03255	0.00972	0.01474	0.33746	0.18501	0.01082	0.04266	0.12225	0.05432	0.03722	0.01171	0.02694	0.00979	0.00582	0.00495	0.00159	0.00564	0.07739	0.00307	0.00631
24	0.00582	0.00416	0.00555	0.00666	0.00693	0.00388	0.00444	0.00666	0.00915	0.01220	0.02634	0.82891	0.03161	0.01497	0.00610	0.00194	0.00277	0.01359	0.00444	0.00388
25	0.00659	0.00522	0.00605	0.00633	0.00767	0.00485	0.00491	0.00881	0.05940	0.01412	0.10901	0.15613	0.41264	0.01217	0.00586	0.00177	0.00295	0.16665	0.00453	0.00435
26	0.01233	0.01307	0.01633	0.35147	0.21297	0.21080	0.06997	0.01498	0.01109	0.02981	0.00864	0.01158	0.00679	0.00466	0.00472	0.00146	0.00684	0.00407	0.00237	0.00606
27	0.08531	0.02259	0.16377	0.26110	0.04058	0.06927	0.03184	0.06192	0.01093	0.04750	0.01189	0.10758	0.01066	0.00642	0.00480	0.00159	0.00576	0.04774	0.00293	0.00583
28	0.17722	0.00881	0.02505	0.00798	0.00984	0.04501	0.02524	0.02584	0.00876	0.04648	0.01045	0.01704	0.01019	0.28218	0.01247	0.00250	0.13268	0.00458	0.00288	0.14481
29	0.00918	0.04719	0.26600	0.01249	0.05389	0.00930	0.15467	0.02622	0.00971	0.01356	0.01290	0.14694	0.01281	0.17387	0.00922	0.00222	0.02528	0.00626	0.00273	0.00555
30	0.00878	0.00802	0.01293	0.24881	0.19734	0.00845	0.06026	0.01156	0.03336	0.01415	0.07964	0.11332	0.13713	0.00768	0.00525	0.00162	0.00483	0.03811	0.00324	0.00551
31	0.01186	0.25155	0.43913	0.01259	0.06500	0.01340	0.01362	0.07232	0.01113	0.05502	0.00879	0.00992	0.00661	0.00455	0.00417	0.00136	0.00614	0.00342	0.00245	0.00696
32	0.02607	0.03425	0.11284	0.01485	0.15315	0.32831	0.04866	0.04545	0.03330	0.07424	0.02835	0.02570	0.02816	0.00536	0.00480	0.00140	0.02158	0.00418	0.00294	0.00639
33	0.00585	0.00425	0.00546	0.00641	0.00681	0.00393	0.00429	0.00669	0.00924	0.01215	0.02810	0.71735	0.10841	0.04823	0.00680	0.00202	0.00281	0.01296	0.00437	0.00386
34	0.00792	0.00977	0.15628	0.00898	0.01091	0.03630	0.00824	0.01006	0.00967	0.01320	0.07378	0.20944	0.08475	0.03227	0.12665	0.00273	0.09784	0.09297	0.00339	0.00483
35	0.01118	0.04805	0.22422	0.17812	0.27111	0.01136	0.09754	0.01477	0.01049	0.05821	0.00925	0.01172	0.00706	0.00458	0.00494	0.00150	0.02251	0.00418	0.00241	0.00680
36	0.01964	0.00797	0.01064	0.00831	0.01172	0.00708	0.00681	0.04225	0.03136	0.68447	0.08670	0.01790	0.01470	0.00625	0.00485	0.00148	0.00390	0.00513	0.02110	0.00774
37	0.01434	0.01719	0.01093	0.01019	0.01222	0.56495	0.00758	0.01559	0.01249	0.01231	0.01552	0.10044	0.11784	0.00700	0.00462	0.00135	0.00674	0.00523	0.05837	0.00509
38	0.01201	0.44843	0.11224	0.04657	0.03051	0.12355	0.00943	0.01399	0.01020	0.01204	0.01003	0.08123	0.03154	0.00563	0.00431	0.00128	0.03468	0.00409	0.00239	0.00587
39	0.01619	0.00970	0.03280	0.20284	0.01737	0.04342	0.00894	0.12442	0.01371	0.38155	0.07147	0.03147	0.01242	0.00600	0.00485	0.00150	0.00490	0.00495	0.00453	0.00697
40	0.00959	0.02472	0.80726	0.01362	0.02069	0.01110	0.01766	0.01514	0.01009	0.01514	0.00858	0.01009	0.00605	0.00454	0.00454	0.00151	0.00706	0.00353	0.00202	0.00706
41	0.01037	0.00725	0.00728	0.00668	0.00843	0.04824	0.00512	0.07738	0.13497	0.04452	0.11834	0.05447	0.07627	0.00712	0.00438	0.00136	0.00315	0.00586	0.37344	0.00538
42	0.05788	0.12763	0.33611	0.02645	0.18834	0.04657	0.03949	0.01544	0.03195	0.05110	0.01010	0.01152	0.02767	0.00473	0.00438	0.00142	0.00606	0.00385	0.00250	0.00682
43	0.01341	0.01600	0.34971	0.01280	0.01794	0.00990	0.14785	0.01802	0.06546	0.24527	0.01323	0.01481	0.00946	0.00536	0.00492	0.00156	0.00602	0.03758	0.00352	0.00719
44	0.00581	0.00420	0.00551	0.00656	0.00691	0.00389	0.00439	0.00667	0.00925	0.01224	0.02754	0.78642	0.07332	0.01482	0.00608	0.00192	0.00275	0.01340	0.00444	0.00389
45	0.09993	0.00702	0.04701	0.02319	0.03568	0.00666	0.00662	0.05381	0.00996	0.02975	0.03366	0.29773	0.02003	0.04921	0.15746	0.00302	0.00556	0.10523	0.00369	0.00476
46	0.08484	0.06816	0.11430	0.05781	0.32500	0.03747	0.10523	0.01385	0.01061	0.01537	0.04971	0.04438	0.04223	0.00531	0.00467	0.00147	0.00565	0.00484	0.00266	0.00646
47	0.00939	0.00874	0.01495	0.63526	0.02906	0.01032	0.09313	0.03842	0.01017	0.01335	0.00995	0.05719	0.00811	0.00531	0.00489	0.00159	0.00616	0.00491	0.03367	0.00542
48	0.00758	0.00517	0.00698	0.00656	0.00710	0.00520	0.04213	0.00800	0.00762	0.03084	0.01543	0.04883	0.03854	0.52602	0.13706	0.07612	0.00583	0.01860	0.00294	0.00342
49	0.03925	0.01181	0.07767	0.01534	0.05082	0.01130	0.35371	0.03183	0.09794	0.01526	0.01105	0.03548	0.00917	0.02699	0.08721	0.00233	0.10867	0.00528	0.00277	0.00614
50	0.05730	0.08774	0.01393	0.01035	0.01323	0.01407	0.00855	0.32510	0.25434	0.02200	0.01244	0.01273	0.00949	0.00615	0.00622	0.00156	0.12922	0.00437	0.00405	0.00718
51	0.01039	0.13434	0.55934	0.01192	0.01802	0.02644	0.01439	0.02670	0.02332	0.01490	0.00850	0.00986	0.00637	0.00441	0.00422	0.00134	0.00630	0.00334	0.00222	0.11368
52	0.00959	0.02472	0.80726	0.01362	0.02069	0.01110	0.01766	0.01514	0.01009	0.01514	0.00858	0.01009	0.00605	0.00454	0.00454	0.00151	0.00706	0.00353	0.00202	0.00706
53	0.01224	0.00690	0.00803	0.00688	0.00844	0.00691	0.00491	0.14582	0.01136	0.18858	0.01532	0.02347	0.01415	0.44127	0.01497	0.00310	0.00443	0.00582	0.07232	0.00508
54	0.00814	0.00529	0.00660	0.00681	0.00788	0.00503	0.00514	0.00972	0.03103	0.08306	0.07131	0.17697	0.15206	0.19639	0.01008	0.00249	0.00367	0.20971	0.00427	0.00433
55	0.01330	0.06205	0.12346	0.01530	0.01936	0.29682	0.32867	0.01631	0.01183	0.01373	0.00932	0.01274	0.00764	0.00487	0.00493	0.00146	0.00779	0.04185	0.00246	0.00609
56	0.02144	0.00813	0.01109	0.00850	0.01220	0.00702	0.00702	0.02329	0.01368	0.80552	0.01886	0.01627	0.01183	0.00592	0.00481	0.00148	0.00407	0.00481	0.00592	0.00813
57	0.00700	0.00499	0.00592	0.00596	0.00732	0.00442	0.00452	0.00852	0.01141	0.05824	0.21848	0.16410	0.38894	0.01176	0.00576	0.00168	0.00271	0.07917	0.00471	0.00438
58	0.00670	0.00512	0.00633	0.00687	0.00814	0.00475	0.00563	0.00844	0.01107	0.01403	0.09705	0.08732	0.34241	0.01257	0.00611	0.00189	0.00335	0.36349	0.00449	0.00424
59	0.01333	0.24321	0.12486	0.12740	0.09091	0.10945	0.09005	0.01601	0.01099	0.11700	0.00938	0.01087	0.00715	0.00460	0.00430	0.00135	0.00619	0.00376	0.00268	0.00650
60	0.00695	0.00463	0.00521	0.00521	0.00521	0.00463	0.00290	0.00695	0.00695	0.00927	0.01506	0.03128	0.01738	0.83203	0.02433	0.00463	0.00463	0.00695	0.00290	0.00290
61	0.02920	0.00923	0.01196	0.02440	0.03111	0.06733	0.07154	0.06418	0.02837	0.33392	0.01820	0.04658	0.01544	0.00787	0.00534	0.00168	0.00493	0.21757	0.00463	0.00653
62	0.01351	0.01152	0.05233	0.01125	0.01443	0.04168	0.09090	0.26932	0.16321	0.06240	0.01616	0.02295	0.01386	0.00738	0.00529	0.00167	0.00523	0.18580	0.00429	0.00681
63	0.00999	0.00909	0.01466	0.65400	0.11016	0.01089	0.01287	0.07587	0.01074	0.01403	0.00920	0.03111	0.00721	0.00504	0.00480	0.00157	0.00613	0.00447	0.00242	0.00574
64	0.01171	0.02995	0.01928	0.06774	0.74644	0.01149	0.01445	0.01454	0.01079	0.01535	0.00891	0.01178	0.00748	0.00428	0.00470	0.00142	0.00570	0.00422	0.00235	0.00743
65	0.01673	0.01363	0.01449	0.01376	0.13686	0.11728	0.00975	0.46687	0.05382	0.06751	0.01173	0.01295	0.00885	0.00566	0.00477	0.00144	0.00560	0.02654	0.00416	0.00757
