[name]
unknown

[dist]
# distance from previous block
# <min> <max>
0	35

[block]
# block no. 0 follows, 50 sequences, length 37
# corresponding to MSA columns:
# 39-75
name=unknown_A
#
# <colnr> <probs for GDERKNQSTAVLIFYWHMCP>
#	G	D	E	R	K	N	Q	S	T	A	V	L	I	F	Y	W	H	M	C	P
0	0.00780	0.00558	0.00742	0.00834	0.00956	0.00546	0.00718	0.00995	0.01140	0.01492	0.02920	0.05291	0.13509	0.01315	0.00655	0.00214	0.00417	0.61155	0.05308	0.00454
1	0.01663	0.10386	0.01472	0.01098	0.01415	0.29742	0.00878	0.30173	0.07089	0.01993	0.01281	0.01368	0.05310	0.03313	0.00535	0.00151	0.00642	0.00435	0.00373	0.00682
2	0.01361	0.75382	0.02476	0.00856	0.01271	0.01876	0.00841	0.03687	0.01076	0.03862	0.02992	0.00924	0.00782	0.00455	0.00339	0.00111	0.00521	0.00298	0.00244	0.00648
3	0.01000	0.02578	0.79900	0.01421	0.02157	0.01158	0.01842	0.01579	0.01052	0.01579	0.00895	0.01052	0.00631	0.00474	0.00474	0.00158	0.00737	0.00368	0.00210	0.00737
4	0.01054	0.10862	0.63522	0.01434	0.02113	0.01254	0.09873	0.01571	0.01062	0.01538	0.00886	0.01057	0.00646	0.00463	0.00470	0.00154	0.00726	0.00381	0.00215	0.00720
5	0.00626	0.00506	0.00555	0.00543	0.00696	0.00436	0.00407	0.00786	0.01222	0.01551	0.28226	0.04461	0.55867	0.01186	0.00589	0.00165	0.00247	0.01005	0.00490	0.00436
6	0.00589	0.00505	0.00505	0.00505	0.00673	0.00421	0.00379	0.00715	0.01136	0.01347	0.05049	0.04797	0.79171	0.01262	0.00589	0.00168	0.00252	0.01052	0.00463	0.00421
7	0.01219	0.01169	0.01997	0.06975	0.75573	0.01180	0.01522	0.01517	0.01128	0.01611	0.00935	0.01238	0.00783	0.00447	0.00494	0.00149	0.00596	0.00444	0.00245	0.00778
8	0.01066	0.01092	0.02086	0.42039	0.13704	0.01173	0.28688	0.01425	0.01080	0.01439	0.00937	0.01321	0.00715	0.00463	0.00530	0.00164	0.00717	0.00495	0.00236	0.00629
9	0.00941	0.00886	0.01495	0.81285	0.03433	0.01107	0.01384	0.01274	0.00997	0.01274	0.00886	0.01329	0.00664	0.00498	0.00498	0.00166	0.00664	0.00443	0.00221	0.00554
10	0.00607	0.00434	0.00578	0.00694	0.00723	0.00405	0.00463	0.00694	0.00954	0.01272	0.02747	0.82157	0.03297	0.01562	0.00636	0.00202	0.00289	0.01417	0.00463	0.00405
11	0.00836	0.00800	0.01528	0.01260	0.01480	0.00749	0.31466	0.01057	0.01044	0.01403	0.02048	0.49661	0.02275	0.01103	0.00617	0.00189	0.00511	0.01084	0.00378	0.00512
12	0.00589	0.00505	0.00505	0.00505	0.00673	0.00421	0.00379	0.00715	0.01136	0.01347	0.05049	0.04797	0.79171	0.01262	0.00589	0.00168	0.00252	0.01052	0.00463	0.00421
13	0.01333	0.82783	0.02612	0.00853	0.01279	0.01972	0.00853	0.01493	0.01013	0.01173	0.00693	0.00800	0.00640	0.00426	0.00320	0.00107	0.00533	0.00267	0.00213	0.00640
14	0.86003	0.00964	0.00733	0.00655	0.00964	0.01118	0.00540	0.01465	0.00848	0.02236	0.00694	0.00810	0.00540	0.00463	0.00308	0.00154	0.00386	0.00270	0.00308	0.00540
15	0.01297	0.74166	0.10915	0.00914	0.01374	0.01885	0.00959	0.01502	0.01017	0.01216	0.00715	0.00827	0.00639	0.00432	0.00336	0.00112	0.00555	0.00277	0.00213	0.00650
16	0.86003	0.00964	0.00733	0.00655	0.00964	0.01118	0.00540	0.01465	0.00848	0.02236	0.00694	0.00810	0.00540	0.00463	0.00308	0.00154	0.00386	0.00270	0.00308	0.00540
17	0.01182	0.01010	0.01078	0.00973	0.01237	0.01157	0.00755	0.02465	0.70194	0.02076	0.10310	0.02060	0.01863	0.00713	0.00516	0.00168	0.00377	0.00600	0.00512	0.00755
18	0.86003	0.00964	0.00733	0.00655	0.00964	0.01118	0.00540	0.01465	0.00848	0.02236	0.00694	0.00810	0.00540	0.00463	0.00308	0.00154	0.00386	0.00270	0.00308	0.00540
19	0.01219	0.55470	0.28931	0.01046	0.01578	0.01695	0.01190	0.01522	0.01026	0.01311	0.00762	0.00886	0.00637	0.00442	0.00372	0.00124	0.00602	0.00301	0.00212	0.00673
20	0.01333	0.82783	0.02612	0.00853	0.01279	0.01972	0.00853	0.01493	0.01013	0.01173	0.00693	0.00800	0.00640	0.00426	0.00320	0.00107	0.00533	0.00267	0.00213	0.00640
21	0.00941	0.00886	0.01495	0.81285	0.03433	0.01107	0.01384	0.01274	0.00997	0.01274	0.00886	0.01329	0.00664	0.00498	0.00498	0.00166	0.00664	0.00443	0.00221	0.00554
22	0.00973	0.00918	0.01552	0.72881	0.11591	0.01116	0.01400	0.01301	0.01012	0.01312	0.00891	0.01319	0.00678	0.00493	0.00498	0.00164	0.00657	0.00443	0.00224	0.00579
23	0.00603	0.00450	0.00562	0.00651	0.00712	0.00408	0.00444	0.00699	0.00996	0.01289	0.03271	0.64545	0.20570	0.01493	0.00625	0.00195	0.00281	0.01334	0.00463	0.00408
24	0.01723	0.02151	0.01323	0.01205	0.01445	0.70862	0.00904	0.01864	0.01412	0.01314	0.10190	0.01238	0.01130	0.00574	0.00466	0.00132	0.00819	0.00391	0.00292	0.00565
25	0.00907	0.24764	0.01269	0.00782	0.00981	0.00935	0.00676	0.01103	0.01171	0.01535	0.26360	0.11820	0.02840	0.01003	0.00542	0.00167	0.00391	0.21829	0.00415	0.00510
26	0.00607	0.00434	0.00578	0.00694	0.00723	0.00405	0.00463	0.00694	0.00954	0.01272	0.02747	0.82157	0.03297	0.01562	0.00636	0.00202	0.00289	0.01417	0.00463	0.00405
27	0.00607	0.00434	0.00578	0.00694	0.00723	0.00405	0.00463	0.00694	0.00954	0.01272	0.02747	0.82157	0.03297	0.01562	0.00636	0.00202	0.00289	0.01417	0.00463	0.00405
28	0.01234	0.01184	0.02023	0.03059	0.79373	0.01184	0.01530	0.01530	0.01135	0.01628	0.00938	0.01234	0.00790	0.00444	0.00493	0.00148	0.00592	0.00444	0.00247	0.00790
29	0.01201	0.01223	0.02145	0.01626	0.02024	0.01258	0.43500	0.02030	0.33659	0.01793	0.01429	0.01555	0.01076	0.00538	0.00579	0.00170	0.02543	0.00574	0.00359	0.00718
30	0.00723	0.00489	0.00571	0.00571	0.00581	0.00498	0.00337	0.00743	0.00733	0.00987	0.01545	0.03122	0.01751	0.74023	0.10913	0.00517	0.00575	0.00704	0.00298	0.00317
31	0.00675	0.00525	0.00622	0.00675	0.00773	0.00502	0.00476	0.00922	0.09353	0.01416	0.07097	0.49268	0.23123	0.01361	0.00608	0.00188	0.00288	0.01204	0.00472	0.00454
32	0.01234	0.01184	0.02023	0.03059	0.79373	0.01184	0.01530	0.01530	0.01135	0.01628	0.00938	0.01234	0.00790	0.00444	0.00493	0.00148	0.00592	0.00444	0.00247	0.00790
33	0.00859	0.00437	0.00656	0.00656	0.00660	0.00441	0.00441	0.00660	0.00656	0.00878	0.00886	0.01534	0.00882	0.01818	0.05336	0.81845	0.00472	0.00437	0.00219	0.00226
34	0.01405	0.00667	0.00814	0.00724	0.00950	0.00640	0.00586	0.01720	0.07570	0.29712	0.01922	0.02324	0.01503	0.00712	0.00464	0.00150	0.00346	0.11000	0.36163	0.00628
35	0.01530	0.01760	0.01241	0.01157	0.02887	0.49483	0.00853	0.04877	0.09582	0.01370	0.01071	0.01363	0.00928	0.07730	0.11771	0.00257	0.00851	0.00418	0.00299	0.00575
36	0.01822	0.06420	0.01476	0.01078	0.01462	0.01429	0.00894	0.53736	0.11660	0.12832	0.01369	0.01319	0.00969	0.00600	0.00489	0.00150	0.00512	0.00458	0.00497	0.00827

[dist]
# distance from previous block
# <min> <max>
5	10

[block]
# block no. 1 follows, 50 sequences, length 141
# corresponding to MSA columns:
# 86-226
name=unknown_B
#
# <colnr> <probs for GDERKNQSTAVLIFYWHMCP>
#	G	D	E	R	K	N	Q	S	T	A	V	L	I	F	Y	W	H	M	C	P
0	0.01292	0.01376	0.02414	0.01759	0.02220	0.10288	0.54317	0.01639	0.01197	0.05643	0.01015	0.01270	0.00766	0.00434	0.00538	0.00150	0.00762	0.00513	0.00278	0.12129
1	0.01025	0.10119	0.00963	0.00678	0.00948	0.00712	0.00557	0.01217	0.02838	0.13528	0.05604	0.03260	0.37914	0.00922	0.00517	0.00149	0.00344	0.05321	0.00437	0.12949
2	0.00904	0.00603	0.00740	0.00750	0.00926	0.00564	0.00619	0.01151	0.05226	0.10497	0.05141	0.04605	0.32839	0.01200	0.00616	0.00192	0.00365	0.32074	0.00483	0.00506
3	0.00779	0.00630	0.00923	0.00885	0.00956	0.00778	0.00698	0.00941	0.00793	0.01161	0.01221	0.01832	0.01154	0.04819	0.65132	0.00693	0.15365	0.00521	0.00259	0.00460
4	0.01333	0.82783	0.02612	0.00853	0.01279	0.01972	0.00853	0.01493	0.01013	0.01173	0.00693	0.00800	0.00640	0.00426	0.00320	0.00107	0.00533	0.00267	0.00213	0.00640
5	0.00941	0.00886	0.01495	0.81285	0.03433	0.01107	0.01384	0.01274	0.00997	0.01274	0.00886	0.01329	0.00664	0.00498	0.00498	0.00166	0.00664	0.00443	0.00221	0.00554
6	0.00624	0.00456	0.00592	0.00694	0.00747	0.00423	0.00486	0.00729	0.00994	0.01302	0.03002	0.65807	0.12005	0.01509	0.00636	0.00201	0.00301	0.08616	0.00462	0.00412
7	0.00733	0.00550	0.00812	0.00877	0.00973	0.00532	0.04662	0.00907	0.01060	0.01396	0.02604	0.40565	0.02955	0.01412	0.00659	0.00214	0.00401	0.37794	0.00450	0.00445
8	0.02078	0.00864	0.01139	0.00894	0.01260	0.00784	0.00732	0.02412	0.10311	0.68537	0.04186	0.01773	0.01367	0.00635	0.00504	0.00156	0.00415	0.00520	0.00602	0.00831
9	0.01174	0.01337	0.02900	0.02078	0.02568	0.01268	0.75351	0.01585	0.01165	0.01585	0.00998	0.01337	0.00753	0.00433	0.00619	0.00170	0.03176	0.00584	0.00251	0.00669
10	0.00659	0.00462	0.00595	0.00674	0.00704	0.00449	0.00451	0.00736	0.00898	0.01199	0.02350	0.51059	0.02762	0.24034	0.04741	0.00309	0.00402	0.06723	0.00409	0.00382
11	0.02187	0.00927	0.01206	0.00924	0.01312	0.00850	0.00764	0.13270	0.01559	0.68691	0.01856	0.01625	0.01178	0.00614	0.00501	0.00154	0.00442	0.00494	0.00600	0.00848
12	0.01176	0.01345	0.02941	0.02101	0.02605	0.01261	0.77563	0.01597	0.01176	0.01597	0.01008	0.01345	0.00756	0.00420	0.00588	0.00168	0.00840	0.00588	0.00252	0.00672
13	0.00929	0.00465	0.00465	0.00465	0.00581	0.00465	0.00348	0.01161	0.01045	0.01858	0.01626	0.01858	0.01278	0.00581	0.00348	0.00116	0.00232	0.00465	0.85250	0.00465
14	0.01129	0.01986	0.42055	0.01930	0.19472	0.04736	0.18401	0.01590	0.01114	0.01578	0.00924	0.01150	0.00695	0.00457	0.00502	0.00157	0.00734	0.00432	0.00230	0.00727
15	0.00693	0.00470	0.00553	0.00584	0.00592	0.00462	0.00345	0.00717	0.00786	0.01048	0.01886	0.24412	0.02210	0.60790	0.02027	0.00408	0.00431	0.00910	0.00345	0.00330
16	0.01712	0.19451	0.01508	0.00936	0.01298	0.01219	0.00795	0.12043	0.17437	0.32317	0.01563	0.01474	0.01110	0.00724	0.04042	0.00175	0.00500	0.00456	0.00472	0.00771
17	0.01583	0.00758	0.01026	0.04413	0.01238	0.00708	0.00744	0.05436	0.01386	0.41879	0.14965	0.02882	0.02141	0.00850	0.00558	0.00172	0.00417	0.17614	0.00547	0.00684
18	0.01125	0.00764	0.01133	0.01416	0.22127	0.00743	0.00866	0.01380	0.05177	0.15146	0.03369	0.29198	0.02126	0.01012	0.00574	0.00181	0.00425	0.12187	0.00435	0.00615
19	0.01234	0.01184	0.02023	0.03059	0.79373	0.01184	0.01530	0.01530	0.01135	0.01628	0.00938	0.01234	0.00790	0.00444	0.00493	0.00148	0.00592	0.00444	0.00247	0.00790
20	0.01757	0.01697	0.01394	0.01172	0.01496	0.30763	0.00923	0.35250	0.16580	0.02226	0.01198	0.01213	0.00900	0.00582	0.00482	0.00145	0.00649	0.00423	0.00411	0.00736
21	0.01059	0.42859	0.10955	0.00833	0.01183	0.01319	0.00825	0.01294	0.01160	0.01514	0.28364	0.01934	0.03589	0.00656	0.00437	0.00131	0.00447	0.00517	0.00336	0.00587
22	0.00890	0.00877	0.03595	0.10571	0.01651	0.00836	0.25948	0.01113	0.00968	0.01287	0.01667	0.02405	0.10169	0.27268	0.08313	0.00325	0.00678	0.00658	0.00289	0.00492
23	0.01236	0.00947	0.01080	0.00964	0.01210	0.01066	0.00760	0.14077	0.39058	0.06052	0.01786	0.05470	0.01455	0.01412	0.18579	0.00311	0.00630	0.02757	0.00454	0.00697
24	0.05429	0.01018	0.10096	0.04520	0.01322	0.00865	0.00829	0.13594	0.05358	0.21703	0.01869	0.27733	0.01732	0.00896	0.00533	0.00171	0.00443	0.00766	0.00463	0.00660
25	0.01213	0.01183	0.01946	0.08364	0.20292	0.02964	0.22386	0.09270	0.05673	0.01672	0.01108	0.06362	0.00951	0.00611	0.00712	0.00171	0.13601	0.00549	0.00296	0.00676
26	0.00779	0.00558	0.00769	0.00846	0.00961	0.00548	0.00721	0.01010	0.01213	0.01617	0.21563	0.05153	0.03323	0.01288	0.00664	0.00211	0.00404	0.57430	0.00481	0.00462
27	0.00684	0.00532	0.00639	0.00694	0.00833	0.00487	0.00568	0.00853	0.01133	0.01407	0.03892	0.08620	0.42387	0.01326	0.00635	0.00197	0.00344	0.33872	0.00461	0.00437
28	0.06025	0.15376	0.09064	0.01580	0.08154	0.14713	0.27211	0.01692	0.01170	0.07772	0.00953	0.01137	0.00734	0.00469	0.00495	0.00147	0.01931	0.00431	0.00274	0.00671
29	0.05109	0.01855	0.39759	0.01564	0.03497	0.01134	0.26032	0.01690	0.01134	0.11880	0.01064	0.01223	0.00749	0.00474	0.00507	0.00160	0.00710	0.00453	0.00282	0.00723
30	0.01000	0.02578	0.79900	0.01421	0.02157	0.01158	0.01842	0.01579	0.01052	0.01579	0.00895	0.01052	0.00631	0.00474	0.00474	0.00158	0.00737	0.00368	0.00210	0.00737
31	0.03266	0.00697	0.00990	0.18788	0.01511	0.02985	0.04558	0.01022	0.02280	0.01384	0.05447	0.39845	0.02348	0.01130	0.00615	0.00190	0.02445	0.09636	0.00386	0.00479
32	0.03574	0.07736	0.30815	0.02154	0.40337	0.01224	0.01542	0.01525	0.01081	0.01583	0.00956	0.01176	0.01932	0.00474	0.00487	0.00150	0.01869	0.00407	0.00236	0.00742
33	0.01840	0.02338	0.01416	0.01285	0.01534	0.78197	0.00967	0.01967	0.01394	0.01219	0.00767	0.00904	0.00642	0.00524	0.00484	0.00131	0.03233	0.00324	0.00256	0.00577
34	0.00712	0.00534	0.00801	0.00801	0.00890	0.00623	0.00623	0.00890	0.00801	0.01157	0.01335	0.01958	0.01246	0.03738	0.80507	0.00801	0.01335	0.00534	0.00267	0.00445
35	0.01684	0.01160	0.05652	0.04935	0.10622	0.01087	0.09966	0.17754	0.07610	0.29977	0.01552	0.01537	0.02935	0.00578	0.00511	0.00156	0.00539	0.00503	0.00456	0.00787
36	0.01334	0.01174	0.03306	0.04848	0.45487	0.01178	0.06023	0.05796	0.15751	0.08185	0.01242	0.01394	0.00957	0.00511	0.00503	0.00155	0.00560	0.00479	0.00338	0.00781
37	0.00599	0.00465	0.00546	0.00611	0.00701	0.00412	0.00426	0.00703	0.01034	0.01305	0.03755	0.48306	0.36497	0.01431	0.00616	0.00188	0.00273	0.01257	0.00463	0.00412
38	0.01596	0.01120	0.01246	0.00994	0.01318	0.01203	0.00809	0.49427	0.05436	0.08768	0.17306	0.01955	0.03666	0.00721	0.00523	0.00154	0.00459	0.02030	0.00517	0.00750
39	0.03634	0.35900	0.30641	0.01327	0.04885	0.01514	0.12686	0.01540	0.01052	0.01432	0.00823	0.00990	0.00657	0.00444	0.00422	0.00137	0.00651	0.00359	0.00222	0.00683
40	0.01406	0.01274	0.01651	0.01481	0.09628	0.10332	0.16850	0.07697	0.28936	0.08243	0.01499	0.01671	0.01159	0.00604	0.00540	0.00163	0.01844	0.03890	0.00400	0.00731
41	0.00775	0.00722	0.00884	0.00803	0.00909	0.00831	0.00643	0.00895	0.00998	0.01292	0.03419	0.03422	0.50051	0.01118	0.00977	0.00187	0.30412	0.00824	0.00372	0.00467
42	0.01172	0.02185	0.59096	0.01504	0.05457	0.01121	0.09908	0.01676	0.01113	0.10594	0.01032	0.01166	0.00721	0.00483	0.00490	0.00158	0.00706	0.00411	0.00263	0.00745
43	0.01247	0.01756	0.32805	0.01776	0.20807	0.01227	0.07269	0.14253	0.06530	0.03034	0.01089	0.02780	0.00837	0.00526	0.00515	0.00157	0.01879	0.00453	0.00301	0.00759
44	0.27062	0.01344	0.01255	0.10260	0.01588	0.12339	0.00877	0.35453	0.01609	0.02387	0.00951	0.01054	0.00705	0.00534	0.00435	0.00150	0.00562	0.00377	0.00376	0.00684
45	0.00589	0.00505	0.00505	0.00505	0.00673	0.00421	0.00379	0.00715	0.01136	0.01347	0.05049	0.04797	0.79171	0.01262	0.00589	0.00168	0.00252	0.01052	0.00463	0.00421
46	0.03392	0.02056	0.59363	0.01227	0.01806	0.01008	0.01498	0.01425	0.01091	0.01641	0.14019	0.01550	0.01350	0.00770	0.05520	0.00198	0.00680	0.00465	0.00274	0.00668
47	0.00959	0.00772	0.01050	0.00944	0.01141	0.00788	0.09464	0.04911	0.20901	0.04329	0.05135	0.33062	0.09820	0.01060	0.00576	0.00180	0.00392	0.02038	0.01904	0.00575
48	0.02046	0.00809	0.01082	0.00843	0.01203	0.00697	0.00692	0.02232	0.01393	0.70681	0.02322	0.02054	0.10222	0.00691	0.00511	0.00156	0.00404	0.00565	0.00599	0.00799
49	0.01173	0.01122	0.01914	0.19299	0.63608	0.01168	0.01500	0.01477	0.01106	0.01555	0.00927	0.01253	0.00764	0.00455	0.00494	0.00152	0.00607	0.00444	0.00241	0.00741
50	0.01344	0.12257	0.23399	0.01249	0.06666	0.07031	0.03615	0.01746	0.07625	0.15739	0.06458	0.04375	0.01204	0.00605	0.00534	0.00153	0.04470	0.00482	0.00349	0.00699
51	0.01081	0.02008	0.44326	0.01735	0.02364	0.01205	0.36844	0.01587	0.01110	0.01587	0.00947	0.01187	0.00689	0.00449	0.00527	0.00163	0.00785	0.00470	0.00230	0.00707
52	0.00589	0.00504	0.00506	0.00509	0.00674	0.00420	0.00380	0.00715	0.01132	0.01345	0.05003	0.06366	0.77632	0.01268	0.00590	0.00169	0.00253	0.01059	0.00463	0.00420
53	0.00956	0.07559	0.56760	0.01203	0.01779	0.01058	0.01465	0.01429	0.01131	0.01646	0.18541	0.01638	0.01551	0.00594	0.00489	0.00154	0.00610	0.00482	0.00287	0.00670
54	0.01507	0.01422	0.16970	0.01497	0.01976	0.01116	0.30579	0.07180	0.01288	0.25156	0.01269	0.01371	0.00877	0.00526	0.00589	0.00163	0.04898	0.00502	0.00369	0.00743
55	0.01895	0.01396	0.01496	0.01147	0.01546	0.01546	0.00947	0.77711	0.02344	0.03141	0.01197	0.01197	0.00848	0.00598	0.00499	0.00150	0.00548	0.00449	0.00499	0.00848
56	0.01234	0.01184	0.02023	0.03059	0.79373	0.01184	0.01530	0.01530	0.01135	0.01628	0.00938	0.01234	0.00790	0.00444	0.00493	0.00148	0.00592	0.00444	0.00247	0.00790
57	0.01187	0.10665	0.06258	0.06976	0.36378	0.01293	0.18558	0.01551	0.04560	0.01541	0.00982	0.02395	0.00812	0.00487	0.00547	0.00154	0.04216	0.00471	0.00254	0.00713
58	0.01232	0.02266	0.45460	0.01293	0.01793	0.26633	0.01399	0.01609	0.01157	0.01428	0.01068	0.10356	0.00942	0.00612	0.00485	0.00154	0.00737	0.00474	0.00254	0.00647
59	0.00607	0.00434	0.00578	0.00694	0.00723	0.00405	0.00463	0.00694	0.00954	0.01272	0.02747	0.82157	0.03297	0.01562	0.00636	0.00202	0.00289	0.01417	0.00463	0.00405
60	0.00722	0.00772	0.09767	0.00693	0.00907	0.00566	0.00610	0.01011	0.04721	0.01723	0.40412	0.03712	0.30464	0.01027	0.00572	0.00162	0.00306	0.00878	0.00477	0.00498
61	0.00857	0.00713	0.00889	0.01028	0.09948	0.00735	0.00665	0.01350	0.23054	0.01556	0.02700	0.37684	0.14566	0.01133	0.00576	0.00181	0.00348	0.01004	0.00450	0.00561
62	0.02236	0.00848	0.01157	0.00887	0.01272	0.00733	0.00733	0.02429	0.01427	0.79719	0.01966	0.01697	0.01234	0.00617	0.00501	0.00154	0.00424	0.00501	0.00617	0.00848
63	0.01234	0.01184	0.02023	0.03059	0.79373	0.01184	0.01530	0.01530	0.01135	0.01628	0.00938	0.01234	0.00790	0.00444	0.00493	0.00148	0.00592	0.00444	0.00247	0.00790
64	0.01157	0.01560	0.19420	0.02274	0.28282	0.01212	0.35519	0.01570	0.01135	0.01603	0.00960	0.01244	0.00740	0.00440	0.00531	0.00159	0.00734	0.00492	0.00241	0.00726
65	0.00591	0.00499	0.00512	0.00522	0.00678	0.00419	0.00386	0.00713	0.01120	0.01340	0.04843	0.11723	0.72378	0.01289	0.00593	0.00171	0.00256	0.01085	0.00463	0.00419
66	0.00941	0.00886	0.01495	0.81285	0.03433	0.01107	0.01384	0.01274	0.00997	0.01274	0.00886	0.01329	0.00664	0.00498	0.00498	0.00166	0.00664	0.00443	0.00221	0.00554
67	0.01195	0.01145	0.01954	0.13324	0.69408	0.01174	0.01511	0.01496	0.01117	0.01582	0.00931	0.01246	0.00773	0.00451	0.00494	0.00150	0.00602	0.00444	0.00243	0.00759
68	0.01862	0.02376	0.01413	0.01284	0.01541	0.80482	0.00963	0.01990	0.01413	0.01220	0.00770	0.00899	0.00642	0.00514	0.00449	0.00128	0.00899	0.00321	0.00257	0.00578
69	0.01139	0.01088	0.01853	0.28268	0.54901	0.01160	0.01483	0.01447	0.01090	0.01514	0.00921	0.01264	0.00749	0.00462	0.00495	0.00154	0.00615	0.00444	0.00239	0.00714
70	0.00781	0.00558	0.00777	0.00892	0.00997	0.00554	0.00764	0.00994	0.01125	0.01466	0.02652	0.14449	0.02918	0.01398	0.00682	0.00226	0.00439	0.67415	0.00459	0.00453
71	0.01008	0.02524	0.76502	0.01451	0.02177	0.01162	0.05185	0.01579	0.01058	0.01579	0.00900	0.01065	0.00637	0.00471	0.00479	0.00158	0.00741	0.00378	0.00212	0.00734
72	0.00712	0.00534	0.00801	0.00801	0.00890	0.00623	0.00623	0.00890	0.00801	0.01157	0.01335	0.01958	0.01246	0.03738	0.80507	0.00801	0.01335	0.00534	0.00267	0.00445
73	0.01249	0.73286	0.02377	0.00835	0.01215	0.01792	0.00808	0.01400	0.01006	0.01184	0.00930	0.10182	0.00946	0.00557	0.00356	0.00118	0.00505	0.00399	0.00242	0.00613
74	0.00919	0.00751	0.01050	0.00965	0.01134	0.02982	0.09654	0.09837	0.01277	0.01702	0.15915	0.30326	0.02798	0.01149	0.00612	0.00188	0.00429	0.17346	0.00451	0.00516
75	0.00607	0.00434	0.00578	0.00694	0.00723	0.00405	0.00463	0.00694	0.00954	0.01272	0.02747	0.82157	0.03297	0.01562	0.00636	0.00202	0.00289	0.01417	0.00463	0.00405
76	0.02194	0.00882	0.01174	0.00904	0.01287	0.00788	0.00745	0.06373	0.03376	0.73797	0.01928	0.01674	0.01221	0.00617	0.00501	0.00154	0.00430	0.00500	0.00608	0.00847
77	0.01409	0.01260	0.04303	0.13139	0.40064	0.01295	0.01323	0.27275	0.01522	0.02090	0.01017	0.01228	0.00787	0.00505	0.00495	0.00151	0.00592	0.00443	0.00327	0.00775
78	0.00718	0.00553	0.00667	0.00698	0.00803	0.00542	0.00499	0.01034	0.12228	0.01566	0.20405	0.41742	0.14116	0.01268	0.00600	0.00182	0.00287	0.01125	0.00489	0.00477
79	0.00589	0.00505	0.00505	0.00505	0.00673	0.00421	0.00379	0.00715	0.01136	0.01347	0.05049	0.04797	0.79171	0.01262	0.00589	0.00168	0.00252	0.01052	0.00463	0.00421
80	0.01466	0.06697	0.15756	0.01731	0.16687	0.34223	0.11564	0.03388	0.01260	0.01452	0.00861	0.01051	0.00688	0.00477	0.00474	0.00142	0.00775	0.00389	0.00249	0.00669
81	0.01169	0.08800	0.22416	0.01820	0.04543	0.03869	0.46928	0.01594	0.01137	0.01544	0.00942	0.01205	0.00712	0.00438	0.00528	0.00158	0.00782	0.00491	0.00238	0.00686
82	0.01156	0.01487	0.11816	0.02022	0.02553	0.01249	0.68831	0.01595	0.01162	0.01595	0.00995	0.01311	0.00742	0.00426	0.00575	0.00167	0.00828	0.00563	0.00247	0.00680
83	0.01034	0.00886	0.01034	0.00738	0.01181	0.00664	0.00591	0.01255	0.01034	0.01624	0.00886	0.01034	0.00738	0.00369	0.00369	0.00074	0.00369	0.00295	0.00295	0.85530
84	0.01294	0.73533	0.11525	0.00918	0.01381	0.01878	0.00967	0.01502	0.01017	0.01220	0.00716	0.00829	0.00639	0.00432	0.00338	0.00113	0.00557	0.00278	0.00213	0.00651
85	0.00941	0.00886	0.01495	0.81285	0.03433	0.01107	0.01384	0.01274	0.00997	0.01274	0.00886	0.01329	0.00664	0.00498	0.00498	0.00166	0.00664	0.00443	0.00221	0.00554
86	0.01301	0.01314	0.01711	0.05877	0.49526	0.15199	0.01274	0.05015	0.01265	0.01652	0.09932	0.01464	0.01212	0.00532	0.00497	0.00146	0.00607	0.00475	0.00294	0.00707
87	0.18464	0.10273	0.26772	0.01352	0.10855	0.17392	0.01207	0.01673	0.03318	0.03188	0.00867	0.01004	0.00672	0.00480	0.00423	0.00145	0.00644	0.00346	0.00261	0.00664
88	0.01222	0.01001	0.01110	0.00985	0.01257	0.01129	0.02238	0.02421	0.64639	0.05540	0.10895	0.02057	0.01861	0.00708	0.00518	0.00167	0.00386	0.00600	0.00512	0.00753
89	0.00952	0.01169	0.14369	0.01280	0.01636	0.00910	0.25791	0.01405	0.08577	0.01745	0.26366	0.06504	0.03954	0.00744	0.00566	0.00166	0.00537	0.02339	0.00385	0.00605
90	0.05154	0.01169	0.02015	0.07215	0.39460	0.02387	0.19142	0.01623	0.01144	0.10606	0.01043	0.01288	0.00806	0.00483	0.00559	0.00158	0.04255	0.00474	0.00291	0.00729
91	0.01131	0.01570	0.20016	0.01948	0.11178	0.01265	0.41129	0.01530	0.01087	0.01541	0.00926	0.01231	0.00718	0.00497	0.00696	0.00170	0.11946	0.00501	0.00237	0.00683
92	0.00609	0.00485	0.00563	0.00600	0.00714	0.00439	0.00434	0.00729	0.01039	0.01301	0.03879	0.29399	0.45734	0.01644	0.09820	0.00252	0.00389	0.01110	0.00440	0.00418
93	0.01114	0.16316	0.55323	0.01385	0.02031	0.01299	0.10370	0.01590	0.01071	0.03771	0.00904	0.01061	0.00665	0.00463	0.00461	0.00150	0.00704	0.00380	0.00228	0.00716
94	0.02433	0.01114	0.10113	0.02175	0.01290	0.01021	0.00834	0.13719	0.29444	0.05587	0.11754	0.05703	0.09423	0.00770	0.00519	0.00163	0.00421	0.00641	0.02187	0.00688
95	0.00606	0.00464	0.00556	0.00620	0.00706	0.00414	0.00432	0.00715	0.01046	0.01338	0.07596	0.49363	0.31511	0.01422	0.00616	0.00187	0.00273	0.01255	0.00467	0.00414
96	0.01177	0.01177	0.02158	0.14484	0.50206	0.01191	0.19197	0.01507	0.01124	0.01568	0.00946	0.01274	0.00763	0.00447	0.00516	0.00155	0.00661	0.00477	0.00244	0.00727
97	0.05573	0.01381	0.14480	0.14703	0.35481	0.01180	0.16963	0.01508	0.01094	0.01590	0.00924	0.01220	0.00725	0.00453	0.00501	0.00157	0.00666	0.00452	0.00241	0.00707
98	0.01155	0.08459	0.60622	0.01347	0.01979	0.12623	0.01612	0.01662	0.03322	0.01511	0.00894	0.01035	0.00659	0.00482	0.00460	0.00150	0.00735	0.00360	0.00226	0.00708
99	0.00612	0.00468	0.00565	0.00640	0.00724	0.00421	0.00453	0.00722	0.01031	0.01312	0.03565	0.49896	0.30443	0.01443	0.00622	0.00192	0.00286	0.05729	0.00463	0.00414
100	0.01367	0.53433	0.02054	0.00887	0.01245	0.05741	0.00807	0.06120	0.06005	0.06773	0.01136	0.10339	0.01055	0.00601	0.00398	0.00129	0.00509	0.00448	0.00308	0.00646
101	0.01184	0.17335	0.18820	0.01548	0.09822	0.01326	0.20726	0.05050	0.10085	0.01646	0.03373	0.01475	0.01010	0.00532	0.00493	0.00154	0.00634	0.03795	0.00293	0.00698
102	0.00673	0.00539	0.00851	0.00856	0.00940	0.00504	0.09354	0.00798	0.00980	0.01310	0.02547	0.72838	0.03004	0.01430	0.00631	0.00198	0.00353	0.01321	0.00438	0.00436
103	0.01203	0.01191	0.01434	0.01535	0.18956	0.14469	0.08326	0.03831	0.15336	0.01746	0.17707	0.02196	0.02929	0.00701	0.00533	0.00159	0.00542	0.06172	0.00386	0.00647
104	0.01084	0.07626	0.45978	0.01598	0.02205	0.01264	0.26435	0.01562	0.01077	0.01540	0.00907	0.01132	0.00674	0.00471	0.00552	0.00160	0.04374	0.00436	0.00225	0.00700
105	0.01345	0.01299	0.01868	0.02309	0.45303	0.07558	0.06488	0.10991	0.05312	0.01755	0.00986	0.01226	0.00805	0.00529	0.00629	0.00157	0.09956	0.00450	0.00289	0.00744
106	0.01110	0.01043	0.01761	0.19724	0.51906	0.01089	0.03233	0.01383	0.01059	0.01474	0.01001	0.01491	0.00879	0.09916	0.00733	0.00191	0.00601	0.00480	0.00248	0.00679
107	0.01077	0.00620	0.00854	0.04990	0.01070	0.00582	0.02492	0.03376	0.01159	0.20333	0.06981	0.42547	0.08234	0.01165	0.00586	0.00182	0.00360	0.02360	0.00488	0.00545
108	0.01227	0.19558	0.02036	0.03543	0.53004	0.01316	0.01283	0.03186	0.01153	0.01581	0.06671	0.01320	0.01045	0.00487	0.00461	0.00140	0.00553	0.00438	0.00267	0.00730
109	0.00868	0.00533	0.00728	0.00799	0.00901	0.00505	0.00620	0.01020	0.01080	0.10400	0.02617	0.44493	0.02900	0.01384	0.00640	0.00207	0.00368	0.28980	0.00479	0.00476
110	0.01112	0.02377	0.66833	0.01425	0.02110	0.01208	0.05700	0.10359	0.01208	0.01760	0.00935	0.01084	0.00663	0.00485	0.00482	0.00157	0.00720	0.00389	0.00246	0.00746
111	0.00976	0.00948	0.01645	0.63916	0.03104	0.01147	0.10123	0.01294	0.00993	0.01299	0.00895	0.01350	0.00697	0.02168	0.00644	0.00177	0.07373	0.00465	0.00226	0.00562
112	0.01170	0.01114	0.01907	0.02737	0.66916	0.01105	0.04765	0.01465	0.01169	0.01670	0.09956	0.01526	0.01239	0.00509	0.00509	0.00150	0.00562	0.00503	0.00282	0.00748
113	0.00673	0.00462	0.00559	0.00609	0.00622	0.00449	0.00372	0.00711	0.00825	0.01100	0.02085	0.37785	0.02462	0.47074	0.01705	0.00360	0.00398	0.01028	0.00372	0.00347
114	0.04995	0.01891	0.36167	0.01635	0.02212	0.05235	0.33212	0.01647	0.01133	0.05685	0.00983	0.01189	0.00711	0.00460	0.00514	0.00160	0.00756	0.00460	0.00256	0.00699
115	0.01328	0.01302	0.01773	0.02260	0.45300	0.10361	0.04634	0.03445	0.15713	0.02941	0.01134	0.01317	0.00910	0.00523	0.00555	0.00154	0.04834	0.00459	0.00307	0.00749
116	0.01020	0.00966	0.01638	0.60168	0.23933	0.01128	0.01424	0.01343	0.01034	0.01369	0.00900	0.01303	0.00698	0.00484	0.00497	0.00161	0.00645	0.00443	0.00228	0.00617
117	0.01048	0.01020	0.01807	0.50878	0.23836	0.01146	0.10361	0.01381	0.01055	0.01407	0.00914	0.01305	0.00709	0.00475	0.00508	0.00161	0.00666	0.00460	0.00232	0.00631
118	0.01513	0.01715	0.01751	0.02269	0.44730	0.36480	0.01278	0.01735	0.01259	0.01447	0.00863	0.01085	0.00724	0.00475	0.00474	0.00139	0.00729	0.00389	0.00251	0.00695
119	0.01315	0.78587	0.06655	0.00883	0.01325	0.01930	0.00905	0.01497	0.01015	0.01194	0.00704	0.00813	0.00639	0.00429	0.00328	0.00109	0.00544	0.00272	0.00213	0.00645
120	0.00725	0.00483	0.00544	0.00544	0.00544	0.00483	0.00302	0.00725	0.00725	0.00966	0.01571	0.03262	0.01812	0.82483	0.02537	0.00483	0.00483	0.00725	0.00302	0.00302
121	0.01518	0.01117	0.01200	0.01019	0.01330	0.03039	0.00807	0.20990	0.43378	0.12865	0.01824	0.05852	0.01389	0.00692	0.00510	0.00163	0.00443	0.00566	0.00512	0.00787
122	0.00838	0.00515	0.00684	0.00687	0.00796	0.00471	0.00497	0.01003	0.01210	0.10638	0.36225	0.38401	0.03677	0.01214	0.00599	0.00177	0.00281	0.01085	0.00518	0.00485
123	0.00621	0.00439	0.00574	0.00677	0.00702	0.00414	0.00444	0.00698	0.00928	0.01237	0.02612	0.73059	0.03126	0.10893	0.00855	0.00235	0.00312	0.01337	0.00444	0.00393
124	0.00803	0.00574	0.00803	0.00918	0.01033	0.00574	0.00803	0.01033	0.01147	0.01492	0.02639	0.05622	0.02869	0.01377	0.00688	0.00229	0.00459	0.76018	0.00459	0.00459
125	0.00788	0.00639	0.00983	0.26696	0.01654	0.00757	0.00817	0.00987	0.00852	0.01164	0.01228	0.01964	0.01149	0.15299	0.42243	0.00546	0.00983	0.00535	0.00258	0.00457
126	0.01588	0.01066	0.01197	0.00998	0.01311	0.01150	0.00795	0.28263	0.28194	0.17560	0.01813	0.10859	0.01438	0.00740	0.00518	0.00163	0.00441	0.00610	0.00521	0.00777
127	0.00670	0.00570	0.00585	0.00570	0.00749	0.00518	0.00431	0.00951	0.10070	0.01467	0.08734	0.04400	0.66162	0.01182	0.00580	0.00168	0.00268	0.00987	0.00473	0.00466
128	0.01184	0.00943	0.01411	0.20864	0.10751	0.01136	0.01081	0.01395	0.01034	0.12640	0.09168	0.01609	0.02941	0.00719	0.00931	0.00181	0.30574	0.00510	0.00319	0.00608
129	0.01000	0.02578	0.79900	0.01421	0.02157	0.01158	0.01842	0.01579	0.01052	0.01579	0.00895	0.01052	0.00631	0.00474	0.00474	0.00158	0.00737	0.00368	0.00210	0.00737
130	0.00607	0.00434	0.00578	0.00694	0.00723	0.00405	0.00463	0.00694	0.00954	0.01272	0.02747	0.82157	0.03297	0.01562	0.00636	0.00202	0.00289	0.01417	0.00463	0.00405
131	0.01030	0.01807	0.38319	0.01647	0.04075	0.01112	0.31697	0.01483	0.01092	0.01552	0.01154	0.10526	0.00992	0.00577	0.00538	0.00167	0.00723	0.00578	0.00257	0.00674
132	0.01505	0.05692	0.01947	0.10744	0.05512	0.18392	0.25960	0.01853	0.06102	0.15626	0.01160	0.01308	0.00851	0.00503	0.00508	0.00153	0.00702	0.00473	0.00329	0.00681
133	0.01203	0.10726	0.05964	0.02106	0.23050	0.01324	0.38594	0.01609	0.05172	0.01570	0.00991	0.01258	0.00783	0.00456	0.00552	0.00157	0.03026	0.00497	0.00257	0.00706
134	0.00644	0.00437	0.00565	0.00668	0.00707	0.00412	0.00450	0.00748	0.00965	0.01340	0.02618	0.72897	0.03064	0.01448	0.00603	0.00192	0.00283	0.01307	0.10240	0.00412
135	0.01374	0.38910	0.19988	0.01105	0.01568	0.12918	0.05084	0.01645	0.01136	0.07653	0.03752	0.01080	0.00841	0.00487	0.00412	0.00130	0.00629	0.00357	0.00266	0.00665
136	0.01086	0.09704	0.20987	0.01276	0.01743	0.01078	0.21539	0.01413	0.01041	0.03167	0.00998	0.01370	0.00840	0.09900	0.00730	0.00175	0.02442	0.00446	0.00261	0.19802
137	0.03155	0.46650	0.15752	0.00980	0.01422	0.01618	0.00998	0.03378	0.16858	0.01500	0.01106	0.01156	0.02523	0.00508	0.00394	0.00132	0.00531	0.00366	0.00286	0.00685
138	0.01389	0.05166	0.08713	0.01090	0.01381	0.25700	0.00945	0.17271	0.01493	0.01801	0.10326	0.02370	0.01658	0.00778	0.00526	0.00161	0.00618	0.17621	0.00380	0.00612
139	0.03653	0.10903	0.07405	0.01128	0.01547	0.05089	0.00994	0.58186	0.02019	0.02692	0.01086	0.01118	0.00792	0.00562	0.00470	0.00144	0.00573	0.00412	0.00429	0.00796
140	0.02888	0.04912	0.01315	0.01018	0.01335	0.13908	0.00821	0.37334	0.04507	0.09179	0.13753	0.01619	0.01492	0.00647	0.00491	0.00146	0.00526	0.00500	0.02894	0.00717

[dist]
# distance from previous block
# <min> <max>
33	206

# created by:
# /st0/software/busco_prod/Augustus/scripts/msa2prfl.pl ./align_prep/53753.fa
