[name]
unknown

[dist]
# distance from previous block
# <min> <max>
0	19

[block]
# block no. 0 follows, 47 sequences, length 28
# corresponding to MSA columns:
# 19-46
name=unknown_A
#
# <colnr> <probs for GDERKNQSTAVLIFYWHMCP>
#	G	D	E	R	K	N	Q	S	T	A	V	L	I	F	Y	W	H	M	C	P
0	0.00996	0.00736	0.00868	0.00877	0.01025	0.02429	0.00701	0.13488	0.01337	0.01769	0.04387	0.19055	0.06856	0.07934	0.00807	0.00230	0.00445	0.31431	0.04106	0.00523
1	0.08679	0.01444	0.01253	0.01039	0.01355	0.18473	0.00828	0.38304	0.01824	0.02471	0.01280	0.01359	0.02578	0.00606	0.00466	0.00146	0.00571	0.00441	0.16170	0.00712
2	0.01035	0.00629	0.00793	0.00756	0.00919	0.00594	0.00563	0.02772	0.07024	0.15086	0.26095	0.29787	0.09530	0.01170	0.00608	0.00181	0.00320	0.01030	0.00543	0.00565
3	0.01474	0.01045	0.01146	0.00859	0.01290	0.07266	0.00687	0.01690	0.01218	0.21459	0.01205	0.01246	0.00896	0.00465	0.00428	0.00103	0.00446	0.00366	0.00391	0.56319
4	0.15374	0.00913	0.01022	0.00895	0.01169	0.00953	0.00700	0.13089	0.13536	0.21817	0.01943	0.22895	0.01734	0.00889	0.00529	0.00176	0.00413	0.00742	0.00511	0.00699
5	0.00634	0.00453	0.00604	0.00725	0.00755	0.00423	0.00483	0.00725	0.00997	0.01329	0.02870	0.81358	0.03444	0.01632	0.00665	0.00211	0.00302	0.01480	0.00483	0.00423
6	0.80591	0.05623	0.00877	0.00697	0.01026	0.01219	0.00583	0.01532	0.00896	0.02273	0.00725	0.00845	0.00570	0.00481	0.00323	0.00158	0.00412	0.00282	0.00317	0.00570
7	0.01069	0.02405	0.66033	0.01434	0.04108	0.01169	0.01735	0.05851	0.01186	0.01724	0.01314	0.01438	0.07119	0.00570	0.00507	0.00165	0.00712	0.00451	0.00260	0.00750
8	0.01012	0.00883	0.01023	0.01192	0.07569	0.10330	0.00923	0.01245	0.01232	0.01536	0.02371	0.04889	0.02532	0.01247	0.00672	0.00220	0.00547	0.59621	0.00435	0.00523
9	0.01045	0.02694	0.79000	0.01484	0.02254	0.01209	0.01924	0.01649	0.01099	0.01649	0.00935	0.01099	0.00660	0.00495	0.00495	0.00165	0.00770	0.00385	0.00220	0.00770
10	0.01229	0.01405	0.03073	0.02195	0.02722	0.01317	0.76558	0.01668	0.01229	0.01668	0.01054	0.01405	0.00790	0.00439	0.00615	0.00176	0.00878	0.00615	0.00263	0.00702
11	0.00926	0.00798	0.00825	0.00771	0.01001	0.00831	0.00592	0.01671	0.36075	0.01760	0.03833	0.03609	0.43201	0.01039	0.00576	0.00176	0.00332	0.00866	0.00505	0.00615
12	0.00669	0.00523	0.00537	0.00533	0.00698	0.00450	0.00400	0.00824	0.01200	0.01530	0.11037	0.04540	0.62583	0.01210	0.00585	0.00168	0.00260	0.01011	0.10793	0.00450
13	0.16924	0.00718	0.00606	0.00582	0.00754	0.05846	0.00446	0.01304	0.01084	0.01942	0.01658	0.01842	0.05477	0.00619	0.00377	0.00133	0.00320	0.00472	0.58391	0.00505
14	0.01104	0.01004	0.01450	0.01265	0.01507	0.07407	0.18256	0.07480	0.01283	0.01648	0.01926	0.03664	0.01948	0.05751	0.05988	0.00264	0.00679	0.36421	0.00393	0.00564
15	0.00634	0.00453	0.00604	0.00725	0.00755	0.00423	0.00483	0.00725	0.00997	0.01329	0.02870	0.81358	0.03444	0.01632	0.00665	0.00211	0.00302	0.01480	0.00483	0.00423
16	0.01045	0.02694	0.79000	0.01484	0.02254	0.01209	0.01924	0.01649	0.01099	0.01649	0.00935	0.01099	0.00660	0.00495	0.00495	0.00165	0.00770	0.00385	0.00220	0.00770
17	0.00983	0.00926	0.01562	0.80447	0.03587	0.01157	0.01446	0.01331	0.01041	0.01331	0.00926	0.01388	0.00694	0.00521	0.00521	0.00174	0.00694	0.00463	0.00231	0.00579
18	0.85377	0.01007	0.00765	0.00685	0.01007	0.01168	0.00564	0.01531	0.00886	0.02336	0.00725	0.00846	0.00564	0.00483	0.00322	0.00161	0.00403	0.00282	0.00322	0.00564
19	0.01295	0.01119	0.01178	0.01060	0.01354	0.01295	0.00824	0.02767	0.77509	0.02178	0.02120	0.01943	0.01590	0.00707	0.00530	0.00177	0.00412	0.00589	0.00530	0.00824
20	0.00624	0.00495	0.00561	0.00613	0.00726	0.00432	0.00434	0.00738	0.01104	0.01373	0.04230	0.38209	0.45717	0.01455	0.00637	0.00191	0.00280	0.01265	0.00484	0.00432
21	0.00671	0.00530	0.00605	0.00586	0.00738	0.00463	0.00440	0.00855	0.01319	0.01720	0.38742	0.04497	0.44576	0.01202	0.00615	0.00170	0.00255	0.01027	0.00525	0.00463
22	0.01270	0.01196	0.01700	0.01376	0.01718	0.01315	0.20945	0.02405	0.53664	0.02000	0.01769	0.01762	0.01335	0.00645	0.00608	0.00179	0.04300	0.00589	0.00445	0.00780
23	0.01269	0.01217	0.02077	0.08307	0.73497	0.01232	0.01588	0.01581	0.01176	0.01677	0.00976	0.01295	0.00816	0.00468	0.00516	0.00156	0.00624	0.00464	0.00256	0.00809
24	0.00700	0.00486	0.00607	0.00662	0.00684	0.00480	0.00420	0.00757	0.00873	0.01172	0.02178	0.38689	0.02548	0.38777	0.08245	0.00400	0.00488	0.01069	0.00389	0.00377
25	0.00745	0.00554	0.00815	0.00815	0.00900	0.00639	0.00623	0.00916	0.00830	0.01192	0.01415	0.02159	0.01351	0.10366	0.73242	0.00809	0.01321	0.00575	0.00282	0.00453
26	0.23814	0.01107	0.01161	0.00914	0.01296	0.05911	0.04942	0.10694	0.01225	0.02011	0.01040	0.06359	0.00901	0.00536	0.00422	0.00127	0.00470	0.00418	0.00345	0.36307
27	0.01160	0.01105	0.01880	0.35906	0.46751	0.01203	0.01534	0.01485	0.01125	0.01544	0.00957	0.01331	0.00770	0.00488	0.00518	0.00163	0.00651	0.00463	0.00247	0.00721

[dist]
# distance from previous block
# <min> <max>
0	1

[block]
# block no. 1 follows, 47 sequences, length 16
# corresponding to MSA columns:
# 48-63
name=unknown_B
#
# <colnr> <probs for GDERKNQSTAVLIFYWHMCP>
#	G	D	E	R	K	N	Q	S	T	A	V	L	I	F	Y	W	H	M	C	P
0	0.01096	0.01046	0.01743	0.48261	0.27584	0.01223	0.01467	0.01410	0.01066	0.01443	0.00921	0.01334	0.00735	0.00538	0.00627	0.00172	0.07973	0.00463	0.00240	0.00657
1	0.01014	0.00957	0.01617	0.72673	0.11121	0.01165	0.01462	0.01357	0.01056	0.01368	0.00931	0.01378	0.00707	0.00515	0.00520	0.00172	0.00687	0.00463	0.00234	0.00603
2	0.01123	0.00951	0.01103	0.00792	0.01253	0.00739	0.00635	0.04960	0.01146	0.01774	0.00941	0.01088	0.00777	0.00397	0.00392	0.00081	0.00395	0.00316	0.00319	0.80817
3	0.01157	0.28346	0.54333	0.01292	0.01957	0.01485	0.01590	0.01620	0.01086	0.01512	0.00866	0.01014	0.00662	0.00479	0.00443	0.00148	0.00701	0.00350	0.00221	0.00737
4	0.01175	0.01179	0.02178	0.27927	0.35102	0.01231	0.20492	0.01529	0.01150	0.01573	0.00981	0.01350	0.00774	0.00476	0.00542	0.00166	0.00709	0.00502	0.00251	0.00714
5	0.01118	0.01063	0.01806	0.46345	0.36635	0.01192	0.01513	0.01449	0.01105	0.01494	0.00949	0.01344	0.00752	0.00496	0.00518	0.00165	0.00661	0.00463	0.00243	0.00687
6	0.01131	0.01025	0.01361	0.22760	0.01920	0.01286	0.01059	0.01809	0.28691	0.01635	0.01338	0.01566	0.01065	0.00837	0.03977	0.00214	0.23490	0.00511	0.03667	0.00657
7	0.00634	0.00453	0.00604	0.00725	0.00755	0.00423	0.00483	0.00725	0.00997	0.01329	0.02870	0.81358	0.03444	0.01632	0.00665	0.00211	0.00302	0.01480	0.00483	0.00423
8	0.00905	0.00659	0.00862	0.00931	0.01080	0.00662	0.00802	0.07007	0.01296	0.01678	0.02915	0.05415	0.11094	0.01361	0.00692	0.00226	0.00463	0.60961	0.00483	0.00507
9	0.00634	0.00453	0.00604	0.00725	0.00755	0.00423	0.00483	0.00725	0.00997	0.01329	0.02870	0.81358	0.03444	0.01632	0.00665	0.00211	0.00302	0.01480	0.00483	0.00423
10	0.00802	0.00704	0.01018	0.35833	0.01991	0.00767	0.00879	0.01052	0.01180	0.01510	0.18012	0.03187	0.29265	0.00915	0.00573	0.00172	0.00450	0.00787	0.00390	0.00511
11	0.00983	0.00926	0.01562	0.80447	0.03587	0.01157	0.01446	0.01331	0.01041	0.01331	0.00926	0.01388	0.00694	0.00521	0.00521	0.00174	0.00694	0.00463	0.00231	0.00579
12	0.01045	0.02694	0.79000	0.01484	0.02254	0.01209	0.01924	0.01649	0.01099	0.01649	0.00935	0.01099	0.00660	0.00495	0.00495	0.00165	0.00770	0.00385	0.00220	0.00770
13	0.01295	0.01119	0.01178	0.01060	0.01354	0.01295	0.00824	0.02767	0.77509	0.02178	0.02120	0.01943	0.01590	0.00707	0.00530	0.00177	0.00412	0.00589	0.00530	0.00824
14	0.04970	0.00947	0.01581	0.73754	0.03433	0.01164	0.04221	0.01353	0.01041	0.01391	0.00921	0.01363	0.00692	0.00516	0.00515	0.00173	0.00687	0.00460	0.00237	0.00582
15	0.01229	0.01405	0.03073	0.02195	0.02722	0.01317	0.76558	0.01668	0.01229	0.01668	0.01054	0.01405	0.00790	0.00439	0.00615	0.00176	0.00878	0.00615	0.00263	0.00702

[dist]
# distance from previous block
# <min> <max>
9	30

[block]
# block no. 2 follows, 47 sequences, length 31
# corresponding to MSA columns:
# 94-124
name=unknown_C
#
# <colnr> <probs for GDERKNQSTAVLIFYWHMCP>
#	G	D	E	R	K	N	Q	S	T	A	V	L	I	F	Y	W	H	M	C	P
0	0.20384	0.01238	0.01150	0.01005	0.03302	0.10416	0.00770	0.07746	0.24908	0.02064	0.01263	0.01297	0.00977	0.00546	0.00440	0.00142	0.00484	0.00409	0.00391	0.21072
1	0.01054	0.00929	0.01545	0.74418	0.03416	0.01149	0.01405	0.01388	0.01057	0.05140	0.00975	0.01401	0.00723	0.00537	0.00553	0.00174	0.02825	0.00466	0.00252	0.00593
2	0.03280	0.01227	0.01261	0.01057	0.01369	0.06256	0.00845	0.27354	0.26747	0.07859	0.03530	0.01940	0.09501	0.00742	0.00587	0.00168	0.04435	0.00577	0.00495	0.00769
3	0.01611	0.27998	0.15605	0.01209	0.01636	0.33714	0.01130	0.08618	0.01363	0.01507	0.00842	0.00962	0.00688	0.00508	0.00435	0.00134	0.00753	0.00338	0.00268	0.00679
4	0.00781	0.00599	0.00851	0.00830	0.00897	0.00705	0.00628	0.00924	0.00818	0.01174	0.01381	0.02235	0.01364	0.18991	0.57596	0.00718	0.08195	0.00588	0.00282	0.00445
5	0.01045	0.02694	0.79000	0.01484	0.02254	0.01209	0.01924	0.01649	0.01099	0.01649	0.00935	0.01099	0.00660	0.00495	0.00495	0.00165	0.00770	0.00385	0.00220	0.00770
6	0.76281	0.04551	0.00840	0.00686	0.00994	0.01165	0.00563	0.01483	0.00886	0.02203	0.00783	0.01009	0.00653	0.05653	0.00471	0.00181	0.00416	0.00312	0.00317	0.00553
7	0.01975	0.01214	0.01379	0.01076	0.01460	0.01281	0.00878	0.44545	0.08550	0.25941	0.01586	0.01563	0.01113	0.04217	0.00617	0.00175	0.00517	0.00509	0.00550	0.00855
8	0.00629	0.00473	0.00584	0.00673	0.00742	0.00427	0.00460	0.00731	0.01047	0.01350	0.03509	0.61086	0.23304	0.01549	0.00652	0.00202	0.00292	0.01379	0.00483	0.00427
9	0.01117	0.06212	0.52657	0.01667	0.02348	0.01283	0.24080	0.01650	0.01136	0.01634	0.00960	0.01177	0.00699	0.00476	0.00523	0.00165	0.00791	0.00448	0.00233	0.00745
10	0.00633	0.00460	0.00597	0.00707	0.00751	0.00424	0.00475	0.00727	0.01014	0.01336	0.03089	0.74421	0.10240	0.01603	0.00660	0.00208	0.00299	0.01446	0.00483	0.00424
11	0.00983	0.00926	0.01562	0.80447	0.03587	0.01157	0.01446	0.01331	0.01041	0.01331	0.00926	0.01388	0.00694	0.00521	0.00521	0.00174	0.00694	0.00463	0.00231	0.00579
12	0.01076	0.09901	0.72070	0.01430	0.02171	0.01287	0.01830	0.01641	0.01096	0.01611	0.00915	0.01075	0.00660	0.00490	0.00480	0.00160	0.00750	0.00375	0.00220	0.00760
13	0.00659	0.00529	0.00588	0.00574	0.00730	0.00458	0.00430	0.00832	0.01291	0.01653	0.31625	0.04606	0.51735	0.01227	0.00615	0.00171	0.00257	0.01042	0.00516	0.00458
14	0.01153	0.01098	0.01868	0.37662	0.45049	0.01201	0.01530	0.01479	0.01121	0.01536	0.00955	0.01333	0.00767	0.00489	0.00518	0.00163	0.00652	0.00463	0.00246	0.00715
15	0.01045	0.02694	0.79000	0.01484	0.02254	0.01209	0.01924	0.01649	0.01099	0.01649	0.00935	0.01099	0.00660	0.00495	0.00495	0.00165	0.00770	0.00385	0.00220	0.00770
16	0.00666	0.00532	0.00598	0.00589	0.00745	0.00464	0.00447	0.00842	0.01285	0.01646	0.30022	0.04666	0.50034	0.01237	0.00619	0.00174	0.00267	0.04192	0.00514	0.00459
17	0.00983	0.00926	0.01562	0.80447	0.03587	0.01157	0.01446	0.01331	0.01041	0.01331	0.00926	0.01388	0.00694	0.00521	0.00521	0.00174	0.00694	0.00463	0.00231	0.00579
18	0.00946	0.00637	0.00806	0.00705	0.00907	0.00553	0.00530	0.01155	0.01305	0.08841	0.43557	0.10060	0.03399	0.06071	0.00693	0.00172	0.00314	0.00809	0.00500	0.18039
19	0.85377	0.01007	0.00765	0.00685	0.01007	0.01168	0.00564	0.01531	0.00886	0.02336	0.00725	0.00846	0.00564	0.00483	0.00322	0.00161	0.00403	0.00282	0.00322	0.00564
20	0.01261	0.01209	0.02064	0.10216	0.71647	0.01230	0.01584	0.01574	0.01173	0.01668	0.00975	0.01298	0.00813	0.00469	0.00516	0.00156	0.00626	0.00464	0.00255	0.00803
21	0.03790	0.03134	0.01535	0.01627	0.18796	0.28217	0.01074	0.06474	0.01274	0.01580	0.01131	0.01347	0.04584	0.00640	0.00719	0.00160	0.16372	0.00443	0.06457	0.00649
22	0.01980	0.01459	0.01563	0.01198	0.01615	0.01615	0.00990	0.76713	0.02448	0.03282	0.01250	0.01250	0.00886	0.00625	0.00521	0.00156	0.00573	0.00469	0.00521	0.00886
23	0.01289	0.01237	0.02114	0.03196	0.78450	0.01237	0.01598	0.01598	0.01186	0.01701	0.00980	0.01289	0.00825	0.00464	0.00516	0.00155	0.00619	0.00464	0.00258	0.00825
24	0.01177	0.32850	0.50002	0.01259	0.01905	0.01533	0.01531	0.01615	0.01084	0.01488	0.00854	0.00999	0.00663	0.00476	0.00434	0.00145	0.00689	0.00344	0.00221	0.00731
25	0.00757	0.00505	0.00568	0.00568	0.00568	0.00505	0.00316	0.00757	0.00757	0.01010	0.01641	0.03408	0.01893	0.81698	0.02651	0.00505	0.00505	0.00757	0.00316	0.00316
26	0.01046	0.09019	0.33467	0.40793	0.02835	0.01261	0.01592	0.01482	0.01067	0.01452	0.00911	0.01220	0.00678	0.00503	0.00493	0.00164	0.00713	0.00414	0.00226	0.00665
27	0.01226	0.01254	0.01536	0.02088	0.39891	0.16744	0.01148	0.01435	0.01188	0.01505	0.01507	0.25042	0.01573	0.00826	0.00551	0.00167	0.00589	0.00741	0.00327	0.00661
28	0.00939	0.00559	0.00732	0.00701	0.00735	0.00609	0.00492	0.02484	0.00825	0.01218	0.01178	0.01921	0.01141	0.15394	0.01741	0.42691	0.08582	0.00513	0.17201	0.00343
29	0.05799	0.03650	0.03540	0.00860	0.01289	0.00806	0.00728	0.01890	0.01267	0.36810	0.03431	0.01449	0.01098	0.00531	0.00453	0.00126	0.00426	0.00423	0.00463	0.34960
30	0.01204	0.39085	0.44006	0.01212	0.01833	0.01600	0.01450	0.01608	0.01081	0.01455	0.00838	0.00978	0.00664	0.00472	0.00421	0.00140	0.00672	0.00336	0.00221	0.00723

[dist]
# distance from previous block
# <min> <max>
0	1

[block]
# block no. 3 follows, 47 sequences, length 69
# corresponding to MSA columns:
# 126-194
name=unknown_D
#
# <colnr> <probs for GDERKNQSTAVLIFYWHMCP>
#	G	D	E	R	K	N	Q	S	T	A	V	L	I	F	Y	W	H	M	C	P
0	0.05310	0.00897	0.01026	0.00836	0.01139	0.00905	0.00676	0.18583	0.05359	0.29224	0.01703	0.01681	0.01198	0.00624	0.00461	0.00148	0.00402	0.00492	0.28601	0.00735
1	0.01269	0.01293	0.02434	0.02862	0.53187	0.01264	0.26604	0.01622	0.01200	0.01690	0.01004	0.01328	0.00813	0.00456	0.00549	0.00162	0.00705	0.00514	0.00260	0.00784
2	0.01119	0.01048	0.01767	0.43214	0.36718	0.01168	0.01474	0.01445	0.01107	0.01518	0.00978	0.01365	0.00776	0.00499	0.00513	0.00163	0.00644	0.00464	0.03337	0.00684
3	0.01180	0.00758	0.00873	0.00759	0.00917	0.00774	0.00544	0.17458	0.01303	0.09867	0.10029	0.02853	0.05746	0.40155	0.04271	0.00351	0.00503	0.00700	0.00430	0.00530
4	0.01119	0.19630	0.62714	0.01358	0.02058	0.01391	0.01704	0.01630	0.01091	0.01559	0.00890	0.01043	0.00662	0.00484	0.00460	0.00153	0.00724	0.00362	0.00221	0.00748
5	0.01403	0.01204	0.01425	0.01110	0.01474	0.08197	0.10126	0.21107	0.04480	0.04492	0.01266	0.05448	0.01082	0.07120	0.02905	0.00184	0.00583	0.00510	0.00383	0.25501
6	0.11391	0.01200	0.01690	0.22463	0.02233	0.01321	0.14402	0.25447	0.06824	0.06219	0.01169	0.01342	0.00849	0.00554	0.00515	0.00167	0.00621	0.00482	0.00382	0.00729
7	0.01290	0.01225	0.02015	0.02971	0.70304	0.01243	0.01516	0.01722	0.09250	0.01752	0.01100	0.01358	0.00906	0.00490	0.00517	0.00157	0.00597	0.00477	0.00287	0.00825
8	0.00971	0.00485	0.00485	0.00485	0.00607	0.00485	0.00364	0.01213	0.01092	0.01942	0.01699	0.01942	0.01335	0.00607	0.00364	0.00121	0.00243	0.00485	0.84589	0.00485
9	0.00757	0.00505	0.00568	0.00568	0.00568	0.00505	0.00316	0.00757	0.00757	0.01010	0.01641	0.03408	0.01893	0.81698	0.02651	0.00505	0.00505	0.00757	0.00316	0.00316
10	0.00737	0.00532	0.00696	0.00655	0.00778	0.00491	0.00491	0.00983	0.01474	0.02088	0.78175	0.03890	0.04914	0.01065	0.00614	0.00164	0.00246	0.00942	0.00573	0.00491
11	0.00659	0.00528	0.00581	0.00568	0.00720	0.00458	0.00422	0.00820	0.01257	0.01599	0.27461	0.04599	0.52494	0.04687	0.00702	0.00186	0.00269	0.01036	0.00504	0.00450
12	0.00680	0.00480	0.00630	0.00727	0.00764	0.00462	0.00498	0.00774	0.00975	0.01298	0.02615	0.58219	0.03082	0.14971	0.03084	0.00280	0.00384	0.09217	0.00450	0.00412
13	0.00951	0.00863	0.01235	0.01115	0.01159	0.01146	0.00907	0.01100	0.00816	0.01232	0.01022	0.01570	0.00977	0.02334	0.38742	0.00517	0.43035	0.00504	0.00252	0.00520
14	0.85377	0.01007	0.00765	0.00685	0.01007	0.01168	0.00564	0.01531	0.00886	0.02336	0.00725	0.00846	0.00564	0.00483	0.00322	0.00161	0.00403	0.00282	0.00322	0.00564
15	0.01869	0.01927	0.01466	0.01251	0.01577	0.40808	0.00975	0.29048	0.12230	0.02121	0.01145	0.01189	0.00874	0.00592	0.00496	0.00148	0.00735	0.00418	0.00395	0.00735
16	0.01441	0.19280	0.22266	0.01267	0.01702	0.07089	0.02793	0.20636	0.01409	0.01876	0.00918	0.01082	0.00727	0.00592	0.00679	0.00160	0.14653	0.00397	0.00303	0.00729
17	0.00757	0.00505	0.00568	0.00568	0.00568	0.00505	0.00316	0.00757	0.00757	0.01010	0.01641	0.03408	0.01893	0.81698	0.02651	0.00505	0.00505	0.00757	0.00316	0.00316
18	0.01289	0.01237	0.02114	0.03196	0.78450	0.01237	0.01598	0.01598	0.01186	0.01701	0.00980	0.01289	0.00825	0.00464	0.00516	0.00155	0.00619	0.00464	0.00258	0.00825
19	0.00634	0.00453	0.00604	0.00725	0.00755	0.00423	0.00483	0.00725	0.00997	0.01329	0.02870	0.81358	0.03444	0.01632	0.00665	0.00211	0.00302	0.01480	0.00483	0.00423
20	0.01164	0.01110	0.01888	0.34831	0.47793	0.01204	0.01536	0.01489	0.01127	0.01549	0.00957	0.01330	0.00771	0.00487	0.00518	0.00162	0.00650	0.00464	0.00247	0.00724
21	0.01693	0.01237	0.01343	0.01104	0.01461	0.01374	0.00888	0.33833	0.37918	0.10740	0.01747	0.01634	0.01262	0.00666	0.00525	0.00166	0.00483	0.00531	0.00538	0.00857
22	0.00729	0.00501	0.00603	0.00617	0.00650	0.00486	0.00386	0.00800	0.00959	0.01305	0.18486	0.18518	0.02847	0.48787	0.01826	0.00374	0.00410	0.00937	0.00404	0.00374
23	0.01980	0.01459	0.01563	0.01198	0.01615	0.01615	0.00990	0.76713	0.02448	0.03282	0.01250	0.01250	0.00886	0.00625	0.00521	0.00156	0.00573	0.00469	0.00521	0.00886
24	0.00711	0.00531	0.00660	0.00627	0.00762	0.00480	0.00471	0.00932	0.01412	0.01940	0.62356	0.04133	0.20825	0.01120	0.00614	0.00166	0.00250	0.00976	0.00554	0.00480
25	0.00906	0.00570	0.00750	0.00684	0.00836	0.00520	0.00520	0.01147	0.01476	0.10195	0.70132	0.03666	0.04531	0.01020	0.00605	0.00164	0.00267	0.00898	0.00581	0.00533
26	0.02336	0.00886	0.01209	0.00927	0.01329	0.00765	0.00765	0.02538	0.01491	0.78810	0.02055	0.01773	0.01289	0.00645	0.00524	0.00161	0.00443	0.00524	0.00645	0.00886
27	0.00712	0.00520	0.00663	0.00718	0.00736	0.00534	0.00473	0.00774	0.00902	0.01216	0.02299	0.49279	0.02723	0.28666	0.01411	0.00312	0.06097	0.01163	0.00408	0.00397
28	0.01849	0.01364	0.01486	0.01160	0.01543	0.01513	0.00954	0.68706	0.02278	0.03063	0.01266	0.01334	0.00930	0.00972	0.08880	0.00228	0.00660	0.00478	0.00495	0.00841
29	0.01072	0.02512	0.68581	0.01613	0.04678	0.01222	0.09800	0.01650	0.01116	0.01653	0.00949	0.01138	0.00679	0.00488	0.00508	0.00166	0.00776	0.00412	0.00226	0.00764
30	0.01012	0.00982	0.01658	0.10198	0.27689	0.00979	0.14132	0.01285	0.01179	0.01571	0.05989	0.02561	0.24307	0.00767	0.00608	0.00170	0.03234	0.00704	0.00338	0.00637
31	0.01045	0.02694	0.79000	0.01484	0.02254	0.01209	0.01924	0.01649	0.01099	0.01649	0.00935	0.01099	0.00660	0.00495	0.00495	0.00165	0.00770	0.00385	0.00220	0.00770
32	0.01978	0.00827	0.01132	0.09259	0.01454	0.00763	0.00774	0.02201	0.01380	0.58476	0.01879	0.01759	0.01233	0.00625	0.00498	0.00156	0.00438	0.00511	0.13866	0.00790
33	0.01331	0.46387	0.28773	0.01142	0.01680	0.09962	0.01258	0.01645	0.01116	0.01376	0.00805	0.00937	0.00666	0.00472	0.00404	0.00132	0.00670	0.00321	0.00227	0.00696
34	0.01423	0.01593	0.01198	0.01173	0.01365	0.41463	0.00937	0.01603	0.01326	0.01400	0.01667	0.03138	0.01704	0.00952	0.00629	0.00185	0.03869	0.33468	0.00361	0.00547
35	0.00905	0.00452	0.00678	0.00678	0.00678	0.00452	0.00452	0.00678	0.00678	0.00905	0.00905	0.01583	0.00905	0.01809	0.02035	0.84848	0.00452	0.00452	0.00226	0.00226
36	0.00681	0.00514	0.00629	0.00635	0.00752	0.00462	0.00463	0.00861	0.01290	0.01733	0.41468	0.21014	0.25080	0.01259	0.00626	0.00178	0.00263	0.01103	0.00529	0.00462
37	0.01228	0.01116	0.01793	0.35295	0.37484	0.01229	0.01447	0.09416	0.01257	0.01718	0.00999	0.01339	0.00786	0.00507	0.00515	0.00162	0.00638	0.00464	0.01884	0.00722
38	0.85377	0.01007	0.00765	0.00685	0.01007	0.01168	0.00564	0.01531	0.00886	0.02336	0.00725	0.00846	0.00564	0.00483	0.00322	0.00161	0.00403	0.00282	0.00322	0.00564
39	0.00634	0.00456	0.00601	0.00717	0.00753	0.00424	0.00480	0.00726	0.01005	0.01333	0.02973	0.78085	0.06651	0.01618	0.00663	0.00210	0.00300	0.01464	0.00483	0.00424
40	0.01095	0.01045	0.01780	0.51089	0.28853	0.01196	0.03024	0.01426	0.01089	0.01461	0.00942	0.01350	0.00740	0.00508	0.00545	0.00168	0.02316	0.00466	0.00241	0.00664
41	0.00812	0.09165	0.01037	0.00843	0.00973	0.00800	0.00676	0.00996	0.00860	0.01211	0.01324	0.01918	0.01235	0.03540	0.71255	0.00760	0.01306	0.00528	0.00273	0.00486
42	0.00795	0.00568	0.00788	0.00908	0.01009	0.00561	0.00762	0.01002	0.01155	0.01509	0.02782	0.22254	0.03094	0.01480	0.00707	0.00234	0.00441	0.59003	0.00480	0.00467
43	0.00719	0.00536	0.00673	0.00668	0.00798	0.00490	0.00513	0.00932	0.01357	0.01843	0.49851	0.07699	0.20527	0.01190	0.00630	0.00178	0.00281	0.10101	0.00538	0.00476
44	0.01530	0.01381	0.01955	0.06885	0.22723	0.09763	0.15215	0.15034	0.01427	0.08767	0.01084	0.01300	0.00831	0.00563	0.00657	0.00166	0.09149	0.00483	0.00337	0.00752
45	0.01334	0.73409	0.02529	0.00898	0.01309	0.01906	0.00886	0.01509	0.01073	0.01260	0.00939	0.01368	0.00914	0.00550	0.00375	0.00125	0.00549	0.08168	0.00250	0.00648
46	0.01236	0.01057	0.01127	0.01017	0.01293	0.01210	0.00789	0.02579	0.69475	0.02169	0.10156	0.02149	0.01941	0.00744	0.00539	0.00175	0.00395	0.00626	0.00534	0.00789
47	0.00826	0.00661	0.00799	0.00744	0.00921	0.00627	0.03497	0.08898	0.03482	0.01723	0.15141	0.21852	0.36409	0.01227	0.00614	0.00180	0.00331	0.01063	0.00494	0.00512
48	0.12494	0.01522	0.01256	0.01110	0.01377	0.26230	0.00866	0.08778	0.21817	0.05496	0.01333	0.04458	0.01074	0.00666	0.00588	0.00163	0.07646	0.00476	0.01965	0.00684
49	0.02186	0.01128	0.01358	0.01041	0.01450	0.01124	0.00860	0.33850	0.01895	0.46927	0.01715	0.01552	0.01119	0.00636	0.00523	0.00159	0.00498	0.00501	0.00592	0.00886
50	0.01267	0.01036	0.01180	0.00860	0.01313	0.00885	0.00694	0.16966	0.01364	0.02026	0.00993	0.01115	0.00795	0.00435	0.00414	0.00094	0.00425	0.00342	0.00353	0.67443
51	0.00744	0.00558	0.00837	0.00837	0.00930	0.00651	0.00651	0.00930	0.00837	0.01209	0.01395	0.02046	0.01302	0.03906	0.79635	0.00837	0.01395	0.00558	0.00279	0.00465
52	0.01046	0.00811	0.00978	0.00764	0.01093	0.00665	0.00585	0.01229	0.05533	0.01514	0.00991	0.01266	0.00856	0.00785	0.00835	0.22731	0.00405	0.00364	0.00300	0.57249
53	0.00641	0.00458	0.00612	0.00732	0.00765	0.00428	0.00495	0.00736	0.01003	0.01337	0.02867	0.79006	0.03430	0.01626	0.00666	0.00212	0.00308	0.03770	0.00483	0.00425
54	0.01170	0.01360	0.05607	0.02006	0.02499	0.01226	0.65784	0.01595	0.01250	0.01712	0.09198	0.01656	0.01221	0.00507	0.00610	0.00174	0.00807	0.00641	0.00295	0.00683
55	0.00666	0.00527	0.00600	0.00588	0.00736	0.00460	0.00439	0.00844	0.01298	0.01685	0.35269	0.07547	0.45038	0.01226	0.00617	0.00172	0.00258	0.01049	0.00521	0.00460
56	0.01161	0.29154	0.53556	0.01286	0.01948	0.01493	0.01579	0.01619	0.01086	0.01508	0.00864	0.01011	0.00663	0.00478	0.00441	0.00147	0.00699	0.00349	0.00221	0.00736
57	0.00983	0.00926	0.01562	0.80447	0.03587	0.01157	0.01446	0.01331	0.01041	0.01331	0.00926	0.01388	0.00694	0.00521	0.00521	0.00174	0.00694	0.00463	0.00231	0.00579
58	0.00905	0.00452	0.00678	0.00678	0.00678	0.00452	0.00452	0.00678	0.00678	0.00905	0.00905	0.01583	0.00905	0.01809	0.02035	0.84848	0.00452	0.00452	0.00226	0.00226
59	0.00634	0.00453	0.00604	0.00725	0.00755	0.00423	0.00483	0.00725	0.00997	0.01329	0.02870	0.81358	0.03444	0.01632	0.00665	0.00211	0.00302	0.01480	0.00483	0.00423
60	0.00983	0.00926	0.01562	0.80447	0.03587	0.01157	0.01446	0.01331	0.01041	0.01331	0.00926	0.01388	0.00694	0.00521	0.00521	0.00174	0.00694	0.00463	0.00231	0.00579
61	0.01064	0.01008	0.01707	0.60077	0.23327	0.01178	0.01486	0.01401	0.01079	0.01428	0.00940	0.01362	0.00729	0.00506	0.00519	0.00169	0.00674	0.00463	0.00238	0.00643
62	0.01052	0.04447	0.77314	0.01471	0.02234	0.01228	0.01901	0.01647	0.01099	0.01640	0.00930	0.01094	0.00660	0.00494	0.00491	0.00164	0.00765	0.00382	0.00220	0.00767
63	0.00751	0.00532	0.00703	0.00703	0.00750	0.00578	0.00484	0.00844	0.00797	0.01110	0.01517	0.02723	0.01596	0.42606	0.41337	0.00672	0.00952	0.00657	0.00297	0.00391
64	0.00744	0.00558	0.00837	0.00837	0.00930	0.00651	0.00651	0.00930	0.00837	0.01209	0.01395	0.02046	0.01302	0.03906	0.79635	0.00837	0.01395	0.00558	0.00279	0.00465
65	0.01602	0.01079	0.01652	0.01285	0.01635	0.01073	0.19436	0.19841	0.01539	0.23463	0.01722	0.15749	0.01463	0.00790	0.00618	0.00176	0.03502	0.02160	0.00474	0.00739
66	0.00729	0.00556	0.00676	0.00736	0.00869	0.00517	0.00597	0.00900	0.01156	0.01446	0.03777	0.08297	0.35540	0.06852	0.00804	0.00229	0.00381	0.35018	0.00470	0.00449
67	0.01045	0.02694	0.79000	0.01484	0.02254	0.01209	0.01924	0.01649	0.01099	0.01649	0.00935	0.01099	0.00660	0.00495	0.00495	0.00165	0.00770	0.00385	0.00220	0.00770
68	0.01958	0.02092	0.01421	0.01258	0.01540	0.59456	0.00961	0.02156	0.04448	0.15079	0.01074	0.01135	0.00817	0.00577	0.00530	0.00144	0.03965	0.00384	0.00344	0.00661

[dist]
# distance from previous block
# <min> <max>
2	27

[block]
# block no. 4 follows, 47 sequences, length 29
# corresponding to MSA columns:
# 222-250
name=unknown_E
#
# <colnr> <probs for GDERKNQSTAVLIFYWHMCP>
#	G	D	E	R	K	N	Q	S	T	A	V	L	I	F	Y	W	H	M	C	P
0	0.01370	0.01227	0.02091	0.01585	0.02007	0.01235	0.37278	0.02179	0.30798	0.10163	0.01571	0.01645	0.01153	0.00563	0.00567	0.00172	0.00639	0.00588	0.00409	0.02760
1	0.01089	0.00609	0.00798	0.00712	0.00898	0.00547	0.00547	0.01310	0.01437	0.19515	0.52581	0.06909	0.08944	0.01011	0.00596	0.00166	0.00294	0.00881	0.00580	0.00575
2	0.01489	0.01215	0.01286	0.01099	0.01428	0.01386	0.00871	0.23647	0.56315	0.02490	0.01874	0.01747	0.01391	0.00684	0.00527	0.00171	0.00458	0.00555	0.00527	0.00842
3	0.00643	0.00499	0.00585	0.00626	0.00736	0.00442	0.00446	0.00778	0.01161	0.01490	0.16450	0.34556	0.36930	0.01398	0.00634	0.00188	0.00276	0.01221	0.00498	0.00442
4	0.01289	0.01237	0.02114	0.03196	0.78450	0.01237	0.01598	0.01598	0.01186	0.01701	0.00980	0.01289	0.00825	0.00464	0.00516	0.00155	0.00619	0.00464	0.00258	0.00825
5	0.01300	0.60859	0.23069	0.01049	0.01581	0.01834	0.01167	0.01583	0.01069	0.01338	0.00780	0.00906	0.00666	0.00459	0.00377	0.00126	0.00614	0.00307	0.00222	0.00695
6	0.00715	0.00509	0.00592	0.00597	0.00657	0.00482	0.00385	0.00800	0.01009	0.01341	0.18532	0.12468	0.15894	0.41903	0.01649	0.00343	0.00386	0.00936	0.00418	0.00386
7	0.01219	0.01166	0.01988	0.20823	0.61368	0.01219	0.01564	0.01537	0.01153	0.01617	0.00967	0.01312	0.00795	0.00477	0.00517	0.00159	0.00636	0.00464	0.00252	0.00769
8	0.01611	0.01079	0.01219	0.01020	0.01326	0.01153	0.00817	0.36710	0.11789	0.13255	0.01850	0.15412	0.01600	0.00852	0.00551	0.00172	0.00469	0.04518	0.03834	0.00762
9	0.00757	0.00505	0.00568	0.00568	0.00568	0.00505	0.00316	0.00757	0.00757	0.01010	0.01641	0.03408	0.01893	0.81698	0.02651	0.00505	0.00505	0.00757	0.00316	0.00316
10	0.00648	0.00463	0.00620	0.00741	0.00777	0.00435	0.00507	0.00749	0.01011	0.01345	0.02863	0.76291	0.03414	0.01619	0.00668	0.00213	0.00314	0.06412	0.00483	0.00427
11	0.06200	0.01038	0.01216	0.00916	0.01341	0.00953	0.00749	0.18929	0.01519	0.27937	0.01367	0.01338	0.00960	0.00532	0.00459	0.00128	0.00449	0.00416	0.00470	0.33081
12	0.10503	0.01303	0.01712	0.07321	0.34547	0.03117	0.01236	0.29845	0.01626	0.02329	0.01047	0.01226	0.00808	0.00532	0.00496	0.00157	0.00591	0.00443	0.00362	0.00798
13	0.00675	0.00530	0.00611	0.00590	0.00740	0.00465	0.00443	0.00863	0.01328	0.01742	0.41157	0.04460	0.42147	0.01194	0.00615	0.00170	0.00255	0.01022	0.00528	0.00465
14	0.01963	0.01965	0.01520	0.01269	0.01612	0.40211	0.00998	0.39780	0.01967	0.02289	0.01030	0.01096	0.00779	0.00581	0.00496	0.00145	0.00754	0.00403	0.00396	0.00746
15	0.00948	0.00487	0.00494	0.00494	0.00603	0.00487	0.00359	0.01164	0.01056	0.01841	0.01693	0.02099	0.01395	0.09328	0.00610	0.00163	0.00271	0.00515	0.75525	0.00467
16	0.01289	0.01237	0.02114	0.03196	0.78450	0.01237	0.01598	0.01598	0.01186	0.01701	0.00980	0.01289	0.00825	0.00464	0.00516	0.00155	0.00619	0.00464	0.00258	0.00825
17	0.00727	0.00559	0.00685	0.00744	0.00886	0.00517	0.00612	0.00914	0.01200	0.01508	0.07410	0.07895	0.36823	0.01374	0.00666	0.00207	0.00366	0.35961	0.00486	0.00460
18	0.01695	0.01317	0.01403	0.01141	0.01506	0.01482	0.00921	0.45944	0.33681	0.02823	0.01612	0.01539	0.01179	0.00659	0.00525	0.00165	0.00506	0.00519	0.00525	0.00860
19	0.01295	0.01119	0.01178	0.01060	0.01354	0.01295	0.00824	0.02767	0.77509	0.02178	0.02120	0.01943	0.01590	0.00707	0.00530	0.00177	0.00412	0.00589	0.00530	0.00824
20	0.13145	0.01241	0.01527	0.01169	0.01580	0.01302	0.09289	0.38128	0.03406	0.21928	0.01378	0.01359	0.00948	0.00592	0.00506	0.00161	0.00548	0.00476	0.00497	0.00821
21	0.01284	0.01435	0.10362	0.02951	0.67710	0.03830	0.01614	0.01620	0.01186	0.01682	0.00969	0.01257	0.00802	0.00470	0.00512	0.00155	0.00646	0.00451	0.00254	0.00812
22	0.00670	0.00468	0.00594	0.00680	0.00701	0.00447	0.00435	0.00734	0.00928	0.01237	0.02517	0.58944	0.02998	0.24654	0.01236	0.00296	0.00360	0.01273	0.00435	0.00392
23	0.01300	0.01350	0.01100	0.01101	0.01285	0.30932	0.00886	0.04785	0.01347	0.01510	0.01950	0.08844	0.02042	0.01070	0.00611	0.00194	0.00648	0.38106	0.00401	0.00541
24	0.01126	0.18878	0.54972	0.05669	0.06265	0.01384	0.01668	0.01611	0.01093	0.01548	0.00893	0.01071	0.00672	0.00484	0.00464	0.00154	0.00714	0.00371	0.00223	0.00742
25	0.00948	0.00724	0.00923	0.00839	0.00925	0.00866	0.00666	0.01166	0.02821	0.01670	0.17399	0.02267	0.05376	0.02664	0.05927	0.00221	0.25851	0.00611	0.27624	0.00514
26	0.00757	0.00505	0.00568	0.00568	0.00568	0.00505	0.00316	0.00757	0.00757	0.01010	0.01641	0.03408	0.01893	0.81698	0.02651	0.00505	0.00505	0.00757	0.00316	0.00316
27	0.01408	0.01307	0.01570	0.01305	0.01558	0.08012	0.09091	0.11383	0.30697	0.03618	0.01388	0.01489	0.01082	0.00708	0.00858	0.00184	0.22695	0.00517	0.00397	0.00731
28	0.01050	0.14299	0.59176	0.01293	0.01950	0.01254	0.01606	0.01539	0.01103	0.01560	0.01370	0.01481	0.09005	0.00576	0.00484	0.00158	0.00683	0.00446	0.00249	0.00719

[dist]
# distance from previous block
# <min> <max>
0	1

[block]
# block no. 5 follows, 47 sequences, length 25
# corresponding to MSA columns:
# 252-276
name=unknown_F
#
# <colnr> <probs for GDERKNQSTAVLIFYWHMCP>
#	G	D	E	R	K	N	Q	S	T	A	V	L	I	F	Y	W	H	M	C	P
0	0.01392	0.82012	0.02729	0.00891	0.01337	0.02061	0.00891	0.01559	0.01058	0.01225	0.00724	0.00835	0.00668	0.00446	0.00334	0.00111	0.00557	0.00278	0.00223	0.00668
1	0.01028	0.00801	0.00998	0.00874	0.01104	0.00821	0.05686	0.01679	0.27052	0.05545	0.25786	0.03027	0.15837	0.00894	0.00564	0.00168	0.00356	0.00777	0.06376	0.00627
2	0.00994	0.00936	0.01580	0.77856	0.06098	0.01160	0.01451	0.01340	0.01046	0.01343	0.00927	0.01385	0.00699	0.00519	0.00520	0.00173	0.00692	0.00463	0.00232	0.00587
3	0.01058	0.00980	0.01610	0.67037	0.11549	0.01173	0.01425	0.04337	0.01113	0.01457	0.00944	0.01365	0.00718	0.00515	0.00517	0.00168	0.00674	0.00459	0.00248	0.02653
4	0.01144	0.01090	0.01852	0.39830	0.42948	0.01199	0.01526	0.01471	0.01117	0.01526	0.00954	0.01336	0.00763	0.00491	0.00518	0.00164	0.00654	0.00463	0.00245	0.00708
5	0.04965	0.01846	0.01499	0.01309	0.01502	0.40953	0.01033	0.09807	0.01321	0.01525	0.00808	0.01039	0.00694	0.00675	0.00901	0.00170	0.28660	0.00390	0.00284	0.00621
6	0.01213	0.44300	0.35367	0.01135	0.01705	0.01625	0.01316	0.01572	0.01095	0.01446	0.04307	0.01086	0.00856	0.00495	0.00416	0.00137	0.00634	0.00354	0.00237	0.00704
7	0.00632	0.00465	0.00593	0.00695	0.00747	0.00426	0.00470	0.00729	0.01026	0.01341	0.03236	0.69750	0.14817	0.01584	0.00657	0.00206	0.00296	0.01422	0.00483	0.00426
8	0.33705	0.01049	0.01403	0.22601	0.24948	0.01166	0.01118	0.01547	0.01047	0.05616	0.00920	0.01168	0.00712	0.00495	0.00443	0.00162	0.00547	0.00396	0.00295	0.00662
9	0.00757	0.00505	0.00568	0.00568	0.00568	0.00505	0.00316	0.00757	0.00757	0.01010	0.01641	0.03408	0.01893	0.81698	0.02651	0.00505	0.00505	0.00757	0.00316	0.00316
10	0.01392	0.82012	0.02729	0.00891	0.01337	0.02061	0.00891	0.01559	0.01058	0.01225	0.00724	0.00835	0.00668	0.00446	0.00334	0.00111	0.00557	0.00278	0.00223	0.00668
11	0.01456	0.76578	0.02627	0.00893	0.01336	0.01974	0.00883	0.01625	0.01087	0.06422	0.00813	0.00898	0.00710	0.00459	0.00347	0.00115	0.00549	0.00295	0.00251	0.00683
12	0.00757	0.00505	0.00568	0.00568	0.00568	0.00505	0.00316	0.00757	0.00757	0.01010	0.01641	0.03408	0.01893	0.81698	0.02651	0.00505	0.00505	0.00757	0.00316	0.00316
13	0.01738	0.01222	0.01340	0.01096	0.01457	0.01344	0.00883	0.33032	0.34929	0.14548	0.01753	0.01633	0.01254	0.00664	0.00525	0.00166	0.00483	0.00530	0.00544	0.00859
14	0.01017	0.00960	0.01623	0.71882	0.11887	0.01166	0.01463	0.01360	0.01057	0.01372	0.00932	0.01377	0.00709	0.00514	0.00520	0.00171	0.00686	0.00463	0.00234	0.00606
15	0.00642	0.00456	0.00602	0.00716	0.00745	0.00428	0.00474	0.00727	0.00983	0.01311	0.02799	0.76868	0.03355	0.06244	0.00779	0.00228	0.00314	0.01439	0.00474	0.00417
16	0.00744	0.00558	0.00837	0.00837	0.00930	0.00651	0.00651	0.00930	0.00837	0.01209	0.01395	0.02046	0.01302	0.03906	0.79635	0.00837	0.01395	0.00558	0.00279	0.00465
17	0.01174	0.01297	0.02732	0.19854	0.02917	0.01281	0.59608	0.01592	0.01187	0.01592	0.01025	0.01401	0.00769	0.00457	0.00593	0.00175	0.00836	0.00580	0.00256	0.00674
18	0.01274	0.01271	0.01932	0.20857	0.54645	0.07886	0.01513	0.01577	0.01177	0.01580	0.00952	0.01282	0.00782	0.00483	0.00513	0.00157	0.00663	0.00453	0.00253	0.00749
19	0.00640	0.00456	0.00603	0.00718	0.00747	0.00427	0.00476	0.00727	0.00986	0.01314	0.02813	0.77718	0.03372	0.05371	0.00757	0.00225	0.00312	0.01447	0.00476	0.00418
20	0.00659	0.00498	0.00615	0.00695	0.00784	0.00454	0.00505	0.00787	0.01095	0.01404	0.05488	0.45652	0.26389	0.01495	0.00656	0.00203	0.00313	0.11386	0.00485	0.00438
21	0.00881	0.00804	0.01052	0.01001	0.01140	0.07346	0.10429	0.01128	0.06417	0.01457	0.04242	0.53205	0.02750	0.01297	0.00634	0.00198	0.00446	0.04626	0.00442	0.00507
22	0.01229	0.00968	0.01116	0.00843	0.01254	0.00839	0.00674	0.09985	0.08273	0.05431	0.07694	0.01448	0.01235	0.00511	0.00440	0.00106	0.00400	0.00416	0.00390	0.56747
23	0.01406	0.01262	0.01219	0.00964	0.01337	0.16811	0.02119	0.07942	0.02728	0.08003	0.07104	0.01431	0.02502	0.00543	0.00478	0.00117	0.01975	0.00421	0.00371	0.41265
24	0.20436	0.01687	0.01254	0.01097	0.01409	0.34836	0.00854	0.09183	0.12796	0.09946	0.01156	0.01185	0.00869	0.00570	0.00456	0.00151	0.00655	0.00394	0.00383	0.00684

[dist]
# distance from previous block
# <min> <max>
11	25

[block]
# block no. 6 follows, 47 sequences, length 22
# corresponding to MSA columns:
# 302-323
name=unknown_G
#
# <colnr> <probs for GDERKNQSTAVLIFYWHMCP>
#	G	D	E	R	K	N	Q	S	T	A	V	L	I	F	Y	W	H	M	C	P
0	0.01551	0.59218	0.02370	0.01020	0.01415	0.24286	0.00924	0.01708	0.01178	0.01239	0.00747	0.00865	0.00669	0.00472	0.00373	0.00118	0.00666	0.00295	0.00236	0.00650
1	0.42187	0.01276	0.03997	0.01416	0.09553	0.05864	0.18896	0.01625	0.03114	0.01964	0.00877	0.01084	0.00689	0.00504	0.00507	0.00166	0.04941	0.00404	0.00296	0.00640
2	0.01162	0.01491	0.13705	0.02044	0.09519	0.01232	0.50058	0.01578	0.01181	0.01635	0.01170	0.05600	0.00983	0.00559	0.00627	0.00178	0.03178	0.03131	0.00274	0.00698
3	0.01145	0.00996	0.01033	0.00941	0.01192	0.03527	0.00726	0.02218	0.53726	0.02048	0.15238	0.02585	0.10747	0.00830	0.00552	0.00173	0.00384	0.00698	0.00524	0.00718
4	0.00737	0.00532	0.00696	0.00655	0.00778	0.00491	0.00491	0.00983	0.01474	0.02088	0.78175	0.03890	0.04914	0.01065	0.00614	0.00164	0.00246	0.00942	0.00573	0.00491
5	0.01268	0.01090	0.01384	0.32549	0.02276	0.01285	0.01094	0.12562	0.36676	0.01997	0.01524	0.01626	0.01136	0.00621	0.00525	0.00173	0.00547	0.00522	0.00410	0.00735
6	0.00886	0.00659	0.00887	0.00814	0.01015	0.00562	0.03868	0.01040	0.01059	0.05658	0.02166	0.49587	0.02414	0.01154	0.00572	0.00167	0.00360	0.01041	0.00430	0.25661
7	0.01254	0.01065	0.01820	0.14006	0.15472	0.02543	0.21636	0.03021	0.03605	0.11290	0.05280	0.09591	0.05656	0.00692	0.00569	0.00172	0.00609	0.00672	0.00367	0.00681
8	0.01108	0.02564	0.71110	0.01499	0.02237	0.01238	0.05136	0.06077	0.01185	0.01746	0.00958	0.01122	0.00679	0.00500	0.00502	0.00165	0.00763	0.00400	0.00240	0.00774
9	0.00725	0.00491	0.00577	0.00609	0.00617	0.00484	0.00359	0.00749	0.00820	0.01093	0.01961	0.23732	0.02298	0.60823	0.02133	0.00428	0.00452	0.00946	0.00359	0.00344
10	0.01176	0.01281	0.08021	0.13231	0.30407	0.01172	0.25098	0.01548	0.01163	0.01660	0.01065	0.01392	0.00835	0.00481	0.00530	0.00161	0.00684	0.00507	0.08873	0.00713
11	0.01174	0.01203	0.02004	0.35947	0.19173	0.05701	0.18100	0.01534	0.02857	0.01497	0.00973	0.01344	0.00762	0.00517	0.00602	0.00171	0.05032	0.00492	0.00253	0.00665
12	0.00757	0.00505	0.00568	0.00568	0.00568	0.00505	0.00316	0.00757	0.00757	0.01010	0.01641	0.03408	0.01893	0.81698	0.02651	0.00505	0.00505	0.00757	0.00316	0.00316
13	0.00634	0.00453	0.00604	0.00725	0.00755	0.00423	0.00483	0.00725	0.00997	0.01329	0.02870	0.81358	0.03444	0.01632	0.00665	0.00211	0.00302	0.01480	0.00483	0.00423
14	0.01124	0.05853	0.25605	0.01169	0.01581	0.01084	0.05180	0.01810	0.22924	0.05611	0.03398	0.14852	0.01647	0.00810	0.00547	0.00178	0.00541	0.04985	0.00398	0.00702
15	0.01351	0.03024	0.01747	0.01709	0.19208	0.05811	0.14833	0.08255	0.19640	0.05954	0.04162	0.01905	0.08736	0.00647	0.00544	0.00164	0.00575	0.00590	0.00399	0.00746
16	0.01127	0.07167	0.66371	0.01379	0.02078	0.01201	0.01730	0.01666	0.01137	0.06190	0.04488	0.01250	0.00890	0.00527	0.00492	0.00161	0.00714	0.00412	0.00261	0.00758
17	0.01229	0.01405	0.03073	0.02195	0.02722	0.01317	0.76558	0.01668	0.01229	0.01668	0.01054	0.01405	0.00790	0.00439	0.00615	0.00176	0.00878	0.00615	0.00263	0.00702
18	0.03499	0.03767	0.01724	0.27867	0.02298	0.11977	0.12786	0.04008	0.01118	0.01459	0.00964	0.02935	0.00808	0.00776	0.04652	0.00208	0.15815	0.00483	0.02254	0.00601
19	0.01271	0.42722	0.36243	0.01169	0.01756	0.01662	0.01351	0.05677	0.01152	0.01523	0.00845	0.00974	0.00676	0.00477	0.00415	0.00137	0.00651	0.00336	0.00238	0.00725
20	0.08626	0.08383	0.06972	0.00948	0.03019	0.04645	0.02454	0.04470	0.01222	0.11518	0.10581	0.16754	0.06333	0.00961	0.03535	0.00185	0.00489	0.00703	0.00415	0.07789
21	0.04200	0.01574	0.14567	0.04724	0.05311	0.16781	0.03317	0.13312	0.05910	0.01840	0.01560	0.04208	0.03059	0.00782	0.00551	0.00176	0.00647	0.16447	0.00370	0.00665

[dist]
# distance from previous block
# <min> <max>
4	25

[block]
# block no. 7 follows, 47 sequences, length 27
# corresponding to MSA columns:
# 350-363,365-377
name=unknown_H
#
# <colnr> <probs for GDERKNQSTAVLIFYWHMCP>
#	G	D	E	R	K	N	Q	S	T	A	V	L	I	F	Y	W	H	M	C	P
0	0.07090	0.01520	0.16136	0.01447	0.09279	0.08384	0.07821	0.04484	0.07183	0.22826	0.01312	0.01372	0.00936	0.00586	0.00606	0.00167	0.07235	0.00464	0.00389	0.00764
1	0.01682	0.01030	0.01208	0.01029	0.02791	0.01072	0.00807	0.22259	0.18118	0.24910	0.03353	0.02200	0.03022	0.08009	0.00733	0.00200	0.00476	0.05794	0.00533	0.00775
2	0.00876	0.00590	0.00697	0.00645	0.00827	0.00528	0.00492	0.01115	0.04176	0.09960	0.36492	0.04066	0.35353	0.01114	0.00602	0.00169	0.00280	0.00951	0.00541	0.00524
3	0.02115	0.01201	0.01398	0.01076	0.01484	0.01237	0.00888	0.42429	0.04133	0.36054	0.01624	0.01496	0.01081	0.00636	0.00522	0.00159	0.00512	0.00496	0.00575	0.00884
4	0.10531	0.01552	0.01515	0.01570	0.17582	0.20445	0.01048	0.23494	0.10075	0.05482	0.01161	0.01239	0.00882	0.00565	0.00488	0.00154	0.00631	0.00431	0.00390	0.00764
5	0.00749	0.00501	0.00571	0.00579	0.00581	0.00499	0.00328	0.00755	0.00774	0.01033	0.01729	0.08983	0.02004	0.75972	0.02509	0.00484	0.00490	0.00809	0.00328	0.00323
6	0.00646	0.00537	0.00570	0.00586	0.00754	0.00461	0.00455	0.00792	0.01189	0.01427	0.04937	0.05128	0.68109	0.01335	0.00629	0.00184	0.00293	0.11040	0.00483	0.00445
7	0.01209	0.01225	0.01623	0.58157	0.05665	0.13290	0.04120	0.05846	0.01202	0.01460	0.00932	0.01308	0.00710	0.00524	0.00516	0.00166	0.00729	0.00449	0.00256	0.00613
8	0.01310	0.63357	0.20667	0.01031	0.01552	0.01860	0.01134	0.01580	0.01068	0.01325	0.00774	0.00897	0.00666	0.00457	0.00372	0.00124	0.00607	0.00303	0.00222	0.00692
9	0.00749	0.00517	0.00640	0.00645	0.00671	0.00540	0.00410	0.00801	0.00788	0.01075	0.01625	0.06169	0.01800	0.58037	0.22816	0.00580	0.00731	0.00734	0.00313	0.00359
10	0.00678	0.00519	0.00622	0.00620	0.00748	0.00463	0.00456	0.00860	0.01300	0.01731	0.40857	0.15965	0.30812	0.01241	0.00622	0.00175	0.00261	0.01079	0.00528	0.00463
11	0.01210	0.01542	0.11145	0.02119	0.02672	0.01306	0.68624	0.01666	0.01215	0.01666	0.01041	0.01372	0.00776	0.00445	0.00602	0.00174	0.00866	0.00590	0.00259	0.00710
12	0.01392	0.82012	0.02729	0.00891	0.01337	0.02061	0.00891	0.01559	0.01058	0.01225	0.00724	0.00835	0.00668	0.00446	0.00334	0.00111	0.00557	0.00278	0.00223	0.00668
