[name]
unknown

[dist]
# distance from previous block
# <min> <max>
0	41

[block]
# block no. 0 follows, 52 sequences, length 93
# corresponding to MSA columns:
# 41-133
name=unknown_A
#
# <colnr> <probs for GDERKNQSTAVLIFYWHMCP>
#	G	D	E	R	K	N	Q	S	T	A	V	L	I	F	Y	W	H	M	C	P
0	0.01331	0.01355	0.16171	0.01132	0.05228	0.03067	0.00999	0.26392	0.13435	0.05688	0.03331	0.01803	0.06794	0.00648	0.00491	0.00151	0.00506	0.04951	0.00405	0.06122
1	0.01284	0.01127	0.01811	0.02583	0.64760	0.01137	0.01347	0.06015	0.05909	0.06305	0.01114	0.01317	0.02126	0.00477	0.00483	0.00146	0.00547	0.00452	0.00294	0.00768
2	0.01506	0.06009	0.01347	0.01037	0.01372	0.01385	0.00842	0.37698	0.38822	0.02452	0.01520	0.01448	0.01125	0.00608	0.00479	0.00152	0.00461	0.00479	0.00472	0.00785
3	0.01563	0.00757	0.00946	0.00777	0.01022	0.00719	0.00596	0.08031	0.05954	0.40989	0.07587	0.02196	0.01597	0.23837	0.01051	0.00241	0.00423	0.00577	0.00493	0.00644
4	0.01903	0.00922	0.01218	0.04938	0.05978	0.00889	0.00814	0.12343	0.07061	0.53985	0.01726	0.03535	0.01167	0.00609	0.00490	0.00152	0.00444	0.00501	0.00533	0.00793
5	0.01106	0.16463	0.48934	0.01294	0.01881	0.01221	0.10570	0.01540	0.01069	0.06104	0.04721	0.01176	0.00855	0.00480	0.00454	0.00146	0.00652	0.00399	0.00249	0.00686
6	0.01199	0.01151	0.01967	0.02974	0.79946	0.01151	0.01487	0.01487	0.01103	0.01583	0.00912	0.01199	0.00768	0.00432	0.00480	0.00144	0.00576	0.00432	0.00240	0.00768
7	0.00848	0.00787	0.01154	0.01050	0.01177	0.05348	0.13747	0.01012	0.00990	0.01306	0.01967	0.40157	0.02207	0.02496	0.00769	0.00198	0.11402	0.12545	0.00369	0.00472
8	0.01863	0.00847	0.01209	0.07401	0.09502	0.00782	0.00827	0.03410	0.01340	0.59043	0.07243	0.01707	0.01345	0.00601	0.00492	0.00150	0.00437	0.00504	0.00526	0.00770
9	0.01031	0.15828	0.65605	0.01330	0.03907	0.01257	0.01624	0.01520	0.01019	0.01471	0.00838	0.00987	0.00619	0.00452	0.00436	0.00145	0.00680	0.00344	0.00206	0.00702
10	0.00915	0.00861	0.01453	0.81804	0.03338	0.01077	0.01346	0.01238	0.00969	0.01238	0.00861	0.01292	0.00646	0.00484	0.00484	0.00161	0.00646	0.00431	0.00215	0.00538
11	0.01009	0.00881	0.01426	0.02025	0.43960	0.00881	0.01165	0.01267	0.01109	0.01523	0.01666	0.03144	0.01689	0.00845	0.00566	0.00180	0.00517	0.35192	0.00334	0.00621
12	0.01804	0.01321	0.24339	0.01016	0.01489	0.00843	0.01029	0.02124	0.02753	0.55755	0.01608	0.01469	0.01033	0.00560	0.00480	0.00151	0.00501	0.00451	0.00482	0.00792
13	0.00959	0.00906	0.01532	0.69763	0.15040	0.01088	0.01367	0.01276	0.00990	0.01291	0.00869	0.01278	0.00665	0.00476	0.00484	0.00159	0.00635	0.00431	0.00219	0.00573
14	0.00595	0.00425	0.00567	0.00680	0.00709	0.00397	0.00457	0.00682	0.00932	0.01242	0.02669	0.80963	0.03196	0.01514	0.00620	0.00197	0.00285	0.03026	0.00450	0.00395
15	0.01026	0.00980	0.01475	0.17476	0.39164	0.05556	0.01162	0.01257	0.01041	0.01398	0.01320	0.21300	0.01334	0.00724	0.00540	0.00161	0.02529	0.00658	0.00287	0.00613
16	0.01357	0.10033	0.21542	0.01551	0.12630	0.21425	0.10541	0.08517	0.05019	0.01575	0.00918	0.01070	0.00714	0.00476	0.00459	0.00141	0.00696	0.00389	0.00265	0.00679
17	0.00590	0.00422	0.00562	0.00675	0.00703	0.00394	0.00450	0.00675	0.00928	0.01237	0.02671	0.82653	0.03205	0.01518	0.00619	0.00197	0.00281	0.01378	0.00450	0.00394
18	0.01060	0.01060	0.01484	0.01272	0.01272	0.01484	0.01060	0.01166	0.00742	0.01166	0.00636	0.01060	0.00636	0.00848	0.01590	0.00212	0.82082	0.00424	0.00212	0.00530
19	0.05289	0.01113	0.01566	0.01986	0.39566	0.05944	0.05631	0.01675	0.18603	0.01653	0.01341	0.07912	0.01182	0.00610	0.00496	0.00156	0.00526	0.03730	0.00326	0.00693
20	0.01145	0.01016	0.01930	0.03773	0.19484	0.00969	0.33250	0.01436	0.01132	0.09941	0.04964	0.14570	0.01400	0.00658	0.00549	0.00163	0.00595	0.02054	0.00331	0.00640
21	0.00915	0.00861	0.01453	0.81804	0.03338	0.01077	0.01346	0.01238	0.00969	0.01238	0.00861	0.01292	0.00646	0.00484	0.00484	0.00161	0.00646	0.00431	0.00215	0.00538
22	0.01451	0.01749	0.02080	0.01620	0.01988	0.37601	0.38515	0.01786	0.05734	0.01413	0.00932	0.01139	0.00727	0.00464	0.00506	0.00146	0.00818	0.00452	0.00261	0.00618
23	0.01032	0.02365	0.74106	0.01331	0.02016	0.01086	0.01697	0.01564	0.01046	0.06062	0.01020	0.01140	0.02415	0.00486	0.00464	0.00153	0.00688	0.00380	0.00233	0.00716
24	0.02174	0.00825	0.01125	0.00862	0.01237	0.00712	0.00712	0.02362	0.01387	0.80282	0.01912	0.01649	0.01200	0.00600	0.00487	0.00150	0.00412	0.00487	0.00600	0.00825
25	0.00915	0.00861	0.01453	0.81804	0.03338	0.01077	0.01346	0.01238	0.00969	0.01238	0.00861	0.01292	0.00646	0.00484	0.00484	0.00161	0.00646	0.00431	0.00215	0.00538
26	0.01460	0.01233	0.01185	0.01111	0.05804	0.16631	0.00817	0.03945	0.40500	0.14362	0.06462	0.01664	0.01404	0.00623	0.00485	0.00152	0.00488	0.00503	0.00450	0.00718
27	0.01374	0.16597	0.02207	0.01441	0.01827	0.01470	0.30968	0.24758	0.01409	0.01884	0.00937	0.01135	0.00729	0.00515	0.00620	0.00153	0.10531	0.00454	0.00307	0.00684
28	0.01810	0.02310	0.01373	0.01248	0.01498	0.81024	0.00936	0.01935	0.01373	0.01186	0.00749	0.00874	0.00624	0.00499	0.00437	0.00125	0.00874	0.00312	0.00250	0.00562
29	0.01106	0.01137	0.01477	0.01271	0.01286	0.06378	0.01053	0.01214	0.00781	0.01167	0.00643	0.01049	0.00635	0.00827	0.01519	0.00207	0.77086	0.00417	0.00214	0.00532
30	0.01280	0.01301	0.02352	0.01797	0.05297	0.05926	0.50259	0.06720	0.01190	0.06111	0.00982	0.01253	0.00749	0.00498	0.00690	0.00165	0.11975	0.00517	0.00277	0.00657
31	0.00972	0.02507	0.80458	0.01381	0.02097	0.01125	0.01790	0.01535	0.01023	0.01535	0.00870	0.01023	0.00614	0.00460	0.00460	0.00153	0.00716	0.00358	0.00205	0.00716
32	0.00686	0.00495	0.00648	0.00610	0.00724	0.00457	0.00457	0.00914	0.01372	0.01943	0.79691	0.03620	0.04572	0.00991	0.00572	0.00152	0.00229	0.00876	0.00533	0.00457
33	0.00720	0.00592	0.00789	0.00928	0.12799	0.00544	0.00581	0.00916	0.01222	0.01638	0.38248	0.05327	0.31871	0.01004	0.00559	0.00156	0.00289	0.00874	0.00456	0.00485
34	0.02025	0.00875	0.01253	0.01185	0.13260	0.00779	0.00831	0.02228	0.01344	0.68260	0.01759	0.01581	0.01134	0.00574	0.00486	0.00149	0.00437	0.00479	0.00545	0.00816
35	0.00972	0.02507	0.80458	0.01381	0.02097	0.01125	0.01790	0.01535	0.01023	0.01535	0.00870	0.01023	0.00614	0.00460	0.00460	0.00153	0.00716	0.00358	0.00205	0.00716
36	0.01176	0.60681	0.02123	0.00867	0.01187	0.01635	0.00822	0.01338	0.00991	0.01219	0.05493	0.01435	0.01070	0.00639	0.01975	0.00141	0.08865	0.07510	0.00250	0.00583
37	0.01633	0.03314	0.35627	0.01087	0.01611	0.00917	0.01183	0.01983	0.01220	0.44376	0.01433	0.01359	0.00933	0.00535	0.00472	0.00150	0.00547	0.00426	0.00420	0.00773
38	0.00915	0.00861	0.01453	0.81804	0.03338	0.01077	0.01346	0.01238	0.00969	0.01238	0.00861	0.01292	0.00646	0.00484	0.00484	0.00161	0.00646	0.00431	0.00215	0.00538
39	0.01213	0.01200	0.01921	0.02733	0.67990	0.05811	0.05132	0.01495	0.01122	0.01552	0.00981	0.01381	0.00850	0.00476	0.00490	0.00147	0.00599	0.03921	0.00250	0.00735
40	0.01235	0.01157	0.01810	0.02570	0.63303	0.02447	0.01353	0.06085	0.08507	0.01693	0.01053	0.01337	0.00876	0.00491	0.00509	0.00149	0.02320	0.02067	0.00282	0.00756
41	0.00590	0.00422	0.00562	0.00675	0.00703	0.00394	0.00450	0.00675	0.00928	0.01237	0.02671	0.82653	0.03205	0.01518	0.00619	0.00197	0.00281	0.01378	0.00450	0.00394
42	0.01005	0.00861	0.01005	0.00718	0.01148	0.00646	0.00574	0.01220	0.01005	0.01579	0.00861	0.01005	0.00718	0.00359	0.00359	0.00072	0.00359	0.00287	0.00287	0.85932
43	0.01699	0.01357	0.01468	0.01627	0.25105	0.21236	0.01024	0.08427	0.06200	0.25129	0.01256	0.01286	0.00909	0.00526	0.00472	0.00142	0.00587	0.00426	0.00386	0.00737
44	0.01810	0.02310	0.01373	0.01248	0.01498	0.81024	0.00936	0.01935	0.01373	0.01186	0.00749	0.00874	0.00624	0.00499	0.00437	0.00125	0.00874	0.00312	0.00250	0.00562
45	0.00830	0.00425	0.00623	0.00623	0.00623	0.00425	0.00410	0.00637	0.00637	0.00850	0.00898	0.01613	0.00918	0.08399	0.01941	0.78843	0.00425	0.00444	0.00217	0.00217
46	0.01027	0.06193	0.73068	0.01350	0.02029	0.05025	0.01705	0.01550	0.01038	0.01500	0.00855	0.01005	0.00615	0.00460	0.00452	0.00150	0.00715	0.00351	0.00207	0.00704
47	0.01875	0.00862	0.01082	0.00847	0.01192	0.00796	0.00694	0.14648	0.01491	0.55470	0.02246	0.02030	0.13137	0.00693	0.00500	0.00151	0.00407	0.00561	0.00558	0.00761
48	0.00915	0.00861	0.01453	0.81804	0.03338	0.01077	0.01346	0.01238	0.00969	0.01238	0.00861	0.01292	0.00646	0.00484	0.00484	0.00161	0.00646	0.00431	0.00215	0.00538
49	0.01158	0.01183	0.02231	0.08722	0.45108	0.01173	0.28798	0.01509	0.02405	0.01553	0.00950	0.01255	0.00759	0.00431	0.00513	0.00153	0.00664	0.00484	0.00244	0.00709
50	0.00962	0.00941	0.01689	0.66420	0.06325	0.01102	0.13089	0.01296	0.01001	0.01300	0.00882	0.01291	0.00665	0.00471	0.00498	0.00161	0.00669	0.00452	0.00221	0.00565
51	0.01152	0.01283	0.02723	0.02185	0.14358	0.01214	0.66470	0.01542	0.01138	0.01557	0.00970	0.01291	0.00740	0.00412	0.00558	0.00160	0.00780	0.00550	0.00244	0.00671
52	0.02174	0.00825	0.01125	0.00862	0.01237	0.00712	0.00712	0.02362	0.01387	0.80282	0.01912	0.01649	0.01200	0.00600	0.00487	0.00150	0.00412	0.00487	0.00600	0.00825
53	0.01050	0.22069	0.61583	0.01247	0.01891	0.01317	0.01558	0.01514	0.01014	0.01439	0.00822	0.00964	0.00616	0.00449	0.00424	0.00141	0.00668	0.00334	0.00205	0.00693
54	0.00842	0.00421	0.00631	0.00631	0.00631	0.00421	0.00421	0.00631	0.00631	0.00842	0.00842	0.01473	0.00842	0.01684	0.01894	0.85901	0.00421	0.00421	0.00210	0.00210
55	0.00587	0.00436	0.00547	0.00636	0.00693	0.00397	0.00432	0.00679	0.00965	0.01252	0.03147	0.66066	0.19484	0.01456	0.00609	0.00190	0.00274	0.01302	0.00450	0.00397
56	0.00621	0.00482	0.00573	0.00629	0.00739	0.00434	0.00476	0.00753	0.01055	0.01324	0.04991	0.29515	0.39242	0.01337	0.00606	0.00186	0.00296	0.15879	0.00451	0.00412
57	0.12103	0.09474	0.01358	0.01160	0.13231	0.00968	0.00825	0.03720	0.01254	0.48863	0.01464	0.01375	0.00984	0.00536	0.00445	0.00144	0.00446	0.00427	0.00465	0.00759
58	0.01296	0.83261	0.02539	0.00829	0.01244	0.01917	0.00829	0.01451	0.00985	0.01140	0.00674	0.00777	0.00622	0.00415	0.00311	0.00104	0.00518	0.00259	0.00207	0.00622
59	0.01066	0.23744	0.23077	0.01283	0.13386	0.01199	0.01106	0.06187	0.01116	0.01515	0.07300	0.14373	0.01381	0.00664	0.00458	0.00145	0.00521	0.00552	0.00294	0.00633
60	0.01386	0.01137	0.01820	0.02527	0.61906	0.02826	0.02563	0.04649	0.01199	0.13653	0.01072	0.01261	0.00832	0.00464	0.00482	0.00145	0.00559	0.00440	0.00305	0.00772
61	0.06930	0.00990	0.01174	0.01009	0.05860	0.08318	0.00768	0.02216	0.01337	0.63727	0.01673	0.01500	0.01081	0.00572	0.00471	0.00147	0.00463	0.00455	0.00528	0.00779
62	0.00933	0.00880	0.01487	0.76731	0.08268	0.01081	0.01355	0.01254	0.00978	0.01260	0.00865	0.01286	0.00654	0.00481	0.00484	0.00160	0.00641	0.00431	0.00217	0.00553
63	0.01411	0.09278	0.27374	0.01137	0.03236	0.02691	0.01133	0.11859	0.16822	0.17091	0.01335	0.02396	0.00967	0.00553	0.00463	0.00149	0.00543	0.00436	0.00380	0.00746
64	0.01217	0.19239	0.52365	0.01189	0.01791	0.01231	0.01429	0.01639	0.01069	0.13074	0.00982	0.01064	0.00702	0.00471	0.00433	0.00142	0.00630	0.00356	0.00264	0.00712
65	0.02087	0.00805	0.01097	0.00847	0.01207	0.00697	0.00697	0.02277	0.01386	0.75688	0.06473	0.01765	0.01397	0.00623	0.00492	0.00150	0.00402	0.00510	0.00596	0.00803
66	0.01128	0.01756	0.34404	0.01836	0.17448	0.01184	0.22470	0.06014	0.05946	0.01667	0.00993	0.01192	0.00743	0.00460	0.00498	0.00155	0.00685	0.00447	0.00256	0.00719
67	0.01627	0.01434	0.26149	0.01203	0.03407	0.00950	0.08771	0.04977	0.03965	0.40342	0.01444	0.01396	0.00956	0.00535	0.00487	0.00153	0.00555	0.00454	0.00425	0.00770
68	0.01510	0.01347	0.10196	0.01930	0.33495	0.09316	0.08219	0.03302	0.01227	0.22914	0.01173	0.01278	0.00852	0.00488	0.00484	0.00146	0.00599	0.00439	0.00340	0.00747
69	0.86392	0.00937	0.00712	0.00637	0.00937	0.01087	0.00525	0.01425	0.00825	0.02174	0.00675	0.00787	0.00525	0.00450	0.00300	0.00150	0.00375	0.00262	0.00300	0.00525
70	0.00896	0.00789	0.01268	0.01743	0.35767	0.00771	0.03154	0.01097	0.01043	0.01427	0.01965	0.31017	0.06500	0.00970	0.00559	0.00174	0.00443	0.09493	0.00351	0.00573
71	0.01296	0.83261	0.02539	0.00829	0.01244	0.01917	0.00829	0.01451	0.00985	0.01140	0.00674	0.00777	0.00622	0.00415	0.00311	0.00104	0.00518	0.00259	0.00207	0.00622
72	0.00692	0.00519	0.00779	0.00779	0.00865	0.00606	0.00606	0.00865	0.00779	0.01125	0.01298	0.01904	0.01211	0.03634	0.81049	0.00779	0.01298	0.00519	0.00260	0.00433
73	0.01318	0.29940	0.27903	0.01159	0.01627	0.19269	0.03116	0.05006	0.02476	0.01391	0.00806	0.00933	0.00646	0.00468	0.00429	0.00131	0.02168	0.00327	0.00234	0.00650
74	0.00915	0.00861	0.01453	0.81804	0.03338	0.01077	0.01346	0.01238	0.00969	0.01238	0.00861	0.01292	0.00646	0.00484	0.00484	0.00161	0.00646	0.00431	0.00215	0.00538
75	0.00671	0.00485	0.00626	0.00645	0.00729	0.00455	0.00461	0.02699	0.01190	0.01641	0.42214	0.36833	0.05743	0.02544	0.00620	0.00176	0.00263	0.01077	0.00491	0.00436
76	0.01197	0.01158	0.02008	0.02932	0.76423	0.01155	0.04978	0.01490	0.01105	0.01582	0.00915	0.01204	0.00766	0.00431	0.00484	0.00145	0.00587	0.00438	0.00240	0.00762
77	0.00628	0.00449	0.00606	0.00718	0.00763	0.00426	0.00516	0.00740	0.00965	0.01280	0.02650	0.67286	0.03122	0.01482	0.00629	0.00202	0.00314	0.16371	0.00449	0.00404
78	0.00630	0.00467	0.00629	0.00723	0.00755	0.00467	0.00506	0.00724	0.00929	0.01247	0.02547	0.73062	0.03031	0.01468	0.00678	0.00199	0.05000	0.06098	0.00436	0.00405
79	0.01396	0.03875	0.21222	0.01557	0.11748	0.25609	0.09299	0.09273	0.01262	0.02847	0.00874	0.01051	0.00682	0.00505	0.00551	0.00147	0.06787	0.00388	0.00262	0.00665
80	0.00677	0.00495	0.00636	0.00601	0.00719	0.00454	0.00451	0.00898	0.01352	0.01896	0.74078	0.03698	0.10214	0.01008	0.00572	0.00153	0.00230	0.00887	0.00527	0.00454
81	0.01806	0.01339	0.01434	0.01108	0.01489	0.01486	0.00912	0.73970	0.06699	0.02995	0.01210	0.01201	0.00862	0.00586	0.00485	0.00147	0.00525	0.00443	0.00485	0.00821
82	0.02174	0.00825	0.01125	0.00862	0.01237	0.00712	0.00712	0.02362	0.01387	0.80282	0.01912	0.01649	0.01200	0.00600	0.00487	0.00150	0.00412	0.00487	0.00600	0.00825
83	0.01122	0.00626	0.00849	0.00741	0.00955	0.00555	0.04083	0.01302	0.01234	0.25400	0.20464	0.11914	0.23154	0.00983	0.00556	0.00163	0.00332	0.04504	0.00505	0.00557
84	0.01160	0.49401	0.35211	0.01061	0.01602	0.01585	0.01232	0.01486	0.01001	0.01306	0.00756	0.00880	0.00619	0.00434	0.00374	0.00125	0.00601	0.00301	0.00206	0.00661
85	0.01987	0.00892	0.01380	0.01037	0.01425	0.00786	0.12542	0.02209	0.01350	0.66706	0.03308	0.01636	0.01195	0.00578	0.00502	0.00152	0.00471	0.00508	0.00544	0.00791
86	0.01184	0.38013	0.41538	0.01108	0.01672	0.01451	0.01305	0.01545	0.01027	0.05893	0.00843	0.00951	0.00651	0.00448	0.00396	0.00131	0.00611	0.00322	0.00229	0.00681
87	0.00980	0.00958	0.01473	0.73524	0.06773	0.05682	0.01329	0.01290	0.00998	0.01251	0.00857	0.01264	0.00650	0.00483	0.00482	0.00159	0.00656	0.00424	0.00218	0.00550
88	0.00587	0.00484	0.00505	0.00513	0.00653	0.00414	0.00374	0.00703	0.01075	0.01304	0.07424	0.11010	0.65512	0.06425	0.00697	0.00185	0.00262	0.01026	0.00443	0.00402
89	0.01101	0.34584	0.49508	0.01162	0.01758	0.01440	0.01409	0.01501	0.01008	0.01378	0.00792	0.00926	0.00617	0.00442	0.00401	0.00134	0.00638	0.00319	0.00206	0.00679
90	0.01175	0.01126	0.01922	0.09871	0.73244	0.01145	0.01475	0.01465	0.01092	0.01553	0.00907	0.01207	0.00757	0.00436	0.00480	0.00145	0.00582	0.00432	0.00238	0.00748
91	0.00920	0.00825	0.01320	0.01909	0.43818	0.00807	0.01007	0.01119	0.01040	0.01432	0.01924	0.30990	0.09083	0.00900	0.00539	0.00165	0.00438	0.00830	0.00336	0.00599
92	0.01180	0.01160	0.02066	0.06162	0.66287	0.01158	0.11824	0.01486	0.01103	0.01565	0.00919	0.01218	0.00758	0.00431	0.00492	0.00147	0.00611	0.00451	0.00240	0.00743

[dist]
# distance from previous block
# <min> <max>
0	2

[block]
# block no. 1 follows, 52 sequences, length 44
# corresponding to MSA columns:
# 136-179
name=unknown_B
#
# <colnr> <probs for GDERKNQSTAVLIFYWHMCP>
#	G	D	E	R	K	N	Q	S	T	A	V	L	I	F	Y	W	H	M	C	P
0	0.01156	0.01191	0.01622	0.41303	0.30112	0.13661	0.01331	0.01436	0.01080	0.01352	0.00861	0.01194	0.00686	0.00468	0.00475	0.00150	0.00657	0.00412	0.00229	0.00623
1	0.01185	0.01136	0.01940	0.07074	0.75962	0.01148	0.01480	0.01474	0.01096	0.01565	0.00909	0.01204	0.00761	0.00435	0.00480	0.00145	0.00579	0.00432	0.00239	0.00756
2	0.01168	0.25760	0.02111	0.17836	0.34816	0.01373	0.07560	0.01432	0.01045	0.01379	0.00836	0.01100	0.00697	0.00435	0.00438	0.00137	0.00592	0.00391	0.00226	0.00669
3	0.01637	0.02039	0.01257	0.01147	0.01379	0.69001	0.00861	0.01772	0.01360	0.01268	0.08875	0.01335	0.04885	0.00584	0.00457	0.00130	0.00778	0.00403	0.00288	0.00544
4	0.14068	0.00863	0.00994	0.00746	0.01141	0.00730	0.00605	0.01566	0.01084	0.23438	0.01124	0.01151	0.00822	0.00439	0.00386	0.00105	0.00376	0.00339	0.00376	0.49648
5	0.01296	0.83261	0.02539	0.00829	0.01244	0.01917	0.00829	0.01451	0.00985	0.01140	0.00674	0.00777	0.00622	0.00415	0.00311	0.00104	0.00518	0.00259	0.00207	0.00622
6	0.08152	0.00725	0.01035	0.00873	0.01115	0.00648	0.12083	0.01023	0.00986	0.01465	0.01922	0.34786	0.07923	0.00917	0.00509	0.00151	0.00388	0.00832	0.00361	0.24105
7	0.86392	0.00937	0.00712	0.00637	0.00937	0.01087	0.00525	0.01425	0.00825	0.02174	0.00675	0.00787	0.00525	0.00450	0.00300	0.00150	0.00375	0.00262	0.00300	0.00525
8	0.00705	0.00470	0.00529	0.00529	0.00529	0.00470	0.00294	0.00705	0.00705	0.00940	0.01527	0.03171	0.01762	0.82969	0.02467	0.00470	0.00470	0.00705	0.00294	0.00294
9	0.01920	0.01232	0.01377	0.01056	0.01440	0.01317	0.00872	0.60474	0.02069	0.21206	0.01339	0.01278	0.00912	0.00586	0.00485	0.00146	0.00505	0.00448	0.00512	0.00824
10	0.01249	0.40975	0.01797	0.00910	0.01252	0.01551	0.00797	0.02029	0.41145	0.01596	0.01342	0.01307	0.01063	0.00540	0.00405	0.00135	0.00449	0.00408	0.00354	0.00697
11	0.00695	0.00509	0.00725	0.00725	0.00793	0.00577	0.00539	0.00831	0.00763	0.01085	0.01347	0.02175	0.01329	0.20617	0.64228	0.00713	0.01121	0.00559	0.00267	0.00403
12	0.00972	0.02507	0.80458	0.01381	0.02097	0.01125	0.01790	0.01535	0.01023	0.01535	0.00870	0.01023	0.00614	0.00460	0.00460	0.00153	0.00716	0.00358	0.00205	0.00716
13	0.02030	0.00857	0.01120	0.00881	0.01241	0.00786	0.00720	0.02394	0.12978	0.68606	0.01921	0.01673	0.01241	0.00608	0.00488	0.00152	0.00408	0.00496	0.00584	0.00816
14	0.01144	0.01307	0.02859	0.02042	0.02533	0.01225	0.78186	0.01552	0.01144	0.01552	0.00980	0.01307	0.00735	0.00408	0.00572	0.00163	0.00817	0.00572	0.00245	0.00654
15	0.01205	0.01041	0.01096	0.00986	0.01260	0.01205	0.00767	0.02575	0.79071	0.02027	0.01972	0.01808	0.01479	0.00657	0.00493	0.00164	0.00384	0.00548	0.00493	0.00767
16	0.02174	0.00825	0.01125	0.00862	0.01237	0.00712	0.00712	0.02362	0.01387	0.80282	0.01912	0.01649	0.01200	0.00600	0.00487	0.00150	0.00412	0.00487	0.00600	0.00825
17	0.00915	0.00861	0.01453	0.81804	0.03338	0.01077	0.01346	0.01238	0.00969	0.01238	0.00861	0.01292	0.00646	0.00484	0.00484	0.00161	0.00646	0.00431	0.00215	0.00538
18	0.01144	0.01307	0.02859	0.02042	0.02533	0.01225	0.78186	0.01552	0.01144	0.01552	0.00980	0.01307	0.00735	0.00408	0.00572	0.00163	0.00817	0.00572	0.00245	0.00654
19	0.00692	0.00519	0.00779	0.00779	0.00865	0.00606	0.00606	0.00865	0.00779	0.01125	0.01298	0.01904	0.01211	0.03634	0.81049	0.00779	0.01298	0.00519	0.00260	0.00433
20	0.01726	0.01903	0.01572	0.01313	0.01623	0.52240	0.12436	0.09082	0.03901	0.08232	0.00961	0.01062	0.00736	0.00507	0.00468	0.00136	0.00778	0.00385	0.00309	0.00629
21	0.00915	0.00861	0.01453	0.81804	0.03338	0.01077	0.01346	0.01238	0.00969	0.01238	0.00861	0.01292	0.00646	0.00484	0.00484	0.00161	0.00646	0.00431	0.00215	0.00538
22	0.00590	0.00422	0.00562	0.00675	0.00703	0.00394	0.00450	0.00675	0.00928	0.01237	0.02671	0.82653	0.03205	0.01518	0.00619	0.00197	0.00281	0.01378	0.00450	0.00394
23	0.00677	0.00495	0.00636	0.00600	0.00719	0.00454	0.00450	0.00897	0.01351	0.01894	0.73888	0.03701	0.10406	0.01009	0.00572	0.00153	0.00230	0.00888	0.00527	0.00454
24	0.01199	0.01151	0.01967	0.02974	0.79946	0.01151	0.01487	0.01487	0.01103	0.01583	0.00912	0.01199	0.00768	0.00432	0.00480	0.00144	0.00576	0.00432	0.00240	0.00768
25	0.04561	0.01516	0.01374	0.01128	0.01458	0.29188	0.05476	0.19098	0.08175	0.21342	0.01246	0.01234	0.00888	0.00549	0.00469	0.00142	0.00622	0.00417	0.00411	0.00707
26	0.00759	0.00542	0.00756	0.00867	0.00969	0.00539	0.00743	0.00966	0.01094	0.01426	0.02578	0.14332	0.02837	0.01359	0.00664	0.00220	0.00427	0.68035	0.00447	0.00440
27	0.01047	0.00967	0.06003	0.00770	0.01214	0.00691	0.00660	0.01308	0.02721	0.04261	0.00922	0.01045	0.00744	0.00380	0.00373	0.00082	0.00384	0.00304	0.00297	0.75828
28	0.01580	0.00844	0.01056	0.00810	0.01183	0.00725	0.00655	0.01897	0.08915	0.40038	0.05162	0.01521	0.01208	0.00535	0.00445	0.00123	0.00381	0.00438	0.00471	0.32014
29	0.00965	0.00905	0.01494	0.63516	0.14592	0.01053	0.01305	0.01274	0.00992	0.01317	0.00869	0.01255	0.00670	0.00467	0.00474	0.00152	0.00612	0.00419	0.00225	0.07446
30	0.01326	0.78413	0.02470	0.00854	0.01259	0.06655	0.00836	0.01480	0.01008	0.01143	0.00678	0.00783	0.00622	0.00420	0.00318	0.00105	0.00540	0.00262	0.00210	0.00618
31	0.00697	0.00498	0.00685	0.00797	0.00872	0.00486	0.00635	0.00859	0.01033	0.01357	0.02612	0.39375	0.02972	0.01418	0.00647	0.00212	0.00374	0.43602	0.00448	0.00423
32	0.01422	0.06215	0.19088	0.05390	0.06717	0.03461	0.06395	0.04582	0.01250	0.27086	0.10455	0.01636	0.02970	0.00582	0.00486	0.00149	0.00532	0.00493	0.00394	0.00698
33	0.01161	0.01112	0.01898	0.13608	0.69612	0.01141	0.01468	0.01454	0.01085	0.01537	0.00905	0.01212	0.00751	0.00439	0.00480	0.00146	0.00585	0.00432	0.00237	0.00737
34	0.00692	0.00519	0.00779	0.00779	0.00865	0.00606	0.00606	0.00865	0.00779	0.01125	0.01298	0.01904	0.01211	0.03634	0.81049	0.00779	0.01298	0.00519	0.00260	0.00433
35	0.01147	0.02465	0.63923	0.01353	0.01972	0.17831	0.01612	0.01618	0.01096	0.01462	0.00844	0.00992	0.00616	0.00469	0.00456	0.00147	0.00749	0.00348	0.00214	0.00684
36	0.01095	0.01653	0.31622	0.13672	0.24514	0.01158	0.12509	0.05194	0.01116	0.01581	0.00910	0.01160	0.00690	0.00454	0.00487	0.00153	0.00671	0.00424	0.00236	0.00701
37	0.01147	0.01298	0.02806	0.02098	0.07169	0.01221	0.73593	0.01548	0.01141	0.01554	0.00976	0.01301	0.00737	0.00410	0.00566	0.00162	0.00803	0.00564	0.00245	0.00660
38	0.01158	0.01109	0.01891	0.14564	0.68683	0.01140	0.01466	0.01451	0.01084	0.01532	0.00904	0.01213	0.00750	0.00440	0.00480	0.00147	0.00586	0.00432	0.00236	0.00734
39	0.01235	0.01874	0.46984	0.06206	0.02075	0.01058	0.14401	0.01683	0.01112	0.17094	0.01094	0.01211	0.00752	0.00481	0.00486	0.00155	0.00669	0.00424	0.00290	0.00716
40	0.01058	0.08842	0.42897	0.03366	0.19830	0.01138	0.03466	0.01474	0.01056	0.02916	0.01049	0.01499	0.00876	0.00537	0.00476	0.00154	0.00636	0.07794	0.00245	0.00690
41	0.00628	0.00461	0.00634	0.00697	0.00755	0.00467	0.00497	0.00750	0.00909	0.01238	0.06053	0.48487	0.06354	0.02174	0.27045	0.00384	0.00611	0.01054	0.00391	0.00410
42	0.86392	0.00937	0.00712	0.00637	0.00937	0.01087	0.00525	0.01425	0.00825	0.02174	0.00675	0.00787	0.00525	0.00450	0.00300	0.00150	0.00375	0.00262	0.00300	0.00525
43	0.01180	0.49760	0.33132	0.01055	0.01585	0.03334	0.01209	0.01495	0.01008	0.01296	0.00752	0.00876	0.00619	0.00434	0.00372	0.00124	0.00604	0.00299	0.00207	0.00658

[dist]
# distance from previous block
# <min> <max>
0	2

[block]
# block no. 2 follows, 52 sequences, length 84
# corresponding to MSA columns:
# 182-265
name=unknown_C
#
# <colnr> <probs for GDERKNQSTAVLIFYWHMCP>
#	G	D	E	R	K	N	Q	S	T	A	V	L	I	F	Y	W	H	M	C	P
0	0.00886	0.06081	0.00768	0.00641	0.00700	0.10993	0.00412	0.00912	0.00809	0.00985	0.01371	0.02718	0.01541	0.66935	0.02064	0.00401	0.00525	0.00625	0.00282	0.00350
1	0.00693	0.00515	0.00759	0.00759	0.00839	0.00595	0.00582	0.00853	0.00773	0.01111	0.01316	0.02002	0.01254	0.09796	0.74945	0.00755	0.01234	0.00534	0.00262	0.00422
2	0.69736	0.00852	0.00706	0.00645	0.00897	0.00983	0.00516	0.01303	0.00810	0.01956	0.00814	0.01103	0.00701	0.07231	0.09891	0.00248	0.00490	0.00327	0.00295	0.00496
3	0.68405	0.01010	0.00852	0.00727	0.01040	0.01156	0.00598	0.16367	0.01111	0.02339	0.00786	0.00879	0.00596	0.00478	0.00337	0.00148	0.00403	0.00300	0.01887	0.00582
4	0.01426	0.00884	0.01073	0.00790	0.01200	0.00725	0.00641	0.06830	0.01211	0.26167	0.01209	0.01216	0.00875	0.00449	0.00407	0.00101	0.00387	0.00360	0.00398	0.53652
5	0.01634	0.02017	0.01399	0.01254	0.01445	0.62382	0.00965	0.01755	0.01225	0.01181	0.00723	0.00918	0.00627	0.00581	0.00707	0.00145	0.19907	0.00338	0.00241	0.00554
6	0.01047	0.00856	0.00959	0.00831	0.01095	0.00887	0.00646	0.01864	0.41546	0.03521	0.22520	0.02133	0.02152	0.00687	0.00488	0.00143	0.00338	0.00584	0.00466	0.17238
7	0.00805	0.00675	0.00712	0.00665	0.00862	0.00676	0.00510	0.03600	0.23476	0.01642	0.12813	0.03618	0.46075	0.01017	0.00547	0.00162	0.00292	0.00852	0.00473	0.00530
8	0.00640	0.00464	0.00600	0.00693	0.00746	0.00439	0.00484	0.02936	0.00993	0.01311	0.02763	0.69316	0.08009	0.01459	0.00616	0.00195	0.00299	0.07177	0.00451	0.00411
9	0.01075	0.01437	0.17364	0.01590	0.01918	0.01315	0.30924	0.01387	0.00952	0.01387	0.00814	0.01148	0.00670	0.00603	0.00978	0.00182	0.34951	0.00468	0.00223	0.00614
10	0.59591	0.00986	0.00877	0.00752	0.01057	0.01111	0.00616	0.17054	0.01157	0.05933	0.00962	0.04761	0.00787	0.00551	0.00368	0.00153	0.00406	0.01925	0.00361	0.00592
11	0.00784	0.00667	0.01068	0.17454	0.12636	0.00691	0.04525	0.00975	0.01004	0.01349	0.05958	0.42851	0.02273	0.01065	0.00569	0.00180	0.00428	0.04662	0.00367	0.00494
12	0.01112	0.00949	0.01283	0.01087	0.01258	0.01127	0.06819	0.01671	0.25707	0.06753	0.16462	0.01849	0.01709	0.00765	0.00896	0.00178	0.28800	0.00566	0.00391	0.00620
13	0.01199	0.01151	0.01967	0.02974	0.79946	0.01151	0.01487	0.01487	0.01103	0.01583	0.00912	0.01199	0.00768	0.00432	0.00480	0.00144	0.00576	0.00432	0.00240	0.00768
14	0.01296	0.83261	0.02539	0.00829	0.01244	0.01917	0.00829	0.01451	0.00985	0.01140	0.00674	0.00777	0.00622	0.00415	0.00311	0.00104	0.00518	0.00259	0.00207	0.00622
15	0.01375	0.01137	0.01282	0.01227	0.09476	0.01279	0.00883	0.22733	0.50447	0.02256	0.01646	0.01573	0.01230	0.00614	0.00489	0.00157	0.00443	0.00506	0.00465	0.00782
16	0.01045	0.00921	0.01203	0.01183	0.17390	0.00750	0.00762	0.01275	0.01025	0.01580	0.00872	0.01045	0.00728	0.00374	0.00384	0.00087	0.00404	0.00317	0.00277	0.68378
17	0.25294	0.05804	0.06329	0.00991	0.05850	0.01075	0.00810	0.16173	0.01334	0.26131	0.04817	0.01292	0.01000	0.00543	0.00426	0.00146	0.00452	0.00408	0.00422	0.00702
18	0.02145	0.00872	0.01154	0.00885	0.01261	0.00783	0.00731	0.09155	0.01467	0.73376	0.01845	0.01606	0.01166	0.00598	0.00487	0.00150	0.00423	0.00483	0.00590	0.00825
19	0.00597	0.00496	0.00525	0.00531	0.00687	0.00424	0.00407	0.00735	0.01125	0.01366	0.10133	0.04651	0.68338	0.01219	0.00580	0.00167	0.00260	0.06889	0.00456	0.00415
20	0.01521	0.40932	0.02027	0.01100	0.01444	0.38039	0.05898	0.01679	0.01173	0.01188	0.00728	0.00856	0.00630	0.00453	0.00385	0.00117	0.00700	0.00304	0.00229	0.00596
21	0.01596	0.01866	0.01534	0.06927	0.22491	0.51883	0.01105	0.03062	0.01291	0.02664	0.00826	0.01006	0.00677	0.00484	0.00453	0.00133	0.00766	0.00357	0.00255	0.00624
22	0.00781	0.00558	0.00781	0.00892	0.01004	0.00558	0.00781	0.01004	0.01116	0.01450	0.02566	0.05466	0.02789	0.01339	0.00669	0.00223	0.00446	0.76685	0.00446	0.00446
23	0.00819	0.00525	0.00690	0.00632	0.00770	0.00480	0.00480	0.01044	0.01373	0.08948	0.72736	0.03444	0.04271	0.00956	0.00564	0.00152	0.00245	0.00842	0.00539	0.00490
24	0.03679	0.06548	0.03179	0.02493	0.59202	0.04875	0.04741	0.01578	0.06147	0.01580	0.00953	0.01187	0.00787	0.00448	0.00466	0.00143	0.00580	0.00423	0.00256	0.00736
25	0.01296	0.83261	0.02539	0.00829	0.01244	0.01917	0.00829	0.01451	0.00985	0.01140	0.00674	0.00777	0.00622	0.00415	0.00311	0.00104	0.00518	0.00259	0.00207	0.00622
26	0.00590	0.00422	0.00562	0.00675	0.00703	0.00394	0.00450	0.00675	0.00928	0.01237	0.02671	0.82653	0.03205	0.01518	0.00619	0.00197	0.00281	0.01378	0.00450	0.00394
27	0.01025	0.15845	0.67589	0.01290	0.01956	0.01256	0.01632	0.01521	0.01017	0.01470	0.00837	0.00983	0.00615	0.00453	0.00436	0.00145	0.00683	0.00342	0.00205	0.00701
28	0.19985	0.07708	0.08940	0.01593	0.04250	0.02766	0.44808	0.01520	0.01054	0.01650	0.00873	0.01116	0.00668	0.00425	0.00477	0.00154	0.00682	0.00452	0.00251	0.00630
29	0.01144	0.01307	0.02859	0.02042	0.02533	0.01225	0.78186	0.01552	0.01144	0.01552	0.00980	0.01307	0.00735	0.00408	0.00572	0.00163	0.00817	0.00572	0.00245	0.00654
30	0.00693	0.00518	0.00555	0.00546	0.00720	0.00440	0.00423	0.00828	0.01124	0.06445	0.04533	0.04530	0.68675	0.01195	0.00575	0.00167	0.00272	0.06865	0.00459	0.00439
31	0.01282	0.14612	0.48550	0.01167	0.01743	0.01141	0.01374	0.01689	0.01100	0.18865	0.01118	0.01251	0.00807	0.00509	0.00449	0.00147	0.00611	0.02567	0.00299	0.00718
32	0.01049	0.00998	0.01695	0.44748	0.39350	0.01112	0.01412	0.01355	0.01032	0.01400	0.00885	0.01248	0.00703	0.00460	0.00482	0.00153	0.00613	0.00431	0.00227	0.00646
33	0.00915	0.00861	0.01453	0.81804	0.03338	0.01077	0.01346	0.01238	0.00969	0.01238	0.00861	0.01292	0.00646	0.00484	0.00484	0.00161	0.00646	0.00431	0.00215	0.00538
34	0.01199	0.01151	0.01967	0.02974	0.79946	0.01151	0.01487	0.01487	0.01103	0.01583	0.00912	0.01199	0.00768	0.00432	0.00480	0.00144	0.00576	0.00432	0.00240	0.00768
35	0.01258	0.01232	0.01914	0.02809	0.72599	0.06345	0.01435	0.03727	0.01155	0.01600	0.00908	0.01177	0.00760	0.00440	0.00477	0.00143	0.00594	0.00424	0.00248	0.00756
36	0.00698	0.00495	0.00656	0.00656	0.00700	0.00539	0.00453	0.00787	0.00742	0.01034	0.01410	0.02525	0.01481	0.42533	0.42519	0.00627	0.00892	0.00610	0.00276	0.00365
37	0.01842	0.01357	0.01454	0.01115	0.01503	0.01503	0.00921	0.78330	0.02278	0.03054	0.01163	0.01163	0.00824	0.00582	0.00485	0.00145	0.00533	0.00436	0.00485	0.00824
38	0.00915	0.00861	0.01453	0.81804	0.03338	0.01077	0.01346	0.01238	0.00969	0.01238	0.00861	0.01292	0.00646	0.00484	0.00484	0.00161	0.00646	0.00431	0.00215	0.00538
39	0.00915	0.00861	0.01453	0.81804	0.03338	0.01077	0.01346	0.01238	0.00969	0.01238	0.00861	0.01292	0.00646	0.00484	0.00484	0.00161	0.00646	0.00431	0.00215	0.00538
40	0.00915	0.00861	0.01453	0.81804	0.03338	0.01077	0.01346	0.01238	0.00969	0.01238	0.00861	0.01292	0.00646	0.00484	0.00484	0.00161	0.00646	0.00431	0.00215	0.00538
41	0.00893	0.00747	0.00815	0.00788	0.00991	0.00791	0.00625	0.01588	0.35630	0.01655	0.03153	0.03555	0.30133	0.00997	0.00556	0.00176	0.00346	0.15518	0.00468	0.00575
42	0.00873	0.00784	0.01125	0.01021	0.01065	0.01037	0.00829	0.01013	0.00761	0.01145	0.00973	0.01490	0.00929	0.02268	0.42089	0.00501	0.40908	0.00473	0.00236	0.00480
43	0.01810	0.02310	0.01373	0.01248	0.01498	0.81024	0.00936	0.01935	0.01373	0.01186	0.00749	0.00874	0.00624	0.00499	0.00437	0.00125	0.00874	0.00312	0.00250	0.00562
44	0.01296	0.83261	0.02539	0.00829	0.01244	0.01917	0.00829	0.01451	0.00985	0.01140	0.00674	0.00777	0.00622	0.00415	0.00311	0.00104	0.00518	0.00259	0.00207	0.00622
45	0.01233	0.67565	0.17684	0.00936	0.01410	0.01764	0.01016	0.01467	0.00992	0.01217	0.00712	0.00825	0.00620	0.00423	0.00340	0.00113	0.00557	0.00278	0.00207	0.00640
46	0.02174	0.00825	0.01125	0.00862	0.01237	0.00712	0.00712	0.02362	0.01387	0.80282	0.01912	0.01649	0.01200	0.00600	0.00487	0.00150	0.00412	0.00487	0.00600	0.00825
47	0.01296	0.83261	0.02539	0.00829	0.01244	0.01917	0.00829	0.01451	0.00985	0.01140	0.00674	0.00777	0.00622	0.00415	0.00311	0.00104	0.00518	0.00259	0.00207	0.00622
48	0.00630	0.00493	0.00571	0.00551	0.00690	0.00434	0.00414	0.00807	0.01241	0.01632	0.43024	0.04132	0.41433	0.01107	0.00572	0.00158	0.00237	0.00948	0.00493	0.00434
49	0.01296	0.83261	0.02539	0.00829	0.01244	0.01917	0.00829	0.01451	0.00985	0.01140	0.00674	0.00777	0.00622	0.00415	0.00311	0.00104	0.00518	0.00259	0.00207	0.00622
50	0.00699	0.00494	0.00651	0.00651	0.00694	0.00536	0.00447	0.00783	0.00741	0.01030	0.01415	0.02550	0.01492	0.44070	0.40996	0.00621	0.00876	0.00614	0.00277	0.00362
51	0.00573	0.00491	0.00491	0.00491	0.00655	0.00409	0.00368	0.00695	0.01105	0.01309	0.04909	0.04664	0.79750	0.01227	0.00573	0.00164	0.00245	0.01023	0.00450	0.00409
52	0.01810	0.02310	0.01373	0.01248	0.01498	0.81024	0.00936	0.01935	0.01373	0.01186	0.00749	0.00874	0.00624	0.00499	0.00437	0.00125	0.00874	0.00312	0.00250	0.00562
53	0.00972	0.02507	0.80458	0.01381	0.02097	0.01125	0.01790	0.01535	0.01023	0.01535	0.00870	0.01023	0.00614	0.00460	0.00460	0.00153	0.00716	0.00358	0.00205	0.00716
54	0.01055	0.01004	0.01705	0.43153	0.40900	0.01113	0.01415	0.01360	0.01035	0.01407	0.00886	0.01247	0.00706	0.00459	0.00482	0.00153	0.00612	0.00431	0.00227	0.00651
55	0.01810	0.02310	0.01373	0.01248	0.01498	0.81024	0.00936	0.01935	0.01373	0.01186	0.00749	0.00874	0.00624	0.00499	0.00437	0.00125	0.00874	0.00312	0.00250	0.00562
56	0.01842	0.01101	0.01335	0.11471	0.01644	0.01162	0.00901	0.40937	0.01787	0.30686	0.01394	0.01355	0.00937	0.00576	0.00486	0.00149	0.00504	0.00454	0.00491	0.00787
57	0.01060	0.01009	0.01715	0.41626	0.42384	0.01115	0.01418	0.01365	0.01038	0.01414	0.00887	0.01245	0.00708	0.00458	0.00482	0.00153	0.00610	0.00431	0.00228	0.00655
58	0.00683	0.00460	0.00535	0.00557	0.00562	0.00455	0.00324	0.00699	0.00748	0.00997	0.01749	0.18620	0.02042	0.67138	0.02107	0.00417	0.00433	0.00836	0.00324	0.00313
59	0.01810	0.02310	0.01373	0.01248	0.01498	0.81024	0.00936	0.01935	0.01373	0.01186	0.00749	0.00874	0.00624	0.00499	0.00437	0.00125	0.00874	0.00312	0.00250	0.00562
60	0.01199	0.01151	0.01967	0.02974	0.79946	0.01151	0.01487	0.01487	0.01103	0.01583	0.00912	0.01199	0.00768	0.00432	0.00480	0.00144	0.00576	0.00432	0.00240	0.00768
61	0.01199	0.01151	0.01967	0.02974	0.79946	0.01151	0.01487	0.01487	0.01103	0.01583	0.00912	0.01199	0.00768	0.00432	0.00480	0.00144	0.00576	0.00432	0.00240	0.00768
62	0.00590	0.00422	0.00562	0.00675	0.00703	0.00394	0.00450	0.00675	0.00928	0.01237	0.02671	0.82653	0.03205	0.01518	0.00619	0.00197	0.00281	0.01378	0.00450	0.00394
63	0.01269	0.31270	0.33404	0.01103	0.01592	0.03035	0.01221	0.01587	0.01038	0.11548	0.00911	0.01016	0.00695	0.00497	0.00511	0.00140	0.07885	0.00344	0.00258	0.00676
64	0.00978	0.00958	0.01412	0.71357	0.03074	0.07259	0.01285	0.01280	0.01008	0.01245	0.00941	0.01476	0.00755	0.00530	0.00490	0.00162	0.00653	0.04371	0.00230	0.00535
65	0.00702	0.00479	0.00577	0.00577	0.00594	0.00496	0.00354	0.00736	0.00719	0.00976	0.01482	0.02925	0.01655	0.67549	0.17740	0.00530	0.00631	0.00669	0.00287	0.00321
66	0.00692	0.00519	0.00779	0.00779	0.00865	0.00606	0.00606	0.00865	0.00779	0.01125	0.01298	0.01904	0.01211	0.03634	0.81049	0.00779	0.01298	0.00519	0.00260	0.00433
67	0.61004	0.11687	0.01073	0.00746	0.01073	0.02902	0.00632	0.12926	0.01074	0.02151	0.00749	0.00844	0.00584	0.00466	0.00332	0.00143	0.00427	0.00289	0.00314	0.00583
68	0.00976	0.02294	0.70172	0.01295	0.01975	0.01063	0.01633	0.01494	0.01021	0.01540	0.00869	0.01021	0.00627	0.00447	0.00447	0.00143	0.00670	0.00349	0.00215	0.11749
69	0.00982	0.00945	0.01334	0.01167	0.01186	0.01297	0.00963	0.01102	0.00750	0.01157	0.00777	0.01240	0.00759	0.01442	0.18511	0.00333	0.64879	0.00444	0.00222	0.00509
70	0.01205	0.01041	0.01096	0.00986	0.01260	0.01205	0.00767	0.02575	0.79071	0.02027	0.01972	0.01808	0.01479	0.00657	0.00493	0.00164	0.00384	0.00548	0.00493	0.00767
71	0.01878	0.00884	0.01226	0.01169	0.12444	0.00821	0.00820	0.02213	0.09992	0.57766	0.04345	0.01668	0.01281	0.00595	0.00490	0.00151	0.00426	0.00499	0.00534	0.00798
72	0.01040	0.02417	0.74322	0.01361	0.02051	0.01155	0.01723	0.07499	0.01121	0.01653	0.00892	0.01034	0.00630	0.00470	0.00462	0.00153	0.00702	0.00364	0.00226	0.00725
73	0.00573	0.00491	0.00491	0.00491	0.00655	0.00409	0.00368	0.00695	0.01105	0.01309	0.04909	0.04664	0.79750	0.01227	0.00573	0.00164	0.00245	0.01023	0.00450	0.00409
74	0.01181	0.01133	0.01934	0.08090	0.74975	0.01147	0.01478	0.01471	0.01095	0.01561	0.00908	0.01205	0.00760	0.00435	0.00480	0.00145	0.00580	0.00432	0.00238	0.00753
75	0.01119	0.01478	0.13922	0.01948	0.02471	0.01211	0.67295	0.01550	0.01127	0.01550	0.00965	0.01267	0.00718	0.00416	0.00556	0.00162	0.00803	0.00541	0.00239	0.00663
76	0.01857	0.02117	0.01341	0.01198	0.01464	0.70626	0.00907	0.01990	0.01375	0.11426	0.00900	0.00974	0.00699	0.00512	0.00443	0.00128	0.00814	0.00335	0.00295	0.00596
77	0.00590	0.00422	0.00562	0.00675	0.00703	0.00394	0.00450	0.00675	0.00928	0.01237	0.02671	0.82653	0.03205	0.01518	0.00619	0.00197	0.00281	0.01378	0.00450	0.00394
78	0.00972	0.02507	0.80458	0.01381	0.02097	0.01125	0.01790	0.01535	0.01023	0.01535	0.00870	0.01023	0.00614	0.00460	0.00460	0.00153	0.00716	0.00358	0.00205	0.00716
79	0.00915	0.00861	0.01453	0.81804	0.03338	0.01077	0.01346	0.01238	0.00969	0.01238	0.00861	0.01292	0.00646	0.00484	0.00484	0.00161	0.00646	0.00431	0.00215	0.00538
80	0.83206	0.00933	0.00728	0.00646	0.00949	0.01073	0.00532	0.01460	0.00846	0.05129	0.00722	0.00820	0.00550	0.00456	0.00307	0.00150	0.00376	0.00271	0.00311	0.00536
81	0.01228	0.01089	0.01106	0.00996	0.01269	0.04225	0.00773	0.02551	0.76131	0.01995	0.01926	0.01773	0.01447	0.00651	0.00491	0.00163	0.00402	0.00539	0.00484	0.00759
82	0.02462	0.01109	0.01391	0.01143	0.01524	0.00949	0.00890	0.02529	0.01616	0.72571	0.02286	0.02329	0.01623	0.00896	0.00671	0.00229	0.00557	0.03500	0.00715	0.01008
83	0.01078	0.00820	0.00836	0.00808	0.01010	0.00683	0.00578	0.01086	0.01373	0.04694	0.04951	0.04889	0.72043	0.01431	0.00741	0.00238	0.00406	0.01098	0.00586	0.00650

[dist]
# distance from previous block
# <min> <max>
0	348

# created by:
# /st0/software/busco_prod/Augustus/scripts/msa2prfl.pl ./align_prep/53947.fa
