[name]
unknown

[dist]
# distance from previous block
# <min> <max>
69	230

[block]
# block no. 0 follows, 43 sequences, length 71
# corresponding to MSA columns:
# 289-359
name=unknown_A
#
# <colnr> <probs for GDERKNQSTAVLIFYWHMCP>
#	G	D	E	R	K	N	Q	S	T	A	V	L	I	F	Y	W	H	M	C	P
0	0.01815	0.05655	0.01857	0.01634	0.08556	0.41981	0.09533	0.09953	0.10369	0.01782	0.01114	0.01244	0.00882	0.00579	0.00528	0.00156	0.00835	0.00447	0.00343	0.00738
1	0.01502	0.51986	0.02328	0.01038	0.01451	0.08427	0.00938	0.02064	0.22086	0.01590	0.01192	0.01227	0.00984	0.00560	0.00426	0.00140	0.00584	0.00393	0.00332	0.00751
2	0.00880	0.00708	0.00985	0.01238	0.12863	0.00714	0.00761	0.01201	0.10264	0.01588	0.02574	0.53234	0.02882	0.01510	0.03733	0.00238	0.00439	0.03140	0.00474	0.00572
3	0.01187	0.01148	0.01754	0.60916	0.06345	0.06086	0.06197	0.04847	0.01225	0.01560	0.01023	0.01451	0.00775	0.00554	0.00552	0.00179	0.00746	0.00495	0.02309	0.00648
4	0.01966	0.09275	0.01720	0.03304	0.01730	0.47072	0.01072	0.20653	0.01752	0.01894	0.00967	0.01093	0.00772	0.00601	0.00554	0.00151	0.03959	0.00396	0.00347	0.00722
5	0.00791	0.00593	0.00890	0.00890	0.00989	0.00692	0.00692	0.00989	0.00890	0.01286	0.01483	0.02176	0.01385	0.04154	0.78341	0.00890	0.01483	0.00593	0.00297	0.00494
6	0.01357	0.01302	0.02223	0.06581	0.74006	0.01312	0.01693	0.01688	0.01255	0.01793	0.01039	0.01375	0.00871	0.00496	0.00549	0.00165	0.00661	0.00493	0.00273	0.00866
7	0.01608	0.43777	0.07306	0.01226	0.03430	0.20433	0.01096	0.05856	0.01298	0.01482	0.00840	0.00997	0.00729	0.00554	0.00540	0.00142	0.07361	0.00350	0.00267	0.00709
8	0.01411	0.01206	0.01271	0.01134	0.01453	0.01393	0.00885	0.06224	0.72746	0.02370	0.02212	0.02033	0.01657	0.00747	0.00563	0.00187	0.00446	0.00620	0.00563	0.00880
9	0.01243	0.25666	0.53914	0.01390	0.02095	0.03467	0.01701	0.01737	0.01166	0.01612	0.00925	0.01083	0.00705	0.00512	0.00476	0.00158	0.00757	0.00375	0.00236	0.00783
10	0.00675	0.00482	0.00643	0.00771	0.00803	0.00450	0.00514	0.00771	0.01060	0.01414	0.03053	0.80175	0.03663	0.01735	0.00707	0.00225	0.00321	0.01574	0.00514	0.00450
11	0.01298	0.01353	0.02485	0.06752	0.02360	0.01472	0.39620	0.05673	0.01214	0.01708	0.00993	0.01379	0.00803	0.00640	0.01000	0.00198	0.25774	0.00567	0.00283	0.04429
12	0.01219	0.01165	0.02012	0.37590	0.33339	0.01272	0.07959	0.03528	0.01226	0.01662	0.01083	0.03503	0.00886	0.00556	0.00564	0.00177	0.00708	0.00535	0.00276	0.00737
13	0.00777	0.00525	0.00612	0.00641	0.00648	0.00518	0.00375	0.00798	0.00861	0.01148	0.02031	0.20374	0.02374	0.63294	0.02357	0.00469	0.00490	0.00974	0.00375	0.00361
14	0.00962	0.00481	0.00722	0.00722	0.00722	0.00481	0.00481	0.00722	0.00722	0.00962	0.00962	0.01684	0.00962	0.01924	0.02165	0.83886	0.00481	0.00481	0.00241	0.00241
15	0.00892	0.00637	0.00892	0.01020	0.01147	0.00637	0.00892	0.01147	0.01275	0.01657	0.02932	0.06247	0.03187	0.01530	0.00765	0.00255	0.00510	0.73354	0.00510	0.00510
16	0.01148	0.00984	0.01148	0.00820	0.01312	0.00738	0.00656	0.01395	0.01148	0.01805	0.00984	0.01148	0.00820	0.00410	0.00410	0.00082	0.00410	0.00328	0.00328	0.83922
17	0.01481	0.80869	0.02902	0.00948	0.01421	0.02191	0.00948	0.01658	0.01125	0.01303	0.00770	0.00888	0.00711	0.00474	0.00355	0.00118	0.00592	0.00296	0.00237	0.00711
18	0.02041	0.01683	0.06427	0.01300	0.01760	0.05167	0.01116	0.67310	0.02467	0.03285	0.01287	0.01305	0.00916	0.00652	0.00550	0.00166	0.00640	0.00487	0.00522	0.00921
19	0.01373	0.01276	0.01931	0.02675	0.52978	0.01336	0.01437	0.02096	0.25103	0.01971	0.01428	0.01592	0.01136	0.00576	0.00553	0.00172	0.00588	0.00536	0.00366	0.00877
20	0.02323	0.01202	0.01446	0.01109	0.01543	0.01200	0.00916	0.33656	0.02020	0.45894	0.01820	0.01648	0.01188	0.00677	0.00556	0.00169	0.00530	0.00532	0.00629	0.00942
21	0.01122	0.01055	0.01674	0.07251	0.48161	0.01040	0.01282	0.01393	0.01252	0.01685	0.02494	0.02639	0.25080	0.00787	0.00582	0.00173	0.00543	0.00709	0.00349	0.00730
22	0.01187	0.02758	0.73426	0.01546	0.02342	0.01260	0.01978	0.01806	0.01192	0.05957	0.01060	0.01209	0.00739	0.00535	0.00528	0.00175	0.00799	0.00417	0.00259	0.00825
23	0.01032	0.00516	0.00516	0.00516	0.00645	0.00516	0.00387	0.01290	0.01161	0.02065	0.01807	0.02065	0.01420	0.00645	0.00387	0.00129	0.00258	0.00516	0.83611	0.00516
24	0.00791	0.00593	0.00890	0.00890	0.00989	0.00692	0.00692	0.00989	0.00890	0.01286	0.01483	0.02176	0.01385	0.04154	0.78341	0.00890	0.01483	0.00593	0.00297	0.00494
25	0.01464	0.77329	0.06296	0.00976	0.01466	0.02150	0.00998	0.01663	0.01127	0.01323	0.00780	0.00901	0.00710	0.00476	0.00363	0.00121	0.00603	0.00301	0.00237	0.00716
26	0.01032	0.00516	0.00516	0.00516	0.00645	0.00516	0.00387	0.01290	0.01161	0.02065	0.01807	0.02065	0.01420	0.00645	0.00387	0.00129	0.00258	0.00516	0.83611	0.00516
27	0.03893	0.01312	0.01478	0.01157	0.01577	0.01393	0.00949	0.42534	0.11927	0.25355	0.01694	0.01583	0.01161	0.00679	0.00552	0.00171	0.00542	0.00529	0.00590	0.00926
28	0.01168	0.01150	0.02319	0.01726	0.02128	0.01073	0.46649	0.01544	0.01375	0.04867	0.22406	0.07184	0.02263	0.00741	0.00653	0.00185	0.00689	0.00805	0.00403	0.00673
29	0.01371	0.01316	0.02248	0.03399	0.77081	0.01316	0.01700	0.01700	0.01261	0.01809	0.01042	0.01371	0.00877	0.00493	0.00548	0.00164	0.00658	0.00493	0.00274	0.00877
30	0.00805	0.00537	0.00604	0.00604	0.00604	0.00537	0.00336	0.00805	0.00805	0.01074	0.01745	0.03624	0.02013	0.80536	0.02819	0.00537	0.00537	0.00805	0.00336	0.00336
31	0.01991	0.01494	0.01598	0.01251	0.01674	0.01664	0.01025	0.63859	0.14166	0.03306	0.01475	0.01446	0.01060	0.00678	0.00556	0.00170	0.00583	0.00519	0.00556	0.00932
32	0.01378	0.01190	0.01252	0.01127	0.01440	0.01378	0.00877	0.02943	0.76081	0.02317	0.02254	0.02066	0.01691	0.00751	0.00564	0.00188	0.00438	0.00626	0.00564	0.00877
33	0.00797	0.00533	0.00606	0.00615	0.00617	0.00531	0.00347	0.00803	0.00821	0.01095	0.01827	0.08427	0.02117	0.75592	0.02686	0.00517	0.00523	0.00854	0.00347	0.00343
34	0.01046	0.00984	0.01661	0.79205	0.03814	0.01230	0.01538	0.01415	0.01107	0.01415	0.00984	0.01477	0.00738	0.00554	0.00554	0.00185	0.00738	0.00492	0.00246	0.00615
35	0.01046	0.00984	0.01661	0.79205	0.03814	0.01230	0.01538	0.01415	0.01107	0.01415	0.00984	0.01477	0.00738	0.00554	0.00554	0.00185	0.00738	0.00492	0.00246	0.00615
36	0.01371	0.01316	0.02248	0.03399	0.77081	0.01316	0.01700	0.01700	0.01261	0.01809	0.01042	0.01371	0.00877	0.00493	0.00548	0.00164	0.00658	0.00493	0.00274	0.00877
37	0.01212	0.01212	0.01696	0.01454	0.01454	0.01696	0.01212	0.01333	0.00848	0.01333	0.00727	0.01212	0.00727	0.00969	0.01818	0.00242	0.79523	0.00485	0.00242	0.00606
38	0.01212	0.01212	0.01696	0.01454	0.01454	0.01696	0.01212	0.01333	0.00848	0.01333	0.00727	0.01212	0.00727	0.00969	0.01818	0.00242	0.79523	0.00485	0.00242	0.00606
39	0.01032	0.00516	0.00516	0.00516	0.00645	0.00516	0.00387	0.01290	0.01161	0.02065	0.01807	0.02065	0.01420	0.00645	0.00387	0.00129	0.00258	0.00516	0.83611	0.00516
40	0.01046	0.00984	0.01661	0.79205	0.03814	0.01230	0.01538	0.01415	0.01107	0.01415	0.00984	0.01477	0.00738	0.00554	0.00554	0.00185	0.00738	0.00492	0.00246	0.00615
41	0.00675	0.00482	0.00643	0.00771	0.00803	0.00450	0.00514	0.00771	0.01060	0.01414	0.03053	0.80175	0.03663	0.01735	0.00707	0.00225	0.00321	0.01574	0.00514	0.00450
42	0.01032	0.00516	0.00516	0.00516	0.00645	0.00516	0.00387	0.01290	0.01161	0.02065	0.01807	0.02065	0.01420	0.00645	0.00387	0.00129	0.00258	0.00516	0.83611	0.00516
43	0.84448	0.01071	0.00814	0.00728	0.01071	0.01242	0.00600	0.01628	0.00943	0.02485	0.00771	0.00900	0.00600	0.00514	0.00343	0.00171	0.00428	0.00300	0.00343	0.00600
44	0.01307	0.01494	0.03268	0.02334	0.02894	0.01401	0.75070	0.01774	0.01307	0.01774	0.01120	0.01494	0.00840	0.00467	0.00654	0.00187	0.00934	0.00654	0.00280	0.00747
45	0.00655	0.00561	0.00561	0.00561	0.00748	0.00468	0.00421	0.00795	0.01262	0.01496	0.05610	0.05330	0.76857	0.01403	0.00655	0.00187	0.00281	0.01169	0.00514	0.00468
46	0.00805	0.00537	0.00604	0.00604	0.00604	0.00537	0.00336	0.00805	0.00805	0.01074	0.01745	0.03624	0.02013	0.80536	0.02819	0.00537	0.00537	0.00805	0.00336	0.00336
47	0.01032	0.00516	0.00516	0.00516	0.00645	0.00516	0.00387	0.01290	0.01161	0.02065	0.01807	0.02065	0.01420	0.00645	0.00387	0.00129	0.00258	0.00516	0.83611	0.00516
48	0.01883	0.01420	0.01522	0.01220	0.01621	0.01586	0.00990	0.50303	0.25991	0.05050	0.01647	0.01579	0.01192	0.00693	0.00557	0.00173	0.00551	0.00541	0.00560	0.00921
49	0.01350	0.01295	0.02210	0.08278	0.72366	0.01310	0.01689	0.01681	0.01251	0.01784	0.01038	0.01378	0.00868	0.00497	0.00549	0.00166	0.00663	0.00493	0.00272	0.00860
50	0.01032	0.00516	0.00516	0.00516	0.00645	0.00516	0.00387	0.01290	0.01161	0.02065	0.01807	0.02065	0.01420	0.00645	0.00387	0.00129	0.00258	0.00516	0.83611	0.00516
51	0.01032	0.00516	0.00516	0.00516	0.00645	0.00516	0.00387	0.01290	0.01161	0.02065	0.01807	0.02065	0.01420	0.00645	0.00387	0.00129	0.00258	0.00516	0.83611	0.00516
52	0.02073	0.02512	0.01580	0.01409	0.01713	0.69350	0.01068	0.10756	0.01691	0.01605	0.00911	0.01037	0.00740	0.00582	0.00506	0.00145	0.00953	0.00373	0.00317	0.00677
53	0.01307	0.01494	0.03268	0.02334	0.02894	0.01401	0.75070	0.01774	0.01307	0.01774	0.01120	0.01494	0.00840	0.00467	0.00654	0.00187	0.00934	0.00654	0.00280	0.00747
54	0.00776	0.00566	0.00729	0.00688	0.00822	0.00519	0.00516	0.01029	0.01549	0.02175	0.72323	0.04212	0.09720	0.01149	0.00653	0.00175	0.00262	0.01012	0.00604	0.00519
55	0.00770	0.00561	0.00724	0.00692	0.00821	0.00515	0.00516	0.01015	0.01522	0.02133	0.68454	0.08202	0.09638	0.01181	0.00656	0.00178	0.00266	0.01042	0.00599	0.00515
56	0.01267	0.01074	0.01207	0.00932	0.01371	0.00973	0.00740	0.06041	0.22148	0.02044	0.01359	0.01415	0.01070	0.00520	0.00461	0.00116	0.00429	0.00421	0.00407	0.56004
57	0.84448	0.01071	0.00814	0.00728	0.01071	0.01242	0.00600	0.01628	0.00943	0.02485	0.00771	0.00900	0.00600	0.00514	0.00343	0.00171	0.00428	0.00300	0.00343	0.00600
58	0.01353	0.01197	0.01872	0.04403	0.49643	0.01226	0.01440	0.10181	0.03096	0.01977	0.01481	0.02363	0.01363	0.00729	0.00593	0.00184	0.00620	0.15117	0.00360	0.00805
59	0.00655	0.00561	0.00561	0.00561	0.00748	0.00468	0.00421	0.00795	0.01262	0.01496	0.05610	0.05330	0.76857	0.01403	0.00655	0.00187	0.00281	0.01169	0.00514	0.00468
60	0.00660	0.00561	0.00569	0.00567	0.00752	0.00470	0.00425	0.00806	0.01276	0.01528	0.08757	0.05277	0.73690	0.01391	0.00654	0.00186	0.00280	0.01161	0.00519	0.00470
61	0.01479	0.01637	0.01698	0.28304	0.17887	0.29280	0.01350	0.01744	0.01313	0.01489	0.01074	0.01595	0.00922	0.00622	0.00575	0.00171	0.02569	0.05335	0.00284	0.00672
62	0.01032	0.00516	0.00516	0.00516	0.00645	0.00516	0.00387	0.01290	0.01161	0.02065	0.01807	0.02065	0.01420	0.00645	0.00387	0.00129	0.00258	0.00516	0.83611	0.00516
63	0.01828	0.19433	0.12527	0.01223	0.01709	0.06478	0.01142	0.34864	0.04824	0.08930	0.01238	0.01265	0.00909	0.00602	0.00503	0.00157	0.00641	0.00442	0.00433	0.00852
64	0.61263	0.17878	0.06638	0.00834	0.01237	0.01444	0.00774	0.01643	0.00997	0.02187	0.00787	0.00916	0.00630	0.00507	0.00358	0.00161	0.00490	0.00307	0.00313	0.00638
65	0.01463	0.77069	0.06545	0.00978	0.01469	0.02147	0.01001	0.01663	0.01127	0.01325	0.00781	0.00902	0.00710	0.00476	0.00364	0.00121	0.00603	0.00302	0.00237	0.00716
66	0.00675	0.00482	0.00643	0.00771	0.00803	0.00450	0.00514	0.00771	0.01060	0.01414	0.03053	0.80175	0.03663	0.01735	0.00707	0.00225	0.00321	0.01574	0.00514	0.00450
67	0.01260	0.01203	0.02047	0.29316	0.52032	0.01287	0.01644	0.01602	0.01209	0.01675	0.01022	0.01407	0.00830	0.00514	0.00550	0.00171	0.00685	0.00493	0.00265	0.00788
68	0.00784	0.00566	0.00740	0.00697	0.00827	0.00523	0.00523	0.01045	0.01568	0.02221	0.76789	0.04137	0.05226	0.01132	0.00653	0.00174	0.00261	0.01002	0.00610	0.00523
69	0.01032	0.00516	0.00516	0.00516	0.00645	0.00516	0.00387	0.01290	0.01161	0.02065	0.01807	0.02065	0.01420	0.00645	0.00387	0.00129	0.00258	0.00516	0.83611	0.00516
70	0.01967	0.02425	0.01523	0.01383	0.01672	0.66954	0.01042	0.02320	0.12571	0.01497	0.01062	0.01156	0.00858	0.00597	0.00509	0.00149	0.00916	0.00396	0.00326	0.00677

[dist]
# distance from previous block
# <min> <max>
0	1

[block]
# block no. 1 follows, 43 sequences, length 14
# corresponding to MSA columns:
# 361-374
name=unknown_B
#
# <colnr> <probs for GDERKNQSTAVLIFYWHMCP>
#	G	D	E	R	K	N	Q	S	T	A	V	L	I	F	Y	W	H	M	C	P
0	0.00791	0.00593	0.00890	0.00890	0.00989	0.00692	0.00692	0.00989	0.00890	0.01286	0.01483	0.02176	0.01385	0.04154	0.78341	0.00890	0.01483	0.00593	0.00297	0.00494
1	0.01032	0.00516	0.00516	0.00516	0.00645	0.00516	0.00387	0.01290	0.01161	0.02065	0.01807	0.02065	0.01420	0.00645	0.00387	0.00129	0.00258	0.00516	0.83611	0.00516
2	0.02130	0.01511	0.01637	0.01255	0.01697	0.01658	0.01037	0.70451	0.02537	0.08369	0.01386	0.01366	0.00970	0.00666	0.00554	0.00167	0.00600	0.00502	0.00563	0.00942
3	0.01344	0.01289	0.02200	0.09571	0.71116	0.01309	0.01687	0.01677	0.01249	0.01777	0.01037	0.01379	0.00866	0.00498	0.00549	0.00166	0.00664	0.00493	0.00272	0.00856
4	0.00735	0.04716	0.00738	0.00636	0.00809	0.00571	0.00484	0.00907	0.01323	0.01679	0.24768	0.10865	0.47212	0.01307	0.00643	0.00183	0.00295	0.01111	0.00526	0.00494
5	0.00784	0.00566	0.00740	0.00697	0.00827	0.00523	0.00523	0.01045	0.01568	0.02221	0.76789	0.04137	0.05226	0.01132	0.00653	0.00174	0.00261	0.01002	0.00610	0.00523
6	0.00685	0.00486	0.00639	0.00757	0.00787	0.00457	0.00499	0.00774	0.01039	0.01386	0.02946	0.73911	0.03528	0.08183	0.00880	0.00250	0.00339	0.01512	0.00499	0.00440
7	0.06371	0.01307	0.01463	0.01333	0.07678	0.01445	0.00988	0.29482	0.32528	0.08871	0.01725	0.01657	0.01260	0.00680	0.00546	0.00176	0.00522	0.00544	0.00534	0.00891
8	0.00976	0.00727	0.00946	0.00895	0.01028	0.00821	0.00679	0.09215	0.06021	0.01556	0.01565	0.02341	0.01471	0.17525	0.50874	0.00700	0.01146	0.00624	0.00350	0.00540
9	0.00674	0.00486	0.00638	0.00760	0.00800	0.00451	0.00509	0.00772	0.01071	0.01418	0.03189	0.76171	0.07579	0.01717	0.00704	0.00223	0.00319	0.01553	0.00514	0.00451
10	0.01318	0.01262	0.02153	0.15650	0.65241	0.01302	0.01674	0.01654	0.01236	0.01746	0.01032	0.01388	0.00855	0.00503	0.00549	0.00168	0.00671	0.00493	0.00270	0.00835
11	0.02026	0.01518	0.01649	0.01279	0.01692	0.01704	0.01055	0.68237	0.05257	0.03321	0.01329	0.01350	0.00957	0.00686	0.00628	0.00171	0.05180	0.00503	0.00536	0.00920
12	0.01844	0.01400	0.01521	0.01161	0.01609	0.01473	0.00951	0.54186	0.06367	0.03036	0.01302	0.01329	0.00956	0.00611	0.00521	0.00148	0.00554	0.00466	0.00503	0.20061
13	0.06742	0.18196	0.01840	0.01222	0.01617	0.25028	0.01010	0.33649	0.01889	0.02334	0.01038	0.01113	0.00805	0.00588	0.00484	0.00150	0.00714	0.00402	0.00395	0.00783

[dist]
# distance from previous block
# <min> <max>
0	2

[block]
# block no. 2 follows, 43 sequences, length 23
# corresponding to MSA columns:
# 377-399
name=unknown_C
#
# <colnr> <probs for GDERKNQSTAVLIFYWHMCP>
#	G	D	E	R	K	N	Q	S	T	A	V	L	I	F	Y	W	H	M	C	P
0	0.01827	0.01259	0.01540	0.01477	0.13362	0.01322	0.01033	0.32625	0.12375	0.16394	0.07851	0.01770	0.01469	0.00687	0.00560	0.00169	0.00535	0.00565	0.00535	0.02645
1	0.01536	0.54300	0.12381	0.01122	0.01602	0.15875	0.01111	0.01806	0.03257	0.01399	0.00855	0.00977	0.00737	0.00506	0.00410	0.00132	0.00691	0.00331	0.00254	0.00717
2	0.00744	0.00539	0.00717	0.00835	0.00911	0.00513	0.00630	0.00896	0.01148	0.01500	0.03229	0.49688	0.09674	0.01640	0.00721	0.00232	0.00380	0.25018	0.00513	0.00471
3	0.25066	0.11584	0.01772	0.01857	0.27736	0.13516	0.01152	0.01724	0.01167	0.01826	0.00875	0.01104	0.00739	0.00549	0.00563	0.00164	0.07210	0.00391	0.00288	0.00718
4	0.03642	0.01552	0.13800	0.01429	0.01964	0.01270	0.18096	0.22219	0.01636	0.10694	0.01241	0.01357	0.00896	0.00545	0.00539	0.00156	0.00657	0.00488	0.00405	0.17412
5	0.01506	0.70824	0.02844	0.01068	0.01536	0.06834	0.05830	0.01700	0.01165	0.01337	0.00798	0.00935	0.00719	0.00479	0.00384	0.00124	0.00640	0.00323	0.00243	0.00709
6	0.00710	0.00507	0.00683	0.00811	0.00858	0.00480	0.00575	0.00831	0.01095	0.01453	0.03033	0.68353	0.03587	0.01702	0.00716	0.00230	0.00351	0.13053	0.00513	0.00459
7	0.01289	0.01405	0.02912	0.06083	0.17665	0.01348	0.54812	0.01713	0.01281	0.01754	0.01156	0.03795	0.00926	0.00514	0.00630	0.00183	0.00852	0.00641	0.00284	0.00758
8	0.02388	0.00993	0.03748	0.00996	0.01428	0.00820	0.00845	0.02617	0.01571	0.72682	0.04451	0.01931	0.01468	0.00694	0.00559	0.00172	0.00476	0.00566	0.00668	0.00926
9	0.00675	0.00482	0.00643	0.00771	0.00803	0.00450	0.00514	0.00771	0.01060	0.01414	0.03053	0.80175	0.03663	0.01735	0.00707	0.00225	0.00321	0.01574	0.00514	0.00450
10	0.01293	0.01592	0.08606	0.02280	0.02859	0.01392	0.69830	0.01773	0.01297	0.01773	0.01111	0.01471	0.00830	0.00471	0.00644	0.00186	0.00925	0.00636	0.00277	0.00752
11	0.01317	0.18496	0.13356	0.01937	0.02514	0.01552	0.49391	0.01747	0.01250	0.01672	0.01029	0.01321	0.00794	0.00476	0.00573	0.00171	0.00846	0.00544	0.00265	0.00749
12	0.01423	0.41097	0.02287	0.01199	0.01461	0.08805	0.01067	0.01574	0.01051	0.01320	0.00760	0.01031	0.00718	0.00686	0.00970	0.00172	0.33096	0.00379	0.00243	0.00661
13	0.00675	0.00482	0.00643	0.00771	0.00803	0.00450	0.00514	0.00771	0.01060	0.01414	0.03053	0.80175	0.03663	0.01735	0.00707	0.00225	0.00321	0.01574	0.00514	0.00450
14	0.02077	0.01460	0.01531	0.01210	0.01623	0.06541	0.00986	0.47174	0.12164	0.17060	0.01582	0.01510	0.01107	0.00674	0.00552	0.00169	0.00586	0.00517	0.00562	0.00914
15	0.04754	0.02024	0.02148	0.01696	0.02102	0.37472	0.26837	0.12797	0.01608	0.01856	0.01015	0.01217	0.00787	0.00546	0.00556	0.00163	0.00898	0.00479	0.00325	0.00721
16	0.01342	0.01286	0.02195	0.10189	0.70520	0.01308	0.01685	0.01674	0.01247	0.01774	0.01037	0.01380	0.00865	0.00499	0.00549	0.00166	0.00665	0.00493	0.00272	0.00854
17	0.00688	0.00488	0.00639	0.00754	0.00783	0.00459	0.00496	0.00775	0.01034	0.01379	0.02918	0.72327	0.03494	0.09813	0.00923	0.00257	0.00343	0.01496	0.00496	0.00438
18	0.01358	0.02201	0.44164	0.01564	0.04252	0.01349	0.08732	0.19777	0.01567	0.02218	0.06529	0.01459	0.01104	0.00597	0.00555	0.00174	0.00734	0.00500	0.00345	0.00822
19	0.07043	0.02898	0.07823	0.00926	0.01199	0.00947	0.00787	0.01761	0.24778	0.03892	0.27184	0.10256	0.06370	0.00959	0.00587	0.00182	0.00398	0.00816	0.00522	0.00670
20	0.05152	0.01389	0.07135	0.01916	0.13616	0.04247	0.30345	0.06908	0.04527	0.01877	0.01565	0.13855	0.03431	0.00732	0.00606	0.00185	0.00704	0.00731	0.00354	0.00726
21	0.09907	0.29410	0.07149	0.01252	0.01693	0.14425	0.12580	0.04805	0.01305	0.05188	0.01291	0.01405	0.06224	0.00581	0.00475	0.00152	0.00685	0.00453	0.00316	0.00704
22	0.05193	0.10002	0.14577	0.01425	0.05221	0.13936	0.09176	0.13948	0.04964	0.02000	0.01067	0.01210	0.00827	0.00535	0.00499	0.00149	0.00696	0.00427	0.00337	0.13809

[dist]
# distance from previous block
# <min> <max>
2	15

[block]
# block no. 3 follows, 43 sequences, length 23
# corresponding to MSA columns:
# 415-437
name=unknown_D
#
# <colnr> <probs for GDERKNQSTAVLIFYWHMCP>
#	G	D	E	R	K	N	Q	S	T	A	V	L	I	F	Y	W	H	M	C	P
0	0.03280	0.01253	0.05399	0.01432	0.01875	0.01139	0.24661	0.08172	0.11552	0.15686	0.03300	0.05562	0.04823	0.00678	0.00582	0.00173	0.00616	0.00644	0.00448	0.08724
1	0.13564	0.01237	0.07199	0.36934	0.04750	0.01247	0.05343	0.10040	0.01300	0.05450	0.01059	0.01344	0.00784	0.00547	0.00515	0.00171	0.00655	0.00458	0.00324	0.07079
2	0.19731	0.01080	0.01168	0.03564	0.01385	0.04620	0.00782	0.09526	0.04935	0.30462	0.06830	0.03525	0.01426	0.02641	0.00564	0.00175	0.00488	0.00533	0.00519	0.06043
3	0.01301	0.01104	0.01597	0.18024	0.02081	0.03124	0.12754	0.08808	0.01357	0.06694	0.04907	0.01785	0.04651	0.04301	0.00641	0.00167	0.00597	0.00541	0.00369	0.25198
4	0.01218	0.01091	0.01152	0.01035	0.01268	0.11349	0.04202	0.12535	0.05183	0.01901	0.07930	0.32258	0.02387	0.01093	0.00608	0.00181	0.00503	0.03004	0.00466	0.10638
5	0.01473	0.01375	0.03740	0.19022	0.04685	0.03517	0.16790	0.22675	0.07584	0.02177	0.01309	0.01533	0.02815	0.00630	0.00666	0.00180	0.06527	0.00547	0.00376	0.02378
6	0.01046	0.00984	0.01661	0.79205	0.03814	0.01230	0.01538	0.01415	0.01107	0.01415	0.00984	0.01477	0.00738	0.00554	0.00554	0.00185	0.00738	0.00492	0.00246	0.00615
7	0.01371	0.01316	0.02248	0.03399	0.77081	0.01316	0.01700	0.01700	0.01261	0.01809	0.01042	0.01371	0.00877	0.00493	0.00548	0.00164	0.00658	0.00493	0.00274	0.00877
8	0.00908	0.00759	0.00820	0.00775	0.00996	0.00755	0.00598	0.01486	0.22920	0.01855	0.14700	0.04150	0.38816	0.01155	0.00627	0.00186	0.00339	0.04770	0.00537	0.02846
9	0.02105	0.01551	0.01662	0.01274	0.01717	0.01717	0.01053	0.75235	0.02604	0.03490	0.01330	0.01330	0.00942	0.00665	0.00554	0.00166	0.00609	0.00499	0.00554	0.00942
10	0.00765	0.00552	0.00724	0.00709	0.00823	0.00510	0.00521	0.00998	0.01481	0.02083	0.64175	0.17145	0.04958	0.01235	0.00662	0.00183	0.00272	0.01100	0.00593	0.00510
11	0.84448	0.01071	0.00814	0.00728	0.01071	0.01242	0.00600	0.01628	0.00943	0.02485	0.00771	0.00900	0.00600	0.00514	0.00343	0.00171	0.00428	0.00300	0.00343	0.00600
12	0.00791	0.00593	0.00890	0.00890	0.00989	0.00692	0.00692	0.00989	0.00890	0.01286	0.01483	0.02176	0.01385	0.04154	0.78341	0.00890	0.01483	0.00593	0.00297	0.00494
13	0.01307	0.01494	0.03268	0.02334	0.02894	0.01401	0.75070	0.01774	0.01307	0.01774	0.01120	0.01494	0.00840	0.00467	0.00654	0.00187	0.00934	0.00654	0.00280	0.00747
14	0.01111	0.02865	0.77667	0.01579	0.02397	0.01286	0.02046	0.01754	0.01169	0.01754	0.00994	0.01169	0.00702	0.00526	0.00526	0.00175	0.00818	0.00409	0.00234	0.00818
15	0.01111	0.02865	0.77667	0.01579	0.02397	0.01286	0.02046	0.01754	0.01169	0.01754	0.00994	0.01169	0.00702	0.00526	0.00526	0.00175	0.00818	0.00409	0.00234	0.00818
16	0.01046	0.00984	0.01661	0.79205	0.03814	0.01230	0.01538	0.01415	0.01107	0.01415	0.00984	0.01477	0.00738	0.00554	0.00554	0.00185	0.00738	0.00492	0.00246	0.00615
17	0.00796	0.00533	0.00607	0.00616	0.00619	0.00530	0.00349	0.00803	0.00824	0.01099	0.01842	0.09279	0.02135	0.74716	0.02663	0.00514	0.00521	0.00862	0.00349	0.00344
18	0.02107	0.01108	0.01325	0.01038	0.01430	0.01097	0.00845	0.26782	0.04364	0.40998	0.02133	0.02040	0.06843	0.04444	0.00669	0.00188	0.00505	0.00596	0.00608	0.00877
19	0.01951	0.01242	0.01396	0.01113	0.01507	0.01313	0.00906	0.36093	0.16491	0.22757	0.02072	0.01934	0.07158	0.00745	0.00565	0.00173	0.00514	0.00591	0.00588	0.00892
20	0.01496	0.01451	0.02000	0.01589	0.01842	0.07281	0.17190	0.17519	0.04895	0.01942	0.01023	0.01323	0.00842	0.00755	0.01136	0.00204	0.35929	0.00522	0.00336	0.00724
21	0.04686	0.01064	0.01567	0.01196	0.01617	0.00973	0.15341	0.01895	0.08174	0.20339	0.01739	0.01929	0.05116	0.00644	0.00574	0.00156	0.02732	0.03922	0.00444	0.25892
22	0.28500	0.01487	0.01263	0.01148	0.04913	0.17761	0.00861	0.11137	0.13929	0.02225	0.01147	0.01223	0.00890	0.00571	0.00458	0.00156	0.00583	0.00404	0.00389	0.10955

[dist]
# distance from previous block
# <min> <max>
0	3

[block]
# block no. 4 follows, 43 sequences, length 29
# corresponding to MSA columns:
# 441-469
name=unknown_E
#
# <colnr> <probs for GDERKNQSTAVLIFYWHMCP>
#	G	D	E	R	K	N	Q	S	T	A	V	L	I	F	Y	W	H	M	C	P
0	0.21062	0.01006	0.01054	0.00954	0.01200	0.01145	0.00761	0.09672	0.20424	0.02206	0.05532	0.08232	0.07195	0.00894	0.00650	0.00191	0.07535	0.05518	0.04094	0.00673
1	0.00680	0.00514	0.00630	0.00720	0.00804	0.00465	0.00505	0.00797	0.01132	0.01451	0.03822	0.53765	0.25844	0.01624	0.00694	0.00215	0.00318	0.05048	0.00514	0.00458
2	0.01979	0.01488	0.01591	0.01249	0.01669	0.01658	0.01022	0.62661	0.15384	0.03286	0.01490	0.01458	0.01072	0.00680	0.00556	0.00170	0.00580	0.00521	0.00556	0.00931
3	0.01318	0.01149	0.01094	0.01003	0.01245	0.12526	0.00803	0.20721	0.01656	0.02053	0.05881	0.05940	0.19863	0.03865	0.00708	0.00204	0.00540	0.18318	0.00487	0.00626
4	0.01914	0.45438	0.02193	0.00978	0.01427	0.03930	0.00896	0.02106	0.01329	0.32807	0.01358	0.01304	0.00984	0.00564	0.00443	0.00141	0.00555	0.00406	0.00424	0.00805
5	0.01481	0.80869	0.02902	0.00948	0.01421	0.02191	0.00948	0.01658	0.01125	0.01303	0.00770	0.00888	0.00711	0.00474	0.00355	0.00118	0.00592	0.00296	0.00237	0.00711
6	0.01046	0.00984	0.01661	0.79205	0.03814	0.01230	0.01538	0.01415	0.01107	0.01415	0.00984	0.01477	0.00738	0.00554	0.00554	0.00185	0.00738	0.00492	0.00246	0.00615
7	0.01371	0.01316	0.02248	0.03399	0.77081	0.01316	0.01700	0.01700	0.01261	0.01809	0.01042	0.01371	0.00877	0.00493	0.00548	0.00164	0.00658	0.00493	0.00274	0.00877
8	0.01865	0.02023	0.01510	0.01322	0.01619	0.43650	0.01023	0.17764	0.10921	0.01924	0.01167	0.01291	0.00929	0.00875	0.05863	0.00209	0.04504	0.00442	0.00376	0.00723
9	0.00655	0.00561	0.00561	0.00561	0.00748	0.00468	0.00421	0.00795	0.01262	0.01496	0.05610	0.05330	0.76857	0.01403	0.00655	0.00187	0.00281	0.01169	0.00514	0.00468
10	0.00675	0.00482	0.00643	0.00771	0.00803	0.00450	0.00514	0.00771	0.01060	0.01414	0.03053	0.80175	0.03663	0.01735	0.00707	0.00225	0.00321	0.01574	0.00514	0.00450
11	0.01307	0.01494	0.03268	0.02334	0.02894	0.01401	0.75070	0.01774	0.01307	0.01774	0.01120	0.01494	0.00840	0.00467	0.00654	0.00187	0.00934	0.00654	0.00280	0.00747
12	0.01307	0.01494	0.03268	0.02334	0.02894	0.01401	0.75070	0.01774	0.01307	0.01774	0.01120	0.01494	0.00840	0.00467	0.00654	0.00187	0.00934	0.00654	0.00280	0.00747
13	0.02105	0.01551	0.01662	0.01274	0.01717	0.01717	0.01053	0.75235	0.02604	0.03490	0.01330	0.01330	0.00942	0.00665	0.00554	0.00166	0.00609	0.00499	0.00554	0.00942
14	0.02019	0.02431	0.01554	0.01390	0.01692	0.65532	0.01054	0.08835	0.07369	0.01621	0.01006	0.01110	0.00809	0.00593	0.00509	0.00148	0.00921	0.00390	0.00331	0.00687
15	0.02052	0.01525	0.01632	0.01263	0.01697	0.01693	0.01040	0.69921	0.08004	0.03404	0.01398	0.01384	0.00997	0.00671	0.00555	0.00168	0.00597	0.00508	0.00555	0.00937
16	0.00675	0.00482	0.00643	0.00771	0.00803	0.00450	0.00514	0.00771	0.01060	0.01414	0.03053	0.80175	0.03663	0.01735	0.00707	0.00225	0.00321	0.01574	0.00514	0.00450
17	0.00952	0.00876	0.01272	0.05604	0.30555	0.00835	0.00974	0.01177	0.01254	0.01614	0.03604	0.03599	0.43526	0.01007	0.00608	0.00178	0.00450	0.00873	0.00408	0.00634
18	0.01410	0.01044	0.01143	0.01019	0.01324	0.01140	0.00800	0.02534	0.52218	0.12699	0.02768	0.02654	0.12971	0.00863	0.00582	0.00187	0.00421	0.02838	0.00572	0.00814
19	0.00675	0.00482	0.00643	0.00771	0.00803	0.00450	0.00514	0.00771	0.01060	0.01414	0.03053	0.80175	0.03663	0.01735	0.00707	0.00225	0.00321	0.01574	0.00514	0.00450
20	0.00989	0.00890	0.01268	0.01159	0.01203	0.01169	0.00934	0.01140	0.00885	0.01321	0.01249	0.08712	0.01263	0.02355	0.33370	0.00509	0.40120	0.00628	0.00289	0.00546
21	0.01190	0.19513	0.61710	0.01444	0.02189	0.01479	0.01812	0.01734	0.01160	0.01658	0.00946	0.01109	0.00704	0.00515	0.00490	0.00163	0.00770	0.00385	0.00235	0.00795
22	0.01166	0.14572	0.66446	0.01484	0.02251	0.01422	0.01881	0.01740	0.01163	0.01686	0.00960	0.01127	0.00703	0.00518	0.00501	0.00167	0.00785	0.00392	0.00234	0.00802
23	0.00884	0.00632	0.00881	0.00995	0.01123	0.00629	0.00864	0.01140	0.01297	0.01701	0.08589	0.06086	0.03343	0.01499	0.00756	0.00249	0.00491	0.67813	0.00518	0.00511
24	0.01191	0.00978	0.01755	0.19627	0.02199	0.00988	0.25109	0.01523	0.01226	0.07516	0.01701	0.07631	0.05012	0.00687	0.00563	0.00174	0.00614	0.00669	0.20197	0.00640
25	0.01308	0.01261	0.01867	0.48547	0.11842	0.07215	0.08079	0.10047	0.01351	0.01728	0.01033	0.01412	0.00785	0.00553	0.00558	0.00177	0.00752	0.00497	0.00291	0.00697
26	0.01526	0.12656	0.12971	0.01210	0.01650	0.01268	0.09187	0.17400	0.01641	0.13537	0.19167	0.02009	0.01941	0.00709	0.00557	0.00166	0.00571	0.00602	0.00464	0.00770
27	0.00684	0.00488	0.00653	0.00782	0.00818	0.00458	0.00530	0.00787	0.01069	0.01424	0.03047	0.77090	0.03643	0.01727	0.00709	0.00226	0.00329	0.04569	0.00514	0.00452
28	0.01193	0.01072	0.01319	0.00960	0.01444	0.02751	0.06146	0.01510	0.04439	0.01814	0.01047	0.01210	0.00857	0.00433	0.00437	0.00096	0.00465	0.00366	0.00334	0.72108

[dist]
# distance from previous block
# <min> <max>
0	1

[block]
# block no. 5 follows, 43 sequences, length 43
# corresponding to MSA columns:
# 471-513
name=unknown_F
#
# <colnr> <probs for GDERKNQSTAVLIFYWHMCP>
#	G	D	E	R	K	N	Q	S	T	A	V	L	I	F	Y	W	H	M	C	P
0	0.01636	0.01036	0.01247	0.01038	0.01353	0.04222	0.03964	0.15956	0.05877	0.23974	0.05618	0.19774	0.04642	0.00939	0.00591	0.00178	0.00484	0.00805	0.00547	0.06120
1	0.01168	0.01236	0.02448	0.01850	0.02208	0.01278	0.45587	0.01511	0.01142	0.01594	0.01206	0.05073	0.01047	0.01285	0.15118	0.00327	0.14317	0.00655	0.00287	0.00663
2	0.02014	0.02550	0.01534	0.01395	0.01674	0.74965	0.01047	0.02161	0.01569	0.01393	0.04124	0.01134	0.00908	0.00595	0.00506	0.00144	0.00967	0.00384	0.00299	0.00637
3	0.01114	0.00803	0.01109	0.22151	0.07916	0.00917	0.00900	0.03770	0.01175	0.01851	0.01412	0.01750	0.01115	0.00637	0.00575	0.00158	0.07314	0.00505	0.44234	0.00594
4	0.84448	0.01071	0.00814	0.00728	0.01071	0.01242	0.00600	0.01628	0.00943	0.02485	0.00771	0.00900	0.00600	0.00514	0.00343	0.00171	0.00428	0.00300	0.00343	0.00600
5	0.01194	0.01131	0.01803	0.01446	0.01710	0.01238	0.22311	0.07935	0.10463	0.01832	0.05127	0.13507	0.07808	0.00927	0.00907	0.00203	0.18599	0.00792	0.00398	0.00671
6	0.01312	0.35589	0.15571	0.09554	0.01803	0.03163	0.02420	0.03790	0.01197	0.04780	0.03270	0.06208	0.01117	0.00910	0.06914	0.00213	0.00706	0.00486	0.00301	0.00696
7	0.00673	0.00489	0.00636	0.00753	0.00798	0.00451	0.00506	0.00773	0.01078	0.01421	0.03275	0.73677	0.10018	0.01706	0.00702	0.00222	0.00318	0.01539	0.00514	0.00451
8	0.00665	0.00561	0.00576	0.00572	0.00755	0.00472	0.00429	0.00815	0.01288	0.01556	0.11485	0.05232	0.70945	0.01380	0.00654	0.00186	0.00279	0.01155	0.00522	0.00472
9	0.01447	0.25769	0.36918	0.01367	0.01968	0.14583	0.03964	0.01844	0.01246	0.04768	0.00959	0.01099	0.00739	0.00523	0.00477	0.00153	0.00771	0.00381	0.00264	0.00760
10	0.00801	0.00554	0.00689	0.00689	0.00718	0.00583	0.00441	0.00860	0.00830	0.01136	0.01668	0.03196	0.01828	0.57966	0.25135	0.00641	0.00817	0.00743	0.00324	0.00383
11	0.00693	0.00495	0.00663	0.00792	0.00832	0.00465	0.00545	0.00802	0.01078	0.01434	0.03043	0.74057	0.03624	0.01718	0.00712	0.00227	0.00337	0.07514	0.00514	0.00455
12	0.01243	0.04403	0.01033	0.00905	0.01097	0.29301	0.00661	0.01354	0.01266	0.01340	0.02787	0.03171	0.28741	0.19111	0.01079	0.00248	0.00616	0.00753	0.00378	0.00511
13	0.01677	0.01419	0.01372	0.01161	0.01493	0.11032	0.00922	0.35857	0.19009	0.02586	0.01976	0.08142	0.06778	0.00839	0.00576	0.00177	0.00570	0.03097	0.00515	0.00802
14	0.01577	0.01751	0.01781	0.11630	0.25629	0.30273	0.01325	0.01921	0.07490	0.01583	0.01032	0.01285	0.00850	0.00601	0.00664	0.00169	0.08965	0.00452	0.00295	0.00728
15	0.01600	0.01967	0.04868	0.01948	0.06042	0.31943	0.35031	0.01916	0.01376	0.01581	0.00983	0.01263	0.00780	0.00543	0.00655	0.00171	0.05839	0.00509	0.00278	0.00705
16	0.01371	0.01316	0.02248	0.03399	0.77081	0.01316	0.01700	0.01700	0.01261	0.01809	0.01042	0.01371	0.00877	0.00493	0.00548	0.00164	0.00658	0.00493	0.00274	0.00877
17	0.02029	0.01513	0.01619	0.01259	0.01688	0.01682	0.01034	0.67654	0.10309	0.03367	0.01427	0.01407	0.01020	0.00674	0.00555	0.00168	0.00591	0.00512	0.00555	0.00935
18	0.02215	0.01375	0.01553	0.01191	0.01630	0.01456	0.00984	0.54265	0.02309	0.24876	0.01577	0.01490	0.01066	0.00671	0.00555	0.00168	0.00569	0.00515	0.00592	0.00942
19	0.02069	0.02640	0.01569	0.01427	0.01712	0.78313	0.01070	0.02212	0.01569	0.01355	0.00856	0.00999	0.00713	0.00571	0.00499	0.00143	0.00999	0.00357	0.00285	0.00642
20	0.01489	0.02094	0.22493	0.02372	0.36459	0.22141	0.01623	0.01853	0.01320	0.01672	0.00979	0.01216	0.00785	0.00523	0.00529	0.00162	0.00794	0.00434	0.00266	0.00798
21	0.00966	0.02558	0.00937	0.04177	0.01138	0.00722	0.00723	0.07527	0.01469	0.03342	0.29109	0.11046	0.10829	0.01238	0.00669	0.00202	0.00402	0.21850	0.00536	0.00560
22	0.01307	0.01494	0.03268	0.02334	0.02894	0.01401	0.75070	0.01774	0.01307	0.01774	0.01120	0.01494	0.00840	0.00467	0.00654	0.00187	0.00934	0.00654	0.00280	0.00747
23	0.02458	0.00986	0.01312	0.01006	0.01435	0.00878	0.00831	0.07861	0.01658	0.72200	0.02124	0.01846	0.01340	0.00684	0.00557	0.00171	0.00481	0.00553	0.00676	0.00942
24	0.00726	0.00555	0.00666	0.00656	0.00797	0.00495	0.00485	0.00927	0.01406	0.01878	0.43696	0.12535	0.30585	0.01292	0.00659	0.00184	0.00274	0.01121	0.00566	0.00495
25	0.02451	0.01083	0.01309	0.01022	0.01438	0.07210	0.00835	0.02659	0.01584	0.71183	0.02075	0.01812	0.01317	0.00676	0.00552	0.00169	0.00515	0.00540	0.00652	0.00918
26	0.00665	0.00561	0.00576	0.00572	0.00755	0.00472	0.00429	0.00815	0.01288	0.01556	0.11485	0.05232	0.70945	0.01380	0.00654	0.00186	0.00279	0.01155	0.00522	0.00472
27	0.00675	0.00482	0.00643	0.00771	0.00803	0.00450	0.00514	0.00771	0.01060	0.01414	0.03053	0.80175	0.03663	0.01735	0.00707	0.00225	0.00321	0.01574	0.00514	0.00450
28	0.02015	0.02332	0.01557	0.01375	0.01689	0.58877	0.01050	0.14436	0.08211	0.01794	0.01056	0.01147	0.00836	0.00602	0.00514	0.00151	0.00885	0.00404	0.00354	0.00712
29	0.02485	0.00943	0.01285	0.00985	0.01414	0.00814	0.00814	0.02699	0.01585	0.77465	0.02185	0.01885	0.01371	0.00685	0.00557	0.00171	0.00471	0.00557	0.00685	0.00943
30	0.00883	0.00631	0.00882	0.01009	0.01133	0.00629	0.00876	0.01131	0.01266	0.01647	0.02938	0.09429	0.03208	0.01539	0.00762	0.00254	0.00502	0.70264	0.00510	0.00507
31	0.00855	0.00577	0.00699	0.00740	0.00866	0.00526	0.00527	0.01038	0.04354	0.08081	0.03738	0.46811	0.26118	0.01499	0.00672	0.00207	0.00327	0.01320	0.00531	0.00516
32	0.01733	0.26741	0.25982	0.01161	0.01728	0.01398	0.01246	0.02072	0.01309	0.29486	0.01362	0.01344	0.00951	0.00568	0.00484	0.00156	0.00619	0.00428	0.00401	0.00830
33	0.02485	0.00943	0.01285	0.00985	0.01414	0.00814	0.00814	0.02699	0.01585	0.77465	0.02185	0.01885	0.01371	0.00685	0.00557	0.00171	0.00471	0.00557	0.00685	0.00943
34	0.84448	0.01071	0.00814	0.00728	0.01071	0.01242	0.00600	0.01628	0.00943	0.02485	0.00771	0.00900	0.00600	0.00514	0.00343	0.00171	0.00428	0.00300	0.00343	0.00600
35	0.00804	0.00542	0.00629	0.00629	0.00637	0.00550	0.00367	0.00821	0.00813	0.01092	0.01722	0.03499	0.01959	0.73905	0.09376	0.00568	0.00619	0.00787	0.00332	0.00349
36	0.00668	0.00509	0.00615	0.00700	0.00785	0.00456	0.00483	0.00779	0.01128	0.01442	0.03913	0.54988	0.28295	0.01623	0.00689	0.00212	0.00308	0.01438	0.00514	0.00456
37	0.00982	0.01451	0.23427	0.01274	0.01663	0.01014	0.11705	0.01332	0.01215	0.01663	0.08651	0.03033	0.21919	0.00949	0.00776	0.00196	0.10701	0.07041	0.00372	0.00635
38	0.01506	0.01136	0.07829	0.00931	0.01434	0.00806	0.00820	0.01778	0.01268	0.22252	0.01310	0.01349	0.00959	0.00495	0.00460	0.00114	0.00462	0.00397	0.00417	0.54277
39	0.00663	0.00553	0.00580	0.00599	0.00765	0.00470	0.00445	0.00801	0.01237	0.01490	0.05222	0.14708	0.65804	0.01447	0.00664	0.00194	0.00292	0.03085	0.00514	0.00466
40	0.04662	0.00906	0.07503	0.00857	0.01075	0.02727	0.00734	0.03801	0.04609	0.02092	0.43739	0.03423	0.03585	0.02661	0.04721	0.00222	0.00445	0.06790	0.04869	0.00578
41	0.01193	0.04980	0.15601	0.01259	0.01723	0.01163	0.10241	0.01662	0.09165	0.01783	0.04316	0.01416	0.01065	0.00578	0.00660	0.00149	0.10347	0.00462	0.00327	0.31909
42	0.01458	0.45735	0.02106	0.00963	0.01332	0.04891	0.00865	0.04956	0.05173	0.08124	0.05219	0.07593	0.01355	0.00957	0.06879	0.00205	0.00627	0.00510	0.00355	0.00699

[dist]
# distance from previous block
# <min> <max>
21	95

[block]
# block no. 6 follows, 43 sequences, length 7
# corresponding to MSA columns:
# 610-616
name=unknown_G
#
# <colnr> <probs for GDERKNQSTAVLIFYWHMCP>
#	G	D	E	R	K	N	Q	S	T	A	V	L	I	F	Y	W	H	M	C	P
0	0.01163	0.01002	0.01085	0.15029	0.01594	0.09028	0.00855	0.08010	0.08430	0.01819	0.06473	0.07942	0.09741	0.05641	0.00717	0.00205	0.00527	0.10212	0.09927	0.00599
1	0.01681	0.01381	0.01573	0.07029	0.10330	0.05971	0.01087	0.39370	0.07440	0.02594	0.01462	0.09668	0.01237	0.00755	0.00608	0.00174	0.03443	0.00607	0.00463	0.03128
2	0.16192	0.01230	0.08136	0.01043	0.01537	0.00974	0.08610	0.01572	0.04193	0.01941	0.01013	0.01179	0.00808	0.00459	0.00440	0.00122	0.00506	0.00377	0.00327	0.49343
3	0.01322	0.01657	0.11004	0.01787	0.02264	0.12642	0.41393	0.01752	0.03714	0.01723	0.01552	0.01785	0.07650	0.00594	0.00594	0.00175	0.00808	0.00617	0.06265	0.00702
4	0.07021	0.13096	0.03177	0.00815	0.01008	0.00996	0.00638	0.09527	0.01145	0.01591	0.01804	0.12775	0.05545	0.29510	0.08732	0.00369	0.00602	0.00746	0.00372	0.00531
5	0.01521	0.35517	0.29431	0.01233	0.01804	0.10408	0.01342	0.01865	0.01240	0.09486	0.01009	0.01107	0.00777	0.00526	0.00454	0.00147	0.00707	0.00371	0.00289	0.00766
6	0.01438	0.01568	0.08846	0.08405	0.02073	0.15629	0.19965	0.03830	0.06989	0.07439	0.10337	0.01811	0.02991	0.00638	0.00573	0.00168	0.00713	0.00580	0.00380	0.05628

[dist]
# distance from previous block
# <min> <max>
0	3

[block]
# block no. 7 follows, 43 sequences, length 9
# corresponding to MSA columns:
# 620-628
name=unknown_H
#
# <colnr> <probs for GDERKNQSTAVLIFYWHMCP>
#	G	D	E	R	K	N	Q	S	T	A	V	L	I	F	Y	W	H	M	C	P
0	0.18331	0.26531	0.01877	0.01223	0.07759	0.04147	0.00963	0.18343	0.01456	0.02141	0.05517	0.01256	0.01029	0.00608	0.00549	0.00158	0.06603	0.00419	0.00358	0.00733
1	0.07299	0.11080	0.06411	0.01271	0.01715	0.07477	0.08981	0.31092	0.01823	0.10521	0.02863	0.01515	0.04224	0.00638	0.00527	0.00163	0.00638	0.00506	0.00446	0.00811
2	0.01147	0.15319	0.54558	0.01358	0.02044	0.01339	0.01659	0.01659	0.01193	0.01721	0.07121	0.01363	0.01078	0.00560	0.00502	0.00160	0.00711	0.00434	0.00271	0.05802
3	0.01197	0.32728	0.01749	0.00833	0.01254	0.01270	0.00736	0.01406	0.01187	0.01607	0.07775	0.01747	0.09337	0.00603	0.00435	0.00116	0.00456	0.00463	0.00336	0.34767
4	0.34464	0.01343	0.01718	0.01380	0.01720	0.09593	0.22278	0.01657	0.01132	0.01949	0.01058	0.01570	0.00915	0.00647	0.00663	0.00188	0.10188	0.06577	0.00320	0.00640
5	0.03476	0.00870	0.01027	0.00808	0.01183	0.00709	0.00632	0.01414	0.03323	0.07627	0.11182	0.09550	0.04739	0.00706	0.00494	0.00124	0.00383	0.00595	0.00424	0.50733
6	0.19355	0.00944	0.01011	0.00779	0.01191	0.00818	0.00624	0.01433	0.01155	0.05177	0.05596	0.01632	0.07226	0.00566	0.00435	0.00119	0.00398	0.00438	0.00377	0.50728
7	0.15464	0.01546	0.07845	0.01909	0.26646	0.07400	0.01255	0.19073	0.09598	0.02330	0.01176	0.01312	0.00907	0.00573	0.00511	0.00168	0.00624	0.00459	0.00380	0.00823
8	0.22262	0.01176	0.01196	0.01018	0.02871	0.03447	0.00797	0.26911	0.03904	0.10646	0.03205	0.05577	0.07547	0.03082	0.00579	0.00180	0.00498	0.00576	0.00483	0.04046

[dist]
# distance from previous block
# <min> <max>
5	12

[block]
# block no. 8 follows, 43 sequences, length 11
# corresponding to MSA columns:
# 646-656
name=unknown_I
#
# <colnr> <probs for GDERKNQSTAVLIFYWHMCP>
#	G	D	E	R	K	N	Q	S	T	A	V	L	I	F	Y	W	H	M	C	P
0	0.03535	0.01176	0.04831	0.18482	0.26227	0.01154	0.10571	0.01481	0.01165	0.01664	0.01269	0.11552	0.01176	0.00680	0.00623	0.00175	0.04363	0.00628	0.00304	0.08943
1	0.01313	0.45454	0.36846	0.01234	0.01864	0.01780	0.01446	0.01702	0.01145	0.01508	0.00872	0.01016	0.00707	0.00498	0.00433	0.00144	0.00695	0.00347	0.00236	0.00760
2	0.01294	0.01099	0.01106	0.01073	0.04071	0.12265	0.00796	0.15864	0.01609	0.04514	0.17723	0.17829	0.07867	0.01099	0.00627	0.00188	0.00502	0.09339	0.00504	0.00631
3	0.09539	0.21266	0.36737	0.01191	0.01772	0.01378	0.01360	0.01729	0.01208	0.08924	0.06852	0.01478	0.03165	0.00597	0.00482	0.00161	0.00635	0.00450	0.00324	0.00751
4	0.00925	0.00581	0.00771	0.00831	0.00938	0.00546	0.00626	0.01080	0.01193	0.09035	0.07854	0.39776	0.06678	0.06784	0.00842	0.00243	0.00393	0.19868	0.00524	0.00512
5	0.01188	0.27950	0.45778	0.01294	0.01923	0.01497	0.01538	0.01626	0.01144	0.01574	0.01125	0.08894	0.00998	0.00629	0.00489	0.00162	0.00696	0.00488	0.00263	0.00747
6	0.02046	0.02030	0.01550	0.01315	0.01658	0.41507	0.01028	0.28678	0.01912	0.07172	0.01147	0.01236	0.00873	0.00791	0.04411	0.00190	0.00847	0.00433	0.00410	0.00763
7	0.01904	0.33046	0.02109	0.01109	0.01562	0.01795	0.00981	0.36992	0.01890	0.11756	0.01213	0.01223	0.00903	0.00591	0.00475	0.00148	0.00586	0.00425	0.00444	0.00850
8	0.00916	0.00752	0.01123	0.09002	0.08872	0.00789	0.03084	0.01215	0.04882	0.01558	0.02423	0.15997	0.08509	0.01799	0.15984	0.00348	0.00698	0.21065	0.00415	0.00566
9	0.03579	0.00788	0.00899	0.07602	0.01173	0.04359	0.00703	0.03088	0.01154	0.01787	0.01808	0.16025	0.01721	0.00925	0.00674	0.00177	0.10479	0.05513	0.37005	0.00543
10	0.01216	0.00884	0.00994	0.00877	0.01086	0.00932	0.00661	0.21824	0.06480	0.04214	0.02492	0.08078	0.16458	0.19870	0.11101	0.00355	0.00605	0.00796	0.00464	0.00613

[dist]
# distance from previous block
# <min> <max>
0	2

[block]
# block no. 9 follows, 43 sequences, length 28
# corresponding to MSA columns:
# 659-686
name=unknown_J
#
# <colnr> <probs for GDERKNQSTAVLIFYWHMCP>
#	G	D	E	R	K	N	Q	S	T	A	V	L	I	F	Y	W	H	M	C	P
