[name]
unknown

[dist]
# distance from previous block
# <min> <max>
0	15

[block]
# block no. 0 follows, 52 sequences, length 35
# corresponding to MSA columns:
# 15-49
name=unknown_A
#
# <colnr> <probs for GDERKNQSTAVLIFYWHMCP>
#	G	D	E	R	K	N	Q	S	T	A	V	L	I	F	Y	W	H	M	C	P
0	0.00781	0.00558	0.00781	0.00892	0.01004	0.00558	0.00781	0.01004	0.01116	0.01450	0.02566	0.05466	0.02789	0.01339	0.00669	0.00223	0.00446	0.76685	0.00446	0.00446
1	0.01048	0.01009	0.01733	0.33405	0.40679	0.01082	0.06056	0.01347	0.01054	0.01431	0.01136	0.01450	0.05460	0.00499	0.00493	0.00153	0.00598	0.00475	0.00243	0.00650
2	0.00903	0.00452	0.00452	0.00452	0.00565	0.00452	0.00339	0.01129	0.01016	0.01807	0.01581	0.01807	0.01242	0.00565	0.00339	0.00113	0.00226	0.00452	0.85659	0.00452
3	0.00835	0.00729	0.01053	0.00971	0.01023	0.00947	0.00782	0.00982	0.00765	0.01141	0.01041	0.01576	0.00988	0.02552	0.50179	0.00559	0.32683	0.00482	0.00241	0.00471
4	0.00692	0.00519	0.00779	0.00779	0.00865	0.00606	0.00606	0.00865	0.00779	0.01125	0.01298	0.01904	0.01211	0.03634	0.81049	0.00779	0.01298	0.00519	0.00260	0.00433
5	0.00983	0.05146	0.77911	0.01363	0.02069	0.01151	0.01759	0.01532	0.01022	0.01522	0.00863	0.01015	0.00614	0.00459	0.00456	0.00152	0.00710	0.00355	0.00205	0.00713
6	0.00832	0.01572	0.43368	0.01016	0.01455	0.00812	0.01166	0.01233	0.01169	0.01686	0.33002	0.02292	0.06966	0.00721	0.00512	0.00154	0.00491	0.00608	0.00352	0.00593
7	0.00590	0.00422	0.00562	0.00675	0.00703	0.00394	0.00450	0.00675	0.00928	0.01237	0.02671	0.82653	0.03205	0.01518	0.00619	0.00197	0.00281	0.01378	0.00450	0.00394
8	0.54174	0.04892	0.21217	0.00866	0.01270	0.05664	0.00881	0.01476	0.00918	0.01902	0.00750	0.00875	0.00574	0.00456	0.00350	0.00147	0.00493	0.00294	0.02223	0.00578
9	0.00638	0.00475	0.00593	0.00604	0.00704	0.00430	0.00438	0.00806	0.01199	0.01626	0.44009	0.25180	0.19155	0.01180	0.00584	0.00167	0.00246	0.01041	0.00494	0.00430
10	0.01309	0.01541	0.28445	0.03934	0.01861	0.01053	0.16485	0.04298	0.11389	0.17635	0.01257	0.01322	0.00885	0.00503	0.00488	0.00151	0.00600	0.00452	0.00345	0.06047
11	0.00915	0.00850	0.01425	0.79509	0.03259	0.01059	0.01317	0.01235	0.00970	0.01254	0.00882	0.01307	0.00663	0.00487	0.00480	0.00160	0.00634	0.00431	0.02627	0.00536
12	0.01364	0.47241	0.01942	0.00923	0.01278	0.10940	0.00820	0.05367	0.19488	0.03095	0.01121	0.01144	0.02411	0.00509	0.00386	0.00125	0.00521	0.00361	0.00305	0.00658
13	0.02082	0.00871	0.01143	0.00880	0.01247	0.00789	0.00726	0.10620	0.01484	0.68886	0.04754	0.01670	0.01285	0.00613	0.00490	0.00150	0.00419	0.00496	0.00585	0.00811
14	0.04153	0.23704	0.12704	0.01158	0.04264	0.27190	0.01016	0.10359	0.08313	0.01554	0.00906	0.00995	0.00724	0.00491	0.00414	0.00131	0.00648	0.00342	0.00282	0.00654
15	0.06181	0.47674	0.21106	0.00962	0.01437	0.01529	0.01033	0.03159	0.01059	0.10612	0.00876	0.00948	0.00686	0.00453	0.00371	0.00125	0.00546	0.00314	0.00264	0.00667
16	0.29051	0.31577	0.03338	0.00987	0.07494	0.01419	0.00804	0.09815	0.02499	0.07823	0.00868	0.00947	0.00683	0.00465	0.00360	0.00132	0.00472	0.00318	0.00305	0.00644
17	0.01219	0.38870	0.29429	0.01066	0.01568	0.01473	0.02672	0.01670	0.10487	0.05894	0.00976	0.01048	0.00758	0.00470	0.00400	0.00132	0.00571	0.00348	0.00264	0.00684
18	0.00574	0.00486	0.00496	0.00504	0.00658	0.00408	0.00374	0.00694	0.01092	0.01304	0.04752	0.10145	0.74370	0.01248	0.00576	0.00166	0.00248	0.01048	0.00450	0.00408
19	0.01199	0.01151	0.01967	0.02974	0.79946	0.01151	0.01487	0.01487	0.01103	0.01583	0.00912	0.01199	0.00768	0.00432	0.00480	0.00144	0.00576	0.00432	0.00240	0.00768
20	0.01319	0.01181	0.01488	0.01791	0.32202	0.05740	0.01073	0.09108	0.35126	0.03717	0.01410	0.01453	0.01084	0.00551	0.00484	0.00152	0.00501	0.00477	0.00382	0.00762
21	0.02065	0.01108	0.01219	0.00958	0.01320	0.10599	0.00780	0.17109	0.01559	0.55652	0.01625	0.01461	0.01057	0.00584	0.00481	0.00146	0.00492	0.00456	0.00535	0.00793
22	0.00693	0.00518	0.00771	0.00771	0.00855	0.00602	0.00597	0.00861	0.00777	0.01119	0.01305	0.01941	0.01228	0.05972	0.78733	0.00770	0.01274	0.00525	0.00261	0.00429
23	0.00915	0.00861	0.01453	0.81804	0.03338	0.01077	0.01346	0.01238	0.00969	0.01238	0.00861	0.01292	0.00646	0.00484	0.00484	0.00161	0.00646	0.00431	0.00215	0.00538
24	0.01199	0.01151	0.01967	0.02974	0.79946	0.01151	0.01487	0.01487	0.01103	0.01583	0.00912	0.01199	0.00768	0.00432	0.00480	0.00144	0.00576	0.00432	0.00240	0.00768
25	0.00630	0.00450	0.00608	0.00720	0.00766	0.00428	0.00519	0.00743	0.00967	0.01281	0.02649	0.66573	0.03118	0.01481	0.00629	0.00202	0.00316	0.17066	0.00449	0.00405
26	0.02174	0.00825	0.01125	0.00862	0.01237	0.00712	0.00712	0.02362	0.01387	0.80282	0.01912	0.01649	0.01200	0.00600	0.00487	0.00150	0.00412	0.00487	0.00600	0.00825
27	0.00590	0.00422	0.00562	0.00675	0.00703	0.00394	0.00450	0.00675	0.00928	0.01237	0.02671	0.82653	0.03205	0.01518	0.00619	0.00197	0.00281	0.01378	0.00450	0.00394
28	0.01003	0.00963	0.01669	0.56458	0.23516	0.01105	0.05753	0.01322	0.01014	0.01347	0.00881	0.01268	0.00683	0.00466	0.00488	0.00157	0.00637	0.00439	0.00224	0.00605
29	0.00833	0.00426	0.00640	0.00640	0.00645	0.00431	0.00431	0.00645	0.00640	0.00858	0.00868	0.01498	0.00863	0.01794	0.06396	0.81060	0.00471	0.00426	0.00213	0.00223
30	0.01060	0.01060	0.01484	0.01272	0.01272	0.01484	0.01060	0.01166	0.00742	0.01166	0.00636	0.01060	0.00636	0.00848	0.01590	0.00212	0.82082	0.00424	0.00212	0.00530
31	0.01005	0.00861	0.01005	0.00718	0.01148	0.00646	0.00574	0.01220	0.01005	0.01579	0.00861	0.01005	0.00718	0.00359	0.00359	0.00072	0.00359	0.00287	0.00287	0.85932
32	0.01296	0.83261	0.02539	0.00829	0.01244	0.01917	0.00829	0.01451	0.00985	0.01140	0.00674	0.00777	0.00622	0.00415	0.00311	0.00104	0.00518	0.00259	0.00207	0.00622
33	0.01199	0.01151	0.01967	0.02974	0.79946	0.01151	0.01487	0.01487	0.01103	0.01583	0.00912	0.01199	0.00768	0.00432	0.00480	0.00144	0.00576	0.00432	0.00240	0.00768
34	0.01810	0.02310	0.01373	0.01248	0.01498	0.81024	0.00936	0.01935	0.01373	0.01186	0.00749	0.00874	0.00624	0.00499	0.00437	0.00125	0.00874	0.00312	0.00250	0.00562

[dist]
# distance from previous block
# <min> <max>
2	4

[block]
# block no. 1 follows, 52 sequences, length 38
# corresponding to MSA columns:
# 54-91
name=unknown_B
#
# <colnr> <probs for GDERKNQSTAVLIFYWHMCP>
#	G	D	E	R	K	N	Q	S	T	A	V	L	I	F	Y	W	H	M	C	P
0	0.01352	0.09803	0.40200	0.01120	0.01639	0.07437	0.01248	0.01714	0.01153	0.21678	0.03189	0.01394	0.04871	0.00546	0.00459	0.00146	0.00596	0.00424	0.00330	0.00701
1	0.01055	0.02342	0.72538	0.01329	0.02006	0.01094	0.01682	0.03072	0.01077	0.06259	0.02572	0.01117	0.00735	0.00482	0.00465	0.00153	0.00684	0.00378	0.00240	0.00719
2	0.02174	0.00825	0.01125	0.00862	0.01237	0.00712	0.00712	0.02362	0.01387	0.80282	0.01912	0.01649	0.01200	0.00600	0.00487	0.00150	0.00412	0.00487	0.00600	0.00825
3	0.01364	0.01460	0.01783	0.02455	0.56653	0.22676	0.01319	0.01638	0.03310	0.01488	0.00897	0.01128	0.00748	0.00456	0.00469	0.00139	0.00651	0.00403	0.00249	0.00712
4	0.01064	0.03206	0.41234	0.01554	0.02125	0.02438	0.30649	0.01519	0.01096	0.03501	0.03318	0.01347	0.03684	0.00487	0.00508	0.00156	0.00715	0.00479	0.00249	0.00672
5	0.01049	0.01055	0.01963	0.40227	0.22638	0.01136	0.22088	0.01386	0.01050	0.01411	0.00906	0.01272	0.00701	0.00451	0.00507	0.00158	0.00674	0.00469	0.00230	0.00628
6	0.00705	0.00470	0.00529	0.00529	0.00529	0.00470	0.00294	0.00705	0.00705	0.00940	0.01527	0.03171	0.01762	0.82969	0.02467	0.00470	0.00470	0.00705	0.00294	0.00294
7	0.00966	0.01023	0.02122	0.01603	0.01945	0.00958	0.53235	0.01271	0.01074	0.01451	0.01523	0.27417	0.01528	0.00765	0.00587	0.00174	0.00645	0.00831	0.00311	0.00570
8	0.00612	0.00451	0.00610	0.02908	0.00789	0.00440	0.00489	0.00707	0.00934	0.01250	0.04189	0.76826	0.03103	0.01463	0.00637	0.00195	0.02237	0.01319	0.00440	0.00402
9	0.00606	0.00491	0.00539	0.00530	0.00676	0.00423	0.00396	0.00760	0.01179	0.01494	0.26882	0.06017	0.55983	0.01164	0.00573	0.00161	0.00241	0.00987	0.00475	0.00423
10	0.01130	0.01284	0.02800	0.02007	0.02486	0.01204	0.76185	0.01530	0.01138	0.01544	0.01024	0.03402	0.00799	0.00437	0.00573	0.00164	0.00803	0.00593	0.00250	0.00647
11	0.01421	0.01177	0.02392	0.01724	0.02184	0.01087	0.57309	0.01770	0.01209	0.22768	0.01231	0.01399	0.00860	0.00460	0.00549	0.00160	0.00708	0.00549	0.00341	0.00700
12	0.02165	0.00839	0.01133	0.00869	0.01244	0.00733	0.00718	0.04375	0.01411	0.78235	0.01892	0.01637	0.01190	0.00599	0.00487	0.00150	0.00416	0.00486	0.00597	0.00825
13	0.00709	0.00508	0.00763	0.00763	0.00840	0.00585	0.00585	0.00840	0.00763	0.01094	0.01248	0.01856	0.01171	0.03419	0.72326	0.10159	0.01201	0.00508	0.00254	0.00408
14	0.01075	0.30057	0.52165	0.01178	0.01777	0.01381	0.01434	0.01488	0.01008	0.01394	0.00840	0.02644	0.00671	0.00467	0.00413	0.00137	0.00639	0.00346	0.00211	0.00677
15	0.00686	0.00495	0.00648	0.00610	0.00724	0.00457	0.00457	0.00914	0.01372	0.01943	0.79691	0.03620	0.04572	0.00991	0.00572	0.00152	0.00229	0.00876	0.00533	0.00457
16	0.00590	0.00422	0.00562	0.00675	0.00703	0.00394	0.00450	0.00675	0.00928	0.01237	0.02671	0.82653	0.03205	0.01518	0.00619	0.00197	0.00281	0.01378	0.00450	0.00394
17	0.01841	0.01406	0.01450	0.01122	0.01503	0.05533	0.00922	0.74458	0.02233	0.02959	0.01142	0.01149	0.00814	0.00578	0.00482	0.00144	0.00551	0.00430	0.00473	0.00811
18	0.01296	0.83261	0.02539	0.00829	0.01244	0.01917	0.00829	0.01451	0.00985	0.01140	0.00674	0.00777	0.00622	0.00415	0.00311	0.00104	0.00518	0.00259	0.00207	0.00622
19	0.05931	0.00871	0.01023	0.00779	0.01158	0.00740	0.00634	0.05122	0.01100	0.10510	0.01097	0.01389	0.00910	0.00486	0.00437	0.00104	0.02971	0.05701	0.00341	0.58696
20	0.01133	0.01283	0.02759	0.04651	0.02510	0.01231	0.72603	0.01527	0.01122	0.01527	0.00963	0.01297	0.00728	0.00428	0.00609	0.00165	0.04015	0.00561	0.00243	0.00645
21	0.00972	0.02507	0.80458	0.01381	0.02097	0.01125	0.01790	0.01535	0.01023	0.01535	0.00870	0.01023	0.00614	0.00460	0.00460	0.00153	0.00716	0.00358	0.00205	0.00716
22	0.00915	0.00861	0.01453	0.81804	0.03338	0.01077	0.01346	0.01238	0.00969	0.01238	0.00861	0.01292	0.00646	0.00484	0.00484	0.00161	0.00646	0.00431	0.00215	0.00538
23	0.02054	0.00983	0.03810	0.00928	0.01315	0.00881	0.00787	0.16331	0.03104	0.61876	0.01741	0.01542	0.01117	0.00593	0.00486	0.00150	0.00444	0.00475	0.00563	0.00820
24	0.00834	0.00424	0.00625	0.00625	0.00625	0.00424	0.00413	0.00636	0.00636	0.00848	0.00883	0.01574	0.00897	0.06521	0.01928	0.80817	0.00424	0.00438	0.00215	0.00215
25	0.00692	0.00519	0.00779	0.00779	0.00865	0.00606	0.00606	0.00865	0.00779	0.01125	0.01298	0.01904	0.01211	0.03634	0.81049	0.00779	0.01298	0.00519	0.00260	0.00433
26	0.01296	0.83261	0.02539	0.00829	0.01244	0.01917	0.00829	0.01451	0.00985	0.01140	0.00674	0.00777	0.00622	0.00415	0.00311	0.00104	0.00518	0.00259	0.00207	0.00622
27	0.01693	0.02096	0.01458	0.04436	0.12437	0.67029	0.01028	0.01848	0.01321	0.01243	0.00776	0.00934	0.00645	0.00489	0.00445	0.00129	0.00824	0.00333	0.00247	0.00589
28	0.01060	0.01060	0.01484	0.01272	0.01272	0.01484	0.01060	0.01166	0.00742	0.01166	0.00636	0.01060	0.00636	0.00848	0.01590	0.00212	0.82082	0.00424	0.00212	0.00530
29	0.00915	0.00861	0.01453	0.81804	0.03338	0.01077	0.01346	0.01238	0.00969	0.01238	0.00861	0.01292	0.00646	0.00484	0.00484	0.00161	0.00646	0.00431	0.00215	0.00538
30	0.01041	0.19779	0.63792	0.01263	0.01915	0.01295	0.01585	0.01517	0.01015	0.01450	0.00828	0.00971	0.00616	0.00451	0.00428	0.00143	0.00674	0.00337	0.00205	0.00696
31	0.01153	0.06184	0.02840	0.01970	0.02456	0.01267	0.73583	0.01546	0.01134	0.01528	0.00962	0.01276	0.00729	0.00409	0.00556	0.00160	0.00799	0.00553	0.00243	0.00652
32	0.00573	0.00491	0.00491	0.00491	0.00655	0.00409	0.00368	0.00695	0.01105	0.01309	0.04909	0.04664	0.79750	0.01227	0.00573	0.00164	0.00245	0.01023	0.00450	0.00409
33	0.00590	0.00424	0.00560	0.00669	0.00701	0.00394	0.00447	0.00675	0.00933	0.01239	0.02742	0.80181	0.05631	0.01509	0.00617	0.00196	0.00280	0.01366	0.00450	0.00394
34	0.00940	0.00887	0.01498	0.74924	0.10024	0.01083	0.01358	0.01260	0.00981	0.01268	0.00866	0.01284	0.00657	0.00480	0.00484	0.00160	0.00640	0.00431	0.00217	0.00558
35	0.86392	0.00937	0.00712	0.00637	0.00937	0.01087	0.00525	0.01425	0.00825	0.02174	0.00675	0.00787	0.00525	0.00450	0.00300	0.00150	0.00375	0.00262	0.00300	0.00525
36	0.24221	0.01208	0.01517	0.07230	0.43072	0.09940	0.01144	0.03424	0.01079	0.01713	0.00833	0.01058	0.00680	0.00451	0.00427	0.00145	0.00558	0.00373	0.00262	0.00666
37	0.01478	0.01733	0.01653	0.01379	0.01608	0.40985	0.14235	0.04208	0.03399	0.01329	0.00807	0.01035	0.00677	0.00585	0.00774	0.00157	0.22722	0.00398	0.00253	0.00584

[dist]
# distance from previous block
# <min> <max>
0	1

[block]
# block no. 2 follows, 52 sequences, length 50
# corresponding to MSA columns:
# 93-142
name=unknown_C
#
# <colnr> <probs for GDERKNQSTAVLIFYWHMCP>
#	G	D	E	R	K	N	Q	S	T	A	V	L	I	F	Y	W	H	M	C	P
0	0.04707	0.40428	0.24516	0.01097	0.01570	0.14408	0.04324	0.01556	0.01059	0.01319	0.00755	0.00885	0.00621	0.00443	0.00384	0.00126	0.00639	0.00309	0.00219	0.00636
1	0.00717	0.03959	0.00852	0.00781	0.00881	0.00660	0.00615	0.00890	0.00787	0.01126	0.01272	0.01857	0.01187	0.03501	0.77692	0.00751	0.01266	0.00508	0.00257	0.00441
2	0.01365	0.01741	0.37103	0.01196	0.01712	0.01157	0.02981	0.17101	0.15513	0.13344	0.01282	0.01291	0.00901	0.00539	0.00478	0.00154	0.00578	0.00432	0.00371	0.00761
3	0.01150	0.46885	0.37638	0.01078	0.01628	0.01561	0.01262	0.01489	0.01002	0.01318	0.00762	0.00888	0.00618	0.00435	0.00378	0.00126	0.00607	0.00304	0.00206	0.00664
4	0.01694	0.12992	0.04743	0.01230	0.03788	0.54210	0.00970	0.12087	0.01421	0.01456	0.00804	0.00915	0.00655	0.00496	0.00429	0.00126	0.00766	0.00327	0.00273	0.00617
5	0.01493	0.00994	0.01043	0.00870	0.01129	0.01049	0.00686	0.39419	0.01719	0.02532	0.01484	0.01643	0.01142	0.00653	0.00466	0.00152	0.00424	0.00483	0.41919	0.00702
6	0.00593	0.00424	0.00565	0.00673	0.00703	0.00395	0.00450	0.00681	0.00940	0.01257	0.04813	0.80455	0.03243	0.01504	0.00617	0.00196	0.00280	0.01364	0.00452	0.00395
7	0.01296	0.83261	0.02539	0.00829	0.01244	0.01917	0.00829	0.01451	0.00985	0.01140	0.00674	0.00777	0.00622	0.00415	0.00311	0.00104	0.00518	0.00259	0.00207	0.00622
8	0.00674	0.00489	0.00636	0.00611	0.00720	0.00450	0.00454	0.00888	0.01327	0.01865	0.70998	0.10223	0.06760	0.01042	0.00576	0.00156	0.00234	0.00923	0.00524	0.00450
9	0.00703	0.00476	0.00562	0.00562	0.00574	0.00488	0.00335	0.00726	0.00715	0.00964	0.01496	0.03001	0.01688	0.72328	0.13007	0.00511	0.00581	0.00680	0.00289	0.00312
10	0.01196	0.01294	0.11636	0.01518	0.02009	0.01019	0.42047	0.01553	0.01120	0.09686	0.01034	0.01235	0.00764	0.00422	0.00498	0.00139	0.00652	0.00468	0.00287	0.21423
11	0.00696	0.00506	0.00713	0.00713	0.00776	0.00570	0.00523	0.00823	0.00759	0.01076	0.01359	0.02239	0.01357	0.24646	0.60236	0.00697	0.01079	0.00568	0.00269	0.00396
12	0.00705	0.00470	0.00529	0.00529	0.00529	0.00470	0.00294	0.00705	0.00705	0.00940	0.01527	0.03171	0.01762	0.82969	0.02467	0.00470	0.00470	0.00705	0.00294	0.00294
13	0.01321	0.01171	0.01156	0.01020	0.01305	0.07221	0.00797	0.10845	0.64815	0.02077	0.01792	0.01667	0.01343	0.00637	0.00488	0.00159	0.00437	0.00518	0.00474	0.00758
14	0.12966	0.01148	0.01187	0.00973	0.01299	0.02777	0.00786	0.35953	0.23525	0.07754	0.05628	0.01454	0.01193	0.00607	0.00466	0.00152	0.00452	0.00469	0.00468	0.00743
15	0.01856	0.01336	0.01441	0.01105	0.01492	0.01471	0.00913	0.75271	0.02243	0.06164	0.01194	0.01183	0.00839	0.00582	0.00485	0.00146	0.00528	0.00438	0.00489	0.00824
16	0.00903	0.00452	0.00452	0.00452	0.00565	0.00452	0.00339	0.01129	0.01016	0.01807	0.01581	0.01807	0.01242	0.00565	0.00339	0.00113	0.00226	0.00452	0.85659	0.00452
17	0.00695	0.00510	0.00730	0.00730	0.00800	0.00579	0.00545	0.00834	0.00764	0.01089	0.01343	0.02150	0.01319	0.19065	0.65765	0.00719	0.01137	0.00555	0.00266	0.00406
18	0.01182	0.01150	0.01938	0.10292	0.68780	0.02582	0.04025	0.01474	0.01097	0.01543	0.00906	0.01206	0.00753	0.00437	0.00483	0.00146	0.00596	0.00434	0.00238	0.00739
19	0.86392	0.00937	0.00712	0.00637	0.00937	0.01087	0.00525	0.01425	0.00825	0.02174	0.00675	0.00787	0.00525	0.00450	0.00300	0.00150	0.00375	0.00262	0.00300	0.00525
20	0.00696	0.00504	0.00702	0.00702	0.00761	0.00564	0.00509	0.00816	0.00756	0.01068	0.01369	0.02295	0.01381	0.28128	0.56788	0.00683	0.01042	0.00576	0.00270	0.00390
21	0.76676	0.01052	0.06760	0.00702	0.01037	0.01076	0.00628	0.01469	0.00861	0.05145	0.00737	0.00838	0.00558	0.00456	0.00319	0.00150	0.00402	0.00278	0.00304	0.00551
22	0.01344	0.75714	0.02431	0.00868	0.01267	0.09292	0.00839	0.01496	0.01021	0.01144	0.00681	0.00786	0.00622	0.00422	0.00323	0.00106	0.00551	0.00264	0.00211	0.00616
23	0.03267	0.69379	0.12505	0.00904	0.01351	0.03309	0.00948	0.01470	0.00993	0.01216	0.00700	0.00811	0.00619	0.00423	0.00332	0.00112	0.00547	0.00273	0.00210	0.00631
24	0.03639	0.18963	0.31973	0.01031	0.01551	0.01149	0.01128	0.02817	0.02754	0.14521	0.01022	0.01084	0.00750	0.00462	0.00412	0.00128	0.00543	0.00349	0.00298	0.15427
25	0.23271	0.01311	0.06392	0.01807	0.25388	0.08329	0.18988	0.01511	0.01039	0.01667	0.00833	0.01070	0.00668	0.00463	0.00513	0.00153	0.05296	0.00405	0.00254	0.00643
26	0.76276	0.00987	0.00801	0.00694	0.01005	0.01137	0.00572	0.10626	0.00999	0.02280	0.00733	0.00832	0.00561	0.00466	0.00322	0.00149	0.00394	0.00283	0.00322	0.00561
27	0.00705	0.00470	0.00529	0.00529	0.00529	0.00470	0.00294	0.00705	0.00705	0.00940	0.01527	0.03171	0.01762	0.82969	0.02467	0.00470	0.00470	0.00705	0.00294	0.00294
28	0.00692	0.00519	0.00779	0.00779	0.00865	0.00606	0.00606	0.00865	0.00779	0.01125	0.01298	0.01904	0.01211	0.03634	0.81049	0.00779	0.01298	0.00519	0.00260	0.00433
29	0.03368	0.01013	0.01289	0.13430	0.04267	0.01067	0.00901	0.22733	0.09014	0.33975	0.01471	0.01435	0.01001	0.00579	0.00505	0.00153	0.02100	0.00463	0.00474	0.00762
30	0.00721	0.00533	0.00678	0.00635	0.00761	0.00509	0.00478	0.01028	0.06699	0.01949	0.74362	0.03496	0.04360	0.00968	0.00566	0.00153	0.00239	0.00854	0.00531	0.00478
31	0.00693	0.00518	0.00773	0.00773	0.00858	0.00603	0.00599	0.00862	0.00777	0.01121	0.01303	0.01933	0.01224	0.05443	0.79258	0.00772	0.01279	0.00523	0.00260	0.00430
32	0.06131	0.00905	0.01260	0.37154	0.02178	0.01009	0.01004	0.05338	0.13199	0.24879	0.01347	0.01443	0.00940	0.00548	0.00476	0.00157	0.00516	0.00456	0.00389	0.00671
33	0.01235	0.23754	0.32113	0.01323	0.07251	0.12047	0.05194	0.01657	0.06929	0.02881	0.00912	0.01035	0.00710	0.00466	0.00427	0.00137	0.00649	0.00358	0.00245	0.00677
34	0.00683	0.00495	0.00644	0.00607	0.00722	0.00456	0.00455	0.00909	0.01366	0.01929	0.77985	0.03644	0.06287	0.00996	0.00572	0.00153	0.00229	0.00880	0.00532	0.00456
35	0.00705	0.00470	0.00529	0.00529	0.00529	0.00470	0.00294	0.00705	0.00705	0.00940	0.01527	0.03171	0.01762	0.82969	0.02467	0.00470	0.00470	0.00705	0.00294	0.00294
36	0.02395	0.15929	0.18650	0.01100	0.02759	0.11777	0.05800	0.01389	0.01141	0.03015	0.21600	0.01677	0.01682	0.00633	0.00573	0.00146	0.08339	0.00493	0.00311	0.00589
37	0.01209	0.01230	0.02110	0.02467	0.48315	0.04363	0.22521	0.01622	0.08243	0.01599	0.01021	0.01272	0.00818	0.00449	0.00505	0.00150	0.00637	0.00476	0.00265	0.00728
38	0.00580	0.00464	0.00519	0.00563	0.00674	0.00403	0.00400	0.00687	0.01035	0.01281	0.04029	0.35343	0.49639	0.01342	0.00591	0.00177	0.00259	0.01162	0.00450	0.00403
39	0.03678	0.00828	0.01102	0.00852	0.01214	0.00731	0.00701	0.04598	0.01397	0.72826	0.03845	0.01731	0.02942	0.00619	0.00488	0.00150	0.00407	0.00503	0.00586	0.00801
40	0.01634	0.00975	0.01140	0.00936	0.01247	0.01012	0.00753	0.24770	0.18359	0.28385	0.06615	0.07428	0.01532	0.00711	0.00506	0.00157	0.00422	0.02141	0.00525	0.00751
41	0.00972	0.02507	0.80458	0.01381	0.02097	0.01125	0.01790	0.01535	0.01023	0.01535	0.00870	0.01023	0.00614	0.00460	0.00460	0.00153	0.00716	0.00358	0.00205	0.00716
42	0.01212	0.62358	0.22708	0.00972	0.01465	0.01712	0.01078	0.01473	0.00995	0.01242	0.00724	0.00841	0.00620	0.00426	0.00350	0.00117	0.00569	0.00285	0.00207	0.00646
43	0.00964	0.00599	0.00819	0.00744	0.00928	0.00540	0.04536	0.01149	0.01205	0.16324	0.22684	0.11316	0.22316	0.02616	0.00610	0.00175	0.00337	0.11137	0.00485	0.00513
44	0.00984	0.05579	0.77494	0.01360	0.02065	0.01156	0.01754	0.01532	0.01022	0.01520	0.00862	0.01014	0.00614	0.00459	0.00455	0.00152	0.00709	0.00354	0.00205	0.00713
45	0.00703	0.00476	0.00562	0.00562	0.00574	0.00488	0.00335	0.00726	0.00715	0.00964	0.01496	0.03002	0.01688	0.72349	0.12986	0.00511	0.00581	0.00680	0.00289	0.00312
46	0.00768	0.00540	0.00733	0.00824	0.00926	0.00533	0.00678	0.00986	0.03364	0.03105	0.04419	0.25199	0.04249	0.01339	0.00643	0.00210	0.00392	0.50188	0.00454	0.00450
47	0.01286	0.69571	0.11473	0.00916	0.01356	0.06093	0.00946	0.01487	0.01010	0.01188	0.00700	0.00811	0.00621	0.00424	0.00335	0.00111	0.00560	0.00273	0.00209	0.00630
48	0.04195	0.23384	0.15137	0.01139	0.05506	0.04372	0.01027	0.19091	0.16472	0.03501	0.01111	0.01150	0.00849	0.00516	0.00428	0.00139	0.00538	0.00388	0.00339	0.00718
49	0.01242	0.33071	0.32949	0.01067	0.01582	0.02965	0.01187	0.06445	0.01118	0.06969	0.00936	0.03371	0.00752	0.00488	0.00407	0.00131	0.00584	0.00360	0.00263	0.04114

[dist]
# distance from previous block
# <min> <max>
2	3

[block]
# block no. 3 follows, 52 sequences, length 17
# corresponding to MSA columns:
# 146-162
name=unknown_D
#
# <colnr> <probs for GDERKNQSTAVLIFYWHMCP>
#	G	D	E	R	K	N	Q	S	T	A	V	L	I	F	Y	W	H	M	C	P
0	0.17619	0.11883	0.43134	0.02963	0.01687	0.01170	0.03280	0.03105	0.01008	0.01620	0.00964	0.05047	0.00808	0.00537	0.00430	0.00151	0.00592	0.03112	0.00251	0.00639
1	0.08601	0.05617	0.02645	0.01152	0.07160	0.04291	0.07430	0.07745	0.14249	0.08255	0.03335	0.08684	0.01499	0.00757	0.00534	0.00166	0.02599	0.12671	0.01983	0.00628
2	0.01092	0.00608	0.00713	0.00619	0.00856	0.00514	0.00486	0.01242	0.01199	0.25946	0.06764	0.03553	0.49507	0.00992	0.00538	0.00156	0.00301	0.00824	0.00494	0.03595
3	0.01005	0.00861	0.01005	0.00718	0.01148	0.00646	0.00574	0.01220	0.01005	0.01579	0.00861	0.01005	0.00718	0.00359	0.00359	0.00072	0.00359	0.00287	0.00287	0.85932
4	0.01349	0.11036	0.08337	0.04110	0.29127	0.08516	0.09407	0.10497	0.04414	0.05276	0.00988	0.01157	0.00772	0.00470	0.00463	0.00140	0.00610	0.00414	0.00290	0.02626
5	0.00705	0.00470	0.00529	0.00529	0.00529	0.00470	0.00294	0.00705	0.00705	0.00940	0.01527	0.03171	0.01762	0.82969	0.02467	0.00470	0.00470	0.00705	0.00294	0.00294
6	0.86392	0.00937	0.00712	0.00637	0.00937	0.01087	0.00525	0.01425	0.00825	0.02174	0.00675	0.00787	0.00525	0.00450	0.00300	0.00150	0.00375	0.00262	0.00300	0.00525
7	0.01532	0.22403	0.01652	0.01116	0.01379	0.43501	0.00906	0.03464	0.05569	0.01260	0.00808	0.00956	0.00692	0.00607	0.02517	0.00148	0.10316	0.00333	0.00254	0.00588
8	0.05298	0.01187	0.01330	0.01023	0.01404	0.01259	0.00845	0.53390	0.01964	0.25267	0.01360	0.01289	0.00920	0.00582	0.00478	0.00147	0.00492	0.00444	0.00511	0.00812
9	0.03700	0.08772	0.08012	0.06305	0.12594	0.12434	0.21933	0.03278	0.09933	0.05351	0.01041	0.01212	0.00800	0.00483	0.00499	0.00149	0.02103	0.00443	0.00288	0.00670
10	0.01842	0.01357	0.01454	0.01115	0.01503	0.01503	0.00921	0.78330	0.02278	0.03054	0.01163	0.01163	0.00824	0.00582	0.00485	0.00145	0.00533	0.00436	0.00485	0.00824
11	0.05096	0.32836	0.01796	0.00977	0.01345	0.10041	0.00851	0.34117	0.01586	0.02036	0.04358	0.01077	0.00877	0.00521	0.00409	0.00128	0.00544	0.00367	0.00348	0.00690
12	0.00684	0.00506	0.00738	0.00748	0.00822	0.00575	0.00565	0.00834	0.00786	0.01119	0.01442	0.09352	0.01440	0.10226	0.67019	0.00699	0.01135	0.00613	0.00280	0.00417
13	0.01062	0.05980	0.69901	0.01345	0.02006	0.08422	0.01671	0.01567	0.01053	0.01486	0.00850	0.00999	0.00615	0.00462	0.00452	0.00149	0.00722	0.00350	0.00209	0.00698
14	0.01166	0.27578	0.32604	0.01088	0.01582	0.01387	0.01186	0.01808	0.21976	0.03462	0.01129	0.01172	0.00863	0.00502	0.00423	0.00141	0.00557	0.00381	0.00293	0.00703
15	0.00686	0.00623	0.05724	0.00640	0.00800	0.00492	0.00528	0.00919	0.01306	0.01814	0.62493	0.03624	0.16542	0.00995	0.00565	0.00154	0.00263	0.00867	0.00499	0.00466
16	0.00744	0.00545	0.00681	0.00629	0.00763	0.00514	0.00477	0.05413	0.01402	0.01954	0.68715	0.03566	0.10782	0.00987	0.00567	0.00153	0.00248	0.00863	0.00523	0.00475

[dist]
# distance from previous block
# <min> <max>
0	1

[block]
# block no. 4 follows, 52 sequences, length 109
# corresponding to MSA columns:
# 164-272
name=unknown_E
#
# <colnr> <probs for GDERKNQSTAVLIFYWHMCP>
#	G	D	E	R	K	N	Q	S	T	A	V	L	I	F	Y	W	H	M	C	P
0	0.02450	0.00958	0.01044	0.00833	0.01163	0.09111	0.04166	0.01272	0.03934	0.01543	0.06445	0.11502	0.01336	0.00591	0.00432	0.00110	0.00418	0.01655	0.00328	0.50710
1	0.00705	0.00470	0.00529	0.00529	0.00529	0.00470	0.00294	0.00705	0.00705	0.00940	0.01527	0.03171	0.01762	0.82969	0.02467	0.00470	0.00470	0.00705	0.00294	0.00294
2	0.00692	0.00519	0.00779	0.00779	0.00865	0.00606	0.00606	0.00865	0.00779	0.01125	0.01298	0.01904	0.01211	0.03634	0.81049	0.00779	0.01298	0.00519	0.00260	0.00433
3	0.31322	0.00864	0.00982	0.00784	0.01133	0.00842	0.00647	0.02037	0.01192	0.53249	0.01484	0.01351	0.00966	0.00548	0.00422	0.00150	0.00399	0.00409	0.00496	0.00721
4	0.00741	0.00561	0.00792	0.00770	0.00825	0.00660	0.00578	0.00852	0.00752	0.01076	0.01256	0.02067	0.01252	0.20294	0.52147	0.04590	0.09578	0.00545	0.00260	0.00403
5	0.00842	0.00421	0.00631	0.00631	0.00631	0.00421	0.00421	0.00631	0.00631	0.00842	0.00842	0.01473	0.00842	0.01684	0.01894	0.85901	0.00421	0.00421	0.00210	0.00210
6	0.01147	0.01734	0.34456	0.01516	0.02048	0.01153	0.28552	0.11416	0.02664	0.03250	0.01109	0.06682	0.00886	0.00535	0.00515	0.00159	0.00687	0.00519	0.00285	0.00689
7	0.23601	0.01023	0.01124	0.00885	0.01245	0.01060	0.00731	0.26308	0.01527	0.35725	0.01357	0.01274	0.00908	0.00556	0.00439	0.00149	0.00441	0.00414	0.00486	0.00748
8	0.00695	0.00508	0.00723	0.00723	0.00790	0.00575	0.00536	0.00829	0.00762	0.01083	0.01349	0.02189	0.01335	0.21462	0.63391	0.00709	0.01112	0.00561	0.00267	0.00401
9	0.01320	0.00866	0.00910	0.00760	0.00998	0.00936	0.00607	0.34384	0.04908	0.02352	0.01418	0.01530	0.01073	0.00576	0.00408	0.00129	0.00365	0.00449	0.45384	0.00625
10	0.01205	0.01041	0.01096	0.00986	0.01260	0.01205	0.00767	0.02575	0.79071	0.02027	0.01972	0.01808	0.01479	0.00657	0.00493	0.00164	0.00384	0.00548	0.00493	0.00767
11	0.01150	0.01101	0.01877	0.16716	0.66592	0.01138	0.01463	0.01444	0.01080	0.01523	0.00903	0.01216	0.00746	0.00441	0.00481	0.00147	0.00588	0.00432	0.00236	0.00728
12	0.01156	0.01108	0.01889	0.14877	0.68379	0.01140	0.01466	0.01450	0.01083	0.01531	0.00904	0.01213	0.00749	0.00440	0.00480	0.00147	0.00586	0.00432	0.00236	0.00733
13	0.01411	0.01137	0.01213	0.01012	0.01336	0.01269	0.00807	0.28582	0.47175	0.02350	0.01616	0.01530	0.01201	0.00611	0.00481	0.00151	0.00433	0.00491	0.00476	0.06718
14	0.00694	0.00514	0.00754	0.00754	0.00831	0.00592	0.00574	0.00849	0.00771	0.01106	0.01321	0.02032	0.01267	0.11636	0.73123	0.00748	0.01214	0.00538	0.00263	0.00419
15	0.01378	0.03037	0.25622	0.01015	0.01434	0.00932	0.01024	0.01908	0.16408	0.27450	0.06361	0.01654	0.01290	0.03440	0.04693	0.00196	0.00539	0.00487	0.00417	0.00715
16	0.00860	0.00475	0.00703	0.00685	0.00685	0.00510	0.00475	0.00676	0.00641	0.00869	0.00824	0.01438	0.00824	0.01613	0.01868	0.78686	0.07296	0.00421	0.00211	0.00237
17	0.00590	0.00422	0.00562	0.00675	0.00703	0.00394	0.00450	0.00675	0.00928	0.01237	0.02671	0.82653	0.03205	0.01518	0.00619	0.00197	0.00281	0.01378	0.00450	0.00394
18	0.01104	0.00930	0.00699	0.00667	0.00798	0.21055	0.00484	0.01269	0.01059	0.01512	0.01360	0.01782	0.01166	0.13459	0.00697	0.00172	0.00430	0.00456	0.50447	0.00455
19	0.01019	0.00874	0.01011	0.00737	0.01157	0.00687	0.00588	0.01318	0.06664	0.01612	0.00942	0.01063	0.00773	0.00381	0.00369	0.00078	0.00361	0.00306	0.00302	0.79758
20	0.00859	0.00764	0.01099	0.01002	0.01050	0.01004	0.00812	0.01002	0.00762	0.01144	0.00998	0.01521	0.00951	0.02372	0.45039	0.00522	0.37908	0.00476	0.00238	0.00477
21	0.01495	0.51949	0.02088	0.00991	0.01342	0.32516	0.00871	0.01638	0.01135	0.01158	0.00703	0.00815	0.00623	0.00447	0.00360	0.00112	0.00656	0.00280	0.00224	0.00599
22	0.00651	0.00494	0.00599	0.00573	0.00702	0.00442	0.00429	0.00846	0.01288	0.01745	0.56325	0.03946	0.28062	0.01065	0.00572	0.00156	0.00234	0.00922	0.00507	0.00442
23	0.01432	0.01031	0.01440	0.28023	0.16767	0.03652	0.01111	0.13778	0.04500	0.19185	0.01243	0.01462	0.00915	0.00548	0.00488	0.00154	0.00554	0.02653	0.00367	0.00698
24	0.01057	0.06923	0.71189	0.01324	0.02002	0.01161	0.01674	0.03236	0.01063	0.04720	0.00907	0.01038	0.00643	0.00466	0.00454	0.00150	0.00689	0.00359	0.00227	0.00718
25	0.00573	0.00488	0.00494	0.00498	0.00656	0.00408	0.00371	0.00695	0.01097	0.01306	0.04819	0.07796	0.76675	0.01239	0.00575	0.00165	0.00247	0.01037	0.00450	0.00408
26	0.01046	0.00994	0.01689	0.45636	0.38487	0.01111	0.01411	0.01352	0.01031	0.01396	0.00884	0.01250	0.00702	0.00460	0.00482	0.00153	0.00614	0.00431	0.00227	0.00644
27	0.01162	0.49819	0.34807	0.01058	0.01597	0.01589	0.01227	0.01486	0.01001	0.01304	0.00755	0.00879	0.00619	0.00434	0.00373	0.00124	0.00600	0.00300	0.00206	0.00661
28	0.00915	0.00861	0.01453	0.81804	0.03338	0.01077	0.01346	0.01238	0.00969	0.01238	0.00861	0.01292	0.00646	0.00484	0.00484	0.00161	0.00646	0.00431	0.00215	0.00538
29	0.00846	0.00732	0.01148	0.54989	0.02411	0.00876	0.00999	0.01062	0.00882	0.01140	0.01081	0.01912	0.01014	0.27699	0.01138	0.00263	0.00588	0.00521	0.00241	0.00458
30	0.00592	0.00489	0.00520	0.00518	0.00668	0.00416	0.00386	0.00731	0.01142	0.01412	0.17268	0.07622	0.64161	0.01200	0.00574	0.00163	0.00244	0.01013	0.00464	0.00416
31	0.00593	0.00424	0.00565	0.00673	0.00703	0.00395	0.00450	0.00682	0.00941	0.01258	0.04901	0.80365	0.03245	0.01503	0.00617	0.00196	0.00280	0.01363	0.00452	0.00395
32	0.01032	0.00981	0.01665	0.49298	0.34928	0.01107	0.01404	0.01341	0.01024	0.01380	0.00882	0.01254	0.00696	0.00463	0.00483	0.00154	0.00617	0.00431	0.00225	0.00633
33	0.02939	0.01266	0.20193	0.01645	0.27312	0.00909	0.01176	0.01569	0.01124	0.20309	0.02760	0.14060	0.01276	0.00659	0.00497	0.00156	0.00514	0.00580	0.00356	0.00700
34	0.00625	0.00493	0.00563	0.00545	0.00686	0.00431	0.00409	0.00796	0.01227	0.01600	0.39166	0.04186	0.45312	0.01119	0.00572	0.00158	0.00238	0.00956	0.00488	0.00431
35	0.01028	0.16410	0.67043	0.01286	0.01950	0.01262	0.01625	0.01520	0.01017	0.01467	0.00836	0.00981	0.00615	0.00453	0.00435	0.00145	0.00682	0.00341	0.00205	0.00700
36	0.01193	0.01145	0.01956	0.04691	0.78278	0.01150	0.01484	0.01482	0.01101	0.01576	0.00910	0.01201	0.00765	0.00433	0.00480	0.00144	0.00577	0.00432	0.00239	0.00763
37	0.01054	0.22009	0.60071	0.01261	0.01900	0.01319	0.03081	0.01515	0.01016	0.01440	0.00824	0.00969	0.00618	0.00448	0.00426	0.00142	0.00670	0.00338	0.00206	0.00692
38	0.01105	0.01104	0.01055	0.01047	0.01183	0.21303	0.00864	0.01332	0.04306	0.01362	0.01775	0.03452	0.01845	0.01019	0.00747	0.00194	0.13344	0.42101	0.00361	0.00502
39	0.01199	0.01151	0.01967	0.02974	0.79946	0.01151	0.01487	0.01487	0.01103	0.01583	0.00912	0.01199	0.00768	0.00432	0.00480	0.00144	0.00576	0.00432	0.00240	0.00768
40	0.01199	0.01151	0.01967	0.02974	0.79946	0.01151	0.01487	0.01487	0.01103	0.01583	0.00912	0.01199	0.00768	0.00432	0.00480	0.00144	0.00576	0.00432	0.00240	0.00768
41	0.00620	0.00490	0.00558	0.00547	0.00685	0.00428	0.00408	0.00784	0.01206	0.01565	0.35328	0.07422	0.45953	0.01143	0.00574	0.00160	0.00240	0.00978	0.00484	0.00428
42	0.00946	0.00854	0.01589	0.01222	0.01505	0.00799	0.32531	0.01266	0.02585	0.04973	0.41373	0.02588	0.02769	0.00735	0.00569	0.00158	0.00485	0.02079	0.00415	0.00558
43	0.01115	0.01262	0.02741	0.01972	0.02438	0.01183	0.74185	0.01507	0.01133	0.01536	0.01067	0.05494	0.00862	0.00466	0.00574	0.00165	0.00789	0.00613	0.00256	0.00640
44	0.03032	0.01240	0.01690	0.02266	0.51729	0.11820	0.01237	0.01730	0.02567	0.16358	0.01092	0.01243	0.00838	0.00477	0.00472	0.00143	0.00578	0.00425	0.00315	0.00746
45	0.02174	0.00825	0.01125	0.00862	0.01237	0.00712	0.00712	0.02362	0.01387	0.80282	0.01912	0.01649	0.01200	0.00600	0.00487	0.00150	0.00412	0.00487	0.00600	0.00825
46	0.00948	0.00895	0.01513	0.72596	0.12286	0.01085	0.01362	0.01267	0.00985	0.01278	0.00867	0.01281	0.00660	0.00478	0.00484	0.00159	0.00638	0.00431	0.00218	0.00565
47	0.01183	0.01145	0.01988	0.06758	0.72238	0.01152	0.05428	0.01478	0.01099	0.01565	0.00913	0.01209	0.00760	0.00433	0.00485	0.00146	0.00592	0.00439	0.00239	0.00751
48	0.00996	0.08497	0.74678	0.01340	0.02034	0.01184	0.01719	0.01528	0.01020	0.01505	0.00855	0.01005	0.00614	0.00457	0.00449	0.00150	0.00702	0.00351	0.00205	0.00709
49	0.00915	0.00861	0.01453	0.81804	0.03338	0.01077	0.01346	0.01238	0.00969	0.01238	0.00861	0.01292	0.00646	0.00484	0.00484	0.00161	0.00646	0.00431	0.00215	0.00538
50	0.01811	0.02286	0.01375	0.01245	0.01498	0.79074	0.00936	0.03808	0.01395	0.01232	0.00759	0.00881	0.00629	0.00501	0.00438	0.00125	0.00866	0.00315	0.00255	0.00568
51	0.01001	0.09850	0.73373	0.01331	0.02020	0.01197	0.01703	0.01527	0.01020	0.01499	0.00852	0.01001	0.00615	0.00456	0.00447	0.00149	0.00698	0.00349	0.00205	0.00708
52	0.00981	0.02445	0.76464	0.01415	0.02120	0.01131	0.05723	0.01536	0.01029	0.01536	0.00875	0.01038	0.00620	0.00458	0.00466	0.00154	0.00721	0.00369	0.00207	0.00713
53	0.00633	0.00493	0.00574	0.00554	0.00691	0.00435	0.00415	0.00811	0.01246	0.01644	0.44425	0.04112	0.40024	0.01102	0.00572	0.00158	0.00237	0.00945	0.00494	0.00435
54	0.00921	0.00867	0.01464	0.80174	0.04922	0.01078	0.01349	0.01243	0.00972	0.01245	0.00862	0.01290	0.00649	0.00483	0.00484	0.00161	0.00645	0.00431	0.00216	0.00543
55	0.01838	0.01856	0.01397	0.01178	0.01489	0.44954	0.00921	0.33455	0.01747	0.05186	0.00967	0.01025	0.00730	0.00537	0.00459	0.00134	0.00715	0.00370	0.00361	0.00681
56	0.00590	0.00422	0.00562	0.00675	0.00703	0.00394	0.00450	0.00675	0.00928	0.01237	0.02671	0.82653	0.03205	0.01518	0.00619	0.00197	0.00281	0.01378	0.00450	0.00394
57	0.00686	0.00495	0.00648	0.00610	0.00724	0.00457	0.00457	0.00914	0.01372	0.01943	0.79691	0.03620	0.04572	0.00991	0.00572	0.00152	0.00229	0.00876	0.00533	0.00457
58	0.01419	0.01162	0.01099	0.00981	0.01215	0.16990	0.00772	0.26359	0.01526	0.09341	0.01709	0.21339	0.01666	0.00897	0.00533	0.00165	0.00517	0.11261	0.00435	0.00615
59	0.00705	0.00470	0.00529	0.00529	0.00529	0.00470	0.00294	0.00705	0.00705	0.00940	0.01527	0.03171	0.01762	0.82969	0.02467	0.00470	0.00470	0.00705	0.00294	0.00294
60	0.00682	0.00495	0.00642	0.00605	0.00721	0.00455	0.00454	0.00906	0.01361	0.01919	0.76824	0.03660	0.07455	0.01000	0.00572	0.00153	0.00229	0.00882	0.00530	0.00455
61	0.01032	0.00981	0.01665	0.49298	0.34928	0.01107	0.01404	0.01341	0.01024	0.01380	0.00882	0.01254	0.00696	0.00463	0.00483	0.00154	0.00617	0.00431	0.00225	0.00633
62	0.01199	0.01151	0.01967	0.02974	0.79946	0.01151	0.01487	0.01487	0.01103	0.01583	0.00912	0.01199	0.00768	0.00432	0.00480	0.00144	0.00576	0.00432	0.00240	0.00768
63	0.00915	0.00861	0.01453	0.81804	0.03338	0.01077	0.01346	0.01238	0.00969	0.01238	0.00861	0.01292	0.00646	0.00484	0.00484	0.00161	0.00646	0.00431	0.00215	0.00538
64	0.01296	0.83261	0.02539	0.00829	0.01244	0.01917	0.00829	0.01451	0.00985	0.01140	0.00674	0.00777	0.00622	0.00415	0.00311	0.00104	0.00518	0.00259	0.00207	0.00622
65	0.01080	0.01027	0.01738	0.35058	0.47098	0.01111	0.01411	0.01380	0.01047	0.01442	0.00890	0.01233	0.00717	0.00452	0.00479	0.00150	0.00600	0.00428	0.00231	0.02428
66	0.00915	0.00861	0.01453	0.81804	0.03338	0.01077	0.01346	0.01238	0.00969	0.01238	0.00861	0.01292	0.00646	0.00484	0.00484	0.00161	0.00646	0.00431	0.00215	0.00538
67	0.00692	0.00502	0.00657	0.00638	0.00754	0.00467	0.00491	0.00916	0.01331	0.01860	0.67701	0.03877	0.07384	0.01041	0.00583	0.00161	0.00255	0.09715	0.00520	0.00454
68	0.01275	0.01139	0.02305	0.01689	0.02099	0.01080	0.54734	0.01605	0.01150	0.15292	0.01265	0.07981	0.01013	0.00553	0.00608	0.00166	0.04451	0.00616	0.00322	0.00657
69	0.01930	0.01183	0.16798	0.00972	0.01412	0.02207	0.00929	0.02191	0.01315	0.63336	0.01686	0.01512	0.01074	0.00570	0.00481	0.00150	0.00480	0.00459	0.00516	0.00799
70	0.00739	0.00592	0.00818	0.00808	0.00897	0.03214	0.00630	0.00908	0.00797	0.01128	0.01261	0.01846	0.01176	0.03453	0.76159	0.00741	0.03623	0.00510	0.00258	0.00440
71	0.01045	0.00994	0.01688	0.45785	0.38342	0.01111	0.01410	0.01352	0.01030	0.01396	0.00884	0.01250	0.00702	0.00460	0.00482	0.00153	0.00614	0.00431	0.00227	0.00643
72	0.01059	0.01011	0.01731	0.38223	0.42147	0.01105	0.03283	0.01361	0.01041	0.01421	0.00926	0.02867	0.00761	0.00476	0.00487	0.00153	0.00607	0.00454	0.00233	0.00655
73	0.00737	0.00606	0.00964	0.00935	0.04204	0.00570	0.10657	0.00933	0.01133	0.01552	0.29242	0.31737	0.05078	0.02519	0.00625	0.00181	0.00360	0.07056	0.00441	0.00468
74	0.00590	0.00422	0.00562	0.00675	0.00703	0.00394	0.00450	0.00675	0.00928	0.01237	0.02671	0.82653	0.03205	0.01518	0.00619	0.00197	0.00281	0.01378	0.00450	0.00394
75	0.00972	0.02507	0.80458	0.01381	0.02097	0.01125	0.01790	0.01535	0.01023	0.01535	0.00870	0.01023	0.00614	0.00460	0.00460	0.00153	0.00716	0.00358	0.00205	0.00716
76	0.01008	0.06606	0.69180	0.01461	0.06078	0.01172	0.04844	0.01529	0.01030	0.01517	0.00866	0.01031	0.00627	0.00454	0.00458	0.00151	0.00703	0.00365	0.00208	0.00711
77	0.00981	0.00928	0.01572	0.63573	0.21055	0.01094	0.01379	0.01296	0.01000	0.01318	0.00873	0.01271	0.00674	0.00472	0.00483	0.00157	0.00630	0.00431	0.00221	0.00591
78	0.02061	0.00801	0.01082	0.00838	0.01197	0.00691	0.00689	0.02246	0.01372	0.74603	0.03668	0.01845	0.05312	0.00640	0.00493	0.00151	0.00400	0.00523	0.00591	0.00796
79	0.01189	0.01876	0.47359	0.01264	0.01824	0.01080	0.06959	0.04148	0.13116	0.11801	0.01322	0.01368	0.03420	0.00534	0.00481	0.00155	0.00612	0.00444	0.00319	0.00727
80	0.01374	0.01037	0.05819	0.01333	0.01701	0.00891	0.33131	0.01646	0.01155	0.27437	0.01519	0.10635	0.01248	0.07911	0.00711	0.00189	0.00588	0.00635	0.00387	0.00652
81	0.01810	0.02310	0.01373	0.01248	0.01498	0.81024	0.00936	0.01935	0.01373	0.01186	0.00749	0.00874	0.00624	0.00499	0.00437	0.00125	0.00874	0.00312	0.00250	0.00562
82	0.00915	0.00861	0.01453	0.81804	0.03338	0.01077	0.01346	0.01238	0.00969	0.01238	0.00861	0.01292	0.00646	0.00484	0.00484	0.00161	0.00646	0.00431	0.00215	0.00538
83	0.00713	0.00607	0.00974	0.01034	0.07907	0.00569	0.10552	0.00862	0.00990	0.01316	0.02537	0.56680	0.10839	0.01249	0.00595	0.00184	0.00372	0.01153	0.00405	0.00462
84	0.01199	0.01151	0.01967	0.02974	0.79946	0.01151	0.01487	0.01487	0.01103	0.01583	0.00912	0.01199	0.00768	0.00432	0.00480	0.00144	0.00576	0.00432	0.00240	0.00768
85	0.01409	0.01311	0.02264	0.01652	0.02093	0.01320	0.46317	0.31797	0.01587	0.02138	0.01083	0.02733	0.00815	0.00497	0.00538	0.00157	0.00695	0.00533	0.00343	0.00716
86	0.01052	0.02094	0.54409	0.01577	0.02215	0.01148	0.25712	0.01558	0.01069	0.03255	0.00927	0.01126	0.00665	0.00447	0.00496	0.00157	0.00741	0.00428	0.00226	0.00699
87	0.01090	0.01671	0.27309	0.01859	0.06343	0.01198	0.47851	0.01532	0.01092	0.01537	0.00932	0.01205	0.00696	0.00439	0.00561	0.00161	0.03125	0.00493	0.00231	0.00676
88	0.01446	0.01650	0.01590	0.01920	0.32994	0.38322	0.01151	0.01638	0.01183	0.01341	0.00834	0.01073	0.00713	0.00662	0.04697	0.00173	0.07353	0.00380	0.00243	0.00635
89	0.00922	0.00871	0.01455	0.77989	0.03240	0.01096	0.01332	0.01235	0.00958	0.01235	0.00851	0.01281	0.00646	0.00502	0.00537	0.00164	0.04504	0.00430	0.00215	0.00538
90	0.00764	0.00642	0.01004	0.13635	0.15879	0.00655	0.02240	0.00929	0.00971	0.01308	0.02033	0.53437	0.02311	0.01136	0.00571	0.00181	0.00402	0.01041	0.00371	0.00490
91	0.01045	0.08382	0.71483	0.01319	0.01999	0.01167	0.01676	0.01562	0.01035	0.04721	0.00898	0.01031	0.00638	0.00463	0.00451	0.00150	0.00689	0.00356	0.00221	0.00714
92	0.01144	0.01307	0.02859	0.02042	0.02533	0.01225	0.78186	0.01552	0.01144	0.01552	0.00980	0.01307	0.00735	0.00408	0.00572	0.00163	0.00817	0.00572	0.00245	0.00654
93	0.00584	0.00465	0.00519	0.00558	0.00671	0.00404	0.00398	0.00687	0.01033	0.01275	0.04044	0.32008	0.51324	0.01338	0.00614	0.01834	0.00261	0.01136	0.00445	0.00400
94	0.00964	0.00918	0.01575	0.67668	0.14513	0.01092	0.03881	0.01285	0.00994	0.01299	0.00873	0.01279	0.00667	0.00474	0.00487	0.00159	0.00641	0.00435	0.00220	0.00576
95	0.01079	0.01047	0.01835	0.35011	0.42053	0.01127	0.08050	0.01391	0.01052	0.01440	0.00897	0.01246	0.00715	0.00451	0.00490	0.00153	0.00625	0.00443	0.00230	0.00664
96	0.01113	0.01172	0.01491	0.58029	0.07143	0.16623	0.02558	0.01390	0.01051	0.01250	0.00838	0.01199	0.00650	0.00494	0.00510	0.00155	0.03144	0.00410	0.00224	0.00557
