[name]
unknown

[dist]
# distance from previous block
# <min> <max>
0	32

[block]
# block no. 0 follows, 49 sequences, length 103
# corresponding to MSA columns:
# 36-138
name=unknown_A
#
# <colnr> <probs for GDERKNQSTAVLIFYWHMCP>
#	G	D	E	R	K	N	Q	S	T	A	V	L	I	F	Y	W	H	M	C	P
0	0.01126	0.00967	0.01586	0.45178	0.24998	0.01085	0.01334	0.03413	0.01118	0.06182	0.01133	0.05050	0.00946	0.00578	0.00517	0.00166	0.00611	0.03083	0.00283	0.00647
1	0.01271	0.01424	0.05829	0.01437	0.07723	0.18033	0.17546	0.01818	0.18604	0.01715	0.13131	0.01713	0.01527	0.00600	0.00522	0.00153	0.00617	0.00542	0.00361	0.05436
2	0.01176	0.01038	0.01302	0.09614	0.16845	0.06142	0.02938	0.16824	0.04092	0.01912	0.13930	0.05046	0.15462	0.00778	0.00539	0.00159	0.00491	0.00667	0.00404	0.00641
3	0.01535	0.01195	0.01331	0.01005	0.01409	0.01209	0.00823	0.43459	0.01773	0.02481	0.01063	0.01143	0.00807	0.00527	0.00506	0.00124	0.04144	0.00392	0.00410	0.34663
4	0.06112	0.04730	0.08887	0.03454	0.16782	0.00945	0.00950	0.04011	0.01126	0.03925	0.03667	0.03055	0.00947	0.00477	0.00430	0.00118	0.00473	0.00397	0.00306	0.39209
5	0.01369	0.00692	0.00854	0.00724	0.00954	0.00627	0.00547	0.01573	0.05244	0.33054	0.07900	0.02835	0.16192	0.20988	0.01039	0.00240	0.00395	0.00694	0.00495	0.03583
6	0.00622	0.00452	0.00588	0.00690	0.00737	0.00418	0.00470	0.00722	0.01004	0.01326	0.05371	0.70712	0.10229	0.01535	0.00641	0.00201	0.00292	0.03102	0.00472	0.00416
7	0.07996	0.04200	0.09801	0.05131	0.45336	0.01243	0.13164	0.01540	0.01104	0.01648	0.00918	0.01199	0.00745	0.00467	0.00532	0.00156	0.03391	0.00445	0.00249	0.00735
8	0.01089	0.01141	0.09951	0.01422	0.18631	0.07605	0.02246	0.03943	0.03499	0.04213	0.04830	0.01983	0.04783	0.13322	0.18772	0.00351	0.00756	0.00551	0.00314	0.00596
9	0.00624	0.00478	0.00573	0.00633	0.00725	0.00427	0.00448	0.00744	0.01084	0.01392	0.10574	0.44181	0.31459	0.01417	0.00625	0.00189	0.00279	0.03248	0.00477	0.00424
10	0.00670	0.00472	0.00609	0.00698	0.00755	0.00440	0.00476	0.00797	0.02639	0.03144	0.05553	0.69551	0.09308	0.01500	0.00634	0.00199	0.00294	0.01350	0.00477	0.00433
11	0.01272	0.11335	0.33204	0.01682	0.19057	0.01227	0.06468	0.05070	0.01192	0.09671	0.01203	0.01331	0.04021	0.00519	0.00483	0.00152	0.00635	0.00440	0.00291	0.00747
12	0.01011	0.00886	0.01521	0.05859	0.34502	0.00884	0.08799	0.01187	0.01017	0.01405	0.01399	0.17425	0.02794	0.01022	0.03286	0.14897	0.00558	0.00674	0.00293	0.00581
13	0.01352	0.82533	0.02650	0.00865	0.01298	0.02001	0.00865	0.01514	0.01027	0.01190	0.00703	0.00811	0.00649	0.00433	0.00324	0.00108	0.00541	0.00270	0.00216	0.00649
14	0.00825	0.00945	0.16344	0.00802	0.01056	0.00623	0.00760	0.01128	0.01352	0.04587	0.58771	0.03198	0.05787	0.00917	0.00570	0.00159	0.00347	0.00797	0.00489	0.00543
15	0.01019	0.01153	0.11540	0.04281	0.13603	0.00954	0.20810	0.01331	0.01169	0.04290	0.13736	0.08536	0.10155	0.00749	0.00613	0.00169	0.04221	0.00700	0.00347	0.00623
16	0.00751	0.00502	0.00651	0.00678	0.00763	0.00472	0.00490	0.00861	0.02843	0.03054	0.19357	0.27595	0.14837	0.01396	0.00892	0.17240	0.00323	0.06439	0.00442	0.00412
17	0.01390	0.01152	0.01218	0.01056	0.01365	0.01319	0.00832	0.17509	0.63124	0.02328	0.01891	0.01753	0.01408	0.00670	0.00513	0.00168	0.00431	0.00549	0.00513	0.00812
18	0.01302	0.05217	0.06407	0.02557	0.57293	0.06072	0.01421	0.03972	0.07726	0.01688	0.01028	0.01252	0.00840	0.00480	0.00490	0.00149	0.00607	0.00440	0.00277	0.00779
19	0.01133	0.01105	0.01846	0.16657	0.27626	0.02518	0.13669	0.03975	0.01088	0.01508	0.01026	0.04965	0.00898	0.00814	0.06238	0.00216	0.13277	0.00522	0.00262	0.00655
20	0.00728	0.00483	0.00557	0.00573	0.00588	0.00477	0.00339	0.00763	0.00812	0.01114	0.04493	0.14929	0.02136	0.62861	0.02095	0.00416	0.00438	0.00831	0.05032	0.00337
21	0.00716	0.00517	0.00676	0.00636	0.00755	0.00477	0.00477	0.00954	0.01431	0.02028	0.78808	0.03777	0.04771	0.01034	0.00596	0.00159	0.00239	0.00914	0.00557	0.00477
22	0.09388	0.01107	0.01189	0.00996	0.02531	0.01202	0.00787	0.35233	0.17194	0.05246	0.10855	0.01858	0.06279	0.00694	0.00502	0.00156	0.00444	0.00552	0.00487	0.03300
23	0.01043	0.00615	0.00771	0.04319	0.00889	0.00623	0.00498	0.03094	0.00939	0.14422	0.01736	0.07580	0.03868	0.48572	0.03491	0.02683	0.03334	0.00706	0.00371	0.00446
24	0.00759	0.00531	0.00682	0.00724	0.00813	0.00515	0.00539	0.04063	0.01184	0.01634	0.23348	0.34954	0.03357	0.04954	0.00705	0.00203	0.00326	0.14494	0.05758	0.00457
25	0.00901	0.00649	0.00787	0.00796	0.00903	0.00663	0.00575	0.15825	0.01229	0.01642	0.02307	0.51012	0.02614	0.09775	0.03089	0.00243	0.00406	0.05638	0.00454	0.00493
26	0.01623	0.01913	0.01848	0.06479	0.08481	0.45574	0.18360	0.06853	0.01392	0.01492	0.00887	0.01090	0.00706	0.00498	0.00498	0.00145	0.00834	0.00414	0.00273	0.00643
27	0.00818	0.00595	0.00784	0.00746	0.00813	0.00630	0.02875	0.05592	0.00902	0.01230	0.01617	0.13906	0.01761	0.39828	0.20229	0.03380	0.02812	0.00751	0.00327	0.00405
28	0.01212	0.00980	0.07789	0.00921	0.03186	0.00848	0.00766	0.12413	0.10852	0.12829	0.26650	0.02596	0.11388	0.00809	0.00539	0.00157	0.00392	0.00681	0.00494	0.04497
29	0.01179	0.00967	0.01262	0.00968	0.01306	0.00905	0.09774	0.14432	0.07326	0.02934	0.03923	0.01716	0.01188	0.16060	0.00863	0.00190	0.00483	0.00491	0.00362	0.33672
30	0.00688	0.00485	0.00557	0.00578	0.00617	0.00464	0.00358	0.00737	0.00878	0.01147	0.05513	0.18698	0.15216	0.49840	0.01791	0.00368	0.00403	0.00933	0.00375	0.00354
31	0.01157	0.01066	0.01786	0.31110	0.40994	0.01150	0.03994	0.01531	0.05266	0.03607	0.02814	0.01395	0.00897	0.00500	0.00509	0.00159	0.00612	0.00474	0.00272	0.00704
32	0.01883	0.01346	0.01543	0.01341	0.09552	0.01459	0.01003	0.63068	0.02170	0.09627	0.01254	0.01262	0.00888	0.00592	0.00506	0.00152	0.00550	0.00459	0.00490	0.00854
33	0.00629	0.00452	0.00576	0.00669	0.00707	0.00422	0.00443	0.00710	0.00956	0.01260	0.02847	0.65843	0.09702	0.11191	0.00872	0.00236	0.00314	0.01322	0.00450	0.00400
34	0.01103	0.01057	0.01816	0.41504	0.39477	0.01165	0.03768	0.01426	0.01083	0.01473	0.00927	0.01303	0.00737	0.00477	0.00506	0.00160	0.00645	0.00454	0.00238	0.00679
35	0.01021	0.00837	0.00875	0.02646	0.01078	0.03558	0.00629	0.01693	0.32833	0.06078	0.05481	0.09399	0.29896	0.00972	0.00555	0.00171	0.00360	0.00817	0.00487	0.00614
36	0.01131	0.01151	0.01506	0.01301	0.01320	0.05859	0.01076	0.01246	0.00813	0.01216	0.00704	0.01139	0.00693	0.01009	0.05476	0.00245	0.72900	0.00441	0.00226	0.00550
37	0.01156	0.00695	0.00719	0.00641	0.00826	0.00735	0.00500	0.16518	0.05666	0.02159	0.01585	0.01751	0.01223	0.00598	0.00393	0.00128	0.00309	0.00474	0.63356	0.00568
38	0.01206	0.01160	0.01992	0.14689	0.66212	0.01191	0.03116	0.01515	0.01131	0.01598	0.00945	0.01268	0.00781	0.00458	0.00503	0.00153	0.00617	0.00453	0.00247	0.00763
39	0.01073	0.00616	0.00730	0.00660	0.00787	0.00596	0.00460	0.06324	0.01113	0.14390	0.11823	0.06206	0.06071	0.38522	0.01474	0.00311	0.00412	0.00727	0.07224	0.00482
40	0.00616	0.00440	0.00587	0.00704	0.00733	0.00411	0.00469	0.00704	0.00968	0.01291	0.02787	0.81899	0.03344	0.01584	0.00645	0.00205	0.00293	0.01438	0.00469	0.00411
41	0.01014	0.02616	0.79609	0.01441	0.02189	0.01174	0.01868	0.01601	0.01068	0.01601	0.00907	0.01068	0.00641	0.00480	0.00480	0.00160	0.00747	0.00374	0.00214	0.00747
42	0.00664	0.00504	0.00606	0.00615	0.00734	0.00473	0.00454	0.00762	0.01014	0.01283	0.06119	0.10482	0.43842	0.01894	0.17846	0.10478	0.00516	0.00906	0.00400	0.00408
43	0.01922	0.01416	0.01518	0.01163	0.01568	0.01568	0.00961	0.77388	0.02378	0.03187	0.01214	0.01214	0.00860	0.00607	0.00506	0.00152	0.00556	0.00455	0.00506	0.00860
44	0.00943	0.00471	0.00471	0.00471	0.00589	0.00471	0.00353	0.01178	0.01060	0.01885	0.01650	0.01885	0.01296	0.00589	0.00353	0.00118	0.00236	0.00471	0.85036	0.00471
45	0.01380	0.36401	0.01997	0.01123	0.01365	0.18660	0.00975	0.01517	0.01025	0.01210	0.00706	0.00938	0.00655	0.00612	0.00827	0.00153	0.29283	0.00343	0.00228	0.00601
46	0.85801	0.00978	0.00743	0.00665	0.00978	0.01134	0.00548	0.01486	0.00861	0.02269	0.00704	0.00821	0.00548	0.00469	0.00313	0.00156	0.00391	0.00274	0.00313	0.00548
47	0.00605	0.00510	0.00525	0.00527	0.00689	0.00429	0.00393	0.00738	0.01161	0.01400	0.09162	0.08018	0.71560	0.01279	0.00600	0.00172	0.00257	0.01074	0.00474	0.00429
48	0.01679	0.00731	0.00977	0.00794	0.01086	0.00640	0.00638	0.01884	0.01426	0.50324	0.26689	0.02555	0.06746	0.00793	0.00542	0.00158	0.00359	0.00670	0.00595	0.00714
49	0.00878	0.00439	0.00659	0.00659	0.00659	0.00439	0.00439	0.00659	0.00659	0.00878	0.00878	0.01537	0.00878	0.01757	0.01976	0.85288	0.00439	0.00439	0.00220	0.00220
50	0.00641	0.00453	0.00577	0.00665	0.00693	0.00428	0.00432	0.00711	0.00925	0.01228	0.02615	0.62619	0.05622	0.18640	0.01052	0.00264	0.00334	0.01276	0.00435	0.00389
51	0.01774	0.00854	0.01066	0.00865	0.01178	0.00816	0.00692	0.07297	0.12551	0.46362	0.08762	0.02070	0.03697	0.05165	0.00626	0.00176	0.00408	0.00576	0.04305	0.00759
52	0.32947	0.01045	0.01020	0.00851	0.01166	0.01158	0.00691	0.25122	0.09821	0.06814	0.04829	0.01448	0.03410	0.00604	0.00430	0.00154	0.00423	0.00444	0.06944	0.00677
53	0.00840	0.00442	0.00650	0.00664	0.00672	0.00437	0.00444	0.00675	0.00725	0.00970	0.03812	0.11789	0.01325	0.01710	0.01760	0.71575	0.00414	0.00582	0.00263	0.00253
54	0.00696	0.00558	0.00638	0.00656	0.00797	0.00511	0.00478	0.00932	0.07524	0.01451	0.06968	0.32352	0.35145	0.01283	0.00598	0.00179	0.00294	0.03237	0.00467	0.05236
55	0.07718	0.00879	0.01144	0.00890	0.01271	0.00792	0.00733	0.02410	0.04887	0.70844	0.01913	0.01669	0.01219	0.00618	0.00496	0.00157	0.00426	0.00496	0.00600	0.00837
56	0.00720	0.00487	0.00553	0.00563	0.00572	0.00481	0.00323	0.00732	0.00772	0.01022	0.01840	0.09916	0.05176	0.72141	0.02331	0.00453	0.00464	0.00808	0.00327	0.00320
57	0.00750	0.00572	0.00579	0.00565	0.00738	0.00536	0.00427	0.01057	0.10331	0.01567	0.04012	0.03871	0.52994	0.01061	0.00535	0.00159	0.00269	0.00880	0.18614	0.00481
58	0.00850	0.00458	0.00686	0.00686	0.00702	0.00474	0.00474	0.00702	0.00686	0.00931	0.00963	0.01617	0.00947	0.02121	0.15969	0.70181	0.00603	0.00458	0.00229	0.00261
59	0.00677	0.00498	0.00635	0.00722	0.00802	0.00468	0.00541	0.00808	0.01045	0.01349	0.03130	0.40227	0.17706	0.06637	0.00775	0.00225	0.00348	0.22526	0.00458	0.00423
60	0.00979	0.00570	0.00701	0.00678	0.00832	0.00512	0.00506	0.01110	0.01133	0.16795	0.08039	0.19513	0.25800	0.12766	0.00881	0.00225	0.00349	0.07629	0.00482	0.00499
61	0.01693	0.28430	0.04560	0.01120	0.01499	0.27078	0.00966	0.25513	0.01584	0.01847	0.00896	0.00979	0.00716	0.00518	0.00429	0.00131	0.00673	0.00350	0.00321	0.00698
62	0.01661	0.09683	0.01717	0.04428	0.18062	0.13748	0.01087	0.37912	0.01762	0.02257	0.01053	0.02432	0.00827	0.00555	0.00481	0.00145	0.00620	0.00431	0.00373	0.00766
63	0.01262	0.01275	0.04469	0.05102	0.50314	0.06052	0.03331	0.04221	0.02482	0.01672	0.00959	0.01207	0.00787	0.00454	0.00480	0.00139	0.00593	0.00422	0.00270	0.14508
64	0.03848	0.10887	0.19904	0.01290	0.06462	0.13002	0.01162	0.24280	0.03752	0.06321	0.01048	0.01123	0.00780	0.00527	0.00462	0.00144	0.00632	0.00392	0.00347	0.03637
65	0.00678	0.00460	0.00641	0.03529	0.00824	0.00450	0.00504	0.00725	0.00910	0.01215	0.02331	0.61844	0.02738	0.01668	0.04189	0.14931	0.00376	0.01193	0.00409	0.00385
66	0.00747	0.00565	0.00811	0.00804	0.00886	0.00658	0.00620	0.00912	0.00839	0.01215	0.01542	0.06497	0.04044	0.05933	0.61899	0.00678	0.06161	0.00607	0.04130	0.00451
67	0.01145	0.01701	0.23610	0.01946	0.02521	0.01251	0.56950	0.01615	0.01160	0.01615	0.00992	0.01284	0.00733	0.00441	0.00565	0.00168	0.00824	0.00537	0.00244	0.00700
68	0.00870	0.00630	0.00836	0.00908	0.01047	0.00633	0.00783	0.06095	0.01253	0.01633	0.05425	0.05281	0.08012	0.01324	0.00675	0.00221	0.00449	0.62963	0.00472	0.00490
69	0.01176	0.01485	0.10407	0.02064	0.02599	0.01269	0.69936	0.01618	0.01181	0.01618	0.01012	0.01335	0.00755	0.00432	0.00585	0.00169	0.00842	0.00575	0.00252	0.00688
70	0.00778	0.00524	0.00672	0.00662	0.00786	0.00478	0.00494	0.00969	0.01290	0.06473	0.45747	0.19803	0.13962	0.01169	0.00605	0.00173	0.00273	0.04134	0.00528	0.00480
71	0.01889	0.02410	0.01433	0.01303	0.01563	0.80199	0.00977	0.02019	0.01433	0.01238	0.00782	0.00912	0.00651	0.00521	0.00456	0.00130	0.00912	0.00326	0.00261	0.00586
72	0.00711	0.00508	0.00695	0.00812	0.00883	0.00492	0.00634	0.00868	0.01061	0.01397	0.02735	0.45616	0.03138	0.01495	0.00671	0.00218	0.00375	0.36786	0.00468	0.00437
73	0.00658	0.00460	0.00584	0.00668	0.00691	0.00440	0.00434	0.00725	0.00907	0.01208	0.02434	0.56248	0.02889	0.25146	0.01211	0.00290	0.00357	0.03846	0.00422	0.00382
74	0.00680	0.00503	0.00580	0.00598	0.00684	0.00466	0.00416	0.00783	0.01027	0.01323	0.12786	0.12616	0.28535	0.28894	0.01285	0.00287	0.00356	0.07362	0.00425	0.00394
75	0.75823	0.00964	0.00795	0.00693	0.01015	0.01088	0.00571	0.01603	0.00931	0.11485	0.00858	0.00929	0.00632	0.00488	0.00336	0.00156	0.00396	0.00302	0.00350	0.00585
76	0.00616	0.00440	0.00587	0.00704	0.00733	0.00411	0.00469	0.00704	0.00968	0.01291	0.02787	0.81899	0.03344	0.01584	0.00645	0.00205	0.00293	0.01438	0.00469	0.00411
77	0.00613	0.00496	0.00546	0.00570	0.00702	0.00428	0.00413	0.00743	0.01136	0.01412	0.11665	0.23015	0.53838	0.01329	0.00609	0.00178	0.00263	0.01140	0.00478	0.00428
78	0.00743	0.00574	0.00677	0.00724	0.00822	0.00574	0.00512	0.01067	0.14324	0.01427	0.02935	0.45171	0.15326	0.08586	0.00790	0.00220	0.00330	0.04260	0.00462	0.00474
79	0.01352	0.82533	0.02650	0.00865	0.01298	0.02001	0.00865	0.01514	0.01027	0.01190	0.00703	0.00811	0.00649	0.00433	0.00324	0.00108	0.00541	0.00270	0.00216	0.00649
80	0.00623	0.00513	0.00547	0.00538	0.00698	0.00438	0.00404	0.00774	0.01212	0.01506	0.20716	0.04636	0.63189	0.01228	0.00597	0.00168	0.00252	0.01035	0.00488	0.00438
81	0.00687	0.00509	0.00616	0.00597	0.00708	0.00465	0.00430	0.00860	0.01249	0.01695	0.47627	0.06716	0.21823	0.12763	0.00882	0.00211	0.00281	0.00943	0.00497	0.00438
82	0.00692	0.00523	0.00646	0.00653	0.00783	0.00477	0.00507	0.00889	0.01279	0.01704	0.39765	0.07984	0.26952	0.01197	0.00617	0.00177	0.00286	0.13902	0.00510	0.00457
83	0.00733	0.00565	0.00676	0.00639	0.00786	0.00532	0.00482	0.01047	0.08004	0.01870	0.53801	0.03885	0.22958	0.01065	0.00590	0.00163	0.00257	0.00923	0.00531	0.00493
84	0.02269	0.00861	0.01174	0.00900	0.01291	0.00743	0.00743	0.02464	0.01447	0.79425	0.01995	0.01721	0.01252	0.00626	0.00509	0.00156	0.00430	0.00509	0.00626	0.00861
85	0.00726	0.00543	0.00662	0.00639	0.00770	0.00503	0.00475	0.04057	0.01347	0.01830	0.48913	0.14294	0.21071	0.01145	0.00599	0.00168	0.00263	0.00999	0.00523	0.00473
86	0.00650	0.00505	0.00597	0.00650	0.00756	0.00462	0.00471	0.00820	0.03750	0.01410	0.08417	0.38747	0.33202	0.01386	0.00622	0.00189	0.00290	0.06161	0.00476	0.00438
87	0.01252	0.01201	0.02053	0.03104	0.79074	0.01201	0.01552	0.01552	0.01151	0.01652	0.00951	0.01252	0.00801	0.00451	0.00501	0.00150	0.00601	0.00451	0.00250	0.00801
88	0.02234	0.00917	0.01208	0.00926	0.01319	0.00826	0.00765	0.10010	0.01541	0.71746	0.01916	0.01670	0.01212	0.00624	0.00508	0.00156	0.00443	0.00503	0.00614	0.00861
89	0.01237	0.00624	0.00792	0.00714	0.00917	0.00554	0.00541	0.01377	0.01189	0.30028	0.06402	0.19709	0.22062	0.07799	0.03474	0.00220	0.00384	0.00888	0.00511	0.00576
90	0.00933	0.00695	0.00802	0.00743	0.00900	0.00728	0.00549	0.01501	0.25188	0.03618	0.36570	0.02977	0.03031	0.14679	0.00894	0.00217	0.00336	0.00748	0.04333	0.00557
91	0.00955	0.00899	0.01517	0.81013	0.03483	0.01123	0.01404	0.01292	0.01011	0.01292	0.00899	0.01348	0.00674	0.00506	0.00506	0.00169	0.00674	0.00449	0.00225	0.00562
92	0.00955	0.00899	0.01517	0.81013	0.03483	0.01123	0.01404	0.01292	0.01011	0.01292	0.00899	0.01348	0.00674	0.00506	0.00506	0.00169	0.00674	0.00449	0.00225	0.00562
93	0.00955	0.00899	0.01517	0.81013	0.03483	0.01123	0.01404	0.01292	0.01011	0.01292	0.00899	0.01348	0.00674	0.00506	0.00506	0.00169	0.00674	0.00449	0.00225	0.00562
94	0.00955	0.00899	0.01517	0.81013	0.03483	0.01123	0.01404	0.01292	0.01011	0.01292	0.00899	0.01348	0.00674	0.00506	0.00506	0.00169	0.00674	0.00449	0.00225	0.00562
95	0.01049	0.00899	0.01049	0.00749	0.01198	0.00674	0.00599	0.01273	0.01049	0.01648	0.00899	0.01049	0.00749	0.00374	0.00374	0.00075	0.00374	0.00300	0.00300	0.85320
96	0.01676	0.00921	0.01117	0.00908	0.01220	0.00918	0.00731	0.16606	0.13397	0.34382	0.20171	0.02139	0.02060	0.00729	0.00530	0.00158	0.00404	0.00605	0.00569	0.00760
97	0.01257	0.00730	0.00888	0.00738	0.00997	0.00660	0.00580	0.08331	0.01396	0.22785	0.24546	0.02904	0.18048	0.04252	0.00624	0.00165	0.00348	0.00722	0.00515	0.09513
98	0.01404	0.07563	0.01198	0.00951	0.01207	0.29162	0.00743	0.09680	0.08048	0.01735	0.09517	0.01712	0.05629	0.00639	0.00458	0.00135	0.00556	0.00483	0.14741	0.04440
99	0.01350	0.28464	0.05612	0.05591	0.30812	0.03972	0.01205	0.09449	0.05979	0.01652	0.00954	0.01125	0.00784	0.00481	0.00441	0.00138	0.00584	0.00391	0.00279	0.00736
100	0.01437	0.72192	0.02483	0.00905	0.01321	0.08717	0.00870	0.01598	0.01080	0.04456	0.00764	0.00858	0.00674	0.00448	0.00344	0.00112	0.00568	0.00285	0.00237	0.00652
101	0.00980	0.00721	0.00903	0.00841	0.01074	0.00659	0.00689	0.03244	0.05427	0.05073	0.06916	0.07904	0.02175	0.04362	0.00649	0.00182	0.00413	0.32060	0.00427	0.25301
102	0.00664	0.00465	0.00612	0.00706	0.00740	0.00447	0.00483	0.00747	0.00940	0.01252	0.02504	0.58000	0.02949	0.13759	0.03079	0.02692	0.00373	0.08760	0.00432	0.00396

[dist]
# distance from previous block
# <min> <max>
0	1

[block]
# block no. 1 follows, 49 sequences, length 95
# corresponding to MSA columns:
# 140-234
name=unknown_B
#
# <colnr> <probs for GDERKNQSTAVLIFYWHMCP>
#	G	D	E	R	K	N	Q	S	T	A	V	L	I	F	Y	W	H	M	C	P
0	0.01127	0.00817	0.00931	0.00828	0.01052	0.00882	0.03022	0.03925	0.34991	0.04999	0.13121	0.02177	0.03351	0.00706	0.00482	0.00152	0.00344	0.00596	0.25849	0.00648
1	0.00629	0.00496	0.00532	0.00551	0.00664	0.00437	0.00382	0.00724	0.01038	0.01275	0.04028	0.16768	0.51074	0.17946	0.01011	0.00242	0.00310	0.01058	0.00436	0.00400
2	0.85801	0.00978	0.00743	0.00665	0.00978	0.01134	0.00548	0.01486	0.00861	0.02269	0.00704	0.00821	0.00548	0.00469	0.00313	0.00156	0.00391	0.00274	0.00313	0.00548
3	0.01049	0.00899	0.01049	0.00749	0.01198	0.00674	0.00599	0.01273	0.01049	0.01648	0.00899	0.01049	0.00749	0.00374	0.00374	0.00075	0.00374	0.00300	0.00300	0.85320
4	0.01352	0.82533	0.02650	0.00865	0.01298	0.02001	0.00865	0.01514	0.01027	0.01190	0.00703	0.00811	0.00649	0.00433	0.00324	0.00108	0.00541	0.00270	0.00216	0.00649
5	0.01205	0.01146	0.01958	0.02865	0.70032	0.01142	0.03513	0.01503	0.01171	0.01672	0.06040	0.01527	0.01109	0.00511	0.00514	0.00153	0.00581	0.02315	0.00276	0.00769
6	0.00733	0.00499	0.00598	0.00598	0.00614	0.00516	0.00364	0.00765	0.00749	0.01015	0.01551	0.03073	0.01736	0.68248	0.16415	0.00548	0.00644	0.00701	0.00300	0.00332
7	0.01922	0.01416	0.01518	0.01163	0.01568	0.01568	0.00961	0.77388	0.02378	0.03187	0.01214	0.01214	0.00860	0.00607	0.00506	0.00152	0.00556	0.00455	0.00506	0.00860
8	0.00735	0.00490	0.00552	0.00552	0.00552	0.00490	0.00306	0.00735	0.00735	0.00980	0.01593	0.03309	0.01838	0.82229	0.02574	0.00490	0.00490	0.00735	0.00306	0.00306
9	0.01049	0.00899	0.01049	0.00749	0.01198	0.00674	0.00599	0.01273	0.01049	0.01648	0.00899	0.01049	0.00749	0.00374	0.00374	0.00075	0.00374	0.00300	0.00300	0.85320
10	0.01922	0.01416	0.01518	0.01163	0.01568	0.01568	0.00961	0.77388	0.02378	0.03187	0.01214	0.01214	0.00860	0.00607	0.00506	0.00152	0.00556	0.00455	0.00506	0.00860
11	0.85801	0.00978	0.00743	0.00665	0.00978	0.01134	0.00548	0.01486	0.00861	0.02269	0.00704	0.00821	0.00548	0.00469	0.00313	0.00156	0.00391	0.00274	0.00313	0.00548
12	0.01106	0.01106	0.01549	0.01328	0.01328	0.01549	0.01106	0.01217	0.00774	0.01217	0.00664	0.01106	0.00664	0.00885	0.01659	0.00221	0.81303	0.00443	0.00221	0.00553
13	0.01913	0.00808	0.01078	0.00854	0.01186	0.00720	0.00694	0.04273	0.02924	0.59501	0.18150	0.02143	0.01987	0.00712	0.00527	0.00157	0.00393	0.00594	0.00606	0.00779
14	0.01922	0.01416	0.01518	0.01163	0.01568	0.01568	0.00961	0.77388	0.02378	0.03187	0.01214	0.01214	0.00860	0.00607	0.00506	0.00152	0.00556	0.00455	0.00506	0.00860
15	0.00955	0.00899	0.01517	0.81013	0.03483	0.01123	0.01404	0.01292	0.01011	0.01292	0.00899	0.01348	0.00674	0.00506	0.00506	0.00169	0.00674	0.00449	0.00225	0.00562
16	0.17850	0.01036	0.01188	0.00928	0.01308	0.01044	0.00767	0.22917	0.01593	0.43946	0.01538	0.01413	0.01012	0.00591	0.00471	0.00155	0.00458	0.00450	0.00534	0.00802
17	0.01157	0.00696	0.00834	0.00725	0.00885	0.00686	0.00527	0.12338	0.01307	0.14600	0.25217	0.02882	0.02495	0.31922	0.01324	0.00284	0.00413	0.00712	0.00465	0.00532
18	0.00726	0.00501	0.00623	0.00639	0.00667	0.00517	0.00415	0.00784	0.00795	0.01076	0.01708	0.10298	0.01910	0.54366	0.18518	0.00518	0.00652	0.04610	0.00322	0.00354
19	0.00650	0.00506	0.00591	0.00588	0.00720	0.00446	0.00434	0.00821	0.01250	0.01640	0.36368	0.13352	0.38400	0.01210	0.00603	0.00170	0.00253	0.01045	0.00507	0.00446
20	0.00893	0.00633	0.00770	0.00796	0.00915	0.00648	0.00578	0.01311	0.18989	0.06360	0.05642	0.45101	0.02734	0.06110	0.00724	0.00211	0.00348	0.06224	0.00483	0.00530
21	0.06406	0.00704	0.00797	0.00789	0.00963	0.00732	0.00610	0.01427	0.21644	0.04500	0.09859	0.19064	0.15368	0.02479	0.00612	0.00190	0.00352	0.12467	0.00482	0.00555
22	0.00735	0.00490	0.00552	0.00552	0.00552	0.00490	0.00306	0.00735	0.00735	0.00980	0.01593	0.03309	0.01838	0.82229	0.02574	0.00490	0.00490	0.00735	0.00306	0.00306
23	0.00710	0.00480	0.00559	0.00584	0.00590	0.00473	0.00341	0.00729	0.00784	0.01046	0.01845	0.19860	0.02156	0.65245	0.02168	0.00430	0.00449	0.00883	0.00341	0.00328
24	0.01127	0.00861	0.00925	0.00830	0.01085	0.00910	0.00646	0.04755	0.39250	0.08832	0.04904	0.02949	0.29038	0.00897	0.00545	0.00169	0.00354	0.00746	0.00509	0.00668
25	0.00986	0.00781	0.01189	0.01519	0.26799	0.00770	0.02722	0.01237	0.03151	0.03802	0.15404	0.09032	0.04865	0.05709	0.02900	0.02152	0.00458	0.07210	0.08729	0.00583
26	0.00618	0.00448	0.00585	0.00688	0.00731	0.00414	0.00464	0.00715	0.00998	0.01323	0.05687	0.73781	0.08595	0.01543	0.00640	0.00201	0.00289	0.01393	0.00473	0.00414
27	0.01133	0.18092	0.01373	0.00926	0.01118	0.07230	0.00764	0.07208	0.01043	0.03395	0.01120	0.01565	0.01021	0.07134	0.31970	0.00429	0.10594	0.00459	0.02874	0.00550
28	0.01230	0.00963	0.01112	0.00819	0.01251	0.00809	0.00659	0.09542	0.05843	0.06673	0.01070	0.01158	0.00840	0.00434	0.00405	0.00094	0.00399	0.00345	0.00355	0.66001
29	0.00658	0.00479	0.00615	0.00654	0.00732	0.00441	0.00460	0.00808	0.01166	0.01587	0.33663	0.40848	0.10997	0.03643	0.00676	0.00192	0.00273	0.01171	0.00500	0.00436
30	0.01256	0.01051	0.01219	0.01018	0.01278	0.03234	0.00825	0.18749	0.12212	0.01900	0.01260	0.01642	0.01075	0.01028	0.09089	0.02215	0.15002	0.05623	0.00369	0.19957
31	0.00852	0.00800	0.08347	0.00795	0.03344	0.00598	0.00652	0.01044	0.01099	0.06042	0.07451	0.06451	0.30079	0.11282	0.03094	0.00223	0.00417	0.07631	0.00408	0.09389
32	0.00662	0.00502	0.00589	0.00600	0.00709	0.00454	0.00431	0.00804	0.01154	0.01508	0.26281	0.16078	0.32223	0.11871	0.00867	0.00217	0.00295	0.03856	0.00474	0.00425
33	0.00722	0.00478	0.00580	0.00601	0.00618	0.00468	0.00368	0.00742	0.00841	0.01133	0.08923	0.19531	0.02337	0.50728	0.01936	0.08011	0.00421	0.00871	0.00356	0.00336
34	0.00837	0.00464	0.00687	0.03719	0.00796	0.00467	0.00498	0.00708	0.00745	0.00990	0.01267	0.14439	0.01358	0.01665	0.01649	0.64544	0.00426	0.04195	0.00271	0.00275
35	0.00970	0.00703	0.00885	0.00801	0.01060	0.00599	0.00655	0.01177	0.01128	0.06917	0.04957	0.11536	0.05999	0.00946	0.00545	0.00157	0.00390	0.26673	0.00416	0.33485
36	0.01049	0.00899	0.01049	0.00749	0.01198	0.00674	0.00599	0.01273	0.01049	0.01648	0.00899	0.01049	0.00749	0.00374	0.00374	0.00075	0.00374	0.00300	0.00300	0.85320
37	0.00654	0.00479	0.00620	0.00701	0.00773	0.00445	0.00507	0.00787	0.01081	0.01429	0.13193	0.50822	0.13501	0.01445	0.00640	0.00198	0.00305	0.11509	0.00481	0.00429
38	0.00906	0.00718	0.00821	0.00820	0.00962	0.00771	0.00605	0.01522	0.30815	0.01620	0.05653	0.25280	0.05100	0.13343	0.00887	0.00235	0.00378	0.08544	0.00466	0.00555
39	0.02055	0.00884	0.01149	0.00897	0.01259	0.00810	0.00735	0.09559	0.03697	0.61986	0.07386	0.01828	0.01474	0.00654	0.00510	0.00155	0.00422	0.00533	0.03186	0.00820
40	0.00878	0.00439	0.00659	0.00659	0.00659	0.00439	0.00439	0.00659	0.00659	0.00878	0.00878	0.01537	0.00878	0.01757	0.01976	0.85288	0.00439	0.00439	0.00220	0.00220
41	0.01581	0.00817	0.00986	0.00835	0.01102	0.00820	0.00657	0.04435	0.21696	0.32930	0.01793	0.01758	0.01282	0.00766	0.00652	0.10045	0.00391	0.00509	0.16247	0.00698
42	0.00757	0.00545	0.00672	0.00650	0.00747	0.00526	0.00460	0.03325	0.03364	0.01724	0.45583	0.13502	0.05661	0.19037	0.01035	0.00239	0.00316	0.00921	0.00485	0.00451
43	0.01836	0.01167	0.01295	0.01013	0.01373	0.01245	0.00830	0.49382	0.04882	0.18266	0.01461	0.01431	0.01022	0.00611	0.00486	0.00149	0.00482	0.00472	0.11789	0.00806
44	0.00681	0.00503	0.00637	0.00637	0.00747	0.00459	0.00469	0.00874	0.01295	0.01776	0.51446	0.18651	0.15874	0.01183	0.00608	0.00171	0.00257	0.02750	0.00525	0.00457
45	0.01336	0.00631	0.00735	0.00638	0.00846	0.00604	0.00502	0.05559	0.01267	0.23027	0.08227	0.01965	0.01554	0.00638	0.00424	0.00134	0.00306	0.00518	0.50493	0.00598
46	0.00617	0.00482	0.00561	0.00616	0.00720	0.00426	0.00439	0.00734	0.01080	0.01361	0.06660	0.39495	0.39833	0.01412	0.00622	0.00188	0.00279	0.03579	0.00473	0.00423
47	0.01922	0.01416	0.01518	0.01163	0.01568	0.01568	0.00961	0.77388	0.02378	0.03187	0.01214	0.01214	0.00860	0.00607	0.00506	0.00152	0.00556	0.00455	0.00506	0.00860
48	0.00955	0.00899	0.01517	0.81013	0.03483	0.01123	0.01404	0.01292	0.01011	0.01292	0.00899	0.01348	0.00674	0.00506	0.00506	0.00169	0.00674	0.00449	0.00225	0.00562
49	0.00624	0.00462	0.00583	0.00662	0.00727	0.00421	0.00455	0.00736	0.01053	0.01386	0.11602	0.59338	0.17166	0.01469	0.00631	0.00194	0.00281	0.01313	0.00479	0.00421
50	0.00613	0.00481	0.00555	0.00605	0.00710	0.00423	0.00428	0.00730	0.01088	0.01373	0.08527	0.38978	0.40895	0.01400	0.00619	0.00185	0.00272	0.01222	0.00475	0.00423
51	0.00758	0.00501	0.00650	0.00725	0.00799	0.00470	0.00506	0.00908	0.03799	0.06710	0.02841	0.66609	0.07592	0.01462	0.00630	0.00200	0.00310	0.03590	0.00482	0.00458
52	0.01082	0.01013	0.01813	0.09251	0.12041	0.01054	0.25643	0.08644	0.01150	0.01587	0.01137	0.01553	0.00947	0.01642	0.28665	0.00392	0.00951	0.00530	0.00282	0.00622
53	0.00955	0.00899	0.01517	0.81013	0.03483	0.01123	0.01404	0.01292	0.01011	0.01292	0.00899	0.01348	0.00674	0.00506	0.00506	0.00169	0.00674	0.00449	0.00225	0.00562
54	0.01106	0.01106	0.01549	0.01328	0.01328	0.01549	0.01106	0.01217	0.00774	0.01217	0.00664	0.01106	0.00664	0.00885	0.01659	0.00221	0.81303	0.00443	0.00221	0.00553
55	0.00860	0.00732	0.01025	0.00947	0.00990	0.00930	0.00741	0.00984	0.00785	0.01154	0.01154	0.01914	0.01156	0.16892	0.38517	0.00546	0.29410	0.00542	0.00260	0.00461
56	0.00613	0.00513	0.00535	0.00538	0.00700	0.00435	0.00405	0.00751	0.01170	0.01419	0.10667	0.06671	0.69304	0.01272	0.00601	0.00172	0.00261	0.03066	0.00476	0.00431
57	0.00616	0.00440	0.00587	0.00704	0.00733	0.00411	0.00469	0.00704	0.00968	0.01291	0.02787	0.81899	0.03344	0.01584	0.00645	0.00205	0.00293	0.01438	0.00469	0.00411
58	0.01352	0.82533	0.02650	0.00865	0.01298	0.02001	0.00865	0.01514	0.01027	0.01190	0.00703	0.00811	0.00649	0.00433	0.00324	0.00108	0.00541	0.00270	0.00216	0.00649
59	0.00815	0.00610	0.00726	0.00662	0.00824	0.00580	0.00506	0.08916	0.01465	0.01995	0.53444	0.03763	0.21684	0.01047	0.00587	0.00161	0.00276	0.00902	0.00531	0.00506
60	0.00764	0.00513	0.00596	0.00608	0.00711	0.00486	0.00434	0.03597	0.01126	0.01587	0.15599	0.24671	0.18220	0.06805	0.00745	0.03408	0.00293	0.00947	0.18450	0.00440
61	0.31185	0.00838	0.00917	0.00756	0.01073	0.00834	0.00617	0.01889	0.01201	0.39293	0.06539	0.01559	0.01241	0.00594	0.00430	0.00153	0.00384	0.00449	0.09364	0.00685
62	0.85801	0.00978	0.00743	0.00665	0.00978	0.01134	0.00548	0.01486	0.00861	0.02269	0.00704	0.00821	0.00548	0.00469	0.00313	0.00156	0.00391	0.00274	0.00313	0.00548
63	0.01222	0.00659	0.00819	0.00736	0.00953	0.00600	0.00587	0.04111	0.01294	0.25217	0.13330	0.03563	0.23046	0.06593	0.00711	0.00194	0.00365	0.12315	0.03103	0.00580
64	0.07065	0.00586	0.00698	0.00686	0.00819	0.00567	0.00500	0.03024	0.02982	0.07682	0.25894	0.28945	0.10513	0.06839	0.00719	0.00198	0.00314	0.00990	0.00487	0.00491
65	0.00618	0.00487	0.00558	0.00596	0.00710	0.00427	0.00426	0.00745	0.01120	0.01418	0.13059	0.32341	0.42983	0.01360	0.00615	0.00182	0.00267	0.01182	0.00480	0.00427
66	0.85801	0.00978	0.00743	0.00665	0.00978	0.01134	0.00548	0.01486	0.00861	0.02269	0.00704	0.00821	0.00548	0.00469	0.00313	0.00156	0.00391	0.00274	0.00313	0.00548
67	0.00654	0.00483	0.00571	0.00607	0.00691	0.00440	0.00418	0.00770	0.01069	0.01407	0.15973	0.32118	0.25841	0.13210	0.00898	0.00227	0.00300	0.01110	0.02800	0.00413
68	0.00901	0.00547	0.00674	0.00679	0.00777	0.00528	0.00476	0.01084	0.05000	0.09610	0.10498	0.30081	0.04078	0.20561	0.01053	0.00253	0.00354	0.03644	0.08733	0.00468
69	0.01211	0.02486	0.57871	0.01460	0.02088	0.17824	0.06869	0.01691	0.01153	0.01526	0.00889	0.01055	0.00652	0.00485	0.00483	0.00155	0.00789	0.00379	0.00226	0.00709
70	0.04759	0.00823	0.01089	0.00852	0.01212	0.00721	0.00699	0.02237	0.01408	0.67663	0.06206	0.02010	0.06593	0.00686	0.00513	0.00158	0.00407	0.00560	0.00602	0.00801
71	0.05755	0.00529	0.00677	0.05112	0.00889	0.00542	0.00512	0.00853	0.00906	0.03165	0.02118	0.44367	0.02419	0.20197	0.09306	0.00328	0.00479	0.01037	0.00392	0.00418
72	0.00673	0.00506	0.00590	0.00615	0.00704	0.00471	0.00423	0.00824	0.03645	0.01398	0.15628	0.27084	0.26068	0.17858	0.01013	0.00244	0.00317	0.01067	0.00452	0.00418
73	0.00633	0.00506	0.00570	0.00589	0.00725	0.00442	0.00439	0.00780	0.01170	0.01473	0.16836	0.17086	0.49888	0.01295	0.00611	0.00178	0.00272	0.05589	0.00484	0.00435
74	0.36180	0.01172	0.05427	0.01034	0.06557	0.01204	0.00816	0.24778	0.04130	0.04644	0.03853	0.01218	0.00918	0.00550	0.00419	0.00153	0.00462	0.00399	0.05401	0.00682
75	0.00645	0.00479	0.00585	0.00649	0.00723	0.00440	0.00453	0.00752	0.01030	0.01335	0.07966	0.43214	0.22385	0.10737	0.00856	0.00228	0.00315	0.06340	0.00456	0.00411
76	0.00625	0.00471	0.00568	0.00635	0.00712	0.00426	0.00438	0.00728	0.01032	0.01326	0.06318	0.48457	0.27017	0.06621	0.00753	0.00211	0.00295	0.02490	0.00462	0.00413
77	0.00862	0.00450	0.00675	0.00675	0.00684	0.00459	0.00459	0.00684	0.00675	0.00909	0.00928	0.01584	0.00919	0.01970	0.10182	0.76429	0.00535	0.00450	0.00225	0.00244
78	0.00650	0.00503	0.00561	0.00568	0.00682	0.00449	0.00401	0.00770	0.01102	0.01400	0.16688	0.12019	0.42605	0.16816	0.00984	0.00235	0.00306	0.02398	0.00453	0.00411
79	0.24802	0.18359	0.01543	0.03984	0.01422	0.01523	0.00844	0.37685	0.01625	0.02442	0.00954	0.01026	0.00723	0.00529	0.00415	0.00145	0.00512	0.00366	0.00381	0.00718
80	0.01135	0.01913	0.41035	0.01654	0.08705	0.01144	0.20368	0.03427	0.01145	0.03539	0.00973	0.01174	0.00718	0.00459	0.00500	0.00152	0.00705	0.00432	0.00254	0.10568
81	0.01219	0.14480	0.42740	0.01449	0.05321	0.08960	0.08893	0.04004	0.05404	0.01584	0.00950	0.01100	0.00719	0.00486	0.00469	0.00150	0.00711	0.00392	0.00250	0.00719
82	0.16775	0.01117	0.01097	0.00944	0.01237	0.06575	0.00744	0.14232	0.28874	0.10816	0.03654	0.01634	0.01254	0.05234	0.03460	0.00201	0.00497	0.00492	0.00453	0.00707
83	0.02127	0.01031	0.01268	0.00975	0.01364	0.01003	0.00805	0.26618	0.01739	0.53041	0.01735	0.01561	0.01126	0.00619	0.00504	0.00154	0.00467	0.00490	0.02522	0.00851
84	0.01184	0.00899	0.03317	0.03205	0.01226	0.02742	0.07517	0.10554	0.06652	0.12372	0.15788	0.02698	0.13170	0.15345	0.00912	0.00220	0.00460	0.00699	0.00446	0.00591
85	0.01583	0.02662	0.05256	0.01032	0.01314	0.15559	0.00845	0.28215	0.01525	0.10053	0.01121	0.01317	0.00875	0.01031	0.05215	0.20334	0.00634	0.00431	0.00373	0.00627
86	0.00659	0.00503	0.00602	0.00651	0.00757	0.00457	0.00485	0.00795	0.01101	0.01404	0.10398	0.26723	0.33030	0.06483	0.00753	0.00210	0.00315	0.13781	0.00466	0.00426
87	0.00679	0.00522	0.00583	0.00572	0.00729	0.00452	0.00432	0.00839	0.01226	0.03632	0.23883	0.07281	0.53004	0.01213	0.00599	0.00170	0.00263	0.02972	0.00496	0.00452
88	0.26447	0.01555	0.01333	0.03287	0.13369	0.27476	0.00940	0.14152	0.01367	0.04389	0.00897	0.01023	0.00698	0.00512	0.00432	0.00146	0.00632	0.00360	0.00325	0.00661
89	0.01000	0.00736	0.00817	0.00769	0.00857	0.06125	0.00543	0.10900	0.01006	0.01313	0.01324	0.07070	0.01357	0.24887	0.15528	0.23800	0.00654	0.00599	0.00310	0.00407
90	0.00667	0.00508	0.00621	0.00658	0.00773	0.00461	0.00499	0.00831	0.01180	0.01538	0.22587	0.23053	0.29837	0.01310	0.00625	0.00186	0.00295	0.13436	0.00491	0.00442
91	0.01582	0.01237	0.01320	0.01084	0.01426	0.01390	0.00872	0.41299	0.36151	0.02667	0.04396	0.01607	0.01306	0.00658	0.00513	0.00161	0.00475	0.00524	0.00512	0.00820
92	0.06762	0.30610	0.19901	0.03984	0.01639	0.14887	0.01123	0.10504	0.01264	0.03814	0.00867	0.00980	0.00684	0.00489	0.00415	0.00136	0.00645	0.00339	0.00275	0.00682
93	0.04261	0.33588	0.42504	0.01174	0.01764	0.01516	0.01380	0.05743	0.01117	0.01553	0.00837	0.00967	0.00653	0.00468	0.00415	0.00139	0.00644	0.00334	0.00234	0.00708
94	0.01245	0.03608	0.08927	0.16983	0.16118	0.16132	0.01211	0.03431	0.07796	0.01472	0.01009	0.01287	0.00825	0.00869	0.08309	0.00223	0.09203	0.00433	0.00271	0.00647

[dist]
# distance from previous block
# <min> <max>
0	11

# created by:
# /st0/software/busco_prod/Augustus/scripts/msa2prfl.pl ./align_prep/54244.fa
