[name]
unknown

[dist]
# distance from previous block
# <min> <max>
0	49

[block]
# block no. 0 follows, 52 sequences, length 41
# corresponding to MSA columns:
# 53-93
name=unknown_A
#
# <colnr> <probs for GDERKNQSTAVLIFYWHMCP>
#	G	D	E	R	K	N	Q	S	T	A	V	L	I	F	Y	W	H	M	C	P
0	0.00628	0.00455	0.00602	0.00706	0.00761	0.00428	0.00512	0.00744	0.00979	0.01286	0.02811	0.61203	0.08637	0.01460	0.00626	0.00200	0.00312	0.16796	0.00449	0.00406
1	0.01093	0.06732	0.31808	0.05103	0.21676	0.01206	0.22433	0.01511	0.01072	0.01516	0.00898	0.01140	0.00687	0.00437	0.00487	0.00151	0.00694	0.00432	0.00225	0.00699
2	0.01292	0.00837	0.00995	0.00775	0.01115	0.00735	0.00620	0.11340	0.02970	0.19212	0.08908	0.04983	0.08283	0.00629	0.00455	0.00121	0.00369	0.00519	0.00430	0.35412
3	0.81224	0.00930	0.00738	0.00651	0.00956	0.01064	0.00536	0.01482	0.00859	0.06968	0.00751	0.00840	0.00566	0.00459	0.00311	0.00150	0.00377	0.00276	0.00318	0.00543
4	0.01071	0.14345	0.06916	0.01430	0.01740	0.01298	0.30686	0.01333	0.00990	0.01353	0.01122	0.06098	0.03477	0.00656	0.00798	0.00170	0.22131	0.03544	0.00254	0.00589
5	0.00998	0.00946	0.01636	0.54496	0.21088	0.01081	0.06878	0.01315	0.01015	0.01363	0.00909	0.01291	0.00704	0.00470	0.00484	0.00156	0.00626	0.00442	0.03506	0.00597
6	0.86392	0.00937	0.00712	0.00637	0.00937	0.01087	0.00525	0.01425	0.00825	0.02174	0.00675	0.00787	0.00525	0.00450	0.00300	0.00150	0.00375	0.00262	0.00300	0.00525
7	0.00700	0.00471	0.00530	0.00529	0.00537	0.00467	0.00300	0.00709	0.00734	0.00975	0.03363	0.03234	0.04600	0.78260	0.02358	0.00452	0.00457	0.00720	0.00304	0.00301
8	0.00627	0.00446	0.00575	0.00664	0.00702	0.00423	0.00453	0.00713	0.00918	0.01213	0.02578	0.58458	0.06503	0.14782	0.00923	0.00242	0.00326	0.08646	0.00424	0.00383
9	0.01351	0.00643	0.00856	0.00719	0.00952	0.00570	0.00568	0.01557	0.01368	0.37157	0.41779	0.02774	0.05996	0.00824	0.00534	0.00152	0.00312	0.00707	0.00560	0.00621
10	0.01205	0.01041	0.01096	0.00986	0.01260	0.01205	0.00767	0.02575	0.79071	0.02027	0.01972	0.01808	0.01479	0.00657	0.00493	0.00164	0.00384	0.00548	0.00493	0.00767
11	0.00885	0.00458	0.00481	0.00481	0.00591	0.00465	0.00362	0.01106	0.00995	0.01747	0.01556	0.01815	0.01239	0.00835	0.07459	0.00172	0.00320	0.00458	0.78126	0.00450
12	0.01810	0.02310	0.01373	0.01248	0.01498	0.81024	0.00936	0.01935	0.01373	0.01186	0.00749	0.00874	0.00624	0.00499	0.00437	0.00125	0.00874	0.00312	0.00250	0.00562
13	0.20536	0.00646	0.00642	0.00609	0.00737	0.00677	0.00430	0.06123	0.00928	0.01458	0.01920	0.02866	0.14204	0.40183	0.01417	0.00310	0.00414	0.05146	0.00343	0.00411
14	0.01299	0.01439	0.01546	0.24502	0.19372	0.27724	0.01195	0.01513	0.01096	0.01286	0.00799	0.01095	0.00664	0.00537	0.00647	0.00154	0.13915	0.00390	0.00232	0.00596
15	0.00903	0.02040	0.62040	0.01205	0.01780	0.00969	0.01483	0.01385	0.01090	0.01608	0.16790	0.03948	0.01487	0.00598	0.00487	0.00155	0.00605	0.00492	0.00278	0.00655
16	0.01066	0.00992	0.01673	0.31867	0.44000	0.01084	0.01351	0.01328	0.01011	0.01394	0.00880	0.01248	0.00724	0.00548	0.00610	0.05937	0.02990	0.00430	0.00228	0.00638
17	0.03778	0.57791	0.09087	0.00879	0.01309	0.01590	0.00883	0.01635	0.01062	0.16643	0.00933	0.00969	0.00731	0.00456	0.00358	0.00118	0.00511	0.00312	0.00286	0.00667
18	0.01135	0.00614	0.00650	0.00580	0.00753	0.00628	0.00453	0.12766	0.01232	0.07649	0.01542	0.01699	0.01177	0.00570	0.00371	0.00120	0.00285	0.00452	0.66788	0.00534
19	0.00698	0.00532	0.00646	0.00614	0.00748	0.00500	0.00461	0.00984	0.06908	0.01804	0.57075	0.05300	0.19863	0.01026	0.00567	0.00156	0.00244	0.00893	0.00512	0.00468
20	0.00964	0.00919	0.01579	0.67741	0.13996	0.01093	0.04318	0.01285	0.00994	0.01298	0.00873	0.01280	0.00666	0.00474	0.00487	0.00159	0.00643	0.00436	0.00220	0.00575
21	0.01047	0.21140	0.62479	0.01254	0.01900	0.01308	0.01569	0.01515	0.01014	0.01444	0.00824	0.00966	0.00616	0.00450	0.00426	0.00142	0.00671	0.00335	0.00205	0.00694
22	0.01207	0.00729	0.00787	0.00674	0.00884	0.00750	0.00533	0.21948	0.01413	0.07875	0.06580	0.01985	0.08256	0.00656	0.00424	0.00131	0.00324	0.00527	0.43740	0.00576
23	0.00693	0.00516	0.00761	0.00761	0.00841	0.00596	0.00583	0.00854	0.00773	0.01112	0.01315	0.01995	0.01251	0.09352	0.75385	0.00757	0.01238	0.00533	0.00262	0.00423
24	0.01473	0.01676	0.01495	0.23199	0.14568	0.41822	0.01134	0.06364	0.01277	0.01378	0.00831	0.01056	0.00665	0.00490	0.00460	0.00139	0.00744	0.00371	0.00253	0.00605
25	0.00591	0.00454	0.00541	0.00598	0.00686	0.00404	0.00419	0.00701	0.01030	0.01319	0.09381	0.46338	0.33070	0.01365	0.00597	0.00181	0.00263	0.01202	0.00456	0.00404
26	0.00590	0.00422	0.00562	0.00675	0.00703	0.00394	0.00450	0.00675	0.00928	0.01237	0.02671	0.82653	0.03205	0.01518	0.00619	0.00197	0.00281	0.01378	0.00450	0.00394
27	0.01810	0.02310	0.01373	0.01248	0.01498	0.81024	0.00936	0.01935	0.01373	0.01186	0.00749	0.00874	0.00624	0.00499	0.00437	0.00125	0.00874	0.00312	0.00250	0.00562
28	0.01122	0.01697	0.34780	0.01429	0.01860	0.01220	0.16355	0.01528	0.03762	0.06898	0.00937	0.01160	0.00715	0.00576	0.00804	0.00172	0.23638	0.00434	0.00252	0.00661
29	0.00701	0.00515	0.00756	0.00756	0.00841	0.00594	0.00583	0.00869	0.00785	0.01144	0.01318	0.01950	0.01234	0.06643	0.74851	0.00741	0.01224	0.00524	0.03542	0.00428
30	0.01733	0.00749	0.01014	0.00830	0.01115	0.00693	0.00670	0.04291	0.01244	0.54610	0.01776	0.01950	0.01297	0.07684	0.14747	0.00288	0.00577	0.03525	0.00506	0.00699
31	0.01269	0.58911	0.09692	0.01161	0.07121	0.05363	0.07795	0.01493	0.01029	0.01247	0.00740	0.00882	0.00642	0.00423	0.00366	0.00117	0.00583	0.00311	0.00215	0.00641
32	0.01022	0.15664	0.30504	0.01249	0.07240	0.02209	0.08090	0.01400	0.04150	0.03150	0.03958	0.07293	0.10779	0.00642	0.00476	0.00149	0.00560	0.00545	0.00289	0.00632
33	0.00772	0.06556	0.01029	0.00857	0.01006	0.00658	0.09881	0.03936	0.01037	0.01374	0.04423	0.54230	0.07283	0.01199	0.00573	0.00177	0.00372	0.01093	0.00406	0.03137
34	0.00831	0.09170	0.01133	0.04798	0.08468	0.00849	0.00772	0.01020	0.00851	0.01189	0.01200	0.01799	0.01121	0.02647	0.54896	0.00575	0.04440	0.03491	0.00256	0.00493
35	0.56819	0.03761	0.06730	0.02659	0.01236	0.07592	0.04319	0.03965	0.00965	0.01958	0.00741	0.00872	0.00576	0.00451	0.00349	0.00143	0.00475	0.00299	0.00287	0.05802
36	0.01348	0.04354	0.07215	0.00958	0.04312	0.03404	0.00794	0.09211	0.07655	0.15979	0.01256	0.01282	0.02644	0.00486	0.00423	0.00115	0.00443	0.00387	0.00372	0.37363
37	0.01183	0.07916	0.30546	0.01215	0.04675	0.02224	0.06128	0.07541	0.05937	0.08460	0.09889	0.01510	0.01237	0.00564	0.00498	0.00147	0.02394	0.01827	0.00329	0.05781
38	0.02202	0.12809	0.21749	0.01346	0.11927	0.02950	0.06449	0.02639	0.03652	0.08309	0.08724	0.01454	0.02048	0.00549	0.00511	0.00143	0.04355	0.01324	0.00306	0.06553
39	0.06958	0.05395	0.04236	0.01572	0.19969	0.04364	0.15537	0.04823	0.02582	0.05844	0.01917	0.05918	0.00945	0.00514	0.00473	0.00137	0.01453	0.00471	0.01550	0.15341
40	0.02983	0.04875	0.29817	0.01402	0.13091	0.05361	0.01243	0.10872	0.10879	0.04416	0.01064	0.01160	0.00798	0.00489	0.00450	0.00140	0.00578	0.00390	0.00305	0.09685

[dist]
# distance from previous block
# <min> <max>
6	42

[block]
# block no. 1 follows, 52 sequences, length 17
# corresponding to MSA columns:
# 136-152
name=unknown_B
#
# <colnr> <probs for GDERKNQSTAVLIFYWHMCP>
#	G	D	E	R	K	N	Q	S	T	A	V	L	I	F	Y	W	H	M	C	P
0	0.10926	0.12349	0.28988	0.01021	0.01482	0.03400	0.01077	0.05907	0.08267	0.08713	0.07534	0.01308	0.01081	0.00529	0.00432	0.00141	0.00527	0.00405	0.00326	0.05586
1	0.16877	0.14239	0.28136	0.01173	0.07619	0.07420	0.01123	0.02979	0.02637	0.05031	0.03285	0.01146	0.02516	0.00494	0.00412	0.00139	0.00564	0.00366	0.00275	0.03569
2	0.07683	0.52890	0.04525	0.01020	0.07364	0.01598	0.00876	0.04812	0.04003	0.09926	0.00901	0.00967	0.00729	0.00456	0.00361	0.00121	0.00502	0.00319	0.00281	0.00665
3	0.09147	0.04170	0.03648	0.00637	0.00882	0.00678	0.00529	0.04902	0.04015	0.06425	0.05635	0.03346	0.48825	0.00956	0.00510	0.00154	0.00321	0.00779	0.00425	0.04019
4	0.05476	0.02488	0.03145	0.00947	0.01290	0.01082	0.00789	0.26942	0.14802	0.27499	0.02983	0.01602	0.03958	0.00747	0.03851	0.00177	0.00482	0.00491	0.00493	0.00757
5	0.04918	0.27155	0.05281	0.01098	0.08416	0.07688	0.00876	0.19040	0.02650	0.01778	0.07473	0.03921	0.06580	0.00605	0.00434	0.00135	0.00507	0.00465	0.00336	0.00645
6	0.01351	0.36629	0.06826	0.01342	0.11793	0.01452	0.12233	0.06667	0.03921	0.09755	0.03051	0.01153	0.00865	0.00473	0.00423	0.00132	0.00559	0.00395	0.00295	0.00687
7	0.00884	0.27410	0.03375	0.00755	0.00948	0.00957	0.00626	0.04206	0.01023	0.01312	0.04248	0.45944	0.04409	0.01069	0.00506	0.00161	0.00378	0.00923	0.00369	0.00497
8	0.01262	0.22900	0.09634	0.01474	0.01929	0.03828	0.35877	0.11573	0.01240	0.01618	0.00961	0.03741	0.00783	0.00476	0.00479	0.00144	0.00677	0.00471	0.00270	0.00662
9	0.01308	0.33477	0.02069	0.06043	0.33752	0.06070	0.01132	0.04022	0.02823	0.03813	0.00868	0.01045	0.00726	0.00447	0.00412	0.00129	0.00564	0.00361	0.00251	0.00690
10	0.01151	0.38931	0.30574	0.01254	0.01791	0.01504	0.15652	0.01500	0.01028	0.01359	0.00801	0.00965	0.00640	0.00430	0.00413	0.00133	0.00645	0.00353	0.00213	0.00662
11	0.00904	0.00530	0.00657	0.00646	0.00794	0.00467	0.00476	0.01034	0.01116	0.16802	0.10391	0.34344	0.27589	0.01196	0.00574	0.00173	0.00290	0.01043	0.00487	0.00489
12	0.01169	0.28643	0.39166	0.01316	0.09994	0.01340	0.01335	0.01531	0.01040	0.06500	0.00929	0.03347	0.00745	0.00482	0.00420	0.00137	0.00604	0.00371	0.00242	0.00689
13	0.01955	0.00885	0.01231	0.01143	0.11434	0.00810	0.00815	0.04843	0.04576	0.61984	0.03951	0.01636	0.01237	0.00591	0.00489	0.00150	0.00431	0.00492	0.00543	0.00805
14	0.01859	0.01006	0.05951	0.00936	0.01309	0.00894	0.00802	0.06460	0.19398	0.53219	0.01822	0.01622	0.01209	0.00604	0.00487	0.00153	0.00431	0.00491	0.00545	0.00805
15	0.14116	0.00952	0.01390	0.01604	0.28622	0.00945	0.05386	0.01700	0.05381	0.22393	0.09972	0.01574	0.01312	0.00554	0.00469	0.00149	0.00462	0.00485	0.01833	0.00700
16	0.01568	0.01140	0.07299	0.01480	0.13414	0.03698	0.18222	0.03811	0.01267	0.34286	0.03715	0.03682	0.02962	0.00568	0.00509	0.00153	0.00556	0.00528	0.00414	0.00729

[dist]
# distance from previous block
# <min> <max>
1	8

[block]
# block no. 2 follows, 52 sequences, length 77
# corresponding to MSA columns:
# 161-237
name=unknown_C
#
# <colnr> <probs for GDERKNQSTAVLIFYWHMCP>
#	G	D	E	R	K	N	Q	S	T	A	V	L	I	F	Y	W	H	M	C	P
0	0.06532	0.00960	0.01393	0.29571	0.23563	0.03910	0.01109	0.02677	0.02568	0.07526	0.11189	0.01545	0.01243	0.00543	0.00477	0.00149	0.00529	0.00475	0.00311	0.03729
1	0.01416	0.01184	0.01649	0.06736	0.37368	0.05778	0.03961	0.19119	0.01394	0.08606	0.02411	0.01328	0.00901	0.03466	0.00553	0.00156	0.00568	0.00450	0.00334	0.02622
2	0.00966	0.01006	0.04721	0.10994	0.01492	0.10133	0.12456	0.01173	0.01039	0.01348	0.14093	0.03318	0.01728	0.18679	0.03158	0.00247	0.07167	0.05483	0.00311	0.00489
3	0.00936	0.00892	0.01374	0.63066	0.07697	0.04572	0.01224	0.01225	0.01011	0.01290	0.04665	0.07849	0.01039	0.00588	0.00497	0.00161	0.00603	0.00521	0.00252	0.00538
4	0.00705	0.00470	0.00529	0.00529	0.00529	0.00470	0.00294	0.00705	0.00705	0.00940	0.01527	0.03171	0.01762	0.82969	0.02467	0.00470	0.00470	0.00705	0.00294	0.00294
5	0.01189	0.01332	0.02687	0.01940	0.02409	0.04105	0.69777	0.03633	0.04801	0.01601	0.01023	0.01311	0.00768	0.00428	0.00561	0.00162	0.00791	0.00558	0.00263	0.00660
6	0.01559	0.01328	0.01233	0.01023	0.01305	0.23262	0.03607	0.24134	0.01632	0.12787	0.21122	0.01780	0.01770	0.00659	0.00497	0.00143	0.00544	0.00526	0.00439	0.00652
7	0.00736	0.00504	0.00662	0.00627	0.00746	0.00464	0.00471	0.00954	0.01343	0.04715	0.71174	0.08110	0.04343	0.01013	0.00573	0.00156	0.00242	0.02170	0.00530	0.00467
8	0.01188	0.42995	0.36450	0.01088	0.01632	0.01547	0.01254	0.06230	0.01081	0.01430	0.00789	0.00908	0.00631	0.00445	0.00387	0.00128	0.00605	0.00313	0.00223	0.00675
9	0.01335	0.01105	0.01169	0.01012	0.01309	0.01266	0.00798	0.17976	0.63459	0.02236	0.01808	0.01677	0.01346	0.00642	0.00491	0.00161	0.00414	0.00525	0.00491	0.00779
10	0.73386	0.01073	0.00846	0.00818	0.05090	0.08005	0.00616	0.02636	0.00909	0.02072	0.00701	0.00822	0.00551	0.00455	0.00324	0.00147	0.00431	0.00278	0.00295	0.00545
11	0.01411	0.00794	0.00970	0.00825	0.01089	0.00793	0.00652	0.01990	0.26286	0.31395	0.25561	0.02299	0.02314	0.00737	0.00515	0.00155	0.00347	0.00625	0.00545	0.00695
12	0.01276	0.01197	0.01331	0.01189	0.04257	0.12571	0.08810	0.12065	0.28926	0.01838	0.01604	0.05677	0.01385	0.00714	0.00529	0.00162	0.01453	0.10825	0.00403	0.03788
13	0.01785	0.02219	0.01403	0.01319	0.04941	0.74164	0.00960	0.05137	0.01400	0.01282	0.00774	0.00900	0.00639	0.00500	0.00441	0.00127	0.00846	0.00323	0.00259	0.00582
14	0.00875	0.00449	0.00462	0.00472	0.00577	0.00446	0.00349	0.01088	0.01008	0.01755	0.01680	0.09176	0.01421	0.00652	0.00364	0.00121	0.00231	0.00536	0.77893	0.00446
15	0.00642	0.00467	0.00586	0.00609	0.00700	0.00427	0.00437	0.00802	0.01158	0.01587	0.37677	0.32137	0.15493	0.01201	0.00580	0.00169	0.00250	0.01064	0.03589	0.00427
16	0.00705	0.00470	0.00529	0.00529	0.00529	0.00470	0.00294	0.00705	0.00705	0.00940	0.01527	0.03171	0.01762	0.82969	0.02467	0.00470	0.00470	0.00705	0.00294	0.00294
17	0.00575	0.00491	0.00494	0.00494	0.00656	0.00410	0.00370	0.00700	0.01111	0.01324	0.06612	0.04640	0.78038	0.01222	0.00573	0.00163	0.00245	0.01019	0.00452	0.00410
18	0.01130	0.01055	0.01852	0.33529	0.28114	0.01131	0.15255	0.03493	0.03937	0.04331	0.00986	0.01293	0.00757	0.00466	0.00499	0.00155	0.00633	0.00463	0.00260	0.00661
19	0.01235	0.01056	0.01112	0.00992	0.01271	0.01219	0.00774	0.06094	0.75504	0.02075	0.01935	0.01778	0.01449	0.00654	0.00493	0.00163	0.00390	0.00543	0.00493	0.00770
20	0.01307	0.01016	0.01335	0.01107	0.02623	0.01076	0.11319	0.19559	0.25820	0.08828	0.08342	0.08060	0.05010	0.00719	0.00534	0.00160	0.01401	0.00629	0.00457	0.00696
21	0.00586	0.00439	0.00545	0.00630	0.00691	0.00397	0.00430	0.00680	0.00971	0.01255	0.03216	0.63676	0.21830	0.01447	0.00607	0.00189	0.00272	0.01291	0.00450	0.00397
22	0.05089	0.15562	0.34880	0.01165	0.06187	0.01148	0.01200	0.04339	0.01067	0.04242	0.00874	0.01003	0.00672	0.00436	0.00407	0.00125	0.00559	0.00332	0.00255	0.20458
23	0.01350	0.61802	0.08148	0.01005	0.03848	0.14369	0.00939	0.01535	0.01053	0.01191	0.00708	0.00824	0.00626	0.00432	0.00347	0.00112	0.00591	0.00280	0.00215	0.00624
24	0.00980	0.00834	0.00987	0.00723	0.01126	0.00643	0.00577	0.01192	0.00987	0.01543	0.00896	0.01076	0.00757	0.00619	0.06779	0.00128	0.00434	0.00306	0.00285	0.79129
25	0.01012	0.03730	0.01004	0.04315	0.03955	0.15358	0.00689	0.02612	0.08066	0.01681	0.39740	0.08327	0.02835	0.00837	0.00564	0.00152	0.03469	0.00701	0.00424	0.00528
26	0.09535	0.01724	0.39331	0.01097	0.01625	0.04352	0.01211	0.01735	0.05013	0.18549	0.01124	0.01166	0.00787	0.00489	0.00440	0.00142	0.00567	0.00376	0.00325	0.10410
27	0.00600	0.00441	0.00566	0.00661	0.00715	0.00407	0.00459	0.00700	0.00967	0.01262	0.03009	0.65561	0.14968	0.01462	0.00615	0.00193	0.00287	0.06278	0.00450	0.00399
28	0.51077	0.00868	0.00829	0.00706	0.01007	0.00931	0.00576	0.01696	0.04997	0.23225	0.05390	0.01268	0.01005	0.00535	0.00377	0.00149	0.00371	0.00379	0.04003	0.00611
29	0.02655	0.00791	0.01101	0.02574	0.20199	0.00818	0.00802	0.05877	0.08065	0.04681	0.21305	0.07270	0.05536	0.05914	0.08246	0.00233	0.02296	0.00663	0.00392	0.00582
30	0.01102	0.01090	0.01623	0.18415	0.29777	0.04809	0.01251	0.01320	0.00947	0.01329	0.00807	0.01176	0.00703	0.00698	0.03459	0.00192	0.30034	0.00426	0.00226	0.00615
31	0.00578	0.00478	0.00507	0.00527	0.00665	0.00407	0.00385	0.00697	0.01078	0.01310	0.06162	0.18767	0.64218	0.01275	0.00581	0.00169	0.00252	0.01084	0.00452	0.00407
32	0.00709	0.00509	0.00628	0.00638	0.00768	0.00462	0.00495	0.00885	0.01191	0.04391	0.30191	0.12527	0.28756	0.01173	0.00592	0.00173	0.00286	0.14694	0.00484	0.00446
33	0.01217	0.04230	0.15854	0.21132	0.22650	0.13974	0.04780	0.04968	0.03864	0.01493	0.00909	0.01148	0.00709	0.00473	0.00470	0.00147	0.00666	0.00404	0.00248	0.00663
34	0.01278	0.78882	0.06764	0.00859	0.01290	0.01875	0.00881	0.01456	0.00987	0.01162	0.00684	0.00791	0.00621	0.00417	0.00319	0.00106	0.00529	0.00264	0.00207	0.00627
35	0.00584	0.00463	0.00525	0.00570	0.00677	0.00404	0.00404	0.00694	0.01040	0.01299	0.06340	0.36638	0.45973	0.01339	0.00591	0.00177	0.00260	0.01164	0.00453	0.00404
36	0.01809	0.00959	0.01165	0.00958	0.02961	0.03793	0.02039	0.17533	0.04191	0.44880	0.01732	0.05237	0.02475	0.07191	0.00651	0.00176	0.00459	0.00538	0.00513	0.00741
37	0.01366	0.08585	0.17077	0.03166	0.12198	0.01096	0.04656	0.03065	0.17740	0.19965	0.03878	0.02782	0.01134	0.00561	0.00475	0.00150	0.00516	0.00476	0.00384	0.00732
38	0.01272	0.01074	0.01133	0.01000	0.01286	0.01236	0.00783	0.10499	0.71038	0.02135	0.01888	0.01741	0.01411	0.00650	0.00492	0.00162	0.00399	0.00536	0.00492	0.00773
39	0.21696	0.01071	0.01636	0.11841	0.48873	0.01130	0.04046	0.01445	0.01022	0.01683	0.00851	0.01115	0.00693	0.00442	0.00440	0.00148	0.00545	0.00396	0.00252	0.00677
40	0.01053	0.01122	0.08212	0.05829	0.48907	0.01005	0.06305	0.01350	0.01116	0.01584	0.11343	0.07438	0.01422	0.00587	0.00506	0.00152	0.00539	0.00562	0.00290	0.00678
41	0.01321	0.01158	0.01935	0.11143	0.11860	0.01252	0.25155	0.15214	0.01269	0.08382	0.01007	0.01250	0.00766	0.00547	0.00712	0.00165	0.15401	0.00479	0.00308	0.00677
42	0.01118	0.00936	0.01541	0.11257	0.43208	0.00950	0.02507	0.01387	0.01123	0.07027	0.04805	0.02306	0.01403	0.00677	0.00529	0.00165	0.00532	0.17549	0.00321	0.00658
43	0.01629	0.01251	0.01334	0.01072	0.01422	0.01403	0.00870	0.52974	0.27982	0.02710	0.01434	0.01379	0.01043	0.00607	0.00488	0.00152	0.00483	0.00474	0.00488	0.00805
44	0.00949	0.00896	0.01514	0.72495	0.12385	0.01085	0.01363	0.01268	0.00985	0.01279	0.00867	0.01281	0.00660	0.00478	0.00484	0.00159	0.00638	0.00431	0.00218	0.00565
45	0.00752	0.00560	0.00629	0.00623	0.00654	0.03444	0.00403	0.00803	0.00786	0.01044	0.04980	0.02964	0.01781	0.60008	0.13822	0.00475	0.02184	0.03447	0.00302	0.00341
46	0.00737	0.00573	0.00669	0.00674	0.00800	0.00562	0.00492	0.03892	0.11542	0.01591	0.20929	0.31796	0.21551	0.01176	0.00575	0.00172	0.00283	0.01030	0.00476	0.00478
47	0.00733	0.00620	0.00664	0.00738	0.00808	0.06869	0.00512	0.00914	0.06433	0.01295	0.02566	0.65850	0.06232	0.01361	0.00594	0.00188	0.00337	0.02415	0.00437	0.00435
48	0.00915	0.00861	0.01453	0.81804	0.03338	0.01077	0.01346	0.01238	0.00969	0.01238	0.00861	0.01292	0.00646	0.00484	0.00484	0.00161	0.00646	0.00431	0.00215	0.00538
49	0.00646	0.00457	0.00605	0.00704	0.00746	0.00438	0.00502	0.00750	0.00941	0.01246	0.02507	0.56172	0.02937	0.11537	0.00858	0.00236	0.00340	0.17555	0.00430	0.00393
50	0.00636	0.00477	0.00593	0.00619	0.00721	0.00434	0.00456	0.00795	0.01156	0.01540	0.32544	0.27008	0.23261	0.01230	0.00593	0.00173	0.00264	0.06593	0.00481	0.00426
51	0.01005	0.00861	0.01005	0.00718	0.01148	0.00646	0.00574	0.01220	0.01005	0.01579	0.00861	0.01005	0.00718	0.00359	0.00359	0.00072	0.00359	0.00287	0.00287	0.85932
52	0.00600	0.00492	0.00529	0.00520	0.00671	0.00421	0.00390	0.00748	0.01169	0.01462	0.22988	0.04411	0.61576	0.01170	0.00572	0.00161	0.00241	0.00987	0.00470	0.00421
53	0.04270	0.09943	0.45600	0.01379	0.01950	0.01166	0.17696	0.01520	0.01049	0.05166	0.01008	0.05283	0.00798	0.00505	0.00473	0.00153	0.00669	0.00449	0.00248	0.00675
54	0.01531	0.00763	0.01020	0.04291	0.04116	0.00718	0.00698	0.02702	0.08291	0.41871	0.22188	0.02300	0.04741	0.00728	0.00515	0.00154	0.00374	0.01775	0.00535	0.00690
55	0.00694	0.00504	0.00655	0.00616	0.00733	0.00469	0.00462	0.00942	0.02638	0.01945	0.78424	0.03590	0.04522	0.00985	0.00570	0.00153	0.00231	0.00871	0.00533	0.00462
56	0.00958	0.00515	0.00522	0.00502	0.00633	0.00528	0.00381	0.04768	0.03916	0.01873	0.01576	0.01777	0.01231	0.00569	0.00351	0.00116	0.00246	0.00454	0.78604	0.00480
57	0.01062	0.00960	0.01528	0.61239	0.14195	0.01136	0.01318	0.10044	0.01137	0.01495	0.00903	0.01264	0.00684	0.00488	0.00484	0.00157	0.00623	0.00431	0.00250	0.00604
58	0.01965	0.00844	0.01099	0.00855	0.01204	0.00765	0.00702	0.10267	0.01468	0.63129	0.07398	0.01868	0.04843	0.00653	0.00497	0.00150	0.00405	0.00533	0.00576	0.00781
59	0.05441	0.02063	0.01388	0.01364	0.08614	0.64666	0.00961	0.03870	0.04773	0.01351	0.00825	0.00948	0.00676	0.00500	0.00439	0.00130	0.00794	0.00334	0.00268	0.00595
60	0.00776	0.02234	0.00853	0.01004	0.09842	0.03292	0.00685	0.00941	0.01064	0.01388	0.07378	0.33897	0.09535	0.01226	0.00599	0.00189	0.00383	0.23829	0.00419	0.00468
61	0.01196	0.04967	0.16574	0.04553	0.26614	0.01033	0.02975	0.02478	0.06259	0.08727	0.02841	0.01251	0.00890	0.00468	0.00451	0.00133	0.00530	0.00408	0.00299	0.17353
62	0.03550	0.58222	0.11709	0.00927	0.01371	0.01705	0.00944	0.11025	0.01160	0.04349	0.00803	0.00887	0.00665	0.00449	0.00357	0.00118	0.00536	0.00301	0.00258	0.00663
63	0.00578	0.00492	0.00498	0.00500	0.00663	0.00413	0.00378	0.00703	0.01105	0.01312	0.04855	0.04682	0.77955	0.01230	0.00575	0.00165	0.00250	0.02787	0.00450	0.00410
64	0.00833	0.00705	0.00840	0.00925	0.09082	0.02983	0.00633	0.03161	0.10035	0.01642	0.23211	0.05032	0.28296	0.00998	0.00559	0.00165	0.00341	0.09591	0.00450	0.00519
65	0.01518	0.32137	0.03683	0.01330	0.13832	0.22389	0.00988	0.11066	0.02142	0.05445	0.00872	0.00977	0.00709	0.00473	0.00406	0.00125	0.00620	0.00339	0.00280	0.00668
66	0.01867	0.00967	0.04644	0.00896	0.01247	0.04161	0.00757	0.04753	0.07946	0.56551	0.09408	0.01778	0.01490	0.00632	0.00493	0.00150	0.00429	0.00516	0.00548	0.00768
67	0.06819	0.00744	0.00973	0.00782	0.01083	0.00667	0.00633	0.01921	0.01349	0.54800	0.22496	0.02121	0.02055	0.00695	0.00498	0.00151	0.00361	0.00577	0.00564	0.00709
68	0.72951	0.01004	0.04323	0.00702	0.01024	0.01068	0.00605	0.01545	0.04307	0.07596	0.00827	0.00903	0.00618	0.00470	0.00329	0.00151	0.00393	0.00295	0.00325	0.00565
69	0.01245	0.01179	0.15747	0.13406	0.06574	0.00935	0.06859	0.07285	0.04676	0.17482	0.08881	0.05034	0.05386	0.00635	0.00503	0.00154	0.00519	0.00553	0.00380	0.02566
70	0.00588	0.00432	0.00552	0.00647	0.00696	0.00396	0.00438	0.00678	0.00955	0.01248	0.03009	0.70866	0.14774	0.01474	0.00612	0.00192	0.00276	0.01324	0.00450	0.00396
71	0.06840	0.00592	0.00625	0.00581	0.00675	0.00615	0.00391	0.08575	0.00958	0.02907	0.01452	0.02444	0.01445	0.47310	0.01560	0.00322	0.00408	0.00581	0.21307	0.00411
72	0.01296	0.83261	0.02539	0.00829	0.01244	0.01917	0.00829	0.01451	0.00985	0.01140	0.00674	0.00777	0.00622	0.00415	0.00311	0.00104	0.00518	0.00259	0.00207	0.00622
73	0.01166	0.01158	0.01921	0.10697	0.57504	0.04625	0.09224	0.01454	0.01098	0.01513	0.00981	0.04641	0.00848	0.00484	0.00494	0.00149	0.00608	0.00481	0.00247	0.00708
74	0.00850	0.00809	0.04032	0.00989	0.01064	0.00970	0.00822	0.01010	0.00794	0.01184	0.03890	0.01615	0.01090	0.03549	0.41984	0.00500	0.33626	0.00491	0.00249	0.00481
75	0.00701	0.00469	0.00534	0.00535	0.00540	0.00467	0.00304	0.00711	0.00735	0.00984	0.04371	0.05278	0.01901	0.77876	0.02350	0.00451	0.00456	0.00729	0.00306	0.00302
76	0.00709	0.00564	0.00863	0.00850	0.00947	0.00538	0.09314	0.04246	0.01013	0.01354	0.02411	0.69757	0.02818	0.01350	0.00607	0.00191	0.00353	0.01244	0.00428	0.00442

[dist]
# distance from previous block
# <min> <max>
0	2

[block]
# block no. 3 follows, 52 sequences, length 97
# corresponding to MSA columns:
# 240-336
name=unknown_D
#
# <colnr> <probs for GDERKNQSTAVLIFYWHMCP>
#	G	D	E	R	K	N	Q	S	T	A	V	L	I	F	Y	W	H	M	C	P
0	0.00986	0.03864	0.70689	0.01424	0.03641	0.01130	0.06378	0.01518	0.01040	0.01540	0.02864	0.01105	0.00724	0.00469	0.00468	0.00153	0.00703	0.00384	0.00216	0.00705
1	0.08739	0.00888	0.01004	0.00735	0.01150	0.00727	0.00592	0.04731	0.01064	0.05451	0.00908	0.01023	0.00728	0.00388	0.00365	0.00086	0.00371	0.00301	0.00312	0.70436
2	0.01232	0.01074	0.01362	0.01583	0.25268	0.01182	0.00982	0.06735	0.48067	0.01946	0.01587	0.01584	0.01215	0.00581	0.00483	0.00155	0.00446	0.00503	0.03256	0.00760
3	0.01366	0.01125	0.01215	0.01084	0.03890	0.01279	0.00830	0.21718	0.57085	0.02273	0.01733	0.01625	0.01290	0.00631	0.00491	0.00159	0.00428	0.00516	0.00483	0.00782
4	0.00699	0.00491	0.00635	0.00635	0.00672	0.00528	0.00427	0.00773	0.00736	0.01019	0.01429	0.02630	0.01527	0.49103	0.36011	0.00602	0.00823	0.00626	0.00279	0.00353
5	0.25410	0.00979	0.01087	0.00858	0.01215	0.00999	0.00709	0.19658	0.01437	0.40815	0.01396	0.01298	0.00926	0.00554	0.00435	0.00149	0.00430	0.00413	0.00490	0.00742
6	0.00576	0.00491	0.00496	0.00495	0.00657	0.00411	0.00371	0.00703	0.01113	0.01330	0.07369	0.04629	0.77277	0.01220	0.00573	0.00163	0.00245	0.01018	0.00453	0.00411
7	0.00767	0.00707	0.00664	0.00645	0.00793	0.09987	0.00484	0.00928	0.01222	0.01519	0.30526	0.07727	0.37640	0.01076	0.00562	0.00159	0.00322	0.03374	0.00455	0.00445
8	0.00703	0.00477	0.00563	0.00562	0.00576	0.00486	0.00337	0.00732	0.00739	0.01000	0.04515	0.03037	0.01804	0.70327	0.11783	0.00494	0.00559	0.00689	0.00299	0.00317
9	0.01810	0.02310	0.01373	0.01248	0.01498	0.81024	0.00936	0.01935	0.01373	0.01186	0.00749	0.00874	0.00624	0.00499	0.00437	0.00125	0.00874	0.00312	0.00250	0.00562
10	0.01067	0.01032	0.01660	0.27674	0.32211	0.01226	0.01316	0.01313	0.00954	0.01350	0.00814	0.01188	0.00690	0.00572	0.00809	0.00170	0.24678	0.00429	0.00224	0.00624
11	0.01009	0.00911	0.01454	0.73666	0.03153	0.01120	0.01303	0.09014	0.01101	0.01421	0.00892	0.01279	0.00664	0.00494	0.00485	0.00160	0.00635	0.00431	0.00243	0.00567
12	0.00685	0.00487	0.00678	0.00702	0.00765	0.00532	0.00512	0.00818	0.00814	0.01163	0.01640	0.19266	0.01716	0.14246	0.47951	0.00571	0.00900	0.00724	0.05424	0.00406
13	0.01749	0.02193	0.01433	0.01423	0.09411	0.72967	0.00992	0.01890	0.01346	0.01226	0.00765	0.00907	0.00639	0.00493	0.00441	0.00127	0.00844	0.00324	0.00249	0.00583
14	0.01501	0.01824	0.01743	0.01433	0.01706	0.47236	0.20659	0.01699	0.01230	0.01303	0.03475	0.01103	0.00788	0.00540	0.00631	0.00147	0.11738	0.00413	0.00253	0.00577
15	0.01347	0.35522	0.08608	0.01300	0.03978	0.12124	0.20072	0.01641	0.03760	0.06050	0.00901	0.01041	0.00718	0.00448	0.00426	0.00131	0.00646	0.00380	0.00256	0.00651
16	0.00654	0.00487	0.00555	0.00569	0.00699	0.00423	0.00415	0.00784	0.01106	0.04423	0.14337	0.24547	0.46777	0.01246	0.00581	0.00170	0.00259	0.01074	0.00467	0.00428
17	0.01382	0.15327	0.01809	0.01755	0.30749	0.03275	0.03704	0.24567	0.02827	0.01928	0.01124	0.03888	0.02897	0.00534	0.00459	0.00139	0.00543	0.00451	0.00326	0.02315
18	0.00915	0.00861	0.01453	0.81804	0.03338	0.01077	0.01346	0.01238	0.00969	0.01238	0.00861	0.01292	0.00646	0.00484	0.00484	0.00161	0.00646	0.00431	0.00215	0.00538
19	0.01248	0.66008	0.13426	0.00919	0.01363	0.01740	0.00966	0.03955	0.01037	0.01270	0.00790	0.01005	0.00711	0.00462	0.00352	0.00117	0.00544	0.03227	0.00225	0.00635
20	0.03123	0.40316	0.10811	0.01172	0.01598	0.07444	0.15893	0.01598	0.07565	0.01373	0.00872	0.01011	0.00715	0.00454	0.00431	0.00130	0.02410	0.00363	0.00245	0.02476
21	0.00652	0.00499	0.00600	0.00598	0.00720	0.00455	0.00444	0.00855	0.03299	0.01625	0.40257	0.15581	0.28520	0.01144	0.00579	0.00165	0.00251	0.02826	0.00491	0.00440
22	0.00573	0.00491	0.00491	0.00491	0.00655	0.00409	0.00368	0.00695	0.01105	0.01309	0.04909	0.04664	0.79750	0.01227	0.00573	0.00164	0.00245	0.01023	0.00450	0.00409
23	0.01109	0.03718	0.01658	0.25695	0.31760	0.02349	0.03815	0.01501	0.09603	0.02613	0.01062	0.03244	0.00883	0.00547	0.00577	0.00158	0.07256	0.01527	0.00270	0.00656
24	0.02598	0.14035	0.52212	0.01432	0.03168	0.01259	0.15679	0.01523	0.01037	0.01493	0.00858	0.01038	0.00638	0.00444	0.00456	0.00148	0.00698	0.00382	0.00215	0.00688
25	0.00598	0.00430	0.00568	0.00665	0.00704	0.00400	0.00449	0.00696	0.00971	0.01300	0.09416	0.73897	0.05179	0.01465	0.00613	0.00192	0.00276	0.01325	0.00457	0.00400
26	0.02174	0.00825	0.01125	0.00862	0.01237	0.00712	0.00712	0.02362	0.01387	0.80282	0.01912	0.01649	0.01200	0.00600	0.00487	0.00150	0.00412	0.00487	0.00600	0.00825
27	0.04140	0.38862	0.19810	0.00979	0.01437	0.01444	0.01017	0.04283	0.08968	0.13243	0.01051	0.01081	0.00796	0.00484	0.00395	0.00131	0.00530	0.00351	0.00306	0.00692
28	0.00600	0.00434	0.00568	0.00668	0.00712	0.00403	0.00457	0.00697	0.00963	0.01274	0.05364	0.71376	0.08829	0.01473	0.00616	0.00194	0.00283	0.04240	0.00452	0.00399
29	0.00634	0.00493	0.00576	0.00556	0.00692	0.00435	0.00417	0.00815	0.01250	0.01654	0.45632	0.04095	0.38811	0.01098	0.00572	0.00158	0.00236	0.00943	0.00495	0.00435
30	0.01493	0.01462	0.03003	0.01194	0.01459	0.23341	0.06267	0.10820	0.21793	0.08249	0.01215	0.01283	0.00930	0.00612	0.00669	0.00158	0.14576	0.00441	0.00362	0.00672
31	0.01779	0.01131	0.01371	0.01064	0.01425	0.01182	0.05458	0.43371	0.05839	0.23985	0.01461	0.01560	0.01058	0.03784	0.00574	0.00164	0.00504	0.03018	0.00494	0.00778
32	0.01199	0.01151	0.01967	0.02974	0.79946	0.01151	0.01487	0.01487	0.01103	0.01583	0.00912	0.01199	0.00768	0.00432	0.00480	0.00144	0.00576	0.00432	0.00240	0.00768
33	0.01810	0.02310	0.01373	0.01248	0.01498	0.81024	0.00936	0.01935	0.01373	0.01186	0.00749	0.00874	0.00624	0.00499	0.00437	0.00125	0.00874	0.00312	0.00250	0.00562
34	0.01199	0.00739	0.00874	0.00735	0.00990	0.00690	0.00587	0.13902	0.01407	0.19059	0.18825	0.02957	0.24303	0.00871	0.00527	0.00151	0.00343	0.04021	0.00493	0.07326
35	0.47073	0.07074	0.01153	0.03892	0.15753	0.03250	0.00784	0.01417	0.00933	0.04655	0.00914	0.06812	0.00805	0.00542	0.00416	0.00151	0.03107	0.00394	0.00296	0.00580
36	0.01671	0.02078	0.01394	0.01253	0.01456	0.66253	0.00959	0.01792	0.01256	0.01182	0.00728	0.00909	0.00626	0.00564	0.00651	0.00141	0.15954	0.00333	0.00243	0.00556
37	0.01202	0.01134	0.01882	0.08974	0.68700	0.01161	0.01434	0.04464	0.03382	0.01626	0.00948	0.01223	0.00781	0.00448	0.00481	0.00146	0.00574	0.00435	0.00255	0.00752
38	0.01032	0.00580	0.00764	0.00674	0.00850	0.00530	0.00521	0.01274	0.02916	0.19624	0.60597	0.03139	0.03750	0.00896	0.00551	0.00152	0.00273	0.00782	0.00548	0.00546
39	0.01518	0.49571	0.02052	0.00991	0.01344	0.30716	0.00868	0.03860	0.01172	0.02963	0.00743	0.00843	0.00641	0.00454	0.00366	0.00114	0.00646	0.00289	0.00239	0.00610
40	0.00590	0.00422	0.00562	0.00675	0.00703	0.00394	0.00450	0.00675	0.00928	0.01237	0.02671	0.82653	0.03205	0.01518	0.00619	0.00197	0.00281	0.01378	0.00450	0.00394
41	0.01230	0.01204	0.01976	0.02696	0.64759	0.03838	0.08132	0.03601	0.03707	0.01615	0.00950	0.01215	0.00783	0.00449	0.00503	0.00147	0.01747	0.00444	0.00255	0.00749
42	0.01344	0.06474	0.15330	0.01279	0.03352	0.23494	0.07098	0.09949	0.01201	0.02652	0.00892	0.01144	0.00739	0.02916	0.06580	0.00206	0.14070	0.00400	0.00265	0.00615
43	0.01590	0.00843	0.01065	0.00790	0.01193	0.00679	0.00643	0.01792	0.01196	0.40979	0.01387	0.01328	0.00959	0.00479	0.00423	0.00111	0.00386	0.00387	0.00444	0.43326
44	0.01191	0.11311	0.22895	0.02076	0.36402	0.02987	0.10448	0.01543	0.01089	0.04250	0.00912	0.01124	0.00718	0.00442	0.00465	0.00144	0.00635	0.00407	0.00240	0.00721
45	0.00984	0.00902	0.01494	0.04063	0.48891	0.00893	0.03061	0.01211	0.01059	0.01476	0.03657	0.24522	0.04156	0.00782	0.00527	0.00161	0.00480	0.00735	0.00314	0.00633
46	0.01740	0.01135	0.01270	0.01016	0.01367	0.01223	0.00825	0.37797	0.24243	0.21717	0.01581	0.01469	0.01106	0.00608	0.00488	0.00152	0.00460	0.00481	0.00515	0.00808
47	0.00622	0.00484	0.00552	0.00551	0.00673	0.00428	0.00400	0.00766	0.01146	0.01484	0.29106	0.11795	0.41730	0.07234	0.00717	0.00186	0.00260	0.00985	0.00466	0.00415
48	0.00624	0.00495	0.00546	0.00545	0.00672	0.00439	0.00394	0.00778	0.02566	0.01419	0.20779	0.10475	0.47759	0.09433	0.00766	0.00195	0.00270	0.00978	0.00453	0.00413
49	0.00670	0.00495	0.00626	0.00593	0.00714	0.00451	0.00445	0.00884	0.01335	0.01856	0.69404	0.03763	0.14913	0.01023	0.00572	0.00154	0.00231	0.00897	0.00522	0.00451
50	0.00989	0.02386	0.72631	0.01448	0.02141	0.01136	0.09496	0.01536	0.01035	0.01536	0.00881	0.01052	0.00626	0.00455	0.00472	0.00154	0.00726	0.00380	0.00209	0.00710
51	0.00659	0.00487	0.00615	0.00598	0.00711	0.00443	0.00443	0.00856	0.01285	0.01773	0.60207	0.11755	0.16211	0.01081	0.00576	0.00159	0.00237	0.00950	0.00512	0.00443
52	0.00590	0.00467	0.00532	0.00572	0.00682	0.00409	0.00410	0.00708	0.01060	0.01331	0.09442	0.32875	0.45426	0.01317	0.00591	0.00176	0.00260	0.02286	0.00456	0.00408
53	0.01110	0.01060	0.01805	0.27836	0.55785	0.01128	0.01443	0.01409	0.01061	0.01474	0.00896	0.01229	0.00729	0.00448	0.00481	0.00149	0.00598	0.00431	0.00232	0.00695
54	0.77861	0.01076	0.00779	0.00699	0.00994	0.09150	0.00566	0.01476	0.00880	0.02075	0.00682	0.00796	0.00535	0.00455	0.00314	0.00147	0.00425	0.00267	0.00295	0.00529
55	0.00658	0.00430	0.00586	0.00665	0.00693	0.00410	0.00451	0.00679	0.00863	0.01147	0.02259	0.56636	0.04521	0.03321	0.01969	0.20039	0.00335	0.03599	0.00389	0.00352
56	0.00903	0.00452	0.00452	0.00452	0.00565	0.00452	0.00339	0.01129	0.01016	0.01807	0.01581	0.01807	0.01242	0.00565	0.00339	0.00113	0.00226	0.00452	0.85659	0.00452
57	0.00779	0.00445	0.00510	0.00558	0.00638	0.00435	0.00402	0.00951	0.00987	0.01573	0.02042	0.32682	0.02062	0.00964	0.00461	0.00150	0.00257	0.04483	0.49191	0.00429
58	0.00586	0.00451	0.00537	0.00601	0.00685	0.00401	0.00418	0.00689	0.01009	0.01284	0.05614	0.49974	0.33234	0.01390	0.00599	0.00183	0.00266	0.01225	0.00452	0.00401
59	0.19859	0.01237	0.01277	0.00999	0.01367	0.01369	0.00825	0.57584	0.01918	0.07316	0.01103	0.01111	0.00782	0.00555	0.00446	0.00147	0.00493	0.00402	0.00452	0.00760
60	0.00642	0.00494	0.00587	0.00564	0.00697	0.00439	0.00423	0.00830	0.01269	0.01699	0.50882	0.04022	0.33533	0.01082	0.00572	0.00157	0.00235	0.00933	0.00501	0.00439
61	0.00647	0.00474	0.00574	0.00601	0.00705	0.00423	0.00431	0.00784	0.01112	0.03359	0.23137	0.34117	0.29346	0.01263	0.00588	0.00173	0.00259	0.01108	0.00475	0.00426
62	0.01150	0.42044	0.04942	0.03822	0.01364	0.01336	0.03642	0.01361	0.00999	0.01345	0.00772	0.00914	0.00664	0.00397	0.00351	0.00098	0.00480	0.00292	0.00240	0.33787
63	0.07522	0.21541	0.17038	0.01143	0.01533	0.37987	0.02443	0.03107	0.01186	0.01354	0.00761	0.00887	0.00620	0.00468	0.00405	0.00128	0.00716	0.00312	0.00239	0.00610
64	0.00693	0.00517	0.00769	0.00769	0.00852	0.00601	0.00594	0.00859	0.00776	0.01118	0.01307	0.01953	0.01233	0.06695	0.78018	0.00767	0.01266	0.00526	0.00261	0.00427
65	0.00682	0.00531	0.00658	0.00716	0.00787	0.03203	0.00522	0.00810	0.00967	0.01279	0.08117	0.41695	0.07646	0.04517	0.17792	0.00324	0.00534	0.08402	0.00403	0.00415
66	0.06279	0.07471	0.18349	0.07761	0.20412	0.01171	0.22092	0.01507	0.01069	0.04909	0.00963	0.02777	0.00759	0.00463	0.00479	0.00150	0.00643	0.00450	0.00254	0.02044
67	0.00772	0.00540	0.00664	0.00704	0.00785	0.02292	0.00516	0.03665	0.00978	0.02332	0.02035	0.37680	0.02198	0.04659	0.18676	0.00322	0.00543	0.06254	0.13948	0.00436
68	0.01108	0.01058	0.01802	0.28347	0.55289	0.01127	0.01442	0.01407	0.01060	0.01472	0.00895	0.01229	0.00728	0.00449	0.00481	0.00150	0.00598	0.00431	0.00232	0.00694
69	0.01193	0.01145	0.01956	0.04669	0.78299	0.01150	0.01484	0.01482	0.01101	0.01576	0.00910	0.01201	0.00765	0.00433	0.00480	0.00144	0.00577	0.00432	0.00239	0.00763
70	0.00695	0.00509	0.00726	0.00726	0.00794	0.00577	0.00540	0.00831	0.00763	0.01086	0.01347	0.02173	0.01328	0.20457	0.64386	0.00713	0.01122	0.00559	0.00267	0.00403
71	0.01810	0.02310	0.01373	0.01248	0.01498	0.81024	0.00936	0.01935	0.01373	0.01186	0.00749	0.00874	0.00624	0.00499	0.00437	0.00125	0.00874	0.00312	0.00250	0.00562
72	0.00610	0.00437	0.00582	0.00672	0.00716	0.00408	0.00462	0.00720	0.00998	0.01346	0.13759	0.68753	0.03388	0.01436	0.00613	0.00191	0.00279	0.03763	0.00462	0.00404
73	0.01307	0.00848	0.00934	0.00802	0.01027	0.07532	0.00629	0.07805	0.04238	0.23594	0.29369	0.05190	0.10286	0.00831	0.00562	0.00154	0.03099	0.00688	0.00500	0.00605
74	0.00972	0.02507	0.80458	0.01381	0.02097	0.01125	0.01790	0.01535	0.01023	0.01535	0.00870	0.01023	0.00614	0.00460	0.00460	0.00153	0.00716	0.00358	0.00205	0.00716
75	0.00588	0.00430	0.00554	0.00654	0.00697	0.00395	0.00441	0.00677	0.00948	0.01245	0.02926	0.73751	0.11942	0.01485	0.00613	0.00193	0.00277	0.01337	0.00450	0.00395
76	0.05455	0.00709	0.00909	0.00762	0.01019	0.00661	0.00609	0.01764	0.05997	0.41209	0.20440	0.02218	0.02028	0.00777	0.00580	0.05230	0.00356	0.03110	0.05519	0.00648
77	0.03962	0.04172	0.03351	0.14966	0.04337	0.31606	0.00966	0.01874	0.01249	0.25400	0.01125	0.01196	0.00806	0.00528	0.00480	0.00142	0.02451	0.00390	0.00348	0.00649
78	0.02971	0.00935	0.01336	0.05798	0.01484	0.02120	0.13410	0.04240	0.06743	0.16573	0.09527	0.01662	0.04250	0.00564	0.00500	0.00134	0.02441	0.00497	0.00386	0.24430
79	0.02845	0.06952	0.11658	0.11425	0.14740	0.08281	0.06399	0.17980	0.10222	0.01842	0.01044	0.01190	0.00796	0.00502	0.00466	0.00146	0.00603	0.00418	0.00314	0.02178
80	0.08349	0.25698	0.23972	0.01154	0.05664	0.07880	0.02973	0.04257	0.01102	0.06962	0.00910	0.01080	0.00722	0.00474	0.00407	0.00132	0.00584	0.02014	0.00267	0.05397
81	0.01136	0.05093	0.15178	0.02661	0.21857	0.04119	0.07677	0.04080	0.04525	0.02952	0.01091	0.04299	0.00898	0.00499	0.00449	0.00134	0.00539	0.00441	0.08889	0.13484
82	0.08102	0.08273	0.04134	0.01474	0.23549	0.07698	0.03204	0.01408	0.01066	0.04647	0.02496	0.03150	0.02298	0.00660	0.04341	0.00159	0.00549	0.02849	0.00288	0.19653
83	0.01431	0.13867	0.09722	0.01195	0.06126	0.05316	0.07203	0.21667	0.06589	0.09654	0.05237	0.02651	0.01069	0.00551	0.00460	0.00139	0.00538	0.00451	0.01965	0.04167
84	0.04875	0.01393	0.03646	0.01241	0.07620	0.20427	0.05566	0.13840	0.12671	0.12941	0.01343	0.01443	0.02935	0.00569	0.00472	0.00144	0.00577	0.02476	0.00383	0.05437
85	0.12945	0.08107	0.17197	0.01418	0.16263	0.09050	0.04322	0.04022	0.08218	0.04717	0.03098	0.01204	0.00875	0.01810	0.00467	0.00146	0.00564	0.00396	0.00295	0.04884
86	0.06688	0.14605	0.21598	0.03943	0.08817	0.01167	0.02619	0.09443	0.01194	0.07760	0.07690	0.01284	0.01043	0.00516	0.00456	0.00137	0.01983	0.00407	0.00311	0.08341
87	0.20475	0.07996	0.07715	0.01124	0.09710	0.02644	0.00875	0.14251	0.13326	0.08089	0.03904	0.02465	0.02740	0.00561	0.00431	0.00146	0.00466	0.00433	0.00374	0.02275
88	0.05606	0.18324	0.20461	0.01556	0.19088	0.02788	0.07334	0.08514	0.02627	0.05204	0.03470	0.01159	0.00844	0.00479	0.00442	0.00140	0.00586	0.00399	0.00281	0.00698
89	0.02964	0.03886	0.12224	0.01112	0.06144	0.03025	0.03722	0.16806	0.06790	0.15843	0.09455	0.04794	0.04345	0.00636	0.00484	0.00146	0.00482	0.00529	0.00414	0.06199
90	0.01271	0.08632	0.08558	0.01757	0.29980	0.07853	0.04928	0.03571	0.04184	0.08242	0.09051	0.01420	0.01175	0.00533	0.00507	0.00142	0.03323	0.00455	0.00313	0.04104
91	0.04724	0.14815	0.08830	0.01141	0.04183	0.06578	0.07542	0.18756	0.09191	0.10153	0.02818	0.01344	0.03595	0.00544	0.00452	0.00140	0.00540	0.00436	0.00367	0.03850
92	0.05428	0.09465	0.20453	0.01228	0.09086	0.07211	0.03756	0.03981	0.13109	0.04348	0.09440	0.01585	0.04831	0.00579	0.00462	0.00145	0.00530	0.00473	0.00333	0.03558
93	0.06303	0.06509	0.27084	0.01550	0.19813	0.01150	0.02780	0.06683	0.09053	0.04782	0.04294	0.04149	0.01025	0.00549	0.00487	0.00151	0.02176	0.00456	0.00305	0.00701
94	0.03514	0.11133	0.14209	0.02827	0.12975	0.02630	0.04918	0.19936	0.08784	0.03381	0.05258	0.02905	0.01050	0.00545	0.00461	0.00143	0.00541	0.00450	0.00343	0.03998
95	0.04907	0.05828	0.13020	0.02349	0.05852	0.04671	0.02291	0.09738	0.03894	0.23322	0.10032	0.04962	0.02974	0.00629	0.00477	0.00147	0.00485	0.00516	0.00415	0.03492
96	0.06802	0.08519	0.29127	0.01115	0.04776	0.05268	0.01103	0.06972	0.05650	0.07549	0.12822	0.04159	0.01401	0.00599	0.00462	0.00147	0.00531	0.00480	0.00339	0.02178

[dist]
# distance from previous block
# <min> <max>
0	66

# created by:
# /st0/software/busco_prod/Augustus/scripts/msa2prfl.pl ./align_prep/54302.fa
