[name]
unknown

[dist]
# distance from previous block
# <min> <max>
0	50

[block]
# block no. 0 follows, 51 sequences, length 57
# corresponding to MSA columns:
# 57-113
name=unknown_A
#
# <colnr> <probs for GDERKNQSTAVLIFYWHMCP>
#	G	D	E	R	K	N	Q	S	T	A	V	L	I	F	Y	W	H	M	C	P
0	0.01178	0.01197	0.08776	0.01822	0.28510	0.01058	0.09955	0.11358	0.03585	0.01781	0.01271	0.01933	0.01130	0.00611	0.00514	0.00155	0.00564	0.13257	0.00322	0.11024
1	0.01436	0.01349	0.01775	0.01591	0.13844	0.12418	0.19273	0.22413	0.03312	0.03546	0.06464	0.01363	0.01054	0.00525	0.00501	0.00144	0.00623	0.00479	0.00351	0.07537
2	0.01292	0.03073	0.12022	0.01905	0.22577	0.05886	0.23572	0.08322	0.06561	0.04494	0.01054	0.01243	0.00805	0.00470	0.00501	0.00149	0.00657	0.00463	0.00295	0.04660
3	0.02872	0.01097	0.08104	0.01133	0.06860	0.03340	0.06948	0.13101	0.03497	0.06346	0.06520	0.16096	0.01499	0.00702	0.00493	0.00143	0.00472	0.00614	0.00378	0.19788
4	0.03509	0.01294	0.03251	0.03499	0.31405	0.07757	0.05749	0.11088	0.04227	0.13586	0.01262	0.02981	0.00992	0.00581	0.00524	0.00163	0.00597	0.00485	0.00381	0.06668
5	0.04453	0.04107	0.11625	0.00788	0.01011	0.00688	0.00693	0.05844	0.01128	0.03114	0.10371	0.34137	0.14517	0.01092	0.00551	0.00171	0.00372	0.02444	0.00416	0.02477
6	0.06097	0.01884	0.45731	0.01275	0.01820	0.02787	0.08322	0.03550	0.04185	0.05605	0.01098	0.06505	0.00880	0.00556	0.00504	0.00155	0.02689	0.00459	0.00279	0.05619
7	0.13492	0.10089	0.07784	0.00691	0.00985	0.00809	0.00624	0.02854	0.01095	0.03543	0.06051	0.02890	0.37530	0.00856	0.00480	0.00148	0.00364	0.01869	0.00379	0.07468
8	0.03490	0.10187	0.12279	0.01355	0.15145	0.04600	0.01030	0.08785	0.24903	0.03653	0.01316	0.01372	0.01008	0.00543	0.00450	0.00146	0.00505	0.00438	0.08077	0.00717
9	0.08327	0.30119	0.29147	0.01060	0.01565	0.01432	0.01154	0.09852	0.04472	0.07244	0.00951	0.01025	0.00720	0.00482	0.00407	0.00137	0.00572	0.00346	0.00288	0.00699
10	0.01210	0.01162	0.01984	0.04619	0.78108	0.01166	0.01505	0.01503	0.01116	0.01598	0.00923	0.01218	0.00776	0.00439	0.00487	0.00146	0.00585	0.00438	0.00243	0.00774
11	0.00645	0.00464	0.00612	0.00653	0.00723	0.00430	0.00460	0.00801	0.01157	0.01599	0.39608	0.44527	0.03917	0.01282	0.00604	0.00178	0.00259	0.01152	0.00497	0.00430
12	0.01184	0.01220	0.01666	0.38107	0.33047	0.13627	0.01356	0.01466	0.01101	0.01385	0.00876	0.01207	0.00700	0.00473	0.00482	0.00151	0.00663	0.00418	0.00234	0.00641
13	0.00678	0.00502	0.00633	0.00600	0.00723	0.00456	0.00450	0.00894	0.01350	0.01873	0.68120	0.03831	0.15982	0.01041	0.00580	0.00156	0.00234	0.00911	0.00528	0.00456
14	0.00599	0.00428	0.00570	0.00684	0.00713	0.00399	0.00456	0.00684	0.00941	0.01254	0.02709	0.82409	0.03250	0.01540	0.00627	0.00200	0.00285	0.01397	0.00456	0.00399
15	0.01383	0.00595	0.00705	0.00609	0.00819	0.00554	0.00481	0.01597	0.01167	0.30124	0.01725	0.01774	0.01244	0.00585	0.00398	0.00128	0.00297	0.00471	0.54749	0.00595
16	0.00599	0.00428	0.00570	0.00684	0.00713	0.00399	0.00456	0.00684	0.00941	0.01254	0.02709	0.82409	0.03250	0.01540	0.00627	0.00200	0.00285	0.01397	0.00456	0.00399
17	0.01075	0.01075	0.01505	0.01290	0.01290	0.01505	0.01075	0.01183	0.00753	0.01183	0.00645	0.01075	0.00645	0.00860	0.01613	0.00215	0.81830	0.00430	0.00215	0.00538
18	0.86201	0.00950	0.00722	0.00646	0.00950	0.01102	0.00532	0.01445	0.00836	0.02205	0.00684	0.00798	0.00532	0.00456	0.00304	0.00152	0.00380	0.00266	0.00304	0.00532
19	0.00702	0.00527	0.00790	0.00790	0.00878	0.00614	0.00614	0.00878	0.00790	0.01141	0.01316	0.01931	0.01229	0.03686	0.80782	0.00790	0.01316	0.00527	0.00263	0.00439
20	0.00928	0.00873	0.01474	0.81548	0.03385	0.01092	0.01365	0.01256	0.00983	0.01256	0.00873	0.01310	0.00655	0.00491	0.00491	0.00164	0.00655	0.00437	0.00218	0.00546
21	0.01160	0.01326	0.02900	0.02071	0.02568	0.01243	0.77879	0.01574	0.01160	0.01574	0.00994	0.01326	0.00746	0.00414	0.00580	0.00166	0.00829	0.00580	0.00249	0.00663
22	0.01774	0.12199	0.01546	0.01201	0.01488	0.63855	0.00935	0.08802	0.01427	0.01369	0.00788	0.00901	0.00651	0.00503	0.00432	0.00126	0.00810	0.00321	0.00270	0.00601
23	0.40865	0.00889	0.00948	0.00769	0.01115	0.00897	0.00635	0.01958	0.01144	0.44196	0.01361	0.01270	0.00902	0.00538	0.00407	0.00152	0.00401	0.00389	0.00468	0.00696
24	0.01225	0.61160	0.23659	0.00993	0.01496	0.01726	0.01106	0.01495	0.01009	0.01265	0.00737	0.00856	0.00628	0.00433	0.00356	0.00119	0.00580	0.00290	0.00209	0.00657
25	0.06816	0.01084	0.01235	0.00979	0.01341	0.01133	0.00800	0.30586	0.15559	0.32817	0.01593	0.01467	0.01085	0.00603	0.00483	0.00153	0.00456	0.00473	0.00528	0.00808
26	0.00703	0.00471	0.00540	0.00551	0.00554	0.00468	0.00314	0.00712	0.00738	0.00984	0.01668	0.11351	0.01937	0.74389	0.02309	0.00448	0.00457	0.00785	0.00314	0.00308
27	0.01180	0.01131	0.01930	0.12793	0.70168	0.01158	0.01490	0.01477	0.01102	0.01562	0.00918	0.01228	0.00763	0.00445	0.00487	0.00148	0.00593	0.00438	0.00240	0.00749
28	0.05840	0.01603	0.01386	0.01127	0.01472	0.25497	0.00902	0.44835	0.01885	0.09091	0.01094	0.01115	0.00793	0.00560	0.00468	0.00142	0.00628	0.00400	0.00420	0.00741
29	0.01216	0.01168	0.01995	0.03016	0.79664	0.01168	0.01508	0.01508	0.01119	0.01605	0.00924	0.01216	0.00778	0.00438	0.00487	0.00146	0.00584	0.00438	0.00243	0.00778
30	0.00696	0.00528	0.00653	0.00729	0.00800	0.00529	0.00505	0.00987	0.13163	0.01382	0.02652	0.67893	0.04808	0.01395	0.00606	0.00194	0.00301	0.01256	0.00463	0.00459
31	0.86201	0.00950	0.00722	0.00646	0.00950	0.01102	0.00532	0.01445	0.00836	0.02205	0.00684	0.00798	0.00532	0.00456	0.00304	0.00152	0.00380	0.00266	0.00304	0.00532
32	0.01885	0.01349	0.01458	0.01118	0.01510	0.01484	0.00923	0.74215	0.02265	0.06972	0.01218	0.01205	0.00855	0.00591	0.00492	0.00148	0.00535	0.00445	0.00497	0.00836
33	0.00703	0.00472	0.00539	0.00551	0.00554	0.00469	0.00314	0.00712	0.00737	0.00983	0.01664	0.11082	0.01932	0.74665	0.02315	0.00449	0.00457	0.00782	0.00314	0.00308
34	0.00928	0.00873	0.01474	0.81548	0.03385	0.01092	0.01365	0.01256	0.00983	0.01256	0.00873	0.01310	0.00655	0.00491	0.00491	0.00164	0.00655	0.00437	0.00218	0.00546
35	0.01216	0.01168	0.01995	0.03016	0.79664	0.01168	0.01508	0.01508	0.01119	0.01605	0.00924	0.01216	0.00778	0.00438	0.00487	0.00146	0.00584	0.00438	0.00243	0.00778
36	0.00742	0.00540	0.00694	0.00661	0.00687	0.00556	0.03657	0.00778	0.00765	0.01030	0.01612	0.10726	0.01846	0.65628	0.02158	0.00418	0.04617	0.02237	0.00310	0.00338
37	0.01239	0.00615	0.00793	0.00700	0.00904	0.00554	0.00541	0.01445	0.02415	0.29634	0.27378	0.13265	0.08987	0.00910	0.00533	0.00157	0.00309	0.00783	0.08250	0.00588
38	0.27842	0.01524	0.01264	0.01198	0.08429	0.26373	0.00870	0.21639	0.01421	0.02044	0.00859	0.00970	0.00668	0.00515	0.00444	0.00144	0.02474	0.00347	0.00330	0.00646
39	0.01314	0.01352	0.01900	0.02742	0.67397	0.13661	0.01420	0.01579	0.01162	0.01542	0.00899	0.01164	0.00756	0.00449	0.00480	0.00143	0.00631	0.00419	0.00245	0.00746
40	0.00714	0.00544	0.00813	0.00806	0.00891	0.00643	0.00629	0.00888	0.00789	0.01142	0.01294	0.01903	0.01210	0.03593	0.78197	0.00771	0.03945	0.00523	0.00262	0.00442
41	0.01731	0.00741	0.00995	0.00800	0.01099	0.00656	0.00646	0.01960	0.03066	0.54940	0.25157	0.02275	0.02248	0.00728	0.00520	0.00153	0.00362	0.00614	0.00586	0.00723
42	0.01127	0.04445	0.65950	0.01366	0.02011	0.13658	0.01656	0.01618	0.01092	0.01491	0.00858	0.01008	0.00624	0.00472	0.00460	0.00150	0.00747	0.00353	0.00215	0.00699
43	0.00713	0.00469	0.00535	0.00550	0.00561	0.00465	0.00321	0.00739	0.00765	0.01050	0.01700	0.13249	0.01939	0.66906	0.02119	0.00417	0.00436	0.00785	0.05960	0.00321
44	0.00771	0.00590	0.00746	0.00692	0.00820	0.00596	0.00527	0.01126	0.09929	0.01944	0.67192	0.03347	0.04105	0.00961	0.00619	0.00159	0.04024	0.00831	0.00521	0.00502
45	0.00713	0.00482	0.00564	0.00564	0.00574	0.00492	0.00333	0.00733	0.00723	0.00974	0.01523	0.03074	0.01725	0.73978	0.11168	0.00511	0.00569	0.00694	0.00294	0.00313
46	0.00718	0.00567	0.00622	0.00624	0.00768	0.00488	0.00453	0.00834	0.01223	0.01564	0.22105	0.14617	0.50977	0.01282	0.00628	0.00186	0.00287	0.01072	0.00508	0.00479
47	0.01562	0.14130	0.01516	0.01057	0.01400	0.10261	0.00869	0.32420	0.27582	0.02236	0.01330	0.01305	0.01003	0.00580	0.00462	0.00145	0.00526	0.00438	0.00424	0.00755
48	0.02205	0.00836	0.01140	0.00874	0.01254	0.00722	0.00722	0.02395	0.01407	0.80004	0.01939	0.01673	0.01216	0.00608	0.00494	0.00152	0.00418	0.00494	0.00608	0.00836
49	0.01028	0.00903	0.01144	0.00817	0.01258	0.00694	0.05703	0.01260	0.01028	0.01600	0.00881	0.01039	0.00729	0.00367	0.00378	0.00079	0.00395	0.00310	0.00288	0.80097
50	0.01127	0.01163	0.01521	0.01302	0.01327	0.06751	0.02364	0.01241	0.00802	0.01191	0.00659	0.01067	0.00646	0.00829	0.01518	0.00208	0.75099	0.00425	0.00218	0.00542
51	0.00951	0.00764	0.01087	0.01087	0.09692	0.00749	0.07085	0.03225	0.10602	0.05638	0.22162	0.15162	0.12871	0.00909	0.00572	0.00162	0.01967	0.00808	0.00440	0.04067
52	0.02103	0.00814	0.01108	0.00857	0.01219	0.00705	0.00705	0.02296	0.01406	0.74744	0.07161	0.01807	0.01447	0.00635	0.00500	0.00152	0.00406	0.00521	0.00604	0.00811
53	0.01624	0.01003	0.01301	0.01368	0.19950	0.06110	0.00882	0.01860	0.02772	0.36390	0.03322	0.01590	0.04593	0.00559	0.00474	0.00137	0.00467	0.00470	0.00435	0.14693
54	0.01212	0.00849	0.01016	0.00769	0.01157	0.00687	0.00611	0.01494	0.06233	0.15361	0.01259	0.06674	0.01035	0.00506	0.00414	0.00101	0.00370	0.00419	0.00372	0.59460
55	0.00683	0.00627	0.05925	0.00763	0.00882	0.00497	0.01694	0.00824	0.00967	0.01311	0.02435	0.57886	0.04697	0.04958	0.00685	0.00202	0.00350	0.08015	0.00418	0.06178
56	0.01140	0.11369	0.56391	0.01319	0.01940	0.08431	0.04849	0.01596	0.01080	0.03509	0.00880	0.01024	0.00648	0.00463	0.00450	0.00145	0.00703	0.00358	0.00227	0.03477

[dist]
# distance from previous block
# <min> <max>
3	9

[block]
# block no. 1 follows, 51 sequences, length 42
# corresponding to MSA columns:
# 168-209
name=unknown_B
#
# <colnr> <probs for GDERKNQSTAVLIFYWHMCP>
#	G	D	E	R	K	N	Q	S	T	A	V	L	I	F	Y	W	H	M	C	P
0	0.05127	0.05330	0.09523	0.00883	0.01329	0.00881	0.02986	0.07542	0.01150	0.08338	0.01011	0.02719	0.00804	0.00446	0.00402	0.00105	0.00442	0.00356	0.00324	0.50303
1	0.01266	0.12466	0.34705	0.01282	0.01789	0.12328	0.08444	0.06209	0.10211	0.03535	0.02574	0.01180	0.00845	0.00506	0.00463	0.00147	0.00665	0.00405	0.00285	0.00696
2	0.01155	0.01310	0.02812	0.02022	0.02488	0.01259	0.73024	0.01549	0.01134	0.01549	0.00972	0.01310	0.00739	0.00442	0.00645	0.00169	0.05949	0.00570	0.00246	0.00655
3	0.02881	0.00841	0.01380	0.60943	0.10205	0.01003	0.01233	0.01204	0.00986	0.01311	0.01130	0.12594	0.01026	0.00632	0.00505	0.00167	0.00590	0.00567	0.00256	0.00547
4	0.04633	0.01363	0.01450	0.01115	0.01505	0.01510	0.00921	0.75514	0.02262	0.03068	0.01164	0.01167	0.00826	0.00586	0.00485	0.00148	0.00536	0.00437	0.00485	0.00826
5	0.00854	0.00427	0.00640	0.00640	0.00640	0.00427	0.00427	0.00640	0.00640	0.00854	0.00854	0.01494	0.00854	0.01707	0.01921	0.85702	0.00427	0.00427	0.00213	0.00213
6	0.00854	0.00427	0.00640	0.00640	0.00640	0.00427	0.00427	0.00640	0.00640	0.00854	0.00854	0.01494	0.00854	0.01707	0.01921	0.85702	0.00427	0.00427	0.00213	0.00213
7	0.01404	0.00643	0.00816	0.00693	0.00869	0.00590	0.00494	0.01492	0.01035	0.37540	0.01729	0.02502	0.01523	0.44721	0.01572	0.00326	0.00449	0.00613	0.00441	0.00547
8	0.01836	0.02342	0.01393	0.01266	0.01519	0.80756	0.00950	0.01962	0.01393	0.01203	0.00760	0.00886	0.00633	0.00506	0.00443	0.00127	0.00886	0.00317	0.00253	0.00570
9	0.01234	0.01202	0.01977	0.02966	0.77401	0.03472	0.01492	0.01521	0.01127	0.01594	0.00920	0.01207	0.00774	0.00440	0.00485	0.00145	0.00593	0.00434	0.00244	0.00772
10	0.01247	0.66579	0.18433	0.00955	0.01438	0.01780	0.01040	0.01489	0.01006	0.01238	0.00724	0.00839	0.00629	0.00430	0.00346	0.00115	0.00567	0.00283	0.00210	0.00650
11	0.01314	0.83025	0.02575	0.00841	0.01261	0.01945	0.00841	0.01472	0.00999	0.01156	0.00683	0.00788	0.00631	0.00420	0.00315	0.00105	0.00526	0.00263	0.00210	0.00631
12	0.61156	0.00945	0.00961	0.18722	0.04005	0.01118	0.00770	0.01394	0.00874	0.01934	0.00732	0.00936	0.00572	0.00480	0.00404	0.00157	0.03701	0.00316	0.00280	0.00543
13	0.01467	0.01177	0.01249	0.01050	0.01371	0.01337	0.00837	0.31161	0.49828	0.02450	0.01690	0.01586	0.01249	0.00638	0.00497	0.00159	0.00446	0.00513	0.00497	0.00800
14	0.00715	0.00476	0.00536	0.00536	0.00536	0.00476	0.00298	0.00715	0.00715	0.00953	0.01548	0.03216	0.01787	0.82729	0.02501	0.00476	0.00476	0.00715	0.00298	0.00298
15	0.01216	0.01168	0.01995	0.03016	0.79664	0.01168	0.01508	0.01508	0.01119	0.01605	0.00924	0.01216	0.00778	0.00438	0.00487	0.00146	0.00584	0.00438	0.00243	0.00778
16	0.86201	0.00950	0.00722	0.00646	0.00950	0.01102	0.00532	0.01445	0.00836	0.02205	0.00684	0.00798	0.00532	0.00456	0.00304	0.00152	0.00380	0.00266	0.00304	0.00532
17	0.01222	0.01056	0.01111	0.01000	0.01278	0.01222	0.00778	0.02611	0.78776	0.02056	0.02000	0.01833	0.01500	0.00667	0.00500	0.00167	0.00389	0.00556	0.00500	0.00778
18	0.01836	0.02342	0.01393	0.01266	0.01519	0.80756	0.00950	0.01962	0.01393	0.01203	0.00760	0.00886	0.00633	0.00506	0.00443	0.00127	0.00886	0.00317	0.00253	0.00570
19	0.01149	0.01195	0.03856	0.10213	0.44748	0.01159	0.24530	0.01486	0.01125	0.01573	0.03513	0.01335	0.00880	0.00455	0.00518	0.00154	0.00656	0.00494	0.00251	0.00710
20	0.52902	0.01367	0.00998	0.00872	0.01176	0.21676	0.00695	0.12084	0.01182	0.02069	0.00772	0.00873	0.00600	0.00487	0.00366	0.00145	0.00533	0.00303	0.00317	0.00584
21	0.86201	0.00950	0.00722	0.00646	0.00950	0.01102	0.00532	0.01445	0.00836	0.02205	0.00684	0.00798	0.00532	0.00456	0.00304	0.00152	0.00380	0.00266	0.00304	0.00532
22	0.01019	0.00873	0.01019	0.00728	0.01165	0.00655	0.00582	0.01237	0.01019	0.01601	0.00873	0.01019	0.00728	0.00364	0.00364	0.00073	0.00364	0.00291	0.00291	0.85734
23	0.02205	0.00836	0.01140	0.00874	0.01254	0.00722	0.00722	0.02395	0.01407	0.80004	0.01939	0.01673	0.01216	0.00608	0.00494	0.00152	0.00418	0.00494	0.00608	0.00836
24	0.00686	0.00496	0.00620	0.00622	0.00681	0.00511	0.00425	0.00773	0.00827	0.01110	0.04228	0.04991	0.13642	0.39277	0.28467	0.00518	0.00713	0.00723	0.00321	0.00370
25	0.86201	0.00950	0.00722	0.00646	0.00950	0.01102	0.00532	0.01445	0.00836	0.02205	0.00684	0.00798	0.00532	0.00456	0.00304	0.00152	0.00380	0.00266	0.00304	0.00532
26	0.00714	0.00478	0.00543	0.00543	0.00546	0.00480	0.00307	0.00719	0.00717	0.00958	0.01542	0.03179	0.01771	0.80454	0.04754	0.00485	0.00501	0.00709	0.00297	0.00302
27	0.01139	0.15613	0.23952	0.01678	0.02225	0.01335	0.43945	0.01552	0.01099	0.01498	0.00910	0.01155	0.00692	0.00430	0.00504	0.00153	0.00749	0.00467	0.00231	0.00675
28	0.01055	0.12712	0.60990	0.01287	0.01922	0.01196	0.03730	0.01537	0.01068	0.04030	0.05319	0.01182	0.00872	0.00494	0.00458	0.00149	0.00666	0.00390	0.00241	0.00701
29	0.01868	0.01376	0.01475	0.01131	0.01524	0.01524	0.00934	0.78025	0.02311	0.03097	0.01180	0.01180	0.00836	0.00590	0.00492	0.00147	0.00541	0.00442	0.00492	0.00836
30	0.00604	0.00432	0.00577	0.00691	0.00722	0.00404	0.00466	0.00694	0.00947	0.01261	0.02705	0.80119	0.03238	0.01534	0.00629	0.00200	0.00290	0.03630	0.00456	0.00401
31	0.05913	0.01008	0.01662	0.42090	0.37096	0.01126	0.01381	0.01378	0.01035	0.01465	0.00885	0.01239	0.00703	0.00466	0.00479	0.00155	0.00608	0.00428	0.00234	0.00648
32	0.00776	0.00549	0.00770	0.00755	0.00863	0.00524	0.05539	0.03470	0.01078	0.03826	0.11647	0.46695	0.06134	0.02956	0.02602	0.00198	0.00349	0.01070	0.09741	0.00458
33	0.00690	0.00502	0.00650	0.00613	0.00731	0.00461	0.00460	0.00917	0.01379	0.01941	0.75969	0.03720	0.08091	0.01016	0.00580	0.00155	0.00233	0.00896	0.00537	0.00461
34	0.00986	0.02542	0.80183	0.01401	0.02127	0.01141	0.01816	0.01556	0.01038	0.01556	0.00882	0.01038	0.00623	0.00467	0.00467	0.00156	0.00726	0.00363	0.00208	0.00726
35	0.01143	0.11892	0.32306	0.03486	0.33006	0.02772	0.05557	0.01530	0.01077	0.01515	0.00878	0.01095	0.00693	0.00448	0.00462	0.00146	0.00652	0.00392	0.00225	0.00726
36	0.01551	0.00853	0.01030	0.00866	0.01161	0.00854	0.00689	0.02184	0.29783	0.36490	0.13298	0.02162	0.05427	0.00716	0.00513	0.00158	0.00373	0.00599	0.00552	0.00742
37	0.00854	0.00427	0.00640	0.00640	0.00640	0.00427	0.00427	0.00640	0.00640	0.00854	0.00854	0.01494	0.00854	0.01707	0.01921	0.85702	0.00427	0.00427	0.00213	0.00213
38	0.01174	0.04512	0.07648	0.18749	0.33903	0.01190	0.18786	0.02778	0.01118	0.04030	0.00954	0.01245	0.00743	0.00453	0.00501	0.00153	0.00656	0.00459	0.00251	0.00697
39	0.01418	0.02771	0.08335	0.01157	0.05853	0.03020	0.02800	0.07096	0.40619	0.16095	0.03201	0.01693	0.01312	0.00623	0.00496	0.00159	0.00468	0.01658	0.00461	0.00766
40	0.06477	0.01644	0.28402	0.06176	0.02283	0.01155	0.39855	0.01503	0.01079	0.01576	0.01005	0.04728	0.00795	0.00488	0.00522	0.00163	0.00732	0.00515	0.00246	0.00658
41	0.72414	0.06259	0.00986	0.00762	0.01082	0.04841	0.04653	0.01477	0.00889	0.02059	0.00704	0.00830	0.00554	0.00454	0.00326	0.00149	0.00436	0.00285	0.00293	0.00547

[dist]
# distance from previous block
# <min> <max>
0	1

[block]
# block no. 2 follows, 51 sequences, length 99
# corresponding to MSA columns:
# 211-235,237-310
name=unknown_C
#
# <colnr> <probs for GDERKNQSTAVLIFYWHMCP>
#	G	D	E	R	K	N	Q	S	T	A	V	L	I	F	Y	W	H	M	C	P
0	0.00780	0.00476	0.00538	0.00538	0.00585	0.00485	0.00347	0.00875	0.00827	0.01264	0.01541	0.02619	0.01552	0.46982	0.10282	0.00391	0.00486	0.00609	0.28457	0.00366
1	0.01175	0.01251	0.02338	0.01745	0.02078	0.02696	0.48525	0.05097	0.01097	0.01532	0.00912	0.01250	0.00731	0.00558	0.00870	0.00177	0.24482	0.00522	0.02337	0.00628
2	0.86201	0.00950	0.00722	0.00646	0.00950	0.01102	0.00532	0.01445	0.00836	0.02205	0.00684	0.00798	0.00532	0.00456	0.00304	0.00152	0.00380	0.00266	0.00304	0.00532
3	0.00597	0.00434	0.00564	0.00667	0.00708	0.00401	0.00449	0.00686	0.00957	0.01261	0.02913	0.75418	0.10109	0.01513	0.00623	0.00197	0.00282	0.01365	0.00456	0.00401
4	0.00614	0.00439	0.00587	0.00693	0.00730	0.00411	0.00475	0.00715	0.00974	0.01303	0.06625	0.74235	0.03298	0.01502	0.00628	0.00199	0.00291	0.05415	0.00460	0.00405
5	0.86201	0.00950	0.00722	0.00646	0.00950	0.01102	0.00532	0.01445	0.00836	0.02205	0.00684	0.00798	0.00532	0.00456	0.00304	0.00152	0.00380	0.00266	0.00304	0.00532
6	0.00715	0.00476	0.00536	0.00536	0.00536	0.00476	0.00298	0.00715	0.00715	0.00953	0.01548	0.03216	0.01787	0.82729	0.02501	0.00476	0.00476	0.00715	0.00298	0.00298
7	0.01868	0.01376	0.01475	0.01131	0.01524	0.01524	0.00934	0.78025	0.02311	0.03097	0.01180	0.01180	0.00836	0.00590	0.00492	0.00147	0.00541	0.00442	0.00492	0.00836
8	0.01160	0.01326	0.02900	0.02071	0.02568	0.01243	0.77879	0.01574	0.01160	0.01574	0.00994	0.01326	0.00746	0.00414	0.00580	0.00166	0.00829	0.00580	0.00249	0.00663
9	0.86201	0.00950	0.00722	0.00646	0.00950	0.01102	0.00532	0.01445	0.00836	0.02205	0.00684	0.00798	0.00532	0.00456	0.00304	0.00152	0.00380	0.00266	0.00304	0.00532
10	0.02205	0.00836	0.01140	0.00874	0.01254	0.00722	0.00722	0.02395	0.01407	0.80004	0.01939	0.01673	0.01216	0.00608	0.00494	0.00152	0.00418	0.00494	0.00608	0.00836
11	0.01016	0.00555	0.00565	0.00529	0.00673	0.00570	0.00406	0.09224	0.01165	0.01965	0.01559	0.01764	0.01215	0.00574	0.00359	0.00118	0.00262	0.00456	0.76528	0.00498
12	0.00706	0.00473	0.00539	0.00547	0.00549	0.00471	0.00309	0.00712	0.00731	0.00975	0.01634	0.09074	0.01895	0.76723	0.02363	0.00456	0.00462	0.00765	0.00309	0.00305
13	0.00797	0.00527	0.00676	0.00624	0.00766	0.00478	0.00473	0.01014	0.01363	0.07772	0.65500	0.03635	0.12499	0.01001	0.00573	0.00156	0.00248	0.00875	0.00537	0.00486
14	0.72736	0.01018	0.00842	0.00724	0.01042	0.01170	0.00596	0.13671	0.01072	0.02347	0.00763	0.00859	0.00581	0.00478	0.00334	0.00151	0.00406	0.00294	0.00334	0.00581
15	0.00609	0.00437	0.00578	0.00674	0.00714	0.00406	0.00456	0.00711	0.00993	0.01333	0.11067	0.72629	0.04613	0.01477	0.00621	0.00194	0.00279	0.01336	0.00465	0.00406
16	0.00588	0.00469	0.00528	0.00575	0.00684	0.00408	0.00408	0.00697	0.01046	0.01297	0.04035	0.36998	0.47804	0.01367	0.00600	0.00180	0.00264	0.01187	0.00456	0.00408
17	0.00916	0.00458	0.00458	0.00458	0.00573	0.00458	0.00344	0.01145	0.01031	0.01832	0.01603	0.01832	0.01260	0.00573	0.00344	0.00115	0.00229	0.00458	0.85457	0.00458
18	0.44664	0.28161	0.01455	0.00788	0.01145	0.01448	0.00698	0.13680	0.01125	0.02001	0.00763	0.00856	0.00613	0.00466	0.00338	0.00136	0.00454	0.00293	0.00303	0.00613
19	0.00609	0.00435	0.00582	0.00696	0.00728	0.00408	0.00473	0.00701	0.00951	0.01266	0.02703	0.78477	0.03229	0.01530	0.00630	0.00201	0.00294	0.05231	0.00456	0.00402
20	0.02040	0.01101	0.01304	0.01000	0.01387	0.01115	0.00826	0.39481	0.01850	0.42292	0.01567	0.01431	0.01030	0.00599	0.00493	0.00150	0.00478	0.00469	0.00551	0.00836
21	0.01479	0.01284	0.14195	0.02054	0.41355	0.01030	0.01299	0.01815	0.03344	0.25366	0.01255	0.01343	0.00906	0.00500	0.00486	0.00150	0.00551	0.00446	0.00355	0.00788
22	0.01054	0.01002	0.01701	0.47335	0.36616	0.01125	0.01427	0.01366	0.01042	0.01408	0.00896	0.01269	0.00709	0.00468	0.00489	0.00156	0.00624	0.00437	0.00229	0.00647
23	0.29422	0.01231	0.01482	0.01946	0.41157	0.09579	0.01095	0.05663	0.01119	0.01842	0.00841	0.01041	0.00685	0.00459	0.00422	0.00146	0.00546	0.00368	0.00278	0.00678
24	0.00659	0.00471	0.00640	0.00753	0.00808	0.00451	0.00561	0.00789	0.01001	0.01322	0.02675	0.58325	0.03118	0.01483	0.00643	0.00208	0.00338	0.24883	0.00455	0.00416
25	0.01222	0.01056	0.01111	0.01000	0.01278	0.01222	0.00778	0.02611	0.78776	0.02056	0.02000	0.01833	0.01500	0.00667	0.00500	0.00167	0.00389	0.00556	0.00500	0.00778
26	0.03279	0.01225	0.01270	0.02720	0.01402	0.05565	0.00840	0.44850	0.16355	0.02478	0.01442	0.09861	0.01190	0.00685	0.00495	0.00152	0.00495	0.00547	0.00458	0.04691
27	0.00630	0.00512	0.00571	0.00590	0.00740	0.00452	0.00464	0.00782	0.01126	0.01385	0.08756	0.04718	0.58275	0.01338	0.03440	0.00198	0.00323	0.14820	0.00454	0.00425
28	0.01110	0.01055	0.01771	0.31997	0.48668	0.01142	0.01429	0.01454	0.03820	0.01492	0.00944	0.01273	0.00758	0.00466	0.00489	0.00153	0.00603	0.00442	0.00243	0.00692
29	0.01019	0.00873	0.01019	0.00728	0.01165	0.00655	0.00582	0.01237	0.01019	0.01601	0.00873	0.01019	0.00728	0.00364	0.00364	0.00073	0.00364	0.00291	0.00291	0.85734
30	0.01074	0.07687	0.39352	0.08648	0.10702	0.01224	0.21343	0.01524	0.01070	0.01512	0.00901	0.01137	0.00675	0.00449	0.00490	0.00154	0.00717	0.00427	0.00223	0.00693
31	0.00715	0.00476	0.00536	0.00536	0.00536	0.00476	0.00298	0.00715	0.00715	0.00953	0.01548	0.03216	0.01787	0.82729	0.02501	0.00476	0.00476	0.00715	0.00298	0.00298
32	0.01996	0.00801	0.01100	0.03705	0.01273	0.00707	0.00717	0.02195	0.01390	0.68747	0.10307	0.01877	0.01568	0.00647	0.00503	0.00153	0.00406	0.00535	0.00587	0.00786
33	0.00665	0.00500	0.00622	0.00614	0.00735	0.00458	0.00463	0.00857	0.01254	0.01699	0.47968	0.09538	0.23490	0.01218	0.03430	0.00187	0.00290	0.05068	0.00499	0.00445
34	0.00677	0.00479	0.00628	0.00718	0.00779	0.00457	0.00511	0.00833	0.03750	0.02807	0.05316	0.63998	0.05257	0.01443	0.00624	0.00198	0.00309	0.10323	0.00463	0.00430
35	0.05808	0.01047	0.01216	0.00949	0.01308	0.01066	0.00779	0.34522	0.02899	0.35615	0.05627	0.01634	0.03974	0.00637	0.00492	0.00151	0.00453	0.00502	0.00534	0.00787
36	0.01937	0.01265	0.01406	0.01078	0.01468	0.01359	0.00890	0.62442	0.02124	0.18944	0.01336	0.01281	0.00914	0.00594	0.00492	0.00148	0.00516	0.00453	0.00516	0.00836
37	0.86201	0.00950	0.00722	0.00646	0.00950	0.01102	0.00532	0.01445	0.00836	0.02205	0.00684	0.00798	0.00532	0.00456	0.00304	0.00152	0.00380	0.00266	0.00304	0.00532
38	0.00715	0.00476	0.00536	0.00536	0.00536	0.00476	0.00298	0.00715	0.00715	0.00953	0.01548	0.03216	0.01787	0.82729	0.02501	0.00476	0.00476	0.00715	0.00298	0.00298
39	0.00761	0.00654	0.00985	0.31923	0.05773	0.00712	0.00847	0.00967	0.01026	0.01334	0.07533	0.28790	0.14811	0.00994	0.00557	0.00174	0.00433	0.00884	0.00359	0.00482
40	0.01868	0.01376	0.01475	0.01131	0.01524	0.01524	0.00934	0.78025	0.02311	0.03097	0.01180	0.01180	0.00836	0.00590	0.00492	0.00147	0.00541	0.00442	0.00492	0.00836
41	0.81905	0.00945	0.00744	0.00658	0.00966	0.01083	0.00542	0.01493	0.00865	0.06184	0.00748	0.00843	0.00567	0.00464	0.00314	0.00152	0.00382	0.00278	0.00320	0.00548
42	0.01868	0.01376	0.01475	0.01131	0.01524	0.01524	0.00934	0.78025	0.02311	0.03097	0.01180	0.01180	0.00836	0.00590	0.00492	0.00147	0.00541	0.00442	0.00492	0.00836
43	0.00599	0.00428	0.00570	0.00684	0.00713	0.00399	0.00456	0.00684	0.00941	0.01254	0.02709	0.82409	0.03250	0.01540	0.00627	0.00200	0.00285	0.01397	0.00456	0.00399
44	0.00778	0.00521	0.00683	0.00632	0.00763	0.00478	0.00478	0.01007	0.01392	0.06225	0.75181	0.03562	0.04450	0.00983	0.00575	0.00154	0.00242	0.00867	0.00545	0.00484
45	0.01075	0.01075	0.01505	0.01290	0.01290	0.01505	0.01075	0.01183	0.00753	0.01183	0.00645	0.01075	0.00645	0.00860	0.01613	0.00215	0.81830	0.00430	0.00215	0.00538
46	0.00880	0.00741	0.01162	0.05942	0.27520	0.00743	0.00953	0.01090	0.01064	0.01446	0.03392	0.27824	0.02185	0.01051	0.00586	0.00186	0.00451	0.21859	0.00372	0.00551
47	0.01865	0.01829	0.01422	0.01187	0.01511	0.40346	0.00934	0.37826	0.01826	0.05118	0.01003	0.01055	0.00751	0.00550	0.00468	0.00137	0.00705	0.00383	0.00379	0.00705
48	0.01377	0.00649	0.00870	0.00754	0.00976	0.00622	0.00599	0.01557	0.01113	0.35599	0.01903	0.02047	0.07030	0.03908	0.27036	0.00367	0.00679	0.00546	0.11760	0.00609
49	0.00702	0.00527	0.00790	0.00790	0.00878	0.00614	0.00614	0.00878	0.00790	0.01141	0.01316	0.01931	0.01229	0.03686	0.80782	0.00790	0.01316	0.00527	0.00263	0.00439
50	0.00986	0.02542	0.80183	0.01401	0.02127	0.01141	0.01816	0.01556	0.01038	0.01556	0.00882	0.01038	0.00623	0.00467	0.00467	0.00156	0.00726	0.00363	0.00208	0.00726
51	0.01338	0.02274	0.41520	0.01302	0.01803	0.29019	0.01372	0.04421	0.09472	0.01538	0.00968	0.01074	0.00727	0.00506	0.00463	0.00146	0.00740	0.00370	0.00264	0.00681
52	0.01343	0.01007	0.01504	0.16563	0.31559	0.01034	0.01127	0.10513	0.02583	0.14503	0.01370	0.01546	0.05162	0.02215	0.00528	0.00155	0.00526	0.00481	0.01587	0.04695
53	0.00603	0.00497	0.00529	0.00524	0.00678	0.00424	0.00392	0.00746	0.01167	0.01446	0.18824	0.06070	0.63991	0.01206	0.00582	0.00164	0.00246	0.01017	0.00472	0.00424
54	0.01378	0.01279	0.05351	0.01331	0.01718	0.02490	0.22790	0.29270	0.16247	0.02230	0.07164	0.01625	0.03585	0.00598	0.00526	0.00157	0.00576	0.00548	0.00410	0.00726
55	0.00590	0.00492	0.00515	0.00522	0.00673	0.00417	0.00387	0.00719	0.01123	0.01365	0.09876	0.11456	0.67670	0.01254	0.00585	0.00168	0.00251	0.01058	0.00462	0.00417
56	0.01019	0.00873	0.01019	0.00728	0.01165	0.00655	0.00582	0.01237	0.01019	0.01601	0.00873	0.01019	0.00728	0.00364	0.00364	0.00073	0.00364	0.00291	0.00291	0.85734
57	0.01587	0.01202	0.01291	0.01058	0.01397	0.01346	0.00852	0.39581	0.37492	0.06383	0.01595	0.01505	0.01160	0.00626	0.00496	0.00157	0.00465	0.00497	0.00501	0.00809
58	0.00599	0.00428	0.00570	0.00684	0.00713	0.00399	0.00456	0.00684	0.00941	0.01254	0.02709	0.82409	0.03250	0.01540	0.00627	0.00200	0.00285	0.01397	0.00456	0.00399
59	0.01075	0.01075	0.01505	0.01290	0.01290	0.01505	0.01075	0.01183	0.00753	0.01183	0.00645	0.01075	0.00645	0.00860	0.01613	0.00215	0.81830	0.00430	0.00215	0.00538
60	0.00615	0.00507	0.00541	0.00537	0.00691	0.00439	0.00401	0.00782	0.02741	0.01452	0.17814	0.07702	0.61662	0.01203	0.00581	0.00165	0.00250	0.01016	0.00472	0.00430
61	0.00768	0.00563	0.00779	0.00760	0.00848	0.00638	0.00571	0.05056	0.00858	0.01212	0.01353	0.02135	0.01314	0.18625	0.61439	0.00695	0.01113	0.00558	0.00282	0.00433
62	0.86201	0.00950	0.00722	0.00646	0.00950	0.01102	0.00532	0.01445	0.00836	0.02205	0.00684	0.00798	0.00532	0.00456	0.00304	0.00152	0.00380	0.00266	0.00304	0.00532
63	0.00977	0.01421	0.27484	0.01268	0.01667	0.00952	0.16945	0.06781	0.05372	0.01606	0.01598	0.24667	0.01576	0.00828	0.00551	0.00174	0.00576	0.04606	0.00336	0.00616
64	0.01442	0.01196	0.01203	0.01037	0.01341	0.06745	0.00817	0.17293	0.54486	0.06236	0.01751	0.01632	0.01296	0.00638	0.00494	0.00159	0.00454	0.00514	0.00487	0.00778
65	0.01314	0.83025	0.02575	0.00841	0.01261	0.01945	0.00841	0.01472	0.00999	0.01156	0.00683	0.00788	0.00631	0.00420	0.00315	0.00105	0.00526	0.00263	0.00210	0.00631
66	0.01044	0.16947	0.66293	0.01300	0.01972	0.01285	0.01641	0.01541	0.01031	0.01485	0.00846	0.00993	0.00624	0.00459	0.00440	0.00147	0.00690	0.00345	0.00208	0.00709
67	0.00581	0.00498	0.00498	0.00498	0.00664	0.00415	0.00373	0.00705	0.01120	0.01328	0.04978	0.04729	0.79464	0.01245	0.00581	0.00166	0.00249	0.01037	0.00456	0.00415
68	0.00581	0.00498	0.00498	0.00498	0.00664	0.00415	0.00373	0.00705	0.01120	0.01328	0.04978	0.04729	0.79464	0.01245	0.00581	0.00166	0.00249	0.01037	0.00456	0.00415
69	0.01160	0.05123	0.01137	0.00803	0.01207	0.00854	0.00649	0.04306	0.14550	0.05690	0.01124	0.01187	0.00885	0.00440	0.00396	0.00097	0.00386	0.00351	0.00346	0.59309
70	0.01201	0.01158	0.01942	0.02829	0.71159	0.01204	0.01461	0.01473	0.01079	0.01560	0.00894	0.01201	0.00764	0.00484	0.00609	0.00153	0.09400	0.00437	0.00240	0.00752
71	0.01092	0.30454	0.49167	0.01189	0.01783	0.01398	0.02605	0.01505	0.01038	0.01432	0.03597	0.01049	0.00769	0.00469	0.00420	0.00138	0.00640	0.00350	0.00221	0.00683
72	0.00784	0.00560	0.00782	0.00895	0.01005	0.00558	0.00777	0.01004	0.01123	0.01461	0.02607	0.08881	0.02847	0.01365	0.00677	0.00225	0.00445	0.73102	0.00453	0.00450
73	0.06470	0.01353	0.01434	0.01104	0.01493	0.01501	0.00912	0.73846	0.02230	0.03048	0.01153	0.01159	0.00819	0.00583	0.00481	0.00148	0.00532	0.00433	0.00481	0.00819
74	0.01019	0.01587	0.33016	0.01603	0.13175	0.01001	0.17097	0.01411	0.01090	0.03987	0.02755	0.10404	0.04422	0.00660	0.00529	0.00165	0.00627	0.04507	0.00289	0.00657
75	0.01634	0.08787	0.12332	0.01010	0.01402	0.01131	0.00926	0.28277	0.01573	0.25162	0.01509	0.11481	0.01203	0.00682	0.00490	0.00153	0.00497	0.00550	0.00456	0.00747
76	0.00599	0.00428	0.00570	0.00684	0.00713	0.00399	0.00456	0.00684	0.00941	0.01254	0.02709	0.82409	0.03250	0.01540	0.00627	0.00200	0.00285	0.01397	0.00456	0.00399
77	0.01891	0.01106	0.09746	0.00974	0.01375	0.00917	0.00869	0.11960	0.09798	0.51673	0.01749	0.03200	0.01175	0.00616	0.00494	0.00154	0.00461	0.00498	0.00535	0.00809
78	0.13560	0.11605	0.18489	0.05418	0.01561	0.12746	0.01023	0.05263	0.01199	0.21309	0.01099	0.01150	0.00785	0.00573	0.02066	0.00157	0.00598	0.00374	0.00344	0.00681
79	0.10501	0.01133	0.01271	0.03281	0.01344	0.08282	0.04155	0.06968	0.20595	0.05355	0.01210	0.02570	0.00972	0.00721	0.02146	0.00182	0.23517	0.00462	0.04703	0.00632
80	0.00715	0.00476	0.00536	0.00536	0.00536	0.00476	0.00298	0.00715	0.00715	0.00953	0.01548	0.03216	0.01787	0.82729	0.02501	0.00476	0.00476	0.00715	0.00298	0.00298
81	0.00973	0.01051	0.09944	0.04038	0.39104	0.00898	0.01152	0.01261	0.02976	0.01520	0.05548	0.22525	0.03269	0.00803	0.00533	0.00165	0.00491	0.02788	0.00325	0.00636
82	0.01476	0.21208	0.07527	0.01107	0.01411	0.40814	0.00946	0.03842	0.01206	0.01268	0.00895	0.01072	0.02126	0.00856	0.09178	0.00200	0.03682	0.00351	0.00250	0.00585
83	0.01146	0.00761	0.00934	0.00726	0.01056	0.00621	0.00575	0.01382	0.02603	0.16242	0.22490	0.01950	0.03496	0.00607	0.00454	0.00113	0.00336	0.00511	0.00425	0.43571
84	0.01009	0.03864	0.60446	0.01567	0.10480	0.01131	0.07174	0.01507	0.01059	0.01543	0.01100	0.01261	0.04681	0.00499	0.00480	0.00155	0.00690	0.00419	0.00227	0.00709
85	0.00663	0.00543	0.00674	0.10416	0.01021	0.00514	0.00528	0.00848	0.01191	0.01537	0.29959	0.06314	0.41859	0.01079	0.00571	0.00163	0.00294	0.00924	0.00456	0.00447
86	0.00629	0.00455	0.00594	0.00653	0.00717	0.00421	0.00454	0.00763	0.01094	0.01486	0.27214	0.53187	0.07803	0.01354	0.00610	0.00183	0.00266	0.01216	0.00483	0.00421
87	0.01090	0.01829	0.41527	0.01278	0.01781	0.01198	0.05482	0.01940	0.30713	0.01728	0.01302	0.01359	0.00966	0.00562	0.00548	0.00164	0.05029	0.00452	0.00322	0.00732
88	0.01062	0.01057	0.01479	0.01273	0.01274	0.01475	0.01058	0.01169	0.00758	0.01185	0.00702	0.03328	0.00717	0.00879	0.01585	0.00215	0.79572	0.00457	0.00222	0.00534
89	0.03017	0.02945	0.01255	0.00953	0.01337	0.13249	0.00768	0.24272	0.02714	0.11729	0.01089	0.01132	0.00813	0.00491	0.00430	0.00117	0.00507	0.00368	0.00386	0.32429
90	0.86201	0.00950	0.00722	0.00646	0.00950	0.01102	0.00532	0.01445	0.00836	0.02205	0.00684	0.00798	0.00532	0.00456	0.00304	0.00152	0.00380	0.00266	0.00304	0.00532
91	0.86201	0.00950	0.00722	0.00646	0.00950	0.01102	0.00532	0.01445	0.00836	0.02205	0.00684	0.00798	0.00532	0.00456	0.00304	0.00152	0.00380	0.00266	0.00304	0.00532
92	0.01075	0.01075	0.01505	0.01290	0.01290	0.01505	0.01075	0.01183	0.00753	0.01183	0.00645	0.01075	0.00645	0.00860	0.01613	0.00215	0.81830	0.00430	0.00215	0.00538
93	0.00704	0.00520	0.00759	0.00759	0.00835	0.00597	0.00575	0.00857	0.00781	0.01118	0.01345	0.02089	0.01297	0.13429	0.71133	0.00751	0.01213	0.00550	0.00268	0.00421
94	0.00709	0.00474	0.00538	0.00544	0.00545	0.00472	0.00306	0.00713	0.00726	0.00968	0.01608	0.07316	0.01862	0.78525	0.02404	0.00462	0.00467	0.00750	0.00306	0.00303
95	0.01086	0.00871	0.01026	0.00736	0.01170	0.00659	0.00590	0.01302	0.01041	0.06000	0.00933	0.01056	0.00755	0.00378	0.00371	0.00077	0.00367	0.00303	0.00309	0.80971
96	0.02205	0.00836	0.01140	0.00874	0.01254	0.00722	0.00722	0.02395	0.01407	0.80004	0.01939	0.01673	0.01216	0.00608	0.00494	0.00152	0.00418	0.00494	0.00608	0.00836
97	0.01202	0.01147	0.01721	0.01396	0.03325	0.01228	0.26291	0.02246	0.51503	0.01887	0.01645	0.01653	0.01236	0.00578	0.00526	0.00166	0.00538	0.00561	0.00412	0.00740
98	0.02080	0.00888	0.01158	0.00894	0.01261	0.00812	0.00736	0.12078	0.01522	0.65867	0.06020	0.01717	0.01352	0.00627	0.00498	0.00152	0.00424	0.00509	0.00590	0.00816

[dist]
# distance from previous block
# <min> <max>
0	1

[block]
# block no. 3 follows, 51 sequences, length 34
# corresponding to MSA columns:
# 312-345
name=unknown_D
#
# <colnr> <probs for GDERKNQSTAVLIFYWHMCP>
#	G	D	E	R	K	N	Q	S	T	A	V	L	I	F	Y	W	H	M	C	P
0	0.01569	0.01374	0.03280	0.01413	0.01809	0.11754	0.27613	0.22983	0.03618	0.13253	0.04222	0.02584	0.01029	0.00550	0.00521	0.00153	0.00652	0.00514	0.00389	0.00716
1	0.00993	0.01359	0.18871	0.01563	0.01979	0.01028	0.38933	0.01358	0.01081	0.01494	0.01390	0.15048	0.01323	0.00714	0.00608	0.00176	0.03490	0.07689	0.00292	0.00609
2	0.01216	0.01168	0.01995	0.03016	0.79664	0.01168	0.01508	0.01508	0.01119	0.01605	0.00924	0.01216	0.00778	0.00438	0.00487	0.00146	0.00584	0.00438	0.00243	0.00778
3	0.01111	0.03313	0.18193	0.01747	0.02282	0.01167	0.51579	0.01528	0.01115	0.01565	0.00950	0.01219	0.00716	0.00419	0.00525	0.00151	0.00745	0.00495	0.00245	0.10935
4	0.01225	0.00992	0.01099	0.00970	0.01234	0.01118	0.00765	0.02278	0.57417	0.07254	0.01986	0.01953	0.05073	0.00704	0.00580	0.00165	0.06236	0.02569	0.00471	0.05910
5	0.00704	0.00519	0.00750	0.00750	0.00824	0.00593	0.00565	0.00852	0.00778	0.01111	0.01353	0.02133	0.01316	0.16104	0.68484	0.00741	0.01184	0.00556	0.00269	0.00417
6	0.00631	0.00500	0.00567	0.00551	0.00695	0.00436	0.00413	0.00802	0.01239	0.01609	0.37561	0.04266	0.46706	0.01140	0.00580	0.00161	0.00241	0.00972	0.00493	0.00436
7	0.01519	0.12538	0.20032	0.01222	0.01609	0.45506	0.01125	0.01858	0.07611	0.01350	0.00880	0.00987	0.00701	0.00499	0.00437	0.00134	0.00762	0.00340	0.00257	0.00631
8	0.00715	0.00476	0.00536	0.00536	0.00536	0.00476	0.00298	0.00715	0.00715	0.00953	0.01548	0.03216	0.01787	0.82729	0.02501	0.00476	0.00476	0.00715	0.00298	0.00298
9	0.00705	0.00472	0.00539	0.00548	0.00550	0.00470	0.00311	0.00712	0.00733	0.00978	0.01644	0.09716	0.01907	0.76065	0.02347	0.00454	0.00461	0.00771	0.00311	0.00306
10	0.01080	0.01151	0.02319	0.30914	0.08403	0.01183	0.44690	0.01454	0.01093	0.01461	0.00945	0.01312	0.00715	0.00444	0.00541	0.00164	0.00748	0.00518	0.00237	0.00629
11	0.01280	0.74652	0.10649	0.00899	0.01351	0.01861	0.00942	0.01480	0.01003	0.01198	0.00704	0.00814	0.00630	0.00425	0.00331	0.00110	0.00546	0.00273	0.00210	0.00641
12	0.01038	0.01087	0.02148	0.43971	0.02999	0.01163	0.37541	0.01406	0.01066	0.01406	0.00931	0.01317	0.00698	0.00455	0.00533	0.00165	0.00737	0.00504	0.00233	0.00601
13	0.00599	0.00428	0.00570	0.00684	0.00713	0.00399	0.00456	0.00684	0.00941	0.01254	0.02709	0.82409	0.03250	0.01540	0.00627	0.00200	0.00285	0.01397	0.00456	0.00399
14	0.01165	0.01303	0.02753	0.01983	0.02462	0.01241	0.71551	0.01659	0.07530	0.01614	0.01077	0.01367	0.00808	0.00435	0.00573	0.00166	0.00792	0.00578	0.00269	0.00672
15	0.01083	0.01696	0.34886	0.01438	0.06554	0.02621	0.13975	0.07013	0.07499	0.01628	0.01154	0.05173	0.00964	0.06056	0.03757	0.00206	0.02844	0.00504	0.00282	0.00669
16	0.00827	0.00709	0.01021	0.00949	0.01005	0.00908	0.00758	0.00974	0.00775	0.01149	0.01099	0.01685	0.01051	0.05270	0.51774	0.00587	0.28242	0.00500	0.00248	0.00467
17	0.00599	0.00428	0.00570	0.00684	0.00713	0.00399	0.00456	0.00684	0.00941	0.01254	0.02709	0.82409	0.03250	0.01540	0.00627	0.00200	0.00285	0.01397	0.00456	0.00399
18	0.00986	0.02542	0.80183	0.01401	0.02127	0.01141	0.01816	0.01556	0.01038	0.01556	0.00882	0.01038	0.00623	0.00467	0.00467	0.00156	0.00726	0.00363	0.00208	0.00726
19	0.01746	0.12076	0.01488	0.01054	0.01332	0.15387	0.02100	0.01905	0.01197	0.36196	0.01251	0.01273	0.00896	0.00619	0.00718	0.00156	0.19101	0.00418	0.00396	0.00690
20	0.01022	0.01004	0.02997	0.12667	0.34088	0.00990	0.15619	0.01303	0.01075	0.01478	0.01369	0.16702	0.01345	0.00705	0.00543	0.00167	0.00577	0.05423	0.00293	0.00634
21	0.00986	0.02542	0.80183	0.01401	0.02127	0.01141	0.01816	0.01556	0.01038	0.01556	0.00882	0.01038	0.00623	0.00467	0.00467	0.00156	0.00726	0.00363	0.00208	0.00726
22	0.00597	0.00435	0.00563	0.00665	0.00708	0.00401	0.00448	0.00686	0.00960	0.01262	0.02945	0.74327	0.11180	0.01509	0.00622	0.00196	0.00281	0.01360	0.00456	0.00401
23	0.01220	0.01387	0.10634	0.02128	0.18999	0.01183	0.48649	0.01610	0.01154	0.06572	0.01028	0.01294	0.00770	0.00437	0.00543	0.00160	0.00739	0.00521	0.00266	0.00705
24	0.01424	0.01696	0.01954	0.01549	0.01891	0.36495	0.33456	0.01746	0.05972	0.01416	0.01074	0.06987	0.00922	0.00551	0.00518	0.00151	0.00788	0.00520	0.00281	0.00610
25	0.13985	0.01139	0.01192	0.00957	0.01310	0.06810	0.00778	0.23986	0.09759	0.32883	0.01463	0.01367	0.00997	0.00580	0.00463	0.00150	0.00479	0.00440	0.00494	0.00767
26	0.16022	0.06956	0.01167	0.00908	0.01200	0.03900	0.00732	0.17294	0.30564	0.02186	0.12535	0.01678	0.01555	0.00640	0.00461	0.00153	0.00422	0.00501	0.00441	0.00684
27	0.01463	0.03322	0.18597	0.01110	0.01474	0.32586	0.01017	0.03799	0.06021	0.11147	0.07014	0.01595	0.07519	0.00617	0.00478	0.00144	0.00648	0.00466	0.00345	0.00638
28	0.01475	0.01132	0.18170	0.00933	0.01318	0.00769	0.00907	0.01803	0.05046	0.37842	0.06559	0.02379	0.11813	0.00749	0.00520	0.00162	0.00453	0.06790	0.00479	0.00701
29	0.01558	0.01777	0.12581	0.01161	0.01515	0.30027	0.01008	0.21357	0.14022	0.03188	0.06054	0.01323	0.01084	0.00581	0.00477	0.00145	0.00647	0.00433	0.00371	0.00691
30	0.01178	0.07739	0.06032	0.00929	0.01176	0.01048	0.06227	0.22835	0.07497	0.01744	0.01329	0.02063	0.01255	0.35319	0.01333	0.00287	0.00532	0.00557	0.00352	0.00568
31	0.00820	0.06682	0.07433	0.00774	0.00982	0.00710	0.05282	0.04432	0.01109	0.01472	0.17245	0.10583	0.19522	0.18200	0.00954	0.00225	0.00407	0.00796	0.00387	0.01987
32	0.01058	0.20418	0.23291	0.01221	0.01593	0.01310	0.10276	0.01355	0.01008	0.01396	0.05761	0.04021	0.01131	0.00664	0.00714	0.00164	0.17740	0.06007	0.00261	0.00611
33	0.02400	0.02497	0.19587	0.00987	0.01341	0.01009	0.00943	0.25173	0.05209	0.03142	0.09467	0.15603	0.08911	0.00824	0.00521	0.00161	0.00471	0.00687	0.00416	0.00650

[dist]
# distance from previous block
# <min> <max>
0	33

# created by:
# /st0/software/busco_prod/Augustus/scripts/msa2prfl.pl ./align_prep/54442.fa
