[name]
unknown

[dist]
# distance from previous block
# <min> <max>
18	54

[block]
# block no. 0 follows, 47 sequences, length 6
# corresponding to MSA columns:
# 407-412
name=unknown_A
#
# <colnr> <probs for GDERKNQSTAVLIFYWHMCP>
#	G	D	E	R	K	N	Q	S	T	A	V	L	I	F	Y	W	H	M	C	P
0	0.01308	0.40701	0.01797	0.00858	0.01172	0.05208	0.00752	0.05098	0.01210	0.08675	0.08237	0.13730	0.05137	0.03355	0.00530	0.00155	0.00485	0.00607	0.00364	0.00621
1	0.05659	0.23852	0.10511	0.00856	0.01141	0.01043	0.00790	0.01202	0.01069	0.04369	0.02146	0.29859	0.10365	0.01017	0.00524	0.00170	0.00444	0.04044	0.00376	0.00563
2	0.03710	0.16833	0.22794	0.01114	0.01569	0.06853	0.01119	0.16091	0.04905	0.07490	0.01410	0.05634	0.04752	0.02850	0.00540	0.00163	0.00597	0.00497	0.00359	0.00720
3	0.01280	0.56327	0.27427	0.01083	0.01634	0.01785	0.01226	0.01588	0.01072	0.01363	0.00792	0.00921	0.00666	0.00461	0.00386	0.00129	0.00626	0.00313	0.00222	0.00701
4	0.00707	0.00505	0.00587	0.00621	0.00672	0.00480	0.00405	0.00771	0.00929	0.01199	0.02736	0.20618	0.18122	0.42225	0.01667	0.00355	0.00410	0.06216	0.00398	0.00376
5	0.08712	0.68805	0.02395	0.00849	0.01250	0.01866	0.00819	0.01497	0.01021	0.01307	0.00793	0.01029	0.00751	0.06531	0.00506	0.00145	0.00540	0.00315	0.00238	0.00633

[dist]
# distance from previous block
# <min> <max>
0	1

[block]
# block no. 1 follows, 47 sequences, length 23
# corresponding to MSA columns:
# 414-420,440-455
name=unknown_B
#
# <colnr> <probs for GDERKNQSTAVLIFYWHMCP>
#	G	D	E	R	K	N	Q	S	T	A	V	L	I	F	Y	W	H	M	C	P
0	0.03383	0.29575	0.14824	0.01167	0.01612	0.22050	0.01107	0.17331	0.01459	0.01760	0.00890	0.00993	0.00710	0.00516	0.00435	0.00137	0.00692	0.00351	0.00298	0.00711
1	0.01426	0.53063	0.20732	0.01037	0.01554	0.01697	0.01122	0.01702	0.01121	0.10919	0.00939	0.01014	0.00743	0.00482	0.00396	0.00130	0.00594	0.00334	0.00274	0.00719
2	0.01045	0.02694	0.79000	0.01484	0.02254	0.01209	0.01924	0.01649	0.01099	0.01649	0.00935	0.01099	0.00660	0.00495	0.00495	0.00165	0.00770	0.00385	0.00220	0.00770
3	0.01318	0.02186	0.55159	0.01314	0.01947	0.04454	0.01562	0.01799	0.01217	0.16890	0.06227	0.01409	0.01064	0.00564	0.00507	0.00163	0.00678	0.00447	0.00329	0.00767
4	0.00693	0.00494	0.00622	0.00689	0.00736	0.00478	0.00469	0.00780	0.00953	0.01257	0.02636	0.40277	0.09733	0.24716	0.06237	0.00335	0.00442	0.07629	0.00422	0.00401
5	0.00634	0.00453	0.00604	0.00725	0.00755	0.00423	0.00483	0.00725	0.00997	0.01329	0.02870	0.81358	0.03444	0.01632	0.00665	0.00211	0.00302	0.01480	0.00483	0.00423
6	0.00984	0.00921	0.01543	0.73445	0.03395	0.01134	0.02836	0.01352	0.02907	0.01362	0.01042	0.03503	0.00832	0.00570	0.00530	0.00176	0.00677	0.01959	0.00250	0.00581
7	0.00978	0.00974	0.01545	0.06768	0.01629	0.05737	0.21162	0.01187	0.01060	0.01405	0.01776	0.36737	0.01935	0.01053	0.00794	0.00197	0.13221	0.00945	0.00353	0.00543
8	0.00649	0.00489	0.00582	0.00639	0.00719	0.00442	0.00437	0.00754	0.01065	0.01371	0.08716	0.42587	0.27613	0.10402	0.00866	0.00229	0.00308	0.01239	0.00471	0.00421
9	0.01045	0.02694	0.79000	0.01484	0.02254	0.01209	0.01924	0.01649	0.01099	0.01649	0.00935	0.01099	0.00660	0.00495	0.00495	0.00165	0.00770	0.00385	0.00220	0.00770
10	0.01461	0.07195	0.39603	0.01406	0.02011	0.01158	0.13835	0.01896	0.01228	0.23305	0.01255	0.01322	0.00859	0.00524	0.00512	0.00162	0.00682	0.00455	0.00347	0.00785
11	0.01310	0.01314	0.02210	0.02985	0.65238	0.04684	0.11316	0.01628	0.01204	0.01678	0.00982	0.01289	0.00814	0.00464	0.00526	0.00156	0.00666	0.00478	0.00259	0.00799
12	0.01608	0.01532	0.01506	0.06711	0.03475	0.26503	0.01065	0.04713	0.01213	0.13262	0.00979	0.01197	0.00785	0.00701	0.00972	0.00179	0.32203	0.00429	0.00317	0.00649
13	0.00977	0.00835	0.01272	0.01458	0.21002	0.00810	0.06535	0.06369	0.01363	0.01879	0.30660	0.11656	0.11191	0.00924	0.00588	0.00168	0.00420	0.00839	0.00445	0.00607
14	0.01489	0.07027	0.01541	0.01223	0.03535	0.21694	0.08815	0.19810	0.01555	0.03607	0.01908	0.05479	0.14917	0.00762	0.00560	0.00159	0.02486	0.02388	0.00387	0.00658
15	0.01251	0.01400	0.09147	0.17841	0.40509	0.05524	0.09470	0.03640	0.01195	0.01629	0.00963	0.01279	0.00770	0.00495	0.00553	0.00162	0.02708	0.00465	0.00257	0.00742
16	0.01343	0.68111	0.11308	0.01039	0.01525	0.01919	0.05702	0.01576	0.01073	0.01300	0.00768	0.00900	0.00675	0.00451	0.00370	0.00121	0.00601	0.00311	0.00225	0.00682
17	0.00706	0.00509	0.00673	0.00698	0.00774	0.00502	0.00497	0.00845	0.01074	0.01474	0.23422	0.26628	0.08592	0.10373	0.18182	0.02627	0.00548	0.00998	0.00439	0.00436
18	0.01096	0.04641	0.62579	0.01662	0.09273	0.01245	0.06803	0.01674	0.03215	0.01658	0.00973	0.01153	0.00709	0.00493	0.00501	0.00164	0.00747	0.00410	0.00235	0.00769
19	0.01022	0.00976	0.01704	0.59883	0.11203	0.01138	0.08330	0.01362	0.01078	0.01408	0.01067	0.04155	0.00883	0.00574	0.00540	0.00175	0.00683	0.02958	0.00254	0.00607
20	0.01045	0.02694	0.79000	0.01484	0.02254	0.01209	0.01924	0.01649	0.01099	0.01649	0.00935	0.01099	0.00660	0.00495	0.00495	0.00165	0.00770	0.00385	0.00220	0.00770
21	0.01675	0.24979	0.01949	0.06472	0.01739	0.46932	0.06222	0.01854	0.01311	0.01291	0.00807	0.00971	0.00680	0.00503	0.00444	0.00133	0.00810	0.00347	0.00253	0.00627
22	0.01105	0.02194	0.50527	0.04588	0.02460	0.01244	0.27134	0.01644	0.01141	0.01644	0.00974	0.01213	0.00705	0.00477	0.00536	0.00169	0.00804	0.00465	0.00235	0.00740

[dist]
# distance from previous block
# <min> <max>
14	43

[block]
# block no. 2 follows, 47 sequences, length 23
# corresponding to MSA columns:
# 499-521
name=unknown_C
#
# <colnr> <probs for GDERKNQSTAVLIFYWHMCP>
#	G	D	E	R	K	N	Q	S	T	A	V	L	I	F	Y	W	H	M	C	P
0	0.01246	0.00877	0.01041	0.00814	0.01183	0.00750	0.00644	0.03618	0.09229	0.13579	0.09648	0.05319	0.04246	0.00626	0.00470	0.00121	0.00379	0.00523	0.00431	0.45254
1	0.00891	0.00728	0.00972	0.14788	0.01421	0.00674	0.00700	0.01150	0.01271	0.01829	0.39710	0.02545	0.02837	0.00750	0.00524	0.00138	0.00370	0.00654	0.00428	0.27619
2	0.00808	0.00655	0.00968	0.26314	0.01697	0.00704	0.00819	0.01065	0.01254	0.01701	0.37182	0.11389	0.06146	0.00986	0.00597	0.00178	0.00413	0.06170	0.00444	0.00509
3	0.00837	0.01591	0.39951	0.01071	0.01499	0.00821	0.01191	0.01193	0.01082	0.01504	0.02323	0.27576	0.15259	0.01006	0.00571	0.00182	0.00530	0.00863	0.00351	0.00600
4	0.00843	0.00691	0.04032	0.00755	0.00938	0.00618	0.00618	0.01155	0.07001	0.05160	0.29114	0.03619	0.21399	0.01585	0.14566	0.00292	0.00513	0.06094	0.00478	0.00528
5	0.01392	0.82012	0.02729	0.00891	0.01337	0.02061	0.00891	0.01559	0.01058	0.01225	0.00724	0.00835	0.00668	0.00446	0.00334	0.00111	0.00557	0.00278	0.00223	0.00668
6	0.00981	0.00820	0.00974	0.00761	0.01127	0.00634	0.00587	0.01181	0.01061	0.01615	0.01359	0.18963	0.01367	0.00663	0.00448	0.00107	0.00367	0.00570	0.00347	0.66068
7	0.00971	0.00485	0.00485	0.00485	0.00607	0.00485	0.00364	0.01213	0.01092	0.01942	0.01699	0.01942	0.01335	0.00607	0.00364	0.00121	0.00243	0.00485	0.84589	0.00485
8	0.01151	0.01931	0.40521	0.06078	0.22584	0.01229	0.01617	0.01816	0.14618	0.01740	0.01155	0.01315	0.00870	0.00525	0.00508	0.00165	0.00662	0.00446	0.00285	0.00784
9	0.26051	0.01210	0.01341	0.07718	0.20466	0.07560	0.01002	0.01947	0.24013	0.01968	0.01228	0.01334	0.00955	0.00553	0.00460	0.00163	0.00525	0.00437	0.00357	0.00711
10	0.00739	0.00557	0.00699	0.00733	0.00871	0.00517	0.00596	0.00947	0.01278	0.01671	0.26309	0.05007	0.26955	0.01288	0.00655	0.00197	0.00342	0.29656	0.00509	0.00471
11	0.01113	0.01035	0.01476	0.28314	0.02101	0.01278	0.01134	0.05374	0.01015	0.01455	0.00858	0.01273	0.00740	0.02529	0.01048	0.00188	0.34351	0.00442	0.00260	0.14015
12	0.00971	0.00485	0.00485	0.00485	0.00607	0.00485	0.00364	0.01213	0.01092	0.01942	0.01699	0.01942	0.01335	0.00607	0.00364	0.00121	0.00243	0.00485	0.84589	0.00485
13	0.76561	0.01049	0.01007	0.00843	0.01187	0.01184	0.08526	0.01545	0.00922	0.02266	0.00760	0.00905	0.00588	0.00479	0.00353	0.00163	0.00453	0.00317	0.00316	0.00578
14	0.02336	0.00886	0.01209	0.00927	0.01329	0.00765	0.00765	0.02538	0.01491	0.78810	0.02055	0.01773	0.01289	0.00645	0.00524	0.00161	0.00443	0.00524	0.00645	0.00886
15	0.85377	0.01007	0.00765	0.00685	0.01007	0.01168	0.00564	0.01531	0.00886	0.02336	0.00725	0.00846	0.00564	0.00483	0.00322	0.00161	0.00403	0.00282	0.00322	0.00564
16	0.00983	0.00926	0.01562	0.80447	0.03587	0.01157	0.01446	0.01331	0.01041	0.01331	0.00926	0.01388	0.00694	0.00521	0.00521	0.00174	0.00694	0.00463	0.00231	0.00579
17	0.00681	0.00530	0.00619	0.00597	0.00744	0.00468	0.00447	0.00875	0.01342	0.01775	0.44675	0.04405	0.38609	0.01181	0.00615	0.00169	0.00254	0.01014	0.00532	0.00468
18	0.00971	0.00485	0.00485	0.00485	0.00607	0.00485	0.00364	0.01213	0.01092	0.01942	0.01699	0.01942	0.01335	0.00607	0.00364	0.00121	0.00243	0.00485	0.84589	0.00485
19	0.01287	0.01269	0.02409	0.03880	0.08798	0.01248	0.46366	0.10533	0.01368	0.03944	0.05432	0.01694	0.04994	0.00567	0.00632	0.00172	0.03756	0.00614	0.00330	0.00707
20	0.01213	0.00680	0.00883	0.00846	0.01037	0.00650	0.00663	0.01529	0.09253	0.22328	0.12630	0.24890	0.04488	0.01150	0.00616	0.00193	0.00378	0.15421	0.00543	0.00610
21	0.01522	0.04916	0.13344	0.01415	0.04177	0.37227	0.03920	0.03142	0.04073	0.01426	0.00957	0.01154	0.02269	0.00623	0.00742	0.00163	0.17609	0.00408	0.00269	0.00645
22	0.23677	0.25475	0.03963	0.01077	0.08044	0.05730	0.00847	0.01513	0.04782	0.01682	0.04645	0.05538	0.05567	0.00642	0.00489	0.00152	0.04773	0.00467	0.00315	0.00622

[dist]
# distance from previous block
# <min> <max>
1	3

[block]
# block no. 3 follows, 47 sequences, length 105
# corresponding to MSA columns:
# 525-629
name=unknown_D
#
# <colnr> <probs for GDERKNQSTAVLIFYWHMCP>
#	G	D	E	R	K	N	Q	S	T	A	V	L	I	F	Y	W	H	M	C	P
0	0.01258	0.03567	0.16636	0.12956	0.29342	0.01294	0.03242	0.08258	0.13014	0.01827	0.01151	0.01352	0.00890	0.00538	0.00539	0.00164	0.02421	0.00467	0.00310	0.00773
1	0.13423	0.00917	0.01103	0.00840	0.01252	0.00797	0.00686	0.01977	0.01266	0.41693	0.01482	0.01406	0.01011	0.00533	0.00448	0.00132	0.00418	0.00416	0.00484	0.29717
2	0.01153	0.01983	0.40948	0.02157	0.29470	0.01247	0.08774	0.01615	0.01129	0.01652	0.00951	0.01198	0.00732	0.00497	0.00568	0.00165	0.04312	0.00438	0.00238	0.00774
3	0.00971	0.00485	0.00485	0.00485	0.00607	0.00485	0.00364	0.01213	0.01092	0.01942	0.01699	0.01942	0.01335	0.00607	0.00364	0.00121	0.00243	0.00485	0.84589	0.00485
4	0.00706	0.00531	0.00653	0.00622	0.00759	0.00478	0.00467	0.00922	0.01400	0.01913	0.59395	0.04179	0.23803	0.01130	0.00615	0.00167	0.00250	0.00982	0.00550	0.00478
5	0.00971	0.00485	0.00485	0.00485	0.00607	0.00485	0.00364	0.01213	0.01092	0.01942	0.01699	0.01942	0.01335	0.00607	0.00364	0.00121	0.00243	0.00485	0.84589	0.00485
6	0.00615	0.00528	0.00528	0.00528	0.00703	0.00440	0.00396	0.00747	0.01187	0.01407	0.05276	0.05012	0.78238	0.01319	0.00615	0.00176	0.00264	0.01099	0.00484	0.00440
7	0.01080	0.00926	0.01080	0.00771	0.01234	0.00694	0.00617	0.01311	0.01080	0.01697	0.00926	0.01080	0.00771	0.00386	0.00386	0.00077	0.00386	0.00309	0.00309	0.84882
8	0.01095	0.14288	0.67851	0.01398	0.02120	0.01334	0.01773	0.01636	0.01093	0.01587	0.00904	0.01061	0.00661	0.00488	0.00471	0.00157	0.00739	0.00369	0.00220	0.00755
9	0.00971	0.00485	0.00485	0.00485	0.00607	0.00485	0.00364	0.01213	0.01092	0.01942	0.01699	0.01942	0.01335	0.00607	0.00364	0.00121	0.00243	0.00485	0.84589	0.00485
10	0.01080	0.00926	0.01080	0.00771	0.01234	0.00694	0.00617	0.01311	0.01080	0.01697	0.00926	0.01080	0.00771	0.00386	0.00386	0.00077	0.00386	0.00309	0.00309	0.84882
11	0.01208	0.11605	0.48618	0.01282	0.03355	0.01197	0.01473	0.03070	0.02439	0.09266	0.03180	0.01407	0.02945	0.02573	0.02308	0.00180	0.00672	0.00437	0.00295	0.02492
12	0.01045	0.02694	0.79000	0.01484	0.02254	0.01209	0.01924	0.01649	0.01099	0.01649	0.00935	0.01099	0.00660	0.00495	0.00495	0.00165	0.00770	0.00385	0.00220	0.00770
13	0.03096	0.00862	0.00991	0.00894	0.01121	0.00914	0.00691	0.09022	0.24174	0.01948	0.12773	0.16038	0.03656	0.01141	0.06420	0.00219	0.02568	0.02671	0.00468	0.10329
14	0.01358	0.74218	0.10223	0.00949	0.01427	0.01977	0.00993	0.01568	0.01062	0.01267	0.00745	0.00861	0.00667	0.00450	0.00350	0.00117	0.00578	0.00289	0.00222	0.00678
15	0.01349	0.01001	0.01137	0.00912	0.01283	0.00961	0.00724	0.09342	0.24999	0.10910	0.03110	0.04621	0.02802	0.00618	0.00479	0.00134	0.00411	0.00509	0.00452	0.34247
16	0.00983	0.00926	0.01562	0.80447	0.03587	0.01157	0.01446	0.01331	0.01041	0.01331	0.00926	0.01388	0.00694	0.00521	0.00521	0.00174	0.00694	0.00463	0.00231	0.00579
17	0.00983	0.00926	0.01562	0.80447	0.03587	0.01157	0.01446	0.01331	0.01041	0.01331	0.00926	0.01388	0.00694	0.00521	0.00521	0.00174	0.00694	0.00463	0.00231	0.00579
18	0.01081	0.01016	0.01619	0.14704	0.33707	0.01154	0.01256	0.01310	0.01036	0.01467	0.01259	0.16392	0.01266	0.00798	0.00824	0.00186	0.19334	0.00654	0.00289	0.00650
19	0.00737	0.00532	0.00696	0.00655	0.00778	0.00491	0.00491	0.00983	0.01474	0.02088	0.78175	0.03890	0.04914	0.01065	0.00614	0.00164	0.00246	0.00942	0.00573	0.00491
20	0.00971	0.00485	0.00485	0.00485	0.00607	0.00485	0.00364	0.01213	0.01092	0.01942	0.01699	0.01942	0.01335	0.00607	0.00364	0.00121	0.00243	0.00485	0.84589	0.00485
21	0.01295	0.01119	0.01178	0.01060	0.01354	0.01295	0.00824	0.02767	0.77509	0.02178	0.02120	0.01943	0.01590	0.00707	0.00530	0.00177	0.00412	0.00589	0.00530	0.00824
22	0.01945	0.02482	0.01476	0.01342	0.01610	0.79608	0.01006	0.02079	0.01476	0.01275	0.00805	0.00939	0.00671	0.00537	0.00470	0.00134	0.00939	0.00335	0.00268	0.00604
23	0.01140	0.01003	0.01533	0.28674	0.16929	0.01130	0.04677	0.01672	0.17098	0.04677	0.01452	0.10858	0.01257	0.00701	0.00605	0.00177	0.04775	0.00618	0.00346	0.00677
24	0.01945	0.02482	0.01476	0.01342	0.01610	0.79608	0.01006	0.02079	0.01476	0.01275	0.00805	0.00939	0.00671	0.00537	0.00470	0.00134	0.00939	0.00335	0.00268	0.00604
25	0.01045	0.02694	0.79000	0.01484	0.02254	0.01209	0.01924	0.01649	0.01099	0.01649	0.00935	0.01099	0.00660	0.00495	0.00495	0.00165	0.00770	0.00385	0.00220	0.00770
26	0.01295	0.01119	0.01178	0.01060	0.01354	0.01295	0.00824	0.02767	0.77509	0.02178	0.02120	0.01943	0.01590	0.00707	0.00530	0.00177	0.00412	0.00589	0.00530	0.00824
27	0.00905	0.00452	0.00678	0.00678	0.00678	0.00452	0.00452	0.00678	0.00678	0.00905	0.00905	0.01583	0.00905	0.01809	0.02035	0.84848	0.00452	0.00452	0.00226	0.00226
28	0.08623	0.23741	0.03222	0.00862	0.01272	0.01204	0.00755	0.08806	0.01215	0.07438	0.01118	0.07298	0.00979	0.00553	0.00413	0.00120	0.00460	0.00422	0.00343	0.31156
29	0.01980	0.01459	0.01563	0.01198	0.01615	0.01615	0.00990	0.76713	0.02448	0.03282	0.01250	0.01250	0.00886	0.00625	0.00521	0.00156	0.00573	0.00469	0.00521	0.00886
30	0.01678	0.57486	0.02269	0.00902	0.01334	0.01669	0.00853	0.01855	0.01189	0.24681	0.01126	0.01119	0.00856	0.00506	0.00391	0.00126	0.00523	0.00353	0.00350	0.00734
31	0.00971	0.00485	0.00485	0.00485	0.00607	0.00485	0.00364	0.01213	0.01092	0.01942	0.01699	0.01942	0.01335	0.00607	0.00364	0.00121	0.00243	0.00485	0.84589	0.00485
32	0.01631	0.01858	0.34669	0.01332	0.04487	0.01247	0.01363	0.26129	0.01623	0.18655	0.01277	0.01299	0.00873	0.00568	0.00510	0.00161	0.00631	0.00444	0.00409	0.00834
33	0.00737	0.00532	0.00696	0.00655	0.00778	0.00491	0.00491	0.00983	0.01474	0.02088	0.78175	0.03890	0.04914	0.01065	0.00614	0.00164	0.00246	0.00942	0.00573	0.00491
34	0.00913	0.00807	0.01162	0.01064	0.01117	0.01055	0.00860	0.01068	0.00820	0.01228	0.01090	0.01658	0.01037	0.02623	0.46263	0.00576	0.35377	0.00514	0.00257	0.00510
35	0.01114	0.01181	0.02366	0.38787	0.03126	0.01242	0.41434	0.01510	0.01141	0.01510	0.00994	0.01397	0.00745	0.00477	0.00571	0.00175	0.00792	0.00544	0.00248	0.00644
36	0.01229	0.01405	0.03073	0.02195	0.02722	0.01317	0.76558	0.01668	0.01229	0.01668	0.01054	0.01405	0.00790	0.00439	0.00615	0.00176	0.00878	0.00615	0.00263	0.00702
37	0.00983	0.00926	0.01562	0.80447	0.03587	0.01157	0.01446	0.01331	0.01041	0.01331	0.00926	0.01388	0.00694	0.00521	0.00521	0.00174	0.00694	0.00463	0.00231	0.00579
38	0.00971	0.00485	0.00485	0.00485	0.00607	0.00485	0.00364	0.01213	0.01092	0.01942	0.01699	0.01942	0.01335	0.00607	0.00364	0.00121	0.00243	0.00485	0.84589	0.00485
39	0.00749	0.00465	0.00638	0.00705	0.00727	0.00449	0.00474	0.00729	0.00875	0.01164	0.02074	0.43054	0.02405	0.09173	0.01324	0.29337	0.00381	0.04551	0.00379	0.00348
40	0.00971	0.00485	0.00485	0.00485	0.00607	0.00485	0.00364	0.01213	0.01092	0.01942	0.01699	0.01942	0.01335	0.00607	0.00364	0.00121	0.00243	0.00485	0.84589	0.00485
41	0.01617	0.53044	0.02258	0.01029	0.01419	0.25426	0.00918	0.01776	0.01211	0.05950	0.00829	0.00924	0.00707	0.00485	0.00387	0.00121	0.00666	0.00311	0.00262	0.00662
42	0.01373	0.01163	0.01265	0.01079	0.01394	0.02899	0.03784	0.17981	0.48551	0.02283	0.02226	0.02103	0.10076	0.00745	0.00540	0.00171	0.00458	0.00617	0.00507	0.00784
43	0.20136	0.04436	0.01683	0.05117	0.30074	0.16592	0.05507	0.02977	0.01207	0.06268	0.00949	0.01144	0.00752	0.00496	0.00463	0.00153	0.00638	0.00404	0.00299	0.00705
44	0.01497	0.50137	0.15135	0.01024	0.01495	0.03140	0.01054	0.01740	0.01137	0.14609	0.00987	0.01054	0.00774	0.00508	0.00451	0.00134	0.03765	0.00346	0.00296	0.00717
45	0.01353	0.11287	0.10496	0.00929	0.01414	0.01021	0.00858	0.08712	0.01260	0.11130	0.01069	0.01152	0.00819	0.00460	0.00422	0.00109	0.00477	0.00355	0.00348	0.46328
46	0.46493	0.00977	0.01111	0.23460	0.01826	0.01117	0.02802	0.03172	0.01039	0.10020	0.00997	0.03240	0.00765	0.00543	0.00421	0.00166	0.00503	0.00403	0.00337	0.00609
47	0.00971	0.00485	0.00485	0.00485	0.00607	0.00485	0.00364	0.01213	0.01092	0.01942	0.01699	0.01942	0.01335	0.00607	0.00364	0.00121	0.00243	0.00485	0.84589	0.00485
48	0.04587	0.00888	0.01221	0.34094	0.03495	0.01026	0.01011	0.06363	0.15832	0.03152	0.01672	0.21273	0.01568	0.00838	0.00550	0.00181	0.00517	0.00733	0.00382	0.00617
49	0.15383	0.03296	0.01442	0.01288	0.04154	0.40143	0.02581	0.01836	0.03857	0.04439	0.00871	0.01049	0.00719	0.00604	0.00691	0.00160	0.16199	0.00375	0.00291	0.00620
50	0.01121	0.01368	0.21372	0.01037	0.02874	0.00864	0.02557	0.04773	0.01170	0.04731	0.03843	0.02946	0.04211	0.00573	0.00512	0.03054	0.00501	0.00435	0.00323	0.41735
51	0.01287	0.30994	0.25256	0.01502	0.14027	0.01542	0.03008	0.08517	0.01215	0.01634	0.00965	0.04100	0.00819	0.00536	0.00481	0.00147	0.02558	0.00415	0.00266	0.00733
52	0.01566	0.01882	0.01227	0.01144	0.01355	0.55680	0.00849	0.01712	0.01409	0.01415	0.13750	0.12577	0.01750	0.00775	0.00520	0.00150	0.00737	0.00593	0.00348	0.00560
53	0.01766	0.01104	0.01440	0.18515	0.06918	0.01173	0.01035	0.25432	0.06142	0.27193	0.01553	0.01567	0.02526	0.00617	0.00524	0.00163	0.00545	0.00504	0.00481	0.00803
54	0.01139	0.01139	0.01595	0.01367	0.01367	0.01595	0.01139	0.01253	0.00798	0.01253	0.00684	0.01139	0.00684	0.00911	0.01709	0.00228	0.80745	0.00456	0.00228	0.00570
55	0.00727	0.00534	0.00692	0.00731	0.00843	0.00500	0.00569	0.00925	0.01268	0.01704	0.33151	0.19469	0.14641	0.01310	0.00652	0.00195	0.00321	0.20782	0.00518	0.00468
56	0.01139	0.01139	0.01595	0.01367	0.01367	0.01595	0.01139	0.01253	0.00798	0.01253	0.00684	0.01139	0.00684	0.00911	0.01709	0.00228	0.80745	0.00456	0.00228	0.00570
57	0.00615	0.00528	0.00528	0.00528	0.00703	0.00440	0.00396	0.00747	0.01187	0.01407	0.05276	0.05012	0.78238	0.01319	0.00615	0.00176	0.00264	0.01099	0.00484	0.00440
58	0.01392	0.82012	0.02729	0.00891	0.01337	0.02061	0.00891	0.01559	0.01058	0.01225	0.00724	0.00835	0.00668	0.00446	0.00334	0.00111	0.00557	0.00278	0.00223	0.00668
59	0.00744	0.00558	0.00837	0.00837	0.00930	0.00651	0.00651	0.00930	0.00837	0.01209	0.01395	0.02046	0.01302	0.03906	0.79635	0.00837	0.01395	0.00558	0.00279	0.00465
60	0.00742	0.00554	0.00822	0.00824	0.00912	0.00641	0.00634	0.00919	0.00837	0.01204	0.01434	0.03691	0.01368	0.06910	0.75031	0.00811	0.01338	0.00584	0.00285	0.00458
61	0.85377	0.01007	0.00765	0.00685	0.01007	0.01168	0.00564	0.01531	0.00886	0.02336	0.00725	0.00846	0.00564	0.00483	0.00322	0.00161	0.00403	0.00282	0.00322	0.00564
62	0.04779	0.01484	0.24446	0.01126	0.01609	0.01027	0.03060	0.03516	0.14856	0.24185	0.01495	0.01494	0.01057	0.00744	0.04619	0.00192	0.00591	0.00467	0.00421	0.08831
63	0.00971	0.00485	0.00485	0.00485	0.00607	0.00485	0.00364	0.01213	0.01092	0.01942	0.01699	0.01942	0.01335	0.00607	0.00364	0.00121	0.00243	0.00485	0.84589	0.00485
64	0.01126	0.01104	0.01713	0.23594	0.16371	0.01401	0.02882	0.01348	0.00946	0.01367	0.00813	0.01242	0.00715	0.00710	0.01135	0.00198	0.42013	0.00463	0.00235	0.00622
65	0.01171	0.09269	0.52304	0.01564	0.02236	0.01288	0.18153	0.01684	0.01141	0.04962	0.00991	0.01173	0.00716	0.00485	0.00508	0.00162	0.00761	0.00432	0.00248	0.00751
66	0.00988	0.00825	0.01149	0.01047	0.03927	0.00766	0.06812	0.05232	0.01202	0.01669	0.03609	0.11494	0.07539	0.00960	0.00618	0.00170	0.03487	0.23113	0.00400	0.24990
67	0.01080	0.01029	0.01724	0.31551	0.14575	0.01043	0.13272	0.01398	0.01114	0.01555	0.03039	0.03425	0.00932	0.00508	0.00507	0.00147	0.00613	0.00488	0.00276	0.21725
68	0.01271	0.12017	0.20855	0.01326	0.08529	0.02770	0.04107	0.08452	0.16449	0.05091	0.07395	0.01775	0.06448	0.00643	0.00508	0.00159	0.00560	0.00530	0.00377	0.00738
69	0.00971	0.00485	0.00485	0.00485	0.00607	0.00485	0.00364	0.01213	0.01092	0.01942	0.01699	0.01942	0.01335	0.00607	0.00364	0.00121	0.00243	0.00485	0.84589	0.00485
70	0.03307	0.17990	0.09435	0.01130	0.01560	0.04529	0.01022	0.35555	0.14447	0.04152	0.01247	0.01258	0.00931	0.00583	0.00476	0.00151	0.00570	0.00434	0.00421	0.00802
71	0.26685	0.03999	0.53473	0.01228	0.01854	0.01216	0.01487	0.01611	0.01034	0.01848	0.00866	0.01016	0.00631	0.00490	0.00439	0.00163	0.00653	0.00351	0.00251	0.00705
72	0.01337	0.06713	0.51590	0.01403	0.02012	0.20891	0.01592	0.05663	0.01262	0.01618	0.00908	0.01053	0.00675	0.00509	0.00481	0.00154	0.00791	0.00371	0.00248	0.00729
73	0.01316	0.64532	0.19537	0.01022	0.01539	0.01873	0.01119	0.01579	0.01067	0.01319	0.00770	0.00894	0.00666	0.00456	0.00370	0.00123	0.00604	0.00302	0.00222	0.00691
74	0.00719	0.00514	0.00701	0.00822	0.00889	0.00496	0.00630	0.00871	0.01080	0.01424	0.02824	0.50153	0.03259	0.01552	0.00687	0.00223	0.00375	0.31850	0.00482	0.00446
75	0.01461	0.01001	0.01585	0.02105	0.42653	0.00960	0.01165	0.01705	0.01249	0.22957	0.01734	0.10972	0.04784	0.00713	0.00545	0.00166	0.00514	0.02554	0.00407	0.00769
76	0.01385	0.80239	0.04433	0.00904	0.01357	0.02042	0.00914	0.01561	0.01059	0.01235	0.00729	0.00841	0.00668	0.00447	0.00338	0.00113	0.00562	0.00281	0.00223	0.00671
77	0.00757	0.00505	0.00568	0.00568	0.00568	0.00505	0.00316	0.00757	0.00757	0.01010	0.01641	0.03408	0.01893	0.81698	0.02651	0.00505	0.00505	0.00757	0.00316	0.00316
78	0.01080	0.00926	0.01080	0.00771	0.01234	0.00694	0.00617	0.01311	0.01080	0.01697	0.00926	0.01080	0.00771	0.00386	0.00386	0.00077	0.00386	0.00309	0.00309	0.84882
79	0.00983	0.00926	0.01562	0.80447	0.03587	0.01157	0.01446	0.01331	0.01041	0.01331	0.00926	0.01388	0.00694	0.00521	0.00521	0.00174	0.00694	0.00463	0.00231	0.00579
80	0.00983	0.00926	0.01562	0.80447	0.03587	0.01157	0.01446	0.01331	0.01041	0.01331	0.00926	0.01388	0.00694	0.00521	0.00521	0.00174	0.00694	0.00463	0.00231	0.00579
81	0.00835	0.00597	0.00833	0.00947	0.01067	0.00595	0.00825	0.01075	0.01210	0.01580	0.05813	0.05794	0.03075	0.01423	0.00715	0.00237	0.00470	0.71946	0.00483	0.00480
82	0.00995	0.00938	0.01584	0.77418	0.06522	0.01160	0.01452	0.01341	0.01047	0.01345	0.00928	0.01385	0.00699	0.00518	0.00520	0.00173	0.00691	0.00463	0.00232	0.00588
83	0.01336	0.69278	0.14974	0.00986	0.01484	0.01924	0.01057	0.01574	0.01065	0.01293	0.00758	0.00878	0.00667	0.00453	0.00360	0.00120	0.00591	0.00296	0.00222	0.00685
84	0.00905	0.00452	0.00678	0.00678	0.00678	0.00452	0.00452	0.00678	0.00678	0.00905	0.00905	0.01583	0.00905	0.01809	0.02035	0.84848	0.00452	0.00452	0.00226	0.00226
85	0.00634	0.00453	0.00604	0.00725	0.00755	0.00423	0.00483	0.00725	0.00997	0.01329	0.02870	0.81358	0.03444	0.01632	0.00665	0.00211	0.00302	0.01480	0.00483	0.00423
86	0.00757	0.00505	0.00568	0.00568	0.00568	0.00505	0.00316	0.00757	0.00757	0.01010	0.01641	0.03408	0.01893	0.81698	0.02651	0.00505	0.00505	0.00757	0.00316	0.00316
87	0.01866	0.02256	0.01479	0.01327	0.01569	0.67048	0.01012	0.02001	0.01396	0.04519	0.00843	0.00998	0.00698	0.00586	0.00619	0.00146	0.10388	0.00358	0.00279	0.00612
88	0.00737	0.00532	0.00696	0.00655	0.00778	0.00491	0.00491	0.00983	0.01474	0.02088	0.78175	0.03890	0.04914	0.01065	0.00614	0.00164	0.00246	0.00942	0.00573	0.00491
89	0.00839	0.00599	0.00839	0.00959	0.01079	0.00599	0.00839	0.01079	0.01199	0.01558	0.02757	0.05874	0.02997	0.01439	0.00719	0.00240	0.00480	0.74945	0.00480	0.00480
90	0.01030	0.00980	0.01614	0.63461	0.09790	0.01221	0.01420	0.01344	0.01022	0.01353	0.00899	0.01347	0.00704	0.00567	0.00675	0.00179	0.11100	0.00462	0.00233	0.00599
91	0.01336	0.69278	0.14974	0.00986	0.01484	0.01924	0.01057	0.01574	0.01065	0.01293	0.00758	0.00878	0.00667	0.00453	0.00360	0.00120	0.00591	0.00296	0.00222	0.00685
92	0.00634	0.00453	0.00604	0.00725	0.00755	0.00423	0.00483	0.00725	0.00997	0.01329	0.02870	0.81358	0.03444	0.01632	0.00665	0.00211	0.00302	0.01480	0.00483	0.00423
93	0.02265	0.00870	0.01186	0.00914	0.01305	0.00753	0.00753	0.02468	0.01490	0.75370	0.05468	0.01867	0.01452	0.00663	0.00528	0.00161	0.00434	0.00542	0.00641	0.00869
94	0.04961	0.05424	0.48758	0.01255	0.01844	0.01189	0.01463	0.11964	0.01337	0.03946	0.11647	0.01500	0.01290	0.00593	0.00501	0.00161	0.00636	0.00468	0.00326	0.00737
95	0.00983	0.00926	0.01562	0.80447	0.03587	0.01157	0.01446	0.01331	0.01041	0.01331	0.00926	0.01388	0.00694	0.00521	0.00521	0.00174	0.00694	0.00463	0.00231	0.00579
96	0.01533	0.45027	0.02405	0.01237	0.01642	0.25385	0.13074	0.01734	0.01212	0.01311	0.00801	0.00958	0.00689	0.00472	0.00420	0.00129	0.00724	0.00350	0.00243	0.00654
97	0.01045	0.02694	0.79000	0.01484	0.02254	0.01209	0.01924	0.01649	0.01099	0.01649	0.00935	0.01099	0.00660	0.00495	0.00495	0.00165	0.00770	0.00385	0.00220	0.00770
98	0.00634	0.00453	0.00604	0.00725	0.00755	0.00423	0.00483	0.00725	0.00997	0.01329	0.02870	0.81358	0.03444	0.01632	0.00665	0.00211	0.00302	0.01480	0.00483	0.00423
99	0.01271	0.10481	0.01341	0.00966	0.01327	0.04714	0.00778	0.02156	0.42148	0.01882	0.01538	0.01509	0.01194	0.00572	0.00461	0.00137	0.00445	0.00457	0.00416	0.26208
100	0.01056	0.05549	0.63544	0.07345	0.05684	0.01215	0.01788	0.01596	0.01102	0.01607	0.01004	0.01319	0.00768	0.00533	0.00501	0.00166	0.00737	0.03513	0.00233	0.00742
101	0.01390	0.01148	0.04997	0.01436	0.10305	0.01279	0.01100	0.01578	0.01025	0.17171	0.01032	0.01278	0.00831	0.00735	0.01145	0.00188	0.43606	0.00453	0.00324	0.08981
102	0.00731	0.00544	0.00803	0.00816	0.00903	0.00617	0.00624	0.00908	0.00883	0.01260	0.04786	0.11535	0.01707	0.03517	0.66954	0.00735	0.01217	0.00683	0.00316	0.00461
103	0.00812	0.00581	0.00804	0.00898	0.01014	0.00573	0.00765	0.01045	0.01233	0.01632	0.14871	0.09489	0.03328	0.01389	0.00700	0.00226	0.00433	0.59236	0.00495	0.00478
104	0.01213	0.05247	0.31717	0.01817	0.02427	0.01284	0.41920	0.01693	0.01184	0.04920	0.01037	0.01281	0.00757	0.00469	0.00554	0.00168	0.00805	0.00510	0.00261	0.00734

[dist]
# distance from previous block
# <min> <max>
3	4

[block]
# block no. 4 follows, 47 sequences, length 24
# corresponding to MSA columns:
# 634-657
name=unknown_E
#
# <colnr> <probs for GDERKNQSTAVLIFYWHMCP>
#	G	D	E	R	K	N	Q	S	T	A	V	L	I	F	Y	W	H	M	C	P
0	0.01081	0.02274	0.57783	0.01578	0.07303	0.01291	0.01740	0.01564	0.01043	0.01571	0.00886	0.01121	0.00676	0.00578	0.00746	0.00177	0.17226	0.00405	0.00224	0.00732
1	0.01888	0.00790	0.01064	0.00854	0.01183	0.00697	0.00694	0.02089	0.01420	0.57631	0.11919	0.02316	0.07834	0.00975	0.05975	0.00209	0.00469	0.00625	0.00598	0.00772
2	0.01045	0.02694	0.79000	0.01484	0.02254	0.01209	0.01924	0.01649	0.01099	0.01649	0.00935	0.01099	0.00660	0.00495	0.00495	0.00165	0.00770	0.00385	0.00220	0.00770
3	0.01434	0.01229	0.01253	0.01094	0.01407	0.04494	0.00859	0.14908	0.62102	0.02324	0.01924	0.01789	0.01437	0.00686	0.00526	0.00172	0.00460	0.00559	0.00518	0.00826
4	0.01698	0.02540	0.22761	0.01381	0.01787	0.58082	0.01258	0.01961	0.01372	0.01377	0.00841	0.00983	0.00668	0.00525	0.00476	0.00143	0.00893	0.00349	0.00255	0.00649
5	0.01014	0.00965	0.00951	0.00991	0.01101	0.16134	0.00780	0.01175	0.01149	0.01398	0.02212	0.28128	0.02457	0.01336	0.02524	0.00223	0.06971	0.29582	0.00415	0.00493
6	0.01668	0.01590	0.01369	0.01177	0.01499	0.22888	0.00921	0.23608	0.35286	0.02244	0.01511	0.01470	0.01137	0.00637	0.00511	0.00159	0.00603	0.00485	0.00456	0.00781
7	0.01152	0.01098	0.01867	0.37708	0.45005	0.01201	0.01530	0.01479	0.01121	0.01536	0.00955	0.01333	0.00767	0.00489	0.00518	0.00163	0.00652	0.00463	0.00246	0.00715
8	0.01067	0.01011	0.01713	0.59236	0.24142	0.01179	0.01488	0.01404	0.01081	0.01432	0.00940	0.01361	0.00730	0.00505	0.00519	0.00168	0.00673	0.00463	0.00239	0.00646
9	0.00905	0.00452	0.00678	0.00678	0.00678	0.00452	0.00452	0.00678	0.00678	0.00905	0.00905	0.01583	0.00905	0.01809	0.02035	0.84848	0.00452	0.00452	0.00226	0.00226
10	0.01908	0.01152	0.01322	0.01059	0.01435	0.01214	0.00860	0.28160	0.24125	0.30305	0.01797	0.01643	0.01238	0.00656	0.00525	0.00164	0.00479	0.00524	0.00568	0.00868
11	0.01701	0.02074	0.01534	0.18185	0.06878	0.58073	0.01137	0.01891	0.01366	0.01313	0.00841	0.01056	0.00685	0.00529	0.00483	0.00144	0.00867	0.00370	0.00260	0.00612
12	0.02336	0.00886	0.01209	0.00927	0.01329	0.00765	0.00765	0.02538	0.01491	0.78810	0.02055	0.01773	0.01289	0.00645	0.00524	0.00161	0.00443	0.00524	0.00645	0.00886
13	0.02336	0.00886	0.01209	0.00927	0.01329	0.00765	0.00765	0.02538	0.01491	0.78810	0.02055	0.01773	0.01289	0.00645	0.00524	0.00161	0.00443	0.00524	0.00645	0.00886
14	0.00703	0.00531	0.00649	0.00620	0.00757	0.00477	0.00465	0.00917	0.01394	0.01898	0.57859	0.04203	0.25348	0.01135	0.00615	0.00167	0.00251	0.00986	0.00548	0.00477
15	0.00905	0.00452	0.00678	0.00678	0.00678	0.00452	0.00452	0.00678	0.00678	0.00905	0.00905	0.01583	0.00905	0.01809	0.02035	0.84848	0.00452	0.00452	0.00226	0.00226
16	0.01289	0.01237	0.02114	0.03196	0.78450	0.01237	0.01598	0.01598	0.01186	0.01701	0.00980	0.01289	0.00825	0.00464	0.00516	0.00155	0.00619	0.00464	0.00258	0.00825
17	0.00864	0.00467	0.00648	0.00648	0.00648	0.00467	0.00415	0.00700	0.00700	0.00933	0.01107	0.02084	0.01176	0.23744	0.02204	0.61691	0.00467	0.00536	0.00251	0.00251
18	0.00971	0.00485	0.00485	0.00485	0.00607	0.00485	0.00364	0.01213	0.01092	0.01942	0.01699	0.01942	0.01335	0.00607	0.00364	0.00121	0.00243	0.00485	0.84589	0.00485
19	0.01388	0.61813	0.12748	0.01001	0.01482	0.01881	0.01034	0.07562	0.04245	0.01483	0.00850	0.00948	0.00721	0.00477	0.00378	0.00125	0.00581	0.00320	0.00258	0.00705
20	0.00634	0.00453	0.00604	0.00725	0.00755	0.00423	0.00483	0.00725	0.00997	0.01329	0.02870	0.81358	0.03444	0.01632	0.00665	0.00211	0.00302	0.01480	0.00483	0.00423
21	0.01392	0.82012	0.02729	0.00891	0.01337	0.02061	0.00891	0.01559	0.01058	0.01225	0.00724	0.00835	0.00668	0.00446	0.00334	0.00111	0.00557	0.00278	0.00223	0.00668
22	0.62394	0.00997	0.01011	0.00854	0.01190	0.01091	0.06617	0.01646	0.01013	0.12312	0.01056	0.01333	0.00832	0.00562	0.00397	0.00167	0.00451	0.05097	0.00370	0.00612
23	0.01284	0.37247	0.01966	0.01056	0.01338	0.01695	0.00929	0.01797	0.21977	0.01494	0.01115	0.01249	0.00942	0.00729	0.02898	0.00178	0.20698	0.00416	0.00310	0.00681

[dist]
# distance from previous block
# <min> <max>
0	1

[block]
# block no. 5 follows, 47 sequences, length 68
# corresponding to MSA columns:
# 659-697,704-732
name=unknown_F
#
# <colnr> <probs for GDERKNQSTAVLIFYWHMCP>
#	G	D	E	R	K	N	Q	S	T	A	V	L	I	F	Y	W	H	M	C	P
0	0.01283	0.01233	0.01370	0.01206	0.01379	0.07522	0.00966	0.02102	0.40567	0.01734	0.01437	0.01540	0.01152	0.00776	0.01002	0.00194	0.32931	0.00515	0.00387	0.00704
1	0.01392	0.82012	0.02729	0.00891	0.01337	0.02061	0.00891	0.01559	0.01058	0.01225	0.00724	0.00835	0.00668	0.00446	0.00334	0.00111	0.00557	0.00278	0.00223	0.00668
2	0.01301	0.01449	0.01694	0.48225	0.02896	0.25016	0.09165	0.01593	0.01193	0.01349	0.00902	0.01254	0.00697	0.00517	0.00515	0.00162	0.00788	0.00440	0.00246	0.00599
3	0.01825	0.01382	0.01476	0.01167	0.01556	0.01543	0.00952	0.60005	0.19408	0.03033	0.01447	0.01407	0.01045	0.00644	0.00523	0.00161	0.00537	0.00496	0.00523	0.00872
4	0.00737	0.00532	0.00696	0.00655	0.00778	0.00491	0.00491	0.00983	0.01474	0.02088	0.78175	0.03890	0.04914	0.01065	0.00614	0.00164	0.00246	0.00942	0.00573	0.00491
5	0.01980	0.01459	0.01563	0.01198	0.01615	0.01615	0.00990	0.76713	0.02448	0.03282	0.01250	0.01250	0.00886	0.00625	0.00521	0.00156	0.00573	0.00469	0.00521	0.00886
6	0.00983	0.00926	0.01562	0.80447	0.03587	0.01157	0.01446	0.01331	0.01041	0.01331	0.00926	0.01388	0.00694	0.00521	0.00521	0.00174	0.00694	0.00463	0.00231	0.00579
7	0.01139	0.01139	0.01595	0.01367	0.01367	0.01595	0.01139	0.01253	0.00798	0.01253	0.00684	0.01139	0.00684	0.00911	0.01709	0.00228	0.80745	0.00456	0.00228	0.00570
8	0.01045	0.02694	0.79000	0.01484	0.02254	0.01209	0.01924	0.01649	0.01099	0.01649	0.00935	0.01099	0.00660	0.00495	0.00495	0.00165	0.00770	0.00385	0.00220	0.00770
9	0.00634	0.00453	0.00604	0.00725	0.00755	0.00423	0.00483	0.00725	0.00997	0.01329	0.02870	0.81358	0.03444	0.01632	0.00665	0.00211	0.00302	0.01480	0.00483	0.00423
10	0.00757	0.00505	0.00568	0.00568	0.00568	0.00505	0.00316	0.00757	0.00757	0.01010	0.01641	0.03408	0.01893	0.81698	0.02651	0.00505	0.00505	0.00757	0.00316	0.00316
11	0.01080	0.00926	0.01080	0.00771	0.01234	0.00694	0.00617	0.01311	0.01080	0.01697	0.00926	0.01080	0.00771	0.00386	0.00386	0.00077	0.00386	0.00309	0.00309	0.84882
12	0.00615	0.00528	0.00528	0.00528	0.00703	0.00440	0.00396	0.00747	0.01187	0.01407	0.05276	0.05012	0.78238	0.01319	0.00615	0.00176	0.00264	0.01099	0.00484	0.00440
13	0.00983	0.00926	0.01562	0.80447	0.03587	0.01157	0.01446	0.01331	0.01041	0.01331	0.00926	0.01388	0.00694	0.00521	0.00521	0.00174	0.00694	0.00463	0.00231	0.00579
14	0.02336	0.00886	0.01209	0.00927	0.01329	0.00765	0.00765	0.02538	0.01491	0.78810	0.02055	0.01773	0.01289	0.00645	0.00524	0.00161	0.00443	0.00524	0.00645	0.00886
15	0.01082	0.00932	0.01094	0.00788	0.01238	0.00719	0.00632	0.01310	0.01072	0.01685	0.00919	0.01082	0.00769	0.00400	0.00422	0.00081	0.02613	0.00313	0.00306	0.82545
16	0.00634	0.00453	0.00604	0.00725	0.00755	0.00423	0.00483	0.00725	0.00997	0.01329	0.02870	0.81358	0.03444	0.01632	0.00665	0.00211	0.00302	0.01480	0.00483	0.00423
17	0.00736	0.00532	0.00678	0.00693	0.00793	0.00501	0.00519	0.00919	0.01248	0.01699	0.39180	0.12383	0.10971	0.12469	0.00923	0.00231	0.00331	0.14239	0.00503	0.00453
18	0.02010	0.01287	0.01458	0.01159	0.03010	0.01371	0.00934	0.51491	0.07292	0.22254	0.01507	0.01430	0.01034	0.00632	0.00522	0.00159	0.00530	0.00491	0.00548	0.00880
19	0.00634	0.00453	0.00604	0.00725	0.00755	0.00423	0.00483	0.00725	0.00997	0.01329	0.02870	0.81358	0.03444	0.01632	0.00665	0.00211	0.00302	0.01480	0.00483	0.00423
20	0.01045	0.02694	0.79000	0.01484	0.02254	0.01209	0.01924	0.01649	0.01099	0.01649	0.00935	0.01099	0.00660	0.00495	0.00495	0.00165	0.00770	0.00385	0.00220	0.00770
21	0.01148	0.01164	0.01735	0.01445	0.01495	0.01569	0.08260	0.01292	0.00838	0.01292	0.00719	0.01164	0.00694	0.00867	0.01606	0.00223	0.73205	0.00471	0.00231	0.00582
22	0.00971	0.00485	0.00485	0.00485	0.00607	0.00485	0.00364	0.01213	0.01092	0.01942	0.01699	0.01942	0.01335	0.00607	0.00364	0.00121	0.00243	0.00485	0.84589	0.00485
23	0.00615	0.00528	0.00528	0.00528	0.00703	0.00440	0.00396	0.00747	0.01187	0.01407	0.05276	0.05012	0.78238	0.01319	0.00615	0.00176	0.00264	0.01099	0.00484	0.00440
24	0.02295	0.00953	0.01250	0.00958	0.01363	0.00865	0.00792	0.11245	0.01603	0.69945	0.01960	0.01711	0.01242	0.00642	0.00523	0.00161	0.00458	0.00517	0.00630	0.00886
25	0.01080	0.00926	0.01080	0.00771	0.01234	0.00694	0.00617	0.01311	0.01080	0.01697	0.00926	0.01080	0.00771	0.00386	0.00386	0.00077	0.00386	0.00309	0.00309	0.84882
26	0.00757	0.00507	0.00579	0.00579	0.00583	0.00511	0.00329	0.00764	0.00761	0.01018	0.01631	0.03353	0.01870	0.78572	0.05745	0.00518	0.00541	0.00749	0.00314	0.00322
27	0.00634	0.00453	0.00604	0.00725	0.00755	0.00423	0.00483	0.00725	0.00997	0.01329	0.02870	0.81358	0.03444	0.01632	0.00665	0.00211	0.00302	0.01480	0.00483	0.00423
28	0.01045	0.02694	0.79000	0.01484	0.02254	0.01209	0.01924	0.01649	0.01099	0.01649	0.00935	0.01099	0.00660	0.00495	0.00495	0.00165	0.00770	0.00385	0.00220	0.00770
29	0.07654	0.01410	0.01488	0.01156	0.01560	0.01568	0.00952	0.67771	0.06195	0.03161	0.01259	0.01258	0.00900	0.00620	0.00508	0.00158	0.00553	0.00462	0.00508	0.00860
30	0.00971	0.00485	0.00485	0.00485	0.00607	0.00485	0.00364	0.01213	0.01092	0.01942	0.01699	0.01942	0.01335	0.00607	0.00364	0.00121	0.00243	0.00485	0.84589	0.00485
31	0.01392	0.82012	0.02729	0.00891	0.01337	0.02061	0.00891	0.01559	0.01058	0.01225	0.00724	0.00835	0.00668	0.00446	0.00334	0.00111	0.00557	0.00278	0.00223	0.00668
32	0.01627	0.01186	0.01381	0.01153	0.06703	0.01169	0.00872	0.34817	0.04805	0.10182	0.01234	0.01274	0.00911	0.00536	0.00474	0.00130	0.00491	0.00423	0.00442	0.30191
33	0.01927	0.05155	0.01518	0.01326	0.01601	0.77002	0.01002	0.02062	0.01462	0.01273	0.00802	0.00936	0.00671	0.00534	0.00465	0.00133	0.00926	0.00333	0.00267	0.00606
34	0.09485	0.01649	0.01625	0.16282	0.25950	0.31838	0.01229	0.03177	0.01269	0.01558	0.00883	0.01128	0.00717	0.00508	0.00480	0.00151	0.00736	0.00396	0.00268	0.00670
35	0.01392	0.82012	0.02729	0.00891	0.01337	0.02061	0.00891	0.01559	0.01058	0.01225	0.00724	0.00835	0.00668	0.00446	0.00334	0.00111	0.00557	0.00278	0.00223	0.00668
36	0.01139	0.01139	0.01595	0.01367	0.01367	0.01595	0.01139	0.01253	0.00798	0.01253	0.00684	0.01139	0.00684	0.00911	0.01709	0.00228	0.80745	0.00456	0.00228	0.00570
37	0.00983	0.00926	0.01562	0.80447	0.03587	0.01157	0.01446	0.01331	0.01041	0.01331	0.00926	0.01388	0.00694	0.00521	0.00521	0.00174	0.00694	0.00463	0.00231	0.00579
38	0.00615	0.00528	0.00528	0.00528	0.00703	0.00440	0.00396	0.00747	0.01187	0.01407	0.05276	0.05012	0.78238	0.01319	0.00615	0.00176	0.00264	0.01099	0.00484	0.00440
39	0.01493	0.01217	0.01289	0.01100	0.01429	0.01388	0.00872	0.24113	0.55841	0.02497	0.01869	0.01743	0.01386	0.00683	0.00527	0.00171	0.00459	0.00554	0.00527	0.00842
40	0.00634	0.00453	0.00604	0.00725	0.00755	0.00423	0.00483	0.00725	0.00997	0.01329	0.02870	0.81358	0.03444	0.01632	0.00665	0.00211	0.00302	0.01480	0.00483	0.00423
41	0.00961	0.01009	0.04673	0.01450	0.12108	0.02926	0.21800	0.01250	0.01273	0.01693	0.21100	0.02957	0.22899	0.00840	0.00592	0.00168	0.00517	0.00789	0.00397	0.00596
42	0.01045	0.02694	0.79000	0.01484	0.02254	0.01209	0.01924	0.01649	0.01099	0.01649	0.00935	0.01099	0.00660	0.00495	0.00495	0.00165	0.00770	0.00385	0.00220	0.00770
43	0.00905	0.00452	0.00678	0.00678	0.00678	0.00452	0.00452	0.00678	0.00678	0.00905	0.00905	0.01583	0.00905	0.01809	0.02035	0.84848	0.00452	0.00452	0.00226	0.00226
44	0.79667	0.01038	0.00820	0.00720	0.01049	0.01199	0.00593	0.06678	0.00993	0.02401	0.00761	0.00874	0.00586	0.00493	0.00336	0.00161	0.00414	0.00295	0.00336	0.00586
45	0.01849	0.01089	0.01628	0.01972	0.36474	0.03081	0.01151	0.02098	0.01351	0.41613	0.01531	0.01530	0.01061	0.00559	0.00519	0.00157	0.00536	0.00491	0.00458	0.00851
46	0.00971	0.00485	0.00485	0.00485	0.00607	0.00485	0.00364	0.01213	0.01092	0.01942	0.01699	0.01942	0.01335	0.00607	0.00364	0.00121	0.00243	0.00485	0.84589	0.00485
47	0.00634	0.00453	0.00604	0.00725	0.00755	0.00423	0.00483	0.00725	0.00997	0.01329	0.02870	0.81358	0.03444	0.01632	0.00665	0.00211	0.00302	0.01480	0.00483	0.00423
48	0.27811	0.02103	0.50927	0.01261	0.01878	0.01201	0.04686	0.01612	0.01037	0.01868	0.00873	0.01032	0.00635	0.00489	0.00445	0.00164	0.00658	0.00362	0.00254	0.00702
49	0.00642	0.00459	0.00611	0.00720	0.00757	0.00428	0.00484	0.00743	0.01030	0.01381	0.08026	0.76055	0.03545	0.01593	0.00661	0.00208	0.00298	0.01444	0.00490	0.00428
50	0.01224	0.40702	0.37169	0.01248	0.01845	0.01626	0.06537	0.01607	0.01088	0.01447	0.00842	0.00994	0.00673	0.00467	0.00426	0.00140	0.00675	0.00349	0.00224	0.00716
51	0.01398	0.12899	0.35521	0.01153	0.01721	0.01150	0.01277	0.01774	0.01172	0.19300	0.01154	0.01215	0.00825	0.00516	0.00495	0.00144	0.02818	0.00391	0.00333	0.14745
52	0.16314	0.35956	0.20403	0.01031	0.01516	0.01598	0.01080	0.06356	0.08341	0.01743	0.00939	0.01031	0.00748	0.00500	0.00401	0.00142	0.00568	0.00346	0.00287	0.00702
53	0.01335	0.73572	0.05342	0.00896	0.01331	0.01922	0.00901	0.01523	0.01088	0.01300	0.06034	0.01054	0.00959	0.00490	0.00359	0.00117	0.00543	0.00328	0.00247	0.00660
54	0.00634	0.00453	0.00604	0.00725	0.00755	0.00423	0.00483	0.00725	0.00997	0.01329	0.02870	0.81358	0.03444	0.01632	0.00665	0.00211	0.00302	0.01480	0.00483	0.00423
