[name]
unknown

[dist]
# distance from previous block
# <min> <max>
0	27

[block]
# block no. 0 follows, 53 sequences, length 46
# corresponding to MSA columns:
# 27-72
name=unknown_A
#
# <colnr> <probs for GDERKNQSTAVLIFYWHMCP>
#	G	D	E	R	K	N	Q	S	T	A	V	L	I	F	Y	W	H	M	C	P
0	0.00770	0.00550	0.00770	0.00880	0.00990	0.00550	0.00770	0.00990	0.01100	0.01430	0.02531	0.05391	0.02751	0.01320	0.00660	0.00220	0.00440	0.77004	0.00440	0.00440
1	0.01278	0.83490	0.02505	0.00818	0.01227	0.01891	0.00818	0.01431	0.00971	0.01125	0.00664	0.00767	0.00613	0.00409	0.00307	0.00102	0.00511	0.00256	0.00204	0.00613
2	0.00607	0.00486	0.00542	0.00528	0.00671	0.00421	0.00396	0.00767	0.01188	0.01525	0.32925	0.04215	0.51798	0.01123	0.00564	0.00157	0.00236	0.00955	0.00475	0.00421
3	0.00676	0.00489	0.00639	0.00601	0.00714	0.00451	0.00451	0.00902	0.01353	0.01917	0.79969	0.03570	0.04510	0.00977	0.00564	0.00150	0.00225	0.00864	0.00526	0.00451
4	0.01159	0.01123	0.01952	0.08864	0.69961	0.01134	0.05859	0.01452	0.01081	0.01534	0.00899	0.01196	0.00746	0.00428	0.00479	0.00144	0.00587	0.00434	0.00235	0.00734
5	0.01050	0.02216	0.68331	0.07423	0.02093	0.01074	0.01647	0.01557	0.01034	0.07844	0.00940	0.01079	0.00654	0.00467	0.00458	0.00152	0.00677	0.00369	0.00234	0.00702
6	0.00671	0.00488	0.00632	0.00596	0.00711	0.00449	0.00447	0.00892	0.01341	0.01889	0.76607	0.03616	0.07889	0.00988	0.00564	0.00151	0.00226	0.00871	0.00522	0.00449
7	0.00582	0.00416	0.00555	0.00666	0.00693	0.00388	0.00444	0.00666	0.00915	0.01220	0.02634	0.82891	0.03161	0.01497	0.00610	0.00194	0.00277	0.01359	0.00444	0.00388
8	0.01195	0.02095	0.61561	0.01296	0.01927	0.01036	0.05345	0.01671	0.01084	0.16726	0.01061	0.01142	0.00723	0.00478	0.00465	0.00151	0.00654	0.00388	0.00279	0.00724
9	0.01161	0.01250	0.07973	0.02737	0.67689	0.01140	0.08052	0.01476	0.01086	0.01555	0.00902	0.01179	0.00743	0.00426	0.00479	0.00144	0.00599	0.00432	0.00234	0.00744
10	0.01093	0.01312	0.08338	0.01756	0.02123	0.01271	0.51377	0.01425	0.01010	0.01425	0.00865	0.01201	0.00689	0.00526	0.00832	0.00174	0.23228	0.00508	0.00230	0.00616
11	0.01284	0.01198	0.02443	0.01981	0.13743	0.01125	0.55882	0.01637	0.01157	0.12991	0.01090	0.01323	0.00796	0.00434	0.00539	0.00156	0.00713	0.00532	0.00292	0.00686
12	0.01139	0.01090	0.01965	0.20418	0.46131	0.01120	0.15737	0.01450	0.01075	0.03885	0.00931	0.01237	0.00737	0.00438	0.00491	0.00150	0.00623	0.00453	0.00243	0.00687
13	0.01245	0.28615	0.36276	0.01127	0.01632	0.13542	0.01239	0.01629	0.04925	0.04393	0.00870	0.00970	0.00674	0.00460	0.00405	0.00132	0.00639	0.00329	0.00238	0.00660
14	0.00857	0.00558	0.00796	0.03251	0.00957	0.00532	0.04388	0.04153	0.01036	0.10784	0.02346	0.63271	0.02630	0.01266	0.00583	0.00184	0.00340	0.01148	0.00446	0.00474
15	0.01092	0.18120	0.41401	0.01347	0.01903	0.01239	0.18348	0.01499	0.01039	0.04701	0.00961	0.04508	0.00765	0.00484	0.00457	0.00145	0.00659	0.00428	0.00237	0.00665
16	0.01176	0.01129	0.01928	0.04874	0.78334	0.01134	0.01463	0.01461	0.01085	0.01553	0.00898	0.01185	0.00754	0.00427	0.00473	0.00142	0.00570	0.00426	0.00236	0.00752
17	0.00684	0.00508	0.00749	0.00749	0.00828	0.00587	0.00574	0.00842	0.00763	0.01096	0.01297	0.01972	0.01236	0.09605	0.75344	0.00745	0.01218	0.00526	0.00259	0.00416
18	0.01171	0.01123	0.01918	0.06400	0.76851	0.01132	0.01461	0.01456	0.01083	0.01547	0.00897	0.01187	0.00752	0.00428	0.00473	0.00143	0.00571	0.00426	0.00236	0.00747
19	0.01153	0.00895	0.01039	0.00766	0.01173	0.00744	0.00615	0.07084	0.06703	0.07670	0.01028	0.01107	0.00805	0.00409	0.00382	0.00088	0.00372	0.00327	0.00335	0.67302
20	0.00565	0.00484	0.00484	0.00484	0.00646	0.00403	0.00363	0.00686	0.01089	0.01291	0.04842	0.04600	0.80027	0.01210	0.00565	0.00161	0.00242	0.01009	0.00444	0.00403
21	0.01216	0.01196	0.04378	0.00999	0.01268	0.10761	0.00797	0.03549	0.59514	0.01837	0.01794	0.07763	0.01440	0.00685	0.00488	0.00159	0.00445	0.00565	0.00442	0.00703
22	0.00676	0.00489	0.00639	0.00601	0.00714	0.00451	0.00451	0.00902	0.01353	0.01917	0.79969	0.03570	0.04510	0.00977	0.00564	0.00150	0.00225	0.00864	0.00526	0.00451
23	0.01037	0.13650	0.55370	0.01286	0.03641	0.01211	0.04591	0.03996	0.04486	0.01521	0.01058	0.01177	0.03948	0.00489	0.00445	0.00145	0.00640	0.00387	0.00236	0.00685
24	0.01183	0.01136	0.01940	0.02934	0.80221	0.01136	0.01467	0.01467	0.01088	0.01562	0.00899	0.01183	0.00757	0.00426	0.00473	0.00142	0.00568	0.00426	0.00237	0.00757
25	0.01113	0.01028	0.01415	0.01183	0.01282	0.01321	0.03318	0.02772	0.06240	0.04616	0.00814	0.01125	0.00723	0.00746	0.01273	0.00187	0.60859	0.00420	0.00258	0.09308
26	0.00636	0.00716	0.12175	0.00762	0.00891	0.00493	0.00633	0.00789	0.00933	0.01264	0.02433	0.69024	0.04751	0.01339	0.00586	0.00187	0.00339	0.01204	0.00409	0.00435
27	0.00998	0.12553	0.70993	0.01295	0.01964	0.01207	0.01648	0.01503	0.01004	0.01465	0.00834	0.00979	0.00606	0.00448	0.00436	0.00145	0.00682	0.00341	0.00202	0.00695
28	0.00939	0.00623	0.00717	0.00613	0.00831	0.00565	0.00474	0.01244	0.07034	0.05299	0.22103	0.02040	0.01972	0.00623	0.00418	0.00116	0.00278	0.00522	0.30642	0.22947
29	0.01039	0.01018	0.04759	0.34174	0.20847	0.01089	0.01185	0.01636	0.22320	0.01557	0.04699	0.01482	0.01061	0.00533	0.00482	0.00155	0.00535	0.00473	0.00306	0.00650
30	0.00612	0.00479	0.00561	0.00578	0.00697	0.00418	0.00417	0.00746	0.01082	0.01408	0.19340	0.29947	0.35826	0.01219	0.00570	0.00166	0.00255	0.01062	0.00454	0.04163
31	0.01278	0.83490	0.02505	0.00818	0.01227	0.01891	0.00818	0.01431	0.00971	0.01125	0.00664	0.00767	0.00613	0.00409	0.00307	0.00102	0.00511	0.00256	0.00204	0.00613
32	0.00680	0.00564	0.04179	0.00619	0.00753	0.00466	0.00490	0.00889	0.01224	0.01726	0.51970	0.14036	0.12311	0.01018	0.00548	0.00155	0.00256	0.00893	0.06774	0.00448
33	0.86579	0.00924	0.00702	0.00629	0.00924	0.01072	0.00518	0.01405	0.00813	0.02144	0.00666	0.00776	0.00518	0.00444	0.00296	0.00148	0.00370	0.00259	0.00296	0.00518
34	0.01121	0.00977	0.01262	0.10591	0.01471	0.01213	0.00940	0.13164	0.16764	0.01635	0.01224	0.01706	0.01065	0.00970	0.07003	0.00227	0.30099	0.07636	0.00331	0.00600
35	0.00638	0.00456	0.00619	0.00729	0.00781	0.00436	0.00540	0.00762	0.00970	0.01282	0.02604	0.59920	0.03040	0.01445	0.00625	0.00202	0.00326	0.23779	0.00443	0.00404
36	0.00642	0.00459	0.00624	0.00734	0.00788	0.00440	0.00548	0.00769	0.00974	0.01287	0.02601	0.58107	0.03030	0.01441	0.00626	0.00202	0.00329	0.25549	0.00443	0.00405
37	0.00696	0.00488	0.00542	0.00523	0.00667	0.00433	0.00394	0.00868	0.01163	0.03683	0.27267	0.03732	0.41526	0.01013	0.00524	0.00149	0.00238	0.00856	0.14802	0.00436
38	0.01513	0.01188	0.01263	0.01038	0.01366	0.01340	0.00835	0.41750	0.39620	0.02521	0.01534	0.01456	0.01126	0.00610	0.00482	0.00152	0.00454	0.00484	0.00482	0.00786
39	0.01278	0.83490	0.02505	0.00818	0.01227	0.01891	0.00818	0.01431	0.00971	0.01125	0.00664	0.00767	0.00613	0.00409	0.00307	0.00102	0.00511	0.00256	0.00204	0.00613
40	0.00979	0.00839	0.00977	0.00702	0.01119	0.00631	0.00561	0.01189	0.00994	0.01550	0.00959	0.01090	0.02889	0.00378	0.00360	0.00073	0.00351	0.00303	0.00288	0.83767
41	0.01785	0.02278	0.01354	0.01231	0.01478	0.81284	0.00924	0.01909	0.01354	0.01170	0.00739	0.00862	0.00616	0.00493	0.00431	0.00123	0.00862	0.00308	0.00246	0.00554
42	0.01157	0.43926	0.01768	0.00846	0.01139	0.03597	0.00758	0.10317	0.01064	0.01342	0.00929	0.01185	0.00831	0.01490	0.27352	0.00330	0.00779	0.00363	0.00255	0.00573
43	0.00656	0.00450	0.00547	0.00585	0.00599	0.00446	0.00360	0.00695	0.00774	0.01037	0.01875	0.30102	0.02188	0.50741	0.06524	0.00390	0.00449	0.00909	0.00340	0.00331
44	0.01248	0.63343	0.11537	0.00956	0.03156	0.04332	0.00943	0.01539	0.06762	0.01246	0.00789	0.00883	0.00678	0.00435	0.00345	0.00114	0.00537	0.00294	0.00227	0.00636
45	0.01146	0.49909	0.34926	0.01044	0.01576	0.01567	0.01211	0.01465	0.00987	0.01286	0.00745	0.00867	0.00610	0.00428	0.00368	0.00123	0.00592	0.00296	0.00203	0.00652

[dist]
# distance from previous block
# <min> <max>
0	1

[block]
# block no. 1 follows, 53 sequences, length 113
# corresponding to MSA columns:
# 74-186
name=unknown_B
#
# <colnr> <probs for GDERKNQSTAVLIFYWHMCP>
#	G	D	E	R	K	N	Q	S	T	A	V	L	I	F	Y	W	H	M	C	P
0	0.03245	0.01748	0.37506	0.05883	0.08941	0.01123	0.24696	0.03473	0.01097	0.06327	0.00958	0.01157	0.00694	0.00449	0.00488	0.00153	0.00690	0.00434	0.00250	0.00687
1	0.00629	0.00452	0.00595	0.00692	0.00743	0.00429	0.00499	0.00739	0.00950	0.01250	0.02663	0.56487	0.07332	0.06827	0.00738	0.00216	0.00323	0.17609	0.00433	0.00394
2	0.01131	0.01000	0.01678	0.31013	0.46202	0.01067	0.01347	0.01417	0.01058	0.06375	0.01022	0.01312	0.02336	0.00471	0.00477	0.00149	0.00576	0.00441	0.00254	0.00673
3	0.01473	0.18260	0.21799	0.01185	0.06538	0.09931	0.01097	0.10878	0.05691	0.17036	0.01105	0.01136	0.00803	0.00499	0.00433	0.00137	0.00576	0.00378	0.00334	0.00711
4	0.01589	0.28825	0.04746	0.01097	0.01418	0.49735	0.00920	0.04172	0.01244	0.01226	0.00732	0.00845	0.00621	0.00466	0.00393	0.00118	0.00731	0.00296	0.00238	0.00587
5	0.01014	0.00952	0.01560	0.44937	0.26539	0.01078	0.03211	0.01422	0.08684	0.01434	0.03843	0.01380	0.00897	0.00495	0.00483	0.00154	0.00580	0.00456	0.00259	0.00622
6	0.01021	0.02386	0.76566	0.01336	0.02024	0.01089	0.01710	0.01556	0.01028	0.05643	0.00911	0.01041	0.00636	0.00461	0.00455	0.00151	0.00691	0.00360	0.00222	0.00712
7	0.01194	0.07554	0.22349	0.01702	0.15113	0.04547	0.23158	0.06018	0.09322	0.02892	0.01023	0.01193	0.00776	0.00462	0.00482	0.00148	0.00654	0.00442	0.00273	0.00697
8	0.00683	0.00512	0.00768	0.00768	0.00853	0.00597	0.00597	0.00853	0.00768	0.01110	0.01280	0.01878	0.01195	0.03585	0.81308	0.00768	0.01280	0.00512	0.00256	0.00427
9	0.00604	0.00435	0.00572	0.00645	0.00697	0.00403	0.00443	0.00721	0.01023	0.01385	0.20797	0.61854	0.05911	0.01367	0.00598	0.00183	0.00264	0.01232	0.00463	0.00403
10	0.05440	0.00653	0.00849	0.00816	0.00968	0.00656	0.04484	0.03381	0.12843	0.10465	0.02214	0.48800	0.02343	0.01126	0.00555	0.00179	0.00350	0.02903	0.00450	0.00525
11	0.01595	0.30523	0.09769	0.01043	0.03011	0.18319	0.02513	0.03240	0.01195	0.22934	0.01054	0.01073	0.00778	0.00484	0.00407	0.00127	0.00584	0.00351	0.00325	0.00672
12	0.00587	0.00419	0.00558	0.00663	0.00694	0.00391	0.00444	0.00676	0.00935	0.01252	0.06173	0.79262	0.03223	0.01474	0.00608	0.00192	0.00275	0.01336	0.00447	0.00391
13	0.01200	0.01032	0.01087	0.00975	0.01247	0.01194	0.00759	0.03917	0.77962	0.02018	0.01931	0.01772	0.01447	0.00647	0.00486	0.00162	0.00381	0.00538	0.00486	0.00758
14	0.00903	0.00850	0.01434	0.82054	0.03292	0.01062	0.01327	0.01221	0.00956	0.01221	0.00850	0.01274	0.00637	0.00478	0.00478	0.00159	0.00637	0.00425	0.00212	0.00531
15	0.01201	0.63953	0.21367	0.00949	0.01430	0.01703	0.01046	0.01451	0.00980	0.01218	0.00711	0.00825	0.00611	0.00420	0.00342	0.00114	0.00558	0.00279	0.00204	0.00636
16	0.01785	0.02278	0.01354	0.01231	0.01478	0.81284	0.00924	0.01909	0.01354	0.01170	0.00739	0.00862	0.00616	0.00493	0.00431	0.00123	0.00862	0.00308	0.00246	0.00554
17	0.01019	0.00790	0.00896	0.00811	0.01019	0.00855	0.00625	0.01841	0.42820	0.05720	0.34760	0.02527	0.02729	0.00784	0.00519	0.00156	0.00315	0.00674	0.00508	0.00631
18	0.01128	0.01289	0.02820	0.02015	0.02498	0.01209	0.78485	0.01531	0.01128	0.01531	0.00967	0.01289	0.00725	0.00403	0.00564	0.00161	0.00806	0.00564	0.00242	0.00645
19	0.00582	0.00416	0.00555	0.00666	0.00693	0.00388	0.00444	0.00666	0.00915	0.01220	0.02634	0.82891	0.03161	0.01497	0.00610	0.00194	0.00277	0.01359	0.00444	0.00388
20	0.00581	0.00420	0.00551	0.00656	0.00691	0.00389	0.00439	0.00667	0.00924	0.01224	0.02750	0.78773	0.07203	0.01482	0.00608	0.00192	0.00275	0.01340	0.00444	0.00389
21	0.00620	0.00486	0.00562	0.00553	0.00688	0.00428	0.00417	0.00789	0.01199	0.01565	0.37278	0.06566	0.42484	0.01122	0.00569	0.00159	0.00242	0.03368	0.00479	0.00425
22	0.01785	0.02278	0.01354	0.01231	0.01478	0.81284	0.00924	0.01909	0.01354	0.01170	0.00739	0.00862	0.00616	0.00493	0.00431	0.00123	0.00862	0.00308	0.00246	0.00554
23	0.08777	0.04573	0.06360	0.00985	0.01378	0.01187	0.00860	0.39268	0.01711	0.28147	0.01311	0.01250	0.00889	0.00555	0.00455	0.00144	0.00485	0.00421	0.00472	0.00774
24	0.00582	0.00481	0.00510	0.00510	0.00658	0.00409	0.00380	0.00716	0.01118	0.01376	0.15382	0.08571	0.65273	0.01192	0.00567	0.00162	0.00242	0.01007	0.00456	0.00409
25	0.00830	0.00415	0.00623	0.00623	0.00623	0.00415	0.00415	0.00623	0.00623	0.00830	0.00830	0.01453	0.00830	0.01660	0.01868	0.86094	0.00415	0.00415	0.00208	0.00208
26	0.01025	0.02133	0.59346	0.01563	0.05758	0.01125	0.17843	0.01529	0.01044	0.02887	0.00900	0.01087	0.00648	0.00444	0.00479	0.00153	0.00716	0.00403	0.00219	0.00698
27	0.00613	0.00464	0.00676	0.00735	0.00789	0.00433	0.04548	0.00717	0.00937	0.01254	0.04467	0.76630	0.03067	0.01427	0.00606	0.00191	0.00304	0.01305	0.00435	0.00403
28	0.01045	0.00895	0.01084	0.00779	0.01203	0.00708	0.03411	0.05813	0.01071	0.01643	0.00871	0.01011	0.00715	0.00369	0.00369	0.00078	0.00381	0.00302	0.00293	0.77960
29	0.01186	0.00993	0.01058	0.00950	0.01214	0.01138	0.00739	0.02448	0.73319	0.03945	0.06047	0.01873	0.01613	0.00664	0.00490	0.00161	0.00371	0.00556	0.00491	0.00742
30	0.00959	0.02472	0.80726	0.01362	0.02069	0.01110	0.01766	0.01514	0.01009	0.01514	0.00858	0.01009	0.00605	0.00454	0.00454	0.00151	0.00706	0.00353	0.00202	0.00706
31	0.00903	0.00850	0.01434	0.82054	0.03292	0.01062	0.01327	0.01221	0.00956	0.01221	0.00850	0.01274	0.00637	0.00478	0.00478	0.00159	0.00637	0.00425	0.00212	0.00531
32	0.00681	0.00610	0.05896	0.00659	0.00796	0.00488	0.00534	0.00892	0.01216	0.01699	0.54220	0.14119	0.07473	0.05359	0.00664	0.00175	0.00284	0.03311	0.00475	0.00448
33	0.01203	0.59741	0.23680	0.00975	0.01460	0.03430	0.01077	0.01464	0.00990	0.01231	0.00719	0.00835	0.00611	0.00423	0.00349	0.00116	0.00572	0.00283	0.00205	0.00637
34	0.00959	0.02472	0.80726	0.01362	0.02069	0.01110	0.01766	0.01514	0.01009	0.01514	0.00858	0.01009	0.00605	0.00454	0.00454	0.00151	0.00706	0.00353	0.00202	0.00706
35	0.01468	0.01042	0.01159	0.00935	0.01192	0.01176	0.00764	0.45087	0.01681	0.04363	0.01209	0.01320	0.00910	0.00605	0.00585	0.00144	0.11407	0.00434	0.23847	0.00673
36	0.00578	0.00485	0.00503	0.00498	0.00654	0.00409	0.00374	0.00712	0.01121	0.01365	0.13744	0.04478	0.71079	0.01183	0.00565	0.00160	0.00240	0.00992	0.00454	0.00409
37	0.00676	0.00489	0.00639	0.00601	0.00714	0.00451	0.00451	0.00902	0.01353	0.01917	0.79969	0.03570	0.04510	0.00977	0.00564	0.00150	0.00225	0.00864	0.00526	0.00451
38	0.02042	0.00791	0.01076	0.00833	0.01185	0.00685	0.00685	0.02230	0.01367	0.75077	0.07322	0.01762	0.01415	0.00618	0.00486	0.00148	0.00394	0.00507	0.00587	0.00788
39	0.01183	0.01136	0.01940	0.02934	0.80221	0.01136	0.01467	0.01467	0.01088	0.01562	0.00899	0.01183	0.00757	0.00426	0.00473	0.00142	0.00568	0.00426	0.00237	0.00757
40	0.00592	0.00423	0.00566	0.00677	0.00709	0.00397	0.00461	0.00683	0.00925	0.01231	0.02629	0.78768	0.03139	0.01488	0.00613	0.00195	0.00286	0.05382	0.00443	0.00391
41	0.00991	0.00850	0.00991	0.00708	0.01133	0.00637	0.00566	0.01203	0.00991	0.01557	0.00850	0.00991	0.00708	0.00354	0.00354	0.00071	0.00354	0.00283	0.00283	0.86124
42	0.03314	0.01630	0.36928	0.01379	0.12216	0.00978	0.03732	0.01679	0.03931	0.18252	0.01118	0.01192	0.00792	0.00473	0.00452	0.00141	0.00567	0.00393	0.00312	0.10522
43	0.01155	0.00859	0.01018	0.00736	0.01153	0.00669	0.00593	0.03523	0.01072	0.11200	0.00984	0.01073	0.00769	0.00389	0.00373	0.00082	0.00365	0.00311	0.00326	0.73350
44	0.01232	0.01082	0.01358	0.08441	0.18292	0.04179	0.03148	0.08802	0.37566	0.03814	0.04027	0.01626	0.03108	0.00589	0.00486	0.00154	0.00477	0.00508	0.00395	0.00714
45	0.01259	0.00862	0.00969	0.00862	0.01094	0.00936	0.00660	0.02092	0.46796	0.16560	0.01876	0.02152	0.01512	0.16074	0.00856	0.00218	0.00402	0.03686	0.00468	0.00667
46	0.00908	0.00585	0.00735	0.00644	0.00835	0.00518	0.00496	0.01140	0.03153	0.12340	0.49034	0.04340	0.11789	0.00879	0.00527	0.00143	0.00271	0.00762	0.00496	0.10404
47	0.00582	0.00418	0.00553	0.00661	0.00692	0.00389	0.00442	0.00666	0.00919	0.01222	0.02687	0.81008	0.05010	0.01491	0.00609	0.00193	0.00276	0.01350	0.00444	0.00389
48	0.00991	0.00850	0.00991	0.00708	0.01133	0.00637	0.00566	0.01203	0.00991	0.01557	0.00850	0.00991	0.00708	0.00354	0.00354	0.00071	0.00354	0.00283	0.00283	0.86124
49	0.00903	0.00850	0.01434	0.82054	0.03292	0.01062	0.01327	0.01221	0.00956	0.01221	0.00850	0.01274	0.00637	0.00478	0.00478	0.00159	0.00637	0.00425	0.00212	0.00531
50	0.01315	0.00653	0.00851	0.00776	0.00971	0.00606	0.00587	0.07811	0.01208	0.33377	0.02209	0.43315	0.02168	0.01055	0.00547	0.00171	0.00350	0.00927	0.00506	0.00595
51	0.00917	0.00865	0.01460	0.77893	0.07337	0.01066	0.01335	0.01234	0.00963	0.01239	0.00852	0.01269	0.00643	0.00475	0.00478	0.00158	0.00633	0.00425	0.00214	0.00543
52	0.01183	0.01136	0.01940	0.02934	0.80221	0.01136	0.01467	0.01467	0.01088	0.01562	0.00899	0.01183	0.00757	0.00426	0.00473	0.00142	0.00568	0.00426	0.00237	0.00757
53	0.00708	0.00527	0.00659	0.00640	0.00779	0.00460	0.00463	0.00866	0.01065	0.01520	0.24550	0.37400	0.04803	0.01061	0.00530	0.00152	0.00274	0.00943	0.04927	0.17674
54	0.00991	0.00850	0.00991	0.00708	0.01133	0.00637	0.00566	0.01203	0.00991	0.01557	0.00850	0.00991	0.00708	0.00354	0.00354	0.00071	0.00354	0.00283	0.00283	0.86124
55	0.44822	0.00873	0.06048	0.00717	0.00976	0.00841	0.03401	0.01224	0.01045	0.01993	0.31150	0.01884	0.02064	0.00648	0.00419	0.00150	0.00352	0.00509	0.00376	0.00509
56	0.01029	0.00841	0.00989	0.00711	0.01128	0.00636	0.00569	0.01241	0.01012	0.04562	0.02367	0.01063	0.00797	0.00375	0.00363	0.00075	0.00354	0.00302	0.00299	0.81286
57	0.01086	0.01037	0.01766	0.30185	0.53724	0.01110	0.01419	0.01382	0.01043	0.01444	0.00882	0.01214	0.00716	0.00444	0.00475	0.00148	0.00592	0.00425	0.00228	0.00679
58	0.01038	0.00851	0.01053	0.00760	0.01173	0.00655	0.03526	0.01256	0.01027	0.05173	0.03769	0.01125	0.00868	0.00389	0.00375	0.00081	0.00369	0.00324	0.00304	0.75883
59	0.00627	0.00453	0.00605	0.00701	0.00756	0.00423	0.00500	0.00737	0.00947	0.01266	0.02553	0.67615	0.03007	0.01428	0.00609	0.00194	0.00306	0.13332	0.00437	0.03504
60	0.01189	0.01027	0.01081	0.00973	0.01243	0.01189	0.00757	0.02540	0.79357	0.01999	0.01945	0.01783	0.01459	0.00648	0.00486	0.00162	0.00378	0.00540	0.00486	0.00757
61	0.01183	0.01136	0.01940	0.02934	0.80221	0.01136	0.01467	0.01467	0.01088	0.01562	0.00899	0.01183	0.00757	0.00426	0.00473	0.00142	0.00568	0.00426	0.00237	0.00757
62	0.00830	0.00415	0.00623	0.00623	0.00623	0.00415	0.00415	0.00623	0.00623	0.00830	0.00830	0.01453	0.00830	0.01660	0.01868	0.86094	0.00415	0.00415	0.00208	0.00208
63	0.00975	0.02356	0.73065	0.01426	0.02111	0.01120	0.09310	0.01515	0.01021	0.01515	0.00868	0.01037	0.00617	0.00449	0.00465	0.00152	0.00716	0.00374	0.00206	0.00700
64	0.01107	0.01552	0.24752	0.02285	0.41106	0.01144	0.18076	0.01494	0.01074	0.01541	0.00902	0.01156	0.00707	0.00429	0.00487	0.00149	0.00659	0.00435	0.00228	0.00718
65	0.00682	0.00464	0.00519	0.00521	0.00535	0.00457	0.00299	0.00694	0.00732	0.00963	0.01805	0.04734	0.08278	0.74860	0.02243	0.00433	0.00442	0.00734	0.00305	0.00301
66	0.02144	0.00813	0.01109	0.00850	0.01220	0.00702	0.00702	0.02329	0.01368	0.80552	0.01886	0.01627	0.01183	0.00592	0.00481	0.00148	0.00407	0.00481	0.00592	0.00813
67	0.01148	0.01107	0.01923	0.02756	0.71129	0.01101	0.06279	0.01429	0.01082	0.01542	0.00995	0.05487	0.00882	0.00481	0.00486	0.00146	0.00568	0.00484	0.00248	0.00731
68	0.01196	0.04914	0.46322	0.01440	0.13330	0.01025	0.01413	0.01601	0.01083	0.15685	0.01160	0.04588	0.00896	0.00540	0.00468	0.00151	0.00600	0.02585	0.00294	0.00709
69	0.01183	0.01136	0.01940	0.02934	0.80221	0.01136	0.01467	0.01467	0.01088	0.01562	0.00899	0.01183	0.00757	0.00426	0.00473	0.00142	0.00568	0.00426	0.00237	0.00757
70	0.86579	0.00924	0.00702	0.00629	0.00924	0.01072	0.00518	0.01405	0.00813	0.02144	0.00666	0.00776	0.00518	0.00444	0.00296	0.00148	0.00370	0.00259	0.00296	0.00518
71	0.00566	0.00479	0.00489	0.00497	0.00649	0.00402	0.00369	0.00684	0.01077	0.01286	0.04681	0.10293	0.74437	0.01231	0.00568	0.00164	0.00245	0.01034	0.00444	0.00402
72	0.01229	0.01098	0.01589	0.02093	0.46656	0.01154	0.01164	0.10561	0.21631	0.01840	0.02737	0.01486	0.03529	0.00536	0.00482	0.00148	0.00497	0.00483	0.00341	0.00747
73	0.01183	0.01136	0.01940	0.02934	0.80221	0.01136	0.01467	0.01467	0.01088	0.01562	0.00899	0.01183	0.00757	0.00426	0.00473	0.00142	0.00568	0.00426	0.00237	0.00757
74	0.01062	0.01006	0.01675	0.37162	0.42687	0.01106	0.01369	0.01417	0.05147	0.01437	0.00933	0.01254	0.00742	0.00460	0.00476	0.00151	0.00588	0.00431	0.00239	0.00659
75	0.01172	0.01084	0.01589	0.02074	0.45559	0.04490	0.03942	0.01668	0.17563	0.03573	0.09812	0.01569	0.01318	0.00538	0.00486	0.00146	0.00504	0.00497	0.00331	0.02086
76	0.01086	0.01033	0.01743	0.30392	0.51515	0.01111	0.01401	0.01408	0.02985	0.01454	0.00908	0.01230	0.00733	0.00449	0.00475	0.00148	0.00587	0.00428	0.00234	0.00678
77	0.01200	0.63757	0.21556	0.00950	0.01432	0.01701	0.01049	0.01451	0.00980	0.01219	0.00712	0.00826	0.00611	0.00420	0.00343	0.00114	0.00559	0.00279	0.00204	0.00636
78	0.01183	0.01136	0.01940	0.02934	0.80221	0.01136	0.01467	0.01467	0.01088	0.01562	0.00899	0.01183	0.00757	0.00426	0.00473	0.00142	0.00568	0.00426	0.00237	0.00757
79	0.01183	0.01136	0.01940	0.02934	0.80221	0.01136	0.01467	0.01467	0.01088	0.01562	0.00899	0.01183	0.00757	0.00426	0.00473	0.00142	0.00568	0.00426	0.00237	0.00757
80	0.00906	0.00767	0.00860	0.00841	0.04259	0.04946	0.00608	0.01457	0.24118	0.01887	0.49689	0.02805	0.03256	0.00832	0.00530	0.00152	0.00318	0.00722	0.00488	0.00559
81	0.00704	0.00493	0.00716	0.00716	0.00778	0.00555	0.00532	0.00801	0.00739	0.01048	0.01250	0.01988	0.01218	0.13956	0.60128	0.12167	0.01055	0.00524	0.00254	0.00379
82	0.01278	0.83490	0.02505	0.00818	0.01227	0.01891	0.00818	0.01431	0.00971	0.01125	0.00664	0.00767	0.00613	0.00409	0.00307	0.00102	0.00511	0.00256	0.00204	0.00613
83	0.01092	0.15489	0.45365	0.01141	0.01710	0.02327	0.02758	0.03210	0.03539	0.03729	0.00895	0.01014	0.00674	0.00442	0.00417	0.00130	0.00597	0.00340	0.00243	0.14887
84	0.00872	0.00919	0.11513	0.00824	0.01064	0.00765	0.00730	0.01480	0.24812	0.01872	0.43387	0.02746	0.03011	0.00819	0.00529	0.00156	0.00343	0.03114	0.00468	0.00577
85	0.00613	0.00438	0.00589	0.00700	0.00741	0.00414	0.00496	0.00718	0.00945	0.01254	0.02618	0.70416	0.03095	0.01469	0.00618	0.00198	0.00304	0.13535	0.00443	0.00397
86	0.10281	0.67749	0.09072	0.00845	0.01267	0.01737	0.00868	0.01436	0.00958	0.01266	0.00681	0.00789	0.00603	0.00416	0.00318	0.00111	0.00513	0.00264	0.00214	0.00611
87	0.01183	0.01136	0.01940	0.02934	0.80221	0.01136	0.01467	0.01467	0.01088	0.01562	0.00899	0.01183	0.00757	0.00426	0.00473	0.00142	0.00568	0.00426	0.00237	0.00757
88	0.00830	0.00415	0.00623	0.00623	0.00623	0.00415	0.00415	0.00623	0.00623	0.00830	0.00830	0.01453	0.00830	0.01660	0.01868	0.86094	0.00415	0.00415	0.00208	0.00208
89	0.00676	0.00489	0.00639	0.00601	0.00714	0.00451	0.00451	0.00902	0.01353	0.01917	0.79969	0.03570	0.04510	0.00977	0.00564	0.00150	0.00225	0.00864	0.00526	0.00451
90	0.01033	0.00848	0.00995	0.00713	0.01136	0.00640	0.00571	0.01244	0.01005	0.04421	0.00887	0.01014	0.00725	0.00363	0.00359	0.00074	0.00356	0.00290	0.00294	0.83032
91	0.01189	0.01027	0.01081	0.00973	0.01243	0.01189	0.00757	0.02540	0.79357	0.01999	0.01945	0.01783	0.01459	0.00648	0.00486	0.00162	0.00378	0.00540	0.00486	0.00757
92	0.00683	0.00512	0.00768	0.00768	0.00853	0.00597	0.00597	0.00853	0.00768	0.01110	0.01280	0.01878	0.01195	0.03585	0.81308	0.00768	0.01280	0.00512	0.00256	0.00427
93	0.86579	0.00924	0.00702	0.00629	0.00924	0.01072	0.00518	0.01405	0.00813	0.02144	0.00666	0.00776	0.00518	0.00444	0.00296	0.00148	0.00370	0.00259	0.00296	0.00518
94	0.00690	0.00485	0.00631	0.00631	0.00669	0.00523	0.00426	0.00765	0.00728	0.01008	0.01406	0.02573	0.01497	0.47861	0.37445	0.00599	0.00826	0.00614	0.00275	0.00350
95	0.01142	0.01185	0.02291	0.07304	0.41859	0.01163	0.34878	0.01480	0.01098	0.01528	0.00926	0.01235	0.00736	0.00419	0.00513	0.00151	0.00675	0.00486	0.00237	0.00695
96	0.00934	0.00886	0.01471	0.69906	0.08480	0.01100	0.01314	0.01232	0.00947	0.01239	0.00835	0.01249	0.00645	0.00504	0.00567	0.00162	0.07345	0.00424	0.00214	0.00546
97	0.01497	0.00721	0.00942	0.00785	0.01010	0.00701	0.00609	0.07206	0.01154	0.40399	0.01608	0.01978	0.01277	0.20679	0.15121	0.00332	0.02388	0.00532	0.00445	0.00615
98	0.01123	0.16455	0.28322	0.01980	0.35851	0.01267	0.05500	0.01479	0.01043	0.01465	0.00847	0.01056	0.00679	0.00431	0.00442	0.00139	0.00616	0.00378	0.00219	0.00708
99	0.02121	0.00852	0.01133	0.00869	0.01239	0.00759	0.00717	0.07878	0.01432	0.74913	0.01832	0.01592	0.01156	0.00590	0.00480	0.00148	0.00415	0.00477	0.00583	0.00813
100	0.00993	0.05005	0.76647	0.01335	0.02025	0.01127	0.01715	0.01527	0.01015	0.03092	0.00872	0.01014	0.00617	0.00455	0.00450	0.00150	0.00694	0.00353	0.00210	0.00706
101	0.01149	0.01101	0.01878	0.12603	0.70819	0.01127	0.01450	0.01437	0.01072	0.01520	0.00893	0.01194	0.00742	0.00432	0.00474	0.00144	0.00576	0.00426	0.00234	0.00729
102	0.01244	0.11215	0.42091	0.01331	0.01898	0.01163	0.15698	0.03991	0.01122	0.14240	0.01030	0.01137	0.00728	0.00465	0.00463	0.00147	0.00649	0.00404	0.00281	0.00705
103	0.01164	0.01116	0.01906	0.08298	0.75005	0.01131	0.01457	0.01450	0.01079	0.01538	0.00896	0.01189	0.00749	0.00429	0.00473	0.00143	0.00573	0.00426	0.00235	0.00742
104	0.01227	0.62631	0.18485	0.00986	0.03024	0.04230	0.01029	0.01464	0.00993	0.01215	0.00711	0.00828	0.00615	0.00421	0.00344	0.00114	0.00563	0.00281	0.00206	0.00633
105	0.00830	0.00415	0.00623	0.00623	0.00623	0.00415	0.00415	0.00623	0.00623	0.00830	0.00830	0.01453	0.00830	0.01660	0.01868	0.86094	0.00415	0.00415	0.00208	0.00208
106	0.00678	0.00487	0.00623	0.00589	0.00704	0.00448	0.00442	0.00898	0.01325	0.01876	0.72768	0.03560	0.08632	0.00974	0.00555	0.00149	0.00226	0.00857	0.03760	0.00448
107	0.00585	0.00421	0.00556	0.00662	0.00697	0.00392	0.00446	0.00672	0.00926	0.01227	0.02723	0.78304	0.06298	0.01483	0.00609	0.00193	0.00279	0.02695	0.00444	0.00390
108	0.00978	0.07460	0.75911	0.01329	0.02017	0.01158	0.01708	0.01509	0.01007	0.01490	0.00846	0.00994	0.00606	0.00451	0.00445	0.00148	0.00694	0.00347	0.00202	0.00701
109	0.00676	0.00489	0.00639	0.00601	0.00714	0.00451	0.00451	0.00902	0.01353	0.01917	0.79969	0.03570	0.04510	0.00977	0.00564	0.00150	0.00225	0.00864	0.00526	0.00451
110	0.00991	0.00850	0.00991	0.00708	0.01133	0.00637	0.00566	0.01203	0.00991	0.01557	0.00850	0.00991	0.00708	0.00354	0.00354	0.00071	0.00354	0.00283	0.00283	0.86124
111	0.01134	0.01286	0.03955	0.02140	0.14023	0.01196	0.65811	0.01521	0.01120	0.01535	0.00955	0.01269	0.00728	0.00407	0.00549	0.00158	0.00769	0.00540	0.00240	0.00662
112	0.01785	0.02278	0.01354	0.01231	0.01478	0.81284	0.00924	0.01909	0.01354	0.01170	0.00739	0.00862	0.00616	0.00493	0.00431	0.00123	0.00862	0.00308	0.00246	0.00554

[dist]
# distance from previous block
# <min> <max>
0	1

[block]
# block no. 2 follows, 53 sequences, length 94
# corresponding to MSA columns:
# 188-281
name=unknown_C
#
# <colnr> <probs for GDERKNQSTAVLIFYWHMCP>
#	G	D	E	R	K	N	Q	S	T	A	V	L	I	F	Y	W	H	M	C	P
0	0.01278	0.83490	0.02505	0.00818	0.01227	0.01891	0.00818	0.01431	0.00971	0.01125	0.00664	0.00767	0.00613	0.00409	0.00307	0.00102	0.00511	0.00256	0.00204	0.00613
1	0.00991	0.00850	0.00991	0.00708	0.01133	0.00637	0.00566	0.01203	0.00991	0.01557	0.00850	0.00991	0.00708	0.00354	0.00354	0.00071	0.00354	0.00283	0.00283	0.86124
2	0.01283	0.01448	0.01073	0.01039	0.01215	0.42956	0.00812	0.01441	0.01167	0.01229	0.01354	0.03777	0.01342	0.01319	0.15853	0.00273	0.00818	0.20802	0.00303	0.00496
3	0.01069	0.01256	0.16035	0.22781	0.07564	0.01137	0.01147	0.01922	0.38345	0.01671	0.01377	0.01461	0.01032	0.00551	0.00477	0.00158	0.00522	0.00467	0.00343	0.00687
4	0.01278	0.83490	0.02505	0.00818	0.01227	0.01891	0.00818	0.01431	0.00971	0.01125	0.00664	0.00767	0.00613	0.00409	0.00307	0.00102	0.00511	0.00256	0.00204	0.00613
5	0.00787	0.00585	0.00866	0.00933	0.01061	0.00581	0.04394	0.01015	0.01102	0.01435	0.02458	0.05200	0.02656	0.01278	0.00656	0.00217	0.00457	0.73440	0.00431	0.00450
6	0.00695	0.00463	0.00521	0.00521	0.00521	0.00463	0.00290	0.00695	0.00695	0.00927	0.01506	0.03128	0.01738	0.83203	0.02433	0.00463	0.00463	0.00695	0.00290	0.00290
7	0.01238	0.01200	0.02402	0.02180	0.25419	0.01141	0.48509	0.01585	0.01138	0.08800	0.01031	0.01289	0.00777	0.00427	0.00529	0.00154	0.00699	0.00515	0.00272	0.00693
8	0.01096	0.01654	0.32486	0.02324	0.49921	0.01126	0.01583	0.01485	0.01058	0.01543	0.00883	0.01116	0.00698	0.00437	0.00466	0.00146	0.00622	0.00398	0.00223	0.00737
9	0.01183	0.01136	0.01940	0.02934	0.80221	0.01136	0.01467	0.01467	0.01088	0.01562	0.00899	0.01183	0.00757	0.00426	0.00473	0.00142	0.00568	0.00426	0.00237	0.00757
10	0.00840	0.00708	0.01031	0.28362	0.11633	0.00739	0.00862	0.01056	0.01058	0.05004	0.02753	0.02943	0.36023	0.00840	0.00524	0.00160	0.00433	0.04171	0.00346	0.00512
11	0.01263	0.79712	0.06152	0.00843	0.01266	0.01855	0.00862	0.01435	0.00973	0.01143	0.00673	0.00778	0.00613	0.00411	0.00314	0.00105	0.00520	0.00260	0.00204	0.00618
12	0.00655	0.00434	0.00580	0.00674	0.00718	0.00403	0.00456	0.00743	0.00936	0.04919	0.02599	0.79101	0.03069	0.01455	0.00604	0.00192	0.00283	0.01318	0.00451	0.00408
13	0.00951	0.00899	0.01521	0.68370	0.16597	0.01075	0.01352	0.01264	0.00979	0.01280	0.00858	0.01258	0.00658	0.00469	0.00477	0.00156	0.00625	0.00425	0.00217	0.00570
14	0.01361	0.04026	0.01104	0.00958	0.01191	0.44237	0.00731	0.08556	0.01333	0.01378	0.02118	0.03611	0.26002	0.00745	0.00478	0.00138	0.00612	0.00561	0.00333	0.00529
15	0.00987	0.09569	0.73874	0.01315	0.01995	0.01178	0.01683	0.01506	0.01006	0.01480	0.00841	0.00988	0.00606	0.00450	0.00441	0.00147	0.00689	0.00345	0.00202	0.00698
16	0.01051	0.01007	0.01730	0.39609	0.42330	0.01104	0.03588	0.01355	0.01028	0.01403	0.00878	0.01228	0.00701	0.00449	0.00478	0.00151	0.00607	0.00429	0.00226	0.00649
17	0.00669	0.00488	0.00628	0.00593	0.00709	0.00448	0.00445	0.00887	0.01334	0.01872	0.74621	0.03644	0.09886	0.00994	0.00564	0.00151	0.00227	0.00875	0.00520	0.00448
18	0.02144	0.00813	0.01109	0.00850	0.01220	0.00702	0.00702	0.02329	0.01368	0.80552	0.01886	0.01627	0.01183	0.00592	0.00481	0.00148	0.00407	0.00481	0.00592	0.00813
19	0.01177	0.01130	0.01929	0.04608	0.78593	0.01134	0.01464	0.01462	0.01086	0.01554	0.00898	0.01185	0.00755	0.00427	0.00473	0.00142	0.00569	0.00426	0.00236	0.00752
20	0.01785	0.02278	0.01354	0.01231	0.01478	0.81284	0.00924	0.01909	0.01354	0.01170	0.00739	0.00862	0.00616	0.00493	0.00431	0.00123	0.00862	0.00308	0.00246	0.00554
21	0.00959	0.02472	0.80726	0.01362	0.02069	0.01110	0.01766	0.01514	0.01009	0.01514	0.00858	0.01009	0.00605	0.00454	0.00454	0.00151	0.00706	0.00353	0.00202	0.00706
22	0.00594	0.00481	0.00527	0.00524	0.00665	0.00414	0.00390	0.00738	0.01145	0.01442	0.23336	0.08940	0.56794	0.01169	0.00567	0.00161	0.00240	0.00993	0.00464	0.00414
23	0.01549	0.01109	0.02057	0.01573	0.05861	0.01036	0.41011	0.06747	0.01286	0.30738	0.01314	0.01399	0.00901	0.00484	0.00523	0.00154	0.00629	0.00518	0.00385	0.00723
24	0.00903	0.00850	0.01434	0.82054	0.03292	0.01062	0.01327	0.01221	0.00956	0.01221	0.00850	0.01274	0.00637	0.00478	0.00478	0.00159	0.00637	0.00425	0.00212	0.00531
25	0.00770	0.00550	0.00770	0.00880	0.00990	0.00550	0.00770	0.00990	0.01100	0.01430	0.02531	0.05391	0.02751	0.01320	0.00660	0.00220	0.00440	0.77004	0.00440	0.00440
26	0.01112	0.01063	0.01812	0.22989	0.60721	0.01117	0.01432	0.01405	0.01055	0.01475	0.00886	0.01206	0.00727	0.00439	0.00474	0.00146	0.00585	0.00426	0.00230	0.00700
27	0.01785	0.02278	0.01354	0.01231	0.01478	0.81284	0.00924	0.01909	0.01354	0.01170	0.00739	0.00862	0.00616	0.00493	0.00431	0.00123	0.00862	0.00308	0.00246	0.00554
28	0.00565	0.00484	0.00484	0.00484	0.00646	0.00403	0.00363	0.00686	0.01089	0.01291	0.04842	0.04600	0.80027	0.01210	0.00565	0.00161	0.00242	0.01009	0.00444	0.00403
29	0.01357	0.00639	0.00857	0.00717	0.00949	0.00568	0.00568	0.01564	0.01360	0.38393	0.43748	0.02669	0.02967	0.00798	0.00525	0.00149	0.00310	0.00686	0.00556	0.00619
30	0.00916	0.00863	0.01457	0.78364	0.06879	0.01065	0.01334	0.01233	0.00962	0.01237	0.00852	0.01270	0.00643	0.00475	0.00478	0.00158	0.00634	0.00425	0.00214	0.00541
31	0.02144	0.00813	0.01109	0.00850	0.01220	0.00702	0.00702	0.02329	0.01368	0.80552	0.01886	0.01627	0.01183	0.00592	0.00481	0.00148	0.00407	0.00481	0.00592	0.00813
32	0.01146	0.01118	0.01967	0.11897	0.63939	0.01134	0.08865	0.01445	0.01077	0.01520	0.00900	0.01204	0.00740	0.00430	0.00482	0.00146	0.00599	0.00439	0.00234	0.00720
33	0.01178	0.01130	0.01931	0.04406	0.78790	0.01134	0.01464	0.01462	0.01086	0.01555	0.00898	0.01185	0.00755	0.00427	0.00473	0.00142	0.00569	0.00426	0.00236	0.00753
34	0.04677	0.04816	0.06538	0.00616	0.00819	0.00578	0.00530	0.00886	0.01140	0.01525	0.26263	0.04871	0.41675	0.01016	0.00533	0.00155	0.00295	0.02177	0.00431	0.00456
35	0.01483	0.25764	0.15137	0.01161	0.01617	0.03766	0.15846	0.01760	0.01144	0.26129	0.01139	0.01180	0.00812	0.00475	0.00439	0.00137	0.00579	0.00403	0.00334	0.00696
36	0.00861	0.00681	0.00809	0.00796	0.00961	0.00716	0.00636	0.01444	0.26791	0.01750	0.25855	0.05124	0.08067	0.00993	0.00567	0.00176	0.00339	0.22411	0.00482	0.00543
37	0.00991	0.00850	0.00991	0.00708	0.01133	0.00637	0.00566	0.01203	0.00991	0.01557	0.00850	0.00991	0.00708	0.00354	0.00354	0.00071	0.00354	0.00283	0.00283	0.86124
38	0.00903	0.00850	0.01434	0.82054	0.03292	0.01062	0.01327	0.01221	0.00956	0.01221	0.00850	0.01274	0.00637	0.00478	0.00478	0.00159	0.00637	0.00425	0.00212	0.00531
39	0.08449	0.01097	0.01168	0.00972	0.01284	0.01223	0.00784	0.33341	0.31634	0.06683	0.04670	0.01619	0.01267	0.00633	0.00476	0.00154	0.00435	0.02898	0.00473	0.00741
40	0.86579	0.00924	0.00702	0.00629	0.00924	0.01072	0.00518	0.01405	0.00813	0.02144	0.00666	0.00776	0.00518	0.00444	0.00296	0.00148	0.00370	0.00259	0.00296	0.00518
41	0.00688	0.00489	0.00654	0.00654	0.00699	0.00535	0.00455	0.00780	0.00734	0.01025	0.01385	0.02458	0.01447	0.40517	0.44720	0.00627	0.00901	0.00597	0.00272	0.00363
42	0.00624	0.00446	0.00575	0.00624	0.00679	0.00417	0.00427	0.00743	0.01033	0.01408	0.26779	0.46968	0.05692	0.10329	0.00795	0.00209	0.00281	0.01121	0.00453	0.00397
43	0.75871	0.00977	0.00795	0.00688	0.00995	0.01124	0.00567	0.11160	0.00995	0.02254	0.00726	0.00823	0.00555	0.00460	0.00319	0.00147	0.00389	0.00280	0.00319	0.00555
44	0.02616	0.01054	0.11065	0.00798	0.01252	0.00709	0.00725	0.01315	0.01013	0.06376	0.00910	0.01028	0.00720	0.00383	0.00373	0.00087	0.00402	0.00304	0.00292	0.68576
45	0.01012	0.15919	0.67743	0.01272	0.01929	0.01240	0.01609	0.01500	0.01003	0.01449	0.00826	0.00969	0.00607	0.00447	0.00430	0.00143	0.00674	0.00337	0.00202	0.00691
46	0.01692	0.00982	0.01154	0.00919	0.01243	0.01007	0.00747	0.29833	0.11172	0.31217	0.13182	0.01760	0.01575	0.00649	0.00493	0.00148	0.00420	0.00526	0.00528	0.00753
47	0.02144	0.00813	0.01109	0.00850	0.01220	0.00702	0.00702	0.02329	0.01368	0.80552	0.01886	0.01627	0.01183	0.00592	0.00481	0.00148	0.00407	0.00481	0.00592	0.00813
48	0.01756	0.01308	0.01400	0.01087	0.01459	0.01454	0.00894	0.71200	0.09774	0.02913	0.01225	0.01210	0.00876	0.00581	0.00479	0.00145	0.00512	0.00441	0.00479	0.00807
49	0.01945	0.01133	0.01307	0.01002	0.01379	0.01176	0.00828	0.48679	0.01902	0.33448	0.01437	0.01336	0.00958	0.00581	0.00479	0.00145	0.00479	0.00450	0.00523	0.00813
50	0.08148	0.01306	0.01611	0.05781	0.39677	0.11563	0.01170	0.21600	0.01397	0.01919	0.00922	0.01105	0.00729	0.00477	0.00455	0.00141	0.00583	0.00399	0.00304	0.00716
51	0.01161	0.12376	0.11364	0.01732	0.02210	0.05309	0.54496	0.01529	0.01099	0.01451	0.00898	0.01163	0.00690	0.00421	0.00527	0.00151	0.02066	0.00484	0.00232	0.00641
52	0.00588	0.00418	0.00553	0.00658	0.00685	0.00392	0.00436	0.00667	0.00904	0.01205	0.02578	0.78890	0.03090	0.05596	0.00701	0.00208	0.00287	0.01325	0.00436	0.00383
53	0.00653	0.00530	0.00676	0.00700	0.00764	0.00552	0.00511	0.00762	0.00972	0.01291	0.09910	0.44603	0.21889	0.01284	0.00733	0.00184	0.12061	0.01092	0.00417	0.00417
54	0.01148	0.00952	0.01020	0.00917	0.01173	0.01079	0.00713	0.02318	0.67195	0.04279	0.08777	0.02046	0.04875	0.00698	0.00496	0.00161	0.00360	0.00585	0.00491	0.00718
55	0.02144	0.00813	0.01109	0.00850	0.01220	0.00702	0.00702	0.02329	0.01368	0.80552	0.01886	0.01627	0.01183	0.00592	0.00481	0.00148	0.00407	0.00481	0.00592	0.00813
56	0.01384	0.00856	0.01018	0.00835	0.01095	0.00868	0.00670	0.28650	0.01660	0.18595	0.33266	0.03689	0.02460	0.00769	0.00519	0.00149	0.00374	0.01969	0.00520	0.00653
57	0.01417	0.01443	0.01174	0.01057	0.01321	0.28211	0.00811	0.02321	0.50814	0.03949	0.01536	0.01468	0.01167	0.00594	0.00467	0.00149	0.00542	0.00460	0.00408	0.00690
58	0.00626	0.00487	0.00569	0.00548	0.00683	0.00430	0.00411	0.00805	0.01234	0.01635	0.46089	0.04035	0.38566	0.01082	0.00564	0.00155	0.00233	0.00929	0.00489	0.00430
59	0.01996	0.00789	0.01068	0.00831	0.01176	0.00691	0.00682	0.02209	0.02978	0.72056	0.08711	0.01800	0.01480	0.00626	0.00488	0.00148	0.00390	0.00515	0.00584	0.00781
60	0.01175	0.01127	0.01925	0.05312	0.77908	0.01133	0.01463	0.01459	0.01084	0.01551	0.00898	0.01186	0.00753	0.00427	0.00473	0.00142	0.00570	0.00426	0.00236	0.00750
61	0.01933	0.01092	0.01290	0.00994	0.01356	0.01132	0.00822	0.41325	0.01792	0.37678	0.01457	0.01358	0.00971	0.00592	0.00523	0.00148	0.03764	0.00452	0.00518	0.00801
62	0.01817	0.01339	0.01434	0.01100	0.01482	0.01482	0.00908	0.78627	0.02247	0.03012	0.01148	0.01148	0.00813	0.00574	0.00478	0.00143	0.00526	0.00430	0.00478	0.00813
63	0.01189	0.01027	0.01081	0.00973	0.01243	0.01189	0.00757	0.02540	0.79357	0.01999	0.01945	0.01783	0.01459	0.00648	0.00486	0.00162	0.00378	0.00540	0.00486	0.00757
64	0.02144	0.00813	0.01109	0.00850	0.01220	0.00702	0.00702	0.02329	0.01368	0.80552	0.01886	0.01627	0.01183	0.00592	0.00481	0.00148	0.00407	0.00481	0.00592	0.00813
65	0.01817	0.01339	0.01434	0.01100	0.01482	0.01482	0.00908	0.78627	0.02247	0.03012	0.01148	0.01148	0.00813	0.00574	0.00478	0.00143	0.00526	0.00430	0.00478	0.00813
66	0.00674	0.00488	0.00635	0.00599	0.00713	0.00450	0.00449	0.00897	0.01347	0.01903	0.78278	0.03593	0.06209	0.00982	0.00564	0.00151	0.00226	0.00868	0.00524	0.00450
67	0.86579	0.00924	0.00702	0.00629	0.00924	0.01072	0.00518	0.01405	0.00813	0.02144	0.00666	0.00776	0.00518	0.00444	0.00296	0.00148	0.00370	0.00259	0.00296	0.00518
68	0.01025	0.00934	0.01535	0.02207	0.55446	0.00922	0.01150	0.01291	0.01171	0.01672	0.25538	0.01927	0.01926	0.00598	0.00501	0.00145	0.00461	0.00563	0.00327	0.00662
69	0.00695	0.00463	0.00521	0.00521	0.00521	0.00463	0.00290	0.00695	0.00695	0.00927	0.01506	0.03128	0.01738	0.83203	0.02433	0.00463	0.00463	0.00695	0.00290	0.00290
70	0.01128	0.01289	0.02820	0.02015	0.02498	0.01209	0.78485	0.01531	0.01128	0.01531	0.00967	0.01289	0.00725	0.00403	0.00564	0.00161	0.00806	0.00564	0.00242	0.00645
71	0.01296	0.11495	0.43241	0.01239	0.01761	0.21336	0.01353	0.10075	0.01227	0.01548	0.00838	0.00960	0.00632	0.00472	0.00434	0.00138	0.00703	0.00339	0.00244	0.00669
72	0.01407	0.01189	0.01759	0.02306	0.53584	0.01230	0.01272	0.25313	0.01454	0.04337	0.01005	0.01185	0.00787	0.00476	0.00475	0.00143	0.00550	0.00429	0.00322	0.00776
73	0.00582	0.00416	0.00555	0.00666	0.00693	0.00388	0.00444	0.00666	0.00915	0.01220	0.02634	0.82891	0.03161	0.01497	0.00610	0.00194	0.00277	0.01359	0.00444	0.00388
74	0.01029	0.00876	0.01036	0.04813	0.01260	0.00711	0.00625	0.04742	0.03079	0.01618	0.00891	0.01033	0.00729	0.00378	0.00369	0.00081	0.00377	0.00304	0.00294	0.75756
75	0.01365	0.01480	0.01763	0.02420	0.56453	0.25328	0.01303	0.01600	0.01169	0.01443	0.00851	0.01086	0.00714	0.00446	0.00460	0.00136	0.00657	0.00390	0.00240	0.00696
76	0.01003	0.13711	0.69875	0.01287	0.01952	0.01218	0.01634	0.01502	0.01004	0.01460	0.00831	0.00975	0.00607	0.00448	0.00434	0.00145	0.00679	0.00340	0.00202	0.00693
77	0.01183	0.01136	0.01940	0.02934	0.80221	0.01136	0.01467	0.01467	0.01088	0.01562	0.00899	0.01183	0.00757	0.00426	0.00473	0.00142	0.00568	0.00426	0.00237	0.00757
78	0.01120	0.03836	0.37830	0.01625	0.06497	0.04382	0.28337	0.01605	0.04733	0.04019	0.00972	0.01160	0.00714	0.00449	0.00491	0.00152	0.00710	0.00439	0.00245	0.00685
79	0.02144	0.00813	0.01109	0.00850	0.01220	0.00702	0.00702	0.02329	0.01368	0.80552	0.01886	0.01627	0.01183	0.00592	0.00481	0.00148	0.00407	0.00481	0.00592	0.00813
80	0.00903	0.00850	0.01434	0.82054	0.03292	0.01062	0.01327	0.01221	0.00956	0.01221	0.00850	0.01274	0.00637	0.00478	0.00478	0.00159	0.00637	0.00425	0.00212	0.00531
