[name]
unknown

[dist]
# distance from previous block
# <min> <max>
0	33

[block]
# block no. 0 follows, 55 sequences, length 45
# corresponding to MSA columns:
# 34-78
name=unknown_A
#
# <colnr> <probs for GDERKNQSTAVLIFYWHMCP>
#	G	D	E	R	K	N	Q	S	T	A	V	L	I	F	Y	W	H	M	C	P
0	0.05150	0.21544	0.23623	0.01044	0.03723	0.04030	0.01037	0.04189	0.03494	0.06254	0.01024	0.01342	0.00856	0.00696	0.04684	0.00172	0.06944	0.05469	0.04118	0.00608
1	0.03047	0.13768	0.33890	0.04427	0.01883	0.02548	0.16763	0.13475	0.01193	0.03440	0.00888	0.01039	0.00657	0.00448	0.00444	0.00141	0.00638	0.00385	0.00258	0.00668
2	0.01247	0.01311	0.14603	0.01089	0.05264	0.09485	0.00930	0.08083	0.29093	0.08788	0.02752	0.03060	0.03830	0.00615	0.00468	0.00147	0.00488	0.03867	0.00386	0.04492
3	0.00583	0.00453	0.00544	0.00588	0.00670	0.00418	0.00415	0.00689	0.00976	0.01256	0.09400	0.41594	0.32362	0.03432	0.02372	0.00192	0.02141	0.01101	0.00425	0.00390
4	0.00633	0.00478	0.00532	0.00524	0.00664	0.00413	0.00389	0.00769	0.01102	0.04299	0.20395	0.10628	0.53441	0.02915	0.00590	0.00163	0.00246	0.00955	0.00451	0.00414
5	0.00948	0.00457	0.00476	0.00460	0.00585	0.00450	0.00349	0.01162	0.00999	0.06990	0.01539	0.01724	0.01190	0.00544	0.00335	0.00111	0.00229	0.00436	0.80558	0.00457
6	0.00610	0.00435	0.00558	0.00603	0.00656	0.00407	0.00410	0.00723	0.00996	0.01357	0.26376	0.45071	0.05579	0.13003	0.00831	0.00212	0.00279	0.01073	0.00435	0.00383
7	0.00965	0.00827	0.00965	0.00689	0.01102	0.00620	0.00551	0.01171	0.00965	0.01516	0.00827	0.00965	0.00689	0.00345	0.00345	0.00069	0.00345	0.00276	0.00276	0.86494
8	0.86937	0.00900	0.00684	0.00612	0.00900	0.01044	0.00504	0.01368	0.00792	0.02087	0.00648	0.00756	0.00504	0.00432	0.00288	0.00144	0.00360	0.00252	0.00288	0.00504
9	0.01072	0.11500	0.23573	0.01652	0.02172	0.01231	0.49092	0.01474	0.01049	0.01438	0.00878	0.01121	0.00662	0.00406	0.00490	0.00147	0.00724	0.00458	0.00221	0.00640
10	0.00829	0.00757	0.01233	0.66223	0.02701	0.00913	0.01118	0.01115	0.00993	0.01290	0.12543	0.01740	0.05525	0.00574	0.00482	0.00154	0.00541	0.00506	0.00263	0.00499
11	0.00564	0.00415	0.00530	0.00622	0.00668	0.00380	0.00420	0.00651	0.00916	0.01198	0.02883	0.71630	0.14588	0.01416	0.00587	0.00184	0.00265	0.01272	0.00432	0.00380
12	0.00867	0.00434	0.00434	0.00434	0.00542	0.00434	0.00325	0.01084	0.00976	0.01734	0.01518	0.01734	0.01192	0.00542	0.00325	0.00108	0.00217	0.00434	0.86233	0.00434
13	0.01191	0.00714	0.01083	0.25039	0.01684	0.00733	0.04299	0.01430	0.03553	0.26825	0.04615	0.22376	0.02889	0.00784	0.00507	0.00160	0.00438	0.00697	0.00407	0.00576
14	0.01451	0.00939	0.01107	0.00892	0.01185	0.00975	0.02569	0.30339	0.12238	0.19457	0.17008	0.01964	0.06415	0.00681	0.00490	0.00146	0.00400	0.00563	0.00492	0.00688
15	0.01300	0.22893	0.31892	0.01107	0.01589	0.09246	0.01176	0.20390	0.03306	0.01710	0.00871	0.00960	0.00662	0.00468	0.00410	0.00131	0.00603	0.00338	0.00274	0.00676
16	0.01049	0.31279	0.51034	0.01182	0.03967	0.01351	0.01383	0.01444	0.00971	0.01340	0.00769	0.00903	0.00596	0.00426	0.00392	0.00130	0.00616	0.00312	0.00198	0.00657
17	0.01358	0.01529	0.01143	0.01138	0.07535	0.44391	0.00783	0.03958	0.07634	0.01240	0.01026	0.01454	0.00940	0.17244	0.06459	0.00234	0.00718	0.00420	0.00274	0.00519
18	0.00959	0.00818	0.00867	0.00795	0.01017	0.00899	0.00613	0.01873	0.52867	0.01769	0.10313	0.02578	0.21097	0.00797	0.00500	0.00156	0.00321	0.00669	0.00467	0.00623
19	0.00736	0.00514	0.00629	0.00582	0.00725	0.00468	0.00442	0.03127	0.01277	0.05817	0.54735	0.03568	0.23674	0.00979	0.00542	0.00149	0.00241	0.00846	0.00493	0.00455
20	0.11221	0.00745	0.00900	0.00764	0.01020	0.00717	0.00602	0.09175	0.02948	0.35498	0.08014	0.20416	0.01734	0.00785	0.00479	0.00152	0.00358	0.00660	0.00482	0.03326
21	0.74275	0.00960	0.00790	0.00680	0.00980	0.01103	0.00560	0.12938	0.00999	0.02213	0.00718	0.00809	0.00547	0.00451	0.00314	0.00143	0.00382	0.00277	0.00314	0.00547
22	0.00982	0.05142	0.25699	0.01199	0.01590	0.05837	0.17166	0.01368	0.06255	0.02527	0.03703	0.03527	0.14216	0.00686	0.02019	0.00163	0.06507	0.00541	0.00285	0.00587
23	0.86937	0.00900	0.00684	0.00612	0.00900	0.01044	0.00504	0.01368	0.00792	0.02087	0.00648	0.00756	0.00504	0.00432	0.00288	0.00144	0.00360	0.00252	0.00288	0.00504
24	0.01157	0.00999	0.01052	0.00947	0.01210	0.01157	0.00736	0.02472	0.79908	0.01946	0.01893	0.01736	0.01420	0.00631	0.00473	0.00158	0.00368	0.00526	0.00473	0.00736
25	0.00665	0.00497	0.00742	0.00742	0.00823	0.00578	0.00575	0.00827	0.00746	0.01076	0.01251	0.01856	0.01175	0.05347	0.79965	0.00741	0.01228	0.00503	0.00250	0.00412
26	0.00933	0.02406	0.81240	0.01326	0.02014	0.01080	0.01719	0.01473	0.00982	0.01473	0.00835	0.00982	0.00589	0.00442	0.00442	0.00147	0.00688	0.00344	0.00196	0.00688
27	0.01020	0.01034	0.01946	0.36194	0.23768	0.01097	0.25422	0.01346	0.01017	0.01371	0.00875	0.01221	0.00678	0.00429	0.00490	0.00151	0.00653	0.00456	0.00222	0.00610
28	0.23368	0.01011	0.00928	0.00983	0.07368	0.18160	0.02977	0.01198	0.00985	0.01457	0.01480	0.31264	0.01597	0.00857	0.00467	0.00159	0.00461	0.04464	0.00331	0.00484
29	0.83093	0.00909	0.00738	0.00712	0.04477	0.01046	0.00545	0.01370	0.00804	0.02062	0.00658	0.00773	0.00514	0.00431	0.00296	0.00144	0.00369	0.00259	0.00285	0.00514
30	0.00665	0.00498	0.00748	0.00748	0.00831	0.00582	0.00582	0.00831	0.00748	0.01080	0.01246	0.01828	0.01163	0.03489	0.81807	0.00748	0.01246	0.00498	0.00249	0.00415
31	0.00558	0.00467	0.00486	0.00491	0.00636	0.00395	0.00364	0.00680	0.01065	0.01291	0.09456	0.09881	0.70271	0.01183	0.00553	0.00159	0.00237	0.00996	0.00437	0.00395
32	0.00759	0.00638	0.00929	0.00875	0.00936	0.00808	0.00699	0.00908	0.00738	0.01091	0.01076	0.01610	0.01015	0.02771	0.60269	0.00602	0.23125	0.00474	0.00237	0.00440
33	0.02011	0.00865	0.01119	0.00863	0.01221	0.00799	0.00711	0.12069	0.04460	0.68082	0.01746	0.01530	0.01116	0.00576	0.00468	0.00144	0.00410	0.00464	0.00558	0.00790
34	0.01419	0.01063	0.01146	0.00948	0.01243	0.01182	0.00759	0.37916	0.31284	0.05037	0.04550	0.03929	0.01269	0.00627	0.00467	0.00147	0.00419	0.00505	0.05365	0.00724
35	0.00748	0.00622	0.00958	0.01332	0.25483	0.00603	0.00740	0.00889	0.00943	0.01291	0.02041	0.57881	0.02352	0.01134	0.00553	0.00173	0.00358	0.01041	0.00369	0.00489
36	0.01931	0.00994	0.01199	0.00924	0.01285	0.00990	0.00762	0.31444	0.04675	0.48403	0.01565	0.01412	0.01025	0.00571	0.00467	0.00143	0.00439	0.00451	0.00530	0.00789
37	0.86937	0.00900	0.00684	0.00612	0.00900	0.01044	0.00504	0.01368	0.00792	0.02087	0.00648	0.00756	0.00504	0.00432	0.00288	0.00144	0.00360	0.00252	0.00288	0.00504
38	0.00809	0.00684	0.00688	0.00633	0.00819	0.03720	0.00486	0.09730	0.09054	0.01597	0.14959	0.04765	0.48316	0.00999	0.00528	0.00153	0.00301	0.00832	0.00444	0.00484
39	0.00654	0.00475	0.00615	0.00580	0.00692	0.00437	0.00435	0.00869	0.01306	0.01839	0.77168	0.03519	0.07742	0.00961	0.00549	0.00147	0.00220	0.00848	0.00509	0.00437
40	0.01202	0.02963	0.12974	0.08614	0.07916	0.21406	0.14727	0.05244	0.01112	0.01371	0.01028	0.01249	0.04778	0.00643	0.03707	0.00171	0.09635	0.00428	0.00246	0.00587
41	0.00694	0.00567	0.00660	0.00705	0.04340	0.00532	0.00514	0.03209	0.06475	0.01432	0.10039	0.08099	0.47236	0.01100	0.00554	0.00165	0.00297	0.12496	0.00433	0.00452
42	0.01113	0.11807	0.15082	0.13280	0.34515	0.04807	0.01269	0.04923	0.01092	0.01479	0.05614	0.01208	0.00893	0.00466	0.00441	0.00137	0.00569	0.00402	0.00245	0.00656
43	0.01065	0.13661	0.38199	0.01713	0.27178	0.01204	0.01417	0.01523	0.07017	0.01470	0.00901	0.01060	0.00701	0.00441	0.00430	0.00138	0.00592	0.00367	0.00229	0.00694
44	0.01216	0.01329	0.15990	0.23358	0.17528	0.01184	0.04841	0.24069	0.02781	0.01841	0.00947	0.01150	0.00706	0.00478	0.00464	0.00146	0.00591	0.00411	0.00291	0.00680

[dist]
# distance from previous block
# <min> <max>
0	1

[block]
# block no. 1 follows, 55 sequences, length 13
# corresponding to MSA columns:
# 80-92
name=unknown_B
#
# <colnr> <probs for GDERKNQSTAVLIFYWHMCP>
#	G	D	E	R	K	N	Q	S	T	A	V	L	I	F	Y	W	H	M	C	P
0	0.05642	0.23302	0.38264	0.01162	0.04663	0.07446	0.01240	0.01511	0.01002	0.06666	0.00825	0.00946	0.00632	0.00458	0.00448	0.00135	0.04457	0.00325	0.00232	0.00644
1	0.01352	0.01428	0.01655	0.02049	0.41714	0.25172	0.05226	0.08075	0.01234	0.01516	0.00944	0.01298	0.00811	0.00495	0.00464	0.00138	0.00640	0.04863	0.00265	0.00659
2	0.01285	0.01275	0.00906	0.00836	0.01020	0.35475	0.00633	0.04139	0.07145	0.01507	0.01178	0.01333	0.00940	0.00648	0.03861	0.00145	0.00549	0.00385	0.36225	0.00513
3	0.01185	0.01223	0.01908	0.01905	0.26380	0.08057	0.27472	0.01762	0.21979	0.01590	0.01154	0.01314	0.00896	0.00470	0.00490	0.00148	0.00607	0.00480	0.00297	0.00683
4	0.00649	0.00494	0.00605	0.00596	0.00683	0.00491	0.00434	0.00771	0.00962	0.01280	0.20081	0.05057	0.24535	0.21378	0.13191	0.00319	0.03649	0.04061	0.00377	0.00385
5	0.00580	0.00472	0.00514	0.00503	0.00647	0.00406	0.00377	0.00727	0.01132	0.01427	0.25969	0.04196	0.59197	0.01115	0.00550	0.00154	0.00231	0.00942	0.00454	0.00406
6	0.01484	0.01646	0.24577	0.01268	0.06888	0.04497	0.01163	0.48419	0.01728	0.02344	0.01003	0.01069	0.00721	0.00512	0.00456	0.00141	0.00579	0.00392	0.00363	0.00748
7	0.00658	0.00476	0.00622	0.00585	0.00695	0.00439	0.00439	0.00878	0.01317	0.01866	0.80503	0.03475	0.04390	0.00951	0.00549	0.00146	0.00219	0.00841	0.00512	0.00439
8	0.01085	0.01005	0.03580	0.07931	0.19399	0.04454	0.09107	0.01304	0.01023	0.08204	0.09430	0.04683	0.05730	0.00667	0.00741	0.00161	0.20076	0.00535	0.00300	0.00585
9	0.07082	0.00999	0.01272	0.01387	0.23461	0.01019	0.00877	0.24098	0.03442	0.08294	0.01111	0.01218	0.00842	0.00484	0.00419	0.00127	0.00441	0.00397	0.11648	0.11383
10	0.01165	0.00747	0.00907	0.00742	0.00971	0.00707	0.00563	0.09427	0.01068	0.17229	0.01367	0.09191	0.01263	0.22013	0.01005	0.00210	0.05883	0.00537	0.00366	0.24639
11	0.86937	0.00900	0.00684	0.00612	0.00900	0.01044	0.00504	0.01368	0.00792	0.02087	0.00648	0.00756	0.00504	0.00432	0.00288	0.00144	0.00360	0.00252	0.00288	0.00504
12	0.14138	0.02749	0.01067	0.00882	0.01093	0.12547	0.06798	0.16757	0.01193	0.01664	0.06427	0.01963	0.01311	0.23883	0.00984	0.00230	0.00516	0.04959	0.00332	0.00507

[dist]
# distance from previous block
# <min> <max>
0	2

[block]
# block no. 2 follows, 55 sequences, length 78
# corresponding to MSA columns:
# 95-172
name=unknown_C
#
# <colnr> <probs for GDERKNQSTAVLIFYWHMCP>
#	G	D	E	R	K	N	Q	S	T	A	V	L	I	F	Y	W	H	M	C	P
0	0.21254	0.01102	0.05705	0.07818	0.14684	0.01192	0.14321	0.01316	0.00885	0.01500	0.00748	0.01034	0.00622	0.00540	0.00753	0.00164	0.25159	0.00393	0.00233	0.00575
1	0.01203	0.00805	0.00927	0.00839	0.01061	0.00854	0.00644	0.07448	0.35531	0.17012	0.02084	0.23953	0.03900	0.00855	0.00507	0.00162	0.00354	0.00736	0.00480	0.00644
2	0.00905	0.00789	0.00809	0.00751	0.00956	0.03187	0.00575	0.01640	0.41108	0.01666	0.11145	0.05202	0.27661	0.00864	0.00508	0.00156	0.00320	0.00725	0.00456	0.00576
3	0.00619	0.00467	0.00572	0.00561	0.00675	0.00420	0.00415	0.00795	0.01200	0.01625	0.51249	0.12582	0.24981	0.01069	0.00554	0.00154	0.00229	0.00933	0.00481	0.00420
4	0.00965	0.00827	0.00965	0.00689	0.01102	0.00620	0.00551	0.01171	0.00965	0.01516	0.00827	0.00965	0.00689	0.00345	0.00345	0.00069	0.00345	0.00276	0.00276	0.86494
5	0.01040	0.00608	0.00763	0.00683	0.00868	0.00573	0.00530	0.03391	0.07583	0.19954	0.37874	0.09217	0.11214	0.00901	0.00528	0.00153	0.00291	0.02782	0.00505	0.00543
6	0.01164	0.00705	0.00832	0.00729	0.00960	0.00693	0.00573	0.01646	0.22652	0.23534	0.18185	0.02749	0.20581	0.00820	0.00508	0.00153	0.00316	0.02096	0.00499	0.00606
7	0.86937	0.00900	0.00684	0.00612	0.00900	0.01044	0.00504	0.01368	0.00792	0.02087	0.00648	0.00756	0.00504	0.00432	0.00288	0.00144	0.00360	0.00252	0.00288	0.00504
8	0.01244	0.83930	0.02438	0.00796	0.01194	0.01841	0.00796	0.01393	0.00945	0.01095	0.00647	0.00746	0.00597	0.00398	0.00299	0.00100	0.00498	0.00249	0.00199	0.00597
9	0.00622	0.00474	0.00572	0.00547	0.00673	0.00424	0.00411	0.00808	0.01232	0.01664	0.55376	0.03807	0.29643	0.01026	0.00549	0.00150	0.00225	0.00888	0.00486	0.00424
10	0.00652	0.00475	0.00612	0.00578	0.00691	0.00436	0.00434	0.00865	0.01301	0.01827	0.75714	0.03538	0.09203	0.00965	0.00549	0.00147	0.00221	0.00850	0.00507	0.00436
11	0.01211	0.00987	0.01054	0.00940	0.01208	0.01130	0.00733	0.02460	0.75350	0.06536	0.01890	0.01727	0.01405	0.00628	0.00473	0.00157	0.00370	0.00523	0.00479	0.00740
12	0.02066	0.00796	0.01079	0.00830	0.01188	0.00694	0.00685	0.02272	0.03101	0.79289	0.01837	0.01587	0.01158	0.00577	0.00468	0.00144	0.00395	0.00469	0.00573	0.00790
13	0.00908	0.00857	0.01448	0.74035	0.11474	0.01041	0.01306	0.01214	0.00944	0.01224	0.00832	0.01231	0.00633	0.00460	0.00465	0.00153	0.00613	0.00414	0.00209	0.00540
14	0.00624	0.00474	0.00574	0.00549	0.00674	0.00424	0.00412	0.00810	0.01235	0.01670	0.56176	0.03797	0.28838	0.01024	0.00549	0.00150	0.00225	0.00886	0.00486	0.00424
15	0.00832	0.00852	0.09660	0.00836	0.01026	0.00752	0.00690	0.01433	0.30947	0.01508	0.02118	0.43205	0.02172	0.01031	0.00531	0.00172	0.00353	0.00911	0.00422	0.00548
16	0.02801	0.00752	0.01222	0.00962	0.01219	0.00698	0.19118	0.03655	0.01263	0.16385	0.36954	0.02554	0.08906	0.00745	0.00526	0.00149	0.00399	0.00690	0.00446	0.00557
17	0.00784	0.00618	0.00725	0.00673	0.00829	0.00630	0.00512	0.01292	0.22689	0.01831	0.52062	0.03095	0.10656	0.00885	0.00528	0.00150	0.00261	0.00769	0.00494	0.00516
18	0.01417	0.01635	0.01489	0.01256	0.01529	0.40865	0.14601	0.01909	0.22642	0.01420	0.01104	0.02521	0.00883	0.00536	0.00507	0.00141	0.04211	0.00427	0.00304	0.00605
19	0.01107	0.01127	0.01895	0.01406	0.01759	0.04942	0.37003	0.01375	0.01007	0.03762	0.00864	0.01121	0.00692	0.00468	0.00668	0.00139	0.16000	0.00434	0.00251	0.23982
20	0.00953	0.00903	0.01530	0.60841	0.24315	0.01053	0.01329	0.01254	0.00965	0.01279	0.00840	0.01216	0.00652	0.00451	0.00464	0.00150	0.00602	0.00414	0.00213	0.00577
21	0.00731	0.00478	0.00573	0.00588	0.00624	0.00472	0.00391	0.00782	0.00786	0.03520	0.01755	0.05086	0.03345	0.61673	0.01900	0.00384	0.00437	0.15819	0.00326	0.00331
22	0.01812	0.00732	0.00985	0.00776	0.01091	0.00635	0.00633	0.01994	0.01315	0.66066	0.12761	0.01993	0.05730	0.00659	0.00483	0.00145	0.00363	0.00546	0.00560	0.00723
23	0.01138	0.01092	0.01865	0.06696	0.77011	0.01102	0.01421	0.01416	0.01053	0.01504	0.00873	0.01156	0.00731	0.00417	0.00461	0.00139	0.00556	0.00414	0.00229	0.00726
24	0.00867	0.00434	0.00434	0.00434	0.00542	0.00434	0.00325	0.01084	0.00976	0.01734	0.01518	0.01734	0.01192	0.00542	0.00325	0.00108	0.00217	0.00434	0.86233	0.00434
25	0.01482	0.00985	0.01392	0.20234	0.01838	0.01040	0.09001	0.26229	0.01476	0.22559	0.05589	0.01532	0.01088	0.00567	0.00484	0.00149	0.00517	0.02747	0.00411	0.00680
26	0.00555	0.00471	0.00478	0.00477	0.00631	0.00395	0.00357	0.00677	0.01072	0.01285	0.08262	0.04430	0.76993	0.01168	0.00550	0.00157	0.00235	0.00975	0.00436	0.00395
27	0.00654	0.00526	0.00743	0.00695	0.00793	0.00489	0.08605	0.00750	0.00886	0.01144	0.02584	0.28661	0.22065	0.27931	0.01153	0.00262	0.00374	0.00945	0.00363	0.00377
28	0.00984	0.00546	0.00558	0.00516	0.00659	0.00564	0.00398	0.11212	0.01133	0.01890	0.01466	0.01654	0.01140	0.00544	0.00343	0.00112	0.00255	0.00432	0.75112	0.00480
29	0.00587	0.00473	0.00523	0.00510	0.00651	0.00408	0.00383	0.00739	0.01148	0.01464	0.30541	0.04136	0.54602	0.01101	0.00549	0.00153	0.00230	0.00934	0.00459	0.00408
30	0.60262	0.00949	0.00901	0.21852	0.01524	0.05204	0.00728	0.01346	0.00855	0.01806	0.00698	0.00885	0.00539	0.00443	0.00341	0.00146	0.00452	0.00296	0.00264	0.00509
31	0.01402	0.20082	0.06211	0.01564	0.24374	0.23226	0.01064	0.03678	0.01133	0.07536	0.00847	0.00992	0.00687	0.00467	0.00468	0.00129	0.04895	0.00346	0.00256	0.00643
32	0.00956	0.00816	0.01050	0.00993	0.05185	0.00943	0.01870	0.02653	0.23504	0.02899	0.27195	0.02258	0.04245	0.00796	0.00755	0.00165	0.19865	0.02879	0.00405	0.00568
33	0.00953	0.00520	0.00663	0.00639	0.00784	0.00465	0.00473	0.01093	0.01096	0.20134	0.15238	0.33680	0.15620	0.01072	0.00535	0.00162	0.00283	0.00939	0.05161	0.00491
34	0.00569	0.00406	0.00541	0.00647	0.00675	0.00379	0.00432	0.00652	0.00899	0.01201	0.04150	0.81722	0.03104	0.01447	0.00593	0.00188	0.00269	0.01313	0.00433	0.00379
35	0.01331	0.07015	0.37454	0.01275	0.03696	0.38690	0.01276	0.01646	0.01138	0.01297	0.00771	0.00906	0.00598	0.00456	0.00424	0.00132	0.00744	0.00320	0.00218	0.00615
36	0.01155	0.01064	0.01609	0.47392	0.02600	0.04597	0.13699	0.19174	0.01262	0.01635	0.00907	0.01197	0.00672	0.00475	0.00477	0.00150	0.00631	0.00432	0.00272	0.00599
37	0.04707	0.01163	0.01164	0.00937	0.01268	0.07820	0.00750	0.32910	0.19623	0.02188	0.04225	0.01281	0.01025	0.00534	0.00435	0.00128	0.00454	0.00413	0.00404	0.18570
38	0.00639	0.00472	0.00683	0.00712	0.00777	0.00523	0.00530	0.00776	0.00783	0.01102	0.01603	0.23421	0.01689	0.06050	0.57272	0.00589	0.00957	0.00723	0.00299	0.00400
39	0.00879	0.00827	0.01395	0.82532	0.03204	0.01034	0.01292	0.01189	0.00930	0.01189	0.00827	0.01240	0.00620	0.00465	0.00465	0.00155	0.00620	0.00413	0.00207	0.00517
40	0.73280	0.00882	0.00747	0.00647	0.00946	0.00986	0.00533	0.01512	0.00879	0.14800	0.00839	0.00889	0.00608	0.00455	0.00317	0.00144	0.00366	0.00287	0.00334	0.00550
41	0.00579	0.00458	0.00524	0.00555	0.00669	0.00402	0.00408	0.00703	0.01043	0.01313	0.12364	0.25885	0.46314	0.01236	0.00567	0.00168	0.00255	0.05720	0.00441	0.00396
42	0.00570	0.00426	0.00530	0.00601	0.00665	0.00386	0.00414	0.00670	0.00963	0.01255	0.08990	0.58723	0.21408	0.01353	0.00580	0.00178	0.00258	0.01206	0.00438	0.00386
43	0.00893	0.00841	0.01421	0.78384	0.07242	0.01037	0.01299	0.01201	0.00937	0.01206	0.00829	0.01236	0.00626	0.00462	0.00465	0.00154	0.00617	0.00413	0.00208	0.00528
44	0.01136	0.01089	0.01860	0.07478	0.76250	0.01101	0.01420	0.01414	0.01052	0.01501	0.00872	0.01157	0.00730	0.00417	0.00461	0.00139	0.00557	0.00414	0.00229	0.00724
45	0.00933	0.02406	0.81240	0.01326	0.02014	0.01080	0.01719	0.01473	0.00982	0.01473	0.00835	0.00982	0.00589	0.00442	0.00442	0.00147	0.00688	0.00344	0.00196	0.00688
46	0.01244	0.83930	0.02438	0.00796	0.01194	0.01841	0.00796	0.01393	0.00945	0.01095	0.00647	0.00746	0.00597	0.00398	0.00299	0.00100	0.00498	0.00249	0.00199	0.00597
47	0.00650	0.00475	0.00610	0.00576	0.00690	0.00435	0.00432	0.00861	0.01297	0.01818	0.74521	0.03554	0.10402	0.00969	0.00549	0.00147	0.00221	0.00852	0.00506	0.00435
48	0.00879	0.00827	0.01395	0.82532	0.03204	0.01034	0.01292	0.01189	0.00930	0.01189	0.00827	0.01240	0.00620	0.00465	0.00465	0.00155	0.00620	0.00413	0.00207	0.00517
49	0.01749	0.01271	0.22927	0.00982	0.01432	0.00850	0.00981	0.07968	0.01302	0.53391	0.01508	0.01384	0.00971	0.00538	0.00461	0.00145	0.00484	0.00430	0.00464	0.00763
50	0.01133	0.01031	0.04108	0.00945	0.01218	0.01122	0.00761	0.03685	0.71441	0.01941	0.05932	0.01787	0.01532	0.00639	0.00476	0.00156	0.00375	0.00534	0.00465	0.00720
51	0.00976	0.14167	0.66755	0.04360	0.01940	0.01189	0.01569	0.01451	0.00975	0.01407	0.00807	0.00958	0.00592	0.00436	0.00422	0.00141	0.00657	0.00333	0.00197	0.00668
52	0.00962	0.00887	0.01424	0.02051	0.53047	0.00867	0.01071	0.01201	0.01104	0.01535	0.15389	0.02127	0.15095	0.00639	0.00491	0.00143	0.00440	0.00586	0.00314	0.00626
53	0.01244	0.83930	0.02438	0.00796	0.01194	0.01841	0.00796	0.01393	0.00945	0.01095	0.00647	0.00746	0.00597	0.00398	0.00299	0.00100	0.00498	0.00249	0.00199	0.00597
54	0.00927	0.00912	0.04454	0.75180	0.03067	0.01057	0.01287	0.05261	0.00998	0.01290	0.00842	0.01224	0.00628	0.00469	0.00464	0.00154	0.00617	0.00411	0.00220	0.00538
55	0.00656	0.00475	0.00618	0.00582	0.00693	0.00438	0.00437	0.00873	0.01311	0.01850	0.78620	0.03500	0.06282	0.00957	0.00549	0.00147	0.00220	0.00845	0.00510	0.00438
56	0.01050	0.24558	0.56728	0.01172	0.01769	0.01301	0.01436	0.04429	0.01018	0.01426	0.00794	0.00923	0.00599	0.00434	0.00404	0.00134	0.00629	0.00321	0.00207	0.00667
57	0.00669	0.00502	0.00641	0.00709	0.00824	0.00474	0.00587	0.00843	0.01065	0.01358	0.07208	0.11853	0.26097	0.01251	0.00606	0.00191	0.00346	0.43930	0.00434	0.00414
58	0.00770	0.00660	0.01011	0.00922	0.01006	0.00811	0.04770	0.00933	0.00758	0.01111	0.01081	0.01607	0.01009	0.02698	0.58687	0.00589	0.20411	0.00480	0.00238	0.00448
59	0.01168	0.01142	0.01856	0.04419	0.76127	0.04195	0.01405	0.01439	0.01067	0.01498	0.00868	0.01141	0.00729	0.00418	0.00459	0.00138	0.00565	0.00410	0.00230	0.00725
60	0.01362	0.01016	0.00958	0.00800	0.01040	0.09878	0.00636	0.35746	0.01550	0.02199	0.01252	0.01362	0.00949	0.00542	0.00398	0.00123	0.00416	0.00412	0.38757	0.00604
61	0.00674	0.00460	0.00553	0.00553	0.00569	0.00476	0.00339	0.00706	0.00690	0.00936	0.01424	0.02814	0.01591	0.68481	0.17400	0.00507	0.00601	0.00643	0.00276	0.00307
62	0.00942	0.00892	0.01510	0.64006	0.21235	0.01050	0.01324	0.01244	0.00960	0.01266	0.00838	0.01220	0.00647	0.00453	0.00464	0.00151	0.00604	0.00414	0.00212	0.00568
63	0.00965	0.00827	0.00965	0.00689	0.01102	0.00620	0.00551	0.01171	0.00965	0.01516	0.00827	0.00965	0.00689	0.00345	0.00345	0.00069	0.00345	0.00276	0.00276	0.86494
64	0.77513	0.01045	0.00754	0.00677	0.00959	0.09974	0.00548	0.01422	0.00850	0.01982	0.00656	0.00765	0.00514	0.00437	0.00302	0.00141	0.00413	0.00257	0.00283	0.00508
65	0.01244	0.83930	0.02438	0.00796	0.01194	0.01841	0.00796	0.01393	0.00945	0.01095	0.00647	0.00746	0.00597	0.00398	0.00299	0.00100	0.00498	0.00249	0.00199	0.00597
66	0.00589	0.00471	0.00527	0.00518	0.00654	0.00409	0.00386	0.00742	0.01147	0.01472	0.31736	0.06607	0.50889	0.01106	0.00551	0.00154	0.00231	0.00942	0.00461	0.00409
67	0.00564	0.00472	0.00491	0.00486	0.00637	0.00399	0.00365	0.00696	0.01094	0.01338	0.14794	0.04344	0.70428	0.01148	0.00550	0.00156	0.00233	0.00963	0.00443	0.00399
68	0.00567	0.00405	0.00540	0.00648	0.00675	0.00378	0.00432	0.00648	0.00891	0.01188	0.02564	0.83347	0.03077	0.01457	0.00594	0.00189	0.00270	0.01323	0.00432	0.00378
69	0.02087	0.00792	0.01080	0.00828	0.01188	0.00684	0.00684	0.02267	0.01332	0.81071	0.01835	0.01583	0.01152	0.00576	0.00468	0.00144	0.00396	0.00468	0.00576	0.00792
70	0.00944	0.00894	0.01514	0.63389	0.21835	0.01051	0.01325	0.01246	0.00961	0.01268	0.00838	0.01219	0.00648	0.00453	0.00464	0.00151	0.00604	0.00414	0.00212	0.00570
71	0.00645	0.00475	0.00603	0.00571	0.00687	0.00433	0.00428	0.00852	0.01285	0.01790	0.71140	0.03599	0.13800	0.00979	0.00549	0.00148	0.00221	0.00859	0.00502	0.00433
72	0.00566	0.00430	0.00522	0.00588	0.00661	0.00386	0.00407	0.00665	0.00965	0.01242	0.06972	0.54248	0.27982	0.01344	0.00578	0.00177	0.00257	0.01190	0.00436	0.00386
73	0.01188	0.01250	0.01169	0.00953	0.01222	0.22905	0.00756	0.01346	0.01002	0.01320	0.00747	0.00943	0.00646	0.00492	0.00643	0.00114	0.19880	0.00313	0.00249	0.42862
74	0.01034	0.01147	0.02445	0.08126	0.02337	0.01095	0.66056	0.01392	0.01067	0.01440	0.01076	0.08500	0.00908	0.00492	0.00546	0.00160	0.00726	0.00607	0.00250	0.00597
75	0.00744	0.00636	0.00668	0.00671	0.00824	0.03673	0.00516	0.01098	0.15586	0.01427	0.08222	0.14300	0.36968	0.01088	0.00549	0.00167	0.00314	0.11644	0.00437	0.00468
76	0.00954	0.07991	0.75842	0.01290	0.01957	0.01133	0.01656	0.01468	0.00980	0.01447	0.00822	0.00966	0.00590	0.00439	0.00432	0.00144	0.00675	0.00337	0.00197	0.00681
77	0.00720	0.00655	0.01114	0.00983	0.01135	0.01835	0.20631	0.00884	0.00961	0.01269	0.02246	0.56335	0.07004	0.01152	0.00577	0.00178	0.00409	0.01088	0.00378	0.00445

[dist]
# distance from previous block
# <min> <max>
0	1

[block]
# block no. 3 follows, 55 sequences, length 20
# corresponding to MSA columns:
# 174-193
name=unknown_D
#
# <colnr> <probs for GDERKNQSTAVLIFYWHMCP>
#	G	D	E	R	K	N	Q	S	T	A	V	L	I	F	Y	W	H	M	C	P
0	0.01193	0.00879	0.00970	0.00822	0.01047	0.00970	0.00654	0.27490	0.18122	0.02180	0.17924	0.01860	0.01748	0.00664	0.00504	0.00141	0.04044	0.00532	0.17633	0.00622
1	0.00667	0.00473	0.00612	0.00612	0.00654	0.00507	0.00417	0.00744	0.00721	0.00992	0.01475	0.02553	0.04035	0.45516	0.37429	0.00573	0.00795	0.00608	0.00272	0.00345
2	0.00989	0.00983	0.05240	0.01185	0.01374	0.01043	0.16239	0.09100	0.04684	0.01467	0.01382	0.20630	0.01403	0.00862	0.00846	0.00180	0.25545	0.05987	0.00317	0.00544
3	0.00567	0.00405	0.00540	0.00648	0.00675	0.00378	0.00432	0.00648	0.00891	0.01188	0.02564	0.83347	0.03077	0.01457	0.00594	0.00189	0.00270	0.01323	0.00432	0.00378
4	0.01568	0.01203	0.01283	0.01030	0.01366	0.01349	0.00836	0.53997	0.27714	0.02608	0.01372	0.01320	0.00998	0.00582	0.00468	0.00146	0.00465	0.00454	0.00468	0.00773
5	0.01157	0.00999	0.01052	0.00947	0.01210	0.01157	0.00736	0.02472	0.79908	0.01946	0.01893	0.01736	0.01420	0.00631	0.00473	0.00158	0.00368	0.00526	0.00473	0.00736
6	0.02087	0.00792	0.01080	0.00828	0.01188	0.00684	0.00684	0.02267	0.01332	0.81071	0.01835	0.01583	0.01152	0.00576	0.00468	0.00144	0.00396	0.00468	0.00576	0.00792
7	0.00991	0.17706	0.66452	0.01227	0.01860	0.01223	0.01546	0.01458	0.00975	0.01402	0.00800	0.00938	0.00591	0.00434	0.00415	0.00138	0.00652	0.00326	0.00197	0.00671
8	0.01734	0.01964	0.01281	0.01141	0.01399	0.65516	0.00867	0.04978	0.06584	0.08894	0.00919	0.00981	0.00714	0.00502	0.00429	0.00125	0.00752	0.00335	0.00296	0.00586
9	0.00933	0.02406	0.81240	0.01326	0.02014	0.01080	0.01719	0.01473	0.00982	0.01473	0.00835	0.00982	0.00589	0.00442	0.00442	0.00147	0.00688	0.00344	0.00196	0.00688
10	0.00567	0.00405	0.00540	0.00648	0.00675	0.00378	0.00432	0.00648	0.00891	0.01188	0.02564	0.83347	0.03077	0.01457	0.00594	0.00189	0.00270	0.01323	0.00432	0.00378
11	0.86937	0.00900	0.00684	0.00612	0.00900	0.01044	0.00504	0.01368	0.00792	0.02087	0.00648	0.00756	0.00504	0.00432	0.00288	0.00144	0.00360	0.00252	0.00288	0.00504
12	0.00658	0.00476	0.00622	0.00585	0.00695	0.00439	0.00439	0.00878	0.01317	0.01866	0.80503	0.03475	0.04390	0.00951	0.00549	0.00146	0.00219	0.00841	0.00512	0.00439
13	0.00795	0.00506	0.00666	0.00608	0.00742	0.00462	0.00462	0.01010	0.01318	0.09420	0.73000	0.03295	0.04081	0.00915	0.00541	0.00146	0.00236	0.00806	0.00518	0.00473
14	0.00630	0.00478	0.00582	0.00567	0.00691	0.00431	0.00432	0.00816	0.01219	0.01640	0.51140	0.03912	0.28609	0.01046	0.00555	0.00154	0.00238	0.05955	0.00481	0.00423
15	0.02073	0.00815	0.01094	0.00839	0.01199	0.00719	0.00693	0.05828	0.01371	0.77454	0.01802	0.01562	0.01135	0.00575	0.00468	0.00144	0.00401	0.00466	0.00571	0.00792
16	0.00753	0.00612	0.00730	0.00717	0.00837	0.02961	0.00550	0.04134	0.06506	0.01331	0.07145	0.12156	0.18869	0.04542	0.28986	0.00378	0.02705	0.05278	0.00361	0.00448
17	0.01876	0.01023	0.01215	0.00928	0.01297	0.01021	0.00766	0.36742	0.01693	0.41138	0.01451	0.01336	0.00962	0.00554	0.00459	0.00137	0.00445	0.00434	0.00508	0.06015
18	0.01466	0.01191	0.01302	0.09363	0.05085	0.07222	0.00871	0.40964	0.04483	0.04172	0.01032	0.01112	0.00767	0.00495	0.00437	0.00126	0.00506	0.00384	0.00375	0.18646
19	0.05942	0.32606	0.15546	0.04050	0.06172	0.05070	0.01022	0.21409	0.01285	0.01716	0.00823	0.00929	0.00650	0.00456	0.00387	0.00126	0.00550	0.00327	0.00276	0.00660

[dist]
# distance from previous block
# <min> <max>
0	6

[block]
# block no. 4 follows, 55 sequences, length 36
# corresponding to MSA columns:
# 200-235
name=unknown_E
#
# <colnr> <probs for GDERKNQSTAVLIFYWHMCP>
#	G	D	E	R	K	N	Q	S	T	A	V	L	I	F	Y	W	H	M	C	P
0	0.39003	0.10458	0.01217	0.22515	0.06002	0.03875	0.00841	0.06669	0.02779	0.01727	0.00770	0.00955	0.00602	0.00451	0.00366	0.00141	0.00482	0.00323	0.00268	0.00557
1	0.01420	0.01033	0.03319	0.02538	0.21154	0.06786	0.00906	0.07572	0.07885	0.24058	0.01317	0.03023	0.01009	0.03545	0.06855	0.00195	0.00547	0.00454	0.00376	0.06007
2	0.01162	0.10117	0.20349	0.01057	0.01389	0.15838	0.02363	0.01648	0.18231	0.03241	0.03833	0.01407	0.02812	0.05180	0.01810	0.00170	0.08064	0.00430	0.00296	0.00606
3	0.20092	0.00853	0.01020	0.22395	0.01611	0.00910	0.00768	0.04940	0.09578	0.01667	0.04752	0.01238	0.00911	0.00596	0.03770	0.00153	0.00463	0.00377	0.00301	0.23604
4	0.00949	0.00789	0.00765	0.00681	0.00883	0.10909	0.00521	0.01180	0.05457	0.08567	0.28555	0.02920	0.25689	0.00846	0.00501	0.00139	0.00340	0.00707	0.00433	0.09171
5	0.00965	0.00827	0.00965	0.00689	0.01102	0.00620	0.00551	0.01171	0.00965	0.01516	0.00827	0.00965	0.00689	0.00345	0.00345	0.00069	0.00345	0.00276	0.00276	0.86494
6	0.00750	0.00535	0.00750	0.00857	0.00964	0.00535	0.00750	0.00964	0.01071	0.01392	0.02463	0.05248	0.02677	0.01285	0.00643	0.00214	0.00428	0.77617	0.00428	0.00428
7	0.00646	0.00475	0.00605	0.00572	0.00687	0.00434	0.00429	0.00854	0.01288	0.01796	0.71854	0.03589	0.13082	0.00977	0.00549	0.00148	0.00221	0.00857	0.00503	0.00434
8	0.00965	0.00827	0.00965	0.00689	0.01102	0.00620	0.00551	0.01171	0.00965	0.01516	0.00827	0.00965	0.00689	0.00345	0.00345	0.00069	0.00345	0.00276	0.00276	0.86494
9	0.00607	0.00474	0.00550	0.00531	0.00663	0.00417	0.00398	0.00778	0.01195	0.01575	0.44359	0.03953	0.40715	0.01059	0.00549	0.00151	0.00227	0.00908	0.00474	0.00417
10	0.30107	0.00986	0.00956	0.00784	0.01072	0.01098	0.00640	0.36784	0.01466	0.02398	0.01044	0.01125	0.00779	0.00513	0.00377	0.00135	0.00399	0.00366	0.18352	0.00620
11	0.00808	0.00404	0.00606	0.00606	0.00606	0.00404	0.00404	0.00606	0.00606	0.00808	0.00808	0.01414	0.00808	0.01616	0.01818	0.86465	0.00404	0.00404	0.00202	0.00202
12	0.05272	0.04454	0.01152	0.00920	0.01215	0.01160	0.00740	0.21993	0.40347	0.09164	0.07308	0.01604	0.01375	0.00612	0.00461	0.00148	0.00402	0.00492	0.00463	0.00717
13	0.01006	0.02254	0.71054	0.01392	0.06306	0.01108	0.01642	0.07134	0.01074	0.01582	0.00858	0.01001	0.00612	0.00449	0.00445	0.00146	0.00667	0.00353	0.00218	0.00698
14	0.00722	0.00517	0.00712	0.00785	0.00890	0.00507	0.00664	0.00933	0.01124	0.01499	0.21214	0.07443	0.03102	0.01211	0.00618	0.00197	0.00373	0.56612	0.00449	0.00429
15	0.01105	0.01236	0.02635	0.02075	0.12450	0.01167	0.69128	0.01482	0.01093	0.01494	0.00933	0.01242	0.00710	0.00395	0.00538	0.00154	0.00755	0.00532	0.00235	0.00641
16	0.00867	0.00434	0.00434	0.00434	0.00542	0.00434	0.00325	0.01084	0.00976	0.01734	0.01518	0.01734	0.01192	0.00542	0.00325	0.00108	0.00217	0.00434	0.86233	0.00434
17	0.01046	0.00824	0.00973	0.00699	0.01109	0.00625	0.00561	0.01251	0.00991	0.07313	0.00900	0.01010	0.00723	0.00361	0.00354	0.00074	0.00348	0.00290	0.00297	0.80250
18	0.01003	0.01158	0.07081	0.01124	0.03366	0.17914	0.17243	0.01247	0.01194	0.01521	0.30479	0.10909	0.02296	0.00738	0.00516	0.00147	0.00518	0.00670	0.00357	0.00519
19	0.01157	0.00999	0.01052	0.00947	0.01210	0.01157	0.00736	0.02472	0.79908	0.01946	0.01893	0.01736	0.01420	0.00631	0.00473	0.00158	0.00368	0.00526	0.00473	0.00736
20	0.11771	0.00626	0.00694	0.00722	0.00845	0.00669	0.00522	0.01223	0.21809	0.01504	0.02141	0.51163	0.02309	0.01107	0.00523	0.00175	0.00307	0.00975	0.00424	0.00489
21	0.00716	0.00498	0.00585	0.00549	0.00701	0.00436	0.00417	0.00884	0.01195	0.07652	0.38133	0.03810	0.40656	0.01031	0.00543	0.00151	0.00241	0.00880	0.00479	0.00444
22	0.01123	0.01272	0.12039	0.02660	0.70677	0.01102	0.01465	0.01434	0.01049	0.01514	0.00870	0.01130	0.00718	0.00418	0.00458	0.00139	0.00570	0.00405	0.00226	0.00731
23	0.00933	0.02406	0.81240	0.01326	0.02014	0.01080	0.01719	0.01473	0.00982	0.01473	0.00835	0.00982	0.00589	0.00442	0.00442	0.00147	0.00688	0.00344	0.00196	0.00688
24	0.00990	0.00831	0.00971	0.00713	0.01101	0.00662	0.00569	0.05821	0.01027	0.01574	0.00906	0.03123	0.00776	0.00516	0.03735	0.00104	0.00390	0.00320	0.00290	0.75580
25	0.00879	0.00827	0.01395	0.82532	0.03204	0.01034	0.01292	0.01189	0.00930	0.01189	0.00827	0.01240	0.00620	0.00465	0.00465	0.00155	0.00620	0.00413	0.00207	0.00517
26	0.01151	0.01105	0.01888	0.02855	0.80748	0.01105	0.01428	0.01428	0.01059	0.01520	0.00875	0.01151	0.00737	0.00415	0.00461	0.00138	0.00553	0.00415	0.00230	0.00737
27	0.00658	0.00476	0.00622	0.00585	0.00695	0.00439	0.00439	0.00878	0.01317	0.01866	0.80503	0.03475	0.04390	0.00951	0.00549	0.00146	0.00219	0.00841	0.00512	0.00439
28	0.02087	0.00792	0.01080	0.00828	0.01188	0.00684	0.00684	0.02267	0.01332	0.81071	0.01835	0.01583	0.01152	0.00576	0.00468	0.00144	0.00396	0.00468	0.00576	0.00792
29	0.01131	0.01084	0.01851	0.08946	0.74821	0.01100	0.01417	0.01409	0.01049	0.01495	0.00871	0.01158	0.00728	0.00418	0.00461	0.00139	0.00558	0.00414	0.00228	0.00720
30	0.00680	0.00490	0.00571	0.00542	0.00688	0.00429	0.00409	0.00847	0.01191	0.05714	0.38875	0.03872	0.41914	0.01044	0.00545	0.00152	0.00237	0.00891	0.00476	0.00435
31	0.05172	0.00490	0.00627	0.00653	0.00750	0.00472	0.00498	0.00858	0.01131	0.01610	0.41290	0.24817	0.03523	0.01120	0.00564	0.00170	0.00279	0.15088	0.00464	0.00424
32	0.01261	0.00934	0.01063	0.00790	0.01172	0.00840	0.00640	0.22600	0.01326	0.07684	0.01016	0.01092	0.00777	0.00430	0.00386	0.00096	0.00387	0.00337	0.04853	0.52315
33	0.01128	0.02077	0.64348	0.01227	0.01841	0.01022	0.01503	0.01651	0.05173	0.14100	0.01049	0.01117	0.00722	0.00473	0.00448	0.00147	0.00625	0.00373	0.00271	0.00707
34	0.01505	0.11885	0.01553	0.01341	0.15107	0.10410	0.00954	0.38828	0.05880	0.02117	0.01083	0.01294	0.00868	0.00546	0.00448	0.00137	0.00542	0.04434	0.00364	0.00707
35	0.17690	0.01047	0.01205	0.05218	0.01385	0.01126	0.04011	0.32758	0.07889	0.19656	0.01253	0.02707	0.00896	0.00549	0.00439	0.00145	0.00459	0.00428	0.00433	0.00704

[dist]
# distance from previous block
# <min> <max>
0	275

# created by:
# /st0/software/busco_prod/Augustus/scripts/msa2prfl.pl ./align_prep/54914.fa
