[name]
unknown

[dist]
# distance from previous block
# <min> <max>
0	30

[block]
# block no. 0 follows, 50 sequences, length 52
# corresponding to MSA columns:
# 30-81
name=unknown_A
#
# <colnr> <probs for GDERKNQSTAVLIFYWHMCP>
#	G	D	E	R	K	N	Q	S	T	A	V	L	I	F	Y	W	H	M	C	P
0	0.01278	0.14699	0.32840	0.01199	0.01687	0.11247	0.03711	0.07200	0.05563	0.05405	0.01256	0.01553	0.03494	0.00590	0.00475	0.00152	0.00644	0.06021	0.00302	0.00685
1	0.01170	0.02444	0.61571	0.01423	0.02064	0.12946	0.05331	0.04525	0.01161	0.01585	0.00893	0.01049	0.00647	0.00482	0.00476	0.00154	0.00759	0.00375	0.00230	0.00714
2	0.00641	0.00615	0.07107	0.00741	0.00835	0.00469	0.00568	0.00769	0.00966	0.01294	0.02678	0.69913	0.06704	0.03336	0.00665	0.00204	0.00329	0.01297	0.00438	0.00431
3	0.06101	0.09974	0.26014	0.01224	0.01643	0.28772	0.01201	0.05723	0.01226	0.05685	0.00874	0.01006	0.00676	0.00529	0.00540	0.00147	0.07384	0.00354	0.00270	0.00657
4	0.64152	0.01070	0.00878	0.00746	0.01076	0.04945	0.00609	0.09526	0.01053	0.02219	0.00771	0.00878	0.00598	0.00470	0.00342	0.00144	0.00426	0.00294	0.00325	0.09480
5	0.01863	0.01365	0.01462	0.01124	0.01514	0.01510	0.00928	0.75182	0.02301	0.03099	0.01211	0.01219	0.00862	0.00598	0.00494	0.00148	0.00538	0.00449	0.03299	0.00835
6	0.00989	0.02500	0.76898	0.01391	0.02104	0.01132	0.01790	0.01554	0.01066	0.01594	0.03858	0.01154	0.00786	0.00494	0.00478	0.00158	0.00718	0.00389	0.00223	0.00727
7	0.00607	0.00434	0.00578	0.00694	0.00723	0.00405	0.00463	0.00694	0.00954	0.01272	0.02747	0.82157	0.03297	0.01562	0.00636	0.00202	0.00289	0.01417	0.00463	0.00405
8	0.86003	0.00964	0.00733	0.00655	0.00964	0.01118	0.00540	0.01465	0.00848	0.02236	0.00694	0.00810	0.00540	0.00463	0.00308	0.00154	0.00386	0.00270	0.00308	0.00540
9	0.01240	0.01071	0.01127	0.01014	0.01296	0.01240	0.00789	0.02649	0.78473	0.02085	0.02029	0.01860	0.01522	0.00676	0.00507	0.00169	0.00394	0.00564	0.00507	0.00789
10	0.01214	0.01185	0.02086	0.06847	0.68180	0.01188	0.08878	0.01523	0.01132	0.01608	0.00942	0.01249	0.00780	0.00444	0.00503	0.00151	0.00620	0.00458	0.00246	0.00766
11	0.01344	0.29068	0.31917	0.01207	0.04237	0.05743	0.01264	0.10808	0.02907	0.05786	0.00940	0.01035	0.00717	0.00486	0.00427	0.00138	0.00626	0.00355	0.00278	0.00718
12	0.00716	0.00518	0.00718	0.00718	0.00779	0.00578	0.00520	0.00837	0.00777	0.01096	0.01411	0.02377	0.01428	0.29052	0.55442	0.00699	0.01061	0.00595	0.00278	0.00399
13	0.00866	0.00433	0.00649	0.00649	0.00649	0.00433	0.00433	0.00649	0.00649	0.00866	0.00866	0.01515	0.00866	0.01732	0.01948	0.85498	0.00433	0.00433	0.00216	0.00216
14	0.01141	0.36555	0.47159	0.01180	0.01785	0.01503	0.01423	0.01542	0.01036	0.01407	0.00809	0.00945	0.00635	0.00454	0.00408	0.00136	0.00650	0.00325	0.00212	0.00696
15	0.04687	0.03964	0.01565	0.10189	0.12611	0.06669	0.04580	0.29268	0.13569	0.06101	0.01221	0.01304	0.00907	0.00554	0.00487	0.00153	0.00568	0.00453	0.00396	0.00754
16	0.01918	0.01284	0.01438	0.04083	0.01569	0.01391	0.00927	0.62025	0.02137	0.16136	0.01316	0.01287	0.00907	0.00598	0.00499	0.00151	0.00532	0.00458	0.00509	0.00837
17	0.00712	0.00534	0.00801	0.00801	0.00890	0.00623	0.00623	0.00890	0.00801	0.01157	0.01335	0.01958	0.01246	0.03738	0.80507	0.00801	0.01335	0.00534	0.00267	0.00445
18	0.01460	0.12358	0.16183	0.01154	0.01546	0.23147	0.01056	0.09311	0.23947	0.03201	0.01216	0.01240	0.00928	0.00552	0.00460	0.00146	0.00631	0.00409	0.00346	0.00708
19	0.00967	0.00920	0.03064	0.48217	0.02561	0.01044	0.05264	0.01487	0.16225	0.01457	0.01378	0.12755	0.01206	0.00678	0.00524	0.00172	0.00570	0.00609	0.00313	0.00589
20	0.01013	0.05676	0.76915	0.01399	0.02123	0.01189	0.01803	0.01575	0.01051	0.01563	0.00887	0.01043	0.00632	0.00472	0.00468	0.00156	0.00729	0.00364	0.00211	0.00733
21	0.00598	0.00504	0.00520	0.00531	0.00689	0.00426	0.00399	0.00726	0.01127	0.01348	0.04834	0.09058	0.72184	0.01283	0.00595	0.00172	0.00262	0.03860	0.00463	0.00421
22	0.07344	0.01153	0.03944	0.17861	0.32814	0.04718	0.07345	0.01627	0.02568	0.12254	0.01163	0.01368	0.02627	0.00505	0.00490	0.00155	0.00595	0.00459	0.00306	0.00704
23	0.01862	0.02376	0.01413	0.01284	0.01541	0.80482	0.00963	0.01990	0.01413	0.01220	0.00770	0.00899	0.00642	0.00514	0.00449	0.00128	0.00899	0.00321	0.00257	0.00578
24	0.00713	0.00531	0.00787	0.00787	0.00871	0.00615	0.00605	0.00881	0.00797	0.01147	0.01348	0.02029	0.01277	0.08045	0.76243	0.00784	0.01289	0.00544	0.00269	0.00437
25	0.01091	0.01026	0.01709	0.15702	0.51586	0.01083	0.01334	0.01354	0.01067	0.01497	0.01163	0.12390	0.01107	0.00631	0.00576	0.00162	0.04991	0.00578	0.00271	0.00684
26	0.01664	0.25481	0.01748	0.01075	0.01421	0.26386	0.00898	0.27533	0.01587	0.01878	0.00932	0.01025	0.00745	0.00588	0.02131	0.00143	0.00660	0.00358	0.03065	0.00681
27	0.01168	0.01222	0.01500	0.01296	0.01326	0.10248	0.01067	0.01281	0.00836	0.01201	0.00681	0.01087	0.00665	0.00890	0.03076	0.00220	0.71042	0.00425	0.00223	0.00547
28	0.86003	0.00964	0.00733	0.00655	0.00964	0.01118	0.00540	0.01465	0.00848	0.02236	0.00694	0.00810	0.00540	0.00463	0.00308	0.00154	0.00386	0.00270	0.00308	0.00540
29	0.01346	0.80820	0.02583	0.00863	0.01286	0.03888	0.00856	0.01505	0.01023	0.01174	0.00695	0.00802	0.00640	0.00429	0.00323	0.00107	0.00542	0.00268	0.00214	0.00638
30	0.00736	0.00538	0.00668	0.00624	0.00762	0.00498	0.00470	0.01001	0.03964	0.01923	0.63031	0.03566	0.10965	0.00984	0.00565	0.00153	0.00246	0.00860	0.05163	0.03281
31	0.86003	0.00964	0.00733	0.00655	0.00964	0.01118	0.00540	0.01465	0.00848	0.02236	0.00694	0.00810	0.00540	0.00463	0.00308	0.00154	0.00386	0.00270	0.00308	0.00540
32	0.01047	0.09567	0.67100	0.01340	0.02014	0.01236	0.01674	0.01652	0.06903	0.01581	0.00962	0.01091	0.00699	0.00485	0.00462	0.00154	0.00693	0.00374	0.00233	0.00732
33	0.00617	0.00506	0.00544	0.00535	0.00691	0.00433	0.00401	0.00770	0.01203	0.01506	0.23122	0.04535	0.60999	0.01203	0.00589	0.00165	0.00248	0.01015	0.00484	0.00433
34	0.00866	0.00433	0.00649	0.00649	0.00649	0.00433	0.00433	0.00649	0.00649	0.00866	0.00866	0.01515	0.00866	0.01732	0.01948	0.85498	0.00433	0.00433	0.00216	0.00216
35	0.00725	0.00483	0.00544	0.00544	0.00544	0.00483	0.00302	0.00725	0.00725	0.00966	0.01571	0.03262	0.01812	0.82483	0.02537	0.00483	0.00483	0.00725	0.00302	0.00302
36	0.04086	0.76266	0.02494	0.00867	0.01282	0.05733	0.00848	0.01516	0.01027	0.01209	0.00697	0.00805	0.00637	0.00432	0.00326	0.00109	0.00546	0.00269	0.00218	0.00633
37	0.01000	0.02578	0.79900	0.01421	0.02157	0.01158	0.01842	0.01579	0.01052	0.01579	0.00895	0.01052	0.00631	0.00474	0.00474	0.00158	0.00737	0.00368	0.00210	0.00737
38	0.01436	0.59538	0.02260	0.00920	0.01324	0.01806	0.00864	0.19515	0.01318	0.01638	0.00843	0.00950	0.00718	0.00627	0.04231	0.00150	0.00575	0.00323	0.00283	0.00680
39	0.01863	0.01311	0.01418	0.01093	0.01476	0.01436	0.00901	0.68866	0.02216	0.07810	0.01268	0.01264	0.00895	0.00599	0.00491	0.00148	0.00524	0.00453	0.05141	0.00827
40	0.01176	0.01345	0.02941	0.02101	0.02605	0.01261	0.77563	0.01597	0.01176	0.01597	0.01008	0.01345	0.00756	0.00420	0.00588	0.00168	0.00840	0.00588	0.00252	0.00672
41	0.01127	0.01084	0.01329	0.01107	0.01327	0.14058	0.16241	0.01422	0.09622	0.04312	0.05526	0.05097	0.10953	0.12417	0.00975	0.05491	0.04997	0.02033	0.00349	0.00534
42	0.00941	0.00886	0.01495	0.81285	0.03433	0.01107	0.01384	0.01274	0.00997	0.01274	0.00886	0.01329	0.00664	0.00498	0.00498	0.00166	0.00664	0.00443	0.00221	0.00554
43	0.00683	0.00542	0.00618	0.00593	0.00745	0.00494	0.00446	0.00939	0.06049	0.01693	0.39050	0.04120	0.39990	0.01114	0.00583	0.00163	0.00253	0.00952	0.00505	0.00466
44	0.00609	0.00506	0.00533	0.00526	0.00686	0.00429	0.00395	0.00754	0.01184	0.01459	0.17843	0.04611	0.66307	0.01220	0.00589	0.00166	0.00249	0.01026	0.00478	0.00429
45	0.02671	0.32276	0.01911	0.04270	0.18792	0.12691	0.01002	0.01727	0.13356	0.01479	0.02240	0.01175	0.00895	0.00499	0.00418	0.00133	0.00565	0.00383	0.02841	0.00675
46	0.00866	0.00433	0.00649	0.00649	0.00649	0.00433	0.00433	0.00649	0.00649	0.00866	0.00866	0.01515	0.00866	0.01732	0.01948	0.85498	0.00433	0.00433	0.00216	0.00216
47	0.00611	0.00478	0.00557	0.00616	0.00719	0.00424	0.00444	0.00727	0.01056	0.01323	0.03869	0.39111	0.40471	0.01403	0.00617	0.00188	0.00283	0.06225	0.00463	0.00416
48	0.05741	0.00881	0.03726	0.01028	0.07762	0.08608	0.00737	0.01279	0.01130	0.13141	0.05351	0.33599	0.04032	0.01069	0.00564	0.00179	0.00434	0.09755	0.00432	0.00550
49	0.03025	0.01243	0.04494	0.20720	0.44066	0.06682	0.04228	0.04048	0.01165	0.04222	0.00953	0.01236	0.00755	0.00473	0.00491	0.00152	0.00633	0.00436	0.00263	0.00713
50	0.01305	0.01436	0.04113	0.01867	0.05384	0.09058	0.51743	0.10353	0.01310	0.01716	0.01042	0.03686	0.00827	0.00501	0.00593	0.00164	0.03385	0.00555	0.00285	0.00677
51	0.01155	0.17135	0.43361	0.01396	0.08066	0.01322	0.03673	0.08063	0.03774	0.01635	0.00952	0.01116	0.00731	0.00653	0.04738	0.00182	0.00694	0.00384	0.00253	0.00717

[dist]
# distance from previous block
# <min> <max>
4	7

[block]
# block no. 1 follows, 50 sequences, length 23
# corresponding to MSA columns:
# 89-111
name=unknown_B
#
# <colnr> <probs for GDERKNQSTAVLIFYWHMCP>
#	G	D	E	R	K	N	Q	S	T	A	V	L	I	F	Y	W	H	M	C	P
0	0.01624	0.18813	0.01486	0.00972	0.03731	0.03431	0.00790	0.15364	0.07524	0.26537	0.09697	0.01738	0.04879	0.00639	0.00473	0.00144	0.00459	0.00505	0.00463	0.00730
1	0.01460	0.01133	0.01420	0.31551	0.03987	0.05815	0.01080	0.22659	0.05587	0.12146	0.01161	0.01321	0.00840	0.00558	0.00531	0.00155	0.03417	0.00445	0.00371	0.04363
2	0.00634	0.00507	0.00568	0.00552	0.00701	0.00440	0.00414	0.00803	0.01243	0.01600	0.33821	0.04380	0.50241	0.01168	0.00589	0.00164	0.00246	0.00993	0.00496	0.00440
3	0.00606	0.00475	0.00549	0.00594	0.00700	0.00418	0.00421	0.00725	0.01082	0.01368	0.10051	0.37228	0.41276	0.01369	0.00609	0.00182	0.00267	0.01193	0.00470	0.00418
4	0.01333	0.82783	0.02612	0.00853	0.01279	0.01972	0.00853	0.01493	0.01013	0.01173	0.00693	0.00800	0.00640	0.00426	0.00320	0.00107	0.00533	0.00267	0.00213	0.00640
5	0.00629	0.00454	0.00600	0.00705	0.00753	0.00425	0.00493	0.00737	0.00998	0.01321	0.05134	0.67637	0.07504	0.01510	0.00638	0.00202	0.00303	0.09079	0.00465	0.00413
6	0.86003	0.00964	0.00733	0.00655	0.00964	0.01118	0.00540	0.01465	0.00848	0.02236	0.00694	0.00810	0.00540	0.00463	0.00308	0.00154	0.00386	0.00270	0.00308	0.00540
7	0.01008	0.00592	0.00604	0.00576	0.00728	0.00625	0.00439	0.03551	0.14062	0.01932	0.01682	0.01840	0.01306	0.00597	0.00379	0.00126	0.00268	0.00481	0.68673	0.00530
8	0.86003	0.00964	0.00733	0.00655	0.00964	0.01118	0.00540	0.01465	0.00848	0.02236	0.00694	0.00810	0.00540	0.00463	0.00308	0.00154	0.00386	0.00270	0.00308	0.00540
9	0.01862	0.02376	0.01413	0.01284	0.01541	0.80482	0.00963	0.01990	0.01413	0.01220	0.00770	0.00899	0.00642	0.00514	0.00449	0.00128	0.00899	0.00321	0.00257	0.00578
10	0.86003	0.00964	0.00733	0.00655	0.00964	0.01118	0.00540	0.01465	0.00848	0.02236	0.00694	0.00810	0.00540	0.00463	0.00308	0.00154	0.00386	0.00270	0.00308	0.00540
11	0.00969	0.00605	0.00844	0.00914	0.01060	0.00592	0.00795	0.01194	0.01180	0.10545	0.02561	0.05168	0.02679	0.01289	0.00667	0.00221	0.00455	0.67278	0.00477	0.00504
12	0.00736	0.00513	0.00662	0.00733	0.00788	0.00507	0.00548	0.00851	0.00950	0.01250	0.02253	0.19267	0.02548	0.32271	0.01382	0.00321	0.00436	0.33195	0.00400	0.00389
13	0.00607	0.00434	0.00578	0.00694	0.00723	0.00405	0.00463	0.00694	0.00954	0.01272	0.02747	0.82157	0.03297	0.01562	0.00636	0.00202	0.00289	0.01417	0.00463	0.00405
14	0.00657	0.00504	0.00582	0.00564	0.00690	0.00450	0.00411	0.00818	0.01212	0.01596	0.37966	0.04136	0.36715	0.10553	0.00814	0.00200	0.00271	0.00946	0.00483	0.00429
15	0.17347	0.02018	0.53331	0.01197	0.01801	0.01088	0.01432	0.01681	0.01068	0.13128	0.01013	0.01100	0.00702	0.00492	0.00446	0.00157	0.00624	0.00369	0.00289	0.00716
16	0.00607	0.00434	0.00578	0.00694	0.00723	0.00405	0.00463	0.00694	0.00954	0.01272	0.02747	0.82157	0.03297	0.01562	0.00636	0.00202	0.00289	0.01417	0.00463	0.00405
17	0.04187	0.00932	0.01190	0.00922	0.01297	0.00875	0.00760	0.14972	0.01544	0.62168	0.01784	0.01600	0.01152	0.00721	0.03353	0.00177	0.00477	0.00488	0.00577	0.00826
18	0.01322	0.05491	0.06817	0.35267	0.04860	0.26198	0.04261	0.03156	0.01183	0.03569	0.00928	0.03048	0.00743	0.00524	0.00479	0.00150	0.00724	0.00421	0.00256	0.00601
19	0.01083	0.02462	0.74627	0.01385	0.02098	0.01129	0.01767	0.01635	0.01077	0.06811	0.00966	0.01095	0.00672	0.00483	0.00475	0.00158	0.00716	0.00377	0.00238	0.00744
20	0.70945	0.01199	0.09939	0.02867	0.01187	0.03956	0.00728	0.01492	0.00896	0.02099	0.00725	0.00855	0.00557	0.00467	0.00338	0.00154	0.00452	0.00288	0.00293	0.00564
21	0.00725	0.00511	0.00686	0.00686	0.00740	0.00561	0.00484	0.00833	0.00779	0.01105	0.01440	0.02479	0.01475	0.35282	0.46359	0.00649	0.00954	0.00608	0.03255	0.00388
22	0.04045	0.05080	0.03810	0.01221	0.08432	0.04149	0.03327	0.15615	0.33380	0.06713	0.06318	0.01681	0.02755	0.00630	0.00495	0.00157	0.00479	0.00520	0.00444	0.00749

[dist]
# distance from previous block
# <min> <max>
0	1

[block]
# block no. 2 follows, 50 sequences, length 24
# corresponding to MSA columns:
# 113-136
name=unknown_C
#
# <colnr> <probs for GDERKNQSTAVLIFYWHMCP>
#	G	D	E	R	K	N	Q	S	T	A	V	L	I	F	Y	W	H	M	C	P
0	0.01564	0.11066	0.01960	0.03174	0.04645	0.40200	0.19947	0.05924	0.01317	0.01428	0.00848	0.01042	0.00688	0.00495	0.00518	0.00142	0.03752	0.00399	0.00261	0.00629
1	0.00607	0.00434	0.00578	0.00694	0.00723	0.00405	0.00463	0.00694	0.00954	0.01272	0.02747	0.82157	0.03297	0.01562	0.00636	0.00202	0.00289	0.01417	0.00463	0.00405
2	0.01053	0.00877	0.00959	0.00907	0.01112	0.00985	0.00684	0.02046	0.53917	0.01839	0.04707	0.18798	0.02040	0.05368	0.00652	0.00194	0.00374	0.02336	0.00487	0.00665
3	0.86003	0.00964	0.00733	0.00655	0.00964	0.01118	0.00540	0.01465	0.00848	0.02236	0.00694	0.00810	0.00540	0.00463	0.00308	0.00154	0.00386	0.00270	0.00308	0.00540
4	0.00671	0.00508	0.00619	0.00591	0.00724	0.00456	0.00443	0.00874	0.01330	0.01807	0.57291	0.04040	0.26642	0.01091	0.00588	0.00160	0.00240	0.00946	0.00523	0.00456
5	0.01333	0.82783	0.02612	0.00853	0.01279	0.01972	0.00853	0.01493	0.01013	0.01173	0.00693	0.00800	0.00640	0.00426	0.00320	0.00107	0.00533	0.00267	0.00213	0.00640
6	0.00712	0.00534	0.00801	0.00801	0.00890	0.00623	0.00623	0.00890	0.00801	0.01157	0.01335	0.01958	0.01246	0.03738	0.80507	0.00801	0.01335	0.00534	0.00267	0.00445
7	0.01909	0.01374	0.01482	0.01136	0.01535	0.01513	0.00939	0.74662	0.02306	0.06243	0.01228	0.01217	0.00863	0.00599	0.00499	0.00150	0.00543	0.00451	0.00503	0.00848
8	0.01112	0.03149	0.17743	0.00999	0.01505	0.00848	0.06913	0.01421	0.01070	0.05954	0.00953	0.01094	0.00743	0.00410	0.00414	0.00104	0.00490	0.00344	0.00290	0.54445
9	0.06535	0.01385	0.04195	0.02548	0.55724	0.11924	0.07374	0.01595	0.01156	0.01607	0.00904	0.01166	0.00747	0.00454	0.00483	0.00148	0.00645	0.00426	0.00251	0.00735
10	0.06120	0.00888	0.01158	0.00892	0.01275	0.00801	0.00737	0.07088	0.01457	0.71322	0.01859	0.01624	0.01177	0.00609	0.00492	0.00154	0.00430	0.00487	0.00595	0.00834
11	0.00621	0.00506	0.00549	0.00538	0.00693	0.00434	0.00404	0.00777	0.01211	0.01525	0.25260	0.04504	0.58849	0.01196	0.00589	0.00165	0.00248	0.01011	0.00486	0.00434
12	0.03033	0.10292	0.64745	0.01364	0.03628	0.01248	0.01657	0.03375	0.03325	0.01606	0.00911	0.01053	0.00664	0.00477	0.00457	0.00153	0.00691	0.00365	0.00229	0.00728
13	0.00607	0.00434	0.00578	0.00694	0.00723	0.00405	0.00463	0.00694	0.00954	0.01272	0.02747	0.82157	0.03297	0.01562	0.00636	0.00202	0.00289	0.01417	0.00463	0.00405
14	0.02189	0.00924	0.01203	0.00923	0.01310	0.00845	0.00762	0.12804	0.01553	0.69166	0.01860	0.01628	0.01181	0.00614	0.00501	0.00154	0.00441	0.00494	0.00601	0.00848
15	0.01161	0.01274	0.07291	0.08119	0.36415	0.01188	0.24970	0.01572	0.05363	0.01601	0.01069	0.01454	0.00873	0.00497	0.00551	0.00162	0.02215	0.03243	0.00266	0.00716
16	0.08761	0.01462	0.01626	0.01535	0.14151	0.21738	0.11486	0.12520	0.02982	0.15800	0.01122	0.01215	0.00826	0.00525	0.00502	0.00149	0.02094	0.00431	0.00362	0.00712
17	0.00589	0.00505	0.00505	0.00505	0.00673	0.00421	0.00379	0.00715	0.01136	0.01347	0.05049	0.04797	0.79171	0.01262	0.00589	0.00168	0.00252	0.01052	0.00463	0.00421
18	0.01975	0.00772	0.01018	0.00802	0.01134	0.00679	0.00656	0.02176	0.01350	0.64154	0.01898	0.01729	0.01243	0.00610	0.00471	0.00147	0.00386	0.00494	0.17536	0.00772
19	0.02820	0.01246	0.07670	0.11138	0.26595	0.02429	0.19452	0.04582	0.01153	0.05441	0.01160	0.04028	0.03160	0.00554	0.00599	0.00163	0.06318	0.00520	0.00284	0.00687
20	0.01354	0.79586	0.02564	0.00870	0.01290	0.05093	0.00857	0.01512	0.01029	0.01175	0.00696	0.00804	0.00640	0.00430	0.00325	0.00107	0.00548	0.00269	0.00215	0.00637
21	0.01242	0.01506	0.06711	0.01868	0.04979	0.12955	0.51260	0.01589	0.01167	0.01502	0.01010	0.04454	0.00828	0.00513	0.00629	0.00166	0.06164	0.00554	0.00256	0.00647
22	0.09700	0.20976	0.19207	0.01464	0.13335	0.07205	0.08898	0.04367	0.02408	0.06686	0.00935	0.01074	0.00723	0.00472	0.00437	0.00142	0.00622	0.00379	0.00275	0.00696
23	0.00688	0.00542	0.00759	0.00805	0.00861	0.00559	0.02826	0.00802	0.00964	0.01294	0.02578	0.59841	0.07042	0.01476	0.02456	0.00216	0.08295	0.07134	0.00428	0.00432

[dist]
# distance from previous block
# <min> <max>
1	4

[block]
# block no. 3 follows, 50 sequences, length 11
# corresponding to MSA columns:
# 141-151
name=unknown_D
#
# <colnr> <probs for GDERKNQSTAVLIFYWHMCP>
#	G	D	E	R	K	N	Q	S	T	A	V	L	I	F	Y	W	H	M	C	P
0	0.00589	0.00505	0.00505	0.00505	0.00673	0.00421	0.00379	0.00715	0.01136	0.01347	0.05049	0.04797	0.79171	0.01262	0.00589	0.00168	0.00252	0.01052	0.00463	0.00421
1	0.01362	0.09130	0.12484	0.09601	0.05083	0.09872	0.01056	0.16071	0.17275	0.04744	0.01427	0.04381	0.04129	0.00617	0.00483	0.00153	0.00568	0.00491	0.00368	0.00704
2	0.00714	0.00528	0.00771	0.00771	0.00850	0.00607	0.00586	0.00871	0.00792	0.01135	0.01362	0.02109	0.01312	0.12862	0.71473	0.00764	0.01236	0.00556	0.00271	0.00428
3	0.01268	0.03365	0.06358	0.07351	0.41734	0.04459	0.19032	0.07322	0.01231	0.01683	0.00955	0.01228	0.00760	0.00458	0.00509	0.00153	0.00670	0.00464	0.00263	0.00737
4	0.00865	0.00615	0.00830	0.00724	0.00901	0.00564	0.03366	0.03863	0.01395	0.05961	0.61224	0.05850	0.03905	0.00932	0.00566	0.00152	0.00290	0.00826	0.00518	0.06652
5	0.01671	0.00726	0.00964	0.00798	0.01077	0.00648	0.00635	0.01898	0.03572	0.50096	0.17399	0.10298	0.02145	0.00793	0.00525	0.00158	0.00362	0.00674	0.04853	0.00707
6	0.01333	0.82783	0.02612	0.00853	0.01279	0.01972	0.00853	0.01493	0.01013	0.01173	0.00693	0.00800	0.00640	0.00426	0.00320	0.00107	0.00533	0.00267	0.00213	0.00640
7	0.00605	0.00443	0.00569	0.00671	0.00717	0.00407	0.00452	0.00697	0.00977	0.01282	0.03032	0.72602	0.12668	0.01525	0.00630	0.00198	0.00285	0.01372	0.00463	0.00407
8	0.00857	0.00669	0.00810	0.00855	0.00986	0.00709	0.00659	0.01391	0.24893	0.01584	0.02496	0.35987	0.02630	0.01237	0.00611	0.00200	0.00369	0.22042	0.00475	0.00538
9	0.01522	0.11247	0.01876	0.01306	0.01679	0.12945	0.21307	0.21474	0.01526	0.08974	0.06783	0.04715	0.01182	0.00589	0.00506	0.00149	0.00631	0.00522	0.00375	0.00690
10	0.02719	0.07818	0.17721	0.01099	0.04028	0.05957	0.02348	0.04007	0.16272	0.03485	0.07953	0.02802	0.01254	0.00574	0.00494	0.00139	0.02902	0.00457	0.00344	0.17627

[dist]
# distance from previous block
# <min> <max>
2	7

[block]
# block no. 4 follows, 50 sequences, length 20
# corresponding to MSA columns:
# 159-178
name=unknown_E
#
# <colnr> <probs for GDERKNQSTAVLIFYWHMCP>
#	G	D	E	R	K	N	Q	S	T	A	V	L	I	F	Y	W	H	M	C	P
0	0.05506	0.08391	0.21198	0.01264	0.07849	0.01093	0.06652	0.06315	0.07093	0.18559	0.03274	0.04557	0.04851	0.00608	0.00487	0.00155	0.00542	0.00510	0.00378	0.00719
1	0.00670	0.04525	0.04553	0.00739	0.00824	0.00524	0.00554	0.00786	0.00961	0.01281	0.02526	0.70320	0.02991	0.03426	0.00661	0.00203	0.00332	0.03259	0.00434	0.00431
2	0.77767	0.00980	0.00815	0.00790	0.04807	0.01127	0.00600	0.01526	0.04616	0.02199	0.00770	0.00881	0.00599	0.00472	0.00327	0.00155	0.00396	0.00293	0.00315	0.00564
3	0.02713	0.01202	0.07757	0.08264	0.18449	0.01141	0.12027	0.06215	0.18977	0.04114	0.01492	0.01612	0.06090	0.00579	0.00541	0.00158	0.02992	0.00518	0.00345	0.04816
4	0.00722	0.00493	0.00593	0.00593	0.00610	0.00510	0.00363	0.00756	0.00739	0.01003	0.01526	0.03013	0.01704	0.67457	0.17415	0.00544	0.00646	0.00688	0.00295	0.00329
5	0.22212	0.27602	0.01855	0.01417	0.18903	0.06250	0.05197	0.06546	0.01130	0.03559	0.00834	0.00983	0.00683	0.00460	0.00395	0.00136	0.00548	0.00346	0.00277	0.00666
6	0.00653	0.00507	0.00594	0.00572	0.00712	0.00448	0.00429	0.00839	0.01287	0.01705	0.45728	0.04207	0.38269	0.01129	0.00588	0.00162	0.00243	0.00969	0.00510	0.00448
7	0.00761	0.00546	0.00665	0.00628	0.00761	0.00523	0.00473	0.01074	0.07064	0.01937	0.58760	0.03463	0.10095	0.00964	0.00555	0.00154	0.00248	0.00840	0.10000	0.00489
8	0.01091	0.01091	0.01527	0.01309	0.01309	0.01527	0.01091	0.01200	0.00763	0.01200	0.00654	0.01091	0.00654	0.00872	0.01636	0.00218	0.81570	0.00436	0.00218	0.00545
9	0.01333	0.82783	0.02612	0.00853	0.01279	0.01972	0.00853	0.01493	0.01013	0.01173	0.00693	0.00800	0.00640	0.00426	0.00320	0.00107	0.00533	0.00267	0.00213	0.00640
10	0.01234	0.01184	0.02023	0.03059	0.79373	0.01184	0.01530	0.01530	0.01135	0.01628	0.00938	0.01234	0.00790	0.00444	0.00493	0.00148	0.00592	0.00444	0.00247	0.00790
11	0.86003	0.00964	0.00733	0.00655	0.00964	0.01118	0.00540	0.01465	0.00848	0.02236	0.00694	0.00810	0.00540	0.00463	0.00308	0.00154	0.00386	0.00270	0.00308	0.00540
12	0.01240	0.01071	0.01127	0.01014	0.01296	0.01240	0.00789	0.02649	0.78473	0.02085	0.02029	0.01860	0.01522	0.00676	0.00507	0.00169	0.00394	0.00564	0.00507	0.00789
13	0.00713	0.00531	0.00784	0.00784	0.00868	0.00614	0.00602	0.00879	0.00796	0.01145	0.01350	0.02042	0.01283	0.08810	0.75485	0.00781	0.01280	0.00546	0.00269	0.00436
14	0.01333	0.82783	0.02612	0.00853	0.01279	0.01972	0.00853	0.01493	0.01013	0.01173	0.00693	0.00800	0.00640	0.00426	0.00320	0.00107	0.00533	0.00267	0.00213	0.00640
15	0.02236	0.00848	0.01157	0.00887	0.01272	0.00733	0.00733	0.02429	0.01427	0.79719	0.01966	0.01697	0.01234	0.00617	0.00501	0.00154	0.00424	0.00501	0.00617	0.00848
16	0.00632	0.00507	0.00565	0.00550	0.00700	0.00439	0.00413	0.00799	0.01238	0.01588	0.32411	0.04400	0.51659	0.01172	0.00589	0.00164	0.00246	0.00996	0.00495	0.00439
17	0.07570	0.01316	0.01388	0.01076	0.01454	0.01458	0.00887	0.68346	0.02171	0.03010	0.01186	0.01206	0.00850	0.00588	0.00477	0.00148	0.00520	0.00437	0.05105	0.00806
18	0.00617	0.00444	0.00588	0.00701	0.00738	0.00415	0.00479	0.00713	0.00970	0.01287	0.02810	0.75666	0.05549	0.01543	0.00638	0.00203	0.00297	0.05472	0.00462	0.00408
19	0.00979	0.00676	0.00775	0.00734	0.00827	0.02985	0.00588	0.01179	0.01002	0.01647	0.01490	0.02074	0.01293	0.00735	0.00687	0.00153	0.19112	0.08894	0.53685	0.00486

[dist]
# distance from previous block
# <min> <max>
0	1

[block]
# block no. 5 follows, 50 sequences, length 18
# corresponding to MSA columns:
# 180-197
name=unknown_F
#
# <colnr> <probs for GDERKNQSTAVLIFYWHMCP>
#	G	D	E	R	K	N	Q	S	T	A	V	L	I	F	Y	W	H	M	C	P
0	0.01238	0.34085	0.31768	0.01265	0.04592	0.09519	0.04369	0.01567	0.01068	0.01367	0.00797	0.00957	0.00648	0.00474	0.00470	0.00137	0.04446	0.00338	0.00220	0.00673
1	0.01693	0.28129	0.01800	0.01141	0.01457	0.52635	0.00927	0.04391	0.01316	0.01270	0.00760	0.00877	0.00648	0.00489	0.00410	0.00122	0.00770	0.00308	0.00251	0.00607
2	0.01499	0.00923	0.01111	0.00828	0.01231	0.00789	0.00668	0.11159	0.01307	0.25781	0.01282	0.01340	0.00944	0.03491	0.00506	0.00123	0.00413	0.00394	0.00420	0.45791
3	0.01222	0.01137	0.01735	0.04160	0.56166	0.03185	0.01297	0.04658	0.09604	0.01668	0.01152	0.01556	0.00994	0.06671	0.00653	0.00178	0.00567	0.02366	0.00295	0.00736
4	0.01146	0.08111	0.47762	0.01302	0.01881	0.01225	0.06094	0.01857	0.18891	0.05142	0.01195	0.01266	0.00871	0.00520	0.00478	0.00157	0.00635	0.00425	0.00300	0.00742
5	0.01119	0.01033	0.01750	0.02457	0.55331	0.01029	0.04983	0.01404	0.01140	0.01591	0.01383	0.02380	0.01328	0.00685	0.00549	0.00170	0.00569	0.20097	0.00302	0.00698
6	0.00963	0.00908	0.01535	0.75402	0.09144	0.01113	0.01395	0.01293	0.01007	0.01300	0.00890	0.01322	0.00674	0.00494	0.00498	0.00165	0.00659	0.00443	0.00223	0.00571
7	0.03062	0.06723	0.28103	0.01131	0.01588	0.03573	0.01156	0.12052	0.13982	0.14441	0.01385	0.05149	0.01066	0.00620	0.00511	0.00158	0.02413	0.01765	0.00383	0.00739
8	0.01087	0.00885	0.01112	0.01133	0.08984	0.04653	0.03933	0.07366	0.09524	0.07399	0.02274	0.27503	0.12699	0.01005	0.00660	0.00177	0.07744	0.00855	0.00419	0.00587
9	0.00712	0.00534	0.00801	0.00801	0.00890	0.00623	0.00623	0.00890	0.00801	0.01157	0.01335	0.01958	0.01246	0.03738	0.80507	0.00801	0.01335	0.00534	0.00267	0.00445
10	0.00704	0.00559	0.00647	0.00689	0.00812	0.00539	0.00509	0.00997	0.11397	0.01430	0.03497	0.35102	0.31228	0.01314	0.00607	0.00188	0.00306	0.08540	0.00468	0.00467
11	0.05702	0.09651	0.10968	0.06496	0.14718	0.07282	0.06621	0.04532	0.04671	0.22730	0.01220	0.01287	0.00876	0.00516	0.00471	0.00149	0.00584	0.00430	0.00362	0.00734
12	0.01561	0.01555	0.01294	0.01138	0.01407	0.29333	0.00885	0.09608	0.34588	0.05509	0.01402	0.01392	0.01069	0.00622	0.00566	0.00156	0.06353	0.00454	0.00402	0.00705
13	0.00696	0.00506	0.00656	0.00625	0.00741	0.00465	0.00466	0.00921	0.01379	0.01940	0.72737	0.07306	0.07582	0.01053	0.00590	0.00159	0.00238	0.00931	0.00541	0.00465
14	0.01152	0.01169	0.13735	0.05096	0.01382	0.02594	0.00977	0.06731	0.02458	0.08817	0.05876	0.01683	0.01187	0.10731	0.06068	0.00252	0.24718	0.00503	0.04284	0.00587
15	0.01388	0.07607	0.04974	0.18163	0.17857	0.17761	0.08691	0.12520	0.01320	0.01637	0.00909	0.01146	0.00717	0.00500	0.00511	0.00149	0.02784	0.00416	0.00276	0.00674
16	0.00652	0.00468	0.00628	0.00734	0.00789	0.00444	0.00534	0.00776	0.01018	0.01348	0.05621	0.60747	0.05333	0.01494	0.00644	0.00206	0.00323	0.17358	0.00465	0.00419
17	0.00743	0.00556	0.00711	0.00796	0.00881	0.00561	0.00595	0.01045	0.11396	0.01439	0.02623	0.51390	0.02947	0.01395	0.00633	0.00205	0.00348	0.20802	0.00468	0.00470

[dist]
# distance from previous block
# <min> <max>
0	1

[block]
# block no. 6 follows, 50 sequences, length 23
# corresponding to MSA columns:
# 199-221
name=unknown_G
#
# <colnr> <probs for GDERKNQSTAVLIFYWHMCP>
#	G	D	E	R	K	N	Q	S	T	A	V	L	I	F	Y	W	H	M	C	P
0	0.03741	0.21111	0.08065	0.09103	0.01760	0.11464	0.09717	0.07212	0.14477	0.05583	0.01103	0.01208	0.00849	0.00521	0.00474	0.00146	0.02055	0.00415	0.00318	0.00681
1	0.01454	0.32220	0.20954	0.01084	0.04256	0.01384	0.01077	0.09046	0.01237	0.16632	0.01095	0.01145	0.00812	0.00500	0.00417	0.00134	0.00549	0.00371	0.04912	0.00719
2	0.04314	0.47312	0.06951	0.01201	0.07840	0.15470	0.03989	0.01609	0.02797	0.01317	0.00780	0.00920	0.00673	0.00464	0.00413	0.00125	0.02624	0.00320	0.00235	0.00646
3	0.44808	0.01176	0.01106	0.00896	0.01249	0.01328	0.00739	0.38810	0.01581	0.02680	0.00940	0.00999	0.00691	0.00529	0.00402	0.00152	0.00465	0.00358	0.00402	0.00691
4	0.00638	0.00468	0.00599	0.00679	0.00729	0.00445	0.00468	0.00727	0.00973	0.01280	0.04825	0.58838	0.13492	0.05866	0.00788	0.02324	0.02112	0.03900	0.00445	0.00403
5	0.00719	0.00481	0.00545	0.00551	0.00553	0.00479	0.00310	0.00723	0.00737	0.00982	0.01630	0.07266	0.01887	0.78375	0.02441	0.00469	0.00473	0.00760	0.00310	0.00307
6	0.00622	0.00506	0.00551	0.00540	0.00694	0.00435	0.00405	0.00779	0.01214	0.01532	0.26096	0.04492	0.58009	0.01193	0.00589	0.00165	0.00248	0.01009	0.00487	0.00435
7	0.00596	0.00479	0.00532	0.00575	0.00692	0.00415	0.00410	0.00707	0.01069	0.01319	0.04197	0.33439	0.51079	0.01373	0.00607	0.00181	0.00266	0.01187	0.00463	0.00415
8	0.01240	0.01071	0.01127	0.01014	0.01296	0.01240	0.00789	0.02649	0.78473	0.02085	0.02029	0.01860	0.01522	0.00676	0.00507	0.00169	0.00394	0.00564	0.00507	0.00789
9	0.01895	0.01396	0.01496	0.01147	0.01546	0.01546	0.00947	0.77711	0.02344	0.03141	0.01197	0.01197	0.00848	0.00598	0.00499	0.00150	0.00548	0.00449	0.00499	0.00848
10	0.00929	0.00465	0.00465	0.00465	0.00581	0.00465	0.00348	0.01161	0.01045	0.01858	0.01626	0.01858	0.01278	0.00581	0.00348	0.00116	0.00232	0.00465	0.85250	0.00465
11	0.01862	0.02376	0.01413	0.01284	0.01541	0.80482	0.00963	0.01990	0.01413	0.01220	0.00770	0.00899	0.00642	0.00514	0.00449	0.00128	0.00899	0.00321	0.00257	0.00578
12	0.00852	0.00438	0.00639	0.00639	0.00639	0.00438	0.00420	0.00657	0.00657	0.00875	0.00933	0.01681	0.00956	0.09419	0.02004	0.77405	0.00438	0.00461	0.00225	0.00225
13	0.01240	0.01071	0.01127	0.01014	0.01296	0.01240	0.00789	0.02649	0.78473	0.02085	0.02029	0.01860	0.01522	0.00676	0.00507	0.00169	0.00394	0.00564	0.00507	0.00789
14	0.01011	0.02499	0.74926	0.01465	0.02186	0.01164	0.06735	0.01580	0.01060	0.01580	0.00902	0.01071	0.00639	0.00470	0.00481	0.00159	0.00743	0.00383	0.00213	0.00732
15	0.02961	0.38982	0.22726	0.01011	0.01477	0.01486	0.01078	0.09951	0.01186	0.04336	0.01010	0.03419	0.00852	0.00533	0.00408	0.00134	0.00558	0.02590	0.04630	0.00673
16	0.01000	0.02578	0.79900	0.01421	0.02157	0.01158	0.01842	0.01579	0.01052	0.01579	0.00895	0.01052	0.00631	0.00474	0.00474	0.00158	0.00737	0.00368	0.00210	0.00737
17	0.00607	0.00434	0.00578	0.00694	0.00723	0.00405	0.00463	0.00694	0.00954	0.01272	0.02747	0.82157	0.03297	0.01562	0.00636	0.00202	0.00289	0.01417	0.00463	0.00405
18	0.00817	0.00790	0.08945	0.00876	0.05914	0.00616	0.00682	0.01111	0.05348	0.03839	0.31431	0.16672	0.14724	0.01005	0.00560	0.00164	0.00335	0.00877	0.04766	0.00527
19	0.01178	0.02558	0.07278	0.01792	0.27036	0.04470	0.10402	0.05661	0.07149	0.03990	0.04595	0.04338	0.10471	0.00662	0.00598	0.00161	0.06069	0.00580	0.00332	0.00680
20	0.01856	0.01356	0.01435	0.01114	0.01493	0.03628	0.00912	0.66735	0.04857	0.07125	0.01266	0.01298	0.00914	0.02973	0.00557	0.00160	0.00544	0.00460	0.00493	0.00822
21	0.00710	0.00477	0.00548	0.00562	0.00566	0.00474	0.00322	0.00721	0.00753	0.01004	0.01716	0.13015	0.01996	0.72479	0.02302	0.00449	0.00459	0.00810	0.00322	0.00315
22	0.15903	0.05407	0.13279	0.01145	0.05178	0.06800	0.05094	0.08978	0.02783	0.26694	0.03212	0.01314	0.00963	0.00543	0.00458	0.00151	0.00541	0.00426	0.00405	0.00726

[dist]
# distance from previous block
# <min> <max>
0	1

[block]
# block no. 7 follows, 50 sequences, length 31
# corresponding to MSA columns:
# 223-253
name=unknown_H
#
# <colnr> <probs for GDERKNQSTAVLIFYWHMCP>
#	G	D	E	R	K	N	Q	S	T	A	V	L	I	F	Y	W	H	M	C	P
0	0.01005	0.00892	0.01411	0.03125	0.41649	0.00907	0.01069	0.02368	0.03921	0.01547	0.06313	0.21464	0.01747	0.03088	0.04637	0.00207	0.02004	0.01676	0.00336	0.00634
1	0.00717	0.00480	0.00546	0.00554	0.00556	0.00478	0.00313	0.00723	0.00741	0.00987	0.01651	0.08677	0.01914	0.76929	0.02407	0.00464	0.00470	0.00772	0.00313	0.00309
2	0.01005	0.10887	0.08610	0.08730	0.05790	0.03285	0.08421	0.03780	0.04432	0.02628	0.24297	0.04732	0.09877	0.00750	0.00522	0.00154	0.00479	0.00656	0.00378	0.00587
3	0.00996	0.00901	0.01480	0.04856	0.48215	0.00898	0.01137	0.01217	0.01065	0.01487	0.01593	0.30643	0.01696	0.00852	0.00545	0.00168	0.00485	0.00798	0.00324	0.00642
4	0.00979	0.00929	0.03402	0.16153	0.22028	0.01039	0.01089	0.01192	0.00923	0.01316	0.01066	0.04074	0.01001	0.09278	0.15028	0.00316	0.17715	0.00514	0.01391	0.00569
5	0.01152	0.01041	0.08974	0.01089	0.03815	0.02334	0.08128	0.02668	0.12734	0.08695	0.04549	0.05331	0.01308	0.00806	0.04109	0.00187	0.11418	0.00542	0.20499	0.00620
6	0.01037	0.00808	0.00907	0.00813	0.01022	0.00857	0.00628	0.13438	0.24361	0.02084	0.29589	0.08684	0.10065	0.00905	0.00548	0.00163	0.00337	0.00773	0.02366	0.00614
7	0.00592	0.00495	0.00515	0.00532	0.00680	0.00419	0.00391	0.00712	0.01110	0.01336	0.04725	0.15714	0.68464	0.01305	0.00596	0.00173	0.00258	0.01103	0.00463	0.00419
8	0.01034	0.00886	0.01034	0.00738	0.01181	0.00664	0.00591	0.01255	0.01034	0.01624	0.00886	0.01034	0.00738	0.00369	0.00369	0.00074	0.00369	0.00295	0.00295	0.85530
9	0.01334	0.01118	0.01180	0.01033	0.01332	0.01284	0.00812	0.13478	0.67489	0.02237	0.01909	0.01764	0.01424	0.00665	0.00506	0.00166	0.00417	0.00547	0.00506	0.00797
10	0.01112	0.00958	0.01347	0.00965	0.01415	0.00764	0.13014	0.01364	0.01075	0.05205	0.00955	0.01114	0.00764	0.00389	0.00411	0.00093	0.00448	0.00352	0.00303	0.67953
11	0.01277	0.01070	0.01186	0.01130	0.06187	0.01211	0.00832	0.10860	0.58867	0.02153	0.04694	0.01899	0.01542	0.00679	0.00509	0.00165	0.00416	0.02254	0.02298	0.00770
12	0.00725	0.00483	0.00544	0.00544	0.00544	0.00483	0.00302	0.00725	0.00725	0.00966	0.01571	0.03262	0.01812	0.82483	0.02537	0.00483	0.00483	0.00725	0.00302	0.00302
13	0.01205	0.01177	0.02072	0.09164	0.65760	0.01186	0.09041	0.01516	0.01128	0.01597	0.00940	0.01252	0.00776	0.00446	0.00503	0.00151	0.00622	0.00458	0.00245	0.00759
14	0.00725	0.00483	0.00544	0.00544	0.00544	0.00483	0.00302	0.00725	0.00725	0.00966	0.01571	0.03262	0.01812	0.82483	0.02537	0.00483	0.00483	0.00725	0.00302	0.00302
15	0.83394	0.00960	0.00746	0.00663	0.00974	0.01106	0.00546	0.01495	0.00866	0.04650	0.00734	0.00837	0.00561	0.00468	0.00314	0.00154	0.00387	0.00277	0.00318	0.00549
16	0.82189	0.01028	0.00763	0.00684	0.00990	0.04716	0.00559	0.01489	0.00874	0.02190	0.00698	0.00814	0.00544	0.00465	0.00315	0.00153	0.00409	0.00272	0.00306	0.00542
17	0.01289	0.01186	0.01960	0.02875	0.72202	0.01194	0.01468	0.05442	0.02711	0.03408	0.00994	0.01254	0.00816	0.00460	0.00494	0.00149	0.00582	0.00448	0.00273	0.00794
18	0.00721	0.00635	0.04246	0.00656	0.00823	0.00534	0.00529	0.01014	0.05834	0.01824	0.52777	0.03758	0.22712	0.01034	0.00578	0.00160	0.00271	0.00895	0.00510	0.00489
19	0.86003	0.00964	0.00733	0.00655	0.00964	0.01118	0.00540	0.01465	0.00848	0.02236	0.00694	0.00810	0.00540	0.00463	0.00308	0.00154	0.00386	0.00270	0.00308	0.00540
20	0.01801	0.01763	0.01515	0.01394	0.09239	0.33211	0.01014	0.38364	0.01821	0.02184	0.00990	0.01079	0.00756	0.00554	0.00499	0.00142	0.02176	0.00397	0.00371	0.00728
21	0.00758	0.00565	0.00712	0.00665	0.00799	0.00546	0.00502	0.01110	0.09035	0.02007	0.71484	0.03539	0.04388	0.00985	0.00580	0.00158	0.00251	0.00868	0.00545	0.00502
22	0.00809	0.00629	0.00841	0.00897	0.08285	0.00614	0.00603	0.01166	0.09009	0.01972	0.64042	0.03302	0.04016	0.00930	0.00571	0.00157	0.00285	0.00824	0.00516	0.00532
23	0.01203	0.01029	0.01082	0.00971	0.01246	0.01173	0.00756	0.05329	0.68206	0.02055	0.02285	0.02114	0.08888	0.00729	0.00515	0.00168	0.00387	0.00606	0.00503	0.00756
24	0.01730	0.01293	0.01435	0.01114	0.01473	0.01421	0.03369	0.64462	0.05647	0.02836	0.01264	0.01429	0.00967	0.08392	0.00696	0.00183	0.00545	0.00485	0.00472	0.00787
25	0.00667	0.00512	0.00589	0.00579	0.00724	0.00449	0.00437	0.00838	0.01238	0.02838	0.32716	0.07206	0.44369	0.01176	0.00593	0.00167	0.00257	0.03699	0.00497	0.00447
26	0.00778	0.00569	0.00775	0.00843	0.08214	0.00538	0.00559	0.01019	0.01348	0.01950	0.64002	0.03302	0.03992	0.00921	0.00555	0.00152	0.00269	0.00815	0.08900	0.00500
27	0.00723	0.00488	0.00571	0.00591	0.00605	0.00486	0.00363	0.00752	0.00784	0.01041	0.01767	0.09862	0.02033	0.68223	0.02207	0.00436	0.00465	0.07949	0.00330	0.00325
28	0.05089	0.01103	0.04591	0.03167	0.43161	0.01056	0.04700	0.01650	0.09159	0.09155	0.08505	0.01663	0.03664	0.00565	0.00503	0.00154	0.00521	0.00519	0.00345	0.00732
29	0.01199	0.01304	0.09414	0.06302	0.68723	0.01178	0.01553	0.01523	0.01121	0.01608	0.00931	0.01221	0.00769	0.00449	0.00492	0.00150	0.00609	0.00437	0.00242	0.00774
30	0.01153	0.01183	0.08913	0.10733	0.31739	0.06221	0.01170	0.02573	0.04722	0.05509	0.07466	0.05954	0.06504	0.00641	0.00507	0.00155	0.00538	0.00565	0.03087	0.00668

[dist]
# distance from previous block
# <min> <max>
0	572

# created by:
# /st0/software/busco_prod/Augustus/scripts/msa2prfl.pl ./align_prep/54921.fa
