[name]
unknown

[dist]
# distance from previous block
# <min> <max>
0	66

[block]
# block no. 0 follows, 54 sequences, length 57
# corresponding to MSA columns:
# 79-135
name=unknown_A
#
# <colnr> <probs for GDERKNQSTAVLIFYWHMCP>
#	G	D	E	R	K	N	Q	S	T	A	V	L	I	F	Y	W	H	M	C	P
0	0.11161	0.03028	0.02236	0.00845	0.01073	0.00867	0.00703	0.12147	0.05630	0.13444	0.04585	0.04919	0.01454	0.01310	0.16505	0.00279	0.03473	0.13222	0.00393	0.02725
1	0.01303	0.08689	0.20994	0.01361	0.07727	0.16851	0.06648	0.09384	0.05677	0.03783	0.00905	0.01060	0.00708	0.00526	0.00602	0.00148	0.12334	0.00383	0.00269	0.00650
2	0.00709	0.00519	0.00672	0.00656	0.00685	0.00581	0.00450	0.00775	0.00714	0.00994	0.01340	0.02496	0.01442	0.49221	0.29766	0.00542	0.07219	0.00602	0.00268	0.00351
3	0.01123	0.10024	0.13422	0.08555	0.45319	0.02631	0.04842	0.01424	0.01027	0.01431	0.00838	0.01097	0.00690	0.00449	0.00511	0.00143	0.05171	0.00396	0.00222	0.00686
4	0.01162	0.01057	0.01176	0.01040	0.01239	0.03485	0.00827	0.03295	0.55936	0.01749	0.01539	0.01537	0.01195	0.00682	0.00753	0.00171	0.21579	0.00494	0.00403	0.00682
5	0.00573	0.00415	0.00542	0.00644	0.00681	0.00384	0.00432	0.00658	0.00915	0.01209	0.02754	0.77532	0.08608	0.01457	0.00599	0.00189	0.00271	0.01316	0.00438	0.00384
6	0.01500	0.01090	0.01553	0.08785	0.30790	0.09013	0.06592	0.01741	0.01193	0.28152	0.04027	0.01382	0.00994	0.00504	0.00475	0.00143	0.00546	0.00452	0.00361	0.00707
7	0.00618	0.00465	0.00572	0.00576	0.00682	0.00419	0.00420	0.00782	0.01171	0.01577	0.43278	0.21145	0.24296	0.01137	0.00566	0.00161	0.00238	0.00997	0.00480	0.00419
8	0.01489	0.01256	0.01261	0.01053	0.01342	0.09603	0.00843	0.32094	0.33053	0.04323	0.01385	0.01359	0.01033	0.00608	0.00555	0.00152	0.06969	0.00456	0.00433	0.00731
9	0.01450	0.01091	0.01224	0.01002	0.01316	0.01203	0.03001	0.33281	0.34809	0.07955	0.05898	0.01626	0.02708	0.00627	0.00484	0.00151	0.00436	0.00511	0.00478	0.00747
10	0.00972	0.01103	0.14244	0.00805	0.01270	0.00706	0.00755	0.01238	0.00981	0.01529	0.00839	0.00981	0.00682	0.00366	0.00366	0.00083	0.00407	0.00291	0.00266	0.72116
11	0.01216	0.01079	0.01685	0.15517	0.43182	0.01162	0.03413	0.12137	0.03782	0.03889	0.01002	0.01242	0.01694	0.00498	0.00549	0.00149	0.06391	0.00436	0.00281	0.00695
12	0.01109	0.06860	0.05418	0.00855	0.01287	0.00811	0.06403	0.03534	0.01049	0.07113	0.00914	0.01033	0.00724	0.00384	0.00379	0.00090	0.00420	0.00319	0.00293	0.61006
13	0.00710	0.00501	0.00593	0.00579	0.00583	0.00534	0.00355	0.00726	0.00692	0.00939	0.01412	0.02874	0.01608	0.73317	0.06537	0.00455	0.06340	0.00657	0.00278	0.00309
14	0.00667	0.00482	0.00630	0.00593	0.00704	0.00445	0.00445	0.00890	0.01335	0.01891	0.80239	0.03522	0.04449	0.00964	0.00556	0.00148	0.00222	0.00853	0.00519	0.00445
15	0.00800	0.00526	0.00669	0.00667	0.02541	0.00530	0.00440	0.00906	0.01836	0.06806	0.18325	0.08539	0.02254	0.41835	0.08684	0.00359	0.02801	0.00721	0.00363	0.00398
16	0.01033	0.01016	0.01551	0.14731	0.01687	0.01324	0.09240	0.03269	0.00847	0.01252	0.00730	0.01117	0.00652	0.00707	0.01202	0.00189	0.55879	0.00430	0.02607	0.00535
17	0.00652	0.00470	0.00616	0.00604	0.00701	0.00435	0.00444	0.00851	0.01263	0.01777	0.67366	0.16721	0.04228	0.01049	0.00564	0.00155	0.00231	0.00934	0.00506	0.00435
18	0.00998	0.15915	0.67968	0.01255	0.01903	0.01223	0.01587	0.01480	0.00989	0.01430	0.00815	0.00956	0.00599	0.00441	0.00424	0.00141	0.00665	0.00332	0.00200	0.00682
19	0.00592	0.00418	0.00542	0.00635	0.00658	0.00394	0.00414	0.00661	0.00869	0.01159	0.02427	0.70768	0.02902	0.14126	0.00879	0.00232	0.00302	0.01239	0.00414	0.00368
20	0.01552	0.15518	0.01545	0.01148	0.01378	0.52184	0.00914	0.03738	0.01190	0.01192	0.00708	0.00874	0.00614	0.00534	0.00602	0.00133	0.15064	0.00317	0.00236	0.00558
21	0.00965	0.00929	0.01330	0.68791	0.02879	0.07991	0.01197	0.01255	0.00981	0.01244	0.00884	0.01261	0.00672	0.00479	0.00456	0.00150	0.00616	0.00411	0.06989	0.00519
22	0.01004	0.01102	0.14247	0.00809	0.01273	0.00708	0.00759	0.01269	0.00991	0.03737	0.00868	0.00998	0.00695	0.00372	0.00369	0.00085	0.00408	0.00296	0.00275	0.69735
23	0.01200	0.21579	0.13360	0.01552	0.22519	0.04677	0.06192	0.09327	0.04912	0.01606	0.07788	0.01264	0.01042	0.00494	0.00437	0.00134	0.00551	0.00416	0.00282	0.00668
24	0.07882	0.00963	0.01589	0.37350	0.27785	0.01051	0.06802	0.01414	0.01022	0.08322	0.00937	0.01220	0.00710	0.00457	0.00462	0.00150	0.00578	0.00421	0.00258	0.00627
25	0.00842	0.00780	0.00796	0.06592	0.01048	0.13941	0.00636	0.00972	0.00974	0.01195	0.01915	0.36657	0.02138	0.06821	0.10407	0.00267	0.00550	0.12686	0.00356	0.00426
26	0.01761	0.02247	0.01336	0.01215	0.01458	0.81537	0.00911	0.01883	0.01336	0.01154	0.00729	0.00850	0.00607	0.00486	0.00425	0.00121	0.00850	0.00304	0.00243	0.00547
27	0.01932	0.00853	0.01096	0.00867	0.01213	0.00799	0.00707	0.03935	0.16030	0.64424	0.01856	0.01624	0.01211	0.00594	0.00475	0.00148	0.00398	0.00484	0.00562	0.00792
28	0.00648	0.00472	0.00553	0.00586	0.00655	0.00446	0.00412	0.00732	0.00896	0.01143	0.02744	0.14168	0.24343	0.34705	0.01330	0.00295	0.00368	0.14770	0.00375	0.00357
29	0.01715	0.02004	0.01324	0.01174	0.01438	0.62847	0.00895	0.13202	0.08266	0.01491	0.00891	0.00970	0.00708	0.00511	0.00437	0.00128	0.00760	0.00341	0.00297	0.00601
30	0.01022	0.08252	0.07927	0.30270	0.32419	0.01125	0.01284	0.01306	0.00977	0.01332	0.00873	0.01236	0.00726	0.03385	0.03490	0.00178	0.02947	0.00411	0.00221	0.00618
31	0.01221	0.16821	0.10180	0.04801	0.01827	0.01235	0.30357	0.08277	0.05846	0.06548	0.01057	0.01222	0.00797	0.00460	0.00459	0.00141	0.00604	0.00445	0.07057	0.00647
32	0.00676	0.00483	0.00663	0.00772	0.00844	0.00470	0.00614	0.00832	0.01003	0.01317	0.02543	0.40580	0.02897	0.01382	0.00629	0.00205	0.00361	0.42883	0.00436	0.00411
33	0.00776	0.00429	0.00604	0.00604	0.00611	0.00436	0.00397	0.00650	0.00643	0.00865	0.01011	0.01851	0.01057	0.20658	0.08896	0.59068	0.00495	0.00481	0.00228	0.00242
34	0.00909	0.03815	0.00940	0.06607	0.01126	0.07165	0.00683	0.03856	0.13199	0.01440	0.06396	0.17213	0.17819	0.00969	0.00620	0.00169	0.07531	0.08643	0.00389	0.00507
35	0.01086	0.02253	0.67793	0.01301	0.01945	0.01156	0.01602	0.14331	0.01198	0.01738	0.00894	0.01018	0.00631	0.00468	0.00452	0.00148	0.00667	0.00361	0.00244	0.00714
36	0.00562	0.00468	0.00491	0.00505	0.00645	0.00397	0.00371	0.00678	0.01056	0.01277	0.06089	0.15637	0.67745	0.01229	0.00564	0.00164	0.00243	0.01041	0.00440	0.00397
37	0.09643	0.00983	0.01529	0.03222	0.49734	0.01050	0.01154	0.01353	0.03816	0.01506	0.00944	0.01254	0.00809	0.00976	0.13973	0.00249	0.06485	0.00421	0.00249	0.00650
38	0.01264	0.20448	0.20978	0.01560	0.19958	0.04303	0.07249	0.05694	0.02353	0.08220	0.00928	0.01069	0.00717	0.00460	0.00461	0.00137	0.02874	0.00377	0.00264	0.00687
39	0.00879	0.00439	0.00439	0.00439	0.00549	0.00439	0.00330	0.01099	0.00989	0.01758	0.01538	0.01758	0.01209	0.00549	0.00330	0.00110	0.00220	0.00439	0.86047	0.00439
40	0.00660	0.00463	0.00510	0.00512	0.00547	0.00446	0.00308	0.00688	0.00774	0.00998	0.02199	0.03428	0.18392	0.64730	0.01982	0.00390	0.00410	0.01929	0.00320	0.00312
41	0.01129	0.20193	0.36483	0.01248	0.04556	0.03182	0.06781	0.04965	0.14098	0.01545	0.01000	0.01097	0.00761	0.00471	0.00430	0.00140	0.00598	0.00377	0.00263	0.00683
42	0.16132	0.01370	0.17656	0.04350	0.01639	0.02565	0.12401	0.16099	0.06202	0.09965	0.01059	0.02076	0.00781	0.00521	0.00509	0.00152	0.05104	0.00418	0.00333	0.00666
43	0.00573	0.00415	0.00542	0.00644	0.00681	0.00384	0.00432	0.00658	0.00915	0.01209	0.02754	0.77532	0.08608	0.01457	0.00599	0.00189	0.00271	0.01316	0.00438	0.00384
44	0.12179	0.01081	0.01233	0.00992	0.01266	0.03899	0.00819	0.26193	0.01415	0.25819	0.01163	0.01197	0.00828	0.00611	0.00691	0.00157	0.18935	0.00412	0.00416	0.00693
45	0.03431	0.03598	0.01156	0.08011	0.01379	0.18317	0.00793	0.14154	0.20999	0.03865	0.05576	0.01785	0.11276	0.00659	0.00500	0.00147	0.02841	0.00512	0.00383	0.00618
46	0.01603	0.28259	0.01705	0.01075	0.01379	0.50409	0.00877	0.07144	0.01277	0.01267	0.00734	0.00840	0.00620	0.00465	0.00389	0.00116	0.00716	0.00296	0.00246	0.00583
47	0.01222	0.01128	0.01141	0.00975	0.06849	0.14145	0.00711	0.07330	0.01152	0.04279	0.00881	0.01003	0.00711	0.00402	0.00384	0.00091	0.00462	0.00311	0.00295	0.56528
48	0.01175	0.58415	0.21267	0.01019	0.01498	0.01634	0.06576	0.01438	0.00978	0.01230	0.00722	0.00850	0.00611	0.00414	0.00355	0.00117	0.00571	0.00297	0.00204	0.00629
49	0.00864	0.00442	0.00453	0.00450	0.00560	0.00440	0.00338	0.01084	0.01013	0.01767	0.07067	0.01882	0.01436	0.00578	0.00346	0.00113	0.00220	0.00468	0.80038	0.00440
50	0.00890	0.00838	0.01414	0.82296	0.03247	0.01048	0.01309	0.01205	0.00943	0.01205	0.00838	0.01257	0.00629	0.00471	0.00471	0.00157	0.00629	0.00419	0.00210	0.00524
51	0.01549	0.00793	0.00996	0.00803	0.01082	0.00758	0.00647	0.16047	0.02641	0.38376	0.28383	0.02171	0.02219	0.00710	0.00502	0.00146	0.00362	0.00595	0.00539	0.00680
52	0.00588	0.00479	0.00520	0.00510	0.00656	0.00411	0.00382	0.00736	0.01147	0.01445	0.25714	0.04256	0.59252	0.01130	0.00557	0.00156	0.00234	0.00956	0.00460	0.00411
53	0.00660	0.00482	0.00620	0.00586	0.00700	0.00442	0.00439	0.00876	0.01318	0.01850	0.75276	0.03589	0.09438	0.00979	0.00556	0.00149	0.00224	0.00862	0.00514	0.00442
54	0.00575	0.00434	0.00532	0.00601	0.00671	0.00391	0.00415	0.00676	0.00977	0.01263	0.07697	0.55766	0.25563	0.01366	0.00586	0.00180	0.00261	0.01212	0.00442	0.00391
55	0.01744	0.01331	0.01402	0.01117	0.02959	0.04190	0.00899	0.70424	0.06587	0.02825	0.01158	0.01159	0.00831	0.00565	0.00470	0.00142	0.00523	0.00426	0.00460	0.00789
56	0.45507	0.00945	0.00941	0.00767	0.01097	0.01008	0.00633	0.14534	0.01213	0.27514	0.01122	0.01096	0.00770	0.00506	0.00380	0.00145	0.00402	0.00354	0.00415	0.00653

[dist]
# distance from previous block
# <min> <max>
0	1

[block]
# block no. 1 follows, 54 sequences, length 21
# corresponding to MSA columns:
# 137-157
name=unknown_B
#
# <colnr> <probs for GDERKNQSTAVLIFYWHMCP>
#	G	D	E	R	K	N	Q	S	T	A	V	L	I	F	Y	W	H	M	C	P
0	0.04021	0.00853	0.01009	0.00841	0.01117	0.00854	0.00668	0.22412	0.06126	0.30661	0.02011	0.18029	0.07702	0.00805	0.00501	0.00156	0.00392	0.00673	0.00498	0.00674
1	0.70360	0.00960	0.00814	0.00695	0.01003	0.01091	0.00573	0.11864	0.01025	0.06857	0.00791	0.00864	0.00588	0.00464	0.00327	0.00145	0.00388	0.00291	0.00333	0.00567
2	0.01203	0.01117	0.01828	0.08993	0.67074	0.01146	0.01385	0.08602	0.01169	0.01646	0.00906	0.01171	0.00743	0.00438	0.00468	0.00142	0.00562	0.00420	0.00254	0.00734
3	0.01004	0.13729	0.01463	0.01077	0.01162	0.01343	0.00918	0.01127	0.00820	0.01167	0.01127	0.01663	0.07099	0.00833	0.01194	0.00187	0.55773	0.07556	0.00245	0.00513
4	0.00686	0.00457	0.00514	0.00514	0.00514	0.00457	0.00286	0.00686	0.00686	0.00914	0.01486	0.03086	0.01714	0.83430	0.02400	0.00457	0.00457	0.00686	0.00286	0.00286
5	0.01327	0.01020	0.01078	0.00916	0.01193	0.01148	0.00727	0.27260	0.41499	0.02264	0.01600	0.01554	0.01193	0.00601	0.00453	0.00146	0.00396	0.00482	0.14429	0.00714
6	0.04521	0.00864	0.01108	0.00862	0.01219	0.00803	0.00709	0.08805	0.06852	0.66384	0.01767	0.01551	0.01136	0.00582	0.00469	0.00146	0.00408	0.00468	0.00558	0.00790
7	0.86760	0.00912	0.00693	0.00620	0.00912	0.01058	0.00511	0.01386	0.00802	0.02115	0.00657	0.00766	0.00511	0.00438	0.00292	0.00146	0.00365	0.00255	0.00292	0.00511
8	0.00570	0.00466	0.00503	0.00519	0.00651	0.00399	0.00379	0.00691	0.01067	0.01314	0.10819	0.18114	0.60425	0.01224	0.00565	0.00164	0.00243	0.01043	0.00445	0.00399
9	0.01261	0.83713	0.02471	0.00807	0.01210	0.01866	0.00807	0.01412	0.00958	0.01109	0.00656	0.00756	0.00605	0.00403	0.00303	0.00101	0.00504	0.00252	0.00202	0.00605
10	0.00584	0.00419	0.00567	0.00666	0.00699	0.00402	0.00452	0.00674	0.00889	0.01194	0.02475	0.75595	0.02939	0.01668	0.08099	0.00244	0.00365	0.01263	0.00421	0.00386
11	0.01183	0.06980	0.08036	0.01011	0.01284	0.14534	0.06935	0.08539	0.17127	0.03128	0.06068	0.06768	0.01408	0.11776	0.00736	0.00189	0.00535	0.02826	0.00351	0.00585
12	0.01393	0.62523	0.02185	0.00899	0.01275	0.14144	0.00832	0.09567	0.01148	0.01310	0.00717	0.00810	0.00626	0.00433	0.00339	0.00108	0.00559	0.00278	0.00236	0.00617
13	0.04839	0.00572	0.00767	0.00820	0.00958	0.00561	0.00690	0.01115	0.01078	0.11584	0.02347	0.16666	0.02477	0.01198	0.00604	0.00201	0.00402	0.52197	0.00447	0.00477
14	0.14042	0.00591	0.00729	0.00805	0.00940	0.00609	0.00690	0.01013	0.01032	0.01504	0.02297	0.08618	0.05120	0.01174	0.00590	0.00203	0.00408	0.58780	0.00412	0.00442
15	0.03548	0.02889	0.09193	0.01823	0.25195	0.12026	0.18269	0.10620	0.01261	0.09165	0.00987	0.01151	0.00745	0.00459	0.00473	0.00143	0.00638	0.00426	0.00294	0.00694
16	0.00650	0.00460	0.00608	0.00692	0.00743	0.00444	0.00507	0.00766	0.00946	0.01257	0.06765	0.43963	0.02860	0.14072	0.00891	0.00237	0.00345	0.22991	0.00418	0.00386
17	0.53564	0.00996	0.00853	0.00760	0.01040	0.06614	0.00620	0.06439	0.07706	0.08236	0.01064	0.01367	0.00871	0.00558	0.00376	0.00152	0.00418	0.07447	0.00352	0.00567
18	0.01157	0.01205	0.04112	0.01639	0.02055	0.01159	0.51915	0.03208	0.20552	0.03972	0.01259	0.01495	0.00957	0.00490	0.00533	0.00160	0.00662	0.02486	0.00317	0.00668
19	0.01169	0.19180	0.30154	0.01322	0.05409	0.01302	0.13778	0.10161	0.07174	0.02711	0.01037	0.01155	0.02429	0.00475	0.00443	0.00140	0.00607	0.00403	0.00270	0.00680
20	0.00600	0.00435	0.00570	0.00657	0.00711	0.00406	0.00464	0.00711	0.00974	0.01293	0.09951	0.61948	0.09293	0.01390	0.00599	0.00187	0.00282	0.08689	0.00445	0.00395

[dist]
# distance from previous block
# <min> <max>
0	5

[block]
# block no. 2 follows, 54 sequences, length 188
# corresponding to MSA columns:
# 163-350
name=unknown_C
#
# <colnr> <probs for GDERKNQSTAVLIFYWHMCP>
#	G	D	E	R	K	N	Q	S	T	A	V	L	I	F	Y	W	H	M	C	P
0	0.30354	0.00932	0.01007	0.00798	0.01144	0.00944	0.00657	0.15206	0.01289	0.35097	0.01255	0.01195	0.00849	0.00514	0.00403	0.00140	0.00406	0.00378	0.00444	0.06987
1	0.01405	0.10293	0.34129	0.01225	0.04445	0.01115	0.06920	0.10006	0.01229	0.23009	0.01140	0.01176	0.00788	0.00488	0.00451	0.00143	0.00580	0.00398	0.00336	0.00724
2	0.00762	0.00637	0.00800	0.06682	0.01046	0.00634	0.04179	0.01130	0.14068	0.02679	0.13257	0.03375	0.40035	0.01071	0.04111	0.00185	0.00366	0.02895	0.01597	0.00491
3	0.01151	0.47609	0.30849	0.01010	0.01516	0.01523	0.01140	0.03588	0.02882	0.01333	0.00773	0.00884	0.00630	0.00428	0.00366	0.00120	0.00567	0.00299	0.00217	0.03116
4	0.01190	0.65567	0.20001	0.00927	0.01396	0.01694	0.01016	0.01430	0.00966	0.01195	0.00698	0.00810	0.00603	0.00413	0.00335	0.00112	0.00547	0.00274	0.00201	0.00626
5	0.00657	0.00495	0.00617	0.00586	0.00717	0.00459	0.00444	0.00846	0.01169	0.01611	0.45636	0.03410	0.22729	0.01342	0.11666	0.00231	0.00374	0.00809	0.02763	0.03438
6	0.24047	0.00913	0.01041	0.00821	0.01169	0.00910	0.00678	0.14208	0.01345	0.48034	0.01432	0.01312	0.00939	0.00543	0.00426	0.00145	0.00410	0.00409	0.00490	0.00727
7	0.00980	0.00835	0.01391	0.76311	0.03097	0.01022	0.01264	0.01285	0.00973	0.07054	0.00913	0.01283	0.00668	0.00480	0.00472	0.00156	0.00612	0.00423	0.00237	0.00544
8	0.01059	0.01010	0.01718	0.33945	0.50282	0.01092	0.01393	0.01352	0.01022	0.01409	0.00868	0.01202	0.00701	0.00440	0.00469	0.00147	0.00587	0.00420	0.00224	0.00660
9	0.61635	0.00879	0.00812	0.00685	0.00998	0.00949	0.00565	0.01657	0.00965	0.25476	0.01014	0.01015	0.00706	0.00481	0.00346	0.00146	0.00376	0.00320	0.00378	0.00597
10	0.00951	0.00784	0.01233	0.29839	0.13972	0.00848	0.03683	0.01227	0.02734	0.07029	0.19090	0.02112	0.09480	0.00707	0.01639	0.00162	0.03031	0.00585	0.00338	0.00554
11	0.00762	0.00525	0.00642	0.00647	0.00755	0.00506	0.00466	0.05861	0.01047	0.05785	0.08044	0.34259	0.20224	0.08954	0.09031	0.00258	0.00403	0.00975	0.00421	0.00436
12	0.00610	0.00443	0.00564	0.00638	0.00694	0.00414	0.00448	0.00713	0.00953	0.01253	0.08094	0.50742	0.12998	0.09757	0.00782	0.00214	0.00302	0.09567	0.00427	0.00385
13	0.01003	0.12188	0.63308	0.07223	0.02012	0.03503	0.01573	0.01473	0.00997	0.01416	0.00819	0.00981	0.00601	0.00445	0.00431	0.00143	0.00673	0.00341	0.00201	0.00669
14	0.26874	0.03345	0.05400	0.29386	0.01904	0.05436	0.00974	0.05307	0.00963	0.01582	0.00760	0.01015	0.00600	0.00506	0.00545	0.00153	0.11225	0.00350	0.00251	0.03427
15	0.00908	0.00732	0.00928	0.09637	0.04009	0.00805	0.00739	0.01499	0.29011	0.02690	0.05173	0.19454	0.02029	0.03277	0.02927	0.00201	0.00420	0.14588	0.00416	0.00557
16	0.00563	0.00478	0.00486	0.00484	0.00641	0.00401	0.00363	0.00689	0.01089	0.01308	0.08986	0.04481	0.76066	0.01181	0.00557	0.00159	0.00238	0.00987	0.00442	0.00401
17	0.04180	0.01190	0.08046	0.04642	0.52390	0.01108	0.02405	0.10958	0.01215	0.01749	0.06736	0.01312	0.01001	0.00482	0.00468	0.00143	0.00540	0.00443	0.00282	0.00711
18	0.00641	0.00481	0.00616	0.00691	0.00744	0.00479	0.00478	0.00838	0.07730	0.01297	0.05667	0.69722	0.04129	0.01364	0.00611	0.00187	0.02241	0.01224	0.00439	0.00420
19	0.00662	0.00508	0.00729	0.00732	0.00818	0.00574	0.00564	0.00818	0.00802	0.01123	0.01723	0.08092	0.09795	0.03069	0.65017	0.00639	0.03018	0.00617	0.00285	0.00418
20	0.01113	0.01272	0.02782	0.01987	0.02464	0.01192	0.78776	0.01510	0.01113	0.01510	0.00954	0.01272	0.00715	0.00397	0.00556	0.00159	0.00795	0.00556	0.00238	0.00636
21	0.01303	0.61385	0.02214	0.05232	0.07947	0.12702	0.00900	0.01469	0.01019	0.01156	0.00694	0.00829	0.00618	0.00420	0.00342	0.00110	0.00563	0.00282	0.00210	0.00605
22	0.01661	0.01076	0.01180	0.00924	0.01248	0.01154	0.00757	0.52881	0.01855	0.13813	0.01315	0.01321	0.00933	0.00565	0.00444	0.00136	0.00444	0.00434	0.17129	0.00731
23	0.00600	0.00478	0.00513	0.00523	0.00645	0.00421	0.00382	0.00708	0.01009	0.01236	0.06129	0.05832	0.56145	0.16065	0.00899	0.00218	0.00294	0.07108	0.00412	0.00382
24	0.01700	0.01260	0.01355	0.01053	0.01410	0.01394	0.00865	0.70645	0.06481	0.02860	0.05248	0.01290	0.01025	0.00591	0.00476	0.00143	0.00495	0.00453	0.00475	0.00780
25	0.01851	0.01188	0.01328	0.01022	0.01393	0.01270	0.00843	0.58344	0.04308	0.21538	0.01329	0.01264	0.00908	0.00572	0.00473	0.00143	0.00486	0.00440	0.00499	0.00800
26	0.00578	0.00428	0.00541	0.00620	0.00677	0.00390	0.00424	0.00677	0.00965	0.01266	0.08638	0.63130	0.17165	0.01389	0.00590	0.00183	0.00264	0.01243	0.00444	0.00390
27	0.01032	0.02319	0.75116	0.01307	0.01979	0.01065	0.01665	0.01552	0.01021	0.07321	0.00921	0.01040	0.00639	0.00458	0.00450	0.00149	0.00675	0.00358	0.00227	0.00705
28	0.01035	0.01077	0.01439	0.26217	0.10883	0.13704	0.10137	0.01263	0.01034	0.01293	0.04272	0.12513	0.04052	0.00675	0.00598	0.00159	0.08261	0.00580	0.00272	0.00538
29	0.00879	0.00439	0.00439	0.00439	0.00549	0.00439	0.00330	0.01099	0.00989	0.01758	0.01538	0.01758	0.01209	0.00549	0.00330	0.00110	0.00220	0.00439	0.86047	0.00439
30	0.01050	0.00809	0.01096	0.01968	0.05236	0.00761	0.03419	0.02635	0.02497	0.09162	0.01059	0.01299	0.00875	0.01205	0.20392	0.00267	0.06653	0.00390	0.00300	0.38929
31	0.01167	0.01120	0.01914	0.02894	0.80488	0.01120	0.01447	0.01447	0.01074	0.01540	0.00887	0.01167	0.00747	0.00420	0.00467	0.00140	0.00560	0.00420	0.00233	0.00747
32	0.00978	0.00838	0.00978	0.00698	0.01117	0.00629	0.00559	0.01187	0.00978	0.01536	0.00838	0.00978	0.00698	0.00349	0.00349	0.00070	0.00349	0.00279	0.00279	0.86312
33	0.00701	0.00521	0.00658	0.00617	0.00741	0.00497	0.00465	0.01003	0.07081	0.01880	0.72414	0.03420	0.06309	0.00946	0.00551	0.00149	0.00234	0.00833	0.00514	0.00466
34	0.00559	0.00478	0.00481	0.00480	0.00638	0.00399	0.00360	0.00681	0.01080	0.01286	0.06262	0.04518	0.78804	0.01190	0.00557	0.00159	0.00239	0.00992	0.00439	0.00399
35	0.01430	0.00794	0.00977	0.00832	0.01095	0.00791	0.00670	0.07194	0.19859	0.32344	0.19482	0.02356	0.02075	0.00742	0.00509	0.00156	0.00365	0.07128	0.00524	0.00677
36	0.01978	0.00771	0.01037	0.00805	0.01149	0.00667	0.00662	0.02159	0.01325	0.73298	0.03245	0.01790	0.05294	0.00620	0.00476	0.00146	0.00385	0.00506	0.02921	0.00766
37	0.00695	0.00533	0.00644	0.00610	0.00746	0.00507	0.00462	0.01003	0.08791	0.01766	0.56155	0.03589	0.19398	0.00985	0.00551	0.00153	0.00244	0.02207	0.00497	0.00464
38	0.01032	0.01032	0.01444	0.01238	0.01238	0.01444	0.01032	0.01135	0.00722	0.01135	0.00619	0.01032	0.00619	0.00825	0.01547	0.00206	0.82567	0.00413	0.00206	0.00516
39	0.10708	0.01212	0.01512	0.04068	0.14441	0.02533	0.07555	0.42712	0.04115	0.04976	0.01059	0.01145	0.00778	0.00513	0.00458	0.00144	0.00533	0.00420	0.00385	0.00733
40	0.19462	0.00825	0.01012	0.00794	0.01144	0.00768	0.00656	0.02111	0.01237	0.64687	0.01613	0.01433	0.01033	0.00554	0.00437	0.00146	0.00394	0.00429	0.00524	0.00743
41	0.00862	0.00443	0.00455	0.00452	0.00562	0.00440	0.00339	0.01082	0.01016	0.01769	0.07841	0.01899	0.01468	0.00583	0.00348	0.00113	0.00220	0.00473	0.79197	0.00440
42	0.00677	0.00499	0.00557	0.00538	0.00696	0.00430	0.00411	0.00827	0.01152	0.05861	0.22412	0.04159	0.55372	0.01109	0.00555	0.00158	0.00250	0.03437	0.00465	0.00433
43	0.86760	0.00912	0.00693	0.00620	0.00912	0.01058	0.00511	0.01386	0.00802	0.02115	0.00657	0.00766	0.00511	0.00438	0.00292	0.00146	0.00365	0.00255	0.00292	0.00511
44	0.01993	0.00806	0.01082	0.00824	0.01194	0.00686	0.00679	0.02179	0.01310	0.72311	0.01751	0.01538	0.01117	0.00558	0.00461	0.00138	0.00396	0.00453	0.00551	0.09975
45	0.86760	0.00912	0.00693	0.00620	0.00912	0.01058	0.00511	0.01386	0.00802	0.02115	0.00657	0.00766	0.00511	0.00438	0.00292	0.00146	0.00365	0.00255	0.00292	0.00511
46	0.00666	0.00493	0.00628	0.00636	0.00741	0.00464	0.00479	0.00889	0.03941	0.01645	0.46327	0.19236	0.11669	0.01112	0.00573	0.00166	0.00262	0.09153	0.00484	0.00437
47	0.10556	0.54691	0.02000	0.00888	0.01239	0.21476	0.00801	0.01526	0.01035	0.01228	0.00674	0.00781	0.00596	0.00427	0.00332	0.00111	0.00575	0.00265	0.00222	0.00580
48	0.00592	0.00423	0.00567	0.00676	0.00711	0.00398	0.00468	0.00686	0.00920	0.01223	0.02589	0.75910	0.03081	0.01461	0.00606	0.00194	0.00288	0.08383	0.00437	0.00388
49	0.00560	0.00478	0.00482	0.00481	0.00639	0.00399	0.00361	0.00683	0.01082	0.01292	0.06951	0.04508	0.78112	0.01187	0.00557	0.00159	0.00238	0.00991	0.00440	0.00399
50	0.01207	0.01030	0.01086	0.00967	0.01239	0.01189	0.00755	0.06768	0.75318	0.02028	0.01875	0.01724	0.01404	0.00636	0.00479	0.00159	0.00381	0.00527	0.00479	0.00749
51	0.02084	0.00813	0.01097	0.00843	0.01204	0.00712	0.00695	0.04551	0.01375	0.77330	0.03004	0.01619	0.01205	0.00589	0.00475	0.00146	0.00402	0.00478	0.00579	0.00797
52	0.01931	0.00847	0.01075	0.00836	0.01175	0.00789	0.00687	0.14467	0.01450	0.59840	0.01709	0.01545	0.01113	0.00577	0.00458	0.00141	0.00401	0.00462	0.09733	0.00763
53	0.01261	0.83713	0.02471	0.00807	0.01210	0.01866	0.00807	0.01412	0.00958	0.01109	0.00656	0.00756	0.00605	0.00403	0.00303	0.00101	0.00504	0.00252	0.00202	0.00605
54	0.00582	0.00482	0.00512	0.00512	0.00663	0.00411	0.00390	0.00719	0.01108	0.01359	0.14231	0.04449	0.66683	0.01171	0.00562	0.00161	0.00247	0.04906	0.00448	0.00406
55	0.00890	0.00838	0.01414	0.82296	0.03247	0.01048	0.01309	0.01205	0.00943	0.01205	0.00838	0.01257	0.00629	0.00471	0.00471	0.00157	0.00629	0.00419	0.00210	0.00524
56	0.00674	0.00505	0.00758	0.00758	0.00842	0.00589	0.00589	0.00842	0.00758	0.01095	0.01263	0.01852	0.01179	0.03536	0.81561	0.00758	0.01263	0.00505	0.00253	0.00421
57	0.01108	0.00589	0.00627	0.00560	0.00728	0.00598	0.00437	0.11632	0.01185	0.08738	0.01511	0.01661	0.01150	0.00555	0.00361	0.00117	0.00275	0.00440	0.67207	0.00519
58	0.01430	0.01117	0.01193	0.01001	0.01311	0.01261	0.00799	0.30145	0.48881	0.05096	0.01632	0.01527	0.01199	0.00611	0.00477	0.00153	0.00427	0.00492	0.00480	0.00768
59	0.01103	0.06503	0.24189	0.21282	0.06613	0.01172	0.12887	0.07234	0.09536	0.03455	0.01011	0.01202	0.00750	0.00474	0.00468	0.00150	0.00620	0.00423	0.00269	0.00658
60	0.01261	0.83713	0.02471	0.00807	0.01210	0.01866	0.00807	0.01412	0.00958	0.01109	0.00656	0.00756	0.00605	0.00403	0.00303	0.00101	0.00504	0.00252	0.00202	0.00605
61	0.02042	0.00798	0.01069	0.00825	0.01176	0.00701	0.00679	0.04338	0.01354	0.74516	0.01823	0.01600	0.01159	0.00581	0.00466	0.00144	0.00395	0.00471	0.05080	0.00783
62	0.00736	0.00444	0.00578	0.00578	0.00586	0.00453	0.00364	0.00674	0.00666	0.00896	0.01207	0.02325	0.01316	0.43855	0.10353	0.33366	0.00522	0.00561	0.00251	0.00269
63	0.00686	0.00457	0.00514	0.00514	0.00514	0.00457	0.00286	0.00686	0.00686	0.00914	0.01486	0.03086	0.01714	0.83430	0.02400	0.00457	0.00457	0.00686	0.00286	0.00286
64	0.01416	0.01224	0.01933	0.01426	0.01825	0.01257	0.35055	0.38305	0.01628	0.02227	0.01088	0.01247	0.00798	0.00491	0.00497	0.00146	0.00615	0.00484	0.07641	0.00698
65	0.00639	0.00468	0.00600	0.00595	0.00694	0.00429	0.00436	0.00825	0.01227	0.01700	0.58208	0.19094	0.11159	0.01085	0.00565	0.00158	0.00234	0.00961	0.00496	0.00429
66	0.01147	0.01098	0.01865	0.08700	0.73673	0.01116	0.01427	0.01444	0.02194	0.01522	0.00898	0.01182	0.00748	0.00427	0.00467	0.00142	0.00562	0.00422	0.00235	0.00730
67	0.00979	0.11157	0.72564	0.01286	0.01952	0.01178	0.01642	0.01484	0.00991	0.01452	0.00826	0.00970	0.00598	0.00443	0.00432	0.00144	0.00676	0.00338	0.00199	0.00687
68	0.00657	0.00482	0.00616	0.00583	0.00698	0.00441	0.00437	0.00870	0.01311	0.01835	0.73386	0.03614	0.11337	0.00985	0.00556	0.00149	0.00224	0.00866	0.00512	0.00441
69	0.01233	0.60521	0.18950	0.00940	0.01404	0.01674	0.01011	0.07124	0.01058	0.01327	0.00731	0.00834	0.00618	0.00425	0.00346	0.00114	0.00546	0.00285	0.00221	0.00639
70	0.00562	0.00468	0.00490	0.00505	0.00645	0.00397	0.00371	0.00678	0.01055	0.01276	0.05929	0.15701	0.67845	0.01230	0.00564	0.00164	0.00243	0.01041	0.00439	0.00397
71	0.86760	0.00912	0.00693	0.00620	0.00912	0.01058	0.00511	0.01386	0.00802	0.02115	0.00657	0.00766	0.00511	0.00438	0.00292	0.00146	0.00365	0.00255	0.00292	0.00511
72	0.00717	0.00512	0.00711	0.00820	0.00910	0.00506	0.00686	0.00903	0.01043	0.01363	0.02520	0.23174	0.02806	0.01343	0.00640	0.00211	0.00397	0.59879	0.00435	0.00422
73	0.02115	0.00802	0.01094	0.00839	0.01204	0.00693	0.00693	0.02298	0.01350	0.80815	0.01860	0.01605	0.01167	0.00584	0.00474	0.00146	0.00401	0.00474	0.00584	0.00802
74	0.02115	0.00802	0.01094	0.00839	0.01204	0.00693	0.00693	0.02298	0.01350	0.80815	0.01860	0.01605	0.01167	0.00584	0.00474	0.00146	0.00401	0.00474	0.00584	0.00802
75	0.01261	0.83713	0.02471	0.00807	0.01210	0.01866	0.00807	0.01412	0.00958	0.01109	0.00656	0.00756	0.00605	0.00403	0.00303	0.00101	0.00504	0.00252	0.00202	0.00605
76	0.00777	0.00567	0.00703	0.00647	0.00782	0.00548	0.00490	0.09235	0.01388	0.01935	0.63405	0.09150	0.06617	0.00967	0.00550	0.00151	0.00259	0.00848	0.00505	0.00477
77	0.86760	0.00912	0.00693	0.00620	0.00912	0.01058	0.00511	0.01386	0.00802	0.02115	0.00657	0.00766	0.00511	0.00438	0.00292	0.00146	0.00365	0.00255	0.00292	0.00511
78	0.01398	0.00948	0.01066	0.00914	0.01200	0.01030	0.00723	0.08112	0.49925	0.20136	0.07740	0.01809	0.01555	0.00646	0.00484	0.00154	0.00379	0.00535	0.00506	0.00741
79	0.00574	0.00410	0.00547	0.00657	0.00684	0.00383	0.00438	0.00657	0.00903	0.01204	0.02599	0.83122	0.03119	0.01477	0.00602	0.00191	0.00274	0.01340	0.00438	0.00383
80	0.01113	0.01272	0.02782	0.01987	0.02464	0.01192	0.78776	0.01510	0.01113	0.01510	0.00954	0.01272	0.00715	0.00397	0.00556	0.00159	0.00795	0.00556	0.00238	0.00636
81	0.00890	0.00838	0.01414	0.82296	0.03247	0.01048	0.01309	0.01205	0.00943	0.01205	0.00838	0.01257	0.00629	0.00471	0.00471	0.00157	0.00629	0.00419	0.00210	0.00524
82	0.00594	0.00419	0.00541	0.00631	0.00654	0.00396	0.00411	0.00662	0.00864	0.01152	0.02400	0.68822	0.02868	0.16119	0.00923	0.00239	0.00306	0.01223	0.00411	0.00366
83	0.00981	0.00847	0.01015	0.00725	0.01146	0.00640	0.02194	0.01194	0.00981	0.01536	0.00840	0.00984	0.00699	0.00350	0.00354	0.00072	0.00359	0.00285	0.00278	0.84520
84	0.01108	0.01061	0.01808	0.19706	0.64134	0.01105	0.01418	0.01396	0.01046	0.01469	0.00877	0.01186	0.00722	0.00431	0.00468	0.00144	0.00575	0.00420	0.00228	0.00700
85	0.01194	0.00602	0.00778	0.00665	0.00881	0.00530	0.00523	0.01383	0.01295	0.31526	0.37434	0.02978	0.16546	0.00861	0.00525	0.00149	0.00293	0.00735	0.00529	0.00571
86	0.00630	0.00480	0.00578	0.00554	0.00681	0.00429	0.00415	0.00817	0.01246	0.01681	0.54586	0.03867	0.30234	0.01042	0.00557	0.00152	0.00228	0.00901	0.00491	0.00429
87	0.86760	0.00912	0.00693	0.00620	0.00912	0.01058	0.00511	0.01386	0.00802	0.02115	0.00657	0.00766	0.00511	0.00438	0.00292	0.00146	0.00365	0.00255	0.00292	0.00511
88	0.01777	0.01787	0.01375	0.01150	0.01460	0.41722	0.00904	0.40186	0.01774	0.02058	0.00929	0.00990	0.00704	0.00526	0.00448	0.00131	0.00685	0.00364	0.00357	0.00674
89	0.01111	0.07341	0.05475	0.01787	0.02242	0.01228	0.63547	0.01537	0.05137	0.01505	0.02378	0.01285	0.00805	0.00429	0.00546	0.00155	0.02077	0.00528	0.00251	0.00636
90	0.01791	0.01353	0.01412	0.01089	0.01462	0.04268	0.00897	0.76217	0.02186	0.02908	0.01118	0.01122	0.00795	0.00563	0.00470	0.00141	0.00530	0.00420	0.00464	0.00793
91	0.00634	0.00415	0.00557	0.00633	0.00652	0.00396	0.00416	0.00651	0.00823	0.01098	0.02133	0.58652	0.02521	0.10299	0.01036	0.16961	0.00320	0.01089	0.00376	0.00338
92	0.01414	0.00656	0.00875	0.00726	0.00969	0.00586	0.00577	0.01639	0.02980	0.41998	0.38773	0.02511	0.02718	0.00764	0.00513	0.00147	0.00316	0.00654	0.00551	0.00633
93	0.00890	0.00838	0.01414	0.82296	0.03247	0.01048	0.01309	0.01205	0.00943	0.01205	0.00838	0.01257	0.00629	0.00471	0.00471	0.00157	0.00629	0.00419	0.00210	0.00524
94	0.00946	0.02439	0.80987	0.01344	0.02041	0.01095	0.01742	0.01493	0.00995	0.01493	0.00846	0.00995	0.00597	0.00448	0.00448	0.00149	0.00697	0.00348	0.00199	0.00697
95	0.00583	0.00421	0.00554	0.00657	0.00696	0.00392	0.00450	0.00674	0.00922	0.01218	0.02715	0.74733	0.07403	0.01452	0.00602	0.00191	0.00280	0.05232	0.00438	0.00386
96	0.01253	0.00603	0.00681	0.00591	0.00785	0.00590	0.00466	0.08220	0.01182	0.20650	0.01579	0.01667	0.01163	0.00559	0.00376	0.00121	0.00289	0.00446	0.58222	0.00558
97	0.00678	0.00473	0.00604	0.00608	0.00639	0.00503	0.00401	0.00742	0.00719	0.00989	0.01439	0.05131	0.01563	0.51725	0.31226	0.00559	0.00745	0.00640	0.00278	0.00338
98	0.01173	0.01013	0.01066	0.00960	0.01226	0.01173	0.00746	0.02505	0.79636	0.01972	0.01919	0.01759	0.01439	0.00640	0.00480	0.00160	0.00373	0.00533	0.00480	0.00746
99	0.45783	0.00859	0.00887	0.00726	0.01053	0.00881	0.00599	0.01827	0.01067	0.40214	0.01239	0.01172	0.00828	0.00508	0.00380	0.00146	0.00382	0.00361	0.00433	0.00652
100	0.00890	0.00838	0.01414	0.82296	0.03247	0.01048	0.01309	0.01205	0.00943	0.01205	0.00838	0.01257	0.00629	0.00471	0.00471	0.00157	0.00629	0.00419	0.00210	0.00524
101	0.01081	0.07121	0.01701	0.38199	0.35960	0.05340	0.01310	0.01359	0.01020	0.01338	0.00840	0.01161	0.00676	0.00445	0.00455	0.00144	0.00602	0.00401	0.00221	0.00626
102	0.00681	0.00463	0.00549	0.00562	0.00584	0.00457	0.00352	0.00729	0.00803	0.01080	0.10096	0.09192	0.02191	0.61975	0.01930	0.00385	0.00417	0.06898	0.00334	0.00322
103	0.14028	0.14621	0.26417	0.01125	0.07352	0.01147	0.01076	0.08068	0.01124	0.14543	0.01027	0.03300	0.00779	0.00495	0.00411	0.00138	0.00522	0.00377	0.00310	0.03142
104	0.01933	0.01057	0.01245	0.00956	0.01323	0.01076	0.00789	0.40835	0.01780	0.40369	0.01489	0.01369	0.00984	0.00574	0.00471	0.00143	0.00457	0.00449	0.01903	0.00796
105	0.01511	0.22157	0.15926	0.01172	0.09983	0.01203	0.01013	0.10714	0.02683	0.26240	0.02261	0.01207	0.00885	0.00500	0.00426	0.00134	0.00508	0.00390	0.00364	0.00722
106	0.00946	0.02439	0.80987	0.01344	0.02041	0.01095	0.01742	0.01493	0.00995	0.01493	0.00846	0.00995	0.00597	0.00448	0.00448	0.00149	0.00697	0.00348	0.00199	0.00697
107	0.02115	0.00802	0.01094	0.00839	0.01204	0.00693	0.00693	0.02298	0.01350	0.80815	0.01860	0.01605	0.01167	0.00584	0.00474	0.00146	0.00401	0.00474	0.00584	0.00802
108	0.00906	0.00964	0.09324	0.01144	0.06974	0.02606	0.04325	0.02129	0.00882	0.02806	0.01311	0.20073	0.01367	0.06993	0.12024	0.00279	0.24444	0.00656	0.00286	0.00508
109	0.01499	0.01311	0.07209	0.14584	0.05779	0.10681	0.01023	0.28104	0.04768	0.12365	0.01105	0.01223	0.00810	0.01785	0.00559	0.00152	0.05570	0.00418	0.00365	0.00688
110	0.01076	0.00774	0.00940	0.00802	0.00942	0.01922	0.04313	0.17308	0.01132	0.02710	0.01265	0.03235	0.01147	0.20403	0.01113	0.04753	0.11341	0.00510	0.23824	0.00491
111	0.86760	0.00912	0.00693	0.00620	0.00912	0.01058	0.00511	0.01386	0.00802	0.02115	0.00657	0.00766	0.00511	0.00438	0.00292	0.00146	0.00365	0.00255	0.00292	0.00511
112	0.00577	0.00412	0.00550	0.00660	0.00688	0.00385	0.00443	0.00662	0.00906	0.01207	0.02597	0.81908	0.03112	0.01474	0.00603	0.00192	0.00276	0.02526	0.00438	0.00384
113	0.00646	0.00480	0.00602	0.00574	0.00692	0.00436	0.00429	0.00848	0.01281	0.01770	0.65585	0.05077	0.17807	0.01013	0.00557	0.00151	0.00226	0.00886	0.00503	0.00436
114	0.04765	0.01444	0.01378	0.01088	0.01442	0.13365	0.00885	0.64735	0.02036	0.02671	0.01055	0.01077	0.00763	0.00550	0.00458	0.00139	0.00563	0.00401	0.00431	0.00754
115	0.07285	0.00917	0.01465	0.57318	0.19018	0.01076	0.01266	0.03691	0.00999	0.01396	0.00844	0.01198	0.00650	0.00461	0.00457	0.00152	0.00592	0.00407	0.00229	0.00578
116	0.00672	0.00500	0.00630	0.00627	0.00732	0.00476	0.00461	0.00926	0.06270	0.01686	0.50704	0.21914	0.09414	0.01083	0.00563	0.00161	0.00248	0.01997	0.00491	0.00447
117	0.00685	0.00461	0.00535	0.00535	0.00543	0.00469	0.00312	0.00699	0.00692	0.00930	0.01466	0.02978	0.01668	0.76480	0.09286	0.00483	0.00527	0.00670	0.00283	0.00297
118	0.07365	0.20753	0.18244	0.00867	0.01326	0.01077	0.00874	0.04039	0.01013	0.01525	0.01959	0.00956	0.00700	0.00406	0.00362	0.00103	0.00465	0.00299	0.00255	0.37412
119	0.01485	0.32471	0.03158	0.00993	0.01344	0.17476	0.00860	0.22448	0.12328	0.01745	0.00977	0.01020	0.00774	0.00497	0.00400	0.00125	0.00562	0.00349	0.00321	0.00668
120	0.01087	0.01007	0.01650	0.38824	0.39600	0.01112	0.01344	0.07029	0.01098	0.01493	0.00883	0.01205	0.00697	0.00454	0.00469	0.00148	0.00588	0.00420	0.00240	0.00650
121	0.01040	0.09995	0.57498	0.01275	0.01853	0.08698	0.05468	0.01476	0.01025	0.01409	0.00920	0.05555	0.00746	0.00502	0.00446	0.00145	0.00674	0.00401	0.00219	0.00653
122	0.01506	0.07376	0.17754	0.01152	0.01580	0.07049	0.09977	0.22421	0.01453	0.18633	0.05556	0.01306	0.01002	0.00531	0.00466	0.00142	0.00569	0.00437	0.00379	0.00709
123	0.00712	0.00513	0.00652	0.00730	0.00811	0.00516	0.00549	0.00976	0.09502	0.01384	0.02418	0.47431	0.02685	0.01270	0.00581	0.00189	0.00323	0.21436	0.06884	0.00440
124	0.00588	0.00437	0.00548	0.00609	0.00678	0.00397	0.00423	0.00704	0.01017	0.01345	0.17383	0.52563	0.18933	0.01325	0.00584	0.00177	0.00257	0.01181	0.00453	0.00397
125	0.02416	0.04208	0.22145	0.03062	0.14733	0.11109	0.06371	0.11353	0.10303	0.04055	0.02202	0.01257	0.02377	0.00508	0.00458	0.00143	0.00597	0.00421	0.01599	0.00682
126	0.60708	0.00996	0.07208	0.00786	0.03505	0.00993	0.00666	0.02632	0.00882	0.07464	0.00836	0.00978	0.00647	0.00783	0.09043	0.00212	0.00499	0.00313	0.00302	0.00548
127	0.02077	0.00827	0.01105	0.00851	0.01213	0.00734	0.00702	0.04988	0.03635	0.75816	0.01836	0.01593	0.01162	0.00585	0.00474	0.00146	0.00405	0.00474	0.00577	0.00801
128	0.00589	0.00453	0.00541	0.00593	0.00686	0.00406	0.00428	0.00708	0.01025	0.01311	0.10909	0.38760	0.34215	0.01303	0.00583	0.00176	0.00265	0.06205	0.00445	0.00398
129	0.01420	0.16203	0.15965	0.01601	0.25946	0.01138	0.03700	0.02900	0.01136	0.23844	0.01118	0.01188	0.00813	0.00470	0.00439	0.00137	0.00537	0.00397	0.00324	0.00725
130	0.00645	0.00493	0.00700	0.00895	0.09249	0.00468	0.00551	0.00757	0.00944	0.01272	0.05588	0.68543	0.04077	0.01336	0.00586	0.00184	0.00305	0.02563	0.00419	0.00426
131	0.02115	0.00802	0.01094	0.00839	0.01204	0.00693	0.00693	0.02298	0.01350	0.80815	0.01860	0.01605	0.01167	0.00584	0.00474	0.00146	0.00401	0.00474	0.00584	0.00802
132	0.01061	0.05837	0.55771	0.07200	0.01949	0.01112	0.02724	0.01638	0.10178	0.06595	0.01028	0.01136	0.00736	0.00478	0.00450	0.00149	0.00628	0.00382	0.00258	0.00691
133	0.01056	0.04928	0.23473	0.01071	0.01430	0.06577	0.06505	0.11142	0.09767	0.01630	0.03958	0.16714	0.06780	0.00746	0.00513	0.00156	0.01975	0.00631	0.00341	0.00607
134	0.00569	0.00480	0.00495	0.00503	0.00657	0.00406	0.00382	0.00693	0.01072	0.01280	0.04606	0.06128	0.74450	0.01206	0.00563	0.00163	0.00250	0.05259	0.00438	0.00400
135	0.02115	0.00802	0.01094	0.00839	0.01204	0.00693	0.00693	0.02298	0.01350	0.80815	0.01860	0.01605	0.01167	0.00584	0.00474	0.00146	0.00401	0.00474	0.00584	0.00802
136	0.07032	0.01375	0.08809	0.01189	0.01548	0.05401	0.09768	0.39317	0.05705	0.04754	0.01044	0.01134	0.00770	0.00556	0.00581	0.00152	0.09363	0.00421	0.00372	0.00708
137	0.01083	0.01023	0.01731	0.08488	0.66253	0.01036	0.01329	0.01344	0.01046	0.01480	0.01067	0.09965	0.00993	0.00537	0.00482	0.00147	0.00534	0.00519	0.00254	0.00691
138	0.01792	0.01321	0.01415	0.01085	0.01462	0.01462	0.00896	0.78916	0.02217	0.02972	0.01132	0.01132	0.00802	0.00566	0.00472	0.00142	0.00519	0.00425	0.00472	0.00802
139	0.00978	0.00838	0.00978	0.00698	0.01117	0.00629	0.00559	0.01187	0.00978	0.01536	0.00838	0.00978	0.00698	0.00349	0.00349	0.00070	0.00349	0.00279	0.00279	0.86312
140	0.00610	0.00480	0.00551	0.00533	0.00669	0.00421	0.00400	0.00779	0.01200	0.01570	0.41063	0.04049	0.43826	0.01083	0.00557	0.00154	0.00231	0.00927	0.00477	0.00421
141	0.02115	0.00802	0.01094	0.00839	0.01204	0.00693	0.00693	0.02298	0.01350	0.80815	0.01860	0.01605	0.01167	0.00584	0.00474	0.00146	0.00401	0.00474	0.00584	0.00802
142	0.00653	0.00478	0.00613	0.00587	0.00698	0.00438	0.00437	0.00859	0.01289	0.01801	0.69612	0.08047	0.10703	0.01012	0.00559	0.00152	0.00227	0.00892	0.00508	0.00438
143	0.01105	0.01239	0.02645	0.05658	0.07585	0.01185	0.69145	0.01487	0.01097	0.01493	0.00940	0.01261	0.00712	0.00408	0.00561	0.00158	0.01908	0.00539	0.00236	0.00636
144	0.31202	0.00992	0.00959	0.00824	0.01124	0.05491	0.00660	0.02027	0.27456	0.22531	0.01398	0.01323	0.00999	0.00546	0.00410	0.00149	0.00404	0.00408	0.00428	0.00668
145	0.01173	0.01013	0.01066	0.00960	0.01226	0.01173	0.00746	0.02505	0.79636	0.01972	0.01919	0.01759	0.01439	0.00640	0.00480	0.00160	0.00373	0.00533	0.00480	0.00746
146	0.01167	0.01120	0.01914	0.02894	0.80488	0.01120	0.01447	0.01447	0.01074	0.01540	0.00887	0.01167	0.00747	0.00420	0.00467	0.00140	0.00560	0.00420	0.00233	0.00747
147	0.01155	0.01339	0.19793	0.06412	0.30177	0.01029	0.11271	0.01553	0.05145	0.09662	0.06867	0.01395	0.01053	0.00494	0.00482	0.00148	0.00575	0.00464	0.00294	0.00692
148	0.01772	0.01921	0.01364	0.01169	0.01459	0.53359	0.00906	0.28990	0.01646	0.01794	0.00871	0.00949	0.00676	0.00514	0.00442	0.00129	0.00734	0.00346	0.00323	0.00636
149	0.00612	0.00460	0.00577	0.00653	0.00736	0.00424	0.00487	0.00737	0.00998	0.01281	0.04475	0.42666	0.24484	0.01351	0.00600	0.00187	0.00299	0.18135	0.00438	0.00400
150	0.00758	0.00642	0.00682	0.00648	0.00782	0.06440	0.00485	0.01023	0.06421	0.01707	0.53042	0.07472	0.16169	0.00971	0.00544	0.00151	0.00284	0.00839	0.00479	0.00461
151	0.00674	0.00502	0.00744	0.00744	0.00823	0.00582	0.00572	0.00833	0.00754	0.01084	0.01276	0.01922	0.01209	0.08073	0.77066	0.00741	0.01217	0.00515	0.00254	0.00413
152	0.01792	0.01321	0.01415	0.01085	0.01462	0.01462	0.00896	0.78916	0.02217	0.02972	0.01132	0.01132	0.00802	0.00566	0.00472	0.00142	0.00519	0.00425	0.00472	0.00802
153	0.04864	0.00718	0.01179	0.07021	0.04226	0.00699	0.15671	0.01171	0.02228	0.11950	0.01892	0.42452	0.01981	0.00977	0.00546	0.00172	0.00433	0.00910	0.00389	0.00523
154	0.05670	0.37810	0.23742	0.00996	0.01470	0.01487	0.01058	0.16683	0.01209	0.01649	0.00809	0.00905	0.00640	0.00447	0.00377	0.00123	0.00547	0.00314	0.00262	0.03803
155	0.00999	0.00986	0.01437	0.20164	0.01707	0.01352	0.01096	0.01151	0.00774	0.01151	0.00670	0.01084	0.00621	0.00743	0.01296	0.00195	0.63435	0.00414	0.00207	0.00518
156	0.01201	0.01016	0.01085	0.00934	0.01232	0.01121	0.00733	0.09183	0.61459	0.02000	0.01694	0.01591	0.01276	0.00592	0.00460	0.00145	0.00383	0.00487	0.00450	0.12958
157	0.01388	0.01758	0.06984	0.01045	0.01295	0.51194	0.00839	0.01622	0.05651	0.01340	0.12273	0.01678	0.09725	0.00634	0.00462	0.00133	0.00660	0.00470	0.00312	0.00539
158	0.01117	0.01261	0.02718	0.02054	0.08197	0.01187	0.73094	0.01506	0.01110	0.01513	0.00949	0.01264	0.00718	0.00399	0.00550	0.00158	0.00778	0.00546	0.00238	0.00644
159	0.01011	0.15831	0.62114	0.01318	0.03235	0.01229	0.06045	0.01480	0.00997	0.01431	0.00821	0.00975	0.00608	0.00437	0.00430	0.00142	0.00668	0.00346	0.00202	0.00679
160	0.86760	0.00912	0.00693	0.00620	0.00912	0.01058	0.00511	0.01386	0.00802	0.02115	0.00657	0.00766	0.00511	0.00438	0.00292	0.00146	0.00365	0.00255	0.00292	0.00511
161	0.00574	0.00410	0.00547	0.00657	0.00684	0.00383	0.00438	0.00657	0.00903	0.01204	0.02599	0.83122	0.03119	0.01477	0.00602	0.00191	0.00274	0.01340	0.00438	0.00383
