[name]
unknown

[dist]
# distance from previous block
# <min> <max>
0	997

[block]
# block no. 0 follows, 50 sequences, length 12
# corresponding to MSA columns:
# 998-1009
name=unknown_A
#
# <colnr> <probs for GDERKNQSTAVLIFYWHMCP>
#	G	D	E	R	K	N	Q	S	T	A	V	L	I	F	Y	W	H	M	C	P
0	0.01245	0.01343	0.01540	0.01459	0.08168	0.25495	0.16863	0.01488	0.01234	0.01441	0.01578	0.02899	0.01564	0.00832	0.00577	0.00179	0.00686	0.30506	0.00335	0.00568
1	0.01076	0.01121	0.00933	0.00943	0.01057	0.26427	0.00702	0.01196	0.01105	0.01265	0.01886	0.33857	0.02107	0.05819	0.02723	0.00214	0.04551	0.12177	0.00369	0.00471
2	0.68280	0.00870	0.00719	0.00650	0.00918	0.00984	0.00525	0.01356	0.00965	0.02187	0.16987	0.01415	0.01405	0.00578	0.00367	0.00155	0.00354	0.00401	0.00358	0.00525
3	0.27730	0.00911	0.01255	0.55892	0.02655	0.01111	0.01118	0.01334	0.00950	0.01577	0.00826	0.01165	0.00625	0.00487	0.00439	0.00162	0.00577	0.00388	0.00249	0.00549
4	0.01639	0.01248	0.01353	0.04430	0.01512	0.01384	0.00893	0.55643	0.14969	0.02740	0.01637	0.01606	0.07326	0.00661	0.00507	0.00155	0.00503	0.00517	0.00486	0.00791
5	0.18336	0.00600	0.00552	0.00536	0.00734	0.00566	0.00412	0.00871	0.01076	0.01531	0.04144	0.03969	0.62833	0.01096	0.00531	0.00165	0.00280	0.00889	0.00431	0.00446
6	0.01092	0.17980	0.01824	0.40900	0.16029	0.01353	0.01263	0.01355	0.00995	0.01306	0.00826	0.01173	0.00680	0.00521	0.00602	0.00157	0.10705	0.00406	0.00224	0.00612
7	0.00596	0.00505	0.00514	0.00512	0.00677	0.00424	0.00384	0.00728	0.01152	0.01384	0.09323	0.04735	0.74874	0.01248	0.00589	0.00168	0.00251	0.01043	0.00468	0.00424
8	0.01550	0.01855	0.01459	0.01294	0.01447	0.48519	0.01015	0.01670	0.01150	0.01212	0.00723	0.00976	0.00647	0.00659	0.00930	0.00165	0.33556	0.00368	0.00241	0.00565
9	0.01025	0.01310	0.17915	0.45613	0.21688	0.01137	0.01515	0.01399	0.01042	0.01423	0.00900	0.01248	0.00688	0.00480	0.00492	0.00160	0.00662	0.00428	0.00225	0.00649
10	0.03296	0.00934	0.17062	0.00754	0.00994	0.00620	0.00717	0.01075	0.01141	0.01704	0.26545	0.11601	0.09331	0.04616	0.00603	0.00170	0.00362	0.00749	0.17220	0.00507
11	0.21928	0.01214	0.01039	0.00831	0.01203	0.17359	0.00656	0.01459	0.01067	0.01689	0.00815	0.00951	0.00670	0.00422	0.00371	0.00105	0.00483	0.00294	0.00291	0.47151

[dist]
# distance from previous block
# <min> <max>
0	6

[block]
# block no. 1 follows, 50 sequences, length 14
# corresponding to MSA columns:
# 1016-1029
name=unknown_B
#
# <colnr> <probs for GDERKNQSTAVLIFYWHMCP>
#	G	D	E	R	K	N	Q	S	T	A	V	L	I	F	Y	W	H	M	C	P
0	0.01308	0.00631	0.00825	0.00719	0.00907	0.00571	0.00536	0.01459	0.01217	0.32595	0.23255	0.10894	0.02533	0.19109	0.00994	0.00233	0.00371	0.00756	0.00512	0.00576
1	0.01125	0.00785	0.00919	0.00846	0.01043	0.00822	0.00642	0.11241	0.22364	0.09744	0.16457	0.27358	0.02556	0.01002	0.00561	0.00173	0.00354	0.00874	0.00511	0.00622
2	0.00615	0.00506	0.00541	0.00533	0.00689	0.00432	0.00399	0.00766	0.01198	0.01494	0.21807	0.04554	0.62321	0.01207	0.00589	0.00166	0.00249	0.01018	0.00482	0.00432
3	0.01136	0.00709	0.00844	0.00767	0.00964	0.00694	0.00583	0.12222	0.06390	0.15510	0.12161	0.25672	0.15497	0.02369	0.00596	0.00176	0.00346	0.00909	0.01872	0.00582
4	0.17064	0.00705	0.00833	0.00751	0.00974	0.00687	0.00595	0.01502	0.01149	0.27629	0.09803	0.09540	0.03764	0.09268	0.00721	0.00203	0.00389	0.11451	0.02388	0.00583
5	0.00787	0.00624	0.00763	0.12200	0.01171	0.00620	0.00599	0.01085	0.09103	0.04590	0.11814	0.12736	0.39895	0.01075	0.00569	0.00170	0.00335	0.00918	0.00448	0.00498
6	0.00834	0.00542	0.00683	0.00703	0.00818	0.00510	0.00505	0.01055	0.06552	0.09544	0.16021	0.45911	0.11846	0.01275	0.00600	0.00183	0.00297	0.01132	0.00497	0.00491
7	0.00714	0.00557	0.00724	0.00732	0.00783	0.00593	0.00525	0.00827	0.01008	0.01385	0.19435	0.36271	0.08351	0.12971	0.01039	0.00233	0.11967	0.01036	0.00424	0.00426
8	0.00935	0.00753	0.00851	0.00834	0.00998	0.00817	0.00627	0.01643	0.36385	0.01688	0.07598	0.19888	0.06351	0.09421	0.00773	0.00214	0.00370	0.08800	0.00472	0.00581
9	0.05295	0.12312	0.00825	0.00579	0.00730	0.00704	0.00443	0.01007	0.00988	0.01462	0.03742	0.10888	0.16583	0.15570	0.00818	0.00203	0.00339	0.00694	0.26370	0.00450
10	0.00804	0.00597	0.00742	0.00716	0.00821	0.00613	0.00538	0.00930	0.01064	0.06356	0.13520	0.19850	0.27725	0.08648	0.00925	0.00211	0.11965	0.03082	0.00434	0.00460
11	0.00675	0.00521	0.00624	0.00679	0.00772	0.00499	0.00477	0.00917	0.09012	0.01423	0.08398	0.50623	0.20796	0.01364	0.00609	0.00188	0.00288	0.01209	0.00473	0.00453
12	0.00863	0.00784	0.00799	0.00767	0.00894	0.12002	0.00578	0.01040	0.01132	0.01470	0.28817	0.02776	0.10359	0.05871	0.29169	0.00399	0.00736	0.00694	0.00386	0.00464
13	0.00697	0.00520	0.00769	0.00786	0.00866	0.00592	0.00600	0.00862	0.00823	0.01174	0.01538	0.13467	0.01540	0.03426	0.69046	0.00715	0.01185	0.00661	0.00295	0.00439

[dist]
# distance from previous block
# <min> <max>
5	9

[block]
# block no. 2 follows, 50 sequences, length 7
# corresponding to MSA columns:
# 1039-1045
name=unknown_C
#
# <colnr> <probs for GDERKNQSTAVLIFYWHMCP>
#	G	D	E	R	K	N	Q	S	T	A	V	L	I	F	Y	W	H	M	C	P
0	0.01332	0.01327	0.01508	0.31427	0.14359	0.18307	0.01165	0.12308	0.01303	0.01621	0.00913	0.01169	0.00713	0.00493	0.00473	0.00143	0.00655	0.00401	0.00281	0.10101
1	0.08044	0.01271	0.01177	0.00947	0.01313	0.14968	0.00750	0.15372	0.12712	0.04529	0.01110	0.01165	0.00857	0.00496	0.00426	0.00120	0.00501	0.00372	0.00368	0.33501
2	0.01758	0.00856	0.01097	0.00858	0.01212	0.00768	0.00697	0.06641	0.05103	0.47520	0.08061	0.01739	0.01425	0.00762	0.04410	0.00173	0.00450	0.00500	0.00526	0.15444
3	0.01511	0.01040	0.01116	0.00913	0.01230	0.05810	0.00735	0.25517	0.05615	0.18086	0.05853	0.03885	0.12752	0.00752	0.00513	0.00150	0.00449	0.04117	0.00482	0.09473
4	0.00774	0.00973	0.17787	0.00934	0.01162	0.00738	0.00885	0.01038	0.00855	0.01248	0.01240	0.01764	0.01114	0.03037	0.63321	0.00663	0.01207	0.00498	0.00255	0.00508
5	0.23824	0.00922	0.00959	0.00831	0.01105	0.04024	0.00661	0.10537	0.06205	0.21529	0.01670	0.10523	0.05055	0.01033	0.08738	0.00227	0.00516	0.00563	0.00440	0.00640
6	0.00722	0.00532	0.00678	0.00744	0.03437	0.00507	0.00525	0.00865	0.01073	0.01425	0.19118	0.12793	0.14880	0.21939	0.01110	0.00263	0.00371	0.18167	0.00432	0.00421

[dist]
# distance from previous block
# <min> <max>
4	7

[block]
# block no. 3 follows, 50 sequences, length 28
# corresponding to MSA columns:
# 1053-1080
name=unknown_D
#
# <colnr> <probs for GDERKNQSTAVLIFYWHMCP>
#	G	D	E	R	K	N	Q	S	T	A	V	L	I	F	Y	W	H	M	C	P
0	0.01156	0.01633	0.25344	0.20171	0.24242	0.09149	0.01463	0.04087	0.01161	0.01560	0.04679	0.01286	0.00889	0.00506	0.00489	0.00154	0.00665	0.00431	0.00254	0.00685
1	0.00712	0.00541	0.00659	0.00624	0.00762	0.00505	0.00469	0.00992	0.05848	0.01864	0.58767	0.03844	0.20451	0.01051	0.00583	0.00160	0.00248	0.00914	0.00528	0.00478
2	0.01843	0.05194	0.01455	0.01269	0.01532	0.77729	0.00959	0.01973	0.01399	0.01218	0.00768	0.00895	0.00642	0.00511	0.00445	0.00128	0.00886	0.00319	0.00255	0.00580
3	0.00641	0.00458	0.00615	0.00719	0.00766	0.00433	0.00509	0.00759	0.01015	0.01357	0.08529	0.65866	0.03346	0.01495	0.00640	0.00203	0.00308	0.11455	0.00469	0.00417
4	0.00941	0.00886	0.01495	0.81285	0.03433	0.01107	0.01384	0.01274	0.00997	0.01274	0.00886	0.01329	0.00664	0.00498	0.00498	0.00166	0.00664	0.00443	0.00221	0.00554
5	0.01234	0.01184	0.02023	0.03059	0.79373	0.01184	0.01530	0.01530	0.01135	0.01628	0.00938	0.01234	0.00790	0.00444	0.00493	0.00148	0.00592	0.00444	0.00247	0.00790
6	0.00672	0.00480	0.00653	0.00768	0.00826	0.00461	0.00576	0.00807	0.01019	0.01345	0.02711	0.56717	0.03154	0.01500	0.00654	0.00211	0.00346	0.26214	0.00461	0.00423
7	0.00607	0.00434	0.00578	0.00694	0.00723	0.00405	0.00463	0.00694	0.00954	0.01272	0.02747	0.82157	0.03297	0.01562	0.00636	0.00202	0.00289	0.01417	0.00463	0.00405
8	0.00589	0.00505	0.00505	0.00505	0.00673	0.00421	0.00379	0.00715	0.01136	0.01347	0.05049	0.04797	0.79171	0.01262	0.00589	0.00168	0.00252	0.01052	0.00463	0.00421
9	0.55223	0.00921	0.00888	0.00740	0.01077	0.00976	0.00611	0.01819	0.01061	0.30708	0.01162	0.01136	0.00795	0.00519	0.00379	0.00154	0.00400	0.00355	0.00422	0.00653
10	0.07033	0.01000	0.01222	0.00942	0.01327	0.00970	0.00778	0.22242	0.01635	0.54988	0.01689	0.01513	0.01091	0.00603	0.00489	0.00153	0.00455	0.00474	0.00568	0.00830
11	0.00589	0.00505	0.00505	0.00505	0.00673	0.00421	0.00379	0.00715	0.01136	0.01347	0.05049	0.04797	0.79171	0.01262	0.00589	0.00168	0.00252	0.01052	0.00463	0.00421
12	0.01168	0.01320	0.02802	0.02023	0.02478	0.01287	0.70059	0.01558	0.01136	0.01558	0.00974	0.01320	0.00746	0.00465	0.00691	0.00173	0.08763	0.00573	0.00249	0.00660
13	0.02236	0.00848	0.01157	0.00887	0.01272	0.00733	0.00733	0.02429	0.01427	0.79719	0.01966	0.01697	0.01234	0.00617	0.00501	0.00154	0.00424	0.00501	0.00617	0.00848
14	0.02220	0.00874	0.01173	0.00899	0.01285	0.00771	0.00743	0.05945	0.01469	0.76142	0.01931	0.01673	0.01216	0.00616	0.00501	0.00154	0.00430	0.00499	0.00611	0.00848
15	0.01162	0.01446	0.09267	0.02045	0.02568	0.01252	0.71339	0.01595	0.01166	0.01595	0.00999	0.01321	0.00746	0.00425	0.00579	0.00167	0.00832	0.00570	0.00249	0.00678
16	0.01001	0.00948	0.01525	0.49997	0.12048	0.01175	0.01305	0.01275	0.00972	0.01313	0.00945	0.01517	0.00806	0.00623	0.00752	0.00179	0.17955	0.04851	0.00238	0.00575
17	0.86003	0.00964	0.00733	0.00655	0.00964	0.01118	0.00540	0.01465	0.00848	0.02236	0.00694	0.00810	0.00540	0.00463	0.00308	0.00154	0.00386	0.00270	0.00308	0.00540
18	0.86003	0.00964	0.00733	0.00655	0.00964	0.01118	0.00540	0.01465	0.00848	0.02236	0.00694	0.00810	0.00540	0.00463	0.00308	0.00154	0.00386	0.00270	0.00308	0.00540
19	0.00655	0.00464	0.00586	0.00649	0.00691	0.00439	0.00434	0.00746	0.00970	0.01298	0.11895	0.46773	0.06571	0.21263	0.01095	0.00265	0.00335	0.04047	0.00434	0.00391
20	0.01000	0.02578	0.79900	0.01421	0.02157	0.01158	0.01842	0.01579	0.01052	0.01579	0.00895	0.01052	0.00631	0.00474	0.00474	0.00158	0.00737	0.00368	0.00210	0.00737
21	0.00678	0.00508	0.00628	0.00598	0.00728	0.00458	0.00448	0.00887	0.01345	0.01842	0.61323	0.03981	0.22589	0.01077	0.00588	0.00160	0.00239	0.00938	0.00528	0.00458
22	0.00657	0.00472	0.00623	0.00660	0.00734	0.00438	0.00467	0.00819	0.01186	0.01642	0.41566	0.42286	0.04012	0.01286	0.00612	0.00179	0.00262	0.01155	0.00506	0.00438
23	0.03275	0.35329	0.18116	0.00997	0.01456	0.01416	0.01017	0.01873	0.11992	0.18214	0.01195	0.01193	0.00887	0.00513	0.00417	0.00137	0.00529	0.00380	0.00342	0.00723
24	0.00705	0.00510	0.00666	0.00627	0.00745	0.00470	0.00470	0.00941	0.01411	0.01999	0.79110	0.03723	0.04703	0.01019	0.00588	0.00157	0.00235	0.00901	0.00549	0.00470
25	0.02028	0.01043	0.01265	0.00981	0.01358	0.01035	0.00810	0.31344	0.01772	0.46187	0.03749	0.01657	0.01219	0.00640	0.00507	0.00154	0.00468	0.02390	0.00566	0.00828
26	0.01148	0.01121	0.01927	0.23290	0.33063	0.01223	0.13848	0.03300	0.04829	0.01543	0.00965	0.01292	0.00774	0.00513	0.00628	0.00164	0.08957	0.00472	0.00257	0.00684
27	0.01759	0.01391	0.01439	0.01143	0.01498	0.06105	0.00932	0.58654	0.13314	0.02781	0.01267	0.01271	0.00925	0.00618	0.00552	0.00155	0.04458	0.00457	0.00472	0.00809

[dist]
# distance from previous block
# <min> <max>
0	2

[block]
# block no. 4 follows, 50 sequences, length 46
# corresponding to MSA columns:
# 1083-1085,1087-1129
name=unknown_E
#
# <colnr> <probs for GDERKNQSTAVLIFYWHMCP>
#	G	D	E	R	K	N	Q	S	T	A	V	L	I	F	Y	W	H	M	C	P
0	0.00617	0.00445	0.00568	0.00662	0.00701	0.00414	0.00439	0.00699	0.00948	0.01249	0.02836	0.67444	0.09915	0.09550	0.00820	0.00227	0.00305	0.01316	0.00447	0.00396
1	0.01202	0.01222	0.01827	0.10587	0.37270	0.07144	0.05942	0.01441	0.01031	0.01429	0.00838	0.01182	0.00722	0.00584	0.00843	0.00171	0.25220	0.00441	0.00236	0.00668
2	0.01032	0.02171	0.63564	0.01272	0.01897	0.01032	0.01574	0.01537	0.01127	0.06370	0.12380	0.01481	0.01262	0.00562	0.00492	0.00157	0.00645	0.00454	0.00284	0.00705
3	0.01043	0.01039	0.01884	0.48443	0.14189	0.01175	0.17718	0.01376	0.01042	0.01390	0.00907	0.01305	0.00702	0.00495	0.00581	0.00167	0.05227	0.00474	0.00232	0.00613
4	0.01895	0.01396	0.01496	0.01147	0.01546	0.01546	0.00947	0.77711	0.02344	0.03141	0.01197	0.01197	0.00848	0.00598	0.00499	0.00150	0.00548	0.00449	0.00499	0.00848
5	0.01234	0.01184	0.02023	0.03059	0.79373	0.01184	0.01530	0.01530	0.01135	0.01628	0.00938	0.01234	0.00790	0.00444	0.00493	0.00148	0.00592	0.00444	0.00247	0.00790
6	0.86003	0.00964	0.00733	0.00655	0.00964	0.01118	0.00540	0.01465	0.00848	0.02236	0.00694	0.00810	0.00540	0.00463	0.00308	0.00154	0.00386	0.00270	0.00308	0.00540
7	0.01229	0.01196	0.02093	0.02987	0.73544	0.01190	0.07303	0.01535	0.01138	0.01626	0.00943	0.01242	0.00787	0.00442	0.00501	0.00150	0.00611	0.00455	0.00247	0.00781
8	0.01240	0.01071	0.01127	0.01014	0.01296	0.01240	0.00789	0.02649	0.78473	0.02085	0.02029	0.01860	0.01522	0.00676	0.00507	0.00169	0.00394	0.00564	0.00507	0.00789
9	0.01397	0.40953	0.02133	0.05048	0.25159	0.01485	0.01057	0.01608	0.01106	0.12386	0.01001	0.02891	0.00829	0.00487	0.00413	0.00131	0.00536	0.00387	0.00286	0.00706
10	0.01000	0.02578	0.79900	0.01421	0.02157	0.01158	0.01842	0.01579	0.01052	0.01579	0.00895	0.01052	0.00631	0.00474	0.00474	0.00158	0.00737	0.00368	0.00210	0.00737
11	0.86003	0.00964	0.00733	0.00655	0.00964	0.01118	0.00540	0.01465	0.00848	0.02236	0.00694	0.00810	0.00540	0.00463	0.00308	0.00154	0.00386	0.00270	0.00308	0.00540
12	0.01645	0.00744	0.00985	0.00804	0.01091	0.00672	0.00645	0.01926	0.06085	0.48051	0.28738	0.02410	0.02455	0.00760	0.00532	0.00156	0.00357	0.00644	0.00587	0.00714
13	0.01848	0.04457	0.01444	0.01273	0.01534	0.78449	0.00960	0.01977	0.01402	0.01219	0.00768	0.00896	0.00642	0.00511	0.00446	0.00128	0.00889	0.00320	0.00256	0.00579
14	0.01493	0.58374	0.02248	0.00984	0.01359	0.25805	0.00886	0.01644	0.01134	0.01187	0.00716	0.00830	0.00640	0.00453	0.00359	0.00113	0.00644	0.00283	0.00226	0.00621
15	0.01034	0.00886	0.01034	0.00738	0.01181	0.00664	0.00591	0.01255	0.01034	0.01624	0.00886	0.01034	0.00738	0.00369	0.00369	0.00074	0.00369	0.00295	0.00295	0.85530
16	0.00715	0.00500	0.00626	0.00610	0.00670	0.00495	0.00412	0.00836	0.01022	0.01423	0.34121	0.03297	0.02958	0.38672	0.11207	0.00385	0.00483	0.00776	0.00401	0.00390
17	0.01240	0.01071	0.01127	0.01014	0.01296	0.01240	0.00789	0.02649	0.78473	0.02085	0.02029	0.01860	0.01522	0.00676	0.00507	0.00169	0.00394	0.00564	0.00507	0.00789
18	0.01284	0.65516	0.07909	0.00895	0.01311	0.06542	0.00894	0.01471	0.01057	0.01235	0.02878	0.01121	0.05166	0.00497	0.00360	0.00116	0.00547	0.00337	0.00238	0.00626
19	0.02236	0.00848	0.01157	0.00887	0.01272	0.00733	0.00733	0.02429	0.01427	0.79719	0.01966	0.01697	0.01234	0.00617	0.00501	0.00154	0.00424	0.00501	0.00617	0.00848
20	0.01333	0.82783	0.02612	0.00853	0.01279	0.01972	0.00853	0.01493	0.01013	0.01173	0.00693	0.00800	0.00640	0.00426	0.00320	0.00107	0.00533	0.00267	0.00213	0.00640
21	0.39365	0.00848	0.02949	0.00743	0.00964	0.00907	0.00596	0.07379	0.00966	0.03368	0.01150	0.06369	0.01074	0.11776	0.19238	0.00349	0.00636	0.00480	0.00326	0.00516
22	0.00962	0.00907	0.01533	0.75681	0.08873	0.01113	0.01395	0.01292	0.01007	0.01299	0.00890	0.01322	0.00673	0.00494	0.00498	0.00165	0.00659	0.00443	0.00223	0.00571
23	0.01895	0.01396	0.01496	0.01147	0.01546	0.01546	0.00947	0.77711	0.02344	0.03141	0.01197	0.01197	0.00848	0.00598	0.00499	0.00150	0.00548	0.00449	0.00499	0.00848
24	0.01269	0.01389	0.01500	0.01303	0.01362	0.19839	0.01061	0.01383	0.00914	0.01204	0.00681	0.01046	0.00651	0.00789	0.01361	0.00197	0.62860	0.00409	0.00227	0.00553
25	0.00929	0.00465	0.00465	0.00465	0.00581	0.00465	0.00348	0.01161	0.01045	0.01858	0.01626	0.01858	0.01278	0.00581	0.00348	0.00116	0.00232	0.00465	0.85250	0.00465
26	0.00705	0.00510	0.00666	0.00627	0.00745	0.00470	0.00470	0.00941	0.01411	0.01999	0.79110	0.03723	0.04703	0.01019	0.00588	0.00157	0.00235	0.00901	0.00549	0.00470
27	0.00803	0.00574	0.00803	0.00918	0.01033	0.00574	0.00803	0.01033	0.01147	0.01492	0.02639	0.05622	0.02869	0.01377	0.00688	0.00229	0.00459	0.76018	0.00459	0.00459
28	0.01272	0.01261	0.06755	0.02770	0.64822	0.01163	0.06950	0.01588	0.01149	0.06001	0.00998	0.01257	0.00802	0.00454	0.00499	0.00150	0.00609	0.00453	0.00266	0.00781
29	0.01336	0.01654	0.09469	0.01552	0.01937	0.24332	0.33717	0.05863	0.01254	0.01508	0.01077	0.05896	0.00936	0.06405	0.00674	0.00179	0.00774	0.00538	0.00279	0.00619
30	0.86003	0.00964	0.00733	0.00655	0.00964	0.01118	0.00540	0.01465	0.00848	0.02236	0.00694	0.00810	0.00540	0.00463	0.00308	0.00154	0.00386	0.00270	0.00308	0.00540
31	0.00612	0.00439	0.00582	0.00694	0.00729	0.00409	0.00469	0.00703	0.00964	0.01280	0.02808	0.78175	0.05360	0.01549	0.00636	0.00202	0.00292	0.03227	0.00463	0.00407
32	0.00979	0.00975	0.01730	0.01519	0.08009	0.01061	0.25764	0.01198	0.00988	0.01387	0.01447	0.26543	0.01525	0.00906	0.00888	0.00191	0.23225	0.00793	0.00308	0.00563
33	0.00961	0.00913	0.01499	0.70715	0.03152	0.01163	0.01345	0.01264	0.00966	0.01264	0.00855	0.01297	0.00663	0.00548	0.00649	0.00173	0.11357	0.00442	0.00221	0.00553
34	0.00591	0.00499	0.00511	0.00521	0.00677	0.00419	0.00386	0.00714	0.01121	0.01340	0.04858	0.11246	0.72846	0.01287	0.00593	0.00171	0.00256	0.01082	0.00463	0.00419
35	0.00725	0.00483	0.00544	0.00544	0.00544	0.00483	0.00302	0.00725	0.00725	0.00966	0.01571	0.03262	0.01812	0.82483	0.02537	0.00483	0.00483	0.00725	0.00302	0.00302
36	0.01034	0.00886	0.01034	0.00738	0.01181	0.00664	0.00591	0.01255	0.01034	0.01624	0.00886	0.01034	0.00738	0.00369	0.00369	0.00074	0.00369	0.00295	0.00295	0.85530
37	0.01135	0.01045	0.01709	0.49914	0.29841	0.01163	0.01434	0.01413	0.01109	0.01495	0.01073	0.04331	0.00901	0.00585	0.00545	0.00180	0.00657	0.00511	0.00275	0.00684
38	0.00659	0.00482	0.00619	0.00639	0.00730	0.00442	0.00459	0.00830	0.01220	0.01674	0.44475	0.32034	0.11411	0.01238	0.00605	0.00174	0.00256	0.01101	0.00509	0.00442
39	0.01127	0.01088	0.01838	0.15871	0.31948	0.01151	0.14808	0.01600	0.12617	0.01608	0.03100	0.04121	0.01084	0.00569	0.00568	0.00164	0.03710	0.02039	0.00300	0.00692
40	0.00611	0.00503	0.00537	0.00535	0.00688	0.00429	0.00399	0.00755	0.01177	0.01460	0.18227	0.07992	0.62498	0.01232	0.00591	0.00168	0.00251	0.01041	0.00478	0.00429
41	0.00656	0.00498	0.00545	0.00545	0.00636	0.00463	0.00366	0.00733	0.00937	0.01172	0.03295	0.03927	0.40526	0.35516	0.07773	0.00351	0.00435	0.00874	0.00380	0.00373
42	0.01895	0.01396	0.01496	0.01147	0.01546	0.01546	0.00947	0.77711	0.02344	0.03141	0.01197	0.01197	0.00848	0.00598	0.00499	0.00150	0.00548	0.00449	0.00499	0.00848
43	0.01000	0.02578	0.79900	0.01421	0.02157	0.01158	0.01842	0.01579	0.01052	0.01579	0.00895	0.01052	0.00631	0.00474	0.00474	0.00158	0.00737	0.00368	0.00210	0.00737
44	0.01000	0.02578	0.79900	0.01421	0.02157	0.01158	0.01842	0.01579	0.01052	0.01579	0.00895	0.01052	0.00631	0.00474	0.00474	0.00158	0.00737	0.00368	0.00210	0.00737
45	0.01333	0.82783	0.02612	0.00853	0.01279	0.01972	0.00853	0.01493	0.01013	0.01173	0.00693	0.00800	0.00640	0.00426	0.00320	0.00107	0.00533	0.00267	0.00213	0.00640

[dist]
# distance from previous block
# <min> <max>
0	2

[block]
# block no. 5 follows, 50 sequences, length 26
# corresponding to MSA columns:
# 1132-1138,1140-1158
name=unknown_F
#
# <colnr> <probs for GDERKNQSTAVLIFYWHMCP>
#	G	D	E	R	K	N	Q	S	T	A	V	L	I	F	Y	W	H	M	C	P
0	0.01193	0.01195	0.01982	0.02560	0.54623	0.05439	0.13446	0.01477	0.01138	0.01563	0.01131	0.09802	0.01042	0.00562	0.00521	0.00156	0.00616	0.00563	0.00271	0.00719
1	0.01096	0.02343	0.61550	0.01492	0.07454	0.09526	0.01667	0.01587	0.01102	0.01539	0.00985	0.01313	0.00773	0.00528	0.00485	0.00158	0.00728	0.04735	0.00232	0.00708
2	0.01212	0.01136	0.01692	0.03618	0.01633	0.01316	0.16896	0.12906	0.08766	0.01721	0.03473	0.01403	0.02709	0.00685	0.00959	0.00178	0.32271	0.00501	0.00317	0.06609
3	0.00929	0.00465	0.00465	0.00465	0.00581	0.00465	0.00348	0.01161	0.01045	0.01858	0.01626	0.01858	0.01278	0.00581	0.00348	0.00116	0.00232	0.00465	0.85250	0.00465
4	0.01450	0.00987	0.01326	0.06070	0.17966	0.00987	0.00931	0.07345	0.17575	0.21329	0.04180	0.04326	0.01266	0.00599	0.00491	0.00148	0.00458	0.00514	0.00435	0.11617
5	0.01262	0.36507	0.17976	0.01236	0.01700	0.07316	0.13936	0.01679	0.09274	0.01426	0.00933	0.01068	0.00751	0.00478	0.00456	0.00138	0.02555	0.00380	0.00254	0.00674
6	0.01505	0.00852	0.01040	0.00855	0.01128	0.00843	0.00685	0.20401	0.03598	0.27010	0.28033	0.02454	0.02402	0.03591	0.00607	0.00168	0.00393	0.03203	0.00545	0.00686
7	0.01412	0.01538	0.01794	0.01633	0.11626	0.24688	0.15825	0.08195	0.01230	0.01519	0.00864	0.01128	0.00721	0.00649	0.02591	0.00175	0.20187	0.00431	0.00268	0.03526
8	0.06266	0.00982	0.01067	0.00940	0.01187	0.01080	0.00729	0.30189	0.20392	0.02231	0.01868	0.27320	0.01780	0.00919	0.00534	0.00172	0.00418	0.00777	0.00478	0.00673
9	0.00723	0.00492	0.00586	0.00586	0.00601	0.00506	0.00355	0.00752	0.00737	0.00998	0.01532	0.03048	0.01719	0.69548	0.15344	0.00535	0.00623	0.00694	0.00296	0.00326
10	0.10299	0.74118	0.02413	0.00832	0.01246	0.01882	0.00820	0.01490	0.00995	0.01285	0.00693	0.00801	0.00629	0.00430	0.00319	0.00112	0.00517	0.00267	0.00223	0.00629
11	0.00605	0.00441	0.00571	0.00674	0.00718	0.00407	0.00454	0.00696	0.00974	0.01280	0.02991	0.73965	0.11331	0.01530	0.00631	0.00199	0.00285	0.01378	0.00463	0.00407
12	0.01333	0.82783	0.02612	0.00853	0.01279	0.01972	0.00853	0.01493	0.01013	0.01173	0.00693	0.00800	0.00640	0.00426	0.00320	0.00107	0.00533	0.00267	0.00213	0.00640
13	0.01031	0.00886	0.01048	0.03293	0.01253	0.00679	0.00616	0.01256	0.01032	0.01613	0.00886	0.01043	0.00736	0.00373	0.00373	0.00077	0.00379	0.00300	0.00293	0.82834
14	0.01240	0.01071	0.01127	0.01014	0.01296	0.01240	0.00789	0.02649	0.78473	0.02085	0.02029	0.01860	0.01522	0.00676	0.00507	0.00169	0.00394	0.00564	0.00507	0.00789
15	0.00705	0.00510	0.00666	0.00627	0.00745	0.00470	0.00470	0.00941	0.01411	0.01999	0.79110	0.03723	0.04703	0.01019	0.00588	0.00157	0.00235	0.00901	0.00549	0.00470
16	0.00604	0.00446	0.00565	0.00661	0.00714	0.00408	0.00448	0.00698	0.00986	0.01285	0.03153	0.68529	0.16664	0.01509	0.00628	0.00196	0.00283	0.01353	0.00463	0.00408
17	0.01098	0.09694	0.01555	0.05779	0.01406	0.01401	0.00996	0.01244	0.00850	0.01274	0.00712	0.01064	0.00668	0.00717	0.01213	0.00178	0.54362	0.00394	0.00231	0.15163
18	0.01012	0.02494	0.74635	0.01467	0.02188	0.01165	0.07022	0.01580	0.01061	0.01580	0.00902	0.01072	0.00640	0.00470	0.00481	0.00159	0.00744	0.00383	0.00213	0.00732
19	0.03366	0.01353	0.01231	0.01076	0.01374	0.15249	0.00841	0.15195	0.50282	0.02115	0.01636	0.01555	0.01231	0.00630	0.00491	0.00158	0.00509	0.00495	0.00457	0.00756
20	0.01725	0.00779	0.01004	0.00813	0.01120	0.00699	0.00655	0.07222	0.01421	0.50594	0.10553	0.06955	0.12622	0.00803	0.00530	0.00159	0.00381	0.00670	0.00571	0.00723
21	0.01204	0.07017	0.04754	0.04110	0.08131	0.09467	0.15698	0.06525	0.17092	0.01758	0.12617	0.01887	0.06268	0.00639	0.00517	0.00155	0.00561	0.00571	0.00370	0.00659
22	0.00660	0.00494	0.00613	0.00613	0.00725	0.00446	0.00448	0.00842	0.01261	0.01712	0.47707	0.19291	0.20997	0.01179	0.00598	0.00168	0.00250	0.01036	0.00513	0.00446
23	0.01052	0.00902	0.01042	0.00762	0.01191	0.00714	0.00608	0.01376	0.07762	0.01664	0.00985	0.01105	0.00806	0.00396	0.00381	0.00082	0.00371	0.00319	0.00314	0.78167
24	0.01452	0.64680	0.02342	0.00950	0.01338	0.19648	0.00878	0.01605	0.01103	0.01183	0.00710	0.00822	0.00640	0.00446	0.00349	0.00112	0.00615	0.00279	0.00223	0.00626
25	0.00937	0.10325	0.42657	0.01125	0.03091	0.01006	0.01262	0.01343	0.01158	0.01654	0.24508	0.03856	0.01975	0.00679	0.00501	0.00155	0.00544	0.02266	0.00325	0.00633

[dist]
# distance from previous block
# <min> <max>
0	1

[block]
# block no. 6 follows, 50 sequences, length 17
# corresponding to MSA columns:
# 1160-1176
name=unknown_G
#
# <colnr> <probs for GDERKNQSTAVLIFYWHMCP>
#	G	D	E	R	K	N	Q	S	T	A	V	L	I	F	Y	W	H	M	C	P
0	0.01122	0.00799	0.02907	0.22110	0.01666	0.00817	0.00844	0.05349	0.08676	0.14633	0.03540	0.20830	0.05414	0.05057	0.00650	0.00191	0.00460	0.03933	0.00418	0.00586
1	0.00693	0.00509	0.00649	0.00614	0.00737	0.00465	0.00460	0.00916	0.01381	0.01927	0.70992	0.03841	0.12866	0.01046	0.00588	0.00158	0.00237	0.00918	0.00539	0.00465
2	0.05704	0.14013	0.01551	0.01129	0.01450	0.38109	0.00905	0.19837	0.09518	0.01804	0.00986	0.01049	0.00776	0.00535	0.00441	0.00136	0.00685	0.00366	0.00336	0.00671
3	0.01413	0.00789	0.00921	0.00806	0.01067	0.00689	0.00618	0.01591	0.05320	0.29982	0.10825	0.03560	0.38022	0.01069	0.00624	0.00193	0.00384	0.00852	0.00583	0.00692
4	0.01206	0.25167	0.10571	0.04547	0.11123	0.01449	0.22590	0.03540	0.01090	0.01468	0.00858	0.01099	0.00702	0.00479	0.00570	0.00147	0.08289	0.00417	0.00240	0.04449
5	0.01295	0.73734	0.11331	0.00917	0.01378	0.01880	0.00964	0.01502	0.01017	0.01218	0.00716	0.00828	0.00639	0.00432	0.00337	0.00112	0.00556	0.00278	0.00213	0.00651
6	0.00682	0.00509	0.00633	0.00602	0.00730	0.00460	0.00452	0.00895	0.01355	0.01865	0.63953	0.03943	0.19943	0.01069	0.00588	0.00159	0.00239	0.00932	0.00531	0.00460
7	0.01352	0.14751	0.01379	0.00975	0.01291	0.01313	0.00794	0.02434	0.58021	0.09452	0.01799	0.01666	0.01346	0.00629	0.00475	0.00157	0.00421	0.00508	0.00469	0.00770
8	0.00687	0.00509	0.00640	0.00607	0.00733	0.00462	0.00455	0.00904	0.01366	0.01893	0.67055	0.03898	0.16825	0.01059	0.00588	0.00159	0.00238	0.00926	0.00535	0.00462
9	0.00866	0.00433	0.00649	0.00649	0.00649	0.00433	0.00433	0.00649	0.00649	0.00866	0.00866	0.01515	0.00866	0.01732	0.01948	0.85498	0.00433	0.00433	0.00216	0.00216
10	0.00629	0.00507	0.00560	0.00547	0.00698	0.00438	0.00410	0.00792	0.01230	0.01569	0.30322	0.04431	0.53760	0.01179	0.00589	0.00164	0.00247	0.01001	0.00492	0.00438
11	0.01333	0.82783	0.02612	0.00853	0.01279	0.01972	0.00853	0.01493	0.01013	0.01173	0.00693	0.00800	0.00640	0.00426	0.00320	0.00107	0.00533	0.00267	0.00213	0.00640
12	0.01034	0.00886	0.01034	0.00738	0.01181	0.00664	0.00591	0.01255	0.01034	0.01624	0.00886	0.01034	0.00738	0.00369	0.00369	0.00074	0.00369	0.00295	0.00295	0.85530
13	0.00607	0.00434	0.00578	0.00694	0.00723	0.00405	0.00463	0.00694	0.00954	0.01272	0.02747	0.82157	0.03297	0.01562	0.00636	0.00202	0.00289	0.01417	0.00463	0.00405
14	0.01333	0.82783	0.02612	0.00853	0.01279	0.01972	0.00853	0.01493	0.01013	0.01173	0.00693	0.00800	0.00640	0.00426	0.00320	0.00107	0.00533	0.00267	0.00213	0.00640
15	0.02236	0.00848	0.01157	0.00887	0.01272	0.00733	0.00733	0.02429	0.01427	0.79719	0.01966	0.01697	0.01234	0.00617	0.00501	0.00154	0.00424	0.00501	0.00617	0.00848
16	0.01240	0.01071	0.01127	0.01014	0.01296	0.01240	0.00789	0.02649	0.78473	0.02085	0.02029	0.01860	0.01522	0.00676	0.00507	0.00169	0.00394	0.00564	0.00507	0.00789

[dist]
# distance from previous block
# <min> <max>
4	128

[block]
# block no. 7 follows, 50 sequences, length 52
# corresponding to MSA columns:
# 1305-1319,1321-1357
name=unknown_H
#
# <colnr> <probs for GDERKNQSTAVLIFYWHMCP>
#	G	D	E	R	K	N	Q	S	T	A	V	L	I	F	Y	W	H	M	C	P
0	0.01000	0.02578	0.79900	0.01421	0.02157	0.01158	0.01842	0.01579	0.01052	0.01579	0.00895	0.01052	0.00631	0.00474	0.00474	0.00158	0.00737	0.00368	0.00210	0.00737
1	0.01133	0.01656	0.27849	0.24279	0.15097	0.06005	0.07315	0.05065	0.01132	0.01540	0.00906	0.01181	0.00688	0.00494	0.00534	0.00159	0.03630	0.00422	0.00239	0.00677
2	0.00607	0.00434	0.00578	0.00694	0.00723	0.00405	0.00463	0.00694	0.00954	0.01272	0.02747	0.82157	0.03297	0.01562	0.00636	0.00202	0.00289	0.01417	0.00463	0.00405
3	0.00810	0.00666	0.00941	0.00885	0.00936	0.00828	0.00686	0.00940	0.00778	0.01135	0.01203	0.01964	0.01194	0.16623	0.47037	0.00598	0.21526	0.00542	0.00261	0.00446
4	0.01051	0.05154	0.59877	0.01553	0.02227	0.01210	0.18802	0.01580	0.01079	0.01568	0.00913	0.01109	0.00660	0.00460	0.00494	0.00158	0.00753	0.00414	0.00220	0.00719
5	0.00712	0.00534	0.00801	0.00801	0.00890	0.00623	0.00623	0.00890	0.00801	0.01157	0.01335	0.01958	0.01246	0.03738	0.80507	0.00801	0.01335	0.00534	0.00267	0.00445
6	0.00705	0.00510	0.00666	0.00627	0.00745	0.00470	0.00470	0.00941	0.01411	0.01999	0.79110	0.03723	0.04703	0.01019	0.00588	0.00157	0.00235	0.00901	0.00549	0.00470
7	0.01240	0.01071	0.01127	0.01014	0.01296	0.01240	0.00789	0.02649	0.78473	0.02085	0.02029	0.01860	0.01522	0.00676	0.00507	0.00169	0.00394	0.00564	0.00507	0.00789
8	0.01240	0.01071	0.01127	0.01014	0.01296	0.01240	0.00789	0.02649	0.78473	0.02085	0.02029	0.01860	0.01522	0.00676	0.00507	0.00169	0.00394	0.00564	0.00507	0.00789
9	0.00803	0.00574	0.00803	0.00918	0.01033	0.00574	0.00803	0.01033	0.01147	0.01492	0.02639	0.05622	0.02869	0.01377	0.00688	0.00229	0.00459	0.76018	0.00459	0.00459
10	0.00705	0.00510	0.00666	0.00627	0.00745	0.00470	0.00470	0.00941	0.01411	0.01999	0.79110	0.03723	0.04703	0.01019	0.00588	0.00157	0.00235	0.00901	0.00549	0.00470
11	0.00929	0.00465	0.00465	0.00465	0.00581	0.00465	0.00348	0.01161	0.01045	0.01858	0.01626	0.01858	0.01278	0.00581	0.00348	0.00116	0.00232	0.00465	0.85250	0.00465
12	0.00701	0.00509	0.00660	0.00622	0.00742	0.00468	0.00467	0.00932	0.01400	0.01973	0.76216	0.03765	0.07613	0.01029	0.00588	0.00157	0.00236	0.00907	0.00545	0.00468
13	0.02186	0.00860	0.01155	0.00893	0.01274	0.00758	0.00735	0.02440	0.05351	0.75764	0.01970	0.01705	0.01249	0.00620	0.00502	0.00155	0.00423	0.00504	0.00611	0.00845
14	0.00678	0.00508	0.00628	0.00598	0.00728	0.00459	0.00449	0.00888	0.01347	0.01846	0.61755	0.03975	0.22154	0.01076	0.00588	0.00159	0.00239	0.00937	0.00529	0.00459
15	0.01666	0.01141	0.01700	0.10043	0.38416	0.02755	0.01243	0.03307	0.01301	0.27642	0.01376	0.01536	0.01023	0.00603	0.00588	0.00175	0.03749	0.00496	0.00410	0.00827
16	0.86003	0.00964	0.00733	0.00655	0.00964	0.01118	0.00540	0.01465	0.00848	0.02236	0.00694	0.00810	0.00540	0.00463	0.00308	0.00154	0.00386	0.00270	0.00308	0.00540
17	0.00980	0.01037	0.06517	0.28074	0.15954	0.06959	0.01090	0.01267	0.01183	0.01564	0.23335	0.02146	0.06496	0.00681	0.00523	0.00157	0.00528	0.00595	0.00335	0.00579
18	0.01034	0.00886	0.01034	0.00738	0.01181	0.00664	0.00591	0.01255	0.01034	0.01624	0.00886	0.01034	0.00738	0.00369	0.00369	0.00074	0.00369	0.00295	0.00295	0.85530
19	0.00870	0.00721	0.00788	0.00733	0.00930	0.00746	0.00561	0.01514	0.30563	0.01815	0.25273	0.03373	0.28218	0.00970	0.00558	0.00165	0.00301	0.00823	0.00504	0.00575
20	0.00597	0.00508	0.00517	0.00521	0.00687	0.00427	0.00395	0.00728	0.01137	0.01352	0.04955	0.04829	0.76189	0.01267	0.00593	0.00171	0.00261	0.03982	0.00463	0.00422
21	0.86003	0.00964	0.00733	0.00655	0.00964	0.01118	0.00540	0.01465	0.00848	0.02236	0.00694	0.00810	0.00540	0.00463	0.00308	0.00154	0.00386	0.00270	0.00308	0.00540
22	0.00671	0.00508	0.00618	0.00590	0.00723	0.00455	0.00443	0.00873	0.01328	0.01803	0.56867	0.04046	0.27069	0.01092	0.00588	0.00160	0.00240	0.00947	0.00523	0.00455
23	0.00589	0.00505	0.00505	0.00505	0.00673	0.00421	0.00379	0.00715	0.01136	0.01347	0.05049	0.04797	0.79171	0.01262	0.00589	0.00168	0.00252	0.01052	0.00463	0.00421
24	0.01091	0.01091	0.01527	0.01309	0.01309	0.01527	0.01091	0.01200	0.00763	0.01200	0.00654	0.01091	0.00654	0.00872	0.01636	0.00218	0.81570	0.00436	0.00218	0.00545
25	0.01823	0.01855	0.01409	0.01189	0.01496	0.41949	0.00925	0.35299	0.01791	0.02055	0.00996	0.01141	0.00787	0.04392	0.00569	0.00154	0.00725	0.00396	0.00365	0.00684
26	0.01034	0.00886	0.01034	0.00738	0.01181	0.00664	0.00591	0.01255	0.01034	0.01624	0.00886	0.01034	0.00738	0.00369	0.00369	0.00074	0.00369	0.00295	0.00295	0.85530
27	0.00725	0.00483	0.00544	0.00544	0.00544	0.00483	0.00302	0.00725	0.00725	0.00966	0.01571	0.03262	0.01812	0.82483	0.02537	0.00483	0.00483	0.00725	0.00302	0.00302
28	0.01393	0.01297	0.01155	0.01012	0.01288	0.16937	0.00787	0.19239	0.31446	0.02013	0.02053	0.05287	0.12440	0.00747	0.00511	0.00158	0.00505	0.00595	0.00447	0.00691
29	0.49721	0.00878	0.00966	0.00964	0.05839	0.00960	0.05690	0.01332	0.00968	0.01924	0.01319	0.05902	0.01289	0.00742	0.00450	0.00176	0.00442	0.19556	0.00346	0.00537
30	0.01196	0.01317	0.05269	0.02504	0.36852	0.01223	0.40935	0.01566	0.01154	0.01610	0.00973	0.01285	0.00767	0.00433	0.00542	0.00159	0.00726	0.00516	0.00248	0.00727
31	0.01240	0.01071	0.01127	0.01014	0.01296	0.01240	0.00789	0.02649	0.78473	0.02085	0.02029	0.01860	0.01522	0.00676	0.00507	0.00169	0.00394	0.00564	0.00507	0.00789
32	0.01738	0.00867	0.01087	0.00896	0.01213	0.00850	0.00720	0.02285	0.23611	0.46569	0.08985	0.01941	0.01634	0.00817	0.04260	0.00189	0.00441	0.00557	0.00563	0.00778
33	0.00866	0.00433	0.00649	0.00649	0.00649	0.00433	0.00433	0.00649	0.00649	0.00866	0.00866	0.01515	0.00866	0.01732	0.01948	0.85498	0.00433	0.00433	0.00216	0.00216
34	0.02236	0.00848	0.01157	0.00887	0.01272	0.00733	0.00733	0.02429	0.01427	0.79719	0.01966	0.01697	0.01234	0.00617	0.00501	0.00154	0.00424	0.00501	0.00617	0.00848
35	0.00866	0.00433	0.00649	0.00649	0.00649	0.00433	0.00433	0.00649	0.00649	0.00866	0.00866	0.01515	0.00866	0.01732	0.01948	0.85498	0.00433	0.00433	0.00216	0.00216
36	0.00898	0.00710	0.01026	0.24217	0.05278	0.00765	0.00823	0.01262	0.08178	0.04565	0.40009	0.05754	0.02880	0.00817	0.00549	0.00162	0.00400	0.00722	0.00435	0.00549
37	0.38209	0.42296	0.01721	0.00793	0.01158	0.06368	0.00723	0.01511	0.00965	0.01638	0.00698	0.00810	0.00596	0.00448	0.00323	0.00129	0.00491	0.00271	0.00257	0.00592
38	0.01194	0.01263	0.01496	0.17943	0.11503	0.17389	0.02903	0.01398	0.01073	0.01371	0.09566	0.01420	0.01127	0.00674	0.00875	0.00172	0.27316	0.00471	0.00268	0.00579
39	0.02040	0.01163	0.01351	0.01036	0.01429	0.01199	0.00856	0.45616	0.01953	0.35789	0.01525	0.01410	0.01012	0.00606	0.00500	0.00152	0.00495	0.00471	0.00549	0.00848
40	0.00828	0.00622	0.00825	0.05589	0.01106	0.00644	0.00719	0.03868	0.07812	0.01589	0.10686	0.24081	0.02855	0.01245	0.00631	0.00203	0.00402	0.35340	0.00461	0.00495
41	0.01869	0.01381	0.01482	0.01134	0.01535	0.01519	0.00937	0.75387	0.02304	0.03095	0.01187	0.01192	0.00844	0.00591	0.00495	0.00147	0.00543	0.00444	0.00492	0.03422
42	0.01008	0.04673	0.77882	0.01406	0.02134	0.01179	0.01816	0.01576	0.01051	0.01568	0.00889	0.01046	0.00632	0.00472	0.00470	0.00157	0.00731	0.00366	0.00211	0.00734
43	0.01119	0.06160	0.01124	0.00894	0.01117	0.00962	0.00724	0.20195	0.03208	0.03706	0.01265	0.01627	0.01083	0.02377	0.46378	0.00517	0.00981	0.00481	0.00338	0.05744
44	0.00607	0.00434	0.00578	0.00694	0.00723	0.00405	0.00463	0.00694	0.00954	0.01272	0.02747	0.82157	0.03297	0.01562	0.00636	0.00202	0.00289	0.01417	0.00463	0.00405
45	0.01587	0.10347	0.07501	0.01069	0.01440	0.01089	0.08474	0.15476	0.01446	0.28239	0.10363	0.04985	0.01467	0.00656	0.00543	0.00154	0.03436	0.00546	0.00454	0.00726
46	0.05631	0.01718	0.10513	0.04185	0.03890	0.29144	0.05546	0.12947	0.08000	0.01701	0.01039	0.02590	0.00837	0.00756	0.05389	0.00190	0.04535	0.00425	0.00312	0.00651
47	0.00612	0.00467	0.00563	0.00621	0.00708	0.00418	0.00434	0.00730	0.01071	0.01383	0.12421	0.46154	0.29833	0.01395	0.00614	0.00185	0.00270	0.01230	0.00473	0.00418
48	0.01123	0.01090	0.01709	0.10228	0.34793	0.01306	0.01291	0.01337	0.00947	0.01388	0.00823	0.01207	0.00734	0.00753	0.03838	0.00204	0.35906	0.00444	0.00232	0.00647
49	0.01057	0.00997	0.01321	0.08956	0.10965	0.04686	0.02701	0.01263	0.00991	0.01435	0.01001	0.07328	0.00932	0.00737	0.04034	0.00167	0.17694	0.00461	0.00275	0.33000
50	0.01177	0.28513	0.17343	0.02449	0.04383	0.01365	0.10872	0.07296	0.04878	0.01588	0.04965	0.04923	0.02722	0.00578	0.00459	0.00143	0.00573	0.02239	0.00296	0.03240
51	0.08974	0.05877	0.08424	0.05884	0.06594	0.06408	0.00982	0.03920	0.01116	0.16703	0.02387	0.01215	0.00850	0.00579	0.00677	0.00152	0.16664	0.00401	0.00332	0.11861

[dist]
# distance from previous block
# <min> <max>
0	5

[block]
# block no. 8 follows, 50 sequences, length 90
# corresponding to MSA columns:
# 1363-1452
name=unknown_I
#
# <colnr> <probs for GDERKNQSTAVLIFYWHMCP>
#	G	D	E	R	K	N	Q	S	T	A	V	L	I	F	Y	W	H	M	C	P
0	0.04103	0.39219	0.08636	0.01007	0.02645	0.11723	0.02197	0.01671	0.07363	0.07683	0.04545	0.05103	0.01070	0.00560	0.00414	0.00133	0.00554	0.00418	0.00306	0.00650
1	0.01249	0.03704	0.03077	0.00927	0.01170	0.09177	0.00749	0.12668	0.17820	0.06744	0.30604	0.02265	0.02420	0.00769	0.00575	0.00157	0.04187	0.00625	0.00472	0.00642
2	0.01214	0.16039	0.06948	0.08167	0.24900	0.01268	0.11169	0.06847	0.04548	0.03463	0.01289	0.04022	0.05548	0.00553	0.00483	0.00148	0.00580	0.00498	0.00295	0.02021
3	0.01346	0.03343	0.08182	0.08918	0.08621	0.07612	0.08188	0.06213	0.01137	0.11922	0.02153	0.02552	0.00864	0.00647	0.00854	0.00174	0.25847	0.00464	0.00306	0.00656
4	0.01029	0.00878	0.01022	0.00747	0.01167	0.00684	0.00595	0.01309	0.04824	0.01663	0.04438	0.01194	0.00954	0.00413	0.00386	0.00082	0.00364	0.00335	0.00317	0.77599
5	0.00892	0.00754	0.00881	0.00931	0.07230	0.00778	0.00644	0.01497	0.28339	0.01721	0.14349	0.10185	0.26564	0.00983	0.00558	0.00169	0.00334	0.02130	0.00474	0.00586
6	0.00603	0.00506	0.00525	0.00520	0.00682	0.00427	0.00390	0.00743	0.01170	0.01427	0.14178	0.04665	0.69993	0.01232	0.00589	0.00167	0.00250	0.01033	0.00473	0.00427
7	0.00950	0.00816	0.00852	0.00789	0.01018	0.00872	0.00607	0.01785	0.43636	0.01773	0.05731	0.03149	0.34154	0.00933	0.00544	0.00168	0.00330	0.00779	0.00490	0.00625
8	0.00705	0.00510	0.00666	0.00627	0.00745	0.00470	0.00470	0.00941	0.01411	0.01999	0.79110	0.03723	0.04703	0.01019	0.00588	0.00157	0.00235	0.00901	0.00549	0.00470
9	0.01895	0.01396	0.01496	0.01147	0.01546	0.01546	0.00947	0.77711	0.02344	0.03141	0.01197	0.01197	0.00848	0.00598	0.00499	0.00150	0.00548	0.00449	0.00499	0.00848
10	0.00941	0.00886	0.01495	0.81285	0.03433	0.01107	0.01384	0.01274	0.00997	0.01274	0.00886	0.01329	0.00664	0.00498	0.00498	0.00166	0.00664	0.00443	0.00221	0.00554
11	0.01895	0.01396	0.01496	0.01147	0.01546	0.01546	0.00947	0.77711	0.02344	0.03141	0.01197	0.01197	0.00848	0.00598	0.00499	0.00150	0.00548	0.00449	0.00499	0.00848
12	0.01091	0.01091	0.01527	0.01309	0.01309	0.01527	0.01091	0.01200	0.00763	0.01200	0.00654	0.01091	0.00654	0.00872	0.01636	0.00218	0.81570	0.00436	0.00218	0.00545
13	0.05967	0.00999	0.01175	0.00951	0.01303	0.01021	0.00771	0.13117	0.24955	0.41486	0.01814	0.01632	0.01233	0.00625	0.00493	0.00158	0.00431	0.00501	0.00552	0.00815
14	0.58294	0.00926	0.00873	0.00732	0.01066	0.00991	0.00604	0.01784	0.01040	0.27867	0.01115	0.01103	0.00769	0.00514	0.00372	0.00154	0.00398	0.00346	0.00411	0.00642
15	0.21624	0.16869	0.08742	0.00931	0.01330	0.07604	0.00851	0.08575	0.01256	0.26038	0.01158	0.01147	0.00819	0.00521	0.00414	0.00143	0.00514	0.00370	0.00390	0.00703
16	0.01294	0.00640	0.00855	0.00727	0.00948	0.00571	0.00571	0.01513	0.01417	0.31899	0.49432	0.02944	0.03368	0.00864	0.00555	0.00156	0.00308	0.00747	0.00575	0.00616
17	0.01215	0.01296	0.08274	0.02928	0.73175	0.01182	0.01555	0.01534	0.01128	0.01624	0.00934	0.01219	0.00777	0.00446	0.00492	0.00149	0.00604	0.00438	0.00244	0.00785
18	0.01329	0.40631	0.22978	0.01258	0.07828	0.15555	0.01191	0.01606	0.01104	0.01326	0.00780	0.00919	0.00650	0.00456	0.00398	0.00127	0.00657	0.00318	0.00223	0.00667
19	0.00759	0.00654	0.01109	0.00993	0.01145	0.00613	0.17090	0.00942	0.01060	0.01419	0.09692	0.43842	0.06480	0.04852	0.00708	0.00204	0.00423	0.07129	0.00418	0.00469
20	0.01726	0.00983	0.01154	0.00924	0.01258	0.00992	0.00750	0.25418	0.10892	0.32781	0.08234	0.02032	0.09149	0.00715	0.00517	0.00156	0.00427	0.00579	0.00547	0.00768
21	0.01035	0.00977	0.01623	0.41463	0.29183	0.01128	0.01349	0.01325	0.01010	0.01380	0.00921	0.01328	0.00754	0.00771	0.07041	0.00215	0.07188	0.00450	0.00234	0.00625
22	0.24734	0.02935	0.06392	0.01240	0.01625	0.15474	0.19185	0.05511	0.07404	0.09376	0.01050	0.01158	0.00779	0.00500	0.00455	0.00153	0.00624	0.00416	0.00333	0.00657
23	0.00651	0.00508	0.00594	0.00576	0.00714	0.00455	0.00431	0.00828	0.01239	0.01631	0.38916	0.04135	0.39618	0.02799	0.04519	0.00200	0.00302	0.00951	0.00490	0.00443
24	0.00725	0.00483	0.00544	0.00544	0.00544	0.00483	0.00302	0.00725	0.00725	0.00966	0.01571	0.03262	0.01812	0.82483	0.02537	0.00483	0.00483	0.00725	0.00302	0.00302
25	0.79207	0.07531	0.00883	0.00671	0.00989	0.01187	0.00565	0.01467	0.00861	0.02151	0.00694	0.00809	0.00548	0.00460	0.00309	0.00150	0.00397	0.00270	0.00301	0.00548
26	0.01047	0.05758	0.72357	0.01427	0.03533	0.01184	0.03005	0.01593	0.01062	0.03260	0.00912	0.01064	0.00650	0.00473	0.00470	0.00156	0.00721	0.00372	0.00221	0.00735
27	0.03158	0.14368	0.07621	0.01507	0.11149	0.42724	0.07879	0.01766	0.01246	0.01342	0.00806	0.00978	0.00667	0.00487	0.00471	0.00136	0.02464	0.00356	0.00245	0.00632
28	0.01363	0.00847	0.01013	0.00864	0.01116	0.00862	0.00687	0.18256	0.11519	0.18936	0.27403	0.07397	0.02534	0.00846	0.00547	0.00162	0.00378	0.04062	0.00538	0.00671
