[name]
unknown

[dist]
# distance from previous block
# <min> <max>
0	23

[block]
# block no. 0 follows, 50 sequences, length 123
# corresponding to MSA columns:
# 23-145
name=unknown_A
#
# <colnr> <probs for GDERKNQSTAVLIFYWHMCP>
#	G	D	E	R	K	N	Q	S	T	A	V	L	I	F	Y	W	H	M	C	P
0	0.01672	0.03474	0.01169	0.00938	0.02566	0.02990	0.00754	0.17919	0.01570	0.34706	0.16808	0.02231	0.01909	0.00736	0.00523	0.00156	0.00434	0.06593	0.00531	0.02319
1	0.00990	0.00794	0.03734	0.01111	0.12358	0.00709	0.03491	0.04394	0.04768	0.09768	0.04952	0.18668	0.27518	0.01020	0.00567	0.00171	0.00391	0.03585	0.00437	0.00574
2	0.01379	0.00879	0.01293	0.01124	0.06541	0.00819	0.10689	0.01766	0.11453	0.26396	0.11305	0.07409	0.06240	0.00711	0.00523	0.00153	0.00438	0.00637	0.00468	0.09777
3	0.01008	0.02518	0.76158	0.01454	0.02179	0.01163	0.05523	0.01579	0.01058	0.01579	0.00900	0.01067	0.00637	0.00471	0.00479	0.00158	0.00742	0.00379	0.00212	0.00734
4	0.10069	0.01111	0.01622	0.03980	0.09991	0.01357	0.10992	0.01528	0.12154	0.01538	0.00942	0.01229	0.00796	0.00684	0.01036	0.00189	0.39424	0.00458	0.00277	0.00623
5	0.01232	0.51436	0.30136	0.01070	0.01601	0.04358	0.01209	0.01540	0.01041	0.01319	0.00767	0.00893	0.00637	0.00446	0.00379	0.00126	0.00618	0.00305	0.00214	0.00672
6	0.01862	0.02376	0.01413	0.01284	0.01541	0.80482	0.00963	0.01990	0.01413	0.01220	0.00770	0.00899	0.00642	0.00514	0.00449	0.00128	0.00899	0.00321	0.00257	0.00578
7	0.00646	0.00507	0.00584	0.00565	0.00708	0.00445	0.00423	0.00825	0.01270	0.01665	0.41199	0.04273	0.42823	0.01144	0.00589	0.00163	0.00244	0.00978	0.00505	0.00445
8	0.00720	0.00504	0.00649	0.00649	0.00685	0.00540	0.00433	0.00792	0.00756	0.01044	0.01474	0.02728	0.01581	0.50266	0.34437	0.00613	0.00832	0.00647	0.00288	0.00361
9	0.00610	0.00459	0.00557	0.00629	0.00699	0.00415	0.00430	0.00707	0.01006	0.01295	0.05087	0.53470	0.25628	0.05669	0.00720	0.00206	0.00287	0.01262	0.00456	0.00406
10	0.00725	0.00483	0.00544	0.00544	0.00544	0.00483	0.00302	0.00725	0.00725	0.00966	0.01571	0.03262	0.01812	0.82483	0.02537	0.00483	0.00483	0.00725	0.00302	0.00302
11	0.00682	0.00509	0.00633	0.00602	0.00730	0.00460	0.00452	0.00894	0.01355	0.01865	0.63936	0.03943	0.19961	0.01069	0.00588	0.00159	0.00239	0.00932	0.00531	0.00460
12	0.01034	0.00886	0.01034	0.00738	0.01181	0.00664	0.00591	0.01255	0.01034	0.01624	0.00886	0.01034	0.00738	0.00369	0.00369	0.00074	0.00369	0.00295	0.00295	0.85530
13	0.01862	0.02376	0.01413	0.01284	0.01541	0.80482	0.00963	0.01990	0.01413	0.01220	0.00770	0.00899	0.00642	0.00514	0.00449	0.00128	0.00899	0.00321	0.00257	0.00578
14	0.00602	0.00455	0.00557	0.00639	0.00708	0.00410	0.00438	0.00700	0.01008	0.01294	0.03421	0.59516	0.25504	0.01474	0.00622	0.00192	0.00278	0.01310	0.00463	0.00410
15	0.00589	0.00505	0.00505	0.00505	0.00673	0.00421	0.00379	0.00715	0.01136	0.01347	0.05049	0.04797	0.79171	0.01262	0.00589	0.00168	0.00252	0.01052	0.00463	0.00421
16	0.86003	0.00964	0.00733	0.00655	0.00964	0.01118	0.00540	0.01465	0.00848	0.02236	0.00694	0.00810	0.00540	0.00463	0.00308	0.00154	0.00386	0.00270	0.00308	0.00540
17	0.00712	0.00534	0.00801	0.00801	0.00890	0.00623	0.00623	0.00890	0.00801	0.01157	0.01335	0.01958	0.01246	0.03738	0.80507	0.00801	0.01335	0.00534	0.00267	0.00445
18	0.04367	0.00854	0.01129	0.00878	0.01250	0.00763	0.00722	0.02387	0.05318	0.71998	0.01928	0.01685	0.01231	0.00615	0.00493	0.00154	0.00417	0.00497	0.02485	0.00829
19	0.00941	0.00886	0.01495	0.81285	0.03433	0.01107	0.01384	0.01274	0.00997	0.01274	0.00886	0.01329	0.00664	0.00498	0.00498	0.00166	0.00664	0.00443	0.00221	0.00554
20	0.00592	0.00505	0.00509	0.00508	0.00675	0.00422	0.00381	0.00721	0.01143	0.01362	0.06849	0.04771	0.77362	0.01256	0.00589	0.00168	0.00252	0.01048	0.00465	0.00422
21	0.00712	0.00516	0.00633	0.00599	0.00735	0.00464	0.00449	0.00913	0.01325	0.03694	0.56004	0.03952	0.24448	0.02605	0.00623	0.00166	0.00249	0.00929	0.00523	0.00463
22	0.00607	0.00434	0.00578	0.00694	0.00723	0.00405	0.00463	0.00694	0.00954	0.01272	0.02747	0.82157	0.03297	0.01562	0.00636	0.00202	0.00289	0.01417	0.00463	0.00405
23	0.02236	0.00848	0.01157	0.00887	0.01272	0.00733	0.00733	0.02429	0.01427	0.79719	0.01966	0.01697	0.01234	0.00617	0.00501	0.00154	0.00424	0.00501	0.00617	0.00848
24	0.00608	0.00467	0.00557	0.00616	0.00706	0.00416	0.00431	0.00722	0.01062	0.01360	0.09855	0.45952	0.32656	0.01402	0.00614	0.00186	0.00271	0.01234	0.00470	0.00416
25	0.00621	0.00499	0.00555	0.00557	0.00697	0.00432	0.00411	0.00772	0.01189	0.01509	0.24157	0.12656	0.51732	0.01230	0.00594	0.00169	0.00252	0.01051	0.00485	0.00432
26	0.02069	0.01116	0.01323	0.01014	0.01406	0.01130	0.00838	0.39253	0.01875	0.42261	0.01590	0.01452	0.01045	0.00608	0.00500	0.00152	0.00485	0.00476	0.00559	0.00848
27	0.00725	0.00483	0.00544	0.00544	0.00544	0.00483	0.00302	0.00725	0.00725	0.00966	0.01571	0.03262	0.01812	0.82483	0.02537	0.00483	0.00483	0.00725	0.00302	0.00302
28	0.00792	0.00482	0.00722	0.00722	0.00765	0.00525	0.00525	0.00765	0.00722	0.01006	0.01092	0.01729	0.01049	0.02699	0.39816	0.44671	0.00868	0.00482	0.00241	0.00327
29	0.00783	0.00557	0.00664	0.00652	0.00707	0.00596	0.00432	0.00982	0.08935	0.01162	0.01565	0.02753	0.01627	0.52138	0.20861	0.00513	0.00668	0.00653	0.03360	0.00393
30	0.00803	0.00574	0.00803	0.00918	0.01033	0.00574	0.00803	0.01033	0.01147	0.01492	0.02639	0.05622	0.02869	0.01377	0.00688	0.00229	0.00459	0.76018	0.00459	0.00459
31	0.01451	0.01145	0.01315	0.00977	0.01400	0.01106	0.03158	0.37944	0.01666	0.02351	0.01039	0.01122	0.00791	0.00481	0.00438	0.00113	0.00470	0.00378	0.00392	0.42264
32	0.01184	0.01014	0.01093	0.00992	0.01253	0.01175	0.00771	0.02464	0.70300	0.01987	0.01956	0.01870	0.01493	0.00998	0.08925	0.00236	0.00493	0.00560	0.00482	0.00753
33	0.01635	0.18307	0.01589	0.01147	0.01420	0.56334	0.00905	0.01775	0.01268	0.01204	0.00814	0.00990	0.00705	0.00835	0.08847	0.00195	0.00871	0.00333	0.00249	0.00576
34	0.00759	0.00590	0.00850	0.00812	0.00935	0.00658	0.00636	0.00939	0.00824	0.01208	0.01265	0.01831	0.01172	0.03286	0.69386	0.00705	0.03969	0.00506	0.00268	0.09401
35	0.00752	0.00567	0.00702	0.00661	0.00798	0.00547	0.00498	0.01100	0.09491	0.01949	0.64471	0.05342	0.09194	0.01011	0.00581	0.00160	0.00254	0.00887	0.00537	0.00499
36	0.00776	0.00570	0.00639	0.00581	0.00783	0.00478	0.00444	0.00938	0.01201	0.07047	0.19172	0.03968	0.50548	0.01074	0.00560	0.00155	0.00273	0.00903	0.00473	0.09416
37	0.02022	0.01048	0.01262	0.00984	0.01363	0.01047	0.00807	0.26618	0.09828	0.46969	0.01726	0.01553	0.01140	0.00617	0.00501	0.00154	0.00461	0.00491	0.00567	0.00842
38	0.48420	0.01046	0.00970	0.00822	0.01132	0.01175	0.00667	0.26038	0.01352	0.03740	0.01094	0.09509	0.00941	0.00625	0.00408	0.00158	0.00429	0.00452	0.00391	0.00630
39	0.00831	0.00444	0.00639	0.00639	0.00660	0.00438	0.00434	0.00665	0.00706	0.00926	0.01322	0.01876	0.09118	0.01751	0.04484	0.73632	0.00445	0.00501	0.00244	0.00246
40	0.00908	0.00467	0.00473	0.00473	0.00577	0.00467	0.00344	0.01116	0.01012	0.01764	0.01620	0.02006	0.01334	0.09198	0.00579	0.00155	0.00259	0.00492	0.76311	0.00447
41	0.00712	0.00534	0.00801	0.00801	0.00890	0.00623	0.00623	0.00890	0.00801	0.01157	0.01335	0.01958	0.01246	0.03738	0.80507	0.00801	0.01335	0.00534	0.00267	0.00445
42	0.00821	0.00543	0.00624	0.00583	0.00746	0.00475	0.00434	0.00969	0.01195	0.10413	0.22975	0.04011	0.43392	0.09673	0.00784	0.00197	0.00292	0.00917	0.00485	0.00470
43	0.00809	0.00648	0.00691	0.00665	0.00853	0.00631	0.00502	0.01249	0.20037	0.04206	0.05634	0.12089	0.47870	0.01123	0.00571	0.00171	0.00297	0.00949	0.00481	0.00525
44	0.01895	0.01396	0.01496	0.01147	0.01546	0.01546	0.00947	0.77711	0.02344	0.03141	0.01197	0.01197	0.00848	0.00598	0.00499	0.00150	0.00548	0.00449	0.00499	0.00848
45	0.01649	0.00718	0.00968	0.00787	0.01070	0.00632	0.00632	0.01858	0.01421	0.49880	0.31584	0.02475	0.02566	0.00771	0.00535	0.00155	0.00352	0.00655	0.00591	0.00703
46	0.00626	0.00443	0.00575	0.00671	0.00698	0.00418	0.00440	0.00704	0.00932	0.01245	0.04301	0.69070	0.03115	0.13158	0.00908	0.00242	0.00316	0.01306	0.00442	0.00392
47	0.00663	0.00448	0.00598	0.00701	0.00742	0.00416	0.00472	0.00753	0.00970	0.03947	0.02721	0.79414	0.03226	0.01529	0.00632	0.00201	0.00294	0.01386	0.00468	0.00420
48	0.01333	0.82783	0.02612	0.00853	0.01279	0.01972	0.00853	0.01493	0.01013	0.01173	0.00693	0.00800	0.00640	0.00426	0.00320	0.00107	0.00533	0.00267	0.00213	0.00640
49	0.02025	0.00798	0.01079	0.00843	0.01190	0.00695	0.00690	0.02224	0.01410	0.68564	0.10071	0.01916	0.01601	0.00658	0.00505	0.00153	0.00397	0.00542	0.03846	0.00794
50	0.00666	0.00478	0.00615	0.00640	0.00713	0.00445	0.00447	0.00816	0.01155	0.01591	0.39329	0.33821	0.06177	0.09807	0.00812	0.00209	0.00283	0.01085	0.00487	0.00426
51	0.01333	0.82783	0.02612	0.00853	0.01279	0.01972	0.00853	0.01493	0.01013	0.01173	0.00693	0.00800	0.00640	0.00426	0.00320	0.00107	0.00533	0.00267	0.00213	0.00640
52	0.86003	0.00964	0.00733	0.00655	0.00964	0.01118	0.00540	0.01465	0.00848	0.02236	0.00694	0.00810	0.00540	0.00463	0.00308	0.00154	0.00386	0.00270	0.00308	0.00540
53	0.01051	0.01032	0.01450	0.01255	0.01265	0.01432	0.01041	0.01167	0.00767	0.01195	0.00726	0.01182	0.00717	0.01174	0.09935	0.00279	0.73128	0.00446	0.00223	0.00535
54	0.02236	0.00848	0.01157	0.00887	0.01272	0.00733	0.00733	0.02429	0.01427	0.79719	0.01966	0.01697	0.01234	0.00617	0.00501	0.00154	0.00424	0.00501	0.00617	0.00848
55	0.02236	0.00848	0.01157	0.00887	0.01272	0.00733	0.00733	0.02429	0.01427	0.79719	0.01966	0.01697	0.01234	0.00617	0.00501	0.00154	0.00424	0.00501	0.00617	0.00848
56	0.00941	0.00886	0.01495	0.81285	0.03433	0.01107	0.01384	0.01274	0.00997	0.01274	0.00886	0.01329	0.00664	0.00498	0.00498	0.00166	0.00664	0.00443	0.00221	0.00554
57	0.01605	0.00929	0.01313	0.01233	0.09595	0.01013	0.00908	0.01841	0.04744	0.37728	0.01429	0.01514	0.01041	0.01000	0.09233	0.00240	0.23014	0.00483	0.00425	0.00713
58	0.00710	0.00479	0.00560	0.00574	0.00582	0.00480	0.00337	0.00728	0.00757	0.01013	0.01707	0.13041	0.01972	0.68829	0.05828	0.00463	0.00498	0.00803	0.00320	0.00321
59	0.01862	0.02376	0.01413	0.01284	0.01541	0.80482	0.00963	0.01990	0.01413	0.01220	0.00770	0.00899	0.00642	0.00514	0.00449	0.00128	0.00899	0.00321	0.00257	0.00578
60	0.01176	0.01345	0.02941	0.02101	0.02605	0.01261	0.77563	0.01597	0.01176	0.01597	0.01008	0.01345	0.00756	0.00420	0.00588	0.00168	0.00840	0.00588	0.00252	0.00672
61	0.01858	0.01361	0.01456	0.01121	0.01509	0.01504	0.00924	0.74784	0.02294	0.03092	0.01213	0.01222	0.00864	0.00598	0.00493	0.00148	0.00536	0.00449	0.03739	0.00833
62	0.01240	0.01071	0.01127	0.01014	0.01296	0.01240	0.00789	0.02649	0.78473	0.02085	0.02029	0.01860	0.01522	0.00676	0.00507	0.00169	0.00394	0.00564	0.00507	0.00789
63	0.01093	0.01041	0.01770	0.40586	0.42942	0.01147	0.01460	0.01407	0.01069	0.01458	0.00913	0.01279	0.00730	0.00470	0.00496	0.00157	0.00627	0.00444	0.00235	0.00676
64	0.00725	0.00483	0.00544	0.00544	0.00544	0.00483	0.00302	0.00725	0.00725	0.00966	0.01571	0.03262	0.01812	0.82483	0.02537	0.00483	0.00483	0.00725	0.00302	0.00302
65	0.86003	0.00964	0.00733	0.00655	0.00964	0.01118	0.00540	0.01465	0.00848	0.02236	0.00694	0.00810	0.00540	0.00463	0.00308	0.00154	0.00386	0.00270	0.00308	0.00540
66	0.02236	0.00848	0.01157	0.00887	0.01272	0.00733	0.00733	0.02429	0.01427	0.79719	0.01966	0.01697	0.01234	0.00617	0.00501	0.00154	0.00424	0.00501	0.00617	0.00848
67	0.00779	0.00557	0.00774	0.00883	0.00989	0.00552	0.00755	0.00994	0.01137	0.01488	0.05575	0.13603	0.02984	0.01383	0.00679	0.00224	0.00433	0.65296	0.00463	0.00454
68	0.00607	0.00434	0.00578	0.00694	0.00723	0.00405	0.00463	0.00694	0.00954	0.01272	0.02747	0.82157	0.03297	0.01562	0.00636	0.00202	0.00289	0.01417	0.00463	0.00405
69	0.01333	0.82783	0.02612	0.00853	0.01279	0.01972	0.00853	0.01493	0.01013	0.01173	0.00693	0.00800	0.00640	0.00426	0.00320	0.00107	0.00533	0.00267	0.00213	0.00640
70	0.01176	0.01345	0.02941	0.02101	0.02605	0.01261	0.77563	0.01597	0.01176	0.01597	0.01008	0.01345	0.00756	0.00420	0.00588	0.00168	0.00840	0.00588	0.00252	0.00672
71	0.00607	0.00434	0.00578	0.00694	0.00723	0.00405	0.00463	0.00694	0.00954	0.01272	0.02747	0.82157	0.03297	0.01562	0.00636	0.00202	0.00289	0.01417	0.00463	0.00405
72	0.01240	0.01071	0.01127	0.01014	0.01296	0.01240	0.00789	0.02649	0.78473	0.02085	0.02029	0.01860	0.01522	0.00676	0.00507	0.00169	0.00394	0.00564	0.00507	0.00789
73	0.01333	0.82783	0.02612	0.00853	0.01279	0.01972	0.00853	0.01493	0.01013	0.01173	0.00693	0.00800	0.00640	0.00426	0.00320	0.00107	0.00533	0.00267	0.00213	0.00640
74	0.00941	0.00886	0.01495	0.81285	0.03433	0.01107	0.01384	0.01274	0.00997	0.01274	0.00886	0.01329	0.00664	0.00498	0.00498	0.00166	0.00664	0.00443	0.00221	0.00554
75	0.00893	0.00469	0.00469	0.00469	0.00590	0.00460	0.00352	0.01115	0.01055	0.01804	0.01986	0.02168	0.09474	0.00652	0.00374	0.00122	0.00234	0.00526	0.76328	0.00460
76	0.86003	0.00964	0.00733	0.00655	0.00964	0.01118	0.00540	0.01465	0.00848	0.02236	0.00694	0.00810	0.00540	0.00463	0.00308	0.00154	0.00386	0.00270	0.00308	0.00540
77	0.01240	0.01071	0.01127	0.01014	0.01296	0.01240	0.00789	0.02649	0.78473	0.02085	0.02029	0.01860	0.01522	0.00676	0.00507	0.00169	0.00394	0.00564	0.00507	0.00789
78	0.00922	0.00670	0.00795	0.00825	0.00974	0.00713	0.00663	0.01457	0.22400	0.01697	0.02286	0.14280	0.02243	0.01052	0.00564	0.00187	0.00373	0.30180	0.17175	0.00544
79	0.73799	0.00892	0.00694	0.00628	0.00909	0.01024	0.00512	0.01422	0.00877	0.02182	0.00828	0.00960	0.00646	0.00480	0.00314	0.00149	0.00364	0.00298	0.12494	0.00529
80	0.00607	0.00434	0.00578	0.00694	0.00723	0.00405	0.00463	0.00694	0.00954	0.01272	0.02747	0.82157	0.03297	0.01562	0.00636	0.00202	0.00289	0.01417	0.00463	0.00405
81	0.00611	0.00445	0.00577	0.00680	0.00726	0.00411	0.00463	0.00705	0.00979	0.01286	0.02987	0.71998	0.11269	0.01525	0.00633	0.00200	0.00290	0.03347	0.00463	0.00408
82	0.00708	0.00507	0.00653	0.00618	0.00724	0.00472	0.00453	0.00918	0.01339	0.01890	0.70952	0.03675	0.04399	0.09591	0.00793	0.00191	0.00261	0.00883	0.00523	0.00453
83	0.01184	0.01012	0.01079	0.00974	0.01238	0.01159	0.00755	0.02469	0.70364	0.02076	0.10139	0.02056	0.01856	0.00712	0.00516	0.00168	0.00378	0.00599	0.00512	0.00755
84	0.00607	0.00434	0.00578	0.00694	0.00723	0.00405	0.00463	0.00694	0.00954	0.01272	0.02747	0.82157	0.03297	0.01562	0.00636	0.00202	0.00289	0.01417	0.00463	0.00405
85	0.10840	0.01197	0.01321	0.01022	0.01408	0.01273	0.00844	0.48620	0.01930	0.24477	0.01359	0.01296	0.00923	0.00589	0.00479	0.00151	0.00497	0.00445	0.00512	0.00815
86	0.00732	0.00567	0.00807	0.00808	0.00898	0.02173	0.00625	0.00906	0.00817	0.01161	0.01361	0.04053	0.01288	0.03618	0.76841	0.00772	0.01299	0.00553	0.00272	0.00447
87	0.00725	0.00483	0.00544	0.00544	0.00544	0.00483	0.00302	0.00725	0.00725	0.00966	0.01571	0.03262	0.01812	0.82483	0.02537	0.00483	0.00483	0.00725	0.00302	0.00302
88	0.00712	0.00534	0.00801	0.00801	0.00890	0.00623	0.00623	0.00890	0.00801	0.01157	0.01335	0.01958	0.01246	0.03738	0.80507	0.00801	0.01335	0.00534	0.00267	0.00445
89	0.01034	0.00886	0.01034	0.00738	0.01181	0.00664	0.00591	0.01255	0.01034	0.01624	0.00886	0.01034	0.00738	0.00369	0.00369	0.00074	0.00369	0.00295	0.00295	0.85530
90	0.01218	0.01250	0.05508	0.17519	0.50076	0.03647	0.06364	0.05500	0.01180	0.01624	0.00939	0.01238	0.00755	0.00464	0.00498	0.00153	0.00636	0.00446	0.00254	0.00732
91	0.00716	0.00532	0.00798	0.00798	0.00885	0.00619	0.00619	0.00885	0.00798	0.01151	0.01325	0.01948	0.01238	0.03693	0.78739	0.02707	0.01315	0.00532	0.00266	0.00440
92	0.00803	0.00574	0.00803	0.00918	0.01033	0.00574	0.00803	0.01033	0.01147	0.01492	0.02639	0.05622	0.02869	0.01377	0.00688	0.00229	0.00459	0.76018	0.00459	0.00459
93	0.00725	0.00483	0.00544	0.00544	0.00544	0.00483	0.00302	0.00725	0.00725	0.00966	0.01571	0.03262	0.01812	0.82483	0.02537	0.00483	0.00483	0.00725	0.00302	0.00302
94	0.00856	0.00433	0.00647	0.00651	0.00652	0.00432	0.00434	0.00651	0.00661	0.00881	0.00938	0.04599	0.00959	0.01725	0.01898	0.82236	0.00427	0.00471	0.00226	0.00224
95	0.00725	0.00483	0.00544	0.00544	0.00544	0.00483	0.00302	0.00725	0.00725	0.00966	0.01571	0.03262	0.01812	0.82483	0.02537	0.00483	0.00483	0.00725	0.00302	0.00302
96	0.01176	0.01345	0.02941	0.02101	0.02605	0.01261	0.77563	0.01597	0.01176	0.01597	0.01008	0.01345	0.00756	0.00420	0.00588	0.00168	0.00840	0.00588	0.00252	0.00672
97	0.00652	0.00454	0.00601	0.00695	0.00744	0.00422	0.00478	0.00757	0.01008	0.02841	0.08199	0.70004	0.05703	0.01489	0.00631	0.00198	0.00293	0.03938	0.00472	0.00420
98	0.01895	0.01396	0.01496	0.01147	0.01546	0.01546	0.00947	0.77711	0.02344	0.03141	0.01197	0.01197	0.00848	0.00598	0.00499	0.00150	0.00548	0.00449	0.00499	0.00848
99	0.00715	0.00542	0.00680	0.00736	0.00871	0.00507	0.00613	0.00907	0.01171	0.01492	0.11567	0.05121	0.30960	0.01297	0.00642	0.00199	0.00360	0.40705	0.00470	0.00446
100	0.02180	0.00852	0.01150	0.00886	0.01263	0.00746	0.00730	0.04342	0.01450	0.75306	0.04348	0.01747	0.01332	0.00629	0.00504	0.00154	0.00421	0.00512	0.00612	0.00836
101	0.00592	0.00505	0.00509	0.00508	0.00675	0.00422	0.00381	0.00721	0.01143	0.01363	0.06977	0.04769	0.77233	0.01256	0.00589	0.00168	0.00252	0.01048	0.00465	0.00422
102	0.01333	0.82783	0.02612	0.00853	0.01279	0.01972	0.00853	0.01493	0.01013	0.01173	0.00693	0.00800	0.00640	0.00426	0.00320	0.00107	0.00533	0.00267	0.00213	0.00640
103	0.00682	0.00509	0.00634	0.00602	0.00730	0.00460	0.00452	0.00895	0.01356	0.01867	0.64184	0.03940	0.19712	0.01068	0.00588	0.00159	0.00239	0.00932	0.00531	0.00460
104	0.02204	0.00900	0.01189	0.00911	0.01298	0.00810	0.00753	0.09569	0.01514	0.72456	0.01893	0.01649	0.01197	0.00615	0.00501	0.00154	0.00436	0.00496	0.00606	0.00848
105	0.01031	0.00563	0.00573	0.00536	0.00682	0.00578	0.00411	0.09216	0.01182	0.01993	0.01581	0.01789	0.01232	0.00583	0.00364	0.00120	0.00266	0.00463	0.76332	0.00505
106	0.01091	0.01091	0.01527	0.01309	0.01309	0.01527	0.01091	0.01200	0.00763	0.01200	0.00654	0.01091	0.00654	0.00872	0.01636	0.00218	0.81570	0.00436	0.00218	0.00545
107	0.00866	0.00433	0.00649	0.00649	0.00649	0.00433	0.00433	0.00649	0.00649	0.00866	0.00866	0.01515	0.00866	0.01732	0.01948	0.85498	0.00433	0.00433	0.00216	0.00216
108	0.00645	0.00461	0.00556	0.00615	0.00654	0.00434	0.00395	0.00708	0.00901	0.01177	0.02671	0.43786	0.13668	0.29492	0.01287	0.00295	0.00351	0.01125	0.00407	0.00372
109	0.00754	0.00583	0.00827	0.00804	0.00866	0.00690	0.00609	0.00890	0.00782	0.01124	0.01310	0.02125	0.01296	0.19008	0.56790	0.00677	0.09609	0.00561	0.00269	0.00427
110	0.00798	0.00597	0.00772	0.00854	0.00963	0.00611	0.00683	0.01147	0.12174	0.01501	0.02589	0.31540	0.02823	0.01340	0.00644	0.00211	0.00391	0.39405	0.00467	0.00488
111	0.01143	0.01247	0.02398	0.01797	0.02107	0.01363	0.48204	0.01444	0.01018	0.01444	0.00872	0.01247	0.00717	0.00594	0.00990	0.00187	0.31834	0.00530	0.00239	0.00624
112	0.01184	0.01012	0.01079	0.00974	0.01238	0.01159	0.00755	0.02469	0.70364	0.02076	0.10139	0.02056	0.01856	0.00712	0.00516	0.00168	0.00378	0.00599	0.00512	0.00755
113	0.01668	0.01284	0.01368	0.01101	0.01459	0.01440	0.00893	0.51763	0.28660	0.02776	0.01484	0.01426	0.01081	0.00625	0.00502	0.00156	0.00495	0.00488	0.00502	0.00827
114	0.00696	0.00516	0.00651	0.00636	0.00751	0.00480	0.00469	0.00934	0.03715	0.01828	0.57837	0.15032	0.12365	0.01112	0.00592	0.00165	0.00250	0.00981	0.00526	0.00466
115	0.00682	0.00491	0.00654	0.00707	0.00789	0.00463	0.00528	0.00855	0.01173	0.01600	0.32686	0.35679	0.05074	0.01309	0.00626	0.00189	0.00299	0.15260	0.00496	0.00441
116	0.00955	0.00915	0.01656	0.01277	0.01574	0.00878	0.32499	0.01388	0.09417	0.01829	0.37199	0.02560	0.04123	0.00739	0.00580	0.00163	0.00503	0.00739	0.00420	0.00587
117	0.86003	0.00964	0.00733	0.00655	0.00964	0.01118	0.00540	0.01465	0.00848	0.02236	0.00694	0.00810	0.00540	0.00463	0.00308	0.00154	0.00386	0.00270	0.00308	0.00540
118	0.01147	0.01096	0.01867	0.26130	0.56977	0.01162	0.01487	0.01454	0.01094	0.01524	0.00922	0.01262	0.00753	0.00460	0.00495	0.00153	0.00613	0.00444	0.00239	0.00720
119	0.01386	0.01082	0.01169	0.01004	0.01303	0.01216	0.00794	0.18431	0.52066	0.06251	0.08178	0.01864	0.01625	0.00685	0.00512	0.00163	0.00416	0.00564	0.00514	0.00778
120	0.01895	0.01396	0.01496	0.01147	0.01546	0.01546	0.00947	0.77711	0.02344	0.03141	0.01197	0.01197	0.00848	0.00598	0.00499	0.00150	0.00548	0.00449	0.00499	0.00848
121	0.01091	0.01091	0.01527	0.01309	0.01309	0.01527	0.01091	0.01200	0.00763	0.01200	0.00654	0.01091	0.00654	0.00872	0.01636	0.00218	0.81570	0.00436	0.00218	0.00545
122	0.01234	0.01184	0.02023	0.03059	0.79373	0.01184	0.01530	0.01530	0.01135	0.01628	0.00938	0.01234	0.00790	0.00444	0.00493	0.00148	0.00592	0.00444	0.00247	0.00790

[dist]
# distance from previous block
# <min> <max>
0	3

[block]
# block no. 1 follows, 50 sequences, length 14
# corresponding to MSA columns:
# 149-162
name=unknown_B
#
# <colnr> <probs for GDERKNQSTAVLIFYWHMCP>
#	G	D	E	R	K	N	Q	S	T	A	V	L	I	F	Y	W	H	M	C	P
0	0.00869	0.00558	0.00749	0.00755	0.00890	0.00520	0.00599	0.01073	0.01243	0.08885	0.33359	0.17406	0.03473	0.01167	0.00613	0.00184	0.00334	0.24057	0.00506	0.02760
1	0.01801	0.01929	0.01508	0.01442	0.10383	0.46379	0.01022	0.26011	0.01677	0.01877	0.00925	0.01032	0.00724	0.00533	0.00470	0.00137	0.00753	0.00376	0.00333	0.00688
2	0.19571	0.14943	0.50399	0.01164	0.01758	0.01278	0.01401	0.01540	0.01002	0.01657	0.00819	0.00959	0.00613	0.00464	0.00413	0.00149	0.00628	0.00331	0.00232	0.00678
3	0.01865	0.02285	0.01420	0.01271	0.01541	0.73193	0.00962	0.08982	0.01498	0.01397	0.00810	0.00926	0.00661	0.00521	0.00454	0.00130	0.00867	0.00333	0.00279	0.00603
4	0.00953	0.00667	0.00781	0.00646	0.00876	0.00561	0.00471	0.01089	0.01020	0.08618	0.08536	0.02585	0.13042	0.26527	0.01118	0.00232	0.00382	0.00614	0.00374	0.30910
5	0.00618	0.00503	0.00547	0.00542	0.00693	0.00432	0.00404	0.00770	0.01197	0.01505	0.23219	0.07427	0.57976	0.01214	0.00591	0.00167	0.00250	0.01029	0.00484	0.00432
6	0.00793	0.00567	0.00792	0.00907	0.01017	0.00565	0.00786	0.01016	0.01138	0.01481	0.02645	0.09477	0.02890	0.01386	0.00686	0.00228	0.00450	0.72261	0.00459	0.00456
7	0.00955	0.00904	0.01498	0.74091	0.03242	0.01145	0.01358	0.01267	0.00976	0.01267	0.00865	0.01307	0.00664	0.00532	0.00601	0.00171	0.07941	0.00442	0.00221	0.00553
8	0.00698	0.00543	0.00642	0.00665	0.00780	0.00520	0.00479	0.00981	0.09917	0.01559	0.21620	0.33820	0.23413	0.01252	0.00598	0.00179	0.00278	0.01100	0.00488	0.00468
9	0.00712	0.00534	0.00801	0.00801	0.00890	0.00623	0.00623	0.00890	0.00801	0.01157	0.01335	0.01958	0.01246	0.03738	0.80507	0.00801	0.01335	0.00534	0.00267	0.00445
10	0.00712	0.00534	0.00801	0.00801	0.00890	0.00623	0.00623	0.00890	0.00801	0.01157	0.01335	0.01958	0.01246	0.03738	0.80507	0.00801	0.01335	0.00534	0.00267	0.00445
11	0.01207	0.01215	0.02087	0.01650	0.05076	0.01248	0.39946	0.02068	0.35996	0.01818	0.01465	0.01572	0.01102	0.00536	0.00548	0.00168	0.00630	0.00571	0.00367	0.00730
12	0.01459	0.01611	0.01804	0.02424	0.51497	0.29585	0.01327	0.01695	0.01234	0.01482	0.00878	0.01114	0.00737	0.00469	0.00478	0.00141	0.00702	0.00400	0.00250	0.00714
13	0.01230	0.38803	0.02051	0.29902	0.09284	0.08536	0.01115	0.01462	0.01054	0.01255	0.00792	0.01038	0.00663	0.00462	0.00411	0.00134	0.00618	0.00351	0.00223	0.00617

[dist]
# distance from previous block
# <min> <max>
0	1

[block]
# block no. 2 follows, 50 sequences, length 33
# corresponding to MSA columns:
# 164-196
name=unknown_C
#
# <colnr> <probs for GDERKNQSTAVLIFYWHMCP>
#	G	D	E	R	K	N	Q	S	T	A	V	L	I	F	Y	W	H	M	C	P
0	0.00683	0.00509	0.00636	0.00604	0.00731	0.00461	0.00453	0.00898	0.01359	0.01875	0.65086	0.03927	0.18805	0.01065	0.00588	0.00159	0.00238	0.00930	0.00532	0.00461
1	0.00607	0.00434	0.00578	0.00694	0.00723	0.00405	0.00463	0.00694	0.00954	0.01272	0.02747	0.82157	0.03297	0.01562	0.00636	0.00202	0.00289	0.01417	0.00463	0.00405
2	0.26488	0.00945	0.00916	0.00832	0.01077	0.01083	0.00637	0.01989	0.42901	0.01952	0.01557	0.01769	0.01274	0.13634	0.00771	0.00215	0.00406	0.00501	0.00415	0.00637
3	0.00882	0.00615	0.00683	0.00641	0.00702	0.00638	0.00406	0.10241	0.03768	0.01288	0.01593	0.06406	0.01748	0.65915	0.02130	0.00419	0.00480	0.00715	0.00341	0.00391
4	0.00794	0.00563	0.00771	0.00872	0.00973	0.00563	0.00742	0.00995	0.01096	0.01427	0.02508	0.05333	0.02739	0.11330	0.00915	0.00261	0.00462	0.66778	0.00440	0.00440
5	0.00929	0.00465	0.00465	0.00465	0.00581	0.00465	0.00348	0.01161	0.01045	0.01858	0.01626	0.01858	0.01278	0.00581	0.00348	0.00116	0.00232	0.00465	0.85250	0.00465
6	0.00790	0.00460	0.00519	0.00553	0.00623	0.00450	0.00379	0.00939	0.00977	0.01536	0.04776	0.26162	0.02097	0.14860	0.00816	0.00206	0.00292	0.00810	0.42335	0.00419
7	0.05777	0.00592	0.00723	0.00649	0.00797	0.00562	0.00473	0.01215	0.01173	0.17090	0.34097	0.02942	0.02813	0.23662	0.01089	0.00245	0.00350	0.00717	0.04533	0.00502
8	0.01862	0.02376	0.01413	0.01284	0.01541	0.80482	0.00963	0.01990	0.01413	0.01220	0.00770	0.00899	0.00642	0.00514	0.00449	0.00128	0.00899	0.00321	0.00257	0.00578
9	0.01000	0.02578	0.79900	0.01421	0.02157	0.01158	0.01842	0.01579	0.01052	0.01579	0.00895	0.01052	0.00631	0.00474	0.00474	0.00158	0.00737	0.00368	0.00210	0.00737
10	0.00775	0.00492	0.00661	0.00726	0.00804	0.00458	0.00522	0.00904	0.01070	0.07876	0.12042	0.57675	0.03253	0.01397	0.00625	0.00196	0.00312	0.09270	0.00486	0.00455
11	0.00725	0.00483	0.00544	0.00544	0.00544	0.00483	0.00302	0.00725	0.00725	0.00966	0.01571	0.03262	0.01812	0.82483	0.02537	0.00483	0.00483	0.00725	0.00302	0.00302
12	0.00712	0.00534	0.00801	0.00801	0.00890	0.00623	0.00623	0.00890	0.00801	0.01157	0.01335	0.01958	0.01246	0.03738	0.80507	0.00801	0.01335	0.00534	0.00267	0.00445
13	0.01260	0.00662	0.00830	0.00709	0.00924	0.00603	0.00546	0.05051	0.01333	0.27882	0.28264	0.03036	0.14803	0.10900	0.00794	0.00197	0.00347	0.00748	0.00525	0.00587
14	0.05679	0.00741	0.00880	0.00724	0.00996	0.00708	0.00583	0.08091	0.01318	0.37643	0.01702	0.01679	0.01187	0.00593	0.00429	0.00138	0.00354	0.00471	0.35410	0.00676
15	0.00607	0.00434	0.00578	0.00694	0.00723	0.00405	0.00463	0.00694	0.00954	0.01272	0.02747	0.82157	0.03297	0.01562	0.00636	0.00202	0.00289	0.01417	0.00463	0.00405
16	0.00712	0.00534	0.00801	0.00801	0.00890	0.00623	0.00623	0.00890	0.00801	0.01157	0.01335	0.01958	0.01246	0.03738	0.80507	0.00801	0.01335	0.00534	0.00267	0.00445
17	0.00636	0.00455	0.00611	0.00718	0.00762	0.00429	0.00505	0.00749	0.01002	0.01337	0.06731	0.68660	0.03318	0.01511	0.00640	0.00203	0.00307	0.10545	0.00467	0.00415
18	0.00607	0.00434	0.00578	0.00694	0.00723	0.00405	0.00463	0.00694	0.00954	0.01272	0.02747	0.82157	0.03297	0.01562	0.00636	0.00202	0.00289	0.01417	0.00463	0.00405
19	0.00995	0.00953	0.01305	0.01155	0.01188	0.03122	0.00947	0.01125	0.00790	0.01187	0.00862	0.01348	0.00832	0.01728	0.25388	0.00392	0.55470	0.00463	0.00234	0.00516
20	0.00725	0.00483	0.00544	0.00544	0.00544	0.00483	0.00302	0.00725	0.00725	0.00966	0.01571	0.03262	0.01812	0.82483	0.02537	0.00483	0.00483	0.00725	0.00302	0.00302
21	0.01175	0.01005	0.01087	0.00988	0.01246	0.01164	0.00769	0.02433	0.68941	0.01971	0.01944	0.01872	0.01488	0.01052	0.10325	0.00247	0.00510	0.00560	0.00478	0.00747
22	0.01064	0.01086	0.10685	0.00915	0.01252	0.04620	0.00810	0.03852	0.08864	0.04744	0.01195	0.01441	0.00986	0.01516	0.26060	0.00335	0.00759	0.00422	0.00315	0.29079
23	0.86003	0.00964	0.00733	0.00655	0.00964	0.01118	0.00540	0.01465	0.00848	0.02236	0.00694	0.00810	0.00540	0.00463	0.00308	0.00154	0.00386	0.00270	0.00308	0.00540
24	0.01034	0.00886	0.01034	0.00738	0.01181	0.00664	0.00591	0.01255	0.01034	0.01624	0.00886	0.01034	0.00738	0.00369	0.00369	0.00074	0.00369	0.00295	0.00295	0.85530
25	0.00669	0.00507	0.00624	0.00697	0.00774	0.00488	0.00487	0.00888	0.07979	0.01383	0.05348	0.59332	0.14565	0.01417	0.00617	0.00193	0.00295	0.02823	0.00469	0.00445
26	0.00621	0.00491	0.00541	0.00556	0.00676	0.00431	0.00396	0.00740	0.01094	0.01373	0.13370	0.17667	0.48749	0.10070	0.00808	0.00207	0.00282	0.01060	0.00456	0.00411
27	0.00706	0.00479	0.00574	0.00613	0.00666	0.00449	0.00397	0.00770	0.00913	0.03935	0.02648	0.36688	0.15046	0.32252	0.01347	0.00302	0.00362	0.01062	0.00407	0.00384
28	0.86003	0.00964	0.00733	0.00655	0.00964	0.01118	0.00540	0.01465	0.00848	0.02236	0.00694	0.00810	0.00540	0.00463	0.00308	0.00154	0.00386	0.00270	0.00308	0.00540
29	0.01263	0.00706	0.00854	0.00744	0.00944	0.00675	0.00566	0.10681	0.01281	0.23049	0.10274	0.05403	0.13132	0.21988	0.01065	0.00247	0.00408	0.05675	0.00477	0.00567
30	0.01749	0.01287	0.01394	0.01083	0.01447	0.01414	0.00889	0.68290	0.02229	0.03001	0.10758	0.01507	0.01321	0.00650	0.00510	0.00150	0.00510	0.00504	0.00505	0.00801
31	0.11336	0.00723	0.00795	0.00788	0.00947	0.00771	0.00585	0.07885	0.17094	0.01756	0.05200	0.40271	0.06054	0.01122	0.00554	0.00182	0.00345	0.02588	0.00459	0.00543
32	0.00724	0.00485	0.00552	0.00552	0.00555	0.00488	0.00312	0.00730	0.00727	0.00973	0.01563	0.03220	0.01794	0.79959	0.05035	0.00493	0.00511	0.00719	0.00301	0.00307

[dist]
# distance from previous block
# <min> <max>
0	1

[block]
# block no. 3 follows, 50 sequences, length 45
# corresponding to MSA columns:
# 198-242
name=unknown_D
#
# <colnr> <probs for GDERKNQSTAVLIFYWHMCP>
#	G	D	E	R	K	N	Q	S	T	A	V	L	I	F	Y	W	H	M	C	P
0	0.01201	0.01151	0.01964	0.11791	0.70897	0.01176	0.01513	0.01501	0.01120	0.01589	0.00932	0.01244	0.00776	0.00450	0.00494	0.00150	0.00600	0.00444	0.00244	0.00763
1	0.00654	0.00472	0.00585	0.00649	0.00733	0.00426	0.00456	0.00768	0.01052	0.03223	0.08769	0.51744	0.23749	0.01415	0.00618	0.00190	0.00283	0.03315	0.00472	0.00426
2	0.00691	0.00458	0.00579	0.00656	0.00719	0.00425	0.00451	0.00806	0.01011	0.03536	0.06017	0.61503	0.09110	0.01379	0.00595	0.00187	0.00281	0.01235	0.09935	0.00428
3	0.01995	0.00826	0.01100	0.00867	0.01215	0.00739	0.00707	0.02279	0.06898	0.65529	0.10582	0.01934	0.01642	0.00666	0.00511	0.00156	0.00401	0.00550	0.00602	0.00802
4	0.06727	0.00535	0.00599	0.00597	0.00706	0.00526	0.00426	0.00821	0.00963	0.01323	0.08476	0.06286	0.30205	0.24173	0.13505	0.00355	0.00499	0.02491	0.00383	0.00404
5	0.00649	0.00468	0.00611	0.00657	0.00726	0.00434	0.00460	0.00796	0.01142	0.01565	0.34010	0.45939	0.06196	0.03127	0.00657	0.00189	0.00270	0.01180	0.00494	0.00430
6	0.01595	0.01174	0.01283	0.01062	0.01395	0.01300	0.00863	0.39049	0.29863	0.08067	0.01667	0.01821	0.01279	0.00689	0.00517	0.00163	0.00477	0.06431	0.00507	0.00796
7	0.28948	0.00800	0.00877	0.00732	0.01003	0.00799	0.00570	0.01720	0.01076	0.36307	0.01463	0.01775	0.01145	0.19671	0.00914	0.00231	0.00425	0.00479	0.00444	0.00621
8	0.01034	0.00886	0.01034	0.00738	0.01181	0.00664	0.00591	0.01255	0.01034	0.01624	0.00886	0.01034	0.00738	0.00369	0.00369	0.00074	0.00369	0.00295	0.00295	0.85530
9	0.00705	0.00496	0.00609	0.00593	0.00661	0.00471	0.00400	0.00837	0.01109	0.01535	0.42576	0.06893	0.05777	0.33643	0.01370	0.00290	0.00337	0.00857	0.00444	0.00399
10	0.02198	0.00909	0.01195	0.00916	0.01303	0.00823	0.00757	0.10832	0.01529	0.71171	0.01881	0.01641	0.01191	0.00615	0.00501	0.00154	0.00438	0.00495	0.00604	0.00848
11	0.00839	0.00535	0.00676	0.00642	0.00786	0.00480	0.00480	0.01026	0.01291	0.10437	0.44554	0.15435	0.18712	0.01103	0.00586	0.00166	0.00268	0.00963	0.00527	0.00493
12	0.00973	0.00546	0.00726	0.00706	0.00841	0.00495	0.00519	0.01135	0.01216	0.17496	0.29672	0.36412	0.04945	0.01171	0.00591	0.00176	0.00297	0.01041	0.00525	0.00519
13	0.01234	0.01184	0.02023	0.03059	0.79373	0.01184	0.01530	0.01530	0.01135	0.01628	0.00938	0.01234	0.00790	0.00444	0.00493	0.00148	0.00592	0.00444	0.00247	0.00790
14	0.01692	0.01052	0.01201	0.00994	0.01331	0.01120	0.00797	0.15590	0.39071	0.28669	0.01863	0.01689	0.01307	0.00643	0.00504	0.00161	0.00431	0.00522	0.00543	0.00819
15	0.22481	0.00589	0.00638	0.00674	0.00790	0.00605	0.00482	0.00956	0.00978	0.03223	0.10677	0.47412	0.02640	0.04814	0.00629	0.00197	0.00319	0.01016	0.00429	0.00451
16	0.00597	0.00505	0.00516	0.00514	0.00678	0.00424	0.00385	0.00731	0.01156	0.01393	0.10310	0.04721	0.73881	0.01245	0.00589	0.00167	0.00251	0.01041	0.00469	0.00424
17	0.01895	0.01396	0.01496	0.01147	0.01546	0.01546	0.00947	0.77711	0.02344	0.03141	0.01197	0.01197	0.00848	0.00598	0.00499	0.00150	0.00548	0.00449	0.00499	0.00848
18	0.00733	0.00492	0.00612	0.00599	0.00708	0.00460	0.00443	0.00947	0.01278	0.01865	0.52825	0.12477	0.06481	0.01006	0.00548	0.00155	0.00241	0.00883	0.16787	0.00460
19	0.00671	0.00517	0.00626	0.00676	0.00802	0.00472	0.00535	0.00834	0.01137	0.01439	0.10456	0.16539	0.36810	0.01322	0.00628	0.00192	0.00323	0.25117	0.00469	0.00435
20	0.01100	0.01119	0.01685	0.01397	0.01453	0.01497	0.09626	0.01244	0.00809	0.01244	0.00694	0.01119	0.00666	0.00822	0.01519	0.00213	0.72559	0.00453	0.00222	0.00559
21	0.29682	0.00839	0.00946	0.00795	0.01113	0.00830	0.00660	0.01898	0.01187	0.41921	0.01606	0.01849	0.01189	0.00649	0.00452	0.00161	0.00407	0.08853	0.04277	0.00686
22	0.00726	0.00528	0.00737	0.04294	0.00891	0.00569	0.00549	0.00860	0.00913	0.01267	0.14828	0.02598	0.07015	0.15607	0.39797	0.06586	0.00844	0.00651	0.00328	0.00413
23	0.00872	0.00546	0.00716	0.00654	0.00802	0.00497	0.00497	0.01098	0.01399	0.10647	0.67529	0.04774	0.06054	0.00989	0.00579	0.00157	0.00258	0.00869	0.00553	0.00510
24	0.02236	0.00848	0.01157	0.00887	0.01272	0.00733	0.00733	0.02429	0.01427	0.79719	0.01966	0.01697	0.01234	0.00617	0.00501	0.00154	0.00424	0.00501	0.00617	0.00848
25	0.24056	0.01099	0.01117	0.00899	0.01229	0.01206	0.00736	0.40178	0.01695	0.08147	0.04646	0.01316	0.01014	0.00581	0.00436	0.00148	0.00447	0.00427	0.09919	0.00706
26	0.00877	0.00682	0.01038	0.00885	0.01096	0.00636	0.14028	0.02501	0.01209	0.04236	0.17095	0.05068	0.23014	0.00946	0.00559	0.00166	0.00389	0.10857	0.14211	0.00508
27	0.01628	0.37951	0.01943	0.01093	0.01425	0.45746	0.00914	0.01770	0.01236	0.01199	0.00736	0.00855	0.00641	0.00475	0.00392	0.00119	0.00737	0.00297	0.00238	0.00605
28	0.00637	0.00461	0.00541	0.00606	0.00691	0.00417	0.00422	0.00753	0.01025	0.01362	0.03382	0.47646	0.28129	0.01353	0.00589	0.00182	0.00271	0.01190	0.09927	0.00417
29	0.22801	0.00955	0.01129	0.01085	0.09894	0.00980	0.00775	0.07346	0.10934	0.30389	0.07547	0.01567	0.01292	0.00597	0.00460	0.00155	0.00424	0.00473	0.00471	0.00727
30	0.06385	0.01055	0.09766	0.00876	0.01200	0.04886	0.00774	0.04111	0.08568	0.27724	0.17894	0.02306	0.10840	0.00749	0.00513	0.00157	0.00424	0.00614	0.00489	0.00671
31	0.00633	0.00499	0.00571	0.00570	0.00705	0.00437	0.00421	0.00795	0.01217	0.01576	0.31753	0.12661	0.43977	0.01206	0.00594	0.00168	0.00250	0.01036	0.00494	0.00437
32	0.01333	0.82783	0.02612	0.00853	0.01279	0.01972	0.00853	0.01493	0.01013	0.01173	0.00693	0.00800	0.00640	0.00426	0.00320	0.00107	0.00533	0.00267	0.00213	0.00640
33	0.00995	0.00744	0.01096	0.01125	0.09942	0.00730	0.06185	0.01372	0.09614	0.07933	0.35814	0.03274	0.03016	0.00911	0.00581	0.00172	0.00393	0.15045	0.00477	0.00583
34	0.01495	0.01084	0.01444	0.36775	0.12011	0.10181	0.01147	0.01755	0.01198	0.26179	0.01222	0.01384	0.00858	0.00531	0.00493	0.00156	0.00606	0.00447	0.00354	0.00679
35	0.01000	0.02578	0.79900	0.01421	0.02157	0.01158	0.01842	0.01579	0.01052	0.01579	0.00895	0.01052	0.00631	0.00474	0.00474	0.00158	0.00737	0.00368	0.00210	0.00737
36	0.00941	0.00886	0.01495	0.81285	0.03433	0.01107	0.01384	0.01274	0.00997	0.01274	0.00886	0.01329	0.00664	0.00498	0.00498	0.00166	0.00664	0.00443	0.00221	0.00554
37	0.01286	0.01337	0.18756	0.10356	0.03546	0.01003	0.23619	0.01659	0.02685	0.19010	0.01402	0.10623	0.01133	0.00621	0.00536	0.00166	0.00628	0.00596	0.00350	0.00686
38	0.01635	0.06680	0.34956	0.01125	0.01664	0.01029	0.01225	0.05553	0.01284	0.37821	0.01393	0.01342	0.00921	0.00543	0.00478	0.00153	0.00570	0.00427	0.00412	0.00788
39	0.01445	0.01067	0.01861	0.05124	0.31257	0.01018	0.18632	0.01730	0.01221	0.23542	0.01533	0.01646	0.06469	0.00547	0.00524	0.00157	0.00580	0.00536	0.00366	0.00744
40	0.01136	0.00933	0.01556	0.55273	0.15983	0.01067	0.02824	0.01446	0.01076	0.10102	0.01066	0.01472	0.00812	0.00525	0.00505	0.00164	0.00623	0.02535	0.00277	0.00626
41	0.01339	0.02756	0.20988	0.01578	0.09393	0.02358	0.23905	0.01692	0.01179	0.19121	0.01395	0.06340	0.03193	0.00582	0.00544	0.00162	0.01871	0.00553	0.00341	0.00712
42	0.02809	0.01022	0.01592	0.27638	0.33859	0.02380	0.01257	0.04811	0.01197	0.10330	0.07258	0.01499	0.01106	0.00535	0.00500	0.00155	0.00568	0.00481	0.00316	0.00689
43	0.03132	0.16219	0.32765	0.01222	0.05143	0.04029	0.01251	0.10233	0.02677	0.12251	0.01051	0.01122	0.00767	0.00496	0.00444	0.00141	0.00601	0.00376	0.00314	0.05765
44	0.01507	0.06967	0.22217	0.01359	0.12429	0.01015	0.03493	0.04075	0.02361	0.29724	0.01442	0.07459	0.01098	0.00604	0.00491	0.00154	0.00543	0.00510	0.00397	0.02156

[dist]
# distance from previous block
# <min> <max>
2	167

# created by:
# /st0/software/busco_prod/Augustus/scripts/msa2prfl.pl ./align_prep/55301.fa
