[name]
unknown

[dist]
# distance from previous block
# <min> <max>
18	435

[block]
# block no. 0 follows, 41 sequences, length 10
# corresponding to MSA columns:
# 451-460
name=unknown_A
#
# <colnr> <probs for GDERKNQSTAVLIFYWHMCP>
#	G	D	E	R	K	N	Q	S	T	A	V	L	I	F	Y	W	H	M	C	P
0	0.04628	0.01318	0.01951	0.01455	0.01926	0.01288	0.21636	0.24761	0.01758	0.12928	0.01457	0.05917	0.01132	0.00645	0.00578	0.00167	0.00646	0.00595	0.00462	0.14752
1	0.01267	0.01374	0.02794	0.23883	0.03156	0.01418	0.48686	0.01696	0.01259	0.01696	0.01090	0.01518	0.00830	0.00543	0.00728	0.00196	0.06250	0.00616	0.00277	0.00723
2	0.01228	0.01147	0.01607	0.33647	0.02518	0.01457	0.01295	0.01883	0.22044	0.01700	0.01308	0.01616	0.01037	0.00758	0.00964	0.00209	0.23983	0.00545	0.00346	0.00709
3	0.05387	0.01293	0.01484	0.01145	0.01591	0.01323	0.00942	0.37055	0.04936	0.30740	0.01694	0.01587	0.01146	0.00674	0.00555	0.00169	0.00548	0.00523	0.00599	0.06611
4	0.06075	0.01001	0.01235	0.00922	0.01392	0.00826	0.00751	0.02084	0.01387	0.36983	0.01586	0.01529	0.01102	0.00562	0.00491	0.00133	0.00454	0.00448	0.00513	0.40526
5	0.00821	0.00597	0.00840	0.00840	0.00915	0.00672	0.00616	0.00971	0.00896	0.01269	0.01604	0.02648	0.01604	0.24531	0.57628	0.00822	0.01270	0.00671	0.00317	0.00467
6	0.02174	0.01602	0.01717	0.01316	0.01774	0.01774	0.01087	0.74423	0.02689	0.03605	0.01373	0.01373	0.00973	0.00687	0.00572	0.00172	0.00629	0.00515	0.00572	0.00973
7	0.00697	0.00498	0.00664	0.00796	0.00830	0.00465	0.00531	0.00796	0.01095	0.01460	0.03153	0.79525	0.03783	0.01792	0.00730	0.00232	0.00332	0.01626	0.00531	0.00465
8	0.01350	0.01543	0.03375	0.02411	0.02989	0.01446	0.74253	0.01832	0.01350	0.01832	0.01157	0.01543	0.00868	0.00482	0.00675	0.00193	0.00964	0.00675	0.00289	0.00771
9	0.07027	0.00990	0.01273	0.01004	0.01418	0.00910	0.00822	0.02678	0.08804	0.62137	0.05237	0.02003	0.01568	0.00724	0.00567	0.00179	0.00472	0.00586	0.00672	0.00929

[dist]
# distance from previous block
# <min> <max>
0	24

[block]
# block no. 1 follows, 41 sequences, length 8
# corresponding to MSA columns:
# 485-492
name=unknown_B
#
# <colnr> <probs for GDERKNQSTAVLIFYWHMCP>
#	G	D	E	R	K	N	Q	S	T	A	V	L	I	F	Y	W	H	M	C	P
0	0.02566	0.00973	0.01327	0.01018	0.01460	0.00841	0.00841	0.02788	0.01637	0.76726	0.02257	0.01947	0.01416	0.00708	0.00575	0.00177	0.00487	0.00575	0.00708	0.00973
1	0.00771	0.00583	0.00711	0.00679	0.00831	0.00523	0.00510	0.01005	0.01529	0.02079	0.55875	0.04626	0.25684	0.01249	0.00675	0.00184	0.00276	0.01084	0.00601	0.00523
2	0.01529	0.80242	0.02997	0.00979	0.01468	0.02263	0.00979	0.01713	0.01162	0.01346	0.00795	0.00918	0.00734	0.00489	0.00367	0.00122	0.00612	0.00306	0.00245	0.00734
3	0.01618	0.02300	0.51840	0.01427	0.02139	0.01167	0.01691	0.02135	0.01350	0.26677	0.01435	0.01453	0.00954	0.00598	0.00554	0.00180	0.00726	0.00473	0.00396	0.00888
4	0.00697	0.00498	0.00664	0.00796	0.00830	0.00465	0.00531	0.00796	0.01095	0.01460	0.03153	0.79525	0.03783	0.01792	0.00730	0.00232	0.00332	0.01626	0.00531	0.00465
5	0.01251	0.01251	0.01752	0.01502	0.01502	0.01752	0.01251	0.01377	0.00876	0.01377	0.00751	0.01251	0.00751	0.01001	0.01877	0.00250	0.78851	0.00501	0.00250	0.00626
6	0.01094	0.01036	0.01719	0.72296	0.03742	0.01310	0.01561	0.01455	0.01122	0.01455	0.00995	0.01503	0.00762	0.00607	0.00677	0.00195	0.07076	0.00508	0.00254	0.00635
7	0.01131	0.01116	0.02029	0.64137	0.03760	0.01304	0.15323	0.01532	0.01183	0.01532	0.01043	0.01528	0.00782	0.00555	0.00591	0.00191	0.00801	0.00540	0.00261	0.00661

[dist]
# distance from previous block
# <min> <max>
0	3

[block]
# block no. 2 follows, 41 sequences, length 7
# corresponding to MSA columns:
# 496-502
name=unknown_C
#
# <colnr> <probs for GDERKNQSTAVLIFYWHMCP>
#	G	D	E	R	K	N	Q	S	T	A	V	L	I	F	Y	W	H	M	C	P
0	0.01036	0.01111	0.09779	0.01947	0.30047	0.00916	0.01200	0.01301	0.01200	0.01671	0.02111	0.36457	0.02309	0.01148	0.00650	0.00204	0.00534	0.05293	0.00403	0.00680
1	0.01701	0.00790	0.01102	0.00946	0.01211	0.00766	0.00749	0.01898	0.01275	0.39369	0.01919	0.02214	0.01474	0.08474	0.32815	0.00516	0.00927	0.00611	0.00512	0.00731
2	0.00939	0.00755	0.00922	0.00822	0.01090	0.00612	0.00604	0.01115	0.01140	0.01660	0.02095	0.40728	0.02329	0.01114	0.00578	0.00159	0.00377	0.00989	0.00436	0.41535
3	0.00926	0.00829	0.01413	0.29996	0.02274	0.00895	0.10645	0.01181	0.01147	0.01510	0.02093	0.40156	0.02272	0.01164	0.00664	0.00212	0.00576	0.01084	0.00396	0.00569
4	0.01664	0.08300	0.34416	0.01507	0.02054	0.39168	0.01534	0.02039	0.01409	0.01575	0.00940	0.01100	0.00731	0.00562	0.00517	0.00160	0.00921	0.00388	0.00268	0.00747
5	0.01719	0.05149	0.39555	0.01329	0.01965	0.01179	0.01489	0.05844	0.01454	0.29209	0.04471	0.01596	0.01176	0.00633	0.00555	0.00177	0.00671	0.00503	0.00444	0.00882
6	0.12611	0.01012	0.01193	0.00898	0.01362	0.00860	0.00731	0.01974	0.01326	0.29874	0.01450	0.01436	0.01029	0.00544	0.00471	0.00131	0.00450	0.00423	0.00479	0.41745

[dist]
# distance from previous block
# <min> <max>
2	24

[block]
# block no. 3 follows, 41 sequences, length 6
# corresponding to MSA columns:
# 528-533
name=unknown_D
#
# <colnr> <probs for GDERKNQSTAVLIFYWHMCP>
#	G	D	E	R	K	N	Q	S	T	A	V	L	I	F	Y	W	H	M	C	P
0	0.01088	0.18643	0.09393	0.04262	0.01591	0.01141	0.09456	0.01342	0.01166	0.01571	0.01792	0.30778	0.01918	0.00980	0.00574	0.00176	0.00550	0.00872	0.00371	0.12334
1	0.28244	0.49378	0.02206	0.00939	0.01371	0.07048	0.00871	0.01741	0.01132	0.01744	0.00802	0.00929	0.00697	0.00510	0.00373	0.00142	0.00585	0.00311	0.00283	0.00692
2	0.01102	0.30201	0.06770	0.00989	0.01284	0.01328	0.00906	0.01330	0.01028	0.01367	0.01226	0.01686	0.01126	0.02635	0.43920	0.00575	0.01146	0.00487	0.00279	0.00616
3	0.00994	0.00497	0.00745	0.00745	0.00745	0.00497	0.00497	0.00745	0.00745	0.00994	0.00994	0.01739	0.00994	0.01987	0.02235	0.83358	0.00497	0.00497	0.00248	0.00248
4	0.01357	0.33112	0.17655	0.01139	0.01587	0.06642	0.01162	0.01649	0.01257	0.05371	0.01649	0.06236	0.04375	0.00822	0.00532	0.00173	0.00640	0.13591	0.00348	0.00703
5	0.01218	0.17203	0.63307	0.01510	0.02290	0.01501	0.01904	0.01793	0.01199	0.01726	0.00984	0.01154	0.00726	0.00533	0.00511	0.00170	0.00802	0.00401	0.00242	0.00825

[dist]
# distance from previous block
# <min> <max>
5	14

[block]
# block no. 4 follows, 41 sequences, length 20
# corresponding to MSA columns:
# 548-567
name=unknown_E
#
# <colnr> <probs for GDERKNQSTAVLIFYWHMCP>
#	G	D	E	R	K	N	Q	S	T	A	V	L	I	F	Y	W	H	M	C	P
0	0.01693	0.01712	0.01789	0.01450	0.01803	0.28348	0.17164	0.10450	0.01576	0.07945	0.01781	0.01979	0.09992	0.03995	0.05540	0.00233	0.00848	0.00605	0.00391	0.00706
1	0.01204	0.01040	0.01523	0.17744	0.23742	0.01138	0.01165	0.04976	0.12253	0.01730	0.01463	0.02128	0.01308	0.18482	0.07420	0.00325	0.00703	0.00610	0.00351	0.00696
2	0.01620	0.01889	0.01630	0.25009	0.09682	0.40335	0.01259	0.01857	0.01418	0.01477	0.01362	0.01600	0.07182	0.00649	0.00551	0.00167	0.00852	0.00496	0.00301	0.00663
3	0.01145	0.01039	0.01584	0.33630	0.17046	0.01065	0.01254	0.01456	0.01183	0.01663	0.01210	0.08046	0.01074	0.00619	0.00539	0.00158	0.00607	0.00552	0.00309	0.25819
4	0.01975	0.02470	0.01863	0.01585	0.01932	0.62677	0.12014	0.02178	0.01560	0.01486	0.00931	0.01115	0.00761	0.00566	0.00535	0.00151	0.00993	0.00413	0.00296	0.04498
5	0.01080	0.01017	0.01716	0.78523	0.03940	0.01271	0.01589	0.01461	0.01144	0.01461	0.01017	0.01525	0.00762	0.00572	0.00572	0.00191	0.00762	0.00508	0.00254	0.00635
6	0.01456	0.01592	0.02223	0.01767	0.02006	0.14059	0.23403	0.04008	0.01200	0.01590	0.00916	0.01308	0.00791	0.00766	0.01247	0.00213	0.39954	0.00532	0.00280	0.00687
7	0.01131	0.01089	0.01904	0.65881	0.10029	0.01293	0.07571	0.01517	0.01174	0.01527	0.01033	0.01517	0.00783	0.00559	0.00580	0.00189	0.00772	0.00522	0.00260	0.00670
8	0.00755	0.00538	0.00685	0.00729	0.00815	0.00495	0.00510	0.00881	0.01249	0.01673	0.24952	0.36721	0.15811	0.03656	0.00887	0.07046	0.00326	0.01268	0.00532	0.00469
9	0.02137	0.02726	0.01621	0.01474	0.01768	0.77602	0.01105	0.02284	0.01621	0.01400	0.00884	0.01031	0.00737	0.00589	0.00516	0.00147	0.01031	0.00368	0.00295	0.00663
10	0.01341	0.01283	0.02187	0.20142	0.60281	0.01339	0.01718	0.01690	0.01267	0.01778	0.01063	0.01440	0.00874	0.00523	0.00568	0.00174	0.00698	0.00509	0.00277	0.00846
11	0.01479	0.00990	0.04152	0.01131	0.01507	0.00827	0.15075	0.01740	0.01435	0.27485	0.05986	0.03308	0.30479	0.00962	0.00636	0.00187	0.00509	0.00851	0.00538	0.00723
12	0.00697	0.00498	0.00664	0.00796	0.00830	0.00465	0.00531	0.00796	0.01095	0.01460	0.03153	0.79525	0.03783	0.01792	0.00730	0.00232	0.00332	0.01626	0.00531	0.00465
13	0.19422	0.01001	0.01227	0.00963	0.01387	0.00932	0.00795	0.02558	0.01500	0.61364	0.01954	0.01736	0.01251	0.00671	0.00529	0.00177	0.00478	0.00520	0.00635	0.00900
14	0.01689	0.01789	0.02039	0.04909	0.45196	0.24790	0.01496	0.07877	0.01509	0.01855	0.01040	0.01297	0.00855	0.00550	0.00551	0.00164	0.00786	0.00467	0.00310	0.00829
15	0.00817	0.00613	0.00919	0.00919	0.01021	0.00715	0.00715	0.01021	0.00919	0.01328	0.01532	0.02247	0.01430	0.04290	0.77631	0.00919	0.01532	0.00613	0.00306	0.00511
16	0.00697	0.00498	0.00664	0.00796	0.00830	0.00465	0.00531	0.00796	0.01095	0.01460	0.03153	0.79525	0.03783	0.01792	0.00730	0.00232	0.00332	0.01626	0.00531	0.00465
17	0.04158	0.04902	0.42351	0.25099	0.09128	0.01345	0.01829	0.01692	0.01186	0.01721	0.01011	0.01301	0.00748	0.00547	0.00541	0.00181	0.00783	0.00448	0.00253	0.00775
18	0.01104	0.01055	0.01777	0.69309	0.03699	0.01318	0.04091	0.01467	0.01128	0.01467	0.00999	0.01502	0.00765	0.00605	0.00687	0.00196	0.07423	0.00513	0.00255	0.00639
19	0.01352	0.43963	0.35013	0.01257	0.01901	0.01806	0.01461	0.01746	0.01183	0.01566	0.00903	0.01053	0.00734	0.00511	0.00446	0.00147	0.00707	0.00358	0.00247	0.03650

[dist]
# distance from previous block
# <min> <max>
18	53

[block]
# block no. 5 follows, 41 sequences, length 8
# corresponding to MSA columns:
# 632-639
name=unknown_F
#
# <colnr> <probs for GDERKNQSTAVLIFYWHMCP>
#	G	D	E	R	K	N	Q	S	T	A	V	L	I	F	Y	W	H	M	C	P
0	0.01242	0.00888	0.01014	0.00898	0.01112	0.04078	0.00687	0.12842	0.01583	0.08031	0.29775	0.08413	0.03099	0.10097	0.05845	0.00268	0.00513	0.03729	0.00532	0.05356
1	0.00832	0.00555	0.00624	0.00624	0.00624	0.00555	0.00347	0.00832	0.00832	0.01109	0.01802	0.03743	0.02080	0.79898	0.02911	0.00555	0.00555	0.00832	0.00347	0.00347
2	0.01080	0.01017	0.01716	0.78523	0.03940	0.01271	0.01589	0.01461	0.01144	0.01461	0.01017	0.01525	0.00762	0.00572	0.00572	0.00191	0.00762	0.00508	0.00254	0.00635
3	0.01147	0.02959	0.76934	0.01630	0.02476	0.01328	0.02113	0.01811	0.01208	0.01811	0.01026	0.01208	0.00725	0.00543	0.00543	0.00181	0.00845	0.00423	0.00242	0.00845
4	0.01080	0.01017	0.01716	0.78523	0.03940	0.01271	0.01589	0.01461	0.01144	0.01461	0.01017	0.01525	0.00762	0.00572	0.00572	0.00191	0.00762	0.00508	0.00254	0.00635
5	0.01639	0.53204	0.07609	0.01086	0.01578	0.01981	0.01056	0.11555	0.07759	0.06100	0.01103	0.01161	0.00891	0.00556	0.00437	0.00142	0.00609	0.00386	0.00344	0.00802
6	0.05765	0.02616	0.47553	0.01497	0.02150	0.18009	0.01680	0.06637	0.01405	0.05991	0.01073	0.01206	0.00776	0.00571	0.00531	0.00173	0.00832	0.00419	0.00306	0.00809
7	0.01108	0.01130	0.05768	0.01639	0.06621	0.01021	0.27554	0.01405	0.01234	0.03993	0.04643	0.25238	0.04679	0.03818	0.00826	0.00220	0.05138	0.02917	0.00398	0.00650

[dist]
# distance from previous block
# <min> <max>
4	24

[block]
# block no. 6 follows, 41 sequences, length 10
# corresponding to MSA columns:
# 665-674
name=unknown_G
#
# <colnr> <probs for GDERKNQSTAVLIFYWHMCP>
#	G	D	E	R	K	N	Q	S	T	A	V	L	I	F	Y	W	H	M	C	P
0	0.01961	0.01496	0.01596	0.01273	0.01692	0.01674	0.01035	0.54114	0.23347	0.03260	0.01645	0.01590	0.01193	0.00712	0.00575	0.00178	0.00579	0.00552	0.00575	0.00954
1	0.01128	0.00658	0.00828	0.00749	0.00956	0.00583	0.00574	0.01349	0.01519	0.17197	0.40033	0.07849	0.21997	0.01176	0.00658	0.00185	0.00322	0.01013	0.00616	0.00610
2	0.00832	0.00555	0.00624	0.00624	0.00624	0.00555	0.00347	0.00832	0.00832	0.01109	0.01802	0.03743	0.02080	0.79898	0.02911	0.00555	0.00555	0.00832	0.00347	0.00347
3	0.01080	0.01017	0.01716	0.78523	0.03940	0.01271	0.01589	0.01461	0.01144	0.01461	0.01017	0.01525	0.00762	0.00572	0.00572	0.00191	0.00762	0.00508	0.00254	0.00635
4	0.01147	0.02959	0.76934	0.01630	0.02476	0.01328	0.02113	0.01811	0.01208	0.01811	0.01026	0.01208	0.00725	0.00543	0.00543	0.00181	0.00845	0.00423	0.00242	0.00845
5	0.01080	0.01017	0.01716	0.78523	0.03940	0.01271	0.01589	0.01461	0.01144	0.01461	0.01017	0.01525	0.00762	0.00572	0.00572	0.00191	0.00762	0.00508	0.00254	0.00635
6	0.01199	0.13418	0.66928	0.01542	0.02339	0.01455	0.01960	0.01798	0.01201	0.01748	0.00995	0.01168	0.00726	0.00536	0.00520	0.00173	0.00814	0.00407	0.00242	0.00830
7	0.01293	0.01292	0.01286	0.01148	0.01391	0.18128	0.05641	0.04746	0.06589	0.01756	0.07656	0.12225	0.09128	0.03224	0.00754	0.00198	0.04823	0.10076	0.00436	0.08210
8	0.01204	0.01769	0.23733	0.01814	0.02404	0.01221	0.36326	0.01669	0.01262	0.01793	0.01302	0.09274	0.01119	0.00624	0.00609	0.00179	0.00793	0.00654	0.00307	0.11944
9	0.09077	0.10160	0.07330	0.01721	0.22338	0.05371	0.01161	0.01843	0.08033	0.04295	0.01142	0.01301	0.00916	0.00524	0.00484	0.00145	0.00586	0.00424	0.00339	0.22811

[dist]
# distance from previous block
# <min> <max>
1	11

[block]
# block no. 7 follows, 41 sequences, length 17
# corresponding to MSA columns:
# 686-702
name=unknown_H
#
# <colnr> <probs for GDERKNQSTAVLIFYWHMCP>
#	G	D	E	R	K	N	Q	S	T	A	V	L	I	F	Y	W	H	M	C	P
0	0.01203	0.01201	0.01892	0.19658	0.02223	0.01558	0.09663	0.01433	0.00995	0.01446	0.00895	0.01393	0.00797	0.00987	0.04806	0.00259	0.48165	0.00527	0.00258	0.00640
1	0.01700	0.01532	0.01405	0.01100	0.01544	0.18905	0.00871	0.16543	0.01623	0.07049	0.01140	0.01238	0.00884	0.00534	0.00485	0.00123	0.00611	0.00397	0.00400	0.41915
2	0.01330	0.39901	0.41592	0.01319	0.01994	0.01775	0.01571	0.01764	0.01186	0.01589	0.00916	0.01069	0.00729	0.00518	0.00459	0.00153	0.00734	0.00367	0.00243	0.00792
3	0.00717	0.00512	0.00685	0.00808	0.00853	0.00480	0.00555	0.00835	0.01137	0.01520	0.07042	0.71044	0.03839	0.01746	0.00731	0.00231	0.00340	0.05916	0.00536	0.00472
4	0.01885	0.01395	0.01507	0.01228	0.01628	0.01553	0.00991	0.38541	0.33489	0.08725	0.01847	0.01741	0.01336	0.00726	0.00577	0.00182	0.00543	0.00576	0.00587	0.00944
5	0.01796	0.20968	0.23855	0.01340	0.04905	0.05498	0.01318	0.08404	0.01473	0.23132	0.01345	0.01361	0.00953	0.00591	0.00512	0.00163	0.00671	0.00446	0.00408	0.00859
6	0.01374	0.29326	0.17178	0.01762	0.02360	0.01710	0.34968	0.01787	0.01257	0.01658	0.01006	0.01261	0.00794	0.00496	0.00542	0.00166	0.00818	0.00498	0.00265	0.00772
7	0.00832	0.00555	0.00624	0.00624	0.00624	0.00555	0.00347	0.00832	0.00832	0.01109	0.01802	0.03743	0.02080	0.79898	0.02911	0.00555	0.00555	0.00832	0.00347	0.00347
8	0.00697	0.00498	0.00664	0.00796	0.00830	0.00465	0.00531	0.00796	0.01095	0.01460	0.03153	0.79525	0.03783	0.01792	0.00730	0.00232	0.00332	0.01626	0.00531	0.00465
9	0.01225	0.01166	0.01968	0.44861	0.33922	0.01323	0.01647	0.01581	0.01201	0.01628	0.01033	0.01471	0.00822	0.00560	0.00612	0.00184	0.03274	0.00509	0.00266	0.00747
10	0.01655	0.02249	0.49895	0.01411	0.02112	0.01154	0.01658	0.02161	0.01361	0.28603	0.01466	0.01472	0.00972	0.00602	0.00555	0.00180	0.00717	0.00477	0.00408	0.00891
11	0.00744	0.00586	0.00674	0.00663	0.00829	0.00516	0.00504	0.00947	0.01434	0.01863	0.34604	0.05048	0.42996	0.01341	0.00682	0.00191	0.00294	0.05002	0.00572	0.00509
12	0.01333	0.28873	0.43403	0.01461	0.02144	0.04929	0.06979	0.01800	0.01221	0.01638	0.00952	0.01127	0.00739	0.00523	0.00492	0.00161	0.00783	0.00400	0.00248	0.00795
13	0.01130	0.04939	0.26150	0.48285	0.05406	0.01333	0.01738	0.01594	0.01170	0.01581	0.01012	0.01394	0.00753	0.00557	0.00554	0.00184	0.00781	0.00472	0.00250	0.00715
14	0.01875	0.01354	0.09811	0.01524	0.02023	0.01098	0.24475	0.05300	0.01506	0.36299	0.01804	0.07406	0.01323	0.00697	0.00615	0.00186	0.00672	0.00666	0.00507	0.00858
15	0.06530	0.01297	0.01808	0.17473	0.02285	0.07543	0.14131	0.08969	0.01543	0.30368	0.01523	0.01600	0.01039	0.00617	0.00575	0.00180	0.00686	0.00541	0.00472	0.00821
16	0.01463	0.13320	0.28818	0.01565	0.10380	0.14236	0.01441	0.01839	0.01338	0.07465	0.03671	0.01819	0.05034	0.00675	0.00543	0.00170	0.00733	0.04387	0.00334	0.00770

[dist]
# distance from previous block
# <min> <max>
0	14

[block]
# block no. 8 follows, 41 sequences, length 19
# corresponding to MSA columns:
# 717-735
name=unknown_I
#
# <colnr> <probs for GDERKNQSTAVLIFYWHMCP>
#	G	D	E	R	K	N	Q	S	T	A	V	L	I	F	Y	W	H	M	C	P
0	0.10661	0.01230	0.02108	0.23412	0.30216	0.01300	0.15412	0.01635	0.01221	0.01810	0.01144	0.05210	0.00967	0.00586	0.00572	0.00184	0.00713	0.00572	0.00296	0.00752
1	0.01541	0.44507	0.20512	0.01188	0.01721	0.10443	0.01241	0.01836	0.01254	0.06376	0.01047	0.04105	0.00894	0.00578	0.00454	0.00147	0.00697	0.00410	0.00291	0.00758
2	0.02147	0.01026	0.01499	0.15946	0.02011	0.00991	0.04555	0.02504	0.06400	0.53749	0.01970	0.01859	0.01286	0.00675	0.00580	0.00181	0.00561	0.00572	0.00592	0.00894
3	0.00736	0.00539	0.00692	0.00743	0.00832	0.00495	0.00523	0.00904	0.01314	0.01780	0.30544	0.43133	0.12607	0.01521	0.00703	0.00208	0.00304	0.01358	0.00568	0.00495
4	0.01132	0.01117	0.02034	0.63939	0.03757	0.01304	0.15512	0.01532	0.01183	0.01532	0.01044	0.01528	0.00783	0.00555	0.00592	0.00191	0.00801	0.00540	0.00261	0.00661
5	0.01436	0.01827	0.11259	0.08710	0.02767	0.12633	0.45458	0.03562	0.01375	0.01765	0.01085	0.01417	0.00823	0.00531	0.00656	0.00186	0.02892	0.00579	0.00287	0.00753
6	0.00841	0.00497	0.00703	0.00772	0.00789	0.00480	0.00514	0.00772	0.00925	0.01234	0.02104	0.41763	0.02429	0.01887	0.01461	0.40587	0.00412	0.01078	0.00394	0.00360
7	0.00974	0.00497	0.00740	0.00749	0.00751	0.00495	0.00499	0.00749	0.00768	0.01024	0.01136	0.06883	0.01178	0.01974	0.02136	0.77860	0.00486	0.00571	0.00267	0.00263
8	0.01290	0.09580	0.26034	0.19462	0.02406	0.08797	0.01567	0.01656	0.01144	0.01535	0.00919	0.01248	0.00742	0.00665	0.00866	0.00192	0.20488	0.00446	0.00252	0.00713
9	0.01317	0.01307	0.02194	0.11269	0.35507	0.01485	0.10113	0.01610	0.01153	0.01661	0.00975	0.01391	0.00836	0.00671	0.00999	0.00201	0.25746	0.00526	0.00270	0.00770
10	0.00787	0.00569	0.00787	0.00823	0.00885	0.00612	0.00587	0.00920	0.00949	0.01318	0.02033	0.23741	0.02212	0.19590	0.40760	0.00654	0.00997	0.00937	0.00376	0.00463
11	0.01424	0.30778	0.03115	0.02004	0.10764	0.01740	0.38769	0.01779	0.01275	0.01656	0.01013	0.01296	0.00822	0.00488	0.00548	0.00164	0.00801	0.00519	0.00272	0.00773
12	0.01350	0.01543	0.03375	0.02411	0.02989	0.01446	0.74253	0.01832	0.01350	0.01832	0.01157	0.01543	0.00868	0.00482	0.00675	0.00193	0.00964	0.00675	0.00289	0.00771
13	0.01607	0.01574	0.16562	0.09212	0.02395	0.01275	0.24911	0.02002	0.01327	0.22265	0.01373	0.01554	0.00967	0.00624	0.00749	0.00193	0.09648	0.00563	0.00387	0.00811
14	0.01264	0.02221	0.40935	0.02311	0.22824	0.01362	0.17266	0.01800	0.01264	0.01832	0.01068	0.01336	0.00805	0.00521	0.00578	0.00181	0.00825	0.00500	0.00263	0.00846
15	0.03999	0.02207	0.01961	0.04226	0.02066	0.47040	0.16560	0.07113	0.06194	0.01736	0.01067	0.01246	0.00841	0.00583	0.00555	0.00164	0.00930	0.00464	0.00331	0.00720
16	0.01199	0.07131	0.31069	0.04105	0.02380	0.01299	0.26419	0.01672	0.01239	0.01747	0.01262	0.08962	0.01084	0.00632	0.00586	0.00179	0.00784	0.00615	0.00294	0.07341
17	0.09060	0.01091	0.06471	0.01270	0.01635	0.00926	0.24399	0.01294	0.01267	0.01749	0.03328	0.08318	0.34836	0.01011	0.00639	0.00193	0.00561	0.00924	0.00417	0.00612
18	0.01275	0.07174	0.42083	0.01937	0.09667	0.03459	0.18137	0.01791	0.01237	0.01756	0.01026	0.01283	0.00777	0.00551	0.00643	0.00182	0.05468	0.00484	0.00258	0.00810

[dist]
# distance from previous block
# <min> <max>
2	27

[block]
# block no. 9 follows, 41 sequences, length 9
# corresponding to MSA columns:
# 763-771
name=unknown_J
#
# <colnr> <probs for GDERKNQSTAVLIFYWHMCP>
#	G	D	E	R	K	N	Q	S	T	A	V	L	I	F	Y	W	H	M	C	P
0	0.24870	0.00880	0.03934	0.00942	0.01168	0.00855	0.05285	0.01227	0.01053	0.01812	0.01875	0.31409	0.02010	0.01682	0.14393	0.00328	0.00643	0.00898	0.00404	0.04332
1	0.00853	0.00792	0.07442	0.00848	0.00969	0.00696	0.00671	0.01005	0.00905	0.01271	0.01610	0.02834	0.01662	0.38202	0.37043	0.00689	0.01029	0.00695	0.00319	0.00466
2	0.01147	0.02959	0.76934	0.01630	0.02476	0.01328	0.02113	0.01811	0.01208	0.01811	0.01026	0.01208	0.00725	0.00543	0.00543	0.00181	0.00845	0.00423	0.00242	0.00845
3	0.01346	0.01685	0.14375	0.02759	0.34196	0.01391	0.32098	0.01796	0.01308	0.01845	0.01102	0.01436	0.00862	0.00503	0.00608	0.00181	0.00824	0.00565	0.00279	0.00840
4	0.01286	0.10409	0.02142	0.35215	0.36722	0.01427	0.01594	0.01625	0.01218	0.01634	0.01018	0.01404	0.00825	0.00534	0.00545	0.00173	0.00707	0.00485	0.00266	0.00771
5	0.01388	0.01437	0.02771	0.03042	0.45044	0.01396	0.32682	0.01788	0.01323	0.01853	0.01111	0.01470	0.00890	0.00498	0.00613	0.00180	0.00801	0.00580	0.00286	0.00849
6	0.36427	0.01055	0.01342	0.45347	0.02731	0.01276	0.01175	0.01555	0.01071	0.01933	0.00923	0.01271	0.00701	0.00554	0.00479	0.00185	0.00626	0.00424	0.00297	0.00629
7	0.00882	0.00619	0.00822	0.00897	0.00982	0.00629	0.00710	0.01052	0.01118	0.01475	0.02481	0.05159	0.02715	0.28046	0.08557	0.00421	0.00628	0.41896	0.00446	0.00465
8	0.01125	0.01017	0.01490	0.45388	0.02837	0.01054	0.01200	0.01452	0.01162	0.01633	0.01017	0.01380	0.00799	0.00509	0.00509	0.00145	0.00618	0.00436	0.00290	0.35940

[dist]
# distance from previous block
# <min> <max>
5	14

[block]
# block no. 10 follows, 41 sequences, length 17
# corresponding to MSA columns:
# 786-802
name=unknown_K
#
# <colnr> <probs for GDERKNQSTAVLIFYWHMCP>
#	G	D	E	R	K	N	Q	S	T	A	V	L	I	F	Y	W	H	M	C	P
0	0.00959	0.00760	0.00940	0.00881	0.01126	0.00661	0.00677	0.01224	0.04907	0.01706	0.02283	0.32633	0.02483	0.01186	0.00618	0.00180	0.00408	0.14140	0.00460	0.31766
1	0.00793	0.00566	0.00774	0.00906	0.00982	0.00547	0.00698	0.00963	0.01190	0.01568	0.03100	0.48294	0.03573	0.01701	0.00756	0.00246	0.00415	0.31909	0.00529	0.00491
2	0.01076	0.01238	0.12420	0.01523	0.01883	0.00978	0.22015	0.01459	0.01311	0.01760	0.02210	0.04306	0.02235	0.01120	0.00722	0.00232	0.00697	0.41755	0.00418	0.00642
3	0.01333	0.02051	0.31110	0.02047	0.02720	0.01372	0.43358	0.01871	0.01310	0.05494	0.01162	0.01436	0.00841	0.00516	0.00620	0.00188	0.00896	0.00575	0.00292	0.00809
4	0.01252	0.01197	0.02002	0.36690	0.37614	0.01354	0.01637	0.01592	0.01195	0.01645	0.01021	0.01450	0.00829	0.00580	0.00683	0.00186	0.07536	0.00508	0.00267	0.00761
5	0.01416	0.01359	0.02322	0.03511	0.76330	0.01359	0.01755	0.01755	0.01302	0.01869	0.01076	0.01416	0.00906	0.00510	0.00566	0.00170	0.00680	0.00510	0.00283	0.00906
6	0.01080	0.01017	0.01716	0.78523	0.03940	0.01271	0.01589	0.01461	0.01144	0.01461	0.01017	0.01525	0.00762	0.00572	0.00572	0.00191	0.00762	0.00508	0.00254	0.00635
7	0.01853	0.01443	0.01536	0.01251	0.01651	0.01624	0.01009	0.43914	0.33721	0.03087	0.01781	0.01698	0.01303	0.00725	0.00576	0.00181	0.00554	0.00571	0.00576	0.00944
8	0.00766	0.00564	0.00810	0.00867	0.00939	0.00608	0.00636	0.00925	0.00994	0.01384	0.02225	0.35275	0.02436	0.03222	0.44764	0.00626	0.01019	0.01046	0.00402	0.00491
9	0.01186	0.01017	0.01186	0.00847	0.01356	0.00762	0.00678	0.01440	0.01186	0.01864	0.01017	0.01186	0.00847	0.00424	0.00424	0.00085	0.00424	0.00339	0.00339	0.83395
10	0.00752	0.00582	0.00685	0.00660	0.00820	0.00515	0.00495	0.00969	0.01484	0.01974	0.46011	0.04799	0.35614	0.01289	0.00675	0.00186	0.00278	0.01108	0.00588	0.00515
11	0.00697	0.00498	0.00664	0.00796	0.00830	0.00465	0.00531	0.00796	0.01095	0.01460	0.03153	0.79525	0.03783	0.01792	0.00730	0.00232	0.00332	0.01626	0.00531	0.00465
12	0.01186	0.01017	0.01186	0.00847	0.01356	0.00762	0.00678	0.01440	0.01186	0.01864	0.01017	0.01186	0.00847	0.00424	0.00424	0.00085	0.00424	0.00339	0.00339	0.83395
13	0.00994	0.00497	0.00745	0.00745	0.00745	0.00497	0.00497	0.00745	0.00745	0.00994	0.00994	0.01739	0.00994	0.01987	0.02235	0.83358	0.00497	0.00497	0.00248	0.00248
14	0.00697	0.00498	0.00664	0.00796	0.00830	0.00465	0.00531	0.00796	0.01095	0.01460	0.03153	0.79525	0.03783	0.01792	0.00730	0.00232	0.00332	0.01626	0.00531	0.00465
15	0.01186	0.01017	0.01186	0.00847	0.01356	0.00762	0.00678	0.01440	0.01186	0.01864	0.01017	0.01186	0.00847	0.00424	0.00424	0.00085	0.00424	0.00339	0.00339	0.83395
16	0.01564	0.00765	0.01085	0.00950	0.01199	0.00758	0.00758	0.01780	0.01267	0.33610	0.06248	0.02239	0.01659	0.02574	0.40146	0.00558	0.01011	0.00622	0.00497	0.00710

[dist]
# distance from previous block
# <min> <max>
0	4

[block]
# block no. 11 follows, 41 sequences, length 16
# corresponding to MSA columns:
# 807-822
name=unknown_L
#
# <colnr> <probs for GDERKNQSTAVLIFYWHMCP>
#	G	D	E	R	K	N	Q	S	T	A	V	L	I	F	Y	W	H	M	C	P
0	0.01427	0.45653	0.17372	0.01154	0.01674	0.01873	0.01188	0.02054	0.19122	0.01692	0.01213	0.01270	0.00977	0.00570	0.00454	0.00151	0.00620	0.00412	0.00326	0.00798
1	0.01256	0.01196	0.02033	0.39241	0.41849	0.01317	0.01676	0.01615	0.01227	0.01675	0.01048	0.01468	0.00838	0.00539	0.00569	0.00180	0.00719	0.00509	0.00269	0.00777
2	0.01419	0.01206	0.02019	0.28392	0.44547	0.01277	0.01608	0.01761	0.01283	0.09261	0.01175	0.01506	0.00909	0.00550	0.00569	0.00178	0.00688	0.00516	0.00316	0.00822
3	0.01416	0.01359	0.02322	0.03511	0.76330	0.01359	0.01755	0.01755	0.01302	0.01869	0.01076	0.01416	0.00906	0.00510	0.00566	0.00170	0.00680	0.00510	0.00283	0.00906
4	0.01086	0.01017	0.01689	0.74574	0.03808	0.01245	0.01542	0.01460	0.01146	0.01482	0.01017	0.01508	0.00767	0.00564	0.00564	0.00185	0.00745	0.00500	0.00258	0.04843
5	0.00832	0.00555	0.00624	0.00624	0.00624	0.00555	0.00347	0.00832	0.00832	0.01109	0.01802	0.03743	0.02080	0.79898	0.02911	0.00555	0.00555	0.00832	0.00347	0.00347
6	0.01186	0.01017	0.01186	0.00847	0.01356	0.00762	0.00678	0.01440	0.01186	0.01864	0.01017	0.01186	0.00847	0.00424	0.00424	0.00085	0.00424	0.00339	0.00339	0.83395
7	0.00810	0.00585	0.00765	0.00720	0.00855	0.00540	0.00540	0.01079	0.01619	0.02294	0.76028	0.04273	0.05397	0.01169	0.00675	0.00180	0.00270	0.01034	0.00630	0.00540
8	0.02525	0.01040	0.01368	0.01049	0.01493	0.00939	0.00867	0.10341	0.01748	0.69016	0.02163	0.01886	0.01369	0.00706	0.00575	0.00176	0.00502	0.00569	0.00694	0.00973
9	0.01416	0.01359	0.02322	0.03511	0.76330	0.01359	0.01755	0.01755	0.01302	0.01869	0.01076	0.01416	0.00906	0.00510	0.00566	0.00170	0.00680	0.00510	0.00283	0.00906
10	0.01080	0.01017	0.01716	0.78523	0.03940	0.01271	0.01589	0.01461	0.01144	0.01461	0.01017	0.01525	0.00762	0.00572	0.00572	0.00191	0.00762	0.00508	0.00254	0.00635
11	0.02263	0.01460	0.01629	0.01249	0.01703	0.01563	0.01031	0.58229	0.02451	0.20135	0.01573	0.01503	0.01073	0.00691	0.00573	0.00173	0.00597	0.00529	0.00603	0.00973
12	0.01393	0.01072	0.01184	0.01001	0.01365	0.01088	0.00786	0.02355	0.40659	0.09884	0.02427	0.02297	0.10577	0.00766	0.00554	0.00166	0.00429	0.00633	0.00530	0.20835
13	0.14895	0.01509	0.01724	0.02027	0.29272	0.10749	0.01229	0.16552	0.10107	0.02333	0.01210	0.01358	0.00948	0.00587	0.00525	0.00169	0.00641	0.00472	0.00390	0.03303
14	0.01584	0.04216	0.09423	0.01343	0.04134	0.14670	0.01133	0.11118	0.03508	0.05725	0.01081	0.01263	0.00864	0.00647	0.00786	0.00163	0.16775	0.00434	0.00354	0.20780
15	0.01540	0.05885	0.18155	0.05165	0.01781	0.05590	0.01190	0.21702	0.03538	0.08485	0.09156	0.06833	0.04446	0.00813	0.00583	0.00180	0.00619	0.03090	0.00461	0.00787

[dist]
# distance from previous block
# <min> <max>
1	10

[block]
# block no. 12 follows, 41 sequences, length 21
# corresponding to MSA columns:
# 833-853
name=unknown_M
#
# <colnr> <probs for GDERKNQSTAVLIFYWHMCP>
#	G	D	E	R	K	N	Q	S	T	A	V	L	I	F	Y	W	H	M	C	P
0	0.00955	0.00693	0.00930	0.00883	0.01079	0.00600	0.03005	0.01123	0.01178	0.05895	0.04334	0.48720	0.02862	0.01332	0.00646	0.00192	0.00390	0.04087	0.00489	0.20608
1	0.42219	0.01286	0.03988	0.00994	0.01408	0.01340	0.00847	0.21183	0.03739	0.16101	0.01264	0.01275	0.00893	0.00612	0.00465	0.00176	0.00515	0.00426	0.00478	0.00793
2	0.27038	0.01231	0.01816	0.15662	0.36077	0.01325	0.05548	0.01686	0.01175	0.02013	0.00983	0.01291	0.00790	0.00526	0.00507	0.00177	0.00637	0.00457	0.00300	0.00762
3	0.01423	0.01229	0.01293	0.01164	0.01487	0.01423	0.00905	0.03039	0.75297	0.02393	0.02328	0.02134	0.01746	0.00776	0.00582	0.00194	0.00453	0.00647	0.00582	0.00905
4	0.01529	0.80242	0.02997	0.00979	0.01468	0.02263	0.00979	0.01713	0.01162	0.01346	0.00795	0.00918	0.00734	0.00489	0.00367	0.00122	0.00612	0.00306	0.00245	0.00734
5	0.01147	0.02959	0.76934	0.01630	0.02476	0.01328	0.02113	0.01811	0.01208	0.01811	0.01026	0.01208	0.00725	0.00543	0.00543	0.00181	0.00845	0.00423	0.00242	0.00845
6	0.01438	0.01524	0.01910	0.34484	0.29165	0.18532	0.01539	0.01752	0.01308	0.01592	0.01008	0.01375	0.00808	0.00554	0.00557	0.00173	0.00794	0.00477	0.00274	0.00738
7	0.00810	0.00585	0.00765	0.00720	0.00855	0.00540	0.00540	0.01079	0.01619	0.02294	0.76028	0.04273	0.05397	0.01169	0.00675	0.00180	0.00270	0.01034	0.00630	0.00540
8	0.02125	0.01417	0.18370	0.01150	0.01666	0.00964	0.01119	0.02509	0.04781	0.53536	0.04965	0.01882	0.01435	0.00692	0.00572	0.00179	0.00557	0.00562	0.00594	0.00924
9	0.01352	0.01476	0.05739	0.08511	0.37003	0.01388	0.32395	0.01768	0.01307	0.01821	0.01104	0.01469	0.00872	0.00504	0.00612	0.00182	0.00813	0.00576	0.00282	0.00827
10	0.01266	0.27012	0.53922	0.01427	0.02162	0.01619	0.01760	0.01781	0.01193	0.01666	0.00954	0.01117	0.00728	0.00527	0.00489	0.00163	0.00773	0.00386	0.00243	0.00811
11	0.00697	0.00498	0.00664	0.00796	0.00830	0.00465	0.00531	0.00796	0.01095	0.01460	0.03153	0.79525	0.03783	0.01792	0.00730	0.00232	0.00332	0.01626	0.00531	0.00465
12	0.01918	0.01584	0.02233	0.01657	0.02152	0.01672	0.23859	0.51830	0.02272	0.03053	0.01306	0.01426	0.00940	0.00623	0.00604	0.00178	0.00734	0.00565	0.00484	0.00910
13	0.01589	0.02341	0.53403	0.01440	0.02160	0.01177	0.01717	0.02115	0.01341	0.25128	0.01409	0.01438	0.00940	0.00595	0.00553	0.00180	0.00734	0.00470	0.00387	0.00885
14	0.00697	0.00498	0.00664	0.00796	0.00830	0.00465	0.00531	0.00796	0.01095	0.01460	0.03153	0.79525	0.03783	0.01792	0.00730	0.00232	0.00332	0.01626	0.00531	0.00465
15	0.00832	0.00555	0.00624	0.00624	0.00624	0.00555	0.00347	0.00832	0.00832	0.01109	0.01802	0.03743	0.02080	0.79898	0.02911	0.00555	0.00555	0.00832	0.00347	0.00347
16	0.74546	0.01163	0.00941	0.00817	0.01183	0.01340	0.00673	0.10037	0.01171	0.02686	0.00863	0.00980	0.00660	0.00549	0.00379	0.00176	0.00464	0.00333	0.00379	0.00660
17	0.01886	0.01403	0.06161	0.03896	0.26995	0.01324	0.04173	0.20034	0.03718	0.22353	0.01498	0.01563	0.01066	0.00616	0.00574	0.00175	0.00632	0.00534	0.00474	0.00925
18	0.04109	0.01098	0.01267	0.07282	0.01600	0.03384	0.00795	0.04793	0.01291	0.07727	0.01117	0.01268	0.00879	0.00478	0.00455	0.00110	0.00486	0.00379	0.00370	0.61114
19	0.16483	0.01155	0.05392	0.00949	0.01298	0.04115	0.00800	0.12738	0.04259	0.15681	0.06497	0.07641	0.16590	0.00901	0.00563	0.00180	0.00478	0.00720	0.00513	0.03047
20	0.06080	0.20503	0.44956	0.01379	0.02035	0.04813	0.01615	0.04964	0.01272	0.01803	0.01074	0.01398	0.00866	0.00593	0.00505	0.00170	0.00750	0.04156	0.00280	0.00788

[dist]
# distance from previous block
# <min> <max>
2	13

[block]
# block no. 13 follows, 41 sequences, length 10
# corresponding to MSA columns:
# 875-884
name=unknown_N
#
# <colnr> <probs for GDERKNQSTAVLIFYWHMCP>
#	G	D	E	R	K	N	Q	S	T	A	V	L	I	F	Y	W	H	M	C	P
0	0.01229	0.01178	0.01942	0.39146	0.29867	0.01379	0.01596	0.01555	0.01159	0.01596	0.00996	0.01442	0.00813	0.00617	0.00775	0.00192	0.13014	0.00508	0.00264	0.00732
1	0.01416	0.01359	0.02322	0.03511	0.76330	0.01359	0.01755	0.01755	0.01302	0.01869	0.01076	0.01416	0.00906	0.00510	0.00566	0.00170	0.00680	0.00510	0.00283	0.00906
2	0.01080	0.01017	0.01716	0.78523	0.03940	0.01271	0.01589	0.01461	0.01144	0.01461	0.01017	0.01525	0.00762	0.00572	0.00572	0.00191	0.00762	0.00508	0.00254	0.00635
3	0.02174	0.01602	0.01717	0.01316	0.01774	0.01774	0.01087	0.74423	0.02689	0.03605	0.01373	0.01373	0.00973	0.00687	0.00572	0.00172	0.00629	0.00515	0.00572	0.00973
4	0.01763	0.01033	0.01202	0.00986	0.01336	0.01030	0.00793	0.18103	0.12463	0.27508	0.08956	0.02802	0.17691	0.00910	0.00605	0.00182	0.00453	0.00746	0.00615	0.00822
5	0.01534	0.35755	0.33369	0.01255	0.01884	0.01652	0.01427	0.01923	0.01256	0.13394	0.01121	0.01200	0.00837	0.00546	0.00473	0.00155	0.00689	0.00397	0.00316	0.00818
6	0.01256	0.11334	0.40241	0.01344	0.02022	0.01298	0.04280	0.04889	0.01267	0.01852	0.01017	0.01188	0.00778	0.00506	0.00494	0.00146	0.00691	0.00398	0.00286	0.24712
7	0.07681	0.07143	0.06023	0.01643	0.06433	0.01335	0.24578	0.09825	0.01486	0.14173	0.06349	0.01632	0.01237	0.00610	0.00615	0.00175	0.03202	0.00567	0.00411	0.04882
8	0.03701	0.01459	0.01390	0.01309	0.06518	0.19622	0.00952	0.09679	0.05029	0.01896	0.06591	0.10614	0.03906	0.00837	0.00732	0.00172	0.11057	0.00636	0.00399	0.13501
9	0.05472	0.12644	0.08531	0.03751	0.25244	0.01422	0.03460	0.07480	0.05046	0.13221	0.01269	0.01406	0.00963	0.00579	0.00566	0.00166	0.03075	0.00477	0.00379	0.04847

[dist]
# distance from previous block
# <min> <max>
70	130

[block]
# block no. 14 follows, 41 sequences, length 6
# corresponding to MSA columns:
# 1041-1046
name=unknown_O
#
# <colnr> <probs for GDERKNQSTAVLIFYWHMCP>
#	G	D	E	R	K	N	Q	S	T	A	V	L	I	F	Y	W	H	M	C	P
0	0.01416	0.01359	0.02322	0.03511	0.76330	0.01359	0.01755	0.01755	0.01302	0.01869	0.01076	0.01416	0.00906	0.00510	0.00566	0.00170	0.00680	0.00510	0.00283	0.00906
1	0.01341	0.01282	0.02186	0.20297	0.60130	0.01339	0.01718	0.01690	0.01267	0.01778	0.01063	0.01440	0.00874	0.00524	0.00568	0.00175	0.00698	0.00509	0.00277	0.00845
2	0.01416	0.01359	0.02322	0.03511	0.76330	0.01359	0.01755	0.01755	0.01302	0.01869	0.01076	0.01416	0.00906	0.00510	0.00566	0.00170	0.00680	0.00510	0.00283	0.00906
3	0.01080	0.01017	0.01716	0.78523	0.03940	0.01271	0.01589	0.01461	0.01144	0.01461	0.01017	0.01525	0.00762	0.00572	0.00572	0.00191	0.00762	0.00508	0.00254	0.00635
4	0.02029	0.14541	0.14257	0.01220	0.01734	0.05208	0.01157	0.22713	0.01785	0.27543	0.01496	0.01448	0.01031	0.00633	0.00532	0.00166	0.00634	0.00479	0.00496	0.00897
5	0.01809	0.00967	0.01197	0.00986	0.01313	0.00945	0.00787	0.14103	0.08518	0.33119	0.22446	0.06861	0.02600	0.00898	0.00611	0.00182	0.00439	0.00757	0.00642	0.00819

[dist]
# distance from previous block
# <min> <max>
1	18

[block]
# block no. 15 follows, 41 sequences, length 6
# corresponding to MSA columns:
# 1065-1070
name=unknown_P
#
# <colnr> <probs for GDERKNQSTAVLIFYWHMCP>
#	G	D	E	R	K	N	Q	S	T	A	V	L	I	F	Y	W	H	M	C	P
0	0.04756	0.01398	0.01931	0.22932	0.02483	0.10577	0.15617	0.01886	0.10107	0.05673	0.01192	0.01488	0.00925	0.00669	0.00829	0.00196	0.15760	0.00535	0.00333	0.00713
1	0.07801	0.01003	0.01343	0.09828	0.14464	0.01067	0.00983	0.07114	0.01318	0.12913	0.02231	0.02535	0.15884	0.10345	0.00984	0.00233	0.08161	0.00679	0.00424	0.00691
2	0.01309	0.01064	0.01193	0.00972	0.01349	0.01016	0.00762	0.14287	0.16752	0.02200	0.01911	0.12893	0.05493	0.00793	0.00540	0.00149	0.00445	0.00664	0.00467	0.35742
3	0.04792	0.01094	0.01305	0.10373	0.01727	0.01151	0.00977	0.18373	0.12847	0.02285	0.01812	0.02772	0.01629	0.00860	0.00592	0.00184	0.00543	0.19190	0.00469	0.17025
4	0.17571	0.06420	0.12430	0.01208	0.01592	0.14364	0.09777	0.01642	0.01372	0.02009	0.23677	0.02073	0.02139	0.00728	0.00546	0.00172	0.00624	0.00600	0.00396	0.00661
5	0.30887	0.34867	0.01950	0.10260	0.01666	0.01747	0.00935	0.08755	0.01242	0.02014	0.00879	0.01039	0.00720	0.00533	0.00407	0.00155	0.00571	0.00352	0.00317	0.00705

[dist]
# distance from previous block
# <min> <max>
0	1

[block]
# block no. 16 follows, 41 sequences, length 22
# corresponding to MSA columns:
# 1072-1093
name=unknown_Q
#
# <colnr> <probs for GDERKNQSTAVLIFYWHMCP>
#	G	D	E	R	K	N	Q	S	T	A	V	L	I	F	Y	W	H	M	C	P
0	0.27633	0.04592	0.01046	0.01086	0.07986	0.03511	0.00740	0.01355	0.03709	0.01888	0.01985	0.35307	0.02167	0.01124	0.00567	0.00201	0.00447	0.03632	0.00432	0.00592
1	0.11652	0.01584	0.25382	0.01211	0.01622	0.04578	0.01257	0.01605	0.05884	0.01875	0.02049	0.03509	0.04342	0.01012	0.00626	0.00214	0.00629	0.29894	0.00406	0.00670
2	0.00787	0.00551	0.00709	0.00802	0.00848	0.00535	0.00563	0.00894	0.01066	0.01412	0.02723	0.40622	0.03166	0.25014	0.01393	0.00335	0.00442	0.17220	0.00475	0.00443
3	0.01188	0.01127	0.01910	0.54418	0.27202	0.01299	0.01642	0.01556	0.01195	0.01592	0.01036	0.01490	0.00809	0.00552	0.00570	0.00184	0.00736	0.00509	0.00263	0.00722
4	0.02121	0.01237	0.01784	0.04260	0.01893	0.01220	0.13702	0.18925	0.07477	0.38467	0.01823	0.01744	0.01220	0.00664	0.00592	0.00180	0.00610	0.00582	0.00577	0.00920
5	0.01416	0.01359	0.02322	0.03511	0.76330	0.01359	0.01755	0.01755	0.01302	0.01869	0.01076	0.01416	0.00906	0.00510	0.00566	0.00170	0.00680	0.00510	0.00283	0.00906
6	0.01416	0.01359	0.02322	0.03511	0.76330	0.01359	0.01755	0.01755	0.01302	0.01869	0.01076	0.01416	0.00906	0.00510	0.00566	0.00170	0.00680	0.00510	0.00283	0.00906
7	0.02174	0.01602	0.01717	0.01316	0.01774	0.01774	0.01087	0.74423	0.02689	0.03605	0.01373	0.01373	0.00973	0.00687	0.00572	0.00172	0.00629	0.00515	0.00572	0.00973
8	0.00693	0.00580	0.00603	0.00597	0.00783	0.00490	0.00448	0.00854	0.01344	0.01641	0.14743	0.05348	0.67090	0.01413	0.00676	0.00191	0.00287	0.01185	0.00544	0.00490
9	0.01472	0.54953	0.03119	0.01439	0.01957	0.02001	0.24525	0.01751	0.01223	0.01502	0.00912	0.01119	0.00777	0.00487	0.00466	0.00145	0.00725	0.00424	0.00259	0.00746
10	0.00994	0.00497	0.00745	0.00745	0.00745	0.00497	0.00497	0.00745	0.00745	0.00994	0.00994	0.01739	0.00994	0.01987	0.02235	0.83358	0.00497	0.00497	0.00248	0.00248
11	0.02163	0.01935	0.01688	0.01363	0.01772	0.24252	0.01093	0.53038	0.02373	0.02951	0.01228	0.01272	0.00903	0.00658	0.00555	0.00164	0.00749	0.00472	0.00490	0.00881
12	0.01499	0.01636	0.02598	0.02642	0.31514	0.13013	0.31244	0.01927	0.04815	0.01807	0.01138	0.01443	0.00904	0.00523	0.00604	0.00177	0.00839	0.00562	0.00301	0.00814
13	0.01048	0.00779	0.01077	0.01068	0.01189	0.00846	0.00809	0.01186	0.01065	0.01541	0.01734	0.02515	0.01618	0.04305	0.75027	0.00933	0.01570	0.00679	0.00382	0.00628
14	0.00832	0.00555	0.00624	0.00624	0.00624	0.00555	0.00347	0.00832	0.00832	0.01109	0.01802	0.03743	0.02080	0.79898	0.02911	0.00555	0.00555	0.00832	0.00347	0.00347
15	0.83938	0.01106	0.00841	0.00752	0.01106	0.01283	0.00619	0.01681	0.00973	0.02566	0.00796	0.00929	0.00619	0.00531	0.00354	0.00177	0.00442	0.00310	0.00354	0.00619
16	0.00749	0.00547	0.00716	0.00832	0.00909	0.00514	0.00614	0.00894	0.01175	0.01532	0.03450	0.52524	0.12641	0.01698	0.00738	0.00235	0.00374	0.18845	0.00530	0.00482
17	0.01529	0.80242	0.02997	0.00979	0.01468	0.02263	0.00979	0.01713	0.01162	0.01346	0.00795	0.00918	0.00734	0.00489	0.00367	0.00122	0.00612	0.00306	0.00245	0.00734
18	0.01039	0.00961	0.01603	0.70187	0.03606	0.01184	0.01475	0.01390	0.01139	0.01461	0.01246	0.09891	0.01086	0.00703	0.00589	0.00195	0.00716	0.00628	0.00284	0.00617
19	0.01320	0.09710	0.02199	0.27344	0.45038	0.01428	0.01618	0.01656	0.01236	0.01682	0.01027	0.01397	0.00841	0.00527	0.00547	0.00171	0.00699	0.00487	0.00270	0.00801
20	0.01380	0.01322	0.02257	0.11556	0.68566	0.01350	0.01738	0.01724	0.01285	0.01825	0.01070	0.01427	0.00891	0.00516	0.00567	0.00172	0.00688	0.00509	0.00280	0.00877
21	0.01416	0.01359	0.02322	0.03511	0.76330	0.01359	0.01755	0.01755	0.01302	0.01869	0.01076	0.01416	0.00906	0.00510	0.00566	0.00170	0.00680	0.00510	0.00283	0.00906

[dist]
# distance from previous block
# <min> <max>
9	32

[block]
# block no. 17 follows, 41 sequences, length 8
# corresponding to MSA columns:
# 1138,1141-1147
name=unknown_R
#
# <colnr> <probs for GDERKNQSTAVLIFYWHMCP>
#	G	D	E	R	K	N	Q	S	T	A	V	L	I	F	Y	W	H	M	C	P
0	0.06998	0.26528	0.05408	0.01382	0.10789	0.03987	0.01069	0.11166	0.14617	0.02030	0.01293	0.04157	0.01078	0.00619	0.00485	0.00156	0.00582	0.00477	0.00377	0.06802
1	0.01347	0.12488	0.14196	0.01222	0.01650	0.05459	0.07405	0.03724	0.08571	0.07457	0.09212	0.02565	0.05850	0.00812	0.00580	0.00178	0.00605	0.10030	0.00424	0.06223
2	0.01677	0.13862	0.08111	0.01214	0.05034	0.05581	0.01020	0.14077	0.01541	0.17960	0.04032	0.05999	0.01350	0.01145	0.10089	0.00256	0.00711	0.00561	0.00445	0.05333
3	0.06909	0.18124	0.20390	0.01300	0.01824	0.05081	0.08883	0.14143	0.01484	0.02022	0.01656	0.01749	0.10687	0.00668	0.00526	0.00166	0.00671	0.00532	0.00354	0.02832
4	0.01323	0.18558	0.44959	0.01455	0.02124	0.05760	0.05745	0.05754	0.01316	0.01777	0.01264	0.01407	0.04970	0.00590	0.00522	0.00168	0.00771	0.00459	0.00282	0.00795
