[name]
unknown

[dist]
# distance from previous block
# <min> <max>
0	736

[block]
# block no. 0 follows, 50 sequences, length 7
# corresponding to MSA columns:
# 736-742
name=unknown_A
#
# <colnr> <probs for GDERKNQSTAVLIFYWHMCP>
#	G	D	E	R	K	N	Q	S	T	A	V	L	I	F	Y	W	H	M	C	P
0	0.00776	0.00565	0.00765	0.00865	0.00987	0.00554	0.00749	0.00992	0.01146	0.01473	0.02945	0.05518	0.12563	0.01362	0.00676	0.00222	0.00433	0.66493	0.00459	0.00454
1	0.01553	0.01112	0.01234	0.01023	0.01326	0.01211	0.00827	0.45532	0.11641	0.07018	0.01637	0.07721	0.01407	0.05434	0.00647	0.00184	0.00490	0.08780	0.00488	0.00735
2	0.00718	0.00527	0.00665	0.00713	0.00755	0.00538	0.00488	0.03791	0.00957	0.01281	0.02370	0.51210	0.05268	0.20146	0.01126	0.00266	0.04984	0.03375	0.00413	0.00409
3	0.00651	0.00468	0.00577	0.00623	0.00678	0.00438	0.00416	0.00749	0.01006	0.01343	0.16846	0.39583	0.12346	0.20676	0.01074	0.00257	0.00321	0.01113	0.00440	0.00394
4	0.01266	0.01130	0.01425	0.52483	0.02702	0.11634	0.01194	0.11020	0.01250	0.06616	0.01007	0.01298	0.00744	0.00524	0.00487	0.00156	0.00650	0.00432	0.03374	0.00610
5	0.03316	0.01007	0.01060	0.00879	0.01159	0.04250	0.00692	0.27494	0.10269	0.02223	0.17271	0.04871	0.06314	0.03650	0.00574	0.00157	0.00420	0.00603	0.02354	0.11438
6	0.01541	0.01083	0.01236	0.06203	0.01450	0.01177	0.00836	0.34954	0.18405	0.12141	0.11172	0.01851	0.04320	0.00687	0.00515	0.00157	0.00458	0.00557	0.00502	0.00754

[dist]
# distance from previous block
# <min> <max>
0	2

[block]
# block no. 1 follows, 50 sequences, length 6
# corresponding to MSA columns:
# 745-750
name=unknown_B
#
# <colnr> <probs for GDERKNQSTAVLIFYWHMCP>
#	G	D	E	R	K	N	Q	S	T	A	V	L	I	F	Y	W	H	M	C	P
0	0.00858	0.00568	0.00677	0.00678	0.00792	0.00551	0.00487	0.08249	0.01177	0.04914	0.11704	0.37597	0.10917	0.06942	0.00705	0.00195	0.00316	0.01015	0.11184	0.00476
1	0.00724	0.00499	0.00643	0.00694	0.00790	0.00463	0.00513	0.00867	0.01095	0.05080	0.14295	0.40442	0.16432	0.01440	0.03519	0.00213	0.00341	0.11028	0.00475	0.00447
2	0.05247	0.00969	0.01311	0.15338	0.01693	0.05261	0.10302	0.08831	0.05022	0.16073	0.09843	0.07462	0.03807	0.03774	0.00594	0.00172	0.00516	0.00610	0.02547	0.00628
3	0.08091	0.06178	0.01237	0.09834	0.01441	0.00998	0.07797	0.11101	0.13115	0.01746	0.01970	0.24266	0.08423	0.00888	0.00527	0.00170	0.00451	0.00776	0.00399	0.00590
4	0.04814	0.01064	0.01107	0.00908	0.01222	0.06777	0.00725	0.24142	0.07994	0.17918	0.06185	0.05046	0.12363	0.00734	0.00502	0.00150	0.00448	0.00589	0.00480	0.06831
5	0.01207	0.06446	0.01727	0.17956	0.21098	0.06617	0.09104	0.08085	0.01203	0.01595	0.01143	0.01467	0.04216	0.00540	0.00527	0.00147	0.03521	0.02674	0.00283	0.10443

[dist]
# distance from previous block
# <min> <max>
3	8

[block]
# block no. 2 follows, 50 sequences, length 25
# corresponding to MSA columns:
# 759-783
name=unknown_C
#
# <colnr> <probs for GDERKNQSTAVLIFYWHMCP>
#	G	D	E	R	K	N	Q	S	T	A	V	L	I	F	Y	W	H	M	C	P
0	0.03943	0.03302	0.03764	0.00816	0.00988	0.09090	0.00642	0.05441	0.01199	0.06567	0.20003	0.20156	0.06931	0.07011	0.04497	0.00219	0.03691	0.00804	0.00421	0.00516
1	0.01197	0.07241	0.01969	0.01426	0.01746	0.07313	0.32211	0.01515	0.04783	0.06021	0.06979	0.01805	0.09296	0.00654	0.00714	0.00167	0.13440	0.00584	0.00320	0.00617
2	0.03048	0.01232	0.05657	0.12885	0.02183	0.01207	0.32479	0.07020	0.16811	0.04492	0.01217	0.01402	0.00907	0.00515	0.00555	0.00162	0.02702	0.00515	0.00329	0.04682
3	0.05279	0.01273	0.01378	0.22332	0.10091	0.17323	0.02422	0.05303	0.16841	0.01641	0.01149	0.01336	0.00894	0.00555	0.00521	0.00155	0.04098	0.00439	0.06331	0.00640
4	0.01121	0.00955	0.01499	0.67263	0.03105	0.04236	0.03583	0.01433	0.01064	0.09535	0.00999	0.01351	0.00726	0.00509	0.00499	0.00163	0.00654	0.00449	0.00265	0.00589
5	0.01336	0.19910	0.06114	0.01119	0.01416	0.05920	0.05827	0.09765	0.08173	0.05948	0.01035	0.01199	0.00835	0.00656	0.02122	0.00166	0.19787	0.00412	0.05123	0.03135
6	0.00654	0.00502	0.00564	0.00551	0.00669	0.00449	0.00392	0.00788	0.01138	0.01474	0.27666	0.04144	0.39871	0.17820	0.00988	0.00229	0.00294	0.00938	0.00457	0.00412
7	0.01178	0.01148	0.01831	0.02381	0.49143	0.01317	0.01360	0.01402	0.00991	0.01462	0.00828	0.01178	0.00737	0.00610	0.00936	0.00175	0.31951	0.00441	0.00236	0.00695
8	0.00941	0.00886	0.01495	0.81285	0.03433	0.01107	0.01384	0.01274	0.00997	0.01274	0.00886	0.01329	0.00664	0.00498	0.00498	0.00166	0.00664	0.00443	0.00221	0.00554
9	0.00843	0.00445	0.00658	0.00658	0.00667	0.00454	0.00444	0.00677	0.00668	0.00899	0.00950	0.01655	0.00955	0.06417	0.09525	0.72634	0.00522	0.00459	0.00226	0.00243
10	0.00705	0.00510	0.00666	0.00627	0.00745	0.00470	0.00470	0.00941	0.01411	0.01999	0.79110	0.03723	0.04703	0.01019	0.00588	0.00157	0.00235	0.00901	0.00549	0.00470
11	0.05860	0.00948	0.01218	0.09387	0.01525	0.00938	0.00838	0.16692	0.01515	0.48700	0.01683	0.01741	0.01159	0.00636	0.00502	0.00159	0.00474	0.04717	0.00529	0.00781
12	0.01034	0.00886	0.01034	0.00738	0.01181	0.00664	0.00591	0.01255	0.01034	0.01624	0.00886	0.01034	0.00738	0.00369	0.00369	0.00074	0.00369	0.00295	0.00295	0.85530
13	0.01182	0.01010	0.01078	0.00973	0.01237	0.01157	0.00755	0.02465	0.70201	0.02076	0.10303	0.02060	0.01863	0.00713	0.00516	0.00168	0.00377	0.00600	0.00512	0.00755
14	0.00627	0.00460	0.00631	0.05359	0.00880	0.00446	0.00516	0.00728	0.00957	0.01272	0.02640	0.77478	0.03144	0.01500	0.00628	0.00200	0.00311	0.01361	0.00449	0.00413
15	0.00932	0.00858	0.01420	0.69107	0.06704	0.01045	0.01277	0.01228	0.00975	0.01258	0.00960	0.01528	0.00791	0.09122	0.00713	0.00199	0.00642	0.00473	0.00231	0.00538
16	0.01000	0.02578	0.79900	0.01421	0.02157	0.01158	0.01842	0.01579	0.01052	0.01579	0.00895	0.01052	0.00631	0.00474	0.00474	0.00158	0.00737	0.00368	0.00210	0.00737
17	0.00609	0.00451	0.00562	0.00648	0.00704	0.00412	0.00438	0.00700	0.00979	0.01272	0.03152	0.62658	0.18492	0.05533	0.00721	0.00210	0.00291	0.01309	0.00455	0.00403
18	0.01348	0.00974	0.01380	0.44758	0.07422	0.06549	0.01138	0.01612	0.01146	0.22022	0.01274	0.06069	0.00974	0.00589	0.00503	0.00161	0.00591	0.00506	0.00344	0.00640
19	0.01161	0.00997	0.01573	0.34992	0.06677	0.01235	0.04983	0.01398	0.00973	0.09536	0.00923	0.01275	0.00732	0.00642	0.00922	0.00183	0.30479	0.00454	0.00265	0.00601
20	0.00941	0.00886	0.01495	0.81285	0.03433	0.01107	0.01384	0.01274	0.00997	0.01274	0.00886	0.01329	0.00664	0.00498	0.00498	0.00166	0.00664	0.00443	0.00221	0.00554
21	0.01227	0.01036	0.01831	0.31878	0.10637	0.01089	0.21374	0.05924	0.01219	0.10949	0.06864	0.01537	0.01080	0.00531	0.00529	0.00162	0.00636	0.00523	0.00320	0.00656
22	0.01143	0.01610	0.25989	0.06361	0.46071	0.01178	0.07381	0.01537	0.01106	0.01593	0.00927	0.01191	0.00732	0.00454	0.00495	0.00153	0.00659	0.00432	0.00235	0.00753
23	0.01197	0.01146	0.01938	0.02916	0.74952	0.01141	0.01465	0.01484	0.01135	0.01613	0.01169	0.01434	0.05193	0.00490	0.00499	0.00149	0.00573	0.00478	0.00259	0.00769
24	0.00728	0.00580	0.00901	0.00931	0.02719	0.00551	0.08266	0.00895	0.01053	0.01401	0.06170	0.48317	0.05170	0.01345	0.00637	0.00201	0.00387	0.18852	0.00440	0.00456

[dist]
# distance from previous block
# <min> <max>
0	4

[block]
# block no. 3 follows, 50 sequences, length 180
# corresponding to MSA columns:
# 788-939,943-970
name=unknown_D
#
# <colnr> <probs for GDERKNQSTAVLIFYWHMCP>
#	G	D	E	R	K	N	Q	S	T	A	V	L	I	F	Y	W	H	M	C	P
0	0.86003	0.00964	0.00733	0.00655	0.00964	0.01118	0.00540	0.01465	0.00848	0.02236	0.00694	0.00810	0.00540	0.00463	0.00308	0.00154	0.00386	0.00270	0.00308	0.00540
1	0.01058	0.00897	0.01043	0.00751	0.01186	0.00692	0.00601	0.03976	0.01088	0.01686	0.02404	0.01091	0.00819	0.00390	0.00378	0.00078	0.00373	0.00312	0.00307	0.80871
2	0.01101	0.01692	0.27493	0.04789	0.02395	0.01181	0.45078	0.01555	0.01120	0.01580	0.00959	0.01229	0.00711	0.00437	0.00533	0.00158	0.00768	0.00492	0.00241	0.06487
3	0.03363	0.01003	0.03520	0.01692	0.30028	0.00893	0.03580	0.01653	0.01174	0.23303	0.01385	0.09129	0.01135	0.00587	0.00486	0.00143	0.00485	0.00527	0.00380	0.15535
4	0.01065	0.01068	0.12080	0.00833	0.01262	0.00717	0.00759	0.01345	0.02622	0.07496	0.02738	0.06533	0.05529	0.00548	0.00430	0.00109	0.00411	0.00452	0.00337	0.53667
5	0.01008	0.01447	0.29199	0.04602	0.01748	0.00914	0.13853	0.01402	0.03626	0.06020	0.04226	0.19225	0.01497	0.00748	0.00532	0.00165	0.00573	0.02009	0.00329	0.06876
6	0.01126	0.00883	0.01101	0.10679	0.01467	0.00725	0.00701	0.01358	0.01063	0.08306	0.00979	0.01127	0.00772	0.00406	0.00396	0.00092	0.00410	0.00331	0.00314	0.67764
7	0.00941	0.00886	0.01495	0.81285	0.03433	0.01107	0.01384	0.01274	0.00997	0.01274	0.00886	0.01329	0.00664	0.00498	0.00498	0.00166	0.00664	0.00443	0.00221	0.00554
8	0.01941	0.01323	0.01450	0.01112	0.01509	0.01437	0.00919	0.67614	0.02221	0.13412	0.01300	0.01264	0.00899	0.00601	0.00499	0.00150	0.00532	0.00456	0.00514	0.00848
9	0.47332	0.06781	0.04181	0.00905	0.01273	0.01319	0.03473	0.25625	0.01353	0.02403	0.00872	0.00960	0.00655	0.00502	0.00386	0.00150	0.00477	0.00341	0.00356	0.00656
10	0.00835	0.00669	0.00854	0.00788	0.00793	0.00806	0.00557	0.00877	0.00741	0.01047	0.01281	0.02536	0.01432	0.53608	0.06468	0.00420	0.25002	0.00627	0.00275	0.00383
11	0.00944	0.00715	0.00817	0.00741	0.00926	0.00720	0.00568	0.17801	0.04520	0.01951	0.25996	0.14955	0.22531	0.01145	0.03197	0.00187	0.00359	0.00892	0.00492	0.00543
12	0.01136	0.35367	0.48303	0.01189	0.01798	0.01491	0.01437	0.01543	0.01036	0.01413	0.00812	0.00949	0.00635	0.00454	0.00411	0.00137	0.00653	0.00327	0.00212	0.00697
13	0.00866	0.00433	0.00649	0.00649	0.00649	0.00433	0.00433	0.00649	0.00649	0.00866	0.00866	0.01515	0.00866	0.01732	0.01948	0.85498	0.00433	0.00433	0.00216	0.00216
14	0.01862	0.02376	0.01413	0.01284	0.01541	0.80482	0.00963	0.01990	0.01413	0.01220	0.00770	0.00899	0.00642	0.00514	0.00449	0.00128	0.00899	0.00321	0.00257	0.00578
15	0.00799	0.00755	0.04803	0.01017	0.01187	0.00763	0.10678	0.01025	0.00860	0.01235	0.01248	0.01805	0.01133	0.03053	0.63598	0.00668	0.04091	0.00530	0.00261	0.00492
16	0.01203	0.06804	0.07378	0.45896	0.09104	0.06199	0.01299	0.13310	0.01250	0.01607	0.00919	0.01217	0.00698	0.00504	0.00481	0.00155	0.00651	0.00419	0.00268	0.00640
17	0.02129	0.01021	0.01264	0.00969	0.01358	0.00989	0.00800	0.26130	0.01715	0.55610	0.01724	0.01539	0.01112	0.00611	0.00500	0.00153	0.00463	0.00485	0.00580	0.00848
18	0.01000	0.02578	0.79900	0.01421	0.02157	0.01158	0.01842	0.01579	0.01052	0.01579	0.00895	0.01052	0.00631	0.00474	0.00474	0.00158	0.00737	0.00368	0.00210	0.00737
19	0.00600	0.00462	0.00549	0.00618	0.00703	0.00411	0.00429	0.00703	0.01028	0.01302	0.03675	0.50969	0.33886	0.01441	0.00617	0.00189	0.00274	0.01270	0.00463	0.00411
20	0.00740	0.00519	0.00657	0.00627	0.00654	0.00526	0.03092	0.00774	0.00749	0.01009	0.01525	0.03055	0.01714	0.71192	0.10749	0.00506	0.00586	0.00700	0.00297	0.00330
21	0.02236	0.00848	0.01157	0.00887	0.01272	0.00733	0.00733	0.02429	0.01427	0.79719	0.01966	0.01697	0.01234	0.00617	0.00501	0.00154	0.00424	0.00501	0.00617	0.00848
22	0.00725	0.00483	0.00544	0.00544	0.00544	0.00483	0.00302	0.00725	0.00725	0.00966	0.01571	0.03262	0.01812	0.82483	0.02537	0.00483	0.00483	0.00725	0.00302	0.00302
23	0.83086	0.00979	0.00759	0.00673	0.00984	0.01133	0.00554	0.04110	0.00900	0.02268	0.00711	0.00823	0.00550	0.00467	0.00315	0.00154	0.00391	0.00276	0.00315	0.00550
24	0.01210	0.01135	0.01897	0.05944	0.65771	0.01145	0.02882	0.04682	0.01201	0.01704	0.06698	0.01421	0.01074	0.00495	0.00503	0.00150	0.00572	0.00481	0.00279	0.00757
25	0.00941	0.00886	0.01495	0.81285	0.03433	0.01107	0.01384	0.01274	0.00997	0.01274	0.00886	0.01329	0.00664	0.00498	0.00498	0.00166	0.00664	0.00443	0.00221	0.00554
26	0.00607	0.00434	0.00578	0.00694	0.00723	0.00405	0.00463	0.00694	0.00954	0.01272	0.02747	0.82157	0.03297	0.01562	0.00636	0.00202	0.00289	0.01417	0.00463	0.00405
27	0.18924	0.01365	0.01663	0.01436	0.06895	0.14608	0.16583	0.08142	0.01137	0.01697	0.00821	0.01071	0.00675	0.00582	0.00771	0.00169	0.22151	0.00415	0.00277	0.00619
28	0.01000	0.02578	0.79900	0.01421	0.02157	0.01158	0.01842	0.01579	0.01052	0.01579	0.00895	0.01052	0.00631	0.00474	0.00474	0.00158	0.00737	0.00368	0.00210	0.00737
29	0.01498	0.15327	0.19641	0.01306	0.04474	0.13903	0.06047	0.25346	0.04448	0.01963	0.00987	0.01087	0.00749	0.00514	0.00461	0.00143	0.00658	0.00393	0.00323	0.00730
30	0.00725	0.00483	0.00544	0.00544	0.00544	0.00483	0.00302	0.00725	0.00725	0.00966	0.01571	0.03262	0.01812	0.82483	0.02537	0.00483	0.00483	0.00725	0.00302	0.00302
31	0.01288	0.31567	0.18153	0.01382	0.03332	0.06892	0.21687	0.01649	0.03873	0.04389	0.00924	0.01084	0.00726	0.00457	0.00449	0.00140	0.00674	0.00400	0.00253	0.00680
32	0.00904	0.00717	0.04109	0.00769	0.00967	0.00600	0.00598	0.05323	0.02742	0.06169	0.05166	0.40430	0.05340	0.03986	0.00624	0.00176	0.00357	0.03375	0.00429	0.17220
33	0.03153	0.03353	0.07089	0.01234	0.07925	0.10710	0.06151	0.14413	0.04172	0.10344	0.01088	0.01176	0.00819	0.00484	0.00450	0.00126	0.00552	0.00393	0.00353	0.26017
34	0.00732	0.00638	0.03297	0.00873	0.01007	0.00567	0.08300	0.00925	0.01123	0.01530	0.22377	0.39281	0.04571	0.01235	0.00633	0.00189	0.01490	0.10313	0.00452	0.00468
35	0.00607	0.00434	0.00578	0.00694	0.00723	0.00405	0.00463	0.00694	0.00954	0.01272	0.02747	0.82157	0.03297	0.01562	0.00636	0.00202	0.00289	0.01417	0.00463	0.00405
36	0.01179	0.01344	0.02853	0.05417	0.02621	0.02690	0.72970	0.01590	0.01173	0.01576	0.00999	0.01336	0.00750	0.00425	0.00582	0.00167	0.00834	0.00577	0.00251	0.00666
37	0.01189	0.01189	0.04457	0.15679	0.02293	0.01177	0.36746	0.03641	0.17950	0.05374	0.01404	0.01586	0.03833	0.00536	0.00545	0.00167	0.00661	0.00560	0.00332	0.00682
38	0.02236	0.00848	0.01157	0.00887	0.01272	0.00733	0.00733	0.02429	0.01427	0.79719	0.01966	0.01697	0.01234	0.00617	0.00501	0.00154	0.00424	0.00501	0.00617	0.00848
39	0.00715	0.00479	0.00547	0.00556	0.00559	0.00477	0.00316	0.00722	0.00744	0.00992	0.01671	0.09973	0.01938	0.75599	0.02375	0.00459	0.00467	0.00784	0.00316	0.00311
40	0.01142	0.00974	0.01041	0.00946	0.01202	0.01105	0.00735	0.02340	0.64970	0.02028	0.10391	0.02275	0.05741	0.00755	0.00523	0.00169	0.00372	0.02052	0.00508	0.00731
41	0.01145	0.14917	0.16042	0.01536	0.01916	0.01440	0.28467	0.01456	0.01003	0.01404	0.00829	0.01126	0.00684	0.00567	0.00840	0.00171	0.25136	0.00450	0.00228	0.00640
42	0.01116	0.01135	0.04990	0.30564	0.15123	0.01109	0.22105	0.02889	0.01111	0.03434	0.00960	0.01278	0.00735	0.00456	0.00506	0.00152	0.00660	0.00464	0.00257	0.10958
43	0.01877	0.01352	0.01460	0.01127	0.01519	0.01490	0.00929	0.70064	0.06308	0.06843	0.01278	0.01256	0.00902	0.00603	0.00499	0.00151	0.00534	0.00457	0.00505	0.00845
44	0.00718	0.00509	0.00675	0.00675	0.00720	0.00554	0.00466	0.00809	0.00764	0.01064	0.01451	0.02598	0.01524	0.42368	0.42257	0.00645	0.00917	0.00628	0.00284	0.00375
45	0.01126	0.00611	0.00738	0.00651	0.00875	0.00526	0.00507	0.01289	0.01264	0.26119	0.15498	0.06414	0.40363	0.01032	0.00563	0.00163	0.00305	0.00868	0.00525	0.00562
46	0.01186	0.02776	0.20581	0.09105	0.01749	0.02418	0.09266	0.01501	0.01140	0.14268	0.12346	0.01840	0.04676	0.00681	0.00688	0.00168	0.12617	0.02006	0.00348	0.00640
47	0.01151	0.01261	0.04023	0.14828	0.19392	0.03137	0.42850	0.01520	0.01146	0.01548	0.02342	0.01409	0.00845	0.00467	0.00549	0.00163	0.00741	0.01705	0.00254	0.00671
48	0.01003	0.02552	0.78277	0.01435	0.02167	0.01160	0.03438	0.01579	0.01055	0.01579	0.00897	0.01059	0.00634	0.00472	0.00476	0.00158	0.00739	0.00373	0.00211	0.00735
49	0.01087	0.01926	0.43903	0.01653	0.11698	0.01177	0.13446	0.01725	0.13162	0.01656	0.01106	0.01269	0.00825	0.00574	0.02471	0.00176	0.00696	0.00447	0.00269	0.00734
50	0.01036	0.07530	0.20120	0.13555	0.01844	0.02692	0.09403	0.01363	0.01112	0.05965	0.05359	0.09333	0.01582	0.00786	0.00543	0.00174	0.00585	0.16089	0.00331	0.00597
51	0.01122	0.01071	0.01822	0.32856	0.50447	0.01155	0.01474	0.01432	0.01082	0.01493	0.00918	0.01270	0.00742	0.00465	0.00495	0.00155	0.00620	0.00444	0.00237	0.00700
52	0.01135	0.01264	0.02686	0.16076	0.02751	0.01233	0.64118	0.01540	0.01145	0.01540	0.00987	0.01342	0.00740	0.00434	0.00572	0.00168	0.00809	0.00563	0.00247	0.00651
53	0.01182	0.00994	0.06027	0.44087	0.11918	0.01015	0.01225	0.01543	0.04821	0.14012	0.05656	0.03145	0.01095	0.00569	0.00505	0.00162	0.00576	0.00500	0.00325	0.00644
54	0.01472	0.08779	0.22003	0.01603	0.17028	0.01181	0.09173	0.09839	0.01303	0.19810	0.01202	0.01326	0.00871	0.00518	0.00488	0.00152	0.00604	0.01531	0.00350	0.00765
55	0.00650	0.00466	0.00614	0.00663	0.00728	0.00434	0.00462	0.00796	0.01137	0.01564	0.34094	0.48114	0.03840	0.03204	0.00660	0.00190	0.00271	0.01189	0.00494	0.00429
56	0.86003	0.00964	0.00733	0.00655	0.00964	0.01118	0.00540	0.01465	0.00848	0.02236	0.00694	0.00810	0.00540	0.00463	0.00308	0.00154	0.00386	0.00270	0.00308	0.00540
57	0.00604	0.00506	0.00526	0.00521	0.00683	0.00427	0.00391	0.00745	0.01172	0.01432	0.14751	0.04656	0.69416	0.01230	0.00589	0.00167	0.00250	0.01032	0.00474	0.00427
58	0.01115	0.03777	0.60233	0.01330	0.03825	0.01086	0.01575	0.03593	0.01147	0.08238	0.06511	0.01409	0.01032	0.00548	0.00487	0.00158	0.00656	0.02275	0.00283	0.00723
59	0.01232	0.05725	0.38762	0.01589	0.06568	0.15862	0.17004	0.01692	0.04081	0.01520	0.00931	0.01113	0.00702	0.00474	0.00488	0.00152	0.00757	0.00412	0.00241	0.00695
60	0.02708	0.01008	0.02914	0.00863	0.01249	0.03454	0.00708	0.08844	0.09337	0.18941	0.06588	0.01456	0.01200	0.00530	0.00444	0.00119	0.00418	0.00426	0.00421	0.38372
61	0.01135	0.49899	0.06916	0.00832	0.01180	0.01446	0.00802	0.03824	0.01164	0.01489	0.21921	0.04504	0.01835	0.00635	0.00419	0.00128	0.00458	0.00491	0.00322	0.00599
62	0.00624	0.00461	0.00584	0.00648	0.00719	0.00421	0.00450	0.00748	0.01078	0.01432	0.18590	0.53167	0.16448	0.01401	0.00618	0.00187	0.00272	0.01251	0.00480	0.00421
63	0.26811	0.01244	0.01832	0.01547	0.09176	0.08660	0.31735	0.01528	0.01099	0.01773	0.06488	0.01293	0.00964	0.00502	0.00516	0.00159	0.03298	0.00471	0.00289	0.00616
64	0.00713	0.00536	0.00688	0.02242	0.00879	0.00513	0.00577	0.00932	0.03391	0.01570	0.23530	0.19784	0.17885	0.01259	0.00624	0.00190	0.00329	0.23422	0.00481	0.00455
65	0.05894	0.01282	0.04263	0.02988	0.11811	0.10725	0.07369	0.16282	0.05690	0.10354	0.01271	0.08128	0.01053	0.00619	0.00531	0.00152	0.03415	0.00514	0.00374	0.07286
66	0.03072	0.65424	0.02365	0.00936	0.01278	0.01869	0.00892	0.01436	0.00962	0.01200	0.00686	0.00855	0.00640	0.00513	0.00571	0.00129	0.16038	0.00299	0.00216	0.00619
67	0.01862	0.02376	0.01413	0.01284	0.01541	0.80482	0.00963	0.01990	0.01413	0.01220	0.00770	0.00899	0.00642	0.00514	0.00449	0.00128	0.00899	0.00321	0.00257	0.00578
68	0.04667	0.02354	0.04364	0.23132	0.04948	0.06178	0.05517	0.23518	0.01451	0.09552	0.01140	0.02771	0.00866	0.00788	0.06387	0.00203	0.00662	0.00464	0.00356	0.00681
69	0.01109	0.16683	0.44829	0.04194	0.01979	0.01316	0.09523	0.04063	0.03843	0.01553	0.00981	0.01255	0.00771	0.00515	0.00496	0.00154	0.02542	0.03253	0.00245	0.00696
70	0.00618	0.00441	0.00590	0.00702	0.00737	0.00414	0.00477	0.00714	0.00973	0.01299	0.04573	0.77058	0.03312	0.01541	0.00637	0.00202	0.00295	0.04543	0.00465	0.00409
71	0.01360	0.00771	0.00939	0.00805	0.02405	0.00728	0.00626	0.13862	0.01494	0.26450	0.22158	0.02901	0.21655	0.00875	0.00545	0.00158	0.00356	0.00732	0.00535	0.00644
72	0.01349	0.01627	0.32100	0.03180	0.13746	0.01048	0.10153	0.01789	0.04424	0.20227	0.02904	0.01462	0.00986	0.00537	0.00505	0.00159	0.00620	0.02092	0.00343	0.00751
73	0.01089	0.01168	0.06767	0.15174	0.35148	0.01115	0.16288	0.01406	0.01086	0.01511	0.01133	0.08135	0.01021	0.00589	0.00574	0.00165	0.03812	0.02880	0.00265	0.00673
74	0.86003	0.00964	0.00733	0.00655	0.00964	0.01118	0.00540	0.01465	0.00848	0.02236	0.00694	0.00810	0.00540	0.00463	0.00308	0.00154	0.00386	0.00270	0.00308	0.00540
75	0.07659	0.17421	0.23872	0.03860	0.01781	0.01239	0.13488	0.02873	0.01148	0.17676	0.02587	0.01228	0.00854	0.00503	0.00475	0.00149	0.01743	0.00419	0.00320	0.00704
76	0.01069	0.05541	0.10175	0.21605	0.01957	0.01237	0.05105	0.04596	0.03924	0.02942	0.01007	0.01349	0.01896	0.01019	0.10654	0.00254	0.24357	0.00457	0.00260	0.00594
77	0.00601	0.00459	0.00553	0.00628	0.00705	0.00410	0.00433	0.00702	0.01018	0.01298	0.03557	0.54953	0.29979	0.01456	0.00620	0.00190	0.00276	0.01289	0.00463	0.00410
78	0.01377	0.00714	0.00872	0.00747	0.01011	0.00648	0.00595	0.04112	0.06207	0.34273	0.07468	0.06095	0.29254	0.00935	0.00549	0.00165	0.00351	0.03450	0.00536	0.00641
79	0.08014	0.01259	0.03164	0.14328	0.21725	0.12192	0.04147	0.01818	0.15577	0.08071	0.02559	0.01366	0.00965	0.00540	0.00504	0.00156	0.02142	0.00452	0.00332	0.00692
80	0.01515	0.10240	0.31436	0.04550	0.01782	0.02439	0.05993	0.01870	0.01195	0.30702	0.01286	0.01310	0.00878	0.00579	0.01904	0.00163	0.00615	0.00426	0.00367	0.00748
81	0.00755	0.00538	0.00746	0.00738	0.00813	0.00615	0.00556	0.00909	0.00818	0.01215	0.01383	0.02121	0.01318	0.15725	0.55394	0.00645	0.04023	0.00552	0.10711	0.00428
82	0.00684	0.00506	0.00638	0.00611	0.00733	0.00460	0.00456	0.00896	0.01350	0.01869	0.64672	0.07186	0.15931	0.01079	0.00590	0.00160	0.00240	0.00946	0.00532	0.00460
83	0.00992	0.09540	0.50768	0.08973	0.01997	0.02244	0.03485	0.01441	0.01084	0.01522	0.06914	0.01513	0.06305	0.00565	0.00481	0.00154	0.00646	0.00457	0.00256	0.00665
84	0.02095	0.00923	0.01253	0.00965	0.01349	0.00848	0.03984	0.07554	0.07146	0.65489	0.01878	0.01660	0.01209	0.00612	0.00505	0.00156	0.00448	0.00506	0.00585	0.00836
85	0.00721	0.00499	0.00626	0.00626	0.00654	0.00528	0.00405	0.00778	0.00749	0.01027	0.01495	0.02845	0.01631	0.57312	0.27461	0.00585	0.00756	0.00664	0.00291	0.00348
86	0.00617	0.00447	0.00584	0.00674	0.00722	0.00413	0.00458	0.00724	0.01018	0.01360	0.11600	0.68272	0.08306	0.01481	0.00628	0.00195	0.00281	0.01335	0.00473	0.00413
87	0.02998	0.01197	0.04890	0.04975	0.16062	0.12204	0.17507	0.01418	0.02642	0.04546	0.03029	0.23246	0.01534	0.00779	0.00544	0.00166	0.00594	0.00729	0.00332	0.00608
88	0.01102	0.01035	0.01344	0.01219	0.04379	0.03836	0.05027	0.04705	0.18018	0.01522	0.01443	0.09928	0.04161	0.02739	0.03997	0.00220	0.33784	0.00605	0.00336	0.00601
89	0.01826	0.01207	0.01629	0.01231	0.01637	0.01239	0.14397	0.37606	0.06718	0.25071	0.01440	0.01410	0.00987	0.00577	0.00516	0.00155	0.00554	0.00496	0.00490	0.00813
90	0.00633	0.00448	0.00587	0.00689	0.00719	0.00425	0.00463	0.00718	0.00938	0.01248	0.02596	0.67921	0.03089	0.11492	0.00873	0.00239	0.00323	0.05761	0.00443	0.00395
91	0.01034	0.00886	0.01034	0.00738	0.01181	0.00664	0.00591	0.01255	0.01034	0.01624	0.00886	0.01034	0.00738	0.00369	0.00369	0.00074	0.00369	0.00295	0.00295	0.85530
92	0.01231	0.03248	0.01829	0.18033	0.51996	0.09874	0.01394	0.01507	0.01131	0.01494	0.00951	0.03334	0.00811	0.00491	0.00489	0.00150	0.00631	0.00452	0.00248	0.00706
93	0.00674	0.00484	0.00616	0.00639	0.00716	0.00452	0.00451	0.00821	0.01142	0.01562	0.36267	0.28224	0.08875	0.12777	0.00884	0.00221	0.00297	0.03997	0.00478	0.00422
94	0.01034	0.00886	0.01034	0.00738	0.01181	0.00664	0.00591	0.01255	0.01034	0.01624	0.00886	0.01034	0.00738	0.00369	0.00369	0.00074	0.00369	0.00295	0.00295	0.85530
95	0.01211	0.01066	0.03934	0.23928	0.16356	0.06604	0.04359	0.02612	0.04207	0.10857	0.04979	0.10418	0.01280	0.00653	0.00535	0.00160	0.02160	0.00575	0.00337	0.03769
96	0.01100	0.14692	0.44157	0.01372	0.01948	0.01243	0.15065	0.01536	0.01097	0.04036	0.05439	0.01309	0.02393	0.00514	0.00499	0.00153	0.02060	0.00440	0.00256	0.00689
97	0.69302	0.00870	0.00696	0.00634	0.00882	0.00994	0.00493	0.01320	0.00824	0.01988	0.00866	0.01290	0.00789	0.16526	0.00745	0.00219	0.00405	0.00359	0.00307	0.00493
98	0.00761	0.00684	0.00992	0.04274	0.02803	0.00699	0.08286	0.00934	0.01088	0.01427	0.13003	0.17552	0.32656	0.01099	0.00729	0.00179	0.11016	0.00932	0.00406	0.00479
99	0.06633	0.02544	0.04719	0.07554	0.21261	0.10312	0.13861	0.06439	0.01254	0.08888	0.05814	0.01515	0.04305	0.00557	0.00522	0.00154	0.02168	0.00495	0.00326	0.00678
100	0.05255	0.01074	0.04115	0.00988	0.01389	0.00995	0.02024	0.23100	0.01640	0.51623	0.01652	0.01496	0.01072	0.00598	0.00494	0.00153	0.00475	0.00475	0.00552	0.00830
101	0.00618	0.00501	0.00528	0.00527	0.00666	0.00433	0.00381	0.00739	0.01110	0.01365	0.12185	0.06281	0.60260	0.11222	0.00829	0.00207	0.00280	0.01005	0.00452	0.00411
102	0.01387	0.00863	0.01207	0.18490	0.03746	0.00920	0.02415	0.03170	0.16692	0.26018	0.06511	0.01788	0.01362	0.01063	0.11861	0.00252	0.00603	0.00531	0.00436	0.00686
103	0.03406	0.10907	0.17667	0.09560	0.04752	0.06820	0.02146	0.27481	0.02999	0.06630	0.02347	0.01193	0.00835	0.00535	0.00468	0.00148	0.00608	0.00412	0.00352	0.00733
104	0.02907	0.00740	0.00990	0.00893	0.01024	0.02531	0.00705	0.01266	0.00923	0.16436	0.01330	0.01823	0.01161	0.09788	0.39948	0.00512	0.15641	0.00517	0.00330	0.00533
105	0.00607	0.00434	0.00578	0.00694	0.00723	0.00405	0.00463	0.00694	0.00954	0.01272	0.02747	0.82157	0.03297	0.01562	0.00636	0.00202	0.00289	0.01417	0.00463	0.00405
106	0.00798	0.00622	0.00746	0.00782	0.00898	0.00643	0.00574	0.01257	0.21160	0.01582	0.10745	0.43796	0.05656	0.01248	0.00600	0.00190	0.00324	0.07381	0.00483	0.00517
107	0.04208	0.01355	0.01465	0.02951	0.04821	0.02910	0.00955	0.65140	0.05175	0.02907	0.01249	0.01267	0.02069	0.00598	0.00494	0.00151	0.00544	0.00455	0.00472	0.00816
108	0.01189	0.14853	0.20225	0.01118	0.01530	0.04527	0.04203	0.02033	0.36451	0.01754	0.05974	0.01542	0.01284	0.00590	0.00474	0.00154	0.00528	0.00479	0.00370	0.00720
109	0.05287	0.15930	0.44551	0.01178	0.01753	0.02367	0.01360	0.03366	0.04977	0.11700	0.01050	0.01122	0.00757	0.00495	0.00443	0.00147	0.00619	0.00373	0.00291	0.02232
110	0.01173	0.01087	0.01453	0.01270	0.04693	0.05528	0.15833	0.06042	0.32283	0.01882	0.09996	0.02367	0.03454	0.00738	0.00551	0.00171	0.00515	0.09860	0.00429	0.00675
111	0.00607	0.00434	0.00578	0.00694	0.00723	0.00405	0.00463	0.00694	0.00954	0.01272	0.02747	0.82157	0.03297	0.01562	0.00636	0.00202	0.00289	0.01417	0.00463	0.00405
112	0.02177	0.00944	0.01216	0.00932	0.01320	0.00875	0.00770	0.15609	0.01587	0.66312	0.01832	0.01609	0.01166	0.00614	0.00501	0.00153	0.00446	0.00492	0.00596	0.00848
113	0.01202	0.06123	0.01593	0.02513	0.06690	0.11562	0.01083	0.01334	0.00891	0.01230	0.00711	0.01083	0.00676	0.00836	0.03247	0.00209	0.57809	0.00414	0.00226	0.00569
114	0.00671	0.00508	0.00619	0.00591	0.00724	0.00456	0.00444	0.00875	0.01331	0.01808	0.57475	0.04037	0.26457	0.01090	0.00588	0.00160	0.00240	0.00945	0.00524	0.00456
115	0.04023	0.01249	0.01384	0.01065	0.01454	0.01338	0.00879	0.58034	0.02083	0.19699	0.01360	0.01308	0.00932	0.00599	0.00492	0.00150	0.00511	0.00456	0.02152	0.00833
116	0.01452	0.01198	0.06615	0.03015	0.07369	0.04451	0.00912	0.29991	0.09421	0.09152	0.01525	0.10904	0.01317	0.06752	0.00663	0.00183	0.00513	0.01915	0.01948	0.00706
117	0.01151	0.01125	0.01478	0.01267	0.01309	0.04292	0.01049	0.06438	0.00897	0.01330	0.00735	0.01141	0.00702	0.01008	0.06112	0.00244	0.68481	0.00439	0.00242	0.00561
118	0.00605	0.00442	0.00570	0.00673	0.00717	0.00407	0.00453	0.00696	0.00974	0.01281	0.03001	0.73617	0.11673	0.01529	0.00631	0.00199	0.00285	0.01377	0.00463	0.00407
119	0.86003	0.00964	0.00733	0.00655	0.00964	0.01118	0.00540	0.01465	0.00848	0.02236	0.00694	0.00810	0.00540	0.00463	0.00308	0.00154	0.00386	0.00270	0.00308	0.00540
120	0.01178	0.00958	0.01063	0.00994	0.01241	0.01081	0.00797	0.05038	0.55493	0.03476	0.02144	0.02741	0.01816	0.00841	0.00551	0.00183	0.00416	0.18779	0.00497	0.00713
121	0.01221	0.01172	0.01876	0.06017	0.63093	0.03103	0.03064	0.03374	0.05010	0.01648	0.01189	0.01432	0.04556	0.00502	0.00500	0.00151	0.00581	0.00479	0.00275	0.00756
122	0.01200	0.50833	0.33400	0.01079	0.01629	0.01648	0.01247	0.01527	0.01029	0.01334	0.00773	0.00900	0.00636	0.00445	0.00381	0.00127	0.00614	0.00307	0.00212	0.00678
123	0.00602	0.00455	0.00557	0.00639	0.00708	0.00410	0.00438	0.00700	0.01008	0.01294	0.03421	0.59524	0.25495	0.01474	0.00622	0.00192	0.00278	0.01310	0.00463	0.00410
124	0.00593	0.00488	0.00523	0.00551	0.00685	0.00417	0.00399	0.00710	0.01092	0.01329	0.04494	0.23478	0.60849	0.01335	0.00600	0.00177	0.00261	0.01140	0.00463	0.00417
125	0.00763	0.00625	0.00915	0.00904	0.00991	0.01738	0.07398	0.00903	0.00978	0.01306	0.02244	0.43466	0.02565	0.09206	0.02737	0.00246	0.06425	0.15744	0.00402	0.00443
126	0.01801	0.20912	0.01672	0.01012	0.01409	0.01454	0.00869	0.38951	0.05672	0.19455	0.01286	0.01244	0.00916	0.00565	0.00456	0.00141	0.00510	0.00422	0.00456	0.00795
127	0.03935	0.04870	0.01256	0.00951	0.01311	0.01053	0.00780	0.13305	0.21932	0.42461	0.01780	0.01603	0.01209	0.00617	0.00489	0.00155	0.00438	0.00493	0.00544	0.00815
128	0.01148	0.21916	0.49596	0.01231	0.01817	0.08093	0.01450	0.01592	0.02843	0.01477	0.03887	0.01100	0.00812	0.00491	0.00439	0.00143	0.00674	0.00365	0.00235	0.00690
129	0.00729	0.00539	0.00749	0.00741	0.00800	0.00613	0.00543	0.00851	0.00777	0.01101	0.01382	0.02321	0.01396	0.27401	0.54162	0.00684	0.03940	0.00588	0.00276	0.00405
130	0.01034	0.00886	0.01034	0.00738	0.01181	0.00664	0.00591	0.01255	0.01034	0.01624	0.00886	0.01034	0.00738	0.00369	0.00369	0.00074	0.00369	0.00295	0.00295	0.85530
131	0.00900	0.00758	0.00878	0.00677	0.01020	0.00589	0.00532	0.01105	0.01108	0.01624	0.12894	0.02150	0.16546	0.00636	0.00443	0.00104	0.00327	0.00529	0.00364	0.56815
132	0.15506	0.07701	0.09844	0.06936	0.01597	0.02778	0.00979	0.33292	0.12642	0.02348	0.01131	0.01186	0.00837	0.00551	0.00451	0.00152	0.00533	0.00410	0.00391	0.00734
133	0.01533	0.16379	0.09365	0.01438	0.12477	0.11712	0.08296	0.14877	0.01395	0.11865	0.02757	0.01205	0.00876	0.00510	0.00463	0.00140	0.00615	0.00415	0.00339	0.03344
134	0.01291	0.11782	0.40490	0.01330	0.06348	0.01246	0.02906	0.08226	0.08299	0.10233	0.01121	0.01194	0.00812	0.00508	0.00465	0.00150	0.00617	0.00403	0.00311	0.02267
135	0.01338	0.00968	0.01084	0.00937	0.01191	0.01041	0.00731	0.31247	0.17068	0.06824	0.07224	0.22642	0.03710	0.00909	0.00544	0.00168	0.00415	0.00771	0.00501	0.00685
136	0.00672	0.00499	0.00695	0.00781	0.00834	0.00494	0.01710	0.00795	0.00982	0.01312	0.02582	0.61075	0.03019	0.01564	0.03513	0.00229	0.03035	0.15339	0.00444	0.00425
137	0.02092	0.00889	0.01163	0.00899	0.01268	0.00809	0.00740	0.11079	0.01532	0.65505	0.07148	0.01777	0.01426	0.00642	0.00507	0.00154	0.00426	0.00522	0.00599	0.00822
138	0.01313	0.08429	0.11348	0.17827	0.11487	0.05961	0.12389	0.16514	0.06643	0.01810	0.01027	0.01226	0.00780	0.00504	0.00490	0.00153	0.00651	0.00442	0.00303	0.00704
139	0.01597	0.01248	0.01328	0.01087	0.01432	0.01407	0.00875	0.43590	0.36950	0.02661	0.01575	0.01498	0.01154	0.00634	0.00503	0.00158	0.00478	0.00501	0.00503	0.00821
140	0.00617	0.00440	0.00574	0.00677	0.00706	0.00412	0.00447	0.00697	0.00938	0.01247	0.02696	0.73480	0.04887	0.08656	0.00802	0.00226	0.00305	0.01348	0.00449	0.00396
141	0.01086	0.01040	0.01835	0.02163	0.39003	0.01043	0.17129	0.02868	0.01105	0.01555	0.01327	0.17439	0.01297	0.00753	0.02133	0.00178	0.04618	0.00670	0.02093	0.00664
142	0.02236	0.00848	0.01157	0.00887	0.01272	0.00733	0.00733	0.02429	0.01427	0.79719	0.01966	0.01697	0.01234	0.00617	0.00501	0.00154	0.00424	0.00501	0.00617	0.00848
143	0.00660	0.00506	0.00604	0.00583	0.00717	0.00450	0.00436	0.00851	0.01298	0.01738	0.49611	0.05904	0.32591	0.01123	0.00589	0.00162	0.00243	0.00970	0.00515	0.00450
144	0.00625	0.00506	0.00555	0.00543	0.00695	0.00436	0.00407	0.00785	0.01221	0.01548	0.27980	0.04465	0.56114	0.01187	0.00589	0.00165	0.00247	0.01005	0.00489	0.00436
145	0.61764	0.00935	0.00847	0.00719	0.01043	0.01022	0.00592	0.03693	0.01030	0.20685	0.01033	0.01057	0.00731	0.00506	0.00360	0.00153	0.00395	0.00334	0.02480	0.00619
146	0.02112	0.00836	0.01115	0.00868	0.01233	0.00741	0.00713	0.02365	0.05054	0.71467	0.01949	0.01714	0.01250	0.00618	0.00493	0.00153	0.00411	0.00502	0.05584	0.00823
147	0.00605	0.00443	0.00569	0.00671	0.00717	0.00407	0.00452	0.00697	0.00977	0.01282	0.03030	0.72653	0.12618	0.01525	0.00630	0.00198	0.00285	0.01372	0.00463	0.00407
148	0.01444	0.01366	0.19296	0.01323	0.01757	0.01020	0.21041	0.04958	0.01205	0.25820	0.01326	0.01567	0.00984	0.09061	0.00794	0.00196	0.05256	0.00511	0.00370	0.00703
149	0.01196	0.20898	0.13281	0.19016	0.08513	0.02430	0.19901	0.06266	0.01153	0.01516	0.00893	0.01145	0.00698	0.00461	0.00473	0.00148	0.00676	0.00425	0.00245	0.00667
150	0.01780	0.01306	0.01395	0.01088	0.01458	0.01446	0.00893	0.67064	0.07327	0.02976	0.01284	0.01290	0.00924	0.00602	0.00488	0.00148	0.00515	0.00458	0.06743	0.00816
151	0.01892	0.01488	0.01488	0.01160	0.01545	0.08946	0.00949	0.70613	0.02256	0.02961	0.01157	0.01169	0.00828	0.00590	0.00494	0.00148	0.00581	0.00437	0.00476	0.00822
152	0.86003	0.00964	0.00733	0.00655	0.00964	0.01118	0.00540	0.01465	0.00848	0.02236	0.00694	0.00810	0.00540	0.00463	0.00308	0.00154	0.00386	0.00270	0.00308	0.00540
153	0.00996	0.20577	0.14380	0.01016	0.01368	0.01078	0.10279	0.04451	0.01200	0.01598	0.19109	0.06994	0.10437	0.00770	0.00509	0.00153	0.00490	0.03654	0.00357	0.00585
154	0.01055	0.06256	0.64910	0.01324	0.01973	0.01144	0.01643	0.01604	0.03818	0.04358	0.01086	0.01415	0.00843	0.00547	0.00483	0.00161	0.00684	0.05725	0.00253	0.00718
155	0.00972	0.00926	0.01592	0.72528	0.08728	0.01119	0.04537	0.01305	0.01014	0.01312	0.00895	0.01323	0.00677	0.00491	0.00502	0.00165	0.00667	0.00449	0.00225	0.00575
156	0.01974	0.00784	0.01028	0.00809	0.01142	0.00696	0.00662	0.03680	0.01370	0.62945	0.01884	0.01718	0.01235	0.00609	0.00471	0.00147	0.00389	0.00493	0.17190	0.00773
157	0.00772	0.00530	0.00625	0.00611	0.00642	0.00551	0.00381	0.03991	0.00805	0.01089	0.01517	0.02964	0.01680	0.66297	0.15067	0.00521	0.00624	0.00682	0.00305	0.00348
158	0.00783	0.00840	0.11926	0.00846	0.01018	0.00637	0.00714	0.05479	0.06104	0.01484	0.02379	0.57979	0.03790	0.01285	0.00597	0.00191	0.00378	0.02636	0.00432	0.00504
159	0.00725	0.00483	0.00544	0.00544	0.00544	0.00483	0.00302	0.00725	0.00725	0.00966	0.01571	0.03262	0.01812	0.82483	0.02537	0.00483	0.00483	0.00725	0.00302	0.00302
160	0.00675	0.00508	0.00624	0.00595	0.00726	0.00457	0.00446	0.00881	0.01338	0.01826	0.59504	0.04008	0.24418	0.01083	0.00588	0.00160	0.00240	0.00941	0.00526	0.00457
161	0.00941	0.00886	0.01495	0.81285	0.03433	0.01107	0.01384	0.01274	0.00997	0.01274	0.00886	0.01329	0.00664	0.00498	0.00498	0.00166	0.00664	0.00443	0.00221	0.00554
162	0.01333	0.82783	0.02612	0.00853	0.01279	0.01972	0.00853	0.01493	0.01013	0.01173	0.00693	0.00800	0.00640	0.00426	0.00320	0.00107	0.00533	0.00267	0.00213	0.00640
163	0.00720	0.00481	0.00545	0.00549	0.00550	0.00480	0.00308	0.00724	0.00734	0.00978	0.01615	0.06251	0.01868	0.79417	0.02465	0.00473	0.00476	0.00751	0.00308	0.00306
164	0.00610	0.00498	0.00540	0.00546	0.00691	0.00427	0.00403	0.00750	0.01162	0.01447	0.17077	0.13165	0.58440	0.01255	0.00594	0.00170	0.00254	0.01067	0.00477	0.00427
165	0.00904	0.00469	0.00483	0.00480	0.00591	0.00466	0.00355	0.01127	0.01059	0.01831	0.07323	0.02055	0.01552	0.04059	0.00458	0.00135	0.00243	0.00508	0.75445	0.00458
166	0.12655	0.01063	0.01082	0.00969	0.01257	0.01230	0.00759	0.04111	0.66387	0.02128	0.01831	0.01704	0.01375	0.00646	0.00480	0.00167	0.00397	0.00522	0.00480	0.00757
167	0.01168	0.01276	0.02719	0.04995	0.02506	0.01210	0.68424	0.01590	0.02721	0.03138	0.02765	0.03022	0.00913	0.00468	0.00582	0.00168	0.00792	0.00604	0.00274	0.00664
168	0.00635	0.00454	0.00611	0.00726	0.00768	0.00429	0.00512	0.00743	0.00982	0.01304	0.02732	0.71141	0.03235	0.01535	0.00644	0.00206	0.00314	0.12155	0.00462	0.00413
169	0.01865	0.02274	0.01421	0.01270	0.01541	0.72325	0.00961	0.09814	0.01509	0.01418	0.00815	0.00930	0.00663	0.00522	0.00455	0.00131	0.00863	0.00334	0.00282	0.00606
170	0.01176	0.01345	0.02941	0.02101	0.02605	0.01261	0.77563	0.01597	0.01176	0.01597	0.01008	0.01345	0.00756	0.00420	0.00588	0.00168	0.00840	0.00588	0.00252	0.00672
171	0.01079	0.01031	0.01781	0.33613	0.39214	0.01110	0.06257	0.01393	0.01102	0.01512	0.06263	0.01448	0.01006	0.00503	0.00508	0.00157	0.00612	0.00484	0.00258	0.00667
172	0.01333	0.82783	0.02612	0.00853	0.01279	0.01972	0.00853	0.01493	0.01013	0.01173	0.00693	0.00800	0.00640	0.00426	0.00320	0.00107	0.00533	0.00267	0.00213	0.00640
173	0.00649	0.00481	0.00614	0.00674	0.00756	0.00437	0.00478	0.00779	0.01066	0.01428	0.15612	0.52100	0.12806	0.01377	0.00615	0.00187	0.00288	0.05379	0.00470	0.03804
174	0.00956	0.01009	0.04167	0.00890	0.01007	0.18717	0.00676	0.01082	0.01036	0.01249	0.01926	0.39766	0.02171	0.08112	0.07404	0.00259	0.03403	0.05342	0.00367	0.00461
175	0.01146	0.29956	0.50537	0.01222	0.01834	0.04441	0.01471	0.01565	0.01052	0.01426	0.00821	0.00960	0.00635	0.00459	0.00420	0.00139	0.00673	0.00332	0.00213	0.00698
176	0.00660	0.00506	0.00636	0.00648	0.00755	0.00494	0.00481	0.00806	0.01025	0.01352	0.13986	0.13493	0.28403	0.07555	0.24516	0.00382	0.00598	0.02872	0.00406	0.00426
177	0.00815	0.00433	0.00635	0.00658	0.00664	0.00427	0.00439	0.00658	0.00709	0.00945	0.01234	0.17309	0.01342	0.01698	0.01691	0.68793	0.00405	0.00626	0.00265	0.00253
178	0.01352	0.06290	0.05724	0.06084	0.04618	0.17462	0.08561	0.05435	0.28937	0.01687	0.01270	0.01358	0.00985	0.00586	0.00584	0.00159	0.07410	0.00461	0.00346	0.00691
179	0.00747	0.00627	0.00705	0.00608	0.00854	0.00515	0.00469	0.00915	0.01103	0.01473	0.09407	0.03332	0.43199	0.01131	0.05980	0.00181	0.00362	0.00766	0.00404	0.27221

[dist]
# distance from previous block
# <min> <max>
0	1

[block]
# block no. 4 follows, 50 sequences, length 91
# corresponding to MSA columns:
# 972-1014,1017-1064
name=unknown_E
#
# <colnr> <probs for GDERKNQSTAVLIFYWHMCP>
#	G	D	E	R	K	N	Q	S	T	A	V	L	I	F	Y	W	H	M	C	P
0	0.03773	0.18638	0.26121	0.01298	0.03962	0.01242	0.14831	0.01618	0.03247	0.08823	0.03552	0.01217	0.00881	0.00480	0.00455	0.00141	0.00610	0.00414	0.00287	0.08412
1	0.01415	0.30170	0.13522	0.03538	0.05265	0.24465	0.10411	0.03237	0.01187	0.01362	0.00810	0.00974	0.00665	0.00464	0.00429	0.00132	0.00713	0.00353	0.00238	0.00649
2	0.01067	0.00885	0.01037	0.00742	0.01184	0.00666	0.00595	0.01288	0.01044	0.03782	0.00916	0.01052	0.00752	0.00376	0.00373	0.00076	0.00371	0.00301	0.00304	0.83190
3	0.00781	0.01015	0.18298	0.01053	0.06009	0.00682	0.03843	0.01041	0.02831	0.01419	0.05059	0.43528	0.05812	0.03791	0.00646	0.00194	0.00437	0.02655	0.00384	0.00522
4	0.06319	0.08920	0.23301	0.05776	0.04533	0.01175	0.26810	0.02963	0.01118	0.01624	0.04411	0.02993	0.02753	0.00522	0.00495	0.00155	0.00653	0.00499	0.04330	0.00650
5	0.00752	0.00573	0.00713	0.00770	0.00862	0.00586	0.00558	0.01109	0.15298	0.01493	0.08501	0.51891	0.02967	0.01422	0.03607	0.00217	0.00358	0.07367	0.00470	0.00487
6	0.00607	0.00434	0.00578	0.00694	0.00723	0.00405	0.00463	0.00694	0.00954	0.01272	0.02747	0.82157	0.03297	0.01562	0.00636	0.00202	0.00289	0.01417	0.00463	0.00405
7	0.02730	0.05705	0.14214	0.10598	0.26567	0.02516	0.16683	0.07299	0.04095	0.01680	0.01016	0.02829	0.00812	0.00493	0.00500	0.00155	0.00654	0.00471	0.00272	0.00713
8	0.01104	0.03760	0.42332	0.02829	0.11440	0.03729	0.22714	0.01571	0.01114	0.01574	0.02593	0.01205	0.00773	0.00467	0.00506	0.00158	0.00737	0.00447	0.00235	0.00710
9	0.00718	0.00561	0.00738	0.00690	0.00850	0.00535	0.03766	0.00886	0.01070	0.03922	0.10934	0.03559	0.41676	0.01952	0.25460	0.00364	0.00618	0.00838	0.00406	0.00458
10	0.00929	0.00465	0.00465	0.00465	0.00581	0.00465	0.00348	0.01161	0.01045	0.01858	0.01626	0.01858	0.01278	0.00581	0.00348	0.00116	0.00232	0.00465	0.85250	0.00465
11	0.01243	0.03299	0.10923	0.05399	0.32671	0.04157	0.22249	0.04476	0.04908	0.02791	0.01010	0.01258	0.00790	0.00473	0.00534	0.00156	0.02189	0.00473	0.00270	0.00729
12	0.01107	0.11771	0.46934	0.04529	0.04134	0.01269	0.18642	0.01577	0.01083	0.03075	0.00918	0.01115	0.00678	0.00459	0.00483	0.00154	0.00723	0.00413	0.00230	0.00707
13	0.01075	0.01060	0.01647	0.55339	0.22530	0.05961	0.02620	0.01387	0.01060	0.01365	0.00894	0.01279	0.00696	0.00484	0.00496	0.00159	0.00663	0.00438	0.00231	0.00617
14	0.16800	0.01372	0.01700	0.02200	0.45133	0.15963	0.04970	0.01631	0.02778	0.01671	0.00889	0.01113	0.00730	0.00464	0.00456	0.00147	0.00620	0.00399	0.00266	0.00699
15	0.00624	0.00445	0.00586	0.00691	0.00732	0.00415	0.00472	0.00710	0.00965	0.01274	0.02831	0.70908	0.08159	0.01539	0.00678	0.02986	0.00299	0.04829	0.00454	0.00402
16	0.56880	0.00978	0.00910	0.00758	0.01096	0.01063	0.00625	0.09153	0.01130	0.19831	0.01035	0.01053	0.00731	0.00509	0.00372	0.00152	0.00410	0.00340	0.00397	0.02577
17	0.01142	0.16979	0.60714	0.01283	0.01940	0.01277	0.01589	0.01619	0.01070	0.06664	0.00929	0.01049	0.00673	0.00474	0.00448	0.00148	0.00679	0.00359	0.00238	0.00726
18	0.01110	0.00805	0.00967	0.00734	0.01106	0.00632	0.00587	0.01324	0.01137	0.11329	0.10752	0.01789	0.06012	0.00559	0.00434	0.00104	0.00355	0.02497	0.00380	0.57386
