[name]
unknown

[dist]
# distance from previous block
# <min> <max>
0	422

[block]
# block no. 0 follows, 48 sequences, length 77
# corresponding to MSA columns:
# 424-500
name=unknown_A
#
# <colnr> <probs for GDERKNQSTAVLIFYWHMCP>
#	G	D	E	R	K	N	Q	S	T	A	V	L	I	F	Y	W	H	M	C	P
0	0.01264	0.56568	0.09716	0.00939	0.01346	0.05727	0.00940	0.01482	0.01118	0.01357	0.08549	0.01503	0.01233	0.00578	0.00406	0.00130	0.00553	0.05681	0.00274	0.00634
1	0.00675	0.00507	0.00607	0.00609	0.00718	0.00459	0.00435	0.00831	0.01210	0.01612	0.35195	0.17079	0.26512	0.10241	0.00838	0.00210	0.00285	0.01043	0.00495	0.00438
2	0.01449	0.08356	0.47451	0.01231	0.01846	0.01112	0.01435	0.01880	0.01198	0.25452	0.01244	0.01266	0.00844	0.00527	0.00481	0.00155	0.00634	0.00411	0.00348	0.02678
3	0.01391	0.01323	0.01872	0.12137	0.54003	0.11756	0.01422	0.01670	0.01210	0.06861	0.01008	0.01268	0.00808	0.00486	0.00503	0.00152	0.00649	0.00444	0.00278	0.00758
4	0.00640	0.00503	0.00581	0.00621	0.00734	0.00449	0.00443	0.00793	0.02650	0.01445	0.12278	0.35052	0.39213	0.01382	0.00624	0.00186	0.00276	0.01204	0.00487	0.00440
5	0.00751	0.00534	0.00582	0.00570	0.00626	0.00517	0.00352	0.03230	0.00905	0.01165	0.02490	0.03679	0.20793	0.59374	0.02048	0.00406	0.00441	0.00820	0.00358	0.00359
6	0.14161	0.18775	0.01489	0.00975	0.01265	0.17470	0.00813	0.10818	0.01284	0.06567	0.02665	0.01275	0.03389	0.00599	0.00547	0.00146	0.08920	0.00400	0.07810	0.00633
7	0.07475	0.72121	0.02470	0.00865	0.01293	0.01899	0.00848	0.01585	0.01053	0.05414	0.00783	0.00873	0.00683	0.00452	0.00338	0.00116	0.00532	0.00287	0.00249	0.00662
8	0.00625	0.00447	0.00595	0.00714	0.00744	0.00417	0.00476	0.00714	0.00982	0.01310	0.02828	0.81633	0.03394	0.01608	0.00655	0.00208	0.00298	0.01459	0.00476	0.00417
9	0.01053	0.08088	0.74080	0.01423	0.02159	0.01249	0.01826	0.01619	0.01081	0.01596	0.00907	0.01066	0.00651	0.00484	0.00477	0.00159	0.00744	0.00372	0.00217	0.00752
10	0.01951	0.01437	0.01540	0.01181	0.01591	0.01591	0.00975	0.77056	0.02412	0.03234	0.01232	0.01232	0.00873	0.00616	0.00513	0.00154	0.00565	0.00462	0.00513	0.00873
11	0.01887	0.02244	0.01444	0.01296	0.01550	0.68942	0.00985	0.02022	0.01408	0.06568	0.00869	0.00995	0.00703	0.00562	0.00553	0.00141	0.06581	0.00352	0.00287	0.00611
12	0.01379	0.07066	0.02078	0.01550	0.01918	0.23730	0.32886	0.05164	0.01319	0.01551	0.01378	0.01947	0.04944	0.00638	0.00555	0.00164	0.00766	0.10027	0.00308	0.00629
13	0.01178	0.01114	0.01071	0.00994	0.01223	0.14067	0.02026	0.03197	0.30103	0.01761	0.07438	0.14249	0.03554	0.00900	0.00554	0.00172	0.00478	0.09440	0.00450	0.06031
14	0.01046	0.12513	0.07263	0.01247	0.06619	0.01096	0.09047	0.01256	0.01004	0.04995	0.01468	0.22015	0.01500	0.01284	0.11240	0.00265	0.14524	0.00713	0.00320	0.00584
15	0.01026	0.04659	0.50838	0.18440	0.02342	0.01178	0.01618	0.01590	0.06517	0.01566	0.01084	0.04968	0.00851	0.00559	0.00498	0.00166	0.00689	0.00457	0.00253	0.00702
16	0.01226	0.01227	0.01115	0.00982	0.01190	0.25212	0.06089	0.04177	0.03858	0.01742	0.26708	0.02186	0.02229	0.00946	0.06099	0.00194	0.00594	0.00598	0.13072	0.00555
17	0.01119	0.23520	0.59230	0.01309	0.01984	0.01411	0.01629	0.01602	0.01073	0.01515	0.00866	0.01015	0.00652	0.00475	0.00446	0.00149	0.00703	0.00352	0.00217	0.00732
18	0.01086	0.02596	0.72174	0.01436	0.02146	0.06768	0.01803	0.01642	0.01117	0.01608	0.02496	0.01128	0.00736	0.00502	0.00488	0.00160	0.00760	0.00387	0.00227	0.00741
19	0.01940	0.00964	0.01143	0.00913	0.01249	0.06179	0.00738	0.08868	0.01549	0.52137	0.16612	0.02046	0.01881	0.00706	0.00529	0.00157	0.00444	0.00578	0.00585	0.00779
20	0.01270	0.01219	0.02083	0.03149	0.78767	0.01219	0.01575	0.01575	0.01168	0.01676	0.00965	0.01270	0.00813	0.00457	0.00508	0.00152	0.00610	0.00457	0.00254	0.00813
21	0.01072	0.01020	0.01716	0.53388	0.20545	0.01176	0.05418	0.01486	0.06311	0.01469	0.01011	0.01384	0.00779	0.00508	0.00517	0.00167	0.00658	0.00473	0.00256	0.00649
22	0.01232	0.01300	0.07530	0.08404	0.68119	0.01212	0.01587	0.01560	0.01152	0.01647	0.00958	0.01263	0.00792	0.00463	0.00507	0.00154	0.00625	0.00452	0.00250	0.00792
23	0.00657	0.00460	0.00586	0.00674	0.00696	0.00438	0.00433	0.00723	0.00920	0.01227	0.02511	0.61120	0.02993	0.22667	0.01168	0.00284	0.00350	0.01272	0.00433	0.00389
24	0.01077	0.00845	0.01269	0.01021	0.01278	0.04407	0.16978	0.01333	0.01363	0.11960	0.37983	0.03049	0.13519	0.00872	0.00587	0.00164	0.00436	0.00798	0.00482	0.00578
25	0.01041	0.05391	0.76676	0.01442	0.02190	0.01220	0.01861	0.01622	0.01082	0.01611	0.00914	0.01074	0.00650	0.00486	0.00482	0.00161	0.00751	0.00376	0.00217	0.00755
26	0.00776	0.00603	0.00799	0.00797	0.00913	0.00599	0.03177	0.06034	0.01145	0.01518	0.08203	0.38607	0.16865	0.01613	0.09145	0.00262	0.02545	0.05474	0.00449	0.00477
27	0.00731	0.00491	0.00564	0.00579	0.00583	0.00487	0.00332	0.00742	0.00776	0.01035	0.01771	0.13318	0.02060	0.71742	0.02363	0.00461	0.00472	0.00837	0.00332	0.00324
28	0.07332	0.01118	0.01209	0.01022	0.01355	0.01237	0.00815	0.16486	0.45438	0.15526	0.01824	0.01684	0.01317	0.00656	0.00505	0.00167	0.00440	0.00526	0.00526	0.00816
29	0.01441	0.01358	0.02384	0.01853	0.07444	0.01360	0.43845	0.26726	0.01600	0.02164	0.01159	0.04084	0.00902	0.00536	0.00570	0.00166	0.00728	0.00577	0.00351	0.00751
30	0.01503	0.01551	0.01248	0.01117	0.01399	0.28266	0.00859	0.07638	0.41497	0.01870	0.01775	0.01713	0.05974	0.00670	0.00506	0.00158	0.00587	0.00517	0.00430	0.00718
31	0.01212	0.01160	0.01978	0.18022	0.64345	0.01204	0.01546	0.01524	0.01141	0.01606	0.00955	0.01289	0.00788	0.00468	0.00509	0.00156	0.00624	0.00457	0.00249	0.00766
32	0.01079	0.14341	0.68063	0.01377	0.02088	0.01315	0.01746	0.01612	0.01077	0.01564	0.00890	0.01045	0.00651	0.00480	0.00464	0.00155	0.00728	0.00364	0.00217	0.00744
33	0.01475	0.01344	0.02162	0.01601	0.02049	0.01370	0.36385	0.28503	0.11729	0.02275	0.01239	0.01385	0.00915	0.00530	0.00551	0.00162	0.00675	0.00537	0.00386	0.04725
34	0.00891	0.00446	0.00668	0.00668	0.00668	0.00446	0.00446	0.00668	0.00668	0.00891	0.00891	0.01560	0.00891	0.01783	0.02005	0.85071	0.00446	0.00446	0.00223	0.00223
35	0.00827	0.00577	0.00723	0.00708	0.00860	0.00500	0.00506	0.00962	0.01072	0.06293	0.09155	0.45254	0.08150	0.05004	0.00677	0.00187	0.00324	0.01072	0.00453	0.16696
36	0.01139	0.00616	0.00818	0.00716	0.00909	0.00555	0.00555	0.01370	0.01457	0.22253	0.58456	0.03286	0.03906	0.00941	0.00582	0.00161	0.00293	0.00820	0.00583	0.00586
37	0.01154	0.01149	0.01573	0.09435	0.03045	0.10077	0.13530	0.01375	0.01013	0.01421	0.00987	0.01364	0.00841	0.00943	0.07968	0.00235	0.29144	0.00473	0.12447	0.01825
38	0.12932	0.01152	0.00943	0.00882	0.01045	0.22550	0.00655	0.04023	0.01054	0.01420	0.01182	0.01816	0.01125	0.19512	0.24096	0.00419	0.00850	0.00489	0.03363	0.00492
39	0.00814	0.00582	0.00813	0.00931	0.01043	0.00580	0.00805	0.01041	0.01169	0.01522	0.02724	0.10485	0.02980	0.01429	0.00705	0.00235	0.00462	0.70739	0.00473	0.00469
40	0.00742	0.00536	0.00724	0.00823	0.00918	0.00518	0.00664	0.00925	0.01137	0.01491	0.08099	0.29080	0.08588	0.01443	0.00678	0.00218	0.00388	0.42095	0.00480	0.00453
41	0.01204	0.43243	0.40250	0.01165	0.01760	0.01619	0.01377	0.01580	0.01063	0.01412	0.00815	0.00951	0.00654	0.00463	0.00407	0.00136	0.00651	0.00326	0.00218	0.00707
42	0.00733	0.00550	0.00825	0.00825	0.00916	0.00641	0.00641	0.00916	0.00825	0.01191	0.01374	0.02016	0.01283	0.03848	0.79934	0.00825	0.01374	0.00550	0.00275	0.00458
43	0.00741	0.00518	0.00665	0.00665	0.00701	0.00555	0.00442	0.00814	0.00777	0.01073	0.01521	0.02825	0.01634	0.50957	0.33306	0.00627	0.00846	0.00668	0.00297	0.00369
44	0.15101	0.00679	0.00746	0.00703	0.00864	0.00701	0.00518	0.06502	0.01073	0.09003	0.02050	0.17157	0.09578	0.17919	0.09181	0.00305	0.00491	0.00755	0.06169	0.00504
45	0.01250	0.01270	0.02114	0.02479	0.43898	0.04035	0.15647	0.01552	0.02467	0.01570	0.00931	0.01260	0.00785	0.00553	0.00775	0.00171	0.17778	0.00481	0.00254	0.00729
46	0.01276	0.01102	0.01160	0.01044	0.01334	0.01276	0.00812	0.02727	0.77840	0.02146	0.02088	0.01914	0.01566	0.00696	0.00522	0.00174	0.00406	0.00580	0.00522	0.00812
47	0.52019	0.01311	0.01058	0.00897	0.01232	0.12235	0.00726	0.21382	0.01358	0.02401	0.00861	0.00951	0.00653	0.00520	0.00389	0.00154	0.00514	0.00333	0.00361	0.00644
48	0.01951	0.01437	0.01540	0.01181	0.01591	0.01591	0.00975	0.77056	0.02412	0.03234	0.01232	0.01232	0.00873	0.00616	0.00513	0.00154	0.00565	0.00462	0.00513	0.00873
49	0.00968	0.00818	0.01386	0.01119	0.01388	0.00766	0.22585	0.01261	0.03717	0.07062	0.15574	0.06416	0.21801	0.01142	0.06240	0.00222	0.00544	0.06000	0.00427	0.00564
50	0.00969	0.00912	0.01539	0.80734	0.03534	0.01140	0.01425	0.01311	0.01026	0.01311	0.00912	0.01368	0.00684	0.00513	0.00513	0.00171	0.00684	0.00456	0.00228	0.00570
51	0.00612	0.00520	0.00528	0.00526	0.00697	0.00436	0.00394	0.00747	0.01183	0.01418	0.08631	0.04886	0.75106	0.01288	0.00606	0.00173	0.00259	0.01076	0.00481	0.00436
52	0.00711	0.00519	0.00665	0.00702	0.00800	0.00486	0.00531	0.00887	0.01204	0.01619	0.30745	0.21453	0.13544	0.07030	0.00781	0.00213	0.00324	0.16843	0.00496	0.00448
53	0.01091	0.17073	0.65434	0.01357	0.02057	0.01344	0.01711	0.01609	0.01076	0.01549	0.00883	0.01036	0.00652	0.00479	0.00459	0.00153	0.00720	0.00360	0.00217	0.00740
54	0.00687	0.00523	0.00631	0.00604	0.00742	0.00467	0.00453	0.00892	0.01359	0.01836	0.54285	0.04198	0.29191	0.01132	0.00606	0.00165	0.00248	0.00979	0.00536	0.00467
55	0.00633	0.00452	0.00604	0.00723	0.00756	0.00423	0.00489	0.00727	0.00990	0.01318	0.02824	0.78867	0.03378	0.01601	0.00657	0.00209	0.00304	0.04152	0.00476	0.00419
56	0.00719	0.00524	0.00676	0.00638	0.00762	0.00481	0.00478	0.00954	0.01435	0.02016	0.73956	0.03901	0.09407	0.01064	0.00605	0.00162	0.00243	0.00938	0.00559	0.00481
57	0.01259	0.01208	0.02063	0.05941	0.76059	0.01216	0.01569	0.01565	0.01163	0.01663	0.00963	0.01273	0.00808	0.00459	0.00508	0.00153	0.00612	0.00457	0.00253	0.00804
58	0.01417	0.00677	0.00907	0.00763	0.01005	0.00603	0.00603	0.01640	0.01460	0.35853	0.44961	0.02918	0.03275	0.00867	0.00566	0.00160	0.00327	0.00747	0.00596	0.00655
59	0.01213	0.01379	0.02997	0.02195	0.05160	0.01295	0.74449	0.01641	0.01210	0.01645	0.01036	0.01380	0.00780	0.00433	0.00602	0.00172	0.00857	0.00601	0.00259	0.00696
60	0.04513	0.01176	0.01549	0.01271	0.04810	0.06448	0.14176	0.04572	0.18102	0.16515	0.01393	0.01436	0.01026	0.00553	0.00542	0.00149	0.03732	0.00476	0.00407	0.17156
61	0.01064	0.00912	0.01064	0.00760	0.01216	0.00684	0.00608	0.01292	0.01064	0.01672	0.00912	0.01064	0.00760	0.00380	0.00380	0.00076	0.00380	0.00304	0.00304	0.85104
62	0.01123	0.01123	0.01572	0.01347	0.01347	0.01572	0.01123	0.01235	0.00786	0.01235	0.00674	0.01123	0.00674	0.00898	0.01684	0.00225	0.81028	0.00449	0.00225	0.00561
63	0.01372	0.82276	0.02689	0.00878	0.01317	0.02030	0.00878	0.01536	0.01043	0.01207	0.00713	0.00823	0.00658	0.00439	0.00329	0.00110	0.00549	0.00274	0.00219	0.00658
64	0.34682	0.01021	0.01300	0.01450	0.21496	0.01072	0.06048	0.05935	0.01162	0.06105	0.06759	0.01579	0.06450	0.00585	0.00451	0.00158	0.00473	0.00477	0.02144	0.00652
65	0.00904	0.00797	0.00978	0.00920	0.00987	0.06443	0.00705	0.01032	0.00846	0.01167	0.01230	0.02010	0.01222	0.18330	0.42245	0.00582	0.18321	0.00551	0.00270	0.00461
66	0.00607	0.00517	0.00522	0.00526	0.00695	0.00433	0.00393	0.00736	0.01163	0.01383	0.05117	0.07574	0.75975	0.01310	0.00608	0.00174	0.00261	0.01096	0.00476	0.00433
67	0.00741	0.00495	0.00561	0.00567	0.00568	0.00494	0.00319	0.00745	0.00757	0.01010	0.01673	0.07024	0.01937	0.78204	0.02520	0.00484	0.00488	0.00780	0.00319	0.00316
68	0.01411	0.76606	0.02601	0.00909	0.01336	0.07562	0.00886	0.01573	0.01072	0.01211	0.00719	0.00830	0.00659	0.00445	0.00339	0.00111	0.00575	0.00278	0.00223	0.00654
69	0.01021	0.00964	0.01608	0.55459	0.22541	0.01112	0.01393	0.01339	0.01072	0.01409	0.01218	0.01587	0.06032	0.00552	0.00518	0.00166	0.00636	0.00499	0.00252	0.00623
70	0.00631	0.00458	0.00595	0.00692	0.00741	0.00423	0.00469	0.00734	0.01032	0.01369	0.08310	0.69436	0.10135	0.01541	0.00647	0.00202	0.00290	0.01388	0.00482	0.00423
71	0.01684	0.28958	0.01931	0.01082	0.01494	0.01533	0.06276	0.23683	0.10527	0.16001	0.01284	0.01276	0.00946	0.00555	0.00458	0.00143	0.00539	0.00432	0.00418	0.00780
72	0.01234	0.38298	0.30765	0.01338	0.07232	0.01555	0.06479	0.01588	0.01096	0.03092	0.02477	0.01071	0.00775	0.00475	0.00429	0.00139	0.00643	0.00367	0.00240	0.00709
73	0.00917	0.00488	0.00669	0.06073	0.00842	0.00503	0.00485	0.00876	0.00820	0.01238	0.01136	0.01657	0.01009	0.01327	0.01391	0.52842	0.00398	0.00456	0.26546	0.00326
74	0.00620	0.00466	0.00576	0.00663	0.00731	0.00421	0.00454	0.00720	0.01031	0.01330	0.03449	0.61534	0.23092	0.01527	0.00642	0.00199	0.00288	0.01360	0.00476	0.00421
75	0.01214	0.01202	0.01981	0.23335	0.50405	0.04510	0.06861	0.01530	0.01146	0.01561	0.00949	0.01289	0.00770	0.00473	0.00514	0.00158	0.00660	0.00462	0.00248	0.00731
76	0.05909	0.01332	0.07320	0.01479	0.05041	0.03880	0.23759	0.14971	0.15337	0.06114	0.01437	0.07249	0.01168	0.00636	0.00542	0.00169	0.00617	0.01920	0.00391	0.00730

[dist]
# distance from previous block
# <min> <max>
0	4

[block]
# block no. 1 follows, 48 sequences, length 36
# corresponding to MSA columns:
# 505-540
name=unknown_B
#
# <colnr> <probs for GDERKNQSTAVLIFYWHMCP>
#	G	D	E	R	K	N	Q	S	T	A	V	L	I	F	Y	W	H	M	C	P
0	0.01362	0.01270	0.01592	0.01310	0.01509	0.10256	0.10500	0.14252	0.04550	0.04579	0.01084	0.03955	0.00945	0.03465	0.06176	0.00238	0.31481	0.00514	0.00325	0.00638
1	0.01099	0.01045	0.01774	0.47188	0.36063	0.01174	0.01490	0.01425	0.01088	0.01469	0.00935	0.01326	0.00740	0.00489	0.00511	0.00163	0.00652	0.00457	0.00239	0.00675
2	0.00894	0.00677	0.00829	0.06279	0.01094	0.00691	0.00624	0.01351	0.17078	0.05117	0.28460	0.13496	0.16482	0.01051	0.00588	0.00176	0.00334	0.03717	0.00505	0.00556
3	0.01119	0.01195	0.01907	0.01571	0.05781	0.10641	0.34346	0.01387	0.01153	0.01495	0.01502	0.24367	0.01514	0.00789	0.00603	0.00171	0.02361	0.00783	0.00325	0.06989
4	0.12542	0.01009	0.01212	0.00941	0.01331	0.00983	0.00777	0.18370	0.01597	0.53329	0.01692	0.01523	0.01096	0.00611	0.00491	0.00158	0.00459	0.00475	0.00570	0.00834
5	0.00625	0.00447	0.00595	0.00714	0.00744	0.00417	0.00476	0.00714	0.00982	0.01310	0.02828	0.81633	0.03394	0.01608	0.00655	0.00208	0.00298	0.01459	0.00476	0.00417
6	0.01480	0.01554	0.01733	0.01512	0.06881	0.22277	0.16998	0.07828	0.28691	0.01833	0.01349	0.01426	0.01035	0.00578	0.00549	0.00161	0.02517	0.00499	0.00373	0.00728
7	0.00676	0.00485	0.00641	0.00708	0.00775	0.00455	0.00505	0.00822	0.01135	0.01541	0.24722	0.48343	0.05458	0.03422	0.00693	0.00204	0.00302	0.08178	0.00497	0.00439
8	0.00724	0.00488	0.00566	0.00589	0.00594	0.00482	0.00342	0.00740	0.00790	0.01054	0.01843	0.17998	0.02151	0.66937	0.02246	0.00443	0.00460	0.00879	0.00342	0.00331
9	0.31198	0.00735	0.00667	0.00614	0.00814	0.00803	0.00474	0.06994	0.01074	0.02057	0.01322	0.03599	0.01110	0.07607	0.00558	0.00171	0.00344	0.00453	0.38886	0.00520
10	0.00877	0.00735	0.01024	0.00909	0.00947	0.00856	0.05857	0.00946	0.00808	0.01133	0.01397	0.08499	0.01563	0.46937	0.02058	0.00375	0.23664	0.00705	0.00295	0.00417
11	0.00644	0.00521	0.00571	0.00559	0.00716	0.00449	0.00419	0.00808	0.01257	0.01594	0.27919	0.04595	0.55708	0.01222	0.00606	0.00170	0.00254	0.01035	0.00504	0.00449
12	0.00683	0.00523	0.00626	0.00600	0.00740	0.00466	0.00450	0.00884	0.01350	0.01814	0.51876	0.04234	0.31614	0.01140	0.00606	0.00166	0.00249	0.00984	0.00533	0.00466
13	0.01046	0.01048	0.01931	0.52093	0.03114	0.01151	0.23066	0.01405	0.01082	0.01434	0.00948	0.01350	0.00717	0.00480	0.00530	0.00164	0.00713	0.00487	0.00243	0.06999
14	0.01236	0.01259	0.01769	0.21614	0.34941	0.10042	0.01375	0.01489	0.01082	0.01444	0.00870	0.01224	0.00734	0.00574	0.00759	0.00170	0.18060	0.00441	0.00242	0.00674
15	0.01173	0.01228	0.01650	0.24228	0.02095	0.10155	0.06439	0.01376	0.00959	0.01287	0.00781	0.01189	0.00682	0.00714	0.01137	0.00195	0.43455	0.00449	0.00232	0.00577
16	0.01064	0.00912	0.01064	0.00760	0.01216	0.00684	0.00608	0.01292	0.01064	0.01672	0.00912	0.01064	0.00760	0.00380	0.00380	0.00076	0.00380	0.00304	0.00304	0.85104
17	0.01114	0.00938	0.01019	0.00962	0.01187	0.01062	0.00728	0.02224	0.58649	0.01938	0.02273	0.21820	0.02023	0.00924	0.00555	0.00183	0.00379	0.00799	0.00511	0.00713
18	0.00891	0.00446	0.00668	0.00668	0.00668	0.00446	0.00446	0.00668	0.00668	0.00891	0.00891	0.01560	0.00891	0.01783	0.02005	0.85071	0.00446	0.00446	0.00223	0.00223
19	0.00625	0.00447	0.00595	0.00714	0.00744	0.00417	0.00476	0.00714	0.00982	0.01310	0.02828	0.81633	0.03394	0.01608	0.00655	0.00208	0.00298	0.01459	0.00476	0.00417
20	0.00808	0.00638	0.00878	0.00837	0.00883	0.00766	0.00626	0.00921	0.00793	0.01138	0.01322	0.02273	0.01354	0.27790	0.41402	0.00612	0.15657	0.00593	0.00277	0.00431
21	0.01270	0.01219	0.02083	0.03149	0.78767	0.01219	0.01575	0.01575	0.01168	0.01676	0.00965	0.01270	0.00813	0.00457	0.00508	0.00152	0.00610	0.00457	0.00254	0.00813
22	0.00676	0.00523	0.00617	0.00593	0.00736	0.00463	0.00445	0.00872	0.01335	0.01778	0.47975	0.04293	0.35536	0.01153	0.00606	0.00166	0.00249	0.00992	0.00528	0.00463
23	0.25342	0.01912	0.45370	0.01148	0.01700	0.01137	0.01331	0.01629	0.06854	0.01889	0.06318	0.01265	0.00982	0.00539	0.00449	0.00162	0.00592	0.00403	0.00293	0.00685
24	0.01540	0.01424	0.01755	0.02213	0.42206	0.14145	0.01266	0.13615	0.08958	0.06147	0.01147	0.01297	0.00896	0.00527	0.00503	0.00152	0.00625	0.00452	0.00343	0.00790
25	0.01123	0.01123	0.01572	0.01347	0.01347	0.01572	0.01123	0.01235	0.00786	0.01235	0.00674	0.01123	0.00674	0.00898	0.01684	0.00225	0.81028	0.00449	0.00225	0.00561
26	0.06876	0.01008	0.01743	0.46468	0.02833	0.01105	0.18505	0.01376	0.01060	0.01490	0.01000	0.04343	0.00807	0.00521	0.00513	0.00163	0.00662	0.00501	0.00258	0.08767
27	0.00634	0.00450	0.00593	0.00704	0.00731	0.00422	0.00465	0.00717	0.00966	0.01288	0.02744	0.76216	0.03288	0.07168	0.00790	0.00228	0.00312	0.01409	0.00465	0.00409
28	0.00664	0.00510	0.00584	0.00581	0.00716	0.00448	0.00427	0.00796	0.01200	0.01536	0.25785	0.09672	0.46286	0.01285	0.00715	0.06593	0.00271	0.01016	0.00483	0.00431
29	0.01289	0.01254	0.02065	0.03097	0.76549	0.03481	0.01558	0.01588	0.01177	0.01664	0.00960	0.01260	0.00808	0.00459	0.00507	0.00152	0.00619	0.00454	0.00254	0.00806
30	0.01509	0.49462	0.08196	0.01017	0.01467	0.01808	0.00982	0.23421	0.04577	0.01864	0.00935	0.01006	0.00757	0.00504	0.00403	0.00129	0.00564	0.00349	0.00317	0.00734
31	0.00711	0.00523	0.00672	0.00684	0.00798	0.00484	0.00522	0.00914	0.01305	0.01779	0.46136	0.15546	0.14344	0.01220	0.00628	0.00181	0.00287	0.12275	0.00526	0.00466
32	0.00675	0.00468	0.00581	0.00651	0.00668	0.00450	0.00408	0.00728	0.00885	0.01180	0.02328	0.49341	0.02763	0.34760	0.01462	0.00328	0.00380	0.01165	0.00408	0.00373
33	0.01253	0.01359	0.07822	0.04314	0.58499	0.04473	0.01515	0.01550	0.01122	0.01592	0.00917	0.01225	0.00774	0.00519	0.00653	0.00162	0.10795	0.00445	0.00247	0.00763
34	0.00681	0.00482	0.00697	0.00763	0.00808	0.00454	0.03365	0.00744	0.00951	0.01270	0.02516	0.68479	0.02979	0.01585	0.00824	0.10929	0.00338	0.01298	0.00436	0.00403
35	0.01011	0.00735	0.00872	0.00854	0.00995	0.00758	0.00627	0.22673	0.01398	0.01868	0.02367	0.56855	0.02659	0.01318	0.00615	0.00193	0.00378	0.02787	0.00487	0.00549

[dist]
# distance from previous block
# <min> <max>
0	3

[block]
# block no. 2 follows, 48 sequences, length 47
# corresponding to MSA columns:
# 544-590
name=unknown_C
#
# <colnr> <probs for GDERKNQSTAVLIFYWHMCP>
#	G	D	E	R	K	N	Q	S	T	A	V	L	I	F	Y	W	H	M	C	P
0	0.01144	0.01216	0.10242	0.02087	0.38847	0.01084	0.01305	0.01670	0.14822	0.01722	0.01557	0.02387	0.01413	0.00721	0.00554	0.00176	0.00559	0.17417	0.00347	0.00730
1	0.01066	0.01023	0.01109	0.01008	0.01145	0.09545	0.00800	0.01471	0.16010	0.01598	0.15415	0.05464	0.12048	0.00953	0.00904	0.00187	0.24547	0.04733	0.00402	0.00573
2	0.01029	0.02654	0.79309	0.01462	0.02221	0.01192	0.01896	0.01625	0.01083	0.01625	0.00921	0.01083	0.00650	0.00487	0.00487	0.00162	0.00758	0.00379	0.00217	0.00758
3	0.01187	0.01188	0.04422	0.22590	0.57408	0.01198	0.01547	0.01510	0.01130	0.01583	0.00950	0.01289	0.00775	0.00472	0.00509	0.00157	0.00633	0.00454	0.00246	0.00750
4	0.01219	0.47233	0.33864	0.03676	0.01756	0.01660	0.01310	0.01565	0.01059	0.01381	0.00804	0.00947	0.00656	0.00461	0.00400	0.00133	0.00638	0.00323	0.00219	0.00696
5	0.00619	0.00520	0.00538	0.00533	0.00701	0.00439	0.00400	0.00761	0.01200	0.01459	0.13121	0.04819	0.70590	0.01272	0.00606	0.00172	0.00258	0.01066	0.00486	0.00439
6	0.00924	0.00734	0.00839	0.00769	0.00960	0.00759	0.00589	0.04514	0.24420	0.02035	0.41928	0.03310	0.14253	0.00961	0.00577	0.00167	0.00307	0.00827	0.00537	0.00591
7	0.01224	0.01003	0.01164	0.00866	0.01282	0.00883	0.02521	0.18870	0.01393	0.02004	0.01453	0.01530	0.09196	0.00536	0.00441	0.00107	0.00422	0.00432	0.00370	0.54303
8	0.00647	0.00459	0.00600	0.00692	0.00726	0.00431	0.00459	0.00740	0.00999	0.01342	0.09422	0.66258	0.03357	0.10244	0.00862	0.00235	0.00314	0.01334	0.00466	0.00411
9	0.00756	0.00562	0.00715	0.00789	0.00912	0.00537	0.00656	0.00941	0.01139	0.01445	0.03331	0.05328	0.24556	0.08542	0.00848	0.00241	0.00414	0.47382	0.00459	0.00447
10	0.01942	0.01701	0.01517	0.01218	0.01590	0.22082	0.00979	0.57431	0.02162	0.02716	0.01117	0.01152	0.00817	0.00593	0.00500	0.00148	0.00659	0.00428	0.00448	0.00800
11	0.11305	0.00886	0.01144	0.00887	0.01276	0.00797	0.00733	0.02393	0.01404	0.70818	0.01883	0.01648	0.01193	0.00618	0.00495	0.00159	0.00432	0.00490	0.00601	0.00839
12	0.00654	0.00469	0.00621	0.00695	0.00751	0.00436	0.00479	0.00787	0.01117	0.01524	0.24545	0.59303	0.03809	0.01447	0.00641	0.00195	0.00282	0.01306	0.00502	0.00436
13	0.00625	0.00447	0.00595	0.00714	0.00744	0.00417	0.00476	0.00714	0.00982	0.01310	0.02828	0.81633	0.03394	0.01608	0.00655	0.00208	0.00298	0.01459	0.00476	0.00417
14	0.01131	0.00546	0.00583	0.00544	0.00701	0.00536	0.00418	0.03182	0.01152	0.10551	0.01702	0.01878	0.01299	0.00602	0.00380	0.00125	0.00269	0.00482	0.73387	0.00532
15	0.00617	0.00520	0.00535	0.00531	0.00700	0.00438	0.00398	0.00757	0.01195	0.01446	0.11712	0.04840	0.72007	0.01277	0.00606	0.00172	0.00258	0.01069	0.00484	0.00438
16	0.00606	0.00520	0.00520	0.00520	0.00693	0.00433	0.00390	0.00736	0.01170	0.01386	0.05198	0.04938	0.78558	0.01299	0.00606	0.00173	0.00260	0.01083	0.00476	0.00433
17	0.01377	0.24436	0.01640	0.01011	0.01357	0.01527	0.00849	0.10419	0.47645	0.01994	0.01601	0.01527	0.01231	0.00614	0.00466	0.00153	0.00464	0.00480	0.00434	0.00775
18	0.00625	0.00447	0.00595	0.00714	0.00744	0.00417	0.00476	0.00714	0.00982	0.01310	0.02828	0.81633	0.03394	0.01608	0.00655	0.00208	0.00298	0.01459	0.00476	0.00417
19	0.00643	0.00459	0.00616	0.00735	0.00773	0.00432	0.00507	0.00745	0.01000	0.01330	0.02818	0.74892	0.03355	0.01591	0.00660	0.00211	0.00313	0.08022	0.00476	0.00422
20	0.01064	0.00912	0.01064	0.00760	0.01216	0.00684	0.00608	0.01292	0.01064	0.01672	0.00912	0.01064	0.00760	0.00380	0.00380	0.00076	0.00380	0.00304	0.00304	0.85104
21	0.00660	0.00527	0.00595	0.00594	0.00747	0.00462	0.00456	0.00832	0.01252	0.01592	0.26015	0.04696	0.50682	0.01238	0.00615	0.00175	0.00274	0.07635	0.00501	0.00451
22	0.00608	0.00513	0.00527	0.00537	0.00698	0.00432	0.00398	0.00734	0.01153	0.01379	0.04987	0.11754	0.71878	0.01327	0.00611	0.00176	0.00263	0.01116	0.00476	0.00432
23	0.01061	0.00912	0.01078	0.03075	0.01283	0.00697	0.00632	0.01293	0.01063	0.01662	0.00912	0.01073	0.00758	0.00384	0.00384	0.00079	0.00389	0.00308	0.00302	0.82657
24	0.01588	0.01702	0.01179	0.01103	0.01315	0.48537	0.00818	0.01715	0.01320	0.09688	0.01510	0.24178	0.01511	0.00850	0.00524	0.00157	0.00692	0.00674	0.00365	0.00574
25	0.01426	0.00960	0.01259	0.01015	0.01322	0.00942	0.07481	0.24052	0.01577	0.15641	0.10333	0.19031	0.01913	0.00841	0.00549	0.00161	0.00455	0.00735	0.00487	0.09819
26	0.00802	0.00562	0.00742	0.00766	0.00899	0.00531	0.00626	0.01028	0.01308	0.04024	0.36510	0.04712	0.11912	0.01219	0.00646	0.00194	0.00346	0.32170	0.00519	0.00485
27	0.25438	0.01019	0.01117	0.00993	0.08084	0.00964	0.00719	0.09569	0.01164	0.02022	0.00895	0.01034	0.00718	0.00440	0.00388	0.00115	0.00425	0.00327	0.00326	0.44242
28	0.01858	0.09052	0.01520	0.01187	0.01505	0.43233	0.00943	0.18175	0.01611	0.10110	0.01118	0.01335	0.00897	0.00599	0.00481	0.00143	0.00737	0.04446	0.00365	0.00684
29	0.00736	0.00494	0.00569	0.00583	0.00588	0.00492	0.00338	0.00750	0.00779	0.01037	0.01758	0.11036	0.02038	0.72401	0.02380	0.00464	0.00477	0.02424	0.00331	0.00325
30	0.00668	0.00475	0.00617	0.00677	0.00730	0.00445	0.00460	0.00791	0.01091	0.01489	0.24409	0.50496	0.03637	0.10489	0.00861	0.00227	0.00304	0.01226	0.00483	0.00424
31	0.10308	0.01616	0.01649	0.01317	0.01667	0.31169	0.18524	0.01666	0.01215	0.01541	0.00986	0.01177	0.02953	0.00514	0.00535	0.00140	0.05080	0.00412	0.00281	0.17252
32	0.01320	0.73225	0.07852	0.00916	0.01361	0.01912	0.00937	0.01515	0.01036	0.01235	0.00757	0.00893	0.00685	0.00593	0.03847	0.00145	0.00599	0.00294	0.00222	0.00656
33	0.00625	0.00447	0.00595	0.00714	0.00744	0.00417	0.00476	0.00714	0.00982	0.01310	0.02828	0.81633	0.03394	0.01608	0.00655	0.00208	0.00298	0.01459	0.00476	0.00417
34	0.00746	0.00497	0.00560	0.00560	0.00560	0.00497	0.00311	0.00746	0.00746	0.00995	0.01617	0.03358	0.01865	0.81967	0.02612	0.00497	0.00497	0.00746	0.00311	0.00311
35	0.06417	0.29163	0.44881	0.01191	0.01797	0.01449	0.01415	0.01632	0.01076	0.05391	0.00894	0.01014	0.00678	0.00478	0.00425	0.00144	0.00650	0.00345	0.00245	0.00718
36	0.00707	0.00524	0.00659	0.00625	0.00755	0.00476	0.00469	0.00931	0.01406	0.01949	0.66592	0.04012	0.16813	0.01090	0.00605	0.00163	0.00245	0.00953	0.00550	0.00476
37	0.00743	0.00496	0.00561	0.00564	0.00565	0.00495	0.00315	0.00745	0.00753	0.01003	0.01650	0.05490	0.01907	0.79779	0.02558	0.00490	0.00492	0.00766	0.00315	0.00314
38	0.34018	0.01590	0.01159	0.01007	0.01322	0.32254	0.00792	0.08568	0.01319	0.12191	0.00966	0.01027	0.00720	0.00531	0.00419	0.00148	0.00626	0.00347	0.00356	0.00642
39	0.01011	0.00958	0.01357	0.01197	0.01223	0.01305	0.00984	0.01143	0.00797	0.01222	0.00875	0.01379	0.00848	0.01745	0.24142	0.00397	0.58167	0.00478	0.00239	0.00532
40	0.00625	0.00447	0.00595	0.00714	0.00744	0.00417	0.00476	0.00714	0.00982	0.01310	0.02828	0.81633	0.03394	0.01608	0.00655	0.00208	0.00298	0.01459	0.00476	0.00417
41	0.02302	0.00873	0.01191	0.00913	0.01310	0.00754	0.00754	0.02501	0.01469	0.79122	0.02024	0.01746	0.01270	0.00635	0.00516	0.00159	0.00437	0.00516	0.00635	0.00873
42	0.01780	0.01273	0.01385	0.01110	0.01482	0.01404	0.00901	0.46061	0.25585	0.11101	0.01582	0.01498	0.01130	0.00643	0.00516	0.00161	0.00502	0.00504	0.00529	0.00854
43	0.00883	0.00448	0.00663	0.00663	0.00663	0.00448	0.00438	0.00673	0.00673	0.00897	0.00931	0.01657	0.00944	0.06138	0.02038	0.80478	0.00448	0.00462	0.00228	0.00228
44	0.01530	0.06153	0.01640	0.01847	0.27438	0.40621	0.01126	0.01717	0.01285	0.01400	0.01067	0.09759	0.01007	0.00616	0.00491	0.00146	0.00731	0.00492	0.00281	0.00652
45	0.01105	0.00933	0.01404	0.05459	0.01490	0.02354	0.18385	0.15984	0.01306	0.01766	0.03884	0.21760	0.01768	0.14290	0.00911	0.00228	0.00543	0.00802	0.05058	0.00570
46	0.01404	0.01660	0.02419	0.01833	0.02223	0.23889	0.46925	0.01716	0.01235	0.01488	0.00928	0.01224	0.00733	0.00510	0.00681	0.00167	0.09547	0.00510	0.00257	0.00650

[dist]
# distance from previous block
# <min> <max>
3	23

[block]
# block no. 3 follows, 48 sequences, length 36
# corresponding to MSA columns:
# 614-649
name=unknown_D
#
# <colnr> <probs for GDERKNQSTAVLIFYWHMCP>
#	G	D	E	R	K	N	Q	S	T	A	V	L	I	F	Y	W	H	M	C	P
0	0.01209	0.01016	0.01218	0.01002	0.06576	0.00880	0.00743	0.12365	0.01259	0.01887	0.00955	0.01104	0.00777	0.00435	0.00448	0.00097	0.02858	0.00342	0.00329	0.64499
1	0.05588	0.36448	0.42606	0.01173	0.01772	0.01546	0.01393	0.01581	0.01055	0.01483	0.00822	0.00960	0.00649	0.00466	0.00411	0.00140	0.00650	0.00329	0.00223	0.00705
2	0.01123	0.25304	0.33344	0.01124	0.01610	0.01335	0.01243	0.06590	0.01102	0.01512	0.00987	0.01235	0.00815	0.01266	0.18968	0.00301	0.00828	0.00394	0.00251	0.00667
3	0.01229	0.01356	0.07585	0.02658	0.48303	0.01260	0.21881	0.01576	0.01151	0.01637	0.00964	0.01279	0.00784	0.00479	0.00604	0.00163	0.05586	0.00491	0.00251	0.00761
4	0.00634	0.00454	0.00603	0.00708	0.00746	0.00423	0.00477	0.00737	0.01025	0.01377	0.09615	0.74654	0.03524	0.01557	0.00650	0.00204	0.00293	0.01411	0.00484	0.00423
5	0.00678	0.00520	0.00621	0.00602	0.00739	0.00463	0.00449	0.00873	0.01330	0.01782	0.48612	0.07206	0.31940	0.01163	0.00608	0.00168	0.00251	0.01005	0.00529	0.00463
6	0.01123	0.01123	0.01572	0.01347	0.01347	0.01572	0.01123	0.01235	0.00786	0.01235	0.00674	0.01123	0.00674	0.00898	0.01684	0.00225	0.81028	0.00449	0.00225	0.00561
7	0.00625	0.00447	0.00595	0.00714	0.00744	0.00417	0.00476	0.00714	0.00982	0.01310	0.02828	0.81633	0.03394	0.01608	0.00655	0.00208	0.00298	0.01459	0.00476	0.00417
8	0.01211	0.01384	0.03028	0.02163	0.02682	0.01298	0.76903	0.01644	0.01211	0.01644	0.01038	0.01384	0.00779	0.00433	0.00606	0.00173	0.00865	0.00606	0.00260	0.00692
9	0.00671	0.00472	0.00607	0.00676	0.00708	0.00458	0.00443	0.00752	0.00937	0.01262	0.07010	0.50346	0.02925	0.23395	0.06598	0.00326	0.00422	0.01172	0.00423	0.00395
10	0.82497	0.00975	0.00752	0.00674	0.00984	0.01127	0.00553	0.01489	0.00894	0.02293	0.03551	0.00943	0.00712	0.00497	0.00328	0.00159	0.00391	0.00302	0.00327	0.00553
11	0.00641	0.00453	0.00591	0.00694	0.00720	0.00427	0.00455	0.00719	0.00952	0.01269	0.02671	0.71515	0.03196	0.11994	0.00908	0.00246	0.00324	0.01367	0.00455	0.00403
12	0.01023	0.01041	0.02078	0.01586	0.01926	0.01035	0.43581	0.01395	0.03979	0.01482	0.01212	0.01656	0.01010	0.01805	0.32247	0.00433	0.01051	0.00582	0.00276	0.00603
13	0.00892	0.06069	0.20304	0.01032	0.01331	0.00813	0.01055	0.01205	0.01154	0.01539	0.04040	0.04218	0.07683	0.01111	0.00621	0.00204	0.00527	0.45252	0.00396	0.00552
14	0.00633	0.00450	0.00593	0.00705	0.00733	0.00422	0.00466	0.00716	0.00968	0.01291	0.02754	0.76865	0.03301	0.06502	0.00774	0.00226	0.00310	0.01415	0.00466	0.00410
15	0.00746	0.00497	0.00560	0.00560	0.00560	0.00497	0.00311	0.00746	0.00746	0.00995	0.01617	0.03358	0.01865	0.81967	0.02612	0.00497	0.00497	0.00746	0.00311	0.00311
16	0.01298	0.01351	0.01455	0.01272	0.01386	0.15305	0.01027	0.01726	0.18871	0.01451	0.01025	0.01272	0.00879	0.00786	0.01198	0.00196	0.48115	0.00459	0.00301	0.00626
17	0.00969	0.00912	0.01539	0.80734	0.03534	0.01140	0.01425	0.01311	0.01026	0.01311	0.00912	0.01368	0.00684	0.00513	0.00513	0.00171	0.00684	0.00456	0.00228	0.00570
18	0.00625	0.00447	0.00595	0.00714	0.00744	0.00417	0.00476	0.00714	0.00982	0.01310	0.02828	0.81633	0.03394	0.01608	0.00655	0.00208	0.00298	0.01459	0.00476	0.00417
19	0.00733	0.00550	0.00825	0.00825	0.00916	0.00641	0.00641	0.00916	0.00825	0.01191	0.01374	0.02016	0.01283	0.03848	0.79934	0.00825	0.01374	0.00550	0.00275	0.00458
20	0.85592	0.00992	0.00754	0.00675	0.00992	0.01151	0.00556	0.01508	0.00873	0.02302	0.00714	0.00834	0.00556	0.00476	0.00318	0.00159	0.00397	0.00278	0.00318	0.00556
21	0.00827	0.00591	0.00827	0.00945	0.01063	0.00591	0.00827	0.01063	0.01181	0.01536	0.02717	0.05788	0.02953	0.01417	0.00709	0.00236	0.00472	0.75313	0.00472	0.00472
22	0.00736	0.00538	0.00766	0.00766	0.00838	0.00610	0.00569	0.00879	0.00807	0.01148	0.01428	0.02311	0.01411	0.21024	0.62934	0.00753	0.01182	0.00593	0.00283	0.00426
23	0.01064	0.00912	0.01064	0.00760	0.01216	0.00684	0.00608	0.01292	0.01064	0.01672	0.00912	0.01064	0.00760	0.00380	0.00380	0.00076	0.00380	0.00304	0.00304	0.85104
24	0.01033	0.00601	0.00557	0.00540	0.00675	0.04251	0.00408	0.03594	0.01135	0.01923	0.01619	0.01845	0.01271	0.00595	0.00368	0.00121	0.00282	0.00471	0.78216	0.00496
25	0.01894	0.02150	0.01460	0.01276	0.01576	0.58147	0.00979	0.19377	0.05270	0.01754	0.00955	0.01043	0.00752	0.00557	0.00477	0.00139	0.00818	0.00373	0.00334	0.00669
26	0.00746	0.00497	0.00560	0.00560	0.00560	0.00497	0.00311	0.00746	0.00746	0.00995	0.01617	0.03358	0.01865	0.81967	0.02612	0.00497	0.00497	0.00746	0.00311	0.00311
27	0.00730	0.00543	0.00695	0.00741	0.00865	0.00509	0.00597	0.00930	0.01240	0.01633	0.25189	0.11525	0.20990	0.01300	0.00651	0.00198	0.00342	0.30362	0.00500	0.00462
28	0.07977	0.06605	0.01313	0.00960	0.01336	0.04814	0.00798	0.13629	0.04443	0.47311	0.01690	0.01655	0.01161	0.00633	0.00493	0.00157	0.00485	0.03196	0.00538	0.00806
29	0.00741	0.00518	0.00663	0.00663	0.00699	0.00554	0.00440	0.00813	0.00777	0.01072	0.01522	0.02833	0.01638	0.51411	0.32857	0.00625	0.00840	0.00669	0.00297	0.00368
30	0.00625	0.00447	0.00595	0.00714	0.00744	0.00417	0.00476	0.00714	0.00982	0.01310	0.02828	0.81633	0.03394	0.01608	0.00655	0.00208	0.00298	0.01459	0.00476	0.00417
31	0.05313	0.01108	0.01548	0.07073	0.22402	0.01167	0.05666	0.19044	0.09833	0.07204	0.12845	0.01740	0.01520	0.00623	0.00523	0.00160	0.00521	0.00547	0.00416	0.00745
32	0.01194	0.14814	0.36457	0.01498	0.02033	0.06772	0.17733	0.01599	0.01095	0.01493	0.00876	0.01101	0.00682	0.00518	0.00624	0.00161	0.10010	0.00416	0.00231	0.00694
33	0.00859	0.01358	0.31973	0.00920	0.01222	0.00774	0.00943	0.01097	0.00881	0.01246	0.01339	0.02450	0.01381	0.49465	0.01764	0.00364	0.00602	0.00600	0.00273	0.00489
34	0.00715	0.00574	0.00702	0.00690	0.00834	0.00581	0.00529	0.00971	0.06564	0.01421	0.09735	0.03460	0.35880	0.02251	0.32244	0.00432	0.00713	0.00821	0.00407	0.00475
35	0.01444	0.01146	0.01739	0.09477	0.43817	0.01179	0.01286	0.15513	0.01437	0.10467	0.06425	0.01499	0.01138	0.00552	0.00517	0.00156	0.00564	0.00497	0.00362	0.00786

[dist]
# distance from previous block
# <min> <max>
2	4

[block]
# block no. 4 follows, 48 sequences, length 33
# corresponding to MSA columns:
# 654-686
name=unknown_E
#
# <colnr> <probs for GDERKNQSTAVLIFYWHMCP>
#	G	D	E	R	K	N	Q	S	T	A	V	L	I	F	Y	W	H	M	C	P
0	0.25788	0.01140	0.01525	0.21983	0.32958	0.05359	0.01209	0.01514	0.01062	0.01744	0.00870	0.01149	0.00697	0.00481	0.00451	0.00158	0.00583	0.00398	0.00266	0.00665
1	0.50341	0.01137	0.01481	0.01158	0.01536	0.01226	0.22548	0.05654	0.07030	0.02150	0.00942	0.01097	0.00715	0.00488	0.00427	0.00164	0.00541	0.00405	0.00327	0.00632
2	0.24548	0.00949	0.01101	0.00870	0.01247	0.00926	0.00718	0.08096	0.01384	0.52612	0.01612	0.01462	0.01048	0.00591	0.00463	0.00158	0.00436	0.00448	0.00541	0.00788
3	0.00644	0.00521	0.00572	0.00559	0.00716	0.00449	0.00420	0.00809	0.01259	0.01598	0.28302	0.04590	0.55323	0.01221	0.00606	0.00170	0.00254	0.01034	0.00504	0.00449
4	0.00746	0.00499	0.00569	0.00569	0.00572	0.00502	0.00322	0.00752	0.00749	0.01002	0.01608	0.03312	0.01845	0.79286	0.05265	0.00509	0.00528	0.00739	0.00310	0.00316
5	0.01259	0.01422	0.02639	0.01944	0.02372	0.07434	0.58274	0.01686	0.05251	0.01593	0.01033	0.01347	0.00799	0.00507	0.00714	0.00176	0.10039	0.00565	0.00270	0.00676
6	0.01123	0.01123	0.01572	0.01347	0.01347	0.01572	0.01123	0.01235	0.00786	0.01235	0.00674	0.01123	0.00674	0.00898	0.01684	0.00225	0.81028	0.00449	0.00225	0.00561
7	0.01276	0.01102	0.01160	0.01044	0.01334	0.01276	0.00812	0.02727	0.77840	0.02146	0.02088	0.01914	0.01566	0.00696	0.00522	0.00174	0.00406	0.00580	0.00522	0.00812
8	0.00606	0.00520	0.00520	0.00520	0.00693	0.00433	0.00390	0.00736	0.01170	0.01386	0.05198	0.04938	0.78558	0.01299	0.00606	0.00173	0.00260	0.01083	0.00476	0.00433
9	0.01252	0.01271	0.05301	0.05228	0.73477	0.01216	0.01584	0.01570	0.01161	0.01664	0.00962	0.01265	0.00802	0.00460	0.00507	0.00153	0.00618	0.00454	0.00252	0.00804
10	0.01064	0.00912	0.01064	0.00760	0.01216	0.00684	0.00608	0.01292	0.01064	0.01672	0.00912	0.01064	0.00760	0.00380	0.00380	0.00076	0.00380	0.00304	0.00304	0.85104
11	0.00635	0.00450	0.00593	0.00702	0.00730	0.00423	0.00463	0.00717	0.00964	0.01285	0.02734	0.75553	0.03275	0.07849	0.00807	0.00231	0.00313	0.01403	0.00463	0.00409
12	0.00625	0.00447	0.00595	0.00714	0.00744	0.00417	0.00476	0.00714	0.00982	0.01310	0.02828	0.81633	0.03394	0.01608	0.00655	0.00208	0.00298	0.01459	0.00476	0.00417
13	0.04156	0.43048	0.32439	0.01129	0.01677	0.06918	0.01272	0.01605	0.01080	0.01411	0.00800	0.00932	0.00652	0.00465	0.00400	0.00134	0.00651	0.00319	0.00225	0.00690
14	0.01276	0.01102	0.01160	0.01044	0.01334	0.01276	0.00812	0.02727	0.77840	0.02146	0.02088	0.01914	0.01566	0.00696	0.00522	0.00174	0.00406	0.00580	0.00522	0.00812
15	0.00726	0.00524	0.00686	0.00646	0.00767	0.00484	0.00484	0.00968	0.01452	0.02058	0.78496	0.03833	0.04841	0.01049	0.00605	0.00161	0.00242	0.00928	0.00565	0.00484
16	0.01095	0.01040	0.01766	0.48281	0.35003	0.01173	0.01488	0.01421	0.01086	0.01464	0.00934	0.01327	0.00738	0.00490	0.00511	0.00163	0.00653	0.00456	0.00239	0.00672
17	0.00679	0.00520	0.00630	0.00659	0.00784	0.00471	0.00504	0.00851	0.01217	0.01582	0.24464	0.17835	0.32875	0.01303	0.00632	0.00187	0.00297	0.13560	0.00500	0.00451
18	0.01156	0.01178	0.01567	0.01346	0.01357	0.04852	0.01117	0.01269	0.00814	0.01236	0.00679	0.01114	0.00673	0.00883	0.01633	0.00221	0.77674	0.00444	0.00226	0.00563
19	0.01064	0.00912	0.01064	0.00760	0.01216	0.00684	0.00608	0.01292	0.01064	0.01672	0.00912	0.01064	0.00760	0.00380	0.00380	0.00076	0.00380	0.00304	0.00304	0.85104
20	0.00952	0.00827	0.01080	0.23914	0.01814	0.06909	0.01012	0.01211	0.01158	0.01449	0.02048	0.04139	0.02123	0.01088	0.00633	0.00209	0.00568	0.47967	0.00386	0.00510
21	0.00625	0.00447	0.00595	0.00714	0.00744	0.00417	0.00476	0.00714	0.00982	0.01310	0.02828	0.81633	0.03394	0.01608	0.00655	0.00208	0.00298	0.01459	0.00476	0.00417
22	0.00688	0.00501	0.00648	0.00658	0.00755	0.00461	0.00475	0.00877	0.01293	0.01789	0.50902	0.27132	0.09445	0.01233	0.00620	0.00176	0.00260	0.01097	0.00532	0.00461
23	0.01099	0.00908	0.01004	0.00958	0.01173	0.01016	0.00734	0.04630	0.49838	0.01924	0.02295	0.22384	0.02113	0.00980	0.00570	0.00187	0.00389	0.06603	0.00506	0.00688
24	0.02012	0.04732	0.05437	0.00971	0.01372	0.01010	0.00843	0.19755	0.01621	0.48091	0.01696	0.01562	0.01120	0.00611	0.00494	0.00153	0.00474	0.00482	0.06736	0.00828
25	0.01353	0.24543	0.01622	0.01018	0.01349	0.07539	0.00845	0.02332	0.49887	0.01808	0.01593	0.01525	0.01236	0.00609	0.00462	0.00152	0.00487	0.00473	0.00415	0.00751
26	0.01059	0.00907	0.01299	0.23967	0.10531	0.00903	0.02503	0.04613	0.02686	0.03166	0.05531	0.02020	0.07108	0.00634	0.00502	0.00145	0.00503	0.06195	0.00335	0.25392
27	0.01123	0.19981	0.56449	0.01302	0.01954	0.01382	0.01589	0.01691	0.07036	0.01574	0.00966	0.01091	0.00723	0.00493	0.00455	0.00152	0.00685	0.00372	0.00241	0.00741
28	0.01606	0.01266	0.01346	0.01111	0.01460	0.01430	0.00892	0.39051	0.40979	0.02678	0.01670	0.01581	0.01227	0.00657	0.00518	0.00164	0.00484	0.00522	0.00518	0.00842
29	0.01029	0.02654	0.79309	0.01462	0.02221	0.01192	0.01896	0.01625	0.01083	0.01625	0.00921	0.01083	0.00650	0.00487	0.00487	0.00162	0.00758	0.00379	0.00217	0.00758
30	0.00940	0.00756	0.00868	0.00810	0.01000	0.00800	0.00623	0.01653	0.31965	0.02006	0.37792	0.04997	0.08659	0.00954	0.00578	0.00172	0.00320	0.03961	0.00536	0.00610
31	0.01933	0.01959	0.01495	0.01254	0.01589	0.42127	0.00984	0.38233	0.01916	0.02210	0.01005	0.01073	0.00763	0.00571	0.00487	0.00143	0.00751	0.00394	0.00384	0.00729
32	0.01493	0.01651	0.02045	0.01672	0.06032	0.26924	0.30015	0.10827	0.01435	0.01727	0.06980	0.01390	0.01065	0.00554	0.00585	0.00157	0.03959	0.00509	0.00314	0.00667

[dist]
# distance from previous block
# <min> <max>
0	1

[block]
# block no. 5 follows, 48 sequences, length 28
# corresponding to MSA columns:
# 688-715
name=unknown_F
#
# <colnr> <probs for GDERKNQSTAVLIFYWHMCP>
#	G	D	E	R	K	N	Q	S	T	A	V	L	I	F	Y	W	H	M	C	P
0	0.03044	0.01504	0.14606	0.01496	0.07320	0.08074	0.17614	0.08666	0.15284	0.07140	0.06074	0.03129	0.01264	0.00607	0.00534	0.00164	0.00630	0.01744	0.00376	0.00729
1	0.00969	0.00912	0.01539	0.80734	0.03534	0.01140	0.01425	0.01311	0.01026	0.01311	0.00912	0.01368	0.00684	0.00513	0.00513	0.00171	0.00684	0.00456	0.00228	0.00570
2	0.00868	0.00454	0.00651	0.00651	0.00651	0.00454	0.00424	0.00681	0.00681	0.00908	0.01008	0.01849	0.01048	0.14693	0.02103	0.71454	0.00454	0.00494	0.00237	0.00237
3	0.01241	0.01193	0.02013	0.07780	0.68593	0.01240	0.01533	0.01534	0.01132	0.01622	0.00941	0.01265	0.00795	0.00492	0.00593	0.00159	0.06387	0.00457	0.00250	0.00780
4	0.01327	0.07498	0.41065	0.01510	0.08843	0.22195	0.01483	0.01807	0.06697	0.01542	0.00961	0.01101	0.00734	0.00508	0.00475	0.00151	0.00750	0.00381	0.00255	0.00717
5	0.00824	0.00636	0.00895	0.01095	0.09352	0.00620	0.00810	0.01039	0.01164	0.01510	0.02948	0.10605	0.15297	0.01308	0.00666	0.00215	0.00439	0.49631	0.00450	0.00499
6	0.01059	0.02443	0.66654	0.01579	0.02297	0.01209	0.14339	0.01628	0.01105	0.01628	0.00940	0.01133	0.00671	0.00478	0.00507	0.00164	0.00776	0.00417	0.00224	0.00747
