[name]
unknown

[dist]
# distance from previous block
# <min> <max>
0	28

[block]
# block no. 0 follows, 38 sequences, length 55
# corresponding to MSA columns:
# 32-86
name=unknown_A
#
# <colnr> <probs for GDERKNQSTAVLIFYWHMCP>
#	G	D	E	R	K	N	Q	S	T	A	V	L	I	F	Y	W	H	M	C	P
0	0.07346	0.06095	0.04575	0.01721	0.18792	0.01225	0.01191	0.08839	0.03976	0.14107	0.01835	0.02723	0.01609	0.00851	0.00612	0.00195	0.00598	0.16702	0.00475	0.06534
1	0.02138	0.03020	0.01757	0.01711	0.17537	0.01218	0.03036	0.13884	0.04231	0.35843	0.02895	0.01851	0.02460	0.00690	0.00595	0.00179	0.00585	0.00583	0.00573	0.05211
2	0.01737	0.01245	0.01712	0.09677	0.20950	0.01311	0.01235	0.20556	0.01740	0.13206	0.01616	0.07901	0.01319	0.00764	0.00653	0.00186	0.03784	0.00640	0.06725	0.03043
3	0.01653	0.05893	0.08182	0.07848	0.39934	0.03362	0.01587	0.10044	0.03202	0.08314	0.01270	0.01492	0.00984	0.00587	0.00578	0.00177	0.00704	0.00517	0.00371	0.03301
4	0.11099	0.01283	0.01525	0.01274	0.01532	0.03625	0.03417	0.13148	0.08116	0.03777	0.05851	0.04659	0.01388	0.00982	0.03562	0.00230	0.24658	0.00592	0.00423	0.08859
5	0.05199	0.28219	0.02047	0.06689	0.10502	0.09335	0.01074	0.01764	0.01329	0.07290	0.05436	0.02056	0.04393	0.05570	0.00725	0.00196	0.02894	0.04184	0.00367	0.00731
6	0.01285	0.01192	0.01801	0.08099	0.20769	0.04242	0.10446	0.03917	0.01246	0.01710	0.01338	0.02125	0.01257	0.20077	0.06268	0.00329	0.04115	0.00625	0.00329	0.08830
7	0.00824	0.00655	0.00756	0.00848	0.05940	0.00598	0.00524	0.00935	0.01188	0.01483	0.04177	0.06948	0.41845	0.28919	0.01539	0.00338	0.00433	0.01091	0.00472	0.00487
8	0.01348	0.05490	0.22115	0.09387	0.26015	0.05299	0.08178	0.01770	0.01318	0.01803	0.01411	0.03728	0.04966	0.00664	0.00655	0.00189	0.03955	0.00581	0.00302	0.00825
9	0.00865	0.00682	0.00979	0.00965	0.01090	0.00654	0.06478	0.03788	0.01239	0.01636	0.03233	0.49580	0.12744	0.06637	0.06171	0.00304	0.00512	0.01398	0.00511	0.00534
10	0.01255	0.01124	0.01826	0.02642	0.48088	0.01117	0.01379	0.01530	0.01308	0.01840	0.06722	0.10425	0.01913	0.10750	0.00950	0.00244	0.00620	0.05116	0.00375	0.00778
11	0.01764	0.07012	0.02066	0.10852	0.17744	0.08474	0.05645	0.23694	0.12321	0.02464	0.01376	0.01533	0.01053	0.00645	0.00588	0.00181	0.00721	0.00540	0.00431	0.00896
12	0.00902	0.00788	0.02944	0.00939	0.01153	0.00691	0.04904	0.02386	0.03196	0.01809	0.11051	0.14720	0.30396	0.03515	0.00793	0.00230	0.00440	0.16098	0.00537	0.02509
13	0.05658	0.06380	0.11577	0.07753	0.05540	0.03409	0.11722	0.05088	0.18301	0.06704	0.08485	0.01910	0.01565	0.00708	0.00632	0.00192	0.02496	0.00612	0.00439	0.00831
14	0.01739	0.31548	0.21529	0.01387	0.01935	0.24585	0.01387	0.06306	0.01478	0.01703	0.00965	0.01110	0.00785	0.00574	0.00495	0.00156	0.00843	0.00387	0.00293	0.00795
15	0.00752	0.00558	0.00702	0.00779	0.00866	0.00508	0.00541	0.00901	0.01302	0.01725	0.17899	0.50204	0.17685	0.01688	0.00746	0.00226	0.00328	0.01505	0.00579	0.00508
16	0.05635	0.04959	0.27356	0.08046	0.16924	0.01262	0.03470	0.01630	0.01211	0.01795	0.01320	0.06900	0.01159	0.01354	0.14075	0.00328	0.00908	0.00590	0.00305	0.00774
17	0.03864	0.15566	0.09949	0.01641	0.10486	0.11415	0.07094	0.10639	0.04458	0.13784	0.01539	0.01608	0.04040	0.00653	0.00560	0.00173	0.00723	0.00525	0.00421	0.00863
18	0.00868	0.00573	0.00726	0.00783	0.00880	0.00545	0.00571	0.01076	0.01357	0.01960	0.24058	0.34819	0.03940	0.01433	0.00686	0.00210	0.00335	0.07620	0.17027	0.00532
19	0.01375	0.07688	0.36988	0.10199	0.02433	0.06720	0.04486	0.02191	0.18184	0.01942	0.01374	0.01514	0.01024	0.00629	0.00575	0.00188	0.00785	0.00507	0.00345	0.00854
20	0.01636	0.01473	0.09428	0.14428	0.05334	0.01328	0.20268	0.09314	0.07472	0.15219	0.06635	0.01888	0.01402	0.00670	0.00636	0.00194	0.00735	0.00636	0.00451	0.00854
21	0.03693	0.14858	0.15329	0.06218	0.18124	0.05673	0.18426	0.01919	0.02625	0.03684	0.01116	0.01388	0.00879	0.00566	0.00615	0.00181	0.03055	0.00515	0.00302	0.00834
22	0.01441	0.07310	0.15575	0.02237	0.08629	0.05433	0.40912	0.01950	0.03496	0.01874	0.01168	0.01480	0.00897	0.00548	0.00667	0.00190	0.02737	0.00594	0.00301	0.02562
23	0.00748	0.00539	0.00708	0.00818	0.00874	0.00500	0.00555	0.00878	0.01233	0.01655	0.12849	0.65722	0.07125	0.01784	0.00758	0.00235	0.00339	0.01610	0.00572	0.00500
24	0.01064	0.00729	0.00910	0.03986	0.01099	0.00791	0.00674	0.07251	0.01298	0.01928	0.07114	0.18380	0.02273	0.08067	0.14485	0.00362	0.04634	0.00874	0.23506	0.00575
25	0.01659	0.03186	0.05871	0.02814	0.07112	0.05234	0.21462	0.02053	0.04957	0.20596	0.03542	0.13810	0.01724	0.00850	0.00657	0.00200	0.00696	0.02283	0.00480	0.00816
26	0.00859	0.00645	0.00967	0.00967	0.01074	0.00752	0.00752	0.01074	0.00967	0.01396	0.01611	0.02363	0.01504	0.04512	0.76474	0.00967	0.01611	0.00645	0.00322	0.00537
27	0.00768	0.00612	0.00688	0.00669	0.00848	0.00532	0.00502	0.00974	0.01506	0.01945	0.33992	0.05263	0.46764	0.01404	0.00710	0.00197	0.00296	0.01196	0.00601	0.00532
28	0.01395	0.06266	0.36683	0.01762	0.02397	0.01527	0.16706	0.10199	0.01457	0.02058	0.01243	0.01695	0.00995	0.00685	0.00740	0.00201	0.07932	0.04894	0.00325	0.00840
29	0.20776	0.01504	0.09424	0.08422	0.32336	0.01414	0.01449	0.10506	0.01434	0.02304	0.01180	0.04521	0.00983	0.00629	0.00549	0.00186	0.00659	0.00526	0.00356	0.00841
30	0.00733	0.00524	0.00698	0.00838	0.00873	0.00489	0.00558	0.00838	0.01152	0.01536	0.03316	0.78466	0.03979	0.01885	0.00768	0.00244	0.00349	0.01710	0.00558	0.00489
31	0.01316	0.01316	0.01843	0.01579	0.01579	0.01843	0.01316	0.01448	0.00921	0.01448	0.00790	0.01316	0.00790	0.01053	0.01974	0.00263	0.77757	0.00526	0.00263	0.00658
32	0.29629	0.01550	0.10281	0.23663	0.02452	0.07491	0.06250	0.04711	0.01298	0.05934	0.01072	0.01324	0.00795	0.00590	0.00522	0.00189	0.00713	0.00456	0.00346	0.00734
33	0.00956	0.00852	0.01130	0.01160	0.05674	0.00967	0.00835	0.01112	0.01201	0.01621	0.07897	0.22348	0.25665	0.01392	0.01099	0.00229	0.23722	0.01099	0.00460	0.00580
34	0.00724	0.00589	0.00641	0.00672	0.00831	0.00506	0.00487	0.00871	0.01336	0.01645	0.08997	0.23064	0.54356	0.01594	0.00724	0.00212	0.00314	0.01365	0.00564	0.00506
35	0.01372	0.01279	0.01808	0.46089	0.09827	0.09284	0.05336	0.01714	0.01335	0.06758	0.01623	0.01956	0.07704	0.00687	0.00611	0.00193	0.00770	0.00601	0.00337	0.00715
36	0.01309	0.01249	0.02122	0.23157	0.45254	0.01309	0.04448	0.01660	0.01317	0.01808	0.01524	0.05242	0.05632	0.00674	0.00617	0.00190	0.00708	0.00641	0.00318	0.00822
37	0.01288	0.01328	0.02201	0.01943	0.10654	0.08485	0.29269	0.01623	0.01283	0.01709	0.01448	0.06563	0.01290	0.01833	0.23777	0.00429	0.01108	0.00696	0.02365	0.00707
38	0.01677	0.41930	0.11354	0.02970	0.01778	0.15722	0.01194	0.08618	0.01464	0.01721	0.01100	0.05892	0.00995	0.00648	0.00486	0.00155	0.00742	0.00460	0.00318	0.00776
39	0.01495	0.01422	0.01664	0.11183	0.20070	0.10391	0.01241	0.06189	0.25487	0.02079	0.01895	0.06125	0.04436	0.02854	0.00675	0.00202	0.00648	0.00669	0.00443	0.00832
40	0.01397	0.01335	0.02275	0.22925	0.56592	0.01405	0.01800	0.01766	0.01326	0.01854	0.01115	0.01519	0.00914	0.00553	0.00597	0.00184	0.00737	0.00536	0.00290	0.00879
41	0.00825	0.00638	0.00724	0.00758	0.00897	0.00587	0.00540	0.05334	0.01346	0.01702	0.04431	0.36875	0.36630	0.04816	0.00826	0.00235	0.00358	0.01399	0.00553	0.00526
42	0.01922	0.01412	0.02247	0.06942	0.23468	0.06488	0.17955	0.02260	0.01516	0.27313	0.01563	0.01692	0.01107	0.00611	0.00622	0.00187	0.00745	0.00590	0.00453	0.00909
43	0.01621	0.01205	0.01880	0.23129	0.30075	0.01263	0.01458	0.06060	0.03412	0.16099	0.03396	0.03570	0.02797	0.00681	0.00609	0.00189	0.00663	0.00609	0.00422	0.00862
44	0.00861	0.00672	0.00907	0.00945	0.01036	0.02848	0.00705	0.01041	0.01044	0.01441	0.02106	0.25301	0.02230	0.03607	0.51437	0.00725	0.01215	0.00959	0.00393	0.00527
45	0.01446	0.01385	0.02364	0.12707	0.66429	0.01418	0.01825	0.01808	0.01349	0.01913	0.01124	0.01503	0.00934	0.00544	0.00596	0.00181	0.00725	0.00536	0.00294	0.00918
46	0.01551	0.07564	0.08501	0.02222	0.17220	0.05349	0.27019	0.03986	0.01420	0.07883	0.01371	0.06862	0.01149	0.00673	0.00695	0.00193	0.04502	0.00654	0.00356	0.00831
47	0.01506	0.01469	0.02402	0.05351	0.70976	0.03950	0.01819	0.01858	0.01377	0.01939	0.01123	0.01478	0.00943	0.00540	0.00594	0.00178	0.00729	0.00531	0.00297	0.00938
48	0.00801	0.00636	0.00747	0.00790	0.00928	0.00610	0.00571	0.01069	0.07171	0.01637	0.04200	0.33066	0.32988	0.01956	0.09641	0.00309	0.00490	0.01317	0.00535	0.00540
49	0.01368	0.01335	0.01982	0.10449	0.37148	0.06877	0.05737	0.03163	0.01340	0.01795	0.02578	0.06548	0.04780	0.05663	0.02514	0.00233	0.04696	0.00672	0.00339	0.00781
50	0.01640	0.01443	0.07526	0.01943	0.19535	0.02675	0.05614	0.10446	0.01489	0.13241	0.01625	0.01859	0.05617	0.02787	0.02546	0.00224	0.15759	0.00598	0.00413	0.03016
51	0.00797	0.00577	0.00704	0.00775	0.00831	0.00556	0.00509	0.00927	0.03187	0.01465	0.03158	0.44058	0.11668	0.23690	0.03959	0.00359	0.00456	0.01356	0.00497	0.00471
52	0.01000	0.01083	0.08927	0.19031	0.07181	0.00942	0.06992	0.01308	0.01279	0.01723	0.08433	0.28695	0.06259	0.01165	0.00687	0.00215	0.00588	0.03421	0.00430	0.00640
53	0.01442	0.03590	0.01558	0.10217	0.15376	0.15024	0.02341	0.06936	0.01471	0.04694	0.04454	0.15357	0.07547	0.06377	0.00798	0.00218	0.00665	0.00812	0.00418	0.00704
54	0.01401	0.07002	0.06775	0.04955	0.14913	0.01491	0.42788	0.03860	0.01404	0.01910	0.01317	0.06889	0.01115	0.00621	0.00658	0.00195	0.00868	0.00699	0.00322	0.00815

[dist]
# distance from previous block
# <min> <max>
1	6

[block]
# block no. 1 follows, 38 sequences, length 7
# corresponding to MSA columns:
# 93-99
name=unknown_B
#
# <colnr> <probs for GDERKNQSTAVLIFYWHMCP>
#	G	D	E	R	K	N	Q	S	T	A	V	L	I	F	Y	W	H	M	C	P
0	0.01537	0.01556	0.05896	0.01760	0.15955	0.13202	0.07071	0.14752	0.01647	0.02141	0.06272	0.07458	0.04757	0.07267	0.00815	0.00214	0.00695	0.00696	0.03128	0.03182
1	0.13342	0.04239	0.09597	0.07043	0.04062	0.12351	0.01072	0.07456	0.03151	0.12433	0.05621	0.04758	0.01403	0.00723	0.00541	0.00178	0.00629	0.00561	0.10074	0.00765
2	0.01921	0.20715	0.06918	0.01511	0.10004	0.06156	0.01196	0.12251	0.09435	0.18503	0.01491	0.01513	0.01103	0.00663	0.00603	0.00174	0.03982	0.00500	0.00460	0.00902
3	0.01694	0.01421	0.03961	0.04311	0.23536	0.03973	0.04568	0.09999	0.17507	0.11272	0.01659	0.01851	0.01274	0.00675	0.00599	0.00182	0.00639	0.02737	0.00466	0.07677
4	0.06888	0.06081	0.11737	0.01583	0.11802	0.11478	0.01231	0.06624	0.08489	0.20309	0.01663	0.06725	0.01299	0.00733	0.00575	0.00184	0.00668	0.00589	0.00473	0.00871
5	0.01472	0.12433	0.01636	0.01347	0.10237	0.03479	0.02802	0.10128	0.09318	0.07010	0.03633	0.05773	0.12865	0.03182	0.00656	0.00188	0.00542	0.02173	0.04876	0.06248
6	0.04052	0.15732	0.12950	0.01806	0.10962	0.07838	0.18689	0.01829	0.01405	0.04754	0.08648	0.01904	0.05497	0.00670	0.00589	0.00178	0.00750	0.00605	0.00357	0.00785

[dist]
# distance from previous block
# <min> <max>
4	37

[block]
# block no. 2 follows, 38 sequences, length 19
# corresponding to MSA columns:
# 138-156
name=unknown_C
#
# <colnr> <probs for GDERKNQSTAVLIFYWHMCP>
#	G	D	E	R	K	N	Q	S	T	A	V	L	I	F	Y	W	H	M	C	P
0	0.03017	0.10048	0.23854	0.05475	0.11085	0.02883	0.05035	0.12502	0.11699	0.02242	0.05348	0.01629	0.01252	0.00653	0.00577	0.00183	0.00715	0.00540	0.00390	0.00873
1	0.01462	0.05664	0.26214	0.02183	0.19084	0.01423	0.16294	0.02050	0.07291	0.07024	0.01308	0.01510	0.00981	0.00574	0.00597	0.00184	0.00784	0.00540	0.00342	0.04491
2	0.04680	0.06981	0.16142	0.02600	0.01899	0.03741	0.08315	0.04966	0.06290	0.17829	0.06521	0.01729	0.01371	0.00647	0.00565	0.00170	0.00644	0.00542	0.00453	0.13915
3	0.02940	0.17909	0.06721	0.01604	0.11181	0.08339	0.08294	0.06679	0.07433	0.03697	0.08889	0.01690	0.01453	0.00641	0.00549	0.00162	0.00666	0.00536	0.00391	0.10226
4	0.01550	0.20476	0.22691	0.01420	0.02012	0.05287	0.08485	0.11754	0.01516	0.04075	0.01219	0.04912	0.01004	0.00627	0.00539	0.00164	0.00732	0.00506	0.00351	0.10680
5	0.09421	0.13566	0.06790	0.00988	0.01271	0.07831	0.00837	0.01496	0.01309	0.07485	0.09010	0.27716	0.05912	0.02909	0.00664	0.00204	0.00523	0.00954	0.00467	0.00645
6	0.01894	0.01760	0.16294	0.01636	0.09278	0.01434	0.05271	0.28833	0.01944	0.14272	0.01433	0.01497	0.01017	0.00634	0.00584	0.00174	0.00682	0.00520	0.00481	0.10362
7	0.01930	0.10168	0.03153	0.01204	0.01682	0.01197	0.08077	0.07357	0.05593	0.30602	0.04298	0.03719	0.01417	0.00683	0.00567	0.00165	0.00568	0.00577	0.00536	0.16508
8	0.01443	0.01406	0.08682	0.01242	0.03294	0.06682	0.01014	0.10327	0.26971	0.05460	0.03824	0.19311	0.05685	0.01040	0.00643	0.00204	0.00550	0.00881	0.00538	0.00805
9	0.01681	0.47441	0.02578	0.01420	0.10046	0.09458	0.01119	0.02129	0.12819	0.04396	0.01191	0.01280	0.00988	0.00584	0.00470	0.00151	0.00664	0.00420	0.00341	0.00823
10	0.01775	0.00825	0.01066	0.00886	0.01209	0.00718	0.00706	0.02003	0.01638	0.40046	0.21882	0.03520	0.19077	0.01045	0.00656	0.00191	0.00406	0.00879	0.00682	0.00790
11	0.01126	0.13217	0.01493	0.01468	0.17636	0.01061	0.00892	0.01279	0.01127	0.01495	0.01846	0.10673	0.02011	0.32287	0.01598	0.00351	0.00596	0.08873	0.00374	0.00596
12	0.02171	0.18313	0.01957	0.01247	0.01700	0.11300	0.01049	0.27819	0.07291	0.19029	0.01530	0.01489	0.01102	0.00676	0.00549	0.00169	0.00665	0.00499	0.00523	0.00922
13	0.00875	0.00583	0.00656	0.00656	0.00656	0.00583	0.00365	0.00875	0.00875	0.01166	0.01895	0.03937	0.02187	0.78858	0.03062	0.00583	0.00583	0.00875	0.00365	0.00365
14	0.00835	0.00614	0.00782	0.00740	0.00889	0.00561	0.00555	0.01104	0.01665	0.02322	0.66881	0.04643	0.13640	0.01264	0.00710	0.00191	0.00286	0.01109	0.00650	0.00561
15	0.01798	0.62608	0.02806	0.01086	0.01575	0.09591	0.01026	0.01991	0.01328	0.09952	0.01023	0.01102	0.00855	0.00552	0.00427	0.00138	0.00672	0.00361	0.00319	0.00794
16	0.01407	0.41034	0.39573	0.01373	0.02076	0.01887	0.01628	0.01853	0.01246	0.01661	0.00958	0.01118	0.00767	0.00543	0.00479	0.00160	0.00767	0.00383	0.00256	0.00831
17	0.00815	0.00643	0.00754	0.00810	0.00987	0.00582	0.00663	0.01017	0.01377	0.01696	0.04925	0.06190	0.46155	0.01579	0.00759	0.00233	0.00405	0.29328	0.00557	0.00526
18	0.01291	0.01228	0.02085	0.44992	0.35351	0.01377	0.01748	0.01673	0.01276	0.01725	0.01097	0.01553	0.00868	0.00573	0.00599	0.00191	0.00764	0.00535	0.00281	0.00793

[dist]
# distance from previous block
# <min> <max>
0	1

[block]
# block no. 3 follows, 38 sequences, length 32
# corresponding to MSA columns:
# 158-189
name=unknown_D
#
# <colnr> <probs for GDERKNQSTAVLIFYWHMCP>
#	G	D	E	R	K	N	Q	S	T	A	V	L	I	F	Y	W	H	M	C	P
0	0.01415	0.05386	0.03152	0.09798	0.16908	0.01529	0.49000	0.01868	0.01380	0.01872	0.01168	0.01563	0.00903	0.00522	0.00662	0.00194	0.00918	0.00641	0.00297	0.00823
1	0.02400	0.01091	0.01387	0.01109	0.01543	0.01037	0.00901	0.02998	0.19721	0.57347	0.02392	0.02097	0.01576	0.00762	0.00607	0.00191	0.00503	0.00624	0.00712	0.01006
2	0.02454	0.00961	0.01309	0.01041	0.01453	0.00835	0.00844	0.02671	0.01651	0.66295	0.02491	0.11578	0.01800	0.00887	0.00625	0.00193	0.00492	0.00743	0.00721	0.00957
3	0.01345	0.01562	0.09664	0.04407	0.26417	0.01356	0.32183	0.01790	0.01419	0.01989	0.10348	0.01903	0.01503	0.00615	0.00657	0.00192	0.00808	0.00671	0.00341	0.00831
4	0.01620	0.21119	0.02427	0.01598	0.01901	0.19030	0.13388	0.01836	0.01261	0.01527	0.00906	0.01228	0.00803	0.00727	0.01035	0.00195	0.27922	0.00475	0.00279	0.00722
5	0.02188	0.01004	0.01300	0.01031	0.01418	0.00928	0.00838	0.11235	0.01855	0.48375	0.20286	0.02581	0.02473	0.00863	0.00631	0.00186	0.00474	0.00717	0.00706	0.00910
6	0.01324	0.21336	0.28474	0.01638	0.02245	0.01575	0.21115	0.01757	0.01250	0.01697	0.01159	0.01624	0.00984	0.10303	0.00874	0.00227	0.00824	0.00541	0.00282	0.00773
7	0.01696	0.02264	0.10767	0.01411	0.01762	0.44457	0.04693	0.01931	0.01529	0.01577	0.01935	0.10510	0.11223	0.00874	0.00603	0.00178	0.00868	0.00680	0.00365	0.00678
8	0.00986	0.00950	0.01748	0.01431	0.01711	0.00878	0.27580	0.01249	0.01291	0.01698	0.03031	0.36694	0.15568	0.01305	0.00736	0.00221	0.00590	0.01257	0.00463	0.00613
9	0.02310	0.02453	0.01682	0.01464	0.01820	0.55403	0.01125	0.13481	0.01882	0.11068	0.01190	0.01261	0.00903	0.00651	0.00559	0.00163	0.00948	0.00439	0.00410	0.00789
10	0.23755	0.01961	0.01508	0.20232	0.02241	0.37514	0.01151	0.02016	0.01396	0.01819	0.00940	0.01185	0.00748	0.00599	0.00511	0.00175	0.00848	0.00407	0.00316	0.00678
11	0.00871	0.00598	0.00733	0.00733	0.00760	0.00625	0.00461	0.00924	0.00898	0.01224	0.01825	0.03545	0.02017	0.60349	0.21339	0.00679	0.00839	0.00817	0.00354	0.00407
12	0.00785	0.00612	0.00712	0.00687	0.00858	0.00539	0.00515	0.01007	0.01546	0.02040	0.42323	0.05106	0.38374	0.01369	0.00710	0.00196	0.00294	0.01174	0.00613	0.00539
13	0.00859	0.00645	0.00967	0.00967	0.01074	0.00752	0.00752	0.01074	0.00967	0.01396	0.01611	0.02363	0.01504	0.04512	0.76474	0.00967	0.01611	0.00645	0.00322	0.00537
14	0.01207	0.03112	0.75741	0.01715	0.02604	0.01397	0.02223	0.01905	0.01270	0.01905	0.01080	0.01270	0.00762	0.00572	0.00572	0.00191	0.00889	0.00445	0.00254	0.00889
15	0.01250	0.01077	0.01267	0.00914	0.01431	0.00837	0.00733	0.01513	0.01237	0.01943	0.01060	0.01250	0.00888	0.00466	0.00496	0.00095	0.03017	0.00362	0.00353	0.79813
16	0.01496	0.01292	0.01360	0.01224	0.01564	0.01496	0.00952	0.03197	0.74019	0.02516	0.02448	0.02244	0.01836	0.00816	0.00612	0.00204	0.00476	0.00680	0.00612	0.00952
17	0.02287	0.01685	0.01805	0.01384	0.01866	0.01866	0.01143	0.73100	0.02828	0.03791	0.01444	0.01444	0.01023	0.00722	0.00602	0.00181	0.00662	0.00542	0.00602	0.01023
18	0.83108	0.01163	0.00884	0.00791	0.01163	0.01350	0.00651	0.01768	0.01024	0.02699	0.00838	0.00977	0.00651	0.00558	0.00372	0.00186	0.00465	0.00326	0.00372	0.00651
19	0.00822	0.00587	0.00800	0.00939	0.01013	0.00565	0.00713	0.00991	0.01239	0.01635	0.03267	0.51551	0.03785	0.01801	0.00792	0.00257	0.00426	0.27748	0.00557	0.00513
20	0.00859	0.00645	0.00967	0.00967	0.01074	0.00752	0.00752	0.01074	0.00967	0.01396	0.01611	0.02363	0.01504	0.04512	0.76474	0.00967	0.01611	0.00645	0.00322	0.00537
21	0.00859	0.00645	0.00967	0.00967	0.01074	0.00752	0.00752	0.01074	0.00967	0.01396	0.01611	0.02363	0.01504	0.04512	0.76474	0.00967	0.01611	0.00645	0.00322	0.00537
22	0.01608	0.79220	0.03152	0.01029	0.01544	0.02380	0.01029	0.01801	0.01222	0.01415	0.00836	0.00965	0.00772	0.00515	0.00386	0.00129	0.00643	0.00322	0.00257	0.00772
23	0.01372	0.01262	0.01832	0.01356	0.01858	0.01147	0.17041	0.05368	0.10427	0.02092	0.01281	0.01469	0.01016	0.00545	0.00597	0.00141	0.03811	0.00493	0.00385	0.46508
24	0.01747	0.01547	0.06395	0.06564	0.47415	0.07375	0.01620	0.02087	0.01450	0.15955	0.01346	0.01556	0.01022	0.00588	0.00592	0.00180	0.00720	0.00532	0.00380	0.00928
25	0.01698	0.01392	0.01474	0.01265	0.01641	0.01590	0.01001	0.21003	0.55885	0.02841	0.02193	0.02041	0.01629	0.00792	0.00609	0.00198	0.00523	0.00645	0.00609	0.00970
26	0.72929	0.01197	0.01078	0.01153	0.10385	0.01359	0.00800	0.01778	0.01067	0.02608	0.00874	0.01041	0.00689	0.00556	0.00400	0.00185	0.00496	0.00352	0.00363	0.00689
27	0.00861	0.00637	0.00928	0.00928	0.01022	0.00731	0.00704	0.01049	0.00955	0.01368	0.01647	0.02560	0.01589	0.13784	0.67319	0.00919	0.01483	0.00673	0.00328	0.00516
28	0.00859	0.00645	0.00967	0.00967	0.01074	0.00752	0.00752	0.01074	0.00967	0.01396	0.01611	0.02363	0.01504	0.04512	0.76474	0.00967	0.01611	0.00645	0.00322	0.00537
29	0.00859	0.00645	0.00967	0.00967	0.01074	0.00752	0.00752	0.01074	0.00967	0.01396	0.01611	0.02363	0.01504	0.04512	0.76474	0.00967	0.01611	0.00645	0.00322	0.00537
30	0.02247	0.02867	0.01705	0.01550	0.01860	0.76443	0.01162	0.02402	0.01705	0.01472	0.00930	0.01085	0.00775	0.00620	0.00542	0.00155	0.01085	0.00387	0.00310	0.00697
31	0.02415	0.01194	0.01479	0.01126	0.01604	0.01118	0.00927	0.20224	0.01938	0.48490	0.01979	0.01798	0.01299	0.00702	0.00584	0.00173	0.00541	0.00558	0.00661	0.11189

[dist]
# distance from previous block
# <min> <max>
0	1

[block]
# block no. 4 follows, 38 sequences, length 38
# corresponding to MSA columns:
# 191-228
name=unknown_E
#
# <colnr> <probs for GDERKNQSTAVLIFYWHMCP>
#	G	D	E	R	K	N	Q	S	T	A	V	L	I	F	Y	W	H	M	C	P
0	0.01083	0.02489	0.57052	0.01440	0.02158	0.01176	0.01783	0.01646	0.01295	0.01835	0.02327	0.02394	0.19195	0.00808	0.00606	0.00194	0.00744	0.00650	0.00330	0.00794
1	0.00891	0.00691	0.01027	0.01009	0.01109	0.00827	0.00791	0.01100	0.00964	0.01400	0.01555	0.02291	0.01455	0.04274	0.71346	0.00918	0.06853	0.00636	0.00318	0.00545
2	0.70601	0.13141	0.01232	0.00828	0.01222	0.01508	0.00709	0.01773	0.01054	0.02502	0.00837	0.00975	0.00670	0.00552	0.00374	0.00177	0.00493	0.00325	0.00355	0.00670
3	0.00733	0.00524	0.00698	0.00838	0.00873	0.00489	0.00558	0.00838	0.01152	0.01536	0.03316	0.78466	0.03979	0.01885	0.00768	0.00244	0.00349	0.01710	0.00558	0.00489
4	0.00973	0.00812	0.01185	0.01119	0.01200	0.01023	0.00892	0.01167	0.00955	0.01409	0.01407	0.02103	0.01326	0.03651	0.57942	0.00792	0.20553	0.00615	0.00308	0.00567
5	0.00859	0.00645	0.00967	0.00967	0.01074	0.00752	0.00752	0.01074	0.00967	0.01396	0.01611	0.02363	0.01504	0.04512	0.76474	0.00967	0.01611	0.00645	0.00322	0.00537
6	0.01691	0.69314	0.02965	0.01097	0.01585	0.11990	0.01047	0.01879	0.01285	0.01423	0.00848	0.00981	0.00772	0.00528	0.00406	0.00132	0.00701	0.00330	0.00264	0.00762
7	0.83108	0.01163	0.00884	0.00791	0.01163	0.01350	0.00651	0.01768	0.01024	0.02699	0.00838	0.00977	0.00651	0.00558	0.00372	0.00186	0.00465	0.00326	0.00372	0.00651
8	0.02007	0.02444	0.01852	0.01614	0.01884	0.54718	0.05722	0.03940	0.01556	0.01554	0.00932	0.01175	0.00793	0.00703	0.00845	0.00181	0.16628	0.00440	0.00307	0.00705
9	0.01555	0.11503	0.01772	0.20191	0.02255	0.07202	0.01175	0.09375	0.34106	0.02177	0.01685	0.01754	0.01282	0.00700	0.00574	0.00187	0.00642	0.00562	0.00457	0.00846
10	0.83108	0.01163	0.00884	0.00791	0.01163	0.01350	0.00651	0.01768	0.01024	0.02699	0.00838	0.00977	0.00651	0.00558	0.00372	0.00186	0.00465	0.00326	0.00372	0.00651
11	0.01267	0.00860	0.00709	0.00689	0.00851	0.10406	0.00517	0.01532	0.01319	0.02143	0.01828	0.02093	0.01442	0.00690	0.00436	0.00142	0.00385	0.00538	0.71574	0.00578
12	0.00883	0.00629	0.00943	0.00943	0.01037	0.00722	0.00722	0.01037	0.00943	0.01351	0.01538	0.02294	0.01444	0.04198	0.66857	0.11545	0.01470	0.00629	0.00314	0.00501
13	0.00828	0.00614	0.00900	0.00935	0.01024	0.00686	0.00704	0.01015	0.01013	0.01431	0.02035	0.21294	0.02120	0.03858	0.57642	0.00787	0.01297	0.00910	0.00381	0.00525
14	0.01841	0.01644	0.01942	0.16941	0.20526	0.11225	0.01421	0.30789	0.03447	0.02570	0.01247	0.01457	0.00947	0.00641	0.00593	0.00181	0.00753	0.00522	0.00423	0.00892
15	0.00844	0.00623	0.00902	0.00921	0.01008	0.00702	0.00690	0.01025	0.00982	0.01393	0.01859	0.12386	0.01890	0.11219	0.59692	0.00837	0.01350	0.00805	0.00357	0.00514
16	0.02036	0.28101	0.02183	0.01378	0.01755	0.51966	0.01118	0.02204	0.01545	0.01453	0.00899	0.01045	0.00774	0.00585	0.00491	0.00146	0.00939	0.00366	0.00293	0.00722
17	0.01373	0.06976	0.16066	0.01751	0.02238	0.03421	0.23541	0.01848	0.05836	0.01814	0.01124	0.01423	0.00900	0.00654	0.00895	0.00193	0.17700	0.00538	0.00309	0.11399
18	0.07815	0.06240	0.25614	0.11228	0.02256	0.01341	0.03425	0.06048	0.06456	0.21538	0.01507	0.01566	0.01044	0.00640	0.00567	0.00188	0.00695	0.00512	0.00440	0.00881
19	0.01472	0.01493	0.07078	0.02622	0.42280	0.01452	0.01534	0.02361	0.28860	0.02170	0.01626	0.01760	0.01274	0.00644	0.00600	0.00189	0.00636	0.00584	0.00414	0.00948
20	0.01775	0.35463	0.02640	0.01725	0.11664	0.25850	0.09453	0.02014	0.01419	0.01566	0.00950	0.01149	0.00813	0.00550	0.00501	0.00152	0.00837	0.00416	0.00285	0.00777
21	0.01625	0.02111	0.31831	0.01588	0.07075	0.01481	0.01551	0.30123	0.01928	0.02714	0.06776	0.01645	0.01286	0.00685	0.00588	0.00183	0.00710	0.00543	0.04650	0.00906
22	0.00865	0.00624	0.00863	0.00863	0.00935	0.00696	0.00623	0.01008	0.00936	0.01320	0.01706	0.02889	0.01732	0.29346	0.51952	0.00839	0.01268	0.00721	0.00336	0.00479
23	0.01242	0.21719	0.47937	0.01401	0.02108	0.01526	0.01697	0.01744	0.01271	0.01747	0.01670	0.01781	0.10378	0.00681	0.00543	0.00177	0.00752	0.00521	0.00294	0.00810
24	0.00875	0.00583	0.00656	0.00656	0.00656	0.00583	0.00365	0.00875	0.00875	0.01166	0.01895	0.03937	0.02187	0.78858	0.03062	0.00583	0.00583	0.00875	0.00365	0.00365
25	0.01203	0.01149	0.01625	0.01427	0.01454	0.01571	0.01176	0.01355	0.00933	0.01435	0.00994	0.01577	0.00967	0.01913	0.20506	0.00438	0.58816	0.00556	0.00278	0.00628
26	0.02287	0.01685	0.01805	0.01384	0.01866	0.01866	0.01143	0.73100	0.02828	0.03791	0.01444	0.01444	0.01023	0.00722	0.00602	0.00181	0.00662	0.00542	0.00602	0.01023
27	0.12018	0.01563	0.03204	0.02309	0.02887	0.01499	0.63544	0.01906	0.01368	0.02027	0.01168	0.01539	0.00879	0.00514	0.00666	0.00201	0.00943	0.00660	0.00313	0.00791
28	0.01546	0.00838	0.01072	0.00921	0.01196	0.00793	0.00722	0.01996	0.11092	0.26588	0.41470	0.03393	0.03794	0.01016	0.00662	0.00190	0.00384	0.00875	0.00683	0.00768
29	0.01175	0.01489	0.11964	0.01818	0.02312	0.01208	0.38949	0.01589	0.01345	0.01800	0.02429	0.02657	0.19326	0.01058	0.05939	0.00255	0.02798	0.00806	0.00361	0.00723
30	0.01438	0.00876	0.01151	0.00930	0.01267	0.00757	0.02683	0.01752	0.03676	0.20253	0.34543	0.02941	0.03215	0.00884	0.00615	0.00164	0.00406	0.00765	0.00595	0.21087
31	0.01567	0.01960	0.21133	0.02081	0.02733	0.01491	0.41063	0.11225	0.01586	0.07229	0.01292	0.01541	0.00929	0.00567	0.00654	0.00196	0.00903	0.00615	0.00361	0.00873
32	0.02084	0.01393	0.03779	0.01306	0.01762	0.08630	0.08408	0.02674	0.17379	0.35795	0.01970	0.01855	0.01358	0.00691	0.00596	0.00180	0.00618	0.00583	0.00577	0.08361
33	0.01493	0.06894	0.01376	0.01179	0.01436	0.25936	0.00937	0.03836	0.10255	0.01865	0.11653	0.05656	0.07760	0.01052	0.00646	0.00197	0.00669	0.16012	0.00476	0.00673
34	0.01441	0.03617	0.15497	0.01739	0.10698	0.13129	0.11559	0.06577	0.01479	0.03654	0.03669	0.16608	0.03607	0.00875	0.00630	0.00191	0.00737	0.00776	0.00392	0.03126
35	0.01699	0.01722	0.20302	0.01983	0.19092	0.01272	0.07684	0.03942	0.09478	0.19933	0.01643	0.03885	0.01218	0.00665	0.00605	0.00188	0.00690	0.00591	0.00447	0.02963
36	0.02015	0.03571	0.06355	0.01711	0.17402	0.01229	0.01196	0.02667	0.19530	0.34841	0.01999	0.01896	0.01393	0.00700	0.00596	0.00188	0.00574	0.00590	0.00571	0.00975
37	0.06718	0.10214	0.25136	0.01689	0.14103	0.05309	0.01455	0.02045	0.02787	0.15504	0.08065	0.01703	0.01394	0.00658	0.00561	0.00179	0.00685	0.00529	0.00407	0.00859

[dist]
# distance from previous block
# <min> <max>
30	90

[block]
# block no. 5 follows, 38 sequences, length 7
# corresponding to MSA columns:
# 336-342
name=unknown_F
#
# <colnr> <probs for GDERKNQSTAVLIFYWHMCP>
#	G	D	E	R	K	N	Q	S	T	A	V	L	I	F	Y	W	H	M	C	P
0	0.01566	0.01627	0.09441	0.09284	0.51253	0.04779	0.01754	0.06240	0.01465	0.05130	0.01184	0.01480	0.00941	0.00569	0.00592	0.00181	0.00744	0.00524	0.00329	0.00919
1	0.01538	0.01444	0.02019	0.23506	0.30824	0.06574	0.01564	0.11484	0.06069	0.02058	0.01202	0.01523	0.00952	0.00638	0.00689	0.00191	0.05994	0.00535	0.00349	0.00846
2	0.01323	0.01189	0.01850	0.58027	0.08485	0.01442	0.01592	0.11078	0.01415	0.01861	0.01108	0.01559	0.00841	0.00639	0.00679	0.00200	0.05131	0.00535	0.00314	0.00734
3	0.01399	0.01332	0.01993	0.14261	0.21554	0.01653	0.01502	0.06419	0.01215	0.01758	0.00970	0.01417	0.00851	0.00821	0.01295	0.00225	0.39746	0.00531	0.00296	0.00763
4	0.01230	0.01174	0.01935	0.52530	0.17722	0.01424	0.01656	0.01585	0.01197	0.01609	0.01043	0.01542	0.00830	0.00651	0.00789	0.00205	0.11350	0.00534	0.00273	0.00723
5	0.01762	0.14819	0.04531	0.02012	0.20500	0.08462	0.06227	0.15940	0.04873	0.05694	0.01214	0.01401	0.00961	0.00649	0.00700	0.00180	0.08310	0.00505	0.00383	0.00876
6	0.01579	0.01210	0.01696	0.20538	0.05604	0.01460	0.01277	0.11737	0.01437	0.12105	0.04137	0.01681	0.01154	0.00818	0.01065	0.00213	0.26906	0.00565	0.04048	0.00768

[dist]
# distance from previous block
# <min> <max>
1	43

[block]
# block no. 6 follows, 38 sequences, length 17
# corresponding to MSA columns:
# 395-411
name=unknown_G
#
# <colnr> <probs for GDERKNQSTAVLIFYWHMCP>
#	G	D	E	R	K	N	Q	S	T	A	V	L	I	F	Y	W	H	M	C	P
0	0.03168	0.20066	0.10779	0.03343	0.10616	0.03166	0.01226	0.17644	0.04071	0.05363	0.06618	0.01738	0.04303	0.00683	0.00545	0.00167	0.00635	0.00536	0.00420	0.04913
1	0.07968	0.05492	0.14711	0.05591	0.05274	0.04138	0.01089	0.01827	0.01378	0.16754	0.11213	0.04712	0.01843	0.05956	0.02153	0.00222	0.00603	0.00638	0.07689	0.00748
2	0.01401	0.44974	0.10430	0.01062	0.01508	0.06648	0.01044	0.01667	0.01376	0.01713	0.18309	0.01983	0.04262	0.00727	0.00503	0.00154	0.00605	0.00549	0.00365	0.00724
3	0.01562	0.01009	0.01529	0.12082	0.21451	0.00993	0.01150	0.01844	0.01471	0.21932	0.13354	0.02801	0.07028	0.04748	0.00759	0.00212	0.00562	0.04213	0.00506	0.00794
4	0.01207	0.03112	0.75741	0.01715	0.02604	0.01397	0.02223	0.01905	0.01270	0.01905	0.01080	0.01270	0.00762	0.00572	0.00572	0.00191	0.00889	0.00445	0.00254	0.00889
5	0.01388	0.37414	0.43025	0.01406	0.02126	0.01840	0.01685	0.01858	0.01249	0.01684	0.00970	0.01133	0.00767	0.00546	0.00488	0.00163	0.00778	0.00389	0.00256	0.00836
6	0.83108	0.01163	0.00884	0.00791	0.01163	0.01350	0.00651	0.01768	0.01024	0.02699	0.00838	0.00977	0.00651	0.00558	0.00372	0.00186	0.00465	0.00326	0.00372	0.00651
7	0.01207	0.03112	0.75741	0.01715	0.02604	0.01397	0.02223	0.01905	0.01270	0.01905	0.01080	0.01270	0.00762	0.00572	0.00572	0.00191	0.00889	0.00445	0.00254	0.00889
8	0.00731	0.00532	0.00689	0.00814	0.00866	0.00491	0.00548	0.00840	0.01174	0.01545	0.03598	0.71077	0.11185	0.01848	0.00762	0.00240	0.00345	0.01665	0.00558	0.00491
9	0.02133	0.01872	0.16131	0.01406	0.01964	0.01641	0.01318	0.49687	0.02374	0.13202	0.01500	0.01493	0.01036	0.00696	0.00596	0.00183	0.00686	0.00531	0.00554	0.00997
10	0.01699	0.09508	0.11033	0.01720	0.02269	0.01697	0.23524	0.24527	0.13299	0.02554	0.01429	0.01558	0.01062	0.00632	0.00612	0.00187	0.00767	0.00583	0.00436	0.00905
11	0.02205	0.01850	0.07284	0.01417	0.01920	0.05538	0.01224	0.64305	0.02657	0.03536	0.01392	0.01414	0.00991	0.00706	0.00597	0.00180	0.00700	0.00527	0.00561	0.00997
12	0.04456	0.11727	0.20222	0.01392	0.01965	0.01773	0.01368	0.39514	0.07006	0.02905	0.01326	0.01380	0.00970	0.00660	0.00561	0.00178	0.00697	0.00492	0.00466	0.00942
13	0.01983	0.19407	0.12443	0.01350	0.01896	0.01916	0.01268	0.47036	0.02248	0.02991	0.01256	0.01312	0.00930	0.00654	0.00549	0.00170	0.00689	0.00478	0.00475	0.00948
14	0.06827	0.07384	0.01834	0.01307	0.01787	0.01838	0.01092	0.61288	0.02552	0.03490	0.01352	0.01375	0.00979	0.00688	0.00567	0.00174	0.00642	0.00507	0.00555	0.03763
15	0.09254	0.10171	0.11041	0.01445	0.04482	0.01757	0.03774	0.42884	0.02164	0.05456	0.01291	0.01357	0.00940	0.00653	0.00558	0.00178	0.00680	0.00494	0.00485	0.00936
16	0.04159	0.08982	0.01813	0.01289	0.01734	0.04301	0.01071	0.53301	0.06501	0.03294	0.06403	0.01627	0.01344	0.00735	0.00581	0.00177	0.00633	0.00555	0.00558	0.00944

[dist]
# distance from previous block
# <min> <max>
12	29

[block]
# block no. 7 follows, 38 sequences, length 30
# corresponding to MSA columns:
# 441-470
name=unknown_H
#
# <colnr> <probs for GDERKNQSTAVLIFYWHMCP>
#	G	D	E	R	K	N	Q	S	T	A	V	L	I	F	Y	W	H	M	C	P
0	0.10204	0.11185	0.03785	0.12458	0.11053	0.07620	0.02581	0.20251	0.01736	0.11671	0.01278	0.01412	0.00944	0.00626	0.00548	0.00177	0.00693	0.00487	0.00431	0.00861
1	0.01264	0.14094	0.01537	0.01238	0.09823	0.01164	0.00879	0.11881	0.01748	0.02395	0.42983	0.03102	0.03617	0.00954	0.00626	0.00177	0.00450	0.00814	0.00543	0.00714
2	0.01588	0.01314	0.04018	0.10183	0.03650	0.01203	0.06983	0.18277	0.01675	0.07728	0.03502	0.01529	0.01099	0.00585	0.00549	0.00148	0.00604	0.00497	0.00432	0.34436
3	0.01372	0.01006	0.01250	0.01284	0.09870	0.01033	0.00882	0.06459	0.18796	0.10927	0.17440	0.04938	0.17811	0.01032	0.00694	0.00197	0.02787	0.00870	0.00577	0.00775
4	0.01051	0.01478	0.24507	0.01344	0.09971	0.00938	0.01123	0.01313	0.01057	0.01492	0.01549	0.02811	0.01594	0.45053	0.01989	0.00412	0.00695	0.00700	0.00322	0.00598
5	0.01586	0.01448	0.02554	0.02979	0.44642	0.01431	0.19540	0.04290	0.06091	0.07431	0.01338	0.01610	0.01041	0.00568	0.00626	0.00187	0.00758	0.00594	0.00362	0.00925
6	0.09085	0.01088	0.01344	0.03313	0.09986	0.01117	0.00903	0.13637	0.06187	0.21099	0.03985	0.02336	0.01581	0.20326	0.01203	0.00286	0.00572	0.00647	0.00516	0.00789
7	0.25738	0.01322	0.01636	0.06498	0.16037	0.05715	0.05149	0.05699	0.01453	0.23095	0.01403	0.01487	0.00998	0.00619	0.00537	0.00184	0.00626	0.00495	0.00461	0.00847
8	0.40702	0.01566	0.05960	0.01101	0.01500	0.10213	0.00931	0.08598	0.19606	0.02557	0.01323	0.01368	0.01004	0.00646	0.00486	0.00187	0.00585	0.00449	0.00438	0.00781
9	0.16322	0.01486	0.10271	0.44528	0.03117	0.06465	0.01480	0.06248	0.01316	0.01933	0.01042	0.01405	0.00782	0.00599	0.00552	0.00192	0.00761	0.00476	0.00309	0.00716
10	0.00868	0.00610	0.00790	0.00790	0.00837	0.00656	0.00532	0.00961	0.00915	0.01266	0.01773	0.03257	0.01892	0.46759	0.34758	0.00749	0.01027	0.00775	0.00346	0.00439
11	0.01468	0.01752	0.11598	0.02657	0.21065	0.01506	0.42233	0.06446	0.01480	0.02053	0.01194	0.01537	0.00912	0.00536	0.00658	0.00194	0.00902	0.00625	0.00316	0.00869
12	0.01561	0.70324	0.11637	0.01109	0.01668	0.02265	0.01169	0.01813	0.01228	0.01473	0.00865	0.01001	0.00771	0.00521	0.00408	0.00136	0.00672	0.00336	0.00257	0.00786
13	0.00746	0.00611	0.00658	0.00646	0.00834	0.00523	0.00485	0.00932	0.01454	0.01823	0.23340	0.05464	0.57493	0.01450	0.00711	0.00200	0.00299	0.01224	0.00585	0.00523
14	0.02699	0.01024	0.01396	0.01070	0.01536	0.00884	0.00884	0.02932	0.01722	0.75522	0.02373	0.02048	0.01489	0.00745	0.00605	0.00186	0.00512	0.00605	0.00745	0.01024
15	0.01478	0.01418	0.02422	0.06016	0.72869	0.01426	0.01841	0.01836	0.01365	0.01952	0.01130	0.01493	0.00948	0.00538	0.00596	0.00179	0.00717	0.00536	0.00297	0.00944
16	0.01395	0.01333	0.02271	0.23409	0.56126	0.01405	0.01799	0.01764	0.01325	0.01851	0.01115	0.01520	0.00913	0.00554	0.00597	0.00185	0.00738	0.00536	0.00290	0.00877
17	0.00859	0.00645	0.00967	0.00967	0.01074	0.00752	0.00752	0.01074	0.00967	0.01396	0.01611	0.02363	0.01504	0.04512	0.76474	0.00967	0.01611	0.00645	0.00322	0.00537
18	0.01247	0.01069	0.01247	0.00891	0.01426	0.00802	0.00713	0.01515	0.01247	0.01960	0.01069	0.01247	0.00891	0.00446	0.00446	0.00089	0.00446	0.00356	0.00356	0.82536
19	0.01247	0.01069	0.01247	0.00891	0.01426	0.00802	0.00713	0.01515	0.01247	0.01960	0.01069	0.01247	0.00891	0.00446	0.00446	0.00089	0.00446	0.00356	0.00356	0.82536
20	0.02200	0.01619	0.01750	0.01366	0.01825	0.01788	0.01132	0.68345	0.02733	0.03660	0.01559	0.01798	0.01184	0.00784	0.00617	0.00187	0.00655	0.05208	0.00599	0.00992
21	0.00733	0.00524	0.00698	0.00838	0.00873	0.00489	0.00558	0.00838	0.01152	0.01536	0.03316	0.78466	0.03979	0.01885	0.00768	0.00244	0.00349	0.01710	0.00558	0.00489
22	0.01136	0.01069	0.01804	0.77412	0.04143	0.01337	0.01671	0.01537	0.01203	0.01537	0.01069	0.01604	0.00802	0.00601	0.00601	0.00200	0.00802	0.00535	0.00267	0.00668
23	0.00771	0.00613	0.00701	0.00742	0.00906	0.00543	0.00572	0.00948	0.01366	0.01698	0.09794	0.15925	0.47330	0.01579	0.00741	0.00221	0.00355	0.14113	0.00565	0.00518
24	0.00766	0.00620	0.00685	0.00693	0.00878	0.00540	0.00536	0.00956	0.01431	0.01783	0.17749	0.05680	0.54435	0.01488	0.00725	0.00209	0.00330	0.09395	0.00576	0.00524
25	0.00851	0.00615	0.00804	0.00757	0.00899	0.00568	0.00568	0.01135	0.01703	0.02412	0.74788	0.04494	0.05676	0.01230	0.00710	0.00189	0.00284	0.01088	0.00662	0.00568
26	0.01342	0.01491	0.03131	0.02389	0.07744	0.01397	0.59638	0.01797	0.01411	0.01894	0.01781	0.02101	0.09559	0.00628	0.00702	0.00201	0.00911	0.00764	0.00334	0.00785
27	0.01207	0.03112	0.75741	0.01715	0.02604	0.01397	0.02223	0.01905	0.01270	0.01905	0.01080	0.01270	0.00762	0.00572	0.00572	0.00191	0.00889	0.00445	0.00254	0.00889
28	0.01689	0.01388	0.01469	0.01263	0.01638	0.01586	0.00999	0.20247	0.56654	0.02827	0.02204	0.02049	0.01638	0.00793	0.00610	0.00198	0.00521	0.00646	0.00610	0.00969
29	0.04808	0.16569	0.01943	0.01425	0.01780	0.58108	0.01121	0.04612	0.01632	0.01579	0.00927	0.01072	0.00778	0.00602	0.00510	0.00152	0.00971	0.00379	0.00312	0.00720

[dist]
# distance from previous block
# <min> <max>
0	2

[block]
# block no. 8 follows, 38 sequences, length 52
# corresponding to MSA columns:
# 473-496,498-525
name=unknown_I
#
# <colnr> <probs for GDERKNQSTAVLIFYWHMCP>
#	G	D	E	R	K	N	Q	S	T	A	V	L	I	F	Y	W	H	M	C	P
0	0.07717	0.18246	0.21409	0.05381	0.06954	0.01592	0.01391	0.10681	0.06685	0.12450	0.01337	0.01416	0.00981	0.00618	0.00532	0.00176	0.00680	0.00472	0.00403	0.00879
1	0.00749	0.00535	0.00716	0.00856	0.00898	0.00502	0.00586	0.00865	0.01168	0.01554	0.03307	0.73607	0.03944	0.01870	0.00772	0.00247	0.00363	0.06411	0.00558	0.00493
2	0.01469	0.06652	0.02299	0.03119	0.58836	0.01466	0.01639	0.01960	0.09702	0.01975	0.01346	0.04475	0.01158	0.00618	0.00590	0.00181	0.00668	0.00583	0.00341	0.00923
3	0.00937	0.00641	0.00789	0.00736	0.00917	0.00572	0.00558	0.01180	0.01610	0.07145	0.50411	0.04695	0.25001	0.01280	0.00703	0.00193	0.00305	0.01107	0.00638	0.00582
4	0.83108	0.01163	0.00884	0.00791	0.01163	0.01350	0.00651	0.01768	0.01024	0.02699	0.00838	0.00977	0.00651	0.00558	0.00372	0.00186	0.00465	0.00326	0.00372	0.00651
5	0.02176	0.01772	0.05666	0.01562	0.06868	0.03752	0.01247	0.62752	0.02620	0.03510	0.01391	0.01429	0.00998	0.00699	0.00598	0.00180	0.00688	0.00532	0.00556	0.01003
6	0.00733	0.00524	0.00698	0.00838	0.00873	0.00489	0.00558	0.00838	0.01152	0.01536	0.03316	0.78466	0.03979	0.01885	0.00768	0.00244	0.00349	0.01710	0.00558	0.00489
7	0.01368	0.01137	0.01418	0.01213	0.01316	0.01405	0.00945	0.16529	0.01312	0.01849	0.01318	0.02264	0.01330	0.28308	0.02063	0.00358	0.34210	0.00652	0.00371	0.00633
8	0.00742	0.00560	0.00688	0.00773	0.00869	0.00506	0.00542	0.00878	0.01261	0.01630	0.08976	0.49708	0.25001	0.01727	0.00749	0.00229	0.00338	0.03754	0.00565	0.00502
9	0.00753	0.00611	0.00668	0.00654	0.00838	0.00526	0.00490	0.00945	0.01471	0.01861	0.26670	0.05401	0.54138	0.01436	0.00711	0.00199	0.00298	0.01215	0.00590	0.00526
10	0.01496	0.01292	0.01360	0.01224	0.01564	0.01496	0.00952	0.03197	0.74019	0.02516	0.02448	0.02244	0.01836	0.00816	0.00612	0.00204	0.00476	0.00680	0.00612	0.00952
11	0.00922	0.00617	0.00834	0.00834	0.00935	0.00686	0.00626	0.01125	0.01024	0.01564	0.01729	0.02534	0.01599	0.13004	0.49591	0.00727	0.01173	0.00654	0.19302	0.00521
12	0.01489	0.01429	0.02442	0.03692	0.75106	0.01429	0.01846	0.01846	0.01370	0.01965	0.01132	0.01489	0.00953	0.00536	0.00596	0.00179	0.00715	0.00536	0.00298	0.00953
13	0.83108	0.01163	0.00884	0.00791	0.01163	0.01350	0.00651	0.01768	0.01024	0.02699	0.00838	0.00977	0.00651	0.00558	0.00372	0.00186	0.00465	0.00326	0.00372	0.00651
14	0.83108	0.01163	0.00884	0.00791	0.01163	0.01350	0.00651	0.01768	0.01024	0.02699	0.00838	0.00977	0.00651	0.00558	0.00372	0.00186	0.00465	0.00326	0.00372	0.00651
15	0.02035	0.01560	0.01664	0.01333	0.01770	0.01748	0.01083	0.50863	0.25475	0.03386	0.01764	0.01699	0.01282	0.00752	0.00605	0.00188	0.00603	0.00586	0.00605	0.01001
16	0.00733	0.00524	0.00698	0.00838	0.00873	0.00489	0.00558	0.00838	0.01152	0.01536	0.03316	0.78466	0.03979	0.01885	0.00768	0.00244	0.00349	0.01710	0.00558	0.00489
17	0.83108	0.01163	0.00884	0.00791	0.01163	0.01350	0.00651	0.01768	0.01024	0.02699	0.00838	0.00977	0.00651	0.00558	0.00372	0.00186	0.00465	0.00326	0.00372	0.00651
18	0.01136	0.01069	0.01804	0.77412	0.04143	0.01337	0.01671	0.01537	0.01203	0.01537	0.01069	0.01604	0.00802	0.00601	0.00601	0.00200	0.00802	0.00535	0.00267	0.00668
19	0.01207	0.03112	0.75741	0.01715	0.02604	0.01397	0.02223	0.01905	0.01270	0.01905	0.01080	0.01270	0.00762	0.00572	0.00572	0.00191	0.00889	0.00445	0.00254	0.00889
20	0.83108	0.01163	0.00884	0.00791	0.01163	0.01350	0.00651	0.01768	0.01024	0.02699	0.00838	0.00977	0.00651	0.00558	0.00372	0.00186	0.00465	0.00326	0.00372	0.00651
21	0.02221	0.02078	0.04476	0.01550	0.07443	0.37823	0.01158	0.07802	0.03385	0.21967	0.03365	0.01529	0.01155	0.00674	0.00575	0.00171	0.00826	0.00497	0.00464	0.00841
22	0.01316	0.01316	0.01843	0.01579	0.01579	0.01843	0.01316	0.01448	0.00921	0.01448	0.00790	0.01316	0.00790	0.01053	0.01974	0.00263	0.77757	0.00526	0.00263	0.00658
23	0.01608	0.79220	0.03152	0.01029	0.01544	0.02380	0.01029	0.01801	0.01222	0.01415	0.00836	0.00965	0.00772	0.00515	0.00386	0.00129	0.00643	0.00322	0.00257	0.00772
24	0.00851	0.00615	0.00804	0.00757	0.00899	0.00568	0.00568	0.01135	0.01703	0.02412	0.74788	0.04494	0.05676	0.01230	0.00710	0.00189	0.00284	0.01088	0.00662	0.00568
25	0.00712	0.00604	0.00615	0.00625	0.00817	0.00507	0.00464	0.00862	0.01356	0.01619	0.05906	0.10716	0.70057	0.01548	0.00715	0.00206	0.00308	0.01299	0.00559	0.00507
