[name]
unknown

[dist]
# distance from previous block
# <min> <max>
5	407

[block]
# block no. 0 follows, 49 sequences, length 54
# corresponding to MSA columns:
# 418-471
name=unknown_A
#
# <colnr> <probs for GDERKNQSTAVLIFYWHMCP>
#	G	D	E	R	K	N	Q	S	T	A	V	L	I	F	Y	W	H	M	C	P
0	0.05538	0.04910	0.12709	0.07382	0.03602	0.08577	0.01009	0.20212	0.08432	0.01989	0.02763	0.05811	0.02620	0.00608	0.00475	0.00146	0.00554	0.00480	0.00362	0.11823
1	0.03743	0.09834	0.12629	0.07138	0.01631	0.16071	0.02523	0.13362	0.04951	0.01780	0.08312	0.02921	0.01174	0.00594	0.00517	0.00145	0.03863	0.00451	0.00332	0.08030
2	0.09156	0.06475	0.01014	0.00797	0.01045	0.10489	0.00631	0.08347	0.06644	0.09062	0.05224	0.07336	0.01368	0.00653	0.00433	0.00139	0.00422	0.00513	0.25257	0.04995
3	0.01274	0.02818	0.08849	0.00994	0.03203	0.07738	0.02530	0.04579	0.06742	0.09739	0.08923	0.01456	0.01247	0.00525	0.00450	0.00119	0.00478	0.00428	0.00367	0.37541
4	0.43507	0.07472	0.04108	0.02878	0.04952	0.01204	0.04121	0.09824	0.03457	0.02094	0.00864	0.00992	0.00674	0.00474	0.00381	0.00143	0.00469	0.00336	0.00320	0.11729
5	0.01171	0.08062	0.15754	0.01172	0.05096	0.01172	0.04814	0.08423	0.27454	0.01809	0.02864	0.05390	0.01319	0.09851	0.00731	0.00196	0.00523	0.00552	0.00377	0.03270
6	0.04512	0.01279	0.03074	0.01150	0.03019	0.10278	0.05947	0.10107	0.39778	0.05619	0.05217	0.01645	0.01351	0.00625	0.00502	0.00158	0.00510	0.00517	0.00446	0.04265
7	0.01232	0.01268	0.11717	0.01010	0.04241	0.06311	0.00866	0.05277	0.05002	0.06721	0.01078	0.02875	0.00863	0.00471	0.00427	0.00110	0.00482	0.00376	0.00329	0.49344
8	0.23295	0.01257	0.10420	0.00903	0.01305	0.06735	0.00807	0.03344	0.10969	0.09182	0.01115	0.01174	0.00840	0.00496	0.00410	0.00133	0.00472	0.00365	0.02174	0.24604
9	0.03050	0.01384	0.14621	0.01101	0.02546	0.07046	0.02085	0.03788	0.35168	0.09687	0.06855	0.01672	0.01399	0.00620	0.00496	0.00156	0.00501	0.00507	0.00430	0.06889
10	0.03484	0.01243	0.14807	0.01006	0.05012	0.02732	0.00882	0.03359	0.04687	0.01739	0.07061	0.01308	0.01079	0.00475	0.00426	0.00110	0.00459	0.00384	0.00317	0.49428
11	0.00765	0.00624	0.00875	0.00874	0.00974	0.03512	0.08361	0.00910	0.01028	0.01377	0.02423	0.57068	0.02775	0.02746	0.00652	0.00200	0.00388	0.07741	0.06254	0.00452
12	0.01922	0.01416	0.01518	0.01163	0.01568	0.01568	0.00961	0.77388	0.02378	0.03187	0.01214	0.01214	0.00860	0.00607	0.00506	0.00152	0.00556	0.00455	0.00506	0.00860
13	0.01252	0.01201	0.02053	0.03104	0.79074	0.01201	0.01552	0.01552	0.01151	0.01652	0.00951	0.01252	0.00801	0.00451	0.00501	0.00150	0.00601	0.00451	0.00250	0.00801
14	0.01421	0.01653	0.01475	0.41211	0.02524	0.40609	0.01191	0.01655	0.01222	0.01265	0.00840	0.01130	0.00663	0.00513	0.00481	0.00149	0.00793	0.00388	0.00243	0.00574
15	0.01201	0.01344	0.02868	0.02252	0.12156	0.01269	0.67818	0.01611	0.01188	0.01624	0.01014	0.01350	0.00771	0.00429	0.00585	0.00168	0.00821	0.00579	0.00255	0.00697
16	0.00747	0.00613	0.00916	0.29874	0.01725	0.00673	0.00799	0.00933	0.01001	0.01314	0.02251	0.44312	0.08233	0.01140	0.00583	0.00187	0.00427	0.01022	0.02781	0.00469
17	0.01252	0.01201	0.02053	0.03104	0.79074	0.01201	0.01552	0.01552	0.01151	0.01652	0.00951	0.01252	0.00801	0.00451	0.00501	0.00150	0.00601	0.00451	0.00250	0.00801
18	0.01252	0.01201	0.02053	0.03104	0.79074	0.01201	0.01552	0.01552	0.01151	0.01652	0.00951	0.01252	0.00801	0.00451	0.00501	0.00150	0.00601	0.00451	0.00250	0.00801
19	0.00949	0.00973	0.01969	0.01527	0.01835	0.00911	0.44745	0.01232	0.01098	0.01481	0.01770	0.35451	0.01858	0.00916	0.00617	0.00185	0.00616	0.00953	0.00346	0.00567
20	0.01006	0.00962	0.08626	0.26644	0.16109	0.00879	0.01116	0.01267	0.01062	0.07509	0.01615	0.27776	0.01616	0.00857	0.00548	0.00176	0.00523	0.00771	0.00340	0.00597
21	0.01217	0.01166	0.01990	0.12183	0.70266	0.01192	0.01535	0.01522	0.01135	0.01610	0.00945	0.01263	0.00786	0.00457	0.00501	0.00152	0.00609	0.00450	0.00247	0.00773
22	0.00684	0.00515	0.00710	0.04546	0.00935	0.00525	0.00592	0.00804	0.00987	0.01317	0.02575	0.63778	0.03024	0.01473	0.00698	0.00208	0.04470	0.11282	0.00445	0.00432
23	0.01539	0.01541	0.26576	0.01448	0.05523	0.01017	0.18467	0.01918	0.01255	0.31442	0.03296	0.01461	0.01014	0.00536	0.00521	0.00161	0.00630	0.00493	0.00391	0.00772
24	0.01329	0.01812	0.23518	0.02090	0.29752	0.13702	0.12034	0.05432	0.01244	0.02942	0.00953	0.01169	0.00739	0.00477	0.00502	0.00153	0.00720	0.00431	0.00261	0.00740
25	0.00816	0.00549	0.00861	0.00814	0.00887	0.00561	0.06303	0.00827	0.00809	0.01099	0.01417	0.09654	0.02401	0.10798	0.21159	0.34982	0.00689	0.04733	0.00285	0.00356
26	0.01127	0.01662	0.41544	0.01123	0.01607	0.00889	0.01261	0.01528	0.02275	0.14736	0.04439	0.12396	0.06681	0.00786	0.00534	0.00171	0.00560	0.05641	0.00367	0.00674
27	0.02761	0.02943	0.43274	0.01374	0.06820	0.01017	0.06925	0.01551	0.01170	0.09269	0.13004	0.03353	0.01456	0.00615	0.00513	0.00161	0.00611	0.02160	0.00325	0.00697
28	0.00947	0.00827	0.01121	0.15153	0.12257	0.04525	0.02440	0.03157	0.07884	0.01449	0.03146	0.31715	0.01957	0.05955	0.00742	0.03329	0.00479	0.02007	0.00369	0.00540
29	0.01138	0.01086	0.01848	0.32886	0.50178	0.01172	0.01495	0.01453	0.01098	0.01514	0.00931	0.01288	0.00752	0.00472	0.00503	0.00157	0.00629	0.00450	0.00241	0.00710
30	0.01247	0.01185	0.02001	0.08573	0.71814	0.01205	0.01527	0.03400	0.01172	0.01664	0.00954	0.01257	0.00793	0.00458	0.00501	0.00152	0.00605	0.00451	0.00255	0.00785
31	0.00942	0.01283	0.29186	0.00965	0.01314	0.00727	0.00994	0.01232	0.01095	0.09995	0.04813	0.31692	0.11658	0.01024	0.00563	0.00178	0.00466	0.00888	0.00397	0.00586
32	0.01115	0.01062	0.01805	0.39029	0.44218	0.01166	0.01484	0.01432	0.01087	0.01486	0.00927	0.01296	0.00742	0.00476	0.00503	0.00159	0.00635	0.00450	0.00238	0.00691
33	0.00955	0.00899	0.01517	0.81013	0.03483	0.01123	0.01404	0.01292	0.01011	0.01292	0.00899	0.01348	0.00674	0.00506	0.00506	0.00169	0.00674	0.00449	0.00225	0.00562
34	0.01042	0.01278	0.19012	0.04752	0.03412	0.00929	0.23005	0.01372	0.01120	0.07549	0.04451	0.21772	0.03617	0.00818	0.00591	0.00177	0.02027	0.02110	0.00347	0.00620
35	0.01132	0.01180	0.05597	0.21545	0.45727	0.01153	0.09263	0.01460	0.01118	0.01546	0.01140	0.01447	0.04426	0.00502	0.00515	0.00158	0.00635	0.00491	0.00253	0.00711
36	0.01014	0.02616	0.79609	0.01441	0.02189	0.01174	0.01868	0.01601	0.01068	0.01601	0.00907	0.01068	0.00641	0.00480	0.00480	0.00160	0.00747	0.00374	0.00214	0.00747
37	0.01083	0.01029	0.01747	0.47492	0.36006	0.01157	0.01468	0.01404	0.01071	0.01447	0.00921	0.01307	0.00729	0.00482	0.00503	0.00161	0.00643	0.00450	0.00236	0.00665
38	0.01027	0.07023	0.63894	0.01349	0.01996	0.03127	0.03492	0.01535	0.01090	0.01574	0.04643	0.04988	0.00966	0.00555	0.00487	0.00159	0.00697	0.00447	0.00244	0.00707
39	0.01146	0.01099	0.01887	0.30526	0.50538	0.01176	0.03388	0.01462	0.01103	0.01524	0.00935	0.01288	0.00755	0.00469	0.00505	0.00157	0.00633	0.00454	0.00241	0.00714
40	0.01081	0.01028	0.01788	0.13726	0.17685	0.03374	0.22223	0.01387	0.01149	0.03262	0.03040	0.02461	0.03714	0.00866	0.04536	0.00210	0.00678	0.16858	0.00317	0.00619
41	0.01230	0.01180	0.02014	0.08714	0.73631	0.01196	0.01541	0.01533	0.01141	0.01626	0.00947	0.01258	0.00792	0.00455	0.00501	0.00152	0.00606	0.00450	0.00248	0.00784
42	0.01414	0.01226	0.10313	0.01504	0.01941	0.00994	0.36374	0.01745	0.01225	0.24518	0.01533	0.12196	0.01241	0.00646	0.00565	0.00170	0.00642	0.00659	0.00389	0.00705
43	0.01192	0.01141	0.01945	0.18673	0.63969	0.01186	0.01522	0.01500	0.01123	0.01580	0.00941	0.01271	0.00776	0.00462	0.00502	0.00154	0.00615	0.00450	0.00245	0.00753
44	0.01013	0.00958	0.01621	0.65844	0.18200	0.01139	0.01433	0.01343	0.01038	0.01362	0.00909	0.01329	0.00699	0.00495	0.00505	0.00165	0.00660	0.00450	0.00230	0.00608
45	0.00942	0.00815	0.01399	0.18360	0.11274	0.00828	0.13714	0.01185	0.01100	0.04719	0.07000	0.28261	0.05071	0.00928	0.00580	0.00179	0.00510	0.02209	0.00367	0.00561
46	0.01032	0.05282	0.64194	0.01363	0.02016	0.01130	0.04805	0.01547	0.01093	0.03508	0.04705	0.05011	0.00984	0.00558	0.00493	0.00161	0.00691	0.00458	0.00254	0.00715
47	0.02167	0.00845	0.01145	0.00893	0.01263	0.00737	0.00731	0.03588	0.01435	0.73637	0.02028	0.06372	0.01367	0.00681	0.00516	0.00159	0.00424	0.00562	0.00615	0.00834
48	0.00989	0.00851	0.01335	0.06403	0.26702	0.00827	0.06661	0.01219	0.01168	0.05807	0.08708	0.07228	0.26906	0.00852	0.00576	0.00165	0.01859	0.00760	0.00378	0.00606
49	0.01413	0.05479	0.32510	0.03351	0.08860	0.01085	0.09630	0.03330	0.01212	0.22794	0.01295	0.04652	0.00953	0.00558	0.00503	0.00159	0.00625	0.00485	0.00351	0.00755
50	0.01297	0.01135	0.02115	0.07801	0.14985	0.02763	0.36189	0.01613	0.01190	0.13605	0.01360	0.11126	0.01150	0.00609	0.00563	0.00168	0.00665	0.00644	0.00336	0.00686
51	0.85801	0.00978	0.00743	0.00665	0.00978	0.01134	0.00548	0.01486	0.00861	0.02269	0.00704	0.00821	0.00548	0.00469	0.00313	0.00156	0.00391	0.00274	0.00313	0.00548
52	0.00613	0.00453	0.00574	0.00671	0.00725	0.00414	0.00455	0.00708	0.01000	0.01304	0.03190	0.68619	0.16364	0.01532	0.00637	0.00199	0.00287	0.01374	0.00469	0.00414
53	0.01035	0.01026	0.07229	0.00912	0.04912	0.00726	0.00737	0.01285	0.01051	0.01628	0.00991	0.04865	0.00865	0.00443	0.00401	0.00091	0.00411	0.00366	0.00299	0.70727

[dist]
# distance from previous block
# <min> <max>
0	1

[block]
# block no. 1 follows, 49 sequences, length 15
# corresponding to MSA columns:
# 473-487
name=unknown_B
#
# <colnr> <probs for GDERKNQSTAVLIFYWHMCP>
#	G	D	E	R	K	N	Q	S	T	A	V	L	I	F	Y	W	H	M	C	P
0	0.01099	0.01018	0.01474	0.58098	0.02885	0.04155	0.01255	0.08391	0.01142	0.01493	0.00908	0.01276	0.00696	0.00529	0.00569	0.00161	0.06029	0.00431	0.00259	0.08131
1	0.01282	0.01195	0.01118	0.01047	0.03867	0.15030	0.00778	0.05203	0.38366	0.03805	0.15337	0.02192	0.07122	0.00745	0.00523	0.00160	0.00467	0.00611	0.00467	0.00685
2	0.70354	0.00978	0.00819	0.00720	0.01038	0.01111	0.00589	0.01687	0.08241	0.09119	0.00947	0.01002	0.00705	0.00504	0.00349	0.00158	0.00396	0.00323	0.00360	0.00599
3	0.01049	0.00899	0.01049	0.00749	0.01198	0.00674	0.00599	0.01273	0.01049	0.01648	0.00899	0.01049	0.00749	0.00374	0.00374	0.00075	0.00374	0.00300	0.00300	0.85320
4	0.01863	0.01387	0.01484	0.01152	0.01546	0.01541	0.00947	0.70742	0.09120	0.03092	0.01289	0.01274	0.00921	0.00614	0.00507	0.00154	0.00543	0.00466	0.00507	0.00855
5	0.00955	0.00899	0.01517	0.81013	0.03483	0.01123	0.01404	0.01292	0.01011	0.01292	0.00899	0.01348	0.00674	0.00506	0.00506	0.00169	0.00674	0.00449	0.00225	0.00562
6	0.01252	0.01201	0.02053	0.03104	0.79074	0.01201	0.01552	0.01552	0.01151	0.01652	0.00951	0.01252	0.00801	0.00451	0.00501	0.00150	0.00601	0.00451	0.00250	0.00801
7	0.01087	0.06991	0.66773	0.01392	0.02078	0.01188	0.04260	0.01617	0.01089	0.04936	0.01003	0.01238	0.00743	0.00511	0.00484	0.00160	0.00716	0.02759	0.00241	0.00736
8	0.00616	0.00440	0.00587	0.00704	0.00733	0.00411	0.00469	0.00704	0.00968	0.01291	0.02787	0.81899	0.03344	0.01584	0.00645	0.00205	0.00293	0.01438	0.00469	0.00411
9	0.01252	0.01201	0.02053	0.03104	0.79074	0.01201	0.01552	0.01552	0.01151	0.01652	0.00951	0.01252	0.00801	0.00451	0.00501	0.00150	0.00601	0.00451	0.00250	0.00801
10	0.01049	0.00989	0.01673	0.48920	0.30471	0.01126	0.01417	0.01365	0.01051	0.01415	0.00941	0.01346	0.00750	0.00656	0.04619	0.00195	0.00683	0.00455	0.00236	0.00642
11	0.01216	0.01311	0.01522	0.56050	0.06888	0.21895	0.01300	0.01496	0.01129	0.01296	0.00871	0.01229	0.00675	0.00507	0.00492	0.00158	0.00733	0.00417	0.00235	0.00581
12	0.01166	0.01299	0.06275	0.02054	0.21406	0.03468	0.36810	0.01625	0.08472	0.01647	0.03097	0.06092	0.03016	0.00564	0.00557	0.00166	0.00682	0.00605	0.00301	0.00697
13	0.01044	0.00750	0.03347	0.00852	0.03274	0.00690	0.02849	0.01393	0.10647	0.13152	0.16352	0.13205	0.18590	0.00959	0.00583	0.00167	0.02735	0.00820	0.08010	0.00580
14	0.01563	0.10339	0.03149	0.01258	0.05951	0.01281	0.10160	0.23869	0.13361	0.14579	0.04141	0.01665	0.03514	0.00621	0.00507	0.00156	0.00531	0.02148	0.00443	0.00765

[dist]
# distance from previous block
# <min> <max>
1	9

[block]
# block no. 2 follows, 49 sequences, length 70
# corresponding to MSA columns:
# 497-566
name=unknown_C
#
# <colnr> <probs for GDERKNQSTAVLIFYWHMCP>
#	G	D	E	R	K	N	Q	S	T	A	V	L	I	F	Y	W	H	M	C	P
0	0.01410	0.06836	0.15118	0.02800	0.05965	0.09771	0.09827	0.18976	0.03005	0.05650	0.02258	0.06587	0.01012	0.00587	0.00494	0.00148	0.00618	0.00494	0.00348	0.08096
1	0.07882	0.06321	0.11976	0.01025	0.01457	0.08537	0.00937	0.15258	0.01455	0.30797	0.01326	0.01286	0.00911	0.00547	0.00462	0.00143	0.00540	0.00414	0.00438	0.08287
2	0.07728	0.04126	0.02669	0.01282	0.14458	0.07555	0.00883	0.05554	0.13615	0.13443	0.02350	0.01403	0.02346	0.00537	0.00454	0.00136	0.00487	0.00432	0.01499	0.19042
3	0.00650	0.00504	0.00608	0.00636	0.00745	0.00463	0.00456	0.00774	0.01035	0.01343	0.07751	0.30725	0.31698	0.05618	0.11471	0.00281	0.00432	0.01073	0.00434	0.03303
4	0.01380	0.02938	0.15827	0.12481	0.09991	0.02791	0.02830	0.27247	0.04238	0.03873	0.01142	0.01320	0.00859	0.00772	0.06125	0.00201	0.00659	0.00448	0.04149	0.00730
5	0.00673	0.00515	0.00617	0.00591	0.00729	0.00459	0.00444	0.00872	0.01331	0.01789	0.52232	0.04170	0.31496	0.01123	0.00597	0.00163	0.00245	0.00970	0.00525	0.00459
6	0.01956	0.00791	0.01073	0.00847	0.01183	0.00690	0.00690	0.02160	0.01444	0.63843	0.17459	0.02135	0.01960	0.00708	0.00526	0.00157	0.00392	0.00590	0.00612	0.00783
7	0.00625	0.00513	0.00550	0.00541	0.00700	0.00438	0.00405	0.00778	0.01216	0.01517	0.21976	0.04617	0.61922	0.01224	0.00597	0.00168	0.00252	0.01032	0.00489	0.00438
8	0.01352	0.82533	0.02650	0.00865	0.01298	0.02001	0.00865	0.01514	0.01027	0.01190	0.00703	0.00811	0.00649	0.00433	0.00324	0.00108	0.00541	0.00270	0.00216	0.00649
9	0.00616	0.00440	0.00587	0.00704	0.00733	0.00411	0.00469	0.00704	0.00968	0.01291	0.02787	0.81899	0.03344	0.01584	0.00645	0.00205	0.00293	0.01438	0.00469	0.00411
10	0.01603	0.42885	0.04425	0.01026	0.01449	0.05400	0.00940	0.32939	0.01606	0.02031	0.00924	0.00990	0.00736	0.00510	0.00410	0.00129	0.00571	0.00353	0.00338	0.00736
11	0.00741	0.00514	0.00674	0.00674	0.00724	0.00558	0.00467	0.00842	0.00791	0.01126	0.01480	0.02586	0.01529	0.39503	0.40167	0.00626	0.00896	0.00626	0.05089	0.00386
12	0.01352	0.82533	0.02650	0.00865	0.01298	0.02001	0.00865	0.01514	0.01027	0.01190	0.00703	0.00811	0.00649	0.00433	0.00324	0.00108	0.00541	0.00270	0.00216	0.00649
13	0.05284	0.45338	0.20234	0.02612	0.01657	0.01645	0.07966	0.03293	0.03687	0.01454	0.00840	0.00981	0.00689	0.00467	0.00422	0.00134	0.02036	0.00345	0.00241	0.00676
14	0.00668	0.00495	0.00678	0.00759	0.00830	0.00465	0.02179	0.00798	0.01040	0.01369	0.05254	0.56754	0.09735	0.01481	0.00649	0.00205	0.00333	0.15409	0.00467	0.00430
15	0.00815	0.00582	0.00815	0.00931	0.01048	0.00582	0.00815	0.01048	0.01164	0.01513	0.02677	0.05704	0.02910	0.01397	0.00698	0.00233	0.00466	0.75671	0.00466	0.00466
16	0.01000	0.01045	0.01440	0.03145	0.01459	0.09468	0.19996	0.02656	0.01146	0.01423	0.02632	0.07280	0.31108	0.00909	0.00741	0.00176	0.12722	0.00768	0.00350	0.00538
17	0.03504	0.46489	0.35174	0.01104	0.01666	0.01627	0.01281	0.01550	0.01040	0.01393	0.00790	0.00920	0.00643	0.00454	0.00390	0.00131	0.00624	0.00314	0.00218	0.00688
18	0.01103	0.01054	0.01765	0.38787	0.37895	0.01194	0.01447	0.01405	0.01056	0.01451	0.00903	0.01284	0.00731	0.00512	0.00599	0.00164	0.07293	0.00449	0.00236	0.00671
19	0.01352	0.82533	0.02650	0.00865	0.01298	0.02001	0.00865	0.01514	0.01027	0.01190	0.00703	0.00811	0.00649	0.00433	0.00324	0.00108	0.00541	0.00270	0.00216	0.00649
20	0.00669	0.00517	0.00612	0.00595	0.00736	0.00460	0.00450	0.00861	0.01303	0.01728	0.44760	0.04311	0.36079	0.01152	0.00601	0.00167	0.00254	0.03773	0.00516	0.00455
21	0.03674	0.00927	0.01187	0.00977	0.03655	0.00875	0.00770	0.10619	0.06933	0.56737	0.03354	0.01693	0.01273	0.00626	0.00500	0.00155	0.00434	0.00507	0.04280	0.00824
22	0.01342	0.01231	0.01980	0.02841	0.68593	0.01251	0.01472	0.11807	0.01317	0.01860	0.00987	0.01246	0.00809	0.00472	0.00501	0.00150	0.00595	0.00451	0.00285	0.00809
23	0.00943	0.00471	0.00471	0.00471	0.00589	0.00471	0.00353	0.01178	0.01060	0.01885	0.01650	0.01885	0.01296	0.00589	0.00353	0.00118	0.00236	0.00471	0.85036	0.00471
24	0.00915	0.00563	0.00728	0.00660	0.00821	0.00508	0.00505	0.01137	0.01408	0.12433	0.61645	0.03599	0.11108	0.01001	0.00585	0.00160	0.00266	0.00874	0.00558	0.00524
25	0.01342	0.01231	0.01980	0.02841	0.68593	0.01251	0.01472	0.11807	0.01317	0.01860	0.00987	0.01246	0.00809	0.00472	0.00501	0.00150	0.00595	0.00451	0.00285	0.00809
26	0.01194	0.01364	0.02984	0.02131	0.02643	0.01279	0.77238	0.01620	0.01194	0.01620	0.01023	0.01364	0.00767	0.00426	0.00597	0.00171	0.00853	0.00597	0.00256	0.00682
27	0.00793	0.00457	0.00524	0.00578	0.00655	0.00444	0.00407	0.00961	0.01018	0.01613	0.02170	0.38499	0.02233	0.01044	0.00487	0.00158	0.00262	0.00913	0.46339	0.00444
28	0.00616	0.00440	0.00587	0.00704	0.00733	0.00411	0.00469	0.00704	0.00968	0.01291	0.02787	0.81899	0.03344	0.01584	0.00645	0.00205	0.00293	0.01438	0.00469	0.00411
29	0.00955	0.00899	0.01517	0.81013	0.03483	0.01123	0.01404	0.01292	0.01011	0.01292	0.00899	0.01348	0.00674	0.00506	0.00506	0.00169	0.00674	0.00449	0.00225	0.00562
30	0.00628	0.00518	0.00554	0.00559	0.00720	0.00445	0.00429	0.00776	0.01183	0.01447	0.12632	0.04820	0.64963	0.01264	0.00606	0.00175	0.00271	0.07096	0.00478	0.00435
31	0.00722	0.00542	0.00813	0.00813	0.00903	0.00632	0.00632	0.00903	0.00813	0.01174	0.01354	0.01987	0.01264	0.03792	0.80225	0.00813	0.01354	0.00542	0.00271	0.00451
32	0.01301	0.01108	0.01168	0.01038	0.01331	0.01278	0.00811	0.07510	0.73268	0.02185	0.02004	0.01843	0.01499	0.00681	0.00514	0.00170	0.00410	0.00564	0.00514	0.00804
33	0.00807	0.00613	0.00682	0.00669	0.00838	0.00577	0.00507	0.05896	0.06661	0.04208	0.07195	0.19020	0.43990	0.01226	0.00597	0.00179	0.00309	0.05044	0.00484	0.00497
34	0.01889	0.02410	0.01433	0.01303	0.01563	0.80199	0.00977	0.02019	0.01433	0.01238	0.00782	0.00912	0.00651	0.00521	0.00456	0.00130	0.00912	0.00326	0.00261	0.00586
35	0.00955	0.00899	0.01517	0.81013	0.03483	0.01123	0.01404	0.01292	0.01011	0.01292	0.00899	0.01348	0.00674	0.00506	0.00506	0.00169	0.00674	0.00449	0.00225	0.00562
36	0.00955	0.00899	0.01517	0.81013	0.03483	0.01123	0.01404	0.01292	0.01011	0.01292	0.00899	0.01348	0.00674	0.00506	0.00506	0.00169	0.00674	0.00449	0.00225	0.00562
37	0.01999	0.01294	0.01442	0.01105	0.01507	0.01386	0.00913	0.60881	0.02173	0.19984	0.01386	0.01326	0.00946	0.00611	0.00506	0.00153	0.00529	0.00467	0.00532	0.00860
38	0.01374	0.01567	0.27496	0.01557	0.16532	0.01057	0.04614	0.06303	0.05114	0.17120	0.02607	0.02580	0.00980	0.00536	0.00493	0.00151	0.00582	0.00459	0.00354	0.08525
39	0.01050	0.00969	0.01676	0.23654	0.15071	0.01046	0.17129	0.01404	0.04448	0.01542	0.01256	0.04474	0.01080	0.00673	0.02011	0.00179	0.05106	0.05381	0.11240	0.00612
40	0.01131	0.00924	0.01077	0.00775	0.01220	0.00723	0.00622	0.05262	0.01130	0.04107	0.00949	0.01078	0.00770	0.00394	0.00385	0.00081	0.00386	0.00314	0.00320	0.78351
41	0.25783	0.00677	0.00696	0.00650	0.00846	0.00686	0.00501	0.02313	0.01167	0.06367	0.27096	0.10327	0.17685	0.00952	0.00536	0.01679	0.00312	0.00767	0.00457	0.00505
42	0.01114	0.01143	0.04839	0.10212	0.12848	0.02529	0.17157	0.01415	0.01093	0.01585	0.00926	0.01176	0.00744	0.00427	0.00484	0.00123	0.02092	0.00407	0.00269	0.39414
43	0.00622	0.00450	0.00588	0.00687	0.00732	0.00416	0.00464	0.00723	0.01013	0.01348	0.08310	0.71405	0.08322	0.01526	0.00639	0.00200	0.00287	0.01377	0.00476	0.00416
44	0.01043	0.02598	0.01433	0.01221	0.01243	0.01391	0.01010	0.01163	0.00785	0.01205	0.00793	0.01287	0.00783	0.03086	0.14024	0.00318	0.65393	0.00461	0.00231	0.00534
45	0.00723	0.00489	0.00554	0.00560	0.00570	0.00483	0.00321	0.00738	0.00777	0.01032	0.03304	0.07560	0.04937	0.73238	0.02357	0.00456	0.00466	0.00789	0.00326	0.00320
46	0.01213	0.01006	0.01084	0.00972	0.01238	0.01140	0.00756	0.03949	0.63933	0.03671	0.13195	0.02144	0.01993	0.00734	0.00526	0.00169	0.00380	0.00618	0.00523	0.00756
47	0.85801	0.00978	0.00743	0.00665	0.00978	0.01134	0.00548	0.01486	0.00861	0.02269	0.00704	0.00821	0.00548	0.00469	0.00313	0.00156	0.00391	0.00274	0.00313	0.00548
48	0.00601	0.00501	0.00524	0.00542	0.00691	0.00424	0.00398	0.00722	0.01124	0.01354	0.04755	0.16996	0.66977	0.01328	0.00605	0.00176	0.00262	0.01126	0.00470	0.00424
49	0.01089	0.02733	0.10010	0.27757	0.34306	0.01096	0.01384	0.01420	0.01133	0.03053	0.09998	0.01557	0.01210	0.00542	0.00508	0.00158	0.00594	0.00494	0.00280	0.00678
50	0.01300	0.01133	0.03017	0.19188	0.10895	0.01173	0.09388	0.13347	0.17584	0.05447	0.01262	0.01406	0.00946	0.00533	0.00500	0.00152	0.00562	0.00475	0.00363	0.11329
51	0.29345	0.29900	0.06844	0.00980	0.02657	0.20165	0.00865	0.01631	0.01073	0.01593	0.00740	0.00863	0.00618	0.00469	0.00365	0.00134	0.00594	0.00295	0.00259	0.00610
52	0.74458	0.01037	0.00848	0.00732	0.01058	0.01193	0.00604	0.11751	0.01066	0.02393	0.00773	0.00875	0.00590	0.00488	0.00339	0.00156	0.00414	0.00298	0.00339	0.00590
53	0.01590	0.01312	0.01513	0.12270	0.12205	0.17902	0.02713	0.03164	0.01215	0.21706	0.01128	0.01284	0.00841	0.00607	0.00727	0.00164	0.16866	0.00438	0.00346	0.02009
54	0.00645	0.00518	0.00577	0.00574	0.00727	0.00451	0.00438	0.00810	0.01231	0.01560	0.25493	0.04617	0.53321	0.01219	0.00604	0.00171	0.00265	0.05842	0.00494	0.00443
55	0.01067	0.01372	0.16768	0.02882	0.01585	0.01368	0.06375	0.01330	0.02392	0.01395	0.06289	0.01325	0.00974	0.00775	0.01239	0.00200	0.51340	0.00476	0.00251	0.00599
56	0.01254	0.02701	0.17920	0.21474	0.22278	0.03852	0.07792	0.04105	0.04190	0.08014	0.01064	0.01291	0.00794	0.00499	0.00503	0.00159	0.00657	0.00449	0.00286	0.00718
57	0.01354	0.01010	0.01299	0.06810	0.06399	0.01182	0.00919	0.19505	0.04701	0.08325	0.04072	0.01473	0.01060	0.00732	0.00868	0.03603	0.22983	0.00479	0.12575	0.00651
58	0.00661	0.00459	0.00573	0.00646	0.00665	0.00441	0.00408	0.00716	0.00880	0.01173	0.02335	0.52137	0.02774	0.32124	0.01376	0.00313	0.00368	0.01172	0.00408	0.00371
59	0.01359	0.06999	0.10233	0.04435	0.39501	0.01145	0.02940	0.05092	0.01239	0.12981	0.03832	0.01607	0.01089	0.00559	0.00504	0.00155	0.00573	0.04668	0.00332	0.00756
60	0.01125	0.06332	0.01923	0.36845	0.35707	0.01225	0.06792	0.01441	0.01085	0.01463	0.00917	0.01273	0.00733	0.00472	0.00498	0.00157	0.00647	0.00449	0.00237	0.00678
61	0.01705	0.02112	0.01373	0.01250	0.01474	0.65874	0.00948	0.01840	0.01318	0.01229	0.00836	0.01044	0.00720	0.00907	0.09330	0.00212	0.06642	0.00358	0.00259	0.00569
62	0.01314	0.68505	0.04098	0.01004	0.01413	0.01896	0.06302	0.01499	0.01019	0.01230	0.00726	0.00880	0.00658	0.00470	0.00457	0.00123	0.07231	0.00310	0.00219	0.00645
63	0.85801	0.00978	0.00743	0.00665	0.00978	0.01134	0.00548	0.01486	0.00861	0.02269	0.00704	0.00821	0.00548	0.00469	0.00313	0.00156	0.00391	0.00274	0.00313	0.00548
64	0.00969	0.00604	0.00825	0.00777	0.00860	0.00654	0.00572	0.11114	0.00941	0.01286	0.01077	0.01638	0.01000	0.02257	0.27002	0.46543	0.00750	0.00474	0.00275	0.00381
65	0.01037	0.01819	0.41616	0.11513	0.05713	0.01097	0.13793	0.02966	0.01118	0.01621	0.03432	0.04046	0.00941	0.00538	0.00504	0.00161	0.00678	0.00484	0.06242	0.00679
66	0.01599	0.01935	0.01474	0.01305	0.01500	0.53141	0.03575	0.01737	0.01224	0.01241	0.00798	0.01044	0.00698	0.00818	0.05906	0.00198	0.20607	0.00377	0.00251	0.00573
67	0.00878	0.00439	0.00659	0.00659	0.00659	0.00439	0.00439	0.00659	0.00659	0.00878	0.00878	0.01537	0.00878	0.01757	0.01976	0.85288	0.00439	0.00439	0.00220	0.00220
68	0.01267	0.35701	0.02029	0.01130	0.01373	0.08208	0.04070	0.01420	0.00964	0.01237	0.00730	0.00995	0.00678	0.00699	0.02851	0.00173	0.32406	0.00364	0.00228	0.03476
69	0.00684	0.00499	0.00644	0.00643	0.00745	0.00458	0.00469	0.00880	0.01305	0.01811	0.56032	0.21908	0.09678	0.01178	0.00608	0.00171	0.00252	0.01046	0.00530	0.00458

[dist]
# distance from previous block
# <min> <max>
3	26

[block]
# block no. 3 follows, 49 sequences, length 8
# corresponding to MSA columns:
# 593-600
name=unknown_D
#
# <colnr> <probs for GDERKNQSTAVLIFYWHMCP>
#	G	D	E	R	K	N	Q	S	T	A	V	L	I	F	Y	W	H	M	C	P
0	0.09345	0.41350	0.07681	0.00990	0.01390	0.07939	0.00933	0.11210	0.01238	0.07955	0.00892	0.00980	0.00716	0.00509	0.00456	0.00134	0.04970	0.00335	0.00299	0.00680
1	0.05214	0.04338	0.29057	0.19451	0.11028	0.01209	0.06832	0.08565	0.02983	0.01728	0.00988	0.01219	0.00740	0.00498	0.00481	0.00157	0.00651	0.00423	0.03743	0.00695
2	0.08406	0.03661	0.01341	0.02937	0.01393	0.04514	0.00893	0.16860	0.24147	0.05742	0.01277	0.01351	0.00986	0.00662	0.00746	0.00169	0.19208	0.00456	0.00397	0.04854
3	0.00922	0.00814	0.01095	0.00985	0.00994	0.01051	0.00758	0.00998	0.00774	0.01135	0.01153	0.06274	0.01262	0.29544	0.07671	0.00358	0.42887	0.00605	0.00268	0.00452
4	0.00980	0.00744	0.00888	0.02799	0.02903	0.03291	0.00685	0.04873	0.14557	0.05579	0.11242	0.32260	0.02696	0.01153	0.00599	0.00189	0.00389	0.13138	0.00479	0.00557
5	0.01286	0.37496	0.20151	0.01323	0.05959	0.05381	0.12498	0.01595	0.01119	0.04549	0.03660	0.01124	0.00845	0.00477	0.00434	0.00137	0.00641	0.00388	0.00254	0.00684
6	0.00757	0.00498	0.00646	0.00680	0.00773	0.00454	0.00482	0.00900	0.01153	0.06882	0.25114	0.46406	0.10683	0.01329	0.00617	0.00185	0.00283	0.01187	0.00506	0.00463
7	0.00735	0.00490	0.00552	0.00552	0.00552	0.00490	0.00306	0.00735	0.00735	0.00980	0.01593	0.03309	0.01838	0.82229	0.02574	0.00490	0.00490	0.00735	0.00306	0.00306

[dist]
# distance from previous block
# <min> <max>
0	1

[block]
# block no. 4 follows, 49 sequences, length 114
# corresponding to MSA columns:
# 602-715
name=unknown_E
#
# <colnr> <probs for GDERKNQSTAVLIFYWHMCP>
#	G	D	E	R	K	N	Q	S	T	A	V	L	I	F	Y	W	H	M	C	P
0	0.01175	0.31525	0.22289	0.01236	0.09184	0.01360	0.02872	0.01483	0.01059	0.01466	0.00837	0.00993	0.00689	0.00432	0.00401	0.00119	0.00566	0.00330	0.00241	0.21742
1	0.01184	0.01118	0.01582	0.26244	0.24749	0.05938	0.02481	0.03115	0.05391	0.02739	0.00986	0.01260	0.00786	0.00496	0.00530	0.00145	0.04178	0.00424	0.00277	0.16377
2	0.01390	0.13706	0.25870	0.02688	0.08420	0.01411	0.10099	0.22443	0.03893	0.03804	0.01040	0.01165	0.00774	0.00510	0.00482	0.00151	0.00645	0.00424	0.00321	0.00762
3	0.01257	0.01340	0.04961	0.13930	0.30595	0.07186	0.19767	0.04813	0.05663	0.01636	0.01013	0.01292	0.00798	0.00492	0.00556	0.00160	0.03073	0.00481	0.00272	0.00714
4	0.00627	0.00469	0.00586	0.00670	0.00743	0.00428	0.00472	0.00738	0.01037	0.01340	0.04970	0.55773	0.22231	0.01484	0.00636	0.00198	0.00295	0.06411	0.00471	0.00420
5	0.00690	0.00515	0.00629	0.00600	0.00733	0.00464	0.00450	0.00900	0.01351	0.01853	0.57932	0.04015	0.23878	0.01087	0.00591	0.00161	0.00243	0.00944	0.02499	0.00464
6	0.00722	0.00542	0.00813	0.00813	0.00903	0.00632	0.00632	0.00903	0.00813	0.01174	0.01354	0.01987	0.01264	0.03792	0.80225	0.00813	0.01354	0.00542	0.00271	0.00451
7	0.00616	0.00440	0.00587	0.00704	0.00733	0.00411	0.00469	0.00704	0.00968	0.01291	0.02787	0.81899	0.03344	0.01584	0.00645	0.00205	0.00293	0.01438	0.00469	0.00411
8	0.01287	0.01101	0.01160	0.01035	0.01326	0.01272	0.00808	0.06031	0.74769	0.02163	0.02020	0.01857	0.01513	0.00683	0.00514	0.00171	0.00407	0.00566	0.00514	0.00803
9	0.01528	0.01036	0.01097	0.00885	0.01174	0.01127	0.00717	0.46724	0.01848	0.02663	0.01389	0.01484	0.01035	0.00600	0.00445	0.00138	0.00427	0.00462	0.34517	0.00704
10	0.01030	0.06377	0.75986	0.01414	0.02147	0.01213	0.01821	0.01597	0.01066	0.01582	0.00898	0.01056	0.00641	0.00478	0.00473	0.00158	0.00738	0.00369	0.00214	0.00743
11	0.01941	0.01387	0.01499	0.01149	0.01553	0.01524	0.00950	0.73395	0.02328	0.07250	0.01256	0.01241	0.00881	0.00608	0.00506	0.00152	0.00550	0.00458	0.00512	0.00860
12	0.01278	0.61198	0.21729	0.01016	0.01524	0.03259	0.01116	0.01545	0.01045	0.01293	0.00755	0.00877	0.00647	0.00446	0.00366	0.00121	0.00599	0.00297	0.00216	0.00672
13	0.01364	0.01585	0.05808	0.07255	0.06986	0.25406	0.13970	0.01883	0.18224	0.01565	0.02788	0.02617	0.02384	0.00594	0.00578	0.00160	0.05358	0.00494	0.00321	0.00661
14	0.00761	0.00576	0.00710	0.00670	0.00810	0.00556	0.00504	0.01116	0.09797	0.01954	0.61355	0.06144	0.11045	0.01035	0.00589	0.00163	0.00260	0.00907	0.00541	0.00506
15	0.00619	0.00442	0.00589	0.00702	0.00734	0.00413	0.00470	0.00712	0.00982	0.01313	0.05104	0.79518	0.03388	0.01567	0.00644	0.00204	0.00292	0.01422	0.00472	0.00413
16	0.01229	0.44357	0.25784	0.01150	0.01669	0.01625	0.06844	0.01663	0.08615	0.01437	0.00921	0.01035	0.00743	0.00471	0.00410	0.00135	0.00613	0.00355	0.00248	0.00696
17	0.02791	0.01115	0.03435	0.23430	0.28608	0.01159	0.09807	0.04741	0.07646	0.05949	0.02701	0.01417	0.00933	0.00521	0.00529	0.00161	0.01963	0.00485	0.01902	0.00706
18	0.00631	0.00462	0.00598	0.00689	0.00745	0.00422	0.00467	0.00731	0.00999	0.01331	0.05309	0.71243	0.08860	0.01507	0.00632	0.00197	0.00291	0.01358	0.00467	0.03058
19	0.01109	0.11059	0.43980	0.01437	0.02009	0.04466	0.16185	0.02877	0.01122	0.01556	0.02575	0.06171	0.00921	0.00554	0.00515	0.00159	0.01881	0.00483	0.00252	0.00690
20	0.02601	0.08572	0.08655	0.03500	0.06485	0.02470	0.02482	0.02626	0.09556	0.04503	0.04004	0.01273	0.00985	0.00476	0.00428	0.00116	0.00471	0.00387	0.00325	0.40086
21	0.45086	0.17991	0.03144	0.01011	0.05657	0.09590	0.03634	0.05876	0.01074	0.01918	0.00771	0.00901	0.00622	0.00473	0.00366	0.00144	0.00523	0.00313	0.00291	0.00614
22	0.01115	0.09677	0.01177	0.00971	0.05399	0.05854	0.00731	0.01305	0.02246	0.03939	0.01276	0.01644	0.02497	0.06801	0.05371	0.00214	0.20175	0.00470	0.28599	0.00540
23	0.00949	0.00739	0.00838	0.00764	0.00956	0.00772	0.00587	0.05773	0.24980	0.02040	0.38742	0.03071	0.11458	0.00906	0.00553	0.00162	0.00308	0.00777	0.05033	0.00592
24	0.00722	0.00542	0.00813	0.00813	0.00903	0.00632	0.00632	0.00903	0.00813	0.01174	0.01354	0.01987	0.01264	0.03792	0.80225	0.00813	0.01354	0.00542	0.00271	0.00451
25	0.00695	0.00515	0.00635	0.00605	0.00735	0.00466	0.00454	0.00909	0.01361	0.01878	0.60670	0.03973	0.21076	0.01078	0.00591	0.00161	0.00242	0.00938	0.02553	0.00466
26	0.00598	0.00512	0.00512	0.00512	0.00683	0.00427	0.00384	0.00726	0.01153	0.01366	0.05123	0.04866	0.78869	0.01281	0.00598	0.00171	0.00256	0.01067	0.00470	0.00427
27	0.85801	0.00978	0.00743	0.00665	0.00978	0.01134	0.00548	0.01486	0.00861	0.02269	0.00704	0.00821	0.00548	0.00469	0.00313	0.00156	0.00391	0.00274	0.00313	0.00548
28	0.85801	0.00978	0.00743	0.00665	0.00978	0.01134	0.00548	0.01486	0.00861	0.02269	0.00704	0.00821	0.00548	0.00469	0.00313	0.00156	0.00391	0.00274	0.00313	0.00548
29	0.00615	0.00444	0.00583	0.00693	0.00731	0.00412	0.00465	0.00705	0.00979	0.01295	0.02918	0.77565	0.07593	0.01567	0.00643	0.00203	0.00291	0.01417	0.00469	0.00412
30	0.00716	0.00517	0.00676	0.00636	0.00755	0.00477	0.00477	0.00954	0.01431	0.02028	0.78808	0.03777	0.04771	0.01034	0.00596	0.00159	0.00239	0.00914	0.00557	0.00477
31	0.01352	0.82533	0.02650	0.00865	0.01298	0.02001	0.00865	0.01514	0.01027	0.01190	0.00703	0.00811	0.00649	0.00433	0.00324	0.00108	0.00541	0.00270	0.00216	0.00649
32	0.01106	0.01106	0.01549	0.01328	0.01328	0.01549	0.01106	0.01217	0.00774	0.01217	0.00664	0.01106	0.00664	0.00885	0.01659	0.00221	0.81303	0.00443	0.00221	0.00553
33	0.01889	0.02410	0.01433	0.01303	0.01563	0.80199	0.00977	0.02019	0.01433	0.01238	0.00782	0.00912	0.00651	0.00521	0.00456	0.00130	0.00912	0.00326	0.00261	0.00586
34	0.01199	0.01189	0.01956	0.01529	0.01736	0.01407	0.25643	0.09192	0.01073	0.01538	0.00886	0.01318	0.00780	0.05043	0.01246	0.00212	0.42663	0.00509	0.00266	0.00613
35	0.00974	0.00903	0.01343	0.01143	0.01203	0.01129	0.08701	0.01086	0.00815	0.01191	0.01062	0.04461	0.01112	0.22261	0.06882	0.01708	0.42707	0.00574	0.00258	0.00485
36	0.01252	0.01201	0.02053	0.03104	0.79074	0.01201	0.01552	0.01552	0.01151	0.01652	0.00951	0.01252	0.00801	0.00451	0.00501	0.00150	0.00601	0.00451	0.00250	0.00801
37	0.75902	0.01147	0.00825	0.00740	0.01047	0.10462	0.00598	0.01549	0.00928	0.02147	0.00713	0.00832	0.00560	0.00475	0.00330	0.00153	0.00453	0.00280	0.00307	0.00552
38	0.00762	0.00617	0.00840	0.00855	0.00884	0.00717	0.00631	0.00864	0.00901	0.01270	0.02057	0.49540	0.02381	0.04667	0.07694	0.00269	0.20484	0.01057	0.03064	0.00447
39	0.00977	0.00539	0.00545	0.00532	0.00669	0.00557	0.00402	0.01344	0.09506	0.01910	0.01694	0.01885	0.01323	0.00600	0.00371	0.00124	0.00254	0.00482	0.75777	0.00507
40	0.00983	0.00922	0.01296	0.01148	0.01170	0.01245	0.00934	0.01103	0.00787	0.01196	0.00934	0.03584	0.00940	0.05928	0.20298	0.00375	0.55895	0.00508	0.00244	0.00512
41	0.07095	0.12427	0.08690	0.10076	0.11166	0.01359	0.21532	0.13743	0.02886	0.04780	0.01015	0.01212	0.00769	0.00488	0.00490	0.00154	0.00648	0.00452	0.00306	0.00713
42	0.00869	0.00796	0.01127	0.40653	0.04010	0.05038	0.00983	0.01094	0.01040	0.01320	0.03833	0.29962	0.05407	0.00936	0.00559	0.00179	0.00519	0.00833	0.00334	0.00507
43	0.02240	0.00879	0.01181	0.00909	0.01298	0.00774	0.00750	0.04315	0.02995	0.76009	0.01977	0.01712	0.01248	0.00627	0.00509	0.00157	0.00433	0.00508	0.00621	0.00859
44	0.01185	0.02897	0.07720	0.01406	0.06033	0.01194	0.19925	0.05384	0.35517	0.01873	0.01836	0.04363	0.07025	0.00656	0.00538	0.00168	0.00547	0.00609	0.00401	0.00726
45	0.01186	0.08190	0.32311	0.05396	0.24088	0.01269	0.09182	0.07469	0.01199	0.01688	0.00982	0.02999	0.00780	0.00499	0.00492	0.00155	0.00671	0.00444	0.00258	0.00741
46	0.01539	0.01116	0.07257	0.01127	0.04953	0.06959	0.00915	0.04219	0.01210	0.30584	0.01623	0.08773	0.02605	0.03362	0.03321	0.00205	0.15196	0.03931	0.00427	0.00678
47	0.72667	0.01114	0.00880	0.00855	0.05196	0.08084	0.00642	0.01551	0.00935	0.03299	0.00743	0.00866	0.00581	0.00475	0.00338	0.00154	0.00449	0.00291	0.00310	0.00569
48	0.00614	0.00474	0.00561	0.00621	0.00714	0.00421	0.00435	0.00726	0.01068	0.01360	0.07650	0.46041	0.34647	0.01430	0.00623	0.00189	0.00275	0.01258	0.00474	0.00421
49	0.01156	0.00997	0.01535	0.47285	0.15476	0.03636	0.02613	0.01520	0.05643	0.08044	0.02272	0.04097	0.00945	0.00567	0.00533	0.00165	0.02085	0.00500	0.00295	0.00637
50	0.01202	0.01094	0.01293	0.01140	0.01320	0.01365	0.00914	0.02143	0.49518	0.01783	0.01542	0.01598	0.01218	0.00760	0.00938	0.00190	0.30345	0.00524	0.00406	0.00709
51	0.02269	0.00861	0.01174	0.00900	0.01291	0.00743	0.00743	0.02464	0.01447	0.79425	0.01995	0.01721	0.01252	0.00626	0.00509	0.00156	0.00430	0.00509	0.00626	0.00861
52	0.00987	0.00932	0.01575	0.72479	0.11763	0.01132	0.01421	0.01320	0.01026	0.01331	0.00905	0.01338	0.00688	0.00500	0.00505	0.00167	0.00666	0.00450	0.00227	0.00588
53	0.00616	0.00440	0.00587	0.00704	0.00733	0.00411	0.00469	0.00704	0.00968	0.01291	0.02787	0.81899	0.03344	0.01584	0.00645	0.00205	0.00293	0.01438	0.00469	0.00411
54	0.01049	0.00899	0.01049	0.00749	0.01198	0.00674	0.00599	0.01273	0.01049	0.01648	0.00899	0.01049	0.00749	0.00374	0.00374	0.00075	0.00374	0.00300	0.00300	0.85320
55	0.00616	0.00440	0.00587	0.00704	0.00733	0.00411	0.00469	0.00704	0.00968	0.01291	0.02787	0.81899	0.03344	0.01584	0.00645	0.00205	0.00293	0.01438	0.00469	0.00411
56	0.15703	0.01307	0.01386	0.01102	0.01456	0.09458	0.05145	0.31720	0.03709	0.17917	0.01224	0.01240	0.00868	0.00586	0.00536	0.00157	0.04856	0.00433	0.00444	0.00752
57	0.01014	0.02616	0.79609	0.01441	0.02189	0.01174	0.01868	0.01601	0.01068	0.01601	0.00907	0.01068	0.00641	0.00480	0.00480	0.00160	0.00747	0.00374	0.00214	0.00747
58	0.01104	0.01114	0.01430	0.01248	0.01280	0.06990	0.01026	0.01227	0.00827	0.01212	0.00776	0.01225	0.00753	0.01296	0.13387	0.00304	0.63580	0.00449	0.00232	0.00540
59	0.00681	0.00499	0.00640	0.00639	0.00743	0.00457	0.00466	0.00875	0.01299	0.01795	0.54297	0.21647	0.11712	0.01183	0.00608	0.00171	0.00253	0.01048	0.00528	0.00457
60	0.01182	0.35953	0.01756	0.00912	0.01209	0.12773	0.05031	0.01379	0.01237	0.01511	0.27395	0.01988	0.04440	0.00675	0.00460	0.00134	0.00501	0.00540	0.00348	0.00577
61	0.00724	0.00546	0.00693	0.00770	0.00897	0.00515	0.00640	0.00910	0.01144	0.01445	0.03517	0.11802	0.28746	0.01373	0.00660	0.00209	0.00380	0.44113	0.00467	0.00448
62	0.01287	0.01269	0.02018	0.03002	0.74714	0.05645	0.01520	0.01578	0.01167	0.01629	0.00942	0.01232	0.00793	0.00455	0.00498	0.00149	0.00618	0.00444	0.00251	0.00789
63	0.01311	0.01113	0.01173	0.01040	0.01335	0.01282	0.00813	0.08634	0.72128	0.02201	0.01991	0.01833	0.01489	0.00680	0.00514	0.00170	0.00413	0.00562	0.00514	0.00805
64	0.00955	0.00899	0.01517	0.81013	0.03483	0.01123	0.01404	0.01292	0.01011	0.01292	0.00899	0.01348	0.00674	0.00506	0.00506	0.00169	0.00674	0.00449	0.00225	0.00562
65	0.01740	0.01085	0.01236	0.01016	0.01363	0.01156	0.00817	0.19157	0.35966	0.27962	0.01850	0.01683	0.01296	0.00649	0.00511	0.00162	0.00445	0.00525	0.00549	0.00834
66	0.00681	0.00516	0.00628	0.00600	0.00734	0.00462	0.00450	0.00887	0.01350	0.01834	0.57249	0.04096	0.26451	0.01106	0.00597	0.00162	0.00244	0.00959	0.00531	0.00462
67	0.00616	0.00440	0.00587	0.00704	0.00733	0.00411	0.00469	0.00704	0.00968	0.01291	0.02787	0.81899	0.03344	0.01584	0.00645	0.00205	0.00293	0.01438	0.00469	0.00411
68	0.01563	0.01238	0.01315	0.01091	0.01431	0.01400	0.00874	0.36981	0.43370	0.02607	0.01671	0.01578	0.01230	0.00650	0.00511	0.00162	0.00472	0.00518	0.00511	0.00828
69	0.00941	0.00811	0.00841	0.00781	0.01012	0.00859	0.00601	0.01746	0.41222	0.01756	0.03528	0.03316	0.38634	0.00971	0.00554	0.00171	0.00331	0.00809	0.00493	0.00621
70	0.01285	0.01424	0.01040	0.00978	0.01125	0.38760	0.00710	0.01393	0.01089	0.01153	0.01144	0.01826	0.01124	0.23280	0.21116	0.00399	0.00910	0.00490	0.00275	0.00477
71	0.01144	0.01218	0.02170	0.01675	0.01897	0.01432	0.34041	0.01391	0.00956	0.01391	0.00819	0.01218	0.00709	0.00687	0.01200	0.00199	0.46500	0.00509	0.00236	0.00609
72	0.00741	0.00512	0.00654	0.00618	0.00737	0.00476	0.00464	0.00979	0.01391	0.02012	0.70355	0.03570	0.04391	0.00985	0.00570	0.00155	0.00238	0.00866	0.09811	0.00476
73	0.00735	0.00490	0.00552	0.00552	0.00552	0.00490	0.00306	0.00735	0.00735	0.00980	0.01593	0.03309	0.01838	0.82229	0.02574	0.00490	0.00490	0.00735	0.00306	0.00306
74	0.01033	0.07111	0.75280	0.01409	0.02138	0.01221	0.01812	0.01597	0.01065	0.01578	0.00896	0.01053	0.00641	0.00478	0.00472	0.00157	0.00736	0.00368	0.00214	0.00742
75	0.00609	0.00489	0.00544	0.00581	0.00703	0.00424	0.00416	0.00729	0.01104	0.01370	0.07601	0.30241	0.50677	0.01370	0.00613	0.00182	0.00268	0.01183	0.00473	0.00424
76	0.00626	0.00447	0.00598	0.00716	0.00750	0.00420	0.00487	0.00722	0.00978	0.01302	0.02781	0.77992	0.03322	0.01575	0.00648	0.00207	0.00302	0.05243	0.00469	0.00414
77	0.00874	0.00706	0.00797	0.00810	0.00946	0.03190	0.00604	0.04170	0.17452	0.01664	0.13019	0.35862	0.07966	0.01209	0.00602	0.00188	0.00353	0.08569	0.00485	0.00532
78	0.10520	0.01266	0.01578	0.29064	0.24933	0.13879	0.01254	0.03271	0.01119	0.01535	0.00865	0.01172	0.00698	0.00517	0.00556	0.00159	0.06311	0.00410	0.00254	0.00641
79	0.00706	0.00517	0.00663	0.00626	0.00750	0.00473	0.00470	0.00936	0.01409	0.01974	0.72784	0.03866	0.10828	0.01054	0.00597	0.00160	0.00240	0.00927	0.00550	0.00473
80	0.06484	0.01074	0.01407	0.01123	0.01420	0.03516	0.07099	0.10273	0.06250	0.34811	0.01461	0.03205	0.01052	0.00675	0.00749	0.00172	0.17528	0.00502	0.00458	0.00741
81	0.01441	0.01467	0.29905	0.01129	0.01588	0.00898	0.02937	0.04587	0.01262	0.29227	0.01700	0.07291	0.01392	0.00748	0.00538	0.00173	0.00558	0.12008	0.00427	0.00725
82	0.79025	0.01036	0.00828	0.00801	0.04673	0.03772	0.00609	0.01507	0.00893	0.02205	0.00718	0.00845	0.00563	0.00470	0.00327	0.00155	0.00418	0.00284	0.00308	0.00561
83	0.01230	0.01294	0.03938	0.12809	0.39237	0.04215	0.24729	0.03420	0.01185	0.01616	0.00965	0.01281	0.00766	0.00457	0.00529	0.00158	0.00701	0.00489	0.00254	0.00725
84	0.06094	0.28909	0.18354	0.01128	0.03159	0.01536	0.02708	0.23661	0.01428	0.01967	0.00920	0.01019	0.00715	0.00492	0.00422	0.00135	0.00578	0.00359	0.00312	0.06104
85	0.00878	0.00439	0.00659	0.00659	0.00659	0.00439	0.00439	0.00659	0.00659	0.00878	0.00878	0.01537	0.00878	0.01757	0.01976	0.85288	0.00439	0.00439	0.00220	0.00220
86	0.01245	0.01168	0.01848	0.05852	0.09886	0.01229	0.25598	0.03598	0.36393	0.03715	0.01589	0.01664	0.02647	0.00577	0.00540	0.00168	0.00583	0.00567	0.00390	0.00745
87	0.01358	0.22978	0.16988	0.01401	0.04200	0.01466	0.19179	0.14362	0.05956	0.04100	0.01035	0.01169	0.00789	0.00490	0.00472	0.00146	0.00643	0.00430	0.00307	0.02531
88	0.01766	0.00896	0.01101	0.00906	0.01236	0.00878	0.00728	0.02359	0.26213	0.45936	0.06503	0.02058	0.05680	0.00703	0.00520	0.00162	0.00400	0.00582	0.00578	0.00796
89	0.00604	0.00489	0.00536	0.00574	0.00699	0.00422	0.00412	0.00719	0.01093	0.01342	0.04368	0.29752	0.54471	0.01379	0.00613	0.00182	0.00268	0.01187	0.00470	0.00422
