[name]
unknown

[dist]
# distance from previous block
# <min> <max>
0	192

[block]
# block no. 0 follows, 50 sequences, length 58
# corresponding to MSA columns:
# 192-249
name=unknown_A
#
# <colnr> <probs for GDERKNQSTAVLIFYWHMCP>
#	G	D	E	R	K	N	Q	S	T	A	V	L	I	F	Y	W	H	M	C	P
0	0.00935	0.00788	0.01250	0.01077	0.01248	0.00813	0.16300	0.06360	0.01069	0.01436	0.01759	0.07149	0.02981	0.22697	0.05839	0.00309	0.06013	0.21138	0.00351	0.00489
1	0.01042	0.07624	0.73127	0.01382	0.02087	0.03136	0.01758	0.01583	0.01059	0.01544	0.00879	0.01033	0.00632	0.00472	0.00463	0.00154	0.00728	0.00361	0.00212	0.00727
2	0.00607	0.00434	0.00578	0.00694	0.00723	0.00405	0.00463	0.00694	0.00954	0.01272	0.02747	0.82157	0.03297	0.01562	0.00636	0.00202	0.00289	0.01417	0.00463	0.00405
3	0.00604	0.00447	0.00564	0.00658	0.00714	0.00408	0.00447	0.00698	0.00989	0.01286	0.03184	0.67472	0.17700	0.01505	0.00627	0.00196	0.00282	0.01348	0.00463	0.00408
4	0.01895	0.01396	0.01496	0.01147	0.01546	0.01546	0.00947	0.77711	0.02344	0.03141	0.01197	0.01197	0.00848	0.00598	0.00499	0.00150	0.00548	0.00449	0.00499	0.00848
5	0.01175	0.32159	0.32645	0.01056	0.01565	0.01328	0.01179	0.01499	0.01053	0.06814	0.01070	0.08770	0.00939	0.00563	0.00427	0.00137	0.00571	0.00435	0.00269	0.06347
6	0.01168	0.01401	0.06487	0.02070	0.02584	0.01256	0.74074	0.01596	0.01171	0.01596	0.01003	0.01331	0.00751	0.00423	0.00583	0.00168	0.00836	0.00578	0.00250	0.00675
7	0.86003	0.00964	0.00733	0.00655	0.00964	0.01118	0.00540	0.01465	0.00848	0.02236	0.00694	0.00810	0.00540	0.00463	0.00308	0.00154	0.00386	0.00270	0.00308	0.00540
8	0.00607	0.00434	0.00578	0.00694	0.00723	0.00405	0.00463	0.00694	0.00954	0.01272	0.02747	0.82157	0.03297	0.01562	0.00636	0.00202	0.00289	0.01417	0.00463	0.00405
9	0.00941	0.00886	0.01495	0.81285	0.03433	0.01107	0.01384	0.01274	0.00997	0.01274	0.00886	0.01329	0.00664	0.00498	0.00498	0.00166	0.00664	0.00443	0.00221	0.00554
10	0.00617	0.00451	0.00581	0.00665	0.00720	0.00414	0.00454	0.00726	0.01029	0.01367	0.12115	0.64086	0.12013	0.01463	0.00625	0.00193	0.00279	0.01314	0.00473	0.00414
11	0.01333	0.82783	0.02612	0.00853	0.01279	0.01972	0.00853	0.01493	0.01013	0.01173	0.00693	0.00800	0.00640	0.00426	0.00320	0.00107	0.00533	0.00267	0.00213	0.00640
12	0.86003	0.00964	0.00733	0.00655	0.00964	0.01118	0.00540	0.01465	0.00848	0.02236	0.00694	0.00810	0.00540	0.00463	0.00308	0.00154	0.00386	0.00270	0.00308	0.00540
13	0.00941	0.00886	0.01495	0.81285	0.03433	0.01107	0.01384	0.01274	0.00997	0.01274	0.00886	0.01329	0.00664	0.00498	0.00498	0.00166	0.00664	0.00443	0.00221	0.00554
14	0.00941	0.00886	0.01495	0.81285	0.03433	0.01107	0.01384	0.01274	0.00997	0.01274	0.00886	0.01329	0.00664	0.00498	0.00498	0.00166	0.00664	0.00443	0.00221	0.00554
15	0.01427	0.00981	0.01451	0.01067	0.01481	0.00856	0.14669	0.03434	0.01189	0.23991	0.01213	0.01287	0.00882	0.00480	0.00513	0.00123	0.04535	0.00418	0.00380	0.39622
16	0.04047	0.01778	0.01442	0.01276	0.01423	0.43973	0.01006	0.01633	0.01115	0.01242	0.00718	0.00979	0.00644	0.00667	0.00958	0.00168	0.35759	0.00369	0.00242	0.00563
17	0.01000	0.02578	0.79900	0.01421	0.02157	0.01158	0.01842	0.01579	0.01052	0.01579	0.00895	0.01052	0.00631	0.00474	0.00474	0.00158	0.00737	0.00368	0.00210	0.00737
18	0.00621	0.00443	0.00594	0.00710	0.00744	0.00417	0.00486	0.00718	0.00968	0.01288	0.02740	0.76855	0.03267	0.01549	0.00640	0.00204	0.00301	0.06586	0.00462	0.00409
19	0.00941	0.00886	0.01495	0.81285	0.03433	0.01107	0.01384	0.01274	0.00997	0.01274	0.00886	0.01329	0.00664	0.00498	0.00498	0.00166	0.00664	0.00443	0.00221	0.00554
20	0.01100	0.01099	0.01950	0.19767	0.02213	0.01259	0.28566	0.03646	0.01033	0.01465	0.00921	0.01295	0.00744	0.00595	0.00873	0.00179	0.25809	0.00495	0.06395	0.00596
21	0.00589	0.00505	0.00505	0.00505	0.00673	0.00421	0.00379	0.00715	0.01136	0.01347	0.05049	0.04797	0.79171	0.01262	0.00589	0.00168	0.00252	0.01052	0.00463	0.00421
22	0.01291	0.01249	0.02193	0.04763	0.39251	0.01271	0.24689	0.11899	0.01290	0.01793	0.00979	0.01259	0.00777	0.00480	0.00578	0.00158	0.04569	0.00488	0.00281	0.00743
23	0.00871	0.00474	0.00488	0.00488	0.00610	0.00467	0.00367	0.01086	0.01045	0.01751	0.02077	0.02264	0.11882	0.00843	0.04684	0.00160	0.00294	0.00548	0.69144	0.00458
24	0.01213	0.01163	0.01986	0.08541	0.74052	0.01179	0.01520	0.01512	0.01125	0.01604	0.00934	0.01240	0.00781	0.00448	0.00494	0.00149	0.00597	0.00444	0.00245	0.00773
25	0.00632	0.00452	0.00607	0.00723	0.00762	0.00426	0.00506	0.00737	0.00979	0.01300	0.02733	0.72420	0.03242	0.01538	0.00643	0.00206	0.00311	0.10909	0.00462	0.00412
26	0.86003	0.00964	0.00733	0.00655	0.00964	0.01118	0.00540	0.01465	0.00848	0.02236	0.00694	0.00810	0.00540	0.00463	0.00308	0.00154	0.00386	0.00270	0.00308	0.00540
27	0.00705	0.00510	0.00666	0.00627	0.00745	0.00470	0.00470	0.00941	0.01411	0.01999	0.79110	0.03723	0.04703	0.01019	0.00588	0.00157	0.00235	0.00901	0.00549	0.00470
28	0.00698	0.00472	0.00552	0.00579	0.00585	0.00465	0.00339	0.00718	0.00778	0.01037	0.01843	0.21561	0.02156	0.63714	0.02096	0.00418	0.00438	0.00885	0.00339	0.00326
29	0.05514	0.07478	0.46477	0.01253	0.01836	0.01314	0.01425	0.21111	0.05525	0.02011	0.01009	0.01104	0.00731	0.00513	0.00463	0.00153	0.00639	0.00388	0.00305	0.00752
30	0.01123	0.01235	0.02588	0.20485	0.04258	0.01224	0.58447	0.01520	0.01134	0.01522	0.00979	0.01339	0.00736	0.00439	0.00566	0.00167	0.00795	0.00552	0.00245	0.00647
31	0.01011	0.00793	0.00912	0.00687	0.01045	0.00637	0.00545	0.01232	0.01030	0.01669	0.01053	0.01226	0.00862	0.00429	0.00392	0.00087	0.02098	0.00338	0.19998	0.63957
32	0.01333	0.82783	0.02612	0.00853	0.01279	0.01972	0.00853	0.01493	0.01013	0.01173	0.00693	0.00800	0.00640	0.00426	0.00320	0.00107	0.00533	0.00267	0.00213	0.00640
33	0.86003	0.00964	0.00733	0.00655	0.00964	0.01118	0.00540	0.01465	0.00848	0.02236	0.00694	0.00810	0.00540	0.00463	0.00308	0.00154	0.00386	0.00270	0.00308	0.00540
34	0.01895	0.01396	0.01496	0.01147	0.01546	0.01546	0.00947	0.77711	0.02344	0.03141	0.01197	0.01197	0.00848	0.00598	0.00499	0.00150	0.00548	0.00449	0.00499	0.00848
35	0.02195	0.00914	0.01198	0.00918	0.01305	0.00831	0.00758	0.11504	0.01537	0.70487	0.01874	0.01636	0.01187	0.00615	0.00501	0.00154	0.00439	0.00495	0.00603	0.00848
36	0.00714	0.00527	0.00766	0.00766	0.00843	0.00604	0.00579	0.00868	0.00791	0.01131	0.01367	0.02136	0.01323	0.14460	0.69891	0.00758	0.01219	0.00560	0.00272	0.00426
37	0.00720	0.00519	0.00708	0.00771	0.00858	0.00516	0.00607	0.00897	0.01081	0.01456	0.16171	0.21724	0.04750	0.06026	0.11624	0.00300	0.00497	0.29895	0.00441	0.00438
38	0.00909	0.02081	0.61502	0.01252	0.01825	0.00983	0.01522	0.01373	0.01030	0.01508	0.01324	0.19864	0.01250	0.00726	0.00511	0.00168	0.00633	0.00612	0.00269	0.00660
39	0.01157	0.01286	0.02613	0.01917	0.02304	0.01322	0.59826	0.01505	0.01081	0.01505	0.00926	0.01286	0.00733	0.00525	0.00831	0.00180	0.19565	0.00553	0.00244	0.00643
40	0.86003	0.00964	0.00733	0.00655	0.00964	0.01118	0.00540	0.01465	0.00848	0.02236	0.00694	0.00810	0.00540	0.00463	0.00308	0.00154	0.00386	0.00270	0.00308	0.00540
41	0.01862	0.02376	0.01413	0.01284	0.01541	0.80482	0.00963	0.01990	0.01413	0.01220	0.00770	0.00899	0.00642	0.00514	0.00449	0.00128	0.00899	0.00321	0.00257	0.00578
42	0.01240	0.01071	0.01127	0.01014	0.01296	0.01240	0.00789	0.02649	0.78473	0.02085	0.02029	0.01860	0.01522	0.00676	0.00507	0.00169	0.00394	0.00564	0.00507	0.00789
43	0.01234	0.01184	0.02023	0.03059	0.79373	0.01184	0.01530	0.01530	0.01135	0.01628	0.00938	0.01234	0.00790	0.00444	0.00493	0.00148	0.00592	0.00444	0.00247	0.00790
44	0.00705	0.00510	0.00666	0.00627	0.00745	0.00470	0.00470	0.00941	0.01411	0.01999	0.79110	0.03723	0.04703	0.01019	0.00588	0.00157	0.00235	0.00901	0.00549	0.00470
45	0.00603	0.00450	0.00561	0.00650	0.00711	0.00409	0.00443	0.00699	0.00996	0.01290	0.03281	0.64214	0.20895	0.01492	0.00625	0.00195	0.00281	0.01332	0.00463	0.00409
46	0.02154	0.00830	0.01130	0.00873	0.01244	0.00719	0.00719	0.02349	0.01426	0.75547	0.06107	0.01805	0.01420	0.00639	0.00506	0.00154	0.00414	0.00523	0.00613	0.00828
47	0.02157	0.00975	0.01235	0.00947	0.01336	0.00921	0.00782	0.19890	0.01639	0.61957	0.01788	0.01581	0.01144	0.00613	0.00501	0.00153	0.00453	0.00489	0.00589	0.00848
48	0.00678	0.00508	0.00629	0.00599	0.00728	0.00459	0.00449	0.00888	0.01347	0.01848	0.61932	0.03972	0.21975	0.01075	0.00588	0.00159	0.00239	0.00936	0.00529	0.00459
49	0.00986	0.00734	0.00962	0.00881	0.01042	0.00837	0.00698	0.18708	0.01159	0.01617	0.01303	0.01782	0.01154	0.03010	0.61950	0.00650	0.01153	0.00514	0.00321	0.00538
50	0.86003	0.00964	0.00733	0.00655	0.00964	0.01118	0.00540	0.01465	0.00848	0.02236	0.00694	0.00810	0.00540	0.00463	0.00308	0.00154	0.00386	0.00270	0.00308	0.00540
51	0.01034	0.00886	0.01034	0.00738	0.01181	0.00664	0.00591	0.01255	0.01034	0.01624	0.00886	0.01034	0.00738	0.00369	0.00369	0.00074	0.00369	0.00295	0.00295	0.85530
52	0.01124	0.01112	0.01642	0.01715	0.19415	0.01447	0.01192	0.01276	0.00850	0.01299	0.00720	0.01124	0.00686	0.00773	0.01371	0.00202	0.62788	0.00438	0.00225	0.00602
53	0.01213	0.01366	0.02556	0.01967	0.06441	0.06788	0.55736	0.01556	0.01123	0.01508	0.00931	0.01266	0.00734	0.00501	0.00744	0.00172	0.13963	0.00537	0.00247	0.00651
54	0.01883	0.00888	0.01223	0.00920	0.01323	0.00754	0.04824	0.02116	0.02685	0.56039	0.01666	0.01527	0.01098	0.00550	0.00475	0.00137	0.00433	0.00459	0.00521	0.20479
55	0.02878	0.01222	0.01741	0.01772	0.24130	0.01278	0.11260	0.26995	0.10332	0.04523	0.02488	0.01344	0.00957	0.00540	0.00527	0.00152	0.02319	0.00478	0.00380	0.04684
56	0.20949	0.01220	0.01422	0.05481	0.19828	0.03815	0.01001	0.31538	0.01564	0.07043	0.01038	0.01144	0.00771	0.00524	0.00452	0.00151	0.00531	0.00406	0.00381	0.00740
57	0.01448	0.01338	0.01833	0.02333	0.47967	0.11836	0.05390	0.10728	0.01339	0.06971	0.01069	0.01351	0.00866	0.00510	0.00500	0.00149	0.00626	0.02681	0.00309	0.00756

[dist]
# distance from previous block
# <min> <max>
1	10

[block]
# block no. 1 follows, 50 sequences, length 16
# corresponding to MSA columns:
# 260-275
name=unknown_B
#
# <colnr> <probs for GDERKNQSTAVLIFYWHMCP>
#	G	D	E	R	K	N	Q	S	T	A	V	L	I	F	Y	W	H	M	C	P
0	0.01410	0.12124	0.33467	0.01271	0.01745	0.33932	0.01297	0.01802	0.05855	0.01412	0.00887	0.01007	0.00690	0.00497	0.00447	0.00140	0.00758	0.00348	0.00248	0.00663
1	0.01265	0.22819	0.44009	0.01239	0.01807	0.12257	0.01407	0.06981	0.01183	0.01537	0.00848	0.00977	0.00650	0.00476	0.00433	0.00140	0.00694	0.00342	0.00238	0.00698
2	0.00906	0.00574	0.00707	0.00659	0.00772	0.00554	0.00468	0.05600	0.01208	0.08227	0.34861	0.11860	0.03092	0.24984	0.01149	0.00256	0.00349	0.00835	0.02471	0.00468
3	0.00643	0.00508	0.00594	0.00586	0.00721	0.00464	0.00438	0.00803	0.01154	0.01494	0.25358	0.05981	0.43689	0.03492	0.11583	0.00260	0.00402	0.00940	0.00456	0.00435
4	0.00647	0.00498	0.00547	0.00543	0.00654	0.00446	0.00378	0.00759	0.01073	0.01365	0.17802	0.06467	0.42630	0.22740	0.01106	0.00251	0.00311	0.00948	0.00436	0.00398
5	0.01862	0.02376	0.01413	0.01284	0.01541	0.80482	0.00963	0.01990	0.01413	0.01220	0.00770	0.00899	0.00642	0.00514	0.00449	0.00128	0.00899	0.00321	0.00257	0.00578
6	0.00870	0.00476	0.00518	0.00508	0.00624	0.00466	0.00381	0.01103	0.01142	0.01896	0.22150	0.02352	0.02185	0.00697	0.00412	0.00127	0.00233	0.00580	0.62814	0.00466
7	0.01108	0.01267	0.05279	0.23051	0.02809	0.01216	0.54707	0.01510	0.01124	0.01510	0.00972	0.01330	0.00728	0.00443	0.00560	0.00167	0.00790	0.00542	0.00243	0.00643
8	0.00710	0.00528	0.00765	0.00755	0.00852	0.00583	0.00583	0.00903	0.00963	0.01380	0.21936	0.02426	0.02162	0.03018	0.59338	0.00630	0.01044	0.00631	0.00342	0.00452
9	0.01720	0.01340	0.01636	0.01653	0.22161	0.01450	0.01102	0.57532	0.02023	0.02741	0.01128	0.01206	0.00832	0.00557	0.00497	0.00149	0.00560	0.00448	0.00432	0.00832
10	0.00904	0.00801	0.01432	0.01205	0.01416	0.00774	0.25707	0.01135	0.01045	0.01387	0.01824	0.03602	0.01900	0.22548	0.01145	0.00277	0.00590	0.31472	0.00350	0.00487
11	0.02236	0.00848	0.01157	0.00887	0.01272	0.00733	0.00733	0.02429	0.01427	0.79719	0.01966	0.01697	0.01234	0.00617	0.00501	0.00154	0.00424	0.00501	0.00617	0.00848
12	0.01240	0.01071	0.01127	0.01014	0.01296	0.01240	0.00789	0.02649	0.78473	0.02085	0.02029	0.01860	0.01522	0.00676	0.00507	0.00169	0.00394	0.00564	0.00507	0.00789
13	0.00725	0.00483	0.00544	0.00544	0.00544	0.00483	0.00302	0.00725	0.00725	0.00966	0.01571	0.03262	0.01812	0.82483	0.02537	0.00483	0.00483	0.00725	0.00302	0.00302
14	0.01914	0.01366	0.01477	0.01132	0.01531	0.01501	0.00936	0.73544	0.02293	0.07380	0.01239	0.01224	0.00869	0.00599	0.00499	0.00150	0.00542	0.00452	0.00505	0.00848
15	0.01238	0.01101	0.01364	0.01556	0.21977	0.01225	0.00985	0.02352	0.57987	0.01964	0.01740	0.01694	0.01328	0.00615	0.00504	0.00163	0.00447	0.00532	0.00438	0.00789

[dist]
# distance from previous block
# <min> <max>
0	1

[block]
# block no. 2 follows, 50 sequences, length 50
# corresponding to MSA columns:
# 277-326
name=unknown_C
#
# <colnr> <probs for GDERKNQSTAVLIFYWHMCP>
#	G	D	E	R	K	N	Q	S	T	A	V	L	I	F	Y	W	H	M	C	P
0	0.46187	0.00957	0.00960	0.00788	0.01132	0.01009	0.00649	0.07877	0.02729	0.31424	0.01239	0.01194	0.00845	0.00536	0.00400	0.00154	0.00413	0.00377	0.00443	0.00685
1	0.01000	0.02578	0.79900	0.01421	0.02157	0.01158	0.01842	0.01579	0.01052	0.01579	0.00895	0.01052	0.00631	0.00474	0.00474	0.00158	0.00737	0.00368	0.00210	0.00737
2	0.00941	0.00886	0.01495	0.81285	0.03433	0.01107	0.01384	0.01274	0.00997	0.01274	0.00886	0.01329	0.00664	0.00498	0.00498	0.00166	0.00664	0.00443	0.00221	0.00554
3	0.01218	0.01227	0.02270	0.02801	0.58699	0.01205	0.22006	0.01548	0.01146	0.01620	0.00957	0.01264	0.00781	0.00438	0.00519	0.00153	0.00659	0.00483	0.00248	0.00758
4	0.01370	0.01494	0.01715	0.16580	0.39808	0.26135	0.01309	0.01618	0.01192	0.01428	0.00882	0.01158	0.00728	0.00532	0.01854	0.00156	0.00715	0.00407	0.00246	0.00674
5	0.00933	0.00852	0.01360	0.54108	0.02651	0.01016	0.03806	0.01327	0.07174	0.01484	0.15880	0.01819	0.01504	0.00622	0.00558	0.00166	0.03328	0.00545	0.00307	0.00560
6	0.00988	0.00846	0.00968	0.00770	0.01118	0.03407	0.00620	0.01209	0.01110	0.01637	0.10738	0.02032	0.01534	0.00602	0.00446	0.00109	0.00384	0.11471	0.00349	0.59663
7	0.01017	0.00961	0.01614	0.54687	0.23723	0.01126	0.01387	0.01327	0.01019	0.01363	0.00908	0.01317	0.00718	0.00609	0.03322	0.00185	0.03429	0.00446	0.00230	0.00613
8	0.63344	0.01344	0.00916	0.00825	0.01119	0.22491	0.00654	0.01607	0.01000	0.01963	0.00715	0.00834	0.00567	0.00476	0.00346	0.00147	0.00524	0.00284	0.00295	0.00550
9	0.01484	0.60865	0.02311	0.00932	0.01351	0.01857	0.00878	0.22018	0.01371	0.01703	0.00829	0.00907	0.00696	0.00473	0.00368	0.00118	0.00537	0.00316	0.00290	0.00696
10	0.01020	0.00966	0.01637	0.60218	0.23884	0.01128	0.01423	0.01343	0.01034	0.01369	0.00900	0.01303	0.00698	0.00484	0.00497	0.00161	0.00645	0.00443	0.00228	0.00617
11	0.01191	0.01133	0.01925	0.02899	0.74036	0.01131	0.01457	0.01473	0.01123	0.01604	0.01060	0.06725	0.00960	0.00520	0.00503	0.00152	0.00572	0.00510	0.00261	0.00763
12	0.01522	0.01118	0.01231	0.01016	0.01308	0.01216	0.00807	0.55437	0.01942	0.02601	0.01645	0.24611	0.01556	0.00877	0.00538	0.00165	0.00473	0.00729	0.00488	0.00720
13	0.17271	0.01132	0.04922	0.01426	0.01793	0.01071	0.37553	0.07372	0.01154	0.01771	0.01327	0.18337	0.01255	0.00686	0.00534	0.00171	0.00610	0.00684	0.00325	0.00607
14	0.01000	0.02578	0.79900	0.01421	0.02157	0.01158	0.01842	0.01579	0.01052	0.01579	0.00895	0.01052	0.00631	0.00474	0.00474	0.00158	0.00737	0.00368	0.00210	0.00737
15	0.00708	0.00516	0.00609	0.00643	0.00726	0.00492	0.00472	0.00813	0.00970	0.01233	0.02903	0.04408	0.24748	0.34792	0.01422	0.00316	0.00409	0.23042	0.00395	0.00383
16	0.04105	0.01495	0.22567	0.01650	0.22271	0.01179	0.01259	0.02014	0.31397	0.04875	0.01385	0.01434	0.01042	0.00550	0.00487	0.00159	0.00540	0.00467	0.00356	0.00769
17	0.00660	0.00502	0.00620	0.00693	0.00799	0.00462	0.00535	0.00804	0.01079	0.01366	0.03549	0.30990	0.30659	0.01397	0.00635	0.00198	0.00327	0.23837	0.00462	0.00427
18	0.01133	0.01194	0.01180	0.01081	0.01189	0.22396	0.00853	0.01278	0.00955	0.01187	0.00982	0.01417	0.00909	0.02024	0.35670	0.00448	0.24897	0.00448	0.00250	0.00510
19	0.00606	0.00439	0.00573	0.00681	0.00720	0.00406	0.00457	0.00696	0.00967	0.01278	0.02906	0.76824	0.08528	0.01541	0.00633	0.00200	0.00287	0.01392	0.00463	0.00406
20	0.01157	0.01230	0.04532	0.15958	0.37645	0.01197	0.27836	0.01511	0.01123	0.01556	0.00952	0.01283	0.00752	0.00446	0.00527	0.00158	0.00695	0.00492	0.00243	0.00707
21	0.01361	0.01622	0.02530	0.01881	0.02318	0.22595	0.56934	0.01703	0.01240	0.01495	0.00944	0.01225	0.00726	0.00445	0.00551	0.00157	0.00856	0.00516	0.00253	0.00647
22	0.01758	0.00811	0.01015	0.00810	0.01138	0.00730	0.00659	0.09524	0.01440	0.50926	0.02719	0.02481	0.22184	0.00789	0.00525	0.00158	0.00390	0.00644	0.00564	0.00733
23	0.00639	0.00447	0.00569	0.00654	0.00675	0.00426	0.00419	0.00702	0.00893	0.01190	0.02430	0.60911	0.02897	0.23354	0.01148	0.00278	0.00341	0.01231	0.00419	0.00377
24	0.03180	0.01258	0.01648	0.11520	0.26440	0.01369	0.01178	0.42773	0.01767	0.02416	0.01067	0.01217	0.00801	0.00535	0.00493	0.00151	0.00573	0.00443	0.00381	0.00787
25	0.02144	0.00996	0.01248	0.00957	0.01346	0.00952	0.00790	0.22703	0.01674	0.59096	0.01759	0.01562	0.01130	0.00612	0.00501	0.00153	0.00458	0.00487	0.00585	0.00848
26	0.01783	0.00822	0.01065	0.00848	0.01163	0.00759	0.00688	0.10987	0.01532	0.49676	0.22650	0.02183	0.02122	0.00723	0.00524	0.00154	0.00388	0.00603	0.00584	0.00746
27	0.00589	0.00505	0.00505	0.00505	0.00673	0.00421	0.00379	0.00715	0.01136	0.01347	0.05049	0.04797	0.79171	0.01262	0.00589	0.00168	0.00252	0.01052	0.00463	0.00421
28	0.01034	0.00944	0.01561	0.06074	0.51496	0.00947	0.01207	0.01273	0.01080	0.01510	0.01489	0.23203	0.01540	0.00784	0.00540	0.00167	0.00509	0.03668	0.00312	0.00662
29	0.01173	0.00903	0.01021	0.00901	0.01133	0.00976	0.00711	0.21819	0.23317	0.02239	0.25682	0.08076	0.02547	0.00875	0.00552	0.00167	0.00384	0.06358	0.00511	0.00655
30	0.01033	0.10688	0.72085	0.01363	0.02069	0.01240	0.01742	0.01570	0.01048	0.01537	0.00874	0.01027	0.00632	0.00469	0.00458	0.00153	0.00716	0.00358	0.00211	0.00727
31	0.00776	0.00636	0.00967	0.01331	0.21904	0.00615	0.00750	0.00919	0.01003	0.01368	0.02260	0.60364	0.02622	0.01261	0.00598	0.00188	0.00371	0.01155	0.00405	0.00508
32	0.00712	0.00534	0.00801	0.00801	0.00890	0.00623	0.00623	0.00890	0.00801	0.01157	0.01335	0.01958	0.01246	0.03738	0.80507	0.00801	0.01335	0.00534	0.00267	0.00445
33	0.01023	0.01408	0.25363	0.00949	0.01482	0.00817	0.00977	0.01355	0.01039	0.01610	0.00889	0.01039	0.00705	0.00401	0.00401	0.00100	0.00483	0.00318	0.00269	0.59372
34	0.01032	0.00978	0.01659	0.57033	0.26976	0.01131	0.01429	0.01353	0.01040	0.01384	0.00902	0.01299	0.00703	0.00482	0.00497	0.00161	0.00642	0.00443	0.00229	0.00627
35	0.01895	0.01396	0.01496	0.01147	0.01546	0.01546	0.00947	0.77711	0.02344	0.03141	0.01197	0.01197	0.00848	0.00598	0.00499	0.00150	0.00548	0.00449	0.00499	0.00848
36	0.01233	0.01349	0.02827	0.02026	0.02522	0.01283	0.71531	0.07589	0.01268	0.01718	0.01023	0.01333	0.00763	0.00434	0.00581	0.00167	0.00817	0.00577	0.00272	0.00686
37	0.00594	0.00486	0.00525	0.00556	0.00687	0.00416	0.00401	0.00710	0.01087	0.01327	0.04429	0.25630	0.58738	0.01343	0.00602	0.00178	0.00262	0.01150	0.00463	0.00416
38	0.01333	0.82783	0.02612	0.00853	0.01279	0.01972	0.00853	0.01493	0.01013	0.01173	0.00693	0.00800	0.00640	0.00426	0.00320	0.00107	0.00533	0.00267	0.00213	0.00640
39	0.00651	0.00488	0.00604	0.00616	0.00722	0.00441	0.00446	0.00821	0.01222	0.01648	0.40899	0.25102	0.22068	0.01223	0.00601	0.00172	0.00254	0.01076	0.00505	0.00441
40	0.01024	0.01022	0.00927	0.00892	0.01013	0.22108	0.00666	0.01161	0.00954	0.01145	0.01219	0.01870	0.01169	0.14798	0.47137	0.00572	0.01089	0.00506	0.00270	0.00459
41	0.00642	0.00507	0.00578	0.00560	0.00706	0.00443	0.00420	0.00818	0.01261	0.01643	0.38736	0.04309	0.45299	0.01152	0.00589	0.00163	0.00245	0.00983	0.00502	0.00443
42	0.01000	0.02578	0.79900	0.01421	0.02157	0.01158	0.01842	0.01579	0.01052	0.01579	0.00895	0.01052	0.00631	0.00474	0.00474	0.00158	0.00737	0.00368	0.00210	0.00737
43	0.00670	0.00508	0.00617	0.00589	0.00723	0.00455	0.00442	0.00871	0.01326	0.01798	0.56263	0.04055	0.27676	0.01094	0.00588	0.00160	0.00240	0.00948	0.00522	0.00455
44	0.00614	0.00439	0.00586	0.00702	0.00734	0.00411	0.00475	0.00706	0.00961	0.01280	0.02743	0.79417	0.03281	0.01555	0.00638	0.00203	0.00295	0.04088	0.00463	0.00407
45	0.01154	0.01362	0.05870	0.02026	0.02523	0.01229	0.71470	0.01573	0.01170	0.01592	0.01070	0.01507	0.00837	0.00461	0.00588	0.00170	0.00821	0.03651	0.00259	0.00666
46	0.01951	0.02468	0.01176	0.00921	0.01279	0.00893	0.00750	0.02470	0.22167	0.57317	0.01959	0.01723	0.01300	0.00629	0.00499	0.00157	0.00418	0.00514	0.00580	0.00828
47	0.01333	0.82783	0.02612	0.00853	0.01279	0.01972	0.00853	0.01493	0.01013	0.01173	0.00693	0.00800	0.00640	0.00426	0.00320	0.00107	0.00533	0.00267	0.00213	0.00640
48	0.86003	0.00964	0.00733	0.00655	0.00964	0.01118	0.00540	0.01465	0.00848	0.02236	0.00694	0.00810	0.00540	0.00463	0.00308	0.00154	0.00386	0.00270	0.00308	0.00540
49	0.44092	0.00941	0.00967	0.00788	0.01136	0.00978	0.00650	0.06803	0.01197	0.36044	0.01281	0.01221	0.00862	0.00539	0.00405	0.00154	0.00413	0.00382	0.00455	0.00694

[dist]
# distance from previous block
# <min> <max>
1	2

[block]
# block no. 3 follows, 50 sequences, length 31
# corresponding to MSA columns:
# 329-359
name=unknown_D
#
# <colnr> <probs for GDERKNQSTAVLIFYWHMCP>
#	G	D	E	R	K	N	Q	S	T	A	V	L	I	F	Y	W	H	M	C	P
0	0.00695	0.00530	0.00760	0.00760	0.00860	0.00595	0.00589	0.00866	0.00848	0.01184	0.01854	0.02355	0.12127	0.03393	0.69348	0.00713	0.01184	0.00606	0.00294	0.00442
1	0.01701	0.00715	0.00892	0.00727	0.01006	0.00655	0.00587	0.04714	0.01308	0.45718	0.01802	0.01743	0.01237	0.00602	0.00440	0.00139	0.00352	0.00485	0.34483	0.00695
2	0.01265	0.00666	0.00867	0.00744	0.00964	0.00616	0.00583	0.01572	0.07067	0.28406	0.47253	0.02898	0.03291	0.00857	0.00553	0.00157	0.00311	0.00741	0.00569	0.00622
3	0.02016	0.00996	0.01228	0.00950	0.01320	0.00970	0.00781	0.26084	0.01715	0.49846	0.07380	0.01687	0.01366	0.00641	0.00507	0.00153	0.00450	0.00514	0.00575	0.00820
4	0.00643	0.00467	0.00606	0.00657	0.00728	0.00430	0.00460	0.00787	0.01136	0.01548	0.31368	0.47927	0.08711	0.01340	0.00615	0.00183	0.00267	0.01201	0.00495	0.00430
5	0.01862	0.02376	0.01413	0.01284	0.01541	0.80482	0.00963	0.01990	0.01413	0.01220	0.00770	0.00899	0.00642	0.00514	0.00449	0.00128	0.00899	0.00321	0.00257	0.00578
6	0.02236	0.00848	0.01157	0.00887	0.01272	0.00733	0.00733	0.02429	0.01427	0.79719	0.01966	0.01697	0.01234	0.00617	0.00501	0.00154	0.00424	0.00501	0.00617	0.00848
7	0.02236	0.00848	0.01157	0.00887	0.01272	0.00733	0.00733	0.02429	0.01427	0.79719	0.01966	0.01697	0.01234	0.00617	0.00501	0.00154	0.00424	0.00501	0.00617	0.00848
8	0.01240	0.01071	0.01127	0.01014	0.01296	0.01240	0.00789	0.02649	0.78473	0.02085	0.02029	0.01860	0.01522	0.00676	0.00507	0.00169	0.00394	0.00564	0.00507	0.00789
9	0.00607	0.00434	0.00578	0.00694	0.00723	0.00405	0.00463	0.00694	0.00954	0.01272	0.02747	0.82157	0.03297	0.01562	0.00636	0.00202	0.00289	0.01417	0.00463	0.00405
10	0.02225	0.00866	0.01168	0.00895	0.01281	0.00759	0.00740	0.04862	0.01456	0.77244	0.01942	0.01680	0.01221	0.00616	0.00501	0.00154	0.00428	0.00500	0.00613	0.00848
11	0.00607	0.00434	0.00578	0.00694	0.00723	0.00405	0.00463	0.00694	0.00954	0.01272	0.02747	0.82157	0.03297	0.01562	0.00636	0.00202	0.00289	0.01417	0.00463	0.00405
12	0.00620	0.00506	0.00548	0.00538	0.00692	0.00434	0.00403	0.00775	0.01209	0.01521	0.24819	0.04510	0.59293	0.01197	0.00589	0.00165	0.00248	0.01012	0.00486	0.00434
13	0.01333	0.82783	0.02612	0.00853	0.01279	0.01972	0.00853	0.01493	0.01013	0.01173	0.00693	0.00800	0.00640	0.00426	0.00320	0.00107	0.00533	0.00267	0.00213	0.00640
14	0.02236	0.00848	0.01157	0.00887	0.01272	0.00733	0.00733	0.02429	0.01427	0.79719	0.01966	0.01697	0.01234	0.00617	0.00501	0.00154	0.00424	0.00501	0.00617	0.00848
15	0.86003	0.00964	0.00733	0.00655	0.00964	0.01118	0.00540	0.01465	0.00848	0.02236	0.00694	0.00810	0.00540	0.00463	0.00308	0.00154	0.00386	0.00270	0.00308	0.00540
16	0.00589	0.00505	0.00505	0.00505	0.00673	0.00421	0.00379	0.00715	0.01136	0.01347	0.05049	0.04797	0.79171	0.01262	0.00589	0.00168	0.00252	0.01052	0.00463	0.00421
17	0.04345	0.00485	0.00475	0.00472	0.00596	0.00491	0.00356	0.01174	0.01037	0.01873	0.01589	0.01816	0.01248	0.00576	0.00347	0.00118	0.00238	0.00457	0.81839	0.00468
18	0.00635	0.00453	0.00610	0.00725	0.00766	0.00428	0.00510	0.00741	0.00981	0.01303	0.02732	0.71470	0.03237	0.01536	0.00644	0.00206	0.00313	0.11834	0.00462	0.00412
19	0.01433	0.01592	0.01736	0.11329	0.41846	0.30579	0.01303	0.01671	0.01222	0.01436	0.00870	0.01120	0.00721	0.00476	0.00478	0.00143	0.00714	0.00398	0.00248	0.00684
20	0.01000	0.02578	0.79900	0.01421	0.02157	0.01158	0.01842	0.01579	0.01052	0.01579	0.00895	0.01052	0.00631	0.00474	0.00474	0.00158	0.00737	0.00368	0.00210	0.00737
21	0.00708	0.00510	0.00703	0.00711	0.00767	0.00562	0.00509	0.00823	0.00788	0.01105	0.01515	0.08333	0.01579	0.28635	0.49759	0.00655	0.00986	0.00660	0.00293	0.00397
22	0.00653	0.00507	0.00593	0.00572	0.00712	0.00448	0.00429	0.00839	0.01287	0.01704	0.45614	0.04209	0.38383	0.01129	0.00588	0.00162	0.00243	0.00970	0.00510	0.00448
23	0.00798	0.00490	0.00571	0.00551	0.00670	0.00466	0.00413	0.01027	0.01239	0.01909	0.42022	0.02954	0.06427	0.00838	0.00483	0.00140	0.00235	0.00717	0.37585	0.00466
24	0.02224	0.00868	0.01169	0.00896	0.01282	0.00761	0.00740	0.05087	0.01459	0.77015	0.01939	0.01679	0.01220	0.00616	0.00501	0.00154	0.00429	0.00499	0.00613	0.00848
25	0.00929	0.00465	0.00465	0.00465	0.00581	0.00465	0.00348	0.01161	0.01045	0.01858	0.01626	0.01858	0.01278	0.00581	0.00348	0.00116	0.00232	0.00465	0.85250	0.00465
26	0.01240	0.01071	0.01127	0.01014	0.01296	0.01240	0.00789	0.02649	0.78473	0.02085	0.02029	0.01860	0.01522	0.00676	0.00507	0.00169	0.00394	0.00564	0.00507	0.00789
27	0.02236	0.00848	0.01157	0.00887	0.01272	0.00733	0.00733	0.02429	0.01427	0.79719	0.01966	0.01697	0.01234	0.00617	0.00501	0.00154	0.00424	0.00501	0.00617	0.00848
28	0.01895	0.01396	0.01496	0.01147	0.01546	0.01546	0.00947	0.77711	0.02344	0.03141	0.01197	0.01197	0.00848	0.00598	0.00499	0.00150	0.00548	0.00449	0.00499	0.00848
29	0.00607	0.00434	0.00578	0.00694	0.00723	0.00405	0.00463	0.00694	0.00954	0.01272	0.02747	0.82157	0.03297	0.01562	0.00636	0.00202	0.00289	0.01417	0.00463	0.00405
30	0.01905	0.01188	0.01343	0.01051	0.01430	0.01261	0.00861	0.44821	0.12701	0.25788	0.01542	0.01438	0.01057	0.00615	0.00501	0.00154	0.00490	0.00480	0.00535	0.00840

[dist]
# distance from previous block
# <min> <max>
0	1

[block]
# block no. 4 follows, 50 sequences, length 29
# corresponding to MSA columns:
# 361-389
name=unknown_E
#
# <colnr> <probs for GDERKNQSTAVLIFYWHMCP>
#	G	D	E	R	K	N	Q	S	T	A	V	L	I	F	Y	W	H	M	C	P
0	0.28719	0.10405	0.03599	0.00983	0.01327	0.21033	0.00822	0.18432	0.02828	0.06255	0.00923	0.00991	0.00703	0.00514	0.00406	0.00142	0.00578	0.00342	0.00345	0.00655
1	0.13407	0.06619	0.01461	0.01361	0.10135	0.50755	0.00960	0.06982	0.01344	0.01534	0.00803	0.00938	0.00658	0.00500	0.00431	0.00134	0.00749	0.00333	0.00277	0.00618
2	0.00640	0.00507	0.00575	0.00558	0.00704	0.00442	0.00419	0.00813	0.01256	0.01630	0.37274	0.04330	0.46769	0.01156	0.00589	0.00163	0.00245	0.00986	0.00500	0.00442
3	0.01134	0.00883	0.01044	0.00751	0.01189	0.00670	0.00603	0.01353	0.01067	0.08163	0.00976	0.01089	0.00780	0.00390	0.00380	0.00081	0.00374	0.00313	0.00322	0.78439
4	0.00622	0.00444	0.00595	0.00711	0.00746	0.00417	0.00488	0.00719	0.00969	0.01289	0.02739	0.76500	0.03265	0.01548	0.00640	0.00204	0.00302	0.06931	0.00462	0.00409
5	0.00994	0.00807	0.00929	0.00925	0.01110	0.00891	0.00729	0.01815	0.41737	0.01760	0.02340	0.18651	0.02245	0.01045	0.00583	0.00192	0.00392	0.21747	0.00485	0.00622
6	0.01333	0.82783	0.02612	0.00853	0.01279	0.01972	0.00853	0.01493	0.01013	0.01173	0.00693	0.00800	0.00640	0.00426	0.00320	0.00107	0.00533	0.00267	0.00213	0.00640
7	0.00656	0.00508	0.00597	0.00575	0.00714	0.00449	0.00431	0.00844	0.01293	0.01719	0.47325	0.04184	0.36663	0.01123	0.00588	0.00162	0.00243	0.00966	0.00512	0.00449
8	0.01895	0.01396	0.01496	0.01147	0.01546	0.01546	0.00947	0.77711	0.02344	0.03141	0.01197	0.01197	0.00848	0.00598	0.00499	0.00150	0.00548	0.00449	0.00499	0.00848
9	0.01144	0.01190	0.01570	0.01332	0.01387	0.08067	0.05533	0.01276	0.00843	0.01223	0.00713	0.01125	0.00683	0.00933	0.04706	0.00232	0.66826	0.00439	0.00225	0.00551
10	0.00699	0.00543	0.00641	0.00657	0.00743	0.00539	0.00461	0.00885	0.06261	0.01355	0.10283	0.29310	0.23582	0.16848	0.01020	0.00241	0.04040	0.01033	0.00432	0.00428
11	0.01014	0.05900	0.76699	0.01397	0.02121	0.01191	0.01801	0.01575	0.01051	0.01562	0.00886	0.01042	0.00632	0.00472	0.00467	0.00156	0.00728	0.00364	0.00211	0.00733
12	0.01000	0.02578	0.79900	0.01421	0.02157	0.01158	0.01842	0.01579	0.01052	0.01579	0.00895	0.01052	0.00631	0.00474	0.00474	0.00158	0.00737	0.00368	0.00210	0.00737
13	0.00840	0.00656	0.00753	0.00728	0.00884	0.03262	0.00570	0.01189	0.10345	0.03654	0.40665	0.03853	0.16241	0.01052	0.00588	0.00171	0.00320	0.13212	0.00507	0.00510
14	0.01814	0.01306	0.01414	0.01096	0.01470	0.01440	0.00903	0.69259	0.02200	0.05072	0.01242	0.01270	0.00893	0.00727	0.03772	0.00175	0.00564	0.00454	0.04114	0.00815
15	0.86003	0.00964	0.00733	0.00655	0.00964	0.01118	0.00540	0.01465	0.00848	0.02236	0.00694	0.00810	0.00540	0.00463	0.00308	0.00154	0.00386	0.00270	0.00308	0.00540
16	0.86003	0.00964	0.00733	0.00655	0.00964	0.01118	0.00540	0.01465	0.00848	0.02236	0.00694	0.00810	0.00540	0.00463	0.00308	0.00154	0.00386	0.00270	0.00308	0.00540
17	0.01122	0.00883	0.01043	0.00749	0.01188	0.00669	0.00601	0.01342	0.01063	0.07397	0.00966	0.01083	0.00775	0.00387	0.00379	0.00080	0.00373	0.00311	0.00319	0.79270
18	0.01200	0.01055	0.01325	0.01523	0.21033	0.01167	0.00978	0.02222	0.52057	0.01917	0.01807	0.02034	0.01455	0.00679	0.00520	0.00169	0.00450	0.07210	0.00437	0.00760
19	0.00607	0.00434	0.00578	0.00694	0.00723	0.00405	0.00463	0.00694	0.00954	0.01272	0.02747	0.82157	0.03297	0.01562	0.00636	0.00202	0.00289	0.01417	0.00463	0.00405
20	0.01222	0.01036	0.01089	0.00983	0.01255	0.01195	0.00764	0.02563	0.74006	0.02072	0.02006	0.01860	0.01507	0.00671	0.00498	0.00166	0.00385	0.00558	0.05396	0.00770
21	0.00678	0.00508	0.00628	0.00598	0.00728	0.00459	0.00449	0.00888	0.01346	0.01845	0.61656	0.03976	0.22254	0.01076	0.00588	0.00159	0.00239	0.00937	0.00528	0.00459
22	0.02217	0.00880	0.01176	0.00902	0.01288	0.00780	0.00745	0.06772	0.01480	0.75301	0.01922	0.01668	0.01212	0.00616	0.00501	0.00154	0.00431	0.00498	0.00610	0.00848
23	0.02083	0.01094	0.01309	0.01003	0.01395	0.01097	0.00829	0.36206	0.01838	0.45360	0.01621	0.01472	0.01061	0.00609	0.00500	0.00152	0.00480	0.00478	0.00564	0.00848
24	0.00607	0.00434	0.00578	0.00694	0.00723	0.00405	0.00463	0.00694	0.00954	0.01272	0.02747	0.82157	0.03297	0.01562	0.00636	0.00202	0.00289	0.01417	0.00463	0.00405
25	0.01034	0.00886	0.01034	0.00738	0.01181	0.00664	0.00591	0.01255	0.01034	0.01624	0.00886	0.01034	0.00738	0.00369	0.00369	0.00074	0.00369	0.00295	0.00295	0.85530
26	0.01377	0.01185	0.01265	0.12158	0.01644	0.06569	0.00908	0.21555	0.39266	0.02146	0.01608	0.05500	0.01259	0.00664	0.00506	0.00163	0.00500	0.00543	0.00446	0.00738
27	0.01884	0.01135	0.01296	0.01013	0.01385	0.01184	0.00831	0.41814	0.08343	0.28796	0.01737	0.01618	0.05315	0.00647	0.00505	0.00154	0.00477	0.00509	0.00537	0.00820
28	0.35239	0.01761	0.25263	0.01162	0.01613	0.15937	0.09311	0.01612	0.01051	0.01777	0.00803	0.00958	0.00610	0.00471	0.00415	0.00152	0.00637	0.00344	0.00263	0.00621

[dist]
# distance from previous block
# <min> <max>
0	4

[block]
# block no. 5 follows, 50 sequences, length 53
# corresponding to MSA columns:
# 394-446
name=unknown_F
#
# <colnr> <probs for GDERKNQSTAVLIFYWHMCP>
#	G	D	E	R	K	N	Q	S	T	A	V	L	I	F	Y	W	H	M	C	P
0	0.01388	0.01227	0.01874	0.05291	0.57413	0.01271	0.01380	0.20445	0.01430	0.01992	0.01000	0.01228	0.00800	0.00484	0.00495	0.00149	0.00584	0.00445	0.00308	0.00796
1	0.00624	0.00506	0.00553	0.00541	0.00694	0.00435	0.00406	0.00782	0.01217	0.01540	0.26963	0.04479	0.57137	0.01190	0.00589	0.00165	0.00247	0.01007	0.00488	0.00435
2	0.02192	0.00919	0.01201	0.00921	0.01308	0.00838	0.00760	0.12205	0.01546	0.69775	0.01866	0.01632	0.01184	0.00615	0.00501	0.00154	0.00440	0.00494	0.00602	0.00848
3	0.00718	0.00484	0.00561	0.00567	0.00573	0.00488	0.00329	0.00734	0.00740	0.00993	0.01612	0.06928	0.01848	0.73805	0.07235	0.00489	0.00526	0.00746	0.00308	0.00316
4	0.00733	0.00525	0.00717	0.00793	0.00889	0.00509	0.00641	0.00931	0.01168	0.01566	0.21661	0.23067	0.03425	0.01331	0.00651	0.00205	0.00364	0.39895	0.00482	0.00449
5	0.01000	0.02578	0.79900	0.01421	0.02157	0.01158	0.01842	0.01579	0.01052	0.01579	0.00895	0.01052	0.00631	0.00474	0.00474	0.00158	0.00737	0.00368	0.00210	0.00737
6	0.00755	0.00539	0.00747	0.00862	0.00956	0.00532	0.00719	0.00949	0.01099	0.01437	0.02666	0.24634	0.02975	0.01423	0.00675	0.00223	0.00417	0.57487	0.00460	0.00446
7	0.01871	0.01384	0.01482	0.01142	0.01537	0.01535	0.00942	0.74956	0.05138	0.03103	0.01227	0.01221	0.00872	0.00601	0.00499	0.00150	0.00543	0.00453	0.00499	0.00846
8	0.01132	0.01657	0.22445	0.01928	0.02492	0.01234	0.58373	0.01592	0.01145	0.01592	0.00980	0.01270	0.00725	0.00434	0.00559	0.00165	0.00814	0.00533	0.00242	0.00689
9	0.01014	0.00960	0.01626	0.61853	0.22297	0.01127	0.01420	0.01337	0.01031	0.01362	0.00899	0.01305	0.00696	0.00485	0.00497	0.00162	0.00646	0.00443	0.00228	0.00612
10	0.00725	0.00483	0.00544	0.00544	0.00544	0.00483	0.00302	0.00725	0.00725	0.00966	0.01571	0.03262	0.01812	0.82483	0.02537	0.00483	0.00483	0.00725	0.00302	0.00302
11	0.00997	0.00952	0.01346	0.01183	0.01205	0.01302	0.00974	0.01123	0.00773	0.01189	0.00823	0.01306	0.00801	0.01584	0.21228	0.00363	0.61639	0.00461	0.00230	0.00520
12	0.00602	0.00453	0.00559	0.00643	0.00710	0.00409	0.00440	0.00700	0.01003	0.01292	0.03364	0.61446	0.23610	0.01481	0.00624	0.00193	0.00279	0.01319	0.00463	0.00409
13	0.01288	0.57676	0.07126	0.01435	0.20731	0.01727	0.01081	0.01507	0.01046	0.01310	0.00766	0.00923	0.00676	0.00434	0.00372	0.00120	0.00560	0.00317	0.00221	0.00683
14	0.01268	0.26474	0.01926	0.01209	0.01402	0.11677	0.05280	0.01413	0.00946	0.01216	0.00701	0.00991	0.00654	0.00664	0.01020	0.00170	0.41803	0.00378	0.00223	0.00586
15	0.00607	0.00434	0.00578	0.00694	0.00723	0.00405	0.00463	0.00694	0.00954	0.01272	0.02747	0.82157	0.03297	0.01562	0.00636	0.00202	0.00289	0.01417	0.00463	0.00405
16	0.01252	0.01722	0.22254	0.01067	0.01541	0.20646	0.01027	0.03478	0.01166	0.01550	0.00867	0.01009	0.00689	0.00439	0.00420	0.00112	0.00604	0.00325	0.00268	0.39562
17	0.01316	0.01145	0.01685	0.05013	0.48130	0.02936	0.01253	0.01899	0.21864	0.07699	0.01303	0.01432	0.01012	0.00523	0.00497	0.00154	0.00536	0.00478	0.00344	0.00781
18	0.00677	0.00508	0.00626	0.00597	0.00727	0.00458	0.00448	0.00885	0.01343	0.01837	0.60713	0.03990	0.23202	0.01079	0.00588	0.00160	0.00239	0.00939	0.00527	0.00458
19	0.00649	0.00480	0.00568	0.00619	0.00691	0.00444	0.00428	0.00739	0.00970	0.01239	0.03146	0.32097	0.25988	0.21555	0.01099	0.00264	0.00342	0.07870	0.00422	0.00389
20	0.01100	0.23952	0.55542	0.01347	0.05589	0.01377	0.01563	0.01553	0.01046	0.01472	0.00843	0.00993	0.00641	0.00460	0.00433	0.00144	0.00675	0.00345	0.00213	0.00713
21	0.01124	0.00938	0.01216	0.01034	0.01272	0.01053	0.10450	0.01960	0.40063	0.01859	0.01657	0.01731	0.01280	0.00743	0.03343	0.00182	0.07412	0.00530	0.21492	0.00661
22	0.02236	0.00848	0.01157	0.00887	0.01272	0.00733	0.00733	0.02429	0.01427	0.79719	0.01966	0.01697	0.01234	0.00617	0.00501	0.00154	0.00424	0.00501	0.00617	0.00848
23	0.00666	0.00476	0.00646	0.00761	0.00816	0.00455	0.00564	0.00795	0.01012	0.01338	0.02715	0.59282	0.03169	0.01506	0.00652	0.00211	0.00340	0.23715	0.00462	0.00421
24	0.01566	0.05007	0.03460	0.12904	0.12355	0.10500	0.03887	0.01827	0.02540	0.29052	0.01483	0.01880	0.01157	0.00635	0.00510	0.00160	0.00571	0.09406	0.00402	0.00699
25	0.86003	0.00964	0.00733	0.00655	0.00964	0.01118	0.00540	0.01465	0.00848	0.02236	0.00694	0.00810	0.00540	0.00463	0.00308	0.00154	0.00386	0.00270	0.00308	0.00540
26	0.00929	0.00465	0.00465	0.00465	0.00581	0.00465	0.00348	0.01161	0.01045	0.01858	0.01626	0.01858	0.01278	0.00581	0.00348	0.00116	0.00232	0.00465	0.85250	0.00465
27	0.00963	0.01312	0.20979	0.56191	0.06670	0.01110	0.01487	0.01350	0.01016	0.01366	0.00926	0.02801	0.00713	0.00510	0.00495	0.00164	0.00672	0.00443	0.00225	0.00608
28	0.01072	0.02148	0.55858	0.01927	0.25995	0.01166	0.01745	0.01563	0.01078	0.01594	0.00908	0.01108	0.00680	0.00464	0.00480	0.00155	0.00692	0.00392	0.00222	0.00753
29	0.00618	0.00506	0.00545	0.00535	0.00691	0.00433	0.00402	0.00771	0.01205	0.01509	0.23497	0.04530	0.60623	0.01202	0.00589	0.00165	0.00248	0.01014	0.00484	0.00433
30	0.01062	0.01089	0.02084	0.43086	0.12279	0.01172	0.29087	0.01422	0.01079	0.01434	0.00937	0.01323	0.00713	0.00463	0.00530	0.00165	0.00720	0.00496	0.00236	0.00625
31	0.11690	0.23104	0.01665	0.03949	0.10002	0.13305	0.00902	0.06844	0.01259	0.21200	0.01091	0.01133	0.00808	0.00508	0.00421	0.00137	0.00556	0.00372	0.00355	0.00698
32	0.00618	0.00506	0.00545	0.00535	0.00691	0.00433	0.00401	0.00771	0.01204	0.01507	0.23295	0.04532	0.60825	0.01202	0.00589	0.00165	0.00248	0.01015	0.00484	0.00433
33	0.00640	0.00477	0.00603	0.00691	0.00769	0.00440	0.00507	0.00763	0.01033	0.01331	0.03271	0.49533	0.21154	0.01456	0.00635	0.00199	0.00312	0.15304	0.00462	0.00419
34	0.01181	0.46287	0.37781	0.01111	0.01679	0.01602	0.01303	0.01532	0.01031	0.01357	0.00785	0.00915	0.00636	0.00448	0.00390	0.00130	0.00626	0.00313	0.00212	0.00684
35	0.02738	0.01445	0.21156	0.12346	0.16348	0.01105	0.11050	0.04981	0.05115	0.17022	0.01194	0.01330	0.00852	0.00508	0.00501	0.00158	0.00621	0.00458	0.00333	0.00740
36	0.01958	0.01001	0.07158	0.00937	0.01327	0.00827	0.00817	0.02349	0.11963	0.60722	0.04252	0.01732	0.01333	0.00626	0.00503	0.00157	0.00438	0.00512	0.00569	0.00820
37	0.00677	0.00508	0.00626	0.00597	0.00727	0.00458	0.00448	0.00885	0.01343	0.01837	0.60713	0.03990	0.23202	0.01079	0.00588	0.00160	0.00239	0.00939	0.00527	0.00458
38	0.01012	0.00959	0.01624	0.62239	0.21922	0.01126	0.01420	0.01336	0.01030	0.01360	0.00899	0.01306	0.00695	0.00485	0.00497	0.00162	0.00647	0.00443	0.00228	0.00611
39	0.01189	0.03801	0.44225	0.01828	0.21664	0.01237	0.05955	0.11085	0.01241	0.01779	0.00945	0.01127	0.00706	0.00478	0.00485	0.00154	0.00678	0.00408	0.00258	0.00758
40	0.01264	0.01383	0.01464	0.01278	0.01346	0.21097	0.01037	0.01381	0.00926	0.01203	0.00715	0.01084	0.00679	0.00919	0.05086	0.00224	0.57722	0.00412	0.00230	0.00549
41	0.01036	0.00556	0.00744	0.00725	0.00865	0.00503	0.00532	0.01186	0.01185	0.20940	0.21574	0.42634	0.03135	0.01192	0.00591	0.00179	0.00309	0.01061	0.00522	0.00531
42	0.01019	0.00865	0.00853	0.00850	0.00998	0.11020	0.00641	0.01389	0.15716	0.05173	0.04404	0.21502	0.07478	0.10737	0.00812	0.00219	0.00445	0.14922	0.00434	0.00522
43	0.01047	0.01454	0.21285	0.01569	0.06486	0.01215	0.20994	0.01376	0.00998	0.01456	0.04608	0.01358	0.00928	0.00893	0.07996	0.00235	0.24737	0.00490	0.00247	0.00628
44	0.00765	0.00582	0.00728	0.00788	0.00905	0.00581	0.00618	0.01091	0.11147	0.01520	0.08484	0.28424	0.12662	0.01302	0.00629	0.00200	0.00356	0.28263	0.00473	0.00481
45	0.65014	0.00895	0.00780	0.00682	0.00978	0.00991	0.00557	0.01528	0.00990	0.12270	0.10156	0.01270	0.01124	0.00549	0.00367	0.00155	0.00373	0.00375	0.00377	0.00572
46	0.01672	0.01446	0.01696	0.01303	0.01690	0.10778	0.15388	0.49455	0.01936	0.02508	0.01356	0.01418	0.05789	0.00597	0.00515	0.00152	0.00626	0.00498	0.00421	0.00755
47	0.02037	0.00959	0.01204	0.00932	0.01301	0.00915	0.00766	0.21019	0.01653	0.54899	0.07530	0.01724	0.01397	0.00642	0.00507	0.00153	0.00441	0.00518	0.00582	0.00820
48	0.38453	0.01379	0.20563	0.00942	0.01383	0.01081	0.00944	0.08741	0.01166	0.19432	0.01074	0.01103	0.00746	0.00512	0.00410	0.00155	0.00496	0.00362	0.00370	0.00686
49	0.13989	0.49944	0.01837	0.00798	0.01114	0.01465	0.00731	0.01312	0.00986	0.01373	0.01196	0.15942	0.01256	0.00702	0.00400	0.00139	0.00461	0.05494	0.00289	0.00570
50	0.01018	0.00579	0.00765	0.00727	0.00804	0.00602	0.00512	0.01135	0.14882	0.06315	0.01182	0.01668	0.01052	0.05080	0.01616	0.60495	0.00428	0.00474	0.00300	0.00366
51	0.29378	0.06490	0.06411	0.00937	0.01308	0.10566	0.00815	0.14388	0.03038	0.20525	0.01131	0.01133	0.00801	0.00531	0.00418	0.00148	0.00515	0.00373	0.00399	0.00693
