[name]
unknown

[dist]
# distance from previous block
# <min> <max>
0	53

[block]
# block no. 0 follows, 54 sequences, length 51
# corresponding to MSA columns:
# 53-103
name=unknown_A
#
# <colnr> <probs for GDERKNQSTAVLIFYWHMCP>
#	G	D	E	R	K	N	Q	S	T	A	V	L	I	F	Y	W	H	M	C	P
0	0.00760	0.00543	0.00760	0.00868	0.00977	0.00543	0.00760	0.00977	0.01085	0.01411	0.02496	0.05319	0.02714	0.01303	0.00651	0.00217	0.00434	0.77315	0.00434	0.00434
1	0.01792	0.01321	0.01415	0.01085	0.01462	0.01462	0.00896	0.78916	0.02217	0.02972	0.01132	0.01132	0.00802	0.00566	0.00472	0.00142	0.00519	0.00425	0.00472	0.00802
2	0.02001	0.00954	0.01184	0.00911	0.01277	0.00922	0.00752	0.23918	0.03505	0.56930	0.01656	0.01475	0.01071	0.00580	0.00474	0.00145	0.00434	0.00462	0.00549	0.00801
3	0.00686	0.00457	0.00514	0.00514	0.00514	0.00457	0.00286	0.00686	0.00686	0.00914	0.01486	0.03086	0.01714	0.83430	0.02400	0.00457	0.00457	0.00686	0.00286	0.00286
4	0.01229	0.01041	0.01098	0.00971	0.01247	0.01199	0.00760	0.09397	0.72654	0.02063	0.01848	0.01703	0.01382	0.00633	0.00479	0.00158	0.00386	0.00523	0.00479	0.00751
5	0.00959	0.05867	0.77675	0.01321	0.02006	0.01128	0.01703	0.01490	0.00994	0.01477	0.00838	0.00985	0.00598	0.00446	0.00442	0.00147	0.00689	0.00344	0.00199	0.00693
6	0.01417	0.01164	0.01286	0.01062	0.01376	0.04668	0.05468	0.27292	0.42230	0.04806	0.03119	0.01517	0.01204	0.00599	0.00481	0.00152	0.00464	0.00494	0.00457	0.00745
7	0.23825	0.00817	0.00971	0.00772	0.01107	0.00776	0.00636	0.02003	0.01208	0.57204	0.04896	0.01471	0.01138	0.00562	0.00431	0.00146	0.00384	0.00434	0.00506	0.00712
8	0.00581	0.00413	0.00545	0.00648	0.00674	0.00387	0.00429	0.00658	0.00890	0.01186	0.02532	0.78314	0.03034	0.06400	0.00710	0.00207	0.00285	0.01301	0.00429	0.00377
9	0.00600	0.00449	0.00558	0.00600	0.00684	0.00407	0.00427	0.00733	0.01069	0.01418	0.25015	0.40613	0.21722	0.01262	0.00579	0.00172	0.00254	0.02571	0.00461	0.00405
10	0.01167	0.01120	0.01914	0.02894	0.80488	0.01120	0.01447	0.01447	0.01074	0.01540	0.00887	0.01167	0.00747	0.00420	0.00467	0.00140	0.00560	0.00420	0.00233	0.00747
11	0.01160	0.01113	0.01902	0.04831	0.78604	0.01119	0.01444	0.01441	0.01070	0.01532	0.00886	0.01169	0.00744	0.00421	0.00467	0.00140	0.00562	0.00420	0.00233	0.00741
12	0.00574	0.00410	0.00547	0.00657	0.00684	0.00383	0.00438	0.00657	0.00903	0.01204	0.02599	0.83122	0.03119	0.01477	0.00602	0.00191	0.00274	0.01340	0.00438	0.00383
13	0.24697	0.00788	0.00864	0.00736	0.00982	0.00813	0.00578	0.07833	0.03062	0.27055	0.01607	0.08202	0.05541	0.10918	0.02169	0.00201	0.02409	0.00535	0.00421	0.00588
14	0.01056	0.30790	0.53598	0.01157	0.01751	0.01364	0.01416	0.01465	0.00982	0.01359	0.00780	0.00912	0.00600	0.00432	0.00397	0.00132	0.00630	0.00315	0.00200	0.00665
15	0.00574	0.00410	0.00547	0.00657	0.00684	0.00383	0.00438	0.00657	0.00903	0.01204	0.02599	0.83122	0.03119	0.01477	0.00602	0.00191	0.00274	0.01340	0.00438	0.00383
16	0.01761	0.02247	0.01336	0.01215	0.01458	0.81537	0.00911	0.01883	0.01336	0.01154	0.00729	0.00850	0.00607	0.00486	0.00425	0.00121	0.00850	0.00304	0.00243	0.00547
17	0.01529	0.01196	0.01500	0.01136	0.01522	0.01249	0.11831	0.46523	0.09572	0.05219	0.01169	0.01209	0.00851	0.00519	0.00467	0.00136	0.00515	0.00435	0.00416	0.13007
18	0.01792	0.01321	0.01415	0.01085	0.01462	0.01462	0.00896	0.78916	0.02217	0.02972	0.01132	0.01132	0.00802	0.00566	0.00472	0.00142	0.00519	0.00425	0.00472	0.00802
19	0.01205	0.01278	0.02597	0.01865	0.02329	0.01229	0.68247	0.11975	0.01262	0.01708	0.00978	0.01253	0.00727	0.00420	0.00545	0.00157	0.00758	0.00539	0.00270	0.00658
20	0.01113	0.01272	0.02782	0.01987	0.02464	0.01192	0.78776	0.01510	0.01113	0.01510	0.00954	0.01272	0.00715	0.00397	0.00556	0.00159	0.00795	0.00556	0.00238	0.00636
21	0.01792	0.01321	0.01415	0.01085	0.01462	0.01462	0.00896	0.78916	0.02217	0.02972	0.01132	0.01132	0.00802	0.00566	0.00472	0.00142	0.00519	0.00425	0.00472	0.00802
22	0.00557	0.00478	0.00478	0.00478	0.00637	0.00398	0.00358	0.00677	0.01075	0.01274	0.04776	0.04538	0.80297	0.01194	0.00557	0.00159	0.00239	0.00995	0.00438	0.00398
23	0.01113	0.01272	0.02782	0.01987	0.02464	0.01192	0.78776	0.01510	0.01113	0.01510	0.00954	0.01272	0.00715	0.00397	0.00556	0.00159	0.00795	0.00556	0.00238	0.00636
24	0.01173	0.01013	0.01066	0.00960	0.01226	0.01173	0.00746	0.02505	0.79636	0.01972	0.01919	0.01759	0.01439	0.00640	0.00480	0.00160	0.00373	0.00533	0.00480	0.00746
25	0.00574	0.00410	0.00547	0.00657	0.00684	0.00383	0.00438	0.00657	0.00903	0.01204	0.02599	0.83122	0.03119	0.01477	0.00602	0.00191	0.00274	0.01340	0.00438	0.00383
26	0.01792	0.01321	0.01415	0.01085	0.01462	0.01462	0.00896	0.78916	0.02217	0.02972	0.01132	0.01132	0.00802	0.00566	0.00472	0.00142	0.00519	0.00425	0.00472	0.00802
27	0.00574	0.00410	0.00547	0.00657	0.00684	0.00383	0.00438	0.00657	0.00903	0.01204	0.02599	0.83122	0.03119	0.01477	0.00602	0.00191	0.00274	0.01340	0.00438	0.00383
28	0.00819	0.00410	0.00614	0.00614	0.00614	0.00410	0.00410	0.00614	0.00614	0.00819	0.00819	0.01433	0.00819	0.01638	0.01843	0.86282	0.00410	0.00410	0.00205	0.00205
29	0.00574	0.00410	0.00547	0.00657	0.00684	0.00383	0.00438	0.00657	0.00903	0.01204	0.02599	0.83122	0.03119	0.01477	0.00602	0.00191	0.00274	0.01340	0.00438	0.00383
30	0.00557	0.00478	0.00478	0.00478	0.00637	0.00398	0.00358	0.00677	0.01075	0.01274	0.04776	0.04538	0.80297	0.01194	0.00557	0.00159	0.00239	0.00995	0.00438	0.00398
31	0.01032	0.01032	0.01444	0.01238	0.01238	0.01444	0.01032	0.01135	0.00722	0.01135	0.00619	0.01032	0.00619	0.00825	0.01547	0.00206	0.82567	0.00413	0.00206	0.00516
32	0.01032	0.01032	0.01444	0.01238	0.01238	0.01444	0.01032	0.01135	0.00722	0.01135	0.00619	0.01032	0.00619	0.00825	0.01547	0.00206	0.82567	0.00413	0.00206	0.00516
33	0.00890	0.00838	0.01414	0.82296	0.03247	0.01048	0.01309	0.01205	0.00943	0.01205	0.00838	0.01257	0.00629	0.00471	0.00471	0.00157	0.00629	0.00419	0.00210	0.00524
34	0.01167	0.01120	0.01914	0.02894	0.80488	0.01120	0.01447	0.01447	0.01074	0.01540	0.00887	0.01167	0.00747	0.00420	0.00467	0.00140	0.00560	0.00420	0.00233	0.00747
35	0.01032	0.01032	0.01444	0.01238	0.01238	0.01444	0.01032	0.01135	0.00722	0.01135	0.00619	0.01032	0.00619	0.00825	0.01547	0.00206	0.82567	0.00413	0.00206	0.00516
36	0.01255	0.01173	0.01405	0.01183	0.01294	0.07449	0.00975	0.19697	0.01125	0.01572	0.00772	0.01071	0.00681	0.00834	0.04043	0.00204	0.54000	0.00411	0.00274	0.00583
37	0.01786	0.01093	0.07280	0.01011	0.01398	0.00976	0.05499	0.21876	0.06659	0.42940	0.03498	0.01475	0.01103	0.00571	0.00479	0.00147	0.00471	0.00470	0.00497	0.00772
38	0.07200	0.00982	0.01020	0.00956	0.07041	0.08549	0.00695	0.20097	0.02733	0.12657	0.10672	0.02293	0.21662	0.00747	0.00486	0.00146	0.00420	0.00603	0.00431	0.00610
39	0.00557	0.00478	0.00478	0.00478	0.00637	0.00398	0.00358	0.00677	0.01075	0.01274	0.04776	0.04538	0.80297	0.01194	0.00557	0.00159	0.00239	0.00995	0.00438	0.00398
40	0.00678	0.00501	0.00636	0.00599	0.00719	0.00469	0.00450	0.00935	0.04216	0.01851	0.72131	0.03527	0.09572	0.00968	0.00553	0.00149	0.00229	0.00851	0.00512	0.00453
41	0.01192	0.01137	0.01947	0.07180	0.61217	0.01150	0.10237	0.07274	0.01157	0.01626	0.00910	0.01181	0.00741	0.00431	0.00478	0.00143	0.00588	0.00436	0.00251	0.00726
42	0.01112	0.00951	0.00999	0.00899	0.01155	0.01078	0.00699	0.04966	0.66271	0.01913	0.02277	0.02113	0.12078	0.00712	0.00490	0.00159	0.00360	0.00592	0.00474	0.00701
43	0.00819	0.00410	0.00614	0.00614	0.00614	0.00410	0.00410	0.00614	0.00614	0.00819	0.00819	0.01433	0.00819	0.01638	0.01843	0.86282	0.00410	0.00410	0.00205	0.00205
44	0.00771	0.00706	0.01289	0.01079	0.01257	0.00672	0.26121	0.00953	0.00939	0.01263	0.01876	0.39445	0.03550	0.11241	0.06315	0.00251	0.00534	0.00940	0.00341	0.00457
45	0.01047	0.00998	0.01698	0.37247	0.47070	0.01089	0.01388	0.01342	0.01017	0.01395	0.00866	0.01206	0.00696	0.00442	0.00469	0.00147	0.00590	0.00420	0.00223	0.00650
46	0.00946	0.02439	0.80987	0.01344	0.02041	0.01095	0.01742	0.01493	0.00995	0.01493	0.00846	0.00995	0.00597	0.00448	0.00448	0.00149	0.00697	0.00348	0.00199	0.00697
47	0.00580	0.00420	0.00550	0.00652	0.00691	0.00390	0.00444	0.00670	0.00921	0.01216	0.02745	0.74817	0.08430	0.01451	0.00601	0.00190	0.00277	0.04130	0.00438	0.00386
48	0.01045	0.01450	0.24379	0.01490	0.01928	0.01056	0.35841	0.04130	0.01062	0.04083	0.01121	0.08747	0.00970	0.05257	0.00683	0.00178	0.05138	0.00561	0.00266	0.00615
49	0.03152	0.01536	0.01481	0.15988	0.23544	0.34951	0.01108	0.04571	0.05071	0.02931	0.00886	0.01078	0.00707	0.00477	0.00447	0.00137	0.00677	0.00374	0.00262	0.00621
50	0.01281	0.00636	0.00836	0.00707	0.00930	0.00577	0.00558	0.01532	0.04676	0.34296	0.42824	0.02685	0.04861	0.00800	0.00519	0.00148	0.00303	0.00687	0.00542	0.00603

[dist]
# distance from previous block
# <min> <max>
3	4

[block]
# block no. 1 follows, 54 sequences, length 24
# corresponding to MSA columns:
# 108-131
name=unknown_B
#
# <colnr> <probs for GDERKNQSTAVLIFYWHMCP>
#	G	D	E	R	K	N	Q	S	T	A	V	L	I	F	Y	W	H	M	C	P
0	0.01132	0.01085	0.01852	0.12794	0.70858	0.01111	0.01430	0.01417	0.01057	0.01499	0.00881	0.01178	0.00732	0.00427	0.00467	0.00142	0.00569	0.00420	0.00230	0.00719
1	0.01167	0.01120	0.01914	0.02894	0.80488	0.01120	0.01447	0.01447	0.01074	0.01540	0.00887	0.01167	0.00747	0.00420	0.00467	0.00140	0.00560	0.00420	0.00233	0.00747
2	0.00574	0.00410	0.00547	0.00657	0.00684	0.00383	0.00438	0.00657	0.00903	0.01204	0.02599	0.83122	0.03119	0.01477	0.00602	0.00191	0.00274	0.01340	0.00438	0.00383
3	0.01072	0.00914	0.00976	0.00884	0.01125	0.01034	0.00685	0.02191	0.65033	0.01919	0.11860	0.02150	0.06673	0.00714	0.00494	0.00158	0.00346	0.00601	0.00482	0.00687
4	0.00685	0.00459	0.00523	0.00523	0.00527	0.00462	0.00297	0.00692	0.00688	0.00921	0.01477	0.03039	0.01694	0.80442	0.05360	0.00468	0.00487	0.00679	0.00284	0.00291
5	0.00753	0.00538	0.00752	0.00860	0.00966	0.00537	0.00748	0.00965	0.01079	0.01403	0.02500	0.08228	0.02729	0.01309	0.00649	0.00216	0.00428	0.74473	0.00434	0.00432
6	0.00674	0.00505	0.00758	0.00758	0.00842	0.00589	0.00589	0.00842	0.00758	0.01095	0.01263	0.01852	0.01179	0.03536	0.81561	0.00758	0.01263	0.00505	0.00253	0.00421
7	0.00574	0.00410	0.00547	0.00657	0.00684	0.00383	0.00438	0.00657	0.00903	0.01204	0.02599	0.83122	0.03119	0.01477	0.00602	0.00191	0.00274	0.01340	0.00438	0.00383
8	0.02115	0.00802	0.01094	0.00839	0.01204	0.00693	0.00693	0.02298	0.01350	0.80815	0.01860	0.01605	0.01167	0.00584	0.00474	0.00146	0.00401	0.00474	0.00584	0.00802
9	0.01761	0.02247	0.01336	0.01215	0.01458	0.81537	0.00911	0.01883	0.01336	0.01154	0.00729	0.00850	0.00607	0.00486	0.00425	0.00121	0.00850	0.00304	0.00243	0.00547
10	0.01261	0.83713	0.02471	0.00807	0.01210	0.01866	0.00807	0.01412	0.00958	0.01109	0.00656	0.00756	0.00605	0.00403	0.00303	0.00101	0.00504	0.00252	0.00202	0.00605
11	0.00667	0.00482	0.00630	0.00593	0.00704	0.00445	0.00445	0.00890	0.01335	0.01891	0.80239	0.03522	0.04449	0.00964	0.00556	0.00148	0.00222	0.00853	0.00519	0.00445
12	0.00557	0.00478	0.00478	0.00478	0.00637	0.00398	0.00358	0.00677	0.01075	0.01274	0.04776	0.04538	0.80297	0.01194	0.00557	0.00159	0.00239	0.00995	0.00438	0.00398
13	0.01113	0.01272	0.02782	0.01987	0.02464	0.01192	0.78776	0.01510	0.01113	0.01510	0.00954	0.01272	0.00715	0.00397	0.00556	0.00159	0.00795	0.00556	0.00238	0.00636
14	0.01761	0.02247	0.01336	0.01215	0.01458	0.81537	0.00911	0.01883	0.01336	0.01154	0.00729	0.00850	0.00607	0.00486	0.00425	0.00121	0.00850	0.00304	0.00243	0.00547
15	0.01792	0.01321	0.01415	0.01085	0.01462	0.01462	0.00896	0.78916	0.02217	0.02972	0.01132	0.01132	0.00802	0.00566	0.00472	0.00142	0.00519	0.00425	0.00472	0.00802
16	0.01167	0.01120	0.01914	0.02894	0.80488	0.01120	0.01447	0.01447	0.01074	0.01540	0.00887	0.01167	0.00747	0.00420	0.00467	0.00140	0.00560	0.00420	0.00233	0.00747
17	0.01167	0.01120	0.01914	0.02894	0.80488	0.01120	0.01447	0.01447	0.01074	0.01540	0.00887	0.01167	0.00747	0.00420	0.00467	0.00140	0.00560	0.00420	0.00233	0.00747
18	0.01167	0.01120	0.01914	0.02894	0.80488	0.01120	0.01447	0.01447	0.01074	0.01540	0.00887	0.01167	0.00747	0.00420	0.00467	0.00140	0.00560	0.00420	0.00233	0.00747
19	0.86760	0.00912	0.00693	0.00620	0.00912	0.01058	0.00511	0.01386	0.00802	0.02115	0.00657	0.00766	0.00511	0.00438	0.00292	0.00146	0.00365	0.00255	0.00292	0.00511
20	0.00978	0.00838	0.00978	0.00698	0.01117	0.00629	0.00559	0.01187	0.00978	0.01536	0.00838	0.00978	0.00698	0.00349	0.00349	0.00070	0.00349	0.00279	0.00279	0.86312
21	0.00946	0.02439	0.80987	0.01344	0.02041	0.01095	0.01742	0.01493	0.00995	0.01493	0.00846	0.00995	0.00597	0.00448	0.00448	0.00149	0.00697	0.00348	0.00199	0.00697
22	0.00678	0.00489	0.00676	0.00676	0.00733	0.00545	0.00488	0.00790	0.00734	0.01034	0.01337	0.02264	0.01357	0.30202	0.55139	0.00657	0.00994	0.00565	0.00264	0.00376
23	0.80250	0.00931	0.00735	0.00651	0.00945	0.01078	0.00534	0.04417	0.03836	0.02143	0.00723	0.00818	0.00557	0.00450	0.00306	0.00146	0.00371	0.00272	0.00306	0.00531

[dist]
# distance from previous block
# <min> <max>
0	1

[block]
# block no. 2 follows, 54 sequences, length 16
# corresponding to MSA columns:
# 133-148
name=unknown_C
#
# <colnr> <probs for GDERKNQSTAVLIFYWHMCP>
#	G	D	E	R	K	N	Q	S	T	A	V	L	I	F	Y	W	H	M	C	P
0	0.01083	0.04769	0.66535	0.01288	0.01928	0.01174	0.01585	0.13203	0.01179	0.01705	0.00884	0.01009	0.00628	0.00464	0.00447	0.00147	0.00664	0.00357	0.00240	0.00710
1	0.00683	0.00468	0.00568	0.00568	0.00587	0.00486	0.00353	0.00720	0.00702	0.00954	0.01436	0.02813	0.01596	0.65789	0.19879	0.00524	0.00635	0.00646	0.00278	0.00316
2	0.08950	0.01624	0.23642	0.01103	0.01536	0.09393	0.01080	0.33020	0.02953	0.07681	0.01083	0.01227	0.00804	0.00542	0.00451	0.00145	0.00575	0.03121	0.00363	0.00707
3	0.01259	0.01356	0.01466	0.01388	0.09989	0.22812	0.06223	0.03498	0.08427	0.01363	0.02252	0.03533	0.00859	0.00643	0.00851	0.00161	0.29913	0.00436	0.00268	0.03305
4	0.00785	0.00513	0.00645	0.00598	0.00740	0.00466	0.00453	0.00972	0.01234	0.09360	0.50178	0.03465	0.20565	0.03120	0.04637	0.00188	0.00301	0.00826	0.00488	0.00464
5	0.00574	0.00410	0.00547	0.00657	0.00684	0.00383	0.00438	0.00657	0.00903	0.01204	0.02599	0.83122	0.03119	0.01477	0.00602	0.00191	0.00274	0.01340	0.00438	0.00383
6	0.14923	0.00887	0.04747	0.00887	0.05946	0.00780	0.00680	0.08184	0.01138	0.11705	0.09189	0.12623	0.01445	0.00638	0.00434	0.00131	0.00380	0.00529	0.00376	0.24378
7	0.01201	0.01197	0.01920	0.02748	0.71927	0.06066	0.05086	0.01477	0.01092	0.01515	0.00880	0.01152	0.00737	0.00423	0.00468	0.00140	0.00589	0.00419	0.00234	0.00729
8	0.05869	0.00684	0.00890	0.00730	0.00994	0.00614	0.00586	0.01702	0.01309	0.46277	0.30137	0.02330	0.04372	0.00729	0.00497	0.00147	0.00331	0.00613	0.00542	0.00648
9	0.00686	0.00457	0.00514	0.00514	0.00514	0.00457	0.00286	0.00686	0.00686	0.00914	0.01486	0.03086	0.01714	0.83430	0.02400	0.00457	0.00457	0.00686	0.00286	0.00286
10	0.02741	0.00987	0.01478	0.07998	0.33279	0.00995	0.03441	0.09065	0.06110	0.20580	0.02712	0.01553	0.05830	0.00547	0.00477	0.00146	0.00491	0.00484	0.00371	0.00715
11	0.01105	0.13616	0.01470	0.01087	0.01192	0.11864	0.00904	0.01227	0.00873	0.01165	0.04185	0.03949	0.00907	0.00942	0.06930	0.00216	0.47183	0.00432	0.00235	0.00519
12	0.00583	0.00479	0.00513	0.00504	0.00652	0.00409	0.00378	0.00726	0.01134	0.01415	0.22098	0.04305	0.62887	0.01141	0.00557	0.00157	0.00235	0.00962	0.00456	0.00409
13	0.46147	0.00882	0.00899	0.00736	0.01063	0.00916	0.00607	0.05114	0.01102	0.36519	0.01203	0.01148	0.00810	0.00507	0.00379	0.00146	0.00387	0.00358	0.00427	0.00651
14	0.04003	0.06904	0.42246	0.01510	0.02085	0.01166	0.30147	0.01513	0.01040	0.03675	0.00896	0.01092	0.00654	0.00430	0.00475	0.00150	0.00702	0.00420	0.00228	0.00665
15	0.01379	0.01133	0.01461	0.05746	0.25998	0.01233	0.01040	0.26934	0.24317	0.03911	0.01287	0.01343	0.00970	0.00538	0.00473	0.00147	0.00492	0.00456	0.00389	0.00754

[dist]
# distance from previous block
# <min> <max>
3	4

[block]
# block no. 3 follows, 54 sequences, length 40
# corresponding to MSA columns:
# 153-192
name=unknown_D
#
# <colnr> <probs for GDERKNQSTAVLIFYWHMCP>
#	G	D	E	R	K	N	Q	S	T	A	V	L	I	F	Y	W	H	M	C	P
0	0.05514	0.30688	0.31242	0.00973	0.01483	0.01261	0.01084	0.01391	0.00968	0.01400	0.00767	0.00895	0.00618	0.00410	0.00366	0.00114	0.00534	0.00294	0.00223	0.19775
1	0.01167	0.01120	0.01914	0.02894	0.80488	0.01120	0.01447	0.01447	0.01074	0.01540	0.00887	0.01167	0.00747	0.00420	0.00467	0.00140	0.00560	0.00420	0.00233	0.00747
2	0.00866	0.00704	0.00800	0.00804	0.00948	0.00767	0.00588	0.01556	0.39218	0.01578	0.02268	0.43527	0.02301	0.01070	0.00542	0.00176	0.00322	0.00948	0.00458	0.00560
3	0.00609	0.00453	0.00515	0.00548	0.00616	0.00417	0.00365	0.00680	0.00896	0.01136	0.03013	0.26074	0.30659	0.28896	0.01191	0.00270	0.00326	0.02591	0.00387	0.00357
4	0.45612	0.01279	0.01033	0.00933	0.03668	0.19102	0.00719	0.12650	0.01145	0.04268	0.00782	0.00890	0.00607	0.00492	0.00428	0.00143	0.05055	0.00311	0.00309	0.00577
5	0.01788	0.01460	0.01403	0.01104	0.01462	0.13468	0.00898	0.67367	0.02085	0.02699	0.01072	0.01090	0.00773	0.00554	0.00465	0.00138	0.00569	0.00406	0.00437	0.00764
6	0.00574	0.00410	0.00547	0.00657	0.00684	0.00383	0.00438	0.00657	0.00903	0.01204	0.02599	0.83122	0.03119	0.01477	0.00602	0.00191	0.00274	0.01340	0.00438	0.00383
7	0.48985	0.08288	0.01076	0.00846	0.01134	0.27520	0.00679	0.04071	0.01036	0.01744	0.00696	0.00805	0.00560	0.00455	0.00342	0.00134	0.00541	0.00276	0.00274	0.00540
8	0.00890	0.00838	0.01414	0.82296	0.03247	0.01048	0.01309	0.01205	0.00943	0.01205	0.00838	0.01257	0.00629	0.00471	0.00471	0.00157	0.00629	0.00419	0.00210	0.00524
9	0.00557	0.00478	0.00478	0.00478	0.00637	0.00398	0.00358	0.00677	0.01075	0.01274	0.04776	0.04538	0.80297	0.01194	0.00557	0.00159	0.00239	0.00995	0.00438	0.00398
10	0.00574	0.00410	0.00547	0.00657	0.00684	0.00383	0.00438	0.00657	0.00903	0.01204	0.02599	0.83122	0.03119	0.01477	0.00602	0.00191	0.00274	0.01340	0.00438	0.00383
11	0.17993	0.01765	0.01300	0.01359	0.13678	0.50256	0.00918	0.01713	0.02538	0.01413	0.00758	0.00903	0.00625	0.00477	0.00433	0.00132	0.02593	0.00319	0.00254	0.00574
12	0.00557	0.00478	0.00478	0.00478	0.00637	0.00398	0.00358	0.00677	0.01075	0.01274	0.04776	0.04538	0.80297	0.01194	0.00557	0.00159	0.00239	0.00995	0.00438	0.00398
13	0.00819	0.00410	0.00614	0.00614	0.00614	0.00410	0.00410	0.00614	0.00614	0.00819	0.00819	0.01433	0.00819	0.01638	0.01843	0.86282	0.00410	0.00410	0.00205	0.00205
14	0.20915	0.06917	0.18742	0.00946	0.01272	0.00902	0.09979	0.01197	0.00940	0.01552	0.01423	0.21983	0.03865	0.00729	0.00448	0.00154	0.00461	0.00624	0.06416	0.00532
15	0.00982	0.11767	0.71975	0.01282	0.01945	0.01183	0.01635	0.01484	0.00991	0.01449	0.00824	0.00968	0.00598	0.00443	0.00431	0.00144	0.00675	0.00337	0.00199	0.00686
16	0.00890	0.00838	0.01414	0.82296	0.03247	0.01048	0.01309	0.01205	0.00943	0.01205	0.00838	0.01257	0.00629	0.00471	0.00471	0.00157	0.00629	0.00419	0.00210	0.00524
17	0.81537	0.00925	0.00730	0.00643	0.00940	0.01064	0.00530	0.04347	0.00869	0.04009	0.00703	0.00800	0.00537	0.00446	0.00303	0.00146	0.00371	0.00267	0.00306	0.00529
18	0.00667	0.00482	0.00630	0.00593	0.00704	0.00445	0.00445	0.00890	0.01335	0.01891	0.80239	0.03522	0.04449	0.00964	0.00556	0.00148	0.00222	0.00853	0.00519	0.00445
19	0.00674	0.00503	0.00747	0.00747	0.00828	0.00584	0.00576	0.00835	0.00755	0.01087	0.01272	0.01905	0.01202	0.06948	0.78180	0.00745	0.01229	0.00513	0.00254	0.00415
20	0.05557	0.43835	0.36755	0.01032	0.01558	0.01486	0.01201	0.01446	0.00966	0.01330	0.00739	0.00862	0.00597	0.00425	0.00366	0.00124	0.00581	0.00294	0.00205	0.00640
21	0.01312	0.01425	0.25979	0.01004	0.01486	0.00959	0.01018	0.15438	0.04903	0.14995	0.01113	0.01151	0.00798	0.00471	0.00429	0.00124	0.00498	0.00371	0.00349	0.26179
22	0.02958	0.08744	0.08326	0.01973	0.44534	0.01078	0.01177	0.03027	0.01067	0.04863	0.00894	0.01087	0.00726	0.00417	0.00424	0.00124	0.00514	0.00370	0.00257	0.17439
23	0.01193	0.00914	0.01446	0.01736	0.33103	0.00901	0.07067	0.01560	0.09426	0.14077	0.10190	0.02156	0.03480	0.00654	0.00511	0.00155	0.00473	0.09915	0.00376	0.00667
24	0.00557	0.00478	0.00478	0.00478	0.00637	0.00398	0.00358	0.00677	0.01075	0.01274	0.04776	0.04538	0.80297	0.01194	0.00557	0.00159	0.00239	0.00995	0.00438	0.00398
25	0.02891	0.05755	0.03271	0.01737	0.33169	0.03420	0.05071	0.01778	0.03459	0.29953	0.03925	0.01383	0.01022	0.00504	0.00464	0.00141	0.00504	0.00447	0.00375	0.00732
26	0.01082	0.34586	0.45715	0.01111	0.01669	0.01405	0.01320	0.01513	0.05059	0.01366	0.00826	0.00940	0.00644	0.00440	0.00392	0.00131	0.00604	0.00320	0.00215	0.00663
27	0.00709	0.00467	0.00636	0.00636	0.00671	0.00502	0.00438	0.00735	0.00700	0.00968	0.01250	0.02221	0.01301	0.32843	0.35008	0.19003	0.00780	0.00552	0.00255	0.00324
28	0.01200	0.01099	0.03579	0.45487	0.02517	0.03738	0.06965	0.22971	0.04685	0.01759	0.00972	0.01225	0.00716	0.00499	0.00476	0.00152	0.00608	0.00430	0.00297	0.00624
29	0.10143	0.03147	0.01122	0.00900	0.01215	0.02498	0.00729	0.15065	0.26151	0.28263	0.01611	0.03067	0.01170	0.00609	0.00458	0.00150	0.00418	0.02073	0.00481	0.00730
30	0.01462	0.01019	0.01324	0.37110	0.07723	0.10871	0.01046	0.01702	0.01148	0.30126	0.01199	0.01327	0.00830	0.00510	0.00466	0.00147	0.00569	0.00425	0.00351	0.00643
31	0.00593	0.00423	0.00568	0.00677	0.00713	0.00399	0.00470	0.00688	0.00921	0.01224	0.02589	0.75422	0.03078	0.01460	0.00607	0.00194	0.00289	0.08860	0.00437	0.00388
32	0.01468	0.01755	0.01307	0.01176	0.01346	0.51550	0.00915	0.01628	0.03697	0.01190	0.00933	0.01228	0.03073	0.00638	0.00742	0.00151	0.22763	0.03650	0.00255	0.00536
33	0.17699	0.01093	0.03890	0.17954	0.21451	0.02815	0.05353	0.13970	0.01189	0.04328	0.00917	0.01119	0.00700	0.00465	0.00432	0.00143	0.00534	0.00390	0.02392	0.03166
34	0.08005	0.06575	0.25851	0.05852	0.11182	0.03511	0.06648	0.01740	0.18705	0.05722	0.01122	0.01216	0.00838	0.00490	0.00446	0.00147	0.00561	0.00409	0.00298	0.00681
35	0.15063	0.02905	0.22107	0.02844	0.03446	0.09884	0.04358	0.05666	0.05400	0.10095	0.01034	0.01135	0.02034	0.00516	0.00513	0.00146	0.07092	0.00379	0.00301	0.05084
36	0.07300	0.03720	0.01366	0.01382	0.19906	0.02572	0.02301	0.09651	0.16732	0.16746	0.01260	0.01294	0.00935	0.00517	0.00479	0.00139	0.03223	0.00422	0.00380	0.09675
37	0.07720	0.07726	0.04110	0.01053	0.09851	0.04893	0.00780	0.15556	0.03528	0.12661	0.07747	0.06323	0.10341	0.00666	0.00459	0.00140	0.00435	0.00541	0.00392	0.05077
38	0.06718	0.03205	0.04638	0.04864	0.04661	0.10209	0.02597	0.15283	0.04019	0.08359	0.01022	0.02569	0.00796	0.00475	0.00414	0.00118	0.00493	0.00372	0.00334	0.28854
39	0.07671	0.04320	0.11134	0.08899	0.18874	0.07894	0.01069	0.10859	0.05022	0.13952	0.03523	0.01244	0.00902	0.00503	0.00445	0.00141	0.00538	0.00408	0.00335	0.02266

[dist]
# distance from previous block
# <min> <max>
3	47

[block]
# block no. 4 follows, 54 sequences, length 6
# corresponding to MSA columns:
# 240-245
name=unknown_E
#
# <colnr> <probs for GDERKNQSTAVLIFYWHMCP>
#	G	D	E	R	K	N	Q	S	T	A	V	L	I	F	Y	W	H	M	C	P
0	0.06960	0.01646	0.35705	0.07860	0.24695	0.01106	0.01407	0.08864	0.01131	0.01685	0.03973	0.01161	0.00807	0.00472	0.00451	0.00146	0.00594	0.00395	0.00255	0.00686
1	0.01167	0.01120	0.01914	0.02894	0.80488	0.01120	0.01447	0.01447	0.01074	0.01540	0.00887	0.01167	0.00747	0.00420	0.00467	0.00140	0.00560	0.00420	0.00233	0.00747
2	0.00940	0.00889	0.01504	0.68074	0.17082	0.01061	0.01334	0.01248	0.00966	0.01265	0.00847	0.01241	0.00650	0.00462	0.00471	0.00154	0.00616	0.00419	0.00214	0.00564
3	0.01103	0.01055	0.01798	0.21340	0.62544	0.01103	0.01415	0.01391	0.01043	0.01462	0.00876	0.01188	0.00719	0.00432	0.00468	0.00144	0.00576	0.00420	0.00228	0.00695
4	0.08328	0.01124	0.01363	0.01377	0.15445	0.08859	0.02868	0.05257	0.10784	0.10844	0.03068	0.01246	0.00909	0.00601	0.00744	0.00158	0.22673	0.00423	0.00323	0.03605
5	0.01009	0.14709	0.46562	0.01083	0.01591	0.01086	0.01265	0.01461	0.05163	0.05037	0.15137	0.01477	0.01357	0.00549	0.00447	0.00142	0.00552	0.00439	0.00288	0.00645

[dist]
# distance from previous block
# <min> <max>
25	52

[block]
# block no. 5 follows, 54 sequences, length 9
# corresponding to MSA columns:
# 299-307
name=unknown_F
#
# <colnr> <probs for GDERKNQSTAVLIFYWHMCP>
#	G	D	E	R	K	N	Q	S	T	A	V	L	I	F	Y	W	H	M	C	P
0	0.13229	0.01737	0.30625	0.01080	0.01535	0.17557	0.03001	0.01546	0.02988	0.04331	0.00899	0.01084	0.00701	0.00466	0.00413	0.00131	0.00599	0.02222	0.00262	0.15593
1	0.21009	0.10842	0.23866	0.01066	0.05214	0.01201	0.01015	0.01782	0.26211	0.01750	0.01127	0.01168	0.00856	0.00501	0.00406	0.00146	0.00487	0.00379	0.00313	0.00661
2	0.01416	0.20566	0.01612	0.01086	0.01290	0.24191	0.00906	0.01544	0.01023	0.10232	0.00800	0.00982	0.00675	0.00603	0.00817	0.00151	0.30918	0.00351	0.00259	0.00578
3	0.38879	0.00887	0.08313	0.00678	0.00957	0.00792	0.00604	0.01258	0.01020	0.09191	0.16273	0.02072	0.16031	0.00689	0.00422	0.00149	0.00350	0.00532	0.00379	0.00523
4	0.01070	0.10649	0.10755	0.01075	0.01296	0.01314	0.00965	0.01627	0.26147	0.01450	0.01268	0.01399	0.04730	0.00691	0.00884	0.00170	0.33136	0.00454	0.00304	0.00616
5	0.00891	0.00876	0.04604	0.00989	0.01188	0.04339	0.11891	0.01395	0.23305	0.01477	0.02009	0.40974	0.02073	0.00995	0.00546	0.00173	0.00421	0.00909	0.00402	0.00544
6	0.01561	0.01184	0.01291	0.00975	0.01364	0.01226	0.00800	0.56853	0.01865	0.02564	0.01049	0.01088	0.00772	0.00504	0.00437	0.00121	0.00471	0.00383	0.00417	0.25074
7	0.00978	0.00838	0.00978	0.00698	0.01117	0.00629	0.00559	0.01187	0.00978	0.01536	0.00838	0.00978	0.00698	0.00349	0.00349	0.00070	0.00349	0.00279	0.00279	0.86312
8	0.00795	0.00671	0.01004	0.00992	0.04824	0.00805	0.02757	0.00996	0.02857	0.01194	0.03335	0.01856	0.01207	0.02526	0.51815	0.00547	0.16877	0.04208	0.00264	0.00470

[dist]
# distance from previous block
# <min> <max>
0	1

[block]
# block no. 6 follows, 54 sequences, length 61
# corresponding to MSA columns:
# 309-369
name=unknown_G
#
# <colnr> <probs for GDERKNQSTAVLIFYWHMCP>
#	G	D	E	R	K	N	Q	S	T	A	V	L	I	F	Y	W	H	M	C	P
0	0.00874	0.00800	0.01491	0.01208	0.01443	0.00757	0.31855	0.01149	0.04324	0.03939	0.07078	0.37713	0.02106	0.00944	0.00572	0.00173	0.00490	0.02197	0.00370	0.00518
1	0.01035	0.00840	0.00985	0.00710	0.01124	0.00642	0.00569	0.01265	0.02497	0.05308	0.00907	0.01022	0.00735	0.00366	0.00358	0.00075	0.00352	0.00293	0.00298	0.80619
2	0.00870	0.24612	0.03899	0.00756	0.00956	0.00883	0.02984	0.01029	0.01030	0.03867	0.17731	0.35252	0.02443	0.00966	0.00495	0.00153	0.00364	0.00842	0.00377	0.00491
3	0.83846	0.00926	0.00718	0.00636	0.00931	0.01072	0.00524	0.04045	0.00851	0.02145	0.00673	0.00779	0.00521	0.00442	0.00298	0.00146	0.00370	0.00261	0.00298	0.00521
4	0.01144	0.53626	0.31537	0.01006	0.01518	0.01580	0.01153	0.01442	0.00972	0.01251	0.00726	0.00845	0.00602	0.00420	0.00356	0.00119	0.00576	0.00288	0.00201	0.00639
5	0.01012	0.00837	0.00981	0.00703	0.01120	0.00630	0.00563	0.01221	0.00989	0.03951	0.00869	0.00997	0.00713	0.00356	0.00353	0.00072	0.00351	0.00285	0.00289	0.83707
6	0.00978	0.00838	0.00978	0.00698	0.01117	0.00629	0.00559	0.01187	0.00978	0.01536	0.00838	0.00978	0.00698	0.00349	0.00349	0.00070	0.00349	0.00279	0.00279	0.86312
7	0.00946	0.02439	0.80987	0.01344	0.02041	0.01095	0.01742	0.01493	0.00995	0.01493	0.00846	0.00995	0.00597	0.00448	0.00448	0.00149	0.00697	0.00348	0.00199	0.00697
8	0.00978	0.00838	0.00978	0.00698	0.01117	0.00629	0.00559	0.01187	0.00978	0.01536	0.00838	0.00978	0.00698	0.00349	0.00349	0.00070	0.00349	0.00279	0.00279	0.86312
9	0.00960	0.06080	0.77469	0.01320	0.02004	0.01130	0.01700	0.01490	0.00994	0.01476	0.00838	0.00985	0.00598	0.00446	0.00441	0.00147	0.00688	0.00344	0.00199	0.00693
10	0.01013	0.19898	0.64120	0.01229	0.01862	0.01261	0.01541	0.01476	0.00987	0.01411	0.00805	0.00944	0.00599	0.00438	0.00417	0.00139	0.00655	0.00328	0.00200	0.00677
11	0.00574	0.00410	0.00547	0.00657	0.00684	0.00383	0.00438	0.00657	0.00903	0.01204	0.02599	0.83122	0.03119	0.01477	0.00602	0.00191	0.00274	0.01340	0.00438	0.00383
12	0.00559	0.00478	0.00481	0.00480	0.00638	0.00399	0.00360	0.00681	0.01080	0.01286	0.06298	0.04517	0.78768	0.01189	0.00557	0.00159	0.00238	0.00992	0.00439	0.00399
13	0.01157	0.01110	0.01895	0.05882	0.77581	0.01118	0.01442	0.01438	0.01069	0.01528	0.00885	0.01170	0.00742	0.00422	0.00467	0.00141	0.00563	0.00420	0.00232	0.00738
14	0.01429	0.00657	0.00890	0.00764	0.01006	0.00589	0.00624	0.01630	0.01302	0.42491	0.27245	0.02825	0.02476	0.00823	0.00529	0.00158	0.00349	0.13048	0.00539	0.00627
15	0.00569	0.00430	0.00527	0.00605	0.00670	0.00387	0.00415	0.00662	0.00952	0.01224	0.03228	0.60406	0.25428	0.01395	0.00589	0.00182	0.00264	0.01241	0.00438	0.00387
16	0.00930	0.00903	0.08425	0.00970	0.01221	0.00789	0.10230	0.01447	0.21081	0.05464	0.08379	0.17493	0.09895	0.00904	0.00542	0.00170	0.00419	0.09755	0.00415	0.00568
17	0.01430	0.13754	0.24536	0.01241	0.06218	0.11374	0.01161	0.31158	0.01504	0.01964	0.00916	0.01005	0.00687	0.00490	0.00434	0.00135	0.00612	0.00362	0.00311	0.00708
18	0.00566	0.00443	0.00514	0.00570	0.00661	0.00390	0.00399	0.00666	0.00986	0.01238	0.03652	0.45118	0.40442	0.01340	0.00580	0.00176	0.00257	0.01173	0.00438	0.00390
19	0.00946	0.02439	0.80987	0.01344	0.02041	0.01095	0.01742	0.01493	0.00995	0.01493	0.00846	0.00995	0.00597	0.00448	0.00448	0.00149	0.00697	0.00348	0.00199	0.00697
20	0.01629	0.02278	0.14243	0.01236	0.01552	0.68501	0.01046	0.01820	0.01281	0.01209	0.00748	0.00874	0.00606	0.00480	0.00429	0.00126	0.00825	0.00311	0.00236	0.00571
21	0.01845	0.01237	0.01363	0.01045	0.01420	0.01338	0.00863	0.66500	0.02076	0.15586	0.01250	0.01209	0.00861	0.00569	0.00472	0.00142	0.00500	0.00433	0.00490	0.00802
22	0.02109	0.00813	0.01101	0.00844	0.01209	0.00709	0.00697	0.03877	0.01367	0.79211	0.01845	0.01595	0.01160	0.00583	0.00474	0.00146	0.00404	0.00473	0.00581	0.00802
23	0.01792	0.01321	0.01415	0.01085	0.01462	0.01462	0.00896	0.78916	0.02217	0.02972	0.01132	0.01132	0.00802	0.00566	0.00472	0.00142	0.00519	0.00425	0.00472	0.00802
24	0.01792	0.01321	0.01415	0.01085	0.01462	0.01462	0.00896	0.78916	0.02217	0.02972	0.01132	0.01132	0.00802	0.00566	0.00472	0.00142	0.00519	0.00425	0.00472	0.00802
25	0.01261	0.83713	0.02471	0.00807	0.01210	0.01866	0.00807	0.01412	0.00958	0.01109	0.00656	0.00756	0.00605	0.00403	0.00303	0.00101	0.00504	0.00252	0.00202	0.00605
26	0.09365	0.00812	0.01060	0.00820	0.01179	0.00724	0.00677	0.02220	0.01303	0.74074	0.01757	0.01533	0.01111	0.00571	0.00459	0.00146	0.00398	0.00455	0.00559	0.00777
27	0.01052	0.08823	0.02023	0.00691	0.00894	0.03216	0.00557	0.01241	0.01243	0.18206	0.40369	0.08541	0.09559	0.00863	0.00512	0.00146	0.00319	0.00737	0.00475	0.00534
28	0.00746	0.00568	0.00696	0.00649	0.00787	0.00561	0.00491	0.01145	0.14015	0.01884	0.65148	0.03269	0.06373	0.00919	0.00544	0.00151	0.00247	0.00805	0.00510	0.00492
29	0.00890	0.00838	0.01414	0.82296	0.03247	0.01048	0.01309	0.01205	0.00943	0.01205	0.00838	0.01257	0.00629	0.00471	0.00471	0.00157	0.00629	0.00419	0.00210	0.00524
30	0.01054	0.02243	0.70431	0.01331	0.01989	0.01065	0.05309	0.01563	0.01031	0.08288	0.00938	0.01061	0.00652	0.00457	0.00455	0.00149	0.00676	0.00369	0.00234	0.00703
31	0.00940	0.00888	0.01503	0.68169	0.16990	0.01060	0.01334	0.01248	0.00966	0.01264	0.00847	0.01241	0.00650	0.00462	0.00471	0.00154	0.00616	0.00419	0.00214	0.00563
32	0.00557	0.00478	0.00478	0.00478	0.00637	0.00398	0.00358	0.00677	0.01075	0.01274	0.04776	0.04538	0.80297	0.01194	0.00557	0.00159	0.00239	0.00995	0.00438	0.00398
33	0.01963	0.00837	0.01090	0.00858	0.01207	0.00771	0.00702	0.02331	0.14036	0.68039	0.01870	0.01630	0.01211	0.00593	0.00475	0.00148	0.00397	0.00484	0.00567	0.00793
34	0.01404	0.01444	0.01557	0.14913	0.29356	0.25328	0.01157	0.14291	0.03189	0.01615	0.00896	0.01095	0.00711	0.00477	0.00456	0.00138	0.00647	0.00388	0.00277	0.00660
35	0.00583	0.00418	0.00565	0.00665	0.00697	0.00401	0.00451	0.00672	0.00890	0.01194	0.02484	0.76161	0.02952	0.01654	0.07536	0.00240	0.00358	0.01269	0.00422	0.00386
36	0.01037	0.07988	0.01279	0.01113	0.15791	0.00825	0.00744	0.01254	0.00994	0.01501	0.00831	0.00994	0.00699	0.00367	0.00367	0.00085	0.00401	0.00303	0.00264	0.63161
37	0.00993	0.01045	0.08144	0.00991	0.01426	0.00782	0.14768	0.01306	0.03809	0.01558	0.04217	0.01166	0.00876	0.00402	0.00408	0.00099	0.00455	0.00368	0.00282	0.56903
38	0.01046	0.02299	0.74144	0.01301	0.01969	0.01061	0.01652	0.01562	0.01026	0.08287	0.00933	0.01048	0.00646	0.00460	0.00450	0.00149	0.00672	0.00359	0.00232	0.00706
39	0.00615	0.00477	0.00559	0.00545	0.00674	0.00422	0.00406	0.00786	0.01202	0.01589	0.43654	0.07298	0.37904	0.01087	0.00559	0.00155	0.00232	0.00936	0.00480	0.00422
40	0.01678	0.01241	0.01344	0.01061	0.01411	0.01371	0.00878	0.69047	0.05356	0.02796	0.01282	0.01517	0.00992	0.00632	0.00487	0.00149	0.00506	0.07015	0.00469	0.00768
41	0.01100	0.02209	0.61314	0.01444	0.08666	0.06744	0.01581	0.08660	0.01139	0.01610	0.00868	0.01013	0.00630	0.00459	0.00450	0.00146	0.00679	0.00358	0.00230	0.00700
42	0.00574	0.00452	0.00518	0.00558	0.00661	0.00396	0.00397	0.00688	0.01030	0.01301	0.10567	0.35279	0.43339	0.01285	0.00575	0.00171	0.00251	0.01118	0.00445	0.00396
43	0.04457	0.01353	0.14199	0.01048	0.01469	0.01191	0.00967	0.43161	0.03260	0.22224	0.01268	0.01229	0.00863	0.00549	0.00463	0.00144	0.00510	0.00421	0.00450	0.00775
44	0.01481	0.00638	0.00786	0.00662	0.00899	0.00591	0.00527	0.01725	0.04448	0.40060	0.01744	0.04271	0.01259	0.00599	0.00415	0.00132	0.00316	0.00489	0.38333	0.00626
45	0.00569	0.00430	0.00527	0.00604	0.00670	0.00387	0.00414	0.00662	0.00953	0.01224	0.03235	0.60158	0.25672	0.01394	0.00589	0.00182	0.00263	0.01240	0.00438	0.00387
46	0.01653	0.19662	0.03108	0.00992	0.01357	0.09394	0.00850	0.34043	0.08178	0.14483	0.01160	0.01144	0.00845	0.00528	0.00430	0.00133	0.00521	0.00389	0.00402	0.00726
47	0.01142	0.01100	0.01892	0.09673	0.72015	0.01116	0.03276	0.01428	0.01063	0.01511	0.00884	0.01177	0.00736	0.00424	0.00469	0.00142	0.00572	0.00423	0.00231	0.00725
48	0.00591	0.00436	0.00557	0.00642	0.00702	0.00401	0.00452	0.00696	0.00963	0.01258	0.05711	0.60403	0.16125	0.01396	0.00597	0.00187	0.00280	0.07772	0.00440	0.00392
49	0.00996	0.02322	0.73629	0.01314	0.01977	0.01116	0.01657	0.05214	0.04576	0.01585	0.00908	0.01036	0.00645	0.00462	0.00451	0.00149	0.00674	0.00360	0.00225	0.00704
50	0.01261	0.83713	0.02471	0.00807	0.01210	0.01866	0.00807	0.01412	0.00958	0.01109	0.00656	0.00756	0.00605	0.00403	0.00303	0.00101	0.00504	0.00252	0.00202	0.00605
51	0.01167	0.01120	0.01914	0.02894	0.80488	0.01120	0.01447	0.01447	0.01074	0.01540	0.00887	0.01167	0.00747	0.00420	0.00467	0.00140	0.00560	0.00420	0.00233	0.00747
52	0.01136	0.47657	0.30508	0.01100	0.01614	0.01533	0.07818	0.01449	0.00985	0.01281	0.00749	0.00886	0.00612	0.00419	0.00376	0.00123	0.00598	0.00313	0.00204	0.00640
53	0.01759	0.03430	0.01350	0.01390	0.22117	0.00883	0.00900	0.02064	0.07970	0.50726	0.01572	0.01477	0.01062	0.00540	0.00467	0.00144	0.00444	0.00458	0.00471	0.00777
54	0.02115	0.00802	0.01094	0.00839	0.01204	0.00693	0.00693	0.02298	0.01350	0.80815	0.01860	0.01605	0.01167	0.00584	0.00474	0.00146	0.00401	0.00474	0.00584	0.00802
55	0.01109	0.00899	0.01343	0.01670	0.32483	0.03539	0.04568	0.01325	0.01100	0.11267	0.01968	0.05325	0.14870	0.00763	0.00564	0.00161	0.03904	0.12182	0.00349	0.00612
56	0.01418	0.01070	0.03097	0.06063	0.34745	0.05680	0.07745	0.01671	0.01176	0.24661	0.05580	0.02781	0.01094	0.00521	0.00481	0.00145	0.00534	0.00479	0.00354	0.00706
57	0.00574	0.00410	0.00547	0.00657	0.00684	0.00383	0.00438	0.00657	0.00903	0.01204	0.02599	0.83122	0.03119	0.01477	0.00602	0.00191	0.00274	0.01340	0.00438	0.00383
58	0.01988	0.00902	0.01285	0.00972	0.01348	0.00823	0.07920	0.10582	0.01422	0.65007	0.01697	0.01523	0.01086	0.00564	0.00481	0.00147	0.00450	0.00476	0.00540	0.00787
59	0.01426	0.00952	0.01290	0.05846	0.25539	0.06308	0.00930	0.01703	0.05512	0.28770	0.10085	0.05360	0.02936	0.00617	0.00485	0.00146	0.00463	0.00537	0.00411	0.00684
60	0.01145	0.21662	0.07730	0.01764	0.11639	0.01343	0.45067	0.01477	0.01062	0.01414	0.00865	0.01114	0.00684	0.00405	0.00476	0.00142	0.00688	0.00451	0.00226	0.00646

[dist]
# distance from previous block
# <min> <max>
0	6

[block]
# block no. 7 follows, 54 sequences, length 82
# corresponding to MSA columns:
# 376-457
name=unknown_H
#
# <colnr> <probs for GDERKNQSTAVLIFYWHMCP>
#	G	D	E	R	K	N	Q	S	T	A	V	L	I	F	Y	W	H	M	C	P
0	0.00667	0.00482	0.00630	0.00593	0.00704	0.00445	0.00445	0.00890	0.01335	0.01891	0.80239	0.03522	0.04449	0.00964	0.00556	0.00148	0.00222	0.00853	0.00519	0.00445
1	0.01761	0.02247	0.01336	0.01215	0.01458	0.81537	0.00911	0.01883	0.01336	0.01154	0.00729	0.00850	0.00607	0.00486	0.00425	0.00121	0.00850	0.00304	0.00243	0.00547
2	0.01113	0.35509	0.45209	0.01119	0.01675	0.05268	0.01322	0.01479	0.00997	0.01321	0.00763	0.00891	0.00601	0.00432	0.00388	0.00128	0.00626	0.00307	0.00202	0.00652
3	0.02115	0.00802	0.01094	0.00839	0.01204	0.00693	0.00693	0.02298	0.01350	0.80815	0.01860	0.01605	0.01167	0.00584	0.00474	0.00146	0.00401	0.00474	0.00584	0.00802
4	0.00678	0.00488	0.00594	0.00568	0.00699	0.00436	0.00426	0.00860	0.01233	0.04337	0.50281	0.07602	0.27966	0.01048	0.00556	0.00154	0.00236	0.00908	0.00492	0.00439
5	0.01196	0.21061	0.13746	0.01758	0.24522	0.08545	0.15332	0.01511	0.02863	0.01388	0.00839	0.01044	0.00685	0.00440	0.00472	0.00136	0.03187	0.00386	0.00227	0.00660
6	0.00578	0.00437	0.00537	0.00613	0.00684	0.00395	0.00429	0.00678	0.00963	0.01234	0.03243	0.55953	0.26116	0.01384	0.00591	0.00183	0.00271	0.04882	0.00438	0.00390
7	0.00574	0.00414	0.00544	0.00648	0.00682	0.00384	0.00434	0.00657	0.00911	0.01207	0.02703	0.79352	0.06821	0.01464	0.00600	0.00190	0.00272	0.01324	0.00438	0.00384
8	0.01681	0.02100	0.01394	0.01374	0.08899	0.71246	0.00966	0.01816	0.01291	0.01190	0.00740	0.00886	0.00621	0.00491	0.00467	0.00126	0.03589	0.00318	0.00241	0.00564
9	0.01195	0.63096	0.20959	0.00941	0.01410	0.03110	0.01029	0.01439	0.00974	0.01201	0.00702	0.00814	0.00603	0.00415	0.00339	0.00113	0.00556	0.00276	0.00202	0.00626
10	0.00674	0.00505	0.00758	0.00758	0.00842	0.00589	0.00589	0.00842	0.00758	0.01095	0.01263	0.01852	0.01179	0.03536	0.81561	0.00758	0.01263	0.00505	0.00253	0.00421
11	0.01761	0.02247	0.01336	0.01215	0.01458	0.81537	0.00911	0.01883	0.01336	0.01154	0.00729	0.00850	0.00607	0.00486	0.00425	0.00121	0.00850	0.00304	0.00243	0.00547
12	0.01924	0.00932	0.01153	0.00903	0.01257	0.00909	0.00740	0.17328	0.12136	0.54880	0.01726	0.01533	0.01133	0.00588	0.00474	0.00147	0.00420	0.00472	0.00548	0.00795
13	0.00890	0.00838	0.01414	0.82296	0.03247	0.01048	0.01309	0.01205	0.00943	0.01205	0.00838	0.01257	0.00629	0.00471	0.00471	0.00157	0.00629	0.00419	0.00210	0.00524
14	0.00574	0.00410	0.00547	0.00657	0.00684	0.00383	0.00438	0.00657	0.00903	0.01204	0.02599	0.83122	0.03119	0.01477	0.00602	0.00191	0.00274	0.01340	0.00438	0.00383
15	0.02005	0.00845	0.01097	0.00848	0.01201	0.00772	0.00698	0.10573	0.02713	0.67255	0.01766	0.01563	0.01134	0.00581	0.00467	0.00144	0.00405	0.00468	0.04680	0.00784
16	0.01661	0.00860	0.01054	0.00903	0.03632	0.03506	0.00697	0.06003	0.12663	0.46270	0.12188	0.03968	0.03100	0.00667	0.00489	0.00148	0.00394	0.00555	0.00525	0.00718
17	0.00946	0.02439	0.80987	0.01344	0.02041	0.01095	0.01742	0.01493	0.00995	0.01493	0.00846	0.00995	0.00597	0.00448	0.00448	0.00149	0.00697	0.00348	0.00199	0.00697
18	0.00760	0.00543	0.00760	0.00868	0.00977	0.00543	0.00760	0.00977	0.01085	0.01411	0.02496	0.05319	0.02714	0.01303	0.00651	0.00217	0.00434	0.77315	0.00434	0.00434
19	0.01117	0.25318	0.48798	0.01167	0.01725	0.08609	0.01368	0.01541	0.03770	0.01371	0.00819	0.00942	0.00630	0.00446	0.00406	0.00133	0.00645	0.00324	0.00214	0.00659
20	0.01071	0.34651	0.49867	0.01131	0.01712	0.01400	0.01371	0.01461	0.00981	0.01341	0.00771	0.00901	0.00600	0.00430	0.00390	0.00130	0.00620	0.00310	0.00200	0.00660
21	0.00890	0.00838	0.01414	0.82296	0.03247	0.01048	0.01309	0.01205	0.00943	0.01205	0.00838	0.01257	0.00629	0.00471	0.00471	0.00157	0.00629	0.00419	0.00210	0.00524
22	0.01312	0.01203	0.01442	0.01749	0.32511	0.11229	0.01043	0.03308	0.32791	0.06448	0.01345	0.01391	0.01034	0.00529	0.00467	0.00146	0.00511	0.00454	0.00359	0.00726
23	0.01167	0.01120	0.01914	0.02894	0.80488	0.01120	0.01447	0.01447	0.01074	0.01540	0.00887	0.01167	0.00747	0.00420	0.00467	0.00140	0.00560	0.00420	0.00233	0.00747
24	0.00574	0.00410	0.00547	0.00657	0.00684	0.00383	0.00438	0.00657	0.00903	0.01204	0.02599	0.83122	0.03119	0.01477	0.00602	0.00191	0.00274	0.01340	0.00438	0.00383
25	0.01645	0.00919	0.01163	0.00948	0.01274	0.00932	0.04472	0.02353	0.36419	0.41672	0.01843	0.01658	0.01267	0.00600	0.00481	0.00153	0.00408	0.00505	0.00520	0.00769
