[name]
unknown

[dist]
# distance from previous block
# <min> <max>
0	54

[block]
# block no. 0 follows, 45 sequences, length 6
# corresponding to MSA columns:
# 54-59
name=unknown_A
#
# <colnr> <probs for GDERKNQSTAVLIFYWHMCP>
#	G	D	E	R	K	N	Q	S	T	A	V	L	I	F	Y	W	H	M	C	P
0	0.22301	0.00639	0.00736	0.00761	0.00873	0.00675	0.00571	0.01005	0.00912	0.01513	0.01620	0.17948	0.01738	0.01413	0.01131	0.31531	0.00427	0.13440	0.00357	0.00408
1	0.00791	0.00507	0.00625	0.00667	0.00727	0.00512	0.00457	0.00920	0.00968	0.01435	0.02097	0.29403	0.02247	0.19920	0.14682	0.00375	0.00539	0.00929	0.21762	0.00435
2	0.63511	0.01017	0.00998	0.20903	0.01717	0.01201	0.00813	0.01525	0.00954	0.02144	0.00800	0.01015	0.00616	0.00508	0.00384	0.00169	0.00492	0.00338	0.00308	0.00585
3	0.01296	0.01095	0.01589	0.25822	0.22238	0.01203	0.01240	0.20381	0.01475	0.01986	0.01403	0.15157	0.01294	0.00748	0.00561	0.00176	0.00593	0.00661	0.00367	0.00716
4	0.01122	0.01064	0.01805	0.53569	0.29129	0.01221	0.01545	0.01466	0.01124	0.01503	0.00973	0.01396	0.00762	0.00517	0.00535	0.00172	0.00689	0.00477	0.00248	0.00683
5	0.01355	0.01466	0.01526	0.15342	0.20056	0.26879	0.01169	0.01588	0.01204	0.01412	0.01050	0.01426	0.00900	0.01419	0.20544	0.00335	0.00965	0.00459	0.00270	0.00636

[dist]
# distance from previous block
# <min> <max>
4	10

[block]
# block no. 1 follows, 45 sequences, length 11
# corresponding to MSA columns:
# 70-80
name=unknown_B
#
# <colnr> <probs for GDERKNQSTAVLIFYWHMCP>
#	G	D	E	R	K	N	Q	S	T	A	V	L	I	F	Y	W	H	M	C	P
0	0.01422	0.01514	0.01191	0.01125	0.01370	0.30465	0.00878	0.02020	0.25361	0.01683	0.02139	0.02752	0.09374	0.00879	0.00571	0.00179	0.00629	0.15369	0.00429	0.00651
1	0.58587	0.01186	0.01050	0.00874	0.01237	0.01351	0.00721	0.25227	0.01425	0.02718	0.00919	0.01004	0.00687	0.00545	0.00397	0.00165	0.00471	0.00352	0.00397	0.00687
2	0.01605	0.01748	0.01916	0.02511	0.46865	0.29277	0.01399	0.05251	0.01390	0.01670	0.00958	0.01197	0.00796	0.00513	0.00515	0.00152	0.00754	0.00431	0.00282	0.00771
3	0.00654	0.00467	0.00623	0.00747	0.00779	0.00436	0.00498	0.00747	0.01028	0.01370	0.02959	0.80785	0.03550	0.01682	0.00685	0.00218	0.00311	0.01526	0.00498	0.00436
4	0.02041	0.01504	0.01611	0.01235	0.01665	0.01665	0.01020	0.75997	0.02524	0.03383	0.01289	0.01289	0.00913	0.00644	0.00537	0.00161	0.00591	0.00483	0.00537	0.00913
5	0.01229	0.01173	0.01998	0.27621	0.54242	0.01249	0.01598	0.01560	0.01175	0.01632	0.00992	0.01361	0.00807	0.00497	0.00533	0.00166	0.00662	0.00478	0.00257	0.00770
6	0.02041	0.01504	0.01611	0.01235	0.01665	0.01665	0.01020	0.75997	0.02524	0.03383	0.01289	0.01289	0.00913	0.00644	0.00537	0.00161	0.00591	0.00483	0.00537	0.00913
7	0.01632	0.01287	0.01367	0.01132	0.01488	0.01445	0.00907	0.37217	0.37934	0.02741	0.01929	0.01828	0.05184	0.00721	0.00546	0.00172	0.00495	0.00576	0.00539	0.00859
8	0.01408	0.01305	0.01247	0.01124	0.01424	0.09729	0.00870	0.02776	0.68677	0.02145	0.02038	0.01891	0.01536	0.00709	0.00539	0.00177	0.00484	0.00579	0.00517	0.00825
9	0.01689	0.02062	0.02089	0.01680	0.02040	0.45827	0.27151	0.01989	0.04310	0.01490	0.00967	0.01184	0.00771	0.00540	0.00589	0.00159	0.04054	0.00461	0.00284	0.00665
10	0.00654	0.00467	0.00623	0.00747	0.00779	0.00436	0.00498	0.00747	0.01028	0.01370	0.02959	0.80785	0.03550	0.01682	0.00685	0.00218	0.00311	0.01526	0.00498	0.00436

[dist]
# distance from previous block
# <min> <max>
8	21

[block]
# block no. 2 follows, 45 sequences, length 6
# corresponding to MSA columns:
# 103-108
name=unknown_C
#
# <colnr> <probs for GDERKNQSTAVLIFYWHMCP>
#	G	D	E	R	K	N	Q	S	T	A	V	L	I	F	Y	W	H	M	C	P
0	0.01132	0.01075	0.01824	0.51096	0.31522	0.01224	0.01550	0.01475	0.01129	0.01515	0.00975	0.01393	0.00766	0.00515	0.00535	0.00172	0.00686	0.00478	0.00249	0.00692
1	0.00671	0.00545	0.00594	0.00582	0.00747	0.00469	0.00437	0.00841	0.01310	0.01654	0.26405	0.04830	0.56474	0.01283	0.00634	0.00178	0.00266	0.01086	0.00525	0.00469
2	0.01040	0.00896	0.00931	0.00861	0.01113	0.00963	0.00663	0.01974	0.44938	0.01910	0.03557	0.03337	0.33660	0.00994	0.00583	0.00182	0.00360	0.00829	0.00526	0.00682
3	0.01178	0.01162	0.01979	0.01414	0.01919	0.00986	0.32350	0.01507	0.01178	0.01737	0.01010	0.01254	0.00803	0.00421	0.00497	0.00122	0.00612	0.00451	0.00298	0.49122
4	0.00675	0.00492	0.00636	0.00712	0.00779	0.00453	0.00491	0.00808	0.01154	0.01549	0.19518	0.56686	0.11017	0.01523	0.00669	0.00204	0.00295	0.01367	0.00519	0.00453
5	0.01113	0.00954	0.01113	0.00795	0.01272	0.00716	0.00636	0.01352	0.01113	0.01749	0.00954	0.01113	0.00795	0.00398	0.00398	0.00080	0.00398	0.00318	0.00318	0.84417

[dist]
# distance from previous block
# <min> <max>
0	1

[block]
# block no. 3 follows, 45 sequences, length 85
# corresponding to MSA columns:
# 110-194
name=unknown_D
#
# <colnr> <probs for GDERKNQSTAVLIFYWHMCP>
#	G	D	E	R	K	N	Q	S	T	A	V	L	I	F	Y	W	H	M	C	P
0	0.01757	0.00771	0.01026	0.00835	0.01143	0.00675	0.00671	0.01973	0.01505	0.48553	0.25448	0.02771	0.08793	0.00854	0.00576	0.00168	0.00379	0.00721	0.00628	0.00751
1	0.01142	0.00951	0.01048	0.00953	0.01197	0.01058	0.00735	0.02236	0.51603	0.02214	0.27406	0.02675	0.02786	0.00852	0.00575	0.00178	0.00367	0.00729	0.00561	0.00735
2	0.01942	0.01289	0.01445	0.01110	0.01536	0.01340	0.00911	0.46591	0.06869	0.17895	0.01464	0.01417	0.01025	0.00620	0.00519	0.00152	0.00527	0.00480	0.00533	0.12334
3	0.01963	0.02447	0.01565	0.01500	0.06497	0.71889	0.01075	0.04168	0.01530	0.01399	0.00854	0.01000	0.00708	0.00551	0.00488	0.00140	0.00937	0.00358	0.00283	0.00645
4	0.02350	0.00927	0.01244	0.00963	0.01372	0.00819	0.00792	0.02629	0.05638	0.74022	0.02121	0.01837	0.01346	0.00668	0.00540	0.00167	0.00455	0.00543	0.00658	0.00910
5	0.01113	0.00954	0.01113	0.00795	0.01272	0.00716	0.00636	0.01352	0.01113	0.01749	0.00954	0.01113	0.00795	0.00398	0.00398	0.00080	0.00398	0.00318	0.00318	0.84417
6	0.00781	0.00520	0.00585	0.00585	0.00585	0.00520	0.00325	0.00781	0.00781	0.01041	0.01691	0.03513	0.01952	0.81135	0.02732	0.00520	0.00520	0.00781	0.00325	0.00325
7	0.01077	0.02777	0.78354	0.01530	0.02323	0.01247	0.01983	0.01700	0.01133	0.01700	0.00963	0.01133	0.00680	0.00510	0.00510	0.00170	0.00793	0.00397	0.00227	0.00793
8	0.01267	0.01448	0.03167	0.02262	0.02805	0.01357	0.75837	0.01719	0.01267	0.01719	0.01086	0.01448	0.00814	0.00452	0.00633	0.00181	0.00905	0.00633	0.00271	0.00724
9	0.01335	0.01153	0.01214	0.01092	0.01396	0.01335	0.00850	0.02852	0.76817	0.02245	0.02185	0.02003	0.01639	0.00728	0.00546	0.00182	0.00425	0.00607	0.00546	0.00850
10	0.00781	0.00520	0.00585	0.00585	0.00585	0.00520	0.00325	0.00781	0.00781	0.01041	0.01691	0.03513	0.01952	0.81135	0.02732	0.00520	0.00520	0.00781	0.00325	0.00325
11	0.01014	0.00954	0.01610	0.79845	0.03697	0.01193	0.01491	0.01371	0.01073	0.01371	0.00954	0.01431	0.00716	0.00537	0.00537	0.00179	0.00716	0.00477	0.00239	0.00596
12	0.00676	0.00545	0.00602	0.00588	0.00751	0.00471	0.00441	0.00852	0.01323	0.01685	0.29570	0.04779	0.53290	0.01272	0.00634	0.00177	0.00266	0.01079	0.00529	0.00471
13	0.01335	0.01153	0.01214	0.01092	0.01396	0.01335	0.00850	0.02852	0.76817	0.02245	0.02185	0.02003	0.01639	0.00728	0.00546	0.00182	0.00425	0.00607	0.00546	0.00850
14	0.00760	0.00549	0.00718	0.00675	0.00802	0.00506	0.00506	0.01013	0.01519	0.02153	0.77503	0.04010	0.05065	0.01097	0.00633	0.00169	0.00253	0.00971	0.00591	0.00506
15	0.00654	0.00467	0.00623	0.00747	0.00779	0.00436	0.00498	0.00747	0.01028	0.01370	0.02959	0.80785	0.03550	0.01682	0.00685	0.00218	0.00311	0.01526	0.00498	0.00436
16	0.00654	0.00467	0.00623	0.00747	0.00779	0.00436	0.00498	0.00747	0.01028	0.01370	0.02959	0.80785	0.03550	0.01682	0.00685	0.00218	0.00311	0.01526	0.00498	0.00436
17	0.01113	0.00954	0.01113	0.00795	0.01272	0.00716	0.00636	0.01352	0.01113	0.01749	0.00954	0.01113	0.00795	0.00398	0.00398	0.00080	0.00398	0.00318	0.00318	0.84417
18	0.01248	0.01215	0.01964	0.28857	0.50154	0.04129	0.01572	0.01573	0.01183	0.01609	0.00984	0.01350	0.00799	0.00501	0.00531	0.00165	0.00676	0.00473	0.00257	0.00757
19	0.01449	0.76882	0.04350	0.00949	0.01408	0.04956	0.00945	0.01629	0.01108	0.01274	0.00754	0.00871	0.00689	0.00464	0.00353	0.00117	0.00593	0.00292	0.00231	0.00689
20	0.01267	0.01448	0.03167	0.02262	0.02805	0.01357	0.75837	0.01719	0.01267	0.01719	0.01086	0.01448	0.00814	0.00452	0.00633	0.00181	0.00905	0.00633	0.00271	0.00724
21	0.00654	0.00467	0.00623	0.00747	0.00779	0.00436	0.00498	0.00747	0.01028	0.01370	0.02959	0.80785	0.03550	0.01682	0.00685	0.00218	0.00311	0.01526	0.00498	0.00436
22	0.00770	0.00561	0.00790	0.00790	0.00861	0.00632	0.00581	0.00912	0.00841	0.01193	0.01504	0.02475	0.01501	0.24124	0.59127	0.00773	0.01199	0.00629	0.00297	0.00439
23	0.00760	0.00549	0.00718	0.00675	0.00802	0.00506	0.00506	0.01013	0.01519	0.02153	0.77503	0.04010	0.05065	0.01097	0.00633	0.00169	0.00253	0.00971	0.00591	0.00506
24	0.02079	0.00979	0.01231	0.00989	0.01368	0.00942	0.00802	0.04186	0.21081	0.54911	0.04081	0.01918	0.01498	0.00692	0.00544	0.00170	0.00446	0.00567	0.00629	0.00886
25	0.01014	0.00954	0.01610	0.79845	0.03697	0.01193	0.01491	0.01371	0.01073	0.01371	0.00954	0.01431	0.00716	0.00537	0.00537	0.00179	0.00716	0.00477	0.00239	0.00596
26	0.00687	0.00498	0.00648	0.00712	0.00783	0.00459	0.00496	0.00833	0.01196	0.01624	0.26834	0.51883	0.08401	0.01477	0.00666	0.00200	0.00291	0.01326	0.00528	0.00459
27	0.84927	0.01038	0.00789	0.00706	0.01038	0.01204	0.00581	0.01578	0.00914	0.02408	0.00747	0.00872	0.00581	0.00498	0.00332	0.00166	0.00415	0.00291	0.00332	0.00581
28	0.02408	0.00914	0.01246	0.00955	0.01370	0.00789	0.00789	0.02616	0.01536	0.78158	0.02118	0.01827	0.01329	0.00664	0.00540	0.00166	0.00457	0.00540	0.00664	0.00914
29	0.01119	0.01062	0.01800	0.54212	0.28507	0.01220	0.01543	0.01464	0.01123	0.01499	0.00973	0.01397	0.00761	0.00517	0.00535	0.00172	0.00689	0.00477	0.00248	0.00681
30	0.00989	0.00789	0.00915	0.00841	0.01039	0.00837	0.00643	0.01746	0.31518	0.02190	0.47496	0.03210	0.03700	0.00950	0.00598	0.00174	0.00322	0.00826	0.00573	0.00643
31	0.01191	0.01080	0.01546	0.01687	0.26950	0.00927	0.03763	0.01464	0.01155	0.01750	0.00978	0.01198	0.00814	0.00427	0.00451	0.00110	0.00497	0.00383	0.00299	0.53330
32	0.00654	0.00467	0.00623	0.00747	0.00779	0.00436	0.00498	0.00747	0.01028	0.01370	0.02959	0.80785	0.03550	0.01682	0.00685	0.00218	0.00311	0.01526	0.00498	0.00436
33	0.01940	0.01452	0.01586	0.05462	0.01757	0.01618	0.01035	0.67327	0.07167	0.03202	0.01328	0.01342	0.00948	0.00644	0.00538	0.00163	0.00587	0.00491	0.00521	0.00892
34	0.01365	0.01227	0.01857	0.02553	0.52206	0.01278	0.01378	0.02043	0.24169	0.04305	0.01401	0.01549	0.01105	0.00560	0.00536	0.00167	0.00567	0.00519	0.00363	0.00852
35	0.00654	0.00467	0.00623	0.00747	0.00779	0.00436	0.00498	0.00747	0.01028	0.01370	0.02959	0.80785	0.03550	0.01682	0.00685	0.00218	0.00311	0.01526	0.00498	0.00436
36	0.00654	0.00467	0.00623	0.00747	0.00779	0.00436	0.00498	0.00747	0.01028	0.01370	0.02959	0.80785	0.03550	0.01682	0.00685	0.00218	0.00311	0.01526	0.00498	0.00436
37	0.01438	0.04005	0.49616	0.01402	0.02059	0.01381	0.01612	0.25205	0.01587	0.05057	0.01104	0.01202	0.00778	0.00557	0.00516	0.00166	0.00712	0.00427	0.00341	0.00833
38	0.00754	0.00570	0.00843	0.00908	0.00997	0.00545	0.04952	0.00915	0.01105	0.01462	0.02815	0.53415	0.03252	0.01550	0.00699	0.00225	0.00401	0.23638	0.00484	0.00470
39	0.00760	0.00549	0.00718	0.00675	0.00802	0.00506	0.00506	0.01013	0.01519	0.02153	0.77503	0.04010	0.05065	0.01097	0.00633	0.00169	0.00253	0.00971	0.00591	0.00506
40	0.01025	0.00524	0.00526	0.00518	0.00650	0.00528	0.00390	0.03004	0.01158	0.02034	0.01740	0.01985	0.01365	0.00626	0.00379	0.00126	0.00258	0.00500	0.82155	0.00510
41	0.01580	0.42792	0.13905	0.01130	0.01617	0.08222	0.01116	0.20432	0.01494	0.01869	0.00923	0.01019	0.00744	0.00521	0.00430	0.00137	0.00644	0.00358	0.00311	0.00756
42	0.01783	0.28927	0.01958	0.01228	0.01556	0.50376	0.01003	0.01932	0.01351	0.01296	0.00797	0.00940	0.00691	0.00536	0.00485	0.00134	0.03772	0.00331	0.00259	0.00643
43	0.01329	0.01275	0.02179	0.03295	0.77787	0.01275	0.01647	0.01647	0.01222	0.01754	0.01010	0.01329	0.00850	0.00478	0.00531	0.00159	0.00638	0.00478	0.00266	0.00850
44	0.01014	0.00990	0.03835	0.01384	0.01664	0.00911	0.29141	0.07448	0.01247	0.01680	0.02053	0.41832	0.02212	0.01096	0.00648	0.00198	0.00573	0.01069	0.00408	0.00595
45	0.00654	0.00467	0.00623	0.00747	0.00779	0.00436	0.00498	0.00747	0.01028	0.01370	0.02959	0.80785	0.03550	0.01682	0.00685	0.00218	0.00311	0.01526	0.00498	0.00436
46	0.01435	0.81458	0.02813	0.00918	0.01378	0.02124	0.00918	0.01607	0.01091	0.01263	0.00746	0.00861	0.00689	0.00459	0.00344	0.00115	0.00574	0.00287	0.00230	0.00689
47	0.02051	0.00861	0.01145	0.00912	0.01278	0.00751	0.00745	0.03722	0.01480	0.60174	0.03864	0.06455	0.06404	0.00791	0.00557	0.00169	0.00435	0.03360	0.00620	0.04225
48	0.01350	0.26088	0.15823	0.01529	0.02038	0.05769	0.25755	0.03885	0.07457	0.01634	0.01033	0.01222	0.00814	0.00512	0.00537	0.00158	0.02925	0.00460	0.00280	0.00732
49	0.01329	0.01275	0.02179	0.03295	0.77787	0.01275	0.01647	0.01647	0.01222	0.01754	0.01010	0.01329	0.00850	0.00478	0.00531	0.00159	0.00638	0.00478	0.00266	0.00850
50	0.00767	0.00575	0.00863	0.00863	0.00959	0.00671	0.00671	0.00959	0.00863	0.01246	0.01438	0.02109	0.01342	0.04026	0.79008	0.00863	0.01438	0.00575	0.00288	0.00479
51	0.00965	0.02026	0.52352	0.01248	0.01813	0.00995	0.01488	0.01456	0.01237	0.01811	0.22722	0.06084	0.02070	0.00737	0.00554	0.00172	0.00615	0.00618	0.00344	0.00694
52	0.00781	0.00520	0.00585	0.00585	0.00585	0.00520	0.00325	0.00781	0.00781	0.01041	0.01691	0.03513	0.01952	0.81135	0.02732	0.00520	0.00520	0.00781	0.00325	0.00325
53	0.01014	0.00954	0.01610	0.79845	0.03697	0.01193	0.01491	0.01371	0.01073	0.01371	0.00954	0.01431	0.00716	0.00537	0.00537	0.00179	0.00716	0.00477	0.00239	0.00596
54	0.01739	0.01735	0.01593	0.01341	0.01577	0.26671	0.01077	0.27088	0.01630	0.02013	0.00945	0.01147	0.00772	0.00714	0.00930	0.00178	0.27355	0.00434	0.00352	0.00710
55	0.01113	0.00954	0.01113	0.00795	0.01272	0.00716	0.00636	0.01352	0.01113	0.01749	0.00954	0.01113	0.00795	0.00398	0.00398	0.00080	0.00398	0.00318	0.00318	0.84417
56	0.01185	0.00679	0.00878	0.00772	0.00979	0.00635	0.00598	0.01525	0.07269	0.19760	0.54299	0.03351	0.03938	0.00969	0.00605	0.00169	0.00313	0.00843	0.00605	0.00627
57	0.01435	0.81458	0.02813	0.00918	0.01378	0.02124	0.00918	0.01607	0.01091	0.01263	0.00746	0.00861	0.00689	0.00459	0.00344	0.00115	0.00574	0.00287	0.00230	0.00689
58	0.01620	0.00822	0.01027	0.00839	0.01110	0.00761	0.00637	0.08192	0.01301	0.34383	0.01779	0.04072	0.01481	0.25722	0.04782	0.00299	0.00523	0.00610	0.00491	0.09549
59	0.03706	0.01474	0.02113	0.01567	0.02032	0.01551	0.26063	0.49397	0.02066	0.02803	0.01208	0.01332	0.00872	0.00577	0.00565	0.00168	0.00692	0.00529	0.00443	0.00842
60	0.01267	0.01448	0.03167	0.02262	0.02805	0.01357	0.75837	0.01719	0.01267	0.01719	0.01086	0.01448	0.00814	0.00452	0.00633	0.00181	0.00905	0.00633	0.00271	0.00724
61	0.28940	0.00712	0.00737	0.00682	0.00879	0.00739	0.00529	0.01195	0.01308	0.02218	0.49765	0.02992	0.05612	0.00904	0.00532	0.00168	0.00308	0.00748	0.00502	0.00530
62	0.00771	0.00557	0.00770	0.00770	0.00834	0.00621	0.00555	0.00899	0.00835	0.01177	0.01523	0.02579	0.01546	0.29847	0.53466	0.00748	0.01131	0.00644	0.00300	0.00428
63	0.01716	0.01971	0.27305	0.01340	0.01885	0.04559	0.01343	0.48219	0.02019	0.02738	0.01162	0.01224	0.00826	0.00596	0.00526	0.00163	0.00673	0.00449	0.00423	0.00861
64	0.00877	0.00489	0.00544	0.00588	0.00680	0.00477	0.00419	0.01072	0.01091	0.01777	0.02181	0.30047	0.02150	0.01001	0.00486	0.00158	0.00272	0.00865	0.54349	0.00477
65	0.01264	0.43891	0.38881	0.01210	0.01829	0.01705	0.01427	0.01652	0.01111	0.01472	0.00850	0.00991	0.00685	0.00483	0.00423	0.00141	0.00679	0.00339	0.00228	0.00739
66	0.01289	0.00939	0.01106	0.01027	0.01251	0.00997	0.00833	0.31489	0.01706	0.02268	0.02240	0.23413	0.02323	0.01193	0.00644	0.00205	0.00486	0.25428	0.00513	0.00650
67	0.01601	0.01644	0.01340	0.01198	0.01500	0.27354	0.00922	0.06881	0.47271	0.02000	0.01679	0.01615	0.01279	0.00665	0.00525	0.00166	0.00616	0.00512	0.00455	0.00777
68	0.00634	0.00544	0.00544	0.00544	0.00725	0.00453	0.00408	0.00770	0.01224	0.01450	0.05438	0.05166	0.77569	0.01359	0.00634	0.00181	0.00272	0.01133	0.00498	0.00453
69	0.84927	0.01038	0.00789	0.00706	0.01038	0.01204	0.00581	0.01578	0.00914	0.02408	0.00747	0.00872	0.00581	0.00498	0.00332	0.00166	0.00415	0.00291	0.00332	0.00581
70	0.01853	0.01562	0.27063	0.01162	0.01692	0.00998	0.01195	0.02333	0.09109	0.44784	0.01738	0.01613	0.01143	0.00619	0.00530	0.00169	0.00566	0.00499	0.00506	0.00867
71	0.00760	0.00549	0.00718	0.00675	0.00802	0.00506	0.00506	0.01013	0.01519	0.02153	0.77503	0.04010	0.05065	0.01097	0.00633	0.00169	0.00253	0.00971	0.00591	0.00506
72	0.84927	0.01038	0.00789	0.00706	0.01038	0.01204	0.00581	0.01578	0.00914	0.02408	0.00747	0.00872	0.00581	0.00498	0.00332	0.00166	0.00415	0.00291	0.00332	0.00581
73	0.00654	0.00467	0.00623	0.00747	0.00779	0.00436	0.00498	0.00747	0.01028	0.01370	0.02959	0.80785	0.03550	0.01682	0.00685	0.00218	0.00311	0.01526	0.00498	0.00436
74	0.02041	0.01504	0.01611	0.01235	0.01665	0.01665	0.01020	0.75997	0.02524	0.03383	0.01289	0.01289	0.00913	0.00644	0.00537	0.00161	0.00591	0.00483	0.00537	0.00913
75	0.01077	0.02777	0.78354	0.01530	0.02323	0.01247	0.01983	0.01700	0.01133	0.01700	0.00963	0.01133	0.00680	0.00510	0.00510	0.00170	0.00793	0.00397	0.00227	0.00793
76	0.00653	0.00545	0.00570	0.00563	0.00736	0.00461	0.00422	0.00806	0.01267	0.01554	0.16146	0.04994	0.66795	0.01321	0.00634	0.00179	0.00269	0.01109	0.00512	0.00461
77	0.01014	0.00954	0.01610	0.79845	0.03697	0.01193	0.01491	0.01371	0.01073	0.01371	0.00954	0.01431	0.00716	0.00537	0.00537	0.00179	0.00716	0.00477	0.00239	0.00596
78	0.00670	0.00479	0.00641	0.00766	0.00804	0.00450	0.00526	0.00775	0.01044	0.01388	0.02950	0.75053	0.03515	0.01666	0.00689	0.00220	0.00325	0.07098	0.00498	0.00440
79	0.00955	0.00540	0.00622	0.00664	0.00788	0.00540	0.00539	0.01204	0.01163	0.01869	0.02116	0.03359	0.01950	0.00913	0.00498	0.00166	0.00332	0.25170	0.56114	0.00498
80	0.01516	0.01377	0.01585	0.01324	0.01493	0.08230	0.01086	0.26360	0.01459	0.01997	0.00995	0.04147	0.00879	0.00835	0.01202	0.00201	0.43768	0.00503	0.00349	0.00694
81	0.01223	0.01168	0.01988	0.28928	0.52977	0.01248	0.01595	0.01555	0.01172	0.01626	0.00991	0.01363	0.00805	0.00498	0.00533	0.00166	0.00664	0.00478	0.00257	0.00765
82	0.01786	0.01419	0.01792	0.01922	0.27149	0.01527	0.01226	0.49479	0.03735	0.02812	0.01215	0.01318	0.00908	0.00591	0.00535	0.00161	0.00603	0.00484	0.00446	0.00891
83	0.01096	0.07049	0.74252	0.01497	0.02272	0.01294	0.01925	0.01695	0.01131	0.01676	0.00952	0.01119	0.00680	0.00507	0.00501	0.00167	0.00781	0.00391	0.00227	0.00788
84	0.01542	0.01139	0.01261	0.01065	0.01355	0.01237	0.00837	0.47240	0.05638	0.02654	0.01892	0.27943	0.01831	0.00996	0.00587	0.00181	0.00489	0.00838	0.00524	0.00750

[dist]
# distance from previous block
# <min> <max>
2	8

[block]
# block no. 4 follows, 45 sequences, length 7
# corresponding to MSA columns:
# 205-211
name=unknown_E
#
# <colnr> <probs for GDERKNQSTAVLIFYWHMCP>
#	G	D	E	R	K	N	Q	S	T	A	V	L	I	F	Y	W	H	M	C	P
0	0.01644	0.01635	0.01535	0.24335	0.02227	0.26017	0.01143	0.21931	0.10651	0.02000	0.01152	0.01314	0.00871	0.00594	0.00521	0.00162	0.00727	0.00453	0.00368	0.00720
1	0.00742	0.00509	0.00618	0.00654	0.00671	0.00507	0.00403	0.00785	0.00859	0.01153	0.02044	0.26082	0.02374	0.51903	0.07982	0.00458	0.00529	0.00984	0.00373	0.00370
2	0.02016	0.02231	0.01549	0.01337	0.01661	0.55003	0.01032	0.25047	0.01832	0.01955	0.00972	0.01067	0.00760	0.00581	0.00500	0.00145	0.00851	0.00388	0.00357	0.00712
3	0.10744	0.01050	0.01178	0.00959	0.01339	0.01057	0.00769	0.06184	0.27851	0.24134	0.01717	0.01614	0.01228	0.00615	0.00491	0.00154	0.00436	0.00489	0.00511	0.17480
4	0.01613	0.57994	0.02460	0.01011	0.01462	0.01989	0.00948	0.23438	0.01511	0.01885	0.00905	0.00987	0.00755	0.00514	0.00401	0.00128	0.00579	0.00345	0.00320	0.00755
5	0.04904	0.24998	0.16866	0.01067	0.01528	0.01437	0.01063	0.17834	0.01513	0.10094	0.12249	0.01569	0.01437	0.00626	0.00481	0.00151	0.00555	0.00478	0.00399	0.00751
6	0.00711	0.00563	0.00654	0.00703	0.00855	0.00506	0.00564	0.00881	0.01215	0.01496	0.04427	0.10310	0.48384	0.01421	0.00673	0.00205	0.00347	0.25121	0.00497	0.00466

[dist]
# distance from previous block
# <min> <max>
0	2

[block]
# block no. 5 follows, 45 sequences, length 10
# corresponding to MSA columns:
# 214-223
name=unknown_F
#
# <colnr> <probs for GDERKNQSTAVLIFYWHMCP>
#	G	D	E	R	K	N	Q	S	T	A	V	L	I	F	Y	W	H	M	C	P
0	0.00898	0.00673	0.00838	0.00797	0.00880	0.00723	0.00585	0.00992	0.00990	0.05091	0.02556	0.14518	0.17991	0.27486	0.01531	0.00308	0.14924	0.05118	0.00397	0.02705
1	0.01225	0.01170	0.01992	0.28445	0.53445	0.01248	0.01596	0.01557	0.01173	0.01628	0.00991	0.01362	0.00806	0.00497	0.00533	0.00166	0.00663	0.00478	0.00257	0.00767
2	0.00774	0.00538	0.00687	0.00762	0.00811	0.00530	0.00549	0.00881	0.00997	0.01316	0.02411	0.25193	0.02757	0.33532	0.01526	0.00349	0.00455	0.25095	0.00427	0.00411
3	0.01204	0.01274	0.02259	0.05565	0.02085	0.01506	0.31386	0.01469	0.01014	0.01469	0.00871	0.01298	0.00750	0.00723	0.01246	0.00210	0.44242	0.00536	0.00250	0.00643
4	0.01097	0.01116	0.02122	0.54355	0.03404	0.01247	0.25917	0.01486	0.01137	0.01486	0.00997	0.01437	0.00748	0.00509	0.00568	0.00180	0.00778	0.00528	0.00249	0.00638
5	0.01333	0.01193	0.01531	0.01816	0.26494	0.01316	0.01112	0.02456	0.51980	0.02084	0.01799	0.01781	0.01380	0.00646	0.00541	0.00175	0.00495	0.00565	0.00454	0.00850
6	0.35088	0.01177	0.01169	0.00955	0.01323	0.01298	0.00782	0.27722	0.08223	0.12572	0.03907	0.01349	0.01042	0.00612	0.00460	0.00166	0.00477	0.00441	0.00474	0.00761
7	0.07312	0.00789	0.00953	0.00807	0.01103	0.00727	0.00641	0.01851	0.06793	0.37220	0.09184	0.07037	0.21483	0.00928	0.00566	0.00174	0.00379	0.00770	0.00575	0.00708
8	0.01398	0.00844	0.01174	0.26773	0.01962	0.00869	0.00921	0.01725	0.06473	0.27021	0.02636	0.02610	0.21715	0.00814	0.00565	0.00175	0.00490	0.00684	0.00472	0.00681
9	0.01034	0.01553	0.26824	0.54115	0.03246	0.01210	0.01653	0.01479	0.01093	0.01479	0.00957	0.01333	0.00704	0.00528	0.00528	0.00176	0.00741	0.00451	0.00235	0.00661

[dist]
# distance from previous block
# <min> <max>
16	27

[block]
# block no. 6 follows, 45 sequences, length 14
# corresponding to MSA columns:
# 262-275
name=unknown_G
#
# <colnr> <probs for GDERKNQSTAVLIFYWHMCP>
#	G	D	E	R	K	N	Q	S	T	A	V	L	I	F	Y	W	H	M	C	P
0	0.01638	0.00821	0.01043	0.00913	0.01187	0.00787	0.00708	0.02074	0.16295	0.38548	0.05234	0.24251	0.02160	0.00981	0.00586	0.00184	0.00402	0.00848	0.00591	0.00751
1	0.01329	0.01275	0.02179	0.03295	0.77787	0.01275	0.01647	0.01647	0.01222	0.01754	0.01010	0.01329	0.00850	0.00478	0.00531	0.00159	0.00638	0.00478	0.00266	0.00850
2	0.01335	0.01153	0.01214	0.01092	0.01396	0.01335	0.00850	0.02852	0.76817	0.02245	0.02185	0.02003	0.01639	0.00728	0.00546	0.00182	0.00425	0.00607	0.00546	0.00850
3	0.01272	0.01132	0.01185	0.00981	0.01356	0.04528	0.00769	0.02192	0.41770	0.01996	0.01609	0.01584	0.01243	0.00582	0.00481	0.00137	0.00438	0.00474	0.00439	0.35832
4	0.02041	0.01504	0.01611	0.01235	0.01665	0.01665	0.01020	0.75997	0.02524	0.03383	0.01289	0.01289	0.00913	0.00644	0.00537	0.00161	0.00591	0.00483	0.00537	0.00913
5	0.01113	0.00954	0.01113	0.00795	0.01272	0.00716	0.00636	0.01352	0.01113	0.01749	0.00954	0.01113	0.00795	0.00398	0.00398	0.00080	0.00398	0.00318	0.00318	0.84417
6	0.00767	0.00575	0.00863	0.00863	0.00959	0.00671	0.00671	0.00959	0.00863	0.01246	0.01438	0.02109	0.01342	0.04026	0.79008	0.00863	0.01438	0.00575	0.00288	0.00479
7	0.02041	0.01504	0.01611	0.01235	0.01665	0.01665	0.01020	0.75997	0.02524	0.03383	0.01289	0.01289	0.00913	0.00644	0.00537	0.00161	0.00591	0.00483	0.00537	0.00913
8	0.02041	0.01504	0.01611	0.01235	0.01665	0.01665	0.01020	0.75997	0.02524	0.03383	0.01289	0.01289	0.00913	0.00644	0.00537	0.00161	0.00591	0.00483	0.00537	0.00913
9	0.01694	0.01331	0.01416	0.01165	0.01532	0.01503	0.00936	0.40011	0.39074	0.02823	0.01730	0.01640	0.01270	0.00686	0.00542	0.00171	0.00509	0.00544	0.00542	0.00882
10	0.02005	0.02558	0.01521	0.01383	0.01659	0.78980	0.01037	0.02143	0.01521	0.01314	0.00830	0.00968	0.00691	0.00553	0.00484	0.00138	0.00968	0.00346	0.00277	0.00622
11	0.02041	0.01504	0.01611	0.01235	0.01665	0.01665	0.01020	0.75997	0.02524	0.03383	0.01289	0.01289	0.00913	0.00644	0.00537	0.00161	0.00591	0.00483	0.00537	0.00913
12	0.00654	0.00467	0.00623	0.00747	0.00779	0.00436	0.00498	0.00747	0.01028	0.01370	0.02959	0.80785	0.03550	0.01682	0.00685	0.00218	0.00311	0.01526	0.00498	0.00436
13	0.02005	0.02558	0.01521	0.01383	0.01659	0.78980	0.01037	0.02143	0.01521	0.01314	0.00830	0.00968	0.00691	0.00553	0.00484	0.00138	0.00968	0.00346	0.00277	0.00622

[dist]
# distance from previous block
# <min> <max>
0	3

[block]
# block no. 7 follows, 45 sequences, length 11
# corresponding to MSA columns:
# 279-289
name=unknown_H
#
# <colnr> <probs for GDERKNQSTAVLIFYWHMCP>
#	G	D	E	R	K	N	Q	S	T	A	V	L	I	F	Y	W	H	M	C	P
0	0.02041	0.01504	0.01611	0.01235	0.01665	0.01665	0.01020	0.75997	0.02524	0.03383	0.01289	0.01289	0.00913	0.00644	0.00537	0.00161	0.00591	0.00483	0.00537	0.00913
1	0.00989	0.00642	0.00896	0.00986	0.01133	0.00632	0.00859	0.01233	0.01260	0.07741	0.02784	0.05716	0.02948	0.01417	0.00725	0.00241	0.00491	0.68273	0.00508	0.00528
2	0.01435	0.81458	0.02813	0.00918	0.01378	0.02124	0.00918	0.01607	0.01091	0.01263	0.00746	0.00861	0.00689	0.00459	0.00344	0.00115	0.00574	0.00287	0.00230	0.00689
3	0.02041	0.01504	0.01611	0.01235	0.01665	0.01665	0.01020	0.75997	0.02524	0.03383	0.01289	0.01289	0.00913	0.00644	0.00537	0.00161	0.00591	0.00483	0.00537	0.00913
4	0.01762	0.01365	0.01454	0.01179	0.01558	0.01534	0.00953	0.47062	0.31913	0.02933	0.01643	0.01571	0.01200	0.00678	0.00541	0.00169	0.00525	0.00532	0.00541	0.00888
5	0.78558	0.01028	0.00824	0.00725	0.01064	0.01172	0.00597	0.01658	0.00962	0.08254	0.00853	0.00946	0.00639	0.00511	0.00348	0.00166	0.00418	0.00310	0.00358	0.00607
6	0.00828	0.00619	0.00793	0.00837	0.00969	0.00611	0.00670	0.01161	0.08191	0.01771	0.24111	0.15991	0.09829	0.01324	0.00676	0.00209	0.00374	0.29990	0.00527	0.00518
7	0.01858	0.01916	0.01572	0.08501	0.01827	0.37576	0.01084	0.28567	0.01782	0.02061	0.00996	0.01143	0.00774	0.00617	0.00615	0.00158	0.07450	0.00418	0.00363	0.00722
8	0.01292	0.00941	0.01118	0.00951	0.01207	0.01019	0.00762	0.28521	0.01525	0.02162	0.01375	0.01705	0.01139	0.02063	0.33993	0.00449	0.00895	0.00509	0.10062	0.08310
9	0.07886	0.01155	0.01267	0.08247	0.01583	0.01308	0.00893	0.23064	0.34343	0.02466	0.08087	0.01931	0.03997	0.00720	0.00536	0.00173	0.00478	0.00583	0.00501	0.00782
10	0.01424	0.01186	0.01658	0.44033	0.09151	0.01376	0.01328	0.29297	0.01628	0.02156	0.01084	0.01369	0.00801	0.00572	0.00536	0.00171	0.00662	0.00479	0.00352	0.00736

[dist]
# distance from previous block
# <min> <max>
3	25

[block]
# block no. 8 follows, 45 sequences, length 27
# corresponding to MSA columns:
# 317-323,325-344
name=unknown_I
#
# <colnr> <probs for GDERKNQSTAVLIFYWHMCP>
#	G	D	E	R	K	N	Q	S	T	A	V	L	I	F	Y	W	H	M	C	P
0	0.01242	0.00916	0.01294	0.01462	0.21941	0.00833	0.00894	0.03741	0.01364	0.11742	0.23803	0.02300	0.05553	0.00710	0.00536	0.00146	0.00428	0.00623	0.00443	0.20029
1	0.00839	0.00660	0.00812	0.00759	0.00975	0.00563	0.00589	0.01037	0.01207	0.01675	0.16392	0.19674	0.13952	0.01121	0.00594	0.00168	0.00351	0.13401	0.00462	0.24768
2	0.01785	0.00890	0.01125	0.00916	0.01237	0.00849	0.00736	0.09328	0.09383	0.41052	0.23863	0.02424	0.02401	0.00794	0.00567	0.00168	0.00408	0.00666	0.00619	0.00789
3	0.01930	0.00929	0.01197	0.00896	0.01334	0.00762	0.00732	0.02149	0.01380	0.49941	0.01688	0.01563	0.01132	0.00566	0.00487	0.00134	0.00435	0.00458	0.00536	0.31751
4	0.01113	0.00954	0.01113	0.00795	0.01272	0.00716	0.00636	0.01352	0.01113	0.01749	0.00954	0.01113	0.00795	0.00398	0.00398	0.00080	0.00398	0.00318	0.00318	0.84417
5	0.01240	0.00998	0.01144	0.00873	0.01306	0.00863	0.00694	0.01772	0.18610	0.06344	0.01306	0.01360	0.01021	0.00490	0.00440	0.00108	0.00407	0.00398	0.00391	0.60234
6	0.01014	0.00954	0.01610	0.79845	0.03697	0.01193	0.01491	0.01371	0.01073	0.01371	0.00954	0.01431	0.00716	0.00537	0.00537	0.00179	0.00716	0.00477	0.00239	0.00596
7	0.01329	0.01275	0.02179	0.03295	0.77787	0.01275	0.01647	0.01647	0.01222	0.01754	0.01010	0.01329	0.00850	0.00478	0.00531	0.00159	0.00638	0.00478	0.00266	0.00850
8	0.01329	0.01275	0.02179	0.03295	0.77787	0.01275	0.01647	0.01647	0.01222	0.01754	0.01010	0.01329	0.00850	0.00478	0.00531	0.00159	0.00638	0.00478	0.00266	0.00850
9	0.01014	0.00954	0.01610	0.79845	0.03697	0.01193	0.01491	0.01371	0.01073	0.01371	0.00954	0.01431	0.00716	0.00537	0.00537	0.00179	0.00716	0.00477	0.00239	0.00596
10	0.01510	0.00760	0.00982	0.00863	0.01112	0.00713	0.00667	0.01862	0.10665	0.34426	0.18866	0.20551	0.02700	0.01002	0.00595	0.00181	0.00375	0.00870	0.00595	0.00706
11	0.02408	0.00914	0.01246	0.00955	0.01370	0.00789	0.00789	0.02616	0.01536	0.78158	0.02118	0.01827	0.01329	0.00664	0.00540	0.00166	0.00457	0.00540	0.00664	0.00914
12	0.01113	0.00954	0.01113	0.00795	0.01272	0.00716	0.00636	0.01352	0.01113	0.01749	0.00954	0.01113	0.00795	0.00398	0.00398	0.00080	0.00398	0.00318	0.00318	0.84417
13	0.01032	0.00973	0.01643	0.75419	0.07981	0.01197	0.01500	0.01387	0.01082	0.01394	0.00957	0.01425	0.00723	0.00533	0.00536	0.00178	0.00711	0.00477	0.00240	0.00611
14	0.01113	0.00954	0.01113	0.00795	0.01272	0.00716	0.00636	0.01352	0.01113	0.01749	0.00954	0.01113	0.00795	0.00398	0.00398	0.00080	0.00398	0.00318	0.00318	0.84417
15	0.01113	0.00954	0.01113	0.00795	0.01272	0.00716	0.00636	0.01352	0.01113	0.01749	0.00954	0.01113	0.00795	0.00398	0.00398	0.00080	0.00398	0.00318	0.00318	0.84417
16	0.02039	0.01561	0.01606	0.01243	0.01664	0.05910	0.01021	0.71941	0.02469	0.03269	0.01264	0.01271	0.00901	0.00639	0.00534	0.00160	0.00611	0.00476	0.00523	0.00897
17	0.01267	0.01448	0.03167	0.02262	0.02805	0.01357	0.75837	0.01719	0.01267	0.01719	0.01086	0.01448	0.00814	0.00452	0.00633	0.00181	0.00905	0.00633	0.00271	0.00724
18	0.01330	0.01249	0.01285	0.01101	0.01364	0.17759	0.08478	0.05301	0.11587	0.07702	0.08959	0.08229	0.18577	0.00902	0.00624	0.00173	0.03543	0.00752	0.00447	0.00638
19	0.01507	0.00895	0.01018	0.00838	0.01123	0.00896	0.00671	0.23070	0.01672	0.17062	0.12128	0.02328	0.09555	0.00770	0.00516	0.00154	0.00396	0.00625	0.21529	0.03249
20	0.00634	0.00544	0.00544	0.00544	0.00725	0.00453	0.00408	0.00770	0.01224	0.01450	0.05438	0.05166	0.77569	0.01359	0.00634	0.00181	0.00272	0.01133	0.00498	0.00453
21	0.01066	0.00904	0.01063	0.00790	0.01221	0.00687	0.00622	0.01289	0.01104	0.01710	0.01161	0.09321	0.01079	0.00530	0.00427	0.00094	0.00389	0.00442	0.00337	0.75765
22	0.01077	0.02777	0.78354	0.01530	0.02323	0.01247	0.01983	0.01700	0.01133	0.01700	0.00963	0.01133	0.00680	0.00510	0.00510	0.00170	0.00793	0.00397	0.00227	0.00793
23	0.01228	0.01166	0.02186	0.02172	0.26168	0.01123	0.30441	0.01608	0.03103	0.04977	0.13882	0.02133	0.01704	0.00643	0.00601	0.00175	0.00658	0.04947	0.00358	0.00726
24	0.06521	0.01276	0.01512	0.21671	0.02121	0.01446	0.01092	0.42491	0.08430	0.06195	0.01286	0.01389	0.00924	0.00616	0.00526	0.00168	0.00592	0.00484	0.00454	0.00806
25	0.00894	0.00773	0.05318	0.03030	0.01074	0.00615	0.00651	0.01168	0.01411	0.04072	0.54914	0.03183	0.03809	0.00908	0.00578	0.00153	0.00330	0.00793	0.00512	0.15815
26	0.01155	0.00843	0.01109	0.00874	0.01228	0.00686	0.04960	0.01374	0.01197	0.11123	0.08273	0.16224	0.03633	0.00755	0.00508	0.00132	0.00403	0.00663	0.00419	0.44442

[dist]
# distance from previous block
# <min> <max>
0	30

[block]
# block no. 9 follows, 45 sequences, length 17
# corresponding to MSA columns:
# 378-394
name=unknown_J
#
# <colnr> <probs for GDERKNQSTAVLIFYWHMCP>
#	G	D	E	R	K	N	Q	S	T	A	V	L	I	F	Y	W	H	M	C	P
0	0.10205	0.09430	0.18596	0.00986	0.01413	0.04346	0.00969	0.04137	0.04385	0.01921	0.19913	0.01820	0.01827	0.00642	0.00484	0.00145	0.00503	0.00510	0.00373	0.17395
1	0.01237	0.01443	0.18481	0.01014	0.01460	0.05772	0.00976	0.11458	0.04580	0.05545	0.02211	0.02207	0.19838	0.00730	0.00519	0.00148	0.00521	0.00584	0.00395	0.20880
2	0.00924	0.00696	0.00873	0.00840	0.00998	0.00710	0.00640	0.08464	0.06566	0.01822	0.19496	0.23586	0.04178	0.01756	0.16283	0.00321	0.00574	0.05463	0.00474	0.05336
3	0.01558	0.01383	0.06569	0.14028	0.20906	0.01361	0.06500	0.29213	0.01687	0.05523	0.01151	0.01336	0.00857	0.00553	0.00533	0.00161	0.00640	0.00480	0.00380	0.05180
4	0.01232	0.01237	0.06964	0.44482	0.10256	0.05670	0.01392	0.01660	0.07453	0.06249	0.01108	0.01425	0.00839	0.00587	0.00632	0.00178	0.07187	0.00478	0.00294	0.00677
5	0.01244	0.01149	0.01888	0.19657	0.27104	0.01133	0.11941	0.04170	0.01221	0.03348	0.01028	0.01325	0.00814	0.00478	0.00514	0.00147	0.00629	0.00462	0.00291	0.21458
6	0.01402	0.17345	0.01958	0.01315	0.01633	0.23178	0.19354	0.01660	0.04821	0.01387	0.01136	0.01689	0.01051	0.18678	0.01003	0.00232	0.00748	0.00516	0.00290	0.00605
7	0.00927	0.00740	0.00929	0.12387	0.01309	0.00826	0.00696	0.01352	0.18026	0.01457	0.01970	0.20192	0.02041	0.28698	0.01378	0.00310	0.03302	0.02537	0.00402	0.00521
8	0.01384	0.01028	0.01194	0.01003	0.01195	0.01196	0.00799	0.28898	0.01518	0.02192	0.01325	0.01762	0.01131	0.11649	0.04833	0.00251	0.18147	0.00528	0.19320	0.00648
9	0.00921	0.00931	0.12859	0.00900	0.01145	0.00664	0.00840	0.01228	0.01390	0.05909	0.43191	0.03955	0.03699	0.01079	0.00636	0.00188	0.00408	0.18974	0.00514	0.00569
10	0.02041	0.01504	0.01611	0.01235	0.01665	0.01665	0.01020	0.75997	0.02524	0.03383	0.01289	0.01289	0.00913	0.00644	0.00537	0.00161	0.00591	0.00483	0.00537	0.00913
11	0.01177	0.01016	0.01063	0.00969	0.01245	0.01136	0.00750	0.02383	0.59782	0.02066	0.02918	0.02716	0.18750	0.00871	0.00566	0.00182	0.00390	0.00725	0.00535	0.00760
12	0.01106	0.00917	0.01072	0.00818	0.01223	0.00738	0.00641	0.06467	0.01198	0.01804	0.01289	0.13519	0.01232	0.00615	0.00452	0.00107	0.00398	0.00517	0.00361	0.65525
13	0.01950	0.10230	0.01647	0.01338	0.01632	0.71507	0.01026	0.02091	0.01479	0.01309	0.00822	0.00958	0.00691	0.00544	0.00470	0.00136	0.00930	0.00340	0.00272	0.00629
14	0.00654	0.00467	0.00623	0.00747	0.00779	0.00436	0.00498	0.00747	0.01028	0.01370	0.02959	0.80785	0.03550	0.01682	0.00685	0.00218	0.00311	0.01526	0.00498	0.00436
15	0.01780	0.01266	0.01422	0.01137	0.01494	0.01397	0.00929	0.53297	0.05194	0.07689	0.01408	0.01516	0.01055	0.01325	0.16215	0.00302	0.00745	0.00510	0.00496	0.00824
16	0.10958	0.15710	0.03001	0.00995	0.01394	0.01404	0.00849	0.22608	0.15301	0.03619	0.05222	0.01415	0.01168	0.00593	0.00464	0.00145	0.00492	0.00448	0.00425	0.13790

[dist]
# distance from previous block
# <min> <max>
29	135

[block]
# block no. 10 follows, 45 sequences, length 14
# corresponding to MSA columns:
# 558-562,570-578
name=unknown_K
#
# <colnr> <probs for GDERKNQSTAVLIFYWHMCP>
#	G	D	E	R	K	N	Q	S	T	A	V	L	I	F	Y	W	H	M	C	P
0	0.14257	0.19617	0.10931	0.08425	0.14267	0.03183	0.07812	0.07416	0.01253	0.06691	0.00994	0.01170	0.00769	0.00510	0.00465	0.00155	0.00630	0.00412	0.00308	0.00736
1	0.26135	0.00688	0.00717	0.00744	0.00878	0.00732	0.00558	0.01090	0.00971	0.01644	0.01911	0.18103	0.02103	0.23534	0.01165	0.00294	0.00443	0.17428	0.00399	0.00462
2	0.01113	0.00954	0.01113	0.00795	0.01272	0.00716	0.00636	0.01352	0.01113	0.01749	0.00954	0.01113	0.00795	0.00398	0.00398	0.00080	0.00398	0.00318	0.00318	0.84417
3	0.01077	0.02777	0.78354	0.01530	0.02323	0.01247	0.01983	0.01700	0.01133	0.01700	0.00963	0.01133	0.00680	0.00510	0.00510	0.00170	0.00793	0.00397	0.00227	0.00793
4	0.01113	0.00954	0.01113	0.00795	0.01272	0.00716	0.00636	0.01352	0.01113	0.01749	0.00954	0.01113	0.00795	0.00398	0.00398	0.00080	0.00398	0.00318	0.00318	0.84417
5	0.01526	0.01210	0.01281	0.01090	0.01419	0.01372	0.00865	0.25261	0.48049	0.02577	0.01875	0.01783	0.01395	0.00694	0.00530	0.00171	0.00462	0.00561	0.07037	0.00842
6	0.01113	0.00954	0.01113	0.00795	0.01272	0.00716	0.00636	0.01352	0.01113	0.01749	0.00954	0.01113	0.00795	0.00398	0.00398	0.00080	0.00398	0.00318	0.00318	0.84417
7	0.01014	0.00954	0.01610	0.79845	0.03697	0.01193	0.01491	0.01371	0.01073	0.01371	0.00954	0.01431	0.00716	0.00537	0.00537	0.00179	0.00716	0.00477	0.00239	0.00596
8	0.01306	0.01253	0.02139	0.08688	0.72567	0.01270	0.01636	0.01628	0.01212	0.01727	0.01006	0.01336	0.00841	0.00482	0.00532	0.00161	0.00643	0.00478	0.00264	0.00832
9	0.01041	0.00982	0.01660	0.73130	0.10196	0.01200	0.01504	0.01396	0.01086	0.01405	0.00959	0.01422	0.00727	0.00532	0.00536	0.00177	0.00709	0.00477	0.00241	0.00619
10	0.00754	0.00554	0.00698	0.00761	0.00854	0.00526	0.00554	0.04304	0.01213	0.01606	0.13090	0.47819	0.13740	0.01489	0.00671	0.00207	0.00333	0.09839	0.00512	0.00477
11	0.00987	0.00979	0.00839	0.00833	0.00975	0.18280	0.00606	0.01145	0.01318	0.01598	0.24414	0.26469	0.17127	0.01197	0.00615	0.00179	0.00436	0.01025	0.00475	0.00502
12	0.01474	0.01473	0.02426	0.01773	0.02263	0.06811	0.43623	0.18553	0.01550	0.02072	0.01096	0.01334	0.00826	0.00496	0.00570	0.00160	0.00771	0.00537	0.00338	0.11854
13	0.01053	0.00774	0.00850	0.00762	0.00991	0.00752	0.00595	0.17952	0.01542	0.05389	0.10373	0.10501	0.41675	0.01175	0.00616	0.00180	0.00361	0.03353	0.00523	0.00583

[dist]
# distance from previous block
# <min> <max>
17	105

[block]
# block no. 11 follows, 45 sequences, length 16
# corresponding to MSA columns:
# 710-725
name=unknown_L
#
# <colnr> <probs for GDERKNQSTAVLIFYWHMCP>
#	G	D	E	R	K	N	Q	S	T	A	V	L	I	F	Y	W	H	M	C	P
0	0.06377	0.03933	0.01151	0.00893	0.01247	0.02702	0.00716	0.05612	0.15549	0.12648	0.08473	0.04500	0.04138	0.00690	0.00497	0.00144	0.00424	0.02650	0.00459	0.27197
1	0.01501	0.13049	0.03575	0.01007	0.01408	0.15417	0.00845	0.07468	0.06410	0.08797	0.01358	0.01526	0.03903	0.00581	0.00464	0.00129	0.00560	0.03114	0.00373	0.28514
2	0.00836	0.00638	0.00811	0.00774	0.00930	0.00615	0.02572	0.03543	0.06439	0.01918	0.37649	0.13504	0.16411	0.01178	0.00633	0.00184	0.00325	0.07576	0.02934	0.00530
3	0.01113	0.00954	0.01113	0.00795	0.01272	0.00716	0.00636	0.01352	0.01113	0.01749	0.00954	0.01113	0.00795	0.00398	0.00398	0.00080	0.00398	0.00318	0.00318	0.84417
4	0.01304	0.01324	0.02402	0.02399	0.29988	0.01323	0.33184	0.01927	0.16837	0.01841	0.01285	0.01519	0.00998	0.00519	0.00578	0.00173	0.00708	0.00571	0.00326	0.00796
5	0.01113	0.00954	0.01113	0.00795	0.01272	0.00716	0.00636	0.01352	0.01113	0.01749	0.00954	0.01113	0.00795	0.00398	0.00398	0.00080	0.00398	0.00318	0.00318	0.84417
6	0.01742	0.00942	0.01258	0.01015	0.01338	0.00906	0.05183	0.17168	0.01643	0.34737	0.13535	0.14227	0.02127	0.00871	0.00581	0.00174	0.00457	0.00752	0.00578	0.00766
7	0.01113	0.00954	0.01113	0.00795	0.01272	0.00716	0.00636	0.01352	0.01113	0.01749	0.00954	0.01113	0.00795	0.00398	0.00398	0.00080	0.00398	0.00318	0.00318	0.84417
8	0.01014	0.00954	0.01610	0.79845	0.03697	0.01193	0.01491	0.01371	0.01073	0.01371	0.00954	0.01431	0.00716	0.00537	0.00537	0.00179	0.00716	0.00477	0.00239	0.00596
9	0.01002	0.00633	0.00742	0.00699	0.00910	0.00560	0.00553	0.01213	0.03268	0.14813	0.12839	0.04483	0.44835	0.01208	0.00629	0.00185	0.00333	0.10002	0.00539	0.00554
10	0.01227	0.01028	0.01110	0.01028	0.01281	0.01165	0.00785	0.05773	0.57774	0.02117	0.02303	0.18223	0.02000	0.00921	0.00574	0.00189	0.00409	0.00791	0.00536	0.00767
11	0.01437	0.01204	0.01271	0.01113	0.01435	0.01383	0.00874	0.13452	0.66051	0.02410	0.02055	0.01899	0.01533	0.00716	0.00545	0.00179	0.00449	0.00589	0.00545	0.00859
12	0.01298	0.01254	0.01312	0.17261	0.01866	0.13048	0.00925	0.03956	0.15015	0.01743	0.01169	0.01324	0.00920	0.00518	0.00471	0.00130	0.00562	0.00413	0.00343	0.36472
13	0.01342	0.00965	0.01137	0.00999	0.01261	0.01019	0.03029	0.17116	0.23407	0.10139	0.04355	0.23018	0.07880	0.01007	0.00592	0.00185	0.00431	0.00869	0.00533	0.00716
14	0.01105	0.00906	0.01024	0.00873	0.01179	0.00866	0.00666	0.04167	0.24071	0.01862	0.01784	0.17061	0.01656	0.03863	0.00592	0.00159	0.00395	0.00671	0.03201	0.33899
15	0.00912	0.00691	0.01009	0.00934	0.01109	0.00657	0.08473	0.01190	0.06684	0.06268	0.09039	0.36620	0.11587	0.01392	0.04237	0.00227	0.00445	0.04946	0.00481	0.03100

[dist]
# distance from previous block
# <min> <max>
14	53

[block]
# block no. 12 follows, 45 sequences, length 13
# corresponding to MSA columns:
# 786-798
name=unknown_M
#
# <colnr> <probs for GDERKNQSTAVLIFYWHMCP>
#	G	D	E	R	K	N	Q	S	T	A	V	L	I	F	Y	W	H	M	C	P
0	0.01553	0.01531	0.01775	0.04126	0.07153	0.19478	0.14059	0.09598	0.13057	0.06258	0.03114	0.01536	0.02942	0.00654	0.00701	0.00173	0.10670	0.00525	0.00372	0.00726
