[name]
unknown

[dist]
# distance from previous block
# <min> <max>
0	18

[block]
# block no. 0 follows, 48 sequences, length 39
# corresponding to MSA columns:
# 38-76
name=unknown_A
#
# <colnr> <probs for GDERKNQSTAVLIFYWHMCP>
#	G	D	E	R	K	N	Q	S	T	A	V	L	I	F	Y	W	H	M	C	P
0	0.02350	0.09607	0.26831	0.01230	0.03395	0.02424	0.05063	0.04466	0.02473	0.07717	0.02731	0.02384	0.02812	0.00761	0.00582	0.00175	0.03847	0.18349	0.00345	0.02458
1	0.11821	0.03266	0.44866	0.01446	0.04773	0.01191	0.11803	0.02871	0.04218	0.05822	0.01019	0.01166	0.00737	0.00493	0.00481	0.00161	0.00677	0.00414	0.00277	0.02499
2	0.05293	0.01485	0.09995	0.01504	0.13784	0.12782	0.06225	0.11634	0.11096	0.16740	0.03493	0.01427	0.01063	0.00571	0.00504	0.00157	0.00605	0.00473	0.00403	0.00765
3	0.01600	0.08025	0.13200	0.01218	0.01605	0.34417	0.02805	0.14236	0.05870	0.03173	0.01230	0.01302	0.05093	0.00577	0.00478	0.00143	0.00717	0.00420	0.00330	0.03561
4	0.04355	0.14274	0.07890	0.01301	0.12047	0.06103	0.02499	0.11826	0.06081	0.04624	0.02486	0.01197	0.00889	0.00496	0.00441	0.00128	0.00539	0.00391	0.00332	0.22099
5	0.01023	0.11751	0.01627	0.01162	0.01423	0.00951	0.20932	0.01230	0.01076	0.05784	0.01815	0.36621	0.01936	0.00978	0.00616	0.00175	0.03827	0.00906	0.00372	0.05795
6	0.01296	0.36525	0.36110	0.01195	0.01750	0.12243	0.01340	0.01645	0.01116	0.01397	0.00815	0.00951	0.00655	0.00472	0.00417	0.00136	0.00692	0.00328	0.00224	0.00694
7	0.03013	0.06116	0.18205	0.06314	0.01971	0.01258	0.21278	0.03281	0.24839	0.01807	0.01343	0.01466	0.01009	0.00544	0.00512	0.00164	0.00621	0.00505	0.05033	0.00722
8	0.01870	0.12476	0.01691	0.01147	0.01554	0.06004	0.00963	0.62627	0.02173	0.02848	0.01137	0.01159	0.00832	0.00587	0.00485	0.00147	0.00583	0.00429	0.00460	0.00828
9	0.01171	0.00900	0.01040	0.00918	0.01143	0.00996	0.00720	0.19109	0.22933	0.02045	0.12203	0.02186	0.06021	0.01561	0.19142	0.05573	0.00641	0.00612	0.00447	0.00642
10	0.00695	0.00522	0.00636	0.00608	0.00737	0.00471	0.00451	0.00896	0.01343	0.01828	0.55339	0.04104	0.24291	0.04985	0.00701	0.00181	0.00259	0.00960	0.00529	0.00462
11	0.01276	0.01102	0.01160	0.01044	0.01334	0.01276	0.00812	0.02727	0.77840	0.02146	0.02088	0.01914	0.01566	0.00696	0.00522	0.00174	0.00406	0.00580	0.00522	0.00812
12	0.00814	0.00582	0.00813	0.00931	0.01043	0.00580	0.00805	0.01042	0.01169	0.01522	0.02724	0.10481	0.02980	0.01429	0.00705	0.00235	0.00462	0.70743	0.00473	0.00469
13	0.06196	0.00755	0.06896	0.00764	0.00971	0.00598	0.00630	0.01181	0.01201	0.13043	0.22923	0.28558	0.10152	0.01099	0.00576	0.00175	0.00344	0.00958	0.00489	0.02491
14	0.01351	0.77349	0.07430	0.00914	0.01373	0.01978	0.00941	0.01542	0.01045	0.01233	0.00726	0.00839	0.00658	0.00442	0.00339	0.00113	0.00562	0.00281	0.00219	0.00665
15	0.00687	0.00514	0.00637	0.00626	0.00747	0.00464	0.00462	0.00884	0.01330	0.01813	0.52519	0.13910	0.21169	0.01176	0.00612	0.00170	0.00253	0.01030	0.00534	0.00464
16	0.00625	0.00447	0.00595	0.00714	0.00744	0.00417	0.00476	0.00714	0.00982	0.01310	0.02828	0.81633	0.03394	0.01608	0.00655	0.00208	0.00298	0.01459	0.00476	0.00417
17	0.01354	0.01994	0.30546	0.01872	0.17717	0.16338	0.14939	0.01750	0.01217	0.06011	0.00989	0.01182	0.00744	0.00488	0.00510	0.00156	0.00761	0.00434	0.00265	0.00733
18	0.01109	0.08522	0.50409	0.01612	0.02264	0.01294	0.22950	0.01616	0.01111	0.01591	0.00933	0.01148	0.00687	0.00475	0.00530	0.00162	0.02193	0.00436	0.00229	0.00728
19	0.01090	0.02229	0.53790	0.01697	0.02375	0.01227	0.26988	0.01631	0.01126	0.01631	0.00960	0.01184	0.00693	0.00469	0.00527	0.00166	0.00794	0.00455	0.00231	0.00736
20	0.01275	0.01661	0.25908	0.02137	0.34981	0.03115	0.04092	0.01713	0.05407	0.07388	0.01070	0.01268	0.00823	0.00525	0.00589	0.00163	0.06384	0.00446	0.00284	0.00773
21	0.01094	0.07476	0.71948	0.01408	0.02134	0.01228	0.01794	0.01649	0.01094	0.04240	0.00946	0.01090	0.00672	0.00490	0.00479	0.00159	0.00734	0.00377	0.00231	0.00756
22	0.00691	0.00508	0.00707	0.05929	0.00994	0.00501	0.00614	0.00829	0.01029	0.01359	0.02680	0.59863	0.03122	0.01495	0.00658	0.00212	0.00361	0.17548	0.00459	0.00439
23	0.01110	0.08149	0.63347	0.01363	0.02034	0.01253	0.01681	0.07503	0.01170	0.01697	0.00956	0.01128	0.00703	0.00681	0.04894	0.00195	0.00762	0.00388	0.00243	0.00743
24	0.01248	0.25882	0.47483	0.01299	0.04407	0.01402	0.01487	0.01673	0.01107	0.08178	0.00956	0.01070	0.00711	0.00485	0.00444	0.00146	0.00664	0.00363	0.00255	0.00741
25	0.01176	0.02070	0.49564	0.01383	0.01986	0.01197	0.07453	0.01949	0.20181	0.06063	0.01281	0.01350	0.00922	0.00543	0.00507	0.00166	0.00661	0.00454	0.00319	0.00773
26	0.01410	0.00986	0.01180	0.00996	0.01260	0.01093	0.00803	0.34149	0.05247	0.08243	0.01398	0.01650	0.01117	0.02043	0.35455	0.00450	0.00903	0.00510	0.00418	0.00687
27	0.01643	0.08039	0.01468	0.11776	0.01675	0.06655	0.05887	0.10316	0.01370	0.30211	0.01534	0.08039	0.01193	0.00911	0.06749	0.00211	0.00619	0.00554	0.00438	0.00712
28	0.02302	0.00873	0.01191	0.00913	0.01310	0.00754	0.00754	0.02501	0.01469	0.79122	0.02024	0.01746	0.01270	0.00635	0.00516	0.00159	0.00437	0.00516	0.00635	0.00873
29	0.00726	0.00524	0.00686	0.00646	0.00767	0.00484	0.00484	0.00968	0.01452	0.02058	0.78496	0.03833	0.04841	0.01049	0.00605	0.00161	0.00242	0.00928	0.00565	0.00484
30	0.00635	0.00451	0.00593	0.00702	0.00730	0.00423	0.00463	0.00717	0.00964	0.01285	0.02733	0.75486	0.03274	0.07918	0.00809	0.00231	0.00313	0.01403	0.00463	0.00408
31	0.72389	0.02810	0.00876	0.00727	0.01059	0.01165	0.00602	0.05918	0.01012	0.08364	0.00847	0.00928	0.00632	0.00496	0.00345	0.00157	0.00413	0.00307	0.00352	0.00601
32	0.50285	0.00942	0.00939	0.00776	0.01127	0.00983	0.00640	0.01929	0.01126	0.34866	0.01270	0.01221	0.00859	0.00544	0.00402	0.00159	0.00414	0.00379	0.00452	0.00690
33	0.01951	0.01437	0.01540	0.01181	0.01591	0.01591	0.00975	0.77056	0.02412	0.03234	0.01232	0.01232	0.00873	0.00616	0.00513	0.00154	0.00565	0.00462	0.00513	0.00873
34	0.01372	0.82276	0.02689	0.00878	0.01317	0.02030	0.00878	0.01536	0.01043	0.01207	0.00713	0.00823	0.00658	0.00439	0.00329	0.00110	0.00549	0.00274	0.00219	0.00658
35	0.01067	0.11482	0.70814	0.01398	0.02121	0.01285	0.01783	0.01615	0.01079	0.01579	0.00898	0.01054	0.00651	0.00482	0.00470	0.00157	0.00735	0.00368	0.00217	0.00747
36	0.01304	0.01297	0.02092	0.02997	0.70703	0.05735	0.05143	0.01605	0.01187	0.01651	0.00959	0.01256	0.00802	0.00460	0.00510	0.00152	0.00640	0.00457	0.00255	0.00794
37	0.01698	0.02800	0.03602	0.01222	0.05836	0.33659	0.00917	0.19668	0.01571	0.07678	0.02782	0.01389	0.00990	0.05833	0.00613	0.00164	0.00672	0.00436	0.07802	0.00669
38	0.00956	0.00478	0.00478	0.00478	0.00598	0.00478	0.00359	0.01196	0.01076	0.01913	0.01674	0.01913	0.01315	0.00598	0.00359	0.00120	0.00239	0.00478	0.84816	0.00478

[dist]
# distance from previous block
# <min> <max>
3	7

[block]
# block no. 1 follows, 48 sequences, length 57
# corresponding to MSA columns:
# 84-98,100-141
name=unknown_B
#
# <colnr> <probs for GDERKNQSTAVLIFYWHMCP>
#	G	D	E	R	K	N	Q	S	T	A	V	L	I	F	Y	W	H	M	C	P
0	0.00688	0.00564	0.00671	0.00722	0.05449	0.00498	0.00494	0.00867	0.01267	0.01634	0.30096	0.04336	0.48549	0.01162	0.00600	0.00168	0.00275	0.00992	0.00493	0.00474
1	0.33637	0.11764	0.01810	0.01671	0.22933	0.01304	0.15168	0.01577	0.01053	0.03481	0.00872	0.01075	0.00697	0.00461	0.00430	0.00153	0.00564	0.00393	0.00283	0.00673
2	0.00969	0.00912	0.01539	0.80734	0.03534	0.01140	0.01425	0.01311	0.01026	0.01311	0.00912	0.01368	0.00684	0.00513	0.00513	0.00171	0.00684	0.00456	0.00228	0.00570
3	0.01211	0.01384	0.03028	0.02163	0.02682	0.01298	0.76903	0.01644	0.01211	0.01644	0.01038	0.01384	0.00779	0.00433	0.00606	0.00173	0.00865	0.00606	0.00260	0.00692
4	0.02302	0.00873	0.01191	0.00913	0.01310	0.00754	0.00754	0.02501	0.01469	0.79122	0.02024	0.01746	0.01270	0.00635	0.00516	0.00159	0.00437	0.00516	0.00635	0.00873
5	0.00630	0.00450	0.00600	0.00711	0.00745	0.00420	0.00477	0.00727	0.01006	0.01347	0.06566	0.77789	0.03465	0.01580	0.00652	0.00206	0.00295	0.01432	0.00481	0.00420
6	0.00733	0.00550	0.00825	0.00825	0.00916	0.00641	0.00641	0.00916	0.00825	0.01191	0.01374	0.02016	0.01283	0.03848	0.79934	0.00825	0.01374	0.00550	0.00275	0.00458
7	0.02065	0.01254	0.01427	0.01094	0.01500	0.01320	0.00904	0.52881	0.02106	0.27841	0.01489	0.01399	0.01002	0.00622	0.00514	0.00156	0.00523	0.00479	0.00553	0.00873
8	0.00956	0.00478	0.00478	0.00478	0.00598	0.00478	0.00359	0.01196	0.01076	0.01913	0.01674	0.01913	0.01315	0.00598	0.00359	0.00120	0.00239	0.00478	0.84816	0.00478
9	0.00634	0.00453	0.00605	0.00719	0.00755	0.00424	0.00487	0.00733	0.01003	0.01340	0.05170	0.76937	0.03425	0.01584	0.00655	0.00208	0.00301	0.03667	0.00479	0.00421
10	0.01276	0.01102	0.01160	0.01044	0.01334	0.01276	0.00812	0.02727	0.77840	0.02146	0.02088	0.01914	0.01566	0.00696	0.00522	0.00174	0.00406	0.00580	0.00522	0.00812
11	0.00956	0.00478	0.00478	0.00478	0.00598	0.00478	0.00359	0.01196	0.01076	0.01913	0.01674	0.01913	0.01315	0.00598	0.00359	0.00120	0.00239	0.00478	0.84816	0.00478
12	0.01054	0.00625	0.00737	0.00732	0.03947	0.00623	0.00531	0.05502	0.04268	0.06691	0.21904	0.02461	0.02255	0.00743	0.00465	0.00142	0.00298	0.02855	0.43617	0.00552
13	0.01118	0.00944	0.01093	0.00785	0.01239	0.00739	0.00630	0.05883	0.01146	0.01767	0.00931	0.01074	0.00767	0.00394	0.00388	0.00081	0.00391	0.00314	0.00317	0.80000
14	0.01101	0.11788	0.68507	0.01381	0.02094	0.01277	0.01750	0.01637	0.01088	0.03530	0.00925	0.01070	0.00667	0.00486	0.00470	0.00156	0.00726	0.00371	0.00228	0.00750
15	0.05362	0.00956	0.01202	0.00935	0.01312	0.00904	0.00768	0.14946	0.03028	0.57236	0.06475	0.01754	0.01397	0.00652	0.00513	0.00158	0.00444	0.00524	0.00596	0.00836
16	0.01068	0.00955	0.01582	0.63509	0.13881	0.01133	0.01391	0.03232	0.01093	0.03821	0.01008	0.03303	0.00790	0.00538	0.00516	0.00169	0.00654	0.00482	0.00257	0.00617
17	0.22768	0.04729	0.20304	0.01088	0.02723	0.10800	0.02286	0.03149	0.13971	0.03290	0.05982	0.01476	0.04210	0.00594	0.00456	0.00158	0.00558	0.00448	0.00346	0.00666
18	0.03933	0.52493	0.02051	0.00881	0.01238	0.13704	0.00801	0.01481	0.01140	0.01319	0.05618	0.01531	0.10828	0.00598	0.00400	0.00126	0.00548	0.00423	0.00281	0.00607
19	0.00984	0.01317	0.26276	0.01010	0.01371	0.00812	0.01005	0.07647	0.01165	0.04646	0.01823	0.36352	0.01906	0.00982	0.00552	0.00172	0.00485	0.00855	0.00382	0.10259
20	0.01712	0.05307	0.10720	0.03307	0.04695	0.10667	0.01078	0.35691	0.10631	0.09200	0.01270	0.01289	0.00920	0.00584	0.00497	0.00154	0.00605	0.00446	0.00430	0.00799
21	0.01208	0.01178	0.03382	0.04637	0.69495	0.01153	0.01490	0.01502	0.01149	0.01638	0.01111	0.07649	0.01012	0.00550	0.00519	0.00157	0.00589	0.00535	0.00270	0.00775
22	0.01511	0.00840	0.01161	0.26714	0.01883	0.00887	0.00895	0.08471	0.01314	0.28299	0.01507	0.01618	0.01055	0.00585	0.00476	0.00153	0.00480	0.00483	0.20989	0.00679
23	0.01899	0.00923	0.01109	0.00880	0.01225	0.02500	0.00717	0.14742	0.01557	0.48133	0.02283	0.02101	0.12013	0.00720	0.00516	0.00157	0.00429	0.00580	0.06741	0.00777
24	0.79844	0.00984	0.00784	0.00691	0.01014	0.01124	0.00569	0.01577	0.00914	0.07603	0.00805	0.00897	0.00605	0.00487	0.00331	0.00159	0.00400	0.00294	0.00339	0.00578
25	0.00689	0.00517	0.00581	0.00565	0.00712	0.00458	0.00424	0.00874	0.01272	0.01704	0.33714	0.04199	0.41763	0.01130	0.00581	0.00163	0.00251	0.00961	0.08984	0.00458
26	0.00956	0.00478	0.00478	0.00478	0.00598	0.00478	0.00359	0.01196	0.01076	0.01913	0.01674	0.01913	0.01315	0.00598	0.00359	0.00120	0.00239	0.00478	0.84816	0.00478
27	0.00625	0.00447	0.00595	0.00714	0.00744	0.00417	0.00476	0.00714	0.00982	0.01310	0.02828	0.81633	0.03394	0.01608	0.00655	0.00208	0.00298	0.01459	0.00476	0.00417
28	0.02302	0.00873	0.01191	0.00913	0.01310	0.00754	0.00754	0.02501	0.01469	0.79122	0.02024	0.01746	0.01270	0.00635	0.00516	0.00159	0.00437	0.00516	0.00635	0.00873
29	0.00956	0.00478	0.00478	0.00478	0.00598	0.00478	0.00359	0.01196	0.01076	0.01913	0.01674	0.01913	0.01315	0.00598	0.00359	0.00120	0.00239	0.00478	0.84816	0.00478
30	0.01952	0.01401	0.01513	0.01164	0.01571	0.01542	0.00960	0.71575	0.04190	0.06956	0.01292	0.01274	0.00909	0.00619	0.00514	0.00155	0.00554	0.00467	0.00520	0.00871
31	0.00699	0.00515	0.00744	0.00792	0.00863	0.00559	0.00592	0.00852	0.00898	0.01250	0.01955	0.30364	0.02112	0.02936	0.47977	0.00578	0.00949	0.04565	0.00356	0.00444
32	0.01165	0.01243	0.02012	0.31647	0.06443	0.09176	0.25870	0.01485	0.01127	0.01453	0.03938	0.01393	0.00880	0.00548	0.00667	0.00172	0.09394	0.00510	0.00256	0.00620
33	0.00956	0.00478	0.00478	0.00478	0.00598	0.00478	0.00359	0.01196	0.01076	0.01913	0.01674	0.01913	0.01315	0.00598	0.00359	0.00120	0.00239	0.00478	0.84816	0.00478
34	0.01123	0.01123	0.01572	0.01347	0.01347	0.01572	0.01123	0.01235	0.00786	0.01235	0.00674	0.01123	0.00674	0.00898	0.01684	0.00225	0.81028	0.00449	0.00225	0.00561
35	0.01137	0.27719	0.55189	0.01278	0.01936	0.01456	0.01575	0.01597	0.01070	0.01493	0.00856	0.01001	0.00653	0.00472	0.00438	0.00146	0.00692	0.00346	0.00218	0.00727
36	0.13064	0.01888	0.01415	0.01332	0.06145	0.46045	0.00981	0.07804	0.02844	0.01594	0.00837	0.01004	0.00692	0.00578	0.00618	0.00152	0.11729	0.00363	0.00290	0.00624
37	0.01123	0.01123	0.01572	0.01347	0.01347	0.01572	0.01123	0.01235	0.00786	0.01235	0.00674	0.01123	0.00674	0.00898	0.01684	0.00225	0.81028	0.00449	0.00225	0.00561
38	0.01053	0.08275	0.73900	0.01421	0.02157	0.01251	0.01824	0.01619	0.01080	0.01595	0.00906	0.01065	0.00651	0.00484	0.00476	0.00159	0.00744	0.00372	0.00217	0.00751
39	0.00635	0.00454	0.00607	0.00726	0.00760	0.00425	0.00494	0.00732	0.00992	0.01321	0.02823	0.77886	0.03372	0.01598	0.00658	0.00210	0.00306	0.05107	0.00476	0.00420
40	0.00667	0.00503	0.00617	0.00630	0.00741	0.00453	0.00457	0.00839	0.01252	0.01680	0.38793	0.24603	0.24366	0.01264	0.00619	0.00177	0.00262	0.01109	0.00518	0.00453
41	0.01029	0.02654	0.79309	0.01462	0.02221	0.01192	0.01896	0.01625	0.01083	0.01625	0.00921	0.01083	0.00650	0.00487	0.00487	0.00162	0.00758	0.00379	0.00217	0.00758
42	0.00625	0.00447	0.00595	0.00714	0.00744	0.00417	0.00476	0.00714	0.00982	0.01310	0.02828	0.81633	0.03394	0.01608	0.00655	0.00208	0.00298	0.01459	0.00476	0.00417
43	0.00733	0.00550	0.00825	0.00825	0.00916	0.00641	0.00641	0.00916	0.00825	0.01191	0.01374	0.02016	0.01283	0.03848	0.79934	0.00825	0.01374	0.00550	0.00275	0.00458
44	0.01276	0.01102	0.01160	0.01044	0.01334	0.01276	0.00812	0.02727	0.77840	0.02146	0.02088	0.01914	0.01566	0.00696	0.00522	0.00174	0.00406	0.00580	0.00522	0.00812
45	0.01255	0.01204	0.02056	0.06917	0.75113	0.01215	0.01567	0.01562	0.01161	0.01659	0.00963	0.01275	0.00807	0.00460	0.00508	0.00153	0.00613	0.00457	0.00253	0.00801
46	0.00969	0.00912	0.01539	0.80734	0.03534	0.01140	0.01425	0.01311	0.01026	0.01311	0.00912	0.01368	0.00684	0.00513	0.00513	0.00171	0.00684	0.00456	0.00228	0.00570
47	0.01749	0.02168	0.01434	0.01408	0.07158	0.66098	0.00996	0.01890	0.01381	0.01290	0.00965	0.07363	0.00889	0.00617	0.00508	0.00142	0.02635	0.00432	0.00280	0.00596
48	0.00746	0.00497	0.00560	0.00560	0.00560	0.00497	0.00311	0.00746	0.00746	0.00995	0.01617	0.03358	0.01865	0.81967	0.02612	0.00497	0.00497	0.00746	0.00311	0.00311
49	0.00978	0.00925	0.01541	0.75924	0.03401	0.01166	0.01407	0.01306	0.01011	0.01306	0.00898	0.01353	0.00683	0.00536	0.00584	0.00174	0.05552	0.00456	0.00228	0.00569
50	0.00956	0.00478	0.00478	0.00478	0.00598	0.00478	0.00359	0.01196	0.01076	0.01913	0.01674	0.01913	0.01315	0.00598	0.00359	0.00120	0.00239	0.00478	0.84816	0.00478
51	0.01372	0.82276	0.02689	0.00878	0.01317	0.02030	0.00878	0.01536	0.01043	0.01207	0.00713	0.00823	0.00658	0.00439	0.00329	0.00110	0.00549	0.00274	0.00219	0.00658
52	0.00956	0.00478	0.00478	0.00478	0.00598	0.00478	0.00359	0.01196	0.01076	0.01913	0.01674	0.01913	0.01315	0.00598	0.00359	0.00120	0.00239	0.00478	0.84816	0.00478
53	0.42383	0.00951	0.00913	0.00718	0.01107	0.00912	0.00582	0.01398	0.00971	0.01980	0.00815	0.00951	0.00660	0.00427	0.00349	0.00116	0.00388	0.00291	0.00311	0.43775
54	0.30613	0.00987	0.00954	0.00873	0.01150	0.01126	0.00694	0.02052	0.40270	0.02130	0.04747	0.01969	0.04541	0.00701	0.00469	0.00172	0.00395	0.05037	0.00448	0.00674
55	0.01145	0.01378	0.15344	0.04105	0.35079	0.01110	0.12955	0.04642	0.01180	0.01669	0.01228	0.12095	0.01125	0.00619	0.00534	0.00162	0.00623	0.00596	0.00291	0.04119
56	0.01031	0.06030	0.08591	0.60538	0.11331	0.01207	0.01450	0.01381	0.01047	0.01372	0.00906	0.01299	0.00693	0.00500	0.00499	0.00165	0.00674	0.00438	0.00229	0.00618

[dist]
# distance from previous block
# <min> <max>
1	5

[block]
# block no. 2 follows, 48 sequences, length 9
# corresponding to MSA columns:
# 147-155
name=unknown_C
#
# <colnr> <probs for GDERKNQSTAVLIFYWHMCP>
#	G	D	E	R	K	N	Q	S	T	A	V	L	I	F	Y	W	H	M	C	P
0	0.01148	0.01148	0.05856	0.25752	0.29655	0.05318	0.01277	0.01514	0.04985	0.01590	0.01097	0.01400	0.00870	0.00525	0.00513	0.00155	0.02643	0.00455	0.13433	0.00666
1	0.00956	0.00478	0.00478	0.00478	0.00598	0.00478	0.00359	0.01196	0.01076	0.01913	0.01674	0.01913	0.01315	0.00598	0.00359	0.00120	0.00239	0.00478	0.84816	0.00478
2	0.01225	0.00990	0.01494	0.08930	0.19676	0.01041	0.07995	0.11954	0.04918	0.06474	0.03329	0.17679	0.01507	0.00781	0.00602	0.00171	0.04583	0.00695	0.05285	0.00671
3	0.00637	0.00452	0.00592	0.00699	0.00726	0.00425	0.00460	0.00718	0.00959	0.01278	0.02707	0.73814	0.03241	0.09635	0.00850	0.00237	0.00318	0.01388	0.00460	0.00406
4	0.06262	0.26712	0.12886	0.01171	0.01562	0.40603	0.01062	0.01802	0.01244	0.01352	0.00783	0.00912	0.00653	0.00493	0.00418	0.00131	0.00758	0.00317	0.00247	0.00635
5	0.01184	0.00860	0.01023	0.00781	0.01149	0.00719	0.00618	0.05465	0.03729	0.10237	0.14279	0.01733	0.01583	0.03681	0.00531	0.00123	0.00378	0.00467	0.00403	0.51059
6	0.20886	0.01290	0.07352	0.09575	0.07318	0.03290	0.20386	0.11220	0.05123	0.01964	0.01186	0.04032	0.03043	0.00560	0.00496	0.00165	0.00616	0.00503	0.00326	0.00671
7	0.00931	0.00817	0.01259	0.05464	0.32311	0.00813	0.00968	0.01186	0.03969	0.01554	0.08091	0.28799	0.09780	0.00984	0.00575	0.00176	0.00437	0.00897	0.00384	0.00605
8	0.01173	0.05864	0.28642	0.01584	0.17183	0.01185	0.02766	0.03713	0.18030	0.03414	0.01441	0.05136	0.03668	0.00605	0.00503	0.00160	0.00580	0.00514	0.00332	0.03506

[dist]
# distance from previous block
# <min> <max>
0	18

[block]
# block no. 3 follows, 48 sequences, length 51
# corresponding to MSA columns:
# 174-224
name=unknown_D
#
# <colnr> <probs for GDERKNQSTAVLIFYWHMCP>
#	G	D	E	R	K	N	Q	S	T	A	V	L	I	F	Y	W	H	M	C	P
0	0.01316	0.05063	0.23528	0.01322	0.07903	0.02553	0.06542	0.04166	0.01201	0.13111	0.03216	0.01280	0.00916	0.00508	0.00513	0.00138	0.03402	0.00417	0.00328	0.22577
1	0.04099	0.02988	0.21332	0.11066	0.08663	0.00954	0.02582	0.02719	0.01133	0.07835	0.03419	0.06478	0.03148	0.00595	0.00478	0.00146	0.00536	0.00501	0.05525	0.15803
2	0.01917	0.02445	0.01454	0.01322	0.01586	0.79907	0.00991	0.02049	0.01454	0.01256	0.00793	0.00925	0.00661	0.00529	0.00463	0.00132	0.00925	0.00330	0.00264	0.00595
3	0.01426	0.10201	0.20532	0.01207	0.03065	0.04473	0.05215	0.16501	0.08368	0.10983	0.07360	0.04263	0.01327	0.00642	0.00507	0.00158	0.00577	0.02057	0.00398	0.00740
4	0.22743	0.03637	0.12675	0.13104	0.03276	0.14054	0.01019	0.01524	0.01073	0.05669	0.01122	0.11096	0.01012	0.00664	0.00531	0.00165	0.05226	0.00501	0.00307	0.00602
5	0.01917	0.02445	0.01454	0.01322	0.01586	0.79907	0.00991	0.02049	0.01454	0.01256	0.00793	0.00925	0.00661	0.00529	0.00463	0.00132	0.00925	0.00330	0.00264	0.00595
6	0.00849	0.00730	0.01146	0.25295	0.06270	0.00783	0.05273	0.02702	0.02543	0.01437	0.04148	0.37764	0.04912	0.01070	0.00593	0.00188	0.00476	0.02919	0.00379	0.00524
7	0.00733	0.00550	0.00825	0.00825	0.00916	0.00641	0.00641	0.00916	0.00825	0.01191	0.01374	0.02016	0.01283	0.03848	0.79934	0.00825	0.01374	0.00550	0.00275	0.00458
8	0.01917	0.02445	0.01454	0.01322	0.01586	0.79907	0.00991	0.02049	0.01454	0.01256	0.00793	0.00925	0.00661	0.00529	0.00463	0.00132	0.00925	0.00330	0.00264	0.00595
9	0.01164	0.01301	0.02762	0.02008	0.02459	0.01252	0.66649	0.01552	0.01168	0.01594	0.01142	0.07072	0.00958	0.00546	0.00678	0.00179	0.05924	0.00656	0.00273	0.00664
10	0.01917	0.02445	0.01454	0.01322	0.01586	0.79907	0.00991	0.02049	0.01454	0.01256	0.00793	0.00925	0.00661	0.00529	0.00463	0.00132	0.00925	0.00330	0.00264	0.00595
11	0.00746	0.00497	0.00560	0.00560	0.00560	0.00497	0.00311	0.00746	0.00746	0.00995	0.01617	0.03358	0.01865	0.81967	0.02612	0.00497	0.00497	0.00746	0.00311	0.00311
12	0.03638	0.01383	0.02337	0.01706	0.02175	0.01397	0.43101	0.31466	0.01684	0.04207	0.01131	0.01319	0.00822	0.00511	0.00560	0.00165	0.00724	0.00538	0.00371	0.00764
13	0.85592	0.00992	0.00754	0.00675	0.00992	0.01151	0.00556	0.01508	0.00873	0.02302	0.00714	0.00834	0.00556	0.00476	0.00318	0.00159	0.00397	0.00278	0.00318	0.00556
14	0.00658	0.00478	0.00624	0.00717	0.00770	0.00451	0.00494	0.00803	0.02956	0.01416	0.10479	0.66542	0.06119	0.01511	0.00647	0.00203	0.00299	0.03910	0.00486	0.00436
15	0.00733	0.00550	0.00825	0.00825	0.00916	0.00641	0.00641	0.00916	0.00825	0.01191	0.01374	0.02016	0.01283	0.03848	0.79934	0.00825	0.01374	0.00550	0.00275	0.00458
16	0.00956	0.00478	0.00478	0.00478	0.00598	0.00478	0.00359	0.01196	0.01076	0.01913	0.01674	0.01913	0.01315	0.00598	0.00359	0.00120	0.00239	0.00478	0.84816	0.00478
17	0.01223	0.01162	0.01508	0.03340	0.32235	0.09008	0.03542	0.05688	0.12280	0.01807	0.12068	0.02035	0.08714	0.00669	0.00528	0.00157	0.00529	0.00590	0.02220	0.00698
18	0.00956	0.00478	0.00478	0.00478	0.00598	0.00478	0.00359	0.01196	0.01076	0.01913	0.01674	0.01913	0.01315	0.00598	0.00359	0.00120	0.00239	0.00478	0.84816	0.00478
19	0.01184	0.01165	0.01819	0.03669	0.34104	0.01408	0.03015	0.01389	0.00961	0.01432	0.00809	0.01195	0.00735	0.00694	0.01141	0.00192	0.43723	0.00456	0.00238	0.00671
20	0.00969	0.00912	0.01539	0.80734	0.03534	0.01140	0.01425	0.01311	0.01026	0.01311	0.00912	0.01368	0.00684	0.00513	0.00513	0.00171	0.00684	0.00456	0.00228	0.00570
21	0.01064	0.00912	0.01064	0.00760	0.01216	0.00684	0.00608	0.01292	0.01064	0.01672	0.00912	0.01064	0.00760	0.00380	0.00380	0.00076	0.00380	0.00304	0.00304	0.85104
22	0.00775	0.00580	0.00849	0.00837	0.00939	0.00674	0.00653	0.03534	0.00879	0.01261	0.01369	0.01989	0.01269	0.03737	0.77203	0.00802	0.01347	0.00547	0.00283	0.00472
23	0.01064	0.00912	0.01064	0.00760	0.01216	0.00684	0.00608	0.01292	0.01064	0.01672	0.00912	0.01064	0.00760	0.00380	0.00380	0.00076	0.00380	0.00304	0.00304	0.85104
24	0.01372	0.82276	0.02689	0.00878	0.01317	0.02030	0.00878	0.01536	0.01043	0.01207	0.00713	0.00823	0.00658	0.00439	0.00329	0.00110	0.00549	0.00274	0.00219	0.00658
25	0.01063	0.00979	0.04054	0.00787	0.01254	0.00703	0.00657	0.01305	0.01065	0.01670	0.00912	0.01065	0.00756	0.00384	0.00384	0.00079	0.00394	0.00307	0.00301	0.81881
26	0.01121	0.23926	0.58839	0.01306	0.01979	0.01416	0.01624	0.01601	0.01072	0.01513	0.00865	0.01014	0.00652	0.00475	0.00445	0.00148	0.00702	0.00351	0.00217	0.00732
27	0.01247	0.26865	0.01873	0.41509	0.02473	0.07115	0.01162	0.04186	0.04272	0.03419	0.00929	0.01191	0.00732	0.00505	0.00452	0.00148	0.00636	0.00396	0.00261	0.00628
28	0.01315	0.21483	0.07788	0.01030	0.01403	0.03395	0.00913	0.06795	0.41799	0.01882	0.01607	0.01557	0.03053	0.00611	0.00467	0.00152	0.00488	0.00478	0.00408	0.03376
29	0.03173	0.00829	0.02440	0.00823	0.01056	0.00827	0.00655	0.07578	0.21176	0.09101	0.37698	0.02888	0.07887	0.00878	0.00559	0.00165	0.00342	0.00748	0.00538	0.00638
30	0.01221	0.10697	0.52637	0.01341	0.01990	0.01232	0.05879	0.04324	0.01166	0.08409	0.01012	0.01135	0.00727	0.00490	0.00475	0.00152	0.00685	0.00391	0.00272	0.05765
31	0.01182	0.38084	0.45215	0.01202	0.01819	0.01565	0.01443	0.01586	0.01065	0.01439	0.00828	0.00968	0.00654	0.00466	0.00417	0.00139	0.00665	0.00333	0.00218	0.00714
32	0.00840	0.01262	0.27379	0.00935	0.01268	0.00748	0.00964	0.01221	0.04066	0.01793	0.38412	0.08303	0.05083	0.04683	0.00660	0.00182	0.00440	0.00762	0.00425	0.00575
33	0.00827	0.00591	0.00827	0.00945	0.01063	0.00591	0.00827	0.01063	0.01181	0.01536	0.02717	0.05788	0.02953	0.01417	0.00709	0.00236	0.00472	0.75313	0.00472	0.00472
34	0.00666	0.00486	0.00594	0.00653	0.00743	0.00436	0.00457	0.00785	0.01095	0.03128	0.10751	0.48894	0.26567	0.01438	0.00632	0.00192	0.00284	0.01272	0.00488	0.00438
35	0.01211	0.01384	0.03028	0.02163	0.02682	0.01298	0.76903	0.01644	0.01211	0.01644	0.01038	0.01384	0.00779	0.00433	0.00606	0.00173	0.00865	0.00606	0.00260	0.00692
36	0.00956	0.00478	0.00478	0.00478	0.00598	0.00478	0.00359	0.01196	0.01076	0.01913	0.01674	0.01913	0.01315	0.00598	0.00359	0.00120	0.00239	0.00478	0.84816	0.00478
37	0.03463	0.00682	0.00841	0.00733	0.00961	0.00634	0.00573	0.01521	0.07527	0.23976	0.35639	0.03195	0.16310	0.00931	0.00566	0.00164	0.00318	0.00792	0.00559	0.00615
38	0.00670	0.00525	0.00608	0.00595	0.00742	0.00463	0.00452	0.00855	0.01297	0.01693	0.37849	0.04482	0.42223	0.01193	0.00610	0.00171	0.00261	0.04338	0.00516	0.00458
39	0.00956	0.00478	0.00478	0.00478	0.00598	0.00478	0.00359	0.01196	0.01076	0.01913	0.01674	0.01913	0.01315	0.00598	0.00359	0.00120	0.00239	0.00478	0.84816	0.00478
40	0.01029	0.02654	0.79309	0.01462	0.02221	0.01192	0.01896	0.01625	0.01083	0.01625	0.00921	0.01083	0.00650	0.00487	0.00487	0.00162	0.00758	0.00379	0.00217	0.00758
41	0.01411	0.76601	0.02601	0.00910	0.01336	0.07567	0.00886	0.01573	0.01072	0.01211	0.00719	0.00830	0.00659	0.00445	0.00339	0.00111	0.00575	0.00278	0.00223	0.00654
42	0.00891	0.00446	0.00668	0.00668	0.00668	0.00446	0.00446	0.00668	0.00668	0.00891	0.00891	0.01560	0.00891	0.01783	0.02005	0.85071	0.00446	0.00446	0.00223	0.00223
43	0.00735	0.00524	0.00704	0.00707	0.00758	0.00573	0.00494	0.00837	0.00796	0.01111	0.01524	0.05064	0.01599	0.37326	0.44267	0.00665	0.00964	0.00662	0.00297	0.00394
44	0.01123	0.01123	0.01572	0.01347	0.01347	0.01572	0.01123	0.01235	0.00786	0.01235	0.00674	0.01123	0.00674	0.00898	0.01684	0.00225	0.81028	0.00449	0.00225	0.00561
45	0.03691	0.00679	0.00809	0.00834	0.00965	0.00705	0.00628	0.10207	0.09564	0.01720	0.02433	0.46098	0.02664	0.01290	0.00612	0.00198	0.00371	0.12905	0.03098	0.00530
46	0.01005	0.00940	0.01440	0.33721	0.02247	0.01035	0.06835	0.01263	0.01010	0.01414	0.01138	0.04258	0.03948	0.02360	0.00725	0.00163	0.13281	0.00494	0.00270	0.22452
47	0.01123	0.01123	0.01572	0.01347	0.01347	0.01572	0.01123	0.01235	0.00786	0.01235	0.00674	0.01123	0.00674	0.00898	0.01684	0.00225	0.81028	0.00449	0.00225	0.00561
48	0.00688	0.00495	0.00665	0.00778	0.00843	0.00472	0.00583	0.00826	0.01054	0.01385	0.02903	0.54133	0.06741	0.01533	0.00670	0.00216	0.00351	0.24755	0.00475	0.00435
49	0.08187	0.25535	0.13787	0.01609	0.18884	0.06674	0.06928	0.07004	0.02481	0.03117	0.00915	0.01077	0.00734	0.00479	0.00442	0.00143	0.00627	0.00383	0.00274	0.00720
50	0.06064	0.00892	0.01009	0.00879	0.01135	0.05353	0.00694	0.09823	0.04569	0.27802	0.16061	0.14891	0.02264	0.00899	0.00552	0.00170	0.00420	0.05323	0.00531	0.00669

[dist]
# distance from previous block
# <min> <max>
1	6

[block]
# block no. 4 follows, 48 sequences, length 33
# corresponding to MSA columns:
# 231-263
name=unknown_E
#
# <colnr> <probs for GDERKNQSTAVLIFYWHMCP>
#	G	D	E	R	K	N	Q	S	T	A	V	L	I	F	Y	W	H	M	C	P
0	0.01041	0.03837	0.21071	0.01064	0.03419	0.00888	0.04817	0.02676	0.04570	0.03832	0.11480	0.05102	0.06965	0.00642	0.00490	0.00137	0.00488	0.00546	0.00351	0.26582
1	0.01273	0.02982	0.01792	0.03865	0.52318	0.04372	0.01287	0.01577	0.02959	0.04009	0.03089	0.01309	0.00931	0.00474	0.00483	0.00138	0.00562	0.00438	0.00288	0.15854
2	0.01331	0.04353	0.03282	0.01093	0.05469	0.14227	0.00809	0.13292	0.09638	0.05103	0.01486	0.14906	0.01401	0.01018	0.00830	0.17376	0.00538	0.02885	0.00378	0.00584
3	0.09790	0.00932	0.07098	0.00891	0.01162	0.00817	0.00761	0.09940	0.04489	0.15473	0.09906	0.20824	0.02155	0.00956	0.00552	0.00177	0.00420	0.09233	0.00476	0.03949
4	0.01282	0.26870	0.22731	0.01792	0.23683	0.04104	0.06481	0.04565	0.01168	0.01562	0.00885	0.01076	0.00717	0.00467	0.00452	0.00143	0.00656	0.00386	0.00244	0.00737
5	0.01616	0.17558	0.05892	0.00986	0.01370	0.03140	0.02532	0.12726	0.11718	0.24647	0.04445	0.01798	0.08047	0.00659	0.00489	0.00151	0.00491	0.00522	0.00461	0.00752
6	0.00881	0.00531	0.00638	0.00628	0.00733	0.00568	0.00470	0.03054	0.00986	0.01592	0.01550	0.02089	0.01352	0.10613	0.28782	0.00411	0.00678	0.00532	0.43449	0.00463
7	0.09407	0.03907	0.01339	0.01004	0.01375	0.01244	0.00824	0.40403	0.01835	0.25543	0.01430	0.01479	0.01023	0.06091	0.00632	0.00178	0.00506	0.00474	0.00509	0.00799
8	0.01029	0.02654	0.79309	0.01462	0.02221	0.01192	0.01896	0.01625	0.01083	0.01625	0.00921	0.01083	0.00650	0.00487	0.00487	0.00162	0.00758	0.00379	0.00217	0.00758
9	0.00815	0.00586	0.00810	0.00918	0.01038	0.00581	0.00798	0.01047	0.01190	0.01547	0.05383	0.05688	0.05990	0.01400	0.00701	0.00231	0.00456	0.69872	0.00476	0.00471
10	0.00637	0.00521	0.00562	0.00552	0.00712	0.00446	0.00414	0.00796	0.01242	0.01558	0.24007	0.04654	0.59642	0.01235	0.00606	0.00170	0.00255	0.01043	0.00499	0.00446
11	0.00956	0.00478	0.00478	0.00478	0.00598	0.00478	0.00359	0.01196	0.01076	0.01913	0.01674	0.01913	0.01315	0.00598	0.00359	0.00120	0.00239	0.00478	0.84816	0.00478
12	0.32499	0.26117	0.14155	0.00926	0.01351	0.01413	0.00922	0.03625	0.01057	0.09630	0.00893	0.00984	0.00687	0.00501	0.00422	0.00147	0.03376	0.00328	0.00305	0.00661
13	0.32097	0.11588	0.06900	0.01088	0.08565	0.03233	0.00855	0.05067	0.11053	0.06073	0.01137	0.04012	0.00916	0.00557	0.00413	0.00152	0.00478	0.00412	0.03161	0.02244
14	0.00956	0.00478	0.00478	0.00478	0.00598	0.00478	0.00359	0.01196	0.01076	0.01913	0.01674	0.01913	0.01315	0.00598	0.00359	0.00120	0.00239	0.00478	0.84816	0.00478
15	0.00898	0.00645	0.00869	0.00948	0.01086	0.00654	0.00823	0.06185	0.01276	0.01672	0.05760	0.05399	0.02891	0.01348	0.00691	0.00228	0.00469	0.67178	0.00479	0.00500
16	0.01212	0.24490	0.34608	0.01544	0.13066	0.03233	0.06592	0.01599	0.01126	0.03402	0.03952	0.01179	0.00865	0.00492	0.00459	0.00146	0.00661	0.00400	0.00251	0.00722
17	0.01545	0.01077	0.01718	0.15165	0.34408	0.01089	0.04611	0.04550	0.04249	0.24420	0.01324	0.01455	0.00955	0.00532	0.00516	0.00159	0.00573	0.00486	0.00381	0.00787
18	0.01326	0.01447	0.01467	0.01470	0.11410	0.25113	0.01046	0.01512	0.02562	0.01405	0.09449	0.01433	0.01191	0.00856	0.04050	0.00202	0.32704	0.00474	0.00286	0.00596
19	0.04627	0.12973	0.12423	0.01054	0.03569	0.01047	0.07164	0.02333	0.04380	0.03114	0.05752	0.01472	0.05100	0.00523	0.00443	0.00123	0.00495	0.00433	0.00317	0.32658
20	0.00751	0.00513	0.00586	0.00575	0.00603	0.00500	0.00338	0.00780	0.00818	0.01105	0.06874	0.04906	0.03609	0.70370	0.02317	0.00447	0.00467	0.00764	0.00334	0.03341
21	0.00630	0.00449	0.00594	0.00708	0.00737	0.00420	0.00470	0.00716	0.00973	0.01298	0.02781	0.78601	0.03334	0.04720	0.00731	0.00220	0.00305	0.01431	0.00470	0.00413
22	0.01137	0.01123	0.02073	0.21390	0.27558	0.01168	0.23460	0.03376	0.01139	0.01563	0.01026	0.01410	0.00826	0.00847	0.09430	0.00238	0.00787	0.00511	0.00258	0.00680
23	0.01465	0.43589	0.02069	0.01055	0.01374	0.22336	0.00923	0.04399	0.01158	0.01297	0.00794	0.00980	0.00711	0.00751	0.05894	0.00179	0.09820	0.00334	0.00246	0.00625
24	0.00733	0.00550	0.00825	0.00825	0.00916	0.00641	0.00641	0.00916	0.00825	0.01191	0.01374	0.02016	0.01283	0.03848	0.79934	0.00825	0.01374	0.00550	0.00275	0.00458
25	0.01085	0.00892	0.00954	0.00867	0.01079	0.04379	0.00665	0.07289	0.30008	0.03126	0.31559	0.08061	0.06101	0.00905	0.00563	0.00168	0.00365	0.00774	0.00523	0.00639
26	0.75601	0.03106	0.06687	0.00743	0.01098	0.01168	0.00668	0.01537	0.00905	0.03701	0.00755	0.00870	0.00579	0.00479	0.00334	0.00158	0.00428	0.00290	0.00314	0.00579
27	0.00842	0.00699	0.01072	0.01482	0.25559	0.00684	0.00819	0.00996	0.01021	0.01402	0.02112	0.48500	0.02410	0.06826	0.02919	0.00227	0.00440	0.01066	0.00389	0.00537
28	0.01591	0.00884	0.01041	0.00852	0.01163	0.00854	0.00685	0.18577	0.04977	0.31652	0.05093	0.05443	0.23221	0.00868	0.00549	0.00164	0.00403	0.00713	0.00550	0.00718
29	0.00792	0.02865	0.24039	0.00937	0.01215	0.00703	0.00925	0.01071	0.01119	0.01565	0.17659	0.36386	0.02795	0.01127	0.00591	0.00184	0.00437	0.04638	0.00412	0.00540
30	0.06945	0.20866	0.19429	0.01569	0.10980	0.03176	0.17082	0.04707	0.04567	0.01649	0.00975	0.02441	0.00787	0.00502	0.00494	0.00152	0.02267	0.00434	0.00269	0.00707
31	0.04761	0.00927	0.01155	0.06302	0.01390	0.03237	0.05087	0.04993	0.08977	0.13377	0.03687	0.13200	0.02976	0.00711	0.00509	0.00146	0.01477	0.00607	0.03415	0.23065
32	0.01283	0.01219	0.01054	0.00958	0.01172	0.23447	0.00746	0.07389	0.04845	0.05021	0.25824	0.02749	0.04489	0.02661	0.00614	0.00168	0.01639	0.10359	0.00441	0.03920

[dist]
# distance from previous block
# <min> <max>
23	109

[block]
# block no. 5 follows, 48 sequences, length 10
# corresponding to MSA columns:
# 379-388
name=unknown_F
#
# <colnr> <probs for GDERKNQSTAVLIFYWHMCP>
#	G	D	E	R	K	N	Q	S	T	A	V	L	I	F	Y	W	H	M	C	P
0	0.15067	0.13673	0.17318	0.01353	0.13225	0.03429	0.03665	0.04459	0.03313	0.04886	0.03629	0.03258	0.04290	0.00585	0.00459	0.00151	0.00553	0.02246	0.00316	0.04124
1	0.08016	0.01548	0.24310	0.01595	0.14522	0.01115	0.13121	0.05716	0.05399	0.01830	0.03382	0.03379	0.00986	0.00531	0.00491	0.00153	0.00605	0.00476	0.04081	0.08742
2	0.01185	0.01220	0.06620	0.04478	0.24387	0.06486	0.01041	0.03507	0.01181	0.01692	0.05186	0.01284	0.00986	0.00469	0.00452	0.00119	0.00520	0.00400	0.00298	0.38491
3	0.01312	0.11294	0.33341	0.01426	0.10453	0.01253	0.02674	0.13739	0.01349	0.07366	0.05342	0.03568	0.01062	0.00568	0.00487	0.00152	0.00612	0.00461	0.00328	0.03211
4	0.04236	0.09457	0.09822	0.01537	0.17439	0.01224	0.07127	0.15714	0.05639	0.08068	0.11726	0.03080	0.01453	0.00616	0.00507	0.00155	0.00543	0.00531	0.00389	0.00737
5	0.01370	0.01191	0.01858	0.02398	0.50699	0.01167	0.04371	0.11080	0.01325	0.05432	0.01042	0.01261	0.00832	0.00473	0.00494	0.00142	0.00572	0.00443	0.00312	0.13540
6	0.01187	0.01073	0.06626	0.40040	0.09768	0.01089	0.01228	0.01700	0.13718	0.09535	0.03536	0.01525	0.01027	0.00557	0.00508	0.00162	0.00581	0.00483	0.00334	0.05321
7	0.01328	0.00876	0.01269	0.03645	0.01398	0.03047	0.11472	0.01573	0.01296	0.23195	0.16147	0.04120	0.06490	0.00773	0.00550	0.00158	0.00465	0.08069	0.00465	0.13665
8	0.01456	0.01189	0.01795	0.05708	0.48359	0.01221	0.01314	0.18180	0.01474	0.07991	0.05366	0.01443	0.01077	0.00541	0.00515	0.00155	0.00569	0.00489	0.00356	0.00802
9	0.00643	0.00469	0.00608	0.00704	0.00761	0.00435	0.00490	0.00757	0.01048	0.01383	0.08128	0.62928	0.11789	0.01524	0.00650	0.00203	0.00301	0.06270	0.00482	0.00427

[dist]
# distance from previous block
# <min> <max>
11	28

[block]
# block no. 6 follows, 48 sequences, length 50
# corresponding to MSA columns:
# 422-471
name=unknown_G
#
# <colnr> <probs for GDERKNQSTAVLIFYWHMCP>
#	G	D	E	R	K	N	Q	S	T	A	V	L	I	F	Y	W	H	M	C	P
0	0.11939	0.04768	0.06416	0.05642	0.39252	0.01241	0.10849	0.05643	0.02779	0.01822	0.04155	0.01320	0.00939	0.00498	0.00492	0.00156	0.00602	0.00463	0.00290	0.00734
1	0.72360	0.01044	0.00924	0.00921	0.07601	0.01189	0.00672	0.07037	0.01011	0.02317	0.00773	0.00899	0.00601	0.00485	0.00348	0.00158	0.00427	0.00306	0.00326	0.00601
2	0.02096	0.00880	0.01170	0.00887	0.01294	0.00742	0.00730	0.02300	0.01401	0.66245	0.01839	0.01633	0.01185	0.00593	0.00493	0.00145	0.00427	0.00481	0.00580	0.14878
3	0.01781	0.01062	0.01229	0.01013	0.01363	0.01118	0.00814	0.13770	0.36448	0.32642	0.01935	0.01746	0.01346	0.00660	0.00518	0.00165	0.00442	0.00537	0.00565	0.00845
4	0.00745	0.00498	0.00565	0.00563	0.00568	0.00497	0.00318	0.00755	0.00773	0.01036	0.04591	0.03376	0.01981	0.78837	0.02534	0.00484	0.00488	0.00753	0.00321	0.00318
5	0.00891	0.00446	0.00668	0.00668	0.00668	0.00446	0.00446	0.00668	0.00668	0.00891	0.00891	0.01560	0.00891	0.01783	0.02005	0.85071	0.00446	0.00446	0.00223	0.00223
6	0.10363	0.01004	0.01226	0.02728	0.14935	0.02729	0.00871	0.02848	0.21563	0.11824	0.11196	0.01909	0.03483	0.00666	0.00533	0.00159	0.02757	0.01671	0.00435	0.07100
7	0.07679	0.17406	0.18137	0.01116	0.01534	0.26342	0.01062	0.01801	0.02738	0.08857	0.00988	0.01090	0.00764	0.00564	0.01725	0.00149	0.00685	0.00357	0.03448	0.03558
8	0.25804	0.43543	0.01867	0.00862	0.01247	0.10694	0.00778	0.01570	0.01043	0.01564	0.00737	0.00856	0.00636	0.00456	0.00345	0.00124	0.00536	0.00284	0.00259	0.06794
9	0.00891	0.00446	0.00668	0.00668	0.00668	0.00446	0.00446	0.00668	0.00668	0.00891	0.00891	0.01560	0.00891	0.01783	0.02005	0.85071	0.00446	0.00446	0.00223	0.00223
10	0.00979	0.00923	0.01558	0.78077	0.06111	0.01143	0.01430	0.01320	0.01031	0.01324	0.00914	0.01365	0.00688	0.00511	0.00513	0.00170	0.00681	0.00456	0.00229	0.00578
11	0.01323	0.01573	0.14185	0.02347	0.42878	0.10940	0.07823	0.01695	0.03992	0.04272	0.01076	0.03639	0.00885	0.00518	0.00513	0.00156	0.00671	0.00478	0.00279	0.00757
12	0.01585	0.01148	0.01432	0.01258	0.07058	0.06927	0.07303	0.23203	0.01503	0.17622	0.01360	0.01659	0.01078	0.10043	0.10737	0.00280	0.04168	0.00517	0.00414	0.00705
13	0.00625	0.00447	0.00595	0.00714	0.00744	0.00417	0.00476	0.00714	0.00982	0.01310	0.02828	0.81633	0.03394	0.01608	0.00655	0.00208	0.00298	0.01459	0.00476	0.00417
14	0.00956	0.00478	0.00478	0.00478	0.00598	0.00478	0.00359	0.01196	0.01076	0.01913	0.01674	0.01913	0.01315	0.00598	0.00359	0.00120	0.00239	0.00478	0.84816	0.00478
15	0.01168	0.01230	0.02436	0.21257	0.21741	0.01240	0.40128	0.01547	0.01156	0.01572	0.00990	0.01352	0.00764	0.00458	0.00559	0.00167	0.00758	0.00533	0.00251	0.00693
16	0.00956	0.00478	0.00478	0.00478	0.00598	0.00478	0.00359	0.01196	0.01076	0.01913	0.01674	0.01913	0.01315	0.00598	0.00359	0.00120	0.00239	0.00478	0.84816	0.00478
17	0.06362	0.02905	0.08471	0.01498	0.18017	0.01150	0.02925	0.17645	0.09385	0.05122	0.07134	0.01808	0.01345	0.00635	0.00508	0.00156	0.00520	0.06021	0.00396	0.07997
18	0.01452	0.06845	0.19635	0.01606	0.18342	0.03481	0.05131	0.07198	0.04262	0.17934	0.03147	0.04865	0.01103	0.00647	0.01939	0.00169	0.00607	0.00504	0.00370	0.00763
19	0.00956	0.00478	0.00478	0.00478	0.00598	0.00478	0.00359	0.01196	0.01076	0.01913	0.01674	0.01913	0.01315	0.00598	0.00359	0.00120	0.00239	0.00478	0.84816	0.00478
20	0.00775	0.00592	0.00788	0.02765	0.04290	0.00596	0.00642	0.01009	0.05125	0.01536	0.12275	0.35670	0.08965	0.01289	0.00659	0.00197	0.02881	0.15581	0.03881	0.00486
21	0.01326	0.10674	0.22025	0.01428	0.11762	0.03686	0.04340	0.10897	0.07414	0.07827	0.01319	0.09571	0.01115	0.00633	0.00498	0.00156	0.00586	0.00531	0.00349	0.03863
22	0.00709	0.00535	0.00701	0.00758	0.00852	0.00509	0.02337	0.00907	0.04630	0.01448	0.06154	0.48170	0.14503	0.01412	0.00637	0.00200	0.00331	0.11846	0.02902	0.00457
23	0.00733	0.00548	0.00815	0.00815	0.00903	0.00636	0.00629	0.00910	0.00822	0.01184	0.01383	0.02066	0.01304	0.06746	0.77066	0.00812	0.01342	0.00557	0.00276	0.00453
24	0.01224	0.01480	0.16836	0.08215	0.56381	0.01220	0.01607	0.03934	0.01181	0.01690	0.00961	0.01240	0.00774	0.00472	0.00505	0.00156	0.00642	0.00442	0.00253	0.00787
25	0.03116	0.06759	0.28006	0.03385	0.20838	0.02939	0.02900	0.17785	0.05923	0.01987	0.01050	0.01197	0.00794	0.00517	0.00489	0.00155	0.00643	0.00424	0.00312	0.00780
26	0.00982	0.03745	0.19489	0.01232	0.01504	0.04287	0.10311	0.01237	0.01002	0.01390	0.01490	0.26363	0.01574	0.03946	0.00897	0.00202	0.18698	0.00768	0.00310	0.00573
27	0.13115	0.07789	0.06598	0.01740	0.27847	0.07009	0.01134	0.13517	0.01365	0.11874	0.01087	0.01205	0.00822	0.00516	0.00462	0.00149	0.00572	0.00413	0.02032	0.00756
28	0.00784	0.00540	0.00686	0.00649	0.00788	0.00493	0.00495	0.01010	0.01395	0.05064	0.60544	0.03932	0.14187	0.01070	0.00600	0.00165	0.00262	0.04215	0.02628	0.00493
29	0.01104	0.02374	0.64007	0.01480	0.02167	0.01205	0.08117	0.07118	0.01195	0.01741	0.01026	0.01310	0.00770	0.00530	0.00508	0.00166	0.00742	0.03439	0.00252	0.00749
30	0.00741	0.00518	0.00666	0.00666	0.00703	0.00555	0.00443	0.00814	0.00778	0.01074	0.01520	0.02820	0.01632	0.50668	0.33591	0.00629	0.00849	0.00667	0.00296	0.00370
31	0.00632	0.00449	0.00593	0.00706	0.00734	0.00421	0.00467	0.00716	0.00970	0.01293	0.02763	0.77402	0.03311	0.05950	0.00761	0.00224	0.00308	0.01420	0.00467	0.00411
32	0.00672	0.00498	0.00633	0.00730	0.00785	0.00480	0.00497	0.00862	0.06609	0.01374	0.02876	0.72488	0.06511	0.01528	0.00643	0.00204	0.00304	0.01378	0.00480	0.00446
33	0.01464	0.68787	0.02480	0.00953	0.01362	0.15189	0.00897	0.01623	0.01112	0.01215	0.00727	0.00840	0.00659	0.00454	0.00352	0.00114	0.00612	0.00284	0.00227	0.00648
34	0.01443	0.01554	0.27355	0.01098	0.01567	0.06741	0.01125	0.03282	0.02289	0.24019	0.04244	0.04305	0.02502	0.00662	0.00510	0.00156	0.00565	0.05953	0.00404	0.10225
