[name]
unknown

[dist]
# distance from previous block
# <min> <max>
11	306

[block]
# block no. 0 follows, 46 sequences, length 26
# corresponding to MSA columns:
# 315-340
name=unknown_A
#
# <colnr> <probs for GDERKNQSTAVLIFYWHMCP>
#	G	D	E	R	K	N	Q	S	T	A	V	L	I	F	Y	W	H	M	C	P
0	0.02650	0.01039	0.01322	0.02432	0.02640	0.03226	0.09860	0.06417	0.28407	0.02803	0.01888	0.16959	0.02753	0.02100	0.00606	0.00177	0.01937	0.00725	0.02665	0.09392
1	0.04950	0.01071	0.01333	0.06054	0.01418	0.04012	0.04226	0.14106	0.02350	0.04231	0.01239	0.03893	0.02093	0.17457	0.01340	0.00255	0.25095	0.00561	0.01382	0.02934
2	0.01261	0.01015	0.01405	0.09271	0.20255	0.01094	0.03318	0.09792	0.15828	0.04048	0.02776	0.02921	0.02932	0.03780	0.02333	0.00191	0.02642	0.00555	0.13876	0.00708
3	0.01227	0.01047	0.01415	0.37461	0.02430	0.01119	0.01093	0.15052	0.04787	0.01866	0.01055	0.01312	0.00806	0.00514	0.00486	0.00143	0.00572	0.00428	0.00327	0.26863
4	0.03510	0.02272	0.01219	0.02839	0.02487	0.07561	0.07622	0.07028	0.02603	0.06895	0.24301	0.02585	0.09593	0.03166	0.06998	0.00231	0.05030	0.00693	0.02772	0.00595
5	0.01239	0.00886	0.01029	0.00885	0.01132	0.00899	0.00692	0.24599	0.04344	0.05775	0.25576	0.15392	0.06062	0.00976	0.00582	0.00168	0.00393	0.02455	0.00528	0.06387
6	0.01764	0.01151	0.01592	0.01294	0.04199	0.03288	0.12820	0.21737	0.02776	0.27556	0.01755	0.10147	0.03153	0.00741	0.00603	0.00172	0.03325	0.00641	0.00498	0.00786
7	0.00826	0.01070	0.18945	0.01002	0.01256	0.00793	0.00961	0.01114	0.00912	0.01331	0.01307	0.01853	0.01170	0.03160	0.61001	0.00691	0.01268	0.00526	0.00269	0.00544
8	0.00929	0.00968	0.08163	0.00808	0.00998	0.07534	0.00659	0.01242	0.08107	0.01671	0.30645	0.03233	0.10551	0.20945	0.01105	0.00252	0.00444	0.00786	0.00443	0.00516
9	0.01190	0.01313	0.02763	0.20344	0.02967	0.01299	0.58828	0.01614	0.01203	0.01614	0.01039	0.01422	0.00779	0.00465	0.00602	0.00178	0.00848	0.00588	0.00260	0.00684
10	0.65508	0.00892	0.00739	0.00705	0.00963	0.01010	0.00554	0.01364	0.00926	0.02134	0.01242	0.19508	0.01252	0.00762	0.00408	0.00175	0.00385	0.00569	0.00365	0.00539
11	0.01103	0.01219	0.02519	0.01835	0.02287	0.01130	0.58580	0.01476	0.01238	0.01632	0.02066	0.02277	0.18728	0.00653	0.00624	0.00178	0.00746	0.00738	0.00319	0.00651
12	0.01470	0.01447	0.14117	0.01242	0.06750	0.01262	0.01060	0.39973	0.03257	0.02485	0.02164	0.02147	0.18774	0.00767	0.00547	0.00165	0.00542	0.00613	0.00451	0.00769
13	0.01159	0.00977	0.01130	0.00813	0.01279	0.00769	0.00652	0.06455	0.01191	0.01833	0.00962	0.01108	0.00791	0.00408	0.00401	0.00084	0.00405	0.00324	0.00328	0.78933
14	0.06989	0.01694	0.38555	0.01150	0.01646	0.00942	0.01266	0.01642	0.01163	0.18165	0.01636	0.19835	0.01458	0.00802	0.00537	0.00177	0.00574	0.00672	0.00385	0.00711
15	0.20743	0.00981	0.01114	0.00969	0.07299	0.00865	0.00703	0.01491	0.01088	0.07117	0.00975	0.01106	0.00774	0.00439	0.00397	0.00110	0.00418	0.00334	0.00336	0.52742
16	0.01583	0.01248	0.01836	0.08761	0.48206	0.07324	0.01366	0.01861	0.01287	0.19509	0.01230	0.01403	0.00924	0.00524	0.00522	0.00158	0.00619	0.00475	0.00352	0.00814
17	0.01011	0.00805	0.00845	0.00750	0.00990	0.00800	0.00585	0.18520	0.08079	0.01960	0.06489	0.05907	0.48992	0.01121	0.00596	0.00175	0.00354	0.00927	0.00507	0.00587
18	0.00998	0.00940	0.01586	0.80150	0.03641	0.01175	0.01468	0.01351	0.01057	0.01351	0.00940	0.01409	0.00705	0.00529	0.00529	0.00176	0.00705	0.00470	0.00235	0.00587
19	0.01142	0.21102	0.61033	0.01367	0.02072	0.01429	0.01709	0.01653	0.01106	0.01574	0.00899	0.01054	0.00672	0.00491	0.00464	0.00155	0.00731	0.00366	0.00224	0.00757
20	0.00935	0.19482	0.01311	0.00874	0.01055	0.02751	0.00726	0.01119	0.00916	0.01233	0.01244	0.01766	0.01158	0.03072	0.59201	0.00662	0.01208	0.00495	0.00270	0.00523
21	0.00735	0.00518	0.00567	0.00567	0.00609	0.00497	0.00339	0.00766	0.00870	0.01119	0.02524	0.03838	0.19588	0.62803	0.02210	0.00435	0.00456	0.00849	0.00360	0.00350
22	0.00875	0.00696	0.00905	0.00877	0.01026	0.00796	0.00681	0.01363	0.18621	0.01472	0.01899	0.02291	0.07460	0.03002	0.54771	0.00641	0.01093	0.00617	0.00359	0.00555
23	0.00818	0.01060	0.18916	0.00984	0.01229	0.00769	0.00935	0.01091	0.00922	0.01334	0.01435	0.08165	0.01364	0.05781	0.51992	0.00628	0.01148	0.00607	0.00287	0.00535
24	0.00631	0.00512	0.00560	0.00598	0.00730	0.00441	0.00429	0.00752	0.01145	0.01404	0.04594	0.28777	0.54711	0.01438	0.00640	0.00190	0.00280	0.01236	0.00491	0.00441
25	0.01328	0.56563	0.02227	0.00915	0.01310	0.01781	0.00849	0.01803	0.18775	0.01483	0.01431	0.01445	0.07017	0.00584	0.00408	0.00134	0.00508	0.00422	0.00320	0.00697

[dist]
# distance from previous block
# <min> <max>
0	31

[block]
# block no. 1 follows, 46 sequences, length 6
# corresponding to MSA columns:
# 372-377
name=unknown_B
#
# <colnr> <probs for GDERKNQSTAVLIFYWHMCP>
#	G	D	E	R	K	N	Q	S	T	A	V	L	I	F	Y	W	H	M	C	P
0	0.01191	0.01179	0.01739	0.01810	0.18821	0.01537	0.01262	0.01352	0.00899	0.01376	0.00762	0.01191	0.00727	0.00822	0.01460	0.00214	0.62318	0.00465	0.00238	0.00637
1	0.01090	0.07450	0.58289	0.01323	0.02021	0.01179	0.01621	0.01600	0.01109	0.01656	0.00933	0.01095	0.00693	0.00477	0.00470	0.00146	0.00689	0.00368	0.00241	0.17549
2	0.66058	0.01004	0.00850	0.00715	0.01075	0.01077	0.00585	0.01503	0.00944	0.02224	0.00782	0.00913	0.00620	0.00468	0.00342	0.00144	0.00405	0.00292	0.00324	0.19675
3	0.00896	0.00780	0.01304	0.01171	0.01398	0.00742	0.17881	0.01164	0.01222	0.01577	0.02917	0.04757	0.17507	0.01206	0.00685	0.00216	0.00535	0.43077	0.00438	0.00530
4	0.00654	0.00467	0.00622	0.00730	0.00769	0.00436	0.00491	0.00760	0.01056	0.01420	0.09763	0.74025	0.03633	0.01604	0.00670	0.00210	0.00301	0.01453	0.00499	0.00436
5	0.00744	0.00502	0.00584	0.00608	0.00615	0.00496	0.00354	0.00762	0.00817	0.01090	0.01915	0.18983	0.02237	0.65468	0.02288	0.00453	0.00471	0.00916	0.00354	0.00342

[dist]
# distance from previous block
# <min> <max>
0	6

[block]
# block no. 2 follows, 46 sequences, length 30
# corresponding to MSA columns:
# 384-413
name=unknown_C
#
# <colnr> <probs for GDERKNQSTAVLIFYWHMCP>
#	G	D	E	R	K	N	Q	S	T	A	V	L	I	F	Y	W	H	M	C	P
0	0.00684	0.00508	0.00705	0.00887	0.05413	0.00479	0.00559	0.00789	0.01024	0.01372	0.02798	0.76285	0.03337	0.01585	0.00666	0.00211	0.00326	0.01441	0.00477	0.00454
1	0.01413	0.81739	0.02770	0.00905	0.01357	0.02092	0.00905	0.01583	0.01074	0.01244	0.00735	0.00848	0.00678	0.00452	0.00339	0.00113	0.00565	0.00283	0.00226	0.00678
2	0.01413	0.81739	0.02770	0.00905	0.01357	0.02092	0.00905	0.01583	0.01074	0.01244	0.00735	0.00848	0.00678	0.00452	0.00339	0.00113	0.00565	0.00283	0.00226	0.00678
3	0.02359	0.00921	0.01240	0.00951	0.01360	0.00808	0.00785	0.05255	0.01548	0.75760	0.02056	0.01780	0.01294	0.00654	0.00532	0.00163	0.00455	0.00530	0.00650	0.00900
4	0.01184	0.01129	0.01921	0.34114	0.48227	0.01223	0.01561	0.01513	0.01145	0.01576	0.00972	0.01349	0.00784	0.00494	0.00525	0.00165	0.00659	0.00471	0.00251	0.00737
5	0.00778	0.00585	0.00749	0.00832	0.00972	0.00556	0.00706	0.00986	0.01213	0.01532	0.03628	0.05679	0.27311	0.01421	0.00696	0.00222	0.00416	0.50756	0.00488	0.00474
6	0.01308	0.01256	0.02146	0.03245	0.78123	0.01256	0.01622	0.01622	0.01204	0.01727	0.00994	0.01308	0.00837	0.00471	0.00523	0.00157	0.00628	0.00471	0.00262	0.00837
7	0.01975	0.02520	0.01498	0.01362	0.01634	0.79299	0.01021	0.02111	0.01498	0.01294	0.00817	0.00953	0.00681	0.00545	0.00477	0.00136	0.00953	0.00340	0.00272	0.00613
8	0.00769	0.00513	0.00577	0.00577	0.00577	0.00513	0.00320	0.00769	0.00769	0.01025	0.01666	0.03460	0.01922	0.81421	0.02691	0.00513	0.00513	0.00769	0.00320	0.00320
9	0.01315	0.01136	0.01195	0.01076	0.01375	0.01315	0.00837	0.02809	0.77168	0.02211	0.02152	0.01972	0.01614	0.00717	0.00538	0.00179	0.00418	0.00598	0.00538	0.00837
10	0.02010	0.01481	0.01587	0.01216	0.01639	0.01639	0.01005	0.76360	0.02486	0.03332	0.01269	0.01269	0.00899	0.00635	0.00529	0.00159	0.00582	0.00476	0.00529	0.00899
11	0.00985	0.00493	0.00493	0.00493	0.00616	0.00493	0.00370	0.01232	0.01109	0.01971	0.01725	0.01971	0.01355	0.00616	0.00370	0.00123	0.00246	0.00493	0.84356	0.00493
12	0.00768	0.00515	0.00589	0.00589	0.00593	0.00519	0.00335	0.00777	0.00772	0.01034	0.01655	0.03398	0.01895	0.77988	0.06087	0.00527	0.00553	0.00760	0.00319	0.00327
13	0.01308	0.01256	0.02146	0.03245	0.78123	0.01256	0.01622	0.01622	0.01204	0.01727	0.00994	0.01308	0.00837	0.00471	0.00523	0.00157	0.00628	0.00471	0.00262	0.00837
14	0.01082	0.07479	0.74123	0.01471	0.02232	0.01280	0.01890	0.01669	0.01114	0.01648	0.00936	0.01100	0.00670	0.00499	0.00492	0.00164	0.00768	0.00384	0.00223	0.00775
15	0.01293	0.01254	0.02175	0.05925	0.67670	0.01261	0.07290	0.01648	0.03158	0.01723	0.01028	0.01338	0.00850	0.00478	0.00532	0.00160	0.00646	0.00486	0.00268	0.00819
16	0.01289	0.24064	0.02583	0.04655	0.23450	0.01515	0.26808	0.01599	0.01168	0.01557	0.02653	0.01275	0.00863	0.00491	0.00556	0.00156	0.03857	0.00480	0.00259	0.00724
17	0.00769	0.00513	0.00577	0.00577	0.00577	0.00513	0.00320	0.00769	0.00769	0.01025	0.01666	0.03460	0.01922	0.81421	0.02691	0.00513	0.00513	0.00769	0.00320	0.00320
18	0.00644	0.00460	0.00613	0.00736	0.00767	0.00429	0.00491	0.00736	0.01012	0.01350	0.02914	0.81076	0.03497	0.01656	0.00675	0.00215	0.00307	0.01503	0.00491	0.00429
19	0.01190	0.03436	0.22618	0.13192	0.38649	0.01281	0.04119	0.01579	0.01135	0.01622	0.00953	0.01255	0.00761	0.00513	0.00590	0.00167	0.05481	0.00450	0.00245	0.00765
20	0.00769	0.00513	0.00577	0.00577	0.00577	0.00513	0.00320	0.00769	0.00769	0.01025	0.01666	0.03460	0.01922	0.81421	0.02691	0.00513	0.00513	0.00769	0.00320	0.00320
21	0.00769	0.00513	0.00577	0.00577	0.00577	0.00513	0.00320	0.00769	0.00769	0.01025	0.01666	0.03460	0.01922	0.81421	0.02691	0.00513	0.00513	0.00769	0.00320	0.00320
22	0.00769	0.00513	0.00577	0.00577	0.00577	0.00513	0.00320	0.00769	0.00769	0.01025	0.01666	0.03460	0.01922	0.81421	0.02691	0.00513	0.00513	0.00769	0.00320	0.00320
23	0.01599	0.06172	0.01693	0.01756	0.23530	0.15147	0.01122	0.22144	0.13893	0.02105	0.01240	0.01411	0.00991	0.04155	0.00604	0.00171	0.00630	0.00472	0.00381	0.00782
24	0.01007	0.00956	0.01638	0.77511	0.03611	0.01180	0.03999	0.01362	0.01064	0.01362	0.00944	0.01410	0.00708	0.00526	0.00532	0.00176	0.00711	0.00475	0.00236	0.00592
25	0.00678	0.00492	0.00641	0.00700	0.00772	0.00454	0.00488	0.00826	0.01188	0.01616	0.28561	0.50393	0.08343	0.01442	0.00654	0.00196	0.00285	0.01294	0.00522	0.00454
26	0.01159	0.01103	0.01876	0.40328	0.42208	0.01217	0.01548	0.01491	0.01133	0.01546	0.00968	0.01357	0.00773	0.00499	0.00526	0.00166	0.00665	0.00470	0.00249	0.00717
27	0.00681	0.00493	0.00635	0.00718	0.00774	0.00455	0.00486	0.00783	0.01028	0.01377	0.06096	0.62417	0.06605	0.08818	0.00845	0.00234	0.00329	0.03248	0.00473	0.03506
28	0.01975	0.02520	0.01498	0.01362	0.01634	0.79299	0.01021	0.02111	0.01498	0.01294	0.00817	0.00953	0.00681	0.00545	0.00477	0.00136	0.00953	0.00340	0.00272	0.00613
29	0.01394	0.41885	0.09891	0.01563	0.18295	0.06367	0.03131	0.01687	0.03660	0.03239	0.00903	0.01068	0.00762	0.00498	0.00476	0.00139	0.03687	0.00370	0.00258	0.00727

[dist]
# distance from previous block
# <min> <max>
5	11

[block]
# block no. 3 follows, 46 sequences, length 31
# corresponding to MSA columns:
# 425-455
name=unknown_D
#
# <colnr> <probs for GDERKNQSTAVLIFYWHMCP>
#	G	D	E	R	K	N	Q	S	T	A	V	L	I	F	Y	W	H	M	C	P
0	0.01382	0.23222	0.36410	0.01374	0.01898	0.01586	0.01471	0.05240	0.04701	0.01762	0.01184	0.01551	0.01000	0.00715	0.00699	0.00196	0.10676	0.03802	0.00326	0.00806
1	0.00769	0.00513	0.00577	0.00577	0.00577	0.00513	0.00320	0.00769	0.00769	0.01025	0.01666	0.03460	0.01922	0.81421	0.02691	0.00513	0.00513	0.00769	0.00320	0.00320
2	0.01265	0.01058	0.01212	0.00900	0.01374	0.00805	0.00701	0.01449	0.01203	0.01875	0.01110	0.01332	0.00944	0.00508	0.00467	0.00112	0.00451	0.00372	0.00371	0.82492
3	0.00760	0.00547	0.00749	0.00749	0.00809	0.00606	0.00536	0.00880	0.00820	0.01153	0.01508	0.02585	0.01542	0.32442	0.51151	0.00726	0.01084	0.00641	0.00297	0.00416
4	0.00650	0.00493	0.00601	0.00674	0.00760	0.00444	0.00473	0.00770	0.01111	0.01432	0.08701	0.49768	0.27221	0.01512	0.00657	0.00201	0.00295	0.03297	0.00497	0.00441
5	0.02010	0.01481	0.01587	0.01216	0.01639	0.01639	0.01005	0.76360	0.02486	0.03332	0.01269	0.01269	0.00899	0.00635	0.00529	0.00159	0.00582	0.00476	0.00529	0.00899
6	0.00775	0.00595	0.00740	0.00737	0.00882	0.00534	0.00528	0.00994	0.04815	0.01620	0.18355	0.44156	0.06472	0.01261	0.00607	0.00178	0.00313	0.01125	0.00482	0.14833
7	0.00985	0.00493	0.00493	0.00493	0.00616	0.00493	0.00370	0.01232	0.01109	0.01971	0.01725	0.01971	0.01355	0.00616	0.00370	0.00123	0.00246	0.00493	0.84356	0.00493
8	0.85155	0.01022	0.00777	0.00695	0.01022	0.01186	0.00573	0.01554	0.00900	0.02372	0.00736	0.00859	0.00573	0.00491	0.00327	0.00164	0.00409	0.00286	0.00327	0.00573
9	0.01014	0.00949	0.01567	0.76331	0.03532	0.01181	0.01438	0.01421	0.04733	0.01392	0.00998	0.01437	0.00749	0.00538	0.00529	0.00176	0.00691	0.00476	0.00250	0.00599
10	0.01060	0.02735	0.78682	0.01507	0.02288	0.01228	0.01953	0.01674	0.01116	0.01674	0.00949	0.01116	0.00670	0.00502	0.00502	0.00167	0.00781	0.00391	0.00223	0.00781
11	0.00998	0.00940	0.01586	0.80150	0.03641	0.01175	0.01468	0.01351	0.01057	0.01351	0.00940	0.01409	0.00705	0.00529	0.00529	0.00176	0.00705	0.00470	0.00235	0.00587
12	0.01975	0.02520	0.01498	0.01362	0.01634	0.79299	0.01021	0.02111	0.01498	0.01294	0.00817	0.00953	0.00681	0.00545	0.00477	0.00136	0.00953	0.00340	0.00272	0.00613
13	0.00764	0.00531	0.00672	0.00672	0.00705	0.00564	0.00439	0.00830	0.00797	0.01096	0.01579	0.02977	0.01712	0.54394	0.29431	0.00630	0.00828	0.00698	0.00307	0.00373
14	0.00643	0.00536	0.00561	0.00555	0.00725	0.00454	0.00416	0.00794	0.01248	0.01531	0.16139	0.04918	0.67061	0.01300	0.00625	0.00177	0.00265	0.01092	0.00504	0.00454
15	0.00998	0.00940	0.01586	0.80150	0.03641	0.01175	0.01468	0.01351	0.01057	0.01351	0.00940	0.01409	0.00705	0.00529	0.00529	0.00176	0.00705	0.00470	0.00235	0.00587
16	0.00985	0.00493	0.00493	0.00493	0.00616	0.00493	0.00370	0.01232	0.01109	0.01971	0.01725	0.01971	0.01355	0.00616	0.00370	0.00123	0.00246	0.00493	0.84356	0.00493
17	0.01413	0.81739	0.02770	0.00905	0.01357	0.02092	0.00905	0.01583	0.01074	0.01244	0.00735	0.00848	0.00678	0.00452	0.00339	0.00113	0.00565	0.00283	0.00226	0.00678
18	0.01413	0.81739	0.02770	0.00905	0.01357	0.02092	0.00905	0.01583	0.01074	0.01244	0.00735	0.00848	0.00678	0.00452	0.00339	0.00113	0.00565	0.00283	0.00226	0.00678
19	0.01043	0.00861	0.00960	0.00930	0.01124	0.00952	0.00694	0.01966	0.45592	0.01905	0.07482	0.29643	0.02495	0.01068	0.00591	0.00191	0.00368	0.00937	0.00524	0.00672
20	0.01096	0.00940	0.01096	0.00783	0.01253	0.00705	0.00626	0.01331	0.01096	0.01723	0.00940	0.01096	0.00783	0.00392	0.00392	0.00078	0.00392	0.00313	0.00313	0.84653
21	0.00701	0.00537	0.00588	0.00594	0.00752	0.00460	0.00438	0.00841	0.01211	0.04208	0.11454	0.17120	0.56550	0.01342	0.00629	0.00183	0.00279	0.01143	0.00505	0.00464
22	0.00748	0.00540	0.00707	0.00665	0.00790	0.00499	0.00499	0.00998	0.01496	0.02120	0.77844	0.03949	0.04988	0.01081	0.00624	0.00166	0.00249	0.00956	0.00582	0.00499
23	0.00768	0.00515	0.00589	0.00589	0.00594	0.00519	0.00336	0.00777	0.00773	0.01035	0.01654	0.03395	0.01894	0.77785	0.06289	0.00528	0.00555	0.00759	0.00319	0.00327
24	0.01315	0.01136	0.01195	0.01076	0.01375	0.01315	0.00837	0.02809	0.77168	0.02211	0.02152	0.01972	0.01614	0.00717	0.00538	0.00179	0.00418	0.00598	0.00538	0.00837
25	0.01168	0.07480	0.26673	0.01391	0.01685	0.03846	0.01393	0.01450	0.00948	0.01401	0.00783	0.01115	0.00685	0.00743	0.01198	0.00199	0.46537	0.00423	0.00230	0.00652
26	0.00905	0.00855	0.01408	0.01128	0.01381	0.00833	0.21342	0.01223	0.04845	0.01741	0.26185	0.03296	0.24902	0.00954	0.00701	0.00179	0.06257	0.00859	0.00441	0.00564
27	0.00712	0.00517	0.00645	0.00700	0.00769	0.00491	0.00486	0.00863	0.02891	0.01470	0.15885	0.39257	0.11059	0.15474	0.01015	0.00256	0.00344	0.06251	0.00478	0.00438
28	0.05823	0.01501	0.15216	0.15595	0.14608	0.05471	0.15470	0.04579	0.06303	0.03204	0.01223	0.01521	0.02732	0.00556	0.00533	0.00168	0.00688	0.02246	0.00304	0.02259
29	0.03172	0.29011	0.09051	0.01774	0.26083	0.10129	0.03450	0.01640	0.01187	0.03411	0.01169	0.01329	0.05410	0.00532	0.00458	0.00143	0.00633	0.00426	0.00272	0.00722
30	0.14906	0.37628	0.05129	0.01012	0.02891	0.07470	0.00904	0.08788	0.04598	0.08939	0.02685	0.01124	0.00880	0.00529	0.00409	0.00139	0.00557	0.00366	0.00336	0.00708

[dist]
# distance from previous block
# <min> <max>
0	22

[block]
# block no. 4 follows, 46 sequences, length 34
# corresponding to MSA columns:
# 478-511
name=unknown_E
#
# <colnr> <probs for GDERKNQSTAVLIFYWHMCP>
#	G	D	E	R	K	N	Q	S	T	A	V	L	I	F	Y	W	H	M	C	P
0	0.01201	0.37949	0.32265	0.01169	0.01688	0.01589	0.01314	0.01546	0.01075	0.01440	0.02441	0.01226	0.00853	0.00691	0.03797	0.00178	0.06271	0.02372	0.00242	0.00694
1	0.00988	0.00848	0.01310	0.28955	0.15696	0.00922	0.01082	0.04352	0.01283	0.01742	0.23590	0.05977	0.04236	0.00818	0.00578	0.00176	0.00510	0.05946	0.00388	0.00602
2	0.00640	0.00475	0.00598	0.00696	0.00756	0.00433	0.00473	0.00741	0.01051	0.01365	0.03402	0.65882	0.18375	0.01593	0.00665	0.00207	0.00299	0.01425	0.00491	0.00433
3	0.03690	0.01201	0.01410	0.01108	0.01478	0.01275	0.03215	0.39821	0.07054	0.21906	0.03390	0.03798	0.01223	0.00684	0.00565	0.00165	0.02882	0.00540	0.03762	0.00834
4	0.00755	0.00566	0.00850	0.00850	0.00944	0.00661	0.00661	0.00944	0.00850	0.01227	0.01416	0.02077	0.01322	0.03965	0.79326	0.00850	0.01416	0.00566	0.00283	0.00472
5	0.05472	0.01238	0.01265	0.01018	0.01396	0.16979	0.00820	0.02441	0.01486	0.59651	0.01772	0.01589	0.01151	0.00625	0.00512	0.00158	0.00552	0.00483	0.00563	0.00828
6	0.01157	0.01157	0.01619	0.01388	0.01388	0.01619	0.01157	0.01272	0.00810	0.01272	0.00694	0.01157	0.00694	0.00925	0.01735	0.00231	0.80453	0.00463	0.00231	0.00578
7	0.25018	0.01060	0.01182	0.00933	0.01323	0.01077	0.00770	0.18345	0.01556	0.41247	0.01538	0.01426	0.01017	0.00605	0.00475	0.00163	0.00467	0.00452	0.00537	0.00810
8	0.63433	0.01137	0.05976	0.00812	0.01168	0.01169	0.00714	0.07342	0.01070	0.06967	0.00912	0.01033	0.00691	0.00709	0.04840	0.00202	0.00506	0.00338	0.00353	0.00626
9	0.01322	0.36000	0.10258	0.01512	0.08712	0.04822	0.19712	0.01622	0.01153	0.01488	0.00885	0.01087	0.00732	0.00456	0.00453	0.00136	0.00674	0.00400	0.00249	0.08327
10	0.01053	0.06438	0.04674	0.01480	0.18384	0.02507	0.08180	0.01377	0.04232	0.03591	0.31824	0.07460	0.04954	0.00826	0.00572	0.00165	0.00469	0.00750	0.00426	0.00638
11	0.00682	0.00487	0.00656	0.00779	0.00826	0.00462	0.00556	0.00801	0.01049	0.01391	0.02893	0.67524	0.03415	0.01621	0.00685	0.00220	0.00339	0.14685	0.00490	0.00440
12	0.01479	0.01262	0.01506	0.05201	0.04833	0.04102	0.07636	0.25881	0.30100	0.02374	0.03682	0.01860	0.06286	0.00691	0.00547	0.00170	0.00541	0.00583	0.00473	0.00791
13	0.00863	0.00660	0.00818	0.00789	0.00945	0.00654	0.02130	0.01293	0.15452	0.03608	0.30214	0.22606	0.13583	0.01176	0.00621	0.00184	0.00322	0.02999	0.00532	0.00551
14	0.01306	0.18763	0.14001	0.00951	0.01461	0.01118	0.00924	0.03218	0.01167	0.09258	0.01018	0.01119	0.00797	0.00454	0.00415	0.00110	0.00502	0.00344	0.00318	0.42756
15	0.00813	0.00508	0.00673	0.00673	0.00695	0.00529	0.00441	0.00783	0.00762	0.01037	0.01373	0.02561	0.01469	0.38787	0.19698	0.27267	0.00698	0.00625	0.00283	0.00326
16	0.01127	0.04659	0.30299	0.01775	0.02348	0.01236	0.39256	0.01590	0.01171	0.01637	0.01192	0.08991	0.01010	0.00583	0.00575	0.00176	0.00783	0.00612	0.00271	0.00709
17	0.01096	0.00940	0.01096	0.00783	0.01253	0.00705	0.00626	0.01331	0.01096	0.01723	0.00940	0.01096	0.00783	0.00392	0.00392	0.00078	0.00392	0.00313	0.00313	0.84653
18	0.01342	0.22832	0.03974	0.01516	0.07548	0.05474	0.13506	0.01598	0.03315	0.04375	0.00899	0.01168	0.00768	0.00639	0.00912	0.00175	0.28577	0.00441	0.00265	0.00674
19	0.01260	0.01250	0.01920	0.27499	0.48790	0.07053	0.01529	0.01573	0.01179	0.01575	0.00964	0.01314	0.00784	0.00495	0.00522	0.00162	0.00677	0.00461	0.00254	0.00741
20	0.00650	0.00512	0.00586	0.00619	0.00742	0.00449	0.00445	0.00788	0.01189	0.01509	0.15690	0.28884	0.43265	0.01399	0.00640	0.00188	0.00277	0.01213	0.00505	0.00449
21	0.00841	0.00557	0.00740	0.00734	0.00828	0.00626	0.00560	0.01033	0.00925	0.01451	0.01510	0.02111	0.01355	0.08124	0.46728	0.00578	0.03324	0.00554	0.26953	0.00471
22	0.00852	0.00608	0.00852	0.00974	0.01095	0.00608	0.00852	0.01095	0.01217	0.01582	0.02799	0.05963	0.03042	0.01460	0.00730	0.00243	0.00487	0.74565	0.00487	0.00487
23	0.01375	0.19442	0.01511	0.01003	0.01209	0.22795	0.00787	0.06562	0.01161	0.01335	0.01085	0.01770	0.01090	0.26228	0.01295	0.00263	0.09763	0.00487	0.00290	0.00550
24	0.01096	0.00940	0.01096	0.00783	0.01253	0.00705	0.00626	0.01331	0.01096	0.01723	0.00940	0.01096	0.00783	0.00392	0.00392	0.00078	0.00392	0.00313	0.00313	0.84653
25	0.01307	0.30645	0.12147	0.17279	0.13356	0.01478	0.04641	0.01605	0.01134	0.07300	0.01038	0.04010	0.00860	0.00535	0.00465	0.00150	0.00627	0.00440	0.00277	0.00707
26	0.01597	0.01497	0.01340	0.01165	0.01484	0.17728	0.00910	0.17848	0.45888	0.02250	0.01690	0.01614	0.01271	0.00664	0.00523	0.00166	0.00564	0.00519	0.00480	0.00803
27	0.85155	0.01022	0.00777	0.00695	0.01022	0.01186	0.00573	0.01554	0.00900	0.02372	0.00736	0.00859	0.00573	0.00491	0.00327	0.00164	0.00409	0.00286	0.00327	0.00573
28	0.00998	0.00940	0.01586	0.80150	0.03641	0.01175	0.01468	0.01351	0.01057	0.01351	0.00940	0.01409	0.00705	0.00529	0.00529	0.00176	0.00705	0.00470	0.00235	0.00587
29	0.00748	0.00540	0.00707	0.00665	0.00790	0.00499	0.00499	0.00998	0.01496	0.02120	0.77844	0.03949	0.04988	0.01081	0.00624	0.00166	0.00249	0.00956	0.00582	0.00499
30	0.00755	0.00566	0.00850	0.00850	0.00944	0.00661	0.00661	0.00944	0.00850	0.01227	0.01416	0.02077	0.01322	0.03965	0.79326	0.00850	0.01416	0.00566	0.00283	0.00472
31	0.01157	0.01157	0.01619	0.01388	0.01388	0.01619	0.01157	0.01272	0.00810	0.01272	0.00694	0.01157	0.00694	0.00925	0.01735	0.00231	0.80453	0.00463	0.00231	0.00578
32	0.01096	0.00940	0.01096	0.00783	0.01253	0.00705	0.00626	0.01331	0.01096	0.01723	0.00940	0.01096	0.00783	0.00392	0.00392	0.00078	0.00392	0.00313	0.00313	0.84653
33	0.02245	0.00885	0.01195	0.00931	0.01315	0.00781	0.00761	0.02481	0.03712	0.71633	0.02056	0.01864	0.01337	0.03258	0.02834	0.00194	0.00478	0.00542	0.00630	0.00868

[dist]
# distance from previous block
# <min> <max>
0	1

[block]
# block no. 5 follows, 46 sequences, length 28
# corresponding to MSA columns:
# 513-540
name=unknown_F
#
# <colnr> <probs for GDERKNQSTAVLIFYWHMCP>
#	G	D	E	R	K	N	Q	S	T	A	V	L	I	F	Y	W	H	M	C	P
0	0.01097	0.00881	0.01019	0.00958	0.05376	0.04584	0.00671	0.01403	0.14962	0.01507	0.01440	0.03761	0.05164	0.01013	0.00990	0.27371	0.00450	0.00497	0.00337	0.26518
1	0.01212	0.03314	0.29307	0.01132	0.01692	0.01034	0.03006	0.09863	0.01281	0.03913	0.02972	0.02768	0.00925	0.00510	0.00467	0.00130	0.00566	0.00411	0.00321	0.35175
2	0.01168	0.01194	0.02270	0.32381	0.23332	0.01253	0.27522	0.01543	0.01163	0.01571	0.01000	0.01388	0.00774	0.00484	0.00560	0.00172	0.00749	0.00524	0.00253	0.00698
3	0.00751	0.00551	0.00765	0.00741	0.00853	0.00565	0.00565	0.00976	0.01230	0.01753	0.46401	0.03179	0.03480	0.02267	0.33003	0.00447	0.00729	0.00796	0.00459	0.00488
4	0.85155	0.01022	0.00777	0.00695	0.01022	0.01186	0.00573	0.01554	0.00900	0.02372	0.00736	0.00859	0.00573	0.00491	0.00327	0.00164	0.00409	0.00286	0.00327	0.00573
5	0.39163	0.01296	0.01168	0.00960	0.01324	0.08690	0.00783	0.25989	0.01553	0.12835	0.01098	0.01127	0.00788	0.00565	0.00434	0.00159	0.00522	0.00386	0.00431	0.00726
6	0.00632	0.00536	0.00546	0.00543	0.00719	0.00449	0.00407	0.00773	0.01222	0.01470	0.09705	0.05019	0.73533	0.01323	0.00625	0.00178	0.00267	0.01106	0.00496	0.00449
7	0.85155	0.01022	0.00777	0.00695	0.01022	0.01186	0.00573	0.01554	0.00900	0.02372	0.00736	0.00859	0.00573	0.00491	0.00327	0.00164	0.00409	0.00286	0.00327	0.00573
8	0.00644	0.00460	0.00613	0.00736	0.00767	0.00429	0.00491	0.00736	0.01012	0.01350	0.02914	0.81076	0.03497	0.01656	0.00675	0.00215	0.00307	0.01503	0.00491	0.00429
9	0.00691	0.00538	0.00627	0.00605	0.00755	0.00475	0.00454	0.00887	0.01362	0.01800	0.44298	0.04476	0.38734	0.01200	0.00624	0.00172	0.00258	0.01030	0.00540	0.00475
10	0.00998	0.00940	0.01586	0.80150	0.03641	0.01175	0.01468	0.01351	0.01057	0.01351	0.00940	0.01409	0.00705	0.00529	0.00529	0.00176	0.00705	0.00470	0.00235	0.00587
11	0.02010	0.01481	0.01587	0.01216	0.01639	0.01639	0.01005	0.76360	0.02486	0.03332	0.01269	0.01269	0.00899	0.00635	0.00529	0.00159	0.00582	0.00476	0.00529	0.00899
12	0.01290	0.01237	0.02112	0.07860	0.73654	0.01251	0.01613	0.01606	0.01195	0.01705	0.00991	0.01314	0.00829	0.00474	0.00524	0.00158	0.00633	0.00471	0.00260	0.00822
13	0.00654	0.00467	0.00625	0.00748	0.00783	0.00438	0.00508	0.00754	0.01022	0.01361	0.02908	0.77409	0.03474	0.01647	0.00677	0.00216	0.00316	0.05070	0.00491	0.00432
14	0.02314	0.00993	0.01285	0.00985	0.01396	0.00916	0.00814	0.14426	0.01669	0.66419	0.01955	0.01714	0.01243	0.00651	0.00531	0.00163	0.00471	0.00523	0.00634	0.00900
15	0.00625	0.00536	0.00536	0.00536	0.00714	0.00446	0.00402	0.00759	0.01205	0.01428	0.05355	0.05088	0.77909	0.01339	0.00625	0.00179	0.00268	0.01116	0.00491	0.00446
16	0.01060	0.02735	0.78682	0.01507	0.02288	0.01228	0.01953	0.01674	0.01116	0.01674	0.00949	0.01116	0.00670	0.00502	0.00502	0.00167	0.00781	0.00391	0.00223	0.00781
17	0.00657	0.00465	0.00610	0.00720	0.00747	0.00438	0.00473	0.00739	0.00987	0.01316	0.02786	0.73146	0.03336	0.09805	0.00881	0.00245	0.00328	0.01428	0.00473	0.00418
18	0.06445	0.01456	0.01543	0.01189	0.01607	0.01615	0.00982	0.72370	0.02401	0.03281	0.01241	0.01247	0.00882	0.00627	0.00518	0.00159	0.00573	0.00466	0.00518	0.00882
19	0.01451	0.01422	0.02233	0.09769	0.23658	0.08360	0.25961	0.13778	0.01437	0.03510	0.01059	0.01326	0.00816	0.00515	0.00579	0.00166	0.02380	0.00511	0.00313	0.00758
20	0.04829	0.06200	0.01448	0.03656	0.01428	0.19165	0.00966	0.10543	0.01211	0.01567	0.00997	0.03238	0.00900	0.01347	0.16036	0.00308	0.24794	0.00464	0.00297	0.00607
21	0.00769	0.00513	0.00577	0.00577	0.00577	0.00513	0.00320	0.00769	0.00769	0.01025	0.01666	0.03460	0.01922	0.81421	0.02691	0.00513	0.00513	0.00769	0.00320	0.00320
22	0.01179	0.06243	0.42130	0.01257	0.01811	0.01247	0.01403	0.08193	0.18315	0.01940	0.07401	0.01654	0.03672	0.00631	0.00517	0.00167	0.00614	0.00506	0.00356	0.00766
23	0.00769	0.00513	0.00577	0.00577	0.00577	0.00513	0.00320	0.00769	0.00769	0.01025	0.01666	0.03460	0.01922	0.81421	0.02691	0.00513	0.00513	0.00769	0.00320	0.00320
24	0.06323	0.01285	0.12078	0.05315	0.01810	0.01043	0.17184	0.08280	0.03448	0.09150	0.04080	0.03670	0.03792	0.00609	0.00522	0.00156	0.00581	0.02557	0.02160	0.15958
25	0.01719	0.11624	0.09891	0.01289	0.03237	0.33634	0.04112	0.07792	0.05419	0.09939	0.02584	0.01218	0.00909	0.00556	0.00483	0.00144	0.00732	0.00409	0.00344	0.03967
26	0.77876	0.03645	0.03059	0.00743	0.01085	0.03354	0.00634	0.01574	0.00928	0.02287	0.00744	0.00868	0.00582	0.00491	0.00337	0.00161	0.00439	0.00291	0.00320	0.00583
27	0.03762	0.12127	0.62822	0.01449	0.02163	0.01337	0.05968	0.01661	0.01112	0.01645	0.00923	0.01093	0.00675	0.00493	0.00484	0.00161	0.00750	0.00387	0.00229	0.00758

[dist]
# distance from previous block
# <min> <max>
0	1

[block]
# block no. 6 follows, 46 sequences, length 25
# corresponding to MSA columns:
# 542-566
name=unknown_G
#
# <colnr> <probs for GDERKNQSTAVLIFYWHMCP>
#	G	D	E	R	K	N	Q	S	T	A	V	L	I	F	Y	W	H	M	C	P
0	0.01467	0.01442	0.15038	0.10482	0.13723	0.03378	0.12161	0.03864	0.01241	0.18292	0.01194	0.01375	0.00870	0.00575	0.00670	0.00171	0.09816	0.00483	0.00344	0.03415
1	0.12648	0.01097	0.01193	0.00907	0.01334	0.01043	0.00736	0.20943	0.04923	0.07031	0.01124	0.01193	0.00856	0.00499	0.00434	0.00120	0.00448	0.00378	0.00402	0.42689
2	0.01096	0.00940	0.01096	0.00783	0.01253	0.00705	0.00626	0.01331	0.01096	0.01723	0.00940	0.01096	0.00783	0.00392	0.00392	0.00078	0.00392	0.00313	0.00313	0.84653
3	0.01415	0.01177	0.01242	0.01082	0.01399	0.01343	0.00852	0.15837	0.61270	0.02384	0.02104	0.01954	0.04096	0.00724	0.00539	0.00176	0.00442	0.00594	0.00535	0.00835
4	0.01192	0.01170	0.01618	0.01381	0.01398	0.01620	0.01150	0.04390	0.00879	0.01358	0.00718	0.01161	0.00702	0.00913	0.01685	0.00228	0.77137	0.00463	0.00244	0.00592
5	0.00735	0.00512	0.00573	0.00584	0.00616	0.00495	0.00348	0.00764	0.00861	0.01119	0.02372	0.10548	0.14343	0.61462	0.02180	0.00432	0.00455	0.00889	0.00363	0.00350
6	0.01177	0.01073	0.01432	0.32940	0.04960	0.06284	0.03986	0.05333	0.15300	0.01609	0.01284	0.05409	0.01064	0.00757	0.00735	0.07313	0.05388	0.00542	0.02788	0.00623
7	0.00918	0.00459	0.00689	0.00689	0.00689	0.00459	0.00459	0.00689	0.00689	0.00918	0.00918	0.01607	0.00918	0.01837	0.02066	0.84619	0.00459	0.00459	0.00230	0.00230
8	0.01449	0.06005	0.01941	0.13260	0.33553	0.20966	0.05175	0.04094	0.01272	0.01563	0.00924	0.01204	0.00763	0.00526	0.00575	0.00157	0.05154	0.00435	0.00266	0.00718
9	0.48424	0.15608	0.06803	0.00919	0.02786	0.06468	0.00809	0.04087	0.01087	0.07637	0.00877	0.00972	0.00675	0.00504	0.00377	0.00153	0.00512	0.00324	0.00327	0.00649
10	0.01236	0.01702	0.23811	0.01864	0.19633	0.04609	0.09444	0.01872	0.17347	0.01754	0.02525	0.01423	0.01002	0.00590	0.00654	0.00174	0.08789	0.00493	0.00313	0.00766
11	0.01290	0.08604	0.10745	0.28841	0.22521	0.08184	0.01410	0.01682	0.05235	0.05035	0.01043	0.01306	0.00807	0.00521	0.00503	0.00161	0.00676	0.00442	0.00278	0.00714
12	0.00779	0.00584	0.00785	0.00808	0.00860	0.00635	0.00580	0.02778	0.00976	0.01347	0.05527	0.37851	0.02470	0.12442	0.19398	0.02558	0.07760	0.01018	0.00395	0.00449
13	0.02841	0.01876	0.37607	0.02011	0.26689	0.01179	0.06082	0.01629	0.04649	0.01704	0.01188	0.07989	0.01012	0.00596	0.00529	0.00169	0.00674	0.00532	0.00278	0.00764
14	0.00644	0.00460	0.00613	0.00736	0.00767	0.00429	0.00491	0.00736	0.01012	0.01350	0.02914	0.81076	0.03497	0.01656	0.00675	0.00215	0.00307	0.01503	0.00491	0.00429
15	0.01215	0.29561	0.39136	0.01430	0.02054	0.01543	0.14904	0.01646	0.01125	0.01530	0.00897	0.01080	0.00696	0.00475	0.00468	0.00151	0.00727	0.00395	0.00232	0.00734
16	0.01632	0.01974	0.01932	0.05567	0.02000	0.44735	0.20799	0.01899	0.03559	0.01426	0.00916	0.01151	0.00743	0.00561	0.00647	0.00160	0.08943	0.00441	0.00273	0.00641
17	0.01331	0.32716	0.24008	0.01342	0.06531	0.08491	0.01295	0.03206	0.02630	0.01468	0.00853	0.01037	0.00712	0.00551	0.00611	0.00152	0.11752	0.00366	0.00245	0.00706
18	0.00918	0.00459	0.00689	0.00689	0.00689	0.00459	0.00459	0.00689	0.00689	0.00918	0.00918	0.01607	0.00918	0.01837	0.02066	0.84619	0.00459	0.00459	0.00230	0.00230
19	0.00785	0.00510	0.00676	0.00660	0.00743	0.00478	0.00471	0.00858	0.01172	0.01608	0.40852	0.06879	0.10944	0.03665	0.01135	0.26548	0.00327	0.00837	0.00451	0.00401
20	0.04844	0.07586	0.09316	0.01972	0.31575	0.04185	0.05237	0.10397	0.02788	0.07919	0.03466	0.01533	0.04514	0.00572	0.00510	0.00157	0.00599	0.00496	0.01561	0.00773
21	0.04396	0.19426	0.18194	0.01346	0.04028	0.18661	0.06970	0.08077	0.01275	0.01606	0.00918	0.01167	0.00765	0.04273	0.00661	0.00169	0.06708	0.00403	0.00274	0.00684
22	0.01265	0.01041	0.01092	0.00985	0.01260	0.01185	0.00765	0.04827	0.62097	0.02181	0.02220	0.02094	0.05081	0.00731	0.00521	0.00172	0.00396	0.00605	0.10702	0.00779
23	0.01039	0.01131	0.06251	0.01697	0.09073	0.01056	0.32342	0.01361	0.01080	0.01507	0.01361	0.05331	0.03414	0.01654	0.25233	0.00389	0.04543	0.00626	0.00285	0.00626
24	0.00891	0.00809	0.01247	0.41454	0.10038	0.00900	0.01080	0.01155	0.01126	0.01439	0.05211	0.08595	0.22285	0.00852	0.00569	0.00177	0.00529	0.00745	0.00341	0.00558

[dist]
# distance from previous block
# <min> <max>
0	12

# created by:
# /st0/software/busco_prod/Augustus/scripts/msa2prfl.pl ./align_prep/56505.fa
