[name]
unknown

[dist]
# distance from previous block
# <min> <max>
0	126

[block]
# block no. 0 follows, 52 sequences, length 32
# corresponding to MSA columns:
# 148-179
name=unknown_A
#
# <colnr> <probs for GDERKNQSTAVLIFYWHMCP>
#	G	D	E	R	K	N	Q	S	T	A	V	L	I	F	Y	W	H	M	C	P
0	0.21821	0.00827	0.00930	0.00783	0.01065	0.00829	0.00626	0.09347	0.03087	0.31216	0.04052	0.09665	0.01381	0.04762	0.00556	0.00170	0.00395	0.03112	0.02047	0.03330
1	0.00763	0.00570	0.00671	0.00716	0.00801	0.02440	0.00502	0.01020	0.10729	0.03878	0.07746	0.53545	0.05494	0.06651	0.00712	0.00204	0.00322	0.02328	0.00451	0.00457
2	0.02108	0.00493	0.00614	0.00684	0.00749	0.00481	0.00482	0.00847	0.05462	0.01329	0.06601	0.51974	0.07304	0.09991	0.00801	0.00221	0.00320	0.08686	0.00437	0.00416
3	0.02341	0.00623	0.03390	0.00692	0.00852	0.00543	0.00546	0.02784	0.02970	0.09491	0.31834	0.19706	0.13632	0.03333	0.00619	0.00176	0.00308	0.05183	0.00483	0.00494
4	0.01420	0.04169	0.01642	0.01260	0.01569	0.07585	0.16542	0.12969	0.20636	0.10757	0.01274	0.01352	0.00957	0.00593	0.00667	0.00160	0.13413	0.00477	0.00376	0.02181
5	0.01076	0.00663	0.00800	0.00733	0.00904	0.00656	0.00551	0.07586	0.08536	0.15613	0.11333	0.15840	0.11011	0.13454	0.04954	0.00243	0.00410	0.03401	0.01696	0.00540
6	0.08100	0.00911	0.01033	0.00834	0.01142	0.00930	0.00677	0.22952	0.06823	0.29385	0.04171	0.01685	0.04763	0.00623	0.00456	0.00145	0.00398	0.00492	0.13771	0.00709
7	0.01306	0.06709	0.06018	0.01407	0.01748	0.17465	0.26851	0.10400	0.03965	0.01605	0.05413	0.03162	0.01021	0.02464	0.00648	0.00161	0.08240	0.00496	0.00297	0.00623
8	0.42651	0.00934	0.00934	0.00775	0.01099	0.00996	0.00634	0.08786	0.07249	0.27249	0.01243	0.01206	0.00863	0.00529	0.00393	0.00150	0.00398	0.00378	0.02869	0.00665
9	0.00589	0.00427	0.00557	0.00661	0.00699	0.00395	0.00444	0.00676	0.00941	0.01243	0.02841	0.76725	0.09023	0.01496	0.00615	0.00194	0.00278	0.01351	0.00450	0.00395
10	0.01150	0.01289	0.02758	0.02149	0.11356	0.01217	0.69444	0.01545	0.01139	0.01556	0.00973	0.01295	0.00739	0.00411	0.00561	0.00161	0.00789	0.00556	0.00245	0.00667
11	0.00593	0.00424	0.00565	0.00673	0.00703	0.00395	0.00450	0.00681	0.00940	0.01256	0.04790	0.80478	0.03243	0.01504	0.00617	0.00196	0.00280	0.01364	0.00452	0.00395
12	0.13489	0.01850	0.37299	0.01162	0.01682	0.05021	0.01250	0.26367	0.01417	0.02102	0.00931	0.01027	0.00673	0.00497	0.00441	0.00146	0.00605	0.00365	0.00314	0.03362
13	0.30743	0.01046	0.01001	0.00826	0.01148	0.10025	0.00668	0.06395	0.01237	0.33653	0.05844	0.01339	0.01068	0.00554	0.00419	0.00145	0.00447	0.00406	0.00440	0.02597
14	0.00710	0.00546	0.00808	0.00759	0.00826	0.00526	0.09234	0.00789	0.00843	0.01127	0.01916	0.34350	0.02215	0.41390	0.01521	0.00327	0.00435	0.00955	0.00350	0.00374
15	0.01336	0.01068	0.01156	0.00959	0.01272	0.01162	0.00764	0.26839	0.37368	0.02301	0.09467	0.01691	0.01494	0.00633	0.00483	0.00146	0.00414	0.00515	0.00471	0.10461
16	0.01205	0.01041	0.01096	0.00986	0.01260	0.01205	0.00767	0.02575	0.79071	0.02027	0.01972	0.01808	0.01479	0.00657	0.00493	0.00164	0.00384	0.00548	0.00493	0.00767
17	0.01269	0.01283	0.01899	0.02778	0.71005	0.10255	0.01424	0.01538	0.01134	0.01538	0.00893	0.01162	0.00751	0.00439	0.00475	0.00142	0.00610	0.00418	0.00241	0.00744
18	0.01230	0.01080	0.01494	0.01889	0.37083	0.01158	0.01099	0.04192	0.37202	0.03608	0.01483	0.01622	0.01171	0.00572	0.00492	0.00156	0.00478	0.02852	0.00379	0.00760
19	0.01005	0.00861	0.01005	0.00718	0.01148	0.00646	0.00574	0.01220	0.01005	0.01579	0.00861	0.01005	0.00718	0.00359	0.00359	0.00072	0.00359	0.00287	0.00287	0.85932
20	0.00915	0.00861	0.01453	0.81804	0.03338	0.01077	0.01346	0.01238	0.00969	0.01238	0.00861	0.01292	0.00646	0.00484	0.00484	0.00161	0.00646	0.00431	0.00215	0.00538
21	0.00828	0.00532	0.00664	0.00609	0.00765	0.00475	0.00465	0.01026	0.01308	0.10717	0.52516	0.03651	0.22594	0.01004	0.00562	0.00155	0.00254	0.00868	0.00521	0.00487
22	0.01500	0.01298	0.01254	0.01062	0.01373	0.10408	0.00841	0.29341	0.43008	0.02295	0.01546	0.01473	0.01150	0.00613	0.00484	0.00153	0.00492	0.00481	0.00462	0.00764
23	0.01185	0.01137	0.01941	0.07009	0.76026	0.01148	0.01480	0.01474	0.01097	0.01566	0.00909	0.01204	0.00761	0.00434	0.00480	0.00145	0.00579	0.00432	0.00239	0.00756
24	0.00701	0.00530	0.00787	0.00782	0.00864	0.00622	0.00606	0.00867	0.00775	0.01120	0.01290	0.01927	0.01216	0.06251	0.76504	0.00755	0.03189	0.00523	0.00260	0.00430
25	0.01198	0.01028	0.01094	0.00959	0.01253	0.01149	0.00749	0.04221	0.68348	0.02001	0.01827	0.01701	0.01377	0.00622	0.00478	0.00153	0.00384	0.00516	0.00469	0.10475
26	0.01136	0.00921	0.01027	0.00960	0.01192	0.01031	0.00770	0.10708	0.46339	0.01955	0.02069	0.07302	0.01831	0.00869	0.00543	0.00179	0.00410	0.19609	0.00478	0.00672
27	0.01199	0.01151	0.01967	0.02974	0.79946	0.01151	0.01487	0.01487	0.01103	0.01583	0.00912	0.01199	0.00768	0.00432	0.00480	0.00144	0.00576	0.00432	0.00240	0.00768
28	0.04366	0.01145	0.01249	0.00940	0.01342	0.01146	0.00769	0.44880	0.01720	0.02434	0.01026	0.01087	0.00771	0.00488	0.00428	0.00116	0.00458	0.00371	0.00399	0.34864
29	0.01145	0.00887	0.01121	0.00873	0.01221	0.00807	0.05819	0.04191	0.17231	0.09063	0.12907	0.01644	0.01496	0.00547	0.00449	0.00119	0.00386	0.00471	0.00399	0.39224
30	0.01663	0.01081	0.01278	0.01001	0.01337	0.01134	0.03405	0.43068	0.05211	0.19150	0.14822	0.01721	0.01572	0.00653	0.00504	0.00149	0.00458	0.00532	0.00510	0.00753
31	0.01873	0.01122	0.01294	0.00987	0.01375	0.01141	0.00813	0.44113	0.01840	0.29737	0.01393	0.01316	0.00944	0.00565	0.00473	0.00140	0.00474	0.00439	0.00505	0.09457

[dist]
# distance from previous block
# <min> <max>
0	2

[block]
# block no. 1 follows, 52 sequences, length 59
# corresponding to MSA columns:
# 182-240
name=unknown_B
#
# <colnr> <probs for GDERKNQSTAVLIFYWHMCP>
#	G	D	E	R	K	N	Q	S	T	A	V	L	I	F	Y	W	H	M	C	P
0	0.00989	0.00805	0.00926	0.00912	0.01112	0.00886	0.00743	0.01807	0.41923	0.01756	0.04188	0.03463	0.06523	0.00968	0.00569	0.00187	0.00397	0.30762	0.00473	0.00612
1	0.01717	0.01582	0.01233	0.01050	0.01351	0.39413	0.00812	0.09813	0.03215	0.18773	0.01194	0.05583	0.00943	0.00573	0.00455	0.00131	0.00633	0.00424	0.00372	0.10734
2	0.01114	0.00955	0.01219	0.01020	0.01165	0.01148	0.00833	0.16473	0.01235	0.01780	0.21255	0.01739	0.01701	0.00789	0.00997	0.00171	0.37403	0.00532	0.00356	0.08115
3	0.01189	0.35385	0.04432	0.00795	0.01226	0.01198	0.00731	0.01390	0.01018	0.05698	0.00841	0.00946	0.00700	0.00399	0.00349	0.00092	0.00441	0.00289	0.00268	0.42613
4	0.02004	0.01097	0.01293	0.00992	0.01373	0.01117	0.00819	0.41262	0.01843	0.40736	0.01529	0.01401	0.01007	0.00591	0.00486	0.00148	0.00474	0.00461	0.00541	0.00824
5	0.01531	0.01203	0.01279	0.01052	0.01384	0.01358	0.00846	0.41367	0.39748	0.02553	0.01558	0.01478	0.01144	0.00619	0.00489	0.00155	0.00460	0.00491	0.00489	0.00796
6	0.01091	0.00751	0.00878	0.00832	0.01022	0.00793	0.00625	0.01751	0.34657	0.13112	0.06502	0.31719	0.02246	0.00985	0.00543	0.00174	0.00341	0.00863	0.00495	0.00621
7	0.01842	0.01357	0.01454	0.01115	0.01503	0.01503	0.00921	0.78330	0.02278	0.03054	0.01163	0.01163	0.00824	0.00582	0.00485	0.00145	0.00533	0.00436	0.00485	0.00824
8	0.00666	0.00513	0.00602	0.00653	0.00739	0.00496	0.00452	0.00898	0.09796	0.01317	0.03029	0.47570	0.21330	0.08661	0.00759	0.00210	0.00301	0.01138	0.00441	0.00431
9	0.00692	0.00519	0.00779	0.00779	0.00865	0.00606	0.00606	0.00865	0.00779	0.01125	0.01298	0.01904	0.01211	0.03634	0.81049	0.00779	0.01298	0.00519	0.00260	0.00433
10	0.00915	0.00861	0.01453	0.81804	0.03338	0.01077	0.01346	0.01238	0.00969	0.01238	0.00861	0.01292	0.00646	0.00484	0.00484	0.00161	0.00646	0.00431	0.00215	0.00538
11	0.00654	0.00456	0.00567	0.00605	0.00640	0.00436	0.00391	0.00736	0.00933	0.01268	0.18137	0.35540	0.02928	0.32960	0.01325	0.00293	0.00343	0.01013	0.00407	0.00368
12	0.01770	0.08700	0.01465	0.01215	0.01478	0.74779	0.00928	0.01897	0.01343	0.01182	0.00743	0.00866	0.00624	0.00493	0.00427	0.00123	0.00846	0.00308	0.00246	0.00567
13	0.16253	0.01025	0.01097	0.00885	0.01229	0.07585	0.00719	0.07590	0.08218	0.48081	0.01558	0.01419	0.01036	0.00570	0.00452	0.00149	0.00451	0.00436	0.00502	0.00747
14	0.01384	0.01071	0.01153	0.00995	0.01295	0.01209	0.00786	0.14052	0.60880	0.08769	0.01845	0.01697	0.01356	0.00641	0.00491	0.00160	0.00409	0.00526	0.00501	0.00781
15	0.01770	0.01889	0.01450	0.01347	0.08053	0.47269	0.00977	0.27915	0.01659	0.01855	0.00904	0.01000	0.00704	0.00522	0.00457	0.00133	0.00733	0.00364	0.00329	0.00668
16	0.83394	0.03838	0.00777	0.00644	0.00948	0.01116	0.00536	0.01425	0.00830	0.02138	0.00675	0.00787	0.00528	0.00449	0.00300	0.00148	0.00380	0.00262	0.00297	0.00528
17	0.01317	0.00904	0.00873	0.00761	0.01013	0.12104	0.00594	0.01567	0.07751	0.26645	0.04277	0.02902	0.35571	0.00871	0.00519	0.00154	0.00400	0.00708	0.00474	0.00595
18	0.01205	0.01041	0.01096	0.00986	0.01260	0.01205	0.00767	0.02575	0.79071	0.02027	0.01972	0.01808	0.01479	0.00657	0.00493	0.00164	0.00384	0.00548	0.00493	0.00767
19	0.00903	0.00452	0.00452	0.00452	0.00565	0.00452	0.00339	0.01129	0.01016	0.01807	0.01581	0.01807	0.01242	0.00565	0.00339	0.00113	0.00226	0.00452	0.85659	0.00452
20	0.00573	0.00491	0.00491	0.00491	0.00655	0.00409	0.00368	0.00695	0.01105	0.01309	0.04909	0.04664	0.79750	0.01227	0.00573	0.00164	0.00245	0.01023	0.00450	0.00409
21	0.00590	0.00422	0.00562	0.00675	0.00703	0.00394	0.00450	0.00675	0.00928	0.01237	0.02671	0.82653	0.03205	0.01518	0.00619	0.00197	0.00281	0.01378	0.00450	0.00394
22	0.00652	0.00514	0.00601	0.00637	0.00780	0.00464	0.00517	0.00816	0.01125	0.01397	0.08750	0.04877	0.48416	0.01251	0.00606	0.00184	0.00314	0.27220	0.00454	0.00425
23	0.01226	0.01237	0.02362	0.16053	0.02494	0.01248	0.50921	0.15021	0.01313	0.01761	0.00991	0.01279	0.00735	0.00453	0.00541	0.00160	0.00737	0.00523	0.00282	0.00663
24	0.00970	0.00794	0.00893	0.00816	0.01017	0.00866	0.00627	0.01822	0.43852	0.01989	0.37200	0.02629	0.02881	0.00809	0.00529	0.00159	0.00313	0.00697	0.00511	0.00627
25	0.01296	0.83261	0.02539	0.00829	0.01244	0.01917	0.00829	0.01451	0.00985	0.01140	0.00674	0.00777	0.00622	0.00415	0.00311	0.00104	0.00518	0.00259	0.00207	0.00622
26	0.67506	0.00912	0.00805	0.00688	0.01004	0.01003	0.00567	0.01635	0.00951	0.19690	0.00952	0.00981	0.00676	0.00483	0.00342	0.00150	0.00383	0.00313	0.00367	0.00592
27	0.00589	0.00428	0.00556	0.00659	0.00699	0.00395	0.00443	0.00676	0.00943	0.01243	0.02858	0.76138	0.09600	0.01494	0.00615	0.00194	0.00278	0.01348	0.00450	0.00395
28	0.00582	0.00453	0.00530	0.00591	0.00681	0.00401	0.00413	0.00684	0.01008	0.01270	0.03685	0.47303	0.37900	0.01386	0.00598	0.00182	0.00265	0.01217	0.00450	0.00401
29	0.06013	0.01432	0.08017	0.01113	0.01524	0.01450	0.00974	0.68055	0.02101	0.02883	0.01114	0.01133	0.00792	0.00565	0.00473	0.00146	0.00541	0.00421	0.00452	0.00800
30	0.00576	0.00490	0.00492	0.00492	0.00651	0.00411	0.00366	0.00696	0.01094	0.01300	0.04824	0.04626	0.77781	0.03290	0.00621	0.00171	0.00251	0.01015	0.00446	0.00406
31	0.01143	0.01185	0.02281	0.11403	0.35424	0.01177	0.35162	0.01514	0.02955	0.01541	0.00961	0.01272	0.00757	0.00433	0.00521	0.00155	0.00685	0.00496	0.00245	0.00692
32	0.00692	0.00519	0.00779	0.00779	0.00865	0.00606	0.00606	0.00865	0.00779	0.01125	0.01298	0.01904	0.01211	0.03634	0.81049	0.00779	0.01298	0.00519	0.00260	0.00433
33	0.00915	0.00861	0.01453	0.81804	0.03338	0.01077	0.01346	0.01238	0.00969	0.01238	0.00861	0.01292	0.00646	0.00484	0.00484	0.00161	0.00646	0.00431	0.00215	0.00538
34	0.01521	0.39699	0.01890	0.01032	0.01360	0.37714	0.00873	0.01764	0.07684	0.01235	0.00816	0.00907	0.00695	0.00473	0.00383	0.00118	0.00668	0.00307	0.00250	0.00607
35	0.01190	0.01141	0.01949	0.05707	0.77290	0.01149	0.01482	0.01479	0.01099	0.01571	0.00910	0.01203	0.00763	0.00434	0.00480	0.00145	0.00578	0.00432	0.00239	0.00760
36	0.00724	0.00528	0.00699	0.00741	0.00816	0.00547	0.00534	0.07217	0.00998	0.01357	0.02153	0.52793	0.02437	0.02044	0.23569	0.00359	0.00593	0.01054	0.00398	0.00441
37	0.10485	0.02063	0.01314	0.01187	0.01421	0.66121	0.00904	0.01818	0.01264	0.01286	0.00732	0.00881	0.00615	0.00523	0.00519	0.00135	0.07607	0.00316	0.00252	0.00555
38	0.00990	0.06923	0.76197	0.01351	0.02051	0.01169	0.01738	0.01530	0.01021	0.01513	0.00859	0.01010	0.00614	0.00458	0.00452	0.00151	0.00705	0.00353	0.00205	0.00711
39	0.01296	0.83261	0.02539	0.00829	0.01244	0.01917	0.00829	0.01451	0.00985	0.01140	0.00674	0.00777	0.00622	0.00415	0.00311	0.00104	0.00518	0.00259	0.00207	0.00622
40	0.00883	0.00758	0.01185	0.12981	0.26461	0.00768	0.00914	0.01144	0.01228	0.01727	0.43194	0.02512	0.02793	0.00739	0.00530	0.00151	0.00399	0.00670	0.00394	0.00568
41	0.00991	0.02384	0.73828	0.01348	0.02027	0.01132	0.01705	0.01622	0.07543	0.01576	0.00962	0.01089	0.00686	0.00477	0.00463	0.00154	0.00688	0.00374	0.00229	0.00720
42	0.02174	0.00825	0.01125	0.00862	0.01237	0.00712	0.00712	0.02362	0.01387	0.80282	0.01912	0.01649	0.01200	0.00600	0.00487	0.00150	0.00412	0.00487	0.00600	0.00825
43	0.01339	0.76498	0.02442	0.00864	0.01265	0.08526	0.00838	0.01492	0.01017	0.01144	0.00680	0.00785	0.00622	0.00422	0.00321	0.00105	0.00548	0.00264	0.00211	0.00617
44	0.00909	0.00703	0.00810	0.00787	0.00939	0.00739	0.00582	0.11073	0.20026	0.01746	0.11328	0.38757	0.07421	0.01112	0.00563	0.00175	0.00330	0.00977	0.00474	0.00547
45	0.00697	0.00499	0.00678	0.00678	0.00729	0.00551	0.00480	0.00801	0.00749	0.01050	0.01390	0.02415	0.01434	0.35661	0.49326	0.00654	0.00964	0.00594	0.00273	0.00377
46	0.00660	0.00472	0.00642	0.00754	0.00813	0.00454	0.00571	0.00795	0.00997	0.01315	0.02632	0.54394	0.03053	0.01452	0.00637	0.00206	0.00342	0.28948	0.00449	0.00413
47	0.01005	0.00861	0.01005	0.00718	0.01148	0.00646	0.00574	0.01220	0.01005	0.01579	0.00861	0.01005	0.00718	0.00359	0.00359	0.00072	0.00359	0.00287	0.00287	0.85932
48	0.03529	0.81100	0.02491	0.00824	0.01236	0.01896	0.00821	0.01450	0.00980	0.01167	0.00674	0.00778	0.00619	0.00416	0.00311	0.00105	0.00514	0.00259	0.00210	0.00619
49	0.01362	0.25196	0.03188	0.01271	0.01624	0.21954	0.21091	0.06239	0.02673	0.01391	0.00924	0.03065	0.00805	0.04999	0.00577	0.00153	0.02195	0.00426	0.00261	0.00606
50	0.00903	0.00731	0.00899	0.00755	0.01057	0.00599	0.00619	0.01122	0.01080	0.01585	0.10666	0.02588	0.01765	0.00713	0.00473	0.00125	0.00368	0.22167	0.00362	0.51423
51	0.04003	0.27479	0.08686	0.01355	0.07648	0.01289	0.23520	0.01446	0.01088	0.05748	0.05650	0.03483	0.05485	0.00536	0.00459	0.00141	0.00578	0.00492	0.00284	0.00631
52	0.00590	0.00442	0.00548	0.00627	0.00692	0.00400	0.00430	0.00690	0.00989	0.01284	0.06384	0.60345	0.21966	0.01425	0.00605	0.00187	0.00270	0.01270	0.00453	0.00400
53	0.01800	0.01356	0.01459	0.01175	0.04105	0.02820	0.00935	0.72068	0.04677	0.02941	0.01174	0.01180	0.00840	0.00578	0.00484	0.00146	0.00536	0.00438	0.00473	0.00816
54	0.81717	0.00911	0.00698	0.00627	0.00917	0.01052	0.00515	0.01408	0.00835	0.02154	0.00724	0.00843	0.00564	0.00456	0.00302	0.00148	0.00367	0.00273	0.04968	0.00521
55	0.00994	0.15065	0.61113	0.01222	0.01839	0.01190	0.01518	0.01459	0.01039	0.01487	0.05315	0.01249	0.03466	0.00508	0.00447	0.00146	0.00642	0.00393	0.00231	0.00677
56	0.00903	0.00452	0.00452	0.00452	0.00565	0.00452	0.00339	0.01129	0.01016	0.01807	0.01581	0.01807	0.01242	0.00565	0.00339	0.00113	0.00226	0.00452	0.85659	0.00452
57	0.00963	0.17028	0.06938	0.00765	0.00972	0.00876	0.00663	0.07452	0.01121	0.01514	0.26573	0.03916	0.02064	0.01089	0.03642	0.22612	0.00436	0.00560	0.00345	0.00472
58	0.01097	0.06897	0.66077	0.01334	0.01974	0.11393	0.01629	0.01581	0.01066	0.01468	0.00844	0.00991	0.00616	0.00463	0.00449	0.00147	0.00726	0.00347	0.00211	0.00691

[dist]
# distance from previous block
# <min> <max>
0	1

[block]
# block no. 2 follows, 52 sequences, length 59
# corresponding to MSA columns:
# 242-300
name=unknown_C
#
# <colnr> <probs for GDERKNQSTAVLIFYWHMCP>
#	G	D	E	R	K	N	Q	S	T	A	V	L	I	F	Y	W	H	M	C	P
0	0.01546	0.43871	0.01972	0.01033	0.01368	0.40409	0.00881	0.01687	0.01174	0.01162	0.00710	0.00824	0.00623	0.00456	0.00372	0.00114	0.00691	0.00285	0.00228	0.00593
1	0.00805	0.01293	0.31790	0.01002	0.01346	0.00742	0.01078	0.01133	0.01057	0.01446	0.03769	0.11935	0.11493	0.01039	0.02102	0.00195	0.00521	0.26363	0.00351	0.00541
2	0.01433	0.01893	0.39882	0.01233	0.01780	0.01284	0.01335	0.37593	0.01628	0.05740	0.01054	0.01117	0.00738	0.00523	0.00473	0.00150	0.00617	0.00401	0.00354	0.00772
3	0.00992	0.00818	0.01011	0.20762	0.03536	0.00872	0.00780	0.19644	0.02840	0.01733	0.02814	0.04067	0.36490	0.00862	0.00527	0.00159	0.00425	0.00717	0.00396	0.00557
4	0.00598	0.00456	0.00537	0.00590	0.00672	0.00409	0.00407	0.00698	0.01001	0.01278	0.07516	0.42439	0.32352	0.07821	0.00745	0.00203	0.00280	0.01163	0.00442	0.00395
5	0.01282	0.01076	0.01168	0.07377	0.01453	0.02478	0.00831	0.10639	0.61676	0.03785	0.01777	0.01679	0.01323	0.00632	0.00491	0.00161	0.00429	0.00522	0.00469	0.00753
6	0.00694	0.00503	0.00677	0.00780	0.00866	0.00486	0.00626	0.00859	0.01046	0.01361	0.02797	0.33501	0.09274	0.01395	0.00643	0.00209	0.00370	0.43041	0.00448	0.00424
7	0.08595	0.23399	0.17427	0.01158	0.07660	0.04778	0.01044	0.12686	0.01265	0.16126	0.01032	0.01080	0.00759	0.00490	0.00416	0.00136	0.00548	0.00362	0.00331	0.00708
8	0.00742	0.00457	0.00556	0.00556	0.00556	0.00457	0.00328	0.00685	0.00685	0.00913	0.01341	0.02710	0.01512	0.60878	0.02311	0.23688	0.00457	0.00628	0.00271	0.00271
9	0.01159	0.01111	0.01895	0.14044	0.69189	0.01141	0.01467	0.01452	0.01085	0.01535	0.00904	0.01212	0.00751	0.00439	0.00480	0.00146	0.00586	0.00432	0.00236	0.00735
10	0.86392	0.00937	0.00712	0.00637	0.00937	0.01087	0.00525	0.01425	0.00825	0.02174	0.00675	0.00787	0.00525	0.00450	0.00300	0.00150	0.00375	0.00262	0.00300	0.00525
11	0.00705	0.00470	0.00529	0.00529	0.00529	0.00470	0.00294	0.00705	0.00705	0.00940	0.01527	0.03171	0.01762	0.82969	0.02467	0.00470	0.00470	0.00705	0.00294	0.00294
12	0.01051	0.00896	0.01191	0.16003	0.14029	0.00985	0.00909	0.04145	0.29228	0.03038	0.17048	0.02102	0.05946	0.00682	0.00509	0.00157	0.00430	0.00593	0.00409	0.00648
13	0.00610	0.00440	0.00577	0.00653	0.00705	0.00408	0.00448	0.00726	0.01029	0.01390	0.19096	0.62569	0.06761	0.01394	0.00607	0.00186	0.00268	0.01256	0.00468	0.00408
14	0.01524	0.01397	0.01256	0.01059	0.01339	0.20402	0.02151	0.30259	0.20905	0.02063	0.01306	0.01504	0.01053	0.10748	0.00722	0.00186	0.00575	0.00470	0.00403	0.00678
15	0.00739	0.00544	0.00723	0.00812	0.00934	0.00528	0.00699	0.00943	0.01113	0.01422	0.03033	0.05306	0.18130	0.01316	0.00650	0.00211	0.00406	0.61602	0.00447	0.00439
16	0.01030	0.02911	0.00983	0.00881	0.01078	0.09766	0.00683	0.01686	0.32845	0.01579	0.07982	0.02077	0.07700	0.01597	0.24623	0.00342	0.00692	0.00570	0.00389	0.00588
17	0.00705	0.00470	0.00529	0.00529	0.00529	0.00470	0.00294	0.00705	0.00705	0.00940	0.01527	0.03171	0.01762	0.82969	0.02467	0.00470	0.00470	0.00705	0.00294	0.00294
18	0.01318	0.01306	0.10065	0.16051	0.34763	0.01241	0.01325	0.24465	0.01423	0.01958	0.00974	0.01186	0.00747	0.00489	0.00480	0.00148	0.00590	0.00425	0.00305	0.00739
19	0.01199	0.01151	0.01967	0.02974	0.79946	0.01151	0.01487	0.01487	0.01103	0.01583	0.00912	0.01199	0.00768	0.00432	0.00480	0.00144	0.00576	0.00432	0.00240	0.00768
20	0.01515	0.01195	0.01270	0.01049	0.01378	0.01350	0.00842	0.39436	0.41705	0.02527	0.01579	0.01494	0.01160	0.00621	0.00489	0.00155	0.00456	0.00494	0.00489	0.00795
21	0.01402	0.01096	0.01218	0.00906	0.01316	0.01052	0.00739	0.37749	0.01608	0.02278	0.01004	0.01080	0.00768	0.00464	0.00419	0.00107	0.00441	0.00358	0.00381	0.45614
22	0.86392	0.00937	0.00712	0.00637	0.00937	0.01087	0.00525	0.01425	0.00825	0.02174	0.00675	0.00787	0.00525	0.00450	0.00300	0.00150	0.00375	0.00262	0.00300	0.00525
23	0.86392	0.00937	0.00712	0.00637	0.00937	0.01087	0.00525	0.01425	0.00825	0.02174	0.00675	0.00787	0.00525	0.00450	0.00300	0.00150	0.00375	0.00262	0.00300	0.00525
24	0.00972	0.02507	0.80458	0.01381	0.02097	0.01125	0.01790	0.01535	0.01023	0.01535	0.00870	0.01023	0.00614	0.00460	0.00460	0.00153	0.00716	0.00358	0.00205	0.00716
25	0.42507	0.00898	0.01093	0.42310	0.02170	0.01082	0.00946	0.01329	0.00899	0.01694	0.00771	0.01046	0.00587	0.00468	0.00395	0.00156	0.00514	0.00349	0.00256	0.00532
26	0.00842	0.00421	0.00631	0.00631	0.00631	0.00421	0.00421	0.00631	0.00631	0.00842	0.00842	0.01473	0.00842	0.01684	0.01894	0.85901	0.00421	0.00421	0.00210	0.00210
27	0.00693	0.00516	0.00763	0.00763	0.00844	0.00597	0.00586	0.00855	0.00774	0.01113	0.01312	0.01982	0.01246	0.08547	0.76183	0.00760	0.01247	0.00531	0.00262	0.00424
28	0.00628	0.00493	0.00567	0.00548	0.00688	0.00432	0.00411	0.00802	0.01234	0.01617	0.41170	0.04158	0.43297	0.01113	0.00572	0.00158	0.00237	0.00952	0.00490	0.00432
29	0.01802	0.02211	0.01375	0.01233	0.01494	0.73290	0.00932	0.07989	0.02851	0.01349	0.00804	0.00914	0.00656	0.00509	0.00442	0.00127	0.00838	0.00326	0.00273	0.00586
30	0.03372	0.01212	0.01324	0.01127	0.01366	0.19392	0.13825	0.15585	0.03490	0.01673	0.02852	0.29302	0.01657	0.00862	0.00532	0.00162	0.00560	0.00762	0.00374	0.00571
31	0.00692	0.00483	0.00585	0.00567	0.00627	0.00462	0.00375	0.00806	0.01040	0.01437	0.39582	0.03431	0.05291	0.40887	0.01494	0.00307	0.00346	0.00797	0.00414	0.00376
32	0.01169	0.26069	0.44807	0.01313	0.07925	0.01362	0.01404	0.04944	0.01088	0.04477	0.00868	0.00995	0.00660	0.00455	0.00420	0.00138	0.00627	0.00343	0.00236	0.00701
33	0.00594	0.00425	0.00566	0.00672	0.00704	0.00396	0.00450	0.00684	0.00945	0.01264	0.05593	0.79655	0.03257	0.01498	0.00617	0.00195	0.00279	0.01359	0.00453	0.00396
34	0.01591	0.07569	0.01319	0.00978	0.01315	0.01239	0.00802	0.29821	0.26377	0.16781	0.01636	0.01551	0.03445	0.00692	0.02512	0.00166	0.00473	0.00487	0.00480	0.00768
35	0.00692	0.00519	0.00779	0.00779	0.00865	0.00606	0.00606	0.00865	0.00779	0.01125	0.01298	0.01904	0.01211	0.03634	0.81049	0.00779	0.01298	0.00519	0.00260	0.00433
36	0.01823	0.01348	0.01444	0.01111	0.01496	0.01494	0.00916	0.76075	0.04564	0.03024	0.01188	0.01183	0.00844	0.00584	0.00485	0.00146	0.00529	0.00440	0.00485	0.00822
37	0.01814	0.01343	0.01438	0.01109	0.01492	0.01490	0.00914	0.74970	0.05685	0.03009	0.01199	0.01192	0.00853	0.00585	0.00485	0.00146	0.00527	0.00441	0.00485	0.00822
38	0.01797	0.07906	0.01534	0.01102	0.01482	0.07430	0.00915	0.66588	0.02109	0.02764	0.01094	0.01111	0.00793	0.00562	0.00467	0.00141	0.00557	0.00413	0.00445	0.00789
39	0.01810	0.02310	0.01373	0.01248	0.01498	0.81024	0.00936	0.01935	0.01373	0.01186	0.00749	0.00874	0.00624	0.00499	0.00437	0.00125	0.00874	0.00312	0.00250	0.00562
40	0.02474	0.01014	0.01319	0.03693	0.21262	0.02366	0.00895	0.17031	0.02389	0.04458	0.00980	0.01176	0.00787	0.00593	0.00600	0.09849	0.00476	0.00384	0.00318	0.27936
41	0.00589	0.00438	0.00550	0.00635	0.00694	0.00399	0.00433	0.00686	0.00977	0.01272	0.05329	0.64335	0.19010	0.01443	0.00608	0.00189	0.00272	0.01290	0.00452	0.00399
42	0.00696	0.00466	0.00531	0.00540	0.00542	0.00464	0.00306	0.00702	0.00722	0.00963	0.01617	0.09457	0.01876	0.76527	0.02320	0.00448	0.00455	0.00758	0.00306	0.00302
43	0.00990	0.02399	0.74250	0.01507	0.08254	0.01127	0.01766	0.01531	0.01029	0.01539	0.00873	0.01037	0.00626	0.00458	0.00462	0.00153	0.00705	0.00364	0.00207	0.00720
44	0.01067	0.01080	0.01593	0.01333	0.01372	0.01464	0.07160	0.01197	0.00774	0.01197	0.00663	0.01080	0.00644	0.00813	0.01510	0.00208	0.75655	0.00436	0.00215	0.00540
45	0.00770	0.00650	0.00727	0.00601	0.00873	0.00515	0.00466	0.00943	0.01091	0.01493	0.11228	0.02988	0.37899	0.00831	0.00481	0.00123	0.00292	0.00693	0.00389	0.36947
46	0.01296	0.83261	0.02539	0.00829	0.01244	0.01917	0.00829	0.01451	0.00985	0.01140	0.00674	0.00777	0.00622	0.00415	0.00311	0.00104	0.00518	0.00259	0.00207	0.00622
47	0.00915	0.00861	0.01453	0.81804	0.03338	0.01077	0.01346	0.01238	0.00969	0.01238	0.00861	0.01292	0.00646	0.00484	0.00484	0.00161	0.00646	0.00431	0.00215	0.00538
48	0.01002	0.00991	0.07289	0.00770	0.01223	0.00684	0.00670	0.01245	0.01006	0.01576	0.00862	0.01006	0.00710	0.00367	0.00367	0.00078	0.00387	0.00293	0.00281	0.79192
49	0.40060	0.08028	0.01180	0.00972	0.02839	0.35403	0.00753	0.03136	0.01106	0.01674	0.00721	0.00839	0.00586	0.00470	0.00367	0.00135	0.00607	0.00290	0.00273	0.00559
50	0.00589	0.00427	0.00557	0.00660	0.00699	0.00395	0.00443	0.00676	0.00942	0.01243	0.02847	0.76504	0.09240	0.01495	0.00615	0.00194	0.00278	0.01350	0.00450	0.00395
51	0.01418	0.55689	0.02261	0.01034	0.01412	0.22473	0.06975	0.01585	0.01098	0.01185	0.00718	0.00844	0.00631	0.00436	0.00364	0.00114	0.00635	0.00298	0.00221	0.00609
52	0.00686	0.00495	0.00648	0.00610	0.00724	0.00457	0.00457	0.00914	0.01372	0.01943	0.79691	0.03620	0.04572	0.00991	0.00572	0.00152	0.00229	0.00876	0.00533	0.00457
53	0.01180	0.01131	0.01932	0.08400	0.74673	0.01146	0.01478	0.01470	0.01094	0.01559	0.00908	0.01206	0.00759	0.00435	0.00480	0.00145	0.00581	0.00432	0.00238	0.00752
54	0.00590	0.00422	0.00562	0.00675	0.00703	0.00394	0.00450	0.00675	0.00928	0.01237	0.02671	0.82653	0.03205	0.01518	0.00619	0.00197	0.00281	0.01378	0.00450	0.00394
55	0.01541	0.01190	0.01272	0.01046	0.01378	0.01338	0.00841	0.39561	0.39622	0.04494	0.01576	0.01489	0.01152	0.00619	0.00489	0.00155	0.00457	0.00492	0.00492	0.00796
56	0.01515	0.01195	0.01270	0.01049	0.01378	0.01350	0.00842	0.39436	0.41705	0.02527	0.01579	0.01494	0.01160	0.00621	0.00489	0.00155	0.00456	0.00494	0.00489	0.00795
57	0.01005	0.00861	0.01005	0.00718	0.01148	0.00646	0.00574	0.01220	0.01005	0.01579	0.00861	0.01005	0.00718	0.00359	0.00359	0.00072	0.00359	0.00287	0.00287	0.85932
58	0.01422	0.00875	0.01099	0.00833	0.01200	0.00764	0.02856	0.11266	0.01331	0.25587	0.10805	0.01604	0.02644	0.00552	0.00449	0.00119	0.00393	0.00458	0.00438	0.35305

[dist]
# distance from previous block
# <min> <max>
0	1

[block]
# block no. 3 follows, 52 sequences, length 19
# corresponding to MSA columns:
# 302-320
name=unknown_D
#
# <colnr> <probs for GDERKNQSTAVLIFYWHMCP>
#	G	D	E	R	K	N	Q	S	T	A	V	L	I	F	Y	W	H	M	C	P
0	0.22016	0.01159	0.01202	0.01036	0.01280	0.08413	0.04762	0.04763	0.31890	0.01845	0.01222	0.01289	0.00954	0.00612	0.00644	0.00165	0.15314	0.00432	0.00360	0.00643
1	0.01093	0.00937	0.01035	0.00855	0.01189	0.00925	0.00669	0.01898	0.41245	0.01797	0.01502	0.04474	0.01203	0.00556	0.00438	0.00124	0.00369	0.00462	0.00399	0.38829
2	0.00703	0.00499	0.00675	0.00766	0.00834	0.00494	0.00598	0.00848	0.00982	0.01296	0.02400	0.30735	0.02713	0.12263	0.04926	0.00275	0.00437	0.37732	0.00418	0.00408
3	0.00640	0.00467	0.00658	0.00716	0.00770	0.00492	0.00514	0.00761	0.00853	0.01176	0.02014	0.43575	0.02259	0.05347	0.36810	0.00468	0.00745	0.00968	0.00359	0.00408
4	0.00705	0.00470	0.00529	0.00529	0.00529	0.00470	0.00294	0.00705	0.00705	0.00940	0.01527	0.03171	0.01762	0.82969	0.02467	0.00470	0.00470	0.00705	0.00294	0.00294
5	0.01064	0.00859	0.01011	0.00725	0.01153	0.00649	0.00581	0.01278	0.01024	0.05548	0.00914	0.01037	0.00742	0.00371	0.00365	0.00076	0.00362	0.00297	0.00303	0.81640
6	0.01205	0.01041	0.01096	0.00986	0.01260	0.01205	0.00767	0.02575	0.79071	0.02027	0.01972	0.01808	0.01479	0.00657	0.00493	0.00164	0.00384	0.00548	0.00493	0.00767
7	0.01005	0.00861	0.01005	0.00718	0.01148	0.00646	0.00574	0.01220	0.01005	0.01579	0.00861	0.01005	0.00718	0.00359	0.00359	0.00072	0.00359	0.00287	0.00287	0.85932
8	0.00665	0.00495	0.00619	0.00588	0.00711	0.00448	0.00441	0.00875	0.01323	0.01828	0.66088	0.03810	0.18247	0.01034	0.00572	0.00154	0.00232	0.00903	0.00518	0.00448
9	0.86392	0.00937	0.00712	0.00637	0.00937	0.01087	0.00525	0.01425	0.00825	0.02174	0.00675	0.00787	0.00525	0.00450	0.00300	0.00150	0.00375	0.00262	0.00300	0.00525
10	0.01199	0.01151	0.01967	0.02974	0.79946	0.01151	0.01487	0.01487	0.01103	0.01583	0.00912	0.01199	0.00768	0.00432	0.00480	0.00144	0.00576	0.00432	0.00240	0.00768
11	0.01867	0.01317	0.01430	0.01096	0.01483	0.01443	0.00905	0.72628	0.02212	0.08851	0.01220	0.01200	0.00852	0.00583	0.00485	0.00146	0.00524	0.00440	0.00493	0.00824
12	0.00695	0.00510	0.00733	0.00733	0.00804	0.00581	0.00549	0.00836	0.00765	0.01091	0.01340	0.02134	0.01312	0.18066	0.66755	0.00723	0.01147	0.00553	0.00266	0.00407
13	0.00866	0.00999	0.15275	0.00859	0.01115	0.00772	0.00782	0.01444	0.22099	0.01805	0.35114	0.12296	0.02856	0.00869	0.00536	0.00161	0.00365	0.00755	0.00453	0.00580
14	0.00903	0.00452	0.00452	0.00452	0.00565	0.00452	0.00339	0.01129	0.01016	0.01807	0.01581	0.01807	0.01242	0.00565	0.00339	0.00113	0.00226	0.00452	0.85659	0.00452
15	0.01246	0.66065	0.04413	0.00874	0.01249	0.05758	0.00855	0.01420	0.01023	0.01194	0.00931	0.01403	0.00905	0.00541	0.00368	0.00122	0.00532	0.10263	0.00241	0.00598
16	0.01225	0.01350	0.07126	0.02429	0.49956	0.07609	0.13917	0.01619	0.07024	0.01577	0.00987	0.01225	0.00795	0.00452	0.00491	0.00148	0.00634	0.00449	0.00258	0.00729
17	0.00968	0.02399	0.75298	0.06635	0.02178	0.01122	0.01761	0.01515	0.01020	0.01515	0.00869	0.01041	0.00616	0.00462	0.00462	0.00154	0.00712	0.00363	0.00205	0.00705
18	0.01041	0.06432	0.02156	0.01762	0.13739	0.01066	0.42563	0.01356	0.01137	0.01553	0.12263	0.09896	0.01528	0.00608	0.00546	0.00158	0.00623	0.00656	0.00304	0.00614

[dist]
# distance from previous block
# <min> <max>
0	1

[block]
# block no. 4 follows, 52 sequences, length 6
# corresponding to MSA columns:
# 322-327
name=unknown_E
#
# <colnr> <probs for GDERKNQSTAVLIFYWHMCP>
#	G	D	E	R	K	N	Q	S	T	A	V	L	I	F	Y	W	H	M	C	P
0	0.00682	0.00538	0.00619	0.00591	0.00739	0.00499	0.00446	0.00960	0.07622	0.01688	0.42361	0.03904	0.35450	0.01061	0.00566	0.00158	0.00248	0.00910	0.00496	0.00463
1	0.00782	0.00635	0.00711	0.00676	0.00844	0.00638	0.00511	0.01272	0.22078	0.01712	0.29404	0.08760	0.28088	0.01014	0.00554	0.00162	0.00279	0.00869	0.00490	0.00520
2	0.00728	0.00520	0.00721	0.00832	0.00921	0.00512	0.00690	0.00913	0.01064	0.01391	0.02595	0.26772	0.02904	0.01388	0.00655	0.00216	0.00401	0.55897	0.00447	0.00432
3	0.00720	0.00540	0.00750	0.00736	0.00790	0.00623	0.00541	0.00837	0.00754	0.01071	0.01324	0.02232	0.01340	0.27513	0.51958	0.00648	0.06391	0.00569	0.00267	0.00397
4	0.02089	0.00962	0.01210	0.00927	0.01306	0.00916	0.00766	0.21959	0.01617	0.60360	0.01719	0.01524	0.01103	0.00595	0.00487	0.00149	0.00444	0.00474	0.00570	0.00825
5	0.01054	0.01044	0.01803	0.08258	0.01904	0.00921	0.32437	0.01358	0.01059	0.01539	0.00910	0.01154	0.00719	0.00390	0.00457	0.00117	0.00571	0.00416	0.00264	0.43626

[dist]
# distance from previous block
# <min> <max>
1	2

[block]
# block no. 5 follows, 52 sequences, length 81
# corresponding to MSA columns:
# 330-410
name=unknown_F
#
# <colnr> <probs for GDERKNQSTAVLIFYWHMCP>
#	G	D	E	R	K	N	Q	S	T	A	V	L	I	F	Y	W	H	M	C	P
0	0.01355	0.04726	0.42270	0.01239	0.01794	0.01313	0.01362	0.33775	0.03910	0.02173	0.01020	0.01097	0.00729	0.00516	0.00467	0.00149	0.00623	0.00393	0.00331	0.00760
1	0.37160	0.06887	0.01114	0.00895	0.01172	0.27386	0.00706	0.07946	0.03884	0.01765	0.00843	0.01043	0.00706	0.06057	0.00514	0.00160	0.00568	0.00333	0.00299	0.00561
2	0.01296	0.83261	0.02539	0.00829	0.01244	0.01917	0.00829	0.01451	0.00985	0.01140	0.00674	0.00777	0.00622	0.00415	0.00311	0.00104	0.00518	0.00259	0.00207	0.00622
3	0.01036	0.01028	0.01917	0.19171	0.27281	0.01046	0.24690	0.01344	0.01070	0.01458	0.01198	0.09606	0.01098	0.00599	0.00534	0.00164	0.00627	0.05237	0.00270	0.00627
4	0.01871	0.01311	0.01426	0.01093	0.01480	0.01434	0.00903	0.71702	0.02201	0.09792	0.01229	0.01206	0.00857	0.00583	0.00485	0.00146	0.00523	0.00441	0.00495	0.00824
5	0.86392	0.00937	0.00712	0.00637	0.00937	0.01087	0.00525	0.01425	0.00825	0.02174	0.00675	0.00787	0.00525	0.00450	0.00300	0.00150	0.00375	0.00262	0.00300	0.00525
6	0.01060	0.01060	0.01484	0.01272	0.01272	0.01484	0.01060	0.01166	0.00742	0.01166	0.00636	0.01060	0.00636	0.00848	0.01590	0.00212	0.82082	0.00424	0.00212	0.00530
7	0.00624	0.00496	0.00565	0.00610	0.00718	0.00456	0.00433	0.00813	0.06290	0.01324	0.03665	0.40895	0.38712	0.01325	0.00589	0.00179	0.00271	0.01156	0.00453	0.00426
8	0.02174	0.00825	0.01125	0.00862	0.01237	0.00712	0.00712	0.02362	0.01387	0.80282	0.01912	0.01649	0.01200	0.00600	0.00487	0.00150	0.00412	0.00487	0.00600	0.00825
9	0.01111	0.01064	0.01795	0.25461	0.53937	0.01147	0.01425	0.01399	0.01046	0.01463	0.00883	0.01219	0.00726	0.00468	0.00539	0.00152	0.04813	0.00431	0.00231	0.00690
10	0.00591	0.00426	0.00560	0.00665	0.00701	0.00395	0.00446	0.00680	0.00944	0.01253	0.04133	0.77549	0.06873	0.01495	0.00616	0.00194	0.00279	0.01352	0.00451	0.00395
11	0.00683	0.00499	0.00706	0.00719	0.00782	0.00556	0.00528	0.00813	0.00781	0.01102	0.01496	0.11193	0.01541	0.18674	0.56908	0.00654	0.01025	0.00651	0.00287	0.00402
12	0.00596	0.00424	0.00561	0.00668	0.00695	0.00397	0.00442	0.00676	0.00917	0.01223	0.02616	0.78869	0.03136	0.05396	0.00707	0.00210	0.00290	0.01346	0.00442	0.00389
13	0.00915	0.00861	0.01453	0.81804	0.03338	0.01077	0.01346	0.01238	0.00969	0.01238	0.00861	0.01292	0.00646	0.00484	0.00484	0.00161	0.00646	0.00431	0.00215	0.00538
14	0.01176	0.53492	0.31263	0.01033	0.01558	0.01626	0.01184	0.01482	0.00999	0.01286	0.00746	0.00868	0.00619	0.00431	0.00366	0.00122	0.00591	0.00296	0.00206	0.00657
15	0.00708	0.00535	0.00671	0.00747	0.00833	0.00535	0.00552	0.00993	0.11344	0.01389	0.02709	0.51457	0.08066	0.01349	0.00609	0.00195	0.00325	0.16074	0.00455	0.00455
16	0.00991	0.00966	0.01504	0.42312	0.04367	0.01264	0.02525	0.01218	0.00874	0.01220	0.00764	0.01186	0.00646	0.00645	0.00982	0.00184	0.37165	0.00430	0.00215	0.00542
17	0.00752	0.00537	0.00746	0.00851	0.00952	0.00532	0.00723	0.00957	0.01103	0.01446	0.06251	0.15375	0.02928	0.01345	0.00658	0.00216	0.00414	0.63322	0.00451	0.00440
18	0.01144	0.01307	0.02859	0.02042	0.02533	0.01225	0.78186	0.01552	0.01144	0.01552	0.00980	0.01307	0.00735	0.00408	0.00572	0.00163	0.00817	0.00572	0.00245	0.00654
19	0.16817	0.01283	0.01323	0.01030	0.01403	0.01429	0.00851	0.64709	0.02021	0.02898	0.01077	0.01097	0.00771	0.00558	0.00452	0.00146	0.00505	0.00406	0.00452	0.00771
20	0.00705	0.00470	0.00529	0.00529	0.00529	0.00470	0.00294	0.00705	0.00705	0.00940	0.01527	0.03171	0.01762	0.82969	0.02467	0.00470	0.00470	0.00705	0.00294	0.00294
21	0.00781	0.00558	0.00781	0.00892	0.01004	0.00558	0.00781	0.01004	0.01116	0.01450	0.02566	0.05466	0.02789	0.01339	0.00669	0.00223	0.00446	0.76685	0.00446	0.00446
22	0.00699	0.00495	0.00654	0.00654	0.00697	0.00538	0.00450	0.00785	0.00742	0.01032	0.01413	0.02538	0.01487	0.43316	0.41743	0.00624	0.00884	0.00612	0.00277	0.00363
23	0.01199	0.01151	0.01967	0.02974	0.79946	0.01151	0.01487	0.01487	0.01103	0.01583	0.00912	0.01199	0.00768	0.00432	0.00480	0.00144	0.00576	0.00432	0.00240	0.00768
24	0.01479	0.15377	0.24812	0.01094	0.04350	0.01112	0.01079	0.05320	0.06489	0.27965	0.05238	0.01387	0.01084	0.00544	0.00454	0.00144	0.00520	0.00430	0.00387	0.00734
25	0.27679	0.01148	0.01149	0.00928	0.01272	0.02505	0.00759	0.36515	0.10122	0.11578	0.01183	0.01171	0.00845	0.00550	0.00429	0.00149	0.00460	0.00399	0.00439	0.00722
26	0.56157	0.01393	0.00952	0.00851	0.01138	0.26764	0.00671	0.04392	0.01054	0.01889	0.00716	0.00829	0.00568	0.00471	0.00351	0.00142	0.00541	0.00285	0.00291	0.00548
27	0.01481	0.01161	0.01762	0.02015	0.36967	0.05024	0.11126	0.06991	0.07645	0.19044	0.01237	0.01344	0.00914	0.00498	0.00493	0.00149	0.00567	0.00466	0.00358	0.00759
28	0.00842	0.00421	0.00631	0.00631	0.00631	0.00421	0.00421	0.00631	0.00631	0.00842	0.00842	0.01473	0.00842	0.01684	0.01894	0.85901	0.00421	0.00421	0.00210	0.00210
29	0.86392	0.00937	0.00712	0.00637	0.00937	0.01087	0.00525	0.01425	0.00825	0.02174	0.00675	0.00787	0.00525	0.00450	0.00300	0.00150	0.00375	0.00262	0.00300	0.00525
30	0.01047	0.00886	0.01027	0.00738	0.01166	0.00689	0.00592	0.05097	0.01069	0.01653	0.00877	0.01013	0.00723	0.00370	0.00365	0.00075	0.00368	0.00295	0.00297	0.81652
31	0.01360	0.01087	0.01191	0.00930	0.01306	0.01099	0.00749	0.29598	0.21254	0.02229	0.01253	0.01266	0.00949	0.00516	0.00439	0.00122	0.00429	0.00407	0.00411	0.33404
32	0.00704	0.00472	0.00538	0.00538	0.00541	0.00475	0.00305	0.00711	0.00707	0.00946	0.01519	0.03125	0.01742	0.80077	0.05332	0.00481	0.00500	0.00698	0.00292	0.00299
33	0.01060	0.01125	0.02034	0.01567	0.01799	0.01281	0.36129	0.01304	0.00948	0.01351	0.01054	0.04171	0.04287	0.00688	0.01048	0.00187	0.38594	0.00551	0.00246	0.00576
34	0.00903	0.00452	0.00452	0.00452	0.00565	0.00452	0.00339	0.01129	0.01016	0.01807	0.01581	0.01807	0.01242	0.00565	0.00339	0.00113	0.00226	0.00452	0.85659	0.00452
35	0.01782	0.01327	0.01420	0.01103	0.01480	0.01475	0.00906	0.71154	0.09553	0.02957	0.01240	0.01225	0.00886	0.00589	0.00486	0.00147	0.00519	0.00447	0.00486	0.00819
36	0.02122	0.00826	0.01119	0.00856	0.01233	0.00709	0.00706	0.02311	0.01370	0.76784	0.01865	0.01621	0.01178	0.00589	0.00482	0.00146	0.00410	0.00478	0.00586	0.04607
37	0.01221	0.01074	0.01103	0.00993	0.01266	0.03257	0.00771	0.02559	0.77074	0.02006	0.01941	0.01784	0.01457	0.00653	0.00492	0.00163	0.00396	0.00542	0.00487	0.00762
38	0.86392	0.00937	0.00712	0.00637	0.00937	0.01087	0.00525	0.01425	0.00825	0.02174	0.00675	0.00787	0.00525	0.00450	0.00300	0.00150	0.00375	0.00262	0.00300	0.00525
39	0.01502	0.01188	0.01263	0.01046	0.01373	0.01344	0.00839	0.37831	0.43332	0.02505	0.01596	0.01508	0.01174	0.00622	0.00489	0.00156	0.00453	0.00496	0.00489	0.00794
40	0.00692	0.00519	0.00779	0.00779	0.00865	0.00606	0.00606	0.00865	0.00779	0.01125	0.01298	0.01904	0.01211	0.03634	0.81049	0.00779	0.01298	0.00519	0.00260	0.00433
41	0.00915	0.00861	0.01453	0.81804	0.03338	0.01077	0.01346	0.01238	0.00969	0.01238	0.00861	0.01292	0.00646	0.00484	0.00484	0.00161	0.00646	0.00431	0.00215	0.00538
42	0.01296	0.83261	0.02539	0.00829	0.01244	0.01917	0.00829	0.01451	0.00985	0.01140	0.00674	0.00777	0.00622	0.00415	0.00311	0.00104	0.00518	0.00259	0.00207	0.00622
43	0.00972	0.02507	0.80458	0.01381	0.02097	0.01125	0.01790	0.01535	0.01023	0.01535	0.00870	0.01023	0.00614	0.00460	0.00460	0.00153	0.00716	0.00358	0.00205	0.00716
44	0.01361	0.01118	0.01184	0.01018	0.01320	0.01278	0.00805	0.21111	0.60281	0.02278	0.01774	0.01650	0.01319	0.00639	0.00491	0.00160	0.00420	0.00521	0.00491	0.00781
45	0.02174	0.00825	0.01125	0.00862	0.01237	0.00712	0.00712	0.02362	0.01387	0.80282	0.01912	0.01649	0.01200	0.00600	0.00487	0.00150	0.00412	0.00487	0.00600	0.00825
46	0.01005	0.00861	0.01005	0.00718	0.01148	0.00646	0.00574	0.01220	0.01005	0.01579	0.00861	0.01005	0.00718	0.00359	0.00359	0.00072	0.00359	0.00287	0.00287	0.85932
47	0.00613	0.00454	0.00533	0.00586	0.00646	0.00417	0.00388	0.00688	0.00924	0.01185	0.03040	0.40594	0.25044	0.21364	0.01057	0.00254	0.00317	0.01110	0.00412	0.00374
48	0.01805	0.00743	0.01025	0.00835	0.01135	0.00672	0.00676	0.01983	0.01248	0.60921	0.01854	0.07167	0.01337	0.01199	0.14765	0.00264	0.00560	0.00553	0.00529	0.00726
49	0.00669	0.00482	0.00633	0.00621	0.00720	0.00446	0.00456	0.00872	0.01293	0.01818	0.66049	0.17618	0.04330	0.01084	0.00580	0.00160	0.00238	0.00965	0.00519	0.00446
50	0.86392	0.00937	0.00712	0.00637	0.00937	0.01087	0.00525	0.01425	0.00825	0.02174	0.00675	0.00787	0.00525	0.00450	0.00300	0.00150	0.00375	0.00262	0.00300	0.00525
51	0.01390	0.01133	0.01200	0.01024	0.01330	0.01292	0.00812	0.24538	0.56807	0.02325	0.01738	0.01621	0.01289	0.00636	0.00491	0.00159	0.00427	0.00516	0.00491	0.00784
52	0.01522	0.00805	0.00992	0.00848	0.01127	0.00791	0.00676	0.02046	0.23850	0.38323	0.08325	0.07658	0.05709	0.00776	0.00517	0.00162	0.00374	0.04250	0.00539	0.00711
53	0.00590	0.00422	0.00562	0.00675	0.00703	0.00394	0.00450	0.00675	0.00928	0.01237	0.02671	0.82653	0.03205	0.01518	0.00619	0.00197	0.00281	0.01378	0.00450	0.00394
54	0.12099	0.00838	0.01076	0.00836	0.01202	0.00756	0.00690	0.02251	0.01321	0.71077	0.01766	0.01548	0.01120	0.00582	0.00465	0.00150	0.00408	0.00461	0.00564	0.00789
55	0.00615	0.00488	0.00553	0.00547	0.00683	0.00426	0.00406	0.00774	0.01190	0.01537	0.32145	0.09551	0.47046	0.01160	0.00575	0.00162	0.00242	0.00993	0.00481	0.00426
56	0.02098	0.00849	0.01129	0.00870	0.01236	0.00756	0.00717	0.07442	0.01447	0.72208	0.04697	0.01688	0.01297	0.00613	0.00490	0.00150	0.00414	0.00498	0.00590	0.00811
57	0.00991	0.00685	0.00789	0.00719	0.00902	0.00713	0.00553	0.01582	0.26187	0.07239	0.35717	0.02585	0.02764	0.00782	0.00500	0.00149	0.00290	0.00670	0.15602	0.00580
58	0.00615	0.00454	0.00570	0.00621	0.00694	0.00415	0.00433	0.00740	0.01065	0.01420	0.22554	0.46403	0.17065	0.03797	0.00654	0.00188	0.00267	0.01167	0.00466	0.00409
59	0.06597	0.00491	0.00552	0.00583	0.00686	0.00481	0.00419	0.01000	0.00986	0.05515	0.02111	0.36995	0.04422	0.00994	0.00472	0.00155	0.00270	0.00861	0.35959	0.00449
60	0.01199	0.00961	0.01031	0.00923	0.01189	0.01079	0.00719	0.02345	0.64594	0.07249	0.04579	0.02104	0.08458	0.00714	0.00502	0.00163	0.00369	0.00596	0.00498	0.00730
