[name]
unknown

[dist]
# distance from previous block
# <min> <max>
0	56

[block]
# block no. 0 follows, 50 sequences, length 59
# corresponding to MSA columns:
# 66-124
name=unknown_A
#
# <colnr> <probs for GDERKNQSTAVLIFYWHMCP>
#	G	D	E	R	K	N	Q	S	T	A	V	L	I	F	Y	W	H	M	C	P
0	0.00626	0.00447	0.00600	0.00716	0.00753	0.00421	0.00496	0.00727	0.00973	0.01294	0.02737	0.74774	0.03255	0.01544	0.00641	0.00205	0.00306	0.08614	0.00462	0.00410
1	0.01176	0.01345	0.02941	0.02101	0.02605	0.01261	0.77563	0.01597	0.01176	0.01597	0.01008	0.01345	0.00756	0.00420	0.00588	0.00168	0.00840	0.00588	0.00252	0.00672
2	0.01000	0.02578	0.79900	0.01421	0.02157	0.01158	0.01842	0.01579	0.01052	0.01579	0.00895	0.01052	0.00631	0.00474	0.00474	0.00158	0.00737	0.00368	0.00210	0.00737
3	0.02136	0.00985	0.01238	0.00952	0.01339	0.00938	0.00785	0.20606	0.03032	0.59839	0.01782	0.01579	0.01146	0.00614	0.00501	0.00153	0.00454	0.00490	0.00586	0.00847
4	0.01234	0.01184	0.02023	0.03059	0.79373	0.01184	0.01530	0.01530	0.01135	0.01628	0.00938	0.01234	0.00790	0.00444	0.00493	0.00148	0.00592	0.00444	0.00247	0.00790
5	0.00803	0.00585	0.00768	0.00846	0.00966	0.00579	0.00705	0.05021	0.01175	0.01525	0.02839	0.18961	0.10985	0.01356	0.00658	0.00214	0.00411	0.50672	0.00462	0.00466
6	0.01895	0.01396	0.01496	0.01147	0.01546	0.01546	0.00947	0.77711	0.02344	0.03141	0.01197	0.01197	0.00848	0.00598	0.00499	0.00150	0.00548	0.00449	0.00499	0.00848
7	0.01240	0.01071	0.01127	0.01014	0.01296	0.01240	0.00789	0.02649	0.78473	0.02085	0.02029	0.01860	0.01522	0.00676	0.00507	0.00169	0.00394	0.00564	0.00507	0.00789
8	0.01862	0.02376	0.01413	0.01284	0.01541	0.80482	0.00963	0.01990	0.01413	0.01220	0.00770	0.00899	0.00642	0.00514	0.00449	0.00128	0.00899	0.00321	0.00257	0.00578
9	0.00595	0.00501	0.00516	0.00522	0.00679	0.00422	0.00388	0.00723	0.01135	0.01367	0.07796	0.09643	0.71469	0.01272	0.00592	0.00170	0.00254	0.01069	0.00466	0.00422
10	0.00941	0.00886	0.01495	0.81285	0.03433	0.01107	0.01384	0.01274	0.00997	0.01274	0.00886	0.01329	0.00664	0.00498	0.00498	0.00166	0.00664	0.00443	0.00221	0.00554
11	0.00668	0.00480	0.00636	0.00675	0.00753	0.00448	0.00488	0.00837	0.01192	0.01646	0.40521	0.38517	0.03965	0.01281	0.00616	0.00182	0.00273	0.05875	0.00505	0.00441
12	0.01109	0.01057	0.01798	0.36359	0.47047	0.01152	0.01468	0.01421	0.01076	0.01477	0.00916	0.01274	0.00736	0.00467	0.00496	0.00156	0.00623	0.00444	0.00236	0.00689
13	0.00725	0.00483	0.00544	0.00544	0.00544	0.00483	0.00302	0.00725	0.00725	0.00966	0.01571	0.03262	0.01812	0.82483	0.02537	0.00483	0.00483	0.00725	0.00302	0.00302
14	0.00941	0.00886	0.01495	0.81285	0.03433	0.01107	0.01384	0.01274	0.00997	0.01274	0.00886	0.01329	0.00664	0.00498	0.00498	0.00166	0.00664	0.00443	0.00221	0.00554
15	0.01321	0.01111	0.01173	0.01031	0.01327	0.01278	0.00809	0.11971	0.69018	0.02216	0.01925	0.01777	0.01438	0.00667	0.00506	0.00167	0.00414	0.00549	0.00506	0.00796
16	0.03039	0.00975	0.01700	0.52354	0.08764	0.01133	0.12826	0.01329	0.01025	0.01380	0.00983	0.01526	0.00802	0.00551	0.00586	0.00171	0.05544	0.04485	0.00243	0.00584
17	0.01132	0.01274	0.02757	0.01991	0.02458	0.01194	0.71557	0.01526	0.01159	0.01571	0.01144	0.07640	0.00954	0.00509	0.00592	0.00171	0.00797	0.00653	0.00269	0.00651
18	0.01218	0.28278	0.38873	0.01139	0.01700	0.01396	0.01300	0.04614	0.05998	0.05235	0.00963	0.01056	0.00733	0.00477	0.00423	0.00137	0.00607	0.00353	0.00265	0.05233
19	0.01789	0.13703	0.01588	0.01215	0.01504	0.64456	0.00946	0.06626	0.01414	0.01333	0.00786	0.00903	0.00654	0.00507	0.00434	0.00127	0.00825	0.00321	0.00266	0.00603
20	0.07450	0.00850	0.01102	0.00857	0.01224	0.00765	0.00706	0.04351	0.01395	0.68591	0.01847	0.01636	0.01182	0.00605	0.00481	0.00152	0.00415	0.00483	0.05101	0.00808
21	0.00669	0.00467	0.00567	0.00621	0.00649	0.00449	0.00397	0.00723	0.00867	0.01144	0.02342	0.37520	0.07384	0.39125	0.01518	0.00332	0.00384	0.04095	0.00388	0.00360
22	0.00633	0.00478	0.00591	0.00667	0.00753	0.00436	0.00487	0.00757	0.01051	0.01347	0.05516	0.45191	0.26506	0.01428	0.00628	0.00195	0.00301	0.12151	0.00465	0.00419
23	0.00691	0.00469	0.00553	0.00586	0.00595	0.00461	0.00348	0.00716	0.00790	0.01053	0.01905	0.25654	0.02233	0.59516	0.01998	0.00404	0.00428	0.00921	0.00348	0.00331
24	0.00642	0.00461	0.00616	0.00718	0.00768	0.00434	0.00511	0.00761	0.01018	0.01357	0.08222	0.63925	0.04873	0.01490	0.00639	0.00202	0.00309	0.12165	0.00468	0.00418
25	0.01849	0.00935	0.01145	0.00936	0.01282	0.00930	0.00755	0.02514	0.31384	0.49533	0.01991	0.01760	0.01346	0.00640	0.00504	0.00160	0.00413	0.00525	0.00574	0.00825
26	0.02139	0.00890	0.01181	0.00912	0.01282	0.00812	0.00753	0.08348	0.01481	0.69510	0.03831	0.01692	0.01276	0.00633	0.00534	0.00156	0.02639	0.00505	0.00595	0.00830
27	0.86003	0.00964	0.00733	0.00655	0.00964	0.01118	0.00540	0.01465	0.00848	0.02236	0.00694	0.00810	0.00540	0.00463	0.00308	0.00154	0.00386	0.00270	0.00308	0.00540
28	0.00941	0.00886	0.01495	0.81285	0.03433	0.01107	0.01384	0.01274	0.00997	0.01274	0.00886	0.01329	0.00664	0.00498	0.00498	0.00166	0.00664	0.00443	0.00221	0.00554
29	0.01227	0.01072	0.01161	0.01039	0.01297	0.01264	0.00814	0.02526	0.71914	0.02010	0.01913	0.01795	0.01448	0.00693	0.00602	0.00173	0.07246	0.00553	0.00483	0.00768
30	0.01333	0.82783	0.02612	0.00853	0.01279	0.01972	0.00853	0.01493	0.01013	0.01173	0.00693	0.00800	0.00640	0.00426	0.00320	0.00107	0.00533	0.00267	0.00213	0.00640
31	0.00742	0.00578	0.00859	0.00841	0.00923	0.00695	0.00660	0.00915	0.00798	0.01160	0.01281	0.01889	0.01199	0.03510	0.74232	0.00755	0.07719	0.00526	0.00263	0.00453
32	0.01380	0.00641	0.00739	0.00635	0.00850	0.00617	0.00502	0.06730	0.01246	0.24886	0.01697	0.01766	0.01236	0.00593	0.00404	0.00130	0.00310	0.00474	0.54562	0.00604
33	0.00607	0.00434	0.00578	0.00694	0.00723	0.00405	0.00463	0.00694	0.00954	0.01272	0.02747	0.82157	0.03297	0.01562	0.00636	0.00202	0.00289	0.01417	0.00463	0.00405
34	0.00648	0.00467	0.00622	0.00731	0.00786	0.00441	0.00530	0.00767	0.01005	0.01323	0.02847	0.61872	0.07246	0.01507	0.00645	0.00206	0.00323	0.17156	0.00462	0.00417
35	0.03445	0.01112	0.01389	0.40749	0.02399	0.05445	0.01113	0.21969	0.10891	0.01916	0.01125	0.01341	0.00836	0.00550	0.00487	0.00158	0.00590	0.00449	0.03375	0.00659
36	0.00600	0.00460	0.00551	0.00623	0.00704	0.00411	0.00431	0.00702	0.01022	0.01300	0.03608	0.53223	0.31676	0.01450	0.00619	0.00190	0.00275	0.01280	0.00463	0.00411
37	0.01174	0.36048	0.44460	0.01178	0.01766	0.04711	0.01393	0.01559	0.01050	0.01395	0.00805	0.00941	0.00635	0.00456	0.00408	0.00135	0.00658	0.00324	0.00213	0.00690
38	0.28311	0.11386	0.07403	0.00943	0.01296	0.08083	0.00845	0.14787	0.01281	0.10830	0.01111	0.01416	0.00900	0.00591	0.00454	0.00153	0.02460	0.06736	0.00363	0.00652
39	0.77661	0.00952	0.00775	0.00679	0.00995	0.01080	0.00559	0.01561	0.00906	0.09953	0.00821	0.00898	0.00609	0.00478	0.00328	0.00154	0.00389	0.00293	0.00339	0.00571
40	0.01169	0.00848	0.01330	0.22595	0.20574	0.00881	0.02258	0.01443	0.03675	0.15365	0.01689	0.19690	0.03560	0.00784	0.00536	0.00169	0.00499	0.01926	0.00372	0.00634
41	0.00606	0.00506	0.00528	0.00522	0.00683	0.00428	0.00392	0.00747	0.01175	0.01439	0.15553	0.04645	0.68610	0.01228	0.00589	0.00167	0.00250	0.01031	0.00475	0.00428
42	0.01430	0.01177	0.01576	0.26296	0.17368	0.01320	0.01187	0.34475	0.06423	0.02202	0.01102	0.01286	0.00822	0.00542	0.00498	0.00156	0.00583	0.00453	0.00364	0.00742
43	0.00713	0.00478	0.00547	0.00558	0.00561	0.00476	0.00318	0.00722	0.00747	0.00996	0.01684	0.10900	0.01956	0.74648	0.02353	0.00456	0.00464	0.00792	0.00318	0.00312
44	0.02868	0.01303	0.01439	0.01144	0.01501	0.06340	0.06960	0.42806	0.17814	0.04510	0.01612	0.01589	0.06525	0.00640	0.00508	0.00155	0.00535	0.00517	0.00463	0.00770
45	0.00702	0.00501	0.00676	0.00692	0.00741	0.00541	0.00484	0.00802	0.00795	0.01104	0.01622	0.13879	0.01744	0.31973	0.40841	0.00600	0.00877	0.00729	0.00308	0.00387
46	0.01229	0.01198	0.02101	0.02979	0.72894	0.01191	0.07947	0.01535	0.01138	0.01626	0.00944	0.01243	0.00787	0.00442	0.00501	0.00150	0.00613	0.00456	0.00247	0.00780
47	0.00589	0.00505	0.00505	0.00505	0.00673	0.00421	0.00379	0.00715	0.01136	0.01347	0.05049	0.04797	0.79171	0.01262	0.00589	0.00168	0.00252	0.01052	0.00463	0.00421
48	0.01299	0.35985	0.33075	0.01159	0.01677	0.16249	0.01266	0.01619	0.01103	0.01343	0.00787	0.00918	0.00637	0.00461	0.00405	0.00131	0.00682	0.00317	0.00220	0.00667
49	0.01101	0.26801	0.15105	0.34115	0.04408	0.01401	0.07728	0.01427	0.01030	0.01329	0.00839	0.01116	0.00662	0.00464	0.00446	0.00146	0.00648	0.00388	0.00220	0.00627
50	0.01149	0.24325	0.06730	0.00960	0.01215	0.12684	0.00845	0.04597	0.01027	0.01277	0.01006	0.01398	0.00921	0.05992	0.28271	0.00382	0.05995	0.00417	0.00255	0.00555
51	0.00941	0.01000	0.07707	0.01311	0.07996	0.00889	0.19325	0.01291	0.05314	0.01711	0.31875	0.02437	0.03710	0.05905	0.00761	0.00184	0.05995	0.00687	0.00383	0.00578
52	0.00966	0.00793	0.00886	0.00813	0.01017	0.00855	0.00624	0.01785	0.40323	0.01988	0.33965	0.02872	0.09330	0.00866	0.00547	0.00164	0.00317	0.00743	0.00521	0.00627
53	0.01190	0.26771	0.17923	0.01582	0.02107	0.01460	0.38999	0.01561	0.01102	0.01462	0.00889	0.01119	0.00696	0.00433	0.00483	0.00147	0.00725	0.00446	0.00232	0.00675
54	0.00613	0.00439	0.00584	0.00690	0.00724	0.00409	0.00463	0.00710	0.00983	0.01318	0.07572	0.77202	0.03386	0.01527	0.00633	0.00200	0.00286	0.01384	0.00468	0.00409
55	0.00915	0.00677	0.01104	0.35282	0.01917	0.00788	0.02717	0.00963	0.00816	0.01072	0.00869	0.01413	0.00768	0.01135	0.01281	0.43282	0.03954	0.00441	0.00220	0.00386
56	0.01895	0.01396	0.01496	0.01147	0.01546	0.01546	0.00947	0.77711	0.02344	0.03141	0.01197	0.01197	0.00848	0.00598	0.00499	0.00150	0.00548	0.00449	0.00499	0.00848
57	0.01034	0.00886	0.01034	0.00738	0.01181	0.00664	0.00591	0.01255	0.01034	0.01624	0.00886	0.01034	0.00738	0.00369	0.00369	0.00074	0.00369	0.00295	0.00295	0.85530
58	0.06922	0.00986	0.01506	0.06262	0.42227	0.03005	0.02946	0.01365	0.01171	0.03512	0.18046	0.06868	0.01781	0.00649	0.00512	0.00155	0.00495	0.00595	0.00338	0.00659

[dist]
# distance from previous block
# <min> <max>
0	2

[block]
# block no. 1 follows, 50 sequences, length 70
# corresponding to MSA columns:
# 127-170,178-203
name=unknown_B
#
# <colnr> <probs for GDERKNQSTAVLIFYWHMCP>
#	G	D	E	R	K	N	Q	S	T	A	V	L	I	F	Y	W	H	M	C	P
0	0.01146	0.01066	0.01707	0.08514	0.54174	0.01085	0.01294	0.01538	0.08791	0.01649	0.05172	0.05140	0.01168	0.00549	0.00500	0.00151	0.00534	0.00517	0.00299	0.05007
1	0.00638	0.00466	0.00563	0.00616	0.00675	0.00431	0.00411	0.00726	0.00981	0.01283	0.09516	0.42055	0.18879	0.19178	0.01039	0.00253	0.00319	0.01145	0.00435	0.00391
2	0.01862	0.02376	0.01413	0.01284	0.01541	0.80482	0.00963	0.01990	0.01413	0.01220	0.00770	0.00899	0.00642	0.00514	0.00449	0.00128	0.00899	0.00321	0.00257	0.00578
3	0.01333	0.82783	0.02612	0.00853	0.01279	0.01972	0.00853	0.01493	0.01013	0.01173	0.00693	0.00800	0.00640	0.00426	0.00320	0.00107	0.00533	0.00267	0.00213	0.00640
4	0.00607	0.00434	0.00578	0.00694	0.00723	0.00405	0.00463	0.00694	0.00954	0.01272	0.02747	0.82157	0.03297	0.01562	0.00636	0.00202	0.00289	0.01417	0.00463	0.00405
5	0.01111	0.09378	0.32949	0.01548	0.02086	0.04853	0.29439	0.01537	0.01133	0.01547	0.04846	0.01489	0.00991	0.00523	0.00517	0.00159	0.00725	0.04241	0.00257	0.00670
6	0.00866	0.00433	0.00649	0.00649	0.00649	0.00433	0.00433	0.00649	0.00649	0.00866	0.00866	0.01515	0.00866	0.01732	0.01948	0.85498	0.00433	0.00433	0.00216	0.00216
7	0.01091	0.01091	0.01527	0.01309	0.01309	0.01527	0.01091	0.01200	0.00763	0.01200	0.00654	0.01091	0.00654	0.00872	0.01636	0.00218	0.81570	0.00436	0.00218	0.00545
8	0.01284	0.71147	0.13824	0.00935	0.01407	0.01854	0.00996	0.01505	0.01019	0.01232	0.00722	0.00836	0.00638	0.00433	0.00342	0.00114	0.00563	0.00281	0.00213	0.00654
9	0.00652	0.00507	0.00591	0.00570	0.00712	0.00447	0.00428	0.00836	0.01284	0.01696	0.44771	0.04221	0.39231	0.01132	0.00588	0.00162	0.00243	0.00971	0.00509	0.00447
10	0.01959	0.01016	0.01233	0.00957	0.01321	0.01006	0.00786	0.29969	0.01762	0.43851	0.09330	0.01714	0.01436	0.00650	0.00509	0.00153	0.00451	0.00522	0.00567	0.00811
11	0.00653	0.00506	0.00586	0.00566	0.00701	0.00448	0.00419	0.00826	0.01249	0.01645	0.40948	0.04194	0.38886	0.05352	0.00689	0.00179	0.00256	0.00962	0.00496	0.00439
12	0.01346	0.01274	0.02247	0.01651	0.02081	0.01267	0.45708	0.25558	0.01532	0.02056	0.01355	0.05445	0.04826	0.00575	0.00562	0.00164	0.00692	0.00608	0.00351	0.00702
13	0.00941	0.00886	0.01495	0.81285	0.03433	0.01107	0.01384	0.01274	0.00997	0.01274	0.00886	0.01329	0.00664	0.00498	0.00498	0.00166	0.00664	0.00443	0.00221	0.00554
14	0.00716	0.00519	0.00724	0.00724	0.00787	0.00581	0.00527	0.00841	0.00778	0.01100	0.01405	0.02347	0.01415	0.27244	0.57232	0.00706	0.01081	0.00591	0.00277	0.00402
15	0.01369	0.09884	0.47462	0.01203	0.01793	0.01130	0.01398	0.01851	0.05306	0.22059	0.01217	0.01240	0.00838	0.00517	0.00468	0.00152	0.00616	0.00404	0.00333	0.00759
16	0.01888	0.01651	0.01292	0.01112	0.01419	0.39696	0.00863	0.05708	0.13090	0.26242	0.01358	0.01310	0.00971	0.00575	0.00477	0.00144	0.00657	0.00420	0.00420	0.00708
17	0.01862	0.02376	0.01413	0.01284	0.01541	0.80482	0.00963	0.01990	0.01413	0.01220	0.00770	0.00899	0.00642	0.00514	0.00449	0.00128	0.00899	0.00321	0.00257	0.00578
18	0.00611	0.00476	0.00555	0.00598	0.00703	0.00420	0.00425	0.00734	0.01094	0.01395	0.13053	0.36779	0.38668	0.01357	0.00609	0.00181	0.00266	0.01185	0.00473	0.00420
19	0.01240	0.01071	0.01127	0.01014	0.01296	0.01240	0.00789	0.02649	0.78473	0.02085	0.02029	0.01860	0.01522	0.00676	0.00507	0.00169	0.00394	0.00564	0.00507	0.00789
20	0.00630	0.00454	0.00602	0.00711	0.00758	0.00426	0.00499	0.00736	0.00987	0.01303	0.02854	0.68971	0.07176	0.01524	0.00640	0.00204	0.00308	0.10345	0.00462	0.00412
21	0.01176	0.01345	0.02941	0.02101	0.02605	0.01261	0.77563	0.01597	0.01176	0.01597	0.01008	0.01345	0.00756	0.00420	0.00588	0.00168	0.00840	0.00588	0.00252	0.00672
22	0.00663	0.00508	0.00607	0.00582	0.00718	0.00452	0.00437	0.00858	0.01310	0.01759	0.51872	0.04118	0.32091	0.01109	0.00588	0.00161	0.00242	0.00957	0.00517	0.00452
23	0.01333	0.82783	0.02612	0.00853	0.01279	0.01972	0.00853	0.01493	0.01013	0.01173	0.00693	0.00800	0.00640	0.00426	0.00320	0.00107	0.00533	0.00267	0.00213	0.00640
24	0.39928	0.05749	0.37555	0.01035	0.01550	0.01191	0.01171	0.03783	0.00995	0.01906	0.00802	0.00933	0.00596	0.00470	0.00391	0.00153	0.00560	0.00321	0.00264	0.00645
25	0.00980	0.00916	0.01076	0.00982	0.01093	0.08757	0.00775	0.01220	0.06582	0.01258	0.01140	0.01630	0.01051	0.05778	0.38466	0.00484	0.22138	0.00486	0.00274	0.04911
26	0.00652	0.00493	0.00525	0.00529	0.00615	0.00449	0.00346	0.00719	0.00941	0.01169	0.03374	0.06484	0.41157	0.38718	0.01489	0.00315	0.00360	0.00912	0.00389	0.00366
27	0.01257	0.00725	0.00876	0.00823	0.01039	0.04258	0.00680	0.01452	0.01272	0.26221	0.10350	0.03830	0.16022	0.01041	0.00591	0.00183	0.00409	0.27881	0.00509	0.00582
28	0.01036	0.00944	0.01379	0.55921	0.02758	0.01149	0.01196	0.01708	0.25477	0.01530	0.01247	0.01497	0.00935	0.00555	0.00501	0.00167	0.00579	0.00481	0.00312	0.00628
29	0.01204	0.01158	0.01988	0.10795	0.70405	0.01178	0.02943	0.01506	0.01122	0.01593	0.00934	0.01245	0.00777	0.00449	0.00496	0.00150	0.00604	0.00447	0.00244	0.00764
30	0.01193	0.01123	0.01645	0.01319	0.01658	0.01206	0.23690	0.02246	0.51407	0.01935	0.05718	0.01802	0.01458	0.00618	0.00536	0.00168	0.00519	0.00588	0.00433	0.00738
31	0.00617	0.00441	0.00587	0.00688	0.00725	0.00411	0.00463	0.00718	0.00998	0.01342	0.10069	0.74637	0.03432	0.01510	0.00632	0.00198	0.00284	0.01368	0.00471	0.00411
32	0.01034	0.00886	0.01034	0.00738	0.01181	0.00664	0.00591	0.01255	0.01034	0.01624	0.00886	0.01034	0.00738	0.00369	0.00369	0.00074	0.00369	0.00295	0.00295	0.85530
33	0.22477	0.05032	0.01121	0.00822	0.01198	0.02459	0.00675	0.10826	0.05039	0.16357	0.02433	0.01192	0.00892	0.00497	0.00404	0.00126	0.00422	0.00368	0.00392	0.27270
34	0.01232	0.25598	0.21515	0.05307	0.18617	0.08543	0.07379	0.01553	0.01101	0.01423	0.00887	0.01157	0.00738	0.00477	0.00446	0.00141	0.00658	0.02310	0.00233	0.00685
35	0.00787	0.00580	0.00735	0.00745	0.00868	0.00570	0.00577	0.04852	0.05280	0.01761	0.34412	0.21315	0.07059	0.01188	0.00612	0.00183	0.00320	0.17167	0.00502	0.00487
36	0.15577	0.00911	0.01077	0.08891	0.01415	0.00991	0.02223	0.12042	0.15001	0.08177	0.01697	0.06056	0.01524	0.00803	0.00518	0.00176	0.00461	0.18772	0.00428	0.03260
37	0.01565	0.01737	0.41537	0.01156	0.01723	0.00948	0.01297	0.01957	0.01223	0.37227	0.01383	0.01346	0.00910	0.00536	0.00483	0.00154	0.00583	0.00427	0.00399	0.03412
38	0.00607	0.00434	0.00578	0.00694	0.00723	0.00405	0.00463	0.00694	0.00954	0.01272	0.02747	0.82157	0.03297	0.01562	0.00636	0.00202	0.00289	0.01417	0.00463	0.00405
39	0.01862	0.02376	0.01413	0.01284	0.01541	0.80482	0.00963	0.01990	0.01413	0.01220	0.00770	0.00899	0.00642	0.00514	0.00449	0.00128	0.00899	0.00321	0.00257	0.00578
40	0.00668	0.00504	0.00617	0.00597	0.00724	0.00453	0.00445	0.00865	0.01311	0.01780	0.54619	0.08232	0.25128	0.01115	0.00591	0.00162	0.00243	0.00971	0.00520	0.00453
41	0.01091	0.01091	0.01527	0.01309	0.01309	0.01527	0.01091	0.01200	0.00763	0.01200	0.00654	0.01091	0.00654	0.00872	0.01636	0.00218	0.81570	0.00436	0.00218	0.00545
42	0.00740	0.00502	0.00602	0.00630	0.00656	0.00502	0.00416	0.00792	0.00823	0.01089	0.01831	0.05405	0.02077	0.62859	0.02089	0.00421	0.00474	0.17414	0.00340	0.00339
43	0.86003	0.00964	0.00733	0.00655	0.00964	0.01118	0.00540	0.01465	0.00848	0.02236	0.00694	0.00810	0.00540	0.00463	0.00308	0.00154	0.00386	0.00270	0.00308	0.00540
44	0.01041	0.00800	0.00915	0.00829	0.01039	0.00858	0.00638	0.01846	0.38952	0.05863	0.37766	0.02716	0.02983	0.00832	0.00544	0.00163	0.00322	0.00717	0.00532	0.00644
45	0.00820	0.00628	0.00857	0.00769	0.00837	0.00651	0.07166	0.03420	0.02228	0.01160	0.01578	0.10583	0.01754	0.57235	0.03585	0.00404	0.04869	0.00749	0.00318	0.00387
46	0.00612	0.00442	0.00571	0.00672	0.00710	0.00410	0.00448	0.00697	0.00956	0.01262	0.02857	0.72347	0.08832	0.05732	0.00731	0.00214	0.00297	0.01354	0.00454	0.00401
47	0.86003	0.00964	0.00733	0.00655	0.00964	0.01118	0.00540	0.01465	0.00848	0.02236	0.00694	0.00810	0.00540	0.00463	0.00308	0.00154	0.00386	0.00270	0.00308	0.00540
48	0.83372	0.01014	0.03183	0.00679	0.01001	0.01119	0.00580	0.01469	0.00855	0.02216	0.00700	0.00817	0.00543	0.00463	0.00314	0.00154	0.00396	0.00273	0.00305	0.00546
49	0.00861	0.00706	0.01020	0.04770	0.16422	0.00666	0.00752	0.01103	0.01253	0.01783	0.42535	0.06944	0.03085	0.00846	0.00545	0.00151	0.00356	0.04492	0.00434	0.11276
50	0.81738	0.00941	0.00721	0.00648	0.00949	0.01083	0.00532	0.01428	0.00863	0.02192	0.00912	0.01009	0.04466	0.00503	0.00322	0.00155	0.00379	0.00309	0.00316	0.00534
51	0.09710	0.54635	0.12038	0.00939	0.01361	0.01692	0.00958	0.01526	0.01004	0.05208	0.00779	0.00898	0.00659	0.00477	0.00442	0.00128	0.06355	0.00303	0.00243	0.00646
52	0.00711	0.00499	0.00645	0.00653	0.00689	0.00531	0.00437	0.00786	0.00771	0.01062	0.01567	0.08576	0.01705	0.46428	0.32194	0.00584	0.00794	0.00703	0.00300	0.00364
53	0.01651	0.01511	0.01344	0.01118	0.01452	0.20508	0.00885	0.33753	0.23201	0.02288	0.01306	0.01299	0.00978	0.00585	0.00481	0.00145	0.00579	0.00440	0.00430	0.06044
54	0.01520	0.01473	0.30108	0.01097	0.01582	0.00885	0.04620	0.01848	0.01187	0.35498	0.01432	0.01564	0.01022	0.08657	0.00690	0.00185	0.00561	0.00468	0.00403	0.05202
55	0.03741	0.10228	0.26568	0.01026	0.01535	0.01083	0.01067	0.05380	0.08960	0.07570	0.01074	0.01149	0.00809	0.00473	0.00426	0.00126	0.00521	0.00365	0.00315	0.27581
56	0.00803	0.00581	0.00768	0.00742	0.00825	0.00645	0.00542	0.06496	0.00890	0.01241	0.01402	0.02329	0.01402	0.29291	0.49082	0.00649	0.00998	0.00590	0.00296	0.00428
57	0.00618	0.00441	0.00577	0.00677	0.00709	0.00413	0.00449	0.00704	0.00954	0.01272	0.04851	0.72640	0.04699	0.07502	0.00774	0.00221	0.00301	0.01344	0.00453	0.00399
58	0.05883	0.08681	0.01458	0.01133	0.01444	0.36689	0.00900	0.25181	0.06410	0.01907	0.00998	0.01090	0.00785	0.00701	0.04448	0.00170	0.00725	0.00379	0.00346	0.00671
59	0.12343	0.41203	0.01837	0.00864	0.01255	0.01482	0.00783	0.07092	0.06683	0.18431	0.01102	0.01103	0.00835	0.00500	0.00384	0.00130	0.00478	0.00352	0.00355	0.02787
60	0.00698	0.00511	0.00661	0.00687	0.00778	0.00488	0.00499	0.00933	0.05022	0.01693	0.41540	0.34544	0.03903	0.01233	0.00608	0.00179	0.00275	0.04782	0.00508	0.00460
61	0.01007	0.09045	0.14669	0.00804	0.01189	0.00799	0.00774	0.01254	0.01123	0.08187	0.07080	0.02362	0.24413	0.00721	0.00473	0.00132	0.00410	0.00586	0.00366	0.24609
62	0.32204	0.01567	0.01174	0.01010	0.01318	0.29383	0.00798	0.21434	0.01436	0.02084	0.00867	0.00970	0.00673	0.00597	0.02383	0.00160	0.00633	0.00341	0.00338	0.00631
63	0.00725	0.00483	0.00544	0.00544	0.00544	0.00483	0.00302	0.00725	0.00725	0.00966	0.01571	0.03262	0.01812	0.82483	0.02537	0.00483	0.00483	0.00725	0.00302	0.00302
64	0.00941	0.00886	0.01495	0.81285	0.03433	0.01107	0.01384	0.01274	0.00997	0.01274	0.00886	0.01329	0.00664	0.00498	0.00498	0.00166	0.00664	0.00443	0.00221	0.00554
65	0.86003	0.00964	0.00733	0.00655	0.00964	0.01118	0.00540	0.01465	0.00848	0.02236	0.00694	0.00810	0.00540	0.00463	0.00308	0.00154	0.00386	0.00270	0.00308	0.00540
66	0.00929	0.00465	0.00465	0.00465	0.00581	0.00465	0.00348	0.01161	0.01045	0.01858	0.01626	0.01858	0.01278	0.00581	0.00348	0.00116	0.00232	0.00465	0.85250	0.00465
67	0.00617	0.00511	0.00536	0.00547	0.00701	0.00439	0.00416	0.00747	0.01115	0.01340	0.04627	0.04795	0.67556	0.05637	0.00703	0.00191	0.00285	0.08363	0.00454	0.00418
68	0.02003	0.01223	0.01389	0.01065	0.01459	0.01289	0.00880	0.53924	0.02054	0.27338	0.01440	0.01355	0.00970	0.00604	0.00499	0.00151	0.00509	0.00465	0.00536	0.00848
69	0.01333	0.82783	0.02612	0.00853	0.01279	0.01972	0.00853	0.01493	0.01013	0.01173	0.00693	0.00800	0.00640	0.00426	0.00320	0.00107	0.00533	0.00267	0.00213	0.00640

[dist]
# distance from previous block
# <min> <max>
0	19

[block]
# block no. 2 follows, 50 sequences, length 45
# corresponding to MSA columns:
# 223-267
name=unknown_C
#
# <colnr> <probs for GDERKNQSTAVLIFYWHMCP>
#	G	D	E	R	K	N	Q	S	T	A	V	L	I	F	Y	W	H	M	C	P
0	0.00696	0.00513	0.00654	0.00629	0.00753	0.00470	0.00478	0.00917	0.01361	0.01886	0.65196	0.03972	0.14038	0.01071	0.00594	0.00163	0.00251	0.05362	0.00533	0.00463
1	0.00724	0.00486	0.00559	0.00559	0.00564	0.00492	0.00321	0.00735	0.00729	0.00978	0.01557	0.03185	0.01779	0.77826	0.07147	0.00502	0.00534	0.00714	0.00300	0.00310
2	0.00713	0.00531	0.00786	0.00786	0.00870	0.00615	0.00605	0.00881	0.00797	0.01146	0.01349	0.02033	0.01278	0.08239	0.76051	0.00783	0.01286	0.00545	0.00269	0.00437
3	0.01862	0.02376	0.01413	0.01284	0.01541	0.80482	0.00963	0.01990	0.01413	0.01220	0.00770	0.00899	0.00642	0.00514	0.00449	0.00128	0.00899	0.00321	0.00257	0.00578
4	0.01862	0.02376	0.01413	0.01284	0.01541	0.80482	0.00963	0.01990	0.01413	0.01220	0.00770	0.00899	0.00642	0.00514	0.00449	0.00128	0.00899	0.00321	0.00257	0.00578
5	0.00596	0.00505	0.00514	0.00512	0.00677	0.00424	0.00384	0.00728	0.01152	0.01384	0.09282	0.04736	0.74915	0.01248	0.00589	0.00168	0.00251	0.01043	0.00468	0.00424
6	0.01862	0.02376	0.01413	0.01284	0.01541	0.80482	0.00963	0.01990	0.01413	0.01220	0.00770	0.00899	0.00642	0.00514	0.00449	0.00128	0.00899	0.00321	0.00257	0.00578
7	0.00626	0.00506	0.00552	0.00541	0.00690	0.00437	0.00403	0.00780	0.01205	0.01524	0.26158	0.04452	0.55951	0.03197	0.00637	0.00173	0.00253	0.01001	0.00483	0.00432
8	0.00643	0.00488	0.00529	0.00544	0.00630	0.00443	0.00360	0.00716	0.00956	0.01192	0.03425	0.14073	0.39910	0.32364	0.01340	0.00293	0.00345	0.00973	0.00401	0.00373
9	0.01234	0.01184	0.02023	0.03059	0.79373	0.01184	0.01530	0.01530	0.01135	0.01628	0.00938	0.01234	0.00790	0.00444	0.00493	0.00148	0.00592	0.00444	0.00247	0.00790
10	0.00941	0.00886	0.01495	0.81285	0.03433	0.01107	0.01384	0.01274	0.00997	0.01274	0.00886	0.01329	0.00664	0.00498	0.00498	0.00166	0.00664	0.00443	0.00221	0.00554
11	0.02236	0.00848	0.01157	0.00887	0.01272	0.00733	0.00733	0.02429	0.01427	0.79719	0.01966	0.01697	0.01234	0.00617	0.00501	0.00154	0.00424	0.00501	0.00617	0.00848
12	0.01095	0.01043	0.01773	0.40177	0.43340	0.01148	0.01461	0.01408	0.01069	0.01460	0.00913	0.01279	0.00730	0.00470	0.00496	0.00157	0.00626	0.00444	0.00235	0.00678
13	0.01096	0.25781	0.57541	0.01256	0.01903	0.01393	0.01556	0.01554	0.01041	0.01461	0.00836	0.00979	0.00634	0.00460	0.00429	0.00143	0.00678	0.00339	0.00211	0.00709
14	0.31975	0.00941	0.01264	0.45008	0.09217	0.01118	0.01089	0.01366	0.00955	0.01656	0.00821	0.01131	0.00630	0.00481	0.00429	0.00160	0.00556	0.00380	0.00255	0.00569
15	0.01323	0.01112	0.01174	0.01031	0.01328	0.01279	0.00809	0.12219	0.68767	0.02220	0.01923	0.01775	0.01436	0.00666	0.00506	0.00167	0.00414	0.00549	0.00506	0.00796
16	0.50591	0.01214	0.01048	0.00883	0.01195	0.08244	0.00721	0.22485	0.01305	0.02337	0.00837	0.00940	0.00640	0.00528	0.00449	0.00154	0.05116	0.00333	0.00351	0.00628
17	0.01091	0.01091	0.01527	0.01309	0.01309	0.01527	0.01091	0.01200	0.00763	0.01200	0.00654	0.01091	0.00654	0.00872	0.01636	0.00218	0.81570	0.00436	0.00218	0.00545
18	0.01209	0.00879	0.01000	0.00878	0.01136	0.00935	0.00684	0.02080	0.43561	0.11850	0.23078	0.02306	0.02316	0.00747	0.00521	0.00159	0.00353	0.00634	0.00521	0.05153
19	0.01294	0.06506	0.08145	0.01011	0.01344	0.01205	0.00868	0.05318	0.52781	0.08003	0.06672	0.01798	0.01538	0.00656	0.00496	0.00161	0.00432	0.00539	0.00473	0.00761
20	0.07013	0.01344	0.01322	0.01082	0.01427	0.08302	0.00870	0.41957	0.25133	0.04289	0.01396	0.01357	0.01022	0.00606	0.00485	0.00154	0.00520	0.00462	0.00471	0.00787
21	0.01078	0.01311	0.15388	0.01583	0.13970	0.01087	0.17472	0.01699	0.20082	0.01709	0.06218	0.02019	0.06935	0.00654	0.00562	0.00167	0.02358	0.04672	0.00350	0.00686
22	0.35681	0.20288	0.01537	0.17576	0.05195	0.01337	0.04548	0.01448	0.00954	0.03080	0.00781	0.00986	0.00628	0.00478	0.00428	0.00148	0.03715	0.00339	0.00264	0.00590
23	0.00692	0.00509	0.00648	0.00613	0.00737	0.00465	0.00460	0.00915	0.01380	0.01925	0.70764	0.03844	0.13095	0.01046	0.00588	0.00158	0.00237	0.00918	0.00539	0.00465
24	0.03565	0.01239	0.01350	0.01070	0.01433	0.01354	0.00872	0.53381	0.13518	0.11507	0.01458	0.04540	0.01082	0.00647	0.00502	0.00155	0.00498	0.00506	0.00508	0.00815
25	0.00866	0.00433	0.00649	0.00649	0.00649	0.00433	0.00433	0.00649	0.00649	0.00866	0.00866	0.01515	0.00866	0.01732	0.01948	0.85498	0.00433	0.00433	0.00216	0.00216
26	0.01228	0.01047	0.01005	0.00891	0.01149	0.09414	0.00693	0.09550	0.33019	0.06489	0.07016	0.02569	0.22193	0.00823	0.00526	0.00161	0.00419	0.00672	0.00477	0.00660
27	0.00929	0.00465	0.00465	0.00465	0.00581	0.00465	0.00348	0.01161	0.01045	0.01858	0.01626	0.01858	0.01278	0.00581	0.00348	0.00116	0.00232	0.00465	0.85250	0.00465
28	0.01975	0.01268	0.01416	0.01086	0.01482	0.01355	0.00897	0.60059	0.02129	0.21097	0.01377	0.01314	0.00938	0.00603	0.00499	0.00151	0.00519	0.00461	0.00526	0.00848
29	0.01420	0.01204	0.01182	0.00946	0.01316	0.12164	0.00749	0.12304	0.18512	0.08734	0.01261	0.01279	0.00957	0.00511	0.00441	0.00120	0.00479	0.00398	0.00393	0.35630
30	0.01000	0.02578	0.79900	0.01421	0.02157	0.01158	0.01842	0.01579	0.01052	0.01579	0.00895	0.01052	0.00631	0.00474	0.00474	0.00158	0.00737	0.00368	0.00210	0.00737
31	0.00721	0.00482	0.00545	0.00549	0.00549	0.00481	0.00307	0.00724	0.00732	0.00976	0.01609	0.05811	0.01860	0.79868	0.02476	0.00474	0.00477	0.00747	0.00307	0.00305
32	0.01330	0.76210	0.06691	0.00895	0.01334	0.04178	0.00909	0.01511	0.01026	0.01196	0.00706	0.00816	0.00639	0.00431	0.00332	0.00110	0.00554	0.00274	0.00214	0.00643
33	0.43250	0.00954	0.03189	0.00789	0.01146	0.00934	0.00670	0.01933	0.01133	0.39526	0.01312	0.01244	0.00877	0.00537	0.00406	0.00154	0.00414	0.00384	0.00454	0.00694
34	0.07013	0.35728	0.08736	0.01017	0.02844	0.01581	0.00931	0.13901	0.20247	0.01825	0.01124	0.01154	0.00885	0.00522	0.00410	0.00137	0.00511	0.00381	0.00338	0.00714
35	0.00880	0.00754	0.01019	0.14387	0.01418	0.00806	0.04875	0.02482	0.13318	0.02939	0.13845	0.09200	0.25391	0.00939	0.00623	0.00171	0.05193	0.00799	0.00419	0.00542
36	0.01283	0.19080	0.03639	0.01926	0.24716	0.01383	0.23615	0.01597	0.03159	0.06238	0.00971	0.01200	0.00779	0.00488	0.00584	0.00152	0.07766	0.00452	0.00267	0.00703
37	0.01132	0.41140	0.08858	0.00987	0.01363	0.01412	0.08409	0.01481	0.07891	0.01525	0.19365	0.01658	0.01686	0.00592	0.00439	0.00134	0.00499	0.00483	0.00322	0.00624
38	0.08770	0.01136	0.01230	0.00947	0.01341	0.01153	0.00771	0.35737	0.08442	0.06679	0.01169	0.01197	0.00866	0.00521	0.00441	0.00127	0.00456	0.00397	0.00424	0.28197
39	0.00605	0.00507	0.00527	0.00526	0.00689	0.00429	0.00398	0.00743	0.01160	0.01406	0.11333	0.04727	0.70792	0.01245	0.00592	0.00169	0.00256	0.03002	0.00470	0.00426
40	0.01895	0.01396	0.01496	0.01147	0.01546	0.01546	0.00947	0.77711	0.02344	0.03141	0.01197	0.01197	0.00848	0.00598	0.00499	0.00150	0.00548	0.00449	0.00499	0.00848
41	0.00724	0.00486	0.00558	0.00558	0.00563	0.00491	0.00320	0.00734	0.00729	0.00977	0.01557	0.03189	0.01780	0.78072	0.06904	0.00501	0.00531	0.00714	0.00300	0.00310
42	0.00636	0.00460	0.00605	0.00694	0.00750	0.00429	0.00488	0.00756	0.01040	0.01389	0.12610	0.60892	0.07925	0.01459	0.00632	0.00197	0.00295	0.07851	0.00473	0.00419
43	0.02735	0.35013	0.06632	0.08163	0.11451	0.15353	0.02488	0.07813	0.01212	0.01462	0.00927	0.01080	0.02734	0.00489	0.00415	0.00131	0.00625	0.00361	0.00258	0.00657
44	0.01488	0.39824	0.10989	0.01074	0.01478	0.24522	0.01003	0.07847	0.04951	0.01435	0.00843	0.00940	0.00698	0.00483	0.00398	0.00125	0.00657	0.00323	0.00263	0.00657

[dist]
# distance from previous block
# <min> <max>
0	1

[block]
# block no. 3 follows, 50 sequences, length 9
# corresponding to MSA columns:
# 269-277
name=unknown_D
#
# <colnr> <probs for GDERKNQSTAVLIFYWHMCP>
#	G	D	E	R	K	N	Q	S	T	A	V	L	I	F	Y	W	H	M	C	P
0	0.01241	0.60795	0.23800	0.01009	0.01520	0.01749	0.01124	0.01516	0.01024	0.01284	0.00748	0.00869	0.00637	0.00439	0.00362	0.00121	0.00589	0.00294	0.00212	0.00666
1	0.15405	0.01327	0.01373	0.01068	0.01452	0.01477	0.00882	0.65464	0.02103	0.02996	0.01116	0.01135	0.00798	0.00577	0.00468	0.00150	0.00522	0.00420	0.00468	0.00798
2	0.00718	0.00512	0.00689	0.00689	0.00739	0.00562	0.00483	0.00818	0.00768	0.01074	0.01438	0.02527	0.01493	0.38072	0.46511	0.00662	0.00964	0.00617	0.00282	0.00383
3	0.01591	0.00900	0.01105	0.00929	0.01219	0.00900	0.00769	0.24318	0.01639	0.28167	0.14297	0.02689	0.02017	0.00834	0.00553	0.00169	0.00438	0.16223	0.00538	0.00706
4	0.00659	0.00483	0.00620	0.00653	0.00742	0.00444	0.00473	0.00823	0.01189	0.01617	0.37295	0.34520	0.12521	0.01275	0.00612	0.00179	0.00269	0.04686	0.00501	0.00439
5	0.00709	0.00511	0.00710	0.00797	0.00876	0.00512	0.00626	0.00878	0.01037	0.01389	0.07363	0.33474	0.02885	0.01802	0.13484	0.00307	0.00522	0.31247	0.00435	0.00437
6	0.05177	0.00951	0.01539	0.17658	0.08696	0.01003	0.15254	0.06415	0.02857	0.11512	0.01449	0.14186	0.01303	0.00793	0.02375	0.00186	0.04009	0.03653	0.00356	0.00628
7	0.01234	0.01184	0.02023	0.03059	0.79373	0.01184	0.01530	0.01530	0.01135	0.01628	0.00938	0.01234	0.00790	0.00444	0.00493	0.00148	0.00592	0.00444	0.00247	0.00790
8	0.05763	0.01496	0.27512	0.01017	0.01516	0.00966	0.01052	0.09674	0.04838	0.04034	0.06000	0.01275	0.01008	0.00497	0.00439	0.00127	0.00507	0.00392	0.00325	0.31565

[dist]
# distance from previous block
# <min> <max>
0	4

[block]
# block no. 4 follows, 50 sequences, length 25
# corresponding to MSA columns:
# 282-306
name=unknown_E
#
# <colnr> <probs for GDERKNQSTAVLIFYWHMCP>
#	G	D	E	R	K	N	Q	S	T	A	V	L	I	F	Y	W	H	M	C	P
0	0.01714	0.01226	0.01392	0.03777	0.05293	0.01344	0.00926	0.44507	0.20513	0.11808	0.01466	0.01422	0.01047	0.00609	0.00501	0.00155	0.00502	0.00482	0.00493	0.00821
1	0.01360	0.01172	0.01481	0.01214	0.01438	0.06939	0.09265	0.21253	0.03898	0.05669	0.07438	0.01774	0.01286	0.02499	0.02340	0.00196	0.24011	0.05751	0.00372	0.00644
2	0.01518	0.01028	0.01418	0.26026	0.03453	0.07573	0.07148	0.04774	0.01249	0.29025	0.02842	0.01500	0.01001	0.00770	0.06059	0.00199	0.00638	0.00477	0.00389	0.02912
3	0.01528	0.01170	0.01192	0.01004	0.01313	0.07578	0.00802	0.26101	0.27353	0.11408	0.04780	0.01983	0.07698	0.00715	0.00515	0.00159	0.00472	0.02989	0.00493	0.00745
4	0.86003	0.00964	0.00733	0.00655	0.00964	0.01118	0.00540	0.01465	0.00848	0.02236	0.00694	0.00810	0.00540	0.00463	0.00308	0.00154	0.00386	0.00270	0.00308	0.00540
5	0.01132	0.34510	0.49129	0.01195	0.01808	0.01482	0.01448	0.01544	0.01037	0.01417	0.00814	0.00952	0.00635	0.00455	0.00412	0.00137	0.00656	0.00328	0.00212	0.00698
6	0.01236	0.01028	0.01224	0.20858	0.01803	0.01172	0.00920	0.19923	0.30952	0.02038	0.01946	0.01958	0.11399	0.00691	0.00514	0.00164	0.00479	0.00571	0.00429	0.00696
7	0.00737	0.00443	0.00614	0.00656	0.00686	0.00424	0.00444	0.00691	0.00850	0.01131	0.07125	0.33479	0.06938	0.01588	0.01258	0.41025	0.00352	0.00889	0.00351	0.00320
8	0.01810	0.01525	0.01395	0.01130	0.01473	0.19071	0.00904	0.48569	0.06909	0.06591	0.02709	0.01301	0.00964	0.02693	0.00542	0.00155	0.00603	0.00446	0.00447	0.00762
9	0.00676	0.00468	0.00585	0.00651	0.00675	0.00454	0.00426	0.00739	0.00874	0.01162	0.02232	0.41092	0.02619	0.36264	0.01457	0.00325	0.00388	0.08153	0.00393	0.00366
10	0.01075	0.07057	0.35795	0.01669	0.06172	0.01205	0.29671	0.01520	0.01079	0.01526	0.00963	0.01229	0.00738	0.00722	0.07186	0.00211	0.00804	0.00461	0.00233	0.00685
11	0.00715	0.00479	0.00546	0.00556	0.00558	0.00477	0.00315	0.00722	0.00743	0.00991	0.01665	0.09616	0.01932	0.75966	0.02384	0.00461	0.00468	0.00781	0.00315	0.00310
12	0.00965	0.00910	0.01538	0.74985	0.09549	0.01114	0.01396	0.01294	0.01008	0.01302	0.00890	0.01321	0.00675	0.00494	0.00498	0.00165	0.00659	0.00443	0.00224	0.00573
13	0.01240	0.01071	0.01127	0.01014	0.01296	0.01240	0.00789	0.02649	0.78473	0.02085	0.02029	0.01860	0.01522	0.00676	0.00507	0.00169	0.00394	0.00564	0.00507	0.00789
14	0.00791	0.00652	0.00735	0.00782	0.00921	0.05256	0.00647	0.00986	0.01194	0.01499	0.13099	0.04858	0.25121	0.01246	0.00632	0.00196	0.00396	0.40072	0.00460	0.00456
15	0.01288	0.02086	0.56708	0.01273	0.01899	0.01071	0.01519	0.01846	0.07039	0.18670	0.01215	0.01255	0.00831	0.00520	0.00482	0.00158	0.00642	0.00412	0.00322	0.00765
16	0.01261	0.04832	0.22760	0.01122	0.01593	0.08639	0.03822	0.14779	0.03778	0.01824	0.01086	0.01401	0.00889	0.00535	0.00460	0.00134	0.00581	0.05623	0.00317	0.24562
17	0.01473	0.00881	0.01038	0.00861	0.01114	0.00908	0.00671	0.23617	0.05454	0.22171	0.01802	0.02130	0.06672	0.17902	0.10743	0.00302	0.00571	0.00578	0.00458	0.00653
18	0.80160	0.00994	0.00786	0.00690	0.01004	0.01148	0.00568	0.06762	0.00952	0.02299	0.00729	0.00837	0.00561	0.00472	0.00322	0.00154	0.00397	0.00282	0.00322	0.00561
19	0.01051	0.00751	0.00882	0.00795	0.01001	0.00772	0.00622	0.06836	0.21833	0.08319	0.37190	0.03080	0.08560	0.00905	0.00559	0.00164	0.00329	0.05215	0.00528	0.00607
20	0.00628	0.00475	0.00580	0.00620	0.00714	0.00427	0.00440	0.00766	0.01130	0.01488	0.23751	0.38129	0.26388	0.01328	0.00609	0.00180	0.00264	0.01171	0.00486	0.00427
21	0.00672	0.00469	0.00574	0.00624	0.00650	0.00457	0.00398	0.00727	0.00851	0.01130	0.02232	0.35476	0.06170	0.40010	0.05309	0.00363	0.00433	0.02718	0.00377	0.00360
22	0.01010	0.00729	0.00879	0.00792	0.00926	0.00800	0.00586	0.19855	0.01155	0.01579	0.01387	0.02247	0.01355	0.31810	0.32127	0.00523	0.00828	0.00583	0.00337	0.00492
23	0.01862	0.02376	0.01413	0.01284	0.01541	0.80482	0.00963	0.01990	0.01413	0.01220	0.00770	0.00899	0.00642	0.00514	0.00449	0.00128	0.00899	0.00321	0.00257	0.00578
24	0.45232	0.00816	0.00715	0.00644	0.00900	0.00878	0.00515	0.07323	0.01102	0.02000	0.07614	0.02354	0.26696	0.00775	0.00435	0.00159	0.00345	0.00585	0.00391	0.00521

[dist]
# distance from previous block
# <min> <max>
0	4

[block]
# block no. 5 follows, 50 sequences, length 56
# corresponding to MSA columns:
# 311-366
name=unknown_F
#
# <colnr> <probs for GDERKNQSTAVLIFYWHMCP>
#	G	D	E	R	K	N	Q	S	T	A	V	L	I	F	Y	W	H	M	C	P
0	0.54500	0.01033	0.01102	0.10829	0.16113	0.03423	0.00847	0.01502	0.00956	0.04571	0.00808	0.00985	0.00628	0.00470	0.00377	0.00154	0.00474	0.00333	0.00295	0.00600
1	0.00843	0.00630	0.00846	0.00799	0.00846	0.00739	0.00590	0.00937	0.00794	0.03728	0.01361	0.02421	0.01411	0.34989	0.28945	0.00524	0.16104	0.02785	0.00289	0.00420
2	0.01355	0.79350	0.02561	0.00871	0.01290	0.05324	0.00858	0.01514	0.01030	0.01175	0.00696	0.00804	0.00640	0.00430	0.00325	0.00108	0.00549	0.00269	0.00215	0.00637
3	0.00721	0.00499	0.00622	0.00622	0.00649	0.00526	0.00400	0.00775	0.00748	0.01024	0.01499	0.02865	0.01640	0.58520	0.26264	0.00580	0.00742	0.00667	0.00291	0.00346
4	0.00924	0.00571	0.00734	0.00722	0.00884	0.00522	0.00580	0.01117	0.01249	0.13008	0.25059	0.09063	0.20503	0.01149	0.00606	0.00182	0.00332	0.21778	0.00509	0.00507
5	0.00934	0.00554	0.00738	0.00778	0.00890	0.00522	0.00583	0.03268	0.01114	0.13442	0.04255	0.51228	0.02859	0.01341	0.00620	0.00198	0.00348	0.15342	0.00489	0.00498
6	0.00674	0.00453	0.00605	0.00698	0.00745	0.00421	0.00473	0.00773	0.00996	0.04286	0.06696	0.75018	0.03292	0.01497	0.00629	0.00198	0.00291	0.01355	0.00473	0.00425
7	0.01000	0.02578	0.79900	0.01421	0.02157	0.01158	0.01842	0.01579	0.01052	0.01579	0.00895	0.01052	0.00631	0.00474	0.00474	0.00158	0.00737	0.00368	0.00210	0.00737
8	0.00592	0.00505	0.00509	0.00508	0.00675	0.00422	0.00381	0.00721	0.01143	0.01363	0.06941	0.04770	0.77269	0.01256	0.00589	0.00168	0.00252	0.01048	0.00465	0.00422
9	0.00914	0.03218	0.44721	0.01078	0.01556	0.00897	0.01245	0.02570	0.01192	0.02908	0.25360	0.03919	0.06920	0.00719	0.00518	0.00158	0.00530	0.00601	0.00347	0.00629
10	0.01398	0.33613	0.13832	0.01290	0.01732	0.23056	0.15533	0.01660	0.01158	0.01326	0.00804	0.00967	0.00661	0.00456	0.00429	0.00132	0.00721	0.00357	0.00232	0.00643
11	0.01442	0.02955	0.13205	0.01819	0.20365	0.01332	0.15995	0.27677	0.01539	0.04380	0.01049	0.01217	0.00786	0.00516	0.00547	0.00156	0.03453	0.00461	0.00338	0.00770
12	0.01100	0.00946	0.01595	0.23325	0.24358	0.01016	0.08606	0.01363	0.01071	0.07303	0.01340	0.13334	0.01250	0.00712	0.00618	0.00173	0.06413	0.04541	0.00309	0.00628
13	0.00623	0.00448	0.00591	0.00678	0.00725	0.00416	0.00462	0.00735	0.01035	0.01395	0.15454	0.67217	0.05440	0.01464	0.00627	0.00194	0.00279	0.01322	0.00477	0.00416
14	0.01142	0.01094	0.01703	0.31869	0.40949	0.04323	0.01371	0.04301	0.01141	0.01523	0.01136	0.01440	0.04823	0.00516	0.00499	0.00155	0.00612	0.00471	0.00259	0.00676
15	0.00661	0.00464	0.00589	0.00638	0.00679	0.00441	0.00421	0.00758	0.00994	0.01352	0.19571	0.43105	0.03209	0.23434	0.01142	0.00269	0.00330	0.01113	0.00438	0.00392
16	0.01023	0.00916	0.01130	0.01023	0.01234	0.04122	0.08967	0.01782	0.38197	0.01695	0.02135	0.31623	0.02064	0.00971	0.00562	0.00180	0.00424	0.00874	0.00453	0.00625
17	0.00718	0.00493	0.00589	0.00575	0.00618	0.00478	0.00365	0.00805	0.00980	0.01350	0.30402	0.03433	0.02887	0.52192	0.01812	0.00362	0.00391	0.00791	0.00394	0.00365
18	0.33108	0.01784	0.01166	0.01052	0.01314	0.46858	0.00812	0.01754	0.01169	0.01597	0.00736	0.00876	0.00605	0.00513	0.00459	0.00143	0.04911	0.00308	0.00274	0.00562
19	0.01221	0.01172	0.02001	0.06399	0.76132	0.01181	0.01524	0.01519	0.01129	0.01613	0.00935	0.01238	0.00784	0.00446	0.00494	0.00149	0.00595	0.00444	0.00246	0.00779
20	0.42254	0.02577	0.11239	0.00845	0.01240	0.00995	0.00787	0.01839	0.01093	0.30969	0.01194	0.01171	0.00812	0.00521	0.00402	0.00154	0.00448	0.00369	0.00409	0.00682
21	0.54729	0.01125	0.01016	0.00838	0.01180	0.01277	0.00691	0.29816	0.01404	0.02573	0.00881	0.00954	0.00654	0.00513	0.00379	0.00153	0.00446	0.00336	0.00379	0.00654
22	0.01883	0.01760	0.01465	0.01198	0.01544	0.30897	0.00953	0.49556	0.01997	0.02427	0.01038	0.01086	0.00771	0.00567	0.00480	0.00142	0.00679	0.00401	0.00409	0.00747
23	0.01264	0.00679	0.01000	0.00871	0.01092	0.00607	0.07496	0.01427	0.01177	0.30490	0.03783	0.35340	0.10519	0.01066	0.00576	0.00177	0.00384	0.00954	0.00502	0.00597
24	0.00689	0.00509	0.00643	0.00610	0.00734	0.00463	0.00457	0.00908	0.01371	0.01905	0.68481	0.03877	0.15391	0.01054	0.00588	0.00158	0.00238	0.00923	0.00536	0.00463
25	0.01109	0.01750	0.31311	0.06152	0.16777	0.01200	0.31280	0.01561	0.01113	0.01579	0.00946	0.01214	0.00711	0.00449	0.00523	0.00160	0.00746	0.00472	0.00234	0.00712
26	0.00642	0.00449	0.00568	0.00649	0.00669	0.00428	0.00415	0.00703	0.00886	0.01181	0.02396	0.58598	0.02853	0.25725	0.01204	0.00286	0.00347	0.01210	0.00415	0.00374
27	0.00883	0.00649	0.00744	0.00714	0.00902	0.00623	0.00571	0.06831	0.07295	0.05736	0.13465	0.04168	0.37802	0.01125	0.00592	0.00177	0.00335	0.16384	0.00487	0.00518
