[name]
unknown

[dist]
# distance from previous block
# <min> <max>
15	96

[block]
# block no. 0 follows, 53 sequences, length 8
# corresponding to MSA columns:
# 107-114
name=unknown_A
#
# <colnr> <probs for GDERKNQSTAVLIFYWHMCP>
#	G	D	E	R	K	N	Q	S	T	A	V	L	I	F	Y	W	H	M	C	P
0	0.06598	0.04533	0.05108	0.01189	0.10621	0.01018	0.03608	0.10159	0.15882	0.27207	0.01552	0.05538	0.01184	0.00619	0.00476	0.00153	0.00459	0.02931	0.00441	0.00726
1	0.01079	0.00897	0.01067	0.05043	0.01223	0.09184	0.08382	0.07781	0.04425	0.09073	0.26372	0.02707	0.19168	0.00811	0.00528	0.00151	0.00423	0.00699	0.00435	0.00551
2	0.01189	0.01187	0.15183	0.01292	0.11198	0.01061	0.01049	0.07173	0.01089	0.13063	0.05647	0.05122	0.04249	0.02602	0.02867	0.00190	0.24367	0.00516	0.00328	0.00626
3	0.01490	0.38712	0.01970	0.01343	0.19092	0.05179	0.00954	0.07572	0.01191	0.16801	0.00995	0.01062	0.00772	0.00465	0.00397	0.00124	0.00521	0.00354	0.00310	0.00697
4	0.01318	0.01458	0.24313	0.01453	0.16873	0.04879	0.05133	0.01642	0.01123	0.18813	0.01089	0.01182	0.00788	0.00458	0.00448	0.00132	0.00557	0.00390	0.00314	0.17637
5	0.00870	0.00838	0.01085	0.01171	0.10840	0.10710	0.09547	0.01019	0.01016	0.01292	0.01992	0.53177	0.02266	0.01114	0.00565	0.00175	0.00447	0.01021	0.00370	0.00484
6	0.01147	0.11589	0.02781	0.01865	0.02339	0.01294	0.68754	0.01519	0.01108	0.01480	0.00929	0.01224	0.00711	0.00404	0.00532	0.00154	0.00769	0.00525	0.00237	0.00641
7	0.01334	0.01761	0.44529	0.04420	0.01860	0.00997	0.07139	0.01791	0.04450	0.25202	0.01220	0.01258	0.00825	0.00501	0.00473	0.00152	0.00607	0.00418	0.00334	0.00729

[dist]
# distance from previous block
# <min> <max>
2	5

[block]
# block no. 1 follows, 53 sequences, length 28
# corresponding to MSA columns:
# 120-147
name=unknown_B
#
# <colnr> <probs for GDERKNQSTAVLIFYWHMCP>
#	G	D	E	R	K	N	Q	S	T	A	V	L	I	F	Y	W	H	M	C	P
0	0.00661	0.07937	0.00752	0.00696	0.00766	0.00542	0.00503	0.00762	0.00926	0.01221	0.02401	0.67728	0.02835	0.01463	0.03482	0.00208	0.00345	0.05945	0.00415	0.00413
1	0.01193	0.01524	0.19982	0.05317	0.46581	0.07096	0.01446	0.05436	0.01131	0.01568	0.00879	0.01116	0.00705	0.00462	0.00505	0.00146	0.03556	0.00400	0.00240	0.00716
2	0.00959	0.02472	0.80726	0.01362	0.02069	0.01110	0.01766	0.01514	0.01009	0.01514	0.00858	0.01009	0.00605	0.00454	0.00454	0.00151	0.00706	0.00353	0.00202	0.00706
3	0.01369	0.01587	0.02048	0.01855	0.16590	0.28884	0.32765	0.01708	0.05741	0.01439	0.00932	0.01150	0.00736	0.00452	0.00497	0.00144	0.00756	0.00448	0.00257	0.00641
4	0.00891	0.00445	0.00445	0.00445	0.00557	0.00445	0.00334	0.01114	0.01002	0.01782	0.01559	0.01782	0.01225	0.00557	0.00334	0.00111	0.00223	0.00445	0.85856	0.00445
5	0.00565	0.00484	0.00484	0.00484	0.00646	0.00403	0.00363	0.00686	0.01089	0.01291	0.04842	0.04600	0.80027	0.01210	0.00565	0.00161	0.00242	0.01009	0.00444	0.00403
6	0.00585	0.00418	0.00557	0.00664	0.00694	0.00390	0.00444	0.00672	0.00928	0.01240	0.04852	0.80616	0.03200	0.01483	0.00609	0.00193	0.00276	0.01345	0.00446	0.00390
7	0.00676	0.00489	0.00639	0.00601	0.00714	0.00451	0.00451	0.00902	0.01353	0.01917	0.79969	0.03570	0.04510	0.00977	0.00564	0.00150	0.00225	0.00864	0.00526	0.00451
8	0.01454	0.55313	0.02106	0.00961	0.01314	0.29437	0.00854	0.01597	0.01104	0.01140	0.00690	0.00800	0.00614	0.00438	0.00350	0.00109	0.00633	0.00274	0.00219	0.00593
9	0.04574	0.19048	0.36063	0.01111	0.03118	0.01206	0.01206	0.04723	0.04866	0.16527	0.01069	0.01112	0.00767	0.00482	0.00423	0.00139	0.00563	0.00365	0.00307	0.02332
10	0.01463	0.07223	0.01627	0.10918	0.07173	0.41782	0.09336	0.05175	0.01226	0.01316	0.00815	0.01057	0.00679	0.02699	0.00568	0.00146	0.05590	0.00376	0.00248	0.00582
11	0.01278	0.83490	0.02505	0.00818	0.01227	0.01891	0.00818	0.01431	0.00971	0.01125	0.00664	0.00767	0.00613	0.00409	0.00307	0.00102	0.00511	0.00256	0.00204	0.00613
12	0.01105	0.06775	0.09145	0.17747	0.25152	0.05517	0.20824	0.01424	0.01069	0.01418	0.01019	0.02761	0.02930	0.00477	0.00487	0.00149	0.00652	0.00469	0.00238	0.00642
13	0.01694	0.00870	0.01066	0.00854	0.01169	0.03838	0.00691	0.09987	0.02605	0.45794	0.06887	0.01661	0.01314	0.00984	0.11040	0.00222	0.00534	0.00483	0.00491	0.07815
14	0.00711	0.00583	0.00639	0.00618	0.00779	0.00563	0.00465	0.01087	0.16006	0.01566	0.21682	0.09785	0.41600	0.01071	0.00553	0.00161	0.00267	0.00913	0.00471	0.00480
15	0.86579	0.00924	0.00702	0.00629	0.00924	0.01072	0.00518	0.01405	0.00813	0.02144	0.00666	0.00776	0.00518	0.00444	0.00296	0.00148	0.00370	0.00259	0.00296	0.00518
16	0.01463	0.00976	0.01162	0.01022	0.05752	0.05252	0.02798	0.21504	0.01353	0.20979	0.01337	0.01697	0.01091	0.17338	0.07161	0.00255	0.03235	0.00491	0.00400	0.04735
17	0.01919	0.03584	0.01173	0.00879	0.01232	0.00878	0.00725	0.14209	0.06317	0.56441	0.04267	0.01670	0.03221	0.00614	0.00480	0.00147	0.00417	0.00495	0.00549	0.00782
18	0.01761	0.01311	0.01403	0.01088	0.01461	0.01456	0.00895	0.71901	0.09064	0.02923	0.01218	0.01204	0.00870	0.00580	0.00479	0.00145	0.00513	0.00440	0.00479	0.00808
19	0.01183	0.01136	0.01940	0.02934	0.80221	0.01136	0.01467	0.01467	0.01088	0.01562	0.00899	0.01183	0.00757	0.00426	0.00473	0.00142	0.00568	0.00426	0.00237	0.00757
20	0.01451	0.00984	0.07858	0.32624	0.08708	0.00910	0.01095	0.01726	0.01141	0.34822	0.01302	0.01407	0.00888	0.00589	0.02274	0.00166	0.00554	0.00445	0.00375	0.00682
21	0.01341	0.73685	0.02372	0.00859	0.01257	0.06313	0.00830	0.06396	0.01074	0.01248	0.00700	0.00796	0.00626	0.00424	0.00325	0.00106	0.00532	0.00270	0.00224	0.00623
22	0.00935	0.00488	0.00493	0.00477	0.00601	0.00495	0.00362	0.04828	0.01062	0.01841	0.01539	0.01752	0.01205	0.00558	0.00341	0.00113	0.00237	0.00445	0.81765	0.00463
23	0.01046	0.01046	0.01464	0.01255	0.01255	0.01464	0.01046	0.01150	0.00732	0.01150	0.00627	0.01046	0.00627	0.00837	0.01569	0.00209	0.82328	0.00418	0.00209	0.00523
24	0.00926	0.00870	0.01465	0.69046	0.12910	0.01046	0.01312	0.01232	0.00971	0.01264	0.00922	0.04288	0.00746	0.00509	0.00482	0.00158	0.00615	0.00460	0.00224	0.00554
25	0.00676	0.00489	0.00639	0.00601	0.00714	0.00451	0.00451	0.00902	0.01353	0.01917	0.79969	0.03570	0.04510	0.00977	0.00564	0.00150	0.00225	0.00864	0.00526	0.00451
26	0.01257	0.39051	0.06301	0.02883	0.01374	0.10979	0.03097	0.04361	0.01015	0.01270	0.00743	0.00940	0.00653	0.00537	0.00649	0.00138	0.20081	0.00333	0.03747	0.00590
27	0.09085	0.01089	0.08036	0.00963	0.06895	0.05921	0.00761	0.03164	0.01073	0.06384	0.04748	0.03812	0.00972	0.00472	0.00400	0.00108	0.00433	0.00377	0.00312	0.44995

[dist]
# distance from previous block
# <min> <max>
0	2

[block]
# block no. 2 follows, 53 sequences, length 29
# corresponding to MSA columns:
# 150-178
name=unknown_C
#
# <colnr> <probs for GDERKNQSTAVLIFYWHMCP>
#	G	D	E	R	K	N	Q	S	T	A	V	L	I	F	Y	W	H	M	C	P
0	0.48622	0.03248	0.01264	0.04109	0.20597	0.05591	0.05810	0.02965	0.00968	0.01867	0.00762	0.00938	0.00607	0.00442	0.00374	0.00145	0.00490	0.00331	0.00273	0.00595
1	0.01412	0.30523	0.11088	0.01161	0.04108	0.26119	0.02633	0.03621	0.01124	0.04181	0.00778	0.00921	0.00648	0.00497	0.00518	0.00131	0.09358	0.00325	0.00241	0.00614
2	0.00621	0.00484	0.00563	0.00548	0.00681	0.00427	0.00409	0.00792	0.01214	0.01598	0.41919	0.06469	0.40355	0.01104	0.00566	0.00157	0.00235	0.00948	0.00485	0.00427
3	0.01074	0.01031	0.01773	0.33271	0.48296	0.01110	0.03792	0.01375	0.01039	0.01430	0.00882	0.01221	0.00710	0.00445	0.00478	0.00149	0.00602	0.00430	0.00227	0.00667
4	0.00582	0.00416	0.00555	0.00666	0.00693	0.00388	0.00444	0.00666	0.00915	0.01220	0.02634	0.82891	0.03161	0.01497	0.00610	0.00194	0.00277	0.01359	0.00444	0.00388
5	0.01046	0.01046	0.01464	0.01255	0.01255	0.01464	0.01046	0.01150	0.00732	0.01150	0.00627	0.01046	0.00627	0.00837	0.01569	0.00209	0.82328	0.00418	0.00209	0.00523
6	0.00903	0.00850	0.01434	0.82054	0.03292	0.01062	0.01327	0.01221	0.00956	0.01221	0.00850	0.01274	0.00637	0.00478	0.00478	0.00159	0.00637	0.00425	0.00212	0.00531
7	0.02144	0.00813	0.01109	0.00850	0.01220	0.00702	0.00702	0.02329	0.01368	0.80552	0.01886	0.01627	0.01183	0.00592	0.00481	0.00148	0.00407	0.00481	0.00592	0.00813
8	0.00695	0.00463	0.00521	0.00521	0.00521	0.00463	0.00290	0.00695	0.00695	0.00927	0.01506	0.03128	0.01738	0.83203	0.02433	0.00463	0.00463	0.00695	0.00290	0.00290
9	0.01817	0.01339	0.01434	0.01100	0.01482	0.01482	0.00908	0.78627	0.02247	0.03012	0.01148	0.01148	0.00813	0.00574	0.00478	0.00143	0.00526	0.00430	0.00478	0.00813
10	0.00676	0.00489	0.00639	0.00601	0.00714	0.00451	0.00451	0.00902	0.01353	0.01917	0.79969	0.03570	0.04510	0.00977	0.00564	0.00150	0.00225	0.00864	0.00526	0.00451
11	0.00695	0.00463	0.00521	0.00521	0.00521	0.00463	0.00290	0.00695	0.00695	0.00927	0.01506	0.03128	0.01738	0.83203	0.02433	0.00463	0.00463	0.00695	0.00290	0.00290
12	0.00582	0.00416	0.00555	0.00666	0.00693	0.00388	0.00444	0.00666	0.00915	0.01220	0.02634	0.82891	0.03161	0.01497	0.00610	0.00194	0.00277	0.01359	0.00444	0.00388
13	0.00695	0.00463	0.00521	0.00521	0.00521	0.00463	0.00290	0.00695	0.00695	0.00927	0.01506	0.03128	0.01738	0.83203	0.02433	0.00463	0.00463	0.00695	0.00290	0.00290
14	0.01785	0.02278	0.01354	0.01231	0.01478	0.81284	0.00924	0.01909	0.01354	0.01170	0.00739	0.00862	0.00616	0.00493	0.00431	0.00123	0.00862	0.00308	0.00246	0.00554
15	0.01676	0.01268	0.03239	0.03938	0.05225	0.03349	0.04301	0.50844	0.07386	0.10334	0.01239	0.01254	0.00881	0.00558	0.00478	0.00145	0.00528	0.00444	0.02140	0.00773
16	0.01490	0.01151	0.04164	0.03480	0.33441	0.04518	0.13284	0.03713	0.01207	0.25210	0.01197	0.01311	0.00865	0.00489	0.00510	0.00148	0.02278	0.00457	0.00348	0.00738
17	0.82854	0.00992	0.04184	0.00660	0.00974	0.01074	0.00572	0.01410	0.00822	0.02117	0.00674	0.00787	0.00521	0.00444	0.00303	0.00148	0.00384	0.00263	0.00292	0.00526
18	0.01094	0.36762	0.47620	0.01132	0.01712	0.01441	0.01365	0.01479	0.00993	0.01349	0.00776	0.00907	0.00609	0.00435	0.00392	0.00131	0.00624	0.00312	0.00203	0.00667
19	0.00770	0.00550	0.00770	0.00880	0.00990	0.00550	0.00770	0.00990	0.01100	0.01430	0.02531	0.05391	0.02751	0.01320	0.00660	0.00220	0.00440	0.77004	0.00440	0.00440
20	0.00582	0.00416	0.00555	0.00666	0.00693	0.00388	0.00444	0.00666	0.00915	0.01220	0.02634	0.82891	0.03161	0.01497	0.00610	0.00194	0.00277	0.01359	0.00444	0.00388
21	0.00653	0.00473	0.00624	0.00668	0.00751	0.00443	0.00500	0.00822	0.01138	0.01551	0.35044	0.32896	0.06998	0.01237	0.00597	0.00179	0.00282	0.14242	0.00478	0.00424
22	0.01128	0.01289	0.02820	0.02015	0.02498	0.01209	0.78485	0.01531	0.01128	0.01531	0.00967	0.01289	0.00725	0.00403	0.00564	0.00161	0.00806	0.00564	0.00242	0.00645
23	0.01006	0.00955	0.01620	0.52870	0.31667	0.01089	0.01379	0.01312	0.01005	0.01347	0.00868	0.01241	0.00681	0.00459	0.00476	0.00153	0.00612	0.00425	0.00221	0.00614
24	0.00903	0.00850	0.01434	0.82054	0.03292	0.01062	0.01327	0.01221	0.00956	0.01221	0.00850	0.01274	0.00637	0.00478	0.00478	0.00159	0.00637	0.00425	0.00212	0.00531
25	0.01811	0.01312	0.01414	0.01088	0.01467	0.01448	0.00897	0.73974	0.04307	0.05619	0.01194	0.01181	0.00843	0.00576	0.00478	0.00144	0.00518	0.00435	0.00482	0.00811
26	0.01183	0.04592	0.08678	0.00973	0.04083	0.02824	0.00813	0.24053	0.07654	0.03446	0.21860	0.03839	0.07831	0.00725	0.00519	0.00147	0.02221	0.00593	0.00425	0.03540
27	0.01064	0.05500	0.05907	0.01336	0.01457	0.01435	0.11068	0.01234	0.00810	0.01217	0.00685	0.01060	0.00638	0.00738	0.01313	0.00194	0.63152	0.00425	0.00213	0.00553
28	0.01183	0.01136	0.01940	0.02934	0.80221	0.01136	0.01467	0.01467	0.01088	0.01562	0.00899	0.01183	0.00757	0.00426	0.00473	0.00142	0.00568	0.00426	0.00237	0.00757

[dist]
# distance from previous block
# <min> <max>
0	45

[block]
# block no. 3 follows, 53 sequences, length 30
# corresponding to MSA columns:
# 224-253
name=unknown_D
#
# <colnr> <probs for GDERKNQSTAVLIFYWHMCP>
#	G	D	E	R	K	N	Q	S	T	A	V	L	I	F	Y	W	H	M	C	P
0	0.00575	0.00485	0.00499	0.00495	0.00652	0.00408	0.00371	0.00706	0.01114	0.01350	0.11923	0.04503	0.72909	0.01188	0.00565	0.00160	0.00241	0.00995	0.00452	0.00408
1	0.01189	0.01027	0.01081	0.00973	0.01243	0.01189	0.00757	0.02540	0.79357	0.01999	0.01945	0.01783	0.01459	0.00648	0.00486	0.00162	0.00378	0.00540	0.00486	0.00757
2	0.00694	0.00467	0.00540	0.00540	0.00547	0.00474	0.00313	0.00707	0.00701	0.00941	0.01488	0.03031	0.01696	0.77036	0.08542	0.00487	0.00527	0.00681	0.00287	0.00300
3	0.00991	0.00850	0.00991	0.00708	0.01133	0.00637	0.00566	0.01203	0.00991	0.01557	0.00850	0.00991	0.00708	0.00354	0.00354	0.00071	0.00354	0.00283	0.00283	0.86124
4	0.01497	0.48796	0.02020	0.00984	0.01334	0.29729	0.00862	0.07412	0.01202	0.01283	0.00727	0.00829	0.00629	0.00451	0.00363	0.00113	0.00635	0.00287	0.00240	0.00608
5	0.01034	0.00761	0.00813	0.00768	0.00962	0.00846	0.00602	0.01848	0.42057	0.01858	0.01865	0.02166	0.01510	0.00686	0.00449	0.00150	0.00327	0.08631	0.32061	0.00608
6	0.00683	0.00510	0.00755	0.00755	0.00836	0.00590	0.00581	0.00845	0.00764	0.01100	0.01292	0.01944	0.01224	0.07793	0.77139	0.00752	0.01237	0.00522	0.00258	0.00420
7	0.01189	0.01027	0.01081	0.00973	0.01243	0.01189	0.00757	0.02540	0.79357	0.01999	0.01945	0.01783	0.01459	0.00648	0.00486	0.00162	0.00378	0.00540	0.00486	0.00757
8	0.01785	0.02278	0.01354	0.01231	0.01478	0.81284	0.00924	0.01909	0.01354	0.01170	0.00739	0.00862	0.00616	0.00493	0.00431	0.00123	0.00862	0.00308	0.00246	0.00554
9	0.02126	0.00843	0.01128	0.00864	0.01235	0.00747	0.00714	0.06640	0.01418	0.76171	0.01844	0.01600	0.01162	0.00591	0.00481	0.00148	0.00413	0.00478	0.00585	0.00813
10	0.00891	0.00445	0.00445	0.00445	0.00557	0.00445	0.00334	0.01114	0.01002	0.01782	0.01559	0.01782	0.01225	0.00557	0.00334	0.00111	0.00223	0.00445	0.85856	0.00445
11	0.00891	0.00445	0.00445	0.00445	0.00557	0.00445	0.00334	0.01114	0.01002	0.01782	0.01559	0.01782	0.01225	0.00557	0.00334	0.00111	0.00223	0.00445	0.85856	0.00445
12	0.01817	0.01339	0.01434	0.01100	0.01482	0.01482	0.00908	0.78627	0.02247	0.03012	0.01148	0.01148	0.00813	0.00574	0.00478	0.00143	0.00526	0.00430	0.00478	0.00813
13	0.01046	0.01046	0.01464	0.01255	0.01255	0.01464	0.01046	0.01150	0.00732	0.01150	0.00627	0.01046	0.00627	0.00837	0.01569	0.00209	0.82328	0.00418	0.00209	0.00523
14	0.00991	0.00850	0.00991	0.00708	0.01133	0.00637	0.00566	0.01203	0.00991	0.01557	0.00850	0.00991	0.00708	0.00354	0.00354	0.00071	0.00354	0.00283	0.00283	0.86124
15	0.00582	0.00416	0.00555	0.00666	0.00693	0.00388	0.00444	0.00666	0.00915	0.01220	0.02634	0.82891	0.03161	0.01497	0.00610	0.00194	0.00277	0.01359	0.00444	0.00388
16	0.00865	0.00763	0.01094	0.00994	0.01034	0.01003	0.00803	0.00984	0.00743	0.01114	0.00943	0.01456	0.00904	0.02165	0.38878	0.05010	0.40093	0.00462	0.00231	0.00461
17	0.01181	0.58884	0.26262	0.00983	0.01482	0.01654	0.01106	0.01456	0.00983	0.01243	0.00723	0.00840	0.00611	0.00423	0.00351	0.00117	0.00570	0.00285	0.00204	0.00642
18	0.00612	0.00549	0.00520	0.00520	0.00679	0.03456	0.00387	0.00731	0.01093	0.01284	0.04600	0.07561	0.73983	0.01195	0.00562	0.00161	0.00267	0.00996	0.00436	0.00409
19	0.01035	0.15714	0.59489	0.01261	0.03540	0.01211	0.01510	0.01508	0.02389	0.02847	0.00875	0.01020	0.00653	0.00531	0.02539	0.00158	0.00668	0.00347	0.00218	0.02489
20	0.27162	0.01249	0.10001	0.01186	0.01559	0.07760	0.24013	0.01457	0.01046	0.05333	0.05900	0.06003	0.01039	0.00535	0.00450	0.00150	0.00564	0.00478	0.00302	0.03813
21	0.00959	0.02472	0.80726	0.01362	0.02069	0.01110	0.01766	0.01514	0.01009	0.01514	0.00858	0.01009	0.00605	0.00454	0.00454	0.00151	0.00706	0.00353	0.00202	0.00706
22	0.00903	0.00850	0.01434	0.82054	0.03292	0.01062	0.01327	0.01221	0.00956	0.01221	0.00850	0.01274	0.00637	0.00478	0.00478	0.00159	0.00637	0.00425	0.00212	0.00531
23	0.00988	0.11714	0.41373	0.01313	0.01839	0.01119	0.18017	0.01408	0.01086	0.01536	0.13734	0.01457	0.01268	0.00523	0.00478	0.00147	0.00626	0.00470	0.00264	0.00640
24	0.01015	0.02293	0.72251	0.01304	0.01964	0.01073	0.01647	0.01565	0.03239	0.05407	0.03250	0.01136	0.00772	0.00482	0.00460	0.00151	0.00668	0.00380	0.00238	0.00706
25	0.01153	0.08893	0.01131	0.02698	0.02667	0.02538	0.00704	0.20684	0.11899	0.04687	0.03846	0.30857	0.01860	0.00914	0.00512	0.00161	0.00408	0.01990	0.00427	0.01971
26	0.04866	0.06261	0.01433	0.01198	0.01471	0.66055	0.02926	0.07766	0.01378	0.01355	0.00770	0.00887	0.00630	0.00490	0.00427	0.00126	0.00799	0.00319	0.00264	0.00578
27	0.01977	0.00881	0.05563	0.00853	0.01223	0.00706	0.00738	0.02185	0.01330	0.70141	0.04065	0.01655	0.01248	0.00593	0.00475	0.00146	0.00410	0.00483	0.04548	0.00780
28	0.00612	0.00465	0.00602	0.00657	0.00732	0.00427	0.02166	0.00718	0.00968	0.01253	0.04504	0.50869	0.21179	0.06472	0.00714	0.00203	0.00302	0.06330	0.00431	0.00396
29	0.85557	0.00982	0.00764	0.00687	0.00987	0.01116	0.00555	0.01461	0.00868	0.02213	0.00751	0.00894	0.00599	0.00499	0.00333	0.00163	0.00399	0.00288	0.00324	0.00561

[dist]
# distance from previous block
# <min> <max>
0	1

[block]
# block no. 4 follows, 53 sequences, length 18
# corresponding to MSA columns:
# 255-272
name=unknown_E
#
# <colnr> <probs for GDERKNQSTAVLIFYWHMCP>
#	G	D	E	R	K	N	Q	S	T	A	V	L	I	F	Y	W	H	M	C	P
0	0.00933	0.00867	0.01455	0.70697	0.11539	0.01049	0.01309	0.01244	0.00972	0.01277	0.00879	0.01282	0.00670	0.00475	0.00472	0.00156	0.00616	0.00426	0.03131	0.00553
1	0.00851	0.00757	0.01228	0.36548	0.18218	0.00839	0.01040	0.01086	0.00994	0.01332	0.06062	0.25852	0.01647	0.00802	0.00522	0.00166	0.00491	0.00731	0.00305	0.00530
2	0.02144	0.00813	0.01109	0.00850	0.01220	0.00702	0.00702	0.02329	0.01368	0.80552	0.01886	0.01627	0.01183	0.00592	0.00481	0.00148	0.00407	0.00481	0.00592	0.00813
3	0.02144	0.00813	0.01109	0.00850	0.01220	0.00702	0.00702	0.02329	0.01368	0.80552	0.01886	0.01627	0.01183	0.00592	0.00481	0.00148	0.00407	0.00481	0.00592	0.00813
4	0.01128	0.01289	0.02820	0.02015	0.02498	0.01209	0.78485	0.01531	0.01128	0.01531	0.00967	0.01289	0.00725	0.00403	0.00564	0.00161	0.00806	0.00564	0.00242	0.00645
5	0.00903	0.00850	0.01434	0.82054	0.03292	0.01062	0.01327	0.01221	0.00956	0.01221	0.00850	0.01274	0.00637	0.00478	0.00478	0.00159	0.00637	0.00425	0.00212	0.00531
6	0.00903	0.00850	0.01434	0.82054	0.03292	0.01062	0.01327	0.01221	0.00956	0.01221	0.00850	0.01274	0.00637	0.00478	0.00478	0.00159	0.00637	0.00425	0.00212	0.00531
7	0.00582	0.00416	0.00555	0.00666	0.00693	0.00388	0.00444	0.00666	0.00915	0.01220	0.02634	0.82891	0.03161	0.01497	0.00610	0.00194	0.00277	0.01359	0.00444	0.00388
8	0.01788	0.02194	0.01362	0.01220	0.01478	0.74187	0.00922	0.08731	0.01434	0.01334	0.00775	0.00887	0.00633	0.00500	0.00435	0.00125	0.00832	0.00319	0.00267	0.00577
9	0.00697	0.00524	0.00758	0.00751	0.00822	0.00609	0.00571	0.00842	0.00757	0.01086	0.01289	0.02020	0.01250	0.14347	0.67846	0.00708	0.03921	0.00534	0.00259	0.00411
10	0.00959	0.02472	0.80726	0.01362	0.02069	0.01110	0.01766	0.01514	0.01009	0.01514	0.00858	0.01009	0.00605	0.00454	0.00454	0.00151	0.00706	0.00353	0.00202	0.00706
11	0.00582	0.00416	0.00555	0.00666	0.00693	0.00388	0.00444	0.00666	0.00915	0.01220	0.02634	0.82891	0.03161	0.01497	0.00610	0.00194	0.00277	0.01359	0.00444	0.00388
12	0.86579	0.00924	0.00702	0.00629	0.00924	0.01072	0.00518	0.01405	0.00813	0.02144	0.00666	0.00776	0.00518	0.00444	0.00296	0.00148	0.00370	0.00259	0.00296	0.00518
13	0.00565	0.00484	0.00484	0.00484	0.00646	0.00403	0.00363	0.00686	0.01089	0.01291	0.04842	0.04600	0.80027	0.01210	0.00565	0.00161	0.00242	0.01009	0.00444	0.00403
14	0.00991	0.00850	0.00991	0.00708	0.01133	0.00637	0.00566	0.01203	0.00991	0.01557	0.00850	0.00991	0.00708	0.00354	0.00354	0.00071	0.00354	0.00283	0.00283	0.86124
15	0.01031	0.00918	0.01066	0.01038	0.04101	0.05735	0.04119	0.01718	0.34617	0.01625	0.01962	0.09236	0.03380	0.02623	0.02340	0.00194	0.02795	0.18645	0.00415	0.02441
16	0.01472	0.12069	0.30369	0.01135	0.01608	0.11603	0.01177	0.14539	0.01314	0.16387	0.01051	0.01099	0.00751	0.00510	0.00473	0.00141	0.02896	0.00373	0.00327	0.00708
17	0.01070	0.01695	0.29515	0.01791	0.02351	0.01175	0.52197	0.01525	0.01087	0.01525	0.00930	0.01193	0.00684	0.00420	0.00526	0.00158	0.00772	0.00492	0.00228	0.00666

[dist]
# distance from previous block
# <min> <max>
0	3

[block]
# block no. 5 follows, 53 sequences, length 64
# corresponding to MSA columns:
# 276-339
name=unknown_F
#
# <colnr> <probs for GDERKNQSTAVLIFYWHMCP>
#	G	D	E	R	K	N	Q	S	T	A	V	L	I	F	Y	W	H	M	C	P
0	0.00998	0.00559	0.00691	0.00634	0.00816	0.00489	0.00483	0.01153	0.01194	0.21697	0.21169	0.16013	0.30151	0.01044	0.00550	0.00161	0.00286	0.00896	0.00501	0.00517
1	0.00987	0.01037	0.04549	0.51980	0.04175	0.01103	0.23142	0.03031	0.01036	0.01364	0.00925	0.02850	0.00716	0.00477	0.00504	0.00160	0.00677	0.00480	0.00231	0.00576
2	0.00991	0.00850	0.00991	0.00708	0.01133	0.00637	0.00566	0.01203	0.00991	0.01557	0.00850	0.00991	0.00708	0.00354	0.00354	0.00071	0.00354	0.00283	0.00283	0.86124
3	0.00993	0.04910	0.67470	0.01451	0.03524	0.01147	0.10887	0.01512	0.01024	0.01504	0.00865	0.01038	0.00623	0.00446	0.00463	0.00151	0.00709	0.00377	0.00207	0.00697
4	0.01483	0.23272	0.01588	0.02858	0.01370	0.45629	0.00866	0.03113	0.01178	0.01187	0.00795	0.00982	0.00692	0.00863	0.10494	0.00201	0.02305	0.00327	0.00240	0.00558
5	0.00695	0.00463	0.00521	0.00521	0.00521	0.00463	0.00290	0.00695	0.00695	0.00927	0.01506	0.03128	0.01738	0.83203	0.02433	0.00463	0.00463	0.00695	0.00290	0.00290
6	0.01100	0.01142	0.01448	0.14063	0.01601	0.09676	0.01078	0.01240	0.00832	0.01164	0.00674	0.01063	0.00628	0.00744	0.01278	0.00192	0.60930	0.00408	0.00214	0.00527
7	0.00684	0.00509	0.00750	0.00750	0.00830	0.00588	0.00575	0.00842	0.00763	0.01096	0.01296	0.01967	0.01234	0.09289	0.75657	0.00746	0.01222	0.00525	0.00258	0.00417
8	0.00585	0.00424	0.00552	0.00648	0.00690	0.00392	0.00437	0.00676	0.00947	0.01253	0.05847	0.73271	0.09608	0.01453	0.00604	0.00190	0.00272	0.01310	0.00447	0.00392
9	0.01189	0.01027	0.01081	0.00973	0.01243	0.01189	0.00757	0.02540	0.79357	0.01999	0.01945	0.01783	0.01459	0.00648	0.00486	0.00162	0.00378	0.00540	0.00486	0.00757
10	0.00903	0.00850	0.01434	0.82054	0.03292	0.01062	0.01327	0.01221	0.00956	0.01221	0.00850	0.01274	0.00637	0.00478	0.00478	0.00159	0.00637	0.00425	0.00212	0.00531
11	0.00565	0.00484	0.00484	0.00484	0.00646	0.00403	0.00363	0.00686	0.01089	0.01291	0.04842	0.04600	0.80027	0.01210	0.00565	0.00161	0.00242	0.01009	0.00444	0.00403
12	0.01049	0.01055	0.01516	0.01284	0.01303	0.01454	0.04037	0.01165	0.00747	0.01165	0.00641	0.01055	0.00631	0.00820	0.01530	0.00207	0.79178	0.00424	0.00210	0.00528
13	0.00683	0.00512	0.00768	0.00768	0.00853	0.00597	0.00597	0.00853	0.00768	0.01110	0.01280	0.01878	0.01195	0.03585	0.81308	0.00768	0.01280	0.00512	0.00256	0.00427
14	0.01693	0.00855	0.01298	0.01225	0.13019	0.00780	0.06997	0.01898	0.01247	0.50610	0.01879	0.07422	0.06101	0.00658	0.00519	0.00153	0.01857	0.00573	0.00485	0.00731
15	0.01355	0.62022	0.02214	0.00923	0.01275	0.13419	0.00855	0.04461	0.01058	0.01206	0.00691	0.00817	0.00623	0.00461	0.00430	0.00115	0.06966	0.00283	0.00221	0.00605
16	0.01152	0.01055	0.06370	0.19523	0.15815	0.01059	0.02541	0.01840	0.29614	0.07043	0.01366	0.01466	0.01026	0.00535	0.00469	0.00151	0.00493	0.00465	0.04498	0.03518
17	0.86579	0.00924	0.00702	0.00629	0.00924	0.01072	0.00518	0.01405	0.00813	0.02144	0.00666	0.00776	0.00518	0.00444	0.00296	0.00148	0.00370	0.00259	0.00296	0.00518
18	0.01295	0.80800	0.02466	0.00832	0.01235	0.04522	0.00821	0.01447	0.00984	0.01126	0.00667	0.00770	0.00613	0.00412	0.00311	0.00103	0.00523	0.00257	0.00206	0.00611
19	0.83769	0.00969	0.00724	0.00649	0.00943	0.03730	0.00531	0.01422	0.00831	0.02112	0.00668	0.00779	0.00521	0.00445	0.00300	0.00147	0.00386	0.00260	0.00294	0.00519
20	0.00793	0.00631	0.00766	0.00759	0.03979	0.00632	0.00546	0.01251	0.18256	0.01836	0.49699	0.03227	0.13924	0.00915	0.00543	0.00154	0.00275	0.00796	0.00495	0.00523
21	0.00820	0.00422	0.00633	0.00633	0.00639	0.00428	0.00428	0.00639	0.00633	0.00850	0.00862	0.01483	0.00856	0.01796	0.07454	0.80094	0.00476	0.00422	0.00211	0.00223
22	0.86579	0.00924	0.00702	0.00629	0.00924	0.01072	0.00518	0.01405	0.00813	0.02144	0.00666	0.00776	0.00518	0.00444	0.00296	0.00148	0.00370	0.00259	0.00296	0.00518
23	0.00959	0.02472	0.80726	0.01362	0.02069	0.01110	0.01766	0.01514	0.01009	0.01514	0.00858	0.01009	0.00605	0.00454	0.00454	0.00151	0.00706	0.00353	0.00202	0.00706
24	0.01046	0.01046	0.01464	0.01255	0.01255	0.01464	0.01046	0.01150	0.00732	0.01150	0.00627	0.01046	0.00627	0.00837	0.01569	0.00209	0.82328	0.00418	0.00209	0.00523
25	0.00959	0.02472	0.80726	0.01362	0.02069	0.01110	0.01766	0.01514	0.01009	0.01514	0.00858	0.01009	0.00605	0.00454	0.00454	0.00151	0.00706	0.00353	0.00202	0.00706
26	0.00565	0.00484	0.00484	0.00484	0.00646	0.00403	0.00363	0.00686	0.01089	0.01291	0.04842	0.04600	0.80027	0.01210	0.00565	0.00161	0.00242	0.01009	0.00444	0.00403
27	0.01278	0.83490	0.02505	0.00818	0.01227	0.01891	0.00818	0.01431	0.00971	0.01125	0.00664	0.00767	0.00613	0.00409	0.00307	0.00102	0.00511	0.00256	0.00204	0.00613
28	0.00683	0.00512	0.00768	0.00768	0.00853	0.00597	0.00597	0.00853	0.00768	0.01110	0.01280	0.01878	0.01195	0.03585	0.81308	0.00768	0.01280	0.00512	0.00256	0.00427
29	0.00565	0.00484	0.00484	0.00484	0.00646	0.00403	0.00363	0.00686	0.01089	0.01291	0.04842	0.04600	0.80027	0.01210	0.00565	0.00161	0.00242	0.01009	0.00444	0.00403
30	0.00582	0.00416	0.00555	0.00666	0.00693	0.00388	0.00444	0.00666	0.00915	0.01220	0.02634	0.82891	0.03161	0.01497	0.00610	0.00194	0.00277	0.01359	0.00444	0.00388
31	0.00687	0.00465	0.00519	0.00519	0.00529	0.00460	0.00294	0.00695	0.00720	0.00949	0.01713	0.03219	0.06605	0.78105	0.02317	0.00445	0.00450	0.00715	0.00299	0.00297
32	0.00582	0.00416	0.00555	0.00666	0.00693	0.00388	0.00444	0.00666	0.00915	0.01220	0.02634	0.82891	0.03161	0.01497	0.00610	0.00194	0.00277	0.01359	0.00444	0.00388
33	0.01128	0.01289	0.02820	0.02015	0.02498	0.01209	0.78485	0.01531	0.01128	0.01531	0.00967	0.01289	0.00725	0.00403	0.00564	0.00161	0.00806	0.00564	0.00242	0.00645
34	0.01181	0.01142	0.01975	0.02898	0.77173	0.01139	0.04487	0.01469	0.01090	0.01560	0.00902	0.01187	0.00756	0.00425	0.00477	0.00143	0.00577	0.00431	0.00237	0.00753
35	0.01303	0.75446	0.02446	0.00888	0.01290	0.06724	0.03730	0.01464	0.01000	0.01142	0.00680	0.00792	0.00618	0.00414	0.00324	0.00106	0.00544	0.00270	0.00208	0.00611
36	0.00677	0.00488	0.00634	0.00598	0.00706	0.00451	0.00444	0.00893	0.01326	0.01876	0.76731	0.03552	0.04395	0.04370	0.00641	0.00163	0.00235	0.00857	0.00516	0.00444
37	0.01238	0.54875	0.05174	0.00887	0.01265	0.01644	0.00837	0.01776	0.25113	0.01409	0.01067	0.01089	0.00873	0.00484	0.00368	0.00123	0.00478	0.00347	0.00291	0.00661
38	0.00593	0.00427	0.00563	0.00653	0.00694	0.00396	0.00442	0.00694	0.00973	0.01306	0.11980	0.71167	0.05484	0.01427	0.00603	0.00188	0.00270	0.01290	0.00454	0.00396
39	0.01256	0.01302	0.01657	0.14324	0.46407	0.17733	0.01266	0.01554	0.04350	0.01454	0.00923	0.01175	0.00754	0.00461	0.00461	0.00140	0.00620	0.00407	0.03082	0.00671
40	0.00991	0.00850	0.00991	0.00708	0.01133	0.00637	0.00566	0.01203	0.00991	0.01557	0.00850	0.00991	0.00708	0.00354	0.00354	0.00071	0.00354	0.00283	0.00283	0.86124
41	0.01785	0.02278	0.01354	0.01231	0.01478	0.81284	0.00924	0.01909	0.01354	0.01170	0.00739	0.00862	0.00616	0.00493	0.00431	0.00123	0.00862	0.00308	0.00246	0.00554
42	0.01270	0.16123	0.14131	0.00941	0.01345	0.01129	0.00892	0.19792	0.02712	0.07052	0.01195	0.08990	0.01036	0.00590	0.00435	0.00129	0.00479	0.02602	0.00346	0.18811
43	0.12526	0.01803	0.01275	0.01105	0.01394	0.47339	0.00857	0.20083	0.04284	0.03712	0.00898	0.00971	0.00694	0.00514	0.00428	0.00133	0.00691	0.00343	0.00325	0.00624
44	0.00959	0.02472	0.80726	0.01362	0.02069	0.01110	0.01766	0.01514	0.01009	0.01514	0.00858	0.01009	0.00605	0.00454	0.00454	0.00151	0.00706	0.00353	0.00202	0.00706
45	0.00670	0.00488	0.00629	0.00594	0.00710	0.00448	0.00446	0.00889	0.01337	0.01878	0.75298	0.03634	0.09205	0.00992	0.00564	0.00151	0.00227	0.00873	0.00521	0.00448
46	0.01817	0.01339	0.01434	0.01100	0.01482	0.01482	0.00908	0.78627	0.02247	0.03012	0.01148	0.01148	0.00813	0.00574	0.00478	0.00143	0.00526	0.00430	0.00478	0.00813
47	0.00968	0.04750	0.78527	0.01347	0.02045	0.01132	0.01739	0.01511	0.01008	0.01503	0.00852	0.01002	0.00606	0.00453	0.00450	0.00150	0.00701	0.00350	0.00202	0.00704
48	0.00654	0.00488	0.00608	0.00578	0.00700	0.00441	0.00433	0.00858	0.01300	0.01790	0.64802	0.03778	0.19756	0.01024	0.00564	0.00153	0.00229	0.00894	0.00510	0.00441
49	0.00881	0.00789	0.01294	0.69907	0.02888	0.00969	0.01182	0.01171	0.00947	0.01248	0.00993	0.04439	0.00818	0.03935	0.00553	0.00170	0.00587	0.00472	0.06246	0.00510
50	0.00704	0.00491	0.00709	0.00709	0.00770	0.00552	0.00524	0.00798	0.00737	0.01043	0.01257	0.02021	0.01233	0.16038	0.58208	0.12009	0.01035	0.00528	0.00255	0.00376
51	0.00593	0.00464	0.00537	0.00563	0.00674	0.00408	0.00405	0.00723	0.01089	0.01395	0.19281	0.28234	0.41430	0.01251	0.00578	0.00169	0.00249	0.01086	0.00460	0.00408
52	0.01167	0.01054	0.01673	0.20278	0.40435	0.01092	0.04432	0.07700	0.04173	0.03119	0.00965	0.01217	0.00763	0.00453	0.00467	0.00140	0.00557	0.00422	0.00272	0.09621
53	0.00908	0.00857	0.01435	0.79031	0.03216	0.01077	0.01317	0.01219	0.00947	0.01219	0.00841	0.01266	0.00637	0.00491	0.00519	0.00161	0.03693	0.00425	0.00212	0.00531
54	0.01323	0.23156	0.23911	0.02794	0.10863	0.14364	0.03948	0.06061	0.01155	0.05724	0.00866	0.00999	0.00675	0.00464	0.00438	0.00134	0.01856	0.00350	0.00253	0.00667
55	0.11478	0.01879	0.23979	0.01553	0.15576	0.27859	0.06643	0.01619	0.01119	0.01477	0.00806	0.00983	0.00634	0.00464	0.00458	0.00142	0.02105	0.00356	0.00237	0.00635
56	0.00590	0.00465	0.00536	0.00581	0.00690	0.00410	0.00424	0.00709	0.01039	0.01302	0.06998	0.32330	0.44265	0.01310	0.00588	0.00177	0.00268	0.06470	0.00447	0.00403
57	0.01280	0.66565	0.10243	0.00908	0.01330	0.07599	0.00919	0.01512	0.03692	0.01197	0.00733	0.00833	0.00642	0.00428	0.00337	0.00111	0.00552	0.00279	0.00217	0.00623
58	0.02764	0.21319	0.33724	0.04252	0.04442	0.04662	0.05090	0.07745	0.03937	0.06423	0.00935	0.01048	0.00701	0.00467	0.00427	0.00138	0.00613	0.00363	0.00266	0.00683
59	0.01502	0.03279	0.17291	0.01150	0.01583	0.00966	0.13739	0.01987	0.14173	0.33811	0.01619	0.01563	0.03960	0.00561	0.00489	0.00153	0.00524	0.00493	0.00424	0.00735
60	0.00622	0.00492	0.00563	0.00562	0.00702	0.00433	0.00432	0.00787	0.01177	0.01509	0.29130	0.04342	0.47748	0.01145	0.00574	0.00164	0.00256	0.08470	0.00470	0.00423
61	0.05855	0.01155	0.04488	0.02826	0.09610	0.06639	0.04093	0.17369	0.06894	0.32433	0.02903	0.01392	0.01023	0.00553	0.00471	0.00147	0.00505	0.00451	0.00447	0.00747
62	0.05913	0.01276	0.04813	0.07884	0.33425	0.09746	0.01161	0.14221	0.05415	0.04899	0.01027	0.02979	0.00825	0.00522	0.00507	0.00147	0.03805	0.00431	0.00308	0.00697
63	0.00637	0.00441	0.00547	0.00609	0.00627	0.00426	0.00386	0.00688	0.00824	0.01098	0.02137	0.45601	0.02525	0.37262	0.01410	0.00313	0.00364	0.03381	0.00376	0.00347

[dist]
# distance from previous block
# <min> <max>
0	2

[block]
# block no. 6 follows, 53 sequences, length 14
# corresponding to MSA columns:
# 342-355
name=unknown_G
#
# <colnr> <probs for GDERKNQSTAVLIFYWHMCP>
#	G	D	E	R	K	N	Q	S	T	A	V	L	I	F	Y	W	H	M	C	P
0	0.04326	0.29028	0.04378	0.01124	0.01494	0.19252	0.08786	0.21266	0.01389	0.01705	0.00840	0.00952	0.00673	0.00481	0.00437	0.00129	0.02448	0.00350	0.00290	0.00652
1	0.10944	0.00897	0.03662	0.00852	0.01226	0.00781	0.00725	0.04796	0.01328	0.67137	0.01699	0.01501	0.01082	0.00571	0.00460	0.00148	0.00417	0.00452	0.00544	0.00779
2	0.01058	0.00982	0.01012	0.00761	0.01152	0.09079	0.00599	0.01256	0.01026	0.01504	0.00907	0.04161	0.00794	0.00413	0.00372	0.00081	0.00404	0.00328	0.00286	0.73824
3	0.00597	0.00425	0.00565	0.00672	0.00703	0.00400	0.00456	0.00685	0.00917	0.01220	0.02585	0.75497	0.03083	0.04669	0.00684	0.00206	0.00294	0.05517	0.00437	0.00387
4	0.01189	0.01027	0.01081	0.00973	0.01243	0.01189	0.00757	0.02540	0.79357	0.01999	0.01945	0.01783	0.01459	0.00648	0.00486	0.00162	0.00378	0.00540	0.00486	0.00757
5	0.00991	0.00850	0.00991	0.00708	0.01133	0.00637	0.00566	0.01203	0.00991	0.01557	0.00850	0.00991	0.00708	0.00354	0.00354	0.00071	0.00354	0.00283	0.00283	0.86124
6	0.00830	0.00415	0.00623	0.00623	0.00623	0.00415	0.00415	0.00623	0.00623	0.00830	0.00830	0.01453	0.00830	0.01660	0.01868	0.86094	0.00415	0.00415	0.00208	0.00208
7	0.00695	0.00463	0.00521	0.00521	0.00521	0.00463	0.00290	0.00695	0.00695	0.00927	0.01506	0.03128	0.01738	0.83203	0.02433	0.00463	0.00463	0.00695	0.00290	0.00290
8	0.01268	0.03264	0.13589	0.31861	0.08292	0.06699	0.04425	0.17149	0.01295	0.06200	0.00967	0.01182	0.00710	0.00493	0.00470	0.00149	0.00626	0.00412	0.00292	0.00657
9	0.00582	0.00416	0.00555	0.00666	0.00693	0.00388	0.00444	0.00666	0.00915	0.01220	0.02634	0.82891	0.03161	0.01497	0.00610	0.00194	0.00277	0.01359	0.00444	0.00388
10	0.00565	0.00484	0.00484	0.00484	0.00646	0.00403	0.00363	0.00686	0.01089	0.01291	0.04842	0.04600	0.80027	0.01210	0.00565	0.00161	0.00242	0.01009	0.00444	0.00403
11	0.00593	0.00426	0.00577	0.00676	0.00710	0.00410	0.00460	0.00685	0.00900	0.01209	0.02492	0.74400	0.02955	0.01716	0.09067	0.00254	0.00382	0.01270	0.00424	0.00392
12	0.01266	0.01338	0.01905	0.14050	0.21963	0.16746	0.22446	0.01588	0.04347	0.03899	0.00939	0.01195	0.00738	0.00477	0.00550	0.00151	0.05059	0.00447	0.00256	0.00642
13	0.01284	0.01297	0.07108	0.01273	0.03790	0.06094	0.01068	0.21073	0.01187	0.01667	0.00792	0.01063	0.00677	0.00709	0.01110	0.00181	0.48318	0.00411	0.00281	0.00619

[dist]
# distance from previous block
# <min> <max>
0	1

[block]
# block no. 7 follows, 53 sequences, length 24
# corresponding to MSA columns:
# 357-380
name=unknown_H
#
# <colnr> <probs for GDERKNQSTAVLIFYWHMCP>
#	G	D	E	R	K	N	Q	S	T	A	V	L	I	F	Y	W	H	M	C	P
0	0.00974	0.00942	0.01624	0.58148	0.15827	0.01109	0.07162	0.01281	0.00977	0.01297	0.00853	0.01247	0.00663	0.00485	0.00548	0.00160	0.05473	0.00435	0.00218	0.00576
1	0.00582	0.00416	0.00555	0.00666	0.00693	0.00388	0.00444	0.00666	0.00915	0.01220	0.02634	0.82891	0.03161	0.01497	0.00610	0.00194	0.00277	0.01359	0.00444	0.00388
2	0.07633	0.01167	0.01763	0.07867	0.48406	0.06724	0.08556	0.01457	0.01072	0.01551	0.00868	0.01128	0.00713	0.00426	0.00454	0.00137	0.00581	0.00404	0.00245	0.08847
3	0.00732	0.00753	0.07797	0.00926	0.02923	0.00611	0.09211	0.00984	0.05367	0.01409	0.10443	0.46737	0.07912	0.01140	0.00573	0.00177	0.00377	0.01041	0.00407	0.00481
4	0.00830	0.00415	0.00623	0.00623	0.00623	0.00415	0.00415	0.00623	0.00623	0.00830	0.00830	0.01453	0.00830	0.01660	0.01868	0.86094	0.00415	0.00415	0.00208	0.00208
5	0.00830	0.00415	0.00623	0.00623	0.00623	0.00415	0.00415	0.00623	0.00623	0.00830	0.00830	0.01453	0.00830	0.01660	0.01868	0.86094	0.00415	0.00415	0.00208	0.00208
6	0.01321	0.71466	0.02370	0.00987	0.06875	0.05086	0.00865	0.01484	0.01009	0.03831	0.00725	0.00829	0.00643	0.00420	0.00330	0.00107	0.00526	0.00277	0.00222	0.00628
7	0.01785	0.02278	0.01354	0.01231	0.01478	0.81284	0.00924	0.01909	0.01354	0.01170	0.00739	0.00862	0.00616	0.00493	0.00431	0.00123	0.00862	0.00308	0.00246	0.00554
8	0.00582	0.00416	0.00555	0.00666	0.00693	0.00388	0.00444	0.00666	0.00915	0.01220	0.02634	0.82891	0.03161	0.01497	0.00610	0.00194	0.00277	0.01359	0.00444	0.00388
9	0.01097	0.05028	0.04573	0.03999	0.03235	0.05655	0.07865	0.01262	0.00845	0.01222	0.00694	0.01052	0.00640	0.00709	0.01219	0.00186	0.56775	0.00411	0.00217	0.03316
10	0.03811	0.01384	0.01858	0.25192	0.02334	0.21614	0.28260	0.05116	0.01173	0.01428	0.00912	0.03035	0.00725	0.00482	0.00494	0.00150	0.00732	0.00461	0.00252	0.00586
11	0.00582	0.00416	0.00555	0.00666	0.00693	0.00388	0.00444	0.00666	0.00915	0.01220	0.02634	0.82891	0.03161	0.01497	0.00610	0.00194	0.00277	0.01359	0.00444	0.00388
12	0.02755	0.08519	0.13712	0.04022	0.43724	0.11613	0.02612	0.02799	0.01113	0.01486	0.00944	0.01155	0.02551	0.00459	0.00451	0.00139	0.00616	0.00398	0.00239	0.00692
13	0.01182	0.01265	0.07206	0.02283	0.39682	0.01155	0.27449	0.06804	0.01172	0.01653	0.00949	0.01213	0.00749	0.00431	0.00497	0.00147	0.00641	0.00465	0.02060	0.02997
14	0.00716	0.00506	0.00640	0.00632	0.00663	0.00553	0.00425	0.00783	0.00739	0.01040	0.01433	0.05162	0.01545	0.49597	0.24660	0.00511	0.05124	0.00638	0.04280	0.00352
15	0.00931	0.02129	0.64928	0.01302	0.01914	0.01027	0.06511	0.01432	0.01063	0.01569	0.11533	0.01372	0.01140	0.00521	0.00476	0.00152	0.00648	0.00436	0.00248	0.00668
16	0.01378	0.53760	0.08988	0.00997	0.01391	0.22320	0.02564	0.01564	0.01077	0.01178	0.00707	0.00823	0.00616	0.00434	0.00357	0.00113	0.00625	0.00284	0.00216	0.00607
17	0.00876	0.00781	0.01045	0.00974	0.01030	0.00986	0.00765	0.01150	0.11258	0.01278	0.01486	0.25255	0.01564	0.01406	0.12778	0.00280	0.35544	0.00724	0.00322	0.00500
18	0.06669	0.01454	0.07565	0.01842	0.30249	0.17243	0.05888	0.09714	0.01217	0.01639	0.03296	0.01143	0.00810	0.00514	0.00569	0.00147	0.08697	0.00408	0.00272	0.00664
19	0.01406	0.04707	0.12481	0.01282	0.05964	0.31915	0.07784	0.01811	0.12626	0.06746	0.06057	0.01335	0.01061	0.02143	0.00502	0.00146	0.00657	0.00430	0.00314	0.00632
20	0.00565	0.00484	0.00484	0.00484	0.00646	0.00403	0.00363	0.00686	0.01089	0.01291	0.04842	0.04600	0.80027	0.01210	0.00565	0.00161	0.00242	0.01009	0.00444	0.00403
21	0.01038	0.03182	0.20749	0.01515	0.01876	0.01245	0.29671	0.01361	0.00965	0.01383	0.01005	0.01287	0.04369	0.00595	0.00861	0.00173	0.27407	0.00481	0.00230	0.00608
22	0.00953	0.00900	0.01524	0.67965	0.16991	0.01075	0.01352	0.01265	0.00979	0.01282	0.00858	0.01258	0.00659	0.00469	0.00477	0.00156	0.00625	0.00425	0.00217	0.00571
23	0.00678	0.00459	0.00541	0.00557	0.00566	0.00460	0.00330	0.00700	0.00731	0.00980	0.01657	0.14691	0.01913	0.66570	0.06835	0.00442	0.00485	0.00781	0.00310	0.00312

[dist]
# distance from previous block
# <min> <max>
0	2

# created by:
# /st0/software/busco_prod/Augustus/scripts/msa2prfl.pl ./align_prep/56762.fa
