[name]
unknown

[dist]
# distance from previous block
# <min> <max>
0	69

[block]
# block no. 0 follows, 52 sequences, length 151
# corresponding to MSA columns:
# 69-219
name=unknown_A
#
# <colnr> <probs for GDERKNQSTAVLIFYWHMCP>
#	G	D	E	R	K	N	Q	S	T	A	V	L	I	F	Y	W	H	M	C	P
0	0.00781	0.00558	0.00781	0.00892	0.01004	0.00558	0.00781	0.01004	0.01116	0.01450	0.02566	0.05466	0.02789	0.01339	0.00669	0.00223	0.00446	0.76685	0.00446	0.00446
1	0.01821	0.01341	0.01438	0.01104	0.01485	0.01484	0.00910	0.76919	0.02250	0.03016	0.01170	0.01200	0.00841	0.02079	0.00521	0.00151	0.00532	0.00441	0.00481	0.00814
2	0.01213	0.01264	0.01757	0.08525	0.35185	0.15207	0.12643	0.02827	0.01116	0.01431	0.00961	0.01323	0.00818	0.04247	0.09174	0.00226	0.00742	0.00452	0.00249	0.00641
3	0.00636	0.00469	0.00595	0.00614	0.00706	0.00428	0.00441	0.00799	0.01178	0.01603	0.41778	0.31124	0.15422	0.01209	0.00588	0.00169	0.00249	0.01072	0.00492	0.00428
4	0.00692	0.00519	0.00779	0.00779	0.00865	0.00606	0.00606	0.00865	0.00779	0.01125	0.01298	0.01904	0.01211	0.03634	0.81049	0.00779	0.01298	0.00519	0.00260	0.00433
5	0.00594	0.00424	0.00566	0.00679	0.00709	0.00397	0.00456	0.00681	0.00931	0.01241	0.02669	0.81180	0.03197	0.01515	0.00620	0.00197	0.00284	0.02815	0.00450	0.00395
6	0.00614	0.00452	0.00566	0.00642	0.00697	0.00422	0.00435	0.00732	0.02627	0.01277	0.06642	0.60587	0.13748	0.07242	0.00739	0.00209	0.00289	0.01238	0.00444	0.00400
7	0.01005	0.00861	0.01005	0.00718	0.01148	0.00646	0.00574	0.01220	0.01005	0.01579	0.00861	0.01005	0.00718	0.00359	0.00359	0.00072	0.00359	0.00287	0.00287	0.85932
8	0.00639	0.00494	0.00583	0.00560	0.00695	0.00437	0.00420	0.00824	0.01261	0.01680	0.48681	0.04053	0.35746	0.01089	0.00572	0.00157	0.00236	0.00937	0.00499	0.00437
9	0.01955	0.01023	0.01231	0.00956	0.01321	0.01023	0.00785	0.30949	0.05242	0.45049	0.03058	0.02692	0.01161	0.00616	0.00490	0.00150	0.00451	0.00491	0.00548	0.00809
10	0.00836	0.00628	0.00747	0.00690	0.00845	0.00640	0.00525	0.02639	0.18513	0.01971	0.55663	0.03049	0.03590	0.00880	0.00536	0.00152	0.00268	0.00766	0.06530	0.00532
11	0.00704	0.00472	0.00542	0.00542	0.00547	0.00477	0.00310	0.00713	0.00709	0.00950	0.01515	0.03104	0.01732	0.78737	0.06659	0.00486	0.00514	0.00695	0.00292	0.00301
12	0.00593	0.00423	0.00562	0.00672	0.00699	0.00395	0.00447	0.00675	0.00923	0.01231	0.02648	0.81078	0.03177	0.03132	0.00655	0.00202	0.00285	0.01364	0.00447	0.00392
13	0.00602	0.00458	0.00555	0.00608	0.00696	0.00411	0.00431	0.00722	0.01053	0.01363	0.13971	0.43566	0.29403	0.01343	0.00598	0.00180	0.00266	0.02905	0.00461	0.00409
14	0.00705	0.00470	0.00529	0.00529	0.00529	0.00470	0.00294	0.00705	0.00705	0.00940	0.01527	0.03171	0.01762	0.82969	0.02467	0.00470	0.00470	0.00705	0.00294	0.00294
15	0.01325	0.01580	0.02454	0.01826	0.02251	0.22977	0.57129	0.01657	0.01206	0.01452	0.00917	0.01189	0.00705	0.00433	0.00535	0.00153	0.00833	0.00501	0.00246	0.00629
16	0.00694	0.00502	0.00589	0.00568	0.00664	0.00475	0.00397	0.00871	0.03538	0.01522	0.36668	0.03563	0.18145	0.25106	0.01117	0.00247	0.00308	0.00827	0.03791	0.00409
17	0.01220	0.01048	0.01104	0.00989	0.01266	0.01212	0.00771	0.04309	0.77313	0.02051	0.01954	0.01793	0.01464	0.00656	0.00493	0.00164	0.00387	0.00545	0.00493	0.00768
18	0.00705	0.00470	0.00529	0.00529	0.00529	0.00470	0.00294	0.00705	0.00705	0.00940	0.01527	0.03171	0.01762	0.82969	0.02467	0.00470	0.00470	0.00705	0.00294	0.00294
19	0.00582	0.00465	0.00521	0.00562	0.00674	0.00404	0.00401	0.00693	0.01045	0.01297	0.05789	0.33632	0.49574	0.01330	0.00590	0.00176	0.00258	0.01151	0.00452	0.00404
20	0.71993	0.00882	0.00720	0.00640	0.00927	0.00995	0.00523	0.01433	0.00897	0.07226	0.03710	0.01106	0.03317	0.00508	0.00332	0.00149	0.00363	0.00330	0.03413	0.00536
21	0.01205	0.01041	0.01096	0.00986	0.01260	0.01205	0.00767	0.02575	0.79071	0.02027	0.01972	0.01808	0.01479	0.00657	0.00493	0.00164	0.00384	0.00548	0.00493	0.00767
22	0.00692	0.00519	0.00779	0.00779	0.00865	0.00606	0.00606	0.00865	0.00779	0.01125	0.01298	0.01904	0.01211	0.03634	0.81049	0.00779	0.01298	0.00519	0.00260	0.00433
23	0.00573	0.00491	0.00491	0.00491	0.00655	0.00409	0.00368	0.00695	0.01105	0.01309	0.04909	0.04664	0.79750	0.01227	0.00573	0.00164	0.00245	0.01023	0.00450	0.00409
24	0.01708	0.00715	0.00952	0.00772	0.01043	0.00632	0.00605	0.01865	0.01254	0.55600	0.10251	0.05249	0.01734	0.14369	0.00830	0.00205	0.00397	0.00600	0.00536	0.00680
25	0.02128	0.00898	0.01170	0.00897	0.01274	0.00822	0.00741	0.12872	0.01510	0.69598	0.01808	0.01582	0.01148	0.00597	0.00487	0.00149	0.00429	0.00480	0.00584	0.00825
26	0.00662	0.00494	0.00614	0.00584	0.00709	0.00447	0.00438	0.00868	0.01315	0.01808	0.63789	0.03842	0.20558	0.01041	0.00572	0.00155	0.00232	0.00908	0.00516	0.00447
27	0.00605	0.00433	0.00576	0.00665	0.00706	0.00404	0.00451	0.00712	0.00997	0.01348	0.14754	0.70254	0.03420	0.01435	0.00611	0.00190	0.00273	0.01299	0.00463	0.00404
28	0.01081	0.01743	0.31059	0.01802	0.02374	0.01189	0.50424	0.01546	0.01100	0.01546	0.00940	0.01204	0.00691	0.00427	0.00531	0.00160	0.00780	0.00494	0.00230	0.00676
29	0.74690	0.01127	0.00804	0.00722	0.01015	0.12146	0.00582	0.01495	0.00901	0.02038	0.00685	0.00799	0.00539	0.00457	0.00319	0.00146	0.00444	0.00269	0.00293	0.00530
30	0.01060	0.01060	0.01484	0.01272	0.01272	0.01484	0.01060	0.01166	0.00742	0.01166	0.00636	0.01060	0.00636	0.00848	0.01590	0.00212	0.82082	0.00424	0.00212	0.00530
31	0.00686	0.00495	0.00648	0.00610	0.00724	0.00457	0.00457	0.00914	0.01372	0.01943	0.79691	0.03620	0.04572	0.00991	0.00572	0.00152	0.00229	0.00876	0.00533	0.00457
32	0.00686	0.00495	0.00648	0.00610	0.00724	0.00457	0.00457	0.00914	0.01372	0.01943	0.79691	0.03620	0.04572	0.00991	0.00572	0.00152	0.00229	0.00876	0.00533	0.00457
33	0.01005	0.00861	0.01005	0.00718	0.01148	0.00646	0.00574	0.01220	0.01005	0.01579	0.00861	0.01005	0.00718	0.00359	0.00359	0.00072	0.00359	0.00287	0.00287	0.85932
34	0.01290	0.12400	0.01298	0.00955	0.01256	0.01267	0.00772	0.02404	0.62496	0.07718	0.01788	0.01654	0.01340	0.00620	0.00467	0.00155	0.00404	0.00503	0.00461	0.00751
35	0.00668	0.00495	0.00623	0.00591	0.00713	0.00450	0.00443	0.00880	0.01330	0.01844	0.67978	0.03783	0.16347	0.01028	0.00572	0.00154	0.00231	0.00899	0.00520	0.00450
36	0.01005	0.00861	0.01005	0.00718	0.01148	0.00646	0.00574	0.01220	0.01005	0.01579	0.00861	0.01005	0.00718	0.00359	0.00359	0.00072	0.00359	0.00287	0.00287	0.85932
37	0.00692	0.00519	0.00779	0.00779	0.00865	0.00606	0.00606	0.00865	0.00779	0.01125	0.01298	0.01904	0.01211	0.03634	0.81049	0.00779	0.01298	0.00519	0.00260	0.00433
38	0.00573	0.00491	0.00491	0.00491	0.00655	0.00409	0.00368	0.00695	0.01105	0.01309	0.04909	0.04664	0.79750	0.01227	0.00573	0.00164	0.00245	0.01023	0.00450	0.00409
39	0.01842	0.01357	0.01454	0.01115	0.01503	0.01503	0.00921	0.78330	0.02278	0.03054	0.01163	0.01163	0.00824	0.00582	0.00485	0.00145	0.00533	0.00436	0.00485	0.00824
40	0.01296	0.83261	0.02539	0.00829	0.01244	0.01917	0.00829	0.01451	0.00985	0.01140	0.00674	0.00777	0.00622	0.00415	0.00311	0.00104	0.00518	0.00259	0.00207	0.00622
41	0.02093	0.06414	0.01242	0.00877	0.01256	0.00847	0.00734	0.07450	0.01420	0.69715	0.01778	0.01558	0.01135	0.00586	0.00475	0.00147	0.00428	0.00468	0.00566	0.00811
42	0.07848	0.00832	0.01097	0.00847	0.01217	0.00738	0.00700	0.02299	0.01349	0.75020	0.01828	0.01591	0.01154	0.00590	0.00475	0.00150	0.00410	0.00472	0.00580	0.00805
43	0.01223	0.01037	0.01096	0.00984	0.01260	0.01196	0.00766	0.02571	0.77622	0.03487	0.01971	0.01805	0.01474	0.00656	0.00493	0.00164	0.00384	0.00547	0.00495	0.00768
44	0.00692	0.00519	0.00779	0.00779	0.00865	0.00606	0.00606	0.00865	0.00779	0.01125	0.01298	0.01904	0.01211	0.03634	0.81049	0.00779	0.01298	0.00519	0.00260	0.00433
45	0.01842	0.01357	0.01454	0.01115	0.01503	0.01503	0.00921	0.78330	0.02278	0.03054	0.01163	0.01163	0.00824	0.00582	0.00485	0.00145	0.00533	0.00436	0.00485	0.00824
46	0.01005	0.00861	0.01005	0.00718	0.01148	0.00646	0.00574	0.01220	0.01005	0.01579	0.00861	0.01005	0.00718	0.00359	0.00359	0.00072	0.00359	0.00287	0.00287	0.85932
47	0.00972	0.02507	0.80458	0.01381	0.02097	0.01125	0.01790	0.01535	0.01023	0.01535	0.00870	0.01023	0.00614	0.00460	0.00460	0.00153	0.00716	0.00358	0.00205	0.00716
48	0.01842	0.01357	0.01454	0.01115	0.01503	0.01503	0.00921	0.78330	0.02278	0.03054	0.01163	0.01163	0.00824	0.00582	0.00485	0.00145	0.00533	0.00436	0.00485	0.00824
49	0.00903	0.00452	0.00452	0.00452	0.00565	0.00452	0.00339	0.01129	0.01016	0.01807	0.01581	0.01807	0.01242	0.00565	0.00339	0.00113	0.00226	0.00452	0.85659	0.00452
50	0.00658	0.00494	0.00609	0.00580	0.00707	0.00445	0.00435	0.00861	0.01306	0.01788	0.61322	0.03876	0.23039	0.01049	0.00572	0.00155	0.00233	0.00912	0.00513	0.00445
51	0.00705	0.00470	0.00529	0.00529	0.00529	0.00470	0.00294	0.00705	0.00705	0.00940	0.01527	0.03171	0.01762	0.82969	0.02467	0.00470	0.00470	0.00705	0.00294	0.00294
52	0.82996	0.00933	0.00729	0.00646	0.00949	0.01072	0.00532	0.01462	0.00847	0.05324	0.00725	0.00822	0.00552	0.00456	0.00307	0.00150	0.00376	0.00271	0.00312	0.00537
53	0.01141	0.01328	0.04234	0.02031	0.02525	0.01224	0.76833	0.01552	0.01142	0.01552	0.00978	0.01302	0.00733	0.00409	0.00570	0.00163	0.00815	0.00568	0.00244	0.00655
54	0.00633	0.00446	0.00582	0.00675	0.00709	0.00426	0.00462	0.00719	0.00912	0.01211	0.02462	0.59856	0.02908	0.15496	0.00942	0.00247	0.00333	0.10176	0.00423	0.00383
55	0.00578	0.00493	0.00498	0.00501	0.00664	0.00413	0.00379	0.00703	0.01105	0.01313	0.04848	0.04685	0.77748	0.01230	0.00575	0.00165	0.00251	0.02991	0.00450	0.00410
56	0.01800	0.04319	0.01412	0.01224	0.01492	0.70958	0.00932	0.09616	0.01454	0.01373	0.00789	0.00901	0.00644	0.00505	0.00438	0.00126	0.00830	0.00323	0.00272	0.00590
57	0.00683	0.00571	0.00608	0.00610	0.00778	0.00535	0.00471	0.00988	0.11885	0.01421	0.04161	0.07530	0.57586	0.01172	0.00574	0.00171	0.00287	0.09051	0.00456	0.00462
58	0.86392	0.00937	0.00712	0.00637	0.00937	0.01087	0.00525	0.01425	0.00825	0.02174	0.00675	0.00787	0.00525	0.00450	0.00300	0.00150	0.00375	0.00262	0.00300	0.00525
59	0.01387	0.00918	0.00968	0.00793	0.01048	0.00993	0.00639	0.40871	0.01666	0.02449	0.01366	0.01476	0.01027	0.00573	0.00414	0.00130	0.00384	0.00444	0.41813	0.00643
60	0.00711	0.00503	0.00641	0.00602	0.00729	0.00458	0.00453	0.00926	0.01340	0.03905	0.68724	0.03693	0.13476	0.01009	0.00570	0.00154	0.00235	0.00884	0.00525	0.00461
61	0.00590	0.00422	0.00562	0.00675	0.00703	0.00394	0.00450	0.00675	0.00928	0.01237	0.02671	0.82653	0.03205	0.01518	0.00619	0.00197	0.00281	0.01378	0.00450	0.00394
62	0.00590	0.00422	0.00562	0.00675	0.00703	0.00394	0.00450	0.00675	0.00928	0.01237	0.02671	0.82653	0.03205	0.01518	0.00619	0.00197	0.00281	0.01378	0.00450	0.00394
63	0.86392	0.00937	0.00712	0.00637	0.00937	0.01087	0.00525	0.01425	0.00825	0.02174	0.00675	0.00787	0.00525	0.00450	0.00300	0.00150	0.00375	0.00262	0.00300	0.00525
64	0.00575	0.00481	0.00501	0.00518	0.00662	0.00407	0.00380	0.00692	0.01078	0.01298	0.04578	0.16201	0.68426	0.01270	0.00580	0.00169	0.00251	0.01075	0.00450	0.00407
65	0.01167	0.01000	0.01062	0.00958	0.01220	0.01150	0.00744	0.02452	0.73298	0.02021	0.07746	0.01943	0.01709	0.00682	0.00499	0.00163	0.00372	0.00572	0.00496	0.00744
66	0.00586	0.00491	0.00509	0.00505	0.00663	0.00415	0.00378	0.00721	0.01135	0.01382	0.13510	0.04544	0.71103	0.01200	0.00573	0.00162	0.00244	0.01006	0.00460	0.00415
67	0.00692	0.00519	0.00779	0.00779	0.00865	0.00606	0.00606	0.00865	0.00779	0.01125	0.01298	0.01904	0.01211	0.03634	0.81049	0.00779	0.01298	0.00519	0.00260	0.00433
68	0.00692	0.00533	0.00637	0.00604	0.00743	0.00497	0.00455	0.00972	0.06781	0.01777	0.53868	0.03776	0.24801	0.01032	0.00566	0.00156	0.00244	0.00893	0.00508	0.00466
69	0.00915	0.00861	0.01453	0.81804	0.03338	0.01077	0.01346	0.01238	0.00969	0.01238	0.00861	0.01292	0.00646	0.00484	0.00484	0.00161	0.00646	0.00431	0.00215	0.00538
70	0.00690	0.00515	0.00764	0.00767	0.00849	0.00596	0.00590	0.00855	0.00779	0.01120	0.01338	0.03793	0.01278	0.06617	0.76213	0.00754	0.01243	0.00546	0.00265	0.00426
71	0.00915	0.00861	0.01453	0.81804	0.03338	0.01077	0.01346	0.01238	0.00969	0.01238	0.00861	0.01292	0.00646	0.00484	0.00484	0.00161	0.00646	0.00431	0.00215	0.00538
72	0.01132	0.01274	0.02673	0.01938	0.02362	0.01261	0.67721	0.01500	0.01089	0.01500	0.00934	0.01274	0.00722	0.00468	0.00710	0.00170	0.11844	0.00552	0.00241	0.00637
73	0.00606	0.00492	0.00537	0.00525	0.00675	0.00423	0.00394	0.00759	0.01182	0.01494	0.26681	0.04360	0.57863	0.01158	0.00572	0.00160	0.00241	0.00980	0.00474	0.00423
74	0.00925	0.00838	0.04269	0.01169	0.01413	0.00739	0.26975	0.01154	0.01045	0.06737	0.01957	0.34038	0.04375	0.04187	0.00651	0.00188	0.00501	0.04683	0.03631	0.00524
75	0.01064	0.01595	0.25396	0.01687	0.02161	0.01203	0.42088	0.01469	0.01061	0.01509	0.03907	0.01278	0.00832	0.00507	0.00680	0.00167	0.12008	0.00500	0.00240	0.00647
76	0.00601	0.00441	0.00564	0.00641	0.00699	0.00405	0.00440	0.00711	0.01013	0.01345	0.13631	0.61102	0.13814	0.01406	0.00606	0.00186	0.00269	0.01260	0.00461	0.00405
77	0.04712	0.00744	0.00880	0.00791	0.00961	0.00816	0.00618	0.19964	0.01218	0.01713	0.04757	0.02262	0.09478	0.11175	0.30047	0.00418	0.02357	0.02951	0.03619	0.00519
78	0.00981	0.07253	0.43384	0.01108	0.01569	0.01029	0.01247	0.08261	0.01063	0.01513	0.01124	0.06742	0.00992	0.07317	0.14041	0.00280	0.00736	0.00479	0.00262	0.00619
79	0.01007	0.00985	0.01449	0.23205	0.01820	0.01340	0.01121	0.01174	0.00805	0.01184	0.00723	0.01156	0.00661	0.00855	0.04325	0.00220	0.56798	0.00430	0.00215	0.00529
80	0.01069	0.01074	0.01461	0.01256	0.01261	0.03161	0.01041	0.01173	0.00755	0.01162	0.00658	0.01101	0.00660	0.02597	0.01584	0.00216	0.78603	0.00428	0.00215	0.00526
81	0.01322	0.01169	0.09075	0.00951	0.01397	0.00946	0.03847	0.21521	0.01376	0.08391	0.01032	0.01113	0.00775	0.00449	0.00421	0.00109	0.00462	0.00361	0.00355	0.44930
82	0.01246	0.63711	0.12787	0.00890	0.01323	0.01667	0.00929	0.01462	0.01031	0.04357	0.06001	0.01033	0.00906	0.00466	0.00355	0.00115	0.00521	0.00322	0.00244	0.00632
83	0.00616	0.00442	0.00586	0.00657	0.00709	0.00411	0.00452	0.00740	0.01049	0.01430	0.23665	0.61110	0.03578	0.01374	0.00606	0.00185	0.00267	0.01241	0.00473	0.00411
84	0.22464	0.22727	0.01618	0.23447	0.08633	0.01279	0.04467	0.01402	0.00964	0.04587	0.00840	0.01104	0.00686	0.03430	0.00468	0.00153	0.00531	0.00362	0.00256	0.00585
85	0.07190	0.04478	0.09843	0.04752	0.01730	0.08492	0.18273	0.12725	0.05018	0.16471	0.03007	0.01346	0.02076	0.00525	0.00480	0.00149	0.00597	0.00460	0.00365	0.02023
86	0.01655	0.01004	0.01110	0.04095	0.01291	0.08613	0.00752	0.17199	0.04246	0.34393	0.01839	0.14486	0.03866	0.00766	0.00510	0.00157	0.00464	0.02365	0.00492	0.00696
87	0.00741	0.00530	0.00666	0.00675	0.00784	0.00506	0.00496	0.03701	0.04173	0.03443	0.33376	0.32800	0.10301	0.01187	0.00586	0.00173	0.00281	0.04630	0.00489	0.00462
88	0.26429	0.00848	0.09571	0.00821	0.03517	0.00721	0.00664	0.01085	0.00927	0.04413	0.03169	0.38882	0.01898	0.01008	0.00544	0.03448	0.00376	0.00821	0.00369	0.00491
89	0.00990	0.00946	0.01491	0.63018	0.14022	0.03576	0.01310	0.01340	0.04080	0.01333	0.02746	0.01340	0.00787	0.00496	0.00485	0.00158	0.00623	0.00442	0.00238	0.00579
90	0.00830	0.00692	0.01054	0.00943	0.01052	0.00785	0.09369	0.01003	0.00903	0.01328	0.01648	0.19010	0.05087	0.01584	0.19824	0.00320	0.18126	0.02268	0.13702	0.00472
91	0.01819	0.02062	0.01394	0.01214	0.01499	0.60370	0.00932	0.21777	0.01608	0.01671	0.00857	0.00949	0.00676	0.00521	0.00449	0.00130	0.00785	0.00344	0.00311	0.00630
92	0.15470	0.02300	0.06655	0.39730	0.14598	0.01094	0.01173	0.05781	0.01062	0.01600	0.03657	0.01316	0.02601	0.00508	0.00453	0.00154	0.00562	0.00424	0.00265	0.00596
93	0.00771	0.00619	0.00837	0.12934	0.06727	0.00621	0.00665	0.02721	0.03552	0.02954	0.13158	0.25228	0.24164	0.01066	0.00561	0.00170	0.00353	0.01997	0.00416	0.00485
94	0.06005	0.00927	0.01166	0.00898	0.01272	0.00873	0.00742	0.16132	0.01523	0.62631	0.01719	0.01521	0.01100	0.00590	0.00478	0.00149	0.00433	0.00468	0.00565	0.00811
95	0.00641	0.00448	0.00564	0.00619	0.00650	0.00427	0.00401	0.00719	0.00921	0.01245	0.13517	0.45777	0.02943	0.27441	0.01202	0.00277	0.00334	0.01090	0.00412	0.00371
96	0.00822	0.00435	0.00648	0.00648	0.00662	0.00447	0.00445	0.00674	0.00660	0.00902	0.00921	0.01540	0.00901	0.01929	0.12812	0.72289	0.00538	0.00435	0.02045	0.00246
97	0.00674	0.00477	0.00528	0.00526	0.00604	0.00445	0.00349	0.00767	0.00956	0.01279	0.13343	0.06447	0.26490	0.36062	0.01363	0.00290	0.00339	0.00830	0.07863	0.00370
98	0.86392	0.00937	0.00712	0.00637	0.00937	0.01087	0.00525	0.01425	0.00825	0.02174	0.00675	0.00787	0.00525	0.00450	0.00300	0.00150	0.00375	0.00262	0.00300	0.00525
99	0.00659	0.00479	0.00612	0.00686	0.00765	0.00450	0.00516	0.00777	0.01004	0.01298	0.04970	0.35349	0.18739	0.05780	0.00773	0.03701	0.00334	0.22274	0.00433	0.00400
100	0.30713	0.00712	0.00741	0.00661	0.00894	0.00719	0.00520	0.01348	0.01096	0.18809	0.16566	0.09340	0.12933	0.02328	0.00499	0.00162	0.00331	0.00641	0.00443	0.00545
101	0.01842	0.01357	0.01454	0.01115	0.01503	0.01503	0.00921	0.78330	0.02278	0.03054	0.01163	0.01163	0.00824	0.00582	0.00485	0.00145	0.00533	0.00436	0.00485	0.00824
102	0.00990	0.00477	0.00497	0.00480	0.00610	0.00469	0.00364	0.01213	0.01041	0.07127	0.01603	0.01796	0.01239	0.00567	0.00349	0.00115	0.00238	0.00454	0.79893	0.00477
103	0.00614	0.00440	0.00591	0.00678	0.00713	0.00429	0.00461	0.00707	0.00898	0.01211	0.03569	0.64680	0.02848	0.07544	0.11875	0.00296	0.00434	0.01204	0.00414	0.00393
104	0.86392	0.00937	0.00712	0.00637	0.00937	0.01087	0.00525	0.01425	0.00825	0.02174	0.00675	0.00787	0.00525	0.00450	0.00300	0.00150	0.00375	0.00262	0.00300	0.00525
105	0.00592	0.00490	0.00500	0.00497	0.00656	0.00414	0.00373	0.00726	0.01119	0.01369	0.09748	0.04491	0.71931	0.01188	0.00564	0.00161	0.00244	0.00992	0.03530	0.00414
106	0.01842	0.01357	0.01454	0.01115	0.01503	0.01503	0.00921	0.78330	0.02278	0.03054	0.01163	0.01163	0.00824	0.00582	0.00485	0.00145	0.00533	0.00436	0.00485	0.00824
107	0.00619	0.00489	0.00518	0.00522	0.00640	0.00433	0.00370	0.00719	0.01012	0.01242	0.06439	0.04284	0.54048	0.22026	0.01059	0.00244	0.00311	0.04230	0.00413	0.00383
108	0.00686	0.00495	0.00648	0.00610	0.00724	0.00457	0.00457	0.00914	0.01372	0.01943	0.79691	0.03620	0.04572	0.00991	0.00572	0.00152	0.00229	0.00876	0.00533	0.00457
109	0.68484	0.00913	0.00800	0.00685	0.01001	0.01007	0.00565	0.01624	0.00944	0.18783	0.00938	0.00971	0.00668	0.00482	0.00340	0.00150	0.00383	0.00310	0.00364	0.00589
110	0.01810	0.02310	0.01373	0.01248	0.01498	0.81024	0.00936	0.01935	0.01373	0.01186	0.00749	0.00874	0.00624	0.00499	0.00437	0.00125	0.00874	0.00312	0.00250	0.00562
111	0.00705	0.00470	0.00529	0.00529	0.00529	0.00470	0.00294	0.00705	0.00705	0.00940	0.01527	0.03171	0.01762	0.82969	0.02467	0.00470	0.00470	0.00705	0.00294	0.00294
112	0.01144	0.01307	0.02859	0.02042	0.02533	0.01225	0.78186	0.01552	0.01144	0.01552	0.00980	0.01307	0.00735	0.00408	0.00572	0.00163	0.00817	0.00572	0.00245	0.00654
113	0.00972	0.02507	0.80458	0.01381	0.02097	0.01125	0.01790	0.01535	0.01023	0.01535	0.00870	0.01023	0.00614	0.00460	0.00460	0.00153	0.00716	0.00358	0.00205	0.00716
114	0.01205	0.01041	0.01096	0.00986	0.01260	0.01205	0.00767	0.02575	0.79071	0.02027	0.01972	0.01808	0.01479	0.00657	0.00493	0.00164	0.00384	0.00548	0.00493	0.00767
115	0.01810	0.02310	0.01373	0.01248	0.01498	0.81024	0.00936	0.01935	0.01373	0.01186	0.00749	0.00874	0.00624	0.00499	0.00437	0.00125	0.00874	0.00312	0.00250	0.00562
116	0.00686	0.00495	0.00648	0.00610	0.00724	0.00457	0.00457	0.00914	0.01372	0.01943	0.79691	0.03620	0.04572	0.00991	0.00572	0.00152	0.00229	0.00876	0.00533	0.00457
117	0.00915	0.00861	0.01453	0.81804	0.03338	0.01077	0.01346	0.01238	0.00969	0.01238	0.00861	0.01292	0.00646	0.00484	0.00484	0.00161	0.00646	0.00431	0.00215	0.00538
118	0.00671	0.00566	0.00609	0.00556	0.00763	0.00470	0.00426	0.00841	0.02382	0.01421	0.10075	0.03916	0.57126	0.01051	0.00536	0.00148	0.00270	0.02491	0.00429	0.15250
119	0.00799	0.00528	0.00702	0.00675	0.00806	0.00491	0.00530	0.01024	0.01328	0.06961	0.61242	0.03812	0.04043	0.01026	0.00583	0.00165	0.00278	0.14005	0.00523	0.00479
120	0.01060	0.01060	0.01484	0.01272	0.01272	0.01484	0.01060	0.01166	0.00742	0.01166	0.00636	0.01060	0.00636	0.00848	0.01590	0.00212	0.82082	0.00424	0.00212	0.00530
121	0.00695	0.00490	0.00639	0.00643	0.00682	0.00526	0.00436	0.00774	0.00746	0.01032	0.01471	0.05654	0.01576	0.45193	0.36732	0.00594	0.00824	0.00649	0.00285	0.00358
122	0.00780	0.00578	0.00654	0.00614	0.00782	0.00546	0.00467	0.01112	0.11456	0.05092	0.31741	0.03665	0.35427	0.01013	0.00549	0.00157	0.00264	0.00861	0.03748	0.00494
123	0.86392	0.00937	0.00712	0.00637	0.00937	0.01087	0.00525	0.01425	0.00825	0.02174	0.00675	0.00787	0.00525	0.00450	0.00300	0.00150	0.00375	0.00262	0.00300	0.00525
124	0.02174	0.00825	0.01125	0.00862	0.01237	0.00712	0.00712	0.02362	0.01387	0.80282	0.01912	0.01649	0.01200	0.00600	0.00487	0.00150	0.00412	0.00487	0.00600	0.00825
125	0.00705	0.00470	0.00529	0.00529	0.00529	0.00470	0.00294	0.00705	0.00705	0.00940	0.01527	0.03171	0.01762	0.82969	0.02467	0.00470	0.00470	0.00705	0.00294	0.00294
126	0.00837	0.00545	0.00607	0.00627	0.00733	0.00564	0.00450	0.01202	0.14586	0.01604	0.02030	0.30289	0.01998	0.04819	0.00565	0.00168	0.00284	0.00806	0.36809	0.00479
127	0.01243	0.00660	0.00718	0.00623	0.00820	0.00669	0.00491	0.14570	0.01285	0.13009	0.01555	0.01674	0.01164	0.00572	0.00385	0.00124	0.00305	0.00454	0.59111	0.00568
128	0.00705	0.00470	0.00529	0.00529	0.00529	0.00470	0.00294	0.00705	0.00705	0.00940	0.01527	0.03171	0.01762	0.82969	0.02467	0.00470	0.00470	0.00705	0.00294	0.00294
129	0.86392	0.00937	0.00712	0.00637	0.00937	0.01087	0.00525	0.01425	0.00825	0.02174	0.00675	0.00787	0.00525	0.00450	0.00300	0.00150	0.00375	0.00262	0.00300	0.00525
130	0.00779	0.00476	0.00557	0.00598	0.00673	0.00470	0.00429	0.02702	0.00981	0.01483	0.02029	0.29377	0.02123	0.12895	0.00778	0.00205	0.00310	0.08659	0.34058	0.00418
131	0.86392	0.00937	0.00712	0.00637	0.00937	0.01087	0.00525	0.01425	0.00825	0.02174	0.00675	0.00787	0.00525	0.00450	0.00300	0.00150	0.00375	0.00262	0.00300	0.00525
132	0.01315	0.01057	0.01129	0.00991	0.01281	0.01205	0.00778	0.09317	0.67982	0.06393	0.01897	0.01742	0.01406	0.00648	0.00492	0.00162	0.00398	0.00535	0.00498	0.00775
133	0.00708	0.00473	0.00622	0.00653	0.00737	0.00435	0.00463	0.00855	0.01128	0.05598	0.32276	0.45432	0.06268	0.01258	0.00592	0.00176	0.00267	0.01127	0.00490	0.00441
134	0.00692	0.00519	0.00779	0.00779	0.00865	0.00606	0.00606	0.00865	0.00779	0.01125	0.01298	0.01904	0.01211	0.03634	0.81049	0.00779	0.01298	0.00519	0.00260	0.00433
135	0.00696	0.00470	0.00547	0.00555	0.00563	0.00474	0.00325	0.00713	0.00725	0.00972	0.01589	0.08476	0.01823	0.72186	0.07552	0.00472	0.00512	0.00738	0.00302	0.00310
136	0.00842	0.00421	0.00631	0.00631	0.00631	0.00421	0.00421	0.00631	0.00631	0.00842	0.00842	0.01473	0.00842	0.01684	0.01894	0.85901	0.00421	0.00421	0.00210	0.00210
137	0.00713	0.00550	0.00720	0.00776	0.00877	0.00558	0.00633	0.00879	0.01048	0.01360	0.04606	0.17725	0.20968	0.01392	0.03857	0.00224	0.05934	0.36319	0.00426	0.00434
138	0.01168	0.01309	0.02810	0.02010	0.02496	0.01235	0.75465	0.04257	0.01184	0.01605	0.00987	0.01302	0.00738	0.00415	0.00569	0.00163	0.00807	0.00567	0.00254	0.00660
139	0.02016	0.01014	0.01234	0.00953	0.01327	0.01001	0.00785	0.27817	0.05430	0.50644	0.01664	0.01494	0.01087	0.00597	0.00487	0.00149	0.00451	0.00473	0.00556	0.00822
140	0.00624	0.00461	0.00626	0.00687	0.00749	0.00463	0.00491	0.00745	0.00915	0.01236	0.05398	0.47446	0.09770	0.02124	0.25439	0.00372	0.00590	0.01060	0.00394	0.00410
141	0.00589	0.00500	0.00510	0.00514	0.00674	0.00426	0.00386	0.00736	0.02548	0.01323	0.04733	0.07308	0.74212	0.01229	0.00575	0.00166	0.00253	0.02451	0.00451	0.00416
142	0.01726	0.01300	0.01389	0.01092	0.01459	0.01449	0.00893	0.64518	0.16280	0.02867	0.01311	0.01281	0.00944	0.00596	0.00486	0.00149	0.00506	0.00457	0.00486	0.00814
143	0.00712	0.00544	0.00826	0.00865	0.03973	0.00627	0.00640	0.00890	0.00792	0.01143	0.01283	0.01876	0.01194	0.03509	0.77882	0.00754	0.01270	0.00516	0.00259	0.00446
144	0.00806	0.00680	0.00870	0.09434	0.03728	0.05245	0.00721	0.02495	0.00992	0.01292	0.01995	0.19768	0.07425	0.01899	0.25590	0.00370	0.00713	0.15167	0.00348	0.00463
145	0.00635	0.00486	0.00549	0.00558	0.00691	0.00422	0.00409	0.00771	0.01126	0.03255	0.18457	0.19908	0.48558	0.01226	0.00580	0.00168	0.00253	0.01053	0.00469	0.00425
146	0.00915	0.01057	0.12426	0.01223	0.01516	0.00872	0.24836	0.03932	0.00970	0.01353	0.01201	0.04122	0.01101	0.14077	0.25946	0.02235	0.00866	0.00562	0.00265	0.00528
147	0.01035	0.00879	0.01021	0.00732	0.01161	0.00677	0.00587	0.04003	0.01051	0.01632	0.00872	0.01011	0.00722	0.00367	0.00363	0.00074	0.00365	0.00292	0.00294	0.82860
148	0.00697	0.00517	0.00686	0.00723	0.00818	0.00531	0.00568	0.00849	0.00936	0.01236	0.02424	0.05415	0.16536	0.13480	0.28713	0.00438	0.00703	0.23959	0.00361	0.00412
149	0.01416	0.00787	0.00978	0.00852	0.01106	0.00770	0.00697	0.15305	0.04240	0.28251	0.09992	0.08270	0.07818	0.00899	0.00548	0.00169	0.00400	0.16337	0.00516	0.00647
150	0.72636	0.00961	0.00783	0.00697	0.00995	0.01113	0.00568	0.03376	0.11684	0.02174	0.00866	0.00937	0.00664	0.00482	0.00331	0.00152	0.00380	0.00306	0.00331	0.00565

[dist]
# distance from previous block
# <min> <max>
0	1

[block]
# block no. 1 follows, 52 sequences, length 89
# corresponding to MSA columns:
# 221-309
name=unknown_B
#
# <colnr> <probs for GDERKNQSTAVLIFYWHMCP>
#	G	D	E	R	K	N	Q	S	T	A	V	L	I	F	Y	W	H	M	C	P
0	0.00897	0.00772	0.01216	0.25884	0.18427	0.00839	0.01055	0.01182	0.03557	0.01402	0.01693	0.14143	0.01726	0.00890	0.00560	0.00182	0.00509	0.24186	0.00334	0.00545
1	0.00869	0.00826	0.01421	0.08048	0.16750	0.00797	0.18269	0.01098	0.01060	0.01407	0.04008	0.19162	0.18874	0.02882	0.00600	0.00172	0.00486	0.00807	0.00339	0.02124
2	0.01073	0.01041	0.01348	0.01753	0.34202	0.11419	0.01004	0.01337	0.04942	0.01369	0.01223	0.04011	0.02654	0.05412	0.24687	0.00350	0.00801	0.00502	0.00273	0.00599
3	0.04191	0.00827	0.01115	0.00857	0.01230	0.00721	0.00708	0.02339	0.01374	0.78411	0.01882	0.01629	0.01183	0.00596	0.00483	0.00150	0.00411	0.00482	0.00593	0.00818
4	0.01184	0.01288	0.01323	0.01180	0.01248	0.21687	0.00940	0.01292	0.00930	0.01182	0.00959	0.12786	0.01004	0.00856	0.01155	0.00188	0.49491	0.00533	0.00256	0.00519
5	0.00606	0.00457	0.00567	0.00623	0.00698	0.00426	0.00435	0.00715	0.00978	0.01274	0.07664	0.44573	0.24436	0.05476	0.08479	0.00254	0.00375	0.01134	0.00429	0.00401
6	0.00915	0.00861	0.01453	0.81804	0.03338	0.01077	0.01346	0.01238	0.00969	0.01238	0.00861	0.01292	0.00646	0.00484	0.00484	0.00161	0.00646	0.00431	0.00215	0.00538
7	0.00637	0.00459	0.00614	0.00721	0.00776	0.00436	0.00529	0.00759	0.00983	0.01294	0.02751	0.59548	0.06734	0.01459	0.00629	0.00202	0.00321	0.20292	0.00449	0.00408
8	0.41141	0.00792	0.00783	0.00681	0.00950	0.00824	0.00545	0.01512	0.02646	0.21648	0.08360	0.04936	0.09978	0.02701	0.00470	0.00162	0.00356	0.00516	0.00422	0.00576
9	0.00688	0.00496	0.00671	0.00776	0.00855	0.00479	0.00616	0.00846	0.01035	0.01351	0.02749	0.38219	0.07516	0.01408	0.00642	0.00208	0.00364	0.40210	0.00448	0.00422
10	0.01908	0.01252	0.01389	0.01065	0.01450	0.01346	0.00880	0.63270	0.02102	0.18364	0.01312	0.01260	0.00899	0.00585	0.00485	0.00146	0.00509	0.00446	0.00508	0.00824
11	0.00770	0.00514	0.00665	0.00619	0.00751	0.00468	0.00467	0.00985	0.01343	0.06854	0.67521	0.05463	0.09741	0.00996	0.00567	0.00154	0.00243	0.00874	0.00530	0.00476
12	0.02331	0.00505	0.00587	0.00562	0.00674	0.00478	0.00403	0.00995	0.01090	0.06743	0.26423	0.06840	0.10476	0.17625	0.00892	0.00210	0.00296	0.00738	0.21693	0.00440
13	0.00948	0.00495	0.00499	0.00483	0.00609	0.00502	0.00366	0.04793	0.01076	0.01866	0.01561	0.01776	0.01222	0.00565	0.00346	0.00114	0.00240	0.00451	0.81617	0.00469
14	0.01210	0.01024	0.01087	0.00976	0.01242	0.01175	0.00758	0.07437	0.69244	0.02046	0.01962	0.06711	0.01542	0.00705	0.00500	0.00165	0.00387	0.00591	0.00490	0.00748
15	0.00584	0.00491	0.00506	0.00503	0.00661	0.00414	0.00377	0.00717	0.01131	0.01372	0.12338	0.04560	0.72282	0.01204	0.00573	0.00163	0.00244	0.01008	0.00458	0.00414
16	0.00646	0.00445	0.00546	0.00604	0.00618	0.00430	0.00374	0.00689	0.00820	0.01093	0.02117	0.44178	0.02506	0.40946	0.01513	0.00329	0.00372	0.01052	0.00374	0.00345
17	0.00705	0.00470	0.00529	0.00529	0.00529	0.00470	0.00294	0.00705	0.00705	0.00940	0.01527	0.03171	0.01762	0.82969	0.02467	0.00470	0.00470	0.00705	0.00294	0.00294
18	0.00617	0.00498	0.00554	0.00567	0.00713	0.00435	0.00438	0.00766	0.01137	0.01413	0.14833	0.07055	0.56677	0.01219	0.00587	0.00171	0.00271	0.11167	0.00461	0.00420
19	0.00623	0.00477	0.00577	0.00630	0.00732	0.00431	0.00470	0.00759	0.01073	0.01374	0.11949	0.32395	0.32627	0.01322	0.00604	0.00183	0.00287	0.12614	0.00459	0.00415
20	0.00646	0.00472	0.00609	0.00638	0.00726	0.00435	0.00465	0.00812	0.01171	0.01598	0.40163	0.32434	0.11190	0.01225	0.00594	0.00174	0.00262	0.05468	0.00490	0.00429
21	0.02154	0.00858	0.01145	0.00878	0.01254	0.00761	0.00725	0.07080	0.01442	0.75485	0.01865	0.01619	0.01176	0.00599	0.00487	0.00150	0.00420	0.00484	0.00593	0.00825
22	0.00676	0.00504	0.00629	0.00596	0.00722	0.00462	0.00448	0.00907	0.02680	0.01839	0.65821	0.03763	0.17101	0.01024	0.00570	0.00155	0.00234	0.00895	0.00519	0.00455
23	0.01193	0.00986	0.01036	0.00931	0.01191	0.01132	0.00725	0.04949	0.67850	0.02037	0.01902	0.01786	0.01431	0.00645	0.00476	0.00158	0.00371	0.00533	0.09933	0.00734
24	0.86392	0.00937	0.00712	0.00637	0.00937	0.01087	0.00525	0.01425	0.00825	0.02174	0.00675	0.00787	0.00525	0.00450	0.00300	0.00150	0.00375	0.00262	0.00300	0.00525
25	0.00658	0.00489	0.00613	0.00593	0.00710	0.00444	0.00441	0.00857	0.01290	0.01775	0.60374	0.09759	0.18060	0.01073	0.00575	0.00158	0.00236	0.00941	0.00512	0.00444
26	0.00675	0.00522	0.00635	0.00693	0.00828	0.00482	0.00573	0.00847	0.01106	0.01377	0.03703	0.06959	0.40053	0.01289	0.00621	0.00194	0.00345	0.38223	0.00448	0.00427
27	0.01842	0.01357	0.01454	0.01115	0.01503	0.01503	0.00921	0.78330	0.02278	0.03054	0.01163	0.01163	0.00824	0.00582	0.00485	0.00145	0.00533	0.00436	0.00485	0.00824
28	0.01060	0.01060	0.01484	0.01272	0.01272	0.01484	0.01060	0.01166	0.00742	0.01166	0.00636	0.01060	0.00636	0.00848	0.01590	0.00212	0.82082	0.00424	0.00212	0.00530
29	0.00576	0.00491	0.00495	0.00494	0.00656	0.00410	0.00371	0.00701	0.01112	0.01326	0.06877	0.04636	0.77772	0.01221	0.00573	0.00163	0.00245	0.01019	0.00452	0.00410
30	0.00622	0.00459	0.00634	0.00786	0.04468	0.00435	0.00503	0.00718	0.00933	0.01251	0.02554	0.76818	0.03041	0.01518	0.02573	0.00208	0.00320	0.01312	0.00435	0.00412
31	0.00705	0.00470	0.00529	0.00529	0.00529	0.00470	0.00294	0.00705	0.00705	0.00940	0.01527	0.03171	0.01762	0.82969	0.02467	0.00470	0.00470	0.00705	0.00294	0.00294
32	0.01282	0.12057	0.04321	0.14818	0.35562	0.17570	0.04733	0.01539	0.01121	0.01387	0.00841	0.01092	0.00694	0.00452	0.00453	0.00139	0.00656	0.00389	0.00233	0.00663
33	0.86392	0.00937	0.00712	0.00637	0.00937	0.01087	0.00525	0.01425	0.00825	0.02174	0.00675	0.00787	0.00525	0.00450	0.00300	0.00150	0.00375	0.00262	0.00300	0.00525
34	0.01191	0.07379	0.07088	0.01536	0.04512	0.01261	0.35242	0.05663	0.25903	0.01741	0.01301	0.02806	0.01003	0.00520	0.00514	0.00158	0.00619	0.00530	0.00334	0.00699
35	0.01553	0.42754	0.01956	0.01039	0.01371	0.41501	0.00883	0.01693	0.01179	0.01163	0.00711	0.00826	0.00623	0.00457	0.00374	0.00114	0.00696	0.00286	0.00229	0.00592
36	0.01005	0.00861	0.01005	0.00718	0.01148	0.00646	0.00574	0.01220	0.01005	0.01579	0.00861	0.01005	0.00718	0.00359	0.00359	0.00072	0.00359	0.00287	0.00287	0.85932
37	0.00924	0.00871	0.01470	0.79261	0.05809	0.01079	0.01350	0.01246	0.00973	0.01249	0.00863	0.01289	0.00650	0.00483	0.00484	0.00161	0.00644	0.00431	0.00216	0.00546
38	0.01174	0.01153	0.01983	0.02639	0.61163	0.01207	0.08787	0.01447	0.01055	0.01520	0.00878	0.01190	0.00746	0.00490	0.00649	0.00156	0.12360	0.00444	0.00236	0.00722
39	0.00842	0.00421	0.00631	0.00631	0.00631	0.00421	0.00421	0.00631	0.00631	0.00842	0.00842	0.01473	0.00842	0.01684	0.01894	0.85901	0.00421	0.00421	0.00210	0.00210
40	0.00692	0.00519	0.00779	0.00779	0.00865	0.00606	0.00606	0.00865	0.00779	0.01125	0.01298	0.01904	0.01211	0.03634	0.81049	0.00779	0.01298	0.00519	0.00260	0.00433
41	0.01005	0.00861	0.01005	0.00718	0.01148	0.00646	0.00574	0.01220	0.01005	0.01579	0.00861	0.01005	0.00718	0.00359	0.00359	0.00072	0.00359	0.00287	0.00287	0.85932
42	0.01842	0.01357	0.01454	0.01115	0.01503	0.01503	0.00921	0.78330	0.02278	0.03054	0.01163	0.01163	0.00824	0.00582	0.00485	0.00145	0.00533	0.00436	0.00485	0.00824
43	0.01296	0.83261	0.02539	0.00829	0.01244	0.01917	0.00829	0.01451	0.00985	0.01140	0.00674	0.00777	0.00622	0.00415	0.00311	0.00104	0.00518	0.00259	0.00207	0.00622
44	0.86392	0.00937	0.00712	0.00637	0.00937	0.01087	0.00525	0.01425	0.00825	0.02174	0.00675	0.00787	0.00525	0.00450	0.00300	0.00150	0.00375	0.00262	0.00300	0.00525
45	0.86392	0.00937	0.00712	0.00637	0.00937	0.01087	0.00525	0.01425	0.00825	0.02174	0.00675	0.00787	0.00525	0.00450	0.00300	0.00150	0.00375	0.00262	0.00300	0.00525
46	0.00831	0.00425	0.00623	0.00623	0.00623	0.00425	0.00411	0.00637	0.00637	0.00850	0.00897	0.01610	0.00916	0.08261	0.01940	0.78988	0.00425	0.00444	0.00217	0.00217
47	0.00847	0.01192	0.23682	0.12783	0.05917	0.00887	0.01117	0.01156	0.00892	0.01285	0.01065	0.01492	0.00912	0.01987	0.38831	0.00454	0.04265	0.00452	0.00235	0.00551
48	0.00696	0.00494	0.00656	0.00658	0.00703	0.00537	0.00455	0.00785	0.00747	0.01040	0.01434	0.04144	0.01512	0.41128	0.42235	0.00621	0.00886	0.00624	0.00280	0.00366
49	0.01060	0.01060	0.01484	0.01272	0.01272	0.01484	0.01060	0.01166	0.00742	0.01166	0.00636	0.01060	0.00636	0.00848	0.01590	0.00212	0.82082	0.00424	0.00212	0.00530
50	0.00686	0.00495	0.00648	0.00610	0.00724	0.00457	0.00457	0.00914	0.01372	0.01943	0.79691	0.03620	0.04572	0.00991	0.00572	0.00152	0.00229	0.00876	0.00533	0.00457
51	0.01281	0.00633	0.00806	0.00684	0.00921	0.00551	0.00540	0.01464	0.01306	0.34717	0.26681	0.03075	0.23560	0.00891	0.00536	0.00154	0.00310	0.00752	0.00539	0.00599
52	0.01842	0.01357	0.01454	0.01115	0.01503	0.01503	0.00921	0.78330	0.02278	0.03054	0.01163	0.01163	0.00824	0.00582	0.00485	0.00145	0.00533	0.00436	0.00485	0.00824
53	0.01787	0.01330	0.01423	0.01104	0.01482	0.01477	0.00908	0.71812	0.08886	0.02966	0.01233	0.01219	0.00881	0.00588	0.00485	0.00147	0.00520	0.00446	0.00485	0.00819
54	0.00592	0.00492	0.00518	0.00512	0.00667	0.00417	0.00384	0.00733	0.01151	0.01419	0.17889	0.04483	0.66701	0.01186	0.00573	0.00162	0.00243	0.00997	0.00464	0.00417
55	0.01842	0.01357	0.01454	0.01115	0.01503	0.01503	0.00921	0.78330	0.02278	0.03054	0.01163	0.01163	0.00824	0.00582	0.00485	0.00145	0.00533	0.00436	0.00485	0.00824
56	0.00972	0.02507	0.80458	0.01381	0.02097	0.01125	0.01790	0.01535	0.01023	0.01535	0.00870	0.01023	0.00614	0.00460	0.00460	0.00153	0.00716	0.00358	0.00205	0.00716
57	0.00842	0.00421	0.00631	0.00631	0.00631	0.00421	0.00421	0.00631	0.00631	0.00842	0.00842	0.01473	0.00842	0.01684	0.01894	0.85901	0.00421	0.00421	0.00210	0.00210
58	0.00587	0.00491	0.00511	0.00506	0.00664	0.00415	0.00380	0.00724	0.01139	0.01391	0.14619	0.04528	0.69988	0.01197	0.00573	0.00162	0.00243	0.01004	0.00461	0.00415
59	0.00675	0.00506	0.00634	0.00640	0.00765	0.00465	0.00503	0.00872	0.01240	0.01660	0.42395	0.05586	0.23845	0.01136	0.00594	0.00171	0.00280	0.17100	0.00492	0.00441
60	0.02167	0.00836	0.01132	0.00868	0.01243	0.00729	0.00717	0.04001	0.01406	0.78616	0.01896	0.01639	0.01191	0.00599	0.00487	0.00150	0.00415	0.00486	0.00597	0.00825
61	0.01205	0.01041	0.01096	0.00986	0.01260	0.01205	0.00767	0.02575	0.79071	0.02027	0.01972	0.01808	0.01479	0.00657	0.00493	0.00164	0.00384	0.00548	0.00493	0.00767
62	0.00960	0.00604	0.00683	0.00619	0.00827	0.00546	0.00479	0.01221	0.08187	0.16764	0.11791	0.03639	0.47593	0.01012	0.00543	0.00159	0.00288	0.00846	0.02710	0.00528
63	0.00705	0.00470	0.00529	0.00529	0.00529	0.00470	0.00294	0.00705	0.00705	0.00940	0.01527	0.03171	0.01762	0.82969	0.02467	0.00470	0.00470	0.00705	0.00294	0.00294
64	0.01465	0.00993	0.01051	0.00848	0.01126	0.01080	0.00687	0.47297	0.01771	0.02553	0.01331	0.01422	0.00992	0.00575	0.00426	0.00132	0.00410	0.00442	0.34723	0.00674
65	0.00705	0.00470	0.00529	0.00529	0.00529	0.00470	0.00294	0.00705	0.00705	0.00940	0.01527	0.03171	0.01762	0.82969	0.02467	0.00470	0.00470	0.00705	0.00294	0.00294
66	0.00697	0.00502	0.00691	0.00691	0.00747	0.00558	0.00496	0.00809	0.00753	0.01060	0.01378	0.02349	0.01405	0.31494	0.53454	0.00670	0.01007	0.00584	0.00272	0.00384
67	0.00598	0.00492	0.00526	0.00518	0.00670	0.00420	0.00388	0.00745	0.01165	0.01452	0.21804	0.04428	0.62765	0.01174	0.00572	0.00161	0.00242	0.00990	0.00469	0.00420
68	0.00590	0.00422	0.00562	0.00675	0.00703	0.00394	0.00450	0.00675	0.00928	0.01237	0.02671	0.82653	0.03205	0.01518	0.00619	0.00197	0.00281	0.01378	0.00450	0.00394
69	0.01481	0.01178	0.01251	0.01042	0.01365	0.01334	0.00834	0.35390	0.45807	0.02472	0.01622	0.01529	0.01195	0.00625	0.00489	0.00156	0.00448	0.00500	0.00489	0.00792
70	0.00704	0.00472	0.00540	0.00540	0.00545	0.00476	0.00308	0.00712	0.00708	0.00948	0.01516	0.03111	0.01736	0.79204	0.06196	0.00484	0.00509	0.00696	0.00292	0.00300
71	0.01244	0.01046	0.01107	0.00988	0.01267	0.01205	0.00771	0.04847	0.75225	0.03607	0.01947	0.01786	0.01454	0.00654	0.00493	0.00164	0.00389	0.00543	0.00495	0.00770
72	0.01248	0.51080	0.08986	0.01030	0.01451	0.06308	0.08460	0.01504	0.03544	0.01284	0.00782	0.00918	0.00669	0.00440	0.00409	0.00118	0.03265	0.00319	0.00230	0.07956
73	0.00972	0.02507	0.80458	0.01381	0.02097	0.01125	0.01790	0.01535	0.01023	0.01535	0.00870	0.01023	0.00614	0.00460	0.00460	0.00153	0.00716	0.00358	0.00205	0.00716
74	0.00705	0.00470	0.00529	0.00529	0.00529	0.00470	0.00294	0.00705	0.00705	0.00940	0.01527	0.03171	0.01762	0.82969	0.02467	0.00470	0.00470	0.00705	0.00294	0.00294
75	0.00956	0.00903	0.01527	0.70514	0.14310	0.01087	0.01366	0.01274	0.00988	0.01288	0.00869	0.01279	0.00663	0.00477	0.00484	0.00159	0.00636	0.00431	0.00219	0.00571
76	0.01234	0.40359	0.01735	0.00868	0.01179	0.03023	0.00763	0.04777	0.17190	0.05767	0.01228	0.05568	0.01062	0.01007	0.12035	0.00223	0.00592	0.00437	0.00321	0.00631
77	0.00676	0.00509	0.00637	0.00659	0.00783	0.00469	0.00524	0.00867	0.01203	0.01591	0.32973	0.08019	0.25363	0.01181	0.00602	0.00178	0.00298	0.22550	0.00481	0.00438
78	0.01413	0.07856	0.03508	0.16529	0.07038	0.05121	0.18608	0.28673	0.01510	0.03575	0.01000	0.01185	0.00745	0.00495	0.00488	0.00148	0.00638	0.00445	0.00328	0.00697
79	0.00632	0.00446	0.00549	0.00609	0.00641	0.00423	0.00391	0.00695	0.00881	0.01166	0.05240	0.46870	0.08422	0.29299	0.01245	0.00286	0.00341	0.01103	0.00400	0.00363
80	0.01345	0.46413	0.16414	0.01042	0.01500	0.01652	0.03720	0.18060	0.01272	0.01640	0.00825	0.00929	0.00668	0.00468	0.00411	0.00126	0.02236	0.00330	0.00268	0.00682
81	0.01060	0.01060	0.01484	0.01272	0.01272	0.01484	0.01060	0.01166	0.00742	0.01166	0.00636	0.01060	0.00636	0.00848	0.01590	0.00212	0.82082	0.00424	0.00212	0.00530
82	0.01005	0.00861	0.01005	0.00718	0.01148	0.00646	0.00574	0.01220	0.01005	0.01579	0.00861	0.01005	0.00718	0.00359	0.00359	0.00072	0.00359	0.00287	0.00287	0.85932
83	0.01066	0.01353	0.16992	0.01339	0.01819	0.01005	0.27398	0.02586	0.02988	0.01574	0.00924	0.01137	0.00720	0.00430	0.00518	0.00129	0.04653	0.00414	0.00261	0.32693
84	0.00608	0.00481	0.00586	0.04837	0.00822	0.00442	0.00463	0.00735	0.01045	0.01331	0.10445	0.38002	0.35876	0.01293	0.00588	0.00177	0.00280	0.01132	0.00445	0.00414
85	0.01394	0.00945	0.01147	0.11079	0.03899	0.00989	0.00807	0.25647	0.08165	0.16327	0.04064	0.04931	0.14805	0.00725	0.00505	0.00153	0.00442	0.00598	0.00454	0.02924
86	0.00722	0.00506	0.00615	0.00659	0.00721	0.00494	0.00442	0.02627	0.05418	0.03315	0.02463	0.49020	0.08255	0.21169	0.01050	0.00256	0.00339	0.01096	0.00419	0.00413
87	0.00726	0.00644	0.05238	0.03418	0.00952	0.00528	0.00611	0.00918	0.02344	0.03734	0.04642	0.24186	0.30325	0.01200	0.00585	0.00180	0.00346	0.16315	0.00430	0.02680
88	0.04033	0.01549	0.22278	0.01094	0.01526	0.03324	0.01063	0.41109	0.01675	0.06145	0.01298	0.01429	0.04580	0.05989	0.00606	0.00170	0.00562	0.00455	0.00390	0.00725

[dist]
# distance from previous block
# <min> <max>
3	156

# created by:
# /st0/software/busco_prod/Augustus/scripts/msa2prfl.pl ./align_prep/56844.fa
