[name]
unknown

[dist]
# distance from previous block
# <min> <max>
17	229

[block]
# block no. 0 follows, 43 sequences, length 27
# corresponding to MSA columns:
# 234-260
name=unknown_A
#
# <colnr> <probs for GDERKNQSTAVLIFYWHMCP>
#	G	D	E	R	K	N	Q	S	T	A	V	L	I	F	Y	W	H	M	C	P
0	0.01131	0.01036	0.03670	0.06703	0.04482	0.03563	0.10031	0.01502	0.07803	0.04750	0.03336	0.05871	0.05653	0.01539	0.16819	0.00339	0.11689	0.04781	0.04669	0.00630
1	0.00834	0.04667	0.00721	0.00667	0.00744	0.00582	0.00456	0.00951	0.01041	0.01488	0.04813	0.32074	0.05806	0.23094	0.01196	0.00281	0.00377	0.01027	0.18734	0.00450
2	0.01261	0.01054	0.01238	0.04929	0.01492	0.00884	0.00750	0.10458	0.01325	0.01991	0.01027	0.01188	0.00831	0.00449	0.00435	0.00098	0.00452	0.00358	0.00352	0.69431
3	0.01402	0.07587	0.06575	0.03882	0.04393	0.18742	0.02705	0.01656	0.04439	0.04605	0.01243	0.10944	0.01180	0.00948	0.03471	0.00214	0.24453	0.00587	0.00321	0.00652
4	0.00817	0.00611	0.00787	0.00780	0.00819	0.00675	0.00540	0.00900	0.00887	0.01218	0.01939	0.12492	0.05796	0.38890	0.22399	0.00546	0.08302	0.00832	0.00347	0.00424
5	0.05524	0.01018	0.01233	0.00900	0.01378	0.00822	0.03914	0.01536	0.04158	0.04819	0.01077	0.01216	0.00866	0.00442	0.00429	0.00099	0.00437	0.00362	0.00350	0.69419
6	0.03398	0.01527	0.11718	0.01527	0.11348	0.10655	0.03620	0.08903	0.08334	0.13372	0.04075	0.06824	0.01382	0.00756	0.00671	0.00182	0.07343	0.03174	0.00420	0.00770
7	0.01115	0.00764	0.00915	0.00899	0.01068	0.00783	0.00660	0.07315	0.16948	0.09213	0.05464	0.45447	0.04527	0.01312	0.00647	0.00205	0.00380	0.01161	0.00548	0.00629
8	0.04610	0.08772	0.19778	0.07610	0.13595	0.14047	0.07041	0.04967	0.01281	0.02829	0.00980	0.01222	0.00776	0.00574	0.00637	0.00170	0.08243	0.00440	0.01687	0.00742
9	0.19066	0.16521	0.04995	0.04567	0.06227	0.26569	0.06158	0.03254	0.01289	0.01708	0.01080	0.01237	0.04047	0.00565	0.00465	0.00154	0.00720	0.00409	0.00299	0.00672
10	0.01110	0.00748	0.00948	0.02489	0.01020	0.00810	0.00651	0.04247	0.01126	0.09987	0.07662	0.05650	0.11101	0.25160	0.03541	0.03983	0.13213	0.03172	0.02859	0.00523
11	0.04954	0.01521	0.11875	0.15208	0.10579	0.07369	0.15400	0.08671	0.04015	0.01876	0.02450	0.01546	0.02802	0.00706	0.03101	0.00198	0.03060	0.00527	0.03415	0.00725
12	0.00771	0.00541	0.00696	0.00749	0.00847	0.00497	0.00543	0.00933	0.01252	0.03916	0.22488	0.42012	0.13980	0.01486	0.00686	0.00207	0.00320	0.07043	0.00544	0.00491
13	0.04774	0.01351	0.15486	0.04722	0.01789	0.01125	0.11855	0.04191	0.06430	0.12471	0.04181	0.01744	0.01221	0.02723	0.14876	0.00319	0.07695	0.00554	0.01780	0.00713
14	0.00815	0.00625	0.00756	0.00743	0.00885	0.00604	0.00548	0.01185	0.10564	0.01959	0.41881	0.19174	0.15666	0.01247	0.00653	0.00188	0.00298	0.01095	0.00570	0.00543
15	0.01055	0.01037	0.01951	0.01514	0.01790	0.01037	0.34855	0.01311	0.01093	0.01489	0.01629	0.09681	0.04160	0.20143	0.06533	0.00328	0.07689	0.01801	0.00325	0.00577
16	0.01116	0.09208	0.15358	0.18961	0.02211	0.01320	0.10716	0.01431	0.01077	0.01493	0.01200	0.09641	0.01118	0.04373	0.00908	0.00207	0.16302	0.00605	0.02112	0.00644
17	0.22791	0.01295	0.04465	0.01254	0.04647	0.07342	0.07456	0.04500	0.04524	0.06660	0.01190	0.06392	0.01016	0.00690	0.00706	0.00177	0.13694	0.00508	0.02243	0.08450
18	0.01176	0.01127	0.01327	0.01173	0.01327	0.11662	0.07739	0.06298	0.01218	0.01583	0.03922	0.19401	0.04939	0.07739	0.04467	0.00260	0.17729	0.03719	0.02624	0.00571
19	0.01213	0.01839	0.29482	0.07739	0.07445	0.06323	0.10171	0.05961	0.03236	0.01797	0.05372	0.04915	0.06441	0.00706	0.00627	0.00181	0.04148	0.01347	0.00327	0.00728
20	0.00964	0.00955	0.05286	0.06472	0.06247	0.05188	0.00834	0.01199	0.01157	0.01570	0.09569	0.08109	0.12703	0.02744	0.21435	0.00360	0.00754	0.00714	0.00372	0.13369
21	0.01089	0.01137	0.07578	0.02105	0.38976	0.00991	0.01221	0.01422	0.03728	0.01785	0.11570	0.07382	0.17025	0.00845	0.00591	0.00176	0.00517	0.00758	0.00386	0.00719
22	0.01224	0.04333	0.01135	0.03930	0.02616	0.07802	0.00752	0.07500	0.12162	0.04794	0.02429	0.14643	0.14701	0.05785	0.00750	0.00197	0.03414	0.00790	0.04537	0.06505
23	0.00923	0.00706	0.00974	0.01113	0.10266	0.00720	0.00723	0.01209	0.06582	0.04081	0.12680	0.16539	0.11317	0.07060	0.22112	0.00404	0.00696	0.00894	0.00436	0.00567
24	0.03533	0.05316	0.07048	0.06573	0.13145	0.07552	0.04189	0.06540	0.25779	0.02003	0.01530	0.01614	0.02699	0.00616	0.00525	0.00164	0.00591	0.00514	0.02870	0.07200
25	0.02425	0.01120	0.03642	0.00936	0.01267	0.05283	0.00762	0.20303	0.03742	0.09493	0.04955	0.06332	0.20168	0.03928	0.00648	0.00177	0.00476	0.00718	0.01725	0.11899
26	0.01540	0.13851	0.15244	0.01429	0.09543	0.06777	0.02823	0.14134	0.05367	0.08646	0.03830	0.03527	0.01209	0.00649	0.00523	0.00161	0.00627	0.03512	0.00391	0.06216

[dist]
# distance from previous block
# <min> <max>
1	10

[block]
# block no. 1 follows, 43 sequences, length 9
# corresponding to MSA columns:
# 271-279
name=unknown_B
#
# <colnr> <probs for GDERKNQSTAVLIFYWHMCP>
#	G	D	E	R	K	N	Q	S	T	A	V	L	I	F	Y	W	H	M	C	P
0	0.00741	0.00544	0.00700	0.00746	0.00849	0.00504	0.00553	0.00926	0.01308	0.01763	0.31432	0.31850	0.14018	0.01435	0.00687	0.00204	0.00317	0.10386	0.00550	0.00487
1	0.07624	0.08095	0.23472	0.04387	0.06422	0.01328	0.04240	0.12658	0.04496	0.01992	0.05051	0.03253	0.01173	0.02927	0.06496	0.00237	0.04552	0.00516	0.00342	0.00737
2	0.01553	0.31419	0.05582	0.08457	0.15363	0.08565	0.01186	0.11692	0.01428	0.04819	0.04298	0.01291	0.00997	0.00559	0.00476	0.00148	0.00647	0.00428	0.00326	0.00763
3	0.00766	0.00521	0.00680	0.00769	0.00832	0.00486	0.00533	0.00880	0.01107	0.04051	0.06365	0.59251	0.07183	0.07645	0.00862	0.00245	0.00351	0.06497	0.00510	0.00466
4	0.00770	0.00746	0.07533	0.00850	0.00996	0.00576	0.00704	0.00949	0.01129	0.01483	0.03144	0.38301	0.14919	0.08119	0.00872	0.00247	0.00419	0.17280	0.00473	0.00489
5	0.02899	0.13350	0.32012	0.01286	0.01820	0.04532	0.03850	0.04671	0.04766	0.11888	0.01471	0.06018	0.01233	0.00710	0.00539	0.00176	0.00664	0.06982	0.00368	0.00766
6	0.07788	0.01564	0.01376	0.02957	0.04611	0.26903	0.00956	0.06349	0.07128	0.05456	0.01171	0.01547	0.01012	0.09114	0.04916	0.02286	0.13393	0.00483	0.00345	0.00646
7	0.00679	0.00502	0.00636	0.00729	0.00795	0.00458	0.00499	0.00796	0.01133	0.01488	0.09011	0.61476	0.16505	0.01632	0.00694	0.00215	0.00310	0.01461	0.00521	0.00458
8	0.03438	0.15901	0.15454	0.01053	0.01518	0.05092	0.01015	0.06015	0.04433	0.06172	0.03386	0.01462	0.02991	0.00850	0.06317	0.01527	0.00638	0.00437	0.00346	0.21956

[dist]
# distance from previous block
# <min> <max>
7	22

[block]
# block no. 2 follows, 43 sequences, length 16
# corresponding to MSA columns:
# 302-311,313-318
name=unknown_C
#
# <colnr> <probs for GDERKNQSTAVLIFYWHMCP>
#	G	D	E	R	K	N	Q	S	T	A	V	L	I	F	Y	W	H	M	C	P
0	0.04835	0.10530	0.16074	0.01344	0.08496	0.08623	0.01141	0.16135	0.04309	0.02059	0.07447	0.04782	0.04862	0.00724	0.00564	0.02215	0.00608	0.00548	0.00381	0.04321
1	0.07775	0.05826	0.05328	0.01263	0.07368	0.02479	0.02173	0.21509	0.08599	0.14149	0.05774	0.05121	0.01401	0.00694	0.00531	0.00165	0.00534	0.01490	0.00478	0.07345
2	0.01221	0.07383	0.04143	0.05371	0.03967	0.04834	0.05617	0.07703	0.11202	0.02997	0.13059	0.05193	0.10069	0.00828	0.00584	0.01547	0.00505	0.01852	0.04120	0.07804
3	0.02876	0.04551	0.08613	0.03381	0.03448	0.05152	0.06036	0.07585	0.05298	0.16929	0.07219	0.08137	0.01543	0.00820	0.02288	0.00186	0.05694	0.00613	0.01859	0.07770
4	0.01134	0.02693	0.09484	0.13595	0.07323	0.06727	0.10809	0.04283	0.03384	0.01702	0.06029	0.18629	0.05419	0.00870	0.00591	0.00181	0.00609	0.00784	0.02188	0.03567
5	0.17026	0.01121	0.05157	0.04880	0.01480	0.01144	0.05140	0.10110	0.17223	0.05666	0.01633	0.10002	0.01426	0.06838	0.05311	0.00252	0.02300	0.00637	0.01964	0.00691
6	0.01877	0.02266	0.11632	0.01464	0.06008	0.47733	0.01178	0.05685	0.01523	0.08434	0.01053	0.01167	0.00811	0.00569	0.00507	0.00149	0.00846	0.00398	0.02032	0.04666
7	0.00744	0.00858	0.10828	0.00749	0.00990	0.00585	0.00668	0.00970	0.01288	0.01669	0.19257	0.13681	0.43154	0.01272	0.00644	0.00187	0.00353	0.01083	0.00497	0.00523
8	0.01140	0.00675	0.00932	0.00882	0.01049	0.00700	0.00689	0.03096	0.01117	0.15861	0.02058	0.06510	0.06107	0.08366	0.42192	0.00590	0.01003	0.06039	0.00419	0.00577
9	0.01429	0.01054	0.03662	0.01141	0.01443	0.01018	0.10727	0.15030	0.09920	0.14290	0.02065	0.13967	0.05258	0.12845	0.03349	0.00260	0.00575	0.00783	0.00482	0.00704
10	0.01333	0.20566	0.36414	0.06097	0.02254	0.07169	0.13110	0.01775	0.01218	0.03738	0.00985	0.01181	0.00747	0.00514	0.00507	0.00162	0.00783	0.00427	0.00259	0.00761
11	0.00761	0.00671	0.00960	0.00869	0.01066	0.00597	0.10362	0.00945	0.01235	0.01547	0.06751	0.21411	0.44622	0.01349	0.00671	0.00198	0.00386	0.04607	0.00486	0.00505
12	0.01145	0.00844	0.08935	0.00904	0.01114	0.00625	0.00746	0.01332	0.01211	0.19132	0.05219	0.50985	0.02873	0.01343	0.00651	0.00205	0.00407	0.01195	0.00528	0.00606
13	0.04019	0.17190	0.07910	0.01238	0.03329	0.03992	0.04670	0.23875	0.01727	0.24614	0.01399	0.01381	0.00982	0.00602	0.00511	0.00159	0.00607	0.00467	0.00471	0.00857
14	0.00698	0.00511	0.00642	0.00716	0.00784	0.00470	0.00488	0.00818	0.01148	0.01522	0.14384	0.51850	0.14828	0.07397	0.00846	0.00235	0.00322	0.01371	0.00515	0.00455
15	0.01041	0.00966	0.01660	0.03206	0.09535	0.01063	0.16824	0.01255	0.01031	0.01455	0.01431	0.14024	0.01431	0.04304	0.18541	0.04465	0.16139	0.00728	0.00312	0.00589

[dist]
# distance from previous block
# <min> <max>
0	1

[block]
# block no. 3 follows, 43 sequences, length 33
# corresponding to MSA columns:
# 320-352
name=unknown_D
#
# <colnr> <probs for GDERKNQSTAVLIFYWHMCP>
#	G	D	E	R	K	N	Q	S	T	A	V	L	I	F	Y	W	H	M	C	P
0	0.01471	0.07844	0.04868	0.01544	0.07712	0.06512	0.18554	0.15513	0.01497	0.02043	0.01061	0.01251	0.00832	0.00498	0.00512	0.00140	0.00661	0.00453	0.00341	0.26693
1	0.01375	0.01520	0.11764	0.01503	0.06713	0.10621	0.10166	0.12494	0.01363	0.03482	0.01230	0.04012	0.01042	0.01405	0.17110	0.00330	0.10227	0.00543	0.02400	0.00700
2	0.24529	0.22829	0.22406	0.08383	0.01843	0.03204	0.02199	0.02974	0.01113	0.01814	0.00866	0.01053	0.00686	0.00531	0.00482	0.00162	0.03591	0.00363	0.00274	0.00699
3	0.00949	0.00683	0.00817	0.00804	0.00908	0.03890	0.00615	0.01149	0.01022	0.01572	0.01643	0.07889	0.01508	0.03916	0.35120	0.00490	0.06207	0.00627	0.29683	0.00509
4	0.01262	0.10329	0.12361	0.14711	0.11879	0.07057	0.09174	0.03564	0.06337	0.01728	0.07075	0.05860	0.01353	0.00660	0.00567	0.00171	0.02003	0.00574	0.02623	0.00711
5	0.00740	0.00555	0.00691	0.00721	0.00836	0.00512	0.00529	0.00948	0.02735	0.01775	0.31933	0.28288	0.20042	0.01399	0.00676	0.00199	0.00304	0.06072	0.00552	0.00494
6	0.01382	0.01499	0.17812	0.01561	0.03581	0.01153	0.24157	0.07203	0.01354	0.12491	0.06577	0.03272	0.01361	0.07286	0.03652	0.00236	0.03687	0.00619	0.00379	0.00738
7	0.00896	0.00658	0.00773	0.00784	0.00890	0.00662	0.00560	0.06050	0.06860	0.01596	0.06250	0.23520	0.11312	0.26004	0.01341	0.00312	0.00433	0.10138	0.00469	0.00493
8	0.01817	0.30121	0.02025	0.01227	0.01591	0.41022	0.01013	0.07000	0.06526	0.01546	0.00952	0.01054	0.00794	0.00555	0.00457	0.00139	0.00791	0.00363	0.00305	0.00702
9	0.01494	0.17078	0.17397	0.01895	0.22702	0.06722	0.04235	0.10672	0.01393	0.04129	0.01026	0.01214	0.00812	0.00542	0.00551	0.00158	0.03607	0.00432	0.00307	0.03636
10	0.05613	0.21985	0.03246	0.04292	0.01582	0.10258	0.00987	0.15205	0.06163	0.12812	0.01260	0.02932	0.00991	0.00770	0.03396	0.00188	0.06699	0.00460	0.00398	0.00760
11	0.00882	0.00546	0.00623	0.00639	0.00735	0.00550	0.00459	0.01060	0.01109	0.01717	0.05596	0.18732	0.10031	0.09478	0.03806	0.00233	0.03235	0.00856	0.39233	0.00481
12	0.01625	0.01282	0.01433	0.04067	0.04355	0.01430	0.00995	0.34707	0.29470	0.02706	0.01920	0.02142	0.03902	0.00781	0.00578	0.00183	0.00534	0.06507	0.00531	0.00853
13	0.01113	0.01017	0.01693	0.32983	0.08795	0.01188	0.09412	0.01406	0.01114	0.03137	0.02806	0.07341	0.01219	0.00893	0.03842	0.00224	0.14411	0.03443	0.03334	0.00631
14	0.00704	0.00541	0.00646	0.00678	0.00801	0.00483	0.00494	0.00867	0.01281	0.01667	0.23345	0.27847	0.32949	0.01438	0.00674	0.00198	0.00297	0.04072	0.00539	0.00478
15	0.01125	0.01551	0.22095	0.43947	0.17453	0.01262	0.01705	0.01560	0.01153	0.01581	0.00998	0.01374	0.00755	0.00535	0.00545	0.00178	0.00744	0.00470	0.00248	0.00720
16	0.00779	0.00544	0.00635	0.00655	0.00700	0.00527	0.00421	0.00844	0.00976	0.01284	0.07528	0.11764	0.11747	0.51199	0.02030	0.00415	0.00463	0.06692	0.00408	0.00390
17	0.10835	0.01312	0.07045	0.01176	0.05538	0.01297	0.00950	0.28687	0.14567	0.04607	0.01486	0.01540	0.01105	0.00636	0.00498	0.00163	0.00509	0.00493	0.15246	0.02309
18	0.16556	0.03161	0.12921	0.07122	0.11623	0.09894	0.03387	0.10970	0.01391	0.07479	0.01379	0.06725	0.03765	0.00667	0.00518	0.00172	0.00635	0.00534	0.00369	0.00734
19	0.00805	0.00544	0.00638	0.00662	0.00678	0.00542	0.00409	0.00840	0.00875	0.01162	0.01969	0.09448	0.02261	0.66218	0.02442	0.00484	0.00518	0.08774	0.00368	0.00363
20	0.03158	0.09667	0.13543	0.06982	0.07828	0.02905	0.01181	0.17440	0.06996	0.16304	0.05086	0.01549	0.01192	0.00623	0.00526	0.00164	0.00597	0.00496	0.00439	0.03327
21	0.19659	0.19155	0.10360	0.04009	0.01717	0.04794	0.10903	0.07550	0.01269	0.06420	0.01089	0.02639	0.00867	0.00695	0.03511	0.00188	0.00662	0.00441	0.03362	0.00709
22	0.07350	0.05864	0.01345	0.11047	0.01578	0.18181	0.00922	0.03114	0.01153	0.04331	0.01338	0.01900	0.04283	0.12572	0.09631	0.00308	0.12424	0.01760	0.00318	0.00582
23	0.13656	0.10958	0.37130	0.04198	0.13111	0.04324	0.01551	0.04431	0.01205	0.01851	0.00945	0.01138	0.00724	0.00529	0.00507	0.00167	0.02135	0.00398	0.00271	0.00770
24	0.01522	0.04386	0.02385	0.04506	0.07174	0.10630	0.34350	0.06395	0.04218	0.07717	0.01241	0.01599	0.00977	0.00604	0.00694	0.00182	0.07083	0.03245	0.00343	0.00749
25	0.01212	0.01212	0.01696	0.01454	0.01454	0.01696	0.01212	0.01333	0.00848	0.01333	0.00727	0.01212	0.00727	0.00969	0.01818	0.00242	0.79523	0.00485	0.00242	0.00606
26	0.01099	0.00817	0.01026	0.00946	0.01105	0.00916	0.00733	0.16090	0.04130	0.01760	0.01615	0.02528	0.01533	0.16944	0.38780	0.00594	0.02718	0.05713	0.00380	0.00574
27	0.00683	0.00493	0.00647	0.00756	0.00803	0.00457	0.00511	0.00796	0.01113	0.01487	0.09484	0.70391	0.06992	0.01669	0.00700	0.00219	0.00314	0.01508	0.00522	0.00457
28	0.01325	0.03849	0.45401	0.01435	0.02065	0.01196	0.08315	0.05041	0.03816	0.11355	0.09490	0.01643	0.01336	0.00619	0.00554	0.00175	0.00698	0.00523	0.00361	0.00800
29	0.00710	0.00506	0.00659	0.00751	0.00798	0.00476	0.00510	0.00823	0.01104	0.01481	0.11398	0.58435	0.05149	0.10246	0.00933	0.00254	0.00345	0.04470	0.00505	0.00449
30	0.08193	0.01808	0.22587	0.03088	0.05612	0.11187	0.05910	0.07464	0.04674	0.15798	0.04482	0.01473	0.01091	0.00618	0.00580	0.00173	0.03598	0.00486	0.00392	0.00786
31	0.00830	0.00702	0.01040	0.31396	0.01975	0.00767	0.00901	0.01061	0.01175	0.01529	0.11886	0.27846	0.14488	0.01144	0.00632	0.00197	0.00470	0.01014	0.00421	0.00526
32	0.01224	0.00986	0.01119	0.00892	0.01277	0.00901	0.00704	0.04810	0.20015	0.04858	0.09541	0.02005	0.06644	0.00658	0.00502	0.00132	0.00404	0.00545	0.00451	0.42333

[dist]
# distance from previous block
# <min> <max>
0	3

[block]
# block no. 4 follows, 43 sequences, length 14
# corresponding to MSA columns:
# 356-369
name=unknown_E
#
# <colnr> <probs for GDERKNQSTAVLIFYWHMCP>
#	G	D	E	R	K	N	Q	S	T	A	V	L	I	F	Y	W	H	M	C	P
0	0.01659	0.03974	0.01822	0.01379	0.01776	0.01443	0.15366	0.37683	0.11812	0.04399	0.01633	0.11546	0.01372	0.00769	0.00588	0.00179	0.00609	0.00678	0.00489	0.00825
1	0.00739	0.00520	0.00652	0.00721	0.00764	0.00497	0.00481	0.00830	0.01040	0.01384	0.07900	0.41688	0.06530	0.26745	0.01377	0.00321	0.00398	0.06525	0.00464	0.00424
2	0.01247	0.01335	0.07036	0.22771	0.30497	0.01296	0.16406	0.03975	0.01248	0.01721	0.01122	0.04619	0.00934	0.00575	0.00610	0.00180	0.02825	0.00564	0.00283	0.00756
3	0.00777	0.00545	0.00685	0.00710	0.00823	0.00493	0.00509	0.00945	0.01300	0.04555	0.29546	0.35266	0.18961	0.01416	0.00672	0.00197	0.00297	0.01252	0.00554	0.00497
4	0.00997	0.00767	0.00908	0.02357	0.01080	0.00811	0.00664	0.05088	0.17054	0.03902	0.10656	0.29963	0.14683	0.01237	0.00697	0.00199	0.04477	0.01062	0.02798	0.00601
5	0.01502	0.27301	0.17755	0.05807	0.09718	0.05479	0.09371	0.08994	0.01362	0.06275	0.01037	0.01202	0.00804	0.00526	0.00492	0.00155	0.00705	0.00428	0.00306	0.00782
6	0.01232	0.01225	0.01633	0.01406	0.01422	0.04246	0.01165	0.01361	0.00888	0.01370	0.00786	0.01247	0.00761	0.00939	0.01701	0.00233	0.72861	0.00482	0.04438	0.00603
7	0.01913	0.01456	0.01554	0.01235	0.01644	0.01628	0.01006	0.56156	0.21996	0.03181	0.01574	0.01524	0.01139	0.00688	0.00557	0.00172	0.00564	0.00532	0.00557	0.00925
8	0.00682	0.00487	0.00649	0.00766	0.00805	0.00455	0.00515	0.00789	0.01093	0.01466	0.07780	0.75300	0.03763	0.01696	0.00703	0.00222	0.00317	0.01538	0.00520	0.00455
9	0.01148	0.00984	0.01148	0.00820	0.01312	0.00738	0.00656	0.01395	0.01148	0.01805	0.00984	0.01148	0.00820	0.00410	0.00410	0.00082	0.00410	0.00328	0.00328	0.83922
10	0.01431	0.36065	0.28220	0.01256	0.03289	0.01699	0.01339	0.09614	0.02779	0.04569	0.01094	0.01202	0.02368	0.00556	0.00489	0.00152	0.02400	0.00399	0.00300	0.00780
11	0.00972	0.00595	0.00715	0.00693	0.00836	0.00573	0.02991	0.03304	0.01177	0.01887	0.02098	0.25389	0.02026	0.00954	0.00498	0.00158	0.00318	0.00827	0.48920	0.05067
12	0.06685	0.00721	0.00851	0.00735	0.00991	0.00643	0.00571	0.01439	0.01372	0.20953	0.22624	0.03478	0.24893	0.04974	0.00700	0.00189	0.00355	0.00836	0.00549	0.06441
13	0.07084	0.14058	0.01554	0.01016	0.01374	0.01131	0.07819	0.10485	0.01446	0.04272	0.20326	0.04164	0.02114	0.00740	0.00527	0.00152	0.00482	0.03918	0.00432	0.16906

[dist]
# distance from previous block
# <min> <max>
0	2

[block]
# block no. 5 follows, 43 sequences, length 6
# corresponding to MSA columns:
# 372-377
name=unknown_F
#
# <colnr> <probs for GDERKNQSTAVLIFYWHMCP>
#	G	D	E	R	K	N	Q	S	T	A	V	L	I	F	Y	W	H	M	C	P
0	0.01328	0.11399	0.48089	0.01356	0.01997	0.01328	0.01581	0.06583	0.05369	0.08614	0.01298	0.06372	0.01024	0.00634	0.00525	0.00172	0.00695	0.00502	0.00332	0.00804
1	0.00925	0.00694	0.00988	0.00972	0.01122	0.00679	0.05799	0.04213	0.01264	0.04317	0.05997	0.32126	0.12318	0.01416	0.00733	0.00220	0.02779	0.22403	0.00500	0.00536
2	0.00732	0.00522	0.00649	0.00708	0.00762	0.00493	0.00475	0.00835	0.01084	0.01444	0.12460	0.39416	0.09959	0.23141	0.01275	0.00302	0.00377	0.04457	0.00478	0.00432
3	0.05243	0.01275	0.06955	0.02094	0.30337	0.01185	0.09710	0.05743	0.05661	0.08227	0.06211	0.01919	0.01363	0.00713	0.00675	0.03774	0.02720	0.05045	0.00376	0.00774
4	0.01291	0.01632	0.18456	0.14928	0.32245	0.07014	0.01565	0.04626	0.01249	0.01701	0.01044	0.01377	0.00841	0.00806	0.05413	0.03537	0.00774	0.00470	0.00273	0.00758
5	0.01415	0.01174	0.01461	0.01195	0.01485	0.06856	0.10365	0.20832	0.01546	0.04836	0.01697	0.11849	0.04603	0.01152	0.08319	0.00244	0.06578	0.00677	0.07884	0.05831

[dist]
# distance from previous block
# <min> <max>
0	1

[block]
# block no. 6 follows, 43 sequences, length 39
# corresponding to MSA columns:
# 379-417
name=unknown_G
#
# <colnr> <probs for GDERKNQSTAVLIFYWHMCP>
#	G	D	E	R	K	N	Q	S	T	A	V	L	I	F	Y	W	H	M	C	P
0	0.18256	0.06946	0.03788	0.13070	0.03869	0.06126	0.02932	0.03858	0.20278	0.09268	0.01357	0.01449	0.01020	0.00624	0.00566	0.00176	0.04801	0.00473	0.00399	0.00743
1	0.05428	0.01516	0.01404	0.01185	0.01539	0.14299	0.00939	0.26528	0.30421	0.06342	0.01636	0.01585	0.01209	0.00676	0.00535	0.00170	0.00585	0.00518	0.02643	0.00841
2	0.00727	0.00549	0.00691	0.00757	0.00860	0.00489	0.00531	0.00852	0.01108	0.01475	0.03220	0.58293	0.14019	0.01549	0.00673	0.00207	0.00333	0.04657	0.00496	0.08514
3	0.05773	0.01784	0.26317	0.03643	0.09181	0.01357	0.10071	0.07543	0.15686	0.05484	0.01305	0.01441	0.00971	0.00609	0.00638	0.00182	0.06345	0.00503	0.00358	0.00810
4	0.01659	0.12145	0.11526	0.19389	0.02171	0.01271	0.03481	0.10146	0.01436	0.23789	0.01395	0.01561	0.01003	0.00605	0.00526	0.00166	0.00623	0.02246	0.00416	0.04446
5	0.02780	0.00916	0.01277	0.01155	0.02332	0.01074	0.03583	0.01370	0.02472	0.10066	0.08831	0.13770	0.08729	0.01114	0.01099	0.00216	0.30857	0.07329	0.00423	0.00606
6	0.00857	0.00575	0.00753	0.00797	0.00895	0.00551	0.00579	0.01069	0.05003	0.05153	0.20997	0.41225	0.04844	0.01476	0.00772	0.05258	0.00346	0.07813	0.00531	0.00505
7	0.01372	0.01454	0.05692	0.01712	0.02125	0.07666	0.36226	0.05266	0.07605	0.05188	0.08346	0.01880	0.04615	0.00666	0.00719	0.00185	0.07544	0.00644	0.00370	0.00725
8	0.01092	0.00969	0.01550	0.05073	0.06970	0.00985	0.16817	0.08016	0.07475	0.01883	0.11593	0.26859	0.04186	0.01036	0.00672	0.00195	0.02573	0.00962	0.00447	0.00645
9	0.00803	0.00546	0.00648	0.00648	0.00663	0.00561	0.00391	0.00834	0.00818	0.01107	0.01705	0.03401	0.01917	0.68763	0.14460	0.00591	0.00683	0.00773	0.00330	0.00360
10	0.00953	0.00812	0.01305	0.23239	0.01953	0.00873	0.09369	0.03193	0.01222	0.01660	0.10725	0.24571	0.04156	0.01048	0.00660	0.00197	0.02653	0.05415	0.05430	0.00565
11	0.01399	0.14721	0.02035	0.06016	0.32588	0.10469	0.04658	0.04909	0.03356	0.01717	0.04583	0.01619	0.04645	0.00753	0.04061	0.00191	0.00698	0.00514	0.00315	0.00753
12	0.00836	0.00632	0.00779	0.00806	0.00912	0.00648	0.00583	0.01178	0.11975	0.01607	0.12113	0.29150	0.08075	0.12752	0.10137	0.00335	0.00508	0.05976	0.00483	0.00516
13	0.00677	0.00486	0.00643	0.00763	0.00802	0.00452	0.00512	0.00779	0.01080	0.01438	0.05112	0.76035	0.05748	0.01710	0.00704	0.00222	0.00319	0.01548	0.00517	0.00452
14	0.08899	0.23985	0.37837	0.01388	0.02020	0.01524	0.10106	0.01761	0.01172	0.05139	0.00981	0.01138	0.00741	0.00511	0.00479	0.00160	0.00718	0.00403	0.00271	0.00766
15	0.03577	0.26915	0.18244	0.01670	0.02233	0.01633	0.32395	0.01716	0.01198	0.01627	0.00962	0.01211	0.00761	0.00498	0.00560	0.00164	0.03163	0.00476	0.00258	0.00742
16	0.00684	0.00493	0.00650	0.00773	0.00816	0.00459	0.00527	0.00789	0.01080	0.01429	0.03168	0.73284	0.07095	0.01710	0.00707	0.00224	0.00328	0.04817	0.00514	0.00453
17	0.05098	0.01671	0.26839	0.30495	0.08102	0.01240	0.08055	0.03282	0.01215	0.03687	0.04370	0.01466	0.00957	0.00562	0.00548	0.00178	0.00731	0.00494	0.00286	0.00724
18	0.01202	0.01794	0.33402	0.01162	0.01785	0.01009	0.01261	0.03526	0.02659	0.04123	0.01058	0.01202	0.00807	0.00481	0.00470	0.00128	0.00590	0.00379	0.00310	0.42651
19	0.00801	0.00535	0.00605	0.00610	0.00611	0.00534	0.00342	0.00804	0.00815	0.01086	0.01793	0.06412	0.02074	0.77666	0.02742	0.00526	0.00529	0.00833	0.00342	0.00340
20	0.00791	0.00593	0.00890	0.00890	0.00989	0.00692	0.00692	0.00989	0.00890	0.01286	0.01483	0.02176	0.01385	0.04154	0.78341	0.00890	0.01483	0.00593	0.00297	0.00494
21	0.05987	0.24065	0.28660	0.01268	0.01820	0.09881	0.01339	0.12284	0.06443	0.01910	0.01038	0.01142	0.00801	0.00551	0.00472	0.00155	0.00699	0.00394	0.00314	0.00779
22	0.02002	0.02440	0.01546	0.01388	0.01672	0.67363	0.01052	0.06718	0.03516	0.01529	0.00940	0.01079	0.00770	0.00595	0.00542	0.00148	0.03340	0.00380	0.02317	0.00663
23	0.00756	0.00519	0.00632	0.00690	0.00709	0.00506	0.00432	0.00807	0.00929	0.01237	0.02326	0.34696	0.02732	0.45192	0.01874	0.00398	0.00449	0.04310	0.00415	0.00389
24	0.01680	0.01330	0.01334	0.01188	0.01446	0.16496	0.00966	0.07983	0.11537	0.18227	0.01832	0.02601	0.01578	0.00903	0.00767	0.00196	0.11439	0.17291	0.00477	0.00728
25	0.01501	0.36166	0.03753	0.01085	0.01486	0.06118	0.00956	0.06804	0.32819	0.01879	0.01440	0.01425	0.01138	0.00609	0.00467	0.00153	0.00557	0.00454	0.00397	0.00794
26	0.00657	0.00553	0.00569	0.00581	0.00753	0.00466	0.00430	0.00793	0.01243	0.01488	0.05364	0.12556	0.69790	0.01435	0.00660	0.00191	0.00284	0.01208	0.00514	0.00466
27	0.01481	0.80869	0.02902	0.00948	0.01421	0.02191	0.00948	0.01658	0.01125	0.01303	0.00770	0.00888	0.00711	0.00474	0.00355	0.00118	0.00592	0.00296	0.00237	0.00711
28	0.01130	0.04659	0.72120	0.01602	0.02399	0.01314	0.05711	0.01753	0.01175	0.01744	0.00995	0.01179	0.00709	0.00522	0.00529	0.00175	0.00819	0.00419	0.00236	0.00812
29	0.00675	0.00482	0.00643	0.00771	0.00803	0.00450	0.00514	0.00771	0.01060	0.01414	0.03053	0.80175	0.03663	0.01735	0.00707	0.00225	0.00321	0.01574	0.00514	0.00450
30	0.01032	0.00516	0.00516	0.00516	0.00645	0.00516	0.00387	0.01290	0.01161	0.02065	0.01807	0.02065	0.01420	0.00645	0.00387	0.00129	0.00258	0.00516	0.83611	0.00516
31	0.01044	0.07800	0.01467	0.01160	0.01262	0.01243	0.04157	0.01203	0.00904	0.01308	0.01125	0.01778	0.01095	0.09358	0.30478	0.00499	0.32745	0.00546	0.00272	0.00555
32	0.00784	0.00566	0.00740	0.00697	0.00827	0.00523	0.00523	0.01045	0.01568	0.02221	0.76789	0.04137	0.05226	0.01132	0.00653	0.00174	0.00261	0.01002	0.00610	0.00523
33	0.00736	0.00539	0.00691	0.00706	0.00812	0.00494	0.00509	0.00933	0.01376	0.01891	0.46129	0.28343	0.12083	0.01351	0.00670	0.00192	0.00282	0.01200	0.00570	0.00494
34	0.08775	0.05338	0.05899	0.01759	0.02182	0.01274	0.43805	0.01554	0.01188	0.01725	0.01376	0.15002	0.01287	0.00724	0.00684	0.00191	0.05501	0.00741	0.00320	0.00675
35	0.01148	0.00984	0.01148	0.00820	0.01312	0.00738	0.00656	0.01395	0.01148	0.01805	0.00984	0.01148	0.00820	0.00410	0.00410	0.00082	0.00410	0.00328	0.00328	0.83922
36	0.05594	0.01161	0.01328	0.03299	0.03756	0.01232	0.00890	0.29606	0.12526	0.12115	0.06576	0.01897	0.01469	0.02696	0.02158	0.00190	0.00526	0.02471	0.04013	0.06497
37	0.01259	0.01287	0.08602	0.01340	0.10415	0.04562	0.02498	0.01646	0.07787	0.04647	0.01275	0.07055	0.01108	0.00625	0.00609	0.00143	0.07377	0.00503	0.00350	0.36909
38	0.00887	0.00682	0.00771	0.00676	0.00936	0.00561	0.00524	0.01077	0.01299	0.05418	0.15215	0.04020	0.42343	0.01096	0.00595	0.00161	0.00323	0.02822	0.00494	0.20101

[dist]
# distance from previous block
# <min> <max>
1	2

[block]
# block no. 7 follows, 43 sequences, length 20
# corresponding to MSA columns:
# 420-439
name=unknown_H
#
# <colnr> <probs for GDERKNQSTAVLIFYWHMCP>
#	G	D	E	R	K	N	Q	S	T	A	V	L	I	F	Y	W	H	M	C	P
0	0.01432	0.01217	0.01283	0.01138	0.01461	0.01403	0.00890	0.08348	0.70587	0.02405	0.02185	0.02011	0.01635	0.00745	0.00563	0.00186	0.00451	0.00617	0.00563	0.00881
1	0.01336	0.01280	0.02185	0.11600	0.69156	0.01307	0.01682	0.01669	0.01244	0.01767	0.01036	0.01382	0.00862	0.00500	0.00549	0.00167	0.00667	0.00493	0.00271	0.00849
2	0.01301	0.04263	0.11813	0.01284	0.01542	0.01462	0.01148	0.04882	0.24426	0.03654	0.01418	0.04701	0.01182	0.00828	0.01041	0.00204	0.31337	0.00559	0.02219	0.00736
3	0.01684	0.01898	0.01464	0.01452	0.08405	0.41082	0.01022	0.02292	0.24475	0.01765	0.07699	0.01625	0.01409	0.00667	0.00537	0.00161	0.00733	0.00506	0.00397	0.00726
4	0.01198	0.00840	0.01040	0.00944	0.01094	0.00940	0.00712	0.13429	0.15073	0.01709	0.01381	0.01843	0.01204	0.04730	0.16210	0.32433	0.03768	0.00544	0.00366	0.00540
5	0.01046	0.00984	0.01661	0.79205	0.03814	0.01230	0.01538	0.01415	0.01107	0.01415	0.00984	0.01477	0.00738	0.00554	0.00554	0.00185	0.00738	0.00492	0.00246	0.00615
6	0.00763	0.00583	0.00707	0.00717	0.00852	0.00542	0.00535	0.01021	0.04953	0.01831	0.34242	0.19299	0.24316	0.01333	0.00667	0.00194	0.00304	0.06076	0.00556	0.00509
7	0.00774	0.00542	0.00595	0.00595	0.00634	0.00523	0.00353	0.00803	0.00899	0.01161	0.02539	0.03975	0.17388	0.64280	0.02374	0.00465	0.00484	0.00880	0.00372	0.00363
8	0.01141	0.01006	0.01474	0.01799	0.30891	0.00909	0.01031	0.01424	0.01301	0.01914	0.20580	0.02007	0.01980	0.00629	0.00527	0.00138	0.00469	0.00567	0.00380	0.29832
9	0.00722	0.00519	0.00692	0.00766	0.00814	0.00521	0.00525	0.00828	0.00987	0.01333	0.02561	0.47416	0.05225	0.14686	0.19262	0.00429	0.00627	0.01210	0.00435	0.00443
10	0.01497	0.15454	0.02131	0.11034	0.37501	0.09079	0.01393	0.10309	0.01408	0.01824	0.01045	0.01366	0.00876	0.00548	0.00516	0.00159	0.00680	0.02083	0.00304	0.00794
11	0.01254	0.24842	0.30693	0.08701	0.02267	0.03249	0.15234	0.01673	0.01182	0.01575	0.01023	0.04028	0.00841	0.00547	0.00509	0.00163	0.00753	0.00471	0.00256	0.00738
12	0.01181	0.01122	0.01905	0.47643	0.34320	0.01266	0.01605	0.01534	0.01171	0.01579	0.01008	0.01432	0.00796	0.00529	0.00551	0.00176	0.00705	0.00493	0.00258	0.00724
13	0.00853	0.00584	0.00749	0.00697	0.00848	0.00531	0.00526	0.01100	0.01538	0.05772	0.66078	0.04148	0.12204	0.01138	0.00649	0.00175	0.00273	0.00997	0.00604	0.00537
14	0.00800	0.00559	0.00718	0.00718	0.00757	0.00599	0.00478	0.00878	0.00839	0.01158	0.01641	0.03048	0.01763	0.50141	0.32872	0.00677	0.00914	0.00721	0.00320	0.00399
15	0.00678	0.00491	0.00634	0.00748	0.00791	0.00455	0.00500	0.00774	0.01067	0.01408	0.03214	0.71169	0.09617	0.04646	0.00781	0.00233	0.00326	0.01512	0.00507	0.00447
16	0.01371	0.01316	0.02248	0.03399	0.77081	0.01316	0.01700	0.01700	0.01261	0.01809	0.01042	0.01371	0.00877	0.00493	0.00548	0.00164	0.00658	0.00493	0.00274	0.00877
17	0.00687	0.00531	0.00627	0.00668	0.00785	0.00471	0.00476	0.00834	0.01243	0.01604	0.18343	0.34003	0.34784	0.01479	0.00675	0.00199	0.00293	0.01293	0.00533	0.00471
18	0.01494	0.01361	0.08332	0.01305	0.04453	0.01311	0.06184	0.20367	0.29705	0.05812	0.09240	0.02051	0.04390	0.00738	0.00575	0.00178	0.00536	0.00626	0.00509	0.00832
19	0.00763	0.00576	0.00659	0.00692	0.00799	0.00537	0.00479	0.04681	0.01176	0.01499	0.03712	0.35773	0.30682	0.14147	0.01017	0.00258	0.00356	0.01243	0.00488	0.00464

[dist]
# distance from previous block
# <min> <max>
0	1

[block]
# block no. 8 follows, 43 sequences, length 6
# corresponding to MSA columns:
# 441-446
name=unknown_I
#
# <colnr> <probs for GDERKNQSTAVLIFYWHMCP>
#	G	D	E	R	K	N	Q	S	T	A	V	L	I	F	Y	W	H	M	C	P
0	0.01397	0.56177	0.02528	0.01105	0.01432	0.02038	0.01029	0.01557	0.01039	0.01312	0.00757	0.00989	0.00716	0.00627	0.00809	0.00157	0.25059	0.00355	0.00239	0.00678
1	0.01148	0.00984	0.01148	0.00820	0.01312	0.00738	0.00656	0.01395	0.01148	0.01805	0.00984	0.01148	0.00820	0.00410	0.00410	0.00082	0.00410	0.00328	0.00328	0.83922
2	0.00743	0.00511	0.00622	0.00683	0.00699	0.00496	0.00420	0.00789	0.00926	0.01235	0.02365	0.39934	0.02796	0.43160	0.01817	0.00389	0.00435	0.01170	0.00420	0.00390
3	0.01951	0.01107	0.01799	0.01345	0.01784	0.01019	0.21256	0.08344	0.01577	0.42799	0.05749	0.02018	0.05184	0.00682	0.00593	0.00176	0.00590	0.00632	0.00550	0.00844
4	0.01226	0.00927	0.01055	0.00815	0.01192	0.00814	0.00649	0.11144	0.01328	0.02055	0.01251	0.01449	0.01010	0.00736	0.05382	0.00155	0.00470	0.00411	0.19524	0.48405
5	0.01285	0.00923	0.01225	0.01048	0.01316	0.00929	0.07746	0.15937	0.06132	0.10084	0.04957	0.12702	0.16182	0.03694	0.06072	0.00251	0.00555	0.07793	0.00503	0.00665

[dist]
# distance from previous block
# <min> <max>
0	1

[block]
# block no. 9 follows, 43 sequences, length 50
# corresponding to MSA columns:
# 448-475,487-489,491-509
name=unknown_J
#
# <colnr> <probs for GDERKNQSTAVLIFYWHMCP>
#	G	D	E	R	K	N	Q	S	T	A	V	L	I	F	Y	W	H	M	C	P
0	0.01991	0.01445	0.05590	0.01298	0.01753	0.01439	0.07023	0.42097	0.10236	0.18941	0.01579	0.01534	0.01095	0.00656	0.00562	0.00172	0.00598	0.00533	0.00544	0.00913
1	0.00820	0.00605	0.00792	0.00852	0.00992	0.00577	0.00711	0.01055	0.01345	0.01766	0.21723	0.05550	0.17744	0.01407	0.00716	0.00222	0.00405	0.41677	0.00535	0.00505
2	0.01702	0.22442	0.08364	0.01084	0.01514	0.01457	0.00999	0.22631	0.04319	0.15761	0.09426	0.01841	0.01518	0.00697	0.00520	0.00161	0.00551	0.03741	0.00470	0.00804
3	0.00716	0.00539	0.00663	0.00683	0.00799	0.00486	0.00493	0.00895	0.01333	0.01783	0.35476	0.27359	0.23981	0.01386	0.00670	0.00193	0.00285	0.01219	0.00555	0.00486
4	0.04356	0.01450	0.01938	0.01810	0.15590	0.12948	0.16241	0.09675	0.01505	0.18205	0.04605	0.01542	0.01130	0.00619	0.00646	0.00173	0.05829	0.00535	0.00410	0.00794
5	0.00732	0.00549	0.00596	0.00596	0.00693	0.00502	0.00394	0.00819	0.01082	0.01368	0.09617	0.06335	0.36448	0.36069	0.01604	0.00340	0.00392	0.01006	0.00444	0.00414
6	0.00682	0.00551	0.00585	0.00594	0.00742	0.00478	0.00426	0.00810	0.01210	0.01486	0.09540	0.12014	0.56696	0.10624	0.00911	0.00230	0.00313	0.01153	0.00500	0.00454
7	0.84448	0.01071	0.00814	0.00728	0.01071	0.01242	0.00600	0.01628	0.00943	0.02485	0.00771	0.00900	0.00600	0.00514	0.00343	0.00171	0.00428	0.00300	0.00343	0.00600
8	0.01148	0.00984	0.01148	0.00820	0.01312	0.00738	0.00656	0.01395	0.01148	0.01805	0.00984	0.01148	0.00820	0.00410	0.00410	0.00082	0.00410	0.00328	0.00328	0.83922
9	0.01319	0.01139	0.01196	0.01081	0.01384	0.01304	0.00840	0.02769	0.70026	0.02250	0.02526	0.02330	0.07773	0.00804	0.00571	0.00188	0.00426	0.00670	0.00560	0.00844
10	0.05026	0.11454	0.24417	0.07751	0.16259	0.01341	0.09326	0.01790	0.04441	0.07858	0.01320	0.01488	0.03996	0.00568	0.00526	0.00169	0.00683	0.00492	0.00315	0.00781
11	0.01295	0.02067	0.40333	0.01924	0.13240	0.01240	0.17304	0.01798	0.01253	0.08178	0.01232	0.01599	0.00946	0.00576	0.00572	0.00180	0.00774	0.04381	0.00303	0.00806
12	0.00772	0.00566	0.00724	0.00684	0.00820	0.00518	0.00513	0.01022	0.01540	0.02154	0.70239	0.04247	0.11817	0.01157	0.00653	0.00175	0.00263	0.01017	0.00601	0.00518
13	0.11000	0.01521	0.20951	0.01144	0.01660	0.01095	0.01134	0.09232	0.04989	0.39229	0.01646	0.01549	0.01088	0.00627	0.00526	0.00173	0.00568	0.00489	0.00513	0.00870
14	0.05671	0.01440	0.11450	0.11830	0.12182	0.07018	0.08301	0.01610	0.04480	0.01682	0.01142	0.05325	0.00981	0.00770	0.03873	0.00199	0.08396	0.00517	0.00301	0.12833
15	0.00675	0.00482	0.00643	0.00771	0.00803	0.00450	0.00514	0.00771	0.01060	0.01414	0.03053	0.80175	0.03663	0.01735	0.00707	0.00225	0.00321	0.01574	0.00514	0.00450
16	0.01063	0.01001	0.01691	0.75292	0.07596	0.01235	0.01546	0.01430	0.01115	0.01435	0.00987	0.01471	0.00745	0.00551	0.00553	0.00184	0.00734	0.00492	0.00248	0.00629
17	0.06299	0.03071	0.30278	0.16568	0.02272	0.01425	0.03020	0.01540	0.01039	0.01587	0.00889	0.01228	0.00714	0.00676	0.00948	0.00198	0.26863	0.00447	0.00247	0.00692
18	0.00867	0.00742	0.01048	0.00989	0.04181	0.00701	0.08340	0.01210	0.07690	0.01835	0.26450	0.09102	0.28640	0.01158	0.00651	0.00188	0.00386	0.04743	0.00514	0.00566
19	0.00748	0.00544	0.00763	0.00813	0.00875	0.00581	0.00584	0.00885	0.00947	0.01312	0.02120	0.32551	0.02336	0.11563	0.40013	0.00594	0.00930	0.00997	0.00385	0.00460
20	0.01968	0.18071	0.01892	0.01246	0.01656	0.21332	0.01036	0.41561	0.02038	0.02498	0.01094	0.01155	0.00836	0.00602	0.00499	0.00150	0.00705	0.00421	0.00421	0.00818
21	0.05564	0.35928	0.37324	0.01239	0.01861	0.03101	0.01436	0.01755	0.01164	0.04724	0.00934	0.01062	0.00728	0.00511	0.00445	0.00150	0.00691	0.00361	0.00260	0.00763
22	0.48011	0.01149	0.01390	0.08615	0.27891	0.01267	0.01068	0.01634	0.01069	0.02154	0.00885	0.01115	0.00709	0.00510	0.00433	0.00170	0.00536	0.00385	0.00310	0.00698
23	0.00841	0.00757	0.01333	0.01169	0.01354	0.00704	0.20287	0.01039	0.01142	0.01516	0.02747	0.53244	0.08837	0.01372	0.00689	0.00212	0.00480	0.01297	0.00452	0.00530
24	0.18350	0.21547	0.05614	0.11115	0.05630	0.01487	0.01041	0.09786	0.01310	0.12600	0.01101	0.01230	0.00832	0.00572	0.00512	0.00161	0.04077	0.00409	0.01886	0.00740
25	0.01584	0.40639	0.13412	0.04660	0.01760	0.23033	0.01171	0.03765	0.02708	0.01465	0.00879	0.01020	0.00736	0.00522	0.00438	0.00139	0.00742	0.00350	0.00265	0.00713
26	0.00962	0.00481	0.00722	0.00722	0.00722	0.00481	0.00481	0.00722	0.00722	0.00962	0.00962	0.01684	0.00962	0.01924	0.02165	0.83886	0.00481	0.00481	0.00241	0.00241
27	0.01481	0.80869	0.02902	0.00948	0.01421	0.02191	0.00948	0.01658	0.01125	0.01303	0.00770	0.00888	0.00711	0.00474	0.00355	0.00118	0.00592	0.00296	0.00237	0.00711
28	0.07038	0.01142	0.01193	0.00941	0.01338	0.05847	0.00753	0.15047	0.05513	0.11931	0.05020	0.01848	0.08729	0.00658	0.00500	0.00139	0.00475	0.00518	0.00457	0.30914
29	0.01241	0.14358	0.57731	0.01569	0.06063	0.06419	0.01802	0.01767	0.01193	0.01664	0.00954	0.01127	0.00713	0.00520	0.00500	0.00164	0.00788	0.00393	0.00240	0.00794
30	0.00950	0.00639	0.00808	0.00824	0.00949	0.00637	0.02534	0.07845	0.01276	0.01837	0.03967	0.38295	0.02708	0.01274	0.00614	0.00196	0.00372	0.11185	0.22559	0.00530
31	0.01727	0.48339	0.02354	0.01139	0.01542	0.29837	0.00998	0.05657	0.01363	0.01435	0.00830	0.00951	0.00724	0.00519	0.00418	0.00130	0.00741	0.00329	0.00271	0.00698
32	0.00772	0.00575	0.00725	0.00721	0.00861	0.00528	0.00559	0.01003	0.01447	0.01964	0.48741	0.06234	0.19895	0.01264	0.00672	0.00191	0.00306	0.12463	0.00572	0.00508
33	0.01071	0.01005	0.01426	0.01265	0.01298	0.01360	0.01038	0.01218	0.00862	0.01317	0.00980	0.01534	0.00947	0.02035	0.27431	0.00459	0.53402	0.00521	0.00261	0.00569
34	0.01359	0.01253	0.01840	0.05895	0.44819	0.01336	0.01377	0.02164	0.29948	0.01986	0.01504	0.01642	0.01183	0.00595	0.00554	0.00174	0.00577	0.00544	0.00384	0.00865
35	0.02069	0.02640	0.01569	0.01427	0.01712	0.78313	0.01070	0.02212	0.01569	0.01355	0.00856	0.00999	0.00713	0.00571	0.00499	0.00143	0.00999	0.00357	0.00285	0.00642
36	0.00686	0.00490	0.00655	0.00784	0.00821	0.00459	0.00533	0.00790	0.01071	0.01426	0.03046	0.76431	0.03639	0.01725	0.00710	0.00226	0.00331	0.05210	0.00514	0.00453
37	0.00678	0.00485	0.00646	0.00769	0.00804	0.00452	0.00514	0.00780	0.01077	0.01440	0.05461	0.77691	0.03714	0.01715	0.00705	0.00223	0.00319	0.01556	0.00517	0.00452
38	0.01077	0.01032	0.01662	0.72763	0.03624	0.02795	0.01508	0.01426	0.01100	0.01409	0.00966	0.01450	0.00737	0.00580	0.00632	0.00187	0.05701	0.00489	0.00247	0.00615
39	0.00722	0.00588	0.00648	0.00667	0.00839	0.00523	0.00520	0.00925	0.03236	0.01587	0.09381	0.07402	0.56142	0.01399	0.00672	0.00199	0.00323	0.13219	0.00521	0.00488
40	0.00804	0.00541	0.00627	0.00627	0.00635	0.00550	0.00364	0.00820	0.00812	0.01091	0.01724	0.03507	0.01963	0.74355	0.08930	0.00566	0.00614	0.00788	0.00332	0.00348
41	0.01557	0.59074	0.09533	0.01095	0.01566	0.16332	0.01072	0.01771	0.01212	0.01354	0.00807	0.00935	0.00710	0.00497	0.00398	0.00128	0.00689	0.00318	0.00246	0.00708
42	0.00718	0.00561	0.00716	0.00852	0.04874	0.00512	0.00564	0.00853	0.01161	0.01497	0.06082	0.46309	0.27130	0.01534	0.00682	0.00209	0.00332	0.04425	0.00504	0.00483
43	0.00889	0.00546	0.00589	0.00612	0.00754	0.00517	0.00475	0.01106	0.01204	0.01816	0.03129	0.06443	0.23848	0.01035	0.00532	0.00168	0.00304	0.11337	0.44200	0.00499
44	0.01350	0.00784	0.01008	0.00889	0.01082	0.00815	0.00676	0.11113	0.01251	0.18702	0.01688	0.02370	0.01484	0.22478	0.31200	0.00542	0.00898	0.00627	0.00428	0.00614
45	0.00805	0.00537	0.00604	0.00604	0.00604	0.00537	0.00336	0.00805	0.00805	0.01074	0.01745	0.03624	0.02013	0.80536	0.02819	0.00537	0.00537	0.00805	0.00336	0.00336
46	0.01148	0.00984	0.01148	0.00820	0.01312	0.00738	0.00656	0.01395	0.01148	0.01805	0.00984	0.01148	0.00820	0.00410	0.00410	0.00082	0.00410	0.00328	0.00328	0.83922
47	0.00884	0.00632	0.00883	0.01011	0.01135	0.00630	0.00878	0.01133	0.01267	0.01648	0.02937	0.09006	0.03205	0.01538	0.00763	0.00254	0.00503	0.70675	0.00510	0.00508
48	0.01189	0.01042	0.01436	0.31982	0.05560	0.01039	0.01082	0.06553	0.02891	0.01779	0.01039	0.01321	0.00818	0.00496	0.00486	0.00134	0.00565	0.00418	0.00314	0.39857
49	0.04551	0.17582	0.05788	0.00931	0.01382	0.01166	0.00826	0.06402	0.05063	0.08097	0.01402	0.04888	0.04152	0.00590	0.00455	0.00127	0.00481	0.00460	0.00377	0.35278

[dist]
# distance from previous block
# <min> <max>
1	13

[block]
# block no. 10 follows, 43 sequences, length 17
# corresponding to MSA columns:
# 523-539
name=unknown_K
#
# <colnr> <probs for GDERKNQSTAVLIFYWHMCP>
#	G	D	E	R	K	N	Q	S	T	A	V	L	I	F	Y	W	H	M	C	P
0	0.04672	0.13891	0.19285	0.01175	0.01642	0.15436	0.01134	0.03423	0.11155	0.07510	0.01417	0.03997	0.03645	0.00629	0.00495	0.00155	0.00647	0.00477	0.00360	0.08856
1	0.11191	0.09697	0.28717	0.01265	0.01794	0.07367	0.05504	0.07143	0.01326	0.07478	0.04637	0.05165	0.01124	0.00623	0.00506	0.00164	0.00660	0.00493	0.00346	0.04800
2	0.01224	0.07672	0.43276	0.01403	0.02032	0.01207	0.08454	0.03620	0.01228	0.06034	0.01254	0.08469	0.01045	0.00627	0.00532	0.00166	0.00696	0.00533	0.00309	0.10218
3	0.03703	0.14049	0.08914	0.01403	0.08679	0.01225	0.13507	0.04377	0.09103	0.01748	0.02229	0.11785	0.15305	0.00844	0.00568	0.00176	0.00566	0.00747	0.00383	0.00688
4	0.01250	0.05702	0.01365	0.15004	0.01689	0.10521	0.02873	0.09147	0.01226	0.01570	0.01280	0.04936	0.01242	0.22326	0.03600	0.00285	0.05761	0.00581	0.00328	0.09314
5	0.01032	0.00516	0.00516	0.00516	0.00645	0.00516	0.00387	0.01290	0.01161	0.02065	0.01807	0.02065	0.01420	0.00645	0.00387	0.00129	0.00258	0.00516	0.83611	0.00516
6	0.29599	0.01911	0.01334	0.01186	0.01472	0.40500	0.00925	0.06234	0.01350	0.01858	0.00843	0.01006	0.00690	0.00596	0.00579	0.00163	0.08438	0.00358	0.00316	0.00642
7	0.00655	0.00561	0.00561	0.00561	0.00748	0.00468	0.00421	0.00795	0.01262	0.01496	0.05610	0.05330	0.76857	0.01403	0.00655	0.00187	0.00281	0.01169	0.00514	0.00468
