[name]
unknown

[dist]
# distance from previous block
# <min> <max>
0	49

[block]
# block no. 0 follows, 52 sequences, length 20
# corresponding to MSA columns:
# 51-62,83-90
name=unknown_A
#
# <colnr> <probs for GDERKNQSTAVLIFYWHMCP>
#	G	D	E	R	K	N	Q	S	T	A	V	L	I	F	Y	W	H	M	C	P
0	0.00737	0.00518	0.00744	0.00795	0.00876	0.00552	0.00637	0.00881	0.00904	0.01226	0.01842	0.07948	0.01933	0.05166	0.34120	0.08863	0.00788	0.30722	0.00341	0.00409
1	0.00662	0.00489	0.00566	0.00547	0.00681	0.00438	0.00410	0.00849	0.01231	0.01679	0.42441	0.03855	0.33992	0.01043	0.00549	0.00153	0.00235	0.00893	0.08849	0.00438
2	0.00627	0.00493	0.00567	0.00548	0.00688	0.00432	0.00411	0.00801	0.01234	0.01615	0.40998	0.04160	0.43470	0.01113	0.00572	0.00158	0.00237	0.00952	0.00490	0.00432
3	0.00631	0.00453	0.00607	0.00716	0.00766	0.00429	0.00519	0.00746	0.00973	0.01285	0.02714	0.63729	0.05377	0.01471	0.00628	0.00201	0.00316	0.17582	0.00449	0.00405
4	0.86392	0.00937	0.00712	0.00637	0.00937	0.01087	0.00525	0.01425	0.00825	0.02174	0.00675	0.00787	0.00525	0.00450	0.00300	0.00150	0.00375	0.00262	0.00300	0.00525
5	0.01842	0.01357	0.01454	0.01115	0.01503	0.01503	0.00921	0.78330	0.02278	0.03054	0.01163	0.01163	0.00824	0.00582	0.00485	0.00145	0.00533	0.00436	0.00485	0.00824
6	0.86392	0.00937	0.00712	0.00637	0.00937	0.01087	0.00525	0.01425	0.00825	0.02174	0.00675	0.00787	0.00525	0.00450	0.00300	0.00150	0.00375	0.00262	0.00300	0.00525
7	0.86392	0.00937	0.00712	0.00637	0.00937	0.01087	0.00525	0.01425	0.00825	0.02174	0.00675	0.00787	0.00525	0.00450	0.00300	0.00150	0.00375	0.00262	0.00300	0.00525
8	0.01060	0.01060	0.01484	0.01272	0.01272	0.01484	0.01060	0.01166	0.00742	0.01166	0.00636	0.01060	0.00636	0.00848	0.01590	0.00212	0.82082	0.00424	0.00212	0.00530
9	0.01262	0.01069	0.01127	0.00998	0.01282	0.01232	0.00781	0.09269	0.72285	0.02118	0.01901	0.01751	0.01421	0.00651	0.00492	0.00163	0.00397	0.00538	0.00492	0.00772
10	0.05813	0.00906	0.01129	0.00892	0.01249	0.00869	0.00729	0.08674	0.13057	0.58613	0.01803	0.01594	0.01180	0.00600	0.00479	0.00152	0.00416	0.00482	0.00561	0.00802
11	0.00972	0.02507	0.80458	0.01381	0.02097	0.01125	0.01790	0.01535	0.01023	0.01535	0.00870	0.01023	0.00614	0.00460	0.00460	0.00153	0.00716	0.00358	0.00205	0.00716
12	0.00781	0.00558	0.00781	0.00892	0.01004	0.00558	0.00781	0.01004	0.01116	0.01450	0.02566	0.05466	0.02789	0.01339	0.00669	0.00223	0.00446	0.76685	0.00446	0.00446
13	0.03723	0.00463	0.00527	0.00572	0.00658	0.00451	0.00410	0.00919	0.01000	0.01563	0.06715	0.35254	0.05639	0.01024	0.00484	0.00156	0.00260	0.02778	0.36973	0.00429
14	0.01001	0.01189	0.13379	0.30133	0.23793	0.01056	0.05850	0.01403	0.06124	0.01454	0.01353	0.01591	0.08492	0.00546	0.00494	0.00156	0.00591	0.00494	0.00263	0.00637
15	0.00586	0.00482	0.00518	0.00539	0.00677	0.00413	0.00399	0.00709	0.01084	0.01321	0.06746	0.17674	0.62002	0.01272	0.00584	0.00171	0.00258	0.03703	0.00452	0.00409
16	0.00989	0.00909	0.00844	0.00797	0.00963	0.14405	0.00597	0.01391	0.16358	0.03424	0.32084	0.14168	0.09282	0.00928	0.00538	0.00157	0.00382	0.00791	0.00460	0.00530
17	0.01106	0.05518	0.22185	0.03407	0.11722	0.03496	0.36911	0.01504	0.01102	0.01508	0.01023	0.01454	0.00832	0.00490	0.00520	0.00158	0.00722	0.05432	0.00245	0.00663
18	0.09928	0.00928	0.01393	0.18810	0.17053	0.00935	0.04247	0.01822	0.01176	0.36872	0.01329	0.01385	0.00910	0.00519	0.00470	0.00152	0.00508	0.00446	0.00402	0.00715
19	0.00612	0.00441	0.00585	0.00692	0.00736	0.00413	0.00485	0.00714	0.00957	0.01265	0.02756	0.70249	0.06492	0.01485	0.00622	0.00198	0.00299	0.10149	0.00449	0.00400

[dist]
# distance from previous block
# <min> <max>
1	8

[block]
# block no. 1 follows, 52 sequences, length 26
# corresponding to MSA columns:
# 100-125
name=unknown_B
#
# <colnr> <probs for GDERKNQSTAVLIFYWHMCP>
#	G	D	E	R	K	N	Q	S	T	A	V	L	I	F	Y	W	H	M	C	P
0	0.06719	0.02071	0.01112	0.02764	0.06012	0.03445	0.05481	0.06032	0.03973	0.16139	0.05418	0.06292	0.06025	0.10130	0.00697	0.00177	0.00440	0.00558	0.03184	0.13332
1	0.07791	0.10336	0.24552	0.02915	0.13513	0.04993	0.03738	0.11809	0.04734	0.09616	0.01030	0.01129	0.00761	0.00490	0.00446	0.00145	0.00588	0.00389	0.00311	0.00714
2	0.01020	0.01057	0.06369	0.20474	0.28961	0.02913	0.05423	0.02687	0.01050	0.01439	0.01323	0.03728	0.07454	0.00803	0.06463	0.00201	0.04276	0.00513	0.03232	0.00615
3	0.00742	0.00599	0.00805	0.00800	0.00894	0.04208	0.00621	0.00913	0.00805	0.01128	0.01273	0.01858	0.01185	0.03494	0.77438	0.00750	0.01279	0.00510	0.00259	0.00438
4	0.01415	0.01283	0.01860	0.05237	0.12465	0.07930	0.23162	0.19796	0.07484	0.06522	0.01137	0.01357	0.00871	0.00538	0.00570	0.00156	0.05054	0.02114	0.00343	0.00704
5	0.01067	0.00930	0.01036	0.00752	0.01175	0.03263	0.00601	0.04616	0.01072	0.01631	0.00871	0.01008	0.00719	0.00373	0.00367	0.00077	0.00383	0.00294	0.00295	0.79469
6	0.00779	0.00691	0.01078	0.31011	0.01836	0.00737	0.06505	0.01021	0.01092	0.01415	0.15566	0.08073	0.20755	0.00877	0.00550	0.00168	0.00452	0.06550	0.00361	0.00485
7	0.00986	0.00937	0.02945	0.37860	0.12967	0.01016	0.12835	0.02700	0.01022	0.01413	0.01057	0.04744	0.00886	0.02880	0.02462	0.00180	0.03504	0.00502	0.08531	0.00571
8	0.00680	0.00498	0.00707	0.00722	0.00786	0.00554	0.00532	0.00812	0.00787	0.01109	0.01524	0.13145	0.01576	0.16701	0.56836	0.00647	0.01020	0.00668	0.00291	0.00404
9	0.00616	0.00482	0.00557	0.00561	0.00687	0.00424	0.00412	0.00770	0.01173	0.01524	0.31164	0.16014	0.41514	0.01187	0.00579	0.00165	0.00245	0.01024	0.00480	0.00424
10	0.00668	0.00480	0.00592	0.00606	0.00713	0.00431	0.00438	0.00821	0.01158	0.03810	0.32750	0.29158	0.24166	0.01212	0.00584	0.00170	0.00255	0.01065	0.00486	0.00435
11	0.02174	0.00825	0.01125	0.00862	0.01237	0.00712	0.00712	0.02362	0.01387	0.80282	0.01912	0.01649	0.01200	0.00600	0.00487	0.00150	0.00412	0.00487	0.00600	0.00825
12	0.01601	0.03522	0.09443	0.05343	0.01593	0.33440	0.00999	0.23757	0.05753	0.04561	0.01078	0.04759	0.00864	0.00574	0.00466	0.00141	0.00671	0.00424	0.00344	0.00666
13	0.15678	0.08106	0.01303	0.00973	0.01308	0.07005	0.00796	0.29466	0.21831	0.06893	0.01267	0.01245	0.00936	0.00561	0.00438	0.00146	0.00484	0.00416	0.00423	0.00724
14	0.01296	0.83261	0.02539	0.00829	0.01244	0.01917	0.00829	0.01451	0.00985	0.01140	0.00674	0.00777	0.00622	0.00415	0.00311	0.00104	0.00518	0.00259	0.00207	0.00622
15	0.01273	0.10477	0.11584	0.01537	0.17852	0.01254	0.09731	0.14603	0.15811	0.03996	0.01401	0.01475	0.05740	0.00552	0.00478	0.00148	0.00546	0.00479	0.00344	0.00721
16	0.01318	0.01253	0.01176	0.05230	0.01418	0.14228	0.00832	0.05819	0.58882	0.01895	0.01679	0.01600	0.01267	0.00619	0.00483	0.00157	0.00484	0.00498	0.00439	0.00724
17	0.01842	0.01357	0.01454	0.01115	0.01503	0.01503	0.00921	0.78330	0.02278	0.03054	0.01163	0.01163	0.00824	0.00582	0.00485	0.00145	0.00533	0.00436	0.00485	0.00824
18	0.01015	0.05157	0.20008	0.08150	0.15749	0.00934	0.07230	0.01346	0.01148	0.05697	0.20664	0.01902	0.03881	0.00616	0.00494	0.00149	0.00511	0.00548	0.04179	0.00622
19	0.01059	0.13609	0.01533	0.22805	0.06130	0.01126	0.07071	0.09340	0.04738	0.01647	0.18315	0.01850	0.04631	0.00635	0.00526	0.00150	0.03365	0.00541	0.00337	0.00590
20	0.01154	0.01098	0.01992	0.18077	0.31448	0.01146	0.22123	0.01457	0.01072	0.05551	0.01032	0.01331	0.02388	0.00496	0.00601	0.00159	0.07466	0.00484	0.00257	0.00667
21	0.00750	0.00517	0.00635	0.00649	0.00743	0.00494	0.00464	0.00937	0.05097	0.04967	0.19773	0.25308	0.13001	0.17470	0.00961	0.00235	0.00326	0.06793	0.00446	0.00433
22	0.00897	0.00986	0.08990	0.27950	0.09397	0.00913	0.08075	0.01273	0.07570	0.01411	0.01876	0.11255	0.13807	0.00746	0.00525	0.00166	0.00528	0.02754	0.00314	0.00567
23	0.03260	0.08880	0.16589	0.01338	0.07381	0.01146	0.13611	0.10568	0.03313	0.16320	0.02603	0.06330	0.01031	0.00586	0.00542	0.00154	0.04798	0.00501	0.00351	0.00697
24	0.01535	0.00814	0.01050	0.00869	0.01151	0.00783	0.02731	0.12262	0.06959	0.36173	0.13606	0.09079	0.05296	0.00798	0.00526	0.00159	0.00394	0.04599	0.00530	0.00687
25	0.00769	0.01227	0.30416	0.00975	0.01279	0.00698	0.01011	0.01059	0.01004	0.01391	0.02040	0.35386	0.04259	0.01081	0.00568	0.00185	0.00474	0.15297	0.00358	0.00524

[dist]
# distance from previous block
# <min> <max>
4	10

[block]
# block no. 2 follows, 52 sequences, length 65
# corresponding to MSA columns:
# 136-187,189-201
name=unknown_C
#
# <colnr> <probs for GDERKNQSTAVLIFYWHMCP>
#	G	D	E	R	K	N	Q	S	T	A	V	L	I	F	Y	W	H	M	C	P
0	0.01238	0.28447	0.08509	0.05478	0.06482	0.01390	0.11183	0.05056	0.16824	0.04039	0.01089	0.01187	0.00852	0.00481	0.00430	0.00135	0.00545	0.00403	0.00301	0.05930
1	0.01167	0.14619	0.02554	0.00875	0.01104	0.00997	0.01919	0.06256	0.07644	0.13559	0.02479	0.01651	0.01145	0.06029	0.31815	0.00406	0.04381	0.00477	0.00340	0.00583
2	0.01286	0.15162	0.34176	0.01375	0.11785	0.02850	0.01294	0.13295	0.01241	0.07821	0.00996	0.01167	0.00764	0.04108	0.00532	0.00156	0.00606	0.00388	0.00288	0.00711
3	0.00676	0.00505	0.00537	0.00526	0.00625	0.00468	0.00354	0.02898	0.00977	0.01237	0.05444	0.03834	0.40760	0.35081	0.01349	0.00288	0.00346	0.00854	0.02865	0.00375
4	0.00641	0.00611	0.05278	0.00614	0.00780	0.00489	0.00503	0.00815	0.01099	0.01425	0.20582	0.06532	0.43268	0.03917	0.11031	0.00250	0.00414	0.00889	0.00425	0.00437
5	0.01039	0.01109	0.10349	0.12885	0.12462	0.02272	0.02294	0.02827	0.27072	0.01604	0.01431	0.04385	0.01187	0.01087	0.13066	0.00258	0.00644	0.03041	0.00338	0.00649
6	0.00623	0.00493	0.00561	0.00544	0.00685	0.00431	0.00408	0.00793	0.01224	0.01592	0.38224	0.04199	0.46259	0.01122	0.00572	0.00159	0.00238	0.00958	0.00487	0.00431
7	0.01065	0.00910	0.01076	0.00900	0.05252	0.00802	0.00670	0.03817	0.15802	0.01689	0.01102	0.01211	0.00889	0.00570	0.03943	0.00126	0.00421	0.00359	0.00328	0.59066
8	0.00915	0.00861	0.01453	0.81804	0.03338	0.01077	0.01346	0.01238	0.00969	0.01238	0.00861	0.01292	0.00646	0.00484	0.00484	0.00161	0.00646	0.00431	0.00215	0.00538
9	0.01866	0.01319	0.01431	0.01097	0.01484	0.01446	0.00906	0.72909	0.02215	0.08566	0.01217	0.01198	0.00851	0.00583	0.00485	0.00146	0.00525	0.00440	0.00493	0.00824
10	0.00915	0.00861	0.01453	0.81804	0.03338	0.01077	0.01346	0.01238	0.00969	0.01238	0.00861	0.01292	0.00646	0.00484	0.00484	0.00161	0.00646	0.00431	0.00215	0.00538
11	0.01370	0.11521	0.15682	0.01680	0.23245	0.03622	0.03825	0.21320	0.01367	0.04127	0.00945	0.01104	0.00734	0.00511	0.00544	0.00147	0.06824	0.00401	0.00302	0.00729
12	0.00677	0.00488	0.00640	0.00616	0.00722	0.00451	0.00457	0.00892	0.01329	0.01876	0.72312	0.11192	0.04441	0.01041	0.00576	0.00157	0.00234	0.00924	0.00525	0.00451
13	0.45168	0.01004	0.01127	0.00967	0.01137	0.01271	0.03127	0.01311	0.00797	0.01699	0.00667	0.00927	0.00582	0.00629	0.00892	0.00178	0.37382	0.00345	0.00258	0.00531
14	0.01144	0.01307	0.02859	0.02042	0.02533	0.01225	0.78186	0.01552	0.01144	0.01552	0.00980	0.01307	0.00735	0.00408	0.00572	0.00163	0.00817	0.00572	0.00245	0.00654
15	0.08096	0.01326	0.01399	0.01080	0.01461	0.01472	0.00892	0.72642	0.02171	0.02989	0.01127	0.01136	0.00802	0.00572	0.00471	0.00146	0.00522	0.00423	0.00471	0.00802
16	0.00758	0.00474	0.00702	0.00702	0.00747	0.00519	0.00510	0.00756	0.00711	0.00993	0.01113	0.01783	0.01080	0.06904	0.42765	0.37552	0.00876	0.00486	0.00240	0.00329
17	0.00715	0.00506	0.00667	0.03442	0.03421	0.00485	0.00492	0.00823	0.00965	0.03900	0.10905	0.41081	0.08195	0.17827	0.02837	0.00252	0.00362	0.01032	0.00411	0.01682
18	0.01687	0.01281	0.01367	0.01084	0.01444	0.01431	0.00884	0.59931	0.20930	0.02805	0.01360	0.01320	0.00983	0.00600	0.00487	0.00150	0.00497	0.00463	0.00487	0.00810
19	0.01723	0.01279	0.01373	0.01082	0.01447	0.01421	0.00884	0.60963	0.17710	0.05003	0.01347	0.01307	0.00966	0.00597	0.00487	0.00149	0.00500	0.00460	0.00490	0.00813
20	0.00640	0.00496	0.00558	0.00543	0.00690	0.00430	0.00407	0.00799	0.01196	0.02935	0.30276	0.06521	0.50501	0.01144	0.00572	0.00161	0.00244	0.00974	0.00481	0.00432
21	0.00932	0.00529	0.00630	0.00589	0.00668	0.00502	0.00380	0.00984	0.00882	0.14010	0.05528	0.05718	0.07038	0.57452	0.01865	0.00373	0.00428	0.00721	0.00371	0.00399
22	0.01285	0.01080	0.01141	0.01002	0.01290	0.01243	0.00786	0.12037	0.69480	0.02155	0.01871	0.01728	0.01397	0.00648	0.00492	0.00162	0.00402	0.00534	0.00492	0.00774
23	0.01216	0.00994	0.01057	0.00940	0.01201	0.01129	0.00727	0.07283	0.63400	0.04264	0.01993	0.01963	0.04297	0.06546	0.00636	0.00184	0.00395	0.00567	0.00480	0.00726
24	0.00650	0.00469	0.00599	0.00664	0.00722	0.00444	0.00455	0.03291	0.01033	0.01386	0.13459	0.61039	0.07216	0.05297	0.00694	0.00200	0.00289	0.01226	0.00455	0.00413
25	0.00805	0.00530	0.00782	0.03574	0.05775	0.00552	0.00595	0.00845	0.03171	0.01103	0.01411	0.14837	0.01473	0.02939	0.14937	0.38163	0.00567	0.07288	0.00289	0.00362
26	0.02112	0.00924	0.01186	0.00909	0.01287	0.00860	0.00751	0.16573	0.01554	0.65835	0.01772	0.01559	0.01129	0.00596	0.00487	0.00149	0.00435	0.00478	0.00578	0.00825
27	0.00781	0.00537	0.00661	0.00701	0.00789	0.00528	0.00488	0.01036	0.11072	0.06265	0.04298	0.53489	0.06855	0.09167	0.00769	0.00213	0.00318	0.01119	0.00452	0.00462
28	0.02674	0.00493	0.00617	0.04187	0.00819	0.00473	0.00474	0.00825	0.01019	0.03182	0.13817	0.38746	0.16287	0.06169	0.03361	0.00212	0.00331	0.01039	0.04853	0.00423
29	0.01136	0.01225	0.10090	0.00970	0.01145	0.20739	0.04164	0.02388	0.00929	0.01121	0.00869	0.01318	0.00795	0.04668	0.01255	0.38605	0.05430	0.00407	0.02334	0.00414
30	0.01522	0.01049	0.01113	0.00889	0.01183	0.01145	0.00723	0.52027	0.01848	0.02629	0.01306	0.01383	0.00967	0.00576	0.00435	0.00134	0.00429	0.00442	0.29504	0.00697
31	0.00727	0.00468	0.00522	0.00526	0.00618	0.00442	0.00368	0.00874	0.01029	0.01504	0.16866	0.10759	0.17945	0.17340	0.00881	0.00210	0.00284	0.00785	0.27444	0.00407
32	0.00928	0.00672	0.00847	0.00727	0.00930	0.00628	0.00549	0.04417	0.05800	0.01333	0.01152	0.01504	0.03532	0.01455	0.15543	0.28993	0.00556	0.00422	0.00283	0.29729
33	0.00598	0.00441	0.00561	0.00643	0.00702	0.00404	0.00443	0.00702	0.00994	0.01306	0.08922	0.62599	0.15808	0.01427	0.00608	0.00188	0.00274	0.02522	0.00456	0.00402
34	0.00648	0.00481	0.00604	0.00600	0.00708	0.00437	0.00440	0.00832	0.01244	0.01702	0.52386	0.18122	0.17749	0.01129	0.00580	0.00162	0.00241	0.00993	0.00503	0.00437
35	0.00724	0.00436	0.00599	0.00640	0.00660	0.00424	0.00428	0.00684	0.00801	0.01072	0.05726	0.30691	0.02060	0.12508	0.01410	0.36774	0.00369	0.03355	0.00331	0.00307
36	0.01068	0.01028	0.01534	0.42130	0.19981	0.04666	0.01265	0.03127	0.05061	0.01383	0.00914	0.01262	0.00732	0.00609	0.02609	0.00177	0.11170	0.00433	0.00244	0.00606
37	0.03399	0.35828	0.07353	0.00880	0.01252	0.01341	0.00820	0.12053	0.01216	0.18889	0.01128	0.01304	0.00901	0.08490	0.03043	0.00180	0.00527	0.00391	0.00343	0.00662
38	0.00979	0.00952	0.01713	0.58752	0.09775	0.01091	0.14660	0.01311	0.01012	0.01339	0.00907	0.01302	0.00689	0.00469	0.00495	0.00159	0.00657	0.00456	0.02706	0.00576
39	0.01005	0.00861	0.01005	0.00718	0.01148	0.00646	0.00574	0.01220	0.01005	0.01579	0.00861	0.01005	0.00718	0.00359	0.00359	0.00072	0.00359	0.00287	0.00287	0.85932
40	0.01122	0.19637	0.20140	0.13378	0.10842	0.03960	0.19641	0.01468	0.01054	0.01396	0.00888	0.02720	0.00719	0.00461	0.00462	0.00145	0.00667	0.00425	0.00227	0.00648
41	0.00590	0.00422	0.00562	0.00675	0.00703	0.00394	0.00450	0.00675	0.00928	0.01237	0.02671	0.82653	0.03205	0.01518	0.00619	0.00197	0.00281	0.01378	0.00450	0.00394
42	0.00602	0.00485	0.00536	0.00538	0.00676	0.00419	0.00398	0.00746	0.01152	0.01455	0.22700	0.12064	0.54135	0.01199	0.00577	0.00164	0.00245	0.01022	0.00470	0.00419
43	0.00590	0.00422	0.00562	0.00675	0.00703	0.00394	0.00450	0.00675	0.00928	0.01237	0.02671	0.82653	0.03205	0.01518	0.00619	0.00197	0.00281	0.01378	0.00450	0.00394
44	0.01092	0.00657	0.00694	0.00638	0.00818	0.00698	0.00492	0.04178	0.21222	0.06804	0.01688	0.01776	0.01287	0.00591	0.00393	0.00130	0.00289	0.00478	0.55508	0.00569
45	0.01810	0.02310	0.01373	0.01248	0.01498	0.81024	0.00936	0.01935	0.01373	0.01186	0.00749	0.00874	0.00624	0.00499	0.00437	0.00125	0.00874	0.00312	0.00250	0.00562
46	0.86392	0.00937	0.00712	0.00637	0.00937	0.01087	0.00525	0.01425	0.00825	0.02174	0.00675	0.00787	0.00525	0.00450	0.00300	0.00150	0.00375	0.00262	0.00300	0.00525
47	0.01005	0.00861	0.01005	0.00718	0.01148	0.00646	0.00574	0.01220	0.01005	0.01579	0.00861	0.01005	0.00718	0.00359	0.00359	0.00072	0.00359	0.00287	0.00287	0.85932
48	0.78315	0.00944	0.00763	0.00667	0.00975	0.01078	0.00550	0.04048	0.00908	0.07079	0.00768	0.00854	0.00577	0.00464	0.00318	0.00150	0.00382	0.00282	0.00325	0.00554
49	0.01205	0.01041	0.01096	0.00986	0.01260	0.01205	0.00767	0.02575	0.79071	0.02027	0.01972	0.01808	0.01479	0.00657	0.00493	0.00164	0.00384	0.00548	0.00493	0.00767
50	0.00903	0.00452	0.00452	0.00452	0.00565	0.00452	0.00339	0.01129	0.01016	0.01807	0.01581	0.01807	0.01242	0.00565	0.00339	0.00113	0.00226	0.00452	0.85659	0.00452
51	0.00679	0.00492	0.00640	0.00609	0.00721	0.00453	0.00454	0.00898	0.01345	0.01895	0.74315	0.07023	0.06612	0.01020	0.00574	0.00155	0.00231	0.00902	0.00528	0.00453
52	0.01005	0.00861	0.01005	0.00718	0.01148	0.00646	0.00574	0.01220	0.01005	0.01579	0.00861	0.01005	0.00718	0.00359	0.00359	0.00072	0.00359	0.00287	0.00287	0.85932
53	0.00676	0.00485	0.00592	0.00583	0.00652	0.00471	0.00397	0.00788	0.00985	0.01338	0.26765	0.06005	0.13002	0.34194	0.10683	0.00355	0.00453	0.00802	0.00392	0.00380
54	0.00903	0.00452	0.00452	0.00452	0.00565	0.00452	0.00339	0.01129	0.01016	0.01807	0.01581	0.01807	0.01242	0.00565	0.00339	0.00113	0.00226	0.00452	0.85659	0.00452
55	0.00625	0.00475	0.00617	0.00653	0.00741	0.00467	0.00476	0.00759	0.00970	0.01288	0.09980	0.31403	0.22244	0.02025	0.24549	0.00358	0.00570	0.00985	0.00401	0.00415
56	0.01490	0.00671	0.00901	0.00749	0.01001	0.00592	0.00594	0.01687	0.01353	0.44573	0.32126	0.06660	0.03870	0.00809	0.00528	0.00154	0.00332	0.00693	0.00564	0.00653
57	0.08076	0.00841	0.01081	0.00849	0.01205	0.00770	0.00697	0.02275	0.07153	0.66928	0.03744	0.01648	0.01255	0.00603	0.00476	0.00151	0.00403	0.00485	0.00569	0.00790
58	0.00796	0.00527	0.00676	0.00654	0.00708	0.00561	0.00446	0.02332	0.00789	0.04533	0.01425	0.02552	0.01487	0.47088	0.29092	0.03034	0.02015	0.00614	0.00295	0.00376
59	0.00627	0.00449	0.00580	0.00667	0.00711	0.00424	0.00461	0.00722	0.00943	0.01247	0.04889	0.57340	0.07613	0.11808	0.00854	0.00231	0.00319	0.09296	0.00432	0.00389
60	0.01147	0.00614	0.00865	0.00765	0.00902	0.00592	0.04399	0.04549	0.02782	0.17956	0.01469	0.12236	0.01357	0.10247	0.01248	0.32410	0.00420	0.00603	0.04990	0.00449
61	0.01084	0.05281	0.01657	0.48799	0.25366	0.03486	0.01330	0.04732	0.01078	0.01412	0.00876	0.01221	0.00687	0.00470	0.00473	0.00152	0.00621	0.00419	0.00235	0.00623
62	0.05104	0.00526	0.00705	0.03773	0.02814	0.00515	0.02280	0.00843	0.02211	0.01417	0.12447	0.55303	0.06339	0.01262	0.00578	0.00182	0.00311	0.01135	0.01819	0.00437
63	0.00785	0.00482	0.00615	0.00653	0.00720	0.00449	0.00442	0.00868	0.00947	0.09288	0.04889	0.48640	0.05911	0.20511	0.01036	0.00254	0.00338	0.02321	0.00431	0.00418
64	0.36961	0.00707	0.00734	0.08263	0.01018	0.00801	0.00541	0.01074	0.00784	0.01506	0.01018	0.01683	0.00987	0.23380	0.11478	0.07369	0.00549	0.00445	0.00278	0.00426

[dist]
# distance from previous block
# <min> <max>
1	3

[block]
# block no. 3 follows, 52 sequences, length 40
# corresponding to MSA columns:
# 205-244
name=unknown_D
#
# <colnr> <probs for GDERKNQSTAVLIFYWHMCP>
#	G	D	E	R	K	N	Q	S	T	A	V	L	I	F	Y	W	H	M	C	P
0	0.06086	0.01269	0.06740	0.14272	0.01735	0.06324	0.00973	0.28118	0.15320	0.10917	0.01263	0.01302	0.00908	0.00557	0.00470	0.00150	0.00535	0.00436	0.00407	0.02220
1	0.03588	0.01256	0.03299	0.05041	0.34747	0.09328	0.01197	0.06517	0.05501	0.01570	0.00897	0.01148	0.00750	0.00557	0.00721	0.00157	0.19210	0.00413	0.00266	0.03836
2	0.01246	0.00891	0.00941	0.00812	0.01052	0.00983	0.00641	0.22131	0.27443	0.02217	0.04495	0.01703	0.01334	0.00616	0.00438	0.00140	0.00360	0.00495	0.31404	0.00656
3	0.01066	0.01015	0.01726	0.39962	0.44001	0.01116	0.01421	0.01370	0.01040	0.01421	0.00888	0.01243	0.00711	0.00457	0.00482	0.00152	0.00609	0.00431	0.00228	0.00660
4	0.00583	0.00485	0.00510	0.00526	0.00671	0.00412	0.00391	0.00706	0.01089	0.01316	0.05971	0.13751	0.67326	0.01260	0.00581	0.00169	0.00255	0.03138	0.00451	0.00409
5	0.00825	0.00528	0.00680	0.00623	0.00769	0.00478	0.00474	0.01038	0.01345	0.09833	0.63829	0.03531	0.12234	0.00976	0.00563	0.00153	0.00249	0.00852	0.00531	0.00489
6	0.00702	0.00480	0.00578	0.00578	0.00595	0.00497	0.00355	0.00737	0.00719	0.00976	0.01482	0.02920	0.01653	0.67249	0.18038	0.00531	0.00634	0.00668	0.00287	0.00321
7	0.00644	0.00490	0.00592	0.00574	0.00700	0.00438	0.00428	0.00831	0.01263	0.01702	0.51571	0.07729	0.29085	0.01093	0.00574	0.00158	0.00237	0.00948	0.00502	0.00438
8	0.00972	0.02507	0.80458	0.01381	0.02097	0.01125	0.01790	0.01535	0.01023	0.01535	0.00870	0.01023	0.00614	0.00460	0.00460	0.00153	0.00716	0.00358	0.00205	0.00716
9	0.01842	0.01357	0.01454	0.01115	0.01503	0.01503	0.00921	0.78330	0.02278	0.03054	0.01163	0.01163	0.00824	0.00582	0.00485	0.00145	0.00533	0.00436	0.00485	0.00824
10	0.00718	0.00471	0.00570	0.00570	0.00580	0.00481	0.00345	0.00716	0.00706	0.00952	0.01426	0.02837	0.01597	0.64738	0.11902	0.09592	0.00565	0.00652	0.00281	0.00302
11	0.00903	0.00452	0.00452	0.00452	0.00565	0.00452	0.00339	0.01129	0.01016	0.01807	0.01581	0.01807	0.01242	0.00565	0.00339	0.00113	0.00226	0.00452	0.85659	0.00452
12	0.00915	0.00861	0.01453	0.81804	0.03338	0.01077	0.01346	0.01238	0.00969	0.01238	0.00861	0.01292	0.00646	0.00484	0.00484	0.00161	0.00646	0.00431	0.00215	0.00538
13	0.00686	0.00495	0.00648	0.00610	0.00724	0.00457	0.00457	0.00914	0.01372	0.01943	0.79691	0.03620	0.04572	0.00991	0.00572	0.00152	0.00229	0.00876	0.00533	0.00457
14	0.01095	0.01537	0.23165	0.25291	0.18248	0.08888	0.01419	0.01428	0.01021	0.01375	0.00833	0.01129	0.00659	0.00516	0.00618	0.00159	0.11366	0.00399	0.00220	0.00635
15	0.01507	0.07449	0.04665	0.01056	0.01410	0.03739	0.00888	0.36486	0.33165	0.02377	0.01430	0.01381	0.01059	0.00592	0.00473	0.00150	0.00489	0.00461	0.00449	0.00774
16	0.00587	0.00435	0.00549	0.00641	0.00694	0.00396	0.00435	0.00679	0.00961	0.01250	0.03086	0.68199	0.17391	0.01464	0.00610	0.00191	0.00275	0.01312	0.00450	0.00396
17	0.01842	0.01357	0.01454	0.01115	0.01503	0.01503	0.00921	0.78330	0.02278	0.03054	0.01163	0.01163	0.00824	0.00582	0.00485	0.00145	0.00533	0.00436	0.00485	0.00824
18	0.00616	0.00440	0.00591	0.00704	0.00743	0.00415	0.00494	0.00718	0.00953	0.01265	0.02657	0.72443	0.03150	0.01494	0.00625	0.00200	0.00303	0.11339	0.00449	0.00401
19	0.01798	0.01336	0.01430	0.01106	0.01486	0.01482	0.00910	0.73115	0.07565	0.02983	0.01219	0.01208	0.00869	0.00587	0.00485	0.00147	0.00523	0.00444	0.00485	0.00820
20	0.83725	0.00934	0.00725	0.00644	0.00947	0.01075	0.00531	0.01454	0.00843	0.04648	0.00714	0.00815	0.00546	0.00455	0.00306	0.00150	0.00376	0.00270	0.00309	0.00534
21	0.01026	0.00966	0.01648	0.45146	0.30547	0.01088	0.04204	0.01320	0.01011	0.01374	0.00894	0.01270	0.00710	0.00502	0.00542	0.02267	0.02376	0.00436	0.02056	0.00615
22	0.00580	0.00464	0.00519	0.00563	0.00674	0.00403	0.00400	0.00687	0.01035	0.01281	0.04028	0.35365	0.49618	0.01342	0.00591	0.00177	0.00260	0.01162	0.00450	0.00403
23	0.00597	0.00427	0.00570	0.00683	0.00714	0.00400	0.00462	0.00687	0.00935	0.01245	0.02667	0.79788	0.03190	0.01512	0.00620	0.00198	0.00287	0.04173	0.00450	0.00396
24	0.00702	0.00575	0.00890	0.09442	0.01176	0.00575	0.07610	0.00892	0.03852	0.01300	0.02297	0.61978	0.02636	0.01272	0.00596	0.00189	0.00376	0.02787	0.00408	0.00448
25	0.00893	0.00736	0.00945	0.00780	0.01028	0.00693	0.00615	0.01058	0.00882	0.01342	0.00996	0.01369	0.00898	0.02971	0.27245	0.04830	0.08016	0.00390	0.00267	0.44044
26	0.00625	0.00471	0.00565	0.00604	0.00683	0.00444	0.00423	0.00722	0.00936	0.01201	0.03065	0.28423	0.29156	0.17017	0.10322	0.00306	0.00429	0.03823	0.00398	0.00387
27	0.01145	0.00673	0.00840	0.00764	0.00958	0.00659	0.00583	0.01563	0.17081	0.21530	0.27135	0.20366	0.02789	0.00942	0.00545	0.00164	0.00318	0.00823	0.00523	0.00599
28	0.01296	0.83261	0.02539	0.00829	0.01244	0.01917	0.00829	0.01451	0.00985	0.01140	0.00674	0.00777	0.00622	0.00415	0.00311	0.00104	0.00518	0.00259	0.00207	0.00622
29	0.00654	0.00478	0.00626	0.00707	0.00786	0.00450	0.00536	0.00800	0.01055	0.01390	0.11890	0.41605	0.12725	0.01369	0.00622	0.00195	0.00318	0.22918	0.00459	0.00418
30	0.00701	0.00475	0.00562	0.00586	0.00602	0.00472	0.00367	0.00736	0.00776	0.01031	0.01770	0.11891	0.02035	0.64799	0.02061	0.00412	0.00447	0.09627	0.00328	0.00322
31	0.00670	0.00495	0.00626	0.00593	0.00714	0.00451	0.00445	0.00884	0.01335	0.01855	0.69313	0.03765	0.15005	0.01024	0.00572	0.00154	0.00231	0.00897	0.00522	0.00451
32	0.00686	0.00495	0.00648	0.00610	0.00724	0.00457	0.00457	0.00914	0.01372	0.01943	0.79691	0.03620	0.04572	0.00991	0.00572	0.00152	0.00229	0.00876	0.00533	0.00457
33	0.01120	0.01236	0.02464	0.01821	0.02171	0.01300	0.56027	0.01441	0.01028	0.01441	0.00881	0.01236	0.00707	0.00535	0.00865	0.00177	0.24166	0.00529	0.00236	0.00618
34	0.00842	0.00421	0.00631	0.00631	0.00631	0.00421	0.00421	0.00631	0.00631	0.00842	0.00842	0.01473	0.00842	0.01684	0.01894	0.85901	0.00421	0.00421	0.00210	0.00210
35	0.01014	0.01093	0.10427	0.00914	0.01383	0.00754	0.07688	0.01287	0.01019	0.01572	0.00873	0.01034	0.00707	0.00375	0.00390	0.00090	0.00442	0.00321	0.00274	0.68344
36	0.08754	0.07566	0.17799	0.00964	0.01415	0.00957	0.03182	0.03783	0.03261	0.27015	0.01241	0.01289	0.00886	0.00502	0.00431	0.00133	0.00485	0.01652	0.00378	0.18307
37	0.00592	0.00427	0.00561	0.00664	0.00701	0.00396	0.00446	0.00682	0.00949	0.01260	0.04859	0.76624	0.07068	0.01489	0.00615	0.00194	0.00278	0.01346	0.00452	0.00396
38	0.01718	0.00876	0.03565	0.00870	0.01190	0.00791	0.00721	0.07917	0.10429	0.48167	0.04014	0.09659	0.03194	0.00724	0.00503	0.00156	0.00403	0.01725	0.02639	0.00739
39	0.03920	0.08857	0.21023	0.04966	0.19695	0.02632	0.07988	0.06006	0.14575	0.04039	0.01100	0.01229	0.00838	0.00491	0.00464	0.00149	0.00587	0.00425	0.00298	0.00716

[dist]
# distance from previous block
# <min> <max>
0	9

[block]
# block no. 4 follows, 52 sequences, length 9
# corresponding to MSA columns:
# 254-262
name=unknown_E
#
# <colnr> <probs for GDERKNQSTAVLIFYWHMCP>
#	G	D	E	R	K	N	Q	S	T	A	V	L	I	F	Y	W	H	M	C	P
0	0.01156	0.03108	0.06644	0.15848	0.23290	0.03041	0.10047	0.06629	0.02990	0.03527	0.00978	0.01230	0.00773	0.00622	0.04804	0.00172	0.00625	0.00423	0.00273	0.13819
1	0.01487	0.22546	0.01791	0.08174	0.16721	0.38855	0.01049	0.01668	0.01189	0.01255	0.00771	0.00947	0.00653	0.00464	0.00417	0.00126	0.00707	0.00332	0.00234	0.00615
2	0.00816	0.00566	0.00761	0.00840	0.07753	0.00520	0.00561	0.00996	0.01197	0.08144	0.33895	0.20668	0.17184	0.01076	0.00570	0.00165	0.00295	0.03024	0.00477	0.00492
3	0.01050	0.01075	0.06596	0.36734	0.29265	0.01096	0.03573	0.04308	0.01067	0.01466	0.00977	0.04472	0.00811	0.00520	0.00517	0.00156	0.02924	0.00469	0.02289	0.00635
4	0.00747	0.00502	0.00694	0.00694	0.00788	0.00566	0.00537	0.00933	0.00840	0.01301	0.01371	0.01879	0.01219	0.02842	0.60219	0.00607	0.01021	0.00502	0.22300	0.00438
5	0.00694	0.00469	0.00546	0.00554	0.00564	0.00468	0.00326	0.00718	0.00756	0.01016	0.05102	0.09753	0.01987	0.69576	0.05162	0.00444	0.00474	0.00761	0.00316	0.00314
6	0.86392	0.00937	0.00712	0.00637	0.00937	0.01087	0.00525	0.01425	0.00825	0.02174	0.00675	0.00787	0.00525	0.00450	0.00300	0.00150	0.00375	0.00262	0.00300	0.00525
7	0.01066	0.01052	0.01494	0.63304	0.10302	0.09086	0.01302	0.04224	0.01071	0.01334	0.00866	0.01237	0.00662	0.00485	0.00479	0.00156	0.00658	0.00419	0.00231	0.00573
8	0.00582	0.00453	0.00530	0.00590	0.00681	0.00401	0.00412	0.00684	0.01009	0.01270	0.03697	0.46890	0.38306	0.01385	0.00598	0.00182	0.00265	0.01215	0.00450	0.00401

[dist]
# distance from previous block
# <min> <max>
0	2

# created by:
# /st0/software/busco_prod/Augustus/scripts/msa2prfl.pl ./align_prep/56866.fa
