[name]
unknown

[dist]
# distance from previous block
# <min> <max>
13	58

[block]
# block no. 0 follows, 46 sequences, length 22
# corresponding to MSA columns:
# 75-96
name=unknown_A
#
# <colnr> <probs for GDERKNQSTAVLIFYWHMCP>
#	G	D	E	R	K	N	Q	S	T	A	V	L	I	F	Y	W	H	M	C	P
0	0.01509	0.17190	0.02204	0.02041	0.30289	0.04630	0.10662	0.18856	0.04121	0.01996	0.01049	0.01233	0.00837	0.00513	0.00500	0.00151	0.00644	0.00454	0.00327	0.00796
1	0.01054	0.01010	0.01619	0.06043	0.01698	0.02469	0.18260	0.01304	0.01092	0.01510	0.01591	0.08256	0.03228	0.00910	0.00885	0.00196	0.19871	0.18104	0.00335	0.10564
2	0.01032	0.00996	0.01011	0.00964	0.01073	0.16180	0.00733	0.01181	0.00963	0.01219	0.01265	0.01948	0.01215	0.12756	0.47269	0.00612	0.08273	0.00538	0.00281	0.00490
3	0.01873	0.01413	0.01510	0.01189	0.01587	0.01576	0.00972	0.61907	0.17161	0.03112	0.01443	0.01407	0.01039	0.00651	0.00531	0.00163	0.00550	0.00500	0.00531	0.00887
4	0.01047	0.01035	0.01887	0.64838	0.03469	0.01206	0.16154	0.01418	0.01095	0.01418	0.00965	0.01413	0.00724	0.00512	0.00547	0.00177	0.00741	0.00500	0.00241	0.00612
5	0.01000	0.00933	0.15857	0.00692	0.00944	0.00637	0.00681	0.01319	0.01110	0.01913	0.01572	0.01803	0.01220	0.00594	0.00396	0.00132	0.00351	0.00473	0.67824	0.00549
6	0.02010	0.01481	0.01587	0.01216	0.01639	0.01639	0.01005	0.76360	0.02486	0.03332	0.01269	0.01269	0.00899	0.00635	0.00529	0.00159	0.00582	0.00476	0.00529	0.00899
7	0.01811	0.01374	0.01586	0.16727	0.02033	0.01548	0.01096	0.61621	0.02205	0.02942	0.01204	0.01297	0.00861	0.00614	0.00529	0.00162	0.00606	0.00475	0.00471	0.00838
8	0.01996	0.16827	0.01525	0.00958	0.01355	0.01131	0.00813	0.02423	0.14878	0.49748	0.01832	0.01643	0.01239	0.00626	0.00495	0.00156	0.00467	0.00494	0.00549	0.00845
9	0.58246	0.17072	0.01259	0.00820	0.01165	0.11181	0.00694	0.01630	0.01009	0.02015	0.00746	0.00869	0.00607	0.00490	0.00348	0.00150	0.00508	0.00292	0.00300	0.00598
10	0.02010	0.01481	0.01587	0.01216	0.01639	0.01639	0.01005	0.76360	0.02486	0.03332	0.01269	0.01269	0.00899	0.00635	0.00529	0.00159	0.00582	0.00476	0.00529	0.00899
11	0.01086	0.00839	0.00914	0.00832	0.01075	0.00878	0.00643	0.01868	0.36294	0.07388	0.14149	0.03252	0.26699	0.00966	0.00578	0.00176	0.00348	0.00812	0.00537	0.00666
12	0.01090	0.01079	0.01483	0.01281	0.01303	0.01472	0.01062	0.01208	0.00859	0.01292	0.01280	0.01651	0.10398	0.00977	0.01595	0.00225	0.70376	0.00545	0.00264	0.00562
13	0.01351	0.01154	0.01216	0.01083	0.01388	0.01332	0.00846	0.06643	0.73276	0.02270	0.02106	0.01936	0.01577	0.00713	0.00537	0.00178	0.00427	0.00591	0.00537	0.00840
14	0.01211	0.01008	0.01158	0.00837	0.01301	0.00822	0.00674	0.10761	0.01271	0.01925	0.00981	0.01118	0.00798	0.00422	0.00409	0.00088	0.00415	0.00334	0.00340	0.74127
15	0.01774	0.02099	0.01406	0.01275	0.01555	0.55574	0.00965	0.02323	0.24519	0.01573	0.01223	0.01263	0.00965	0.00597	0.00495	0.00149	0.00791	0.00419	0.00353	0.00681
16	0.02010	0.01481	0.01587	0.01216	0.01639	0.01639	0.01005	0.76360	0.02486	0.03332	0.01269	0.01269	0.00899	0.00635	0.00529	0.00159	0.00582	0.00476	0.00529	0.00899
17	0.02010	0.01481	0.01587	0.01216	0.01639	0.01639	0.01005	0.76360	0.02486	0.03332	0.01269	0.01269	0.00899	0.00635	0.00529	0.00159	0.00582	0.00476	0.00529	0.00899
18	0.02221	0.00953	0.01221	0.00936	0.01348	0.03120	0.00768	0.02427	0.01467	0.67809	0.01923	0.01697	0.01233	0.00622	0.00515	0.00153	0.00459	0.00502	0.00606	0.10022
19	0.01168	0.01190	0.01808	0.01494	0.01561	0.01584	0.10588	0.01325	0.00865	0.01325	0.00741	0.01190	0.00708	0.00865	0.01595	0.00225	0.70454	0.00483	0.00236	0.00595
20	0.01926	0.02438	0.01505	0.01363	0.01620	0.74665	0.01030	0.02061	0.01457	0.01293	0.00810	0.00965	0.00682	0.00567	0.00552	0.00142	0.05696	0.00348	0.00270	0.00611
21	0.01753	0.01353	0.01442	0.01164	0.01541	0.01519	0.00943	0.49152	0.30112	0.02917	0.01596	0.01529	0.01163	0.00665	0.00532	0.00166	0.00521	0.00521	0.00532	0.00876

[dist]
# distance from previous block
# <min> <max>
0	19

[block]
# block no. 1 follows, 46 sequences, length 9
# corresponding to MSA columns:
# 116-124
name=unknown_B
#
# <colnr> <probs for GDERKNQSTAVLIFYWHMCP>
#	G	D	E	R	K	N	Q	S	T	A	V	L	I	F	Y	W	H	M	C	P
0	0.01392	0.53308	0.19248	0.01186	0.06024	0.01783	0.01175	0.04644	0.01165	0.04548	0.00872	0.00988	0.00720	0.00480	0.00401	0.00131	0.00612	0.00335	0.00257	0.00728
1	0.01364	0.70728	0.13350	0.00989	0.01487	0.01971	0.01051	0.01596	0.01080	0.01304	0.00765	0.00885	0.00677	0.00459	0.00362	0.00121	0.00595	0.00298	0.00226	0.00693
2	0.01287	0.53518	0.29886	0.01120	0.01689	0.01783	0.01279	0.01616	0.01089	0.01398	0.00811	0.00944	0.00675	0.00470	0.00397	0.00132	0.00642	0.00321	0.00225	0.00715
3	0.01275	0.50849	0.32451	0.01140	0.01721	0.01754	0.01315	0.01619	0.01091	0.01412	0.00819	0.00953	0.00675	0.00472	0.00403	0.00134	0.00650	0.00325	0.00225	0.00719
4	0.01413	0.81739	0.02770	0.00905	0.01357	0.02092	0.00905	0.01583	0.01074	0.01244	0.00735	0.00848	0.00678	0.00452	0.00339	0.00113	0.00565	0.00283	0.00226	0.00678
5	0.02010	0.01481	0.01587	0.01216	0.01639	0.01639	0.01005	0.76360	0.02486	0.03332	0.01269	0.01269	0.00899	0.00635	0.00529	0.00159	0.00582	0.00476	0.00529	0.00899
6	0.85155	0.01022	0.00777	0.00695	0.01022	0.01186	0.00573	0.01554	0.00900	0.02372	0.00736	0.00859	0.00573	0.00491	0.00327	0.00164	0.00409	0.00286	0.00327	0.00573
7	0.15712	0.67957	0.02430	0.00869	0.01300	0.01937	0.00848	0.01578	0.01044	0.01436	0.00735	0.00850	0.00660	0.00459	0.00337	0.00122	0.00539	0.00283	0.00243	0.00660
8	0.13514	0.12203	0.04655	0.03717	0.01543	0.35214	0.00942	0.02025	0.01333	0.18568	0.01086	0.01136	0.00805	0.00547	0.00453	0.00146	0.00700	0.00374	0.00355	0.00685

[dist]
# distance from previous block
# <min> <max>
2	11

[block]
# block no. 2 follows, 46 sequences, length 40
# corresponding to MSA columns:
# 136-175
name=unknown_C
#
# <colnr> <probs for GDERKNQSTAVLIFYWHMCP>
#	G	D	E	R	K	N	Q	S	T	A	V	L	I	F	Y	W	H	M	C	P
0	0.01918	0.01423	0.01528	0.01191	0.01592	0.01577	0.00976	0.69117	0.07075	0.03192	0.01382	0.04133	0.01035	0.00676	0.00535	0.00162	0.00562	0.00520	0.00528	0.00879
1	0.01494	0.01221	0.01263	0.01098	0.01420	0.04088	0.00864	0.13178	0.59818	0.06481	0.01976	0.01827	0.01463	0.00696	0.00534	0.00174	0.00462	0.00568	0.00534	0.00841
2	0.00708	0.00522	0.00731	0.00824	0.00894	0.00495	0.02458	0.00847	0.01073	0.01416	0.02911	0.58863	0.05463	0.01570	0.00685	0.00220	0.00363	0.19021	0.00484	0.00451
3	0.02010	0.01481	0.01587	0.01216	0.01639	0.01639	0.01005	0.76360	0.02486	0.03332	0.01269	0.01269	0.00899	0.00635	0.00529	0.00159	0.00582	0.00476	0.00529	0.00899
4	0.00755	0.00566	0.00850	0.00850	0.00944	0.00661	0.00661	0.00944	0.00850	0.01227	0.01416	0.02077	0.01322	0.03965	0.79326	0.00850	0.01416	0.00566	0.00283	0.00472
5	0.01308	0.01256	0.02146	0.03245	0.78123	0.01256	0.01622	0.01622	0.01204	0.01727	0.00994	0.01308	0.00837	0.00471	0.00523	0.00157	0.00628	0.00471	0.00262	0.00837
6	0.01060	0.02735	0.78682	0.01507	0.02288	0.01228	0.01953	0.01674	0.01116	0.01674	0.00949	0.01116	0.00670	0.00502	0.00502	0.00167	0.00781	0.00391	0.00223	0.00781
7	0.00998	0.00940	0.01586	0.80150	0.03641	0.01175	0.01468	0.01351	0.01057	0.01351	0.00940	0.01409	0.00705	0.00529	0.00529	0.00176	0.00705	0.00470	0.00235	0.00587
8	0.00998	0.00940	0.01586	0.80150	0.03641	0.01175	0.01468	0.01351	0.01057	0.01351	0.00940	0.01409	0.00705	0.00529	0.00529	0.00176	0.00705	0.00470	0.00235	0.00587
9	0.00998	0.00940	0.01586	0.80150	0.03641	0.01175	0.01468	0.01351	0.01057	0.01351	0.00940	0.01409	0.00705	0.00529	0.00529	0.00176	0.00705	0.00470	0.00235	0.00587
10	0.01177	0.02580	0.69195	0.01471	0.02208	0.01278	0.01837	0.10865	0.01285	0.01878	0.00988	0.01135	0.00698	0.00519	0.00506	0.00166	0.00757	0.00401	0.00261	0.00796
11	0.02372	0.00900	0.01227	0.00941	0.01350	0.00777	0.00777	0.02576	0.01513	0.78489	0.02086	0.01799	0.01309	0.00654	0.00532	0.00164	0.00450	0.00532	0.00654	0.00900
12	0.01157	0.01157	0.01619	0.01388	0.01388	0.01619	0.01157	0.01272	0.00810	0.01272	0.00694	0.01157	0.00694	0.00925	0.01735	0.00231	0.80453	0.00463	0.00231	0.00578
13	0.01315	0.01136	0.01195	0.01076	0.01375	0.01315	0.00837	0.02809	0.77168	0.02211	0.02152	0.01972	0.01614	0.00717	0.00538	0.00179	0.00418	0.00598	0.00538	0.00837
14	0.01248	0.01426	0.03119	0.02228	0.02763	0.01337	0.76203	0.01693	0.01248	0.01693	0.01070	0.01426	0.00802	0.00446	0.00624	0.00178	0.00891	0.00624	0.00267	0.00713
15	0.02372	0.00900	0.01227	0.00941	0.01350	0.00777	0.00777	0.02576	0.01513	0.78489	0.02086	0.01799	0.01309	0.00654	0.00532	0.00164	0.00450	0.00532	0.00654	0.00900
16	0.01060	0.02735	0.78682	0.01507	0.02288	0.01228	0.01953	0.01674	0.01116	0.01674	0.00949	0.01116	0.00670	0.00502	0.00502	0.00167	0.00781	0.00391	0.00223	0.00781
17	0.01248	0.01426	0.03119	0.02228	0.02763	0.01337	0.76203	0.01693	0.01248	0.01693	0.01070	0.01426	0.00802	0.00446	0.00624	0.00178	0.00891	0.00624	0.00267	0.00713
18	0.01308	0.01256	0.02146	0.03245	0.78123	0.01256	0.01622	0.01622	0.01204	0.01727	0.00994	0.01308	0.00837	0.00471	0.00523	0.00157	0.00628	0.00471	0.00262	0.00837
19	0.00998	0.00940	0.01586	0.80150	0.03641	0.01175	0.01468	0.01351	0.01057	0.01351	0.00940	0.01409	0.00705	0.00529	0.00529	0.00176	0.00705	0.00470	0.00235	0.00587
20	0.00998	0.00940	0.01586	0.80150	0.03641	0.01175	0.01468	0.01351	0.01057	0.01351	0.00940	0.01409	0.00705	0.00529	0.00529	0.00176	0.00705	0.00470	0.00235	0.00587
21	0.01413	0.81739	0.02770	0.00905	0.01357	0.02092	0.00905	0.01583	0.01074	0.01244	0.00735	0.00848	0.00678	0.00452	0.00339	0.00113	0.00565	0.00283	0.00226	0.00678
22	0.02372	0.00900	0.01227	0.00941	0.01350	0.00777	0.00777	0.02576	0.01513	0.78489	0.02086	0.01799	0.01309	0.00654	0.00532	0.00164	0.00450	0.00532	0.00654	0.00900
23	0.00625	0.00536	0.00536	0.00536	0.00714	0.00446	0.00402	0.00759	0.01205	0.01428	0.05355	0.05088	0.77909	0.01339	0.00625	0.00179	0.00268	0.01116	0.00491	0.00446
24	0.01308	0.01256	0.02146	0.03245	0.78123	0.01256	0.01622	0.01622	0.01204	0.01727	0.00994	0.01308	0.00837	0.00471	0.00523	0.00157	0.00628	0.00471	0.00262	0.00837
25	0.01279	0.01226	0.02093	0.10508	0.71089	0.01248	0.01608	0.01597	0.01190	0.01692	0.00989	0.01318	0.00825	0.00476	0.00524	0.00159	0.00635	0.00471	0.00259	0.00814
26	0.85155	0.01022	0.00777	0.00695	0.01022	0.01186	0.00573	0.01554	0.00900	0.02372	0.00736	0.00859	0.00573	0.00491	0.00327	0.00164	0.00409	0.00286	0.00327	0.00573
27	0.00755	0.00566	0.00850	0.00850	0.00944	0.00661	0.00661	0.00944	0.00850	0.01227	0.01416	0.02077	0.01322	0.03965	0.79326	0.00850	0.01416	0.00566	0.00283	0.00472
28	0.01396	0.77919	0.06441	0.00934	0.01402	0.02050	0.00955	0.01587	0.01076	0.01265	0.00745	0.00861	0.00678	0.00455	0.00347	0.00116	0.00576	0.00288	0.00226	0.00683
29	0.02025	0.01517	0.01564	0.01212	0.01625	0.06424	0.00995	0.68178	0.02377	0.06839	0.01281	0.01275	0.00905	0.00630	0.00526	0.00157	0.00598	0.00470	0.00519	0.00881
30	0.00644	0.00460	0.00613	0.00736	0.00767	0.00429	0.00491	0.00736	0.01012	0.01350	0.02914	0.81076	0.03497	0.01656	0.00675	0.00215	0.00307	0.01503	0.00491	0.00429
31	0.01248	0.01426	0.03119	0.02228	0.02763	0.01337	0.76203	0.01693	0.01248	0.01693	0.01070	0.01426	0.00802	0.00446	0.00624	0.00178	0.00891	0.00624	0.00267	0.00713
32	0.01077	0.06375	0.75184	0.01479	0.02245	0.01268	0.01905	0.01670	0.01114	0.01654	0.00939	0.01104	0.00670	0.00500	0.00495	0.00165	0.00771	0.00386	0.00223	0.00777
33	0.00644	0.00460	0.00613	0.00736	0.00767	0.00429	0.00491	0.00736	0.01012	0.01350	0.02914	0.81076	0.03497	0.01656	0.00675	0.00215	0.00307	0.01503	0.00491	0.00429
34	0.00748	0.00540	0.00707	0.00665	0.00790	0.00499	0.00499	0.00998	0.01496	0.02120	0.77844	0.03949	0.04988	0.01081	0.00624	0.00166	0.00249	0.00956	0.00582	0.00499
35	0.01096	0.00940	0.01096	0.00783	0.01253	0.00705	0.00626	0.01331	0.01096	0.01723	0.00940	0.01096	0.00783	0.00392	0.00392	0.00078	0.00392	0.00313	0.00313	0.84653
36	0.01281	0.01169	0.01403	0.33276	0.02333	0.06129	0.01118	0.07847	0.35738	0.01891	0.01508	0.01626	0.01131	0.00623	0.00530	0.00174	0.00581	0.00520	0.00397	0.00726
37	0.00985	0.00493	0.00493	0.00493	0.00616	0.00493	0.00370	0.01232	0.01109	0.01971	0.01725	0.01971	0.01355	0.00616	0.00370	0.00123	0.00246	0.00493	0.84356	0.00493
38	0.01248	0.01426	0.03119	0.02228	0.02763	0.01337	0.76203	0.01693	0.01248	0.01693	0.01070	0.01426	0.00802	0.00446	0.00624	0.00178	0.00891	0.00624	0.00267	0.00713
39	0.01182	0.01216	0.02227	0.01601	0.02085	0.01093	0.41997	0.01527	0.01166	0.01686	0.00999	0.01279	0.00789	0.00446	0.00581	0.00140	0.04354	0.00490	0.00284	0.34857

[dist]
# distance from previous block
# <min> <max>
3	4

[block]
# block no. 3 follows, 46 sequences, length 131
# corresponding to MSA columns:
# 180-310
name=unknown_D
#
# <colnr> <probs for GDERKNQSTAVLIFYWHMCP>
#	G	D	E	R	K	N	Q	S	T	A	V	L	I	F	Y	W	H	M	C	P
0	0.02010	0.01481	0.01587	0.01216	0.01639	0.01639	0.01005	0.76360	0.02486	0.03332	0.01269	0.01269	0.00899	0.00635	0.00529	0.00159	0.00582	0.00476	0.00529	0.00899
1	0.85155	0.01022	0.00777	0.00695	0.01022	0.01186	0.00573	0.01554	0.00900	0.02372	0.00736	0.00859	0.00573	0.00491	0.00327	0.00164	0.00409	0.00286	0.00327	0.00573
2	0.00755	0.00566	0.00850	0.00850	0.00944	0.00661	0.00661	0.00944	0.00850	0.01227	0.01416	0.02077	0.01322	0.03965	0.79326	0.00850	0.01416	0.00566	0.00283	0.00472
3	0.01308	0.01256	0.02146	0.03245	0.78123	0.01256	0.01622	0.01622	0.01204	0.01727	0.00994	0.01308	0.00837	0.00471	0.00523	0.00157	0.00628	0.00471	0.00262	0.00837
4	0.00644	0.00460	0.00613	0.00736	0.00767	0.00429	0.00491	0.00736	0.01012	0.01350	0.02914	0.81076	0.03497	0.01656	0.00675	0.00215	0.00307	0.01503	0.00491	0.00429
5	0.02010	0.01481	0.01587	0.01216	0.01639	0.01639	0.01005	0.76360	0.02486	0.03332	0.01269	0.01269	0.00899	0.00635	0.00529	0.00159	0.00582	0.00476	0.00529	0.00899
6	0.01308	0.01256	0.02146	0.03245	0.78123	0.01256	0.01622	0.01622	0.01204	0.01727	0.00994	0.01308	0.00837	0.00471	0.00523	0.00157	0.00628	0.00471	0.00262	0.00837
7	0.02314	0.00927	0.01324	0.01007	0.01422	0.00806	0.04643	0.02531	0.01500	0.74554	0.02034	0.01780	0.01283	0.00644	0.00536	0.00164	0.00472	0.00536	0.00634	0.00890
8	0.01189	0.00877	0.01008	0.00934	0.01125	0.00929	0.00701	0.28883	0.05965	0.02134	0.02260	0.46921	0.02425	0.01223	0.00613	0.00192	0.00415	0.01070	0.00508	0.00627
9	0.00678	0.00538	0.00609	0.00591	0.00747	0.00469	0.00443	0.00861	0.01330	0.01725	0.36415	0.04600	0.46664	0.01228	0.00624	0.00173	0.00260	0.01047	0.00530	0.00469
10	0.00644	0.00460	0.00613	0.00736	0.00767	0.00429	0.00491	0.00736	0.01012	0.01350	0.02914	0.81076	0.03497	0.01656	0.00675	0.00215	0.00307	0.01503	0.00491	0.00429
11	0.01248	0.01426	0.03119	0.02228	0.02763	0.01337	0.76203	0.01693	0.01248	0.01693	0.01070	0.01426	0.00802	0.00446	0.00624	0.00178	0.00891	0.00624	0.00267	0.00713
12	0.01290	0.01238	0.02113	0.07696	0.73813	0.01251	0.01614	0.01607	0.01195	0.01705	0.00991	0.01314	0.00830	0.00474	0.00524	0.00158	0.00632	0.00471	0.00260	0.00823
13	0.02010	0.01481	0.01587	0.01216	0.01639	0.01639	0.01005	0.76360	0.02486	0.03332	0.01269	0.01269	0.00899	0.00635	0.00529	0.00159	0.00582	0.00476	0.00529	0.00899
14	0.00625	0.00536	0.00536	0.00536	0.00714	0.00446	0.00402	0.00759	0.01205	0.01428	0.05355	0.05088	0.77909	0.01339	0.00625	0.00179	0.00268	0.01116	0.00491	0.00446
15	0.01285	0.53075	0.30312	0.01123	0.01695	0.01778	0.01285	0.01616	0.01089	0.01400	0.00813	0.00945	0.00675	0.00470	0.00398	0.00133	0.00644	0.00322	0.00225	0.00716
16	0.00755	0.00566	0.00850	0.00850	0.00944	0.00661	0.00661	0.00944	0.00850	0.01227	0.01416	0.02077	0.01322	0.03965	0.79326	0.00850	0.01416	0.00566	0.00283	0.00472
17	0.00625	0.00536	0.00536	0.00536	0.00714	0.00446	0.00402	0.00759	0.01205	0.01428	0.05355	0.05088	0.77909	0.01339	0.00625	0.00179	0.00268	0.01116	0.00491	0.00446
18	0.85155	0.01022	0.00777	0.00695	0.01022	0.01186	0.00573	0.01554	0.00900	0.02372	0.00736	0.00859	0.00573	0.00491	0.00327	0.00164	0.00409	0.00286	0.00327	0.00573
19	0.00758	0.00556	0.00799	0.00799	0.00876	0.00633	0.00598	0.00911	0.00835	0.01190	0.01462	0.02334	0.01433	0.18357	0.65086	0.00787	0.01248	0.00604	0.00290	0.00444
20	0.00644	0.00460	0.00613	0.00736	0.00767	0.00429	0.00491	0.00736	0.01012	0.01350	0.02914	0.81076	0.03497	0.01656	0.00675	0.00215	0.00307	0.01503	0.00491	0.00429
21	0.01525	0.01807	0.01411	0.01277	0.01461	0.45764	0.04078	0.01661	0.01262	0.01318	0.01226	0.17109	0.01254	0.00835	0.00756	0.00171	0.15593	0.00609	0.00308	0.00574
22	0.01191	0.01335	0.02882	0.02087	0.02574	0.01251	0.69037	0.01603	0.01225	0.01661	0.01244	0.08965	0.01057	0.00560	0.00629	0.00182	0.00836	0.00707	0.00289	0.00686
23	0.01414	0.01615	0.02538	0.01905	0.02313	0.17194	0.48357	0.04703	0.01292	0.01624	0.00978	0.01289	0.00768	0.00535	0.00732	0.00176	0.11071	0.00540	0.00274	0.00683
24	0.01308	0.01256	0.02146	0.03245	0.78123	0.01256	0.01622	0.01622	0.01204	0.01727	0.00994	0.01308	0.00837	0.00471	0.00523	0.00157	0.00628	0.00471	0.00262	0.00837
25	0.01070	0.00974	0.01589	0.02321	0.50055	0.00960	0.01207	0.01312	0.01163	0.01622	0.04519	0.23180	0.06067	0.00862	0.00574	0.00174	0.00507	0.00804	0.00348	0.00693
26	0.01291	0.01238	0.02114	0.07597	0.73908	0.01251	0.01614	0.01607	0.01195	0.01706	0.00991	0.01314	0.00830	0.00474	0.00524	0.00158	0.00632	0.00471	0.00260	0.00823
27	0.01101	0.01192	0.02511	0.01866	0.02279	0.01117	0.57830	0.01461	0.01191	0.01610	0.01517	0.20755	0.01456	0.00739	0.00636	0.00187	0.00749	0.00837	0.00322	0.00644
28	0.01070	0.04905	0.76596	0.01490	0.02262	0.01251	0.01924	0.01672	0.01115	0.01662	0.00943	0.01109	0.00670	0.00501	0.00498	0.00166	0.00775	0.00388	0.00223	0.00778
29	0.01265	0.27929	0.48939	0.01274	0.01924	0.01473	0.01535	0.01708	0.01130	0.06903	0.00960	0.01078	0.00717	0.00497	0.00452	0.00150	0.00689	0.00366	0.00254	0.00757
30	0.01118	0.15629	0.66292	0.01408	0.02136	0.01369	0.01782	0.01659	0.01109	0.01604	0.00914	0.01072	0.00671	0.00494	0.00476	0.00159	0.00746	0.00373	0.00224	0.00765
31	0.22031	0.01072	0.01325	0.32747	0.04313	0.01246	0.01051	0.20150	0.01366	0.02107	0.01029	0.01354	0.00802	0.04692	0.00586	0.00184	0.00578	0.00442	0.02273	0.00653
32	0.02181	0.01104	0.01341	0.01039	0.01445	0.01094	0.00855	0.26462	0.07114	0.48846	0.01826	0.01640	0.01197	0.00652	0.00531	0.00163	0.00490	0.00518	0.00606	0.00895
33	0.02133	0.01059	0.01302	0.01016	0.01404	0.01034	0.00831	0.26554	0.01796	0.48545	0.01877	0.07165	0.01328	0.00718	0.00541	0.00166	0.00483	0.00581	0.00602	0.00867
34	0.00644	0.00460	0.00613	0.00736	0.00767	0.00429	0.00491	0.00736	0.01012	0.01350	0.02914	0.81076	0.03497	0.01656	0.00675	0.00215	0.00307	0.01503	0.00491	0.00429
35	0.01239	0.01404	0.02908	0.07613	0.02746	0.03691	0.67023	0.01661	0.01237	0.01650	0.01093	0.03155	0.00851	0.00481	0.00614	0.00178	0.00867	0.00624	0.00270	0.00695
36	0.01308	0.01256	0.02146	0.03245	0.78123	0.01256	0.01622	0.01622	0.01204	0.01727	0.00994	0.01308	0.00837	0.00471	0.00523	0.00157	0.00628	0.00471	0.00262	0.00837
37	0.01060	0.02735	0.78682	0.01507	0.02288	0.01228	0.01953	0.01674	0.01116	0.01674	0.00949	0.01116	0.00670	0.00502	0.00502	0.00167	0.00781	0.00391	0.00223	0.00781
38	0.00862	0.00565	0.00743	0.00684	0.00829	0.00518	0.00518	0.01108	0.01498	0.07456	0.72551	0.03799	0.04731	0.01051	0.00617	0.00166	0.00263	0.00926	0.00587	0.00527
39	0.01157	0.00848	0.00982	0.00944	0.01172	0.00902	0.00756	0.01922	0.34647	0.09103	0.02775	0.08951	0.11665	0.01056	0.00610	0.00198	0.00413	0.20701	0.00526	0.00671
40	0.02372	0.00900	0.01227	0.00941	0.01350	0.00777	0.00777	0.02576	0.01513	0.78489	0.02086	0.01799	0.01309	0.00654	0.00532	0.00164	0.00450	0.00532	0.00654	0.00900
41	0.00644	0.00460	0.00613	0.00736	0.00767	0.00429	0.00491	0.00736	0.01012	0.01350	0.02914	0.81076	0.03497	0.01656	0.00675	0.00215	0.00307	0.01503	0.00491	0.00429
42	0.01016	0.00974	0.01693	0.74706	0.03580	0.01186	0.06690	0.01375	0.01070	0.01375	0.00949	0.01411	0.00712	0.00523	0.00535	0.00176	0.00718	0.00481	0.00237	0.00596
43	0.00625	0.00536	0.00536	0.00536	0.00714	0.00446	0.00402	0.00759	0.01205	0.01428	0.05355	0.05088	0.77909	0.01339	0.00625	0.00179	0.00268	0.01116	0.00491	0.00446
44	0.00625	0.00536	0.00536	0.00536	0.00714	0.00446	0.00402	0.00759	0.01205	0.01428	0.05355	0.05088	0.77909	0.01339	0.00625	0.00179	0.00268	0.01116	0.00491	0.00446
45	0.01267	0.01371	0.02806	0.02556	0.27047	0.01311	0.52170	0.01671	0.01234	0.01704	0.01045	0.01388	0.00813	0.00454	0.00591	0.00171	0.00806	0.00575	0.00266	0.00753
46	0.01677	0.01833	0.01748	0.02041	0.29957	0.36810	0.01248	0.07561	0.01413	0.03300	0.00936	0.01143	0.00770	0.00556	0.00595	0.00153	0.06831	0.00413	0.00293	0.00722
47	0.32163	0.01699	0.01260	0.01081	0.01414	0.30256	0.00854	0.21702	0.01544	0.02228	0.00908	0.01003	0.00700	0.00549	0.00436	0.00152	0.00657	0.00357	0.00361	0.00675
48	0.00755	0.00566	0.00850	0.00850	0.00944	0.00661	0.00661	0.00944	0.00850	0.01227	0.01416	0.02077	0.01322	0.03965	0.79326	0.00850	0.01416	0.00566	0.00283	0.00472
49	0.01060	0.02735	0.78682	0.01507	0.02288	0.01228	0.01953	0.01674	0.01116	0.01674	0.00949	0.01116	0.00670	0.00502	0.00502	0.00167	0.00781	0.00391	0.00223	0.00781
50	0.01543	0.01785	0.01675	0.01431	0.01634	0.35952	0.08605	0.01835	0.08580	0.01415	0.00928	0.01173	0.00788	0.00688	0.00950	0.00179	0.29485	0.00438	0.00283	0.00632
51	0.00852	0.00608	0.00852	0.00974	0.01095	0.00608	0.00852	0.01095	0.01217	0.01582	0.02799	0.05963	0.03042	0.01460	0.00730	0.00243	0.00487	0.74565	0.00487	0.00487
52	0.00644	0.00460	0.00613	0.00736	0.00767	0.00429	0.00491	0.00736	0.01012	0.01350	0.02914	0.81076	0.03497	0.01656	0.00675	0.00215	0.00307	0.01503	0.00491	0.00429
53	0.01248	0.01426	0.03119	0.02228	0.02763	0.01337	0.76203	0.01693	0.01248	0.01693	0.01070	0.01426	0.00802	0.00446	0.00624	0.00178	0.00891	0.00624	0.00267	0.00713
54	0.01216	0.01270	0.01804	0.01494	0.01578	0.06079	0.10750	0.01375	0.00906	0.01327	0.00749	0.01179	0.00707	0.00842	0.01520	0.00219	0.65674	0.00476	0.00238	0.00598
55	0.01248	0.01426	0.03119	0.02228	0.02763	0.01337	0.76203	0.01693	0.01248	0.01693	0.01070	0.01426	0.00802	0.00446	0.00624	0.00178	0.00891	0.00624	0.00267	0.00713
56	0.01251	0.01417	0.03070	0.02280	0.06625	0.01333	0.72381	0.01690	0.01246	0.01695	0.01066	0.01420	0.00804	0.00447	0.00619	0.00177	0.00878	0.00616	0.00267	0.00719
57	0.01919	0.01064	0.01580	0.01217	0.01625	0.01022	0.14811	0.04233	0.18341	0.45425	0.01892	0.01756	0.01273	0.00629	0.00550	0.00170	0.00528	0.00562	0.00553	0.00851
58	0.01923	0.02162	0.06923	0.01320	0.01682	0.45995	0.01081	0.28707	0.01826	0.02051	0.00988	0.01078	0.00758	0.00574	0.00497	0.00146	0.00808	0.00393	0.00361	0.00727
59	0.01096	0.00940	0.01096	0.00783	0.01253	0.00705	0.00626	0.01331	0.01096	0.01723	0.00940	0.01096	0.00783	0.00392	0.00392	0.00078	0.00392	0.00313	0.00313	0.84653
60	0.85155	0.01022	0.00777	0.00695	0.01022	0.01186	0.00573	0.01554	0.00900	0.02372	0.00736	0.00859	0.00573	0.00491	0.00327	0.00164	0.00409	0.00286	0.00327	0.00573
61	0.01055	0.00934	0.01289	0.24821	0.07314	0.00869	0.00941	0.01323	0.01087	0.01590	0.01058	0.05834	0.00920	0.00511	0.00458	0.00121	0.00497	0.00440	0.00296	0.48641
62	0.01170	0.02039	0.44161	0.01421	0.03395	0.01267	0.05830	0.02095	0.29311	0.01875	0.01402	0.01455	0.01030	0.00578	0.00523	0.00172	0.00650	0.00482	0.00343	0.00799
63	0.01060	0.02735	0.78682	0.01507	0.02288	0.01228	0.01953	0.01674	0.01116	0.01674	0.00949	0.01116	0.00670	0.00502	0.00502	0.00167	0.00781	0.00391	0.00223	0.00781
64	0.02170	0.01110	0.09517	0.01009	0.01451	0.00856	0.00906	0.02493	0.05849	0.65851	0.01968	0.01736	0.01258	0.00642	0.00529	0.00165	0.00484	0.00520	0.00601	0.00883
65	0.00998	0.00940	0.01586	0.80150	0.03641	0.01175	0.01468	0.01351	0.01057	0.01351	0.00940	0.01409	0.00705	0.00529	0.00529	0.00176	0.00705	0.00470	0.00235	0.00587
66	0.00653	0.00467	0.00621	0.00730	0.00769	0.00435	0.00491	0.00758	0.01052	0.01413	0.09047	0.74763	0.03619	0.01609	0.00671	0.00211	0.00302	0.01458	0.00498	0.00435
67	0.01591	0.01273	0.01351	0.01132	0.01480	0.01444	0.00904	0.32074	0.47453	0.02657	0.01801	0.01693	0.01329	0.00684	0.00534	0.00171	0.00483	0.00549	0.00534	0.00862
68	0.01405	0.79845	0.04590	0.00919	0.01379	0.02071	0.00930	0.01585	0.01075	0.01254	0.00740	0.00854	0.00678	0.00453	0.00343	0.00114	0.00571	0.00285	0.00226	0.00681
69	0.01174	0.28126	0.54284	0.01313	0.01989	0.01505	0.01616	0.01645	0.01103	0.01536	0.00880	0.01030	0.00672	0.00486	0.00450	0.00150	0.00712	0.00356	0.00224	0.00748
70	0.01692	0.00766	0.00989	0.00808	0.01116	0.00671	0.00649	0.03244	0.01461	0.46581	0.16471	0.02892	0.18602	0.00880	0.00568	0.00167	0.00376	0.00734	0.00603	0.00729
71	0.01308	0.01256	0.02146	0.03245	0.78123	0.01256	0.01622	0.01622	0.01204	0.01727	0.00994	0.01308	0.00837	0.00471	0.00523	0.00157	0.00628	0.00471	0.00262	0.00837
72	0.00769	0.00513	0.00577	0.00577	0.00577	0.00513	0.00320	0.00769	0.00769	0.01025	0.01666	0.03460	0.01922	0.81421	0.02691	0.00513	0.00513	0.00769	0.00320	0.00320
73	0.01265	0.01437	0.03032	0.02271	0.07103	0.02806	0.70466	0.01697	0.01250	0.01688	0.01060	0.01410	0.00802	0.00449	0.00615	0.00176	0.00877	0.00610	0.00267	0.00718
74	0.00748	0.00540	0.00707	0.00665	0.00790	0.00499	0.00499	0.00998	0.01496	0.02120	0.77844	0.03949	0.04988	0.01081	0.00624	0.00166	0.00249	0.00956	0.00582	0.00499
75	0.00765	0.00511	0.00578	0.00581	0.00582	0.00510	0.00326	0.00768	0.00776	0.01035	0.01704	0.05834	0.01970	0.78981	0.02629	0.00503	0.00506	0.00791	0.00326	0.00324
76	0.01217	0.01309	0.02663	0.15756	0.17955	0.01293	0.48537	0.01621	0.01206	0.01642	0.01032	0.01400	0.00793	0.00465	0.00588	0.00174	0.00807	0.00567	0.00261	0.00716
77	0.02298	0.00916	0.01225	0.00950	0.01351	0.00815	0.00781	0.02593	0.06799	0.73160	0.02090	0.01811	0.01330	0.00659	0.00532	0.00165	0.00448	0.00536	0.00646	0.00895
78	0.00634	0.00532	0.00550	0.00554	0.00722	0.00449	0.00412	0.00773	0.01213	0.01468	0.09783	0.08911	0.69515	0.01339	0.00627	0.00180	0.00269	0.01126	0.00497	0.00449
79	0.00850	0.00618	0.00839	0.00947	0.01066	0.00625	0.00801	0.01145	0.05584	0.01586	0.02777	0.16126	0.03023	0.01444	0.00711	0.00236	0.00458	0.60175	0.00490	0.00499
80	0.01299	0.56152	0.27355	0.01100	0.01658	0.01812	0.01244	0.01613	0.01088	0.01383	0.00804	0.00935	0.00676	0.00468	0.00392	0.00131	0.00635	0.00318	0.00225	0.00712
81	0.01060	0.02735	0.78682	0.01507	0.02288	0.01228	0.01953	0.01674	0.01116	0.01674	0.00949	0.01116	0.00670	0.00502	0.00502	0.00167	0.00781	0.00391	0.00223	0.00781
82	0.00852	0.00608	0.00852	0.00974	0.01095	0.00608	0.00852	0.01095	0.01217	0.01582	0.02799	0.05963	0.03042	0.01460	0.00730	0.00243	0.00487	0.74565	0.00487	0.00487
83	0.00769	0.00513	0.00577	0.00577	0.00577	0.00513	0.00320	0.00769	0.00769	0.01025	0.01666	0.03460	0.01922	0.81421	0.02691	0.00513	0.00513	0.00769	0.00320	0.00320
84	0.00986	0.06596	0.40755	0.01269	0.06074	0.02518	0.01334	0.01397	0.01199	0.01688	0.16610	0.08630	0.07238	0.00768	0.00540	0.00167	0.00582	0.00644	0.00339	0.00666
85	0.01363	0.01160	0.01223	0.01086	0.01393	0.01338	0.00849	0.07948	0.71950	0.02290	0.02090	0.01923	0.01564	0.00711	0.00537	0.00178	0.00430	0.00589	0.00537	0.00841
86	0.00769	0.00513	0.00577	0.00577	0.00577	0.00513	0.00320	0.00769	0.00769	0.01025	0.01666	0.03460	0.01922	0.81421	0.02691	0.00513	0.00513	0.00769	0.00320	0.00320
87	0.01209	0.09906	0.27769	0.01964	0.10253	0.01369	0.36577	0.01669	0.01183	0.01645	0.00989	0.01254	0.00750	0.00467	0.00545	0.00166	0.00795	0.00497	0.00248	0.00745
88	0.01241	0.01308	0.02109	0.01654	0.01885	0.05968	0.28917	0.04308	0.01088	0.01513	0.00991	0.05874	0.00903	0.00757	0.01143	0.00202	0.38658	0.00576	0.00273	0.00634
89	0.00633	0.00503	0.00569	0.00621	0.00737	0.00439	0.00440	0.00749	0.01122	0.01394	0.04309	0.37647	0.46025	0.01475	0.00646	0.00194	0.00284	0.01282	0.00491	0.00439
90	0.01096	0.00940	0.01096	0.00783	0.01253	0.00705	0.00626	0.01331	0.01096	0.01723	0.00940	0.01096	0.00783	0.00392	0.00392	0.00078	0.00392	0.00313	0.00313	0.84653
91	0.00852	0.00608	0.00852	0.00974	0.01095	0.00608	0.00852	0.01095	0.01217	0.01582	0.02799	0.05963	0.03042	0.01460	0.00730	0.00243	0.00487	0.74565	0.00487	0.00487
92	0.01591	0.47561	0.07800	0.01103	0.01524	0.24859	0.01021	0.06424	0.01291	0.01420	0.00808	0.00925	0.00692	0.00495	0.00404	0.00127	0.00697	0.00320	0.00259	0.00680
93	0.01776	0.30856	0.01960	0.01188	0.01535	0.46186	0.00978	0.07109	0.01415	0.01418	0.00819	0.00938	0.00695	0.00518	0.00431	0.00129	0.00788	0.00329	0.00274	0.00656
94	0.00769	0.00513	0.00577	0.00577	0.00577	0.00513	0.00320	0.00769	0.00769	0.01025	0.01666	0.03460	0.01922	0.81421	0.02691	0.00513	0.00513	0.00769	0.00320	0.00320
95	0.01764	0.01103	0.01752	0.02258	0.45227	0.01051	0.01260	0.02031	0.01336	0.34618	0.01462	0.01519	0.01039	0.00550	0.00527	0.00160	0.00552	0.00497	0.00430	0.00864
96	0.01154	0.01964	0.35439	0.01885	0.02514	0.01269	0.42646	0.01663	0.01186	0.01677	0.01060	0.03127	0.00807	0.00498	0.00573	0.00174	0.00831	0.00544	0.00254	0.00736
97	0.00644	0.00460	0.00613	0.00736	0.00767	0.00429	0.00491	0.00736	0.01012	0.01350	0.02914	0.81076	0.03497	0.01656	0.00675	0.00215	0.00307	0.01503	0.00491	0.00429
98	0.01341	0.01091	0.01163	0.01040	0.01339	0.01239	0.00811	0.02691	0.68897	0.06586	0.02312	0.02122	0.05506	0.00745	0.00542	0.00178	0.00412	0.00620	0.00542	0.00820
99	0.03522	0.01264	0.01355	0.01118	0.01478	0.01413	0.00898	0.34140	0.38301	0.08076	0.01740	0.01636	0.01265	0.00673	0.00529	0.00169	0.00490	0.00534	0.00538	0.00862
100	0.79346	0.01054	0.00834	0.00732	0.01065	0.01218	0.00603	0.06781	0.01010	0.02439	0.00773	0.00887	0.00595	0.00501	0.00341	0.00163	0.00421	0.00300	0.00341	0.00595
101	0.00716	0.00539	0.00662	0.00631	0.00770	0.00485	0.00474	0.00935	0.01421	0.01940	0.58972	0.04245	0.23973	0.01148	0.00624	0.00169	0.00254	0.00998	0.00558	0.00485
102	0.00626	0.00531	0.00540	0.00547	0.00717	0.00445	0.00407	0.00757	0.01194	0.01424	0.05214	0.09485	0.73602	0.01357	0.00628	0.00181	0.00270	0.01138	0.00491	0.00445
103	0.01096	0.00940	0.01096	0.00783	0.01253	0.00705	0.00626	0.01331	0.01096	0.01723	0.00940	0.01096	0.00783	0.00392	0.00392	0.00078	0.00392	0.00313	0.00313	0.84653
104	0.00918	0.00459	0.00689	0.00689	0.00689	0.00459	0.00459	0.00689	0.00689	0.00918	0.00918	0.01607	0.00918	0.01837	0.02066	0.84619	0.00459	0.00459	0.00230	0.00230
105	0.00644	0.00460	0.00613	0.00736	0.00767	0.00429	0.00491	0.00736	0.01012	0.01350	0.02914	0.81076	0.03497	0.01656	0.00675	0.00215	0.00307	0.01503	0.00491	0.00429
106	0.01060	0.02735	0.78682	0.01507	0.02288	0.01228	0.01953	0.01674	0.01116	0.01674	0.00949	0.01116	0.00670	0.00502	0.00502	0.00167	0.00781	0.00391	0.00223	0.00781
107	0.01060	0.02735	0.78682	0.01507	0.02288	0.01228	0.01953	0.01674	0.01116	0.01674	0.00949	0.01116	0.00670	0.00502	0.00502	0.00167	0.00781	0.00391	0.00223	0.00781
108	0.01119	0.01101	0.01546	0.01337	0.01346	0.01529	0.01110	0.01241	0.00813	0.01268	0.00762	0.01244	0.00753	0.01213	0.09079	0.00290	0.72973	0.00472	0.00236	0.00568
109	0.00985	0.00493	0.00493	0.00493	0.00616	0.00493	0.00370	0.01232	0.01109	0.01971	0.01725	0.01971	0.01355	0.00616	0.00370	0.00123	0.00246	0.00493	0.84356	0.00493
110	0.01308	0.01256	0.02146	0.03245	0.78123	0.01256	0.01622	0.01622	0.01204	0.01727	0.00994	0.01308	0.00837	0.00471	0.00523	0.00157	0.00628	0.00471	0.00262	0.00837
111	0.01096	0.00940	0.01096	0.00783	0.01253	0.00705	0.00626	0.01331	0.01096	0.01723	0.00940	0.01096	0.00783	0.00392	0.00392	0.00078	0.00392	0.00313	0.00313	0.84653
112	0.01157	0.01157	0.01619	0.01388	0.01388	0.01619	0.01157	0.01272	0.00810	0.01272	0.00694	0.01157	0.00694	0.00925	0.01735	0.00231	0.80453	0.00463	0.00231	0.00578
113	0.00639	0.00511	0.00573	0.00618	0.00742	0.00445	0.00444	0.00763	0.01143	0.01417	0.05777	0.31557	0.48984	0.01447	0.00645	0.00192	0.00286	0.02882	0.00492	0.00442
114	0.00659	0.00470	0.00630	0.00753	0.00790	0.00442	0.00516	0.00761	0.01026	0.01366	0.02906	0.75828	0.03465	0.01643	0.00679	0.00217	0.00319	0.06608	0.00490	0.00433
115	0.00998	0.00940	0.01586	0.80150	0.03641	0.01175	0.01468	0.01351	0.01057	0.01351	0.00940	0.01409	0.00705	0.00529	0.00529	0.00176	0.00705	0.00470	0.00235	0.00587
116	0.01709	0.30186	0.08006	0.01202	0.01589	0.40271	0.01052	0.07512	0.01395	0.01460	0.00833	0.00953	0.00696	0.00516	0.00435	0.00132	0.00776	0.00334	0.00272	0.00671
117	0.00671	0.00537	0.00599	0.00584	0.00742	0.00466	0.00438	0.00847	0.01313	0.01685	0.32220	0.04666	0.50884	0.01243	0.00624	0.00174	0.00261	0.01057	0.00525	0.00466
118	0.00689	0.00494	0.00653	0.00706	0.00777	0.00459	0.00494	0.00848	0.01220	0.01680	0.35020	0.48029	0.04136	0.01410	0.00653	0.00194	0.00282	0.01269	0.00530	0.00459
119	0.01944	0.01849	0.01662	0.01339	0.01716	0.29468	0.06265	0.44517	0.02045	0.02486	0.01093	0.01167	0.00814	0.00589	0.00517	0.00152	0.00737	0.00438	0.00419	0.00783
120	0.00995	0.00933	0.01550	0.71528	0.03372	0.01174	0.01409	0.01325	0.01032	0.01340	0.00950	0.01429	0.00736	0.00728	0.04637	0.00214	0.05356	0.00474	0.00237	0.00581
121	0.01203	0.01008	0.01112	0.01051	0.01307	0.01143	0.00840	0.02393	0.58737	0.02059	0.02309	0.02941	0.01960	0.00898	0.00585	0.00195	0.00435	0.18547	0.00526	0.00752
122	0.00662	0.00473	0.00634	0.00756	0.00795	0.00445	0.00521	0.00767	0.01030	0.01369	0.02904	0.74692	0.03458	0.01640	0.00679	0.00217	0.00322	0.07713	0.00490	0.00434
123	0.06351	0.01316	0.02278	0.01695	0.02136	0.06633	0.43887	0.01900	0.05924	0.15638	0.01303	0.01499	0.00952	0.00713	0.05129	0.00211	0.00789	0.00563	0.00359	0.00725
124	0.12018	0.03169	0.08270	0.01743	0.02162	0.07884	0.41032	0.01640	0.01141	0.01669	0.00930	0.01235	0.00733	0.00541	0.00735	0.00179	0.13479	0.00506	0.00265	0.00670
125	0.00756	0.00573	0.00721	0.00798	0.00935	0.00538	0.00664	0.00950	0.01201	0.01512	0.03753	0.09986	0.30815	0.01427	0.00688	0.00218	0.00395	0.43116	0.00489	0.00468
126	0.01775	0.01148	0.01522	0.01204	0.01591	0.01185	0.10802	0.14081	0.29668	0.28322	0.01848	0.01731	0.01291	0.00647	0.00546	0.00171	0.00517	0.00560	0.00540	0.00852
127	0.01476	0.01226	0.02240	0.01646	0.02100	0.01167	0.41558	0.05832	0.07374	0.16758	0.03197	0.01634	0.02552	0.00556	0.00601	0.00168	0.02314	0.00588	0.00392	0.06621
128	0.01497	0.05170	0.26750	0.01486	0.02014	0.12644	0.16177	0.14592	0.04214	0.07122	0.01157	0.02742	0.00868	0.00558	0.00527	0.00162	0.00741	0.00478	0.00337	0.00763
129	0.01424	0.00910	0.01454	0.01160	0.01475	0.00879	0.17355	0.03289	0.07374	0.25268	0.02029	0.07575	0.07401	0.01332	0.14766	0.00295	0.00689	0.00675	0.03960	0.00691
130	0.01205	0.01000	0.01561	0.01273	0.01560	0.02995	0.21261	0.03186	0.13367	0.09672	0.12085	0.13530	0.03884	0.00897	0.00651	0.00186	0.03405	0.07174	0.00452	0.00654

[dist]
# distance from previous block
# <min> <max>
3	181

# created by:
# /st0/software/busco_prod/Augustus/scripts/msa2prfl.pl ./align_prep/56896.fa
