[name]
unknown

[dist]
# distance from previous block
# <min> <max>
7	344

[block]
# block no. 0 follows, 55 sequences, length 12
# corresponding to MSA columns:
# 353-364
name=unknown_A
#
# <colnr> <probs for GDERKNQSTAVLIFYWHMCP>
#	G	D	E	R	K	N	Q	S	T	A	V	L	I	F	Y	W	H	M	C	P
0	0.08799	0.00680	0.00798	0.00677	0.00892	0.00653	0.00531	0.10111	0.01328	0.08801	0.47515	0.02484	0.02887	0.00752	0.00483	0.00136	0.00297	0.00637	0.00463	0.11075
1	0.26302	0.01077	0.01251	0.01477	0.26464	0.04177	0.00908	0.08595	0.21832	0.01909	0.01092	0.01175	0.00848	0.00492	0.00412	0.00144	0.00455	0.00392	0.00332	0.00666
2	0.01145	0.01124	0.01993	0.02746	0.71139	0.01114	0.10953	0.01435	0.01064	0.01516	0.00883	0.01164	0.00733	0.00412	0.00471	0.00140	0.00581	0.00431	0.00231	0.00723
3	0.01191	0.01074	0.01780	0.11016	0.65412	0.01099	0.01356	0.05493	0.01115	0.04648	0.00920	0.01176	0.00744	0.00434	0.00462	0.00140	0.00552	0.00417	0.00254	0.00719
4	0.00875	0.00525	0.00684	0.00616	0.00768	0.00474	0.00472	0.01082	0.01302	0.14241	0.63118	0.03245	0.08960	0.00907	0.00536	0.00147	0.00248	0.00792	0.00517	0.00491
5	0.02087	0.00792	0.01080	0.00828	0.01188	0.00684	0.00684	0.02267	0.01332	0.81071	0.01835	0.01583	0.01152	0.00576	0.00468	0.00144	0.00396	0.00468	0.00576	0.00792
6	0.01353	0.00815	0.01004	0.00737	0.01132	0.00642	0.00597	0.01551	0.01092	0.29045	0.01176	0.01179	0.00849	0.00425	0.00387	0.00095	0.00362	0.00342	0.00379	0.56838
7	0.01877	0.00753	0.01018	0.00803	0.01130	0.00649	0.00651	0.02048	0.01269	0.69062	0.01865	0.10106	0.01332	0.00657	0.00475	0.00145	0.00380	0.00548	0.00547	0.04686
8	0.00965	0.00827	0.00965	0.00689	0.01102	0.00620	0.00551	0.01171	0.00965	0.01516	0.00827	0.00965	0.00689	0.00345	0.00345	0.00069	0.00345	0.00276	0.00276	0.86494
9	0.00874	0.00610	0.00698	0.00727	0.00824	0.05167	0.00515	0.06136	0.01048	0.09656	0.02285	0.64551	0.02580	0.01249	0.00562	0.00177	0.00332	0.01114	0.00438	0.00458
10	0.01882	0.00771	0.01023	0.00807	0.01133	0.00682	0.00657	0.05660	0.01326	0.67488	0.02016	0.07192	0.05835	0.00669	0.00481	0.00148	0.00384	0.00552	0.00553	0.00741
11	0.06628	0.00784	0.01151	0.01312	0.21738	0.00782	0.06835	0.01249	0.09519	0.01706	0.31970	0.02436	0.10543	0.00723	0.00500	0.00147	0.00377	0.00649	0.00390	0.00562

[dist]
# distance from previous block
# <min> <max>
0	2

[block]
# block no. 1 follows, 55 sequences, length 66
# corresponding to MSA columns:
# 367-432
name=unknown_B
#
# <colnr> <probs for GDERKNQSTAVLIFYWHMCP>
#	G	D	E	R	K	N	Q	S	T	A	V	L	I	F	Y	W	H	M	C	P
0	0.01179	0.01144	0.03735	0.02669	0.72349	0.01124	0.01386	0.05598	0.03393	0.01606	0.00916	0.01162	0.00756	0.00429	0.00461	0.00139	0.00548	0.00416	0.00249	0.00739
1	0.01194	0.01038	0.01671	0.02311	0.58204	0.01047	0.03070	0.01601	0.11556	0.07501	0.05285	0.01386	0.01050	0.00483	0.00470	0.00142	0.00504	0.00459	0.00303	0.00723
2	0.00930	0.00769	0.01124	0.03243	0.03109	0.00658	0.10978	0.01169	0.01120	0.05183	0.28089	0.01900	0.01974	0.00573	0.00453	0.00115	0.00375	0.00521	0.00361	0.37354
3	0.00860	0.01165	0.24146	0.01179	0.11801	0.00757	0.05129	0.01188	0.01175	0.03566	0.40878	0.02285	0.02537	0.00695	0.00504	0.00146	0.00433	0.00617	0.00371	0.00569
4	0.00823	0.11624	0.00974	0.00750	0.05073	0.00684	0.00555	0.01034	0.01219	0.03376	0.56077	0.02699	0.03255	0.00781	0.00489	0.00132	0.00290	0.00676	0.00433	0.09057
5	0.01146	0.01100	0.01878	0.04523	0.79125	0.01104	0.01425	0.01423	0.01057	0.01513	0.00874	0.01153	0.00734	0.00416	0.00461	0.00139	0.00554	0.00414	0.00230	0.00732
6	0.01144	0.01092	0.01830	0.05054	0.74277	0.01106	0.01387	0.01476	0.05252	0.01533	0.00928	0.01185	0.00770	0.00427	0.00461	0.00140	0.00545	0.00420	0.00243	0.00731
7	0.00734	0.00492	0.00646	0.00598	0.00721	0.00452	0.00452	0.00952	0.01318	0.06081	0.76316	0.03374	0.04217	0.00931	0.00544	0.00146	0.00229	0.00821	0.00516	0.00458
8	0.00776	0.00570	0.00704	0.00638	0.00779	0.00554	0.00487	0.08586	0.03432	0.01951	0.68049	0.03234	0.06610	0.00912	0.00539	0.00146	0.00253	0.00797	0.00504	0.00480
9	0.01672	0.13059	0.01467	0.01145	0.01406	0.71176	0.00885	0.01796	0.01269	0.01133	0.00710	0.00827	0.00599	0.00469	0.00403	0.00117	0.00794	0.00293	0.00234	0.00547
10	0.01022	0.01010	0.01727	0.01234	0.01672	0.00858	0.34183	0.01308	0.01022	0.01505	0.00876	0.01089	0.00696	0.00365	0.00432	0.00107	0.00533	0.00393	0.00258	0.49710
11	0.00567	0.00405	0.00540	0.00648	0.00675	0.00378	0.00432	0.00648	0.00891	0.01188	0.02564	0.83347	0.03077	0.01457	0.00594	0.00189	0.00270	0.01323	0.00432	0.00378
12	0.00660	0.00454	0.00503	0.00503	0.00523	0.00443	0.00291	0.00675	0.00727	0.00949	0.01897	0.03235	0.12156	0.72708	0.02127	0.00412	0.00422	0.00717	0.00302	0.00297
13	0.00955	0.02254	0.70825	0.01410	0.02069	0.01093	0.11981	0.01476	0.00998	0.01476	0.00849	0.01018	0.00605	0.00435	0.00456	0.00149	0.00700	0.00371	0.00202	0.00680
14	0.01128	0.01081	0.01845	0.09832	0.73959	0.01099	0.01416	0.01407	0.01048	0.01491	0.00871	0.01159	0.00727	0.00419	0.00461	0.00140	0.00559	0.00414	0.00228	0.00718
15	0.00915	0.00864	0.01461	0.71960	0.13493	0.01043	0.01310	0.01220	0.00947	0.01233	0.00833	0.01229	0.00636	0.00458	0.00465	0.00153	0.00611	0.00414	0.00210	0.00546
16	0.00902	0.00752	0.00885	0.00682	0.01009	0.00615	0.00537	0.01194	0.06889	0.01635	0.20829	0.01649	0.01668	0.00517	0.00405	0.00095	0.00315	0.00436	0.00349	0.58636
17	0.01151	0.01105	0.01888	0.02855	0.80748	0.01105	0.01428	0.01428	0.01059	0.01520	0.00875	0.01151	0.00737	0.00415	0.00461	0.00138	0.00553	0.00415	0.00230	0.00737
18	0.01738	0.02217	0.01318	0.01199	0.01438	0.81783	0.00899	0.01858	0.01318	0.01139	0.00719	0.00839	0.00599	0.00479	0.00419	0.00120	0.00839	0.00300	0.00240	0.00539
19	0.00673	0.00467	0.00588	0.00588	0.00615	0.00495	0.00382	0.00728	0.00700	0.00961	0.01392	0.02638	0.01515	0.56878	0.28899	0.00550	0.00717	0.00617	0.00271	0.00326
20	0.75636	0.00953	0.00778	0.00673	0.00972	0.01097	0.00554	0.11694	0.00977	0.02199	0.00710	0.00804	0.00542	0.00449	0.00311	0.00143	0.00380	0.00274	0.00311	0.00542
21	0.00550	0.00471	0.00471	0.00471	0.00628	0.00393	0.00353	0.00668	0.01060	0.01257	0.04713	0.04477	0.80560	0.01178	0.00550	0.00157	0.00236	0.00982	0.00432	0.00393
22	0.86937	0.00900	0.00684	0.00612	0.00900	0.01044	0.00504	0.01368	0.00792	0.02087	0.00648	0.00756	0.00504	0.00432	0.00288	0.00144	0.00360	0.00252	0.00288	0.00504
23	0.12488	0.01208	0.02472	0.01782	0.02228	0.01159	0.68636	0.01474	0.01057	0.01569	0.00902	0.01189	0.00679	0.00397	0.00514	0.00155	0.00728	0.00510	0.00242	0.00611
24	0.01738	0.02217	0.01318	0.01199	0.01438	0.81783	0.00899	0.01858	0.01318	0.01139	0.00719	0.00839	0.00599	0.00479	0.00419	0.00120	0.00839	0.00300	0.00240	0.00539
25	0.00628	0.00474	0.00580	0.00553	0.00676	0.00426	0.00415	0.00819	0.01245	0.01696	0.59375	0.03754	0.25623	0.01014	0.00549	0.00149	0.00224	0.00881	0.00490	0.00426
26	0.01098	0.01255	0.02745	0.01961	0.02431	0.01176	0.79059	0.01490	0.01098	0.01490	0.00941	0.01255	0.00706	0.00392	0.00549	0.00157	0.00784	0.00549	0.00235	0.00627
27	0.00965	0.00827	0.00965	0.00689	0.01102	0.00620	0.00551	0.01171	0.00965	0.01516	0.00827	0.00965	0.00689	0.00345	0.00345	0.00069	0.00345	0.00276	0.00276	0.86494
28	0.01146	0.01099	0.01878	0.04537	0.79112	0.01104	0.01425	0.01423	0.01057	0.01513	0.00874	0.01153	0.00734	0.00416	0.00461	0.00139	0.00554	0.00414	0.00230	0.00732
29	0.00879	0.00827	0.01395	0.82532	0.03204	0.01034	0.01292	0.01189	0.00930	0.01189	0.00827	0.01240	0.00620	0.00465	0.00465	0.00155	0.00620	0.00413	0.00207	0.00517
30	0.01244	0.83930	0.02438	0.00796	0.01194	0.01841	0.00796	0.01393	0.00945	0.01095	0.00647	0.00746	0.00597	0.00398	0.00299	0.00100	0.00498	0.00249	0.00199	0.00597
31	0.00567	0.00405	0.00540	0.00648	0.00675	0.00378	0.00432	0.00648	0.00891	0.01188	0.02564	0.83347	0.03077	0.01457	0.00594	0.00189	0.00270	0.01323	0.00432	0.00378
32	0.01703	0.01238	0.01335	0.01042	0.01399	0.01368	0.00855	0.65311	0.12458	0.06565	0.01255	0.01222	0.00892	0.00569	0.00467	0.00142	0.00487	0.00435	0.00472	0.00784
33	0.00879	0.00827	0.01395	0.82532	0.03204	0.01034	0.01292	0.01189	0.00930	0.01189	0.00827	0.01240	0.00620	0.00465	0.00465	0.00155	0.00620	0.00413	0.00207	0.00517
34	0.00677	0.00451	0.00507	0.00507	0.00507	0.00451	0.00282	0.00677	0.00677	0.00902	0.01466	0.03044	0.01691	0.83650	0.02368	0.00451	0.00451	0.00677	0.00282	0.00282
35	0.00661	0.00472	0.00607	0.00575	0.00670	0.00441	0.00418	0.00851	0.01232	0.01738	0.70016	0.03418	0.04032	0.11924	0.00790	0.00187	0.00250	0.00819	0.00482	0.00418
36	0.00968	0.00918	0.01557	0.56414	0.28623	0.01057	0.01336	0.01267	0.00973	0.01297	0.00843	0.01211	0.00658	0.00449	0.00464	0.00150	0.00598	0.00414	0.00214	0.00589
37	0.00808	0.00404	0.00606	0.00606	0.00606	0.00404	0.00404	0.00606	0.00606	0.00808	0.00808	0.01414	0.00808	0.01616	0.01818	0.86465	0.00404	0.00404	0.00202	0.00202
38	0.00965	0.00827	0.00965	0.00689	0.01102	0.00620	0.00551	0.01171	0.00965	0.01516	0.00827	0.00965	0.00689	0.00345	0.00345	0.00069	0.00345	0.00276	0.00276	0.86494
39	0.01115	0.01068	0.01823	0.13427	0.70459	0.01096	0.01410	0.01396	0.01042	0.01476	0.00869	0.01163	0.00721	0.00421	0.00461	0.00140	0.00562	0.00414	0.00227	0.00708
40	0.00665	0.00498	0.00748	0.00748	0.00831	0.00582	0.00582	0.00831	0.00748	0.01080	0.01246	0.01828	0.01163	0.03489	0.81807	0.00748	0.01246	0.00498	0.00249	0.00415
41	0.00567	0.00472	0.00495	0.00490	0.00639	0.00400	0.00367	0.00701	0.01102	0.01354	0.16871	0.04316	0.68341	0.01142	0.00550	0.00155	0.00233	0.00959	0.00445	0.00400
42	0.00879	0.00827	0.01395	0.82532	0.03204	0.01034	0.01292	0.01189	0.00930	0.01189	0.00827	0.01240	0.00620	0.00465	0.00465	0.00155	0.00620	0.00413	0.00207	0.00517
43	0.00594	0.00473	0.00533	0.00518	0.00656	0.00412	0.00388	0.00753	0.01165	0.01505	0.35587	0.04069	0.49531	0.01086	0.00549	0.00153	0.00229	0.00925	0.00465	0.00412
44	0.01098	0.01255	0.02745	0.01961	0.02431	0.01176	0.79059	0.01490	0.01098	0.01490	0.00941	0.01255	0.00706	0.00392	0.00549	0.00157	0.00784	0.00549	0.00235	0.00627
45	0.00879	0.00827	0.01395	0.82532	0.03204	0.01034	0.01292	0.01189	0.00930	0.01189	0.00827	0.01240	0.00620	0.00465	0.00465	0.00155	0.00620	0.00413	0.00207	0.00517
46	0.01041	0.01116	0.02107	0.12395	0.02114	0.01244	0.41631	0.01321	0.00942	0.01321	0.00811	0.01171	0.00661	0.00548	0.00878	0.00173	0.29252	0.00482	0.00220	0.00572
47	0.01069	0.01021	0.01739	0.26972	0.57277	0.01084	0.01387	0.01355	0.01020	0.01420	0.00860	0.01178	0.00702	0.00430	0.00462	0.00143	0.00573	0.00414	0.00223	0.00670
48	0.02027	0.00816	0.01087	0.00837	0.01190	0.00726	0.00690	0.07166	0.01386	0.73859	0.03971	0.01606	0.01218	0.00585	0.00470	0.00144	0.00398	0.00475	0.00567	0.00782
49	0.00609	0.00474	0.00554	0.00534	0.00665	0.00418	0.00400	0.00783	0.01201	0.01590	0.46203	0.03929	0.38862	0.01054	0.00549	0.00151	0.00227	0.00905	0.00476	0.00418
50	0.00567	0.00405	0.00540	0.00648	0.00675	0.00378	0.00432	0.00648	0.00891	0.01188	0.02564	0.83347	0.03077	0.01457	0.00594	0.00189	0.00270	0.01323	0.00432	0.00378
51	0.01041	0.01155	0.02480	0.01800	0.02219	0.01098	0.68646	0.01403	0.01052	0.01436	0.00982	0.01331	0.00767	0.00803	0.11331	0.00235	0.00846	0.00542	0.00237	0.00599
52	0.01144	0.01125	0.02002	0.02737	0.70357	0.01115	0.11728	0.01436	0.01064	0.01516	0.00884	0.01165	0.00733	0.00412	0.00472	0.00141	0.00583	0.00432	0.00231	0.00722
53	0.00879	0.00827	0.01395	0.82532	0.03204	0.01034	0.01292	0.01189	0.00930	0.01189	0.00827	0.01240	0.00620	0.00465	0.00465	0.00155	0.00620	0.00413	0.00207	0.00517
54	0.00567	0.00405	0.00540	0.00648	0.00675	0.00378	0.00432	0.00648	0.00891	0.01188	0.02564	0.83347	0.03077	0.01457	0.00594	0.00189	0.00270	0.01323	0.00432	0.00378
55	0.01151	0.01105	0.01888	0.02855	0.80748	0.01105	0.01428	0.01428	0.01059	0.01520	0.00875	0.01151	0.00737	0.00415	0.00461	0.00138	0.00553	0.00415	0.00230	0.00737
56	0.00631	0.00474	0.00584	0.00557	0.00678	0.00427	0.00418	0.00825	0.01253	0.01713	0.61557	0.03726	0.23430	0.01008	0.00549	0.00149	0.00224	0.00876	0.00492	0.00427
57	0.00965	0.00827	0.00965	0.00689	0.01102	0.00620	0.00551	0.01171	0.00965	0.01516	0.00827	0.00965	0.00689	0.00345	0.00345	0.00069	0.00345	0.00276	0.00276	0.86494
58	0.00965	0.00827	0.00965	0.00689	0.01102	0.00620	0.00551	0.01171	0.00965	0.01516	0.00827	0.00965	0.00689	0.00345	0.00345	0.00069	0.00345	0.00276	0.00276	0.86494
59	0.00990	0.00850	0.00976	0.00723	0.01117	0.00691	0.00576	0.01344	0.11439	0.01573	0.00968	0.01067	0.00786	0.00383	0.00362	0.00081	0.00348	0.00309	0.00302	0.75116
60	0.00555	0.00471	0.00479	0.00477	0.00632	0.00395	0.00358	0.00678	0.01073	0.01286	0.08364	0.04429	0.76890	0.01167	0.00550	0.00157	0.00235	0.00975	0.00436	0.00395
61	0.01516	0.01848	0.01351	0.01206	0.01371	0.57051	0.00935	0.01631	0.01132	0.01133	0.00686	0.00894	0.00603	0.00582	0.00760	0.00146	0.26064	0.00333	0.00229	0.00530
62	0.01098	0.01255	0.02745	0.01961	0.02431	0.01176	0.79059	0.01490	0.01098	0.01490	0.00941	0.01255	0.00706	0.00392	0.00549	0.00157	0.00784	0.00549	0.00235	0.00627
63	0.00677	0.00451	0.00507	0.00507	0.00507	0.00451	0.00282	0.00677	0.00677	0.00902	0.01466	0.03044	0.01691	0.83650	0.02368	0.00451	0.00451	0.00677	0.00282	0.00282
64	0.01478	0.01180	0.01297	0.11848	0.01611	0.03536	0.00897	0.45183	0.23794	0.02374	0.01285	0.01299	0.00940	0.00564	0.00466	0.00146	0.00495	0.00445	0.00427	0.00732
65	0.01187	0.01261	0.02566	0.01843	0.02300	0.01212	0.68686	0.11801	0.01243	0.01681	0.00964	0.01237	0.00717	0.00414	0.00538	0.00155	0.00748	0.00532	0.00266	0.00649

[dist]
# distance from previous block
# <min> <max>
0	1

[block]
# block no. 2 follows, 55 sequences, length 42
# corresponding to MSA columns:
# 434-475
name=unknown_C
#
# <colnr> <probs for GDERKNQSTAVLIFYWHMCP>
#	G	D	E	R	K	N	Q	S	T	A	V	L	I	F	Y	W	H	M	C	P
0	0.01360	0.00909	0.01028	0.00897	0.01168	0.00985	0.00703	0.04928	0.51194	0.21554	0.01908	0.08412	0.01468	0.00683	0.00482	0.00156	0.00372	0.00574	0.00495	0.00722
1	0.00651	0.00428	0.00571	0.00656	0.00703	0.00396	0.00446	0.00741	0.00925	0.05523	0.04517	0.76885	0.03006	0.01397	0.00586	0.00185	0.00275	0.01264	0.00442	0.00402
2	0.01244	0.83930	0.02438	0.00796	0.01194	0.01841	0.00796	0.01393	0.00945	0.01095	0.00647	0.00746	0.00597	0.00398	0.00299	0.00100	0.00498	0.00249	0.00199	0.00597
3	0.01105	0.01058	0.01805	0.16318	0.67646	0.01093	0.01405	0.01387	0.01037	0.01464	0.00867	0.01166	0.00717	0.00423	0.00461	0.00141	0.00564	0.00414	0.00226	0.00700
4	0.01084	0.01031	0.01543	0.01191	0.01540	0.01039	0.23621	0.01790	0.33008	0.01664	0.01283	0.01365	0.00987	0.00497	0.00513	0.00137	0.04396	0.00463	0.00341	0.22507
5	0.01174	0.01035	0.01060	0.00954	0.01216	0.03526	0.00741	0.02454	0.77599	0.01922	0.01859	0.01709	0.01396	0.00627	0.00472	0.00157	0.00382	0.00519	0.00467	0.00731
6	0.02087	0.00792	0.01080	0.00828	0.01188	0.00684	0.00684	0.02267	0.01332	0.81071	0.01835	0.01583	0.01152	0.00576	0.00468	0.00144	0.00396	0.00468	0.00576	0.00792
7	0.00832	0.00754	0.01298	0.01030	0.01262	0.00721	0.24193	0.01194	0.07737	0.01759	0.50002	0.02661	0.03033	0.00756	0.00543	0.00150	0.00402	0.00727	0.00425	0.00520
8	0.01120	0.01194	0.02398	0.02324	0.34194	0.01148	0.47575	0.01465	0.01082	0.01502	0.00914	0.01213	0.00718	0.00401	0.00513	0.00149	0.00690	0.00494	0.00233	0.00672
9	0.00626	0.00456	0.00597	0.00675	0.00736	0.00438	0.00485	0.00792	0.04072	0.01337	0.13031	0.57476	0.04713	0.01329	0.00589	0.00185	0.00287	0.11324	0.00444	0.00407
10	0.00674	0.00456	0.00538	0.00560	0.00575	0.00454	0.00349	0.00707	0.00742	0.00985	0.01683	0.10881	0.01934	0.66510	0.02004	0.00399	0.00431	0.09497	0.00313	0.00308
11	0.01129	0.01082	0.01848	0.09432	0.74348	0.01099	0.01417	0.01408	0.01049	0.01493	0.00871	0.01159	0.00727	0.00419	0.00461	0.00140	0.00558	0.00414	0.00228	0.00719
12	0.00592	0.00426	0.00566	0.00660	0.00706	0.00400	0.00464	0.00699	0.00947	0.01261	0.08307	0.66559	0.05707	0.01393	0.00594	0.00187	0.00282	0.09424	0.00437	0.00388
13	0.00575	0.00411	0.00549	0.00657	0.00688	0.00385	0.00446	0.00662	0.00899	0.01197	0.02560	0.79809	0.03059	0.01450	0.00596	0.00190	0.00277	0.04778	0.00432	0.00380
14	0.00982	0.15152	0.68920	0.01243	0.01885	0.01199	0.01575	0.01461	0.00976	0.01414	0.00805	0.00945	0.00591	0.00435	0.00420	0.00140	0.00658	0.00329	0.00197	0.00673
15	0.01151	0.01105	0.01888	0.02855	0.80748	0.01105	0.01428	0.01428	0.01059	0.01520	0.00875	0.01151	0.00737	0.00415	0.00461	0.00138	0.00553	0.00415	0.00230	0.00737
16	0.00665	0.00498	0.00748	0.00748	0.00831	0.00582	0.00582	0.00831	0.00748	0.01080	0.01246	0.01828	0.01163	0.03489	0.81807	0.00748	0.01246	0.00498	0.00249	0.00415
17	0.00879	0.00827	0.01395	0.82532	0.03204	0.01034	0.01292	0.01189	0.00930	0.01189	0.00827	0.01240	0.00620	0.00465	0.00465	0.00155	0.00620	0.00413	0.00207	0.00517
18	0.00965	0.00827	0.00965	0.00689	0.01102	0.00620	0.00551	0.01171	0.00965	0.01516	0.00827	0.00965	0.00689	0.00345	0.00345	0.00069	0.00345	0.00276	0.00276	0.86494
19	0.00933	0.02406	0.81240	0.01326	0.02014	0.01080	0.01719	0.01473	0.00982	0.01473	0.00835	0.00982	0.00589	0.00442	0.00442	0.00147	0.00688	0.00344	0.00196	0.00688
20	0.01700	0.01507	0.01342	0.01091	0.01418	0.21962	0.00873	0.51760	0.09721	0.02375	0.01093	0.01108	0.00805	0.00545	0.00454	0.00136	0.00581	0.00399	0.00408	0.00721
21	0.01169	0.00981	0.05569	0.01288	0.20186	0.00788	0.02074	0.02548	0.01061	0.12331	0.01019	0.01200	0.00805	0.00423	0.00406	0.00106	0.00431	0.02126	0.00307	0.45181
22	0.00614	0.00492	0.00630	0.00768	0.07274	0.00448	0.00493	0.00729	0.00975	0.01247	0.03251	0.43956	0.32776	0.01259	0.00567	0.00173	0.00284	0.03234	0.00415	0.00415
23	0.01902	0.00837	0.01271	0.00961	0.01325	0.00736	0.10599	0.02111	0.01301	0.67692	0.05000	0.01621	0.01230	0.00568	0.00481	0.00146	0.00438	0.00494	0.00530	0.00756
24	0.01115	0.01068	0.01822	0.13552	0.70339	0.01096	0.01410	0.01396	0.01042	0.01475	0.00869	0.01163	0.00721	0.00421	0.00461	0.00140	0.00562	0.00414	0.00227	0.00707
25	0.01090	0.00882	0.01328	0.01754	0.39941	0.00872	0.00974	0.09017	0.01218	0.07113	0.14159	0.08667	0.09613	0.00689	0.00496	0.00146	0.00429	0.00619	0.00359	0.00634
26	0.01244	0.01230	0.08815	0.01676	0.04149	0.01047	0.53450	0.01595	0.01122	0.15858	0.01155	0.04459	0.00869	0.00471	0.00525	0.00154	0.00680	0.00544	0.00301	0.00655
27	0.00879	0.00827	0.01395	0.82532	0.03204	0.01034	0.01292	0.01189	0.00930	0.01189	0.00827	0.01240	0.00620	0.00465	0.00465	0.00155	0.00620	0.00413	0.00207	0.00517
28	0.00567	0.00405	0.00540	0.00648	0.00675	0.00378	0.00432	0.00648	0.00891	0.01188	0.02564	0.83347	0.03077	0.01457	0.00594	0.00189	0.00270	0.01323	0.00432	0.00378
29	0.01122	0.01075	0.01835	0.11527	0.72309	0.01098	0.01413	0.01402	0.01045	0.01484	0.00870	0.01161	0.00724	0.00420	0.00461	0.00140	0.00560	0.00414	0.00228	0.00713
30	0.01624	0.00947	0.01480	0.01832	0.40575	0.00892	0.01052	0.01852	0.01197	0.41688	0.01360	0.01370	0.00946	0.00496	0.00464	0.00141	0.00473	0.00441	0.00405	0.00765
31	0.00993	0.00853	0.03574	0.01660	0.38329	0.00775	0.00935	0.01203	0.01079	0.09033	0.03562	0.06656	0.27925	0.00752	0.00499	0.00148	0.00415	0.00663	0.00345	0.00601
32	0.02087	0.00792	0.01080	0.00828	0.01188	0.00684	0.00684	0.02267	0.01332	0.81071	0.01835	0.01583	0.01152	0.00576	0.00468	0.00144	0.00396	0.00468	0.00576	0.00792
33	0.00947	0.02311	0.74762	0.01378	0.02048	0.01088	0.08102	0.01475	0.00992	0.01475	0.00844	0.01005	0.00599	0.00438	0.00451	0.00148	0.00696	0.00361	0.00200	0.00683
34	0.02018	0.00889	0.05899	0.00858	0.01237	0.00708	0.00746	0.02219	0.01311	0.76285	0.01775	0.01547	0.01118	0.00568	0.00466	0.00144	0.00413	0.00460	0.00553	0.00785
35	0.01139	0.01093	0.01866	0.06464	0.77236	0.01102	0.01422	0.01417	0.01053	0.01505	0.00873	0.01155	0.00732	0.00417	0.00461	0.00139	0.00556	0.00414	0.00229	0.00727
36	0.01807	0.00730	0.00990	0.00780	0.01091	0.00636	0.00636	0.01995	0.01329	0.65535	0.17265	0.01954	0.01787	0.00649	0.00484	0.00144	0.00361	0.00541	0.00563	0.00723
37	0.01559	0.07810	0.01607	0.01796	0.38290	0.00987	0.02844	0.01786	0.01167	0.35569	0.01269	0.01305	0.00902	0.00482	0.00452	0.00138	0.00486	0.00427	0.00376	0.00746
38	0.86937	0.00900	0.00684	0.00612	0.00900	0.01044	0.00504	0.01368	0.00792	0.02087	0.00648	0.00756	0.00504	0.00432	0.00288	0.00144	0.00360	0.00252	0.00288	0.00504
39	0.01151	0.01105	0.01888	0.02855	0.80748	0.01105	0.01428	0.01428	0.01059	0.01520	0.00875	0.01151	0.00737	0.00415	0.00461	0.00138	0.00553	0.00415	0.00230	0.00737
40	0.01074	0.39328	0.45551	0.01086	0.01642	0.01425	0.01301	0.01437	0.00965	0.01302	0.00750	0.00875	0.00593	0.00422	0.00377	0.00126	0.00601	0.00301	0.00198	0.00647
41	0.01027	0.12494	0.20550	0.00832	0.01161	0.00826	0.00837	0.01309	0.01187	0.13934	0.37936	0.02200	0.02441	0.00693	0.00476	0.00140	0.00399	0.00581	0.00402	0.00576

[dist]
# distance from previous block
# <min> <max>
0	1

[block]
# block no. 3 follows, 55 sequences, length 59
# corresponding to MSA columns:
# 477-535
name=unknown_D
#
# <colnr> <probs for GDERKNQSTAVLIFYWHMCP>
#	G	D	E	R	K	N	Q	S	T	A	V	L	I	F	Y	W	H	M	C	P
0	0.01247	0.01319	0.23258	0.01123	0.01602	0.00857	0.15001	0.01572	0.01091	0.20968	0.02959	0.01232	0.00864	0.00450	0.00443	0.00126	0.00527	0.00404	0.00326	0.24630
1	0.00989	0.00841	0.00978	0.00700	0.01113	0.00645	0.00561	0.03510	0.01001	0.01558	0.00836	0.00969	0.00692	0.00351	0.00348	0.00071	0.00350	0.00280	0.00281	0.83926
2	0.10748	0.01065	0.01464	0.01782	0.37257	0.01105	0.01046	0.17286	0.07737	0.14256	0.01131	0.01216	0.00843	0.00488	0.00445	0.00142	0.00484	0.00415	0.00357	0.00731
3	0.01151	0.01105	0.01888	0.02855	0.80748	0.01105	0.01428	0.01428	0.01059	0.01520	0.00875	0.01151	0.00737	0.00415	0.00461	0.00138	0.00553	0.00415	0.00230	0.00737
4	0.01078	0.01031	0.01756	0.24253	0.59923	0.01086	0.01391	0.01364	0.01025	0.01431	0.00862	0.01175	0.00706	0.00428	0.00462	0.00143	0.00571	0.00414	0.00224	0.00678
5	0.01129	0.00856	0.01069	0.00854	0.04903	0.00697	0.02423	0.01408	0.05926	0.11463	0.01024	0.01105	0.00795	0.00396	0.00378	0.00089	0.00372	0.00328	0.00322	0.64463
6	0.01493	0.01499	0.01182	0.01027	0.01282	0.34816	0.00791	0.27858	0.03822	0.01792	0.01282	0.14216	0.03002	0.00679	0.00465	0.00138	0.00594	0.00526	0.00359	0.03177
7	0.03770	0.00752	0.01127	0.00949	0.01137	0.00790	0.15314	0.03126	0.15643	0.01451	0.09985	0.04509	0.01605	0.17483	0.19917	0.00352	0.00652	0.00600	0.00335	0.00502
8	0.00611	0.00451	0.00571	0.00589	0.00678	0.00411	0.00424	0.00769	0.01135	0.01545	0.42758	0.30448	0.15580	0.01156	0.00564	0.00162	0.00239	0.01024	0.00473	0.00411
9	0.01161	0.00972	0.01440	0.51585	0.11146	0.01131	0.01189	0.20252	0.01263	0.04033	0.00933	0.01211	0.00690	0.00486	0.00465	0.00149	0.00580	0.00416	0.00283	0.00616
10	0.01559	0.01011	0.01610	0.01202	0.01572	0.00974	0.24766	0.18645	0.01445	0.30994	0.09957	0.01587	0.01288	0.00556	0.00501	0.00147	0.00521	0.00523	0.00440	0.00703
11	0.86937	0.00900	0.00684	0.00612	0.00900	0.01044	0.00504	0.01368	0.00792	0.02087	0.00648	0.00756	0.00504	0.00432	0.00288	0.00144	0.00360	0.00252	0.00288	0.00504
12	0.01073	0.00835	0.00912	0.00812	0.01036	0.00915	0.00635	0.10234	0.41148	0.03622	0.18179	0.02257	0.06830	0.00727	0.00484	0.00150	0.00335	0.02014	0.07171	0.00632
13	0.01738	0.02217	0.01318	0.01199	0.01438	0.81783	0.00899	0.01858	0.01318	0.01139	0.00719	0.00839	0.00599	0.00479	0.00419	0.00120	0.00839	0.00300	0.00240	0.00539
14	0.01272	0.00984	0.01063	0.00937	0.01213	0.01112	0.00734	0.04199	0.69594	0.10571	0.01869	0.01705	0.01377	0.00623	0.00473	0.00156	0.00374	0.00517	0.00484	0.00744
15	0.00658	0.00476	0.00622	0.00585	0.00695	0.00439	0.00439	0.00878	0.01317	0.01866	0.80503	0.03475	0.04390	0.00951	0.00549	0.00146	0.00219	0.00841	0.00512	0.00439
16	0.01004	0.00839	0.00920	0.00836	0.01052	0.00937	0.00645	0.01983	0.55777	0.01921	0.26030	0.02270	0.02332	0.00729	0.00497	0.00154	0.00323	0.00623	0.00485	0.00645
17	0.01152	0.01094	0.01797	0.02648	0.72101	0.01111	0.01353	0.01541	0.09632	0.01566	0.00986	0.01215	0.00811	0.00438	0.00462	0.00140	0.00533	0.00427	0.00257	0.00737
18	0.00766	0.00471	0.00638	0.00706	0.00785	0.00441	0.00519	0.00883	0.00972	0.09911	0.02466	0.59854	0.02793	0.01329	0.00589	0.00189	0.00313	0.15496	0.00447	0.00432
19	0.00621	0.00474	0.00570	0.00546	0.00672	0.00423	0.00409	0.00805	0.01228	0.01655	0.54339	0.03821	0.30685	0.01029	0.00549	0.00150	0.00225	0.00890	0.00484	0.00423
20	0.00933	0.02406	0.81240	0.01326	0.02014	0.01080	0.01719	0.01473	0.00982	0.01473	0.00835	0.00982	0.00589	0.00442	0.00442	0.00147	0.00688	0.00344	0.00196	0.00688
21	0.01104	0.01239	0.02652	0.02058	0.10946	0.01169	0.70619	0.01483	0.01094	0.01493	0.00934	0.01244	0.00709	0.00395	0.00539	0.00155	0.00759	0.00534	0.00235	0.00639
22	0.01151	0.01105	0.01888	0.02855	0.80748	0.01105	0.01428	0.01428	0.01059	0.01520	0.00875	0.01151	0.00737	0.00415	0.00461	0.00138	0.00553	0.00415	0.00230	0.00737
23	0.01151	0.01105	0.01888	0.02855	0.80748	0.01105	0.01428	0.01428	0.01059	0.01520	0.00875	0.01151	0.00737	0.00415	0.00461	0.00138	0.00553	0.00415	0.00230	0.00737
24	0.02087	0.00792	0.01080	0.00828	0.01188	0.00684	0.00684	0.02267	0.01332	0.81071	0.01835	0.01583	0.01152	0.00576	0.00468	0.00144	0.00396	0.00468	0.00576	0.00792
25	0.01134	0.01257	0.02673	0.01913	0.02379	0.01191	0.74906	0.05618	0.01156	0.01567	0.00951	0.01248	0.00710	0.00401	0.00545	0.00156	0.00770	0.00542	0.00248	0.00636
26	0.00572	0.00409	0.00546	0.00654	0.00684	0.00383	0.00442	0.00658	0.00896	0.01194	0.02561	0.80931	0.03065	0.01452	0.00595	0.00190	0.00275	0.03683	0.00432	0.00379
27	0.00658	0.00476	0.00622	0.00585	0.00695	0.00439	0.00439	0.00878	0.01317	0.01866	0.80503	0.03475	0.04390	0.00951	0.00549	0.00146	0.00219	0.00841	0.00512	0.00439
28	0.00668	0.00470	0.00583	0.00555	0.00670	0.00433	0.00416	0.00875	0.01248	0.01777	0.62658	0.03408	0.13346	0.00934	0.00525	0.00144	0.00221	0.00814	0.09822	0.00433
29	0.00550	0.00471	0.00471	0.00471	0.00628	0.00393	0.00353	0.00668	0.01060	0.01257	0.04713	0.04477	0.80560	0.01178	0.00550	0.00157	0.00236	0.00982	0.00432	0.00393
30	0.02027	0.00889	0.01140	0.00874	0.01236	0.00828	0.00722	0.16868	0.01494	0.66241	0.01699	0.01495	0.01083	0.00573	0.00467	0.00143	0.00418	0.00459	0.00555	0.00792
31	0.01134	0.00993	0.01387	0.01179	0.01218	0.01344	0.00981	0.01244	0.00780	0.09812	0.00744	0.01079	0.00669	0.00788	0.01412	0.00197	0.73840	0.00414	0.00244	0.00540
32	0.01244	0.83930	0.02438	0.00796	0.01194	0.01841	0.00796	0.01393	0.00945	0.01095	0.00647	0.00746	0.00597	0.00398	0.00299	0.00100	0.00498	0.00249	0.00199	0.00597
33	0.00681	0.00471	0.00601	0.00569	0.00678	0.00438	0.00427	0.00900	0.01280	0.01851	0.71916	0.03286	0.04042	0.00907	0.00524	0.00142	0.00219	0.00797	0.09832	0.00438
34	0.01237	0.82189	0.04121	0.00807	0.01212	0.01825	0.00816	0.01395	0.00946	0.01103	0.00651	0.00751	0.00597	0.00399	0.00302	0.00101	0.00502	0.00251	0.00199	0.00599
35	0.00965	0.00827	0.00965	0.00689	0.01102	0.00620	0.00551	0.01171	0.00965	0.01516	0.00827	0.00965	0.00689	0.00345	0.00345	0.00069	0.00345	0.00276	0.00276	0.86494
36	0.00558	0.00441	0.00502	0.00551	0.00649	0.00386	0.00389	0.00659	0.00983	0.01225	0.03739	0.40212	0.45453	0.01305	0.00570	0.00172	0.00251	0.01136	0.00432	0.00386
37	0.00933	0.02406	0.81240	0.01326	0.02014	0.01080	0.01719	0.01473	0.00982	0.01473	0.00835	0.00982	0.00589	0.00442	0.00442	0.00147	0.00688	0.00344	0.00196	0.00688
38	0.00576	0.00414	0.00547	0.00637	0.00676	0.00385	0.00431	0.00673	0.00941	0.01263	0.11089	0.72774	0.05076	0.01396	0.00588	0.00184	0.00264	0.01262	0.00441	0.00385
39	0.00658	0.00476	0.00622	0.00585	0.00695	0.00439	0.00439	0.00878	0.01317	0.01866	0.80503	0.03475	0.04390	0.00951	0.00549	0.00146	0.00219	0.00841	0.00512	0.00439
40	0.00591	0.00437	0.00553	0.00605	0.00677	0.00399	0.00426	0.00716	0.01033	0.01378	0.23025	0.47815	0.16680	0.01276	0.00576	0.00173	0.00254	0.02537	0.00453	0.00397
41	0.00710	0.00529	0.00688	0.00666	0.00694	0.00601	0.00463	0.00777	0.00704	0.00986	0.01299	0.02413	0.01395	0.47551	0.29125	0.00524	0.09673	0.00587	0.00262	0.00352
42	0.00567	0.00405	0.00540	0.00648	0.00675	0.00378	0.00432	0.00648	0.00891	0.01188	0.02564	0.83347	0.03077	0.01457	0.00594	0.00189	0.00270	0.01323	0.00432	0.00378
43	0.00965	0.00827	0.00965	0.00689	0.01102	0.00620	0.00551	0.01171	0.00965	0.01516	0.00827	0.00965	0.00689	0.00345	0.00345	0.00069	0.00345	0.00276	0.00276	0.86494
44	0.02053	0.00847	0.01114	0.00854	0.01215	0.00766	0.00706	0.10631	0.01425	0.72575	0.01757	0.01533	0.01112	0.00574	0.00468	0.00143	0.00408	0.00463	0.00564	0.00792
45	0.00567	0.00405	0.00540	0.00648	0.00675	0.00378	0.00432	0.00648	0.00891	0.01188	0.02564	0.83347	0.03077	0.01457	0.00594	0.00189	0.00270	0.01323	0.00432	0.00378
46	0.00867	0.00434	0.00434	0.00434	0.00542	0.00434	0.00325	0.01084	0.00976	0.01734	0.01518	0.01734	0.01192	0.00542	0.00325	0.00108	0.00217	0.00434	0.86233	0.00434
47	0.00879	0.00827	0.01395	0.82532	0.03204	0.01034	0.01292	0.01189	0.00930	0.01189	0.00827	0.01240	0.00620	0.00465	0.00465	0.00155	0.00620	0.00413	0.00207	0.00517
48	0.01151	0.01105	0.01888	0.02855	0.80748	0.01105	0.01428	0.01428	0.01059	0.01520	0.00875	0.01151	0.00737	0.00415	0.00461	0.00138	0.00553	0.00415	0.00230	0.00737
49	0.00750	0.00535	0.00750	0.00857	0.00964	0.00535	0.00750	0.00964	0.01071	0.01392	0.02463	0.05248	0.02677	0.01285	0.00643	0.00214	0.00428	0.77617	0.00428	0.00428
50	0.86937	0.00900	0.00684	0.00612	0.00900	0.01044	0.00504	0.01368	0.00792	0.02087	0.00648	0.00756	0.00504	0.00432	0.00288	0.00144	0.00360	0.00252	0.00288	0.00504
51	0.00647	0.00475	0.00607	0.00574	0.00688	0.00434	0.00430	0.00857	0.01291	0.01804	0.72858	0.03576	0.12073	0.00974	0.00549	0.00147	0.00221	0.00856	0.00504	0.00434
52	0.00965	0.00827	0.00965	0.00689	0.01102	0.00620	0.00551	0.01171	0.00965	0.01516	0.00827	0.00965	0.00689	0.00345	0.00345	0.00069	0.00345	0.00276	0.00276	0.86494
53	0.00665	0.00498	0.00748	0.00748	0.00831	0.00582	0.00582	0.00831	0.00748	0.01080	0.01246	0.01828	0.01163	0.03489	0.81807	0.00748	0.01246	0.00498	0.00249	0.00415
54	0.00856	0.00436	0.00444	0.00442	0.00550	0.00434	0.00331	0.01073	0.00994	0.01741	0.05713	0.01827	0.01362	0.00564	0.00337	0.00110	0.00217	0.00455	0.81680	0.00434
55	0.00555	0.00471	0.00478	0.00477	0.00631	0.00395	0.00357	0.00677	0.01072	0.01285	0.08225	0.04431	0.77030	0.01168	0.00550	0.00157	0.00235	0.00975	0.00436	0.00395
56	0.00615	0.00474	0.00562	0.00540	0.00669	0.00421	0.00405	0.00795	0.01215	0.01624	0.50486	0.03872	0.34557	0.01041	0.00549	0.00151	0.00226	0.00897	0.00480	0.00421
57	0.01122	0.01075	0.01835	0.11518	0.72318	0.01098	0.01413	0.01402	0.01045	0.01484	0.00870	0.01161	0.00724	0.00420	0.00461	0.00140	0.00560	0.00414	0.00228	0.00713
58	0.81660	0.00905	0.00716	0.00631	0.00924	0.01039	0.00520	0.03224	0.00845	0.05163	0.00705	0.00796	0.00536	0.00440	0.00299	0.00144	0.00365	0.00264	0.00303	0.00522

[dist]
# distance from previous block
# <min> <max>
0	1

[block]
# block no. 4 follows, 55 sequences, length 79
# corresponding to MSA columns:
# 537-615
name=unknown_E
#
# <colnr> <probs for GDERKNQSTAVLIFYWHMCP>
#	G	D	E	R	K	N	Q	S	T	A	V	L	I	F	Y	W	H	M	C	P
0	0.01117	0.01070	0.01825	0.13030	0.70846	0.01096	0.01410	0.01397	0.01043	0.01478	0.00869	0.01163	0.00722	0.00421	0.00461	0.00140	0.00561	0.00414	0.00227	0.00709
1	0.01945	0.01020	0.01221	0.00936	0.01301	0.01022	0.00773	0.36603	0.01713	0.46196	0.01515	0.01375	0.00991	0.00568	0.00467	0.00142	0.00448	0.00446	0.00527	0.00791
2	0.00879	0.00827	0.01395	0.82532	0.03204	0.01034	0.01292	0.01189	0.00930	0.01189	0.00827	0.01240	0.00620	0.00465	0.00465	0.00155	0.00620	0.00413	0.00207	0.00517
3	0.00567	0.00405	0.00540	0.00648	0.00675	0.00378	0.00432	0.00648	0.00891	0.01188	0.02564	0.83347	0.03077	0.01457	0.00594	0.00189	0.00270	0.01323	0.00432	0.00378
4	0.86937	0.00900	0.00684	0.00612	0.00900	0.01044	0.00504	0.01368	0.00792	0.02087	0.00648	0.00756	0.00504	0.00432	0.00288	0.00144	0.00360	0.00252	0.00288	0.00504
5	0.00973	0.00847	0.01296	0.29992	0.01972	0.00944	0.10880	0.01527	0.22511	0.04450	0.06140	0.11557	0.01445	0.00676	0.00504	0.00161	0.00493	0.02707	0.00348	0.00577
6	0.00582	0.00417	0.00555	0.00644	0.00683	0.00389	0.00439	0.00684	0.00949	0.01278	0.12515	0.71518	0.03236	0.01389	0.00589	0.00184	0.00267	0.02853	0.00442	0.00387
7	0.00841	0.00516	0.00680	0.00616	0.00758	0.00470	0.00470	0.01055	0.01319	0.11980	0.70457	0.03234	0.03976	0.00903	0.00538	0.00146	0.00242	0.00794	0.00520	0.00484
8	0.11844	0.00800	0.01119	0.41737	0.02070	0.03691	0.00961	0.01129	0.00862	0.01267	0.00908	0.01320	0.00758	0.01340	0.23633	0.00324	0.05106	0.00413	0.00230	0.00487
9	0.00839	0.00773	0.01286	0.72075	0.02881	0.00950	0.01182	0.01120	0.00925	0.01188	0.01049	0.11726	0.00934	0.00592	0.00482	0.00159	0.00575	0.00530	0.00235	0.00499
10	0.01151	0.01105	0.01888	0.02855	0.80748	0.01105	0.01428	0.01428	0.01059	0.01520	0.00875	0.01151	0.00737	0.00415	0.00461	0.00138	0.00553	0.00415	0.00230	0.00737
11	0.01235	0.01038	0.01096	0.00963	0.01239	0.01194	0.00755	0.12270	0.69983	0.02072	0.01794	0.01657	0.01340	0.00622	0.00472	0.00155	0.00387	0.00512	0.00472	0.00743
12	0.00841	0.00439	0.00458	0.00453	0.00562	0.00434	0.00340	0.01058	0.01019	0.01751	0.11604	0.01957	0.01601	0.00594	0.00354	0.00113	0.00217	0.00486	0.75286	0.00434
13	0.01276	0.00973	0.01055	0.00932	0.01207	0.01097	0.00730	0.02446	0.69874	0.12050	0.01886	0.01716	0.01386	0.00624	0.00473	0.00156	0.00372	0.00519	0.00486	0.00743
14	0.01379	0.00733	0.00849	0.00729	0.00973	0.00745	0.00577	0.01924	0.25639	0.29210	0.01744	0.01683	0.01249	0.00581	0.00421	0.00136	0.00326	0.00474	0.29976	0.00651
15	0.00600	0.00432	0.00568	0.00621	0.00681	0.00401	0.00433	0.00733	0.01051	0.01438	0.31192	0.52409	0.05175	0.01266	0.00576	0.00173	0.00251	0.01139	0.00461	0.00401
16	0.02047	0.00780	0.01058	0.00815	0.01166	0.00676	0.00672	0.02229	0.01320	0.78477	0.01825	0.01588	0.01153	0.00575	0.00463	0.00143	0.00390	0.00467	0.03377	0.00780
17	0.00569	0.00406	0.00542	0.00646	0.00675	0.00379	0.00432	0.00653	0.00900	0.01203	0.04342	0.81524	0.03107	0.01446	0.00593	0.00188	0.00269	0.01312	0.00434	0.00379
18	0.01148	0.00994	0.01095	0.00969	0.01235	0.01140	0.03407	0.02404	0.75273	0.01925	0.01852	0.01719	0.01390	0.00621	0.00472	0.00157	0.00379	0.00524	0.02570	0.00725
19	0.12293	0.01408	0.01685	0.01327	0.01669	0.21396	0.27673	0.08956	0.15807	0.01696	0.01041	0.01163	0.00793	0.00479	0.00461	0.00145	0.00642	0.00432	0.00309	0.00625
20	0.00657	0.00474	0.00620	0.00587	0.00695	0.00438	0.00439	0.00873	0.01308	0.01851	0.78857	0.05162	0.04362	0.00962	0.00550	0.00147	0.00221	0.00851	0.00510	0.00438
21	0.01200	0.45468	0.29386	0.01030	0.01507	0.11788	0.01126	0.01480	0.01006	0.01230	0.00721	0.00839	0.00595	0.00424	0.00363	0.00119	0.00606	0.00288	0.00203	0.00621
22	0.06742	0.01714	0.01194	0.01034	0.01320	0.52571	0.00794	0.01812	0.01244	0.15109	0.00922	0.00979	0.00701	0.00476	0.00411	0.00119	0.00671	0.00323	0.00305	0.11558
23	0.03834	0.01815	0.11504	0.01127	0.01473	0.39519	0.00967	0.22503	0.01496	0.10014	0.00955	0.01007	0.00704	0.00505	0.00436	0.00132	0.00674	0.00353	0.00331	0.00651
24	0.01244	0.83930	0.02438	0.00796	0.01194	0.01841	0.00796	0.01393	0.00945	0.01095	0.00647	0.00746	0.00597	0.00398	0.00299	0.00100	0.00498	0.00249	0.00199	0.00597
25	0.01071	0.01023	0.01743	0.26356	0.57877	0.01084	0.01388	0.01357	0.01021	0.01422	0.00861	0.01178	0.00702	0.00429	0.00462	0.00143	0.00573	0.00414	0.00223	0.00672
26	0.03632	0.00793	0.01036	0.00796	0.01147	0.00687	0.00652	0.03960	0.01290	0.61750	0.06308	0.01581	0.01257	0.00563	0.00452	0.00134	0.00381	0.00458	0.00522	0.12603
27	0.01726	0.01918	0.01262	0.01127	0.01384	0.63656	0.00856	0.01969	0.08894	0.11424	0.00975	0.01020	0.00749	0.00506	0.00431	0.00127	0.00737	0.00343	0.00305	0.00591
28	0.00617	0.00426	0.00525	0.00584	0.00599	0.00411	0.00364	0.00661	0.00793	0.01058	0.02064	0.46803	0.02446	0.38861	0.01401	0.00308	0.00352	0.01029	0.00364	0.00334
29	0.28588	0.00931	0.00988	0.00814	0.01133	0.00987	0.00662	0.11460	0.17358	0.30402	0.01385	0.01297	0.00958	0.00540	0.00412	0.00146	0.00393	0.00406	0.00451	0.00690
30	0.01230	0.01131	0.01825	0.02628	0.70621	0.01148	0.01358	0.11359	0.01203	0.01700	0.00906	0.01147	0.00744	0.00433	0.00461	0.00138	0.00547	0.00415	0.00260	0.00744
31	0.00588	0.00434	0.00550	0.00604	0.00673	0.00396	0.00421	0.00710	0.01027	0.01372	0.22868	0.50348	0.15734	0.01283	0.00575	0.00173	0.00252	0.01145	0.00452	0.00396
32	0.00625	0.00452	0.00590	0.00603	0.00686	0.00417	0.00434	0.00795	0.01166	0.01620	0.52129	0.30392	0.06095	0.01128	0.00564	0.00161	0.00237	0.01007	0.00483	0.00417
33	0.00933	0.02406	0.81240	0.01326	0.02014	0.01080	0.01719	0.01473	0.00982	0.01473	0.00835	0.00982	0.00589	0.00442	0.00442	0.00147	0.00688	0.00344	0.00196	0.00688
34	0.01570	0.00932	0.01083	0.00903	0.01211	0.00978	0.00722	0.08351	0.41122	0.33736	0.03039	0.01654	0.01310	0.00608	0.00472	0.00151	0.00388	0.00499	0.00514	0.00758
35	0.00608	0.00474	0.00552	0.00533	0.00664	0.00418	0.00400	0.00781	0.01199	0.01585	0.45563	0.03937	0.39505	0.01056	0.00549	0.00151	0.00227	0.00906	0.00475	0.00418
36	0.01107	0.01067	0.01843	0.15247	0.65808	0.01097	0.04231	0.01393	0.01041	0.01467	0.00870	0.01169	0.00718	0.00422	0.00464	0.00141	0.00572	0.00419	0.00227	0.00699
37	0.01242	0.01060	0.01069	0.00955	0.01222	0.05903	0.00743	0.02425	0.70992	0.06193	0.01821	0.01674	0.01357	0.00619	0.00470	0.00155	0.00398	0.00509	0.00465	0.00728
38	0.01738	0.02217	0.01318	0.01199	0.01438	0.81783	0.00899	0.01858	0.01318	0.01139	0.00719	0.00839	0.00599	0.00479	0.00419	0.00120	0.00839	0.00300	0.00240	0.00539
39	0.00673	0.00466	0.00581	0.00581	0.00606	0.00491	0.00374	0.00724	0.00698	0.00957	0.01399	0.02672	0.01529	0.59095	0.26702	0.00542	0.00695	0.00622	0.00272	0.00323
40	0.01738	0.02217	0.01318	0.01199	0.01438	0.81783	0.00899	0.01858	0.01318	0.01139	0.00719	0.00839	0.00599	0.00479	0.00419	0.00120	0.00839	0.00300	0.00240	0.00539
41	0.01092	0.44112	0.40927	0.01055	0.01594	0.01469	0.01247	0.01432	0.00963	0.01280	0.00739	0.00862	0.00593	0.00419	0.00369	0.00123	0.00590	0.00295	0.00198	0.00641
42	0.00879	0.00827	0.01395	0.82532	0.03204	0.01034	0.01292	0.01189	0.00930	0.01189	0.00827	0.01240	0.00620	0.00465	0.00465	0.00155	0.00620	0.00413	0.00207	0.00517
43	0.00870	0.00738	0.01014	0.00912	0.00942	0.00948	0.00714	0.00964	0.00728	0.03076	0.01018	0.01748	0.01036	0.22377	0.21980	0.00402	0.39356	0.00500	0.00244	0.00435
44	0.01139	0.56542	0.28912	0.00974	0.01469	0.01585	0.01106	0.01420	0.00958	0.01222	0.00710	0.00826	0.00594	0.00413	0.00347	0.00116	0.00561	0.00281	0.00198	0.00627
45	0.00972	0.12558	0.71428	0.01260	0.01911	0.01175	0.01604	0.01463	0.00978	0.01426	0.00811	0.00953	0.00590	0.00437	0.00424	0.00141	0.00664	0.00332	0.00197	0.00676
46	0.00550	0.00471	0.00471	0.00471	0.00628	0.00393	0.00353	0.00668	0.01060	0.01257	0.04713	0.04477	0.80560	0.01178	0.00550	0.00157	0.00236	0.00982	0.00432	0.00393
47	0.00886	0.00835	0.01409	0.80287	0.05390	0.01036	0.01296	0.01195	0.00934	0.01198	0.00828	0.01238	0.00623	0.00464	0.00465	0.00155	0.00618	0.00413	0.00207	0.00523
48	0.00967	0.00917	0.01555	0.56718	0.28328	0.01057	0.01336	0.01266	0.00972	0.01296	0.00842	0.01212	0.00658	0.00449	0.00464	0.00150	0.00598	0.00414	0.00214	0.00588
49	0.01018	0.01018	0.01425	0.01221	0.01221	0.01425	0.01018	0.01120	0.00712	0.01120	0.00611	0.01018	0.00611	0.00814	0.01527	0.00204	0.82799	0.00407	0.00204	0.00509
50	0.00808	0.00404	0.00606	0.00606	0.00606	0.00404	0.00404	0.00606	0.00606	0.00808	0.00808	0.01414	0.00808	0.01616	0.01818	0.86465	0.00404	0.00404	0.00202	0.00202
51	0.86937	0.00900	0.00684	0.00612	0.00900	0.01044	0.00504	0.01368	0.00792	0.02087	0.00648	0.00756	0.00504	0.00432	0.00288	0.00144	0.00360	0.00252	0.00288	0.00504
52	0.86937	0.00900	0.00684	0.00612	0.00900	0.01044	0.00504	0.01368	0.00792	0.02087	0.00648	0.00756	0.00504	0.00432	0.00288	0.00144	0.00360	0.00252	0.00288	0.00504
53	0.86937	0.00900	0.00684	0.00612	0.00900	0.01044	0.00504	0.01368	0.00792	0.02087	0.00648	0.00756	0.00504	0.00432	0.00288	0.00144	0.00360	0.00252	0.00288	0.00504
54	0.00576	0.00442	0.00528	0.00571	0.00661	0.00394	0.00404	0.00694	0.01027	0.01329	0.16637	0.40260	0.32271	0.01267	0.00570	0.00170	0.00249	0.01113	0.00446	0.00394
55	0.00590	0.00422	0.00567	0.00674	0.00712	0.00398	0.00472	0.00688	0.00914	0.01214	0.02551	0.73373	0.03026	0.01435	0.00600	0.00192	0.00290	0.11066	0.00431	0.00384
56	0.76060	0.00951	0.00775	0.00670	0.00969	0.01095	0.00552	0.11307	0.00970	0.02195	0.00708	0.00802	0.00541	0.00448	0.00311	0.00143	0.00379	0.00273	0.00311	0.00541
57	0.01409	0.01180	0.01165	0.00906	0.01254	0.11319	0.00722	0.33751	0.01511	0.04032	0.00997	0.01151	0.00791	0.05387	0.00527	0.00129	0.00485	0.00367	0.00358	0.32558
