[name]
unknown

[dist]
# distance from previous block
# <min> <max>
3	14

[block]
# block no. 0 follows, 53 sequences, length 13
# corresponding to MSA columns:
# 16-28
name=unknown_A
#
# <colnr> <probs for GDERKNQSTAVLIFYWHMCP>
#	G	D	E	R	K	N	Q	S	T	A	V	L	I	F	Y	W	H	M	C	P
0	0.01034	0.00984	0.01671	0.44929	0.39388	0.01097	0.01393	0.01336	0.01018	0.01381	0.00873	0.01231	0.00693	0.00453	0.00476	0.00151	0.00605	0.00425	0.00224	0.00637
1	0.01482	0.01054	0.01133	0.00939	0.01231	0.05683	0.00757	0.29937	0.14257	0.14390	0.14951	0.01986	0.01716	0.00694	0.00500	0.00150	0.00442	0.05348	0.00484	0.02864
2	0.01805	0.01683	0.01405	0.01148	0.01481	0.30760	0.00914	0.50481	0.01920	0.02336	0.00998	0.01043	0.00740	0.00544	0.00461	0.00136	0.00649	0.00385	0.00393	0.00718
3	0.00623	0.00534	0.00553	0.00514	0.00712	0.00435	0.00391	0.00756	0.01076	0.01327	0.04302	0.04112	0.69294	0.01095	0.00536	0.00149	0.00257	0.00911	0.00422	0.12003
4	0.00582	0.00416	0.00555	0.00666	0.00693	0.00388	0.00444	0.00666	0.00915	0.01220	0.02634	0.82891	0.03161	0.01497	0.00610	0.00194	0.00277	0.01359	0.00444	0.00388
5	0.01258	0.78382	0.07437	0.00852	0.01280	0.01842	0.00878	0.01436	0.00974	0.01149	0.00677	0.00782	0.00613	0.00412	0.00316	0.00105	0.00523	0.00262	0.00204	0.00619
6	0.01080	0.01031	0.01754	0.31961	0.51997	0.01109	0.01416	0.01377	0.01040	0.01437	0.00881	0.01216	0.00713	0.00445	0.00475	0.00148	0.00593	0.00425	0.00228	0.00674
7	0.01127	0.00858	0.01010	0.00742	0.01150	0.00683	0.00594	0.01416	0.06535	0.09913	0.01036	0.01114	0.00811	0.00400	0.00377	0.00085	0.00361	0.00322	0.00330	0.71138
8	0.00593	0.00433	0.00559	0.00638	0.00691	0.00398	0.00436	0.00700	0.00993	0.01322	0.13332	0.63907	0.11444	0.01397	0.00599	0.00185	0.00267	0.01255	0.00455	0.00398
9	0.01653	0.01569	0.12131	0.01140	0.01544	0.09821	0.01015	0.54764	0.07401	0.02544	0.01121	0.01143	0.00809	0.00554	0.00470	0.00144	0.00575	0.00415	0.00417	0.00767
10	0.01093	0.01043	0.01777	0.28425	0.55436	0.01112	0.01422	0.01388	0.01046	0.01452	0.00883	0.01212	0.00718	0.00443	0.00475	0.00148	0.00590	0.00426	0.00229	0.00684
11	0.75109	0.00980	0.00802	0.00692	0.01000	0.01128	0.00571	0.11855	0.01007	0.02262	0.00731	0.00827	0.00558	0.00461	0.00320	0.00147	0.00391	0.00282	0.00320	0.00558
12	0.01183	0.01136	0.01940	0.02934	0.80221	0.01136	0.01467	0.01467	0.01088	0.01562	0.00899	0.01183	0.00757	0.00426	0.00473	0.00142	0.00568	0.00426	0.00237	0.00757

[dist]
# distance from previous block
# <min> <max>
0	3

[block]
# block no. 1 follows, 53 sequences, length 69
# corresponding to MSA columns:
# 32-100
name=unknown_B
#
# <colnr> <probs for GDERKNQSTAVLIFYWHMCP>
#	G	D	E	R	K	N	Q	S	T	A	V	L	I	F	Y	W	H	M	C	P
0	0.35598	0.12300	0.01199	0.00851	0.01166	0.08134	0.00705	0.15357	0.15834	0.02045	0.01009	0.01050	0.00777	0.00506	0.00377	0.00141	0.00458	0.00348	0.01513	0.00630
1	0.00982	0.02312	0.70183	0.01451	0.02127	0.01123	0.12148	0.01516	0.01025	0.01516	0.00873	0.01047	0.00622	0.00447	0.00469	0.00153	0.00720	0.00382	0.00207	0.00698
2	0.00661	0.00488	0.00618	0.00585	0.00705	0.00445	0.00439	0.00873	0.01317	0.01832	0.69802	0.03710	0.14730	0.01009	0.00564	0.00152	0.00228	0.00884	0.00515	0.00445
3	0.01817	0.01339	0.01434	0.01100	0.01482	0.01482	0.00908	0.78627	0.02247	0.03012	0.01148	0.01148	0.00813	0.00574	0.00478	0.00143	0.00526	0.00430	0.00478	0.00813
4	0.00799	0.00754	0.01371	0.01156	0.01330	0.00746	0.26006	0.00989	0.00969	0.01316	0.01922	0.49374	0.02153	0.01084	0.00675	0.00185	0.07308	0.01020	0.00358	0.00483
5	0.01836	0.01308	0.01415	0.01085	0.01467	0.01436	0.00896	0.74110	0.02195	0.07603	0.01191	0.01176	0.00835	0.00575	0.00478	0.00144	0.00519	0.00433	0.00485	0.00813
6	0.00960	0.00596	0.00667	0.00617	0.00799	0.00555	0.00471	0.08689	0.01200	0.12259	0.03184	0.15617	0.36362	0.00999	0.00513	0.00155	0.00295	0.00841	0.14718	0.00504
7	0.00684	0.00486	0.00631	0.00615	0.00683	0.00491	0.00432	0.00821	0.00990	0.01389	0.34553	0.03011	0.02775	0.29182	0.20796	0.00405	0.00561	0.00722	0.00381	0.00391
8	0.02144	0.00813	0.01109	0.00850	0.01220	0.00702	0.00702	0.02329	0.01368	0.80552	0.01886	0.01627	0.01183	0.00592	0.00481	0.00148	0.00407	0.00481	0.00592	0.00813
9	0.00598	0.00422	0.00550	0.00646	0.00670	0.00398	0.00423	0.00670	0.00885	0.01180	0.02482	0.72096	0.02969	0.12555	0.00857	0.00231	0.00302	0.01269	0.00423	0.00375
10	0.00588	0.00431	0.00552	0.00635	0.00689	0.00396	0.00433	0.00689	0.00976	0.01289	0.09551	0.65507	0.13679	0.01414	0.00600	0.00186	0.00268	0.01269	0.00451	0.00396
11	0.00695	0.00463	0.00521	0.00521	0.00521	0.00463	0.00290	0.00695	0.00695	0.00927	0.01506	0.03128	0.01738	0.83203	0.02433	0.00463	0.00463	0.00695	0.00290	0.00290
12	0.01817	0.01339	0.01434	0.01100	0.01482	0.01482	0.00908	0.78627	0.02247	0.03012	0.01148	0.01148	0.00813	0.00574	0.00478	0.00143	0.00526	0.00430	0.00478	0.00813
13	0.00959	0.02472	0.80726	0.01362	0.02069	0.01110	0.01766	0.01514	0.01009	0.01514	0.00858	0.01009	0.00605	0.00454	0.00454	0.00151	0.00706	0.00353	0.00202	0.00706
14	0.00592	0.00466	0.00536	0.00567	0.00680	0.00410	0.00412	0.00719	0.01074	0.01362	0.14712	0.28256	0.43752	0.01268	0.00581	0.00171	0.00256	0.03323	0.00455	0.00407
15	0.00671	0.00488	0.00631	0.00595	0.00711	0.00449	0.00446	0.00891	0.01339	0.01885	0.76117	0.03623	0.08381	0.00989	0.00564	0.00151	0.00226	0.00872	0.00522	0.00449
16	0.01128	0.01289	0.02820	0.02015	0.02498	0.01209	0.78485	0.01531	0.01128	0.01531	0.00967	0.01289	0.00725	0.00403	0.00564	0.00161	0.00806	0.00564	0.00242	0.00645
17	0.00683	0.00512	0.00768	0.00768	0.00853	0.00597	0.00597	0.00853	0.00768	0.01110	0.01280	0.01878	0.01195	0.03585	0.81308	0.00768	0.01280	0.00512	0.00256	0.00427
18	0.01673	0.01183	0.01267	0.00988	0.01327	0.01298	0.00811	0.64489	0.02027	0.04395	0.01229	0.01260	0.00887	0.00571	0.00455	0.00138	0.00474	0.00434	0.14338	0.00753
19	0.01105	0.01449	0.13363	0.01926	0.02440	0.01195	0.68103	0.01529	0.01112	0.01529	0.00952	0.01251	0.00709	0.00410	0.00549	0.00160	0.00792	0.00536	0.00236	0.00653
20	0.01614	0.01267	0.01517	0.01407	0.13752	0.01426	0.01014	0.56088	0.01861	0.02534	0.01038	0.01139	0.00779	0.00586	0.00625	0.00152	0.11603	0.00428	0.00404	0.00765
21	0.01070	0.01033	0.01540	0.60804	0.06263	0.06778	0.06294	0.07925	0.01111	0.01406	0.00877	0.01231	0.00662	0.00480	0.00480	0.00155	0.00652	0.00426	0.00240	0.00574
22	0.00763	0.00494	0.00626	0.00586	0.00708	0.00459	0.00442	0.00987	0.01299	0.04734	0.64901	0.03221	0.03877	0.00898	0.00525	0.00144	0.00232	0.00785	0.13859	0.00463
23	0.01271	0.01126	0.01291	0.01055	0.01290	0.12139	0.11214	0.26363	0.01364	0.01753	0.01192	0.03390	0.01090	0.20823	0.11000	0.00300	0.01913	0.00524	0.00336	0.00567
24	0.01205	0.00993	0.01065	0.00951	0.01206	0.01126	0.00738	0.14173	0.56695	0.02052	0.01914	0.12660	0.01588	0.00752	0.00502	0.00164	0.00388	0.00634	0.00479	0.00715
25	0.00817	0.00620	0.00718	0.00648	0.00817	0.00602	0.00499	0.11415	0.04016	0.01893	0.45656	0.03471	0.25046	0.00977	0.00550	0.00153	0.00276	0.00835	0.00495	0.00497
26	0.04452	0.00942	0.01176	0.00863	0.01274	0.00814	0.05705	0.11870	0.01217	0.13000	0.01038	0.01114	0.00784	0.00424	0.00400	0.00100	0.00415	0.00349	0.00351	0.53712
27	0.01086	0.34801	0.49513	0.01145	0.01733	0.01422	0.01388	0.01481	0.00994	0.01358	0.00781	0.00912	0.00609	0.00436	0.00395	0.00132	0.00628	0.00314	0.00203	0.00669
28	0.00582	0.00416	0.00555	0.00666	0.00693	0.00388	0.00444	0.00666	0.00915	0.01220	0.02634	0.82891	0.03161	0.01497	0.00610	0.00194	0.00277	0.01359	0.00444	0.00388
29	0.01236	0.01297	0.02604	0.01872	0.02339	0.01251	0.66366	0.13575	0.01303	0.01762	0.00995	0.01267	0.00739	0.00430	0.00551	0.00158	0.00762	0.00543	0.00279	0.00671
30	0.01452	0.01743	0.13669	0.01143	0.01488	0.29928	0.00995	0.12450	0.28720	0.01763	0.01235	0.01246	0.00936	0.00552	0.00460	0.00144	0.00623	0.00413	0.00355	0.00684
31	0.01040	0.00990	0.01683	0.43162	0.41107	0.01098	0.01396	0.01342	0.01021	0.01388	0.00874	0.01229	0.00696	0.00452	0.00476	0.00151	0.00603	0.00425	0.00224	0.00642
32	0.00581	0.00419	0.00551	0.00656	0.00691	0.00389	0.00440	0.00667	0.00924	0.01224	0.02748	0.78877	0.07102	0.01483	0.00608	0.00192	0.00275	0.01341	0.00444	0.00389
33	0.01179	0.00992	0.01385	0.01180	0.01232	0.01324	0.00979	0.01295	0.00822	0.11896	0.00850	0.02838	0.00765	0.00863	0.02737	0.00210	0.68180	0.00448	0.00267	0.00558
34	0.01283	0.43895	0.20833	0.01118	0.07016	0.01503	0.01080	0.08105	0.01133	0.06602	0.02854	0.01013	0.00774	0.00461	0.00386	0.00124	0.00549	0.00336	0.00263	0.00672
35	0.00697	0.00522	0.00663	0.00744	0.00819	0.00525	0.00543	0.00976	0.11563	0.01362	0.02523	0.58431	0.02859	0.01352	0.00602	0.00194	0.00319	0.14408	0.00449	0.00447
36	0.86579	0.00924	0.00702	0.00629	0.00924	0.01072	0.00518	0.01405	0.00813	0.02144	0.00666	0.00776	0.00518	0.00444	0.00296	0.00148	0.00370	0.00259	0.00296	0.00518
37	0.01013	0.01020	0.01977	0.01881	0.22487	0.01004	0.35461	0.01308	0.01009	0.01407	0.01052	0.01497	0.00898	0.05418	0.20038	0.00317	0.00840	0.00522	0.00246	0.00604
38	0.01395	0.72301	0.02316	0.00822	0.01226	0.01730	0.00802	0.01553	0.01025	0.11873	0.00830	0.00883	0.00690	0.00434	0.00330	0.00108	0.00497	0.00286	0.00257	0.00640
39	0.00674	0.00488	0.00636	0.00605	0.00716	0.00450	0.00454	0.00894	0.01333	0.01881	0.75543	0.05622	0.05770	0.00999	0.00566	0.00153	0.00230	0.02016	0.00521	0.00448
40	0.86579	0.00924	0.00702	0.00629	0.00924	0.01072	0.00518	0.01405	0.00813	0.02144	0.00666	0.00776	0.00518	0.00444	0.00296	0.00148	0.00370	0.00259	0.00296	0.00518
41	0.01195	0.00953	0.01202	0.00990	0.01264	0.01030	0.11185	0.15493	0.32633	0.02046	0.03432	0.01703	0.02890	0.00599	0.00462	0.00146	0.00418	0.00518	0.21180	0.00662
42	0.00903	0.00850	0.01434	0.82054	0.03292	0.01062	0.01327	0.01221	0.00956	0.01221	0.00850	0.01274	0.00637	0.00478	0.00478	0.00159	0.00637	0.00425	0.00212	0.00531
43	0.00605	0.00484	0.00543	0.00553	0.00689	0.00423	0.00418	0.00752	0.01132	0.01429	0.20534	0.11136	0.51862	0.01193	0.00575	0.00166	0.00256	0.06376	0.00461	0.00415
44	0.00583	0.00474	0.00516	0.00528	0.00662	0.00408	0.00388	0.00712	0.01098	0.01365	0.14664	0.16691	0.57799	0.01224	0.00572	0.00165	0.00245	0.01044	0.00455	0.00408
45	0.01278	0.83490	0.02505	0.00818	0.01227	0.01891	0.00818	0.01431	0.00971	0.01125	0.00664	0.00767	0.00613	0.00409	0.00307	0.00102	0.00511	0.00256	0.00204	0.00613
46	0.00580	0.00425	0.00545	0.00641	0.00687	0.00390	0.00433	0.00668	0.00939	0.01230	0.02933	0.72296	0.13563	0.01459	0.00604	0.00190	0.00273	0.01311	0.00444	0.00390
47	0.00721	0.00556	0.00819	0.00819	0.00901	0.00654	0.00654	0.00894	0.00810	0.01156	0.01402	0.02292	0.01364	0.03077	0.64565	0.00653	0.07092	0.10857	0.00278	0.00436
48	0.00677	0.00461	0.00544	0.00553	0.00575	0.00451	0.00336	0.00723	0.00828	0.01121	0.13916	0.13991	0.02363	0.59300	0.01894	0.00378	0.00401	0.00811	0.00347	0.00328
49	0.00694	0.00519	0.00675	0.00669	0.00777	0.00509	0.00523	0.00884	0.01172	0.01604	0.42541	0.03832	0.13880	0.05470	0.06417	0.00227	0.03173	0.15541	0.00456	0.00435
50	0.00903	0.00850	0.01434	0.82054	0.03292	0.01062	0.01327	0.01221	0.00956	0.01221	0.00850	0.01274	0.00637	0.00478	0.00478	0.00159	0.00637	0.00425	0.00212	0.00531
51	0.00959	0.02472	0.80726	0.01362	0.02069	0.01110	0.01766	0.01514	0.01009	0.01514	0.00858	0.01009	0.00605	0.00454	0.00454	0.00151	0.00706	0.00353	0.00202	0.00706
52	0.00984	0.00933	0.01581	0.58986	0.25721	0.01083	0.01368	0.01293	0.00994	0.01320	0.00864	0.01248	0.00672	0.00463	0.00476	0.00154	0.00617	0.00425	0.00219	0.00597
53	0.01800	0.01844	0.01391	0.01170	0.01480	0.44371	0.00917	0.37395	0.01767	0.02022	0.00928	0.00994	0.00707	0.00530	0.00453	0.00133	0.00707	0.00364	0.00354	0.00674
54	0.08153	0.01152	0.01248	0.00996	0.01317	0.01278	0.00813	0.58052	0.01869	0.03679	0.01181	0.03320	0.00919	0.02139	0.11433	0.00234	0.00607	0.00456	0.00432	0.00720
55	0.01177	0.01130	0.01929	0.04624	0.78578	0.01134	0.01464	0.01462	0.01085	0.01554	0.00898	0.01185	0.00755	0.00427	0.00473	0.00142	0.00569	0.00426	0.00236	0.00752
56	0.00903	0.00850	0.01434	0.82054	0.03292	0.01062	0.01327	0.01221	0.00956	0.01221	0.00850	0.01274	0.00637	0.00478	0.00478	0.00159	0.00637	0.00425	0.00212	0.00531
57	0.00959	0.02472	0.80726	0.01362	0.02069	0.01110	0.01766	0.01514	0.01009	0.01514	0.00858	0.01009	0.00605	0.00454	0.00454	0.00151	0.00706	0.00353	0.00202	0.00706
58	0.01189	0.01027	0.01081	0.00973	0.01243	0.01189	0.00757	0.02540	0.79357	0.01999	0.01945	0.01783	0.01459	0.00648	0.00486	0.00162	0.00378	0.00540	0.00486	0.00757
59	0.01145	0.01097	0.01872	0.13641	0.69810	0.01126	0.01448	0.01434	0.01070	0.01515	0.00892	0.01195	0.00741	0.00433	0.00474	0.00144	0.00577	0.00426	0.00233	0.00726
60	0.00582	0.00416	0.00555	0.00666	0.00693	0.00388	0.00444	0.00666	0.00915	0.01220	0.02634	0.82891	0.03161	0.01497	0.00610	0.00194	0.00277	0.01359	0.00444	0.00388
61	0.00828	0.00713	0.00736	0.00690	0.00898	0.00735	0.00529	0.01468	0.34109	0.01590	0.03620	0.03412	0.46881	0.00973	0.00532	0.00162	0.00300	0.00811	0.00462	0.00552
62	0.01508	0.01861	0.01973	0.01562	0.01908	0.47502	0.33645	0.01749	0.01259	0.01322	0.00835	0.01042	0.00662	0.00455	0.00487	0.00139	0.00838	0.00416	0.00244	0.00592
63	0.00768	0.00549	0.00767	0.00874	0.00984	0.00548	0.00763	0.00988	0.01106	0.01442	0.04311	0.05350	0.02791	0.01312	0.00658	0.00218	0.00435	0.75253	0.00442	0.00440
64	0.00628	0.00450	0.00587	0.00682	0.00723	0.00429	0.00461	0.03559	0.00965	0.01287	0.02579	0.79857	0.03074	0.01463	0.00605	0.00192	0.00287	0.01324	0.00445	0.00404
65	0.00587	0.00430	0.00553	0.00649	0.00698	0.00396	0.00445	0.00680	0.00946	0.01238	0.02929	0.69419	0.13548	0.01452	0.00606	0.00191	0.00279	0.04119	0.00444	0.00392
66	0.00705	0.00538	0.03498	0.00553	0.00579	0.00487	0.00344	0.00725	0.00707	0.00949	0.01482	0.03049	0.01696	0.80132	0.02359	0.00452	0.00472	0.00682	0.00286	0.00305
67	0.00674	0.00498	0.00578	0.00551	0.00698	0.00436	0.00416	0.00845	0.01220	0.04518	0.39005	0.04020	0.42651	0.01081	0.00561	0.00156	0.00241	0.00923	0.00487	0.00440
68	0.01123	0.01070	0.01820	0.13557	0.66859	0.01098	0.01410	0.01404	0.01064	0.01503	0.00957	0.04228	0.00830	0.00473	0.00479	0.00146	0.00566	0.00460	0.00241	0.00713

[dist]
# distance from previous block
# <min> <max>
0	1

[block]
# block no. 2 follows, 53 sequences, length 17
# corresponding to MSA columns:
# 102-118
name=unknown_C
#
# <colnr> <probs for GDERKNQSTAVLIFYWHMCP>
#	G	D	E	R	K	N	Q	S	T	A	V	L	I	F	Y	W	H	M	C	P
0	0.01174	0.01036	0.01177	0.01131	0.06445	0.01214	0.00833	0.02325	0.66037	0.01882	0.01740	0.01667	0.01326	0.00653	0.00598	0.00166	0.08902	0.00520	0.00441	0.00732
1	0.00781	0.00553	0.00684	0.00662	0.00778	0.00539	0.00489	0.08917	0.01294	0.01815	0.43908	0.26731	0.03519	0.01063	0.00554	0.00160	0.00272	0.00940	0.05872	0.00470
2	0.00867	0.00490	0.00759	0.00863	0.08889	0.00490	0.00524	0.00710	0.00671	0.00906	0.00837	0.01425	0.00823	0.01532	0.01723	0.77167	0.00431	0.00416	0.00211	0.00265
3	0.01081	0.01013	0.01705	0.02549	0.66724	0.01009	0.01293	0.01331	0.01059	0.01504	0.01194	0.15050	0.01165	0.00608	0.00496	0.00151	0.00519	0.00584	0.00272	0.00694
4	0.01446	0.01542	0.01159	0.01047	0.01297	0.36693	0.00800	0.04179	0.36182	0.01640	0.01356	0.01357	0.01048	0.00570	0.00449	0.00140	0.00584	0.00426	0.07442	0.00642
5	0.00582	0.00416	0.00555	0.00666	0.00693	0.00388	0.00444	0.00666	0.00915	0.01220	0.02634	0.82891	0.03161	0.01497	0.00610	0.00194	0.00277	0.01359	0.00444	0.00388
6	0.00695	0.00463	0.00521	0.00521	0.00521	0.00463	0.00290	0.00695	0.00695	0.00927	0.01506	0.03128	0.01738	0.83203	0.02433	0.00463	0.00463	0.00695	0.00290	0.00290
7	0.86579	0.00924	0.00702	0.00629	0.00924	0.01072	0.00518	0.01405	0.00813	0.02144	0.00666	0.00776	0.00518	0.00444	0.00296	0.00148	0.00370	0.00259	0.00296	0.00518
8	0.01165	0.01118	0.01908	0.07918	0.75375	0.01131	0.01458	0.01451	0.01080	0.01540	0.00896	0.01189	0.00750	0.00429	0.00473	0.00143	0.00572	0.00426	0.00235	0.00743
9	0.01001	0.13133	0.70433	0.01291	0.01958	0.01213	0.01641	0.01503	0.01004	0.01462	0.00832	0.00977	0.00607	0.00448	0.00435	0.00145	0.00681	0.00340	0.00202	0.00694
10	0.01984	0.00779	0.01049	0.00816	0.01162	0.00673	0.00670	0.02165	0.01347	0.72320	0.04579	0.01904	0.06994	0.00649	0.00489	0.00149	0.00389	0.00531	0.00579	0.00772
11	0.01121	0.43755	0.40868	0.01085	0.01640	0.01508	0.01283	0.01472	0.00990	0.01315	0.00759	0.00886	0.00609	0.00431	0.00379	0.00126	0.00607	0.00303	0.00203	0.00659
12	0.01183	0.01136	0.01940	0.02934	0.80221	0.01136	0.01467	0.01467	0.01088	0.01562	0.00899	0.01183	0.00757	0.00426	0.00473	0.00142	0.00568	0.00426	0.00237	0.00757
13	0.00582	0.00416	0.00555	0.00666	0.00693	0.00388	0.00444	0.00666	0.00915	0.01220	0.02634	0.82891	0.03161	0.01497	0.00610	0.00194	0.00277	0.01359	0.00444	0.00388
14	0.00959	0.02472	0.80726	0.01362	0.02069	0.01110	0.01766	0.01514	0.01009	0.01514	0.00858	0.01009	0.00605	0.00454	0.00454	0.00151	0.00706	0.00353	0.00202	0.00706
15	0.01059	0.01067	0.01582	0.01407	0.06124	0.01427	0.06171	0.01195	0.00780	0.01200	0.00666	0.01070	0.00642	0.00783	0.01436	0.00202	0.72002	0.00428	0.00213	0.00545
16	0.02055	0.00794	0.01081	0.00835	0.01189	0.00687	0.00687	0.02243	0.01367	0.75785	0.06619	0.01745	0.01385	0.00615	0.00486	0.00148	0.00396	0.00504	0.00588	0.00791

[dist]
# distance from previous block
# <min> <max>
0	1

[block]
# block no. 3 follows, 53 sequences, length 77
# corresponding to MSA columns:
# 120-196
name=unknown_D
#
# <colnr> <probs for GDERKNQSTAVLIFYWHMCP>
#	G	D	E	R	K	N	Q	S	T	A	V	L	I	F	Y	W	H	M	C	P
0	0.01278	0.83490	0.02505	0.00818	0.01227	0.01891	0.00818	0.01431	0.00971	0.01125	0.00664	0.00767	0.00613	0.00409	0.00307	0.00102	0.00511	0.00256	0.00204	0.00613
1	0.01278	0.83490	0.02505	0.00818	0.01227	0.01891	0.00818	0.01431	0.00971	0.01125	0.00664	0.00767	0.00613	0.00409	0.00307	0.00102	0.00511	0.00256	0.00204	0.00613
2	0.00982	0.02335	0.72625	0.01524	0.10104	0.01113	0.01735	0.01509	0.01017	0.01519	0.00862	0.01027	0.00621	0.00451	0.00456	0.00150	0.00692	0.00361	0.00205	0.00712
3	0.00990	0.00865	0.01105	0.47285	0.02219	0.09110	0.00964	0.01257	0.01012	0.01398	0.01068	0.01396	0.00826	0.00505	0.00426	0.00140	0.00526	0.00419	0.27983	0.00506
4	0.01189	0.01027	0.01081	0.00973	0.01243	0.01189	0.00757	0.02540	0.79357	0.01999	0.01945	0.01783	0.01459	0.00648	0.00486	0.00162	0.00378	0.00540	0.00486	0.00757
5	0.00683	0.00512	0.00768	0.00768	0.00853	0.00597	0.00597	0.00853	0.00768	0.01110	0.01280	0.01878	0.01195	0.03585	0.81308	0.00768	0.01280	0.00512	0.00256	0.00427
6	0.00683	0.00512	0.00768	0.00768	0.00853	0.00597	0.00597	0.00853	0.00768	0.01110	0.01280	0.01878	0.01195	0.03585	0.81308	0.00768	0.01280	0.00512	0.00256	0.00427
7	0.00565	0.00484	0.00484	0.00484	0.00646	0.00403	0.00363	0.00686	0.01089	0.01291	0.04842	0.04600	0.80027	0.01210	0.00565	0.00161	0.00242	0.01009	0.00444	0.00403
8	0.00565	0.00484	0.00484	0.00484	0.00646	0.00403	0.00363	0.00686	0.01089	0.01291	0.04842	0.04600	0.80027	0.01210	0.00565	0.00161	0.00242	0.01009	0.00444	0.00403
9	0.00959	0.02472	0.80726	0.01362	0.02069	0.01110	0.01766	0.01514	0.01009	0.01514	0.00858	0.01009	0.00605	0.00454	0.00454	0.00151	0.00706	0.00353	0.00202	0.00706
10	0.01203	0.01115	0.01795	0.10805	0.61322	0.01158	0.01365	0.07428	0.06068	0.01665	0.00979	0.01227	0.00793	0.00457	0.00475	0.00145	0.00560	0.00433	0.00268	0.00738
11	0.01048	0.20152	0.54941	0.01315	0.01931	0.01293	0.10016	0.01497	0.01014	0.01430	0.00827	0.00987	0.00620	0.00439	0.00434	0.00142	0.00674	0.00355	0.00207	0.00679
12	0.01080	0.00847	0.01000	0.00719	0.01139	0.00642	0.00577	0.01290	0.01020	0.07617	0.00929	0.01040	0.00744	0.00372	0.00364	0.00077	0.00358	0.00298	0.00307	0.79580
13	0.00609	0.00444	0.00574	0.00651	0.00710	0.00412	0.00458	0.00725	0.01004	0.01335	0.13613	0.56833	0.11199	0.02739	0.00633	0.00191	0.00281	0.06737	0.00452	0.00401
14	0.00668	0.00488	0.00627	0.00592	0.00709	0.00447	0.00444	0.00885	0.01333	0.01869	0.74206	0.03649	0.10303	0.00995	0.00564	0.00151	0.00227	0.00875	0.00520	0.00447
15	0.01785	0.02278	0.01354	0.01231	0.01478	0.81284	0.00924	0.01909	0.01354	0.01170	0.00739	0.00862	0.00616	0.00493	0.00431	0.00123	0.00862	0.00308	0.00246	0.00554
16	0.01186	0.01085	0.01540	0.02021	0.43460	0.01160	0.01136	0.01966	0.37520	0.01765	0.01386	0.01462	0.01084	0.00529	0.00479	0.00151	0.00480	0.00479	0.00353	0.00757
17	0.00693	0.00470	0.00554	0.00554	0.00566	0.00481	0.00331	0.00716	0.00705	0.00951	0.01476	0.02961	0.01665	0.72557	0.12979	0.00504	0.00573	0.00671	0.00285	0.00308
18	0.00565	0.00484	0.00484	0.00484	0.00646	0.00403	0.00363	0.00686	0.01089	0.01291	0.04842	0.04600	0.80027	0.01210	0.00565	0.00161	0.00242	0.01009	0.00444	0.00403
19	0.01817	0.01339	0.01434	0.01100	0.01482	0.01482	0.00908	0.78627	0.02247	0.03012	0.01148	0.01148	0.00813	0.00574	0.00478	0.00143	0.00526	0.00430	0.00478	0.00813
20	0.00676	0.00489	0.00639	0.00601	0.00714	0.00451	0.00451	0.00902	0.01353	0.01917	0.79969	0.03570	0.04510	0.00977	0.00564	0.00150	0.00225	0.00864	0.00526	0.00451
21	0.00991	0.00850	0.00991	0.00708	0.01133	0.00637	0.00566	0.01203	0.00991	0.01557	0.00850	0.00991	0.00708	0.00354	0.00354	0.00071	0.00354	0.00283	0.00283	0.86124
22	0.01183	0.01136	0.01940	0.02934	0.80221	0.01136	0.01467	0.01467	0.01088	0.01562	0.00899	0.01183	0.00757	0.00426	0.00473	0.00142	0.00568	0.00426	0.00237	0.00757
23	0.01278	0.83490	0.02505	0.00818	0.01227	0.01891	0.00818	0.01431	0.00971	0.01125	0.00664	0.00767	0.00613	0.00409	0.00307	0.00102	0.00511	0.00256	0.00204	0.00613
24	0.01183	0.01136	0.01940	0.02934	0.80221	0.01136	0.01467	0.01467	0.01088	0.01562	0.00899	0.01183	0.00757	0.00426	0.00473	0.00142	0.00568	0.00426	0.00237	0.00757
25	0.62145	0.01023	0.00965	0.00953	0.09181	0.01154	0.00687	0.15672	0.01106	0.02245	0.00779	0.00887	0.00597	0.00466	0.00348	0.00146	0.00419	0.00308	0.00323	0.00597
26	0.01622	0.01209	0.01296	0.01024	0.01353	0.01341	0.00826	0.61034	0.11797	0.02670	0.01285	0.01431	0.00989	0.09079	0.00680	0.00179	0.00501	0.00471	0.00460	0.00752
27	0.00581	0.00423	0.00547	0.00647	0.00688	0.00390	0.00435	0.00668	0.00933	0.01227	0.02861	0.74841	0.11064	0.01468	0.00605	0.00191	0.00274	0.01323	0.00444	0.00390
28	0.01785	0.02278	0.01354	0.01231	0.01478	0.81284	0.00924	0.01909	0.01354	0.01170	0.00739	0.00862	0.00616	0.00493	0.00431	0.00123	0.00862	0.00308	0.00246	0.00554
29	0.00919	0.00473	0.00498	0.00479	0.00608	0.00460	0.00362	0.01140	0.01041	0.04402	0.07564	0.01891	0.01460	0.00584	0.00357	0.00114	0.00233	0.00474	0.73958	0.02982
30	0.05825	0.00867	0.01122	0.00864	0.01232	0.00791	0.00714	0.09389	0.01425	0.69890	0.01763	0.01545	0.01119	0.00583	0.00472	0.00147	0.00416	0.00466	0.00568	0.00800
31	0.01388	0.01414	0.01086	0.00969	0.01193	0.38174	0.02092	0.01653	0.07941	0.09613	0.22093	0.01986	0.07024	0.00689	0.00487	0.00139	0.00565	0.00543	0.00389	0.00562
32	0.00695	0.00463	0.00521	0.00521	0.00521	0.00463	0.00290	0.00695	0.00695	0.00927	0.01506	0.03128	0.01738	0.83203	0.02433	0.00463	0.00463	0.00695	0.00290	0.00290
33	0.01046	0.00835	0.00913	0.00823	0.01051	0.00909	0.00638	0.03887	0.46562	0.05055	0.19251	0.02535	0.12890	0.00793	0.00513	0.00158	0.00331	0.00670	0.00493	0.00645
34	0.10826	0.00825	0.01067	0.00828	0.01190	0.00741	0.00683	0.02234	0.01311	0.72490	0.01760	0.01539	0.01115	0.00576	0.00462	0.00148	0.00403	0.00458	0.00561	0.00783
35	0.86579	0.00924	0.00702	0.00629	0.00924	0.01072	0.00518	0.01405	0.00813	0.02144	0.00666	0.00776	0.00518	0.00444	0.00296	0.00148	0.00370	0.00259	0.00296	0.00518
36	0.00565	0.00484	0.00484	0.00484	0.00646	0.00403	0.00363	0.00686	0.01089	0.01291	0.04842	0.04600	0.80027	0.01210	0.00565	0.00161	0.00242	0.01009	0.00444	0.00403
37	0.00639	0.00487	0.00588	0.00562	0.00691	0.00435	0.00422	0.00830	0.01266	0.01709	0.55044	0.03912	0.29565	0.01055	0.00564	0.00154	0.00231	0.00912	0.00499	0.00435
38	0.01001	0.02175	0.61126	0.01526	0.02177	0.01135	0.21068	0.01518	0.01039	0.01518	0.00885	0.01080	0.00636	0.00441	0.00482	0.00154	0.00731	0.00406	0.00212	0.00691
39	0.08036	0.00821	0.01081	0.00835	0.01199	0.00728	0.00690	0.02265	0.01329	0.75081	0.01801	0.01567	0.01137	0.00581	0.00468	0.00148	0.00404	0.00465	0.00571	0.00793
40	0.00666	0.00486	0.00614	0.00583	0.00692	0.00447	0.00430	0.00864	0.01275	0.01776	0.66226	0.03642	0.12062	0.07309	0.00707	0.00175	0.00245	0.00866	0.00500	0.00434
41	0.00582	0.00416	0.00555	0.00666	0.00693	0.00388	0.00444	0.00666	0.00915	0.01220	0.02634	0.82891	0.03161	0.01497	0.00610	0.00194	0.00277	0.01359	0.00444	0.00388
42	0.01472	0.01274	0.01297	0.01187	0.07088	0.09524	0.00879	0.29342	0.38346	0.02241	0.01463	0.01420	0.01092	0.00590	0.00477	0.00150	0.00494	0.00469	0.00441	0.00756
43	0.01328	0.01697	0.09434	0.01172	0.01367	0.39646	0.00977	0.01485	0.01085	0.01207	0.00984	0.12361	0.00973	0.00724	0.00774	0.00160	0.23340	0.00490	0.00259	0.00538
44	0.01127	0.00645	0.00675	0.00596	0.00773	0.00671	0.00467	0.17407	0.01276	0.04656	0.01484	0.01644	0.01137	0.00562	0.00369	0.00119	0.00292	0.00443	0.65123	0.00535
45	0.77860	0.01064	0.00770	0.00691	0.00981	0.09319	0.00559	0.01457	0.00869	0.02044	0.00673	0.00785	0.00528	0.00449	0.00310	0.00145	0.00420	0.00264	0.00291	0.00521
46	0.00695	0.00463	0.00521	0.00521	0.00521	0.00463	0.00290	0.00695	0.00695	0.00927	0.01506	0.03128	0.01738	0.83203	0.02433	0.00463	0.00463	0.00695	0.00290	0.00290
47	0.01088	0.00902	0.01016	0.00798	0.01164	0.00822	0.00632	0.01684	0.27566	0.04326	0.01331	0.01349	0.02472	0.00478	0.00407	0.00106	0.00362	0.00391	0.00365	0.52744
48	0.01020	0.00483	0.00514	0.00487	0.00625	0.00472	0.00372	0.01239	0.01040	0.09881	0.01593	0.01766	0.01221	0.00560	0.00349	0.00115	0.00242	0.00449	0.77089	0.00483
49	0.01220	0.01260	0.02076	0.02606	0.57733	0.07613	0.17415	0.01516	0.01118	0.01524	0.00900	0.01179	0.00739	0.00426	0.00489	0.00144	0.00641	0.00445	0.00238	0.00717
50	0.00676	0.00489	0.00639	0.00601	0.00714	0.00451	0.00451	0.00902	0.01353	0.01917	0.79969	0.03570	0.04510	0.00977	0.00564	0.00150	0.00225	0.00864	0.00526	0.00451
51	0.01349	0.01106	0.01171	0.01005	0.01304	0.01264	0.00795	0.21971	0.59665	0.02258	0.01742	0.01621	0.01294	0.00629	0.00484	0.00157	0.00416	0.00512	0.00484	0.00771
52	0.01994	0.00780	0.01061	0.00825	0.01168	0.00677	0.00677	0.02183	0.01366	0.72467	0.09914	0.01827	0.01525	0.00631	0.00489	0.00148	0.00388	0.00520	0.00585	0.00776
53	0.01046	0.01046	0.01464	0.01255	0.01255	0.01464	0.01046	0.01150	0.00732	0.01150	0.00627	0.01046	0.00627	0.00837	0.01569	0.00209	0.82328	0.00418	0.00209	0.00523
54	0.00810	0.00429	0.00643	0.00643	0.00655	0.00441	0.00441	0.00655	0.00643	0.00869	0.00893	0.01512	0.00881	0.01929	0.12940	0.74202	0.00536	0.00429	0.00214	0.00238
55	0.01046	0.01046	0.01464	0.01255	0.01255	0.01464	0.01046	0.01150	0.00732	0.01150	0.00627	0.01046	0.00627	0.00837	0.01569	0.00209	0.82328	0.00418	0.00209	0.00523
56	0.01171	0.01295	0.10030	0.02740	0.70696	0.02649	0.01487	0.01480	0.01085	0.01549	0.00892	0.01159	0.00739	0.00430	0.00470	0.00143	0.00588	0.00416	0.00233	0.00748
57	0.86579	0.00924	0.00702	0.00629	0.00924	0.01072	0.00518	0.01405	0.00813	0.02144	0.00666	0.00776	0.00518	0.00444	0.00296	0.00148	0.00370	0.00259	0.00296	0.00518
58	0.01189	0.01027	0.01081	0.00973	0.01243	0.01189	0.00757	0.02540	0.79357	0.01999	0.01945	0.01783	0.01459	0.00648	0.00486	0.00162	0.00378	0.00540	0.00486	0.00757
59	0.01189	0.01027	0.01081	0.00973	0.01243	0.01189	0.00757	0.02540	0.79357	0.01999	0.01945	0.01783	0.01459	0.00648	0.00486	0.00162	0.00378	0.00540	0.00486	0.00757
60	0.00684	0.00507	0.00743	0.00743	0.00819	0.00584	0.00566	0.00837	0.00761	0.01091	0.01303	0.02006	0.01251	0.11771	0.73199	0.00737	0.01196	0.00531	0.00260	0.00413
61	0.00770	0.00550	0.00770	0.00880	0.00990	0.00550	0.00770	0.00990	0.01100	0.01430	0.02531	0.05391	0.02751	0.01320	0.00660	0.00220	0.00440	0.77004	0.00440	0.00440
62	0.00691	0.00482	0.00591	0.00564	0.00683	0.00444	0.00423	0.00902	0.01268	0.01812	0.58734	0.03462	0.14412	0.00951	0.00532	0.00146	0.00227	0.00826	0.12408	0.00444
63	0.01183	0.01136	0.01940	0.02934	0.80221	0.01136	0.01467	0.01467	0.01088	0.01562	0.00899	0.01183	0.00757	0.00426	0.00473	0.00142	0.00568	0.00426	0.00237	0.00757
64	0.00695	0.00463	0.00521	0.00521	0.00521	0.00463	0.00290	0.00695	0.00695	0.00927	0.01506	0.03128	0.01738	0.83203	0.02433	0.00463	0.00463	0.00695	0.00290	0.00290
65	0.00998	0.12490	0.71054	0.01295	0.01965	0.01207	0.01649	0.01503	0.01004	0.01466	0.00834	0.00979	0.00606	0.00449	0.00436	0.00145	0.00682	0.00341	0.00202	0.00695
66	0.01253	0.77210	0.08568	0.00860	0.01292	0.01831	0.00891	0.01438	0.00974	0.01155	0.00679	0.00786	0.00613	0.00412	0.00318	0.00106	0.00526	0.00263	0.00204	0.00621
67	0.01004	0.00858	0.01018	0.00894	0.00950	0.04071	0.00673	0.10306	0.00921	0.01272	0.01103	0.02018	0.01165	0.39057	0.01795	0.00316	0.31303	0.00544	0.00280	0.00451
68	0.00676	0.00489	0.00639	0.00601	0.00714	0.00451	0.00451	0.00902	0.01353	0.01917	0.79969	0.03570	0.04510	0.00977	0.00564	0.00150	0.00225	0.00864	0.00526	0.00451
69	0.00565	0.00484	0.00484	0.00484	0.00646	0.00403	0.00363	0.00686	0.01089	0.01291	0.04842	0.04600	0.80027	0.01210	0.00565	0.00161	0.00242	0.01009	0.00444	0.00403
70	0.02044	0.00975	0.01209	0.00927	0.01301	0.00942	0.00766	0.25743	0.01638	0.56757	0.01659	0.01480	0.01070	0.00586	0.00480	0.00147	0.00443	0.00465	0.00557	0.00813
71	0.00903	0.00850	0.01434	0.82054	0.03292	0.01062	0.01327	0.01221	0.00956	0.01221	0.00850	0.01274	0.00637	0.00478	0.00478	0.00159	0.00637	0.00425	0.00212	0.00531
72	0.01278	0.83490	0.02505	0.00818	0.01227	0.01891	0.00818	0.01431	0.00971	0.01125	0.00664	0.00767	0.00613	0.00409	0.00307	0.00102	0.00511	0.00256	0.00204	0.00613
73	0.01176	0.01128	0.01927	0.04977	0.78234	0.01134	0.01463	0.01461	0.01085	0.01553	0.00898	0.01185	0.00754	0.00427	0.00473	0.00142	0.00570	0.00426	0.00236	0.00751
74	0.01082	0.01213	0.02462	0.01805	0.02218	0.04305	0.65058	0.01432	0.01109	0.01475	0.01178	0.12066	0.01043	0.00551	0.00565	0.00164	0.00738	0.00659	0.00269	0.00607
75	0.00635	0.00454	0.00616	0.00726	0.00777	0.00434	0.00536	0.00757	0.00967	0.01280	0.02605	0.60991	0.03045	0.01447	0.00624	0.00201	0.00323	0.22734	0.00443	0.00403
76	0.01003	0.13764	0.69824	0.01286	0.01951	0.01219	0.01634	0.01502	0.01004	0.01459	0.00831	0.00975	0.00607	0.00448	0.00434	0.00145	0.00679	0.00340	0.00202	0.00693

[dist]
# distance from previous block
# <min> <max>
0	2

# created by:
# /st0/software/busco_prod/Augustus/scripts/msa2prfl.pl ./align_prep/56951.fa
