[name]
unknown

[dist]
# distance from previous block
# <min> <max>
0	190

[block]
# block no. 0 follows, 52 sequences, length 34
# corresponding to MSA columns:
# 190-223
name=unknown_A
#
# <colnr> <probs for GDERKNQSTAVLIFYWHMCP>
#	G	D	E	R	K	N	Q	S	T	A	V	L	I	F	Y	W	H	M	C	P
0	0.00712	0.00451	0.00581	0.00616	0.00634	0.00442	0.00400	0.00704	0.00794	0.01060	0.04633	0.23815	0.02079	0.33910	0.01667	0.21336	0.00398	0.05122	0.00332	0.00314
1	0.01061	0.00999	0.01508	0.41611	0.25362	0.04492	0.01257	0.05662	0.01116	0.01455	0.01228	0.01652	0.05848	0.00563	0.00495	0.00157	0.00594	0.04067	0.00265	0.00610
2	0.01251	0.01291	0.01331	0.04396	0.15654	0.23075	0.05351	0.04097	0.11957	0.01399	0.01168	0.01683	0.01063	0.20753	0.00995	0.00225	0.02949	0.00490	0.00298	0.00574
3	0.00721	0.00497	0.00562	0.00560	0.00646	0.00461	0.00379	0.00798	0.00937	0.04567	0.06518	0.06861	0.29150	0.39298	0.01459	0.00310	0.00369	0.05144	0.00387	0.00377
4	0.06293	0.00668	0.00855	0.00766	0.00944	0.00668	0.03653	0.07544	0.04972	0.06877	0.37855	0.12676	0.05517	0.01091	0.05105	0.00196	0.00379	0.02940	0.00475	0.00527
5	0.01322	0.02088	0.33917	0.06013	0.08906	0.29462	0.01362	0.01653	0.01143	0.03346	0.00842	0.01019	0.00649	0.00501	0.00527	0.00147	0.05860	0.00360	0.00235	0.00647
6	0.00666	0.00474	0.00548	0.00551	0.00606	0.00449	0.00354	0.00741	0.00929	0.01232	0.17568	0.11068	0.16589	0.44358	0.01577	0.00326	0.00364	0.00860	0.00384	0.00356
7	0.01102	0.00926	0.00989	0.00900	0.01136	0.01040	0.00688	0.04976	0.58187	0.01876	0.02120	0.09310	0.06046	0.05930	0.00630	0.00184	0.00377	0.00650	0.00470	0.02463
8	0.01646	0.01920	0.01379	0.08489	0.01635	0.55473	0.00969	0.09707	0.06271	0.01434	0.00871	0.01012	0.00701	0.00539	0.00524	0.00138	0.06052	0.00358	0.00284	0.00597
9	0.01086	0.01525	0.26082	0.14480	0.44293	0.01132	0.01559	0.01464	0.01058	0.01516	0.00891	0.01159	0.00702	0.00449	0.00475	0.00150	0.00630	0.00409	0.00225	0.00717
10	0.00752	0.00603	0.00876	0.00842	0.00909	0.00738	0.00659	0.00903	0.00768	0.01120	0.01207	0.01849	0.01154	0.08174	0.63417	0.00669	0.14152	0.00516	0.00254	0.00440
11	0.01147	0.01106	0.01911	0.16976	0.63242	0.01141	0.04495	0.01445	0.01081	0.01521	0.00905	0.01220	0.00745	0.00440	0.00484	0.00148	0.00598	0.00437	0.00236	0.00722
12	0.00601	0.00492	0.00530	0.00520	0.00672	0.00421	0.00390	0.00750	0.01171	0.01466	0.23401	0.04406	0.61160	0.01169	0.00572	0.00161	0.00241	0.00987	0.00471	0.00421
13	0.00601	0.00456	0.00555	0.00607	0.00692	0.00409	0.00426	0.00722	0.01058	0.01380	0.16536	0.45179	0.26947	0.01339	0.00596	0.00179	0.00261	0.01183	0.00464	0.00409
14	0.00915	0.00861	0.01453	0.81804	0.03338	0.01077	0.01346	0.01238	0.00969	0.01238	0.00861	0.01292	0.00646	0.00484	0.00484	0.00161	0.00646	0.00431	0.00215	0.00538
15	0.86392	0.00937	0.00712	0.00637	0.00937	0.01087	0.00525	0.01425	0.00825	0.02174	0.00675	0.00787	0.00525	0.00450	0.00300	0.00150	0.00375	0.00262	0.00300	0.00525
16	0.00768	0.00554	0.00763	0.00867	0.00982	0.00548	0.00755	0.00985	0.01115	0.01441	0.02713	0.05416	0.07625	0.01332	0.00663	0.00219	0.00434	0.71930	0.00446	0.00444
17	0.00590	0.00469	0.00530	0.00562	0.00677	0.00409	0.00403	0.00712	0.01076	0.01352	0.11965	0.29403	0.47552	0.01295	0.00587	0.00173	0.00255	0.01121	0.00459	0.00409
18	0.01859	0.01331	0.01438	0.01102	0.01489	0.01463	0.00911	0.74510	0.02234	0.06938	0.01201	0.01188	0.00843	0.00583	0.00485	0.00146	0.00527	0.00439	0.00491	0.00824
19	0.00692	0.00519	0.00779	0.00779	0.00865	0.00606	0.00606	0.00865	0.00779	0.01125	0.01298	0.01904	0.01211	0.03634	0.81049	0.00779	0.01298	0.00519	0.00260	0.00433
20	0.45827	0.01092	0.01040	0.00844	0.01185	0.01217	0.00697	0.31675	0.01444	0.09382	0.00975	0.01011	0.00702	0.00515	0.00389	0.00148	0.00440	0.00350	0.00399	0.00669
21	0.01197	0.00741	0.00878	0.00792	0.01009	0.00749	0.00610	0.01736	0.25988	0.20962	0.10913	0.12708	0.10450	0.05536	0.00643	0.00183	0.00353	0.03428	0.00501	0.00623
22	0.00590	0.00422	0.00562	0.00675	0.00703	0.00394	0.00450	0.00675	0.00928	0.01237	0.02671	0.82653	0.03205	0.01518	0.00619	0.00197	0.00281	0.01378	0.00450	0.00394
23	0.00831	0.00426	0.00633	0.00633	0.00636	0.00430	0.00423	0.00643	0.00640	0.00856	0.00886	0.01556	0.00892	0.04971	0.04868	0.79348	0.00456	0.00436	0.00216	0.00222
24	0.01005	0.00861	0.01005	0.00718	0.01148	0.00646	0.00574	0.01220	0.01005	0.01579	0.00861	0.01005	0.00718	0.00359	0.00359	0.00072	0.00359	0.00287	0.00287	0.85932
25	0.00913	0.00557	0.00607	0.00582	0.00730	0.00552	0.00437	0.01251	0.10967	0.06156	0.10344	0.07881	0.14100	0.02852	0.00500	0.00148	0.00270	0.00668	0.39986	0.00499
26	0.86392	0.00937	0.00712	0.00637	0.00937	0.01087	0.00525	0.01425	0.00825	0.02174	0.00675	0.00787	0.00525	0.00450	0.00300	0.00150	0.00375	0.00262	0.00300	0.00525
27	0.01336	0.00869	0.00913	0.00757	0.00997	0.00936	0.00607	0.36685	0.01598	0.02381	0.01389	0.01510	0.01050	0.00572	0.00406	0.00128	0.00367	0.00445	0.46431	0.00623
28	0.00607	0.00438	0.00578	0.00685	0.00728	0.00409	0.00475	0.00706	0.00954	0.01260	0.02778	0.71636	0.07145	0.01487	0.00621	0.00197	0.00294	0.08154	0.00450	0.00399
29	0.00757	0.00516	0.00564	0.00548	0.00713	0.00443	0.00410	0.00886	0.01109	0.09390	0.05465	0.11590	0.58160	0.02970	0.00601	0.00170	0.00270	0.00968	0.04021	0.00450
30	0.01039	0.02036	0.50019	0.01641	0.02268	0.01165	0.31758	0.01542	0.01070	0.01542	0.00913	0.01135	0.00662	0.00440	0.00504	0.00157	0.00756	0.00442	0.00221	0.00692
31	0.01144	0.01307	0.02859	0.02042	0.02533	0.01225	0.78186	0.01552	0.01144	0.01552	0.00980	0.01307	0.00735	0.00408	0.00572	0.00163	0.00817	0.00572	0.00245	0.00654
32	0.01205	0.01041	0.01096	0.00986	0.01260	0.01205	0.00767	0.02575	0.79071	0.02027	0.01972	0.01808	0.01479	0.00657	0.00493	0.00164	0.00384	0.00548	0.00493	0.00767
33	0.00685	0.00471	0.00578	0.00625	0.00674	0.00450	0.00422	0.00762	0.00901	0.02640	0.04574	0.32107	0.10340	0.32833	0.01328	0.00299	0.00369	0.09174	0.00394	0.00372

[dist]
# distance from previous block
# <min> <max>
0	1

[block]
# block no. 1 follows, 52 sequences, length 15
# corresponding to MSA columns:
# 225-239
name=unknown_B
#
# <colnr> <probs for GDERKNQSTAVLIFYWHMCP>
#	G	D	E	R	K	N	Q	S	T	A	V	L	I	F	Y	W	H	M	C	P
0	0.00972	0.02507	0.80458	0.01381	0.02097	0.01125	0.01790	0.01535	0.01023	0.01535	0.00870	0.01023	0.00614	0.00460	0.00460	0.00153	0.00716	0.00358	0.00205	0.00716
1	0.39556	0.01041	0.01377	0.05717	0.40673	0.01119	0.01047	0.01447	0.00971	0.01833	0.00802	0.01018	0.00652	0.00442	0.00399	0.00147	0.00489	0.00355	0.00266	0.00647
2	0.01095	0.01045	0.01778	0.31913	0.51823	0.01124	0.01435	0.01396	0.01054	0.01457	0.00893	0.01233	0.00723	0.00451	0.00481	0.00150	0.00602	0.00431	0.00231	0.00683
3	0.01300	0.01174	0.01301	0.25553	0.01961	0.09201	0.00989	0.16680	0.32839	0.01901	0.01357	0.01434	0.01015	0.00575	0.00483	0.00156	0.00541	0.00467	0.00383	0.00688
4	0.00712	0.00481	0.00576	0.00578	0.00616	0.00463	0.00360	0.00724	0.00770	0.01033	0.01762	0.14899	0.06049	0.50202	0.04055	0.10236	0.00440	0.00763	0.00315	0.04966
5	0.01160	0.01072	0.01738	0.34708	0.22072	0.01208	0.09643	0.12665	0.01195	0.01620	0.00912	0.01232	0.00712	0.00508	0.00585	0.00159	0.07448	0.00447	0.00264	0.00650
6	0.01418	0.05899	0.10336	0.01125	0.01447	0.32256	0.00953	0.02150	0.35977	0.01599	0.01305	0.01303	0.01004	0.00561	0.00458	0.00145	0.00619	0.00420	0.00351	0.00674
7	0.00693	0.00515	0.00756	0.00756	0.00835	0.00593	0.00578	0.00851	0.00772	0.01108	0.01319	0.02018	0.01261	0.10785	0.73966	0.00751	0.01223	0.00536	0.00263	0.00420
8	0.01296	0.83261	0.02539	0.00829	0.01244	0.01917	0.00829	0.01451	0.00985	0.01140	0.00674	0.00777	0.00622	0.00415	0.00311	0.00104	0.00518	0.00259	0.00207	0.00622
9	0.00842	0.00421	0.00631	0.00631	0.00631	0.00421	0.00421	0.00631	0.00631	0.00842	0.00842	0.01473	0.00842	0.01684	0.01894	0.85901	0.00421	0.00421	0.00210	0.00210
10	0.01088	0.05132	0.15473	0.01411	0.14135	0.06287	0.06545	0.01421	0.03656	0.05783	0.04155	0.02772	0.01611	0.00796	0.00543	0.00173	0.00563	0.27505	0.00344	0.00608
11	0.01081	0.01030	0.01753	0.35885	0.47963	0.01120	0.01428	0.01383	0.01047	0.01439	0.00891	0.01238	0.00717	0.00454	0.00482	0.00151	0.00605	0.00431	0.00230	0.00672
12	0.00866	0.00456	0.00456	0.00456	0.00575	0.00447	0.00342	0.01080	0.01026	0.01750	0.01961	0.02133	0.10203	0.00640	0.00365	0.00119	0.00228	0.00517	0.75934	0.00447
13	0.00644	0.00444	0.00578	0.00661	0.00717	0.00408	0.00451	0.00742	0.00980	0.03796	0.06701	0.69306	0.09891	0.01437	0.00608	0.00190	0.00280	0.01293	0.00459	0.00412
14	0.01006	0.00934	0.01544	0.64369	0.16713	0.01109	0.01352	0.04710	0.01051	0.01380	0.00884	0.01270	0.00675	0.00480	0.00484	0.00158	0.00629	0.00431	0.00232	0.00591

[dist]
# distance from previous block
# <min> <max>
0	21

[block]
# block no. 2 follows, 52 sequences, length 59
# corresponding to MSA columns:
# 261-319
name=unknown_C
#
# <colnr> <probs for GDERKNQSTAVLIFYWHMCP>
#	G	D	E	R	K	N	Q	S	T	A	V	L	I	F	Y	W	H	M	C	P
0	0.00704	0.00492	0.00631	0.00637	0.00673	0.00523	0.00430	0.00777	0.00752	0.01032	0.01499	0.02837	0.01618	0.50453	0.30421	0.00567	0.00764	0.04549	0.00289	0.00351
1	0.17124	0.01174	0.01200	0.00949	0.01289	0.01303	0.00780	0.55178	0.01864	0.02746	0.01124	0.01171	0.00819	0.00556	0.00434	0.00142	0.00468	0.00406	0.10546	0.00725
2	0.00604	0.00441	0.00567	0.00654	0.00707	0.00407	0.00451	0.00706	0.00982	0.01296	0.07973	0.63704	0.12499	0.02771	0.00642	0.00195	0.00283	0.04264	0.00453	0.00400
3	0.00700	0.00490	0.00632	0.00632	0.00668	0.00526	0.00423	0.00771	0.00735	0.01017	0.01432	0.02645	0.01533	0.50032	0.35092	0.00598	0.00814	0.00628	0.00280	0.00351
4	0.86392	0.00937	0.00712	0.00637	0.00937	0.01087	0.00525	0.01425	0.00825	0.02174	0.00675	0.00787	0.00525	0.00450	0.00300	0.00150	0.00375	0.00262	0.00300	0.00525
5	0.08409	0.00758	0.00809	0.00737	0.00916	0.00822	0.00542	0.01675	0.30834	0.08249	0.05209	0.02195	0.01574	0.25179	0.01052	0.00247	0.00388	0.00570	0.09274	0.00563
6	0.00698	0.00465	0.00537	0.00549	0.00565	0.00459	0.00326	0.00734	0.00791	0.01082	0.06802	0.13112	0.02104	0.63629	0.02014	0.00399	0.00419	0.00789	0.04203	0.00324
7	0.00673	0.00483	0.00564	0.00550	0.00622	0.00454	0.00366	0.00778	0.01019	0.01368	0.30068	0.03615	0.17601	0.38160	0.01430	0.00298	0.00341	0.00826	0.00409	0.00374
8	0.01121	0.00899	0.01113	0.01016	0.01234	0.04498	0.06441	0.22417	0.01435	0.01865	0.02109	0.09938	0.05992	0.01032	0.00592	0.00188	0.00493	0.36620	0.00434	0.00565
9	0.63115	0.00906	0.00826	0.00699	0.01020	0.00984	0.00577	0.01684	0.00980	0.23763	0.01017	0.01026	0.00711	0.00491	0.00352	0.00150	0.00385	0.00325	0.00383	0.00608
10	0.01005	0.00861	0.01005	0.00718	0.01148	0.00646	0.00574	0.01220	0.01005	0.01579	0.00861	0.01005	0.00718	0.00359	0.00359	0.00072	0.00359	0.00287	0.00287	0.85932
11	0.01314	0.00881	0.01033	0.00942	0.01197	0.00944	0.00768	0.05997	0.38110	0.17496	0.02083	0.02754	0.01752	0.00830	0.00540	0.00177	0.00414	0.21574	0.00501	0.00693
12	0.00598	0.00459	0.00551	0.00617	0.00705	0.00412	0.00440	0.00710	0.01018	0.01295	0.05322	0.45785	0.32612	0.01382	0.00603	0.00185	0.00277	0.06172	0.00452	0.00404
13	0.00692	0.00519	0.00779	0.00779	0.00865	0.00606	0.00606	0.00865	0.00779	0.01125	0.01298	0.01904	0.01211	0.03634	0.81049	0.00779	0.01298	0.00519	0.00260	0.00433
14	0.01004	0.00682	0.00803	0.00747	0.00927	0.00700	0.00589	0.05650	0.17324	0.07680	0.25620	0.03047	0.06561	0.03436	0.00588	0.00170	0.00332	0.12068	0.11512	0.00559
15	0.00842	0.00421	0.00631	0.00631	0.00631	0.00421	0.00421	0.00631	0.00631	0.00842	0.00842	0.01473	0.00842	0.01684	0.01894	0.85901	0.00421	0.00421	0.00210	0.00210
16	0.00658	0.00518	0.00610	0.00656	0.00798	0.00470	0.00538	0.00823	0.01109	0.01367	0.03944	0.04994	0.48055	0.01273	0.00613	0.00188	0.00328	0.32182	0.00448	0.00424
17	0.00915	0.00861	0.01453	0.81804	0.03338	0.01077	0.01346	0.01238	0.00969	0.01238	0.00861	0.01292	0.00646	0.00484	0.00484	0.00161	0.00646	0.00431	0.00215	0.00538
18	0.00689	0.00454	0.00553	0.00589	0.00665	0.00428	0.00414	0.00839	0.01060	0.01532	0.22056	0.35467	0.08066	0.05346	0.00637	0.00179	0.00263	0.00987	0.19358	0.00419
19	0.02174	0.00825	0.01125	0.00862	0.01237	0.00712	0.00712	0.02362	0.01387	0.80282	0.01912	0.01649	0.01200	0.00600	0.00487	0.00150	0.00412	0.00487	0.00600	0.00825
20	0.28269	0.01616	0.01136	0.00998	0.01287	0.39568	0.00777	0.06830	0.03566	0.10422	0.00918	0.00980	0.00695	0.00505	0.00404	0.00138	0.00630	0.00331	0.00327	0.00603
21	0.00879	0.00640	0.00785	0.00809	0.06605	0.00611	0.00562	0.01222	0.11509	0.08193	0.29808	0.03379	0.29913	0.00950	0.00544	0.00156	0.00296	0.00813	0.01791	0.00534
22	0.00767	0.00553	0.00762	0.00866	0.00981	0.00548	0.00754	0.00984	0.01115	0.01441	0.02720	0.05414	0.07839	0.01331	0.00663	0.00219	0.00433	0.71719	0.00446	0.00444
23	0.00842	0.00421	0.00631	0.00631	0.00631	0.00421	0.00421	0.00631	0.00631	0.00842	0.00842	0.01473	0.00842	0.01684	0.01894	0.85901	0.00421	0.00421	0.00210	0.00210
24	0.01005	0.00861	0.01005	0.00718	0.01148	0.00646	0.00574	0.01220	0.01005	0.01579	0.00861	0.01005	0.00718	0.00359	0.00359	0.00072	0.00359	0.00287	0.00287	0.85932
25	0.00915	0.00861	0.01453	0.81804	0.03338	0.01077	0.01346	0.01238	0.00969	0.01238	0.00861	0.01292	0.00646	0.00484	0.00484	0.00161	0.00646	0.00431	0.00215	0.00538
26	0.01341	0.01049	0.01185	0.09498	0.01511	0.01193	0.00845	0.12930	0.53941	0.08387	0.01738	0.01652	0.01278	0.00624	0.00491	0.00160	0.00434	0.00515	0.00471	0.00756
27	0.01296	0.83261	0.02539	0.00829	0.01244	0.01917	0.00829	0.01451	0.00985	0.01140	0.00674	0.00777	0.00622	0.00415	0.00311	0.00104	0.00518	0.00259	0.00207	0.00622
28	0.00609	0.00476	0.00510	0.00525	0.00628	0.00423	0.00360	0.00695	0.00977	0.01204	0.03732	0.14727	0.49256	0.22477	0.01070	0.00248	0.00308	0.00988	0.00409	0.00377
29	0.07936	0.01009	0.01645	0.36715	0.40612	0.01114	0.01349	0.01375	0.01023	0.01482	0.00871	0.01206	0.00696	0.00456	0.00467	0.00152	0.00590	0.00418	0.00234	0.00649
30	0.01842	0.01357	0.01454	0.01115	0.01503	0.01503	0.00921	0.78330	0.02278	0.03054	0.01163	0.01163	0.00824	0.00582	0.00485	0.00145	0.00533	0.00436	0.00485	0.00824
31	0.01869	0.01314	0.01428	0.01095	0.01481	0.01439	0.00904	0.72214	0.02207	0.09272	0.01224	0.01203	0.00854	0.00583	0.00485	0.00146	0.00524	0.00440	0.00494	0.00824
32	0.00629	0.00447	0.00584	0.00671	0.00713	0.00423	0.00463	0.00727	0.00953	0.01271	0.07627	0.58753	0.04698	0.11047	0.00837	0.00228	0.00316	0.08783	0.00437	0.00392
33	0.01371	0.00650	0.00752	0.00644	0.00862	0.00631	0.00510	0.06635	0.04283	0.26243	0.01672	0.01716	0.01211	0.00580	0.00400	0.00129	0.00310	0.00466	0.50333	0.00604
34	0.01199	0.01151	0.01967	0.02974	0.79946	0.01151	0.01487	0.01487	0.01103	0.01583	0.00912	0.01199	0.00768	0.00432	0.00480	0.00144	0.00576	0.00432	0.00240	0.00768
35	0.02174	0.00825	0.01125	0.00862	0.01237	0.00712	0.00712	0.02362	0.01387	0.80282	0.01912	0.01649	0.01200	0.00600	0.00487	0.00150	0.00412	0.00487	0.00600	0.00825
36	0.00633	0.00479	0.00537	0.00548	0.00634	0.00446	0.00371	0.00715	0.00927	0.01172	0.04797	0.11450	0.37167	0.30017	0.07719	0.00323	0.00412	0.00902	0.00382	0.00370
37	0.01205	0.01041	0.01096	0.00986	0.01260	0.01205	0.00767	0.02575	0.79071	0.02027	0.01972	0.01808	0.01479	0.00657	0.00493	0.00164	0.00384	0.00548	0.00493	0.00767
38	0.00972	0.02507	0.80458	0.01381	0.02097	0.01125	0.01790	0.01535	0.01023	0.01535	0.00870	0.01023	0.00614	0.00460	0.00460	0.00153	0.00716	0.00358	0.00205	0.00716
39	0.01119	0.01267	0.02755	0.01980	0.02450	0.01188	0.74659	0.01512	0.01134	0.01538	0.01057	0.04998	0.00847	0.00459	0.00574	0.00165	0.00793	0.00608	0.00254	0.00642
40	0.08256	0.00763	0.00895	0.00773	0.01009	0.00771	0.00600	0.01781	0.20477	0.25423	0.22895	0.02304	0.02185	0.08886	0.00693	0.00186	0.00358	0.00611	0.00501	0.00634
41	0.04060	0.00869	0.01130	0.00878	0.01245	0.00794	0.00722	0.06263	0.06518	0.69348	0.01848	0.01615	0.01183	0.00599	0.00483	0.00151	0.00416	0.00483	0.00580	0.00814
42	0.00693	0.00516	0.00761	0.00761	0.00841	0.00596	0.00583	0.00854	0.00773	0.01111	0.01315	0.01996	0.01252	0.09438	0.75301	0.00756	0.01237	0.00533	0.00262	0.00423
43	0.01296	0.83261	0.02539	0.00829	0.01244	0.01917	0.00829	0.01451	0.00985	0.01140	0.00674	0.00777	0.00622	0.00415	0.00311	0.00104	0.00518	0.00259	0.00207	0.00622
44	0.01005	0.00861	0.01005	0.00718	0.01148	0.00646	0.00574	0.01220	0.01005	0.01579	0.00861	0.01005	0.00718	0.00359	0.00359	0.00072	0.00359	0.00287	0.00287	0.85932
45	0.00811	0.00520	0.00648	0.00673	0.00745	0.00506	0.00491	0.00908	0.00918	0.06349	0.02160	0.07995	0.07088	0.41933	0.01543	0.00336	0.00434	0.25171	0.00381	0.00390
46	0.02047	0.00878	0.01141	0.00888	0.01246	0.00806	0.00728	0.12817	0.01487	0.65497	0.01847	0.05751	0.01251	0.00645	0.00494	0.00152	0.00422	0.00526	0.00576	0.00802
47	0.00573	0.00491	0.00491	0.00491	0.00655	0.00409	0.00368	0.00695	0.01105	0.01309	0.04909	0.04664	0.79750	0.01227	0.00573	0.00164	0.00245	0.01023	0.00450	0.00409
48	0.05163	0.00976	0.01053	0.00880	0.01148	0.01063	0.00702	0.32830	0.17623	0.02394	0.20630	0.02033	0.04431	0.00711	0.00493	0.00150	0.00392	0.00579	0.06078	0.00671
49	0.08134	0.00981	0.01046	0.00909	0.01157	0.01087	0.00707	0.28937	0.23815	0.02164	0.01673	0.15651	0.01515	0.07861	0.00669	0.00189	0.00427	0.01972	0.00449	0.00657
50	0.00705	0.00470	0.00529	0.00529	0.00529	0.00470	0.00294	0.00705	0.00705	0.00940	0.01527	0.03171	0.01762	0.82969	0.02467	0.00470	0.00470	0.00705	0.00294	0.00294
51	0.00622	0.00435	0.00553	0.00634	0.00655	0.00415	0.00407	0.00683	0.00866	0.01155	0.02355	0.60684	0.02806	0.24031	0.01129	0.00272	0.00333	0.01192	0.00407	0.00366
52	0.00700	0.00487	0.00616	0.00616	0.00646	0.00517	0.00403	0.00761	0.00731	0.01004	0.01447	0.02728	0.01569	0.55238	0.29935	0.00578	0.00759	0.00640	0.00282	0.00342
53	0.28879	0.00734	0.00708	0.00659	0.00839	0.00798	0.00489	0.02502	0.13584	0.01730	0.11898	0.04581	0.09476	0.20134	0.00917	0.00231	0.00367	0.00603	0.00382	0.00490
54	0.00781	0.00558	0.00781	0.00892	0.01004	0.00558	0.00781	0.01004	0.01116	0.01450	0.02566	0.05466	0.02789	0.01339	0.00669	0.00223	0.00446	0.76685	0.00446	0.00446
55	0.01578	0.01246	0.01304	0.01064	0.01402	0.03045	0.00858	0.45381	0.34038	0.02590	0.01490	0.01424	0.01091	0.00611	0.00487	0.00153	0.00478	0.00480	0.00483	0.00795
56	0.00628	0.00492	0.00641	0.04394	0.03939	0.00461	0.00509	0.00746	0.01000	0.01294	0.05731	0.51528	0.24196	0.01330	0.00593	0.00182	0.00298	0.01182	0.00434	0.00421
57	0.00722	0.00529	0.00692	0.00782	0.00863	0.00528	0.00603	0.00962	0.07287	0.01375	0.02527	0.41745	0.02841	0.04592	0.00702	0.00216	0.00364	0.31784	0.00446	0.00441
58	0.01000	0.09452	0.73757	0.01334	0.02024	0.01194	0.01708	0.01527	0.01020	0.01501	0.00853	0.01002	0.00615	0.00456	0.00448	0.00149	0.00699	0.00350	0.00205	0.00708

[dist]
# distance from previous block
# <min> <max>
0	1

[block]
# block no. 3 follows, 52 sequences, length 26
# corresponding to MSA columns:
# 321-346
name=unknown_D
#
# <colnr> <probs for GDERKNQSTAVLIFYWHMCP>
#	G	D	E	R	K	N	Q	S	T	A	V	L	I	F	Y	W	H	M	C	P
0	0.57284	0.00911	0.00965	0.28278	0.01755	0.01084	0.00804	0.01361	0.00874	0.01855	0.00738	0.00959	0.00566	0.00462	0.00363	0.00154	0.00467	0.00320	0.00271	0.00529
1	0.03922	0.01337	0.01621	0.29719	0.29773	0.21053	0.02881	0.01512	0.01116	0.01383	0.00848	0.01140	0.00681	0.00467	0.00467	0.00146	0.00673	0.00399	0.00236	0.00627
2	0.01469	0.01178	0.01315	0.03438	0.06444	0.01326	0.00895	0.34878	0.39048	0.02416	0.01527	0.01479	0.01130	0.00606	0.00488	0.00155	0.00467	0.00489	0.00466	0.00785
3	0.00956	0.00853	0.01508	0.01211	0.01437	0.00896	0.25201	0.01245	0.04413	0.04900	0.06770	0.03659	0.02825	0.04993	0.28332	0.00391	0.08979	0.00588	0.00304	0.00539
4	0.01341	0.03167	0.30926	0.07584	0.07962	0.01079	0.11779	0.04190	0.01158	0.20810	0.01138	0.01250	0.00796	0.00507	0.00532	0.00155	0.04152	0.00433	0.00320	0.00718
5	0.01100	0.12036	0.31218	0.01648	0.02212	0.01276	0.40516	0.01533	0.01080	0.01494	0.00901	0.01137	0.00677	0.00428	0.00498	0.00152	0.00743	0.00454	0.00226	0.00673
6	0.02160	0.00848	0.01139	0.00873	0.01249	0.00747	0.00721	0.05707	0.01426	0.76882	0.01879	0.01628	0.01183	0.00599	0.00487	0.00150	0.00418	0.00485	0.00595	0.00825
7	0.20680	0.01001	0.01503	0.23764	0.30739	0.01081	0.04399	0.01485	0.01030	0.08556	0.00935	0.01175	0.00716	0.00464	0.00444	0.00151	0.00545	0.00404	0.00279	0.00650
8	0.01121	0.22853	0.08998	0.28623	0.04768	0.05014	0.16801	0.01422	0.01029	0.01308	0.00826	0.01107	0.00657	0.00459	0.00486	0.00145	0.03153	0.00402	0.00221	0.00607
9	0.00972	0.02507	0.80458	0.01381	0.02097	0.01125	0.01790	0.01535	0.01023	0.01535	0.00870	0.01023	0.00614	0.00460	0.00460	0.00153	0.00716	0.00358	0.00205	0.00716
10	0.00789	0.00518	0.00681	0.00627	0.00760	0.00475	0.00475	0.01015	0.01373	0.07398	0.74275	0.03483	0.04338	0.00963	0.00566	0.00152	0.00241	0.00849	0.00538	0.00483
11	0.03111	0.01079	0.01429	0.16691	0.08601	0.01172	0.04367	0.34509	0.01597	0.11715	0.01254	0.02996	0.00970	0.00728	0.04043	0.00182	0.00578	0.03867	0.00400	0.00709
12	0.01388	0.44261	0.04453	0.00907	0.01281	0.03415	0.00842	0.13752	0.07216	0.08042	0.01247	0.01444	0.04091	0.00568	0.00407	0.00131	0.00501	0.05059	0.00331	0.00664
13	0.01199	0.01151	0.01967	0.02974	0.79946	0.01151	0.01487	0.01487	0.01103	0.01583	0.00912	0.01199	0.00768	0.00432	0.00480	0.00144	0.00576	0.00432	0.00240	0.00768
14	0.00705	0.00470	0.00529	0.00529	0.00529	0.00470	0.00294	0.00705	0.00705	0.00940	0.01527	0.03171	0.01762	0.82969	0.02467	0.00470	0.00470	0.00705	0.00294	0.00294
15	0.00705	0.00444	0.00593	0.00648	0.00669	0.00433	0.00435	0.00697	0.00808	0.01075	0.01877	0.34697	0.02164	0.19963	0.01407	0.24896	0.00378	0.07441	0.00345	0.00323
16	0.01301	0.66594	0.11788	0.00932	0.01368	0.08641	0.00954	0.01503	0.01023	0.01191	0.00704	0.00815	0.00621	0.00427	0.00340	0.00111	0.00573	0.00276	0.00211	0.00628
17	0.01663	0.00879	0.01059	0.00878	0.01196	0.00876	0.00704	0.02300	0.31291	0.43326	0.02194	0.01970	0.08078	0.00676	0.00497	0.00157	0.00387	0.00557	0.00546	0.00767
18	0.00692	0.00519	0.00779	0.00779	0.00865	0.00606	0.00606	0.00865	0.00779	0.01125	0.01298	0.01904	0.01211	0.03634	0.81049	0.00779	0.01298	0.00519	0.00260	0.00433
19	0.01233	0.01072	0.01804	0.16700	0.59647	0.01100	0.01395	0.01519	0.01104	0.08306	0.00989	0.01255	0.00783	0.00456	0.00481	0.00148	0.00574	0.00436	0.00267	0.00732
20	0.00679	0.00495	0.00639	0.00603	0.00720	0.00455	0.00452	0.00902	0.01357	0.01907	0.75439	0.03679	0.08847	0.01004	0.00572	0.00153	0.00230	0.00885	0.00529	0.00455
21	0.86392	0.00937	0.00712	0.00637	0.00937	0.01087	0.00525	0.01425	0.00825	0.02174	0.00675	0.00787	0.00525	0.00450	0.00300	0.00150	0.00375	0.00262	0.00300	0.00525
22	0.00815	0.00512	0.00619	0.00583	0.00672	0.00481	0.00395	0.00924	0.01037	0.08367	0.29041	0.03341	0.10460	0.39044	0.01444	0.00301	0.00359	0.00777	0.00420	0.00409
23	0.00629	0.00486	0.00527	0.00521	0.00630	0.00434	0.00361	0.00734	0.01034	0.01307	0.16088	0.04070	0.45380	0.24421	0.01111	0.00249	0.00306	0.00909	0.00419	0.00384
24	0.00693	0.00517	0.00768	0.00768	0.00850	0.00600	0.00592	0.00858	0.00776	0.01117	0.01308	0.01960	0.01236	0.07183	0.77534	0.00765	0.01261	0.00528	0.00261	0.00426
25	0.00842	0.00421	0.00631	0.00631	0.00631	0.00421	0.00421	0.00631	0.00631	0.00842	0.00842	0.01473	0.00842	0.01684	0.01894	0.85901	0.00421	0.00421	0.00210	0.00210

[dist]
# distance from previous block
# <min> <max>
0	10

[block]
# block no. 4 follows, 52 sequences, length 39
# corresponding to MSA columns:
# 357-395
name=unknown_E
#
# <colnr> <probs for GDERKNQSTAVLIFYWHMCP>
#	G	D	E	R	K	N	Q	S	T	A	V	L	I	F	Y	W	H	M	C	P
0	0.01005	0.00861	0.01005	0.00718	0.01148	0.00646	0.00574	0.01220	0.01005	0.01579	0.00861	0.01005	0.00718	0.00359	0.00359	0.00072	0.00359	0.00287	0.00287	0.85932
1	0.00834	0.00487	0.00550	0.00547	0.00674	0.00462	0.00420	0.01038	0.01114	0.04482	0.16595	0.05852	0.14424	0.00849	0.00462	0.00142	0.00257	0.07164	0.43189	0.00457
2	0.00825	0.00526	0.00692	0.00633	0.00772	0.00481	0.00481	0.01049	0.01373	0.09242	0.72444	0.03436	0.04258	0.00954	0.00564	0.00152	0.00246	0.00840	0.00540	0.00491
3	0.01144	0.01307	0.02859	0.02042	0.02533	0.01225	0.78186	0.01552	0.01144	0.01552	0.00980	0.01307	0.00735	0.00408	0.00572	0.00163	0.00817	0.00572	0.00245	0.00654
4	0.01228	0.01052	0.01108	0.00991	0.01269	0.01216	0.00772	0.05259	0.76350	0.02064	0.01944	0.01785	0.01456	0.00655	0.00493	0.00164	0.00389	0.00544	0.00493	0.00769
5	0.00668	0.00492	0.00624	0.00612	0.00717	0.00464	0.00453	0.00846	0.01184	0.01624	0.46837	0.08247	0.15870	0.08418	0.07878	0.00242	0.00358	0.03568	0.00467	0.00429
6	0.01810	0.02310	0.01373	0.01248	0.01498	0.81024	0.00936	0.01935	0.01373	0.01186	0.00749	0.00874	0.00624	0.00499	0.00437	0.00125	0.00874	0.00312	0.00250	0.00562
7	0.00705	0.00470	0.00529	0.00529	0.00529	0.00470	0.00294	0.00705	0.00705	0.00940	0.01527	0.03171	0.01762	0.82969	0.02467	0.00470	0.00470	0.00705	0.00294	0.00294
8	0.01944	0.01081	0.01270	0.00986	0.01358	0.01108	0.00810	0.36364	0.08349	0.39123	0.01582	0.01445	0.01055	0.00597	0.00487	0.00149	0.00464	0.00470	0.00539	0.00820
9	0.00658	0.00453	0.00554	0.00607	0.00624	0.00441	0.00382	0.00704	0.00819	0.01090	0.02066	0.37667	0.02430	0.44253	0.01590	0.00341	0.00387	0.04222	0.00368	0.00343
10	0.00658	0.00494	0.00609	0.00581	0.00707	0.00445	0.00435	0.00861	0.01306	0.01788	0.61354	0.03876	0.23006	0.01049	0.00572	0.00155	0.00233	0.00912	0.00513	0.00445
11	0.01046	0.00943	0.01337	0.14582	0.22529	0.00863	0.00948	0.01323	0.02681	0.01534	0.00898	0.01121	0.00735	0.00405	0.00415	0.00108	0.00464	0.00355	0.00267	0.47445
12	0.01292	0.00851	0.01164	0.00866	0.01251	0.00694	0.07579	0.01514	0.01145	0.22485	0.07278	0.03678	0.01214	0.00508	0.00436	0.00110	0.00402	0.00442	0.00390	0.46701
13	0.01074	0.01028	0.01763	0.37384	0.44708	0.01120	0.03187	0.01380	0.01046	0.01432	0.00891	0.01242	0.00714	0.00454	0.00484	0.00152	0.00612	0.00435	0.00229	0.00665
14	0.01810	0.02310	0.01373	0.01248	0.01498	0.81024	0.00936	0.01935	0.01373	0.01186	0.00749	0.00874	0.00624	0.00499	0.00437	0.00125	0.00874	0.00312	0.00250	0.00562
15	0.01144	0.01307	0.02859	0.02042	0.02533	0.01225	0.78186	0.01552	0.01144	0.01552	0.00980	0.01307	0.00735	0.00408	0.00572	0.00163	0.00817	0.00572	0.00245	0.00654
16	0.00647	0.00494	0.00594	0.00569	0.00700	0.00441	0.00427	0.00840	0.01280	0.01726	0.54120	0.03977	0.30278	0.01072	0.00572	0.00156	0.00234	0.00926	0.00505	0.00441
17	0.00661	0.00494	0.00613	0.00583	0.00708	0.00446	0.00437	0.00866	0.01312	0.01802	0.62970	0.03853	0.21381	0.01044	0.00572	0.00155	0.00232	0.00909	0.00515	0.00446
18	0.00762	0.00499	0.00611	0.00587	0.00664	0.00485	0.00400	0.00876	0.00993	0.04876	0.26442	0.03177	0.08028	0.36977	0.08982	0.00349	0.00444	0.00744	0.03708	0.00396
19	0.01624	0.00945	0.01110	0.00922	0.01237	0.00982	0.00738	0.09097	0.35465	0.34078	0.06941	0.01804	0.01509	0.00649	0.00495	0.00156	0.00398	0.00535	0.00539	0.00775
20	0.30753	0.01214	0.01201	0.00952	0.01309	0.01361	0.00786	0.52034	0.01781	0.02753	0.00996	0.01035	0.00722	0.00537	0.00422	0.00147	0.00479	0.00377	0.00422	0.00722
21	0.00684	0.00473	0.00523	0.00523	0.00548	0.00460	0.00305	0.00703	0.00766	0.00996	0.02047	0.03401	0.13760	0.70394	0.02175	0.00423	0.00435	0.00754	0.00318	0.00311
22	0.00803	0.00493	0.00568	0.00551	0.00576	0.00486	0.00321	0.00815	0.00750	0.06220	0.01553	0.03070	0.01724	0.77488	0.02335	0.00449	0.00466	0.00690	0.00314	0.00329
23	0.01842	0.01357	0.01454	0.01115	0.01503	0.01503	0.00921	0.78330	0.02278	0.03054	0.01163	0.01163	0.00824	0.00582	0.00485	0.00145	0.00533	0.00436	0.00485	0.00824
24	0.00741	0.00545	0.00720	0.00812	0.00904	0.00548	0.00644	0.01009	0.07951	0.01414	0.02556	0.36671	0.02843	0.01352	0.00633	0.00207	0.00373	0.39172	0.00452	0.00453
25	0.00698	0.00466	0.00487	0.00505	0.00629	0.00422	0.00370	0.00853	0.01044	0.01483	0.03327	0.15722	0.38733	0.01027	0.00493	0.00150	0.00244	0.00866	0.32060	0.00422
26	0.00842	0.00421	0.00631	0.00631	0.00631	0.00421	0.00421	0.00631	0.00631	0.00842	0.00842	0.01473	0.00842	0.01684	0.01894	0.85901	0.00421	0.00421	0.00210	0.00210
27	0.01272	0.01074	0.01133	0.01000	0.01285	0.01236	0.00783	0.10456	0.71082	0.02134	0.01888	0.01741	0.01411	0.00650	0.00492	0.00162	0.00399	0.00536	0.00492	0.00773
28	0.01370	0.01034	0.01123	0.00979	0.01273	0.01162	0.00770	0.07485	0.64159	0.12074	0.01912	0.01746	0.01401	0.00645	0.00492	0.00161	0.00397	0.00533	0.00506	0.00778
29	0.00705	0.00470	0.00529	0.00529	0.00529	0.00470	0.00294	0.00705	0.00705	0.00940	0.01527	0.03171	0.01762	0.82969	0.02467	0.00470	0.00470	0.00705	0.00294	0.00294
30	0.00603	0.00431	0.00577	0.00689	0.00723	0.00404	0.00471	0.00696	0.00940	0.01251	0.02664	0.77622	0.03178	0.01507	0.00622	0.00199	0.00292	0.06286	0.00450	0.00397
31	0.02060	0.00891	0.01151	0.00895	0.01263	0.00825	0.00736	0.09117	0.08240	0.66610	0.01851	0.01620	0.01191	0.00603	0.00488	0.00151	0.00421	0.00488	0.00580	0.00820
32	0.00693	0.00515	0.00756	0.00756	0.00835	0.00593	0.00577	0.00851	0.00772	0.01108	0.01319	0.02019	0.01261	0.10840	0.73912	0.00751	0.01223	0.00536	0.00263	0.00420
33	0.00775	0.00664	0.03795	0.00682	0.00845	0.02274	0.00553	0.05267	0.01352	0.01845	0.54110	0.03602	0.15465	0.00995	0.00566	0.00158	0.00295	0.05783	0.00493	0.00482
34	0.01199	0.01151	0.01967	0.02974	0.79946	0.01151	0.01487	0.01487	0.01103	0.01583	0.00912	0.01199	0.00768	0.00432	0.00480	0.00144	0.00576	0.00432	0.00240	0.00768
35	0.01092	0.00840	0.01032	0.00901	0.01065	0.00953	0.02820	0.13562	0.17745	0.04484	0.01425	0.01983	0.01277	0.22715	0.17140	0.00368	0.09124	0.00551	0.00361	0.00560
36	0.01016	0.00818	0.01015	0.00960	0.02759	0.02311	0.02762	0.17183	0.06353	0.01753	0.08789	0.33251	0.02236	0.01061	0.00683	0.00180	0.09475	0.06417	0.00427	0.00551
37	0.04919	0.03764	0.20290	0.01616	0.06133	0.01150	0.35418	0.01492	0.01059	0.03296	0.00914	0.01155	0.00698	0.00450	0.00560	0.00150	0.05798	0.00449	0.00248	0.10441
38	0.09057	0.00756	0.01043	0.01357	0.24337	0.00753	0.00790	0.02460	0.04079	0.04111	0.02234	0.28875	0.14253	0.00962	0.00529	0.00168	0.00389	0.02908	0.00380	0.00557

[dist]
# distance from previous block
# <min> <max>
6	55

# created by:
# /st0/software/busco_prod/Augustus/scripts/msa2prfl.pl ./align_prep/56952.fa
