[name]
unknown

[dist]
# distance from previous block
# <min> <max>
2	56

[block]
# block no. 0 follows, 51 sequences, length 11
# corresponding to MSA columns:
# 303-313
name=unknown_A
#
# <colnr> <probs for GDERKNQSTAVLIFYWHMCP>
#	G	D	E	R	K	N	Q	S	T	A	V	L	I	F	Y	W	H	M	C	P
0	0.06075	0.00920	0.00983	0.02141	0.01122	0.05817	0.00664	0.12375	0.06736	0.05150	0.06617	0.08500	0.01426	0.02510	0.06452	0.00192	0.03234	0.02145	0.07889	0.19053
1	0.08310	0.01188	0.09140	0.01095	0.08946	0.13957	0.00835	0.02987	0.01184	0.10916	0.11191	0.08027	0.06904	0.05469	0.00610	0.00170	0.00501	0.03642	0.00376	0.04551
2	0.01169	0.00901	0.01182	0.00990	0.01149	0.01048	0.00802	0.01384	0.05458	0.13056	0.06645	0.01696	0.05307	0.05562	0.01110	0.00189	0.37368	0.00505	0.00342	0.14136
3	0.01118	0.01023	0.01263	0.08036	0.16992	0.05685	0.02689	0.05278	0.27480	0.01751	0.06836	0.02271	0.12256	0.00724	0.00520	0.00161	0.00470	0.04387	0.00399	0.00660
4	0.01000	0.02441	0.73768	0.01456	0.02164	0.01150	0.08130	0.01558	0.01048	0.01558	0.00891	0.01061	0.00633	0.00463	0.00476	0.00156	0.00735	0.00381	0.00211	0.00721
5	0.03308	0.07926	0.03306	0.45474	0.05988	0.07443	0.04883	0.05881	0.05947	0.01459	0.00933	0.01230	0.00720	0.00507	0.00506	0.00156	0.03049	0.00421	0.00258	0.00605
6	0.01155	0.01123	0.01897	0.08164	0.51544	0.01190	0.08355	0.01483	0.04680	0.01536	0.00996	0.03650	0.00857	0.00535	0.00639	0.00160	0.10586	0.00484	0.00257	0.00710
7	0.00674	0.00503	0.00632	0.00656	0.00754	0.00472	0.00478	0.00891	0.04589	0.01616	0.35823	0.31664	0.13588	0.01226	0.00598	0.00176	0.00270	0.04450	0.00494	0.00448
8	0.01145	0.01152	0.02131	0.22334	0.27066	0.01189	0.28619	0.04027	0.04451	0.01574	0.00991	0.01304	0.00768	0.00458	0.00522	0.00158	0.00679	0.00493	0.00258	0.00680
9	0.00643	0.00489	0.00592	0.00591	0.00708	0.00437	0.00434	0.00816	0.01230	0.01647	0.43003	0.16995	0.28288	0.01169	0.00588	0.00166	0.00246	0.01020	0.00500	0.00437
10	0.38841	0.01398	0.05729	0.01108	0.06752	0.17423	0.04111	0.08337	0.05700	0.01940	0.00869	0.00984	0.00675	0.00484	0.00397	0.00145	0.00551	0.00341	0.00309	0.03907

[dist]
# distance from previous block
# <min> <max>
1	6

[block]
# block no. 1 follows, 51 sequences, length 7
# corresponding to MSA columns:
# 320-326
name=unknown_B
#
# <colnr> <probs for GDERKNQSTAVLIFYWHMCP>
#	G	D	E	R	K	N	Q	S	T	A	V	L	I	F	Y	W	H	M	C	P
0	0.05806	0.03392	0.01158	0.00963	0.01145	0.06930	0.03733	0.10880	0.01194	0.05794	0.09841	0.04198	0.10542	0.03730	0.07816	0.00235	0.17450	0.04272	0.00367	0.00555
1	0.01466	0.31079	0.06708	0.04362	0.10317	0.11302	0.01008	0.11950	0.08277	0.07604	0.01020	0.01098	0.00799	0.00498	0.00420	0.00133	0.00576	0.00370	0.00314	0.00699
2	0.00613	0.00480	0.00555	0.00576	0.00693	0.00422	0.00417	0.00752	0.01137	0.01460	0.22000	0.25039	0.41575	0.01266	0.00593	0.00172	0.00254	0.01097	0.00476	0.00422
3	0.01511	0.01801	0.01441	0.01276	0.01421	0.46904	0.01003	0.01629	0.01119	0.01194	0.00711	0.00967	0.00638	0.00657	0.00943	0.00164	0.35461	0.00365	0.00237	0.00556
4	0.00670	0.00497	0.00578	0.00578	0.00678	0.00484	0.00413	0.00784	0.00928	0.01224	0.02936	0.03425	0.34258	0.22418	0.21217	0.00397	0.00573	0.00784	0.06764	0.00395
5	0.00696	0.00502	0.00657	0.00618	0.00734	0.00464	0.00464	0.00927	0.01391	0.01971	0.79405	0.03671	0.04637	0.01005	0.00580	0.00155	0.00232	0.00889	0.00541	0.00464
6	0.04488	0.02003	0.52101	0.09281	0.05951	0.01115	0.09011	0.01585	0.01068	0.07460	0.00966	0.01139	0.00686	0.00473	0.00477	0.00157	0.00685	0.00401	0.00248	0.00706

[dist]
# distance from previous block
# <min> <max>
0	4

[block]
# block no. 2 follows, 51 sequences, length 10
# corresponding to MSA columns:
# 331-340
name=unknown_C
#
# <colnr> <probs for GDERKNQSTAVLIFYWHMCP>
#	G	D	E	R	K	N	Q	S	T	A	V	L	I	F	Y	W	H	M	C	P
0	0.13712	0.06695	0.01234	0.02599	0.01280	0.01165	0.00757	0.30644	0.05862	0.18139	0.05823	0.01429	0.01139	0.00588	0.00448	0.00146	0.00445	0.00448	0.06726	0.00720
1	0.74532	0.00974	0.00863	0.00854	0.06406	0.01134	0.00637	0.01431	0.00850	0.02094	0.00698	0.00846	0.00557	0.00482	0.00406	0.00156	0.05947	0.00289	0.00294	0.00550
2	0.01355	0.09175	0.01601	0.02901	0.15411	0.09119	0.06970	0.19499	0.08661	0.03350	0.02928	0.01694	0.10894	0.00630	0.00531	0.00150	0.03569	0.00517	0.00361	0.00684
3	0.57395	0.00947	0.00834	0.00708	0.01037	0.01023	0.00574	0.01549	0.10779	0.02058	0.00891	0.00977	0.00697	0.00463	0.00342	0.00137	0.00378	0.00308	0.00326	0.18575
4	0.01286	0.16923	0.27226	0.05760	0.04788	0.16991	0.03421	0.05336	0.06933	0.01512	0.00922	0.01057	0.00718	0.00481	0.00438	0.00137	0.00663	0.00363	0.00260	0.04785
5	0.01211	0.01254	0.01756	0.29807	0.38302	0.13497	0.04257	0.01494	0.01116	0.01421	0.00884	0.01202	0.00712	0.00466	0.00485	0.00150	0.00665	0.00424	0.00236	0.00661
6	0.18738	0.01181	0.01161	0.00970	0.01297	0.05678	0.00779	0.25102	0.27751	0.10252	0.01411	0.01357	0.01026	0.00586	0.00454	0.00154	0.00464	0.00443	0.00455	0.00740
7	0.00634	0.00468	0.00595	0.00647	0.00728	0.00429	0.00463	0.00774	0.01107	0.01479	0.24540	0.43306	0.16142	0.01331	0.00609	0.00183	0.00274	0.05388	0.00480	0.00423
8	0.00605	0.00460	0.00557	0.00614	0.00699	0.00413	0.00430	0.00722	0.01058	0.01370	0.13210	0.46558	0.28784	0.01373	0.00606	0.00183	0.00266	0.01213	0.00467	0.00413
9	0.00648	0.00435	0.00553	0.00645	0.00682	0.00412	0.00430	0.00745	0.00935	0.01306	0.02482	0.66293	0.02889	0.07441	0.00730	0.00209	0.00292	0.01227	0.11246	0.00399

[dist]
# distance from previous block
# <min> <max>
0	4

[block]
# block no. 3 follows, 51 sequences, length 56
# corresponding to MSA columns:
# 345-400
name=unknown_D
#
# <colnr> <probs for GDERKNQSTAVLIFYWHMCP>
#	G	D	E	R	K	N	Q	S	T	A	V	L	I	F	Y	W	H	M	C	P
0	0.00665	0.00453	0.00606	0.00697	0.00747	0.00423	0.00483	0.00772	0.00998	0.03706	0.08234	0.70141	0.03266	0.01463	0.00623	0.00196	0.00294	0.05347	0.00467	0.00420
1	0.86201	0.00950	0.00722	0.00646	0.00950	0.01102	0.00532	0.01445	0.00836	0.02205	0.00684	0.00798	0.00532	0.00456	0.00304	0.00152	0.00380	0.00266	0.00304	0.00532
2	0.01636	0.01261	0.01344	0.01084	0.01436	0.01416	0.00878	0.50958	0.29755	0.02723	0.01474	0.01414	0.01074	0.00617	0.00495	0.00154	0.00486	0.00483	0.00495	0.00815
3	0.06748	0.00952	0.01141	0.00892	0.01254	0.03275	0.00732	0.13621	0.01495	0.57480	0.01881	0.01690	0.05294	0.00628	0.00486	0.00151	0.00440	0.00497	0.00555	0.00789
4	0.00917	0.00528	0.00734	0.00743	0.03404	0.00535	0.00490	0.06324	0.00808	0.01073	0.01134	0.01735	0.04913	0.06690	0.01736	0.66779	0.00435	0.00478	0.00252	0.00294
5	0.01177	0.01010	0.01072	0.00977	0.01237	0.01162	0.00754	0.02471	0.73097	0.01997	0.02052	0.07712	0.01628	0.00730	0.00509	0.00169	0.00381	0.00617	0.00497	0.00750
6	0.01305	0.80031	0.02536	0.00857	0.01262	0.01928	0.00849	0.01461	0.00990	0.01157	0.00682	0.00799	0.00631	0.00436	0.00363	0.00109	0.03496	0.00269	0.00210	0.00627
7	0.00710	0.00475	0.00537	0.00541	0.00542	0.00474	0.00304	0.00714	0.00723	0.00964	0.01591	0.06110	0.01840	0.79763	0.02433	0.00466	0.00469	0.00740	0.00304	0.00301
8	0.08557	0.01015	0.01630	0.07967	0.54702	0.01041	0.01242	0.01370	0.01074	0.01610	0.07784	0.01422	0.01092	0.00586	0.00584	0.06390	0.00529	0.00462	0.00271	0.00672
9	0.01019	0.00873	0.01019	0.00728	0.01165	0.00655	0.00582	0.01237	0.01019	0.01601	0.00873	0.01019	0.00728	0.00364	0.00364	0.00073	0.00364	0.00291	0.00291	0.85734
10	0.01160	0.01326	0.02900	0.02071	0.02568	0.01243	0.77879	0.01574	0.01160	0.01574	0.00994	0.01326	0.00746	0.00414	0.00580	0.00166	0.00829	0.00580	0.00249	0.00663
11	0.00583	0.00489	0.00507	0.00521	0.00670	0.00413	0.00384	0.00703	0.01098	0.01319	0.04697	0.14353	0.70022	0.01281	0.00587	0.00170	0.00253	0.01082	0.00456	0.00413
12	0.01036	0.07552	0.65220	0.01422	0.06162	0.01200	0.01661	0.01625	0.06711	0.01570	0.00953	0.01089	0.00695	0.00477	0.00461	0.00153	0.00681	0.00375	0.00231	0.00727
13	0.13046	0.01458	0.06230	0.06935	0.11609	0.14967	0.33120	0.01582	0.01120	0.01568	0.00878	0.01139	0.00685	0.00460	0.00526	0.00155	0.03186	0.00448	0.00251	0.00635
14	0.00599	0.00428	0.00570	0.00684	0.00713	0.00399	0.00456	0.00684	0.00941	0.01254	0.02709	0.82409	0.03250	0.01540	0.00627	0.00200	0.00285	0.01397	0.00456	0.00399
15	0.01019	0.00873	0.01019	0.00728	0.01165	0.00655	0.00582	0.01237	0.01019	0.01601	0.00873	0.01019	0.00728	0.00364	0.00364	0.00073	0.00364	0.00291	0.00291	0.85734
16	0.01358	0.05389	0.12506	0.01922	0.36364	0.01038	0.03547	0.01666	0.02572	0.19341	0.02583	0.07252	0.01105	0.00573	0.00492	0.00152	0.00539	0.00515	0.00345	0.00740
17	0.00603	0.00429	0.00569	0.00679	0.00707	0.00402	0.00451	0.00685	0.00933	0.01244	0.02669	0.79698	0.03200	0.04318	0.00691	0.00209	0.00292	0.01374	0.00451	0.00396
18	0.00601	0.00434	0.00570	0.00679	0.00716	0.00403	0.00458	0.00691	0.00953	0.01262	0.02822	0.77099	0.07125	0.01521	0.00626	0.00198	0.00286	0.02698	0.00456	0.00401
19	0.01049	0.00894	0.01034	0.00751	0.01179	0.00704	0.00600	0.03089	0.05009	0.01659	0.00938	0.01064	0.00770	0.00385	0.00374	0.00079	0.00369	0.00308	0.00306	0.79437
20	0.14256	0.07986	0.07859	0.02446	0.01559	0.35839	0.07653	0.05758	0.01207	0.01511	0.00785	0.00958	0.00639	0.00522	0.00551	0.00145	0.09113	0.00352	0.00262	0.00600
21	0.00928	0.00856	0.01213	0.01083	0.01114	0.01147	0.00881	0.01056	0.00765	0.01159	0.00919	0.01460	0.00896	0.04802	0.30201	0.00432	0.49884	0.00475	0.00235	0.00493
22	0.01197	0.01089	0.01380	0.22629	0.10241	0.04037	0.03156	0.05923	0.41067	0.01805	0.01473	0.01548	0.01113	0.00579	0.00496	0.00161	0.00518	0.00498	0.00382	0.00709
23	0.00606	0.00490	0.00539	0.00546	0.00684	0.00423	0.00402	0.00748	0.01152	0.01449	0.19822	0.14445	0.54505	0.01234	0.00586	0.00168	0.00250	0.01053	0.00474	0.00423
24	0.00589	0.00498	0.00509	0.00506	0.00669	0.00418	0.00380	0.00721	0.01140	0.01374	0.10325	0.04653	0.74089	0.01227	0.00581	0.00165	0.00248	0.01026	0.00462	0.00418
25	0.09307	0.00880	0.01121	0.00869	0.01239	0.00809	0.00717	0.07806	0.01424	0.66400	0.03135	0.01597	0.01190	0.00601	0.00479	0.00152	0.00421	0.00478	0.00573	0.00804
26	0.00854	0.00427	0.00640	0.00640	0.00640	0.00427	0.00427	0.00640	0.00640	0.00854	0.00854	0.01494	0.00854	0.01707	0.01921	0.85702	0.00427	0.00427	0.00213	0.00213
27	0.01314	0.83025	0.02575	0.00841	0.01261	0.01945	0.00841	0.01472	0.00999	0.01156	0.00683	0.00788	0.00631	0.00420	0.00315	0.00105	0.00526	0.00263	0.00210	0.00631
28	0.01019	0.00873	0.01019	0.00728	0.01165	0.00655	0.00582	0.01237	0.01019	0.01601	0.00873	0.01019	0.00728	0.00364	0.00364	0.00073	0.00364	0.00291	0.00291	0.85734
29	0.01007	0.00860	0.01006	0.00724	0.01149	0.00648	0.00578	0.01226	0.01033	0.01615	0.03761	0.01117	0.00872	0.00388	0.00372	0.00076	0.00359	0.00313	0.00300	0.82598
30	0.86201	0.00950	0.00722	0.00646	0.00950	0.01102	0.00532	0.01445	0.00836	0.02205	0.00684	0.00798	0.00532	0.00456	0.00304	0.00152	0.00380	0.00266	0.00304	0.00532
31	0.00764	0.00620	0.00804	0.00797	0.00887	0.04896	0.00609	0.00924	0.00817	0.01130	0.01303	0.01968	0.01237	0.09282	0.70768	0.00731	0.01232	0.00529	0.00265	0.00435
32	0.86201	0.00950	0.00722	0.00646	0.00950	0.01102	0.00532	0.01445	0.00836	0.02205	0.00684	0.00798	0.00532	0.00456	0.00304	0.00152	0.00380	0.00266	0.00304	0.00532
33	0.01206	0.01161	0.01959	0.02890	0.73946	0.01192	0.01477	0.01484	0.01092	0.01575	0.00904	0.01206	0.00769	0.00469	0.00569	0.00151	0.06511	0.00437	0.00241	0.00761
34	0.01868	0.01376	0.01475	0.01131	0.01524	0.01524	0.00934	0.78025	0.02311	0.03097	0.01180	0.01180	0.00836	0.00590	0.00492	0.00147	0.00541	0.00442	0.00492	0.00836
35	0.00761	0.00660	0.00989	0.25995	0.01643	0.00688	0.04869	0.01001	0.01170	0.01541	0.29347	0.04559	0.23108	0.00886	0.00553	0.00162	0.00402	0.00780	0.00400	0.00486
36	0.01019	0.00873	0.01019	0.00728	0.01165	0.00655	0.00582	0.01237	0.01019	0.01601	0.00873	0.01019	0.00728	0.00364	0.00364	0.00073	0.00364	0.00291	0.00291	0.85734
37	0.01019	0.00873	0.01019	0.00728	0.01165	0.00655	0.00582	0.01237	0.01019	0.01601	0.00873	0.01019	0.00728	0.00364	0.00364	0.00073	0.00364	0.00291	0.00291	0.85734
38	0.01355	0.08122	0.18500	0.05481	0.13776	0.08383	0.16698	0.04461	0.05356	0.11515	0.01088	0.01230	0.00804	0.00486	0.00486	0.00150	0.00656	0.00439	0.00303	0.00712
39	0.01012	0.00959	0.01625	0.58799	0.25482	0.01114	0.01406	0.01329	0.01022	0.01357	0.00888	0.01283	0.00691	0.00476	0.00490	0.00159	0.00634	0.00437	0.00226	0.00613
40	0.01180	0.03845	0.20541	0.11935	0.17846	0.09380	0.12660	0.02794	0.06870	0.01524	0.00987	0.01254	0.00778	0.00508	0.00548	0.00156	0.04774	0.01484	0.00257	0.00678
41	0.00725	0.00473	0.00544	0.00544	0.00544	0.00473	0.00307	0.00709	0.00709	0.00945	0.01497	0.03088	0.01717	0.76688	0.02458	0.06831	0.00473	0.00693	0.00291	0.00291
42	0.29437	0.16283	0.01318	0.05165	0.01306	0.04013	0.00745	0.10945	0.14827	0.01948	0.01007	0.01077	0.00787	0.00497	0.00384	0.00137	0.00459	0.00351	0.00336	0.08975
43	0.00721	0.00553	0.00716	0.00786	0.03699	0.00525	0.00532	0.00958	0.07357	0.01494	0.17022	0.51985	0.03097	0.01241	0.00583	0.00177	0.00300	0.01116	0.00456	0.06682
44	0.01248	0.53541	0.26004	0.01037	0.01540	0.06692	0.01143	0.01528	0.01035	0.01280	0.00748	0.00870	0.00628	0.00440	0.00369	0.00122	0.00609	0.00297	0.00212	0.00656
45	0.00782	0.00531	0.00605	0.00595	0.00624	0.00539	0.00368	0.04877	0.00831	0.01105	0.01606	0.03277	0.01812	0.72394	0.02261	0.00441	0.00478	0.06219	0.00319	0.00338
46	0.00695	0.00476	0.00575	0.00593	0.00609	0.00483	0.00365	0.00732	0.00760	0.01025	0.01695	0.15211	0.01936	0.59608	0.12757	0.00476	0.00560	0.00794	0.00317	0.00332
47	0.01028	0.01737	0.36089	0.17812	0.02406	0.01196	0.21115	0.01460	0.01027	0.01460	0.00884	0.01171	0.00663	0.00500	0.00622	0.00166	0.09348	0.00441	0.00221	0.00653
48	0.01212	0.01592	0.16440	0.21862	0.16628	0.18930	0.05913	0.02989	0.01150	0.01423	0.01088	0.01324	0.04896	0.00524	0.00504	0.00151	0.02054	0.00437	0.00249	0.00634
49	0.01314	0.83025	0.02575	0.00841	0.01261	0.01945	0.00841	0.01472	0.00999	0.01156	0.00683	0.00788	0.00631	0.00420	0.00315	0.00105	0.00526	0.00263	0.00210	0.00631
50	0.02205	0.00836	0.01140	0.00874	0.01254	0.00722	0.00722	0.02395	0.01407	0.80004	0.01939	0.01673	0.01216	0.00608	0.00494	0.00152	0.00418	0.00494	0.00608	0.00836
51	0.01236	0.09438	0.15379	0.19229	0.04014	0.01102	0.13686	0.03882	0.02557	0.13880	0.02406	0.03121	0.00961	0.04711	0.00588	0.00170	0.00604	0.00483	0.01902	0.00651
52	0.01516	0.03766	0.01102	0.00915	0.03498	0.00738	0.03425	0.01751	0.04333	0.39612	0.07043	0.07843	0.01620	0.02466	0.09300	0.01828	0.00509	0.03295	0.04775	0.00664
53	0.02088	0.00807	0.01099	0.00861	0.01215	0.00699	0.00703	0.02271	0.01373	0.74297	0.01995	0.07524	0.01364	0.00676	0.00504	0.00156	0.00409	0.00560	0.00597	0.00805
54	0.13056	0.00850	0.01006	0.01020	0.08833	0.04907	0.00715	0.03373	0.01202	0.06246	0.36034	0.03541	0.02524	0.02165	0.00698	0.00166	0.12069	0.00631	0.00413	0.00549
55	0.04078	0.28441	0.25119	0.01404	0.11225	0.05052	0.08222	0.01618	0.03763	0.05451	0.00913	0.01049	0.00714	0.00459	0.00426	0.00138	0.00621	0.00367	0.00252	0.00689

[dist]
# distance from previous block
# <min> <max>
0	1

[block]
# block no. 4 follows, 51 sequences, length 8
# corresponding to MSA columns:
# 402-409
name=unknown_E
#
# <colnr> <probs for GDERKNQSTAVLIFYWHMCP>
#	G	D	E	R	K	N	Q	S	T	A	V	L	I	F	Y	W	H	M	C	P
0	0.00599	0.00428	0.00570	0.00684	0.00713	0.00399	0.00456	0.00684	0.00941	0.01254	0.02709	0.82409	0.03250	0.01540	0.00627	0.00200	0.00285	0.01397	0.00456	0.00399
1	0.00833	0.00612	0.00822	0.00914	0.01043	0.00628	0.00791	0.01169	0.08490	0.01526	0.02545	0.05192	0.02702	0.01292	0.00662	0.00221	0.00446	0.69173	0.00457	0.00483
2	0.01059	0.01619	0.29152	0.19059	0.12586	0.01165	0.22326	0.01528	0.03883	0.01521	0.00957	0.01227	0.00715	0.00461	0.00507	0.00159	0.00708	0.00455	0.00236	0.00679
3	0.09622	0.01010	0.01403	0.01454	0.19801	0.01015	0.05480	0.07436	0.13101	0.28271	0.05284	0.01549	0.01204	0.00569	0.00484	0.00153	0.00473	0.00489	0.00444	0.00756
4	0.00620	0.00443	0.00593	0.00696	0.00737	0.00416	0.00482	0.00726	0.00987	0.01321	0.08077	0.71194	0.03316	0.01489	0.00628	0.00198	0.00294	0.06916	0.00462	0.00408
5	0.46846	0.11544	0.03504	0.01012	0.05098	0.14599	0.05221	0.04362	0.01042	0.01854	0.00750	0.00884	0.00600	0.00462	0.00365	0.00142	0.00535	0.00310	0.00282	0.00587
6	0.00761	0.00632	0.00901	0.26384	0.04944	0.00678	0.00736	0.00927	0.00968	0.01252	0.06660	0.13671	0.17227	0.20973	0.01025	0.00244	0.00452	0.00782	0.00338	0.00444
7	0.01116	0.07556	0.19755	0.06159	0.07176	0.03843	0.07267	0.04339	0.01091	0.01563	0.00874	0.01066	0.00695	0.00440	0.00468	0.00122	0.03357	0.00360	0.00258	0.32494

[dist]
# distance from previous block
# <min> <max>
0	1

[block]
# block no. 5 follows, 51 sequences, length 83
# corresponding to MSA columns:
# 411-428,430-461,476-508
name=unknown_F
#
# <colnr> <probs for GDERKNQSTAVLIFYWHMCP>
#	G	D	E	R	K	N	Q	S	T	A	V	L	I	F	Y	W	H	M	C	P
0	0.02782	0.01100	0.01698	0.28158	0.43210	0.04358	0.01353	0.01538	0.06273	0.03368	0.00992	0.01277	0.00786	0.00478	0.00484	0.00153	0.00598	0.00439	0.00263	0.00691
1	0.00708	0.00490	0.00601	0.00601	0.00628	0.00511	0.00382	0.00757	0.00744	0.01011	0.01569	0.02916	0.03475	0.60157	0.22906	0.00551	0.00690	0.00673	0.00292	0.00337
2	0.01779	0.14152	0.01639	0.01097	0.01483	0.07985	0.00921	0.59980	0.02032	0.02642	0.01069	0.01095	0.00787	0.00557	0.00460	0.00139	0.00566	0.00404	0.00429	0.00782
3	0.00610	0.00499	0.00539	0.00529	0.00682	0.00427	0.00397	0.00763	0.01190	0.01493	0.24163	0.04457	0.60176	0.01183	0.00580	0.00163	0.00245	0.00999	0.00478	0.00427
4	0.00740	0.00477	0.00634	0.00681	0.00758	0.00439	0.00477	0.00871	0.01091	0.07154	0.22526	0.56148	0.03462	0.01333	0.00605	0.00184	0.00281	0.01200	0.00489	0.00448
5	0.86201	0.00950	0.00722	0.00646	0.00950	0.01102	0.00532	0.01445	0.00836	0.02205	0.00684	0.00798	0.00532	0.00456	0.00304	0.00152	0.00380	0.00266	0.00304	0.00532
6	0.00821	0.00427	0.00631	0.00646	0.00649	0.00423	0.00431	0.00646	0.00678	0.00905	0.01090	0.11794	0.01159	0.01686	0.01756	0.74818	0.00409	0.00550	0.00244	0.00237
7	0.01868	0.01376	0.01475	0.01131	0.01524	0.01524	0.00934	0.78025	0.02311	0.03097	0.01180	0.01180	0.00836	0.00590	0.00492	0.00147	0.00541	0.00442	0.00492	0.00836
8	0.12179	0.67089	0.02243	0.00818	0.01221	0.01756	0.00794	0.01530	0.01005	0.06555	0.00767	0.00849	0.00657	0.00438	0.00326	0.00114	0.00500	0.00279	0.00249	0.00632
9	0.86201	0.00950	0.00722	0.00646	0.00950	0.01102	0.00532	0.01445	0.00836	0.02205	0.00684	0.00798	0.00532	0.00456	0.00304	0.00152	0.00380	0.00266	0.00304	0.00532
10	0.86201	0.00950	0.00722	0.00646	0.00950	0.01102	0.00532	0.01445	0.00836	0.02205	0.00684	0.00798	0.00532	0.00456	0.00304	0.00152	0.00380	0.00266	0.00304	0.00532
11	0.00643	0.00536	0.00565	0.00551	0.00716	0.00477	0.00415	0.00869	0.06350	0.01483	0.17132	0.04360	0.61839	0.01166	0.00575	0.00164	0.00255	0.00980	0.00473	0.00447
12	0.01222	0.01056	0.01111	0.01000	0.01278	0.01222	0.00778	0.02611	0.78776	0.02056	0.02000	0.01833	0.01500	0.00667	0.00500	0.00167	0.00389	0.00556	0.00500	0.00778
13	0.45504	0.00895	0.00925	0.00757	0.01098	0.00918	0.00624	0.01905	0.01113	0.39899	0.01292	0.01222	0.00864	0.00530	0.00396	0.00152	0.00399	0.00377	0.00451	0.00680
14	0.00617	0.00458	0.00580	0.00669	0.00737	0.00422	0.00477	0.00727	0.01001	0.01295	0.03183	0.56966	0.19552	0.01456	0.00623	0.00195	0.00296	0.09881	0.00456	0.00409
15	0.00613	0.00502	0.00558	0.00552	0.00701	0.00447	0.00417	0.00759	0.01117	0.01396	0.15186	0.04221	0.58773	0.01521	0.10790	0.00244	0.00382	0.00951	0.00444	0.00425
16	0.00831	0.00566	0.00805	0.00791	0.00922	0.00528	0.04696	0.01006	0.01135	0.08000	0.18604	0.27236	0.09408	0.04511	0.00688	0.00199	0.00358	0.18774	0.00468	0.00473
17	0.02205	0.00836	0.01140	0.00874	0.01254	0.00722	0.00722	0.02395	0.01407	0.80004	0.01939	0.01673	0.01216	0.00608	0.00494	0.00152	0.00418	0.00494	0.00608	0.00836
18	0.46274	0.00954	0.00855	0.00732	0.01037	0.06228	0.00593	0.01650	0.01068	0.23694	0.01585	0.01548	0.10777	0.00602	0.00402	0.00152	0.00408	0.00431	0.00405	0.00604
19	0.01100	0.01106	0.01408	0.42151	0.13952	0.13432	0.01172	0.02737	0.04498	0.01367	0.01152	0.11575	0.01041	0.00629	0.00501	0.00160	0.00620	0.00546	0.00275	0.00581
20	0.00895	0.00801	0.01264	0.01206	0.08059	0.00929	0.09534	0.01056	0.00837	0.01204	0.01124	0.01840	0.01099	0.17974	0.29357	0.00457	0.21081	0.00538	0.00255	0.00491
21	0.01221	0.00875	0.02017	0.02095	0.01220	0.00700	0.01743	0.03191	0.02289	0.15435	0.07936	0.01390	0.01166	0.00476	0.00417	0.00101	0.00382	0.00394	0.00373	0.56578
22	0.01312	0.16254	0.39021	0.01273	0.05155	0.03494	0.01344	0.07983	0.01178	0.11567	0.00989	0.01092	0.00726	0.00513	0.00522	0.00148	0.06050	0.00375	0.00286	0.00718
23	0.01577	0.01104	0.02450	0.10041	0.04762	0.09954	0.06983	0.11478	0.01370	0.26725	0.02887	0.01721	0.01138	0.00617	0.00521	0.00154	0.02461	0.05532	0.07841	0.00684
24	0.00692	0.00502	0.00652	0.00615	0.00732	0.00462	0.00461	0.00921	0.01383	0.01953	0.77309	0.03701	0.06744	0.01011	0.00580	0.00155	0.00232	0.00893	0.00539	0.00462
25	0.14321	0.21978	0.46626	0.01143	0.01709	0.01342	0.01357	0.01508	0.00989	0.01549	0.00796	0.00940	0.00611	0.00465	0.00436	0.00144	0.02871	0.00325	0.00223	0.00667
26	0.01205	0.01145	0.01871	0.14959	0.63400	0.03160	0.01447	0.01513	0.02325	0.02903	0.00947	0.01240	0.00775	0.00454	0.00486	0.00149	0.00596	0.00437	0.00250	0.00738
27	0.00611	0.00437	0.00581	0.00676	0.00716	0.00407	0.00457	0.00715	0.00998	0.01346	0.12472	0.72385	0.03427	0.01472	0.00621	0.00194	0.00278	0.01332	0.00467	0.00407
28	0.01105	0.00593	0.00763	0.00667	0.00864	0.00528	0.00519	0.01309	0.01346	0.23589	0.44758	0.03218	0.14541	0.00917	0.00549	0.00154	0.00286	0.00789	0.02943	0.00560
29	0.00816	0.00542	0.00619	0.00576	0.00756	0.00466	0.00440	0.00975	0.01224	0.11502	0.23013	0.04078	0.50983	0.01104	0.00569	0.00161	0.00266	0.00931	0.00497	0.00481
30	0.00818	0.00442	0.00631	0.00626	0.00641	0.00437	0.00417	0.00685	0.00744	0.01007	0.10929	0.01959	0.01437	0.10444	0.01813	0.65528	0.00407	0.00517	0.00264	0.00254
31	0.75465	0.01005	0.00818	0.00708	0.01023	0.01156	0.00583	0.11193	0.01024	0.02318	0.00747	0.00847	0.00571	0.00473	0.00328	0.00151	0.00401	0.00289	0.00328	0.00571
32	0.01837	0.00952	0.01125	0.00883	0.01216	0.00951	0.00723	0.28569	0.01649	0.37971	0.01609	0.01531	0.01092	0.00595	0.00464	0.00143	0.00424	0.00469	0.17034	0.00763
33	0.36161	0.01613	0.01133	0.01016	0.01258	0.38168	0.00795	0.01652	0.01084	0.01609	0.00714	0.00874	0.00593	0.00531	0.00535	0.00148	0.10984	0.00310	0.00269	0.00550
34	0.02082	0.01034	0.01263	0.00968	0.01353	0.01015	0.00800	0.30024	0.01737	0.51909	0.01662	0.01493	0.01077	0.00602	0.00493	0.00150	0.00463	0.00475	0.00566	0.00836
35	0.00750	0.00594	0.00871	0.00843	0.00916	0.00722	0.00660	0.00910	0.00782	0.01139	0.01240	0.01873	0.01177	0.06506	0.67554	0.00704	0.11532	0.00522	0.00259	0.00446
36	0.00613	0.00476	0.00560	0.00608	0.00713	0.00424	0.00442	0.00740	0.01079	0.01371	0.11157	0.34334	0.38011	0.01342	0.00605	0.00182	0.00275	0.06190	0.00464	0.00416
37	0.01571	0.01481	0.01337	0.01313	0.11307	0.28549	0.00916	0.18794	0.04792	0.08539	0.07762	0.03752	0.04380	0.00641	0.00518	0.00146	0.02657	0.00495	0.00383	0.00667
38	0.01437	0.23437	0.20271	0.01066	0.05085	0.01161	0.01027	0.01718	0.01133	0.23786	0.01130	0.01156	0.00818	0.00477	0.00418	0.00127	0.00519	0.00365	0.00338	0.14532
39	0.01370	0.24492	0.20907	0.01146	0.04853	0.01408	0.01099	0.16561	0.12271	0.07016	0.02107	0.01190	0.00889	0.00519	0.00436	0.00139	0.00547	0.00395	0.00338	0.02316
40	0.01004	0.07094	0.75794	0.01369	0.02078	0.01187	0.01761	0.01552	0.01035	0.01534	0.00871	0.01023	0.00623	0.00464	0.00458	0.00153	0.00715	0.00357	0.00208	0.00721
41	0.00942	0.00745	0.07682	0.00789	0.00991	0.00591	0.00685	0.01211	0.03452	0.12129	0.34758	0.11011	0.06288	0.01025	0.00580	0.00173	0.00353	0.15570	0.00491	0.00535
42	0.01237	0.01313	0.06988	0.12687	0.54451	0.07716	0.03566	0.01539	0.01127	0.03374	0.00927	0.01203	0.00750	0.00456	0.00485	0.00148	0.00630	0.00428	0.00247	0.00726
43	0.01186	0.00737	0.00850	0.00756	0.01002	0.00711	0.00606	0.06999	0.13480	0.20430	0.03254	0.03374	0.34599	0.00966	0.00551	0.00168	0.00354	0.08868	0.00502	0.00607
44	0.00675	0.00493	0.00700	0.00743	0.00808	0.00531	0.00550	0.00814	0.00865	0.01201	0.03457	0.27950	0.02074	0.08008	0.43751	0.00535	0.00859	0.05224	0.00344	0.00418
45	0.01092	0.09638	0.40757	0.12087	0.15426	0.04309	0.05615	0.01511	0.01056	0.01469	0.00867	0.01090	0.00661	0.00466	0.00483	0.00151	0.02026	0.00387	0.00219	0.00690
46	0.11311	0.16887	0.01451	0.00989	0.01297	0.24080	0.00812	0.15223	0.01342	0.09870	0.01005	0.01125	0.00794	0.00915	0.10644	0.00216	0.00704	0.00368	0.00332	0.00635
47	0.00686	0.00572	0.00610	0.00604	0.00772	0.00531	0.00462	0.00986	0.11023	0.01479	0.10252	0.06432	0.56457	0.01168	0.00578	0.00170	0.00280	0.06003	0.00468	0.00467
48	0.00965	0.00911	0.01540	0.71551	0.13095	0.01101	0.01383	0.01288	0.01000	0.01300	0.00880	0.01298	0.00671	0.00485	0.00491	0.00162	0.00646	0.00437	0.00222	0.00576
49	0.01328	0.80789	0.02542	0.00853	0.01268	0.04129	0.00844	0.01485	0.01009	0.01157	0.00685	0.00791	0.00631	0.00423	0.00319	0.00106	0.00536	0.00264	0.00211	0.00629
50	0.00686	0.00502	0.00644	0.00609	0.00728	0.00460	0.00456	0.00909	0.01369	0.01919	0.73397	0.03756	0.10677	0.01024	0.00580	0.00155	0.00233	0.00901	0.00534	0.00460
51	0.01717	0.01189	0.01610	0.09180	0.07458	0.01249	0.10137	0.39478	0.01761	0.19277	0.01274	0.01319	0.00886	0.00552	0.00502	0.00152	0.00563	0.00469	0.00443	0.00783
52	0.01207	0.01154	0.01968	0.02969	0.77916	0.01154	0.01492	0.01497	0.01119	0.01602	0.00962	0.01312	0.00824	0.00458	0.00491	0.00148	0.00581	0.02125	0.00248	0.00771
53	0.00854	0.00427	0.00640	0.00640	0.00640	0.00427	0.00427	0.00640	0.00640	0.00854	0.00854	0.01494	0.00854	0.01707	0.01921	0.85702	0.00427	0.00427	0.00213	0.00213
54	0.01650	0.01222	0.01329	0.01047	0.01397	0.01323	0.00850	0.63052	0.02050	0.02763	0.01354	0.11509	0.01136	0.00696	0.00500	0.00149	0.00496	0.00554	0.00474	0.06449
55	0.01808	0.00922	0.03213	0.00926	0.01334	0.00757	0.05360	0.02048	0.02625	0.53014	0.01599	0.01481	0.01060	0.00535	0.00467	0.00134	0.00437	0.00448	0.00498	0.21333
56	0.01020	0.11375	0.01691	0.59691	0.14365	0.01212	0.01319	0.01320	0.01005	0.01295	0.00857	0.01230	0.00670	0.00474	0.00468	0.00154	0.00628	0.00415	0.00221	0.00591
57	0.00809	0.00608	0.00792	0.00879	0.00996	0.02811	0.00755	0.01033	0.01172	0.01527	0.12327	0.05174	0.02997	0.01289	0.00660	0.00214	0.00437	0.64608	0.00458	0.00457
58	0.00906	0.00844	0.01414	0.76149	0.03206	0.01046	0.01304	0.01217	0.00980	0.01256	0.00996	0.06725	0.00828	0.00561	0.00500	0.00166	0.00630	0.00501	0.00234	0.00536
59	0.01063	0.15900	0.58288	0.01428	0.05693	0.01284	0.06717	0.01541	0.01043	0.01493	0.00858	0.01023	0.00640	0.00454	0.00450	0.00147	0.00693	0.00364	0.00212	0.00708
60	0.01029	0.00891	0.01072	0.00772	0.01206	0.00687	0.02678	0.01285	0.03212	0.01613	0.00908	0.01050	0.00750	0.00374	0.00374	0.00078	0.00377	0.00306	0.00296	0.81040
61	0.00733	0.00526	0.00723	0.00833	0.00925	0.00516	0.00688	0.00918	0.01079	0.01407	0.02696	0.26635	0.05017	0.01404	0.00662	0.00217	0.00401	0.53729	0.00454	0.00437
62	0.00950	0.02285	0.70076	0.01323	0.01968	0.01074	0.01663	0.01470	0.01006	0.01503	0.00937	0.01151	0.00700	0.00877	0.10691	0.00236	0.00801	0.00384	0.00215	0.00690
63	0.01154	0.01463	0.17135	0.03861	0.45126	0.01179	0.19781	0.01529	0.01111	0.01582	0.00932	0.01210	0.00739	0.00439	0.00505	0.00153	0.00671	0.00457	0.00237	0.00737
64	0.00674	0.00487	0.00617	0.00611	0.00701	0.00452	0.00435	0.00846	0.01213	0.01681	0.51991	0.16550	0.09044	0.11512	0.00832	0.00204	0.00273	0.00960	0.00491	0.00429
65	0.00702	0.00527	0.00790	0.00790	0.00878	0.00614	0.00614	0.00878	0.00790	0.01141	0.01316	0.01931	0.01229	0.03686	0.80782	0.00790	0.01316	0.00527	0.00263	0.00439
66	0.86201	0.00950	0.00722	0.00646	0.00950	0.01102	0.00532	0.01445	0.00836	0.02205	0.00684	0.00798	0.00532	0.00456	0.00304	0.00152	0.00380	0.00266	0.00304	0.00532
67	0.01141	0.00629	0.00847	0.00790	0.04339	0.00569	0.00575	0.01352	0.01344	0.23549	0.48404	0.02971	0.05004	0.04153	0.00626	0.00165	0.00311	0.00746	0.00531	0.01955
68	0.06892	0.17460	0.47946	0.03345	0.01807	0.01237	0.01393	0.01631	0.01062	0.11502	0.00965	0.01062	0.00695	0.00476	0.00431	0.00146	0.00624	0.00356	0.00266	0.00704
69	0.14642	0.02053	0.05253	0.24154	0.01754	0.01014	0.00944	0.01270	0.06072	0.01433	0.01028	0.01408	0.00866	0.01524	0.25435	0.00360	0.09552	0.00438	0.00264	0.00536
70	0.00712	0.00480	0.00551	0.00546	0.00561	0.00475	0.00319	0.00742	0.00801	0.01082	0.11459	0.03274	0.02149	0.72326	0.02257	0.00435	0.00445	0.00737	0.00329	0.00319
71	0.01474	0.01124	0.01268	0.01069	0.06704	0.10984	0.03858	0.06758	0.01255	0.19843	0.01135	0.01190	0.00841	0.00461	0.00430	0.00112	0.00489	0.00373	0.00368	0.40264
72	0.01201	0.01546	0.17347	0.02289	0.38826	0.06629	0.18554	0.01608	0.04275	0.01580	0.00964	0.01208	0.00760	0.00452	0.00501	0.00152	0.00679	0.00451	0.00249	0.00728
73	0.00860	0.00695	0.00754	0.00780	0.00887	0.06077	0.00566	0.10648	0.01187	0.01533	0.05768	0.54200	0.07164	0.01297	0.00596	0.00186	0.00364	0.05515	0.00450	0.00473
74	0.00854	0.00427	0.00640	0.00640	0.00640	0.00427	0.00427	0.00640	0.00640	0.00854	0.00854	0.01494	0.00854	0.01707	0.01921	0.85702	0.00427	0.00427	0.00213	0.00213
75	0.06851	0.01444	0.06727	0.01083	0.01457	0.12639	0.00920	0.35936	0.11597	0.14480	0.01292	0.01265	0.00918	0.00574	0.00473	0.00148	0.00555	0.00431	0.00446	0.00765
76	0.01569	0.10244	0.28383	0.01246	0.06985	0.04347	0.01198	0.11561	0.01332	0.26560	0.01232	0.01237	0.00850	0.00522	0.00463	0.00146	0.00580	0.00407	0.00375	0.00762
77	0.00819	0.00433	0.00622	0.00630	0.00632	0.00431	0.00412	0.00653	0.00670	0.00893	0.01066	0.07116	0.01132	0.12010	0.01908	0.69144	0.00424	0.00528	0.00240	0.00237
78	0.00729	0.00576	0.00669	0.00631	0.00758	0.03689	0.00473	0.00944	0.01361	0.01868	0.67953	0.03677	0.12808	0.01011	0.00574	0.00155	0.00260	0.00882	0.00520	0.00463
79	0.01314	0.83025	0.02575	0.00841	0.01261	0.01945	0.00841	0.01472	0.00999	0.01156	0.00683	0.00788	0.00631	0.00420	0.00315	0.00105	0.00526	0.00263	0.00210	0.00631
80	0.25027	0.00909	0.01020	0.00836	0.01176	0.00921	0.00681	0.02176	0.15956	0.43877	0.01607	0.01464	0.01083	0.00578	0.00443	0.00155	0.00402	0.00443	0.00504	0.00742
81	0.01025	0.00559	0.00733	0.00721	0.00861	0.00510	0.00539	0.01163	0.01117	0.20233	0.10631	0.33301	0.08752	0.07960	0.00748	0.00207	0.00344	0.09599	0.00488	0.00510
82	0.00819	0.00608	0.02943	0.00897	0.09332	0.00557	0.00588	0.02225	0.02007	0.01498	0.09921	0.28610	0.05982	0.01097	0.00697	0.11050	0.00334	0.00833	0.19544	0.00459

[dist]
# distance from previous block
# <min> <max>
0	3

[block]
# block no. 6 follows, 51 sequences, length 45
# corresponding to MSA columns:
# 512-556
name=unknown_G
#
# <colnr> <probs for GDERKNQSTAVLIFYWHMCP>
#	G	D	E	R	K	N	Q	S	T	A	V	L	I	F	Y	W	H	M	C	P
0	0.01145	0.15601	0.15272	0.14996	0.24053	0.01325	0.02582	0.01491	0.04404	0.02779	0.00896	0.01145	0.00727	0.00515	0.00600	0.00154	0.10998	0.00402	0.00241	0.00674
1	0.01052	0.01709	0.33985	0.01854	0.17835	0.01124	0.22866	0.01469	0.01072	0.01536	0.01065	0.07837	0.00905	0.00545	0.00548	0.00162	0.02976	0.00526	0.00247	0.00687
2	0.01050	0.00984	0.01488	0.45865	0.22202	0.04870	0.01246	0.01343	0.01043	0.01412	0.00941	0.01290	0.00740	0.00477	0.00467	0.00147	0.00594	0.00424	0.07293	0.06124
3	0.17807	0.23159	0.09253	0.01475	0.21261	0.12125	0.01057	0.03351	0.01098	0.04113	0.00826	0.00974	0.00672	0.00458	0.00398	0.00135	0.00577	0.00336	0.00262	0.00661
4	0.86201	0.00950	0.00722	0.00646	0.00950	0.01102	0.00532	0.01445	0.00836	0.02205	0.00684	0.00798	0.00532	0.00456	0.00304	0.00152	0.00380	0.00266	0.00304	0.00532
5	0.01443	0.63017	0.02282	0.00946	0.01325	0.21489	0.00868	0.01593	0.01096	0.01168	0.00702	0.00813	0.00631	0.00442	0.00347	0.00110	0.00615	0.00276	0.00221	0.00616
6	0.00650	0.00485	0.00561	0.00573	0.00653	0.00459	0.00389	0.00739	0.00940	0.01210	0.07945	0.13342	0.29928	0.29870	0.09800	0.00344	0.00445	0.00905	0.00386	0.00378
7	0.00895	0.00460	0.00466	0.00466	0.00569	0.00460	0.00339	0.01099	0.00997	0.01738	0.01597	0.01980	0.01316	0.09326	0.00573	0.00153	0.00255	0.00485	0.76384	0.00441
8	0.01161	0.01012	0.01443	0.29595	0.22427	0.03490	0.01163	0.11429	0.06266	0.01704	0.01195	0.01667	0.00988	0.00577	0.00491	0.00157	0.00559	0.06414	0.07616	0.00645
9	0.12964	0.14250	0.13006	0.03734	0.12727	0.08135	0.03089	0.13214	0.06744	0.06214	0.01005	0.01107	0.00766	0.00497	0.00433	0.00143	0.00573	0.00382	0.00318	0.00698
10	0.00971	0.01744	0.43463	0.10047	0.14325	0.01018	0.01443	0.02515	0.01049	0.01509	0.04594	0.06521	0.01090	0.06854	0.00644	0.00182	0.00624	0.00500	0.00256	0.00652
11	0.00636	0.00461	0.00600	0.00648	0.00719	0.00425	0.00455	0.00781	0.01127	0.01539	0.32901	0.47372	0.07881	0.01314	0.00606	0.00180	0.00262	0.01178	0.00489	0.00425
12	0.04760	0.17749	0.16837	0.07897	0.22238	0.04523	0.01223	0.03930	0.04346	0.10522	0.01016	0.01150	0.00775	0.00481	0.00441	0.00142	0.00581	0.00388	0.00290	0.00710
13	0.01317	0.03754	0.06099	0.01703	0.07393	0.14932	0.35148	0.01606	0.01138	0.06522	0.00990	0.03331	0.00801	0.00541	0.00682	0.00163	0.12470	0.00499	0.00270	0.00643
14	0.00600	0.00497	0.00526	0.00523	0.00677	0.00422	0.00390	0.00741	0.01160	0.01431	0.17166	0.06598	0.65147	0.01213	0.00582	0.00165	0.00247	0.01022	0.00470	0.00422
15	0.01143	0.01145	0.05663	0.18519	0.49500	0.01132	0.01384	0.04164	0.05564	0.01607	0.02462	0.03594	0.00929	0.00510	0.00493	0.00153	0.00578	0.00476	0.00271	0.00714
16	0.02096	0.00822	0.01101	0.00852	0.01215	0.00718	0.00701	0.03784	0.01401	0.73007	0.02018	0.01775	0.03943	0.00629	0.00492	0.00151	0.00408	0.00511	0.03567	0.00808
17	0.01070	0.11637	0.09512	0.05157	0.01405	0.00917	0.00795	0.03223	0.01049	0.01558	0.00858	0.01011	0.00703	0.00394	0.00378	0.00092	0.00443	0.00307	0.00273	0.59219
18	0.01137	0.00971	0.01036	0.00952	0.01199	0.01109	0.00732	0.02347	0.67962	0.01956	0.03306	0.10496	0.03082	0.00775	0.00516	0.00170	0.00373	0.00659	0.00495	0.00726
19	0.00656	0.00452	0.00553	0.00611	0.00626	0.00437	0.00378	0.00699	0.00829	0.01106	0.02137	0.43374	0.02529	0.41559	0.01551	0.00336	0.00379	0.01061	0.00378	0.00349
20	0.00608	0.00499	0.00535	0.00526	0.00680	0.00426	0.00395	0.00757	0.01184	0.01478	0.22431	0.04481	0.61918	0.01188	0.00581	0.00163	0.00245	0.01002	0.00476	0.00426
21	0.00637	0.00456	0.00610	0.00696	0.00749	0.00429	0.00493	0.00764	0.01043	0.01407	0.16594	0.59952	0.03457	0.01423	0.00624	0.00194	0.00293	0.09292	0.00471	0.00417
22	0.01024	0.01006	0.01406	0.01226	0.01229	0.01387	0.01009	0.01130	0.00773	0.01190	0.00865	0.09741	0.00923	0.00933	0.01508	0.00213	0.73142	0.00533	0.00241	0.00523
23	0.86201	0.00950	0.00722	0.00646	0.00950	0.01102	0.00532	0.01445	0.00836	0.02205	0.00684	0.00798	0.00532	0.00456	0.00304	0.00152	0.00380	0.00266	0.00304	0.00532
24	0.01433	0.01428	0.18759	0.07109	0.33231	0.05029	0.01334	0.02991	0.01197	0.20975	0.01159	0.01279	0.00838	0.00496	0.00482	0.00150	0.00593	0.00429	0.00329	0.00757
25	0.01209	0.01163	0.01970	0.02930	0.75748	0.01184	0.01487	0.01492	0.01101	0.01584	0.00910	0.01209	0.00772	0.00459	0.00543	0.00149	0.04643	0.00437	0.00242	0.00766
26	0.01314	0.83025	0.02575	0.00841	0.01261	0.01945	0.00841	0.01472	0.00999	0.01156	0.00683	0.00788	0.00631	0.00420	0.00315	0.00105	0.00526	0.00263	0.00210	0.00631
27	0.10101	0.00902	0.01060	0.00869	0.05065	0.00779	0.00653	0.01260	0.00986	0.01633	0.00871	0.02347	0.00746	0.00429	0.00449	0.00096	0.05659	0.00323	0.00288	0.65483
28	0.00778	0.00561	0.00773	0.00879	0.00995	0.00556	0.00765	0.00998	0.01131	0.01461	0.02756	0.05491	0.07799	0.01350	0.00672	0.00222	0.00439	0.71471	0.00453	0.00450
29	0.00628	0.00530	0.00611	0.00695	0.05798	0.00462	0.00463	0.00760	0.01098	0.01350	0.06278	0.17223	0.59906	0.01234	0.00582	0.00170	0.00276	0.01053	0.00445	0.00437
30	0.01655	0.00782	0.00993	0.00795	0.01110	0.00695	0.00642	0.07533	0.01386	0.46989	0.09271	0.05077	0.13874	0.00760	0.00512	0.00151	0.00376	0.00630	0.00544	0.06228
31	0.01429	0.00865	0.02698	0.01134	0.13309	0.00731	0.00771	0.01627	0.01152	0.30902	0.01520	0.10109	0.01254	0.05936	0.00600	0.00155	0.00424	0.00537	0.00419	0.24428
32	0.01051	0.20637	0.60426	0.01252	0.01892	0.01303	0.01558	0.01519	0.01039	0.01478	0.03062	0.01056	0.00738	0.00472	0.00436	0.00144	0.00667	0.00355	0.00218	0.00697
33	0.01075	0.01075	0.01505	0.01290	0.01290	0.01505	0.01075	0.01183	0.00753	0.01183	0.00645	0.01075	0.00645	0.00860	0.01613	0.00215	0.81830	0.00430	0.00215	0.00538
34	0.00819	0.00536	0.00657	0.00607	0.00767	0.00475	0.00462	0.01012	0.01305	0.10077	0.47050	0.03801	0.28503	0.01040	0.00571	0.00158	0.00257	0.00895	0.00521	0.00488
35	0.01033	0.01013	0.06280	0.05053	0.09702	0.00763	0.00800	0.01288	0.01029	0.01582	0.00879	0.01056	0.00723	0.00385	0.00390	0.00091	0.00425	0.00319	0.00277	0.66912
36	0.00845	0.09344	0.01005	0.00798	0.00887	0.00793	0.00626	0.00905	0.00767	0.01066	0.01069	0.01654	0.01028	0.05303	0.41061	0.22604	0.09127	0.00469	0.00241	0.00406
37	0.00611	0.00433	0.00567	0.00668	0.00694	0.00407	0.00439	0.00688	0.00917	0.01222	0.02585	0.73971	0.03094	0.10190	0.00827	0.00229	0.00305	0.01324	0.00439	0.00388
38	0.00924	0.01016	0.09792	0.27312	0.19379	0.00925	0.05120	0.01211	0.01030	0.01396	0.01464	0.19613	0.02446	0.00771	0.00535	0.00171	0.00555	0.05463	0.00295	0.00582
39	0.03198	0.01947	0.34492	0.05547	0.07338	0.15039	0.13885	0.05946	0.03213	0.01599	0.00961	0.01207	0.00738	0.00496	0.00487	0.00153	0.00724	0.02093	0.00256	0.00680
40	0.01420	0.01482	0.01470	0.19555	0.07319	0.28415	0.02124	0.10994	0.01265	0.03203	0.00899	0.02234	0.00740	0.00661	0.02671	0.00172	0.14077	0.00414	0.00279	0.00608
41	0.00604	0.00467	0.00551	0.00598	0.00695	0.00414	0.00422	0.00724	0.01074	0.01377	0.13510	0.39752	0.35358	0.01347	0.00602	0.00180	0.00263	0.01181	0.00467	0.00414
42	0.10313	0.01080	0.01515	0.03738	0.29344	0.03370	0.06315	0.04235	0.02226	0.07156	0.00977	0.01153	0.00770	0.00440	0.00437	0.00127	0.00510	0.00389	0.00302	0.25604
43	0.12872	0.13026	0.02658	0.10917	0.05280	0.26653	0.07154	0.03273	0.01150	0.03659	0.00894	0.02498	0.00749	0.00528	0.00486	0.00144	0.04313	0.01617	0.01534	0.00595
44	0.01534	0.00867	0.01008	0.00843	0.01121	0.00890	0.00667	0.11210	0.22971	0.28588	0.05237	0.01856	0.01439	0.05038	0.00582	0.00167	0.00389	0.00529	0.14351	0.00713

[dist]
# distance from previous block
# <min> <max>
0	1

[block]
# block no. 7 follows, 51 sequences, length 30
# corresponding to MSA columns:
# 558-587
name=unknown_H
#
# <colnr> <probs for GDERKNQSTAVLIFYWHMCP>
#	G	D	E	R	K	N	Q	S	T	A	V	L	I	F	Y	W	H	M	C	P
0	0.01269	0.20064	0.03501	0.17917	0.21543	0.02299	0.05607	0.10455	0.02204	0.04624	0.01007	0.04262	0.00838	0.00521	0.00477	0.00145	0.01864	0.00443	0.00285	0.00677
1	0.00656	0.00490	0.00672	0.00702	0.00784	0.00506	0.00519	0.00806	0.00955	0.01309	0.12771	0.26934	0.11083	0.02395	0.36522	0.00454	0.00736	0.00898	0.00381	0.00427
2	0.00909	0.00830	0.01158	0.01030	0.01073	0.01083	0.00835	0.01050	0.00878	0.01306	0.14311	0.01847	0.03538	0.03460	0.18458	0.00333	0.46566	0.00551	0.00289	0.00495
3	0.00920	0.05484	0.32493	0.00989	0.01385	0.00904	0.01062	0.03375	0.08289	0.01802	0.35137	0.02247	0.02454	0.00720	0.00512	0.00153	0.00466	0.00606	0.00387	0.00615
4	0.00706	0.00476	0.00537	0.00537	0.00556	0.00467	0.00313	0.00710	0.00759	0.00992	0.01916	0.03305	0.10892	0.68904	0.02245	0.04882	0.00447	0.00738	0.00312	0.00307
5	0.01052	0.03589	0.01185	0.01001	0.10419	0.00758	0.00700	0.01277	0.01030	0.01587	0.00873	0.01035	0.00731	0.00374	0.00377	0.00082	0.00395	0.00308	0.00283	0.72944
6	0.11171	0.26594	0.39831	0.01131	0.01657	0.05066	0.01293	0.01518	0.01004	0.01477	0.00781	0.00929	0.00616	0.00473	0.00458	0.00142	0.04657	0.00323	0.00222	0.00658
7	0.86201	0.00950	0.00722	0.00646	0.00950	0.01102	0.00532	0.01445	0.00836	0.02205	0.00684	0.00798	0.00532	0.00456	0.00304	0.00152	0.00380	0.00266	0.00304	0.00532
8	0.01213	0.01175	0.02040	0.02969	0.75837	0.01171	0.05299	0.01511	0.01121	0.01604	0.00928	0.01222	0.00777	0.00437	0.00491	0.00147	0.00596	0.00445	0.00244	0.00773
9	0.01075	0.01075	0.01505	0.01290	0.01290	0.01505	0.01075	0.01183	0.00753	0.01183	0.00645	0.01075	0.00645	0.00860	0.01613	0.00215	0.81830	0.00430	0.00215	0.00538
10	0.01763	0.02204	0.01464	0.01472	0.10728	0.71377	0.01015	0.01909	0.01360	0.01250	0.00779	0.00925	0.00650	0.00498	0.00448	0.00129	0.00851	0.00331	0.00252	0.00594
11	0.00609	0.00506	0.00537	0.00549	0.00707	0.00434	0.00425	0.00748	0.01129	0.01362	0.06743	0.04796	0.68377	0.01251	0.00592	0.00173	0.00272	0.09909	0.00458	0.00421
12	0.01165	0.01224	0.01492	0.01287	0.01317	0.10845	0.01060	0.01275	0.00828	0.01185	0.00659	0.01053	0.00644	0.00818	0.01475	0.00205	0.72291	0.00417	0.00220	0.00541
