[name]
unknown

[dist]
# distance from previous block
# <min> <max>
39	187

[block]
# block no. 0 follows, 49 sequences, length 43
# corresponding to MSA columns:
# 210-252
name=unknown_A
#
# <colnr> <probs for GDERKNQSTAVLIFYWHMCP>
#	G	D	E	R	K	N	Q	S	T	A	V	L	I	F	Y	W	H	M	C	P
0	0.04109	0.12899	0.13672	0.02728	0.04702	0.19191	0.12335	0.06526	0.10223	0.01645	0.01016	0.01148	0.00793	0.00499	0.00465	0.00142	0.00675	0.00406	0.00295	0.06532
1	0.02819	0.01391	0.09952	0.01434	0.08084	0.10959	0.16931	0.16743	0.01390	0.01820	0.03169	0.09951	0.06605	0.00799	0.02281	0.03426	0.00641	0.00613	0.00346	0.00647
2	0.01399	0.04452	0.01395	0.01067	0.01402	0.11985	0.05987	0.16865	0.11122	0.03599	0.01271	0.01364	0.03322	0.00571	0.00550	0.00136	0.06743	0.00437	0.04940	0.21391
3	0.01387	0.01210	0.08451	0.01662	0.26882	0.02527	0.01079	0.13223	0.02997	0.11928	0.02737	0.01529	0.01044	0.08829	0.00696	0.00177	0.00537	0.00470	0.00359	0.12274
4	0.01280	0.08665	0.08269	0.05838	0.07586	0.21474	0.22381	0.01570	0.01241	0.01510	0.11307	0.04142	0.01331	0.00581	0.00517	0.00152	0.00704	0.00531	0.00295	0.00626
5	0.00825	0.00994	0.18832	0.00837	0.01054	0.00661	0.00770	0.01026	0.00938	0.04098	0.05168	0.16552	0.05068	0.27624	0.12984	0.00371	0.00619	0.00761	0.00338	0.00480
6	0.01376	0.06230	0.06235	0.01415	0.03198	0.21496	0.23848	0.05405	0.01278	0.06589	0.01387	0.12867	0.03583	0.00669	0.00529	0.00157	0.00689	0.00610	0.00327	0.02112
7	0.02764	0.01640	0.17773	0.18282	0.12145	0.12836	0.01304	0.19216	0.02828	0.04934	0.01024	0.01198	0.00760	0.00526	0.00490	0.00154	0.00668	0.00419	0.00319	0.00720
8	0.00611	0.00511	0.00532	0.00531	0.00692	0.00432	0.00397	0.00750	0.01177	0.01435	0.12958	0.06922	0.68794	0.01263	0.00599	0.00170	0.00255	0.01061	0.00479	0.00432
9	0.14961	0.00634	0.00681	0.00637	0.00817	0.00639	0.00488	0.03728	0.01149	0.11540	0.10914	0.15129	0.03285	0.00804	0.00452	0.00150	0.00306	0.00665	0.32487	0.00535
10	0.04955	0.21086	0.12091	0.06114	0.18236	0.04219	0.14642	0.04426	0.01155	0.01569	0.01005	0.01414	0.00859	0.00522	0.00476	0.00151	0.00645	0.05486	0.00264	0.00684
11	0.00980	0.01051	0.07447	0.11334	0.13252	0.05150	0.12230	0.01253	0.01110	0.01463	0.01744	0.20831	0.01809	0.00929	0.00588	0.00186	0.00574	0.17152	0.00343	0.00575
12	0.01146	0.00622	0.00756	0.00662	0.00889	0.00537	0.00518	0.01321	0.01309	0.25858	0.21203	0.03634	0.37516	0.01019	0.00570	0.00164	0.00306	0.00858	0.00538	0.00574
13	0.04404	0.01392	0.06461	0.03373	0.15941	0.08247	0.24853	0.12023	0.03064	0.10889	0.01150	0.01316	0.00849	0.00504	0.00516	0.00156	0.00668	0.00485	0.02977	0.00733
14	0.01629	0.11248	0.04405	0.02872	0.15763	0.01232	0.17663	0.12310	0.01397	0.24536	0.01276	0.01350	0.00908	0.00518	0.00502	0.00152	0.00598	0.00475	0.00391	0.00776
15	0.76207	0.01006	0.00755	0.00680	0.00977	0.04564	0.00553	0.01488	0.00900	0.02197	0.00773	0.00899	0.00604	0.00480	0.00322	0.00153	0.00403	0.00290	0.06206	0.00544
16	0.01061	0.00950	0.01521	0.01244	0.01449	0.01075	0.17455	0.11285	0.01119	0.01578	0.03707	0.03321	0.01139	0.01903	0.31895	0.00430	0.17437	0.00553	0.00302	0.00577
17	0.01123	0.01070	0.01820	0.36959	0.46226	0.01168	0.01488	0.01439	0.01090	0.01496	0.00928	0.01294	0.00746	0.00474	0.00503	0.00158	0.00633	0.00450	0.00239	0.00697
18	0.00669	0.00500	0.00621	0.00623	0.00735	0.00452	0.00455	0.00851	0.01272	0.01726	0.46483	0.20624	0.20722	0.01205	0.00607	0.00171	0.00254	0.01059	0.00519	0.00452
19	0.00804	0.00574	0.00803	0.00919	0.01031	0.00573	0.00796	0.01029	0.01153	0.01501	0.02683	0.09820	0.02934	0.01407	0.00696	0.00231	0.00456	0.71661	0.00466	0.00463
20	0.00653	0.00514	0.00590	0.00571	0.00717	0.00451	0.00428	0.00834	0.01284	0.01678	0.39914	0.04352	0.43883	0.01164	0.00597	0.00165	0.00248	0.00995	0.00511	0.00451
21	0.00612	0.00476	0.00557	0.00614	0.00712	0.00421	0.00431	0.00725	0.01072	0.01357	0.07186	0.43616	0.37573	0.01423	0.00622	0.00188	0.00274	0.01247	0.00473	0.00421
22	0.00797	0.00569	0.00794	0.00911	0.01020	0.00567	0.00784	0.01017	0.01147	0.01493	0.02687	0.12514	0.02949	0.01414	0.00694	0.00230	0.00450	0.69036	0.00466	0.00461
23	0.00955	0.00899	0.01517	0.81013	0.03483	0.01123	0.01404	0.01292	0.01011	0.01292	0.00899	0.01348	0.00674	0.00506	0.00506	0.00169	0.00674	0.00449	0.00225	0.00562
24	0.85801	0.00978	0.00743	0.00665	0.00978	0.01134	0.00548	0.01486	0.00861	0.02269	0.00704	0.00821	0.00548	0.00469	0.00313	0.00156	0.00391	0.00274	0.00313	0.00548
25	0.01608	0.00835	0.01065	0.00816	0.01196	0.00683	0.00657	0.01810	0.01253	0.39967	0.04336	0.07058	0.01319	0.00605	0.00467	0.00127	0.00392	0.00503	0.00481	0.34822
26	0.01162	0.00932	0.01086	0.00784	0.01227	0.00737	0.00630	0.06462	0.01156	0.05197	0.00969	0.01090	0.00779	0.00401	0.00389	0.00084	0.00389	0.00319	0.00328	0.75880
27	0.85801	0.00978	0.00743	0.00665	0.00978	0.01134	0.00548	0.01486	0.00861	0.02269	0.00704	0.00821	0.00548	0.00469	0.00313	0.00156	0.00391	0.00274	0.00313	0.00548
28	0.01724	0.01255	0.01356	0.01060	0.01415	0.01376	0.00868	0.63936	0.02188	0.02974	0.10061	0.01547	0.01332	0.00654	0.00507	0.00150	0.00500	0.00508	0.05796	0.00792
29	0.85801	0.00978	0.00743	0.00665	0.00978	0.01134	0.00548	0.01486	0.00861	0.02269	0.00704	0.00821	0.00548	0.00469	0.00313	0.00156	0.00391	0.00274	0.00313	0.00548
30	0.01252	0.01201	0.02053	0.03104	0.79074	0.01201	0.01552	0.01552	0.01151	0.01652	0.00951	0.01252	0.00801	0.00451	0.00501	0.00150	0.00601	0.00451	0.00250	0.00801
31	0.01687	0.01299	0.01385	0.01116	0.01478	0.01458	0.00904	0.50913	0.29236	0.02807	0.01513	0.01452	0.01102	0.00635	0.00509	0.00159	0.00501	0.00497	0.00509	0.00839
32	0.01001	0.00826	0.01022	0.00945	0.01096	0.00985	0.00742	0.03559	0.27581	0.01577	0.01545	0.01944	0.01328	0.06077	0.31812	0.00443	0.11899	0.01939	0.03087	0.00590
33	0.00714	0.00522	0.00669	0.00756	0.00820	0.00512	0.00533	0.03604	0.05204	0.01422	0.02682	0.68584	0.03123	0.01486	0.00638	0.00204	0.00322	0.07282	0.00473	0.00452
34	0.02227	0.00928	0.01215	0.00932	0.01325	0.00844	0.00770	0.11595	0.01561	0.70133	0.01900	0.01659	0.01204	0.00624	0.00508	0.00156	0.00446	0.00502	0.00611	0.00860
35	0.01083	0.03728	0.20170	0.27056	0.21502	0.01241	0.04831	0.01440	0.01037	0.01456	0.00884	0.01213	0.00700	0.00529	0.00645	0.00167	0.10986	0.00432	0.00229	0.00671
36	0.01661	0.01341	0.05573	0.01162	0.04013	0.06047	0.00939	0.42426	0.11067	0.09387	0.01501	0.09931	0.01216	0.00705	0.00517	0.00159	0.00532	0.00566	0.00475	0.00780
37	0.00648	0.00482	0.00596	0.00669	0.00739	0.00448	0.00465	0.00779	0.02440	0.01353	0.07541	0.51182	0.18335	0.07078	0.00768	0.00216	0.00307	0.05069	0.00464	0.00420
38	0.00652	0.00497	0.00602	0.00636	0.00745	0.00447	0.00468	0.00806	0.01174	0.01536	0.24482	0.28111	0.29873	0.01314	0.00619	0.00183	0.00278	0.06647	0.00493	0.00439
39	0.01186	0.28541	0.12486	0.20878	0.09128	0.04937	0.11198	0.01493	0.01083	0.01374	0.00950	0.01189	0.02529	0.00481	0.00453	0.00144	0.00657	0.00408	0.00234	0.00651
40	0.01187	0.01244	0.02122	0.17361	0.16015	0.05958	0.29869	0.01569	0.05270	0.01523	0.00997	0.01322	0.00788	0.00523	0.00671	0.00169	0.10315	0.00504	0.01931	0.00661
41	0.01282	0.00905	0.01045	0.00916	0.01156	0.00992	0.00718	0.12300	0.28529	0.11931	0.02016	0.04574	0.07709	0.05643	0.13259	0.00287	0.03165	0.00613	0.02282	0.00677
42	0.02837	0.00879	0.01148	0.06738	0.01309	0.01010	0.02353	0.16171	0.01364	0.01918	0.23021	0.07243	0.02285	0.00924	0.00808	0.00183	0.17974	0.09498	0.01762	0.00576

[dist]
# distance from previous block
# <min> <max>
4	14

[block]
# block no. 1 follows, 49 sequences, length 13
# corresponding to MSA columns:
# 270-282
name=unknown_B
#
# <colnr> <probs for GDERKNQSTAVLIFYWHMCP>
#	G	D	E	R	K	N	Q	S	T	A	V	L	I	F	Y	W	H	M	C	P
0	0.06315	0.01110	0.02992	0.40992	0.05879	0.06895	0.06085	0.03082	0.11490	0.03645	0.01151	0.04543	0.00918	0.00576	0.00525	0.00166	0.02215	0.00495	0.00301	0.00624
1	0.01487	0.53330	0.02215	0.03962	0.01457	0.24959	0.00926	0.01645	0.01138	0.01208	0.00732	0.00870	0.00651	0.00476	0.00413	0.00121	0.03257	0.00299	0.00230	0.00624
2	0.00858	0.00694	0.00882	0.00808	0.00808	0.00841	0.00571	0.00895	0.00748	0.01059	0.01286	0.02580	0.01450	0.55301	0.02271	0.00401	0.27242	0.00638	0.00278	0.00388
3	0.00648	0.00511	0.00585	0.00573	0.00716	0.00447	0.00427	0.00821	0.01262	0.01642	0.36160	0.07957	0.44069	0.01190	0.00599	0.00167	0.00250	0.01020	0.00506	0.00447
4	0.00733	0.00513	0.00626	0.00639	0.00664	0.00535	0.00412	0.00787	0.00816	0.01122	0.01859	0.18596	0.04056	0.48899	0.09914	0.00430	0.04213	0.00839	0.03985	0.00363
5	0.08053	0.01384	0.01461	0.01127	0.01525	0.01536	0.00931	0.71841	0.02267	0.03120	0.01177	0.01185	0.00837	0.00597	0.00492	0.00152	0.00544	0.00442	0.00492	0.00837
6	0.01807	0.01171	0.01313	0.01054	0.01418	0.01259	0.00855	0.34988	0.25509	0.22559	0.01676	0.01553	0.01172	0.00636	0.00509	0.00159	0.00476	0.00505	0.00540	0.00842
7	0.01352	0.82533	0.02650	0.00865	0.01298	0.02001	0.00865	0.01514	0.01027	0.01190	0.00703	0.00811	0.00649	0.00433	0.00324	0.00108	0.00541	0.00270	0.00216	0.00649
8	0.01383	0.77923	0.02580	0.00890	0.01313	0.06500	0.00872	0.01543	0.01051	0.01192	0.00708	0.00817	0.00649	0.00438	0.00332	0.00109	0.00562	0.00274	0.00219	0.00645
9	0.00725	0.00532	0.00761	0.00761	0.00833	0.00604	0.00567	0.00870	0.00797	0.01135	0.01402	0.02249	0.01378	0.19382	0.64791	0.00749	0.01183	0.00580	0.00278	0.00423
10	0.00735	0.00490	0.00552	0.00552	0.00552	0.00490	0.00306	0.00735	0.00735	0.00980	0.01593	0.03309	0.01838	0.82229	0.02574	0.00490	0.00490	0.00735	0.00306	0.00306
11	0.00841	0.00683	0.00932	0.04733	0.09455	0.03793	0.00739	0.01003	0.01005	0.01348	0.08062	0.13565	0.05381	0.03790	0.25339	0.06697	0.00729	0.11079	0.00349	0.00477
12	0.01291	0.12454	0.01324	0.04136	0.01317	0.18277	0.00793	0.06683	0.22439	0.01794	0.20148	0.01995	0.03877	0.00702	0.00497	0.00149	0.00509	0.00560	0.00415	0.00640

[dist]
# distance from previous block
# <min> <max>
0	3

[block]
# block no. 2 follows, 49 sequences, length 97
# corresponding to MSA columns:
# 286-382
name=unknown_C
#
# <colnr> <probs for GDERKNQSTAVLIFYWHMCP>
#	G	D	E	R	K	N	Q	S	T	A	V	L	I	F	Y	W	H	M	C	P
0	0.48855	0.01128	0.03625	0.17784	0.05753	0.05920	0.02750	0.01472	0.00952	0.01872	0.00775	0.00998	0.00609	0.00502	0.00462	0.00161	0.05186	0.00344	0.00278	0.00576
1	0.24437	0.00739	0.00912	0.13403	0.01320	0.00793	0.03169	0.01205	0.01199	0.03362	0.40851	0.02456	0.02755	0.00766	0.00502	0.00160	0.00373	0.00645	0.00428	0.00524
2	0.00723	0.00541	0.00806	0.00806	0.00895	0.00629	0.00624	0.00899	0.00811	0.01169	0.01360	0.02018	0.01278	0.05684	0.78353	0.00805	0.01334	0.00546	0.00272	0.00448
3	0.01149	0.07458	0.15276	0.07127	0.43676	0.01218	0.04560	0.01478	0.01109	0.01557	0.02297	0.01420	0.04920	0.00528	0.00545	0.00155	0.04079	0.00469	0.00255	0.00726
4	0.00742	0.00504	0.00651	0.00651	0.00682	0.00536	0.00430	0.00788	0.00756	0.01040	0.01455	0.02712	0.01564	0.48718	0.29504	0.07201	0.00787	0.00645	0.00287	0.00350
5	0.01549	0.10682	0.02159	0.01556	0.01934	0.33685	0.29627	0.07627	0.01353	0.01526	0.00894	0.01100	0.00711	0.00493	0.00532	0.00147	0.03068	0.00435	0.00272	0.00649
6	0.01141	0.00858	0.01073	0.09415	0.03089	0.00745	0.00708	0.03874	0.02727	0.10120	0.06629	0.01744	0.08908	0.00566	0.00450	0.00115	0.00403	0.00470	0.00371	0.46593
7	0.01484	0.32145	0.03519	0.01077	0.03950	0.10934	0.00901	0.07257	0.24633	0.07424	0.01268	0.01265	0.00985	0.00548	0.00433	0.00139	0.00542	0.00407	0.00364	0.00725
8	0.02438	0.00716	0.01080	0.12264	0.08800	0.00712	0.03844	0.01285	0.01090	0.17127	0.03248	0.33063	0.03285	0.05174	0.03310	0.00216	0.00471	0.00885	0.00421	0.00571
9	0.00614	0.00447	0.00579	0.00685	0.00729	0.00412	0.00461	0.00706	0.00986	0.01298	0.03015	0.74372	0.10723	0.01555	0.00641	0.00202	0.00290	0.01401	0.00469	0.00412
10	0.01416	0.32733	0.01801	0.00926	0.01344	0.05236	0.02132	0.12544	0.04447	0.06215	0.00976	0.01053	0.00784	0.00466	0.00395	0.00112	0.00504	0.00341	0.00322	0.26253
11	0.01566	0.13227	0.22065	0.01347	0.07410	0.02700	0.08968	0.04764	0.04195	0.26885	0.01299	0.01320	0.00908	0.00526	0.00482	0.00151	0.00597	0.00441	0.00378	0.00770
12	0.02269	0.00861	0.01174	0.00900	0.01291	0.00743	0.00743	0.02464	0.01447	0.79425	0.01995	0.01721	0.01252	0.00626	0.00509	0.00156	0.00430	0.00509	0.00626	0.00861
13	0.01106	0.01106	0.01549	0.01328	0.01328	0.01549	0.01106	0.01217	0.00774	0.01217	0.00664	0.01106	0.00664	0.00885	0.01659	0.00221	0.81303	0.00443	0.00221	0.00553
14	0.01176	0.21376	0.32189	0.20820	0.02244	0.03098	0.04061	0.04790	0.01122	0.03384	0.00897	0.01104	0.00680	0.00483	0.00454	0.00149	0.00671	0.00381	0.00242	0.00680
15	0.00853	0.00599	0.00682	0.00669	0.00687	0.04717	0.00432	0.00802	0.00758	0.00985	0.01304	0.04422	0.01435	0.43662	0.05251	0.27946	0.03593	0.00616	0.00275	0.00311
16	0.01863	0.02356	0.01421	0.01292	0.01553	0.76962	0.00970	0.02047	0.04579	0.01274	0.00834	0.00952	0.00688	0.00528	0.00458	0.00132	0.00891	0.00336	0.00271	0.00595
17	0.01193	0.01314	0.02727	0.04177	0.15235	0.01275	0.59330	0.01582	0.01163	0.01598	0.00991	0.01333	0.00766	0.00454	0.00628	0.00169	0.04557	0.00562	0.00252	0.00693
18	0.02703	0.02705	0.08543	0.19225	0.11061	0.09924	0.22843	0.06576	0.01198	0.01568	0.00994	0.01367	0.00800	0.04896	0.03256	0.00198	0.00747	0.00484	0.00266	0.00646
19	0.01275	0.01375	0.01652	0.46497	0.05308	0.22130	0.08520	0.04644	0.01201	0.01398	0.00894	0.01225	0.00689	0.00504	0.00501	0.00157	0.00747	0.00431	0.00250	0.00600
20	0.00805	0.00537	0.00704	0.00651	0.00786	0.00492	0.00492	0.01041	0.01432	0.06457	0.74412	0.03660	0.04570	0.01010	0.00591	0.00159	0.00250	0.00891	0.00561	0.00499
21	0.01075	0.00845	0.01317	0.29472	0.05929	0.00915	0.07140	0.08373	0.01177	0.07514	0.03483	0.22091	0.01606	0.05964	0.00681	0.00195	0.00536	0.00748	0.00362	0.00578
22	0.01412	0.06899	0.34797	0.04093	0.06887	0.03369	0.06587	0.07854	0.01270	0.17531	0.01171	0.01260	0.00825	0.00517	0.00484	0.00154	0.00638	0.00426	0.03075	0.00752
23	0.01191	0.01141	0.01936	0.17946	0.62452	0.01196	0.01511	0.01493	0.01114	0.01571	0.00933	0.01266	0.00773	0.00473	0.00534	0.00156	0.02870	0.00450	0.00245	0.00748
24	0.02198	0.00876	0.01171	0.00909	0.01293	0.00779	0.00747	0.02480	0.06822	0.74009	0.01999	0.01733	0.01272	0.00630	0.00509	0.00158	0.00428	0.00513	0.00618	0.00856
25	0.01279	0.01079	0.09936	0.23136	0.06517	0.00959	0.06969	0.05062	0.01223	0.18250	0.03997	0.02108	0.03430	0.00810	0.03962	0.00198	0.00613	0.09440	0.00374	0.00660
26	0.01588	0.26560	0.04888	0.05561	0.01470	0.07431	0.00897	0.14664	0.04163	0.17970	0.01329	0.02696	0.02335	0.00586	0.00447	0.00141	0.00536	0.02069	0.03960	0.00709
27	0.85801	0.00978	0.00743	0.00665	0.00978	0.01134	0.00548	0.01486	0.00861	0.02269	0.00704	0.00821	0.00548	0.00469	0.00313	0.00156	0.00391	0.00274	0.00313	0.00548
28	0.00860	0.00443	0.00649	0.00653	0.00654	0.00442	0.00431	0.00665	0.00674	0.00899	0.00989	0.04305	0.01023	0.07073	0.01972	0.76873	0.00438	0.00492	0.00234	0.00232
29	0.01922	0.01416	0.01518	0.01163	0.01568	0.01568	0.00961	0.77388	0.02378	0.03187	0.01214	0.01214	0.00860	0.00607	0.00506	0.00152	0.00556	0.00455	0.00506	0.00860
30	0.01049	0.00899	0.01049	0.00749	0.01198	0.00674	0.00599	0.01273	0.01049	0.01648	0.00899	0.01049	0.00749	0.00374	0.00374	0.00075	0.00374	0.00300	0.00300	0.85320
31	0.00598	0.00512	0.00512	0.00512	0.00683	0.00427	0.00384	0.00726	0.01153	0.01366	0.05123	0.04866	0.78869	0.01281	0.00598	0.00171	0.00256	0.01067	0.00470	0.00427
32	0.00655	0.00508	0.00567	0.00559	0.00681	0.00452	0.00398	0.00791	0.01152	0.01480	0.24968	0.06198	0.42696	0.15569	0.00949	0.00225	0.00294	0.00975	0.00465	0.00419
33	0.00702	0.00516	0.00657	0.00622	0.00747	0.00471	0.00467	0.00929	0.01400	0.01953	0.70509	0.03900	0.13116	0.01062	0.00597	0.00160	0.00241	0.00932	0.00547	0.00471
34	0.01352	0.82533	0.02650	0.00865	0.01298	0.02001	0.00865	0.01514	0.01027	0.01190	0.00703	0.00811	0.00649	0.00433	0.00324	0.00108	0.00541	0.00270	0.00216	0.00649
35	0.01889	0.02410	0.01433	0.01303	0.01563	0.80199	0.00977	0.02019	0.01433	0.01238	0.00782	0.00912	0.00651	0.00521	0.00456	0.00130	0.00912	0.00326	0.00261	0.00586
36	0.01258	0.01086	0.01143	0.01029	0.01315	0.01258	0.00800	0.02687	0.78161	0.02115	0.02058	0.01887	0.01544	0.00686	0.00515	0.00172	0.00400	0.00572	0.00515	0.00800
37	0.01746	0.02172	0.01454	0.01307	0.01520	0.65820	0.01001	0.01873	0.01313	0.01234	0.00760	0.00947	0.00654	0.00588	0.00676	0.00147	0.15609	0.00347	0.00253	0.00580
38	0.00810	0.00650	0.00735	0.00735	0.00911	0.00640	0.00586	0.03566	0.13810	0.01625	0.08820	0.06949	0.37517	0.01184	0.00607	0.00186	0.00341	0.19332	0.00483	0.00514
39	0.01043	0.00930	0.01544	0.17336	0.30101	0.00971	0.06463	0.01361	0.02808	0.01559	0.01525	0.02668	0.01451	0.00757	0.00561	0.00179	0.00570	0.23197	0.04348	0.00629
40	0.00767	0.00549	0.00726	0.00799	0.03442	0.00531	0.00545	0.03284	0.01134	0.04094	0.18301	0.51566	0.07379	0.01335	0.00647	0.00189	0.02573	0.01188	0.00479	0.00471
41	0.00878	0.00439	0.00659	0.00659	0.00659	0.00439	0.00439	0.00659	0.00659	0.00878	0.00878	0.01537	0.00878	0.01757	0.01976	0.85288	0.00439	0.00439	0.00220	0.00220
42	0.01014	0.02616	0.79609	0.01441	0.02189	0.01174	0.01868	0.01601	0.01068	0.01601	0.00907	0.01068	0.00641	0.00480	0.00480	0.00160	0.00747	0.00374	0.00214	0.00747
43	0.00815	0.00582	0.00815	0.00931	0.01048	0.00582	0.00815	0.01048	0.01164	0.01513	0.02677	0.05704	0.02910	0.01397	0.00698	0.00233	0.00466	0.75671	0.00466	0.00466
44	0.00845	0.00737	0.01274	0.02367	0.01308	0.00738	0.19089	0.01045	0.00998	0.01346	0.01875	0.21584	0.02012	0.14202	0.11477	0.00327	0.02908	0.15033	0.00354	0.00482
45	0.01131	0.00958	0.04778	0.00803	0.01227	0.00719	0.00676	0.01399	0.02985	0.08132	0.06538	0.01320	0.01089	0.00463	0.00432	0.00097	0.01768	0.00373	0.00345	0.64768
46	0.00722	0.00542	0.00813	0.00813	0.00903	0.00632	0.00632	0.00903	0.00813	0.01174	0.01354	0.01987	0.01264	0.03792	0.80225	0.00813	0.01354	0.00542	0.00271	0.00451
47	0.00726	0.00514	0.00661	0.00625	0.00738	0.00478	0.00463	0.00952	0.01379	0.01966	0.71425	0.03671	0.04467	0.05293	0.00690	0.00175	0.00252	0.00886	0.04172	0.00468
48	0.01190	0.01325	0.04772	0.06515	0.23327	0.01252	0.49096	0.01575	0.01160	0.01602	0.00986	0.01319	0.00766	0.00448	0.00584	0.00166	0.02417	0.00540	0.00251	0.00707
49	0.00838	0.00736	0.04849	0.00699	0.00910	0.00641	0.00576	0.04251	0.09254	0.04195	0.03592	0.03686	0.44645	0.05218	0.07982	0.00244	0.00434	0.03503	0.03232	0.00515
50	0.10677	0.00872	0.01130	0.00876	0.01259	0.00783	0.00724	0.02366	0.01388	0.71659	0.01865	0.01631	0.01181	0.00610	0.00489	0.00156	0.00426	0.00485	0.00594	0.00829
51	0.01133	0.00613	0.00790	0.00691	0.00894	0.00544	0.00537	0.01343	0.01393	0.23621	0.46002	0.03368	0.15122	0.00957	0.00572	0.00160	0.00295	0.00824	0.00563	0.00577
52	0.01215	0.17999	0.11672	0.17426	0.11320	0.01349	0.25076	0.01563	0.01115	0.05168	0.00957	0.01216	0.00736	0.00462	0.00494	0.00153	0.00691	0.00453	0.00253	0.00682
53	0.01378	0.01554	0.01366	0.01216	0.01335	0.33887	0.00957	0.01502	0.01057	0.01233	0.00838	0.01215	0.00776	0.04448	0.07345	0.00239	0.35765	0.00416	0.02928	0.00546
54	0.78612	0.01101	0.00802	0.00720	0.01028	0.07908	0.00584	0.01532	0.00910	0.02180	0.00711	0.00829	0.00557	0.00474	0.00325	0.00154	0.00436	0.00278	0.00308	0.00551
55	0.00722	0.00542	0.00813	0.00813	0.00903	0.00632	0.00632	0.00903	0.00813	0.01174	0.01354	0.01987	0.01264	0.03792	0.80225	0.00813	0.01354	0.00542	0.00271	0.00451
56	0.00745	0.00546	0.00684	0.00682	0.00786	0.00538	0.00497	0.00931	0.03655	0.03669	0.23041	0.22052	0.18450	0.08876	0.09612	0.00277	0.03075	0.00974	0.00454	0.00457
57	0.00628	0.00480	0.00577	0.00622	0.00719	0.00429	0.00440	0.00759	0.01121	0.01456	0.17879	0.39495	0.30828	0.01372	0.00619	0.00184	0.00270	0.01206	0.00486	0.00429
58	0.01045	0.07036	0.64130	0.07155	0.06288	0.01222	0.03121	0.01572	0.01068	0.01559	0.00899	0.01088	0.00654	0.00477	0.00476	0.00157	0.00724	0.00381	0.00217	0.00730
59	0.00633	0.00483	0.00582	0.00621	0.00721	0.00432	0.00441	0.00770	0.01141	0.01490	0.21463	0.36652	0.30046	0.01349	0.00617	0.00182	0.00267	0.01185	0.00490	0.00432
60	0.00630	0.00452	0.00596	0.00702	0.00741	0.00423	0.00478	0.00729	0.00992	0.01320	0.05349	0.71551	0.05828	0.03544	0.00692	0.00211	0.00303	0.04579	0.00468	0.00413
61	0.01022	0.02562	0.76318	0.01471	0.02208	0.01179	0.05105	0.01602	0.01073	0.01602	0.00912	0.01080	0.00646	0.00478	0.00485	0.00161	0.00752	0.00383	0.00215	0.00745
62	0.01049	0.00899	0.01049	0.00749	0.01198	0.00674	0.00599	0.01273	0.01049	0.01648	0.00899	0.01049	0.00749	0.00374	0.00374	0.00075	0.00374	0.00300	0.00300	0.85320
63	0.01234	0.01218	0.01985	0.09963	0.18620	0.06492	0.27064	0.01728	0.12635	0.04350	0.05953	0.01683	0.01201	0.00559	0.00545	0.00164	0.00653	0.02932	0.00328	0.00693
64	0.01244	0.01074	0.01137	0.01011	0.01307	0.01219	0.00787	0.02594	0.73061	0.02084	0.01981	0.01831	0.01491	0.00665	0.00505	0.00165	0.00398	0.00554	0.00500	0.06390
65	0.01591	0.03019	0.01453	0.01133	0.01425	0.03321	0.00935	0.39457	0.03227	0.06736	0.01092	0.01222	0.00840	0.00752	0.03310	0.00182	0.20629	0.00438	0.00403	0.08836
66	0.00878	0.00439	0.00659	0.00659	0.00659	0.00439	0.00439	0.00659	0.00659	0.00878	0.00878	0.01537	0.00878	0.01757	0.01976	0.85288	0.00439	0.00439	0.00220	0.00220
67	0.01266	0.00979	0.01415	0.35112	0.11163	0.01126	0.01130	0.14624	0.01286	0.07565	0.01125	0.01395	0.00847	0.00566	0.00574	0.00160	0.06811	0.00457	0.11747	0.00651
68	0.01332	0.01419	0.01569	0.03136	0.37460	0.24748	0.01156	0.01561	0.02752	0.01434	0.01181	0.01444	0.04935	0.00929	0.08947	0.03872	0.00745	0.00457	0.00271	0.00652
69	0.01883	0.01591	0.01445	0.01164	0.01515	0.20595	0.00936	0.51043	0.02023	0.06647	0.01153	0.01187	0.00840	0.00592	0.00512	0.00147	0.02276	0.00427	0.03248	0.00774
70	0.01994	0.01016	0.01244	0.00956	0.01342	0.00978	0.00786	0.25374	0.01705	0.46371	0.05724	0.01626	0.01281	0.00624	0.00503	0.00149	0.00455	0.00499	0.00562	0.06810
71	0.14519	0.01100	0.01314	0.29614	0.02099	0.03820	0.01016	0.21266	0.08591	0.07762	0.01148	0.01313	0.00842	0.00644	0.02703	0.00178	0.00583	0.00438	0.00370	0.00679
72	0.01391	0.01217	0.03072	0.02255	0.46203	0.01235	0.02608	0.19339	0.04756	0.04204	0.03791	0.01482	0.03559	0.00557	0.00531	0.00154	0.02017	0.00495	0.00348	0.00786
73	0.00616	0.00440	0.00587	0.00704	0.00733	0.00411	0.00469	0.00704	0.00968	0.01291	0.02787	0.81899	0.03344	0.01584	0.00645	0.00205	0.00293	0.01438	0.00469	0.00411
74	0.02229	0.00890	0.01188	0.00914	0.01303	0.00791	0.00754	0.05688	0.03386	0.74237	0.01963	0.01703	0.01242	0.00627	0.00509	0.00157	0.00435	0.00508	0.00618	0.00859
75	0.03451	0.00981	0.01829	0.04060	0.03103	0.00924	0.36570	0.01379	0.01182	0.08054	0.04082	0.06559	0.16904	0.00783	0.00589	0.00176	0.00595	0.07810	0.00368	0.00601
76	0.01081	0.01018	0.01719	0.34911	0.41967	0.01108	0.01407	0.01380	0.01080	0.01476	0.01072	0.07536	0.00946	0.00561	0.00514	0.00162	0.00607	0.00526	0.00257	0.00673
77	0.01859	0.02349	0.01403	0.01276	0.01532	0.77676	0.00957	0.01993	0.01421	0.01258	0.00809	0.00943	0.00672	0.00523	0.00453	0.00130	0.00891	0.00330	0.02943	0.00583
78	0.03102	0.00930	0.04916	0.10724	0.09363	0.00922	0.00865	0.02757	0.24136	0.02890	0.17405	0.07664	0.10611	0.00817	0.00539	0.00167	0.00418	0.00705	0.00435	0.00633
79	0.01106	0.01106	0.01549	0.01328	0.01328	0.01549	0.01106	0.01217	0.00774	0.01217	0.00664	0.01106	0.00664	0.00885	0.01659	0.00221	0.81303	0.00443	0.00221	0.00553
80	0.45728	0.01283	0.05970	0.04755	0.05036	0.07081	0.20265	0.01561	0.01019	0.01919	0.00822	0.01022	0.00633	0.00464	0.00422	0.00159	0.00589	0.00381	0.00282	0.00608
81	0.00716	0.00517	0.00676	0.00636	0.00755	0.00477	0.00477	0.00954	0.01431	0.02028	0.78808	0.03777	0.04771	0.01034	0.00596	0.00159	0.00239	0.00914	0.00557	0.00477
82	0.01108	0.05207	0.01171	0.00784	0.01232	0.00757	0.01960	0.01332	0.01063	0.04201	0.00927	0.01064	0.00761	0.00387	0.00380	0.00081	0.00393	0.00310	0.00305	0.76577
83	0.01159	0.01416	0.23443	0.31614	0.10139	0.01080	0.05406	0.01570	0.03024	0.10530	0.03052	0.01463	0.02809	0.00539	0.00508	0.00163	0.00641	0.00472	0.00294	0.00679
84	0.01158	0.16986	0.39422	0.01200	0.01785	0.03819	0.05268	0.01553	0.01085	0.03704	0.00900	0.01044	0.00690	0.00451	0.00434	0.00131	0.00630	0.00352	0.00248	0.19139
85	0.01510	0.01367	0.01705	0.04595	0.38011	0.11065	0.01229	0.19169	0.10012	0.04642	0.01147	0.01290	0.00890	0.00529	0.00498	0.00151	0.00603	0.00452	0.00352	0.00782
86	0.00598	0.00512	0.00512	0.00512	0.00683	0.00427	0.00384	0.00726	0.01153	0.01366	0.05123	0.04866	0.78869	0.01281	0.00598	0.00171	0.00256	0.01067	0.00470	0.00427
87	0.01208	0.01429	0.12835	0.09828	0.33018	0.01234	0.25668	0.05552	0.01205	0.01682	0.00977	0.01269	0.00760	0.00460	0.00529	0.00160	0.00706	0.00487	0.00258	0.00736
88	0.01169	0.01043	0.01502	0.39501	0.05069	0.03671	0.06772	0.09038	0.11616	0.04103	0.01431	0.01700	0.06105	0.00615	0.00559	0.00168	0.03265	0.01705	0.00329	0.00640
89	0.00824	0.00599	0.00838	0.00944	0.01057	0.00613	0.00824	0.01053	0.01152	0.01504	0.02614	0.05559	0.02839	0.01381	0.00729	0.00232	0.03023	0.73291	0.00458	0.00468
90	0.00628	0.00453	0.00598	0.00709	0.00752	0.00423	0.00488	0.00728	0.00990	0.01309	0.02897	0.72993	0.07108	0.01557	0.00647	0.00205	0.00303	0.06327	0.00469	0.00415
91	0.01232	0.22707	0.20882	0.01330	0.01790	0.11077	0.18595	0.01568	0.02456	0.02780	0.01166	0.08444	0.02650	0.00584	0.00482	0.00150	0.00675	0.00509	0.00271	0.00653
92	0.01374	0.01532	0.01623	0.31794	0.22105	0.30209	0.01285	0.01626	0.01202	0.01364	0.00869	0.01163	0.00698	0.00497	0.00486	0.00150	0.00743	0.00404	0.00244	0.00632
93	0.00727	0.00522	0.00714	0.00714	0.00771	0.00579	0.00509	0.00840	0.00784	0.01101	0.01444	0.02485	0.01481	0.33347	0.50966	0.00691	0.01029	0.00615	0.00284	0.00397
94	0.01014	0.02616	0.79609	0.01441	0.02189	0.01174	0.01868	0.01601	0.01068	0.01601	0.00907	0.01068	0.00641	0.00480	0.00480	0.00160	0.00747	0.00374	0.00214	0.00747
95	0.01175	0.01118	0.01880	0.20378	0.58091	0.01156	0.01469	0.01479	0.01115	0.01571	0.00937	0.01262	0.00770	0.00459	0.00495	0.00150	0.00605	0.00442	0.00247	0.05201
96	0.23958	0.00811	0.00823	0.00794	0.00999	0.00897	0.00601	0.01641	0.26261	0.04141	0.01905	0.27457	0.01835	0.00911	0.00494	0.00175	0.00356	0.00764	0.04583	0.00592

[dist]
# distance from previous block
# <min> <max>
0	1

[block]
# block no. 3 follows, 49 sequences, length 17
# corresponding to MSA columns:
# 384-400
name=unknown_D
#
# <colnr> <probs for GDERKNQSTAVLIFYWHMCP>
#	G	D	E	R	K	N	Q	S	T	A	V	L	I	F	Y	W	H	M	C	P
0	0.01644	0.16987	0.01654	0.01201	0.04673	0.24697	0.00940	0.22780	0.16952	0.01958	0.01148	0.01185	0.00893	0.00558	0.00458	0.00141	0.00629	0.00405	0.00370	0.00725
1	0.01167	0.00734	0.00902	0.00778	0.00992	0.00723	0.00608	0.11079	0.07761	0.14844	0.50148	0.02961	0.03436	0.00885	0.00564	0.00159	0.00324	0.00762	0.00558	0.00615
2	0.06043	0.01482	0.16456	0.11221	0.03973	0.06141	0.12143	0.12798	0.06638	0.06553	0.02121	0.01278	0.00860	0.00514	0.00488	0.00151	0.00623	0.00442	0.00333	0.09743
3	0.01274	0.31553	0.35917	0.01176	0.01712	0.11535	0.01307	0.04556	0.01163	0.01482	0.03476	0.01052	0.00794	0.00492	0.00425	0.00137	0.00668	0.00352	0.00244	0.00686
4	0.00676	0.00724	0.10663	0.00792	0.00921	0.00514	0.00648	0.00842	0.01024	0.01399	0.09654	0.64298	0.03133	0.01392	0.00620	0.00195	0.00346	0.01253	0.00445	0.00460
5	0.00675	0.00516	0.00656	0.00697	0.00790	0.00514	0.00506	0.00853	0.03988	0.01322	0.04746	0.33103	0.20760	0.04768	0.21845	0.00366	0.00579	0.02461	0.00415	0.00440
6	0.04760	0.00990	0.01692	0.33993	0.26972	0.01075	0.09447	0.01344	0.01063	0.01485	0.01161	0.11558	0.01059	0.00615	0.00523	0.00167	0.00609	0.00584	0.00271	0.00631
7	0.00998	0.00733	0.01005	0.00927	0.01126	0.00701	0.05846	0.09674	0.01224	0.05452	0.02142	0.29169	0.02286	0.03713	0.00662	0.00195	0.00433	0.21945	0.00439	0.11332
8	0.00746	0.00484	0.00577	0.00640	0.00730	0.00461	0.00475	0.00906	0.01050	0.01509	0.02746	0.32648	0.13712	0.02900	0.00600	0.00184	0.00303	0.13095	0.25796	0.00438
9	0.01199	0.01161	0.01930	0.02635	0.59665	0.03422	0.08451	0.01468	0.01111	0.01551	0.01035	0.01514	0.00926	0.10869	0.00772	0.00195	0.00619	0.00497	0.00258	0.00721
10	0.11787	0.10617	0.14442	0.00914	0.01198	0.07088	0.00838	0.01337	0.06964	0.01585	0.08871	0.25608	0.03655	0.00900	0.00524	0.00167	0.01826	0.00746	0.00368	0.00566
11	0.01063	0.01357	0.21796	0.01125	0.04131	0.01054	0.01021	0.01925	0.38000	0.01752	0.01764	0.11975	0.01536	0.08360	0.00714	0.00202	0.00494	0.00641	0.00400	0.00691
12	0.01263	0.05857	0.01763	0.08575	0.35045	0.08704	0.01258	0.01647	0.10892	0.01526	0.00998	0.01253	0.00834	0.00582	0.00731	0.00165	0.17491	0.00442	0.00275	0.00701
13	0.01132	0.00664	0.00930	0.00852	0.01029	0.00712	0.00674	0.03675	0.04257	0.19027	0.01525	0.01898	0.01261	0.02846	0.56347	0.00617	0.01080	0.00533	0.00369	0.00571
14	0.01218	0.00896	0.01157	0.03426	0.08519	0.00954	0.02873	0.06170	0.27670	0.11679	0.02024	0.25687	0.01871	0.00913	0.00579	0.00178	0.02239	0.00799	0.00468	0.00679
15	0.00800	0.03331	0.00855	0.00820	0.03904	0.00613	0.00610	0.01022	0.01218	0.03255	0.43901	0.03242	0.03301	0.01750	0.21756	0.00338	0.00585	0.07755	0.00450	0.00495
16	0.01289	0.05678	0.12018	0.00997	0.03669	0.00977	0.00876	0.11611	0.11187	0.13901	0.04724	0.04985	0.14302	0.00751	0.00510	0.00154	0.00454	0.02788	0.00435	0.08693

[dist]
# distance from previous block
# <min> <max>
0	1

[block]
# block no. 4 follows, 49 sequences, length 18
# corresponding to MSA columns:
# 402-419
name=unknown_E
#
# <colnr> <probs for GDERKNQSTAVLIFYWHMCP>
#	G	D	E	R	K	N	Q	S	T	A	V	L	I	F	Y	W	H	M	C	P
0	0.01088	0.00850	0.01012	0.00745	0.01151	0.00655	0.00594	0.01312	0.01120	0.06742	0.10335	0.01420	0.01265	0.00470	0.00410	0.00090	0.00362	0.00387	0.00352	0.69640
1	0.01182	0.01268	0.02570	0.11327	0.23043	0.01241	0.48540	0.01565	0.01162	0.01591	0.00990	0.01332	0.00766	0.00442	0.00561	0.00165	0.00765	0.00541	0.00251	0.00700
2	0.00724	0.00517	0.00687	0.00782	0.00863	0.00499	0.00613	0.00868	0.01052	0.01369	0.02808	0.31531	0.09730	0.06785	0.00833	0.02797	0.00388	0.36277	0.00449	0.00425
3	0.00955	0.00899	0.01517	0.81013	0.03483	0.01123	0.01404	0.01292	0.01011	0.01292	0.00899	0.01348	0.00674	0.00506	0.00506	0.00169	0.00674	0.00449	0.00225	0.00562
4	0.01301	0.01167	0.01665	0.01397	0.05043	0.02676	0.14095	0.19956	0.03475	0.01887	0.04287	0.04338	0.01065	0.00722	0.00934	0.00180	0.29482	0.00532	0.05139	0.00656
5	0.00808	0.00724	0.03319	0.03097	0.02335	0.00768	0.03591	0.00973	0.00900	0.01253	0.01893	0.05049	0.12977	0.13476	0.30279	0.00460	0.12714	0.02419	0.02498	0.00468
6	0.01049	0.00899	0.01049	0.00749	0.01198	0.00674	0.00599	0.01273	0.01049	0.01648	0.00899	0.01049	0.00749	0.00374	0.00374	0.00075	0.00374	0.00300	0.00300	0.85320
7	0.00899	0.00872	0.05341	0.02564	0.01141	0.00633	0.00620	0.01116	0.01082	0.01546	0.02260	0.02287	0.25916	0.00676	0.00455	0.00113	0.00364	0.00555	0.00348	0.51212
8	0.00648	0.00489	0.00622	0.03045	0.00811	0.00452	0.00481	0.00790	0.01127	0.01496	0.22705	0.43192	0.19593	0.01347	0.00619	0.00185	0.00283	0.01196	0.00484	0.00436
9	0.01253	0.00968	0.01127	0.03147	0.05661	0.03371	0.00724	0.10124	0.04588	0.09699	0.05931	0.01721	0.08831	0.00580	0.00457	0.00119	0.00421	0.00475	0.00391	0.40414
10	0.04147	0.01198	0.07866	0.02328	0.01447	0.03455	0.05772	0.24394	0.08039	0.15818	0.06404	0.06628	0.01416	0.05736	0.02866	0.00199	0.00545	0.00576	0.00452	0.00714
11	0.05155	0.27182	0.04733	0.00921	0.03926	0.01184	0.00773	0.01543	0.12751	0.06587	0.18770	0.09499	0.02048	0.00751	0.00476	0.00150	0.00423	0.02104	0.00398	0.00625
12	0.01023	0.00827	0.01132	0.00916	0.01212	0.00733	0.08943	0.08614	0.01205	0.03374	0.06678	0.25414	0.01824	0.00818	0.00509	0.00140	0.00409	0.00736	0.02437	0.33056
13	0.03004	0.04788	0.01281	0.02534	0.04593	0.02160	0.09177	0.11116	0.04549	0.11508	0.14816	0.15697	0.05860	0.04463	0.00636	0.00178	0.00454	0.00752	0.00444	0.01992
14	0.01015	0.12018	0.05575	0.00910	0.05482	0.03397	0.00728	0.01276	0.04354	0.05890	0.12926	0.04269	0.19835	0.00961	0.04134	0.00178	0.00451	0.04277	0.01919	0.10406
15	0.01267	0.03406	0.09405	0.02967	0.04977	0.04559	0.00870	0.08274	0.13924	0.08421	0.08368	0.03098	0.01361	0.00589	0.00467	0.00135	0.00463	0.00482	0.05305	0.21664
16	0.12418	0.03007	0.09841	0.01258	0.10392	0.06582	0.03409	0.10800	0.09291	0.12631	0.04742	0.01762	0.06079	0.00637	0.00488	0.00157	0.00522	0.03181	0.00400	0.02402
17	0.01154	0.09096	0.14803	0.01001	0.03422	0.01007	0.00891	0.05324	0.15781	0.07641	0.01655	0.09590	0.03806	0.10502	0.00742	0.00194	0.00485	0.02846	0.00379	0.09682

[dist]
# distance from previous block
# <min> <max>
20	115

[block]
# block no. 5 follows, 49 sequences, length 19
# corresponding to MSA columns:
# 557-575
name=unknown_F
#
# <colnr> <probs for GDERKNQSTAVLIFYWHMCP>
#	G	D	E	R	K	N	Q	S	T	A	V	L	I	F	Y	W	H	M	C	P
0	0.01186	0.03718	0.08318	0.03629	0.07316	0.09375	0.20887	0.05941	0.11146	0.01748	0.11354	0.01942	0.08031	0.00642	0.00534	0.00159	0.00600	0.00592	0.02228	0.00655
1	0.01712	0.06144	0.01481	0.01127	0.01474	0.15081	0.06366	0.18943	0.16570	0.19174	0.05631	0.01530	0.01236	0.00611	0.00500	0.00152	0.00564	0.00491	0.00459	0.00754
2	0.00878	0.00439	0.00659	0.00659	0.00659	0.00439	0.00439	0.00659	0.00659	0.00878	0.00878	0.01537	0.00878	0.01757	0.01976	0.85288	0.00439	0.00439	0.00220	0.00220
3	0.01026	0.00932	0.01519	0.01792	0.31617	0.00877	0.09129	0.01300	0.01206	0.01724	0.21537	0.05771	0.02036	0.00681	0.00532	0.00149	0.00478	0.03775	0.00358	0.13561
4	0.01037	0.00882	0.01027	0.00757	0.01173	0.00694	0.00602	0.01334	0.05632	0.01703	0.06599	0.01295	0.01087	0.00441	0.00399	0.00087	0.00366	0.00360	0.00331	0.74194
5	0.00872	0.00700	0.00977	0.00913	0.01000	0.00853	0.00718	0.05815	0.00899	0.01296	0.01233	0.01868	0.01167	0.08714	0.54796	0.00636	0.16246	0.00532	0.00279	0.00486
6	0.01096	0.22076	0.60868	0.01301	0.01972	0.01376	0.01624	0.01580	0.01058	0.01501	0.00858	0.01005	0.00643	0.00469	0.00442	0.00147	0.00697	0.00349	0.00214	0.00723
7	0.01266	0.01549	0.17656	0.01837	0.12500	0.03229	0.31392	0.04126	0.12456	0.05527	0.01182	0.01363	0.00882	0.00505	0.00558	0.00165	0.02249	0.00510	0.00310	0.00738
8	0.14178	0.10769	0.42176	0.01228	0.01765	0.14450	0.01367	0.03609	0.01119	0.01630	0.00835	0.00982	0.00635	0.00495	0.00467	0.00151	0.02880	0.00343	0.00245	0.00677
9	0.01764	0.01021	0.01234	0.06741	0.01461	0.01043	0.00824	0.31436	0.01743	0.30815	0.06641	0.03981	0.07557	0.00713	0.00523	0.00158	0.00468	0.00578	0.00529	0.00768
10	0.09859	0.01484	0.01214	0.01135	0.06541	0.31059	0.00820	0.01735	0.07309	0.05997	0.04449	0.01394	0.04772	0.00565	0.00470	0.00132	0.02047	0.00416	0.00336	0.18266
11	0.09041	0.11236	0.01890	0.06154	0.08232	0.10149	0.16374	0.23664	0.01505	0.04168	0.01008	0.01163	0.00767	0.00509	0.00477	0.00149	0.00641	0.00432	0.01730	0.00711
12	0.00731	0.00508	0.00643	0.00643	0.00675	0.00540	0.00420	0.00794	0.00762	0.01048	0.01510	0.02846	0.01637	0.54760	0.29768	0.00603	0.00793	0.00668	0.00294	0.00357
13	0.00878	0.00439	0.00659	0.00659	0.00659	0.00439	0.00439	0.00659	0.00659	0.00878	0.00878	0.01537	0.00878	0.01757	0.01976	0.85288	0.00439	0.00439	0.00220	0.00220
14	0.22169	0.01411	0.01193	0.01003	0.01325	0.19991	0.00796	0.23237	0.06746	0.11260	0.01248	0.01301	0.02885	0.02688	0.00504	0.00159	0.00566	0.00418	0.00409	0.00690
15	0.03453	0.01251	0.04784	0.03743	0.02014	0.01210	0.36680	0.12913	0.10731	0.01898	0.01384	0.01756	0.03394	0.00589	0.00580	0.00168	0.02549	0.05576	0.00346	0.04983
16	0.01386	0.10191	0.08838	0.01315	0.08536	0.10310	0.06653	0.10608	0.18585	0.05072	0.03401	0.01419	0.02250	0.00557	0.00478	0.00144	0.00568	0.00458	0.00366	0.08865
17	0.05826	0.11147	0.11694	0.01043	0.01459	0.02911	0.05334	0.18111	0.02774	0.14920	0.04417	0.03570	0.05668	0.00614	0.00476	0.00145	0.00519	0.00493	0.00403	0.08475
18	0.09389	0.12466	0.02630	0.01102	0.03603	0.12339	0.06273	0.13368	0.04650	0.04132	0.01392	0.01656	0.06552	0.00681	0.02011	0.00158	0.02680	0.04882	0.00349	0.09686

[dist]
# distance from previous block
# <min> <max>
35	101

[block]
# block no. 6 follows, 49 sequences, length 67
# corresponding to MSA columns:
# 688-754
name=unknown_G
#
# <colnr> <probs for GDERKNQSTAVLIFYWHMCP>
#	G	D	E	R	K	N	Q	S	T	A	V	L	I	F	Y	W	H	M	C	P
0	0.13967	0.04882	0.07915	0.01655	0.24229	0.05621	0.05407	0.07586	0.01280	0.17226	0.04624	0.01344	0.01006	0.00531	0.00473	0.00152	0.00558	0.00444	0.00364	0.00735
1	0.03192	0.08776	0.22373	0.01304	0.08042	0.05383	0.01163	0.09119	0.29591	0.01898	0.01437	0.01454	0.02906	0.00583	0.00481	0.00157	0.00560	0.00464	0.00366	0.00753
2	0.01393	0.23438	0.17403	0.01129	0.03100	0.03315	0.04295	0.13311	0.06075	0.10291	0.01332	0.07588	0.02734	0.00616	0.00466	0.00147	0.00559	0.00493	0.00354	0.01960
3	0.02801	0.02642	0.03225	0.01470	0.17633	0.09199	0.03013	0.13492	0.10884	0.15518	0.03527	0.03698	0.03927	0.00641	0.00507	0.00154	0.00536	0.02883	0.00418	0.03833
4	0.02834	0.02892	0.18846	0.01696	0.20288	0.04350	0.09573	0.04764	0.09323	0.04502	0.02800	0.01440	0.02918	0.00625	0.02569	0.00171	0.02775	0.00474	0.02454	0.04707
5	0.01304	0.02583	0.09669	0.19153	0.06153	0.06232	0.07733	0.15637	0.03731	0.06843	0.05602	0.01727	0.05757	0.00616	0.00516	0.00158	0.00597	0.02227	0.00357	0.03406
6	0.01104	0.02811	0.01232	0.01426	0.22726	0.07245	0.00865	0.06205	0.05810	0.03623	0.07524	0.09069	0.21372	0.00827	0.00530	0.00155	0.00453	0.00708	0.00390	0.05925
7	0.03121	0.01046	0.04517	0.02266	0.05711	0.03059	0.00830	0.13279	0.10699	0.25885	0.06164	0.08299	0.02964	0.02774	0.00581	0.00166	0.01648	0.00591	0.00480	0.05922
8	0.00721	0.00539	0.00698	0.00733	0.00787	0.00539	0.02408	0.00881	0.05630	0.01267	0.02353	0.46223	0.04338	0.24841	0.01218	0.00285	0.02188	0.03522	0.00414	0.00416
9	0.01134	0.10310	0.19590	0.03482	0.05193	0.04098	0.22663	0.01667	0.12366	0.01653	0.09084	0.01645	0.03701	0.00572	0.00517	0.00158	0.00635	0.00534	0.00316	0.00680
10	0.01058	0.01001	0.01694	0.51719	0.30378	0.01141	0.01446	0.01380	0.01064	0.01425	0.00951	0.01397	0.00762	0.00503	0.00507	0.00163	0.00644	0.01884	0.00238	0.00645
11	0.01106	0.01106	0.01549	0.01328	0.01328	0.01549	0.01106	0.01217	0.00774	0.01217	0.00664	0.01106	0.00664	0.00885	0.01659	0.00221	0.81303	0.00443	0.00221	0.00553
12	0.03942	0.01094	0.01431	0.15313	0.19673	0.01197	0.01054	0.30694	0.01575	0.02242	0.01161	0.01354	0.00883	0.00546	0.00472	0.00148	0.00525	0.00451	0.15530	0.00716
13	0.00781	0.00670	0.00995	0.24398	0.09319	0.00706	0.00833	0.00982	0.01069	0.01392	0.07638	0.28811	0.18350	0.01055	0.00577	0.00179	0.00424	0.00937	0.00382	0.00502
14	0.42513	0.17385	0.03340	0.00911	0.01243	0.24487	0.00769	0.01651	0.01066	0.01738	0.00732	0.00852	0.00600	0.00478	0.00361	0.00139	0.00582	0.00291	0.00276	0.00584
15	0.00943	0.00471	0.00471	0.00471	0.00589	0.00471	0.00353	0.01178	0.01060	0.01885	0.01650	0.01885	0.01296	0.00589	0.00353	0.00118	0.00236	0.00471	0.85036	0.00471
16	0.01036	0.01068	0.08199	0.11934	0.04899	0.00816	0.03315	0.01318	0.01066	0.01606	0.03296	0.01194	0.00855	0.00427	0.00421	0.00104	0.00469	0.00361	0.00286	0.57331
17	0.01889	0.02410	0.01433	0.01303	0.01563	0.80199	0.00977	0.02019	0.01433	0.01238	0.00782	0.00912	0.00651	0.00521	0.00456	0.00130	0.00912	0.00326	0.00261	0.00586
18	0.01014	0.02616	0.79609	0.01441	0.02189	0.01174	0.01868	0.01601	0.01068	0.01601	0.00907	0.01068	0.00641	0.00480	0.00480	0.00160	0.00747	0.00374	0.00214	0.00747
19	0.01750	0.01873	0.01314	0.01127	0.01447	0.52200	0.00862	0.01909	0.01349	0.11366	0.00964	0.01046	0.00750	0.00502	0.00444	0.00121	0.00730	0.00343	0.00316	0.19587
20	0.07318	0.02793	0.05842	0.04696	0.14795	0.01138	0.01005	0.17511	0.10873	0.23254	0.03394	0.01467	0.01093	0.00578	0.00489	0.00155	0.00504	0.00472	0.00447	0.02177
21	0.29700	0.01244	0.05291	0.00953	0.01321	0.04788	0.00814	0.28761	0.01552	0.15352	0.02753	0.03267	0.00944	0.00588	0.00444	0.00155	0.00494	0.00428	0.00435	0.00719
22	0.00735	0.00490	0.00552	0.00552	0.00552	0.00490	0.00306	0.00735	0.00735	0.00980	0.01593	0.03309	0.01838	0.82229	0.02574	0.00490	0.00490	0.00735	0.00306	0.00306
23	0.01566	0.00923	0.01173	0.00939	0.01243	0.00913	0.03983	0.23759	0.01690	0.26158	0.25863	0.02360	0.03954	0.00771	0.00545	0.00159	0.00422	0.02317	0.00546	0.00714
24	0.01179	0.01471	0.27517	0.01176	0.01587	0.01004	0.07287	0.10953	0.04914	0.09700	0.01732	0.18937	0.05328	0.00813	0.00588	0.00173	0.03897	0.00694	0.00379	0.00673
25	0.00616	0.00469	0.00567	0.00636	0.00718	0.00420	0.00441	0.00726	0.01056	0.01358	0.07884	0.51635	0.28750	0.01451	0.00627	0.00191	0.00278	0.01284	0.00474	0.00420
26	0.00951	0.00774	0.01211	0.57445	0.02636	0.00933	0.01097	0.01259	0.01026	0.01466	0.01118	0.01505	0.00856	0.00530	0.00461	0.00154	0.00546	0.00456	0.25043	0.00535
