[name]
unknown

[dist]
# distance from previous block
# <min> <max>
0	254

[block]
# block no. 0 follows, 50 sequences, length 234
# corresponding to MSA columns:
# 254-487
name=unknown_A
#
# <colnr> <probs for GDERKNQSTAVLIFYWHMCP>
#	G	D	E	R	K	N	Q	S	T	A	V	L	I	F	Y	W	H	M	C	P
0	0.00829	0.00594	0.00817	0.00912	0.01035	0.00596	0.00793	0.03143	0.01191	0.01558	0.05749	0.05422	0.02888	0.01341	0.00679	0.00224	0.00452	0.70841	0.00464	0.00470
1	0.02159	0.00863	0.01202	0.03193	0.04549	0.00762	0.00783	0.02360	0.01403	0.74340	0.01894	0.01667	0.01200	0.00607	0.00501	0.00154	0.00438	0.00497	0.00591	0.00838
2	0.01275	0.01489	0.04369	0.01067	0.01258	0.36883	0.00844	0.01475	0.03227	0.01227	0.01058	0.01429	0.00942	0.03457	0.34098	0.00423	0.04256	0.00431	0.00265	0.00528
3	0.03190	0.00783	0.00726	0.00685	0.00836	0.11759	0.00511	0.01035	0.01295	0.01681	0.43216	0.03508	0.23495	0.04352	0.00641	0.00169	0.00348	0.00835	0.00468	0.00467
4	0.01524	0.00801	0.01011	0.00831	0.01131	0.00719	0.00654	0.09962	0.01341	0.35030	0.05053	0.21100	0.01745	0.00816	0.00513	0.00151	0.00387	0.00697	0.00506	0.16029
5	0.00665	0.00525	0.00699	0.00768	0.00823	0.02648	0.03652	0.00767	0.00976	0.01284	0.02621	0.76589	0.03119	0.01486	0.00629	0.00199	0.00329	0.01353	0.00448	0.00421
6	0.01814	0.01333	0.01430	0.01105	0.01477	0.01473	0.00903	0.72418	0.02232	0.02992	0.01222	0.01339	0.00914	0.06228	0.00639	0.00173	0.00544	0.00468	0.00485	0.00810
7	0.04951	0.05698	0.68397	0.01362	0.03497	0.01163	0.01680	0.01543	0.01057	0.01610	0.03983	0.01140	0.00792	0.00492	0.00464	0.00155	0.00689	0.00382	0.00229	0.00714
8	0.02236	0.00848	0.01157	0.00887	0.01272	0.00733	0.00733	0.02429	0.01427	0.79719	0.01966	0.01697	0.01234	0.00617	0.00501	0.00154	0.00424	0.00501	0.00617	0.00848
9	0.01000	0.02578	0.79900	0.01421	0.02157	0.01158	0.01842	0.01579	0.01052	0.01579	0.00895	0.01052	0.00631	0.00474	0.00474	0.00158	0.00737	0.00368	0.00210	0.00737
10	0.01234	0.01184	0.02023	0.03059	0.79373	0.01184	0.01530	0.01530	0.01135	0.01628	0.00938	0.01234	0.00790	0.00444	0.00493	0.00148	0.00592	0.00444	0.00247	0.00790
11	0.01215	0.01039	0.01100	0.00988	0.01262	0.01192	0.00769	0.04161	0.71454	0.02091	0.06070	0.01994	0.03033	0.00703	0.00513	0.00168	0.00387	0.00587	0.00508	0.00767
12	0.00720	0.00503	0.00646	0.00646	0.00682	0.00539	0.00430	0.00791	0.00755	0.01042	0.01477	0.02743	0.01587	0.51116	0.33595	0.00610	0.00823	0.00649	0.00288	0.00359
13	0.00589	0.00505	0.00505	0.00505	0.00673	0.00421	0.00379	0.00715	0.01136	0.01347	0.05049	0.04797	0.79171	0.01262	0.00589	0.00168	0.00252	0.01052	0.00463	0.00421
14	0.00615	0.00440	0.00585	0.00689	0.00725	0.00410	0.00463	0.00714	0.00991	0.01331	0.08924	0.75813	0.03410	0.01518	0.00632	0.00199	0.00285	0.01375	0.00470	0.00410
15	0.01091	0.01091	0.01527	0.01309	0.01309	0.01527	0.01091	0.01200	0.00763	0.01200	0.00654	0.01091	0.00654	0.00872	0.01636	0.00218	0.81570	0.00436	0.00218	0.00545
16	0.86003	0.00964	0.00733	0.00655	0.00964	0.01118	0.00540	0.01465	0.00848	0.02236	0.00694	0.00810	0.00540	0.00463	0.00308	0.00154	0.00386	0.00270	0.00308	0.00540
17	0.00679	0.00508	0.00629	0.00599	0.00728	0.00459	0.00449	0.00889	0.01348	0.01849	0.62080	0.03970	0.21827	0.01075	0.00588	0.00159	0.00239	0.00936	0.00529	0.00459
18	0.01087	0.01972	0.42054	0.01755	0.02377	0.01208	0.39079	0.01587	0.01113	0.01587	0.00951	0.01196	0.00693	0.00447	0.00530	0.00163	0.00788	0.00476	0.00231	0.00705
19	0.02547	0.26871	0.33801	0.01676	0.22705	0.01415	0.01432	0.01537	0.01059	0.01478	0.00841	0.01020	0.00675	0.00451	0.00429	0.00139	0.00629	0.00356	0.00223	0.00718
20	0.01462	0.63103	0.02318	0.00958	0.01343	0.21187	0.00880	0.01614	0.01111	0.01184	0.00712	0.00824	0.00640	0.00448	0.00352	0.00112	0.00623	0.00280	0.00224	0.00625
21	0.00701	0.00483	0.00595	0.00620	0.00641	0.00491	0.00392	0.00750	0.00790	0.01066	0.01790	0.18697	0.02042	0.52956	0.13875	0.00470	0.00573	0.02388	0.00332	0.00347
22	0.00941	0.00886	0.01495	0.81285	0.03433	0.01107	0.01384	0.01274	0.00997	0.01274	0.00886	0.01329	0.00664	0.00498	0.00498	0.00166	0.00664	0.00443	0.00221	0.00554
23	0.01349	0.01308	0.00930	0.00862	0.01054	0.33409	0.00650	0.01633	0.07485	0.02986	0.05319	0.01558	0.01213	0.00584	0.00418	0.00128	0.00523	0.00437	0.37611	0.00544
24	0.01333	0.82783	0.02612	0.00853	0.01279	0.01972	0.00853	0.01493	0.01013	0.01173	0.00693	0.00800	0.00640	0.00426	0.00320	0.00107	0.00533	0.00267	0.00213	0.00640
25	0.84223	0.00961	0.00742	0.00660	0.00971	0.01110	0.00544	0.01486	0.00861	0.03883	0.00721	0.00829	0.00555	0.00466	0.00313	0.00154	0.00386	0.00275	0.00315	0.00546
26	0.00941	0.00886	0.01495	0.81285	0.03433	0.01107	0.01384	0.01274	0.00997	0.01274	0.00886	0.01329	0.00664	0.00498	0.00498	0.00166	0.00664	0.00443	0.00221	0.00554
27	0.01708	0.01303	0.01391	0.01109	0.01475	0.01458	0.00902	0.56294	0.24065	0.02840	0.01434	0.01386	0.01040	0.00621	0.00501	0.00155	0.00505	0.00482	0.00501	0.00831
28	0.01189	0.01259	0.01401	0.54101	0.02725	0.22483	0.01199	0.01459	0.01112	0.01300	0.00906	0.01250	0.00701	0.00508	0.00475	0.00152	0.00698	0.00412	0.06117	0.00554
29	0.00947	0.00892	0.01505	0.79782	0.04892	0.01109	0.01387	0.01278	0.00999	0.01280	0.00887	0.01327	0.00667	0.00497	0.00498	0.00166	0.00663	0.00443	0.00222	0.00558
30	0.01307	0.76544	0.08623	0.00897	0.01348	0.01909	0.00930	0.01499	0.01016	0.01204	0.00709	0.00819	0.00639	0.00430	0.00332	0.00111	0.00549	0.00274	0.00213	0.00647
31	0.00713	0.00529	0.00775	0.00775	0.00855	0.00609	0.00591	0.00874	0.00793	0.01138	0.01359	0.02089	0.01303	0.11638	0.72685	0.00769	0.01250	0.00553	0.00271	0.00431
32	0.00941	0.00886	0.01495	0.81285	0.03433	0.01107	0.01384	0.01274	0.00997	0.01274	0.00886	0.01329	0.00664	0.00498	0.00498	0.00166	0.00664	0.00443	0.00221	0.00554
33	0.01034	0.00886	0.01034	0.00738	0.01181	0.00664	0.00591	0.01255	0.01034	0.01624	0.00886	0.01034	0.00738	0.00369	0.00369	0.00074	0.00369	0.00295	0.00295	0.85530
34	0.00793	0.00570	0.00789	0.00898	0.01015	0.00566	0.00783	0.01017	0.01147	0.01485	0.02756	0.05583	0.06557	0.01371	0.00684	0.00227	0.00449	0.72394	0.00459	0.00457
35	0.01100	0.11202	0.67411	0.01331	0.02016	0.01224	0.01677	0.01613	0.01068	0.05596	0.00928	0.01058	0.00664	0.00476	0.00458	0.00152	0.00698	0.00364	0.00232	0.00732
36	0.00618	0.00446	0.00567	0.00659	0.00698	0.00415	0.00437	0.00700	0.00947	0.01246	0.02845	0.65877	0.10613	0.10409	0.00840	0.00230	0.00307	0.01305	0.00445	0.00395
37	0.01009	0.02514	0.75900	0.01456	0.02181	0.01163	0.05777	0.01579	0.01059	0.01579	0.00900	0.01068	0.00638	0.00471	0.00480	0.00158	0.00742	0.00380	0.00213	0.00733
38	0.01320	0.01068	0.01134	0.00992	0.01275	0.01214	0.00778	0.17232	0.55192	0.02241	0.01875	0.05527	0.01458	0.00697	0.00502	0.00164	0.00410	0.00575	0.05582	0.00763
39	0.28414	0.25558	0.19411	0.00973	0.01415	0.08461	0.00990	0.05526	0.01081	0.03080	0.00794	0.00905	0.00627	0.00469	0.00375	0.00138	0.00564	0.00309	0.00269	0.00639
40	0.00630	0.00479	0.00581	0.00619	0.00719	0.00430	0.00444	0.00770	0.01132	0.01482	0.22497	0.35357	0.28797	0.01323	0.00610	0.00180	0.00267	0.02771	0.00484	0.00428
41	0.00689	0.00509	0.00644	0.00610	0.00735	0.00463	0.00457	0.00909	0.01372	0.01907	0.68667	0.03875	0.15204	0.01053	0.00588	0.00158	0.00238	0.00923	0.00537	0.00463
42	0.01578	0.01198	0.01214	0.00990	0.01291	0.09960	0.00792	0.37947	0.04994	0.10258	0.22286	0.01922	0.01931	0.00707	0.00518	0.00150	0.00484	0.00567	0.00497	0.00713
43	0.01596	0.01787	0.01464	0.01273	0.01460	0.41657	0.01006	0.12391	0.01316	0.01484	0.00790	0.01008	0.00675	0.00651	0.00872	0.00163	0.29145	0.00379	0.00277	0.00604
44	0.02149	0.00876	0.01161	0.00902	0.01279	0.00789	0.00741	0.03845	0.07676	0.72017	0.01957	0.01700	0.01250	0.00621	0.00502	0.00155	0.00424	0.00505	0.00606	0.00843
45	0.01880	0.01306	0.01432	0.01111	0.01496	0.01423	0.00920	0.66903	0.02200	0.10606	0.01336	0.01442	0.00975	0.00635	0.00507	0.00154	0.00532	0.03803	0.00509	0.00831
46	0.86003	0.00964	0.00733	0.00655	0.00964	0.01118	0.00540	0.01465	0.00848	0.02236	0.00694	0.00810	0.00540	0.00463	0.00308	0.00154	0.00386	0.00270	0.00308	0.00540
47	0.01895	0.01396	0.01496	0.01147	0.01546	0.01546	0.00947	0.77711	0.02344	0.03141	0.01197	0.01197	0.00848	0.00598	0.00499	0.00150	0.00548	0.00449	0.00499	0.00848
48	0.02174	0.00862	0.01155	0.00895	0.01274	0.00764	0.00736	0.02443	0.06241	0.74868	0.01970	0.01707	0.01252	0.00621	0.00502	0.00155	0.00422	0.00505	0.00610	0.00845
49	0.00941	0.00886	0.01495	0.81285	0.03433	0.01107	0.01384	0.01274	0.00997	0.01274	0.00886	0.01329	0.00664	0.00498	0.00498	0.00166	0.00664	0.00443	0.00221	0.00554
50	0.00623	0.00444	0.00571	0.00665	0.00696	0.00417	0.00437	0.00699	0.00929	0.01232	0.02673	0.67960	0.06100	0.12961	0.00902	0.00241	0.00315	0.01305	0.00440	0.00391
51	0.00940	0.00827	0.01350	0.69888	0.03031	0.01017	0.01238	0.01258	0.01004	0.01356	0.00990	0.01404	0.00751	0.00510	0.00477	0.00159	0.00604	0.00446	0.12212	0.00541
52	0.00622	0.00448	0.00592	0.00702	0.00744	0.00419	0.00485	0.00721	0.00979	0.01293	0.02859	0.72184	0.07207	0.01532	0.00638	0.00203	0.00300	0.07200	0.00462	0.00410
53	0.02236	0.00848	0.01157	0.00887	0.01272	0.00733	0.00733	0.02429	0.01427	0.79719	0.01966	0.01697	0.01234	0.00617	0.00501	0.00154	0.00424	0.00501	0.00617	0.00848
54	0.01848	0.02350	0.01426	0.01323	0.03236	0.78754	0.00975	0.01980	0.01406	0.01229	0.00774	0.00906	0.00645	0.00512	0.00450	0.00129	0.00892	0.00324	0.00257	0.00582
55	0.01385	0.01143	0.01209	0.01044	0.01352	0.01308	0.00824	0.19306	0.61579	0.02319	0.01844	0.01713	0.01372	0.00659	0.00505	0.00165	0.00429	0.00538	0.00505	0.00802
56	0.01333	0.82783	0.02612	0.00853	0.01279	0.01972	0.00853	0.01493	0.01013	0.01173	0.00693	0.00800	0.00640	0.00426	0.00320	0.00107	0.00533	0.00267	0.00213	0.00640
57	0.00599	0.00505	0.00518	0.00515	0.00679	0.00425	0.00386	0.00734	0.01159	0.01400	0.11101	0.04709	0.73086	0.01242	0.00589	0.00167	0.00251	0.01040	0.00470	0.00425
58	0.00606	0.00440	0.00572	0.00677	0.00719	0.00406	0.00455	0.00696	0.00970	0.01279	0.02952	0.75269	0.10053	0.01535	0.00632	0.00199	0.00286	0.01385	0.00463	0.00406
59	0.00705	0.00510	0.00666	0.00627	0.00745	0.00470	0.00470	0.00941	0.01411	0.01999	0.79110	0.03723	0.04703	0.01019	0.00588	0.00157	0.00235	0.00901	0.00549	0.00470
60	0.82291	0.00959	0.00751	0.00666	0.00978	0.01101	0.00548	0.01508	0.00874	0.05670	0.00750	0.00849	0.00571	0.00470	0.00317	0.00154	0.00387	0.00280	0.00322	0.00553
61	0.00670	0.00508	0.00616	0.00589	0.00723	0.00455	0.00442	0.00871	0.01326	0.01798	0.56261	0.04055	0.27679	0.01094	0.00588	0.00160	0.00240	0.00948	0.00522	0.00455
62	0.01234	0.01184	0.02023	0.03059	0.79373	0.01184	0.01530	0.01530	0.01135	0.01628	0.00938	0.01234	0.00790	0.00444	0.00493	0.00148	0.00592	0.00444	0.00247	0.00790
63	0.01461	0.00948	0.01082	0.00908	0.01231	0.00975	0.00719	0.02304	0.42121	0.22956	0.01827	0.01699	0.01319	0.00611	0.00477	0.00148	0.00389	0.00503	0.05586	0.12735
64	0.01014	0.06132	0.76475	0.01396	0.02118	0.01194	0.01798	0.01575	0.01051	0.01561	0.00886	0.01041	0.00632	0.00471	0.00467	0.00156	0.00728	0.00364	0.00211	0.00732
65	0.00589	0.00505	0.00505	0.00505	0.00673	0.00421	0.00379	0.00715	0.01136	0.01347	0.05049	0.04797	0.79171	0.01262	0.00589	0.00168	0.00252	0.01052	0.00463	0.00421
66	0.01333	0.82783	0.02612	0.00853	0.01279	0.01972	0.00853	0.01493	0.01013	0.01173	0.00693	0.00800	0.00640	0.00426	0.00320	0.00107	0.00533	0.00267	0.00213	0.00640
67	0.01075	0.00861	0.01100	0.01203	0.14246	0.00908	0.00787	0.01784	0.31960	0.05415	0.31907	0.02474	0.02626	0.00768	0.00536	0.00160	0.00367	0.00672	0.00484	0.00667
68	0.01038	0.00890	0.01035	0.00744	0.01183	0.00676	0.00594	0.01282	0.02538	0.01633	0.00908	0.01050	0.00753	0.00375	0.00372	0.00076	0.00370	0.00301	0.00299	0.83884
69	0.01404	0.08114	0.01404	0.01177	0.05060	0.23983	0.00886	0.15429	0.02913	0.01589	0.01194	0.08821	0.02709	0.07332	0.00858	0.00185	0.15498	0.00522	0.00322	0.00599
70	0.01182	0.00894	0.01052	0.00791	0.01182	0.00757	0.00636	0.10149	0.01203	0.08065	0.01253	0.01369	0.04739	0.00736	0.06954	0.00153	0.00467	0.00387	0.00351	0.57680
71	0.01041	0.29667	0.05372	0.00942	0.01200	0.08475	0.06057	0.01207	0.01042	0.01275	0.01631	0.34931	0.01805	0.00931	0.00498	0.00158	0.00495	0.02407	0.00329	0.00539
72	0.01117	0.00968	0.01288	0.24534	0.05913	0.01158	0.01000	0.01810	0.31702	0.03980	0.01402	0.01680	0.01127	0.07748	0.00840	0.00201	0.12016	0.00516	0.00355	0.00645
73	0.01038	0.00902	0.01073	0.00784	0.01192	0.00734	0.00631	0.01251	0.01012	0.01590	0.00867	0.01038	0.00731	0.00410	0.00472	0.00085	0.06938	0.00307	0.00289	0.78655
74	0.01350	0.24249	0.30281	0.01308	0.05153	0.23912	0.02428	0.01662	0.01143	0.01361	0.00803	0.00953	0.00646	0.00479	0.00452	0.00137	0.02459	0.00335	0.00227	0.00662
75	0.00937	0.01659	0.39951	0.06776	0.01812	0.00978	0.10444	0.01303	0.00962	0.01375	0.01096	0.01725	0.00983	0.22452	0.03516	0.00267	0.02432	0.00502	0.00243	0.00587
76	0.86003	0.00964	0.00733	0.00655	0.00964	0.01118	0.00540	0.01465	0.00848	0.02236	0.00694	0.00810	0.00540	0.00463	0.00308	0.00154	0.00386	0.00270	0.00308	0.00540
77	0.01234	0.01184	0.02023	0.03059	0.79373	0.01184	0.01530	0.01530	0.01135	0.01628	0.00938	0.01234	0.00790	0.00444	0.00493	0.00148	0.00592	0.00444	0.00247	0.00790
78	0.00599	0.00476	0.00538	0.00584	0.00695	0.00415	0.00414	0.00711	0.01069	0.01330	0.05653	0.35900	0.47106	0.01378	0.00608	0.00182	0.00267	0.01196	0.00465	0.00415
79	0.01106	0.28166	0.55243	0.01240	0.01877	0.01418	0.01526	0.01551	0.01040	0.01449	0.00830	0.00972	0.00634	0.00459	0.00425	0.00142	0.00672	0.00336	0.00211	0.00706
80	0.00725	0.00483	0.00544	0.00544	0.00544	0.00483	0.00302	0.00725	0.00725	0.00966	0.01571	0.03262	0.01812	0.82483	0.02537	0.00483	0.00483	0.00725	0.00302	0.00302
81	0.00786	0.00531	0.00593	0.00575	0.00596	0.00538	0.00336	0.04726	0.00809	0.01080	0.01551	0.03155	0.01762	0.78227	0.02431	0.00466	0.00487	0.00711	0.00312	0.00330
82	0.00679	0.00508	0.00630	0.00600	0.00729	0.00459	0.00450	0.00890	0.01349	0.01852	0.62406	0.03965	0.21499	0.01074	0.00588	0.00159	0.00239	0.00935	0.00529	0.00459
83	0.01333	0.82783	0.02612	0.00853	0.01279	0.01972	0.00853	0.01493	0.01013	0.01173	0.00693	0.00800	0.00640	0.00426	0.00320	0.00107	0.00533	0.00267	0.00213	0.00640
84	0.00929	0.00465	0.00465	0.00465	0.00581	0.00465	0.00348	0.01161	0.01045	0.01858	0.01626	0.01858	0.01278	0.00581	0.00348	0.00116	0.00232	0.00465	0.85250	0.00465
85	0.01895	0.01396	0.01496	0.01147	0.01546	0.01546	0.00947	0.77711	0.02344	0.03141	0.01197	0.01197	0.00848	0.00598	0.00499	0.00150	0.00548	0.00449	0.00499	0.00848
86	0.02236	0.00848	0.01157	0.00887	0.01272	0.00733	0.00733	0.02429	0.01427	0.79719	0.01966	0.01697	0.01234	0.00617	0.00501	0.00154	0.00424	0.00501	0.00617	0.00848
87	0.01862	0.02376	0.01413	0.01284	0.01541	0.80482	0.00963	0.01990	0.01413	0.01220	0.00770	0.00899	0.00642	0.00514	0.00449	0.00128	0.00899	0.00321	0.00257	0.00578
88	0.02236	0.00848	0.01157	0.00887	0.01272	0.00733	0.00733	0.02429	0.01427	0.79719	0.01966	0.01697	0.01234	0.00617	0.00501	0.00154	0.00424	0.00501	0.00617	0.00848
89	0.01376	0.00939	0.01067	0.00952	0.01225	0.01020	0.00747	0.02342	0.50827	0.18833	0.02111	0.09448	0.01689	0.00779	0.00527	0.00172	0.00394	0.04277	0.00525	0.00750
90	0.00973	0.00822	0.00969	0.00732	0.01117	0.00628	0.00573	0.01176	0.01022	0.01575	0.01148	0.12473	0.01099	0.00537	0.00407	0.00092	0.00358	0.00453	0.00319	0.73526
91	0.01074	0.18629	0.61314	0.01334	0.01999	0.01325	0.04665	0.01562	0.01049	0.01498	0.00859	0.01013	0.00638	0.00462	0.00447	0.00148	0.00700	0.00357	0.00213	0.00715
92	0.00725	0.00483	0.00544	0.00544	0.00544	0.00483	0.00302	0.00725	0.00725	0.00966	0.01571	0.03262	0.01812	0.82483	0.02537	0.00483	0.00483	0.00725	0.00302	0.00302
93	0.01000	0.02578	0.79900	0.01421	0.02157	0.01158	0.01842	0.01579	0.01052	0.01579	0.00895	0.01052	0.00631	0.00474	0.00474	0.00158	0.00737	0.00368	0.00210	0.00737
94	0.86003	0.00964	0.00733	0.00655	0.00964	0.01118	0.00540	0.01465	0.00848	0.02236	0.00694	0.00810	0.00540	0.00463	0.00308	0.00154	0.00386	0.00270	0.00308	0.00540
95	0.00965	0.00910	0.01538	0.74957	0.09576	0.01114	0.01396	0.01294	0.01008	0.01302	0.00890	0.01321	0.00675	0.00494	0.00498	0.00165	0.00659	0.00443	0.00224	0.00573
96	0.86003	0.00964	0.00733	0.00655	0.00964	0.01118	0.00540	0.01465	0.00848	0.02236	0.00694	0.00810	0.00540	0.00463	0.00308	0.00154	0.00386	0.00270	0.00308	0.00540
97	0.86003	0.00964	0.00733	0.00655	0.00964	0.01118	0.00540	0.01465	0.00848	0.02236	0.00694	0.00810	0.00540	0.00463	0.00308	0.00154	0.00386	0.00270	0.00308	0.00540
98	0.04641	0.02163	0.53441	0.01309	0.01928	0.01271	0.01524	0.24214	0.01428	0.02069	0.00976	0.01086	0.00692	0.00510	0.00474	0.00155	0.00667	0.00388	0.00300	0.00762
99	0.01219	0.36597	0.26217	0.01320	0.01857	0.01546	0.18460	0.04681	0.01117	0.01473	0.00846	0.01016	0.00672	0.00446	0.00435	0.00138	0.00665	0.00378	0.00233	0.00685
100	0.00607	0.00434	0.00578	0.00694	0.00723	0.00405	0.00463	0.00694	0.00954	0.01272	0.02747	0.82157	0.03297	0.01562	0.00636	0.00202	0.00289	0.01417	0.00463	0.00405
101	0.02236	0.00848	0.01157	0.00887	0.01272	0.00733	0.00733	0.02429	0.01427	0.79719	0.01966	0.01697	0.01234	0.00617	0.00501	0.00154	0.00424	0.00501	0.00617	0.00848
102	0.01008	0.01002	0.05211	0.01252	0.01534	0.00945	0.23569	0.05180	0.18355	0.01666	0.01902	0.28527	0.01879	0.00918	0.00582	0.00182	0.00519	0.04762	0.00400	0.00610
103	0.01000	0.02578	0.79900	0.01421	0.02157	0.01158	0.01842	0.01579	0.01052	0.01579	0.00895	0.01052	0.00631	0.00474	0.00474	0.00158	0.00737	0.00368	0.00210	0.00737
104	0.00598	0.00469	0.00542	0.00601	0.00699	0.00413	0.00421	0.00705	0.01044	0.01309	0.03879	0.44114	0.40609	0.01414	0.00613	0.00186	0.00271	0.01237	0.00463	0.00413
105	0.01633	0.00953	0.01112	0.00887	0.01206	0.00953	0.00720	0.30299	0.01721	0.27660	0.12210	0.02291	0.14595	0.00770	0.00526	0.00155	0.00418	0.00626	0.00538	0.00727
106	0.01365	0.18708	0.01413	0.01010	0.01237	0.37007	0.00787	0.02886	0.02839	0.01279	0.01376	0.25068	0.01453	0.00812	0.00480	0.00147	0.00623	0.00643	0.00319	0.00549
107	0.01490	0.01034	0.01127	0.00952	0.01252	0.01136	0.00758	0.20587	0.38633	0.12875	0.01762	0.01677	0.01285	0.00636	0.00482	0.00155	0.00413	0.00513	0.12470	0.00766
108	0.00607	0.00434	0.00578	0.00694	0.00723	0.00405	0.00463	0.00694	0.00954	0.01272	0.02747	0.82157	0.03297	0.01562	0.00636	0.00202	0.00289	0.01417	0.00463	0.00405
109	0.01574	0.01191	0.04692	0.12725	0.02117	0.01124	0.26170	0.06888	0.09273	0.24603	0.03129	0.01644	0.01128	0.00600	0.00567	0.00178	0.00637	0.00555	0.00431	0.00772
110	0.01474	0.01774	0.05349	0.01874	0.29908	0.40276	0.01162	0.01683	0.01261	0.01395	0.01140	0.04538	0.04885	0.00568	0.00482	0.00142	0.00721	0.00451	0.00270	0.00648
111	0.02168	0.00886	0.01172	0.00906	0.01287	0.00798	0.00746	0.06080	0.05475	0.71982	0.01932	0.01681	0.01230	0.00619	0.00501	0.00155	0.00429	0.00502	0.00606	0.00845
112	0.00713	0.00532	0.00789	0.00789	0.00873	0.00616	0.00608	0.00882	0.00797	0.01148	0.01346	0.02021	0.01273	0.07545	0.76738	0.00786	0.01294	0.00543	0.00269	0.00438
113	0.01225	0.02150	0.58943	0.01294	0.01923	0.01105	0.01554	0.08705	0.01216	0.11808	0.01143	0.04743	0.00847	0.00552	0.00487	0.00159	0.00659	0.00439	0.00301	0.00747
114	0.01925	0.01347	0.01466	0.01124	0.01521	0.01473	0.00928	0.71008	0.02262	0.09960	0.01265	0.01241	0.00882	0.00600	0.00499	0.00150	0.00537	0.00453	0.00509	0.00848
115	0.01219	0.01048	0.01522	0.07348	0.01687	0.00968	0.15510	0.11453	0.01236	0.04953	0.00985	0.01167	0.00767	0.00450	0.00496	0.00118	0.03853	0.00397	0.00318	0.44504
116	0.00961	0.00950	0.04599	0.07049	0.20036	0.02570	0.10388	0.02742	0.01035	0.01412	0.01566	0.27103	0.01660	0.08724	0.01954	0.00215	0.05356	0.00792	0.00322	0.00565
117	0.17766	0.00903	0.01098	0.00859	0.01232	0.00853	0.00710	0.06760	0.01374	0.60748	0.01684	0.01502	0.01082	0.00587	0.00465	0.00154	0.00424	0.00455	0.00553	0.00791
118	0.00720	0.00481	0.00545	0.00550	0.00551	0.00480	0.00308	0.00724	0.00734	0.00979	0.01617	0.06410	0.01871	0.79253	0.02461	0.00472	0.00475	0.00752	0.00308	0.00306
119	0.01350	0.80166	0.02573	0.00867	0.01288	0.04527	0.00856	0.01509	0.01026	0.01174	0.00695	0.00803	0.00640	0.00429	0.00324	0.00107	0.00545	0.00268	0.00215	0.00638
120	0.00638	0.00464	0.00645	0.00726	0.00773	0.00470	0.00510	0.00752	0.00909	0.01238	0.02327	0.58308	0.02687	0.02209	0.24388	0.00380	0.00600	0.01154	0.00405	0.00417
121	0.01285	0.01109	0.01668	0.30535	0.31170	0.01224	0.01309	0.17115	0.04766	0.03444	0.01042	0.01297	0.00798	0.00509	0.00497	0.00156	0.00597	0.00451	0.00308	0.00718
122	0.07999	0.10107	0.01322	0.00951	0.01293	0.01267	0.00781	0.21865	0.28234	0.09146	0.01606	0.02859	0.03943	0.00623	0.00465	0.00149	0.00444	0.00488	0.00452	0.06008
123	0.00607	0.00434	0.00578	0.00694	0.00723	0.00405	0.00463	0.00694	0.00954	0.01272	0.02747	0.82157	0.03297	0.01562	0.00636	0.00202	0.00289	0.01417	0.00463	0.00405
124	0.00929	0.00465	0.00465	0.00465	0.00581	0.00465	0.00348	0.01161	0.01045	0.01858	0.01626	0.01858	0.01278	0.00581	0.00348	0.00116	0.00232	0.00465	0.85250	0.00465
125	0.00595	0.00484	0.00527	0.00561	0.00688	0.00416	0.00404	0.00709	0.01082	0.01324	0.04365	0.27802	0.56608	0.01351	0.00603	0.00178	0.00263	0.01161	0.00463	0.00416
126	0.00729	0.00546	0.00663	0.00741	0.00833	0.00494	0.00539	0.00829	0.01096	0.01416	0.03443	0.45580	0.24803	0.01487	0.00667	0.00213	0.00341	0.14625	0.00489	0.00466
127	0.01386	0.00955	0.04241	0.00904	0.04467	0.00725	0.00720	0.01617	0.01151	0.24065	0.01199	0.01233	0.00879	0.00448	0.00416	0.00103	0.00409	0.00364	0.00382	0.54337
128	0.44459	0.01114	0.01280	0.01567	0.27914	0.04920	0.00948	0.01509	0.00978	0.03401	0.00803	0.00999	0.00653	0.00495	0.00490	0.00156	0.07049	0.00350	0.00284	0.00634
129	0.01136	0.01224	0.02271	0.01726	0.01991	0.01387	0.41343	0.01409	0.00981	0.01409	0.00841	0.01224	0.00708	0.00634	0.01084	0.00192	0.39077	0.00516	0.00236	0.00612
130	0.01173	0.01334	0.02881	0.02067	0.02550	0.01272	0.74333	0.01580	0.01159	0.01580	0.00993	0.01334	0.00752	0.00439	0.00632	0.00170	0.04251	0.00582	0.00251	0.00667
131	0.00929	0.00465	0.00465	0.00465	0.00581	0.00465	0.00348	0.01161	0.01045	0.01858	0.01626	0.01858	0.01278	0.00581	0.00348	0.00116	0.00232	0.00465	0.85250	0.00465
132	0.00866	0.00433	0.00649	0.00649	0.00649	0.00433	0.00433	0.00649	0.00649	0.00866	0.00866	0.01515	0.00866	0.01732	0.01948	0.85498	0.00433	0.00433	0.00216	0.00216
133	0.01234	0.01184	0.02023	0.03059	0.79373	0.01184	0.01530	0.01530	0.01135	0.01628	0.00938	0.01234	0.00790	0.00444	0.00493	0.00148	0.00592	0.00444	0.00247	0.00790
134	0.00607	0.00434	0.00578	0.00694	0.00723	0.00405	0.00463	0.00694	0.00954	0.01272	0.02747	0.82157	0.03297	0.01562	0.00636	0.00202	0.00289	0.01417	0.00463	0.00405
135	0.00714	0.00528	0.00770	0.00770	0.00848	0.00606	0.00584	0.00870	0.00792	0.01134	0.01364	0.02118	0.01315	0.13377	0.70963	0.00762	0.01231	0.00557	0.00271	0.00428
136	0.00665	0.00508	0.00611	0.00585	0.00720	0.00453	0.00439	0.00863	0.01316	0.01773	0.53506	0.04094	0.30448	0.01103	0.00588	0.00161	0.00241	0.00953	0.00519	0.00453
137	0.01333	0.82783	0.02612	0.00853	0.01279	0.01972	0.00853	0.01493	0.01013	0.01173	0.00693	0.00800	0.00640	0.00426	0.00320	0.00107	0.00533	0.00267	0.00213	0.00640
138	0.00615	0.00506	0.00541	0.00532	0.00689	0.00432	0.00399	0.00766	0.01198	0.01494	0.21753	0.04555	0.62375	0.01207	0.00589	0.00166	0.00249	0.01018	0.00482	0.00432
139	0.00607	0.00434	0.00578	0.00694	0.00723	0.00405	0.00463	0.00694	0.00954	0.01272	0.02747	0.82157	0.03297	0.01562	0.00636	0.00202	0.00289	0.01417	0.00463	0.00405
140	0.00601	0.00505	0.00521	0.00517	0.00680	0.00426	0.00388	0.00738	0.01163	0.01411	0.12395	0.04690	0.71785	0.01238	0.00589	0.00167	0.00251	0.01037	0.00471	0.00426
141	0.00607	0.00434	0.00578	0.00694	0.00723	0.00405	0.00463	0.00694	0.00954	0.01272	0.02747	0.82157	0.03297	0.01562	0.00636	0.00202	0.00289	0.01417	0.00463	0.00405
142	0.01025	0.02404	0.69048	0.01517	0.02220	0.01172	0.12520	0.01581	0.01070	0.01581	0.00911	0.01094	0.00649	0.00466	0.00490	0.00159	0.00751	0.00399	0.00216	0.00728
143	0.00929	0.00465	0.00465	0.00465	0.00581	0.00465	0.00348	0.01161	0.01045	0.01858	0.01626	0.01858	0.01278	0.00581	0.00348	0.00116	0.00232	0.00465	0.85250	0.00465
144	0.74161	0.00996	0.00823	0.00711	0.01032	0.01136	0.00586	0.08304	0.01011	0.06344	0.00805	0.00890	0.00603	0.00483	0.00335	0.00154	0.00402	0.00298	0.00341	0.00583
145	0.86003	0.00964	0.00733	0.00655	0.00964	0.01118	0.00540	0.01465	0.00848	0.02236	0.00694	0.00810	0.00540	0.00463	0.00308	0.00154	0.00386	0.00270	0.00308	0.00540
146	0.01862	0.02376	0.01413	0.01284	0.01541	0.80482	0.00963	0.01990	0.01413	0.01220	0.00770	0.00899	0.00642	0.00514	0.00449	0.00128	0.00899	0.00321	0.00257	0.00578
147	0.00607	0.00434	0.00578	0.00694	0.00723	0.00405	0.00463	0.00694	0.00954	0.01272	0.02747	0.82157	0.03297	0.01562	0.00636	0.00202	0.00289	0.01417	0.00463	0.00405
148	0.00826	0.00663	0.00861	0.00800	0.00814	0.00800	0.00575	0.00885	0.00748	0.01062	0.01275	0.02445	0.01397	0.47153	0.14446	0.00458	0.23514	0.00614	0.00273	0.00393
149	0.01333	0.82783	0.02612	0.00853	0.01279	0.01972	0.00853	0.01493	0.01013	0.01173	0.00693	0.00800	0.00640	0.00426	0.00320	0.00107	0.00533	0.00267	0.00213	0.00640
150	0.02197	0.00857	0.01156	0.00892	0.01273	0.00753	0.00735	0.02438	0.04486	0.76636	0.01969	0.01703	0.01245	0.00619	0.00501	0.00155	0.00423	0.00504	0.00613	0.00846
151	0.00684	0.00509	0.00636	0.00604	0.00731	0.00461	0.00453	0.00898	0.01359	0.01876	0.65164	0.03925	0.18726	0.01065	0.00588	0.00159	0.00238	0.00930	0.00533	0.00461
152	0.01895	0.01396	0.01496	0.01147	0.01546	0.01546	0.00947	0.77711	0.02344	0.03141	0.01197	0.01197	0.00848	0.00598	0.00499	0.00150	0.00548	0.00449	0.00499	0.00848
153	0.00618	0.00438	0.00575	0.00680	0.00706	0.00412	0.00448	0.00697	0.00933	0.01244	0.02638	0.74846	0.03159	0.09061	0.00812	0.00228	0.00307	0.01353	0.00448	0.00395
154	0.02236	0.00848	0.01157	0.00887	0.01272	0.00733	0.00733	0.02429	0.01427	0.79719	0.01966	0.01697	0.01234	0.00617	0.00501	0.00154	0.00424	0.00501	0.00617	0.00848
155	0.01471	0.00702	0.00928	0.00769	0.01023	0.00634	0.00612	0.04497	0.01453	0.38651	0.39874	0.02675	0.02926	0.00814	0.00544	0.00155	0.00336	0.00696	0.00579	0.00662
156	0.01234	0.01184	0.02023	0.03059	0.79373	0.01184	0.01530	0.01530	0.01135	0.01628	0.00938	0.01234	0.00790	0.00444	0.00493	0.00148	0.00592	0.00444	0.00247	0.00790
157	0.12170	0.00856	0.01062	0.00835	0.01188	0.00797	0.00686	0.06113	0.01371	0.59493	0.01743	0.01578	0.01134	0.00594	0.00464	0.00151	0.00409	0.00467	0.08109	0.00777
158	0.02236	0.00848	0.01157	0.00887	0.01272	0.00733	0.00733	0.02429	0.01427	0.79719	0.01966	0.01697	0.01234	0.00617	0.00501	0.00154	0.00424	0.00501	0.00617	0.00848
159	0.00607	0.00437	0.00576	0.00687	0.00721	0.00405	0.00459	0.00695	0.00961	0.01275	0.02836	0.79183	0.06214	0.01550	0.00634	0.00201	0.00288	0.01403	0.00463	0.00405
160	0.00734	0.00523	0.00670	0.00662	0.00693	0.00570	0.00443	0.00800	0.00753	0.01042	0.01455	0.02724	0.01571	0.51809	0.29968	0.00586	0.03702	0.00647	0.00287	0.00361
161	0.01836	0.06263	0.01471	0.01263	0.01528	0.76686	0.00958	0.01966	0.01393	0.01218	0.00767	0.00894	0.00642	0.00509	0.00443	0.00127	0.00881	0.00318	0.00255	0.00581
162	0.01171	0.00996	0.01060	0.00973	0.01226	0.01142	0.00748	0.02426	0.69327	0.02000	0.02094	0.09915	0.01695	0.00763	0.00517	0.00171	0.00381	0.00647	0.02002	0.00745
163	0.01114	0.01062	0.01807	0.35038	0.48329	0.01153	0.01470	0.01425	0.01078	0.01483	0.00916	0.01273	0.00738	0.00466	0.00495	0.00155	0.00622	0.00444	0.00236	0.00693
164	0.00606	0.00481	0.00545	0.00581	0.00697	0.00420	0.00416	0.00730	0.01100	0.01384	0.11346	0.31127	0.46124	0.01341	0.00605	0.00179	0.00263	0.01162	0.00471	0.00420
165	0.01034	0.00886	0.01034	0.00738	0.01181	0.00664	0.00591	0.01255	0.01034	0.01624	0.00886	0.01034	0.00738	0.00369	0.00369	0.00074	0.00369	0.00295	0.00295	0.85530
166	0.00982	0.00931	0.01587	0.70182	0.12769	0.01120	0.02817	0.01311	0.01017	0.01323	0.00895	0.01317	0.00682	0.00490	0.00499	0.00164	0.00659	0.00446	0.00225	0.00585
167	0.00705	0.00510	0.00666	0.00627	0.00745	0.00470	0.00470	0.00941	0.01411	0.01999	0.79110	0.03723	0.04703	0.01019	0.00588	0.00157	0.00235	0.00901	0.00549	0.00470
168	0.01560	0.01282	0.01304	0.01087	0.01419	0.05493	0.00868	0.35626	0.40987	0.02505	0.01597	0.01518	0.01179	0.00634	0.00500	0.00158	0.00488	0.00500	0.00490	0.00804
169	0.01925	0.01038	0.01236	0.00982	0.01347	0.01054	0.00800	0.21642	0.19037	0.42716	0.01785	0.01606	0.01200	0.00626	0.00502	0.00156	0.00449	0.00502	0.00562	0.00835
170	0.01848	0.00902	0.01134	0.02108	0.01282	0.00877	0.00746	0.06497	0.18979	0.50392	0.08162	0.01864	0.01550	0.00660	0.00509	0.00158	0.00413	0.00544	0.00574	0.00800
171	0.00724	0.00645	0.04343	0.00886	0.01017	0.00554	0.06844	0.00905	0.01054	0.01403	0.05834	0.45272	0.06590	0.01336	0.00634	0.00201	0.00393	0.20467	0.00437	0.00459
172	0.00723	0.00624	0.03997	0.00837	0.00917	0.00590	0.00665	0.00873	0.01005	0.01361	0.05470	0.48863	0.02877	0.01382	0.00739	0.00207	0.08348	0.19640	0.00431	0.00448
173	0.01333	0.82783	0.02612	0.00853	0.01279	0.01972	0.00853	0.01493	0.01013	0.01173	0.00693	0.00800	0.00640	0.00426	0.00320	0.00107	0.00533	0.00267	0.00213	0.00640
174	0.43430	0.00905	0.00948	0.00773	0.01121	0.00922	0.00638	0.01955	0.01142	0.41616	0.01341	0.01260	0.00893	0.00541	0.00406	0.00154	0.00405	0.00387	0.00465	0.00697
175	0.86003	0.00964	0.00733	0.00655	0.00964	0.01118	0.00540	0.01465	0.00848	0.02236	0.00694	0.00810	0.00540	0.00463	0.00308	0.00154	0.00386	0.00270	0.00308	0.00540
176	0.01356	0.01492	0.17698	0.01021	0.01393	0.14465	0.00955	0.18313	0.01483	0.09733	0.08179	0.02151	0.18169	0.00738	0.00512	0.00153	0.00546	0.00583	0.00405	0.00655
177	0.01209	0.00765	0.00937	0.00871	0.01095	0.00780	0.00707	0.01778	0.24248	0.18250	0.16345	0.03297	0.05487	0.00939	0.00573	0.00180	0.00383	0.20993	0.00523	0.00640
178	0.01271	0.67961	0.16894	0.00958	0.01442	0.01822	0.01036	0.01508	0.01020	0.01248	0.00730	0.00846	0.00638	0.00435	0.00348	0.00116	0.00571	0.00285	0.00213	0.00658
179	0.00606	0.00437	0.00575	0.00686	0.00721	0.00406	0.00459	0.00695	0.00962	0.01276	0.02849	0.78729	0.06659	0.01548	0.00634	0.00201	0.00288	0.01401	0.00463	0.00406
180	0.00663	0.00687	0.06978	0.00635	0.00832	0.00517	0.00533	0.00884	0.04282	0.01452	0.11735	0.13856	0.52782	0.01187	0.00582	0.00171	0.00300	0.01007	0.00453	0.00464
181	0.00598	0.00470	0.00541	0.00598	0.00698	0.00413	0.00420	0.00705	0.01047	0.01310	0.03917	0.42840	0.41859	0.01410	0.00612	0.00185	0.00271	0.01231	0.00463	0.00413
182	0.01784	0.01341	0.01434	0.01124	0.01504	0.01494	0.00921	0.65032	0.15203	0.02963	0.01337	0.01309	0.00961	0.00612	0.00500	0.00153	0.00522	0.00468	0.00500	0.00838
183	0.01333	0.82783	0.02612	0.00853	0.01279	0.01972	0.00853	0.01493	0.01013	0.01173	0.00693	0.00800	0.00640	0.00426	0.00320	0.00107	0.00533	0.00267	0.00213	0.00640
184	0.01490	0.58872	0.02255	0.00981	0.01357	0.25319	0.00886	0.01641	0.01132	0.01187	0.00716	0.00829	0.00640	0.00452	0.00358	0.00113	0.00642	0.00283	0.00226	0.00621
185	0.00998	0.00855	0.00991	0.00719	0.01140	0.00645	0.00573	0.01211	0.01042	0.01602	0.01223	0.01338	0.07083	0.00441	0.00387	0.00081	0.00360	0.00357	0.00309	0.78645
186	0.00882	0.00746	0.00962	0.00909	0.01005	0.04656	0.00714	0.04971	0.00910	0.01271	0.01261	0.05027	0.01202	0.04454	0.55850	0.00617	0.13259	0.00544	0.00280	0.00483
187	0.01355	0.79386	0.02561	0.00871	0.01290	0.05289	0.00858	0.01514	0.01030	0.01175	0.00696	0.00804	0.00640	0.00430	0.00325	0.00108	0.00549	0.00269	0.00215	0.00637
188	0.00929	0.00465	0.00465	0.00465	0.00581	0.00465	0.00348	0.01161	0.01045	0.01858	0.01626	0.01858	0.01278	0.00581	0.00348	0.00116	0.00232	0.00465	0.85250	0.00465
189	0.01213	0.13052	0.22605	0.01112	0.01536	0.04467	0.01089	0.02171	0.43597	0.01785	0.01484	0.01454	0.01122	0.00580	0.00469	0.00156	0.00526	0.00459	0.00376	0.00745
190	0.00941	0.00886	0.01495	0.81285	0.03433	0.01107	0.01384	0.01274	0.00997	0.01274	0.00886	0.01329	0.00664	0.00498	0.00498	0.00166	0.00664	0.00443	0.00221	0.00554
191	0.00603	0.00466	0.00551	0.00613	0.00703	0.00414	0.00428	0.00712	0.01047	0.01329	0.06444	0.47072	0.35002	0.01417	0.00615	0.00187	0.00272	0.01246	0.00466	0.00414
192	0.20588	0.19559	0.04857	0.01297	0.10524	0.13969	0.07566	0.08992	0.03986	0.01758	0.00869	0.01006	0.00698	0.00477	0.00412	0.00139	0.00593	0.00357	0.00288	0.02063
193	0.00636	0.00507	0.00570	0.00555	0.00702	0.00441	0.00416	0.00807	0.01248	0.01612	0.35138	0.04361	0.48917	0.01163	0.00589	0.00164	0.00245	0.00991	0.00498	0.00441
194	0.04338	0.25617	0.29978	0.01137	0.01650	0.01371	0.04577	0.03405	0.11219	0.10527	0.01110	0.01165	0.00826	0.00502	0.00436	0.00144	0.00584	0.00387	0.00308	0.00720
195	0.01474	0.01250	0.01299	0.07646	0.04680	0.12438	0.00920	0.09228	0.36436	0.11280	0.01534	0.01521	0.01141	0.00629	0.00574	0.00162	0.06133	0.00488	0.00431	0.00736
196	0.01102	0.00597	0.00777	0.00699	0.00889	0.00534	0.00542	0.01300	0.01332	0.22955	0.39305	0.09795	0.13191	0.01000	0.00572	0.00164	0.00302	0.03837	0.00546	0.00561
197	0.01034	0.00886	0.01034	0.00738	0.01181	0.00664	0.00591	0.01255	0.01034	0.01624	0.00886	0.01034	0.00738	0.00369	0.00369	0.00074	0.00369	0.00295	0.00295	0.85530
198	0.00604	0.00467	0.00552	0.00611	0.00703	0.00415	0.00428	0.00715	0.01053	0.01339	0.07407	0.45844	0.35261	0.01410	0.00614	0.00186	0.00271	0.01239	0.00467	0.00415
199	0.00607	0.00434	0.00578	0.00694	0.00723	0.00405	0.00463	0.00694	0.00954	0.01272	0.02747	0.82157	0.03297	0.01562	0.00636	0.00202	0.00289	0.01417	0.00463	0.00405
200	0.00700	0.00506	0.00662	0.00631	0.00744	0.00467	0.00470	0.00928	0.01387	0.01961	0.75141	0.07800	0.04630	0.01047	0.00590	0.00159	0.00238	0.00928	0.00544	0.00467
201	0.01240	0.01071	0.01127	0.01014	0.01296	0.01240	0.00789	0.02649	0.78473	0.02085	0.02029	0.01860	0.01522	0.00676	0.00507	0.00169	0.00394	0.00564	0.00507	0.00789
202	0.00708	0.00522	0.00665	0.00645	0.00761	0.00491	0.00478	0.00967	0.04474	0.01875	0.62255	0.13840	0.08262	0.01088	0.00591	0.00164	0.00250	0.00962	0.00531	0.00472
203	0.01009	0.00499	0.00516	0.00497	0.00631	0.00496	0.00377	0.02557	0.01086	0.05645	0.01635	0.01839	0.01268	0.00583	0.00358	0.00119	0.00247	0.00466	0.79681	0.00490
204	0.01222	0.01172	0.02002	0.06243	0.76283	0.01181	0.01524	0.01519	0.01129	0.01614	0.00935	0.01238	0.00784	0.00446	0.00494	0.00149	0.00595	0.00444	0.00246	0.00780
205	0.00591	0.00505	0.00507	0.00507	0.00674	0.00422	0.00380	0.00719	0.01140	0.01357	0.06222	0.04780	0.77992	0.01259	0.00589	0.00168	0.00252	0.01050	0.00464	0.00422
206	0.86003	0.00964	0.00733	0.00655	0.00964	0.01118	0.00540	0.01465	0.00848	0.02236	0.00694	0.00810	0.00540	0.00463	0.00308	0.00154	0.00386	0.00270	0.00308	0.00540
207	0.01283	0.70943	0.14021	0.00937	0.01409	0.01852	0.00999	0.01505	0.01019	0.01233	0.00723	0.00837	0.00638	0.00433	0.00343	0.00114	0.00563	0.00282	0.00213	0.00654
208	0.01067	0.00973	0.01503	0.01216	0.01438	0.04825	0.21168	0.07480	0.01081	0.01530	0.01163	0.01589	0.00995	0.03805	0.25859	0.00372	0.11613	0.00514	0.11252	0.00557
209	0.01017	0.00553	0.00565	0.00532	0.00675	0.00567	0.00407	0.08400	0.01174	0.01982	0.02828	0.01826	0.01292	0.00589	0.00366	0.00120	0.00262	0.00470	0.75873	0.00501
210	0.00675	0.00486	0.00639	0.00648	0.00738	0.00450	0.00468	0.00863	0.01267	0.01770	0.55052	0.28435	0.04260	0.01190	0.00603	0.00171	0.00252	0.01064	0.00522	0.00450
211	0.00698	0.00509	0.00655	0.00619	0.00740	0.00467	0.00464	0.00925	0.01392	0.01954	0.74054	0.03797	0.09787	0.01036	0.00588	0.00158	0.00236	0.00912	0.00543	0.00467
212	0.01333	0.82783	0.02612	0.00853	0.01279	0.01972	0.00853	0.01493	0.01013	0.01173	0.00693	0.00800	0.00640	0.00426	0.00320	0.00107	0.00533	0.00267	0.00213	0.00640
213	0.01034	0.00886	0.01034	0.00738	0.01181	0.00664	0.00591	0.01255	0.01034	0.01624	0.00886	0.01034	0.00738	0.00369	0.00369	0.00074	0.00369	0.00295	0.00295	0.85530
214	0.01846	0.01372	0.01468	0.01137	0.01527	0.01523	0.00936	0.72096	0.08038	0.03062	0.01259	0.01246	0.00898	0.00604	0.00499	0.00151	0.00537	0.00457	0.00499	0.00843
215	0.03593	0.00825	0.01082	0.00849	0.01208	0.00729	0.00696	0.02248	0.04522	0.67251	0.02255	0.01998	0.09051	0.00681	0.00507	0.00156	0.00405	0.00555	0.00591	0.00797
216	0.01033	0.10624	0.72147	0.01364	0.02069	0.01239	0.01742	0.01570	0.01048	0.01538	0.00874	0.01027	0.00632	0.00469	0.00458	0.00153	0.00716	0.00358	0.00211	0.00727
217	0.01000	0.02578	0.79900	0.01421	0.02157	0.01158	0.01842	0.01579	0.01052	0.01579	0.00895	0.01052	0.00631	0.00474	0.00474	0.00158	0.00737	0.00368	0.00210	0.00737
218	0.01000	0.02578	0.79900	0.01421	0.02157	0.01158	0.01842	0.01579	0.01052	0.01579	0.00895	0.01052	0.00631	0.00474	0.00474	0.00158	0.00737	0.00368	0.00210	0.00737
219	0.03506	0.01618	0.40632	0.01101	0.01571	0.00880	0.05683	0.01312	0.01161	0.03122	0.20911	0.02265	0.12733	0.00719	0.00520	0.00159	0.00533	0.00609	0.00343	0.00618
220	0.00929	0.00465	0.00465	0.00465	0.00581	0.00465	0.00348	0.01161	0.01045	0.01858	0.01626	0.01858	0.01278	0.00581	0.00348	0.00116	0.00232	0.00465	0.85250	0.00465
221	0.01922	0.01352	0.01468	0.01126	0.01524	0.01480	0.00930	0.71622	0.02269	0.09336	0.01259	0.01237	0.00879	0.00600	0.00499	0.00150	0.00538	0.00453	0.00508	0.00848
222	0.01316	0.00940	0.01047	0.00911	0.01186	0.01015	0.00716	0.08293	0.43706	0.13816	0.12862	0.02279	0.08208	0.00756	0.00523	0.00163	0.00378	0.00632	0.00525	0.00728
223	0.04861	0.00721	0.00912	0.00762	0.01016	0.00671	0.00606	0.05576	0.02927	0.33382	0.35981	0.02667	0.06172	0.00816	0.00535	0.00156	0.00338	0.00691	0.00559	0.00649
224	0.01837	0.01437	0.01572	0.01269	0.04679	0.05622	0.04127	0.67616	0.02199	0.02918	0.01157	0.01189	0.00831	0.00580	0.00500	0.00149	0.00580	0.00448	0.00466	0.00824
225	0.00707	0.00509	0.00650	0.00659	0.00773	0.00468	0.00499	0.00898	0.01258	0.02961	0.43878	0.17539	0.15885	0.01187	0.00607	0.00175	0.00277	0.10102	0.00511	0.00456
226	0.00917	0.00556	0.00734	0.00663	0.00818	0.00507	0.00507	0.01147	0.01413	0.12750	0.68438	0.03443	0.04223	0.00963	0.00576	0.00156	0.00261	0.00846	0.00558	0.00523
227	0.00680	0.00509	0.00632	0.00601	0.00729	0.00460	0.00451	0.00892	0.01352	0.01859	0.63205	0.03954	0.20696	0.01071	0.00588	0.00159	0.00239	0.00934	0.00530	0.00460
228	0.47873	0.01056	0.01015	0.00829	0.01176	0.01158	0.00684	0.21764	0.01353	0.17220	0.01069	0.01081	0.00753	0.00528	0.00395	0.00153	0.00436	0.00361	0.00417	0.00680
229	0.00698	0.00509	0.00657	0.00620	0.00740	0.00467	0.00465	0.00927	0.01394	0.01959	0.74638	0.03788	0.09200	0.01034	0.00588	0.00157	0.00236	0.00911	0.00544	0.00467
230	0.01842	0.01357	0.01453	0.01123	0.01509	0.01504	0.00925	0.72605	0.05346	0.03064	0.01242	0.01241	0.00886	0.00601	0.00495	0.00149	0.00534	0.00454	0.02836	0.00835
231	0.09532	0.00833	0.01137	0.10313	0.12422	0.02544	0.04000	0.05568	0.01132	0.01671	0.01624	0.02708	0.02920	0.01038	0.06992	0.00225	0.00562	0.22925	0.11300	0.00557
232	0.02981	0.04398	0.01564	0.52369	0.11419	0.06768	0.01271	0.07472	0.01163	0.04589	0.00939	0.01260	0.00710	0.00502	0.00483	0.00157	0.00643	0.00426	0.00266	0.00620
233	0.01454	0.09900	0.07888	0.01362	0.11247	0.34459	0.01024	0.03263	0.01219	0.01418	0.00821	0.00986	0.00684	0.00483	0.00486	0.00125	0.04595	0.00338	0.00259	0.17991

[dist]
# distance from previous block
# <min> <max>
0	9

[block]
# block no. 1 follows, 50 sequences, length 7
# corresponding to MSA columns:
# 497-503
name=unknown_B
#
# <colnr> <probs for GDERKNQSTAVLIFYWHMCP>
#	G	D	E	R	K	N	Q	S	T	A	V	L	I	F	Y	W	H	M	C	P
0	0.00677	0.00525	0.00622	0.00642	0.00762	0.00489	0.00471	0.00908	0.06141	0.01557	0.24373	0.26305	0.29162	0.01248	0.00601	0.00177	0.00276	0.04120	0.00489	0.00455
1	0.01614	0.01216	0.01307	0.01071	0.01416	0.01359	0.00863	0.39005	0.37220	0.06998	0.01622	0.01529	0.01179	0.00635	0.00503	0.00159	0.00471	0.00504	0.00509	0.00821
2	0.25314	0.01110	0.01029	0.00928	0.01147	0.10512	0.00734	0.09348	0.14612	0.01858	0.01319	0.05870	0.01202	0.07142	0.00746	0.00195	0.09256	0.06723	0.00367	0.00587
3	0.00936	0.00741	0.00853	0.00802	0.00982	0.00783	0.00614	0.05665	0.27381	0.01935	0.30935	0.12620	0.07864	0.00980	0.00567	0.00171	0.00325	0.04746	0.00511	0.00587
4	0.01077	0.01054	0.01603	0.22010	0.15045	0.01362	0.01240	0.01274	0.00886	0.01291	0.00761	0.01176	0.00680	0.00705	0.01152	0.00193	0.47241	0.00439	0.00224	0.00589
5	0.01136	0.00933	0.01028	0.00961	0.01191	0.01047	0.00750	0.08034	0.50512	0.01964	0.02154	0.15263	0.01920	0.00899	0.00550	0.00180	0.00397	0.09896	0.00493	0.00691
6	0.01156	0.00863	0.00943	0.00830	0.01076	0.00904	0.00648	0.17026	0.23355	0.07070	0.08464	0.09650	0.24092	0.00927	0.00546	0.00166	0.00366	0.00775	0.00499	0.00642

[dist]
# distance from previous block
# <min> <max>
0	1

[block]
