[name]
unknown

[dist]
# distance from previous block
# <min> <max>
5	38

[block]
# block no. 0 follows, 51 sequences, length 19
# corresponding to MSA columns:
# 44-62
name=unknown_A
#
# <colnr> <probs for GDERKNQSTAVLIFYWHMCP>
#	G	D	E	R	K	N	Q	S	T	A	V	L	I	F	Y	W	H	M	C	P
0	0.01206	0.01155	0.01887	0.02799	0.71213	0.02815	0.01434	0.01523	0.03452	0.01603	0.01048	0.01473	0.00913	0.00498	0.00497	0.00151	0.00577	0.04738	0.00263	0.00756
1	0.00989	0.00936	0.01584	0.64919	0.19536	0.01108	0.01395	0.01309	0.01012	0.01330	0.00884	0.01290	0.00681	0.00480	0.00490	0.00160	0.00640	0.00437	0.00224	0.00595
2	0.01211	0.08837	0.11045	0.28029	0.05196	0.11778	0.01165	0.01663	0.12885	0.05126	0.02841	0.01306	0.00896	0.00547	0.00536	0.00154	0.05433	0.00427	0.00290	0.00634
3	0.09101	0.00942	0.01012	0.16225	0.01468	0.09889	0.00757	0.09468	0.01293	0.01801	0.26970	0.08737	0.02198	0.00747	0.00499	0.00149	0.00449	0.00626	0.00392	0.07276
4	0.12836	0.01261	0.08173	0.03085	0.01700	0.06645	0.20928	0.01961	0.12972	0.23469	0.01339	0.01373	0.00942	0.00525	0.00486	0.00157	0.00580	0.00471	0.00390	0.00707
5	0.00856	0.00828	0.04943	0.09999	0.25341	0.00758	0.00930	0.01085	0.01109	0.01509	0.15107	0.19103	0.14663	0.00900	0.00546	0.00164	0.00423	0.00807	0.00368	0.00561
6	0.01218	0.05034	0.14614	0.01023	0.01402	0.19203	0.03997	0.01535	0.05937	0.03449	0.05445	0.01395	0.01055	0.07366	0.00609	0.00151	0.00576	0.00410	0.00299	0.25283
7	0.00593	0.00493	0.00519	0.00524	0.00674	0.00418	0.00389	0.00725	0.01132	0.01384	0.12019	0.10770	0.66178	0.01245	0.00584	0.00167	0.00250	0.01051	0.00465	0.00418
8	0.01268	0.01088	0.01436	0.20935	0.22427	0.08632	0.01067	0.01520	0.01118	0.10761	0.01002	0.01206	0.00772	0.00457	0.00450	0.00129	0.00549	0.00391	0.00295	0.24495
9	0.75628	0.00942	0.00780	0.00696	0.00962	0.01111	0.00568	0.01393	0.00824	0.02069	0.00716	0.00919	0.00592	0.03816	0.00502	0.00170	0.07194	0.00298	0.00296	0.00523
10	0.01233	0.00930	0.01032	0.00912	0.01170	0.01025	0.00712	0.05369	0.51587	0.09669	0.18440	0.02182	0.02113	0.00730	0.00516	0.00162	0.00365	0.00616	0.00519	0.00719
11	0.00991	0.00938	0.01588	0.64396	0.20045	0.01108	0.01396	0.01311	0.01012	0.01332	0.00885	0.01290	0.00682	0.00480	0.00490	0.00160	0.00640	0.00437	0.00224	0.00597
12	0.01052	0.00855	0.01027	0.00929	0.01157	0.00916	0.05023	0.01876	0.43275	0.05376	0.02337	0.21874	0.08376	0.00906	0.00539	0.00172	0.00377	0.00795	0.00471	0.02666
13	0.01868	0.01376	0.01475	0.01131	0.01524	0.01524	0.00934	0.78025	0.02311	0.03097	0.01180	0.01180	0.00836	0.00590	0.00492	0.00147	0.00541	0.00442	0.00492	0.00836
14	0.00806	0.00667	0.00825	0.07059	0.01105	0.00570	0.00567	0.00988	0.01056	0.01488	0.10526	0.20579	0.15070	0.00862	0.00494	0.00134	0.00335	0.00747	0.00378	0.35744
15	0.01072	0.01091	0.01825	0.18675	0.08198	0.01336	0.17003	0.01305	0.00915	0.01312	0.00788	0.01188	0.00678	0.00656	0.01072	0.00188	0.41425	0.00463	0.00225	0.00584
16	0.08158	0.01313	0.01191	0.01039	0.01335	0.14134	0.00814	0.15978	0.46340	0.02117	0.01548	0.01481	0.01164	0.00610	0.00474	0.00156	0.00496	0.00474	0.00443	0.00735
17	0.64065	0.00892	0.00797	0.00690	0.00987	0.00982	0.00561	0.01571	0.00932	0.17064	0.00937	0.01015	0.00686	0.00573	0.00454	0.06156	0.00391	0.00321	0.00356	0.00568
18	0.01160	0.01310	0.02811	0.02096	0.06471	0.01247	0.71635	0.01559	0.01145	0.01564	0.00980	0.01312	0.00744	0.00429	0.00607	0.00166	0.03283	0.00568	0.00247	0.00665

[dist]
# distance from previous block
# <min> <max>
0	1

[block]
# block no. 1 follows, 51 sequences, length 27
# corresponding to MSA columns:
# 64-90
name=unknown_B
#
# <colnr> <probs for GDERKNQSTAVLIFYWHMCP>
#	G	D	E	R	K	N	Q	S	T	A	V	L	I	F	Y	W	H	M	C	P
0	0.00595	0.00494	0.00521	0.00523	0.00675	0.00420	0.00389	0.00730	0.01140	0.01397	0.13405	0.09454	0.66094	0.01235	0.00584	0.00167	0.00249	0.01043	0.00466	0.00420
1	0.01031	0.00802	0.00899	0.00823	0.01036	0.00862	0.00632	0.01843	0.41470	0.05916	0.24593	0.07194	0.09126	0.00860	0.00537	0.00164	0.00327	0.00737	0.00511	0.00638
2	0.01868	0.01376	0.01475	0.01131	0.01524	0.01524	0.00934	0.78025	0.02311	0.03097	0.01180	0.01180	0.00836	0.00590	0.00492	0.00147	0.00541	0.00442	0.00492	0.00836
3	0.01604	0.01184	0.01276	0.01025	0.01351	0.01305	0.00829	0.56727	0.10353	0.02725	0.03391	0.08091	0.01230	0.00686	0.00497	0.00152	0.00476	0.00546	0.05792	0.00760
4	0.86201	0.00950	0.00722	0.00646	0.00950	0.01102	0.00532	0.01445	0.00836	0.02205	0.00684	0.00798	0.00532	0.00456	0.00304	0.00152	0.00380	0.00266	0.00304	0.00532
5	0.01749	0.02049	0.01310	0.01171	0.01426	0.64072	0.00888	0.10293	0.01458	0.01474	0.00889	0.01012	0.00717	0.00522	0.00439	0.00128	0.00783	0.00344	0.08686	0.00588
6	0.01010	0.09334	0.09689	0.00808	0.01240	0.00817	0.00731	0.01249	0.01012	0.01522	0.01009	0.07837	0.00919	0.00480	0.00392	0.00096	0.00413	0.00389	0.00288	0.60765
7	0.01629	0.01136	0.01281	0.01022	0.01336	0.01246	0.00830	0.55262	0.01886	0.07415	0.01220	0.01349	0.00920	0.01148	0.12624	0.07433	0.00640	0.00457	0.00441	0.00724
8	0.00619	0.00436	0.00564	0.00658	0.00682	0.00413	0.00429	0.00690	0.00901	0.01202	0.02507	0.68627	0.02996	0.15669	0.00953	0.00248	0.00318	0.01278	0.00429	0.00382
9	0.01372	0.74103	0.02444	0.00888	0.01290	0.10660	0.00853	0.01526	0.01042	0.01161	0.00692	0.00799	0.00631	0.00430	0.00329	0.00107	0.00565	0.00269	0.00215	0.00624
10	0.00935	0.00774	0.00993	0.00882	0.00959	0.00921	0.00681	0.07482	0.03159	0.01563	0.25126	0.05537	0.02248	0.18034	0.01320	0.00244	0.27607	0.00672	0.00373	0.00491
11	0.00664	0.00518	0.00604	0.00580	0.00722	0.00467	0.00436	0.00887	0.03700	0.01703	0.45655	0.04059	0.36034	0.01095	0.00578	0.00160	0.00244	0.00941	0.00504	0.00453
12	0.00639	0.00465	0.00550	0.00590	0.00648	0.00433	0.00388	0.00719	0.00949	0.01238	0.09440	0.33129	0.20163	0.26990	0.01203	0.00275	0.00333	0.01057	0.00414	0.00376
13	0.86201	0.00950	0.00722	0.00646	0.00950	0.01102	0.00532	0.01445	0.00836	0.02205	0.00684	0.00798	0.00532	0.00456	0.00304	0.00152	0.00380	0.00266	0.00304	0.00532
14	0.86201	0.00950	0.00722	0.00646	0.00950	0.01102	0.00532	0.01445	0.00836	0.02205	0.00684	0.00798	0.00532	0.00456	0.00304	0.00152	0.00380	0.00266	0.00304	0.00532
15	0.86201	0.00950	0.00722	0.00646	0.00950	0.01102	0.00532	0.01445	0.00836	0.02205	0.00684	0.00798	0.00532	0.00456	0.00304	0.00152	0.00380	0.00266	0.00304	0.00532
16	0.00641	0.00453	0.00571	0.00648	0.00681	0.00431	0.00430	0.00714	0.00901	0.01190	0.02508	0.51888	0.06925	0.23601	0.01138	0.00275	0.00346	0.05869	0.00413	0.00376
17	0.01090	0.01220	0.17592	0.00878	0.01372	0.00761	0.00850	0.01380	0.01048	0.06758	0.00945	0.01066	0.00738	0.00402	0.00394	0.00095	0.00443	0.00320	0.00295	0.62351
18	0.00642	0.00499	0.00590	0.00614	0.00740	0.00447	0.00469	0.00802	0.01162	0.01493	0.22182	0.15535	0.39370	0.01245	0.00602	0.00177	0.00280	0.12245	0.00476	0.00430
19	0.66052	0.01159	0.00893	0.00777	0.01087	0.09965	0.00630	0.11326	0.01087	0.02209	0.00756	0.00857	0.00582	0.00479	0.00344	0.00149	0.00457	0.00294	0.00323	0.00575
20	0.01868	0.01376	0.01475	0.01131	0.01524	0.01524	0.00934	0.78025	0.02311	0.03097	0.01180	0.01180	0.00836	0.00590	0.00492	0.00147	0.00541	0.00442	0.00492	0.00836
21	0.00594	0.00491	0.00521	0.00530	0.00676	0.00418	0.00391	0.00724	0.01126	0.01381	0.11884	0.13160	0.63899	0.01254	0.00586	0.00169	0.00251	0.01062	0.00464	0.00418
22	0.00779	0.00505	0.00525	0.00526	0.00646	0.00486	0.00379	0.01002	0.05430	0.01534	0.02788	0.07977	0.26947	0.11154	0.00718	0.00185	0.00279	0.00743	0.36958	0.00438
23	0.20533	0.00565	0.00628	0.00683	0.00790	0.00575	0.00484	0.00929	0.00935	0.04621	0.02208	0.60240	0.02538	0.01251	0.00547	0.00187	0.00312	0.01098	0.00427	0.00448
24	0.00602	0.00493	0.00517	0.00527	0.00677	0.00421	0.00393	0.00733	0.01116	0.01369	0.08176	0.11085	0.65705	0.01242	0.00581	0.00168	0.00255	0.02795	0.02726	0.00418
25	0.28049	0.06510	0.50651	0.01130	0.01705	0.01174	0.01354	0.01516	0.00972	0.01740	0.00808	0.00948	0.00594	0.00461	0.00407	0.00152	0.00605	0.00327	0.00238	0.00659
26	0.00986	0.02542	0.80183	0.01401	0.02127	0.01141	0.01816	0.01556	0.01038	0.01556	0.00882	0.01038	0.00623	0.00467	0.00467	0.00156	0.00726	0.00363	0.00208	0.00726

[dist]
# distance from previous block
# <min> <max>
0	1

[block]
# block no. 2 follows, 51 sequences, length 49
# corresponding to MSA columns:
# 92-140
name=unknown_C
#
# <colnr> <probs for GDERKNQSTAVLIFYWHMCP>
#	G	D	E	R	K	N	Q	S	T	A	V	L	I	F	Y	W	H	M	C	P
0	0.01159	0.01077	0.01819	0.20341	0.58730	0.01120	0.01427	0.01452	0.01096	0.03420	0.01045	0.01341	0.02845	0.00475	0.00490	0.00151	0.00587	0.00455	0.00252	0.00719
1	0.00771	0.00596	0.00792	0.00755	0.00786	0.00701	0.00543	0.00852	0.00748	0.01059	0.01312	0.02392	0.01393	0.40559	0.30322	0.00544	0.14614	0.00599	0.00271	0.00389
2	0.31081	0.00766	0.00843	0.00760	0.01014	0.00781	0.00629	0.01536	0.01147	0.23676	0.14140	0.02502	0.01867	0.00776	0.00480	0.00168	0.00382	0.16406	0.00458	0.00589
3	0.01328	0.01279	0.01325	0.14279	0.09374	0.16196	0.00995	0.10110	0.30114	0.01790	0.01434	0.01710	0.01155	0.00628	0.00499	0.00159	0.00566	0.05999	0.00378	0.00684
4	0.00827	0.00707	0.01014	0.00942	0.00995	0.00904	0.00749	0.00970	0.00773	0.01144	0.01106	0.01722	0.01067	0.07478	0.49651	0.00579	0.28156	0.00506	0.00249	0.00463
5	0.02000	0.01164	0.01343	0.01030	0.01418	0.01209	0.00851	0.48305	0.01955	0.33319	0.01478	0.01374	0.00985	0.00597	0.00493	0.00149	0.00493	0.00463	0.00537	0.00836
6	0.01183	0.09207	0.01847	0.24087	0.42345	0.06660	0.01346	0.01452	0.01072	0.01420	0.00863	0.01171	0.00714	0.00474	0.00517	0.00149	0.04172	0.00412	0.00233	0.00676
7	0.00743	0.00518	0.00655	0.00615	0.00752	0.00474	0.00466	0.00950	0.01310	0.05397	0.57592	0.03696	0.18744	0.01166	0.04572	0.00188	0.00298	0.00881	0.00514	0.00470
8	0.00599	0.00428	0.00570	0.00684	0.00713	0.00399	0.00456	0.00684	0.00941	0.01254	0.02709	0.82409	0.03250	0.01540	0.00627	0.00200	0.00285	0.01397	0.00456	0.00399
9	0.01698	0.01011	0.01172	0.00964	0.01296	0.01060	0.00775	0.15208	0.33953	0.32391	0.03823	0.01708	0.01359	0.00640	0.00498	0.00157	0.00422	0.00521	0.00542	0.00802
10	0.01197	0.01148	0.01959	0.08366	0.74467	0.01162	0.01498	0.01491	0.01110	0.01582	0.00921	0.01223	0.00770	0.00442	0.00487	0.00147	0.00589	0.00438	0.00242	0.00763
11	0.00685	0.00508	0.00744	0.00773	0.00850	0.00567	0.00590	0.00844	0.00839	0.01181	0.01673	0.19021	0.01733	0.03119	0.59948	0.00638	0.01057	0.04488	0.00313	0.00431
12	0.00715	0.00476	0.00536	0.00536	0.00536	0.00476	0.00298	0.00715	0.00715	0.00953	0.01548	0.03216	0.01787	0.82729	0.02501	0.00476	0.00476	0.00715	0.00298	0.00298
13	0.00618	0.00451	0.00586	0.00681	0.00737	0.00419	0.00478	0.00727	0.00996	0.01309	0.05719	0.63337	0.12109	0.01469	0.00625	0.00197	0.00295	0.08381	0.00459	0.00408
14	0.02205	0.00836	0.01140	0.00874	0.01254	0.00722	0.00722	0.02395	0.01407	0.80004	0.01939	0.01673	0.01216	0.00608	0.00494	0.00152	0.00418	0.00494	0.00608	0.00836
15	0.01055	0.19454	0.63876	0.01283	0.01945	0.01310	0.01611	0.01538	0.01029	0.01472	0.00840	0.00985	0.00624	0.00457	0.00435	0.00145	0.00684	0.00342	0.00208	0.00706
16	0.81795	0.00973	0.00762	0.00672	0.00980	0.01124	0.00553	0.05445	0.00913	0.02251	0.00710	0.00818	0.00548	0.00463	0.00314	0.00152	0.00389	0.00275	0.00314	0.00548
17	0.04998	0.00682	0.06424	0.00660	0.00823	0.00555	0.00533	0.00970	0.02965	0.03640	0.29165	0.11577	0.19201	0.14624	0.00878	0.00215	0.00334	0.00856	0.00438	0.00459
18	0.00735	0.00604	0.00790	0.00756	0.00835	0.00660	0.00576	0.00889	0.01109	0.01537	0.33287	0.21832	0.15039	0.01137	0.00808	0.00180	0.17393	0.00935	0.00439	0.00456
19	0.01686	0.01622	0.01455	0.01209	0.01472	0.27049	0.00970	0.36903	0.01678	0.02073	0.00929	0.01063	0.00729	0.00621	0.00718	0.00155	0.18228	0.00399	0.00355	0.00686
20	0.18390	0.04264	0.06704	0.02993	0.39146	0.09014	0.04551	0.04909	0.01137	0.03229	0.00882	0.01086	0.00707	0.00459	0.00443	0.00146	0.00586	0.00388	0.00271	0.00695
21	0.01105	0.01162	0.01991	0.01562	0.01735	0.01414	0.27809	0.01319	0.00894	0.01319	0.00767	0.01162	0.00680	0.00705	0.01253	0.00198	0.53635	0.00482	0.00227	0.00581
22	0.03050	0.01351	0.16886	0.01234	0.07755	0.01131	0.01060	0.13238	0.15787	0.14936	0.01287	0.01325	0.00941	0.00572	0.00582	0.00152	0.08499	0.00436	0.00385	0.09391
23	0.00725	0.00561	0.00644	0.00651	0.00781	0.00532	0.00475	0.06452	0.04577	0.01547	0.13585	0.33118	0.32032	0.01250	0.00588	0.00176	0.00288	0.01087	0.00472	0.00462
24	0.00676	0.00472	0.00596	0.00628	0.00658	0.00475	0.00408	0.00746	0.00840	0.01141	0.06975	0.26901	0.02323	0.39921	0.14656	0.00423	0.00541	0.00901	0.00356	0.00362
25	0.00637	0.00449	0.00575	0.00644	0.00679	0.00425	0.00424	0.00725	0.00957	0.01293	0.13354	0.54588	0.03140	0.18524	0.01014	0.00251	0.00318	0.01181	0.00435	0.00387
26	0.39987	0.00888	0.00952	0.00772	0.01118	0.00893	0.00637	0.01967	0.01150	0.45009	0.01374	0.01279	0.00909	0.00540	0.00409	0.00152	0.00401	0.00392	0.00471	0.00700
27	0.01672	0.01432	0.01347	0.01104	0.01441	0.14233	0.00884	0.45241	0.20916	0.02490	0.01410	0.01383	0.02960	0.00612	0.00488	0.00149	0.00552	0.00465	0.00454	0.00768
28	0.00620	0.00449	0.00591	0.00697	0.00745	0.00420	0.00490	0.00725	0.00975	0.01285	0.02851	0.68129	0.08393	0.01498	0.00630	0.00200	0.00302	0.10137	0.00456	0.00406
29	0.01258	0.58827	0.21974	0.01002	0.01491	0.05670	0.01091	0.01517	0.01028	0.01259	0.00737	0.00856	0.00629	0.00436	0.00360	0.00119	0.00594	0.00291	0.00212	0.00652
30	0.01275	0.38076	0.32476	0.01130	0.01641	0.15046	0.01237	0.01588	0.01081	0.01319	0.00773	0.00902	0.00628	0.00453	0.00396	0.00128	0.00665	0.00311	0.00216	0.00657
31	0.01176	0.58953	0.02035	0.00799	0.01146	0.01566	0.00748	0.04818	0.02978	0.01298	0.01477	0.09077	0.10941	0.00645	0.00391	0.00125	0.00465	0.00484	0.00285	0.00594
32	0.01123	0.00884	0.01039	0.00748	0.01180	0.00682	0.00601	0.03280	0.01079	0.07069	0.00955	0.01068	0.00764	0.00387	0.00376	0.00080	0.00372	0.00309	0.00318	0.77684
33	0.01342	0.02693	0.03652	0.15234	0.18222	0.07026	0.05847	0.03408	0.09070	0.16182	0.05690	0.03612	0.01258	0.00608	0.00506	0.00157	0.00553	0.03888	0.00369	0.00682
34	0.01100	0.09435	0.37035	0.01732	0.09794	0.01262	0.27498	0.01540	0.01076	0.01520	0.00900	0.01131	0.00681	0.00452	0.00522	0.00155	0.02808	0.00436	0.00225	0.00696
35	0.00691	0.00513	0.00656	0.00734	0.00822	0.00495	0.00559	0.00889	0.04619	0.01389	0.06047	0.39046	0.13693	0.03463	0.00677	0.00207	0.00339	0.24270	0.00456	0.00435
36	0.00663	0.00491	0.00624	0.00705	0.00791	0.00460	0.00538	0.00798	0.01032	0.01326	0.03138	0.35775	0.20555	0.05458	0.00727	0.00214	0.00340	0.25502	0.00447	0.00415
37	0.02883	0.01182	0.06097	0.29643	0.24354	0.06133	0.08630	0.05400	0.01139	0.01531	0.02994	0.04276	0.00911	0.00586	0.02036	0.00168	0.00647	0.00484	0.00264	0.00640
38	0.01113	0.01304	0.13021	0.18911	0.36799	0.01152	0.10902	0.01541	0.06373	0.01555	0.00999	0.01274	0.00782	0.00468	0.00495	0.00154	0.00631	0.00453	0.01370	0.00704
39	0.00595	0.00442	0.00555	0.00645	0.00702	0.00402	0.00439	0.00689	0.00979	0.01270	0.03185	0.66086	0.19265	0.01478	0.00617	0.00193	0.00278	0.01321	0.00456	0.00402
40	0.01019	0.00873	0.01019	0.00728	0.01165	0.00655	0.00582	0.01237	0.01019	0.01601	0.00873	0.01019	0.00728	0.00364	0.00364	0.00073	0.00364	0.00291	0.00291	0.85734
41	0.01174	0.01036	0.01605	0.06292	0.29640	0.01044	0.09573	0.01697	0.17786	0.05094	0.01363	0.01788	0.01137	0.00576	0.00505	0.00153	0.00527	0.07924	0.00340	0.10743
42	0.10745	0.00876	0.01006	0.00743	0.01156	0.00716	0.00600	0.01453	0.01063	0.14719	0.01030	0.01103	0.00787	0.00415	0.00379	0.00095	0.00375	0.00322	0.00345	0.62071
43	0.00806	0.00668	0.00734	0.00734	0.00848	0.04769	0.00538	0.04349	0.06435	0.01544	0.17136	0.35582	0.15770	0.01180	0.00625	0.00176	0.04070	0.01018	0.02542	0.00476
44	0.01154	0.03459	0.35763	0.01364	0.09360	0.10433	0.01295	0.02744	0.16417	0.01661	0.06440	0.01369	0.01093	0.00540	0.00472	0.00148	0.00606	0.00434	0.00305	0.04940
45	0.02983	0.33517	0.26963	0.01106	0.01589	0.01414	0.06364	0.05036	0.03821	0.03426	0.04344	0.01167	0.00895	0.00653	0.04616	0.00170	0.00629	0.00382	0.00264	0.00664
46	0.01239	0.08600	0.12033	0.01465	0.15283	0.05781	0.09437	0.05061	0.09792	0.08377	0.04040	0.09918	0.01276	0.00683	0.01725	0.00162	0.00565	0.01453	0.00344	0.02767
47	0.01176	0.04912	0.35111	0.01714	0.20021	0.01194	0.06615	0.04378	0.07413	0.05220	0.01029	0.01189	0.00777	0.00499	0.00534	0.00154	0.04748	0.00418	0.00273	0.02624
48	0.01099	0.11280	0.21266	0.03908	0.01483	0.02864	0.02735	0.07125	0.12759	0.03374	0.13366	0.06116	0.03576	0.00670	0.00511	0.00151	0.02439	0.00548	0.00358	0.04373

[dist]
# distance from previous block
# <min> <max>
3	18

[block]
# block no. 3 follows, 51 sequences, length 25
# corresponding to MSA columns:
# 159-183
name=unknown_D
#
# <colnr> <probs for GDERKNQSTAVLIFYWHMCP>
#	G	D	E	R	K	N	Q	S	T	A	V	L	I	F	Y	W	H	M	C	P
0	0.10703	0.13647	0.18801	0.08647	0.01646	0.06178	0.02937	0.03310	0.06216	0.09362	0.02842	0.01265	0.00890	0.00512	0.00431	0.00140	0.00552	0.01921	0.00310	0.09691
1	0.12807	0.05876	0.03237	0.01230	0.01619	0.01128	0.24024	0.06789	0.11525	0.11772	0.01295	0.02545	0.02689	0.00531	0.00498	0.00149	0.02211	0.00482	0.00360	0.09235
2	0.06467	0.13583	0.10331	0.00968	0.01357	0.01122	0.03274	0.12986	0.08031	0.21888	0.08721	0.02906	0.01311	0.00594	0.00460	0.00144	0.00473	0.00475	0.00424	0.04484
3	0.01189	0.08682	0.25447	0.01475	0.16985	0.01088	0.04293	0.05397	0.01136	0.06010	0.00949	0.01100	0.00731	0.00442	0.00437	0.00127	0.00562	0.00370	0.00276	0.23305
4	0.04983	0.12994	0.20700	0.01217	0.01610	0.47732	0.01129	0.01778	0.01232	0.01323	0.00776	0.00907	0.00626	0.00483	0.00426	0.00132	0.00779	0.00319	0.00238	0.00614
5	0.46614	0.13326	0.04171	0.00836	0.01171	0.08812	0.00721	0.06263	0.10844	0.01965	0.00895	0.00968	0.00700	0.00491	0.00361	0.00144	0.00474	0.00321	0.00318	0.00607
6	0.00668	0.00477	0.00650	0.00764	0.00823	0.00459	0.00577	0.00805	0.01010	0.01333	0.02670	0.54652	0.03098	0.01474	0.00646	0.00209	0.00346	0.28465	0.00455	0.00418
7	0.00928	0.00873	0.01474	0.81548	0.03385	0.01092	0.01365	0.01256	0.00983	0.01256	0.00873	0.01310	0.00655	0.00491	0.00491	0.00164	0.00655	0.00437	0.00218	0.00546
8	0.00581	0.00498	0.00498	0.00498	0.00664	0.00415	0.00373	0.00705	0.01120	0.01328	0.04978	0.04729	0.79464	0.01245	0.00581	0.00166	0.00249	0.01037	0.00456	0.00415
9	0.02205	0.00836	0.01140	0.00874	0.01254	0.00722	0.00722	0.02395	0.01407	0.80004	0.01939	0.01673	0.01216	0.00608	0.00494	0.00152	0.00418	0.00494	0.00608	0.00836
10	0.00786	0.00451	0.00589	0.00589	0.00589	0.00451	0.00364	0.00677	0.00677	0.00902	0.01193	0.02335	0.01310	0.41302	0.02204	0.44053	0.00451	0.00567	0.00255	0.00255
11	0.00928	0.00873	0.01474	0.81548	0.03385	0.01092	0.01365	0.01256	0.00983	0.01256	0.00873	0.01310	0.00655	0.00491	0.00491	0.00164	0.00655	0.00437	0.00218	0.00546
12	0.00702	0.00527	0.00790	0.00790	0.00878	0.00614	0.00614	0.00878	0.00790	0.01141	0.01316	0.01931	0.01229	0.03686	0.80782	0.00790	0.01316	0.00527	0.00263	0.00439
13	0.03622	0.02172	0.01542	0.01334	0.01619	0.67961	0.09161	0.04352	0.01385	0.01325	0.00797	0.00941	0.00649	0.00498	0.00456	0.00132	0.00858	0.00348	0.00261	0.00587
14	0.01352	0.48972	0.02449	0.01319	0.08122	0.06244	0.17786	0.01577	0.01090	0.05698	0.00846	0.00997	0.00701	0.00436	0.00405	0.00126	0.00612	0.00363	0.00246	0.00658
15	0.00621	0.00459	0.00649	0.00733	0.00779	0.00430	0.02894	0.00721	0.00953	0.01270	0.02652	0.77934	0.03161	0.01500	0.00627	0.00199	0.00306	0.03254	0.00450	0.00409
16	0.04558	0.00965	0.01060	0.00802	0.01202	0.05381	0.00642	0.01607	0.05602	0.17874	0.01145	0.01185	0.00861	0.00444	0.00401	0.00101	0.00408	0.00349	0.00367	0.55046
17	0.00854	0.00707	0.00969	0.01092	0.13911	0.00623	0.00691	0.01035	0.01035	0.01483	0.06657	0.33119	0.02087	0.00932	0.00519	0.00148	0.00366	0.05254	0.00373	0.28143
18	0.00678	0.00498	0.00637	0.00626	0.00740	0.00457	0.00471	0.00882	0.01300	0.01794	0.58472	0.11367	0.13649	0.01106	0.00590	0.00164	0.00252	0.05347	0.00517	0.00451
19	0.01577	0.40052	0.01950	0.01065	0.01394	0.40520	0.00901	0.03369	0.01215	0.01222	0.00731	0.00851	0.00637	0.00475	0.00408	0.00119	0.02379	0.00296	0.00237	0.00603
20	0.01666	0.01234	0.01338	0.01056	0.01414	0.01345	0.00859	0.57398	0.11693	0.04632	0.01380	0.06395	0.01074	0.00647	0.00494	0.00149	0.00492	0.00509	0.00482	0.05742
21	0.00976	0.02194	0.64280	0.01470	0.09321	0.01071	0.01642	0.01485	0.01083	0.01605	0.09277	0.01336	0.01066	0.00522	0.00481	0.00155	0.00660	0.00426	0.00247	0.00703
22	0.01129	0.01383	0.09898	0.01894	0.05737	0.01282	0.51846	0.01491	0.01065	0.01495	0.00910	0.01243	0.00715	0.00510	0.00772	0.00174	0.17045	0.00523	0.00238	0.00649
23	0.06390	0.00978	0.01457	0.10327	0.32610	0.00988	0.01080	0.01794	0.07847	0.24696	0.04105	0.01555	0.02878	0.00552	0.00485	0.00153	0.00494	0.00484	0.00389	0.00737
24	0.12382	0.01313	0.01236	0.01017	0.01357	0.15128	0.03554	0.18324	0.21362	0.02048	0.01190	0.01223	0.00909	0.00529	0.00440	0.00136	0.00519	0.00404	0.00382	0.16548

[dist]
# distance from previous block
# <min> <max>
5	8

[block]
# block no. 4 follows, 51 sequences, length 12
# corresponding to MSA columns:
# 198-209
name=unknown_E
#
# <colnr> <probs for GDERKNQSTAVLIFYWHMCP>
#	G	D	E	R	K	N	Q	S	T	A	V	L	I	F	Y	W	H	M	C	P
0	0.00712	0.00488	0.00597	0.00597	0.00618	0.00510	0.00374	0.00754	0.00733	0.00998	0.01492	0.02906	0.01652	0.63687	0.21360	0.00552	0.00679	0.00669	0.00289	0.00332
1	0.01545	0.47274	0.02051	0.01029	0.01376	0.36867	0.00889	0.01689	0.01173	0.01177	0.00717	0.00832	0.00632	0.00459	0.00372	0.00115	0.00685	0.00287	0.00229	0.00604
2	0.00597	0.00434	0.00564	0.00668	0.00709	0.00401	0.00449	0.00686	0.00956	0.01261	0.02903	0.75749	0.09784	0.01514	0.00623	0.00197	0.00282	0.01366	0.00456	0.00401
3	0.01172	0.00908	0.01049	0.00986	0.01216	0.00997	0.00818	0.18299	0.27749	0.02023	0.02089	0.03335	0.01944	0.00956	0.00577	0.00189	0.00450	0.34119	0.00477	0.00646
4	0.01131	0.01663	0.29623	0.02380	0.46859	0.01164	0.07036	0.01530	0.01093	0.01586	0.00914	0.01161	0.00721	0.00446	0.00486	0.00151	0.00651	0.00422	0.00231	0.00752
5	0.01252	0.01055	0.01631	0.01517	0.13276	0.01136	0.16372	0.10542	0.14389	0.07855	0.01304	0.03649	0.01052	0.01051	0.12289	0.00257	0.09813	0.00529	0.00351	0.00680
6	0.00711	0.00537	0.00689	0.00749	0.00877	0.00515	0.00625	0.00900	0.01112	0.01421	0.06861	0.04899	0.27989	0.01490	0.07052	0.00248	0.00444	0.41998	0.00443	0.00440
7	0.11893	0.54659	0.09543	0.00912	0.01339	0.04207	0.00907	0.09008	0.01123	0.01516	0.00753	0.00855	0.00638	0.00449	0.00350	0.00121	0.00539	0.00292	0.00251	0.00646
8	0.01231	0.01169	0.10193	0.01341	0.16665	0.00996	0.00974	0.20889	0.01423	0.04069	0.11521	0.03854	0.02752	0.00677	0.02641	0.00153	0.00498	0.00502	0.00372	0.18077
9	0.01274	0.07821	0.19241	0.03193	0.08305	0.11454	0.01129	0.11762	0.10244	0.03691	0.01422	0.01956	0.03014	0.00670	0.00499	0.00159	0.00591	0.12561	0.00344	0.00671
10	0.01023	0.00856	0.04458	0.01160	0.07862	0.00801	0.07789	0.03215	0.12863	0.07231	0.11811	0.11745	0.03676	0.00955	0.00580	0.00182	0.00450	0.22316	0.00437	0.00591
11	0.00736	0.00496	0.00667	0.00699	0.00789	0.00453	0.02394	0.00853	0.01037	0.06918	0.09817	0.55750	0.12785	0.03344	0.00652	0.00194	0.00303	0.01204	0.00466	0.00442

[dist]
# distance from previous block
# <min> <max>
0	3

[block]
# block no. 5 follows, 51 sequences, length 12
# corresponding to MSA columns:
# 213-224
name=unknown_F
#
# <colnr> <probs for GDERKNQSTAVLIFYWHMCP>
#	G	D	E	R	K	N	Q	S	T	A	V	L	I	F	Y	W	H	M	C	P
0	0.01346	0.35622	0.10476	0.01225	0.03598	0.13036	0.10891	0.05978	0.07030	0.01450	0.00888	0.01023	0.00727	0.00486	0.00471	0.00135	0.04332	0.00366	0.00260	0.00658
1	0.01099	0.05567	0.01084	0.01033	0.09407	0.05667	0.00719	0.01711	0.28726	0.05180	0.08385	0.02438	0.19045	0.00765	0.00497	0.00153	0.00393	0.00636	0.06866	0.00630
2	0.01075	0.00874	0.00994	0.01006	0.07008	0.02633	0.00713	0.01840	0.38731	0.06039	0.11950	0.08163	0.13479	0.00847	0.00532	0.00166	0.00370	0.02455	0.00476	0.00650
3	0.01026	0.00854	0.00996	0.00899	0.01088	0.05009	0.04430	0.10062	0.15173	0.01747	0.10837	0.09019	0.08335	0.03355	0.09074	0.00241	0.03007	0.07992	0.06295	0.00562
4	0.00814	0.00448	0.00653	0.00653	0.00668	0.00463	0.00443	0.00687	0.00673	0.00911	0.01004	0.01751	0.01015	0.10766	0.14854	0.62655	0.00577	0.00474	0.00231	0.00259
5	0.05396	0.23541	0.01551	0.07448	0.01398	0.19847	0.02727	0.07473	0.01131	0.01374	0.00947	0.01325	0.00857	0.10234	0.10927	0.00251	0.00715	0.00397	0.00267	0.02194
6	0.30833	0.32500	0.01636	0.00852	0.01225	0.01539	0.00759	0.22210	0.01298	0.02045	0.00818	0.00898	0.00652	0.00479	0.00359	0.00133	0.00479	0.00313	0.00319	0.00652
7	0.10799	0.09932	0.03662	0.01118	0.10549	0.11693	0.00784	0.11467	0.03961	0.01598	0.01206	0.07699	0.01169	0.18977	0.03181	0.00237	0.00561	0.00523	0.00318	0.00568
8	0.01215	0.08515	0.13607	0.01303	0.08702	0.06706	0.08292	0.10871	0.04952	0.03699	0.01280	0.01522	0.05535	0.05420	0.05703	0.00207	0.06463	0.00472	0.00306	0.05228
9	0.03084	0.20074	0.05725	0.01335	0.16646	0.01115	0.06712	0.02696	0.05389	0.01541	0.10525	0.13410	0.01625	0.00825	0.03991	0.00176	0.00513	0.00605	0.03403	0.00608
10	0.03385	0.07556	0.13156	0.01187	0.02931	0.04654	0.14453	0.07199	0.01196	0.11332	0.04758	0.08325	0.03416	0.00813	0.05296	0.00188	0.02701	0.00549	0.00343	0.06561
11	0.05219	0.11605	0.06759	0.01318	0.11934	0.13368	0.07693	0.01554	0.03910	0.09085	0.03712	0.09330	0.03037	0.00644	0.00493	0.00147	0.01834	0.02660	0.00329	0.05370

[dist]
# distance from previous block
# <min> <max>
2	126

[block]
# block no. 6 follows, 51 sequences, length 17
# corresponding to MSA columns:
# 399-407,410-417
name=unknown_G
#
# <colnr> <probs for GDERKNQSTAVLIFYWHMCP>
#	G	D	E	R	K	N	Q	S	T	A	V	L	I	F	Y	W	H	M	C	P
0	0.07189	0.06617	0.07561	0.03842	0.08225	0.09346	0.10745	0.05516	0.07353	0.08595	0.01055	0.01247	0.00829	0.00785	0.06400	0.00205	0.13099	0.00434	0.00307	0.00652
1	0.01668	0.02153	0.07045	0.01455	0.05696	0.59899	0.09947	0.03843	0.01351	0.01340	0.00815	0.00972	0.00658	0.00492	0.00464	0.00135	0.00844	0.00360	0.00255	0.00609
2	0.01503	0.01241	0.01234	0.00986	0.01348	0.14026	0.02234	0.17920	0.11922	0.11574	0.01249	0.01342	0.00953	0.00532	0.00450	0.00125	0.00508	0.02310	0.00398	0.28145
3	0.01175	0.00953	0.01415	0.19513	0.17450	0.03010	0.03662	0.04834	0.01105	0.10386	0.06558	0.05704	0.01245	0.06046	0.02379	0.00199	0.12890	0.00545	0.00322	0.00611
4	0.00706	0.00513	0.00720	0.00720	0.00783	0.00576	0.00527	0.00833	0.00769	0.01089	0.01380	0.02285	0.01382	0.25483	0.59195	0.00703	0.01085	0.00578	0.00273	0.00400
5	0.14649	0.14469	0.15589	0.02148	0.02555	0.01176	0.12247	0.06432	0.01168	0.19113	0.01143	0.02647	0.00859	0.03128	0.00510	0.00158	0.00557	0.00429	0.00344	0.00682
6	0.11781	0.06260	0.01346	0.22235	0.01840	0.08461	0.00954	0.25831	0.01438	0.01963	0.01275	0.01566	0.05924	0.00618	0.00496	0.00155	0.02584	0.04295	0.00346	0.00631
7	0.00611	0.00448	0.00561	0.00637	0.00692	0.00412	0.00430	0.00706	0.00983	0.01290	0.07991	0.57917	0.16285	0.07676	0.00760	0.00212	0.00290	0.01250	0.00450	0.00398
8	0.00594	0.00444	0.00553	0.00640	0.00701	0.00403	0.00437	0.00689	0.00983	0.01272	0.03245	0.64055	0.21258	0.01470	0.00616	0.00192	0.00277	0.01312	0.00456	0.00403
9	0.01409	0.10807	0.10731	0.07160	0.17391	0.17576	0.07601	0.15264	0.02760	0.01706	0.00934	0.01115	0.00735	0.00550	0.02043	0.00155	0.00684	0.00401	0.00286	0.00691
10	0.01196	0.30015	0.09504	0.00992	0.06079	0.02285	0.00855	0.05963	0.06944	0.05092	0.01242	0.07467	0.01077	0.00750	0.04718	0.00168	0.00516	0.00460	0.14051	0.00625
11	0.00613	0.00484	0.00553	0.00568	0.00692	0.00424	0.00414	0.00756	0.01148	0.01471	0.22906	0.21430	0.44299	0.01250	0.00591	0.00170	0.00253	0.01079	0.00477	0.00424
12	0.01141	0.01198	0.02264	0.05486	0.16027	0.01246	0.41014	0.01544	0.06902	0.01525	0.01008	0.01346	0.00811	0.02361	0.00762	0.00177	0.13743	0.00525	0.00261	0.00659
13	0.01231	0.01213	0.02907	0.15735	0.16950	0.07642	0.18272	0.13817	0.01284	0.01689	0.01150	0.10439	0.01020	0.00614	0.00565	0.00161	0.03787	0.00568	0.00304	0.00651
14	0.00845	0.00725	0.01059	0.06308	0.20717	0.00726	0.02606	0.01089	0.06368	0.01372	0.02261	0.24498	0.14807	0.13384	0.00850	0.00217	0.00426	0.00855	0.00362	0.00523
15	0.01333	0.00692	0.01000	0.00858	0.01089	0.00623	0.06388	0.02921	0.01226	0.33792	0.09214	0.29713	0.07052	0.00988	0.00559	0.00170	0.00378	0.00879	0.00511	0.00614
16	0.04757	0.01109	0.01444	0.20942	0.16481	0.04598	0.01092	0.23088	0.01461	0.12238	0.01227	0.01583	0.00960	0.00589	0.00496	0.00157	0.00563	0.06139	0.00374	0.00703

[dist]
# distance from previous block
# <min> <max>
1	13

[block]
# block no. 7 follows, 51 sequences, length 19
# corresponding to MSA columns:
# 431-449
name=unknown_H
#
# <colnr> <probs for GDERKNQSTAVLIFYWHMCP>
#	G	D	E	R	K	N	Q	S	T	A	V	L	I	F	Y	W	H	M	C	P
0	0.09421	0.03348	0.03429	0.05733	0.31911	0.04779	0.03734	0.07513	0.06804	0.07159	0.01069	0.01272	0.00846	0.00734	0.06195	0.00197	0.04413	0.00433	0.00310	0.00698
1	0.01175	0.06877	0.05546	0.09520	0.52840	0.02519	0.02659	0.01466	0.01089	0.01533	0.00894	0.01162	0.00741	0.00436	0.00462	0.00137	0.00579	0.00407	0.00242	0.09715
2	0.01710	0.02086	0.05944	0.01425	0.09013	0.56642	0.01054	0.11139	0.01439	0.01491	0.00830	0.00968	0.00671	0.00518	0.00489	0.00135	0.03187	0.00349	0.00278	0.00630
3	0.00628	0.00450	0.00596	0.00664	0.00719	0.00418	0.00458	0.00757	0.01076	0.01469	0.25675	0.58831	0.03665	0.01379	0.00613	0.00186	0.00269	0.01245	0.00482	0.00418
4	0.00718	0.00442	0.00529	0.00595	0.00651	0.00425	0.00406	0.00848	0.00957	0.01436	0.02241	0.48709	0.02452	0.06835	0.00658	0.00189	0.00279	0.01021	0.30198	0.00413
5	0.00948	0.00894	0.01510	0.76099	0.08678	0.01097	0.01375	0.01273	0.00992	0.01280	0.00877	0.01304	0.00664	0.00488	0.00491	0.00163	0.00650	0.00437	0.00220	0.00562
6	0.00631	0.00493	0.00572	0.00566	0.00698	0.00434	0.00419	0.00797	0.01217	0.01592	0.36164	0.11704	0.40612	0.01172	0.00585	0.00164	0.00245	0.01009	0.00492	0.00434
7	0.00954	0.00495	0.00499	0.00485	0.00611	0.00501	0.00367	0.04233	0.01082	0.01883	0.01586	0.01806	0.01243	0.00573	0.00349	0.00116	0.00242	0.00457	0.82045	0.00473
8	0.00589	0.00466	0.00530	0.00582	0.00686	0.00408	0.00411	0.00696	0.01039	0.01295	0.03956	0.39715	0.45139	0.01377	0.00602	0.00181	0.00265	0.01199	0.00456	0.00408
9	0.01588	0.01507	0.03604	0.01123	0.01430	0.21811	0.00905	0.22589	0.28687	0.05863	0.01363	0.01348	0.01020	0.00605	0.00532	0.00152	0.04275	0.00449	0.00418	0.00730
10	0.05997	0.01330	0.01422	0.01095	0.01483	0.01466	0.00905	0.70754	0.02196	0.06649	0.01191	0.01184	0.00839	0.00584	0.00483	0.00148	0.00527	0.00436	0.00488	0.00821
11	0.00611	0.00455	0.00571	0.00646	0.00715	0.00415	0.00451	0.00724	0.01030	0.01347	0.10584	0.55258	0.19840	0.01418	0.00614	0.00189	0.00278	0.03978	0.00464	0.00411
12	0.74206	0.00934	0.00782	0.00679	0.00994	0.01048	0.00559	0.01580	0.00918	0.13315	0.00863	0.00923	0.00630	0.00478	0.00331	0.00152	0.00386	0.00299	0.00348	0.00576
13	0.01885	0.01349	0.01458	0.01118	0.01510	0.01483	0.00923	0.74181	0.02265	0.07007	0.01218	0.01205	0.00855	0.00591	0.00492	0.00148	0.00535	0.00445	0.00498	0.00836
14	0.01019	0.00873	0.01019	0.00728	0.01165	0.00655	0.00582	0.01237	0.01019	0.01601	0.00873	0.01019	0.00728	0.00364	0.00364	0.00073	0.00364	0.00291	0.00291	0.85734
15	0.00844	0.00555	0.00743	0.00757	0.00855	0.00536	0.01970	0.04830	0.01099	0.08362	0.10482	0.55025	0.02940	0.03678	0.00678	0.00197	0.01912	0.03596	0.00467	0.00473
16	0.00854	0.00427	0.00640	0.00640	0.00640	0.00427	0.00427	0.00640	0.00640	0.00854	0.00854	0.01494	0.00854	0.01707	0.01921	0.85702	0.00427	0.00427	0.00213	0.00213
17	0.00703	0.00524	0.00775	0.00775	0.00858	0.00606	0.00596	0.00868	0.00786	0.01130	0.01330	0.02004	0.01260	0.08181	0.76330	0.00772	0.01269	0.00537	0.00265	0.00431
18	0.04398	0.52849	0.10970	0.00947	0.01380	0.01698	0.00944	0.10492	0.09366	0.01560	0.00902	0.00973	0.00742	0.00473	0.00372	0.00124	0.00530	0.00326	0.00277	0.00677

[dist]
# distance from previous block
# <min> <max>
0	1

[block]
# block no. 8 follows, 51 sequences, length 21
# corresponding to MSA columns:
# 451-471
name=unknown_I
#
# <colnr> <probs for GDERKNQSTAVLIFYWHMCP>
#	G	D	E	R	K	N	Q	S	T	A	V	L	I	F	Y	W	H	M	C	P
0	0.01127	0.21901	0.34958	0.08810	0.13516	0.01354	0.07118	0.03123	0.01071	0.01472	0.00853	0.01052	0.00664	0.00452	0.00444	0.00143	0.00653	0.00374	0.00224	0.00692
1	0.05678	0.04792	0.04749	0.07596	0.03632	0.31608	0.02725	0.07657	0.09506	0.01523	0.00921	0.01094	0.00746	0.00580	0.00657	0.00154	0.15088	0.00388	0.00287	0.00619
2	0.00714	0.00479	0.00549	0.00549	0.00554	0.00484	0.00314	0.00723	0.00719	0.00963	0.01536	0.03148	0.01757	0.78558	0.06632	0.00493	0.00521	0.00705	0.00296	0.00305
3	0.20533	0.01053	0.01226	0.03949	0.01379	0.01107	0.06819	0.28761	0.01496	0.09189	0.02831	0.01401	0.04748	0.00563	0.00443	0.00144	0.00467	0.00444	0.05246	0.08202
4	0.02624	0.07678	0.39747	0.03806	0.11476	0.04633	0.12812	0.08541	0.01189	0.01665	0.00908	0.01094	0.00680	0.00466	0.00474	0.00151	0.00692	0.00403	0.00248	0.00712
5	0.01336	0.68472	0.09077	0.00929	0.01360	0.09391	0.00934	0.01526	0.01039	0.01195	0.00707	0.00819	0.00630	0.00433	0.00340	0.00111	0.00577	0.00276	0.00214	0.00633
6	0.00626	0.00453	0.00560	0.00630	0.00677	0.00422	0.00420	0.00709	0.00942	0.01236	0.05655	0.51177	0.13959	0.17557	0.00991	0.00248	0.00319	0.02605	0.00428	0.00385
7	0.00631	0.00484	0.00648	0.00685	0.00765	0.00443	0.03285	0.00746	0.01017	0.01335	0.10430	0.52624	0.18237	0.05386	0.00704	0.00201	0.00302	0.01213	0.00449	0.00413
8	0.01051	0.00992	0.01644	0.24101	0.44889	0.01067	0.01310	0.01319	0.01049	0.01448	0.01224	0.08059	0.04460	0.00600	0.00560	0.00160	0.04607	0.00543	0.00262	0.00655
9	0.00715	0.00476	0.00536	0.00536	0.00536	0.00476	0.00298	0.00715	0.00715	0.00953	0.01548	0.03216	0.01787	0.82729	0.02501	0.00476	0.00476	0.00715	0.00298	0.00298
10	0.00611	0.00443	0.00580	0.00685	0.00730	0.00412	0.00473	0.00709	0.00968	0.01275	0.02878	0.70943	0.09173	0.01504	0.00627	0.00199	0.00294	0.06633	0.00456	0.00404
11	0.02975	0.00897	0.00986	0.00881	0.01132	0.00984	0.00686	0.02141	0.50903	0.09238	0.17341	0.02301	0.05909	0.00752	0.00515	0.00163	0.00354	0.00633	0.00512	0.00698
12	0.00698	0.00612	0.00937	0.00831	0.01001	0.00553	0.13060	0.00874	0.01112	0.01443	0.14961	0.28171	0.31517	0.01164	0.00595	0.00175	0.00352	0.01052	0.00435	0.00458
13	0.00599	0.00428	0.00570	0.00684	0.00713	0.00399	0.00456	0.00684	0.00941	0.01254	0.02709	0.82409	0.03250	0.01540	0.00627	0.00200	0.00285	0.01397	0.00456	0.00399
14	0.01066	0.00987	0.01654	0.25377	0.45159	0.01050	0.01353	0.01358	0.01082	0.01483	0.01175	0.01929	0.01068	0.00599	0.00518	0.00164	0.00584	0.12466	0.00269	0.00660
15	0.11023	0.00940	0.01147	0.00898	0.01265	0.00906	0.00743	0.16167	0.01504	0.55285	0.01685	0.01603	0.01121	0.00611	0.00479	0.00153	0.00438	0.02689	0.00550	0.00793
16	0.01048	0.00805	0.00810	0.00714	0.00935	0.04643	0.00552	0.18321	0.01393	0.06905	0.03443	0.07226	0.45356	0.04834	0.00640	0.00175	0.00370	0.00834	0.00457	0.00539
17	0.00831	0.00554	0.00702	0.00645	0.00794	0.00514	0.00490	0.01101	0.04828	0.08256	0.62776	0.03524	0.11128	0.00979	0.00569	0.00156	0.00256	0.00855	0.00537	0.00504
18	0.00940	0.00889	0.01476	0.75207	0.03219	0.01124	0.01342	0.01250	0.00964	0.01250	0.00855	0.01292	0.00654	0.00520	0.00580	0.00168	0.07068	0.00436	0.00218	0.00545
19	0.01657	0.01849	0.01311	0.01161	0.01415	0.51524	0.00892	0.17295	0.01481	0.01579	0.00936	0.01117	0.00772	0.01042	0.13562	0.00239	0.00886	0.00376	0.00303	0.00603
20	0.01389	0.01198	0.01086	0.00949	0.01210	0.14091	0.00741	0.18068	0.32495	0.02086	0.01535	0.01541	0.01164	0.00603	0.00454	0.00144	0.00466	0.00471	0.19624	0.00684

[dist]
# distance from previous block
# <min> <max>
0	1

[block]
# block no. 9 follows, 51 sequences, length 19
# corresponding to MSA columns:
# 473-491
name=unknown_J
#
# <colnr> <probs for GDERKNQSTAVLIFYWHMCP>
#	G	D	E	R	K	N	Q	S	T	A	V	L	I	F	Y	W	H	M	C	P
0	0.01195	0.01117	0.00939	0.00901	0.01068	0.24179	0.00664	0.04879	0.06522	0.07591	0.07704	0.34459	0.04767	0.01010	0.00543	0.00165	0.00486	0.00858	0.00419	0.00535
1	0.01691	0.01109	0.01236	0.00971	0.01309	0.01175	0.00793	0.49997	0.01943	0.15558	0.09009	0.01742	0.06004	0.00671	0.00499	0.00149	0.00459	0.00530	0.04397	0.00758
2	0.00705	0.00499	0.00634	0.00600	0.00719	0.00461	0.00450	0.00931	0.01350	0.01926	0.69758	0.03595	0.08432	0.00986	0.00563	0.00152	0.00233	0.00866	0.06680	0.00461
3	0.00916	0.00458	0.00458	0.00458	0.00573	0.00458	0.00344	0.01145	0.01031	0.01832	0.01603	0.01832	0.01260	0.00573	0.00344	0.00115	0.00229	0.00458	0.85457	0.00458
4	0.00655	0.00448	0.00562	0.00631	0.00657	0.00434	0.00407	0.00724	0.00869	0.01184	0.02238	0.50570	0.02617	0.27007	0.04242	0.00305	0.00381	0.01104	0.04594	0.00372
5	0.00584	0.00486	0.00510	0.00530	0.00672	0.00412	0.00388	0.00702	0.01089	0.01315	0.04583	0.18252	0.66197	0.01296	0.00589	0.00172	0.00255	0.01100	0.00456	0.00412
6	0.01274	0.01081	0.01140	0.01011	0.01298	0.01246	0.00790	0.08627	0.72677	0.02139	0.01935	0.01781	0.01447	0.00661	0.00499	0.00165	0.00401	0.00547	0.00499	0.00782
7	0.00803	0.00573	0.00750	0.00806	0.00937	0.00562	0.00671	0.01069	0.05349	0.03783	0.12600	0.10455	0.12465	0.01253	0.00635	0.00202	0.00383	0.45756	0.00472	0.00474
8	0.01019	0.00873	0.01019	0.00728	0.01165	0.00655	0.00582	0.01237	0.01019	0.01601	0.00873	0.01019	0.00728	0.00364	0.00364	0.00073	0.00364	0.00291	0.00291	0.85734
9	0.00759	0.00553	0.00723	0.00786	0.00879	0.00558	0.00619	0.01012	0.06676	0.01449	0.10815	0.20975	0.02839	0.10934	0.03775	0.00258	0.00423	0.35077	0.00441	0.00447
10	0.01115	0.01150	0.01492	0.01280	0.01319	0.07742	0.03146	0.01237	0.00817	0.01192	0.00704	0.01118	0.00682	0.00990	0.06248	0.00241	0.68338	0.00431	0.00222	0.00538
11	0.00599	0.00428	0.00570	0.00684	0.00713	0.00399	0.00456	0.00684	0.00941	0.01254	0.02709	0.82409	0.03250	0.01540	0.00627	0.00200	0.00285	0.01397	0.00456	0.00399
12	0.00644	0.00483	0.00538	0.00546	0.00632	0.00441	0.00366	0.00732	0.00987	0.01260	0.12069	0.12568	0.34813	0.30310	0.01271	0.00279	0.00332	0.00944	0.00410	0.00377
13	0.01792	0.03290	0.01402	0.01110	0.01397	0.17004	0.04039	0.09932	0.03421	0.34113	0.01312	0.01320	0.00926	0.00622	0.00694	0.00158	0.15893	0.00441	0.00423	0.00713
14	0.01064	0.01015	0.01611	0.05928	0.35711	0.01163	0.02967	0.01275	0.00990	0.01435	0.05715	0.09062	0.01195	0.00720	0.00883	0.00176	0.27633	0.00557	0.00271	0.00629
15	0.00648	0.00481	0.00629	0.00670	0.00749	0.00485	0.00485	0.00775	0.00916	0.01234	0.02583	0.31261	0.17994	0.05928	0.29482	0.00414	0.00655	0.00948	0.03249	0.00414
16	0.01296	0.62366	0.16320	0.00974	0.01436	0.07964	0.01023	0.01525	0.01036	0.01231	0.00725	0.00840	0.00629	0.00435	0.00352	0.00116	0.00590	0.00285	0.00213	0.00643
17	0.07528	0.36167	0.12966	0.00912	0.01357	0.01365	0.00905	0.03837	0.04268	0.14209	0.01007	0.01051	0.00771	0.00468	0.00384	0.00123	0.00500	0.00335	0.00311	0.11536
18	0.01418	0.07128	0.03537	0.01245	0.05361	0.01307	0.10643	0.35593	0.10679	0.02269	0.05993	0.04350	0.04603	0.00647	0.00536	0.00154	0.02858	0.00543	0.00414	0.00723

[dist]
# distance from previous block
# <min> <max>
0	3

[block]
# block no. 10 follows, 51 sequences, length 22
# corresponding to MSA columns:
# 495-516
name=unknown_K
#
# <colnr> <probs for GDERKNQSTAVLIFYWHMCP>
#	G	D	E	R	K	N	Q	S	T	A	V	L	I	F	Y	W	H	M	C	P
0	0.00612	0.00437	0.00586	0.00700	0.00734	0.00411	0.00480	0.00708	0.00954	0.01270	0.02701	0.77012	0.03221	0.01527	0.00631	0.00201	0.00297	0.06660	0.00456	0.00403
1	0.00795	0.00550	0.00637	0.00591	0.00752	0.00515	0.00451	0.03028	0.01148	0.01687	0.22359	0.02869	0.19428	0.01182	0.09966	0.00213	0.00384	0.00690	0.24291	0.08464
2	0.01220	0.10756	0.01434	0.10399	0.09797	0.10860	0.04054	0.03632	0.01082	0.06559	0.01037	0.01443	0.00908	0.12544	0.03543	0.00198	0.01747	0.00425	0.00287	0.18076
3	0.01149	0.01099	0.01873	0.21377	0.61830	0.01150	0.01475	0.01449	0.01087	0.01524	0.00912	0.01238	0.00750	0.00450	0.00488	0.00150	0.00600	0.00438	0.00237	0.00724
4	0.00620	0.00488	0.00562	0.00583	0.00708	0.00430	0.00432	0.00765	0.01142	0.01457	0.20235	0.20423	0.43886	0.01260	0.00595	0.00174	0.00263	0.05079	0.00474	0.00424
5	0.00936	0.00860	0.01298	0.58486	0.02710	0.01034	0.01149	0.01418	0.14024	0.01398	0.01547	0.01802	0.10107	0.00610	0.00503	0.00165	0.00563	0.00528	0.00294	0.00569
6	0.01505	0.14828	0.01931	0.05836	0.11695	0.39647	0.14725	0.01719	0.01232	0.01315	0.00816	0.01013	0.00672	0.00467	0.00455	0.00135	0.00768	0.00377	0.00242	0.00621
7	0.00682	0.00554	0.00860	0.00852	0.00958	0.00517	0.09628	0.00824	0.01003	0.01321	0.02711	0.57872	0.10136	0.01361	0.00622	0.00195	0.00362	0.08673	0.00431	0.00437
