[name]
unknown

[dist]
# distance from previous block
# <min> <max>
0	324

[block]
# block no. 0 follows, 47 sequences, length 107
# corresponding to MSA columns:
# 333-439
name=unknown_A
#
# <colnr> <probs for GDERKNQSTAVLIFYWHMCP>
#	G	D	E	R	K	N	Q	S	T	A	V	L	I	F	Y	W	H	M	C	P
0	0.01032	0.02831	0.01495	0.67096	0.03163	0.01103	0.01311	0.01346	0.01050	0.04151	0.01042	0.01586	0.00832	0.04344	0.00616	0.00185	0.00657	0.02354	0.00259	0.03547
1	0.01267	0.01195	0.01413	0.04008	0.03800	0.14279	0.11547	0.09047	0.01232	0.02836	0.03009	0.05349	0.03166	0.13758	0.01033	0.00222	0.12127	0.00585	0.09551	0.00578
2	0.00807	0.00614	0.00863	0.00854	0.00965	0.00705	0.00660	0.02965	0.06379	0.01339	0.01547	0.07625	0.01463	0.03433	0.66385	0.00728	0.01226	0.00623	0.00318	0.00498
3	0.02145	0.00861	0.01162	0.00897	0.01281	0.00740	0.00736	0.02352	0.01467	0.68737	0.07926	0.01901	0.01544	0.00664	0.00523	0.00157	0.00425	0.00545	0.00621	0.05317
4	0.02025	0.01088	0.01329	0.01046	0.01434	0.01096	0.02259	0.21752	0.16210	0.43230	0.01840	0.01663	0.01233	0.00647	0.00526	0.00163	0.00479	0.00524	0.00584	0.00871
5	0.01312	0.00905	0.01092	0.00800	0.01240	0.00701	0.00642	0.01534	0.01157	0.16684	0.01198	0.03396	0.00945	0.00470	0.00420	0.00097	0.00395	0.00382	0.00379	0.66252
6	0.01043	0.00887	0.01039	0.00759	0.01189	0.00673	0.00603	0.01271	0.01102	0.01705	0.05225	0.02917	0.02592	0.00466	0.00408	0.00086	0.00374	0.00382	0.00330	0.76950
7	0.01289	0.01237	0.02114	0.03196	0.78450	0.01237	0.01598	0.01598	0.01186	0.01701	0.00980	0.01289	0.00825	0.00464	0.00516	0.00155	0.00619	0.00464	0.00258	0.00825
8	0.00983	0.00926	0.01562	0.80447	0.03587	0.01157	0.01446	0.01331	0.01041	0.01331	0.00926	0.01388	0.00694	0.00521	0.00521	0.00174	0.00694	0.00463	0.00231	0.00579
9	0.00757	0.00505	0.00568	0.00568	0.00568	0.00505	0.00316	0.00757	0.00757	0.01010	0.01641	0.03408	0.01893	0.81698	0.02651	0.00505	0.00505	0.00757	0.00316	0.00316
10	0.00744	0.00558	0.00837	0.00837	0.00930	0.00651	0.00651	0.00930	0.00837	0.01209	0.01395	0.02046	0.01302	0.03906	0.79635	0.00837	0.01395	0.00558	0.00279	0.00465
11	0.01241	0.01188	0.02027	0.15317	0.66704	0.01225	0.01574	0.01556	0.01163	0.01643	0.00971	0.01305	0.00804	0.00473	0.00516	0.00158	0.00631	0.00464	0.00254	0.00786
12	0.01487	0.01643	0.01947	0.05869	0.31936	0.26474	0.12162	0.03211	0.05636	0.01590	0.00996	0.01231	0.00806	0.00512	0.00540	0.00155	0.02353	0.00451	0.00281	0.00721
13	0.01402	0.01120	0.01199	0.01058	0.01366	0.01275	0.00829	0.06503	0.68460	0.07518	0.02071	0.01896	0.01533	0.00698	0.00529	0.00175	0.00422	0.00578	0.00537	0.00832
14	0.33446	0.01366	0.01255	0.01015	0.01385	0.07338	0.00830	0.42706	0.01786	0.02774	0.01018	0.01074	0.00748	0.00565	0.00442	0.00156	0.00536	0.00388	0.00427	0.00743
15	0.00723	0.00532	0.00676	0.00640	0.00769	0.00485	0.00480	0.00955	0.01440	0.02007	0.69490	0.04024	0.13649	0.01095	0.00614	0.00165	0.00248	0.00961	0.00563	0.00485
16	0.00638	0.00478	0.00592	0.00670	0.00744	0.00432	0.00462	0.00750	0.01081	0.01407	0.09265	0.56319	0.22249	0.01510	0.00649	0.00199	0.00288	0.01344	0.00490	0.00432
17	0.01384	0.01024	0.01166	0.00982	0.01224	0.01152	0.00778	0.34862	0.08200	0.02264	0.01413	0.01779	0.01179	0.10390	0.17700	0.00343	0.04764	0.00531	0.08192	0.00674
18	0.15323	0.01585	0.01364	0.01132	0.01482	0.20033	0.00904	0.37348	0.11625	0.02511	0.01172	0.01200	0.00873	0.00592	0.00478	0.00154	0.00612	0.00422	0.00430	0.00759
19	0.01563	0.57501	0.02343	0.01030	0.01421	0.25960	0.00927	0.01720	0.01187	0.01240	0.00749	0.00867	0.00669	0.00474	0.00376	0.00118	0.00675	0.00296	0.00237	0.00648
20	0.64338	0.01075	0.00970	0.00932	0.06447	0.02548	0.00694	0.07143	0.02453	0.08009	0.00906	0.00996	0.00680	0.00509	0.00371	0.00160	0.00443	0.00333	0.00359	0.00635
21	0.29323	0.01080	0.01521	0.22214	0.33315	0.01194	0.01213	0.01507	0.01049	0.01818	0.00881	0.01166	0.00704	0.00485	0.00452	0.00162	0.00566	0.00403	0.00273	0.00674
22	0.00746	0.00550	0.00798	0.00798	0.00877	0.00630	0.00602	0.00905	0.00825	0.01180	0.01431	0.02243	0.01388	0.15183	0.68475	0.00789	0.01266	0.00587	0.00284	0.00443
23	0.01045	0.02694	0.79000	0.01484	0.02254	0.01209	0.01924	0.01649	0.01099	0.01649	0.00935	0.01099	0.00660	0.00495	0.00495	0.00165	0.00770	0.00385	0.00220	0.00770
24	0.00683	0.00530	0.00621	0.00598	0.00745	0.00468	0.00449	0.00878	0.01346	0.01785	0.45696	0.04390	0.37583	0.01178	0.00615	0.00169	0.00254	0.01012	0.00533	0.00468
25	0.01171	0.00988	0.01070	0.00969	0.01225	0.01116	0.00750	0.02369	0.60526	0.02158	0.19107	0.02378	0.02332	0.00787	0.00549	0.00174	0.00375	0.00668	0.00540	0.00750
26	0.00634	0.00453	0.00604	0.00725	0.00755	0.00423	0.00483	0.00725	0.00997	0.01329	0.02870	0.81358	0.03444	0.01632	0.00665	0.00211	0.00302	0.01480	0.00483	0.00423
27	0.01392	0.82012	0.02729	0.00891	0.01337	0.02061	0.00891	0.01559	0.01058	0.01225	0.00724	0.00835	0.00668	0.00446	0.00334	0.00111	0.00557	0.00278	0.00223	0.00668
28	0.01420	0.01324	0.01945	0.01521	0.01775	0.03094	0.19568	0.23190	0.01394	0.01942	0.00941	0.01232	0.00768	0.00705	0.01073	0.00192	0.36403	0.00496	0.00322	0.00694
29	0.00983	0.00926	0.01562	0.80447	0.03587	0.01157	0.01446	0.01331	0.01041	0.01331	0.00926	0.01388	0.00694	0.00521	0.00521	0.00174	0.00694	0.00463	0.00231	0.00579
30	0.01289	0.01237	0.02114	0.03196	0.78450	0.01237	0.01598	0.01598	0.01186	0.01701	0.00980	0.01289	0.00825	0.00464	0.00516	0.00155	0.00619	0.00464	0.00258	0.00825
31	0.00634	0.00453	0.00604	0.00725	0.00755	0.00423	0.00483	0.00725	0.00997	0.01329	0.02870	0.81358	0.03444	0.01632	0.00665	0.00211	0.00302	0.01480	0.00483	0.00423
32	0.01289	0.01237	0.02114	0.03196	0.78450	0.01237	0.01598	0.01598	0.01186	0.01701	0.00980	0.01289	0.00825	0.00464	0.00516	0.00155	0.00619	0.00464	0.00258	0.00825
33	0.01295	0.01119	0.01178	0.01060	0.01354	0.01295	0.00824	0.02767	0.77509	0.02178	0.02120	0.01943	0.01590	0.00707	0.00530	0.00177	0.00412	0.00589	0.00530	0.00824
34	0.01080	0.00926	0.01080	0.00771	0.01234	0.00694	0.00617	0.01311	0.01080	0.01697	0.00926	0.01080	0.00771	0.00386	0.00386	0.00077	0.00386	0.00309	0.00309	0.84882
35	0.01391	0.01388	0.01828	0.14178	0.45223	0.13996	0.01387	0.08429	0.01320	0.01708	0.01030	0.03867	0.00872	0.00537	0.00514	0.00156	0.00668	0.00477	0.00287	0.00744
36	0.85377	0.01007	0.00765	0.00685	0.01007	0.01168	0.00564	0.01531	0.00886	0.02336	0.00725	0.00846	0.00564	0.00483	0.00322	0.00161	0.00403	0.00282	0.00322	0.00564
37	0.01468	0.00958	0.01196	0.01197	0.09779	0.00991	0.00832	0.10756	0.23663	0.20532	0.02096	0.19417	0.03060	0.00871	0.00557	0.00176	0.00434	0.00752	0.00515	0.00751
38	0.00956	0.00765	0.00922	0.00759	0.01074	0.00604	0.00575	0.01139	0.01061	0.03211	0.01607	0.28238	0.01686	0.00812	0.00483	0.00124	0.00359	0.00709	0.00375	0.54540
39	0.00757	0.00505	0.00568	0.00568	0.00568	0.00505	0.00316	0.00757	0.00757	0.01010	0.01641	0.03408	0.01893	0.81698	0.02651	0.00505	0.00505	0.00757	0.00316	0.00316
40	0.01084	0.00777	0.00938	0.00867	0.01056	0.00847	0.00665	0.01714	0.28073	0.08712	0.12580	0.02520	0.03315	0.10183	0.22283	0.00389	0.00668	0.02259	0.00454	0.00618
41	0.00726	0.00530	0.00682	0.00648	0.00772	0.00486	0.00485	0.00961	0.01444	0.02025	0.71534	0.05576	0.09991	0.01094	0.00615	0.00166	0.00248	0.00964	0.00565	0.00486
42	0.01127	0.01802	0.34923	0.16961	0.31783	0.01210	0.01709	0.01570	0.01122	0.01609	0.00950	0.01226	0.00730	0.00488	0.00508	0.00163	0.00697	0.00430	0.00237	0.00755
43	0.01980	0.01459	0.01563	0.01198	0.01615	0.01615	0.00990	0.76713	0.02448	0.03282	0.01250	0.01250	0.00886	0.00625	0.00521	0.00156	0.00573	0.00469	0.00521	0.00886
44	0.01045	0.02694	0.79000	0.01484	0.02254	0.01209	0.01924	0.01649	0.01099	0.01649	0.00935	0.01099	0.00660	0.00495	0.00495	0.00165	0.00770	0.00385	0.00220	0.00770
45	0.01080	0.00926	0.01080	0.00771	0.01234	0.00694	0.00617	0.01311	0.01080	0.01697	0.00926	0.01080	0.00771	0.00386	0.00386	0.00077	0.00386	0.00309	0.00309	0.84882
46	0.00634	0.00453	0.00604	0.00725	0.00755	0.00423	0.00483	0.00725	0.00997	0.01329	0.02870	0.81358	0.03444	0.01632	0.00665	0.00211	0.00302	0.01480	0.00483	0.00423
47	0.02336	0.00886	0.01209	0.00927	0.01329	0.00765	0.00765	0.02538	0.01491	0.78810	0.02055	0.01773	0.01289	0.00645	0.00524	0.00161	0.00443	0.00524	0.00645	0.00886
48	0.00625	0.00519	0.00547	0.00559	0.00714	0.00441	0.00412	0.00759	0.01182	0.01439	0.09404	0.14096	0.64830	0.01341	0.00621	0.00179	0.00267	0.01135	0.00489	0.00441
49	0.02336	0.00886	0.01209	0.00927	0.01329	0.00765	0.00765	0.02538	0.01491	0.78810	0.02055	0.01773	0.01289	0.00645	0.00524	0.00161	0.00443	0.00524	0.00645	0.00886
50	0.00694	0.00531	0.00636	0.00610	0.00751	0.00473	0.00457	0.00899	0.01372	0.01845	0.52189	0.04290	0.31051	0.01155	0.00615	0.00168	0.00252	0.00998	0.00541	0.00473
51	0.02264	0.00905	0.01213	0.00942	0.01335	0.00802	0.00779	0.06248	0.01529	0.72168	0.02039	0.01895	0.01331	0.00672	0.00531	0.00164	0.00451	0.03228	0.00632	0.00871
52	0.01284	0.01105	0.01169	0.01057	0.01347	0.01278	0.00825	0.02724	0.75574	0.02163	0.02136	0.02043	0.01625	0.00725	0.00535	0.00178	0.00414	0.02474	0.00529	0.00816
53	0.01045	0.02694	0.79000	0.01484	0.02254	0.01209	0.01924	0.01649	0.01099	0.01649	0.00935	0.01099	0.00660	0.00495	0.00495	0.00165	0.00770	0.00385	0.00220	0.00770
54	0.00820	0.00482	0.00615	0.00615	0.00615	0.00482	0.00374	0.00724	0.00724	0.00965	0.01326	0.02627	0.01470	0.47500	0.02387	0.36610	0.00482	0.00627	0.00277	0.00277
55	0.01447	0.65685	0.07562	0.00993	0.01435	0.12845	0.00975	0.01638	0.01119	0.01260	0.00749	0.00867	0.00668	0.00462	0.00364	0.00118	0.00624	0.00293	0.00229	0.00666
56	0.05334	0.01097	0.01388	0.01082	0.01448	0.04227	0.04682	0.14162	0.01543	0.49663	0.01648	0.01543	0.01091	0.00645	0.00625	0.00166	0.07797	0.00496	0.00540	0.00824
57	0.01229	0.01405	0.03073	0.02195	0.02722	0.01317	0.76558	0.01668	0.01229	0.01668	0.01054	0.01405	0.00790	0.00439	0.00615	0.00176	0.00878	0.00615	0.00263	0.00702
58	0.01276	0.01224	0.02091	0.06388	0.75357	0.01234	0.01592	0.01587	0.01180	0.01686	0.00977	0.01293	0.00819	0.00466	0.00516	0.00155	0.00622	0.00464	0.00257	0.00815
59	0.01196	0.35648	0.44316	0.01265	0.01890	0.01568	0.04391	0.01613	0.01087	0.01474	0.00852	0.01001	0.00668	0.00472	0.00433	0.00143	0.00685	0.00349	0.00223	0.00725
60	0.01081	0.01013	0.01200	0.01068	0.01175	0.06804	0.00854	0.01451	0.12938	0.01638	0.22139	0.02080	0.02035	0.01097	0.06538	0.00236	0.33305	0.00608	0.02160	0.00581
61	0.00628	0.00528	0.00545	0.00541	0.00711	0.00445	0.00406	0.00772	0.01217	0.01478	0.12936	0.04894	0.70533	0.01292	0.00615	0.00175	0.00262	0.01083	0.00493	0.00445
62	0.01152	0.27139	0.55494	0.01301	0.01971	0.01472	0.01606	0.01622	0.01087	0.01519	0.00870	0.01018	0.00662	0.00480	0.00445	0.00148	0.00704	0.00352	0.00221	0.00738
63	0.00983	0.00926	0.01562	0.80447	0.03587	0.01157	0.01446	0.01331	0.01041	0.01331	0.00926	0.01388	0.00694	0.00521	0.00521	0.00174	0.00694	0.00463	0.00231	0.00579
64	0.01990	0.01378	0.01508	0.01154	0.01571	0.01491	0.00953	0.66029	0.02298	0.11594	0.01329	0.01303	0.00927	0.00619	0.00517	0.00154	0.00553	0.00470	0.00528	0.03638
65	0.01307	0.01102	0.01637	0.37673	0.20727	0.01245	0.01314	0.13474	0.09353	0.05315	0.01166	0.01419	0.00876	0.00549	0.00521	0.00166	0.00616	0.00480	0.00333	0.00725
66	0.00839	0.00599	0.00839	0.00959	0.01079	0.00599	0.00839	0.01079	0.01199	0.01558	0.02757	0.05874	0.02997	0.01439	0.00719	0.00240	0.00480	0.74945	0.00480	0.00480
67	0.01103	0.01075	0.01504	0.01318	0.01333	0.01476	0.01103	0.01232	0.00846	0.01290	0.00932	0.01707	0.00961	0.00975	0.01590	0.00229	0.71123	0.09385	0.00258	0.00559
68	0.00632	0.00463	0.00594	0.00700	0.00749	0.00425	0.00472	0.00728	0.01021	0.01339	0.03177	0.71634	0.12971	0.01592	0.00658	0.00207	0.00297	0.01432	0.00483	0.00425
69	0.01687	0.01313	0.01398	0.01139	0.01503	0.01478	0.00919	0.45059	0.34580	0.02810	0.01622	0.01547	0.01187	0.00660	0.00525	0.00165	0.00504	0.00520	0.00525	0.00859
70	0.02336	0.00886	0.01209	0.00927	0.01329	0.00765	0.00765	0.02538	0.01491	0.78810	0.02055	0.01773	0.01289	0.00645	0.00524	0.00161	0.00443	0.00524	0.00645	0.00886
71	0.00634	0.00453	0.00604	0.00725	0.00755	0.00423	0.00483	0.00725	0.00997	0.01329	0.02870	0.81358	0.03444	0.01632	0.00665	0.00211	0.00302	0.01480	0.00483	0.00423
72	0.01333	0.00835	0.00872	0.00741	0.00969	0.00891	0.00589	0.28312	0.01579	0.02423	0.01538	0.01693	0.01174	0.00613	0.00420	0.00134	0.00361	0.00479	0.54415	0.00629
73	0.01276	0.01036	0.00983	0.00855	0.01016	0.10329	0.00606	0.24325	0.01365	0.01742	0.01420	0.02447	0.01436	0.46983	0.01733	0.00353	0.00578	0.00618	0.00373	0.00526
74	0.01295	0.01119	0.01178	0.01060	0.01354	0.01295	0.00824	0.02767	0.77509	0.02178	0.02120	0.01943	0.01590	0.00707	0.00530	0.00177	0.00412	0.00589	0.00530	0.00824
75	0.01845	0.00775	0.01042	0.00837	0.01145	0.00682	0.00669	0.02044	0.01437	0.55093	0.20392	0.02393	0.02204	0.06170	0.00688	0.00185	0.00400	0.00640	0.00605	0.00753
76	0.00618	0.00519	0.00537	0.00551	0.00710	0.00438	0.00406	0.00745	0.01164	0.01398	0.04987	0.14174	0.69263	0.01356	0.00621	0.00180	0.00268	0.01145	0.00484	0.00438
77	0.01392	0.82012	0.02729	0.00891	0.01337	0.02061	0.00891	0.01559	0.01058	0.01225	0.00724	0.00835	0.00668	0.00446	0.00334	0.00111	0.00557	0.00278	0.00223	0.00668
78	0.01945	0.02482	0.01476	0.01342	0.01610	0.79608	0.01006	0.02079	0.01476	0.01275	0.00805	0.00939	0.00671	0.00537	0.00470	0.00134	0.00939	0.00335	0.00268	0.00604
79	0.01080	0.00926	0.01080	0.00771	0.01234	0.00694	0.00617	0.01311	0.01080	0.01697	0.00926	0.01080	0.00771	0.00386	0.00386	0.00077	0.00386	0.00309	0.00309	0.84882
80	0.01816	0.02235	0.01424	0.01291	0.01542	0.67569	0.00977	0.04582	0.01434	0.01339	0.00871	0.01056	0.00736	0.00856	0.07694	0.00201	0.03137	0.00364	0.00277	0.00600
81	0.08365	0.01702	0.01538	0.06957	0.08837	0.32004	0.02311	0.13365	0.03055	0.01737	0.00904	0.01108	0.00736	0.00605	0.00691	0.00162	0.14550	0.00403	0.00307	0.00664
82	0.00769	0.00648	0.00978	0.00943	0.01024	0.00681	0.07486	0.00906	0.01026	0.01402	0.07489	0.55063	0.04929	0.01371	0.00809	0.00206	0.12158	0.01205	0.00432	0.00475
83	0.01472	0.01390	0.01832	0.01498	0.04518	0.08263	0.21574	0.17280	0.32160	0.02165	0.01497	0.01545	0.01122	0.00594	0.00545	0.00168	0.00625	0.00545	0.00423	0.00784
84	0.01289	0.01237	0.02114	0.03196	0.78450	0.01237	0.01598	0.01598	0.01186	0.01701	0.00980	0.01289	0.00825	0.00464	0.00516	0.00155	0.00619	0.00464	0.00258	0.00825
85	0.01057	0.06443	0.01156	0.00962	0.01129	0.01017	0.00770	0.01459	0.16019	0.05481	0.02113	0.21361	0.07766	0.01046	0.00825	0.00191	0.18210	0.07164	0.00416	0.05415
86	0.01392	0.82012	0.02729	0.00891	0.01337	0.02061	0.00891	0.01559	0.01058	0.01225	0.00724	0.00835	0.00668	0.00446	0.00334	0.00111	0.00557	0.00278	0.00223	0.00668
87	0.00774	0.00571	0.00754	0.00849	0.00972	0.00550	0.00715	0.00978	0.01178	0.01506	0.03287	0.12551	0.18556	0.01431	0.00693	0.00224	0.00419	0.53043	0.00481	0.00466
88	0.00722	0.00532	0.00676	0.00640	0.00769	0.00485	0.00480	0.00955	0.01440	0.02007	0.69436	0.04024	0.13703	0.01095	0.00614	0.00165	0.00248	0.00961	0.00563	0.00485
89	0.01945	0.02482	0.01476	0.01342	0.01610	0.79608	0.01006	0.02079	0.01476	0.01275	0.00805	0.00939	0.00671	0.00537	0.00470	0.00134	0.00939	0.00335	0.00268	0.00604
90	0.00745	0.00555	0.00823	0.00823	0.00912	0.00644	0.00634	0.00921	0.00833	0.01199	0.01407	0.02115	0.01332	0.07852	0.75729	0.00820	0.01350	0.00568	0.00281	0.00457
91	0.00632	0.00465	0.00592	0.00695	0.00747	0.00426	0.00470	0.00729	0.01026	0.01341	0.03242	0.69569	0.14994	0.01583	0.00657	0.00206	0.00296	0.01422	0.00483	0.00426
92	0.00664	0.00484	0.00626	0.00686	0.00758	0.00446	0.00478	0.00807	0.01161	0.01570	0.26297	0.50550	0.10689	0.01428	0.00645	0.00194	0.00281	0.01280	0.00511	0.00446
93	0.01914	0.02376	0.01464	0.01322	0.01597	0.72797	0.00996	0.04830	0.05368	0.01393	0.00888	0.01001	0.00725	0.00548	0.00474	0.00137	0.00899	0.00353	0.00291	0.00625
94	0.00748	0.00541	0.00752	0.00752	0.00816	0.00605	0.00545	0.00875	0.00812	0.01146	0.01473	0.02476	0.01489	0.28484	0.55312	0.00732	0.01114	0.00621	0.00291	0.00418
95	0.00853	0.00572	0.00644	0.00610	0.00794	0.00495	0.00464	0.01005	0.01238	0.10751	0.14109	0.04421	0.52623	0.05578	0.00719	0.00193	0.00304	0.03626	0.00505	0.00495
96	0.07789	0.01506	0.10560	0.01059	0.01481	0.17239	0.00932	0.08152	0.04432	0.23686	0.01282	0.01281	0.00911	0.00543	0.00468	0.00140	0.00580	0.00407	0.00412	0.17139
97	0.01295	0.01119	0.01178	0.01060	0.01354	0.01295	0.00824	0.02767	0.77509	0.02178	0.02120	0.01943	0.01590	0.00707	0.00530	0.00177	0.00412	0.00589	0.00530	0.00824
98	0.01392	0.82012	0.02729	0.00891	0.01337	0.02061	0.00891	0.01559	0.01058	0.01225	0.00724	0.00835	0.00668	0.00446	0.00334	0.00111	0.00557	0.00278	0.00223	0.00668
99	0.01385	0.01099	0.01180	0.01048	0.01352	0.01250	0.00819	0.02747	0.70943	0.08797	0.02114	0.01928	0.01564	0.00701	0.00529	0.00175	0.00415	0.00583	0.00540	0.00830
100	0.00702	0.00531	0.00647	0.00618	0.00756	0.00476	0.00464	0.00915	0.01391	0.01891	0.57084	0.04215	0.26127	0.01138	0.00615	0.00167	0.00251	0.00987	0.00547	0.00476
101	0.00634	0.00453	0.00604	0.00725	0.00755	0.00423	0.00483	0.00725	0.00997	0.01329	0.02870	0.81358	0.03444	0.01632	0.00665	0.00211	0.00302	0.01480	0.00483	0.00423
102	0.00756	0.00511	0.00599	0.00599	0.00610	0.00522	0.00355	0.00777	0.00767	0.01033	0.01612	0.03249	0.01824	0.72632	0.11623	0.00544	0.00609	0.00734	0.00311	0.00333
103	0.01195	0.01305	0.02516	0.01883	0.02211	0.01422	0.48131	0.01512	0.01066	0.01512	0.00914	0.01305	0.00750	0.00617	0.01027	0.00195	0.30982	0.00555	0.00250	0.00652
104	0.01271	0.00995	0.01143	0.00999	0.01223	0.05020	0.00797	0.29584	0.01477	0.01995	0.01310	0.01690	0.01113	0.02497	0.45766	0.00544	0.01062	0.00513	0.00370	0.00631
105	0.01527	0.49688	0.07637	0.01144	0.05390	0.05977	0.01027	0.18871	0.01409	0.01754	0.00877	0.00978	0.00726	0.00496	0.00405	0.00129	0.00599	0.00342	0.00295	0.00730
106	0.01380	0.37957	0.27158	0.01184	0.01699	0.09885	0.02689	0.04133	0.01171	0.04267	0.00871	0.01001	0.00698	0.00501	0.00467	0.00140	0.03493	0.00347	0.00253	0.00707

[dist]
# distance from previous block
# <min> <max>
0	1

[block]
# block no. 1 follows, 47 sequences, length 142
# corresponding to MSA columns:
# 441-569,571-580,583-585
name=unknown_B
#
# <colnr> <probs for GDERKNQSTAVLIFYWHMCP>
#	G	D	E	R	K	N	Q	S	T	A	V	L	I	F	Y	W	H	M	C	P
0	0.01065	0.07262	0.74607	0.01450	0.02201	0.01258	0.01865	0.01644	0.01097	0.01625	0.00922	0.01084	0.00660	0.00492	0.00486	0.00162	0.00757	0.00379	0.00220	0.00764
1	0.01183	0.01134	0.01889	0.06115	0.39625	0.01076	0.12493	0.01504	0.02393	0.01669	0.01135	0.03226	0.02626	0.00494	0.00505	0.00142	0.00585	0.00488	0.00285	0.21433
2	0.01331	0.43741	0.24711	0.07988	0.01813	0.05744	0.01240	0.01641	0.01112	0.05141	0.00872	0.01011	0.00698	0.00481	0.00413	0.00136	0.00645	0.00340	0.00246	0.00697
3	0.00634	0.00453	0.00604	0.00725	0.00755	0.00423	0.00483	0.00725	0.00997	0.01329	0.02870	0.81358	0.03444	0.01632	0.00665	0.00211	0.00302	0.01480	0.00483	0.00423
4	0.01168	0.01163	0.02031	0.02162	0.30293	0.01266	0.19458	0.01429	0.01045	0.01500	0.00990	0.01472	0.00882	0.06671	0.05161	0.00240	0.21615	0.00525	0.00257	0.00673
5	0.01219	0.23526	0.29663	0.04750	0.27799	0.01446	0.01518	0.01596	0.01115	0.01541	0.00893	0.01103	0.00719	0.00472	0.00459	0.00147	0.00659	0.00386	0.00234	0.00754
6	0.00646	0.00481	0.00654	0.00741	0.00795	0.00445	0.02198	0.00748	0.01019	0.01344	0.03038	0.72927	0.09870	0.01577	0.00659	0.00208	0.00312	0.01428	0.00478	0.00431
7	0.01229	0.01405	0.03073	0.02195	0.02722	0.01317	0.76558	0.01668	0.01229	0.01668	0.01054	0.01405	0.00790	0.00439	0.00615	0.00176	0.00878	0.00615	0.00263	0.00702
8	0.01132	0.01039	0.01338	0.15128	0.04530	0.08078	0.08963	0.06623	0.08740	0.01759	0.11869	0.06922	0.07317	0.00765	0.00599	0.00167	0.04609	0.00655	0.09162	0.00607
9	0.01617	0.02034	0.11540	0.01516	0.01917	0.40125	0.19867	0.01950	0.04620	0.06095	0.03118	0.01248	0.00891	0.00535	0.00519	0.00153	0.00832	0.00450	0.00303	0.00672
10	0.01046	0.02517	0.70470	0.01504	0.02231	0.01190	0.07304	0.01625	0.01123	0.01667	0.03904	0.01229	0.00832	0.00513	0.00508	0.00166	0.00757	0.00423	0.00237	0.00754
11	0.00905	0.00452	0.00678	0.00678	0.00678	0.00452	0.00452	0.00678	0.00678	0.00905	0.00905	0.01583	0.00905	0.01809	0.02035	0.84848	0.00452	0.00452	0.00226	0.00226
12	0.01423	0.55056	0.05770	0.00991	0.01412	0.06328	0.00938	0.05878	0.14790	0.01529	0.01016	0.01073	0.00844	0.00509	0.00394	0.00129	0.00564	0.00352	0.00296	0.00709
13	0.01080	0.00926	0.01080	0.00771	0.01234	0.00694	0.00617	0.01311	0.01080	0.01697	0.00926	0.01080	0.00771	0.00386	0.00386	0.00077	0.00386	0.00309	0.00309	0.84882
14	0.00658	0.00523	0.00591	0.00588	0.00733	0.00455	0.00435	0.00824	0.01266	0.01627	0.29375	0.11410	0.47149	0.01262	0.00619	0.00175	0.00261	0.01080	0.00513	0.00455
15	0.00644	0.00529	0.00567	0.00557	0.00721	0.00452	0.00418	0.00802	0.01254	0.01565	0.22220	0.04751	0.61195	0.01260	0.00615	0.00173	0.00260	0.01063	0.00504	0.00452
16	0.01348	0.19964	0.36215	0.01496	0.08764	0.04187	0.08112	0.01748	0.01170	0.10797	0.01032	0.01159	0.00764	0.00496	0.00474	0.00151	0.00685	0.00403	0.00280	0.00754
17	0.00905	0.00452	0.00678	0.00678	0.00678	0.00452	0.00452	0.00678	0.00678	0.00905	0.00905	0.01583	0.00905	0.01809	0.02035	0.84848	0.00452	0.00452	0.00226	0.00226
18	0.00810	0.00500	0.00547	0.00547	0.00578	0.00500	0.00328	0.00871	0.00841	0.01241	0.01655	0.03043	0.01754	0.61539	0.02082	0.00410	0.00440	0.00690	0.21266	0.00358
19	0.01945	0.02482	0.01476	0.01342	0.01610	0.79608	0.01006	0.02079	0.01476	0.01275	0.00805	0.00939	0.00671	0.00537	0.00470	0.00134	0.00939	0.00335	0.00268	0.00604
20	0.01209	0.01649	0.21266	0.02446	0.34760	0.01257	0.26448	0.01634	0.01179	0.01678	0.00993	0.01281	0.00773	0.00463	0.00543	0.00164	0.00741	0.00494	0.00250	0.00771
21	0.00983	0.00926	0.01562	0.80447	0.03587	0.01157	0.01446	0.01331	0.01041	0.01331	0.00926	0.01388	0.00694	0.00521	0.00521	0.00174	0.00694	0.00463	0.00231	0.00579
22	0.00747	0.00545	0.00773	0.00773	0.00844	0.00616	0.00572	0.00889	0.00818	0.01162	0.01453	0.02368	0.01442	0.22303	0.61428	0.00758	0.01184	0.00605	0.00288	0.00430
23	0.16676	0.19561	0.42421	0.01193	0.01779	0.04283	0.01382	0.04331	0.01114	0.01728	0.00857	0.00995	0.00653	0.00488	0.00428	0.00151	0.00655	0.00344	0.00252	0.00708
24	0.01067	0.00902	0.00970	0.00887	0.01128	0.00989	0.00684	0.02067	0.49412	0.02022	0.17006	0.02864	0.16059	0.00885	0.00561	0.00174	0.00354	0.00747	0.00530	0.00692
25	0.01775	0.05331	0.10733	0.01411	0.03148	0.60474	0.04551	0.03946	0.01425	0.01395	0.00843	0.00990	0.00683	0.00525	0.00476	0.00140	0.00887	0.00358	0.00267	0.00642
26	0.00638	0.00456	0.00607	0.00723	0.00756	0.00425	0.00484	0.00733	0.01012	0.01352	0.05160	0.79003	0.03489	0.01614	0.00663	0.00210	0.00300	0.01464	0.00486	0.00425
27	0.01467	0.01445	0.14496	0.01878	0.17643	0.02895	0.24694	0.04041	0.01311	0.18622	0.05289	0.01528	0.01102	0.00539	0.00549	0.00164	0.00671	0.00533	0.00363	0.00771
28	0.01551	0.01262	0.01898	0.02503	0.52662	0.01290	0.01375	0.20353	0.01526	0.08780	0.01140	0.01321	0.00880	0.00520	0.00518	0.00156	0.00592	0.00470	0.00357	0.00845
29	0.01381	0.01161	0.01226	0.01077	0.01387	0.01335	0.00845	0.12035	0.68101	0.02317	0.02011	0.01856	0.01501	0.00696	0.00529	0.00174	0.00432	0.00574	0.00529	0.00832
30	0.01046	0.27941	0.01475	0.00910	0.01145	0.02432	0.00809	0.01314	0.05170	0.01497	0.07509	0.08917	0.02273	0.01038	0.00565	0.00184	0.00480	0.34334	0.00400	0.00560
31	0.04122	0.24636	0.01739	0.01063	0.01413	0.23026	0.00889	0.20381	0.01582	0.06340	0.08971	0.01338	0.01195	0.00592	0.00457	0.00139	0.00623	0.00424	0.00373	0.00696
32	0.00641	0.00509	0.00580	0.00631	0.00753	0.00448	0.00463	0.00769	0.01124	0.01394	0.04251	0.30686	0.46656	0.01434	0.00641	0.00193	0.00295	0.07610	0.00483	0.00437
33	0.01274	0.01160	0.07901	0.05189	0.01456	0.01130	0.00900	0.16425	0.31756	0.04008	0.20692	0.02187	0.02146	0.00750	0.00545	0.00168	0.00448	0.00628	0.00499	0.00737
34	0.00965	0.00794	0.00951	0.00732	0.01081	0.00626	0.00575	0.01201	0.01212	0.01828	0.26828	0.02022	0.02160	0.00613	0.00462	0.00106	0.00339	0.00521	0.00397	0.56585
35	0.01086	0.00944	0.01156	0.00826	0.01291	0.00718	0.03528	0.01325	0.01086	0.01696	0.00931	0.01092	0.00772	0.00388	0.00394	0.00081	0.00405	0.00320	0.00307	0.81655
36	0.01317	0.01335	0.03324	0.01430	0.01788	0.09438	0.25602	0.09689	0.23229	0.01928	0.05644	0.05890	0.04213	0.00681	0.00584	0.00171	0.01990	0.00635	0.00401	0.00710
37	0.00716	0.00515	0.00610	0.00604	0.00682	0.00482	0.00406	0.00835	0.01110	0.01493	0.30034	0.09544	0.16687	0.32423	0.01408	0.00302	0.00354	0.00937	0.00451	0.00409
38	0.01627	0.01539	0.17162	0.01150	0.01634	0.01275	0.01084	0.35640	0.08498	0.10378	0.01296	0.01308	0.00926	0.00571	0.00496	0.00148	0.00556	0.00443	0.00440	0.13830
39	0.07432	0.08472	0.21450	0.01010	0.01528	0.01043	0.01021	0.05733	0.01213	0.14799	0.01104	0.01173	0.00812	0.00483	0.00436	0.00127	0.00521	0.00369	0.00347	0.30927
40	0.29555	0.11398	0.21694	0.01148	0.01615	0.11099	0.07870	0.01690	0.01108	0.05813	0.02159	0.01071	0.00744	0.00502	0.00429	0.00154	0.00626	0.00368	0.00292	0.00663
41	0.01385	0.44614	0.01949	0.00932	0.01286	0.01500	0.00856	0.01744	0.11231	0.11143	0.01488	0.02124	0.01341	0.00707	0.00462	0.00152	0.00508	0.15531	0.00368	0.00678
42	0.01593	0.01098	0.01763	0.05215	0.48523	0.01071	0.01294	0.01889	0.02590	0.25833	0.03062	0.01513	0.01070	0.00540	0.00521	0.00158	0.00555	0.00495	0.00390	0.00828
43	0.00941	0.00645	0.00865	0.00932	0.01079	0.00641	0.00801	0.04873	0.01278	0.04955	0.05551	0.07057	0.06609	0.01349	0.00691	0.00226	0.00459	0.60041	0.00492	0.00514
44	0.01584	0.01772	0.01906	0.03486	0.34327	0.33494	0.08519	0.05743	0.01373	0.01600	0.00928	0.01156	0.00759	0.00501	0.00507	0.00149	0.00774	0.00426	0.00276	0.00721
45	0.00643	0.00510	0.00578	0.00601	0.00730	0.00445	0.00436	0.00786	0.01194	0.01516	0.18429	0.23780	0.45813	0.01349	0.00627	0.00182	0.00270	0.01164	0.00500	0.00445
46	0.10740	0.01167	0.01329	0.01029	0.01430	0.01205	0.00850	0.37225	0.01877	0.35491	0.01540	0.01432	0.01025	0.00619	0.00502	0.00159	0.00500	0.00473	0.00553	0.00853
47	0.01271	0.01214	0.01855	0.28856	0.43717	0.05354	0.01472	0.07004	0.01245	0.01670	0.00972	0.01301	0.00777	0.00499	0.00515	0.00160	0.00658	0.00457	0.00269	0.00735
48	0.00865	0.00737	0.01070	0.01000	0.01064	0.00941	0.00801	0.01029	0.00825	0.01223	0.01176	0.01767	0.01112	0.02986	0.55693	0.00650	0.25774	0.00527	0.00263	0.00497
49	0.00693	0.00478	0.00587	0.00650	0.00666	0.00462	0.00403	0.00740	0.00883	0.01177	0.02283	0.44120	0.02703	0.39881	0.01613	0.00352	0.00399	0.01135	0.00403	0.00372
50	0.01309	0.01127	0.01664	0.07188	0.05799	0.01224	0.15566	0.23205	0.06071	0.02046	0.01535	0.12475	0.01422	0.00821	0.00697	0.00185	0.08602	0.07980	0.00398	0.00688
51	0.01980	0.01459	0.01563	0.01198	0.01615	0.01615	0.00990	0.76713	0.02448	0.03282	0.01250	0.01250	0.00886	0.00625	0.00521	0.00156	0.00573	0.00469	0.00521	0.00886
52	0.00886	0.00765	0.01103	0.01022	0.01080	0.00986	0.00820	0.01043	0.00821	0.01221	0.01145	0.01745	0.01091	0.04169	0.50460	0.00614	0.29744	0.00525	0.00261	0.00500
53	0.03403	0.03487	0.07149	0.01340	0.04467	0.35654	0.01077	0.33115	0.01825	0.02173	0.01003	0.01090	0.00763	0.00565	0.00489	0.00146	0.00745	0.00397	0.00370	0.00742
54	0.03430	0.05033	0.25209	0.01028	0.01364	0.00923	0.01014	0.01444	0.14847	0.01607	0.01970	0.35950	0.02030	0.01022	0.00562	0.00185	0.00482	0.00888	0.00393	0.00619
55	0.01590	0.22398	0.26358	0.01107	0.01628	0.01288	0.01172	0.02023	0.07988	0.27459	0.01361	0.01332	0.00955	0.00551	0.00466	0.00151	0.00574	0.00422	0.00390	0.00787
56	0.01515	0.00905	0.01076	0.00921	0.01212	0.00931	0.00727	0.02276	0.34370	0.27853	0.19752	0.02338	0.02260	0.00769	0.00547	0.00168	0.00384	0.00649	0.00578	0.00768
57	0.00634	0.00453	0.00604	0.00725	0.00755	0.00423	0.00483	0.00725	0.00997	0.01329	0.02870	0.81358	0.03444	0.01632	0.00665	0.00211	0.00302	0.01480	0.00483	0.00423
58	0.01112	0.01101	0.01513	0.01295	0.01327	0.03707	0.03922	0.01230	0.00831	0.01243	0.00827	0.01413	0.00836	0.09358	0.04676	0.00275	0.64053	0.00493	0.00241	0.00545
59	0.85377	0.01007	0.00765	0.00685	0.01007	0.01168	0.00564	0.01531	0.00886	0.02336	0.00725	0.00846	0.00564	0.00483	0.00322	0.00161	0.00403	0.00282	0.00322	0.00564
60	0.00743	0.00512	0.00587	0.00587	0.00612	0.00511	0.00352	0.00771	0.00804	0.01064	0.01960	0.03441	0.08993	0.67492	0.09069	0.00503	0.00559	0.00772	0.00328	0.00340
61	0.00793	0.00665	0.00976	0.00853	0.01046	0.00616	0.10040	0.01071	0.03844	0.01806	0.39465	0.03994	0.24238	0.01077	0.00621	0.00176	0.00356	0.07349	0.00500	0.00514
62	0.00754	0.00517	0.00632	0.00632	0.00654	0.00539	0.00395	0.00798	0.00776	0.01057	0.01583	0.03085	0.01753	0.63273	0.20885	0.00584	0.00716	0.00710	0.00307	0.00351
63	0.02336	0.00886	0.01209	0.00927	0.01329	0.00765	0.00765	0.02538	0.01491	0.78810	0.02055	0.01773	0.01289	0.00645	0.00524	0.00161	0.00443	0.00524	0.00645	0.00886
64	0.00737	0.00532	0.00696	0.00655	0.00778	0.00491	0.00491	0.00983	0.01474	0.02088	0.78175	0.03890	0.04914	0.01065	0.00614	0.00164	0.00246	0.00942	0.00573	0.00491
65	0.01374	0.77846	0.06735	0.00922	0.01385	0.02016	0.00945	0.01564	0.01060	0.01247	0.00735	0.00849	0.00668	0.00448	0.00343	0.00114	0.00568	0.00284	0.00223	0.00674
66	0.01257	0.01079	0.01145	0.01032	0.01315	0.01241	0.00802	0.02646	0.72339	0.02172	0.07290	0.02075	0.01816	0.00731	0.00536	0.00176	0.00401	0.00613	0.00533	0.00802
67	0.00635	0.00478	0.00588	0.00667	0.00742	0.00431	0.00459	0.00745	0.01075	0.01391	0.07493	0.56088	0.24293	0.01515	0.00648	0.00199	0.00289	0.01346	0.00488	0.00431
68	0.01289	0.01237	0.02114	0.03196	0.78450	0.01237	0.01598	0.01598	0.01186	0.01701	0.00980	0.01289	0.00825	0.00464	0.00516	0.00155	0.00619	0.00464	0.00258	0.00825
69	0.01980	0.01459	0.01563	0.01198	0.01615	0.01615	0.00990	0.76713	0.02448	0.03282	0.01250	0.01250	0.00886	0.00625	0.00521	0.00156	0.00573	0.00469	0.00521	0.00886
70	0.00667	0.00528	0.00600	0.00586	0.00736	0.00461	0.00438	0.00846	0.01304	0.01693	0.35991	0.06262	0.45600	0.01219	0.00616	0.00172	0.00257	0.01041	0.00521	0.00461
71	0.00660	0.00526	0.00594	0.00600	0.00747	0.00460	0.00451	0.00824	0.01246	0.01585	0.23850	0.11365	0.48797	0.01286	0.00625	0.00179	0.00274	0.04969	0.00507	0.00454
72	0.00637	0.00454	0.00603	0.00721	0.00751	0.00425	0.00480	0.00726	0.00991	0.01322	0.02842	0.79549	0.03408	0.03490	0.00711	0.00218	0.00307	0.01464	0.00480	0.00420
73	0.01955	0.00994	0.01214	0.00986	0.01351	0.00990	0.00796	0.06025	0.28178	0.48483	0.02040	0.01808	0.01376	0.00665	0.00526	0.00166	0.00438	0.00544	0.00599	0.00865
74	0.00856	0.00516	0.00596	0.00626	0.00701	0.00515	0.00454	0.01006	0.00993	0.01506	0.01945	0.05682	0.01961	0.29806	0.01268	0.00287	0.00390	0.16914	0.33556	0.00422
75	0.02336	0.00886	0.01209	0.00927	0.01329	0.00765	0.00765	0.02538	0.01491	0.78810	0.02055	0.01773	0.01289	0.00645	0.00524	0.00161	0.00443	0.00524	0.00645	0.00886
76	0.01123	0.00614	0.00715	0.00652	0.00829	0.00600	0.00502	0.01471	0.08116	0.12960	0.25284	0.02516	0.02451	0.00762	0.00479	0.00145	0.00287	0.00640	0.39281	0.00575
77	0.00701	0.00541	0.00610	0.00601	0.00762	0.00472	0.00460	0.00874	0.01276	0.03241	0.25829	0.04680	0.50776	0.01240	0.00620	0.00176	0.00277	0.05885	0.00512	0.00466
78	0.01291	0.58943	0.24911	0.01064	0.01603	0.01813	0.01192	0.01585	0.01070	0.01349	0.00785	0.00912	0.00666	0.00460	0.00381	0.00127	0.00619	0.00309	0.00222	0.00698
79	0.01112	0.01177	0.02354	0.39402	0.03133	0.01241	0.40844	0.01508	0.01140	0.01508	0.00993	0.01397	0.00745	0.00478	0.00570	0.00175	0.00791	0.00542	0.00248	0.00643
80	0.00898	0.00756	0.01166	0.17689	0.04084	0.00859	0.04735	0.01109	0.00997	0.01353	0.04314	0.02927	0.01687	0.15652	0.14803	0.00366	0.08531	0.17248	0.00325	0.00501
81	0.00627	0.00496	0.00565	0.00615	0.00727	0.00434	0.00435	0.00745	0.01116	0.01394	0.06425	0.37135	0.44560	0.01443	0.00636	0.00191	0.00279	0.01255	0.00486	0.00434
82	0.01508	0.01100	0.01245	0.01019	0.01362	0.01160	0.00815	0.18121	0.29896	0.12546	0.01651	0.04485	0.01264	0.00663	0.00563	0.00155	0.04434	0.00527	0.00484	0.17001
83	0.00799	0.00619	0.00755	0.00674	0.00865	0.00552	0.00513	0.01083	0.04817	0.01940	0.52892	0.03518	0.14044	0.00978	0.00575	0.00153	0.00277	0.00849	0.00518	0.13580
84	0.01144	0.25422	0.57145	0.01314	0.01991	0.01453	0.01628	0.01623	0.01088	0.01528	0.00874	0.01024	0.00662	0.00481	0.00449	0.00150	0.00709	0.00354	0.00221	0.00741
85	0.01229	0.01176	0.02005	0.18398	0.63718	0.01222	0.01568	0.01546	0.01157	0.01628	0.00969	0.01308	0.00799	0.00475	0.00517	0.00158	0.00634	0.00464	0.00253	0.00776
86	0.02336	0.00886	0.01209	0.00927	0.01329	0.00765	0.00765	0.02538	0.01491	0.78810	0.02055	0.01773	0.01289	0.00645	0.00524	0.00161	0.00443	0.00524	0.00645	0.00886
87	0.00843	0.00557	0.00725	0.00669	0.00813	0.00508	0.00507	0.01081	0.01464	0.07362	0.70122	0.03787	0.07474	0.01045	0.00608	0.00164	0.00260	0.00919	0.00575	0.00517
88	0.01601	0.00954	0.01547	0.01216	0.01561	0.00892	0.19557	0.03224	0.08148	0.35048	0.01971	0.18563	0.01642	0.00808	0.00577	0.00177	0.00521	0.00754	0.00503	0.00737
89	0.00634	0.00453	0.00604	0.00725	0.00755	0.00423	0.00483	0.00725	0.00997	0.01329	0.02870	0.81358	0.03444	0.01632	0.00665	0.00211	0.00302	0.01480	0.00483	0.00423
90	0.02216	0.01079	0.01328	0.01018	0.01426	0.01052	0.00841	0.27549	0.01814	0.53343	0.01783	0.01596	0.01153	0.00638	0.00523	0.00160	0.00487	0.00505	0.00603	0.00886
91	0.00983	0.00926	0.01562	0.80447	0.03587	0.01157	0.01446	0.01331	0.01041	0.01331	0.00926	0.01388	0.00694	0.00521	0.00521	0.00174	0.00694	0.00463	0.00231	0.00579
92	0.00634	0.00453	0.00604	0.00725	0.00755	0.00423	0.00483	0.00725	0.00997	0.01329	0.02870	0.81358	0.03444	0.01632	0.00665	0.00211	0.00302	0.01480	0.00483	0.00423
93	0.01045	0.02694	0.79000	0.01484	0.02254	0.01209	0.01924	0.01649	0.01099	0.01649	0.00935	0.01099	0.00660	0.00495	0.00495	0.00165	0.00770	0.00385	0.00220	0.00770
94	0.01045	0.02694	0.79000	0.01484	0.02254	0.01209	0.01924	0.01649	0.01099	0.01649	0.00935	0.01099	0.00660	0.00495	0.00495	0.00165	0.00770	0.00385	0.00220	0.00770
95	0.01058	0.05734	0.76077	0.01462	0.02219	0.01242	0.01884	0.01646	0.01098	0.01633	0.00926	0.01089	0.00660	0.00493	0.00489	0.00163	0.00761	0.00381	0.00220	0.00766
96	0.00749	0.00538	0.00735	0.00735	0.00793	0.00596	0.00524	0.00865	0.00807	0.01133	0.01488	0.02562	0.01526	0.33390	0.50457	0.00711	0.01058	0.00634	0.00293	0.00408
97	0.01229	0.01405	0.03073	0.02195	0.02722	0.01317	0.76558	0.01668	0.01229	0.01668	0.01054	0.01405	0.00790	0.00439	0.00615	0.00176	0.00878	0.00615	0.00263	0.00702
98	0.00991	0.00796	0.01260	0.01084	0.01291	0.00767	0.16546	0.09823	0.01264	0.04974	0.05285	0.44650	0.06703	0.01183	0.00627	0.00192	0.00456	0.01098	0.00452	0.00559
99	0.40022	0.01136	0.01518	0.02013	0.40784	0.01208	0.03094	0.01569	0.01049	0.01993	0.00864	0.01088	0.00704	0.00472	0.00429	0.00158	0.00526	0.00384	0.00288	0.00701
100	0.00933	0.00797	0.01041	0.00936	0.00936	0.01007	0.00695	0.00986	0.00776	0.01122	0.01200	0.02363	0.01336	0.44484	0.02217	0.00377	0.37467	0.00618	0.00275	0.00433
101	0.00905	0.00452	0.00678	0.00678	0.00678	0.00452	0.00452	0.00678	0.00678	0.00905	0.00905	0.01583	0.00905	0.01809	0.02035	0.84848	0.00452	0.00452	0.00226	0.00226
102	0.85377	0.01007	0.00765	0.00685	0.01007	0.01168	0.00564	0.01531	0.00886	0.02336	0.00725	0.00846	0.00564	0.00483	0.00322	0.00161	0.00403	0.00282	0.00322	0.00564
103	0.01060	0.01000	0.01676	0.61189	0.20268	0.01178	0.01465	0.01426	0.02987	0.01435	0.00968	0.01380	0.00746	0.00513	0.00520	0.00169	0.00670	0.00466	0.00245	0.00640
104	0.00737	0.00532	0.00696	0.00655	0.00778	0.00491	0.00491	0.00983	0.01474	0.02088	0.78175	0.03890	0.04914	0.01065	0.00614	0.00164	0.00246	0.00942	0.00573	0.00491
105	0.01045	0.02694	0.79000	0.01484	0.02254	0.01209	0.01924	0.01649	0.01099	0.01649	0.00935	0.01099	0.00660	0.00495	0.00495	0.00165	0.00770	0.00385	0.00220	0.00770
106	0.00905	0.00452	0.00678	0.00678	0.00678	0.00452	0.00452	0.00678	0.00678	0.00905	0.00905	0.01583	0.00905	0.01809	0.02035	0.84848	0.00452	0.00452	0.00226	0.00226
107	0.02291	0.00959	0.01254	0.00961	0.01366	0.00874	0.00794	0.12014	0.01613	0.69162	0.01952	0.01706	0.01238	0.00642	0.00523	0.00161	0.00460	0.00517	0.00629	0.00886
108	0.01139	0.01139	0.01595	0.01367	0.01367	0.01595	0.01139	0.01253	0.00798	0.01253	0.00684	0.01139	0.00684	0.00911	0.01709	0.00228	0.80745	0.00456	0.00228	0.00570
109	0.01383	0.79925	0.04736	0.00907	0.01361	0.02038	0.00918	0.01562	0.01059	0.01236	0.00730	0.00842	0.00668	0.00447	0.00338	0.00113	0.00563	0.00281	0.00223	0.00671
110	0.00663	0.00486	0.00612	0.00678	0.00748	0.00448	0.00470	0.00785	0.01100	0.01458	0.16095	0.48482	0.15617	0.06717	0.00780	0.00218	0.00305	0.03418	0.00488	0.00432
111	0.01835	0.01515	0.01874	0.01425	0.01848	0.11579	0.19057	0.40862	0.01924	0.10978	0.01234	0.01305	0.00879	0.00571	0.00537	0.00159	0.00679	0.00492	0.00440	0.00805
112	0.01143	0.01221	0.02535	0.18520	0.02731	0.01209	0.53487	0.01525	0.01167	0.01562	0.01119	0.01666	0.00901	0.00566	0.00655	0.03424	0.00800	0.04857	0.00268	0.00645
113	0.01030	0.01086	0.02245	0.01702	0.02062	0.01017	0.51050	0.01352	0.01151	0.01555	0.01663	0.28214	0.01680	0.00839	0.00631	0.00188	0.00685	0.00905	0.00337	0.00609
114	0.01201	0.38329	0.44734	0.01218	0.01842	0.01592	0.01460	0.01609	0.01081	0.01459	0.00840	0.00981	0.00664	0.00473	0.00423	0.00141	0.00674	0.00337	0.00221	0.00724
115	0.01054	0.00780	0.00911	0.00880	0.01037	0.00816	0.00648	0.21778	0.07130	0.01930	0.02368	0.53373	0.02602	0.01285	0.00615	0.00194	0.00385	0.01135	0.00497	0.00580
116	0.01229	0.01405	0.03073	0.02195	0.02722	0.01317	0.76558	0.01668	0.01229	0.01668	0.01054	0.01405	0.00790	0.00439	0.00615	0.00176	0.00878	0.00615	0.00263	0.00702
117	0.04370	0.00961	0.01242	0.00955	0.01357	0.00883	0.00789	0.11863	0.01596	0.67376	0.01920	0.01684	0.01220	0.00638	0.00518	0.00161	0.00458	0.00511	0.00621	0.00878
118	0.00983	0.00926	0.01562	0.80447	0.03587	0.01157	0.01446	0.01331	0.01041	0.01331	0.00926	0.01388	0.00694	0.00521	0.00521	0.00174	0.00694	0.00463	0.00231	0.00579
119	0.00640	0.00458	0.00601	0.00712	0.00744	0.00428	0.00473	0.00727	0.00989	0.01314	0.02862	0.75480	0.05111	0.05829	0.00768	0.00226	0.00312	0.01434	0.00475	0.00418
120	0.02206	0.01096	0.01339	0.01026	0.01434	0.01077	0.00848	0.29759	0.01842	0.51093	0.01759	0.01581	0.01141	0.00637	0.00523	0.00159	0.00491	0.00504	0.00599	0.00886
121	0.02310	0.00928	0.01235	0.00946	0.01350	0.00828	0.00782	0.07980	0.01561	0.73269	0.01996	0.01734	0.01259	0.00643	0.00523	0.00161	0.00453	0.00520	0.00635	0.00886
122	0.02276	0.00983	0.01268	0.00972	0.01378	0.00909	0.00803	0.15049	0.01652	0.66071	0.01919	0.01684	0.01221	0.00641	0.00523	0.00160	0.00465	0.00514	0.00624	0.00886
123	0.00718	0.00523	0.00676	0.00656	0.00771	0.00481	0.00485	0.00940	0.01404	0.01963	0.65447	0.12729	0.08970	0.01143	0.00620	0.00170	0.00253	0.01012	0.00558	0.00481
124	0.00656	0.00464	0.00607	0.00712	0.00741	0.00438	0.00473	0.00739	0.00973	0.01296	0.02713	0.69391	0.03237	0.11661	0.00915	0.00249	0.00333	0.03529	0.00462	0.00411
125	0.00774	0.00550	0.00684	0.00672	0.00693	0.00596	0.00436	0.00823	0.00778	0.01068	0.01534	0.02977	0.01694	0.59642	0.20229	0.00566	0.04923	0.00696	0.00303	0.00363
126	0.00697	0.00531	0.00641	0.00613	0.00753	0.00474	0.00460	0.00905	0.01380	0.01864	0.54216	0.04259	0.29012	0.01148	0.00615	0.00168	0.00252	0.00993	0.00544	0.00474
127	0.01026	0.00976	0.01404	0.01230	0.01267	0.01316	0.02487	0.01168	0.00817	0.01249	0.00897	0.01407	0.00865	0.01771	0.24288	0.00403	0.56154	0.00489	0.00243	0.00542
128	0.00722	0.00476	0.00576	0.00637	0.00668	0.00461	0.00407	0.00798	0.00921	0.01289	0.02272	0.42760	0.02610	0.30925	0.01357	0.00308	0.00369	0.01090	0.10963	0.00391
129	0.01945	0.02482	0.01476	0.01342	0.01610	0.79608	0.01006	0.02079	0.01476	0.01275	0.00805	0.00939	0.00671	0.00537	0.00470	0.00134	0.00939	0.00335	0.00268	0.00604
130	0.01346	0.00990	0.01179	0.19355	0.01728	0.01118	0.00881	0.26012	0.11863	0.02268	0.01430	0.01588	0.01074	0.00606	0.00474	0.00152	0.00478	0.00489	0.26284	0.00683
131	0.01826	0.01339	0.01438	0.01119	0.01484	0.01476	0.00905	0.67193	0.02237	0.02997	0.01299	0.01521	0.01012	0.10787	0.00788	0.00200	0.00565	0.00505	0.00495	0.00814
132	0.01475	0.05128	0.40742	0.01381	0.01927	0.27576	0.01465	0.11199	0.01393	0.01714	0.00924	0.01056	0.00692	0.00523	0.00484	0.00152	0.00795	0.00375	0.00274	0.00725
133	0.01579	0.01253	0.01278	0.01101	0.01306	0.18503	0.00876	0.04262	0.02600	0.21777	0.06839	0.01639	0.01271	0.02941	0.10422	0.00261	0.20540	0.00504	0.00395	0.00652
