[name]
unknown

[dist]
# distance from previous block
# <min> <max>
14	115

[block]
# block no. 0 follows, 50 sequences, length 43
# corresponding to MSA columns:
# 129-171
name=unknown_A
#
# <colnr> <probs for GDERKNQSTAVLIFYWHMCP>
#	G	D	E	R	K	N	Q	S	T	A	V	L	I	F	Y	W	H	M	C	P
0	0.01279	0.06182	0.32630	0.01213	0.01739	0.04985	0.09608	0.01662	0.02433	0.14155	0.01108	0.01268	0.00825	0.03845	0.00549	0.00153	0.00616	0.00412	0.00306	0.15032
1	0.01134	0.20483	0.03056	0.01040	0.07412	0.03876	0.03842	0.07279	0.01266	0.05713	0.21085	0.13022	0.03790	0.00778	0.00495	0.00146	0.00441	0.00662	0.00391	0.04087
2	0.01386	0.01086	0.12474	0.01004	0.01406	0.00783	0.08187	0.01674	0.02839	0.28584	0.03411	0.10258	0.05551	0.00672	0.00499	0.00145	0.00469	0.00585	0.00427	0.18561
3	0.01096	0.02243	0.01043	0.00921	0.01123	0.03993	0.03863	0.08620	0.12774	0.07056	0.03188	0.29510	0.02041	0.03609	0.00659	0.00184	0.03333	0.07014	0.00436	0.07296
4	0.01329	0.24693	0.12570	0.01048	0.01452	0.01357	0.05648	0.19457	0.06517	0.05181	0.10624	0.02945	0.03878	0.00616	0.00466	0.00143	0.00521	0.00495	0.00372	0.00691
5	0.08331	0.04360	0.17793	0.00806	0.01041	0.00735	0.00751	0.01051	0.00993	0.01469	0.15019	0.13887	0.03342	0.24057	0.01092	0.00257	0.00456	0.03724	0.00354	0.00483
6	0.22884	0.15983	0.34147	0.03216	0.01606	0.01231	0.02825	0.01459	0.00993	0.01659	0.03979	0.01122	0.00814	0.00685	0.05329	0.00188	0.00628	0.00363	0.00254	0.00634
7	0.01598	0.01141	0.04076	0.01224	0.10943	0.10564	0.02275	0.09144	0.04450	0.28515	0.06219	0.05102	0.02745	0.05124	0.00618	0.00171	0.00515	0.02151	0.00448	0.02976
8	0.01052	0.00987	0.06128	0.24052	0.14659	0.00945	0.01045	0.05212	0.01055	0.03691	0.01063	0.01547	0.00919	0.11501	0.07263	0.00239	0.02344	0.00459	0.00278	0.15560
9	0.03135	0.01446	0.24942	0.05680	0.07227	0.00979	0.04192	0.01562	0.11603	0.01655	0.01115	0.04101	0.00900	0.00502	0.00452	0.00133	0.00532	0.00424	0.00296	0.29124
10	0.09747	0.08407	0.01247	0.00928	0.01235	0.17909	0.00748	0.03676	0.01223	0.28489	0.01273	0.01376	0.00955	0.04182	0.08203	0.00215	0.02266	0.00414	0.00393	0.07116
11	0.00928	0.00810	0.01042	0.00959	0.01072	0.00959	0.02768	0.01379	0.20983	0.01458	0.03087	0.20017	0.06492	0.06699	0.08045	0.00266	0.21343	0.00767	0.00379	0.00546
12	0.00915	0.00781	0.01200	0.05667	0.13520	0.00767	0.08190	0.04305	0.04383	0.01740	0.28393	0.18998	0.02684	0.00888	0.00559	0.00162	0.00412	0.00816	0.00419	0.05200
13	0.01101	0.00884	0.01040	0.00747	0.01186	0.00668	0.00599	0.01320	0.01055	0.05970	0.00946	0.01070	0.00766	0.00383	0.00376	0.00078	0.00372	0.00307	0.00313	0.80817
14	0.01600	0.01082	0.01206	0.01010	0.01339	0.01181	0.00807	0.17223	0.45634	0.20434	0.01852	0.01692	0.01323	0.00647	0.00504	0.00162	0.00431	0.00527	0.00531	0.00814
15	0.00722	0.00496	0.00610	0.00610	0.00633	0.00519	0.00385	0.00767	0.00744	0.01016	0.01510	0.02926	0.01666	0.62203	0.22617	0.00565	0.00703	0.00676	0.00293	0.00339
16	0.01862	0.02376	0.01413	0.01284	0.01541	0.80482	0.00963	0.01990	0.01413	0.01220	0.00770	0.00899	0.00642	0.00514	0.00449	0.00128	0.00899	0.00321	0.00257	0.00578
17	0.00651	0.00452	0.00566	0.00638	0.00657	0.00434	0.00403	0.00705	0.00869	0.01159	0.02312	0.52961	0.02747	0.31508	0.01340	0.00306	0.00361	0.01161	0.00403	0.00367
18	0.02236	0.00848	0.01157	0.00887	0.01272	0.00733	0.00733	0.02429	0.01427	0.79719	0.01966	0.01697	0.01234	0.00617	0.00501	0.00154	0.00424	0.00501	0.00617	0.00848
19	0.02236	0.00848	0.01157	0.00887	0.01272	0.00733	0.00733	0.02429	0.01427	0.79719	0.01966	0.01697	0.01234	0.00617	0.00501	0.00154	0.00424	0.00501	0.00617	0.00848
20	0.00746	0.00584	0.00866	0.00846	0.00927	0.00704	0.00665	0.00918	0.00798	0.01161	0.01274	0.01881	0.01193	0.03483	0.73477	0.00749	0.08487	0.00525	0.00263	0.00454
21	0.00763	0.00523	0.00680	0.00633	0.00763	0.00479	0.00477	0.00992	0.01400	0.05138	0.72925	0.03685	0.07621	0.01013	0.00584	0.00157	0.00244	0.00891	0.00548	0.00484
22	0.01799	0.05542	0.01555	0.01317	0.01596	0.72460	0.05665	0.01946	0.01382	0.01241	0.00782	0.00922	0.00649	0.00504	0.00453	0.00130	0.00881	0.00335	0.00255	0.00586
23	0.01399	0.03627	0.01886	0.02537	0.57264	0.17979	0.01365	0.05124	0.01246	0.01599	0.00908	0.01150	0.00757	0.00465	0.00480	0.00143	0.00653	0.00414	0.00260	0.00743
24	0.01895	0.01396	0.01496	0.01147	0.01546	0.01546	0.00947	0.77711	0.02344	0.03141	0.01197	0.01197	0.00848	0.00598	0.00499	0.00150	0.00548	0.00449	0.00499	0.00848
25	0.01242	0.08253	0.27427	0.01291	0.04706	0.07731	0.05229	0.10641	0.02506	0.01684	0.00905	0.01073	0.00708	0.00510	0.00571	0.00142	0.08999	0.00378	0.00273	0.15730
26	0.01166	0.00997	0.01063	0.00977	0.01230	0.01143	0.00751	0.02422	0.69487	0.01991	0.02112	0.11167	0.01727	0.00779	0.00522	0.00173	0.00382	0.00662	0.00502	0.00744
27	0.00607	0.00437	0.00575	0.00686	0.00721	0.00406	0.00459	0.00695	0.00962	0.01275	0.02841	0.79006	0.06387	0.01549	0.00634	0.00201	0.00288	0.01402	0.00463	0.00406
28	0.01163	0.01304	0.02792	0.07684	0.06698	0.01246	0.68243	0.01571	0.01162	0.01576	0.00996	0.01338	0.00752	0.00427	0.00577	0.00167	0.00815	0.00571	0.00250	0.00670
29	0.04264	0.01326	0.02537	0.02292	0.24606	0.04391	0.49856	0.01588	0.01162	0.01614	0.00967	0.01276	0.00754	0.00432	0.00545	0.00160	0.00755	0.00525	0.00253	0.00698
30	0.00685	0.00470	0.00573	0.00624	0.00642	0.00459	0.00394	0.00732	0.00838	0.01116	0.02086	0.33540	0.02444	0.46592	0.01697	0.00360	0.00408	0.05616	0.00373	0.00351
31	0.00645	0.00494	0.00592	0.00602	0.00720	0.00441	0.00442	0.00810	0.01212	0.01601	0.34816	0.20199	0.31557	0.01227	0.00600	0.00172	0.00257	0.02675	0.00498	0.00439
32	0.01519	0.04043	0.12579	0.01675	0.15088	0.01345	0.16239	0.32905	0.01640	0.06420	0.01100	0.01227	0.00804	0.00516	0.00506	0.00153	0.00632	0.00462	0.00365	0.00782
33	0.00614	0.00444	0.00583	0.00691	0.00732	0.00413	0.00471	0.00709	0.00973	0.01286	0.02884	0.74353	0.07942	0.01536	0.00635	0.00201	0.00294	0.04368	0.00463	0.00408
34	0.86003	0.00964	0.00733	0.00655	0.00964	0.01118	0.00540	0.01465	0.00848	0.02236	0.00694	0.00810	0.00540	0.00463	0.00308	0.00154	0.00386	0.00270	0.00308	0.00540
35	0.00705	0.00510	0.00666	0.00627	0.00745	0.00470	0.00470	0.00941	0.01411	0.01999	0.79110	0.03723	0.04703	0.01019	0.00588	0.00157	0.00235	0.00901	0.00549	0.00470
36	0.01332	0.57706	0.17317	0.01014	0.01479	0.11254	0.01056	0.01569	0.01068	0.01256	0.00741	0.00860	0.00638	0.00446	0.00365	0.00119	0.00616	0.00293	0.00218	0.00651
37	0.00607	0.00434	0.00578	0.00694	0.00723	0.00405	0.00463	0.00694	0.00954	0.01272	0.02747	0.82157	0.03297	0.01562	0.00636	0.00202	0.00289	0.01417	0.00463	0.00405
38	0.01389	0.01298	0.01460	0.01228	0.01378	0.10954	0.01006	0.23078	0.01294	0.01753	0.00865	0.01151	0.00744	0.00927	0.06016	0.00224	0.43869	0.00432	0.00306	0.00629
39	0.01507	0.01229	0.01610	0.12060	0.23234	0.03441	0.01160	0.33606	0.01607	0.05300	0.01064	0.01247	0.00813	0.00644	0.02648	0.00173	0.07096	0.00447	0.00363	0.00752
40	0.00603	0.00481	0.00530	0.00567	0.00682	0.00419	0.00401	0.00709	0.01055	0.01302	0.04126	0.29088	0.50853	0.05984	0.00715	0.00197	0.00277	0.01148	0.00454	0.00409
41	0.01000	0.02578	0.79900	0.01421	0.02157	0.01158	0.01842	0.01579	0.01052	0.01579	0.00895	0.01052	0.00631	0.00474	0.00474	0.00158	0.00737	0.00368	0.00210	0.00737
42	0.01123	0.01071	0.01836	0.36810	0.39540	0.01166	0.06122	0.03617	0.01112	0.01516	0.00927	0.01281	0.00735	0.00471	0.00502	0.00157	0.00637	0.00453	0.00243	0.00682

[dist]
# distance from previous block
# <min> <max>
0	1

[block]
# block no. 1 follows, 50 sequences, length 23
# corresponding to MSA columns:
# 173-195
name=unknown_B
#
# <colnr> <probs for GDERKNQSTAVLIFYWHMCP>
#	G	D	E	R	K	N	Q	S	T	A	V	L	I	F	Y	W	H	M	C	P
0	0.01234	0.01184	0.02023	0.03059	0.79373	0.01184	0.01530	0.01530	0.01135	0.01628	0.00938	0.01234	0.00790	0.00444	0.00493	0.00148	0.00592	0.00444	0.00247	0.00790
1	0.78093	0.01097	0.00797	0.00715	0.01018	0.08580	0.00580	0.01515	0.00901	0.02141	0.00701	0.00818	0.00549	0.00467	0.00322	0.00152	0.00434	0.00275	0.00304	0.00543
2	0.00632	0.00458	0.00546	0.00616	0.00695	0.00415	0.00427	0.00744	0.01018	0.01350	0.03335	0.51314	0.25953	0.01379	0.00595	0.00184	0.00273	0.01218	0.08434	0.00415
3	0.32555	0.00906	0.00951	0.00742	0.01122	0.00847	0.00604	0.01602	0.01056	0.19758	0.01063	0.01103	0.00779	0.00460	0.00377	0.00122	0.00388	0.00333	0.00374	0.34858
4	0.01129	0.05297	0.28734	0.01902	0.09158	0.01250	0.42049	0.01580	0.01124	0.01575	0.00950	0.01213	0.00712	0.00441	0.00530	0.00160	0.00770	0.00488	0.00236	0.00703
5	0.00723	0.00489	0.00572	0.00572	0.00581	0.00499	0.00337	0.00743	0.00733	0.00987	0.01545	0.03119	0.01750	0.73881	0.11055	0.00518	0.00576	0.00704	0.00298	0.00318
6	0.00708	0.00522	0.00663	0.00632	0.00754	0.00486	0.00472	0.00961	0.03573	0.01919	0.67868	0.07450	0.10010	0.01053	0.00588	0.00160	0.00244	0.00927	0.00537	0.00473
7	0.00760	0.00473	0.00633	0.00712	0.00775	0.00436	0.00488	0.00857	0.00999	0.08648	0.02674	0.74592	0.03103	0.01473	0.00624	0.00198	0.00302	0.01331	0.00477	0.00447
8	0.28689	0.01227	0.04534	0.17183	0.20896	0.08609	0.05803	0.01553	0.04154	0.01732	0.00879	0.01108	0.00692	0.00476	0.00436	0.00154	0.00581	0.00387	0.00272	0.00633
9	0.00607	0.00434	0.00578	0.00694	0.00723	0.00405	0.00463	0.00694	0.00954	0.01272	0.02747	0.82157	0.03297	0.01562	0.00636	0.00202	0.00289	0.01417	0.00463	0.00405
10	0.01316	0.66510	0.10021	0.04460	0.01475	0.04316	0.00979	0.03692	0.01067	0.01275	0.00738	0.00862	0.00646	0.00442	0.00352	0.00116	0.00571	0.00291	0.00223	0.00649
11	0.00721	0.00484	0.00556	0.00567	0.00574	0.00482	0.00331	0.00736	0.00755	0.01005	0.01680	0.07842	0.01939	0.74616	0.02355	0.00457	0.00471	0.03796	0.00317	0.00314
12	0.01108	0.15510	0.62428	0.01320	0.01976	0.06341	0.01626	0.01591	0.01069	0.01490	0.00854	0.01002	0.00633	0.00469	0.00447	0.00148	0.00714	0.00349	0.00214	0.00711
13	0.01099	0.03519	0.07599	0.33914	0.35793	0.01180	0.06911	0.01435	0.01073	0.01468	0.00912	0.01254	0.00722	0.00466	0.00496	0.00156	0.00648	0.00443	0.00233	0.00679
14	0.01478	0.55914	0.02217	0.00998	0.01357	0.24956	0.00895	0.01627	0.01120	0.01188	0.00714	0.00840	0.00641	0.00470	0.00411	0.00118	0.03925	0.00289	0.00226	0.00618
15	0.00713	0.00525	0.00677	0.00682	0.00806	0.00489	0.00540	0.00931	0.01304	0.01776	0.49038	0.04357	0.15205	0.01145	0.00613	0.00177	0.00294	0.19754	0.00514	0.00460
16	0.01235	0.01196	0.02060	0.05754	0.58499	0.01229	0.10793	0.04850	0.01163	0.01649	0.00937	0.01240	0.00774	0.00478	0.00580	0.00156	0.05937	0.00461	0.00256	0.00753
17	0.02889	0.07017	0.05485	0.05343	0.02662	0.05781	0.02590	0.02791	0.01085	0.03974	0.00899	0.01056	0.00728	0.00423	0.00425	0.00101	0.02391	0.00328	0.00289	0.53742
18	0.00896	0.00781	0.01127	0.08790	0.01277	0.01009	0.00858	0.01067	0.00836	0.01251	0.03030	0.01597	0.01049	0.02035	0.34816	0.00452	0.32509	0.00492	0.05631	0.00497
19	0.00599	0.00466	0.00545	0.00607	0.00700	0.00412	0.00424	0.00704	0.01038	0.01306	0.03804	0.46642	0.38130	0.01424	0.00615	0.00187	0.00272	0.01249	0.00463	0.00412
20	0.00919	0.00760	0.01014	0.18386	0.01545	0.00838	0.02148	0.06783	0.14535	0.01575	0.02231	0.18716	0.11596	0.01222	0.07607	0.00235	0.00522	0.08415	0.00399	0.00552
21	0.00710	0.00477	0.00548	0.00563	0.00566	0.00473	0.00322	0.00721	0.00754	0.01005	0.01720	0.13271	0.02000	0.72216	0.02296	0.00448	0.00459	0.00813	0.00322	0.00315
22	0.00607	0.00434	0.00578	0.00694	0.00723	0.00405	0.00463	0.00694	0.00954	0.01272	0.02747	0.82157	0.03297	0.01562	0.00636	0.00202	0.00289	0.01417	0.00463	0.00405

[dist]
# distance from previous block
# <min> <max>
0	1

[block]
# block no. 2 follows, 50 sequences, length 114
# corresponding to MSA columns:
# 197-310
name=unknown_C
#
# <colnr> <probs for GDERKNQSTAVLIFYWHMCP>
#	G	D	E	R	K	N	Q	S	T	A	V	L	I	F	Y	W	H	M	C	P
0	0.01414	0.00992	0.01513	0.01443	0.14392	0.01026	0.10807	0.05589	0.08535	0.22094	0.14361	0.01823	0.01609	0.00668	0.00676	0.00165	0.11192	0.00564	0.00428	0.00707
1	0.01322	0.80282	0.05022	0.00871	0.01307	0.01947	0.00884	0.01495	0.01014	0.01185	0.00699	0.00807	0.00639	0.00428	0.00325	0.00108	0.00539	0.00270	0.00213	0.00643
2	0.00993	0.00986	0.01806	0.01392	0.01712	0.02199	0.38330	0.01366	0.06690	0.02875	0.11679	0.12876	0.11669	0.00796	0.00587	0.00172	0.00571	0.02343	0.00372	0.00585
3	0.80511	0.01056	0.00777	0.00697	0.01002	0.06299	0.00567	0.01499	0.00885	0.02170	0.00699	0.00816	0.00546	0.00466	0.00318	0.00153	0.00419	0.00273	0.00305	0.00542
4	0.00665	0.00498	0.00617	0.00608	0.00725	0.00450	0.00448	0.00855	0.01286	0.01750	0.51683	0.14650	0.21635	0.01149	0.00595	0.00166	0.00246	0.01006	0.00517	0.00450
5	0.01465	0.10413	0.03880	0.00966	0.02782	0.03488	0.00807	0.23900	0.01468	0.09584	0.01058	0.01120	0.00802	0.00476	0.00422	0.00113	0.00477	0.00363	0.00372	0.36042
6	0.01694	0.00909	0.01132	0.00845	0.01256	0.00770	0.00689	0.08107	0.01334	0.40018	0.01441	0.01372	0.00990	0.00509	0.00445	0.00119	0.00411	0.00409	0.00470	0.37081
7	0.05674	0.30250	0.35116	0.01108	0.01643	0.01417	0.01250	0.03680	0.03408	0.09309	0.00958	0.01044	0.00722	0.00487	0.00436	0.00141	0.02027	0.00350	0.00274	0.00705
8	0.01226	0.27027	0.05121	0.06295	0.03899	0.05969	0.03307	0.09918	0.01217	0.02927	0.03747	0.06704	0.02517	0.00710	0.00537	0.00153	0.05202	0.09751	0.03163	0.00611
9	0.00675	0.00468	0.00583	0.00630	0.00651	0.00465	0.00399	0.00728	0.00827	0.01111	0.02032	0.35569	0.02368	0.41614	0.09284	0.00398	0.00486	0.00991	0.00365	0.00358
10	0.84595	0.00962	0.00740	0.00659	0.00969	0.01112	0.00543	0.01481	0.00858	0.03540	0.00715	0.00825	0.00551	0.00465	0.00312	0.00154	0.00386	0.00274	0.00314	0.00545
11	0.01128	0.05323	0.39270	0.13874	0.10629	0.01141	0.04752	0.01545	0.01075	0.07915	0.02368	0.01248	0.00802	0.00615	0.03201	0.00180	0.03558	0.00421	0.00260	0.00695
12	0.00711	0.00509	0.00617	0.00659	0.00728	0.00490	0.00477	0.00814	0.00959	0.01242	0.04912	0.11721	0.15932	0.35171	0.01434	0.00320	0.00410	0.22115	0.00397	0.00382
13	0.00627	0.00482	0.00535	0.00563	0.00656	0.00432	0.00383	0.00716	0.00998	0.01248	0.04768	0.23522	0.41001	0.20563	0.01062	0.00251	0.00316	0.01062	0.00426	0.00389
14	0.01257	0.01079	0.01137	0.01018	0.01303	0.01248	0.00793	0.04648	0.76445	0.02113	0.02007	0.01842	0.01504	0.00674	0.00507	0.00169	0.00399	0.00560	0.00507	0.00791
15	0.01225	0.01175	0.02007	0.05499	0.77005	0.01182	0.01525	0.01522	0.01131	0.01617	0.00936	0.01237	0.00786	0.00446	0.00494	0.00149	0.00594	0.00444	0.00246	0.00782
16	0.01862	0.02376	0.01413	0.01284	0.01541	0.80482	0.00963	0.01990	0.01413	0.01220	0.00770	0.00899	0.00642	0.00514	0.00449	0.00128	0.00899	0.00321	0.00257	0.00578
17	0.00997	0.00855	0.00990	0.00719	0.01140	0.00644	0.00573	0.01211	0.01042	0.01601	0.01228	0.01343	0.07178	0.00442	0.00387	0.00082	0.00360	0.00357	0.00309	0.78542
18	0.00617	0.00438	0.00576	0.00682	0.00708	0.00411	0.00450	0.00697	0.00935	0.01247	0.02651	0.75680	0.03175	0.08205	0.00792	0.00225	0.00305	0.01360	0.00450	0.00396
19	0.00607	0.00481	0.00533	0.00568	0.00679	0.00422	0.00400	0.00713	0.01052	0.01303	0.05116	0.28355	0.48771	0.07764	0.00757	0.00203	0.00282	0.01136	0.00451	0.00407
20	0.00711	0.00478	0.00548	0.00561	0.00564	0.00474	0.00321	0.00721	0.00751	0.01002	0.01706	0.12378	0.01984	0.73132	0.02317	0.00451	0.00461	0.00805	0.00321	0.00314
21	0.01234	0.01184	0.02023	0.03059	0.79373	0.01184	0.01530	0.01530	0.01135	0.01628	0.00938	0.01234	0.00790	0.00444	0.00493	0.00148	0.00592	0.00444	0.00247	0.00790
22	0.00967	0.01962	0.53183	0.01191	0.01727	0.03487	0.01412	0.01415	0.01136	0.02929	0.16268	0.01818	0.06529	0.00646	0.00539	0.00159	0.03156	0.00518	0.00301	0.00656
23	0.01385	0.55551	0.07809	0.00966	0.01387	0.03601	0.00941	0.13021	0.02481	0.01530	0.00811	0.00917	0.00689	0.00479	0.00421	0.00122	0.03959	0.00315	0.00265	0.03351
24	0.00609	0.00449	0.00572	0.00668	0.00722	0.00412	0.00457	0.00706	0.00989	0.01290	0.03124	0.67526	0.15796	0.01508	0.00630	0.00197	0.00287	0.03186	0.00463	0.00409
25	0.17677	0.48166	0.06877	0.00901	0.01312	0.04476	0.02041	0.04147	0.02642	0.06609	0.00840	0.00923	0.00685	0.00463	0.00358	0.00127	0.00526	0.00308	0.00275	0.00648
26	0.01347	0.71678	0.04906	0.00899	0.01314	0.08136	0.00883	0.01520	0.01056	0.01211	0.02794	0.00893	0.00748	0.00451	0.00342	0.00111	0.00561	0.00291	0.00226	0.00633
27	0.00627	0.00455	0.00597	0.00703	0.00752	0.00424	0.00492	0.00732	0.00990	0.01302	0.02925	0.67564	0.09480	0.01517	0.00638	0.00203	0.00304	0.09421	0.00462	0.00412
28	0.01096	0.01739	0.30004	0.08387	0.04613	0.01209	0.42462	0.01562	0.01117	0.01565	0.00956	0.01237	0.00706	0.00446	0.00538	0.00164	0.00782	0.00495	0.00235	0.00688
29	0.01207	0.01036	0.01099	0.00991	0.01262	0.01193	0.00769	0.02544	0.73767	0.02080	0.06735	0.01973	0.01716	0.00697	0.00512	0.00168	0.00385	0.00584	0.00510	0.00769
30	0.00941	0.00886	0.01495	0.81285	0.03433	0.01107	0.01384	0.01274	0.00997	0.01274	0.00886	0.01329	0.00664	0.00498	0.00498	0.00166	0.00664	0.00443	0.00221	0.00554
31	0.00718	0.00537	0.00670	0.00643	0.00772	0.00504	0.00485	0.00994	0.05319	0.01878	0.60554	0.06525	0.14081	0.01063	0.00589	0.00163	0.00254	0.03246	0.00530	0.00478
32	0.01505	0.09688	0.14693	0.01190	0.01519	0.47881	0.01043	0.01734	0.02477	0.01275	0.00887	0.01115	0.00753	0.03561	0.08404	0.00210	0.00858	0.00362	0.00251	0.00592
33	0.00712	0.00534	0.00801	0.00801	0.00890	0.00623	0.00623	0.00890	0.00801	0.01157	0.01335	0.01958	0.01246	0.03738	0.80507	0.00801	0.01335	0.00534	0.00267	0.00445
34	0.00618	0.00441	0.00590	0.00706	0.00740	0.00414	0.00481	0.00712	0.00965	0.01284	0.02741	0.78066	0.03274	0.01552	0.00639	0.00204	0.00298	0.05405	0.00462	0.00408
35	0.01140	0.03444	0.20908	0.13924	0.23593	0.04561	0.15603	0.01507	0.01080	0.01494	0.00897	0.01189	0.00706	0.00493	0.00595	0.00161	0.07344	0.00442	0.00232	0.00687
36	0.01944	0.01317	0.01447	0.01109	0.01506	0.01428	0.00916	0.66830	0.02211	0.14210	0.01308	0.01269	0.00903	0.00601	0.00499	0.00150	0.00531	0.00456	0.00516	0.00848
37	0.01234	0.01184	0.02023	0.03059	0.79373	0.01184	0.01530	0.01530	0.01135	0.01628	0.00938	0.01234	0.00790	0.00444	0.00493	0.00148	0.00592	0.00444	0.00247	0.00790
38	0.03238	0.01170	0.01631	0.43358	0.22795	0.11213	0.03682	0.02833	0.01111	0.01427	0.00924	0.02738	0.00746	0.00504	0.00492	0.00157	0.00665	0.00446	0.00245	0.00624
39	0.00725	0.00483	0.00544	0.00544	0.00544	0.00483	0.00302	0.00725	0.00725	0.00966	0.01571	0.03262	0.01812	0.82483	0.02537	0.00483	0.00483	0.00725	0.00302	0.00302
40	0.01320	0.01028	0.01153	0.00993	0.01259	0.01130	0.02009	0.30511	0.26788	0.02299	0.06559	0.17668	0.01827	0.00853	0.00539	0.00169	0.00431	0.02265	0.00493	0.00707
41	0.01158	0.19740	0.01464	0.02343	0.09934	0.03317	0.00769	0.02509	0.01101	0.05744	0.03909	0.09100	0.03911	0.00583	0.00426	0.00117	0.00441	0.00478	0.00320	0.32634
42	0.01096	0.07562	0.59366	0.01366	0.03682	0.01146	0.05239	0.01585	0.01099	0.06668	0.04329	0.01280	0.02365	0.00515	0.00478	0.00155	0.00674	0.00418	0.00259	0.00718
43	0.01514	0.02979	0.16259	0.01532	0.02022	0.07604	0.33614	0.01868	0.01244	0.24460	0.01243	0.01348	0.00862	0.00495	0.00526	0.00158	0.00699	0.00495	0.00351	0.00727
44	0.00720	0.00626	0.00852	0.26813	0.01583	0.00650	0.00722	0.00926	0.01118	0.01405	0.13358	0.07423	0.39975	0.00997	0.00562	0.00168	0.00386	0.00852	0.00396	0.00470
45	0.01234	0.01199	0.07034	0.02881	0.01903	0.01098	0.35365	0.03835	0.17811	0.08944	0.07774	0.03020	0.01342	0.00577	0.00544	0.00164	0.00608	0.00589	0.03387	0.00692
46	0.00981	0.03924	0.06625	0.64141	0.03032	0.01180	0.01352	0.01338	0.03424	0.01309	0.00897	0.01289	0.00688	0.00530	0.00584	0.00168	0.07298	0.00435	0.00229	0.00575
47	0.00589	0.00505	0.00505	0.00505	0.00673	0.00421	0.00379	0.00715	0.01136	0.01347	0.05049	0.04797	0.79171	0.01262	0.00589	0.00168	0.00252	0.01052	0.00463	0.00421
48	0.00670	0.00482	0.00600	0.00617	0.00691	0.00449	0.00425	0.00804	0.01113	0.01516	0.34119	0.26281	0.11008	0.17780	0.00999	0.00237	0.00303	0.01028	0.00465	0.00412
49	0.04083	0.01033	0.01160	0.01135	0.07655	0.01159	0.00816	0.05343	0.57365	0.04495	0.07085	0.01926	0.03180	0.00680	0.00506	0.00165	0.00404	0.00570	0.00484	0.00756
50	0.01170	0.01132	0.01819	0.16637	0.32549	0.03761	0.11175	0.06376	0.01143	0.01565	0.01043	0.06581	0.00919	0.00643	0.02049	0.00176	0.09797	0.00524	0.00271	0.00669
51	0.01811	0.10082	0.01527	0.01243	0.01516	0.72957	0.00953	0.01943	0.01374	0.01215	0.00763	0.00889	0.00642	0.00505	0.00437	0.00126	0.00864	0.00316	0.00253	0.00584
52	0.01034	0.00886	0.01034	0.00738	0.01181	0.00664	0.00591	0.01255	0.01034	0.01624	0.00886	0.01034	0.00738	0.00369	0.00369	0.00074	0.00369	0.00295	0.00295	0.85530
53	0.00762	0.00561	0.00765	0.00850	0.07150	0.00595	0.00528	0.00855	0.00788	0.01095	0.01427	0.02588	0.01508	0.45109	0.32706	0.00579	0.00824	0.00628	0.00284	0.00398
54	0.00866	0.00433	0.00649	0.00649	0.00649	0.00433	0.00433	0.00649	0.00649	0.00866	0.00866	0.01515	0.00866	0.01732	0.01948	0.85498	0.00433	0.00433	0.00216	0.00216
55	0.00607	0.00435	0.00577	0.00690	0.00722	0.00405	0.00461	0.00695	0.00958	0.01274	0.02798	0.80447	0.04975	0.01555	0.00635	0.00202	0.00288	0.01409	0.00463	0.00405
56	0.01032	0.00892	0.00939	0.00987	0.01142	0.12244	0.00836	0.06457	0.01268	0.01566	0.02268	0.04632	0.02406	0.01198	0.00641	0.00209	0.00529	0.59818	0.00432	0.00503
57	0.00691	0.00482	0.00571	0.00590	0.00620	0.00478	0.00368	0.00735	0.00810	0.01072	0.02075	0.16272	0.09427	0.53520	0.09799	0.00438	0.00514	0.00851	0.00340	0.00345
58	0.01901	0.01547	0.01469	0.01161	0.01535	0.15219	0.00942	0.61897	0.02149	0.05525	0.01150	0.01163	0.00826	0.00584	0.00490	0.00146	0.00605	0.00428	0.00461	0.00801
59	0.01240	0.01071	0.01127	0.01014	0.01296	0.01240	0.00789	0.02649	0.78473	0.02085	0.02029	0.01860	0.01522	0.00676	0.00507	0.00169	0.00394	0.00564	0.00507	0.00789
60	0.01079	0.01051	0.01833	0.40627	0.30928	0.01173	0.09015	0.01395	0.01053	0.01431	0.00905	0.01283	0.00719	0.00491	0.00566	0.00162	0.04947	0.00458	0.00234	0.00651
61	0.01020	0.00928	0.01495	0.74705	0.03278	0.01143	0.01348	0.07549	0.01107	0.01427	0.00911	0.01318	0.00679	0.00507	0.00498	0.00165	0.00655	0.00443	0.00244	0.00578
62	0.00622	0.00506	0.00550	0.00539	0.00693	0.00435	0.00404	0.00779	0.01213	0.01530	0.25870	0.04495	0.58236	0.01194	0.00589	0.00165	0.00248	0.01010	0.00487	0.00435
63	0.01333	0.82783	0.02612	0.00853	0.01279	0.01972	0.00853	0.01493	0.01013	0.01173	0.00693	0.00800	0.00640	0.00426	0.00320	0.00107	0.00533	0.00267	0.00213	0.00640
64	0.01010	0.00957	0.01644	0.60239	0.18294	0.01115	0.04998	0.01337	0.01034	0.01372	0.00919	0.01323	0.00708	0.00486	0.00498	0.00161	0.00648	0.00451	0.02203	0.00604
65	0.00941	0.00886	0.01495	0.81285	0.03433	0.01107	0.01384	0.01274	0.00997	0.01274	0.00886	0.01329	0.00664	0.00498	0.00498	0.00166	0.00664	0.00443	0.00221	0.00554
66	0.00607	0.00434	0.00578	0.00694	0.00723	0.00405	0.00463	0.00694	0.00954	0.01272	0.02747	0.82157	0.03297	0.01562	0.00636	0.00202	0.00289	0.01417	0.00463	0.00405
67	0.82429	0.01032	0.04062	0.00688	0.01014	0.01120	0.00595	0.01470	0.00857	0.02209	0.00702	0.00820	0.00544	0.00463	0.00315	0.00154	0.00400	0.00274	0.00304	0.00548
68	0.00738	0.00537	0.00765	0.00757	0.00820	0.00614	0.00563	0.00852	0.00774	0.01101	0.01325	0.02155	0.01311	0.19085	0.56889	0.06556	0.03923	0.00561	0.00269	0.00404
69	0.00725	0.00483	0.00544	0.00544	0.00544	0.00483	0.00302	0.00725	0.00725	0.00966	0.01571	0.03262	0.01812	0.82483	0.02537	0.00483	0.00483	0.00725	0.00302	0.00302
70	0.01176	0.01345	0.02941	0.02101	0.02605	0.01261	0.77563	0.01597	0.01176	0.01597	0.01008	0.01345	0.00756	0.00420	0.00588	0.00168	0.00840	0.00588	0.00252	0.00672
71	0.01277	0.01273	0.01957	0.05251	0.70714	0.07692	0.01479	0.01560	0.01154	0.01584	0.00922	0.01209	0.00774	0.00451	0.00490	0.00147	0.00619	0.00434	0.00247	0.00765
72	0.01160	0.01979	0.41055	0.01235	0.01722	0.13042	0.01322	0.01847	0.21280	0.01632	0.01324	0.07898	0.01084	0.00622	0.00492	0.00160	0.00635	0.00498	0.00315	0.00699
73	0.00725	0.00483	0.00544	0.00544	0.00544	0.00483	0.00302	0.00725	0.00725	0.00966	0.01571	0.03262	0.01812	0.82483	0.02537	0.00483	0.00483	0.00725	0.00302	0.00302
74	0.02673	0.03654	0.04003	0.26240	0.13542	0.02344	0.10078	0.06857	0.01151	0.06279	0.03708	0.05306	0.01011	0.00654	0.01963	0.00176	0.08911	0.00515	0.00297	0.00636
75	0.00607	0.00434	0.00578	0.00694	0.00723	0.00405	0.00463	0.00694	0.00954	0.01272	0.02747	0.82157	0.03297	0.01562	0.00636	0.00202	0.00289	0.01417	0.00463	0.00405
76	0.01701	0.01333	0.07435	0.02617	0.01487	0.06362	0.00931	0.36809	0.10442	0.16962	0.07559	0.01537	0.01268	0.00627	0.00502	0.00153	0.00523	0.00493	0.00482	0.00779
77	0.83190	0.00978	0.00758	0.00672	0.00983	0.01132	0.00553	0.04016	0.00898	0.02267	0.00711	0.00823	0.00550	0.00467	0.00315	0.00154	0.00391	0.00276	0.00315	0.00550
78	0.01545	0.20259	0.01707	0.01176	0.02666	0.27935	0.00958	0.05866	0.02588	0.07654	0.00867	0.01031	0.00722	0.00604	0.00745	0.00152	0.22248	0.00367	0.00283	0.00627
79	0.01193	0.49154	0.35017	0.01091	0.01647	0.01631	0.01267	0.01529	0.01029	0.01343	0.00777	0.00906	0.00636	0.00446	0.00384	0.00128	0.00618	0.00309	0.00212	0.00680
80	0.00673	0.00487	0.00637	0.00655	0.00746	0.00451	0.00477	0.00856	0.01244	0.01723	0.49118	0.29445	0.06526	0.01217	0.00607	0.00175	0.00261	0.03739	0.00515	0.00447
81	0.00941	0.00886	0.01495	0.81285	0.03433	0.01107	0.01384	0.01274	0.00997	0.01274	0.00886	0.01329	0.00664	0.00498	0.00498	0.00166	0.00664	0.00443	0.00221	0.00554
82	0.02421	0.00616	0.00742	0.00746	0.00849	0.00631	0.00531	0.06812	0.07682	0.05020	0.03913	0.35344	0.02368	0.20137	0.05524	0.00291	0.00437	0.05031	0.00427	0.00477
83	0.00623	0.00446	0.00595	0.00699	0.00738	0.00417	0.00478	0.00727	0.00997	0.01336	0.08445	0.72940	0.03383	0.01513	0.00635	0.00200	0.00293	0.04654	0.00469	0.00412
84	0.01934	0.00920	0.01155	0.00917	0.01269	0.00884	0.00747	0.10483	0.13908	0.53622	0.07211	0.01809	0.01478	0.00652	0.00508	0.00156	0.00420	0.00533	0.00582	0.00813
85	0.01389	0.01059	0.01146	0.00991	0.01280	0.01184	0.00780	0.19818	0.47014	0.06995	0.01877	0.08288	0.01485	0.00724	0.00510	0.00165	0.00418	0.00600	0.03515	0.00763
86	0.01194	0.01134	0.01876	0.13766	0.62406	0.01178	0.01449	0.01586	0.07465	0.01617	0.01020	0.01298	0.00832	0.00471	0.00495	0.00152	0.00586	0.00454	0.00265	0.00757
87	0.01028	0.01540	0.25052	0.08201	0.02274	0.01105	0.37733	0.01444	0.01083	0.01510	0.01133	0.08129	0.00958	0.00748	0.05595	0.00208	0.00780	0.00578	0.00256	0.00644
88	0.01034	0.00886	0.01034	0.00738	0.01181	0.00664	0.00591	0.01255	0.01034	0.01624	0.00886	0.01034	0.00738	0.00369	0.00369	0.00074	0.00369	0.00295	0.00295	0.85530
89	0.01194	0.01270	0.01691	0.45211	0.16375	0.16796	0.07581	0.01487	0.01118	0.01352	0.00882	0.01229	0.00690	0.00485	0.00495	0.00156	0.00712	0.00431	0.00235	0.00610
90	0.00656	0.00462	0.00607	0.00674	0.00735	0.00427	0.00466	0.00784	0.01086	0.02581	0.22763	0.58202	0.05902	0.01397	0.00620	0.00189	0.00276	0.01258	0.00487	0.00429
91	0.00591	0.00505	0.00508	0.00507	0.00675	0.00422	0.00380	0.00719	0.01141	0.01358	0.06406	0.04777	0.77807	0.01258	0.00589	0.00168	0.00252	0.01049	0.00464	0.00422
92	0.01240	0.01071	0.01127	0.01014	0.01296	0.01240	0.00789	0.02649	0.78473	0.02085	0.02029	0.01860	0.01522	0.00676	0.00507	0.00169	0.00394	0.00564	0.00507	0.00789
93	0.00890	0.00751	0.00907	0.00869	0.00988	0.07255	0.00676	0.05832	0.00946	0.01285	0.01269	0.01827	0.01168	0.04587	0.65798	0.00686	0.02992	0.00512	0.00280	0.00481
94	0.01752	0.08799	0.01543	0.01298	0.03970	0.61742	0.00979	0.06490	0.01387	0.01345	0.00788	0.00932	0.00660	0.00532	0.00518	0.00134	0.05929	0.00335	0.00265	0.00604
95	0.00714	0.00510	0.00700	0.00815	0.00891	0.00496	0.00647	0.00878	0.01059	0.01391	0.02689	0.40647	0.03065	0.01461	0.00665	0.00217	0.00381	0.41879	0.00461	0.00434
96	0.02979	0.07065	0.62063	0.01341	0.01977	0.01149	0.05169	0.01515	0.01070	0.01580	0.03768	0.01428	0.00921	0.00544	0.00484	0.00160	0.00686	0.05163	0.00243	0.00696
97	0.01079	0.01077	0.01453	0.01252	0.01269	0.03543	0.01036	0.01199	0.00834	0.01266	0.07099	0.01302	0.00986	0.00875	0.01518	0.00211	0.72744	0.00471	0.00246	0.00540
98	0.00636	0.00488	0.00583	0.00600	0.00713	0.00435	0.00434	0.00791	0.01187	0.01564	0.31325	0.25142	0.31794	0.01254	0.00601	0.00173	0.00256	0.01095	0.00494	0.00435
99	0.01037	0.00988	0.01777	0.59364	0.09473	0.01131	0.14394	0.01378	0.01049	0.03281	0.00938	0.01333	0.00704	0.00483	0.00513	0.00165	0.00683	0.00469	0.00238	0.00601
100	0.01183	0.05161	0.12310	0.05444	0.53265	0.01246	0.04530	0.01501	0.01084	0.01551	0.00898	0.01186	0.00745	0.00483	0.00580	0.00155	0.07269	0.00431	0.00237	0.00742
101	0.01902	0.01427	0.01321	0.01080	0.01416	0.21086	0.00860	0.32602	0.01763	0.24121	0.01404	0.06372	0.01059	0.00643	0.00496	0.00149	0.00585	0.00493	0.00469	0.00752
102	0.01193	0.00989	0.01043	0.00923	0.01175	0.03553	0.00719	0.10681	0.44768	0.03207	0.20090	0.02320	0.05649	0.00768	0.00527	0.00162	0.00385	0.00643	0.00508	0.00699
103	0.00725	0.00483	0.00544	0.00544	0.00544	0.00483	0.00302	0.00725	0.00725	0.00966	0.01571	0.03262	0.01812	0.82483	0.02537	0.00483	0.00483	0.00725	0.00302	0.00302
104	0.01227	0.00938	0.00988	0.00881	0.01130	0.01056	0.00691	0.11363	0.46872	0.02141	0.01832	0.01856	0.01402	0.00656	0.00467	0.00154	0.00371	0.02078	0.23196	0.00702
105	0.00630	0.00485	0.00576	0.00598	0.00710	0.00431	0.00431	0.00778	0.01167	0.01524	0.27002	0.27151	0.34172	0.01276	0.00603	0.00175	0.00258	0.01113	0.00489	0.00431
106	0.01065	0.01056	0.01923	0.44811	0.23331	0.01158	0.16629	0.01406	0.01069	0.01432	0.00924	0.01307	0.00716	0.00468	0.00515	0.00162	0.00680	0.00472	0.00234	0.00640
107	0.01000	0.02578	0.79900	0.01421	0.02157	0.01158	0.01842	0.01579	0.01052	0.01579	0.00895	0.01052	0.00631	0.00474	0.00474	0.00158	0.00737	0.00368	0.00210	0.00737
108	0.01000	0.02578	0.79900	0.01421	0.02157	0.01158	0.01842	0.01579	0.01052	0.01579	0.00895	0.01052	0.00631	0.00474	0.00474	0.00158	0.00737	0.00368	0.00210	0.00737
109	0.00797	0.00566	0.00782	0.00887	0.00993	0.00566	0.00762	0.01007	0.01113	0.01449	0.02551	0.05429	0.02782	0.08036	0.00840	0.00250	0.00461	0.69837	0.00446	0.00446
110	0.86003	0.00964	0.00733	0.00655	0.00964	0.01118	0.00540	0.01465	0.00848	0.02236	0.00694	0.00810	0.00540	0.00463	0.00308	0.00154	0.00386	0.00270	0.00308	0.00540
111	0.00722	0.00484	0.00543	0.00543	0.00546	0.00482	0.00304	0.00725	0.00733	0.00974	0.01641	0.03293	0.03380	0.80836	0.02498	0.00477	0.00479	0.00731	0.00305	0.00304
112	0.02991	0.28907	0.18997	0.01275	0.07959	0.15148	0.01148	0.12120	0.04218	0.01632	0.00890	0.01003	0.00711	0.00487	0.00421	0.00134	0.00640	0.00349	0.00275	0.00695
113	0.09279	0.01245	0.02966	0.01929	0.33991	0.10280	0.07902	0.01767	0.01200	0.19153	0.01138	0.01274	0.00850	0.00547	0.01889	0.00159	0.00603	0.00436	0.00338	0.03054

[dist]
# distance from previous block
# <min> <max>
0	1

[block]
# block no. 3 follows, 50 sequences, length 104
# corresponding to MSA columns:
# 312-415
name=unknown_D
#
# <colnr> <probs for GDERKNQSTAVLIFYWHMCP>
#	G	D	E	R	K	N	Q	S	T	A	V	L	I	F	Y	W	H	M	C	P
0	0.01325	0.25112	0.13614	0.02958	0.22710	0.13860	0.01196	0.04821	0.03342	0.01513	0.04459	0.01160	0.00900	0.00495	0.00438	0.00136	0.00622	0.00387	0.00265	0.00689
1	0.01030	0.09979	0.72768	0.01368	0.02076	0.01233	0.01750	0.01571	0.01049	0.01541	0.00876	0.01029	0.00632	0.00469	0.00459	0.00153	0.00718	0.00359	0.00211	0.00728
2	0.00734	0.00563	0.00686	0.00722	0.00832	0.00556	0.00531	0.01060	0.12268	0.01567	0.18436	0.37466	0.13305	0.01267	0.00606	0.00186	0.00304	0.07943	0.00486	0.00481
3	0.01352	0.01240	0.02016	0.02603	0.57015	0.01260	0.09059	0.15872	0.01367	0.01910	0.00993	0.01238	0.00797	0.00471	0.00504	0.00150	0.00609	0.00459	0.00295	0.00789
4	0.01408	0.01966	0.01452	0.01253	0.08581	0.00956	0.14779	0.11024	0.05700	0.19530	0.07596	0.01861	0.05583	0.00631	0.00530	0.00153	0.02471	0.00560	0.13280	0.00687
5	0.00606	0.00440	0.00572	0.00677	0.00718	0.00406	0.00455	0.00696	0.00971	0.01279	0.02960	0.75019	0.10298	0.01534	0.00632	0.00199	0.00286	0.01383	0.00463	0.00406
6	0.00617	0.00461	0.00573	0.00641	0.00714	0.00418	0.00444	0.00733	0.01059	0.01389	0.13743	0.53414	0.21144	0.01418	0.00619	0.00188	0.00273	0.01261	0.00475	0.00418
7	0.00635	0.00459	0.00600	0.00666	0.00727	0.00424	0.00461	0.00766	0.01094	0.01485	0.24895	0.55970	0.07182	0.01391	0.00620	0.00188	0.00272	0.01251	0.00488	0.00424
8	0.01632	0.01191	0.01468	0.19385	0.10989	0.07369	0.01069	0.24210	0.03180	0.19496	0.01233	0.01330	0.00877	0.00568	0.00539	0.00156	0.03714	0.00451	0.00404	0.00741
9	0.01146	0.01041	0.01723	0.04552	0.56055	0.01043	0.04881	0.01460	0.03152	0.01649	0.01279	0.01531	0.04867	0.00512	0.00482	0.00146	0.00531	0.00488	0.12752	0.00711
10	0.01034	0.00886	0.01034	0.00738	0.01181	0.00664	0.00591	0.01255	0.01034	0.01624	0.00886	0.01034	0.00738	0.00369	0.00369	0.00074	0.00369	0.00295	0.00295	0.85530
11	0.01142	0.00978	0.01530	0.56295	0.12863	0.01146	0.01305	0.08478	0.04712	0.05250	0.01025	0.01346	0.00764	0.00514	0.00498	0.00162	0.00621	0.00452	0.00282	0.00636
12	0.00608	0.00453	0.00560	0.00643	0.00703	0.00412	0.00436	0.00700	0.00986	0.01276	0.03231	0.60472	0.20949	0.05202	0.00712	0.00207	0.00290	0.01300	0.00455	0.00404
13	0.00805	0.00475	0.00671	0.00714	0.00748	0.00471	0.00520	0.00762	0.00823	0.01088	0.01624	0.12453	0.01773	0.09562	0.01520	0.44652	0.00427	0.20284	0.00318	0.00311
14	0.00802	0.00749	0.08077	0.00933	0.01104	0.00612	0.00862	0.01052	0.01130	0.01483	0.02611	0.08367	0.06735	0.01295	0.00661	0.00218	0.00467	0.61924	0.00436	0.00480
15	0.00852	0.00772	0.00753	0.00767	0.00924	0.08606	0.00589	0.01170	0.12026	0.01451	0.03315	0.18758	0.31935	0.01182	0.00591	0.00182	0.00382	0.14806	0.00448	0.00492
16	0.01378	0.13924	0.01687	0.02943	0.24432	0.22028	0.01029	0.03617	0.01194	0.01485	0.00850	0.01031	0.00715	0.00446	0.00425	0.00119	0.00609	0.00348	0.00262	0.21477
17	0.01176	0.01014	0.01369	0.20653	0.05582	0.01037	0.05286	0.09333	0.16740	0.03008	0.01173	0.01326	0.00900	0.00496	0.00462	0.00133	0.00503	0.00428	0.00341	0.29040
18	0.01166	0.47430	0.25510	0.01015	0.01476	0.01571	0.01109	0.01434	0.00987	0.01276	0.00833	0.01116	0.00746	0.08033	0.00631	0.00162	0.04305	0.00347	0.00221	0.00633
19	0.01373	0.30160	0.08066	0.01087	0.05756	0.01364	0.00935	0.01757	0.12454	0.15730	0.02487	0.05217	0.01089	0.00660	0.01730	0.00158	0.08479	0.00458	0.00350	0.00690
20	0.00616	0.00445	0.00583	0.00677	0.00722	0.00412	0.00459	0.00719	0.01009	0.01348	0.10384	0.70216	0.07580	0.01492	0.00629	0.00196	0.00282	0.01346	0.00471	0.00412
21	0.00753	0.00657	0.01025	0.00884	0.01074	0.00602	0.14539	0.00956	0.01167	0.01529	0.20909	0.11857	0.28447	0.05530	0.00709	0.00192	0.00391	0.07870	0.00435	0.00474
22	0.01001	0.13903	0.49642	0.01218	0.01749	0.01201	0.01431	0.01419	0.00984	0.01420	0.00932	0.01183	0.00746	0.01086	0.15133	0.00271	0.05415	0.00387	0.00222	0.00658
23	0.00941	0.00886	0.01495	0.81285	0.03433	0.01107	0.01384	0.01274	0.00997	0.01274	0.00886	0.01329	0.00664	0.00498	0.00498	0.00166	0.00664	0.00443	0.00221	0.00554
24	0.00724	0.00488	0.00567	0.00567	0.00576	0.00496	0.00332	0.00740	0.00732	0.00984	0.01549	0.03142	0.01760	0.75216	0.09732	0.00513	0.00562	0.00707	0.00299	0.00315
25	0.01621	0.26895	0.11109	0.01037	0.01459	0.01468	0.00983	0.26347	0.01512	0.16066	0.01123	0.01151	0.00824	0.00546	0.00492	0.00141	0.04382	0.00391	0.01704	0.00749
26	0.00713	0.00530	0.00781	0.00781	0.00863	0.00612	0.00598	0.00877	0.00795	0.01142	0.01353	0.02059	0.01290	0.09817	0.74488	0.00777	0.01269	0.00549	0.00270	0.00434
27	0.00917	0.00565	0.00698	0.00659	0.00832	0.00502	0.00513	0.01099	0.01268	0.14228	0.29391	0.08225	0.29614	0.01103	0.00587	0.00170	0.00297	0.08306	0.00517	0.00510
28	0.01137	0.01074	0.01456	0.01242	0.01281	0.01453	0.01026	0.08228	0.00908	0.01366	0.00768	0.01232	0.00746	0.05074	0.03515	0.00240	0.67993	0.00454	0.00249	0.00558
29	0.01308	0.01525	0.03272	0.28140	0.04891	0.25539	0.25149	0.01608	0.01186	0.01374	0.00891	0.01194	0.00690	0.00476	0.00511	0.00154	0.00791	0.00450	0.00243	0.00609
30	0.01009	0.19148	0.12394	0.20149	0.01759	0.01133	0.00998	0.01401	0.09506	0.01531	0.19467	0.01807	0.01714	0.00689	0.00557	0.04811	0.00502	0.00514	0.00326	0.00586
31	0.00803	0.00574	0.00803	0.00918	0.01033	0.00574	0.00803	0.01033	0.01147	0.01492	0.02639	0.05622	0.02869	0.01377	0.00688	0.00229	0.00459	0.76018	0.00459	0.00459
32	0.26119	0.05772	0.01683	0.01817	0.29901	0.13225	0.10288	0.01601	0.01096	0.02940	0.00852	0.01056	0.00689	0.00459	0.00435	0.00147	0.00602	0.00383	0.00271	0.00663
33	0.00619	0.00463	0.00560	0.00623	0.00693	0.00421	0.00424	0.00717	0.01008	0.01304	0.07612	0.48561	0.24194	0.09408	0.00807	0.00218	0.00295	0.01219	0.00452	0.00403
34	0.01679	0.08812	0.01510	0.01048	0.01453	0.01431	0.00875	0.55560	0.04713	0.02675	0.01129	0.01157	0.00835	0.00548	0.00461	0.00134	0.00512	0.00411	0.00439	0.14616
35	0.01176	0.01218	0.01565	0.01479	0.09009	0.08779	0.01122	0.01305	0.00860	0.01244	0.00693	0.01087	0.00666	0.00797	0.01414	0.00203	0.66161	0.00426	0.00224	0.00572
36	0.02852	0.21910	0.15496	0.03351	0.01646	0.01239	0.09453	0.06056	0.01259	0.30102	0.01261	0.01268	0.00879	0.00516	0.00457	0.00144	0.00565	0.00420	0.00382	0.00744
37	0.01096	0.04780	0.14759	0.06093	0.09728	0.01111	0.34646	0.01460	0.01115	0.03435	0.01248	0.04845	0.01102	0.03442	0.00622	0.00180	0.00692	0.08717	0.00283	0.00645
38	0.00593	0.00488	0.00522	0.00549	0.00685	0.00417	0.00398	0.00710	0.01094	0.01329	0.04511	0.22876	0.61439	0.01332	0.00600	0.00176	0.00261	0.01137	0.00463	0.00417
39	0.00630	0.00465	0.00589	0.00645	0.00720	0.00425	0.00450	0.00762	0.01103	0.01473	0.22913	0.48769	0.16485	0.01371	0.00616	0.00185	0.00269	0.01222	0.00485	0.00425
40	0.01143	0.01237	0.02569	0.04434	0.13572	0.01182	0.57281	0.01526	0.01163	0.01582	0.01145	0.01723	0.00953	0.00514	0.00581	0.00171	0.00764	0.07524	0.00270	0.00666
41	0.01190	0.08502	0.01161	0.00882	0.01113	0.06731	0.03995	0.10256	0.19743	0.01827	0.05587	0.01808	0.01378	0.07654	0.04712	0.00204	0.01403	0.00512	0.20736	0.00606
42	0.01131	0.00886	0.01045	0.00755	0.01190	0.00680	0.00605	0.01372	0.02486	0.07723	0.00991	0.01100	0.00791	0.00394	0.00382	0.00082	0.00374	0.00316	0.00324	0.77370
43	0.01106	0.16920	0.48178	0.01371	0.01978	0.01328	0.11736	0.01664	0.08206	0.01554	0.00978	0.01120	0.00732	0.00476	0.00464	0.00151	0.00682	0.00397	0.00244	0.00715
44	0.00610	0.00468	0.00559	0.00615	0.00706	0.00418	0.00432	0.00727	0.01070	0.01374	0.11388	0.44815	0.32241	0.01393	0.00613	0.00185	0.00270	0.01226	0.00472	0.00418
45	0.00619	0.00439	0.00575	0.00679	0.00705	0.00413	0.00447	0.00697	0.00932	0.01242	0.02632	0.74397	0.03151	0.09521	0.00823	0.00230	0.00308	0.01349	0.00447	0.00395
46	0.01546	0.00964	0.05589	0.08347	0.01452	0.00895	0.00836	0.09112	0.14554	0.33180	0.01886	0.16300	0.01536	0.00779	0.00525	0.00166	0.00446	0.00661	0.00499	0.00724
47	0.01600	0.01279	0.01324	0.01085	0.01415	0.05687	0.00874	0.45395	0.23541	0.02556	0.01420	0.01437	0.01063	0.00905	0.07881	0.00214	0.00597	0.00482	0.00466	0.00779
48	0.00941	0.00886	0.01495	0.81285	0.03433	0.01107	0.01384	0.01274	0.00997	0.01274	0.00886	0.01329	0.00664	0.00498	0.00498	0.00166	0.00664	0.00443	0.00221	0.00554
49	0.00979	0.21191	0.38332	0.04751	0.01649	0.01167	0.01238	0.01329	0.01033	0.01399	0.01513	0.13758	0.08290	0.00703	0.00473	0.00154	0.00571	0.00571	0.00274	0.00625
50	0.00922	0.00661	0.00762	0.00691	0.00767	0.00703	0.00468	0.12559	0.01066	0.01450	0.11787	0.02884	0.01984	0.54464	0.01914	0.00374	0.05073	0.00690	0.00360	0.00422
51	0.00941	0.00886	0.01495	0.81285	0.03433	0.01107	0.01384	0.01274	0.00997	0.01274	0.00886	0.01329	0.00664	0.00498	0.00498	0.00166	0.00664	0.00443	0.00221	0.00554
52	0.00671	0.00517	0.00623	0.00690	0.00780	0.00494	0.00490	0.00897	0.08161	0.01376	0.03227	0.52322	0.21284	0.01399	0.00616	0.00193	0.00299	0.05050	0.00467	0.00447
53	0.01096	0.01044	0.01775	0.39776	0.43730	0.01148	0.01461	0.01409	0.01070	0.01462	0.00913	0.01278	0.00731	0.00470	0.00496	0.00157	0.00626	0.00444	0.00235	0.00679
54	0.01127	0.01986	0.39615	0.01734	0.02337	0.05246	0.37501	0.01608	0.01129	0.01569	0.00942	0.01182	0.00691	0.00450	0.00526	0.00161	0.00794	0.00470	0.00232	0.00698
55	0.00941	0.00886	0.01495	0.81285	0.03433	0.01107	0.01384	0.01274	0.00997	0.01274	0.00886	0.01329	0.00664	0.00498	0.00498	0.00166	0.00664	0.00443	0.00221	0.00554
56	0.01071	0.01057	0.01473	0.01267	0.01267	0.01470	0.01047	0.01174	0.00761	0.01187	0.00704	0.01209	0.00718	0.05331	0.01685	0.00233	0.77141	0.00452	0.00223	0.00532
57	0.27442	0.01842	0.39845	0.01225	0.01752	0.04766	0.09340	0.01538	0.01023	0.01764	0.00921	0.01218	0.00723	0.00509	0.00443	0.00160	0.00633	0.03948	0.00259	0.00648
58	0.00725	0.00483	0.00544	0.00544	0.00544	0.00483	0.00302	0.00725	0.00725	0.00966	0.01571	0.03262	0.01812	0.82483	0.02537	0.00483	0.00483	0.00725	0.00302	0.00302
