[name]
unknown

[dist]
# distance from previous block
# <min> <max>
1	77

[block]
# block no. 0 follows, 49 sequences, length 56
# corresponding to MSA columns:
# 100-155
name=unknown_A
#
# <colnr> <probs for GDERKNQSTAVLIFYWHMCP>
#	G	D	E	R	K	N	Q	S	T	A	V	L	I	F	Y	W	H	M	C	P
0	0.01512	0.06619	0.03513	0.00988	0.01335	0.11240	0.02260	0.14763	0.13177	0.15303	0.04634	0.02989	0.07994	0.00655	0.00488	0.00144	0.00502	0.00521	0.00437	0.10925
1	0.03065	0.01058	0.03732	0.01121	0.01481	0.02406	0.12878	0.08284	0.15067	0.29200	0.01939	0.06646	0.06040	0.00702	0.00533	0.00164	0.00501	0.02173	0.00484	0.02527
2	0.01446	0.01054	0.02746	0.13534	0.01739	0.04155	0.08463	0.12438	0.11558	0.19928	0.06534	0.03413	0.07586	0.00698	0.00534	0.00164	0.00521	0.02338	0.00450	0.00700
3	0.01222	0.01001	0.02361	0.27413	0.05198	0.07090	0.00987	0.05442	0.04765	0.11696	0.14606	0.03859	0.04485	0.00689	0.00565	0.00160	0.03736	0.00573	0.00383	0.03768
4	0.02768	0.01272	0.03242	0.01373	0.01679	0.09562	0.22154	0.06846	0.04596	0.06392	0.01089	0.03021	0.00887	0.00739	0.04102	0.00191	0.18003	0.00492	0.02710	0.08880
5	0.00906	0.03770	0.03098	0.00901	0.01065	0.00737	0.09910	0.04906	0.05533	0.03339	0.06372	0.28790	0.03635	0.23384	0.01132	0.00266	0.00456	0.00912	0.00396	0.00493
6	0.04565	0.01261	0.06162	0.01354	0.04948	0.01189	0.17705	0.28594	0.01653	0.19100	0.03782	0.01577	0.04512	0.00596	0.00525	0.00159	0.00578	0.00528	0.00443	0.00770
7	0.01175	0.07258	0.01241	0.10548	0.04576	0.21763	0.00848	0.02455	0.05566	0.01417	0.11395	0.01917	0.01523	0.06291	0.17435	0.00309	0.00775	0.02638	0.00320	0.00549
8	0.01425	0.05939	0.14305	0.10492	0.01757	0.01060	0.07241	0.08046	0.04017	0.22243	0.01490	0.03969	0.03912	0.04038	0.00635	0.00172	0.03856	0.00517	0.00388	0.04498
9	0.30268	0.01309	0.08059	0.01005	0.01386	0.07286	0.03881	0.19128	0.01391	0.16488	0.01123	0.01176	0.00804	0.00673	0.03784	0.00182	0.00567	0.00396	0.00398	0.00699
10	0.22614	0.02761	0.00995	0.00919	0.05788	0.01006	0.00649	0.05757	0.20721	0.01833	0.01335	0.01785	0.01180	0.20898	0.00957	0.00233	0.00442	0.00488	0.00366	0.09274
11	0.00797	0.00593	0.00711	0.00703	0.00818	0.00579	0.00507	0.04025	0.07115	0.01587	0.21324	0.22636	0.09148	0.17266	0.00989	0.00239	0.00350	0.06135	0.00456	0.04023
12	0.06425	0.00982	0.01281	0.01036	0.01347	0.01016	0.09690	0.13029	0.20970	0.16129	0.19200	0.02107	0.03120	0.00708	0.00530	0.00162	0.00442	0.00614	0.00500	0.00712
13	0.54900	0.07485	0.01125	0.00885	0.03236	0.05820	0.00709	0.17170	0.01227	0.02299	0.00820	0.00918	0.00633	0.00497	0.00367	0.00150	0.00472	0.00319	0.00341	0.00629
14	0.00673	0.00497	0.00556	0.00564	0.00638	0.00464	0.00369	0.00747	0.00949	0.01212	0.07164	0.10494	0.30433	0.38567	0.04241	0.00342	0.00404	0.00920	0.00392	0.00374
15	0.00930	0.00506	0.00723	0.00701	0.00732	0.00522	0.00485	0.05361	0.00775	0.01041	0.00934	0.01551	0.00906	0.01838	0.07725	0.73787	0.00515	0.00448	0.00241	0.00276
16	0.03563	0.01251	0.02328	0.01733	0.02135	0.04485	0.52015	0.04534	0.03475	0.01644	0.01430	0.06619	0.05762	0.00614	0.00626	0.00174	0.04024	0.02642	0.00306	0.00641
17	0.01662	0.01287	0.01371	0.01111	0.01469	0.01447	0.00898	0.48132	0.32058	0.02767	0.01545	0.01477	0.01128	0.00638	0.00509	0.00159	0.00495	0.00501	0.00509	0.00837
18	0.00635	0.00468	0.00596	0.00669	0.00738	0.00429	0.00467	0.00758	0.01077	0.01427	0.15268	0.54932	0.15593	0.01443	0.00632	0.00193	0.00284	0.03483	0.00483	0.00425
19	0.01922	0.01416	0.01518	0.01163	0.01568	0.01568	0.00961	0.77388	0.02378	0.03187	0.01214	0.01214	0.00860	0.00607	0.00506	0.00152	0.00556	0.00455	0.00506	0.00860
20	0.01640	0.01821	0.01871	0.01496	0.01844	0.36841	0.22255	0.15755	0.05372	0.01746	0.00988	0.01150	0.00767	0.00532	0.00552	0.00151	0.03789	0.00442	0.00316	0.00673
21	0.01922	0.01416	0.01518	0.01163	0.01568	0.01568	0.00961	0.77388	0.02378	0.03187	0.01214	0.01214	0.00860	0.00607	0.00506	0.00152	0.00556	0.00455	0.00506	0.00860
22	0.01356	0.01025	0.01265	0.04362	0.07439	0.01119	0.03497	0.02355	0.49810	0.13493	0.07144	0.01903	0.01603	0.00667	0.00521	0.00167	0.00436	0.00572	0.00493	0.00774
23	0.01156	0.00878	0.01044	0.00763	0.01191	0.00671	0.00609	0.01373	0.01086	0.09534	0.01080	0.04115	0.00896	0.00445	0.00398	0.00088	0.00377	0.00363	0.00339	0.73593
24	0.00716	0.00517	0.00676	0.00636	0.00755	0.00477	0.00477	0.00954	0.01431	0.02028	0.78808	0.03777	0.04771	0.01034	0.00596	0.00159	0.00239	0.00914	0.00557	0.00477
25	0.04951	0.01024	0.01186	0.00954	0.01306	0.07020	0.00774	0.02391	0.12359	0.57319	0.01825	0.01633	0.01205	0.00629	0.00533	0.00159	0.02872	0.00493	0.00559	0.00811
26	0.00819	0.00620	0.00837	0.00805	0.00931	0.00697	0.00628	0.05648	0.04232	0.01432	0.07228	0.02280	0.07725	0.02944	0.56718	0.00621	0.02205	0.00603	0.02535	0.00493
27	0.00757	0.00543	0.00704	0.00747	0.00851	0.00527	0.00588	0.00979	0.03184	0.01618	0.26262	0.13756	0.07400	0.08345	0.00805	0.00221	0.00358	0.29024	0.02876	0.00455
28	0.01194	0.01364	0.02984	0.02131	0.02643	0.01279	0.77238	0.01620	0.01194	0.01620	0.01023	0.01364	0.00767	0.00426	0.00597	0.00171	0.00853	0.00597	0.00256	0.00682
29	0.01200	0.33672	0.20322	0.01340	0.01791	0.01584	0.17154	0.01508	0.01030	0.01380	0.00811	0.01035	0.00674	0.00517	0.00637	0.00152	0.13915	0.00391	0.00225	0.00663
30	0.30292	0.00946	0.02418	0.00828	0.01164	0.00942	0.00687	0.06270	0.07083	0.33776	0.09335	0.01598	0.01361	0.00615	0.00451	0.00158	0.00408	0.00470	0.00490	0.00709
31	0.00695	0.00525	0.00655	0.00735	0.00821	0.00507	0.00537	0.00917	0.07021	0.01403	0.03096	0.50632	0.15540	0.01434	0.00636	0.00202	0.00324	0.13394	0.00472	0.00453
32	0.00758	0.00637	0.00674	0.00647	0.00834	0.00614	0.00493	0.01179	0.17618	0.01612	0.13706	0.04110	0.51517	0.01125	0.00582	0.00171	0.00289	0.02431	0.00490	0.00514
33	0.01404	0.11841	0.09504	0.01655	0.11793	0.13336	0.20725	0.06401	0.08392	0.05088	0.01061	0.01227	0.00822	0.00513	0.00545	0.00153	0.04077	0.00453	0.00301	0.00709
34	0.00616	0.00482	0.00545	0.00591	0.00692	0.00426	0.00412	0.00718	0.01045	0.01305	0.03908	0.35230	0.42648	0.08049	0.00779	0.00211	0.00290	0.01187	0.00456	0.00411
35	0.01106	0.01106	0.01549	0.01328	0.01328	0.01549	0.01106	0.01217	0.00774	0.01217	0.00664	0.01106	0.00664	0.00885	0.01659	0.00221	0.81303	0.00443	0.00221	0.00553
36	0.01352	0.82533	0.02650	0.00865	0.01298	0.02001	0.00865	0.01514	0.01027	0.01190	0.00703	0.00811	0.00649	0.00433	0.00324	0.00108	0.00541	0.00270	0.00216	0.00649
37	0.00806	0.00597	0.00757	0.00741	0.00834	0.00647	0.00536	0.04411	0.06857	0.01334	0.04893	0.09513	0.05013	0.25463	0.34740	0.00535	0.00814	0.00711	0.00348	0.00452
38	0.01581	0.01247	0.01325	0.01094	0.01438	0.01409	0.00878	0.38970	0.41352	0.02636	0.01648	0.01560	0.01212	0.00648	0.00510	0.00162	0.00476	0.00515	0.00510	0.00829
39	0.83900	0.01010	0.00759	0.00679	0.00991	0.02925	0.00557	0.01499	0.00874	0.02245	0.00706	0.00824	0.00550	0.00471	0.00316	0.00156	0.00403	0.00275	0.00312	0.00549
40	0.00632	0.00451	0.00605	0.00722	0.00759	0.00424	0.00497	0.00732	0.00984	0.01309	0.02778	0.75782	0.03310	0.01569	0.00650	0.00208	0.00307	0.07397	0.00469	0.00415
41	0.01057	0.00906	0.01052	0.00760	0.01203	0.00697	0.00607	0.01329	0.04063	0.01666	0.00944	0.01081	0.00780	0.00387	0.00380	0.00079	0.00375	0.00310	0.00308	0.82017
42	0.00878	0.00439	0.00659	0.00659	0.00659	0.00439	0.00439	0.00659	0.00659	0.00878	0.00878	0.01537	0.00878	0.01757	0.01976	0.85288	0.00439	0.00439	0.00220	0.00220
43	0.00878	0.00439	0.00659	0.00659	0.00659	0.00439	0.00439	0.00659	0.00659	0.00878	0.00878	0.01537	0.00878	0.01757	0.01976	0.85288	0.00439	0.00439	0.00220	0.00220
44	0.09232	0.00987	0.01187	0.00935	0.01301	0.00968	0.00765	0.20350	0.03198	0.48591	0.01740	0.05866	0.01216	0.00661	0.00499	0.00158	0.00449	0.00527	0.00559	0.00808
45	0.01734	0.01239	0.01350	0.01087	0.01449	0.01367	0.00881	0.43162	0.28311	0.11527	0.01593	0.01503	0.01140	0.00636	0.00509	0.00159	0.00488	0.00501	0.00523	0.00840
46	0.00603	0.00512	0.00520	0.00518	0.00687	0.00429	0.00389	0.00737	0.01166	0.01399	0.08774	0.04813	0.75198	0.01268	0.00598	0.00170	0.00255	0.01060	0.00474	0.00429
47	0.00678	0.00515	0.00623	0.00596	0.00732	0.00461	0.00447	0.00881	0.01342	0.01814	0.55057	0.04128	0.28655	0.01113	0.00597	0.00163	0.00244	0.00964	0.00529	0.00461
48	0.00825	0.00521	0.00667	0.00694	0.00808	0.00472	0.00506	0.00966	0.01144	0.10114	0.16142	0.41866	0.16453	0.01320	0.00617	0.00188	0.00303	0.05417	0.00502	0.00478
49	0.01744	0.01280	0.01393	0.01107	0.01470	0.01421	0.00903	0.56128	0.15885	0.06071	0.01407	0.01404	0.01024	0.00817	0.05374	0.00196	0.00572	0.00484	0.00498	0.00824
50	0.01258	0.01086	0.01143	0.01029	0.01315	0.01258	0.00800	0.02687	0.78161	0.02115	0.02058	0.01887	0.01544	0.00686	0.00515	0.00172	0.00400	0.00572	0.00515	0.00800
51	0.00738	0.00542	0.00639	0.00622	0.00718	0.00523	0.00434	0.00949	0.05825	0.01554	0.33538	0.05221	0.15098	0.28035	0.01252	0.00274	0.00342	0.02812	0.00453	0.00431
52	0.14535	0.00553	0.00629	0.00698	0.00788	0.00560	0.00492	0.02515	0.00990	0.01531	0.02343	0.60664	0.02703	0.01318	0.00571	0.00191	0.00315	0.02549	0.05607	0.00447
53	0.00679	0.00474	0.00575	0.00626	0.00655	0.00456	0.00399	0.00737	0.00890	0.01178	0.04521	0.36070	0.07280	0.39173	0.01542	0.00336	0.00386	0.03260	0.00396	0.00367
54	0.00955	0.00899	0.01517	0.81013	0.03483	0.01123	0.01404	0.01292	0.01011	0.01292	0.00899	0.01348	0.00674	0.00506	0.00506	0.00169	0.00674	0.00449	0.00225	0.00562
55	0.16265	0.01148	0.01171	0.00980	0.01309	0.01288	0.00788	0.29379	0.31094	0.03923	0.01702	0.01636	0.05837	0.00655	0.00481	0.00161	0.00447	0.00507	0.00475	0.00756

[dist]
# distance from previous block
# <min> <max>
0	1

[block]
# block no. 1 follows, 49 sequences, length 21
# corresponding to MSA columns:
# 157-177
name=unknown_B
#
# <colnr> <probs for GDERKNQSTAVLIFYWHMCP>
#	G	D	E	R	K	N	Q	S	T	A	V	L	I	F	Y	W	H	M	C	P
0	0.00912	0.00562	0.00707	0.00650	0.00816	0.00501	0.00494	0.01110	0.01344	0.13255	0.46249	0.08028	0.21307	0.01061	0.00586	0.00164	0.00274	0.00919	0.00542	0.00518
1	0.01163	0.00991	0.01061	0.00981	0.01229	0.01133	0.00752	0.02394	0.66771	0.01994	0.02166	0.13693	0.01809	0.00819	0.00534	0.00177	0.00384	0.00699	0.00508	0.00743
2	0.00654	0.00459	0.00588	0.00670	0.00698	0.00437	0.00439	0.00730	0.00935	0.01250	0.05399	0.57877	0.03023	0.21108	0.01112	0.00273	0.00343	0.03182	0.00433	0.00389
3	0.01049	0.00899	0.01049	0.00749	0.01198	0.00674	0.00599	0.01273	0.01049	0.01648	0.00899	0.01049	0.00749	0.00374	0.00374	0.00075	0.00374	0.00300	0.00300	0.85320
4	0.00616	0.00440	0.00587	0.00704	0.00733	0.00411	0.00469	0.00704	0.00968	0.01291	0.02787	0.81899	0.03344	0.01584	0.00645	0.00205	0.00293	0.01438	0.00469	0.00411
5	0.01847	0.01025	0.01213	0.00986	0.01341	0.01053	0.00796	0.13601	0.29696	0.39845	0.01903	0.01707	0.01301	0.00645	0.00510	0.00161	0.00438	0.00524	0.00567	0.00838
6	0.00624	0.00507	0.00553	0.00555	0.00703	0.00436	0.00411	0.00772	0.01194	0.01498	0.20342	0.11540	0.56587	0.01256	0.00602	0.00171	0.00256	0.01068	0.00488	0.00436
7	0.00722	0.00542	0.00813	0.00813	0.00903	0.00632	0.00632	0.00903	0.00813	0.01174	0.01354	0.01987	0.01264	0.03792	0.80225	0.00813	0.01354	0.00542	0.00271	0.00451
8	0.01301	0.01372	0.02767	0.01988	0.02484	0.01321	0.65983	0.12800	0.01368	0.01851	0.01051	0.01342	0.00781	0.00453	0.00583	0.00168	0.00809	0.00576	0.00293	0.00708
9	0.01584	0.01647	0.01500	0.01279	0.01470	0.29664	0.01025	0.19969	0.01398	0.01702	0.00839	0.01063	0.00707	0.00688	0.00950	0.00172	0.32996	0.00404	0.00304	0.00639
10	0.01159	0.01171	0.04881	0.24937	0.54875	0.01179	0.01523	0.01481	0.01109	0.01549	0.00935	0.01272	0.00759	0.00467	0.00501	0.00156	0.00627	0.00447	0.00242	0.00732
11	0.00606	0.00515	0.00524	0.00529	0.00698	0.00433	0.00401	0.00739	0.01153	0.01372	0.05025	0.04900	0.75827	0.01285	0.00602	0.00173	0.00265	0.04055	0.00469	0.00428
12	0.00915	0.00748	0.00950	0.12695	0.01383	0.00826	0.00774	0.01513	0.26371	0.01640	0.06490	0.26739	0.02367	0.01068	0.00588	0.00191	0.00410	0.13307	0.00452	0.00574
13	0.02146	0.00888	0.01170	0.00915	0.01294	0.00806	0.00750	0.02491	0.10741	0.70059	0.02003	0.01741	0.01287	0.00633	0.00509	0.00158	0.00427	0.00516	0.00612	0.00853
14	0.01010	0.00955	0.01616	0.66643	0.17426	0.01138	0.01432	0.01340	0.01037	0.01358	0.00908	0.01330	0.00697	0.00495	0.00505	0.00165	0.00661	0.00450	0.00229	0.00606
15	0.00629	0.00476	0.00581	0.00634	0.00722	0.00428	0.00445	0.00757	0.01109	0.01449	0.17508	0.44426	0.26219	0.01392	0.00622	0.00186	0.00272	0.01230	0.00486	0.00428
16	0.01064	0.14408	0.68253	0.01356	0.02057	0.01296	0.01720	0.01589	0.01062	0.01541	0.00877	0.01030	0.00642	0.00473	0.00457	0.00152	0.00717	0.00358	0.00214	0.00733
17	0.04657	0.00992	0.01686	0.07978	0.34635	0.00986	0.13833	0.01312	0.01117	0.01561	0.01820	0.10299	0.12638	0.00727	0.00546	0.00167	0.00552	0.03534	0.00315	0.00644
18	0.00624	0.00501	0.00557	0.00569	0.00706	0.00434	0.00417	0.00767	0.01176	0.01483	0.19184	0.17658	0.51581	0.01283	0.00605	0.00174	0.00259	0.01100	0.00487	0.00434
19	0.01846	0.01121	0.01317	0.05436	0.01516	0.01183	0.00872	0.33235	0.14662	0.28866	0.03533	0.01571	0.01195	0.00632	0.00510	0.00158	0.00486	0.00504	0.00534	0.00824
20	0.05420	0.00664	0.03919	0.00890	0.04683	0.00599	0.03503	0.00945	0.04115	0.01376	0.02274	0.51051	0.03833	0.13237	0.00890	0.00237	0.00386	0.01106	0.00410	0.00462

[dist]
# distance from previous block
# <min> <max>
0	1

[block]
# block no. 2 follows, 49 sequences, length 27
# corresponding to MSA columns:
# 179-205
name=unknown_C
#
# <colnr> <probs for GDERKNQSTAVLIFYWHMCP>
#	G	D	E	R	K	N	Q	S	T	A	V	L	I	F	Y	W	H	M	C	P
0	0.01014	0.02616	0.79609	0.01441	0.02189	0.01174	0.01868	0.01601	0.01068	0.01601	0.00907	0.01068	0.00641	0.00480	0.00480	0.00160	0.00747	0.00374	0.00214	0.00747
1	0.00803	0.00574	0.00802	0.00918	0.01029	0.00572	0.00795	0.01028	0.01153	0.01500	0.02684	0.10145	0.02936	0.01408	0.00695	0.00231	0.00456	0.71344	0.00466	0.00462
2	0.01049	0.00889	0.01038	0.00757	0.01185	0.00683	0.00602	0.03112	0.01077	0.01668	0.00998	0.04960	0.00877	0.00439	0.00391	0.00083	0.00375	0.00358	0.00313	0.79145
3	0.05726	0.08994	0.22557	0.01302	0.11200	0.01051	0.01146	0.01953	0.01231	0.35814	0.01362	0.01342	0.00928	0.00533	0.00470	0.00150	0.00544	0.00426	0.00407	0.02866
4	0.00604	0.00489	0.00536	0.00573	0.00699	0.00422	0.00411	0.00719	0.01094	0.01342	0.04379	0.29385	0.54830	0.01377	0.00613	0.00182	0.00268	0.01185	0.00470	0.00422
5	0.00789	0.00790	0.10493	0.00725	0.00941	0.00565	0.00645	0.01051	0.01341	0.04633	0.54239	0.03546	0.16323	0.00991	0.00579	0.00161	0.00312	0.00858	0.00502	0.00516
6	0.01390	0.01728	0.24322	0.02119	0.37219	0.11467	0.01470	0.01738	0.01200	0.11039	0.01043	0.01211	0.00790	0.00490	0.00490	0.00151	0.00663	0.00419	0.00287	0.00765
7	0.05521	0.02343	0.64074	0.01503	0.02192	0.01188	0.12979	0.01598	0.01075	0.01639	0.00914	0.01099	0.00654	0.00472	0.00489	0.00161	0.00744	0.00401	0.00225	0.00727
8	0.00616	0.00440	0.00587	0.00704	0.00733	0.00411	0.00469	0.00704	0.00968	0.01291	0.02787	0.81899	0.03344	0.01584	0.00645	0.00205	0.00293	0.01438	0.00469	0.00411
9	0.01244	0.01222	0.02168	0.02983	0.69559	0.01211	0.10974	0.01560	0.01157	0.01648	0.00960	0.01266	0.00797	0.00448	0.00513	0.00153	0.00632	0.00469	0.00251	0.00786
10	0.03723	0.00963	0.01541	0.15453	0.38449	0.00988	0.01212	0.01484	0.01163	0.10636	0.05842	0.05637	0.01397	0.00668	0.00530	0.00166	0.00538	0.08579	0.00342	0.00687
11	0.01014	0.02616	0.79609	0.01441	0.02189	0.01174	0.01868	0.01601	0.01068	0.01601	0.00907	0.01068	0.00641	0.00480	0.00480	0.00160	0.00747	0.00374	0.00214	0.00747
12	0.01708	0.00900	0.01101	0.00914	0.01233	0.00897	0.00731	0.02357	0.29290	0.41729	0.11580	0.02037	0.01796	0.00698	0.00522	0.00162	0.00395	0.00582	0.00577	0.00791
13	0.02084	0.01019	0.01300	0.01207	0.10994	0.06434	0.00862	0.02326	0.03765	0.61841	0.01781	0.01611	0.01162	0.00598	0.00504	0.00154	0.00485	0.00490	0.00550	0.00832
14	0.00705	0.00535	0.00697	0.02076	0.00877	0.00530	0.00579	0.00874	0.01061	0.01389	0.09526	0.12007	0.23143	0.05760	0.18778	0.00350	0.00578	0.19675	0.00419	0.00441
15	0.02269	0.00861	0.01174	0.00900	0.01291	0.00743	0.00743	0.02464	0.01447	0.79425	0.01995	0.01721	0.01252	0.00626	0.00509	0.00156	0.00430	0.00509	0.00626	0.00861
16	0.00971	0.00829	0.01252	0.03181	0.29061	0.00832	0.01028	0.01288	0.05653	0.01596	0.05107	0.03632	0.10846	0.00972	0.00598	0.00188	0.00482	0.31489	0.00390	0.00603
17	0.01204	0.01219	0.02234	0.07697	0.46256	0.01248	0.22546	0.01525	0.01122	0.01582	0.00943	0.01277	0.00772	0.00485	0.00628	0.00163	0.07632	0.00490	0.00248	0.00731
18	0.01200	0.01103	0.01803	0.02532	0.58697	0.01098	0.04035	0.01560	0.06607	0.04036	0.01583	0.01765	0.10585	0.00575	0.00517	0.00155	0.00547	0.00543	0.00308	0.00752
19	0.00781	0.00570	0.00691	0.00663	0.00668	0.00630	0.00425	0.00805	0.00745	0.01021	0.01464	0.02958	0.01659	0.67559	0.06958	0.00475	0.10601	0.00688	0.00294	0.00346
20	0.01435	0.01614	0.01750	0.14278	0.29633	0.31117	0.04943	0.01672	0.01215	0.01411	0.00865	0.01134	0.00715	0.00511	0.00560	0.00151	0.05675	0.00410	0.00249	0.00662
21	0.00836	0.00448	0.00638	0.00642	0.00664	0.00437	0.00433	0.00668	0.00729	0.00951	0.01462	0.04288	0.10659	0.01692	0.01766	0.72218	0.00412	0.00546	0.00258	0.00251
22	0.01591	0.01290	0.01329	0.01102	0.01442	0.04345	0.00882	0.37510	0.39949	0.02582	0.01617	0.01537	0.01191	0.00643	0.00508	0.00161	0.00492	0.00508	0.00501	0.00820
23	0.01083	0.18971	0.63859	0.01323	0.02006	0.01344	0.01663	0.01584	0.01059	0.01517	0.00866	0.01015	0.00642	0.00471	0.00449	0.00150	0.00705	0.00353	0.00214	0.00727
24	0.01258	0.11365	0.02331	0.05237	0.41409	0.01332	0.22478	0.03860	0.02857	0.01629	0.00970	0.01244	0.00786	0.00453	0.00506	0.00152	0.00660	0.00472	0.00260	0.00742
25	0.01149	0.01702	0.24816	0.02055	0.12028	0.01239	0.46227	0.01606	0.01152	0.01619	0.00981	0.01265	0.00735	0.00445	0.00551	0.00165	0.00791	0.00515	0.00243	0.00716
26	0.01625	0.01004	0.01154	0.00982	0.01306	0.01071	0.00780	0.02606	0.50317	0.30176	0.02035	0.01827	0.01438	0.00664	0.00512	0.00166	0.00411	0.00549	0.00555	0.00822

[dist]
# distance from previous block
# <min> <max>
0	5

[block]
# block no. 3 follows, 49 sequences, length 103
# corresponding to MSA columns:
# 211-313
name=unknown_D
#
# <colnr> <probs for GDERKNQSTAVLIFYWHMCP>
#	G	D	E	R	K	N	Q	S	T	A	V	L	I	F	Y	W	H	M	C	P
0	0.00990	0.00954	0.01419	0.49282	0.05071	0.04391	0.01214	0.01241	0.00981	0.01286	0.01090	0.11531	0.01015	0.00716	0.00748	0.00181	0.16514	0.00569	0.00257	0.00550
1	0.01865	0.01508	0.01475	0.01170	0.01544	0.11535	0.00954	0.63437	0.04139	0.02858	0.01228	0.01338	0.00917	0.00624	0.00506	0.00152	0.00595	0.02872	0.00474	0.00811
2	0.00615	0.00467	0.00567	0.00640	0.00718	0.00419	0.00442	0.00722	0.01048	0.01348	0.06924	0.53767	0.27575	0.01463	0.00628	0.00192	0.00279	0.01296	0.00473	0.00419
3	0.01277	0.01277	0.01942	0.09710	0.64212	0.07993	0.01480	0.01562	0.01156	0.01576	0.00926	0.01228	0.00774	0.00470	0.00521	0.00152	0.02298	0.00440	0.00248	0.00757
4	0.01361	0.01409	0.01946	0.02794	0.65754	0.14778	0.01453	0.01632	0.01200	0.01581	0.00922	0.01193	0.00775	0.00463	0.00493	0.00147	0.00654	0.00429	0.00252	0.00764
5	0.01087	0.01185	0.02515	0.01849	0.02268	0.01127	0.61308	0.01455	0.01127	0.01537	0.01207	0.07927	0.01038	0.00948	0.10735	0.00255	0.00871	0.00657	0.00275	0.00631
6	0.00907	0.00524	0.00772	0.00744	0.00744	0.00580	0.00524	0.00730	0.00673	0.00921	0.00851	0.01482	0.00851	0.01646	0.01936	0.74462	0.10730	0.00440	0.00220	0.00262
7	0.01473	0.04231	0.02156	0.01852	0.12679	0.31161	0.31321	0.01817	0.05537	0.01494	0.00969	0.01189	0.00767	0.00480	0.00517	0.00151	0.00806	0.00462	0.00270	0.00668
8	0.01542	0.08311	0.11624	0.01715	0.22017	0.28192	0.02276	0.03112	0.06959	0.08002	0.01042	0.01164	0.00810	0.00511	0.00472	0.00144	0.00695	0.00400	0.00301	0.00713
9	0.00616	0.00440	0.00587	0.00704	0.00733	0.00411	0.00469	0.00704	0.00968	0.01291	0.02787	0.81899	0.03344	0.01584	0.00645	0.00205	0.00293	0.01438	0.00469	0.00411
10	0.00627	0.00510	0.00555	0.00550	0.00703	0.00438	0.00410	0.00780	0.01212	0.01522	0.22726	0.07792	0.57945	0.01234	0.00599	0.00169	0.00253	0.01046	0.00490	0.00438
11	0.00738	0.00783	0.10700	0.00723	0.00928	0.00559	0.00642	0.01007	0.01349	0.01888	0.59332	0.03574	0.13861	0.00995	0.00582	0.00161	0.00306	0.00865	0.00502	0.00505
12	0.00955	0.00899	0.01517	0.81013	0.03483	0.01123	0.01404	0.01292	0.01011	0.01292	0.00899	0.01348	0.00674	0.00506	0.00506	0.00169	0.00674	0.00449	0.00225	0.00562
13	0.01167	0.47303	0.26293	0.01037	0.01524	0.01570	0.01147	0.01463	0.01013	0.01315	0.00849	0.01040	0.00725	0.00875	0.10542	0.00214	0.00708	0.00337	0.00222	0.00654
14	0.01889	0.02410	0.01433	0.01303	0.01563	0.80199	0.00977	0.02019	0.01433	0.01238	0.00782	0.00912	0.00651	0.00521	0.00456	0.00130	0.00912	0.00326	0.00261	0.00586
15	0.00943	0.00471	0.00471	0.00471	0.00589	0.00471	0.00353	0.01178	0.01060	0.01885	0.01650	0.01885	0.01296	0.00589	0.00353	0.00118	0.00236	0.00471	0.85036	0.00471
16	0.01106	0.01106	0.01549	0.01328	0.01328	0.01549	0.01106	0.01217	0.00774	0.01217	0.00664	0.01106	0.00664	0.00885	0.01659	0.00221	0.81303	0.00443	0.00221	0.00553
17	0.01049	0.00899	0.01049	0.00749	0.01198	0.00674	0.00599	0.01273	0.01049	0.01648	0.00899	0.01049	0.00749	0.00374	0.00374	0.00075	0.00374	0.00300	0.00300	0.85320
18	0.05285	0.00718	0.00945	0.00851	0.01091	0.00668	0.00697	0.01697	0.01227	0.38706	0.02128	0.04915	0.01885	0.11278	0.00828	0.00225	0.00445	0.25259	0.00515	0.00637
19	0.01252	0.01201	0.02053	0.03104	0.79074	0.01201	0.01552	0.01552	0.01151	0.01652	0.00951	0.01252	0.00801	0.00451	0.00501	0.00150	0.00601	0.00451	0.00250	0.00801
20	0.01326	0.01084	0.01172	0.01042	0.01328	0.01230	0.00832	0.16505	0.54132	0.02240	0.01978	0.02246	0.01589	0.00762	0.00536	0.00176	0.00438	0.10107	0.00507	0.00769
21	0.00944	0.00643	0.00784	0.00789	0.00928	0.00648	0.00613	0.01286	0.13033	0.07748	0.05345	0.09237	0.10126	0.19473	0.01061	0.00264	0.00417	0.25701	0.00454	0.00506
22	0.00619	0.00513	0.00542	0.00535	0.00696	0.00436	0.00401	0.00767	0.01203	0.01485	0.18371	0.04671	0.65547	0.01236	0.00597	0.00169	0.00253	0.01040	0.00485	0.00436
23	0.00848	0.00744	0.00758	0.00740	0.00860	0.10612	0.00546	0.01043	0.01337	0.01775	0.52761	0.18538	0.03936	0.01082	0.00590	0.00166	0.00339	0.02348	0.00500	0.00478
24	0.00831	0.00497	0.00665	0.00726	0.00805	0.00456	0.00505	0.00939	0.01050	0.11268	0.06076	0.68211	0.03142	0.01438	0.00626	0.00197	0.00308	0.01296	0.00493	0.00471
25	0.00846	0.00445	0.00655	0.00660	0.00672	0.00440	0.00444	0.00686	0.00743	0.01001	0.07291	0.07543	0.01371	0.01686	0.01769	0.72266	0.00412	0.00550	0.00265	0.00254
26	0.58881	0.00824	0.00699	0.00654	0.00882	0.00925	0.00502	0.01287	0.00870	0.03533	0.01147	0.11556	0.01127	0.13126	0.00706	0.00213	0.00392	0.00501	0.01677	0.00499
27	0.01120	0.01246	0.02679	0.01950	0.02400	0.01168	0.67468	0.01503	0.01165	0.01578	0.01248	0.11613	0.01095	0.00574	0.00603	0.00175	0.00781	0.00704	0.00283	0.00647
28	0.00603	0.00512	0.00519	0.00517	0.00686	0.00429	0.00388	0.00735	0.01164	0.01393	0.08176	0.04821	0.75799	0.01270	0.00598	0.00170	0.00255	0.01061	0.00473	0.00429
29	0.01049	0.00899	0.01049	0.00749	0.01198	0.00674	0.00599	0.01273	0.01049	0.01648	0.00899	0.01049	0.00749	0.00374	0.00374	0.00075	0.00374	0.00300	0.00300	0.85320
30	0.00636	0.00455	0.00606	0.00703	0.00747	0.00425	0.00482	0.00748	0.01034	0.01392	0.12458	0.69307	0.03511	0.01508	0.00641	0.00200	0.00292	0.03952	0.00480	0.00421
31	0.00878	0.00439	0.00659	0.00659	0.00659	0.00439	0.00439	0.00659	0.00659	0.00878	0.00878	0.01537	0.00878	0.01757	0.01976	0.85288	0.00439	0.00439	0.00220	0.00220
32	0.00619	0.00513	0.00542	0.00535	0.00696	0.00436	0.00401	0.00768	0.01204	0.01487	0.18646	0.04667	0.65270	0.01235	0.00597	0.00169	0.00253	0.01039	0.00486	0.00436
33	0.00874	0.00551	0.00620	0.00600	0.00693	0.00556	0.00423	0.04412	0.03221	0.01624	0.14625	0.02905	0.02155	0.30399	0.01232	0.00270	0.00361	0.04875	0.29165	0.00439
34	0.01172	0.01320	0.02862	0.02064	0.02553	0.01240	0.72938	0.01588	0.01192	0.01614	0.01116	0.01608	0.00888	0.00481	0.00602	0.00174	0.00831	0.04821	0.00268	0.00670
35	0.01922	0.01416	0.01518	0.01163	0.01568	0.01568	0.00961	0.77388	0.02378	0.03187	0.01214	0.01214	0.00860	0.00607	0.00506	0.00152	0.00556	0.00455	0.00506	0.00860
36	0.00778	0.00522	0.00683	0.00659	0.00761	0.00492	0.00488	0.00951	0.01264	0.03729	0.54914	0.03667	0.03868	0.11440	0.00955	0.06379	0.00309	0.07201	0.00494	0.00445
37	0.02249	0.00892	0.01193	0.00915	0.01306	0.00790	0.00755	0.06680	0.01500	0.75135	0.01951	0.01693	0.01230	0.00625	0.00508	0.00156	0.00437	0.00506	0.00619	0.00861
38	0.00613	0.00466	0.00560	0.00634	0.00711	0.00419	0.00435	0.00712	0.01024	0.01307	0.03548	0.53141	0.29112	0.03973	0.00689	0.00202	0.00287	0.01289	0.00464	0.00413
39	0.00955	0.00899	0.01517	0.81013	0.03483	0.01123	0.01404	0.01292	0.01011	0.01292	0.00899	0.01348	0.00674	0.00506	0.00506	0.00169	0.00674	0.00449	0.00225	0.00562
40	0.01889	0.02410	0.01433	0.01303	0.01563	0.80199	0.00977	0.02019	0.01433	0.01238	0.00782	0.00912	0.00651	0.00521	0.00456	0.00130	0.00912	0.00326	0.00261	0.00586
41	0.00651	0.00476	0.00620	0.00722	0.00786	0.00445	0.00523	0.00771	0.01028	0.01342	0.03064	0.57847	0.12875	0.01511	0.00649	0.00206	0.00321	0.15272	0.00469	0.00423
42	0.00893	0.00554	0.00714	0.00662	0.00814	0.00500	0.00500	0.01102	0.01366	0.11747	0.54973	0.09923	0.12192	0.01053	0.00589	0.00164	0.00269	0.00921	0.00549	0.00515
43	0.01240	0.01168	0.01188	0.01057	0.01218	0.16468	0.00834	0.15151	0.01209	0.01555	0.01099	0.01526	0.00983	0.05107	0.32609	0.00437	0.15809	0.00473	0.00304	0.00565
44	0.00788	0.00563	0.00783	0.00893	0.00999	0.00558	0.00761	0.01004	0.01152	0.01507	0.05669	0.14547	0.03034	0.01405	0.00688	0.00227	0.00437	0.64057	0.00470	0.00460
45	0.00806	0.00697	0.01214	0.01103	0.01269	0.00662	0.18657	0.01014	0.01075	0.01429	0.02341	0.42098	0.02618	0.01260	0.00648	0.00205	0.00472	0.21524	0.00418	0.00490
46	0.01049	0.00899	0.01049	0.00749	0.01198	0.00674	0.00599	0.01273	0.01049	0.01648	0.00899	0.01049	0.00749	0.00374	0.00374	0.00075	0.00374	0.00300	0.00300	0.85320
47	0.01366	0.80502	0.02619	0.00876	0.01305	0.03983	0.00868	0.01527	0.01038	0.01191	0.00705	0.00814	0.00649	0.00435	0.00328	0.00109	0.00550	0.00272	0.00217	0.00647
48	0.01075	0.00923	0.01061	0.00785	0.01213	0.00748	0.00625	0.01453	0.10862	0.01707	0.01046	0.01155	0.00850	0.00414	0.00392	0.00087	0.00378	0.00334	0.00327	0.74563
49	0.03980	0.01237	0.01175	0.01055	0.01334	0.11266	0.00831	0.11019	0.49456	0.02068	0.01821	0.03041	0.01464	0.00724	0.00518	0.00169	0.00487	0.07148	0.00470	0.00738
50	0.01873	0.01212	0.01357	0.01071	0.01448	0.01301	0.00875	0.43718	0.17507	0.21824	0.01578	0.01476	0.01095	0.00628	0.00508	0.00157	0.00494	0.00492	0.00537	0.00848
51	0.00626	0.00489	0.00586	0.00628	0.00733	0.00449	0.00452	0.00750	0.01053	0.01343	0.07056	0.33232	0.37471	0.01703	0.10749	0.00265	0.00409	0.01132	0.00448	0.00426
52	0.01166	0.03891	0.23057	0.02131	0.21485	0.01251	0.34625	0.01618	0.02798	0.01622	0.00988	0.01253	0.00755	0.00452	0.00533	0.00161	0.00744	0.00492	0.00248	0.00731
53	0.02225	0.00931	0.01217	0.00933	0.01326	0.00848	0.00771	0.12000	0.01566	0.69722	0.01896	0.01657	0.01202	0.00623	0.00508	0.00156	0.00446	0.00502	0.00611	0.00860
54	0.01111	0.01299	0.05333	0.01901	0.02378	0.01167	0.64836	0.01505	0.01184	0.01587	0.01541	0.01799	0.10703	0.00537	0.00593	0.00170	0.00773	0.00649	0.00281	0.00652
55	0.00600	0.00504	0.00521	0.00534	0.00689	0.00425	0.00394	0.00723	0.01132	0.01358	0.04862	0.13465	0.70439	0.01315	0.00603	0.00175	0.00260	0.01109	0.00470	0.00425
56	0.01245	0.00696	0.00862	0.00747	0.00981	0.00652	0.00585	0.01606	0.11395	0.25782	0.32472	0.03084	0.15986	0.00905	0.00559	0.00162	0.00322	0.00771	0.00558	0.00629
57	0.01226	0.00652	0.00837	0.00747	0.00923	0.00648	0.00564	0.01471	0.06599	0.23694	0.08863	0.02349	0.01735	0.19227	0.19792	0.00382	0.00623	0.00605	0.08497	0.00566
58	0.01408	0.01053	0.01148	0.01010	0.01311	0.01181	0.00792	0.02654	0.66758	0.13607	0.02049	0.01862	0.01500	0.00677	0.00514	0.00169	0.00405	0.00562	0.00531	0.00809
59	0.01043	0.02413	0.67193	0.01553	0.02262	0.01191	0.14081	0.01604	0.01088	0.01604	0.00926	0.01116	0.00661	0.00472	0.00499	0.00162	0.00764	0.00410	0.00220	0.00737
60	0.00744	0.00531	0.00733	0.00850	0.00935	0.00521	0.00692	0.00925	0.01094	0.01434	0.02717	0.32906	0.03065	0.01464	0.00680	0.00223	0.00404	0.49169	0.00467	0.00446
61	0.01374	0.01250	0.01189	0.01062	0.01342	0.11283	0.00827	0.11079	0.54069	0.02074	0.01848	0.05359	0.01470	0.00716	0.00517	0.00167	0.00480	0.02661	0.00478	0.00753
62	0.00630	0.00487	0.00576	0.00614	0.00722	0.00433	0.00441	0.00766	0.01135	0.01464	0.17952	0.33640	0.35387	0.01351	0.00617	0.00183	0.00270	0.02417	0.00486	0.00431
63	0.75010	0.01186	0.10780	0.00764	0.01132	0.01139	0.00716	0.01501	0.00887	0.02184	0.00730	0.00853	0.00559	0.00471	0.00334	0.00157	0.00436	0.00287	0.00300	0.00573
64	0.85801	0.00978	0.00743	0.00665	0.00978	0.01134	0.00548	0.01486	0.00861	0.02269	0.00704	0.00821	0.00548	0.00469	0.00313	0.00156	0.00391	0.00274	0.00313	0.00548
65	0.00722	0.00492	0.00548	0.00548	0.00564	0.00484	0.00314	0.00734	0.00775	0.01017	0.01932	0.03459	0.09227	0.74464	0.02384	0.00460	0.00468	0.00767	0.00322	0.00318
66	0.68541	0.00886	0.00736	0.00681	0.00951	0.01001	0.00543	0.01400	0.00902	0.05303	0.01095	0.13996	0.01030	0.00657	0.00375	0.00164	0.00377	0.00472	0.00351	0.00538
67	0.00878	0.00439	0.00659	0.00659	0.00659	0.00439	0.00439	0.00659	0.00659	0.00878	0.00878	0.01537	0.00878	0.01757	0.01976	0.85288	0.00439	0.00439	0.00220	0.00220
68	0.00609	0.00510	0.00515	0.00515	0.00672	0.00432	0.00378	0.00726	0.01119	0.01335	0.04838	0.04741	0.72667	0.07798	0.00757	0.00196	0.00275	0.01040	0.00456	0.00417
69	0.01049	0.00899	0.01049	0.00749	0.01198	0.00674	0.00599	0.01273	0.01049	0.01648	0.00899	0.01049	0.00749	0.00374	0.00374	0.00075	0.00374	0.00300	0.00300	0.85320
70	0.01889	0.02410	0.01433	0.01303	0.01563	0.80199	0.00977	0.02019	0.01433	0.01238	0.00782	0.00912	0.00651	0.00521	0.00456	0.00130	0.00912	0.00326	0.00261	0.00586
71	0.00616	0.00440	0.00587	0.00704	0.00733	0.00411	0.00469	0.00704	0.00968	0.01291	0.02787	0.81899	0.03344	0.01584	0.00645	0.00205	0.00293	0.01438	0.00469	0.00411
72	0.01161	0.00944	0.01027	0.00940	0.01183	0.01056	0.00722	0.04734	0.54921	0.04172	0.08401	0.12293	0.04563	0.00844	0.00540	0.00174	0.00375	0.00720	0.00514	0.00716
73	0.00923	0.01921	0.52840	0.01200	0.01742	0.00955	0.03044	0.01396	0.01186	0.01738	0.25705	0.01936	0.01958	0.00655	0.00520	0.00160	0.00588	0.00551	0.00324	0.00660
74	0.00929	0.00774	0.00792	0.00748	0.00894	0.10631	0.00556	0.01126	0.01341	0.05241	0.49988	0.16334	0.03711	0.01020	0.00575	0.00160	0.00347	0.00888	0.00498	0.03447
75	0.01352	0.82533	0.02650	0.00865	0.01298	0.02001	0.00865	0.01514	0.01027	0.01190	0.00703	0.00811	0.00649	0.00433	0.00324	0.00108	0.00541	0.00270	0.00216	0.00649
76	0.03809	0.01393	0.01491	0.01244	0.01463	0.14517	0.03910	0.20116	0.11164	0.04577	0.01056	0.01223	0.00843	0.00694	0.00916	0.00177	0.29930	0.00446	0.00352	0.00680
77	0.01922	0.01416	0.01518	0.01163	0.01568	0.01568	0.00961	0.77388	0.02378	0.03187	0.01214	0.01214	0.00860	0.00607	0.00506	0.00152	0.00556	0.00455	0.00506	0.00860
78	0.00692	0.00506	0.00716	0.00750	0.00812	0.00550	0.00546	0.00825	0.00850	0.01186	0.01807	0.25837	0.01947	0.12180	0.47674	0.00595	0.00940	0.00830	0.00334	0.00423
79	0.00598	0.00512	0.00512	0.00512	0.00683	0.00427	0.00384	0.00726	0.01153	0.01366	0.05123	0.04866	0.78869	0.01281	0.00598	0.00171	0.00256	0.01067	0.00470	0.00427
80	0.00625	0.00444	0.00584	0.00692	0.00719	0.00417	0.00457	0.00707	0.00950	0.01266	0.02693	0.75713	0.03226	0.07931	0.00797	0.00228	0.00309	0.01382	0.00457	0.00403
81	0.01049	0.00899	0.01049	0.00749	0.01198	0.00674	0.00599	0.01273	0.01049	0.01648	0.00899	0.01049	0.00749	0.00374	0.00374	0.00075	0.00374	0.00300	0.00300	0.85320
82	0.00693	0.00516	0.00645	0.00613	0.00742	0.00468	0.00459	0.00911	0.01378	0.01902	0.64798	0.03984	0.18859	0.01081	0.00597	0.00161	0.00242	0.00944	0.00540	0.00468
83	0.01882	0.00954	0.01166	0.00946	0.01298	0.00945	0.00764	0.06536	0.26182	0.48448	0.02052	0.01827	0.03292	0.00661	0.00513	0.00161	0.00423	0.00540	0.00580	0.00830
84	0.00669	0.00452	0.00585	0.00687	0.00733	0.00428	0.00474	0.00784	0.00991	0.01379	0.02636	0.67429	0.03059	0.01447	0.00611	0.00196	0.00296	0.05491	0.11232	0.00422
85	0.73597	0.00961	0.00806	0.00699	0.01024	0.01077	0.00576	0.01629	0.00946	0.13541	0.00893	0.00953	0.00651	0.00492	0.00342	0.00156	0.00397	0.00308	0.00359	0.00593
86	0.00629	0.00467	0.00587	0.00655	0.00727	0.00425	0.00454	0.00750	0.01082	0.01429	0.15979	0.53760	0.18340	0.01433	0.00628	0.00191	0.00277	0.01278	0.00484	0.00425
87	0.00617	0.00502	0.00525	0.00537	0.00671	0.00433	0.00383	0.00725	0.01081	0.01309	0.04435	0.12529	0.61358	0.11614	0.00854	0.00215	0.00290	0.01063	0.00449	0.00410
88	0.01789	0.02244	0.01448	0.01306	0.01533	0.70189	0.00993	0.01917	0.01349	0.01235	0.00767	0.00937	0.00653	0.00567	0.00609	0.00142	0.11143	0.00341	0.00256	0.00582
89	0.00616	0.00440	0.00587	0.00704	0.00733	0.00411	0.00469	0.00704	0.00968	0.01291	0.02787	0.81899	0.03344	0.01584	0.00645	0.00205	0.00293	0.01438	0.00469	0.00411
90	0.12751	0.00916	0.01074	0.00906	0.01224	0.00927	0.00744	0.08984	0.14575	0.36188	0.03168	0.02131	0.01447	0.00718	0.00506	0.00168	0.00429	0.10056	0.02346	0.00744
91	0.00771	0.00754	0.00643	0.00623	0.00801	0.10583	0.00467	0.00909	0.01211	0.01403	0.10503	0.04276	0.62949	0.01164	0.00580	0.00165	0.00338	0.00961	0.00450	0.00451
92	0.00608	0.00507	0.00530	0.00537	0.00692	0.00429	0.00398	0.00740	0.01158	0.01407	0.10215	0.10990	0.67479	0.01287	0.00601	0.00173	0.00258	0.01086	0.00476	0.00429
93	0.01018	0.02592	0.78143	0.01454	0.02197	0.01176	0.03310	0.01602	0.01070	0.01602	0.00910	0.01073	0.00643	0.00479	0.00483	0.00160	0.00749	0.00378	0.00214	0.00746
94	0.00737	0.00598	0.00792	0.00937	0.10717	0.00551	0.00606	0.00925	0.01218	0.01611	0.27012	0.13492	0.30700	0.01144	0.00599	0.00174	0.00316	0.06911	0.00468	0.00491
95	0.01119	0.01251	0.02644	0.01952	0.04504	0.01168	0.65367	0.01504	0.01187	0.01588	0.01543	0.01807	0.10708	0.00536	0.00594	0.00170	0.00770	0.00653	0.00283	0.00653
96	0.01695	0.01217	0.03456	0.01136	0.04860	0.05618	0.00889	0.22375	0.25854	0.21670	0.04668	0.01634	0.01306	0.00638	0.00509	0.00158	0.00490	0.00514	0.00507	0.00805
97	0.01063	0.00642	0.00818	0.00827	0.01003	0.01939	0.00686	0.01255	0.01215	0.16942	0.05511	0.11303	0.16081	0.01212	0.00631	0.00200	0.00406	0.37232	0.00498	0.00535
98	0.01416	0.03528	0.11212	0.01048	0.01405	0.01201	0.00932	0.34775	0.13020	0.04744	0.05584	0.11185	0.03989	0.00769	0.00524	0.00163	0.00491	0.01745	0.01536	0.00734
99	0.00995	0.00943	0.01547	0.61398	0.10172	0.01167	0.01355	0.01297	0.01006	0.01336	0.03025	0.01375	0.00798	0.00563	0.00654	0.00173	0.10917	0.00461	0.00236	0.00581
100	0.01304	0.11576	0.01497	0.03548	0.13276	0.09182	0.00947	0.02199	0.44115	0.01813	0.04226	0.01606	0.01315	0.00608	0.00485	0.00156	0.00502	0.00499	0.00404	0.00742
101	0.00999	0.03175	0.01549	0.45656	0.23216	0.01066	0.01280	0.01298	0.01091	0.01445	0.06895	0.01767	0.07300	0.00590	0.00513	0.00161	0.00586	0.00528	0.00275	0.00611
102	0.01013	0.01211	0.15701	0.01092	0.01535	0.00820	0.13065	0.01313	0.01068	0.02843	0.01255	0.14679	0.01176	0.00609	0.00477	0.00129	0.00507	0.00555	0.00311	0.40643

[dist]
# distance from previous block
# <min> <max>
0	1

[block]
# block no. 4 follows, 49 sequences, length 14
# corresponding to MSA columns:
# 315-328
name=unknown_E
#
# <colnr> <probs for GDERKNQSTAVLIFYWHMCP>
#	G	D	E	R	K	N	Q	S	T	A	V	L	I	F	Y	W	H	M	C	P
0	0.05034	0.00999	0.01051	0.00847	0.01189	0.06977	0.02444	0.06373	0.10501	0.10689	0.02073	0.02041	0.17604	0.00666	0.00472	0.00131	0.00424	0.00538	0.00409	0.29537
1	0.08357	0.01494	0.17996	0.01124	0.01543	0.01314	0.01051	0.22567	0.34792	0.02308	0.01472	0.01442	0.01083	0.00603	0.00488	0.00162	0.00516	0.00473	0.00431	0.00784
2	0.00957	0.00876	0.01452	0.44376	0.21775	0.00990	0.01241	0.01231	0.01037	0.01382	0.01316	0.18555	0.01277	0.00723	0.00534	0.00172	0.00574	0.00661	0.00283	0.00589
3	0.00661	0.00467	0.00574	0.00641	0.00675	0.00444	0.00415	0.00726	0.00909	0.01196	0.02572	0.46307	0.09229	0.29285	0.01306	0.00301	0.00362	0.03138	0.00413	0.00378
4	0.01324	0.01317	0.02462	0.01809	0.02243	0.01321	0.51944	0.17771	0.01418	0.01923	0.01128	0.01545	0.00894	0.00546	0.00652	0.00173	0.05986	0.04526	0.00318	0.00700
5	0.03931	0.01385	0.01627	0.03337	0.28054	0.15078	0.01174	0.09662	0.08683	0.03189	0.01006	0.01217	0.00822	0.00600	0.00737	0.00165	0.17886	0.00435	0.00307	0.00706
6	0.00814	0.00709	0.01143	0.00950	0.01168	0.00670	0.16894	0.01026	0.01107	0.03416	0.11485	0.03217	0.31473	0.05256	0.18021	0.00323	0.00636	0.00806	0.00387	0.00498
7	0.07252	0.00782	0.00909	0.00791	0.01036	0.00778	0.00612	0.01801	0.17644	0.27499	0.05742	0.02619	0.11428	0.14799	0.00874	0.00222	0.00402	0.03669	0.00496	0.00642
8	0.01282	0.01312	0.01216	0.01065	0.01339	0.20243	0.06069	0.03905	0.35823	0.01735	0.02311	0.02234	0.17797	0.00753	0.00524	0.00161	0.00529	0.00617	0.00425	0.00662
9	0.06092	0.01893	0.01294	0.01177	0.01428	0.51869	0.00895	0.02039	0.17758	0.01475	0.01088	0.01195	0.00880	0.00789	0.06030	0.00190	0.02578	0.00393	0.00317	0.00620
10	0.00704	0.00493	0.00602	0.00612	0.00673	0.00469	0.00410	0.00819	0.01058	0.01450	0.28778	0.17667	0.07929	0.31526	0.01343	0.00293	0.00348	0.02407	0.02020	0.00398
11	0.00710	0.00480	0.00559	0.00584	0.00590	0.00473	0.00341	0.00729	0.00785	0.01047	0.01849	0.20120	0.02161	0.64978	0.02161	0.00429	0.00448	0.00886	0.00341	0.00329
12	0.01020	0.00939	0.01437	0.63904	0.03019	0.01152	0.01275	0.01590	0.17514	0.01468	0.01147	0.01463	0.00860	0.00544	0.00507	0.00169	0.00615	0.00476	0.00287	0.00613
13	0.44525	0.18308	0.01140	0.00703	0.00993	0.01150	0.00596	0.01403	0.01001	0.05171	0.11492	0.02916	0.01307	0.04227	0.00471	0.00161	0.00402	0.00419	0.03058	0.00557

[dist]
# distance from previous block
# <min> <max>
0	26

[block]
# block no. 5 follows, 49 sequences, length 50
# corresponding to MSA columns:
# 355-404
name=unknown_F
#
# <colnr> <probs for GDERKNQSTAVLIFYWHMCP>
#	G	D	E	R	K	N	Q	S	T	A	V	L	I	F	Y	W	H	M	C	P
0	0.00747	0.00636	0.00666	0.00744	0.00801	0.08054	0.00506	0.00839	0.01018	0.01291	0.04703	0.64901	0.05592	0.06064	0.00734	0.00212	0.00361	0.01264	0.00443	0.00424
1	0.09906	0.01290	0.01372	0.01078	0.01460	0.01421	0.00885	0.55336	0.10579	0.09574	0.01327	0.01295	0.00940	0.00604	0.00489	0.00155	0.00512	0.00455	0.00499	0.00823
2	0.00777	0.00592	0.00687	0.00651	0.00805	0.00556	0.00489	0.08158	0.01366	0.01813	0.35810	0.13443	0.30675	0.01148	0.00594	0.00168	0.00282	0.00989	0.00510	0.00488
3	0.01051	0.00614	0.00817	0.00770	0.00899	0.00611	0.00578	0.01207	0.01167	0.17672	0.22112	0.30922	0.02879	0.03532	0.00744	0.00189	0.08064	0.00945	0.04691	0.00535
4	0.00822	0.00568	0.00776	0.00881	0.00996	0.00567	0.00762	0.01051	0.01149	0.01543	0.02582	0.07315	0.02767	0.01324	0.00664	0.00221	0.00439	0.66548	0.08560	0.00465
5	0.00705	0.00511	0.00611	0.00586	0.00720	0.00463	0.00440	0.00913	0.01319	0.01832	0.51095	0.03897	0.24880	0.01059	0.00573	0.00158	0.00243	0.00914	0.08618	0.00463
6	0.01019	0.00860	0.01001	0.00730	0.01136	0.00656	0.00571	0.01222	0.01019	0.01584	0.00965	0.01265	0.00853	0.08209	0.00585	0.00115	0.00386	0.00341	0.00300	0.77184
7	0.00685	0.00510	0.00584	0.00565	0.00707	0.00454	0.00424	0.00874	0.01272	0.01720	0.38632	0.04081	0.37413	0.01101	0.00574	0.00160	0.00246	0.00940	0.08603	0.00454
8	0.02236	0.00914	0.01206	0.00925	0.01317	0.00822	0.00764	0.09635	0.01536	0.72128	0.01920	0.01673	0.01214	0.00624	0.00508	0.00156	0.00442	0.00503	0.00614	0.00861
9	0.01411	0.00618	0.00757	0.00664	0.00877	0.00573	0.00519	0.01616	0.01193	0.31312	0.01883	0.09483	0.01475	0.00772	0.02265	0.00157	0.00341	0.00580	0.42893	0.00613
10	0.09555	0.01120	0.01184	0.00997	0.01303	0.01259	0.00792	0.28863	0.32565	0.04739	0.01560	0.01634	0.01200	0.05809	0.04963	0.00217	0.00513	0.00508	0.00469	0.00750
11	0.00704	0.00516	0.00660	0.00624	0.00749	0.00472	0.00468	0.00932	0.01405	0.01964	0.71755	0.03882	0.11863	0.01057	0.00597	0.00160	0.00240	0.00929	0.00548	0.00472
12	0.01019	0.00860	0.01001	0.00730	0.01136	0.00656	0.00571	0.01222	0.01019	0.01584	0.00965	0.01265	0.00853	0.08209	0.00585	0.00115	0.00386	0.00341	0.00300	0.77184
13	0.01922	0.01416	0.01518	0.01163	0.01568	0.01568	0.00961	0.77388	0.02378	0.03187	0.01214	0.01214	0.00860	0.00607	0.00506	0.00152	0.00556	0.00455	0.00506	0.00860
14	0.15603	0.00756	0.00859	0.00714	0.00994	0.00734	0.00576	0.04017	0.01238	0.36446	0.01634	0.01617	0.01140	0.00586	0.00420	0.00142	0.00357	0.00455	0.31045	0.00668
