[name]
unknown

[dist]
# distance from previous block
# <min> <max>
4	7

[block]
# block no. 0 follows, 53 sequences, length 189
# corresponding to MSA columns:
# 7-195
name=unknown_A
#
# <colnr> <probs for GDERKNQSTAVLIFYWHMCP>
#	G	D	E	R	K	N	Q	S	T	A	V	L	I	F	Y	W	H	M	C	P
0	0.04518	0.00998	0.01645	0.25600	0.49076	0.01061	0.01313	0.01345	0.01048	0.01489	0.03817	0.01399	0.03659	0.00489	0.00474	0.00148	0.00556	0.00455	0.00250	0.00658
1	0.00668	0.00518	0.00753	0.06655	0.08193	0.00511	0.00614	0.00792	0.00941	0.01260	0.02344	0.66462	0.02745	0.01320	0.00590	0.00188	0.00336	0.04268	0.00408	0.00434
2	0.01120	0.01072	0.01827	0.20568	0.63075	0.01119	0.01436	0.01412	0.01059	0.01486	0.00888	0.01203	0.00730	0.00437	0.00474	0.00146	0.00583	0.00426	0.00231	0.00707
3	0.01423	0.01212	0.01158	0.00976	0.01258	0.12625	0.00772	0.30108	0.22887	0.04054	0.12740	0.01811	0.05514	0.00673	0.00490	0.00148	0.00474	0.00535	0.00455	0.00688
4	0.00638	0.00465	0.00610	0.00692	0.00765	0.00437	0.00517	0.00775	0.01029	0.01358	0.11464	0.46121	0.11606	0.01364	0.00612	0.00192	0.00308	0.20182	0.00452	0.00410
5	0.01178	0.01150	0.02021	0.02849	0.73083	0.01142	0.08540	0.01473	0.01092	0.01559	0.00905	0.01193	0.00754	0.00424	0.00482	0.00144	0.00590	0.00439	0.00237	0.00747
6	0.01172	0.01144	0.02011	0.04403	0.71572	0.01141	0.08537	0.01468	0.01089	0.01552	0.00904	0.01195	0.00752	0.00425	0.00482	0.00144	0.00591	0.00439	0.00237	0.00742
7	0.04096	0.00905	0.00998	0.00898	0.01146	0.01002	0.00708	0.04906	0.49719	0.09683	0.08418	0.02239	0.01760	0.03652	0.00571	0.00175	0.00382	0.07576	0.00482	0.00685
8	0.00884	0.00584	0.00753	0.00690	0.00804	0.00591	0.00521	0.01070	0.02685	0.10183	0.41559	0.03134	0.05879	0.16283	0.00999	0.00218	0.07844	0.04397	0.00452	0.00471
9	0.01145	0.49798	0.35034	0.01044	0.01577	0.01566	0.01212	0.01465	0.00987	0.01286	0.00745	0.00868	0.00610	0.00428	0.00368	0.00123	0.00592	0.00296	0.00203	0.00652
10	0.01157	0.01068	0.01741	0.26613	0.49803	0.01145	0.01374	0.08479	0.01155	0.01592	0.00907	0.01207	0.00726	0.00455	0.00475	0.00147	0.00585	0.00426	0.00251	0.00694
11	0.00757	0.00516	0.00607	0.00567	0.00727	0.00451	0.00431	0.00928	0.01226	0.08835	0.36305	0.03892	0.40887	0.01055	0.00557	0.00155	0.00250	0.00899	0.00492	0.00461
12	0.01373	0.04325	0.01187	0.01020	0.01274	0.28365	0.00791	0.04057	0.37975	0.03100	0.08645	0.01650	0.01426	0.00627	0.00471	0.00146	0.00539	0.01979	0.00399	0.00651
13	0.01046	0.01046	0.01464	0.01255	0.01255	0.01464	0.01046	0.01150	0.00732	0.01150	0.00627	0.01046	0.00627	0.00837	0.01569	0.00209	0.82328	0.00418	0.00209	0.00523
14	0.01240	0.01026	0.01096	0.00958	0.01232	0.01167	0.00752	0.14321	0.60102	0.02151	0.08986	0.01848	0.01638	0.00667	0.00492	0.00158	0.00387	0.00553	0.00489	0.00737
15	0.04620	0.01225	0.01296	0.01043	0.01386	0.01374	0.00846	0.51647	0.26766	0.02659	0.01385	0.01337	0.01008	0.00593	0.00474	0.00150	0.00473	0.00459	0.00474	0.00784
16	0.01130	0.01078	0.01823	0.15931	0.64705	0.01106	0.01412	0.01417	0.01063	0.01505	0.00889	0.01191	0.00736	0.00432	0.00470	0.00142	0.00572	0.00421	0.00234	0.03745
17	0.00582	0.00416	0.00555	0.00666	0.00693	0.00388	0.00444	0.00666	0.00915	0.01220	0.02634	0.82891	0.03161	0.01497	0.00610	0.00194	0.00277	0.01359	0.00444	0.00388
18	0.01049	0.01001	0.01689	0.39099	0.41796	0.01115	0.01386	0.01342	0.01013	0.01389	0.00865	0.01219	0.00697	0.00466	0.00520	0.00153	0.03908	0.00425	0.00224	0.00644
19	0.01189	0.01027	0.01081	0.00973	0.01243	0.01189	0.00757	0.02540	0.79357	0.01999	0.01945	0.01783	0.01459	0.00648	0.00486	0.00162	0.00378	0.00540	0.00486	0.00757
20	0.01720	0.12676	0.01502	0.01178	0.01445	0.71118	0.00910	0.01847	0.01305	0.01164	0.00729	0.00850	0.00615	0.00482	0.00415	0.00120	0.00817	0.00301	0.00241	0.00562
21	0.00565	0.00484	0.00484	0.00484	0.00646	0.00403	0.00363	0.00686	0.01089	0.01291	0.04842	0.04600	0.80027	0.01210	0.00565	0.00161	0.00242	0.01009	0.00444	0.00403
22	0.00982	0.00837	0.00982	0.00715	0.01127	0.00634	0.00575	0.01195	0.00996	0.01552	0.00918	0.01169	0.00791	0.00393	0.00366	0.00077	0.00357	0.03388	0.00290	0.82657
23	0.02144	0.00813	0.01109	0.00850	0.01220	0.00702	0.00702	0.02329	0.01368	0.80552	0.01886	0.01627	0.01183	0.00592	0.00481	0.00148	0.00407	0.00481	0.00592	0.00813
24	0.77060	0.00965	0.00938	0.00783	0.01100	0.01087	0.09203	0.01419	0.00848	0.02076	0.00699	0.00834	0.00541	0.00439	0.00326	0.00149	0.00418	0.00293	0.00290	0.00532
25	0.00759	0.00542	0.00758	0.00868	0.00973	0.00541	0.00751	0.00971	0.01090	0.01418	0.02537	0.09899	0.02775	0.01331	0.00657	0.00219	0.00431	0.72604	0.00440	0.00437
26	0.02144	0.00813	0.01109	0.00850	0.01220	0.00702	0.00702	0.02329	0.01368	0.80552	0.01886	0.01627	0.01183	0.00592	0.00481	0.00148	0.00407	0.00481	0.00592	0.00813
27	0.01525	0.00731	0.00950	0.00773	0.01041	0.00673	0.00621	0.08764	0.01443	0.41882	0.33145	0.02363	0.02484	0.00745	0.00514	0.00148	0.00345	0.00630	0.00555	0.00668
28	0.02039	0.00817	0.01098	0.00837	0.01212	0.00696	0.00690	0.02226	0.01333	0.73297	0.01790	0.01568	0.01140	0.00570	0.00469	0.00141	0.00402	0.00463	0.00563	0.08648
29	0.68647	0.00975	0.00834	0.00711	0.01024	0.01104	0.00586	0.12351	0.01055	0.07828	0.00820	0.00889	0.00606	0.00472	0.00335	0.00147	0.00394	0.00299	0.00342	0.00580
30	0.00991	0.00850	0.00991	0.00708	0.01133	0.00637	0.00566	0.01203	0.00991	0.01557	0.00850	0.00991	0.00708	0.00354	0.00354	0.00071	0.00354	0.00283	0.00283	0.86124
31	0.00991	0.00850	0.00991	0.00708	0.01133	0.00637	0.00566	0.01203	0.00991	0.01557	0.00850	0.00991	0.00708	0.00354	0.00354	0.00071	0.00354	0.00283	0.00283	0.86124
32	0.00582	0.00416	0.00555	0.00666	0.00693	0.00388	0.00444	0.00666	0.00915	0.01220	0.02634	0.82891	0.03161	0.01497	0.00610	0.00194	0.00277	0.01359	0.00444	0.00388
33	0.86579	0.00924	0.00702	0.00629	0.00924	0.01072	0.00518	0.01405	0.00813	0.02144	0.00666	0.00776	0.00518	0.00444	0.00296	0.00148	0.00370	0.00259	0.00296	0.00518
34	0.01067	0.00894	0.01032	0.00744	0.01165	0.00715	0.00598	0.08314	0.01106	0.01691	0.00877	0.01005	0.00718	0.00374	0.00365	0.00077	0.00370	0.00297	0.00301	0.78290
35	0.00810	0.00632	0.00999	0.01007	0.01158	0.00624	0.09427	0.01051	0.01103	0.01442	0.02356	0.04934	0.02525	0.01218	0.00649	0.00213	0.00481	0.68489	0.00418	0.00463
36	0.00582	0.00416	0.00555	0.00666	0.00693	0.00388	0.00444	0.00666	0.00915	0.01220	0.02634	0.82891	0.03161	0.01497	0.00610	0.00194	0.00277	0.01359	0.00444	0.00388
37	0.78824	0.00914	0.00740	0.00649	0.00951	0.01038	0.00535	0.01490	0.00864	0.09345	0.00778	0.00855	0.00579	0.00457	0.00313	0.00148	0.00373	0.00279	0.00323	0.00545
38	0.01128	0.01289	0.02820	0.02015	0.02498	0.01209	0.78485	0.01531	0.01128	0.01531	0.00967	0.01289	0.00725	0.00403	0.00564	0.00161	0.00806	0.00564	0.00242	0.00645
39	0.00903	0.00850	0.01434	0.82054	0.03292	0.01062	0.01327	0.01221	0.00956	0.01221	0.00850	0.01274	0.00637	0.00478	0.00478	0.00159	0.00637	0.00425	0.00212	0.00531
40	0.35990	0.00906	0.00976	0.00784	0.01126	0.00922	0.00647	0.08965	0.01226	0.41974	0.01328	0.01242	0.00882	0.00531	0.00406	0.00147	0.00403	0.00387	0.00462	0.00695
41	0.00569	0.00484	0.00490	0.00489	0.00648	0.00405	0.00367	0.00695	0.01100	0.01316	0.07882	0.04558	0.76971	0.01201	0.00565	0.00161	0.00241	0.01003	0.00447	0.00405
42	0.01785	0.02278	0.01354	0.01231	0.01478	0.81284	0.00924	0.01909	0.01354	0.01170	0.00739	0.00862	0.00616	0.00493	0.00431	0.00123	0.00862	0.00308	0.00246	0.00554
43	0.00565	0.00484	0.00484	0.00484	0.00646	0.00403	0.00363	0.00686	0.01089	0.01291	0.04842	0.04600	0.80027	0.01210	0.00565	0.00161	0.00242	0.01009	0.00444	0.00403
44	0.02144	0.00813	0.01109	0.00850	0.01220	0.00702	0.00702	0.02329	0.01368	0.80552	0.01886	0.01627	0.01183	0.00592	0.00481	0.00148	0.00407	0.00481	0.00592	0.00813
45	0.03606	0.00950	0.01125	0.00881	0.01239	0.08109	0.00720	0.02274	0.01357	0.71874	0.01759	0.01542	0.01119	0.00580	0.00473	0.00146	0.00448	0.00461	0.00555	0.00784
46	0.00695	0.00463	0.00521	0.00521	0.00521	0.00463	0.00290	0.00695	0.00695	0.00927	0.01506	0.03128	0.01738	0.83203	0.02433	0.00463	0.00463	0.00695	0.00290	0.00290
47	0.00891	0.00445	0.00445	0.00445	0.00557	0.00445	0.00334	0.01114	0.01002	0.01782	0.01559	0.01782	0.01225	0.00557	0.00334	0.00111	0.00223	0.00445	0.85856	0.00445
48	0.01157	0.01109	0.01894	0.10200	0.73156	0.01129	0.01454	0.01444	0.01076	0.01530	0.00894	0.01191	0.00746	0.00431	0.00474	0.00144	0.00574	0.00426	0.00234	0.00736
49	0.01278	0.83490	0.02505	0.00818	0.01227	0.01891	0.00818	0.01431	0.00971	0.01125	0.00664	0.00767	0.00613	0.00409	0.00307	0.00102	0.00511	0.00256	0.00204	0.00613
50	0.00695	0.00463	0.00521	0.00521	0.00521	0.00463	0.00290	0.00695	0.00695	0.00927	0.01506	0.03128	0.01738	0.83203	0.02433	0.00463	0.00463	0.00695	0.00290	0.00290
51	0.01785	0.02278	0.01354	0.01231	0.01478	0.81284	0.00924	0.01909	0.01354	0.01170	0.00739	0.00862	0.00616	0.00493	0.00431	0.00123	0.00862	0.00308	0.00246	0.00554
52	0.01324	0.01675	0.40352	0.01131	0.01640	0.01010	0.01240	0.01952	0.18631	0.22722	0.01403	0.01419	0.00986	0.00548	0.00472	0.00154	0.00549	0.01679	0.00373	0.00742
53	0.01007	0.00956	0.01622	0.52594	0.31935	0.01089	0.01379	0.01313	0.01005	0.01348	0.00868	0.01240	0.00682	0.00458	0.00476	0.00153	0.00611	0.00425	0.00221	0.00615
54	0.01189	0.01027	0.01081	0.00973	0.01243	0.01189	0.00757	0.02540	0.79357	0.01999	0.01945	0.01783	0.01459	0.00648	0.00486	0.00162	0.00378	0.00540	0.00486	0.00757
55	0.03098	0.00944	0.01436	0.01683	0.32911	0.00882	0.01006	0.01969	0.01247	0.47617	0.01470	0.01435	0.01002	0.00523	0.00475	0.00146	0.00471	0.00455	0.00444	0.00786
56	0.01155	0.31459	0.39714	0.01147	0.01654	0.08779	0.01297	0.01495	0.01008	0.01317	0.00761	0.00911	0.00611	0.00469	0.00478	0.00135	0.06440	0.00319	0.00207	0.00646
57	0.00671	0.00516	0.00634	0.00686	0.00814	0.00484	0.00564	0.00838	0.01065	0.01335	0.03466	0.04777	0.37226	0.03924	0.05039	0.00231	0.00398	0.36487	0.00427	0.00418
58	0.01161	0.01113	0.01896	0.06331	0.75671	0.01121	0.01444	0.01444	0.01083	0.01543	0.00957	0.01239	0.01958	0.00440	0.00475	0.00143	0.00566	0.00435	0.00239	0.00742
59	0.00954	0.02323	0.73444	0.08773	0.02181	0.01106	0.01726	0.01487	0.01004	0.01487	0.00857	0.01033	0.00608	0.00456	0.00456	0.00152	0.00700	0.00360	0.00203	0.00690
60	0.86579	0.00924	0.00702	0.00629	0.00924	0.01072	0.00518	0.01405	0.00813	0.02144	0.00666	0.00776	0.00518	0.00444	0.00296	0.00148	0.00370	0.00259	0.00296	0.00518
61	0.00655	0.00524	0.00590	0.00567	0.00716	0.00479	0.00427	0.00906	0.06749	0.01597	0.35347	0.03979	0.43584	0.01075	0.00559	0.00157	0.00245	0.00917	0.00481	0.00448
62	0.00964	0.00814	0.00948	0.00691	0.01077	0.00621	0.00541	0.01157	0.00964	0.01500	0.00910	0.01187	0.00803	0.07963	0.00545	0.00107	0.00364	0.00321	0.00284	0.78242
63	0.00582	0.00416	0.00555	0.00666	0.00693	0.00388	0.00444	0.00666	0.00915	0.01220	0.02634	0.82891	0.03161	0.01497	0.00610	0.00194	0.00277	0.01359	0.00444	0.00388
64	0.00991	0.00850	0.00991	0.00708	0.01133	0.00637	0.00566	0.01203	0.00991	0.01557	0.00850	0.00991	0.00708	0.00354	0.00354	0.00071	0.00354	0.00283	0.00283	0.86124
65	0.00937	0.00537	0.00550	0.00530	0.00666	0.00558	0.00402	0.02637	0.11009	0.01836	0.04384	0.01835	0.01364	0.00584	0.00364	0.00120	0.00248	0.00472	0.70476	0.00492
66	0.00903	0.00850	0.01434	0.82054	0.03292	0.01062	0.01327	0.01221	0.00956	0.01221	0.00850	0.01274	0.00637	0.00478	0.00478	0.00159	0.00637	0.00425	0.00212	0.00531
67	0.00760	0.00516	0.00611	0.00571	0.00729	0.00452	0.00434	0.00934	0.01234	0.08853	0.38504	0.03862	0.38676	0.01048	0.00557	0.00155	0.00250	0.00895	0.00495	0.00463
68	0.01714	0.01111	0.01322	0.01167	0.08577	0.01175	0.00867	0.42318	0.07227	0.21334	0.01376	0.01407	0.00989	0.03609	0.03412	0.00179	0.00515	0.00462	0.00469	0.00772
69	0.04345	0.00551	0.00709	0.00651	0.00804	0.00514	0.00506	0.01109	0.01317	0.11904	0.62014	0.03323	0.03816	0.00928	0.00548	0.00154	0.00268	0.05518	0.00520	0.00499
70	0.01457	0.01675	0.01279	0.01305	0.10793	0.44957	0.00897	0.01895	0.20077	0.01428	0.01425	0.01466	0.08129	0.00588	0.00462	0.00138	0.00653	0.00442	0.00321	0.00613
71	0.01667	0.01256	0.01353	0.01044	0.01421	0.01361	0.00856	0.63015	0.09189	0.02757	0.01188	0.01188	0.00860	0.00556	0.00465	0.00137	0.00493	0.00424	0.00457	0.10311
72	0.01278	0.83490	0.02505	0.00818	0.01227	0.01891	0.00818	0.01431	0.00971	0.01125	0.00664	0.00767	0.00613	0.00409	0.00307	0.00102	0.00511	0.00256	0.00204	0.00613
73	0.00948	0.00896	0.01516	0.69176	0.15813	0.01074	0.01350	0.01261	0.00977	0.01277	0.00858	0.01259	0.00657	0.00469	0.00477	0.00156	0.00626	0.00425	0.00216	0.00568
74	0.01775	0.01165	0.01297	0.01021	0.01380	0.01255	0.00835	0.47730	0.16116	0.20123	0.01458	0.01370	0.01013	0.00591	0.00480	0.00148	0.00472	0.00462	0.00505	0.00803
75	0.00685	0.00505	0.00731	0.00731	0.00804	0.00577	0.00551	0.00830	0.00757	0.01082	0.01314	0.02065	0.01276	0.15507	0.69497	0.00723	0.01158	0.00539	0.00261	0.00406
76	0.01211	0.23294	0.44270	0.01195	0.01730	0.17791	0.01349	0.01574	0.01070	0.01343	0.00784	0.00916	0.00610	0.00450	0.00411	0.00133	0.00688	0.00319	0.00212	0.00651
77	0.00600	0.00428	0.00574	0.00685	0.00721	0.00403	0.00474	0.00695	0.00932	0.01239	0.02625	0.75773	0.03124	0.01481	0.00615	0.00196	0.00292	0.08306	0.00443	0.00393
78	0.01033	0.08328	0.01001	0.00767	0.00985	0.00861	0.00609	0.02840	0.26924	0.08221	0.36846	0.02567	0.05499	0.00788	0.00507	0.00150	0.00322	0.00669	0.00485	0.00600
79	0.00565	0.00484	0.00484	0.00484	0.00646	0.00403	0.00363	0.00686	0.01089	0.01291	0.04842	0.04600	0.80027	0.01210	0.00565	0.00161	0.00242	0.01009	0.00444	0.00403
80	0.01046	0.01046	0.01464	0.01255	0.01255	0.01464	0.01046	0.01150	0.00732	0.01150	0.00627	0.01046	0.00627	0.00837	0.01569	0.00209	0.82328	0.00418	0.00209	0.00523
81	0.01495	0.01229	0.01365	0.01126	0.01363	0.06589	0.00930	0.41759	0.02858	0.03651	0.01126	0.01509	0.00942	0.00713	0.00803	0.00168	0.23857	0.07454	0.00385	0.00678
82	0.00991	0.00850	0.00991	0.00708	0.01133	0.00637	0.00566	0.01203	0.00991	0.01557	0.00850	0.00991	0.00708	0.00354	0.00354	0.00071	0.00354	0.00283	0.00283	0.86124
83	0.00991	0.00850	0.00991	0.00708	0.01133	0.00637	0.00566	0.01203	0.00991	0.01557	0.00850	0.00991	0.00708	0.00354	0.00354	0.00071	0.00354	0.00283	0.00283	0.86124
84	0.02070	0.00817	0.01090	0.00841	0.01198	0.00721	0.00693	0.05357	0.01386	0.73549	0.01840	0.01615	0.01170	0.00589	0.00473	0.00146	0.00403	0.00477	0.04771	0.00795
85	0.01250	0.01045	0.01106	0.00980	0.01259	0.01201	0.00766	0.07933	0.72531	0.03439	0.01888	0.01735	0.01408	0.00642	0.00486	0.00161	0.00389	0.00532	0.00488	0.00762
86	0.00694	0.00469	0.00548	0.00548	0.00558	0.00478	0.00323	0.00712	0.00703	0.00947	0.01481	0.02991	0.01678	0.74502	0.11052	0.00497	0.00553	0.00675	0.00286	0.00305
87	0.00639	0.00440	0.00538	0.00593	0.00606	0.00426	0.00366	0.00680	0.00804	0.01072	0.02063	0.42506	0.02440	0.42866	0.01533	0.00330	0.00372	0.01023	0.00366	0.00338
88	0.00588	0.00427	0.00551	0.00642	0.00686	0.00394	0.00433	0.00680	0.00947	0.01254	0.06605	0.69932	0.10253	0.03368	0.00647	0.00195	0.00276	0.01287	0.00444	0.00390
89	0.01183	0.01136	0.01940	0.02934	0.80221	0.01136	0.01467	0.01467	0.01088	0.01562	0.00899	0.01183	0.00757	0.00426	0.00473	0.00142	0.00568	0.00426	0.00237	0.00757
90	0.01128	0.01289	0.02820	0.02015	0.02498	0.01209	0.78485	0.01531	0.01128	0.01531	0.00967	0.01289	0.00725	0.00403	0.00564	0.00161	0.00806	0.00564	0.00242	0.00645
91	0.02144	0.00813	0.01109	0.00850	0.01220	0.00702	0.00702	0.02329	0.01368	0.80552	0.01886	0.01627	0.01183	0.00592	0.00481	0.00148	0.00407	0.00481	0.00592	0.00813
92	0.02144	0.00813	0.01109	0.00850	0.01220	0.00702	0.00702	0.02329	0.01368	0.80552	0.01886	0.01627	0.01183	0.00592	0.00481	0.00148	0.00407	0.00481	0.00592	0.00813
93	0.86579	0.00924	0.00702	0.00629	0.00924	0.01072	0.00518	0.01405	0.00813	0.02144	0.00666	0.00776	0.00518	0.00444	0.00296	0.00148	0.00370	0.00259	0.00296	0.00518
94	0.00566	0.00481	0.00488	0.00493	0.00648	0.00403	0.00367	0.00685	0.01081	0.01288	0.04734	0.08413	0.76283	0.01224	0.00567	0.00163	0.00244	0.01026	0.00444	0.00403
95	0.01113	0.01324	0.09668	0.01776	0.04244	0.01109	0.57238	0.01497	0.01101	0.02949	0.00955	0.01225	0.00721	0.00405	0.00521	0.00147	0.00721	0.00501	0.00250	0.12536
96	0.00892	0.00829	0.01387	0.69216	0.08268	0.01005	0.01256	0.01187	0.00961	0.01244	0.01017	0.08764	0.00877	0.00568	0.00490	0.00161	0.00599	0.00511	0.00235	0.00533
97	0.86579	0.00924	0.00702	0.00629	0.00924	0.01072	0.00518	0.01405	0.00813	0.02144	0.00666	0.00776	0.00518	0.00444	0.00296	0.00148	0.00370	0.00259	0.00296	0.00518
98	0.01629	0.00896	0.01073	0.00895	0.01206	0.00916	0.00715	0.02357	0.37568	0.40232	0.05745	0.01795	0.01474	0.00637	0.00487	0.00155	0.00385	0.00527	0.00540	0.00769
99	0.00751	0.00544	0.00744	0.00844	0.00959	0.00537	0.00733	0.00962	0.01099	0.01418	0.02743	0.05319	0.09848	0.01310	0.00651	0.00215	0.00422	0.70025	0.00440	0.00437
100	0.01297	0.01260	0.02751	0.01255	0.08599	0.15335	0.06416	0.14182	0.24855	0.01767	0.01306	0.01474	0.01045	0.03913	0.12136	0.00248	0.00674	0.00471	0.00357	0.00657
101	0.01027	0.00834	0.00976	0.00703	0.01115	0.00633	0.00563	0.01238	0.01004	0.04238	0.00910	0.01041	0.00742	0.00369	0.00358	0.00075	0.00351	0.00296	0.03331	0.80197
102	0.83123	0.00933	0.00753	0.00722	0.04133	0.01075	0.00556	0.01407	0.00825	0.02121	0.00675	0.00793	0.00527	0.00443	0.00303	0.00148	0.00378	0.00266	0.00293	0.00527
103	0.01075	0.01031	0.01721	0.29136	0.46194	0.01146	0.01376	0.01351	0.01006	0.01404	0.00854	0.01199	0.00703	0.00487	0.00591	0.00155	0.09265	0.00425	0.00226	0.00657
104	0.00959	0.02472	0.80726	0.01362	0.02069	0.01110	0.01766	0.01514	0.01009	0.01514	0.00858	0.01009	0.00605	0.00454	0.00454	0.00151	0.00706	0.00353	0.00202	0.00706
105	0.00665	0.00530	0.00601	0.00576	0.00724	0.00488	0.00434	0.00932	0.07512	0.01627	0.38120	0.03914	0.40013	0.01061	0.00558	0.00157	0.00246	0.00907	0.00484	0.00453
106	0.06274	0.00840	0.01102	0.00849	0.01216	0.00752	0.00702	0.05332	0.01376	0.73607	0.01796	0.01566	0.01136	0.00584	0.00471	0.00148	0.00410	0.00468	0.00573	0.00799
107	0.86579	0.00924	0.00702	0.00629	0.00924	0.01072	0.00518	0.01405	0.00813	0.02144	0.00666	0.00776	0.00518	0.00444	0.00296	0.00148	0.00370	0.00259	0.00296	0.00518
108	0.01022	0.00911	0.01493	0.04849	0.48500	0.00918	0.01206	0.01283	0.01088	0.01502	0.01497	0.02733	0.01486	0.00756	0.00542	0.00171	0.00523	0.28576	0.00311	0.00633
109	0.00568	0.00484	0.00488	0.00487	0.00647	0.00405	0.00365	0.00691	0.01096	0.01306	0.06610	0.04576	0.78250	0.01205	0.00565	0.00161	0.00242	0.01005	0.00446	0.00405
110	0.01189	0.01027	0.01081	0.00973	0.01243	0.01189	0.00757	0.02540	0.79357	0.01999	0.01945	0.01783	0.01459	0.00648	0.00486	0.00162	0.00378	0.00540	0.00486	0.00757
111	0.00702	0.00578	0.00850	0.20313	0.01370	0.00649	0.00712	0.00844	0.00908	0.01214	0.02020	0.55726	0.02321	0.01191	0.00666	0.00187	0.07899	0.01048	0.00366	0.00435
112	0.01157	0.01109	0.01894	0.10200	0.73156	0.01129	0.01454	0.01444	0.01076	0.01530	0.00894	0.01191	0.00746	0.00431	0.00474	0.00144	0.00574	0.00426	0.00234	0.00736
113	0.01046	0.01046	0.01464	0.01255	0.01255	0.01464	0.01046	0.01150	0.00732	0.01150	0.00627	0.01046	0.00627	0.00837	0.01569	0.00209	0.82328	0.00418	0.00209	0.00523
114	0.00587	0.00420	0.00559	0.00662	0.00694	0.00391	0.00444	0.00677	0.00937	0.01254	0.06429	0.78999	0.03227	0.01472	0.00608	0.00192	0.00275	0.01335	0.00448	0.00391
115	0.00683	0.00512	0.00768	0.00768	0.00853	0.00597	0.00597	0.00853	0.00768	0.01110	0.01280	0.01878	0.01195	0.03585	0.81308	0.00768	0.01280	0.00512	0.00256	0.00427
116	0.00959	0.02472	0.80726	0.01362	0.02069	0.01110	0.01766	0.01514	0.01009	0.01514	0.00858	0.01009	0.00605	0.00454	0.00454	0.00151	0.00706	0.00353	0.00202	0.00706
117	0.00565	0.00484	0.00484	0.00484	0.00646	0.00403	0.00363	0.00686	0.01089	0.01291	0.04842	0.04600	0.80027	0.01210	0.00565	0.00161	0.00242	0.01009	0.00444	0.00403
118	0.02144	0.00813	0.01109	0.00850	0.01220	0.00702	0.00702	0.02329	0.01368	0.80552	0.01886	0.01627	0.01183	0.00592	0.00481	0.00148	0.00407	0.00481	0.00592	0.00813
119	0.01751	0.01091	0.03123	0.01716	0.24691	0.00991	0.12520	0.03329	0.02474	0.40573	0.01513	0.01557	0.01064	0.00577	0.00533	0.00166	0.00554	0.00506	0.00454	0.00816
120	0.00565	0.00484	0.00484	0.00484	0.00646	0.00403	0.00363	0.00686	0.01089	0.01291	0.04842	0.04600	0.80027	0.01210	0.00565	0.00161	0.00242	0.01009	0.00444	0.00403
121	0.01183	0.01136	0.01940	0.02934	0.80221	0.01136	0.01467	0.01467	0.01088	0.01562	0.00899	0.01183	0.00757	0.00426	0.00473	0.00142	0.00568	0.00426	0.00237	0.00757
122	0.00599	0.00466	0.00520	0.00555	0.00673	0.00403	0.00398	0.00708	0.01032	0.02672	0.04003	0.32427	0.51256	0.01302	0.00579	0.00173	0.00258	0.01124	0.00446	0.00405
123	0.01146	0.01306	0.02750	0.02033	0.05619	0.03090	0.73543	0.01537	0.01132	0.01524	0.00959	0.01275	0.00724	0.00406	0.00557	0.00159	0.00797	0.00552	0.00242	0.00647
124	0.01278	0.83490	0.02505	0.00818	0.01227	0.01891	0.00818	0.01431	0.00971	0.01125	0.00664	0.00767	0.00613	0.00409	0.00307	0.00102	0.00511	0.00256	0.00204	0.00613
125	0.00991	0.00850	0.00991	0.00708	0.01133	0.00637	0.00566	0.01203	0.00991	0.01557	0.00850	0.00991	0.00708	0.00354	0.00354	0.00071	0.00354	0.00283	0.00283	0.86124
126	0.01020	0.00867	0.01007	0.00722	0.01145	0.00667	0.00578	0.03952	0.01036	0.01609	0.00860	0.00997	0.00712	0.00362	0.00358	0.00073	0.00360	0.00288	0.00290	0.83096
127	0.01785	0.02278	0.01354	0.01231	0.01478	0.81284	0.00924	0.01909	0.01354	0.01170	0.00739	0.00862	0.00616	0.00493	0.00431	0.00123	0.00862	0.00308	0.00246	0.00554
128	0.02060	0.00818	0.01098	0.00850	0.01208	0.00723	0.00699	0.03616	0.03770	0.74156	0.04497	0.01689	0.01297	0.00606	0.00484	0.00148	0.00402	0.00494	0.00584	0.00799
129	0.00595	0.00425	0.00569	0.00680	0.00713	0.00399	0.00465	0.00687	0.00927	0.01234	0.02628	0.77803	0.03134	0.01486	0.00613	0.00196	0.00288	0.06324	0.00443	0.00392
130	0.00582	0.00417	0.00553	0.00662	0.00692	0.00388	0.00442	0.00666	0.00918	0.01221	0.02674	0.81470	0.04556	0.01492	0.00609	0.00194	0.00277	0.01352	0.00444	0.00388
131	0.01336	0.01100	0.01164	0.01002	0.01299	0.01258	0.00792	0.20395	0.61262	0.02237	0.01758	0.01634	0.01307	0.00631	0.00484	0.00158	0.00413	0.00515	0.00484	0.00770
132	0.00719	0.00502	0.00691	0.00796	0.00878	0.00489	0.00641	0.00885	0.01032	0.02639	0.02561	0.35664	0.02886	0.01378	0.00638	0.00209	0.00376	0.46147	0.00444	0.00426
133	0.01059	0.01777	0.35180	0.01770	0.04561	0.01166	0.44373	0.01522	0.01078	0.01525	0.00920	0.01170	0.00676	0.00425	0.00516	0.00157	0.00758	0.00472	0.00225	0.00674
134	0.01126	0.01267	0.02565	0.01872	0.02270	0.02728	0.64033	0.01474	0.01066	0.01460	0.00906	0.01240	0.00707	0.00477	0.00731	0.00169	0.14515	0.00535	0.00236	0.00622
135	0.00770	0.00550	0.00770	0.00880	0.00990	0.00550	0.00770	0.00990	0.01100	0.01430	0.02531	0.05391	0.02751	0.01320	0.00660	0.00220	0.00440	0.77004	0.00440	0.00440
136	0.00918	0.00499	0.00504	0.00494	0.00620	0.00514	0.00373	0.01245	0.08198	0.01802	0.01595	0.01782	0.01247	0.00565	0.00348	0.00116	0.00237	0.00454	0.78016	0.00474
137	0.01135	0.01975	0.42425	0.01757	0.22088	0.12620	0.05477	0.01539	0.01096	0.01491	0.03420	0.01130	0.00779	0.00467	0.00465	0.00145	0.00683	0.00393	0.00230	0.00686
138	0.01199	0.00629	0.00870	0.00863	0.01053	0.00593	0.00737	0.01403	0.01179	0.26481	0.02330	0.06945	0.02269	0.01096	0.00602	0.00196	0.00424	0.50088	0.00488	0.00557
139	0.00587	0.00420	0.00559	0.00662	0.00694	0.00391	0.00444	0.00677	0.00937	0.01254	0.06429	0.78999	0.03227	0.01472	0.00608	0.00192	0.00275	0.01335	0.00448	0.00391
140	0.00629	0.00487	0.00574	0.00552	0.00685	0.00431	0.00414	0.00811	0.01242	0.01653	0.48310	0.04004	0.36333	0.01075	0.00564	0.00155	0.00232	0.00925	0.00491	0.00431
141	0.63899	0.00977	0.00837	0.00715	0.01018	0.01112	0.00587	0.16828	0.01123	0.02285	0.02738	0.01032	0.02726	0.00504	0.00346	0.00147	0.00392	0.00330	0.01834	0.00571
142	0.00792	0.00555	0.00631	0.00588	0.00763	0.00501	0.00449	0.01037	0.06743	0.09093	0.26011	0.03819	0.45154	0.01044	0.00551	0.00157	0.00263	0.00883	0.00485	0.00481
143	0.02144	0.00813	0.01109	0.00850	0.01220	0.00702	0.00702	0.02329	0.01368	0.80552	0.01886	0.01627	0.01183	0.00592	0.00481	0.00148	0.00407	0.00481	0.00592	0.00813
144	0.00903	0.00850	0.01434	0.82054	0.03292	0.01062	0.01327	0.01221	0.00956	0.01221	0.00850	0.01274	0.00637	0.00478	0.00478	0.00159	0.00637	0.00425	0.00212	0.00531
145	0.01212	0.01049	0.01157	0.01015	0.01297	0.01201	0.03522	0.05583	0.73460	0.02024	0.01878	0.01740	0.01407	0.00637	0.00489	0.00161	0.00399	0.00537	0.00477	0.00755
146	0.00891	0.00445	0.00445	0.00445	0.00557	0.00445	0.00334	0.01114	0.01002	0.01782	0.01559	0.01782	0.01225	0.00557	0.00334	0.00111	0.00223	0.00445	0.85856	0.00445
147	0.86579	0.00924	0.00702	0.00629	0.00924	0.01072	0.00518	0.01405	0.00813	0.02144	0.00666	0.00776	0.00518	0.00444	0.00296	0.00148	0.00370	0.00259	0.00296	0.00518
148	0.00575	0.00485	0.00498	0.00495	0.00652	0.00408	0.00371	0.00706	0.01114	0.01349	0.11741	0.04505	0.73092	0.01189	0.00565	0.00160	0.00241	0.00995	0.00451	0.00408
149	0.01075	0.01761	0.37847	0.02110	0.35455	0.01133	0.10771	0.01496	0.01057	0.01536	0.00888	0.01117	0.00684	0.00436	0.00475	0.00149	0.00659	0.00409	0.00221	0.00721
150	0.00606	0.00486	0.00541	0.00528	0.00671	0.00421	0.00396	0.00766	0.01187	0.01523	0.32648	0.04219	0.52077	0.01124	0.00564	0.00157	0.00236	0.00955	0.00474	0.00421
151	0.00676	0.00489	0.00639	0.00601	0.00714	0.00451	0.00451	0.00902	0.01353	0.01917	0.79969	0.03570	0.04510	0.00977	0.00564	0.00150	0.00225	0.00864	0.00526	0.00451
152	0.01144	0.03975	0.01520	0.49530	0.13949	0.17712	0.01236	0.01432	0.02598	0.01272	0.00849	0.01169	0.00665	0.00474	0.00462	0.00147	0.00664	0.00397	0.00228	0.00576
153	0.01150	0.24266	0.45509	0.01224	0.03179	0.10760	0.01375	0.01522	0.01029	0.01354	0.00783	0.00931	0.00613	0.00462	0.00458	0.00137	0.04057	0.00326	0.00209	0.00657
154	0.00580	0.00427	0.00543	0.00636	0.00686	0.00391	0.00431	0.00669	0.00943	0.01232	0.02989	0.70302	0.15521	0.01451	0.00603	0.00189	0.00272	0.01302	0.00444	0.00391
155	0.01310	0.63732	0.05175	0.01095	0.09282	0.10067	0.00929	0.01488	0.01024	0.01188	0.00703	0.00828	0.00628	0.00421	0.00342	0.00110	0.00561	0.00282	0.00212	0.00625
156	0.01228	0.00864	0.01030	0.00749	0.01163	0.00684	0.00605	0.04628	0.01110	0.15498	0.01044	0.01109	0.00796	0.00405	0.00381	0.00087	0.00370	0.00324	0.00345	0.67580
157	0.01364	0.01418	0.28624	0.01019	0.01447	0.03725	0.01047	0.01837	0.11655	0.27598	0.13680	0.01710	0.01519	0.00608	0.00483	0.00150	0.00495	0.00498	0.00420	0.00703
158	0.01236	0.12853	0.53774	0.01195	0.01789	0.02723	0.01426	0.02875	0.01093	0.15194	0.01013	0.01084	0.00710	0.00475	0.00439	0.00144	0.00629	0.00363	0.00275	0.00711
159	0.00683	0.00512	0.00768	0.00768	0.00853	0.00597	0.00597	0.00853	0.00768	0.01110	0.01280	0.01878	0.01195	0.03585	0.81308	0.00768	0.01280	0.00512	0.00256	0.00427
160	0.40777	0.00983	0.02725	0.01130	0.12053	0.00988	0.06219	0.02872	0.01064	0.25314	0.01092	0.01131	0.00769	0.00484	0.00400	0.00148	0.00448	0.00374	0.00373	0.00656
161	0.01160	0.02883	0.28901	0.01873	0.23517	0.05206	0.18133	0.02860	0.03964	0.04106	0.02261	0.01199	0.00791	0.00459	0.00484	0.00149	0.00662	0.00436	0.00255	0.00701
162	0.00695	0.00463	0.00521	0.00521	0.00521	0.00463	0.00290	0.00695	0.00695	0.00927	0.01506	0.03128	0.01738	0.83203	0.02433	0.00463	0.00463	0.00695	0.00290	0.00290
163	0.00582	0.00416	0.00555	0.00666	0.00693	0.00388	0.00444	0.00666	0.00915	0.01220	0.02634	0.82891	0.03161	0.01497	0.00610	0.00194	0.00277	0.01359	0.00444	0.00388
164	0.00979	0.07729	0.75650	0.01327	0.02014	0.01161	0.01704	0.01508	0.01007	0.01488	0.00845	0.00993	0.00606	0.00451	0.00445	0.00148	0.00694	0.00347	0.00202	0.00700
165	0.01011	0.10168	0.61132	0.01362	0.01975	0.01217	0.08588	0.01485	0.00999	0.01455	0.00835	0.01013	0.00618	0.00469	0.00519	0.00151	0.05752	0.00367	0.00206	0.00680
166	0.00903	0.00850	0.01434	0.82054	0.03292	0.01062	0.01327	0.01221	0.00956	0.01221	0.00850	0.01274	0.00637	0.00478	0.00478	0.00159	0.00637	0.00425	0.00212	0.00531
167	0.01111	0.01081	0.01898	0.21658	0.54982	0.01125	0.08324	0.01414	0.01060	0.01478	0.00893	0.01214	0.00726	0.00436	0.00482	0.00148	0.00606	0.00438	0.00231	0.00693
168	0.01003	0.00797	0.02416	0.02523	0.01294	0.00748	0.17872	0.01382	0.10430	0.11043	0.28779	0.10620	0.07388	0.00815	0.00546	0.00159	0.00415	0.00757	0.00442	0.00569
169	0.00605	0.00486	0.00540	0.00526	0.00670	0.00421	0.00395	0.00764	0.01185	0.01517	0.31974	0.04228	0.52754	0.01126	0.00564	0.00157	0.00236	0.00957	0.00474	0.00421
170	0.00685	0.00497	0.00646	0.00607	0.00722	0.00463	0.00456	0.00928	0.02585	0.01918	0.78736	0.03542	0.04462	0.00972	0.00563	0.00151	0.00228	0.00859	0.00526	0.00456
171	0.01140	0.06111	0.65854	0.01265	0.01910	0.01090	0.01572	0.01624	0.01057	0.12549	0.00992	0.01084	0.00687	0.00471	0.00451	0.00149	0.00655	0.00366	0.00256	0.00717
172	0.01332	0.21460	0.18025	0.01362	0.01849	0.01255	0.28795	0.01661	0.01113	0.17058	0.01053	0.01173	0.00765	0.00452	0.00463	0.00142	0.00635	0.00430	0.00294	0.00683
173	0.01128	0.01289	0.02820	0.02015	0.02498	0.01209	0.78485	0.01531	0.01128	0.01531	0.00967	0.01289	0.00725	0.00403	0.00564	0.00161	0.00806	0.00564	0.00242	0.00645
174	0.01011	0.00960	0.01629	0.51528	0.32972	0.01090	0.01381	0.01316	0.01007	0.01352	0.00869	0.01239	0.00683	0.00458	0.00476	0.00153	0.00610	0.00425	0.00222	0.00618
175	0.01055	0.01005	0.01708	0.39114	0.45043	0.01102	0.01403	0.01355	0.01028	0.01406	0.00876	0.01225	0.00702	0.00450	0.00475	0.00150	0.00600	0.00425	0.00226	0.00654
176	0.00971	0.05498	0.77805	0.01342	0.02037	0.01139	0.01731	0.01511	0.01008	0.01499	0.00851	0.01000	0.00606	0.00452	0.00449	0.00150	0.00699	0.00350	0.00202	0.00703
177	0.00581	0.00422	0.00548	0.00649	0.00689	0.00390	0.00436	0.00667	0.00931	0.01227	0.02837	0.75701	0.10220	0.01471	0.00606	0.00191	0.00274	0.01327	0.00444	0.00390
178	0.01106	0.01446	0.13128	0.01928	0.02441	0.01196	0.68335	0.01529	0.01112	0.01529	0.00953	0.01252	0.00709	0.00410	0.00550	0.00160	0.00793	0.00536	0.00236	0.00653
179	0.01052	0.02514	0.79635	0.01417	0.02123	0.01158	0.01790	0.01575	0.01068	0.01599	0.00951	0.01138	0.00695	0.00516	0.00494	0.00168	0.00734	0.00384	0.00235	0.00752
180	0.01271	0.01106	0.01864	0.02742	0.72966	0.01096	0.01397	0.01546	0.01114	0.08816	0.00990	0.01224	0.00796	0.00441	0.00474	0.00143	0.00553	0.00431	0.00269	0.00762
181	0.00903	0.00834	0.01386	0.68954	0.08494	0.01012	0.01242	0.01190	0.00941	0.01218	0.00913	0.01438	0.00747	0.08071	0.00657	0.00186	0.00616	0.00450	0.00221	0.00525
182	0.00972	0.05970	0.77349	0.01339	0.02032	0.01144	0.01725	0.01510	0.01007	0.01497	0.00849	0.00999	0.00606	0.00452	0.00448	0.00149	0.00698	0.00349	0.00202	0.00702
183	0.02144	0.00813	0.01109	0.00850	0.01220	0.00702	0.00702	0.02329	0.01368	0.80552	0.01886	0.01627	0.01183	0.00592	0.00481	0.00148	0.00407	0.00481	0.00592	0.00813
184	0.01115	0.01067	0.01818	0.21981	0.61701	0.01118	0.01433	0.01408	0.01056	0.01480	0.00887	0.01205	0.00728	0.00438	0.00474	0.00146	0.00585	0.00426	0.00231	0.00703
185	0.00770	0.00550	0.00770	0.00880	0.00990	0.00550	0.00770	0.00990	0.01100	0.01430	0.02531	0.05391	0.02751	0.01320	0.00660	0.00220	0.00440	0.77004	0.00440	0.00440
186	0.00582	0.00416	0.00555	0.00666	0.00693	0.00388	0.00444	0.00666	0.00915	0.01220	0.02634	0.82891	0.03161	0.01497	0.00610	0.00194	0.00277	0.01359	0.00444	0.00388
187	0.00903	0.00850	0.01434	0.82054	0.03292	0.01062	0.01327	0.01221	0.00956	0.01221	0.00850	0.01274	0.00637	0.00478	0.00478	0.00159	0.00637	0.00425	0.00212	0.00531
188	0.01071	0.00901	0.00981	0.00898	0.01131	0.01017	0.00700	0.02150	0.60565	0.01953	0.16536	0.02312	0.02098	0.00746	0.00510	0.00163	0.00353	0.04741	0.00491	0.00682

[dist]
# distance from previous block
# <min> <max>
0	11

# created by:
# /st0/software/busco_prod/Augustus/scripts/msa2prfl.pl ./align_prep/57525.fa
