[name]
unknown

[dist]
# distance from previous block
# <min> <max>
0	336

[block]
# block no. 0 follows, 53 sequences, length 21
# corresponding to MSA columns:
# 417-437
name=unknown_A
#
# <colnr> <probs for GDERKNQSTAVLIFYWHMCP>
#	G	D	E	R	K	N	Q	S	T	A	V	L	I	F	Y	W	H	M	C	P
0	0.00770	0.00550	0.00770	0.00880	0.00990	0.00550	0.00770	0.00990	0.01100	0.01430	0.02531	0.05391	0.02751	0.01320	0.00660	0.00220	0.00440	0.77004	0.00440	0.00440
1	0.02144	0.00813	0.01109	0.00850	0.01220	0.00702	0.00702	0.02329	0.01368	0.80552	0.01886	0.01627	0.01183	0.00592	0.00481	0.00148	0.00407	0.00481	0.00592	0.00813
2	0.02144	0.00813	0.01109	0.00850	0.01220	0.00702	0.00702	0.02329	0.01368	0.80552	0.01886	0.01627	0.01183	0.00592	0.00481	0.00148	0.00407	0.00481	0.00592	0.00813
3	0.01572	0.01397	0.04812	0.01111	0.01455	0.13308	0.03902	0.32072	0.26082	0.07229	0.01363	0.01333	0.00996	0.00574	0.00476	0.00148	0.00541	0.00451	0.00432	0.00745
4	0.00903	0.00850	0.01434	0.82054	0.03292	0.01062	0.01327	0.01221	0.00956	0.01221	0.00850	0.01274	0.00637	0.00478	0.00478	0.00159	0.00637	0.00425	0.00212	0.00531
5	0.01565	0.06464	0.27965	0.01120	0.01610	0.01223	0.01148	0.32699	0.01578	0.18215	0.01173	0.01176	0.00807	0.00528	0.00460	0.00145	0.00561	0.00404	0.00393	0.00766
6	0.00903	0.00850	0.01434	0.82054	0.03292	0.01062	0.01327	0.01221	0.00956	0.01221	0.00850	0.01274	0.00637	0.00478	0.00478	0.00159	0.00637	0.00425	0.00212	0.00531
7	0.00903	0.00850	0.01434	0.82054	0.03292	0.01062	0.01327	0.01221	0.00956	0.01221	0.00850	0.01274	0.00637	0.00478	0.00478	0.00159	0.00637	0.00425	0.00212	0.00531
8	0.01548	0.01414	0.01250	0.01048	0.01320	0.26113	0.02643	0.26344	0.05254	0.07521	0.07221	0.01529	0.05743	0.00630	0.00530	0.00143	0.04919	0.00471	0.03714	0.00645
9	0.01785	0.02278	0.01354	0.01231	0.01478	0.81284	0.00924	0.01909	0.01354	0.01170	0.00739	0.00862	0.00616	0.00493	0.00431	0.00123	0.00862	0.00308	0.00246	0.00554
10	0.02144	0.00813	0.01109	0.00850	0.01220	0.00702	0.00702	0.02329	0.01368	0.80552	0.01886	0.01627	0.01183	0.00592	0.00481	0.00148	0.00407	0.00481	0.00592	0.00813
11	0.86579	0.00924	0.00702	0.00629	0.00924	0.01072	0.00518	0.01405	0.00813	0.02144	0.00666	0.00776	0.00518	0.00444	0.00296	0.00148	0.00370	0.00259	0.00296	0.00518
12	0.01439	0.01679	0.01283	0.19476	0.01793	0.48880	0.00954	0.03985	0.03515	0.01349	0.10122	0.01309	0.01108	0.00553	0.00460	0.00136	0.00712	0.00410	0.00285	0.00550
13	0.01011	0.00960	0.01629	0.51542	0.32959	0.01090	0.01381	0.01316	0.01007	0.01352	0.00869	0.01239	0.00683	0.00458	0.00476	0.00153	0.00610	0.00425	0.00222	0.00618
14	0.00618	0.00501	0.00564	0.00589	0.00735	0.00447	0.00468	0.00764	0.01075	0.01313	0.04133	0.04638	0.58410	0.01359	0.04776	0.00206	0.00341	0.18218	0.00433	0.00413
15	0.09663	0.00823	0.01073	0.00831	0.01194	0.00735	0.00686	0.02247	0.01319	0.73570	0.01777	0.01551	0.01124	0.00578	0.00464	0.00148	0.00403	0.00461	0.00565	0.00787
16	0.01213	0.01119	0.01620	0.10191	0.34840	0.03019	0.03383	0.10708	0.12953	0.01707	0.02676	0.01305	0.00913	0.00550	0.00627	0.00156	0.11570	0.00453	0.00303	0.00695
17	0.00582	0.00416	0.00555	0.00666	0.00693	0.00388	0.00444	0.00666	0.00915	0.01220	0.02634	0.82891	0.03161	0.01497	0.00610	0.00194	0.00277	0.01359	0.00444	0.00388
18	0.00582	0.00416	0.00555	0.00666	0.00693	0.00388	0.00444	0.00666	0.00915	0.01220	0.02634	0.82891	0.03161	0.01497	0.00610	0.00194	0.00277	0.01359	0.00444	0.00388
19	0.01566	0.37461	0.01853	0.01052	0.01369	0.46889	0.00878	0.01702	0.01188	0.01150	0.00707	0.00821	0.00615	0.00456	0.00377	0.00114	0.00710	0.00285	0.00228	0.00580
20	0.01051	0.17796	0.62839	0.01254	0.01886	0.04373	0.01554	0.01513	0.01015	0.01427	0.00817	0.00958	0.00607	0.00447	0.00425	0.00141	0.00675	0.00333	0.00204	0.00683

[dist]
# distance from previous block
# <min> <max>
0	2

[block]
# block no. 1 follows, 53 sequences, length 10
# corresponding to MSA columns:
# 440-449
name=unknown_B
#
# <colnr> <probs for GDERKNQSTAVLIFYWHMCP>
#	G	D	E	R	K	N	Q	S	T	A	V	L	I	F	Y	W	H	M	C	P
0	0.00959	0.02472	0.80726	0.01362	0.02069	0.01110	0.01766	0.01514	0.01009	0.01514	0.00858	0.01009	0.00605	0.00454	0.00454	0.00151	0.00706	0.00353	0.00202	0.00706
1	0.00959	0.02472	0.80726	0.01362	0.02069	0.01110	0.01766	0.01514	0.01009	0.01514	0.00858	0.01009	0.00605	0.00454	0.00454	0.00151	0.00706	0.00353	0.00202	0.00706
2	0.01257	0.78186	0.07625	0.00853	0.01282	0.01840	0.00880	0.01437	0.00974	0.01150	0.00677	0.00783	0.00613	0.00412	0.00316	0.00105	0.00524	0.00262	0.00204	0.00619
3	0.01102	0.38944	0.45514	0.01117	0.01690	0.01462	0.01339	0.01477	0.00992	0.01338	0.00771	0.00900	0.00609	0.00434	0.00388	0.00129	0.00618	0.00309	0.00203	0.00665
4	0.00695	0.00463	0.00521	0.00521	0.00521	0.00463	0.00290	0.00695	0.00695	0.00927	0.01506	0.03128	0.01738	0.83203	0.02433	0.00463	0.00463	0.00695	0.00290	0.00290
5	0.00683	0.00512	0.00768	0.00768	0.00853	0.00597	0.00597	0.00853	0.00768	0.01110	0.01280	0.01878	0.01195	0.03585	0.81308	0.00768	0.01280	0.00512	0.00256	0.00427
6	0.01183	0.01136	0.01940	0.02934	0.80221	0.01136	0.01467	0.01467	0.01088	0.01562	0.00899	0.01183	0.00757	0.00426	0.00473	0.00142	0.00568	0.00426	0.00237	0.00757
7	0.01189	0.01027	0.01081	0.00973	0.01243	0.01189	0.00757	0.02540	0.79357	0.01999	0.01945	0.01783	0.01459	0.00648	0.00486	0.00162	0.00378	0.00540	0.00486	0.00757
8	0.01743	0.01296	0.01503	0.01150	0.01533	0.01413	0.06613	0.65445	0.06563	0.06016	0.01210	0.01214	0.00859	0.00566	0.00485	0.00146	0.00533	0.00449	0.00466	0.00797
9	0.00683	0.00512	0.00768	0.00768	0.00853	0.00597	0.00597	0.00853	0.00768	0.01110	0.01280	0.01878	0.01195	0.03585	0.81308	0.00768	0.01280	0.00512	0.00256	0.00427

[dist]
# distance from previous block
# <min> <max>
0	1

[block]
# block no. 2 follows, 53 sequences, length 6
# corresponding to MSA columns:
# 451-456
name=unknown_C
#
# <colnr> <probs for GDERKNQSTAVLIFYWHMCP>
#	G	D	E	R	K	N	Q	S	T	A	V	L	I	F	Y	W	H	M	C	P
0	0.86579	0.00924	0.00702	0.00629	0.00924	0.01072	0.00518	0.01405	0.00813	0.02144	0.00666	0.00776	0.00518	0.00444	0.00296	0.00148	0.00370	0.00259	0.00296	0.00518
1	0.86579	0.00924	0.00702	0.00629	0.00924	0.01072	0.00518	0.01405	0.00813	0.02144	0.00666	0.00776	0.00518	0.00444	0.00296	0.00148	0.00370	0.00259	0.00296	0.00518
2	0.00695	0.00463	0.00521	0.00521	0.00521	0.00463	0.00290	0.00695	0.00695	0.00927	0.01506	0.03128	0.01738	0.83203	0.02433	0.00463	0.00463	0.00695	0.00290	0.00290
3	0.01339	0.01520	0.08294	0.01624	0.02039	0.13017	0.41210	0.16451	0.01343	0.01738	0.00938	0.01162	0.00711	0.00481	0.00584	0.00154	0.05977	0.00475	0.00283	0.00661
4	0.01085	0.34555	0.49751	0.01147	0.01735	0.01419	0.01390	0.01481	0.00994	0.01360	0.00781	0.00913	0.00609	0.00436	0.00396	0.00132	0.00629	0.00315	0.00203	0.00670
5	0.01139	0.09570	0.43755	0.01158	0.01681	0.01180	0.01298	0.01873	0.24804	0.07002	0.01239	0.01263	0.00905	0.00518	0.00452	0.00150	0.00568	0.00409	0.00315	0.00720

[dist]
# distance from previous block
# <min> <max>
0	1

[block]
# block no. 3 follows, 53 sequences, length 9
# corresponding to MSA columns:
# 458-466
name=unknown_D
#
# <colnr> <probs for GDERKNQSTAVLIFYWHMCP>
#	G	D	E	R	K	N	Q	S	T	A	V	L	I	F	Y	W	H	M	C	P
0	0.04775	0.10662	0.29254	0.01495	0.20531	0.01072	0.01239	0.01553	0.01106	0.13779	0.08967	0.01368	0.01122	0.00516	0.00451	0.00143	0.00542	0.00427	0.00307	0.00691
1	0.04986	0.24555	0.27409	0.01077	0.01543	0.01257	0.04529	0.01659	0.01063	0.20493	0.01033	0.01095	0.00750	0.00498	0.00492	0.00141	0.06067	0.00366	0.00303	0.00683
2	0.01278	0.83490	0.02505	0.00818	0.01227	0.01891	0.00818	0.01431	0.00971	0.01125	0.00664	0.00767	0.00613	0.00409	0.00307	0.00102	0.00511	0.00256	0.00204	0.00613
3	0.16186	0.13192	0.09481	0.07308	0.23520	0.08881	0.10029	0.01480	0.01027	0.01521	0.00803	0.01019	0.00651	0.00447	0.00450	0.00141	0.02620	0.00369	0.00238	0.00636
4	0.01153	0.51924	0.32981	0.01030	0.01555	0.01587	0.01187	0.01463	0.00986	0.01276	0.00740	0.00861	0.00610	0.00427	0.00364	0.00121	0.00587	0.00294	0.00203	0.00650
5	0.00683	0.00512	0.00768	0.00768	0.00853	0.00597	0.00597	0.00853	0.00768	0.01110	0.01280	0.01878	0.01195	0.03585	0.81308	0.00768	0.01280	0.00512	0.00256	0.00427
6	0.00728	0.01063	0.24536	0.00834	0.01108	0.00629	0.00834	0.01009	0.01122	0.01574	0.31108	0.22048	0.09599	0.00967	0.00542	0.00162	0.00383	0.00844	0.00402	0.00508
7	0.09603	0.01185	0.02367	0.01712	0.02161	0.01123	0.59685	0.01634	0.01132	0.12970	0.01070	0.01288	0.00771	0.00434	0.00526	0.00158	0.00706	0.00522	0.00297	0.00657
8	0.01328	0.01411	0.01799	0.02523	0.61207	0.20489	0.01336	0.01574	0.01153	0.01467	0.00860	0.01105	0.00723	0.00442	0.00463	0.00137	0.00639	0.00397	0.00239	0.00708

[dist]
# distance from previous block
# <min> <max>
0	1

[block]
# block no. 4 follows, 53 sequences, length 26
# corresponding to MSA columns:
# 468,470-494
name=unknown_E
#
# <colnr> <probs for GDERKNQSTAVLIFYWHMCP>
#	G	D	E	R	K	N	Q	S	T	A	V	L	I	F	Y	W	H	M	C	P
0	0.01214	0.67280	0.18155	0.00927	0.01395	0.01735	0.01008	0.01448	0.00979	0.01202	0.00703	0.00815	0.00612	0.00418	0.00336	0.00112	0.00550	0.00275	0.00204	0.00632
1	0.01088	0.35233	0.49096	0.01142	0.01728	0.01426	0.01383	0.01480	0.00994	0.01356	0.00780	0.00911	0.00609	0.00436	0.00394	0.00131	0.00627	0.00314	0.00203	0.00669
2	0.01009	0.15204	0.68434	0.01277	0.01936	0.01233	0.01617	0.01501	0.01003	0.01453	0.00827	0.00971	0.00607	0.00447	0.00431	0.00144	0.00676	0.00338	0.00202	0.00692
3	0.00998	0.11040	0.61570	0.08717	0.05528	0.01191	0.01610	0.01476	0.01004	0.01447	0.00838	0.01015	0.00616	0.00450	0.00441	0.00146	0.00673	0.00352	0.00205	0.00683
4	0.01278	0.83490	0.02505	0.00818	0.01227	0.01891	0.00818	0.01431	0.00971	0.01125	0.00664	0.00767	0.00613	0.00409	0.00307	0.00102	0.00511	0.00256	0.00204	0.00613
5	0.00624	0.00487	0.00567	0.00547	0.00682	0.00429	0.00410	0.00801	0.01230	0.01624	0.44841	0.04052	0.39820	0.01086	0.00564	0.00156	0.00233	0.00932	0.00488	0.00429
6	0.00667	0.00488	0.00626	0.00592	0.00708	0.00447	0.00444	0.00884	0.01331	0.01866	0.73830	0.03654	0.10681	0.00996	0.00564	0.00151	0.00227	0.00876	0.00519	0.00447
7	0.01278	0.83490	0.02505	0.00818	0.01227	0.01891	0.00818	0.01431	0.00971	0.01125	0.00664	0.00767	0.00613	0.00409	0.00307	0.00102	0.00511	0.00256	0.00204	0.00613
8	0.01817	0.01339	0.01434	0.01100	0.01482	0.01482	0.00908	0.78627	0.02247	0.03012	0.01148	0.01148	0.00813	0.00574	0.00478	0.00143	0.00526	0.00430	0.00478	0.00813
9	0.01278	0.83490	0.02505	0.00818	0.01227	0.01891	0.00818	0.01431	0.00971	0.01125	0.00664	0.00767	0.00613	0.00409	0.00307	0.00102	0.00511	0.00256	0.00204	0.00613
10	0.00695	0.00463	0.00521	0.00521	0.00521	0.00463	0.00290	0.00695	0.00695	0.00927	0.01506	0.03128	0.01738	0.83203	0.02433	0.00463	0.00463	0.00695	0.00290	0.00290
11	0.01817	0.01339	0.01434	0.01100	0.01482	0.01482	0.00908	0.78627	0.02247	0.03012	0.01148	0.01148	0.00813	0.00574	0.00478	0.00143	0.00526	0.00430	0.00478	0.00813
12	0.00565	0.00484	0.00484	0.00484	0.00646	0.00403	0.00363	0.00686	0.01089	0.01291	0.04842	0.04600	0.80027	0.01210	0.00565	0.00161	0.00242	0.01009	0.00444	0.00403
13	0.01278	0.83490	0.02505	0.00818	0.01227	0.01891	0.00818	0.01431	0.00971	0.01125	0.00664	0.00767	0.00613	0.00409	0.00307	0.00102	0.00511	0.00256	0.00204	0.00613
14	0.00959	0.02472	0.80726	0.01362	0.02069	0.01110	0.01766	0.01514	0.01009	0.01514	0.00858	0.01009	0.00605	0.00454	0.00454	0.00151	0.00706	0.00353	0.00202	0.00706
15	0.01567	0.04065	0.01785	0.01434	0.01739	0.54602	0.21934	0.01766	0.01260	0.01266	0.00795	0.00982	0.00646	0.00479	0.00506	0.00136	0.03838	0.00380	0.00243	0.00579
16	0.01278	0.83490	0.02505	0.00818	0.01227	0.01891	0.00818	0.01431	0.00971	0.01125	0.00664	0.00767	0.00613	0.00409	0.00307	0.00102	0.00511	0.00256	0.00204	0.00613
17	0.00959	0.02472	0.80726	0.01362	0.02069	0.01110	0.01766	0.01514	0.01009	0.01514	0.00858	0.01009	0.00605	0.00454	0.00454	0.00151	0.00706	0.00353	0.00202	0.00706
18	0.00934	0.00789	0.00930	0.00702	0.01071	0.00602	0.00549	0.01128	0.00980	0.01510	0.01101	0.12508	0.01053	0.00515	0.00390	0.00088	0.00343	0.00434	0.00306	0.74067
19	0.00628	0.00487	0.00572	0.00551	0.00684	0.00430	0.00413	0.00809	0.01239	0.01646	0.47498	0.04015	0.37150	0.01078	0.00564	0.00155	0.00233	0.00927	0.00491	0.00430
20	0.01760	0.01310	0.01402	0.01088	0.01460	0.01456	0.00895	0.71702	0.09266	0.02920	0.01220	0.01205	0.00872	0.00581	0.00479	0.00145	0.00513	0.00440	0.00479	0.00808
21	0.01266	0.80547	0.05346	0.00838	0.01257	0.01863	0.00852	0.01434	0.00973	0.01139	0.00672	0.00776	0.00613	0.00411	0.00312	0.00104	0.00518	0.00259	0.00204	0.00617
22	0.01221	0.05217	0.04804	0.04640	0.01842	0.05787	0.34014	0.01571	0.05294	0.10845	0.09104	0.01596	0.01219	0.00568	0.00619	0.00159	0.08287	0.02264	0.00322	0.00626
23	0.01030	0.20687	0.63140	0.01240	0.01879	0.01286	0.01553	0.01495	0.01001	0.01426	0.00814	0.00955	0.00607	0.00444	0.00421	0.00140	0.00662	0.00331	0.00202	0.00685
24	0.01143	0.17341	0.57185	0.01214	0.01823	0.03442	0.01475	0.01579	0.01042	0.08224	0.00907	0.01013	0.00657	0.00459	0.00428	0.00141	0.00649	0.00345	0.00237	0.00694
25	0.01349	0.05353	0.43640	0.01168	0.01720	0.00988	0.05081	0.01742	0.01133	0.26368	0.02998	0.01265	0.00887	0.00501	0.00460	0.00146	0.00584	0.00409	0.00337	0.03870

[dist]
# distance from previous block
# <min> <max>
3	8

[block]
# block no. 5 follows, 53 sequences, length 15
# corresponding to MSA columns:
# 503-517
name=unknown_F
#
# <colnr> <probs for GDERKNQSTAVLIFYWHMCP>
#	G	D	E	R	K	N	Q	S	T	A	V	L	I	F	Y	W	H	M	C	P
0	0.01067	0.01017	0.01730	0.35781	0.48283	0.01105	0.01409	0.01365	0.01033	0.01420	0.00878	0.01221	0.00707	0.00447	0.00475	0.00149	0.00597	0.00425	0.00227	0.00663
1	0.01017	0.00996	0.01778	0.47481	0.25877	0.01104	0.12194	0.01337	0.01019	0.01365	0.00881	0.01249	0.00685	0.00452	0.00489	0.00154	0.00640	0.00445	0.00224	0.00614
2	0.29614	0.00867	0.01059	0.03959	0.18132	0.00921	0.00795	0.01487	0.08088	0.09862	0.09454	0.06428	0.01436	0.00646	0.00445	0.00156	0.00410	0.05271	0.00369	0.00602
3	0.65720	0.00939	0.00920	0.01005	0.13489	0.01043	0.00677	0.01453	0.00904	0.06540	0.03080	0.00971	0.00710	0.00465	0.00342	0.00147	0.00399	0.00316	0.00310	0.00571
4	0.00822	0.00645	0.00762	0.00705	0.00866	0.00665	0.00537	0.01372	0.24097	0.01919	0.54547	0.03085	0.06296	0.00890	0.00541	0.00154	0.00271	0.00775	0.00512	0.00538
5	0.01188	0.01325	0.01091	0.00966	0.01164	0.35899	0.05792	0.01377	0.01330	0.01543	0.37553	0.02269	0.05085	0.00735	0.00506	0.00140	0.00543	0.00606	0.00382	0.00507
6	0.01189	0.01027	0.01081	0.00973	0.01243	0.01189	0.00757	0.02540	0.79357	0.01999	0.01945	0.01783	0.01459	0.00648	0.00486	0.00162	0.00378	0.00540	0.00486	0.00757
7	0.01142	0.01093	0.01865	0.14625	0.68854	0.01125	0.01446	0.01431	0.01069	0.01511	0.00892	0.01196	0.00739	0.00434	0.00474	0.00145	0.00578	0.00426	0.00233	0.00724
8	0.02105	0.00877	0.01148	0.00881	0.01252	0.00797	0.00727	0.11548	0.01474	0.71183	0.01796	0.01569	0.01138	0.00589	0.00480	0.00147	0.00421	0.00475	0.00578	0.00813
9	0.00683	0.00512	0.00768	0.00768	0.00853	0.00597	0.00597	0.00853	0.00768	0.01110	0.01280	0.01878	0.01195	0.03585	0.81308	0.00768	0.01280	0.00512	0.00256	0.00427
10	0.01101	0.01052	0.01792	0.26013	0.57781	0.01114	0.01426	0.01395	0.01050	0.01462	0.00885	0.01210	0.00722	0.00441	0.00475	0.00147	0.00588	0.00426	0.00230	0.00691
11	0.00959	0.02472	0.80726	0.01362	0.02069	0.01110	0.01766	0.01514	0.01009	0.01514	0.00858	0.01009	0.00605	0.00454	0.00454	0.00151	0.00706	0.00353	0.00202	0.00706
12	0.01027	0.00882	0.01007	0.00756	0.01153	0.00738	0.00601	0.01447	0.15297	0.01638	0.01050	0.01136	0.00845	0.00408	0.00378	0.00087	0.00358	0.00330	0.00320	0.70541
13	0.01370	0.00878	0.01264	0.01468	0.26141	0.00848	0.00893	0.05412	0.06893	0.25337	0.13479	0.05801	0.04244	0.00658	0.00496	0.00148	0.00421	0.00578	0.00435	0.03238
14	0.01089	0.00903	0.01245	0.01349	0.23892	0.00771	0.00825	0.01321	0.01068	0.06114	0.06829	0.01275	0.01033	0.00435	0.00411	0.00102	0.00409	0.00379	0.00306	0.50244

[dist]
# distance from previous block
# <min> <max>
13	26

[block]
# block no. 6 follows, 53 sequences, length 42
# corresponding to MSA columns:
# 544-585
name=unknown_G
#
# <colnr> <probs for GDERKNQSTAVLIFYWHMCP>
#	G	D	E	R	K	N	Q	S	T	A	V	L	I	F	Y	W	H	M	C	P
0	0.00908	0.00984	0.09722	0.34899	0.16459	0.00921	0.01148	0.03932	0.01034	0.01383	0.01489	0.17043	0.06677	0.00715	0.00506	0.00162	0.00532	0.00637	0.00286	0.00565
1	0.01112	0.01159	0.07163	0.40917	0.22741	0.04013	0.05537	0.08875	0.01143	0.01518	0.00894	0.01206	0.00687	0.00469	0.00478	0.00152	0.00631	0.00424	0.00247	0.00636
2	0.01000	0.01110	0.12953	0.07104	0.26253	0.00891	0.01067	0.01375	0.06693	0.02786	0.17307	0.01727	0.02801	0.00566	0.00473	0.00137	0.00467	0.00500	0.00323	0.14466
3	0.01000	0.00905	0.01396	0.46794	0.13935	0.01071	0.01168	0.05503	0.06474	0.01396	0.01027	0.03461	0.00865	0.06604	0.00700	0.00183	0.06208	0.00476	0.00261	0.00573
4	0.01097	0.00808	0.01007	0.08650	0.01307	0.00692	0.00655	0.05092	0.01082	0.10588	0.01238	0.12812	0.01111	0.00568	0.00423	0.00109	0.00385	0.00481	0.00344	0.51550
5	0.01099	0.01033	0.01661	0.26488	0.45445	0.01121	0.01321	0.01550	0.12538	0.01523	0.01038	0.01299	0.00824	0.00474	0.00477	0.00150	0.00561	0.00442	0.00266	0.00689
6	0.00912	0.08667	0.00858	0.00646	0.00745	0.00755	0.00446	0.11921	0.00948	0.01254	0.01361	0.02547	0.01467	0.59000	0.06238	0.00399	0.00521	0.00605	0.00306	0.00403
7	0.01133	0.00984	0.01102	0.08821	0.01426	0.01098	0.00785	0.02220	0.60524	0.01861	0.01682	0.01620	0.01272	0.00590	0.00467	0.00149	0.00400	0.00492	0.00431	0.12944
8	0.00677	0.00627	0.06488	0.00652	0.00805	0.00489	0.00538	0.00903	0.01260	0.01760	0.59457	0.11196	0.11319	0.01012	0.00560	0.00156	0.00267	0.00889	0.00486	0.00459
9	0.00820	0.00690	0.00954	0.01055	0.12236	0.00671	0.04865	0.08426	0.01136	0.01483	0.02859	0.30965	0.28309	0.01086	0.00577	0.00169	0.01835	0.00957	0.00402	0.00504
10	0.01196	0.63633	0.02204	0.12426	0.01513	0.01651	0.00866	0.01379	0.00971	0.01180	0.00709	0.00861	0.00626	0.00413	0.00336	0.00107	0.00514	0.00282	0.00213	0.08919
11	0.01642	0.09491	0.12879	0.01110	0.01541	0.01469	0.01022	0.60090	0.01946	0.02614	0.01059	0.01091	0.00764	0.00541	0.00458	0.00141	0.00550	0.00402	0.00412	0.00778
12	0.63265	0.00871	0.00759	0.00651	0.00953	0.00948	0.00533	0.01491	0.00912	0.12352	0.00901	0.00974	0.00668	0.00464	0.00327	0.00140	0.00363	0.00303	0.06297	0.06829
13	0.00970	0.00918	0.01555	0.63042	0.21777	0.01080	0.01361	0.01280	0.00988	0.01303	0.00861	0.01252	0.00666	0.00465	0.00477	0.00155	0.00620	0.00425	0.00218	0.00585
14	0.01183	0.01136	0.01940	0.02934	0.80221	0.01136	0.01467	0.01467	0.01088	0.01562	0.00899	0.01183	0.00757	0.00426	0.00473	0.00142	0.00568	0.00426	0.00237	0.00757
15	0.01817	0.01339	0.01434	0.01100	0.01482	0.01482	0.00908	0.78627	0.02247	0.03012	0.01148	0.01148	0.00813	0.00574	0.00478	0.00143	0.00526	0.00430	0.00478	0.00813
16	0.00616	0.00460	0.00515	0.00541	0.00612	0.00422	0.00356	0.00684	0.00904	0.01142	0.03098	0.22876	0.33076	0.31108	0.01255	0.00279	0.00331	0.00979	0.00388	0.00358
17	0.00903	0.00850	0.01434	0.82054	0.03292	0.01062	0.01327	0.01221	0.00956	0.01221	0.00850	0.01274	0.00637	0.00478	0.00478	0.00159	0.00637	0.00425	0.00212	0.00531
18	0.01289	0.01036	0.01564	0.07589	0.43646	0.01075	0.01169	0.01821	0.20201	0.12346	0.01312	0.01466	0.01011	0.00521	0.00481	0.00150	0.00502	0.01731	0.00347	0.00744
19	0.01783	0.01322	0.01415	0.01093	0.01469	0.01466	0.00900	0.74488	0.06443	0.02957	0.01191	0.01182	0.00848	0.00578	0.00479	0.00144	0.00518	0.00436	0.00479	0.00810
20	0.01189	0.01027	0.01081	0.00973	0.01243	0.01189	0.00757	0.02540	0.79357	0.01999	0.01945	0.01783	0.01459	0.00648	0.00486	0.00162	0.00378	0.00540	0.00486	0.00757
21	0.02052	0.00834	0.01106	0.00862	0.01222	0.00750	0.00708	0.02350	0.08954	0.72912	0.01891	0.01642	0.01210	0.00597	0.00481	0.00149	0.00404	0.00486	0.00581	0.00808
22	0.01414	0.00655	0.00824	0.00693	0.00954	0.00563	0.00549	0.01564	0.01220	0.43700	0.03050	0.08376	0.31193	0.02305	0.00555	0.00162	0.00336	0.00745	0.00520	0.00620
23	0.01183	0.01136	0.01940	0.02934	0.80221	0.01136	0.01467	0.01467	0.01088	0.01562	0.00899	0.01183	0.00757	0.00426	0.00473	0.00142	0.00568	0.00426	0.00237	0.00757
24	0.01360	0.01112	0.01177	0.01007	0.01308	0.01269	0.00798	0.23332	0.58286	0.02276	0.01727	0.01610	0.01282	0.00628	0.00484	0.00157	0.00419	0.00510	0.00484	0.00772
25	0.01742	0.01002	0.01787	0.01311	0.01726	0.00903	0.31498	0.02013	0.01273	0.49266	0.01522	0.01493	0.01002	0.00517	0.00514	0.00153	0.00565	0.00514	0.00453	0.00747
26	0.02144	0.00813	0.01109	0.00850	0.01220	0.00702	0.00702	0.02329	0.01368	0.80552	0.01886	0.01627	0.01183	0.00592	0.00481	0.00148	0.00407	0.00481	0.00592	0.00813
27	0.01189	0.01027	0.01081	0.00973	0.01243	0.01189	0.00757	0.02540	0.79357	0.01999	0.01945	0.01783	0.01459	0.00648	0.00486	0.00162	0.00378	0.00540	0.00486	0.00757
28	0.01108	0.01268	0.08061	0.02257	0.33140	0.01128	0.38121	0.01457	0.01092	0.01525	0.01023	0.05666	0.00862	0.00475	0.00523	0.00155	0.00676	0.00537	0.00248	0.00680
29	0.01004	0.00858	0.01037	0.00925	0.03105	0.00984	0.00725	0.17547	0.01241	0.01657	0.06732	0.02616	0.32333	0.00925	0.00854	0.00171	0.25689	0.00679	0.00378	0.00540
30	0.00903	0.00850	0.01434	0.82054	0.03292	0.01062	0.01327	0.01221	0.00956	0.01221	0.00850	0.01274	0.00637	0.00478	0.00478	0.00159	0.00637	0.00425	0.00212	0.00531
31	0.00599	0.00439	0.00566	0.00660	0.00716	0.00407	0.00464	0.00701	0.00959	0.01252	0.02949	0.63635	0.14435	0.01438	0.00608	0.00192	0.00288	0.08854	0.00443	0.00396
32	0.01168	0.01121	0.01913	0.07084	0.76185	0.01132	0.01460	0.01454	0.01081	0.01544	0.00896	0.01188	0.00751	0.00429	0.00473	0.00143	0.00571	0.00426	0.00235	0.00745
33	0.01079	0.01596	0.33164	0.01424	0.01939	0.01005	0.29372	0.01481	0.01099	0.09176	0.01567	0.01685	0.12064	0.00557	0.00513	0.00156	0.00647	0.00536	0.00289	0.00651
34	0.00799	0.00680	0.01077	0.44276	0.02155	0.00788	0.00995	0.01041	0.00981	0.01271	0.01654	0.20619	0.01712	0.00909	0.00551	0.00182	0.00509	0.19005	0.00319	0.00477
35	0.01058	0.33565	0.01554	0.00838	0.01035	0.06775	0.00710	0.01180	0.00930	0.01176	0.09110	0.01641	0.01276	0.16580	0.06609	0.00242	0.14507	0.00452	0.00261	0.00502
36	0.01085	0.34549	0.49757	0.01147	0.01735	0.01419	0.01391	0.01481	0.00994	0.01360	0.00781	0.00913	0.00609	0.00436	0.00396	0.00132	0.00629	0.00315	0.00203	0.00670
37	0.02144	0.00813	0.01109	0.00850	0.01220	0.00702	0.00702	0.02329	0.01368	0.80552	0.01886	0.01627	0.01183	0.00592	0.00481	0.00148	0.00407	0.00481	0.00592	0.00813
38	0.00952	0.01738	0.43906	0.33418	0.07936	0.01093	0.01572	0.01395	0.00993	0.01401	0.00857	0.01126	0.00628	0.00462	0.00465	0.00154	0.00669	0.00387	0.00208	0.00640
39	0.01102	0.01053	0.01794	0.25739	0.58047	0.01114	0.01427	0.01396	0.01050	0.01463	0.00885	0.01209	0.00723	0.00441	0.00475	0.00147	0.00588	0.00426	0.00230	0.00692
40	0.00945	0.00858	0.01393	0.30488	0.26162	0.00960	0.01170	0.01198	0.01001	0.01356	0.01308	0.10060	0.01278	0.00729	0.00595	0.00171	0.06174	0.13303	0.00281	0.00571
41	0.01129	0.01081	0.01843	0.18044	0.65529	0.01122	0.01440	0.01420	0.01063	0.01497	0.00890	0.01200	0.00734	0.00436	0.00474	0.00145	0.00581	0.00426	0.00232	0.00714

[dist]
# distance from previous block
# <min> <max>
0	1

[block]
# block no. 7 follows, 53 sequences, length 48
# corresponding to MSA columns:
# 587-634
name=unknown_H
#
# <colnr> <probs for GDERKNQSTAVLIFYWHMCP>
#	G	D	E	R	K	N	Q	S	T	A	V	L	I	F	Y	W	H	M	C	P
0	0.01042	0.00984	0.01662	0.33979	0.45081	0.01065	0.01350	0.01336	0.01052	0.01449	0.05670	0.01364	0.00937	0.00480	0.00481	0.00149	0.00574	0.00452	0.00245	0.00649
1	0.00922	0.00732	0.01094	0.02724	0.25445	0.00714	0.00816	0.01202	0.04024	0.05251	0.42015	0.02760	0.05028	0.00792	0.00533	0.00152	0.00363	0.04435	0.00426	0.00572
2	0.00685	0.00539	0.00706	0.05012	0.04870	0.00506	0.00526	0.00891	0.01249	0.01697	0.51988	0.03598	0.23983	0.00984	0.00555	0.00153	0.00269	0.00857	0.00473	0.00458
3	0.00959	0.00907	0.01536	0.66068	0.18835	0.01077	0.01356	0.01271	0.00983	0.01290	0.00860	0.01256	0.00661	0.00467	0.00477	0.00156	0.00623	0.00425	0.00217	0.00577
4	0.00914	0.00748	0.00815	0.00751	0.00923	0.04651	0.00572	0.01477	0.25484	0.03412	0.47165	0.04443	0.04995	0.00860	0.00533	0.00154	0.00309	0.00742	0.00498	0.00555
5	0.01008	0.14953	0.68676	0.01278	0.01939	0.01230	0.01620	0.01501	0.01003	0.01454	0.00828	0.00972	0.00607	0.00447	0.00431	0.00144	0.00676	0.00338	0.00202	0.00692
6	0.01107	0.33053	0.49306	0.01145	0.01731	0.01396	0.01383	0.01502	0.01003	0.03210	0.00809	0.00932	0.00622	0.00440	0.00399	0.00133	0.00626	0.00319	0.00212	0.00674
7	0.00735	0.00564	0.00839	0.05918	0.01023	0.00651	0.00648	0.00891	0.00781	0.01123	0.01180	0.01739	0.01092	0.03008	0.64368	0.05843	0.04230	0.00486	0.00250	0.04631
8	0.00678	0.00517	0.00644	0.00710	0.00837	0.00483	0.00590	0.00852	0.01087	0.01364	0.03468	0.08877	0.33952	0.01285	0.00619	0.00195	0.00352	0.42625	0.00442	0.00423
9	0.00991	0.00850	0.00991	0.00708	0.01133	0.00637	0.00566	0.01203	0.00991	0.01557	0.00850	0.00991	0.00708	0.00354	0.00354	0.00071	0.00354	0.00283	0.00283	0.86124
10	0.01189	0.01027	0.01081	0.00973	0.01243	0.01189	0.00757	0.02540	0.79357	0.01999	0.01945	0.01783	0.01459	0.00648	0.00486	0.00162	0.00378	0.00540	0.00486	0.00757
11	0.01128	0.01289	0.02820	0.02015	0.02498	0.01209	0.78485	0.01531	0.01128	0.01531	0.00967	0.01289	0.00725	0.00403	0.00564	0.00161	0.00806	0.00564	0.00242	0.00645
12	0.00959	0.02472	0.80726	0.01362	0.02069	0.01110	0.01766	0.01514	0.01009	0.01514	0.00858	0.01009	0.00605	0.00454	0.00454	0.00151	0.00706	0.00353	0.00202	0.00706
13	0.00959	0.02472	0.80726	0.01362	0.02069	0.01110	0.01766	0.01514	0.01009	0.01514	0.00858	0.01009	0.00605	0.00454	0.00454	0.00151	0.00706	0.00353	0.00202	0.00706
14	0.00582	0.00416	0.00555	0.00666	0.00693	0.00388	0.00444	0.00666	0.00915	0.01220	0.02634	0.82891	0.03161	0.01497	0.00610	0.00194	0.00277	0.01359	0.00444	0.00388
15	0.00582	0.00416	0.00555	0.00666	0.00693	0.00388	0.00444	0.00666	0.00915	0.01220	0.02634	0.82891	0.03161	0.01497	0.00610	0.00194	0.00277	0.01359	0.00444	0.00388
16	0.01011	0.02399	0.77228	0.01340	0.02031	0.01092	0.01719	0.01550	0.01025	0.04987	0.00903	0.01036	0.00631	0.00460	0.00455	0.00151	0.00693	0.00359	0.00219	0.00711
17	0.00959	0.02472	0.80726	0.01362	0.02069	0.01110	0.01766	0.01514	0.01009	0.01514	0.00858	0.01009	0.00605	0.00454	0.00454	0.00151	0.00706	0.00353	0.00202	0.00706
18	0.02144	0.00813	0.01109	0.00850	0.01220	0.00702	0.00702	0.02329	0.01368	0.80552	0.01886	0.01627	0.01183	0.00592	0.00481	0.00148	0.00407	0.00481	0.00592	0.00813
19	0.07502	0.01320	0.17092	0.02025	0.42414	0.01059	0.01299	0.05309	0.01133	0.09660	0.01088	0.03770	0.00889	0.00516	0.00467	0.00149	0.00549	0.02749	0.00294	0.00717
20	0.00667	0.00739	0.07437	0.00739	0.00977	0.00555	0.09265	0.00860	0.01096	0.01366	0.07735	0.05680	0.59004	0.01052	0.00557	0.00161	0.00344	0.00905	0.00405	0.00458
21	0.01189	0.01027	0.01081	0.00973	0.01243	0.01189	0.00757	0.02540	0.79357	0.01999	0.01945	0.01783	0.01459	0.00648	0.00486	0.00162	0.00378	0.00540	0.00486	0.00757
22	0.00959	0.02472	0.80726	0.01362	0.02069	0.01110	0.01766	0.01514	0.01009	0.01514	0.00858	0.01009	0.00605	0.00454	0.00454	0.00151	0.00706	0.00353	0.00202	0.00706
23	0.00997	0.01759	0.42762	0.21815	0.20450	0.01104	0.01588	0.01430	0.01014	0.01452	0.00865	0.01115	0.00648	0.00453	0.00464	0.00151	0.00657	0.00388	0.00212	0.00674
24	0.00959	0.02472	0.80726	0.01362	0.02069	0.01110	0.01766	0.01514	0.01009	0.01514	0.00858	0.01009	0.00605	0.00454	0.00454	0.00151	0.00706	0.00353	0.00202	0.00706
25	0.01785	0.02278	0.01354	0.01231	0.01478	0.81284	0.00924	0.01909	0.01354	0.01170	0.00739	0.00862	0.00616	0.00493	0.00431	0.00123	0.00862	0.00308	0.00246	0.00554
26	0.00616	0.00504	0.00599	0.00690	0.04898	0.00452	0.00459	0.00756	0.02532	0.01293	0.03763	0.33227	0.45970	0.01264	0.00575	0.00172	0.00275	0.01098	0.00434	0.00423
27	0.01124	0.01065	0.01804	0.02711	0.72399	0.01062	0.01366	0.01388	0.01071	0.01528	0.01070	0.09220	0.00994	0.00531	0.00487	0.00147	0.00539	0.00518	0.00257	0.00721
28	0.01817	0.01339	0.01434	0.01100	0.01482	0.01482	0.00908	0.78627	0.02247	0.03012	0.01148	0.01148	0.00813	0.00574	0.00478	0.00143	0.00526	0.00430	0.00478	0.00813
29	0.00582	0.00416	0.00555	0.00666	0.00693	0.00388	0.00444	0.00666	0.00915	0.01220	0.02634	0.82891	0.03161	0.01497	0.00610	0.00194	0.00277	0.01359	0.00444	0.00388
30	0.00959	0.02472	0.80726	0.01362	0.02069	0.01110	0.01766	0.01514	0.01009	0.01514	0.00858	0.01009	0.00605	0.00454	0.00454	0.00151	0.00706	0.00353	0.00202	0.00706
31	0.01113	0.01064	0.01814	0.22631	0.61069	0.01117	0.01432	0.01406	0.01055	0.01477	0.00887	0.01206	0.00727	0.00439	0.00474	0.00146	0.00585	0.00426	0.00231	0.00701
32	0.00694	0.00466	0.00536	0.00536	0.00541	0.00472	0.00308	0.00705	0.00699	0.00938	0.01492	0.03052	0.01705	0.78379	0.07211	0.00482	0.00513	0.00684	0.00288	0.00298
33	0.01040	0.01104	0.02196	0.32753	0.05516	0.01161	0.42636	0.01393	0.01043	0.01396	0.00904	0.01269	0.00688	0.00452	0.00573	0.00162	0.04388	0.00499	0.00229	0.00600
34	0.01082	0.01032	0.01757	0.31523	0.52424	0.01109	0.01416	0.01378	0.01040	0.01439	0.00881	0.01216	0.00714	0.00445	0.00475	0.00148	0.00593	0.00425	0.00228	0.00675
35	0.00770	0.00550	0.00770	0.00880	0.00990	0.00550	0.00770	0.00990	0.01100	0.01430	0.02531	0.05391	0.02751	0.01320	0.00660	0.00220	0.00440	0.77004	0.00440	0.00440
36	0.00959	0.02472	0.80726	0.01362	0.02069	0.01110	0.01766	0.01514	0.01009	0.01514	0.00858	0.01009	0.00605	0.00454	0.00454	0.00151	0.00706	0.00353	0.00202	0.00706
37	0.00582	0.00416	0.00555	0.00666	0.00693	0.00388	0.00444	0.00666	0.00915	0.01220	0.02634	0.82891	0.03161	0.01497	0.00610	0.00194	0.00277	0.01359	0.00444	0.00388
38	0.00959	0.02472	0.80726	0.01362	0.02069	0.01110	0.01766	0.01514	0.01009	0.01514	0.00858	0.01009	0.00605	0.00454	0.00454	0.00151	0.00706	0.00353	0.00202	0.00706
39	0.01183	0.01136	0.01940	0.02934	0.80221	0.01136	0.01467	0.01467	0.01088	0.01562	0.00899	0.01183	0.00757	0.00426	0.00473	0.00142	0.00568	0.00426	0.00237	0.00757
40	0.01169	0.01174	0.02159	0.02705	0.60871	0.01154	0.20641	0.01483	0.01098	0.01554	0.00916	0.01209	0.00749	0.00420	0.00496	0.00147	0.00627	0.00460	0.00238	0.00729
41	0.01183	0.01136	0.01940	0.02934	0.80221	0.01136	0.01467	0.01467	0.01088	0.01562	0.00899	0.01183	0.00757	0.00426	0.00473	0.00142	0.00568	0.00426	0.00237	0.00757
42	0.01118	0.00918	0.00991	0.00892	0.01136	0.01019	0.00702	0.12346	0.46755	0.01974	0.06100	0.05291	0.11565	0.00804	0.00516	0.00164	0.00375	0.06189	0.00477	0.00669
43	0.00903	0.00850	0.01434	0.82054	0.03292	0.01062	0.01327	0.01221	0.00956	0.01221	0.00850	0.01274	0.00637	0.00478	0.00478	0.00159	0.00637	0.00425	0.00212	0.00531
44	0.00991	0.00850	0.00991	0.00708	0.01133	0.00637	0.00566	0.01203	0.00991	0.01557	0.00850	0.00991	0.00708	0.00354	0.00354	0.00071	0.00354	0.00283	0.00283	0.86124
45	0.01207	0.01036	0.01091	0.00976	0.01250	0.01197	0.00761	0.04706	0.77163	0.02028	0.01923	0.01765	0.01441	0.00646	0.00486	0.00162	0.00382	0.00537	0.00486	0.00758
46	0.01200	0.01167	0.01924	0.02886	0.78032	0.03364	0.01452	0.01479	0.01096	0.01551	0.00895	0.01174	0.00753	0.00428	0.00472	0.00141	0.00576	0.00423	0.00237	0.00751
47	0.05226	0.00890	0.01446	0.62121	0.13542	0.01050	0.01267	0.01334	0.00993	0.06333	0.00913	0.01260	0.00682	0.00476	0.00468	0.00156	0.00600	0.00420	0.00244	0.00579

[dist]
# distance from previous block
# <min> <max>
0	1

[block]
# block no. 8 follows, 53 sequences, length 24
# corresponding to MSA columns:
# 636-659
name=unknown_I
#
# <colnr> <probs for GDERKNQSTAVLIFYWHMCP>
#	G	D	E	R	K	N	Q	S	T	A	V	L	I	F	Y	W	H	M	C	P
0	0.01045	0.00793	0.01076	0.01250	0.19171	0.00803	0.00778	0.01536	0.20026	0.09289	0.26524	0.08128	0.06003	0.00782	0.00520	0.00155	0.00363	0.00691	0.00447	0.00623
1	0.00701	0.00487	0.00591	0.00585	0.00601	0.00513	0.00366	0.00736	0.00710	0.00966	0.01442	0.02844	0.01609	0.66358	0.17073	0.00514	0.02647	0.00654	0.00281	0.00321
2	0.01168	0.00962	0.00998	0.00902	0.01143	0.04776	0.00702	0.06970	0.47911	0.05667	0.07594	0.06647	0.07999	0.00774	0.00508	0.00162	0.00387	0.03584	0.00475	0.00671
3	0.86579	0.00924	0.00702	0.00629	0.00924	0.01072	0.00518	0.01405	0.00813	0.02144	0.00666	0.00776	0.00518	0.00444	0.00296	0.00148	0.00370	0.00259	0.00296	0.00518
4	0.01085	0.00847	0.01001	0.00720	0.01140	0.00642	0.00577	0.01295	0.01022	0.08012	0.00934	0.01043	0.00747	0.00373	0.00364	0.00077	0.00358	0.00299	0.00308	0.79154
5	0.00923	0.00776	0.00841	0.00804	0.01013	0.00835	0.00635	0.01698	0.41674	0.01682	0.02955	0.03271	0.26404	0.00937	0.00540	0.00172	0.00346	0.13437	0.00465	0.00593
6	0.00576	0.00485	0.00500	0.00496	0.00653	0.00408	0.00372	0.00708	0.01116	0.01355	0.12544	0.04494	0.72285	0.01187	0.00565	0.00160	0.00240	0.00994	0.00452	0.00408
7	0.00939	0.00888	0.01492	0.70727	0.11978	0.01082	0.01335	0.01247	0.00964	0.01258	0.00849	0.01257	0.00650	0.00482	0.00509	0.00159	0.02989	0.00425	0.00215	0.00556
8	0.00684	0.00509	0.00753	0.00753	0.00833	0.00589	0.00579	0.00844	0.00764	0.01098	0.01294	0.01954	0.01228	0.08469	0.76470	0.00749	0.01230	0.00523	0.00258	0.00418
9	0.00966	0.00941	0.01435	0.01203	0.01272	0.01192	0.11447	0.01095	0.00798	0.01178	0.00981	0.08968	0.01028	0.12130	0.01461	0.00236	0.52365	0.00563	0.00246	0.00495
10	0.01817	0.01339	0.01434	0.01100	0.01482	0.01482	0.00908	0.78627	0.02247	0.03012	0.01148	0.01148	0.00813	0.00574	0.00478	0.00143	0.00526	0.00430	0.00478	0.00813
11	0.00789	0.00606	0.00737	0.00762	0.00878	0.00630	0.00575	0.01226	0.20048	0.01551	0.15533	0.29505	0.02808	0.06286	0.00696	0.00201	0.00337	0.15883	0.00458	0.00492
12	0.01591	0.01019	0.01154	0.00959	0.01279	0.01095	0.00768	0.16296	0.41836	0.25869	0.01782	0.01621	0.01258	0.00618	0.00483	0.00154	0.00414	0.00502	0.00517	0.00784
13	0.00770	0.00550	0.00770	0.00880	0.00990	0.00550	0.00770	0.00990	0.01100	0.01430	0.02531	0.05391	0.02751	0.01320	0.00660	0.00220	0.00440	0.77004	0.00440	0.00440
14	0.00991	0.00850	0.00991	0.00708	0.01133	0.00637	0.00566	0.01203	0.00991	0.01557	0.00850	0.00991	0.00708	0.00354	0.00354	0.00071	0.00354	0.00283	0.00283	0.86124
15	0.00817	0.00516	0.00651	0.00617	0.00758	0.00462	0.00462	0.00995	0.01235	0.11182	0.43530	0.15278	0.19562	0.01056	0.00561	0.00159	0.00258	0.00921	0.00505	0.00476
16	0.00693	0.00518	0.00620	0.00622	0.00762	0.00474	0.00488	0.00899	0.03258	0.03366	0.28480	0.06327	0.35282	0.01134	0.00579	0.00169	0.00282	0.15129	0.00474	0.00444
17	0.00955	0.01507	0.31510	0.41904	0.07501	0.01093	0.06134	0.01365	0.00994	0.01371	0.00863	0.01169	0.00638	0.00461	0.00474	0.00155	0.00669	0.00406	0.00212	0.00618
18	0.01128	0.11602	0.27905	0.01957	0.36886	0.05410	0.01409	0.01474	0.01075	0.01489	0.04643	0.01173	0.00862	0.00463	0.00449	0.00140	0.00606	0.00396	0.00236	0.00698
19	0.00926	0.00956	0.10763	0.00940	0.01264	0.00711	0.10254	0.01188	0.01104	0.05307	0.18373	0.08992	0.05417	0.00716	0.00519	0.00138	0.02332	0.04631	0.00363	0.25106
20	0.01172	0.01000	0.01266	0.01041	0.01343	0.01065	0.09817	0.14065	0.36110	0.01921	0.01592	0.05300	0.02649	0.00889	0.07863	0.00205	0.00524	0.00537	0.00408	0.11233
21	0.02392	0.12326	0.01529	0.36292	0.11704	0.06778	0.01083	0.03201	0.07220	0.03368	0.01075	0.01299	0.03447	0.00498	0.00444	0.00141	0.00563	0.00413	0.00267	0.05959
22	0.36429	0.03875	0.01020	0.05094	0.01207	0.09105	0.00692	0.06916	0.07988	0.07615	0.05790	0.01273	0.02962	0.00554	0.00448	0.00146	0.04377	0.00389	0.00347	0.03772
23	0.04985	0.01130	0.01161	0.01177	0.11971	0.15837	0.00803	0.10351	0.09606	0.16307	0.01383	0.04206	0.03070	0.00762	0.02475	0.08067	0.00525	0.00469	0.05085	0.00629

[dist]
# distance from previous block
# <min> <max>
2	36

[block]
# block no. 9 follows, 53 sequences, length 33
# corresponding to MSA columns:
# 702-734
name=unknown_J
#
# <colnr> <probs for GDERKNQSTAVLIFYWHMCP>
#	G	D	E	R	K	N	Q	S	T	A	V	L	I	F	Y	W	H	M	C	P
0	0.01193	0.00884	0.01198	0.05583	0.17704	0.00845	0.00839	0.11512	0.02643	0.11009	0.08162	0.09919	0.02699	0.00646	0.00474	0.00135	0.00424	0.02466	0.00379	0.21286
1	0.01239	0.01126	0.01179	0.01339	0.18665	0.19143	0.00855	0.03934	0.03771	0.09229	0.09958	0.10452	0.07130	0.00759	0.00505	0.00150	0.00506	0.06394	0.00373	0.03293
2	0.01299	0.38070	0.26531	0.01121	0.06129	0.01398	0.01132	0.03276	0.01072	0.12840	0.00938	0.01021	0.00718	0.00515	0.01940	0.00140	0.00575	0.00337	0.00269	0.00681
3	0.01030	0.00953	0.09416	0.00830	0.01130	0.00780	0.00724	0.07552	0.11538	0.06463	0.25375	0.06501	0.02130	0.00701	0.00506	0.00136	0.02268	0.00589	0.00417	0.20961
4	0.07531	0.01062	0.04225	0.10162	0.18377	0.02450	0.00984	0.05525	0.25100	0.15656	0.01416	0.03209	0.01064	0.00563	0.00468	0.00153	0.00476	0.00474	0.00392	0.00714
5	0.45932	0.01149	0.00989	0.00823	0.01147	0.09831	0.00668	0.18631	0.01250	0.09274	0.00901	0.00957	0.00665	0.00486	0.00371	0.00140	0.00460	0.00324	0.00357	0.05645
6	0.01111	0.01111	0.02022	0.17963	0.44805	0.01151	0.18754	0.01422	0.01058	0.01473	0.00894	0.01219	0.00722	0.00447	0.00537	0.00152	0.03793	0.00456	0.00232	0.00679
7	0.00821	0.00465	0.00539	0.00535	0.00641	0.00480	0.00406	0.01032	0.00988	0.01645	0.09991	0.01997	0.01574	0.01284	0.18579	0.00263	0.00461	0.00506	0.57350	0.00442
8	0.00959	0.02472	0.80726	0.01362	0.02069	0.01110	0.01766	0.01514	0.01009	0.01514	0.00858	0.01009	0.00605	0.00454	0.00454	0.00151	0.00706	0.00353	0.00202	0.00706
9	0.00903	0.00850	0.01434	0.82054	0.03292	0.01062	0.01327	0.01221	0.00956	0.01221	0.00850	0.01274	0.00637	0.00478	0.00478	0.00159	0.00637	0.00425	0.00212	0.00531
10	0.01189	0.01027	0.01081	0.00973	0.01243	0.01189	0.00757	0.02540	0.79357	0.01999	0.01945	0.01783	0.01459	0.00648	0.00486	0.00162	0.00378	0.00540	0.00486	0.00757
11	0.00695	0.00463	0.00521	0.00521	0.00521	0.00463	0.00290	0.00695	0.00695	0.00927	0.01506	0.03128	0.01738	0.83203	0.02433	0.00463	0.00463	0.00695	0.00290	0.00290
12	0.00605	0.00486	0.00539	0.00526	0.00670	0.00420	0.00394	0.00763	0.01183	0.01513	0.31530	0.04234	0.53200	0.01128	0.00564	0.00157	0.00236	0.00957	0.00473	0.00420
13	0.01324	0.01094	0.01157	0.01000	0.01294	0.01252	0.00789	0.18902	0.62775	0.02217	0.01774	0.01647	0.01320	0.00632	0.00485	0.00158	0.00410	0.00517	0.00485	0.00769
14	0.00651	0.00462	0.00534	0.00549	0.00594	0.00442	0.00347	0.00708	0.00856	0.01122	0.08430	0.16280	0.16477	0.46983	0.03256	0.00346	0.00391	0.00869	0.00360	0.00342
15	0.00954	0.09608	0.65098	0.01228	0.01846	0.01109	0.01537	0.01434	0.01034	0.01501	0.06842	0.01293	0.03458	0.00513	0.00452	0.00147	0.00638	0.00403	0.00234	0.00669
16	0.01769	0.02175	0.01363	0.01222	0.01472	0.73171	0.00925	0.07762	0.01407	0.01310	0.00767	0.00888	0.00631	0.00507	0.00463	0.00127	0.02882	0.00320	0.00263	0.00573
17	0.01278	0.83490	0.02505	0.00818	0.01227	0.01891	0.00818	0.01431	0.00971	0.01125	0.00664	0.00767	0.00613	0.00409	0.00307	0.00102	0.00511	0.00256	0.00204	0.00613
18	0.00615	0.00462	0.00512	0.00536	0.00612	0.00421	0.00354	0.00685	0.00913	0.01147	0.03190	0.20829	0.35904	0.30259	0.01235	0.00275	0.00328	0.00973	0.00389	0.00360
19	0.01503	0.42601	0.01955	0.01110	0.05256	0.37836	0.00898	0.01649	0.01151	0.01167	0.00710	0.00831	0.00622	0.00448	0.00371	0.00114	0.00673	0.00288	0.00225	0.00594
20	0.01434	0.50051	0.07084	0.00996	0.01368	0.29489	0.00915	0.01603	0.01107	0.01165	0.00703	0.00815	0.00614	0.00441	0.00359	0.00113	0.00646	0.00280	0.00219	0.00599
21	0.01189	0.01100	0.01888	0.07714	0.65298	0.01114	0.05224	0.01472	0.01085	0.04579	0.00962	0.01287	0.00799	0.00460	0.00505	0.00147	0.02319	0.01876	0.00252	0.00728
22	0.00924	0.00538	0.00715	0.00665	0.00811	0.00491	0.00507	0.01123	0.01287	0.15505	0.52893	0.13787	0.03678	0.00993	0.00559	0.00159	0.00273	0.04064	0.00523	0.00505
23	0.00695	0.00465	0.00531	0.00531	0.00534	0.00468	0.00301	0.00701	0.00698	0.00934	0.01498	0.03081	0.01717	0.80222	0.05386	0.00475	0.00494	0.00688	0.00288	0.00295
24	0.04494	0.21048	0.13684	0.01447	0.03428	0.08918	0.28882	0.01494	0.01040	0.01382	0.00809	0.01037	0.00653	0.00468	0.00567	0.00146	0.09246	0.00406	0.00226	0.00622
25	0.05490	0.01396	0.01364	0.01176	0.06044	0.14916	0.00897	0.45404	0.06423	0.10410	0.01164	0.01171	0.00839	0.00552	0.00463	0.00142	0.00558	0.00413	0.00429	0.00749
26	0.00742	0.00516	0.00629	0.00607	0.00750	0.00484	0.00460	0.00887	0.01041	0.07788	0.12298	0.06089	0.39346	0.04906	0.20930	0.00324	0.00524	0.00823	0.00412	0.00444
27	0.00726	0.00481	0.00538	0.00531	0.00543	0.00484	0.00304	0.02358	0.00739	0.01003	0.01500	0.03036	0.01699	0.78362	0.02313	0.00443	0.00456	0.00680	0.03497	0.00307
28	0.01004	0.00915	0.01356	0.26482	0.17220	0.00880	0.02784	0.01268	0.01002	0.01453	0.00862	0.01123	0.00696	0.00408	0.00421	0.00114	0.00494	0.00361	0.00251	0.40905
