[name]
unknown

[dist]
# distance from previous block
# <min> <max>
0	26

[block]
# block no. 0 follows, 51 sequences, length 31
# corresponding to MSA columns:
# 26-56
name=unknown_A
#
# <colnr> <probs for GDERKNQSTAVLIFYWHMCP>
#	G	D	E	R	K	N	Q	S	T	A	V	L	I	F	Y	W	H	M	C	P
0	0.07173	0.00722	0.00910	0.00865	0.01088	0.00707	0.00734	0.07342	0.01274	0.22527	0.02364	0.03784	0.07960	0.01028	0.00582	0.00191	0.00430	0.39246	0.00487	0.00587
1	0.00934	0.01587	0.38673	0.01343	0.11280	0.00920	0.01294	0.01383	0.04493	0.01666	0.18780	0.02282	0.01873	0.00711	0.00524	0.00164	0.00547	0.10575	0.00332	0.00640
2	0.00600	0.00444	0.00562	0.00648	0.00705	0.00405	0.00442	0.00700	0.00995	0.01303	0.06896	0.64678	0.16904	0.01461	0.00617	0.00191	0.00276	0.01308	0.00460	0.00405
3	0.00821	0.00669	0.00882	0.00818	0.00834	0.00817	0.00598	0.00888	0.00745	0.01064	0.01252	0.03983	0.01364	0.41489	0.16307	0.00446	0.25746	0.00607	0.00269	0.00399
4	0.00692	0.00500	0.00654	0.00621	0.00733	0.00461	0.00463	0.00919	0.01375	0.01945	0.76613	0.06537	0.04586	0.01024	0.00581	0.00156	0.00234	0.00907	0.00538	0.00461
5	0.00702	0.00527	0.00790	0.00790	0.00878	0.00614	0.00614	0.00878	0.00790	0.01141	0.01316	0.01931	0.01229	0.03686	0.80782	0.00790	0.01316	0.00527	0.00263	0.00439
6	0.01203	0.01129	0.01897	0.22501	0.45486	0.01191	0.08575	0.09046	0.01207	0.01663	0.00943	0.01247	0.00750	0.00464	0.00497	0.00152	0.00620	0.00451	0.00262	0.00715
7	0.86201	0.00950	0.00722	0.00646	0.00950	0.01102	0.00532	0.01445	0.00836	0.02205	0.00684	0.00798	0.00532	0.00456	0.00304	0.00152	0.00380	0.00266	0.00304	0.00532
8	0.00947	0.02332	0.72281	0.01330	0.01987	0.01068	0.01681	0.01470	0.01028	0.01526	0.01063	0.09115	0.00883	0.00573	0.00483	0.00160	0.00682	0.00466	0.00232	0.00694
9	0.00829	0.00657	0.08548	0.00728	0.00814	0.00532	0.00580	0.00776	0.00711	0.00978	0.01001	0.01696	0.00986	0.10335	0.14120	0.55104	0.00600	0.00466	0.00229	0.00308
10	0.70031	0.00984	0.00877	0.00746	0.01058	0.01119	0.03852	0.09037	0.01006	0.02248	0.00792	0.00909	0.00607	0.00473	0.00336	0.00150	0.00408	0.00306	0.04496	0.00564
11	0.00597	0.00433	0.00565	0.00670	0.00709	0.00400	0.00450	0.00686	0.00955	0.01260	0.02883	0.76455	0.09092	0.01517	0.00624	0.00197	0.00282	0.01369	0.00456	0.00400
12	0.01137	0.00870	0.01031	0.00742	0.01174	0.00662	0.00596	0.01352	0.01058	0.09384	0.00979	0.01084	0.00776	0.00388	0.00377	0.00081	0.00369	0.00311	0.00323	0.77306
13	0.01802	0.01344	0.01438	0.01117	0.01499	0.01493	0.00918	0.70355	0.10088	0.02991	0.01263	0.01246	0.00903	0.00598	0.00492	0.00149	0.00525	0.00454	0.00492	0.00830
14	0.00590	0.00498	0.00507	0.00505	0.00664	0.00419	0.00376	0.00716	0.01124	0.01350	0.08545	0.04641	0.73913	0.03208	0.00627	0.00173	0.00254	0.01022	0.00457	0.00414
15	0.01314	0.83025	0.02575	0.00841	0.01261	0.01945	0.00841	0.01472	0.00999	0.01156	0.00683	0.00788	0.00631	0.00420	0.00315	0.00105	0.00526	0.00263	0.00210	0.00631
16	0.00700	0.00482	0.00602	0.00617	0.00645	0.00500	0.00399	0.00760	0.00771	0.01059	0.01650	0.13672	0.01837	0.50350	0.21544	0.00508	0.00653	0.00756	0.02146	0.00350
17	0.01090	0.28088	0.55549	0.01223	0.01852	0.01396	0.01506	0.01529	0.01025	0.01429	0.00819	0.00958	0.00625	0.00452	0.00419	0.00140	0.00663	0.00331	0.00208	0.00696
18	0.00916	0.00458	0.00458	0.00458	0.00573	0.00458	0.00344	0.01145	0.01031	0.01832	0.01603	0.01832	0.01260	0.00573	0.00344	0.00115	0.00229	0.00458	0.85457	0.00458
19	0.00996	0.00756	0.00811	0.00806	0.00942	0.06840	0.00596	0.12510	0.01237	0.06061	0.03621	0.47893	0.06263	0.01210	0.00579	0.00181	0.00384	0.05642	0.02164	0.00509
20	0.00946	0.00908	0.01583	0.75457	0.03322	0.01103	0.07229	0.01280	0.00996	0.01280	0.00883	0.01311	0.00662	0.00485	0.00498	0.00164	0.00668	0.00448	0.00221	0.00555
21	0.01343	0.00675	0.00878	0.00779	0.00996	0.00628	0.00599	0.01634	0.08960	0.33884	0.19615	0.23452	0.02553	0.00949	0.00549	0.00167	0.00338	0.00828	0.00542	0.00631
22	0.00599	0.00428	0.00570	0.00684	0.00713	0.00399	0.00456	0.00684	0.00941	0.01254	0.02709	0.82409	0.03250	0.01540	0.00627	0.00200	0.00285	0.01397	0.00456	0.00399
23	0.01455	0.00704	0.00839	0.00724	0.00967	0.00687	0.00578	0.01855	0.13677	0.31863	0.01838	0.01929	0.01348	0.00635	0.00441	0.00142	0.00337	0.03715	0.35612	0.00654
24	0.00653	0.00473	0.00657	0.00713	0.00763	0.00495	0.00505	0.00767	0.00856	0.01178	0.02021	0.41449	0.02274	0.10481	0.33779	0.00470	0.00728	0.00971	0.00361	0.00405
25	0.00637	0.00461	0.00599	0.00668	0.00731	0.00430	0.00472	0.00764	0.01057	0.01419	0.19180	0.51026	0.09282	0.04237	0.00683	0.00199	0.00291	0.06983	0.00468	0.00415
26	0.01111	0.01060	0.01805	0.31631	0.51870	0.01140	0.01456	0.01416	0.01069	0.01478	0.00906	0.01250	0.00733	0.00457	0.00488	0.00152	0.00610	0.00437	0.00234	0.00694
27	0.00700	0.00470	0.00540	0.00555	0.00558	0.00467	0.00318	0.00711	0.00743	0.00991	0.01695	0.13244	0.01972	0.72448	0.02264	0.00441	0.00452	0.00801	0.00318	0.00311
28	0.01462	0.01035	0.01187	0.01009	0.01281	0.01160	0.00804	0.17414	0.36140	0.15802	0.01745	0.07775	0.01366	0.00727	0.00618	0.00168	0.08501	0.00574	0.00486	0.00747
29	0.18849	0.13792	0.09979	0.34305	0.02299	0.01254	0.08745	0.02825	0.01003	0.01536	0.00823	0.01093	0.00635	0.00465	0.00431	0.00151	0.00600	0.00381	0.00242	0.00592
30	0.01184	0.00576	0.00682	0.00607	0.00800	0.00524	0.00469	0.01370	0.01169	0.23949	0.08343	0.05351	0.16516	0.03411	0.00529	0.00153	0.00297	0.00653	0.32867	0.00551

[dist]
# distance from previous block
# <min> <max>
0	2

[block]
# block no. 1 follows, 51 sequences, length 23
# corresponding to MSA columns:
# 59-81
name=unknown_B
#
# <colnr> <probs for GDERKNQSTAVLIFYWHMCP>
#	G	D	E	R	K	N	Q	S	T	A	V	L	I	F	Y	W	H	M	C	P
0	0.06570	0.01083	0.01322	0.01451	0.24692	0.07219	0.00886	0.01389	0.01067	0.01609	0.00868	0.01053	0.00723	0.00403	0.00403	0.00104	0.00472	0.00336	0.00275	0.48073
1	0.00689	0.00509	0.00653	0.00679	0.00793	0.00474	0.00532	0.00883	0.01222	0.01641	0.37061	0.13476	0.17490	0.01202	0.00611	0.00181	0.00299	0.20666	0.00493	0.00444
2	0.01134	0.15809	0.17583	0.01343	0.10368	0.02572	0.08522	0.01782	0.24332	0.01625	0.02784	0.01614	0.07268	0.00581	0.00474	0.00150	0.00540	0.00494	0.00330	0.00693
3	0.00633	0.00498	0.00572	0.00558	0.00697	0.00436	0.00417	0.00804	0.01236	0.01614	0.38293	0.06738	0.43460	0.01146	0.00582	0.00162	0.00242	0.00982	0.00494	0.00436
4	0.01390	0.11426	0.20036	0.06469	0.01884	0.29185	0.11872	0.05415	0.01220	0.01427	0.00834	0.01022	0.00658	0.00495	0.00516	0.00144	0.04750	0.00377	0.00245	0.00636
5	0.01003	0.00815	0.00902	0.00838	0.01010	0.00923	0.00618	0.01823	0.45346	0.01611	0.01773	0.02238	0.01541	0.24291	0.12777	0.00345	0.00549	0.00596	0.00408	0.00593
6	0.01693	0.07130	0.01457	0.06187	0.01591	0.52395	0.00949	0.14281	0.04409	0.01542	0.00894	0.01022	0.00718	0.00617	0.02903	0.00153	0.00787	0.00357	0.00297	0.00619
7	0.42183	0.00950	0.00913	0.00766	0.01071	0.01039	0.00624	0.16043	0.04311	0.14186	0.03829	0.01252	0.00950	0.00544	0.00390	0.00148	0.00396	0.00387	0.09382	0.00635
8	0.01841	0.02193	0.01405	0.01245	0.01520	0.68503	0.00947	0.13725	0.01535	0.01496	0.00825	0.00932	0.00664	0.00519	0.00451	0.00130	0.00833	0.00336	0.00290	0.00611
9	0.01032	0.00885	0.01025	0.00745	0.01172	0.00690	0.00594	0.01323	0.05856	0.01630	0.00944	0.01070	0.00776	0.00383	0.00372	0.00079	0.00365	0.00308	0.00304	0.80449
10	0.00721	0.00511	0.00604	0.00633	0.00686	0.00500	0.00419	0.04523	0.00938	0.01231	0.02355	0.30787	0.10580	0.37412	0.01449	0.00318	0.00388	0.05177	0.00388	0.00380
11	0.01237	0.01039	0.01446	0.35649	0.09024	0.01222	0.01133	0.24229	0.01352	0.01822	0.01001	0.01366	0.00800	0.05673	0.00732	0.00181	0.09156	0.00456	0.01849	0.00635
12	0.01868	0.01376	0.01475	0.01131	0.01524	0.01524	0.00934	0.78025	0.02311	0.03097	0.01180	0.01180	0.00836	0.00590	0.00492	0.00147	0.00541	0.00442	0.00492	0.00836
13	0.29284	0.07596	0.01122	0.00791	0.01166	0.06109	0.00651	0.10270	0.01131	0.01913	0.00824	0.00938	0.00662	0.00434	0.00360	0.00114	0.00436	0.00300	0.00310	0.35589
14	0.01789	0.03404	0.01277	0.01054	0.01369	0.26999	0.00830	0.08470	0.20899	0.26584	0.01478	0.01395	0.01053	0.00584	0.00475	0.00146	0.00576	0.00442	0.00446	0.00730
15	0.86201	0.00950	0.00722	0.00646	0.00950	0.01102	0.00532	0.01445	0.00836	0.02205	0.00684	0.00798	0.00532	0.00456	0.00304	0.00152	0.00380	0.00266	0.00304	0.00532
16	0.00956	0.00813	0.01252	0.01734	0.35929	0.00813	0.00959	0.01169	0.02634	0.01397	0.01630	0.06708	0.03312	0.21672	0.01049	0.00250	0.00503	0.16334	0.00321	0.00562
17	0.00599	0.00428	0.00570	0.00684	0.00713	0.00399	0.00456	0.00684	0.00941	0.01254	0.02709	0.82409	0.03250	0.01540	0.00627	0.00200	0.00285	0.01397	0.00456	0.00399
18	0.01019	0.00873	0.01019	0.00728	0.01165	0.00655	0.00582	0.01237	0.01019	0.01601	0.00873	0.01019	0.00728	0.00364	0.00364	0.00073	0.00364	0.00291	0.00291	0.85734
19	0.00702	0.00527	0.00790	0.00790	0.00878	0.00614	0.00614	0.00878	0.00790	0.01141	0.01316	0.01931	0.01229	0.03686	0.80782	0.00790	0.01316	0.00527	0.00263	0.00439
20	0.00635	0.00459	0.00609	0.00716	0.00769	0.00432	0.00516	0.00750	0.00989	0.01301	0.02824	0.62827	0.07729	0.01487	0.00634	0.00203	0.00315	0.15939	0.00455	0.00410
21	0.00968	0.01014	0.01703	0.01388	0.05454	0.05835	0.33686	0.01240	0.01174	0.01504	0.09613	0.02737	0.24802	0.00780	0.00590	0.00165	0.01996	0.04448	0.00348	0.00557
22	0.01159	0.17615	0.01148	0.00720	0.00997	0.00910	0.00601	0.01488	0.12345	0.17513	0.04505	0.02856	0.34542	0.00857	0.00497	0.00150	0.00360	0.00695	0.00445	0.00599

[dist]
# distance from previous block
# <min> <max>
3	5

[block]
# block no. 2 follows, 51 sequences, length 19
# corresponding to MSA columns:
# 87-105
name=unknown_C
#
# <colnr> <probs for GDERKNQSTAVLIFYWHMCP>
#	G	D	E	R	K	N	Q	S	T	A	V	L	I	F	Y	W	H	M	C	P
0	0.01142	0.01082	0.01834	0.08855	0.67104	0.01097	0.01408	0.01419	0.01093	0.01549	0.01072	0.08110	0.00979	0.00535	0.00499	0.00152	0.00564	0.00519	0.00259	0.00728
1	0.00653	0.00490	0.00572	0.00581	0.00663	0.00471	0.00399	0.00742	0.00911	0.01171	0.04513	0.10274	0.30572	0.30062	0.15412	0.00387	0.00519	0.00862	0.00369	0.00378
2	0.12243	0.07184	0.00987	0.00728	0.00990	0.00805	0.00597	0.01654	0.02238	0.30498	0.09451	0.02989	0.02760	0.00638	0.00474	0.00142	0.03408	0.00497	0.19844	0.01873
3	0.79580	0.00984	0.00781	0.00684	0.00995	0.01136	0.00564	0.07457	0.00952	0.02275	0.00723	0.00828	0.00556	0.00467	0.00319	0.00152	0.00393	0.00280	0.00319	0.00556
4	0.00702	0.00527	0.00790	0.00790	0.00878	0.00614	0.00614	0.00878	0.00790	0.01141	0.01316	0.01931	0.01229	0.03686	0.80782	0.00790	0.01316	0.00527	0.00263	0.00439
5	0.22067	0.04985	0.16539	0.19879	0.10378	0.10790	0.01160	0.03259	0.03807	0.01644	0.00859	0.01064	0.00662	0.00479	0.00427	0.00150	0.00604	0.00363	0.00260	0.00624
6	0.01073	0.04322	0.10641	0.27993	0.16554	0.01162	0.23484	0.01433	0.01067	0.01460	0.00911	0.01232	0.00703	0.00447	0.00500	0.00153	0.00679	0.00455	0.00234	0.05498
7	0.00581	0.00498	0.00498	0.00498	0.00664	0.00415	0.00373	0.00705	0.01120	0.01328	0.04978	0.04729	0.79464	0.01245	0.00581	0.00166	0.00249	0.01037	0.00456	0.00415
8	0.00977	0.00842	0.01203	0.01542	0.30292	0.00831	0.00883	0.07216	0.04574	0.01775	0.23112	0.02730	0.20412	0.00803	0.00535	0.00154	0.00398	0.00706	0.00404	0.00612
9	0.01258	0.01583	0.26154	0.19783	0.16770	0.04764	0.04380	0.09642	0.01227	0.08298	0.01008	0.01206	0.00737	0.00492	0.00484	0.00154	0.00649	0.00420	0.00284	0.00707
10	0.00833	0.00721	0.01000	0.05931	0.01097	0.00883	0.00743	0.00980	0.00941	0.01341	0.17140	0.11147	0.04920	0.08507	0.11077	0.00291	0.29144	0.02501	0.00336	0.00468
11	0.00607	0.00436	0.00563	0.00660	0.00695	0.00407	0.00438	0.00688	0.00933	0.01233	0.02752	0.70843	0.07884	0.08407	0.00783	0.00221	0.00299	0.01317	0.00443	0.00392
12	0.01291	0.31723	0.02169	0.01286	0.05147	0.01424	0.21487	0.10294	0.04813	0.04645	0.09956	0.01408	0.01212	0.00524	0.00460	0.00138	0.00567	0.00470	0.00320	0.00665
13	0.08111	0.00951	0.01308	0.04066	0.23725	0.00960	0.00937	0.13995	0.01323	0.21264	0.01540	0.16882	0.01348	0.00720	0.00502	0.00159	0.00465	0.00623	0.00419	0.00702
14	0.01245	0.01686	0.36599	0.07947	0.22297	0.01070	0.01469	0.01640	0.01116	0.14833	0.02570	0.01265	0.00844	0.00506	0.00511	0.00155	0.02798	0.00422	0.00292	0.00734
15	0.69458	0.01002	0.00877	0.00921	0.09270	0.04163	0.00648	0.01438	0.00906	0.02073	0.02999	0.02900	0.00744	0.00498	0.00344	0.00152	0.00415	0.00331	0.00306	0.00554
16	0.09733	0.00578	0.00703	0.00701	0.00830	0.00624	0.00544	0.00961	0.03110	0.01356	0.02149	0.02750	0.17432	0.07696	0.39175	0.00487	0.00809	0.06568	0.03348	0.00446
17	0.18903	0.13736	0.01231	0.00796	0.01150	0.01051	0.00668	0.07970	0.04637	0.09605	0.01035	0.01150	0.00818	0.00800	0.08864	0.00189	0.00515	0.00352	0.00336	0.26193
18	0.01075	0.07711	0.01091	0.00779	0.01078	0.00739	0.05385	0.01315	0.04501	0.13774	0.09676	0.06143	0.23345	0.00783	0.00492	0.00137	0.00368	0.00665	0.00417	0.20523

[dist]
# distance from previous block
# <min> <max>
0	19

[block]
# block no. 3 follows, 51 sequences, length 32
# corresponding to MSA columns:
# 125-156
name=unknown_D
#
# <colnr> <probs for GDERKNQSTAVLIFYWHMCP>
#	G	D	E	R	K	N	Q	S	T	A	V	L	I	F	Y	W	H	M	C	P
0	0.02883	0.01105	0.07569	0.13320	0.29304	0.01037	0.01162	0.10444	0.02793	0.11286	0.01278	0.08959	0.01088	0.02667	0.02792	0.00182	0.00562	0.00538	0.00339	0.00693
1	0.01047	0.01001	0.06588	0.00974	0.01164	0.01059	0.00826	0.10610	0.15442	0.01667	0.01911	0.07461	0.13667	0.01029	0.05788	0.00214	0.22598	0.00621	0.05742	0.00591
2	0.00782	0.00628	0.00906	0.07699	0.06586	0.00637	0.03646	0.04158	0.05108	0.01447	0.06255	0.55121	0.02644	0.01218	0.00589	0.00185	0.00371	0.01108	0.00422	0.00489
3	0.01537	0.01215	0.01223	0.00982	0.01303	0.06770	0.00794	0.52558	0.01951	0.02540	0.06343	0.02025	0.17107	0.00741	0.00511	0.00150	0.00488	0.00580	0.00471	0.00710
4	0.01563	0.01593	0.13073	0.01169	0.01571	0.18159	0.05845	0.20575	0.10286	0.11532	0.01297	0.01320	0.02884	0.00555	0.00478	0.00143	0.00608	0.00437	0.00384	0.06529
5	0.23744	0.00952	0.01053	0.00922	0.04432	0.00987	0.00709	0.09005	0.15056	0.27630	0.01438	0.01382	0.01012	0.00556	0.00431	0.00148	0.00409	0.00426	0.04550	0.05157
6	0.00833	0.00740	0.04266	0.00905	0.01028	0.00788	0.04708	0.02562	0.02327	0.01252	0.01252	0.01910	0.01180	0.13915	0.44484	0.00551	0.11593	0.00532	0.04702	0.00471
7	0.01201	0.00709	0.00846	0.00762	0.00996	0.00671	0.00614	0.08356	0.06200	0.22251	0.03142	0.07605	0.30437	0.01015	0.00563	0.00172	0.00364	0.13002	0.00502	0.00592
8	0.01474	0.02899	0.01709	0.01358	0.01657	0.27981	0.20962	0.08826	0.01310	0.06509	0.01103	0.01478	0.00912	0.00593	0.00607	0.00155	0.08524	0.05737	0.05589	0.00619
9	0.00824	0.00572	0.00841	0.00807	0.00844	0.00677	0.00609	0.00827	0.00721	0.01028	0.01017	0.01613	0.00980	0.02413	0.35349	0.36126	0.13688	0.00470	0.00235	0.00360
10	0.00818	0.00523	0.00679	0.00645	0.00776	0.00475	0.00481	0.01015	0.01303	0.09326	0.54798	0.15822	0.09317	0.01067	0.00579	0.00162	0.00259	0.00940	0.00528	0.00486
11	0.00986	0.00921	0.06095	0.01147	0.08706	0.00845	0.11964	0.08365	0.06475	0.01475	0.05054	0.03557	0.01513	0.39127	0.01452	0.00307	0.00539	0.00629	0.00326	0.00517
12	0.01218	0.01624	0.29317	0.01222	0.01681	0.01201	0.06540	0.16348	0.26455	0.01993	0.01422	0.06387	0.01119	0.00618	0.00500	0.00161	0.00562	0.00520	0.00374	0.00739
13	0.01645	0.02006	0.01624	0.01655	0.16136	0.57367	0.06993	0.01824	0.01304	0.01306	0.00805	0.00987	0.00669	0.00497	0.00498	0.00136	0.03321	0.00363	0.00250	0.00615
14	0.00605	0.00432	0.00577	0.00691	0.00722	0.00404	0.00466	0.00694	0.00947	0.01261	0.02705	0.80112	0.03238	0.01534	0.00629	0.00200	0.00290	0.03636	0.00456	0.00401
15	0.00999	0.00976	0.01276	0.08862	0.01372	0.06206	0.00948	0.01138	0.00833	0.01181	0.00954	0.06349	0.00948	0.03665	0.16258	0.00319	0.46457	0.00510	0.00244	0.00507
16	0.01513	0.00927	0.01114	0.00835	0.01231	0.00810	0.00678	0.14217	0.01370	0.26325	0.05035	0.01377	0.01086	0.00508	0.00436	0.00114	0.00404	0.00408	0.00435	0.41178
17	0.00704	0.00520	0.00759	0.00759	0.00836	0.00597	0.00576	0.00858	0.00781	0.01118	0.01345	0.02087	0.01297	0.13331	0.71230	0.00752	0.01214	0.00549	0.00267	0.00422
18	0.00699	0.00507	0.00678	0.00688	0.00737	0.00545	0.00484	0.00805	0.00842	0.01172	0.08461	0.15849	0.02031	0.29012	0.32478	0.00517	0.03015	0.00762	0.00330	0.00391
19	0.00967	0.00857	0.01110	0.01147	0.05992	0.04396	0.00892	0.01265	0.08474	0.01407	0.01701	0.04985	0.01733	0.01309	0.09213	0.00266	0.22530	0.30874	0.00352	0.00529
20	0.00702	0.00527	0.00790	0.00790	0.00878	0.00614	0.00614	0.00878	0.00790	0.01141	0.01316	0.01931	0.01229	0.03686	0.80782	0.00790	0.01316	0.00527	0.00263	0.00439
21	0.00942	0.00778	0.01139	0.00981	0.01166	0.00802	0.13229	0.07475	0.09886	0.01488	0.01830	0.02877	0.06414	0.24185	0.12097	0.00347	0.00626	0.12872	0.00359	0.00508
22	0.00615	0.00439	0.00588	0.00697	0.00734	0.00412	0.00479	0.00714	0.00967	0.01291	0.05021	0.74780	0.03263	0.01511	0.00629	0.00200	0.00295	0.06498	0.00458	0.00405
23	0.00775	0.00470	0.00665	0.00665	0.00693	0.00498	0.00459	0.00733	0.00704	0.00967	0.01154	0.02011	0.01178	0.20081	0.27307	0.39845	0.00723	0.00522	0.00248	0.00304
24	0.86201	0.00950	0.00722	0.00646	0.00950	0.01102	0.00532	0.01445	0.00836	0.02205	0.00684	0.00798	0.00532	0.00456	0.00304	0.00152	0.00380	0.00266	0.00304	0.00532
25	0.01315	0.30405	0.27742	0.01137	0.01606	0.19395	0.01181	0.01720	0.08587	0.01385	0.00893	0.00993	0.00712	0.00479	0.00412	0.00133	0.00660	0.00336	0.00247	0.00663
26	0.01082	0.00890	0.01032	0.00759	0.01179	0.00712	0.00606	0.01412	0.08518	0.04521	0.01021	0.01121	0.00820	0.00402	0.00382	0.00085	0.00368	0.00324	0.00323	0.74442
27	0.01369	0.01571	0.09360	0.01829	0.22063	0.21348	0.13758	0.01629	0.01145	0.06281	0.00930	0.01182	0.00751	0.01752	0.01826	0.00169	0.11683	0.00431	0.00263	0.00661
28	0.01839	0.02249	0.01401	0.01253	0.01520	0.73129	0.00948	0.09284	0.01481	0.01385	0.00800	0.00914	0.00653	0.00514	0.00448	0.00129	0.00853	0.00329	0.00276	0.00595
29	0.00856	0.00563	0.00769	0.00698	0.00821	0.00541	0.03681	0.01007	0.01080	0.09003	0.28824	0.05286	0.08064	0.23935	0.12404	0.00335	0.00498	0.00763	0.00421	0.00453
30	0.01252	0.67760	0.17294	0.00947	0.01425	0.01792	0.01026	0.01488	0.01006	0.01232	0.00721	0.00836	0.00629	0.00429	0.00344	0.00115	0.00564	0.00282	0.00210	0.00649
31	0.01293	0.05402	0.09962	0.01011	0.03547	0.01069	0.00860	0.05036	0.37614	0.14227	0.03665	0.02010	0.10781	0.00690	0.00496	0.00158	0.00430	0.00566	0.00457	0.00726

[dist]
# distance from previous block
# <min> <max>
0	1

[block]
# block no. 4 follows, 51 sequences, length 41
# corresponding to MSA columns:
# 158-198
name=unknown_E
#
# <colnr> <probs for GDERKNQSTAVLIFYWHMCP>
#	G	D	E	R	K	N	Q	S	T	A	V	L	I	F	Y	W	H	M	C	P
0	0.01169	0.01003	0.01064	0.00961	0.01224	0.01149	0.00746	0.02445	0.71363	0.02033	0.07759	0.02033	0.03459	0.00704	0.00508	0.00166	0.00374	0.00591	0.00502	0.00747
1	0.00928	0.00873	0.01474	0.81548	0.03385	0.01092	0.01365	0.01256	0.00983	0.01256	0.00873	0.01310	0.00655	0.00491	0.00491	0.00164	0.00655	0.00437	0.00218	0.00546
2	0.18935	0.00941	0.01038	0.00972	0.05691	0.01014	0.00713	0.14532	0.17838	0.13491	0.01537	0.07619	0.01298	0.09521	0.00686	0.00194	0.00432	0.02458	0.00433	0.00658
3	0.00610	0.00448	0.00568	0.00645	0.00703	0.00411	0.00440	0.00716	0.01013	0.01339	0.11643	0.59730	0.14995	0.03467	0.00662	0.00196	0.00278	0.01268	0.00462	0.00406
4	0.00702	0.00527	0.00790	0.00790	0.00878	0.00614	0.00614	0.00878	0.00790	0.01141	0.01316	0.01931	0.01229	0.03686	0.80782	0.00790	0.01316	0.00527	0.00263	0.00439
5	0.02205	0.00836	0.01140	0.00874	0.01254	0.00722	0.00722	0.02395	0.01407	0.80004	0.01939	0.01673	0.01216	0.00608	0.00494	0.00152	0.00418	0.00494	0.00608	0.00836
6	0.01207	0.01178	0.01845	0.02721	0.68293	0.05749	0.01398	0.01477	0.01127	0.01560	0.01065	0.05171	0.00967	0.00530	0.00498	0.00151	0.00582	0.03484	0.00262	0.00736
7	0.00928	0.00873	0.01474	0.81548	0.03385	0.01092	0.01365	0.01256	0.00983	0.01256	0.00873	0.01310	0.00655	0.00491	0.00491	0.00164	0.00655	0.00437	0.00218	0.00546
8	0.01075	0.00902	0.00943	0.00845	0.01097	0.00982	0.00658	0.10102	0.44320	0.01922	0.02917	0.02740	0.27742	0.00853	0.00526	0.00164	0.00358	0.00706	0.00484	0.00662
9	0.07279	0.00869	0.00988	0.00740	0.01145	0.00702	0.00596	0.01285	0.03519	0.01654	0.00986	0.01266	0.00848	0.00433	0.00380	0.00090	0.00371	0.04282	0.00307	0.72261
10	0.00684	0.00482	0.00532	0.00531	0.00573	0.00462	0.00321	0.00721	0.00833	0.01078	0.05501	0.03572	0.19227	0.61211	0.01994	0.00394	0.00416	0.00794	0.00343	0.00331
11	0.01019	0.00873	0.01019	0.00728	0.01165	0.00655	0.00582	0.01237	0.01019	0.01601	0.00873	0.01019	0.00728	0.00364	0.00364	0.00073	0.00364	0.00291	0.00291	0.85734
12	0.00699	0.00474	0.00559	0.00574	0.00584	0.00477	0.00341	0.00723	0.00749	0.01006	0.01681	0.13320	0.01934	0.66461	0.08017	0.00464	0.00514	0.00789	0.00316	0.00321
13	0.01839	0.02238	0.01401	0.01251	0.01520	0.72211	0.00948	0.10166	0.01492	0.01407	0.00805	0.00918	0.00655	0.00515	0.00448	0.00129	0.00849	0.00330	0.00279	0.00598
14	0.00741	0.00520	0.00607	0.00591	0.00591	0.00552	0.00355	0.00749	0.00717	0.00970	0.01482	0.03058	0.01703	0.76708	0.02436	0.00457	0.06460	0.00694	0.00292	0.00315
15	0.00696	0.00515	0.00719	0.00719	0.00796	0.00573	0.00536	0.00834	0.00800	0.01118	0.01630	0.02384	0.07090	0.18720	0.59816	0.00684	0.01076	0.00600	0.00284	0.00410
16	0.00882	0.00627	0.00872	0.00962	0.09332	0.00686	0.00658	0.05515	0.00978	0.01487	0.01342	0.01784	0.01165	0.02333	0.46207	0.00505	0.00905	0.00494	0.22762	0.00504
17	0.01019	0.00873	0.01019	0.00728	0.01165	0.00655	0.00582	0.01237	0.01019	0.01601	0.00873	0.01019	0.00728	0.00364	0.00364	0.00073	0.00364	0.00291	0.00291	0.85734
18	0.18918	0.01110	0.01280	0.22224	0.01866	0.01245	0.00935	0.35033	0.01546	0.03661	0.00988	0.01133	0.00724	0.00520	0.00444	0.00147	0.00523	0.00394	0.00368	0.06941
19	0.01389	0.01226	0.01829	0.02124	0.39288	0.01280	0.09488	0.22534	0.12099	0.02071	0.01149	0.01303	0.00889	0.00508	0.00500	0.00151	0.00572	0.00471	0.00347	0.00781
20	0.00696	0.00521	0.00777	0.00784	0.00868	0.00602	0.00605	0.00866	0.00799	0.01147	0.01397	0.06624	0.01346	0.03561	0.76108	0.00755	0.01256	0.00577	0.00275	0.00436
21	0.00867	0.00842	0.01549	0.01208	0.01483	0.00783	0.32184	0.01163	0.02801	0.01622	0.24632	0.11345	0.15659	0.00855	0.00583	0.00166	0.00488	0.00836	0.00397	0.00536
22	0.00950	0.00873	0.01433	0.36677	0.25577	0.00979	0.01194	0.01210	0.01021	0.01383	0.04011	0.16564	0.01320	0.00705	0.00564	0.00167	0.03872	0.00633	0.00282	0.00585
23	0.01033	0.04498	0.30224	0.24117	0.10031	0.01172	0.16430	0.01448	0.01047	0.01456	0.00924	0.02484	0.00714	0.00482	0.00512	0.00159	0.01940	0.00447	0.00226	0.00657
24	0.01717	0.00914	0.01096	0.00910	0.01233	0.00928	0.00729	0.02431	0.35079	0.42401	0.01950	0.01750	0.01342	0.00632	0.00490	0.00157	0.00397	0.00519	0.04535	0.00793
25	0.04660	0.06325	0.13398	0.01023	0.01318	0.27870	0.03681	0.02587	0.02132	0.01513	0.01072	0.02645	0.00875	0.00621	0.02469	0.00151	0.03498	0.00399	0.23195	0.00568
26	0.01192	0.52489	0.19683	0.09727	0.01744	0.01642	0.04722	0.01472	0.01013	0.01275	0.00762	0.00925	0.00637	0.00438	0.00380	0.00125	0.00598	0.00319	0.00212	0.00644
27	0.00636	0.00487	0.00598	0.00611	0.00721	0.00449	0.00448	0.00793	0.01135	0.01505	0.28837	0.21405	0.29130	0.01494	0.09241	0.00237	0.00366	0.01013	0.00464	0.00430
28	0.00828	0.00631	0.00732	0.00709	0.00855	0.00648	0.00528	0.01331	0.21685	0.01805	0.32991	0.17386	0.08637	0.00992	0.00547	0.00163	0.00284	0.00866	0.07850	0.00531
29	0.01102	0.01195	0.03489	0.03822	0.02259	0.01124	0.58978	0.04161	0.01181	0.01598	0.03163	0.04696	0.01122	0.00641	0.02591	0.00187	0.00758	0.07017	0.00288	0.00629
30	0.01141	0.00878	0.00935	0.00804	0.01033	0.04569	0.00631	0.21485	0.08035	0.05214	0.32051	0.02843	0.16623	0.00871	0.00540	0.00154	0.00368	0.00728	0.00498	0.00599
31	0.00745	0.00587	0.00915	0.00893	0.01020	0.00560	0.08920	0.00945	0.01126	0.01518	0.19232	0.30762	0.03142	0.01241	0.00629	0.00195	0.00388	0.26271	0.00451	0.00460
32	0.21809	0.00889	0.01005	0.00806	0.01136	0.00886	0.00660	0.12152	0.01352	0.41541	0.02862	0.01453	0.01069	0.00573	0.00434	0.00147	0.00402	0.00436	0.09671	0.00717
33	0.71740	0.01112	0.00828	0.00738	0.01038	0.09494	0.00596	0.03564	0.04022	0.02117	0.00757	0.00859	0.00589	0.00473	0.00331	0.00150	0.00438	0.00288	0.00311	0.00554
34	0.00715	0.00476	0.00536	0.00536	0.00536	0.00476	0.00298	0.00715	0.00715	0.00953	0.01548	0.03216	0.01787	0.82729	0.02501	0.00476	0.00476	0.00715	0.00298	0.00298
35	0.01590	0.34829	0.01883	0.00993	0.01382	0.03638	0.00875	0.39715	0.04848	0.02180	0.01010	0.01055	0.00785	0.00521	0.00415	0.00130	0.00529	0.00371	0.02520	0.00733
36	0.00637	0.00493	0.00590	0.00615	0.00731	0.00432	0.00438	0.00767	0.01075	0.01413	0.15082	0.38634	0.28895	0.01277	0.00586	0.00173	0.00270	0.01122	0.00458	0.06312
37	0.01251	0.07065	0.39535	0.08288	0.10383	0.22270	0.01456	0.01628	0.01133	0.01418	0.00841	0.01025	0.00645	0.00473	0.00456	0.00145	0.00735	0.00359	0.00225	0.00669
38	0.01374	0.74219	0.02456	0.00872	0.01290	0.01899	0.00851	0.09728	0.01140	0.01366	0.00737	0.00831	0.00653	0.00439	0.00334	0.00110	0.00527	0.00282	0.00241	0.00653
39	0.10526	0.01157	0.01579	0.01932	0.39184	0.01180	0.01117	0.21659	0.01389	0.02063	0.00959	0.01133	0.00760	0.00469	0.00450	0.00136	0.00519	0.00399	0.00322	0.13066
40	0.00668	0.00515	0.00621	0.00674	0.00782	0.00484	0.00504	0.00876	0.05602	0.01412	0.08894	0.34268	0.27866	0.01325	0.00610	0.00188	0.00303	0.13505	0.00464	0.00440

[dist]
# distance from previous block
# <min> <max>
0	2

[block]
# block no. 5 follows, 51 sequences, length 32
# corresponding to MSA columns:
# 201-232
name=unknown_F
#
# <colnr> <probs for GDERKNQSTAVLIFYWHMCP>
#	G	D	E	R	K	N	Q	S	T	A	V	L	I	F	Y	W	H	M	C	P
0	0.01097	0.14219	0.56566	0.01331	0.01960	0.02323	0.06701	0.02660	0.04788	0.02597	0.00930	0.01067	0.00685	0.00470	0.00454	0.00149	0.00683	0.00374	0.00235	0.00711
1	0.01198	0.01154	0.07097	0.01365	0.17280	0.13575	0.03497	0.01376	0.01060	0.09877	0.01393	0.08856	0.01355	0.21981	0.01055	0.00241	0.02639	0.04112	0.00324	0.00565
2	0.01075	0.01075	0.01505	0.01290	0.01290	0.01505	0.01075	0.01183	0.00753	0.01183	0.00645	0.01075	0.00645	0.00860	0.01613	0.00215	0.81830	0.00430	0.00215	0.00538
3	0.01261	0.52222	0.16825	0.00984	0.01413	0.11024	0.01008	0.01487	0.01048	0.01244	0.00880	0.06932	0.00825	0.00523	0.00382	0.00124	0.00588	0.00373	0.00233	0.00624
4	0.15790	0.00853	0.00920	0.01913	0.01076	0.00929	0.00647	0.10168	0.23430	0.04852	0.29408	0.02317	0.02393	0.00755	0.00498	0.00159	0.00354	0.02439	0.00479	0.00620
5	0.01506	0.29013	0.06460	0.07041	0.03160	0.01484	0.00958	0.23483	0.10374	0.10236	0.01141	0.01177	0.00856	0.00525	0.00431	0.00137	0.00526	0.00395	0.00367	0.00730
6	0.07288	0.08521	0.32161	0.01131	0.05184	0.01012	0.01144	0.02587	0.00954	0.01450	0.01027	0.01349	0.00859	0.01647	0.29960	0.00383	0.00883	0.00414	0.01448	0.00598
7	0.00659	0.00467	0.00598	0.00680	0.00724	0.00448	0.00475	0.00752	0.00932	0.01227	0.02536	0.46247	0.06744	0.20357	0.01070	0.00267	0.00358	0.14655	0.00419	0.00386
8	0.01117	0.00931	0.04914	0.00955	0.01236	0.03494	0.11059	0.07162	0.08551	0.12253	0.16170	0.06783	0.21587	0.00854	0.00547	0.00161	0.00428	0.00748	0.00452	0.00598
9	0.01140	0.06048	0.01168	0.00930	0.01107	0.06167	0.03028	0.11111	0.04010	0.06405	0.19782	0.09508	0.03407	0.07443	0.00869	0.00192	0.14028	0.02694	0.00403	0.00560
10	0.01626	0.05994	0.09427	0.05156	0.09094	0.53670	0.01103	0.05694	0.01340	0.01373	0.00811	0.00963	0.00657	0.00495	0.00448	0.00133	0.00796	0.00342	0.00256	0.00621
11	0.02205	0.00836	0.01140	0.00874	0.01254	0.00722	0.00722	0.02395	0.01407	0.80004	0.01939	0.01673	0.01216	0.00608	0.00494	0.00152	0.00418	0.00494	0.00608	0.00836
12	0.01198	0.01149	0.01962	0.07927	0.74894	0.01163	0.01499	0.01492	0.01110	0.01584	0.00921	0.01222	0.00771	0.00441	0.00487	0.00147	0.00588	0.00438	0.00242	0.00764
13	0.01230	0.01129	0.01757	0.07386	0.53046	0.01179	0.02440	0.06811	0.14163	0.01755	0.01170	0.01454	0.00956	0.00517	0.00497	0.00153	0.00552	0.02742	0.00308	0.00756
14	0.00858	0.00466	0.00485	0.00481	0.00591	0.00457	0.00353	0.01064	0.01046	0.01745	0.08935	0.02298	0.06869	0.06783	0.00542	0.00149	0.00249	0.00555	0.65630	0.00444
15	0.00634	0.00472	0.00590	0.00618	0.00711	0.00428	0.00442	0.00786	0.01159	0.01557	0.33927	0.34440	0.19907	0.01263	0.00598	0.00174	0.00256	0.01117	0.00490	0.00428
16	0.01798	0.02263	0.01375	0.01250	0.01504	0.75882	0.00939	0.02002	0.06135	0.01255	0.00836	0.00944	0.00686	0.00516	0.00447	0.00129	0.00856	0.00331	0.00268	0.00582
17	0.00906	0.00686	0.06640	0.00758	0.00875	0.00583	0.00595	0.06063	0.03337	0.03711	0.07609	0.22562	0.01784	0.01375	0.01189	0.39469	0.00403	0.00717	0.00341	0.00398
18	0.00597	0.00465	0.00543	0.00593	0.00692	0.00411	0.00419	0.00712	0.01056	0.01340	0.09310	0.40853	0.38529	0.01365	0.00602	0.00181	0.00265	0.01194	0.00462	0.00411
19	0.01947	0.01279	0.01365	0.01063	0.01441	0.06618	0.00871	0.49427	0.03837	0.24969	0.01389	0.01317	0.00947	0.00591	0.00489	0.00148	0.00525	0.00452	0.00509	0.00817
20	0.01278	0.01539	0.27447	0.15573	0.17089	0.01128	0.01371	0.09037	0.07467	0.11595	0.01141	0.01277	0.00824	0.00511	0.00483	0.00155	0.00602	0.00430	0.00318	0.00733
21	0.01128	0.01093	0.01910	0.25942	0.51579	0.01151	0.07160	0.01439	0.01082	0.01501	0.00915	0.01252	0.00740	0.00452	0.00495	0.00153	0.00623	0.00448	0.00236	0.00702
22	0.00610	0.00432	0.00567	0.00670	0.00696	0.00407	0.00441	0.00687	0.00919	0.01225	0.02596	0.74700	0.03108	0.09442	0.00810	0.00227	0.00304	0.01331	0.00441	0.00389
23	0.46864	0.06457	0.22035	0.00983	0.01424	0.01205	0.05757	0.07194	0.01030	0.01996	0.00793	0.00922	0.00598	0.00464	0.00379	0.00151	0.00521	0.00324	0.00283	0.00620
24	0.01212	0.22017	0.13993	0.24310	0.15114	0.12723	0.01267	0.01500	0.01077	0.01328	0.00819	0.01061	0.00661	0.00463	0.00436	0.00139	0.00655	0.00365	0.00224	0.00637
25	0.01474	0.01584	0.01642	0.13306	0.31586	0.30725	0.01220	0.09733	0.01327	0.01564	0.00883	0.01103	0.00713	0.00487	0.00472	0.00141	0.00702	0.00393	0.00270	0.00674
26	0.00873	0.04833	0.13537	0.23510	0.01844	0.00865	0.04897	0.01179	0.01131	0.01552	0.23687	0.04315	0.06750	0.00714	0.00514	0.00154	0.00489	0.02535	0.00342	0.06278
27	0.00825	0.00439	0.00631	0.00631	0.00635	0.00443	0.00416	0.00663	0.00659	0.00882	0.00982	0.01778	0.01014	0.14216	0.05681	0.68689	0.00476	0.00476	0.00229	0.00237
28	0.00709	0.00474	0.00538	0.00544	0.00545	0.00472	0.00306	0.00713	0.00726	0.00968	0.01607	0.07248	0.01861	0.78596	0.02406	0.00462	0.00467	0.00749	0.00306	0.00303
29	0.00715	0.00506	0.00599	0.00620	0.00666	0.00501	0.00406	0.00845	0.04863	0.01215	0.09175	0.19033	0.06110	0.45650	0.01639	0.00345	0.00399	0.05962	0.00380	0.00374
30	0.72361	0.01153	0.04503	0.00749	0.01072	0.07632	0.00640	0.04193	0.00943	0.02124	0.00717	0.00830	0.00555	0.00466	0.00330	0.00150	0.00443	0.00281	0.00302	0.00555
31	0.14027	0.53474	0.02159	0.00963	0.01348	0.12733	0.06554	0.01543	0.01041	0.01350	0.00717	0.00843	0.00625	0.00437	0.00351	0.00120	0.00577	0.00294	0.00233	0.00610

[dist]
# distance from previous block
# <min> <max>
0	1

[block]
# block no. 6 follows, 51 sequences, length 23
# corresponding to MSA columns:
# 234-256
name=unknown_G
#
# <colnr> <probs for GDERKNQSTAVLIFYWHMCP>
#	G	D	E	R	K	N	Q	S	T	A	V	L	I	F	Y	W	H	M	C	P
0	0.01145	0.03829	0.08318	0.10683	0.03203	0.01114	0.09244	0.11491	0.22901	0.01877	0.09095	0.01789	0.03650	0.02197	0.00561	0.00163	0.02307	0.00542	0.05228	0.00662
1	0.00907	0.00764	0.01049	0.00925	0.05549	0.00682	0.04746	0.01101	0.00928	0.01385	0.01096	0.01582	0.01008	0.11304	0.24482	0.00343	0.00697	0.00436	0.00279	0.40737
2	0.01711	0.01351	0.01383	0.01107	0.01465	0.05691	0.00897	0.55835	0.20635	0.02746	0.01354	0.01321	0.00985	0.00604	0.00491	0.00151	0.00523	0.00463	0.00481	0.00808
3	0.01015	0.09626	0.73352	0.01351	0.02051	0.01212	0.01730	0.01549	0.01034	0.01521	0.00864	0.01016	0.00623	0.00463	0.00454	0.00151	0.00709	0.00354	0.00208	0.00718
4	0.00685	0.00486	0.00588	0.00585	0.00652	0.00460	0.00394	0.00800	0.01046	0.01422	0.32091	0.10726	0.10808	0.33937	0.01359	0.00291	0.00341	0.02518	0.00425	0.00386
5	0.01314	0.83025	0.02575	0.00841	0.01261	0.01945	0.00841	0.01472	0.00999	0.01156	0.00683	0.00788	0.00631	0.00420	0.00315	0.00105	0.00526	0.00263	0.00210	0.00631
6	0.02205	0.00836	0.01140	0.00874	0.01254	0.00722	0.00722	0.02395	0.01407	0.80004	0.01939	0.01673	0.01216	0.00608	0.00494	0.00152	0.00418	0.00494	0.00608	0.00836
7	0.00775	0.00639	0.00703	0.00697	0.00870	0.00635	0.00540	0.01226	0.20165	0.01558	0.08143	0.09888	0.39917	0.01126	0.00578	0.00176	0.00312	0.11072	0.00472	0.00511
8	0.00637	0.00473	0.00594	0.00621	0.00713	0.00430	0.00444	0.00793	0.01169	0.01577	0.36250	0.33790	0.18196	0.01253	0.00598	0.00174	0.00255	0.01110	0.00493	0.00430
9	0.00704	0.00518	0.00747	0.00747	0.00820	0.00591	0.00561	0.00850	0.00777	0.01109	0.01356	0.02149	0.01323	0.17114	0.67483	0.00737	0.01174	0.00558	0.00269	0.00415
10	0.24089	0.01163	0.01214	0.00955	0.01323	0.01262	0.00789	0.43667	0.01753	0.17340	0.01193	0.01172	0.00828	0.00558	0.00443	0.00150	0.00475	0.00406	0.00464	0.00756
11	0.00835	0.00551	0.00806	0.00783	0.00891	0.00616	0.00606	0.01002	0.00840	0.08071	0.01384	0.01981	0.01259	0.07916	0.69257	0.00716	0.01189	0.00534	0.00296	0.00466
12	0.00603	0.00430	0.00569	0.00678	0.00706	0.00402	0.00450	0.00685	0.00932	0.01243	0.02663	0.79295	0.03193	0.04731	0.00701	0.00210	0.00293	0.01370	0.00450	0.00395
13	0.02041	0.01099	0.01303	0.00999	0.01386	0.01112	0.00825	0.39179	0.01846	0.42599	0.01570	0.01433	0.01031	0.00599	0.00493	0.00150	0.00478	0.00469	0.00552	0.00836
14	0.00622	0.00494	0.00559	0.00554	0.00692	0.00431	0.00411	0.00781	0.01201	0.01546	0.30748	0.10172	0.47683	0.01183	0.00584	0.00164	0.00246	0.01012	0.00486	0.00431
15	0.00591	0.00457	0.00540	0.00608	0.00693	0.00406	0.00422	0.00693	0.01015	0.01285	0.03643	0.50435	0.34621	0.01418	0.00608	0.00186	0.00270	0.01249	0.00456	0.00406
16	0.00706	0.00502	0.00624	0.00664	0.00714	0.00500	0.00445	0.04540	0.00934	0.01247	0.02252	0.42966	0.06050	0.25963	0.09270	0.00338	0.00457	0.01041	0.00391	0.00395
17	0.01142	0.01087	0.01811	0.06300	0.60549	0.01152	0.01375	0.01405	0.01043	0.01502	0.00926	0.01268	0.00798	0.00773	0.07678	0.00211	0.09584	0.00445	0.00241	0.00711
18	0.00750	0.00557	0.00681	0.00678	0.00783	0.00565	0.00495	0.00933	0.05333	0.04345	0.04284	0.20296	0.25485	0.13196	0.15217	0.00330	0.04332	0.00898	0.00398	0.00443
19	0.01331	0.01127	0.01406	0.01130	0.01480	0.05484	0.12873	0.04350	0.39631	0.09745	0.01560	0.01534	0.01160	0.00561	0.00486	0.00147	0.00489	0.00494	0.00424	0.14589
20	0.00641	0.00495	0.00744	0.00788	0.00852	0.00462	0.06248	0.00751	0.00957	0.01278	0.02580	0.76343	0.03063	0.01455	0.00624	0.00197	0.00326	0.01336	0.00441	0.00419
21	0.01074	0.01002	0.01192	0.00880	0.01290	0.06688	0.07406	0.01304	0.01081	0.01590	0.05348	0.01187	0.00945	0.00416	0.00401	0.00090	0.00436	0.00352	0.00299	0.67019
22	0.01701	0.02072	0.01316	0.01192	0.01427	0.66078	0.00893	0.04094	0.05969	0.01289	0.00902	0.01129	0.00777	0.06677	0.00626	0.00158	0.02487	0.00367	0.00277	0.00569

[dist]
# distance from previous block
# <min> <max>
0	2

[block]
# block no. 7 follows, 51 sequences, length 28
# corresponding to MSA columns:
# 259-286
name=unknown_H
#
# <colnr> <probs for GDERKNQSTAVLIFYWHMCP>
#	G	D	E	R	K	N	Q	S	T	A	V	L	I	F	Y	W	H	M	C	P
0	0.01780	0.02227	0.01336	0.01217	0.01461	0.75859	0.00913	0.01912	0.01371	0.01241	0.00811	0.00944	0.00671	0.00510	0.00437	0.00126	0.00846	0.00325	0.05450	0.00563
1	0.01083	0.10628	0.01479	0.00974	0.01347	0.00879	0.14829	0.01331	0.01147	0.06450	0.17937	0.01662	0.01596	0.00534	0.00453	0.00116	0.00443	0.00483	0.00347	0.36280
2	0.00598	0.00432	0.00566	0.00674	0.00710	0.00400	0.00452	0.00685	0.00951	0.01259	0.02835	0.78095	0.07483	0.01523	0.00625	0.00198	0.00283	0.01377	0.00456	0.00400
3	0.01255	0.01318	0.02629	0.02081	0.11603	0.04367	0.61201	0.01630	0.01179	0.06188	0.01032	0.01316	0.00773	0.00432	0.00558	0.00161	0.00778	0.00548	0.00269	0.00683
4	0.06895	0.01849	0.01304	0.01132	0.01428	0.51886	0.00874	0.08319	0.01439	0.18766	0.01050	0.01078	0.00772	0.00533	0.00450	0.00135	0.00725	0.00363	0.00354	0.00648
5	0.01075	0.01075	0.01505	0.01290	0.01290	0.01505	0.01075	0.01183	0.00753	0.01183	0.00645	0.01075	0.00645	0.00860	0.01613	0.00215	0.81830	0.00430	0.00215	0.00538
6	0.00885	0.00558	0.00625	0.00578	0.00777	0.00473	0.00444	0.01024	0.01177	0.15837	0.07149	0.06659	0.59752	0.01128	0.00566	0.00164	0.00281	0.00943	0.00487	0.00494
7	0.01258	0.01320	0.01724	0.25187	0.42045	0.17179	0.01355	0.01527	0.01135	0.01424	0.00877	0.01177	0.00714	0.00467	0.00479	0.00147	0.00665	0.00413	0.00238	0.00670
8	0.31755	0.01407	0.15849	0.01439	0.01907	0.01174	0.36507	0.01524	0.01022	0.01798	0.00863	0.01085	0.00647	0.00439	0.00461	0.00159	0.00649	0.00428	0.00261	0.00627
9	0.00941	0.00482	0.00485	0.00476	0.00597	0.00486	0.00359	0.03147	0.01064	0.01865	0.01592	0.01815	0.01249	0.00573	0.00347	0.00115	0.00237	0.00458	0.83245	0.00468
10	0.04519	0.01242	0.09713	0.01513	0.12782	0.01017	0.21985	0.05231	0.03664	0.01702	0.00959	0.01158	0.00752	0.00423	0.00459	0.00127	0.00569	0.00413	0.00281	0.31489
11	0.01552	0.01844	0.01466	0.01630	0.20224	0.52113	0.01044	0.01724	0.01255	0.01292	0.00865	0.01090	0.00739	0.00867	0.09992	0.00210	0.00865	0.00371	0.00252	0.00604
12	0.00610	0.00437	0.00581	0.00676	0.00715	0.00407	0.00457	0.00713	0.00994	0.01340	0.11815	0.73060	0.03415	0.01476	0.00622	0.00194	0.00279	0.01337	0.00466	0.00407
13	0.00802	0.00581	0.00739	0.00696	0.00833	0.00562	0.00541	0.07312	0.01429	0.01992	0.62540	0.05069	0.04085	0.01021	0.00585	0.00163	0.00284	0.09749	0.00525	0.00492
14	0.01402	0.01629	0.01818	0.19107	0.14364	0.34523	0.17109	0.01657	0.01213	0.01354	0.00859	0.01121	0.00684	0.00473	0.00489	0.00146	0.00777	0.00416	0.00243	0.00617
15	0.00709	0.00498	0.00647	0.00647	0.00685	0.00537	0.00436	0.00786	0.00747	0.01035	0.01447	0.02656	0.01543	0.48285	0.36613	0.00613	0.00842	0.00633	0.00283	0.00359
16	0.00641	0.00500	0.00581	0.00561	0.00700	0.00440	0.00420	0.00821	0.01261	0.01663	0.43764	0.04178	0.40469	0.01120	0.00580	0.00160	0.00240	0.00960	0.00500	0.00440
17	0.01560	0.37910	0.04903	0.01117	0.03284	0.36376	0.00947	0.06205	0.01253	0.01317	0.00759	0.00874	0.00647	0.00470	0.00391	0.00120	0.00693	0.00305	0.00246	0.00623
18	0.01095	0.01144	0.01459	0.66765	0.03041	0.15761	0.01288	0.01386	0.01058	0.01246	0.00852	0.01232	0.00651	0.00494	0.00482	0.00157	0.00698	0.00415	0.00225	0.00550
19	0.00720	0.00604	0.00641	0.00635	0.00808	0.00579	0.00484	0.01092	0.16160	0.01471	0.04068	0.10644	0.53372	0.01164	0.00575	0.00173	0.00291	0.05568	0.00465	0.00486
20	0.01248	0.01074	0.01262	0.10743	0.08036	0.01231	0.00923	0.09547	0.55827	0.02023	0.01699	0.01658	0.01277	0.00620	0.00497	0.00163	0.00451	0.00521	0.00445	0.00756
21	0.01217	0.01013	0.01525	0.11330	0.39580	0.01050	0.01154	0.04094	0.13351	0.08627	0.01667	0.01781	0.10260	0.00596	0.00501	0.00154	0.00506	0.00533	0.00346	0.00715
22	0.01200	0.30568	0.01909	0.01635	0.29587	0.01393	0.01037	0.01637	0.15714	0.01506	0.01357	0.01509	0.06431	0.00549	0.00438	0.00138	0.00500	0.01900	0.00299	0.00693
23	0.00673	0.00508	0.00647	0.00646	0.00751	0.00522	0.00483	0.00815	0.00920	0.01237	0.05360	0.03046	0.26769	0.11882	0.39526	0.00501	0.00789	0.00724	0.03784	0.00416
24	0.00701	0.00471	0.00540	0.00554	0.00557	0.00467	0.00317	0.00711	0.00742	0.00989	0.01686	0.12618	0.01960	0.73090	0.02279	0.00444	0.00454	0.00796	0.00317	0.00310
25	0.01409	0.05853	0.01494	0.19163	0.17503	0.07569	0.04086	0.01639	0.01165	0.23222	0.01382	0.10956	0.01144	0.00632	0.00496	0.00155	0.00549	0.00552	0.00364	0.00668
26	0.06332	0.16209	0.13073	0.06248	0.26385	0.18515	0.01223	0.02811	0.01140	0.01467	0.00878	0.01068	0.01684	0.00471	0.00435	0.00138	0.00646	0.00367	0.00243	0.00668
27	0.01075	0.02040	0.51527	0.01213	0.01758	0.07636	0.01403	0.09193	0.01200	0.01638	0.01496	0.06276	0.10161	0.00638	0.00490	0.00156	0.00638	0.00508	0.00284	0.00668

[dist]
# distance from previous block
# <min> <max>
0	1

[block]
# block no. 8 follows, 51 sequences, length 9
# corresponding to MSA columns:
# 288-296
name=unknown_I
#
# <colnr> <probs for GDERKNQSTAVLIFYWHMCP>
#	G	D	E	R	K	N	Q	S	T	A	V	L	I	F	Y	W	H	M	C	P
0	0.44453	0.00829	0.00764	0.00702	0.00942	0.00918	0.00552	0.05915	0.07761	0.06063	0.01360	0.15674	0.01239	0.00697	0.00404	0.00157	0.00358	0.00538	0.10118	0.00555
1	0.00745	0.00529	0.00641	0.00609	0.00675	0.00524	0.00394	0.00805	0.00763	0.01062	0.01428	0.02712	0.01557	0.57414	0.18606	0.00499	0.00640	0.00630	0.00290	0.09479
