[name]
unknown

[dist]
# distance from previous block
# <min> <max>
0	57

[block]
# block no. 0 follows, 49 sequences, length 45
# corresponding to MSA columns:
# 62-106
name=unknown_A
#
# <colnr> <probs for GDERKNQSTAVLIFYWHMCP>
#	G	D	E	R	K	N	Q	S	T	A	V	L	I	F	Y	W	H	M	C	P
0	0.00707	0.00509	0.00610	0.00647	0.00751	0.00463	0.00463	0.01908	0.01101	0.03777	0.10428	0.35723	0.28645	0.07048	0.00757	0.00209	0.00307	0.05038	0.00471	0.00438
1	0.01101	0.07761	0.53384	0.01382	0.05833	0.01208	0.01538	0.07056	0.06223	0.01699	0.01139	0.07381	0.00934	0.00584	0.00487	0.00160	0.00654	0.00472	0.00276	0.00729
2	0.01272	0.02092	0.34556	0.01589	0.02129	0.18150	0.24078	0.01772	0.06535	0.01565	0.00995	0.01179	0.00743	0.00487	0.00512	0.00158	0.00790	0.00444	0.00257	0.00697
3	0.00616	0.00440	0.00587	0.00704	0.00733	0.00411	0.00469	0.00704	0.00968	0.01291	0.02787	0.81899	0.03344	0.01584	0.00645	0.00205	0.00293	0.01438	0.00469	0.00411
4	0.01362	0.01304	0.01625	0.09258	0.29311	0.12089	0.03996	0.12555	0.13866	0.01830	0.01272	0.06986	0.01075	0.00605	0.00512	0.00157	0.00599	0.00528	0.00344	0.00726
5	0.01362	0.01299	0.11558	0.01547	0.16600	0.02566	0.07864	0.23330	0.01489	0.07651	0.01515	0.17079	0.02364	0.00744	0.00537	0.00165	0.00558	0.00658	0.00393	0.00720
6	0.01360	0.58483	0.09440	0.00923	0.01348	0.05697	0.00922	0.01567	0.01111	0.06926	0.06023	0.01164	0.02194	0.00508	0.00381	0.00122	0.00547	0.00355	0.00274	0.00655
7	0.01004	0.00744	0.02191	0.01072	0.11685	0.00700	0.00706	0.09246	0.01314	0.08063	0.19928	0.26843	0.12342	0.01064	0.00580	0.00172	0.00365	0.00938	0.00472	0.00572
8	0.07455	0.01598	0.33252	0.01154	0.01672	0.00972	0.05076	0.03453	0.01256	0.31070	0.06929	0.01510	0.01173	0.00574	0.00494	0.00159	0.00567	0.00470	0.00409	0.00756
9	0.01014	0.02616	0.79609	0.01441	0.02189	0.01174	0.01868	0.01601	0.01068	0.01601	0.00907	0.01068	0.00641	0.00480	0.00480	0.00160	0.00747	0.00374	0.00214	0.00747
10	0.00680	0.00476	0.00597	0.00676	0.00731	0.00452	0.00473	0.00786	0.00979	0.01311	0.02734	0.46142	0.10356	0.15043	0.00955	0.00248	0.00342	0.11107	0.05506	0.00406
11	0.04652	0.00956	0.01263	0.14681	0.05061	0.01005	0.04755	0.13909	0.11323	0.16750	0.05455	0.02099	0.13084	0.00704	0.00520	0.00162	0.00477	0.00594	0.01862	0.00688
12	0.01537	0.01190	0.01883	0.06133	0.32748	0.04075	0.14113	0.07287	0.04091	0.19945	0.01257	0.01393	0.00920	0.00513	0.00518	0.00156	0.00609	0.00489	0.00366	0.00779
13	0.00658	0.00464	0.00568	0.00634	0.00663	0.00441	0.00404	0.00717	0.00896	0.01183	0.02519	0.47603	0.08236	0.31059	0.01347	0.00307	0.00363	0.01154	0.00410	0.00374
14	0.01027	0.00623	0.00922	0.00849	0.01017	0.00564	0.07213	0.01182	0.01142	0.18131	0.08546	0.45143	0.09157	0.01210	0.00604	0.00185	0.00364	0.01093	0.00491	0.00537
15	0.24824	0.17484	0.20104	0.01020	0.01487	0.01298	0.03315	0.09030	0.01194	0.14403	0.01019	0.01077	0.00740	0.00502	0.00414	0.00148	0.00542	0.00362	0.00338	0.00700
16	0.04908	0.01509	0.21191	0.01431	0.01890	0.01159	0.25568	0.15599	0.02779	0.01890	0.01480	0.09713	0.06154	0.00661	0.00556	0.00168	0.01713	0.00615	0.00335	0.00681
17	0.02223	0.00902	0.01195	0.00920	0.01310	0.00809	0.00759	0.07394	0.03262	0.72646	0.01945	0.01692	0.01233	0.00626	0.00508	0.00157	0.00438	0.00506	0.00615	0.00859
18	0.01184	0.01153	0.01942	0.02317	0.43252	0.01159	0.16367	0.01695	0.14818	0.01703	0.01525	0.01702	0.07730	0.00560	0.00531	0.00160	0.00585	0.00555	0.00317	0.00745
19	0.06013	0.00974	0.01300	0.39280	0.02294	0.01138	0.01053	0.19139	0.07544	0.01854	0.01252	0.07677	0.01060	0.04795	0.00609	0.00182	0.00560	0.00542	0.02110	0.00623
20	0.07206	0.01225	0.01716	0.01429	0.08462	0.05330	0.18416	0.19881	0.01518	0.20431	0.02681	0.01365	0.00959	0.00534	0.00504	0.00151	0.00588	0.00479	0.00415	0.06710
21	0.01038	0.01027	0.01530	0.71940	0.06150	0.07248	0.01377	0.01358	0.01049	0.01301	0.00892	0.01311	0.00677	0.00505	0.00502	0.00165	0.00690	0.00440	0.00228	0.00573
22	0.00831	0.00692	0.00755	0.00705	0.00845	0.06687	0.00530	0.01120	0.05339	0.01956	0.67168	0.03484	0.05982	0.00982	0.00581	0.00158	0.00299	0.00855	0.00530	0.00501
23	0.01209	0.01206	0.02198	0.10798	0.55023	0.01210	0.17760	0.01540	0.01146	0.01609	0.00961	0.01285	0.00781	0.00451	0.00522	0.00156	0.00662	0.00482	0.00249	0.00751
24	0.19049	0.14928	0.01824	0.01238	0.01601	0.15601	0.21051	0.03256	0.06245	0.02750	0.06966	0.01299	0.01050	0.00524	0.00458	0.00148	0.00626	0.00444	0.00312	0.00629
25	0.01065	0.00599	0.00790	0.00756	0.00914	0.00557	0.00585	0.01268	0.02698	0.18623	0.26404	0.17293	0.04548	0.07389	0.00755	0.00206	0.00353	0.14139	0.00519	0.00539
26	0.00615	0.00445	0.00582	0.00691	0.00730	0.00412	0.00464	0.00706	0.00980	0.01296	0.02941	0.76835	0.08309	0.01564	0.00642	0.00203	0.00291	0.01413	0.00469	0.00412
27	0.04576	0.01053	0.07154	0.06721	0.01420	0.01006	0.00857	0.12921	0.22088	0.12325	0.07623	0.07781	0.07107	0.00794	0.00531	0.00169	0.00447	0.04264	0.00470	0.00692
28	0.02806	0.01073	0.01407	0.07410	0.05780	0.06712	0.12944	0.10384	0.12267	0.04753	0.02213	0.05464	0.17832	0.00791	0.00571	0.00169	0.02098	0.04290	0.00398	0.00636
29	0.06122	0.18994	0.29184	0.01071	0.01593	0.01186	0.01156	0.01903	0.01192	0.31004	0.01264	0.01247	0.00869	0.00525	0.00449	0.00147	0.00564	0.00397	0.00376	0.00758
30	0.00928	0.00851	0.01297	0.05645	0.37752	0.00826	0.00993	0.01148	0.01141	0.01513	0.05178	0.08509	0.30463	0.00866	0.00551	0.00163	0.00441	0.00769	0.00357	0.00610
31	0.01685	0.00999	0.01320	0.21402	0.09553	0.07013	0.00983	0.01917	0.01285	0.40239	0.01745	0.01744	0.06608	0.00617	0.00509	0.00158	0.00534	0.00514	0.00447	0.00727
32	0.01114	0.01778	0.35516	0.11438	0.37055	0.01181	0.01672	0.01543	0.01099	0.01588	0.00926	0.01183	0.00717	0.00470	0.00492	0.00157	0.00673	0.00417	0.00231	0.00750
33	0.01041	0.00565	0.00742	0.00705	0.00854	0.00509	0.00522	0.01171	0.01194	0.19303	0.22783	0.27098	0.11710	0.01200	0.00712	0.07594	0.00319	0.00958	0.00506	0.00516
34	0.01154	0.16299	0.54674	0.01460	0.07942	0.07014	0.01606	0.01613	0.01093	0.01508	0.00866	0.01026	0.00655	0.00473	0.00453	0.00148	0.00712	0.00358	0.00220	0.00723
35	0.05344	0.06893	0.01453	0.30096	0.07560	0.01235	0.01069	0.05755	0.26616	0.06862	0.01350	0.01473	0.01010	0.00567	0.00486	0.00162	0.00533	0.00473	0.00367	0.00698
36	0.01084	0.19596	0.56021	0.07487	0.02104	0.01349	0.02646	0.01559	0.01056	0.01489	0.00865	0.01038	0.00647	0.00471	0.00451	0.00150	0.00699	0.00360	0.00216	0.00711
37	0.00663	0.00560	0.00658	0.00759	0.06777	0.00493	0.00507	0.00807	0.01136	0.01399	0.05805	0.13852	0.58675	0.01254	0.00601	0.00176	0.00297	0.04670	0.00454	0.00457
38	0.01180	0.00871	0.01274	0.01110	0.05233	0.01837	0.12436	0.08076	0.07361	0.12625	0.29682	0.07389	0.07069	0.00832	0.00566	0.00163	0.00431	0.00753	0.00482	0.00631
39	0.01589	0.01717	0.01592	0.11953	0.01897	0.39894	0.11498	0.01936	0.09695	0.08086	0.01085	0.01237	0.00834	0.00617	0.02383	0.00165	0.02441	0.00429	0.00314	0.00639
40	0.00777	0.00668	0.01135	0.12014	0.01445	0.00665	0.14190	0.00965	0.01017	0.01371	0.02172	0.53556	0.02444	0.01193	0.00607	0.00191	0.00443	0.01116	0.03548	0.00482
41	0.01073	0.01920	0.45382	0.12147	0.08487	0.01145	0.07047	0.06478	0.01163	0.01654	0.01097	0.04510	0.00896	0.00573	0.00512	0.00166	0.00689	0.04095	0.00262	0.00703
42	0.01052	0.13468	0.03434	0.06625	0.13105	0.01057	0.10448	0.05143	0.01185	0.01547	0.02705	0.03838	0.09920	0.02420	0.00595	0.00181	0.00544	0.21789	0.00348	0.00596
43	0.01080	0.05341	0.19919	0.01988	0.36397	0.04118	0.01324	0.01386	0.01095	0.01519	0.01341	0.19570	0.01330	0.00718	0.00519	0.00162	0.00574	0.00644	0.00290	0.00684
44	0.01461	0.06876	0.05239	0.01173	0.01521	0.00951	0.17964	0.06974	0.01289	0.27415	0.01777	0.20488	0.01568	0.00799	0.00549	0.00169	0.00525	0.02128	0.00445	0.00686

[dist]
# distance from previous block
# <min> <max>
6	24

[block]
# block no. 1 follows, 49 sequences, length 28
# corresponding to MSA columns:
# 131-158
name=unknown_B
#
# <colnr> <probs for GDERKNQSTAVLIFYWHMCP>
#	G	D	E	R	K	N	Q	S	T	A	V	L	I	F	Y	W	H	M	C	P
0	0.01455	0.00960	0.01111	0.00871	0.01226	0.00915	0.00701	0.19569	0.08707	0.17447	0.09370	0.01806	0.05681	0.00630	0.00479	0.00133	0.00407	0.00512	0.02733	0.25286
1	0.01105	0.01241	0.11852	0.14017	0.41992	0.01093	0.01376	0.01516	0.06352	0.01674	0.11492	0.01625	0.01346	0.00557	0.00513	0.00157	0.00569	0.00511	0.00301	0.00715
2	0.00971	0.00900	0.01504	0.54786	0.18398	0.01046	0.01312	0.01268	0.01034	0.01365	0.01156	0.11845	0.01048	0.00635	0.00523	0.00170	0.00610	0.00579	0.00262	0.00590
3	0.11853	0.00633	0.00838	0.00889	0.05615	0.00701	0.00636	0.01003	0.00904	0.01411	0.06757	0.02172	0.07139	0.05648	0.50861	0.00583	0.00995	0.00572	0.00310	0.00480
4	0.00847	0.00793	0.01023	0.05769	0.01219	0.06529	0.09893	0.01096	0.05777	0.01424	0.06883	0.26932	0.22468	0.03253	0.03548	0.00209	0.00468	0.00964	0.00409	0.00496
5	0.00827	0.00687	0.00872	0.00800	0.00912	0.00763	0.00630	0.01095	0.06286	0.01714	0.38818	0.03258	0.16752	0.01021	0.00826	0.00177	0.18427	0.03034	0.02594	0.00506
6	0.01010	0.13633	0.58409	0.01264	0.01873	0.01192	0.01544	0.01472	0.01049	0.01503	0.01124	0.11585	0.00995	0.00618	0.00480	0.00159	0.00659	0.00498	0.00247	0.00689
7	0.00625	0.00465	0.00583	0.00656	0.00726	0.00423	0.00453	0.00741	0.01066	0.01402	0.13184	0.56134	0.18791	0.01451	0.00629	0.00192	0.00279	0.01294	0.00481	0.00423
8	0.01339	0.01301	0.01492	0.01774	0.27908	0.11678	0.01080	0.02211	0.41710	0.01841	0.01511	0.01541	0.01172	0.00584	0.00502	0.00159	0.00536	0.00498	0.00391	0.00772
9	0.01268	0.21478	0.45900	0.01278	0.01854	0.17043	0.01454	0.01664	0.01131	0.01432	0.00834	0.00976	0.00645	0.00477	0.00439	0.00142	0.00731	0.00340	0.00224	0.00692
10	0.00800	0.00656	0.00961	0.00917	0.00989	0.00817	0.00728	0.00966	0.00805	0.01183	0.01215	0.01809	0.01143	0.03205	0.64350	0.00693	0.17509	0.00522	0.00261	0.00472
11	0.28172	0.00861	0.00992	0.00830	0.01161	0.00844	0.00691	0.01974	0.01227	0.45151	0.01681	0.01960	0.01248	0.00678	0.00472	0.00166	0.00423	0.10248	0.00507	0.00711
12	0.00842	0.00452	0.00631	0.00631	0.00631	0.00452	0.00405	0.00678	0.00678	0.00904	0.01061	0.01990	0.01124	0.22339	0.02129	0.63599	0.00452	0.00515	0.00242	0.00242
13	0.01352	0.82533	0.02650	0.00865	0.01298	0.02001	0.00865	0.01514	0.01027	0.01190	0.00703	0.00811	0.00649	0.00433	0.00324	0.00108	0.00541	0.00270	0.00216	0.00649
14	0.01168	0.01541	0.13819	0.02034	0.02579	0.01264	0.66580	0.01617	0.01176	0.01617	0.01007	0.01322	0.00749	0.00434	0.00580	0.00169	0.00838	0.00565	0.00250	0.00691
15	0.01835	0.01373	0.01469	0.01146	0.01535	0.01528	0.00940	0.67635	0.12272	0.03047	0.01324	0.01302	0.00949	0.00617	0.00507	0.00154	0.00536	0.00470	0.00507	0.00852
16	0.01425	0.39772	0.09711	0.00965	0.01370	0.11736	0.00914	0.02965	0.01167	0.10691	0.03038	0.05978	0.01001	0.00556	0.00413	0.00128	0.00562	0.00409	0.00306	0.06893
17	0.01319	0.11802	0.02083	0.02693	0.64742	0.01281	0.01419	0.01596	0.01151	0.05769	0.00975	0.01219	0.00805	0.00458	0.00478	0.00145	0.00584	0.00430	0.00266	0.00784
18	0.00735	0.00492	0.00563	0.00563	0.00567	0.00496	0.00321	0.00743	0.00739	0.00989	0.01583	0.03252	0.01813	0.78826	0.05942	0.00504	0.00528	0.00727	0.00305	0.00313
19	0.00690	0.00516	0.00640	0.00609	0.00739	0.00466	0.00457	0.00904	0.01370	0.01881	0.62465	0.04019	0.21205	0.01089	0.00597	0.00162	0.00242	0.00948	0.00537	0.00466
20	0.01252	0.01201	0.02053	0.03104	0.79074	0.01201	0.01552	0.01552	0.01151	0.01652	0.00951	0.01252	0.00801	0.00451	0.00501	0.00150	0.00601	0.00451	0.00250	0.00801
21	0.00605	0.00483	0.00543	0.00591	0.00704	0.00420	0.00419	0.00717	0.01077	0.01335	0.04160	0.36611	0.47746	0.01406	0.00617	0.00185	0.00271	0.01220	0.00470	0.00420
22	0.00733	0.00501	0.00605	0.00605	0.00623	0.00519	0.00373	0.00770	0.00751	0.01020	0.01544	0.03039	0.01721	0.66188	0.18454	0.00556	0.00667	0.00696	0.00299	0.00336
23	0.00644	0.00514	0.00576	0.00561	0.00711	0.00447	0.00421	0.00815	0.01262	0.01625	0.33971	0.04440	0.49859	0.01184	0.00597	0.00166	0.00249	0.01007	0.00504	0.00447
24	0.01228	0.01270	0.11393	0.01035	0.01422	0.01149	0.00910	0.07195	0.47507	0.02025	0.01618	0.01566	0.01220	0.00591	0.00481	0.00149	0.00451	0.00483	0.00431	0.17876
25	0.00673	0.00476	0.00609	0.00651	0.00704	0.00449	0.00439	0.00794	0.01076	0.01474	0.27901	0.39963	0.03516	0.17696	0.01019	0.00247	0.00315	0.01121	0.00466	0.00412
26	0.03692	0.30462	0.07421	0.01144	0.03537	0.33040	0.00977	0.01821	0.05885	0.04129	0.00889	0.00986	0.00729	0.00493	0.00412	0.00128	0.00685	0.00332	0.00272	0.02966
27	0.51293	0.03273	0.03858	0.01155	0.11380	0.01166	0.05422	0.02844	0.06710	0.07305	0.00958	0.01064	0.00726	0.00492	0.00392	0.00156	0.00469	0.00360	0.00334	0.00643

[dist]
# distance from previous block
# <min> <max>
0	1

[block]
# block no. 2 follows, 49 sequences, length 22
# corresponding to MSA columns:
# 160-181
name=unknown_C
#
# <colnr> <probs for GDERKNQSTAVLIFYWHMCP>
#	G	D	E	R	K	N	Q	S	T	A	V	L	I	F	Y	W	H	M	C	P
0	0.01220	0.01448	0.08667	0.01975	0.02488	0.01284	0.63812	0.05514	0.05074	0.01723	0.01075	0.01360	0.00801	0.00452	0.00579	0.00169	0.00807	0.00571	0.00278	0.00702
1	0.17912	0.05531	0.01604	0.01540	0.16474	0.24709	0.10527	0.03456	0.01202	0.02734	0.01182	0.01337	0.06660	0.00551	0.00489	0.00149	0.02580	0.00436	0.00292	0.00633
2	0.00720	0.00495	0.00551	0.00553	0.00682	0.00450	0.00409	0.00900	0.01180	0.01663	0.22802	0.11873	0.31788	0.01069	0.00539	0.00158	0.00250	0.00911	0.22557	0.00450
3	0.01298	0.19157	0.12347	0.01243	0.10362	0.01264	0.02067	0.05406	0.16265	0.06781	0.01179	0.01243	0.00912	0.00500	0.00438	0.00132	0.00512	0.00399	0.00337	0.18158
4	0.01134	0.02587	0.68905	0.01422	0.02103	0.11994	0.01746	0.01659	0.01118	0.01552	0.00890	0.01046	0.00642	0.00486	0.00477	0.00156	0.00770	0.00367	0.00220	0.00725
5	0.01340	0.32205	0.33716	0.01165	0.01720	0.01570	0.01294	0.18208	0.01340	0.01796	0.00898	0.01004	0.00692	0.00490	0.00428	0.00139	0.00628	0.00353	0.00279	0.00735
6	0.06479	0.12375	0.01844	0.01283	0.01669	0.21919	0.17150	0.11533	0.01419	0.17872	0.01126	0.01196	0.00821	0.00519	0.00478	0.00146	0.00675	0.00428	0.00364	0.00705
7	0.00719	0.00503	0.00648	0.00633	0.00740	0.00468	0.00467	0.00937	0.01340	0.01916	0.62509	0.14329	0.04311	0.01075	0.00585	0.00162	0.00246	0.00952	0.06994	0.00468
8	0.01260	0.01347	0.09128	0.01101	0.01419	0.12874	0.06699	0.12138	0.21517	0.01995	0.20222	0.02085	0.04581	0.00714	0.00530	0.00158	0.00523	0.00601	0.00434	0.00671
9	0.00836	0.00562	0.00701	0.00672	0.00815	0.00523	0.00501	0.01094	0.05579	0.08117	0.43150	0.17490	0.15787	0.01118	0.00594	0.00170	0.00276	0.00979	0.00531	0.00507
10	0.01347	0.04551	0.19333	0.01801	0.22440	0.18858	0.05175	0.03017	0.12561	0.01608	0.01056	0.01213	0.00830	0.00524	0.00529	0.00153	0.03573	0.00424	0.00285	0.00722
11	0.00783	0.00566	0.00689	0.00674	0.00736	0.00603	0.00454	0.00992	0.08589	0.01225	0.07472	0.02857	0.01883	0.47371	0.22477	0.00517	0.00687	0.00682	0.00337	0.00407
12	0.01234	0.01113	0.01102	0.00997	0.01258	0.07417	0.00770	0.02397	0.61565	0.02034	0.12465	0.02068	0.01915	0.00721	0.00521	0.00167	0.00419	0.00599	0.00500	0.00739
13	0.01222	0.04444	0.51939	0.01277	0.01904	0.01191	0.01494	0.13123	0.03566	0.04938	0.01024	0.01131	0.00736	0.00499	0.00471	0.00149	0.00651	0.00387	0.00292	0.09563
14	0.01652	0.09962	0.01613	0.04909	0.08723	0.39403	0.01028	0.13488	0.07372	0.01640	0.00953	0.01084	0.00767	0.00549	0.00522	0.00143	0.04833	0.00382	0.00309	0.00668
15	0.01815	0.01363	0.01457	0.01142	0.01527	0.01518	0.00935	0.65311	0.14630	0.03014	0.01351	0.01323	0.00970	0.00620	0.00507	0.00155	0.00531	0.00474	0.00507	0.00850
16	0.00869	0.00615	0.00742	0.00753	0.00840	0.00625	0.00540	0.11275	0.01128	0.01503	0.03980	0.30943	0.02476	0.27719	0.01263	0.00294	0.00420	0.13144	0.00423	0.00449
17	0.01395	0.01521	0.01794	0.01447	0.03281	0.26961	0.26471	0.09189	0.01346	0.01598	0.07214	0.01657	0.01204	0.11724	0.00810	0.00198	0.00739	0.00535	0.00313	0.00603
18	0.00715	0.00537	0.00673	0.00741	0.00816	0.00534	0.00516	0.01004	0.11589	0.01486	0.11203	0.62193	0.03258	0.01400	0.00622	0.00196	0.00302	0.01260	0.00485	0.00472
19	0.00961	0.00856	0.01100	0.01037	0.03829	0.03777	0.02471	0.01161	0.03622	0.01465	0.09041	0.12461	0.09403	0.01024	0.03137	0.00202	0.31302	0.00691	0.11937	0.00522
20	0.00678	0.00515	0.00624	0.00597	0.00732	0.00461	0.00448	0.00882	0.01343	0.01818	0.55432	0.04123	0.28278	0.01112	0.00597	0.00163	0.00244	0.00963	0.00529	0.00461
21	0.01352	0.01213	0.01387	0.16562	0.10281	0.11331	0.01011	0.22697	0.01403	0.01817	0.01129	0.04370	0.01001	0.11797	0.00900	0.00207	0.08720	0.00509	0.01680	0.00632

[dist]
# distance from previous block
# <min> <max>
0	4

[block]
# block no. 3 follows, 49 sequences, length 35
# corresponding to MSA columns:
# 186-220
name=unknown_D
#
# <colnr> <probs for GDERKNQSTAVLIFYWHMCP>
#	G	D	E	R	K	N	Q	S	T	A	V	L	I	F	Y	W	H	M	C	P
0	0.17815	0.01142	0.01768	0.06729	0.59780	0.01184	0.01347	0.01525	0.01087	0.01754	0.00900	0.01172	0.00745	0.00457	0.00464	0.00152	0.00564	0.00416	0.00261	0.00739
1	0.01395	0.57200	0.02390	0.01355	0.16580	0.11004	0.01013	0.01581	0.01099	0.01286	0.00761	0.00909	0.00679	0.00446	0.00374	0.00119	0.00596	0.00312	0.00228	0.00671
2	0.00759	0.00565	0.00757	0.00739	0.00782	0.00644	0.00527	0.00854	0.00776	0.01092	0.01404	0.02498	0.01469	0.38122	0.39665	0.00623	0.07427	0.00619	0.00283	0.00396
3	0.33960	0.00880	0.01032	0.23681	0.06055	0.00998	0.00838	0.03382	0.02725	0.01845	0.09223	0.01813	0.10457	0.00641	0.00451	0.00162	0.00457	0.00505	0.00337	0.00558
4	0.00677	0.00467	0.00567	0.00622	0.00639	0.00452	0.00384	0.00721	0.00853	0.01133	0.02222	0.40107	0.04083	0.42882	0.01632	0.00351	0.00393	0.01071	0.00386	0.00358
5	0.01229	0.01032	0.01061	0.00928	0.01183	0.05496	0.00725	0.16482	0.33279	0.02188	0.21587	0.02430	0.08619	0.00799	0.00537	0.00162	0.00406	0.00664	0.00506	0.00687
6	0.00781	0.00522	0.00676	0.00656	0.00778	0.00476	0.00484	0.00979	0.01320	0.06538	0.53424	0.19057	0.10116	0.01136	0.00601	0.00169	0.00262	0.01004	0.00537	0.00483
7	0.18187	0.01842	0.01262	0.01211	0.05463	0.49047	0.00879	0.01889	0.08108	0.01584	0.05283	0.01160	0.00950	0.00551	0.00443	0.00142	0.00710	0.00377	0.00309	0.00603
8	0.01638	0.01907	0.01467	0.16923	0.01919	0.50596	0.01071	0.08485	0.01374	0.01419	0.00832	0.01042	0.00675	0.00559	0.00579	0.00148	0.08119	0.00372	0.00272	0.00603
9	0.00616	0.00440	0.00587	0.00704	0.00733	0.00411	0.00469	0.00704	0.00968	0.01291	0.02787	0.81899	0.03344	0.01584	0.00645	0.00205	0.00293	0.01438	0.00469	0.00411
10	0.00680	0.00446	0.00564	0.00658	0.00705	0.00423	0.00447	0.00797	0.00986	0.01407	0.02564	0.66209	0.02943	0.01389	0.00588	0.00188	0.00282	0.01248	0.17052	0.00423
11	0.01222	0.06717	0.11230	0.01865	0.27931	0.10776	0.01273	0.01464	0.01036	0.01405	0.00872	0.01212	0.00768	0.02557	0.05854	0.00214	0.22280	0.00424	0.00240	0.00660
12	0.06497	0.17088	0.04652	0.01111	0.08222	0.01218	0.00875	0.13428	0.07194	0.13733	0.01183	0.02266	0.00906	0.00517	0.00431	0.00130	0.00481	0.00400	0.00377	0.19290
13	0.00621	0.00513	0.00544	0.00537	0.00697	0.00437	0.00402	0.00771	0.01207	0.01496	0.19571	0.04653	0.64340	0.01232	0.00597	0.00168	0.00253	0.01037	0.00487	0.00437
14	0.01551	0.52794	0.02198	0.01028	0.01396	0.31025	0.00907	0.01702	0.01178	0.01207	0.00732	0.00849	0.00650	0.00465	0.00373	0.00116	0.00679	0.00291	0.00233	0.00626
15	0.01084	0.00751	0.00896	0.00778	0.01013	0.00733	0.00604	0.02840	0.19607	0.11323	0.38384	0.02777	0.06035	0.00831	0.00540	0.00153	0.00321	0.00714	0.00522	0.10096
16	0.01295	0.06041	0.46046	0.01222	0.01801	0.01153	0.01399	0.11406	0.03405	0.11757	0.06504	0.01366	0.01061	0.00554	0.00486	0.00154	0.00618	0.00437	0.00338	0.02958
17	0.01267	0.01232	0.02037	0.03059	0.77140	0.03173	0.01538	0.01564	0.01158	0.01642	0.00947	0.01243	0.00797	0.00452	0.00499	0.00150	0.00609	0.00447	0.00251	0.00796
18	0.01922	0.01416	0.01518	0.01163	0.01568	0.01568	0.00961	0.77388	0.02378	0.03187	0.01214	0.01214	0.00860	0.00607	0.00506	0.00152	0.00556	0.00455	0.00506	0.00860
19	0.00827	0.00649	0.00878	0.00855	0.00984	0.00755	0.00665	0.01253	0.15980	0.01358	0.01492	0.01967	0.01319	0.03183	0.64595	0.00687	0.01167	0.00548	0.00319	0.00520
20	0.00907	0.00816	0.01332	0.55992	0.07390	0.00961	0.01179	0.01208	0.01100	0.01458	0.16285	0.06355	0.01636	0.00667	0.00531	0.00168	0.00563	0.00596	0.00305	0.00551
21	0.01211	0.01161	0.01980	0.13645	0.68847	0.01191	0.01532	0.01517	0.01132	0.01603	0.00944	0.01265	0.00784	0.00458	0.00501	0.00153	0.00611	0.00450	0.00247	0.00769
22	0.00650	0.00508	0.00589	0.00582	0.00718	0.00447	0.00431	0.00822	0.01257	0.01644	0.36631	0.10950	0.40560	0.01200	0.00601	0.00169	0.00252	0.01033	0.00507	0.00447
23	0.01253	0.01179	0.01874	0.02697	0.63827	0.01213	0.01405	0.01774	0.16252	0.01743	0.01168	0.01376	0.00947	0.00497	0.00503	0.00154	0.00561	0.00474	0.00302	0.00801
24	0.01508	0.01313	0.01582	0.01568	0.16747	0.05969	0.05996	0.26935	0.28616	0.02293	0.01421	0.01450	0.01070	0.00587	0.00511	0.00158	0.00550	0.00497	0.00428	0.00800
25	0.13658	0.52518	0.02117	0.00908	0.01312	0.04083	0.00842	0.16403	0.01280	0.01738	0.00806	0.00895	0.00676	0.00475	0.00362	0.00124	0.00533	0.00309	0.00288	0.00674
26	0.00997	0.00925	0.00900	0.00962	0.01102	0.16171	0.00794	0.01192	0.01200	0.01433	0.02452	0.11014	0.06781	0.01234	0.00641	0.00207	0.00527	0.50561	0.00426	0.00483
27	0.00741	0.00591	0.00811	0.16374	0.01277	0.00595	0.00642	0.00978	0.01298	0.01762	0.49952	0.03502	0.17623	0.00976	0.00579	0.00163	0.00327	0.00851	0.00476	0.00484
28	0.01834	0.00856	0.01100	0.00873	0.01198	0.00797	0.00709	0.12952	0.01578	0.49210	0.20900	0.02157	0.02066	0.00724	0.00530	0.00156	0.00401	0.00601	0.00591	0.00766
29	0.00608	0.00508	0.00530	0.00534	0.00692	0.00430	0.00397	0.00743	0.01164	0.01416	0.11051	0.09461	0.68172	0.01279	0.00600	0.00172	0.00257	0.01077	0.00477	0.00430
30	0.00698	0.00536	0.00754	0.00754	0.00860	0.00592	0.00583	0.00868	0.00879	0.01212	0.02093	0.02551	0.16481	0.03300	0.64611	0.00687	0.01139	0.00645	0.00310	0.00447
31	0.00768	0.00586	0.00726	0.00798	0.00889	0.00600	0.00580	0.01138	0.16131	0.01482	0.02630	0.56109	0.02934	0.01383	0.00627	0.00202	0.00337	0.11108	0.00478	0.00494
32	0.01300	0.00997	0.01630	0.02240	0.49150	0.00969	0.02442	0.01543	0.01167	0.14889	0.01491	0.17148	0.01376	0.00702	0.00532	0.00162	0.00515	0.00656	0.00358	0.00733
33	0.01148	0.01072	0.01809	0.02655	0.63746	0.01090	0.01372	0.01425	0.01085	0.01558	0.01030	0.01396	0.00892	0.01106	0.16133	0.00280	0.00749	0.00468	0.00254	0.00732
34	0.01393	0.01030	0.01486	0.01508	0.18617	0.04843	0.10063	0.08652	0.02959	0.17953	0.23732	0.02085	0.02051	0.00675	0.00540	0.00156	0.00498	0.00611	0.00447	0.00700

[dist]
# distance from previous block
# <min> <max>
1	2

[block]
# block no. 4 follows, 49 sequences, length 23
# corresponding to MSA columns:
# 223-245
name=unknown_E
#
# <colnr> <probs for GDERKNQSTAVLIFYWHMCP>
#	G	D	E	R	K	N	Q	S	T	A	V	L	I	F	Y	W	H	M	C	P
0	0.46859	0.06862	0.02969	0.00771	0.01137	0.03185	0.00657	0.01634	0.02540	0.13229	0.00959	0.01020	0.00717	0.00479	0.00365	0.00138	0.00428	0.00322	0.00349	0.15378
1	0.01210	0.01624	0.28615	0.06591	0.19618	0.01138	0.11708	0.01741	0.09614	0.08218	0.04133	0.01415	0.01005	0.00524	0.00513	0.00161	0.00639	0.00480	0.00309	0.00745
2	0.01441	0.01555	0.01569	0.05497	0.21199	0.27251	0.01137	0.03964	0.13827	0.01540	0.01031	0.01222	0.00845	0.00597	0.00695	0.00161	0.15068	0.00428	0.00298	0.00676
3	0.00878	0.00439	0.00659	0.00659	0.00659	0.00439	0.00439	0.00659	0.00659	0.00878	0.00878	0.01537	0.00878	0.01757	0.01976	0.85288	0.00439	0.00439	0.00220	0.00220
4	0.04231	0.33652	0.03333	0.00889	0.01310	0.01353	0.00802	0.08826	0.04518	0.18040	0.01124	0.01140	0.00850	0.00491	0.00401	0.00121	0.00479	0.00359	0.00362	0.17717
5	0.01115	0.00849	0.01037	0.00895	0.01031	0.00994	0.00714	0.16238	0.01320	0.01949	0.20887	0.02083	0.01941	0.04724	0.00919	0.00182	0.23040	0.00585	0.18932	0.00565
6	0.00628	0.00448	0.00600	0.00717	0.00752	0.00421	0.00490	0.00724	0.00980	0.01304	0.02781	0.77452	0.03319	0.01573	0.00649	0.00207	0.00303	0.05769	0.00469	0.00414
7	0.01337	0.01252	0.01180	0.01063	0.01346	0.11146	0.00823	0.02603	0.68550	0.02005	0.01898	0.01765	0.01432	0.00665	0.00507	0.00166	0.00464	0.00541	0.00483	0.00774
8	0.01352	0.00927	0.01138	0.01105	0.08218	0.00962	0.00783	0.21909	0.11831	0.12787	0.13473	0.19407	0.02134	0.00884	0.00551	0.00168	0.00417	0.00762	0.00500	0.00691
9	0.01038	0.00864	0.00901	0.00809	0.01057	0.00916	0.00630	0.11144	0.33344	0.01906	0.03358	0.03169	0.36928	0.00949	0.00552	0.00169	0.00354	0.00784	0.00493	0.00637
10	0.01364	0.01711	0.30592	0.01608	0.02180	0.01123	0.32881	0.01799	0.01203	0.18711	0.01194	0.01334	0.00827	0.00490	0.00535	0.00164	0.00721	0.00496	0.00322	0.00745
11	0.01336	0.01228	0.01986	0.02861	0.69366	0.01247	0.01478	0.11051	0.01305	0.01844	0.00984	0.01247	0.00808	0.00470	0.00501	0.00150	0.00595	0.00451	0.00282	0.00808
12	0.01141	0.00913	0.01489	0.57427	0.09111	0.01082	0.01286	0.01440	0.01057	0.11099	0.01048	0.01403	0.00781	0.00674	0.03947	0.00195	0.04553	0.00460	0.00279	0.00613
13	0.00624	0.00448	0.00592	0.00693	0.00734	0.00417	0.00467	0.00725	0.01011	0.01353	0.09009	0.73261	0.05731	0.01531	0.00640	0.00201	0.00288	0.01384	0.00476	0.00417
14	0.01239	0.01237	0.02257	0.02890	0.62279	0.01218	0.18184	0.01567	0.01161	0.01645	0.00967	0.01276	0.00794	0.00445	0.00522	0.00155	0.00656	0.00483	0.00252	0.00775
15	0.01272	0.42599	0.06729	0.01574	0.11510	0.01630	0.25036	0.01557	0.01097	0.01405	0.00846	0.01054	0.00705	0.00435	0.00440	0.00136	0.00657	0.00401	0.00233	0.00684
16	0.01100	0.00997	0.01616	0.01769	0.25861	0.00982	0.15176	0.10777	0.01289	0.01733	0.02051	0.13131	0.13880	0.00826	0.00570	0.00171	0.00534	0.06524	0.00365	0.00647
17	0.01224	0.01167	0.02105	0.02225	0.34870	0.01108	0.26240	0.03275	0.01184	0.04427	0.01121	0.04657	0.00946	0.00508	0.00527	0.00152	0.00633	0.02013	0.00291	0.11329
18	0.01280	0.48109	0.08054	0.00955	0.01326	0.09996	0.00898	0.01609	0.09965	0.01346	0.01145	0.11123	0.01089	0.00619	0.00413	0.00134	0.00549	0.00465	0.00287	0.00638
19	0.14520	0.06515	0.18752	0.01419	0.10584	0.06255	0.06731	0.15814	0.07714	0.03787	0.01042	0.01158	0.00785	0.00523	0.00487	0.00155	0.02294	0.00410	0.00328	0.00726
20	0.01160	0.19740	0.31789	0.18709	0.02098	0.01259	0.01356	0.01534	0.01086	0.07731	0.01108	0.01545	0.00905	0.00570	0.00473	0.00157	0.00634	0.07205	0.00273	0.00668
21	0.00742	0.00548	0.00700	0.00736	0.00847	0.00503	0.00549	0.00881	0.01027	0.01388	0.06065	0.34154	0.06035	0.12509	0.00888	0.00232	0.00371	0.20347	0.00429	0.11050
22	0.03322	0.06753	0.05327	0.01412	0.14005	0.01352	0.01046	0.40110	0.04525	0.08052	0.02404	0.01604	0.01078	0.00629	0.00504	0.00156	0.00543	0.05958	0.00434	0.00788

[dist]
# distance from previous block
# <min> <max>
1	8

[block]
# block no. 5 follows, 49 sequences, length 42
# corresponding to MSA columns:
# 254-295
name=unknown_F
#
# <colnr> <probs for GDERKNQSTAVLIFYWHMCP>
#	G	D	E	R	K	N	Q	S	T	A	V	L	I	F	Y	W	H	M	C	P
0	0.01431	0.40178	0.04882	0.00970	0.01349	0.04861	0.00890	0.11460	0.13130	0.06727	0.01241	0.01500	0.01039	0.00590	0.00430	0.00139	0.00527	0.06232	0.01726	0.00697
1	0.12649	0.11473	0.03366	0.01368	0.15063	0.04066	0.00979	0.27304	0.05805	0.07640	0.01102	0.01170	0.00830	0.00528	0.00449	0.00144	0.00531	0.00404	0.00383	0.04744
2	0.05481	0.42352	0.21709	0.01137	0.05329	0.04478	0.01132	0.03571	0.01121	0.08207	0.00895	0.00991	0.00707	0.00472	0.00397	0.00132	0.00593	0.00333	0.00266	0.00698
3	0.01571	0.49969	0.02158	0.01039	0.01406	0.31755	0.00910	0.03639	0.01216	0.01259	0.00746	0.00860	0.00655	0.00471	0.00379	0.00118	0.00682	0.00296	0.00241	0.00630
4	0.01076	0.00898	0.01051	0.00752	0.01200	0.00676	0.00602	0.01300	0.01058	0.03409	0.00924	0.01064	0.00760	0.00380	0.00378	0.00077	0.00376	0.00304	0.00307	0.83407
5	0.01478	0.01798	0.28897	0.01367	0.01893	0.01360	0.10353	0.39122	0.01735	0.02386	0.01138	0.01347	0.00848	0.00571	0.00515	0.00160	0.00655	0.03220	0.00373	0.00785
6	0.19734	0.13309	0.01452	0.00974	0.01352	0.06718	0.00820	0.31192	0.01621	0.16510	0.01143	0.01143	0.00820	0.00550	0.00435	0.00146	0.00520	0.00390	0.00427	0.00744
7	0.40132	0.00927	0.02421	0.00805	0.01148	0.00918	0.00680	0.01904	0.01153	0.37384	0.01436	0.01581	0.01037	0.00606	0.00432	0.00162	0.00421	0.05700	0.00465	0.00688
8	0.00614	0.00448	0.00579	0.00684	0.00728	0.00412	0.00461	0.00706	0.00987	0.01299	0.03031	0.73865	0.11221	0.01553	0.00640	0.00202	0.00289	0.01399	0.00469	0.00412
9	0.00767	0.00547	0.00735	0.00777	0.00884	0.00531	0.00632	0.00981	0.01234	0.01674	0.33496	0.04704	0.03569	0.08587	0.00827	0.00226	0.00376	0.38509	0.00488	0.00456
10	0.01697	0.02055	0.01587	0.01735	0.20099	0.57339	0.01121	0.01867	0.01332	0.01336	0.00816	0.01003	0.00688	0.00523	0.00527	0.00140	0.04883	0.00361	0.00256	0.00636
11	0.00633	0.00515	0.00565	0.00586	0.00736	0.00448	0.00449	0.00778	0.01158	0.01421	0.09449	0.10890	0.58963	0.01302	0.00613	0.00180	0.00283	0.10121	0.00475	0.00434
12	0.00815	0.00582	0.00815	0.00931	0.01048	0.00582	0.00815	0.01048	0.01164	0.01513	0.02677	0.05704	0.02910	0.01397	0.00698	0.00233	0.00466	0.75671	0.00466	0.00466
13	0.01235	0.01249	0.02324	0.02821	0.56823	0.01224	0.23586	0.01572	0.01164	0.01643	0.00972	0.01284	0.00791	0.00443	0.00529	0.00156	0.00674	0.00493	0.00252	0.00766
14	0.01287	0.01335	0.02229	0.02729	0.54639	0.07366	0.19732	0.01605	0.01183	0.01612	0.00955	0.01252	0.00781	0.00450	0.00520	0.00154	0.00686	0.00476	0.00252	0.00756
15	0.00751	0.00541	0.00739	0.00850	0.00946	0.00529	0.00702	0.00941	0.01112	0.01447	0.02829	0.25805	0.06847	0.01441	0.00679	0.00222	0.00410	0.52293	0.00467	0.00449
16	0.00722	0.00542	0.00813	0.00813	0.00903	0.00632	0.00632	0.00903	0.00813	0.01174	0.01354	0.01987	0.01264	0.03792	0.80225	0.00813	0.01354	0.00542	0.00271	0.00451
17	0.01429	0.27531	0.16438	0.01150	0.01543	0.31962	0.02510	0.01660	0.01201	0.01320	0.02758	0.06430	0.00929	0.00567	0.00438	0.00135	0.00705	0.00411	0.00259	0.00624
18	0.01546	0.13082	0.12871	0.01271	0.01729	0.01503	0.10913	0.37928	0.10126	0.02359	0.01166	0.01229	0.00862	0.00550	0.00489	0.00151	0.00602	0.00448	0.00392	0.00785
19	0.85801	0.00978	0.00743	0.00665	0.00978	0.01134	0.00548	0.01486	0.00861	0.02269	0.00704	0.00821	0.00548	0.00469	0.00313	0.00156	0.00391	0.00274	0.00313	0.00548
20	0.01352	0.82533	0.02650	0.00865	0.01298	0.02001	0.00865	0.01514	0.01027	0.01190	0.00703	0.00811	0.00649	0.00433	0.00324	0.00108	0.00541	0.00270	0.00216	0.00649
21	0.01561	0.07544	0.01434	0.01002	0.01415	0.01303	0.00830	0.42716	0.07046	0.02480	0.01134	0.01177	0.00856	0.00527	0.00452	0.00126	0.00488	0.00400	0.00420	0.27089
22	0.01161	0.08772	0.34444	0.02172	0.38592	0.01260	0.01608	0.01594	0.02813	0.01601	0.00936	0.01151	0.00737	0.00467	0.00477	0.00151	0.00652	0.00406	0.00238	0.00766
23	0.01163	0.00979	0.01073	0.01008	0.01258	0.01114	0.00803	0.02337	0.61732	0.01987	0.02190	0.02701	0.01835	0.00838	0.00554	0.00185	0.00414	0.16595	0.00504	0.00729
24	0.01252	0.01201	0.02053	0.03104	0.79074	0.01201	0.01552	0.01552	0.01151	0.01652	0.00951	0.01252	0.00801	0.00451	0.00501	0.00150	0.00601	0.00451	0.00250	0.00801
25	0.01073	0.01130	0.02246	0.41818	0.03065	0.01201	0.39085	0.01455	0.01102	0.01455	0.00961	0.01356	0.00720	0.00466	0.00551	0.00170	0.00763	0.00523	0.00240	0.00621
26	0.00881	0.00672	0.00932	0.00984	0.01135	0.00690	0.03628	0.01270	0.10874	0.01589	0.02540	0.06358	0.02666	0.01275	0.00671	0.00222	0.00469	0.62164	0.00464	0.00515
27	0.00615	0.00515	0.00529	0.00535	0.00695	0.00438	0.00402	0.00742	0.01134	0.01355	0.04833	0.04835	0.71420	0.05099	0.00696	0.00189	0.00278	0.04805	0.00462	0.00423
28	0.02045	0.01290	0.01221	0.01019	0.01351	0.23862	0.00817	0.02225	0.01421	0.50601	0.01695	0.01795	0.01206	0.00655	0.00508	0.00155	0.00573	0.06303	0.00507	0.00750
29	0.01252	0.01201	0.02053	0.03104	0.79074	0.01201	0.01552	0.01552	0.01151	0.01652	0.00951	0.01252	0.00801	0.00451	0.00501	0.00150	0.00601	0.00451	0.00250	0.00801
30	0.02020	0.00881	0.01143	0.00908	0.01268	0.00817	0.00739	0.02426	0.14379	0.62497	0.05871	0.01852	0.01478	0.00657	0.00514	0.00159	0.00416	0.00540	0.00604	0.00831
31	0.00866	0.00447	0.00671	0.00671	0.00678	0.00454	0.00454	0.00678	0.00671	0.00901	0.00915	0.01572	0.00908	0.01915	0.08064	0.78715	0.00510	0.00447	0.00224	0.00238
32	0.01160	0.01039	0.01224	0.01090	0.01275	0.01279	0.00869	0.02084	0.48194	0.01767	0.01654	0.01722	0.02691	0.00997	0.07051	0.00236	0.24024	0.00541	0.00409	0.00694
33	0.02904	0.02524	0.74488	0.01454	0.02182	0.01178	0.05154	0.01600	0.01069	0.01617	0.00908	0.01075	0.00644	0.00478	0.00482	0.00161	0.00744	0.00381	0.00218	0.00740
34	0.16255	0.01228	0.01273	0.01002	0.01364	0.01354	0.00824	0.53769	0.01952	0.06642	0.01204	0.01232	0.00865	0.00583	0.00459	0.00150	0.00493	0.00428	0.08152	0.00771
35	0.01182	0.01342	0.02915	0.05846	0.02682	0.01271	0.73667	0.01604	0.01185	0.01604	0.01017	0.01363	0.00763	0.00430	0.00592	0.00170	0.00844	0.00590	0.00254	0.00676
36	0.01312	0.19068	0.25545	0.01323	0.01815	0.12120	0.12296	0.05381	0.13266	0.01623	0.01059	0.01170	0.00814	0.00506	0.00467	0.00148	0.00678	0.00413	0.00288	0.00709
37	0.01252	0.01201	0.02053	0.03104	0.79074	0.01201	0.01552	0.01552	0.01151	0.01652	0.00951	0.01252	0.00801	0.00451	0.00501	0.00150	0.00601	0.00451	0.00250	0.00801
38	0.01498	0.01095	0.01821	0.05497	0.13108	0.02928	0.23781	0.03742	0.03468	0.24878	0.04678	0.01682	0.04310	0.00565	0.00533	0.00157	0.00590	0.00549	0.00401	0.04719
39	0.07806	0.05108	0.01575	0.13546	0.27374	0.06341	0.01169	0.03273	0.06252	0.03326	0.01171	0.01733	0.01033	0.00640	0.00618	0.00168	0.08892	0.09008	0.00304	0.00663
40	0.01006	0.01066	0.15184	0.01139	0.05760	0.00792	0.06834	0.01343	0.06854	0.07817	0.01872	0.20810	0.01887	0.11759	0.00841	0.00224	0.00508	0.11502	0.00384	0.02418
41	0.50278	0.01051	0.04554	0.00779	0.01094	0.05509	0.00659	0.01537	0.01024	0.11224	0.04432	0.06940	0.01092	0.00612	0.00401	0.00156	0.00430	0.02309	0.00367	0.05551

[dist]
# distance from previous block
# <min> <max>
0	222

# created by:
# /st0/software/busco_prod/Augustus/scripts/msa2prfl.pl ./align_prep/57771.fa
