[name]
unknown

[dist]
# distance from previous block
# <min> <max>
0	170

[block]
# block no. 0 follows, 49 sequences, length 51
# corresponding to MSA columns:
# 176-224,230,231
name=unknown_A
#
# <colnr> <probs for GDERKNQSTAVLIFYWHMCP>
#	G	D	E	R	K	N	Q	S	T	A	V	L	I	F	Y	W	H	M	C	P
0	0.00848	0.05580	0.00927	0.00927	0.01063	0.00669	0.00818	0.01076	0.01156	0.01494	0.02557	0.05406	0.02772	0.01338	0.00676	0.00225	0.00470	0.71072	0.00450	0.00477
1	0.05178	0.00994	0.01165	0.00961	0.01305	0.01025	0.00773	0.07088	0.33678	0.39229	0.01922	0.01724	0.01322	0.00644	0.00503	0.00162	0.00424	0.00522	0.00559	0.00823
2	0.01378	0.70570	0.09283	0.00918	0.01375	0.01852	0.00945	0.01580	0.01057	0.05997	0.00800	0.00889	0.00685	0.00449	0.00349	0.00116	0.00552	0.00294	0.00241	0.00670
3	0.10153	0.02140	0.01376	0.01222	0.01506	0.62199	0.00933	0.11760	0.01499	0.01592	0.00830	0.00942	0.00668	0.00527	0.00448	0.00136	0.00814	0.00337	0.00298	0.00618
4	0.01573	0.00707	0.00947	0.00779	0.01050	0.00623	0.00622	0.01785	0.01434	0.44853	0.34548	0.02665	0.04576	0.00814	0.00548	0.00158	0.00345	0.00693	0.00593	0.00688
5	0.00735	0.00490	0.00552	0.00552	0.00552	0.00490	0.00306	0.00735	0.00735	0.00980	0.01593	0.03309	0.01838	0.82229	0.02574	0.00490	0.00490	0.00735	0.00306	0.00306
6	0.01209	0.01158	0.01976	0.14268	0.68242	0.01190	0.01531	0.01515	0.01131	0.01600	0.00944	0.01265	0.00783	0.00458	0.00501	0.00153	0.00611	0.00450	0.00247	0.00767
7	0.02083	0.01158	0.01358	0.01041	0.01439	0.01185	0.00860	0.42624	0.01946	0.38561	0.01576	0.01449	0.01042	0.00616	0.00507	0.00154	0.00498	0.00480	0.00562	0.00860
8	0.01126	0.01107	0.01843	0.23448	0.30216	0.01286	0.07701	0.01392	0.01010	0.01429	0.00861	0.01245	0.00725	0.00587	0.00840	0.00177	0.23655	0.00460	0.00236	0.00656
9	0.01352	0.82533	0.02650	0.00865	0.01298	0.02001	0.00865	0.01514	0.01027	0.01190	0.00703	0.00811	0.00649	0.00433	0.00324	0.00108	0.00541	0.00270	0.00216	0.00649
10	0.00602	0.00512	0.00514	0.00514	0.00679	0.00429	0.00382	0.00726	0.01139	0.01353	0.05004	0.04814	0.76285	0.03996	0.00664	0.00181	0.00264	0.01056	0.00464	0.00423
11	0.85801	0.00978	0.00743	0.00665	0.00978	0.01134	0.00548	0.01486	0.00861	0.02269	0.00704	0.00821	0.00548	0.00469	0.00313	0.00156	0.00391	0.00274	0.00313	0.00548
12	0.00616	0.00440	0.00587	0.00704	0.00733	0.00411	0.00469	0.00704	0.00968	0.01291	0.02787	0.81899	0.03344	0.01584	0.00645	0.00205	0.00293	0.01438	0.00469	0.00411
13	0.00955	0.00899	0.01517	0.81013	0.03483	0.01123	0.01404	0.01292	0.01011	0.01292	0.00899	0.01348	0.00674	0.00506	0.00506	0.00169	0.00674	0.00449	0.00225	0.00562
14	0.02269	0.00861	0.01174	0.00900	0.01291	0.00743	0.00743	0.02464	0.01447	0.79425	0.01995	0.01721	0.01252	0.00626	0.00509	0.00156	0.00430	0.00509	0.00626	0.00861
15	0.01194	0.01364	0.02984	0.02131	0.02643	0.01279	0.77238	0.01620	0.01194	0.01620	0.01023	0.01364	0.00767	0.00426	0.00597	0.00171	0.00853	0.00597	0.00256	0.00682
16	0.01252	0.01201	0.02053	0.03104	0.79074	0.01201	0.01552	0.01552	0.01151	0.01652	0.00951	0.01252	0.00801	0.00451	0.00501	0.00150	0.00601	0.00451	0.00250	0.00801
17	0.01252	0.01201	0.02053	0.03104	0.79074	0.01201	0.01552	0.01552	0.01151	0.01652	0.00951	0.01252	0.00801	0.00451	0.00501	0.00150	0.00601	0.00451	0.00250	0.00801
18	0.00598	0.00512	0.00512	0.00512	0.00683	0.00427	0.00384	0.00726	0.01153	0.01366	0.05123	0.04866	0.78869	0.01281	0.00598	0.00171	0.00256	0.01067	0.00470	0.00427
19	0.00620	0.00442	0.00586	0.00700	0.00728	0.00413	0.00465	0.00705	0.00961	0.01282	0.02752	0.79617	0.03301	0.03926	0.00701	0.00214	0.00299	0.01417	0.00465	0.00408
20	0.01922	0.01416	0.01518	0.01163	0.01568	0.01568	0.00961	0.77388	0.02378	0.03187	0.01214	0.01214	0.00860	0.00607	0.00506	0.00152	0.00556	0.00455	0.00506	0.00860
21	0.00955	0.00899	0.01517	0.81013	0.03483	0.01123	0.01404	0.01292	0.01011	0.01292	0.00899	0.01348	0.00674	0.00506	0.00506	0.00169	0.00674	0.00449	0.00225	0.00562
22	0.00815	0.00582	0.00815	0.00931	0.01048	0.00582	0.00815	0.01048	0.01164	0.01513	0.02677	0.05704	0.02910	0.01397	0.00698	0.00233	0.00466	0.75671	0.00466	0.00466
23	0.02255	0.00883	0.01187	0.00910	0.01302	0.00776	0.00752	0.05483	0.01485	0.76353	0.01963	0.01701	0.01236	0.00625	0.00508	0.00156	0.00435	0.00506	0.00621	0.00861
24	0.01463	0.01188	0.01259	0.01071	0.01393	0.01354	0.00850	0.25795	0.54718	0.02447	0.01797	0.01679	0.01332	0.00662	0.00512	0.00165	0.00449	0.00536	0.00512	0.00819
25	0.01252	0.01201	0.02053	0.03104	0.79074	0.01201	0.01552	0.01552	0.01151	0.01652	0.00951	0.01252	0.00801	0.00451	0.00501	0.00150	0.00601	0.00451	0.00250	0.00801
26	0.01866	0.02296	0.01426	0.01283	0.01554	0.72222	0.00969	0.06643	0.04582	0.01392	0.00859	0.00970	0.00700	0.00533	0.00461	0.00133	0.00870	0.00343	0.00286	0.00612
27	0.00651	0.00517	0.00587	0.00575	0.00724	0.00452	0.00436	0.00826	0.01261	0.01628	0.33638	0.04473	0.47408	0.01189	0.00601	0.00168	0.00257	0.03659	0.00503	0.00448
28	0.02269	0.00861	0.01174	0.00900	0.01291	0.00743	0.00743	0.02464	0.01447	0.79425	0.01995	0.01721	0.01252	0.00626	0.00509	0.00156	0.00430	0.00509	0.00626	0.00861
29	0.01252	0.01201	0.02053	0.03104	0.79074	0.01201	0.01552	0.01552	0.01151	0.01652	0.00951	0.01252	0.00801	0.00451	0.00501	0.00150	0.00601	0.00451	0.00250	0.00801
30	0.01102	0.00900	0.00997	0.00895	0.01127	0.00994	0.00693	0.06614	0.45708	0.02149	0.29845	0.02531	0.02673	0.00807	0.00544	0.00166	0.00351	0.00689	0.00529	0.00687
31	0.00735	0.00490	0.00552	0.00552	0.00552	0.00490	0.00306	0.00735	0.00735	0.00980	0.01593	0.03309	0.01838	0.82229	0.02574	0.00490	0.00490	0.00735	0.00306	0.00306
32	0.00598	0.00512	0.00512	0.00512	0.00683	0.00427	0.00384	0.00726	0.01153	0.01366	0.05123	0.04866	0.78869	0.01281	0.00598	0.00171	0.00256	0.01067	0.00470	0.00427
33	0.01352	0.82533	0.02650	0.00865	0.01298	0.02001	0.00865	0.01514	0.01027	0.01190	0.00703	0.00811	0.00649	0.00433	0.00324	0.00108	0.00541	0.00270	0.00216	0.00649
34	0.72359	0.07736	0.07015	0.00741	0.01098	0.01208	0.00676	0.01498	0.00890	0.02129	0.00720	0.00840	0.00563	0.00467	0.00327	0.00153	0.00431	0.00281	0.00297	0.00571
35	0.01258	0.01086	0.01143	0.01029	0.01315	0.01258	0.00800	0.02687	0.78161	0.02115	0.02058	0.01887	0.01544	0.00686	0.00515	0.00172	0.00400	0.00572	0.00515	0.00800
36	0.01258	0.01086	0.01143	0.01029	0.01315	0.01258	0.00800	0.02687	0.78161	0.02115	0.02058	0.01887	0.01544	0.00686	0.00515	0.00172	0.00400	0.00572	0.00515	0.00800
37	0.02254	0.00884	0.01188	0.00911	0.01303	0.00778	0.00752	0.05612	0.01486	0.76221	0.01962	0.01700	0.01235	0.00625	0.00508	0.00156	0.00436	0.00506	0.00621	0.00861
38	0.01922	0.01416	0.01518	0.01163	0.01568	0.01568	0.00961	0.77388	0.02378	0.03187	0.01214	0.01214	0.00860	0.00607	0.00506	0.00152	0.00556	0.00455	0.00506	0.00860
39	0.00616	0.00440	0.00587	0.00704	0.00733	0.00411	0.00469	0.00704	0.00968	0.01291	0.02787	0.81899	0.03344	0.01584	0.00645	0.00205	0.00293	0.01438	0.00469	0.00411
40	0.00616	0.00440	0.00587	0.00704	0.00733	0.00411	0.00469	0.00704	0.00968	0.01291	0.02787	0.81899	0.03344	0.01584	0.00645	0.00205	0.00293	0.01438	0.00469	0.00411
41	0.01352	0.82533	0.02650	0.00865	0.01298	0.02001	0.00865	0.01514	0.01027	0.01190	0.00703	0.00811	0.00649	0.00433	0.00324	0.00108	0.00541	0.00270	0.00216	0.00649
42	0.01889	0.02410	0.01433	0.01303	0.01563	0.80199	0.00977	0.02019	0.01433	0.01238	0.00782	0.00912	0.00651	0.00521	0.00456	0.00130	0.00912	0.00326	0.00261	0.00586
43	0.00648	0.00475	0.00608	0.00658	0.00735	0.00435	0.00462	0.00793	0.01150	0.01553	0.29198	0.45782	0.12918	0.01359	0.00623	0.00185	0.00270	0.01213	0.00499	0.00435
44	0.00722	0.00542	0.00813	0.00813	0.00903	0.00632	0.00632	0.00903	0.00813	0.01174	0.01354	0.01987	0.01264	0.03792	0.80225	0.00813	0.01354	0.00542	0.00271	0.00451
45	0.00996	0.00941	0.01591	0.70183	0.13991	0.01134	0.01425	0.01328	0.01031	0.01342	0.00906	0.01335	0.00692	0.00498	0.00505	0.00166	0.00664	0.00450	0.00228	0.00595
46	0.00616	0.00440	0.00587	0.00704	0.00733	0.00411	0.00469	0.00704	0.00968	0.01291	0.02787	0.81899	0.03344	0.01584	0.00645	0.00205	0.00293	0.01438	0.00469	0.00411
47	0.01126	0.00591	0.00681	0.00620	0.00795	0.00577	0.00478	0.01448	0.07186	0.14241	0.19309	0.02290	0.02100	0.00704	0.00446	0.00138	0.00280	0.00586	0.45846	0.00560
48	0.01223	0.01171	0.01988	0.04871	0.74646	0.01174	0.01509	0.01518	0.01148	0.01634	0.01090	0.01375	0.03417	0.00480	0.00504	0.00151	0.00591	0.00471	0.00257	0.00783
49	0.00804	0.00606	0.00837	0.00841	0.00966	0.00603	0.03353	0.01047	0.04083	0.03134	0.21547	0.19863	0.09399	0.01237	0.00680	0.00197	0.03765	0.26074	0.00476	0.00486
50	0.01113	0.01126	0.01660	0.01390	0.01430	0.01528	0.07011	0.01248	0.00807	0.01248	0.00692	0.01126	0.00672	0.00849	0.01577	0.00217	0.75064	0.00454	0.00224	0.00563

[dist]
# distance from previous block
# <min> <max>
0	1

[block]
# block no. 1 follows, 49 sequences, length 113
# corresponding to MSA columns:
# 233-345
name=unknown_B
#
# <colnr> <probs for GDERKNQSTAVLIFYWHMCP>
#	G	D	E	R	K	N	Q	S	T	A	V	L	I	F	Y	W	H	M	C	P
0	0.77690	0.01055	0.00815	0.00718	0.01035	0.03934	0.00588	0.06182	0.00974	0.02289	0.00738	0.00849	0.00571	0.00480	0.00330	0.00155	0.00420	0.00287	0.00323	0.00568
1	0.01871	0.06902	0.01546	0.01213	0.01549	0.40177	0.00963	0.35731	0.01831	0.02107	0.00970	0.01041	0.00745	0.00554	0.00470	0.00139	0.00730	0.00380	0.00368	0.00713
2	0.01252	0.01201	0.02053	0.03104	0.79074	0.01201	0.01552	0.01552	0.01151	0.01652	0.00951	0.01252	0.00801	0.00451	0.00501	0.00150	0.00601	0.00451	0.00250	0.00801
3	0.01456	0.00982	0.01527	0.01956	0.40147	0.00935	0.01100	0.01728	0.02404	0.24531	0.11521	0.01814	0.03469	0.00600	0.00514	0.00151	0.00484	0.00540	0.00412	0.03730
4	0.01226	0.28794	0.10153	0.09924	0.30021	0.01468	0.08655	0.01525	0.01091	0.01451	0.00865	0.01105	0.00717	0.00451	0.00449	0.00141	0.00627	0.00396	0.00233	0.00709
5	0.02260	0.00875	0.01183	0.00907	0.01298	0.00765	0.00749	0.04430	0.01472	0.77425	0.01974	0.01708	0.01241	0.00625	0.00508	0.00156	0.00434	0.00507	0.00623	0.00861
6	0.01014	0.02616	0.79609	0.01441	0.02189	0.01174	0.01868	0.01601	0.01068	0.01601	0.00907	0.01068	0.00641	0.00480	0.00480	0.00160	0.00747	0.00374	0.00214	0.00747
7	0.01140	0.01087	0.01850	0.32481	0.50571	0.01172	0.01496	0.01454	0.01099	0.01516	0.00931	0.01288	0.00753	0.00471	0.00502	0.00157	0.00628	0.00450	0.00241	0.00711
8	0.00614	0.00447	0.00580	0.00686	0.00729	0.00412	0.00461	0.00706	0.00985	0.01298	0.03005	0.74716	0.10387	0.01556	0.00641	0.00202	0.00290	0.01403	0.00469	0.00412
9	0.00660	0.00512	0.00600	0.00583	0.00722	0.00452	0.00435	0.00844	0.01291	0.01707	0.43305	0.07002	0.37742	0.01163	0.00599	0.00166	0.00248	0.01001	0.00515	0.00452
10	0.01252	0.01201	0.02053	0.03104	0.79074	0.01201	0.01552	0.01552	0.01151	0.01652	0.00951	0.01252	0.00801	0.00451	0.00501	0.00150	0.00601	0.00451	0.00250	0.00801
11	0.01889	0.02410	0.01433	0.01303	0.01563	0.80199	0.00977	0.02019	0.01433	0.01238	0.00782	0.00912	0.00651	0.00521	0.00456	0.00130	0.00912	0.00326	0.00261	0.00586
12	0.00600	0.00512	0.00516	0.00515	0.00685	0.00428	0.00386	0.00731	0.01159	0.01382	0.06902	0.04840	0.77080	0.01275	0.00598	0.00170	0.00256	0.01064	0.00472	0.00428
13	0.00598	0.00512	0.00512	0.00512	0.00683	0.00427	0.00384	0.00726	0.01153	0.01366	0.05123	0.04866	0.78869	0.01281	0.00598	0.00171	0.00256	0.01067	0.00470	0.00427
14	0.01252	0.01201	0.02053	0.03104	0.79074	0.01201	0.01552	0.01552	0.01151	0.01652	0.00951	0.01252	0.00801	0.00451	0.00501	0.00150	0.00601	0.00451	0.00250	0.00801
15	0.00598	0.00512	0.00512	0.00512	0.00683	0.00427	0.00384	0.00726	0.01153	0.01366	0.05123	0.04866	0.78869	0.01281	0.00598	0.00171	0.00256	0.01067	0.00470	0.00427
16	0.00716	0.00517	0.00676	0.00636	0.00755	0.00477	0.00477	0.00954	0.01431	0.02028	0.78808	0.03777	0.04771	0.01034	0.00596	0.00159	0.00239	0.00914	0.00557	0.00477
17	0.00598	0.00512	0.00512	0.00512	0.00683	0.00427	0.00384	0.00726	0.01153	0.01366	0.05123	0.04866	0.78869	0.01281	0.00598	0.00171	0.00256	0.01067	0.00470	0.00427
18	0.01252	0.01201	0.02053	0.03104	0.79074	0.01201	0.01552	0.01552	0.01151	0.01652	0.00951	0.01252	0.00801	0.00451	0.00501	0.00150	0.00601	0.00451	0.00250	0.00801
19	0.00600	0.00503	0.00521	0.00536	0.00689	0.00425	0.00395	0.00723	0.01130	0.01357	0.04834	0.14389	0.69533	0.01318	0.00604	0.00175	0.00261	0.01113	0.00470	0.00425
20	0.44203	0.00947	0.00975	0.00795	0.01148	0.00981	0.00656	0.05725	0.01199	0.36858	0.01308	0.01244	0.00879	0.00546	0.00410	0.00156	0.00417	0.00388	0.00463	0.00703
21	0.00695	0.00516	0.00648	0.00615	0.00743	0.00468	0.00461	0.00915	0.01383	0.01913	0.66045	0.03966	0.17605	0.01077	0.00597	0.00161	0.00242	0.00941	0.00542	0.00468
22	0.00616	0.00440	0.00587	0.00704	0.00733	0.00411	0.00469	0.00704	0.00968	0.01291	0.02787	0.81899	0.03344	0.01584	0.00645	0.00205	0.00293	0.01438	0.00469	0.00411
23	0.01094	0.01106	0.01553	0.01316	0.01356	0.02916	0.04763	0.01221	0.00830	0.01246	0.00958	0.01347	0.05488	0.00880	0.01520	0.00214	0.70914	0.00486	0.00239	0.00552
24	0.00992	0.00936	0.01583	0.71382	0.12827	0.01133	0.01423	0.01324	0.01028	0.01336	0.00905	0.01336	0.00690	0.00499	0.00505	0.00166	0.00665	0.00450	0.00228	0.00591
25	0.01889	0.02410	0.01433	0.01303	0.01563	0.80199	0.00977	0.02019	0.01433	0.01238	0.00782	0.00912	0.00651	0.00521	0.00456	0.00130	0.00912	0.00326	0.00261	0.00586
26	0.24310	0.06978	0.07183	0.01115	0.01437	0.48237	0.00922	0.01814	0.01227	0.01539	0.00765	0.00893	0.00623	0.00499	0.00411	0.00138	0.00737	0.00312	0.00268	0.00592
27	0.01134	0.01334	0.07410	0.01896	0.02373	0.01173	0.63099	0.01547	0.01197	0.01662	0.06878	0.01552	0.01085	0.00483	0.00578	0.00166	0.00770	0.00601	0.04400	0.00660
28	0.00709	0.00479	0.00559	0.00585	0.00591	0.00473	0.00342	0.00729	0.00786	0.01049	0.01855	0.20547	0.02169	0.64540	0.02151	0.00428	0.00447	0.00889	0.00342	0.00329
29	0.01800	0.01851	0.01417	0.01210	0.01526	0.40082	0.00943	0.28571	0.13940	0.02061	0.01136	0.01173	0.00866	0.00577	0.00483	0.00144	0.00706	0.00410	0.00387	0.00716
30	0.04000	0.10353	0.29394	0.01125	0.01650	0.01069	0.03869	0.01971	0.02371	0.35216	0.01371	0.01338	0.00923	0.00536	0.00473	0.00151	0.00568	0.00427	0.00403	0.02794
31	0.01243	0.38368	0.40242	0.01149	0.01734	0.01519	0.01349	0.01615	0.01073	0.06212	0.00883	0.00993	0.00682	0.00468	0.00412	0.00137	0.00635	0.00336	0.00240	0.00710
32	0.01014	0.02616	0.79609	0.01441	0.02189	0.01174	0.01868	0.01601	0.01068	0.01601	0.00907	0.01068	0.00641	0.00480	0.00480	0.00160	0.00747	0.00374	0.00214	0.00747
33	0.00736	0.00577	0.00788	0.00825	0.00919	0.00570	0.04373	0.01017	0.10539	0.01425	0.02663	0.61260	0.04947	0.01396	0.00629	0.00200	0.00344	0.05853	0.00464	0.00476
34	0.01166	0.01226	0.03486	0.18211	0.30781	0.01217	0.31884	0.01548	0.02482	0.01574	0.00988	0.01324	0.00773	0.00456	0.00540	0.00163	0.00715	0.00510	0.00251	0.00705
35	0.01214	0.07531	0.02052	0.04189	0.26209	0.07123	0.21329	0.01562	0.05867	0.01524	0.01177	0.04706	0.02980	0.00656	0.02669	0.00179	0.07544	0.00532	0.00278	0.00679
36	0.02063	0.00871	0.01144	0.00902	0.01266	0.00793	0.00736	0.02413	0.10930	0.65831	0.06009	0.01849	0.01471	0.00655	0.00514	0.00158	0.00417	0.00538	0.00608	0.00833
37	0.01187	0.28017	0.49273	0.01248	0.01858	0.07361	0.01482	0.01605	0.01082	0.01443	0.00833	0.00974	0.00644	0.00468	0.00429	0.00141	0.00694	0.00337	0.00218	0.00704
38	0.01209	0.01235	0.01311	0.24187	0.08885	0.18961	0.01027	0.01702	0.17875	0.01544	0.07306	0.07679	0.01404	0.00752	0.02604	0.00178	0.00617	0.00561	0.00343	0.00620
39	0.00735	0.00490	0.00552	0.00552	0.00552	0.00490	0.00306	0.00735	0.00735	0.00980	0.01593	0.03309	0.01838	0.82229	0.02574	0.00490	0.00490	0.00735	0.00306	0.00306
40	0.01074	0.01006	0.01697	0.32198	0.40908	0.01102	0.01383	0.01374	0.01057	0.01457	0.00981	0.01379	0.00810	0.00884	0.10358	0.00239	0.00722	0.00461	0.00243	0.00668
41	0.01231	0.01018	0.01641	0.38114	0.10328	0.01119	0.10589	0.11028	0.02546	0.08397	0.06630	0.01594	0.02388	0.00566	0.00525	0.00163	0.00611	0.00519	0.00333	0.00660
42	0.01252	0.01201	0.02053	0.03104	0.79074	0.01201	0.01552	0.01552	0.01151	0.01652	0.00951	0.01252	0.00801	0.00451	0.00501	0.00150	0.00601	0.00451	0.00250	0.00801
43	0.00735	0.00490	0.00552	0.00552	0.00552	0.00490	0.00306	0.00735	0.00735	0.00980	0.01593	0.03309	0.01838	0.82229	0.02574	0.00490	0.00490	0.00735	0.00306	0.00306
44	0.01168	0.01292	0.02696	0.01961	0.02420	0.01241	0.66009	0.01646	0.06943	0.01632	0.01178	0.05315	0.00948	0.00513	0.00618	0.00173	0.02655	0.00632	0.00285	0.00675
45	0.01522	0.01695	0.01388	0.01445	0.13050	0.38547	0.00977	0.02094	0.25594	0.01625	0.06018	0.01447	0.01209	0.00594	0.00490	0.00148	0.00662	0.00458	0.00357	0.00679
46	0.00993	0.00820	0.00914	0.00895	0.01075	0.00908	0.00664	0.01869	0.46308	0.01775	0.02359	0.34903	0.02287	0.01057	0.00569	0.00185	0.00356	0.00929	0.00496	0.00640
47	0.01194	0.01364	0.02984	0.02131	0.02643	0.01279	0.77238	0.01620	0.01194	0.01620	0.01023	0.01364	0.00767	0.00426	0.00597	0.00171	0.00853	0.00597	0.00256	0.00682
48	0.00716	0.00511	0.00701	0.00818	0.00891	0.00496	0.00642	0.00876	0.01066	0.01402	0.02732	0.43749	0.03127	0.01490	0.00672	0.00219	0.00380	0.38605	0.00468	0.00438
49	0.02073	0.01174	0.01368	0.01049	0.01447	0.01209	0.00866	0.44781	0.01973	0.36366	0.01554	0.01435	0.01030	0.00615	0.00507	0.00154	0.00502	0.00478	0.00558	0.00860
50	0.00720	0.00585	0.00615	0.00604	0.00772	0.00496	0.00446	0.00842	0.01262	0.01576	0.18574	0.04743	0.64305	0.01287	0.00636	0.00186	0.00288	0.01061	0.00515	0.00487
51	0.00604	0.00497	0.00532	0.00557	0.00696	0.00425	0.00405	0.00726	0.01119	0.01365	0.06317	0.21738	0.60587	0.01342	0.00608	0.00178	0.00264	0.01145	0.00472	0.00425
52	0.01922	0.01416	0.01518	0.01163	0.01568	0.01568	0.00961	0.77388	0.02378	0.03187	0.01214	0.01214	0.00860	0.00607	0.00506	0.00152	0.00556	0.00455	0.00506	0.00860
53	0.00735	0.00490	0.00552	0.00552	0.00552	0.00490	0.00306	0.00735	0.00735	0.00980	0.01593	0.03309	0.01838	0.82229	0.02574	0.00490	0.00490	0.00735	0.00306	0.00306
54	0.00768	0.00600	0.00864	0.00839	0.00908	0.00719	0.00646	0.00918	0.00799	0.01155	0.01305	0.02050	0.01267	0.13158	0.61687	0.00706	0.10344	0.00554	0.00270	0.00445
55	0.01014	0.02616	0.79609	0.01441	0.02189	0.01174	0.01868	0.01601	0.01068	0.01601	0.00907	0.01068	0.00641	0.00480	0.00480	0.00160	0.00747	0.00374	0.00214	0.00747
56	0.00712	0.00514	0.00673	0.00639	0.00755	0.00475	0.00477	0.00945	0.01415	0.02002	0.76142	0.06517	0.04721	0.01053	0.00598	0.00161	0.00240	0.00933	0.00554	0.00475
57	0.01327	0.76542	0.08419	0.00908	0.01365	0.01939	0.00940	0.01521	0.01030	0.01221	0.00718	0.00830	0.00648	0.00436	0.00336	0.00112	0.00556	0.00278	0.00216	0.00656
58	0.00729	0.00515	0.00679	0.00679	0.00723	0.00559	0.00465	0.00817	0.00773	0.01075	0.01477	0.02665	0.01559	0.44011	0.40409	0.00647	0.00911	0.00641	0.00289	0.00377
59	0.01727	0.01319	0.01408	0.01124	0.01494	0.01477	0.00914	0.55448	0.24636	0.02872	0.01462	0.01412	0.01061	0.00630	0.00508	0.00158	0.00511	0.00489	0.00508	0.00842
60	0.00735	0.00490	0.00552	0.00552	0.00552	0.00490	0.00306	0.00735	0.00735	0.00980	0.01593	0.03309	0.01838	0.82229	0.02574	0.00490	0.00490	0.00735	0.00306	0.00306
61	0.01352	0.82533	0.02650	0.00865	0.01298	0.02001	0.00865	0.01514	0.01027	0.01190	0.00703	0.00811	0.00649	0.00433	0.00324	0.00108	0.00541	0.00270	0.00216	0.00649
62	0.00615	0.00445	0.00582	0.00692	0.00730	0.00412	0.00464	0.00705	0.00980	0.01295	0.02931	0.77152	0.07998	0.01566	0.00642	0.00203	0.00291	0.01415	0.00469	0.00412
63	0.05950	0.01343	0.01184	0.00978	0.01300	0.24296	0.00771	0.04447	0.01287	0.20469	0.01434	0.01456	0.06687	0.00591	0.00529	0.00134	0.05532	0.00429	0.00383	0.20800
64	0.00722	0.00542	0.00813	0.00813	0.00903	0.00632	0.00632	0.00903	0.00813	0.01174	0.01354	0.01987	0.01264	0.03792	0.80225	0.00813	0.01354	0.00542	0.00271	0.00451
65	0.00621	0.00443	0.00592	0.00710	0.00741	0.00415	0.00478	0.00712	0.00973	0.01296	0.02784	0.80059	0.03334	0.01580	0.00647	0.00206	0.00298	0.03230	0.00469	0.00412
66	0.01153	0.01300	0.02817	0.02032	0.02510	0.01218	0.71888	0.01556	0.01178	0.01597	0.01146	0.06976	0.00947	0.00507	0.00600	0.00173	0.00814	0.00655	0.00271	0.00663
67	0.01277	0.01299	0.04056	0.02970	0.73177	0.05156	0.01531	0.01577	0.01163	0.01630	0.00942	0.01230	0.00789	0.00455	0.00498	0.00149	0.00620	0.00442	0.00250	0.00789
68	0.01782	0.01261	0.01381	0.01090	0.01448	0.01374	0.00887	0.63292	0.02146	0.07650	0.01457	0.11219	0.01191	0.00729	0.00523	0.00159	0.00516	0.00580	0.00509	0.00804
69	0.00605	0.00485	0.00540	0.00585	0.00702	0.00421	0.00416	0.00718	0.01083	0.01338	0.04242	0.33913	0.50391	0.01395	0.00616	0.00184	0.00270	0.01207	0.00470	0.00421
70	0.10224	0.00985	0.01340	0.06949	0.04302	0.00986	0.07342	0.06780	0.11850	0.39321	0.01617	0.01552	0.01098	0.00584	0.00493	0.00159	0.00485	0.00491	0.02670	0.00772
71	0.01093	0.21230	0.61684	0.01307	0.01981	0.01367	0.01635	0.01581	0.01058	0.01506	0.00860	0.01008	0.00643	0.00469	0.00444	0.00148	0.00699	0.00350	0.00214	0.00724
72	0.01414	0.00977	0.01061	0.00867	0.01136	0.01049	0.00697	0.41201	0.01825	0.02597	0.16335	0.01898	0.01739	0.00684	0.00481	0.00144	0.00405	0.00549	0.24265	0.00677
73	0.01103	0.03433	0.01985	0.20274	0.02211	0.01384	0.23058	0.01359	0.00958	0.01350	0.00823	0.01229	0.00696	0.00651	0.01045	0.00191	0.36940	0.00484	0.00232	0.00595
74	0.07663	0.05192	0.07235	0.01120	0.03440	0.02328	0.10267	0.14416	0.04918	0.11831	0.15521	0.02074	0.01748	0.05702	0.00645	0.00180	0.00511	0.04122	0.00424	0.00664
75	0.01425	0.00687	0.00903	0.00820	0.01035	0.00633	0.00622	0.03569	0.05085	0.36536	0.02354	0.39742	0.02249	0.01083	0.00574	0.00180	0.00367	0.00951	0.00543	0.00644
76	0.00616	0.00440	0.00587	0.00704	0.00733	0.00411	0.00469	0.00704	0.00968	0.01291	0.02787	0.81899	0.03344	0.01584	0.00645	0.00205	0.00293	0.01438	0.00469	0.00411
77	0.01186	0.01135	0.01935	0.20193	0.62494	0.01184	0.01520	0.01495	0.01121	0.01573	0.00940	0.01273	0.00773	0.00463	0.00502	0.00154	0.00617	0.00450	0.00245	0.00749
78	0.01735	0.01474	0.11154	0.01199	0.01631	0.01395	0.03722	0.54456	0.04052	0.08024	0.01318	0.01478	0.00977	0.00628	0.00516	0.00158	0.00573	0.04223	0.00467	0.00819
79	0.00703	0.00502	0.00526	0.00520	0.00670	0.00446	0.00390	0.00875	0.01169	0.01595	0.14928	0.03946	0.48289	0.01068	0.00535	0.00156	0.00248	0.00893	0.22097	0.00446
80	0.00708	0.00517	0.00666	0.00629	0.00751	0.00474	0.00471	0.00940	0.01414	0.01987	0.74267	0.03844	0.09337	0.01049	0.00596	0.00160	0.00240	0.00924	0.00551	0.00474
81	0.01168	0.04531	0.04198	0.05523	0.06793	0.01124	0.39013	0.07153	0.01320	0.03993	0.18099	0.01854	0.01655	0.00586	0.00563	0.00162	0.00644	0.00618	0.00346	0.00657
82	0.01118	0.01019	0.01372	0.42762	0.04438	0.04868	0.01093	0.08310	0.01171	0.01577	0.00959	0.02724	0.00765	0.00496	0.00467	0.00138	0.00578	0.00418	0.00279	0.25448
83	0.01106	0.01106	0.01549	0.01328	0.01328	0.01549	0.01106	0.01217	0.00774	0.01217	0.00664	0.01106	0.00664	0.00885	0.01659	0.00221	0.81303	0.00443	0.00221	0.00553
84	0.00616	0.00440	0.00587	0.00704	0.00733	0.00411	0.00469	0.00704	0.00968	0.01291	0.02787	0.81899	0.03344	0.01584	0.00645	0.00205	0.00293	0.01438	0.00469	0.00411
85	0.01308	0.01111	0.01171	0.01039	0.01334	0.01281	0.00812	0.08287	0.72480	0.02196	0.01995	0.01836	0.01492	0.00680	0.00514	0.00170	0.00412	0.00563	0.00514	0.00805
86	0.01238	0.48419	0.32753	0.01106	0.01656	0.04419	0.01262	0.01566	0.01057	0.01353	0.00786	0.00915	0.00646	0.00454	0.00390	0.00129	0.00635	0.00313	0.00217	0.00685
87	0.01252	0.01201	0.02053	0.03104	0.79074	0.01201	0.01552	0.01552	0.01151	0.01652	0.00951	0.01252	0.00801	0.00451	0.00501	0.00150	0.00601	0.00451	0.00250	0.00801
88	0.01922	0.01416	0.01518	0.01163	0.01568	0.01568	0.00961	0.77388	0.02378	0.03187	0.01214	0.01214	0.00860	0.00607	0.00506	0.00152	0.00556	0.00455	0.00506	0.00860
89	0.00619	0.00455	0.00581	0.00680	0.00734	0.00418	0.00466	0.00717	0.01003	0.01309	0.03153	0.67567	0.15273	0.01531	0.00639	0.00201	0.00292	0.03477	0.00469	0.00415
90	0.53638	0.01242	0.00955	0.00845	0.01140	0.14624	0.00672	0.11894	0.01174	0.02145	0.00943	0.06969	0.00818	0.00581	0.00389	0.00155	0.00495	0.00395	0.00342	0.00587
91	0.00977	0.00921	0.01557	0.75173	0.09150	0.01129	0.01415	0.01311	0.01022	0.01319	0.00903	0.01341	0.00684	0.00501	0.00505	0.00167	0.00669	0.00449	0.00227	0.00580
92	0.00605	0.00513	0.00522	0.00520	0.00687	0.00430	0.00390	0.00740	0.01170	0.01407	0.09663	0.04799	0.74303	0.01265	0.00598	0.00170	0.00255	0.01058	0.00475	0.00430
93	0.01333	0.76929	0.05847	0.00925	0.01373	0.01946	0.03065	0.01521	0.01034	0.01219	0.00721	0.00837	0.00652	0.00434	0.00339	0.00112	0.00558	0.00284	0.00217	0.00654
94	0.01034	0.07269	0.75128	0.01408	0.02137	0.01222	0.01810	0.01596	0.01065	0.01577	0.00896	0.01053	0.00641	0.00478	0.00471	0.00157	0.00735	0.00368	0.00214	0.00742
95	0.00694	0.00516	0.00646	0.00613	0.00742	0.00468	0.00460	0.00912	0.01380	0.01905	0.65158	0.03979	0.18497	0.01080	0.00597	0.00161	0.00242	0.00943	0.00541	0.00468
96	0.00735	0.00490	0.00552	0.00552	0.00552	0.00490	0.00306	0.00735	0.00735	0.00980	0.01593	0.03309	0.01838	0.82229	0.02574	0.00490	0.00490	0.00735	0.00306	0.00306
97	0.03549	0.45904	0.23679	0.01180	0.06341	0.05576	0.01177	0.01605	0.01080	0.04603	0.00832	0.00952	0.00678	0.00460	0.00392	0.00129	0.00612	0.00323	0.00239	0.00688
98	0.00997	0.00735	0.00801	0.00732	0.00845	0.00792	0.00496	0.10639	0.17921	0.01502	0.01648	0.02738	0.01653	0.54253	0.01866	0.00378	0.00479	0.00665	0.00377	0.00483
99	0.00726	0.00486	0.00554	0.00563	0.00565	0.00484	0.00319	0.00733	0.00753	0.01004	0.01683	0.09201	0.01951	0.76183	0.02429	0.00469	0.00475	0.00788	0.00319	0.00314
100	0.31643	0.01188	0.01138	0.07095	0.01432	0.09167	0.00795	0.16604	0.07176	0.17382	0.01182	0.01205	0.00842	0.00551	0.00433	0.00155	0.00506	0.00396	0.00415	0.00694
101	0.01320	0.59418	0.19034	0.01021	0.01508	0.07686	0.01088	0.01571	0.01066	0.01281	0.00753	0.00874	0.00647	0.00449	0.00368	0.00121	0.00613	0.00297	0.00219	0.00665
102	0.03742	0.06254	0.12304	0.00985	0.01420	0.01061	0.00906	0.12931	0.11828	0.21610	0.03369	0.01409	0.01077	0.00552	0.00463	0.00138	0.00478	0.00436	0.00431	0.18605
103	0.02955	0.01059	0.01411	0.01259	0.08251	0.01102	0.06594	0.14367	0.19079	0.26283	0.05610	0.03054	0.01357	0.00654	0.00575	0.00164	0.04412	0.00546	0.00489	0.00781
104	0.00631	0.00446	0.00582	0.00685	0.00711	0.00421	0.00449	0.00708	0.00939	0.01252	0.02639	0.72184	0.03158	0.11553	0.00884	0.00241	0.00318	0.01351	0.00449	0.00398
105	0.00616	0.00440	0.00587	0.00704	0.00733	0.00411	0.00469	0.00704	0.00968	0.01291	0.02787	0.81899	0.03344	0.01584	0.00645	0.00205	0.00293	0.01438	0.00469	0.00411
106	0.01014	0.02616	0.79609	0.01441	0.02189	0.01174	0.01868	0.01601	0.01068	0.01601	0.00907	0.01068	0.00641	0.00480	0.00480	0.00160	0.00747	0.00374	0.00214	0.00747
107	0.01347	0.01063	0.01147	0.01012	0.01299	0.01199	0.00791	0.11751	0.58228	0.06646	0.02008	0.08153	0.01585	0.00744	0.00524	0.00171	0.00413	0.00622	0.00516	0.00780
108	0.02037	0.00820	0.01095	0.00865	0.01219	0.00717	0.00704	0.02254	0.03414	0.67743	0.02270	0.05862	0.07180	0.00723	0.00522	0.00160	0.00410	0.00597	0.00604	0.00805
109	0.00735	0.00490	0.00552	0.00552	0.00552	0.00490	0.00306	0.00735	0.00735	0.00980	0.01593	0.03309	0.01838	0.82229	0.02574	0.00490	0.00490	0.00735	0.00306	0.00306
110	0.01085	0.01031	0.01751	0.46957	0.36525	0.01158	0.01469	0.01406	0.01072	0.01449	0.00922	0.01306	0.00730	0.00482	0.00503	0.00161	0.00642	0.00450	0.00236	0.00666
111	0.01345	0.01089	0.01683	0.03328	0.01724	0.00995	0.22835	0.11038	0.04048	0.11556	0.01264	0.01383	0.02921	0.00488	0.00486	0.00131	0.00548	0.00465	0.00364	0.32308
112	0.01423	0.63225	0.05579	0.00963	0.01372	0.16171	0.00919	0.01596	0.01105	0.01219	0.00802	0.00910	0.01999	0.00465	0.00360	0.00115	0.00612	0.00298	0.00229	0.00638

[dist]
# distance from previous block
# <min> <max>
0	1

[block]
# block no. 2 follows, 49 sequences, length 22
# corresponding to MSA columns:
# 347-356,358-369
name=unknown_C
#
# <colnr> <probs for GDERKNQSTAVLIFYWHMCP>
#	G	D	E	R	K	N	Q	S	T	A	V	L	I	F	Y	W	H	M	C	P
0	0.11648	0.01366	0.01428	0.01106	0.01500	0.01518	0.00913	0.68588	0.02202	0.03080	0.01155	0.01169	0.00824	0.00591	0.00483	0.00152	0.00537	0.00434	0.00483	0.00824
1	0.01057	0.00926	0.01163	0.00831	0.01284	0.00710	0.05130	0.01294	0.01057	0.01646	0.00906	0.01067	0.00750	0.00378	0.00388	0.00081	0.00403	0.00317	0.00297	0.80317
2	0.00794	0.00646	0.00949	0.00908	0.00982	0.00802	0.00720	0.00961	0.00806	0.01182	0.01226	0.01823	0.01153	0.03254	0.65665	0.00703	0.16171	0.00523	0.00262	0.00470
3	0.01058	0.00959	0.01518	0.69737	0.03202	0.01186	0.01348	0.08938	0.01139	0.01479	0.00921	0.01325	0.00692	0.00531	0.00553	0.00169	0.03951	0.00450	0.00253	0.00591
4	0.01132	0.30528	0.52730	0.01240	0.01877	0.01463	0.01518	0.01571	0.01054	0.01458	0.00836	0.00978	0.00643	0.00464	0.00426	0.00142	0.00675	0.00338	0.00214	0.00713
5	0.00664	0.00497	0.00617	0.00625	0.00734	0.00449	0.00454	0.00840	0.01253	0.01694	0.43179	0.23398	0.21289	0.01226	0.00609	0.00173	0.00256	0.01079	0.00515	0.00449
6	0.00809	0.00578	0.00807	0.00914	0.01030	0.00576	0.00795	0.01042	0.01180	0.01544	0.07226	0.05589	0.03021	0.01375	0.00692	0.00228	0.00452	0.71205	0.00471	0.00466
7	0.37284	0.19782	0.06736	0.00833	0.01197	0.01212	0.00774	0.01628	0.01047	0.15454	0.01143	0.01485	0.00939	0.00582	0.00400	0.00153	0.00465	0.07900	0.00354	0.00632
8	0.01406	0.01252	0.01921	0.02704	0.63475	0.04433	0.01421	0.09249	0.01304	0.06436	0.01033	0.01262	0.00828	0.00480	0.00500	0.00150	0.00599	0.00449	0.00299	0.00802
9	0.00599	0.00505	0.00520	0.00532	0.00688	0.00425	0.00393	0.00724	0.01134	0.01358	0.04888	0.12610	0.71277	0.01311	0.00602	0.00174	0.00260	0.01104	0.00470	0.00425
10	0.00737	0.00511	0.00645	0.00612	0.00733	0.00474	0.00459	0.00970	0.01376	0.01983	0.66690	0.03605	0.07558	0.00993	0.00568	0.00155	0.00239	0.00870	0.10348	0.00474
11	0.01714	0.01121	0.10237	0.00975	0.01354	0.00934	0.00870	0.15678	0.07404	0.37483	0.11217	0.04260	0.03032	0.00701	0.00522	0.00159	0.00457	0.00576	0.00532	0.00775
12	0.01352	0.82533	0.02650	0.00865	0.01298	0.02001	0.00865	0.01514	0.01027	0.01190	0.00703	0.00811	0.00649	0.00433	0.00324	0.00108	0.00541	0.00270	0.00216	0.00649
13	0.00608	0.00471	0.00555	0.00623	0.00712	0.00418	0.00433	0.00713	0.01046	0.01323	0.03778	0.49199	0.35404	0.01455	0.00625	0.00191	0.00278	0.01280	0.00469	0.00418
14	0.01889	0.02410	0.01433	0.01303	0.01563	0.80199	0.00977	0.02019	0.01433	0.01238	0.00782	0.00912	0.00651	0.00521	0.00456	0.00130	0.00912	0.00326	0.00261	0.00586
15	0.01483	0.01140	0.01653	0.02091	0.41441	0.01174	0.01194	0.09159	0.18701	0.14621	0.01397	0.01468	0.01048	0.00547	0.00506	0.00156	0.00523	0.00488	0.00396	0.00816
16	0.01932	0.00852	0.01097	0.00863	0.01211	0.00771	0.00705	0.09690	0.01506	0.57341	0.07608	0.02178	0.10456	0.00728	0.00525	0.00158	0.00409	0.00596	0.00591	0.00784
17	0.00772	0.00551	0.00765	0.00882	0.00980	0.00545	0.00740	0.00973	0.01122	0.01465	0.02701	0.22198	0.03004	0.01437	0.00687	0.00227	0.00428	0.59602	0.00466	0.00454
18	0.01098	0.22541	0.60421	0.01298	0.01967	0.01380	0.01618	0.01580	0.01058	0.01499	0.00856	0.01004	0.00643	0.00469	0.00442	0.00147	0.00696	0.00348	0.00214	0.00723
19	0.01415	0.01598	0.09451	0.01335	0.01709	0.19391	0.15118	0.07659	0.28974	0.03224	0.01455	0.01544	0.02361	0.00594	0.00517	0.00160	0.00647	0.01751	0.00378	0.00718
20	0.70250	0.01243	0.00871	0.00783	0.01086	0.15787	0.00627	0.01585	0.00967	0.02078	0.00718	0.00838	0.00567	0.00479	0.00339	0.00152	0.00488	0.00283	0.00303	0.00555
21	0.01289	0.67722	0.16912	0.00972	0.01463	0.01848	0.01051	0.01530	0.01035	0.01266	0.00741	0.00859	0.00647	0.00441	0.00353	0.00118	0.00579	0.00290	0.00216	0.00667

[dist]
# distance from previous block
# <min> <max>
0	27

# created by:
# /st0/software/busco_prod/Augustus/scripts/msa2prfl.pl ./align_prep/57770.fa
