[name]
unknown

[dist]
# distance from previous block
# <min> <max>
0	105

[block]
# block no. 0 follows, 51 sequences, length 45
# corresponding to MSA columns:
# 117-161
name=unknown_A
#
# <colnr> <probs for GDERKNQSTAVLIFYWHMCP>
#	G	D	E	R	K	N	Q	S	T	A	V	L	I	F	Y	W	H	M	C	P
0	0.01043	0.03753	0.01155	0.00978	0.01170	0.07649	0.06951	0.08915	0.01166	0.01514	0.03543	0.07276	0.05884	0.12498	0.00924	0.00218	0.07497	0.20815	0.00363	0.06688
1	0.05676	0.26056	0.07906	0.00848	0.01158	0.08542	0.00772	0.01454	0.04005	0.08265	0.28102	0.01929	0.02092	0.00661	0.00452	0.00137	0.00452	0.00523	0.00378	0.00593
2	0.01523	0.15088	0.01259	0.00807	0.01088	0.00965	0.00655	0.11423	0.01261	0.30552	0.04556	0.01888	0.01323	0.19737	0.03733	0.00239	0.00489	0.00511	0.00431	0.02473
3	0.00750	0.00701	0.05213	0.00711	0.00933	0.00530	0.00576	0.00921	0.01026	0.01404	0.02619	0.30204	0.20494	0.01063	0.00537	0.00155	0.00337	0.06946	0.00395	0.24482
4	0.01130	0.01154	0.02115	0.15538	0.31534	0.01228	0.25000	0.01438	0.01055	0.01475	0.00896	0.01245	0.00728	0.00502	0.00683	0.00165	0.12729	0.00480	0.00237	0.00668
5	0.01260	0.69834	0.15295	0.00933	0.01403	0.01813	0.01001	0.01485	0.01005	0.01222	0.00716	0.00829	0.00629	0.00428	0.00340	0.00113	0.00558	0.00279	0.00210	0.00646
6	0.00603	0.00431	0.00574	0.00682	0.00714	0.00402	0.00456	0.00694	0.00959	0.01283	0.05746	0.79290	0.03305	0.01518	0.00625	0.00198	0.00283	0.01377	0.00460	0.00402
7	0.01453	0.61494	0.02260	0.00954	0.01330	0.22976	0.00870	0.01602	0.01104	0.01169	0.00704	0.00814	0.00631	0.00443	0.00349	0.00111	0.00622	0.00277	0.00222	0.00614
8	0.00830	0.01184	0.19271	0.01126	0.01506	0.00802	0.21386	0.01135	0.01118	0.01459	0.04524	0.02959	0.38972	0.00841	0.00555	0.00163	0.00512	0.00759	0.00346	0.00553
9	0.01273	0.00839	0.01121	0.18216	0.04707	0.00794	0.00806	0.05849	0.01203	0.20957	0.01870	0.01905	0.14530	0.00621	0.00473	0.00135	0.00439	0.00517	0.00392	0.23353
10	0.01216	0.01168	0.01995	0.03016	0.79664	0.01168	0.01508	0.01508	0.01119	0.01605	0.00924	0.01216	0.00778	0.00438	0.00487	0.00146	0.00584	0.00438	0.00243	0.00778
11	0.00625	0.00448	0.00593	0.00667	0.00718	0.00416	0.00458	0.00749	0.01061	0.01446	0.23175	0.61397	0.03620	0.01397	0.00615	0.00188	0.00271	0.01261	0.00479	0.00416
12	0.01520	0.00777	0.01076	0.00904	0.01128	0.00813	0.00736	0.01689	0.01113	0.41034	0.01711	0.01802	0.05319	0.01507	0.22118	0.00334	0.14803	0.00521	0.00440	0.00656
13	0.00986	0.02542	0.80183	0.01401	0.02127	0.01141	0.01816	0.01556	0.01038	0.01556	0.00882	0.01038	0.00623	0.00467	0.00467	0.00156	0.00726	0.00363	0.00208	0.00726
14	0.00599	0.00428	0.00570	0.00684	0.00713	0.00399	0.00456	0.00684	0.00941	0.01254	0.02709	0.82409	0.03250	0.01540	0.00627	0.00200	0.00285	0.01397	0.00456	0.00399
15	0.01202	0.01153	0.01969	0.06830	0.75959	0.01164	0.01501	0.01496	0.01112	0.01588	0.00922	0.01221	0.00772	0.00440	0.00487	0.00147	0.00587	0.00438	0.00242	0.00767
16	0.01047	0.02175	0.59318	0.01832	0.22818	0.01148	0.01734	0.01543	0.01059	0.01569	0.00893	0.01085	0.00664	0.00459	0.00472	0.00153	0.00688	0.00383	0.00217	0.00740
17	0.01314	0.00623	0.00808	0.00689	0.00906	0.00562	0.00542	0.01530	0.01334	0.31961	0.36082	0.02583	0.02734	0.00777	0.00506	0.00147	0.00303	0.00662	0.15330	0.00606
18	0.00715	0.00476	0.00536	0.00536	0.00536	0.00476	0.00298	0.00715	0.00715	0.00953	0.01548	0.03216	0.01787	0.82729	0.02501	0.00476	0.00476	0.00715	0.00298	0.00298
19	0.01235	0.00996	0.00918	0.00837	0.01035	0.13188	0.00637	0.14506	0.11844	0.04575	0.04843	0.17535	0.01651	0.00788	0.00476	0.00149	0.00423	0.00651	0.23128	0.00585
20	0.00599	0.00428	0.00570	0.00684	0.00713	0.00399	0.00456	0.00684	0.00941	0.01254	0.02709	0.82409	0.03250	0.01540	0.00627	0.00200	0.00285	0.01397	0.00456	0.00399
21	0.00705	0.00472	0.00539	0.00548	0.00551	0.00470	0.00311	0.00712	0.00733	0.00978	0.01644	0.09724	0.01907	0.76058	0.02347	0.00454	0.00461	0.00771	0.00311	0.00306
22	0.01314	0.83025	0.02575	0.00841	0.01261	0.01945	0.00841	0.01472	0.00999	0.01156	0.00683	0.00788	0.00631	0.00420	0.00315	0.00105	0.00526	0.00263	0.00210	0.00631
23	0.00914	0.00766	0.00980	0.00930	0.01103	0.00818	0.06223	0.01582	0.33927	0.01628	0.02279	0.38352	0.02305	0.01079	0.00573	0.00185	0.00377	0.04939	0.00460	0.00581
24	0.01441	0.63437	0.02288	0.00944	0.01324	0.21079	0.00867	0.01591	0.01094	0.01167	0.00702	0.00812	0.00631	0.00441	0.00346	0.00110	0.00613	0.00276	0.00221	0.00616
25	0.32059	0.00997	0.00820	0.00724	0.00968	0.10562	0.00573	0.11757	0.01185	0.03830	0.01119	0.01252	0.00862	0.00526	0.00365	0.00135	0.00410	0.00370	0.30929	0.00558
26	0.01314	0.83025	0.02575	0.00841	0.01261	0.01945	0.00841	0.01472	0.00999	0.01156	0.00683	0.00788	0.00631	0.00420	0.00315	0.00105	0.00526	0.00263	0.00210	0.00631
27	0.86201	0.00950	0.00722	0.00646	0.00950	0.01102	0.00532	0.01445	0.00836	0.02205	0.00684	0.00798	0.00532	0.00456	0.00304	0.00152	0.00380	0.00266	0.00304	0.00532
28	0.00648	0.00459	0.00586	0.00633	0.00682	0.00433	0.00425	0.00757	0.01022	0.01391	0.23459	0.43414	0.04882	0.17712	0.00990	0.00242	0.00308	0.01114	0.00447	0.00397
29	0.00581	0.00498	0.00498	0.00498	0.00664	0.00415	0.00373	0.00705	0.01120	0.01328	0.04978	0.04729	0.79464	0.01245	0.00581	0.00166	0.00249	0.01037	0.00456	0.00415
30	0.01742	0.19952	0.01725	0.01065	0.01464	0.01620	0.00913	0.60609	0.02012	0.02656	0.01067	0.01091	0.00789	0.00551	0.00452	0.00138	0.00537	0.00402	0.00428	0.00789
31	0.01381	0.03198	0.20972	0.03668	0.39579	0.01075	0.01387	0.01716	0.01159	0.19413	0.01138	0.01269	0.00834	0.00484	0.00480	0.00149	0.00581	0.00429	0.00316	0.00771
32	0.01323	0.28128	0.20406	0.01338	0.01832	0.08158	0.21623	0.01646	0.01122	0.08650	0.00935	0.01079	0.00714	0.00454	0.00448	0.00139	0.00674	0.00397	0.00260	0.00675
33	0.01314	0.83025	0.02575	0.00841	0.01261	0.01945	0.00841	0.01472	0.00999	0.01156	0.00683	0.00788	0.00631	0.00420	0.00315	0.00105	0.00526	0.00263	0.00210	0.00631
34	0.00598	0.00431	0.00566	0.00674	0.00710	0.00400	0.00452	0.00685	0.00950	0.01258	0.02828	0.78307	0.07274	0.01524	0.00625	0.00198	0.00283	0.01378	0.00456	0.00400
35	0.01013	0.00960	0.01627	0.58445	0.25825	0.01114	0.01407	0.01330	0.01023	0.01359	0.00888	0.01283	0.00691	0.00476	0.00490	0.00159	0.00634	0.00437	0.00226	0.00614
36	0.05279	0.01155	0.01124	0.00966	0.01141	0.22081	0.10251	0.05344	0.01069	0.01300	0.01379	0.02244	0.04686	0.36848	0.01376	0.00292	0.00618	0.02082	0.00301	0.00465
37	0.01222	0.01056	0.01111	0.01000	0.01278	0.01222	0.00778	0.02611	0.78776	0.02056	0.02000	0.01833	0.01500	0.00667	0.00500	0.00167	0.00389	0.00556	0.00500	0.00778
38	0.00710	0.00493	0.00621	0.00621	0.00651	0.00523	0.00404	0.00769	0.00740	0.01016	0.01471	0.02785	0.01599	0.56205	0.28769	0.00582	0.00758	0.00652	0.00286	0.00345
39	0.14297	0.00874	0.01072	0.01067	0.06815	0.00961	0.04465	0.01665	0.27528	0.04837	0.01797	0.23143	0.01701	0.00862	0.00569	0.00175	0.04698	0.02444	0.00415	0.00615
40	0.01719	0.00945	0.01126	0.00937	0.01266	0.00969	0.00750	0.02502	0.39655	0.41469	0.01969	0.01752	0.01357	0.00637	0.00497	0.00159	0.00404	0.00525	0.00555	0.00807
41	0.00632	0.00452	0.00609	0.00723	0.00766	0.00428	0.00515	0.00742	0.00974	0.01292	0.02690	0.69045	0.03177	0.01508	0.00636	0.00204	0.00314	0.14429	0.00456	0.00408
42	0.86201	0.00950	0.00722	0.00646	0.00950	0.01102	0.00532	0.01445	0.00836	0.02205	0.00684	0.00798	0.00532	0.00456	0.00304	0.00152	0.00380	0.00266	0.00304	0.00532
43	0.01210	0.01207	0.02822	0.01006	0.01228	0.21716	0.04896	0.09664	0.05982	0.01741	0.19134	0.04026	0.02097	0.00867	0.02148	0.00172	0.00549	0.13741	0.05229	0.00563
44	0.01157	0.34336	0.41712	0.01217	0.01791	0.04270	0.06277	0.01538	0.01042	0.01387	0.00806	0.00952	0.00634	0.00447	0.00413	0.00135	0.00659	0.00336	0.00213	0.00679

[dist]
# distance from previous block
# <min> <max>
0	1

[block]
# block no. 1 follows, 51 sequences, length 13
# corresponding to MSA columns:
# 163-175
name=unknown_B
#
# <colnr> <probs for GDERKNQSTAVLIFYWHMCP>
#	G	D	E	R	K	N	Q	S	T	A	V	L	I	F	Y	W	H	M	C	P
0	0.01132	0.00839	0.01136	0.01245	0.17867	0.00784	0.00802	0.03409	0.08113	0.11168	0.15658	0.02359	0.08320	0.00709	0.00503	0.00143	0.00398	0.06555	0.00414	0.18447
1	0.01567	0.12926	0.07680	0.01082	0.01461	0.20183	0.00935	0.29797	0.05654	0.02001	0.01009	0.01111	0.00789	0.02456	0.00489	0.00138	0.00607	0.00378	0.00349	0.09389
2	0.01136	0.39456	0.44587	0.01144	0.01730	0.01510	0.01369	0.01517	0.01020	0.01373	0.00791	0.00923	0.00626	0.00446	0.00397	0.00132	0.00634	0.00317	0.00209	0.00682
3	0.01095	0.05192	0.27805	0.01475	0.09029	0.01042	0.17278	0.01464	0.01045	0.07658	0.01077	0.01344	0.00843	0.01148	0.17676	0.00288	0.00817	0.00454	0.00265	0.03004
4	0.00907	0.18433	0.07624	0.00952	0.01200	0.00951	0.10490	0.01161	0.04576	0.01396	0.10248	0.27589	0.02111	0.07323	0.00679	0.00187	0.00459	0.02832	0.00356	0.00526
5	0.00603	0.00474	0.00546	0.00588	0.00698	0.00417	0.00423	0.00725	0.01077	0.01358	0.10295	0.33424	0.42822	0.01337	0.00601	0.00179	0.00267	0.03287	0.00463	0.00414
6	0.04474	0.19396	0.44971	0.01237	0.01811	0.01261	0.07047	0.01584	0.01065	0.08055	0.00997	0.01230	0.00768	0.00500	0.00447	0.00148	0.00641	0.03417	0.00258	0.00692
7	0.01305	0.03598	0.17322	0.01831	0.16126	0.01223	0.28875	0.10938	0.04822	0.07462	0.01089	0.01267	0.00804	0.00476	0.00514	0.00155	0.00672	0.00480	0.00306	0.00734
8	0.00792	0.00566	0.00792	0.00905	0.01018	0.00566	0.00792	0.01018	0.01131	0.01471	0.02602	0.05543	0.02828	0.01358	0.00679	0.00226	0.00453	0.76356	0.00453	0.00453
9	0.00691	0.00491	0.00622	0.00692	0.00751	0.00475	0.00506	0.00799	0.00950	0.01240	0.02547	0.28093	0.09779	0.25250	0.01188	0.00286	0.00390	0.24453	0.00409	0.00387
10	0.01301	0.21584	0.09828	0.01754	0.24566	0.01350	0.13224	0.09724	0.01222	0.05619	0.01030	0.04773	0.00861	0.00507	0.00464	0.00143	0.00595	0.00456	0.00287	0.00711
11	0.26021	0.15464	0.40966	0.01112	0.01655	0.01268	0.04204	0.01510	0.00977	0.01680	0.00795	0.00937	0.00602	0.00454	0.00398	0.00147	0.00595	0.00326	0.00238	0.00651
12	0.01763	0.00738	0.00999	0.00799	0.01102	0.00646	0.00646	0.01965	0.01402	0.57135	0.24642	0.02258	0.02219	0.00724	0.00519	0.00153	0.00364	0.00610	0.00589	0.00727

[dist]
# distance from previous block
# <min> <max>
0	13

[block]
# block no. 2 follows, 51 sequences, length 54
# corresponding to MSA columns:
# 189-242
name=unknown_C
#
# <colnr> <probs for GDERKNQSTAVLIFYWHMCP>
#	G	D	E	R	K	N	Q	S	T	A	V	L	I	F	Y	W	H	M	C	P
0	0.01114	0.00955	0.01364	0.01566	0.25534	0.02063	0.04062	0.14261	0.01392	0.01926	0.26471	0.02298	0.05590	0.00741	0.00603	0.00158	0.05628	0.03243	0.00397	0.00636
1	0.01154	0.22276	0.22547	0.01589	0.02125	0.01394	0.38999	0.01544	0.01088	0.01464	0.00887	0.01116	0.00685	0.00429	0.00484	0.00148	0.00726	0.00444	0.00228	0.00671
2	0.01019	0.00873	0.01019	0.00728	0.01165	0.00655	0.00582	0.01237	0.01019	0.01601	0.00873	0.01019	0.00728	0.00364	0.00364	0.00073	0.00364	0.00291	0.00291	0.85734
3	0.00615	0.00446	0.00585	0.00691	0.00737	0.00416	0.00481	0.00717	0.00972	0.01280	0.02873	0.69283	0.09062	0.01500	0.00628	0.00199	0.00298	0.08354	0.00456	0.00405
4	0.01569	0.43592	0.01997	0.01049	0.01387	0.40463	0.00894	0.01711	0.01191	0.01179	0.00721	0.00836	0.00632	0.00462	0.00378	0.00116	0.00702	0.00289	0.00231	0.00601
5	0.00667	0.00477	0.00637	0.00675	0.00722	0.00491	0.00467	0.00771	0.00872	0.01199	0.07901	0.31413	0.02360	0.22391	0.26188	0.00450	0.00652	0.00915	0.00363	0.00391
6	0.01224	0.61038	0.23777	0.00994	0.01498	0.01725	0.01107	0.01495	0.01009	0.01265	0.00737	0.00856	0.00628	0.00433	0.00357	0.00119	0.00580	0.00290	0.00209	0.00657
7	0.01656	0.00830	0.01047	0.00840	0.01137	0.00789	0.00679	0.16080	0.01571	0.40469	0.26752	0.02224	0.02247	0.00733	0.00521	0.00152	0.00381	0.00612	0.00565	0.00716
8	0.00715	0.00476	0.00536	0.00536	0.00536	0.00476	0.00298	0.00715	0.00715	0.00953	0.01548	0.03216	0.01787	0.82729	0.02501	0.00476	0.00476	0.00715	0.00298	0.00298
9	0.00908	0.00530	0.00696	0.00680	0.00810	0.00480	0.00499	0.01070	0.01205	0.14920	0.32437	0.33607	0.07919	0.01157	0.00583	0.00172	0.00285	0.01025	0.00515	0.00499
10	0.00812	0.00981	0.14864	0.14083	0.01617	0.00752	0.08036	0.01087	0.01053	0.01430	0.07983	0.28295	0.02178	0.01005	0.00578	0.00184	0.00496	0.13685	0.00361	0.00518
11	0.00632	0.00451	0.00608	0.00722	0.00765	0.00427	0.00513	0.00741	0.00973	0.01291	0.02690	0.69345	0.03179	0.01509	0.00636	0.00204	0.00314	0.14136	0.00456	0.00408
12	0.00744	0.00542	0.00729	0.00819	0.00932	0.00527	0.00693	0.00947	0.01130	0.01465	0.07503	0.11408	0.12668	0.01337	0.00656	0.00212	0.00400	0.56383	0.00459	0.00444
13	0.07869	0.00786	0.00845	0.00764	0.00957	0.00836	0.00587	0.25998	0.01402	0.02087	0.01749	0.27495	0.01706	0.00881	0.00480	0.00156	0.00360	0.00740	0.23734	0.00568
14	0.00966	0.00952	0.01774	0.21808	0.02124	0.01014	0.30422	0.01230	0.00962	0.01300	0.01079	0.01745	0.00970	0.17888	0.07379	0.00283	0.06769	0.00556	0.00250	0.00530
15	0.01003	0.00952	0.01604	0.60053	0.22331	0.01121	0.01394	0.01317	0.01011	0.01341	0.00881	0.01281	0.00686	0.00487	0.00517	0.00161	0.02597	0.00437	0.00224	0.00604
16	0.01539	0.00985	0.01121	0.00960	0.01270	0.01061	0.00760	0.02542	0.53852	0.27166	0.01980	0.01782	0.01409	0.00648	0.00498	0.00162	0.00398	0.00536	0.00535	0.00797
17	0.01158	0.01275	0.01356	0.01158	0.01403	0.26500	0.16599	0.01378	0.01261	0.01465	0.14220	0.02761	0.12952	0.00817	0.00553	0.00162	0.00605	0.13488	0.00361	0.00530
18	0.28456	0.06617	0.50161	0.01126	0.01699	0.01175	0.01347	0.01515	0.00970	0.01742	0.00807	0.00946	0.00594	0.00461	0.00406	0.00152	0.00603	0.00326	0.00239	0.00658
19	0.00617	0.00429	0.00564	0.00671	0.00705	0.00403	0.00450	0.00711	0.00946	0.01287	0.02646	0.77815	0.03137	0.01484	0.00611	0.00195	0.00282	0.01344	0.05302	0.00403
20	0.01545	0.42871	0.15302	0.00947	0.01406	0.01414	0.00968	0.01783	0.01137	0.26624	0.01121	0.01116	0.00818	0.00489	0.00399	0.00129	0.00525	0.00354	0.00338	0.00713
21	0.01019	0.00873	0.01019	0.00728	0.01165	0.00655	0.00582	0.01237	0.01019	0.01601	0.00873	0.01019	0.00728	0.00364	0.00364	0.00073	0.00364	0.00291	0.00291	0.85734
22	0.01020	0.02105	0.55161	0.01547	0.02176	0.01133	0.21710	0.01529	0.01075	0.01556	0.01014	0.01382	0.00787	0.00506	0.00509	0.00162	0.00737	0.04963	0.00233	0.00693
23	0.01176	0.60456	0.09071	0.00833	0.01236	0.01592	0.00846	0.01365	0.01030	0.02579	0.01452	0.01495	0.14038	0.00568	0.00377	0.00121	0.00494	0.00407	0.00259	0.00606
24	0.00762	0.00517	0.00675	0.00627	0.00756	0.00474	0.00473	0.00989	0.01386	0.05503	0.74266	0.03603	0.06109	0.00992	0.00576	0.00155	0.00241	0.00874	0.00542	0.00480
25	0.00661	0.00472	0.00642	0.00755	0.00811	0.00453	0.00564	0.00792	0.01002	0.01324	0.02674	0.57647	0.03114	0.01481	0.00644	0.00208	0.00339	0.25544	0.00455	0.00416
26	0.00625	0.00450	0.00592	0.00662	0.00718	0.00417	0.00457	0.00751	0.01068	0.01452	0.23763	0.59266	0.05175	0.01387	0.00613	0.00187	0.00270	0.01251	0.00479	0.00417
27	0.23393	0.02112	0.54626	0.01195	0.01782	0.05891	0.01427	0.01551	0.01006	0.01705	0.00823	0.00966	0.00599	0.00466	0.00423	0.00153	0.00645	0.00335	0.00236	0.00666
28	0.02205	0.00836	0.01140	0.00874	0.01254	0.00722	0.00722	0.02395	0.01407	0.80004	0.01939	0.01673	0.01216	0.00608	0.00494	0.00152	0.00418	0.00494	0.00608	0.00836
29	0.00745	0.00443	0.00589	0.00618	0.00625	0.00436	0.00393	0.00675	0.00740	0.00986	0.01543	0.22421	0.01755	0.27540	0.01780	0.36952	0.00407	0.00763	0.00301	0.00287
30	0.01565	0.01214	0.01475	0.27037	0.02123	0.01385	0.01073	0.53295	0.01883	0.02504	0.01081	0.01222	0.00778	0.00558	0.00492	0.00153	0.00578	0.00441	0.00404	0.00742
31	0.01075	0.00968	0.01592	0.02314	0.54300	0.00968	0.01248	0.01332	0.01098	0.01531	0.01402	0.02471	0.01376	0.05599	0.00657	0.00187	0.00543	0.20372	0.00301	0.00664
32	0.00854	0.00427	0.00640	0.00640	0.00640	0.00427	0.00427	0.00640	0.00640	0.00854	0.00854	0.01494	0.00854	0.01707	0.01921	0.85702	0.00427	0.00427	0.00213	0.00213
33	0.01314	0.83025	0.02575	0.00841	0.01261	0.01945	0.00841	0.01472	0.00999	0.01156	0.00683	0.00788	0.00631	0.00420	0.00315	0.00105	0.00526	0.00263	0.00210	0.00631
34	0.01136	0.26946	0.15300	0.01791	0.32803	0.01317	0.01230	0.01410	0.01047	0.01416	0.01048	0.10446	0.00992	0.00565	0.00446	0.00141	0.00555	0.00481	0.00251	0.00679
35	0.01372	0.00896	0.01211	0.14676	0.01551	0.03732	0.00893	0.01611	0.04500	0.26613	0.01305	0.01537	0.00999	0.03170	0.14962	0.00289	0.19214	0.00477	0.00367	0.00624
36	0.37737	0.01323	0.00967	0.04446	0.01208	0.26661	0.00699	0.01477	0.01078	0.01680	0.04337	0.01486	0.11081	0.00613	0.00450	0.00148	0.03353	0.00421	0.00310	0.00527
37	0.01201	0.01058	0.01385	0.01153	0.01460	0.01161	0.13858	0.02315	0.58337	0.03968	0.07092	0.01868	0.01578	0.00645	0.00519	0.00165	0.00454	0.00581	0.00463	0.00738
38	0.86201	0.00950	0.00722	0.00646	0.00950	0.01102	0.00532	0.01445	0.00836	0.02205	0.00684	0.00798	0.00532	0.00456	0.00304	0.00152	0.00380	0.00266	0.00304	0.00532
39	0.00870	0.00721	0.01099	0.06351	0.24969	0.00733	0.00830	0.01054	0.01018	0.01414	0.14685	0.09866	0.02027	0.19790	0.08506	0.00293	0.00538	0.04382	0.00337	0.00518
40	0.00581	0.00498	0.00498	0.00498	0.00664	0.00415	0.00373	0.00705	0.01120	0.01328	0.04978	0.04729	0.79464	0.01245	0.00581	0.00166	0.00249	0.01037	0.00456	0.00415
41	0.01376	0.44143	0.20186	0.01042	0.01526	0.01655	0.01089	0.20557	0.01334	0.01732	0.00853	0.00943	0.00680	0.00473	0.00394	0.00127	0.00576	0.00331	0.00280	0.00704
42	0.01015	0.01558	0.30531	0.01859	0.26870	0.01050	0.08771	0.01378	0.01046	0.01506	0.01206	0.14953	0.01132	0.00652	0.00562	0.00164	0.04222	0.00587	0.00266	0.00673
43	0.01078	0.09496	0.34854	0.28054	0.09963	0.02677	0.01489	0.01480	0.01043	0.04124	0.00898	0.01141	0.00670	0.00473	0.00463	0.00152	0.00662	0.00389	0.00230	0.00663
44	0.01046	0.00991	0.01678	0.46795	0.35423	0.01113	0.01413	0.01357	0.01043	0.01407	0.00932	0.01361	0.00753	0.00487	0.00493	0.00158	0.00621	0.02054	0.00234	0.00642
45	0.00642	0.00493	0.00538	0.00552	0.00654	0.00447	0.00388	0.00733	0.00982	0.01216	0.03574	0.07765	0.44653	0.27517	0.01210	0.00272	0.00341	0.07238	0.00405	0.00380
46	0.00737	0.00596	0.00844	0.00994	0.11722	0.00611	0.00636	0.00895	0.00931	0.01257	0.03733	0.08571	0.20497	0.09652	0.35554	0.00465	0.00782	0.00726	0.00330	0.00465
47	0.01121	0.01770	0.37987	0.04904	0.01747	0.04735	0.01345	0.04479	0.05455	0.04460	0.00972	0.01258	0.00781	0.05508	0.00881	0.00189	0.21077	0.00421	0.00260	0.00649
48	0.01176	0.34658	0.35666	0.01156	0.01650	0.06043	0.01292	0.01503	0.01010	0.01333	0.00768	0.00933	0.00629	0.00495	0.00534	0.00140	0.09815	0.00328	0.00212	0.00658
49	0.00592	0.00454	0.00543	0.00614	0.00694	0.00405	0.00425	0.00692	0.01009	0.01282	0.03569	0.52957	0.32147	0.01428	0.00610	0.00187	0.00271	0.01261	0.00456	0.00405
50	0.01151	0.00978	0.01056	0.00978	0.01231	0.01117	0.00773	0.02356	0.66611	0.01962	0.02137	0.02400	0.03072	0.00773	0.00526	0.00175	0.00395	0.11092	0.00493	0.00726
51	0.01658	0.01771	0.01324	0.01160	0.01448	0.41701	0.00895	0.16724	0.24805	0.01822	0.01213	0.01227	0.00932	0.00571	0.00469	0.00143	0.00671	0.00412	0.00373	0.00683
52	0.00737	0.00545	0.00775	0.02821	0.00892	0.00621	0.00581	0.02598	0.00815	0.01152	0.01346	0.02140	0.01310	0.18423	0.62165	0.00700	0.01124	0.00558	0.00274	0.00424
53	0.71863	0.01187	0.00836	0.00752	0.01047	0.14640	0.00603	0.01533	0.00931	0.02035	0.00697	0.00813	0.00549	0.00465	0.00328	0.00148	0.00466	0.00275	0.00295	0.00539

[dist]
# distance from previous block
# <min> <max>
0	1

[block]
# block no. 3 follows, 51 sequences, length 18
# corresponding to MSA columns:
# 244-261
name=unknown_D
#
# <colnr> <probs for GDERKNQSTAVLIFYWHMCP>
#	G	D	E	R	K	N	Q	S	T	A	V	L	I	F	Y	W	H	M	C	P
0	0.01314	0.83025	0.02575	0.00841	0.01261	0.01945	0.00841	0.01472	0.00999	0.01156	0.00683	0.00788	0.00631	0.00420	0.00315	0.00105	0.00526	0.00263	0.00210	0.00631
1	0.01027	0.00963	0.01618	0.42410	0.34469	0.01069	0.01347	0.01331	0.01073	0.01460	0.07592	0.01473	0.01045	0.00513	0.00497	0.00156	0.00590	0.00476	0.00256	0.00634
2	0.00725	0.00505	0.00654	0.00726	0.00781	0.00500	0.00544	0.00840	0.00941	0.01238	0.02238	0.20123	0.02532	0.31131	0.01334	0.00312	0.00428	0.33665	0.00397	0.00385
3	0.01463	0.05111	0.01315	0.01040	0.01367	0.01368	0.00838	0.30186	0.47025	0.02394	0.01636	0.01544	0.01215	0.00627	0.00488	0.00157	0.00451	0.00500	0.00483	0.00792
4	0.00854	0.03166	0.00837	0.00747	0.00910	0.00627	0.02328	0.03897	0.07769	0.04969	0.18133	0.35714	0.09251	0.01103	0.00561	0.00167	0.00321	0.00977	0.00460	0.07211
5	0.01663	0.03651	0.19909	0.01155	0.03083	0.13835	0.01074	0.13985	0.09425	0.25291	0.01337	0.01305	0.00929	0.00554	0.00475	0.00148	0.00588	0.00426	0.00410	0.00755
6	0.00986	0.02542	0.80183	0.01401	0.02127	0.01141	0.01816	0.01556	0.01038	0.01556	0.00882	0.01038	0.00623	0.00467	0.00467	0.00156	0.00726	0.00363	0.00208	0.00726
7	0.02205	0.00836	0.01140	0.00874	0.01254	0.00722	0.00722	0.02395	0.01407	0.80004	0.01939	0.01673	0.01216	0.00608	0.00494	0.00152	0.00418	0.00494	0.00608	0.00836
8	0.01244	0.03527	0.11906	0.02335	0.48012	0.11082	0.05637	0.01573	0.03095	0.01529	0.00963	0.03259	0.00814	0.00492	0.00509	0.00148	0.02458	0.00444	0.00251	0.00720
9	0.01160	0.02303	0.67041	0.01335	0.02004	0.01139	0.01651	0.08101	0.01176	0.08115	0.00994	0.01102	0.00689	0.00489	0.00471	0.00155	0.00685	0.00381	0.00264	0.00745
10	0.02024	0.00811	0.01092	0.00853	0.01204	0.00714	0.00699	0.02258	0.04015	0.69720	0.09540	0.01874	0.01562	0.00649	0.00503	0.00153	0.00399	0.00535	0.00598	0.00798
11	0.00613	0.00447	0.00577	0.00655	0.00712	0.00411	0.00449	0.00727	0.01033	0.01380	0.15639	0.61742	0.10956	0.01422	0.00615	0.00189	0.00273	0.01278	0.00470	0.00411
12	0.03339	0.03212	0.18597	0.07704	0.10814	0.04881	0.03973	0.18863	0.01410	0.16550	0.01229	0.05133	0.00932	0.00570	0.00486	0.00153	0.00583	0.00471	0.00369	0.00732
13	0.01095	0.32013	0.16185	0.01070	0.01373	0.01476	0.01057	0.01316	0.00902	0.01235	0.00799	0.01083	0.00719	0.01027	0.12219	0.00245	0.25005	0.00369	0.00219	0.00593
14	0.02205	0.00836	0.01140	0.00874	0.01254	0.00722	0.00722	0.02395	0.01407	0.80004	0.01939	0.01673	0.01216	0.00608	0.00494	0.00152	0.00418	0.00494	0.00608	0.00836
15	0.01135	0.00801	0.00971	0.00730	0.01100	0.00630	0.00581	0.01352	0.01144	0.13210	0.15291	0.01597	0.01510	0.00516	0.00422	0.00099	0.00348	0.00430	0.00383	0.57751
16	0.00661	0.00513	0.00612	0.00657	0.00778	0.00472	0.00506	0.00844	0.03316	0.01420	0.10308	0.22590	0.35981	0.01300	0.00611	0.00186	0.00306	0.18040	0.00464	0.00434
17	0.01480	0.00825	0.01003	0.00866	0.01146	0.00824	0.00697	0.02067	0.26796	0.33449	0.09488	0.02522	0.07689	0.00786	0.00529	0.00165	0.00382	0.08034	0.00540	0.00713

[dist]
# distance from previous block
# <min> <max>
4	10

[block]
# block no. 4 follows, 51 sequences, length 24
# corresponding to MSA columns:
# 272-295
name=unknown_E
#
# <colnr> <probs for GDERKNQSTAVLIFYWHMCP>
#	G	D	E	R	K	N	Q	S	T	A	V	L	I	F	Y	W	H	M	C	P
0	0.33853	0.00728	0.00712	0.00693	0.00872	0.00790	0.00523	0.08808	0.01038	0.01848	0.01623	0.33267	0.01713	0.00943	0.00498	0.02474	0.00346	0.00753	0.08021	0.00495
1	0.01089	0.08698	0.26240	0.01410	0.01924	0.01170	0.25396	0.01503	0.03525	0.01530	0.00920	0.01131	0.00712	0.00455	0.00536	0.00142	0.05355	0.00418	0.00247	0.17598
2	0.08598	0.11595	0.22424	0.00957	0.01297	0.01021	0.00942	0.01470	0.16447	0.01568	0.01638	0.26803	0.01619	0.00838	0.00490	0.00165	0.00464	0.00706	0.00353	0.00604
3	0.00960	0.17085	0.01203	0.00747	0.01060	0.00843	0.00613	0.01138	0.01019	0.01445	0.04522	0.19049	0.01536	0.00714	0.00438	0.00119	0.00379	0.04898	0.00330	0.41901
4	0.01286	0.01455	0.26041	0.01015	0.01507	0.00957	0.01036	0.12938	0.04105	0.11723	0.01134	0.01202	0.00827	0.00482	0.00436	0.00126	0.00505	0.00380	0.04630	0.28215
5	0.00931	0.00731	0.01135	0.01513	0.25738	0.00731	0.00938	0.01102	0.01034	0.01396	0.01763	0.03466	0.01839	0.05499	0.00896	0.12615	0.00491	0.37328	0.00344	0.00512
6	0.00586	0.00479	0.00517	0.00548	0.00677	0.00411	0.00396	0.00700	0.01072	0.01308	0.04369	0.25592	0.58995	0.01324	0.00593	0.00175	0.00259	0.01134	0.00456	0.00411
7	0.01295	0.78364	0.07070	0.00873	0.01311	0.01898	0.00897	0.01476	0.01001	0.01179	0.00695	0.00803	0.00630	0.00423	0.00324	0.00108	0.00537	0.00269	0.00210	0.00636
8	0.00702	0.00527	0.00790	0.00790	0.00878	0.00614	0.00614	0.00878	0.00790	0.01141	0.01316	0.01931	0.01229	0.03686	0.80782	0.00790	0.01316	0.00527	0.00263	0.00439
9	0.00857	0.00687	0.00845	0.00741	0.00999	0.00566	0.00580	0.01042	0.01033	0.01500	0.05301	0.21365	0.01912	0.02371	0.00533	0.00142	0.00357	0.14425	0.00372	0.44372
10	0.01604	0.26673	0.01479	0.00826	0.01149	0.01043	0.00707	0.01763	0.01185	0.39476	0.01696	0.17453	0.01436	0.00734	0.00464	0.00147	0.00426	0.00601	0.00452	0.00685
11	0.00742	0.00467	0.00557	0.00557	0.00557	0.00467	0.00323	0.00700	0.00700	0.00933	0.01410	0.02873	0.01601	0.66613	0.02386	0.17429	0.00467	0.00657	0.00281	0.00281
12	0.01193	0.00578	0.00686	0.00608	0.00797	0.00542	0.00474	0.01434	0.02966	0.21733	0.16391	0.02281	0.05822	0.00698	0.00441	0.00135	0.00282	0.00579	0.41801	0.00560
13	0.01049	0.01689	0.38302	0.28750	0.09423	0.01128	0.01542	0.01468	0.01027	0.05106	0.00919	0.01178	0.00677	0.00501	0.00543	0.00161	0.05233	0.00405	0.00234	0.00664
14	0.01150	0.01179	0.01150	0.01342	0.16727	0.22752	0.00876	0.04372	0.01222	0.01439	0.02086	0.12801	0.13672	0.00915	0.00546	0.00167	0.00549	0.16142	0.00359	0.00552
15	0.00609	0.00463	0.00536	0.00587	0.00667	0.00417	0.00399	0.00697	0.00980	0.01239	0.03456	0.39178	0.33905	0.13483	0.00887	0.00227	0.00299	0.01150	0.00433	0.00390
16	0.16389	0.01082	0.01161	0.00918	0.01263	0.01155	0.00754	0.39323	0.01714	0.20555	0.01314	0.01296	0.00916	0.00569	0.00444	0.00146	0.00452	0.00426	0.09379	0.00744
17	0.86201	0.00950	0.00722	0.00646	0.00950	0.01102	0.00532	0.01445	0.00836	0.02205	0.00684	0.00798	0.00532	0.00456	0.00304	0.00152	0.00380	0.00266	0.00304	0.00532
18	0.00715	0.00491	0.00601	0.00635	0.00670	0.00484	0.00430	0.00788	0.00875	0.01168	0.07465	0.13235	0.02379	0.50501	0.01766	0.00369	0.00431	0.16276	0.00366	0.00353
19	0.01001	0.01016	0.01924	0.56486	0.03127	0.01139	0.25493	0.01356	0.01039	0.01356	0.00912	0.01315	0.00684	0.00467	0.00519	0.00164	0.00710	0.00482	0.00228	0.00583
20	0.01184	0.01135	0.01937	0.11781	0.71150	0.01159	0.01492	0.01480	0.01104	0.01566	0.00919	0.01227	0.00765	0.00444	0.00487	0.00148	0.00592	0.00438	0.00240	0.00752
21	0.06695	0.00946	0.01220	0.31227	0.02035	0.01042	0.00948	0.04619	0.22619	0.05445	0.01236	0.01377	0.00929	0.00522	0.00457	0.00145	0.00491	0.00433	0.00345	0.17269
22	0.01241	0.27106	0.06248	0.09303	0.28239	0.09644	0.01171	0.01486	0.01090	0.01378	0.00920	0.01290	0.00814	0.00497	0.00435	0.00136	0.00597	0.04758	0.00243	0.03406
23	0.13834	0.03109	0.06827	0.01245	0.09244	0.04686	0.00980	0.03902	0.01026	0.08990	0.01060	0.01552	0.00933	0.00690	0.00820	0.00172	0.26151	0.08300	0.00308	0.06173

[dist]
# distance from previous block
# <min> <max>
0	8

# created by:
# /st0/software/busco_prod/Augustus/scripts/msa2prfl.pl ./align_prep/57778.fa
