[name]
unknown

[dist]
# distance from previous block
# <min> <max>
1	40

[block]
# block no. 0 follows, 51 sequences, length 7
# corresponding to MSA columns:
# 40-46
name=unknown_A
#
# <colnr> <probs for GDERKNQSTAVLIFYWHMCP>
#	G	D	E	R	K	N	Q	S	T	A	V	L	I	F	Y	W	H	M	C	P
0	0.11347	0.01140	0.01587	0.09431	0.36329	0.05262	0.01186	0.04176	0.01074	0.05209	0.00887	0.01147	0.00727	0.00534	0.00659	0.00157	0.14924	0.00408	0.00271	0.03546
1	0.00928	0.00873	0.01474	0.81548	0.03385	0.01092	0.01365	0.01256	0.00983	0.01256	0.00873	0.01310	0.00655	0.00491	0.00491	0.00164	0.00655	0.00437	0.00218	0.00546
2	0.01216	0.01168	0.01995	0.03016	0.79664	0.01168	0.01508	0.01508	0.01119	0.01605	0.00924	0.01216	0.00778	0.00438	0.00487	0.00146	0.00584	0.00438	0.00243	0.00778
3	0.00581	0.00498	0.00498	0.00498	0.00664	0.00415	0.00373	0.00705	0.01120	0.01328	0.04978	0.04729	0.79464	0.01245	0.00581	0.00166	0.00249	0.01037	0.00456	0.00415
4	0.01019	0.00873	0.01019	0.00728	0.01165	0.00655	0.00582	0.01237	0.01019	0.01601	0.00873	0.01019	0.00728	0.00364	0.00364	0.00073	0.00364	0.00291	0.00291	0.85734
5	0.00969	0.00607	0.00811	0.00796	0.04619	0.00570	0.00568	0.01245	0.05194	0.13769	0.54591	0.08735	0.03678	0.00938	0.00562	0.00158	0.00289	0.00827	0.00529	0.00546
6	0.00966	0.00873	0.01285	0.47928	0.02461	0.00910	0.01039	0.01248	0.00998	0.01399	0.00873	0.01189	0.00685	0.00438	0.00438	0.00126	0.00534	0.00376	0.00249	0.35983

[dist]
# distance from previous block
# <min> <max>
0	1

[block]
# block no. 1 follows, 51 sequences, length 29
# corresponding to MSA columns:
# 48-67,70-78
name=unknown_B
#
# <colnr> <probs for GDERKNQSTAVLIFYWHMCP>
#	G	D	E	R	K	N	Q	S	T	A	V	L	I	F	Y	W	H	M	C	P
0	0.01184	0.01134	0.01936	0.11894	0.71041	0.01159	0.01492	0.01480	0.01104	0.01566	0.00919	0.01227	0.00764	0.00444	0.00487	0.00148	0.00592	0.00438	0.00240	0.00752
1	0.01027	0.01009	0.01495	0.27586	0.01976	0.01370	0.01170	0.01207	0.00828	0.01207	0.00720	0.01152	0.00648	0.00739	0.01245	0.00198	0.55234	0.00432	0.00216	0.00540
2	0.01025	0.00991	0.01372	0.01192	0.01196	0.01358	0.00978	0.01124	0.00761	0.01166	0.00811	0.01463	0.00845	0.10131	0.01683	0.00245	0.69982	0.02936	0.00232	0.00508
3	0.86201	0.00950	0.00722	0.00646	0.00950	0.01102	0.00532	0.01445	0.00836	0.02205	0.00684	0.00798	0.00532	0.00456	0.00304	0.00152	0.00380	0.00266	0.00304	0.00532
4	0.00655	0.00501	0.00601	0.00576	0.00709	0.00447	0.00432	0.00849	0.01296	0.01745	0.53278	0.04042	0.30904	0.01089	0.00580	0.00159	0.00238	0.00941	0.00511	0.00447
5	0.00949	0.00886	0.01448	0.75817	0.03235	0.01101	0.01323	0.01352	0.06518	0.01313	0.00954	0.01347	0.00715	0.00504	0.00492	0.00164	0.00636	0.00445	0.00238	0.00562
6	0.01314	0.83025	0.02575	0.00841	0.01261	0.01945	0.00841	0.01472	0.00999	0.01156	0.00683	0.00788	0.00631	0.00420	0.00315	0.00105	0.00526	0.00263	0.00210	0.00631
7	0.01019	0.00873	0.01019	0.00728	0.01165	0.00655	0.00582	0.01237	0.01019	0.01601	0.00873	0.01019	0.00728	0.00364	0.00364	0.00073	0.00364	0.00291	0.00291	0.85734
8	0.00597	0.00433	0.00565	0.00671	0.00709	0.00400	0.00450	0.00686	0.00954	0.01260	0.02870	0.76882	0.08673	0.01519	0.00624	0.00197	0.00283	0.01371	0.00456	0.00400
9	0.01179	0.01125	0.01914	0.06068	0.73297	0.01132	0.01458	0.01464	0.01106	0.01577	0.00997	0.04622	0.00877	0.00486	0.00493	0.00149	0.00574	0.00478	0.00251	0.00753
10	0.01096	0.01190	0.02454	0.24864	0.05990	0.01196	0.52816	0.01480	0.01107	0.01484	0.00957	0.01317	0.00721	0.00437	0.00551	0.00164	0.00769	0.00533	0.00240	0.00634
11	0.00729	0.00631	0.01022	0.06686	0.03067	0.00605	0.12321	0.00899	0.01018	0.01333	0.02618	0.46780	0.14306	0.01214	0.00602	0.00187	0.00404	0.04712	0.00402	0.00464
12	0.01386	0.01923	0.50973	0.01213	0.01806	0.01012	0.01414	0.01877	0.05130	0.26560	0.01276	0.01280	0.00857	0.00522	0.00477	0.00155	0.00611	0.00415	0.00350	0.00764
13	0.01077	0.08815	0.49629	0.01476	0.02089	0.01207	0.20081	0.01574	0.02597	0.03181	0.03105	0.01188	0.00793	0.00472	0.00486	0.00154	0.00708	0.00428	0.00241	0.00699
14	0.01075	0.01029	0.01779	0.31997	0.43014	0.01104	0.05657	0.01376	0.01062	0.01456	0.01001	0.05408	0.00857	0.00513	0.00501	0.00156	0.00609	0.00494	0.00245	0.00666
15	0.00986	0.02542	0.80183	0.01401	0.02127	0.01141	0.01816	0.01556	0.01038	0.01556	0.00882	0.01038	0.00623	0.00467	0.00467	0.00156	0.00726	0.00363	0.00208	0.00726
16	0.01613	0.01077	0.01583	0.02011	0.42550	0.05039	0.01137	0.01852	0.01245	0.32165	0.01441	0.01490	0.03458	0.00534	0.00490	0.00148	0.00524	0.00473	0.00393	0.00779
17	0.01491	0.01068	0.01705	0.09817	0.45072	0.01065	0.02862	0.06430	0.01257	0.22526	0.01207	0.01347	0.00886	0.00497	0.00491	0.00150	0.00549	0.00456	0.00353	0.00773
18	0.00687	0.00586	0.00660	0.00766	0.04773	0.04415	0.00506	0.00802	0.01045	0.01312	0.05069	0.45252	0.29692	0.01317	0.00594	0.00180	0.00316	0.01157	0.00437	0.00434
19	0.01442	0.01165	0.01770	0.06322	0.51063	0.01196	0.01298	0.18149	0.01399	0.09779	0.01079	0.01259	0.00829	0.00491	0.00489	0.00148	0.00561	0.00444	0.00332	0.00785
20	0.01401	0.40155	0.02118	0.01529	0.22216	0.18154	0.01050	0.03202	0.01133	0.01328	0.00773	0.00940	0.00675	0.00460	0.00431	0.00125	0.03087	0.00330	0.00234	0.00659
21	0.00935	0.00819	0.01296	0.01724	0.36464	0.00796	0.02548	0.01185	0.01228	0.01731	0.35763	0.02556	0.06880	0.03233	0.00596	0.00161	0.00412	0.00681	0.00388	0.00602
22	0.00820	0.00692	0.00734	0.00689	0.00887	0.00702	0.00527	0.01399	0.28134	0.01672	0.14559	0.03572	0.41710	0.01010	0.00553	0.00165	0.00295	0.00849	0.00484	0.00548
23	0.01836	0.02342	0.01393	0.01266	0.01519	0.80756	0.00950	0.01962	0.01393	0.01203	0.00760	0.00886	0.00633	0.00506	0.00443	0.00127	0.00886	0.00317	0.00253	0.00570
24	0.01828	0.02184	0.01391	0.01243	0.01501	0.70368	0.00944	0.06366	0.01426	0.04472	0.00828	0.00941	0.00669	0.00527	0.00486	0.00132	0.03485	0.00335	0.00280	0.00595
25	0.01019	0.00873	0.01019	0.00728	0.01165	0.00655	0.00582	0.01237	0.01019	0.01601	0.00873	0.01019	0.00728	0.00364	0.00364	0.00073	0.00364	0.00291	0.00291	0.85734
26	0.01019	0.00873	0.01019	0.00728	0.01165	0.00655	0.00582	0.01237	0.01019	0.01601	0.00873	0.01019	0.00728	0.00364	0.00364	0.00073	0.00364	0.00291	0.00291	0.85734
27	0.01110	0.01446	0.22443	0.08533	0.29694	0.01116	0.03470	0.04671	0.11836	0.01717	0.08054	0.01482	0.01171	0.00537	0.00495	0.00154	0.00574	0.00478	0.00304	0.00716
28	0.01089	0.07403	0.27615	0.14364	0.25667	0.01230	0.07687	0.01467	0.01043	0.01474	0.00874	0.01142	0.00687	0.00479	0.00547	0.00155	0.05751	0.00412	0.00224	0.00690

[dist]
# distance from previous block
# <min> <max>
0	1

[block]
# block no. 2 follows, 51 sequences, length 21
# corresponding to MSA columns:
# 80-100
name=unknown_C
#
# <colnr> <probs for GDERKNQSTAVLIFYWHMCP>
#	G	D	E	R	K	N	Q	S	T	A	V	L	I	F	Y	W	H	M	C	P
0	0.01388	0.64143	0.04705	0.00971	0.01375	0.15329	0.03458	0.01561	0.01072	0.01190	0.00713	0.00830	0.00635	0.00436	0.00350	0.00112	0.00603	0.00286	0.00219	0.00624
1	0.00988	0.18050	0.26752	0.00969	0.01346	0.03250	0.01018	0.02552	0.02434	0.01606	0.27829	0.01982	0.02063	0.03622	0.00588	0.00158	0.03324	0.00541	0.00337	0.00593
2	0.01160	0.01326	0.02900	0.02071	0.02568	0.01243	0.77879	0.01574	0.01160	0.01574	0.00994	0.01326	0.00746	0.00414	0.00580	0.00166	0.00829	0.00580	0.00249	0.00663
3	0.01051	0.01687	0.32940	0.14392	0.10910	0.01150	0.21299	0.01481	0.01060	0.01510	0.00907	0.01175	0.00682	0.00461	0.00531	0.00156	0.03133	0.00438	0.00228	0.04807
4	0.00864	0.00580	0.00735	0.00668	0.00834	0.00530	0.00511	0.02263	0.03300	0.08332	0.54957	0.07169	0.07973	0.00962	0.00560	0.00154	0.00274	0.02627	0.00517	0.06192
5	0.01832	0.01359	0.01455	0.01123	0.01510	0.01507	0.00925	0.73866	0.06528	0.03040	0.01225	0.01216	0.00872	0.00594	0.00492	0.00149	0.00532	0.00449	0.00492	0.00833
6	0.01157	0.01217	0.01130	0.01089	0.05129	0.25534	0.02394	0.01264	0.00972	0.01144	0.01072	0.01797	0.01078	0.25736	0.12970	0.00345	0.14739	0.00498	0.00261	0.00476
7	0.01262	0.01200	0.01688	0.29483	0.36970	0.09751	0.01333	0.07286	0.01200	0.03807	0.00938	0.01223	0.00737	0.00480	0.00484	0.00150	0.00633	0.00426	0.00265	0.00682
8	0.00707	0.00477	0.00557	0.00571	0.00584	0.00473	0.00343	0.00736	0.00784	0.01048	0.04969	0.10566	0.02090	0.67954	0.02161	0.00426	0.00448	0.04456	0.00330	0.00321
9	0.01286	0.01094	0.01749	0.13626	0.46929	0.01134	0.03853	0.06722	0.06967	0.08130	0.02965	0.01372	0.00945	0.00499	0.00494	0.00151	0.00563	0.00467	0.00313	0.00743
10	0.01122	0.01171	0.02310	0.28452	0.06428	0.01204	0.44915	0.05394	0.01158	0.01548	0.00960	0.01308	0.00722	0.00450	0.00542	0.00163	0.00745	0.00519	0.00251	0.00638
11	0.00705	0.00472	0.00539	0.00548	0.00551	0.00470	0.00311	0.00712	0.00733	0.00978	0.01645	0.09815	0.01909	0.75964	0.02345	0.00453	0.00460	0.00772	0.00311	0.00306
12	0.01002	0.00914	0.01538	0.01947	0.37461	0.00895	0.09342	0.01270	0.01149	0.01573	0.08166	0.02868	0.08333	0.00793	0.00563	0.00172	0.00518	0.20530	0.00342	0.00623
13	0.01302	0.01129	0.02044	0.08170	0.35386	0.01111	0.24094	0.01664	0.04422	0.12254	0.02783	0.01396	0.00931	0.00480	0.00518	0.00155	0.00624	0.00502	0.00310	0.00728
14	0.00651	0.00452	0.00592	0.00682	0.00737	0.00418	0.00471	0.00753	0.00989	0.03384	0.05411	0.68709	0.08914	0.01468	0.00621	0.00195	0.00291	0.04383	0.00463	0.00416
15	0.01538	0.00947	0.01282	0.01373	0.19364	0.00943	0.00891	0.07068	0.17179	0.29889	0.09889	0.01883	0.04228	0.00643	0.00505	0.00154	0.00433	0.00550	0.00482	0.00757
16	0.01253	0.33024	0.32420	0.01342	0.10786	0.06638	0.01298	0.01585	0.01073	0.05179	0.00854	0.00984	0.00673	0.00455	0.00411	0.00133	0.00629	0.00337	0.00235	0.00691
17	0.04054	0.20311	0.16819	0.01257	0.05479	0.01249	0.12223	0.07075	0.01238	0.23913	0.01170	0.01214	0.00831	0.00495	0.00454	0.00143	0.00577	0.00415	0.00352	0.00731
18	0.01726	0.00888	0.01087	0.00889	0.01212	0.00875	0.00715	0.06210	0.23629	0.44589	0.07766	0.01969	0.04811	0.00680	0.00506	0.00157	0.00395	0.00561	0.00560	0.00774
19	0.01394	0.01408	0.01810	0.04794	0.54291	0.16605	0.01337	0.09428	0.01290	0.01670	0.00917	0.01151	0.00753	0.00468	0.00479	0.00143	0.00640	0.00415	0.00270	0.00737
20	0.04682	0.02462	0.02990	0.05102	0.03040	0.07524	0.12322	0.10529	0.09242	0.27863	0.01411	0.01425	0.00990	0.00560	0.00516	0.00153	0.02877	0.00471	0.05119	0.00722

[dist]
# distance from previous block
# <min> <max>
14	51

[block]
# block no. 3 follows, 51 sequences, length 73
# corresponding to MSA columns:
# 152-224
name=unknown_D
#
# <colnr> <probs for GDERKNQSTAVLIFYWHMCP>
#	G	D	E	R	K	N	Q	S	T	A	V	L	I	F	Y	W	H	M	C	P
0	0.00985	0.00988	0.01168	0.01394	0.23021	0.11790	0.03979	0.02283	0.01200	0.01480	0.09527	0.02929	0.35603	0.00852	0.00534	0.00154	0.00458	0.00729	0.00368	0.00559
1	0.37164	0.07980	0.11904	0.01454	0.23146	0.03207	0.01023	0.01547	0.01002	0.06275	0.00851	0.00998	0.00663	0.00460	0.00392	0.00146	0.00510	0.00341	0.00283	0.00653
2	0.03988	0.08335	0.01189	0.00989	0.03873	0.19046	0.00737	0.08597	0.14549	0.03378	0.03832	0.04893	0.06219	0.13484	0.00810	0.00201	0.01716	0.03216	0.00365	0.00581
3	0.07814	0.01190	0.06971	0.12428	0.14480	0.01216	0.01052	0.14295	0.30086	0.02005	0.01403	0.01465	0.02301	0.00572	0.00479	0.00158	0.00503	0.00473	0.00381	0.00727
4	0.07301	0.01206	0.01065	0.01035	0.05783	0.23971	0.00750	0.04529	0.04375	0.04423	0.27868	0.02189	0.04565	0.00802	0.02046	0.00163	0.04514	0.02460	0.00396	0.00560
5	0.00621	0.00487	0.00562	0.00569	0.00695	0.00428	0.00417	0.00773	0.01176	0.01522	0.28550	0.17836	0.42177	0.01218	0.00588	0.00168	0.00250	0.01052	0.00484	0.00428
6	0.01115	0.01417	0.16802	0.13766	0.34295	0.01179	0.18918	0.01486	0.01083	0.01527	0.00917	0.01217	0.00720	0.00458	0.00537	0.00157	0.03017	0.00456	0.00233	0.00702
7	0.01186	0.01253	0.02486	0.02503	0.37810	0.01208	0.42969	0.01544	0.01141	0.01588	0.00962	0.01276	0.00761	0.00425	0.00537	0.00157	0.00717	0.00515	0.00246	0.00716
8	0.03594	0.00795	0.01082	0.20370	0.01587	0.06435	0.08035	0.01053	0.00974	0.01271	0.01699	0.24604	0.02843	0.16691	0.00931	0.00236	0.00521	0.06491	0.00329	0.00461
9	0.01503	0.04357	0.01243	0.02492	0.06343	0.05266	0.00763	0.01718	0.02036	0.28667	0.01232	0.01258	0.00894	0.00495	0.00487	0.00119	0.04594	0.00384	0.00389	0.35760
10	0.11931	0.05597	0.07767	0.10671	0.24706	0.24506	0.01161	0.01649	0.01150	0.05229	0.00874	0.01065	0.00693	0.00476	0.00442	0.00142	0.00656	0.00369	0.00264	0.00652
11	0.00986	0.02542	0.80183	0.01401	0.02127	0.01141	0.01816	0.01556	0.01038	0.01556	0.00882	0.01038	0.00623	0.00467	0.00467	0.00156	0.00726	0.00363	0.00208	0.00726
12	0.01396	0.06579	0.05947	0.01030	0.01393	0.01309	0.00874	0.25675	0.38717	0.02250	0.01497	0.01445	0.01119	0.00589	0.00472	0.00148	0.00462	0.00467	0.00443	0.08188
13	0.01182	0.43823	0.37795	0.01109	0.01663	0.04155	0.01287	0.01526	0.01029	0.01339	0.00776	0.00905	0.00627	0.00444	0.00388	0.00129	0.00629	0.00310	0.00210	0.00672
14	0.01141	0.03243	0.50917	0.03784	0.01832	0.01055	0.01425	0.06149	0.03130	0.10110	0.03954	0.02993	0.00967	0.00766	0.06213	0.00201	0.00683	0.00440	0.00297	0.00702
15	0.04338	0.32690	0.06362	0.01090	0.06952	0.01426	0.00925	0.17460	0.01376	0.21242	0.01126	0.01134	0.00825	0.00507	0.00417	0.00133	0.00513	0.00376	0.00372	0.00737
16	0.00709	0.00499	0.00648	0.00648	0.00687	0.00537	0.00438	0.00787	0.00748	0.01036	0.01446	0.02647	0.01540	0.47769	0.37124	0.00615	0.00848	0.00631	0.00283	0.00360
17	0.00611	0.00438	0.00584	0.00695	0.00732	0.00411	0.00477	0.00707	0.00957	0.01271	0.02749	0.75624	0.04809	0.01521	0.00630	0.00201	0.00296	0.06429	0.00456	0.00403
18	0.03797	0.04992	0.03734	0.29759	0.15445	0.08490	0.01986	0.03619	0.01098	0.06000	0.01167	0.09901	0.01048	0.00639	0.00538	0.00161	0.03868	0.02862	0.00291	0.00605
19	0.00928	0.00873	0.01474	0.81548	0.03385	0.01092	0.01365	0.01256	0.00983	0.01256	0.00873	0.01310	0.00655	0.00491	0.00491	0.00164	0.00655	0.00437	0.00218	0.00546
20	0.01254	0.00626	0.00836	0.00713	0.00927	0.00559	0.00559	0.01470	0.01397	0.30845	0.50741	0.02931	0.03371	0.00858	0.00548	0.00154	0.00301	0.00743	0.00566	0.00602
21	0.06652	0.01862	0.03407	0.01164	0.01467	0.44680	0.00919	0.18847	0.13034	0.01816	0.01035	0.01091	0.00800	0.00545	0.00455	0.00139	0.00702	0.00378	0.00344	0.00661
22	0.01050	0.01069	0.03509	0.51845	0.13528	0.05878	0.05592	0.01431	0.05697	0.01381	0.01008	0.01445	0.00801	0.00521	0.00499	0.00161	0.00648	0.03087	0.00250	0.00601
23	0.00638	0.00499	0.00584	0.00608	0.00737	0.00445	0.00464	0.00794	0.01154	0.01474	0.19983	0.15257	0.42185	0.01251	0.00601	0.00177	0.00280	0.11968	0.00474	0.00428
24	0.01194	0.01178	0.01924	0.01487	0.01864	0.01232	0.35806	0.02140	0.43513	0.01837	0.01543	0.01603	0.01157	0.00552	0.00536	0.00166	0.00589	0.00567	0.00386	0.00726
25	0.01399	0.01528	0.13028	0.03928	0.06411	0.08849	0.10301	0.25261	0.04380	0.01940	0.00973	0.01159	0.00753	0.00589	0.00722	0.00164	0.17161	0.00437	0.00320	0.00699
26	0.01533	0.31629	0.13603	0.01125	0.01589	0.01318	0.12856	0.01802	0.01163	0.27080	0.01171	0.01198	0.00839	0.00488	0.00437	0.00137	0.00567	0.00402	0.00346	0.00717
27	0.01374	0.01112	0.01474	0.43409	0.02502	0.01297	0.01160	0.37665	0.01612	0.02129	0.01019	0.01248	0.00741	0.00538	0.00491	0.00156	0.00601	0.00439	0.00348	0.00683
28	0.00814	0.01168	0.24718	0.06735	0.03805	0.00748	0.00977	0.01167	0.03849	0.01638	0.29122	0.18877	0.02627	0.00887	0.00544	0.00165	0.00438	0.00778	0.00389	0.00556
29	0.01002	0.00918	0.06179	0.24027	0.14211	0.00889	0.01016	0.01404	0.09390	0.06320	0.22312	0.04434	0.04453	0.00699	0.00521	0.00159	0.00469	0.00616	0.00376	0.00606
30	0.00986	0.02542	0.80183	0.01401	0.02127	0.01141	0.01816	0.01556	0.01038	0.01556	0.00882	0.01038	0.00623	0.00467	0.00467	0.00156	0.00726	0.00363	0.00208	0.00726
31	0.02072	0.00876	0.03864	0.00877	0.01254	0.00721	0.00745	0.02278	0.01393	0.72603	0.06537	0.01770	0.01400	0.00627	0.00498	0.00152	0.00418	0.00513	0.00590	0.00810
32	0.07322	0.10788	0.05887	0.03855	0.13697	0.08534	0.29553	0.03789	0.03173	0.01562	0.00903	0.01147	0.00719	0.00478	0.00565	0.00154	0.06512	0.00446	0.00256	0.00658
33	0.00701	0.00500	0.00646	0.00646	0.00695	0.00534	0.00442	0.00786	0.00772	0.01058	0.01646	0.02736	0.06072	0.43014	0.37012	0.00597	0.00835	0.00650	0.00292	0.00367
34	0.32459	0.01703	0.37053	0.01053	0.01564	0.01123	0.01169	0.08256	0.01108	0.08970	0.00930	0.01019	0.00661	0.00486	0.00412	0.00153	0.00555	0.00346	0.00304	0.00674
35	0.01694	0.00809	0.01039	0.00856	0.01156	0.00764	0.00693	0.06459	0.10211	0.46900	0.14956	0.04709	0.01950	0.00750	0.00523	0.00159	0.00388	0.04684	0.00565	0.00733
36	0.01207	0.01159	0.01979	0.05443	0.77307	0.01165	0.01504	0.01500	0.01115	0.01595	0.00923	0.01219	0.00775	0.00440	0.00487	0.00147	0.00586	0.00438	0.00242	0.00771
37	0.00706	0.00510	0.00706	0.00706	0.00765	0.00569	0.00510	0.00824	0.00765	0.01079	0.01393	0.02356	0.01413	0.29837	0.54883	0.00686	0.01038	0.00589	0.00275	0.00392
38	0.72795	0.01125	0.00833	0.00745	0.01032	0.10868	0.00603	0.01498	0.00901	0.02045	0.00692	0.00819	0.00549	0.00477	0.00368	0.00151	0.03388	0.00278	0.00295	0.00537
39	0.00696	0.00502	0.00657	0.00618	0.00734	0.00464	0.00464	0.00927	0.01391	0.01971	0.79405	0.03671	0.04637	0.01005	0.00580	0.00155	0.00232	0.00889	0.00541	0.00464
40	0.01332	0.09856	0.35292	0.05287	0.06324	0.26060	0.02773	0.04854	0.01202	0.01461	0.00842	0.01001	0.00648	0.00479	0.00451	0.00141	0.00740	0.00354	0.00237	0.00666
41	0.00679	0.00502	0.00634	0.00601	0.00724	0.00457	0.00450	0.00895	0.01351	0.01877	0.68525	0.03826	0.15576	0.01040	0.00580	0.00156	0.00234	0.00910	0.00529	0.00457
42	0.00787	0.01266	0.28452	0.00998	0.03798	0.00737	0.04621	0.01098	0.01118	0.01512	0.13394	0.08591	0.29891	0.00896	0.00541	0.00163	0.00454	0.00767	0.00365	0.00552
43	0.00964	0.00922	0.01482	0.62166	0.02879	0.01192	0.01295	0.01238	0.00927	0.01238	0.00818	0.01253	0.00653	0.00580	0.00762	0.00176	0.20259	0.00435	0.00218	0.00544
44	0.01628	0.34459	0.01863	0.01097	0.01417	0.49384	0.00906	0.01767	0.01236	0.01184	0.00729	0.00847	0.00632	0.00472	0.00392	0.00118	0.00743	0.00295	0.00236	0.00594
45	0.01244	0.23438	0.16170	0.01014	0.01492	0.01189	0.06430	0.03992	0.03892	0.08593	0.00978	0.01075	0.00759	0.00442	0.00406	0.00116	0.00519	0.00350	0.00293	0.27607
46	0.01220	0.01332	0.12525	0.02169	0.42695	0.01169	0.05437	0.10327	0.09711	0.01796	0.01176	0.06118	0.00988	0.00549	0.00499	0.00154	0.00572	0.00506	0.00308	0.00749
47	0.01277	0.01083	0.01142	0.01011	0.01299	0.01248	0.00791	0.09000	0.72298	0.02144	0.01931	0.01778	0.01444	0.00660	0.00499	0.00165	0.00402	0.00546	0.00499	0.00783
48	0.86201	0.00950	0.00722	0.00646	0.00950	0.01102	0.00532	0.01445	0.00836	0.02205	0.00684	0.00798	0.00532	0.00456	0.00304	0.00152	0.00380	0.00266	0.00304	0.00532
49	0.01462	0.01679	0.41365	0.01119	0.01656	0.00914	0.01256	0.01846	0.01209	0.33915	0.05301	0.01536	0.03355	0.00574	0.00487	0.00154	0.00561	0.00463	0.00396	0.00750
50	0.00587	0.00498	0.00507	0.00505	0.00668	0.00418	0.00379	0.00718	0.01136	0.01365	0.09321	0.04668	0.75098	0.01231	0.00581	0.00165	0.00248	0.01028	0.00461	0.00418
51	0.01297	0.01102	0.01474	0.25583	0.17478	0.03582	0.01135	0.13875	0.19541	0.05621	0.01239	0.01392	0.00933	0.00555	0.00525	0.00158	0.02985	0.00465	0.00353	0.00707
52	0.00629	0.00479	0.00579	0.00597	0.00704	0.00429	0.00431	0.00783	0.01171	0.01550	0.32515	0.26570	0.29304	0.01238	0.00594	0.00171	0.00253	0.01084	0.00488	0.00429
53	0.01008	0.01135	0.09710	0.11732	0.18436	0.00996	0.19156	0.02833	0.04911	0.01616	0.12275	0.02023	0.10727	0.00631	0.00532	0.00158	0.00566	0.00603	0.00321	0.00631
54	0.01216	0.01168	0.01995	0.03016	0.79664	0.01168	0.01508	0.01508	0.01119	0.01605	0.00924	0.01216	0.00778	0.00438	0.00487	0.00146	0.00584	0.00438	0.00243	0.00778
55	0.01026	0.00973	0.01651	0.54901	0.29268	0.01118	0.01413	0.01341	0.01029	0.01374	0.00891	0.01278	0.00697	0.00473	0.00490	0.00158	0.00631	0.00437	0.00227	0.00625
56	0.01109	0.01007	0.01462	0.01768	0.36828	0.00888	0.01003	0.01360	0.01064	0.01603	0.00897	0.01109	0.00751	0.00398	0.00420	0.00106	0.00464	0.00358	0.00269	0.47137
57	0.32410	0.01047	0.01334	0.01695	0.34205	0.01100	0.00978	0.03738	0.07080	0.01897	0.00953	0.02465	0.00783	0.00479	0.00412	0.00144	0.00468	0.00387	0.00301	0.08122
58	0.01360	0.07360	0.01215	0.00997	0.01222	0.38781	0.00776	0.01564	0.05864	0.03726	0.02021	0.02039	0.22487	0.00748	0.00579	0.00147	0.07695	0.00542	0.00329	0.00549
59	0.00986	0.02542	0.80183	0.01401	0.02127	0.01141	0.01816	0.01556	0.01038	0.01556	0.00882	0.01038	0.00623	0.00467	0.00467	0.00156	0.00726	0.00363	0.00208	0.00726
60	0.00623	0.00499	0.00556	0.00542	0.00690	0.00433	0.00407	0.00787	0.01220	0.01564	0.32304	0.04341	0.51991	0.01156	0.00580	0.00162	0.00243	0.00983	0.00487	0.00433
61	0.01377	0.77156	0.02473	0.00843	0.01261	0.01857	0.00832	0.01537	0.01028	0.06787	0.00773	0.00851	0.00672	0.00434	0.00328	0.00108	0.00518	0.00279	0.00239	0.00645
62	0.17002	0.07206	0.55724	0.01193	0.01800	0.01159	0.01449	0.01580	0.01020	0.06346	0.00896	0.01015	0.00642	0.00470	0.00429	0.00152	0.00631	0.00347	0.00250	0.00691
63	0.00680	0.00493	0.00681	0.03351	0.00910	0.00482	0.00608	0.00825	0.01012	0.01334	0.02611	0.51594	0.03012	0.01439	0.00642	0.00208	0.00358	0.28888	0.00447	0.00423
64	0.00621	0.00446	0.00594	0.00704	0.00747	0.00419	0.00493	0.00724	0.00969	0.01282	0.02774	0.70673	0.05836	0.01508	0.00632	0.00202	0.00304	0.10210	0.00456	0.00406
65	0.01209	0.01315	0.06817	0.03933	0.57087	0.03950	0.15370	0.01535	0.01129	0.01577	0.00928	0.01215	0.00756	0.00439	0.00501	0.00150	0.00648	0.00455	0.00242	0.00743
66	0.01168	0.01382	0.10798	0.02448	0.39126	0.01196	0.33422	0.01541	0.01127	0.01587	0.00949	0.01243	0.00748	0.00431	0.00523	0.00155	0.00701	0.00489	0.00242	0.00725
67	0.01023	0.00980	0.01505	0.19329	0.41601	0.03516	0.01187	0.01280	0.01105	0.01466	0.03721	0.02048	0.17905	0.00641	0.00509	0.00154	0.00528	0.00575	0.00292	0.00635
68	0.01302	0.01090	0.01825	0.12897	0.03519	0.01117	0.28022	0.17763	0.03639	0.08674	0.01386	0.06599	0.01169	0.00647	0.00549	0.00168	0.00620	0.07980	0.00367	0.00667
69	0.01264	0.21100	0.11352	0.06794	0.38693	0.02898	0.01310	0.04292	0.01125	0.04274	0.00896	0.01104	0.00730	0.00459	0.00459	0.00139	0.01756	0.00386	0.00251	0.00719
70	0.04267	0.06574	0.45022	0.02920	0.08315	0.14838	0.04124	0.03000	0.01120	0.01516	0.00912	0.03544	0.00725	0.00503	0.00460	0.00149	0.00704	0.00395	0.00237	0.00678
71	0.02778	0.01039	0.01625	0.20294	0.22722	0.03828	0.10183	0.03627	0.01183	0.18651	0.01387	0.02758	0.05248	0.00560	0.00522	0.00156	0.01910	0.00507	0.00340	0.00684
72	0.07403	0.04781	0.04257	0.20043	0.22704	0.01171	0.01141	0.08542	0.07821	0.06738	0.05102	0.01379	0.01007	0.00550	0.00538	0.00156	0.05219	0.00452	0.00321	0.00677

[dist]
# distance from previous block
# <min> <max>
8	16

[block]
# block no. 4 follows, 51 sequences, length 9
# corresponding to MSA columns:
# 241-249
name=unknown_E
#
# <colnr> <probs for GDERKNQSTAVLIFYWHMCP>
#	G	D	E	R	K	N	Q	S	T	A	V	L	I	F	Y	W	H	M	C	P
0	0.06059	0.01058	0.04807	0.06171	0.18287	0.03772	0.03119	0.01700	0.07663	0.19844	0.05188	0.03457	0.02710	0.00584	0.00525	0.00148	0.04002	0.00488	0.00378	0.10038
1	0.07789	0.01182	0.07323	0.12628	0.37365	0.03658	0.01218	0.03349	0.01116	0.06000	0.01079	0.01289	0.03299	0.00482	0.00460	0.00142	0.00552	0.00421	0.00281	0.10369
2	0.05840	0.01068	0.07378	0.01542	0.27202	0.00944	0.00980	0.04146	0.11409	0.01689	0.01831	0.03612	0.15287	0.00636	0.00477	0.00143	0.00453	0.00545	0.00338	0.14481
3	0.01053	0.07100	0.06726	0.00818	0.01027	0.00684	0.00706	0.01233	0.01091	0.16863	0.02340	0.24666	0.07964	0.05943	0.00686	0.00200	0.00412	0.19512	0.00439	0.00536
4	0.01311	0.39053	0.07978	0.01045	0.03359	0.10691	0.02877	0.03608	0.09854	0.03960	0.01126	0.03337	0.00996	0.00571	0.00421	0.00135	0.00559	0.06313	0.00296	0.02510
5	0.01131	0.00787	0.03676	0.00768	0.01058	0.00642	0.00620	0.01399	0.06795	0.17780	0.02065	0.18509	0.09990	0.02933	0.00546	0.00150	0.00367	0.02898	0.00426	0.27460
6	0.01343	0.01217	0.13459	0.03328	0.26893	0.01006	0.01141	0.05113	0.11215	0.17985	0.08891	0.01688	0.03332	0.00590	0.00499	0.00153	0.00504	0.00512	0.00391	0.00741
7	0.01006	0.01484	0.29933	0.01366	0.13281	0.01009	0.01192	0.01658	0.21478	0.01705	0.09632	0.08381	0.04383	0.00687	0.00508	0.00161	0.00511	0.00589	0.00354	0.00682
8	0.01240	0.01052	0.06874	0.08849	0.19595	0.00971	0.05948	0.13648	0.01333	0.11135	0.10325	0.13791	0.01629	0.00719	0.00525	0.00160	0.00504	0.00645	0.00388	0.00669

[dist]
# distance from previous block
# <min> <max>
0	4

[block]
# block no. 5 follows, 51 sequences, length 7
# corresponding to MSA columns:
# 254-260
name=unknown_F
#
# <colnr> <probs for GDERKNQSTAVLIFYWHMCP>
#	G	D	E	R	K	N	Q	S	T	A	V	L	I	F	Y	W	H	M	C	P
0	0.01166	0.01121	0.01943	0.02780	0.68814	0.01114	0.06225	0.01450	0.01108	0.01577	0.01065	0.07402	0.00964	0.00520	0.00503	0.00151	0.00576	0.00520	0.00260	0.00742
1	0.01143	0.01207	0.06288	0.13805	0.02416	0.01105	0.50323	0.01507	0.01126	0.07101	0.01185	0.08298	0.00975	0.00539	0.00559	0.00167	0.00721	0.00611	0.00285	0.00638
2	0.01460	0.01018	0.01684	0.07116	0.40327	0.00992	0.06580	0.01727	0.01200	0.25052	0.01350	0.01676	0.01046	0.00556	0.00509	0.00156	0.00547	0.05889	0.00366	0.00750
3	0.01073	0.00883	0.09976	0.00956	0.03284	0.00686	0.06599	0.01315	0.02664	0.17421	0.04695	0.16385	0.13650	0.05244	0.07020	0.00234	0.00506	0.04628	0.02210	0.00570
4	0.01051	0.01065	0.11707	0.06770	0.20047	0.00865	0.10442	0.01320	0.01077	0.09469	0.01711	0.23602	0.05096	0.00876	0.02473	0.00182	0.00541	0.00743	0.00343	0.00620
5	0.01099	0.09829	0.57488	0.01512	0.08700	0.01209	0.06999	0.01580	0.01065	0.04757	0.00918	0.01076	0.00670	0.00462	0.00463	0.00151	0.00690	0.00381	0.00230	0.00722
6	0.01287	0.08417	0.08218	0.08968	0.21419	0.05398	0.01057	0.03254	0.01147	0.16011	0.03167	0.11669	0.01248	0.00841	0.05559	0.00193	0.00583	0.00558	0.00344	0.00663

[dist]
# distance from previous block
# <min> <max>
4	13

[block]
# block no. 6 follows, 51 sequences, length 25
# corresponding to MSA columns:
# 274-298
name=unknown_G
#
# <colnr> <probs for GDERKNQSTAVLIFYWHMCP>
#	G	D	E	R	K	N	Q	S	T	A	V	L	I	F	Y	W	H	M	C	P
0	0.03554	0.24939	0.06321	0.01097	0.03349	0.24069	0.03718	0.09725	0.01294	0.02788	0.06631	0.01283	0.03879	0.00549	0.00450	0.00131	0.02095	0.00401	0.00299	0.03429
1	0.04246	0.00836	0.01202	0.05776	0.15647	0.00852	0.02780	0.06951	0.01145	0.15833	0.01625	0.24106	0.01567	0.00884	0.00653	0.03651	0.05649	0.02068	0.00391	0.04140
2	0.12787	0.14975	0.11014	0.00864	0.01172	0.05840	0.00781	0.01284	0.01003	0.05098	0.01375	0.24208	0.01406	0.00770	0.00485	0.00147	0.02990	0.00623	0.00326	0.12852
3	0.00709	0.00547	0.00655	0.00649	0.00781	0.00484	0.00455	0.00860	0.03217	0.01355	0.06873	0.38685	0.15080	0.11211	0.00797	0.00202	0.00317	0.01004	0.00413	0.15707
4	0.01149	0.06499	0.17313	0.14082	0.06151	0.01057	0.06750	0.04200	0.11593	0.08904	0.11601	0.03330	0.01444	0.00610	0.00498	0.00155	0.00537	0.01582	0.00355	0.02191
5	0.00995	0.02486	0.77008	0.01466	0.05275	0.01142	0.01803	0.01554	0.01041	0.01558	0.00884	0.01045	0.00629	0.00466	0.00468	0.00155	0.00720	0.00366	0.00209	0.00728
6	0.00704	0.00520	0.00755	0.00755	0.00831	0.00596	0.00571	0.00855	0.00780	0.01115	0.01348	0.02106	0.01305	0.14444	0.70127	0.00747	0.01202	0.00552	0.00268	0.00420
7	0.01182	0.01223	0.02357	0.05493	0.44375	0.01197	0.33693	0.01527	0.01131	0.01579	0.00952	0.01266	0.00760	0.00430	0.00526	0.00155	0.00690	0.00498	0.00245	0.00721
8	0.00937	0.00883	0.01464	0.26685	0.07846	0.01052	0.09300	0.01176	0.00924	0.01282	0.01083	0.06554	0.00998	0.01284	0.16828	0.00303	0.18358	0.02247	0.00252	0.00541
9	0.01241	0.65241	0.19724	0.00965	0.01453	0.01767	0.01056	0.01490	0.01007	0.01245	0.00727	0.00843	0.00629	0.00431	0.00349	0.00116	0.00570	0.00285	0.00210	0.00652
10	0.00942	0.07600	0.04001	0.12720	0.05798	0.04399	0.00793	0.01304	0.09770	0.03001	0.26923	0.02525	0.11995	0.00944	0.05020	0.00189	0.00469	0.00655	0.00395	0.00555
11	0.00685	0.00496	0.00610	0.00585	0.00682	0.00460	0.00416	0.00853	0.01209	0.01667	0.53002	0.03706	0.13506	0.18841	0.00998	0.00226	0.00287	0.00870	0.00477	0.00421
12	0.01365	0.01081	0.05986	0.10828	0.29363	0.00962	0.03049	0.01676	0.03569	0.19971	0.01180	0.01310	0.00871	0.00478	0.00468	0.00138	0.00521	0.00427	0.00341	0.16417
13	0.00715	0.00476	0.00536	0.00536	0.00536	0.00476	0.00298	0.00715	0.00715	0.00953	0.01548	0.03216	0.01787	0.82729	0.02501	0.00476	0.00476	0.00715	0.00298	0.00298
14	0.86201	0.00950	0.00722	0.00646	0.00950	0.01102	0.00532	0.01445	0.00836	0.02205	0.00684	0.00798	0.00532	0.00456	0.00304	0.00152	0.00380	0.00266	0.00304	0.00532
15	0.01006	0.07585	0.75320	0.01366	0.02073	0.01192	0.01755	0.01551	0.01035	0.01531	0.00869	0.01022	0.00623	0.00464	0.00457	0.00152	0.00714	0.00357	0.00208	0.00720
16	0.00687	0.00540	0.00625	0.00597	0.00745	0.00498	0.00449	0.00958	0.06844	0.01715	0.43499	0.03970	0.34916	0.01078	0.00574	0.00160	0.00250	0.00925	0.00504	0.00466
17	0.00765	0.00518	0.00679	0.00630	0.00758	0.00476	0.00476	0.00995	0.01392	0.05584	0.75817	0.03578	0.04478	0.00986	0.00576	0.00154	0.00240	0.00870	0.00544	0.00481
18	0.01151	0.04786	0.01709	0.01618	0.15719	0.04683	0.07174	0.03254	0.00937	0.01342	0.00828	0.04415	0.00787	0.00734	0.01150	0.00188	0.48215	0.00471	0.00241	0.00599
19	0.13439	0.01162	0.15466	0.00939	0.01372	0.00850	0.00895	0.02113	0.01262	0.55119	0.01575	0.01438	0.01015	0.00562	0.00463	0.00153	0.00469	0.00439	0.00494	0.00775
20	0.01019	0.00873	0.01019	0.00728	0.01165	0.00655	0.00582	0.01237	0.01019	0.01601	0.00873	0.01019	0.00728	0.00364	0.00364	0.00073	0.00364	0.00291	0.00291	0.85734
21	0.01019	0.00873	0.01019	0.00728	0.01165	0.00655	0.00582	0.01237	0.01019	0.01601	0.00873	0.01019	0.00728	0.00364	0.00364	0.00073	0.00364	0.00291	0.00291	0.85734
22	0.01512	0.01217	0.01326	0.01125	0.03270	0.05675	0.04036	0.28689	0.34970	0.07000	0.01695	0.01625	0.04321	0.00635	0.00500	0.00156	0.00488	0.00517	0.00472	0.00770
23	0.00667	0.00491	0.00669	0.00709	0.00792	0.00448	0.03654	0.00775	0.00992	0.03536	0.03014	0.60319	0.17339	0.03307	0.00657	0.00197	0.00309	0.01254	0.00448	0.00423
24	0.01227	0.01166	0.01436	0.03599	0.27191	0.10797	0.01046	0.09871	0.08710	0.01697	0.08024	0.10231	0.01421	0.00707	0.00645	0.00161	0.10497	0.00577	0.00341	0.00656

[dist]
# distance from previous block
# <min> <max>
0	1

[block]
# block no. 7 follows, 51 sequences, length 7
# corresponding to MSA columns:
# 300-306
name=unknown_H
#
# <colnr> <probs for GDERKNQSTAVLIFYWHMCP>
#	G	D	E	R	K	N	Q	S	T	A	V	L	I	F	Y	W	H	M	C	P
0	0.00731	0.00579	0.00829	0.05322	0.10723	0.00574	0.00650	0.00926	0.04169	0.01421	0.12010	0.54767	0.02907	0.01243	0.00591	0.00184	0.00340	0.01128	0.00429	0.00478
1	0.01019	0.00873	0.01019	0.00728	0.01165	0.00655	0.00582	0.01237	0.01019	0.01601	0.00873	0.01019	0.00728	0.00364	0.00364	0.00073	0.00364	0.00291	0.00291	0.85734
2	0.00928	0.00873	0.01474	0.81548	0.03385	0.01092	0.01365	0.01256	0.00983	0.01256	0.00873	0.01310	0.00655	0.00491	0.00491	0.00164	0.00655	0.00437	0.00218	0.00546
3	0.01076	0.01029	0.01721	0.37637	0.39050	0.01164	0.01407	0.01368	0.01027	0.01414	0.00877	0.01246	0.00712	0.00498	0.00587	0.00160	0.07706	0.00437	0.00230	0.00654
4	0.12775	0.00851	0.01088	0.00846	0.01216	0.00770	0.00698	0.02275	0.01335	0.70214	0.01781	0.01563	0.01130	0.00589	0.00470	0.00152	0.00413	0.00465	0.00570	0.00798
5	0.01248	0.09928	0.16675	0.03217	0.03872	0.08770	0.16472	0.03560	0.14896	0.05139	0.04370	0.01346	0.01015	0.00514	0.00478	0.00145	0.00611	0.00454	0.00318	0.06974
6	0.01142	0.01132	0.02047	0.20166	0.48589	0.01165	0.15590	0.01465	0.01096	0.01523	0.00926	0.01257	0.00745	0.00445	0.00505	0.00154	0.00645	0.00464	0.00239	0.00706

[dist]
# distance from previous block
# <min> <max>
0	1

[block]
# block no. 8 follows, 51 sequences, length 16
# corresponding to MSA columns:
# 308-323
name=unknown_I
#
# <colnr> <probs for GDERKNQSTAVLIFYWHMCP>
#	G	D	E	R	K	N	Q	S	T	A	V	L	I	F	Y	W	H	M	C	P
0	0.01114	0.23252	0.52160	0.01210	0.01806	0.03787	0.01456	0.01539	0.01057	0.03252	0.02695	0.01147	0.00782	0.00492	0.00435	0.00143	0.00655	0.02098	0.00232	0.00687
1	0.29124	0.01031	0.01012	0.03371	0.01247	0.01193	0.00723	0.05744	0.47202	0.02129	0.01495	0.01447	0.01125	0.00589	0.00435	0.00161	0.00401	0.00452	0.00427	0.00693
2	0.01088	0.00611	0.00797	0.00699	0.00887	0.00564	0.00542	0.01367	0.05256	0.20885	0.56770	0.03095	0.03652	0.00892	0.00555	0.00155	0.00285	0.00777	0.00555	0.00570
3	0.01263	0.00907	0.01073	0.00781	0.01206	0.00733	0.00631	0.07453	0.01179	0.13425	0.01057	0.01129	0.00809	0.00418	0.00393	0.00091	0.00386	0.00333	0.00354	0.66378
4	0.00928	0.00873	0.01474	0.81548	0.03385	0.01092	0.01365	0.01256	0.00983	0.01256	0.00873	0.01310	0.00655	0.00491	0.00491	0.00164	0.00655	0.00437	0.00218	0.00546
5	0.01019	0.00873	0.01019	0.00728	0.01165	0.00655	0.00582	0.01237	0.01019	0.01601	0.00873	0.01019	0.00728	0.00364	0.00364	0.00073	0.00364	0.00291	0.00291	0.85734
6	0.78794	0.00940	0.00759	0.00666	0.00977	0.01069	0.00549	0.01528	0.00887	0.09065	0.00795	0.00875	0.00593	0.00470	0.00321	0.00152	0.00384	0.00286	0.00331	0.00559
7	0.01458	0.01177	0.01587	0.23108	0.18945	0.03456	0.03034	0.29730	0.03967	0.07061	0.01100	0.01270	0.00812	0.00528	0.00492	0.00152	0.00585	0.00447	0.00360	0.00732
8	0.01193	0.01144	0.01952	0.09418	0.73446	0.01161	0.01496	0.01488	0.01108	0.01577	0.00920	0.01224	0.00768	0.00442	0.00487	0.00147	0.00590	0.00438	0.00241	0.00759
9	0.15390	0.07875	0.01363	0.19892	0.01793	0.11872	0.00924	0.15964	0.04359	0.14424	0.01084	0.01182	0.00787	0.00526	0.00441	0.00147	0.00561	0.00394	0.00361	0.00664
10	0.01199	0.01323	0.00972	0.00962	0.01104	0.36704	0.00695	0.03847	0.01191	0.01293	0.01778	0.42900	0.01988	0.01042	0.00540	0.00165	0.00565	0.00877	0.00366	0.00491
11	0.00599	0.00428	0.00570	0.00684	0.00713	0.00399	0.00456	0.00684	0.00941	0.01254	0.02709	0.82409	0.03250	0.01540	0.00627	0.00200	0.00285	0.01397	0.00456	0.00399
12	0.00599	0.00428	0.00570	0.00684	0.00713	0.00399	0.00456	0.00684	0.00941	0.01254	0.02709	0.82409	0.03250	0.01540	0.00627	0.00200	0.00285	0.01397	0.00456	0.00399
13	0.01017	0.00825	0.01011	0.00944	0.01047	0.02791	0.00724	0.11904	0.05559	0.03992	0.01841	0.40574	0.02001	0.01124	0.00851	0.00191	0.21758	0.00907	0.00400	0.00536
14	0.01538	0.01242	0.01704	0.03632	0.35088	0.01313	0.02989	0.35831	0.04863	0.05238	0.01122	0.01247	0.00847	0.00522	0.00492	0.00149	0.00558	0.00450	0.00378	0.00799
15	0.01126	0.02397	0.01166	0.00996	0.01221	0.02329	0.07837	0.23904	0.06073	0.01927	0.04188	0.27558	0.05335	0.01012	0.00570	0.00177	0.00451	0.10696	0.00444	0.00592

[dist]
# distance from previous block
# <min> <max>
0	5

[block]
# block no. 9 follows, 51 sequences, length 7
# corresponding to MSA columns:
# 329-335
name=unknown_J
#
# <colnr> <probs for GDERKNQSTAVLIFYWHMCP>
#	G	D	E	R	K	N	Q	S	T	A	V	L	I	F	Y	W	H	M	C	P
0	0.00631	0.00460	0.00591	0.00677	0.00736	0.00429	0.00479	0.00741	0.00994	0.01306	0.06350	0.55166	0.12697	0.06021	0.00731	0.00212	0.00310	0.10614	0.00451	0.00405
1	0.03310	0.27923	0.08369	0.05683	0.06796	0.15711	0.03176	0.04204	0.04897	0.04979	0.03052	0.01102	0.00835	0.00483	0.00414	0.00127	0.00592	0.00362	0.00281	0.07705
2	0.08193	0.07541	0.06894	0.03530	0.09843	0.03683	0.05803	0.03562	0.04305	0.04039	0.00941	0.01087	0.00748	0.00429	0.00409	0.00114	0.00490	0.00353	0.00293	0.37743
3	0.08703	0.05344	0.11866	0.03312	0.10942	0.04131	0.07378	0.10350	0.10408	0.10511	0.01148	0.01265	0.00865	0.00647	0.03368	0.00176	0.05807	0.00431	0.00342	0.03007
4	0.05471	0.01385	0.13579	0.04684	0.21636	0.05153	0.12988	0.07977	0.05045	0.07896	0.01175	0.01325	0.03072	0.00501	0.00484	0.00148	0.00601	0.00452	0.00312	0.06116
5	0.02660	0.08342	0.11966	0.02855	0.01353	0.06351	0.03928	0.05826	0.14412	0.09007	0.08215	0.04643	0.03610	0.03135	0.00530	0.00155	0.00484	0.00524	0.05998	0.06003
6	0.03436	0.13589	0.17569	0.01285	0.06628	0.08243	0.09815	0.07579	0.05613	0.11663	0.01184	0.01262	0.02936	0.00508	0.00456	0.00140	0.00593	0.00418	0.00324	0.06760

[dist]
# distance from previous block
# <min> <max>
0	21

[block]
# block no. 10 follows, 51 sequences, length 46
# corresponding to MSA columns:
# 357-402
name=unknown_K
#
# <colnr> <probs for GDERKNQSTAVLIFYWHMCP>
#	G	D	E	R	K	N	Q	S	T	A	V	L	I	F	Y	W	H	M	C	P
0	0.01295	0.01127	0.01618	0.01988	0.39994	0.03023	0.03685	0.11848	0.08201	0.04555	0.02362	0.01385	0.00963	0.04326	0.00571	0.00155	0.00532	0.00454	0.00326	0.11591
1	0.03463	0.01084	0.03414	0.01556	0.22557	0.02556	0.06391	0.12502	0.10484	0.05530	0.06189	0.01909	0.05751	0.00630	0.00502	0.00150	0.00498	0.05553	0.00376	0.08905
2	0.03439	0.06493	0.01522	0.01449	0.18398	0.03992	0.07414	0.09082	0.07311	0.17693	0.08481	0.02750	0.02338	0.00617	0.00496	0.00150	0.00501	0.03816	0.00404	0.03655
3	0.04506	0.03924	0.03467	0.01589	0.27371	0.01021	0.03299	0.11265	0.01190	0.04514	0.02661	0.01487	0.00991	0.12051	0.00760	0.00180	0.02016	0.00450	0.00311	0.16949
4	0.12294	0.01107	0.04795	0.06825	0.21497	0.01094	0.02485	0.18979	0.02750	0.11026	0.06095	0.01595	0.06161	0.00590	0.00478	0.00152	0.00498	0.00491	0.00383	0.00704
5	0.01352	0.01217	0.11587	0.03470	0.16571	0.03783	0.03977	0.06826	0.11022	0.17097	0.08108	0.01702	0.04685	0.00596	0.00494	0.00149	0.00506	0.00511	0.00396	0.05952
6	0.01166	0.01222	0.11316	0.01152	0.07683	0.06203	0.05074	0.08700	0.06442	0.04501	0.11644	0.04995	0.01425	0.00582	0.00470	0.00130	0.00487	0.00496	0.00356	0.25955
7	0.08087	0.01260	0.11958	0.01080	0.01446	0.01161	0.05917	0.10699	0.39221	0.03388	0.01560	0.05356	0.01219	0.00623	0.00483	0.00158	0.00474	0.00521	0.00416	0.04972
8	0.01162	0.01118	0.01775	0.06391	0.62221	0.03306	0.01336	0.01434	0.01112	0.01559	0.01183	0.01429	0.05997	0.00490	0.00482	0.00142	0.00556	0.00462	0.00260	0.07586
9	0.06708	0.00743	0.02894	0.00792	0.00993	0.02096	0.02388	0.03148	0.01193	0.14777	0.21267	0.18546	0.09831	0.00970	0.00594	0.00167	0.04156	0.04429	0.00461	0.03847
10	0.01291	0.29343	0.02391	0.01455	0.04834	0.01457	0.32141	0.05440	0.06323	0.05337	0.01084	0.01247	0.02482	0.00481	0.00497	0.00144	0.02635	0.00459	0.00285	0.00673
11	0.00691	0.00514	0.00727	0.03840	0.04338	0.00504	0.00628	0.00833	0.01003	0.01329	0.02534	0.54729	0.02930	0.01403	0.00630	0.00203	0.00358	0.21933	0.00437	0.00436
12	0.01293	0.01184	0.01902	0.06100	0.65795	0.01213	0.01424	0.11901	0.01275	0.01793	0.00957	0.01215	0.00781	0.00461	0.00487	0.00147	0.00581	0.00438	0.00276	0.00776
13	0.86201	0.00950	0.00722	0.00646	0.00950	0.01102	0.00532	0.01445	0.00836	0.02205	0.00684	0.00798	0.00532	0.00456	0.00304	0.00152	0.00380	0.00266	0.00304	0.00532
14	0.01188	0.01139	0.01943	0.10754	0.72148	0.01160	0.01494	0.01483	0.01106	0.01571	0.00919	0.01226	0.00766	0.00443	0.00487	0.00148	0.00591	0.00438	0.00241	0.00756
15	0.00928	0.00873	0.01474	0.81548	0.03385	0.01092	0.01365	0.01256	0.00983	0.01256	0.00873	0.01310	0.00655	0.00491	0.00491	0.00164	0.00655	0.00437	0.00218	0.00546
16	0.01185	0.01135	0.01938	0.11621	0.71306	0.01159	0.01492	0.01481	0.01104	0.01567	0.00919	0.01227	0.00765	0.00444	0.00487	0.00148	0.00592	0.00438	0.00241	0.00753
17	0.01408	0.42383	0.03746	0.01478	0.20225	0.20568	0.01048	0.01599	0.01122	0.01284	0.00764	0.00920	0.00667	0.00446	0.00390	0.00121	0.00630	0.00320	0.00228	0.00654
18	0.00599	0.00428	0.00570	0.00684	0.00713	0.00399	0.00456	0.00684	0.00941	0.01254	0.02709	0.82409	0.03250	0.01540	0.00627	0.00200	0.00285	0.01397	0.00456	0.00399
19	0.01108	0.00926	0.01067	0.00770	0.01202	0.00747	0.00619	0.09322	0.01155	0.01759	0.00906	0.01036	0.00739	0.00388	0.00377	0.00081	0.00383	0.00307	0.00312	0.76795
20	0.01192	0.00867	0.04346	0.00874	0.02857	0.07091	0.00695	0.01464	0.06197	0.20234	0.17795	0.13154	0.10498	0.00947	0.00554	0.00168	0.00403	0.09600	0.00480	0.00585
21	0.06033	0.00898	0.01137	0.00897	0.01239	0.00868	0.00737	0.08355	0.06858	0.57745	0.01746	0.01579	0.01147	0.00614	0.00534	0.00154	0.04378	0.00479	0.03814	0.00789
22	0.01227	0.00988	0.01076	0.00982	0.01247	0.01120	0.00776	0.02417	0.65649	0.06259	0.02066	0.02249	0.01637	0.00743	0.00520	0.00173	0.00398	0.09229	0.00501	0.00744
23	0.00928	0.00873	0.01474	0.81548	0.03385	0.01092	0.01365	0.01256	0.00983	0.01256	0.00873	0.01310	0.00655	0.00491	0.00491	0.00164	0.00655	0.00437	0.00218	0.00546
24	0.01340	0.01296	0.01367	0.01383	0.12019	0.20647	0.06057	0.17291	0.01433	0.01754	0.01606	0.05439	0.04167	0.00804	0.00544	0.00167	0.00607	0.21095	0.00370	0.00616
25	0.01017	0.00769	0.01097	0.01383	0.19452	0.03017	0.00926	0.01241	0.01145	0.07808	0.02169	0.09174	0.04103	0.01066	0.00606	0.00195	0.00477	0.43385	0.00411	0.00559
26	0.00592	0.00453	0.00544	0.00616	0.00695	0.00405	0.00426	0.00692	0.01007	0.01281	0.03540	0.53938	0.31184	0.01431	0.00610	0.00187	0.00272	0.01265	0.00456	0.00405
