[name]
unknown

[dist]
# distance from previous block
# <min> <max>
0	284

[block]
# block no. 0 follows, 46 sequences, length 32
# corresponding to MSA columns:
# 437-468
name=unknown_A
#
# <colnr> <probs for GDERKNQSTAVLIFYWHMCP>
#	G	D	E	R	K	N	Q	S	T	A	V	L	I	F	Y	W	H	M	C	P
0	0.00704	0.00503	0.00644	0.00734	0.00787	0.00479	0.00518	0.00810	0.01021	0.01339	0.02863	0.46783	0.09232	0.16309	0.01053	0.00272	0.00374	0.14696	0.00459	0.00421
1	0.04427	0.21236	0.29985	0.01175	0.01675	0.01316	0.03718	0.01681	0.01171	0.13089	0.06852	0.02990	0.01187	0.00618	0.00554	0.00160	0.05372	0.01744	0.00331	0.00719
2	0.05813	0.01006	0.01271	0.00978	0.01386	0.00945	0.00808	0.15414	0.01657	0.62146	0.01886	0.01667	0.01206	0.00644	0.00522	0.00163	0.00471	0.00512	0.00619	0.00886
3	0.00852	0.00569	0.00708	0.00657	0.00818	0.00509	0.00498	0.01070	0.01428	0.08224	0.54226	0.04046	0.22188	0.01108	0.00616	0.00169	0.00270	0.00960	0.00566	0.00519
4	0.01458	0.14773	0.02097	0.07880	0.01964	0.03105	0.23347	0.04069	0.12977	0.13765	0.01360	0.03734	0.01050	0.00600	0.00602	0.00168	0.05405	0.00540	0.00372	0.00732
5	0.01058	0.01002	0.01686	0.64201	0.16825	0.01202	0.01487	0.01397	0.01076	0.01415	0.00942	0.01384	0.00728	0.00530	0.00562	0.00174	0.02989	0.00470	0.00240	0.00632
6	0.78329	0.01060	0.00843	0.00738	0.01073	0.01223	0.00608	0.07696	0.01030	0.02451	0.00780	0.00892	0.00599	0.00503	0.00344	0.00163	0.00423	0.00302	0.00344	0.00599
7	0.01840	0.00971	0.01281	0.01179	0.08718	0.00943	0.00866	0.16314	0.01591	0.39543	0.06443	0.02103	0.04310	0.00990	0.07017	0.00222	0.00555	0.03770	0.00544	0.00800
8	0.06655	0.20955	0.12615	0.01289	0.01726	0.04448	0.11037	0.17976	0.04699	0.04608	0.01032	0.01168	0.00799	0.00567	0.00592	0.00159	0.08173	0.00426	0.00334	0.00741
9	0.00918	0.00459	0.00689	0.00689	0.00689	0.00459	0.00459	0.00689	0.00689	0.00918	0.00918	0.01607	0.00918	0.01837	0.02066	0.84619	0.00459	0.00459	0.00230	0.00230
10	0.01577	0.01213	0.01325	0.01009	0.01424	0.01218	0.00823	0.44415	0.01905	0.02620	0.01546	0.01572	0.08126	0.00621	0.00492	0.00134	0.00489	0.00482	0.00454	0.28555
11	0.85155	0.01022	0.00777	0.00695	0.01022	0.01186	0.00573	0.01554	0.00900	0.02372	0.00736	0.00859	0.00573	0.00491	0.00327	0.00164	0.00409	0.00286	0.00327	0.00573
12	0.00998	0.00940	0.01586	0.80150	0.03641	0.01175	0.01468	0.01351	0.01057	0.01351	0.00940	0.01409	0.00705	0.00529	0.00529	0.00176	0.00705	0.00470	0.00235	0.00587
13	0.01135	0.00906	0.01252	0.35196	0.02209	0.01009	0.01016	0.14470	0.01358	0.05085	0.04619	0.05135	0.15174	0.00962	0.05255	0.00211	0.00594	0.00647	0.00379	0.03389
14	0.00985	0.00493	0.00493	0.00493	0.00616	0.00493	0.00370	0.01232	0.01109	0.01971	0.01725	0.01971	0.01355	0.00616	0.00370	0.00123	0.00246	0.00493	0.84356	0.00493
15	0.00985	0.00493	0.00493	0.00493	0.00616	0.00493	0.00370	0.01232	0.01109	0.01971	0.01725	0.01971	0.01355	0.00616	0.00370	0.00123	0.00246	0.00493	0.84356	0.00493
16	0.04558	0.07832	0.01969	0.01390	0.03538	0.01238	0.23570	0.15995	0.02763	0.12125	0.01191	0.01312	0.00879	0.00505	0.00505	0.00144	0.00607	0.00472	0.00382	0.19026
17	0.00830	0.00707	0.00916	0.00885	0.00982	0.05270	0.07638	0.00977	0.02731	0.01354	0.05401	0.44594	0.02693	0.19602	0.02670	0.00284	0.00469	0.01122	0.00419	0.00455
18	0.46405	0.00965	0.00988	0.00810	0.01176	0.00995	0.00668	0.02033	0.01187	0.38002	0.01368	0.01299	0.00917	0.00567	0.00423	0.00164	0.00428	0.00401	0.00480	0.00726
19	0.00747	0.00541	0.00718	0.00766	0.00871	0.00512	0.00596	0.00951	0.01282	0.01737	0.33483	0.22826	0.08411	0.01345	0.00667	0.00201	0.00335	0.23009	0.00527	0.00476
20	0.01491	0.01069	0.01289	0.01077	0.01362	0.01129	0.04750	0.40340	0.01823	0.07007	0.01910	0.30536	0.01870	0.01000	0.00587	0.00181	0.00489	0.00863	0.00509	0.00717
21	0.01045	0.00905	0.03614	0.00848	0.01214	0.00717	0.03392	0.01363	0.05728	0.04507	0.14857	0.07622	0.05046	0.00678	0.00488	0.00123	0.00390	0.00584	0.00402	0.46479
22	0.01114	0.01077	0.01753	0.41637	0.15743	0.01304	0.05320	0.01458	0.04221	0.01451	0.00951	0.01359	0.00768	0.00613	0.00808	0.00186	0.18857	0.00482	0.00253	0.00645
23	0.00985	0.00493	0.00493	0.00493	0.00616	0.00493	0.00370	0.01232	0.01109	0.01971	0.01725	0.01971	0.01355	0.00616	0.00370	0.00123	0.00246	0.00493	0.84356	0.00493
24	0.01155	0.01192	0.02297	0.25560	0.10095	0.01218	0.37608	0.04206	0.01227	0.01631	0.01382	0.01705	0.07110	0.00553	0.00582	0.00175	0.00747	0.00598	0.00285	0.00672
25	0.01747	0.02159	0.01636	0.01420	0.01676	0.58426	0.08112	0.01909	0.01368	0.01333	0.00973	0.01163	0.03243	0.00615	0.00672	0.00155	0.12097	0.00410	0.00273	0.00612
26	0.09450	0.00810	0.00985	0.00825	0.01110	0.00775	0.00661	0.06153	0.04758	0.32550	0.27089	0.02662	0.07044	0.00835	0.00552	0.00167	0.00376	0.01923	0.00575	0.00700
27	0.00985	0.00493	0.00493	0.00493	0.00616	0.00493	0.00370	0.01232	0.01109	0.01971	0.01725	0.01971	0.01355	0.00616	0.00370	0.00123	0.00246	0.00493	0.84356	0.00493
28	0.02239	0.00870	0.01184	0.00918	0.01304	0.00754	0.00754	0.02447	0.01512	0.72219	0.08306	0.01976	0.01611	0.00689	0.00539	0.00164	0.00433	0.00566	0.00648	0.00867
29	0.01295	0.01088	0.01177	0.04449	0.01419	0.01234	0.00830	0.10958	0.55309	0.02226	0.05097	0.02234	0.08814	0.00772	0.00548	0.00176	0.00429	0.00640	0.00521	0.00784
30	0.20182	0.01238	0.01322	0.01035	0.01434	0.01329	0.00855	0.41931	0.01901	0.21622	0.01354	0.01310	0.00929	0.00608	0.00486	0.00161	0.00512	0.00448	0.00516	0.00828
31	0.01902	0.01494	0.07042	0.01194	0.03104	0.09499	0.01002	0.40671	0.03299	0.18273	0.01620	0.01575	0.05553	0.00660	0.00528	0.00159	0.00587	0.00507	0.00498	0.00831

[dist]
# distance from previous block
# <min> <max>
1	5

[block]
# block no. 1 follows, 46 sequences, length 49
# corresponding to MSA columns:
# 474-522
name=unknown_B
#
# <colnr> <probs for GDERKNQSTAVLIFYWHMCP>
#	G	D	E	R	K	N	Q	S	T	A	V	L	I	F	Y	W	H	M	C	P
0	0.01389	0.28793	0.24991	0.01232	0.01760	0.01500	0.07756	0.11812	0.01320	0.06810	0.01115	0.05574	0.00917	0.00571	0.00471	0.00149	0.00635	0.00456	0.00315	0.02435
1	0.00756	0.00573	0.00722	0.00735	0.00865	0.00498	0.00512	0.00880	0.01036	0.01444	0.05260	0.56035	0.02862	0.05798	0.00722	0.00199	0.00335	0.01177	0.00445	0.19147
2	0.00944	0.05302	0.01219	0.21401	0.09611	0.00917	0.00915	0.01328	0.09491	0.01666	0.19140	0.08480	0.14243	0.00892	0.00570	0.00173	0.00453	0.02253	0.00412	0.00590
3	0.07759	0.03010	0.05288	0.07063	0.04229	0.08350	0.09105	0.14733	0.12761	0.04826	0.03831	0.01416	0.01049	0.00606	0.00607	0.00163	0.07165	0.00480	0.00378	0.07179
4	0.34136	0.01067	0.00956	0.00832	0.01107	0.08397	0.00646	0.06237	0.06264	0.14470	0.05032	0.01763	0.02792	0.13284	0.00792	0.00217	0.00484	0.00488	0.00416	0.00621
5	0.00985	0.00493	0.00493	0.00493	0.00616	0.00493	0.00370	0.01232	0.01109	0.01971	0.01725	0.01971	0.01355	0.00616	0.00370	0.00123	0.00246	0.00493	0.84356	0.00493
6	0.00998	0.00940	0.01586	0.80150	0.03641	0.01175	0.01468	0.01351	0.01057	0.01351	0.00940	0.01409	0.00705	0.00529	0.00529	0.00176	0.00705	0.00470	0.00235	0.00587
7	0.01367	0.01149	0.03257	0.26192	0.12101	0.01172	0.21967	0.01699	0.01197	0.15360	0.01173	0.01441	0.00858	0.00541	0.00624	0.00172	0.05591	0.00517	0.00325	0.03297
8	0.02010	0.01481	0.01587	0.01216	0.01639	0.01639	0.01005	0.76360	0.02486	0.03332	0.01269	0.01269	0.00899	0.00635	0.00529	0.00159	0.00582	0.00476	0.00529	0.00899
9	0.01413	0.81739	0.02770	0.00905	0.01357	0.02092	0.00905	0.01583	0.01074	0.01244	0.00735	0.00848	0.00678	0.00452	0.00339	0.00113	0.00565	0.00283	0.00226	0.00678
10	0.01060	0.02735	0.78682	0.01507	0.02288	0.01228	0.01953	0.01674	0.01116	0.01674	0.00949	0.01116	0.00670	0.00502	0.00502	0.00167	0.00781	0.00391	0.00223	0.00781
11	0.01162	0.01278	0.02724	0.01983	0.02436	0.01201	0.64317	0.01546	0.01193	0.01616	0.01268	0.08253	0.01110	0.06456	0.00779	0.00206	0.00815	0.00708	0.00290	0.00661
12	0.01211	0.01063	0.01505	0.03967	0.01588	0.01177	0.12691	0.10632	0.20499	0.01983	0.10803	0.02483	0.01839	0.00836	0.00757	0.00190	0.11975	0.11712	0.00432	0.02657
13	0.00678	0.00484	0.00652	0.00775	0.00820	0.00459	0.00550	0.00795	0.01046	0.01387	0.02895	0.68844	0.03423	0.01624	0.00684	0.00219	0.00336	0.13400	0.00490	0.00439
14	0.00762	0.00538	0.00707	0.00707	0.00752	0.00583	0.00483	0.00852	0.00807	0.01121	0.01547	0.02800	0.01636	0.44489	0.39232	0.00673	0.00943	0.00672	0.00303	0.00393
15	0.23536	0.26139	0.01726	0.00975	0.01375	0.03532	0.04992	0.07334	0.04745	0.19303	0.01167	0.01184	0.00860	0.00536	0.00422	0.00148	0.00521	0.00389	0.00390	0.00725
16	0.00985	0.00493	0.00493	0.00493	0.00616	0.00493	0.00370	0.01232	0.01109	0.01971	0.01725	0.01971	0.01355	0.00616	0.00370	0.00123	0.00246	0.00493	0.84356	0.00493
17	0.00685	0.00493	0.00596	0.00652	0.00703	0.00461	0.00426	0.00766	0.00999	0.01312	0.07525	0.41162	0.14786	0.25475	0.01268	0.00295	0.00359	0.01189	0.00445	0.00404
18	0.01195	0.18371	0.43347	0.01803	0.19302	0.01413	0.04220	0.01645	0.01132	0.01600	0.00920	0.01116	0.00714	0.00483	0.00478	0.00154	0.00707	0.00395	0.00234	0.00771
19	0.01065	0.01054	0.01832	0.54136	0.03109	0.01278	0.13134	0.01391	0.01044	0.01391	0.00917	0.01368	0.00718	0.00585	0.00755	0.00186	0.14701	0.00493	0.00239	0.00605
20	0.01150	0.01244	0.02625	0.01929	0.02374	0.01176	0.60147	0.01550	0.01244	0.01695	0.07653	0.02005	0.01346	0.00769	0.05017	0.00219	0.00837	0.06044	0.00311	0.00665
21	0.01080	0.07073	0.74513	0.01474	0.02237	0.01275	0.01896	0.01669	0.01114	0.01651	0.00937	0.01101	0.00670	0.00500	0.00493	0.00164	0.00769	0.00385	0.00223	0.00776
22	0.01654	0.23205	0.03025	0.17796	0.01860	0.01319	0.00991	0.07946	0.05358	0.26861	0.03996	0.01484	0.01106	0.00586	0.00481	0.00153	0.00543	0.00461	0.00422	0.00753
23	0.41724	0.01191	0.01018	0.00869	0.01195	0.13272	0.00692	0.01915	0.01177	0.25744	0.01219	0.01310	0.00893	0.05060	0.00546	0.00179	0.00513	0.00398	0.00420	0.00666
24	0.01311	0.46419	0.06475	0.01062	0.01408	0.01792	0.00998	0.01702	0.12951	0.01425	0.00977	0.01131	0.00843	0.00675	0.02520	0.00168	0.16801	0.00381	0.00277	0.00684
25	0.01273	0.01390	0.13935	0.31525	0.06924	0.01244	0.14856	0.12721	0.01342	0.05321	0.01133	0.03934	0.00871	0.00564	0.00546	0.00172	0.00703	0.00522	0.00312	0.00710
26	0.00985	0.00493	0.00493	0.00493	0.00616	0.00493	0.00370	0.01232	0.01109	0.01971	0.01725	0.01971	0.01355	0.00616	0.00370	0.00123	0.00246	0.00493	0.84356	0.00493
27	0.00985	0.00493	0.00493	0.00493	0.00616	0.00493	0.00370	0.01232	0.01109	0.01971	0.01725	0.01971	0.01355	0.00616	0.00370	0.00123	0.00246	0.00493	0.84356	0.00493
28	0.39408	0.01159	0.01135	0.00927	0.01287	0.01278	0.00760	0.30498	0.01589	0.11697	0.01201	0.04810	0.00920	0.00619	0.00445	0.00164	0.00476	0.00444	0.00451	0.00731
29	0.01614	0.01658	0.02048	0.01737	0.08954	0.20686	0.24575	0.18848	0.10815	0.02032	0.01177	0.01329	0.00896	0.00548	0.00546	0.00162	0.00755	0.00503	0.00360	0.00757
30	0.02355	0.00926	0.01243	0.00953	0.01363	0.00817	0.00787	0.05963	0.01558	0.75040	0.02048	0.01775	0.01290	0.00653	0.00532	0.00163	0.00456	0.00529	0.00649	0.00900
31	0.01155	0.01192	0.01573	0.66189	0.03280	0.13435	0.01392	0.01468	0.01121	0.01340	0.00915	0.01333	0.00701	0.00539	0.00545	0.00171	0.02369	0.00449	0.00241	0.00591
32	0.01373	0.01165	0.01228	0.01088	0.01397	0.01342	0.00851	0.08977	0.70906	0.02305	0.02078	0.01913	0.01554	0.00710	0.00537	0.00178	0.00432	0.00587	0.00537	0.00842
33	0.01950	0.01262	0.01427	0.01085	0.01512	0.01295	0.00893	0.47636	0.02044	0.20354	0.01405	0.01364	0.00975	0.00601	0.00508	0.00147	0.00522	0.00463	0.00524	0.14034
34	0.01122	0.15082	0.64333	0.01436	0.02157	0.01367	0.04190	0.01661	0.01114	0.01607	0.00919	0.01084	0.00675	0.00493	0.00481	0.00159	0.00751	0.00381	0.00225	0.00763
35	0.00985	0.00493	0.00493	0.00493	0.00616	0.00493	0.00370	0.01232	0.01109	0.01971	0.01725	0.01971	0.01355	0.00616	0.00370	0.00123	0.00246	0.00493	0.84356	0.00493
36	0.00713	0.00547	0.00779	0.13193	0.01232	0.00558	0.00659	0.00861	0.01054	0.01395	0.05855	0.60055	0.04851	0.01438	0.00651	0.00207	0.00374	0.04662	0.00454	0.00460
37	0.01191	0.04139	0.19899	0.01950	0.02501	0.01323	0.52022	0.01642	0.01188	0.01648	0.01066	0.03479	0.00837	0.00512	0.00637	0.00177	0.04238	0.00578	0.00261	0.00714
38	0.03544	0.00857	0.01118	0.00879	0.01250	0.00751	0.00719	0.03838	0.01475	0.63474	0.02557	0.02287	0.13300	0.00758	0.00543	0.00166	0.00423	0.00618	0.00620	0.00823
39	0.00985	0.00493	0.00493	0.00493	0.00616	0.00493	0.00370	0.01232	0.01109	0.01971	0.01725	0.01971	0.01355	0.00616	0.00370	0.00123	0.00246	0.00493	0.84356	0.00493
40	0.16577	0.01081	0.01681	0.38268	0.07283	0.01264	0.11688	0.03084	0.02686	0.01662	0.00931	0.01287	0.00725	0.00555	0.00632	0.00178	0.09061	0.00460	0.00270	0.00629
41	0.08862	0.20215	0.23876	0.01303	0.01842	0.01372	0.14100	0.04469	0.01234	0.16256	0.01128	0.01220	0.00815	0.00513	0.00477	0.00155	0.00648	0.00426	0.00333	0.00754
42	0.00736	0.00550	0.00691	0.00684	0.00821	0.00504	0.00532	0.00959	0.01387	0.01879	0.49631	0.04523	0.21225	0.01199	0.00641	0.00181	0.00291	0.12536	0.00546	0.00485
43	0.00749	0.00504	0.00582	0.00602	0.00606	0.00499	0.00347	0.00764	0.00807	0.01076	0.01861	0.15632	0.02169	0.68912	0.02375	0.00466	0.00480	0.00884	0.00347	0.00337
44	0.01036	0.01773	0.36640	0.16715	0.02328	0.01136	0.13613	0.01459	0.01061	0.01499	0.01070	0.01592	0.00895	0.13203	0.00912	0.00227	0.03433	0.00506	0.00248	0.00653
45	0.01211	0.01371	0.13445	0.18979	0.02020	0.05407	0.01098	0.07506	0.08684	0.01782	0.01079	0.01262	0.00832	0.00500	0.00470	0.00134	0.00573	0.00403	0.00318	0.32926
46	0.01330	0.05583	0.01523	0.10678	0.08080	0.05932	0.04949	0.10048	0.01259	0.08859	0.02286	0.04244	0.01071	0.01233	0.14791	0.00285	0.08941	0.00512	0.00343	0.08054
47	0.01489	0.01631	0.01934	0.05114	0.11499	0.25901	0.19531	0.04202	0.05541	0.02893	0.01042	0.01355	0.00860	0.04283	0.00779	0.00183	0.10306	0.00488	0.00295	0.00674
48	0.14535	0.13811	0.08172	0.00990	0.01367	0.01322	0.00880	0.04564	0.33187	0.08877	0.01747	0.01682	0.05422	0.00648	0.00475	0.00163	0.00472	0.00500	0.00436	0.00752

[dist]
# distance from previous block
# <min> <max>
5	9

[block]
# block no. 2 follows, 46 sequences, length 9
# corresponding to MSA columns:
# 532-540
name=unknown_C
#
# <colnr> <probs for GDERKNQSTAVLIFYWHMCP>
#	G	D	E	R	K	N	Q	S	T	A	V	L	I	F	Y	W	H	M	C	P
0	0.01016	0.14726	0.04776	0.22858	0.02001	0.01199	0.08825	0.01258	0.01056	0.01378	0.01673	0.16594	0.08478	0.00845	0.00697	0.00180	0.10848	0.00705	0.00308	0.00580
1	0.00729	0.00797	0.10672	0.00766	0.00958	0.00560	0.00661	0.00951	0.01235	0.01673	0.28845	0.27191	0.20500	0.01239	0.00624	0.00184	0.00339	0.01085	0.00488	0.00502
2	0.01093	0.08980	0.07280	0.05416	0.01501	0.08500	0.05871	0.01308	0.01095	0.01438	0.06081	0.16268	0.01761	0.00969	0.00865	0.00194	0.20282	0.10190	0.00337	0.00572
3	0.10576	0.05193	0.15727	0.05750	0.08650	0.03954	0.05797	0.08430	0.10790	0.05066	0.03427	0.01462	0.01060	0.00571	0.00480	0.00158	0.00564	0.00467	0.11163	0.00714
4	0.03890	0.00995	0.01141	0.00983	0.01289	0.05787	0.00792	0.07932	0.11452	0.37335	0.02100	0.10736	0.01723	0.00864	0.00565	0.00180	0.00476	0.10443	0.00557	0.00760
5	0.00995	0.00781	0.10553	0.00623	0.00831	0.00587	0.00573	0.01289	0.01110	0.01933	0.01625	0.01861	0.01267	0.00601	0.00387	0.00129	0.00315	0.00480	0.73531	0.00530
6	0.22684	0.01250	0.06063	0.25639	0.09274	0.05657	0.01167	0.06385	0.01132	0.03940	0.00907	0.01184	0.00708	0.00576	0.00633	0.00174	0.11273	0.00412	0.00293	0.00648
7	0.01512	0.13543	0.23777	0.01211	0.01678	0.16440	0.01196	0.08273	0.12858	0.08774	0.04816	0.01383	0.01096	0.00588	0.00490	0.00154	0.00656	0.00443	0.00363	0.00750
8	0.06588	0.06324	0.07273	0.21132	0.08099	0.32827	0.01213	0.01759	0.01314	0.01536	0.01247	0.01493	0.05626	0.00638	0.00530	0.00172	0.00782	0.00462	0.00307	0.00678

[dist]
# distance from previous block
# <min> <max>
0	7

[block]
# block no. 3 follows, 46 sequences, length 45
# corresponding to MSA columns:
# 548-592
name=unknown_D
#
# <colnr> <probs for GDERKNQSTAVLIFYWHMCP>
#	G	D	E	R	K	N	Q	S	T	A	V	L	I	F	Y	W	H	M	C	P
0	0.01738	0.11993	0.03930	0.01245	0.01529	0.59152	0.00980	0.01888	0.01383	0.01305	0.01032	0.09389	0.00977	0.00649	0.00482	0.00143	0.00832	0.00457	0.00288	0.00607
1	0.01751	0.05452	0.01320	0.01016	0.01329	0.03063	0.00822	0.23131	0.05472	0.27853	0.03364	0.15583	0.01586	0.00838	0.00609	0.00172	0.04665	0.00677	0.00527	0.00769
2	0.01431	0.42562	0.16825	0.05382	0.05743	0.17164	0.01194	0.01695	0.01172	0.01366	0.00816	0.00973	0.00687	0.00485	0.00417	0.00134	0.00694	0.00334	0.00237	0.00689
3	0.00776	0.00580	0.00737	0.00674	0.00834	0.00516	0.00508	0.01014	0.01426	0.02023	0.64124	0.06068	0.07834	0.01038	0.00601	0.00159	0.00267	0.00912	0.00547	0.09363
4	0.00758	0.00597	0.00810	0.00997	0.08975	0.00561	0.00663	0.00924	0.01149	0.01500	0.07574	0.34402	0.21249	0.01381	0.00655	0.00203	0.00365	0.16272	0.00471	0.00492
5	0.01289	0.06951	0.10772	0.01904	0.02408	0.09680	0.51884	0.01685	0.01238	0.01603	0.01092	0.04948	0.00890	0.00518	0.00579	0.00170	0.00838	0.00587	0.00271	0.00694
6	0.00993	0.00729	0.08733	0.00600	0.00792	0.00570	0.00536	0.01278	0.01109	0.01940	0.01643	0.01881	0.01283	0.00604	0.00384	0.00128	0.00303	0.00482	0.75489	0.00523
7	0.00739	0.09085	0.00820	0.00630	0.00806	0.00630	0.00488	0.00898	0.01235	0.01559	0.21363	0.13870	0.43573	0.01225	0.00601	0.00173	0.00300	0.01039	0.00484	0.00481
8	0.01417	0.01440	0.01698	0.09293	0.25543	0.16642	0.01235	0.08054	0.01266	0.01651	0.00910	0.01191	0.00764	0.00590	0.00751	0.00162	0.17125	0.00427	0.00284	0.09555
9	0.17458	0.10529	0.05046	0.01181	0.01504	0.39455	0.00974	0.09699	0.01381	0.01722	0.00839	0.00978	0.00684	0.00557	0.00524	0.00149	0.06023	0.00349	0.00300	0.00648
10	0.01006	0.00891	0.01016	0.00931	0.01013	0.06147	0.00703	0.06014	0.01045	0.01389	0.03543	0.10759	0.11160	0.22041	0.07822	0.00333	0.22604	0.00745	0.00348	0.00493
11	0.01097	0.00897	0.00969	0.00869	0.01115	0.00961	0.00675	0.09669	0.34468	0.02114	0.18637	0.03092	0.21384	0.00940	0.00577	0.00174	0.00363	0.00790	0.00534	0.00675
12	0.09711	0.52302	0.08473	0.00997	0.01411	0.01703	0.04877	0.01496	0.01056	0.01428	0.00998	0.09364	0.00971	0.00599	0.00439	0.00140	0.02677	0.00443	0.00266	0.00649
13	0.00864	0.00640	0.00823	0.00849	0.00979	0.00655	0.00683	0.01232	0.10395	0.01735	0.24012	0.04438	0.03219	0.09820	0.04999	0.00274	0.00462	0.32916	0.00492	0.00514
14	0.01253	0.01043	0.01214	0.05488	0.06507	0.01177	0.00888	0.03409	0.54374	0.04267	0.02095	0.10342	0.01736	0.00809	0.00556	0.00183	0.00441	0.02945	0.00500	0.00772
15	0.01053	0.00938	0.04533	0.00816	0.01159	0.00756	0.00655	0.06223	0.05280	0.01697	0.01502	0.10087	0.04004	0.12978	0.00803	0.00177	0.00429	0.00566	0.00362	0.45983
16	0.01070	0.01058	0.01003	0.09243	0.01349	0.16920	0.00740	0.01348	0.07246	0.01548	0.11350	0.25802	0.08130	0.01000	0.00567	0.00168	0.00490	0.00855	0.00414	0.09699
17	0.04309	0.00938	0.01182	0.11018	0.05542	0.01012	0.00862	0.05839	0.26021	0.14389	0.04574	0.08673	0.01539	0.00867	0.00701	0.09074	0.00467	0.00620	0.00458	0.01916
18	0.01787	0.10936	0.01540	0.01229	0.01493	0.62586	0.00935	0.01912	0.01375	0.01260	0.00898	0.01206	0.00811	0.09058	0.00695	0.00173	0.00865	0.00379	0.00272	0.00589
19	0.01337	0.00953	0.01016	0.00912	0.01137	0.09029	0.00697	0.12424	0.01394	0.15505	0.06672	0.24597	0.05711	0.01371	0.10077	0.00254	0.00574	0.00828	0.00474	0.05039
20	0.01075	0.03562	0.31281	0.05367	0.20187	0.01170	0.01485	0.01448	0.01084	0.01563	0.01239	0.09880	0.01154	0.00805	0.02658	0.00198	0.10430	0.04440	0.00278	0.00698
21	0.01213	0.10884	0.02067	0.18061	0.22572	0.01328	0.13853	0.01577	0.05100	0.01574	0.00995	0.01293	0.00808	0.00518	0.00604	0.00158	0.07104	0.00463	0.00270	0.09558
22	0.00826	0.09115	0.01019	0.00822	0.00943	0.00794	0.00645	0.00990	0.00864	0.01205	0.01374	0.02114	0.01326	0.12941	0.61754	0.00731	0.01217	0.00561	0.00282	0.00475
23	0.00695	0.00510	0.00661	0.00742	0.00823	0.00475	0.00546	0.00845	0.01149	0.01520	0.14668	0.45405	0.13589	0.01490	0.00670	0.00208	0.00326	0.14721	0.00504	0.00453
24	0.01104	0.00966	0.01159	0.00856	0.01269	0.00815	0.00690	0.01324	0.01062	0.01668	0.00910	0.01104	0.00772	0.00456	0.00554	0.00097	0.10052	0.00331	0.00303	0.74508
25	0.00985	0.00493	0.00493	0.00493	0.00616	0.00493	0.00370	0.01232	0.01109	0.01971	0.01725	0.01971	0.01355	0.00616	0.00370	0.00123	0.00246	0.00493	0.84356	0.00493
26	0.00985	0.00493	0.00493	0.00493	0.00616	0.00493	0.00370	0.01232	0.01109	0.01971	0.01725	0.01971	0.01355	0.00616	0.00370	0.00123	0.00246	0.00493	0.84356	0.00493
27	0.05643	0.34423	0.30997	0.10721	0.02005	0.01566	0.03547	0.01607	0.01091	0.02758	0.00872	0.01049	0.00687	0.00485	0.00434	0.00146	0.00663	0.00360	0.00240	0.00705
28	0.01043	0.00730	0.01076	0.00946	0.01095	0.00776	0.07243	0.05069	0.01022	0.09105	0.01556	0.06407	0.01495	0.23226	0.32593	0.00536	0.04549	0.00661	0.00350	0.00521
29	0.11950	0.01379	0.01437	0.01135	0.01530	0.01541	0.00930	0.57531	0.12248	0.03067	0.01323	0.01313	0.00955	0.00628	0.00506	0.00162	0.00539	0.00469	0.00506	0.00851
30	0.01393	0.13625	0.01871	0.08985	0.08361	0.13239	0.10090	0.07617	0.05017	0.01669	0.00980	0.01186	0.00795	0.00521	0.00555	0.00142	0.05870	0.00416	0.00299	0.17368
31	0.01487	0.04096	0.22439	0.01600	0.14162	0.22070	0.01313	0.14649	0.01507	0.01902	0.08705	0.01408	0.01174	0.00588	0.00511	0.00154	0.00708	0.00459	0.00332	0.00735
32	0.01282	0.09909	0.33781	0.01275	0.01830	0.01271	0.05412	0.08217	0.04714	0.05821	0.01058	0.01194	0.00796	0.00532	0.00560	0.00151	0.05917	0.00408	0.00306	0.15566
33	0.01363	0.01435	0.10438	0.01841	0.20476	0.03036	0.09880	0.18773	0.01431	0.01972	0.01363	0.01641	0.06445	0.00679	0.00762	0.00177	0.14938	0.02271	0.00336	0.00743
34	0.00985	0.00493	0.00493	0.00493	0.00616	0.00493	0.00370	0.01232	0.01109	0.01971	0.01725	0.01971	0.01355	0.00616	0.00370	0.00123	0.00246	0.00493	0.84356	0.00493
35	0.01123	0.01040	0.01668	0.57001	0.13888	0.01256	0.01432	0.06346	0.01150	0.01528	0.00947	0.01363	0.00735	0.00563	0.00635	0.00177	0.07776	0.00470	0.00258	0.00643
36	0.01298	0.08106	0.10929	0.16352	0.11198	0.03123	0.02950	0.06746	0.01141	0.05584	0.00934	0.01235	0.00758	0.00653	0.00901	0.00183	0.26499	0.00447	0.00279	0.00687
37	0.01328	0.00931	0.01060	0.00929	0.01198	0.00992	0.00727	0.06047	0.38080	0.13716	0.22924	0.02576	0.05542	0.00828	0.00563	0.00172	0.00379	0.00700	0.00565	0.00741
38	0.00985	0.00493	0.00493	0.00493	0.00616	0.00493	0.00370	0.01232	0.01109	0.01971	0.01725	0.01971	0.01355	0.00616	0.00370	0.00123	0.00246	0.00493	0.84356	0.00493
39	0.01136	0.01117	0.01725	0.51249	0.06972	0.04901	0.07478	0.03245	0.04054	0.01466	0.00971	0.01371	0.00757	0.00579	0.00686	0.00180	0.10744	0.00481	0.00259	0.00628
40	0.01548	0.11913	0.13368	0.01305	0.05111	0.31307	0.01101	0.11826	0.03452	0.01673	0.01205	0.11500	0.01108	0.00685	0.00500	0.00153	0.00715	0.00524	0.00329	0.00678
41	0.01135	0.00935	0.00928	0.00866	0.01064	0.10205	0.00653	0.01622	0.19079	0.08195	0.25581	0.15076	0.10498	0.01011	0.00586	0.00174	0.00401	0.00864	0.00517	0.00609
42	0.00644	0.00460	0.00613	0.00736	0.00767	0.00429	0.00491	0.00736	0.01012	0.01350	0.02914	0.81076	0.03497	0.01656	0.00675	0.00215	0.00307	0.01503	0.00491	0.00429
43	0.01438	0.01590	0.01782	0.03478	0.06841	0.25265	0.16327	0.01930	0.16816	0.01591	0.01227	0.04164	0.01023	0.00721	0.02425	0.00187	0.11665	0.00525	0.00327	0.00679
44	0.01445	0.07530	0.01567	0.01149	0.01485	0.01075	0.14250	0.09345	0.13838	0.18572	0.08448	0.11553	0.05779	0.00802	0.00563	0.00171	0.00502	0.00717	0.00484	0.00723

[dist]
# distance from previous block
# <min> <max>
2	8

[block]
# block no. 4 follows, 46 sequences, length 10
# corresponding to MSA columns:
# 601-610
name=unknown_E
#
# <colnr> <probs for GDERKNQSTAVLIFYWHMCP>
#	G	D	E	R	K	N	Q	S	T	A	V	L	I	F	Y	W	H	M	C	P
0	0.01350	0.01141	0.01393	0.25849	0.02135	0.01334	0.01067	0.16555	0.38929	0.02158	0.01602	0.01660	0.01191	0.00642	0.00533	0.00174	0.00540	0.00534	0.00441	0.00771
1	0.01293	0.01381	0.16031	0.01123	0.01518	0.01145	0.04984	0.24970	0.12046	0.02328	0.16828	0.02291	0.10203	0.00776	0.00559	0.00168	0.00514	0.00649	0.00464	0.00730
2	0.11584	0.27021	0.41393	0.01258	0.01867	0.01497	0.05430	0.01632	0.01083	0.01628	0.00862	0.01018	0.00667	0.00482	0.00436	0.00151	0.00674	0.00357	0.00239	0.00720
3	0.00855	0.01507	0.35047	0.01004	0.01432	0.00807	0.01116	0.01237	0.01257	0.01753	0.26097	0.02980	0.21031	0.00889	0.00570	0.00170	0.00488	0.00746	0.00401	0.00610
4	0.00748	0.00616	0.00673	0.00678	0.00855	0.00577	0.00528	0.01067	0.10372	0.01580	0.08435	0.07414	0.51283	0.01279	0.00631	0.00189	0.00318	0.11753	0.00501	0.00502
5	0.00672	0.00521	0.00556	0.00567	0.00676	0.00465	0.00385	0.00760	0.01050	0.01295	0.03971	0.11736	0.47120	0.26430	0.01276	0.00286	0.00348	0.01044	0.00438	0.00405
6	0.18743	0.41001	0.04104	0.00934	0.01356	0.01669	0.00866	0.12656	0.04087	0.08783	0.00993	0.01046	0.00780	0.00516	0.00394	0.00139	0.00526	0.00349	0.00341	0.00718
7	0.01155	0.01274	0.16243	0.22578	0.03692	0.01066	0.02947	0.10702	0.05309	0.05852	0.01745	0.15422	0.06465	0.00808	0.00583	0.00179	0.02255	0.00691	0.00370	0.00664
8	0.00672	0.00477	0.00631	0.00744	0.00781	0.00451	0.00509	0.00770	0.01011	0.01344	0.02806	0.68468	0.03334	0.07871	0.00837	0.00240	0.00338	0.07810	0.00477	0.00426
9	0.01051	0.02151	0.51031	0.01558	0.02206	0.01157	0.19432	0.01566	0.01158	0.01648	0.01523	0.01681	0.10257	0.00592	0.00546	0.00171	0.00744	0.00536	0.00267	0.00724

[dist]
# distance from previous block
# <min> <max>
0	2

[block]
# block no. 5 follows, 46 sequences, length 25
# corresponding to MSA columns:
# 613-637
name=unknown_F
#
# <colnr> <probs for GDERKNQSTAVLIFYWHMCP>
#	G	D	E	R	K	N	Q	S	T	A	V	L	I	F	Y	W	H	M	C	P
0	0.36114	0.01027	0.01063	0.00846	0.01233	0.01036	0.00694	0.10780	0.01305	0.24933	0.01235	0.01228	0.00866	0.00539	0.00423	0.00148	0.00439	0.00386	0.00446	0.15259
1	0.70767	0.01102	0.00917	0.00785	0.01129	0.01264	0.00647	0.14499	0.01174	0.02538	0.00828	0.00930	0.00629	0.00516	0.00362	0.00163	0.00439	0.00319	0.00362	0.00629
2	0.00985	0.00493	0.00493	0.00493	0.00616	0.00493	0.00370	0.01232	0.01109	0.01971	0.01725	0.01971	0.01355	0.00616	0.00370	0.00123	0.00246	0.00493	0.84356	0.00493
3	0.85155	0.01022	0.00777	0.00695	0.01022	0.01186	0.00573	0.01554	0.00900	0.02372	0.00736	0.00859	0.00573	0.00491	0.00327	0.00164	0.00409	0.00286	0.00327	0.00573
4	0.01425	0.00919	0.01106	0.01009	0.05403	0.02688	0.00751	0.10509	0.09444	0.20373	0.20263	0.03873	0.08534	0.00831	0.00559	0.00162	0.00415	0.03592	0.00529	0.07616
5	0.00886	0.00714	0.00866	0.00738	0.01008	0.00579	0.00555	0.01080	0.01154	0.01684	0.16386	0.23920	0.05433	0.00911	0.00524	0.00137	0.00336	0.00797	0.00421	0.41872
6	0.00927	0.00854	0.00827	0.00905	0.01001	0.14123	0.00675	0.01066	0.01149	0.01399	0.02522	0.48041	0.02893	0.01414	0.00655	0.00208	0.00465	0.19948	0.00452	0.00476
7	0.01018	0.00857	0.01013	0.00775	0.01169	0.00657	0.00603	0.01228	0.01082	0.01658	0.01281	0.14937	0.01253	0.00610	0.00441	0.00102	0.00377	0.00519	0.00344	0.70078
8	0.01337	0.01214	0.01647	0.01350	0.01558	0.01473	0.09860	0.14663	0.19413	0.01893	0.01225	0.01494	0.01011	0.03966	0.01147	0.00211	0.34943	0.00528	0.00364	0.00701
9	0.01074	0.12904	0.04623	0.00998	0.02509	0.01003	0.05786	0.14079	0.01311	0.01730	0.04479	0.34176	0.06211	0.05809	0.00701	0.00199	0.00466	0.00939	0.00421	0.00585
10	0.01086	0.01250	0.14544	0.04466	0.01539	0.00816	0.00894	0.01391	0.01098	0.01698	0.00941	0.01114	0.00760	0.00417	0.00417	0.00098	0.00473	0.00334	0.00294	0.66370
11	0.00703	0.00485	0.00596	0.00661	0.00678	0.00468	0.00411	0.00751	0.00898	0.01197	0.02328	0.44642	0.02757	0.39099	0.01621	0.00355	0.00403	0.01158	0.00411	0.00378
12	0.00918	0.00459	0.00689	0.00689	0.00689	0.00459	0.00459	0.00689	0.00689	0.00918	0.00918	0.01607	0.00918	0.01837	0.02066	0.84619	0.00459	0.00459	0.00230	0.00230
13	0.01265	0.01310	0.02465	0.05620	0.22372	0.01305	0.40366	0.01853	0.14366	0.01777	0.01231	0.01489	0.00948	0.00503	0.00579	0.00173	0.00732	0.00573	0.00311	0.00762
14	0.00985	0.00493	0.00493	0.00493	0.00616	0.00493	0.00370	0.01232	0.01109	0.01971	0.01725	0.01971	0.01355	0.00616	0.00370	0.00123	0.00246	0.00493	0.84356	0.00493
15	0.00769	0.00513	0.00577	0.00577	0.00577	0.00513	0.00320	0.00769	0.00769	0.01025	0.01666	0.03460	0.01922	0.81421	0.02691	0.00513	0.00513	0.00769	0.00320	0.00320
16	0.00659	0.00469	0.00607	0.00711	0.00742	0.00440	0.00467	0.00741	0.00987	0.01311	0.02826	0.69263	0.05374	0.11610	0.00925	0.00251	0.00331	0.01400	0.00469	0.00416
17	0.01471	0.01809	0.19839	0.01249	0.01677	0.14837	0.01161	0.13350	0.34783	0.02091	0.01502	0.01487	0.01120	0.00624	0.00517	0.00166	0.00622	0.00486	0.00415	0.00794
18	0.18917	0.04293	0.01056	0.00816	0.01121	0.00889	0.00661	0.06729	0.01392	0.31115	0.20218	0.02191	0.03689	0.03932	0.00591	0.00176	0.00405	0.00592	0.00526	0.00692
19	0.13061	0.22082	0.11466	0.01427	0.14734	0.06488	0.01105	0.01927	0.19446	0.01776	0.01154	0.01241	0.00916	0.00537	0.00447	0.00152	0.00571	0.00409	0.00324	0.00738
20	0.14980	0.01219	0.01565	0.29832	0.19875	0.08135	0.01243	0.07912	0.01230	0.04355	0.00964	0.01247	0.00748	0.00541	0.00541	0.00167	0.04035	0.00431	0.00298	0.00681
21	0.01402	0.01484	0.02326	0.02394	0.32231	0.11514	0.28587	0.04760	0.06700	0.01756	0.01092	0.01350	0.00862	0.00495	0.00555	0.00164	0.00750	0.00519	0.00295	0.00765
22	0.04427	0.00825	0.01135	0.20282	0.04744	0.00851	0.02497	0.07598	0.01234	0.08429	0.02215	0.22841	0.12538	0.00945	0.00564	0.00175	0.00470	0.00824	0.00412	0.06994
23	0.01144	0.00880	0.01218	0.05717	0.16167	0.00935	0.00884	0.07398	0.10537	0.06020	0.08185	0.02141	0.01593	0.12979	0.19836	0.00378	0.00728	0.00595	0.00380	0.02285
24	0.01332	0.01063	0.01105	0.00946	0.01193	0.14314	0.03899	0.04133	0.06403	0.14096	0.38712	0.02651	0.02959	0.00827	0.00566	0.00158	0.00458	0.00703	0.00511	0.03969

[dist]
# distance from previous block
# <min> <max>
3	20

[block]
# block no. 6 follows, 46 sequences, length 42
# corresponding to MSA columns:
# 659-678,680-701
name=unknown_G
#
# <colnr> <probs for GDERKNQSTAVLIFYWHMCP>
#	G	D	E	R	K	N	Q	S	T	A	V	L	I	F	Y	W	H	M	C	P
0	0.25784	0.01294	0.07262	0.00993	0.01367	0.03325	0.00861	0.24453	0.11759	0.07409	0.05556	0.01589	0.04886	0.00651	0.00478	0.00165	0.00494	0.00488	0.00450	0.00736
1	0.23256	0.05811	0.08435	0.01130	0.01484	0.36579	0.00956	0.05331	0.03838	0.05614	0.02476	0.01089	0.00811	0.00548	0.00444	0.00149	0.00704	0.00365	0.00326	0.00654
2	0.03221	0.07916	0.45794	0.01329	0.01944	0.01320	0.03386	0.16469	0.02933	0.04944	0.03017	0.01346	0.02921	0.00569	0.00503	0.00162	0.00674	0.00446	0.00326	0.00781
3	0.02685	0.00665	0.02796	0.00739	0.00879	0.02469	0.00563	0.02923	0.01304	0.03526	0.36175	0.27764	0.11090	0.01292	0.02502	0.00198	0.00345	0.01066	0.00515	0.00503
4	0.27726	0.03451	0.04988	0.01055	0.01466	0.01475	0.00909	0.46326	0.01875	0.04339	0.01091	0.01134	0.00789	0.00579	0.00460	0.00160	0.00535	0.00409	0.00447	0.00787
5	0.02869	0.08135	0.25043	0.33050	0.04720	0.01295	0.14495	0.01537	0.01110	0.01529	0.00945	0.01265	0.00710	0.00498	0.00517	0.00168	0.00741	0.00454	0.00239	0.00681
6	0.00892	0.00728	0.00791	0.00663	0.00954	0.00605	0.00517	0.05278	0.01249	0.03192	0.03623	0.03508	0.46934	0.00977	0.00542	0.00145	0.00329	0.00807	0.00439	0.27828
7	0.01929	0.02298	0.01549	0.01531	0.09459	0.66836	0.01069	0.02087	0.01469	0.05726	0.00907	0.01038	0.00733	0.00543	0.00485	0.00140	0.00891	0.00365	0.00293	0.00652
8	0.01208	0.01329	0.04301	0.08271	0.11635	0.01384	0.40222	0.01549	0.01112	0.01562	0.00951	0.01334	0.00768	0.00580	0.00886	0.00189	0.21234	0.00546	0.00254	0.00685
9	0.00648	0.00500	0.00592	0.00646	0.00748	0.00444	0.00455	0.00774	0.01145	0.01468	0.12270	0.41495	0.33995	0.01463	0.00649	0.00195	0.00284	0.01284	0.00501	0.00444
10	0.85155	0.01022	0.00777	0.00695	0.01022	0.01186	0.00573	0.01554	0.00900	0.02372	0.00736	0.00859	0.00573	0.00491	0.00327	0.00164	0.00409	0.00286	0.00327	0.00573
11	0.00762	0.00580	0.00727	0.00800	0.00944	0.00544	0.00674	0.00962	0.01212	0.01521	0.03811	0.05617	0.32681	0.01412	0.00688	0.00218	0.00400	0.45487	0.00488	0.00471
12	0.01413	0.81739	0.02770	0.00905	0.01357	0.02092	0.00905	0.01583	0.01074	0.01244	0.00735	0.00848	0.00678	0.00452	0.00339	0.00113	0.00565	0.00283	0.00226	0.00678
13	0.08739	0.01180	0.01359	0.01050	0.01459	0.01211	0.00867	0.36847	0.01917	0.37489	0.01599	0.01478	0.01060	0.00632	0.00514	0.00161	0.00508	0.00486	0.00570	0.00874
14	0.04583	0.00903	0.01215	0.00934	0.01341	0.00788	0.00772	0.02549	0.01497	0.76456	0.02050	0.01774	0.01289	0.00650	0.00526	0.00164	0.00449	0.00525	0.00646	0.00891
15	0.01308	0.01256	0.02146	0.03245	0.78123	0.01256	0.01622	0.01622	0.01204	0.01727	0.00994	0.01308	0.00837	0.00471	0.00523	0.00157	0.00628	0.00471	0.00262	0.00837
16	0.00914	0.00850	0.01511	0.32953	0.02330	0.00915	0.15967	0.01186	0.01084	0.01426	0.01749	0.30683	0.01823	0.00956	0.00608	0.00193	0.00589	0.03368	0.00343	0.00551
17	0.01196	0.01274	0.02272	0.01753	0.01986	0.01496	0.33797	0.01455	0.01000	0.01455	0.00857	0.01274	0.00741	0.00717	0.01252	0.00208	0.45849	0.00533	0.00247	0.00637
18	0.00985	0.00493	0.00493	0.00493	0.00616	0.00493	0.00370	0.01232	0.01109	0.01971	0.01725	0.01971	0.01355	0.00616	0.00370	0.00123	0.00246	0.00493	0.84356	0.00493
19	0.00985	0.00493	0.00493	0.00493	0.00616	0.00493	0.00370	0.01232	0.01109	0.01971	0.01725	0.01971	0.01355	0.00616	0.00370	0.00123	0.00246	0.00493	0.84356	0.00493
20	0.00998	0.07826	0.48107	0.01301	0.01840	0.01108	0.04487	0.01433	0.01093	0.01560	0.01432	0.18393	0.01383	0.00795	0.00573	0.00179	0.02664	0.03858	0.00294	0.00678
21	0.01267	0.01294	0.02410	0.05309	0.45287	0.01306	0.26159	0.01612	0.01185	0.01671	0.00996	0.01340	0.00811	0.00497	0.00644	0.00170	0.06491	0.00521	0.00260	0.00769
22	0.02372	0.00900	0.01227	0.00941	0.01350	0.00777	0.00777	0.02576	0.01513	0.78489	0.02086	0.01799	0.01309	0.00654	0.00532	0.00164	0.00450	0.00532	0.00654	0.00900
23	0.10381	0.01483	0.15092	0.01304	0.05720	0.07442	0.08740	0.18114	0.03155	0.02084	0.06604	0.09936	0.06203	0.00742	0.00535	0.00169	0.00588	0.00626	0.00388	0.00692
24	0.01944	0.03231	0.01544	0.01164	0.01564	0.01554	0.00956	0.67606	0.02322	0.06187	0.01311	0.01399	0.00966	0.04993	0.00641	0.00177	0.00572	0.00490	0.00516	0.00863
25	0.01214	0.01005	0.01275	0.01096	0.01265	0.01195	0.00883	0.04110	0.17141	0.06990	0.10738	0.06642	0.01645	0.00863	0.01022	0.00189	0.32557	0.00606	0.00402	0.09161
26	0.01211	0.01180	0.02080	0.25850	0.48404	0.01240	0.09222	0.01549	0.01165	0.01613	0.00986	0.01350	0.00795	0.00485	0.00535	0.00165	0.00678	0.00486	0.00254	0.00751
27	0.00985	0.00493	0.00493	0.00493	0.00616	0.00493	0.00370	0.01232	0.01109	0.01971	0.01725	0.01971	0.01355	0.00616	0.00370	0.00123	0.00246	0.00493	0.84356	0.00493
28	0.00998	0.00940	0.01586	0.80150	0.03641	0.01175	0.01468	0.01351	0.01057	0.01351	0.00940	0.01409	0.00705	0.00529	0.00529	0.00176	0.00705	0.00470	0.00235	0.00587
29	0.01004	0.00940	0.01581	0.71567	0.08484	0.01148	0.01436	0.01342	0.01065	0.01376	0.01029	0.04868	0.00835	0.00574	0.00535	0.00177	0.00682	0.00515	0.00248	0.00597
30	0.00713	0.00562	0.00868	0.00880	0.00960	0.00527	0.08242	0.00836	0.01022	0.01366	0.02652	0.68414	0.03129	0.06154	0.00786	0.00228	0.00379	0.01370	0.00458	0.00452
31	0.00985	0.00493	0.00493	0.00493	0.00616	0.00493	0.00370	0.01232	0.01109	0.01971	0.01725	0.01971	0.01355	0.00616	0.00370	0.00123	0.00246	0.00493	0.84356	0.00493
32	0.01423	0.01324	0.01268	0.01110	0.01371	0.18125	0.03866	0.20381	0.11659	0.01976	0.03116	0.07565	0.05898	0.03816	0.08704	0.00252	0.00686	0.06374	0.00424	0.00660
33	0.01376	0.01411	0.02360	0.01775	0.02209	0.09255	0.46075	0.01971	0.16392	0.06191	0.01392	0.04716	0.01089	0.00571	0.00588	0.00175	0.00754	0.00620	0.00353	0.00727
34	0.01103	0.00879	0.00936	0.00859	0.01101	0.00940	0.00656	0.01973	0.42555	0.05963	0.03161	0.05146	0.25955	0.05524	0.00691	0.00198	0.00374	0.00793	0.00516	0.00676
35	0.00761	0.00542	0.00727	0.00727	0.00779	0.00594	0.00508	0.00865	0.00813	0.01136	0.01528	0.02698	0.01591	0.38781	0.44879	0.00698	0.01010	0.00657	0.00300	0.00404
36	0.01764	0.01196	0.01327	0.01092	0.01454	0.01304	0.00878	0.26306	0.37055	0.18907	0.01855	0.01710	0.01320	0.00677	0.00534	0.00169	0.00477	0.00545	0.00560	0.00870
37	0.10459	0.01981	0.01424	0.01232	0.01552	0.44479	0.00956	0.21857	0.07674	0.02019	0.01034	0.01108	0.00801	0.00577	0.00480	0.00148	0.00756	0.00391	0.00367	0.00703
38	0.04005	0.42225	0.21950	0.01150	0.01645	0.18156	0.01189	0.01717	0.01169	0.01400	0.00807	0.00940	0.00673	0.00486	0.00410	0.00133	0.00698	0.00323	0.00238	0.00688
39	0.00943	0.00531	0.00784	0.00760	0.00760	0.00578	0.00531	0.00749	0.00701	0.00955	0.00895	0.01561	0.00895	0.01743	0.02032	0.75968	0.08659	0.00459	0.00230	0.00265
40	0.01137	0.00832	0.00971	0.00893	0.01071	0.00907	0.00663	0.04736	0.35625	0.01667	0.01602	0.05998	0.01366	0.01198	0.01152	0.34107	0.00434	0.00572	0.00400	0.04669
41	0.01437	0.14255	0.20323	0.01125	0.01577	0.01325	0.01106	0.12122	0.21078	0.11148	0.04588	0.04990	0.01320	0.00660	0.00505	0.00162	0.00544	0.00527	0.00424	0.00783

[dist]
# distance from previous block
# <min> <max>
0	2

[block]
# block no. 7 follows, 46 sequences, length 9
# corresponding to MSA columns:
# 704-712
name=unknown_H
#
# <colnr> <probs for GDERKNQSTAVLIFYWHMCP>
#	G	D	E	R	K	N	Q	S	T	A	V	L	I	F	Y	W	H	M	C	P
0	0.09460	0.14105	0.01397	0.00937	0.01274	0.08031	0.00777	0.09809	0.06870	0.24571	0.15630	0.01840	0.01746	0.00679	0.00494	0.00154	0.00484	0.00530	0.00486	0.00729
1	0.01568	0.20090	0.11321	0.01121	0.01520	0.11314	0.01020	0.29665	0.01629	0.02073	0.01134	0.03634	0.00965	0.07329	0.03208	0.00199	0.00663	0.00461	0.00363	0.00723
2	0.00756	0.00507	0.00580	0.00593	0.00596	0.00504	0.00338	0.00765	0.00794	0.01059	0.01796	0.11575	0.02087	0.73080	0.02480	0.00481	0.00491	0.00846	0.00338	0.00332
3	0.01101	0.11786	0.69984	0.01438	0.02181	0.01327	0.01833	0.01664	0.01111	0.01625	0.00924	0.01085	0.00671	0.00497	0.00484	0.00161	0.00757	0.00378	0.00224	0.00770
4	0.01352	0.06254	0.05884	0.04069	0.01743	0.12635	0.16628	0.13189	0.10740	0.01842	0.01703	0.06684	0.06980	0.03546	0.00631	0.00182	0.00648	0.04235	0.00378	0.00678
5	0.03838	0.09100	0.42020	0.01313	0.01887	0.05187	0.01463	0.16609	0.01411	0.04524	0.03568	0.01227	0.00880	0.00569	0.00546	0.00162	0.04192	0.00419	0.00317	0.00767
6	0.00985	0.00493	0.00493	0.00493	0.00616	0.00493	0.00370	0.01232	0.01109	0.01971	0.01725	0.01971	0.01355	0.00616	0.00370	0.00123	0.00246	0.00493	0.84356	0.00493
7	0.00680	0.00487	0.00661	0.00776	0.00823	0.00468	0.00551	0.00799	0.01031	0.01375	0.02808	0.65856	0.03302	0.01768	0.05423	0.00257	0.00399	0.11620	0.00478	0.00440
8	0.11787	0.12449	0.15322	0.01012	0.01349	0.01145	0.00962	0.04168	0.09089	0.06507	0.01561	0.12484	0.01468	0.03769	0.04107	0.00218	0.04470	0.07112	0.00373	0.00645

[dist]
# distance from previous block
# <min> <max>
0	1

[block]
# block no. 8 follows, 46 sequences, length 67
# corresponding to MSA columns:
# 714-739,741-781
name=unknown_I
#
# <colnr> <probs for GDERKNQSTAVLIFYWHMCP>
#	G	D	E	R	K	N	Q	S	T	A	V	L	I	F	Y	W	H	M	C	P
0	0.01547	0.11205	0.09587	0.01584	0.02071	0.05622	0.33398	0.04935	0.03907	0.17476	0.01289	0.01473	0.00945	0.00536	0.00546	0.00164	0.00718	0.01880	0.00362	0.00756
1	0.01177	0.01070	0.01165	0.07889	0.01474	0.07821	0.00765	0.05847	0.01233	0.01738	0.04690	0.01617	0.04284	0.00558	0.00483	0.00115	0.02241	0.03414	0.00340	0.52080
2	0.16204	0.10952	0.17145	0.01192	0.01617	0.20786	0.05569	0.01853	0.04850	0.08937	0.01053	0.01177	0.00806	0.00718	0.04827	0.00191	0.00727	0.00394	0.00316	0.00683
3	0.01060	0.02735	0.78682	0.01507	0.02288	0.01228	0.01953	0.01674	0.01116	0.01674	0.00949	0.01116	0.00670	0.00502	0.00502	0.00167	0.00781	0.00391	0.00223	0.00781
4	0.00860	0.00744	0.01091	0.20283	0.01634	0.00888	0.00904	0.01042	0.00995	0.01347	0.01965	0.29752	0.05414	0.01372	0.06713	0.00257	0.16967	0.06904	0.00359	0.00507
5	0.01524	0.08157	0.25995	0.01460	0.08622	0.08446	0.06533	0.10752	0.01404	0.15184	0.01433	0.01494	0.05461	0.00588	0.00513	0.00159	0.00662	0.00479	0.00362	0.00772
6	0.00653	0.00466	0.00623	0.00746	0.00780	0.00437	0.00505	0.00751	0.01020	0.01359	0.02909	0.78033	0.03478	0.01648	0.00677	0.00216	0.00314	0.04463	0.00491	0.00432
7	0.01057	0.01000	0.01692	0.65557	0.17775	0.01190	0.01497	0.01402	0.01085	0.01422	0.00950	0.01390	0.00730	0.00518	0.00528	0.00173	0.00690	0.00470	0.00240	0.00635
8	0.01131	0.01197	0.02399	0.38842	0.03176	0.01261	0.41087	0.01532	0.01158	0.01532	0.01008	0.01418	0.00756	0.00485	0.00579	0.00177	0.00804	0.00551	0.00252	0.00654
9	0.00985	0.00493	0.00493	0.00493	0.00616	0.00493	0.00370	0.01232	0.01109	0.01971	0.01725	0.01971	0.01355	0.00616	0.00370	0.00123	0.00246	0.00493	0.84356	0.00493
