[name]
unknown

[dist]
# distance from previous block
# <min> <max>
0	149

[block]
# block no. 0 follows, 55 sequences, length 22
# corresponding to MSA columns:
# 149-170
name=unknown_A
#
# <colnr> <probs for GDERKNQSTAVLIFYWHMCP>
#	G	D	E	R	K	N	Q	S	T	A	V	L	I	F	Y	W	H	M	C	P
0	0.00772	0.00632	0.00909	0.00891	0.00961	0.00769	0.00732	0.00937	0.00831	0.01177	0.01439	0.02600	0.01459	0.02233	0.39868	0.00468	0.20363	0.22229	0.00289	0.00441
1	0.01086	0.01083	0.05118	0.11229	0.30891	0.01168	0.07442	0.01322	0.00944	0.04710	0.00933	0.01229	0.02875	0.00577	0.00814	0.00164	0.27120	0.00437	0.00238	0.00620
2	0.00931	0.05414	0.55381	0.24209	0.02315	0.01099	0.01559	0.01390	0.00966	0.01377	0.00825	0.01045	0.00598	0.00447	0.00442	0.00147	0.00660	0.00359	0.00199	0.00636
3	0.01392	0.60625	0.02144	0.00873	0.01264	0.01729	0.00821	0.23338	0.01296	0.01613	0.00779	0.00851	0.00652	0.00443	0.00346	0.00111	0.00502	0.00297	0.00274	0.00652
4	0.01287	0.01268	0.02365	0.01710	0.02153	0.01252	0.57009	0.23408	0.01405	0.01897	0.00991	0.01216	0.00730	0.00439	0.00525	0.00152	0.00707	0.00512	0.00300	0.00674
5	0.01508	0.01347	0.01156	0.01091	0.06760	0.28994	0.00791	0.10824	0.14236	0.13403	0.02369	0.03147	0.02074	0.00567	0.00441	0.00134	0.00543	0.00436	0.09546	0.00634
6	0.01577	0.01790	0.01250	0.01116	0.01374	0.51654	0.00852	0.09143	0.23565	0.01531	0.01087	0.01117	0.00848	0.00529	0.00439	0.00132	0.00676	0.00374	0.00326	0.00618
7	0.00942	0.01961	0.58598	0.01146	0.01757	0.00951	0.01390	0.01388	0.00977	0.01485	0.00833	0.00977	0.00617	0.00414	0.00414	0.00125	0.00591	0.00325	0.00219	0.24890
8	0.00613	0.00475	0.00597	0.00606	0.00717	0.00459	0.00458	0.00763	0.01003	0.01321	0.17975	0.12485	0.31739	0.01822	0.23478	0.00327	0.00529	0.03831	0.00396	0.00408
9	0.00980	0.02082	0.59100	0.01505	0.02131	0.01108	0.23533	0.01478	0.01015	0.01478	0.00865	0.01059	0.00622	0.00428	0.00472	0.00150	0.00715	0.00402	0.00207	0.00671
10	0.26020	0.00822	0.00968	0.00767	0.01106	0.00785	0.00633	0.02013	0.01179	0.58793	0.01500	0.01350	0.00969	0.00535	0.00417	0.00144	0.00386	0.00407	0.00495	0.00711
11	0.00593	0.00425	0.00563	0.00630	0.00680	0.00395	0.00434	0.00713	0.01011	0.01379	0.24548	0.60818	0.03447	0.01315	0.00581	0.00177	0.00256	0.01187	0.00454	0.00395
12	0.01169	0.64358	0.21357	0.00923	0.01391	0.01658	0.01018	0.01412	0.00954	0.01185	0.00692	0.00803	0.00595	0.00409	0.00333	0.00111	0.00543	0.00272	0.00198	0.00619
13	0.01768	0.01303	0.01396	0.01070	0.01443	0.01443	0.00884	0.79197	0.02187	0.02932	0.01117	0.01117	0.00791	0.00558	0.00465	0.00140	0.00512	0.00419	0.00465	0.00791
14	0.00983	0.00562	0.00643	0.00572	0.00786	0.00475	0.00447	0.01119	0.01137	0.23769	0.03901	0.03661	0.58162	0.01008	0.00527	0.00153	0.00281	0.00837	0.00473	0.00505
15	0.00725	0.00591	0.00930	0.23816	0.01500	0.00709	0.00782	0.00932	0.00799	0.01111	0.01128	0.01662	0.01010	0.02636	0.58864	0.00581	0.01070	0.00474	0.00237	0.00444
16	0.00791	0.00465	0.00520	0.00513	0.00586	0.00479	0.00355	0.02450	0.00864	0.01379	0.01456	0.02195	0.01356	0.30165	0.11767	0.00314	0.00440	0.00527	0.42991	0.00385
17	0.42242	0.33413	0.01449	0.00746	0.01079	0.04882	0.00664	0.05971	0.03320	0.01703	0.00715	0.00806	0.00589	0.00434	0.00314	0.00126	0.00444	0.00271	0.00267	0.00565
18	0.00862	0.10192	0.50407	0.01080	0.01552	0.00960	0.01261	0.01232	0.00953	0.01354	0.01303	0.24190	0.01292	0.00724	0.00470	0.00154	0.00550	0.00610	0.00263	0.00591
19	0.00638	0.00459	0.00619	0.00723	0.00786	0.00440	0.00553	0.00773	0.00968	0.01271	0.02608	0.49647	0.05927	0.01379	0.00611	0.00198	0.00331	0.31241	0.00430	0.00398
20	0.00932	0.03822	0.53546	0.24245	0.02348	0.01089	0.04855	0.01392	0.00972	0.01385	0.00833	0.01061	0.00603	0.00445	0.00450	0.00149	0.00668	0.00370	0.00201	0.00635
21	0.04430	0.00590	0.00801	0.23673	0.01394	0.00619	0.00660	0.00926	0.01106	0.01507	0.32673	0.05373	0.22781	0.00865	0.00515	0.00153	0.00344	0.00746	0.00393	0.00450

[dist]
# distance from previous block
# <min> <max>
2	13

[block]
# block no. 1 follows, 55 sequences, length 18
# corresponding to MSA columns:
# 184-201
name=unknown_B
#
# <colnr> <probs for GDERKNQSTAVLIFYWHMCP>
#	G	D	E	R	K	N	Q	S	T	A	V	L	I	F	Y	W	H	M	C	P
0	0.11408	0.05430	0.46787	0.01188	0.01716	0.01131	0.06871	0.01653	0.16369	0.01625	0.01018	0.01111	0.00750	0.00472	0.00431	0.00148	0.00584	0.00379	0.00264	0.00667
1	0.01041	0.08109	0.15576	0.00868	0.01303	0.04641	0.00821	0.01433	0.10534	0.01508	0.00937	0.01037	0.00748	0.00407	0.00377	0.00099	0.00445	0.00317	0.00277	0.49521
2	0.00855	0.00710	0.00903	0.15464	0.01263	0.02455	0.00647	0.04196	0.00920	0.01274	0.06837	0.06835	0.01409	0.25861	0.05303	0.00262	0.06743	0.00553	0.00292	0.17217
3	0.00998	0.00964	0.01330	0.05123	0.06583	0.01264	0.00970	0.01270	0.10352	0.01258	0.01079	0.01371	0.05993	0.00837	0.03134	0.00201	0.56014	0.00462	0.00254	0.00542
4	0.01165	0.01061	0.01658	0.08685	0.56061	0.01096	0.01248	0.10817	0.04850	0.01667	0.01200	0.01400	0.06020	0.00496	0.00468	0.00142	0.00524	0.00457	0.00281	0.00703
5	0.00674	0.00454	0.00521	0.00517	0.00530	0.00450	0.00301	0.00701	0.00754	0.01019	0.11029	0.03097	0.02018	0.73644	0.02148	0.00414	0.00423	0.00696	0.00310	0.00301
6	0.01151	0.01121	0.02015	0.19863	0.26432	0.01157	0.28288	0.11246	0.01187	0.01615	0.00918	0.01203	0.00707	0.00436	0.00493	0.00149	0.00643	0.00462	0.00257	0.00657
7	0.00627	0.00520	0.00557	0.00569	0.00709	0.00482	0.00418	0.00881	0.10562	0.01324	0.03883	0.22099	0.53346	0.01176	0.00551	0.00164	0.00259	0.01004	0.00437	0.00431
8	0.01165	0.00958	0.01138	0.00864	0.01231	0.00896	0.04294	0.19718	0.11280	0.01926	0.06280	0.01277	0.01050	0.00473	0.00412	0.00106	0.00399	0.00391	0.00359	0.45784
9	0.00619	0.00538	0.00604	0.00575	0.00708	0.00523	0.00444	0.00746	0.01048	0.01310	0.12906	0.03944	0.62154	0.01108	0.00668	0.00161	0.10223	0.00896	0.00414	0.00412
10	0.10474	0.00785	0.00928	0.00744	0.01039	0.00760	0.00607	0.11891	0.01303	0.44111	0.01545	0.01473	0.01048	0.00551	0.00415	0.00135	0.00365	0.00431	0.20716	0.00678
11	0.01157	0.00999	0.01052	0.00947	0.01210	0.01157	0.00736	0.02472	0.79908	0.01946	0.01893	0.01736	0.01420	0.00631	0.00473	0.00158	0.00368	0.00526	0.00473	0.00736
12	0.01025	0.07410	0.50543	0.01170	0.01704	0.01156	0.01346	0.01785	0.26009	0.01598	0.01158	0.01205	0.00853	0.00499	0.00442	0.00147	0.00574	0.00395	0.00284	0.00697
13	0.00979	0.12421	0.68081	0.01288	0.01931	0.01178	0.04984	0.01464	0.00983	0.01427	0.00816	0.00965	0.00595	0.00434	0.00429	0.00142	0.00668	0.00341	0.00198	0.00674
14	0.00667	0.00488	0.00693	0.00693	0.00757	0.00552	0.00513	0.00796	0.00731	0.01039	0.01296	0.02105	0.01283	0.21768	0.63693	0.00680	0.01065	0.00539	0.00257	0.00385
15	0.04252	0.35294	0.01910	0.01240	0.10469	0.25929	0.06043	0.06063	0.01146	0.01323	0.00751	0.00893	0.00638	0.00483	0.01649	0.00128	0.00634	0.00317	0.00237	0.00603
16	0.01390	0.01154	0.15603	0.01107	0.09557	0.00841	0.00921	0.07039	0.03820	0.27333	0.01273	0.03970	0.00937	0.00506	0.00435	0.00126	0.00454	0.00418	0.00379	0.22739
17	0.02702	0.17808	0.47922	0.01126	0.01658	0.01227	0.01311	0.01619	0.15208	0.01487	0.00997	0.01090	0.00754	0.00546	0.02509	0.00155	0.00601	0.00360	0.00250	0.00668

[dist]
# distance from previous block
# <min> <max>
0	8

[block]
# block no. 2 follows, 55 sequences, length 127
# corresponding to MSA columns:
# 210-336
name=unknown_C
#
# <colnr> <probs for GDERKNQSTAVLIFYWHMCP>
#	G	D	E	R	K	N	Q	S	T	A	V	L	I	F	Y	W	H	M	C	P
0	0.04681	0.05275	0.33472	0.01141	0.01592	0.02640	0.06082	0.10441	0.18470	0.03292	0.01239	0.05815	0.00993	0.00569	0.00458	0.00150	0.00550	0.02149	0.00320	0.00671
1	0.06265	0.16706	0.20873	0.01327	0.11412	0.31368	0.01122	0.03371	0.01127	0.01355	0.00759	0.00898	0.00613	0.00447	0.00402	0.00127	0.00670	0.00316	0.00229	0.00614
2	0.86937	0.00900	0.00684	0.00612	0.00900	0.01044	0.00504	0.01368	0.00792	0.02087	0.00648	0.00756	0.00504	0.00432	0.00288	0.00144	0.00360	0.00252	0.00288	0.00504
3	0.00587	0.00421	0.00562	0.00667	0.00707	0.00396	0.00466	0.00684	0.00915	0.01213	0.02604	0.72530	0.04882	0.01431	0.00598	0.00191	0.00287	0.10041	0.00431	0.00384
4	0.01752	0.01110	0.01253	0.03363	0.01369	0.06178	0.03149	0.38456	0.01688	0.28026	0.01343	0.01308	0.00920	0.00550	0.00455	0.00138	0.00483	0.00432	0.07291	0.00734
5	0.00867	0.00434	0.00434	0.00434	0.00542	0.00434	0.00325	0.01084	0.00976	0.01734	0.01518	0.01734	0.01192	0.00542	0.00325	0.00108	0.00217	0.00434	0.86233	0.00434
6	0.01169	0.16806	0.02013	0.04881	0.50546	0.03170	0.08804	0.02763	0.01056	0.01431	0.00845	0.01094	0.00710	0.00481	0.02189	0.00146	0.00588	0.00395	0.00229	0.00682
7	0.00567	0.00405	0.00540	0.00648	0.00675	0.00378	0.00432	0.00648	0.00891	0.01188	0.02564	0.83347	0.03077	0.01457	0.00594	0.00189	0.00270	0.01323	0.00432	0.00378
8	0.00621	0.00455	0.00582	0.00590	0.00682	0.00417	0.00428	0.00790	0.01170	0.01609	0.50387	0.25893	0.12413	0.01118	0.00561	0.00159	0.00235	0.00991	0.00481	0.00417
9	0.00677	0.00451	0.00507	0.00507	0.00507	0.00451	0.00282	0.00677	0.00677	0.00902	0.01466	0.03044	0.01691	0.83650	0.02368	0.00451	0.00451	0.00677	0.00282	0.00282
10	0.01161	0.01057	0.02736	0.01055	0.01348	0.01164	0.08334	0.04042	0.69091	0.01915	0.01764	0.01661	0.01322	0.00603	0.00480	0.00157	0.00418	0.00522	0.00445	0.00726
11	0.00666	0.00495	0.00729	0.00729	0.00806	0.00571	0.00558	0.00819	0.00742	0.01066	0.01263	0.01921	0.01204	0.09659	0.75693	0.00725	0.01185	0.00512	0.00252	0.00405
12	0.01145	0.00988	0.01046	0.00930	0.01203	0.01123	0.00725	0.02390	0.74914	0.01919	0.01826	0.01687	0.01374	0.00613	0.00465	0.00152	0.00367	0.00510	0.00461	0.06161
13	0.01248	0.02466	0.27948	0.01184	0.09151	0.00869	0.02342	0.02842	0.01097	0.20651	0.01185	0.01413	0.00898	0.00504	0.00442	0.00132	0.00509	0.05257	0.00328	0.19535
14	0.01157	0.01101	0.02611	0.03460	0.31000	0.06267	0.01027	0.03621	0.34047	0.01682	0.01461	0.02769	0.02314	0.00588	0.00476	0.00151	0.00481	0.04740	0.00353	0.00693
15	0.00665	0.00498	0.00748	0.00748	0.00831	0.00582	0.00582	0.00831	0.00748	0.01080	0.01246	0.01828	0.01163	0.03489	0.81807	0.00748	0.01246	0.00498	0.00249	0.00415
16	0.00965	0.00827	0.00965	0.00689	0.01102	0.00620	0.00551	0.01171	0.00965	0.01516	0.00827	0.00965	0.00689	0.00345	0.00345	0.00069	0.00345	0.00276	0.00276	0.86494
17	0.01244	0.83930	0.02438	0.00796	0.01194	0.01841	0.00796	0.01393	0.00945	0.01095	0.00647	0.00746	0.00597	0.00398	0.00299	0.00100	0.00498	0.00249	0.00199	0.00597
18	0.15098	0.01454	0.30035	0.01023	0.01444	0.01040	0.02827	0.01796	0.27361	0.06093	0.06255	0.01394	0.01127	0.00542	0.00438	0.00150	0.00484	0.00433	0.00345	0.00662
19	0.02068	0.00796	0.01079	0.00830	0.01188	0.00694	0.00685	0.02272	0.02995	0.79395	0.01837	0.01587	0.01157	0.00577	0.00468	0.00144	0.00395	0.00469	0.00574	0.00791
20	0.00965	0.00827	0.00965	0.00689	0.01102	0.00620	0.00551	0.01171	0.00965	0.01516	0.00827	0.00965	0.00689	0.00345	0.00345	0.00069	0.00345	0.00276	0.00276	0.86494
21	0.00674	0.04152	0.08281	0.00702	0.00831	0.02462	0.00567	0.00817	0.00965	0.01282	0.11945	0.49771	0.08765	0.05752	0.00652	0.00186	0.00334	0.01039	0.00397	0.00424
22	0.00641	0.00475	0.00598	0.00567	0.00684	0.00432	0.00425	0.00844	0.01276	0.01768	0.68377	0.03635	0.16576	0.00987	0.00549	0.00148	0.00222	0.00864	0.00499	0.00432
23	0.01004	0.02147	0.68527	0.01268	0.03075	0.01026	0.01555	0.03261	0.01052	0.06069	0.05939	0.01180	0.00869	0.00484	0.00451	0.00147	0.00635	0.00385	0.00245	0.00681
24	0.00552	0.00471	0.00475	0.00474	0.00630	0.00394	0.00355	0.00672	0.01066	0.01270	0.06345	0.04456	0.78919	0.01173	0.00550	0.00157	0.00235	0.00979	0.00434	0.00394
25	0.00989	0.16988	0.67145	0.01231	0.01867	0.01216	0.01554	0.01459	0.00976	0.01406	0.00801	0.00940	0.00591	0.00434	0.00416	0.00139	0.00654	0.00327	0.00197	0.00671
26	0.01115	0.29586	0.47219	0.01137	0.01684	0.09140	0.01332	0.01484	0.01002	0.01315	0.00761	0.00890	0.00593	0.00431	0.00392	0.00129	0.00639	0.00308	0.00201	0.00643
27	0.01200	0.06230	0.08845	0.00785	0.01213	0.00754	0.00706	0.01430	0.01037	0.17118	0.01014	0.01074	0.00764	0.00403	0.00375	0.00093	0.00397	0.00318	0.00322	0.55920
28	0.00961	0.01438	0.30341	0.01010	0.01387	0.06977	0.04247	0.06615	0.06541	0.01691	0.26583	0.02055	0.06849	0.00672	0.00489	0.00146	0.00492	0.00565	0.00354	0.00587
29	0.01647	0.02066	0.01271	0.01156	0.01372	0.73997	0.00864	0.01759	0.01258	0.01123	0.00763	0.00984	0.00669	0.05752	0.00579	0.00144	0.03507	0.00327	0.00241	0.00522
30	0.00689	0.00578	0.05624	0.00576	0.00630	0.00491	0.00398	0.00738	0.00731	0.00978	0.01612	0.04664	0.04637	0.70160	0.02069	0.00406	0.00453	0.03954	0.00291	0.00320
31	0.01055	0.07023	0.44523	0.05785	0.03338	0.02297	0.13706	0.01460	0.01002	0.06113	0.00933	0.03477	0.00720	0.00495	0.00529	0.00150	0.06097	0.00415	0.00234	0.00647
32	0.02403	0.48067	0.30427	0.01003	0.01496	0.01531	0.01128	0.05717	0.01022	0.01346	0.00739	0.00854	0.00604	0.00428	0.00374	0.00121	0.01594	0.00294	0.00214	0.00638
33	0.23075	0.24498	0.01318	0.00796	0.01075	0.07045	0.00670	0.09173	0.07672	0.03921	0.01175	0.14436	0.01111	0.00638	0.00394	0.00139	0.00437	0.01535	0.00326	0.00568
34	0.00722	0.00532	0.00692	0.00689	0.00761	0.00588	0.00501	0.00943	0.08400	0.01121	0.01463	0.02466	0.01471	0.31444	0.40690	0.00552	0.00828	0.05443	0.00294	0.00400
35	0.01043	0.03291	0.67503	0.01361	0.05200	0.06216	0.01597	0.05790	0.01073	0.01530	0.00842	0.00985	0.00607	0.00449	0.00441	0.00144	0.00679	0.00347	0.00215	0.00685
36	0.03697	0.03311	0.37229	0.03061	0.11911	0.01096	0.10568	0.02779	0.12898	0.06166	0.01064	0.01179	0.00782	0.00468	0.00455	0.00147	0.00595	0.00409	0.00277	0.01909
37	0.06678	0.01222	0.16490	0.31481	0.26479	0.01054	0.05036	0.01327	0.00977	0.01417	0.00883	0.03317	0.00712	0.00466	0.00455	0.00149	0.00593	0.00421	0.00225	0.00617
38	0.00575	0.00414	0.00546	0.00642	0.00680	0.00385	0.00436	0.00668	0.00925	0.01232	0.06958	0.73981	0.06354	0.01414	0.00591	0.00186	0.00269	0.02925	0.00436	0.00383
39	0.00639	0.00504	0.00758	0.00843	0.05211	0.00473	0.05459	0.00761	0.00948	0.01275	0.07949	0.65576	0.05231	0.01288	0.00579	0.00180	0.00313	0.01179	0.00414	0.00418
40	0.03593	0.13086	0.60240	0.01352	0.06577	0.01186	0.04845	0.01457	0.00981	0.01445	0.00811	0.00966	0.00602	0.00432	0.00424	0.00141	0.00648	0.00341	0.00203	0.00670
41	0.01088	0.01002	0.01360	0.01160	0.01211	0.03072	0.02050	0.01256	0.04088	0.06258	0.05163	0.01219	0.00888	0.00786	0.01324	0.00192	0.66650	0.00440	0.00257	0.00535
42	0.00572	0.00442	0.00524	0.00586	0.00670	0.00398	0.00411	0.00688	0.02083	0.01230	0.03404	0.49391	0.33759	0.01332	0.00576	0.00176	0.00261	0.02675	0.00432	0.00390
43	0.01127	0.01244	0.06544	0.14111	0.24512	0.08274	0.16319	0.01396	0.00999	0.02723	0.00827	0.01127	0.00674	0.00510	0.00692	0.00157	0.17494	0.00425	0.00227	0.00616
44	0.01187	0.05887	0.14629	0.01974	0.37712	0.02952	0.10421	0.05239	0.03000	0.06571	0.01085	0.03918	0.02335	0.00488	0.00465	0.00142	0.00574	0.00454	0.00273	0.00692
45	0.01178	0.00983	0.01051	0.00937	0.01198	0.01119	0.00740	0.11126	0.62634	0.02007	0.03449	0.01984	0.03299	0.00683	0.00486	0.00159	0.00383	0.05407	0.00469	0.00709
46	0.00561	0.00472	0.00486	0.00483	0.00635	0.00397	0.00362	0.00689	0.01086	0.01318	0.12366	0.04376	0.72868	0.01155	0.00550	0.00156	0.00234	0.00968	0.00440	0.00397
47	0.01089	0.12948	0.54797	0.01311	0.03602	0.03818	0.08291	0.01523	0.01021	0.06152	0.00876	0.01010	0.00638	0.00440	0.00434	0.00141	0.00656	0.00357	0.00225	0.00673
48	0.00933	0.02406	0.81240	0.01326	0.02014	0.01080	0.01719	0.01473	0.00982	0.01473	0.00835	0.00982	0.00589	0.00442	0.00442	0.00147	0.00688	0.00344	0.00196	0.00688
49	0.01601	0.01995	0.01283	0.01166	0.01375	0.69494	0.00884	0.01723	0.01229	0.01133	0.00751	0.00928	0.00643	0.00735	0.06730	0.00174	0.07067	0.00323	0.00238	0.00528
50	0.00563	0.00441	0.00511	0.00565	0.00659	0.00389	0.00401	0.00665	0.00979	0.01227	0.03626	0.42432	0.41430	0.01315	0.00573	0.00174	0.00257	0.02976	0.00432	0.00386
51	0.86937	0.00900	0.00684	0.00612	0.00900	0.01044	0.00504	0.01368	0.00792	0.02087	0.00648	0.00756	0.00504	0.00432	0.00288	0.00144	0.00360	0.00252	0.00288	0.00504
52	0.00741	0.00565	0.00711	0.00772	0.00906	0.00561	0.00653	0.01037	0.08646	0.01413	0.02952	0.04724	0.21380	0.01196	0.00604	0.00195	0.00376	0.51685	0.00434	0.00449
53	0.00933	0.02406	0.81240	0.01326	0.02014	0.01080	0.01719	0.01473	0.00982	0.01473	0.00835	0.00982	0.00589	0.00442	0.00442	0.00147	0.00688	0.00344	0.00196	0.00688
54	0.00750	0.00535	0.00750	0.00857	0.00964	0.00535	0.00750	0.00964	0.01071	0.01392	0.02463	0.05248	0.02677	0.01285	0.00643	0.00214	0.00428	0.77617	0.00428	0.00428
55	0.00565	0.00472	0.00493	0.00488	0.00638	0.00399	0.00366	0.00698	0.01097	0.01344	0.15609	0.04333	0.69609	0.01146	0.00550	0.00156	0.00233	0.00962	0.00444	0.00399
56	0.00677	0.00451	0.00507	0.00507	0.00507	0.00451	0.00282	0.00677	0.00677	0.00902	0.01466	0.03044	0.01691	0.83650	0.02368	0.00451	0.00451	0.00677	0.00282	0.00282
57	0.01667	0.01253	0.01339	0.01050	0.01404	0.01395	0.00860	0.66461	0.15088	0.02768	0.01246	0.01220	0.00896	0.00571	0.00467	0.00143	0.00488	0.00437	0.00467	0.00782
58	0.00567	0.00405	0.00540	0.00648	0.00675	0.00378	0.00432	0.00648	0.00891	0.01188	0.02564	0.83347	0.03077	0.01457	0.00594	0.00189	0.00270	0.01323	0.00432	0.00378
59	0.00658	0.00476	0.00622	0.00585	0.00695	0.00439	0.00439	0.00878	0.01317	0.01866	0.80503	0.03475	0.04390	0.00951	0.00549	0.00146	0.00219	0.00841	0.00512	0.00439
60	0.10027	0.01232	0.01307	0.01011	0.01374	0.01356	0.00835	0.66802	0.01998	0.07793	0.01117	0.01112	0.00786	0.00547	0.00448	0.00140	0.00490	0.00406	0.00455	0.00763
61	0.06998	0.01147	0.01210	0.00960	0.01288	0.01272	0.00784	0.55913	0.11628	0.03929	0.01234	0.01238	0.00896	0.00558	0.00442	0.00139	0.00454	0.00424	0.08753	0.00732
62	0.03500	0.00814	0.01070	0.00835	0.01185	0.00736	0.00686	0.02271	0.08923	0.72018	0.01820	0.01584	0.01166	0.00579	0.00465	0.00145	0.00393	0.00470	0.00561	0.00781
63	0.01098	0.01255	0.02745	0.01961	0.02431	0.01176	0.79059	0.01490	0.01098	0.01490	0.00941	0.01255	0.00706	0.00392	0.00549	0.00157	0.00784	0.00549	0.00235	0.00627
64	0.00933	0.02406	0.81240	0.01326	0.02014	0.01080	0.01719	0.01473	0.00982	0.01473	0.00835	0.00982	0.00589	0.00442	0.00442	0.00147	0.00688	0.00344	0.00196	0.00688
65	0.00781	0.00412	0.00609	0.00626	0.00635	0.00410	0.00429	0.00633	0.00663	0.00882	0.01083	0.09582	0.01146	0.01580	0.01625	0.72663	0.00393	0.05377	0.00239	0.00233
66	0.00567	0.00405	0.00540	0.00648	0.00675	0.00378	0.00432	0.00648	0.00891	0.01188	0.02564	0.83347	0.03077	0.01457	0.00594	0.00189	0.00270	0.01323	0.00432	0.00378
67	0.01738	0.02217	0.01318	0.01199	0.01438	0.81783	0.00899	0.01858	0.01318	0.01139	0.00719	0.00839	0.00599	0.00479	0.00419	0.00120	0.00839	0.00300	0.00240	0.00539
68	0.00868	0.01361	0.32787	0.01033	0.01420	0.00831	0.08266	0.01336	0.08747	0.01676	0.29652	0.02018	0.02081	0.00644	0.00487	0.00147	0.00472	0.00564	0.05026	0.00583
69	0.00916	0.00860	0.01472	0.42913	0.24045	0.00957	0.05673	0.01185	0.00969	0.01297	0.01125	0.14353	0.01050	0.00606	0.00489	0.00156	0.00555	0.00567	0.00251	0.00561
70	0.00752	0.00434	0.00625	0.00625	0.00645	0.00454	0.00427	0.00672	0.00652	0.00889	0.01019	0.01775	0.01035	0.15193	0.21239	0.51986	0.00615	0.00470	0.00226	0.00266
71	0.01244	0.83930	0.02438	0.00796	0.01194	0.01841	0.00796	0.01393	0.00945	0.01095	0.00647	0.00746	0.00597	0.00398	0.00299	0.00100	0.00498	0.00249	0.00199	0.00597
72	0.06487	0.27845	0.43763	0.01175	0.01726	0.01327	0.08833	0.01443	0.00970	0.01395	0.00774	0.00920	0.00598	0.00423	0.00397	0.00133	0.00616	0.00328	0.00207	0.00642
73	0.00760	0.00657	0.00880	0.00835	0.00877	0.00793	0.00647	0.00866	0.00847	0.01184	0.06534	0.21907	0.11141	0.09173	0.07611	0.00259	0.30322	0.03957	0.00325	0.00427
74	0.01152	0.01102	0.01860	0.02792	0.78099	0.01107	0.01405	0.01463	0.03685	0.01534	0.00909	0.01171	0.00760	0.00422	0.00461	0.00139	0.00547	0.00418	0.00238	0.00737
75	0.01142	0.01199	0.01247	0.05253	0.17737	0.23632	0.05001	0.04048	0.03722	0.01314	0.01487	0.09866	0.08792	0.11442	0.00740	0.00184	0.01791	0.00573	0.00294	0.00535
76	0.01388	0.09321	0.19157	0.01095	0.01430	0.03749	0.03580	0.01663	0.03390	0.26419	0.01102	0.01185	0.00802	0.00586	0.00734	0.00157	0.22852	0.00402	0.00329	0.00658
77	0.01283	0.01222	0.16134	0.14400	0.05281	0.00961	0.24201	0.01611	0.01103	0.23311	0.01223	0.05123	0.00906	0.00514	0.00492	0.00152	0.00600	0.00498	0.00326	0.00659
78	0.00959	0.07863	0.73350	0.01311	0.01972	0.01135	0.04198	0.01468	0.00984	0.01448	0.00826	0.00975	0.00594	0.00437	0.00436	0.00144	0.00678	0.00344	0.00198	0.00679
79	0.01097	0.11939	0.44860	0.01143	0.01647	0.06172	0.01282	0.07957	0.11384	0.01571	0.01069	0.05956	0.00864	0.00534	0.00438	0.00143	0.00593	0.00418	0.00272	0.00664
80	0.01127	0.01371	0.29512	0.03861	0.03132	0.00880	0.12205	0.03804	0.02481	0.16363	0.01441	0.18179	0.01273	0.00686	0.00498	0.00157	0.00542	0.01520	0.00338	0.00631
81	0.00984	0.00963	0.04164	0.54151	0.26778	0.01051	0.01337	0.01290	0.00978	0.02682	0.00859	0.01211	0.00664	0.00451	0.00463	0.00149	0.00598	0.00412	0.00220	0.00594
82	0.01059	0.01763	0.50860	0.01124	0.01635	0.00932	0.01310	0.04389	0.03687	0.11003	0.08593	0.04292	0.01259	0.00603	0.00475	0.00152	0.00562	0.05334	0.00312	0.00656
83	0.00982	0.01275	0.20430	0.44937	0.04793	0.01056	0.14064	0.01353	0.00989	0.04423	0.00888	0.01193	0.00651	0.00451	0.00473	0.00153	0.00652	0.00421	0.00224	0.00592
84	0.01355	0.01068	0.02791	0.11096	0.48243	0.04448	0.01214	0.01628	0.02417	0.19518	0.01097	0.01253	0.00821	0.00463	0.00461	0.00141	0.00536	0.00422	0.00310	0.00716
85	0.00777	0.00773	0.06161	0.01298	0.18527	0.00664	0.08338	0.00970	0.00986	0.01360	0.07888	0.46024	0.02276	0.01022	0.00547	0.00169	0.00404	0.00949	0.00360	0.00505
86	0.00896	0.00855	0.01519	0.37940	0.15919	0.00932	0.13768	0.01166	0.00968	0.01292	0.01200	0.17158	0.01143	0.00706	0.02366	0.00173	0.00582	0.00614	0.00260	0.00544
87	0.01046	0.01911	0.54622	0.11527	0.10867	0.01051	0.01538	0.01491	0.01008	0.07896	0.00916	0.01082	0.00656	0.00459	0.00467	0.00148	0.02035	0.00371	0.00232	0.00677
88	0.01071	0.00734	0.05626	0.03179	0.02767	0.00615	0.01959	0.04392	0.01261	0.20506	0.36995	0.03958	0.10618	0.03529	0.00576	0.00158	0.00340	0.00696	0.00470	0.00553
89	0.00947	0.05950	0.77814	0.01303	0.01978	0.01113	0.01679	0.01470	0.00981	0.01457	0.00827	0.00972	0.00590	0.00440	0.00436	0.00145	0.00679	0.00340	0.00197	0.00684
90	0.00933	0.02406	0.81240	0.01326	0.02014	0.01080	0.01719	0.01473	0.00982	0.01473	0.00835	0.00982	0.00589	0.00442	0.00442	0.00147	0.00688	0.00344	0.00196	0.00688
91	0.01361	0.01441	0.35622	0.03488	0.01540	0.00827	0.01117	0.01688	0.01113	0.34231	0.01465	0.11619	0.01135	0.00626	0.00472	0.00151	0.00513	0.00520	0.00383	0.00686
92	0.00933	0.02406	0.81240	0.01326	0.02014	0.01080	0.01719	0.01473	0.00982	0.01473	0.00835	0.00982	0.00589	0.00442	0.00442	0.00147	0.00688	0.00344	0.00196	0.00688
93	0.00884	0.00826	0.01412	0.54610	0.02597	0.00976	0.09029	0.01173	0.00961	0.01253	0.01133	0.01980	0.01013	0.00631	0.00565	0.00169	0.05142	0.14882	0.00251	0.00511
94	0.01151	0.01105	0.01888	0.02855	0.80748	0.01105	0.01428	0.01428	0.01059	0.01520	0.00875	0.01151	0.00737	0.00415	0.00461	0.00138	0.00553	0.00415	0.00230	0.00737
95	0.01122	0.01075	0.01835	0.11514	0.72321	0.01098	0.01413	0.01402	0.01045	0.01484	0.00870	0.01161	0.00724	0.00420	0.00461	0.00140	0.00560	0.00414	0.00228	0.00713
96	0.00677	0.00451	0.00507	0.00507	0.00507	0.00451	0.00282	0.00677	0.00677	0.00902	0.01466	0.03044	0.01691	0.83650	0.02368	0.00451	0.00451	0.00677	0.00282	0.00282
97	0.00933	0.02406	0.81240	0.01326	0.02014	0.01080	0.01719	0.01473	0.00982	0.01473	0.00835	0.00982	0.00589	0.00442	0.00442	0.00147	0.00688	0.00344	0.00196	0.00688
98	0.86937	0.00900	0.00684	0.00612	0.00900	0.01044	0.00504	0.01368	0.00792	0.02087	0.00648	0.00756	0.00504	0.00432	0.00288	0.00144	0.00360	0.00252	0.00288	0.00504
99	0.01154	0.01000	0.01059	0.00952	0.01210	0.01162	0.00742	0.02445	0.78327	0.01930	0.01868	0.01721	0.01404	0.00635	0.00494	0.00159	0.02014	0.00524	0.00468	0.00732
100	0.00889	0.00836	0.01408	0.76584	0.07442	0.01026	0.01283	0.01196	0.00945	0.01220	0.02332	0.01278	0.00698	0.00471	0.00466	0.00154	0.00609	0.00422	0.00214	0.00527
101	0.00670	0.00473	0.00611	0.00577	0.00687	0.00439	0.00433	0.00889	0.01298	0.01858	0.76138	0.03379	0.04213	0.00928	0.00536	0.00144	0.00219	0.00819	0.05249	0.00439
102	0.01249	0.01045	0.01103	0.00965	0.01245	0.01200	0.00758	0.13940	0.68291	0.02093	0.01777	0.01643	0.01326	0.00620	0.00472	0.00155	0.00390	0.00510	0.00472	0.00745
103	0.00658	0.00476	0.00622	0.00585	0.00695	0.00439	0.00439	0.00878	0.01317	0.01866	0.80503	0.03475	0.04390	0.00951	0.00549	0.00146	0.00219	0.00841	0.00512	0.00439
104	0.00933	0.02406	0.81240	0.01326	0.02014	0.01080	0.01719	0.01473	0.00982	0.01473	0.00835	0.00982	0.00589	0.00442	0.00442	0.00147	0.00688	0.00344	0.00196	0.00688
105	0.01500	0.01202	0.01227	0.01015	0.01330	0.05731	0.00812	0.38066	0.37166	0.04678	0.01466	0.01394	0.01075	0.00587	0.00467	0.00147	0.00462	0.00462	0.00460	0.00753
106	0.00677	0.00451	0.00507	0.00507	0.00507	0.00451	0.00282	0.00677	0.00677	0.00902	0.01466	0.03044	0.01691	0.83650	0.02368	0.00451	0.00451	0.00677	0.00282	0.00282
107	0.00692	0.00499	0.00681	0.00782	0.00872	0.00488	0.00647	0.00867	0.01025	0.01333	0.02613	0.25035	0.07083	0.01323	0.00625	0.00205	0.00377	0.54011	0.00429	0.00414
108	0.01296	0.01041	0.01464	0.05233	0.40421	0.06083	0.01075	0.02912	0.10905	0.14863	0.08825	0.01503	0.01230	0.00528	0.00470	0.00142	0.00492	0.00471	0.00349	0.00697
109	0.00808	0.00404	0.00606	0.00606	0.00606	0.00404	0.00404	0.00606	0.00606	0.00808	0.00808	0.01414	0.00808	0.01616	0.01818	0.86465	0.00404	0.00404	0.00202	0.00202
110	0.01098	0.01051	0.01792	0.18471	0.65551	0.01091	0.01401	0.01381	0.01034	0.01455	0.00866	0.01169	0.00714	0.00424	0.00461	0.00141	0.00566	0.00414	0.00226	0.00694
111	0.01100	0.00962	0.00919	0.00874	0.01050	0.16318	0.02036	0.03532	0.16945	0.08217	0.03683	0.27812	0.05533	0.00945	0.00523	0.00164	0.00438	0.07995	0.00414	0.00538
112	0.01110	0.26095	0.29230	0.01317	0.09902	0.03892	0.09336	0.01464	0.03328	0.03762	0.01050	0.02366	0.04250	0.00479	0.00421	0.00134	0.00588	0.00395	0.00240	0.00642
113	0.00677	0.00451	0.00507	0.00507	0.00507	0.00451	0.00282	0.00677	0.00677	0.00902	0.01466	0.03044	0.01691	0.83650	0.02368	0.00451	0.00451	0.00677	0.00282	0.00282
114	0.00933	0.02406	0.81240	0.01326	0.02014	0.01080	0.01719	0.01473	0.00982	0.01473	0.00835	0.00982	0.00589	0.00442	0.00442	0.00147	0.00688	0.00344	0.00196	0.00688
115	0.01077	0.12958	0.35714	0.06588	0.06762	0.01081	0.08071	0.01448	0.02282	0.09084	0.01116	0.09759	0.00942	0.00554	0.00453	0.00146	0.00580	0.00476	0.00269	0.00640
116	0.01372	0.22815	0.20511	0.01047	0.01489	0.01430	0.01044	0.32810	0.09651	0.02011	0.01010	0.01054	0.00759	0.00497	0.00418	0.00133	0.00535	0.00368	0.00334	0.00711
117	0.00933	0.00751	0.00867	0.00857	0.01029	0.00827	0.00681	0.01676	0.40519	0.01638	0.04409	0.08905	0.02064	0.06171	0.00661	0.00197	0.00382	0.26417	0.00444	0.00570
118	0.86937	0.00900	0.00684	0.00612	0.00900	0.01044	0.00504	0.01368	0.00792	0.02087	0.00648	0.00756	0.00504	0.00432	0.00288	0.00144	0.00360	0.00252	0.00288	0.00504
119	0.00553	0.00471	0.00476	0.00475	0.00631	0.00394	0.00356	0.00675	0.01069	0.01277	0.07203	0.04444	0.78057	0.01171	0.00550	0.00157	0.00235	0.00977	0.00435	0.00394
120	0.01721	0.00873	0.01069	0.00875	0.01196	0.00870	0.00704	0.02348	0.32268	0.49919	0.01858	0.01643	0.01257	0.00598	0.00470	0.00149	0.00385	0.00491	0.00535	0.00770
121	0.01527	0.01521	0.36012	0.01112	0.01621	0.00885	0.05798	0.01876	0.01166	0.41746	0.01347	0.01303	0.00881	0.00507	0.00461	0.00146	0.00546	0.00419	0.00391	0.00737
122	0.01060	0.01012	0.01724	0.29473	0.54843	0.01081	0.01382	0.01348	0.01016	0.01409	0.00859	0.01181	0.00698	0.00431	0.00462	0.00144	0.00575	0.00414	0.00222	0.00663
123	0.00962	0.00912	0.01546	0.58234	0.26852	0.01055	0.01333	0.01262	0.00970	0.01290	0.00842	0.01213	0.00656	0.00450	0.00464	0.00150	0.00600	0.00414	0.00214	0.00584
124	0.01029	0.03678	0.67188	0.01227	0.01838	0.01015	0.01525	0.01499	0.01010	0.09148	0.01031	0.05938	0.00792	0.00515	0.00451	0.00149	0.00631	0.00412	0.00247	0.00677
125	0.01152	0.01104	0.01875	0.02825	0.79468	0.01106	0.01417	0.01445	0.02328	0.01527	0.00891	0.01161	0.00748	0.00418	0.00461	0.00138	0.00550	0.00416	0.00234	0.00737
126	0.01149	0.06418	0.13939	0.00974	0.01268	0.29205	0.03409	0.04362	0.01206	0.01391	0.12018	0.03936	0.17458	0.00696	0.00469	0.00138	0.00563	0.00551	0.00318	0.00532

[dist]
# distance from previous block
# <min> <max>
0	1

[block]
# block no. 3 follows, 55 sequences, length 50
# corresponding to MSA columns:
# 338-387
name=unknown_D
#
# <colnr> <probs for GDERKNQSTAVLIFYWHMCP>
#	G	D	E	R	K	N	Q	S	T	A	V	L	I	F	Y	W	H	M	C	P
0	0.07784	0.06345	0.07655	0.01043	0.01366	0.39039	0.00874	0.06116	0.04700	0.19210	0.01041	0.01060	0.00761	0.00501	0.00421	0.00131	0.00636	0.00351	0.00335	0.00631
1	0.01191	0.23316	0.30298	0.00984	0.01427	0.04644	0.01063	0.04126	0.01130	0.12334	0.13813	0.01404	0.01290	0.00537	0.00425	0.00133	0.00523	0.00417	0.00311	0.00635
2	0.03271	0.01439	0.01202	0.01004	0.01292	0.26822	0.00794	0.36031	0.06077	0.04697	0.01101	0.01152	0.00824	0.00533	0.00430	0.00131	0.00563	0.00387	0.11595	0.00656
3	0.01038	0.00989	0.01683	0.36056	0.48436	0.01075	0.01371	0.01328	0.01006	0.01382	0.00855	0.01188	0.00688	0.00436	0.00462	0.00145	0.00581	0.00414	0.00220	0.00645
4	0.01151	0.01105	0.01888	0.02855	0.80748	0.01105	0.01428	0.01428	0.01059	0.01520	0.00875	0.01151	0.00737	0.00415	0.00461	0.00138	0.00553	0.00415	0.00230	0.00737
5	0.00642	0.00523	0.00838	0.02524	0.00950	0.00494	0.10391	0.00770	0.00926	0.01239	0.03876	0.69658	0.02752	0.01292	0.00585	0.00183	0.00341	0.01196	0.00404	0.00414
6	0.01157	0.00999	0.01052	0.00947	0.01210	0.01157	0.00736	0.02472	0.79908	0.01946	0.01893	0.01736	0.01420	0.00631	0.00473	0.00158	0.00368	0.00526	0.00473	0.00736
7	0.86937	0.00900	0.00684	0.00612	0.00900	0.01044	0.00504	0.01368	0.00792	0.02087	0.00648	0.00756	0.00504	0.00432	0.00288	0.00144	0.00360	0.00252	0.00288	0.00504
8	0.00921	0.00870	0.01472	0.70177	0.15229	0.01045	0.01313	0.01226	0.00950	0.01240	0.00834	0.01227	0.00638	0.00457	0.00464	0.00152	0.00610	0.00414	0.00210	0.00551
9	0.00933	0.02406	0.81240	0.01326	0.02014	0.01080	0.01719	0.01473	0.00982	0.01473	0.00835	0.00982	0.00589	0.00442	0.00442	0.00147	0.00688	0.00344	0.00196	0.00688
10	0.00567	0.00405	0.00540	0.00648	0.00675	0.00378	0.00432	0.00648	0.00891	0.01188	0.02564	0.83347	0.03077	0.01457	0.00594	0.00189	0.00270	0.01323	0.00432	0.00378
11	0.00677	0.00451	0.00507	0.00507	0.00507	0.00451	0.00282	0.00677	0.00677	0.00902	0.01466	0.03044	0.01691	0.83650	0.02368	0.00451	0.00451	0.00677	0.00282	0.00282
12	0.00666	0.00482	0.00650	0.00750	0.00830	0.00466	0.00601	0.00823	0.01002	0.01305	0.02669	0.34527	0.08634	0.01342	0.00617	0.00200	0.00354	0.43245	0.00430	0.00407
13	0.01085	0.00980	0.01286	0.27461	0.05261	0.10554	0.10443	0.08231	0.01125	0.01534	0.01104	0.04380	0.00892	0.00522	0.00438	0.00138	0.00534	0.00456	0.23038	0.00540
14	0.01244	0.83930	0.02438	0.00796	0.01194	0.01841	0.00796	0.01393	0.00945	0.01095	0.00647	0.00746	0.00597	0.00398	0.00299	0.00100	0.00498	0.00249	0.00199	0.00597
15	0.01513	0.01798	0.01450	0.01243	0.01520	0.51697	0.11526	0.01953	0.19892	0.01378	0.01027	0.01108	0.00808	0.00503	0.00450	0.00134	0.00720	0.00387	0.00294	0.00598
16	0.01229	0.01035	0.01092	0.00961	0.01237	0.01191	0.00754	0.11488	0.70775	0.02062	0.01802	0.01663	0.01346	0.00623	0.00472	0.00156	0.00385	0.00513	0.00472	0.00743
17	0.00567	0.00405	0.00540	0.00648	0.00675	0.00378	0.00432	0.00648	0.00891	0.01188	0.02564	0.83347	0.03077	0.01457	0.00594	0.00189	0.00270	0.01323	0.00432	0.00378
18	0.01577	0.01974	0.01208	0.01113	0.01331	0.70675	0.00831	0.01694	0.01270	0.01149	0.01093	0.07631	0.05326	0.00597	0.00441	0.00127	0.00759	0.00420	0.00266	0.00518
19	0.01105	0.47471	0.37680	0.01033	0.01561	0.01501	0.01209	0.01429	0.00962	0.01264	0.00731	0.00852	0.00594	0.00418	0.00363	0.00121	0.00582	0.00291	0.00198	0.00637
20	0.01768	0.01303	0.01396	0.01070	0.01443	0.01443	0.00884	0.79197	0.02187	0.02932	0.01117	0.01117	0.00791	0.00558	0.00465	0.00140	0.00512	0.00419	0.00465	0.00791
21	0.01244	0.83930	0.02438	0.00796	0.01194	0.01841	0.00796	0.01393	0.00945	0.01095	0.00647	0.00746	0.00597	0.00398	0.00299	0.00100	0.00498	0.00249	0.00199	0.00597
22	0.00557	0.00443	0.00501	0.00547	0.00648	0.00386	0.00387	0.00659	0.00987	0.01227	0.03786	0.38486	0.47149	0.01299	0.00569	0.00171	0.00250	0.01129	0.00432	0.00386
23	0.01096	0.01047	0.01769	0.09081	0.70021	0.01059	0.01356	0.01366	0.01049	0.01479	0.01089	0.01347	0.05249	0.00462	0.00466	0.00141	0.00540	0.00447	0.00240	0.00700
24	0.00675	0.00457	0.00537	0.00537	0.00547	0.00467	0.00318	0.00695	0.00685	0.00924	0.01439	0.02896	0.01627	0.73881	0.12049	0.00487	0.00548	0.00655	0.00278	0.00298
25	0.00567	0.00405	0.00540	0.00648	0.00675	0.00378	0.00432	0.00648	0.00891	0.01188	0.02564	0.83347	0.03077	0.01457	0.00594	0.00189	0.00270	0.01323	0.00432	0.00378
26	0.00736	0.00672	0.04287	0.00847	0.00970	0.03547	0.05067	0.00949	0.04359	0.01309	0.02270	0.45170	0.02552	0.01230	0.00588	0.00189	0.00390	0.24023	0.00404	0.00442
27	0.01093	0.23855	0.51147	0.01192	0.01771	0.01264	0.05793	0.01500	0.01000	0.06099	0.00850	0.00971	0.00631	0.00435	0.00412	0.00135	0.00625	0.00338	0.00222	0.00666
28	0.02059	0.00906	0.01099	0.00857	0.01208	0.07157	0.00701	0.02235	0.01330	0.74690	0.01746	0.01524	0.01108	0.00568	0.00464	0.00142	0.00431	0.00454	0.00549	0.00772
29	0.86937	0.00900	0.00684	0.00612	0.00900	0.01044	0.00504	0.01368	0.00792	0.02087	0.00648	0.00756	0.00504	0.00432	0.00288	0.00144	0.00360	0.00252	0.00288	0.00504
30	0.01039	0.30119	0.54452	0.01146	0.01735	0.01339	0.01405	0.01446	0.00970	0.01345	0.00771	0.00902	0.00592	0.00427	0.00393	0.00131	0.00623	0.00311	0.00197	0.00657
31	0.01667	0.01481	0.01326	0.01062	0.01403	0.21762	0.00851	0.50145	0.03369	0.02314	0.01002	0.01043	0.00744	0.00518	0.00442	0.00128	0.00575	0.00376	0.00389	0.09403
32	0.00551	0.00468	0.00475	0.00480	0.00631	0.00392	0.00357	0.00667	0.01052	0.01253	0.04607	0.08362	0.76743	0.01192	0.00552	0.00159	0.00237	0.00999	0.00432	0.00392
33	0.00933	0.02406	0.81240	0.01326	0.02014	0.01080	0.01719	0.01473	0.00982	0.01473	0.00835	0.00982	0.00589	0.00442	0.00442	0.00147	0.00688	0.00344	0.00196	0.00688
34	0.01701	0.01885	0.01383	0.01292	0.07586	0.53888	0.00936	0.22658	0.01532	0.01651	0.00838	0.00938	0.00662	0.00496	0.00435	0.00127	0.00729	0.00341	0.00300	0.00622
35	0.00654	0.00472	0.00618	0.00588	0.00694	0.00436	0.00439	0.00868	0.01298	0.01836	0.77115	0.06947	0.04333	0.00973	0.00551	0.00148	0.00222	0.00862	0.00509	0.00436
36	0.01079	0.01032	0.01758	0.23976	0.60193	0.01086	0.01392	0.01364	0.01025	0.01432	0.00862	0.01175	0.00706	0.00428	0.00462	0.00143	0.00571	0.00414	0.00224	0.00679
37	0.00550	0.00471	0.00471	0.00471	0.00628	0.00393	0.00353	0.00668	0.01060	0.01257	0.04713	0.04477	0.80560	0.01178	0.00550	0.00157	0.00236	0.00982	0.00432	0.00393
38	0.01244	0.83930	0.02438	0.00796	0.01194	0.01841	0.00796	0.01393	0.00945	0.01095	0.00647	0.00746	0.00597	0.00398	0.00299	0.00100	0.00498	0.00249	0.00199	0.00597
39	0.00933	0.02406	0.81240	0.01326	0.02014	0.01080	0.01719	0.01473	0.00982	0.01473	0.00835	0.00982	0.00589	0.00442	0.00442	0.00147	0.00688	0.00344	0.00196	0.00688
40	0.01636	0.01137	0.01248	0.00998	0.01336	0.01246	0.00811	0.45129	0.24973	0.14270	0.01453	0.01369	0.01030	0.00582	0.00468	0.00146	0.00452	0.00458	0.00484	0.00775
41	0.00567	0.00405	0.00540	0.00648	0.00675	0.00378	0.00432	0.00648	0.00891	0.01188	0.02564	0.83347	0.03077	0.01457	0.00594	0.00189	0.00270	0.01323	0.00432	0.00378
42	0.00677	0.00451	0.00507	0.00507	0.00507	0.00451	0.00282	0.00677	0.00677	0.00902	0.01466	0.03044	0.01691	0.83650	0.02368	0.00451	0.00451	0.00677	0.00282	0.00282
43	0.01098	0.01255	0.02745	0.01961	0.02431	0.01176	0.79059	0.01490	0.01098	0.01490	0.00941	0.01255	0.00706	0.00392	0.00549	0.00157	0.00784	0.00549	0.00235	0.00627
44	0.03391	0.33337	0.01697	0.00973	0.01294	0.36649	0.00817	0.01733	0.01166	0.13706	0.00865	0.00919	0.00683	0.00462	0.00378	0.00116	0.00628	0.00306	0.00278	0.00600
45	0.00555	0.00452	0.00491	0.00523	0.00642	0.00388	0.00377	0.00662	0.01010	0.01236	0.04080	0.27722	0.57724	0.01261	0.00563	0.00166	0.00246	0.01082	0.00432	0.00388
46	0.44940	0.33423	0.09409	0.00755	0.01126	0.01358	0.00739	0.01388	0.00871	0.01639	0.00666	0.00775	0.00549	0.00420	0.00307	0.00127	0.00446	0.00260	0.00244	0.00558
47	0.01048	0.44480	0.27789	0.00970	0.01413	0.01382	0.02527	0.01319	0.00953	0.01238	0.00975	0.12104	0.00935	0.00557	0.00390	0.00128	0.00534	0.00432	0.00231	0.00597
48	0.00615	0.00685	0.11545	0.00723	0.00853	0.00475	0.00600	0.00762	0.00920	0.01234	0.02544	0.64177	0.10529	0.01291	0.00569	0.00180	0.00323	0.01155	0.00400	0.00422
49	0.05990	0.49100	0.28000	0.01009	0.01498	0.01519	0.04482	0.01422	0.00955	0.01291	0.00721	0.00846	0.00594	0.00414	0.00355	0.00120	0.00564	0.00293	0.00205	0.00623

[dist]
# distance from previous block
# <min> <max>
4	9

[block]
# block no. 4 follows, 55 sequences, length 7
# corresponding to MSA columns:
# 397-403
name=unknown_E
#
# <colnr> <probs for GDERKNQSTAVLIFYWHMCP>
#	G	D	E	R	K	N	Q	S	T	A	V	L	I	F	Y	W	H	M	C	P
0	0.01222	0.61925	0.17513	0.00929	0.01371	0.07877	0.00982	0.01444	0.00981	0.01171	0.00689	0.00799	0.00596	0.00413	0.00335	0.00110	0.00560	0.00271	0.00202	0.00610
1	0.01244	0.83930	0.02438	0.00796	0.01194	0.01841	0.00796	0.01393	0.00945	0.01095	0.00647	0.00746	0.00597	0.00398	0.00299	0.00100	0.00498	0.00249	0.00199	0.00597
2	0.00980	0.13829	0.62182	0.01188	0.01808	0.01143	0.01473	0.01432	0.00975	0.01424	0.00807	0.00947	0.00600	0.00426	0.00412	0.00133	0.00627	0.00324	0.00205	0.09084
3	0.01200	0.72353	0.13628	0.00871	0.01310	0.01733	0.00927	0.01404	0.00951	0.01148	0.00673	0.00780	0.00596	0.00404	0.00319	0.00106	0.00524	0.00262	0.00199	0.00610
4	0.00737	0.00451	0.00676	0.00676	0.00717	0.00492	0.00492	0.00717	0.00676	0.00942	0.01025	0.01618	0.00983	0.02542	0.41341	0.44112	0.00820	0.00451	0.00225	0.00307
5	0.00755	0.00801	0.11095	0.00962	0.10800	0.00604	0.00725	0.01022	0.01242	0.01772	0.60426	0.02868	0.03450	0.00819	0.00524	0.00145	0.00321	0.00725	0.00437	0.00508
6	0.01000	0.11461	0.01153	0.00703	0.01114	0.00776	0.00583	0.01200	0.00962	0.01462	0.00804	0.00937	0.00677	0.00351	0.00339	0.00073	0.00364	0.00272	0.00266	0.75503

[dist]
# distance from previous block
# <min> <max>
0	234

# created by:
# /st0/software/busco_prod/Augustus/scripts/msa2prfl.pl ./align_prep/58250.fa
