[name]
unknown

[dist]
# distance from previous block
# <min> <max>
0	65

[block]
# block no. 0 follows, 47 sequences, length 17
# corresponding to MSA columns:
# 65-81
name=unknown_A
#
# <colnr> <probs for GDERKNQSTAVLIFYWHMCP>
#	G	D	E	R	K	N	Q	S	T	A	V	L	I	F	Y	W	H	M	C	P
0	0.22317	0.01197	0.01210	0.00997	0.01340	0.03653	0.00820	0.36777	0.04426	0.08833	0.03992	0.01770	0.02777	0.00691	0.00493	0.00166	0.00501	0.06831	0.00472	0.00739
1	0.01550	0.01173	0.01185	0.01030	0.02781	0.10290	0.00790	0.21237	0.14896	0.14251	0.02003	0.02102	0.10575	0.07343	0.06206	0.00235	0.00582	0.00588	0.00470	0.00712
2	0.27134	0.01520	0.01274	0.01089	0.01394	0.28683	0.08212	0.03659	0.06565	0.04409	0.01164	0.01274	0.03174	0.00559	0.00442	0.00151	0.00626	0.00410	0.07643	0.00618
3	0.71807	0.00987	0.00838	0.00724	0.01060	0.01102	0.00597	0.01695	0.00985	0.14834	0.00942	0.00997	0.00682	0.00510	0.00355	0.00161	0.00409	0.00321	0.00375	0.00617
4	0.01358	0.41076	0.29554	0.01174	0.01706	0.14268	0.01276	0.01675	0.01140	0.01383	0.00812	0.00946	0.00666	0.00478	0.00413	0.00134	0.00694	0.00325	0.00229	0.00694
5	0.01191	0.00651	0.00707	0.00655	0.00842	0.00668	0.00508	0.01649	0.14817	0.11334	0.01847	0.02031	0.01421	0.00652	0.00423	0.00139	0.00304	0.02578	0.56987	0.00595
6	0.00757	0.00505	0.00568	0.00568	0.00568	0.00505	0.00316	0.00757	0.00757	0.01010	0.01641	0.03408	0.01893	0.81698	0.02651	0.00505	0.00505	0.00757	0.00316	0.00316
7	0.00711	0.00531	0.00659	0.00627	0.00762	0.00480	0.00471	0.00931	0.01412	0.01940	0.62282	0.04135	0.20900	0.01120	0.00614	0.00166	0.00250	0.00976	0.00554	0.00480
8	0.00858	0.00559	0.00735	0.00676	0.00820	0.00512	0.00512	0.01100	0.01475	0.07870	0.72438	0.03730	0.04641	0.01033	0.00607	0.00164	0.00261	0.00910	0.00579	0.00521
9	0.00751	0.00613	0.00986	0.01016	0.03744	0.00579	0.09969	0.00907	0.01052	0.01407	0.02568	0.61241	0.02980	0.01424	0.00659	0.00208	0.00402	0.08569	0.00448	0.00477
10	0.01352	0.00994	0.01159	0.00853	0.01297	0.00838	0.00688	0.10840	0.03969	0.11300	0.01145	0.01215	0.00877	0.00458	0.00424	0.00101	0.00417	0.00364	0.00383	0.61326
11	0.01198	0.01137	0.12078	0.00893	0.01352	0.00771	0.00814	0.01505	0.03284	0.11109	0.03097	0.06308	0.01110	0.00537	0.00445	0.00113	0.00439	0.00443	0.00361	0.53005
12	0.01519	0.01697	0.01192	0.01146	0.04005	0.45918	0.00827	0.01669	0.01268	0.01410	0.01150	0.05252	0.01038	0.06573	0.00697	0.00169	0.05739	0.00465	0.17711	0.00555
13	0.01130	0.00833	0.00877	0.00810	0.01026	0.00926	0.00624	0.02041	0.42657	0.02081	0.07532	0.02085	0.01736	0.00695	0.00473	0.00155	0.00335	0.00575	0.32741	0.00670
14	0.01758	0.01427	0.24403	0.01161	0.04357	0.00921	0.01125	0.04741	0.01396	0.43503	0.08421	0.01724	0.01393	0.00630	0.00523	0.00162	0.00534	0.00515	0.00493	0.00814
15	0.01626	0.05127	0.19723	0.01321	0.05633	0.08515	0.01194	0.34204	0.07203	0.05546	0.01211	0.01267	0.00884	0.00577	0.00497	0.00155	0.00625	0.00440	0.03449	0.00802
16	0.32300	0.18034	0.01461	0.00987	0.01321	0.29462	0.00809	0.03622	0.01200	0.05461	0.00831	0.00932	0.00667	0.00506	0.00392	0.00141	0.00633	0.00317	0.00303	0.00623

[dist]
# distance from previous block
# <min> <max>
0	2

[block]
# block no. 1 follows, 47 sequences, length 11
# corresponding to MSA columns:
# 84-94
name=unknown_B
#
# <colnr> <probs for GDERKNQSTAVLIFYWHMCP>
#	G	D	E	R	K	N	Q	S	T	A	V	L	I	F	Y	W	H	M	C	P
0	0.01356	0.01204	0.01665	0.01331	0.01691	0.01303	0.19592	0.12490	0.44492	0.02190	0.01716	0.01715	0.01283	0.00624	0.00541	0.00171	0.00541	0.00574	0.04738	0.00785
1	0.00653	0.00502	0.00598	0.00631	0.00741	0.00447	0.00452	0.00799	0.01191	0.01552	0.22918	0.32356	0.32550	0.01367	0.00633	0.00186	0.00273	0.01197	0.00506	0.00447
2	0.00628	0.00528	0.00545	0.00541	0.00711	0.00445	0.00406	0.00772	0.01217	0.01477	0.12832	0.04895	0.70637	0.01293	0.00615	0.00175	0.00262	0.01083	0.00493	0.00445
3	0.00708	0.00513	0.00622	0.00636	0.00700	0.00503	0.00427	0.00801	0.00955	0.01267	0.09730	0.14891	0.16743	0.34386	0.14447	0.00422	0.00552	0.00912	0.00390	0.00396
4	0.85377	0.01007	0.00765	0.00685	0.01007	0.01168	0.00564	0.01531	0.00886	0.02336	0.00725	0.00846	0.00564	0.00483	0.00322	0.00161	0.00403	0.00282	0.00322	0.00564
5	0.00983	0.00926	0.01562	0.80447	0.03587	0.01157	0.01446	0.01331	0.01041	0.01331	0.00926	0.01388	0.00694	0.00521	0.00521	0.00174	0.00694	0.00463	0.00231	0.00579
6	0.01945	0.02482	0.01476	0.01342	0.01610	0.79608	0.01006	0.02079	0.01476	0.01275	0.00805	0.00939	0.00671	0.00537	0.00470	0.00134	0.00939	0.00335	0.00268	0.00604
7	0.33231	0.01022	0.01100	0.00880	0.01255	0.01050	0.00726	0.13932	0.01417	0.38323	0.01431	0.01344	0.00955	0.00581	0.00448	0.00160	0.00449	0.00425	0.00505	0.00766
8	0.01062	0.05887	0.39549	0.01186	0.01679	0.01123	0.01301	0.03843	0.17902	0.01754	0.04464	0.12474	0.04071	0.00747	0.00527	0.00171	0.00574	0.00621	0.00355	0.00711
9	0.22263	0.46871	0.02002	0.06077	0.01423	0.07830	0.00850	0.01621	0.01066	0.04862	0.00801	0.00923	0.00671	0.00476	0.00362	0.00132	0.00553	0.00306	0.00270	0.00641
10	0.08044	0.01691	0.29718	0.01218	0.03871	0.01150	0.01229	0.16772	0.03596	0.17544	0.01240	0.01272	0.00866	0.00544	0.00483	0.00153	0.00584	0.00422	0.00392	0.09212

[dist]
# distance from previous block
# <min> <max>
1	6

[block]
# block no. 2 follows, 47 sequences, length 14
# corresponding to MSA columns:
# 101-114
name=unknown_C
#
# <colnr> <probs for GDERKNQSTAVLIFYWHMCP>
#	G	D	E	R	K	N	Q	S	T	A	V	L	I	F	Y	W	H	M	C	P
0	0.27404	0.14341	0.17412	0.01049	0.01482	0.10023	0.01016	0.08739	0.10661	0.01971	0.00998	0.01080	0.00769	0.00526	0.00420	0.00153	0.00579	0.00364	0.00324	0.00689
1	0.01040	0.02953	0.11165	0.03008	0.01616	0.00930	0.20483	0.01368	0.01290	0.06205	0.32069	0.02581	0.03971	0.00790	0.00655	0.00173	0.05323	0.03354	0.00412	0.00612
2	0.01563	0.00811	0.01031	0.00861	0.01140	0.00773	0.00691	0.09115	0.06608	0.34024	0.30631	0.02716	0.02710	0.00841	0.00567	0.00166	0.00381	0.04064	0.00591	0.00715
3	0.01539	0.01340	0.03637	0.01417	0.01823	0.01386	0.20539	0.34974	0.16907	0.02473	0.01481	0.01783	0.01159	0.00653	0.00562	0.00172	0.00617	0.06300	0.00446	0.00792
4	0.01045	0.02694	0.79000	0.01484	0.02254	0.01209	0.01924	0.01649	0.01099	0.01649	0.00935	0.01099	0.00660	0.00495	0.00495	0.00165	0.00770	0.00385	0.00220	0.00770
5	0.00716	0.00532	0.00667	0.00633	0.00765	0.00483	0.00475	0.00943	0.01425	0.01973	0.65793	0.04081	0.17368	0.01108	0.00614	0.00166	0.00249	0.00969	0.00558	0.00483
6	0.00959	0.00674	0.00932	0.00814	0.00963	0.00698	0.06640	0.01176	0.01182	0.05200	0.22813	0.06008	0.08617	0.03561	0.00736	0.00173	0.10275	0.00721	0.27337	0.00521
7	0.00771	0.00575	0.00799	0.00786	0.00845	0.00661	0.00577	0.00896	0.00811	0.01151	0.01429	0.02407	0.01446	0.27327	0.51819	0.00701	0.05674	0.00613	0.00287	0.00426
8	0.00764	0.00602	0.00949	0.00897	0.01012	0.00646	0.06479	0.00951	0.00942	0.01327	0.07928	0.14985	0.01930	0.06465	0.50902	0.00615	0.01045	0.00751	0.00337	0.00472
9	0.01314	0.33060	0.08573	0.00951	0.01413	0.09126	0.00889	0.03930	0.01156	0.01517	0.00846	0.00977	0.00715	0.00441	0.00388	0.00106	0.00547	0.00311	0.00270	0.33470
10	0.01831	0.00889	0.01103	0.00884	0.01223	0.03369	0.00711	0.02132	0.06884	0.49330	0.17042	0.02122	0.01968	0.00708	0.00529	0.00155	0.00414	0.00588	0.00583	0.07537
11	0.03411	0.04324	0.03166	0.01109	0.01490	0.12919	0.00912	0.30235	0.15864	0.12750	0.01393	0.01364	0.01011	0.00599	0.00494	0.00150	0.00566	0.00454	0.00464	0.07325
12	0.01328	0.27453	0.33899	0.01139	0.01694	0.01382	0.01274	0.01768	0.05899	0.11469	0.03565	0.01243	0.00943	0.00525	0.00449	0.00144	0.00604	0.00396	0.00310	0.04515
13	0.20570	0.04085	0.04575	0.00881	0.01197	0.03206	0.00746	0.17352	0.01515	0.13578	0.24691	0.02010	0.02077	0.00715	0.00495	0.00158	0.00434	0.00564	0.00478	0.00671

[dist]
# distance from previous block
# <min> <max>
11	18

[block]
# block no. 3 follows, 47 sequences, length 11
# corresponding to MSA columns:
# 134-144
name=unknown_D
#
# <colnr> <probs for GDERKNQSTAVLIFYWHMCP>
#	G	D	E	R	K	N	Q	S	T	A	V	L	I	F	Y	W	H	M	C	P
0	0.01587	0.20411	0.18851	0.01075	0.01560	0.01310	0.01071	0.08661	0.11442	0.22240	0.01367	0.01340	0.00978	0.00556	0.00466	0.00147	0.00546	0.00427	0.00406	0.05560
1	0.03189	0.00980	0.01107	0.00908	0.01232	0.00986	0.00729	0.21906	0.12438	0.16441	0.07869	0.03960	0.14266	0.00797	0.00534	0.00159	0.00421	0.02150	0.00515	0.09416
2	0.00718	0.00519	0.00701	0.00730	0.00784	0.00509	0.02410	0.00822	0.00970	0.01315	0.09895	0.36182	0.02808	0.25964	0.09683	0.00362	0.00497	0.04304	0.00414	0.00412
3	0.12791	0.00987	0.01407	0.50906	0.02734	0.01155	0.01189	0.09352	0.01225	0.11812	0.01080	0.01350	0.00774	0.00543	0.00494	0.00168	0.00609	0.00447	0.00328	0.00649
4	0.00828	0.00559	0.00727	0.00693	0.00835	0.00514	0.00537	0.01062	0.01424	0.06243	0.60451	0.04068	0.09953	0.01100	0.00621	0.00173	0.00283	0.08860	0.00561	0.00508
5	0.00628	0.00528	0.00545	0.00541	0.00711	0.00445	0.00406	0.00772	0.01217	0.01477	0.12797	0.04896	0.70673	0.01293	0.00615	0.00175	0.00262	0.01083	0.00493	0.00445
6	0.00634	0.00453	0.00604	0.00725	0.00755	0.00423	0.00483	0.00725	0.00997	0.01329	0.02870	0.81358	0.03444	0.01632	0.00665	0.00211	0.00302	0.01480	0.00483	0.00423
7	0.01513	0.01675	0.02474	0.01852	0.02297	0.22254	0.48485	0.06514	0.01382	0.04852	0.01041	0.01286	0.00785	0.00485	0.00566	0.00163	0.00857	0.00527	0.00297	0.00695
8	0.01289	0.01237	0.02114	0.03196	0.78450	0.01237	0.01598	0.01598	0.01186	0.01701	0.00980	0.01289	0.00825	0.00464	0.00516	0.00155	0.00619	0.00464	0.00258	0.00825
9	0.01167	0.00982	0.01126	0.00826	0.01273	0.00811	0.00662	0.07459	0.06599	0.01858	0.01036	0.01155	0.00838	0.00428	0.00407	0.00091	0.00403	0.00341	0.00341	0.72199
10	0.04230	0.01069	0.01764	0.12047	0.16252	0.01051	0.16710	0.05680	0.01334	0.25657	0.03818	0.01728	0.05053	0.00593	0.00541	0.00165	0.00589	0.00555	0.00412	0.00751

[dist]
# distance from previous block
# <min> <max>
1	3

[block]
# block no. 4 follows, 47 sequences, length 11
# corresponding to MSA columns:
# 148-158
name=unknown_E
#
# <colnr> <probs for GDERKNQSTAVLIFYWHMCP>
#	G	D	E	R	K	N	Q	S	T	A	V	L	I	F	Y	W	H	M	C	P
0	0.03543	0.00727	0.00828	0.00776	0.00957	0.00731	0.00585	0.14638	0.05124	0.04722	0.15317	0.27950	0.17245	0.01151	0.00590	0.00179	0.00346	0.00992	0.03038	0.00563
1	0.00905	0.00452	0.00678	0.00678	0.00678	0.00452	0.00452	0.00678	0.00678	0.00905	0.00905	0.01583	0.00905	0.01809	0.02035	0.84848	0.00452	0.00452	0.00226	0.00226
2	0.85377	0.01007	0.00765	0.00685	0.01007	0.01168	0.00564	0.01531	0.00886	0.02336	0.00725	0.00846	0.00564	0.00483	0.00322	0.00161	0.00403	0.00282	0.00322	0.00564
3	0.56351	0.00965	0.00920	0.00769	0.01120	0.01027	0.00634	0.01883	0.01097	0.29067	0.01190	0.01170	0.00817	0.00540	0.00393	0.00161	0.00417	0.00366	0.00435	0.00677
4	0.01271	0.54287	0.29388	0.01098	0.01657	0.01763	0.01252	0.01591	0.01073	0.01373	0.00798	0.00928	0.00665	0.00463	0.00390	0.00130	0.00631	0.00316	0.00222	0.00704
5	0.01268	0.00855	0.00954	0.00811	0.01005	0.00903	0.00606	0.27463	0.01508	0.05006	0.10887	0.02427	0.01800	0.27954	0.03742	0.00292	0.00491	0.00630	0.10813	0.00584
6	0.85377	0.01007	0.00765	0.00685	0.01007	0.01168	0.00564	0.01531	0.00886	0.02336	0.00725	0.00846	0.00564	0.00483	0.00322	0.00161	0.00403	0.00282	0.00322	0.00564
7	0.02156	0.01175	0.01387	0.01064	0.01473	0.01194	0.00879	0.39962	0.01974	0.40704	0.01649	0.01509	0.01086	0.00635	0.00522	0.00159	0.00509	0.00496	0.00582	0.00886
8	0.01945	0.02482	0.01476	0.01342	0.01610	0.79608	0.01006	0.02079	0.01476	0.01275	0.00805	0.00939	0.00671	0.00537	0.00470	0.00134	0.00939	0.00335	0.00268	0.00604
9	0.01116	0.18922	0.63395	0.01363	0.02066	0.01384	0.01713	0.01631	0.01091	0.01562	0.00891	0.01045	0.00661	0.00485	0.00462	0.00154	0.00726	0.00363	0.00220	0.00749
10	0.01136	0.01098	0.01853	0.36253	0.33040	0.01251	0.04795	0.01442	0.01076	0.01483	0.00922	0.01318	0.00749	0.00544	0.00673	0.00173	0.10801	0.00469	0.00243	0.00681

[dist]
# distance from previous block
# <min> <max>
0	1

[block]
# block no. 5 follows, 47 sequences, length 9
# corresponding to MSA columns:
# 160-168
name=unknown_F
#
# <colnr> <probs for GDERKNQSTAVLIFYWHMCP>
#	G	D	E	R	K	N	Q	S	T	A	V	L	I	F	Y	W	H	M	C	P
0	0.00726	0.00524	0.00686	0.00662	0.00776	0.00484	0.00491	0.00956	0.01424	0.02009	0.70284	0.12008	0.04760	0.01124	0.00620	0.00169	0.00252	0.00998	0.00564	0.00484
1	0.01727	0.00980	0.01136	0.00933	0.01255	0.01010	0.00750	0.17185	0.20221	0.29552	0.05100	0.01826	0.01444	0.00668	0.00503	0.00158	0.00422	0.00540	0.13800	0.00791
2	0.00680	0.00521	0.00622	0.00616	0.00748	0.00464	0.00455	0.00864	0.01310	0.01744	0.42082	0.13547	0.32009	0.01227	0.00621	0.00174	0.00259	0.01065	0.00529	0.00464
3	0.49040	0.01021	0.01000	0.00822	0.01181	0.01091	0.00678	0.10567	0.01261	0.27009	0.01213	0.01190	0.00834	0.00552	0.00410	0.00161	0.00436	0.00381	0.00449	0.00705
4	0.00643	0.00474	0.00603	0.00687	0.00750	0.00433	0.00471	0.00758	0.01081	0.01429	0.11930	0.60652	0.15142	0.01518	0.00651	0.00200	0.00290	0.01360	0.00494	0.00433
5	0.01578	0.01259	0.01337	0.01117	0.01462	0.01428	0.00893	0.33363	0.46452	0.02635	0.01760	0.01656	0.01298	0.00673	0.00526	0.00168	0.00479	0.00539	0.00526	0.00850
6	0.00855	0.00481	0.00704	0.00704	0.00725	0.00502	0.00485	0.00742	0.00721	0.00982	0.01080	0.01848	0.01081	0.09334	0.19560	0.58489	0.00669	0.00503	0.00246	0.00288
7	0.01861	0.01203	0.01341	0.01066	0.01437	0.01292	0.00868	0.40802	0.17118	0.19800	0.01630	0.01547	0.01144	0.00645	0.00514	0.00159	0.00492	0.00506	0.05725	0.00849
8	0.08846	0.12261	0.21927	0.01125	0.01592	0.13274	0.01115	0.06058	0.04261	0.20727	0.03212	0.01298	0.00968	0.00561	0.00468	0.00152	0.00618	0.00416	0.00379	0.00743

[dist]
# distance from previous block
# <min> <max>
2	8

[block]
# block no. 6 follows, 47 sequences, length 38
# corresponding to MSA columns:
# 177-214
name=unknown_G
#
# <colnr> <probs for GDERKNQSTAVLIFYWHMCP>
#	G	D	E	R	K	N	Q	S	T	A	V	L	I	F	Y	W	H	M	C	P
0	0.01525	0.17008	0.20921	0.01381	0.09075	0.03069	0.01236	0.28103	0.05622	0.04248	0.01111	0.01215	0.00842	0.01786	0.00511	0.00156	0.00617	0.00421	0.00360	0.00792
1	0.41025	0.35351	0.01673	0.00837	0.01211	0.07515	0.00749	0.03874	0.01051	0.01815	0.00747	0.00861	0.00626	0.00476	0.00345	0.00138	0.00514	0.00290	0.00282	0.00621
2	0.01492	0.07928	0.05252	0.01838	0.28986	0.07293	0.01174	0.21589	0.08245	0.02109	0.01178	0.01321	0.00921	0.00546	0.00486	0.00150	0.00582	0.00450	0.07681	0.00779
3	0.00673	0.00485	0.00637	0.00694	0.00763	0.00449	0.00484	0.00823	0.01182	0.01618	0.31393	0.50261	0.05777	0.01410	0.00644	0.00193	0.00280	0.01268	0.00517	0.00449
4	0.01305	0.01082	0.01086	0.02293	0.01237	0.08864	0.00752	0.26828	0.09831	0.02096	0.02135	0.29434	0.06961	0.01019	0.00570	0.00176	0.00472	0.00862	0.02351	0.00646
5	0.24836	0.00992	0.01089	0.00869	0.01230	0.00996	0.00711	0.15366	0.01458	0.29731	0.08765	0.01564	0.01318	0.00613	0.00464	0.00153	0.00431	0.00468	0.00496	0.08449
6	0.01014	0.00831	0.00943	0.00906	0.01092	0.00924	0.00679	0.01869	0.42325	0.01829	0.08444	0.22139	0.02310	0.03743	0.08247	0.00258	0.00468	0.00844	0.00491	0.00646
7	0.01392	0.82012	0.02729	0.00891	0.01337	0.02061	0.00891	0.01559	0.01058	0.01225	0.00724	0.00835	0.00668	0.00446	0.00334	0.00111	0.00557	0.00278	0.00223	0.00668
8	0.00638	0.00499	0.00579	0.00620	0.00733	0.00440	0.00442	0.00769	0.01150	0.01463	0.13581	0.34342	0.40078	0.01407	0.00634	0.00188	0.00276	0.01226	0.00495	0.00440
9	0.00725	0.00532	0.00680	0.00643	0.00771	0.00486	0.00482	0.00960	0.01446	0.02023	0.71161	0.03998	0.11969	0.01089	0.00614	0.00165	0.00247	0.00957	0.00565	0.00486
10	0.00983	0.00926	0.01562	0.80447	0.03587	0.01157	0.01446	0.01331	0.01041	0.01331	0.00926	0.01388	0.00694	0.00521	0.00521	0.00174	0.00694	0.00463	0.00231	0.00579
11	0.00639	0.00470	0.00594	0.00685	0.00742	0.00431	0.00464	0.00739	0.01040	0.01361	0.06032	0.63644	0.15856	0.03797	0.00710	0.00212	0.00299	0.01377	0.00482	0.00425
12	0.31523	0.01043	0.01035	0.00905	0.01226	0.01168	0.00722	0.02290	0.38348	0.14091	0.01611	0.01524	0.01176	0.00617	0.00455	0.00169	0.00414	0.00469	0.00473	0.00741
13	0.00638	0.00456	0.00607	0.00723	0.00756	0.00425	0.00484	0.00734	0.01013	0.01354	0.05350	0.78807	0.03493	0.01613	0.00663	0.00210	0.00300	0.01463	0.00486	0.00425
14	0.06097	0.01511	0.27815	0.01105	0.01630	0.00938	0.01152	0.02183	0.01326	0.48527	0.01604	0.01495	0.01037	0.00585	0.00504	0.00162	0.00553	0.00464	0.00483	0.00830
15	0.01125	0.01014	0.05848	0.29416	0.03263	0.01019	0.02759	0.14274	0.03718	0.04186	0.14377	0.06540	0.08750	0.00769	0.00554	0.00170	0.00529	0.00663	0.00397	0.00630
16	0.17064	0.00989	0.01106	0.00883	0.01232	0.01007	0.00723	0.20600	0.01559	0.34450	0.01560	0.01501	0.01065	0.00605	0.00462	0.00154	0.00438	0.00460	0.13376	0.00767
17	0.01452	0.24507	0.15632	0.01574	0.17313	0.07660	0.03490	0.10508	0.02524	0.06417	0.03544	0.01223	0.00920	0.00523	0.00464	0.00144	0.00629	0.00414	0.00311	0.00749
18	0.01619	0.23247	0.03283	0.01124	0.01524	0.04869	0.03214	0.32337	0.19514	0.02305	0.01281	0.01289	0.00975	0.00584	0.00473	0.00149	0.00559	0.00443	0.00418	0.00793
19	0.01927	0.00796	0.01077	0.00857	0.01188	0.00695	0.00695	0.02139	0.01486	0.59154	0.21557	0.02315	0.02218	0.00752	0.00547	0.00162	0.00393	0.00631	0.00626	0.00785
20	0.01556	0.29548	0.21314	0.01167	0.01666	0.01554	0.01172	0.14523	0.06590	0.09121	0.03949	0.01399	0.01078	0.00617	0.00496	0.00163	0.00612	0.00442	0.00384	0.02649
21	0.11860	0.32445	0.10644	0.01003	0.01443	0.07430	0.00959	0.07908	0.03012	0.17163	0.01095	0.01121	0.00818	0.00523	0.00419	0.00140	0.00567	0.00367	0.00354	0.00727
22	0.02159	0.00886	0.01177	0.00923	0.01301	0.00795	0.00755	0.02471	0.07980	0.68012	0.06283	0.01905	0.01516	0.00673	0.00529	0.00163	0.00430	0.00552	0.00631	0.00859
23	0.00694	0.00521	0.00626	0.00616	0.00734	0.00471	0.00446	0.00869	0.01277	0.01716	0.42630	0.11322	0.25841	0.08950	0.00815	0.00205	0.00281	0.01020	0.00514	0.00453
24	0.01318	0.65004	0.19083	0.01018	0.01533	0.01878	0.01113	0.01579	0.01067	0.01316	0.00769	0.00892	0.00666	0.00456	0.00369	0.00123	0.00603	0.00301	0.00222	0.00690
25	0.01095	0.00909	0.01430	0.41740	0.15481	0.01038	0.01201	0.01433	0.03681	0.05700	0.06706	0.01738	0.03404	0.00609	0.00559	0.00166	0.03544	0.00525	0.08416	0.00626
26	0.00641	0.00503	0.00580	0.00614	0.00733	0.00442	0.00440	0.00777	0.01168	0.01488	0.15910	0.30511	0.41576	0.01384	0.00632	0.00186	0.00274	0.01203	0.00498	0.00442
27	0.48306	0.00850	0.00774	0.00719	0.00962	0.00945	0.00565	0.01444	0.08711	0.02164	0.19828	0.09440	0.01997	0.00757	0.00447	0.00168	0.00356	0.00588	0.00419	0.00559
28	0.06760	0.04057	0.13685	0.01213	0.01650	0.05272	0.10795	0.12302	0.04214	0.26689	0.01507	0.07056	0.01136	0.00642	0.00519	0.00164	0.00585	0.00544	0.00443	0.00767
29	0.00657	0.00465	0.00603	0.00706	0.00744	0.00437	0.00474	0.00749	0.00991	0.01325	0.02823	0.68260	0.05891	0.08301	0.00824	0.00234	0.00322	0.03474	0.02302	0.00418
30	0.00841	0.00687	0.00751	0.00698	0.00850	0.05339	0.00527	0.03990	0.01468	0.01980	0.59148	0.03781	0.15861	0.01055	0.00602	0.00164	0.00304	0.00911	0.00539	0.00506
31	0.07793	0.01448	0.21223	0.01099	0.01569	0.01077	0.01077	0.07404	0.17073	0.32391	0.01628	0.01531	0.01108	0.00606	0.00503	0.00165	0.00527	0.00480	0.00480	0.00820
32	0.04722	0.02910	0.07874	0.09529	0.20547	0.09201	0.17834	0.14827	0.04100	0.01922	0.01043	0.01265	0.00801	0.00511	0.00522	0.00160	0.00702	0.00473	0.00312	0.00745
33	0.01108	0.01014	0.01430	0.01245	0.01279	0.01375	0.01028	0.01240	0.00833	0.04293	0.00879	0.01344	0.00830	0.01495	0.17115	0.00346	0.61854	0.00479	0.00254	0.00561
34	0.58303	0.01017	0.00902	0.00767	0.01095	0.01134	0.00629	0.12112	0.01185	0.10586	0.01016	0.01087	0.00746	0.00530	0.00375	0.00157	0.00418	0.00350	0.06953	0.00637
35	0.03807	0.08964	0.01432	0.01031	0.01339	0.09621	0.02970	0.08619	0.03358	0.01723	0.06793	0.01340	0.01095	0.00706	0.03275	0.00161	0.14907	0.00422	0.00326	0.28110
36	0.01339	0.50601	0.26105	0.01109	0.01654	0.01701	0.03154	0.01649	0.01102	0.06085	0.00878	0.00988	0.00707	0.00473	0.00402	0.00133	0.00624	0.00335	0.00249	0.00714
37	0.04943	0.42071	0.06859	0.01177	0.03087	0.21213	0.01029	0.06801	0.05028	0.01602	0.00974	0.01119	0.00829	0.00569	0.00451	0.00149	0.00689	0.00368	0.00311	0.00733

[dist]
# distance from previous block
# <min> <max>
0	5

[block]
# block no. 7 follows, 47 sequences, length 30
# corresponding to MSA columns:
# 221-250
name=unknown_H
#
# <colnr> <probs for GDERKNQSTAVLIFYWHMCP>
#	G	D	E	R	K	N	Q	S	T	A	V	L	I	F	Y	W	H	M	C	P
0	0.01486	0.00866	0.01047	0.00882	0.01163	0.00836	0.00688	0.15936	0.05830	0.24239	0.07776	0.20299	0.01970	0.03028	0.00601	0.00172	0.00409	0.00754	0.02505	0.09512
1	0.01276	0.01224	0.02090	0.06488	0.75260	0.01234	0.01592	0.01587	0.01180	0.01686	0.00977	0.01293	0.00819	0.00466	0.00516	0.00155	0.00622	0.00464	0.00257	0.00814
2	0.01263	0.00627	0.00814	0.00750	0.00904	0.00580	0.00541	0.01374	0.01103	0.27355	0.04672	0.21192	0.02181	0.27836	0.03339	0.00307	0.00450	0.03681	0.00480	0.00549
3	0.02088	0.01606	0.01415	0.01154	0.01517	0.27262	0.00920	0.26910	0.01802	0.28057	0.01373	0.01323	0.00950	0.00602	0.00505	0.00151	0.00651	0.00443	0.00479	0.00792
4	0.00724	0.00494	0.00574	0.00601	0.00615	0.00484	0.00356	0.00750	0.00828	0.01097	0.02067	0.20667	0.05488	0.60617	0.02126	0.00426	0.00450	0.00931	0.00360	0.00345
5	0.00676	0.00530	0.00611	0.00591	0.00740	0.00465	0.00443	0.00864	0.01329	0.01743	0.41267	0.04458	0.42037	0.01193	0.00615	0.00170	0.00255	0.01021	0.00528	0.00465
6	0.00979	0.00591	0.00745	0.00673	0.00854	0.00526	0.00516	0.01192	0.01414	0.14818	0.49499	0.03779	0.20296	0.01050	0.00599	0.00166	0.00283	0.00906	0.00566	0.00546
7	0.08589	0.00532	0.00511	0.00503	0.00643	0.00547	0.00382	0.01242	0.01074	0.01977	0.01611	0.01843	0.01265	0.00596	0.00360	0.00125	0.00257	0.00467	0.76984	0.00492
8	0.01392	0.82012	0.02729	0.00891	0.01337	0.02061	0.00891	0.01559	0.01058	0.01225	0.00724	0.00835	0.00668	0.00446	0.00334	0.00111	0.00557	0.00278	0.00223	0.00668
9	0.04717	0.01005	0.01162	0.00880	0.01296	0.00903	0.00710	0.09940	0.08144	0.13363	0.01222	0.01271	0.00924	0.00497	0.00466	0.00115	0.02525	0.00386	0.00400	0.50075
10	0.01731	0.01190	0.01335	0.01230	0.08306	0.06261	0.00899	0.19241	0.22456	0.23193	0.03541	0.01808	0.05064	0.00676	0.00527	0.00163	0.00499	0.00549	0.00516	0.00815
11	0.01825	0.03724	0.16000	0.01482	0.14439	0.01017	0.05129	0.04109	0.01366	0.43216	0.01553	0.01506	0.01039	0.00569	0.00516	0.00160	0.00563	0.00484	0.00465	0.00838
12	0.07752	0.00692	0.00879	0.00752	0.00987	0.00638	0.00592	0.01565	0.01435	0.28773	0.45807	0.02922	0.03322	0.00874	0.00560	0.00163	0.00326	0.00746	0.00579	0.00634
13	0.00905	0.00452	0.00678	0.00678	0.00678	0.00452	0.00452	0.00678	0.00678	0.00905	0.00905	0.01583	0.00905	0.01809	0.02035	0.84848	0.00452	0.00452	0.00226	0.00226
14	0.00673	0.00493	0.00610	0.00684	0.00746	0.00459	0.00463	0.02246	0.01049	0.01373	0.05396	0.56982	0.15969	0.09257	0.00843	0.00231	0.00319	0.01310	0.00471	0.00427
15	0.00677	0.00499	0.00634	0.00665	0.00758	0.00456	0.00474	0.00843	0.01236	0.01677	0.36596	0.35885	0.15008	0.01335	0.00635	0.00185	0.00272	0.01186	0.00523	0.00456
16	0.01968	0.01803	0.01534	0.01247	0.01613	0.27888	0.00995	0.51572	0.02121	0.02606	0.01100	0.01145	0.00813	0.00595	0.00504	0.00149	0.00696	0.00424	0.00436	0.00791
17	0.01085	0.00697	0.00761	0.00681	0.00864	0.00711	0.00527	0.16485	0.01461	0.02190	0.19664	0.04964	0.07783	0.00801	0.00482	0.00145	0.00314	0.00664	0.39159	0.00563
18	0.13917	0.00966	0.01154	0.00911	0.01276	0.00942	0.00747	0.15146	0.01570	0.46754	0.09693	0.01771	0.01495	0.00662	0.00504	0.00161	0.00439	0.00524	0.00570	0.00799
19	0.80371	0.01000	0.00792	0.00699	0.01027	0.01144	0.00576	0.01592	0.00923	0.06946	0.00805	0.00902	0.00608	0.00493	0.00334	0.00161	0.00405	0.00297	0.00342	0.00583
20	0.01349	0.01294	0.02245	0.02790	0.55479	0.01293	0.16312	0.09474	0.01326	0.01860	0.01022	0.01308	0.00824	0.00476	0.00536	0.00159	0.00665	0.00494	0.00286	0.00807
21	0.00811	0.00672	0.00703	0.00724	0.00798	0.07609	0.00496	0.00933	0.01133	0.01486	0.25452	0.33083	0.03299	0.19143	0.01073	0.00255	0.00387	0.01052	0.00454	0.00436
22	0.00905	0.00452	0.00678	0.00678	0.00678	0.00452	0.00452	0.00678	0.00678	0.00905	0.00905	0.01583	0.00905	0.01809	0.02035	0.84848	0.00452	0.00452	0.00226	0.00226
23	0.02336	0.00886	0.01209	0.00927	0.01329	0.00765	0.00765	0.02538	0.01491	0.78810	0.02055	0.01773	0.01289	0.00645	0.00524	0.00161	0.00443	0.00524	0.00645	0.00886
24	0.09831	0.00897	0.01169	0.00905	0.01300	0.00802	0.00747	0.02447	0.01436	0.71908	0.01935	0.01689	0.01224	0.00630	0.00506	0.00161	0.00439	0.00502	0.00615	0.00857
25	0.01163	0.01756	0.27907	0.03697	0.17338	0.01298	0.25626	0.01587	0.01118	0.01608	0.00949	0.01246	0.00738	0.00525	0.00695	0.00175	0.11120	0.00485	0.00243	0.00729
26	0.01301	0.01305	0.02429	0.06943	0.37778	0.01294	0.31859	0.07354	0.01292	0.01788	0.01027	0.01338	0.00808	0.00469	0.00556	0.00164	0.00724	0.00525	0.00279	0.00766
27	0.00690	0.00590	0.03716	0.00676	0.00800	0.00487	0.00514	0.00862	0.01204	0.01616	0.30504	0.28366	0.20887	0.05775	0.00739	0.00201	0.00303	0.01115	0.00496	0.00459
28	0.01370	0.01636	0.25125	0.01471	0.01980	0.01188	0.21123	0.12417	0.08051	0.10864	0.01414	0.05190	0.01112	0.00628	0.00554	0.00173	0.00667	0.03905	0.00374	0.00758
29	0.04489	0.20947	0.18043	0.01282	0.08527	0.01383	0.01149	0.15612	0.01432	0.20506	0.01209	0.01235	0.00867	0.00540	0.00464	0.00148	0.00577	0.00412	0.00385	0.00793

[dist]
# distance from previous block
# <min> <max>
5	7

[block]
# block no. 8 follows, 47 sequences, length 19
# corresponding to MSA columns:
# 258-276
name=unknown_I
#
# <colnr> <probs for GDERKNQSTAVLIFYWHMCP>
#	G	D	E	R	K	N	Q	S	T	A	V	L	I	F	Y	W	H	M	C	P
0	0.34446	0.10152	0.01256	0.01039	0.07349	0.05169	0.00772	0.01849	0.19183	0.03828	0.01229	0.01279	0.02603	0.00548	0.00412	0.00151	0.00463	0.00398	0.00363	0.07511
1	0.85377	0.01007	0.00765	0.00685	0.01007	0.01168	0.00564	0.01531	0.00886	0.02336	0.00725	0.00846	0.00564	0.00483	0.00322	0.00161	0.00403	0.00282	0.00322	0.00564
2	0.00667	0.00470	0.00611	0.00710	0.00740	0.00447	0.00473	0.00750	0.00966	0.01286	0.02648	0.63497	0.03147	0.15710	0.01017	0.00265	0.00348	0.05386	0.00454	0.00407
3	0.01748	0.01088	0.01246	0.01027	0.01373	0.01154	0.00824	0.18541	0.33206	0.26907	0.05738	0.01837	0.01509	0.00687	0.00530	0.00167	0.00448	0.00560	0.00567	0.00841
4	0.00707	0.00531	0.00655	0.00624	0.00760	0.00479	0.00468	0.00925	0.01404	0.01922	0.60428	0.04163	0.22764	0.01127	0.00615	0.00167	0.00250	0.00980	0.00551	0.00479
5	0.35414	0.01085	0.01104	0.01121	0.08921	0.01238	0.00796	0.02149	0.38786	0.02195	0.01440	0.01432	0.01097	0.00592	0.00444	0.00168	0.00429	0.00452	0.00418	0.00719
6	0.01527	0.03820	0.01364	0.01238	0.07733	0.03590	0.00908	0.11396	0.48165	0.11677	0.01830	0.01720	0.01349	0.00656	0.00519	0.00167	0.00472	0.00539	0.00503	0.00828
7	0.13071	0.07006	0.01419	0.01165	0.06090	0.05857	0.06952	0.06629	0.19270	0.12628	0.12984	0.01793	0.01629	0.00650	0.00501	0.00160	0.00493	0.00540	0.00447	0.00716
8	0.00748	0.00558	0.00634	0.00620	0.00726	0.00530	0.00430	0.04021	0.01119	0.01456	0.15706	0.08721	0.29264	0.27332	0.05609	0.00318	0.00416	0.00930	0.00435	0.00428
9	0.01547	0.49635	0.10347	0.01059	0.01498	0.17962	0.01019	0.04136	0.01220	0.06109	0.00861	0.00955	0.00713	0.00488	0.00397	0.00126	0.00652	0.00323	0.00267	0.00686
10	0.01184	0.01130	0.01924	0.29801	0.52667	0.01210	0.01546	0.01506	0.01136	0.01574	0.00961	0.01323	0.00780	0.00484	0.00517	0.00161	0.00645	0.00464	0.00249	0.00740
11	0.01911	0.01406	0.01504	0.01164	0.01564	0.01557	0.00958	0.70587	0.05579	0.03182	0.01305	0.01307	0.00933	0.00628	0.00515	0.00156	0.00553	0.00475	0.03850	0.00867
12	0.01799	0.01447	0.01448	0.01162	0.01535	0.07934	0.00940	0.53457	0.17438	0.02840	0.01507	0.01475	0.03283	0.00655	0.00521	0.00159	0.00562	0.00501	0.00501	0.00837
13	0.01151	0.27085	0.55546	0.01302	0.01972	0.01471	0.01606	0.01622	0.01087	0.01519	0.00870	0.01018	0.00662	0.00480	0.00445	0.00148	0.00704	0.00352	0.00221	0.00738
14	0.39448	0.29948	0.08462	0.00871	0.01286	0.01499	0.00835	0.06210	0.01088	0.05171	0.00832	0.00929	0.00660	0.00486	0.00362	0.00144	0.00502	0.00312	0.00304	0.00653
15	0.00634	0.00453	0.00604	0.00725	0.00755	0.00423	0.00483	0.00725	0.00997	0.01329	0.02870	0.81358	0.03444	0.01632	0.00665	0.00211	0.00302	0.01480	0.00483	0.00423
16	0.18554	0.22174	0.07542	0.01094	0.01525	0.06166	0.09370	0.06250	0.01254	0.19795	0.01124	0.01171	0.00818	0.00519	0.00439	0.00148	0.00576	0.00397	0.00366	0.00718
17	0.01552	0.16005	0.21017	0.01199	0.04123	0.01369	0.01152	0.22170	0.06163	0.13279	0.05960	0.01419	0.01137	0.00590	0.00487	0.00153	0.00572	0.00458	0.00405	0.00788
18	0.01608	0.06107	0.04033	0.01755	0.27921	0.01159	0.01111	0.05922	0.16118	0.24023	0.03876	0.01599	0.01220	0.00589	0.00512	0.00159	0.00515	0.00506	0.00442	0.00824

[dist]
# distance from previous block
# <min> <max>
0	12

[block]
# block no. 9 follows, 47 sequences, length 10
# corresponding to MSA columns:
# 289-298
name=unknown_J
#
# <colnr> <probs for GDERKNQSTAVLIFYWHMCP>
#	G	D	E	R	K	N	Q	S	T	A	V	L	I	F	Y	W	H	M	C	P
0	0.01076	0.05301	0.00881	0.00746	0.00897	0.00684	0.00543	0.06897	0.01164	0.13532	0.04222	0.31284	0.09573	0.19529	0.01059	0.00256	0.00401	0.00971	0.00460	0.00524
1	0.01877	0.14171	0.01709	0.01205	0.01570	0.30931	0.00981	0.37223	0.01871	0.02214	0.01003	0.01070	0.00772	0.00564	0.00473	0.00141	0.00708	0.00390	0.00381	0.00747
2	0.00757	0.00505	0.00568	0.00568	0.00568	0.00505	0.00316	0.00757	0.00757	0.01010	0.01641	0.03408	0.01893	0.81698	0.02651	0.00505	0.00505	0.00757	0.00316	0.00316
3	0.10944	0.01029	0.01243	0.00963	0.01361	0.01001	0.00795	0.19330	0.01646	0.53603	0.01732	0.01557	0.01121	0.00623	0.00502	0.00160	0.00469	0.00486	0.00583	0.00852
4	0.10595	0.06448	0.11126	0.01089	0.01530	0.01185	0.04486	0.21790	0.01592	0.29627	0.04431	0.01460	0.01108	0.00598	0.00494	0.00158	0.00534	0.00472	0.00478	0.00800
5	0.01850	0.00817	0.01036	0.00830	0.01146	0.00756	0.00673	0.08874	0.01493	0.47759	0.09871	0.01982	0.01641	0.00679	0.00499	0.00153	0.00392	0.00554	0.18234	0.00761
6	0.00861	0.00698	0.00956	0.00863	0.00899	0.00797	0.04904	0.00925	0.00815	0.01134	0.01481	0.08993	0.01662	0.49972	0.04416	0.00409	0.18767	0.00733	0.00305	0.00408
7	0.37823	0.36390	0.01717	0.00855	0.01230	0.08622	0.00764	0.04776	0.01080	0.01798	0.00754	0.00867	0.00633	0.00478	0.00349	0.00137	0.00525	0.00293	0.00283	0.00627
8	0.19693	0.00961	0.01091	0.00889	0.01228	0.00968	0.00721	0.16382	0.01480	0.36898	0.01688	0.09809	0.01284	0.00708	0.00489	0.00164	0.00437	0.00560	0.03795	0.00754
9	0.01513	0.20062	0.23897	0.01168	0.01674	0.01493	0.01194	0.25840	0.07409	0.06830	0.03307	0.01271	0.00963	0.00567	0.00474	0.00151	0.00596	0.00427	0.00377	0.00787

[dist]
# distance from previous block
# <min> <max>
1	6

[block]
# block no. 10 follows, 47 sequences, length 11
# corresponding to MSA columns:
# 305-315
name=unknown_K
#
# <colnr> <probs for GDERKNQSTAVLIFYWHMCP>
#	G	D	E	R	K	N	Q	S	T	A	V	L	I	F	Y	W	H	M	C	P
0	0.03118	0.12229	0.08279	0.01004	0.01385	0.01219	0.00897	0.19011	0.13445	0.15744	0.11027	0.01888	0.03341	0.00686	0.00506	0.00156	0.00483	0.02250	0.00472	0.02861
1	0.01231	0.01318	0.19958	0.27525	0.02233	0.01033	0.01239	0.01741	0.10913	0.14735	0.08553	0.01820	0.04178	0.00639	0.00528	0.00169	0.00576	0.00538	0.00378	0.00695
2	0.03358	0.24448	0.26955	0.01225	0.04608	0.01494	0.01241	0.19714	0.01430	0.05819	0.01037	0.01132	0.00781	0.00523	0.00449	0.00145	0.00610	0.00387	0.03885	0.00760
3	0.00905	0.00452	0.00678	0.00678	0.00678	0.00452	0.00452	0.00678	0.00678	0.00905	0.00905	0.01583	0.00905	0.01809	0.02035	0.84848	0.00452	0.00452	0.00226	0.00226
4	0.01266	0.00894	0.00982	0.00782	0.01093	0.00861	0.00624	0.21868	0.01484	0.02240	0.06336	0.01607	0.01267	0.00572	0.00430	0.00120	0.00379	0.00455	0.29358	0.27383
5	0.58637	0.06244	0.00959	0.00741	0.01063	0.01098	0.00613	0.01645	0.01025	0.15216	0.03516	0.05311	0.00983	0.00587	0.00384	0.00161	0.00410	0.00406	0.00387	0.00616
6	0.01340	0.14808	0.10980	0.01114	0.01514	0.14535	0.03839	0.07494	0.02925	0.01643	0.03293	0.02916	0.00928	0.00555	0.00552	0.00134	0.07380	0.00405	0.00302	0.23345
7	0.01284	0.01756	0.33418	0.04376	0.32848	0.01138	0.01585	0.01700	0.01194	0.10932	0.04042	0.01372	0.00966	0.00523	0.00512	0.00161	0.00647	0.00457	0.00300	0.00790
8	0.01080	0.00926	0.01080	0.00771	0.01234	0.00694	0.00617	0.01311	0.01080	0.01697	0.00926	0.01080	0.00771	0.00386	0.00386	0.00077	0.00386	0.00309	0.00309	0.84882
9	0.22972	0.03040	0.03481	0.00919	0.01267	0.10498	0.00759	0.10089	0.01346	0.20645	0.05357	0.06330	0.01224	0.00636	0.00460	0.00151	0.00495	0.00483	0.00432	0.09417
10	0.43163	0.11321	0.04176	0.00798	0.01142	0.01145	0.00698	0.04797	0.01158	0.14037	0.11764	0.01440	0.01314	0.00591	0.00411	0.00155	0.00428	0.00423	0.00399	0.00639

[dist]
# distance from previous block
# <min> <max>
0	2

[block]
# block no. 11 follows, 47 sequences, length 17
# corresponding to MSA columns:
# 318-334
name=unknown_L
#
# <colnr> <probs for GDERKNQSTAVLIFYWHMCP>
#	G	D	E	R	K	N	Q	S	T	A	V	L	I	F	Y	W	H	M	C	P
0	0.01245	0.48371	0.35077	0.01143	0.01726	0.01700	0.01329	0.01597	0.01076	0.01405	0.00813	0.00947	0.00665	0.00466	0.00402	0.00134	0.00647	0.00324	0.00222	0.00711
1	0.75652	0.01014	0.00870	0.00845	0.05545	0.01149	0.00636	0.01593	0.00939	0.06736	0.00817	0.00926	0.00621	0.00492	0.00345	0.00161	0.00418	0.00307	0.00337	0.00598
2	0.01917	0.01247	0.01372	0.01090	0.01468	0.03474	0.00887	0.39160	0.15863	0.23342	0.03610	0.01577	0.01222	0.00654	0.00524	0.00161	0.00510	0.00514	0.00550	0.00856
3	0.00750	0.00536	0.00723	0.00723	0.00777	0.00589	0.00509	0.00857	0.00803	0.01125	0.01499	0.02621	0.01552	0.36762	0.47120	0.00697	0.01019	0.00642	0.00294	0.00402
4	0.33352	0.01078	0.01066	0.00979	0.03570	0.01224	0.00752	0.05163	0.38255	0.07157	0.01516	0.01468	0.01130	0.00607	0.00450	0.00168	0.00423	0.00459	0.00450	0.00732
5	0.00857	0.00796	0.01439	0.01215	0.01406	0.00775	0.24237	0.01070	0.01095	0.01490	0.08110	0.45649	0.02572	0.01173	0.00706	0.00197	0.05171	0.01108	0.00407	0.00524
6	0.01262	0.01095	0.01682	0.01747	0.20847	0.01199	0.10900	0.01795	0.18414	0.07615	0.07156	0.01703	0.01341	0.00857	0.05373	0.00217	0.15152	0.00557	0.00369	0.00721
7	0.01492	0.28302	0.02453	0.01452	0.01884	0.08579	0.26444	0.16558	0.01418	0.01789	0.00945	0.01132	0.00753	0.00507	0.00537	0.00149	0.04149	0.00442	0.00300	0.00713
8	0.00827	0.00596	0.00823	0.00936	0.01059	0.00591	0.00816	0.01061	0.01198	0.01550	0.02890	0.05829	0.06976	0.01432	0.00714	0.00236	0.00468	0.71040	0.00480	0.00477
9	0.00757	0.00505	0.00568	0.00568	0.00568	0.00505	0.00316	0.00757	0.00757	0.01010	0.01641	0.03408	0.01893	0.81698	0.02651	0.00505	0.00505	0.00757	0.00316	0.00316
10	0.01060	0.10163	0.68276	0.01394	0.02101	0.01256	0.01762	0.01600	0.01091	0.01595	0.01000	0.04603	0.00783	0.00540	0.00487	0.00162	0.00729	0.00423	0.00232	0.00745
11	0.01324	0.00971	0.01033	0.00918	0.01184	0.01084	0.00717	0.07702	0.48468	0.06644	0.01947	0.01883	0.01457	0.00672	0.00487	0.00160	0.00383	0.00550	0.21669	0.00747
12	0.00634	0.00453	0.00604	0.00725	0.00755	0.00423	0.00483	0.00725	0.00997	0.01329	0.02870	0.81358	0.03444	0.01632	0.00665	0.00211	0.00302	0.01480	0.00483	0.00423
13	0.00983	0.00926	0.01562	0.80447	0.03587	0.01157	0.01446	0.01331	0.01041	0.01331	0.00926	0.01388	0.00694	0.00521	0.00521	0.00174	0.00694	0.00463	0.00231	0.00579
14	0.02042	0.01065	0.03173	0.01006	0.01391	0.01007	0.00838	0.21417	0.06547	0.47899	0.01875	0.06542	0.01322	0.00701	0.00531	0.00164	0.00474	0.00569	0.00585	0.00851
15	0.02015	0.04436	0.01205	0.00891	0.01249	0.00811	0.00734	0.05161	0.01506	0.59656	0.14612	0.02062	0.01848	0.00705	0.00530	0.00159	0.00420	0.00580	0.00609	0.00811
16	0.25010	0.04399	0.01219	0.00920	0.01288	0.01187	0.00763	0.26311	0.01600	0.24487	0.03359	0.01371	0.01029	0.00595	0.00455	0.00156	0.00465	0.00438	0.04187	0.00760

[dist]
# distance from previous block
# <min> <max>
1	6

[block]
# block no. 12 follows, 47 sequences, length 10
# corresponding to MSA columns:
# 341-350
name=unknown_M
#
# <colnr> <probs for GDERKNQSTAVLIFYWHMCP>
#	G	D	E	R	K	N	Q	S	T	A	V	L	I	F	Y	W	H	M	C	P
0	0.01742	0.01212	0.01338	0.01088	0.01440	0.01321	0.00876	0.41167	0.21979	0.13100	0.01716	0.07814	0.01327	0.00728	0.00535	0.00167	0.00492	0.00588	0.00537	0.00833
1	0.19901	0.00904	0.01260	0.49214	0.02567	0.01083	0.01107	0.04255	0.01056	0.01633	0.01143	0.11532	0.01026	0.00659	0.00495	0.00175	0.00574	0.00553	0.00296	0.00567
2	0.08127	0.01163	0.01329	0.01021	0.01429	0.01181	0.00841	0.36648	0.01853	0.31479	0.01486	0.01402	0.01004	0.00601	0.00495	0.00151	0.00495	0.00462	0.00534	0.08299
3	0.02191	0.01119	0.01353	0.01037	0.01445	0.01111	0.00857	0.32686	0.01880	0.48112	0.01728	0.01560	0.01125	0.00637	0.00523	0.00159	0.00496	0.00501	0.00594	0.00886
4	0.01499	0.01565	0.01738	0.01423	0.01707	0.21419	0.15022	0.10941	0.19090	0.01794	0.01185	0.01338	0.00935	0.00646	0.00772	0.00174	0.17214	0.00487	0.00350	0.00700
5	0.00729	0.00532	0.00684	0.00646	0.00773	0.00488	0.00485	0.00966	0.01454	0.02041	0.73127	0.03968	0.09991	0.01082	0.00614	0.00165	0.00247	0.00953	0.00567	0.00488
6	0.01858	0.01297	0.01413	0.01100	0.01464	0.01412	0.00890	0.61583	0.02166	0.08954	0.01361	0.01555	0.01041	0.10540	0.00782	0.00199	0.00554	0.00508	0.00506	0.00816
7	0.00743	0.00536	0.00705	0.00674	0.00797	0.00498	0.00513	0.00989	0.01457	0.02056	0.73512	0.04013	0.04795	0.01088	0.00621	0.00168	0.00260	0.05517	0.00567	0.00491
8	0.00634	0.00453	0.00604	0.00725	0.00755	0.00423	0.00483	0.00725	0.00997	0.01329	0.02870	0.81358	0.03444	0.01632	0.00665	0.00211	0.00302	0.01480	0.00483	0.00423
9	0.01746	0.01351	0.01383	0.01113	0.01471	0.05229	0.00901	0.50925	0.18061	0.02835	0.01451	0.01441	0.01063	0.00636	0.00507	0.00156	0.00528	0.00489	0.07889	0.00824

[dist]
# distance from previous block
# <min> <max>
0	6

[block]
# block no. 13 follows, 47 sequences, length 38
# corresponding to MSA columns:
# 357-394
name=unknown_N
#
# <colnr> <probs for GDERKNQSTAVLIFYWHMCP>
#	G	D	E	R	K	N	Q	S	T	A	V	L	I	F	Y	W	H	M	C	P
0	0.28135	0.08152	0.01533	0.01605	0.24215	0.08414	0.01015	0.11355	0.07513	0.02066	0.00989	0.01127	0.00785	0.00516	0.00437	0.00153	0.00551	0.00390	0.00332	0.00717
1	0.47783	0.01275	0.13673	0.01005	0.04539	0.01131	0.02603	0.08351	0.01119	0.02173	0.04257	0.07918	0.01052	0.00618	0.00425	0.00166	0.00483	0.00461	0.00344	0.00626
2	0.00627	0.00500	0.00562	0.00606	0.00725	0.00435	0.00432	0.00748	0.01127	0.01403	0.07095	0.33307	0.47749	0.01425	0.00634	0.00189	0.00277	0.01235	0.00487	0.00435
3	0.01974	0.01262	0.01413	0.01086	0.01488	0.01332	0.00894	0.53241	0.02110	0.20146	0.01437	0.01391	0.00991	0.00618	0.00508	0.00152	0.00521	0.00475	0.04321	0.04639
4	0.01021	0.00534	0.00539	0.00521	0.00657	0.00542	0.00395	0.04985	0.01160	0.02008	0.01676	0.01907	0.01312	0.00608	0.00372	0.00123	0.00259	0.00485	0.80389	0.00505
5	0.01139	0.01139	0.01595	0.01367	0.01367	0.01595	0.01139	0.01253	0.00798	0.01253	0.00684	0.01139	0.00684	0.00911	0.01709	0.00228	0.80745	0.00456	0.00228	0.00570
6	0.00905	0.00452	0.00678	0.00678	0.00678	0.00452	0.00452	0.00678	0.00678	0.00905	0.00905	0.01583	0.00905	0.01809	0.02035	0.84848	0.00452	0.00452	0.00226	0.00226
7	0.00757	0.00505	0.00568	0.00568	0.00568	0.00505	0.00316	0.00757	0.00757	0.01010	0.01641	0.03408	0.01893	0.81698	0.02651	0.00505	0.00505	0.00757	0.00316	0.00316
8	0.01295	0.01119	0.01178	0.01060	0.01354	0.01295	0.00824	0.02767	0.77509	0.02178	0.02120	0.01943	0.01590	0.00707	0.00530	0.00177	0.00412	0.00589	0.00530	0.00824
9	0.36736	0.00936	0.01025	0.00826	0.01196	0.00932	0.00682	0.02121	0.01240	0.47131	0.01504	0.01389	0.00989	0.00578	0.00440	0.00161	0.00426	0.00424	0.00511	0.00753
10	0.01295	0.01119	0.01178	0.01060	0.01354	0.01295	0.00824	0.02767	0.77509	0.02178	0.02120	0.01943	0.01590	0.00707	0.00530	0.00177	0.00412	0.00589	0.00530	0.00824
11	0.01080	0.00926	0.01080	0.00771	0.01234	0.00694	0.00617	0.01311	0.01080	0.01697	0.00926	0.01080	0.00771	0.00386	0.00386	0.00077	0.00386	0.00309	0.00309	0.84882
12	0.01666	0.10853	0.02048	0.01523	0.01872	0.47546	0.21391	0.01886	0.01342	0.01375	0.00859	0.01060	0.00703	0.00512	0.00533	0.00146	0.03379	0.00408	0.00261	0.00636
13	0.01637	0.00826	0.01053	0.00856	0.01174	0.00756	0.00684	0.02025	0.11695	0.39961	0.22495	0.02297	0.02256	0.00740	0.00535	0.00155	0.00380	0.00624	0.00576	0.09276
14	0.12325	0.01215	0.07957	0.01005	0.01397	0.02675	0.00881	0.22503	0.03178	0.30903	0.07404	0.03558	0.01358	0.00662	0.00505	0.00161	0.00493	0.00519	0.00514	0.00787
15	0.01065	0.07463	0.74414	0.01449	0.02199	0.01261	0.01862	0.01644	0.01097	0.01624	0.00922	0.01084	0.00660	0.00492	0.00485	0.00162	0.00757	0.00378	0.00220	0.00764
