[name]
unknown

[dist]
# distance from previous block
# <min> <max>
0	11

[block]
# block no. 0 follows, 55 sequences, length 20
# corresponding to MSA columns:
# 11-30
name=unknown_A
#
# <colnr> <probs for GDERKNQSTAVLIFYWHMCP>
#	G	D	E	R	K	N	Q	S	T	A	V	L	I	F	Y	W	H	M	C	P
0	0.00722	0.00516	0.00718	0.00825	0.00920	0.00512	0.00702	0.00916	0.01044	0.01361	0.02478	0.17072	0.02738	0.01311	0.00635	0.00210	0.00404	0.66066	0.00429	0.00421
1	0.07618	0.02051	0.01281	0.01147	0.01401	0.69592	0.00870	0.08197	0.01354	0.01352	0.00747	0.00856	0.00608	0.00483	0.00414	0.00123	0.00779	0.00306	0.00262	0.00558
2	0.01059	0.01110	0.02305	0.01694	0.02072	0.01086	0.59694	0.01392	0.01028	0.03979	0.00995	0.01337	0.00783	0.00894	0.12910	0.00249	0.06042	0.00530	0.00246	0.00593
3	0.02061	0.00834	0.01106	0.00848	0.01209	0.00746	0.00700	0.08607	0.01402	0.74631	0.01776	0.01545	0.01122	0.00574	0.00468	0.00144	0.00405	0.00464	0.00567	0.00792
4	0.01080	0.41028	0.43907	0.01075	0.01625	0.01441	0.01282	0.01435	0.00965	0.01294	0.00746	0.00870	0.00593	0.00421	0.00374	0.00125	0.00598	0.00299	0.00198	0.00645
5	0.00658	0.00476	0.00622	0.00585	0.00695	0.00439	0.00439	0.00878	0.01317	0.01866	0.80503	0.03475	0.04390	0.00951	0.00549	0.00146	0.00219	0.00841	0.00512	0.00439
6	0.04016	0.01075	0.01143	0.00967	0.01268	0.01215	0.00770	0.25003	0.50766	0.06112	0.01624	0.01516	0.01194	0.00601	0.00465	0.00151	0.00412	0.00483	0.00470	0.00748
7	0.01151	0.01105	0.01888	0.02855	0.80748	0.01105	0.01428	0.01428	0.01059	0.01520	0.00875	0.01151	0.00737	0.00415	0.00461	0.00138	0.00553	0.00415	0.00230	0.00737
8	0.00567	0.00405	0.00540	0.00648	0.00675	0.00378	0.00432	0.00648	0.00891	0.01188	0.02564	0.83347	0.03077	0.01457	0.00594	0.00189	0.00270	0.01323	0.00432	0.00378
9	0.00726	0.00526	0.00717	0.00806	0.00917	0.00517	0.00695	0.00932	0.01086	0.01410	0.07608	0.05068	0.09604	0.01255	0.00628	0.00205	0.00398	0.66040	0.00434	0.00426
10	0.01768	0.01303	0.01396	0.01070	0.01443	0.01443	0.00884	0.79197	0.02187	0.02932	0.01117	0.01117	0.00791	0.00558	0.00465	0.00140	0.00512	0.00419	0.00465	0.00791
11	0.01089	0.01443	0.17053	0.01863	0.07270	0.01149	0.56743	0.01491	0.01071	0.03085	0.00929	0.01200	0.00693	0.00415	0.00542	0.00155	0.02429	0.00498	0.00234	0.00646
12	0.00567	0.00405	0.00540	0.00648	0.00675	0.00378	0.00432	0.00648	0.00891	0.01188	0.02564	0.83347	0.03077	0.01457	0.00594	0.00189	0.00270	0.01323	0.00432	0.00378
13	0.00951	0.00901	0.01526	0.61442	0.23730	0.01053	0.01328	0.01252	0.00964	0.01276	0.00840	0.01217	0.00651	0.00452	0.00464	0.00151	0.00602	0.00414	0.00213	0.00575
14	0.00587	0.00468	0.00499	0.00494	0.00617	0.00409	0.00354	0.00699	0.01032	0.01284	0.14961	0.04093	0.56419	0.15045	0.00856	0.00205	0.00270	0.00910	0.00418	0.00381
15	0.01856	0.00859	0.01139	0.00967	0.06238	0.00784	0.00736	0.08944	0.04111	0.58962	0.03503	0.01522	0.01147	0.00559	0.00461	0.00139	0.00407	0.00458	0.00518	0.06690
16	0.00624	0.00474	0.00576	0.00561	0.00683	0.00426	0.00423	0.00807	0.01214	0.01635	0.51323	0.06391	0.28385	0.01051	0.00554	0.00153	0.00233	0.03584	0.00481	0.00422
17	0.03535	0.00906	0.01523	0.43134	0.17478	0.01038	0.08101	0.01253	0.00956	0.03494	0.00971	0.06865	0.00830	0.00548	0.00563	0.00158	0.07356	0.00485	0.00242	0.00566
18	0.01083	0.00823	0.00977	0.00704	0.01111	0.00627	0.00565	0.01287	0.01003	0.09918	0.00933	0.01030	0.00738	0.00369	0.00358	0.00077	0.00350	0.00296	0.00307	0.77443
19	0.01159	0.01180	0.01362	0.41661	0.09056	0.19512	0.01112	0.01483	0.07140	0.03818	0.03281	0.01245	0.00816	0.00512	0.00511	0.00148	0.04770	0.00410	0.00258	0.00564

[dist]
# distance from previous block
# <min> <max>
0	1

[block]
# block no. 1 follows, 55 sequences, length 87
# corresponding to MSA columns:
# 32-118
name=unknown_B
#
# <colnr> <probs for GDERKNQSTAVLIFYWHMCP>
#	G	D	E	R	K	N	Q	S	T	A	V	L	I	F	Y	W	H	M	C	P
0	0.00879	0.00827	0.01395	0.82532	0.03204	0.01034	0.01292	0.01189	0.00930	0.01189	0.00827	0.01240	0.00620	0.00465	0.00465	0.00155	0.00620	0.00413	0.00207	0.00517
1	0.01491	0.01799	0.01329	0.14053	0.01681	0.55770	0.00966	0.01700	0.05216	0.01186	0.00784	0.00969	0.00646	0.00523	0.00555	0.00137	0.10070	0.00341	0.00242	0.00542
2	0.00582	0.00416	0.00546	0.00644	0.00678	0.00391	0.00437	0.00666	0.00892	0.01183	0.02561	0.71995	0.05448	0.06384	0.00702	0.00205	0.00288	0.05183	0.00423	0.00375
3	0.01165	0.01086	0.01788	0.12752	0.64855	0.01122	0.01369	0.07407	0.01130	0.01587	0.00888	0.01160	0.00726	0.00432	0.00462	0.00140	0.00558	0.00415	0.00245	0.00713
4	0.01666	0.01993	0.01269	0.01139	0.01385	0.67082	0.00862	0.07836	0.06097	0.01352	0.00856	0.00954	0.00690	0.00497	0.00422	0.00123	0.00758	0.00328	0.04122	0.00566
5	0.01131	0.00777	0.00942	0.00746	0.02219	0.00644	0.00588	0.05456	0.01141	0.15082	0.09475	0.01768	0.06852	0.00557	0.00422	0.00107	0.00348	0.03768	0.00378	0.47600
6	0.05666	0.53550	0.07777	0.03498	0.03834	0.01461	0.02930	0.01287	0.00936	0.01214	0.00940	0.11445	0.00930	0.00606	0.02061	0.00135	0.00504	0.00418	0.00237	0.00570
7	0.86937	0.00900	0.00684	0.00612	0.00900	0.01044	0.00504	0.01368	0.00792	0.02087	0.00648	0.00756	0.00504	0.00432	0.00288	0.00144	0.00360	0.00252	0.00288	0.00504
8	0.01074	0.00881	0.02539	0.00730	0.01143	0.00677	0.00599	0.05396	0.01052	0.06321	0.00902	0.01010	0.00720	0.00372	0.00360	0.00079	0.00363	0.00296	0.00302	0.75184
9	0.00935	0.02311	0.76411	0.01288	0.01959	0.01053	0.01649	0.01455	0.00981	0.01476	0.00834	0.00981	0.00595	0.00436	0.00436	0.00143	0.00667	0.00340	0.00201	0.05849
10	0.86937	0.00900	0.00684	0.00612	0.00900	0.01044	0.00504	0.01368	0.00792	0.02087	0.00648	0.00756	0.00504	0.00432	0.00288	0.00144	0.00360	0.00252	0.00288	0.00504
11	0.00879	0.00827	0.01395	0.82532	0.03204	0.01034	0.01292	0.01189	0.00930	0.01189	0.00827	0.01240	0.00620	0.00465	0.00465	0.00155	0.00620	0.00413	0.00207	0.00517
12	0.00574	0.00416	0.00544	0.00643	0.00684	0.00386	0.00440	0.00663	0.00912	0.01202	0.02726	0.73755	0.09046	0.01428	0.00593	0.00188	0.00274	0.04713	0.00432	0.00381
13	0.00936	0.16276	0.01042	0.00767	0.00914	0.15407	0.00585	0.01040	0.00988	0.02247	0.01919	0.41253	0.06183	0.05264	0.00596	0.00172	0.00429	0.03184	0.00348	0.00451
14	0.01166	0.01148	0.01828	0.07560	0.71862	0.05396	0.01391	0.01436	0.01065	0.01480	0.00864	0.01140	0.00723	0.00421	0.00459	0.00138	0.00572	0.00408	0.00229	0.00713
15	0.00581	0.00415	0.00556	0.00664	0.00697	0.00390	0.00456	0.00672	0.00904	0.01203	0.02556	0.77372	0.03046	0.01444	0.00598	0.00191	0.00282	0.07160	0.00432	0.00382
16	0.00926	0.00852	0.01395	0.78195	0.03110	0.01055	0.01270	0.05342	0.00997	0.01281	0.00842	0.01234	0.00629	0.00470	0.00465	0.00154	0.00614	0.00414	0.00220	0.00531
17	0.01146	0.01119	0.01968	0.02772	0.73432	0.01112	0.08680	0.01434	0.01063	0.01517	0.00881	0.01161	0.00734	0.00412	0.00469	0.00140	0.00574	0.00427	0.00231	0.00727
18	0.01188	0.01015	0.01070	0.00953	0.01222	0.01172	0.00744	0.06404	0.75925	0.01997	0.01854	0.01704	0.01388	0.00627	0.00473	0.00157	0.00376	0.00520	0.00473	0.00739
19	0.00655	0.00475	0.00618	0.00582	0.00693	0.00438	0.00437	0.00872	0.01310	0.01849	0.78408	0.03503	0.06495	0.00957	0.00549	0.00147	0.00220	0.00845	0.00510	0.00438
20	0.01157	0.00999	0.01052	0.00947	0.01210	0.01157	0.00736	0.02472	0.79908	0.01946	0.01893	0.01736	0.01420	0.00631	0.00473	0.00158	0.00368	0.00526	0.00473	0.00736
21	0.02087	0.00792	0.01080	0.00828	0.01188	0.00684	0.00684	0.02267	0.01332	0.81071	0.01835	0.01583	0.01152	0.00576	0.00468	0.00144	0.00396	0.00468	0.00576	0.00792
22	0.00567	0.00405	0.00540	0.00648	0.00675	0.00378	0.00432	0.00648	0.00891	0.01188	0.02564	0.83347	0.03077	0.01457	0.00594	0.00189	0.00270	0.01323	0.00432	0.00378
23	0.00636	0.00466	0.00591	0.00588	0.00687	0.00429	0.00433	0.00812	0.01183	0.01626	0.52631	0.15437	0.13584	0.04772	0.00641	0.00170	0.00248	0.04172	0.00476	0.00417
24	0.01151	0.01105	0.01888	0.02855	0.80748	0.01105	0.01428	0.01428	0.01059	0.01520	0.00875	0.01151	0.00737	0.00415	0.00461	0.00138	0.00553	0.00415	0.00230	0.00737
25	0.00977	0.00967	0.01254	0.01105	0.01140	0.06254	0.00905	0.01096	0.00759	0.01111	0.00771	0.01203	0.00744	0.01440	0.20878	0.00330	0.57937	0.00422	0.00217	0.00488
26	0.00933	0.02406	0.81240	0.01326	0.02014	0.01080	0.01719	0.01473	0.00982	0.01473	0.00835	0.00982	0.00589	0.00442	0.00442	0.00147	0.00688	0.00344	0.00196	0.00688
27	0.00879	0.00827	0.01395	0.82532	0.03204	0.01034	0.01292	0.01189	0.00930	0.01189	0.00827	0.01240	0.00620	0.00465	0.00465	0.00155	0.00620	0.00413	0.00207	0.00517
28	0.00551	0.00467	0.00476	0.00483	0.00631	0.00392	0.00359	0.00666	0.01049	0.01252	0.04571	0.09687	0.75442	0.01197	0.00553	0.00159	0.00238	0.01004	0.00432	0.00392
29	0.00943	0.02337	0.76518	0.01364	0.02039	0.01086	0.06371	0.01474	0.00989	0.01474	0.00841	0.00999	0.00596	0.00439	0.00448	0.00148	0.00693	0.00356	0.00199	0.00684
30	0.00581	0.00415	0.00555	0.00655	0.00691	0.00389	0.00449	0.00676	0.00923	0.01234	0.06708	0.75092	0.03126	0.01422	0.00594	0.00188	0.00275	0.05207	0.00436	0.00384
31	0.00959	0.00927	0.00825	0.00790	0.00878	0.20324	0.00572	0.01053	0.00881	0.01065	0.01235	0.02167	0.01271	0.32113	0.21898	0.00411	0.05124	0.04462	0.02643	0.00402
32	0.00699	0.00547	0.00805	0.00786	0.00859	0.00658	0.00615	0.00854	0.00742	0.01079	0.01192	0.01784	0.01125	0.05451	0.71974	0.00688	0.08982	0.00495	0.00246	0.00421
33	0.01501	0.01800	0.02736	0.01336	0.01656	0.48403	0.19787	0.05867	0.04805	0.01383	0.00855	0.01004	0.00677	0.00461	0.00451	0.00129	0.00755	0.00376	0.00263	0.05755
34	0.00879	0.00827	0.01395	0.82532	0.03204	0.01034	0.01292	0.01189	0.00930	0.01189	0.00827	0.01240	0.00620	0.00465	0.00465	0.00155	0.00620	0.00413	0.00207	0.00517
35	0.08053	0.00799	0.01052	0.00813	0.01167	0.00709	0.00671	0.02204	0.01294	0.75517	0.01752	0.01525	0.01106	0.00566	0.00455	0.00144	0.00393	0.00453	0.00556	0.00771
36	0.01244	0.83930	0.02438	0.00796	0.01194	0.01841	0.00796	0.01393	0.00945	0.01095	0.00647	0.00746	0.00597	0.00398	0.00299	0.00100	0.00498	0.00249	0.00199	0.00597
37	0.00933	0.02406	0.81240	0.01326	0.02014	0.01080	0.01719	0.01473	0.00982	0.01473	0.00835	0.00982	0.00589	0.00442	0.00442	0.00147	0.00688	0.00344	0.00196	0.00688
38	0.02020	0.00833	0.01097	0.00848	0.01204	0.00754	0.00699	0.06905	0.05410	0.72315	0.01795	0.01563	0.01144	0.00578	0.00468	0.00144	0.00401	0.00468	0.00564	0.00789
39	0.00879	0.00827	0.01395	0.82532	0.03204	0.01034	0.01292	0.01189	0.00930	0.01189	0.00827	0.01240	0.00620	0.00465	0.00465	0.00155	0.00620	0.00413	0.00207	0.00517
40	0.86937	0.00900	0.00684	0.00612	0.00900	0.01044	0.00504	0.01368	0.00792	0.02087	0.00648	0.00756	0.00504	0.00432	0.00288	0.00144	0.00360	0.00252	0.00288	0.00504
41	0.00665	0.00498	0.00748	0.00748	0.00831	0.00582	0.00582	0.00831	0.00748	0.01080	0.01246	0.01828	0.01163	0.03489	0.81807	0.00748	0.01246	0.00498	0.00249	0.00415
42	0.01912	0.00771	0.01035	0.00810	0.01142	0.00681	0.00663	0.02144	0.04695	0.70148	0.09321	0.01770	0.01471	0.00614	0.00476	0.00145	0.00378	0.00506	0.00565	0.00756
43	0.00933	0.02406	0.81240	0.01326	0.02014	0.01080	0.01719	0.01473	0.00982	0.01473	0.00835	0.00982	0.00589	0.00442	0.00442	0.00147	0.00688	0.00344	0.00196	0.00688
44	0.00742	0.00648	0.01054	0.40434	0.01981	0.00732	0.04370	0.00948	0.00919	0.01202	0.01649	0.39835	0.01779	0.00928	0.00529	0.00171	0.00463	0.00847	0.00314	0.00456
45	0.00567	0.00405	0.00540	0.00648	0.00675	0.00378	0.00432	0.00648	0.00891	0.01188	0.02564	0.83347	0.03077	0.01457	0.00594	0.00189	0.00270	0.01323	0.00432	0.00378
46	0.00558	0.00472	0.00483	0.00480	0.00634	0.00396	0.00360	0.00684	0.01080	0.01304	0.10569	0.04400	0.74674	0.01161	0.00550	0.00156	0.00234	0.00971	0.00438	0.00396
47	0.01767	0.01344	0.01393	0.01076	0.01442	0.05041	0.00885	0.75734	0.02148	0.02852	0.01099	0.01104	0.00783	0.00555	0.00463	0.00139	0.00527	0.00414	0.00455	0.00780
48	0.01441	0.45393	0.05489	0.00992	0.01335	0.35937	0.00881	0.01595	0.01106	0.01130	0.00686	0.00796	0.00598	0.00435	0.00357	0.00110	0.00652	0.00275	0.00216	0.00576
49	0.02087	0.00792	0.01080	0.00828	0.01188	0.00684	0.00684	0.02267	0.01332	0.81071	0.01835	0.01583	0.01152	0.00576	0.00468	0.00144	0.00396	0.00468	0.00576	0.00792
50	0.00581	0.00501	0.00550	0.06823	0.00837	0.00446	0.00437	0.00716	0.01051	0.01255	0.04350	0.04248	0.72229	0.01126	0.00546	0.00159	0.00271	0.03057	0.00414	0.00403
51	0.00879	0.00827	0.01395	0.82532	0.03204	0.01034	0.01292	0.01189	0.00930	0.01189	0.00827	0.01240	0.00620	0.00465	0.00465	0.00155	0.00620	0.00413	0.00207	0.00517
52	0.00875	0.00810	0.01128	0.01014	0.01054	0.02339	0.00826	0.01005	0.00737	0.01103	0.00890	0.01368	0.00851	0.01976	0.36528	0.00440	0.45917	0.00445	0.00224	0.00469
53	0.86937	0.00900	0.00684	0.00612	0.00900	0.01044	0.00504	0.01368	0.00792	0.02087	0.00648	0.00756	0.00504	0.00432	0.00288	0.00144	0.00360	0.00252	0.00288	0.00504
54	0.01238	0.81842	0.02412	0.00807	0.01195	0.01830	0.00802	0.01386	0.00939	0.01095	0.00646	0.00753	0.00597	0.00408	0.00329	0.00102	0.02570	0.00253	0.00199	0.00595
55	0.00939	0.00810	0.01382	0.36353	0.06182	0.00889	0.15823	0.01263	0.03184	0.01447	0.01087	0.01400	0.00835	0.00476	0.00439	0.00141	0.00521	0.00448	0.25851	0.00531
56	0.01068	0.01102	0.01406	0.01212	0.01232	0.07621	0.01002	0.01172	0.00760	0.01120	0.00629	0.01017	0.00619	0.00831	0.02727	0.00206	0.75160	0.00400	0.00207	0.00510
57	0.01195	0.01113	0.03025	0.07145	0.55192	0.04266	0.06475	0.01497	0.03392	0.07244	0.01122	0.01330	0.03956	0.00468	0.00469	0.00142	0.00556	0.00447	0.00269	0.00698
58	0.01553	0.03037	0.07274	0.00820	0.01227	0.00740	0.00723	0.03797	0.01182	0.41413	0.01336	0.01275	0.00914	0.00475	0.00416	0.00115	0.00405	0.00380	0.00423	0.32496
59	0.01126	0.00963	0.01029	0.00940	0.01191	0.01109	0.00737	0.02356	0.73816	0.01903	0.01938	0.02007	0.01517	0.00682	0.00486	0.00162	0.00373	0.06483	0.00470	0.00713
60	0.00745	0.00532	0.00744	0.00851	0.00957	0.00532	0.00742	0.00956	0.01066	0.01387	0.02466	0.07215	0.02687	0.01289	0.00641	0.00214	0.00424	0.75695	0.00428	0.00427
61	0.00950	0.02402	0.79575	0.01323	0.02002	0.02761	0.01702	0.01481	0.00989	0.01466	0.00832	0.00979	0.00590	0.00443	0.00442	0.00147	0.00691	0.00343	0.00197	0.00684
62	0.00663	0.00474	0.00650	0.00758	0.00827	0.00461	0.00599	0.00814	0.00986	0.01295	0.02511	0.42265	0.02867	0.01367	0.00619	0.00202	0.00353	0.41455	0.00430	0.00404
63	0.02087	0.00792	0.01080	0.00828	0.01188	0.00684	0.00684	0.02267	0.01332	0.81071	0.01835	0.01583	0.01152	0.00576	0.00468	0.00144	0.00396	0.00468	0.00576	0.00792
64	0.01304	0.74222	0.02309	0.00838	0.01223	0.07913	0.00808	0.04710	0.01026	0.01175	0.00672	0.00769	0.00605	0.00411	0.00315	0.00103	0.00524	0.00260	0.00213	0.00601
65	0.00670	0.00477	0.00641	0.00641	0.00687	0.00523	0.00448	0.00762	0.00716	0.01001	0.01344	0.02369	0.01398	0.39185	0.46433	0.00616	0.00892	0.00578	0.00264	0.00356
66	0.00808	0.00404	0.00606	0.00606	0.00606	0.00404	0.00404	0.00606	0.00606	0.00808	0.00808	0.01414	0.00808	0.01616	0.01818	0.86465	0.00404	0.00404	0.00202	0.00202
67	0.00566	0.00409	0.00536	0.00637	0.00672	0.00379	0.00427	0.00649	0.00901	0.01192	0.02693	0.78603	0.07738	0.01441	0.00591	0.00187	0.00268	0.01302	0.00432	0.00379
68	0.00661	0.00504	0.00652	0.05041	0.00876	0.00512	0.00516	0.00913	0.10664	0.01313	0.06078	0.65123	0.02804	0.01279	0.00570	0.00181	0.00298	0.01153	0.00429	0.00432
69	0.00970	0.12096	0.71874	0.01263	0.01916	0.01171	0.01609	0.01464	0.00978	0.01428	0.00813	0.00954	0.00590	0.00437	0.00425	0.00142	0.00665	0.00332	0.00197	0.00677
70	0.01151	0.01105	0.01888	0.02855	0.80748	0.01105	0.01428	0.01428	0.01059	0.01520	0.00875	0.01151	0.00737	0.00415	0.00461	0.00138	0.00553	0.00415	0.00230	0.00737
71	0.01133	0.01231	0.02530	0.01821	0.02274	0.01172	0.68390	0.05667	0.05191	0.01591	0.00996	0.01263	0.00746	0.00412	0.00534	0.00153	0.00735	0.00532	0.00261	0.03368
72	0.00590	0.00419	0.00548	0.00632	0.00677	0.00397	0.00432	0.00692	0.00917	0.01245	0.06698	0.66494	0.06918	0.01497	0.05462	0.00215	0.00322	0.01190	0.04268	0.00387
73	0.00646	0.00475	0.00605	0.00572	0.00687	0.00434	0.00429	0.00854	0.01288	0.01797	0.71909	0.03589	0.13027	0.00977	0.00549	0.00148	0.00221	0.00857	0.00503	0.00434
74	0.01018	0.01018	0.01425	0.01221	0.01221	0.01425	0.01018	0.01120	0.00712	0.01120	0.00611	0.01018	0.00611	0.00814	0.01527	0.00204	0.82799	0.00407	0.00204	0.00509
75	0.01151	0.01105	0.01888	0.02855	0.80748	0.01105	0.01428	0.01428	0.01059	0.01520	0.00875	0.01151	0.00737	0.00415	0.00461	0.00138	0.00553	0.00415	0.00230	0.00737
76	0.00567	0.00405	0.00540	0.00648	0.00675	0.00378	0.00432	0.00648	0.00891	0.01188	0.02564	0.83347	0.03077	0.01457	0.00594	0.00189	0.00270	0.01323	0.00432	0.00378
77	0.00677	0.00451	0.00507	0.00507	0.00507	0.00451	0.00282	0.00677	0.00677	0.00902	0.01466	0.03044	0.01691	0.83650	0.02368	0.00451	0.00451	0.00677	0.00282	0.00282
78	0.01147	0.01101	0.01880	0.04227	0.79413	0.01104	0.01425	0.01424	0.01057	0.01514	0.00874	0.01153	0.00735	0.00415	0.00461	0.00138	0.00554	0.00414	0.00230	0.00733
79	0.00658	0.00476	0.00622	0.00585	0.00695	0.00439	0.00439	0.00878	0.01317	0.01866	0.80503	0.03475	0.04390	0.00951	0.00549	0.00146	0.00219	0.00841	0.00512	0.00439
80	0.00567	0.00415	0.00529	0.00620	0.00665	0.00381	0.00418	0.00651	0.00911	0.01192	0.02847	0.70652	0.14004	0.02999	0.00622	0.00189	0.00269	0.01262	0.00429	0.00378
81	0.00822	0.00499	0.00637	0.00586	0.00719	0.00461	0.00445	0.01038	0.01268	0.09239	0.61576	0.03043	0.03618	0.00856	0.00508	0.00141	0.00236	0.00747	0.13090	0.00471
82	0.00965	0.00827	0.00965	0.00689	0.01102	0.00620	0.00551	0.01171	0.00965	0.01516	0.00827	0.00965	0.00689	0.00345	0.00345	0.00069	0.00345	0.00276	0.00276	0.86494
83	0.00879	0.00827	0.01395	0.82532	0.03204	0.01034	0.01292	0.01189	0.00930	0.01189	0.00827	0.01240	0.00620	0.00465	0.00465	0.00155	0.00620	0.00413	0.00207	0.00517
84	0.00667	0.00464	0.00586	0.00591	0.00619	0.00489	0.00385	0.00724	0.00710	0.00974	0.01452	0.06774	0.01593	0.53795	0.27686	0.00532	0.00696	0.00653	0.00279	0.00330
85	0.00999	0.03340	0.67920	0.01340	0.01960	0.03937	0.06283	0.01485	0.00995	0.02801	0.00842	0.01002	0.00607	0.00458	0.00492	0.00149	0.04154	0.00358	0.00207	0.00672
86	0.01469	0.12472	0.21165	0.01176	0.01546	0.50663	0.01086	0.01714	0.02370	0.01228	0.00756	0.00876	0.00609	0.00462	0.00411	0.00125	0.00752	0.00308	0.00227	0.00586

[dist]
# distance from previous block
# <min> <max>
0	1

[block]
# block no. 2 follows, 55 sequences, length 18
# corresponding to MSA columns:
# 120-137
name=unknown_C
#
# <colnr> <probs for GDERKNQSTAVLIFYWHMCP>
#	G	D	E	R	K	N	Q	S	T	A	V	L	I	F	Y	W	H	M	C	P
0	0.00961	0.00702	0.00857	0.00776	0.00922	0.00783	0.00599	0.19168	0.04032	0.01568	0.01361	0.01935	0.02504	0.15295	0.37540	0.00466	0.02179	0.01790	0.06066	0.00496
1	0.01383	0.12386	0.01582	0.01493	0.21407	0.24006	0.02280	0.10119	0.12166	0.01567	0.00966	0.01076	0.00776	0.00471	0.00423	0.00126	0.00586	0.00369	0.00291	0.06525
2	0.18858	0.00583	0.00646	0.00624	0.00765	0.00597	0.00470	0.03190	0.02428	0.01770	0.40148	0.18837	0.05454	0.00996	0.02486	0.00169	0.00296	0.00792	0.00438	0.00453
3	0.01664	0.01181	0.01292	0.00986	0.01357	0.01253	0.00812	0.61253	0.01932	0.08526	0.01142	0.01146	0.00814	0.00531	0.00446	0.00130	0.00474	0.00404	0.02517	0.12140
4	0.01026	0.00565	0.00793	0.00730	0.00870	0.00587	0.00560	0.01169	0.00884	0.21262	0.01430	0.01959	0.01244	0.15494	0.48630	0.00548	0.00905	0.00519	0.00337	0.00489
5	0.01157	0.00999	0.01052	0.00947	0.01210	0.01157	0.00736	0.02472	0.79908	0.01946	0.01893	0.01736	0.01420	0.00631	0.00473	0.00158	0.00368	0.00526	0.00473	0.00736
6	0.00936	0.00870	0.01386	0.65796	0.08706	0.01055	0.01228	0.01376	0.11406	0.01314	0.00972	0.01299	0.00735	0.00483	0.00466	0.00154	0.00582	0.00428	0.00244	0.00562
7	0.00799	0.00532	0.00715	0.00782	0.00907	0.00512	0.00661	0.00985	0.01071	0.06911	0.02737	0.12131	0.13289	0.01237	0.00613	0.00199	0.00385	0.54649	0.00439	0.00444
8	0.00662	0.00486	0.00699	0.00704	0.00771	0.00551	0.00526	0.00797	0.00743	0.01056	0.01345	0.05959	0.01341	0.16353	0.65042	0.00673	0.01070	0.00567	0.00263	0.00392
9	0.01223	0.01225	0.01645	0.08289	0.53139	0.14978	0.01255	0.01468	0.01102	0.03327	0.00992	0.01435	0.00866	0.00501	0.00468	0.00142	0.00594	0.06433	0.00254	0.00664
10	0.02087	0.00792	0.01080	0.00828	0.01188	0.00684	0.00684	0.02267	0.01332	0.81071	0.01835	0.01583	0.01152	0.00576	0.00468	0.00144	0.00396	0.00468	0.00576	0.00792
11	0.00965	0.00827	0.00965	0.00689	0.01102	0.00620	0.00551	0.01171	0.00965	0.01516	0.00827	0.00965	0.00689	0.00345	0.00345	0.00069	0.00345	0.00276	0.00276	0.86494
12	0.00945	0.00887	0.01458	0.63059	0.16596	0.01055	0.01278	0.01318	0.06348	0.01298	0.00908	0.01259	0.00695	0.00468	0.00465	0.00152	0.00591	0.00421	0.00229	0.00570
13	0.01146	0.37621	0.21269	0.01203	0.11918	0.01401	0.01079	0.07495	0.04246	0.01432	0.01087	0.01181	0.06125	0.00486	0.00392	0.00126	0.00529	0.00368	0.00250	0.00644
14	0.00665	0.00498	0.00748	0.00748	0.00831	0.00582	0.00582	0.00831	0.00748	0.01080	0.01246	0.01828	0.01163	0.03489	0.81807	0.00748	0.01246	0.00498	0.00249	0.00415
15	0.01025	0.00936	0.00992	0.00729	0.01129	0.06967	0.00578	0.01225	0.00992	0.01486	0.00818	0.00955	0.00682	0.00355	0.00350	0.00073	0.00383	0.00278	0.00273	0.79772
16	0.56695	0.00938	0.00772	0.00687	0.00948	0.06467	0.00550	0.06808	0.00980	0.06944	0.00974	0.07370	0.00823	0.00541	0.00347	0.00143	0.00388	0.00378	0.06717	0.00529
17	0.00759	0.07259	0.11443	0.00743	0.00943	0.00646	0.00684	0.00912	0.00965	0.01264	0.09059	0.03082	0.21355	0.01257	0.06308	0.15259	0.00454	0.16844	0.00336	0.00428

[dist]
# distance from previous block
# <min> <max>
0	7

[block]
# block no. 3 follows, 55 sequences, length 23
# corresponding to MSA columns:
# 145-167
name=unknown_D
#
# <colnr> <probs for GDERKNQSTAVLIFYWHMCP>
#	G	D	E	R	K	N	Q	S	T	A	V	L	I	F	Y	W	H	M	C	P
0	0.00667	0.00496	0.00733	0.00745	0.00826	0.00566	0.00580	0.00829	0.00776	0.01103	0.01396	0.05525	0.01368	0.05270	0.70450	0.00678	0.01125	0.06185	0.00271	0.00411
1	0.00766	0.00637	0.00999	0.27380	0.06496	0.00745	0.00828	0.00965	0.00817	0.01121	0.01114	0.01744	0.01025	0.12105	0.40697	0.00482	0.00903	0.00487	0.00238	0.00452
2	0.01132	0.04243	0.01615	0.25955	0.39286	0.01053	0.02509	0.04629	0.01074	0.07269	0.01038	0.06269	0.00873	0.00511	0.00466	0.00146	0.00544	0.00470	0.00270	0.00649
3	0.01028	0.00994	0.01636	0.39327	0.25170	0.03630	0.10107	0.04549	0.01049	0.01390	0.00970	0.06269	0.00822	0.00508	0.00480	0.00151	0.00600	0.00482	0.00243	0.00596
4	0.01725	0.01055	0.01210	0.00941	0.01278	0.01102	0.00772	0.47483	0.01835	0.25302	0.11016	0.01539	0.01334	0.00611	0.00476	0.00142	0.00443	0.00485	0.00503	0.00748
5	0.00650	0.00475	0.00611	0.00577	0.00690	0.00436	0.00433	0.00863	0.01298	0.01821	0.74952	0.03548	0.09968	0.00968	0.00549	0.00147	0.00221	0.00852	0.00506	0.00436
6	0.00567	0.00405	0.00540	0.00648	0.00675	0.00378	0.00432	0.00648	0.00891	0.01188	0.02564	0.83347	0.03077	0.01457	0.00594	0.00189	0.00270	0.01323	0.00432	0.00378
7	0.00933	0.02406	0.81240	0.01326	0.02014	0.01080	0.01719	0.01473	0.00982	0.01473	0.00835	0.00982	0.00589	0.00442	0.00442	0.00147	0.00688	0.00344	0.00196	0.00688
8	0.00571	0.00406	0.00539	0.00643	0.00669	0.00380	0.00427	0.00649	0.00883	0.01177	0.02525	0.80492	0.03028	0.04379	0.00657	0.00198	0.00276	0.01300	0.00427	0.00374
9	0.00965	0.00947	0.01451	0.67782	0.12563	0.06029	0.01284	0.01259	0.00970	0.01226	0.00826	0.01205	0.00633	0.00460	0.00462	0.00151	0.00625	0.00407	0.00212	0.00545
10	0.86937	0.00900	0.00684	0.00612	0.00900	0.01044	0.00504	0.01368	0.00792	0.02087	0.00648	0.00756	0.00504	0.00432	0.00288	0.00144	0.00360	0.00252	0.00288	0.00504
11	0.01631	0.02039	0.01334	0.01202	0.01406	0.69874	0.00917	0.01748	0.01229	0.01136	0.00703	0.00865	0.00601	0.00529	0.00584	0.00132	0.12985	0.00316	0.00234	0.00535
12	0.00965	0.00827	0.00965	0.00689	0.01102	0.00620	0.00551	0.01171	0.00965	0.01516	0.00827	0.00965	0.00689	0.00345	0.00345	0.00069	0.00345	0.00276	0.00276	0.86494
13	0.00669	0.00482	0.00666	0.00666	0.00721	0.00537	0.00480	0.00779	0.00724	0.01020	0.01320	0.02239	0.01342	0.30593	0.54947	0.00647	0.00977	0.00559	0.00260	0.00370
14	0.00965	0.00827	0.00965	0.00689	0.01102	0.00620	0.00551	0.01171	0.00965	0.01516	0.00827	0.00965	0.00689	0.00345	0.00345	0.00069	0.00345	0.00276	0.00276	0.86494
15	0.01352	0.00981	0.01111	0.00852	0.01209	0.00949	0.00689	0.30647	0.05945	0.09366	0.06499	0.02826	0.01105	0.00524	0.00427	0.00115	0.00404	0.00419	0.00404	0.34176
16	0.00579	0.00414	0.00551	0.00639	0.00677	0.00386	0.00433	0.00679	0.00948	0.01279	0.13085	0.72565	0.03254	0.01389	0.00588	0.00183	0.00263	0.01258	0.00443	0.00386
17	0.05983	0.00648	0.00800	0.04165	0.00986	0.00667	0.02602	0.06836	0.10998	0.05476	0.12802	0.35146	0.07624	0.01012	0.00525	0.00165	0.00330	0.00890	0.01843	0.00503
18	0.01131	0.00938	0.01111	0.02206	0.01247	0.05560	0.05547	0.01495	0.11781	0.08818	0.03655	0.01330	0.00994	0.00461	0.00407	0.00104	0.00412	0.02314	0.00336	0.50155
19	0.01367	0.56794	0.02156	0.00977	0.01337	0.23283	0.05724	0.01524	0.01055	0.01131	0.00685	0.00803	0.00604	0.00420	0.00347	0.00109	0.00607	0.00281	0.00212	0.00583
20	0.01037	0.00958	0.01513	0.06257	0.03347	0.06340	0.24253	0.02384	0.00991	0.06294	0.01201	0.10652	0.01112	0.06807	0.11632	0.00254	0.07380	0.00572	0.00286	0.06730
21	0.01585	0.01263	0.01286	0.01036	0.01355	0.07513	0.00839	0.51365	0.17016	0.04014	0.03085	0.01328	0.02261	0.00594	0.00501	0.00144	0.03183	0.00450	0.00444	0.00738
22	0.01164	0.01317	0.01959	0.06360	0.01940	0.18690	0.39442	0.01438	0.01076	0.01328	0.00986	0.01469	0.00842	0.00714	0.05702	0.00194	0.08455	0.06114	0.00247	0.00563

[dist]
# distance from previous block
# <min> <max>
0	1

[block]
# block no. 4 follows, 55 sequences, length 27
# corresponding to MSA columns:
# 169-195
name=unknown_E
#
# <colnr> <probs for GDERKNQSTAVLIFYWHMCP>
#	G	D	E	R	K	N	Q	S	T	A	V	L	I	F	Y	W	H	M	C	P
0	0.07807	0.02095	0.01267	0.01151	0.01395	0.74184	0.00867	0.01837	0.03069	0.01225	0.00741	0.00853	0.00611	0.00479	0.00411	0.00122	0.00794	0.00301	0.00248	0.00541
1	0.00920	0.00869	0.01470	0.70522	0.14893	0.01044	0.01312	0.01225	0.00950	0.01239	0.00834	0.01227	0.00638	0.00457	0.00464	0.00152	0.00610	0.00414	0.00210	0.00550
2	0.01541	0.01822	0.01266	0.05387	0.01456	0.57849	0.00886	0.06812	0.05268	0.01294	0.00855	0.01021	0.00707	0.00779	0.07910	0.00185	0.03800	0.00347	0.00264	0.00552
3	0.00587	0.00415	0.00540	0.00628	0.00652	0.00395	0.00412	0.00657	0.00852	0.01139	0.02353	0.68287	0.02804	0.14721	0.03025	0.00246	0.00325	0.01197	0.00403	0.00363
4	0.00560	0.00430	0.00514	0.00582	0.00657	0.00383	0.00402	0.00655	0.00954	0.01214	0.03371	0.53747	0.32156	0.01353	0.00577	0.00177	0.00257	0.01195	0.00432	0.00383
5	0.01020	0.01025	0.01463	0.01243	0.01257	0.01418	0.03297	0.01130	0.00724	0.01130	0.00620	0.01025	0.00613	0.00802	0.01498	0.00202	0.80403	0.00411	0.00204	0.00512
6	0.01738	0.02217	0.01318	0.01199	0.01438	0.81783	0.00899	0.01858	0.01318	0.01139	0.00719	0.00839	0.00599	0.00479	0.00419	0.00120	0.00839	0.00300	0.00240	0.00539
7	0.00645	0.00475	0.00603	0.00571	0.00687	0.00433	0.00428	0.00851	0.01284	0.01788	0.70825	0.03603	0.14116	0.00980	0.00549	0.00148	0.00222	0.00859	0.00502	0.00433
8	0.00567	0.00405	0.00540	0.00648	0.00675	0.00378	0.00432	0.00648	0.00891	0.01188	0.02564	0.83347	0.03077	0.01457	0.00594	0.00189	0.00270	0.01323	0.00432	0.00378
9	0.00596	0.00426	0.00573	0.00681	0.00721	0.00403	0.00483	0.00698	0.00920	0.01220	0.02548	0.70839	0.03013	0.01430	0.00602	0.00193	0.00295	0.13541	0.00431	0.00386
10	0.01219	0.67317	0.09129	0.06067	0.01406	0.05901	0.00913	0.01411	0.00967	0.01136	0.00678	0.00803	0.00598	0.00410	0.00328	0.00108	0.00540	0.00270	0.00201	0.00597
11	0.01073	0.02210	0.71498	0.01265	0.01913	0.01032	0.01593	0.01570	0.01025	0.11147	0.00956	0.01055	0.00658	0.00458	0.00445	0.00147	0.00652	0.00359	0.00243	0.00700
12	0.02087	0.00792	0.01080	0.00828	0.01188	0.00684	0.00684	0.02267	0.01332	0.81071	0.01835	0.01583	0.01152	0.00576	0.00468	0.00144	0.00396	0.00468	0.00576	0.00792
13	0.00931	0.00861	0.01439	0.52824	0.22185	0.00991	0.01260	0.01221	0.00979	0.01296	0.01038	0.01705	0.00899	0.00552	0.00486	0.00158	0.00580	0.09796	0.00240	0.00561
14	0.01151	0.01105	0.01888	0.02855	0.80748	0.01105	0.01428	0.01428	0.01059	0.01520	0.00875	0.01151	0.00737	0.00415	0.00461	0.00138	0.00553	0.00415	0.00230	0.00737
15	0.01075	0.38923	0.35628	0.01000	0.01491	0.01349	0.01149	0.01398	0.01008	0.03351	0.08745	0.01140	0.00987	0.00476	0.00389	0.00126	0.00548	0.00354	0.00239	0.00624
16	0.00683	0.00498	0.00674	0.00667	0.00713	0.00559	0.00475	0.00778	0.00717	0.01009	0.01312	0.02296	0.01359	0.36200	0.46309	0.00606	0.03951	0.00568	0.00261	0.00364
17	0.00843	0.00770	0.01265	0.56439	0.09104	0.00920	0.01120	0.01113	0.00918	0.01202	0.01151	0.01541	0.05814	0.01032	0.14607	0.00257	0.00699	0.00464	0.00230	0.00510
18	0.00911	0.00874	0.01530	0.62526	0.10725	0.01020	0.08776	0.01213	0.00957	0.01251	0.00934	0.05524	0.00768	0.00505	0.00479	0.00155	0.00611	0.00474	0.00224	0.00542
19	0.01027	0.01968	0.51446	0.01660	0.13142	0.02496	0.17074	0.03045	0.01046	0.01507	0.00865	0.01061	0.00638	0.00431	0.00466	0.00147	0.00687	0.00395	0.00215	0.00682
20	0.01123	0.01178	0.06937	0.06681	0.70063	0.01102	0.03257	0.01420	0.01049	0.01500	0.00872	0.01147	0.00721	0.00418	0.00462	0.00140	0.00570	0.00413	0.00227	0.00720
21	0.00781	0.00701	0.01003	0.01013	0.06680	0.05768	0.10010	0.00934	0.00909	0.01206	0.02849	0.34410	0.01893	0.07617	0.21627	0.00339	0.00652	0.00834	0.00325	0.00447
22	0.01721	0.00984	0.07055	0.01089	0.09390	0.00837	0.00842	0.11807	0.02541	0.48639	0.01605	0.07263	0.01154	0.00606	0.00472	0.00145	0.00438	0.00505	0.00481	0.02427
23	0.01101	0.10635	0.43249	0.01265	0.03591	0.11513	0.08046	0.05511	0.01100	0.01450	0.01103	0.02660	0.05752	0.00508	0.00444	0.00140	0.00647	0.00409	0.00240	0.00636
24	0.00758	0.00637	0.04839	0.00673	0.00836	0.02245	0.00538	0.00905	0.01018	0.06979	0.04574	0.33373	0.26491	0.01137	0.00547	0.00166	0.00320	0.07626	0.00417	0.05921
25	0.01609	0.00806	0.01087	0.00872	0.01172	0.00757	0.04596	0.12148	0.02529	0.44708	0.12240	0.03905	0.04551	0.00706	0.00501	0.00151	0.00401	0.06061	0.00515	0.00687
26	0.05545	0.11993	0.06641	0.01156	0.03054	0.22947	0.12715	0.01684	0.04247	0.16046	0.01171	0.05286	0.02438	0.00544	0.00468	0.00138	0.02554	0.00441	0.00317	0.00614

[dist]
# distance from previous block
# <min> <max>
0	148

# created by:
# /st0/software/busco_prod/Augustus/scripts/msa2prfl.pl ./align_prep/58555.fa
