[name]
unknown

[dist]
# distance from previous block
# <min> <max>
6	98

[block]
# block no. 0 follows, 49 sequences, length 22
# corresponding to MSA columns:
# 110-131
name=unknown_A
#
# <colnr> <probs for GDERKNQSTAVLIFYWHMCP>
#	G	D	E	R	K	N	Q	S	T	A	V	L	I	F	Y	W	H	M	C	P
0	0.09435	0.00675	0.00762	0.00702	0.00889	0.00670	0.00537	0.07691	0.04220	0.08630	0.25892	0.15538	0.14989	0.00991	0.00542	0.00165	0.00315	0.00842	0.05973	0.00543
1	0.03213	0.00545	0.00692	0.00734	0.00818	0.00529	0.00514	0.05309	0.01057	0.06565	0.03417	0.58634	0.03840	0.03419	0.01992	0.06290	0.00351	0.01172	0.00454	0.00456
2	0.05325	0.00703	0.00837	0.00757	0.00969	0.00679	0.00581	0.06549	0.06718	0.20759	0.13269	0.21751	0.14105	0.01008	0.00553	0.00170	0.00342	0.00863	0.03463	0.00599
3	0.01004	0.00583	0.00678	0.00667	0.00797	0.02633	0.00485	0.01158	0.01116	0.13632	0.09856	0.28706	0.07347	0.06580	0.01995	0.00197	0.00341	0.00893	0.20831	0.00501
4	0.08240	0.00663	0.00894	0.00787	0.00957	0.00651	0.08116	0.03340	0.01104	0.07622	0.11868	0.16549	0.04038	0.11155	0.00815	0.03032	0.00385	0.00748	0.18536	0.00499
5	0.00803	0.00548	0.00682	0.00659	0.00796	0.00505	0.00493	0.01032	0.03847	0.06826	0.43381	0.14345	0.18139	0.02769	0.00638	0.00177	0.00279	0.03067	0.00524	0.00491
6	0.18700	0.04473	0.01139	0.00943	0.01221	0.11981	0.00745	0.11845	0.14963	0.12371	0.01515	0.13631	0.01310	0.00732	0.00499	0.00162	0.02107	0.00571	0.00427	0.00665
7	0.10561	0.00768	0.02384	0.00822	0.01044	0.00716	0.04632	0.03793	0.03131	0.01597	0.02274	0.29963	0.13690	0.01015	0.00575	0.00166	0.03354	0.03013	0.00397	0.16103
8	0.17519	0.00706	0.00780	0.00707	0.00924	0.00692	0.00543	0.01299	0.06757	0.09069	0.25580	0.14664	0.08651	0.00899	0.00512	0.00159	0.00321	0.00758	0.00467	0.08993
9	0.01500	0.00965	0.01365	0.05784	0.01507	0.00980	0.10323	0.18016	0.01459	0.24385	0.03527	0.12239	0.09115	0.00803	0.00617	0.00170	0.05398	0.00685	0.00468	0.00693
10	0.30473	0.00841	0.00942	0.00780	0.01076	0.00834	0.03694	0.03620	0.01179	0.13191	0.20781	0.04667	0.01866	0.00662	0.00451	0.00147	0.00376	0.00534	0.00426	0.13459
11	0.01181	0.16076	0.45605	0.01457	0.02065	0.08184	0.15418	0.01626	0.01115	0.01503	0.00883	0.01064	0.00666	0.00466	0.00473	0.00151	0.00745	0.00393	0.00226	0.00705
12	0.57017	0.02685	0.00745	0.00636	0.00907	0.00961	0.00518	0.01472	0.00953	0.07142	0.01027	0.01149	0.00785	0.00509	0.00336	0.00146	0.00358	0.00339	0.21765	0.00551
13	0.00631	0.00465	0.00564	0.00636	0.00693	0.00427	0.00424	0.00714	0.00973	0.01259	0.03131	0.51851	0.20349	0.14301	0.00940	0.00243	0.00316	0.01242	0.00444	0.00398
14	0.01109	0.01078	0.01899	0.38832	0.36697	0.01173	0.09028	0.01439	0.01091	0.01483	0.00934	0.01307	0.00739	0.00473	0.00512	0.00161	0.00660	0.00465	0.00239	0.00679
15	0.00646	0.00453	0.00578	0.00665	0.00687	0.00431	0.00428	0.00712	0.00909	0.01212	0.02485	0.62016	0.02963	0.21987	0.01133	0.00277	0.00343	0.01260	0.00428	0.00384
16	0.01039	0.08050	0.06386	0.00794	0.01229	0.00803	0.00695	0.01284	0.01086	0.01643	0.08648	0.01301	0.01134	0.00452	0.00399	0.00092	0.00400	0.00363	0.00312	0.63888
17	0.01352	0.82533	0.02650	0.00865	0.01298	0.02001	0.00865	0.01514	0.01027	0.01190	0.00703	0.00811	0.00649	0.00433	0.00324	0.00108	0.00541	0.00270	0.00216	0.00649
18	0.06941	0.09385	0.02644	0.01801	0.02281	0.01295	0.57884	0.01674	0.01177	0.08363	0.01054	0.01304	0.00783	0.00447	0.00543	0.00162	0.00754	0.00535	0.00288	0.00685
19	0.01368	0.01126	0.01902	0.01447	0.01835	0.01121	0.33380	0.03909	0.24020	0.14781	0.08237	0.01783	0.01426	0.00593	0.00555	0.00167	0.00588	0.00599	0.00426	0.00733
20	0.04728	0.08032	0.08387	0.01157	0.01603	0.01420	0.06054	0.47121	0.01850	0.02553	0.01074	0.01143	0.00792	0.00535	0.00471	0.00141	0.00562	0.00416	0.00407	0.11553
21	0.09048	0.01333	0.03483	0.04540	0.01786	0.07505	0.18990	0.22374	0.01469	0.09388	0.01068	0.01219	0.00792	0.00553	0.00612	0.00158	0.08674	0.00454	0.00362	0.06190

[dist]
# distance from previous block
# <min> <max>
5	54

[block]
# block no. 1 follows, 49 sequences, length 9
# corresponding to MSA columns:
# 190-198
name=unknown_B
#
# <colnr> <probs for GDERKNQSTAVLIFYWHMCP>
#	G	D	E	R	K	N	Q	S	T	A	V	L	I	F	Y	W	H	M	C	P
0	0.04200	0.00915	0.01085	0.00863	0.01206	0.00860	0.02977	0.07898	0.15947	0.09761	0.13285	0.01877	0.05068	0.00624	0.00474	0.00131	0.00389	0.00521	0.00436	0.31484
1	0.18809	0.08350	0.01441	0.00995	0.01385	0.01065	0.11177	0.09710	0.01270	0.16112	0.06695	0.01360	0.01094	0.00524	0.00442	0.00137	0.00478	0.00431	0.00389	0.18134
2	0.03951	0.04542	0.01140	0.00869	0.01143	0.00747	0.08219	0.01241	0.03131	0.05122	0.27581	0.05794	0.02320	0.01048	0.09017	0.00208	0.00488	0.00629	0.00404	0.22406
3	0.57883	0.01018	0.00798	0.00725	0.01009	0.06550	0.00579	0.01535	0.09171	0.02042	0.01532	0.01562	0.12677	0.00621	0.00388	0.00158	0.00408	0.00431	0.00355	0.00559
4	0.10021	0.02131	0.56384	0.01354	0.01982	0.01118	0.09653	0.01518	0.01066	0.01655	0.01252	0.01392	0.07220	0.00541	0.00485	0.00162	0.00679	0.00445	0.00250	0.00692
5	0.29472	0.01910	0.46181	0.01133	0.01703	0.01122	0.01325	0.01641	0.01033	0.08832	0.00937	0.01044	0.00665	0.00490	0.00427	0.00159	0.00600	0.00352	0.00284	0.00691
6	0.08103	0.01107	0.09821	0.62590	0.03100	0.01136	0.04459	0.01355	0.01012	0.01420	0.00888	0.01275	0.00664	0.00497	0.00490	0.00167	0.00665	0.00433	0.00232	0.00585
7	0.48306	0.01008	0.01289	0.25234	0.01969	0.01151	0.11473	0.01446	0.00953	0.01882	0.00807	0.01057	0.00617	0.00474	0.00411	0.00162	0.00541	0.00372	0.00278	0.00571
8	0.01108	0.01027	0.01762	0.37356	0.02594	0.01124	0.20701	0.11885	0.01251	0.01650	0.01259	0.10138	0.01113	0.00656	0.00553	0.00174	0.00653	0.04076	0.00309	0.00614

[dist]
# distance from previous block
# <min> <max>
0	1

[block]
# block no. 2 follows, 49 sequences, length 10
# corresponding to MSA columns:
# 200-209
name=unknown_C
#
# <colnr> <probs for GDERKNQSTAVLIFYWHMCP>
#	G	D	E	R	K	N	Q	S	T	A	V	L	I	F	Y	W	H	M	C	P
0	0.01570	0.01272	0.01680	0.13974	0.25461	0.01388	0.01209	0.42651	0.01795	0.02430	0.01086	0.01246	0.00814	0.00544	0.00504	0.00154	0.00588	0.00453	0.00385	0.00796
1	0.01778	0.01455	0.01446	0.01186	0.01459	0.18241	0.00961	0.29378	0.01619	0.15855	0.01126	0.01213	0.00837	0.00660	0.00777	0.00165	0.20277	0.00434	0.00405	0.00727
2	0.00633	0.00465	0.00564	0.00634	0.00690	0.00428	0.00421	0.00714	0.00968	0.01252	0.03096	0.50718	0.19936	0.15866	0.00978	0.00248	0.00320	0.01230	0.00440	0.00396
3	0.00648	0.00454	0.00577	0.00663	0.00684	0.00432	0.00425	0.00713	0.00905	0.01207	0.02465	0.60725	0.02939	0.23312	0.01165	0.00282	0.00346	0.01248	0.00425	0.00383
4	0.01641	0.41398	0.02076	0.01016	0.01435	0.01781	0.00914	0.39991	0.01712	0.02203	0.00962	0.01015	0.00756	0.00521	0.00416	0.00130	0.00549	0.00364	0.00363	0.00756
5	0.00663	0.00492	0.00566	0.00590	0.00662	0.00464	0.00392	0.00740	0.00932	0.01191	0.03029	0.19175	0.28744	0.31884	0.07938	0.00350	0.00442	0.00972	0.00392	0.00381
6	0.00658	0.00505	0.00540	0.00537	0.00641	0.00454	0.00364	0.00748	0.01024	0.01280	0.09935	0.04209	0.44656	0.30769	0.01318	0.00286	0.00340	0.00934	0.00417	0.00387
7	0.85801	0.00978	0.00743	0.00665	0.00978	0.01134	0.00548	0.01486	0.00861	0.02269	0.00704	0.00821	0.00548	0.00469	0.00313	0.00156	0.00391	0.00274	0.00313	0.00548
8	0.00616	0.00440	0.00587	0.00704	0.00733	0.00411	0.00469	0.00704	0.00968	0.01291	0.02787	0.81899	0.03344	0.01584	0.00645	0.00205	0.00293	0.01438	0.00469	0.00411
9	0.70746	0.01047	0.01142	0.00926	0.01274	0.01160	0.14194	0.01510	0.00920	0.02153	0.00761	0.00918	0.00587	0.00462	0.00363	0.00159	0.00473	0.00331	0.00303	0.00572

[dist]
# distance from previous block
# <min> <max>
2	4

[block]
# block no. 3 follows, 49 sequences, length 70
# corresponding to MSA columns:
# 214-283
name=unknown_D
#
# <colnr> <probs for GDERKNQSTAVLIFYWHMCP>
#	G	D	E	R	K	N	Q	S	T	A	V	L	I	F	Y	W	H	M	C	P
0	0.01364	0.01516	0.01095	0.00996	0.01209	0.39938	0.00752	0.05203	0.04285	0.01647	0.28184	0.02250	0.07977	0.00766	0.00520	0.00146	0.00594	0.00600	0.00400	0.00558
1	0.01352	0.82533	0.02650	0.00865	0.01298	0.02001	0.00865	0.01514	0.01027	0.01190	0.00703	0.00811	0.00649	0.00433	0.00324	0.00108	0.00541	0.00270	0.00216	0.00649
2	0.01049	0.00899	0.01049	0.00749	0.01198	0.00674	0.00599	0.01273	0.01049	0.01648	0.00899	0.01049	0.00749	0.00374	0.00374	0.00075	0.00374	0.00300	0.00300	0.85320
3	0.00724	0.00534	0.00775	0.00775	0.00852	0.00612	0.00585	0.00879	0.00802	0.01146	0.01389	0.02177	0.01347	0.15107	0.69023	0.00766	0.01230	0.00570	0.00276	0.00431
4	0.00616	0.00440	0.00587	0.00704	0.00733	0.00411	0.00469	0.00704	0.00968	0.01291	0.02787	0.81899	0.03344	0.01584	0.00645	0.00205	0.00293	0.01438	0.00469	0.00411
5	0.02097	0.00905	0.01237	0.09870	0.01556	0.00845	0.00833	0.07737	0.01466	0.65196	0.01816	0.01643	0.01159	0.00611	0.00508	0.00157	0.00467	0.00498	0.00572	0.00827
6	0.00977	0.00922	0.01557	0.75110	0.09211	0.01129	0.01416	0.01312	0.01022	0.01319	0.00903	0.01341	0.00684	0.00501	0.00505	0.00167	0.00669	0.00449	0.00227	0.00580
7	0.01303	0.01109	0.01169	0.01038	0.01332	0.01279	0.00811	0.07728	0.73047	0.02188	0.02001	0.01841	0.01497	0.00681	0.00514	0.00170	0.00411	0.00564	0.00514	0.00804
8	0.01890	0.02377	0.01436	0.01298	0.01563	0.77611	0.00977	0.04499	0.01464	0.01302	0.00796	0.00922	0.00658	0.00524	0.00458	0.00131	0.00900	0.00330	0.00269	0.00595
9	0.09659	0.01339	0.10194	0.01161	0.01594	0.01223	0.08098	0.30397	0.06856	0.22314	0.01372	0.01351	0.00944	0.00573	0.00495	0.00157	0.00547	0.00464	0.00463	0.00798
10	0.01563	0.01886	0.02053	0.01831	0.12344	0.42274	0.27453	0.01818	0.01312	0.01426	0.00888	0.01114	0.00712	0.00479	0.00511	0.00147	0.00850	0.00436	0.00258	0.00648
11	0.00943	0.00471	0.00471	0.00471	0.00589	0.00471	0.00353	0.01178	0.01060	0.01885	0.01650	0.01885	0.01296	0.00589	0.00353	0.00118	0.00236	0.00471	0.85036	0.00471
12	0.00625	0.00447	0.00595	0.00698	0.00735	0.00417	0.00470	0.00728	0.01012	0.01360	0.09904	0.74585	0.03478	0.01533	0.00641	0.00201	0.00288	0.01389	0.00478	0.00417
13	0.23002	0.01752	0.01273	0.01098	0.01410	0.37455	0.00860	0.21687	0.03678	0.02033	0.00911	0.00996	0.00705	0.00535	0.00435	0.00144	0.00673	0.00354	0.00345	0.00654
14	0.85801	0.00978	0.00743	0.00665	0.00978	0.01134	0.00548	0.01486	0.00861	0.02269	0.00704	0.00821	0.00548	0.00469	0.00313	0.00156	0.00391	0.00274	0.00313	0.00548
15	0.01197	0.45940	0.37889	0.01129	0.01706	0.01622	0.01325	0.01554	0.01046	0.01378	0.00797	0.00929	0.00645	0.00455	0.00396	0.00132	0.00635	0.00318	0.00215	0.00694
16	0.00622	0.00442	0.00585	0.00697	0.00725	0.00414	0.00462	0.00706	0.00957	0.01276	0.02731	0.78182	0.03273	0.05398	0.00737	0.00219	0.00303	0.01404	0.00462	0.00406
17	0.02086	0.01154	0.01355	0.01039	0.01437	0.01179	0.00858	0.42039	0.01939	0.39155	0.01582	0.01453	0.01045	0.00616	0.00507	0.00154	0.00497	0.00480	0.00562	0.00860
18	0.01081	0.12611	0.68438	0.01359	0.02059	0.01270	0.01721	0.01607	0.01070	0.03051	0.00903	0.01048	0.00653	0.00477	0.00461	0.00154	0.00715	0.00363	0.00222	0.00737
19	0.00943	0.00471	0.00471	0.00471	0.00589	0.00471	0.00353	0.01178	0.01060	0.01885	0.01650	0.01885	0.01296	0.00589	0.00353	0.00118	0.00236	0.00471	0.85036	0.00471
20	0.00735	0.00490	0.00552	0.00552	0.00552	0.00490	0.00306	0.00735	0.00735	0.00980	0.01593	0.03309	0.01838	0.82229	0.02574	0.00490	0.00490	0.00735	0.00306	0.00306
21	0.01252	0.01201	0.02053	0.03104	0.79074	0.01201	0.01552	0.01552	0.01151	0.01652	0.00951	0.01252	0.00801	0.00451	0.00501	0.00150	0.00601	0.00451	0.00250	0.00801
22	0.01600	0.01318	0.01332	0.01107	0.01446	0.06200	0.00885	0.36851	0.38795	0.02553	0.01594	0.01519	0.01176	0.00640	0.00507	0.00160	0.00503	0.00503	0.00495	0.00815
23	0.01194	0.01364	0.02984	0.02131	0.02643	0.01279	0.77238	0.01620	0.01194	0.01620	0.01023	0.01364	0.00767	0.00426	0.00597	0.00171	0.00853	0.00597	0.00256	0.00682
24	0.02269	0.00861	0.01174	0.00900	0.01291	0.00743	0.00743	0.02464	0.01447	0.79425	0.01995	0.01721	0.01252	0.00626	0.00509	0.00156	0.00430	0.00509	0.00626	0.00861
25	0.00616	0.00440	0.00587	0.00704	0.00733	0.00411	0.00469	0.00704	0.00968	0.01291	0.02787	0.81899	0.03344	0.01584	0.00645	0.00205	0.00293	0.01438	0.00469	0.00411
26	0.06317	0.02079	0.01491	0.01285	0.01588	0.56589	0.05207	0.14642	0.03276	0.01661	0.00892	0.01005	0.00707	0.00531	0.00466	0.00138	0.00810	0.00365	0.00310	0.00640
27	0.01431	0.01172	0.01241	0.01064	0.01381	0.01339	0.00842	0.22154	0.58412	0.02395	0.01838	0.01711	0.01365	0.00665	0.00512	0.00166	0.00441	0.00541	0.00512	0.00816
28	0.00735	0.00490	0.00552	0.00552	0.00552	0.00490	0.00306	0.00735	0.00735	0.00980	0.01593	0.03309	0.01838	0.82229	0.02574	0.00490	0.00490	0.00735	0.00306	0.00306
29	0.18263	0.54338	0.02071	0.00857	0.01252	0.01738	0.00802	0.06298	0.07588	0.01607	0.00849	0.00929	0.00717	0.00472	0.00349	0.00126	0.00500	0.00308	0.00279	0.00655
30	0.01069	0.15526	0.67176	0.01348	0.02045	0.01308	0.01706	0.01587	0.01061	0.01535	0.00874	0.01026	0.00642	0.00473	0.00455	0.00152	0.00714	0.00357	0.00214	0.00731
31	0.00653	0.00503	0.00528	0.00528	0.00630	0.00452	0.00353	0.00730	0.00985	0.01211	0.03707	0.04242	0.47970	0.33751	0.01390	0.00299	0.00350	0.00934	0.00404	0.00379
32	0.00735	0.00490	0.00552	0.00552	0.00552	0.00490	0.00306	0.00735	0.00735	0.00980	0.01593	0.03309	0.01838	0.82229	0.02574	0.00490	0.00490	0.00735	0.00306	0.00306
33	0.01019	0.15164	0.07987	0.00945	0.04208	0.00946	0.00785	0.01209	0.00927	0.07809	0.01263	0.01834	0.01159	0.14394	0.36151	0.00491	0.02377	0.00501	0.00290	0.00540
34	0.01097	0.01057	0.01837	0.42702	0.35871	0.01167	0.06156	0.01424	0.01083	0.01467	0.00929	0.01308	0.00734	0.00477	0.00509	0.00161	0.00654	0.00459	0.00238	0.00672
35	0.01337	0.67444	0.10801	0.00990	0.01450	0.05699	0.03490	0.01552	0.01057	0.01250	0.00739	0.00862	0.00652	0.00442	0.00356	0.00117	0.00591	0.00295	0.00219	0.00657
36	0.01269	0.01255	0.05754	0.01649	0.02067	0.01166	0.44890	0.10044	0.01342	0.07389	0.10810	0.03115	0.01347	0.00584	0.00631	0.00169	0.04878	0.00611	0.00348	0.00681
37	0.00722	0.00542	0.00813	0.00813	0.00903	0.00632	0.00632	0.00903	0.00813	0.01174	0.01354	0.01987	0.01264	0.03792	0.80225	0.00813	0.01354	0.00542	0.00271	0.00451
38	0.01241	0.01085	0.01950	0.13647	0.15316	0.01055	0.27426	0.01607	0.04027	0.10483	0.06952	0.01549	0.01141	0.00514	0.00530	0.00154	0.00620	0.00530	0.00329	0.09844
39	0.00616	0.00440	0.00587	0.00704	0.00733	0.00411	0.00469	0.00704	0.00968	0.01291	0.02787	0.81899	0.03344	0.01584	0.00645	0.00205	0.00293	0.01438	0.00469	0.00411
40	0.01515	0.01214	0.01288	0.01081	0.01413	0.01378	0.00863	0.31626	0.48802	0.02530	0.01731	0.01626	0.01279	0.00655	0.00511	0.00164	0.00461	0.00527	0.00511	0.00823
41	0.08662	0.41678	0.06710	0.00943	0.01380	0.01622	0.00893	0.20101	0.01349	0.01848	0.00863	0.00953	0.00703	0.00475	0.00383	0.00122	0.00526	0.00326	0.00305	0.10159
42	0.01007	0.26475	0.01352	0.00760	0.00905	0.03555	0.00593	0.01074	0.00853	0.01081	0.01184	0.02201	0.01295	0.44828	0.01697	0.00329	0.09549	0.00543	0.00267	0.00451
43	0.02095	0.00822	0.01118	0.00870	0.01231	0.00713	0.00713	0.02296	0.01446	0.70777	0.10578	0.01951	0.01645	0.00671	0.00518	0.00157	0.00409	0.00554	0.00618	0.00818
44	0.00955	0.00899	0.01517	0.81013	0.03483	0.01123	0.01404	0.01292	0.01011	0.01292	0.00899	0.01348	0.00674	0.00506	0.00506	0.00169	0.00674	0.00449	0.00225	0.00562
45	0.00665	0.00512	0.00607	0.00589	0.00726	0.00454	0.00440	0.00853	0.01302	0.01734	0.46352	0.07354	0.34277	0.01154	0.00599	0.00166	0.00248	0.00996	0.00518	0.00454
46	0.00723	0.00543	0.00674	0.00652	0.00778	0.00512	0.00484	0.01004	0.06111	0.01865	0.55965	0.12530	0.14045	0.01106	0.00597	0.00167	0.00257	0.00971	0.00533	0.00483
47	0.00955	0.00899	0.01517	0.81013	0.03483	0.01123	0.01404	0.01292	0.01011	0.01292	0.00899	0.01348	0.00674	0.00506	0.00506	0.00169	0.00674	0.00449	0.00225	0.00562
48	0.00655	0.00468	0.00628	0.00728	0.00779	0.00442	0.00518	0.00779	0.01047	0.01404	0.11266	0.62694	0.03444	0.01497	0.00647	0.00204	0.00311	0.11585	0.00479	0.00426
49	0.01049	0.00899	0.01049	0.00749	0.01198	0.00674	0.00599	0.01273	0.01049	0.01648	0.00899	0.01049	0.00749	0.00374	0.00374	0.00075	0.00374	0.00300	0.00300	0.85320
50	0.01022	0.04570	0.77726	0.01427	0.02167	0.01195	0.01844	0.01599	0.01067	0.01591	0.00902	0.01061	0.00641	0.00479	0.00477	0.00159	0.00742	0.00371	0.00214	0.00745
51	0.01325	0.01130	0.01162	0.01037	0.01328	0.03846	0.00808	0.04341	0.71540	0.04518	0.01995	0.01834	0.01490	0.00677	0.00512	0.00169	0.00421	0.00559	0.00509	0.00797
52	0.01194	0.01364	0.02984	0.02131	0.02643	0.01279	0.77238	0.01620	0.01194	0.01620	0.01023	0.01364	0.00767	0.00426	0.00597	0.00171	0.00853	0.00597	0.00256	0.00682
53	0.00929	0.00941	0.01886	0.01478	0.01769	0.00881	0.42086	0.01200	0.01090	0.01469	0.01831	0.38240	0.01947	0.00956	0.00619	0.00186	0.00596	0.00982	0.00354	0.00558
54	0.00955	0.00899	0.01517	0.81013	0.03483	0.01123	0.01404	0.01292	0.01011	0.01292	0.00899	0.01348	0.00674	0.00506	0.00506	0.00169	0.00674	0.00449	0.00225	0.00562
55	0.01922	0.01416	0.01518	0.01163	0.01568	0.01568	0.00961	0.77388	0.02378	0.03187	0.01214	0.01214	0.00860	0.00607	0.00506	0.00152	0.00556	0.00455	0.00506	0.00860
56	0.00624	0.00443	0.00585	0.00695	0.00722	0.00416	0.00459	0.00706	0.00954	0.01272	0.02713	0.77015	0.03251	0.06595	0.00765	0.00223	0.00306	0.01394	0.00459	0.00404
57	0.01209	0.05855	0.01325	0.01038	0.01274	0.00778	0.14549	0.01391	0.01134	0.21733	0.02085	0.39584	0.02106	0.01037	0.00602	0.00181	0.02126	0.00949	0.00450	0.00595
58	0.01148	0.01246	0.02599	0.05503	0.02424	0.01214	0.61267	0.03629	0.01166	0.01589	0.01051	0.01422	0.00819	0.00822	0.09513	0.00243	0.02852	0.00576	0.00262	0.00653
59	0.01035	0.07582	0.74827	0.01405	0.02133	0.01226	0.01806	0.01596	0.01065	0.01576	0.00895	0.01052	0.00641	0.00477	0.00471	0.00157	0.00734	0.00367	0.00214	0.00741
60	0.25138	0.00932	0.00972	0.00734	0.01144	0.00824	0.00592	0.02961	0.01024	0.01857	0.00850	0.00988	0.00694	0.00406	0.00360	0.00100	0.00383	0.00296	0.00308	0.59437
61	0.00732	0.00504	0.00619	0.00619	0.00643	0.00527	0.00391	0.00779	0.00755	0.01031	0.01531	0.02965	0.01689	0.61833	0.22765	0.00574	0.00715	0.00685	0.00297	0.00344
62	0.01014	0.02616	0.79609	0.01441	0.02189	0.01174	0.01868	0.01601	0.01068	0.01601	0.00907	0.01068	0.00641	0.00480	0.00480	0.00160	0.00747	0.00374	0.00214	0.00747
63	0.00726	0.00528	0.00741	0.00741	0.00806	0.00593	0.00542	0.00857	0.00791	0.01120	0.01420	0.02352	0.01423	0.25464	0.58771	0.00724	0.01116	0.00595	0.00281	0.00411
64	0.01570	0.01140	0.01260	0.01007	0.01328	0.01234	0.00816	0.49653	0.07526	0.05229	0.21609	0.01949	0.01945	0.00725	0.00530	0.00155	0.00458	0.00585	0.00524	0.00756
65	0.23238	0.01913	0.43013	0.01252	0.01797	0.04307	0.08454	0.01540	0.01022	0.01733	0.00892	0.01090	0.00673	0.00711	0.06156	0.00206	0.00714	0.00379	0.00249	0.00661
66	0.01025	0.05155	0.77163	0.01423	0.02160	0.01201	0.01836	0.01599	0.01066	0.01588	0.00901	0.01059	0.00641	0.00479	0.00475	0.00158	0.00741	0.00370	0.00214	0.00744
67	0.01427	0.01038	0.01192	0.00880	0.01311	0.00929	0.00715	0.22458	0.01461	0.10764	0.01108	0.01169	0.00836	0.00467	0.00426	0.00105	0.00431	0.00366	0.00393	0.52523
68	0.00949	0.00943	0.03978	0.76729	0.03382	0.01109	0.01399	0.01289	0.01012	0.01302	0.00940	0.03101	0.00731	0.00528	0.00508	0.00169	0.00668	0.00469	0.00230	0.00564
69	0.17657	0.01461	0.07099	0.01255	0.01537	0.15091	0.10467	0.10780	0.01195	0.03415	0.00917	0.03640	0.00772	0.00638	0.00776	0.00172	0.21762	0.00439	0.00301	0.00627

[dist]
# distance from previous block
# <min> <max>
1	3

[block]
# block no. 4 follows, 49 sequences, length 40
# corresponding to MSA columns:
# 287-326
name=unknown_E
#
# <colnr> <probs for GDERKNQSTAVLIFYWHMCP>
#	G	D	E	R	K	N	Q	S	T	A	V	L	I	F	Y	W	H	M	C	P
0	0.01438	0.69975	0.02465	0.00925	0.01340	0.09315	0.00882	0.06272	0.01149	0.01318	0.00742	0.00846	0.00662	0.00452	0.00348	0.00113	0.00577	0.00287	0.00238	0.00656
1	0.01715	0.27257	0.01862	0.01067	0.01473	0.03884	0.00925	0.48373	0.04722	0.02457	0.01071	0.01102	0.00812	0.00552	0.00447	0.00138	0.00556	0.00397	0.00407	0.00783
2	0.01215	0.38464	0.38062	0.01169	0.01747	0.01558	0.02855	0.05283	0.01116	0.01495	0.00833	0.00965	0.00660	0.00462	0.00412	0.00135	0.00640	0.00334	0.00232	0.02364
3	0.00878	0.00439	0.00659	0.00659	0.00659	0.00439	0.00439	0.00659	0.00659	0.00878	0.00878	0.01537	0.00878	0.01757	0.01976	0.85288	0.00439	0.00439	0.00220	0.00220
4	0.01521	0.23717	0.22059	0.01214	0.01655	0.33996	0.01178	0.06456	0.01289	0.01440	0.00820	0.00944	0.00661	0.00492	0.00430	0.00133	0.00748	0.00331	0.00252	0.00662
5	0.00996	0.01210	0.14011	0.01468	0.01840	0.00932	0.35255	0.01318	0.01102	0.04241	0.01672	0.30214	0.01689	0.00857	0.00593	0.00181	0.00621	0.00860	0.00339	0.00601
6	0.00644	0.00460	0.00619	0.00736	0.00778	0.00435	0.00518	0.00752	0.00996	0.01322	0.02772	0.71211	0.03284	0.01558	0.00653	0.00209	0.00318	0.11850	0.00469	0.00418
7	0.00726	0.00523	0.00695	0.00692	0.00805	0.00519	0.00520	0.00902	0.01104	0.03668	0.26200	0.14645	0.16227	0.02091	0.27882	0.00392	0.00637	0.00878	0.00433	0.00461
8	0.01242	0.01227	0.02198	0.02952	0.67154	0.01214	0.13356	0.01562	0.01158	0.01647	0.00962	0.01269	0.00796	0.00447	0.00516	0.00153	0.00640	0.00473	0.00251	0.00782
9	0.00724	0.00524	0.00732	0.00735	0.00797	0.00586	0.00534	0.00850	0.00794	0.01121	0.01457	0.04261	0.01479	0.26406	0.55901	0.00705	0.01080	0.00619	0.00286	0.00409
10	0.29175	0.00898	0.01035	0.00824	0.01190	0.00869	0.00680	0.02149	0.01258	0.54572	0.01579	0.01431	0.01025	0.00575	0.00446	0.00156	0.00418	0.00433	0.00525	0.00760
11	0.00616	0.00440	0.00587	0.00704	0.00733	0.00411	0.00469	0.00704	0.00968	0.01291	0.02787	0.81899	0.03344	0.01584	0.00645	0.00205	0.00293	0.01438	0.00469	0.00411
12	0.00955	0.00899	0.01517	0.81013	0.03483	0.01123	0.01404	0.01292	0.01011	0.01292	0.00899	0.01348	0.00674	0.00506	0.00506	0.00169	0.00674	0.00449	0.00225	0.00562
13	0.01021	0.00985	0.01722	0.62318	0.15202	0.01149	0.07719	0.01360	0.01048	0.01375	0.00917	0.01334	0.00702	0.00490	0.00512	0.00166	0.00677	0.00462	0.00231	0.00609
14	0.01518	0.00692	0.00907	0.00793	0.01042	0.00614	0.00614	0.01705	0.03321	0.43255	0.02639	0.26941	0.11762	0.01007	0.00562	0.00174	0.00365	0.00869	0.00555	0.00665
15	0.01014	0.02616	0.79609	0.01441	0.02189	0.01174	0.01868	0.01601	0.01068	0.01601	0.00907	0.01068	0.00641	0.00480	0.00480	0.00160	0.00747	0.00374	0.00214	0.00747
16	0.00955	0.00899	0.01517	0.81013	0.03483	0.01123	0.01404	0.01292	0.01011	0.01292	0.00899	0.01348	0.00674	0.00506	0.00506	0.00169	0.00674	0.00449	0.00225	0.00562
17	0.00735	0.00490	0.00552	0.00552	0.00552	0.00490	0.00306	0.00735	0.00735	0.00980	0.01593	0.03309	0.01838	0.82229	0.02574	0.00490	0.00490	0.00735	0.00306	0.00306
18	0.00664	0.00517	0.00605	0.00598	0.00739	0.00458	0.00454	0.00846	0.01271	0.01664	0.37334	0.06507	0.39518	0.01187	0.00605	0.00170	0.00262	0.05642	0.00508	0.00451
19	0.01252	0.01201	0.02053	0.03104	0.79074	0.01201	0.01552	0.01552	0.01151	0.01652	0.00951	0.01252	0.00801	0.00451	0.00501	0.00150	0.00601	0.00451	0.00250	0.00801
20	0.01922	0.01416	0.01518	0.01163	0.01568	0.01568	0.00961	0.77388	0.02378	0.03187	0.01214	0.01214	0.00860	0.00607	0.00506	0.00152	0.00556	0.00455	0.00506	0.00860
21	0.01407	0.01292	0.01198	0.01070	0.01358	0.13558	0.00830	0.04246	0.61796	0.04727	0.01838	0.01714	0.01379	0.00656	0.00505	0.00164	0.00485	0.00529	0.00479	0.00770
22	0.02027	0.00807	0.01096	0.00859	0.01207	0.00702	0.00702	0.02229	0.01445	0.67354	0.13975	0.02042	0.01801	0.00689	0.00522	0.00157	0.00400	0.00572	0.00615	0.00801
23	0.00613	0.00451	0.00575	0.00674	0.00726	0.00413	0.00456	0.00707	0.00997	0.01303	0.03151	0.69885	0.15123	0.01537	0.00638	0.00200	0.00288	0.01380	0.00469	0.00413
24	0.01014	0.02616	0.79609	0.01441	0.02189	0.01174	0.01868	0.01601	0.01068	0.01601	0.00907	0.01068	0.00641	0.00480	0.00480	0.00160	0.00747	0.00374	0.00214	0.00747
25	0.00683	0.00494	0.00587	0.00596	0.00668	0.00461	0.00400	0.00793	0.01060	0.01417	0.25397	0.17418	0.17319	0.28993	0.01283	0.00283	0.00338	0.00973	0.00440	0.00398
26	0.01231	0.10269	0.38015	0.01530	0.02116	0.01320	0.23036	0.08734	0.01229	0.04446	0.00981	0.01163	0.00720	0.00487	0.00528	0.00158	0.02600	0.00440	0.00268	0.00729
27	0.00717	0.00495	0.00613	0.00611	0.00716	0.00453	0.00448	0.00778	0.01068	0.01383	0.20624	0.05070	0.33346	0.01415	0.02423	0.24201	0.00334	0.04507	0.00415	0.00382
28	0.01049	0.00899	0.01049	0.00749	0.01198	0.00674	0.00599	0.01273	0.01049	0.01648	0.00899	0.01049	0.00749	0.00374	0.00374	0.00075	0.00374	0.00300	0.00300	0.85320
29	0.01161	0.32510	0.48999	0.01223	0.01841	0.03320	0.01472	0.01578	0.01061	0.01439	0.00828	0.00968	0.00644	0.00463	0.00422	0.00140	0.00674	0.00334	0.00216	0.00707
30	0.01055	0.06370	0.65395	0.01507	0.02207	0.01229	0.12082	0.01600	0.01083	0.01584	0.00913	0.01095	0.00658	0.00471	0.00489	0.00159	0.00752	0.00399	0.00219	0.00734
31	0.00697	0.00484	0.00622	0.00691	0.00753	0.00457	0.00483	0.00803	0.01001	0.03284	0.06400	0.49149	0.10225	0.12032	0.03822	0.00260	0.00370	0.07597	0.00449	0.00419
32	0.01258	0.01086	0.01143	0.01029	0.01315	0.01258	0.00800	0.02687	0.78161	0.02115	0.02058	0.01887	0.01544	0.00686	0.00515	0.00172	0.00400	0.00572	0.00515	0.00800
33	0.01014	0.02616	0.79609	0.01441	0.02189	0.01174	0.01868	0.01601	0.01068	0.01601	0.00907	0.01068	0.00641	0.00480	0.00480	0.00160	0.00747	0.00374	0.00214	0.00747
34	0.21906	0.01313	0.19497	0.01002	0.01461	0.00951	0.02895	0.02007	0.01212	0.40784	0.01407	0.01344	0.00928	0.00549	0.00457	0.00158	0.00506	0.00423	0.00445	0.00755
35	0.85801	0.00978	0.00743	0.00665	0.00978	0.01134	0.00548	0.01486	0.00861	0.02269	0.00704	0.00821	0.00548	0.00469	0.00313	0.00156	0.00391	0.00274	0.00313	0.00548
36	0.00955	0.00899	0.01517	0.81013	0.03483	0.01123	0.01404	0.01292	0.01011	0.01292	0.00899	0.01348	0.00674	0.00506	0.00506	0.00169	0.00674	0.00449	0.00225	0.00562
37	0.00722	0.00542	0.00813	0.00813	0.00903	0.00632	0.00632	0.00903	0.00813	0.01174	0.01354	0.01987	0.01264	0.03792	0.80225	0.00813	0.01354	0.00542	0.00271	0.00451
38	0.01512	0.03584	0.28920	0.01363	0.01899	0.01408	0.09850	0.40817	0.01759	0.02415	0.01075	0.01171	0.00769	0.00539	0.00503	0.00156	0.00656	0.00439	0.00370	0.00796
39	0.02078	0.00867	0.01154	0.00876	0.01276	0.00732	0.00721	0.02279	0.01385	0.67294	0.01824	0.01616	0.01173	0.00587	0.00488	0.00144	0.00422	0.00476	0.00575	0.14033

[dist]
# distance from previous block
# <min> <max>
4	6

[block]
# block no. 5 follows, 49 sequences, length 9
# corresponding to MSA columns:
# 334-342
name=unknown_F
#
# <colnr> <probs for GDERKNQSTAVLIFYWHMCP>
#	G	D	E	R	K	N	Q	S	T	A	V	L	I	F	Y	W	H	M	C	P
0	0.01254	0.44615	0.35229	0.01111	0.01675	0.01588	0.01285	0.01598	0.01065	0.05207	0.00853	0.00965	0.00675	0.00462	0.00400	0.00133	0.00623	0.00326	0.00235	0.00701
1	0.00598	0.00512	0.00512	0.00512	0.00683	0.00427	0.00384	0.00726	0.01153	0.01366	0.05123	0.04866	0.78869	0.01281	0.00598	0.00171	0.00256	0.01067	0.00470	0.00427
2	0.01540	0.55726	0.02276	0.00964	0.01387	0.01858	0.00897	0.26589	0.01474	0.01850	0.00872	0.00944	0.00719	0.00490	0.00384	0.00123	0.00546	0.00331	0.00312	0.00719
3	0.14232	0.55938	0.02162	0.00887	0.01297	0.01794	0.00834	0.14842	0.01239	0.01704	0.00793	0.00884	0.00671	0.00469	0.00355	0.00123	0.00521	0.00303	0.00282	0.00671
4	0.01062	0.14037	0.68610	0.01359	0.02061	0.01292	0.01725	0.01589	0.01062	0.01543	0.00878	0.01031	0.00642	0.00474	0.00458	0.00153	0.00718	0.00359	0.00214	0.00733
5	0.00628	0.00466	0.00563	0.00634	0.00695	0.00426	0.00425	0.00714	0.00982	0.01266	0.03209	0.51139	0.22275	0.13032	0.00909	0.00237	0.00312	0.01243	0.00446	0.00400
6	0.01352	0.82533	0.02650	0.00865	0.01298	0.02001	0.00865	0.01514	0.01027	0.01190	0.00703	0.00811	0.00649	0.00433	0.00324	0.00108	0.00541	0.00270	0.00216	0.00649
7	0.06349	0.00681	0.00796	0.00725	0.00903	0.00673	0.00554	0.11929	0.01432	0.06065	0.39687	0.15050	0.11145	0.01024	0.00568	0.00166	0.00314	0.00882	0.00515	0.00541
8	0.05162	0.12257	0.00840	0.00579	0.00781	0.00695	0.00461	0.00889	0.01106	0.01394	0.07445	0.03927	0.55284	0.06250	0.00669	0.00181	0.00318	0.00884	0.00419	0.00460

[dist]
# distance from previous block
# <min> <max>
7	20

[block]
# block no. 6 follows, 49 sequences, length 30
# corresponding to MSA columns:
# 363-392
name=unknown_G
#
# <colnr> <probs for GDERKNQSTAVLIFYWHMCP>
#	G	D	E	R	K	N	Q	S	T	A	V	L	I	F	Y	W	H	M	C	P
0	0.00988	0.00932	0.01576	0.72363	0.11876	0.01132	0.01421	0.01321	0.01027	0.01332	0.00905	0.01337	0.00688	0.00499	0.00505	0.00166	0.00666	0.00450	0.00228	0.00588
1	0.01207	0.01197	0.01806	0.02248	0.41654	0.03891	0.01333	0.01416	0.00991	0.01443	0.00817	0.01175	0.00735	0.00648	0.01020	0.00181	0.36874	0.00443	0.00238	0.00683
2	0.01142	0.01089	0.01854	0.31960	0.51077	0.01173	0.01497	0.01456	0.01099	0.01519	0.00932	0.01287	0.00754	0.00471	0.00502	0.00157	0.00628	0.00450	0.00241	0.00712
3	0.00614	0.00448	0.00578	0.00683	0.00728	0.00413	0.00460	0.00707	0.00989	0.01299	0.03046	0.73345	0.11731	0.01551	0.00640	0.00202	0.00289	0.01396	0.00469	0.00413
4	0.01252	0.01201	0.02053	0.03104	0.79074	0.01201	0.01552	0.01552	0.01151	0.01652	0.00951	0.01252	0.00801	0.00451	0.00501	0.00150	0.00601	0.00451	0.00250	0.00801
5	0.01252	0.01201	0.02053	0.03104	0.79074	0.01201	0.01552	0.01552	0.01151	0.01652	0.00951	0.01252	0.00801	0.00451	0.00501	0.00150	0.00601	0.00451	0.00250	0.00801
6	0.00726	0.00549	0.00694	0.00770	0.00900	0.00517	0.00642	0.00913	0.01148	0.01448	0.03543	0.10132	0.29606	0.01368	0.00660	0.00209	0.00381	0.44877	0.00467	0.00449
7	0.00664	0.00502	0.00531	0.00531	0.00620	0.00457	0.00347	0.00730	0.00952	0.01180	0.03424	0.04117	0.41786	0.40250	0.01549	0.00325	0.00369	0.00907	0.00391	0.00369
8	0.00598	0.00512	0.00512	0.00512	0.00683	0.00427	0.00384	0.00726	0.01153	0.01366	0.05123	0.04866	0.78869	0.01281	0.00598	0.00171	0.00256	0.01067	0.00470	0.00427
9	0.01049	0.00899	0.01049	0.00749	0.01198	0.00674	0.00599	0.01273	0.01049	0.01648	0.00899	0.01049	0.00749	0.00374	0.00374	0.00075	0.00374	0.00300	0.00300	0.85320
10	0.00646	0.00462	0.00621	0.00739	0.00781	0.00437	0.00522	0.00756	0.00998	0.01325	0.02770	0.70327	0.03279	0.01556	0.00653	0.00210	0.00320	0.12712	0.00469	0.00419
11	0.00616	0.00440	0.00587	0.00704	0.00733	0.00411	0.00469	0.00704	0.00968	0.01291	0.02787	0.81899	0.03344	0.01584	0.00645	0.00205	0.00293	0.01438	0.00469	0.00411
12	0.00613	0.00454	0.00573	0.00668	0.00724	0.00414	0.00453	0.00708	0.01003	0.01305	0.03229	0.67331	0.17627	0.01527	0.00636	0.00199	0.00286	0.01368	0.00469	0.00414
13	0.00654	0.00514	0.00590	0.00571	0.00718	0.00451	0.00429	0.00835	0.01286	0.01682	0.40326	0.04346	0.43469	0.01163	0.00597	0.00165	0.00248	0.00994	0.00511	0.00451
14	0.00616	0.00440	0.00587	0.00704	0.00733	0.00411	0.00469	0.00704	0.00968	0.01291	0.02787	0.81899	0.03344	0.01584	0.00645	0.00205	0.00293	0.01438	0.00469	0.00411
15	0.01252	0.01201	0.02053	0.03104	0.79074	0.01201	0.01552	0.01552	0.01151	0.01652	0.00951	0.01252	0.00801	0.00451	0.00501	0.00150	0.00601	0.00451	0.00250	0.00801
16	0.00634	0.00506	0.00568	0.00570	0.00710	0.00440	0.00421	0.00790	0.01214	0.01551	0.26402	0.13102	0.48824	0.01242	0.00603	0.00171	0.00255	0.01064	0.00495	0.00440
17	0.00735	0.00490	0.00552	0.00552	0.00552	0.00490	0.00306	0.00735	0.00735	0.00980	0.01593	0.03309	0.01838	0.82229	0.02574	0.00490	0.00490	0.00735	0.00306	0.00306
18	0.01252	0.01201	0.02053	0.03104	0.79074	0.01201	0.01552	0.01552	0.01151	0.01652	0.00951	0.01252	0.00801	0.00451	0.00501	0.00150	0.00601	0.00451	0.00250	0.00801
19	0.00616	0.00440	0.00587	0.00704	0.00733	0.00411	0.00469	0.00704	0.00968	0.01291	0.02787	0.81899	0.03344	0.01584	0.00645	0.00205	0.00293	0.01438	0.00469	0.00411
20	0.01252	0.01201	0.02053	0.03104	0.79074	0.01201	0.01552	0.01552	0.01151	0.01652	0.00951	0.01252	0.00801	0.00451	0.00501	0.00150	0.00601	0.00451	0.00250	0.00801
21	0.00616	0.00440	0.00587	0.00704	0.00733	0.00411	0.00469	0.00704	0.00968	0.01291	0.02787	0.81899	0.03344	0.01584	0.00645	0.00205	0.00293	0.01438	0.00469	0.00411
22	0.00616	0.00440	0.00587	0.00704	0.00733	0.00411	0.00469	0.00704	0.00968	0.01291	0.02787	0.81899	0.03344	0.01584	0.00645	0.00205	0.00293	0.01438	0.00469	0.00411
23	0.00616	0.00440	0.00587	0.00704	0.00733	0.00411	0.00469	0.00704	0.00968	0.01291	0.02787	0.81899	0.03344	0.01584	0.00645	0.00205	0.00293	0.01438	0.00469	0.00411
24	0.00735	0.00490	0.00552	0.00552	0.00552	0.00490	0.00306	0.00735	0.00735	0.00980	0.01593	0.03309	0.01838	0.82229	0.02574	0.00490	0.00490	0.00735	0.00306	0.00306
25	0.00616	0.00440	0.00587	0.00704	0.00733	0.00411	0.00469	0.00704	0.00968	0.01291	0.02787	0.81899	0.03344	0.01584	0.00645	0.00205	0.00293	0.01438	0.00469	0.00411
26	0.01049	0.00899	0.01049	0.00749	0.01198	0.00674	0.00599	0.01273	0.01049	0.01648	0.00899	0.01049	0.00749	0.00374	0.00374	0.00075	0.00374	0.00300	0.00300	0.85320
27	0.00698	0.00477	0.00571	0.00603	0.00620	0.00465	0.00367	0.00741	0.00854	0.01147	0.07317	0.26989	0.02495	0.52322	0.01856	0.00382	0.00414	0.00959	0.00373	0.00350
28	0.00622	0.00513	0.00546	0.00538	0.00698	0.00437	0.00404	0.00773	0.01211	0.01504	0.20479	0.04639	0.63427	0.01229	0.00597	0.00168	0.00252	0.01035	0.00488	0.00437
29	0.00616	0.00440	0.00587	0.00704	0.00733	0.00411	0.00469	0.00704	0.00968	0.01291	0.02787	0.81899	0.03344	0.01584	0.00645	0.00205	0.00293	0.01438	0.00469	0.00411

[dist]
# distance from previous block
# <min> <max>
0	18

[block]
# block no. 7 follows, 49 sequences, length 30
# corresponding to MSA columns:
# 411-440
name=unknown_H
#
# <colnr> <probs for GDERKNQSTAVLIFYWHMCP>
#	G	D	E	R	K	N	Q	S	T	A	V	L	I	F	Y	W	H	M	C	P
0	0.85801	0.00978	0.00743	0.00665	0.00978	0.01134	0.00548	0.01486	0.00861	0.02269	0.00704	0.00821	0.00548	0.00469	0.00313	0.00156	0.00391	0.00274	0.00313	0.00548
1	0.00607	0.00477	0.00549	0.00606	0.00708	0.00419	0.00426	0.00715	0.01062	0.01329	0.03978	0.42606	0.41869	0.01429	0.00621	0.00188	0.00274	0.01249	0.00469	0.00419
2	0.01884	0.00831	0.01087	0.00872	0.01205	0.00763	0.00706	0.02241	0.11025	0.56872	0.14803	0.02084	0.01875	0.00701	0.00524	0.00159	0.00395	0.00584	0.00600	0.00789
3	0.54652	0.01141	0.01031	0.00850	0.01197	0.01295	0.00701	0.29672	0.01424	0.02610	0.00893	0.00967	0.00664	0.00521	0.00385	0.00155	0.00453	0.00341	0.00385	0.00664
4	0.00660	0.00459	0.00574	0.00647	0.00666	0.00440	0.00409	0.00716	0.00882	0.01176	0.02344	0.52715	0.02785	0.31531	0.01362	0.00311	0.00366	0.01177	0.00409	0.00372
5	0.01252	0.01201	0.02053	0.03104	0.79074	0.01201	0.01552	0.01552	0.01151	0.01652	0.00951	0.01252	0.00801	0.00451	0.00501	0.00150	0.00601	0.00451	0.00250	0.00801
6	0.01252	0.01201	0.02053	0.03104	0.79074	0.01201	0.01552	0.01552	0.01151	0.01652	0.00951	0.01252	0.00801	0.00451	0.00501	0.00150	0.00601	0.00451	0.00250	0.00801
7	0.00611	0.00482	0.00551	0.00599	0.00708	0.00422	0.00424	0.00726	0.01086	0.01363	0.07307	0.37624	0.43510	0.01399	0.00618	0.00185	0.00271	0.01218	0.00473	0.00422
8	0.00616	0.00440	0.00587	0.00704	0.00733	0.00411	0.00469	0.00704	0.00968	0.01291	0.02787	0.81899	0.03344	0.01584	0.00645	0.00205	0.00293	0.01438	0.00469	0.00411
9	0.78578	0.01016	0.00810	0.00708	0.01029	0.01172	0.00583	0.08022	0.00991	0.02348	0.00748	0.00855	0.00575	0.00481	0.00330	0.00156	0.00405	0.00289	0.00330	0.00575
10	0.00660	0.00459	0.00574	0.00647	0.00666	0.00440	0.00409	0.00716	0.00882	0.01176	0.02344	0.52715	0.02785	0.31531	0.01362	0.00311	0.00366	0.01177	0.00409	0.00372
11	0.09948	0.00769	0.00988	0.00829	0.01124	0.00700	0.00657	0.01938	0.01273	0.52795	0.02064	0.21298	0.01697	0.00846	0.00523	0.00168	0.00393	0.00714	0.00557	0.00720
12	0.02269	0.00861	0.01174	0.00900	0.01291	0.00743	0.00743	0.02464	0.01447	0.79425	0.01995	0.01721	0.01252	0.00626	0.00509	0.00156	0.00430	0.00509	0.00626	0.00861
13	0.00600	0.00503	0.00522	0.00536	0.00689	0.00425	0.00395	0.00723	0.01130	0.01357	0.04831	0.14487	0.69437	0.01319	0.00604	0.00175	0.00261	0.01113	0.00470	0.00425
14	0.00636	0.00510	0.00569	0.00562	0.00709	0.00442	0.00419	0.00798	0.01232	0.01574	0.28606	0.08716	0.51009	0.01218	0.00600	0.00169	0.00253	0.01038	0.00497	0.00442
15	0.00638	0.00474	0.00594	0.00648	0.00729	0.00431	0.00454	0.00772	0.01122	0.01492	0.22461	0.46654	0.18912	0.01384	0.00623	0.00187	0.00272	0.01231	0.00491	0.00431
16	0.01049	0.00899	0.01049	0.00749	0.01198	0.00674	0.00599	0.01273	0.01049	0.01648	0.00899	0.01049	0.00749	0.00374	0.00374	0.00075	0.00374	0.00300	0.00300	0.85320
17	0.85801	0.00978	0.00743	0.00665	0.00978	0.01134	0.00548	0.01486	0.00861	0.02269	0.00704	0.00821	0.00548	0.00469	0.00313	0.00156	0.00391	0.00274	0.00313	0.00548
18	0.00657	0.00483	0.00615	0.00650	0.00736	0.00441	0.00462	0.00815	0.01192	0.01618	0.35806	0.38203	0.13840	0.01308	0.00618	0.00181	0.00265	0.01164	0.00507	0.00441
19	0.00669	0.00494	0.00539	0.00551	0.00622	0.00457	0.00353	0.00728	0.00925	0.01165	0.03119	0.11537	0.32755	0.42089	0.01598	0.00335	0.00378	0.00936	0.00387	0.00365
20	0.43721	0.00919	0.00960	0.00783	0.01136	0.00937	0.00646	0.01979	0.01156	0.41137	0.01354	0.01275	0.00902	0.00548	0.00411	0.00156	0.00411	0.00392	0.00471	0.00705
21	0.00722	0.00542	0.00813	0.00813	0.00903	0.00632	0.00632	0.00903	0.00813	0.01174	0.01354	0.01987	0.01264	0.03792	0.80225	0.00813	0.01354	0.00542	0.00271	0.00451
22	0.00686	0.00472	0.00576	0.00631	0.00647	0.00459	0.00394	0.00732	0.00851	0.01133	0.02148	0.37505	0.02529	0.44470	0.01673	0.00358	0.00404	0.03592	0.00383	0.00357
23	0.01252	0.01201	0.02053	0.03104	0.79074	0.01201	0.01552	0.01552	0.01151	0.01652	0.00951	0.01252	0.00801	0.00451	0.00501	0.00150	0.00601	0.00451	0.00250	0.00801
24	0.00624	0.00445	0.00588	0.00695	0.00726	0.00416	0.00463	0.00713	0.00973	0.01301	0.05116	0.76062	0.03324	0.05046	0.00727	0.00216	0.00300	0.01391	0.00465	0.00408
25	0.00866	0.00478	0.00501	0.00501	0.00575	0.00478	0.00336	0.01014	0.00940	0.01549	0.01629	0.02414	0.01497	0.30906	0.01178	0.00256	0.00330	0.00569	0.53572	0.00410
26	0.01056	0.01005	0.01686	0.52424	0.27080	0.01170	0.01435	0.01370	0.01043	0.01401	0.00903	0.01305	0.00713	0.00508	0.00564	0.00166	0.04853	0.00449	0.00233	0.00636
27	0.01049	0.00899	0.01049	0.00749	0.01198	0.00674	0.00599	0.01273	0.01049	0.01648	0.00899	0.01049	0.00749	0.00374	0.00374	0.00075	0.00374	0.00300	0.00300	0.85320
28	0.05625	0.01213	0.01362	0.01097	0.01383	0.11767	0.06204	0.01531	0.08492	0.01554	0.00932	0.01137	0.00781	0.00568	0.00751	0.00141	0.21884	0.00387	0.00292	0.32899
29	0.39535	0.01199	0.01712	0.01298	0.01701	0.01265	0.29100	0.14971	0.01253	0.02190	0.00913	0.01092	0.00684	0.00478	0.00452	0.00161	0.00592	0.00426	0.00326	0.00653

[dist]
# distance from previous block
# <min> <max>
4	13

[block]
# block no. 8 follows, 49 sequences, length 6
# corresponding to MSA columns:
# 454-459
name=unknown_I
#
# <colnr> <probs for GDERKNQSTAVLIFYWHMCP>
#	G	D	E	R	K	N	Q	S	T	A	V	L	I	F	Y	W	H	M	C	P
0	0.29783	0.29367	0.04941	0.01000	0.01354	0.01531	0.06798	0.06773	0.01048	0.01746	0.00767	0.00934	0.00640	0.00517	0.00532	0.00149	0.10888	0.00336	0.00273	0.00624
1	0.00608	0.00472	0.00554	0.00620	0.00711	0.00418	0.00432	0.00714	0.01049	0.01324	0.03809	0.48187	0.36396	0.01451	0.00625	0.00190	0.00277	0.01275	0.00469	0.00418
2	0.00733	0.00501	0.00605	0.00605	0.00624	0.00520	0.00374	0.00770	0.00751	0.01020	0.01544	0.03036	0.01720	0.66042	0.18599	0.00557	0.00669	0.00695	0.00299	0.00336
3	0.36032	0.01238	0.01203	0.00961	0.01328	0.01392	0.00793	0.46523	0.01761	0.02814	0.01007	0.01054	0.00733	0.00551	0.00427	0.00154	0.00489	0.00381	0.00427	0.00733
4	0.28831	0.01668	0.17350	0.01070	0.01490	0.15193	0.01006	0.19954	0.01401	0.06260	0.00951	0.01031	0.00698	0.00522	0.00430	0.00151	0.00599	0.00360	0.00346	0.00688
5	0.41764	0.01176	0.01360	0.01722	0.32804	0.05736	0.01005	0.05911	0.01099	0.02011	0.00838	0.01024	0.00675	0.00473	0.00409	0.00152	0.00516	0.00359	0.00296	0.00671

[dist]
# distance from previous block
# <min> <max>
2	3

[block]
# block no. 9 follows, 49 sequences, length 11
# corresponding to MSA columns:
# 463-473
name=unknown_J
#
# <colnr> <probs for GDERKNQSTAVLIFYWHMCP>
#	G	D	E	R	K	N	Q	S	T	A	V	L	I	F	Y	W	H	M	C	P
0	0.01068	0.00916	0.01057	0.00775	0.01209	0.00728	0.00618	0.01404	0.08153	0.01691	0.01006	0.01126	0.00822	0.00403	0.00387	0.00084	0.00377	0.00325	0.00319	0.77533
1	0.01167	0.01783	0.30549	0.01791	0.02356	0.01234	0.42978	0.01625	0.01136	0.04662	0.01001	0.01257	0.00735	0.00478	0.00607	0.00169	0.05008	0.00505	0.00253	0.00706
2	0.00722	0.00542	0.00813	0.00813	0.00903	0.00632	0.00632	0.00903	0.00813	0.01174	0.01354	0.01987	0.01264	0.03792	0.80225	0.00813	0.01354	0.00542	0.00271	0.00451
3	0.01832	0.01542	0.01455	0.01170	0.01535	0.14814	0.00943	0.55105	0.11905	0.02721	0.01249	0.01249	0.00912	0.00603	0.00499	0.00151	0.00597	0.00448	0.00466	0.00806
