[name]
unknown

[dist]
# distance from previous block
# <min> <max>
0	62

[block]
# block no. 0 follows, 49 sequences, length 27
# corresponding to MSA columns:
# 67-93
name=unknown_A
#
# <colnr> <probs for GDERKNQSTAVLIFYWHMCP>
#	G	D	E	R	K	N	Q	S	T	A	V	L	I	F	Y	W	H	M	C	P
0	0.02663	0.40131	0.15828	0.00996	0.01406	0.03202	0.01022	0.04517	0.01142	0.04465	0.01298	0.02003	0.02423	0.00674	0.00452	0.00150	0.00559	0.16128	0.00302	0.00638
1	0.01380	0.55693	0.13812	0.01010	0.01457	0.09640	0.01024	0.01642	0.03500	0.03995	0.00828	0.00930	0.00697	0.00472	0.00399	0.00124	0.02175	0.00312	0.00244	0.00667
2	0.01235	0.49163	0.29151	0.01059	0.01584	0.01614	0.01193	0.01542	0.01052	0.03767	0.00895	0.04070	0.00769	0.00500	0.00397	0.00131	0.00599	0.00359	0.00238	0.00680
3	0.01305	0.32900	0.28793	0.01085	0.01590	0.05739	0.01175	0.01660	0.04531	0.08006	0.00964	0.01070	0.00751	0.00530	0.00476	0.03433	0.00605	0.00351	0.00270	0.04765
4	0.00731	0.00525	0.00593	0.00591	0.00728	0.00488	0.00436	0.00921	0.02812	0.01523	0.10002	0.13823	0.31531	0.03705	0.08160	0.00230	0.00374	0.00877	0.18217	0.03735
5	0.03350	0.00976	0.01195	0.04392	0.06798	0.01042	0.02539	0.20233	0.18020	0.07389	0.18895	0.03452	0.03314	0.00749	0.00531	0.00162	0.00433	0.02948	0.02885	0.00696
6	0.00616	0.00440	0.00587	0.00704	0.00733	0.00411	0.00469	0.00704	0.00968	0.01291	0.02787	0.81899	0.03344	0.01584	0.00645	0.00205	0.00293	0.01438	0.00469	0.00411
7	0.01199	0.00988	0.01129	0.00820	0.01262	0.00828	0.00662	0.14400	0.01278	0.01913	0.00953	0.01077	0.00768	0.00415	0.00397	0.00088	0.00406	0.00326	0.00335	0.70754
8	0.02116	0.00903	0.01310	0.00989	0.01393	0.00782	0.06808	0.02331	0.01405	0.68944	0.01857	0.01656	0.01185	0.00596	0.00508	0.00153	0.00461	0.00504	0.00578	0.05521
9	0.06002	0.72382	0.07973	0.00895	0.01343	0.01895	0.00918	0.01519	0.01021	0.01278	0.00717	0.00830	0.00643	0.00438	0.00335	0.00114	0.00547	0.00278	0.00221	0.00650
10	0.01258	0.01086	0.01143	0.01029	0.01315	0.01258	0.00800	0.02687	0.78161	0.02115	0.02058	0.01887	0.01544	0.00686	0.00515	0.00172	0.00400	0.00572	0.00515	0.00800
11	0.00720	0.00550	0.00828	0.00877	0.00967	0.00526	0.05994	0.00877	0.01046	0.01384	0.02628	0.52147	0.03025	0.01443	0.00659	0.00212	0.00387	0.24829	0.00453	0.00447
12	0.01597	0.00820	0.02974	0.01070	0.08546	0.00722	0.00768	0.01840	0.04961	0.42991	0.02110	0.25714	0.01836	0.00896	0.00548	0.00171	0.00412	0.00781	0.00528	0.00714
13	0.00605	0.00513	0.00523	0.00520	0.00688	0.00430	0.00390	0.00740	0.01170	0.01408	0.09826	0.04797	0.74140	0.01265	0.00598	0.00170	0.00255	0.01057	0.00475	0.00430
14	0.00616	0.00440	0.00587	0.00704	0.00733	0.00411	0.00469	0.00704	0.00968	0.01291	0.02787	0.81899	0.03344	0.01584	0.00645	0.00205	0.00293	0.01438	0.00469	0.00411
15	0.01631	0.02022	0.02008	0.01610	0.01964	0.50923	0.29266	0.01871	0.01344	0.01379	0.00871	0.01080	0.00694	0.00486	0.00508	0.00145	0.00890	0.00426	0.00259	0.00622
16	0.01100	0.04593	0.45020	0.01713	0.02351	0.01244	0.33488	0.01606	0.01119	0.01596	0.00950	0.01184	0.00694	0.00456	0.00524	0.00163	0.00785	0.00464	0.00231	0.00717
17	0.00735	0.00490	0.00552	0.00552	0.00552	0.00490	0.00306	0.00735	0.00735	0.00980	0.01593	0.03309	0.01838	0.82229	0.02574	0.00490	0.00490	0.00735	0.00306	0.00306
18	0.00616	0.00440	0.00587	0.00704	0.00733	0.00411	0.00469	0.00704	0.00968	0.01291	0.02787	0.81899	0.03344	0.01584	0.00645	0.00205	0.00293	0.01438	0.00469	0.00411
19	0.01359	0.01159	0.06965	0.11492	0.15014	0.01062	0.20491	0.05787	0.01246	0.17443	0.02685	0.08605	0.01153	0.00619	0.00568	0.00166	0.02528	0.00590	0.00361	0.00707
20	0.01082	0.02564	0.71754	0.01451	0.02157	0.06858	0.04003	0.01632	0.01098	0.01576	0.00902	0.01065	0.00645	0.00482	0.00482	0.00158	0.00762	0.00377	0.00218	0.00734
21	0.01158	0.01106	0.01884	0.27633	0.55275	0.01177	0.01505	0.01470	0.01107	0.01539	0.00935	0.01282	0.00761	0.00468	0.00502	0.00156	0.00624	0.00450	0.00242	0.00726
22	0.01781	0.01316	0.15485	0.04916	0.01605	0.01060	0.01023	0.20860	0.05342	0.35713	0.03269	0.01539	0.01118	0.01964	0.00539	0.00163	0.00526	0.00484	0.00489	0.00805
23	0.01175	0.07551	0.08708	0.01766	0.22612	0.04156	0.16640	0.05319	0.01185	0.03751	0.01372	0.17225	0.01303	0.00693	0.00526	0.00161	0.00589	0.00653	0.03951	0.00665
24	0.01096	0.00991	0.01695	0.52761	0.13116	0.01127	0.09386	0.04449	0.01138	0.04332	0.04315	0.01450	0.00905	0.00521	0.00519	0.00165	0.00651	0.00488	0.00272	0.00625
25	0.01109	0.02410	0.65148	0.01575	0.08243	0.04078	0.03851	0.04865	0.01147	0.01661	0.00923	0.01091	0.00667	0.00483	0.00485	0.00158	0.00736	0.00388	0.00232	0.00749
26	0.04963	0.00995	0.01564	0.33833	0.12466	0.01101	0.06455	0.05240	0.01185	0.17099	0.03544	0.01440	0.00943	0.00564	0.00589	0.00166	0.06367	0.00478	0.00338	0.00672

[dist]
# distance from previous block
# <min> <max>
0	12

[block]
# block no. 1 follows, 49 sequences, length 9
# corresponding to MSA columns:
# 106-114
name=unknown_B
#
# <colnr> <probs for GDERKNQSTAVLIFYWHMCP>
#	G	D	E	R	K	N	Q	S	T	A	V	L	I	F	Y	W	H	M	C	P
0	0.16575	0.36815	0.13449	0.00972	0.01415	0.04512	0.02779	0.06491	0.01139	0.04871	0.02760	0.01015	0.00777	0.00481	0.00385	0.00132	0.00548	0.00335	0.00284	0.04266
1	0.20953	0.03185	0.04567	0.01163	0.04968	0.00973	0.15211	0.01723	0.03424	0.23998	0.03323	0.07941	0.05106	0.00653	0.00491	0.00163	0.00500	0.00569	0.00414	0.00674
2	0.04271	0.13465	0.07106	0.01010	0.02871	0.01062	0.06240	0.01323	0.03779	0.01596	0.06394	0.05254	0.01476	0.00749	0.00652	0.00163	0.12967	0.09096	0.19961	0.00565
3	0.00732	0.00495	0.00575	0.00568	0.00590	0.00488	0.00339	0.00777	0.00867	0.01179	0.16201	0.03398	0.02393	0.66868	0.02200	0.00428	0.00443	0.00769	0.00354	0.00339
4	0.01139	0.02385	0.64912	0.01452	0.02141	0.01230	0.06672	0.11015	0.01239	0.01800	0.00953	0.01105	0.00676	0.00493	0.00491	0.00160	0.00730	0.00398	0.00253	0.00757
5	0.01014	0.02616	0.79609	0.01441	0.02189	0.01174	0.01868	0.01601	0.01068	0.01601	0.00907	0.01068	0.00641	0.00480	0.00480	0.00160	0.00747	0.00374	0.00214	0.00747
6	0.01631	0.40964	0.02018	0.01092	0.01436	0.42571	0.00923	0.01776	0.01238	0.01215	0.00744	0.00863	0.00650	0.00479	0.00393	0.00120	0.00733	0.00299	0.00239	0.00616
7	0.00878	0.00439	0.00659	0.00659	0.00659	0.00439	0.00439	0.00659	0.00659	0.00878	0.00878	0.01537	0.00878	0.01757	0.01976	0.85288	0.00439	0.00439	0.00220	0.00220
8	0.01317	0.01497	0.02718	0.01980	0.02455	0.11095	0.63933	0.05477	0.01283	0.01651	0.01003	0.01300	0.00758	0.00447	0.00575	0.00165	0.00845	0.00556	0.00269	0.00679

[dist]
# distance from previous block
# <min> <max>
0	13

[block]
# block no. 2 follows, 49 sequences, length 24
# corresponding to MSA columns:
# 128-151
name=unknown_C
#
# <colnr> <probs for GDERKNQSTAVLIFYWHMCP>
#	G	D	E	R	K	N	Q	S	T	A	V	L	I	F	Y	W	H	M	C	P
0	0.00616	0.00440	0.00587	0.00704	0.00733	0.00411	0.00469	0.00704	0.00968	0.01291	0.02787	0.81899	0.03344	0.01584	0.00645	0.00205	0.00293	0.01438	0.00469	0.00411
1	0.01922	0.01416	0.01518	0.01163	0.01568	0.01568	0.00961	0.77388	0.02378	0.03187	0.01214	0.01214	0.00860	0.00607	0.00506	0.00152	0.00556	0.00455	0.00506	0.00860
2	0.01194	0.01364	0.02984	0.02131	0.02643	0.01279	0.77238	0.01620	0.01194	0.01620	0.01023	0.01364	0.00767	0.00426	0.00597	0.00171	0.00853	0.00597	0.00256	0.00682
3	0.00735	0.00490	0.00552	0.00552	0.00552	0.00490	0.00306	0.00735	0.00735	0.00980	0.01593	0.03309	0.01838	0.82229	0.02574	0.00490	0.00490	0.00735	0.00306	0.00306
4	0.00878	0.00439	0.00659	0.00659	0.00659	0.00439	0.00439	0.00659	0.00659	0.00878	0.00878	0.01537	0.00878	0.01757	0.01976	0.85288	0.00439	0.00439	0.00220	0.00220
5	0.00722	0.00542	0.00813	0.00813	0.00903	0.00632	0.00632	0.00903	0.00813	0.01174	0.01354	0.01987	0.01264	0.03792	0.80225	0.00813	0.01354	0.00542	0.00271	0.00451
6	0.01887	0.04997	0.01531	0.01203	0.01556	0.30467	0.00963	0.46697	0.01977	0.02392	0.01035	0.01087	0.00775	0.00569	0.00480	0.00142	0.00686	0.00400	0.00404	0.00751
7	0.01229	0.04584	0.42378	0.01304	0.04283	0.02722	0.03521	0.05144	0.15077	0.07604	0.01253	0.01325	0.00910	0.00538	0.00480	0.00157	0.00615	0.00434	0.05698	0.00746
8	0.03707	0.04065	0.27335	0.04324	0.18502	0.03161	0.05289	0.15296	0.04282	0.04313	0.01053	0.01210	0.00789	0.00516	0.00507	0.00155	0.02122	0.00427	0.02193	0.00753
9	0.01258	0.01086	0.01143	0.01029	0.01315	0.01258	0.00800	0.02687	0.78161	0.02115	0.02058	0.01887	0.01544	0.00686	0.00515	0.00172	0.00400	0.00572	0.00515	0.00800
10	0.01238	0.01201	0.02078	0.05434	0.68372	0.01207	0.07302	0.01585	0.03596	0.01653	0.00990	0.01283	0.00818	0.00458	0.00509	0.00153	0.00616	0.00466	0.00258	0.00784
11	0.03243	0.03734	0.05797	0.08488	0.09988	0.03592	0.26159	0.02948	0.01152	0.03977	0.06784	0.12611	0.02830	0.00699	0.00620	0.00170	0.05601	0.00662	0.00320	0.00625
12	0.01420	0.03061	0.01356	0.01488	0.22477	0.01010	0.00936	0.04089	0.21493	0.20594	0.08728	0.02033	0.07718	0.00677	0.00518	0.00159	0.00444	0.00582	0.00461	0.00754
13	0.00649	0.00469	0.00594	0.00670	0.00724	0.00438	0.00459	0.00750	0.01005	0.01327	0.08662	0.52035	0.12009	0.12242	0.00896	0.00237	0.00321	0.05651	0.00454	0.00407
14	0.38805	0.00956	0.01080	0.18270	0.01648	0.01051	0.00815	0.06528	0.01152	0.23533	0.01137	0.01211	0.00790	0.00529	0.00421	0.00159	0.00474	0.00389	0.00393	0.00657
15	0.03471	0.20208	0.01771	0.03673	0.20135	0.06582	0.05554	0.07836	0.01215	0.06596	0.01305	0.15502	0.01247	0.02100	0.00520	0.00157	0.00548	0.00588	0.00330	0.00662
16	0.00988	0.00579	0.00720	0.00659	0.00841	0.00510	0.00503	0.01171	0.01311	0.17511	0.34532	0.10491	0.26079	0.01073	0.00583	0.00166	0.00288	0.00923	0.00537	0.00534
17	0.00733	0.00513	0.00663	0.00637	0.00753	0.00478	0.00480	0.00966	0.01379	0.01974	0.67812	0.06299	0.04400	0.01033	0.00584	0.00160	0.00249	0.03643	0.06770	0.00474
18	0.10321	0.03634	0.04987	0.18221	0.19382	0.01143	0.06797	0.09308	0.03415	0.10454	0.02595	0.04076	0.00978	0.00557	0.00489	0.00158	0.00565	0.00486	0.01737	0.00696
19	0.01249	0.01248	0.02068	0.09553	0.33591	0.04410	0.20739	0.05808	0.05494	0.01668	0.01100	0.01373	0.02426	0.00523	0.00610	0.00163	0.06475	0.00502	0.00281	0.00718
20	0.00623	0.00454	0.00578	0.00670	0.00718	0.00419	0.00450	0.00716	0.00991	0.01304	0.05241	0.65813	0.12483	0.06069	0.00747	0.00216	0.00298	0.01338	0.00463	0.00409
21	0.00795	0.00697	0.01155	0.06444	0.05652	0.00680	0.13247	0.00997	0.01108	0.01497	0.15518	0.38226	0.08131	0.01128	0.00627	0.00184	0.01954	0.01042	0.00416	0.00503
22	0.03732	0.07104	0.18483	0.07704	0.17653	0.03078	0.07296	0.06010	0.01214	0.13200	0.02673	0.04029	0.00962	0.00564	0.00544	0.00158	0.04075	0.00476	0.00323	0.00721
23	0.01408	0.07236	0.41090	0.01302	0.01868	0.06746	0.06373	0.09055	0.01289	0.15314	0.01154	0.02972	0.00838	0.00539	0.00487	0.00155	0.00669	0.00433	0.00326	0.00749

[dist]
# distance from previous block
# <min> <max>
1	7

[block]
# block no. 3 follows, 49 sequences, length 23
# corresponding to MSA columns:
# 159-181
name=unknown_D
#
# <colnr> <probs for GDERKNQSTAVLIFYWHMCP>
#	G	D	E	R	K	N	Q	S	T	A	V	L	I	F	Y	W	H	M	C	P
0	0.09086	0.20497	0.12111	0.04906	0.09826	0.09164	0.01055	0.07909	0.05187	0.08352	0.02276	0.01202	0.00864	0.02165	0.00497	0.00150	0.01881	0.00392	0.00316	0.02164
1	0.10112	0.24649	0.08352	0.01064	0.03702	0.09691	0.00927	0.09272	0.13787	0.04459	0.01082	0.01184	0.00864	0.02515	0.00504	0.00148	0.02749	0.00384	0.00329	0.04224
2	0.00719	0.00499	0.00604	0.00617	0.00647	0.00507	0.00394	0.00770	0.00802	0.01075	0.01871	0.09640	0.05991	0.55838	0.15197	0.00496	0.00605	0.03052	0.00327	0.00350
3	0.01217	0.01162	0.01695	0.30032	0.15795	0.06375	0.08358	0.09746	0.02766	0.01612	0.00969	0.01296	0.00769	0.00616	0.02073	0.00178	0.11414	0.00460	0.02819	0.00648
4	0.00649	0.00514	0.00584	0.00567	0.00715	0.00449	0.00425	0.00826	0.01275	0.01656	0.37387	0.04390	0.46424	0.01173	0.00597	0.00166	0.00248	0.01000	0.00508	0.00449
5	0.02269	0.00861	0.01174	0.00900	0.01291	0.00743	0.00743	0.02464	0.01447	0.79425	0.01995	0.01721	0.01252	0.00626	0.00509	0.00156	0.00430	0.00509	0.00626	0.00861
6	0.00616	0.00440	0.00587	0.00704	0.00733	0.00411	0.00469	0.00704	0.00968	0.01291	0.02787	0.81899	0.03344	0.01584	0.00645	0.00205	0.00293	0.01438	0.00469	0.00411
7	0.00616	0.00440	0.00587	0.00704	0.00733	0.00411	0.00469	0.00704	0.00968	0.01291	0.02787	0.81899	0.03344	0.01584	0.00645	0.00205	0.00293	0.01438	0.00469	0.00411
8	0.01922	0.01416	0.01518	0.01163	0.01568	0.01568	0.00961	0.77388	0.02378	0.03187	0.01214	0.01214	0.00860	0.00607	0.00506	0.00152	0.00556	0.00455	0.00506	0.00860
9	0.01462	0.00674	0.00787	0.00668	0.00899	0.00646	0.00531	0.07453	0.01291	0.27939	0.01732	0.01779	0.01248	0.00603	0.00417	0.00133	0.00325	0.00483	0.50300	0.00631
10	0.01049	0.00899	0.01049	0.00749	0.01198	0.00674	0.00599	0.01273	0.01049	0.01648	0.00899	0.01049	0.00749	0.00374	0.00374	0.00075	0.00374	0.00300	0.00300	0.85320
11	0.01922	0.01416	0.01518	0.01163	0.01568	0.01568	0.00961	0.77388	0.02378	0.03187	0.01214	0.01214	0.00860	0.00607	0.00506	0.00152	0.00556	0.00455	0.00506	0.00860
12	0.01067	0.00557	0.00749	0.00754	0.00885	0.00503	0.00544	0.01191	0.01116	0.22473	0.05591	0.57090	0.02835	0.01303	0.00606	0.00190	0.00328	0.01165	0.00515	0.00535
13	0.00721	0.00526	0.00744	0.00749	0.00816	0.00591	0.00552	0.00857	0.00801	0.01134	0.01464	0.05364	0.01475	0.21602	0.59446	0.00716	0.01116	0.00620	0.00287	0.00417
14	0.05461	0.03039	0.06551	0.02376	0.50534	0.01202	0.03200	0.04201	0.02743	0.08015	0.01031	0.01250	0.00820	0.00500	0.00553	0.00154	0.05188	0.00441	0.00294	0.02446
15	0.01248	0.19307	0.01609	0.01085	0.01308	0.05076	0.00910	0.03653	0.27260	0.01571	0.01343	0.01449	0.04070	0.00709	0.00847	0.00171	0.26914	0.00468	0.00339	0.00663
16	0.00662	0.00515	0.00601	0.00579	0.00722	0.00454	0.00435	0.00849	0.01304	0.01724	0.45016	0.04277	0.38752	0.01147	0.00597	0.00164	0.00247	0.00985	0.00517	0.00454
17	0.01266	0.01134	0.01695	0.12038	0.40828	0.05857	0.04169	0.06416	0.01274	0.05847	0.10895	0.01610	0.01319	0.00645	0.02686	0.00172	0.00601	0.00513	0.00324	0.00710
18	0.01523	0.19387	0.17522	0.03716	0.05365	0.15822	0.08317	0.09945	0.01327	0.10978	0.01017	0.01123	0.00762	0.00503	0.00461	0.00143	0.00675	0.00394	0.00310	0.00713
19	0.00711	0.00888	0.14803	0.00729	0.00980	0.00576	0.00685	0.00955	0.01216	0.01614	0.27615	0.08068	0.37132	0.01075	0.00579	0.00167	0.00341	0.00914	0.00451	0.00500
20	0.01353	0.01341	0.01399	0.01218	0.01327	0.20617	0.00983	0.01487	0.01032	0.07888	0.05304	0.01311	0.00977	0.00939	0.05421	0.00222	0.45865	0.00452	0.00287	0.00577
21	0.01448	0.31911	0.14851	0.01396	0.12953	0.13449	0.02930	0.04357	0.01200	0.07851	0.00921	0.01041	0.00732	0.00477	0.00425	0.00132	0.00635	0.00357	0.00274	0.02660
22	0.01519	0.09005	0.03312	0.01566	0.10701	0.36526	0.11527	0.01849	0.08887	0.01427	0.00946	0.01123	0.00774	0.00541	0.00587	0.00149	0.08226	0.00409	0.00275	0.00651

[dist]
# distance from previous block
# <min> <max>
1	25

[block]
# block no. 4 follows, 49 sequences, length 25
# corresponding to MSA columns:
# 207-231
name=unknown_E
#
# <colnr> <probs for GDERKNQSTAVLIFYWHMCP>
#	G	D	E	R	K	N	Q	S	T	A	V	L	I	F	Y	W	H	M	C	P
0	0.01176	0.01111	0.01323	0.07222	0.12887	0.11182	0.03460	0.04408	0.11182	0.02881	0.03157	0.02438	0.07548	0.05386	0.00799	0.00195	0.10386	0.12294	0.00357	0.00609
1	0.00606	0.00480	0.00545	0.00597	0.00705	0.00420	0.00422	0.00716	0.01071	0.01333	0.04086	0.39050	0.45355	0.01415	0.00619	0.00186	0.00273	0.01232	0.00469	0.00420
2	0.00735	0.00490	0.00552	0.00552	0.00552	0.00490	0.00306	0.00735	0.00735	0.00980	0.01593	0.03309	0.01838	0.82229	0.02574	0.00490	0.00490	0.00735	0.00306	0.00306
3	0.01014	0.02616	0.79609	0.01441	0.02189	0.01174	0.01868	0.01601	0.01068	0.01601	0.00907	0.01068	0.00641	0.00480	0.00480	0.00160	0.00747	0.00374	0.00214	0.00747
4	0.00729	0.00514	0.00674	0.00674	0.00716	0.00557	0.00459	0.00814	0.00772	0.01071	0.01481	0.02689	0.01569	0.45437	0.38997	0.00641	0.00896	0.00645	0.00290	0.00374
5	0.01352	0.82533	0.02650	0.00865	0.01298	0.02001	0.00865	0.01514	0.01027	0.01190	0.00703	0.00811	0.00649	0.00433	0.00324	0.00108	0.00541	0.00270	0.00216	0.00649
6	0.01141	0.01725	0.29024	0.03721	0.23824	0.01205	0.25402	0.01603	0.02721	0.01627	0.00979	0.01234	0.00747	0.00458	0.00522	0.00159	0.00723	0.00469	0.00245	0.02470
7	0.00955	0.00899	0.01517	0.81013	0.03483	0.01123	0.01404	0.01292	0.01011	0.01292	0.00899	0.01348	0.00674	0.00506	0.00506	0.00169	0.00674	0.00449	0.00225	0.00562
8	0.00735	0.00490	0.00552	0.00552	0.00552	0.00490	0.00306	0.00735	0.00735	0.00980	0.01593	0.03309	0.01838	0.82229	0.02574	0.00490	0.00490	0.00735	0.00306	0.00306
9	0.05023	0.01404	0.18336	0.01135	0.01608	0.01080	0.04985	0.19385	0.03222	0.36412	0.01482	0.01414	0.00984	0.00575	0.00499	0.00157	0.00548	0.00464	0.00475	0.00813
10	0.01910	0.00969	0.01278	0.01163	0.09802	0.00934	0.00845	0.17415	0.01571	0.46181	0.06017	0.01696	0.01323	0.00721	0.02934	0.00174	0.00486	0.00514	0.03258	0.00807
11	0.00746	0.00565	0.00786	0.00770	0.00847	0.00644	0.00582	0.00894	0.00855	0.01217	0.05694	0.02396	0.05858	0.15694	0.52672	0.00640	0.06077	0.00614	0.02014	0.00435
12	0.81039	0.00991	0.00817	0.00802	0.05376	0.01138	0.00604	0.01490	0.00877	0.02234	0.00718	0.00846	0.00562	0.00468	0.00324	0.00156	0.00403	0.00284	0.00309	0.00562
13	0.01365	0.25585	0.15520	0.01241	0.07045	0.07246	0.01098	0.09050	0.19642	0.03126	0.01157	0.01216	0.00904	0.00544	0.00483	0.00146	0.03170	0.00405	0.00328	0.00729
14	0.01465	0.52383	0.02211	0.03398	0.03630	0.16096	0.00934	0.01628	0.01107	0.05386	0.00796	0.00930	0.00688	0.00498	0.00475	0.00127	0.07042	0.00317	0.00248	0.00643
15	0.00735	0.00490	0.00552	0.00552	0.00552	0.00490	0.00306	0.00735	0.00735	0.00980	0.01593	0.03309	0.01838	0.82229	0.02574	0.00490	0.00490	0.00735	0.00306	0.00306
16	0.00887	0.00791	0.01300	0.05761	0.05697	0.00817	0.13866	0.01152	0.01274	0.01800	0.47501	0.02771	0.03147	0.00849	0.00709	0.00168	0.09783	0.00752	0.00430	0.00544
17	0.01037	0.01009	0.01618	0.01404	0.05902	0.01213	0.15939	0.01199	0.00876	0.01273	0.01003	0.03348	0.01004	0.17635	0.03267	0.00275	0.40652	0.00557	0.00254	0.00537
18	0.00724	0.00536	0.00784	0.00784	0.00865	0.00617	0.00596	0.00885	0.00804	0.01153	0.01381	0.02131	0.01327	0.12372	0.71732	0.00777	0.01260	0.00563	0.00275	0.00436
19	0.01367	0.76990	0.04585	0.00899	0.01332	0.05374	0.00896	0.01538	0.01046	0.01202	0.00712	0.00822	0.00649	0.00438	0.00334	0.00110	0.00562	0.00275	0.00218	0.00649
20	0.00707	0.00508	0.00678	0.00695	0.00748	0.00544	0.00486	0.00810	0.00820	0.01130	0.01781	0.13646	0.04714	0.30917	0.38897	0.00591	0.00862	0.00754	0.00318	0.00394
21	0.01858	0.02261	0.01473	0.01387	0.05694	0.69324	0.01006	0.08383	0.01498	0.01425	0.00827	0.00956	0.00677	0.00525	0.00463	0.00133	0.00865	0.00343	0.00281	0.00621
22	0.01109	0.05768	0.15279	0.18712	0.13472	0.02785	0.01117	0.04166	0.01127	0.04042	0.01229	0.05550	0.01006	0.00573	0.00458	0.00148	0.00531	0.00482	0.21821	0.00626
23	0.11212	0.00758	0.00929	0.00763	0.01063	0.00690	0.00615	0.01807	0.01326	0.44627	0.14405	0.02502	0.15590	0.00789	0.00516	0.00159	0.00365	0.00645	0.00552	0.00688
24	0.12704	0.23425	0.07778	0.00857	0.01171	0.06968	0.00774	0.03675	0.09740	0.01624	0.03687	0.01598	0.05203	0.05739	0.04633	0.00194	0.00533	0.00447	0.08653	0.00596

[dist]
# distance from previous block
# <min> <max>
0	2

[block]
# block no. 5 follows, 49 sequences, length 39
# corresponding to MSA columns:
# 234-272
name=unknown_F
#
# <colnr> <probs for GDERKNQSTAVLIFYWHMCP>
#	G	D	E	R	K	N	Q	S	T	A	V	L	I	F	Y	W	H	M	C	P
0	0.01339	0.08984	0.12951	0.00933	0.01372	0.00977	0.00873	0.08509	0.04947	0.15396	0.01437	0.03720	0.04518	0.00571	0.00452	0.00128	0.00468	0.01908	0.00381	0.30137
1	0.19198	0.34201	0.12145	0.01012	0.01412	0.20066	0.00963	0.01632	0.01087	0.01483	0.00748	0.00877	0.00627	0.00477	0.00402	0.00133	0.02363	0.00301	0.00247	0.00624
2	0.00811	0.00684	0.00860	0.00850	0.00953	0.06671	0.00658	0.00988	0.00860	0.01179	0.01311	0.01905	0.01218	0.03544	0.74171	0.00761	0.01321	0.00525	0.00270	0.00462
3	0.00651	0.00464	0.00623	0.00737	0.00780	0.00440	0.00521	0.00760	0.00994	0.01319	0.02742	0.67841	0.03240	0.03412	0.00698	0.00216	0.00326	0.13353	0.00465	0.00417
4	0.01204	0.18901	0.09255	0.03985	0.32065	0.06897	0.04643	0.01472	0.01130	0.01486	0.04747	0.05638	0.03419	0.00578	0.00504	0.00148	0.02478	0.00495	0.00272	0.00683
5	0.01324	0.08354	0.44348	0.01430	0.05267	0.03590	0.08837	0.04161	0.02558	0.13763	0.01100	0.01201	0.00779	0.00502	0.00485	0.00155	0.00678	0.00416	0.00300	0.00753
6	0.00855	0.00700	0.00956	0.00878	0.00915	0.00847	0.02403	0.00950	0.00801	0.01162	0.01327	0.06880	0.01412	0.31913	0.17915	0.00436	0.24664	0.00635	0.03918	0.00431
7	0.01354	0.01119	0.04070	0.12871	0.11191	0.03291	0.04396	0.07376	0.01125	0.13962	0.01038	0.01309	0.00817	0.00769	0.02231	0.05173	0.26483	0.00459	0.00315	0.00649
8	0.04940	0.04337	0.18571	0.03199	0.16786	0.10877	0.13620	0.03176	0.01129	0.04000	0.00905	0.01148	0.00718	0.00542	0.00682	0.00164	0.13832	0.00430	0.00258	0.00687
9	0.01316	0.01210	0.03701	0.06340	0.08775	0.01211	0.29818	0.17437	0.06417	0.04116	0.01228	0.03186	0.00956	0.00685	0.04000	0.00190	0.02359	0.00541	0.05809	0.00705
10	0.00730	0.00511	0.00659	0.00659	0.00696	0.00548	0.00440	0.00804	0.00767	0.01060	0.01495	0.02766	0.01603	0.50040	0.34440	0.00623	0.00845	0.00656	0.00292	0.00366
11	0.01381	0.74802	0.04679	0.00907	0.01341	0.05165	0.00900	0.03652	0.01083	0.01259	0.00726	0.00834	0.00655	0.00442	0.00339	0.00112	0.00562	0.00281	0.00226	0.00655
12	0.00619	0.00450	0.00580	0.00680	0.00725	0.00416	0.00457	0.00712	0.00991	0.01307	0.04580	0.70637	0.10984	0.03426	0.00685	0.00208	0.00293	0.01373	0.00467	0.00411
13	0.00616	0.00513	0.00538	0.00532	0.00694	0.00435	0.00399	0.00761	0.01196	0.01469	0.16613	0.04697	0.67314	0.01242	0.00597	0.00169	0.00253	0.01043	0.00483	0.00435
14	0.00616	0.00507	0.00542	0.00546	0.00698	0.00433	0.00405	0.00758	0.01179	0.01457	0.15779	0.10833	0.61960	0.01268	0.00601	0.00172	0.00257	0.01074	0.00482	0.00433
15	0.02020	0.00802	0.01090	0.00863	0.01206	0.00698	0.00701	0.02213	0.01415	0.67318	0.09104	0.07035	0.01709	0.00725	0.00525	0.00160	0.00404	0.00605	0.00610	0.00797
16	0.01352	0.82533	0.02650	0.00865	0.01298	0.02001	0.00865	0.01514	0.01027	0.01190	0.00703	0.00811	0.00649	0.00433	0.00324	0.00108	0.00541	0.00270	0.00216	0.00649
17	0.01049	0.00899	0.01049	0.00749	0.01198	0.00674	0.00599	0.01273	0.01049	0.01648	0.00899	0.01049	0.00749	0.00374	0.00374	0.00075	0.00374	0.00300	0.00300	0.85320
18	0.01049	0.00899	0.01049	0.00749	0.01198	0.00674	0.00599	0.01273	0.01049	0.01648	0.00899	0.01049	0.00749	0.00374	0.00374	0.00075	0.00374	0.00300	0.00300	0.85320
19	0.00735	0.00490	0.00552	0.00552	0.00552	0.00490	0.00306	0.00735	0.00735	0.00980	0.01593	0.03309	0.01838	0.82229	0.02574	0.00490	0.00490	0.00735	0.00306	0.00306
20	0.00616	0.00440	0.00587	0.00704	0.00733	0.00411	0.00469	0.00704	0.00968	0.01291	0.02787	0.81899	0.03344	0.01584	0.00645	0.00205	0.00293	0.01438	0.00469	0.00411
21	0.01937	0.01393	0.01503	0.01152	0.01556	0.01533	0.00952	0.74173	0.02338	0.06458	0.01248	0.01236	0.00877	0.00608	0.00506	0.00152	0.00551	0.00458	0.00511	0.00860
22	0.01045	0.02195	0.56491	0.01616	0.04556	0.01166	0.18871	0.01565	0.01094	0.01594	0.01016	0.04631	0.00791	0.00515	0.00515	0.00164	0.00747	0.00472	0.00235	0.00720
23	0.01014	0.02616	0.79609	0.01441	0.02189	0.01174	0.01868	0.01601	0.01068	0.01601	0.00907	0.01068	0.00641	0.00480	0.00480	0.00160	0.00747	0.00374	0.00214	0.00747
24	0.00943	0.00471	0.00471	0.00471	0.00589	0.00471	0.00353	0.01178	0.01060	0.01885	0.01650	0.01885	0.01296	0.00589	0.00353	0.00118	0.00236	0.00471	0.85036	0.00471
25	0.00624	0.00516	0.00553	0.00574	0.00729	0.00444	0.00441	0.00762	0.01142	0.01379	0.04684	0.09889	0.65066	0.01314	0.00613	0.00180	0.00283	0.09907	0.00469	0.00430
26	0.03266	0.01536	0.27087	0.09718	0.01843	0.01122	0.02895	0.07143	0.20912	0.13075	0.05232	0.01546	0.01183	0.00591	0.00502	0.00163	0.00561	0.00487	0.00391	0.00746
27	0.01306	0.01304	0.02000	0.02950	0.72476	0.07926	0.01503	0.01592	0.01175	0.01617	0.00937	0.01223	0.00788	0.00457	0.00497	0.00148	0.00627	0.00440	0.00251	0.00783
28	0.00891	0.00700	0.00816	0.00823	0.01000	0.00714	0.00668	0.06117	0.15666	0.01685	0.04468	0.09015	0.24916	0.01184	0.00617	0.00195	0.00383	0.29120	0.00480	0.00539
29	0.28527	0.01008	0.00977	0.00812	0.01098	0.01119	0.00653	0.31369	0.01496	0.02465	0.01171	0.01370	0.00918	0.05776	0.00543	0.00167	0.00429	0.00419	0.19044	0.00639
30	0.01094	0.01293	0.19382	0.04399	0.23336	0.00943	0.05830	0.01451	0.02928	0.07990	0.12623	0.05492	0.09664	0.00696	0.00533	0.00161	0.00533	0.00622	0.00354	0.00676
31	0.00605	0.00513	0.00523	0.00520	0.00688	0.00430	0.00390	0.00741	0.01171	0.01409	0.09951	0.04795	0.74013	0.01264	0.00598	0.00170	0.00255	0.01057	0.00475	0.00430
32	0.00648	0.00517	0.00582	0.00574	0.00725	0.00451	0.00436	0.00819	0.01248	0.01599	0.30131	0.04535	0.50004	0.01202	0.00602	0.00170	0.00260	0.04551	0.00499	0.00446
33	0.02671	0.01283	0.10780	0.10570	0.26878	0.05094	0.01205	0.06292	0.13569	0.03411	0.03228	0.07757	0.03778	0.00644	0.00513	0.00161	0.00556	0.00561	0.00342	0.00707
34	0.01284	0.01287	0.01668	0.20452	0.37108	0.14229	0.01285	0.05471	0.02910	0.01567	0.03036	0.01398	0.00922	0.04552	0.00600	0.00169	0.00647	0.00459	0.00276	0.00680
35	0.00615	0.00470	0.00567	0.00642	0.00724	0.00421	0.00449	0.00721	0.01039	0.01324	0.03617	0.52297	0.30270	0.01471	0.00630	0.00194	0.00285	0.03377	0.00469	0.00418
36	0.01335	0.01098	0.01956	0.01649	0.10121	0.01063	0.32966	0.05921	0.08779	0.14498	0.03143	0.12331	0.01361	0.00665	0.00565	0.00170	0.00608	0.00676	0.00390	0.00705
37	0.01208	0.01156	0.01880	0.23597	0.54936	0.03038	0.01482	0.03790	0.01158	0.01594	0.00941	0.01268	0.00766	0.00471	0.00501	0.00155	0.00626	0.00447	0.00252	0.00735
38	0.01314	0.08077	0.04117	0.01238	0.04094	0.09263	0.12184	0.12266	0.04600	0.01745	0.01033	0.01222	0.01875	0.01783	0.00603	0.00139	0.08258	0.00416	0.00311	0.25461

[dist]
# distance from previous block
# <min> <max>
0	2

[block]
# block no. 6 follows, 49 sequences, length 15
# corresponding to MSA columns:
# 275-289
name=unknown_G
#
# <colnr> <probs for GDERKNQSTAVLIFYWHMCP>
#	G	D	E	R	K	N	Q	S	T	A	V	L	I	F	Y	W	H	M	C	P
0	0.02718	0.39427	0.12758	0.01172	0.04869	0.09008	0.04108	0.08560	0.03909	0.04248	0.02256	0.01062	0.00801	0.00502	0.00445	0.00134	0.02690	0.00362	0.00282	0.00689
1	0.11326	0.00984	0.01030	0.00850	0.01147	0.03046	0.00685	0.23391	0.08494	0.18053	0.01501	0.01513	0.01082	0.00595	0.00441	0.00145	0.00417	0.00457	0.24140	0.00703
2	0.01195	0.01135	0.01929	0.07099	0.69045	0.01154	0.01474	0.01488	0.01118	0.01596	0.00979	0.01313	0.00830	0.00709	0.06603	0.00202	0.00662	0.00457	0.00251	0.00761
3	0.00693	0.00556	0.00627	0.00632	0.00773	0.00518	0.00464	0.00967	0.08912	0.01568	0.20145	0.20680	0.39157	0.01232	0.00599	0.00176	0.00275	0.01063	0.00493	0.00472
4	0.00647	0.00509	0.00584	0.00576	0.00716	0.00446	0.00428	0.00818	0.01254	0.01632	0.35151	0.09655	0.43381	0.01200	0.00600	0.00168	0.00251	0.01030	0.00505	0.00446
5	0.00670	0.00471	0.00589	0.00661	0.00694	0.00451	0.00437	0.00742	0.00914	0.01207	0.02490	0.46024	0.06409	0.28613	0.01294	0.00301	0.00371	0.06866	0.00414	0.00381
6	0.01097	0.00788	0.00629	0.00607	0.00748	0.13511	0.00455	0.01316	0.01121	0.01779	0.01508	0.01726	0.01191	0.00578	0.00370	0.00120	0.00346	0.00447	0.71171	0.00490
7	0.01814	0.01362	0.01456	0.01141	0.01527	0.01517	0.00935	0.65171	0.14772	0.03012	0.01352	0.01324	0.00972	0.00620	0.00507	0.00155	0.00531	0.00474	0.00507	0.00850
8	0.85801	0.00978	0.00743	0.00665	0.00978	0.01134	0.00548	0.01486	0.00861	0.02269	0.00704	0.00821	0.00548	0.00469	0.00313	0.00156	0.00391	0.00274	0.00313	0.00548
9	0.01267	0.01338	0.24313	0.05421	0.03244	0.00876	0.07927	0.01599	0.01198	0.22371	0.06095	0.02107	0.13871	0.00864	0.05060	0.00199	0.00592	0.00587	0.00393	0.00679
10	0.00876	0.00585	0.00741	0.00686	0.00839	0.00553	0.00520	0.01190	0.07268	0.08436	0.59148	0.07692	0.07465	0.01014	0.00585	0.00163	0.00271	0.00889	0.00551	0.00528
11	0.00820	0.00683	0.01076	0.00899	0.01091	0.00645	0.13047	0.01146	0.05053	0.01965	0.62425	0.03292	0.03962	0.00918	0.00593	0.00162	0.00347	0.00846	0.00505	0.00526
12	0.01188	0.01896	0.40848	0.03960	0.17081	0.01177	0.13946	0.01637	0.01120	0.07547	0.01008	0.01211	0.00741	0.00494	0.00554	0.00162	0.03987	0.00440	0.00260	0.00743
13	0.01255	0.18393	0.13839	0.01001	0.01489	0.01200	0.03789	0.13837	0.01270	0.01795	0.00915	0.01041	0.00730	0.00443	0.00410	0.00111	0.00515	0.00342	0.00301	0.37323
14	0.00835	0.00439	0.00647	0.00666	0.00671	0.00435	0.00444	0.00666	0.00709	0.00946	0.01191	0.14680	0.01282	0.01728	0.01759	0.71373	0.00415	0.00602	0.00260	0.00251

[dist]
# distance from previous block
# <min> <max>
5	7

[block]
# block no. 7 follows, 49 sequences, length 30
# corresponding to MSA columns:
# 297-326
name=unknown_H
#
# <colnr> <probs for GDERKNQSTAVLIFYWHMCP>
#	G	D	E	R	K	N	Q	S	T	A	V	L	I	F	Y	W	H	M	C	P
0	0.00674	0.00487	0.00637	0.00659	0.00745	0.00450	0.00472	0.00851	0.01243	0.01722	0.47161	0.34239	0.06260	0.01255	0.00616	0.00177	0.00260	0.01122	0.00520	0.00450
1	0.01249	0.07332	0.09485	0.02996	0.17670	0.02640	0.01117	0.16309	0.04874	0.01783	0.01276	0.11292	0.02278	0.02050	0.00749	0.00175	0.15145	0.00569	0.00332	0.00681
2	0.01053	0.01181	0.11400	0.05788	0.41763	0.01000	0.04160	0.01358	0.01126	0.01577	0.03998	0.10854	0.04274	0.00719	0.00543	0.00168	0.00561	0.07490	0.00307	0.00680
3	0.01065	0.00590	0.00602	0.00558	0.00712	0.00609	0.00430	0.10725	0.01225	0.02048	0.01595	0.01801	0.01241	0.00591	0.00373	0.00122	0.00276	0.00469	0.74447	0.00520
4	0.05056	0.04217	0.09137	0.05059	0.15645	0.17794	0.06175	0.19449	0.01486	0.07424	0.01079	0.03278	0.00843	0.00548	0.00488	0.00150	0.00659	0.00445	0.00342	0.00725
5	0.00733	0.00500	0.00601	0.00601	0.00618	0.00517	0.00368	0.00767	0.00750	0.01017	0.01548	0.03060	0.01730	0.67456	0.17198	0.00551	0.00653	0.00699	0.00300	0.00334
6	0.01049	0.01326	0.15845	0.38491	0.12381	0.01208	0.10894	0.01413	0.01036	0.01425	0.00897	0.01261	0.00694	0.00525	0.00637	0.00171	0.09424	0.00453	0.00229	0.00639
7	0.01049	0.00899	0.01049	0.00749	0.01198	0.00674	0.00599	0.01273	0.01049	0.01648	0.00899	0.01049	0.00749	0.00374	0.00374	0.00075	0.00374	0.00300	0.00300	0.85320
8	0.03951	0.03777	0.48786	0.01547	0.02176	0.01211	0.21489	0.01684	0.05391	0.03734	0.01020	0.01195	0.00737	0.00480	0.00505	0.00162	0.00731	0.00441	0.00256	0.00727
9	0.01106	0.01106	0.01549	0.01328	0.01328	0.01549	0.01106	0.01217	0.00774	0.01217	0.00664	0.01106	0.00664	0.00885	0.01659	0.00221	0.81303	0.00443	0.00221	0.00553
10	0.01067	0.07972	0.64564	0.01610	0.11759	0.01235	0.01759	0.01589	0.01075	0.01579	0.00899	0.01073	0.00661	0.00473	0.00472	0.00155	0.00715	0.00376	0.00218	0.00747
11	0.01072	0.01088	0.01506	0.71028	0.03242	0.11029	0.01351	0.01383	0.01064	0.01285	0.00884	0.01294	0.00671	0.00508	0.00499	0.00164	0.00704	0.00434	0.00229	0.00565
12	0.01889	0.02410	0.01433	0.01303	0.01563	0.80199	0.00977	0.02019	0.01433	0.01238	0.00782	0.00912	0.00651	0.00521	0.00456	0.00130	0.00912	0.00326	0.00261	0.00586
13	0.00616	0.00440	0.00587	0.00704	0.00733	0.00411	0.00469	0.00704	0.00968	0.01291	0.02787	0.81899	0.03344	0.01584	0.00645	0.00205	0.00293	0.01438	0.00469	0.00411
14	0.82665	0.00974	0.00759	0.00674	0.00990	0.01120	0.00555	0.01523	0.00883	0.05165	0.00753	0.00855	0.00574	0.00475	0.00320	0.00156	0.00393	0.00283	0.00325	0.00559
15	0.01889	0.02410	0.01433	0.01303	0.01563	0.80199	0.00977	0.02019	0.01433	0.01238	0.00782	0.00912	0.00651	0.00521	0.00456	0.00130	0.00912	0.00326	0.00261	0.00586
16	0.01053	0.02480	0.71360	0.01510	0.03765	0.01191	0.06467	0.03509	0.01110	0.01643	0.00923	0.01093	0.00657	0.00480	0.00489	0.00160	0.00746	0.00391	0.00224	0.00747
17	0.00735	0.00490	0.00552	0.00552	0.00552	0.00490	0.00306	0.00735	0.00735	0.00980	0.01593	0.03309	0.01838	0.82229	0.02574	0.00490	0.00490	0.00735	0.00306	0.00306
18	0.06830	0.00687	0.00905	0.14057	0.01318	0.00701	0.00682	0.03390	0.01322	0.14132	0.40183	0.02628	0.02865	0.00796	0.00526	0.00157	0.00360	0.00682	0.07214	0.00566
19	0.01827	0.01325	0.01416	0.01096	0.01473	0.01462	0.00902	0.70005	0.02250	0.03061	0.01256	0.01279	0.00902	0.00605	0.00491	0.00148	0.00525	0.00457	0.08695	0.00822
20	0.00725	0.00533	0.00767	0.00767	0.00841	0.00607	0.00575	0.00873	0.00799	0.01140	0.01397	0.02220	0.01366	0.17644	0.66512	0.00756	0.01202	0.00576	0.00277	0.00426
21	0.02259	0.00876	0.01183	0.00907	0.01299	0.00767	0.00749	0.04604	0.01474	0.77248	0.01973	0.01707	0.01241	0.00625	0.00508	0.00156	0.00434	0.00507	0.00622	0.00861
22	0.01889	0.02410	0.01433	0.01303	0.01563	0.80199	0.00977	0.02019	0.01433	0.01238	0.00782	0.00912	0.00651	0.00521	0.00456	0.00130	0.00912	0.00326	0.00261	0.00586
23	0.00735	0.00490	0.00552	0.00552	0.00552	0.00490	0.00306	0.00735	0.00735	0.00980	0.01593	0.03309	0.01838	0.82229	0.02574	0.00490	0.00490	0.00735	0.00306	0.00306
24	0.01574	0.46765	0.02147	0.01082	0.01444	0.34860	0.02870	0.01729	0.01202	0.01221	0.00744	0.00868	0.00653	0.00470	0.00387	0.00119	0.00705	0.00302	0.00236	0.00623
25	0.00629	0.00449	0.00583	0.00682	0.00716	0.00420	0.00452	0.00714	0.00965	0.01284	0.04746	0.70129	0.05771	0.08895	0.00818	0.00229	0.00309	0.01348	0.00457	0.00404
26	0.01419	0.72496	0.02497	0.00920	0.01331	0.11797	0.00879	0.01577	0.01078	0.01196	0.00713	0.00824	0.00649	0.00444	0.00341	0.00111	0.00587	0.00277	0.00222	0.00641
27	0.04284	0.09125	0.12768	0.01532	0.13980	0.13053	0.03261	0.20296	0.03480	0.01897	0.00949	0.01113	0.00750	0.00563	0.00618	0.00155	0.10738	0.00406	0.00312	0.00720
28	0.00704	0.00529	0.00720	0.00719	0.00815	0.00567	0.00543	0.00861	0.00920	0.01263	0.08651	0.02851	0.14651	0.12278	0.49406	0.00600	0.00956	0.02195	0.00337	0.00433
29	0.00630	0.00503	0.00566	0.00596	0.00720	0.00445	0.00429	0.00786	0.02792	0.01429	0.12099	0.28396	0.46146	0.01335	0.00610	0.00180	0.00269	0.01154	0.00480	0.00435

[dist]
# distance from previous block
# <min> <max>
0	18

# created by:
# /st0/software/busco_prod/Augustus/scripts/msa2prfl.pl ./align_prep/58705.fa
