[name]
unknown

[dist]
# distance from previous block
# <min> <max>
0	1

[block]
# block no. 0 follows, 52 sequences, length 35
# corresponding to MSA columns:
# 1-35
name=unknown_A
#
# <colnr> <probs for GDERKNQSTAVLIFYWHMCP>
#	G	D	E	R	K	N	Q	S	T	A	V	L	I	F	Y	W	H	M	C	P
0	0.01716	0.01144	0.03374	0.01032	0.01381	0.01171	0.00877	0.47568	0.01866	0.19092	0.01543	0.01966	0.01219	0.00706	0.00515	0.00159	0.00498	0.12916	0.00495	0.00760
1	0.01157	0.09185	0.39860	0.01176	0.01688	0.01257	0.01284	0.08759	0.27193	0.01800	0.01247	0.01276	0.00922	0.00533	0.00460	0.00152	0.00571	0.00420	0.00326	0.00734
2	0.01380	0.00920	0.04559	0.00842	0.01191	0.00790	0.00699	0.04683	0.15369	0.26180	0.01750	0.08383	0.05031	0.00640	0.00465	0.00134	0.00391	0.00533	0.00447	0.25614
3	0.00879	0.00978	0.10700	0.01609	0.26521	0.00794	0.07292	0.01115	0.01023	0.01425	0.03393	0.38411	0.01940	0.00941	0.00550	0.00171	0.00470	0.00876	0.00338	0.00575
4	0.01006	0.11067	0.72199	0.01323	0.02007	0.01209	0.01689	0.01526	0.01019	0.01493	0.00849	0.00997	0.00615	0.00456	0.00445	0.00148	0.00695	0.00348	0.00205	0.00706
5	0.00966	0.00909	0.01790	0.01408	0.01698	0.00852	0.40412	0.01235	0.01079	0.04981	0.01758	0.29227	0.01803	0.00888	0.00594	0.00180	0.00579	0.08737	0.00351	0.00552
6	0.01121	0.01268	0.02748	0.04929	0.02515	0.01198	0.73355	0.01518	0.01132	0.01533	0.01020	0.03417	0.00796	0.00440	0.00570	0.00164	0.00797	0.00588	0.00249	0.00643
7	0.01568	0.11494	0.04366	0.01063	0.05065	0.06688	0.00850	0.05646	0.30505	0.25249	0.01577	0.01478	0.01132	0.00577	0.00462	0.00147	0.00472	0.00459	0.00449	0.00752
8	0.01188	0.56350	0.28506	0.01013	0.01528	0.01654	0.01150	0.01479	0.00997	0.01272	0.00739	0.00859	0.00619	0.00430	0.00361	0.00120	0.00584	0.00292	0.00206	0.00653
9	0.00972	0.02507	0.80458	0.01381	0.02097	0.01125	0.01790	0.01535	0.01023	0.01535	0.00870	0.01023	0.00614	0.00460	0.00460	0.00153	0.00716	0.00358	0.00205	0.00716
10	0.00897	0.00786	0.01264	0.63579	0.02759	0.00937	0.01144	0.01175	0.00999	0.04098	0.01531	0.06479	0.11111	0.00646	0.00504	0.00163	0.00564	0.00565	0.00273	0.00523
11	0.00972	0.02507	0.80458	0.01381	0.02097	0.01125	0.01790	0.01535	0.01023	0.01535	0.00870	0.01023	0.00614	0.00460	0.00460	0.00153	0.00716	0.00358	0.00205	0.00716
12	0.02174	0.00825	0.01125	0.00862	0.01237	0.00712	0.00712	0.02362	0.01387	0.80282	0.01912	0.01649	0.01200	0.00600	0.00487	0.00150	0.00412	0.00487	0.00600	0.00825
13	0.00590	0.00422	0.00562	0.00675	0.00703	0.00394	0.00450	0.00675	0.00928	0.01237	0.02671	0.82653	0.03205	0.01518	0.00619	0.00197	0.00281	0.01378	0.00450	0.00394
14	0.00929	0.00870	0.03201	0.01195	0.01465	0.00795	0.29111	0.02459	0.04626	0.04768	0.15131	0.22688	0.08852	0.00882	0.00573	0.00169	0.00490	0.00856	0.00392	0.00549
15	0.01877	0.01301	0.01419	0.01088	0.01475	0.01419	0.00899	0.70278	0.02184	0.11240	0.01243	0.01215	0.00864	0.00584	0.00485	0.00146	0.00520	0.00442	0.00497	0.00824
16	0.00573	0.00491	0.00491	0.00491	0.00655	0.00409	0.00368	0.00695	0.01105	0.01309	0.04909	0.04664	0.79750	0.01227	0.00573	0.00164	0.00245	0.01023	0.00450	0.00409
17	0.00692	0.00519	0.00779	0.00779	0.00865	0.00606	0.00606	0.00865	0.00779	0.01125	0.01298	0.01904	0.01211	0.03634	0.81049	0.00779	0.01298	0.00519	0.00260	0.00433
18	0.00988	0.06407	0.76695	0.01355	0.02056	0.01164	0.01744	0.01531	0.01021	0.01516	0.00860	0.01011	0.00614	0.00458	0.00453	0.00151	0.00707	0.00353	0.00205	0.00712
19	0.80119	0.00956	0.00754	0.00668	0.00970	0.01107	0.00548	0.04242	0.03838	0.02200	0.00741	0.00839	0.00572	0.00462	0.00314	0.00150	0.00381	0.00279	0.00314	0.00545
20	0.01296	0.83261	0.02539	0.00829	0.01244	0.01917	0.00829	0.01451	0.00985	0.01140	0.00674	0.00777	0.00622	0.00415	0.00311	0.00104	0.00518	0.00259	0.00207	0.00622
21	0.03538	0.13946	0.14817	0.01076	0.01467	0.06836	0.03755	0.13446	0.27769	0.01881	0.04232	0.01365	0.01095	0.00557	0.00453	0.00145	0.00526	0.00440	0.00366	0.02290
22	0.01771	0.01379	0.01178	0.02270	0.01307	0.33051	0.02201	0.01923	0.01283	0.33923	0.01376	0.03422	0.01044	0.07055	0.02508	0.00180	0.00627	0.00456	0.02403	0.00641
23	0.00704	0.00472	0.00540	0.00540	0.00544	0.00476	0.00308	0.00712	0.00708	0.00948	0.01517	0.03115	0.01737	0.79430	0.05972	0.00484	0.00507	0.00696	0.00292	0.00300
24	0.01199	0.01151	0.01967	0.02974	0.79946	0.01151	0.01487	0.01487	0.01103	0.01583	0.00912	0.01199	0.00768	0.00432	0.00480	0.00144	0.00576	0.00432	0.00240	0.00768
25	0.01055	0.01802	0.36330	0.01721	0.02296	0.01160	0.43125	0.01522	0.01086	0.01536	0.00977	0.03329	0.00748	0.00460	0.00525	0.00160	0.00759	0.00501	0.00233	0.00674
26	0.00625	0.00494	0.00564	0.00563	0.00695	0.00438	0.00416	0.00801	0.02676	0.01523	0.29212	0.14322	0.43588	0.01176	0.00577	0.00164	0.00247	0.01011	0.00478	0.00430
27	0.01542	0.44521	0.01981	0.01030	0.01366	0.39774	0.00880	0.01683	0.01171	0.01162	0.00710	0.00824	0.00623	0.00455	0.00371	0.00114	0.00688	0.00284	0.00228	0.00593
28	0.03713	0.04953	0.01366	0.01092	0.06334	0.01058	0.03642	0.26563	0.01558	0.30823	0.01432	0.05560	0.01053	0.00591	0.00472	0.00142	0.00469	0.00483	0.00466	0.08228
29	0.01156	0.01448	0.19287	0.01053	0.01407	0.09937	0.00979	0.03419	0.40272	0.01816	0.11005	0.01785	0.03033	0.00644	0.00490	0.00156	0.00496	0.00525	0.00404	0.00689
30	0.01191	0.01035	0.01139	0.05068	0.03697	0.01197	0.00817	0.02476	0.72871	0.01975	0.01886	0.01764	0.01417	0.00642	0.00492	0.00164	0.00402	0.00539	0.00472	0.00756
31	0.00701	0.00486	0.00610	0.00610	0.00638	0.00514	0.00395	0.00757	0.00729	0.01000	0.01453	0.02761	0.01584	0.57304	0.27889	0.00570	0.00738	0.00645	0.00283	0.00339
32	0.01144	0.01307	0.02859	0.02042	0.02533	0.01225	0.78186	0.01552	0.01144	0.01552	0.00980	0.01307	0.00735	0.00408	0.00572	0.00163	0.00817	0.00572	0.00245	0.00654
33	0.00692	0.00519	0.00779	0.00779	0.00865	0.00606	0.00606	0.00865	0.00779	0.01125	0.01298	0.01904	0.01211	0.03634	0.81049	0.00779	0.01298	0.00519	0.00260	0.00433
34	0.01199	0.01151	0.01967	0.02974	0.79946	0.01151	0.01487	0.01487	0.01103	0.01583	0.00912	0.01199	0.00768	0.00432	0.00480	0.00144	0.00576	0.00432	0.00240	0.00768

[dist]
# distance from previous block
# <min> <max>
3	16

[block]
# block no. 1 follows, 52 sequences, length 53
# corresponding to MSA columns:
# 53-105
name=unknown_B
#
# <colnr> <probs for GDERKNQSTAVLIFYWHMCP>
#	G	D	E	R	K	N	Q	S	T	A	V	L	I	F	Y	W	H	M	C	P
0	0.05068	0.48751	0.20899	0.01012	0.01470	0.13001	0.01061	0.01539	0.01042	0.01287	0.00731	0.00850	0.00616	0.00439	0.00364	0.00121	0.00610	0.00290	0.00217	0.00632
1	0.26891	0.10491	0.08275	0.01006	0.01313	0.27419	0.00870	0.05399	0.01119	0.03244	0.00810	0.02809	0.00677	0.00531	0.00487	0.00143	0.07318	0.00339	0.00277	0.00583
2	0.13299	0.01176	0.00959	0.00893	0.01063	0.26206	0.00685	0.02920	0.01020	0.01383	0.01042	0.01427	0.00928	0.05777	0.28538	0.00376	0.03981	0.00415	0.07419	0.00493
3	0.01218	0.01151	0.01927	0.05506	0.73961	0.01164	0.01458	0.04855	0.01151	0.01636	0.00921	0.01201	0.00766	0.00440	0.00480	0.00145	0.00576	0.00432	0.00250	0.00762
4	0.06398	0.01329	0.01408	0.01087	0.01468	0.01475	0.00897	0.72857	0.03537	0.02989	0.01151	0.01154	0.00819	0.00576	0.00475	0.00146	0.00522	0.00429	0.00475	0.00807
5	0.00700	0.00468	0.00530	0.00535	0.00536	0.00467	0.00300	0.00703	0.00714	0.00952	0.01574	0.06456	0.01821	0.79603	0.02390	0.00459	0.00462	0.00733	0.00300	0.00298
6	0.00704	0.00597	0.00638	0.00724	0.00782	0.07520	0.00501	0.00800	0.00984	0.01245	0.02618	0.68261	0.07096	0.01406	0.00602	0.00190	0.00338	0.04151	0.00432	0.00411
7	0.00661	0.00476	0.00627	0.00633	0.00724	0.00441	0.00462	0.00849	0.01243	0.01736	0.56658	0.25711	0.04155	0.01145	0.00587	0.00166	0.00248	0.02530	0.00508	0.00439
8	0.00972	0.02507	0.80458	0.01381	0.02097	0.01125	0.01790	0.01535	0.01023	0.01535	0.00870	0.01023	0.00614	0.00460	0.00460	0.00153	0.00716	0.00358	0.00205	0.00716
9	0.00584	0.00471	0.00521	0.00551	0.00673	0.00407	0.00397	0.00702	0.01068	0.01323	0.08406	0.27461	0.53143	0.01299	0.00586	0.00173	0.00255	0.01119	0.00455	0.00407
10	0.00959	0.00932	0.06392	0.01506	0.24030	0.00825	0.11870	0.01229	0.01092	0.01593	0.06705	0.02116	0.15224	0.00649	0.00506	0.00146	0.02354	0.00585	0.20704	0.00584
11	0.00842	0.00421	0.00631	0.00631	0.00631	0.00421	0.00421	0.00631	0.00631	0.00842	0.00842	0.01473	0.00842	0.01684	0.01894	0.85901	0.00421	0.00421	0.00210	0.00210
12	0.36727	0.01127	0.01063	0.00928	0.01195	0.08237	0.03295	0.03362	0.28226	0.01938	0.01151	0.01201	0.00890	0.00565	0.00512	0.00159	0.08048	0.00395	0.00357	0.00623
13	0.03082	0.17070	0.52709	0.01209	0.01811	0.01232	0.03232	0.03306	0.01060	0.04068	0.02106	0.01042	0.00707	0.00461	0.00430	0.00140	0.00634	0.00353	0.00237	0.05110
14	0.01549	0.14261	0.08129	0.01247	0.05718	0.42949	0.00997	0.06018	0.11900	0.01445	0.00945	0.01032	0.00758	0.00506	0.00432	0.00132	0.00706	0.00353	0.00285	0.00637
15	0.00692	0.00519	0.00779	0.00779	0.00865	0.00606	0.00606	0.00865	0.00779	0.01125	0.01298	0.01904	0.01211	0.03634	0.81049	0.00779	0.01298	0.00519	0.00260	0.00433
16	0.01005	0.00861	0.01005	0.00718	0.01148	0.00646	0.00574	0.01220	0.01005	0.01579	0.00861	0.01005	0.00718	0.00359	0.00359	0.00072	0.00359	0.00287	0.00287	0.85932
17	0.01521	0.21882	0.07445	0.01108	0.01414	0.49090	0.00933	0.01682	0.01215	0.01205	0.00901	0.07710	0.00839	0.00561	0.00423	0.00128	0.00726	0.00392	0.00253	0.00574
18	0.01005	0.05472	0.70464	0.01325	0.01991	0.01163	0.01663	0.01623	0.07913	0.01563	0.00960	0.01083	0.00691	0.00476	0.00458	0.00153	0.00679	0.00371	0.00230	0.00717
19	0.01098	0.00626	0.00857	0.00911	0.07512	0.00563	0.00616	0.01241	0.01090	0.22763	0.02399	0.41055	0.08617	0.01085	0.00554	0.00171	0.00347	0.02721	0.00464	0.05313
20	0.01005	0.00861	0.01005	0.00718	0.01148	0.00646	0.00574	0.01220	0.01005	0.01579	0.00861	0.01005	0.00718	0.00359	0.00359	0.00072	0.00359	0.00287	0.00287	0.85932
21	0.01262	0.01024	0.01353	0.01481	0.20786	0.01096	0.03926	0.04962	0.40479	0.08748	0.04549	0.03346	0.03536	0.00629	0.00500	0.00157	0.00445	0.00552	0.00429	0.00741
22	0.00604	0.00488	0.00511	0.00513	0.00644	0.00424	0.00369	0.00712	0.01047	0.01277	0.07619	0.05664	0.60540	0.14983	0.00894	0.00216	0.00287	0.02388	0.00427	0.00392
23	0.01812	0.02258	0.01378	0.01241	0.01498	0.76729	0.00936	0.06061	0.01422	0.01287	0.00771	0.00890	0.00635	0.00504	0.00440	0.00126	0.00856	0.00319	0.00262	0.00576
24	0.00716	0.00511	0.00706	0.00818	0.00901	0.00502	0.00668	0.00892	0.01052	0.01378	0.02602	0.31754	0.02931	0.01400	0.00652	0.00214	0.00390	0.51037	0.00447	0.00428
25	0.01366	0.40434	0.20994	0.01083	0.01523	0.24547	0.01092	0.01611	0.01106	0.01249	0.00743	0.00864	0.00621	0.00450	0.00383	0.00122	0.00669	0.00298	0.00219	0.00627
26	0.01240	0.01021	0.01096	0.00984	0.01256	0.01166	0.00775	0.06560	0.67713	0.04289	0.01965	0.02003	0.01520	0.00695	0.00504	0.00167	0.00396	0.05408	0.00493	0.00751
27	0.00703	0.00477	0.00564	0.00564	0.00576	0.00489	0.00338	0.00728	0.00715	0.00966	0.01494	0.02991	0.01683	0.71679	0.13650	0.00514	0.00588	0.00678	0.00289	0.00313
28	0.00694	0.00512	0.00743	0.00743	0.00817	0.00586	0.00561	0.00842	0.00768	0.01098	0.01331	0.02087	0.01291	0.15108	0.69684	0.00734	0.01178	0.00546	0.00265	0.00413
29	0.01810	0.02310	0.01373	0.01248	0.01498	0.81024	0.00936	0.01935	0.01373	0.01186	0.00749	0.00874	0.00624	0.00499	0.00437	0.00125	0.00874	0.00312	0.00250	0.00562
30	0.00951	0.00880	0.01454	0.78712	0.03267	0.01093	0.01330	0.04193	0.01019	0.01308	0.00873	0.01287	0.00653	0.00488	0.00485	0.00161	0.00642	0.00431	0.00226	0.00549
31	0.01704	0.09311	0.01489	0.01207	0.01457	0.63857	0.00937	0.05248	0.01327	0.01264	0.00752	0.00894	0.00634	0.00525	0.00524	0.00131	0.07588	0.00322	0.00253	0.00576
32	0.00603	0.00445	0.00567	0.00659	0.00719	0.00410	0.00462	0.00705	0.00975	0.01267	0.03067	0.62323	0.16998	0.01451	0.00614	0.00193	0.00288	0.07403	0.00450	0.00401
33	0.01072	0.00779	0.00870	0.00779	0.00974	0.00806	0.00597	0.28727	0.01488	0.02007	0.08621	0.27130	0.15300	0.01012	0.00536	0.00162	0.00357	0.00863	0.07360	0.00561
34	0.09782	0.00919	0.01126	0.18468	0.01634	0.00914	0.00793	0.12208	0.01163	0.03000	0.02393	0.04415	0.00873	0.00501	0.00443	0.00121	0.02355	0.00398	0.00315	0.38180
35	0.01696	0.06205	0.03048	0.00900	0.01238	0.02529	0.00750	0.15251	0.08171	0.38541	0.04705	0.08130	0.02259	0.00672	0.00485	0.00148	0.00432	0.00549	0.00502	0.03788
36	0.02025	0.00580	0.00716	0.00659	0.00790	0.00564	0.00491	0.07212	0.01316	0.05214	0.51792	0.05903	0.03523	0.12623	0.00828	0.00200	0.00306	0.03129	0.01651	0.00478
37	0.01188	0.01144	0.01928	0.02837	0.73584	0.01178	0.01453	0.01461	0.01074	0.01549	0.00889	0.01188	0.00757	0.00465	0.00570	0.00149	0.07167	0.00431	0.00238	0.00748
38	0.01076	0.17983	0.36448	0.01085	0.01567	0.01193	0.02255	0.04949	0.10942	0.03382	0.01461	0.07089	0.07330	0.00620	0.00458	0.00148	0.00553	0.00497	0.00301	0.00663
39	0.04709	0.01420	0.17332	0.01952	0.35295	0.01219	0.01324	0.13876	0.03111	0.05003	0.00971	0.01160	0.00757	0.00518	0.00587	0.00154	0.09169	0.00415	0.00292	0.00734
40	0.00608	0.00654	0.06962	0.00566	0.00773	0.00468	0.00486	0.00769	0.01105	0.01345	0.06651	0.04340	0.71271	0.01159	0.00564	0.00163	0.00283	0.00965	0.00432	0.00435
41	0.01038	0.00949	0.03502	0.08057	0.06641	0.01931	0.24396	0.02645	0.06723	0.06254	0.05279	0.12002	0.10125	0.00719	0.00529	0.00160	0.00521	0.00688	0.07252	0.00588
42	0.06926	0.12813	0.03152	0.01197	0.09042	0.02948	0.04141	0.19751	0.11916	0.13802	0.01365	0.01638	0.01083	0.00605	0.00468	0.00150	0.00502	0.07384	0.00403	0.00714
43	0.01112	0.00755	0.07193	0.00713	0.00970	0.00573	0.00618	0.01320	0.01252	0.24785	0.23368	0.03224	0.28509	0.00921	0.00540	0.00157	0.00333	0.02590	0.00496	0.00570
44	0.00599	0.00435	0.00565	0.00652	0.00701	0.00402	0.00444	0.00702	0.00989	0.01318	0.10978	0.67768	0.09782	0.01438	0.00610	0.00189	0.00273	0.01295	0.00459	0.00402
45	0.08183	0.01219	0.04222	0.08590	0.11790	0.09324	0.09809	0.14822	0.10023	0.03693	0.03797	0.01653	0.02641	0.00593	0.00487	0.00154	0.00562	0.05336	0.02445	0.00657
46	0.01134	0.01681	0.36510	0.01227	0.01704	0.03028	0.08033	0.01837	0.23405	0.07576	0.01416	0.07917	0.01126	0.00609	0.00494	0.00160	0.00576	0.00522	0.00341	0.00704
47	0.01069	0.02371	0.74043	0.01339	0.02028	0.01092	0.01703	0.01602	0.01053	0.07903	0.00954	0.01074	0.00661	0.00472	0.00463	0.00153	0.00692	0.00369	0.00237	0.00725
48	0.31718	0.00864	0.00980	0.00783	0.01132	0.00844	0.00646	0.02033	0.01190	0.52881	0.01478	0.01347	0.00963	0.00547	0.00422	0.00150	0.00399	0.00408	0.00495	0.00720
49	0.04987	0.03106	0.41427	0.01298	0.01842	0.01208	0.09520	0.13966	0.12586	0.03763	0.01102	0.01191	0.00796	0.00505	0.00472	0.00154	0.00624	0.00418	0.00309	0.00727
50	0.01230	0.01300	0.02444	0.01794	0.02226	0.05518	0.58781	0.01726	0.10915	0.05040	0.01124	0.01355	0.00840	0.00465	0.00579	0.00162	0.02996	0.00547	0.00291	0.00667
51	0.00866	0.00493	0.00811	0.00745	0.00785	0.00486	0.06709	0.00706	0.00673	0.00899	0.00853	0.01460	0.00833	0.01580	0.01787	0.78968	0.00453	0.00433	0.00213	0.00246
52	0.00585	0.00442	0.00541	0.00620	0.00689	0.00398	0.00426	0.00681	0.00980	0.01258	0.03335	0.59524	0.25906	0.01432	0.00605	0.00187	0.00271	0.01272	0.00450	0.00398

[dist]
# distance from previous block
# <min> <max>
0	3

[block]
# block no. 2 follows, 52 sequences, length 30
# corresponding to MSA columns:
# 109-138
name=unknown_C
#
# <colnr> <probs for GDERKNQSTAVLIFYWHMCP>
#	G	D	E	R	K	N	Q	S	T	A	V	L	I	F	Y	W	H	M	C	P
0	0.00829	0.00612	0.00816	0.00903	0.01033	0.00631	0.00779	0.01181	0.09900	0.01515	0.02499	0.05054	0.02641	0.01262	0.00649	0.00216	0.00439	0.68105	0.00452	0.00482
1	0.01147	0.00979	0.01045	0.00944	0.01200	0.01121	0.00732	0.02388	0.70316	0.02018	0.10730	0.02012	0.01828	0.00695	0.00502	0.00163	0.00366	0.00585	0.00498	0.00732
2	0.00822	0.00614	0.00855	0.00817	0.00937	0.00707	0.00641	0.09594	0.00948	0.01342	0.01283	0.01820	0.01168	0.03290	0.71971	0.00707	0.01212	0.00510	0.00285	0.00477
3	0.01270	0.01169	0.01180	0.01047	0.01293	0.08282	0.00822	0.05716	0.59997	0.01902	0.01678	0.01613	0.01280	0.00662	0.00611	0.00165	0.09639	0.00508	0.00440	0.00725
4	0.00588	0.00430	0.00554	0.00654	0.00697	0.00395	0.00441	0.00677	0.00948	0.01245	0.02923	0.73865	0.11830	0.01485	0.00613	0.00193	0.00277	0.01338	0.00450	0.00395
5	0.00745	0.00536	0.00636	0.00612	0.00612	0.00584	0.00380	0.00757	0.00709	0.00965	0.01427	0.02933	0.01635	0.73716	0.02368	0.00441	0.09666	0.00673	0.00284	0.00320
6	0.00972	0.02507	0.80458	0.01381	0.02097	0.01125	0.01790	0.01535	0.01023	0.01535	0.00870	0.01023	0.00614	0.00460	0.00460	0.00153	0.00716	0.00358	0.00205	0.00716
7	0.00945	0.00483	0.00498	0.00485	0.00609	0.00487	0.00367	0.03074	0.01048	0.03275	0.01569	0.01790	0.01230	0.00648	0.02499	0.00132	0.00266	0.00454	0.79674	0.00467
8	0.00589	0.00427	0.00557	0.00661	0.00699	0.00395	0.00444	0.00676	0.00941	0.01242	0.02839	0.76807	0.08943	0.01496	0.00615	0.00194	0.00278	0.01351	0.00450	0.00395
9	0.01199	0.01151	0.01967	0.02974	0.79946	0.01151	0.01487	0.01487	0.01103	0.01583	0.00912	0.01199	0.00768	0.00432	0.00480	0.00144	0.00576	0.00432	0.00240	0.00768
10	0.01199	0.59240	0.25717	0.00993	0.01498	0.01682	0.01115	0.01476	0.00996	0.01257	0.00732	0.00850	0.00620	0.00428	0.00355	0.00118	0.00577	0.00289	0.00207	0.00650
11	0.01302	0.01425	0.01736	0.15818	0.31974	0.23259	0.07011	0.01543	0.01124	0.01373	0.00838	0.01120	0.00692	0.00497	0.00579	0.00149	0.08273	0.00408	0.00236	0.00641
12	0.00652	0.00517	0.00759	0.00759	0.00856	0.00477	0.06812	0.00793	0.01040	0.01387	0.14897	0.52730	0.12419	0.01306	0.00603	0.00184	0.00316	0.02621	0.00446	0.00428
13	0.01175	0.37214	0.35895	0.01072	0.01600	0.01439	0.01224	0.01590	0.06418	0.05014	0.00996	0.01079	0.02415	0.00477	0.00402	0.00133	0.00583	0.00349	0.00249	0.00677
14	0.01058	0.11374	0.50088	0.01481	0.02097	0.01243	0.21353	0.01549	0.02513	0.01503	0.00897	0.01083	0.00662	0.00445	0.00473	0.00151	0.00713	0.00405	0.00221	0.00690
15	0.00590	0.00422	0.00562	0.00675	0.00703	0.00394	0.00450	0.00675	0.00928	0.01237	0.02671	0.82653	0.03205	0.01518	0.00619	0.00197	0.00281	0.01378	0.00450	0.00394
16	0.00941	0.00775	0.00867	0.00852	0.01021	0.00857	0.00631	0.01758	0.45492	0.01688	0.02273	0.36548	0.02221	0.01027	0.00547	0.00178	0.00340	0.00904	0.00475	0.00607
17	0.01610	0.00982	0.03509	0.00951	0.01279	0.00951	0.03815	0.16140	0.17318	0.32293	0.10467	0.01820	0.01545	0.02487	0.00541	0.00159	0.00430	0.00538	0.02424	0.00741
18	0.13165	0.30258	0.24451	0.01000	0.01470	0.03472	0.02157	0.03651	0.01076	0.12566	0.00953	0.02188	0.00732	0.00481	0.00393	0.00135	0.00551	0.00347	0.00287	0.00665
19	0.01052	0.01547	0.25322	0.01666	0.02167	0.01089	0.45181	0.01463	0.01089	0.03187	0.01162	0.10592	0.00994	0.00555	0.00543	0.00164	0.00717	0.00600	0.00264	0.00646
20	0.01244	0.01451	0.10254	0.00954	0.01355	0.22454	0.00824	0.04856	0.01161	0.01523	0.00899	0.03390	0.00759	0.00453	0.00405	0.00102	0.00545	0.00341	0.00281	0.46751
21	0.01029	0.13790	0.38138	0.01051	0.03413	0.04702	0.01149	0.01392	0.01029	0.01522	0.01108	0.04819	0.00904	0.00530	0.00412	0.00135	0.00539	0.00414	0.23313	0.00611
22	0.01434	0.01596	0.10389	0.01134	0.01416	0.24914	0.00973	0.21235	0.06006	0.01779	0.01178	0.06370	0.02856	0.00662	0.00639	0.00154	0.12806	0.00470	0.03351	0.00636
23	0.05500	0.00864	0.01104	0.00869	0.01203	0.00814	0.03739	0.12779	0.02946	0.45974	0.04706	0.02080	0.13837	0.00698	0.00499	0.00152	0.00411	0.00573	0.00528	0.00725
24	0.23266	0.00939	0.01038	0.03175	0.11715	0.04090	0.00711	0.02457	0.02961	0.04053	0.06094	0.01376	0.04742	0.00505	0.00398	0.00122	0.00409	0.00396	0.02167	0.29384
25	0.01399	0.11176	0.03994	0.00909	0.01208	0.10224	0.00758	0.02970	0.24519	0.19226	0.14576	0.01879	0.03776	0.00659	0.00477	0.00147	0.00447	0.00531	0.00449	0.00677
26	0.13334	0.13993	0.08369	0.00971	0.01296	0.04719	0.10451	0.03657	0.03242	0.05933	0.20786	0.01866	0.05559	0.00639	0.00481	0.00145	0.01862	0.00530	0.00359	0.01810
27	0.01456	0.01155	0.05399	0.01453	0.08083	0.01069	0.25215	0.18389	0.01463	0.18791	0.11103	0.01618	0.01333	0.00565	0.00522	0.00153	0.00570	0.00541	0.00407	0.00715
28	0.01012	0.03001	0.02784	0.00979	0.01249	0.00749	0.16245	0.04083	0.03131	0.10170	0.19348	0.11389	0.14483	0.00847	0.00543	0.00157	0.00423	0.03001	0.00424	0.05983
29	0.00984	0.18666	0.01124	0.00719	0.00933	0.04504	0.00601	0.01174	0.01226	0.07910	0.34371	0.03046	0.13552	0.00879	0.00512	0.00149	0.00361	0.08336	0.00434	0.00520

[dist]
# distance from previous block
# <min> <max>
10	34

[block]
# block no. 3 follows, 52 sequences, length 22
# corresponding to MSA columns:
# 173-194
name=unknown_D
#
# <colnr> <probs for GDERKNQSTAVLIFYWHMCP>
#	G	D	E	R	K	N	Q	S	T	A	V	L	I	F	Y	W	H	M	C	P
0	0.08646	0.01075	0.01715	0.08258	0.52339	0.01091	0.04817	0.01479	0.04710	0.01621	0.00975	0.02977	0.00819	0.00465	0.00463	0.00143	0.00543	0.00439	0.00264	0.07162
1	0.05334	0.01056	0.01712	0.07379	0.58526	0.01060	0.01292	0.01545	0.01117	0.11314	0.01181	0.01380	0.03972	0.00489	0.00476	0.00147	0.00537	0.00454	0.00294	0.00735
2	0.05122	0.08544	0.56134	0.01221	0.01821	0.01161	0.01465	0.01695	0.08876	0.07984	0.01040	0.01122	0.00745	0.00487	0.00447	0.00150	0.00626	0.00375	0.00270	0.00714
3	0.06633	0.00871	0.01145	0.00862	0.01238	0.00745	0.07462	0.03103	0.02532	0.17526	0.08178	0.02972	0.01212	0.00506	0.00429	0.00113	0.00402	0.00433	0.00380	0.43257
4	0.01199	0.01151	0.01967	0.02974	0.79946	0.01151	0.01487	0.01487	0.01103	0.01583	0.00912	0.01199	0.00768	0.00432	0.00480	0.00144	0.00576	0.00432	0.00240	0.00768
5	0.01137	0.01087	0.01854	0.20343	0.63067	0.01135	0.01456	0.01432	0.01074	0.01507	0.00900	0.01220	0.00741	0.00443	0.00481	0.00148	0.00591	0.00432	0.00234	0.00717
6	0.00972	0.02507	0.80458	0.01381	0.02097	0.01125	0.01790	0.01535	0.01023	0.01535	0.00870	0.01023	0.00614	0.00460	0.00460	0.00153	0.00716	0.00358	0.00205	0.00716
7	0.01115	0.01222	0.02385	0.01777	0.02098	0.01315	0.51577	0.01419	0.01005	0.01419	0.00862	0.01222	0.00701	0.00560	0.00923	0.00180	0.28854	0.00521	0.00234	0.00611
8	0.00608	0.00434	0.00582	0.00695	0.00731	0.00409	0.00480	0.00705	0.00945	0.01257	0.02661	0.75527	0.03167	0.01502	0.00623	0.00199	0.00296	0.08330	0.00450	0.00398
9	0.01227	0.01086	0.01106	0.00995	0.01268	0.04009	0.00773	0.02553	0.76341	0.01998	0.01929	0.01775	0.01449	0.00652	0.00491	0.00163	0.00401	0.00540	0.00485	0.00760
10	0.01199	0.01151	0.01967	0.02974	0.79946	0.01151	0.01487	0.01487	0.01103	0.01583	0.00912	0.01199	0.00768	0.00432	0.00480	0.00144	0.00576	0.00432	0.00240	0.00768
11	0.02125	0.00904	0.01173	0.00900	0.01276	0.00829	0.00743	0.13625	0.01519	0.68832	0.01801	0.01577	0.01144	0.00597	0.00487	0.00149	0.00430	0.00480	0.00583	0.00825
12	0.01144	0.01307	0.02859	0.02042	0.02533	0.01225	0.78186	0.01552	0.01144	0.01552	0.00980	0.01307	0.00735	0.00408	0.00572	0.00163	0.00817	0.00572	0.00245	0.00654
13	0.01199	0.01151	0.01967	0.02974	0.79946	0.01151	0.01487	0.01487	0.01103	0.01583	0.00912	0.01199	0.00768	0.00432	0.00480	0.00144	0.00576	0.00432	0.00240	0.00768
14	0.00915	0.00861	0.01453	0.81804	0.03338	0.01077	0.01346	0.01238	0.00969	0.01238	0.00861	0.01292	0.00646	0.00484	0.00484	0.00161	0.00646	0.00431	0.00215	0.00538
15	0.01015	0.00963	0.01633	0.54209	0.30155	0.01103	0.01395	0.01325	0.01016	0.01359	0.00879	0.01260	0.00689	0.00466	0.00483	0.00155	0.00621	0.00431	0.00224	0.00619
16	0.01099	0.01215	0.02605	0.01902	0.02345	0.01144	0.68703	0.01485	0.01140	0.01540	0.01175	0.01817	0.00987	0.00522	0.00584	0.00171	0.00772	0.09897	0.00270	0.00628
17	0.00842	0.00421	0.00631	0.00631	0.00631	0.00421	0.00421	0.00631	0.00631	0.00842	0.00842	0.01473	0.00842	0.01684	0.01894	0.85901	0.00421	0.00421	0.00210	0.00210
18	0.01177	0.35670	0.41860	0.01132	0.01697	0.01483	0.01323	0.07827	0.01111	0.01497	0.00813	0.00933	0.00634	0.00452	0.00401	0.00132	0.00620	0.00324	0.00229	0.00686
19	0.00929	0.00876	0.01479	0.77885	0.07147	0.01080	0.01353	0.01251	0.00976	0.01255	0.00864	0.01287	0.00652	0.00482	0.00484	0.00161	0.00642	0.00431	0.00217	0.00550
20	0.01155	0.00881	0.00985	0.00874	0.01114	0.00966	0.00680	0.05691	0.47099	0.07771	0.24564	0.02293	0.02328	0.00747	0.00515	0.00159	0.00348	0.00634	0.00512	0.00684
21	0.03615	0.76986	0.06364	0.00851	0.01278	0.01855	0.00869	0.01455	0.00982	0.01188	0.00683	0.00790	0.00619	0.00418	0.00318	0.00107	0.00524	0.00264	0.00210	0.00624

[dist]
# distance from previous block
# <min> <max>
0	1

[block]
# block no. 4 follows, 52 sequences, length 26
# corresponding to MSA columns:
# 196-221
name=unknown_E
#
# <colnr> <probs for GDERKNQSTAVLIFYWHMCP>
#	G	D	E	R	K	N	Q	S	T	A	V	L	I	F	Y	W	H	M	C	P
0	0.05187	0.01310	0.01426	0.01208	0.01339	0.13898	0.00989	0.16813	0.01153	0.01594	0.00762	0.01040	0.00667	0.00722	0.01130	0.00182	0.49309	0.00402	0.00277	0.00594
1	0.01200	0.01146	0.01928	0.02885	0.76394	0.01154	0.01455	0.01536	0.04623	0.01603	0.00959	0.01227	0.00800	0.00442	0.00480	0.00145	0.00567	0.00437	0.00251	0.00768
2	0.86392	0.00937	0.00712	0.00637	0.00937	0.01087	0.00525	0.01425	0.00825	0.02174	0.00675	0.00787	0.00525	0.00450	0.00300	0.00150	0.00375	0.00262	0.00300	0.00525
3	0.01373	0.39685	0.17748	0.01120	0.01551	0.24667	0.04830	0.01613	0.01113	0.01252	0.00750	0.00880	0.00627	0.00448	0.00390	0.00123	0.00675	0.00309	0.00221	0.00625
4	0.00948	0.00896	0.01506	0.71644	0.10961	0.01096	0.01352	0.01261	0.00976	0.01271	0.00860	0.01276	0.00658	0.00489	0.00515	0.00161	0.02920	0.00431	0.00218	0.00561
5	0.01231	0.01208	0.13467	0.01193	0.01661	0.00878	0.21503	0.01546	0.01126	0.15470	0.04039	0.01300	0.00937	0.00454	0.00462	0.00125	0.00540	0.00431	0.00328	0.32103
6	0.00915	0.00861	0.01453	0.81804	0.03338	0.01077	0.01346	0.01238	0.00969	0.01238	0.00861	0.01292	0.00646	0.00484	0.00484	0.00161	0.00646	0.00431	0.00215	0.00538
7	0.86392	0.00937	0.00712	0.00637	0.00937	0.01087	0.00525	0.01425	0.00825	0.02174	0.00675	0.00787	0.00525	0.00450	0.00300	0.00150	0.00375	0.00262	0.00300	0.00525
8	0.00844	0.00442	0.00659	0.00653	0.00656	0.00456	0.00444	0.00653	0.00639	0.00859	0.00849	0.01474	0.00846	0.01715	0.04105	0.81112	0.02735	0.00424	0.00212	0.00226
9	0.01505	0.50333	0.02065	0.01000	0.01347	0.34095	0.00873	0.01648	0.01143	0.01159	0.00704	0.00817	0.00623	0.00449	0.00362	0.00112	0.00663	0.00281	0.00225	0.00597
10	0.00842	0.00421	0.00631	0.00631	0.00631	0.00421	0.00421	0.00631	0.00631	0.00842	0.00842	0.01473	0.00842	0.01684	0.01894	0.85901	0.00421	0.00421	0.00210	0.00210
11	0.00686	0.00495	0.00648	0.00610	0.00724	0.00457	0.00457	0.00914	0.01372	0.01943	0.79691	0.03620	0.04572	0.00991	0.00572	0.00152	0.00229	0.00876	0.00533	0.00457
12	0.01296	0.83261	0.02539	0.00829	0.01244	0.01917	0.00829	0.01451	0.00985	0.01140	0.00674	0.00777	0.00622	0.00415	0.00311	0.00104	0.00518	0.00259	0.00207	0.00622
13	0.00577	0.00475	0.00507	0.00533	0.00666	0.00406	0.00387	0.00691	0.01064	0.01293	0.04393	0.22641	0.62105	0.01294	0.00583	0.00171	0.00254	0.01105	0.00450	0.00406
14	0.00655	0.00494	0.00605	0.00578	0.00705	0.00444	0.00433	0.00855	0.01300	0.01772	0.59504	0.03902	0.24866	0.01055	0.00572	0.00155	0.00233	0.00916	0.00511	0.00444
15	0.01171	0.01123	0.01916	0.10782	0.72359	0.01144	0.01473	0.01463	0.01090	0.01549	0.00907	0.01209	0.00756	0.00437	0.00480	0.00146	0.00583	0.00432	0.00237	0.00745
16	0.01060	0.01060	0.01484	0.01272	0.01272	0.01484	0.01060	0.01166	0.00742	0.01166	0.00636	0.01060	0.00636	0.00848	0.01590	0.00212	0.82082	0.00424	0.00212	0.00530
17	0.00590	0.00422	0.00562	0.00675	0.00703	0.00394	0.00450	0.00675	0.00928	0.01237	0.02671	0.82653	0.03205	0.01518	0.00619	0.00197	0.00281	0.01378	0.00450	0.00394
18	0.01842	0.01357	0.01454	0.01115	0.01503	0.01503	0.00921	0.78330	0.02278	0.03054	0.01163	0.01163	0.00824	0.00582	0.00485	0.00145	0.00533	0.00436	0.00485	0.00824
19	0.01144	0.01307	0.02859	0.02042	0.02533	0.01225	0.78186	0.01552	0.01144	0.01552	0.00980	0.01307	0.00735	0.00408	0.00572	0.00163	0.00817	0.00572	0.00245	0.00654
20	0.01205	0.01041	0.01096	0.00986	0.01260	0.01205	0.00767	0.02575	0.79071	0.02027	0.01972	0.01808	0.01479	0.00657	0.00493	0.00164	0.00384	0.00548	0.00493	0.00767
21	0.86392	0.00937	0.00712	0.00637	0.00937	0.01087	0.00525	0.01425	0.00825	0.02174	0.00675	0.00787	0.00525	0.00450	0.00300	0.00150	0.00375	0.00262	0.00300	0.00525
22	0.43190	0.01105	0.01056	0.00882	0.01170	0.03360	0.00724	0.27186	0.01317	0.02293	0.00869	0.00999	0.00674	0.00697	0.04630	0.00186	0.08339	0.00351	0.00350	0.00622
23	0.01223	0.01153	0.01928	0.05075	0.73985	0.01166	0.01456	0.05234	0.01157	0.01645	0.00922	0.01200	0.00767	0.00441	0.00480	0.00144	0.00576	0.00432	0.00251	0.00764
24	0.01228	0.16257	0.26761	0.01163	0.05385	0.11597	0.01129	0.05361	0.01127	0.03142	0.00851	0.00985	0.00672	0.00449	0.00433	0.00122	0.02228	0.00330	0.00254	0.20527
25	0.01221	0.33069	0.30012	0.01247	0.01765	0.07935	0.12497	0.04422	0.01102	0.01416	0.00812	0.00964	0.00643	0.00443	0.00419	0.00133	0.00661	0.00351	0.00226	0.00663

[dist]
# distance from previous block
# <min> <max>
0	26

# created by:
# /st0/software/busco_prod/Augustus/scripts/msa2prfl.pl ./align_prep/58926.fa
