[name]
unknown

[dist]
# distance from previous block
# <min> <max>
0	0

[block]
# block no. 0 follows, 42 sequences, length 51
# corresponding to MSA columns:
# 237-284,286-288
name=unknown_A
#
# <colnr> <probs for GDERKNQSTAVLIFYWHMCP>
#	G	D	E	R	K	N	Q	S	T	A	V	L	I	F	Y	W	H	M	C	P
0	0.00907	0.00648	0.00907	0.01036	0.01166	0.00648	0.00907	0.01166	0.01296	0.01684	0.02980	0.06348	0.03239	0.01555	0.00777	0.00259	0.00518	0.72924	0.00518	0.00518
1	0.84197	0.01088	0.00827	0.00740	0.01088	0.01262	0.00609	0.01654	0.00958	0.02525	0.00784	0.00914	0.00609	0.00522	0.00348	0.00174	0.00435	0.00305	0.00348	0.00609
2	0.02139	0.01576	0.01689	0.01295	0.01745	0.01745	0.01070	0.74835	0.02646	0.03547	0.01351	0.01351	0.00957	0.00676	0.00563	0.00169	0.00619	0.00507	0.00563	0.00957
3	0.01328	0.01518	0.03321	0.02372	0.02941	0.01423	0.74668	0.01803	0.01328	0.01803	0.01139	0.01518	0.00854	0.00474	0.00664	0.00190	0.00949	0.00664	0.00285	0.00759
4	0.01400	0.01209	0.01273	0.01145	0.01463	0.01400	0.00891	0.02990	0.75695	0.02354	0.02291	0.02100	0.01718	0.00764	0.00573	0.00191	0.00445	0.00636	0.00573	0.00891
5	0.00686	0.00490	0.00653	0.00784	0.00816	0.00457	0.00522	0.00784	0.01077	0.01437	0.03102	0.79855	0.03722	0.01763	0.00718	0.00229	0.00326	0.01600	0.00522	0.00457
6	0.01184	0.02583	0.61675	0.01990	0.17912	0.01313	0.02006	0.01771	0.01208	0.01794	0.01020	0.01231	0.00750	0.00528	0.00539	0.00176	0.00798	0.00434	0.00246	0.00844
7	0.00665	0.00570	0.00570	0.00570	0.00760	0.00475	0.00428	0.00808	0.01283	0.01520	0.05701	0.05416	0.76483	0.01425	0.00665	0.00190	0.00285	0.01188	0.00523	0.00475
8	0.00686	0.00490	0.00653	0.00784	0.00816	0.00457	0.00522	0.00784	0.01077	0.01437	0.03102	0.79855	0.03722	0.01763	0.00718	0.00229	0.00326	0.01600	0.00522	0.00457
9	0.01063	0.01000	0.01688	0.78870	0.03876	0.01250	0.01563	0.01438	0.01125	0.01438	0.01000	0.01500	0.00750	0.00563	0.00563	0.00188	0.00750	0.00500	0.00250	0.00625
10	0.01328	0.01518	0.03321	0.02372	0.02941	0.01423	0.74668	0.01803	0.01328	0.01803	0.01139	0.01518	0.00854	0.00474	0.00664	0.00190	0.00949	0.00664	0.00285	0.00759
11	0.84197	0.01088	0.00827	0.00740	0.01088	0.01262	0.00609	0.01654	0.00958	0.02525	0.00784	0.00914	0.00609	0.00522	0.00348	0.00174	0.00435	0.00305	0.00348	0.00609
12	0.00796	0.00575	0.00752	0.00708	0.00841	0.00531	0.00531	0.01062	0.01593	0.02257	0.76415	0.04204	0.05310	0.01150	0.00664	0.00177	0.00265	0.01018	0.00619	0.00531
13	0.00892	0.00489	0.00710	0.00748	0.00757	0.00480	0.00499	0.00748	0.00834	0.01111	0.01597	0.24513	0.01778	0.01899	0.01767	0.59291	0.00441	0.00813	0.00326	0.00306
14	0.02525	0.00958	0.01306	0.01001	0.01437	0.00827	0.00827	0.02743	0.01611	0.77102	0.02220	0.01915	0.01393	0.00697	0.00566	0.00174	0.00479	0.00566	0.00697	0.00958
15	0.02139	0.01576	0.01689	0.01295	0.01745	0.01745	0.01070	0.74835	0.02646	0.03547	0.01351	0.01351	0.00957	0.00676	0.00563	0.00169	0.00619	0.00507	0.00563	0.00957
16	0.00686	0.00490	0.00653	0.00784	0.00816	0.00457	0.00522	0.00784	0.01077	0.01437	0.03102	0.79855	0.03722	0.01763	0.00718	0.00229	0.00326	0.01600	0.00522	0.00457
17	0.01400	0.01209	0.01273	0.01145	0.01463	0.01400	0.00891	0.02990	0.75695	0.02354	0.02291	0.02100	0.01718	0.00764	0.00573	0.00191	0.00445	0.00636	0.00573	0.00891
18	0.84197	0.01088	0.00827	0.00740	0.01088	0.01262	0.00609	0.01654	0.00958	0.02525	0.00784	0.00914	0.00609	0.00522	0.00348	0.00174	0.00435	0.00305	0.00348	0.00609
19	0.84197	0.01088	0.00827	0.00740	0.01088	0.01262	0.00609	0.01654	0.00958	0.02525	0.00784	0.00914	0.00609	0.00522	0.00348	0.00174	0.00435	0.00305	0.00348	0.00609
20	0.00902	0.00538	0.00808	0.00808	0.00851	0.00582	0.00582	0.00851	0.00808	0.01121	0.01208	0.01928	0.01164	0.02942	0.35203	0.47606	0.00932	0.00538	0.00269	0.00357
21	0.00814	0.00562	0.00699	0.00699	0.00728	0.00592	0.00447	0.00873	0.00843	0.01154	0.01696	0.03253	0.01859	0.58045	0.24787	0.00650	0.00826	0.00756	0.00329	0.00388
22	0.00804	0.00603	0.00904	0.00904	0.01005	0.00703	0.00703	0.01005	0.00904	0.01306	0.01507	0.02211	0.01407	0.04221	0.77992	0.00904	0.01507	0.00603	0.00301	0.00502
23	0.01505	0.80561	0.02949	0.00963	0.01444	0.02227	0.00963	0.01685	0.01143	0.01324	0.00782	0.00903	0.00722	0.00481	0.00361	0.00120	0.00602	0.00301	0.00241	0.00722
24	0.01059	0.00876	0.01046	0.00797	0.01190	0.00686	0.00627	0.01313	0.01291	0.01957	0.23006	0.02053	0.02140	0.00631	0.00489	0.00111	0.00373	0.00533	0.00417	0.59405
25	0.01231	0.01231	0.01724	0.01477	0.01477	0.01724	0.01231	0.01354	0.00862	0.01354	0.00739	0.01231	0.00739	0.00985	0.01847	0.00246	0.79192	0.00492	0.00246	0.00616
26	0.01328	0.01518	0.03321	0.02372	0.02941	0.01423	0.74668	0.01803	0.01328	0.01803	0.01139	0.01518	0.00854	0.00474	0.00664	0.00190	0.00949	0.00664	0.00285	0.00759
27	0.46572	0.01635	0.01195	0.01040	0.01388	0.23724	0.00826	0.14018	0.01425	0.02360	0.00903	0.01016	0.00701	0.00565	0.00430	0.00165	0.00635	0.00355	0.00367	0.00680
28	0.00796	0.00575	0.00752	0.00708	0.00841	0.00531	0.00531	0.01062	0.01593	0.02257	0.76415	0.04204	0.05310	0.01150	0.00664	0.00177	0.00265	0.01018	0.00619	0.00531
29	0.00818	0.00546	0.00614	0.00614	0.00614	0.00546	0.00341	0.00818	0.00818	0.01091	0.01773	0.03683	0.02046	0.80222	0.02864	0.00546	0.00546	0.00818	0.00341	0.00341
30	0.01049	0.00525	0.00525	0.00525	0.00656	0.00525	0.00393	0.01311	0.01180	0.02098	0.01836	0.02098	0.01442	0.00656	0.00393	0.00131	0.00262	0.00525	0.83346	0.00525
31	0.02102	0.02682	0.01595	0.01450	0.01740	0.77963	0.01087	0.02247	0.01595	0.01377	0.00870	0.01015	0.00725	0.00580	0.00507	0.00145	0.01015	0.00362	0.00290	0.00652
32	0.01294	0.00687	0.00904	0.00786	0.01010	0.00614	0.00612	0.01539	0.01581	0.24057	0.50933	0.03602	0.08024	0.01033	0.00635	0.00177	0.00329	0.00895	0.00637	0.00652
33	0.00796	0.00575	0.00752	0.00708	0.00841	0.00531	0.00531	0.01062	0.01593	0.02257	0.76415	0.04204	0.05310	0.01150	0.00664	0.00177	0.00265	0.01018	0.00619	0.00531
34	0.01231	0.01231	0.01724	0.01477	0.01477	0.01724	0.01231	0.01354	0.00862	0.01354	0.00739	0.01231	0.00739	0.00985	0.01847	0.00246	0.79192	0.00492	0.00246	0.00616
35	0.00686	0.00490	0.00653	0.00784	0.00816	0.00457	0.00522	0.00784	0.01077	0.01437	0.03102	0.79855	0.03722	0.01763	0.00718	0.00229	0.00326	0.01600	0.00522	0.00457
36	0.00804	0.00603	0.00904	0.00904	0.01005	0.00703	0.00703	0.01005	0.00904	0.01306	0.01507	0.02211	0.01407	0.04221	0.77992	0.00904	0.01507	0.00603	0.00301	0.00502
37	0.00680	0.00513	0.00629	0.00721	0.00800	0.00462	0.00495	0.00791	0.01137	0.01461	0.03860	0.58134	0.24954	0.01665	0.00703	0.00217	0.00314	0.01480	0.00522	0.00462
38	0.00978	0.00489	0.00733	0.00733	0.00733	0.00489	0.00489	0.00733	0.00733	0.00978	0.00978	0.01711	0.00978	0.01955	0.02199	0.83627	0.00489	0.00489	0.00244	0.00244
39	0.00686	0.00490	0.00653	0.00784	0.00816	0.00457	0.00522	0.00784	0.01077	0.01437	0.03102	0.79855	0.03722	0.01763	0.00718	0.00229	0.00326	0.01600	0.00522	0.00457
40	0.00811	0.00577	0.00771	0.00771	0.00826	0.00631	0.00537	0.00919	0.00865	0.01208	0.01629	0.02886	0.01700	0.39059	0.43554	0.00740	0.01067	0.00702	0.00320	0.00428
41	0.00686	0.00490	0.00653	0.00784	0.00816	0.00457	0.00522	0.00784	0.01077	0.01437	0.03102	0.79855	0.03722	0.01763	0.00718	0.00229	0.00326	0.01600	0.00522	0.00457
42	0.00691	0.00494	0.00658	0.00780	0.00818	0.00461	0.00523	0.00798	0.01104	0.01479	0.06904	0.75931	0.03804	0.01731	0.00715	0.00226	0.00323	0.01570	0.00527	0.00461
43	0.00982	0.00531	0.00551	0.00551	0.00643	0.00531	0.00378	0.01167	0.01075	0.01804	0.01818	0.02560	0.01619	0.23873	0.01114	0.00252	0.00345	0.00610	0.59125	0.00471
44	0.01657	0.01231	0.01354	0.01134	0.01452	0.01342	0.00896	0.47606	0.07903	0.02838	0.01935	0.24317	0.01823	0.01000	0.00609	0.00188	0.00520	0.00836	0.00552	0.00806
45	0.01167	0.01000	0.01167	0.00834	0.01334	0.00750	0.00667	0.01417	0.01167	0.01834	0.01000	0.01167	0.00834	0.00417	0.00417	0.00083	0.00417	0.00333	0.00333	0.83663
46	0.00818	0.00546	0.00614	0.00614	0.00614	0.00546	0.00341	0.00818	0.00818	0.01091	0.01773	0.03683	0.02046	0.80222	0.02864	0.00546	0.00546	0.00818	0.00341	0.00341
47	0.00755	0.00574	0.00695	0.00665	0.00815	0.00513	0.00499	0.00982	0.01496	0.02026	0.54235	0.04584	0.27634	0.01237	0.00664	0.00181	0.00272	0.01071	0.00589	0.00513
48	0.01987	0.00845	0.01098	0.00880	0.01242	0.00726	0.00714	0.02187	0.01526	0.55072	0.05693	0.02895	0.20832	0.00900	0.00595	0.00178	0.00422	0.00741	0.00649	0.00819
49	0.00804	0.00603	0.00904	0.00904	0.01005	0.00703	0.00703	0.01005	0.00904	0.01306	0.01507	0.02211	0.01407	0.04221	0.77992	0.00904	0.01507	0.00603	0.00301	0.00502
50	0.00750	0.00536	0.00727	0.00857	0.00918	0.00513	0.00635	0.00895	0.01141	0.01509	0.03066	0.58406	0.03581	0.01702	0.00736	0.00237	0.00382	0.22412	0.00521	0.00475

[dist]
# distance from previous block
# <min> <max>
0	4

[block]
# block no. 1 follows, 42 sequences, length 54
# corresponding to MSA columns:
# 293-346
name=unknown_B
#
# <colnr> <probs for GDERKNQSTAVLIFYWHMCP>
#	G	D	E	R	K	N	Q	S	T	A	V	L	I	F	Y	W	H	M	C	P
0	0.00804	0.00603	0.00904	0.00904	0.01005	0.00703	0.00703	0.01005	0.00904	0.01306	0.01507	0.02211	0.01407	0.04221	0.77992	0.00904	0.01507	0.00603	0.00301	0.00502
1	0.00818	0.00546	0.00614	0.00614	0.00614	0.00546	0.00341	0.00818	0.00818	0.01091	0.01773	0.03683	0.02046	0.80222	0.02864	0.00546	0.00546	0.00818	0.00341	0.00341
2	0.01167	0.01000	0.01167	0.00834	0.01334	0.00750	0.00667	0.01417	0.01167	0.01834	0.01000	0.01167	0.00834	0.00417	0.00417	0.00083	0.00417	0.00333	0.00333	0.83663
3	0.15537	0.01414	0.03724	0.01162	0.01563	0.01537	0.00965	0.36564	0.26557	0.02927	0.01558	0.01522	0.01144	0.00675	0.00530	0.00177	0.00537	0.00513	0.00520	0.00873
4	0.01400	0.01209	0.01273	0.01145	0.01463	0.01400	0.00891	0.02990	0.75695	0.02354	0.02291	0.02100	0.01718	0.00764	0.00573	0.00191	0.00445	0.00636	0.00573	0.00891
5	0.00901	0.00517	0.00724	0.00716	0.00765	0.00498	0.00496	0.00825	0.01005	0.01360	0.20979	0.04546	0.07596	0.01703	0.01654	0.53889	0.00412	0.00704	0.00369	0.00341
6	0.01160	0.00625	0.00808	0.00803	0.00968	0.00556	0.00585	0.01297	0.01252	0.21120	0.03326	0.46601	0.15818	0.01427	0.00669	0.00208	0.00359	0.01259	0.00568	0.00590
7	0.04021	0.01016	0.01102	0.01001	0.01265	0.01136	0.00774	0.02371	0.51087	0.02331	0.24326	0.02686	0.02751	0.00871	0.00592	0.00186	0.00391	0.00739	0.00579	0.00774
8	0.00978	0.00489	0.00733	0.00733	0.00733	0.00489	0.00489	0.00733	0.00733	0.00978	0.00978	0.01711	0.00978	0.01955	0.02199	0.83627	0.00489	0.00489	0.00244	0.00244
9	0.01443	0.00911	0.00954	0.00809	0.01054	0.00973	0.00640	0.28263	0.01708	0.02602	0.01656	0.01867	0.01281	0.02840	0.00523	0.00156	0.00401	0.00526	0.50714	0.00678
10	0.00799	0.00602	0.00703	0.00723	0.00865	0.00559	0.00524	0.01061	0.07015	0.03613	0.16550	0.30595	0.31465	0.01425	0.00674	0.00201	0.00313	0.01243	0.00547	0.00523
11	0.00804	0.00603	0.00904	0.00904	0.01005	0.00703	0.00703	0.01005	0.00904	0.01306	0.01507	0.02211	0.01407	0.04221	0.77992	0.00904	0.01507	0.00603	0.00301	0.00502
12	0.01131	0.00616	0.00625	0.00595	0.00754	0.00633	0.00454	0.06070	0.03878	0.02200	0.01821	0.02050	0.01421	0.00661	0.00410	0.00136	0.00291	0.00527	0.75162	0.00565
13	0.00882	0.00637	0.00798	0.00763	0.00918	0.00608	0.00585	0.01224	0.06947	0.03949	0.53524	0.04295	0.11397	0.03339	0.00726	0.00197	0.00317	0.07749	0.00592	0.00556
14	0.00710	0.00531	0.00662	0.00740	0.00822	0.00489	0.00513	0.00869	0.02685	0.01578	0.13123	0.54092	0.17923	0.01598	0.00698	0.00214	0.00313	0.01425	0.00536	0.00479
15	0.01088	0.00932	0.00978	0.00904	0.01163	0.01001	0.00696	0.02057	0.43381	0.02036	0.08011	0.03468	0.29938	0.01035	0.00613	0.00190	0.00375	0.00866	0.00557	0.00713
16	0.02267	0.01371	0.01562	0.01197	0.01643	0.01441	0.00989	0.50915	0.02302	0.27952	0.01639	0.01538	0.01102	0.00683	0.00564	0.00171	0.00573	0.00526	0.00607	0.00957
17	0.02675	0.00585	0.00678	0.00712	0.00826	0.00550	0.00502	0.03878	0.01237	0.01655	0.11225	0.36868	0.24848	0.07241	0.00828	0.00228	0.00336	0.01250	0.03391	0.00488
18	0.01139	0.00977	0.01027	0.00951	0.01220	0.01067	0.00738	0.02202	0.48404	0.02054	0.03446	0.03348	0.26578	0.01011	0.00610	0.00193	0.00395	0.03347	0.00554	0.00740
19	0.00680	0.00571	0.00591	0.00586	0.00769	0.00481	0.00439	0.00837	0.01318	0.01604	0.13752	0.05278	0.68380	0.01394	0.00665	0.00189	0.00283	0.01168	0.00534	0.00481
20	0.00927	0.00732	0.00864	0.00909	0.01039	0.00774	0.00653	0.01524	0.25840	0.01746	0.02830	0.52451	0.03047	0.01427	0.00671	0.00217	0.00370	0.02837	0.00539	0.00602
21	0.00979	0.00599	0.00776	0.00818	0.00908	0.00576	0.00598	0.01100	0.01106	0.09161	0.02537	0.26589	0.02795	0.27629	0.01431	0.00336	0.00467	0.20627	0.00479	0.00487
22	0.00782	0.00549	0.00687	0.00692	0.00761	0.00521	0.00466	0.00926	0.01234	0.01708	0.37186	0.18955	0.03914	0.27507	0.01405	0.00309	0.00370	0.01066	0.00508	0.00453
23	0.01393	0.01337	0.02284	0.03454	0.76712	0.01337	0.01727	0.01727	0.01281	0.01839	0.01059	0.01393	0.00891	0.00501	0.00557	0.00167	0.00669	0.00501	0.00279	0.00891
24	0.00768	0.00553	0.00744	0.00854	0.00933	0.00528	0.00648	0.00936	0.01202	0.01593	0.09522	0.46286	0.06100	0.01629	0.00731	0.00233	0.00384	0.25341	0.00529	0.00485
25	0.01840	0.00822	0.01094	0.00890	0.01209	0.00730	0.00715	0.03629	0.01619	0.46321	0.29522	0.02823	0.04533	0.00879	0.00604	0.00175	0.00399	0.00745	0.00661	0.00790
26	0.02102	0.02682	0.01595	0.01450	0.01740	0.77963	0.01087	0.02247	0.01595	0.01377	0.00870	0.01015	0.00725	0.00580	0.00507	0.00145	0.01015	0.00362	0.00290	0.00652
27	0.00788	0.00565	0.00761	0.00833	0.00928	0.00538	0.00639	0.00989	0.01313	0.01782	0.27391	0.33057	0.04106	0.01498	0.00718	0.00220	0.00363	0.22459	0.00553	0.00500
28	0.02525	0.00958	0.01306	0.01001	0.01437	0.00827	0.00827	0.02743	0.01611	0.77102	0.02220	0.01915	0.01393	0.00697	0.00566	0.00174	0.00479	0.00566	0.00697	0.00958
29	0.00686	0.00490	0.00653	0.00784	0.00816	0.00457	0.00522	0.00784	0.01077	0.01437	0.03102	0.79855	0.03722	0.01763	0.00718	0.00229	0.00326	0.01600	0.00522	0.00457
30	0.01231	0.01231	0.01724	0.01477	0.01477	0.01724	0.01231	0.01354	0.00862	0.01354	0.00739	0.01231	0.00739	0.00985	0.01847	0.00246	0.79192	0.00492	0.00246	0.00616
31	0.01063	0.01000	0.01688	0.78870	0.03876	0.01250	0.01563	0.01438	0.01125	0.01438	0.01000	0.01500	0.00750	0.00563	0.00563	0.00188	0.00750	0.00500	0.00250	0.00625
32	0.00759	0.00542	0.00737	0.00867	0.00932	0.00520	0.00650	0.00910	0.01150	0.01519	0.03061	0.55466	0.03562	0.01694	0.00738	0.00239	0.00390	0.25265	0.00521	0.00477
33	0.00804	0.00603	0.00904	0.00904	0.01005	0.00703	0.00703	0.01005	0.00904	0.01306	0.01507	0.02211	0.01407	0.04221	0.77992	0.00904	0.01507	0.00603	0.00301	0.00502
34	0.01505	0.80561	0.02949	0.00963	0.01444	0.02227	0.00963	0.01685	0.01143	0.01324	0.00782	0.00903	0.00722	0.00481	0.00361	0.00120	0.00602	0.00301	0.00241	0.00722
35	0.01063	0.01000	0.01688	0.78870	0.03876	0.01250	0.01563	0.01438	0.01125	0.01438	0.01000	0.01500	0.00750	0.00563	0.00563	0.00188	0.00750	0.00500	0.00250	0.00625
36	0.02525	0.00958	0.01306	0.01001	0.01437	0.00827	0.00827	0.02743	0.01611	0.77102	0.02220	0.01915	0.01393	0.00697	0.00566	0.00174	0.00479	0.00566	0.00697	0.00958
37	0.01240	0.01346	0.02779	0.27753	0.03251	0.01366	0.50412	0.01682	0.01261	0.01682	0.01093	0.01512	0.00819	0.00504	0.00630	0.00189	0.00883	0.00610	0.00273	0.00715
38	0.01470	0.01244	0.01312	0.01159	0.01490	0.01432	0.00908	0.09784	0.68787	0.02467	0.02202	0.02029	0.01646	0.00755	0.00572	0.00189	0.00462	0.00624	0.00572	0.00897
39	0.00842	0.00604	0.00831	0.00957	0.01063	0.00593	0.00793	0.01056	0.01238	0.01615	0.03091	0.25429	0.05494	0.01605	0.00759	0.00249	0.00462	0.52298	0.00519	0.00501
40	0.02139	0.01576	0.01689	0.01295	0.01745	0.01745	0.01070	0.74835	0.02646	0.03547	0.01351	0.01351	0.00957	0.00676	0.00563	0.00169	0.00619	0.00507	0.00563	0.00957
41	0.01151	0.07449	0.72961	0.01567	0.02378	0.01361	0.02014	0.01777	0.01186	0.01755	0.00997	0.01171	0.00713	0.00532	0.00525	0.00175	0.00818	0.00409	0.00238	0.00825
42	0.03444	0.00910	0.01090	0.00940	0.01229	0.00924	0.00740	0.02212	0.26170	0.24387	0.28164	0.02754	0.02853	0.00874	0.00597	0.00181	0.00392	0.00741	0.00620	0.00778
43	0.02102	0.02682	0.01595	0.01450	0.01740	0.77963	0.01087	0.02247	0.01595	0.01377	0.00870	0.01015	0.00725	0.00580	0.00507	0.00145	0.01015	0.00362	0.00290	0.00652
44	0.00682	0.00506	0.00637	0.00741	0.00805	0.00461	0.00504	0.00788	0.01118	0.01453	0.03615	0.65170	0.18076	0.01696	0.00708	0.00221	0.00318	0.01519	0.00522	0.00461
45	0.01393	0.01337	0.02284	0.03454	0.76712	0.01337	0.01727	0.01727	0.01281	0.01839	0.01059	0.01393	0.00891	0.00501	0.00557	0.00167	0.00669	0.00501	0.00279	0.00891
46	0.19377	0.01454	0.01937	0.01991	0.23337	0.08865	0.15652	0.13256	0.01467	0.02189	0.01249	0.01450	0.04177	0.00577	0.00534	0.00172	0.00683	0.00509	0.00352	0.00773
47	0.01246	0.01244	0.02074	0.01620	0.05261	0.01230	0.25883	0.01547	0.01156	0.01712	0.00989	0.01311	0.00821	0.00572	0.00838	0.00161	0.18882	0.00490	0.00294	0.32670
48	0.24793	0.00722	0.00700	0.00660	0.00782	0.00761	0.00433	0.01085	0.00874	0.01536	0.01454	0.02775	0.01579	0.53774	0.02033	0.00418	0.00508	0.00649	0.00343	0.04121
49	0.07328	0.00774	0.00834	0.00763	0.00881	0.00813	0.00515	0.14551	0.01212	0.01713	0.03524	0.08562	0.03336	0.50574	0.02003	0.00410	0.00524	0.00790	0.00405	0.00490
50	0.07524	0.01243	0.01922	0.02629	0.51705	0.01249	0.01416	0.05141	0.03834	0.13185	0.03814	0.01553	0.01125	0.00570	0.00548	0.00170	0.00600	0.00519	0.00380	0.00872
51	0.16077	0.00925	0.00880	0.00804	0.01014	0.08187	0.00618	0.05274	0.01505	0.02219	0.44438	0.03264	0.10748	0.00983	0.00586	0.00174	0.00390	0.00814	0.00526	0.00575
52	0.01519	0.01241	0.01327	0.01138	0.01479	0.01396	0.00899	0.19261	0.51337	0.02604	0.07361	0.02051	0.01774	0.00760	0.00572	0.00182	0.00471	0.00625	0.00566	0.03435
53	0.13377	0.01301	0.02073	0.03061	0.65767	0.01326	0.01565	0.01717	0.01235	0.01938	0.01019	0.01324	0.00851	0.00504	0.00527	0.00168	0.00635	0.00473	0.00289	0.00851

[dist]
# distance from previous block
# <min> <max>
5	29

[block]
# block no. 2 follows, 42 sequences, length 13
# corresponding to MSA columns:
# 378-390
name=unknown_C
#
# <colnr> <probs for GDERKNQSTAVLIFYWHMCP>
#	G	D	E	R	K	N	Q	S	T	A	V	L	I	F	Y	W	H	M	C	P
0	0.06899	0.60022	0.13339	0.01066	0.01579	0.06177	0.01106	0.01728	0.01162	0.01471	0.00820	0.00950	0.00714	0.00497	0.00393	0.00133	0.00646	0.00321	0.00250	0.00727
1	0.01553	0.40942	0.13919	0.01267	0.01718	0.19340	0.03690	0.01802	0.01234	0.01425	0.00845	0.01023	0.00727	0.00558	0.00567	0.00149	0.07910	0.00362	0.00254	0.00715
2	0.01129	0.02911	0.77306	0.01604	0.02436	0.01307	0.02079	0.01782	0.01188	0.01782	0.01010	0.01188	0.00713	0.00535	0.00535	0.00178	0.00832	0.00416	0.00238	0.00832
3	0.20720	0.01157	0.01141	0.00948	0.01317	0.06263	0.00752	0.01943	0.17008	0.08311	0.03298	0.03720	0.01204	0.00624	0.00509	0.00150	0.02752	0.00471	0.00425	0.27288
4	0.84197	0.01088	0.00827	0.00740	0.01088	0.01262	0.00609	0.01654	0.00958	0.02525	0.00784	0.00914	0.00609	0.00522	0.00348	0.00174	0.00435	0.00305	0.00348	0.00609
5	0.00665	0.00570	0.00570	0.00570	0.00760	0.00475	0.00428	0.00808	0.01283	0.01520	0.05701	0.05416	0.76483	0.01425	0.00665	0.00190	0.00285	0.01188	0.00523	0.00475
6	0.01129	0.02911	0.77306	0.01604	0.02436	0.01307	0.02079	0.01782	0.01188	0.01782	0.01010	0.01188	0.00713	0.00535	0.00535	0.00178	0.00832	0.00416	0.00238	0.00832
7	0.00907	0.00648	0.00907	0.01036	0.01166	0.00648	0.00907	0.01166	0.01296	0.01684	0.02980	0.06348	0.03239	0.01555	0.00777	0.00259	0.00518	0.72924	0.00518	0.00518
8	0.01376	0.01384	0.02555	0.03171	0.57410	0.01360	0.20812	0.01747	0.01294	0.01829	0.01079	0.01426	0.00882	0.00494	0.00585	0.00173	0.00742	0.00544	0.00280	0.00857
9	0.00762	0.00574	0.00705	0.00672	0.00820	0.00516	0.00504	0.00995	0.01512	0.02064	0.57913	0.04521	0.23932	0.01222	0.00664	0.00180	0.00271	0.01062	0.00594	0.00516
10	0.00779	0.00584	0.00743	0.00835	0.00957	0.00548	0.00668	0.00962	0.01235	0.01572	0.03799	0.25311	0.24547	0.01572	0.00729	0.00231	0.00401	0.33517	0.00521	0.00490
11	0.22834	0.01050	0.01467	0.49458	0.02869	0.01308	0.01275	0.01485	0.01051	0.01713	0.00913	0.01316	0.00712	0.00601	0.00655	0.00191	0.09759	0.00448	0.00275	0.00620
12	0.11867	0.01338	0.05850	0.01025	0.01432	0.09712	0.00858	0.02075	0.18555	0.11479	0.05539	0.01596	0.01306	0.00611	0.00494	0.00149	0.00518	0.00475	0.00441	0.24679

[dist]
# distance from previous block
# <min> <max>
2	23

[block]
# block no. 3 follows, 42 sequences, length 7
# corresponding to MSA columns:
# 418-424
name=unknown_D
#
# <colnr> <probs for GDERKNQSTAVLIFYWHMCP>
#	G	D	E	R	K	N	Q	S	T	A	V	L	I	F	Y	W	H	M	C	P
0	0.01613	0.01192	0.01346	0.01138	0.01467	0.01268	0.00932	0.44046	0.02043	0.02746	0.01909	0.13197	0.01808	0.00992	0.00619	0.00190	0.00544	0.15834	0.00532	0.06587
1	0.01255	0.00989	0.01569	0.53489	0.03038	0.01194	0.01347	0.01571	0.01195	0.11482	0.06991	0.01734	0.01188	0.00675	0.00721	0.00192	0.09825	0.00548	0.00337	0.00661
2	0.01573	0.01258	0.01132	0.01013	0.01286	0.17877	0.00776	0.06990	0.10989	0.17576	0.02753	0.14731	0.17688	0.01002	0.00599	0.00181	0.00537	0.00822	0.00517	0.00700
3	0.02139	0.01576	0.01689	0.01295	0.01745	0.01745	0.01070	0.74835	0.02646	0.03547	0.01351	0.01351	0.00957	0.00676	0.00563	0.00169	0.00619	0.00507	0.00563	0.00957
4	0.04717	0.00721	0.04586	0.00777	0.00955	0.00612	0.00638	0.01133	0.01522	0.02205	0.63967	0.04050	0.04716	0.01119	0.00651	0.00183	0.00319	0.06000	0.00581	0.00549
5	0.01208	0.19210	0.61699	0.01469	0.02228	0.01500	0.01845	0.01762	0.01179	0.01686	0.00962	0.01128	0.00715	0.00523	0.00498	0.00166	0.00783	0.00392	0.00238	0.00809
6	0.01308	0.01379	0.02542	0.02284	0.17899	0.01511	0.33537	0.01629	0.01154	0.01652	0.00981	0.01391	0.00821	0.00660	0.01058	0.00205	0.28414	0.00570	0.00270	0.00736

[dist]
# distance from previous block
# <min> <max>
0	1

[block]
# block no. 4 follows, 42 sequences, length 14
# corresponding to MSA columns:
# 427-440
name=unknown_E
#
# <colnr> <probs for GDERKNQSTAVLIFYWHMCP>
#	G	D	E	R	K	N	Q	S	T	A	V	L	I	F	Y	W	H	M	C	P
0	0.02078	0.01137	0.01463	0.01154	0.01497	0.01197	0.00954	0.15773	0.01607	0.41681	0.01649	0.01610	0.01130	0.00741	0.00847	0.00184	0.18332	0.00524	0.00548	0.05894
1	0.01155	0.15694	0.01267	0.00807	0.01111	0.01089	0.00673	0.17741	0.01566	0.01943	0.03800	0.03655	0.45266	0.01080	0.00585	0.00172	0.00420	0.00868	0.00479	0.00630
2	0.01786	0.20367	0.16001	0.01368	0.01802	0.46531	0.01244	0.02033	0.01417	0.01441	0.00876	0.01022	0.00722	0.00549	0.00479	0.00146	0.00887	0.00358	0.00269	0.00702
3	0.01310	0.02868	0.63207	0.01575	0.02306	0.15582	0.01895	0.01869	0.01264	0.01707	0.00984	0.01156	0.00715	0.00543	0.00530	0.00172	0.00866	0.00406	0.00247	0.00798
4	0.01887	0.01337	0.01330	0.01122	0.01403	0.18411	0.00897	0.02059	0.01415	0.33609	0.02202	0.02151	0.13273	0.00842	0.00807	0.00184	0.15227	0.00607	0.00492	0.00747
5	0.02139	0.01576	0.01689	0.01295	0.01745	0.01745	0.01070	0.74835	0.02646	0.03547	0.01351	0.01351	0.00957	0.00676	0.00563	0.00169	0.00619	0.00507	0.00563	0.00957
6	0.10037	0.01656	0.33419	0.01189	0.01646	0.01027	0.01285	0.01499	0.01069	0.05725	0.01256	0.01620	0.01025	0.02063	0.32487	0.00477	0.01049	0.00489	0.00301	0.00679
7	0.01705	0.02105	0.45937	0.01355	0.02023	0.01109	0.01562	0.02179	0.01363	0.32871	0.01509	0.01488	0.00994	0.00601	0.00548	0.00177	0.00686	0.00478	0.00427	0.00884
8	0.02102	0.02682	0.01595	0.01450	0.01740	0.77963	0.01087	0.02247	0.01595	0.01377	0.00870	0.01015	0.00725	0.00580	0.00507	0.00145	0.01015	0.00362	0.00290	0.00652
9	0.02139	0.01576	0.01689	0.01295	0.01745	0.01745	0.01070	0.74835	0.02646	0.03547	0.01351	0.01351	0.00957	0.00676	0.00563	0.00169	0.00619	0.00507	0.00563	0.00957
10	0.01503	0.00753	0.00971	0.00883	0.01156	0.00670	0.00731	0.01710	0.01422	0.32764	0.03479	0.04240	0.24347	0.01162	0.00657	0.00203	0.00432	0.21638	0.00593	0.00687
11	0.00809	0.00608	0.00770	0.00834	0.00966	0.00579	0.00665	0.01057	0.03772	0.01716	0.15481	0.19337	0.20206	0.01472	0.00716	0.00222	0.00386	0.29352	0.00538	0.00512
12	0.02139	0.01576	0.01689	0.01295	0.01745	0.01745	0.01070	0.74835	0.02646	0.03547	0.01351	0.01351	0.00957	0.00676	0.00563	0.00169	0.00619	0.00507	0.00563	0.00957
13	0.00721	0.00574	0.00616	0.00630	0.00778	0.00507	0.00465	0.00850	0.01198	0.01459	0.04666	0.05197	0.54465	0.16114	0.01087	0.00264	0.00360	0.09107	0.00488	0.00455

[dist]
# distance from previous block
# <min> <max>
7	10

[block]
# block no. 5 follows, 42 sequences, length 19
# corresponding to MSA columns:
# 452-470
name=unknown_F
#
# <colnr> <probs for GDERKNQSTAVLIFYWHMCP>
#	G	D	E	R	K	N	Q	S	T	A	V	L	I	F	Y	W	H	M	C	P
0	0.01505	0.80561	0.02949	0.00963	0.01444	0.02227	0.00963	0.01685	0.01143	0.01324	0.00782	0.00903	0.00722	0.00481	0.00361	0.00120	0.00602	0.00301	0.00241	0.00722
1	0.00686	0.00490	0.00653	0.00784	0.00816	0.00457	0.00522	0.00784	0.01077	0.01437	0.03102	0.79855	0.03722	0.01763	0.00718	0.00229	0.00326	0.01600	0.00522	0.00457
2	0.01393	0.01337	0.02284	0.03454	0.76712	0.01337	0.01727	0.01727	0.01281	0.01839	0.01059	0.01393	0.00891	0.00501	0.00557	0.00167	0.00669	0.00501	0.00279	0.00891
3	0.00796	0.00575	0.00752	0.00708	0.00841	0.00531	0.00531	0.01062	0.01593	0.02257	0.76415	0.04204	0.05310	0.01150	0.00664	0.00177	0.00265	0.01018	0.00619	0.00531
4	0.01505	0.80561	0.02949	0.00963	0.01444	0.02227	0.00963	0.01685	0.01143	0.01324	0.00782	0.00903	0.00722	0.00481	0.00361	0.00120	0.00602	0.00301	0.00241	0.00722
5	0.00796	0.00575	0.00752	0.00708	0.00841	0.00531	0.00531	0.01062	0.01593	0.02257	0.76415	0.04204	0.05310	0.01150	0.00664	0.00177	0.00265	0.01018	0.00619	0.00531
6	0.01231	0.01231	0.01724	0.01477	0.01477	0.01724	0.01231	0.01354	0.00862	0.01354	0.00739	0.01231	0.00739	0.00985	0.01847	0.00246	0.79192	0.00492	0.00246	0.00616
7	0.01063	0.01000	0.01688	0.78870	0.03876	0.01250	0.01563	0.01438	0.01125	0.01438	0.01000	0.01500	0.00750	0.00563	0.00563	0.00188	0.00750	0.00500	0.00250	0.00625
8	0.01393	0.01337	0.02284	0.03454	0.76712	0.01337	0.01727	0.01727	0.01281	0.01839	0.01059	0.01393	0.00891	0.00501	0.00557	0.00167	0.00669	0.00501	0.00279	0.00891
9	0.02102	0.02682	0.01595	0.01450	0.01740	0.77963	0.01087	0.02247	0.01595	0.01377	0.00870	0.01015	0.00725	0.00580	0.00507	0.00145	0.01015	0.00362	0.00290	0.00652
10	0.02139	0.01576	0.01689	0.01295	0.01745	0.01745	0.01070	0.74835	0.02646	0.03547	0.01351	0.01351	0.00957	0.00676	0.00563	0.00169	0.00619	0.00507	0.00563	0.00957
11	0.02139	0.01576	0.01689	0.01295	0.01745	0.01745	0.01070	0.74835	0.02646	0.03547	0.01351	0.01351	0.00957	0.00676	0.00563	0.00169	0.00619	0.00507	0.00563	0.00957
12	0.01129	0.02911	0.77306	0.01604	0.02436	0.01307	0.02079	0.01782	0.01188	0.01782	0.01010	0.01188	0.00713	0.00535	0.00535	0.00178	0.00832	0.00416	0.00238	0.00832
13	0.02139	0.01576	0.01689	0.01295	0.01745	0.01745	0.01070	0.74835	0.02646	0.03547	0.01351	0.01351	0.00957	0.00676	0.00563	0.00169	0.00619	0.00507	0.00563	0.00957
14	0.01075	0.00845	0.00878	0.00770	0.01024	0.00826	0.00600	0.21086	0.01639	0.02059	0.04360	0.04237	0.52971	0.04209	0.00721	0.00198	0.00386	0.00987	0.00527	0.00602
15	0.01232	0.24181	0.56938	0.01428	0.02164	0.01559	0.01773	0.01756	0.01176	0.01657	0.00948	0.01110	0.00715	0.00520	0.00487	0.00162	0.00769	0.00384	0.00238	0.00802
16	0.01117	0.00811	0.00975	0.00962	0.01123	0.00839	0.00730	0.21125	0.01540	0.02052	0.02604	0.47333	0.02892	0.01434	0.00685	0.00217	0.00435	0.11991	0.00533	0.00603
17	0.23699	0.00760	0.00879	0.03539	0.01191	0.00812	0.00799	0.01260	0.01170	0.01875	0.02327	0.14009	0.02496	0.01265	0.00645	0.00230	0.00479	0.41562	0.00463	0.00539
18	0.00779	0.00529	0.00625	0.00664	0.00674	0.00519	0.00395	0.00808	0.00895	0.01194	0.02167	0.26262	0.02543	0.56965	0.02228	0.00452	0.00481	0.01050	0.00395	0.00375

[dist]
# distance from previous block
# <min> <max>
33	96

[block]
# block no. 6 follows, 42 sequences, length 6
# corresponding to MSA columns:
# 581-586
name=unknown_G
#
# <colnr> <probs for GDERKNQSTAVLIFYWHMCP>
#	G	D	E	R	K	N	Q	S	T	A	V	L	I	F	Y	W	H	M	C	P
0	0.01006	0.00686	0.00962	0.00838	0.00980	0.00653	0.07392	0.01135	0.01105	0.08629	0.11981	0.03509	0.11388	0.40892	0.06121	0.00405	0.00563	0.00839	0.00426	0.00489
1	0.02032	0.01502	0.01476	0.01210	0.01599	0.12946	0.00969	0.28250	0.21274	0.20163	0.01727	0.01628	0.01222	0.00689	0.00558	0.00172	0.00601	0.00533	0.00556	0.00894
2	0.23263	0.01704	0.22546	0.02226	0.36229	0.01309	0.01528	0.01723	0.01170	0.02005	0.00972	0.01210	0.00768	0.00516	0.00496	0.00172	0.00652	0.00426	0.00286	0.00800
3	0.09021	0.00678	0.00896	0.00872	0.01034	0.00710	0.00666	0.01301	0.01077	0.14311	0.01998	0.23406	0.01966	0.02594	0.36186	0.00525	0.00906	0.00843	0.00434	0.00577
4	0.00836	0.00557	0.00711	0.00762	0.00870	0.00507	0.00547	0.00985	0.01242	0.06766	0.14932	0.45793	0.16682	0.01524	0.00693	0.00212	0.00330	0.04993	0.00549	0.00509
5	0.01528	0.01129	0.01253	0.01092	0.01385	0.01234	0.00850	0.28126	0.25057	0.06479	0.02173	0.23221	0.01980	0.01004	0.00609	0.00192	0.00477	0.00851	0.00562	0.00799

[dist]
# distance from previous block
# <min> <max>
0	3

[block]
# block no. 7 follows, 42 sequences, length 13
# corresponding to MSA columns:
# 590-602
name=unknown_H
#
# <colnr> <probs for GDERKNQSTAVLIFYWHMCP>
#	G	D	E	R	K	N	Q	S	T	A	V	L	I	F	Y	W	H	M	C	P
0	0.00945	0.00643	0.00828	0.00774	0.00936	0.00611	0.00595	0.01292	0.06311	0.06689	0.62700	0.04066	0.04718	0.01124	0.00659	0.00183	0.00305	0.05427	0.00615	0.00579
1	0.00836	0.00616	0.00899	0.00938	0.01049	0.00679	0.00761	0.01058	0.01056	0.01464	0.05034	0.03596	0.02144	0.03255	0.50493	0.00671	0.01145	0.23415	0.00383	0.00509
2	0.01162	0.01020	0.01370	0.28636	0.02253	0.00962	0.00999	0.03881	0.01202	0.01750	0.01012	0.01292	0.00808	0.00477	0.00474	0.00123	0.00542	0.00399	0.00311	0.51328
3	0.01180	0.02604	0.62663	0.01965	0.16933	0.01313	0.02011	0.01771	0.01206	0.01793	0.01019	0.01228	0.00748	0.00528	0.00539	0.00176	0.00800	0.00433	0.00246	0.00843
4	0.00970	0.08950	0.08346	0.01025	0.01228	0.00942	0.00923	0.01222	0.01257	0.01714	0.19013	0.14357	0.02991	0.01220	0.00804	0.00213	0.09682	0.24112	0.00456	0.00574
5	0.06240	0.01352	0.10202	0.01167	0.01514	0.08779	0.07870	0.01927	0.18717	0.06891	0.26380	0.02444	0.02523	0.00801	0.00587	0.00178	0.00537	0.00688	0.00488	0.00716
6	0.01436	0.04907	0.23807	0.28994	0.02693	0.01460	0.01536	0.24467	0.01619	0.02192	0.01104	0.01339	0.00803	0.00587	0.00547	0.00176	0.00727	0.00470	0.00344	0.00793
7	0.03714	0.01633	0.27809	0.01192	0.01675	0.01063	0.01233	0.01710	0.01223	0.14762	0.06430	0.04031	0.01304	0.03147	0.00761	0.00180	0.10294	0.00522	0.00378	0.16940
8	0.02590	0.00845	0.01146	0.01130	0.08217	0.00862	0.00785	0.01597	0.03394	0.20356	0.16897	0.02554	0.04935	0.09990	0.02886	0.05416	0.09682	0.00682	0.03301	0.02737
9	0.34328	0.08612	0.01288	0.00942	0.01287	0.01112	0.05345	0.01791	0.01238	0.19940	0.08271	0.06560	0.01585	0.00747	0.00496	0.00178	0.00477	0.04650	0.00461	0.00691
10	0.10494	0.19756	0.01762	0.01063	0.01506	0.04422	0.00911	0.25904	0.01733	0.17900	0.01290	0.01289	0.00937	0.00592	0.00479	0.00151	0.00564	0.00429	0.00462	0.08356
11	0.07027	0.01141	0.01284	0.05700	0.01541	0.04471	0.00892	0.23710	0.04527	0.19918	0.01901	0.15170	0.01653	0.00896	0.00583	0.00185	0.00531	0.05179	0.00534	0.03157
12	0.07664	0.01142	0.01347	0.01075	0.01433	0.05796	0.05377	0.12229	0.04099	0.21436	0.11561	0.01886	0.01641	0.00795	0.02816	0.00183	0.03221	0.00561	0.03650	0.12088

[dist]
# distance from previous block
# <min> <max>
10	36

[block]
# block no. 8 follows, 42 sequences, length 13
# corresponding to MSA columns:
# 640-652
name=unknown_I
#
# <colnr> <probs for GDERKNQSTAVLIFYWHMCP>
#	G	D	E	R	K	N	Q	S	T	A	V	L	I	F	Y	W	H	M	C	P
0	0.19753	0.01300	0.01238	0.08654	0.01609	0.13151	0.00885	0.05520	0.15520	0.15544	0.05958	0.04193	0.01394	0.00695	0.00518	0.00174	0.00561	0.00537	0.00466	0.02329
1	0.09489	0.01074	0.01181	0.01060	0.03144	0.05281	0.00830	0.05481	0.14719	0.21008	0.02081	0.06133	0.04226	0.00848	0.00567	0.00180	0.00494	0.11129	0.00519	0.10557
2	0.11366	0.00904	0.01084	0.00934	0.01183	0.00947	0.00746	0.06656	0.06026	0.16562	0.26493	0.06110	0.02657	0.00920	0.00712	0.00184	0.08587	0.02839	0.00535	0.04556
3	0.14931	0.01101	0.01378	0.01115	0.01468	0.03464	0.10761	0.05459	0.13200	0.17716	0.05082	0.02358	0.14808	0.00793	0.00589	0.00181	0.02184	0.00661	0.00495	0.02256
4	0.10685	0.01305	0.01320	0.01117	0.01403	0.12734	0.00894	0.06489	0.10749	0.20236	0.09806	0.01776	0.01531	0.00756	0.00753	0.00181	0.13619	0.00542	0.00478	0.03626
5	0.03488	0.01022	0.01582	0.12338	0.01917	0.00987	0.14251	0.04507	0.04411	0.20366	0.14726	0.02226	0.05304	0.00717	0.00584	0.00171	0.00553	0.00651	0.00479	0.09721
6	0.10622	0.01194	0.01642	0.36410	0.08261	0.01434	0.01314	0.17504	0.01413	0.02038	0.01020	0.01356	0.00789	0.00639	0.00723	0.00189	0.11929	0.00479	0.00331	0.00715
7	0.01583	0.01433	0.01492	0.01263	0.01604	0.17882	0.08558	0.04331	0.22613	0.10290	0.01792	0.06794	0.01505	0.00772	0.00576	0.00174	0.00627	0.06510	0.00461	0.09739
8	0.36826	0.01028	0.01053	0.00830	0.01252	0.00985	0.00677	0.01808	0.01175	0.18569	0.01174	0.01223	0.00860	0.00523	0.00420	0.00142	0.00438	0.00372	0.00419	0.30225
9	0.01393	0.01239	0.01665	0.15179	0.01932	0.01599	0.01224	0.17418	0.01310	0.01876	0.00960	0.01338	0.00815	0.00830	0.01283	0.00215	0.45103	0.00498	0.03435	0.00688
10	0.00765	0.00570	0.00722	0.00824	0.00888	0.00562	0.00563	0.01030	0.09402	0.01539	0.03011	0.71180	0.03498	0.01652	0.00702	0.00224	0.00340	0.01492	0.00528	0.00505
11	0.10560	0.01028	0.01238	0.17974	0.01809	0.01139	0.00929	0.24350	0.01665	0.02366	0.14574	0.13247	0.05033	0.00902	0.00583	0.00184	0.00511	0.00755	0.00473	0.00681
12	0.01063	0.01000	0.01688	0.78870	0.03876	0.01250	0.01563	0.01438	0.01125	0.01438	0.01000	0.01500	0.00750	0.00563	0.00563	0.00188	0.00750	0.00500	0.00250	0.00625

[dist]
# distance from previous block
# <min> <max>
5	10

[block]
# block no. 9 follows, 42 sequences, length 17
# corresponding to MSA columns:
# 665-681
name=unknown_J
#
# <colnr> <probs for GDERKNQSTAVLIFYWHMCP>
#	G	D	E	R	K	N	Q	S	T	A	V	L	I	F	Y	W	H	M	C	P
0	0.01026	0.00911	0.01353	0.34913	0.02246	0.01140	0.01091	0.01219	0.00963	0.01306	0.01184	0.02134	0.01162	0.26181	0.01613	0.00317	0.19831	0.00600	0.00278	0.00532
1	0.01092	0.01029	0.01698	0.04646	0.01722	0.01185	0.16350	0.01340	0.01128	0.01564	0.01760	0.09925	0.01829	0.01113	0.01105	0.00235	0.27486	0.23827	0.00366	0.00601
2	0.01396	0.01539	0.01658	0.54071	0.03192	0.25822	0.01411	0.01697	0.01276	0.01418	0.00958	0.01345	0.00742	0.00568	0.00545	0.00174	0.00835	0.00456	0.00263	0.00634
3	0.01404	0.01166	0.01654	0.51193	0.03080	0.01381	0.01366	0.24922	0.01598	0.02097	0.01112	0.01460	0.00825	0.00649	0.00622	0.03203	0.00699	0.00502	0.00350	0.00718
4	0.01166	0.01202	0.02323	0.49121	0.03512	0.01318	0.29992	0.01580	0.01204	0.01580	0.01054	0.01507	0.00791	0.00528	0.00602	0.00188	0.00827	0.00564	0.00264	0.00677
5	0.00686	0.00490	0.00653	0.00784	0.00816	0.00457	0.00522	0.00784	0.01077	0.01437	0.03102	0.79855	0.03722	0.01763	0.00718	0.00229	0.00326	0.01600	0.00522	0.00457
6	0.01193	0.02465	0.53608	0.01850	0.02598	0.01344	0.25330	0.01789	0.01233	0.01789	0.01051	0.01294	0.00758	0.00515	0.00576	0.00182	0.00869	0.00495	0.00253	0.00808
7	0.01063	0.01000	0.01688	0.78870	0.03876	0.01250	0.01563	0.01438	0.01125	0.01438	0.01000	0.01500	0.00750	0.00563	0.00563	0.00188	0.00750	0.00500	0.00250	0.00625
8	0.01328	0.01518	0.03321	0.02372	0.02941	0.01423	0.74668	0.01803	0.01328	0.01803	0.01139	0.01518	0.00854	0.00474	0.00664	0.00190	0.00949	0.00664	0.00285	0.00759
9	0.10031	0.01163	0.01232	0.00998	0.01349	0.01231	0.00809	0.38776	0.01993	0.07901	0.08774	0.02544	0.19077	0.00878	0.00574	0.00175	0.00482	0.00694	0.00546	0.00772
10	0.02139	0.01576	0.01689	0.01295	0.01745	0.01745	0.01070	0.74835	0.02646	0.03547	0.01351	0.01351	0.00957	0.00676	0.00563	0.00169	0.00619	0.00507	0.00563	0.00957
11	0.00686	0.00490	0.00653	0.00784	0.00816	0.00457	0.00522	0.00784	0.01077	0.01437	0.03102	0.79855	0.03722	0.01763	0.00718	0.00229	0.00326	0.01600	0.00522	0.00457
12	0.01505	0.80561	0.02949	0.00963	0.01444	0.02227	0.00963	0.01685	0.01143	0.01324	0.00782	0.00903	0.00722	0.00481	0.00361	0.00120	0.00602	0.00301	0.00241	0.00722
13	0.02146	0.01213	0.01421	0.01128	0.01542	0.01251	0.00919	0.25891	0.18744	0.36589	0.01958	0.01776	0.01327	0.00705	0.00567	0.00176	0.00516	0.00563	0.00626	0.00942
14	0.11157	0.01663	0.25619	0.01198	0.01741	0.01144	0.01226	0.07278	0.08054	0.32886	0.01617	0.01547	0.01086	0.00630	0.00532	0.00177	0.00594	0.00491	0.00490	0.00872
15	0.04675	0.01240	0.01572	0.01628	0.19168	0.07598	0.01071	0.07372	0.01583	0.45648	0.01729	0.01647	0.01165	0.00634	0.00552	0.00170	0.00577	0.00521	0.00544	0.00906
16	0.04966	0.01297	0.19636	0.01061	0.01470	0.00850	0.01027	0.01860	0.01354	0.31481	0.08397	0.20213	0.02076	0.00939	0.00593	0.00188	0.00509	0.00800	0.00523	0.00759

[dist]
# distance from previous block
# <min> <max>
28	110

[block]
# block no. 10 follows, 42 sequences, length 21
# corresponding to MSA columns:
# 819-839
name=unknown_K
#
# <colnr> <probs for GDERKNQSTAVLIFYWHMCP>
#	G	D	E	R	K	N	Q	S	T	A	V	L	I	F	Y	W	H	M	C	P
0	0.15645	0.01017	0.01299	0.01069	0.01401	0.01032	0.08894	0.05590	0.15153	0.14148	0.14536	0.08768	0.02073	0.00805	0.00561	0.00178	0.00470	0.00693	0.00510	0.06158
1	0.22647	0.01598	0.01328	0.01109	0.01478	0.19440	0.00883	0.26558	0.05039	0.02485	0.01374	0.01427	0.05389	0.00646	0.00492	0.00161	0.00624	0.00457	0.00427	0.06438
2	0.09685	0.01297	0.04774	0.01113	0.01558	0.02957	0.04244	0.18407	0.11543	0.16020	0.01553	0.01546	0.02616	0.00615	0.00515	0.00155	0.00533	0.00489	0.00481	0.19898
3	0.22897	0.01434	0.14750	0.01184	0.04637	0.02947	0.01036	0.08882	0.13202	0.07007	0.03199	0.11496	0.01410	0.00775	0.00559	0.00185	0.02619	0.00610	0.00429	0.00742
4	0.27690	0.01250	0.07131	0.30050	0.20438	0.01279	0.01336	0.01602	0.01114	0.01907	0.00946	0.01264	0.00737	0.00533	0.00491	0.00178	0.00636	0.00432	0.00287	0.00700
5	0.34971	0.01323	0.01230	0.01017	0.01382	0.05189	0.00826	0.31726	0.04865	0.02855	0.08358	0.01464	0.01256	0.00659	0.00484	0.00172	0.00524	0.00473	0.00469	0.00758
6	0.01538	0.01066	0.01225	0.01081	0.01362	0.01136	0.00859	0.28972	0.12668	0.09667	0.02229	0.22280	0.02111	0.01082	0.00632	0.00199	0.00492	0.10077	0.00561	0.00763
7	0.01127	0.01120	0.02097	0.48679	0.03338	0.01244	0.23198	0.01520	0.01202	0.01570	0.01232	0.01972	0.01020	0.00632	0.00613	0.00195	0.00787	0.07514	0.00286	0.00655
8	0.00686	0.00490	0.00653	0.00784	0.00816	0.00457	0.00522	0.00784	0.01077	0.01437	0.03102	0.79855	0.03722	0.01763	0.00718	0.00229	0.00326	0.01600	0.00522	0.00457
9	0.01326	0.01490	0.03151	0.02274	0.02803	0.01438	0.67742	0.01829	0.04429	0.01802	0.01166	0.01528	0.00884	0.00513	0.00722	0.00193	0.05004	0.00654	0.00295	0.00757
10	0.01063	0.01000	0.01688	0.78870	0.03876	0.01250	0.01563	0.01438	0.01125	0.01438	0.01000	0.01500	0.00750	0.00563	0.00563	0.00188	0.00750	0.00500	0.00250	0.00625
11	0.01231	0.01231	0.01724	0.01477	0.01477	0.01724	0.01231	0.01354	0.00862	0.01354	0.00739	0.01231	0.00739	0.00985	0.01847	0.00246	0.79192	0.00492	0.00246	0.00616
12	0.00915	0.00800	0.01281	0.48183	0.02674	0.00939	0.01154	0.01181	0.01106	0.01437	0.01826	0.32293	0.01918	0.01034	0.00624	0.00204	0.00584	0.00932	0.00357	0.00559
13	0.02139	0.01576	0.01689	0.01295	0.01745	0.01745	0.01070	0.74835	0.02646	0.03547	0.01351	0.01351	0.00957	0.00676	0.00563	0.00169	0.00619	0.00507	0.00563	0.00957
14	0.02139	0.01576	0.01689	0.01295	0.01745	0.01745	0.01070	0.74835	0.02646	0.03547	0.01351	0.01351	0.00957	0.00676	0.00563	0.00169	0.00619	0.00507	0.00563	0.00957
15	0.01265	0.30991	0.50417	0.01372	0.02077	0.01640	0.01676	0.01747	0.01172	0.01617	0.00928	0.01085	0.00716	0.00515	0.00472	0.00157	0.00749	0.00374	0.00239	0.00792
16	0.01441	0.32393	0.01931	0.01074	0.01456	0.01725	0.00919	0.02477	0.46397	0.01949	0.01698	0.01629	0.01327	0.00653	0.00490	0.00163	0.00507	0.00504	0.00442	0.00825
17	0.01269	0.01344	0.02351	0.01829	0.02053	0.01606	0.30091	0.01531	0.01045	0.01531	0.00896	0.01344	0.00784	0.00784	0.01382	0.00224	0.48444	0.00560	0.00261	0.00672
18	0.01688	0.38046	0.13678	0.01228	0.01711	0.20550	0.01178	0.12684	0.01483	0.01736	0.00923	0.01040	0.00756	0.00542	0.00453	0.00142	0.00740	0.00364	0.00300	0.00757
19	0.01511	0.02821	0.47553	0.01543	0.02162	0.31432	0.01689	0.01965	0.01348	0.01623	0.00955	0.01120	0.00718	0.00552	0.00524	0.00165	0.00904	0.00395	0.00258	0.00761
20	0.01192	0.01133	0.01922	0.49233	0.32499	0.01284	0.01627	0.01552	0.01187	0.01595	0.01023	0.01458	0.00806	0.00539	0.00560	0.00180	0.00718	0.00501	0.00261	0.00730

[dist]
# distance from previous block
# <min> <max>
6	31

[block]
