[name]
unknown

[dist]
# distance from previous block
# <min> <max>
5	54

[block]
# block no. 0 follows, 46 sequences, length 28
# corresponding to MSA columns:
# 56-83
name=unknown_A
#
# <colnr> <probs for GDERKNQSTAVLIFYWHMCP>
#	G	D	E	R	K	N	Q	S	T	A	V	L	I	F	Y	W	H	M	C	P
0	0.03429	0.08066	0.10689	0.05097	0.03565	0.03813	0.01060	0.36599	0.06344	0.05828	0.05260	0.01471	0.01136	0.01988	0.00541	0.00163	0.00574	0.00482	0.03109	0.00787
1	0.08075	0.19627	0.16731	0.01093	0.01563	0.01379	0.02896	0.17365	0.03428	0.11840	0.03862	0.03639	0.01061	0.00590	0.00469	0.00150	0.00561	0.00454	0.00385	0.04832
2	0.04616	0.07538	0.11076	0.03411	0.04310	0.08180	0.01086	0.29524	0.11366	0.08030	0.01327	0.01450	0.01001	0.00616	0.00505	0.00159	0.00600	0.02682	0.00428	0.02096
3	0.10658	0.29056	0.03184	0.03225	0.03078	0.06555	0.00911	0.19432	0.01414	0.04128	0.01101	0.06621	0.00968	0.02022	0.00538	0.00156	0.04232	0.00455	0.01571	0.00694
4	0.03058	0.07083	0.04094	0.01292	0.04267	0.04107	0.10526	0.30951	0.08007	0.09935	0.01459	0.01499	0.03645	0.00605	0.00514	0.00156	0.00581	0.00502	0.03360	0.04361
5	0.01547	0.31506	0.04548	0.01015	0.01429	0.08637	0.00904	0.21574	0.01514	0.04617	0.01251	0.03611	0.04568	0.00589	0.00445	0.00133	0.00566	0.00432	0.00357	0.10757
6	0.04181	0.03828	0.09981	0.01170	0.01615	0.04392	0.04950	0.30623	0.06947	0.05015	0.01204	0.02401	0.00916	0.00575	0.00521	0.00146	0.02532	0.00449	0.00409	0.18145
7	0.01119	0.06892	0.70403	0.01480	0.02227	0.01266	0.04007	0.01693	0.01128	0.03659	0.00970	0.01129	0.00691	0.00502	0.00498	0.00165	0.00764	0.00395	0.00236	0.00777
8	0.00648	0.00463	0.00617	0.00734	0.00768	0.00432	0.00491	0.00745	0.01028	0.01375	0.05398	0.78519	0.03546	0.01637	0.00673	0.00213	0.00305	0.01485	0.00494	0.00432
9	0.01453	0.76084	0.02679	0.00937	0.01377	0.07603	0.00913	0.01621	0.01104	0.01247	0.00741	0.00856	0.00679	0.00459	0.00349	0.00115	0.00593	0.00287	0.00229	0.00674
10	0.00823	0.00586	0.00714	0.00652	0.00826	0.00515	0.00492	0.01032	0.01368	0.05565	0.47532	0.03893	0.22577	0.03874	0.00674	0.00175	0.00284	0.00919	0.00533	0.06966
11	0.33093	0.01031	0.01012	0.03626	0.01257	0.01162	0.00717	0.10318	0.23086	0.07416	0.01420	0.01441	0.01057	0.00599	0.00436	0.00163	0.00424	0.00445	0.10599	0.00698
12	0.10019	0.01461	0.01506	0.01170	0.01580	0.03446	0.00964	0.67384	0.02309	0.03191	0.01207	0.01222	0.00862	0.00619	0.00508	0.00159	0.00574	0.00454	0.00503	0.00861
13	0.01289	0.15253	0.38106	0.01368	0.06441	0.01317	0.02550	0.03415	0.09535	0.07608	0.01144	0.01236	0.00850	0.00521	0.00476	0.00152	0.00638	0.00410	0.00308	0.07383
14	0.07559	0.01078	0.01640	0.36007	0.08354	0.03918	0.09323	0.01445	0.03524	0.01521	0.01173	0.03895	0.02588	0.00664	0.00706	0.00184	0.11892	0.03632	0.00282	0.00615
15	0.00769	0.00513	0.00577	0.00577	0.00577	0.00513	0.00320	0.00769	0.00769	0.01025	0.01666	0.03460	0.01922	0.81421	0.02691	0.00513	0.00513	0.00769	0.00320	0.00320
16	0.01842	0.10814	0.01704	0.01519	0.09953	0.62562	0.01075	0.02001	0.01421	0.01336	0.00828	0.00981	0.00698	0.00527	0.00467	0.00136	0.00877	0.00349	0.00266	0.00644
17	0.01160	0.00978	0.01131	0.00813	0.01280	0.00770	0.00653	0.06588	0.01194	0.01835	0.00963	0.01108	0.00791	0.00409	0.00401	0.00084	0.00405	0.00325	0.00328	0.78785
18	0.00644	0.00460	0.00613	0.00736	0.00767	0.00429	0.00491	0.00736	0.01012	0.01350	0.02914	0.81076	0.03497	0.01656	0.00675	0.00215	0.00307	0.01503	0.00491	0.00429
19	0.01083	0.01029	0.01756	0.54156	0.24717	0.01181	0.03351	0.01420	0.01102	0.01466	0.01013	0.03571	0.00822	0.00541	0.00533	0.00172	0.00677	0.00502	0.00250	0.00657
20	0.02158	0.00846	0.01140	0.00891	0.01259	0.00737	0.00729	0.02369	0.01486	0.67708	0.07885	0.01976	0.01594	0.00685	0.00528	0.00161	0.00421	0.00562	0.06022	0.00843
21	0.00644	0.00460	0.00613	0.00736	0.00767	0.00429	0.00491	0.00736	0.01012	0.01350	0.02914	0.81076	0.03497	0.01656	0.00675	0.00215	0.00307	0.01503	0.00491	0.00429
22	0.00755	0.00566	0.00850	0.00850	0.00944	0.00661	0.00661	0.00944	0.00850	0.01227	0.01416	0.02077	0.01322	0.03965	0.79326	0.00850	0.01416	0.00566	0.00283	0.00472
23	0.01816	0.04149	0.19923	0.01189	0.01686	0.01291	0.01153	0.30323	0.07074	0.23828	0.01466	0.01417	0.01002	0.00608	0.00518	0.00162	0.00581	0.00474	0.00482	0.00860
24	0.01461	0.04999	0.03090	0.07093	0.03755	0.03537	0.00859	0.07374	0.11304	0.15473	0.01315	0.01363	0.00979	0.00522	0.00463	0.00128	0.00486	0.00419	0.00404	0.34974
25	0.04026	0.17575	0.10495	0.05480	0.24515	0.24586	0.01288	0.03351	0.01267	0.01534	0.00881	0.01082	0.00728	0.00499	0.00465	0.00144	0.00725	0.00381	0.00260	0.00715
26	0.00860	0.00663	0.00841	0.00815	0.00945	0.00711	0.00600	0.01217	0.13355	0.01405	0.01754	0.13210	0.01742	0.17347	0.35104	0.00529	0.00851	0.00720	0.00363	0.06967
27	0.01196	0.01150	0.02006	0.24879	0.43658	0.01199	0.09646	0.01531	0.01160	0.01623	0.01007	0.01363	0.00809	0.00486	0.00527	0.00161	0.00659	0.00483	0.02790	0.03665

[dist]
# distance from previous block
# <min> <max>
0	1

[block]
# block no. 1 follows, 46 sequences, length 26
# corresponding to MSA columns:
# 85-110
name=unknown_B
#
# <colnr> <probs for GDERKNQSTAVLIFYWHMCP>
#	G	D	E	R	K	N	Q	S	T	A	V	L	I	F	Y	W	H	M	C	P
0	0.01013	0.00824	0.00916	0.02500	0.01097	0.00867	0.00649	0.07437	0.27370	0.02047	0.25229	0.03311	0.22663	0.00978	0.00585	0.00174	0.00348	0.00828	0.00531	0.00634
1	0.01163	0.12056	0.21545	0.01042	0.01553	0.02316	0.01051	0.01656	0.11302	0.01701	0.01139	0.01349	0.00926	0.00511	0.00446	0.00126	0.00531	0.02883	0.00314	0.36391
2	0.01041	0.00793	0.01106	0.04561	0.17284	0.00779	0.00814	0.01405	0.08670	0.08048	0.32572	0.03119	0.15862	0.00904	0.00583	0.00168	0.00384	0.00792	0.00486	0.00630
3	0.01380	0.01074	0.01465	0.01440	0.15337	0.05432	0.07620	0.01734	0.07373	0.15322	0.13534	0.03220	0.01664	0.00638	0.00553	0.00148	0.02505	0.00560	0.00419	0.18584
4	0.03921	0.01341	0.04305	0.05368	0.10780	0.13438	0.00956	0.03721	0.07281	0.01716	0.01015	0.01187	0.00824	0.00500	0.00513	0.00126	0.04567	0.00382	0.00313	0.37747
5	0.01685	0.01009	0.01563	0.01920	0.35148	0.00951	0.01113	0.01944	0.01374	0.34388	0.11756	0.01871	0.01594	0.00631	0.00540	0.00161	0.00502	0.00562	0.00471	0.00818
6	0.00966	0.00850	0.01341	0.24100	0.22692	0.00896	0.01077	0.01256	0.01275	0.01754	0.30845	0.02566	0.06695	0.00771	0.00569	0.00167	0.00484	0.00694	0.00390	0.00614
7	0.00677	0.00508	0.00637	0.00695	0.00785	0.00455	0.00483	0.00805	0.01114	0.01485	0.13271	0.53775	0.16242	0.01462	0.00645	0.00195	0.00297	0.01304	0.00494	0.04669
8	0.00880	0.00756	0.01088	0.01021	0.01078	0.00963	0.00813	0.01036	0.00851	0.01253	0.01305	0.08741	0.01302	0.02738	0.46272	0.00585	0.27915	0.00614	0.00284	0.00504
9	0.01416	0.35689	0.02754	0.01550	0.02014	0.12104	0.34142	0.01702	0.01208	0.01449	0.00894	0.01117	0.00733	0.00462	0.00483	0.00145	0.00761	0.00441	0.00251	0.00685
10	0.01975	0.02520	0.01498	0.01362	0.01634	0.79299	0.01021	0.02111	0.01498	0.01294	0.00817	0.00953	0.00681	0.00545	0.00477	0.00136	0.00953	0.00340	0.00272	0.00613
11	0.00695	0.00506	0.00657	0.00709	0.00792	0.00468	0.00510	0.00859	0.01222	0.01659	0.31109	0.41346	0.10000	0.01403	0.00655	0.00196	0.00294	0.05938	0.00525	0.00460
12	0.07823	0.01083	0.01392	0.01086	0.01471	0.02972	0.06497	0.13449	0.05361	0.46155	0.01748	0.03717	0.01199	0.00659	0.00560	0.00167	0.02740	0.00536	0.00552	0.00831
13	0.01784	0.01040	0.01459	0.01155	0.01526	0.01024	0.10907	0.10041	0.16848	0.35872	0.06501	0.02099	0.01582	0.00709	0.00562	0.00173	0.00506	0.04846	0.00552	0.00814
14	0.00731	0.00497	0.00588	0.00625	0.00635	0.00487	0.00372	0.00759	0.00843	0.01124	0.02047	0.27159	0.02403	0.57065	0.02075	0.00422	0.00450	0.00993	0.00372	0.00354
15	0.01078	0.06588	0.74979	0.01477	0.02243	0.01270	0.01902	0.01670	0.01114	0.01653	0.00938	0.01103	0.00670	0.00500	0.00494	0.00165	0.00771	0.00385	0.00223	0.00776
16	0.06438	0.01334	0.01451	0.01133	0.01537	0.01451	0.00931	0.54082	0.09227	0.14804	0.01450	0.01395	0.01012	0.00638	0.00519	0.00162	0.00537	0.00486	0.00538	0.00876
17	0.01660	0.00953	0.01448	0.13115	0.22969	0.00933	0.01052	0.01889	0.01261	0.35446	0.01558	0.01828	0.01171	0.11407	0.00818	0.00210	0.00545	0.00537	0.00439	0.00759
18	0.00870	0.00777	0.01383	0.01147	0.01337	0.00734	0.23572	0.01071	0.01095	0.01486	0.12115	0.29223	0.02525	0.18883	0.01099	0.00263	0.00523	0.00999	0.00397	0.00501
19	0.04008	0.01311	0.01500	0.05745	0.26412	0.15876	0.01129	0.07052	0.06283	0.04886	0.04689	0.04319	0.03212	0.00735	0.00549	0.00170	0.00610	0.10444	0.00373	0.00699
20	0.01212	0.01144	0.01740	0.08678	0.37464	0.03111	0.06451	0.01756	0.16545	0.01764	0.03562	0.02069	0.05142	0.00662	0.00556	0.00172	0.00580	0.06291	0.00353	0.00747
21	0.00752	0.00791	0.11074	0.00780	0.00913	0.00571	0.00633	0.00904	0.01007	0.01383	0.11352	0.36176	0.02795	0.26937	0.01290	0.00298	0.00429	0.01053	0.00411	0.00450
22	0.73878	0.01011	0.00885	0.11342	0.01373	0.01184	0.00693	0.01527	0.00921	0.02235	0.00763	0.00933	0.00590	0.00496	0.00354	0.00165	0.00449	0.00311	0.00315	0.00575
23	0.36652	0.11624	0.00956	0.00666	0.00939	0.00987	0.00552	0.01232	0.01089	0.01877	0.10419	0.02603	0.27018	0.00833	0.00460	0.00162	0.00366	0.00635	0.00395	0.00537
24	0.00989	0.00638	0.00784	0.00747	0.00820	0.00662	0.00521	0.10914	0.01024	0.01367	0.01497	0.02821	0.01578	0.35515	0.04603	0.25905	0.00534	0.08352	0.00337	0.00393
25	0.07451	0.15865	0.05875	0.01317	0.03801	0.07758	0.17126	0.01797	0.10591	0.07885	0.11446	0.01649	0.01445	0.00612	0.00546	0.00160	0.03090	0.00527	0.00368	0.00693

[dist]
# distance from previous block
# <min> <max>
0	6

[block]
# block no. 2 follows, 46 sequences, length 6
# corresponding to MSA columns:
# 117-122
name=unknown_C
#
# <colnr> <probs for GDERKNQSTAVLIFYWHMCP>
#	G	D	E	R	K	N	Q	S	T	A	V	L	I	F	Y	W	H	M	C	P
0	0.01052	0.00988	0.01636	0.62925	0.14764	0.01154	0.01433	0.01391	0.01082	0.01434	0.00948	0.01372	0.00730	0.00510	0.00518	0.00166	0.00671	0.00459	0.00244	0.06523
1	0.01226	0.01172	0.01573	0.01288	0.03776	0.11200	0.20644	0.06267	0.01327	0.05596	0.04038	0.10746	0.17391	0.00809	0.00569	0.00162	0.00581	0.00737	0.00389	0.10507
2	0.01404	0.01322	0.01974	0.05405	0.55444	0.07454	0.04223	0.01816	0.08382	0.05705	0.01147	0.01376	0.00916	0.00511	0.00525	0.00159	0.00637	0.00481	0.00308	0.00809
3	0.01445	0.05025	0.12019	0.01279	0.01732	0.05399	0.11345	0.16100	0.21597	0.04606	0.01365	0.01414	0.01020	0.00566	0.00510	0.00153	0.00595	0.00480	0.00400	0.12951
4	0.05712	0.03118	0.06646	0.01199	0.07200	0.10152	0.08004	0.01520	0.05213	0.08602	0.13621	0.04390	0.18431	0.00832	0.00589	0.00168	0.02859	0.00700	0.00416	0.00629
5	0.01270	0.03485	0.05389	0.16818	0.07914	0.04462	0.01011	0.07716	0.09134	0.09727	0.11538	0.10235	0.01772	0.02563	0.00620	0.00177	0.02308	0.00650	0.00413	0.02798

[dist]
# distance from previous block
# <min> <max>
5	27

[block]
# block no. 3 follows, 46 sequences, length 20
# corresponding to MSA columns:
# 154-173
name=unknown_D
#
# <colnr> <probs for GDERKNQSTAVLIFYWHMCP>
#	G	D	E	R	K	N	Q	S	T	A	V	L	I	F	Y	W	H	M	C	P
0	0.03273	0.00868	0.01025	0.00870	0.01152	0.03160	0.02215	0.08690	0.03685	0.16765	0.13844	0.12507	0.10202	0.00908	0.00557	0.00162	0.00409	0.04749	0.00497	0.14462
1	0.05991	0.04445	0.06130	0.01009	0.02918	0.05260	0.04664	0.06417	0.02816	0.13044	0.14090	0.02130	0.10189	0.00709	0.00537	0.00149	0.02197	0.00582	0.00429	0.16296
2	0.06681	0.06239	0.09239	0.01074	0.05604	0.05212	0.02623	0.03238	0.01282	0.22395	0.07530	0.07498	0.08428	0.03211	0.00582	0.00168	0.00495	0.00615	0.00438	0.07447
3	0.04752	0.13082	0.19660	0.01199	0.01628	0.11180	0.05294	0.09070	0.03639	0.08259	0.02787	0.05060	0.03446	0.02243	0.00598	0.00166	0.04580	0.00499	0.00345	0.02514
4	0.06437	0.04734	0.42401	0.01244	0.01804	0.01076	0.05508	0.01608	0.02821	0.07733	0.07620	0.05614	0.04025	0.00644	0.00513	0.00164	0.00618	0.00534	0.00330	0.04572
5	0.01361	0.03504	0.05647	0.03267	0.09741	0.03301	0.05658	0.04587	0.02641	0.18965	0.08157	0.11180	0.05601	0.00847	0.00567	0.00172	0.00505	0.08197	0.00451	0.05650
6	0.01263	0.01128	0.02839	0.00986	0.01421	0.03123	0.05538	0.11637	0.08929	0.01949	0.01137	0.01309	0.00919	0.03354	0.00526	0.00125	0.00479	0.00402	0.00359	0.52577
7	0.04214	0.01412	0.09650	0.01821	0.04659	0.01242	0.45643	0.05853	0.07524	0.01877	0.07486	0.03619	0.01265	0.00569	0.00588	0.00175	0.00732	0.00624	0.00333	0.00714
8	0.00998	0.00940	0.01586	0.80150	0.03641	0.01175	0.01468	0.01351	0.01057	0.01351	0.00940	0.01409	0.00705	0.00529	0.00529	0.00176	0.00705	0.00470	0.00235	0.00587
9	0.01017	0.00959	0.01620	0.75486	0.08158	0.01179	0.01478	0.01367	0.01066	0.01374	0.00943	0.01403	0.00713	0.00525	0.00528	0.00175	0.00700	0.00470	0.00237	0.00602
10	0.00769	0.00513	0.00577	0.00577	0.00577	0.00513	0.00320	0.00769	0.00769	0.01025	0.01666	0.03460	0.01922	0.81421	0.02691	0.00513	0.00513	0.00769	0.00320	0.00320
11	0.01034	0.01437	0.25556	0.01362	0.01776	0.00927	0.19912	0.01384	0.01135	0.06404	0.01789	0.31275	0.01805	0.00931	0.00599	0.00188	0.00610	0.00876	0.00362	0.00639
12	0.01093	0.05523	0.06917	0.00842	0.01288	0.00795	0.00730	0.01338	0.01097	0.03337	0.01155	0.09224	0.01056	0.00537	0.00429	0.00103	0.00423	0.00443	0.00327	0.63343
13	0.01151	0.01559	0.22064	0.01381	0.01615	0.01463	0.01333	0.05072	0.00976	0.01478	0.00830	0.01203	0.00733	0.00968	0.05669	0.00245	0.50921	0.00450	0.00247	0.00642
14	0.01248	0.01426	0.03119	0.02228	0.02763	0.01337	0.76203	0.01693	0.01248	0.01693	0.01070	0.01426	0.00802	0.00446	0.00624	0.00178	0.00891	0.00624	0.00267	0.00713
15	0.24503	0.00966	0.09265	0.00972	0.01227	0.00844	0.03181	0.01274	0.01101	0.01797	0.01978	0.10201	0.02064	0.01071	0.00585	0.00208	0.00494	0.37317	0.00407	0.00545
16	0.01165	0.00863	0.01045	0.00815	0.01207	0.00680	0.00654	0.01386	0.01145	0.09527	0.01409	0.08134	0.01290	0.00631	0.00464	0.00115	0.00400	0.08120	0.00380	0.60570
17	0.00812	0.00645	0.00743	0.00705	0.00877	0.00629	0.00537	0.01244	0.14677	0.01907	0.40092	0.04009	0.26965	0.01107	0.00612	0.00174	0.00291	0.02888	0.00543	0.00542
18	0.01220	0.01263	0.08692	0.08239	0.28664	0.01160	0.11560	0.01788	0.15759	0.04432	0.06182	0.06004	0.01378	0.00632	0.00553	0.00171	0.00596	0.00598	0.00356	0.00754
19	0.23144	0.01016	0.01178	0.12989	0.04665	0.01137	0.00871	0.16858	0.07035	0.06827	0.09815	0.01649	0.01361	0.00954	0.08103	0.00232	0.00580	0.00501	0.00412	0.00674

[dist]
# distance from previous block
# <min> <max>
3	6

[block]
# block no. 4 follows, 46 sequences, length 12
# corresponding to MSA columns:
# 180-191
name=unknown_E
#
# <colnr> <probs for GDERKNQSTAVLIFYWHMCP>
#	G	D	E	R	K	N	Q	S	T	A	V	L	I	F	Y	W	H	M	C	P
0	0.01186	0.01131	0.01924	0.33665	0.48662	0.01224	0.01561	0.01515	0.01146	0.01578	0.00973	0.01348	0.00785	0.00494	0.00525	0.00165	0.00658	0.00471	0.00251	0.00738
1	0.01114	0.10378	0.01534	0.01241	0.04567	0.04183	0.00974	0.01242	0.00893	0.01265	0.01002	0.05452	0.01025	0.08632	0.10658	0.00309	0.44181	0.00530	0.00261	0.00559
2	0.01220	0.01148	0.01740	0.10871	0.09666	0.02604	0.15993	0.05435	0.19940	0.01777	0.01436	0.04597	0.01206	0.00787	0.02777	0.00202	0.11611	0.03866	0.02426	0.00698
3	0.01143	0.01137	0.01677	0.49872	0.15473	0.06811	0.01415	0.01438	0.01075	0.01397	0.00903	0.01322	0.00723	0.00580	0.00707	0.00179	0.12818	0.00460	0.00241	0.00629
4	0.01975	0.02520	0.01498	0.01362	0.01634	0.79299	0.01021	0.02111	0.01498	0.01294	0.00817	0.00953	0.00681	0.00545	0.00477	0.00136	0.00953	0.00340	0.00272	0.00613
5	0.00650	0.00516	0.00586	0.00626	0.00753	0.00452	0.00456	0.00784	0.01167	0.01460	0.09640	0.28576	0.46350	0.01424	0.00645	0.00192	0.00288	0.04492	0.00497	0.00447
6	0.00724	0.00504	0.00606	0.00639	0.00667	0.00497	0.00399	0.00773	0.00871	0.01157	0.02232	0.24644	0.07363	0.48139	0.08115	0.00436	0.00512	0.00976	0.00375	0.00371
7	0.03849	0.01039	0.01089	0.01038	0.03494	0.06952	0.02477	0.03499	0.36926	0.01933	0.09678	0.11314	0.10640	0.00912	0.00567	0.00179	0.00435	0.02812	0.00489	0.00678
8	0.01031	0.00973	0.01695	0.20708	0.16386	0.01088	0.12928	0.01316	0.01025	0.01428	0.01103	0.01587	0.00944	0.01657	0.26260	0.00397	0.08071	0.00525	0.00260	0.00616
9	0.00753	0.00561	0.00744	0.00838	0.00929	0.00552	0.00664	0.00920	0.01124	0.01463	0.03116	0.34208	0.13199	0.01501	0.00728	0.00223	0.03054	0.34479	0.00480	0.00463
10	0.01393	0.19790	0.35824	0.01308	0.04595	0.01362	0.02859	0.06356	0.04551	0.12568	0.01203	0.03879	0.00920	0.00566	0.00482	0.00156	0.00639	0.00445	0.00328	0.00774
11	0.17456	0.03888	0.01627	0.04102	0.22254	0.09528	0.05837	0.08149	0.07151	0.13264	0.01194	0.01301	0.00893	0.00542	0.00485	0.00159	0.00592	0.00445	0.00375	0.00757

[dist]
# distance from previous block
# <min> <max>
0	2

[block]
# block no. 5 follows, 46 sequences, length 12
# corresponding to MSA columns:
# 194-205
name=unknown_F
#
# <colnr> <probs for GDERKNQSTAVLIFYWHMCP>
#	G	D	E	R	K	N	Q	S	T	A	V	L	I	F	Y	W	H	M	C	P
0	0.01386	0.00835	0.00991	0.00850	0.01082	0.00852	0.00651	0.12574	0.11600	0.19393	0.12755	0.02544	0.05144	0.16945	0.07178	0.00288	0.00511	0.00666	0.03101	0.00654
1	0.01123	0.06205	0.35537	0.01149	0.01645	0.01099	0.01252	0.04957	0.12541	0.03997	0.19402	0.01924	0.01867	0.00674	0.00524	0.00161	0.00554	0.00554	0.00384	0.04450
2	0.85155	0.01022	0.00777	0.00695	0.01022	0.01186	0.00573	0.01554	0.00900	0.02372	0.00736	0.00859	0.00573	0.00491	0.00327	0.00164	0.00409	0.00286	0.00327	0.00573
3	0.01096	0.00940	0.01096	0.00783	0.01253	0.00705	0.00626	0.01331	0.01096	0.01723	0.00940	0.01096	0.00783	0.00392	0.00392	0.00078	0.00392	0.00313	0.00313	0.84653
4	0.00687	0.00500	0.00658	0.00768	0.00833	0.00470	0.00561	0.00817	0.01076	0.01408	0.03130	0.57198	0.10759	0.01582	0.00682	0.00217	0.00342	0.17379	0.00490	0.00444
5	0.11043	0.05748	0.13281	0.01263	0.10275	0.01077	0.01030	0.09803	0.01383	0.28951	0.01667	0.06325	0.04528	0.00669	0.00505	0.00164	0.00521	0.00540	0.00452	0.00777
6	0.01225	0.00854	0.03116	0.03046	0.04048	0.00780	0.12231	0.03623	0.03768	0.17867	0.09304	0.30727	0.02330	0.01014	0.00600	0.00184	0.00462	0.00932	0.03253	0.00634
7	0.00690	0.00493	0.00665	0.00779	0.00832	0.00468	0.00562	0.00820	0.01077	0.01435	0.06742	0.62408	0.03484	0.01588	0.00683	0.00218	0.00339	0.15779	0.00495	0.00444
8	0.01259	0.01281	0.02034	0.18094	0.25278	0.07959	0.19938	0.03958	0.04559	0.01650	0.01207	0.06241	0.01040	0.00595	0.00561	0.00171	0.00704	0.02470	0.00299	0.00705
9	0.03302	0.02754	0.06903	0.08041	0.23562	0.01196	0.06475	0.07102	0.13130	0.06399	0.01465	0.09300	0.01264	0.00697	0.00598	0.00175	0.04121	0.02405	0.00370	0.00744
10	0.04617	0.00684	0.00826	0.00758	0.00876	0.00736	0.00562	0.13052	0.01102	0.01645	0.01223	0.01719	0.01077	0.04960	0.09147	0.34730	0.02373	0.00486	0.18979	0.00446
11	0.00798	0.00605	0.00819	0.00950	0.05225	0.00579	0.00722	0.01009	0.01231	0.01613	0.13890	0.13861	0.16697	0.01352	0.00678	0.00213	0.00401	0.38376	0.00489	0.00494

[dist]
# distance from previous block
# <min> <max>
0	13

[block]
# block no. 6 follows, 46 sequences, length 52
# corresponding to MSA columns:
# 219-270
name=unknown_G
#
# <colnr> <probs for GDERKNQSTAVLIFYWHMCP>
#	G	D	E	R	K	N	Q	S	T	A	V	L	I	F	Y	W	H	M	C	P
0	0.15253	0.01146	0.04281	0.30617	0.11530	0.01208	0.12397	0.04347	0.06188	0.04583	0.02828	0.01402	0.00899	0.00536	0.00511	0.00171	0.00633	0.00482	0.00312	0.00677
1	0.01186	0.01080	0.03772	0.22634	0.06500	0.06565	0.02215	0.05438	0.12505	0.05785	0.09165	0.03744	0.07919	0.02273	0.03602	0.00202	0.00586	0.02269	0.00392	0.02167
2	0.01015	0.00958	0.01608	0.75036	0.06429	0.01190	0.01465	0.01359	0.01056	0.01363	0.00935	0.01399	0.00710	0.00537	0.00562	0.00177	0.02900	0.00470	0.00236	0.00597
3	0.00719	0.00532	0.00671	0.00652	0.00776	0.00484	0.00483	0.00936	0.01406	0.01941	0.59627	0.11266	0.16198	0.01174	0.00628	0.00173	0.00258	0.01032	0.00559	0.00484
4	0.01038	0.00972	0.01612	0.65605	0.10532	0.01193	0.01433	0.01368	0.01057	0.01398	0.00950	0.01399	0.00734	0.00551	0.00601	0.00176	0.05810	0.00470	0.02493	0.00608
5	0.00729	0.00540	0.00681	0.00645	0.00778	0.00491	0.00484	0.00961	0.01452	0.02014	0.66788	0.04123	0.16110	0.01120	0.00624	0.00168	0.00252	0.00980	0.00568	0.00491
6	0.00800	0.00616	0.00852	0.00836	0.00937	0.00676	0.00654	0.02130	0.01121	0.01573	0.23915	0.09588	0.05600	0.02298	0.31939	0.00454	0.07367	0.07738	0.00414	0.00492
7	0.00809	0.00652	0.00776	0.00739	0.00909	0.00635	0.01904	0.01227	0.14562	0.01820	0.31108	0.12033	0.26820	0.01155	0.00617	0.00179	0.00308	0.02681	0.00529	0.00538
8	0.00998	0.00940	0.01586	0.80150	0.03641	0.01175	0.01468	0.01351	0.01057	0.01351	0.00940	0.01409	0.00705	0.00529	0.00529	0.00176	0.00705	0.00470	0.00235	0.00587
9	0.01355	0.01372	0.02014	0.10747	0.61689	0.10385	0.01537	0.01652	0.01223	0.01639	0.00968	0.01277	0.00806	0.00485	0.00518	0.00156	0.00674	0.00456	0.00260	0.00786
10	0.01226	0.01963	0.36612	0.01845	0.05580	0.01265	0.32853	0.01715	0.01185	0.05952	0.01055	0.01293	0.00769	0.00502	0.00603	0.00174	0.03886	0.00502	0.00268	0.00754
11	0.16223	0.01259	0.01584	0.08671	0.23209	0.08475	0.01183	0.03163	0.01060	0.01650	0.00850	0.01176	0.00733	0.00720	0.02834	0.00199	0.25658	0.00426	0.00269	0.00659
12	0.54632	0.01098	0.02383	0.00892	0.02535	0.01181	0.02152	0.11454	0.02927	0.12890	0.02814	0.01160	0.00852	0.00550	0.00405	0.00164	0.00453	0.00378	0.00405	0.00675
13	0.00676	0.00538	0.00608	0.00597	0.00752	0.00469	0.00450	0.00855	0.01310	0.01687	0.32138	0.05917	0.47936	0.01251	0.00628	0.00176	0.00267	0.02755	0.00525	0.00466
14	0.27889	0.01085	0.01373	0.41184	0.10153	0.05535	0.01160	0.01509	0.01055	0.03215	0.00896	0.01206	0.00686	0.00514	0.00461	0.00168	0.00612	0.00406	0.00277	0.00615
15	0.85155	0.01022	0.00777	0.00695	0.01022	0.01186	0.00573	0.01554	0.00900	0.02372	0.00736	0.00859	0.00573	0.00491	0.00327	0.00164	0.00409	0.00286	0.00327	0.00573
16	0.01261	0.01027	0.01316	0.09801	0.01542	0.01241	0.00954	0.21859	0.05762	0.01907	0.01212	0.01583	0.01020	0.03238	0.21839	0.00369	0.19640	0.00510	0.03272	0.00646
17	0.00699	0.00528	0.00646	0.00639	0.00765	0.00474	0.00470	0.00894	0.01347	0.01818	0.47006	0.15031	0.25284	0.01234	0.00631	0.00176	0.00263	0.01077	0.00544	0.00474
18	0.01302	0.03881	0.44341	0.01322	0.01915	0.01322	0.01479	0.18254	0.13875	0.02108	0.01380	0.01436	0.03831	0.00597	0.00515	0.00167	0.00653	0.00469	0.00352	0.00801
19	0.85155	0.01022	0.00777	0.00695	0.01022	0.01186	0.00573	0.01554	0.00900	0.02372	0.00736	0.00859	0.00573	0.00491	0.00327	0.00164	0.00409	0.00286	0.00327	0.00573
20	0.01033	0.11383	0.21899	0.01089	0.05606	0.01005	0.01011	0.01429	0.07171	0.03669	0.22922	0.02397	0.05570	0.08857	0.00780	0.02035	0.00502	0.00632	0.00384	0.00626
21	0.00660	0.00495	0.00617	0.00690	0.00771	0.00445	0.00476	0.00775	0.01087	0.01428	0.08329	0.57688	0.19198	0.01515	0.00653	0.00200	0.00297	0.01351	0.00492	0.02833
22	0.00901	0.01359	0.27129	0.01197	0.06680	0.00825	0.03972	0.01267	0.01275	0.01807	0.30738	0.08111	0.07319	0.00893	0.00584	0.00174	0.00495	0.04244	0.00411	0.00617
23	0.01429	0.00676	0.00907	0.00826	0.01044	0.00616	0.00652	0.01586	0.01256	0.33161	0.05448	0.16751	0.07352	0.01220	0.03711	0.06189	0.00437	0.11330	0.04782	0.00626
24	0.00770	0.00520	0.00608	0.00611	0.00623	0.00528	0.00365	0.00793	0.00788	0.01058	0.01676	0.03412	0.01902	0.72476	0.09235	0.00534	0.00590	0.02850	0.00322	0.00338
25	0.01413	0.81739	0.02770	0.00905	0.01357	0.02092	0.00905	0.01583	0.01074	0.01244	0.00735	0.00848	0.00678	0.00452	0.00339	0.00113	0.00565	0.00283	0.00226	0.00678
26	0.01239	0.01187	0.02015	0.19434	0.60509	0.01248	0.01578	0.01556	0.01163	0.01636	0.00975	0.01326	0.00806	0.00494	0.00554	0.00163	0.02611	0.00471	0.00255	0.00778
27	0.01164	0.01164	0.01989	0.01563	0.01751	0.01373	0.26266	0.01378	0.00966	0.02908	0.00966	0.01540	0.00892	0.10535	0.01454	0.00246	0.42428	0.00555	0.00263	0.00599
28	0.00918	0.00459	0.00689	0.00689	0.00689	0.00459	0.00459	0.00689	0.00689	0.00918	0.00918	0.01607	0.00918	0.01837	0.02066	0.84619	0.00459	0.00459	0.00230	0.00230
29	0.01975	0.02520	0.01498	0.01362	0.01634	0.79299	0.01021	0.02111	0.01498	0.01294	0.00817	0.00953	0.00681	0.00545	0.00477	0.00136	0.00953	0.00340	0.00272	0.00613
30	0.00668	0.00490	0.00633	0.00739	0.00802	0.00455	0.00525	0.00785	0.01065	0.01390	0.03238	0.60882	0.13762	0.01587	0.00675	0.00213	0.00324	0.10837	0.00490	0.00439
31	0.01294	0.00618	0.00843	0.00801	0.00965	0.00558	0.00589	0.01392	0.01165	0.28730	0.04508	0.41061	0.02448	0.01306	0.00791	0.10447	0.00374	0.01015	0.00520	0.00574
32	0.00659	0.00478	0.00624	0.00718	0.00772	0.00442	0.00492	0.00775	0.01087	0.01452	0.12071	0.65274	0.08753	0.01562	0.00666	0.00207	0.00300	0.02725	0.00502	0.00440
33	0.01331	0.01094	0.01517	0.31697	0.13058	0.01231	0.01190	0.19484	0.09592	0.04486	0.04631	0.01745	0.05369	0.00638	0.00538	0.00169	0.00582	0.00543	0.00384	0.00722
34	0.02765	0.40706	0.07576	0.02630	0.06326	0.29157	0.01069	0.01773	0.01232	0.01340	0.00799	0.00943	0.00688	0.00491	0.00414	0.00130	0.00721	0.00326	0.00246	0.00669
35	0.01276	0.00657	0.00876	0.00755	0.00972	0.00589	0.00589	0.01511	0.01502	0.26948	0.53215	0.03250	0.03792	0.00942	0.00594	0.00165	0.00315	0.00818	0.00605	0.00629
36	0.01054	0.04671	0.05173	0.00877	0.01103	0.00916	0.02771	0.06056	0.18345	0.01851	0.09874	0.07752	0.06784	0.07180	0.06003	0.00237	0.02232	0.00687	0.15830	0.00606
37	0.01060	0.02735	0.78682	0.01507	0.02288	0.01228	0.01953	0.01674	0.01116	0.01674	0.00949	0.01116	0.00670	0.00502	0.00502	0.00167	0.00781	0.00391	0.00223	0.00781
38	0.01450	0.01126	0.01263	0.01226	0.07255	0.01198	0.00868	0.13462	0.34878	0.02410	0.12458	0.02345	0.02027	0.02996	0.00655	0.00205	0.00475	0.00661	0.12218	0.00822
39	0.00913	0.00517	0.00755	0.02856	0.00836	0.00542	0.00533	0.02707	0.00795	0.01088	0.01106	0.04579	0.01085	0.02086	0.14794	0.60788	0.00617	0.00517	0.02575	0.00311
40	0.01241	0.01283	0.04931	0.17627	0.22738	0.01292	0.23073	0.04169	0.12925	0.01757	0.01184	0.01453	0.00913	0.00530	0.00583	0.00173	0.02544	0.00532	0.00307	0.00746
41	0.01033	0.01002	0.01741	0.67319	0.03409	0.01219	0.08901	0.01380	0.01060	0.01380	0.00937	0.01395	0.00714	0.00546	0.00616	0.00180	0.05848	0.00485	0.00238	0.00599
42	0.01019	0.00957	0.01599	0.72969	0.07707	0.01162	0.01446	0.01365	0.01067	0.01385	0.00943	0.01392	0.00715	0.00520	0.00523	0.00172	0.00689	0.00464	0.00239	0.03666
43	0.01341	0.01291	0.02117	0.03152	0.74510	0.03077	0.01594	0.03430	0.01241	0.01756	0.00997	0.01299	0.00835	0.00477	0.00522	0.00157	0.00634	0.00468	0.00268	0.00834
44	0.00798	0.00616	0.00876	0.00853	0.00920	0.00730	0.00647	0.00944	0.00830	0.01194	0.01390	0.02243	0.01371	0.18161	0.57167	0.00724	0.09203	0.00594	0.00285	0.00454
45	0.07259	0.01369	0.01703	0.27792	0.28042	0.15705	0.01346	0.03322	0.01196	0.01581	0.00915	0.01235	0.00740	0.00534	0.00570	0.00164	0.05148	0.00433	0.00264	0.00682
46	0.00796	0.00605	0.00869	0.00850	0.00927	0.00715	0.00652	0.00959	0.00845	0.01230	0.01397	0.02160	0.01342	0.12558	0.61918	0.00740	0.07583	0.00579	0.02813	0.00464
47	0.33569	0.01117	0.01106	0.00912	0.01256	0.01230	0.00749	0.28145	0.04631	0.10781	0.01275	0.01401	0.00952	0.00608	0.00445	0.00161	0.00463	0.02645	0.07830	0.00724
48	0.01084	0.03633	0.55187	0.01538	0.05411	0.01209	0.07551	0.01594	0.01130	0.01672	0.04905	0.01291	0.00918	0.00544	0.00583	0.00166	0.05467	0.00440	0.00252	0.05426
49	0.01521	0.09903	0.02305	0.01663	0.02066	0.32352	0.34795	0.01800	0.01328	0.01476	0.01159	0.01370	0.04754	0.00532	0.00537	0.00155	0.00851	0.00502	0.00277	0.00656
50	0.01584	0.03411	0.01639	0.06725	0.23357	0.36598	0.01158	0.06003	0.02603	0.01579	0.01180	0.01352	0.05065	0.00565	0.00498	0.00145	0.00741	0.00438	0.00299	0.05060
51	0.05226	0.00663	0.00905	0.02457	0.01072	0.00619	0.07340	0.01044	0.01164	0.05807	0.05080	0.20830	0.31524	0.02849	0.00669	0.00200	0.00393	0.11188	0.00464	0.00506

[dist]
# distance from previous block
# <min> <max>
3	10

[block]
# block no. 7 follows, 46 sequences, length 18
# corresponding to MSA columns:
# 282-299
name=unknown_H
#
# <colnr> <probs for GDERKNQSTAVLIFYWHMCP>
#	G	D	E	R	K	N	Q	S	T	A	V	L	I	F	Y	W	H	M	C	P
0	0.09231	0.01145	0.05116	0.02522	0.01406	0.01017	0.00798	0.15158	0.08966	0.06459	0.01181	0.01287	0.00913	0.02105	0.00487	0.00131	0.00462	0.00397	0.00389	0.40830
1	0.01136	0.04263	0.19299	0.04125	0.10445	0.01080	0.14624	0.05591	0.03139	0.04174	0.17384	0.02063	0.03534	0.00837	0.04535	0.00202	0.00647	0.01871	0.00363	0.00689
2	0.01368	0.67469	0.09276	0.01080	0.01568	0.01947	0.08057	0.01601	0.01094	0.01323	0.00785	0.00925	0.00689	0.00456	0.00380	0.00124	0.00614	0.00324	0.00230	0.00690
3	0.00985	0.00493	0.00493	0.00493	0.00616	0.00493	0.00370	0.01232	0.01109	0.01971	0.01725	0.01971	0.01355	0.00616	0.00370	0.00123	0.00246	0.00493	0.84356	0.00493
4	0.01665	0.01447	0.08693	0.04003	0.01671	0.01455	0.01056	0.42809	0.20405	0.04490	0.03413	0.01509	0.01153	0.00659	0.00568	0.00168	0.02996	0.00511	0.00487	0.00842
5	0.05680	0.17746	0.18573	0.02815	0.02872	0.05953	0.12813	0.05451	0.01222	0.10893	0.01115	0.02808	0.00874	0.00741	0.03725	0.04559	0.00692	0.00453	0.00315	0.00699
6	0.00976	0.00871	0.01382	0.59804	0.02946	0.01045	0.01240	0.05010	0.01128	0.01454	0.01461	0.14766	0.04270	0.00753	0.00557	0.00182	0.00615	0.00667	0.00302	0.00571
7	0.00649	0.00462	0.00612	0.00730	0.00759	0.00433	0.00484	0.00737	0.01002	0.01336	0.02862	0.77874	0.03432	0.04947	0.00758	0.00227	0.00315	0.01473	0.00484	0.00425
8	0.01090	0.01130	0.04807	0.45023	0.10459	0.02813	0.07488	0.01444	0.03225	0.01447	0.01042	0.03541	0.00866	0.00621	0.00702	0.00183	0.11310	0.01917	0.00260	0.00631
9	0.01281	0.06693	0.26953	0.15768	0.07271	0.08598	0.18743	0.01698	0.01194	0.05386	0.01009	0.01255	0.00750	0.00500	0.00526	0.00164	0.00770	0.00459	0.00264	0.00718
10	0.00690	0.00497	0.00664	0.00781	0.00839	0.00470	0.00568	0.00818	0.01066	0.01405	0.02990	0.60972	0.06499	0.01599	0.00685	0.00220	0.00346	0.17958	0.00490	0.00443
11	0.77353	0.01163	0.00845	0.00758	0.01080	0.08513	0.00615	0.01606	0.00956	0.02271	0.00744	0.00868	0.00583	0.00496	0.00341	0.00161	0.00460	0.00291	0.00322	0.00576
12	0.00625	0.00536	0.00536	0.00536	0.00714	0.00446	0.00402	0.00759	0.01205	0.01428	0.05355	0.05088	0.77909	0.01339	0.00625	0.00179	0.00268	0.01116	0.00491	0.00446
13	0.01179	0.03022	0.07265	0.10397	0.04400	0.02429	0.06903	0.08689	0.23781	0.02004	0.15769	0.02323	0.04980	0.00755	0.00561	0.00173	0.00517	0.03715	0.00439	0.00700
14	0.00671	0.00481	0.00644	0.00741	0.00791	0.00453	0.00514	0.00794	0.01084	0.01462	0.12908	0.65092	0.03622	0.01624	0.02527	0.00225	0.00334	0.05095	0.00498	0.00443
15	0.01096	0.00940	0.01096	0.00783	0.01253	0.00705	0.00626	0.01331	0.01096	0.01723	0.00940	0.01096	0.00783	0.00392	0.00392	0.00078	0.00392	0.00313	0.00313	0.84653
16	0.01210	0.01523	0.21718	0.09976	0.22694	0.01122	0.07949	0.01662	0.05639	0.05799	0.01183	0.04646	0.00952	0.00547	0.00518	0.00158	0.00634	0.00497	0.00303	0.11271
17	0.01016	0.00934	0.01402	0.01151	0.01418	0.02936	0.18971	0.02941	0.14773	0.01853	0.23049	0.08703	0.10597	0.02521	0.00649	0.00184	0.00484	0.03995	0.00459	0.01966

[dist]
# distance from previous block
# <min> <max>
3	4

[block]
# block no. 8 follows, 46 sequences, length 30
# corresponding to MSA columns:
# 305-334
name=unknown_I
#
# <colnr> <probs for GDERKNQSTAVLIFYWHMCP>
#	G	D	E	R	K	N	Q	S	T	A	V	L	I	F	Y	W	H	M	C	P
0	0.01870	0.01336	0.01446	0.03826	0.01583	0.02651	0.00939	0.59738	0.02215	0.07925	0.01526	0.01528	0.04625	0.00663	0.00523	0.00158	0.00548	0.00509	0.05552	0.00838
1	0.01048	0.12088	0.06717	0.00832	0.01060	0.00809	0.00699	0.01272	0.04299	0.11999	0.05029	0.38359	0.11405	0.01171	0.00582	0.00183	0.00395	0.01017	0.00462	0.00576
2	0.24635	0.11645	0.01466	0.01108	0.01434	0.40147	0.00883	0.09935	0.01390	0.01803	0.00834	0.00949	0.00675	0.00528	0.00425	0.00143	0.00717	0.00333	0.00309	0.00641
3	0.01088	0.01031	0.01748	0.57892	0.25198	0.01198	0.01513	0.01429	0.01100	0.01460	0.00955	0.01380	0.00743	0.00512	0.00527	0.00171	0.00683	0.00470	0.00243	0.00660
4	0.01308	0.01256	0.02146	0.03245	0.78123	0.01256	0.01622	0.01622	0.01204	0.01727	0.00994	0.01308	0.00837	0.00471	0.00523	0.00157	0.00628	0.00471	0.00262	0.00837
5	0.01577	0.01851	0.01327	0.03590	0.01503	0.48359	0.00936	0.01881	0.09900	0.01393	0.01252	0.01446	0.04100	0.01170	0.13351	0.00264	0.04733	0.00448	0.00310	0.00606
6	0.00738	0.00536	0.00695	0.00663	0.00786	0.00493	0.00495	0.00976	0.01462	0.02055	0.71346	0.07682	0.07850	0.01119	0.00626	0.00169	0.00253	0.00989	0.00574	0.00493
7	0.00962	0.01701	0.36267	0.01300	0.01811	0.00987	0.13779	0.01418	0.03792	0.01619	0.02393	0.02629	0.23218	0.00798	0.00572	0.00177	0.00621	0.04963	0.00334	0.00658
8	0.00727	0.00514	0.00547	0.00562	0.00702	0.00459	0.00413	0.00890	0.01173	0.01600	0.08914	0.15090	0.43154	0.01185	0.00568	0.00169	0.00267	0.01004	0.21604	0.00459
9	0.01348	0.01130	0.01545	0.18282	0.15952	0.01250	0.04140	0.13441	0.24944	0.04278	0.02979	0.01683	0.02396	0.00620	0.00532	0.00169	0.00551	0.00539	0.03455	0.00765
10	0.00998	0.00940	0.01586	0.80150	0.03641	0.01175	0.01468	0.01351	0.01057	0.01351	0.00940	0.01409	0.00705	0.00529	0.00529	0.00176	0.00705	0.00470	0.00235	0.00587
11	0.01204	0.08400	0.13997	0.13724	0.21716	0.01344	0.06086	0.01583	0.05101	0.03210	0.01019	0.01348	0.00837	0.02768	0.01843	0.00192	0.14184	0.00467	0.00269	0.00708
12	0.00676	0.00493	0.00638	0.00707	0.00779	0.00455	0.00497	0.00816	0.01159	0.01558	0.21916	0.51894	0.10973	0.01475	0.00659	0.00200	0.00295	0.03848	0.00513	0.00450
13	0.01182	0.01048	0.01289	0.00947	0.01383	0.02497	0.05220	0.05799	0.01177	0.01778	0.00948	0.01127	0.00783	0.00447	0.00503	0.00100	0.05656	0.00352	0.00317	0.67447
14	0.01284	0.01397	0.02893	0.02377	0.16267	0.01332	0.60298	0.04167	0.01281	0.01754	0.01063	0.01400	0.00812	0.00456	0.00603	0.00174	0.00834	0.00591	0.00275	0.00742
15	0.00672	0.00496	0.00632	0.00710	0.00786	0.00456	0.00505	0.00807	0.01133	0.01496	0.14522	0.50902	0.16305	0.01501	0.00663	0.00204	0.00305	0.06954	0.00504	0.00447
16	0.00698	0.00496	0.00646	0.00746	0.00792	0.00473	0.00523	0.00803	0.01016	0.01342	0.02784	0.54110	0.05582	0.13712	0.00988	0.00264	0.00367	0.13772	0.00464	0.00423
17	0.00671	0.00526	0.00607	0.00610	0.00748	0.00462	0.00449	0.00839	0.01279	0.01659	0.30416	0.15698	0.41562	0.01294	0.00632	0.00179	0.00267	0.01116	0.00523	0.00462
18	0.01011	0.00940	0.01588	0.60133	0.08038	0.01110	0.05274	0.02856	0.01101	0.01434	0.01189	0.10759	0.01050	0.00655	0.00550	0.00179	0.00660	0.00599	0.00274	0.00598
19	0.85155	0.01022	0.00777	0.00695	0.01022	0.01186	0.00573	0.01554	0.00900	0.02372	0.00736	0.00859	0.00573	0.00491	0.00327	0.00164	0.00409	0.00286	0.00327	0.00573
20	0.01067	0.04857	0.68929	0.01422	0.02134	0.03078	0.01792	0.01628	0.01146	0.01671	0.05064	0.01335	0.02484	0.00549	0.00506	0.00165	0.00741	0.00431	0.00249	0.00753
21	0.01401	0.01692	0.05202	0.01845	0.02263	0.21785	0.44587	0.01740	0.01282	0.01556	0.01089	0.01569	0.00904	0.00567	0.00651	0.00174	0.05428	0.05318	0.00279	0.00667
22	0.00728	0.00540	0.00679	0.00644	0.00778	0.00490	0.00483	0.00959	0.01449	0.02008	0.66118	0.04133	0.16784	0.01123	0.00624	0.00168	0.00252	0.00982	0.00567	0.00490
23	0.01132	0.00625	0.00830	0.00730	0.00922	0.00565	0.00565	0.01371	0.01500	0.20161	0.59947	0.03441	0.04119	0.00980	0.00602	0.00166	0.00297	0.00856	0.00599	0.00594
24	0.00657	0.00470	0.00611	0.00713	0.00751	0.00439	0.00474	0.00749	0.01018	0.01355	0.05633	0.69198	0.06404	0.07831	0.00828	0.00235	0.00319	0.01410	0.00481	0.00424
25	0.00717	0.00536	0.00666	0.00640	0.00772	0.00484	0.00478	0.00934	0.01411	0.01936	0.58796	0.07729	0.20626	0.01163	0.00626	0.00171	0.00256	0.01016	0.00558	0.00484
26	0.01418	0.01160	0.01244	0.01064	0.01360	0.05053	0.02619	0.17797	0.36281	0.05417	0.05347	0.02091	0.08071	0.00886	0.03744	0.00199	0.02629	0.00610	0.02250	0.00761
27	0.00917	0.00657	0.00840	0.02883	0.03634	0.00595	0.00587	0.03024	0.01111	0.06040	0.05909	0.37979	0.06557	0.10168	0.00821	0.00211	0.00378	0.01004	0.00439	0.16248
28	0.00994	0.11512	0.26072	0.01033	0.03692	0.00970	0.01043	0.02972	0.01196	0.04662	0.06205	0.10200	0.25580	0.00907	0.00545	0.00168	0.00499	0.00750	0.00376	0.00624
29	0.03952	0.05362	0.03099	0.04205	0.03498	0.03131	0.00850	0.18175	0.05447	0.06948	0.02885	0.01363	0.02491	0.00546	0.00489	0.00128	0.02398	0.00422	0.00390	0.34219

[dist]
# distance from previous block
# <min> <max>
0	163

# created by:
# /st0/software/busco_prod/Augustus/scripts/msa2prfl.pl ./align_prep/59338.fa
