[name]
unknown

[dist]
# distance from previous block
# <min> <max>
0	59

[block]
# block no. 0 follows, 52 sequences, length 23
# corresponding to MSA columns:
# 60-82
name=unknown_A
#
# <colnr> <probs for GDERKNQSTAVLIFYWHMCP>
#	G	D	E	R	K	N	Q	S	T	A	V	L	I	F	Y	W	H	M	C	P
0	0.01025	0.01133	0.08902	0.08918	0.01334	0.15756	0.00809	0.05221	0.01087	0.01356	0.01544	0.20098	0.01624	0.13533	0.00819	0.00208	0.00538	0.08661	0.00329	0.07106
1	0.06047	0.01135	0.19124	0.00950	0.01274	0.00813	0.04687	0.07129	0.05596	0.07753	0.05880	0.21057	0.10914	0.00877	0.00522	0.00165	0.00447	0.02910	0.00392	0.02328
2	0.23151	0.02724	0.06484	0.01219	0.15060	0.10386	0.00865	0.01589	0.01105	0.14106	0.06206	0.01240	0.00989	0.00499	0.00415	0.00134	0.00489	0.00384	0.00336	0.12618
3	0.01318	0.54748	0.05468	0.05313	0.01574	0.12935	0.09892	0.01523	0.01059	0.01215	0.00738	0.00889	0.00636	0.00431	0.00374	0.00119	0.00618	0.00316	0.00218	0.00616
4	0.00773	0.00751	0.08053	0.00706	0.00894	0.00605	0.00591	0.05545	0.05651	0.01659	0.29836	0.13271	0.21321	0.07320	0.00703	0.00185	0.00330	0.00868	0.00449	0.00489
5	0.00715	0.00524	0.00680	0.00629	0.00713	0.00504	0.04457	0.00824	0.00951	0.01300	0.19274	0.03248	0.13099	0.41017	0.05333	0.00337	0.00430	0.00758	0.04827	0.00380
6	0.01095	0.00869	0.00948	0.00869	0.01100	0.00958	0.00668	0.02054	0.53003	0.06324	0.07674	0.10486	0.10224	0.00826	0.00519	0.00166	0.00349	0.00702	0.00493	0.00673
7	0.04344	0.13194	0.06309	0.01291	0.13407	0.10824	0.00953	0.04868	0.18580	0.08409	0.05833	0.01393	0.01136	0.00570	0.00512	0.00146	0.05164	0.00439	0.01948	0.00679
8	0.02521	0.15127	0.12273	0.13558	0.11599	0.05603	0.07590	0.06939	0.02502	0.07373	0.08247	0.01367	0.01088	0.00527	0.00477	0.00144	0.01667	0.00443	0.00303	0.00653
9	0.01329	0.06894	0.14202	0.00926	0.01319	0.00948	0.00861	0.04856	0.16392	0.20512	0.04455	0.05538	0.03142	0.00606	0.00460	0.00139	0.00442	0.00495	0.00412	0.16072
10	0.01127	0.01061	0.01728	0.13125	0.55740	0.01052	0.01307	0.01407	0.01068	0.01536	0.00896	0.01177	0.00743	0.00426	0.00459	0.00134	0.00547	0.00406	0.00245	0.15818
11	0.01043	0.03473	0.30002	0.01209	0.06165	0.01027	0.05522	0.07619	0.14360	0.01802	0.14705	0.01815	0.04914	0.00625	0.00491	0.00152	0.00518	0.00531	0.03367	0.00664
12	0.00597	0.00427	0.00568	0.00670	0.00704	0.00398	0.00450	0.00691	0.00958	0.01285	0.07943	0.77243	0.03299	0.01482	0.00615	0.00194	0.00278	0.01343	0.00456	0.00398
13	0.01439	0.01157	0.01228	0.01034	0.01349	0.01315	0.00824	0.30417	0.50848	0.02405	0.01675	0.01571	0.01239	0.00630	0.00490	0.00157	0.00439	0.00507	0.00490	0.00788
14	0.01332	0.26214	0.26584	0.01042	0.01530	0.01325	0.01104	0.10411	0.07200	0.11297	0.02186	0.01139	0.00841	0.00495	0.00420	0.00133	0.00546	0.00371	0.00317	0.05513
15	0.01301	0.21695	0.38447	0.01100	0.01632	0.01233	0.01243	0.03918	0.04382	0.16246	0.03641	0.01202	0.00897	0.00504	0.00435	0.00141	0.00576	0.00385	0.00310	0.00710
16	0.00957	0.08306	0.60463	0.01305	0.05703	0.01095	0.01521	0.01419	0.01035	0.01478	0.01372	0.01478	0.10717	0.00553	0.00464	0.00151	0.00634	0.00439	0.00238	0.00672
17	0.01052	0.00931	0.01521	0.21727	0.41567	0.00973	0.01207	0.01327	0.02454	0.04589	0.01420	0.12274	0.05593	0.00645	0.00505	0.00157	0.00525	0.00595	0.00293	0.00644
18	0.01402	0.02875	0.21480	0.01429	0.07035	0.02214	0.16947	0.04182	0.04562	0.19412	0.04649	0.06027	0.01228	0.00637	0.00554	0.00171	0.01774	0.00554	0.02128	0.00739
19	0.01097	0.01003	0.01600	0.14890	0.41385	0.01047	0.04319	0.06644	0.05755	0.01603	0.01388	0.09898	0.04983	0.00627	0.00507	0.00156	0.00534	0.01592	0.00303	0.00670
20	0.00597	0.00427	0.00570	0.00682	0.00713	0.00399	0.00461	0.00686	0.00934	0.01245	0.02667	0.79941	0.03191	0.01512	0.00620	0.00198	0.00287	0.04024	0.00450	0.00395
21	0.01115	0.04891	0.46006	0.01241	0.04459	0.05725	0.03475	0.01528	0.02129	0.08790	0.02149	0.09338	0.01033	0.00592	0.00470	0.00152	0.00606	0.00488	0.05149	0.00664
22	0.01278	0.04534	0.39480	0.01442	0.10509	0.13022	0.03707	0.01656	0.01139	0.11463	0.01102	0.01405	0.00860	0.00538	0.00475	0.00151	0.00664	0.05603	0.00283	0.00689

[dist]
# distance from previous block
# <min> <max>
3	5

[block]
# block no. 1 follows, 52 sequences, length 47
# corresponding to MSA columns:
# 88-134
name=unknown_B
#
# <colnr> <probs for GDERKNQSTAVLIFYWHMCP>
#	G	D	E	R	K	N	Q	S	T	A	V	L	I	F	Y	W	H	M	C	P
0	0.00673	0.00478	0.00640	0.00734	0.00793	0.00462	0.00552	0.00805	0.00991	0.01313	0.05823	0.43974	0.02972	0.09592	0.00820	0.00232	0.00356	0.27950	0.00436	0.00405
1	0.00673	0.00495	0.00630	0.00596	0.00716	0.00452	0.00447	0.00890	0.01342	0.01872	0.71290	0.03737	0.13017	0.01017	0.00572	0.00154	0.00231	0.00893	0.00524	0.00452
2	0.01343	0.01036	0.01154	0.00899	0.01276	0.01018	0.00723	0.22145	0.20988	0.06469	0.01280	0.01285	0.00964	0.00507	0.00433	0.00119	0.00414	0.00404	0.00409	0.37134
3	0.01035	0.10174	0.53338	0.01167	0.01783	0.01089	0.01401	0.01472	0.01022	0.03037	0.00868	0.01007	0.00649	0.00436	0.00423	0.00130	0.00610	0.00335	0.00231	0.19791
4	0.00704	0.00472	0.00538	0.00538	0.00542	0.00475	0.00306	0.00711	0.00708	0.00947	0.01518	0.03122	0.01740	0.79879	0.05527	0.00482	0.00502	0.00697	0.00292	0.00299
5	0.01154	0.01185	0.02244	0.08271	0.43105	0.01185	0.29854	0.01483	0.01096	0.01533	0.00924	0.01241	0.00742	0.00441	0.00552	0.00155	0.03412	0.00483	0.00239	0.00701
6	0.02102	0.00876	0.01236	0.00940	0.01321	0.00777	0.05038	0.05814	0.01414	0.72341	0.01825	0.01608	0.01156	0.00588	0.00492	0.00150	0.00440	0.00490	0.00575	0.00815
7	0.02741	0.01436	0.01368	0.10350	0.14076	0.33049	0.05168	0.01539	0.05503	0.01349	0.01254	0.17507	0.01221	0.00695	0.00494	0.00151	0.00643	0.00585	0.00299	0.00574
8	0.01189	0.01180	0.02130	0.02804	0.65769	0.01165	0.15534	0.01499	0.01111	0.01578	0.00924	0.01219	0.00762	0.00428	0.00497	0.00147	0.00620	0.00457	0.00241	0.00747
9	0.00596	0.00427	0.00573	0.00680	0.00711	0.00404	0.00458	0.00684	0.00920	0.01231	0.02601	0.78558	0.03104	0.01626	0.04697	0.00226	0.00333	0.01334	0.00440	0.00396
10	0.00972	0.02507	0.80458	0.01381	0.02097	0.01125	0.01790	0.01535	0.01023	0.01535	0.00870	0.01023	0.00614	0.00460	0.00460	0.00153	0.00716	0.00358	0.00205	0.00716
11	0.01066	0.01055	0.10162	0.03962	0.05090	0.02782	0.16430	0.01429	0.07933	0.11497	0.04777	0.06502	0.23669	0.00774	0.00534	0.00160	0.00492	0.00697	0.00384	0.00602
12	0.01199	0.40865	0.25893	0.01224	0.01734	0.05573	0.14416	0.01518	0.01043	0.01332	0.00789	0.00947	0.00639	0.00432	0.00407	0.00130	0.00647	0.00345	0.00215	0.00653
13	0.02138	0.00817	0.01113	0.00856	0.01225	0.00706	0.00706	0.02327	0.01387	0.78383	0.03798	0.01697	0.01281	0.00609	0.00489	0.00150	0.00408	0.00497	0.00598	0.00816
14	0.01060	0.01113	0.02205	0.27566	0.13925	0.01139	0.39974	0.01413	0.01075	0.01446	0.00989	0.04024	0.00795	0.00473	0.00532	0.00161	0.00710	0.00534	0.00242	0.00625
15	0.01083	0.01033	0.01757	0.35201	0.48628	0.01121	0.01429	0.01385	0.01048	0.01442	0.00891	0.01237	0.00718	0.00453	0.00482	0.00151	0.00604	0.00431	0.00230	0.00674
16	0.01323	0.01499	0.01445	0.01264	0.01352	0.29391	0.01017	0.01436	0.00964	0.01173	0.00676	0.00995	0.00632	0.00726	0.01186	0.00181	0.53590	0.00385	0.00225	0.00541
17	0.00842	0.00421	0.00631	0.00631	0.00631	0.00421	0.00421	0.00631	0.00631	0.00842	0.00842	0.01473	0.00842	0.01684	0.01894	0.85901	0.00421	0.00421	0.00210	0.00210
18	0.01296	0.83261	0.02539	0.00829	0.01244	0.01917	0.00829	0.01451	0.00985	0.01140	0.00674	0.00777	0.00622	0.00415	0.00311	0.00104	0.00518	0.00259	0.00207	0.00622
19	0.00585	0.00441	0.00542	0.00622	0.00689	0.00398	0.00427	0.00681	0.00978	0.01258	0.03310	0.60399	0.25047	0.01435	0.00605	0.00187	0.00271	0.01276	0.00450	0.00398
20	0.00705	0.00470	0.00529	0.00529	0.00529	0.00470	0.00294	0.00705	0.00705	0.00940	0.01527	0.03171	0.01762	0.82969	0.02467	0.00470	0.00470	0.00705	0.00294	0.00294
21	0.00692	0.00519	0.00779	0.00779	0.00865	0.00606	0.00606	0.00865	0.00779	0.01125	0.01298	0.01904	0.01211	0.03634	0.81049	0.00779	0.01298	0.00519	0.00260	0.00433
22	0.01199	0.01151	0.01967	0.02974	0.79946	0.01151	0.01487	0.01487	0.01103	0.01583	0.00912	0.01199	0.00768	0.00432	0.00480	0.00144	0.00576	0.00432	0.00240	0.00768
23	0.00915	0.00861	0.01453	0.81804	0.03338	0.01077	0.01346	0.01238	0.00969	0.01238	0.00861	0.01292	0.00646	0.00484	0.00484	0.00161	0.00646	0.00431	0.00215	0.00538
24	0.01810	0.02310	0.01373	0.01248	0.01498	0.81024	0.00936	0.01935	0.01373	0.01186	0.00749	0.00874	0.00624	0.00499	0.00437	0.00125	0.00874	0.00312	0.00250	0.00562
25	0.00967	0.06486	0.72056	0.01314	0.01976	0.01125	0.01667	0.01483	0.01016	0.01498	0.00960	0.05559	0.00759	0.00517	0.00462	0.00153	0.00682	0.00410	0.00218	0.00693
26	0.01291	0.07291	0.01239	0.01009	0.01290	0.11741	0.00794	0.02408	0.63089	0.01851	0.01716	0.01609	0.01304	0.00619	0.00472	0.00155	0.00458	0.00496	0.00440	0.00729
27	0.00951	0.00901	0.01501	0.69223	0.10041	0.01111	0.01339	0.01255	0.00965	0.01264	0.00850	0.01268	0.00656	0.00505	0.00560	0.00163	0.06239	0.00430	0.00217	0.00558
28	0.00705	0.00470	0.00529	0.00529	0.00529	0.00470	0.00294	0.00705	0.00705	0.00940	0.01527	0.03171	0.01762	0.82969	0.02467	0.00470	0.00470	0.00705	0.00294	0.00294
29	0.00705	0.00470	0.00529	0.00529	0.00529	0.00470	0.00294	0.00705	0.00705	0.00940	0.01527	0.03171	0.01762	0.82969	0.02467	0.00470	0.00470	0.00705	0.00294	0.00294
30	0.01169	0.01121	0.01912	0.11364	0.71793	0.01143	0.01472	0.01461	0.01089	0.01546	0.00906	0.01209	0.00755	0.00437	0.00480	0.00146	0.00583	0.00432	0.00237	0.00743
31	0.01341	0.76062	0.02436	0.00866	0.01266	0.08952	0.00839	0.01494	0.01019	0.01144	0.00680	0.00786	0.00622	0.00422	0.00322	0.00106	0.00550	0.00264	0.00211	0.00617
32	0.00915	0.00861	0.01453	0.81804	0.03338	0.01077	0.01346	0.01238	0.00969	0.01238	0.00861	0.01292	0.00646	0.00484	0.00484	0.00161	0.00646	0.00431	0.00215	0.00538
33	0.01091	0.01122	0.01439	0.12380	0.01559	0.08464	0.01068	0.01228	0.00836	0.01180	0.00746	0.03821	0.00723	0.00789	0.01302	0.00197	0.60854	0.00447	0.00224	0.00529
34	0.00842	0.00421	0.00631	0.00631	0.00631	0.00421	0.00421	0.00631	0.00631	0.00842	0.00842	0.01473	0.00842	0.01684	0.01894	0.85901	0.00421	0.00421	0.00210	0.00210
35	0.01205	0.01041	0.01096	0.00986	0.01260	0.01205	0.00767	0.02575	0.79071	0.02027	0.01972	0.01808	0.01479	0.00657	0.00493	0.00164	0.00384	0.00548	0.00493	0.00767
36	0.01154	0.00992	0.01049	0.00948	0.01209	0.01137	0.00736	0.02418	0.72150	0.01993	0.05676	0.02014	0.04979	0.00697	0.00500	0.00164	0.00370	0.00583	0.00493	0.00737
37	0.00915	0.00861	0.01453	0.81804	0.03338	0.01077	0.01346	0.01238	0.00969	0.01238	0.00861	0.01292	0.00646	0.00484	0.00484	0.00161	0.00646	0.00431	0.00215	0.00538
38	0.00972	0.02507	0.80458	0.01381	0.02097	0.01125	0.01790	0.01535	0.01023	0.01535	0.00870	0.01023	0.00614	0.00460	0.00460	0.00153	0.00716	0.00358	0.00205	0.00716
39	0.00705	0.00470	0.00529	0.00529	0.00529	0.00470	0.00294	0.00705	0.00705	0.00940	0.01527	0.03171	0.01762	0.82969	0.02467	0.00470	0.00470	0.00705	0.00294	0.00294
40	0.04133	0.01675	0.24994	0.01625	0.06037	0.05261	0.30894	0.11945	0.03970	0.03282	0.01000	0.01184	0.00736	0.00466	0.00503	0.00154	0.00702	0.00458	0.00283	0.00699
41	0.00965	0.02459	0.78556	0.01363	0.02065	0.01110	0.01759	0.01520	0.01031	0.01544	0.02749	0.01085	0.00708	0.00473	0.00463	0.00153	0.00705	0.00370	0.00212	0.00710
42	0.00590	0.00422	0.00562	0.00675	0.00703	0.00394	0.00450	0.00675	0.00928	0.01237	0.02671	0.82653	0.03205	0.01518	0.00619	0.00197	0.00281	0.01378	0.00450	0.00394
43	0.00729	0.00466	0.00604	0.00669	0.00745	0.00424	0.00463	0.00827	0.00990	0.08275	0.02872	0.66079	0.12224	0.01402	0.00601	0.00189	0.00289	0.01256	0.00463	0.00434
44	0.06914	0.25014	0.06310	0.05492	0.01500	0.03257	0.04403	0.18845	0.02630	0.17950	0.01113	0.01148	0.00811	0.00507	0.00422	0.00136	0.00524	0.00385	0.01936	0.00703
45	0.18280	0.07455	0.08186	0.01228	0.07426	0.01083	0.15341	0.02959	0.06323	0.07199	0.04740	0.05965	0.02559	0.04752	0.00613	0.00172	0.04271	0.00513	0.00325	0.00611
46	0.02825	0.11383	0.31612	0.03962	0.01724	0.05254	0.04481	0.13041	0.01230	0.06026	0.00946	0.01079	0.00709	0.00556	0.02397	0.00153	0.02610	0.00371	0.00285	0.09354

[dist]
# distance from previous block
# <min> <max>
0	25

[block]
# block no. 2 follows, 52 sequences, length 25
# corresponding to MSA columns:
# 160-184
name=unknown_C
#
# <colnr> <probs for GDERKNQSTAVLIFYWHMCP>
#	G	D	E	R	K	N	Q	S	T	A	V	L	I	F	Y	W	H	M	C	P
0	0.09654	0.03156	0.06502	0.02672	0.03034	0.04603	0.03751	0.30776	0.11589	0.04886	0.01275	0.01383	0.02602	0.04249	0.00543	0.00158	0.00507	0.00443	0.03144	0.05073
1	0.22962	0.05601	0.09492	0.04140	0.09727	0.07378	0.04492	0.08166	0.01114	0.06077	0.00899	0.01058	0.00698	0.00502	0.00506	0.00145	0.07368	0.00364	0.03490	0.05821
2	0.08682	0.13897	0.21640	0.03893	0.11147	0.08559	0.06343	0.01529	0.05479	0.03126	0.06997	0.03021	0.02607	0.00541	0.00448	0.00144	0.00578	0.00443	0.00284	0.00640
3	0.05310	0.02554	0.03225	0.15454	0.27819	0.02534	0.07337	0.02984	0.09493	0.03073	0.02809	0.01552	0.05717	0.00538	0.00473	0.00148	0.00527	0.00484	0.05785	0.02183
4	0.01024	0.00988	0.01742	0.36579	0.31806	0.01069	0.10328	0.01325	0.01037	0.01404	0.01034	0.07561	0.00900	0.00536	0.00503	0.00158	0.00611	0.00521	0.00246	0.00627
5	0.01253	0.01191	0.01199	0.05900	0.09388	0.14538	0.00865	0.03568	0.41234	0.03280	0.06439	0.03371	0.04350	0.00654	0.00492	0.00155	0.00488	0.00540	0.00412	0.00682
6	0.00627	0.00448	0.00604	0.00717	0.00761	0.00425	0.00513	0.00738	0.00964	0.01278	0.02651	0.67840	0.03125	0.01484	0.00628	0.00202	0.00313	0.15829	0.00449	0.00404
7	0.00617	0.00433	0.00554	0.00641	0.00663	0.00411	0.00414	0.00682	0.00876	0.01168	0.02406	0.64269	0.02871	0.20358	0.01046	0.00260	0.00325	0.01222	0.00414	0.00370
8	0.00972	0.02507	0.80458	0.01381	0.02097	0.01125	0.01790	0.01535	0.01023	0.01535	0.00870	0.01023	0.00614	0.00460	0.00460	0.00153	0.00716	0.00358	0.00205	0.00716
9	0.00813	0.00528	0.00662	0.00610	0.00761	0.00473	0.00464	0.01014	0.01315	0.09797	0.55458	0.03646	0.20612	0.01002	0.00563	0.00155	0.00251	0.00869	0.00522	0.00484
10	0.86392	0.00937	0.00712	0.00637	0.00937	0.01087	0.00525	0.01425	0.00825	0.02174	0.00675	0.00787	0.00525	0.00450	0.00300	0.00150	0.00375	0.00262	0.00300	0.00525
11	0.00903	0.00452	0.00452	0.00452	0.00565	0.00452	0.00339	0.01129	0.01016	0.01807	0.01581	0.01807	0.01242	0.00565	0.00339	0.00113	0.00226	0.00452	0.85659	0.00452
12	0.86392	0.00937	0.00712	0.00637	0.00937	0.01087	0.00525	0.01425	0.00825	0.02174	0.00675	0.00787	0.00525	0.00450	0.00300	0.00150	0.00375	0.00262	0.00300	0.00525
13	0.00686	0.00495	0.00648	0.00610	0.00724	0.00457	0.00457	0.00914	0.01372	0.01943	0.79691	0.03620	0.04572	0.00991	0.00572	0.00152	0.00229	0.00876	0.00533	0.00457
14	0.86392	0.00937	0.00712	0.00637	0.00937	0.01087	0.00525	0.01425	0.00825	0.02174	0.00675	0.00787	0.00525	0.00450	0.00300	0.00150	0.00375	0.00262	0.00300	0.00525
15	0.01810	0.02310	0.01373	0.01248	0.01498	0.81024	0.00936	0.01935	0.01373	0.01186	0.00749	0.00874	0.00624	0.00499	0.00437	0.00125	0.00874	0.00312	0.00250	0.00562
16	0.00618	0.00433	0.00554	0.00639	0.00660	0.00412	0.00412	0.00682	0.00874	0.01165	0.02393	0.63316	0.02854	0.21334	0.01068	0.00263	0.00327	0.01214	0.00412	0.00369
17	0.00637	0.00493	0.00580	0.00558	0.00694	0.00436	0.00419	0.00820	0.01257	0.01670	0.47455	0.04070	0.36979	0.01093	0.00572	0.00157	0.00236	0.00939	0.00497	0.00436
18	0.00714	0.00473	0.00573	0.00573	0.00585	0.00486	0.00348	0.00722	0.00710	0.00959	0.01441	0.02857	0.01611	0.65243	0.13744	0.07131	0.00585	0.00656	0.00282	0.00307
19	0.01005	0.00861	0.01005	0.00718	0.01148	0.00646	0.00574	0.01220	0.01005	0.01579	0.00861	0.01005	0.00718	0.00359	0.00359	0.00072	0.00359	0.00287	0.00287	0.85932
20	0.00590	0.00422	0.00562	0.00675	0.00703	0.00394	0.00450	0.00675	0.00928	0.01237	0.02671	0.82653	0.03205	0.01518	0.00619	0.00197	0.00281	0.01378	0.00450	0.00394
21	0.00595	0.00477	0.00535	0.00576	0.00697	0.00417	0.00425	0.00715	0.01055	0.01300	0.04079	0.27058	0.51608	0.01320	0.00594	0.00178	0.00272	0.07246	0.00450	0.00408
22	0.01035	0.02339	0.71408	0.01485	0.08095	0.01112	0.01727	0.01562	0.01043	0.04488	0.00912	0.01060	0.00648	0.00463	0.00463	0.00153	0.00694	0.00369	0.00222	0.00724
23	0.01040	0.26664	0.50805	0.01160	0.01732	0.01307	0.01397	0.01443	0.01004	0.01393	0.00950	0.07272	0.00817	0.00529	0.00428	0.00142	0.00623	0.00407	0.00224	0.00663
24	0.26098	0.01195	0.07767	0.01424	0.08177	0.04613	0.28409	0.01398	0.01017	0.01674	0.01110	0.12854	0.01019	0.00591	0.00476	0.00160	0.00584	0.00558	0.00287	0.00589

[dist]
# distance from previous block
# <min> <max>
2	15

[block]
# block no. 3 follows, 52 sequences, length 28
# corresponding to MSA columns:
# 200-227
name=unknown_D
#
# <colnr> <probs for GDERKNQSTAVLIFYWHMCP>
#	G	D	E	R	K	N	Q	S	T	A	V	L	I	F	Y	W	H	M	C	P
0	0.00788	0.00608	0.00680	0.00672	0.00718	0.06024	0.00454	0.00837	0.00769	0.01011	0.01337	0.02437	0.01418	0.43392	0.28920	0.07947	0.00774	0.00590	0.00272	0.00352
1	0.00749	0.00544	0.00672	0.00658	0.00707	0.00593	0.00444	0.00916	0.07107	0.01090	0.01474	0.02627	0.01546	0.50209	0.26395	0.00534	0.02427	0.00629	0.00298	0.00380
2	0.00653	0.00491	0.00580	0.00580	0.00664	0.00483	0.00403	0.00743	0.00872	0.01125	0.02720	0.03392	0.30504	0.31887	0.22374	0.00437	0.00604	0.00774	0.00343	0.00373
3	0.00693	0.00518	0.00771	0.00771	0.00854	0.00601	0.00596	0.00860	0.00776	0.01119	0.01305	0.01945	0.01229	0.06192	0.78516	0.00769	0.01271	0.00525	0.00261	0.00428
4	0.02087	0.00804	0.01095	0.00850	0.01207	0.00696	0.00698	0.02273	0.01374	0.75819	0.04229	0.03910	0.01354	0.00636	0.00493	0.00151	0.00403	0.00523	0.00594	0.00802
5	0.00903	0.00452	0.00452	0.00452	0.00565	0.00452	0.00339	0.01129	0.01016	0.01807	0.01581	0.01807	0.01242	0.00565	0.00339	0.00113	0.00226	0.00452	0.85659	0.00452
6	0.01296	0.83261	0.02539	0.00829	0.01244	0.01917	0.00829	0.01451	0.00985	0.01140	0.00674	0.00777	0.00622	0.00415	0.00311	0.00104	0.00518	0.00259	0.00207	0.00622
7	0.00675	0.00457	0.00537	0.00566	0.00574	0.00450	0.00334	0.00697	0.00763	0.01017	0.01824	0.23784	0.02136	0.61846	0.01987	0.00399	0.00421	0.00879	0.00334	0.00320
8	0.01842	0.01357	0.01454	0.01115	0.01503	0.01503	0.00921	0.78330	0.02278	0.03054	0.01163	0.01163	0.00824	0.00582	0.00485	0.00145	0.00533	0.00436	0.00485	0.00824
9	0.01003	0.00936	0.04621	0.00748	0.01192	0.00668	0.00630	0.01235	0.01006	0.01577	0.00862	0.01006	0.00713	0.00364	0.00364	0.00075	0.00375	0.00290	0.00283	0.82053
10	0.00896	0.00832	0.01388	0.75195	0.03125	0.01026	0.01273	0.01212	0.01002	0.01296	0.07278	0.01481	0.00966	0.00526	0.00492	0.00161	0.00612	0.00467	0.00241	0.00532
11	0.02174	0.00825	0.01125	0.00862	0.01237	0.00712	0.00712	0.02362	0.01387	0.80282	0.01912	0.01649	0.01200	0.00600	0.00487	0.00150	0.00412	0.00487	0.00600	0.00825
12	0.00653	0.00488	0.00606	0.00588	0.00707	0.00441	0.00437	0.00846	0.01276	0.01743	0.56609	0.10288	0.21362	0.01087	0.00576	0.00159	0.00237	0.00950	0.00508	0.00441
13	0.01151	0.34619	0.40581	0.01199	0.01759	0.05085	0.06494	0.01521	0.01032	0.01363	0.00793	0.00937	0.00626	0.00440	0.00407	0.00133	0.00651	0.00331	0.00210	0.00667
14	0.00674	0.00459	0.00549	0.00587	0.00600	0.00451	0.00360	0.00708	0.00788	0.01050	0.01912	0.27110	0.02237	0.55209	0.01839	0.00378	0.00412	0.04001	0.00347	0.00330
15	0.00685	0.00491	0.00636	0.00605	0.00707	0.00456	0.00444	0.00890	0.01305	0.01841	0.71102	0.05868	0.04304	0.07679	0.00727	0.00180	0.00250	0.00877	0.00512	0.00442
16	0.00996	0.00942	0.01634	0.53844	0.19969	0.01075	0.07727	0.01314	0.01015	0.01368	0.00918	0.01298	0.00709	0.00471	0.00484	0.00155	0.00624	0.00444	0.04419	0.00594
17	0.01647	0.01409	0.01698	0.01544	0.14111	0.12858	0.12254	0.36781	0.03113	0.08110	0.01107	0.01196	0.00813	0.00523	0.00490	0.00146	0.00619	0.00443	0.00386	0.00751
18	0.01528	0.01840	0.01415	0.01257	0.01413	0.51142	0.00983	0.01646	0.01136	0.01179	0.00707	0.00944	0.00629	0.00630	0.00870	0.00158	0.31382	0.00354	0.00236	0.00550
19	0.01286	0.01519	0.13935	0.00983	0.01409	0.21602	0.00883	0.04312	0.01165	0.04720	0.00887	0.01006	0.00700	0.00430	0.00405	0.00105	0.00559	0.00319	0.00284	0.43492
20	0.00632	0.00472	0.00658	0.00832	0.06126	0.00445	0.00521	0.00730	0.00940	0.01261	0.02551	0.77079	0.03038	0.01444	0.00609	0.00193	0.00301	0.01313	0.00435	0.00419
21	0.00692	0.00519	0.00779	0.00779	0.00865	0.00606	0.00606	0.00865	0.00779	0.01125	0.01298	0.01904	0.01211	0.03634	0.81049	0.00779	0.01298	0.00519	0.00260	0.00433
22	0.01360	0.73174	0.02394	0.00881	0.01275	0.11775	0.00843	0.01511	0.01033	0.01146	0.00683	0.00789	0.00622	0.00425	0.00327	0.00106	0.00563	0.00266	0.00213	0.00614
23	0.01110	0.06843	0.45602	0.01154	0.01714	0.01108	0.01316	0.06703	0.09736	0.04050	0.02768	0.01177	0.00844	0.00488	0.00445	0.00139	0.00582	0.00383	0.00287	0.13551
24	0.01263	0.08581	0.05766	0.20639	0.17411	0.04205	0.12774	0.10532	0.07412	0.05197	0.01039	0.01243	0.00791	0.00486	0.00479	0.00149	0.00614	0.00441	0.00295	0.00682
25	0.00975	0.00934	0.01431	0.23488	0.05388	0.04575	0.11405	0.01316	0.07305	0.01330	0.01130	0.01635	0.00973	0.01384	0.21523	0.00328	0.10116	0.03947	0.00266	0.00551
26	0.00661	0.00513	0.00601	0.00640	0.00770	0.00468	0.00511	0.00812	0.01084	0.01347	0.05931	0.04797	0.43945	0.07914	0.00761	0.00209	0.00335	0.27847	0.00438	0.00414
27	0.08116	0.02661	0.01411	0.08261	0.28358	0.04725	0.01035	0.05891	0.21338	0.01731	0.01325	0.08983	0.01143	0.00618	0.00500	0.00156	0.02199	0.00529	0.00341	0.00680

[dist]
# distance from previous block
# <min> <max>
0	2

[block]
# block no. 4 follows, 52 sequences, length 16
# corresponding to MSA columns:
# 230-245
name=unknown_E
#
# <colnr> <probs for GDERKNQSTAVLIFYWHMCP>
#	G	D	E	R	K	N	Q	S	T	A	V	L	I	F	Y	W	H	M	C	P
0	0.01854	0.00754	0.01022	0.00808	0.01127	0.00657	0.00657	0.02050	0.01384	0.63423	0.18651	0.02073	0.01925	0.00684	0.00505	0.00150	0.00373	0.00571	0.00586	0.00746
1	0.00705	0.00470	0.00529	0.00529	0.00529	0.00470	0.00294	0.00705	0.00705	0.00940	0.01527	0.03171	0.01762	0.82969	0.02467	0.00470	0.00470	0.00705	0.00294	0.00294
2	0.01243	0.01180	0.02327	0.01679	0.02137	0.01091	0.55150	0.01654	0.05393	0.10314	0.01122	0.01333	0.00825	0.00437	0.00530	0.00150	0.00688	0.00524	0.00303	0.11919
3	0.01146	0.00523	0.00580	0.00530	0.00693	0.00502	0.00410	0.01365	0.01087	0.16813	0.01644	0.01777	0.01234	0.00571	0.00367	0.00120	0.00262	0.00458	0.69394	0.00523
4	0.01296	0.83261	0.02539	0.00829	0.01244	0.01917	0.00829	0.01451	0.00985	0.01140	0.00674	0.00777	0.00622	0.00415	0.00311	0.00104	0.00518	0.00259	0.00207	0.00622
5	0.00605	0.00503	0.00533	0.00549	0.00692	0.00443	0.00402	0.00779	0.04680	0.01329	0.04345	0.19445	0.61489	0.01257	0.00578	0.00170	0.00259	0.01069	0.00452	0.00423
6	0.01327	0.01101	0.01164	0.01011	0.01307	0.01262	0.00796	0.17061	0.64386	0.02224	0.01818	0.01685	0.01354	0.00643	0.00492	0.00161	0.00412	0.00527	0.00492	0.00778
7	0.01255	0.01121	0.01282	0.01372	0.16317	0.04456	0.00911	0.07455	0.53633	0.01958	0.01744	0.01687	0.03389	0.00618	0.00490	0.00158	0.00447	0.00521	0.00433	0.00753
8	0.03246	0.14964	0.25820	0.01337	0.01842	0.06309	0.21004	0.01707	0.01135	0.16525	0.01054	0.01161	0.00757	0.00469	0.00465	0.00145	0.00654	0.00417	0.00296	0.00691
9	0.17456	0.12565	0.20889	0.03324	0.01821	0.01276	0.22867	0.05137	0.07204	0.01710	0.00937	0.01100	0.00711	0.00459	0.00445	0.00150	0.00616	0.00407	0.00271	0.00654
10	0.00934	0.00557	0.00688	0.00619	0.00800	0.00490	0.00477	0.01120	0.01288	0.16718	0.40542	0.03582	0.28332	0.00993	0.00556	0.00156	0.00269	0.00850	0.00519	0.00512
11	0.00830	0.00768	0.02705	0.00897	0.00982	0.00859	0.06019	0.00936	0.00834	0.01148	0.01823	0.02538	0.16189	0.29436	0.05502	0.00315	0.26846	0.00649	0.00290	0.00433
12	0.08821	0.08845	0.23180	0.03038	0.01749	0.03722	0.16317	0.01730	0.02647	0.20637	0.02545	0.01252	0.00862	0.00501	0.00484	0.00150	0.02071	0.00429	0.00330	0.00689
13	0.01138	0.01592	0.24662	0.01243	0.01557	0.08026	0.02785	0.01720	0.21599	0.01512	0.01075	0.01236	0.00854	0.00645	0.00849	0.00174	0.27962	0.00431	0.00288	0.00653
14	0.00701	0.00602	0.00796	0.01013	0.15831	0.00549	0.00604	0.00851	0.01075	0.01371	0.06689	0.21800	0.44063	0.01132	0.00565	0.00167	0.00316	0.00985	0.00413	0.00476
15	0.02919	0.00863	0.02898	0.00871	0.04538	0.00741	0.00673	0.05578	0.06456	0.18019	0.16374	0.01825	0.04193	0.00597	0.00455	0.00123	0.00370	0.00498	0.00425	0.31585

[dist]
# distance from previous block
# <min> <max>
0	2

[block]
# block no. 5 follows, 52 sequences, length 33
# corresponding to MSA columns:
# 248-280
name=unknown_F
#
# <colnr> <probs for GDERKNQSTAVLIFYWHMCP>
#	G	D	E	R	K	N	Q	S	T	A	V	L	I	F	Y	W	H	M	C	P
0	0.10907	0.03443	0.19909	0.00928	0.01349	0.00911	0.00909	0.05528	0.05960	0.18310	0.02816	0.06924	0.02390	0.00582	0.00442	0.00139	0.00462	0.00465	0.00374	0.17251
1	0.27341	0.03622	0.16453	0.00998	0.01369	0.06225	0.04871	0.12462	0.02373	0.06884	0.01113	0.09093	0.00942	0.00599	0.00453	0.00153	0.02109	0.00460	0.01855	0.00625
2	0.01729	0.01298	0.01442	0.09075	0.01676	0.01451	0.00958	0.68136	0.04769	0.02840	0.01161	0.01198	0.00829	0.00575	0.00485	0.00148	0.00539	0.00440	0.00458	0.00794
3	0.00611	0.00445	0.00559	0.00626	0.00681	0.00411	0.00423	0.00710	0.00985	0.01303	0.12140	0.53913	0.14413	0.09452	0.00789	0.00214	0.00288	0.01199	0.00444	0.00394
4	0.01272	0.75147	0.02435	0.00873	0.01247	0.01875	0.00852	0.01423	0.00961	0.01143	0.00670	0.00805	0.00623	0.00457	0.00437	0.00114	0.08569	0.00275	0.00208	0.00613
5	0.00612	0.00492	0.00546	0.00532	0.00679	0.00426	0.00399	0.00772	0.01198	0.01531	0.31087	0.04298	0.53433	0.01144	0.00572	0.00160	0.00240	0.00972	0.00479	0.00426
6	0.00839	0.00508	0.00587	0.00552	0.00701	0.00463	0.00420	0.01035	0.01198	0.08091	0.30532	0.03214	0.23588	0.00899	0.00497	0.00144	0.00247	0.00761	0.25250	0.00472
7	0.01347	0.01111	0.01175	0.01015	0.01314	0.01271	0.00801	0.19378	0.62038	0.02255	0.01793	0.01665	0.01334	0.00641	0.00491	0.00160	0.00417	0.00523	0.00491	0.00780
8	0.00689	0.00492	0.00675	0.00787	0.00858	0.00478	0.00620	0.00844	0.01024	0.01347	0.02617	0.42907	0.02991	0.01426	0.00645	0.00210	0.00366	0.40155	0.00448	0.00421
9	0.00581	0.00491	0.00503	0.00500	0.00660	0.00413	0.00375	0.00712	0.01125	0.01358	0.10674	0.04583	0.73955	0.01209	0.00573	0.00163	0.00244	0.01011	0.00456	0.00413
10	0.00705	0.00470	0.00529	0.00529	0.00529	0.00470	0.00294	0.00705	0.00705	0.00940	0.01527	0.03171	0.01762	0.82969	0.02467	0.00470	0.00470	0.00705	0.00294	0.00294
11	0.00686	0.00495	0.00648	0.00610	0.00724	0.00457	0.00457	0.00914	0.01372	0.01943	0.79691	0.03620	0.04572	0.00991	0.00572	0.00152	0.00229	0.00876	0.00533	0.00457
12	0.00596	0.00424	0.00561	0.00667	0.00694	0.00398	0.00442	0.00676	0.00916	0.01222	0.02612	0.78585	0.03131	0.05687	0.00713	0.00211	0.00291	0.01343	0.00442	0.00388
13	0.01842	0.01357	0.01454	0.01115	0.01503	0.01503	0.00921	0.78330	0.02278	0.03054	0.01163	0.01163	0.00824	0.00582	0.00485	0.00145	0.00533	0.00436	0.00485	0.00824
14	0.02157	0.00852	0.01141	0.00875	0.01251	0.00753	0.00723	0.06250	0.01433	0.76329	0.01874	0.01625	0.01180	0.00599	0.00487	0.00150	0.00419	0.00485	0.00594	0.00825
15	0.00573	0.00491	0.00491	0.00491	0.00655	0.00409	0.00368	0.00695	0.01105	0.01309	0.04909	0.04664	0.79750	0.01227	0.00573	0.00164	0.00245	0.01023	0.00450	0.00409
16	0.01112	0.01071	0.01436	0.01231	0.01281	0.01451	0.01019	0.04740	0.10298	0.01354	0.00821	0.01155	0.00747	0.00813	0.01409	0.00203	0.68589	0.00440	0.00258	0.00572
17	0.01005	0.00861	0.01005	0.00718	0.01148	0.00646	0.00574	0.01220	0.01005	0.01579	0.00861	0.01005	0.00718	0.00359	0.00359	0.00072	0.00359	0.00287	0.00287	0.85932
18	0.01137	0.17117	0.36754	0.01321	0.03385	0.07749	0.10965	0.01546	0.03705	0.01441	0.00892	0.01068	0.00693	0.00485	0.00516	0.00145	0.06050	0.00379	0.03994	0.00657
19	0.01265	0.01285	0.01873	0.05714	0.67261	0.11140	0.01413	0.01534	0.01132	0.01521	0.00889	0.01162	0.00745	0.00442	0.00475	0.00142	0.00616	0.00417	0.00240	0.00733
20	0.00714	0.00481	0.00560	0.00574	0.00588	0.00481	0.00354	0.00742	0.00756	0.01003	0.01656	0.03457	0.01890	0.72807	0.02243	0.00439	0.00467	0.10163	0.00313	0.00313
21	0.06030	0.06243	0.06510	0.13385	0.12169	0.02124	0.05879	0.05966	0.02257	0.13720	0.05296	0.08155	0.02352	0.00634	0.00551	0.00155	0.05633	0.00531	0.00344	0.02067
22	0.01296	0.19052	0.03737	0.03331	0.08787	0.01188	0.03505	0.09471	0.15915	0.10954	0.05665	0.04755	0.03543	0.00630	0.00465	0.00144	0.00466	0.03088	0.00385	0.03622
23	0.00929	0.00629	0.00778	0.00704	0.00874	0.00621	0.00540	0.01365	0.15780	0.09691	0.57603	0.03089	0.03666	0.00890	0.00549	0.00154	0.00275	0.00777	0.00533	0.00551
24	0.00826	0.00535	0.00669	0.00640	0.00779	0.00488	0.00477	0.03076	0.01247	0.09667	0.37907	0.21035	0.18595	0.01103	0.00571	0.00164	0.00271	0.00964	0.00504	0.00481
25	0.06271	0.07599	0.07532	0.12950	0.18853	0.01148	0.15031	0.05507	0.02555	0.09666	0.01111	0.04571	0.00900	0.00535	0.00505	0.00154	0.02287	0.01855	0.00302	0.00668
26	0.01747	0.02149	0.01346	0.01217	0.01473	0.70396	0.00918	0.04116	0.09603	0.01327	0.00890	0.00981	0.00720	0.00518	0.00444	0.00130	0.00813	0.00340	0.00282	0.00591
27	0.00598	0.00452	0.00553	0.00617	0.00696	0.00408	0.00432	0.00711	0.01028	0.01333	0.10946	0.49878	0.26419	0.01375	0.00601	0.00183	0.00268	0.02637	0.00458	0.00406
28	0.04551	0.00650	0.00875	0.02065	0.00907	0.00746	0.00607	0.01050	0.00806	0.10325	0.01171	0.01835	0.01104	0.18783	0.18214	0.17505	0.16282	0.00503	0.01589	0.00429
29	0.01076	0.01178	0.09497	0.32698	0.33985	0.01137	0.04290	0.02834	0.04500	0.01485	0.00938	0.01245	0.00735	0.00473	0.00502	0.00154	0.01927	0.00434	0.00242	0.00668
30	0.00604	0.00436	0.00572	0.00657	0.00704	0.00404	0.00447	0.00712	0.01002	0.01346	0.14295	0.67387	0.06785	0.01426	0.00609	0.00189	0.00272	0.01287	0.00462	0.00404
31	0.00609	0.00435	0.00583	0.00696	0.00732	0.00409	0.00482	0.00706	0.00946	0.01258	0.02661	0.75231	0.03165	0.01501	0.00623	0.00199	0.00297	0.08619	0.00449	0.00399
32	0.01209	0.09256	0.02023	0.02763	0.72178	0.01227	0.01422	0.01484	0.01092	0.01539	0.00888	0.01158	0.00753	0.00430	0.00463	0.00140	0.00570	0.00415	0.00237	0.00753

[dist]
# distance from previous block
# <min> <max>
0	1

[block]
# block no. 6 follows, 52 sequences, length 53
# corresponding to MSA columns:
# 282-334
name=unknown_G
#
# <colnr> <probs for GDERKNQSTAVLIFYWHMCP>
#	G	D	E	R	K	N	Q	S	T	A	V	L	I	F	Y	W	H	M	C	P
0	0.01090	0.08680	0.01160	0.00760	0.01163	0.04125	0.00621	0.05866	0.01101	0.01594	0.01103	0.01210	0.05505	0.00436	0.00378	0.00087	0.00399	0.00339	0.00300	0.64083
1	0.63758	0.01253	0.08317	0.00795	0.01131	0.11182	0.00705	0.01543	0.00939	0.05608	0.00760	0.00860	0.00577	0.00464	0.00341	0.00147	0.00472	0.00288	0.00298	0.00561
2	0.86392	0.00937	0.00712	0.00637	0.00937	0.01087	0.00525	0.01425	0.00825	0.02174	0.00675	0.00787	0.00525	0.00450	0.00300	0.00150	0.00375	0.00262	0.00300	0.00525
3	0.00629	0.00480	0.00581	0.00610	0.00714	0.00436	0.00443	0.00794	0.02447	0.01482	0.25278	0.30931	0.28181	0.01253	0.00590	0.00174	0.00262	0.03814	0.00474	0.00425
4	0.00649	0.00474	0.00611	0.00620	0.00713	0.00435	0.00448	0.00828	0.01222	0.01689	0.51586	0.26761	0.09833	0.01162	0.00585	0.00166	0.00245	0.01034	0.00503	0.00435
5	0.00604	0.00439	0.00573	0.00675	0.00722	0.00408	0.00468	0.00703	0.00959	0.01261	0.02873	0.69177	0.10373	0.01477	0.00618	0.00196	0.00291	0.07334	0.00450	0.00399
6	0.00691	0.00464	0.00533	0.00546	0.00550	0.00461	0.00313	0.00701	0.00732	0.00976	0.01666	0.12842	0.01937	0.73059	0.02242	0.00437	0.00447	0.00787	0.00313	0.00306
7	0.00915	0.00861	0.01453	0.81804	0.03338	0.01077	0.01346	0.01238	0.00969	0.01238	0.00861	0.01292	0.00646	0.00484	0.00484	0.00161	0.00646	0.00431	0.00215	0.00538
8	0.01296	0.83261	0.02539	0.00829	0.01244	0.01917	0.00829	0.01451	0.00985	0.01140	0.00674	0.00777	0.00622	0.00415	0.00311	0.00104	0.00518	0.00259	0.00207	0.00622
9	0.00692	0.00519	0.00779	0.00779	0.00865	0.00606	0.00606	0.00865	0.00779	0.01125	0.01298	0.01904	0.01211	0.03634	0.81049	0.00779	0.01298	0.00519	0.00260	0.00433
10	0.83175	0.00933	0.00728	0.00646	0.00949	0.01073	0.00532	0.01460	0.00846	0.05158	0.00722	0.00820	0.00551	0.00456	0.00307	0.00150	0.00376	0.00271	0.00311	0.00536
11	0.00679	0.00541	0.00805	0.22741	0.01420	0.00579	0.00694	0.00828	0.00939	0.01237	0.02179	0.60524	0.02509	0.01237	0.00582	0.00187	0.00380	0.01120	0.00386	0.00433
12	0.00692	0.00519	0.00779	0.00779	0.00865	0.00606	0.00606	0.00865	0.00779	0.01125	0.01298	0.01904	0.01211	0.03634	0.81049	0.00779	0.01298	0.00519	0.00260	0.00433
13	0.01296	0.83261	0.02539	0.00829	0.01244	0.01917	0.00829	0.01451	0.00985	0.01140	0.00674	0.00777	0.00622	0.00415	0.00311	0.00104	0.00518	0.00259	0.00207	0.00622
14	0.00791	0.00585	0.00845	0.04290	0.03531	0.00602	0.00810	0.01016	0.01077	0.01415	0.02325	0.04827	0.02489	0.01491	0.08218	0.00270	0.00539	0.64007	0.00413	0.00459
15	0.02174	0.00825	0.01125	0.00862	0.01237	0.00712	0.00712	0.02362	0.01387	0.80282	0.01912	0.01649	0.01200	0.00600	0.00487	0.00150	0.00412	0.00487	0.00600	0.00825
16	0.01144	0.01307	0.02859	0.02042	0.02533	0.01225	0.78186	0.01552	0.01144	0.01552	0.00980	0.01307	0.00735	0.00408	0.00572	0.00163	0.00817	0.00572	0.00245	0.00654
17	0.00590	0.00425	0.00559	0.00666	0.00701	0.00394	0.00446	0.00676	0.00936	0.01240	0.02775	0.79040	0.06751	0.01505	0.00616	0.00195	0.00279	0.01361	0.00450	0.00394
18	0.00915	0.00861	0.01453	0.81804	0.03338	0.01077	0.01346	0.01238	0.00969	0.01238	0.00861	0.01292	0.00646	0.00484	0.00484	0.00161	0.00646	0.00431	0.00215	0.00538
19	0.00705	0.00470	0.00529	0.00529	0.00529	0.00470	0.00294	0.00705	0.00705	0.00940	0.01527	0.03171	0.01762	0.82969	0.02467	0.00470	0.00470	0.00705	0.00294	0.00294
20	0.01291	0.01121	0.01888	0.02776	0.72541	0.01110	0.01414	0.01570	0.01130	0.08987	0.01006	0.01242	0.00808	0.00448	0.00480	0.00144	0.00560	0.00437	0.00274	0.00773
21	0.01329	0.00923	0.01088	0.00798	0.01213	0.00776	0.00647	0.12044	0.01249	0.15839	0.01091	0.01142	0.00818	0.00433	0.00399	0.00096	0.00392	0.00343	0.00370	0.59010
22	0.86392	0.00937	0.00712	0.00637	0.00937	0.01087	0.00525	0.01425	0.00825	0.02174	0.00675	0.00787	0.00525	0.00450	0.00300	0.00150	0.00375	0.00262	0.00300	0.00525
23	0.01474	0.01655	0.01431	0.01247	0.01396	0.37567	0.00991	0.08774	0.01173	0.01353	0.00737	0.00985	0.00648	0.00665	0.00963	0.00166	0.37572	0.00374	0.00255	0.00572
24	0.01199	0.01151	0.01967	0.02974	0.79946	0.01151	0.01487	0.01487	0.01103	0.01583	0.00912	0.01199	0.00768	0.00432	0.00480	0.00144	0.00576	0.00432	0.00240	0.00768
25	0.00574	0.00484	0.00498	0.00508	0.00659	0.00408	0.00376	0.00694	0.01088	0.01302	0.04699	0.12001	0.72548	0.01255	0.00577	0.00167	0.00249	0.01056	0.00450	0.00408
26	0.14703	0.00888	0.01068	0.00842	0.01192	0.00851	0.00692	0.11864	0.01396	0.53834	0.01764	0.03315	0.04171	0.00619	0.00465	0.00151	0.00413	0.00487	0.00531	0.00754
27	0.01066	0.21391	0.60548	0.01249	0.01885	0.03013	0.01547	0.01524	0.01022	0.01435	0.00821	0.00962	0.00616	0.00451	0.00425	0.00141	0.00673	0.00334	0.00206	0.00691
28	0.01796	0.02283	0.01387	0.01288	0.03285	0.79205	0.00949	0.01925	0.01367	0.01195	0.00753	0.00881	0.00627	0.00498	0.00438	0.00125	0.00867	0.00315	0.00249	0.00566
29	0.00669	0.00460	0.00562	0.00596	0.00613	0.00460	0.00370	0.00711	0.00779	0.01047	0.01850	0.26967	0.02144	0.50998	0.09303	0.00417	0.00491	0.00890	0.00337	0.00337
30	0.00692	0.00519	0.00779	0.00779	0.00865	0.00606	0.00606	0.00865	0.00779	0.01125	0.01298	0.01904	0.01211	0.03634	0.81049	0.00779	0.01298	0.00519	0.00260	0.00433
31	0.00741	0.00531	0.00725	0.00773	0.00886	0.00515	0.00644	0.00966	0.01224	0.01659	0.35176	0.04686	0.03543	0.01192	0.00628	0.00193	0.00354	0.44632	0.00483	0.00451
32	0.00915	0.00861	0.01453	0.81804	0.03338	0.01077	0.01346	0.01238	0.00969	0.01238	0.00861	0.01292	0.00646	0.00484	0.00484	0.00161	0.00646	0.00431	0.00215	0.00538
33	0.01140	0.01297	0.02803	0.02011	0.02481	0.01236	0.74999	0.01536	0.01127	0.01536	0.00966	0.01297	0.00731	0.00427	0.00614	0.00165	0.04176	0.00566	0.00244	0.00648
34	0.01288	0.81417	0.04319	0.00842	0.01263	0.01899	0.00851	0.01453	0.00986	0.01149	0.00678	0.00783	0.00622	0.00416	0.00314	0.00105	0.00523	0.00261	0.00207	0.00624
35	0.86392	0.00937	0.00712	0.00637	0.00937	0.01087	0.00525	0.01425	0.00825	0.02174	0.00675	0.00787	0.00525	0.00450	0.00300	0.00150	0.00375	0.00262	0.00300	0.00525
36	0.01205	0.01041	0.01096	0.00986	0.01260	0.01205	0.00767	0.02575	0.79071	0.02027	0.01972	0.01808	0.01479	0.00657	0.00493	0.00164	0.00384	0.00548	0.00493	0.00767
37	0.00915	0.00861	0.01453	0.81804	0.03338	0.01077	0.01346	0.01238	0.00969	0.01238	0.00861	0.01292	0.00646	0.00484	0.00484	0.00161	0.00646	0.00431	0.00215	0.00538
38	0.01854	0.01297	0.01412	0.01087	0.01470	0.01419	0.00897	0.68838	0.04572	0.10288	0.01259	0.01229	0.00880	0.00586	0.00485	0.00146	0.00517	0.00445	0.00496	0.00822
39	0.00692	0.00519	0.00779	0.00779	0.00865	0.00606	0.00606	0.00865	0.00779	0.01125	0.01298	0.01904	0.01211	0.03634	0.81049	0.00779	0.01298	0.00519	0.00260	0.00433
40	0.00697	0.00502	0.00689	0.00689	0.00745	0.00557	0.00494	0.00808	0.00752	0.01059	0.01380	0.02357	0.01408	0.31976	0.52976	0.00668	0.01002	0.00585	0.00272	0.00383
41	0.00705	0.00470	0.00529	0.00529	0.00529	0.00470	0.00294	0.00705	0.00705	0.00940	0.01527	0.03171	0.01762	0.82969	0.02467	0.00470	0.00470	0.00705	0.00294	0.00294
42	0.01854	0.03468	0.08566	0.01012	0.01418	0.01112	0.00897	0.30948	0.06486	0.36881	0.01503	0.01394	0.01005	0.00579	0.00479	0.00148	0.00487	0.00454	0.00503	0.00805
43	0.01005	0.01891	0.46942	0.01627	0.16133	0.03521	0.08130	0.01433	0.01055	0.01500	0.01214	0.07736	0.04525	0.00572	0.00491	0.00156	0.00648	0.00500	0.00247	0.00675
44	0.03789	0.17040	0.33888	0.02510	0.05269	0.06104	0.12041	0.02674	0.04148	0.03743	0.01018	0.02556	0.02155	0.00491	0.00450	0.00145	0.00645	0.00410	0.00254	0.00670
45	0.00952	0.02203	0.65965	0.01374	0.02005	0.01066	0.08533	0.01455	0.01025	0.01508	0.01049	0.08728	0.00869	0.00555	0.00485	0.00158	0.00684	0.00473	0.00231	0.00680
46	0.00680	0.00505	0.00639	0.00665	0.00755	0.00486	0.00475	0.00930	0.07340	0.01607	0.35880	0.39503	0.06271	0.01213	0.00587	0.00174	0.00265	0.01084	0.00489	0.00451
47	0.03289	0.04901	0.01402	0.02646	0.10067	0.01171	0.00894	0.30500	0.08960	0.28987	0.01430	0.01371	0.00990	0.00567	0.00475	0.00147	0.00481	0.00452	0.00477	0.00793
48	0.01321	0.14674	0.13050	0.05433	0.19592	0.09642	0.14670	0.08005	0.01208	0.05262	0.00924	0.01112	0.00719	0.00465	0.00480	0.00142	0.01935	0.00408	0.00267	0.00689
49	0.00624	0.00448	0.00599	0.00707	0.00755	0.00423	0.00506	0.00734	0.00968	0.01278	0.02732	0.66099	0.05847	0.01476	0.00626	0.00200	0.00309	0.14816	0.00449	0.00404
50	0.00911	0.00520	0.00612	0.00575	0.00628	0.00504	0.00352	0.00937	0.00801	0.12080	0.01581	0.02958	0.01683	0.71404	0.02189	0.00425	0.00462	0.00674	0.00337	0.00368
51	0.01148	0.01288	0.10159	0.14014	0.07347	0.09984	0.13788	0.08955	0.09487	0.01636	0.04161	0.10786	0.02598	0.00647	0.00510	0.00157	0.00594	0.00582	0.01535	0.00624
52	0.07237	0.06546	0.25957	0.04035	0.06972	0.05990	0.06683	0.16748	0.01304	0.08385	0.00981	0.01106	0.00720	0.00510	0.00513	0.00150	0.04757	0.00395	0.00308	0.00702

[dist]
# distance from previous block
# <min> <max>
0	1

[block]
# block no. 7 follows, 52 sequences, length 36
# corresponding to MSA columns:
# 336-371
name=unknown_H
#
# <colnr> <probs for GDERKNQSTAVLIFYWHMCP>
#	G	D	E	R	K	N	Q	S	T	A	V	L	I	F	Y	W	H	M	C	P
0	0.01379	0.03995	0.05894	0.00933	0.01205	0.20461	0.02339	0.13698	0.02838	0.09318	0.16734	0.01729	0.01616	0.00626	0.00460	0.00136	0.00506	0.00495	0.15032	0.00606
1	0.72177	0.08195	0.00930	0.05652	0.01121	0.02558	0.00609	0.01424	0.00857	0.02008	0.00687	0.00819	0.00543	0.00450	0.00315	0.00146	0.00413	0.00273	0.00286	0.00535
2	0.00694	0.00469	0.00548	0.00558	0.00566	0.00472	0.00328	0.00713	0.00729	0.00978	0.01613	0.10077	0.01853	0.70623	0.07439	0.00466	0.00507	0.00752	0.00305	0.00312
3	0.01159	0.13499	0.48005	0.06560	0.01979	0.01301	0.03036	0.03047	0.13247	0.01646	0.01111	0.01261	0.00845	0.00547	0.00487	0.00165	0.00658	0.00414	0.00288	0.00744
4	0.00649	0.00494	0.00597	0.00571	0.00702	0.00442	0.00428	0.00844	0.01285	0.01738	0.55505	0.03957	0.28887	0.01067	0.00572	0.00156	0.00234	0.00924	0.00506	0.00442
5	0.00684	0.00749	0.11464	0.00722	0.00905	0.00518	0.00630	0.00867	0.01053	0.02803	0.09539	0.34346	0.27422	0.01211	0.00579	0.00177	0.00336	0.05111	0.00426	0.00459
6	0.01152	0.04856	0.06182	0.01096	0.04133	0.03626	0.09160	0.12778	0.20386	0.03130	0.25819	0.02076	0.02120	0.00686	0.00512	0.00152	0.00454	0.00599	0.00431	0.00651
7	0.01703	0.02144	0.01302	0.01198	0.01428	0.73934	0.00894	0.01824	0.01334	0.01191	0.00918	0.08065	0.00851	0.00589	0.00453	0.00131	0.00822	0.00406	0.00267	0.00547
