[name]
unknown

[dist]
# distance from previous block
# <min> <max>
0	22

[block]
# block no. 0 follows, 48 sequences, length 19
# corresponding to MSA columns:
# 22-40
name=unknown_A
#
# <colnr> <probs for GDERKNQSTAVLIFYWHMCP>
#	G	D	E	R	K	N	Q	S	T	A	V	L	I	F	Y	W	H	M	C	P
0	0.00922	0.00662	0.00887	0.00965	0.01108	0.00676	0.00839	0.07514	0.01286	0.01680	0.02591	0.05401	0.02776	0.01349	0.00692	0.00229	0.00480	0.68959	0.00476	0.00506
1	0.01526	0.06028	0.27246	0.01300	0.01753	0.43574	0.01253	0.01821	0.01279	0.01411	0.00842	0.00985	0.00666	0.00498	0.00458	0.00136	0.00807	0.00342	0.00250	0.07826
2	0.07861	0.00548	0.00605	0.00608	0.00750	0.00507	0.00449	0.00869	0.01196	0.01655	0.26824	0.18468	0.35429	0.01210	0.00591	0.00175	0.00273	0.01037	0.00490	0.00456
3	0.06192	0.17835	0.26474	0.01392	0.06830	0.05034	0.07700	0.14973	0.05605	0.01882	0.00995	0.01120	0.00759	0.00507	0.00463	0.00150	0.00649	0.00400	0.00301	0.00741
4	0.01145	0.01149	0.01136	0.05900	0.01341	0.20906	0.03844	0.04351	0.06436	0.01380	0.01364	0.08460	0.01279	0.05967	0.32507	0.00442	0.00964	0.00576	0.00314	0.00539
5	0.00725	0.00490	0.00576	0.00604	0.00614	0.00484	0.00362	0.00751	0.00809	0.01077	0.01898	0.19225	0.02211	0.63016	0.02152	0.00430	0.00456	0.03432	0.00350	0.00338
6	0.01444	0.01146	0.01448	0.07820	0.05148	0.04980	0.08802	0.24662	0.10597	0.08102	0.01500	0.08455	0.01283	0.08586	0.00737	0.00196	0.00562	0.01578	0.00422	0.02533
7	0.01091	0.15158	0.63803	0.01402	0.02099	0.01329	0.05096	0.01612	0.01083	0.01560	0.00893	0.01056	0.00657	0.00477	0.00468	0.00155	0.00730	0.00373	0.00219	0.00740
8	0.25212	0.01172	0.01079	0.00957	0.01192	0.11778	0.00751	0.18502	0.01331	0.03806	0.01365	0.19975	0.01337	0.00826	0.00598	0.00172	0.08322	0.00626	0.00390	0.00608
9	0.00686	0.00509	0.00645	0.00688	0.00776	0.00477	0.00491	0.00885	0.03959	0.01608	0.28642	0.42019	0.11971	0.01347	0.00629	0.00188	0.00284	0.03230	0.00508	0.00457
10	0.01181	0.21367	0.20350	0.00982	0.01504	0.01188	0.01005	0.05651	0.01138	0.01633	0.00883	0.01019	0.00715	0.00434	0.00401	0.00109	0.00523	0.00324	0.00274	0.39320
11	0.00877	0.01895	0.00745	0.00725	0.00835	0.02146	0.00535	0.07072	0.01088	0.01566	0.02024	0.29362	0.04076	0.05011	0.19494	0.00337	0.00585	0.00852	0.20293	0.00481
12	0.00654	0.00472	0.00627	0.00740	0.00790	0.00444	0.00525	0.00768	0.01021	0.01347	0.02922	0.66701	0.06827	0.01565	0.00661	0.00211	0.00322	0.12503	0.00476	0.00426
13	0.06043	0.00980	0.01164	0.01006	0.01306	0.01014	0.00848	0.28349	0.01671	0.20932	0.01918	0.02937	0.01683	0.00895	0.00572	0.00184	0.00492	0.26772	0.00518	0.00715
14	0.01335	0.01447	0.01221	0.01117	0.01284	0.33061	0.00867	0.05660	0.01164	0.01337	0.01036	0.01408	0.00925	0.01921	0.32659	0.00425	0.11863	0.00442	0.00277	0.00551
15	0.01128	0.00671	0.00742	0.00665	0.00809	0.00682	0.00474	0.10853	0.03941	0.09208	0.01786	0.02508	0.04593	0.33075	0.01308	0.00283	0.00410	0.00615	0.25740	0.00511
16	0.42103	0.00757	0.00720	0.00672	0.00826	0.00854	0.00492	0.01124	0.00795	0.01622	0.00997	0.01687	0.00989	0.23403	0.01338	0.16408	0.04047	0.00448	0.00294	0.00425
17	0.00919	0.00813	0.01277	0.33684	0.02105	0.00938	0.06374	0.01194	0.02808	0.01406	0.05134	0.06688	0.06545	0.08022	0.00851	0.00212	0.08274	0.08380	0.03851	0.00525
18	0.01289	0.01148	0.01513	0.05965	0.27950	0.01264	0.01113	0.05719	0.44057	0.01992	0.01602	0.01633	0.01230	0.00601	0.00516	0.00166	0.00498	0.00526	0.00414	0.00802

[dist]
# distance from previous block
# <min> <max>
0	1

[block]
# block no. 1 follows, 48 sequences, length 36
# corresponding to MSA columns:
# 42-77
name=unknown_B
#
# <colnr> <probs for GDERKNQSTAVLIFYWHMCP>
#	G	D	E	R	K	N	Q	S	T	A	V	L	I	F	Y	W	H	M	C	P
0	0.00626	0.00472	0.00575	0.00649	0.00725	0.00426	0.00446	0.00730	0.01048	0.01349	0.05961	0.53914	0.26068	0.03622	0.00690	0.00204	0.00290	0.01309	0.00475	0.00421
1	0.01476	0.01171	0.01281	0.00997	0.01397	0.01190	0.00805	0.32737	0.18873	0.02420	0.01308	0.01324	0.00987	0.00548	0.00467	0.00130	0.00462	0.00431	0.00439	0.31558
2	0.01280	0.07403	0.01318	0.01000	0.04432	0.03862	0.02520	0.05051	0.15616	0.07450	0.01308	0.05191	0.01073	0.00543	0.00445	0.00120	0.00447	0.00447	0.00376	0.40116
3	0.06343	0.04824	0.41436	0.01188	0.01715	0.04908	0.01324	0.01670	0.07923	0.06492	0.01296	0.07688	0.01089	0.00637	0.00491	0.00161	0.00612	0.03798	0.00316	0.06089
4	0.01079	0.01491	0.21898	0.01538	0.01991	0.01095	0.31673	0.04879	0.07625	0.01681	0.01484	0.18338	0.01370	0.00726	0.00575	0.00177	0.00666	0.00720	0.00328	0.00669
5	0.01291	0.01138	0.03908	0.21844	0.16947	0.01120	0.23647	0.03955	0.01234	0.11893	0.04555	0.01635	0.01069	0.00548	0.00549	0.00167	0.00663	0.02808	0.00327	0.00700
6	0.04893	0.00537	0.00635	0.00660	0.00787	0.00491	0.00476	0.00926	0.01122	0.07558	0.11055	0.39451	0.26882	0.01323	0.00607	0.00186	0.00296	0.01156	0.00490	0.00471
7	0.00883	0.00755	0.01183	0.05086	0.28892	0.00747	0.00931	0.01071	0.01069	0.01457	0.02136	0.42468	0.04435	0.01127	0.00598	0.00187	0.00436	0.05582	0.00385	0.00569
8	0.00615	0.00485	0.00556	0.00613	0.00718	0.00425	0.00431	0.00726	0.01080	0.01350	0.04062	0.41703	0.42527	0.01447	0.00630	0.00190	0.00278	0.01263	0.00476	0.00425
9	0.03808	0.05372	0.67412	0.01469	0.05508	0.01204	0.01755	0.01651	0.01094	0.04769	0.00953	0.01101	0.00680	0.00490	0.00478	0.00160	0.00719	0.00381	0.00239	0.00755
10	0.01773	0.01892	0.01452	0.01249	0.01511	0.43516	0.00978	0.22929	0.01613	0.01836	0.00938	0.01082	0.00751	0.00608	0.00643	0.00151	0.12010	0.00390	0.04015	0.00663
11	0.01951	0.01437	0.01540	0.01181	0.01591	0.01591	0.00975	0.77056	0.02412	0.03234	0.01232	0.01232	0.00873	0.00616	0.00513	0.00154	0.00565	0.00462	0.00513	0.00873
12	0.00625	0.00447	0.00595	0.00714	0.00744	0.00417	0.00476	0.00714	0.00982	0.01310	0.02828	0.81633	0.03394	0.01608	0.00655	0.00208	0.00298	0.01459	0.00476	0.00417
13	0.00832	0.00717	0.00836	0.08736	0.03411	0.00736	0.00643	0.01314	0.20345	0.01569	0.03596	0.12562	0.40588	0.01081	0.00579	0.00177	0.00353	0.00920	0.00457	0.00551
14	0.00976	0.00611	0.00749	0.00727	0.00887	0.00573	0.00538	0.02281	0.07545	0.13810	0.16425	0.31891	0.18568	0.01204	0.00601	0.00181	0.00315	0.01053	0.00521	0.00543
15	0.00630	0.00450	0.00600	0.00711	0.00745	0.00420	0.00477	0.00726	0.01005	0.01345	0.06409	0.77950	0.03462	0.01581	0.00653	0.00206	0.00295	0.01434	0.00480	0.00420
16	0.01198	0.01269	0.02541	0.02438	0.30299	0.01218	0.44989	0.01564	0.01182	0.01636	0.01116	0.06025	0.00944	0.00510	0.00573	0.00168	0.00739	0.00601	0.00270	0.00720
17	0.01544	0.01700	0.01881	0.09421	0.02025	0.31802	0.20926	0.07781	0.03127	0.03912	0.00958	0.01185	0.00752	0.00559	0.00655	0.00161	0.10219	0.00451	0.00292	0.00650
18	0.01416	0.38410	0.23137	0.01204	0.04014	0.03482	0.04869	0.07226	0.01218	0.09211	0.00963	0.01058	0.00743	0.00487	0.00426	0.00137	0.00622	0.00363	0.00286	0.00727
19	0.01511	0.01799	0.01810	0.01495	0.01747	0.39641	0.18312	0.01709	0.01210	0.01336	0.00849	0.01129	0.00721	0.00755	0.04648	0.00197	0.19840	0.00432	0.00254	0.00602
20	0.01073	0.01054	0.01893	0.51283	0.19946	0.01182	0.13358	0.01421	0.01086	0.01444	0.00944	0.01349	0.00727	0.00488	0.00526	0.00167	0.00696	0.00480	0.00239	0.00643
21	0.00680	0.00472	0.00587	0.00652	0.00671	0.00459	0.00411	0.00735	0.00876	0.01171	0.02262	0.45541	0.02671	0.36118	0.04029	0.00352	0.00418	0.01124	0.00399	0.00373
22	0.03583	0.01287	0.03736	0.17726	0.01947	0.06787	0.03563	0.24369	0.12895	0.09739	0.01262	0.01372	0.00926	0.00614	0.00614	0.00167	0.07804	0.00471	0.00402	0.00737
23	0.30969	0.11424	0.01445	0.03778	0.11067	0.01332	0.02714	0.15362	0.07778	0.05508	0.01048	0.01157	0.00807	0.00623	0.02844	0.00173	0.00526	0.00391	0.00358	0.00695
24	0.00696	0.00518	0.00661	0.00732	0.00834	0.00483	0.00565	0.00859	0.01147	0.01493	0.13067	0.30781	0.20592	0.01407	0.00654	0.00203	0.00336	0.24040	0.00487	0.00446
25	0.00750	0.00544	0.00733	0.00727	0.00777	0.00607	0.00515	0.00853	0.00790	0.01109	0.01457	0.02559	0.01512	0.36858	0.44979	0.00669	0.03242	0.00630	0.00289	0.00399
26	0.00725	0.00494	0.00588	0.00607	0.00620	0.00496	0.00366	0.00755	0.00792	0.01063	0.01795	0.16064	0.02066	0.62179	0.08850	0.00478	0.00539	0.00846	0.00335	0.00341
27	0.00752	0.00458	0.00616	0.00662	0.00682	0.00442	0.00434	0.00702	0.00826	0.01093	0.01960	0.33102	0.05690	0.14142	0.01509	0.34958	0.00387	0.00916	0.00347	0.00322
28	0.85592	0.00992	0.00754	0.00675	0.00992	0.01151	0.00556	0.01508	0.00873	0.02302	0.00714	0.00834	0.00556	0.00476	0.00318	0.00159	0.00397	0.00278	0.00318	0.00556
29	0.01004	0.00963	0.01673	0.70582	0.08220	0.01156	0.06488	0.01350	0.01047	0.01356	0.00924	0.01363	0.00698	0.00504	0.00519	0.00170	0.00691	0.00466	0.00232	0.00593
30	0.00615	0.00486	0.00555	0.00610	0.00717	0.00426	0.00430	0.00726	0.01083	0.01351	0.04098	0.40526	0.43681	0.01442	0.00629	0.00190	0.00277	0.01257	0.00476	0.00426
31	0.01292	0.08666	0.40034	0.01291	0.01823	0.15702	0.01390	0.03375	0.18224	0.01670	0.01146	0.01221	0.00860	0.00540	0.00478	0.00155	0.00690	0.00408	0.00299	0.00734
32	0.18841	0.00936	0.01098	0.00888	0.01250	0.00923	0.00724	0.02340	0.14399	0.50553	0.01772	0.01592	0.01177	0.00614	0.00477	0.00161	0.00423	0.00479	0.00552	0.00799
33	0.01129	0.01028	0.01384	0.01218	0.04783	0.01167	0.09085	0.08822	0.20323	0.01775	0.04361	0.02302	0.18602	0.00845	0.00839	0.00183	0.20451	0.00657	0.00398	0.00648
34	0.01629	0.09426	0.05902	0.01601	0.19880	0.01437	0.01125	0.34638	0.10187	0.07240	0.01245	0.01300	0.00927	0.00564	0.00493	0.00152	0.00559	0.00454	0.00415	0.00824
35	0.12503	0.05186	0.05099	0.08152	0.06725	0.18405	0.01798	0.04630	0.02798	0.14031	0.04771	0.01618	0.06644	0.02265	0.00517	0.00157	0.00581	0.00474	0.00368	0.03277

[dist]
# distance from previous block
# <min> <max>
0	2

[block]
# block no. 2 follows, 48 sequences, length 9
# corresponding to MSA columns:
# 80-88
name=unknown_C
#
# <colnr> <probs for GDERKNQSTAVLIFYWHMCP>
#	G	D	E	R	K	N	Q	S	T	A	V	L	I	F	Y	W	H	M	C	P
0	0.01398	0.38975	0.01947	0.06668	0.01467	0.07979	0.00909	0.07151	0.04903	0.06432	0.00996	0.01210	0.00846	0.03650	0.05913	0.00198	0.08026	0.00387	0.00294	0.00649
1	0.00733	0.00550	0.00825	0.00825	0.00916	0.00641	0.00641	0.00916	0.00825	0.01191	0.01374	0.02016	0.01283	0.03848	0.79934	0.00825	0.01374	0.00550	0.00275	0.00458
2	0.00789	0.00608	0.00877	0.00856	0.00950	0.00677	0.03204	0.01017	0.06409	0.01274	0.01686	0.18660	0.01726	0.08209	0.42983	0.04694	0.03836	0.00749	0.00332	0.00465
3	0.00623	0.00488	0.00565	0.00614	0.00721	0.00430	0.00434	0.00743	0.01108	0.01401	0.09385	0.38464	0.40369	0.01417	0.00628	0.00188	0.00275	0.01237	0.00483	0.00430
4	0.02279	0.00910	0.01214	0.00931	0.01328	0.00809	0.00769	0.07423	0.01531	0.74112	0.01972	0.01712	0.01244	0.00634	0.00516	0.00158	0.00445	0.00512	0.00627	0.00873
5	0.00746	0.00497	0.00560	0.00560	0.00560	0.00497	0.00311	0.00746	0.00746	0.00995	0.01617	0.03358	0.01865	0.81967	0.02612	0.00497	0.00497	0.00746	0.00311	0.00311
6	0.85592	0.00992	0.00754	0.00675	0.00992	0.01151	0.00556	0.01508	0.00873	0.02302	0.00714	0.00834	0.00556	0.00476	0.00318	0.00159	0.00397	0.00278	0.00318	0.00556
7	0.01166	0.00848	0.01021	0.00925	0.01119	0.00939	0.00724	0.18368	0.09150	0.01918	0.01521	0.01899	0.01283	0.02348	0.41847	0.00513	0.00946	0.00544	0.12295	0.00627
8	0.04156	0.00978	0.01200	0.06681	0.03556	0.00968	0.03945	0.01840	0.28427	0.04762	0.01566	0.05394	0.03013	0.00600	0.00475	0.00139	0.00433	0.00511	0.00398	0.30957

[dist]
# distance from previous block
# <min> <max>
0	1

[block]
# block no. 3 follows, 48 sequences, length 26
# corresponding to MSA columns:
# 90-115
name=unknown_D
#
# <colnr> <probs for GDERKNQSTAVLIFYWHMCP>
#	G	D	E	R	K	N	Q	S	T	A	V	L	I	F	Y	W	H	M	C	P
0	0.02965	0.01303	0.06704	0.13695	0.03420	0.18877	0.06590	0.03689	0.02254	0.04155	0.12224	0.07831	0.01570	0.00767	0.00631	0.05418	0.01979	0.00579	0.04772	0.00575
1	0.01351	0.77515	0.07271	0.00913	0.01371	0.01980	0.00939	0.01542	0.01045	0.01232	0.00726	0.00839	0.00658	0.00442	0.00339	0.00113	0.00561	0.00281	0.00219	0.00664
2	0.00758	0.00474	0.00544	0.00590	0.00681	0.00447	0.00418	0.00921	0.01073	0.01600	0.07155	0.34869	0.13477	0.01136	0.00529	0.00166	0.00266	0.00990	0.33458	0.00447
3	0.00688	0.00473	0.00577	0.00634	0.00648	0.00459	0.00390	0.00731	0.00860	0.01146	0.02198	0.40933	0.02599	0.43391	0.01672	0.00359	0.00402	0.01088	0.00390	0.00362
4	0.01285	0.01189	0.01940	0.14315	0.46360	0.03523	0.06897	0.01571	0.01133	0.06188	0.00988	0.01295	0.00798	0.00526	0.00648	0.00165	0.09706	0.00467	0.00270	0.00737
5	0.01388	0.43854	0.07994	0.01286	0.01739	0.06519	0.19946	0.01649	0.01130	0.06009	0.00891	0.01053	0.00725	0.00474	0.00475	0.00138	0.03404	0.00388	0.00257	0.00680
6	0.00981	0.00939	0.01645	0.68265	0.03295	0.01120	0.09137	0.01326	0.01068	0.01386	0.05175	0.01505	0.00921	0.00534	0.00528	0.00171	0.00678	0.00497	0.00250	0.00578
7	0.01261	0.01210	0.02067	0.05332	0.76650	0.01217	0.01571	0.01567	0.01164	0.01666	0.00964	0.01273	0.00809	0.00459	0.00508	0.00153	0.00612	0.00457	0.00253	0.00806
8	0.00723	0.00507	0.00653	0.00672	0.00707	0.00533	0.00446	0.00798	0.00809	0.01109	0.01724	0.15059	0.01909	0.43562	0.27978	0.00561	0.00758	0.00792	0.00325	0.00376
9	0.00743	0.00510	0.00623	0.00623	0.00645	0.00532	0.00390	0.00787	0.00765	0.01042	0.01558	0.03035	0.01725	0.63174	0.21214	0.00576	0.00708	0.00699	0.00302	0.00346
10	0.00734	0.00545	0.00801	0.00801	0.00884	0.00628	0.00612	0.00901	0.00818	0.01173	0.01396	0.02137	0.01335	0.10903	0.72951	0.00795	0.01295	0.00567	0.00278	0.00445
11	0.01869	0.01397	0.01494	0.01164	0.01560	0.01553	0.00956	0.68064	0.11537	0.03102	0.01336	0.01314	0.00957	0.00626	0.00514	0.00156	0.00545	0.00476	0.00514	0.00865
12	0.00836	0.00741	0.01210	0.22849	0.01794	0.00795	0.10086	0.01079	0.02514	0.01410	0.05163	0.34314	0.05844	0.01073	0.00645	0.00192	0.03534	0.05032	0.00377	0.00512
13	0.01634	0.40823	0.02039	0.01100	0.01449	0.39961	0.00931	0.01824	0.03652	0.01260	0.00795	0.00907	0.00688	0.00491	0.00400	0.00123	0.00728	0.00311	0.00251	0.00632
14	0.38307	0.00983	0.01322	0.01053	0.01397	0.01004	0.17007	0.01665	0.01094	0.19377	0.01337	0.10994	0.01110	0.00640	0.00465	0.00168	0.00494	0.00546	0.00396	0.00640
15	0.00785	0.00622	0.00835	0.00785	0.00890	0.00673	0.02780	0.01003	0.05382	0.01344	0.10552	0.02860	0.12997	0.19886	0.31003	0.00492	0.05586	0.00710	0.00355	0.00458
16	0.04073	0.21098	0.25591	0.01596	0.02160	0.01436	0.33771	0.01608	0.01121	0.01556	0.00914	0.01142	0.00704	0.00452	0.00494	0.00154	0.00742	0.00448	0.00239	0.00699
17	0.00891	0.00446	0.00668	0.00668	0.00668	0.00446	0.00446	0.00668	0.00668	0.00891	0.00891	0.01560	0.00891	0.01783	0.02005	0.85071	0.00446	0.00446	0.00223	0.00223
18	0.00842	0.00730	0.01177	0.01010	0.01193	0.00706	0.16928	0.01103	0.05281	0.01472	0.10405	0.15849	0.12072	0.16325	0.05501	0.00281	0.00529	0.07701	0.00399	0.00495
19	0.00662	0.00475	0.00636	0.00752	0.00802	0.00450	0.00539	0.00780	0.01024	0.01354	0.02870	0.65489	0.05300	0.01564	0.00664	0.00213	0.00329	0.15193	0.00476	0.00428
20	0.00635	0.00457	0.00605	0.00719	0.00759	0.00426	0.00492	0.00734	0.01000	0.01324	0.02909	0.74847	0.06120	0.01586	0.00656	0.00209	0.00305	0.05321	0.00476	0.00420
21	0.00876	0.00713	0.00864	0.00741	0.01014	0.00570	0.00552	0.01045	0.01029	0.01517	0.01731	0.35494	0.01885	0.00905	0.00497	0.00133	0.00345	0.00797	0.00378	0.48913
22	0.01080	0.05926	0.31829	0.01019	0.01392	0.00970	0.01062	0.05283	0.01036	0.06949	0.01267	0.02015	0.01182	0.32375	0.01356	0.00292	0.03547	0.00534	0.00299	0.00585
23	0.00873	0.00701	0.00840	0.00686	0.00959	0.00572	0.00525	0.01084	0.01202	0.01754	0.31041	0.04334	0.08437	0.05016	0.00607	0.00141	0.00322	0.00652	0.00421	0.39832
24	0.01359	0.01280	0.06170	0.05899	0.14124	0.01267	0.20563	0.09261	0.13424	0.08333	0.01238	0.01411	0.00935	0.00572	0.00665	0.00170	0.09674	0.00511	0.00350	0.02795
25	0.03477	0.14250	0.01701	0.01146	0.01506	0.10921	0.07648	0.30100	0.04516	0.04567	0.01121	0.01296	0.00888	0.05015	0.00625	0.00163	0.03216	0.00438	0.02255	0.05150

[dist]
# distance from previous block
# <min> <max>
1	3

[block]
# block no. 4 follows, 48 sequences, length 25
# corresponding to MSA columns:
# 119-143
name=unknown_E
#
# <colnr> <probs for GDERKNQSTAVLIFYWHMCP>
#	G	D	E	R	K	N	Q	S	T	A	V	L	I	F	Y	W	H	M	C	P
0	0.01268	0.05353	0.01097	0.00877	0.01089	0.02760	0.00663	0.26256	0.11537	0.01981	0.01630	0.11403	0.01561	0.25046	0.01140	0.00261	0.00484	0.00667	0.04319	0.00607
1	0.01301	0.17693	0.20347	0.01467	0.01972	0.13410	0.23835	0.01710	0.04976	0.01521	0.00953	0.01138	0.00745	0.00471	0.00482	0.00145	0.00731	0.00424	0.00258	0.06419
2	0.01540	0.18798	0.09754	0.00894	0.01272	0.06481	0.00829	0.01759	0.01255	0.29461	0.02121	0.02035	0.15761	0.00694	0.00477	0.00147	0.00485	0.00542	0.05005	0.00690
3	0.01180	0.00693	0.00879	0.00805	0.00949	0.00723	0.00593	0.01516	0.22399	0.12038	0.07057	0.01851	0.01421	0.01268	0.01285	0.43512	0.00418	0.00528	0.00388	0.00496
4	0.21541	0.05300	0.03141	0.06230	0.01240	0.00963	0.03008	0.11432	0.02787	0.01899	0.06369	0.13755	0.18676	0.00878	0.00504	0.00168	0.00418	0.00719	0.00404	0.00569
5	0.00963	0.00933	0.01400	0.17279	0.05950	0.06262	0.12190	0.01178	0.01045	0.01372	0.02757	0.29737	0.01756	0.01125	0.05265	0.00224	0.08856	0.00836	0.00332	0.00540
6	0.01136	0.00640	0.00768	0.00710	0.00901	0.00593	0.00538	0.06776	0.01284	0.18744	0.08100	0.23884	0.20970	0.01078	0.00561	0.00170	0.00327	0.00924	0.11326	0.00567
7	0.05581	0.00822	0.01178	0.34318	0.02034	0.00974	0.00964	0.01274	0.06141	0.01411	0.01023	0.01419	0.00840	0.00810	0.00898	0.16484	0.09508	0.00445	0.08292	0.05584
8	0.10429	0.07012	0.22287	0.01419	0.05965	0.01342	0.12465	0.13215	0.10698	0.03961	0.01109	0.01238	0.00832	0.00546	0.00555	0.00163	0.05251	0.00444	0.00330	0.00738
9	0.04873	0.06992	0.23359	0.00973	0.01421	0.00957	0.00979	0.06317	0.01117	0.01668	0.01196	0.11099	0.01118	0.06121	0.00598	0.00157	0.00510	0.00504	0.00309	0.29733
10	0.00737	0.00494	0.00562	0.00571	0.00573	0.00492	0.00323	0.00744	0.00763	0.01018	0.01705	0.09083	0.01977	0.76090	0.02468	0.00476	0.00483	0.00798	0.00323	0.00319
11	0.01137	0.01006	0.01309	0.10791	0.01623	0.02329	0.09909	0.08442	0.30874	0.01886	0.04743	0.03648	0.14016	0.01846	0.02117	0.00187	0.00502	0.00662	0.02304	0.00670
12	0.85592	0.00992	0.00754	0.00675	0.00992	0.01151	0.00556	0.01508	0.00873	0.02302	0.00714	0.00834	0.00556	0.00476	0.00318	0.00159	0.00397	0.00278	0.00318	0.00556
13	0.01488	0.50371	0.07567	0.01047	0.01453	0.22749	0.00975	0.01754	0.05931	0.01308	0.00835	0.00936	0.00715	0.00482	0.00388	0.00123	0.00655	0.00316	0.00250	0.00658
14	0.03096	0.00894	0.01062	0.00807	0.01199	0.00750	0.00645	0.06200	0.03070	0.15185	0.06612	0.05380	0.01283	0.00555	0.00443	0.00112	0.00389	0.00457	0.00406	0.51456
15	0.20739	0.06106	0.01227	0.00934	0.01271	0.01182	0.00782	0.28262	0.01581	0.16206	0.01566	0.01947	0.04127	0.02091	0.00521	0.00170	0.00478	0.09635	0.00463	0.00712
16	0.00955	0.06775	0.00924	0.00796	0.00903	0.11845	0.00574	0.02710	0.00992	0.01225	0.01745	0.20831	0.02763	0.27514	0.14372	0.00385	0.00658	0.03246	0.00342	0.00445
17	0.03011	0.00760	0.01090	0.10826	0.05840	0.00748	0.05602	0.01361	0.05023	0.13301	0.15830	0.06001	0.20585	0.00927	0.00575	0.00174	0.00424	0.06877	0.00457	0.00588
18	0.00986	0.01146	0.15872	0.01003	0.02473	0.02617	0.03172	0.04270	0.15797	0.01585	0.05557	0.09589	0.03298	0.22519	0.02748	0.00276	0.00536	0.05604	0.00378	0.00574
19	0.01181	0.06618	0.07834	0.12038	0.22299	0.01122	0.01148	0.07823	0.07273	0.04038	0.01270	0.01704	0.01069	0.02777	0.12439	0.00266	0.00693	0.04184	0.03543	0.00679
20	0.00693	0.00515	0.00656	0.00663	0.00776	0.00477	0.00495	0.00884	0.01269	0.01727	0.43131	0.18083	0.17480	0.01356	0.04540	0.00209	0.00326	0.05745	0.00513	0.00461
21	0.01102	0.10116	0.06484	0.22748	0.20073	0.01131	0.01150	0.01390	0.01062	0.01540	0.01033	0.01334	0.00834	0.00521	0.00524	0.00146	0.05546	0.00424	0.16359	0.06482
22	0.01097	0.00755	0.00904	0.00836	0.01024	0.00740	0.00625	0.17564	0.01331	0.07145	0.02123	0.40514	0.02278	0.06630	0.00719	0.00199	0.00397	0.04662	0.00465	0.09993
23	0.15866	0.25368	0.05344	0.00919	0.01200	0.06635	0.00805	0.06565	0.01095	0.01585	0.01256	0.18570	0.01283	0.00924	0.04476	0.00191	0.06432	0.00582	0.00319	0.00586
24	0.06579	0.00909	0.01129	0.10274	0.01497	0.00782	0.00734	0.01571	0.01136	0.18552	0.01142	0.01234	0.00849	0.00457	0.00422	0.00110	0.00429	0.00367	0.00368	0.51458

[dist]
# distance from previous block
# <min> <max>
0	12

[block]
# block no. 5 follows, 48 sequences, length 79
# corresponding to MSA columns:
# 157-235
name=unknown_F
#
# <colnr> <probs for GDERKNQSTAVLIFYWHMCP>
#	G	D	E	R	K	N	Q	S	T	A	V	L	I	F	Y	W	H	M	C	P
0	0.16319	0.04365	0.07656	0.00917	0.01253	0.07452	0.00804	0.16031	0.03923	0.14118	0.04133	0.01544	0.01134	0.00605	0.00447	0.00150	0.00482	0.02335	0.15654	0.00679
1	0.25249	0.03812	0.05263	0.13805	0.01513	0.02883	0.00832	0.02277	0.01029	0.09010	0.02515	0.10480	0.01184	0.05579	0.00662	0.00184	0.05650	0.01550	0.00342	0.06179
2	0.01364	0.01242	0.05702	0.16354	0.01848	0.05372	0.00966	0.22993	0.01471	0.03337	0.01016	0.01176	0.00775	0.00491	0.00456	0.00126	0.00543	0.00388	0.00348	0.34034
3	0.04582	0.01599	0.28707	0.11759	0.06564	0.01105	0.01272	0.10933	0.05182	0.03742	0.01267	0.01403	0.04938	0.00545	0.00480	0.00149	0.00587	0.00439	0.00315	0.14434
4	0.03224	0.01112	0.04892	0.02559	0.11927	0.07341	0.03912	0.11353	0.03816	0.01898	0.17694	0.03975	0.12702	0.00750	0.00526	0.00150	0.00477	0.00638	0.00404	0.10648
5	0.00861	0.00789	0.05635	0.05351	0.10380	0.00690	0.00739	0.04009	0.01290	0.01784	0.39762	0.03178	0.11021	0.11317	0.00836	0.00205	0.00389	0.00787	0.00444	0.00532
6	0.01154	0.01048	0.05189	0.08195	0.40662	0.00996	0.01218	0.02637	0.02852	0.05803	0.11160	0.05215	0.01531	0.00853	0.04905	0.03140	0.00581	0.01836	0.00334	0.00691
7	0.00670	0.00494	0.00627	0.00654	0.00747	0.00451	0.00467	0.00836	0.01230	0.01671	0.38600	0.34041	0.15015	0.01301	0.00625	0.00181	0.00266	0.01155	0.00518	0.00451
8	0.01257	0.01221	0.01900	0.13918	0.52822	0.05778	0.04366	0.04879	0.01211	0.01647	0.01064	0.05640	0.00927	0.00538	0.00518	0.00158	0.00630	0.00510	0.00275	0.00742
9	0.01029	0.02654	0.79309	0.01462	0.02221	0.01192	0.01896	0.01625	0.01083	0.01625	0.00921	0.01083	0.00650	0.00487	0.00487	0.00162	0.00758	0.00379	0.00217	0.00758
10	0.01127	0.07148	0.38623	0.04812	0.02412	0.01289	0.34009	0.01615	0.01133	0.01594	0.00957	0.01207	0.00707	0.00462	0.00529	0.00164	0.00788	0.00473	0.00236	0.00716
11	0.01274	0.48598	0.30920	0.01118	0.01665	0.05888	0.01260	0.01597	0.01080	0.01364	0.00794	0.00925	0.00655	0.00462	0.00395	0.00130	0.00646	0.00316	0.00221	0.00692
12	0.00986	0.00929	0.01569	0.76383	0.07753	0.01144	0.01433	0.01326	0.01034	0.01331	0.00915	0.01362	0.00691	0.00510	0.00513	0.00170	0.00680	0.00456	0.00229	0.00584
13	0.00625	0.00447	0.00595	0.00714	0.00744	0.00417	0.00476	0.00714	0.00982	0.01310	0.02828	0.81633	0.03394	0.01608	0.00655	0.00208	0.00298	0.01459	0.00476	0.00417
14	0.01642	0.00673	0.00946	0.00798	0.01010	0.00610	0.00610	0.01643	0.01094	0.42496	0.01494	0.01659	0.01093	0.01172	0.01213	0.39914	0.00441	0.00483	0.00442	0.00569
15	0.01325	0.00648	0.00877	0.00779	0.00978	0.00644	0.00612	0.01514	0.01092	0.28693	0.01670	0.01974	0.01315	0.06313	0.33532	0.00446	0.00793	0.00535	0.15658	0.00600
16	0.00672	0.00522	0.00611	0.00589	0.00733	0.00461	0.00441	0.00863	0.01324	0.01754	0.45333	0.04333	0.38194	0.01162	0.00606	0.00167	0.00250	0.00998	0.00525	0.00461
17	0.00751	0.00541	0.00713	0.00718	0.00833	0.00512	0.00564	0.00976	0.01335	0.01844	0.52257	0.04357	0.05988	0.05557	0.00742	0.00200	0.00318	0.20801	0.00524	0.00470
18	0.01039	0.00925	0.01344	0.05447	0.01357	0.01092	0.10235	0.05280	0.06699	0.01380	0.01217	0.02042	0.01199	0.29349	0.03647	0.00319	0.26024	0.00586	0.00298	0.00523
19	0.01344	0.00742	0.00970	0.11041	0.01360	0.00704	0.00730	0.04458	0.01309	0.29532	0.03049	0.03285	0.28538	0.00946	0.00570	0.00175	0.00416	0.09697	0.00503	0.00631
20	0.00622	0.00520	0.00544	0.00558	0.00720	0.00442	0.00423	0.00756	0.01160	0.01392	0.04910	0.09166	0.69619	0.01324	0.00616	0.00179	0.00276	0.05864	0.00476	0.00435
21	0.00934	0.00737	0.00854	0.00866	0.01010	0.01786	0.00649	0.06015	0.22434	0.01731	0.07043	0.39764	0.02732	0.01224	0.00610	0.00195	0.00370	0.09986	0.00493	0.00567
22	0.01116	0.01671	0.28938	0.28374	0.02500	0.05916	0.08535	0.05706	0.01141	0.01534	0.00975	0.01354	0.00766	0.05741	0.00685	0.00188	0.03508	0.00454	0.00250	0.00649
23	0.01083	0.02642	0.74620	0.01454	0.02183	0.05933	0.01841	0.01650	0.01106	0.01603	0.00913	0.01074	0.00651	0.00490	0.00486	0.00161	0.00768	0.00376	0.00220	0.00748
24	0.01746	0.00817	0.00982	0.00794	0.01091	0.00786	0.00643	0.13982	0.01474	0.38273	0.01767	0.01726	0.01223	0.00618	0.00457	0.00143	0.00384	0.00493	0.31874	0.00726
25	0.03829	0.00817	0.01089	0.00856	0.01206	0.00719	0.00700	0.02245	0.01433	0.65061	0.10143	0.01959	0.01639	0.00674	0.00513	0.00157	0.00404	0.00553	0.05202	0.00803
26	0.22385	0.00633	0.00599	0.00589	0.00774	0.00625	0.00447	0.00974	0.01074	0.01668	0.07300	0.10395	0.40542	0.03443	0.00584	0.00180	0.00306	0.01991	0.05025	0.00465
27	0.01013	0.00568	0.00684	0.00625	0.00788	0.00532	0.00479	0.02513	0.01329	0.11576	0.37874	0.02949	0.07285	0.00853	0.00510	0.00148	0.00272	0.00727	0.28742	0.00534
28	0.01064	0.00912	0.01064	0.00760	0.01216	0.00684	0.00608	0.01292	0.01064	0.01672	0.00912	0.01064	0.00760	0.00380	0.00380	0.00076	0.00380	0.00304	0.00304	0.85104
29	0.00969	0.00912	0.01539	0.80734	0.03534	0.01140	0.01425	0.01311	0.01026	0.01311	0.00912	0.01368	0.00684	0.00513	0.00513	0.00171	0.00684	0.00456	0.00228	0.00570
30	0.85592	0.00992	0.00754	0.00675	0.00992	0.01151	0.00556	0.01508	0.00873	0.02302	0.00714	0.00834	0.00556	0.00476	0.00318	0.00159	0.00397	0.00278	0.00318	0.00556
31	0.01705	0.00746	0.00992	0.00821	0.01110	0.00658	0.00653	0.03082	0.01405	0.49792	0.16408	0.11787	0.06830	0.00866	0.00554	0.00166	0.00376	0.00737	0.00592	0.00721
32	0.00645	0.00457	0.00598	0.00703	0.00732	0.00431	0.00467	0.00728	0.00960	0.01279	0.02682	0.70178	0.03201	0.11067	0.00887	0.00243	0.00326	0.03551	0.00457	0.00406
33	0.00851	0.00681	0.01020	0.18292	0.01527	0.00807	0.00831	0.04485	0.02617	0.01330	0.01283	0.01837	0.01140	0.02905	0.57273	0.00637	0.01166	0.00526	0.00281	0.00509
34	0.01060	0.00961	0.01525	0.15400	0.28819	0.01090	0.01223	0.01299	0.01051	0.01468	0.02921	0.02234	0.01289	0.00923	0.03913	0.02714	0.16099	0.15100	0.00293	0.00618
35	0.01306	0.05450	0.01553	0.01222	0.01523	0.04313	0.14559	0.23403	0.07952	0.02041	0.01760	0.13062	0.01684	0.00884	0.00580	0.00181	0.00563	0.16872	0.00429	0.00664
36	0.01293	0.05488	0.01215	0.00980	0.01279	0.03183	0.00776	0.08378	0.48773	0.04063	0.11785	0.01965	0.01805	0.00695	0.00511	0.00160	0.00418	0.00573	0.00493	0.06168
37	0.01443	0.44059	0.15749	0.01039	0.01501	0.06657	0.01047	0.03718	0.09639	0.09165	0.01050	0.01098	0.00824	0.00506	0.00410	0.00134	0.00583	0.00359	0.00304	0.00716
38	0.47955	0.05962	0.01240	0.12661	0.10880	0.03239	0.00885	0.03776	0.00997	0.01950	0.00788	0.00996	0.00632	0.00510	0.00467	0.00160	0.05664	0.00343	0.00290	0.00606
39	0.01192	0.08667	0.16956	0.27895	0.02269	0.09853	0.04189	0.06026	0.01176	0.01549	0.02920	0.01298	0.00843	0.00551	0.00555	0.00158	0.05821	0.00430	0.07023	0.00631
40	0.00915	0.00582	0.00707	0.00651	0.00815	0.00544	0.00497	0.01201	0.05519	0.09157	0.46018	0.03457	0.15232	0.00972	0.00561	0.00158	0.00272	0.00837	0.11377	0.00530
41	0.00748	0.00592	0.00681	0.00647	0.00807	0.00560	0.00488	0.01093	0.10530	0.01818	0.42026	0.04014	0.31888	0.01100	0.00596	0.00167	0.00268	0.00944	0.00527	0.00505
42	0.00830	0.00673	0.00870	0.05085	0.01091	0.00600	0.01787	0.01010	0.01050	0.01490	0.10105	0.19184	0.09181	0.06444	0.09890	0.00243	0.00484	0.00760	0.00377	0.28848
43	0.01918	0.02406	0.01457	0.01316	0.01586	0.76858	0.00991	0.04970	0.01491	0.01333	0.00810	0.00937	0.00669	0.00532	0.00465	0.00133	0.00911	0.00336	0.00274	0.00606
44	0.01128	0.01091	0.01744	0.01275	0.01707	0.00983	0.25385	0.01480	0.05269	0.01655	0.00999	0.01218	0.00803	0.00454	0.00560	0.00124	0.06677	0.00428	0.00295	0.46724
45	0.00863	0.00645	0.00714	0.00754	0.00832	0.05314	0.00566	0.00997	0.00998	0.01339	0.02013	0.08079	0.02161	0.30424	0.05574	0.00340	0.00519	0.26918	0.10531	0.00419
46	0.00746	0.00500	0.00570	0.00570	0.00574	0.00503	0.00324	0.00753	0.00749	0.01003	0.01607	0.03304	0.01842	0.78823	0.05724	0.00511	0.00533	0.00738	0.00309	0.00317
47	0.11894	0.00998	0.01643	0.48817	0.07122	0.01132	0.12598	0.01397	0.01045	0.01541	0.00931	0.01300	0.00710	0.00490	0.00492	0.00163	0.00645	0.00450	0.02741	0.03889
48	0.85592	0.00992	0.00754	0.00675	0.00992	0.01151	0.00556	0.01508	0.00873	0.02302	0.00714	0.00834	0.00556	0.00476	0.00318	0.00159	0.00397	0.00278	0.00318	0.00556
49	0.00623	0.00453	0.00589	0.00697	0.00740	0.00418	0.00469	0.00716	0.00999	0.01317	0.03037	0.74870	0.10022	0.01580	0.00651	0.00205	0.00294	0.01426	0.00476	0.00418
50	0.01708	0.08841	0.02544	0.01188	0.01511	0.36480	0.00946	0.17894	0.20259	0.01889	0.01196	0.01224	0.00926	0.00580	0.00477	0.00145	0.00688	0.00415	0.00375	0.00714
51	0.01177	0.22657	0.11417	0.16754	0.06505	0.07701	0.03334	0.03885	0.05242	0.01459	0.01334	0.10970	0.04196	0.00662	0.00481	0.00154	0.00596	0.00546	0.00294	0.00636
52	0.05678	0.01269	0.18470	0.00981	0.01281	0.06749	0.00907	0.10648	0.01246	0.05259	0.02040	0.34808	0.06534	0.01027	0.00558	0.00179	0.00491	0.00878	0.00405	0.00593
53	0.01189	0.07163	0.40279	0.01657	0.02273	0.01268	0.29919	0.01667	0.01144	0.05746	0.01006	0.01216	0.00732	0.00478	0.00543	0.00164	0.02104	0.00466	0.00255	0.00730
54	0.01039	0.00657	0.00789	0.00745	0.00917	0.00632	0.00564	0.10822	0.01343	0.11088	0.14331	0.27905	0.16447	0.01147	0.00585	0.00177	0.00336	0.03660	0.06267	0.00550
55	0.14818	0.16489	0.20151	0.01002	0.01403	0.06271	0.00997	0.06101	0.07443	0.01822	0.12911	0.05792	0.01512	0.00650	0.00460	0.00153	0.00528	0.00503	0.00346	0.00648
56	0.01440	0.16719	0.19328	0.01303	0.05537	0.29439	0.03021	0.01709	0.01242	0.04419	0.01229	0.01530	0.05008	0.00599	0.00475	0.00147	0.00717	0.05201	0.00284	0.00651
57	0.00823	0.00634	0.00992	0.00920	0.01062	0.00594	0.11426	0.00975	0.01064	0.06049	0.02779	0.50276	0.13223	0.03026	0.00697	0.00202	0.02122	0.02201	0.00446	0.00488
58	0.14547	0.01238	0.01182	0.00968	0.01296	0.10111	0.00780	0.33266	0.01735	0.11523	0.07462	0.01837	0.10483	0.00702	0.00496	0.00156	0.00504	0.00535	0.00469	0.00711
59	0.01579	0.01902	0.01264	0.01169	0.01381	0.57280	0.00878	0.01719	0.01271	0.01229	0.00969	0.01291	0.00862	0.04637	0.20013	0.00317	0.01018	0.00401	0.00269	0.00550
60	0.00735	0.00540	0.00777	0.00777	0.00852	0.00615	0.00582	0.00886	0.00810	0.01156	0.01418	0.02258	0.01388	0.17945	0.65982	0.00766	0.01216	0.00585	0.00281	0.00432
61	0.01208	0.01355	0.02862	0.02161	0.07164	0.01313	0.66689	0.01609	0.01177	0.01615	0.01006	0.01358	0.00773	0.00469	0.00680	0.00176	0.06856	0.00585	0.00257	0.00690
62	0.00863	0.00783	0.01058	0.00995	0.01029	0.00978	0.00778	0.00969	0.00912	0.01284	0.02096	0.32588	0.11948	0.01224	0.01147	0.00212	0.39372	0.00921	0.00354	0.00489
63	0.00737	0.00508	0.00627	0.00634	0.00658	0.00529	0.00402	0.00787	0.00778	0.01060	0.01620	0.07119	0.01801	0.58369	0.21706	0.00564	0.00705	0.00735	0.00311	0.00353
64	0.00969	0.00912	0.01539	0.80734	0.03534	0.01140	0.01425	0.01311	0.01026	0.01311	0.00912	0.01368	0.00684	0.00513	0.00513	0.00171	0.00684	0.00456	0.00228	0.00570
65	0.00847	0.00809	0.05249	0.16322	0.07330	0.00774	0.03111	0.01147	0.05952	0.01444	0.04888	0.32814	0.03359	0.01361	0.09809	0.00257	0.00568	0.00890	0.00370	0.02700
66	0.01064	0.00912	0.01064	0.00760	0.01216	0.00684	0.00608	0.01292	0.01064	0.01672	0.00912	0.01064	0.00760	0.00380	0.00380	0.00076	0.00380	0.00304	0.00304	0.85104
67	0.00946	0.01442	0.27810	0.33495	0.07072	0.01027	0.01403	0.01335	0.01090	0.01493	0.06323	0.06192	0.06933	0.00656	0.00525	0.00169	0.00623	0.00563	0.00280	0.00624
68	0.01542	0.01709	0.01415	0.26673	0.02133	0.43319	0.01087	0.01749	0.01268	0.05458	0.00945	0.01189	0.00746	0.00672	0.03702	0.00175	0.02394	0.00396	0.02836	0.00592
69	0.07937	0.37330	0.01903	0.00979	0.01364	0.15734	0.00857	0.11285	0.01324	0.10544	0.00964	0.01030	0.00763	0.00555	0.01664	0.00139	0.00600	0.00342	0.00325	0.04363
70	0.01348	0.00768	0.01183	0.06085	0.01379	0.00705	0.09534	0.01549	0.01217	0.29440	0.06223	0.29827	0.02089	0.00954	0.00573	0.00174	0.00440	0.00865	0.00488	0.05159
71	0.01345	0.01892	0.28112	0.05954	0.29290	0.15381	0.01511	0.01738	0.02828	0.05719	0.00997	0.01188	0.00764	0.00498	0.00494	0.00154	0.00707	0.00414	0.00268	0.00746
72	0.00973	0.01543	0.34663	0.01109	0.01503	0.00960	0.01185	0.02263	0.06081	0.03384	0.14105	0.03694	0.02507	0.06294	0.09986	0.00268	0.06767	0.01755	0.00333	0.00626
73	0.01917	0.02445	0.01454	0.01322	0.01586	0.79907	0.00991	0.02049	0.01454	0.01256	0.00793	0.00925	0.00661	0.00529	0.00463	0.00132	0.00925	0.00330	0.00264	0.00595
74	0.00627	0.00453	0.00593	0.00700	0.00742	0.00420	0.00471	0.00722	0.01006	0.01334	0.04899	0.74740	0.08251	0.01574	0.00651	0.00205	0.00294	0.01421	0.00479	0.00420
75	0.10496	0.00977	0.01255	0.21714	0.01862	0.01075	0.02837	0.15063	0.10563	0.14958	0.01549	0.12726	0.01292	0.00722	0.00516	0.00170	0.00507	0.00608	0.00428	0.00684
76	0.27759	0.01145	0.01652	0.02326	0.52352	0.01207	0.01243	0.01545	0.01066	0.01862	0.00879	0.01129	0.00728	0.00474	0.00478	0.00156	0.02598	0.00401	0.00273	0.00726
77	0.00978	0.00924	0.01541	0.76282	0.03411	0.01164	0.01408	0.01307	0.01013	0.01307	0.00899	0.01354	0.00683	0.00535	0.00579	0.00174	0.05189	0.00456	0.00228	0.00570
78	0.02553	0.08935	0.06503	0.01220	0.07966	0.06755	0.02599	0.24207	0.05950	0.07053	0.01378	0.01429	0.05224	0.00572	0.00472	0.00139	0.00540	0.00450	0.01822	0.14233

[dist]
# distance from previous block
# <min> <max>
0	1

[block]
# block no. 6 follows, 48 sequences, length 13
# corresponding to MSA columns:
# 237-249
name=unknown_G
#
# <colnr> <probs for GDERKNQSTAVLIFYWHMCP>
#	G	D	E	R	K	N	Q	S	T	A	V	L	I	F	Y	W	H	M	C	P
0	0.01304	0.46828	0.29368	0.01125	0.01659	0.09152	0.01245	0.01616	0.01096	0.01358	0.00794	0.00924	0.00656	0.00464	0.00397	0.00130	0.00658	0.00316	0.00223	0.00687
1	0.00827	0.00512	0.00657	0.00664	0.00764	0.00556	0.00506	0.01029	0.00946	0.01520	0.01592	0.06546	0.01419	0.02267	0.39821	0.00474	0.00805	0.00570	0.38062	0.00465
2	0.01837	0.07248	0.01507	0.01247	0.01536	0.62624	0.00960	0.10988	0.01533	0.01496	0.01007	0.01107	0.03617	0.00563	0.00466	0.00135	0.00833	0.00371	0.00299	0.00626
3	0.00711	0.00538	0.00773	0.00808	0.00871	0.00601	0.00602	0.00854	0.00883	0.01239	0.01898	0.32548	0.02064	0.02843	0.45656	0.00559	0.04861	0.00894	0.00350	0.00447
4	0.01758	0.01095	0.01386	0.01064	0.01431	0.01096	0.06929	0.30754	0.03649	0.25613	0.01496	0.01658	0.01113	0.10372	0.00763	0.00192	0.00522	0.00513	0.00487	0.08109
5	0.00742	0.00574	0.00676	0.00702	0.00834	0.00549	0.00540	0.01002	0.07346	0.01523	0.13049	0.12554	0.30461	0.08706	0.00813	0.00220	0.00345	0.18422	0.00475	0.00466
6	0.01372	0.82276	0.02689	0.00878	0.01317	0.02030	0.00878	0.01536	0.01043	0.01207	0.00713	0.00823	0.00658	0.00439	0.00329	0.00110	0.00549	0.00274	0.00219	0.00658
7	0.00736	0.00511	0.00623	0.00603	0.00664	0.00491	0.00398	0.00858	0.01102	0.01531	0.40387	0.03597	0.03366	0.41160	0.01600	0.00328	0.00369	0.00838	0.00439	0.00398
8	0.00691	0.00474	0.00576	0.00630	0.00644	0.00461	0.00386	0.00732	0.00854	0.01139	0.02169	0.39057	0.02562	0.45317	0.01719	0.00366	0.00406	0.01071	0.00386	0.00359
9	0.01372	0.82276	0.02689	0.00878	0.01317	0.02030	0.00878	0.01536	0.01043	0.01207	0.00713	0.00823	0.00658	0.00439	0.00329	0.00110	0.00549	0.00274	0.00219	0.00658
10	0.01236	0.01019	0.01235	0.20221	0.01822	0.01109	0.00908	0.13140	0.26556	0.01995	0.01408	0.01511	0.01069	0.00569	0.00477	0.00146	0.00479	0.00469	0.07134	0.17497
11	0.00837	0.00553	0.00651	0.00644	0.00806	0.00477	0.00473	0.00969	0.01148	0.10741	0.06063	0.29672	0.39330	0.01279	0.00603	0.00179	0.00298	0.01105	0.00492	0.03680
12	0.01288	0.36908	0.28949	0.01085	0.01591	0.04996	0.01190	0.01605	0.01131	0.07626	0.05440	0.04040	0.01042	0.00552	0.00433	0.00139	0.00603	0.00412	0.00283	0.00689

[dist]
# distance from previous block
# <min> <max>
0	1

[block]
# block no. 7 follows, 48 sequences, length 7
# corresponding to MSA columns:
# 251-257
name=unknown_H
#
# <colnr> <probs for GDERKNQSTAVLIFYWHMCP>
#	G	D	E	R	K	N	Q	S	T	A	V	L	I	F	Y	W	H	M	C	P
0	0.07646	0.51174	0.02029	0.00863	0.01232	0.06841	0.00795	0.08801	0.01194	0.01591	0.00910	0.01030	0.00768	0.00488	0.00359	0.00121	0.00518	0.00326	0.12674	0.00641
1	0.00739	0.06153	0.00791	0.00668	0.00794	0.00572	0.00502	0.00932	0.01296	0.01777	0.50298	0.21370	0.09905	0.01153	0.00598	0.00169	0.00277	0.01015	0.00514	0.00477
2	0.00695	0.00549	0.00648	0.00644	0.00782	0.00518	0.00480	0.00934	0.05574	0.01586	0.24887	0.13503	0.35299	0.01527	0.09782	0.00250	0.00397	0.00995	0.00481	0.00470
3	0.01129	0.00864	0.01031	0.00760	0.01172	0.00667	0.00606	0.01356	0.01143	0.08239	0.09979	0.01442	0.01275	0.00479	0.00417	0.00093	0.00369	0.00394	0.00362	0.68224
4	0.01002	0.01167	0.13833	0.05108	0.35220	0.00933	0.01237	0.01295	0.01127	0.01588	0.07460	0.21027	0.01812	0.00831	0.00557	0.00173	0.00526	0.04112	0.00334	0.00658
5	0.36638	0.08096	0.05254	0.05277	0.13856	0.07984	0.03553	0.05670	0.01105	0.01926	0.00859	0.01041	0.00684	0.00497	0.00431	0.00152	0.02253	0.00358	0.03727	0.00639
6	0.04108	0.01204	0.01934	0.06251	0.17635	0.06596	0.25716	0.04913	0.01175	0.01666	0.01062	0.01383	0.00855	0.00743	0.05861	0.00206	0.07489	0.00499	0.10048	0.00656

[dist]
# distance from previous block
# <min> <max>
5	7

[block]
# block no. 8 follows, 48 sequences, length 24
# corresponding to MSA columns:
# 265-288
name=unknown_I
#
# <colnr> <probs for GDERKNQSTAVLIFYWHMCP>
#	G	D	E	R	K	N	Q	S	T	A	V	L	I	F	Y	W	H	M	C	P
0	0.01213	0.23484	0.06555	0.34798	0.04248	0.12373	0.02546	0.01487	0.01127	0.01354	0.05532	0.01286	0.00928	0.00523	0.00461	0.00147	0.00660	0.00415	0.00252	0.00612
1	0.06751	0.13147	0.07641	0.01164	0.01531	0.30579	0.00993	0.18666	0.11384	0.01895	0.01052	0.01113	0.00817	0.00551	0.00456	0.00143	0.00681	0.00385	0.00346	0.00704
2	0.12670	0.15158	0.34299	0.18463	0.02216	0.01320	0.06083	0.01527	0.01043	0.01582	0.00864	0.01086	0.00654	0.00480	0.00451	0.00156	0.00665	0.00379	0.00236	0.00669
3	0.04796	0.16658	0.01931	0.35600	0.02510	0.09063	0.13053	0.03801	0.05066	0.01480	0.00944	0.01225	0.00737	0.00499	0.00480	0.00155	0.00680	0.00432	0.00262	0.00629
4	0.00660	0.00481	0.00608	0.00658	0.00729	0.00444	0.00454	0.00789	0.01117	0.01500	0.23801	0.44241	0.13436	0.07661	0.00787	0.00213	0.00293	0.01209	0.00488	0.00429
5	0.01313	0.00654	0.00830	0.00716	0.00927	0.00604	0.00553	0.03192	0.01316	0.27897	0.25200	0.02746	0.06985	0.08850	0.03988	0.00215	0.00387	0.00691	0.12334	0.00602
6	0.00816	0.00649	0.00752	0.00734	0.00899	0.00646	0.00566	0.01274	0.17570	0.01789	0.29163	0.08757	0.23939	0.01118	0.00602	0.00179	0.00311	0.09187	0.00516	0.00535
7	0.00712	0.00488	0.00575	0.00593	0.00695	0.00440	0.00424	0.00748	0.01000	0.01273	0.03429	0.14464	0.40787	0.01436	0.00986	0.23568	0.00319	0.02322	0.05365	0.00376
8	0.01494	0.01323	0.01787	0.13237	0.37776	0.06086	0.01318	0.26801	0.01582	0.02120	0.01037	0.01250	0.00806	0.00522	0.00508	0.00154	0.00624	0.00451	0.00338	0.00786
9	0.01972	0.01402	0.01518	0.01164	0.01574	0.01539	0.00962	0.72443	0.02354	0.07929	0.01281	0.01264	0.00897	0.00617	0.00513	0.00154	0.00557	0.00465	0.00521	0.00873
10	0.00780	0.00486	0.00588	0.00656	0.00730	0.00473	0.00467	0.02455	0.01056	0.01573	0.02387	0.47670	0.02592	0.01224	0.00552	0.00178	0.00293	0.05559	0.29830	0.00451
11	0.00984	0.00937	0.01107	0.01083	0.04324	0.08667	0.00802	0.01090	0.00970	0.01291	0.04517	0.20122	0.09558	0.02842	0.05171	0.05226	0.29723	0.00762	0.00330	0.00496
12	0.00891	0.00446	0.00668	0.00668	0.00668	0.00446	0.00446	0.00668	0.00668	0.00891	0.00891	0.01560	0.00891	0.01783	0.02005	0.85071	0.00446	0.00446	0.00223	0.00223
13	0.00826	0.00665	0.00866	0.00792	0.01001	0.00568	0.03343	0.02236	0.01061	0.01491	0.02204	0.42611	0.06191	0.01108	0.00558	0.00161	0.00357	0.04467	0.00411	0.29084
14	0.85592	0.00992	0.00754	0.00675	0.00992	0.01151	0.00556	0.01508	0.00873	0.02302	0.00714	0.00834	0.00556	0.00476	0.00318	0.00159	0.00397	0.00278	0.00318	0.00556
15	0.00858	0.00568	0.00784	0.00880	0.00990	0.00552	0.00726	0.01052	0.01143	0.06035	0.02707	0.26448	0.02975	0.01424	0.00683	0.00224	0.00422	0.50567	0.00483	0.00481
16	0.01124	0.08533	0.03838	0.00914	0.01184	0.02559	0.00750	0.04720	0.38481	0.01995	0.22845	0.02444	0.06906	0.00791	0.00529	0.00163	0.00394	0.00661	0.00487	0.00682
