[name]
unknown

[dist]
# distance from previous block
# <min> <max>
0	0

[block]
# block no. 0 follows, 48 sequences, length 10
# corresponding to MSA columns:
# 0-9
name=unknown_A
#
# <colnr> <probs for GDERKNQSTAVLIFYWHMCP>
#	G	D	E	R	K	N	Q	S	T	A	V	L	I	F	Y	W	H	M	C	P
0	0.00827	0.00591	0.00827	0.00945	0.01063	0.00591	0.00827	0.01063	0.01181	0.01536	0.02717	0.05788	0.02953	0.01417	0.00709	0.00236	0.00472	0.75313	0.00472	0.00472
1	0.01206	0.00631	0.00840	0.00727	0.00932	0.00566	0.00566	0.01435	0.01457	0.25533	0.55201	0.03197	0.03754	0.00923	0.00578	0.00161	0.00301	0.00802	0.00586	0.00603
2	0.31675	0.01139	0.00934	0.00817	0.01101	0.12081	0.00648	0.16049	0.01345	0.02057	0.02192	0.02174	0.24393	0.00762	0.00464	0.00159	0.00462	0.00566	0.00397	0.00586
3	0.00854	0.00459	0.00641	0.00641	0.00641	0.00459	0.00411	0.00688	0.00688	0.00918	0.01077	0.02020	0.01141	0.22318	0.02161	0.63412	0.00459	0.00523	0.00245	0.00245
4	0.01951	0.01437	0.01540	0.01181	0.01591	0.01591	0.00975	0.77056	0.02412	0.03234	0.01232	0.01232	0.00873	0.00616	0.00513	0.00154	0.00565	0.00462	0.00513	0.00873
5	0.01497	0.01335	0.01403	0.28242	0.02139	0.15746	0.01061	0.28779	0.01611	0.02063	0.01092	0.01299	0.00820	0.00563	0.00486	0.00152	0.00635	0.00438	0.09966	0.00673
6	0.00670	0.00475	0.00591	0.00665	0.00701	0.00451	0.00438	0.00743	0.00935	0.01232	0.02633	0.48555	0.08476	0.25798	0.01244	0.00294	0.00364	0.04922	0.00426	0.00389
7	0.01293	0.00701	0.00907	0.00832	0.01029	0.00678	0.00632	0.08198	0.03778	0.25255	0.07716	0.34781	0.02376	0.01354	0.07700	0.00239	0.00460	0.00934	0.00518	0.00618
8	0.08795	0.01008	0.01386	0.46399	0.02573	0.01185	0.01150	0.17870	0.03538	0.04086	0.01155	0.06558	0.00933	0.00612	0.00505	0.00168	0.00592	0.00512	0.00335	0.00640
9	0.01295	0.01030	0.01167	0.00884	0.01288	0.00936	0.00708	0.24319	0.01467	0.02115	0.01181	0.08339	0.01030	0.00562	0.00445	0.00112	0.00429	0.00456	0.00383	0.51853

[dist]
# distance from previous block
# <min> <max>
0	1

[block]
# block no. 1 follows, 48 sequences, length 16
# corresponding to MSA columns:
# 11-26
name=unknown_B
#
# <colnr> <probs for GDERKNQSTAVLIFYWHMCP>
#	G	D	E	R	K	N	Q	S	T	A	V	L	I	F	Y	W	H	M	C	P
0	0.01725	0.01091	0.01814	0.01361	0.01777	0.01035	0.26874	0.05559	0.11146	0.36542	0.04410	0.01695	0.01250	0.00587	0.00551	0.00165	0.00578	0.00567	0.00484	0.00789
1	0.01196	0.01084	0.01529	0.03183	0.10285	0.09467	0.18266	0.03159	0.04686	0.07275	0.10817	0.04204	0.06665	0.14830	0.00915	0.00221	0.00587	0.00660	0.00369	0.00600
2	0.01183	0.00847	0.00943	0.00831	0.00995	0.00900	0.00601	0.30019	0.01436	0.01921	0.01726	0.19153	0.01809	0.33700	0.01391	0.00304	0.00481	0.00788	0.00424	0.00549
3	0.05580	0.00946	0.01195	0.00938	0.01320	0.00892	0.00769	0.07978	0.10242	0.61578	0.01919	0.01690	0.01245	0.00634	0.00508	0.00160	0.00441	0.00510	0.00600	0.00853
4	0.01297	0.01326	0.02069	0.23768	0.23767	0.09592	0.21101	0.07784	0.01273	0.01651	0.00973	0.01287	0.00757	0.00487	0.00530	0.00161	0.00726	0.00483	0.00271	0.00697
5	0.00810	0.00671	0.00778	0.00787	0.00865	0.06873	0.00570	0.00940	0.00913	0.01215	0.04776	0.16303	0.01862	0.18022	0.41599	0.00571	0.00935	0.00746	0.00328	0.00435
6	0.25260	0.01105	0.01302	0.40058	0.02351	0.07801	0.01081	0.05666	0.01092	0.03580	0.00876	0.01165	0.00670	0.00536	0.00524	0.00166	0.05498	0.00396	0.00282	0.00592
7	0.05014	0.01163	0.01294	0.01101	0.04878	0.08597	0.00848	0.16752	0.07499	0.43004	0.03444	0.01575	0.01195	0.00622	0.00505	0.00156	0.00508	0.00491	0.00537	0.00818
8	0.00791	0.00528	0.00653	0.00647	0.00770	0.00476	0.00468	0.00949	0.01222	0.07351	0.31446	0.23302	0.21420	0.06705	0.00747	0.00199	0.00292	0.01054	0.00510	0.00472
9	0.00634	0.00453	0.00603	0.00709	0.00746	0.00422	0.00477	0.00736	0.01022	0.01373	0.09183	0.75098	0.03515	0.01561	0.00651	0.00204	0.00293	0.01414	0.00484	0.00422
10	0.01345	0.01358	0.01922	0.08207	0.04768	0.15424	0.29190	0.06292	0.01286	0.05080	0.01185	0.07667	0.01001	0.00571	0.00530	0.00153	0.00697	0.00556	0.02946	0.09820
11	0.01606	0.04402	0.07746	0.01366	0.08487	0.24439	0.01053	0.16653	0.23083	0.04099	0.01300	0.01326	0.00986	0.00583	0.00492	0.00152	0.00642	0.00445	0.00389	0.00752
12	0.01160	0.00969	0.01116	0.00806	0.01257	0.00782	0.00648	0.09515	0.01210	0.01841	0.00947	0.01082	0.00772	0.00406	0.00394	0.00084	0.00400	0.00321	0.00327	0.75962
13	0.01752	0.00777	0.01031	0.00837	0.01141	0.00699	0.00673	0.02034	0.05700	0.50731	0.25963	0.02409	0.02404	0.00768	0.00544	0.00160	0.00374	0.00648	0.00607	0.00748
14	0.00867	0.00540	0.00642	0.00669	0.00777	0.00533	0.00488	0.01144	0.07211	0.04362	0.11828	0.32891	0.02639	0.01084	0.00536	0.00169	0.00291	0.03926	0.28909	0.00495
15	0.00895	0.00802	0.01326	0.34482	0.14249	0.00882	0.04311	0.01138	0.01040	0.01382	0.01661	0.32150	0.01748	0.00921	0.00571	0.00183	0.00532	0.00847	0.00329	0.00555

[dist]
# distance from previous block
# <min> <max>
4	8

[block]
# block no. 2 follows, 48 sequences, length 6
# corresponding to MSA columns:
# 35-40
name=unknown_C
#
# <colnr> <probs for GDERKNQSTAVLIFYWHMCP>
#	G	D	E	R	K	N	Q	S	T	A	V	L	I	F	Y	W	H	M	C	P
0	0.01077	0.00919	0.01549	0.01265	0.01550	0.00904	0.24425	0.01568	0.13986	0.06317	0.17905	0.06659	0.02362	0.00877	0.00610	0.00185	0.00525	0.16253	0.00443	0.00621
1	0.20267	0.01303	0.02323	0.01701	0.02160	0.01303	0.49874	0.11420	0.01291	0.01998	0.00991	0.01241	0.00741	0.00466	0.00529	0.00167	0.00721	0.00513	0.00306	0.00685
2	0.01031	0.00762	0.00875	0.00847	0.01038	0.00793	0.00650	0.05535	0.25282	0.06931	0.02866	0.25040	0.15831	0.01128	0.00594	0.00188	0.00368	0.09134	0.00503	0.00605
3	0.00969	0.00912	0.01539	0.80734	0.03534	0.01140	0.01425	0.01311	0.01026	0.01311	0.00912	0.01368	0.00684	0.00513	0.00513	0.00171	0.00684	0.00456	0.00228	0.00570
4	0.01498	0.01347	0.01847	0.15010	0.12772	0.09294	0.15938	0.22540	0.01534	0.05772	0.01075	0.01272	0.00804	0.00516	0.00516	0.00153	0.00667	0.00467	0.00346	0.06631
5	0.01117	0.00723	0.00951	0.00970	0.01153	0.00729	0.00837	0.10465	0.01361	0.09809	0.02464	0.04813	0.02525	0.01239	0.00665	0.00218	0.00480	0.58423	0.00494	0.00563

[dist]
# distance from previous block
# <min> <max>
2	4

[block]
# block no. 3 follows, 48 sequences, length 145
# corresponding to MSA columns:
# 45-189
name=unknown_D
#
# <colnr> <probs for GDERKNQSTAVLIFYWHMCP>
#	G	D	E	R	K	N	Q	S	T	A	V	L	I	F	Y	W	H	M	C	P
0	0.74855	0.07970	0.04245	0.00725	0.01072	0.01227	0.00640	0.01516	0.00897	0.02180	0.00723	0.00843	0.00568	0.00474	0.00326	0.00155	0.00425	0.00282	0.00305	0.00573
1	0.01103	0.01052	0.01401	0.01150	0.01303	0.01273	0.00950	0.01254	0.00879	0.01382	0.00754	0.01103	0.00703	0.00724	0.01246	0.00175	0.53930	0.00400	0.00251	0.28969
2	0.01190	0.07121	0.01825	0.01918	0.27359	0.01487	0.01257	0.01371	0.00933	0.01381	0.00774	0.01150	0.00719	0.00716	0.01189	0.00192	0.48091	0.00439	0.00234	0.00653
3	0.01311	0.01449	0.01669	0.01413	0.01557	0.21349	0.10887	0.01480	0.01043	0.01318	0.00919	0.01489	0.00871	0.00787	0.01154	0.00195	0.43686	0.06583	0.00260	0.00579
4	0.00791	0.00549	0.00708	0.00774	0.00840	0.00549	0.00598	0.00923	0.00988	0.01296	0.02229	0.04710	0.02471	0.37135	0.01553	0.00352	0.00484	0.42248	0.00401	0.00401
5	0.01126	0.00969	0.01018	0.00928	0.01189	0.01085	0.00718	0.02277	0.60284	0.01991	0.04798	0.02577	0.17194	0.00828	0.00541	0.00174	0.00372	0.00691	0.00514	0.00727
6	0.00636	0.00521	0.00561	0.00551	0.00711	0.00446	0.00413	0.00794	0.01239	0.01552	0.23309	0.04665	0.60344	0.01238	0.00606	0.00170	0.00255	0.01045	0.00498	0.00446
7	0.01261	0.01211	0.01953	0.02253	0.38209	0.01253	0.15713	0.01975	0.26939	0.01828	0.01357	0.01508	0.01059	0.00533	0.00531	0.00164	0.00590	0.00527	0.00345	0.00789
8	0.01064	0.00912	0.01064	0.00760	0.01216	0.00684	0.00608	0.01292	0.01064	0.01672	0.00912	0.01064	0.00760	0.00380	0.00380	0.00076	0.00380	0.00304	0.00304	0.85104
9	0.01951	0.01437	0.01540	0.01181	0.01591	0.01591	0.00975	0.77056	0.02412	0.03234	0.01232	0.01232	0.00873	0.00616	0.00513	0.00154	0.00565	0.00462	0.00513	0.00873
10	0.00969	0.00912	0.01539	0.80734	0.03534	0.01140	0.01425	0.01311	0.01026	0.01311	0.00912	0.01368	0.00684	0.00513	0.00513	0.00171	0.00684	0.00456	0.00228	0.00570
11	0.00746	0.00497	0.00560	0.00560	0.00560	0.00497	0.00311	0.00746	0.00746	0.00995	0.01617	0.03358	0.01865	0.81967	0.02612	0.00497	0.00497	0.00746	0.00311	0.00311
12	0.01211	0.01384	0.03028	0.02163	0.02682	0.01298	0.76903	0.01644	0.01211	0.01644	0.01038	0.01384	0.00779	0.00433	0.00606	0.00173	0.00865	0.00606	0.00260	0.00692
13	0.00891	0.00446	0.00668	0.00668	0.00668	0.00446	0.00446	0.00668	0.00668	0.00891	0.00891	0.01560	0.00891	0.01783	0.02005	0.85071	0.00446	0.00446	0.00223	0.00223
14	0.01392	0.39753	0.02077	0.01120	0.01379	0.16758	0.00982	0.01533	0.01035	0.01226	0.00715	0.00943	0.00664	0.00610	0.00810	0.00153	0.27663	0.00344	0.00230	0.00614
15	0.01270	0.01219	0.02083	0.03149	0.78767	0.01219	0.01575	0.01575	0.01168	0.01676	0.00965	0.01270	0.00813	0.00457	0.00508	0.00152	0.00610	0.00457	0.00254	0.00813
16	0.00746	0.00497	0.00560	0.00560	0.00560	0.00497	0.00311	0.00746	0.00746	0.00995	0.01617	0.03358	0.01865	0.81967	0.02612	0.00497	0.00497	0.00746	0.00311	0.00311
17	0.01270	0.01219	0.02083	0.03149	0.78767	0.01219	0.01575	0.01575	0.01168	0.01676	0.00965	0.01270	0.00813	0.00457	0.00508	0.00152	0.00610	0.00457	0.00254	0.00813
18	0.01372	0.82276	0.02689	0.00878	0.01317	0.02030	0.00878	0.01536	0.01043	0.01207	0.00713	0.00823	0.00658	0.00439	0.00329	0.00110	0.00549	0.00274	0.00219	0.00658
19	0.00673	0.00481	0.00651	0.00769	0.00820	0.00458	0.00560	0.00798	0.01030	0.01364	0.02801	0.63538	0.03289	0.01562	0.00668	0.00215	0.00339	0.19079	0.00475	0.00430
20	0.00736	0.00514	0.00664	0.00738	0.00790	0.00504	0.00539	0.00849	0.00982	0.01299	0.04315	0.27812	0.02769	0.28531	0.01329	0.00314	0.00422	0.26069	0.00422	0.00402
21	0.01123	0.01123	0.01572	0.01347	0.01347	0.01572	0.01123	0.01235	0.00786	0.01235	0.00674	0.01123	0.00674	0.00898	0.01684	0.00225	0.81028	0.00449	0.00225	0.00561
22	0.00747	0.00517	0.00649	0.00655	0.00687	0.00543	0.00432	0.00811	0.00791	0.01079	0.01605	0.03104	0.01757	0.55592	0.24457	0.00577	0.00745	0.04583	0.00309	0.00361
23	0.00733	0.00550	0.00825	0.00825	0.00916	0.00641	0.00641	0.00916	0.00825	0.01191	0.01374	0.02016	0.01283	0.03848	0.79934	0.00825	0.01374	0.00550	0.00275	0.00458
24	0.00752	0.00582	0.00692	0.00654	0.00806	0.00552	0.00494	0.01088	0.09146	0.01897	0.52226	0.03917	0.23117	0.01076	0.00597	0.00166	0.00263	0.00932	0.00538	0.00505
25	0.00827	0.00591	0.00827	0.00945	0.01063	0.00591	0.00827	0.01063	0.01181	0.01536	0.02717	0.05788	0.02953	0.01417	0.00709	0.00236	0.00472	0.75313	0.00472	0.00472
26	0.00638	0.00493	0.00583	0.00620	0.00728	0.00437	0.00442	0.00775	0.01155	0.01493	0.19143	0.34234	0.34685	0.01367	0.00625	0.00184	0.00271	0.01196	0.00494	0.00437
27	0.85592	0.00992	0.00754	0.00675	0.00992	0.01151	0.00556	0.01508	0.00873	0.02302	0.00714	0.00834	0.00556	0.00476	0.00318	0.00159	0.00397	0.00278	0.00318	0.00556
28	0.00706	0.00488	0.00642	0.00690	0.00766	0.00451	0.00484	0.00855	0.01171	0.03663	0.30356	0.49359	0.05698	0.01371	0.00632	0.00189	0.00280	0.01231	0.00513	0.00454
29	0.06867	0.00548	0.00561	0.00563	0.00727	0.00489	0.00420	0.00813	0.01156	0.01511	0.11727	0.12226	0.58144	0.01246	0.00590	0.00175	0.00272	0.01046	0.00473	0.00445
30	0.01064	0.00912	0.01064	0.00760	0.01216	0.00684	0.00608	0.01292	0.01064	0.01672	0.00912	0.01064	0.00760	0.00380	0.00380	0.00076	0.00380	0.00304	0.00304	0.85104
31	0.00707	0.00530	0.00623	0.00596	0.00746	0.00467	0.00448	0.00899	0.01327	0.03436	0.44293	0.04278	0.37489	0.01151	0.00604	0.00167	0.00254	0.00988	0.00527	0.00470
32	0.22573	0.00964	0.00952	0.00871	0.01136	0.01091	0.00679	0.02063	0.44214	0.02079	0.06171	0.06139	0.07523	0.00754	0.00488	0.00171	0.00378	0.00607	0.00467	0.00679
33	0.25335	0.00906	0.01070	0.00847	0.01222	0.00864	0.00699	0.02226	0.01304	0.57879	0.01662	0.01494	0.01073	0.00591	0.00461	0.00159	0.00426	0.00450	0.00547	0.00785
34	0.00656	0.00494	0.00607	0.00636	0.00738	0.00445	0.00455	0.00810	0.01201	0.01596	0.30291	0.32897	0.24656	0.01325	0.00624	0.00182	0.00268	0.01167	0.00508	0.00445
35	0.00706	0.00522	0.00659	0.00629	0.00755	0.00475	0.00470	0.00928	0.01399	0.01940	0.65862	0.05994	0.15554	0.01100	0.00607	0.00164	0.00246	0.00964	0.00550	0.00475
36	0.00676	0.00473	0.00594	0.00671	0.00698	0.00453	0.00437	0.00744	0.00917	0.01217	0.02462	0.49908	0.04326	0.28593	0.01314	0.00306	0.00373	0.05034	0.00421	0.00384
37	0.00733	0.00550	0.00825	0.00825	0.00916	0.00641	0.00641	0.00916	0.00825	0.01191	0.01374	0.02016	0.01283	0.03848	0.79934	0.00825	0.01374	0.00550	0.00275	0.00458
38	0.01897	0.01005	0.01190	0.00948	0.01299	0.01014	0.00771	0.22111	0.12379	0.38561	0.01780	0.01655	0.01212	0.00634	0.00496	0.00155	0.00441	0.00506	0.11131	0.00815
39	0.01917	0.02445	0.01454	0.01322	0.01586	0.79907	0.00991	0.02049	0.01454	0.01256	0.00793	0.00925	0.00661	0.00529	0.00463	0.00132	0.00925	0.00330	0.00264	0.00595
40	0.00647	0.00521	0.00576	0.00562	0.00718	0.00450	0.00422	0.00814	0.01265	0.01612	0.29827	0.04567	0.53789	0.01215	0.00606	0.00169	0.00254	0.01031	0.00506	0.00450
41	0.00746	0.00497	0.00560	0.00560	0.00560	0.00497	0.00311	0.00746	0.00746	0.00995	0.01617	0.03358	0.01865	0.81967	0.02612	0.00497	0.00497	0.00746	0.00311	0.00311
42	0.00682	0.00523	0.00624	0.00599	0.00739	0.00465	0.00449	0.00882	0.01348	0.01809	0.51312	0.04243	0.32181	0.01142	0.00606	0.00166	0.00249	0.00985	0.00532	0.00465
43	0.85592	0.00992	0.00754	0.00675	0.00992	0.01151	0.00556	0.01508	0.00873	0.02302	0.00714	0.00834	0.00556	0.00476	0.00318	0.00159	0.00397	0.00278	0.00318	0.00556
44	0.01064	0.00912	0.01064	0.00760	0.01216	0.00684	0.00608	0.01292	0.01064	0.01672	0.00912	0.01064	0.00760	0.00380	0.00380	0.00076	0.00380	0.00304	0.00304	0.85104
45	0.02271	0.00923	0.01222	0.00937	0.01335	0.00828	0.00774	0.09071	0.01552	0.72434	0.01954	0.01701	0.01235	0.00633	0.00516	0.00158	0.00448	0.00511	0.00624	0.00873
46	0.01244	0.01314	0.02528	0.01917	0.05084	0.01296	0.54871	0.03505	0.19057	0.01796	0.01284	0.01500	0.00965	0.00499	0.00581	0.00172	0.00743	0.00591	0.00326	0.00728
47	0.00625	0.00447	0.00595	0.00714	0.00744	0.00417	0.00476	0.00714	0.00982	0.01310	0.02828	0.81633	0.03394	0.01608	0.00655	0.00208	0.00298	0.01459	0.00476	0.00417
48	0.01591	0.01233	0.09221	0.01109	0.01478	0.01164	0.03040	0.08905	0.35331	0.24001	0.01769	0.01664	0.01257	0.00655	0.00583	0.00170	0.04995	0.00525	0.00498	0.00812
49	0.01033	0.02477	0.71355	0.01391	0.02119	0.01140	0.01765	0.01591	0.01081	0.01630	0.00920	0.01081	0.00661	0.00477	0.00477	0.00154	0.00720	0.00372	0.00226	0.09333
50	0.00830	0.00703	0.00726	0.00688	0.00895	0.00702	0.00525	0.01383	0.25375	0.01660	0.06315	0.03874	0.50088	0.01084	0.00573	0.00172	0.00305	0.00904	0.02643	0.00555
51	0.01069	0.00916	0.01066	0.00766	0.01219	0.00697	0.00613	0.01324	0.02787	0.01683	0.00938	0.01083	0.00778	0.00387	0.00383	0.00078	0.00381	0.00310	0.00309	0.83213
52	0.01297	0.07395	0.55871	0.01336	0.01981	0.01176	0.03434	0.01774	0.01148	0.16106	0.01111	0.01199	0.00770	0.00521	0.00516	0.00160	0.02736	0.00405	0.00296	0.00767
53	0.49111	0.30371	0.01502	0.00796	0.01153	0.07257	0.00704	0.01558	0.00977	0.01831	0.00720	0.00837	0.00600	0.00467	0.00332	0.00139	0.00490	0.00280	0.00278	0.00596
54	0.00742	0.00563	0.00842	0.00837	0.00926	0.00663	0.00652	0.00924	0.00824	0.01192	0.01358	0.01995	0.01269	0.03781	0.78147	0.00811	0.03194	0.00547	0.00274	0.00460
55	0.01074	0.01897	0.45498	0.03469	0.01823	0.01108	0.01400	0.01821	0.20382	0.03306	0.11610	0.01680	0.01453	0.00618	0.00513	0.00165	0.00593	0.00508	0.00348	0.00732
56	0.01064	0.00912	0.01064	0.00760	0.01216	0.00684	0.00608	0.01292	0.01064	0.01672	0.00912	0.01064	0.00760	0.00380	0.00380	0.00076	0.00380	0.00304	0.00304	0.85104
57	0.01270	0.01219	0.02083	0.03149	0.78767	0.01219	0.01575	0.01575	0.01168	0.01676	0.00965	0.01270	0.00813	0.00457	0.00508	0.00152	0.00610	0.00457	0.00254	0.00813
58	0.01098	0.01083	0.01514	0.01301	0.01318	0.01493	0.01081	0.01217	0.00795	0.01243	0.00721	0.01174	0.00712	0.01060	0.06311	0.00256	0.74211	0.00451	0.00230	0.02728
59	0.00891	0.00446	0.00668	0.00668	0.00668	0.00446	0.00446	0.00668	0.00668	0.00891	0.00891	0.01560	0.00891	0.01783	0.02005	0.85071	0.00446	0.00446	0.00223	0.00223
60	0.01029	0.02654	0.79309	0.01462	0.02221	0.01192	0.01896	0.01625	0.01083	0.01625	0.00921	0.01083	0.00650	0.00487	0.00487	0.00162	0.00758	0.00379	0.00217	0.00758
61	0.00744	0.00565	0.00845	0.00839	0.00928	0.00667	0.00654	0.00925	0.00824	0.01192	0.01355	0.01991	0.01266	0.03768	0.77801	0.00808	0.03545	0.00547	0.00274	0.00461
62	0.01071	0.01667	0.30399	0.01368	0.01653	0.01391	0.01389	0.01366	0.00898	0.01378	0.00795	0.01146	0.00691	0.00870	0.04550	0.00227	0.47859	0.00427	0.00224	0.00630
63	0.01179	0.01126	0.01918	0.26636	0.55992	0.01195	0.01529	0.01495	0.01125	0.01566	0.00949	0.01300	0.00774	0.00474	0.00509	0.00158	0.00632	0.00457	0.00246	0.00739
64	0.01176	0.01212	0.01564	0.01345	0.01363	0.06842	0.01114	0.01290	0.00831	0.01236	0.00682	0.01109	0.00673	0.00873	0.01602	0.00218	0.75639	0.00441	0.00227	0.00564
65	0.01064	0.00912	0.01064	0.00760	0.01216	0.00684	0.00608	0.01292	0.01064	0.01672	0.00912	0.01064	0.00760	0.00380	0.00380	0.00076	0.00380	0.00304	0.00304	0.85104
66	0.00612	0.00520	0.00528	0.00526	0.00697	0.00436	0.00395	0.00748	0.01184	0.01420	0.08871	0.04883	0.74864	0.01287	0.00606	0.00173	0.00259	0.01075	0.00481	0.00436
67	0.01752	0.01339	0.01428	0.01141	0.01516	0.01499	0.00927	0.55225	0.24566	0.02914	0.01483	0.01432	0.01076	0.00640	0.00516	0.00160	0.00518	0.00497	0.00516	0.00855
68	0.00969	0.00912	0.01539	0.80734	0.03534	0.01140	0.01425	0.01311	0.01026	0.01311	0.00912	0.01368	0.00684	0.00513	0.00513	0.00171	0.00684	0.00456	0.00228	0.00570
69	0.00746	0.00497	0.00560	0.00560	0.00560	0.00497	0.00311	0.00746	0.00746	0.00995	0.01617	0.03358	0.01865	0.81967	0.02612	0.00497	0.00497	0.00746	0.00311	0.00311
70	0.00606	0.00520	0.00520	0.00520	0.00693	0.00433	0.00390	0.00736	0.01170	0.01386	0.05198	0.04938	0.78558	0.01299	0.00606	0.00173	0.00260	0.01083	0.00476	0.00433
71	0.02126	0.01107	0.01327	0.01019	0.01417	0.01107	0.00841	0.34379	0.01865	0.45201	0.01679	0.01529	0.01101	0.00626	0.00512	0.00156	0.00488	0.00492	0.02162	0.00866
72	0.00969	0.00912	0.01539	0.80734	0.03534	0.01140	0.01425	0.01311	0.01026	0.01311	0.00912	0.01368	0.00684	0.00513	0.00513	0.00171	0.00684	0.00456	0.00228	0.00570
73	0.00734	0.00547	0.00812	0.00812	0.00899	0.00634	0.00625	0.00908	0.00821	0.01182	0.01386	0.02081	0.01311	0.07647	0.76174	0.00809	0.01332	0.00559	0.00277	0.00451
74	0.00666	0.00534	0.00596	0.00627	0.00776	0.00474	0.00492	0.00814	0.01148	0.01401	0.04384	0.06465	0.55320	0.05369	0.00732	0.00205	0.00323	0.18771	0.00467	0.00436
75	0.00696	0.00532	0.00715	0.00774	0.00808	0.00565	0.00545	0.00792	0.00932	0.01267	0.02419	0.56818	0.04703	0.08038	0.09426	0.00298	0.08635	0.01193	0.00416	0.00428
76	0.01440	0.01530	0.01239	0.01016	0.01381	0.30717	0.00787	0.04548	0.08754	0.01619	0.00994	0.01101	0.00805	0.00476	0.00430	0.00110	0.00596	0.00347	0.00318	0.41793
77	0.01923	0.01746	0.01514	0.01228	0.01585	0.26024	0.00983	0.52145	0.02081	0.02577	0.01084	0.01134	0.00803	0.00594	0.00521	0.00149	0.02280	0.00421	0.00430	0.00780
78	0.01098	0.04000	0.11898	0.01123	0.01618	0.00930	0.14414	0.01406	0.01085	0.01634	0.00923	0.01117	0.00743	0.00419	0.00466	0.00110	0.02596	0.00371	0.00280	0.53771
79	0.01211	0.01384	0.03028	0.02163	0.02682	0.01298	0.76903	0.01644	0.01211	0.01644	0.01038	0.01384	0.00779	0.00433	0.00606	0.00173	0.00865	0.00606	0.00260	0.00692
80	0.01206	0.01422	0.05305	0.02142	0.02668	0.01294	0.74664	0.01643	0.01207	0.01643	0.01035	0.01375	0.00775	0.00434	0.00602	0.00173	0.00862	0.00599	0.00258	0.00694
81	0.01275	0.09137	0.53887	0.01380	0.01991	0.20606	0.01590	0.01722	0.01171	0.01500	0.00872	0.01023	0.00653	0.00494	0.00468	0.00151	0.00782	0.00359	0.00229	0.00710
82	0.00733	0.00550	0.00825	0.00825	0.00916	0.00641	0.00641	0.00916	0.00825	0.01191	0.01374	0.02016	0.01283	0.03848	0.79934	0.00825	0.01374	0.00550	0.00275	0.00458
83	0.01029	0.02654	0.79309	0.01462	0.02221	0.01192	0.01896	0.01625	0.01083	0.01625	0.00921	0.01083	0.00650	0.00487	0.00487	0.00162	0.00758	0.00379	0.00217	0.00758
84	0.01270	0.01219	0.02083	0.03149	0.78767	0.01219	0.01575	0.01575	0.01168	0.01676	0.00965	0.01270	0.00813	0.00457	0.00508	0.00152	0.00610	0.00457	0.00254	0.00813
85	0.01570	0.01011	0.01272	0.01072	0.01367	0.02903	0.04926	0.22940	0.01591	0.21834	0.02031	0.02840	0.06096	0.00885	0.00634	0.00183	0.04374	0.21269	0.00497	0.00705
86	0.00639	0.00451	0.00599	0.00715	0.00749	0.00423	0.00483	0.00736	0.00990	0.01331	0.02797	0.77591	0.03331	0.01578	0.00649	0.00207	0.00301	0.03476	0.02535	0.00420
87	0.01123	0.01123	0.01572	0.01347	0.01347	0.01572	0.01123	0.01235	0.00786	0.01235	0.00674	0.01123	0.00674	0.00898	0.01684	0.00225	0.81028	0.00449	0.00225	0.00561
88	0.01135	0.01161	0.01356	0.01202	0.01261	0.12455	0.00972	0.01264	0.00889	0.01222	0.00877	0.01357	0.00843	0.03490	0.19834	0.00358	0.49079	0.00463	0.00244	0.00536
89	0.00625	0.00475	0.00576	0.00647	0.00729	0.00426	0.00448	0.00736	0.01069	0.01376	0.07738	0.52215	0.28139	0.01476	0.00636	0.00194	0.00282	0.01306	0.00481	0.00426
90	0.00755	0.00552	0.00747	0.00738	0.00788	0.00622	0.00526	0.00860	0.00791	0.01112	0.01444	0.02530	0.01497	0.35844	0.44831	0.00665	0.04384	0.00626	0.00288	0.00402
91	0.01029	0.02654	0.79309	0.01462	0.02221	0.01192	0.01896	0.01625	0.01083	0.01625	0.00921	0.01083	0.00650	0.00487	0.00487	0.00162	0.00758	0.00379	0.00217	0.00758
92	0.01029	0.02654	0.79309	0.01462	0.02221	0.01192	0.01896	0.01625	0.01083	0.01625	0.00921	0.01083	0.00650	0.00487	0.00487	0.00162	0.00758	0.00379	0.00217	0.00758
93	0.01871	0.09126	0.01557	0.01285	0.01564	0.73391	0.00982	0.02006	0.01420	0.01252	0.00786	0.00917	0.00661	0.00521	0.00451	0.00130	0.00894	0.00326	0.00261	0.00600
94	0.01029	0.02654	0.79309	0.01462	0.02221	0.01192	0.01896	0.01625	0.01083	0.01625	0.00921	0.01083	0.00650	0.00487	0.00487	0.00162	0.00758	0.00379	0.00217	0.00758
95	0.01261	0.01210	0.02067	0.05333	0.76649	0.01217	0.01571	0.01567	0.01164	0.01666	0.00964	0.01273	0.00809	0.00459	0.00508	0.00153	0.00612	0.00457	0.00253	0.00806
96	0.02258	0.00944	0.01235	0.00947	0.01345	0.00859	0.00782	0.11873	0.01587	0.69582	0.01925	0.01682	0.01220	0.00633	0.00516	0.00158	0.00453	0.00509	0.00620	0.00873
97	0.01146	0.01244	0.02600	0.02011	0.06928	0.01185	0.59362	0.01529	0.01186	0.01611	0.01282	0.05327	0.01123	0.00600	0.00636	0.00181	0.02528	0.08569	0.00290	0.00661
98	0.00634	0.00526	0.00560	0.00578	0.00740	0.00452	0.00446	0.00776	0.01165	0.01402	0.04819	0.07491	0.66927	0.01324	0.00620	0.00182	0.00287	0.10158	0.00476	0.00437
99	0.00941	0.00874	0.01462	0.74168	0.03305	0.01081	0.01347	0.01262	0.01022	0.01311	0.01069	0.07955	0.00906	0.00603	0.00525	0.00174	0.00652	0.00538	0.00248	0.00557
100	0.03269	0.00845	0.01170	0.01132	0.07508	0.04665	0.07175	0.01548	0.01201	0.27533	0.02105	0.35567	0.02047	0.01008	0.00575	0.00179	0.00452	0.00905	0.00479	0.00638
101	0.00625	0.00447	0.00595	0.00714	0.00744	0.00417	0.00476	0.00714	0.00982	0.01310	0.02828	0.81633	0.03394	0.01608	0.00655	0.00208	0.00298	0.01459	0.00476	0.00417
102	0.01029	0.02654	0.79309	0.01462	0.02221	0.01192	0.01896	0.01625	0.01083	0.01625	0.00921	0.01083	0.00650	0.00487	0.00487	0.00162	0.00758	0.00379	0.00217	0.00758
103	0.01293	0.19561	0.24555	0.01961	0.30993	0.03583	0.03704	0.01645	0.01141	0.05588	0.00949	0.01136	0.00750	0.00473	0.00465	0.00146	0.00647	0.00398	0.00256	0.00756
104	0.01190	0.09939	0.31766	0.01990	0.21062	0.03230	0.20359	0.01619	0.01141	0.01591	0.00937	0.01174	0.00723	0.00463	0.00505	0.00157	0.00731	0.00443	0.00238	0.00741
105	0.00678	0.00523	0.00619	0.00595	0.00737	0.00463	0.00446	0.00874	0.01338	0.01785	0.48788	0.04281	0.34719	0.01151	0.00606	0.00166	0.00249	0.00991	0.00529	0.00463
106	0.01019	0.00990	0.01537	0.72486	0.03317	0.04517	0.01388	0.01338	0.01029	0.01304	0.00892	0.01334	0.00682	0.00537	0.00583	0.00173	0.05623	0.00450	0.00229	0.00571
107	0.01544	0.03636	0.14511	0.25668	0.05705	0.01014	0.03222	0.01862	0.01226	0.32870	0.01398	0.02921	0.00973	0.00571	0.00509	0.00163	0.00587	0.00484	0.00397	0.00738
108	0.01270	0.01219	0.02083	0.03149	0.78767	0.01219	0.01575	0.01575	0.01168	0.01676	0.00965	0.01270	0.00813	0.00457	0.00508	0.00152	0.00610	0.00457	0.00254	0.00813
109	0.00827	0.00591	0.00827	0.00945	0.01063	0.00591	0.00827	0.01063	0.01181	0.01536	0.02717	0.05788	0.02953	0.01417	0.00709	0.00236	0.00472	0.75313	0.00472	0.00472
110	0.02106	0.01187	0.01385	0.01062	0.01466	0.01220	0.00877	0.43996	0.01994	0.36884	0.01583	0.01460	0.01049	0.00624	0.00514	0.00156	0.00508	0.00486	0.00567	0.00873
111	0.01043	0.05789	0.76292	0.01439	0.02185	0.01225	0.01856	0.01621	0.01082	0.01609	0.00913	0.01073	0.00650	0.00486	0.00481	0.00160	0.00750	0.00375	0.00217	0.00754
112	0.00969	0.00912	0.01539	0.80734	0.03534	0.01140	0.01425	0.01311	0.01026	0.01311	0.00912	0.01368	0.00684	0.00513	0.00513	0.00171	0.00684	0.00456	0.00228	0.00570
113	0.01865	0.02271	0.01496	0.01326	0.01594	0.67694	0.02371	0.08417	0.01497	0.01431	0.00829	0.00970	0.00682	0.00554	0.00533	0.00140	0.05075	0.00353	0.00284	0.00619
114	0.01372	0.82276	0.02689	0.00878	0.01317	0.02030	0.00878	0.01536	0.01043	0.01207	0.00713	0.00823	0.00658	0.00439	0.00329	0.00110	0.00549	0.00274	0.00219	0.00658
115	0.00733	0.00550	0.00825	0.00825	0.00916	0.00641	0.00641	0.00916	0.00825	0.01191	0.01374	0.02016	0.01283	0.03848	0.79934	0.00825	0.01374	0.00550	0.00275	0.00458
116	0.01219	0.01362	0.02900	0.02296	0.12957	0.01287	0.66730	0.01634	0.01205	0.01648	0.01028	0.01369	0.00783	0.00436	0.00592	0.00170	0.00831	0.00586	0.00259	0.00708
117	0.02164	0.01094	0.01327	0.01018	0.01420	0.01082	0.00841	0.31686	0.01838	0.49415	0.01714	0.01545	0.01115	0.00628	0.00515	0.00157	0.00487	0.00495	0.00587	0.00873
118	0.00733	0.00550	0.00825	0.00825	0.00916	0.00641	0.00641	0.00916	0.00825	0.01191	0.01374	0.02016	0.01283	0.03848	0.79934	0.00825	0.01374	0.00550	0.00275	0.00458
119	0.00733	0.00550	0.00825	0.00825	0.00916	0.00641	0.00641	0.00916	0.00825	0.01191	0.01374	0.02016	0.01283	0.03848	0.79934	0.00825	0.01374	0.00550	0.00275	0.00458
120	0.00733	0.00550	0.00825	0.00825	0.00916	0.00641	0.00641	0.00916	0.00825	0.01191	0.01374	0.02016	0.01283	0.03848	0.79934	0.00825	0.01374	0.00550	0.00275	0.00458
121	0.00969	0.00912	0.01539	0.80734	0.03534	0.01140	0.01425	0.01311	0.01026	0.01311	0.00912	0.01368	0.00684	0.00513	0.00513	0.00171	0.00684	0.00456	0.00228	0.00570
122	0.01064	0.00912	0.01064	0.00760	0.01216	0.00684	0.00608	0.01292	0.01064	0.01672	0.00912	0.01064	0.00760	0.00380	0.00380	0.00076	0.00380	0.00304	0.00304	0.85104
123	0.01840	0.00987	0.01187	0.00948	0.01295	0.00982	0.00770	0.20738	0.11131	0.38957	0.09708	0.02018	0.05637	0.00715	0.00530	0.00160	0.00436	0.00582	0.00576	0.00803
124	0.00654	0.00523	0.00586	0.00575	0.00729	0.00455	0.00434	0.00826	0.01268	0.01622	0.30486	0.04579	0.50998	0.01216	0.00609	0.00171	0.00260	0.03052	0.00507	0.00452
125	0.30288	0.00913	0.01044	0.00833	0.01203	0.00888	0.00687	0.02167	0.01269	0.53310	0.01584	0.01440	0.01030	0.00582	0.00449	0.00159	0.00423	0.00436	0.00528	0.00767
126	0.01270	0.01219	0.02083	0.03149	0.78767	0.01219	0.01575	0.01575	0.01168	0.01676	0.00965	0.01270	0.00813	0.00457	0.00508	0.00152	0.00610	0.00457	0.00254	0.00813
127	0.00733	0.00550	0.00825	0.00825	0.00916	0.00641	0.00641	0.00916	0.00825	0.01191	0.01374	0.02016	0.01283	0.03848	0.79934	0.00825	0.01374	0.00550	0.00275	0.00458
128	0.01123	0.01123	0.01572	0.01347	0.01347	0.01572	0.01123	0.01235	0.00786	0.01235	0.00674	0.01123	0.00674	0.00898	0.01684	0.00225	0.81028	0.00449	0.00225	0.00561
129	0.00969	0.00912	0.01539	0.80734	0.03534	0.01140	0.01425	0.01311	0.01026	0.01311	0.00912	0.01368	0.00684	0.00513	0.00513	0.00171	0.00684	0.00456	0.00228	0.00570
130	0.00671	0.00522	0.00609	0.00588	0.00733	0.00461	0.00441	0.00862	0.01322	0.01749	0.44757	0.04342	0.38774	0.01164	0.00606	0.00167	0.00250	0.00999	0.00524	0.00461
131	0.02069	0.01248	0.01423	0.01091	0.01497	0.01310	0.00901	0.52004	0.02095	0.28733	0.01498	0.01405	0.01006	0.00622	0.00514	0.00156	0.00522	0.00480	0.00554	0.00873
132	0.01270	0.01219	0.02083	0.03149	0.78767	0.01219	0.01575	0.01575	0.01168	0.01676	0.00965	0.01270	0.00813	0.00457	0.00508	0.00152	0.00610	0.00457	0.00254	0.00813
133	0.01057	0.04313	0.69803	0.01548	0.04389	0.01219	0.07378	0.01623	0.01094	0.01618	0.00926	0.01105	0.00664	0.00482	0.00493	0.00162	0.00757	0.00396	0.00221	0.00753
134	0.02281	0.00907	0.01212	0.00929	0.01327	0.00804	0.00767	0.06942	0.01525	0.74602	0.01977	0.01716	0.01246	0.00634	0.00516	0.00158	0.00444	0.00513	0.00628	0.00873
135	0.02302	0.00873	0.01191	0.00913	0.01310	0.00754	0.00754	0.02501	0.01469	0.79122	0.02024	0.01746	0.01270	0.00635	0.00516	0.00159	0.00437	0.00516	0.00635	0.00873
136	0.01287	0.62455	0.21762	0.01023	0.01542	0.01822	0.01131	0.01558	0.01053	0.01311	0.00765	0.00888	0.00656	0.00451	0.00369	0.00123	0.00601	0.00300	0.00219	0.00683
137	0.01184	0.06216	0.45750	0.01528	0.06324	0.02834	0.07509	0.01614	0.01076	0.06151	0.00944	0.01147	0.00711	0.00557	0.00692	0.00170	0.14207	0.00415	0.00249	0.00722
138	0.00625	0.00447	0.00595	0.00714	0.00744	0.00417	0.00476	0.00714	0.00982	0.01310	0.02828	0.81633	0.03394	0.01608	0.00655	0.00208	0.00298	0.01459	0.00476	0.00417
139	0.01070	0.02597	0.76814	0.01445	0.02192	0.01178	0.01859	0.01653	0.01096	0.04100	0.00956	0.01104	0.00670	0.00492	0.00488	0.00162	0.00748	0.00384	0.00230	0.00762
140	0.01959	0.03330	0.15445	0.01084	0.01547	0.03212	0.01021	0.19329	0.01604	0.43776	0.01579	0.01464	0.01036	0.00596	0.00504	0.00156	0.00540	0.00468	0.00511	0.00840
141	0.00621	0.00463	0.00578	0.00671	0.00733	0.00420	0.00457	0.00719	0.01025	0.01327	0.03362	0.64341	0.20340	0.01538	0.00644	0.00200	0.00289	0.01374	0.00476	0.00420
142	0.00969	0.00912	0.01539	0.80734	0.03534	0.01140	0.01425	0.01311	0.01026	0.01311	0.00912	0.01368	0.00684	0.00513	0.00513	0.00171	0.00684	0.00456	0.00228	0.00570
143	0.85592	0.00992	0.00754	0.00675	0.00992	0.01151	0.00556	0.01508	0.00873	0.02302	0.00714	0.00834	0.00556	0.00476	0.00318	0.00159	0.00397	0.00278	0.00318	0.00556
144	0.01408	0.72935	0.05032	0.00931	0.01369	0.06924	0.00920	0.03203	0.01100	0.01267	0.00736	0.00847	0.00663	0.00450	0.00347	0.00114	0.00580	0.00285	0.00229	0.00662

[dist]
# distance from previous block
# <min> <max>
0	1

# created by:
# /st0/software/busco_prod/Augustus/scripts/msa2prfl.pl ./align_prep/59380.fa
