[name]
unknown

[dist]
# distance from previous block
# <min> <max>
0	95

[block]
# block no. 0 follows, 52 sequences, length 6
# corresponding to MSA columns:
# 117-122
name=unknown_A
#
# <colnr> <probs for GDERKNQSTAVLIFYWHMCP>
#	G	D	E	R	K	N	Q	S	T	A	V	L	I	F	Y	W	H	M	C	P
0	0.01104	0.00692	0.00940	0.14150	0.01366	0.00676	0.00725	0.01346	0.04277	0.18446	0.05934	0.11008	0.06365	0.06874	0.00673	0.00186	0.00421	0.14174	0.00419	0.10224
1	0.12835	0.00901	0.01208	0.27859	0.05641	0.01019	0.02796	0.08644	0.07514	0.04134	0.10622	0.01709	0.05689	0.00617	0.00523	0.00156	0.04172	0.00505	0.00342	0.03112
2	0.00874	0.00817	0.01387	0.54653	0.02629	0.00967	0.07466	0.01144	0.00964	0.01260	0.01234	0.18082	0.01181	0.00709	0.00572	0.00171	0.04468	0.00638	0.00266	0.00518
3	0.00951	0.00574	0.00860	0.04545	0.00951	0.00580	0.05522	0.05272	0.00851	0.04359	0.01134	0.07719	0.01099	0.06839	0.01472	0.51576	0.00446	0.00528	0.04377	0.00346
4	0.04968	0.01641	0.01246	0.05702	0.04014	0.44798	0.00867	0.05514	0.01300	0.13179	0.01141	0.01297	0.03250	0.03820	0.05026	0.00184	0.00735	0.00402	0.00322	0.00596
5	0.00880	0.00788	0.01159	0.14161	0.25068	0.00805	0.00914	0.01186	0.06811	0.01491	0.09361	0.06297	0.25169	0.00823	0.00530	0.00160	0.00425	0.03043	0.00360	0.00569

[dist]
# distance from previous block
# <min> <max>
5	8

[block]
# block no. 1 follows, 52 sequences, length 7
# corresponding to MSA columns:
# 131-137
name=unknown_B
#
# <colnr> <probs for GDERKNQSTAVLIFYWHMCP>
#	G	D	E	R	K	N	Q	S	T	A	V	L	I	F	Y	W	H	M	C	P
0	0.10148	0.00790	0.00858	0.00753	0.00987	0.00821	0.00591	0.11580	0.16081	0.11061	0.16160	0.06253	0.14838	0.00808	0.00494	0.00155	0.00340	0.00667	0.06013	0.00603
1	0.03400	0.00699	0.00830	0.00719	0.00944	0.00670	0.00560	0.08358	0.05915	0.23880	0.16054	0.08908	0.16924	0.04126	0.00594	0.00168	0.00337	0.00727	0.05595	0.00593
2	0.06823	0.00741	0.00872	0.00777	0.00982	0.00746	0.00595	0.14755	0.04916	0.16669	0.16733	0.24516	0.04235	0.03637	0.00594	0.00174	0.00356	0.00808	0.00487	0.00585
3	0.00623	0.00471	0.00573	0.00626	0.00712	0.00423	0.00438	0.00730	0.00990	0.01292	0.06524	0.46943	0.22959	0.06640	0.00715	0.00200	0.00292	0.04384	0.00436	0.04028
4	0.07873	0.00551	0.00660	0.00662	0.00796	0.00522	0.00496	0.01005	0.01078	0.10273	0.15510	0.26596	0.16080	0.06971	0.00699	0.00197	0.00319	0.08793	0.00457	0.00464
5	0.00724	0.00479	0.00610	0.00639	0.00729	0.00437	0.00451	0.00852	0.01083	0.06713	0.22107	0.43048	0.13810	0.05147	0.00679	0.00191	0.00281	0.01112	0.00473	0.00436
6	0.00682	0.00509	0.00756	0.00768	0.00849	0.00584	0.00590	0.00846	0.00794	0.01137	0.01440	0.10267	0.01418	0.03415	0.72719	0.00719	0.01193	0.00608	0.00279	0.00429

[dist]
# distance from previous block
# <min> <max>
0	1

[block]
# block no. 2 follows, 52 sequences, length 85
# corresponding to MSA columns:
# 139-223
name=unknown_C
#
# <colnr> <probs for GDERKNQSTAVLIFYWHMCP>
#	G	D	E	R	K	N	Q	S	T	A	V	L	I	F	Y	W	H	M	C	P
0	0.00742	0.00489	0.00638	0.00650	0.00714	0.00487	0.00456	0.00829	0.00904	0.04274	0.11208	0.18446	0.06085	0.25616	0.16273	0.06094	0.00542	0.04798	0.00368	0.00387
1	0.00656	0.00476	0.00573	0.00581	0.00658	0.00443	0.00399	0.00775	0.01053	0.01412	0.29101	0.17280	0.17390	0.24317	0.01118	0.00253	0.00313	0.02377	0.00434	0.00391
2	0.00723	0.00528	0.00564	0.00602	0.00648	0.03796	0.00390	0.00796	0.00883	0.01194	0.02173	0.32903	0.07780	0.33031	0.01293	0.00287	0.00370	0.00933	0.10737	0.00370
3	0.01724	0.01146	0.01269	0.00996	0.01329	0.01233	0.00803	0.52285	0.06368	0.15350	0.01376	0.01520	0.01035	0.10438	0.00723	0.00186	0.00497	0.00483	0.00481	0.00758
4	0.07864	0.01294	0.01344	0.07438	0.01567	0.08030	0.00898	0.48833	0.04221	0.11950	0.01184	0.01200	0.00837	0.00562	0.00468	0.00146	0.00540	0.00422	0.00444	0.00756
5	0.44291	0.00994	0.01039	0.18942	0.01594	0.01144	0.00790	0.16235	0.03425	0.02091	0.00868	0.01048	0.00664	0.01814	0.00419	0.00155	0.00467	0.00350	0.00322	0.03346
6	0.00777	0.00622	0.00893	0.07840	0.01138	0.00708	0.00689	0.01034	0.05323	0.01226	0.01245	0.01747	0.01121	0.02839	0.60503	0.00615	0.03257	0.00491	0.00270	0.07662
7	0.01155	0.01243	0.03401	0.17601	0.02259	0.06577	0.34178	0.05860	0.01096	0.01462	0.00882	0.01219	0.00700	0.00589	0.02108	0.00180	0.18157	0.00482	0.00246	0.00605
8	0.01248	0.03359	0.12015	0.03112	0.37799	0.04947	0.01258	0.08722	0.15724	0.01759	0.01110	0.01254	0.00871	0.00492	0.00469	0.00144	0.00559	0.00428	0.00306	0.04423
9	0.00708	0.00533	0.00769	0.00761	0.00832	0.00620	0.00578	0.00853	0.00767	0.01099	0.01306	0.02057	0.01270	0.15178	0.66419	0.00711	0.04317	0.00543	0.00263	0.00416
10	0.01088	0.01779	0.33773	0.04791	0.04114	0.03980	0.32742	0.01557	0.03753	0.01515	0.00935	0.01177	0.00700	0.00470	0.00574	0.00160	0.05526	0.00458	0.00234	0.00670
11	0.00761	0.00597	0.00647	0.00613	0.00790	0.00563	0.00468	0.08377	0.03702	0.03102	0.03919	0.09548	0.55708	0.01359	0.07421	0.00216	0.00374	0.00922	0.00442	0.00471
12	0.06967	0.27031	0.26210	0.01175	0.01677	0.01458	0.09305	0.17646	0.01275	0.01776	0.00869	0.00991	0.00667	0.00466	0.00420	0.00137	0.00604	0.00360	0.00275	0.00690
13	0.37815	0.01070	0.08053	0.03068	0.01214	0.01055	0.00743	0.01816	0.25177	0.07937	0.04049	0.01427	0.03581	0.00571	0.00412	0.00156	0.00409	0.00427	0.00385	0.00634
14	0.00738	0.00599	0.00668	0.00640	0.00806	0.00582	0.00490	0.01135	0.15958	0.01655	0.28285	0.03821	0.37498	0.01048	0.00561	0.00163	0.00275	0.04099	0.00485	0.00494
15	0.00577	0.00486	0.00501	0.00508	0.00660	0.00409	0.00377	0.00700	0.01099	0.01323	0.06975	0.10526	0.71718	0.01242	0.00576	0.00166	0.00248	0.01045	0.00452	0.00409
16	0.07907	0.04237	0.04242	0.07212	0.29684	0.01000	0.01036	0.02656	0.01028	0.04610	0.00941	0.01191	0.00777	0.00774	0.08777	0.00196	0.03218	0.00387	0.00270	0.19858
17	0.05387	0.02887	0.01451	0.18013	0.07330	0.41769	0.01969	0.03364	0.01182	0.01314	0.00778	0.01012	0.00641	0.00530	0.00582	0.00146	0.10466	0.00361	0.00244	0.00574
18	0.01322	0.00944	0.01058	0.00910	0.01182	0.01026	0.00718	0.12769	0.41826	0.12942	0.17685	0.02065	0.01980	0.00707	0.00507	0.00157	0.00377	0.00591	0.00515	0.00720
19	0.01161	0.01193	0.04529	0.09154	0.60004	0.01155	0.12684	0.01478	0.01096	0.01549	0.00916	0.01217	0.00748	0.00434	0.00493	0.00148	0.00621	0.00450	0.00238	0.00731
20	0.01005	0.00861	0.01005	0.00718	0.01148	0.00646	0.00574	0.01220	0.01005	0.01579	0.00861	0.01005	0.00718	0.00359	0.00359	0.00072	0.00359	0.00287	0.00287	0.85932
21	0.00922	0.02158	0.66624	0.01247	0.01859	0.01010	0.01559	0.01427	0.01084	0.01606	0.14533	0.01473	0.01300	0.00552	0.00480	0.00153	0.00632	0.00448	0.00262	0.00671
22	0.01234	0.34551	0.10460	0.02318	0.16431	0.01364	0.02768	0.01579	0.07664	0.07509	0.08667	0.01335	0.01154	0.00515	0.00422	0.00132	0.00511	0.00414	0.00300	0.00671
23	0.00777	0.00515	0.00677	0.00625	0.00755	0.00473	0.00473	0.01003	0.01373	0.06721	0.74947	0.03500	0.04367	0.00967	0.00566	0.00152	0.00240	0.00853	0.00538	0.00480
24	0.00842	0.00421	0.00631	0.00631	0.00631	0.00421	0.00421	0.00631	0.00631	0.00842	0.00842	0.01473	0.00842	0.01684	0.01894	0.85901	0.00421	0.00421	0.00210	0.00210
25	0.01105	0.07089	0.65180	0.01332	0.01967	0.12113	0.01619	0.01585	0.01069	0.01464	0.00842	0.00989	0.00616	0.00463	0.00449	0.00147	0.00726	0.00346	0.00211	0.00690
26	0.00708	0.00518	0.00712	0.00705	0.00759	0.00584	0.00509	0.00818	0.00752	0.01061	0.01359	0.02326	0.01388	0.31566	0.50883	0.00652	0.03460	0.00582	0.00270	0.00387
27	0.00682	0.00496	0.00645	0.00631	0.00743	0.00459	0.00479	0.00896	0.01310	0.01827	0.64701	0.08344	0.08466	0.01063	0.00583	0.00162	0.00251	0.07295	0.00517	0.00450
28	0.02146	0.00870	0.01152	0.00883	0.01259	0.00779	0.00730	0.08757	0.01462	0.73780	0.01849	0.01609	0.01168	0.00598	0.00487	0.00150	0.00423	0.00483	0.00590	0.00825
29	0.01296	0.83261	0.02539	0.00829	0.01244	0.01917	0.00829	0.01451	0.00985	0.01140	0.00674	0.00777	0.00622	0.00415	0.00311	0.00104	0.00518	0.00259	0.00207	0.00622
30	0.00705	0.00470	0.00529	0.00529	0.00529	0.00470	0.00294	0.00705	0.00705	0.00940	0.01527	0.03171	0.01762	0.82969	0.02467	0.00470	0.00470	0.00705	0.00294	0.00294
31	0.01768	0.01588	0.01433	0.04524	0.01570	0.23333	0.00948	0.51469	0.01922	0.02400	0.01019	0.01086	0.00755	0.00564	0.00510	0.00143	0.03438	0.00402	0.00400	0.00730
32	0.01151	0.01113	0.01901	0.13405	0.62555	0.01163	0.04058	0.01438	0.01066	0.01512	0.00891	0.01208	0.00743	0.00462	0.00547	0.00151	0.05246	0.00436	0.00235	0.00719
33	0.00787	0.00572	0.00780	0.00879	0.00998	0.00574	0.00763	0.01046	0.03839	0.01464	0.02645	0.05304	0.06011	0.01310	0.00659	0.00219	0.00436	0.70812	0.00448	0.00456
34	0.01039	0.00987	0.01677	0.47557	0.36620	0.01109	0.01407	0.01346	0.01027	0.01388	0.00883	0.01252	0.00699	0.00462	0.00482	0.00154	0.00615	0.00431	0.00226	0.00638
35	0.01015	0.00857	0.03145	0.07062	0.14803	0.00855	0.03129	0.08934	0.12002	0.04373	0.01926	0.31845	0.03939	0.00940	0.00545	0.00172	0.00433	0.03032	0.00399	0.00596
36	0.00590	0.00422	0.00562	0.00675	0.00703	0.00394	0.00450	0.00675	0.00928	0.01237	0.02671	0.82653	0.03205	0.01518	0.00619	0.00197	0.00281	0.01378	0.00450	0.00394
37	0.01810	0.02310	0.01373	0.01248	0.01498	0.81024	0.00936	0.01935	0.01373	0.01186	0.00749	0.00874	0.00624	0.00499	0.00437	0.00125	0.00874	0.00312	0.00250	0.00562
38	0.01005	0.00861	0.01005	0.00718	0.01148	0.00646	0.00574	0.01220	0.01005	0.01579	0.00861	0.01005	0.00718	0.00359	0.00359	0.00072	0.00359	0.00287	0.00287	0.85932
39	0.01307	0.01091	0.01153	0.01007	0.01299	0.01253	0.00792	0.14648	0.66832	0.02191	0.01843	0.01705	0.01375	0.00645	0.00492	0.00161	0.00407	0.00530	0.00492	0.00776
40	0.00586	0.00491	0.00510	0.00505	0.00663	0.00415	0.00379	0.00722	0.01136	0.01385	0.13818	0.04539	0.70794	0.01199	0.00573	0.00162	0.00243	0.01005	0.00460	0.00415
41	0.00610	0.00462	0.00587	0.00660	0.00718	0.00439	0.00460	0.00710	0.00976	0.01281	0.06240	0.60635	0.17773	0.01415	0.00642	0.00190	0.03082	0.02271	0.00445	0.00405
42	0.01600	0.27530	0.06869	0.01105	0.01458	0.38461	0.00956	0.13873	0.01372	0.01490	0.00799	0.00899	0.00655	0.00483	0.00407	0.00123	0.00698	0.00318	0.00271	0.00632
43	0.00705	0.00470	0.00529	0.00529	0.00529	0.00470	0.00294	0.00705	0.00705	0.00940	0.01527	0.03171	0.01762	0.82969	0.02467	0.00470	0.00470	0.00705	0.00294	0.00294
44	0.01188	0.01203	0.01718	0.22092	0.47971	0.11318	0.01348	0.01459	0.01092	0.01430	0.00893	0.01208	0.00737	0.00578	0.03607	0.00170	0.00659	0.00420	0.00236	0.00672
45	0.00594	0.00492	0.00520	0.00513	0.00667	0.00418	0.00385	0.00736	0.01154	0.01426	0.18725	0.04471	0.65861	0.01184	0.00573	0.00162	0.00242	0.00996	0.00465	0.00418
46	0.00639	0.00487	0.00594	0.00656	0.00736	0.00461	0.00458	0.00837	0.06724	0.01365	0.09101	0.55167	0.18264	0.01356	0.00597	0.00184	0.00278	0.01208	0.00460	0.00429
47	0.05568	0.02357	0.01290	0.01027	0.03875	0.02542	0.00817	0.32150	0.01698	0.41374	0.01492	0.01379	0.00990	0.00576	0.00474	0.00147	0.00474	0.00449	0.00518	0.00802
48	0.01246	0.70993	0.14376	0.00913	0.01373	0.01797	0.00975	0.01464	0.00991	0.01200	0.00703	0.00815	0.00621	0.00422	0.00334	0.00111	0.00548	0.00274	0.00207	0.00636
49	0.05136	0.01184	0.03016	0.01266	0.01484	0.01396	0.10278	0.22030	0.07007	0.03627	0.00952	0.01173	0.00768	0.00679	0.00987	0.00180	0.37417	0.00447	0.00322	0.00651
50	0.86392	0.00937	0.00712	0.00637	0.00937	0.01087	0.00525	0.01425	0.00825	0.02174	0.00675	0.00787	0.00525	0.00450	0.00300	0.00150	0.00375	0.00262	0.00300	0.00525
51	0.01323	0.01494	0.01391	0.01227	0.01333	0.31050	0.00979	0.01477	0.03291	0.01197	0.00755	0.01061	0.00689	0.00872	0.05664	0.00211	0.44814	0.00391	0.00237	0.00543
52	0.01415	0.00880	0.00968	0.05423	0.01169	0.07945	0.00650	0.03094	0.10168	0.29543	0.04394	0.03694	0.07599	0.17338	0.00892	0.00214	0.00455	0.00584	0.00444	0.03130
53	0.01095	0.07154	0.23427	0.01271	0.01512	0.05955	0.01240	0.01332	0.00873	0.01268	0.00710	0.01020	0.00628	0.00691	0.01124	0.00183	0.49330	0.00388	0.00212	0.00590
54	0.01253	0.59256	0.02227	0.00958	0.01260	0.04528	0.00893	0.01394	0.00935	0.01148	0.00667	0.00854	0.00626	0.00529	0.00646	0.00132	0.21586	0.00304	0.00210	0.00596
55	0.00836	0.00423	0.00627	0.00627	0.00627	0.00423	0.00415	0.00635	0.00635	0.00846	0.00872	0.01549	0.00883	0.05324	0.01920	0.82074	0.00423	0.00434	0.00214	0.00214
56	0.01038	0.00992	0.01693	0.47173	0.33082	0.01113	0.03872	0.01368	0.02366	0.01396	0.00904	0.01265	0.00710	0.00464	0.00486	0.00155	0.00620	0.00438	0.00231	0.00635
57	0.00692	0.00519	0.00779	0.00779	0.00865	0.00606	0.00606	0.00865	0.00779	0.01125	0.01298	0.01904	0.01211	0.03634	0.81049	0.00779	0.01298	0.00519	0.00260	0.00433
58	0.01347	0.01114	0.01199	0.01068	0.03405	0.01270	0.00820	0.19390	0.59924	0.02244	0.01764	0.01649	0.01315	0.00635	0.00491	0.00160	0.00422	0.00520	0.00485	0.00780
59	0.00686	0.00495	0.00648	0.00610	0.00724	0.00457	0.00457	0.00914	0.01372	0.01943	0.79691	0.03620	0.04572	0.00991	0.00572	0.00152	0.00229	0.00876	0.00533	0.00457
60	0.01071	0.02072	0.57251	0.05055	0.02043	0.01106	0.08024	0.05926	0.02466	0.04691	0.03696	0.01270	0.00848	0.00506	0.00481	0.00155	0.00672	0.01705	0.00260	0.00701
61	0.00692	0.00519	0.00779	0.00779	0.00865	0.00606	0.00606	0.00865	0.00779	0.01125	0.01298	0.01904	0.01211	0.03634	0.81049	0.00779	0.01298	0.00519	0.00260	0.00433
62	0.01117	0.09963	0.09377	0.01022	0.04294	0.02258	0.00845	0.04552	0.39849	0.01696	0.01697	0.08516	0.04015	0.00777	0.00600	0.07376	0.00442	0.00562	0.00390	0.00654
63	0.00972	0.02507	0.80458	0.01381	0.02097	0.01125	0.01790	0.01535	0.01023	0.01535	0.00870	0.01023	0.00614	0.00460	0.00460	0.00153	0.00716	0.00358	0.00205	0.00716
64	0.01031	0.00968	0.01586	0.52630	0.22584	0.01143	0.01345	0.03942	0.01030	0.01383	0.00867	0.01246	0.00682	0.00503	0.00571	0.00160	0.07063	0.00431	0.00231	0.00606
65	0.00629	0.00460	0.00597	0.00695	0.00745	0.00440	0.00483	0.00779	0.04267	0.01288	0.02727	0.70620	0.06297	0.01457	0.00615	0.00196	0.00295	0.06544	0.00451	0.00414
66	0.01805	0.01303	0.01387	0.01077	0.01443	0.03334	0.00881	0.66255	0.04474	0.08197	0.01242	0.01279	0.00898	0.03462	0.00553	0.00157	0.00526	0.00450	0.00481	0.00798
67	0.03964	0.01019	0.01409	0.01216	0.01233	0.01410	0.01010	0.01154	0.00748	0.01198	0.00683	0.01109	0.00672	0.01027	0.07049	0.00249	0.73682	0.00425	0.00218	0.00523
68	0.00842	0.00421	0.00631	0.00631	0.00631	0.00421	0.00421	0.00631	0.00631	0.00842	0.00842	0.01473	0.00842	0.01684	0.01894	0.85901	0.00421	0.00421	0.00210	0.00210
69	0.01005	0.00861	0.01005	0.00718	0.01148	0.00646	0.00574	0.01220	0.01005	0.01579	0.00861	0.01005	0.00718	0.00359	0.00359	0.00072	0.00359	0.00287	0.00287	0.85932
70	0.00852	0.00754	0.01085	0.00993	0.01042	0.00987	0.00803	0.00996	0.00763	0.01143	0.01011	0.01538	0.00962	0.02427	0.46602	0.00533	0.36319	0.00478	0.00239	0.00475
71	0.00941	0.00595	0.00751	0.00717	0.00791	0.00634	0.00504	0.04999	0.15722	0.01210	0.01216	0.03181	0.01146	0.11106	0.01580	0.52031	0.00423	0.01790	0.00297	0.00365
72	0.00768	0.00622	0.00912	0.01033	0.11908	0.00617	0.04462	0.00892	0.00924	0.01261	0.07229	0.25985	0.06161	0.25553	0.05757	0.00296	0.02873	0.00861	0.00349	0.01537
73	0.01813	0.02229	0.01380	0.01237	0.01499	0.74329	0.00935	0.08367	0.01449	0.01343	0.00784	0.00898	0.00641	0.00506	0.00441	0.00127	0.00845	0.00323	0.00269	0.00584
74	0.02999	0.01050	0.05861	0.04671	0.12638	0.01071	0.05369	0.01817	0.34842	0.01767	0.10894	0.04229	0.03670	0.00681	0.00580	0.00163	0.06058	0.00578	0.00393	0.00669
75	0.14612	0.00868	0.01048	0.00826	0.01179	0.02790	0.00678	0.02155	0.01293	0.63974	0.01802	0.01605	0.03781	0.00597	0.00461	0.00150	0.00413	0.00468	0.00541	0.00759
76	0.00952	0.03729	0.04082	0.03984	0.06882	0.03618	0.00734	0.01558	0.28208	0.01663	0.13835	0.07583	0.19527	0.00844	0.00520	0.00159	0.00382	0.00717	0.00428	0.00595
77	0.40396	0.00876	0.00937	0.00760	0.01101	0.00882	0.00627	0.01936	0.01132	0.44833	0.01350	0.01258	0.00893	0.00532	0.00402	0.00150	0.00395	0.00385	0.00464	0.00689
78	0.01250	0.12974	0.04584	0.03560	0.15460	0.15325	0.08161	0.01448	0.01003	0.01290	0.00755	0.01039	0.00664	0.00590	0.00852	0.00162	0.29656	0.00394	0.00226	0.00609
79	0.00687	0.00506	0.00700	0.00700	0.00771	0.00560	0.00515	0.00816	0.00783	0.01094	0.01599	0.02394	0.06713	0.22322	0.56871	0.00663	0.01029	0.00598	0.00281	0.00398
80	0.01035	0.00818	0.00992	0.00921	0.04545	0.00878	0.00700	0.20915	0.01443	0.01951	0.24942	0.02928	0.18716	0.00919	0.00674	0.00165	0.10127	0.06321	0.00445	0.00564
81	0.00686	0.00495	0.00648	0.00610	0.00724	0.00457	0.00457	0.00914	0.01372	0.01943	0.79691	0.03620	0.04572	0.00991	0.00572	0.00152	0.00229	0.00876	0.00533	0.00457
82	0.01050	0.00943	0.01302	0.26603	0.14246	0.01081	0.01038	0.01760	0.31736	0.01648	0.06033	0.01801	0.03982	0.00624	0.00527	0.00162	0.02551	0.01900	0.00359	0.00653
83	0.01199	0.01151	0.01967	0.02974	0.79946	0.01151	0.01487	0.01487	0.01103	0.01583	0.00912	0.01199	0.00768	0.00432	0.00480	0.00144	0.00576	0.00432	0.00240	0.00768
84	0.01076	0.00838	0.00951	0.02137	0.01096	0.00910	0.00667	0.18277	0.25703	0.01990	0.13952	0.26148	0.02316	0.00947	0.00541	0.00168	0.00366	0.00821	0.00480	0.00616

[dist]
# distance from previous block
# <min> <max>
0	1

[block]
# block no. 3 follows, 52 sequences, length 18
# corresponding to MSA columns:
# 225-242
name=unknown_D
#
# <colnr> <probs for GDERKNQSTAVLIFYWHMCP>
#	G	D	E	R	K	N	Q	S	T	A	V	L	I	F	Y	W	H	M	C	P
0	0.00960	0.00805	0.00918	0.00694	0.01052	0.00647	0.00544	0.04349	0.02809	0.01571	0.01562	0.01723	0.12980	0.05462	0.00526	0.00115	0.00356	0.00438	0.00325	0.62163
1	0.33402	0.08439	0.16550	0.10076	0.05111	0.04858	0.09845	0.01460	0.00964	0.01687	0.00780	0.00977	0.00606	0.00461	0.00436	0.00150	0.03000	0.00349	0.00251	0.00598
2	0.01209	0.13769	0.09577	0.01007	0.06251	0.05806	0.00837	0.13048	0.01384	0.08640	0.26950	0.02099	0.06049	0.00697	0.00485	0.00142	0.00448	0.00571	0.00407	0.00621
3	0.06274	0.05607	0.18918	0.13854	0.10657	0.04072	0.08011	0.07436	0.10845	0.01650	0.00998	0.01189	0.00768	0.00520	0.00554	0.00156	0.07126	0.00419	0.00279	0.00667
4	0.21968	0.07916	0.01239	0.05917	0.13378	0.00966	0.00771	0.01332	0.00972	0.01668	0.00807	0.00979	0.00666	0.00405	0.00367	0.00110	0.00427	0.00310	0.00272	0.39532
5	0.21838	0.00940	0.07605	0.00940	0.02785	0.00824	0.09680	0.01233	0.01018	0.03191	0.14895	0.03244	0.02948	0.01056	0.12862	0.00238	0.00569	0.00501	0.00329	0.13303
6	0.04692	0.00955	0.07416	0.01058	0.03456	0.00869	0.09235	0.01552	0.10604	0.17496	0.15723	0.11920	0.03634	0.00785	0.00624	0.00166	0.08101	0.00669	0.00424	0.00620
7	0.00718	0.00530	0.00783	0.00777	0.00848	0.00618	0.00596	0.00848	0.00767	0.01101	0.01282	0.04450	0.01236	0.05646	0.66032	0.07869	0.04687	0.00540	0.00261	0.00413
8	0.07476	0.00990	0.01102	0.00918	0.01207	0.01057	0.00732	0.32094	0.12878	0.15208	0.07057	0.14038	0.01587	0.00759	0.00500	0.00158	0.00421	0.00624	0.00490	0.00703
9	0.00627	0.00493	0.00566	0.00548	0.00688	0.00432	0.00411	0.00800	0.01232	0.01612	0.40673	0.04165	0.43796	0.01114	0.00572	0.00158	0.00237	0.00953	0.00490	0.00432
10	0.01362	0.04155	0.26202	0.03079	0.17154	0.01112	0.12911	0.06293	0.01202	0.18383	0.01123	0.01240	0.00801	0.00491	0.00508	0.00152	0.02341	0.00436	0.00319	0.00736
11	0.01842	0.01357	0.01454	0.01115	0.01503	0.01503	0.00921	0.78330	0.02278	0.03054	0.01163	0.01163	0.00824	0.00582	0.00485	0.00145	0.00533	0.00436	0.00485	0.00824
12	0.01138	0.01046	0.01432	0.05949	0.10804	0.02898	0.12184	0.03784	0.40367	0.01833	0.09298	0.04233	0.01562	0.00638	0.00513	0.00160	0.00481	0.00581	0.00408	0.00692
13	0.01060	0.01060	0.01484	0.01272	0.01272	0.01484	0.01060	0.01166	0.00742	0.01166	0.00636	0.01060	0.00636	0.00848	0.01590	0.00212	0.82082	0.00424	0.00212	0.00530
14	0.01061	0.01519	0.27061	0.24495	0.19945	0.01142	0.08091	0.03866	0.05290	0.01537	0.00955	0.01210	0.00721	0.00471	0.00484	0.00155	0.00650	0.00426	0.00243	0.00678
15	0.01241	0.01058	0.01116	0.00993	0.01274	0.01222	0.00776	0.06765	0.74823	0.02084	0.01928	0.01772	0.01443	0.00653	0.00493	0.00163	0.00392	0.00542	0.00493	0.00770
16	0.00903	0.00452	0.00452	0.00452	0.00565	0.00452	0.00339	0.01129	0.01016	0.01807	0.01581	0.01807	0.01242	0.00565	0.00339	0.00113	0.00226	0.00452	0.85659	0.00452
17	0.00705	0.00470	0.00529	0.00529	0.00529	0.00470	0.00294	0.00705	0.00705	0.00940	0.01527	0.03171	0.01762	0.82969	0.02467	0.00470	0.00470	0.00705	0.00294	0.00294

[dist]
# distance from previous block
# <min> <max>
0	1

[block]
# block no. 4 follows, 52 sequences, length 18
# corresponding to MSA columns:
# 244-248,251-263
name=unknown_E
#
# <colnr> <probs for GDERKNQSTAVLIFYWHMCP>
#	G	D	E	R	K	N	Q	S	T	A	V	L	I	F	Y	W	H	M	C	P
0	0.08487	0.00871	0.01199	0.02595	0.24933	0.00902	0.00877	0.09520	0.04370	0.08185	0.01458	0.12553	0.01387	0.10503	0.06039	0.00237	0.00523	0.04393	0.00357	0.00611
1	0.76703	0.01017	0.04074	0.03212	0.01083	0.01106	0.00619	0.04595	0.00897	0.02155	0.00709	0.00828	0.00545	0.00457	0.00320	0.00150	0.00404	0.00279	0.00301	0.00546
2	0.00692	0.00497	0.00622	0.00667	0.00720	0.00492	0.00456	0.00824	0.03899	0.02764	0.06803	0.46936	0.08273	0.18624	0.01031	0.00249	0.03184	0.02445	0.00418	0.00405
3	0.00696	0.00505	0.00709	0.00709	0.00771	0.00568	0.00519	0.00820	0.00758	0.01073	0.01362	0.02258	0.01365	0.25809	0.59085	0.00692	0.01067	0.00571	0.00269	0.00394
4	0.00903	0.00452	0.00452	0.00452	0.00565	0.00452	0.00339	0.01129	0.01016	0.01807	0.01581	0.01807	0.01242	0.00565	0.00339	0.00113	0.00226	0.00452	0.85659	0.00452
5	0.00627	0.00455	0.00600	0.00675	0.00735	0.00418	0.00467	0.00741	0.00998	0.01355	0.13110	0.65867	0.03272	0.01391	0.00603	0.00186	0.00283	0.03708	0.00454	0.04056
6	0.01156	0.01242	0.01626	0.12327	0.11931	0.15727	0.13711	0.01401	0.02885	0.01328	0.01187	0.03070	0.06608	0.00729	0.03155	0.00184	0.20395	0.00499	0.00259	0.00579
7	0.01896	0.01198	0.01347	0.01040	0.01418	0.01275	0.00857	0.53868	0.06254	0.23640	0.01408	0.01329	0.00960	0.00591	0.00486	0.00148	0.00493	0.00456	0.00516	0.00821
8	0.00951	0.04766	0.17940	0.05682	0.15667	0.04223	0.01041	0.01306	0.07703	0.01414	0.01726	0.16113	0.09291	0.04021	0.03946	0.00198	0.02454	0.00656	0.00313	0.00589
9	0.38866	0.01173	0.01129	0.00906	0.01255	0.01321	0.00748	0.44654	0.01642	0.02669	0.00949	0.00999	0.00693	0.00524	0.00404	0.00147	0.00464	0.00360	0.00404	0.00693
10	0.01023	0.09078	0.67763	0.01295	0.01950	0.01181	0.01625	0.04611	0.01084	0.01579	0.03866	0.01107	0.00774	0.00482	0.00453	0.00149	0.00674	0.00373	0.00229	0.00703
11	0.00812	0.00496	0.00572	0.00553	0.00580	0.00488	0.00324	0.00826	0.00755	0.06746	0.01555	0.03060	0.01721	0.76941	0.02322	0.00446	0.00466	0.00689	0.00316	0.00333
12	0.01271	0.06079	0.04893	0.05567	0.25678	0.03270	0.06460	0.17097	0.13677	0.01875	0.02449	0.03863	0.04507	0.00576	0.00487	0.00150	0.00539	0.00505	0.00345	0.00712
13	0.00715	0.00482	0.00542	0.00553	0.00615	0.00465	0.00372	0.00799	0.00886	0.01211	0.04511	0.03532	0.16564	0.45103	0.01570	0.00328	0.00385	0.09080	0.11928	0.00358
14	0.01292	0.01013	0.01247	0.20870	0.03608	0.01135	0.00923	0.30328	0.13134	0.04116	0.04991	0.03239	0.08153	0.00749	0.02888	0.00174	0.00516	0.00544	0.00409	0.00672
15	0.04092	0.07525	0.03605	0.16364	0.02781	0.09985	0.00919	0.08365	0.01267	0.29494	0.01234	0.01291	0.00869	0.00612	0.02591	0.00159	0.02525	0.00412	0.00386	0.05525
16	0.01040	0.04340	0.05783	0.06879	0.05674	0.04069	0.02768	0.11271	0.02508	0.06262	0.05950	0.12936	0.23175	0.00900	0.00531	0.00161	0.00436	0.04352	0.00401	0.00565
17	0.22097	0.05018	0.01282	0.01134	0.05925	0.29925	0.00852	0.01641	0.01087	0.08200	0.00822	0.00971	0.00663	0.00542	0.00598	0.00146	0.14436	0.00338	0.00284	0.04039

[dist]
# distance from previous block
# <min> <max>
0	1

[block]
# block no. 5 follows, 52 sequences, length 41
# corresponding to MSA columns:
# 265-305
name=unknown_F
#
# <colnr> <probs for GDERKNQSTAVLIFYWHMCP>
#	G	D	E	R	K	N	Q	S	T	A	V	L	I	F	Y	W	H	M	C	P
0	0.22109	0.06893	0.17808	0.05031	0.03136	0.09149	0.06144	0.05700	0.03474	0.08061	0.00919	0.01055	0.00693	0.00512	0.00516	0.00152	0.07348	0.00369	0.00293	0.00637
1	0.06314	0.67571	0.02280	0.00875	0.01252	0.09688	0.00830	0.01488	0.01005	0.01206	0.00680	0.00797	0.00617	0.00440	0.00367	0.00112	0.03382	0.00270	0.00217	0.00607
2	0.01205	0.01041	0.01096	0.00986	0.01260	0.01205	0.00767	0.02575	0.79071	0.02027	0.01972	0.01808	0.01479	0.00657	0.00493	0.00164	0.00384	0.00548	0.00493	0.00767
3	0.00718	0.00557	0.00778	0.03575	0.00892	0.00638	0.00583	0.00839	0.00821	0.01151	0.04041	0.20924	0.01801	0.17129	0.33982	0.00484	0.09609	0.00751	0.00312	0.00413
4	0.01225	0.00561	0.00665	0.00587	0.00773	0.00525	0.00458	0.01441	0.01167	0.23547	0.12354	0.02011	0.01686	0.00633	0.00412	0.00129	0.00278	0.00520	0.50474	0.00556
5	0.01131	0.01490	0.22253	0.09350	0.01852	0.05836	0.12251	0.08220	0.16494	0.01695	0.04595	0.06051	0.01143	0.00610	0.00558	0.00161	0.04803	0.00522	0.00323	0.00660
6	0.00972	0.02507	0.80458	0.01381	0.02097	0.01125	0.01790	0.01535	0.01023	0.01535	0.00870	0.01023	0.00614	0.00460	0.00460	0.00153	0.00716	0.00358	0.00205	0.00716
7	0.01276	0.05162	0.01370	0.06537	0.14417	0.11435	0.00943	0.09564	0.30447	0.01784	0.04046	0.04218	0.02944	0.00627	0.00515	0.00153	0.02985	0.00511	0.00378	0.00687
8	0.00642	0.00494	0.00586	0.00563	0.00697	0.00438	0.00422	0.00829	0.01267	0.01695	0.50392	0.04029	0.34026	0.01083	0.00572	0.00157	0.00235	0.00934	0.00501	0.00438
9	0.01007	0.01055	0.04230	0.22340	0.13758	0.01091	0.24382	0.01305	0.01026	0.01408	0.04849	0.03207	0.02818	0.03231	0.02671	0.00190	0.10048	0.00536	0.00256	0.00591
10	0.00693	0.00516	0.00760	0.00760	0.00840	0.00596	0.00583	0.00853	0.00773	0.01111	0.01315	0.01998	0.01252	0.09538	0.75201	0.00756	0.01236	0.00533	0.00262	0.00422
11	0.01120	0.01485	0.15370	0.01865	0.02378	0.01208	0.60625	0.01617	0.06287	0.01581	0.01028	0.01294	0.00765	0.00433	0.00549	0.00162	0.00772	0.00536	0.00255	0.00671
12	0.00903	0.00452	0.00452	0.00452	0.00565	0.00452	0.00339	0.01129	0.01016	0.01807	0.01581	0.01807	0.01242	0.00565	0.00339	0.00113	0.00226	0.00452	0.85659	0.00452
13	0.01005	0.00861	0.01005	0.00718	0.01148	0.00646	0.00574	0.01220	0.01005	0.01579	0.00861	0.01005	0.00718	0.00359	0.00359	0.00072	0.00359	0.00287	0.00287	0.85932
14	0.00878	0.00706	0.00825	0.00659	0.00927	0.00570	0.00482	0.01018	0.00911	0.01362	0.01233	0.09807	0.01265	0.24057	0.00987	0.00198	0.00383	0.00516	0.00305	0.52911
15	0.00676	0.00458	0.00537	0.00565	0.00572	0.00451	0.00332	0.00697	0.00760	0.01013	0.01810	0.22817	0.02119	0.62837	0.02010	0.00402	0.00423	0.00871	0.00332	0.00318
16	0.00647	0.00450	0.00569	0.00642	0.00668	0.00434	0.00424	0.00714	0.00866	0.01151	0.02260	0.48123	0.02663	0.30085	0.01271	0.00295	0.00362	0.07619	0.00395	0.00363
17	0.73261	0.00974	0.02293	0.00700	0.01002	0.01086	0.00588	0.04426	0.00919	0.06036	0.02124	0.00906	0.00645	0.00484	0.00363	0.00152	0.02867	0.00298	0.00321	0.00554
18	0.13882	0.01045	0.01277	0.22525	0.01841	0.02666	0.04728	0.23426	0.10423	0.03485	0.01227	0.02911	0.02836	0.03095	0.00558	0.02090	0.00524	0.00467	0.00359	0.00635
19	0.01085	0.00577	0.00741	0.00694	0.00827	0.00544	0.00513	0.01201	0.01028	0.21608	0.08680	0.07476	0.03989	0.32904	0.03523	0.00306	0.00438	0.12956	0.00429	0.00481
20	0.00903	0.00452	0.00452	0.00452	0.00565	0.00452	0.00339	0.01129	0.01016	0.01807	0.01581	0.01807	0.01242	0.00565	0.00339	0.00113	0.00226	0.00452	0.85659	0.00452
21	0.00967	0.00919	0.01571	0.67033	0.15785	0.01092	0.03241	0.01286	0.00995	0.01302	0.00872	0.01277	0.00668	0.00474	0.00486	0.00159	0.00639	0.00434	0.00220	0.00578
22	0.01028	0.00926	0.01581	0.64038	0.10611	0.01085	0.06354	0.02675	0.01034	0.04718	0.00924	0.01297	0.00691	0.00481	0.00490	0.00159	0.00638	0.00443	0.00241	0.00585
23	0.00972	0.02507	0.80458	0.01381	0.02097	0.01125	0.01790	0.01535	0.01023	0.01535	0.00870	0.01023	0.00614	0.00460	0.00460	0.00153	0.00716	0.00358	0.00205	0.00716
24	0.00645	0.00467	0.00610	0.00631	0.00714	0.00431	0.00452	0.00815	0.01192	0.01650	0.47572	0.34174	0.06433	0.01202	0.00590	0.00170	0.00249	0.01075	0.00499	0.00431
25	0.00943	0.04056	0.64378	0.01291	0.01910	0.01056	0.04868	0.01438	0.01054	0.01535	0.05669	0.01486	0.05410	0.00551	0.00479	0.00155	0.00655	0.02147	0.00245	0.00673
26	0.00748	0.00574	0.00744	0.00712	0.00768	0.02536	0.02819	0.00837	0.00765	0.01045	0.01377	0.02493	0.01452	0.44248	0.34274	0.00572	0.02778	0.00609	0.00275	0.00373
27	0.01144	0.01307	0.02859	0.02042	0.02533	0.01225	0.78186	0.01552	0.01144	0.01552	0.00980	0.01307	0.00735	0.00408	0.00572	0.00163	0.00817	0.00572	0.00245	0.00654
28	0.00915	0.00861	0.01453	0.81804	0.03338	0.01077	0.01346	0.01238	0.00969	0.01238	0.00861	0.01292	0.00646	0.00484	0.00484	0.00161	0.00646	0.00431	0.00215	0.00538
29	0.01165	0.01246	0.03766	0.09796	0.29140	0.04626	0.29464	0.01555	0.06012	0.01521	0.00973	0.01259	0.00771	0.00474	0.00586	0.00158	0.06074	0.00483	0.00253	0.00678
30	0.01910	0.00987	0.06452	0.01097	0.08287	0.00828	0.00858	0.02251	0.09192	0.60163	0.01760	0.01584	0.01151	0.00581	0.00485	0.00151	0.00444	0.00480	0.00531	0.00807
31	0.00622	0.00493	0.00559	0.00543	0.00685	0.00430	0.00407	0.00791	0.01221	0.01586	0.37579	0.04208	0.46907	0.01124	0.00572	0.00159	0.00238	0.00959	0.00486	0.00430
32	0.00777	0.00570	0.00815	0.00899	0.01020	0.00564	0.02673	0.00997	0.01111	0.01441	0.02620	0.07460	0.05737	0.01316	0.00662	0.00219	0.00443	0.69786	0.00441	0.00448
33	0.04250	0.03373	0.09562	0.12871	0.03450	0.04579	0.01048	0.01259	0.00884	0.04444	0.00896	0.01266	0.00775	0.01270	0.17555	0.00303	0.30997	0.00425	0.00243	0.00552
34	0.01770	0.02233	0.01413	0.01363	0.06695	0.75732	0.00973	0.01905	0.01355	0.01212	0.00760	0.00895	0.00634	0.00495	0.00440	0.00126	0.00854	0.00320	0.00249	0.00575
35	0.00590	0.00422	0.00562	0.00675	0.00703	0.00394	0.00450	0.00675	0.00928	0.01237	0.02671	0.82653	0.03205	0.01518	0.00619	0.00197	0.00281	0.01378	0.00450	0.00394
36	0.01199	0.01123	0.03819	0.04690	0.13463	0.02627	0.04115	0.05422	0.48633	0.01884	0.01604	0.03449	0.01244	0.00601	0.00489	0.00156	0.00464	0.00520	0.00410	0.04088
37	0.01119	0.01127	0.06496	0.02601	0.03729	0.11149	0.08741	0.03786	0.04964	0.07174	0.07399	0.06227	0.12631	0.01021	0.07709	0.00217	0.12383	0.00610	0.00346	0.00570
38	0.00813	0.00854	0.04295	0.00993	0.01191	0.00850	0.13922	0.01002	0.01026	0.01346	0.05600	0.03000	0.40530	0.00953	0.00825	0.00175	0.21020	0.00763	0.00348	0.00495
39	0.00749	0.00505	0.00565	0.00552	0.00567	0.00510	0.00318	0.03755	0.00767	0.01023	0.01513	0.03092	0.01725	0.79732	0.02389	0.00457	0.00472	0.00694	0.00301	0.00314
40	0.10349	0.01545	0.09862	0.05335	0.20254	0.19160	0.04520	0.15478	0.01350	0.06275	0.00949	0.01093	0.00721	0.00490	0.00455	0.00144	0.00634	0.00390	0.00308	0.00688

[dist]
# distance from previous block
# <min> <max>
0	15

# created by:
# /st0/software/busco_prod/Augustus/scripts/msa2prfl.pl ./align_prep/59386.fa
