[name]
unknown

[dist]
# distance from previous block
# <min> <max>
4	269

[block]
# block no. 0 follows, 52 sequences, length 30
# corresponding to MSA columns:
# 271-300
name=unknown_A
#
# <colnr> <probs for GDERKNQSTAVLIFYWHMCP>
#	G	D	E	R	K	N	Q	S	T	A	V	L	I	F	Y	W	H	M	C	P
0	0.01273	0.63225	0.05829	0.00871	0.01259	0.10460	0.00844	0.01441	0.01040	0.01179	0.01069	0.01146	0.07684	0.00499	0.00355	0.00114	0.00542	0.00338	0.00234	0.00601
1	0.15564	0.01114	0.17247	0.00910	0.01160	0.00932	0.00870	0.01161	0.01030	0.01645	0.22780	0.02139	0.11234	0.00785	0.00735	0.00167	0.19073	0.00578	0.00342	0.00533
2	0.08890	0.75914	0.02376	0.00812	0.01216	0.01843	0.00802	0.01449	0.00970	0.01232	0.00674	0.00778	0.00613	0.00418	0.00310	0.00108	0.00505	0.00259	0.00216	0.00613
3	0.01469	0.01138	0.01345	0.01043	0.01397	0.01183	0.05940	0.47265	0.04238	0.02457	0.04680	0.08546	0.01196	0.00636	0.00485	0.00139	0.00482	0.00526	0.00434	0.15401
4	0.00830	0.00425	0.00622	0.00622	0.00622	0.00425	0.00410	0.00638	0.00638	0.00850	0.00903	0.01625	0.00924	0.08938	0.01945	0.78276	0.00425	0.00446	0.00218	0.00218
5	0.00999	0.19529	0.01207	0.00783	0.00989	0.00918	0.02390	0.10216	0.01200	0.05193	0.12809	0.33106	0.06813	0.00996	0.00516	0.00158	0.00374	0.00860	0.00412	0.00533
6	0.01112	0.00889	0.01003	0.12812	0.01409	0.03913	0.00748	0.04884	0.31488	0.08688	0.02442	0.07693	0.19285	0.00805	0.00515	0.00162	0.00411	0.00676	0.00439	0.00626
7	0.00958	0.07818	0.68023	0.01264	0.01911	0.01115	0.01598	0.01454	0.01028	0.01488	0.01217	0.01331	0.07677	0.00526	0.00460	0.00151	0.00661	0.00411	0.00227	0.00682
8	0.00732	0.00543	0.00772	0.00737	0.00832	0.00560	0.05637	0.00875	0.00886	0.01265	0.01959	0.19697	0.08701	0.15330	0.24341	0.00394	0.02595	0.00771	0.12955	0.00419
9	0.06834	0.20849	0.38863	0.01077	0.01600	0.01266	0.01227	0.09265	0.01149	0.04574	0.01241	0.01313	0.07716	0.00535	0.00428	0.00142	0.00575	0.00401	0.00277	0.00669
10	0.26203	0.00953	0.01055	0.00845	0.01193	0.00974	0.00694	0.13736	0.06536	0.40857	0.01447	0.01338	0.00967	0.00558	0.00434	0.00150	0.00418	0.00419	0.00489	0.00735
11	0.00839	0.00446	0.00474	0.00498	0.00593	0.00440	0.00362	0.01036	0.00998	0.01690	0.01805	0.18436	0.01646	0.00761	0.00396	0.00130	0.00237	0.00642	0.68133	0.00440
12	0.01163	0.02053	0.53741	0.01361	0.03716	0.01157	0.06569	0.15002	0.01249	0.03990	0.00989	0.01187	0.00732	0.04294	0.00566	0.00167	0.00668	0.00407	0.00273	0.00716
13	0.01176	0.01099	0.01367	0.52565	0.02619	0.12873	0.01157	0.01613	0.12441	0.06782	0.01079	0.01330	0.00802	0.00520	0.00479	0.00156	0.00625	0.00434	0.00287	0.00595
14	0.00590	0.00422	0.00562	0.00675	0.00703	0.00394	0.00450	0.00675	0.00928	0.01237	0.02671	0.82653	0.03205	0.01518	0.00619	0.00197	0.00281	0.01378	0.00450	0.00394
15	0.10960	0.01345	0.01339	0.17720	0.01798	0.15862	0.00959	0.33854	0.01597	0.06679	0.01003	0.01121	0.00735	0.00539	0.00481	0.00147	0.02420	0.00396	0.00366	0.00678
16	0.01214	0.06874	0.05532	0.15459	0.02038	0.16875	0.21044	0.01465	0.01038	0.01298	0.00800	0.01108	0.00659	0.00556	0.00772	0.00164	0.21865	0.00428	0.00228	0.00584
17	0.03619	0.11030	0.15833	0.04928	0.03773	0.07127	0.24244	0.01782	0.16705	0.04540	0.01126	0.01259	0.00850	0.00487	0.00479	0.00151	0.00641	0.00452	0.00297	0.00677
18	0.00585	0.00469	0.00523	0.00556	0.00674	0.00407	0.00399	0.00702	0.01064	0.01323	0.08535	0.29431	0.51020	0.01306	0.00587	0.00174	0.00256	0.01127	0.00455	0.00407
19	0.00917	0.00938	0.01609	0.01295	0.01545	0.06129	0.34051	0.01147	0.01057	0.01370	0.01891	0.34034	0.05822	0.03345	0.00639	0.00185	0.00559	0.02607	0.00343	0.00516
20	0.06022	0.04075	0.01311	0.01174	0.09433	0.01058	0.06490	0.27997	0.02904	0.02125	0.14971	0.06853	0.05150	0.00829	0.02878	0.00174	0.00484	0.05015	0.00417	0.00640
21	0.01145	0.01240	0.02273	0.02017	0.18855	0.05802	0.43716	0.01460	0.01088	0.01472	0.01007	0.04803	0.00853	0.00635	0.03826	0.00187	0.08184	0.00546	0.00251	0.00641
22	0.00584	0.00448	0.00536	0.00606	0.00685	0.00399	0.00419	0.00682	0.00994	0.01264	0.03505	0.53596	0.31724	0.01410	0.00601	0.00184	0.00268	0.01245	0.00450	0.00399
23	0.01392	0.01390	0.07225	0.01061	0.01332	0.23401	0.02839	0.04660	0.14385	0.11934	0.13977	0.01836	0.01592	0.00681	0.00577	0.00154	0.06523	0.04018	0.00394	0.00630
24	0.01287	0.06206	0.08047	0.01404	0.04255	0.01069	0.29151	0.08393	0.01221	0.15144	0.01447	0.12543	0.03160	0.00652	0.00567	0.00161	0.03661	0.00621	0.00354	0.00658
25	0.00915	0.00861	0.01453	0.81804	0.03338	0.01077	0.01346	0.01238	0.00969	0.01238	0.00861	0.01292	0.00646	0.00484	0.00484	0.00161	0.00646	0.00431	0.00215	0.00538
26	0.01332	0.28814	0.13719	0.06744	0.03911	0.22634	0.13517	0.01595	0.01121	0.01296	0.00791	0.00971	0.00645	0.00448	0.00425	0.00131	0.00700	0.00354	0.00226	0.00623
27	0.06204	0.01130	0.01775	0.25685	0.13836	0.03517	0.18760	0.12870	0.03705	0.06292	0.01022	0.01258	0.00761	0.00484	0.00492	0.00155	0.00627	0.00458	0.00303	0.00665
28	0.00933	0.01262	0.20043	0.13328	0.06495	0.00943	0.21553	0.01274	0.01027	0.01440	0.01346	0.16803	0.02296	0.00757	0.02887	0.00180	0.00624	0.00641	0.04401	0.01767
29	0.09433	0.02924	0.01811	0.01462	0.04680	0.27123	0.27668	0.03787	0.05718	0.01536	0.01028	0.03123	0.02137	0.00510	0.00503	0.00146	0.02378	0.00457	0.00281	0.03295

[dist]
# distance from previous block
# <min> <max>
0	6

[block]
# block no. 1 follows, 52 sequences, length 33
# corresponding to MSA columns:
# 307-339
name=unknown_B
#
# <colnr> <probs for GDERKNQSTAVLIFYWHMCP>
#	G	D	E	R	K	N	Q	S	T	A	V	L	I	F	Y	W	H	M	C	P
0	0.01200	0.01006	0.01177	0.11056	0.09689	0.10974	0.02658	0.12910	0.01258	0.08087	0.01610	0.29205	0.01614	0.00853	0.00521	0.00160	0.00497	0.00744	0.00379	0.04403
1	0.01659	0.07370	0.05996	0.01058	0.01443	0.01372	0.00913	0.45428	0.17288	0.10459	0.01347	0.01304	0.00965	0.00579	0.00472	0.00147	0.00501	0.00446	0.00461	0.00792
2	0.01366	0.04038	0.01299	0.16552	0.04843	0.01000	0.02382	0.19119	0.02765	0.15635	0.04522	0.06283	0.01156	0.02275	0.00512	0.00146	0.00480	0.00498	0.00392	0.14738
3	0.01078	0.11509	0.52703	0.01513	0.07736	0.01245	0.11816	0.04136	0.01083	0.01547	0.00875	0.01050	0.00649	0.00450	0.00460	0.00148	0.00690	0.00383	0.00222	0.00704
4	0.00693	0.00518	0.00772	0.00772	0.00856	0.00602	0.00597	0.00861	0.00777	0.01120	0.01305	0.01940	0.01227	0.05902	0.78803	0.00770	0.01274	0.00525	0.00261	0.00429
5	0.11259	0.03855	0.01112	0.00936	0.01189	0.26580	0.00730	0.12798	0.07059	0.05988	0.15955	0.04441	0.04775	0.00676	0.00468	0.00143	0.00529	0.00520	0.00393	0.00595
6	0.01062	0.01018	0.01800	0.24459	0.21981	0.01061	0.20195	0.06109	0.01183	0.01609	0.11243	0.01657	0.03345	0.00544	0.00519	0.00155	0.00599	0.00540	0.00293	0.00629
7	0.00617	0.00465	0.00568	0.00642	0.00709	0.00434	0.00440	0.00761	0.04274	0.01275	0.03088	0.59132	0.19839	0.04505	0.00673	0.00199	0.00285	0.01239	0.00446	0.00409
8	0.01502	0.01188	0.01263	0.01046	0.01373	0.01344	0.00839	0.37814	0.43349	0.02505	0.01596	0.01508	0.01175	0.00622	0.00489	0.00156	0.00453	0.00496	0.00489	0.00794
9	0.24536	0.06099	0.01182	0.00899	0.01230	0.05424	0.00737	0.22460	0.11195	0.17412	0.01269	0.03464	0.00942	0.00571	0.00427	0.00148	0.00459	0.00422	0.00428	0.00698
10	0.05810	0.01196	0.01382	0.10191	0.01658	0.04259	0.04526	0.37710	0.13869	0.12480	0.01304	0.01319	0.00929	0.00567	0.00480	0.00151	0.00525	0.00453	0.00441	0.00750
11	0.00612	0.00489	0.00547	0.00539	0.00680	0.00425	0.00402	0.00769	0.01188	0.01522	0.30322	0.07617	0.50859	0.01159	0.00574	0.00161	0.00241	0.00988	0.00478	0.00425
12	0.01064	0.05538	0.06718	0.35493	0.12915	0.02559	0.22992	0.01420	0.02255	0.01395	0.00903	0.01237	0.00696	0.00461	0.00520	0.00157	0.02371	0.00457	0.00231	0.00620
13	0.02813	0.00749	0.00856	0.00761	0.00963	0.00770	0.00591	0.12895	0.14831	0.07199	0.28914	0.05014	0.12917	0.04929	0.00632	0.00174	0.00340	0.03586	0.00490	0.00575
14	0.37242	0.01206	0.08506	0.20488	0.01876	0.05074	0.09653	0.07775	0.01061	0.01844	0.00816	0.01024	0.00615	0.00468	0.00412	0.00153	0.00559	0.00363	0.00277	0.00587
15	0.00605	0.00455	0.00600	0.04965	0.00836	0.00432	0.00486	0.00708	0.00954	0.01247	0.02881	0.67655	0.13542	0.01423	0.00605	0.00190	0.00296	0.01279	0.00437	0.00403
16	0.01105	0.03619	0.28981	0.07436	0.46279	0.01157	0.01566	0.01487	0.01064	0.01533	0.00888	0.01134	0.00703	0.00445	0.00469	0.00147	0.00627	0.00402	0.00225	0.00732
17	0.01144	0.01307	0.02859	0.02042	0.02533	0.01225	0.78186	0.01552	0.01144	0.01552	0.00980	0.01307	0.00735	0.00408	0.00572	0.00163	0.00817	0.00572	0.00245	0.00654
18	0.00658	0.00467	0.00583	0.00634	0.00648	0.00468	0.00405	0.00706	0.00823	0.01104	0.02094	0.44853	0.02477	0.37061	0.01462	0.00317	0.03463	0.01048	0.00373	0.00355
19	0.26348	0.14051	0.20069	0.04995	0.03314	0.01220	0.01004	0.06763	0.01074	0.09147	0.03220	0.01080	0.00782	0.00507	0.00455	0.00147	0.04529	0.00356	0.00301	0.00638
20	0.12493	0.01302	0.01513	0.09158	0.29223	0.13778	0.02388	0.13343	0.08956	0.01833	0.00994	0.01159	0.00780	0.00494	0.00454	0.00146	0.00582	0.00405	0.00309	0.00689
21	0.01136	0.32274	0.46452	0.01183	0.01761	0.05354	0.02733	0.01524	0.01028	0.01372	0.00793	0.00930	0.00619	0.00445	0.00406	0.00134	0.00653	0.00323	0.00209	0.00673
22	0.00683	0.00503	0.00667	0.00719	0.00794	0.00494	0.00537	0.00870	0.03162	0.01507	0.25743	0.40574	0.03424	0.01286	0.00637	0.00188	0.02593	0.14713	0.00469	0.00436
23	0.01172	0.08288	0.15264	0.02061	0.35518	0.02708	0.13659	0.03820	0.06624	0.01613	0.03933	0.01278	0.00916	0.00474	0.00481	0.00147	0.00611	0.00450	0.00268	0.00715
24	0.01149	0.01361	0.11366	0.01606	0.01934	0.01331	0.34562	0.07549	0.01072	0.01528	0.00855	0.01171	0.00692	0.00591	0.00928	0.00179	0.30769	0.00481	0.00247	0.00629
25	0.00590	0.00422	0.00562	0.00675	0.00703	0.00394	0.00450	0.00675	0.00928	0.01237	0.02671	0.82653	0.03205	0.01518	0.00619	0.00197	0.00281	0.01378	0.00450	0.00394
26	0.04906	0.01449	0.06699	0.05583	0.40688	0.19004	0.03012	0.01631	0.06599	0.01523	0.02039	0.01221	0.00832	0.02164	0.00507	0.00150	0.00631	0.00416	0.00264	0.00681
27	0.00927	0.00820	0.01352	0.17895	0.13809	0.00850	0.11215	0.04605	0.01200	0.01658	0.30035	0.02237	0.02207	0.03954	0.04964	0.00200	0.00528	0.00630	0.00358	0.00557
28	0.01046	0.00952	0.03632	0.01969	0.44693	0.00905	0.01091	0.01369	0.05027	0.04006	0.23989	0.02128	0.04291	0.00652	0.00513	0.00150	0.00452	0.02116	0.00357	0.00661
29	0.00590	0.00422	0.00562	0.00675	0.00703	0.00394	0.00450	0.00675	0.00928	0.01237	0.02671	0.82653	0.03205	0.01518	0.00619	0.00197	0.00281	0.01378	0.00450	0.00394
30	0.15962	0.27819	0.10141	0.03668	0.07602	0.15709	0.03141	0.06571	0.02661	0.01559	0.00799	0.00932	0.00650	0.00460	0.00388	0.00131	0.00594	0.00325	0.00258	0.00630
31	0.03619	0.03879	0.07512	0.01080	0.01330	0.31641	0.07520	0.01435	0.01154	0.04661	0.03536	0.21435	0.03647	0.00922	0.04282	0.00182	0.00651	0.00651	0.00324	0.00539
32	0.01447	0.03126	0.00939	0.00768	0.01025	0.00678	0.00606	0.05400	0.04182	0.39024	0.02561	0.20293	0.16045	0.00916	0.00527	0.00162	0.00360	0.00778	0.00518	0.00644

[dist]
# distance from previous block
# <min> <max>
2	4

[block]
# block no. 2 follows, 52 sequences, length 30
# corresponding to MSA columns:
# 344,349-377
name=unknown_C
#
# <colnr> <probs for GDERKNQSTAVLIFYWHMCP>
#	G	D	E	R	K	N	Q	S	T	A	V	L	I	F	Y	W	H	M	C	P
0	0.01471	0.01070	0.01212	0.01086	0.05698	0.01165	0.00814	0.29492	0.29700	0.10755	0.01721	0.06311	0.03369	0.03183	0.00558	0.00166	0.00444	0.00560	0.00478	0.00748
1	0.00919	0.00675	0.00748	0.00692	0.00865	0.00672	0.00525	0.19075	0.01356	0.01813	0.10564	0.22714	0.27430	0.01061	0.00541	0.00162	0.00319	0.00904	0.08454	0.00512
2	0.01172	0.07581	0.08149	0.00939	0.01314	0.01111	0.00815	0.06541	0.39002	0.01847	0.01405	0.01388	0.01077	0.00531	0.00437	0.00131	0.00425	0.00427	0.00386	0.25323
3	0.01302	0.03773	0.21584	0.04511	0.04780	0.01028	0.03666	0.15525	0.04313	0.13178	0.01210	0.01496	0.00956	0.12254	0.00748	0.00189	0.00548	0.00452	0.00348	0.08140
4	0.10398	0.16968	0.38241	0.01191	0.01702	0.01250	0.07699	0.01526	0.01007	0.07128	0.00897	0.01051	0.00678	0.00580	0.03086	0.00168	0.05154	0.00365	0.00249	0.00661
5	0.00972	0.02507	0.80458	0.01381	0.02097	0.01125	0.01790	0.01535	0.01023	0.01535	0.00870	0.01023	0.00614	0.00460	0.00460	0.00153	0.00716	0.00358	0.00205	0.00716
6	0.01018	0.00683	0.00821	0.03284	0.03467	0.03339	0.00601	0.05322	0.05538	0.14250	0.02560	0.41931	0.12981	0.01129	0.00562	0.00175	0.00357	0.00991	0.00458	0.00532
7	0.03806	0.01687	0.38201	0.02567	0.01946	0.01038	0.24249	0.01399	0.01039	0.01522	0.05932	0.01435	0.00998	0.04220	0.07632	0.00224	0.00744	0.00481	0.00249	0.00630
8	0.01001	0.01025	0.01950	0.50924	0.02983	0.01143	0.28398	0.01346	0.01023	0.01346	0.00895	0.01289	0.00677	0.00470	0.00554	0.00164	0.03527	0.00480	0.00226	0.00579
9	0.00915	0.00861	0.01453	0.81804	0.03338	0.01077	0.01346	0.01238	0.00969	0.01238	0.00861	0.01292	0.00646	0.00484	0.00484	0.00161	0.00646	0.00431	0.00215	0.00538
10	0.01016	0.01032	0.01962	0.33673	0.14348	0.01085	0.29077	0.01348	0.01060	0.01412	0.01145	0.03913	0.03335	0.00529	0.00528	0.00163	0.00668	0.02851	0.00251	0.00603
11	0.00850	0.00819	0.01357	0.38996	0.02248	0.00886	0.13750	0.01157	0.03714	0.01341	0.02254	0.02424	0.26773	0.00723	0.00528	0.00163	0.00533	0.00653	0.00307	0.00523
12	0.01130	0.18780	0.04272	0.08903	0.05198	0.10457	0.26219	0.01388	0.01086	0.01341	0.01297	0.11187	0.05429	0.00611	0.00491	0.00149	0.00633	0.00573	0.00270	0.00587
13	0.00672	0.00469	0.00599	0.00617	0.00696	0.00444	0.00442	0.00751	0.00989	0.01310	0.18554	0.19254	0.20912	0.06910	0.07872	0.14871	0.00391	0.03469	0.00399	0.00378
14	0.01184	0.42890	0.33857	0.01061	0.01580	0.04398	0.01206	0.01506	0.01037	0.03255	0.03472	0.00998	0.00767	0.00460	0.00389	0.00127	0.00599	0.00328	0.00228	0.00657
15	0.05182	0.03325	0.01331	0.13396	0.15660	0.02952	0.02130	0.06482	0.09715	0.21906	0.08991	0.01704	0.03912	0.00598	0.00484	0.00151	0.00477	0.00508	0.00409	0.00688
16	0.00590	0.00425	0.00559	0.00667	0.00701	0.00394	0.00446	0.00676	0.00935	0.01240	0.02763	0.79434	0.06364	0.01506	0.00617	0.00195	0.00280	0.01363	0.00450	0.00394
17	0.01376	0.01362	0.05665	0.01617	0.05248	0.10580	0.38679	0.01876	0.13743	0.12956	0.01239	0.01368	0.00905	0.00490	0.00522	0.00156	0.00681	0.00509	0.00335	0.00693
18	0.01635	0.01331	0.01313	0.01064	0.01389	0.09382	0.00850	0.50198	0.17619	0.02519	0.01309	0.01397	0.00998	0.06016	0.00612	0.00169	0.00533	0.00464	0.00450	0.00751
19	0.01172	0.06618	0.02539	0.02276	0.28399	0.01246	0.47413	0.01524	0.01120	0.01536	0.00937	0.01236	0.00739	0.00417	0.00524	0.00153	0.00717	0.00504	0.00241	0.00690
20	0.00743	0.00607	0.00907	0.14676	0.10361	0.00639	0.00736	0.00890	0.00945	0.01271	0.03284	0.49235	0.02331	0.06528	0.00731	0.00203	0.02913	0.02170	0.00370	0.00461
21	0.01077	0.00819	0.01359	0.24392	0.05126	0.00828	0.13930	0.01339	0.01159	0.14538	0.13772	0.02322	0.15858	0.00702	0.00529	0.00158	0.00496	0.00640	0.00376	0.00579
22	0.02310	0.01531	0.21788	0.01630	0.04631	0.03281	0.36460	0.06474	0.01147	0.01595	0.01126	0.07443	0.02209	0.00561	0.00592	0.00163	0.05587	0.00554	0.00268	0.00649
23	0.00644	0.00473	0.00564	0.00597	0.00703	0.00419	0.00426	0.00770	0.01084	0.03620	0.16306	0.36600	0.33457	0.01290	0.00589	0.00175	0.00262	0.01130	0.00468	0.00422
24	0.01290	0.18413	0.02166	0.10944	0.04693	0.16100	0.28328	0.03483	0.04361	0.01406	0.00891	0.01120	0.00711	0.00467	0.00511	0.00144	0.03670	0.00428	0.00249	0.00625
25	0.01311	0.01265	0.11265	0.30295	0.11862	0.06947	0.06033	0.06388	0.03837	0.14448	0.01097	0.01286	0.00791	0.00502	0.00484	0.00153	0.00619	0.00436	0.00311	0.00670
26	0.01139	0.01205	0.04555	0.17615	0.35252	0.04710	0.18179	0.01529	0.06198	0.01514	0.01066	0.01337	0.02524	0.00473	0.00501	0.00153	0.00640	0.00475	0.00257	0.00680
27	0.00746	0.00495	0.00616	0.00611	0.00666	0.00501	0.00406	0.00819	0.00828	0.04411	0.05932	0.08400	0.07152	0.46041	0.19858	0.00470	0.00614	0.00730	0.00333	0.00371
28	0.01341	0.01130	0.01387	0.01162	0.03282	0.08503	0.13307	0.11205	0.27001	0.10636	0.04399	0.04616	0.08477	0.00674	0.00513	0.00157	0.00504	0.00589	0.00431	0.00687
29	0.05105	0.06295	0.01698	0.01343	0.03888	0.27380	0.18705	0.11987	0.05913	0.01616	0.00992	0.01189	0.00796	0.00856	0.09893	0.00216	0.00784	0.00425	0.00295	0.00623

[dist]
# distance from previous block
# <min> <max>
23	43

[block]
# block no. 3 follows, 52 sequences, length 49
# corresponding to MSA columns:
# 429-477
name=unknown_D
#
# <colnr> <probs for GDERKNQSTAVLIFYWHMCP>
#	G	D	E	R	K	N	Q	S	T	A	V	L	I	F	Y	W	H	M	C	P
0	0.01471	0.02502	0.01143	0.00945	0.02751	0.16840	0.00730	0.10520	0.08551	0.17594	0.02952	0.03161	0.08436	0.00606	0.00458	0.00130	0.00487	0.00477	0.00405	0.19841
1	0.02458	0.00786	0.00941	0.00909	0.03436	0.04304	0.01817	0.09425	0.07047	0.05695	0.05209	0.18139	0.09911	0.01589	0.19175	0.00311	0.04491	0.03426	0.00392	0.00537
2	0.01359	0.55343	0.02102	0.00892	0.01284	0.01700	0.00825	0.13913	0.12022	0.01588	0.00940	0.00992	0.00777	0.00473	0.00366	0.00117	0.00495	0.00329	0.00295	0.04189
3	0.00819	0.00555	0.00697	0.00650	0.00800	0.00519	0.00500	0.01097	0.05827	0.07778	0.55698	0.03596	0.13630	0.00990	0.00566	0.00158	0.00265	0.04836	0.00521	0.00496
4	0.04136	0.09904	0.30175	0.01146	0.03199	0.09259	0.04203	0.02762	0.01180	0.19639	0.05921	0.01423	0.03857	0.00550	0.00460	0.00145	0.00584	0.00436	0.00338	0.00683
5	0.01430	0.18981	0.05073	0.04623	0.01470	0.01268	0.06026	0.15386	0.17823	0.14821	0.05656	0.01506	0.02679	0.00578	0.00460	0.00144	0.00488	0.00470	0.00407	0.00711
6	0.00613	0.00434	0.00568	0.00666	0.00694	0.00411	0.00445	0.00693	0.00908	0.01209	0.02522	0.69156	0.03004	0.11779	0.00854	0.00232	0.00312	0.04684	0.00430	0.00383
7	0.01080	0.01066	0.03308	0.34447	0.45549	0.01123	0.03663	0.01390	0.01049	0.01443	0.00893	0.01236	0.00715	0.00453	0.00484	0.00152	0.00614	0.00434	0.00230	0.00672
8	0.01322	0.04219	0.01900	0.03891	0.01825	0.06700	0.33878	0.11522	0.02800	0.11531	0.01378	0.14235	0.01198	0.00645	0.00534	0.00160	0.00623	0.00637	0.00356	0.00647
9	0.01073	0.04925	0.10951	0.30099	0.03637	0.01197	0.23962	0.01499	0.06890	0.03272	0.00981	0.01270	0.00744	0.00499	0.00585	0.00162	0.06911	0.00466	0.00253	0.00623
10	0.01156	0.01272	0.02657	0.02254	0.20129	0.01209	0.60752	0.01538	0.01135	0.01559	0.00965	0.01283	0.00743	0.00414	0.00551	0.00159	0.00762	0.00540	0.00244	0.00680
11	0.01145	0.00968	0.06357	0.00945	0.04008	0.03300	0.03612	0.03167	0.23876	0.13922	0.02771	0.02698	0.27908	0.00820	0.00521	0.00160	0.00406	0.02331	0.00449	0.00635
12	0.01188	0.11541	0.22138	0.18348	0.04631	0.01206	0.19216	0.02999	0.03479	0.09169	0.01012	0.01209	0.00742	0.00469	0.00478	0.00151	0.00653	0.00433	0.00270	0.00668
13	0.00644	0.00514	0.00590	0.00629	0.00774	0.00460	0.00510	0.00801	0.01108	0.01358	0.04105	0.04939	0.53345	0.01266	0.00606	0.00184	0.00314	0.26982	0.00449	0.00422
14	0.00593	0.00433	0.00559	0.00659	0.00704	0.00399	0.00448	0.00685	0.00952	0.01250	0.02925	0.71902	0.11972	0.01481	0.00614	0.00194	0.00281	0.03102	0.00450	0.00397
15	0.01134	0.04421	0.56568	0.07351	0.08779	0.01100	0.01581	0.01601	0.01066	0.10495	0.00986	0.01122	0.00697	0.00474	0.00463	0.00151	0.00658	0.00382	0.00254	0.00717
16	0.01169	0.21392	0.17105	0.05484	0.02025	0.05969	0.31087	0.01502	0.01057	0.01384	0.00840	0.01081	0.00667	0.00462	0.00552	0.00148	0.06790	0.00423	0.00225	0.00637
17	0.01144	0.01307	0.02859	0.02042	0.02533	0.01225	0.78186	0.01552	0.01144	0.01552	0.00980	0.01307	0.00735	0.00408	0.00572	0.00163	0.00817	0.00572	0.00245	0.00654
18	0.01629	0.23865	0.05845	0.01144	0.01462	0.55765	0.00953	0.01785	0.01251	0.01192	0.00735	0.00856	0.00623	0.00475	0.00405	0.00121	0.00771	0.00300	0.00236	0.00586
19	0.01047	0.07466	0.22018	0.25962	0.10604	0.01205	0.17135	0.01459	0.03429	0.01429	0.00907	0.01188	0.00692	0.00468	0.00515	0.00155	0.03015	0.00432	0.00229	0.00644
20	0.77565	0.03499	0.00823	0.00678	0.00988	0.01143	0.00563	0.07074	0.00936	0.02207	0.00711	0.00815	0.00550	0.00458	0.00314	0.00148	0.00391	0.00275	0.00311	0.00550
21	0.00590	0.00422	0.00562	0.00675	0.00703	0.00394	0.00450	0.00675	0.00928	0.01237	0.02671	0.82653	0.03205	0.01518	0.00619	0.00197	0.00281	0.01378	0.00450	0.00394
22	0.01062	0.24992	0.58762	0.01228	0.01860	0.01346	0.01523	0.01511	0.01012	0.01425	0.00815	0.00955	0.00616	0.00448	0.00419	0.00140	0.00661	0.00331	0.00205	0.00690
23	0.01588	0.00913	0.01016	0.00840	0.01123	0.07659	0.00669	0.08708	0.06349	0.37584	0.19630	0.02233	0.08083	0.00731	0.00509	0.00150	0.00406	0.00602	0.00526	0.00682
24	0.00590	0.00422	0.00562	0.00675	0.00703	0.00394	0.00450	0.00675	0.00928	0.01237	0.02671	0.82653	0.03205	0.01518	0.00619	0.00197	0.00281	0.01378	0.00450	0.00394
25	0.01842	0.01357	0.01454	0.01115	0.01503	0.01503	0.00921	0.78330	0.02278	0.03054	0.01163	0.01163	0.00824	0.00582	0.00485	0.00145	0.00533	0.00436	0.00485	0.00824
26	0.01492	0.01167	0.02038	0.01788	0.16666	0.05238	0.34444	0.01792	0.01227	0.25429	0.02951	0.01418	0.00960	0.00488	0.00522	0.00153	0.00639	0.00513	0.00358	0.00718
27	0.00986	0.00811	0.00907	0.00828	0.01034	0.00890	0.00637	0.01875	0.46337	0.01992	0.34715	0.02571	0.02782	0.00798	0.00526	0.00159	0.00318	0.00686	0.00510	0.00637
28	0.00579	0.00468	0.00514	0.00551	0.00670	0.00404	0.00395	0.00689	0.01046	0.01285	0.04174	0.30291	0.54597	0.01323	0.00588	0.00175	0.00257	0.01139	0.00450	0.00404
29	0.01904	0.01259	0.01393	0.01068	0.01454	0.01357	0.00882	0.64280	0.02114	0.17338	0.01302	0.01253	0.00894	0.00585	0.00485	0.00146	0.00511	0.00446	0.00506	0.00824
30	0.00915	0.00861	0.01453	0.81804	0.03338	0.01077	0.01346	0.01238	0.00969	0.01238	0.00861	0.01292	0.00646	0.00484	0.00484	0.00161	0.00646	0.00431	0.00215	0.00538
31	0.01144	0.01307	0.02859	0.02042	0.02533	0.01225	0.78186	0.01552	0.01144	0.01552	0.00980	0.01307	0.00735	0.00408	0.00572	0.00163	0.00817	0.00572	0.00245	0.00654
32	0.01035	0.00984	0.01670	0.48594	0.35612	0.01108	0.01405	0.01343	0.01026	0.01384	0.00882	0.01253	0.00697	0.00462	0.00482	0.00154	0.00616	0.00431	0.00226	0.00635
33	0.01338	0.06080	0.11958	0.01358	0.04905	0.12207	0.20448	0.10774	0.01319	0.09872	0.08184	0.05731	0.02426	0.00592	0.00503	0.00150	0.00620	0.00536	0.00343	0.00655
34	0.00597	0.00434	0.00566	0.00668	0.00712	0.00402	0.00457	0.00691	0.00952	0.01253	0.02867	0.72190	0.10044	0.01484	0.00617	0.00195	0.00285	0.04738	0.00450	0.00397
35	0.02096	0.00807	0.01100	0.00849	0.01210	0.00699	0.00699	0.02286	0.01386	0.76159	0.06005	0.01753	0.01377	0.00620	0.00492	0.00150	0.00403	0.00508	0.00596	0.00805
36	0.01168	0.01069	0.05277	0.00987	0.01281	0.01102	0.03171	0.11868	0.48660	0.01993	0.02167	0.03829	0.10691	0.00743	0.00512	0.00164	0.00418	0.03735	0.00461	0.00705
37	0.01060	0.01131	0.02286	0.32328	0.06324	0.01166	0.45596	0.01430	0.01076	0.01435	0.00932	0.01297	0.00703	0.00438	0.00535	0.00162	0.00741	0.00512	0.00234	0.00615
38	0.00591	0.00458	0.00534	0.00585	0.00677	0.00406	0.00409	0.00698	0.01023	0.01298	0.07778	0.41436	0.37107	0.03866	0.00653	0.00188	0.00268	0.01173	0.00450	0.00401
39	0.81772	0.00915	0.00716	0.00645	0.00933	0.01061	0.00529	0.01394	0.00822	0.02118	0.00708	0.00847	0.00562	0.00622	0.04653	0.00184	0.00425	0.00276	0.00298	0.00520
40	0.17240	0.11937	0.04108	0.01235	0.01583	0.30447	0.17382	0.01735	0.07260	0.01519	0.00875	0.01016	0.00696	0.00471	0.00430	0.00139	0.00681	0.00372	0.00270	0.00603
41	0.00972	0.02507	0.80458	0.01381	0.02097	0.01125	0.01790	0.01535	0.01023	0.01535	0.00870	0.01023	0.00614	0.00460	0.00460	0.00153	0.00716	0.00358	0.00205	0.00716
42	0.00701	0.00520	0.00653	0.00615	0.00739	0.00488	0.00461	0.00969	0.04971	0.01871	0.67945	0.03616	0.10851	0.02736	0.00608	0.00161	0.00242	0.00870	0.00519	0.00464
43	0.01141	0.34531	0.45809	0.01149	0.01730	0.01458	0.01368	0.05095	0.01067	0.01449	0.00806	0.00932	0.00627	0.00448	0.00402	0.00133	0.00629	0.00322	0.00219	0.00684
44	0.01261	0.40195	0.05971	0.13710	0.01612	0.15618	0.00941	0.02931	0.02673	0.01231	0.00875	0.05226	0.00793	0.00568	0.00466	0.04141	0.00592	0.00376	0.00240	0.00579
45	0.01125	0.01230	0.02416	0.01791	0.02142	0.01293	0.54298	0.01499	0.04685	0.01473	0.00936	0.01266	0.00744	0.00536	0.00836	0.00176	0.22150	0.00532	0.00248	0.00626
46	0.01743	0.02144	0.01370	0.01232	0.01475	0.69724	0.00934	0.05071	0.05013	0.01301	0.00817	0.00940	0.00673	0.00529	0.00504	0.00132	0.05215	0.00334	0.00269	0.00581
47	0.03916	0.33387	0.20251	0.01034	0.01442	0.19738	0.01033	0.03004	0.01107	0.01340	0.04912	0.01047	0.00840	0.00539	0.00466	0.04140	0.00622	0.00338	0.00242	0.00603
48	0.00593	0.00506	0.00517	0.00507	0.00679	0.00420	0.00380	0.00719	0.01095	0.01320	0.04655	0.06757	0.73829	0.01195	0.00564	0.00160	0.00252	0.00999	0.00442	0.04411

[dist]
# distance from previous block
# <min> <max>
0	9

[block]
# block no. 4 follows, 52 sequences, length 21
# corresponding to MSA columns:
# 487-507
name=unknown_E
#
# <colnr> <probs for GDERKNQSTAVLIFYWHMCP>
#	G	D	E	R	K	N	Q	S	T	A	V	L	I	F	Y	W	H	M	C	P
0	0.00651	0.00444	0.00538	0.00600	0.00672	0.00412	0.00418	0.00778	0.01008	0.01408	0.09144	0.49365	0.15185	0.01259	0.00558	0.00173	0.00261	0.01115	0.15598	0.00412
1	0.01387	0.68876	0.02332	0.00904	0.01289	0.15974	0.00848	0.01537	0.01054	0.01148	0.00687	0.00795	0.00622	0.00430	0.00333	0.00107	0.00581	0.00269	0.00215	0.00611
2	0.16661	0.24428	0.05034	0.01030	0.01354	0.41484	0.00871	0.01693	0.01153	0.01364	0.00720	0.00838	0.00605	0.00465	0.00379	0.00125	0.00680	0.00291	0.00245	0.00579
3	0.00700	0.00568	0.00804	0.01054	0.14782	0.00535	0.00627	0.00831	0.00996	0.01317	0.02773	0.51806	0.17024	0.01267	0.00587	0.00182	0.00331	0.02940	0.00412	0.00464
4	0.01911	0.00858	0.01112	0.00850	0.01231	0.00748	0.00697	0.04528	0.04956	0.60263	0.01705	0.01527	0.01115	0.00559	0.00465	0.00137	0.00405	0.00453	0.00536	0.15945
5	0.01271	0.21000	0.04536	0.15471	0.01799	0.24492	0.09580	0.01523	0.02696	0.01349	0.10747	0.01343	0.01154	0.00530	0.00449	0.00136	0.00646	0.00427	0.00272	0.00579
6	0.01470	0.01012	0.01401	0.04483	0.01543	0.01057	0.13131	0.02293	0.40386	0.25084	0.01750	0.01660	0.01243	0.00593	0.00504	0.00160	0.00472	0.00529	0.00474	0.00756
7	0.00766	0.00532	0.00725	0.00819	0.00924	0.00517	0.00682	0.00952	0.01082	0.03640	0.02717	0.21985	0.07659	0.01349	0.00647	0.00212	0.00397	0.53500	0.00452	0.00443
8	0.18937	0.35596	0.31568	0.00997	0.01502	0.01445	0.01128	0.01477	0.00966	0.01505	0.00748	0.00872	0.00599	0.00439	0.00365	0.00132	0.00563	0.00297	0.00226	0.00637
9	0.01097	0.01054	0.01379	0.49073	0.02526	0.07793	0.01156	0.04762	0.16355	0.01458	0.01063	0.01333	0.00814	0.00555	0.00576	0.00163	0.07518	0.00443	0.00284	0.00596
10	0.00898	0.00723	0.00830	0.00787	0.00957	0.00776	0.00593	0.01604	0.35563	0.01855	0.31726	0.16864	0.02965	0.00937	0.00545	0.00166	0.00306	0.00821	0.00501	0.00583
11	0.01244	0.25418	0.24364	0.01077	0.01516	0.04895	0.01104	0.11160	0.15054	0.01682	0.04131	0.01206	0.00953	0.00534	0.00472	0.00141	0.03660	0.00394	0.00306	0.00687
12	0.23856	0.04857	0.01195	0.03224	0.01302	0.02825	0.03777	0.17262	0.14725	0.14888	0.01314	0.04569	0.01003	0.00655	0.02360	0.00167	0.00475	0.00453	0.00415	0.00679
13	0.44789	0.00908	0.01074	0.37069	0.02027	0.01098	0.00914	0.01331	0.00886	0.01716	0.00757	0.01024	0.00583	0.00481	0.00432	0.00158	0.03620	0.00344	0.00259	0.00531
14	0.00777	0.00611	0.00718	0.00682	0.00834	0.00610	0.00517	0.01227	0.18062	0.01809	0.44799	0.07117	0.16370	0.00992	0.00560	0.00161	0.00273	0.02863	0.00505	0.00513
15	0.05004	0.06210	0.01678	0.04797	0.01675	0.26306	0.15890	0.07767	0.01281	0.15496	0.01020	0.01145	0.00762	0.00531	0.00574	0.00148	0.08334	0.00414	0.00324	0.00645
16	0.01095	0.00981	0.01310	0.32974	0.02090	0.04715	0.04296	0.13481	0.01225	0.01632	0.04774	0.04676	0.05132	0.00592	0.00522	0.00144	0.03809	0.00495	0.00310	0.15747
17	0.16283	0.01997	0.54108	0.01183	0.01769	0.01104	0.01410	0.04342	0.04310	0.07755	0.00971	0.01067	0.00686	0.00482	0.00436	0.00153	0.00612	0.00362	0.00274	0.00696
18	0.01378	0.01003	0.01101	0.00964	0.01256	0.01118	0.00757	0.02537	0.65267	0.15933	0.01962	0.01780	0.01430	0.00647	0.00492	0.00162	0.00389	0.00537	0.00512	0.00777
19	0.08181	0.01002	0.01614	0.39523	0.02476	0.01156	0.16664	0.01550	0.14856	0.01516	0.01053	0.01330	0.00801	0.00520	0.00557	0.00165	0.05693	0.00465	0.00278	0.00601
20	0.19029	0.01512	0.01509	0.04323	0.01605	0.26525	0.13974	0.14063	0.02961	0.01773	0.00861	0.01028	0.00675	0.00520	0.00541	0.00150	0.07654	0.00385	0.00298	0.00613

[dist]
# distance from previous block
# <min> <max>
0	1

[block]
# block no. 5 follows, 52 sequences, length 8
# corresponding to MSA columns:
# 509-516
name=unknown_F
#
# <colnr> <probs for GDERKNQSTAVLIFYWHMCP>
#	G	D	E	R	K	N	Q	S	T	A	V	L	I	F	Y	W	H	M	C	P
0	0.00603	0.00480	0.00541	0.00551	0.00680	0.00418	0.00404	0.00746	0.01140	0.01452	0.22842	0.17674	0.48320	0.01219	0.00580	0.00167	0.00247	0.01047	0.00470	0.00418
1	0.28656	0.12423	0.13538	0.00861	0.01205	0.01098	0.00810	0.06845	0.06382	0.07716	0.01261	0.14909	0.01145	0.00663	0.00421	0.00153	0.00447	0.00515	0.00347	0.00606
2	0.01255	0.06248	0.04097	0.05366	0.01535	0.04824	0.13086	0.14678	0.15360	0.07187	0.07548	0.08322	0.01433	0.00857	0.05810	0.00196	0.00576	0.00580	0.00390	0.00653
3	0.00698	0.00553	0.00652	0.00590	0.00772	0.00470	0.00446	0.00883	0.01201	0.01638	0.37810	0.06537	0.29543	0.00984	0.00538	0.00144	0.00259	0.00845	0.00460	0.14977
4	0.01438	0.01281	0.01070	0.00942	0.01196	0.23375	0.00730	0.11206	0.23210	0.08244	0.01653	0.01643	0.06252	0.00621	0.00455	0.00141	0.00505	0.00478	0.14916	0.00644
5	0.01322	0.01156	0.07794	0.24864	0.02059	0.01156	0.06138	0.18390	0.17917	0.10084	0.03328	0.01451	0.01024	0.00561	0.00493	0.00157	0.00548	0.00478	0.00382	0.00699
6	0.03019	0.01307	0.07752	0.17075	0.17596	0.04921	0.15941	0.15861	0.04271	0.01772	0.00973	0.01210	0.00746	0.00502	0.00551	0.00156	0.04929	0.00449	0.00289	0.00682
7	0.01258	0.55748	0.09259	0.00882	0.01324	0.01598	0.00880	0.07219	0.01089	0.01395	0.00760	0.00867	0.00653	0.00422	0.00346	0.00106	0.00510	0.00286	0.00242	0.15156

[dist]
# distance from previous block
# <min> <max>
0	1

[block]
# block no. 6 follows, 52 sequences, length 22
# corresponding to MSA columns:
# 518-539
name=unknown_G
#
# <colnr> <probs for GDERKNQSTAVLIFYWHMCP>
#	G	D	E	R	K	N	Q	S	T	A	V	L	I	F	Y	W	H	M	C	P
0	0.01537	0.01182	0.01297	0.04909	0.03980	0.04115	0.00870	0.54572	0.01887	0.02505	0.01415	0.16774	0.01263	0.00749	0.00509	0.00155	0.00504	0.00612	0.00449	0.00717
1	0.01327	0.01102	0.01164	0.01011	0.01307	0.01262	0.00797	0.17090	0.64357	0.02224	0.01817	0.01685	0.01354	0.00643	0.00492	0.00161	0.00412	0.00527	0.00492	0.00778
2	0.00841	0.00454	0.00673	0.05028	0.00790	0.00466	0.00481	0.00702	0.00689	0.00930	0.00973	0.01719	0.00967	0.04138	0.01722	0.71389	0.00429	0.04065	0.03294	0.00251
3	0.53536	0.00806	0.00727	0.02062	0.00917	0.00902	0.00521	0.04792	0.00882	0.01889	0.00828	0.01052	0.00678	0.00701	0.00623	0.16574	0.00381	0.00323	0.08700	0.03107
4	0.00913	0.00680	0.00908	0.00843	0.00987	0.00778	0.00666	0.15708	0.01066	0.01495	0.01272	0.01762	0.01137	0.03050	0.65612	0.00657	0.01151	0.00503	0.00303	0.00508
5	0.00842	0.00421	0.00631	0.00631	0.00631	0.00421	0.00421	0.00631	0.00631	0.00842	0.00842	0.01473	0.00842	0.01684	0.01894	0.85901	0.00421	0.00421	0.00210	0.00210
6	0.00941	0.00717	0.00812	0.00757	0.00930	0.00734	0.00571	0.18180	0.09170	0.01838	0.13885	0.29219	0.18142	0.01088	0.00560	0.00169	0.00333	0.00941	0.00474	0.00539
7	0.00701	0.00560	0.00765	0.16148	0.01209	0.00562	0.00609	0.00917	0.01212	0.01634	0.44490	0.08540	0.18883	0.00976	0.00558	0.00159	0.00315	0.00853	0.00450	0.00459
8	0.00656	0.00562	0.00589	0.00534	0.00749	0.00454	0.00408	0.00796	0.01085	0.01361	0.04134	0.03963	0.64606	0.01061	0.00532	0.00146	0.00267	0.00882	0.00419	0.16796
9	0.20889	0.00671	0.00660	0.00583	0.00824	0.00623	0.00451	0.01004	0.01012	0.02995	0.04991	0.04154	0.37920	0.04318	0.00547	0.00156	0.00310	0.00681	0.00382	0.16827
10	0.03799	0.00765	0.00890	0.00806	0.01019	0.00788	0.00622	0.09548	0.19493	0.15001	0.12747	0.20945	0.06634	0.00926	0.00532	0.00166	0.00350	0.02626	0.01729	0.00614
11	0.00587	0.00435	0.00549	0.00640	0.00694	0.00397	0.00434	0.00679	0.00962	0.01251	0.03100	0.67710	0.17872	0.01462	0.00610	0.00190	0.00274	0.01310	0.00450	0.00397
12	0.00872	0.00571	0.00668	0.00597	0.00710	0.00519	0.00387	0.00932	0.00825	0.07269	0.01478	0.05996	0.01579	0.57269	0.01830	0.00357	0.00436	0.00636	0.00323	0.16748
13	0.00802	0.00603	0.00721	0.00677	0.00829	0.00597	0.00511	0.01227	0.16203	0.03718	0.49562	0.07632	0.13080	0.00975	0.00557	0.00158	0.00268	0.00849	0.00513	0.00516
14	0.04374	0.00751	0.00994	0.00791	0.01105	0.00662	0.00643	0.01986	0.01355	0.59568	0.16904	0.02128	0.05144	0.00697	0.00501	0.00151	0.00369	0.00578	0.00572	0.00728
15	0.00632	0.00578	0.00533	0.00527	0.00695	0.04250	0.00395	0.00755	0.01117	0.01303	0.04711	0.04483	0.75979	0.01193	0.00566	0.00162	0.00275	0.00989	0.00440	0.00416
16	0.00641	0.00495	0.00611	0.00601	0.00724	0.00465	0.00453	0.00813	0.01138	0.01519	0.33407	0.07496	0.31547	0.01610	0.15994	0.00279	0.00442	0.00886	0.00446	0.00432
17	0.00629	0.00484	0.00575	0.00571	0.00694	0.00430	0.00421	0.00796	0.01208	0.01600	0.40008	0.14465	0.34064	0.01154	0.00578	0.00163	0.00242	0.01000	0.00489	0.00430
18	0.00729	0.00538	0.00657	0.00621	0.00761	0.00503	0.00472	0.01008	0.06283	0.03455	0.55530	0.03726	0.20021	0.01019	0.00567	0.00157	0.00251	0.02716	0.00513	0.00474
19	0.19272	0.00810	0.00943	0.00767	0.01072	0.00783	0.00624	0.07054	0.01310	0.40923	0.14135	0.01957	0.06968	0.00673	0.00467	0.00151	0.00372	0.00536	0.00509	0.00676
20	0.00617	0.00459	0.00550	0.00592	0.00667	0.00419	0.00405	0.00721	0.01010	0.01319	0.14650	0.37289	0.24546	0.13435	0.00873	0.00221	0.00291	0.01104	0.00439	0.00393
21	0.00641	0.00468	0.00609	0.00643	0.00716	0.00454	0.00457	0.00759	0.00982	0.01322	0.16641	0.32616	0.14686	0.07154	0.16182	0.03392	0.00478	0.00988	0.00410	0.00402

[dist]
# distance from previous block
# <min> <max>
0	10

# created by:
# /st0/software/busco_prod/Augustus/scripts/msa2prfl.pl ./align_prep/59419.fa
