[name]
unknown

[dist]
# distance from previous block
# <min> <max>
4	45

[block]
# block no. 0 follows, 48 sequences, length 13
# corresponding to MSA columns:
# 47-59
name=unknown_A
#
# <colnr> <probs for GDERKNQSTAVLIFYWHMCP>
#	G	D	E	R	K	N	Q	S	T	A	V	L	I	F	Y	W	H	M	C	P
0	0.03905	0.01742	0.25464	0.06552	0.01859	0.06931	0.03175	0.25566	0.01523	0.02118	0.01005	0.01135	0.00744	0.00512	0.00474	0.00143	0.00628	0.00397	0.00335	0.15792
1	0.01283	0.01117	0.01576	0.01403	0.09015	0.04948	0.16036	0.14180	0.10215	0.04565	0.15786	0.02248	0.01858	0.00711	0.00557	0.00163	0.00545	0.07602	0.00423	0.05770
2	0.12510	0.01271	0.01240	0.06482	0.01506	0.10598	0.00830	0.21119	0.13372	0.02155	0.01137	0.01214	0.00870	0.00529	0.00447	0.00135	0.00520	0.00398	0.00384	0.23283
3	0.01386	0.01121	0.01590	0.41732	0.11815	0.01283	0.01266	0.26489	0.01521	0.05252	0.01071	0.01327	0.00786	0.00546	0.00513	0.00163	0.00625	0.00461	0.00343	0.00712
4	0.01305	0.01189	0.01767	0.05131	0.49153	0.01257	0.01314	0.06770	0.23029	0.01898	0.01300	0.01454	0.01026	0.00537	0.00513	0.00159	0.00551	0.00492	0.00346	0.00808
5	0.00656	0.00517	0.00576	0.00564	0.00713	0.00449	0.00420	0.00801	0.01227	0.01557	0.26379	0.04444	0.53100	0.01251	0.00677	0.04473	0.00264	0.01005	0.00489	0.00437
6	0.00784	0.00604	0.00839	0.00812	0.00866	0.00713	0.00605	0.00906	0.00797	0.01140	0.01359	0.02292	0.01376	0.25898	0.48258	0.00658	0.10791	0.00594	0.00279	0.00428
7	0.00608	0.00515	0.00525	0.00533	0.00696	0.00432	0.00396	0.00735	0.01157	0.01381	0.05041	0.10030	0.73568	0.01320	0.00610	0.00176	0.00262	0.01108	0.00476	0.00432
8	0.01917	0.02445	0.01454	0.01322	0.01586	0.79907	0.00991	0.02049	0.01454	0.01256	0.00793	0.00925	0.00661	0.00529	0.00463	0.00132	0.00925	0.00330	0.00264	0.00595
9	0.01064	0.00912	0.01064	0.00760	0.01216	0.00684	0.00608	0.01292	0.01064	0.01672	0.00912	0.01064	0.00760	0.00380	0.00380	0.00076	0.00380	0.00304	0.00304	0.85104
10	0.01565	0.01918	0.05382	0.06842	0.18515	0.44797	0.01187	0.01768	0.01275	0.01369	0.00894	0.03424	0.00776	0.00573	0.00587	0.00151	0.07663	0.00412	0.00260	0.00641
11	0.00746	0.00497	0.00560	0.00560	0.00560	0.00497	0.00311	0.00746	0.00746	0.00995	0.01617	0.03358	0.01865	0.81967	0.02612	0.00497	0.00497	0.00746	0.00311	0.00311
12	0.01501	0.01282	0.02025	0.06963	0.15957	0.08797	0.24948	0.01784	0.01218	0.18422	0.01162	0.01364	0.00861	0.00554	0.00683	0.00169	0.10752	0.00503	0.00334	0.00720

[dist]
# distance from previous block
# <min> <max>
8	42

[block]
# block no. 1 follows, 48 sequences, length 20
# corresponding to MSA columns:
# 130-149
name=unknown_B
#
# <colnr> <probs for GDERKNQSTAVLIFYWHMCP>
#	G	D	E	R	K	N	Q	S	T	A	V	L	I	F	Y	W	H	M	C	P
0	0.01278	0.02759	0.07363	0.12280	0.09518	0.01139	0.06471	0.07190	0.07084	0.09870	0.01212	0.04389	0.00977	0.00731	0.03533	0.00185	0.11650	0.00495	0.00339	0.11537
1	0.01173	0.01029	0.01658	0.23042	0.02179	0.01043	0.17940	0.05285	0.05355	0.06067	0.07048	0.01527	0.01133	0.00541	0.00552	0.00149	0.03374	0.00501	0.00332	0.20073
2	0.01210	0.00999	0.01211	0.02808	0.01377	0.00846	0.03438	0.10937	0.02896	0.03537	0.01006	0.01137	0.00801	0.00427	0.00414	0.00096	0.00430	0.00349	0.00339	0.65741
3	0.01866	0.01152	0.01490	0.05676	0.08117	0.06836	0.07128	0.10670	0.10327	0.38829	0.01621	0.01557	0.01104	0.00594	0.00519	0.00159	0.00547	0.00503	0.00496	0.00809
4	0.00613	0.00520	0.00529	0.00527	0.00697	0.00436	0.00395	0.00749	0.01185	0.01423	0.09236	0.04877	0.74497	0.01286	0.00606	0.00173	0.00259	0.01074	0.00481	0.00436
5	0.01091	0.01076	0.01511	0.01304	0.01312	0.01496	0.01083	0.01209	0.00789	0.01231	0.00731	0.01196	0.00723	0.01139	0.08075	0.00274	0.74523	0.00457	0.00229	0.00553
6	0.00703	0.00529	0.00643	0.00692	0.00805	0.00491	0.00535	0.00854	0.01121	0.01430	0.09515	0.15353	0.30280	0.10704	0.00877	0.00234	0.00357	0.23982	0.00463	0.00433
7	0.01917	0.02445	0.01454	0.01322	0.01586	0.79907	0.00991	0.02049	0.01454	0.01256	0.00793	0.00925	0.00661	0.00529	0.00463	0.00132	0.00925	0.00330	0.00264	0.00595
8	0.01064	0.00912	0.01064	0.00760	0.01216	0.00684	0.00608	0.01292	0.01064	0.01672	0.00912	0.01064	0.00760	0.00380	0.00380	0.00076	0.00380	0.00304	0.00304	0.85104
9	0.01702	0.01173	0.01505	0.10480	0.01737	0.11852	0.08842	0.01917	0.01240	0.34179	0.01361	0.01459	0.00966	0.00790	0.04661	0.00202	0.14334	0.00483	0.00410	0.00707
10	0.00746	0.00497	0.00560	0.00560	0.00560	0.00497	0.00311	0.00746	0.00746	0.00995	0.01617	0.03358	0.01865	0.81967	0.02612	0.00497	0.00497	0.00746	0.00311	0.00311
11	0.00644	0.00456	0.00595	0.00693	0.00723	0.00429	0.00457	0.00729	0.00974	0.01304	0.05863	0.69016	0.03272	0.11181	0.00886	0.00241	0.00319	0.01351	0.00460	0.00407
12	0.01321	0.09214	0.20879	0.01485	0.01925	0.22386	0.21330	0.01649	0.01199	0.01453	0.01053	0.03427	0.00911	0.02734	0.00602	0.00168	0.02937	0.04414	0.00264	0.00647
13	0.01279	0.01300	0.01806	0.31988	0.27832	0.12577	0.06926	0.05312	0.03141	0.01564	0.00967	0.01280	0.00761	0.00501	0.00511	0.00159	0.00695	0.00453	0.00266	0.00684
14	0.00941	0.00894	0.01575	0.09217	0.07132	0.00865	0.23384	0.01242	0.04311	0.01502	0.01874	0.31527	0.04591	0.00920	0.00586	0.00177	0.00536	0.00891	0.00360	0.07475
15	0.02623	0.00916	0.01530	0.28784	0.02196	0.01022	0.15160	0.04706	0.01107	0.01494	0.01572	0.17781	0.03585	0.00852	0.00683	0.00188	0.08102	0.06811	0.00325	0.00563
16	0.01238	0.04948	0.12255	0.05539	0.07733	0.00937	0.02182	0.01558	0.05830	0.18268	0.04742	0.12918	0.12043	0.00841	0.00624	0.00172	0.06399	0.00698	0.00414	0.00660
17	0.01141	0.01486	0.15004	0.03483	0.03173	0.10811	0.28882	0.01486	0.01170	0.01517	0.01421	0.05689	0.02661	0.00823	0.03301	0.00202	0.03656	0.13168	0.00301	0.00623
18	0.01189	0.01131	0.02122	0.14715	0.02302	0.03839	0.40114	0.01520	0.01129	0.07805	0.01166	0.01569	0.00921	0.03849	0.13985	0.00291	0.00875	0.00559	0.00290	0.00631
19	0.01053	0.02679	0.20541	0.01381	0.01812	0.01039	0.24507	0.04147	0.07512	0.01797	0.17609	0.06252	0.01866	0.00690	0.00562	0.00167	0.00601	0.02518	0.00362	0.02904

[dist]
# distance from previous block
# <min> <max>
10	79

[block]
# block no. 2 follows, 48 sequences, length 25
# corresponding to MSA columns:
# 255-279
name=unknown_C
#
# <colnr> <probs for GDERKNQSTAVLIFYWHMCP>
#	G	D	E	R	K	N	Q	S	T	A	V	L	I	F	Y	W	H	M	C	P
0	0.01390	0.03490	0.06240	0.00925	0.01262	0.05909	0.00784	0.09708	0.13443	0.17180	0.06601	0.05896	0.12104	0.00761	0.00516	0.00153	0.00452	0.01575	0.00465	0.11146
1	0.04909	0.02256	0.01091	0.00859	0.01166	0.06157	0.00669	0.08100	0.04520	0.15612	0.03669	0.02902	0.01219	0.13670	0.00846	0.00188	0.03622	0.00481	0.00396	0.27669
2	0.01319	0.00955	0.01258	0.03723	0.11085	0.00918	0.02943	0.07299	0.12663	0.13863	0.04981	0.03419	0.04668	0.00760	0.04147	0.00171	0.00488	0.00524	0.02223	0.22593
3	0.16544	0.05939	0.12380	0.00875	0.01271	0.00974	0.00809	0.06078	0.04959	0.06910	0.05364	0.03307	0.04786	0.04479	0.00541	0.00153	0.00455	0.00462	0.00360	0.23356
4	0.01127	0.01057	0.06946	0.00932	0.01338	0.00852	0.03844	0.03122	0.14924	0.04699	0.03633	0.01785	0.04484	0.00581	0.00466	0.00125	0.00435	0.04917	0.00376	0.44356
5	0.01203	0.00960	0.01361	0.01236	0.08791	0.03120	0.09651	0.06311	0.01252	0.09822	0.13798	0.11094	0.01815	0.03135	0.00692	0.00165	0.07536	0.00648	0.00396	0.17015
6	0.01838	0.01372	0.01558	0.14120	0.01924	0.21630	0.10529	0.04218	0.01388	0.34190	0.01375	0.01410	0.00942	0.00561	0.00513	0.00155	0.00662	0.00467	0.00421	0.00728
7	0.01210	0.10545	0.01824	0.02132	0.45137	0.01141	0.01193	0.01474	0.01124	0.01617	0.00968	0.01280	0.00837	0.00459	0.00455	0.00128	0.00532	0.02409	0.00270	0.25266
8	0.00685	0.00585	0.00597	0.00588	0.00770	0.00531	0.00442	0.00967	0.10084	0.01472	0.04747	0.07483	0.66760	0.01241	0.00598	0.00175	0.00278	0.01039	0.00482	0.00477
9	0.00684	0.00601	0.00702	0.00826	0.09778	0.00525	0.00528	0.00834	0.01169	0.01420	0.04705	0.04511	0.69511	0.01201	0.00595	0.00171	0.00301	0.01010	0.00451	0.00477
10	0.01394	0.01132	0.01346	0.01482	0.20846	0.04605	0.00944	0.26319	0.08938	0.02219	0.01760	0.01835	0.10027	0.00656	0.00496	0.00151	0.00488	0.00541	0.14095	0.00724
11	0.01415	0.01522	0.01844	0.02410	0.47335	0.21620	0.01357	0.01647	0.01186	0.01502	0.00877	0.01159	0.00753	0.00541	0.00671	0.00158	0.12609	0.00423	0.00252	0.00719
12	0.01729	0.01130	0.01271	0.01041	0.01390	0.01216	0.00838	0.25508	0.32826	0.22114	0.04111	0.01719	0.01376	0.00666	0.00520	0.00164	0.00458	0.00538	0.00549	0.00836
13	0.01297	0.01130	0.01598	0.42994	0.14479	0.03378	0.01298	0.21459	0.01432	0.01883	0.01059	0.01446	0.00825	0.00561	0.00517	0.00165	0.00641	0.02837	0.00316	0.00685
14	0.01234	0.01160	0.01399	0.24454	0.11002	0.07078	0.01092	0.02131	0.40928	0.01783	0.01520	0.01607	0.01155	0.00603	0.00513	0.00168	0.00549	0.00511	0.00386	0.00726
15	0.01111	0.00946	0.01517	0.14919	0.42730	0.00985	0.01184	0.01390	0.01096	0.01631	0.01163	0.01548	0.00969	0.04176	0.02503	0.00179	0.00548	0.00477	0.20263	0.00663
16	0.00621	0.00464	0.00577	0.00667	0.00732	0.00421	0.00455	0.00720	0.01028	0.01328	0.03403	0.63042	0.21614	0.01533	0.00643	0.00200	0.00289	0.01368	0.00476	0.00421
17	0.00685	0.00523	0.00629	0.00602	0.00741	0.00467	0.00452	0.00889	0.01356	0.01828	0.53402	0.04211	0.30079	0.01135	0.00606	0.00165	0.00248	0.00981	0.00535	0.00467
18	0.01079	0.01090	0.01529	0.71493	0.03307	0.10306	0.01375	0.01397	0.01076	0.01305	0.00898	0.01316	0.00681	0.00515	0.00507	0.00166	0.00712	0.00441	0.00232	0.00573
19	0.01545	0.01475	0.23944	0.01741	0.25180	0.01009	0.01321	0.01893	0.01265	0.29486	0.05035	0.01510	0.01122	0.00558	0.00510	0.00158	0.00573	0.00478	0.00395	0.00803
20	0.01529	0.01041	0.01306	0.00997	0.01399	0.00980	0.05689	0.16054	0.11503	0.19259	0.04803	0.01502	0.01182	0.00556	0.00479	0.00132	0.00456	0.00464	0.00454	0.30216
21	0.01362	0.00938	0.01225	0.01172	0.10250	0.00901	0.02729	0.08305	0.12365	0.17332	0.05080	0.12383	0.03752	0.00734	0.00531	0.00151	0.01512	0.00631	0.00451	0.18194
22	0.01265	0.00853	0.01105	0.00974	0.04564	0.00832	0.02829	0.08541	0.06677	0.16375	0.22503	0.04745	0.09030	0.00805	0.00606	0.00156	0.05205	0.00672	0.00483	0.11779
23	0.01280	0.00981	0.01338	0.05870	0.19412	0.00996	0.02785	0.09873	0.14076	0.10763	0.10018	0.02241	0.12998	0.00721	0.00534	0.00159	0.00461	0.00624	0.00437	0.04435
24	0.03141	0.01179	0.01370	0.01290	0.11002	0.09037	0.06079	0.13094	0.12076	0.06523	0.03619	0.03427	0.10119	0.00654	0.00504	0.00146	0.00514	0.00550	0.00403	0.15273

[dist]
# distance from previous block
# <min> <max>
3	51

[block]
# block no. 3 follows, 48 sequences, length 18
# corresponding to MSA columns:
# 331-348
name=unknown_D
#
# <colnr> <probs for GDERKNQSTAVLIFYWHMCP>
#	G	D	E	R	K	N	Q	S	T	A	V	L	I	F	Y	W	H	M	C	P
0	0.01135	0.00977	0.01216	0.06479	0.05156	0.07819	0.06474	0.01396	0.03395	0.07112	0.13770	0.08787	0.05185	0.00718	0.00552	0.00144	0.03542	0.00615	0.03004	0.22524
1	0.01170	0.02906	0.03214	0.01007	0.01310	0.04274	0.10150	0.06613	0.05629	0.08803	0.21090	0.09580	0.04635	0.00777	0.00556	0.00152	0.01914	0.00683	0.00435	0.15099
2	0.00997	0.00938	0.01621	0.01270	0.01569	0.00879	0.27395	0.04320	0.01146	0.01600	0.05562	0.25569	0.01799	0.03053	0.00676	0.00175	0.04007	0.00813	0.00359	0.16251
3	0.01534	0.04299	0.01385	0.01064	0.04732	0.00882	0.07229	0.06950	0.01300	0.27063	0.01434	0.06851	0.01115	0.00574	0.00475	0.00131	0.00464	0.00495	0.00429	0.31593
4	0.01064	0.00912	0.01064	0.00760	0.01216	0.00684	0.00608	0.01292	0.01064	0.01672	0.00912	0.01064	0.00760	0.00380	0.00380	0.00076	0.00380	0.00304	0.00304	0.85104
5	0.00642	0.00471	0.00607	0.00708	0.00767	0.00436	0.00497	0.00751	0.01028	0.01342	0.03159	0.63299	0.14194	0.01545	0.00653	0.00206	0.00309	0.08484	0.00476	0.00424
6	0.00669	0.00519	0.00609	0.00593	0.00733	0.00459	0.00442	0.00855	0.01307	0.01729	0.42867	0.07803	0.37202	0.01184	0.00608	0.00169	0.00252	0.01020	0.00522	0.00459
7	0.01266	0.01080	0.01551	0.34223	0.15860	0.01234	0.01224	0.20657	0.03583	0.01950	0.07818	0.01537	0.01143	0.00598	0.00570	0.00165	0.04007	0.00502	0.00343	0.00689
8	0.00626	0.00497	0.00563	0.00597	0.00718	0.00434	0.00428	0.00756	0.01142	0.01438	0.12805	0.29401	0.46045	0.01370	0.00622	0.00183	0.00270	0.01186	0.00487	0.00434
9	0.35573	0.01208	0.01167	0.00956	0.01312	0.01367	0.00782	0.35612	0.12939	0.02697	0.01150	0.01172	0.00847	0.00572	0.00436	0.00159	0.00474	0.00405	0.00436	0.00736
10	0.01365	0.01267	0.01904	0.12499	0.54138	0.04660	0.01439	0.13166	0.01354	0.01852	0.00992	0.01262	0.00799	0.00492	0.00507	0.00154	0.00626	0.00452	0.00291	0.00782
11	0.01289	0.01357	0.01479	0.36747	0.14205	0.23985	0.01203	0.01553	0.01178	0.01418	0.00971	0.01285	0.00768	0.00518	0.00480	0.00151	0.00693	0.00422	0.09691	0.00604
12	0.01270	0.01219	0.02083	0.03149	0.78767	0.01219	0.01575	0.01575	0.01168	0.01676	0.00965	0.01270	0.00813	0.00457	0.00508	0.00152	0.00610	0.00457	0.00254	0.00813
13	0.00621	0.00462	0.00579	0.00673	0.00733	0.00420	0.00458	0.00719	0.01022	0.01326	0.03329	0.65417	0.19286	0.01542	0.00645	0.00201	0.00290	0.01379	0.00476	0.00420
14	0.00682	0.00523	0.00624	0.00599	0.00739	0.00465	0.00449	0.00882	0.01347	0.01808	0.51211	0.04244	0.32282	0.01142	0.00606	0.00166	0.00249	0.00986	0.00532	0.00465
15	0.00969	0.00912	0.01539	0.80734	0.03534	0.01140	0.01425	0.01311	0.01026	0.01311	0.00912	0.01368	0.00684	0.00513	0.00513	0.00171	0.00684	0.00456	0.00228	0.00570
16	0.01400	0.01254	0.02004	0.15819	0.14630	0.01318	0.22593	0.26873	0.01573	0.02113	0.01250	0.01466	0.04172	0.00550	0.00543	0.00163	0.00665	0.00528	0.00348	0.00739
17	0.24153	0.01054	0.01118	0.01044	0.06520	0.02483	0.00775	0.16309	0.14092	0.06674	0.08772	0.03097	0.01421	0.00655	0.00471	0.00158	0.00442	0.03557	0.00434	0.06771

[dist]
# distance from previous block
# <min> <max>
1	31

[block]
# block no. 4 follows, 48 sequences, length 15
# corresponding to MSA columns:
# 384-398
name=unknown_E
#
# <colnr> <probs for GDERKNQSTAVLIFYWHMCP>
#	G	D	E	R	K	N	Q	S	T	A	V	L	I	F	Y	W	H	M	C	P
0	0.04083	0.01084	0.04123	0.01010	0.05040	0.04840	0.00775	0.09154	0.10874	0.17020	0.03186	0.01643	0.01180	0.09807	0.00709	0.00175	0.00476	0.00471	0.00416	0.23934
1	0.01227	0.01582	0.23167	0.05118	0.22243	0.01247	0.04946	0.09092	0.16657	0.01864	0.01336	0.01470	0.03505	0.00575	0.00558	0.00165	0.03665	0.00488	0.00328	0.00765
2	0.01099	0.00968	0.01601	0.39876	0.13355	0.01068	0.08422	0.03142	0.01147	0.05729	0.05901	0.01753	0.06533	0.00605	0.00575	0.00166	0.03749	0.00541	0.00304	0.03466
3	0.11099	0.01140	0.01402	0.05247	0.19081	0.01237	0.01000	0.14274	0.27755	0.07182	0.01431	0.01463	0.01074	0.00579	0.00488	0.00159	0.00491	0.00478	0.00421	0.03997
4	0.01437	0.01225	0.01678	0.14437	0.33935	0.05715	0.01251	0.20539	0.01477	0.05745	0.01195	0.06866	0.01001	0.00599	0.00518	0.00159	0.00598	0.00523	0.00350	0.00753
5	0.00708	0.00520	0.00747	0.00776	0.00846	0.00575	0.00574	0.00853	0.00857	0.01204	0.01747	0.21441	0.01842	0.09659	0.54409	0.00649	0.01042	0.00786	0.00327	0.00436
6	0.01191	0.01139	0.01941	0.23438	0.59093	0.01198	0.01536	0.01506	0.01131	0.01581	0.00951	0.01296	0.00779	0.00472	0.00509	0.00157	0.00629	0.00457	0.00247	0.00749
7	0.00619	0.00469	0.00572	0.00654	0.00728	0.00422	0.00450	0.00721	0.01040	0.01333	0.03559	0.57967	0.26587	0.01512	0.00640	0.00198	0.00286	0.01343	0.00476	0.00422
8	0.01204	0.60991	0.02167	0.00817	0.01174	0.01628	0.00775	0.01389	0.01149	0.01429	0.20965	0.01607	0.01748	0.00598	0.00401	0.00123	0.00469	0.00445	0.00309	0.00613
9	0.01111	0.01121	0.01591	0.62914	0.11871	0.10071	0.01393	0.01425	0.01091	0.01346	0.00905	0.01307	0.00696	0.00508	0.00507	0.00164	0.00703	0.00442	0.00235	0.00600
10	0.01246	0.00979	0.01492	0.59989	0.02991	0.01158	0.01280	0.11039	0.03178	0.10056	0.01103	0.01406	0.00794	0.00544	0.00514	0.00168	0.00635	0.00466	0.00316	0.00647
11	0.00929	0.00854	0.00847	0.03096	0.01040	0.09617	0.00592	0.01203	0.07834	0.01563	0.14482	0.17929	0.19141	0.03413	0.00610	0.00166	0.00393	0.00839	0.00428	0.15023
12	0.11549	0.00976	0.01116	0.00932	0.03491	0.00957	0.00725	0.20889	0.01521	0.19739	0.08392	0.04407	0.07541	0.00684	0.00488	0.00146	0.00425	0.00548	0.00475	0.15000
13	0.09500	0.00818	0.01089	0.04540	0.14123	0.00824	0.00802	0.05875	0.04342	0.12578	0.10884	0.24811	0.02146	0.00926	0.00547	0.00173	0.00415	0.02524	0.00445	0.02639
14	0.01399	0.01098	0.01239	0.06190	0.07615	0.06238	0.00874	0.10724	0.25568	0.11580	0.05303	0.02021	0.06847	0.00693	0.00519	0.00158	0.00479	0.03064	0.00457	0.07933

[dist]
# distance from previous block
# <min> <max>
5	18

[block]
# block no. 5 follows, 48 sequences, length 11
# corresponding to MSA columns:
# 419-429
name=unknown_F
#
# <colnr> <probs for GDERKNQSTAVLIFYWHMCP>
#	G	D	E	R	K	N	Q	S	T	A	V	L	I	F	Y	W	H	M	C	P
0	0.04049	0.01114	0.01906	0.13439	0.27888	0.01106	0.18939	0.03146	0.03055	0.01658	0.01117	0.06672	0.00963	0.00536	0.00518	0.00154	0.00614	0.00535	0.00288	0.12303
1	0.01643	0.06933	0.13471	0.01165	0.01619	0.03542	0.01069	0.45985	0.09496	0.02587	0.01202	0.01230	0.00880	0.00574	0.00488	0.00148	0.00575	0.00434	0.00428	0.06530
2	0.00914	0.00639	0.00712	0.00648	0.00728	0.00643	0.00411	0.10115	0.00970	0.01312	0.01524	0.02951	0.01673	0.66785	0.02212	0.00428	0.00498	0.00683	0.00335	0.05817
3	0.20607	0.00634	0.00682	0.00637	0.00810	0.00634	0.00489	0.01067	0.01282	0.02033	0.51296	0.03265	0.12854	0.00945	0.00538	0.00162	0.00281	0.00794	0.00496	0.00495
4	0.25489	0.01054	0.01489	0.16626	0.32782	0.01127	0.01152	0.01622	0.01095	0.11473	0.01016	0.01223	0.00772	0.00495	0.00455	0.00158	0.00541	0.00413	0.00315	0.00701
5	0.01085	0.01060	0.01875	0.44430	0.20876	0.01153	0.13606	0.01425	0.01092	0.01475	0.00945	0.01327	0.00735	0.00478	0.00518	0.00161	0.00675	0.00470	0.00244	0.06370
6	0.00848	0.00735	0.01289	0.01087	0.01260	0.00767	0.18455	0.01054	0.00900	0.01259	0.01343	0.02130	0.01278	0.18305	0.46236	0.00608	0.01084	0.00601	0.00278	0.00484
7	0.01906	0.00878	0.01133	0.00906	0.01212	0.00838	0.00723	0.15971	0.01457	0.46634	0.01611	0.01607	0.01107	0.00901	0.00865	0.20064	0.00463	0.00489	0.00516	0.00721
8	0.00621	0.00464	0.00578	0.00669	0.00732	0.00421	0.00456	0.00720	0.01026	0.01328	0.03384	0.63653	0.21014	0.01535	0.00644	0.00200	0.00289	0.01371	0.00476	0.00421
9	0.01173	0.01033	0.01628	0.24198	0.20165	0.01107	0.08654	0.14028	0.01388	0.01891	0.15511	0.04086	0.01608	0.00641	0.00542	0.00163	0.00571	0.00589	0.00355	0.00669
10	0.00983	0.01320	0.19771	0.62151	0.03226	0.01152	0.01535	0.01385	0.01039	0.01385	0.00914	0.01301	0.00676	0.00507	0.00507	0.00169	0.00701	0.00438	0.00225	0.00614

[dist]
# distance from previous block
# <min> <max>
12	38

[block]
# block no. 6 follows, 48 sequences, length 25
# corresponding to MSA columns:
# 475-499
name=unknown_G
#
# <colnr> <probs for GDERKNQSTAVLIFYWHMCP>
#	G	D	E	R	K	N	Q	S	T	A	V	L	I	F	Y	W	H	M	C	P
0	0.01499	0.01334	0.01723	0.01510	0.08666	0.14022	0.17788	0.10617	0.07679	0.12037	0.01391	0.09742	0.01169	0.00675	0.00621	0.00166	0.06304	0.00590	0.00382	0.02085
1	0.00840	0.00644	0.00750	0.00721	0.00885	0.00635	0.00547	0.03027	0.14495	0.03195	0.31519	0.13591	0.22011	0.01117	0.00598	0.00175	0.00302	0.03893	0.00521	0.00535
2	0.01144	0.00775	0.00928	0.08038	0.01238	0.03063	0.00669	0.04911	0.05848	0.15626	0.04692	0.24007	0.16604	0.01001	0.00558	0.00168	0.00395	0.00862	0.00466	0.09006
3	0.01205	0.01206	0.08807	0.03359	0.34630	0.04846	0.01181	0.06886	0.01176	0.04869	0.01274	0.01693	0.03321	0.08994	0.14027	0.00300	0.00736	0.00509	0.00301	0.00680
4	0.03477	0.00969	0.01417	0.07825	0.05344	0.00937	0.11268	0.12513	0.01346	0.17999	0.01591	0.17493	0.01406	0.00739	0.00530	0.00158	0.00506	0.00664	0.00424	0.13396
5	0.16199	0.01460	0.01360	0.01083	0.01461	0.12034	0.00880	0.48627	0.01924	0.02696	0.01061	0.01110	0.00782	0.00564	0.00464	0.00146	0.00572	0.00402	0.00431	0.06743
6	0.03036	0.00839	0.01189	0.01266	0.15149	0.00830	0.05611	0.08347	0.05122	0.01996	0.35955	0.02911	0.10043	0.00852	0.00567	0.00162	0.00402	0.02976	0.00460	0.02287
7	0.01851	0.02346	0.01602	0.01401	0.01689	0.72531	0.08115	0.02011	0.01431	0.01292	0.00816	0.00968	0.00672	0.00520	0.00476	0.00136	0.00920	0.00356	0.00264	0.00604
8	0.01259	0.01208	0.02063	0.05979	0.76023	0.01216	0.01569	0.01565	0.01163	0.01663	0.00963	0.01274	0.00808	0.00459	0.00508	0.00153	0.00612	0.00457	0.00253	0.00804
9	0.01525	0.01308	0.01932	0.02091	0.32747	0.01363	0.12003	0.31577	0.04404	0.02312	0.01138	0.01309	0.00870	0.00528	0.00521	0.00156	0.00612	0.00485	0.02308	0.00812
10	0.00636	0.00462	0.00603	0.00712	0.00760	0.00429	0.00491	0.00738	0.01011	0.01331	0.03026	0.70221	0.09879	0.01569	0.00654	0.00207	0.00305	0.06067	0.00476	0.00422
11	0.01305	0.01241	0.08304	0.04081	0.01683	0.01161	0.15582	0.26139	0.08840	0.02305	0.21693	0.02006	0.01944	0.00688	0.00554	0.00163	0.00543	0.00617	0.00443	0.00709
12	0.00750	0.00538	0.00747	0.00846	0.00934	0.00535	0.00682	0.00935	0.01098	0.01457	0.06299	0.29255	0.03027	0.01688	0.08121	0.00279	0.00491	0.41403	0.00460	0.00454
13	0.00680	0.00495	0.00640	0.00662	0.00753	0.00455	0.00475	0.00857	0.01257	0.01731	0.45115	0.32962	0.09456	0.01275	0.00624	0.00180	0.00264	0.01137	0.00526	0.00455
14	0.01929	0.02081	0.01485	0.01271	0.01588	0.51579	0.00986	0.29181	0.01801	0.01971	0.00952	0.01036	0.00738	0.00560	0.00481	0.00140	0.00795	0.00378	0.00354	0.00695
15	0.00607	0.00516	0.00524	0.00531	0.00696	0.00432	0.00395	0.00735	0.01159	0.01382	0.05065	0.09242	0.74340	0.01317	0.00609	0.00175	0.00262	0.01104	0.00476	0.00432
16	0.01629	0.01967	0.01497	0.01331	0.01500	0.51571	0.01039	0.01754	0.01212	0.01248	0.00750	0.00997	0.00666	0.00662	0.00904	0.00166	0.29901	0.00373	0.00250	0.00583
17	0.85592	0.00992	0.00754	0.00675	0.00992	0.01151	0.00556	0.01508	0.00873	0.02302	0.00714	0.00834	0.00556	0.00476	0.00318	0.00159	0.00397	0.00278	0.00318	0.00556
18	0.00696	0.00509	0.00653	0.00647	0.00755	0.00467	0.00474	0.00899	0.01337	0.01853	0.57323	0.18634	0.11486	0.01178	0.00615	0.00171	0.00254	0.01043	0.00540	0.00467
19	0.00698	0.00499	0.00679	0.00798	0.00860	0.00480	0.00603	0.00841	0.01054	0.01391	0.02788	0.54198	0.03234	0.01539	0.00674	0.00218	0.00361	0.28174	0.00475	0.00437
20	0.00734	0.00547	0.00810	0.00810	0.00896	0.00633	0.00623	0.00907	0.00820	0.01180	0.01388	0.02091	0.01315	0.08232	0.75595	0.00806	0.01325	0.00561	0.00277	0.00450
21	0.01146	0.01090	0.01851	0.30713	0.49957	0.01170	0.01493	0.01459	0.01113	0.01537	0.00994	0.03386	0.00834	0.00507	0.00514	0.00160	0.00628	0.00483	0.00250	0.00716
22	0.01737	0.01305	0.01703	0.01868	0.29481	0.01378	0.01171	0.42756	0.01874	0.09792	0.01210	0.01294	0.00888	0.00560	0.00512	0.00154	0.00569	0.00465	0.00431	0.00851
23	0.01382	0.01199	0.01163	0.01007	0.01300	0.08570	0.00790	0.21946	0.35445	0.02198	0.02302	0.04087	0.14806	0.00787	0.00532	0.00165	0.00469	0.00634	0.00487	0.00732
24	0.01532	0.01135	0.01485	0.27022	0.02184	0.03025	0.04737	0.21677	0.15179	0.14647	0.01390	0.01482	0.00990	0.00589	0.00519	0.00164	0.00577	0.00494	0.00424	0.00748

[dist]
# distance from previous block
# <min> <max>
0	1

[block]
# block no. 7 follows, 48 sequences, length 10
# corresponding to MSA columns:
# 501-510
name=unknown_H
#
# <colnr> <probs for GDERKNQSTAVLIFYWHMCP>
#	G	D	E	R	K	N	Q	S	T	A	V	L	I	F	Y	W	H	M	C	P
0	0.01795	0.02238	0.01497	0.08654	0.06047	0.68368	0.01063	0.01955	0.01399	0.01284	0.00813	0.00985	0.00671	0.00523	0.00470	0.00137	0.00886	0.00349	0.00260	0.00605
1	0.01347	0.01228	0.01901	0.02652	0.59927	0.01268	0.01407	0.10209	0.11374	0.01913	0.01143	0.01350	0.00918	0.00506	0.00510	0.00155	0.00578	0.00474	0.00318	0.00819
2	0.00622	0.00458	0.00583	0.00683	0.00736	0.00419	0.00462	0.00718	0.01013	0.01322	0.03215	0.69114	0.15663	0.01557	0.00647	0.00203	0.00292	0.01397	0.00476	0.00419
3	0.01221	0.01396	0.09301	0.01870	0.10782	0.01273	0.38521	0.01963	0.24444	0.01798	0.01338	0.01505	0.01010	0.00520	0.00559	0.00170	0.00687	0.00561	0.00335	0.00748
4	0.01031	0.00933	0.01529	0.09231	0.45082	0.00942	0.01183	0.01280	0.01139	0.01593	0.09319	0.21122	0.01841	0.00803	0.00554	0.00169	0.00503	0.00749	0.00338	0.00661
5	0.01221	0.01033	0.01490	0.01737	0.27074	0.01068	0.05427	0.17612	0.08380	0.01968	0.04575	0.22747	0.01730	0.00839	0.00559	0.00171	0.00500	0.00762	0.00405	0.00701
6	0.01241	0.45003	0.09450	0.00934	0.01325	0.01553	0.00902	0.05983	0.11517	0.01579	0.08142	0.05553	0.03642	0.00629	0.00431	0.00138	0.00502	0.00480	0.00329	0.00667
7	0.01621	0.05532	0.01257	0.00965	0.01303	0.03073	0.00785	0.16815	0.14550	0.24393	0.01759	0.08500	0.01419	0.00730	0.00513	0.00157	0.00460	0.05276	0.00498	0.10394
8	0.06858	0.01332	0.01431	0.15452	0.09266	0.12245	0.01037	0.21909	0.14943	0.05995	0.01235	0.01332	0.00922	0.00569	0.00491	0.00155	0.00590	0.00449	0.00392	0.03396
9	0.01535	0.01284	0.01213	0.05585	0.01436	0.17719	0.00828	0.15281	0.15227	0.11785	0.13329	0.01778	0.01614	0.00661	0.00506	0.00150	0.00531	0.00525	0.03399	0.05613

[dist]
# distance from previous block
# <min> <max>
8	31

[block]
# block no. 8 follows, 48 sequences, length 27
# corresponding to MSA columns:
# 542-568
name=unknown_I
#
# <colnr> <probs for GDERKNQSTAVLIFYWHMCP>
#	G	D	E	R	K	N	Q	S	T	A	V	L	I	F	Y	W	H	M	C	P
0	0.01400	0.01207	0.01578	0.08289	0.19148	0.04091	0.05509	0.25179	0.13057	0.02143	0.02649	0.01625	0.04761	0.00833	0.06034	0.00206	0.00628	0.00525	0.00391	0.00748
1	0.36283	0.04964	0.23669	0.01030	0.01477	0.01142	0.05189	0.03934	0.01015	0.01898	0.00891	0.01090	0.00700	0.00842	0.09054	0.00226	0.00644	0.00362	0.00282	0.05307
2	0.00954	0.00895	0.01464	0.46994	0.05239	0.01090	0.04824	0.01216	0.00993	0.01327	0.01227	0.15793	0.01180	0.00767	0.00733	0.00186	0.13646	0.00643	0.00275	0.00555
3	0.01147	0.00873	0.01032	0.06808	0.01275	0.00968	0.00729	0.10518	0.27728	0.05155	0.13460	0.02306	0.01919	0.13092	0.10427	0.00295	0.00552	0.00629	0.00450	0.00637
4	0.00621	0.00464	0.00577	0.00667	0.00732	0.00421	0.00455	0.00720	0.01028	0.01328	0.03406	0.62915	0.21738	0.01532	0.00643	0.00200	0.00288	0.01367	0.00476	0.00421
5	0.00800	0.00595	0.00684	0.00669	0.00761	0.00609	0.00457	0.03217	0.08882	0.01348	0.06035	0.09107	0.15680	0.37379	0.11209	0.00399	0.00528	0.00818	0.00388	0.00435
6	0.00689	0.00523	0.00634	0.00606	0.00744	0.00468	0.00455	0.00896	0.01365	0.01849	0.55743	0.04176	0.27725	0.01127	0.00606	0.00165	0.00248	0.00976	0.00537	0.00468
7	0.01229	0.01076	0.01593	0.50597	0.02808	0.01299	0.03837	0.19507	0.01340	0.01776	0.00968	0.01310	0.00731	0.00576	0.00640	0.00173	0.09135	0.00462	0.00297	0.00646
8	0.85592	0.00992	0.00754	0.00675	0.00992	0.01151	0.00556	0.01508	0.00873	0.02302	0.00714	0.00834	0.00556	0.00476	0.00318	0.00159	0.00397	0.00278	0.00318	0.00556
9	0.01298	0.01400	0.06942	0.01087	0.01377	0.17619	0.00902	0.02183	0.42107	0.01831	0.05750	0.02230	0.03967	0.00755	0.00533	0.00170	0.00535	0.08172	0.00441	0.00700
10	0.01156	0.01089	0.01795	0.29388	0.45275	0.01179	0.01447	0.01556	0.06809	0.01583	0.01078	0.01473	0.00882	0.00520	0.00516	0.00163	0.00616	0.02484	0.00271	0.00721
11	0.00743	0.00510	0.00625	0.00625	0.00647	0.00533	0.00392	0.00788	0.00765	0.01043	0.01557	0.03028	0.01722	0.62797	0.21586	0.00578	0.00713	0.00698	0.00302	0.00347
12	0.01048	0.00654	0.03046	0.00734	0.00932	0.00548	0.00588	0.01229	0.01254	0.19119	0.17896	0.19127	0.23350	0.01147	0.00600	0.00180	0.00336	0.07138	0.00522	0.00552
13	0.00668	0.00481	0.00641	0.00755	0.00810	0.00455	0.00547	0.00790	0.01034	0.01362	0.02919	0.61610	0.06952	0.01552	0.00664	0.00213	0.00333	0.17308	0.00475	0.00430
14	0.01372	0.82276	0.02689	0.00878	0.01317	0.02030	0.00878	0.01536	0.01043	0.01207	0.00713	0.00823	0.00658	0.00439	0.00329	0.00110	0.00549	0.00274	0.00219	0.00658
15	0.01239	0.00994	0.01420	0.19240	0.10029	0.00948	0.05138	0.03753	0.06001	0.09660	0.01123	0.01301	0.00856	0.00474	0.00463	0.00128	0.00513	0.00415	0.00333	0.35973
16	0.01587	0.01671	0.08558	0.01299	0.01676	0.19086	0.08299	0.24263	0.22274	0.02149	0.01304	0.01346	0.00978	0.00596	0.00539	0.00159	0.02586	0.00470	0.00402	0.00759
17	0.67475	0.01041	0.01040	0.01206	0.17702	0.01166	0.00775	0.01523	0.00937	0.02168	0.00768	0.00927	0.00611	0.00472	0.00358	0.00157	0.00443	0.00316	0.00304	0.00611
18	0.00919	0.00638	0.00788	0.00881	0.06585	0.00660	0.00601	0.01230	0.09799	0.01548	0.01879	0.03166	0.01837	0.24546	0.03468	0.00285	0.00447	0.17510	0.22720	0.00491
19	0.01215	0.01205	0.01850	0.29622	0.47239	0.07030	0.01480	0.01519	0.01141	0.01520	0.00934	0.01278	0.00757	0.00482	0.00506	0.00157	0.00659	0.00447	0.00246	0.00713
20	0.00625	0.00447	0.00595	0.00714	0.00744	0.00417	0.00476	0.00714	0.00982	0.01310	0.02828	0.81633	0.03394	0.01608	0.00655	0.00208	0.00298	0.01459	0.00476	0.00417
21	0.01131	0.01000	0.01230	0.25743	0.01970	0.01171	0.00971	0.02139	0.48307	0.01831	0.01954	0.01969	0.07005	0.00684	0.00526	0.00173	0.00482	0.00579	0.00427	0.00709
22	0.01189	0.01055	0.01597	0.50438	0.14979	0.01231	0.01335	0.13013	0.06930	0.01724	0.01056	0.01372	0.00798	0.00533	0.00513	0.00166	0.00633	0.00466	0.00297	0.00672
23	0.00694	0.00519	0.00644	0.00622	0.00749	0.00469	0.00463	0.00902	0.01362	0.01866	0.57929	0.08724	0.20892	0.01137	0.00608	0.00167	0.00249	0.00994	0.00540	0.00469
24	0.14154	0.00917	0.01171	0.02992	0.01322	0.00878	0.07385	0.04617	0.07958	0.14452	0.13399	0.05083	0.01635	0.00638	0.00480	0.00144	0.00427	0.00542	0.00429	0.21377
25	0.14763	0.03376	0.01266	0.01023	0.03587	0.12445	0.00798	0.17376	0.04820	0.13898	0.01149	0.01185	0.00850	0.00522	0.00439	0.00133	0.00520	0.00385	0.00400	0.21067
26	0.03221	0.01294	0.09057	0.01187	0.03569	0.03834	0.04328	0.12802	0.26515	0.18326	0.01619	0.01662	0.01191	0.00644	0.00563	0.00166	0.03832	0.02663	0.00463	0.03063

[dist]
# distance from previous block
# <min> <max>
4	21

[block]
# block no. 9 follows, 48 sequences, length 16
# corresponding to MSA columns:
# 590-605
name=unknown_J
#
# <colnr> <probs for GDERKNQSTAVLIFYWHMCP>
#	G	D	E	R	K	N	Q	S	T	A	V	L	I	F	Y	W	H	M	C	P
0	0.01514	0.01133	0.01478	0.07779	0.01691	0.04505	0.09697	0.15677	0.09192	0.16301	0.01399	0.01638	0.01071	0.00609	0.00561	0.00153	0.04097	0.04761	0.00419	0.16324
1	0.00959	0.00841	0.01161	0.18815	0.05914	0.00893	0.04958	0.01478	0.18893	0.01629	0.04789	0.10789	0.16650	0.00832	0.00542	0.00167	0.00450	0.00730	0.04061	0.05448
2	0.00795	0.00610	0.00865	0.21619	0.03222	0.00648	0.00746	0.00995	0.01050	0.01440	0.02369	0.31565	0.10986	0.01085	0.00566	0.00181	0.00405	0.06520	0.13852	0.00482
3	0.04740	0.01224	0.01726	0.40530	0.14359	0.11955	0.09839	0.01481	0.01109	0.01435	0.00942	0.03039	0.00765	0.00537	0.00562	0.00166	0.04251	0.00470	0.00250	0.00620
4	0.00969	0.00912	0.01539	0.80734	0.03534	0.01140	0.01425	0.01311	0.01026	0.01311	0.00912	0.01368	0.00684	0.00513	0.00513	0.00171	0.00684	0.00456	0.00228	0.00570
5	0.00606	0.00520	0.00520	0.00520	0.00693	0.00433	0.00390	0.00736	0.01170	0.01386	0.05198	0.04938	0.78558	0.01299	0.00606	0.00173	0.00260	0.01083	0.00476	0.00433
6	0.01372	0.82276	0.02689	0.00878	0.01317	0.02030	0.00878	0.01536	0.01043	0.01207	0.00713	0.00823	0.00658	0.00439	0.00329	0.00110	0.00549	0.00274	0.00219	0.00658
7	0.00608	0.00516	0.00524	0.00531	0.00696	0.00432	0.00395	0.00735	0.01159	0.01382	0.05062	0.09340	0.74244	0.01317	0.00609	0.00175	0.00262	0.01104	0.00476	0.00432
8	0.85592	0.00992	0.00754	0.00675	0.00992	0.01151	0.00556	0.01508	0.00873	0.02302	0.00714	0.00834	0.00556	0.00476	0.00318	0.00159	0.00397	0.00278	0.00318	0.00556
9	0.75807	0.01019	0.00908	0.00962	0.10017	0.01159	0.00674	0.01516	0.00907	0.02230	0.00744	0.00884	0.00586	0.00474	0.00340	0.00158	0.00422	0.00299	0.00310	0.00586
10	0.00637	0.00471	0.00598	0.00679	0.00738	0.00442	0.00464	0.00736	0.00990	0.01296	0.03074	0.56854	0.16811	0.06339	0.07068	0.00268	0.00388	0.01277	0.00451	0.00417
11	0.01276	0.01102	0.01160	0.01044	0.01334	0.01276	0.00812	0.02727	0.77840	0.02146	0.02088	0.01914	0.01566	0.00696	0.00522	0.00174	0.00406	0.00580	0.00522	0.00812
12	0.00735	0.00544	0.00794	0.00794	0.00875	0.00625	0.00603	0.00897	0.00816	0.01168	0.01403	0.02171	0.01350	0.12913	0.70961	0.00787	0.01273	0.00573	0.00279	0.00441
13	0.00898	0.00747	0.01040	0.01273	0.18269	0.00735	0.00802	0.01253	0.08803	0.01776	0.28053	0.03598	0.16033	0.00989	0.00593	0.00175	0.00383	0.13541	0.00460	0.00579
14	0.01972	0.01101	0.01488	0.01310	0.10448	0.01069	0.05096	0.23158	0.01667	0.41369	0.01578	0.01498	0.01057	0.00587	0.00514	0.00154	0.00514	0.00490	0.00522	0.04408
15	0.05067	0.01187	0.01501	0.15844	0.15044	0.01310	0.01091	0.32088	0.11092	0.05673	0.01390	0.01487	0.03729	0.00600	0.00509	0.00160	0.00551	0.00492	0.00414	0.00771

[dist]
# distance from previous block
# <min> <max>
0	2

[block]
# block no. 10 follows, 48 sequences, length 78
# corresponding to MSA columns:
# 608-638,642-688
name=unknown_K
#
# <colnr> <probs for GDERKNQSTAVLIFYWHMCP>
#	G	D	E	R	K	N	Q	S	T	A	V	L	I	F	Y	W	H	M	C	P
0	0.01575	0.01151	0.01492	0.01639	0.23267	0.01220	0.01045	0.15118	0.29441	0.16084	0.01612	0.01585	0.01181	0.00604	0.00515	0.00162	0.00496	0.00514	0.00465	0.00834
1	0.01303	0.28740	0.02471	0.01737	0.14944	0.08376	0.27236	0.01576	0.01155	0.01448	0.01000	0.05861	0.00887	0.00517	0.00486	0.00147	0.00687	0.00494	0.00258	0.00676
2	0.28828	0.07595	0.01319	0.01083	0.01370	0.47105	0.00846	0.01819	0.01221	0.01589	0.00759	0.00893	0.00627	0.00514	0.00436	0.00141	0.02678	0.00312	0.00277	0.00586
3	0.00897	0.00710	0.00830	0.00767	0.00945	0.00737	0.00585	0.01522	0.26048	0.02050	0.49882	0.03275	0.07805	0.00949	0.00578	0.00166	0.00296	0.00824	0.00546	0.00587
4	0.00736	0.00493	0.00563	0.00572	0.00575	0.00491	0.00324	0.00744	0.00766	0.01021	0.01716	0.09778	0.01991	0.75376	0.02451	0.00474	0.00481	0.00805	0.00324	0.00320
5	0.00732	0.00693	0.04972	0.00663	0.00861	0.00570	0.00544	0.01048	0.08333	0.01699	0.29766	0.04069	0.41936	0.01113	0.00592	0.00169	0.00295	0.00945	0.00497	0.00503
6	0.00969	0.00912	0.01539	0.80734	0.03534	0.01140	0.01425	0.01311	0.01026	0.01311	0.00912	0.01368	0.00684	0.00513	0.00513	0.00171	0.00684	0.00456	0.00228	0.00570
7	0.01276	0.01102	0.01160	0.01044	0.01334	0.01276	0.00812	0.02727	0.77840	0.02146	0.02088	0.01914	0.01566	0.00696	0.00522	0.00174	0.00406	0.00580	0.00522	0.00812
8	0.01341	0.25955	0.08671	0.10281	0.01698	0.01526	0.01022	0.12387	0.28321	0.01868	0.01312	0.01351	0.01011	0.00567	0.00458	0.00150	0.00535	0.00439	0.00368	0.00741
9	0.01597	0.01867	0.01263	0.01151	0.01380	0.53029	0.00865	0.04506	0.06797	0.01438	0.07688	0.01491	0.01216	0.05377	0.07929	0.00222	0.00835	0.00447	0.00321	0.00582
10	0.01123	0.01123	0.01572	0.01347	0.01347	0.01572	0.01123	0.01235	0.00786	0.01235	0.00674	0.01123	0.00674	0.00898	0.01684	0.00225	0.81028	0.00449	0.00225	0.00561
11	0.00831	0.00695	0.01069	0.20968	0.12690	0.00731	0.00873	0.01056	0.01148	0.01566	0.22653	0.28918	0.02741	0.01017	0.00585	0.00178	0.00424	0.00920	0.00407	0.00530
12	0.01733	0.01337	0.01347	0.01110	0.01460	0.08596	0.00889	0.33147	0.30825	0.11592	0.01610	0.01523	0.01163	0.00641	0.00512	0.00160	0.00523	0.00501	0.00508	0.00824
13	0.00928	0.00856	0.01426	0.71178	0.03201	0.01054	0.01312	0.01240	0.01021	0.01311	0.01141	0.10953	0.01008	0.00644	0.00530	0.00175	0.00638	0.00576	0.00258	0.00552
14	0.02061	0.01255	0.01238	0.01010	0.01352	0.18577	0.00801	0.07589	0.04773	0.48678	0.01672	0.01622	0.01151	0.05089	0.00619	0.00172	0.00557	0.00486	0.00521	0.00777
15	0.01027	0.00982	0.01389	0.01219	0.01242	0.01344	0.01005	0.01157	0.00795	0.01224	0.00845	0.01341	0.00823	0.01621	0.20857	0.00372	0.61511	0.00474	0.00237	0.00536
16	0.00632	0.00460	0.00596	0.00691	0.00741	0.00424	0.00469	0.00737	0.01038	0.01378	0.09253	0.68178	0.10445	0.01533	0.00646	0.00201	0.00290	0.01380	0.00484	0.00424
17	0.01491	0.01440	0.01199	0.01040	0.01313	0.25225	0.00822	0.26974	0.01668	0.01978	0.02215	0.02421	0.21027	0.00831	0.00565	0.00160	0.02597	0.05977	0.00417	0.00637
18	0.01319	0.01206	0.01119	0.01004	0.01253	0.14783	0.00775	0.09188	0.35281	0.03429	0.17733	0.05573	0.02124	0.00785	0.00537	0.00165	0.00475	0.02077	0.00484	0.00689
19	0.02230	0.00889	0.01189	0.00922	0.01312	0.00791	0.00758	0.02517	0.06874	0.73674	0.02029	0.01758	0.01291	0.00639	0.00516	0.00160	0.00434	0.00521	0.00627	0.00869
20	0.01214	0.01163	0.01983	0.17447	0.64903	0.01205	0.01547	0.01526	0.01142	0.01609	0.00955	0.01288	0.00789	0.00467	0.00509	0.00156	0.00623	0.00457	0.00249	0.00768
21	0.01272	0.01460	0.02688	0.01977	0.02406	0.09364	0.59855	0.01635	0.01184	0.01554	0.00968	0.01305	0.00754	0.00499	0.00723	0.00175	0.10700	0.00558	0.00256	0.00666
22	0.01028	0.00972	0.01645	0.65547	0.18261	0.01155	0.01454	0.01363	0.01054	0.01383	0.00922	0.01349	0.00709	0.00502	0.00512	0.00167	0.00669	0.00456	0.00233	0.00618
23	0.01951	0.01437	0.01540	0.01181	0.01591	0.01591	0.00975	0.77056	0.02412	0.03234	0.01232	0.01232	0.00873	0.00616	0.00513	0.00154	0.00565	0.00462	0.00513	0.00873
24	0.00623	0.00477	0.00573	0.00648	0.00733	0.00427	0.00453	0.00731	0.01057	0.01344	0.03706	0.51287	0.31314	0.01488	0.00638	0.00196	0.00288	0.03117	0.00476	0.00424
25	0.01220	0.01307	0.02533	0.01870	0.02308	0.01309	0.55763	0.01855	0.17864	0.01728	0.01245	0.01484	0.00944	0.00518	0.00653	0.00176	0.05609	0.00591	0.00315	0.00710
26	0.00690	0.00497	0.00661	0.00728	0.00805	0.00468	0.00537	0.00852	0.01164	0.01576	0.25539	0.42556	0.06208	0.01397	0.00648	0.00198	0.00310	0.14217	0.00502	0.00447
27	0.00625	0.00447	0.00595	0.00714	0.00744	0.00417	0.00476	0.00714	0.00982	0.01310	0.02828	0.81633	0.03394	0.01608	0.00655	0.00208	0.00298	0.01459	0.00476	0.00417
28	0.01699	0.01515	0.01275	0.01116	0.01421	0.27177	0.00866	0.04891	0.36069	0.16060	0.01621	0.01534	0.01190	0.00627	0.00501	0.00157	0.00588	0.00482	0.00457	0.00754
29	0.03527	0.01340	0.01725	0.17124	0.32192	0.09023	0.01287	0.23843	0.01529	0.02040	0.01011	0.01233	0.00785	0.00522	0.00501	0.00155	0.00636	0.00442	0.00328	0.00757
30	0.01417	0.01271	0.01643	0.21499	0.19332	0.06904	0.01229	0.23846	0.01470	0.01961	0.00980	0.01233	0.00768	0.00576	0.00650	0.00162	0.10676	0.00443	0.00323	0.03615
31	0.00654	0.00470	0.00629	0.02399	0.00814	0.00449	0.00511	0.00754	0.00983	0.01307	0.02706	0.69815	0.03213	0.06465	0.00775	0.00227	0.00330	0.06621	0.00461	0.00417
32	0.00930	0.00758	0.01095	0.19210	0.10072	0.00805	0.00859	0.01332	0.09609	0.03249	0.42605	0.02743	0.03030	0.00816	0.00563	0.00164	0.00405	0.00723	0.00450	0.00583
33	0.01263	0.01212	0.02070	0.04915	0.77055	0.01217	0.01571	0.01569	0.01165	0.01668	0.00964	0.01272	0.00810	0.00458	0.00508	0.00153	0.00611	0.00457	0.00253	0.00807
34	0.01297	0.00955	0.01002	0.00879	0.01134	0.01067	0.00690	0.16375	0.37514	0.02275	0.01785	0.01784	0.01349	0.00648	0.00465	0.00152	0.00380	0.00523	0.29016	0.00711
35	0.01917	0.02445	0.01454	0.01322	0.01586	0.79907	0.00991	0.02049	0.01454	0.01256	0.00793	0.00925	0.00661	0.00529	0.00463	0.00132	0.00925	0.00330	0.00264	0.00595
36	0.00772	0.01001	0.18292	0.00806	0.01079	0.00634	0.00784	0.01073	0.01318	0.01838	0.47767	0.03417	0.17305	0.00969	0.00579	0.00164	0.00361	0.00833	0.00471	0.00536
37	0.01064	0.00912	0.01064	0.00760	0.01216	0.00684	0.00608	0.01292	0.01064	0.01672	0.00912	0.01064	0.00760	0.00380	0.00380	0.00076	0.00380	0.00304	0.00304	0.85104
38	0.00956	0.00478	0.00478	0.00478	0.00598	0.00478	0.00359	0.01196	0.01076	0.01913	0.01674	0.01913	0.01315	0.00598	0.00359	0.00120	0.00239	0.00478	0.84816	0.00478
39	0.01619	0.00963	0.01317	0.01018	0.01349	0.00940	0.04064	0.01817	0.01183	0.35083	0.01345	0.01386	0.00962	0.00609	0.00741	0.00149	0.18516	0.00441	0.00428	0.26070
40	0.00606	0.00520	0.00520	0.00520	0.00693	0.00433	0.00390	0.00736	0.01170	0.01386	0.05198	0.04938	0.78558	0.01299	0.00606	0.00173	0.00260	0.01083	0.00476	0.00433
41	0.00737	0.00534	0.00744	0.00744	0.00808	0.00597	0.00541	0.00864	0.00801	0.01131	0.01448	0.02425	0.01460	0.27665	0.56360	0.00725	0.01107	0.00610	0.00286	0.00413
42	0.01116	0.01199	0.02442	0.33048	0.03017	0.01236	0.47234	0.01513	0.01138	0.01513	0.00989	0.01378	0.00741	0.00464	0.00569	0.00172	0.00794	0.00547	0.00247	0.00644
43	0.01051	0.00996	0.01687	0.59578	0.24049	0.01162	0.01466	0.01383	0.01065	0.01411	0.00926	0.01341	0.00719	0.00498	0.00512	0.00166	0.00664	0.00456	0.00235	0.00636
44	0.00632	0.00467	0.00592	0.00674	0.00738	0.00427	0.00462	0.00745	0.01063	0.01401	0.11086	0.60317	0.16525	0.01496	0.00641	0.00197	0.00285	0.01339	0.00486	0.00427
45	0.85592	0.00992	0.00754	0.00675	0.00992	0.01151	0.00556	0.01508	0.00873	0.02302	0.00714	0.00834	0.00556	0.00476	0.00318	0.00159	0.00397	0.00278	0.00318	0.00556
46	0.01270	0.01219	0.02083	0.03149	0.78767	0.01219	0.01575	0.01575	0.01168	0.01676	0.00965	0.01270	0.00813	0.00457	0.00508	0.00152	0.00610	0.00457	0.00254	0.00813
47	0.00956	0.00478	0.00478	0.00478	0.00598	0.00478	0.00359	0.01196	0.01076	0.01913	0.01674	0.01913	0.01315	0.00598	0.00359	0.00120	0.00239	0.00478	0.84816	0.00478
