[name]
unknown

[dist]
# distance from previous block
# <min> <max>
0	36

[block]
# block no. 0 follows, 56 sequences, length 42
# corresponding to MSA columns:
# 36-77
name=unknown_A
#
# <colnr> <probs for GDERKNQSTAVLIFYWHMCP>
#	G	D	E	R	K	N	Q	S	T	A	V	L	I	F	Y	W	H	M	C	P
0	0.00661	0.00476	0.00629	0.00610	0.00718	0.00445	0.00470	0.00877	0.01270	0.01784	0.71251	0.03642	0.04127	0.00979	0.00553	0.00153	0.00242	0.10188	0.00495	0.00432
1	0.00770	0.00501	0.00601	0.00563	0.00716	0.00440	0.00427	0.00931	0.01169	0.11195	0.34320	0.08558	0.36056	0.01019	0.00535	0.00151	0.00248	0.00873	0.00475	0.00453
2	0.01179	0.01005	0.01059	0.00942	0.01208	0.01159	0.00736	0.07171	0.75380	0.01980	0.01822	0.01675	0.01363	0.00618	0.00467	0.00155	0.00372	0.00513	0.00467	0.00730
3	0.01380	0.01621	0.05391	0.01434	0.18145	0.41313	0.00960	0.06177	0.02393	0.01309	0.00885	0.01210	0.00782	0.10159	0.02723	0.00180	0.02735	0.00383	0.00253	0.00566
4	0.01376	0.41307	0.05075	0.01174	0.08982	0.27767	0.03381	0.03815	0.01105	0.01214	0.00713	0.00840	0.00612	0.00427	0.00367	0.00113	0.00622	0.00295	0.00221	0.00594
5	0.00939	0.00802	0.00885	0.00808	0.00998	0.00901	0.00624	0.01744	0.46546	0.01698	0.13696	0.03976	0.14587	0.03173	0.00619	0.00166	0.06156	0.00648	0.00441	0.00594
6	0.01032	0.02999	0.05597	0.00957	0.03775	0.00975	0.03796	0.08598	0.36055	0.01625	0.01481	0.01814	0.01250	0.16921	0.10830	0.00278	0.00541	0.00515	0.00364	0.00596
7	0.00558	0.00404	0.00528	0.00626	0.00663	0.00374	0.00420	0.00641	0.00891	0.01177	0.02686	0.77759	0.08743	0.01418	0.00583	0.00184	0.00264	0.01280	0.00426	0.00374
8	0.00952	0.00816	0.00952	0.00680	0.01088	0.00612	0.00544	0.01156	0.00952	0.01496	0.00816	0.00952	0.00680	0.00340	0.00340	0.00068	0.00340	0.00272	0.00272	0.86672
9	0.01131	0.01510	0.28710	0.01065	0.01489	0.02780	0.01067	0.10371	0.37752	0.01822	0.01335	0.01324	0.00989	0.00530	0.00446	0.00144	0.00495	0.00425	0.00355	0.06261
10	0.00984	0.18872	0.63183	0.01185	0.01798	0.01205	0.01479	0.01429	0.00961	0.01379	0.00786	0.00922	0.00586	0.00425	0.00405	0.00134	0.00631	0.00318	0.00197	0.03122
11	0.01264	0.01904	0.53909	0.01176	0.01745	0.01045	0.01375	0.13404	0.01215	0.17027	0.01056	0.01103	0.00718	0.00479	0.00445	0.00144	0.00597	0.00374	0.00306	0.00714
12	0.00933	0.05524	0.78441	0.01288	0.01956	0.01095	0.01661	0.01451	0.00968	0.01440	0.00817	0.00960	0.00582	0.00435	0.00431	0.00144	0.00671	0.00336	0.00194	0.00675
13	0.00559	0.00401	0.00531	0.00635	0.00665	0.00373	0.00424	0.00640	0.00883	0.01174	0.02582	0.81653	0.04916	0.01432	0.00585	0.00186	0.00266	0.01297	0.00426	0.00373
14	0.01241	0.17891	0.01353	0.00937	0.01223	0.11071	0.00761	0.03772	0.53023	0.01675	0.01464	0.01396	0.01127	0.00557	0.00426	0.00139	0.00448	0.00435	0.00385	0.00677
15	0.00715	0.00505	0.00648	0.00603	0.00726	0.00476	0.00455	0.00986	0.05326	0.04120	0.74473	0.03288	0.04091	0.00912	0.00535	0.00145	0.00229	0.00804	0.00505	0.00458
16	0.01026	0.01023	0.01767	0.01276	0.01699	0.00903	0.36805	0.01394	0.06767	0.01515	0.00944	0.01139	0.00740	0.00382	0.00442	0.00114	0.00541	0.00414	0.00268	0.40840
17	0.00921	0.02375	0.81487	0.01309	0.01987	0.01066	0.01696	0.01454	0.00969	0.01454	0.00824	0.00969	0.00582	0.00436	0.00436	0.00145	0.00678	0.00339	0.00194	0.00678
18	0.00580	0.00430	0.00542	0.00590	0.00663	0.00392	0.00414	0.00703	0.01022	0.01362	0.23711	0.47486	0.17914	0.01254	0.00566	0.00169	0.00247	0.01116	0.00447	0.00392
19	0.01715	0.02188	0.01301	0.01183	0.01419	0.82022	0.00887	0.01833	0.01301	0.01124	0.00710	0.00828	0.00591	0.00473	0.00414	0.00118	0.00828	0.00296	0.00237	0.00532
20	0.00559	0.00400	0.00533	0.00639	0.00666	0.00373	0.00426	0.00639	0.00879	0.01172	0.02530	0.83566	0.03036	0.01438	0.00586	0.00186	0.00266	0.01305	0.00426	0.00373
21	0.01745	0.01286	0.01378	0.01056	0.01424	0.01424	0.00873	0.79471	0.02159	0.02893	0.01102	0.01102	0.00781	0.00551	0.00459	0.00138	0.00505	0.00413	0.00459	0.00781
22	0.30857	0.01087	0.01066	0.00876	0.01192	0.01230	0.00714	0.36708	0.17897	0.02406	0.01103	0.01107	0.00813	0.00523	0.00401	0.00143	0.00424	0.00379	0.00401	0.00672
23	0.01593	0.00845	0.01052	0.00787	0.01164	0.00725	0.00643	0.09505	0.01256	0.42113	0.01349	0.01277	0.00921	0.00477	0.00414	0.00113	0.00382	0.00382	0.00441	0.34563
24	0.02038	0.00817	0.01087	0.00834	0.01190	0.00728	0.00689	0.07689	0.01374	0.75784	0.01761	0.01530	0.01111	0.00567	0.00462	0.00142	0.00399	0.00458	0.00561	0.00781
25	0.00566	0.00404	0.00540	0.00647	0.00677	0.00379	0.00438	0.00651	0.00886	0.01180	0.02527	0.80632	0.03022	0.01432	0.00588	0.00187	0.00272	0.04173	0.00426	0.00375
26	0.00880	0.00830	0.01401	0.78778	0.07041	0.01024	0.01282	0.01185	0.00924	0.01189	0.00818	0.01220	0.00618	0.00457	0.00459	0.00152	0.00609	0.00408	0.00205	0.00521
27	0.02060	0.00781	0.01065	0.00817	0.01172	0.00675	0.00675	0.02237	0.01314	0.81320	0.01811	0.01563	0.01136	0.00568	0.00462	0.00142	0.00391	0.00462	0.00568	0.00781
28	0.87108	0.00888	0.00675	0.00604	0.00888	0.01030	0.00497	0.01350	0.00781	0.02060	0.00639	0.00746	0.00497	0.00426	0.00284	0.00142	0.00355	0.00249	0.00284	0.00497
29	0.02019	0.00847	0.01106	0.00848	0.01205	0.00773	0.00701	0.12367	0.01425	0.71034	0.01718	0.01502	0.01090	0.00566	0.00461	0.00141	0.00406	0.00455	0.00554	0.00781
30	0.00667	0.00446	0.00507	0.00507	0.00509	0.00448	0.00285	0.00671	0.00669	0.00894	0.01441	0.02975	0.01656	0.81889	0.04296	0.00452	0.00464	0.00663	0.00277	0.00281
31	0.00994	0.00989	0.01387	0.01192	0.01194	0.01382	0.00992	0.01097	0.00704	0.01104	0.00621	0.01028	0.00619	0.00881	0.03860	0.00217	0.80635	0.00404	0.00202	0.00500
32	0.00591	0.00422	0.00569	0.00675	0.00716	0.00400	0.00481	0.00694	0.00910	0.01207	0.02513	0.69867	0.02968	0.01409	0.00594	0.00191	0.00294	0.14693	0.00426	0.00382
33	0.87108	0.00888	0.00675	0.00604	0.00888	0.01030	0.00497	0.01350	0.00781	0.02060	0.00639	0.00746	0.00497	0.00426	0.00284	0.00142	0.00355	0.00249	0.00284	0.00497
34	0.01136	0.01091	0.01863	0.02818	0.81002	0.01091	0.01409	0.01409	0.01045	0.01500	0.00864	0.01136	0.00727	0.00409	0.00455	0.00136	0.00545	0.00409	0.00227	0.00727
35	0.01042	0.00894	0.01605	0.01252	0.01522	0.00921	0.30680	0.08063	0.01038	0.07731	0.01119	0.01468	0.00916	0.01667	0.33403	0.00389	0.04954	0.00497	0.00283	0.00556
36	0.00856	0.00428	0.00428	0.00428	0.00535	0.00428	0.00321	0.01070	0.00963	0.01712	0.01498	0.01712	0.01177	0.00535	0.00321	0.00107	0.00214	0.00428	0.86414	0.00428
37	0.00928	0.02324	0.77967	0.01337	0.02005	0.01070	0.05165	0.01455	0.00974	0.01455	0.00829	0.00981	0.00587	0.00434	0.00441	0.00146	0.00683	0.00348	0.00196	0.00676
38	0.04339	0.01176	0.01423	0.01131	0.01418	0.17213	0.16721	0.03216	0.06454	0.26449	0.01231	0.01390	0.00924	0.07071	0.00698	0.00169	0.07540	0.00452	0.00361	0.00622
39	0.01306	0.01146	0.09714	0.01388	0.03221	0.00944	0.36088	0.01668	0.04668	0.23124	0.04887	0.01400	0.01004	0.00474	0.00490	0.00143	0.00581	0.00490	0.00345	0.06918
40	0.01668	0.02110	0.01265	0.01152	0.01378	0.78378	0.00860	0.01781	0.01273	0.01113	0.00743	0.00925	0.00640	0.04199	0.00500	0.00133	0.00811	0.00312	0.00238	0.00521
41	0.01715	0.02188	0.01301	0.01183	0.01419	0.82022	0.00887	0.01833	0.01301	0.01124	0.00710	0.00828	0.00591	0.00473	0.00414	0.00118	0.00828	0.00296	0.00237	0.00532

[dist]
# distance from previous block
# <min> <max>
0	22

[block]
# block no. 1 follows, 56 sequences, length 9
# corresponding to MSA columns:
# 100-108
name=unknown_B
#
# <colnr> <probs for GDERKNQSTAVLIFYWHMCP>
#	G	D	E	R	K	N	Q	S	T	A	V	L	I	F	Y	W	H	M	C	P
0	0.00921	0.02375	0.81487	0.01309	0.01987	0.01066	0.01696	0.01454	0.00969	0.01454	0.00824	0.00969	0.00582	0.00436	0.00436	0.00145	0.00678	0.00339	0.00194	0.00678
1	0.00666	0.00451	0.00530	0.00530	0.00540	0.00461	0.00314	0.00686	0.00676	0.00912	0.01420	0.02858	0.01605	0.74051	0.12065	0.00481	0.00541	0.00646	0.00274	0.00294
2	0.00740	0.00528	0.00740	0.00845	0.00951	0.00528	0.00740	0.00951	0.01057	0.01374	0.02431	0.05179	0.02642	0.01268	0.00634	0.00211	0.00423	0.77912	0.00423	0.00423
3	0.00559	0.00400	0.00533	0.00639	0.00666	0.00373	0.00426	0.00639	0.00879	0.01172	0.02530	0.83566	0.03036	0.01438	0.00586	0.00186	0.00266	0.01305	0.00426	0.00373
4	0.00856	0.00428	0.00428	0.00428	0.00535	0.00428	0.00321	0.01070	0.00963	0.01712	0.01498	0.01712	0.01177	0.00535	0.00321	0.00107	0.00214	0.00428	0.86414	0.00428
5	0.00899	0.00822	0.01369	0.67195	0.12476	0.00987	0.01224	0.01195	0.00937	0.01251	0.00870	0.01248	0.00666	0.00458	0.00449	0.00148	0.00576	0.00410	0.06291	0.00531
6	0.01150	0.03832	0.11459	0.01578	0.02007	0.01064	0.50377	0.01490	0.01068	0.11169	0.01116	0.06911	0.00892	0.00501	0.00545	0.00154	0.03235	0.00548	0.00280	0.00624
7	0.00921	0.02375	0.81487	0.01309	0.01987	0.01066	0.01696	0.01454	0.00969	0.01454	0.00824	0.00969	0.00582	0.00436	0.00436	0.00145	0.00678	0.00339	0.00194	0.00678
8	0.00587	0.00551	0.06721	0.00690	0.00767	0.00426	0.00523	0.00702	0.00886	0.01194	0.02400	0.77252	0.02849	0.01362	0.00575	0.00183	0.00298	0.01231	0.00408	0.00396

[dist]
# distance from previous block
# <min> <max>
0	1

[block]
# block no. 2 follows, 56 sequences, length 121
# corresponding to MSA columns:
# 110-230
name=unknown_C
#
# <colnr> <probs for GDERKNQSTAVLIFYWHMCP>
#	G	D	E	R	K	N	Q	S	T	A	V	L	I	F	Y	W	H	M	C	P
0	0.08880	0.62536	0.02201	0.01072	0.10836	0.01626	0.04776	0.01381	0.00940	0.01238	0.00680	0.00811	0.00603	0.00397	0.00325	0.00110	0.00500	0.00280	0.00210	0.00599
1	0.01227	0.84142	0.02406	0.00786	0.01178	0.01817	0.00786	0.01375	0.00933	0.01080	0.00638	0.00736	0.00589	0.00393	0.00295	0.00098	0.00491	0.00245	0.00196	0.00589
2	0.00921	0.00790	0.00916	0.00664	0.01053	0.00595	0.00529	0.01119	0.00959	0.01477	0.01103	0.01211	0.06668	0.00401	0.00355	0.00075	0.00332	0.00324	0.00284	0.80225
3	0.00867	0.00816	0.01377	0.82762	0.03162	0.01020	0.01275	0.01173	0.00918	0.01173	0.00816	0.01224	0.00612	0.00459	0.00459	0.00153	0.00612	0.00408	0.00204	0.00510
4	0.01794	0.00878	0.01316	0.01290	0.17819	0.00798	0.04725	0.03398	0.01255	0.57909	0.01540	0.01439	0.01015	0.00522	0.00462	0.00140	0.00443	0.00450	0.00473	0.02336
5	0.00856	0.00428	0.00428	0.00428	0.00535	0.00428	0.00321	0.01070	0.00963	0.01712	0.01498	0.01712	0.01177	0.00535	0.00321	0.00107	0.00214	0.00428	0.86414	0.00428
6	0.00563	0.00436	0.00513	0.00557	0.00649	0.00386	0.00394	0.00675	0.01001	0.01281	0.12730	0.39945	0.36708	0.01260	0.00562	0.00168	0.00246	0.01104	0.00436	0.00386
7	0.14860	0.01302	0.01161	0.01003	0.03198	0.27016	0.03061	0.07202	0.02556	0.30006	0.01198	0.01258	0.00864	0.00527	0.00426	0.00137	0.00549	0.02650	0.00386	0.00640
8	0.00933	0.02290	0.75601	0.01355	0.02018	0.01073	0.07497	0.01455	0.00978	0.01455	0.00832	0.00989	0.00590	0.00432	0.00444	0.00146	0.00686	0.00354	0.00197	0.00674
9	0.87108	0.00888	0.00675	0.00604	0.00888	0.01030	0.00497	0.01350	0.00781	0.02060	0.00639	0.00746	0.00497	0.00426	0.00284	0.00142	0.00355	0.00249	0.00284	0.00497
10	0.01076	0.01029	0.01754	0.20746	0.63545	0.01075	0.01379	0.01356	0.01017	0.01427	0.00853	0.01156	0.00701	0.00420	0.00456	0.00140	0.00560	0.00409	0.00222	0.00678
11	0.01894	0.06997	0.01139	0.00802	0.01143	0.00756	0.00670	0.03408	0.01299	0.68431	0.07216	0.01623	0.01312	0.00581	0.00455	0.00139	0.00388	0.00470	0.00534	0.00743
12	0.00650	0.00469	0.00614	0.00578	0.00686	0.00433	0.00433	0.00866	0.01300	0.01841	0.80760	0.03429	0.04332	0.00939	0.00541	0.00144	0.00217	0.00830	0.00505	0.00433
13	0.01142	0.00986	0.01038	0.00934	0.01194	0.01142	0.00727	0.02440	0.80172	0.01920	0.01869	0.01713	0.01401	0.00623	0.00467	0.00156	0.00363	0.00519	0.00467	0.00727
14	0.07541	0.02948	0.01283	0.06728	0.01470	0.27670	0.00853	0.31893	0.01566	0.12208	0.01005	0.01049	0.00730	0.00510	0.00430	0.00133	0.00593	0.00366	0.00366	0.00658
15	0.00856	0.00428	0.00428	0.00428	0.00535	0.00428	0.00321	0.01070	0.00963	0.01712	0.01498	0.01712	0.01177	0.00535	0.00321	0.00107	0.00214	0.00428	0.86414	0.00428
16	0.02036	0.00819	0.01089	0.00835	0.01191	0.00731	0.00690	0.08008	0.01377	0.75460	0.01758	0.01528	0.01110	0.00567	0.00461	0.00142	0.00399	0.00458	0.00560	0.00781
17	0.00602	0.00421	0.00539	0.00613	0.00639	0.00404	0.00406	0.00671	0.00840	0.01119	0.03615	0.55026	0.02659	0.24050	0.01069	0.00258	0.00325	0.06007	0.00387	0.00351
18	0.01099	0.33432	0.45239	0.01100	0.01636	0.07607	0.01288	0.01453	0.00981	0.01286	0.00745	0.00870	0.00585	0.00423	0.00381	0.00125	0.00619	0.00300	0.00198	0.00633
19	0.00666	0.00444	0.00501	0.00503	0.00504	0.00444	0.00281	0.00667	0.00672	0.00895	0.01466	0.04481	0.01694	0.82355	0.02305	0.00440	0.00442	0.00679	0.00281	0.00280
20	0.00668	0.00445	0.00501	0.00501	0.00501	0.00445	0.00278	0.00668	0.00668	0.00890	0.01447	0.03004	0.01669	0.83866	0.02337	0.00445	0.00445	0.00668	0.00278	0.00278
21	0.00874	0.00825	0.01378	0.78722	0.03065	0.01039	0.01262	0.01170	0.00907	0.01170	0.00805	0.01213	0.00612	0.00476	0.00511	0.00155	0.04695	0.00408	0.00204	0.00510
22	0.01089	0.01051	0.01798	0.02601	0.71358	0.01042	0.04936	0.01356	0.01047	0.01479	0.01150	0.01386	0.06710	0.00464	0.00465	0.00139	0.00533	0.00457	0.00242	0.00697
23	0.00626	0.00457	0.00590	0.00589	0.00684	0.00420	0.00434	0.00808	0.01190	0.01649	0.57234	0.19567	0.09740	0.01064	0.00553	0.00155	0.00234	0.03106	0.00481	0.00417
24	0.01136	0.01091	0.01863	0.02818	0.81002	0.01091	0.01409	0.01409	0.01045	0.01500	0.00864	0.01136	0.00727	0.00409	0.00455	0.00136	0.00545	0.00409	0.00227	0.00727
25	0.01136	0.01091	0.01863	0.02818	0.81002	0.01091	0.01409	0.01409	0.01045	0.01500	0.00864	0.01136	0.00727	0.00409	0.00455	0.00136	0.00545	0.00409	0.00227	0.00727
26	0.01477	0.01179	0.01225	0.01006	0.01322	0.03568	0.00808	0.43152	0.36702	0.02412	0.01431	0.01365	0.01050	0.00581	0.00461	0.00145	0.00451	0.00457	0.00456	0.00750
27	0.00856	0.00428	0.00428	0.00428	0.00535	0.00428	0.00321	0.01070	0.00963	0.01712	0.01498	0.01712	0.01177	0.00535	0.00321	0.00107	0.00214	0.00428	0.86414	0.00428
28	0.01229	0.00832	0.01168	0.00996	0.01114	0.01022	0.00820	0.01364	0.00883	0.23766	0.01078	0.01332	0.00870	0.01299	0.18351	0.00299	0.42265	0.00438	0.00314	0.00561
29	0.01164	0.12130	0.40377	0.01324	0.01866	0.01144	0.20003	0.03743	0.01069	0.11472	0.00957	0.01083	0.00685	0.00439	0.00448	0.00141	0.00637	0.00393	0.00258	0.00669
30	0.00921	0.02375	0.81487	0.01309	0.01987	0.01066	0.01696	0.01454	0.00969	0.01454	0.00824	0.00969	0.00582	0.00436	0.00436	0.00145	0.00678	0.00339	0.00194	0.00678
31	0.00668	0.00445	0.00501	0.00501	0.00501	0.00445	0.00278	0.00668	0.00668	0.00890	0.01447	0.03004	0.01669	0.83866	0.02337	0.00445	0.00445	0.00668	0.00278	0.00278
32	0.00991	0.00786	0.00902	0.00879	0.01073	0.00869	0.00706	0.01809	0.46039	0.03920	0.02101	0.09272	0.01925	0.00895	0.00531	0.00176	0.00376	0.25696	0.00452	0.00602
33	0.01084	0.01238	0.02709	0.01935	0.02399	0.01161	0.79334	0.01471	0.01084	0.01471	0.00929	0.01238	0.00697	0.00387	0.00542	0.00155	0.00774	0.00542	0.00232	0.00619
34	0.00673	0.00517	0.00771	0.00761	0.00839	0.00615	0.00595	0.00834	0.00736	0.01068	0.01199	0.01764	0.01121	0.03312	0.78056	0.00711	0.05282	0.00487	0.00244	0.00414
35	0.01980	0.00809	0.01070	0.00832	0.01179	0.00729	0.00683	0.04004	0.07586	0.73246	0.01800	0.01564	0.01149	0.00572	0.00462	0.00143	0.00391	0.00465	0.00558	0.00777
36	0.01452	0.01637	0.01181	0.01069	0.01316	0.44966	0.00814	0.02111	0.37437	0.01489	0.01241	0.01233	0.00963	0.00542	0.00438	0.00135	0.00615	0.00398	0.00342	0.00621
37	0.00856	0.00428	0.00428	0.00428	0.00535	0.00428	0.00321	0.01070	0.00963	0.01712	0.01498	0.01712	0.01177	0.00535	0.00321	0.00107	0.00214	0.00428	0.86414	0.00428
38	0.00559	0.00402	0.00531	0.00634	0.00664	0.00373	0.00424	0.00640	0.00884	0.01174	0.02599	0.81001	0.05557	0.01429	0.00585	0.00185	0.00265	0.01294	0.00426	0.00373
39	0.01227	0.84142	0.02406	0.00786	0.01178	0.01817	0.00786	0.01375	0.00933	0.01080	0.00638	0.00736	0.00589	0.00393	0.00295	0.00098	0.00491	0.00245	0.00196	0.00589
40	0.01136	0.01091	0.01863	0.02818	0.81002	0.01091	0.01409	0.01409	0.01045	0.01500	0.00864	0.01136	0.00727	0.00409	0.00455	0.00136	0.00545	0.00409	0.00227	0.00727
41	0.01745	0.01286	0.01378	0.01056	0.01424	0.01424	0.00873	0.79471	0.02159	0.02893	0.01102	0.01102	0.00781	0.00551	0.00459	0.00138	0.00505	0.00413	0.00459	0.00781
42	0.01745	0.01286	0.01378	0.01056	0.01424	0.01424	0.00873	0.79471	0.02159	0.02893	0.01102	0.01102	0.00781	0.00551	0.00459	0.00138	0.00505	0.00413	0.00459	0.00781
43	0.74738	0.00898	0.00776	0.00669	0.00964	0.01016	0.02442	0.02729	0.03183	0.07977	0.00778	0.00853	0.00581	0.00444	0.00312	0.00143	0.00371	0.00282	0.00312	0.00533
44	0.01240	0.43264	0.03206	0.00891	0.01223	0.09784	0.00790	0.01820	0.30506	0.01405	0.01107	0.01114	0.00892	0.00488	0.00374	0.00123	0.00481	0.00354	0.00301	0.00636
45	0.00683	0.00478	0.00650	0.00751	0.00829	0.00468	0.00607	0.00848	0.00989	0.01321	0.02416	0.32534	0.02702	0.01289	0.00600	0.00197	0.00357	0.46834	0.05043	0.00406
46	0.08138	0.03889	0.05820	0.04157	0.01339	0.16095	0.00816	0.06502	0.01243	0.41281	0.01280	0.01234	0.00868	0.00533	0.00485	0.00140	0.04699	0.00393	0.00412	0.00676
47	0.00669	0.00451	0.00524	0.00527	0.00536	0.00457	0.00312	0.00686	0.00682	0.00915	0.01454	0.02968	0.01654	0.75846	0.08251	0.00461	0.00503	0.02535	0.00279	0.00292
48	0.13684	0.01128	0.04678	0.07519	0.37883	0.01135	0.03325	0.18702	0.01254	0.05054	0.00919	0.01092	0.00708	0.00453	0.00433	0.00140	0.00519	0.00390	0.00298	0.00688
49	0.00992	0.00988	0.01392	0.01177	0.01229	0.02537	0.04384	0.01116	0.00745	0.01140	0.00672	0.01063	0.00648	0.00934	0.06824	0.00227	0.68188	0.00405	0.00210	0.05130
50	0.00976	0.00518	0.00520	0.00515	0.00631	0.00502	0.00377	0.01155	0.01038	0.01816	0.01604	0.01862	0.01280	0.00612	0.00374	0.00129	0.00258	0.00466	0.84876	0.00491
51	0.00867	0.00816	0.01377	0.82762	0.03162	0.01020	0.01275	0.01173	0.00918	0.01173	0.00816	0.01224	0.00612	0.00459	0.00459	0.00153	0.00612	0.00408	0.00204	0.00510
52	0.01208	0.01233	0.01699	0.02413	0.62609	0.13424	0.01267	0.01503	0.05000	0.01454	0.00937	0.03471	0.00806	0.00459	0.00453	0.00136	0.00572	0.00423	0.00246	0.00687
53	0.01142	0.00986	0.01038	0.00934	0.01194	0.01142	0.00727	0.02440	0.80172	0.01920	0.01869	0.01713	0.01401	0.00623	0.00467	0.00156	0.00363	0.00519	0.00467	0.00727
54	0.01084	0.01238	0.02709	0.01935	0.02399	0.01161	0.79334	0.01471	0.01084	0.01471	0.00929	0.01238	0.00697	0.00387	0.00542	0.00155	0.00774	0.00542	0.00232	0.00619
55	0.76970	0.01026	0.00751	0.00670	0.00951	0.09181	0.00543	0.02819	0.00859	0.01981	0.00655	0.00761	0.00512	0.00433	0.00300	0.00140	0.00405	0.00256	0.00283	0.00506
56	0.00677	0.00476	0.00625	0.00588	0.00701	0.00440	0.00445	0.00892	0.01294	0.03218	0.77502	0.03439	0.04235	0.00940	0.00542	0.00146	0.00225	0.02672	0.00504	0.00439
57	0.00654	0.00456	0.00579	0.00589	0.00618	0.00479	0.00386	0.00713	0.00710	0.00972	0.01480	0.10219	0.01633	0.50575	0.27464	0.00514	0.00677	0.00672	0.00282	0.00329
58	0.01227	0.84142	0.02406	0.00786	0.01178	0.01817	0.00786	0.01375	0.00933	0.01080	0.00638	0.00736	0.00589	0.00393	0.00295	0.00098	0.00491	0.00245	0.00196	0.00589
59	0.01136	0.01091	0.01863	0.02818	0.81002	0.01091	0.01409	0.01409	0.01045	0.01500	0.00864	0.01136	0.00727	0.00409	0.00455	0.00136	0.00545	0.00409	0.00227	0.00727
60	0.00856	0.00428	0.00428	0.00428	0.00535	0.00428	0.00321	0.01070	0.00963	0.01712	0.01498	0.01712	0.01177	0.00535	0.00321	0.00107	0.00214	0.00428	0.86414	0.00428
61	0.00670	0.00489	0.00642	0.00658	0.00770	0.00461	0.00530	0.00875	0.01192	0.01622	0.46489	0.04125	0.11257	0.01073	0.00573	0.00168	0.00289	0.27221	0.00469	0.00425
62	0.00874	0.00735	0.01111	0.01516	0.32566	0.00732	0.00829	0.05935	0.01004	0.01382	0.01668	0.37404	0.01838	0.09409	0.00705	0.00190	0.00410	0.00828	0.00334	0.00530
63	0.01214	0.80473	0.05954	0.00809	0.01215	0.01783	0.00826	0.01378	0.00934	0.01097	0.00647	0.00747	0.00589	0.00395	0.00301	0.00100	0.00499	0.00250	0.00196	0.00593
64	0.01631	0.02043	0.01293	0.01205	0.03628	0.72784	0.00888	0.01791	0.03764	0.01161	0.00837	0.00952	0.02439	0.00502	0.00454	0.00123	0.03394	0.00325	0.00247	0.00540
65	0.00626	0.00437	0.00559	0.00631	0.00663	0.00424	0.00434	0.00703	0.00842	0.01117	0.02164	0.43788	0.02526	0.27963	0.01158	0.00274	0.00352	0.14610	0.00378	0.00351
66	0.10234	0.39369	0.02086	0.01122	0.01481	0.14099	0.19718	0.01456	0.01002	0.01284	0.00718	0.00883	0.00606	0.00424	0.00419	0.00124	0.03847	0.00331	0.00221	0.00574
67	0.00621	0.00427	0.00530	0.00569	0.00638	0.00389	0.00398	0.00643	0.00870	0.01102	0.02848	0.30353	0.31207	0.01374	0.00895	0.23371	0.00293	0.02774	0.00365	0.00333
68	0.01029	0.31177	0.53631	0.01124	0.01702	0.01331	0.01375	0.01426	0.00956	0.01322	0.00758	0.00887	0.00584	0.00421	0.00386	0.00129	0.00612	0.00306	0.00195	0.00647
69	0.00867	0.00816	0.01377	0.82762	0.03162	0.01020	0.01275	0.01173	0.00918	0.01173	0.00816	0.01224	0.00612	0.00459	0.00459	0.00153	0.00612	0.00408	0.00204	0.00510
70	0.00966	0.00824	0.00959	0.00687	0.01094	0.00626	0.00550	0.02521	0.00973	0.01520	0.00821	0.00955	0.00682	0.00344	0.00342	0.00069	0.00343	0.00274	0.00275	0.85175
71	0.07720	0.33307	0.15896	0.00957	0.01364	0.01448	0.00952	0.22282	0.01249	0.02784	0.00814	0.00908	0.00643	0.00468	0.00432	0.00126	0.04945	0.00319	0.00280	0.03105
72	0.00661	0.00487	0.00722	0.00722	0.00797	0.00562	0.00554	0.00806	0.00730	0.01049	0.01228	0.01851	0.01163	0.07373	0.75740	0.03247	0.01166	0.00498	0.00246	0.00397
73	0.87108	0.00888	0.00675	0.00604	0.00888	0.01030	0.00497	0.01350	0.00781	0.02060	0.00639	0.00746	0.00497	0.00426	0.00284	0.00142	0.00355	0.00249	0.00284	0.00497
74	0.00656	0.00492	0.00738	0.00738	0.00820	0.00574	0.00574	0.00820	0.00738	0.01066	0.01230	0.01804	0.01148	0.03443	0.82046	0.00738	0.01230	0.00492	0.00246	0.00410
75	0.00667	0.00446	0.00508	0.00508	0.00510	0.00449	0.00287	0.00672	0.00670	0.00895	0.01440	0.02969	0.01654	0.81503	0.04678	0.00454	0.00468	0.00662	0.00277	0.00282
76	0.01240	0.00809	0.00872	0.00752	0.00984	0.00876	0.00594	0.16605	0.27047	0.10020	0.01575	0.01581	0.01170	0.00570	0.00409	0.00132	0.00336	0.00458	0.33341	0.00628
77	0.00872	0.00826	0.01409	0.80824	0.03144	0.01023	0.03147	0.01180	0.00922	0.01180	0.00819	0.01224	0.00614	0.00457	0.00461	0.00153	0.00616	0.00411	0.00205	0.00513
78	0.02020	0.00772	0.01053	0.00810	0.01158	0.00668	0.00668	0.02198	0.01314	0.79050	0.04065	0.01616	0.01228	0.00579	0.00464	0.00142	0.00386	0.00472	0.00566	0.00771
79	0.01118	0.01087	0.01901	0.06980	0.71012	0.01092	0.07224	0.01401	0.01041	0.01480	0.00866	0.01149	0.00719	0.00410	0.00461	0.00139	0.00566	0.00419	0.00226	0.00708
80	0.00603	0.00467	0.00549	0.00529	0.00657	0.00413	0.00396	0.00776	0.01189	0.01579	0.47613	0.03860	0.37642	0.01036	0.00542	0.00149	0.00224	0.00891	0.00471	0.00413
81	0.00851	0.00813	0.01087	0.00953	0.01004	0.01049	0.00780	0.00967	0.00851	0.01214	0.09793	0.02118	0.21344	0.00908	0.01164	0.00183	0.53576	0.00589	0.00289	0.00466
82	0.01437	0.11734	0.04339	0.01320	0.11942	0.02231	0.10803	0.07126	0.02305	0.25408	0.01112	0.01197	0.00814	0.00530	0.00617	0.00145	0.14006	0.00415	0.00341	0.02176
83	0.01373	0.01052	0.01132	0.00958	0.01254	0.01183	0.00762	0.23184	0.53256	0.08115	0.01658	0.01537	0.01214	0.00599	0.00465	0.00150	0.00404	0.00486	0.00473	0.00745
84	0.01304	0.19142	0.35013	0.01205	0.08757	0.02526	0.01196	0.01649	0.02253	0.21169	0.01047	0.01091	0.00746	0.00461	0.00414	0.00133	0.00553	0.00358	0.00295	0.00688
85	0.00867	0.00816	0.01377	0.82762	0.03162	0.01020	0.01275	0.01173	0.00918	0.01173	0.00816	0.01224	0.00612	0.00459	0.00459	0.00153	0.00612	0.00408	0.00204	0.00510
86	0.00968	0.04778	0.20241	0.00972	0.06458	0.00803	0.00884	0.01253	0.00961	0.01468	0.00813	0.00959	0.00656	0.00370	0.00368	0.00092	0.00440	0.00296	0.00247	0.56972
87	0.01617	0.00938	0.07376	0.00970	0.07179	0.00720	0.00776	0.01836	0.01174	0.48606	0.01408	0.01328	0.00945	0.00487	0.00428	0.00123	0.00412	0.00399	0.00437	0.22841
88	0.00933	0.00795	0.00931	0.00678	0.01067	0.00600	0.00538	0.01130	0.00948	0.01480	0.00901	0.05045	0.00797	0.00394	0.00352	0.00074	0.00336	0.00323	0.00280	0.82397
89	0.01067	0.01018	0.08649	0.01211	0.18478	0.00762	0.00848	0.01315	0.00999	0.07115	0.00897	0.01037	0.00713	0.00380	0.00382	0.00095	0.00420	0.00321	0.00276	0.54017
90	0.01163	0.01048	0.01732	0.02504	0.69012	0.01022	0.01286	0.01425	0.01049	0.05454	0.00906	0.01139	0.00743	0.00410	0.00443	0.00130	0.00517	0.00398	0.00249	0.09372
91	0.01032	0.02548	0.21376	0.13416	0.23304	0.00971	0.06606	0.01362	0.00997	0.04099	0.00869	0.01082	0.00674	0.00411	0.00429	0.00127	0.00553	0.00370	0.00237	0.19537
92	0.03367	0.02025	0.63605	0.01203	0.01804	0.00985	0.04580	0.01374	0.00972	0.01462	0.01065	0.01191	0.05692	0.00471	0.00434	0.00139	0.00614	0.00379	0.00220	0.08418
93	0.01068	0.01017	0.01693	0.02520	0.70707	0.01005	0.01277	0.01322	0.01044	0.01471	0.01280	0.01494	0.09544	0.00491	0.00462	0.00137	0.00507	0.00468	0.00250	0.02244
94	0.01016	0.00819	0.01179	0.02714	0.29665	0.00829	0.00865	0.01454	0.16306	0.07340	0.26126	0.02164	0.06236	0.00666	0.00489	0.00144	0.00382	0.00594	0.00394	0.00618
95	0.00963	0.00837	0.07179	0.00763	0.00985	0.00747	0.00650	0.21877	0.01503	0.02091	0.53226	0.02615	0.03090	0.00796	0.00511	0.00143	0.00330	0.00680	0.00469	0.00545
96	0.00656	0.00492	0.00738	0.00738	0.00820	0.00574	0.00574	0.00820	0.00738	0.01066	0.01230	0.01804	0.01148	0.03443	0.82046	0.00738	0.01230	0.00492	0.00246	0.00410
97	0.01002	0.01088	0.14768	0.00845	0.03162	0.00704	0.00768	0.01263	0.00974	0.05143	0.00864	0.00987	0.00685	0.00369	0.00365	0.00086	0.00405	0.00295	0.00271	0.65956
98	0.07629	0.73870	0.06194	0.00798	0.01197	0.01721	0.00809	0.01377	0.00923	0.01172	0.00648	0.00749	0.00582	0.00397	0.00301	0.00104	0.00490	0.00250	0.00203	0.00587
99	0.01954	0.00758	0.01032	0.00799	0.01136	0.00657	0.00657	0.02135	0.01313	0.75381	0.07710	0.01702	0.01375	0.00596	0.00468	0.00142	0.00378	0.00489	0.00564	0.00755
100	0.01090	0.00936	0.00998	0.00887	0.01148	0.01050	0.00690	0.02225	0.68552	0.01869	0.05761	0.01802	0.03292	0.00630	0.00463	0.00149	0.00351	0.00526	0.00454	0.07126
101	0.00962	0.00851	0.01073	0.00781	0.01162	0.00699	0.04482	0.01168	0.00940	0.01466	0.00806	0.00970	0.00675	0.00377	0.00437	0.00082	0.06540	0.00295	0.00265	0.75970
102	0.74433	0.00856	0.00702	0.00650	0.02684	0.00967	0.00504	0.01290	0.00787	0.01932	0.00713	0.00934	0.00599	0.06656	0.00444	0.00161	0.00365	0.00285	0.00282	0.04755
103	0.00568	0.00406	0.00543	0.00649	0.00680	0.00381	0.00442	0.00655	0.00888	0.01182	0.02525	0.79683	0.03017	0.01430	0.00588	0.00188	0.00274	0.05100	0.00426	0.00375
104	0.00952	0.00816	0.00952	0.00680	0.01088	0.00612	0.00544	0.01156	0.00952	0.01496	0.00816	0.00952	0.00680	0.00340	0.00340	0.00068	0.00340	0.00272	0.00272	0.86672
105	0.01089	0.32234	0.47609	0.01117	0.02863	0.01323	0.01311	0.01460	0.00973	0.04984	0.00802	0.00914	0.00612	0.00426	0.00386	0.00128	0.00595	0.00312	0.00212	0.00651
106	0.01240	0.82100	0.02378	0.00795	0.01184	0.03815	0.00788	0.01386	0.00942	0.01081	0.00640	0.00739	0.00589	0.00395	0.00298	0.00099	0.00499	0.00247	0.00197	0.00588
107	0.00761	0.00514	0.00762	0.00744	0.00846	0.00581	0.00581	0.00926	0.00781	0.07062	0.01273	0.01786	0.01147	0.03228	0.75950	0.00693	0.01167	0.00490	0.00270	0.00438
108	0.00950	0.00932	0.06969	0.00727	0.01155	0.00646	0.00630	0.01178	0.00953	0.01493	0.00817	0.00953	0.00673	0.00347	0.00347	0.00074	0.00365	0.00277	0.00266	0.80247
109	0.01011	0.00955	0.01571	0.39844	0.38437	0.01062	0.01292	0.01381	0.07299	0.01381	0.00922	0.01223	0.00727	0.00449	0.00458	0.00146	0.00562	0.00417	0.00236	0.00626
110	0.00989	0.02394	0.04199	0.00738	0.01137	0.00709	0.00619	0.01293	0.07471	0.02732	0.00911	0.01022	0.00740	0.00379	0.00374	0.00082	0.01677	0.00299	0.00287	0.71948
111	0.00970	0.07029	0.12171	0.00794	0.01239	0.00770	0.01939	0.01218	0.00955	0.01460	0.00806	0.00943	0.00660	0.00358	0.00353	0.00082	0.00404	0.00284	0.00255	0.67312
112	0.02046	0.00804	0.01079	0.00828	0.01183	0.00708	0.00684	0.05688	0.01352	0.77816	0.01780	0.01542	0.01121	0.00567	0.00462	0.00142	0.00396	0.00460	0.00563	0.00781
113	0.01129	0.01083	0.01850	0.05102	0.78778	0.01089	0.01405	0.01402	0.01042	0.01491	0.00862	0.01139	0.00724	0.00410	0.00455	0.00137	0.00547	0.00409	0.00227	0.00721
114	0.00657	0.00488	0.00719	0.00719	0.00795	0.00564	0.00550	0.00808	0.00732	0.01052	0.01247	0.01899	0.01189	0.09820	0.75726	0.00715	0.01167	0.00506	0.00248	0.00399
115	0.87108	0.00888	0.00675	0.00604	0.00888	0.01030	0.00497	0.01350	0.00781	0.02060	0.00639	0.00746	0.00497	0.00426	0.00284	0.00142	0.00355	0.00249	0.00284	0.00497
116	0.01783	0.01225	0.01340	0.01028	0.01393	0.01334	0.00849	0.70197	0.02057	0.12311	0.01187	0.01158	0.00823	0.00553	0.00460	0.00138	0.00491	0.00419	0.00472	0.00781
117	0.00867	0.00816	0.01377	0.82762	0.03162	0.01020	0.01275	0.01173	0.00918	0.01173	0.00816	0.01224	0.00612	0.00459	0.00459	0.00153	0.00612	0.00408	0.00204	0.00510
118	0.00662	0.00444	0.00509	0.00515	0.00518	0.00445	0.00294	0.00671	0.00680	0.00910	0.01495	0.07057	0.01723	0.77321	0.04589	0.00441	0.00459	0.00695	0.00285	0.00287
119	0.00925	0.00890	0.01240	0.01073	0.01093	0.01195	0.02278	0.01022	0.00725	0.01091	0.00956	0.01471	0.05067	0.11180	0.04811	0.00250	0.63571	0.00471	0.00225	0.00467
120	0.00777	0.00407	0.00589	0.00589	0.00591	0.00409	0.00388	0.00613	0.00611	0.00816	0.00892	0.01613	0.00918	0.12209	0.03937	0.73353	0.00426	0.00436	0.00211	0.00215

[dist]
# distance from previous block
# <min> <max>
0	2

# created by:
# /st0/software/busco_prod/Augustus/scripts/msa2prfl.pl ./align_prep/59636.fa
