[name]
unknown

[dist]
# distance from previous block
# <min> <max>
4	134

[block]
# block no. 0 follows, 49 sequences, length 8
# corresponding to MSA columns:
# 137-144
name=unknown_A
#
# <colnr> <probs for GDERKNQSTAVLIFYWHMCP>
#	G	D	E	R	K	N	Q	S	T	A	V	L	I	F	Y	W	H	M	C	P
0	0.06627	0.53491	0.02439	0.01223	0.06901	0.01752	0.11437	0.01504	0.01027	0.01352	0.00761	0.00944	0.00671	0.00474	0.00489	0.00132	0.07553	0.00343	0.00231	0.00649
1	0.06636	0.01369	0.01589	0.01378	0.04356	0.17927	0.10280	0.03389	0.01045	0.01451	0.00831	0.01143	0.00722	0.00682	0.01025	0.00180	0.38599	0.00429	0.06382	0.00587
2	0.01123	0.00742	0.00808	0.00726	0.00892	0.00832	0.00571	0.10323	0.13170	0.02005	0.01561	0.01727	0.01219	0.00637	0.00530	0.00141	0.08590	0.00482	0.53345	0.00576
3	0.01369	0.07144	0.02051	0.06904	0.43263	0.17916	0.10987	0.01642	0.01199	0.01508	0.00904	0.01169	0.00747	0.00464	0.00491	0.00147	0.00698	0.00430	0.00249	0.00716
4	0.00943	0.00471	0.00471	0.00471	0.00589	0.00471	0.00353	0.01178	0.01060	0.01885	0.01650	0.01885	0.01296	0.00589	0.00353	0.00118	0.00236	0.00471	0.85036	0.00471
5	0.01491	0.01243	0.01487	0.01219	0.01434	0.01524	0.01005	0.35626	0.10538	0.02207	0.01074	0.01246	0.00855	0.00737	0.01007	0.00184	0.35555	0.00463	0.00383	0.00720
6	0.01514	0.01156	0.01624	0.01911	0.35671	0.01138	0.01128	0.20439	0.01476	0.12191	0.01143	0.01267	0.00865	0.00499	0.00480	0.00138	0.00527	0.00432	0.00372	0.16030
7	0.01411	0.01247	0.02033	0.01931	0.21808	0.01282	0.24666	0.18024	0.09538	0.05971	0.01202	0.01385	0.00913	0.00619	0.02825	0.00180	0.03335	0.00515	0.00354	0.00762

[dist]
# distance from previous block
# <min> <max>
0	3

[block]
# block no. 1 follows, 49 sequences, length 67
# corresponding to MSA columns:
# 148-214
name=unknown_B
#
# <colnr> <probs for GDERKNQSTAVLIFYWHMCP>
#	G	D	E	R	K	N	Q	S	T	A	V	L	I	F	Y	W	H	M	C	P
0	0.08059	0.00936	0.02890	0.00795	0.01184	0.00793	0.00654	0.05567	0.06710	0.10969	0.04617	0.01597	0.07310	0.00549	0.00432	0.00115	0.00388	0.00439	0.00388	0.45606
1	0.02269	0.00861	0.01174	0.00900	0.01291	0.00743	0.00743	0.02464	0.01447	0.79425	0.01995	0.01721	0.01252	0.00626	0.00509	0.00156	0.00430	0.00509	0.00626	0.00861
2	0.01268	0.01140	0.02014	0.01514	0.01903	0.01126	0.38759	0.07226	0.16266	0.08035	0.13615	0.01864	0.01596	0.00601	0.00567	0.00166	0.00613	0.00625	0.00401	0.00699
3	0.01194	0.01364	0.02984	0.02131	0.02643	0.01279	0.77238	0.01620	0.01194	0.01620	0.01023	0.01364	0.00767	0.00426	0.00597	0.00171	0.00853	0.00597	0.00256	0.00682
4	0.01565	0.01239	0.01317	0.01091	0.01432	0.01401	0.00875	0.37261	0.43086	0.02611	0.01667	0.01575	0.01227	0.00649	0.00511	0.00162	0.00473	0.00518	0.00511	0.00828
5	0.00614	0.00447	0.00580	0.00687	0.00729	0.00412	0.00462	0.00706	0.00985	0.01298	0.02996	0.75017	0.10091	0.01557	0.00641	0.00202	0.00290	0.01404	0.00469	0.00412
6	0.01673	0.27224	0.01840	0.01055	0.01456	0.01675	0.00914	0.45648	0.09627	0.02442	0.01137	0.01154	0.00862	0.00559	0.00449	0.00140	0.00536	0.00408	0.00414	0.00787
7	0.01182	0.42349	0.41346	0.01155	0.01746	0.01585	0.01370	0.01558	0.01048	0.01397	0.00806	0.00940	0.00645	0.00457	0.00403	0.00134	0.00645	0.00322	0.00215	0.00698
8	0.00742	0.00530	0.00732	0.00848	0.00933	0.00519	0.00689	0.00922	0.01092	0.01432	0.02717	0.33542	0.03069	0.01465	0.00679	0.00223	0.00403	0.48549	0.00467	0.00446
9	0.01248	0.57823	0.26445	0.01043	0.01573	0.01745	0.01175	0.01541	0.01040	0.01317	0.00766	0.00890	0.00646	0.00447	0.00373	0.00124	0.00605	0.00302	0.00215	0.00679
10	0.00735	0.00490	0.00552	0.00552	0.00552	0.00490	0.00306	0.00735	0.00735	0.00980	0.01593	0.03309	0.01838	0.82229	0.02574	0.00490	0.00490	0.00735	0.00306	0.00306
11	0.01261	0.61081	0.23307	0.01020	0.01537	0.01779	0.01134	0.01538	0.01038	0.01300	0.00758	0.00880	0.00647	0.00445	0.00366	0.00122	0.00596	0.00298	0.00216	0.00675
12	0.00955	0.00899	0.01517	0.81013	0.03483	0.01123	0.01404	0.01292	0.01011	0.01292	0.00899	0.01348	0.00674	0.00506	0.00506	0.00169	0.00674	0.00449	0.00225	0.00562
13	0.85801	0.00978	0.00743	0.00665	0.00978	0.01134	0.00548	0.01486	0.00861	0.02269	0.00704	0.00821	0.00548	0.00469	0.00313	0.00156	0.00391	0.00274	0.00313	0.00548
14	0.00598	0.00512	0.00512	0.00512	0.00683	0.00427	0.00384	0.00726	0.01153	0.01366	0.05123	0.04866	0.78869	0.01281	0.00598	0.00171	0.00256	0.01067	0.00470	0.00427
15	0.00878	0.00439	0.00659	0.00659	0.00659	0.00439	0.00439	0.00659	0.00659	0.00878	0.00878	0.01537	0.00878	0.01757	0.01976	0.85288	0.00439	0.00439	0.00220	0.00220
16	0.01660	0.01709	0.01398	0.01298	0.06428	0.35484	0.00953	0.21604	0.14060	0.01908	0.01158	0.01257	0.00909	0.00829	0.06908	0.00199	0.00752	0.00425	0.00366	0.00695
17	0.02269	0.00861	0.01174	0.00900	0.01291	0.00743	0.00743	0.02464	0.01447	0.79425	0.01995	0.01721	0.01252	0.00626	0.00509	0.00156	0.00430	0.00509	0.00626	0.00861
18	0.02178	0.00841	0.01145	0.00884	0.01260	0.00728	0.00728	0.02377	0.01446	0.74925	0.06461	0.01841	0.01456	0.00650	0.00514	0.00157	0.00419	0.00532	0.00622	0.00838
19	0.00666	0.00525	0.00598	0.00635	0.00770	0.00471	0.00495	0.00809	0.01111	0.01369	0.04070	0.09341	0.48617	0.07850	0.00786	0.00215	0.00332	0.20458	0.00455	0.00426
20	0.01125	0.09636	0.01233	0.00977	0.01151	0.15559	0.00783	0.07013	0.01065	0.01344	0.01114	0.01535	0.01008	0.02360	0.44741	0.00515	0.07568	0.00459	0.00277	0.00536
21	0.06663	0.02329	0.01394	0.01266	0.01530	0.75701	0.00953	0.01989	0.01400	0.01296	0.00777	0.00907	0.00645	0.00518	0.00448	0.00132	0.00882	0.00323	0.00264	0.00584
22	0.01101	0.23121	0.59862	0.01293	0.01960	0.01386	0.01611	0.01579	0.01057	0.01496	0.00855	0.01002	0.00643	0.00468	0.00440	0.00147	0.00694	0.00347	0.00214	0.00722
23	0.00787	0.00723	0.06365	0.02366	0.00958	0.00575	0.00603	0.03535	0.01250	0.01740	0.32118	0.15643	0.16725	0.01027	0.00562	0.00161	0.00321	0.02087	0.05005	0.07450
24	0.04098	0.37273	0.31279	0.01059	0.01583	0.01475	0.01193	0.04370	0.01112	0.04099	0.01199	0.01280	0.06973	0.00533	0.00418	0.00138	0.00587	0.00389	0.00264	0.00680
25	0.00986	0.00931	0.01573	0.72805	0.11447	0.01132	0.01420	0.01319	0.01026	0.01330	0.00904	0.01338	0.00687	0.00500	0.00505	0.00167	0.00666	0.00450	0.00227	0.00587
26	0.00672	0.00483	0.00637	0.00666	0.00746	0.00448	0.00474	0.00845	0.01230	0.01707	0.45731	0.37768	0.04150	0.01273	0.00618	0.00179	0.00262	0.01142	0.00519	0.00448
27	0.01064	0.05897	0.15499	0.47105	0.14478	0.01196	0.01458	0.01422	0.01047	0.03042	0.00915	0.01256	0.00698	0.00500	0.00516	0.00162	0.02444	0.00427	0.00235	0.00642
28	0.01280	0.11470	0.16231	0.01375	0.09539	0.06468	0.05989	0.11530	0.15996	0.01853	0.05720	0.01768	0.01286	0.00632	0.00503	0.00158	0.00582	0.06550	0.00358	0.00712
29	0.00779	0.00493	0.00600	0.00627	0.00660	0.00476	0.00391	0.00822	0.00861	0.05557	0.02052	0.31932	0.02355	0.48122	0.01752	0.00367	0.00415	0.00979	0.00384	0.00376
30	0.00604	0.00513	0.00521	0.00519	0.00687	0.00430	0.00389	0.00738	0.01168	0.01402	0.09077	0.04808	0.74893	0.01267	0.00598	0.00170	0.00255	0.01059	0.00474	0.00430
31	0.11798	0.06888	0.01487	0.02673	0.22972	0.01150	0.02616	0.05626	0.16768	0.14239	0.07579	0.01575	0.01301	0.00582	0.00479	0.00155	0.00478	0.00490	0.00406	0.00739
32	0.01249	0.01088	0.01829	0.25089	0.51304	0.01142	0.01445	0.01551	0.01135	0.07816	0.01020	0.01317	0.00801	0.00480	0.00503	0.00156	0.00608	0.00455	0.00273	0.00738
33	0.85801	0.00978	0.00743	0.00665	0.00978	0.01134	0.00548	0.01486	0.00861	0.02269	0.00704	0.00821	0.00548	0.00469	0.00313	0.00156	0.00391	0.00274	0.00313	0.00548
34	0.01256	0.07761	0.02211	0.01955	0.20278	0.01367	0.26352	0.01525	0.01062	0.05901	0.00930	0.01237	0.00763	0.00579	0.00859	0.00175	0.24363	0.00485	0.00262	0.00680
35	0.01402	0.00878	0.01035	0.00914	0.01157	0.00908	0.00705	0.19505	0.15222	0.19087	0.02112	0.30925	0.01976	0.00982	0.00559	0.00176	0.00405	0.00847	0.00521	0.00685
36	0.01018	0.00937	0.01045	0.01038	0.01146	0.11736	0.00863	0.01205	0.01073	0.01385	0.01795	0.03495	0.01871	0.01422	0.10215	0.00281	0.17933	0.37841	0.03203	0.00499
37	0.01678	0.46183	0.02063	0.01058	0.07562	0.01478	0.00876	0.01864	0.01191	0.29770	0.01194	0.01179	0.00881	0.00505	0.00406	0.00129	0.00505	0.00372	0.00368	0.00738
38	0.00932	0.00836	0.01371	0.63711	0.05830	0.01008	0.01237	0.01244	0.01051	0.01399	0.07298	0.04893	0.01154	0.00595	0.00510	0.00166	0.00596	0.00529	0.05088	0.00553
39	0.01352	0.82533	0.02650	0.00865	0.01298	0.02001	0.00865	0.01514	0.01027	0.01190	0.00703	0.00811	0.00649	0.00433	0.00324	0.00108	0.00541	0.00270	0.00216	0.00649
40	0.04207	0.31904	0.04710	0.01078	0.01471	0.19032	0.00949	0.27468	0.01573	0.01928	0.00902	0.00980	0.00718	0.00514	0.00420	0.00131	0.00631	0.00349	0.00327	0.00707
41	0.01211	0.00626	0.00685	0.00610	0.00786	0.00626	0.00467	0.09348	0.01226	0.12607	0.01647	0.01909	0.01289	0.07293	0.00573	0.00157	0.00317	0.00496	0.57577	0.00552
42	0.45185	0.38635	0.01636	0.00770	0.01137	0.03090	0.00703	0.01510	0.00949	0.01751	0.00705	0.00818	0.00596	0.00453	0.00321	0.00134	0.00470	0.00273	0.00267	0.00595
43	0.00723	0.00538	0.00792	0.00792	0.00875	0.00621	0.00606	0.00889	0.00806	0.01158	0.01374	0.02093	0.01310	0.10112	0.73968	0.00787	0.01285	0.00557	0.00274	0.00440
44	0.01215	0.01042	0.01117	0.01012	0.01282	0.01207	0.00787	0.02543	0.71929	0.02039	0.02001	0.01895	0.01521	0.00936	0.06937	0.00223	0.00477	0.00569	0.00495	0.00772
45	0.02269	0.00861	0.01174	0.00900	0.01291	0.00743	0.00743	0.02464	0.01447	0.79425	0.01995	0.01721	0.01252	0.00626	0.00509	0.00156	0.00430	0.00509	0.00626	0.00861
46	0.00616	0.00440	0.00587	0.00704	0.00733	0.00411	0.00469	0.00704	0.00968	0.01291	0.02787	0.81899	0.03344	0.01584	0.00645	0.00205	0.00293	0.01438	0.00469	0.00411
47	0.01106	0.01106	0.01549	0.01328	0.01328	0.01549	0.01106	0.01217	0.00774	0.01217	0.00664	0.01106	0.00664	0.00885	0.01659	0.00221	0.81303	0.00443	0.00221	0.00553
48	0.00722	0.00542	0.00813	0.00813	0.00903	0.00632	0.00632	0.00903	0.00813	0.01174	0.01354	0.01987	0.01264	0.03792	0.80225	0.00813	0.01354	0.00542	0.00271	0.00451
49	0.02269	0.00861	0.01174	0.00900	0.01291	0.00743	0.00743	0.02464	0.01447	0.79425	0.01995	0.01721	0.01252	0.00626	0.00509	0.00156	0.00430	0.00509	0.00626	0.00861
50	0.02261	0.00873	0.01181	0.00905	0.01297	0.00761	0.00748	0.04089	0.01467	0.77771	0.01978	0.01710	0.01243	0.00625	0.00508	0.00156	0.00433	0.00507	0.00623	0.00861
51	0.00955	0.00899	0.01517	0.81013	0.03483	0.01123	0.01404	0.01292	0.01011	0.01292	0.00899	0.01348	0.00674	0.00506	0.00506	0.00169	0.00674	0.00449	0.00225	0.00562
52	0.01874	0.01947	0.01437	0.01236	0.01523	0.49254	0.00962	0.19272	0.01603	0.08757	0.00982	0.01069	0.00754	0.00577	0.00560	0.00144	0.06651	0.00380	0.00347	0.00671
53	0.85801	0.00978	0.00743	0.00665	0.00978	0.01134	0.00548	0.01486	0.00861	0.02269	0.00704	0.00821	0.00548	0.00469	0.00313	0.00156	0.00391	0.00274	0.00313	0.00548
54	0.01528	0.01808	0.01486	0.01314	0.01454	0.43896	0.01037	0.01649	0.01129	0.01228	0.00727	0.01002	0.00657	0.00689	0.01011	0.00172	0.38018	0.00380	0.00242	0.00571
55	0.01026	0.01379	0.28727	0.06364	0.01578	0.00878	0.01115	0.01455	0.07327	0.08443	0.09278	0.15984	0.03100	0.00830	0.00564	0.00171	0.02296	0.04940	0.00376	0.04170
56	0.01130	0.10740	0.42926	0.01422	0.04168	0.01239	0.12628	0.04444	0.03762	0.01644	0.00953	0.01120	0.00717	0.00466	0.00471	0.00146	0.00673	0.00399	0.00253	0.10701
57	0.01262	0.00651	0.00775	0.00666	0.00925	0.00553	0.00527	0.01417	0.01270	0.32391	0.03879	0.03616	0.48019	0.01020	0.00562	0.00165	0.00325	0.00845	0.00532	0.00599
58	0.00943	0.00471	0.00471	0.00471	0.00589	0.00471	0.00353	0.01178	0.01060	0.01885	0.01650	0.01885	0.01296	0.00589	0.00353	0.00118	0.00236	0.00471	0.85036	0.00471
59	0.01166	0.07669	0.01936	0.18502	0.38948	0.01284	0.06345	0.01442	0.01059	0.01483	0.00904	0.01240	0.00755	0.00525	0.00656	0.00161	0.12177	0.00445	0.02618	0.00687
60	0.00692	0.00517	0.00712	0.00867	0.05245	0.00491	0.00589	0.00829	0.01049	0.01395	0.06887	0.55019	0.07518	0.01439	0.00641	0.00203	0.00337	0.14662	0.00461	0.00447
61	0.00616	0.00440	0.00587	0.00704	0.00733	0.00411	0.00469	0.00704	0.00968	0.01291	0.02787	0.81899	0.03344	0.01584	0.00645	0.00205	0.00293	0.01438	0.00469	0.00411
62	0.00611	0.00469	0.00560	0.00629	0.00715	0.00418	0.00437	0.00717	0.01048	0.01334	0.05187	0.50807	0.32340	0.01457	0.00626	0.00191	0.00278	0.01285	0.00471	0.00418
63	0.01513	0.20323	0.22168	0.01218	0.01708	0.08121	0.10049	0.03659	0.03396	0.20161	0.02286	0.01252	0.00895	0.00518	0.00466	0.00146	0.00629	0.00419	0.00342	0.00730
64	0.03476	0.13432	0.28982	0.12300	0.01913	0.01176	0.01256	0.03461	0.01184	0.24614	0.01196	0.01261	0.00831	0.00531	0.00490	0.00154	0.02252	0.00410	0.00347	0.00734
65	0.79040	0.01093	0.00799	0.00716	0.01025	0.07505	0.00582	0.01529	0.00907	0.02186	0.00710	0.00829	0.00556	0.00474	0.00324	0.00154	0.00433	0.00278	0.00309	0.00551
66	0.01189	0.00945	0.01357	0.01813	0.35853	0.04827	0.01007	0.01393	0.01159	0.12198	0.02003	0.22648	0.09742	0.00860	0.00547	0.00167	0.00477	0.00774	0.00383	0.00657

[dist]
# distance from previous block
# <min> <max>
0	1

[block]
# block no. 2 follows, 49 sequences, length 8
# corresponding to MSA columns:
# 216-223
name=unknown_C
#
# <colnr> <probs for GDERKNQSTAVLIFYWHMCP>
#	G	D	E	R	K	N	Q	S	T	A	V	L	I	F	Y	W	H	M	C	P
0	0.22427	0.41940	0.07790	0.04673	0.01414	0.03835	0.00893	0.06640	0.01104	0.04174	0.00807	0.00918	0.00658	0.00469	0.00364	0.00132	0.00533	0.00309	0.00275	0.00646
1	0.00725	0.00540	0.00683	0.00631	0.00776	0.00484	0.00476	0.00952	0.01380	0.01940	0.66801	0.03713	0.11723	0.01017	0.00583	0.00155	0.00249	0.00891	0.00532	0.05748
2	0.01615	0.43355	0.02055	0.01079	0.01428	0.40237	0.00920	0.01761	0.01226	0.01213	0.00741	0.00860	0.00650	0.00476	0.00389	0.00119	0.00722	0.00297	0.00238	0.00618
3	0.01645	0.01522	0.32170	0.01083	0.01590	0.00890	0.01159	0.01999	0.01277	0.41699	0.04654	0.01554	0.01154	0.00583	0.00493	0.00156	0.00539	0.00470	0.04583	0.00781
4	0.00878	0.00687	0.01024	0.07035	0.01217	0.00675	0.09334	0.01217	0.06502	0.04009	0.45935	0.03058	0.08271	0.00871	0.00563	0.00160	0.00360	0.00784	0.06886	0.00536
5	0.01258	0.01086	0.01143	0.01029	0.01315	0.01258	0.00800	0.02687	0.78161	0.02115	0.02058	0.01887	0.01544	0.00686	0.00515	0.00172	0.00400	0.00572	0.00515	0.00800
6	0.01338	0.01402	0.01839	0.02420	0.49363	0.15631	0.01358	0.01570	0.01127	0.01489	0.00863	0.01161	0.00746	0.00551	0.00725	0.00161	0.16873	0.00426	0.00246	0.00712
7	0.52851	0.00993	0.01064	0.00861	0.01215	0.01055	0.06425	0.04885	0.01110	0.23592	0.01106	0.01127	0.00772	0.00515	0.00396	0.00157	0.00444	0.00371	0.00403	0.00657

[dist]
# distance from previous block
# <min> <max>
0	1

[block]
# block no. 3 follows, 49 sequences, length 23
# corresponding to MSA columns:
# 225-247
name=unknown_D
#
# <colnr> <probs for GDERKNQSTAVLIFYWHMCP>
#	G	D	E	R	K	N	Q	S	T	A	V	L	I	F	Y	W	H	M	C	P
0	0.78757	0.01010	0.00930	0.00787	0.01117	0.01146	0.06932	0.01498	0.00888	0.02215	0.00731	0.00867	0.00566	0.00466	0.00337	0.00158	0.00430	0.00301	0.00308	0.00559
1	0.01586	0.00729	0.00969	0.00794	0.01068	0.00653	0.00635	0.04102	0.01469	0.43600	0.35211	0.02595	0.02763	0.00802	0.00546	0.00157	0.00351	0.00683	0.00592	0.00695
2	0.01300	0.01107	0.01167	0.01038	0.01331	0.01277	0.00811	0.07405	0.73375	0.02183	0.02005	0.01844	0.01500	0.00681	0.00514	0.00170	0.00410	0.00564	0.00514	0.00804
3	0.01933	0.00954	0.01197	0.00905	0.01311	0.00852	0.00743	0.13525	0.01495	0.49810	0.01622	0.01488	0.01076	0.00565	0.00477	0.00137	0.00436	0.00452	0.00532	0.20492
4	0.00623	0.00445	0.00595	0.00712	0.00745	0.00417	0.00482	0.00717	0.00975	0.01299	0.02783	0.79110	0.03329	0.01577	0.00647	0.00206	0.00300	0.04154	0.00469	0.00413
5	0.01072	0.01082	0.01602	0.01338	0.01401	0.01429	0.08430	0.01215	0.00847	0.01268	0.01070	0.01444	0.07185	0.00873	0.01468	0.00212	0.66753	0.00509	0.00245	0.00555
6	0.00955	0.00899	0.01517	0.81013	0.03483	0.01123	0.01404	0.01292	0.01011	0.01292	0.00899	0.01348	0.00674	0.00506	0.00506	0.00169	0.00674	0.00449	0.00225	0.00562
7	0.02269	0.00861	0.01174	0.00900	0.01291	0.00743	0.00743	0.02464	0.01447	0.79425	0.01995	0.01721	0.01252	0.00626	0.00509	0.00156	0.00430	0.00509	0.00626	0.00861
8	0.02269	0.00861	0.01174	0.00900	0.01291	0.00743	0.00743	0.02464	0.01447	0.79425	0.01995	0.01721	0.01252	0.00626	0.00509	0.00156	0.00430	0.00509	0.00626	0.00861
9	0.00815	0.00582	0.00815	0.00931	0.01048	0.00582	0.00815	0.01048	0.01164	0.01513	0.02677	0.05704	0.02910	0.01397	0.00698	0.00233	0.00466	0.75671	0.00466	0.00466
10	0.00807	0.00580	0.00804	0.00916	0.01035	0.00577	0.00799	0.01036	0.01164	0.01508	0.02765	0.05674	0.05620	0.01393	0.00695	0.00231	0.00458	0.73009	0.00466	0.00464
11	0.85801	0.00978	0.00743	0.00665	0.00978	0.01134	0.00548	0.01486	0.00861	0.02269	0.00704	0.00821	0.00548	0.00469	0.00313	0.00156	0.00391	0.00274	0.00313	0.00548
12	0.01083	0.01075	0.01544	0.13451	0.01655	0.01484	0.01152	0.01228	0.00810	0.01228	0.00700	0.01143	0.00665	0.00827	0.01484	0.00213	0.69037	0.00444	0.00222	0.00554
13	0.00838	0.03058	0.10916	0.00857	0.01031	0.02874	0.00731	0.01044	0.03041	0.03866	0.06068	0.38307	0.03972	0.01613	0.12583	0.03986	0.02068	0.02264	0.00389	0.00495
14	0.01378	0.14744	0.20717	0.08080	0.12265	0.15273	0.01251	0.01765	0.06630	0.08170	0.01027	0.01162	0.00788	0.00511	0.00483	0.00146	0.02313	0.00391	0.00287	0.02619
15	0.00615	0.00513	0.00536	0.00530	0.00693	0.00434	0.00398	0.00759	0.01193	0.01461	0.15720	0.04710	0.68212	0.01245	0.00597	0.00169	0.00254	0.01045	0.00482	0.00434
16	0.00834	0.00539	0.00715	0.00691	0.00819	0.00498	0.00525	0.01047	0.01345	0.08050	0.55651	0.14766	0.04135	0.01109	0.00605	0.00171	0.00280	0.07179	0.00542	0.00497
17	0.01224	0.01469	0.13426	0.06921	0.50746	0.05004	0.10713	0.01576	0.01150	0.01601	0.00942	0.01227	0.00759	0.00458	0.00507	0.00154	0.00672	0.00451	0.00245	0.00755
18	0.00642	0.00457	0.00608	0.00714	0.00753	0.00431	0.00491	0.00744	0.00992	0.01324	0.05646	0.69132	0.03298	0.05059	0.00732	0.00218	0.00314	0.07567	0.00465	0.00413
19	0.00616	0.00440	0.00587	0.00704	0.00733	0.00411	0.00469	0.00704	0.00968	0.01291	0.02787	0.81899	0.03344	0.01584	0.00645	0.00205	0.00293	0.01438	0.00469	0.00411
20	0.00963	0.00590	0.00757	0.00775	0.03234	0.00550	0.00545	0.02519	0.03345	0.13360	0.18807	0.33033	0.11776	0.02893	0.00627	0.00183	0.00317	0.01014	0.04186	0.00526
21	0.07084	0.16357	0.25003	0.01220	0.04995	0.09471	0.02492	0.05980	0.04730	0.16378	0.01123	0.01171	0.00815	0.00517	0.00450	0.00147	0.00613	0.00390	0.00336	0.00731
22	0.01520	0.01326	0.01622	0.08751	0.08166	0.13010	0.06796	0.14188	0.01314	0.12266	0.01026	0.01233	0.00795	0.00644	0.00851	0.00173	0.24854	0.00449	0.00335	0.00682

[dist]
# distance from previous block
# <min> <max>
0	1

[block]
# block no. 4 follows, 49 sequences, length 33
# corresponding to MSA columns:
# 249-281
name=unknown_E
#
# <colnr> <probs for GDERKNQSTAVLIFYWHMCP>
#	G	D	E	R	K	N	Q	S	T	A	V	L	I	F	Y	W	H	M	C	P
0	0.18535	0.03908	0.01726	0.02155	0.43492	0.08668	0.03868	0.03730	0.01138	0.03036	0.00890	0.01122	0.00732	0.00488	0.00512	0.00152	0.04459	0.00403	0.00275	0.00711
1	0.04864	0.00850	0.01127	0.00877	0.01249	0.00751	0.00721	0.02347	0.03077	0.70844	0.04711	0.01836	0.03051	0.00651	0.00507	0.00157	0.00418	0.00529	0.00607	0.00826
2	0.01832	0.05079	0.01464	0.01294	0.02868	0.69840	0.00968	0.02041	0.05790	0.03029	0.00882	0.00988	0.00718	0.00529	0.00457	0.00133	0.00854	0.00344	0.00281	0.00610
3	0.03252	0.00571	0.00695	0.00678	0.00838	0.00505	0.00496	0.01003	0.01122	0.09532	0.12716	0.36441	0.19182	0.01193	0.00577	0.00172	0.00304	0.01045	0.00475	0.09204
4	0.01009	0.09331	0.02997	0.00932	0.01133	0.02693	0.05655	0.09010	0.07143	0.03645	0.03666	0.38213	0.02146	0.01349	0.08427	0.00240	0.00523	0.00918	0.00412	0.00559
5	0.00830	0.00720	0.01007	0.00995	0.02959	0.00832	0.03182	0.01025	0.05277	0.01377	0.06063	0.43227	0.04985	0.01231	0.00916	0.00202	0.23267	0.01015	0.00394	0.00495
6	0.01140	0.01235	0.02533	0.17448	0.02687	0.01228	0.55978	0.01599	0.05466	0.01580	0.01104	0.01513	0.00853	0.00484	0.00577	0.00172	0.00781	0.02692	0.00270	0.00659
7	0.01352	0.82533	0.02650	0.00865	0.01298	0.02001	0.00865	0.01514	0.01027	0.01190	0.00703	0.00811	0.00649	0.00433	0.00324	0.00108	0.00541	0.00270	0.00216	0.00649
8	0.01367	0.08731	0.34274	0.01203	0.01711	0.11988	0.01273	0.19437	0.01441	0.03933	0.01390	0.01452	0.08432	0.00595	0.00482	0.00151	0.00651	0.00450	0.00325	0.00715
9	0.01243	0.53625	0.01956	0.00783	0.01118	0.01527	0.00734	0.05234	0.01090	0.01455	0.00996	0.01163	0.00853	0.00697	0.05545	0.00159	0.00522	0.00345	0.20351	0.00605
10	0.85801	0.00978	0.00743	0.00665	0.00978	0.01134	0.00548	0.01486	0.00861	0.02269	0.00704	0.00821	0.00548	0.00469	0.00313	0.00156	0.00391	0.00274	0.00313	0.00548
11	0.01209	0.01451	0.08478	0.17692	0.13727	0.09019	0.37830	0.01583	0.01165	0.01521	0.00955	0.01277	0.00732	0.00459	0.00542	0.00162	0.00778	0.00502	0.00246	0.00671
12	0.01399	0.01156	0.01223	0.01058	0.01369	0.01324	0.00834	0.18534	0.62084	0.02343	0.01879	0.01744	0.01399	0.00669	0.00513	0.00167	0.00433	0.00547	0.00513	0.00813
13	0.02214	0.00849	0.01156	0.00890	0.01272	0.00734	0.00734	0.02412	0.01447	0.76716	0.04683	0.01793	0.01375	0.00640	0.00512	0.00157	0.00424	0.00523	0.00623	0.00847
14	0.00627	0.00450	0.00609	0.00715	0.00750	0.00433	0.00485	0.00724	0.00953	0.01279	0.02646	0.74011	0.03139	0.01802	0.08501	0.00265	0.00398	0.01349	0.00450	0.00415
15	0.01106	0.01106	0.01549	0.01328	0.01328	0.01549	0.01106	0.01217	0.00774	0.01217	0.00664	0.01106	0.00664	0.00885	0.01659	0.00221	0.81303	0.00443	0.00221	0.00553
16	0.00984	0.00929	0.01570	0.73323	0.10944	0.01131	0.01419	0.01318	0.01025	0.01328	0.00904	0.01339	0.00687	0.00500	0.00505	0.00167	0.00667	0.00450	0.00227	0.00585
17	0.02244	0.00900	0.01198	0.00918	0.01311	0.00802	0.00759	0.07801	0.01514	0.73994	0.01939	0.01685	0.01224	0.00625	0.00508	0.00156	0.00439	0.00505	0.00617	0.00861
18	0.02224	0.00851	0.01159	0.00892	0.01275	0.00736	0.00736	0.02421	0.01447	0.77197	0.04206	0.01780	0.01353	0.00638	0.00511	0.00157	0.00425	0.00520	0.00624	0.00850
19	0.02783	0.01413	0.28063	0.01205	0.01623	0.00888	0.12888	0.02491	0.01140	0.07925	0.01991	0.14238	0.10242	0.00854	0.00562	0.00178	0.00569	0.09967	0.00359	0.00623
20	0.31697	0.01143	0.01276	0.31204	0.08727	0.08975	0.01031	0.07485	0.01119	0.01819	0.00847	0.01097	0.00652	0.00497	0.00431	0.00158	0.00580	0.00375	0.00284	0.00603
21	0.72144	0.01115	0.00825	0.00736	0.01040	0.08929	0.00596	0.03775	0.00969	0.02181	0.00759	0.00878	0.00593	0.00483	0.00334	0.00152	0.00442	0.00291	0.03201	0.00558
22	0.01111	0.01160	0.03398	0.01392	0.01449	0.01520	0.07019	0.01257	0.00813	0.01257	0.00697	0.01125	0.00671	0.00841	0.01551	0.00216	0.73280	0.00453	0.00224	0.00567
23	0.00740	0.00582	0.00808	0.03564	0.08604	0.00568	0.00630	0.00937	0.05312	0.01385	0.02439	0.64092	0.02818	0.01346	0.00610	0.00192	0.00345	0.01221	0.00437	0.03369
24	0.03097	0.11554	0.41298	0.03566	0.02082	0.09072	0.16039	0.01659	0.01132	0.04575	0.00931	0.01107	0.00690	0.00475	0.00480	0.00153	0.00737	0.00405	0.00245	0.00702
25	0.00977	0.00591	0.00708	0.00646	0.00811	0.00567	0.00495	0.02937	0.05639	0.09623	0.41136	0.02991	0.07603	0.00865	0.00519	0.00149	0.00274	0.00740	0.22191	0.00537
26	0.00967	0.00538	0.00569	0.00553	0.00682	0.00544	0.00415	0.06547	0.01166	0.01927	0.06051	0.09841	0.01662	0.00714	0.00407	0.00131	0.00264	0.00590	0.65938	0.00493
27	0.01179	0.01230	0.06380	0.31676	0.19304	0.01227	0.20840	0.08961	0.01226	0.01658	0.00973	0.01302	0.00742	0.00482	0.00526	0.00163	0.00696	0.00484	0.00265	0.00684
28	0.00748	0.00557	0.00688	0.03822	0.00866	0.00560	0.00506	0.05645	0.01025	0.01344	0.02618	0.32316	0.16685	0.19259	0.10706	0.00330	0.00490	0.01005	0.00403	0.00431
29	0.00616	0.00440	0.00587	0.00704	0.00733	0.00411	0.00469	0.00704	0.00968	0.01291	0.02787	0.81899	0.03344	0.01584	0.00645	0.00205	0.00293	0.01438	0.00469	0.00411
30	0.00671	0.00473	0.00611	0.00675	0.00745	0.00434	0.00468	0.00797	0.01096	0.03121	0.19234	0.55808	0.11156	0.01416	0.00627	0.00191	0.00281	0.01269	0.00491	0.00436
31	0.05954	0.01584	0.26133	0.13354	0.13664	0.01156	0.17877	0.01624	0.01119	0.09391	0.01030	0.01253	0.00753	0.00491	0.00532	0.00163	0.02482	0.00454	0.00277	0.00710
32	0.00954	0.00932	0.03181	0.04023	0.21615	0.00938	0.13085	0.01173	0.01034	0.01436	0.01714	0.31971	0.03478	0.00954	0.00721	0.00185	0.10829	0.00860	0.00334	0.00586

[dist]
# distance from previous block
# <min> <max>
0	3

[block]
# block no. 5 follows, 49 sequences, length 10
# corresponding to MSA columns:
# 285-294
name=unknown_F
#
# <colnr> <probs for GDERKNQSTAVLIFYWHMCP>
#	G	D	E	R	K	N	Q	S	T	A	V	L	I	F	Y	W	H	M	C	P
0	0.13278	0.10475	0.13454	0.06173	0.01751	0.10921	0.12399	0.05845	0.01145	0.01656	0.00871	0.01076	0.00693	0.00562	0.02341	0.00159	0.04803	0.00383	0.00270	0.11745
1	0.01227	0.01171	0.11404	0.00892	0.01372	0.00833	0.00812	0.08856	0.01213	0.07988	0.01018	0.01121	0.00786	0.00431	0.00412	0.00100	0.00446	0.00341	0.00334	0.59243
2	0.03437	0.10861	0.02967	0.11735	0.08819	0.07597	0.05452	0.05874	0.08261	0.27920	0.01365	0.01393	0.00966	0.00549	0.00482	0.00152	0.00563	0.00453	0.00409	0.00744
3	0.00779	0.00525	0.00767	0.00799	0.00884	0.00485	0.04764	0.00894	0.01019	0.07490	0.02626	0.71073	0.03035	0.01444	0.00632	0.00200	0.00335	0.01317	0.00470	0.00461
4	0.01164	0.01181	0.11795	0.13629	0.38227	0.01016	0.01301	0.01480	0.01116	0.06496	0.01200	0.05946	0.01000	0.00556	0.00488	0.00153	0.00554	0.00503	0.11497	0.00697
5	0.01240	0.07311	0.10327	0.01331	0.05927	0.11599	0.07724	0.07565	0.10401	0.01596	0.01294	0.13611	0.01209	0.00756	0.00729	0.00172	0.15650	0.00590	0.00326	0.00644
6	0.00765	0.00573	0.00651	0.00649	0.00807	0.00529	0.00495	0.01015	0.07261	0.04906	0.12908	0.12341	0.42650	0.03613	0.00661	0.00188	0.00305	0.08718	0.00485	0.00480
7	0.01176	0.01133	0.06966	0.17236	0.23824	0.01043	0.12271	0.01553	0.04735	0.06768	0.04501	0.01461	0.01021	0.00508	0.00499	0.00150	0.00582	0.00483	0.05125	0.08962
8	0.01422	0.72028	0.02490	0.00923	0.01333	0.12253	0.00880	0.01580	0.01081	0.01196	0.00713	0.00824	0.00649	0.00444	0.00342	0.00111	0.00589	0.00278	0.00222	0.00641
9	0.01480	0.01505	0.07899	0.01501	0.18147	0.22683	0.01041	0.11962	0.01448	0.08050	0.12581	0.01589	0.01409	0.00603	0.00493	0.00146	0.00602	0.00485	0.05695	0.00682

[dist]
# distance from previous block
# <min> <max>
0	1

[block]
# block no. 6 follows, 49 sequences, length 12
# corresponding to MSA columns:
# 296-307
name=unknown_G
#
# <colnr> <probs for GDERKNQSTAVLIFYWHMCP>
#	G	D	E	R	K	N	Q	S	T	A	V	L	I	F	Y	W	H	M	C	P
0	0.01137	0.01088	0.01833	0.30943	0.47818	0.01192	0.01475	0.01441	0.01081	0.01500	0.00917	0.01278	0.00748	0.00493	0.00564	0.00161	0.04938	0.00450	0.00240	0.00702
1	0.25657	0.23968	0.07302	0.01042	0.01385	0.19630	0.03735	0.01604	0.01057	0.01559	0.00744	0.00905	0.00626	0.00511	0.00502	0.00144	0.08448	0.00320	0.00256	0.00604
2	0.01166	0.01187	0.02204	0.10667	0.37096	0.01217	0.26105	0.01488	0.01113	0.01555	0.01015	0.04323	0.00861	0.00526	0.00631	0.00167	0.07186	0.00535	0.00255	0.00703
3	0.00902	0.00824	0.01238	0.17695	0.25493	0.00853	0.00978	0.01123	0.01101	0.01441	0.05498	0.02783	0.29515	0.04702	0.00681	0.00181	0.03377	0.00707	0.00339	0.00571
4	0.01386	0.00888	0.01083	0.00791	0.01224	0.00693	0.00639	0.01602	0.01159	0.23137	0.01202	0.01234	0.00888	0.00444	0.00412	0.00097	0.00390	0.00357	0.00390	0.61984
5	0.00940	0.00591	0.00740	0.00768	0.05097	0.00554	0.00503	0.01044	0.01010	0.12749	0.02714	0.09896	0.23965	0.29063	0.07854	0.00333	0.00475	0.00825	0.00408	0.00471
6	0.01187	0.43585	0.40156	0.01146	0.01732	0.01598	0.01354	0.01557	0.01047	0.01390	0.00803	0.00936	0.00645	0.00456	0.00400	0.00133	0.00641	0.00321	0.00215	0.00697
7	0.00761	0.00556	0.00745	0.00781	0.00863	0.00586	0.00569	0.06961	0.01025	0.01401	0.02133	0.45983	0.02379	0.02318	0.29921	0.00425	0.00705	0.01029	0.00399	0.00462
8	0.00763	0.00527	0.00637	0.00619	0.00762	0.00467	0.00460	0.00937	0.01265	0.06866	0.36182	0.15305	0.30989	0.01175	0.00598	0.00170	0.00266	0.01018	0.00517	0.00475
9	0.01121	0.00839	0.01180	0.28534	0.01964	0.00886	0.00972	0.07480	0.02968	0.08558	0.05824	0.02590	0.01572	0.00767	0.00541	0.00168	0.00514	0.19763	0.00381	0.13378
10	0.01248	0.25430	0.35615	0.01388	0.08655	0.08647	0.03712	0.01615	0.01108	0.03184	0.00868	0.01018	0.00681	0.00464	0.00434	0.00138	0.00669	0.00353	0.00236	0.04536
11	0.01571	0.06029	0.01607	0.07807	0.06000	0.33351	0.04483	0.12985	0.08784	0.01649	0.00980	0.01142	0.00785	0.00578	0.00615	0.00153	0.10101	0.00408	0.00311	0.00661

[dist]
# distance from previous block
# <min> <max>
0	215

# created by:
# /st0/software/busco_prod/Augustus/scripts/msa2prfl.pl ./align_prep/59650.fa
