[name]
unknown

[dist]
# distance from previous block
# <min> <max>
2	86

[block]
# block no. 0 follows, 50 sequences, length 22
# corresponding to MSA columns:
# 89-110
name=unknown_A
#
# <colnr> <probs for GDERKNQSTAVLIFYWHMCP>
#	G	D	E	R	K	N	Q	S	T	A	V	L	I	F	Y	W	H	M	C	P
0	0.02106	0.00921	0.01156	0.00903	0.01271	0.03626	0.00739	0.06129	0.03563	0.67383	0.03720	0.01765	0.03061	0.00638	0.00503	0.00154	0.00438	0.00516	0.00590	0.00819
1	0.23220	0.01259	0.01285	0.01009	0.01385	0.01397	0.00833	0.54612	0.01919	0.06760	0.01108	0.01124	0.00789	0.00565	0.00451	0.00151	0.00501	0.00406	0.00456	0.00770
2	0.01328	0.07657	0.02519	0.00976	0.02884	0.12783	0.00779	0.15656	0.04338	0.01805	0.01043	0.02826	0.00863	0.00623	0.03317	0.00140	0.02791	0.00384	0.04596	0.32691
3	0.86003	0.00964	0.00733	0.00655	0.00964	0.01118	0.00540	0.01465	0.00848	0.02236	0.00694	0.00810	0.00540	0.00463	0.00308	0.00154	0.00386	0.00270	0.00308	0.00540
4	0.22511	0.00627	0.00743	0.00728	0.00847	0.00700	0.00548	0.00991	0.00811	0.03015	0.01261	0.13379	0.01261	0.01953	0.25493	0.20808	0.03034	0.00569	0.00300	0.00420
5	0.00855	0.00440	0.00660	0.00660	0.00667	0.00446	0.00446	0.00667	0.00660	0.00887	0.00899	0.01547	0.00893	0.01875	0.07556	0.79452	0.00497	0.00440	0.00220	0.00233
6	0.00618	0.00441	0.00590	0.00706	0.00739	0.00414	0.00481	0.00712	0.00965	0.01284	0.02742	0.78109	0.03274	0.01552	0.00639	0.00204	0.00298	0.05363	0.00462	0.00408
7	0.04219	0.00834	0.00894	0.00745	0.00992	0.00876	0.00597	0.26850	0.01514	0.10867	0.01489	0.01585	0.01105	0.00587	0.00414	0.00133	0.00364	0.00457	0.44842	0.00637
8	0.02841	0.00655	0.00779	0.00723	0.00891	0.00638	0.00541	0.10056	0.01205	0.10192	0.08237	0.23883	0.09053	0.09563	0.04607	0.00228	0.00403	0.02884	0.07831	0.04790
9	0.00607	0.00434	0.00578	0.00694	0.00723	0.00405	0.00463	0.00694	0.00954	0.01272	0.02747	0.82157	0.03297	0.01562	0.00636	0.00202	0.00289	0.01417	0.00463	0.00405
10	0.00656	0.00493	0.00621	0.00671	0.00766	0.00442	0.00477	0.00783	0.01050	0.01402	0.11435	0.51026	0.15616	0.01358	0.00607	0.00184	0.00292	0.05167	0.00460	0.06494
11	0.01023	0.00798	0.00941	0.00709	0.01060	0.00627	0.00546	0.01211	0.01034	0.05326	0.06623	0.01587	0.01204	0.12561	0.00711	0.00144	0.00379	0.00412	0.00330	0.62775
12	0.00994	0.00573	0.00739	0.00748	0.00878	0.00536	0.00547	0.02665	0.03824	0.16955	0.02654	0.48810	0.08124	0.03998	0.00666	0.00199	0.00339	0.05743	0.00490	0.00516
13	0.01854	0.00810	0.01014	0.00806	0.01122	0.00755	0.00656	0.10731	0.01432	0.50485	0.01789	0.01682	0.01201	0.00605	0.00461	0.00144	0.00388	0.00486	0.22832	0.00747
14	0.00729	0.00578	0.00863	0.00839	0.00914	0.00621	0.05301	0.00862	0.00892	0.01237	0.04442	0.32994	0.02149	0.12031	0.26940	0.00429	0.06488	0.00906	0.00352	0.00434
15	0.13182	0.00846	0.01010	0.00827	0.01137	0.00817	0.00667	0.10199	0.02657	0.42415	0.07460	0.08729	0.04934	0.00733	0.00494	0.00158	0.00396	0.00596	0.02026	0.00715
16	0.05239	0.00938	0.01191	0.00961	0.01256	0.00959	0.07295	0.20279	0.10358	0.14874	0.23746	0.02290	0.06936	0.00750	0.00530	0.00158	0.00421	0.00640	0.00501	0.00678
17	0.01472	0.01412	0.01325	0.18170	0.01842	0.23186	0.00973	0.10576	0.25468	0.06125	0.01306	0.01372	0.00980	0.00572	0.00484	0.00151	0.00610	0.00446	0.00376	0.03151
18	0.00677	0.00484	0.00596	0.00617	0.00692	0.00464	0.00428	0.00800	0.01020	0.01388	0.18685	0.23486	0.15673	0.18758	0.09616	0.00307	0.00423	0.00960	0.04521	0.00407
19	0.00824	0.00573	0.03318	0.00712	0.00788	0.00520	0.00521	0.05638	0.00953	0.01297	0.05692	0.32315	0.04144	0.01461	0.01142	0.34949	0.00373	0.00847	0.03559	0.00373
20	0.07275	0.01207	0.01475	0.24751	0.02009	0.11179	0.04776	0.07930	0.05051	0.01529	0.00911	0.02642	0.00761	0.00646	0.00836	0.00176	0.25534	0.00445	0.00275	0.00593
21	0.03480	0.03283	0.04943	0.11789	0.03799	0.10922	0.00972	0.16062	0.09508	0.13977	0.01196	0.01276	0.00881	0.00561	0.00543	0.00147	0.05806	0.00422	0.00379	0.10053

[dist]
# distance from previous block
# <min> <max>
6	13

[block]
# block no. 1 follows, 50 sequences, length 26
# corresponding to MSA columns:
# 124-149
name=unknown_B
#
# <colnr> <probs for GDERKNQSTAVLIFYWHMCP>
#	G	D	E	R	K	N	Q	S	T	A	V	L	I	F	Y	W	H	M	C	P
0	0.01127	0.16157	0.07497	0.01078	0.03346	0.08549	0.05165	0.01546	0.13819	0.03069	0.09607	0.11091	0.01795	0.00805	0.00562	0.00164	0.04015	0.09634	0.00369	0.00606
1	0.00941	0.00902	0.01413	0.01184	0.01350	0.04989	0.17367	0.01146	0.00902	0.01252	0.01125	0.01691	0.01035	0.07020	0.40091	0.00504	0.15791	0.00528	0.00256	0.00511
2	0.02577	0.01186	0.08397	0.09747	0.33582	0.04787	0.03158	0.02307	0.03581	0.01509	0.01020	0.04560	0.00884	0.00652	0.00664	0.09197	0.02442	0.00462	0.01194	0.08092
3	0.00715	0.00575	0.00811	0.20352	0.01391	0.00602	0.00690	0.00884	0.01025	0.01330	0.07521	0.33240	0.15413	0.06403	0.00718	0.00205	0.00397	0.06884	0.00399	0.00446
4	0.00899	0.00691	0.00799	0.00790	0.00934	0.00716	0.00579	0.11288	0.15517	0.01719	0.06933	0.43984	0.10755	0.01208	0.00586	0.00183	0.00336	0.01063	0.00481	0.00540
5	0.01141	0.00903	0.00986	0.00888	0.01136	0.00993	0.00689	0.02144	0.52713	0.06633	0.15450	0.02473	0.10127	0.00792	0.00529	0.00166	0.00354	0.00668	0.00516	0.00700
6	0.05233	0.00626	0.00712	0.00689	0.00856	0.00568	0.00512	0.01077	0.03024	0.08806	0.22300	0.17516	0.32535	0.01188	0.00608	0.00185	0.00314	0.02204	0.00517	0.00529
7	0.01329	0.00743	0.00921	0.00814	0.01047	0.00720	0.00637	0.06407	0.12178	0.26982	0.17036	0.16309	0.07551	0.00940	0.00556	0.00169	0.00358	0.04121	0.00537	0.00646
8	0.01860	0.00911	0.01124	0.00905	0.01245	0.00885	0.00732	0.10611	0.15654	0.49055	0.02020	0.04412	0.04153	0.00679	0.00505	0.00157	0.00415	0.00556	0.03328	0.00795
9	0.08182	0.00657	0.00696	0.00664	0.00793	0.03195	0.00475	0.03569	0.02715	0.06569	0.09488	0.09139	0.16391	0.26355	0.01232	0.04617	0.00400	0.04018	0.00401	0.00444
10	0.74110	0.00960	0.00791	0.00695	0.01009	0.01092	0.00570	0.01614	0.05249	0.08834	0.00877	0.00944	0.00654	0.00488	0.00336	0.00155	0.00389	0.00306	0.00346	0.00580
11	0.00721	0.00523	0.00704	0.00807	0.00901	0.00506	0.00655	0.00896	0.01086	0.01409	0.02912	0.29353	0.10579	0.01423	0.00662	0.00215	0.00386	0.45363	0.00461	0.00438
12	0.05396	0.00611	0.00706	0.00677	0.00827	0.00607	0.00510	0.06854	0.01143	0.11755	0.03307	0.22040	0.01921	0.08272	0.00674	0.00188	0.00341	0.05941	0.27714	0.00517
13	0.00611	0.00456	0.00568	0.00645	0.00713	0.00414	0.00444	0.00718	0.01032	0.01347	0.09264	0.58064	0.21010	0.01450	0.00621	0.00191	0.00276	0.01292	0.00469	0.00414
14	0.01105	0.03663	0.33323	0.07907	0.02313	0.01238	0.30955	0.01542	0.01076	0.03107	0.00933	0.01198	0.00697	0.00494	0.00625	0.00167	0.08277	0.00466	0.00236	0.00680
15	0.01611	0.01405	0.01327	0.01111	0.01439	0.13275	0.00882	0.34416	0.34576	0.02404	0.01486	0.01434	0.01103	0.00619	0.00495	0.00155	0.00536	0.00478	0.00466	0.00782
16	0.00641	0.00490	0.00666	0.00708	0.00781	0.00451	0.03576	0.00751	0.01005	0.01321	0.07612	0.56811	0.15062	0.06735	0.00748	0.00211	0.00315	0.01249	0.00449	0.00415
17	0.01115	0.00742	0.03633	0.00692	0.00889	0.00705	0.00560	0.14266	0.03100	0.06014	0.15882	0.03759	0.01865	0.03225	0.00549	0.02343	0.00333	0.00570	0.39205	0.00555
18	0.00670	0.00491	0.00545	0.00552	0.00617	0.00464	0.00355	0.00728	0.00887	0.01128	0.02856	0.08172	0.29251	0.45170	0.05716	0.00372	0.00434	0.00870	0.00366	0.00357
19	0.00766	0.00581	0.00815	0.12941	0.01117	0.00616	0.03655	0.00863	0.00829	0.01110	0.03885	0.08582	0.01742	0.51312	0.08786	0.00419	0.00578	0.00716	0.00304	0.00381
20	0.19142	0.00590	0.00624	0.00637	0.00784	0.00586	0.00479	0.00935	0.01080	0.01659	0.18287	0.24936	0.22056	0.01128	0.00546	0.00176	0.00299	0.05154	0.00446	0.00454
21	0.01109	0.00857	0.01072	0.00938	0.01141	0.04345	0.05717	0.11896	0.10806	0.04849	0.01423	0.01775	0.01189	0.04667	0.35758	0.00446	0.00867	0.00517	0.10050	0.00578
22	0.00992	0.00719	0.04791	0.00769	0.00941	0.00623	0.00605	0.09006	0.01190	0.11602	0.05214	0.35128	0.12698	0.09356	0.00781	0.00212	0.00376	0.04016	0.00460	0.00521
23	0.01049	0.00969	0.06866	0.11564	0.01403	0.06875	0.04459	0.02810	0.04371	0.06993	0.06759	0.03281	0.03440	0.22505	0.07494	0.04648	0.03092	0.00586	0.00328	0.00509
24	0.05399	0.00764	0.00978	0.03596	0.06585	0.00786	0.02256	0.14301	0.01310	0.06102	0.16088	0.18760	0.05116	0.04424	0.06136	0.00220	0.00457	0.00770	0.05387	0.00565
25	0.04648	0.06182	0.03861	0.18366	0.36547	0.03044	0.10888	0.04563	0.01146	0.01590	0.01066	0.01339	0.03592	0.00490	0.00490	0.00153	0.00622	0.00462	0.00260	0.00690

[dist]
# distance from previous block
# <min> <max>
19	25

[block]
# block no. 2 follows, 50 sequences, length 9
# corresponding to MSA columns:
# 176-184
name=unknown_C
#
# <colnr> <probs for GDERKNQSTAVLIFYWHMCP>
#	G	D	E	R	K	N	Q	S	T	A	V	L	I	F	Y	W	H	M	C	P
0	0.00820	0.00579	0.00734	0.04364	0.00915	0.00579	0.00536	0.05396	0.03384	0.04129	0.20600	0.29111	0.06045	0.14836	0.03754	0.00252	0.00388	0.02667	0.00447	0.00465
1	0.06599	0.00618	0.00609	0.00632	0.00735	0.05541	0.00448	0.00976	0.01034	0.01527	0.08750	0.29577	0.09337	0.08567	0.00694	0.00191	0.00329	0.00881	0.22516	0.00438
2	0.00848	0.00522	0.00690	0.00701	0.00814	0.00473	0.00503	0.00993	0.01137	0.10999	0.22958	0.48209	0.03319	0.01254	0.00596	0.00179	0.00294	0.01123	0.00498	0.03889
3	0.08867	0.14505	0.01974	0.01636	0.17037	0.07992	0.20928	0.01570	0.01123	0.08330	0.01123	0.08347	0.00979	0.00569	0.00515	0.00153	0.02877	0.00518	0.00300	0.00658
4	0.01152	0.06267	0.14139	0.05085	0.01755	0.01182	0.15878	0.07059	0.25377	0.01792	0.01612	0.02063	0.03214	0.00672	0.00531	0.00170	0.00572	0.10419	0.00371	0.00689
5	0.01674	0.04912	0.04973	0.01107	0.01456	0.17564	0.00919	0.34520	0.11051	0.07126	0.01218	0.01302	0.00925	0.03950	0.00583	0.00159	0.02166	0.00435	0.00412	0.03547
6	0.00907	0.00542	0.00738	0.02727	0.00858	0.00503	0.00516	0.00926	0.00965	0.06829	0.14998	0.10643	0.06620	0.01303	0.01147	0.36516	0.00373	0.03799	0.00361	0.08731
7	0.06417	0.03908	0.00963	0.00847	0.04222	0.00798	0.00624	0.08022	0.09399	0.06944	0.10671	0.14316	0.15085	0.00897	0.00557	0.02930	0.00363	0.00723	0.00432	0.11882
8	0.00899	0.00597	0.00737	0.00703	0.00790	0.00618	0.00492	0.06903	0.00982	0.06240	0.03875	0.14487	0.06039	0.34543	0.14795	0.02856	0.02879	0.00766	0.00366	0.00434

[dist]
# distance from previous block
# <min> <max>
0	3

[block]
# block no. 3 follows, 50 sequences, length 21
# corresponding to MSA columns:
# 188-208
name=unknown_D
#
# <colnr> <probs for GDERKNQSTAVLIFYWHMCP>
#	G	D	E	R	K	N	Q	S	T	A	V	L	I	F	Y	W	H	M	C	P
0	0.01247	0.00835	0.00984	0.00839	0.01068	0.00848	0.00645	0.20330	0.09258	0.09482	0.14137	0.11240	0.01894	0.04115	0.00802	0.12205	0.00404	0.00646	0.00448	0.08573
1	0.44647	0.01022	0.00982	0.00810	0.01154	0.01104	0.00662	0.14227	0.08547	0.12962	0.01096	0.01116	0.00797	0.00518	0.00391	0.00147	0.00417	0.00361	0.00400	0.08639
2	0.00889	0.00669	0.00915	0.00825	0.00957	0.00668	0.07717	0.04627	0.08687	0.04016	0.10113	0.21863	0.04209	0.28956	0.01254	0.00283	0.00430	0.02038	0.00408	0.00476
3	0.00792	0.00524	0.00655	0.00677	0.00780	0.00489	0.00479	0.00976	0.04667	0.07758	0.17380	0.41763	0.13152	0.06614	0.00729	0.00202	0.00303	0.01113	0.00483	0.00466
4	0.02567	0.00694	0.00858	0.00783	0.00971	0.00682	0.00623	0.02477	0.04426	0.05793	0.19039	0.10605	0.13464	0.00986	0.00656	0.00166	0.07964	0.12346	0.00438	0.14462
5	0.04209	0.06107	0.00907	0.00757	0.00968	0.00824	0.00599	0.01459	0.24756	0.01719	0.15845	0.07249	0.23136	0.00962	0.00541	0.00167	0.00337	0.06651	0.00465	0.02345
6	0.09009	0.00691	0.00799	0.01892	0.00922	0.00698	0.00548	0.09606	0.01240	0.10578	0.19642	0.14072	0.11959	0.13424	0.00868	0.00215	0.02063	0.00795	0.00456	0.00523
7	0.05447	0.00671	0.00785	0.00748	0.00885	0.00700	0.00562	0.08396	0.02237	0.05741	0.05585	0.29840	0.20733	0.05222	0.00767	0.00196	0.07961	0.00948	0.02075	0.00500
8	0.00713	0.00530	0.00778	0.00778	0.00859	0.00611	0.00594	0.00875	0.00794	0.01140	0.01356	0.02074	0.01296	0.10748	0.73567	0.00773	0.01259	0.00551	0.00270	0.00432
9	0.01270	0.17665	0.03855	0.01564	0.01983	0.06358	0.40480	0.08673	0.01230	0.01591	0.01021	0.04357	0.00851	0.00653	0.04231	0.00183	0.02591	0.00516	0.00275	0.00654
10	0.03134	0.01040	0.01490	0.20394	0.09345	0.06675	0.10970	0.03222	0.03741	0.03053	0.01519	0.09586	0.08387	0.02591	0.00737	0.00180	0.12437	0.00613	0.00305	0.00580
11	0.00838	0.00609	0.00694	0.00676	0.00814	0.00604	0.00494	0.05955	0.09940	0.02764	0.16710	0.22173	0.19167	0.07411	0.00712	0.00193	0.00312	0.00930	0.08510	0.00496
12	0.00705	0.00520	0.00751	0.00760	0.00833	0.00588	0.00570	0.00854	0.00804	0.01142	0.01476	0.08452	0.01479	0.13485	0.64382	0.00714	0.01145	0.00628	0.00287	0.00424
13	0.00706	0.00548	0.00682	0.00723	0.03795	0.00530	0.00507	0.00847	0.01053	0.01379	0.15922	0.03832	0.29563	0.17915	0.10925	0.00314	0.01829	0.08096	0.00408	0.00428
14	0.01034	0.00858	0.01245	0.17892	0.07832	0.00950	0.05914	0.08315	0.12643	0.01712	0.08652	0.04138	0.01448	0.01233	0.15840	0.00281	0.00657	0.00562	0.08193	0.00601
15	0.00841	0.00670	0.00842	0.00919	0.08230	0.00661	0.00624	0.01242	0.14396	0.03076	0.28604	0.10914	0.20975	0.01027	0.00574	0.00169	0.00320	0.04891	0.00481	0.00543
16	0.00671	0.00461	0.00595	0.00689	0.00741	0.00439	0.00488	0.00787	0.00983	0.01343	0.02634	0.57082	0.05384	0.05980	0.00722	0.00213	0.00317	0.11641	0.08417	0.00413
17	0.01064	0.00945	0.01458	0.46503	0.14204	0.01072	0.01212	0.05747	0.02911	0.02618	0.01090	0.03324	0.02425	0.00546	0.00528	0.00156	0.03374	0.00470	0.01765	0.08589
18	0.36989	0.06504	0.08540	0.07471	0.01439	0.01178	0.02733	0.06091	0.12841	0.06204	0.01093	0.01242	0.00840	0.00625	0.02742	0.00175	0.00504	0.01806	0.00344	0.00638
19	0.00691	0.00491	0.00602	0.00643	0.00709	0.00467	0.00453	0.00803	0.01006	0.01340	0.13417	0.23479	0.13153	0.25730	0.01196	0.00278	0.00360	0.12418	0.02371	0.00395
20	0.03161	0.01060	0.05587	0.00910	0.02490	0.00836	0.03398	0.10174	0.01206	0.05294	0.00971	0.01092	0.00764	0.00418	0.00404	0.00097	0.00433	0.00338	0.00326	0.61042

[dist]
# distance from previous block
# <min> <max>
0	4

[block]
# block no. 4 follows, 50 sequences, length 28
# corresponding to MSA columns:
# 213-240
name=unknown_E
#
# <colnr> <probs for GDERKNQSTAVLIFYWHMCP>
#	G	D	E	R	K	N	Q	S	T	A	V	L	I	F	Y	W	H	M	C	P
0	0.08895	0.02414	0.01637	0.13707	0.31403	0.03609	0.02654	0.06646	0.01110	0.03154	0.00939	0.01302	0.00792	0.00639	0.02346	0.00179	0.15272	0.02359	0.00274	0.00666
1	0.02899	0.01137	0.01482	0.01158	0.01499	0.01214	0.14677	0.34252	0.14455	0.03715	0.01405	0.02751	0.01059	0.00589	0.00489	0.00151	0.00511	0.00509	0.15320	0.00727
2	0.00704	0.00474	0.00550	0.00571	0.00576	0.00469	0.00331	0.00719	0.00766	0.01022	0.01784	0.17554	0.02081	0.67823	0.02193	0.00432	0.00448	0.00850	0.00331	0.00321
3	0.01528	0.01214	0.01289	0.01073	0.01406	0.01374	0.00859	0.35682	0.44971	0.02550	0.01663	0.01568	0.01225	0.00642	0.00503	0.00160	0.00462	0.00513	0.00503	0.00815
4	0.00710	0.00503	0.00664	0.00673	0.00716	0.00541	0.00461	0.00798	0.00777	0.01076	0.01550	0.08540	0.01664	0.40423	0.38076	0.00608	0.00859	0.00689	0.00298	0.00375
5	0.70647	0.01004	0.00966	0.01091	0.15168	0.01130	0.00719	0.01477	0.00900	0.02126	0.00738	0.00887	0.00585	0.00459	0.00342	0.00153	0.00423	0.00301	0.00297	0.00585
6	0.01224	0.02265	0.65635	0.01324	0.01997	0.01081	0.01641	0.01733	0.01120	0.15734	0.01089	0.01169	0.00741	0.00500	0.00479	0.00157	0.00680	0.00392	0.00284	0.00757
7	0.04474	0.00777	0.01039	0.00845	0.01164	0.00685	0.00678	0.02086	0.01324	0.63165	0.02069	0.16246	0.01587	0.00783	0.00520	0.00163	0.00399	0.00660	0.00580	0.00759
8	0.01533	0.01009	0.01115	0.00919	0.01204	0.01084	0.00724	0.29463	0.19751	0.14570	0.01611	0.01775	0.01241	0.11245	0.00749	0.00194	0.00448	0.00522	0.10122	0.00720
9	0.00748	0.00609	0.00675	0.00640	0.00811	0.00587	0.00485	0.01145	0.15243	0.01711	0.30648	0.03886	0.38815	0.01070	0.00574	0.00164	0.00272	0.00910	0.00501	0.00505
10	0.00911	0.00827	0.00766	0.00770	0.00874	0.14952	0.00551	0.01043	0.01153	0.02734	0.23144	0.29376	0.04957	0.11633	0.00833	0.00212	0.00418	0.03964	0.00431	0.00451
11	0.05072	0.00595	0.00700	0.00637	0.00803	0.00578	0.00487	0.02583	0.04373	0.10648	0.39071	0.02805	0.05175	0.03264	0.00560	0.00157	0.00283	0.00698	0.20983	0.00527
12	0.01073	0.01180	0.02513	0.01846	0.02264	0.01106	0.63596	0.01433	0.01136	0.01538	0.01323	0.15984	0.01217	0.00627	0.00597	0.00174	0.00740	0.00738	0.00290	0.00624
13	0.62161	0.01300	0.15151	0.00843	0.01239	0.01168	0.00817	0.09140	0.01035	0.02208	0.00781	0.00893	0.00587	0.00478	0.00357	0.00154	0.00466	0.00306	0.00310	0.00606
14	0.00903	0.00658	0.00769	0.00749	0.00871	0.00672	0.00537	0.14779	0.04987	0.01693	0.10042	0.38685	0.06561	0.13176	0.00873	0.00225	0.00362	0.01011	0.01951	0.00497
15	0.00764	0.00534	0.00675	0.00684	0.00796	0.00505	0.00507	0.00992	0.04914	0.04716	0.34258	0.24412	0.11257	0.04979	0.00693	0.00192	0.00298	0.07855	0.00498	0.00469
16	0.00988	0.15460	0.01056	0.00749	0.00927	0.00794	0.00582	0.03719	0.03446	0.10217	0.05749	0.42354	0.09787	0.01138	0.00549	0.00172	0.00355	0.00989	0.00441	0.00528
17	0.00937	0.00649	0.00716	0.00653	0.00725	0.00676	0.00419	0.14671	0.01018	0.01360	0.01503	0.02888	0.01637	0.67649	0.02168	0.00423	0.00495	0.00675	0.00338	0.00401
18	0.03150	0.00632	0.00813	0.00736	0.00924	0.00587	0.00561	0.03607	0.02631	0.23526	0.32674	0.21509	0.04598	0.01008	0.00565	0.00167	0.00316	0.00880	0.00538	0.00578
19	0.00898	0.00663	0.00834	0.00807	0.00945	0.00702	0.00621	0.14755	0.01212	0.01639	0.07081	0.22817	0.08029	0.03790	0.25903	0.00385	0.00679	0.07322	0.00409	0.00506
20	0.04282	0.01382	0.01080	0.00948	0.01189	0.28410	0.00735	0.19229	0.04244	0.01922	0.01201	0.01344	0.00941	0.00713	0.04278	0.00164	0.00600	0.00412	0.26321	0.00606
21	0.03738	0.01118	0.15262	0.00921	0.01284	0.00845	0.00862	0.01931	0.15331	0.30289	0.10778	0.03298	0.04092	0.00678	0.00495	0.00156	0.00429	0.00559	0.07220	0.00713
22	0.02758	0.00527	0.00618	0.00644	0.00735	0.00506	0.00446	0.02298	0.03184	0.03344	0.06100	0.33746	0.19972	0.18732	0.02471	0.00260	0.00356	0.02449	0.00431	0.00425
23	0.00712	0.00551	0.00738	0.00761	0.00820	0.00605	0.00562	0.00831	0.00904	0.01246	0.02262	0.34490	0.10181	0.07327	0.21375	0.00371	0.10102	0.02609	0.03125	0.00430
24	0.01123	0.01111	0.01894	0.20780	0.18031	0.02302	0.22864	0.01651	0.15119	0.01591	0.01251	0.03640	0.01026	0.00565	0.00551	0.00167	0.01803	0.03558	0.00303	0.00671
25	0.04062	0.00483	0.00621	0.00687	0.00743	0.00483	0.00475	0.00771	0.00918	0.01281	0.04391	0.51094	0.05681	0.10262	0.15286	0.00335	0.00500	0.01112	0.00407	0.00409
26	0.07974	0.00884	0.01107	0.01166	0.15217	0.02831	0.00751	0.04416	0.01038	0.02816	0.01067	0.03277	0.00943	0.04372	0.10543	0.06111	0.00554	0.00422	0.04072	0.30440
27	0.13147	0.09165	0.04776	0.13472	0.03722	0.03663	0.02477	0.04288	0.05223	0.17206	0.01235	0.05867	0.00979	0.00624	0.01664	0.00157	0.02355	0.00457	0.00360	0.09164

[dist]
# distance from previous block
# <min> <max>
1	9

[block]
# block no. 5 follows, 50 sequences, length 34
# corresponding to MSA columns:
# 250-283
name=unknown_F
#
# <colnr> <probs for GDERKNQSTAVLIFYWHMCP>
#	G	D	E	R	K	N	Q	S	T	A	V	L	I	F	Y	W	H	M	C	P
0	0.03566	0.06199	0.02743	0.00945	0.03564	0.09064	0.03643	0.01590	0.08578	0.14154	0.09472	0.03685	0.11116	0.00667	0.00476	0.00136	0.00448	0.00550	0.00403	0.18999
1	0.01170	0.00893	0.01045	0.09323	0.01356	0.03077	0.00756	0.11264	0.21026	0.07606	0.01796	0.12413	0.03640	0.07130	0.08508	0.00250	0.00540	0.02748	0.00419	0.05037
2	0.05372	0.07170	0.03764	0.05802	0.03619	0.02799	0.00897	0.21527	0.32823	0.02167	0.01406	0.01404	0.01060	0.00577	0.00468	0.00149	0.00483	0.00456	0.00419	0.07638
3	0.01195	0.43421	0.20102	0.01007	0.01473	0.01489	0.02690	0.01543	0.05942	0.03060	0.01116	0.01354	0.03434	0.00531	0.00408	0.00131	0.00552	0.04287	0.00267	0.05999
4	0.00754	0.00526	0.00645	0.00680	0.00734	0.00521	0.00477	0.03351	0.00962	0.01277	0.06132	0.19170	0.04106	0.39941	0.01544	0.00337	0.00424	0.17641	0.00391	0.00386
5	0.04447	0.20728	0.19309	0.04295	0.06288	0.15721	0.11738	0.04557	0.01180	0.04581	0.00885	0.01049	0.00692	0.00479	0.00468	0.00142	0.02131	0.00379	0.00259	0.00671
6	0.01134	0.08050	0.08098	0.06235	0.09346	0.05403	0.19882	0.01623	0.13573	0.03081	0.10241	0.01907	0.06553	0.00623	0.00522	0.00158	0.00581	0.01994	0.00342	0.00652
7	0.00627	0.00468	0.00589	0.00678	0.00750	0.00429	0.00485	0.00741	0.01020	0.01317	0.03268	0.54774	0.20837	0.01469	0.00632	0.00198	0.00302	0.10539	0.00462	0.00415
8	0.01526	0.03483	0.01280	0.01121	0.01338	0.43864	0.00867	0.06642	0.01267	0.05409	0.00999	0.01244	0.00844	0.01382	0.21319	0.00311	0.05839	0.00400	0.00291	0.00575
9	0.00963	0.02324	0.00878	0.02115	0.03769	0.00693	0.00634	0.07897	0.06332	0.07107	0.16993	0.22856	0.11551	0.01179	0.03476	0.00198	0.00389	0.08031	0.02076	0.00543
10	0.00600	0.00503	0.00522	0.00522	0.00681	0.00425	0.00390	0.00735	0.01156	0.01404	0.11793	0.07126	0.69937	0.01249	0.00590	0.00168	0.00252	0.01050	0.00471	0.00425
11	0.00713	0.00510	0.00698	0.00800	0.00879	0.00495	0.00633	0.00884	0.01090	0.01444	0.09276	0.37261	0.03205	0.01423	0.00658	0.00212	0.00369	0.38544	0.00468	0.00437
12	0.00977	0.00971	0.01905	0.01486	0.01805	0.00920	0.41546	0.01314	0.02354	0.01604	0.11813	0.08645	0.03534	0.00822	0.00613	0.00183	0.00615	0.17957	0.00362	0.00574
13	0.01061	0.00983	0.00861	0.00799	0.00982	0.15427	0.00601	0.08842	0.07953	0.01633	0.12078	0.07946	0.22738	0.08763	0.00730	0.00190	0.00442	0.03247	0.04203	0.00521
14	0.29385	0.00851	0.00929	0.00768	0.01091	0.00846	0.00626	0.01893	0.05746	0.38811	0.04022	0.01820	0.09888	0.00654	0.00451	0.00157	0.00385	0.00502	0.00490	0.00685
15	0.00625	0.00447	0.00597	0.00705	0.00744	0.00419	0.00485	0.00728	0.00990	0.01324	0.06711	0.73266	0.03343	0.01522	0.00637	0.00202	0.00297	0.06082	0.00467	0.00412
16	0.00741	0.00517	0.00650	0.00709	0.00779	0.00508	0.00503	0.00935	0.06086	0.02906	0.06929	0.43448	0.04491	0.14968	0.00939	0.00244	0.00348	0.11055	0.02809	0.00435
17	0.32599	0.03432	0.00808	0.00696	0.00874	0.00822	0.00538	0.02750	0.00874	0.06508	0.01048	0.04322	0.00932	0.03439	0.07587	0.23608	0.02205	0.00427	0.06074	0.00456
18	0.00703	0.00486	0.00604	0.00645	0.00742	0.00436	0.00457	0.00829	0.01099	0.05487	0.15592	0.45655	0.22724	0.01349	0.00609	0.00184	0.00278	0.01193	0.00485	0.00443
19	0.09298	0.00608	0.00716	0.00729	0.00853	0.00612	0.00533	0.05552	0.03216	0.07356	0.05888	0.43349	0.02518	0.06449	0.00691	0.00203	0.00345	0.05728	0.04864	0.00491
20	0.02654	0.00587	0.00677	0.00673	0.00793	0.03343	0.00490	0.01010	0.01179	0.07725	0.29234	0.27145	0.11026	0.05036	0.00669	0.00185	0.00311	0.02263	0.04530	0.00472
21	0.00729	0.00500	0.00612	0.00626	0.00724	0.00457	0.00443	0.00857	0.01102	0.05230	0.21960	0.27190	0.20656	0.13638	0.00898	0.00224	0.00308	0.02947	0.00467	0.00432
22	0.03617	0.00559	0.00629	0.00584	0.00748	0.00535	0.00447	0.02646	0.01174	0.12730	0.13753	0.07185	0.08516	0.00766	0.00446	0.00139	0.00275	0.00637	0.44092	0.00521
23	0.03099	0.00618	0.00736	0.00714	0.00854	0.00621	0.00527	0.01278	0.14164	0.08471	0.13491	0.19903	0.09061	0.05957	0.00812	0.08993	0.00338	0.03096	0.06764	0.00504
24	0.01253	0.00666	0.00846	0.00785	0.00978	0.00624	0.00590	0.05894	0.05151	0.27379	0.02548	0.40440	0.08520	0.01123	0.00573	0.00179	0.00351	0.00984	0.00518	0.00598
25	0.00847	0.00616	0.00707	0.00731	0.00852	0.00644	0.00532	0.01323	0.21540	0.01636	0.04863	0.38762	0.04063	0.01100	0.00542	0.00174	0.00307	0.02591	0.17646	0.00522
26	0.01147	0.00851	0.01109	0.02706	0.01168	0.00994	0.00787	0.13464	0.03339	0.09163	0.07124	0.07798	0.04874	0.01608	0.21424	0.00341	0.20536	0.00607	0.00375	0.00583
27	0.01025	0.00642	0.00839	0.03008	0.02659	0.00646	0.00601	0.05665	0.02425	0.13298	0.12957	0.15877	0.06755	0.12942	0.13087	0.00312	0.01408	0.03446	0.01884	0.00523
28	0.00885	0.00564	0.00661	0.00628	0.00746	0.00547	0.00448	0.05778	0.01140	0.06334	0.18269	0.12414	0.12256	0.21395	0.03262	0.00257	0.00367	0.00811	0.12779	0.00460
29	0.01252	0.06235	0.01589	0.05994	0.24797	0.02709	0.03962	0.08706	0.07127	0.03407	0.01031	0.01197	0.00823	0.00458	0.00446	0.00124	0.00511	0.00397	0.00311	0.28926
30	0.01008	0.00694	0.00871	0.07591	0.01087	0.00704	0.00602	0.08783	0.03293	0.02994	0.10537	0.08276	0.05037	0.18971	0.03500	0.20375	0.00479	0.00676	0.00376	0.04147
31	0.00640	0.00453	0.00586	0.00676	0.00710	0.00430	0.00454	0.00726	0.00944	0.01257	0.04896	0.60993	0.04485	0.14937	0.00952	0.00248	0.00329	0.05451	0.00438	0.00393
32	0.00955	0.00904	0.01498	0.74076	0.03242	0.01145	0.01358	0.01267	0.00976	0.01267	0.00865	0.01307	0.00664	0.00532	0.00601	0.00171	0.07957	0.00442	0.00221	0.00553
33	0.07186	0.01204	0.03673	0.07650	0.37066	0.05773	0.05250	0.03550	0.02670	0.01617	0.00938	0.01221	0.00775	0.00538	0.00654	0.00159	0.13362	0.00433	0.05603	0.00678

[dist]
# distance from previous block
# <min> <max>
0	1

[block]
# block no. 6 follows, 50 sequences, length 20
# corresponding to MSA columns:
# 285-304
name=unknown_G
#
# <colnr> <probs for GDERKNQSTAVLIFYWHMCP>
#	G	D	E	R	K	N	Q	S	T	A	V	L	I	F	Y	W	H	M	C	P
0	0.03167	0.00548	0.00657	0.00647	0.00750	0.00541	0.00462	0.02950	0.03122	0.02800	0.19098	0.15168	0.15459	0.17130	0.09681	0.04142	0.00442	0.00856	0.01946	0.00432
1	0.01117	0.00717	0.00923	0.10009	0.01255	0.00669	0.00650	0.03923	0.01129	0.14594	0.04989	0.13543	0.05060	0.03096	0.05189	0.00185	0.00439	0.00622	0.10421	0.21472
2	0.00725	0.00484	0.00554	0.00553	0.00566	0.00480	0.00322	0.00753	0.00799	0.01086	0.08519	0.05036	0.02091	0.71542	0.02271	0.00439	0.00451	0.00750	0.02256	0.00323
3	0.00751	0.00508	0.00762	0.00762	0.00828	0.00574	0.00574	0.00828	0.00762	0.01082	0.01215	0.01845	0.01149	0.03224	0.60375	0.22506	0.01104	0.00508	0.00254	0.00386
4	0.06263	0.00682	0.00780	0.00706	0.00926	0.00623	0.00539	0.05014	0.03205	0.06146	0.06425	0.21208	0.18839	0.03705	0.00594	0.00167	0.00341	0.04856	0.00428	0.18552
5	0.01010	0.00566	0.00740	0.00738	0.00860	0.00529	0.00532	0.04789	0.01104	0.16387	0.04598	0.49086	0.06045	0.01321	0.00729	0.08596	0.00339	0.01066	0.00472	0.00495
6	0.00794	0.00583	0.00708	0.00749	0.00868	0.00576	0.00564	0.01108	0.12130	0.04026	0.04654	0.33863	0.16262	0.04973	0.00700	0.00207	0.00343	0.15938	0.00468	0.00485
7	0.17543	0.00748	0.00811	0.00743	0.00941	0.00776	0.00566	0.09360	0.06201	0.10609	0.10673	0.18702	0.06236	0.09014	0.00709	0.00199	0.00371	0.02558	0.02686	0.00554
8	0.02717	0.00682	0.00911	0.00812	0.01008	0.00649	0.05146	0.03247	0.07105	0.17575	0.13833	0.22814	0.12780	0.06178	0.00694	0.00193	0.00369	0.02243	0.00486	0.00561
9	0.00764	0.00595	0.00696	0.00725	0.00831	0.00605	0.00512	0.01155	0.18309	0.01493	0.08710	0.42163	0.11924	0.08186	0.00760	0.00211	0.00321	0.01084	0.00466	0.00489
10	0.01139	0.00663	0.00819	0.00751	0.00944	0.00634	0.00581	0.06139	0.06436	0.18993	0.19525	0.18601	0.11500	0.01014	0.00560	0.00169	0.00333	0.05448	0.05171	0.00579
11	0.05287	0.00628	0.00729	0.00674	0.00862	0.00590	0.00512	0.03683	0.04501	0.14964	0.17505	0.16102	0.26305	0.03093	0.00605	0.00175	0.00312	0.00890	0.02049	0.00534
12	0.14704	0.00868	0.01007	0.00842	0.01144	0.00860	0.00674	0.11100	0.06431	0.33607	0.01753	0.13969	0.01427	0.00743	0.00485	0.00159	0.00403	0.02042	0.03263	0.04522
13	0.01043	0.00612	0.00791	0.00714	0.00890	0.00574	0.00546	0.01344	0.07150	0.17497	0.50791	0.10465	0.03639	0.00963	0.00569	0.00161	0.00290	0.00844	0.00551	0.00564
14	0.01471	0.00936	0.01055	0.00909	0.01201	0.00999	0.00718	0.04167	0.44829	0.23355	0.02090	0.01931	0.04901	0.00676	0.00494	0.00160	0.00385	0.00556	0.08409	0.00760
15	0.00896	0.00555	0.00629	0.00644	0.00756	0.00562	0.00474	0.07680	0.03195	0.01741	0.02063	0.32050	0.02071	0.00986	0.00488	0.00158	0.00295	0.04027	0.40247	0.00484
16	0.01069	0.00645	0.00761	0.00721	0.00871	0.00648	0.00541	0.04355	0.10186	0.12410	0.04151	0.10002	0.05338	0.20816	0.01016	0.00245	0.00388	0.10746	0.14567	0.00524
17	0.01019	0.00884	0.01096	0.00796	0.01222	0.00678	0.03984	0.01243	0.01036	0.01606	0.00982	0.05001	0.00864	0.00430	0.00392	0.00084	0.00386	0.00363	0.00302	0.77633
18	0.00651	0.00503	0.00595	0.00591	0.00722	0.00447	0.00441	0.00827	0.01246	0.01644	0.38758	0.11235	0.35872	0.01181	0.00596	0.00168	0.00254	0.03326	0.00502	0.00443
19	0.25588	0.04686	0.01016	0.00843	0.01109	0.04956	0.00660	0.01940	0.32549	0.07340	0.02995	0.01683	0.02391	0.09430	0.00660	0.00193	0.00429	0.00481	0.00410	0.00640

[dist]
# distance from previous block
# <min> <max>
0	1

[block]
# block no. 7 follows, 50 sequences, length 43
# corresponding to MSA columns:
# 306-348
name=unknown_H
#
# <colnr> <probs for GDERKNQSTAVLIFYWHMCP>
#	G	D	E	R	K	N	Q	S	T	A	V	L	I	F	Y	W	H	M	C	P
0	0.12150	0.03363	0.01570	0.16996	0.18888	0.15596	0.06730	0.05627	0.02724	0.06742	0.01083	0.01345	0.02217	0.00529	0.00473	0.00152	0.00626	0.02234	0.00303	0.00654
1	0.01031	0.01085	0.09504	0.06263	0.01569	0.00840	0.10979	0.06251	0.01125	0.01636	0.01221	0.14064	0.01140	0.00601	0.00469	0.00127	0.00488	0.00541	0.00316	0.40750
2	0.00837	0.00658	0.00794	0.00725	0.00938	0.00570	0.00547	0.05075	0.01120	0.01566	0.07931	0.32542	0.09540	0.01031	0.00535	0.00152	0.00334	0.05853	0.00415	0.28838
3	0.01489	0.00885	0.01085	0.00812	0.01223	0.00731	0.00657	0.01785	0.06708	0.30284	0.01364	0.01336	0.00976	0.00482	0.00427	0.00110	0.00391	0.00390	0.00428	0.48437
4	0.00710	0.00503	0.00599	0.00610	0.00737	0.00444	0.00444	0.00853	0.01160	0.05697	0.21147	0.27671	0.35082	0.01262	0.00598	0.00175	0.00269	0.01098	0.00491	0.00450
5	0.00903	0.00675	0.00791	0.00735	0.00923	0.00662	0.02342	0.02583	0.17228	0.07119	0.12457	0.12511	0.31552	0.04430	0.00653	0.00184	0.00330	0.02897	0.00482	0.00541
6	0.01239	0.00794	0.01021	0.15826	0.01467	0.01823	0.00755	0.03387	0.10576	0.21357	0.11449	0.02500	0.14762	0.07381	0.00727	0.00189	0.03035	0.00651	0.00450	0.00611
7	0.00631	0.00451	0.00601	0.00689	0.00736	0.00422	0.00475	0.00748	0.01041	0.01407	0.16163	0.65993	0.03531	0.01461	0.00629	0.00195	0.00285	0.03647	0.00478	0.00418
8	0.00789	0.00493	0.00633	0.00635	0.00720	0.00457	0.00445	0.00856	0.01038	0.06066	0.21079	0.22302	0.14692	0.09914	0.01064	0.16742	0.00327	0.00916	0.00428	0.00402
9	0.01155	0.02705	0.11318	0.01673	0.17635	0.15799	0.16240	0.01422	0.01133	0.01436	0.01405	0.18972	0.03272	0.00733	0.00563	0.00163	0.02796	0.00666	0.00297	0.00618
10	0.00725	0.00483	0.00544	0.00544	0.00544	0.00483	0.00302	0.00725	0.00725	0.00966	0.01571	0.03262	0.01812	0.82483	0.02537	0.00483	0.00483	0.00725	0.00302	0.00302
11	0.00722	0.00508	0.00607	0.00636	0.00750	0.00458	0.00466	0.00848	0.01081	0.05308	0.09118	0.26615	0.32385	0.09035	0.00794	0.00213	0.00315	0.09244	0.00461	0.00434
12	0.00768	0.00512	0.00631	0.00645	0.00710	0.00495	0.00431	0.00910	0.04190	0.04752	0.17404	0.29191	0.04715	0.29515	0.01296	0.01660	0.00358	0.00974	0.00428	0.00415
13	0.01457	0.01336	0.01760	0.16098	0.24250	0.12771	0.08977	0.16209	0.01395	0.07042	0.01022	0.01233	0.00780	0.00515	0.00532	0.00153	0.02996	0.00445	0.00317	0.00713
14	0.01317	0.78909	0.06344	0.00880	0.01322	0.01933	0.00901	0.01497	0.01015	0.01192	0.00703	0.00812	0.00639	0.00429	0.00327	0.00109	0.00543	0.00271	0.00213	0.00644
15	0.02939	0.00852	0.01267	0.06691	0.08756	0.00830	0.11454	0.02892	0.06401	0.01572	0.03504	0.05971	0.18195	0.00891	0.02601	0.00177	0.01675	0.09907	0.00364	0.13061
16	0.01137	0.08300	0.15444	0.01470	0.09665	0.05234	0.17944	0.02434	0.03023	0.04968	0.08385	0.05653	0.02967	0.00686	0.00562	0.00164	0.02792	0.08203	0.00327	0.00640
17	0.01007	0.00926	0.01414	0.63707	0.02965	0.01136	0.01254	0.01575	0.17963	0.01451	0.01136	0.01445	0.00852	0.00537	0.00500	0.00167	0.00605	0.00469	0.00284	0.00605
18	0.00719	0.00524	0.00670	0.00734	0.00819	0.00504	0.00541	0.04931	0.01127	0.01496	0.11214	0.49813	0.09413	0.01394	0.00629	0.00196	0.00323	0.14032	0.00473	0.00446
19	0.01160	0.00820	0.01065	0.00965	0.03544	0.05618	0.06915	0.05647	0.01207	0.15242	0.09508	0.09619	0.10275	0.04045	0.15638	0.00293	0.00617	0.03328	0.03927	0.00569
20	0.00791	0.00632	0.00700	0.00677	0.00859	0.00618	0.00526	0.01195	0.16360	0.03325	0.12368	0.03955	0.43332	0.01240	0.04612	0.00204	0.00354	0.07263	0.00475	0.00513
21	0.00829	0.00640	0.00720	0.00698	0.00869	0.00631	0.00527	0.01269	0.18965	0.04552	0.16922	0.15473	0.31751	0.01108	0.00577	0.00173	0.00300	0.02973	0.00494	0.00529
22	0.24776	0.00714	0.00768	0.00711	0.00911	0.00743	0.00551	0.03509	0.04334	0.10889	0.20517	0.13994	0.03920	0.02941	0.04022	0.00199	0.00382	0.02491	0.03086	0.00541
23	0.05413	0.00594	0.00681	0.00681	0.00762	0.00610	0.00477	0.06394	0.02574	0.01412	0.05971	0.14784	0.02179	0.40586	0.01526	0.00331	0.00430	0.11715	0.02464	0.00415
24	0.00741	0.04306	0.00884	0.00803	0.00908	0.00685	0.00634	0.00918	0.00811	0.01158	0.01306	0.01905	0.01218	0.03586	0.76829	0.00769	0.01298	0.00522	0.00265	0.00454
25	0.00883	0.00579	0.00733	0.00757	0.00872	0.00563	0.00558	0.04900	0.05307	0.08509	0.09367	0.46388	0.06240	0.03233	0.00655	0.00198	0.00336	0.08941	0.00484	0.00497
26	0.07730	0.00683	0.00840	0.00767	0.00967	0.00662	0.02288	0.03011	0.08091	0.17417	0.16874	0.22707	0.12406	0.01017	0.00554	0.00172	0.00340	0.02407	0.00498	0.00570
27	0.00626	0.00449	0.00584	0.00685	0.00723	0.00421	0.00464	0.00716	0.00956	0.01264	0.02765	0.67907	0.06986	0.07883	0.00786	0.00224	0.00312	0.05398	0.00450	0.00401
28	0.00737	0.00536	0.00677	0.00684	0.00785	0.00511	0.00495	0.05854	0.01269	0.01741	0.38829	0.36592	0.06938	0.01230	0.00602	0.00176	0.00279	0.01095	0.00506	0.00465
29	0.09926	0.00661	0.00772	0.00704	0.00899	0.00637	0.00540	0.06268	0.01276	0.16162	0.23610	0.18796	0.13851	0.00994	0.00541	0.00165	0.00320	0.00848	0.02477	0.00552
30	0.00911	0.00518	0.00677	0.00700	0.00811	0.00471	0.00500	0.01039	0.01092	0.14965	0.09553	0.52932	0.07635	0.01288	0.00593	0.00184	0.00303	0.01148	0.04187	0.00491
31	0.01433	0.01028	0.01133	0.00990	0.01292	0.01141	0.00778	0.02606	0.63542	0.17130	0.02017	0.01828	0.01466	0.00665	0.00506	0.00166	0.00400	0.00551	0.00528	0.00800
32	0.03410	0.00603	0.00701	0.00634	0.00799	0.00583	0.00484	0.06720	0.01325	0.08126	0.36988	0.02952	0.10228	0.04410	0.00597	0.00162	0.00289	0.00726	0.19743	0.00517
33	0.04985	0.00713	0.00825	0.00747	0.00931	0.00730	0.00570	0.15777	0.01304	0.09092	0.09822	0.17244	0.10051	0.06383	0.08996	0.00248	0.00462	0.00763	0.09808	0.00550
34	0.01320	0.00809	0.00938	0.00821	0.01038	0.00842	0.00614	0.01931	0.31152	0.22081	0.06303	0.02334	0.01714	0.24591	0.01104	0.00256	0.00419	0.00614	0.00478	0.00644
35	0.00684	0.00509	0.00637	0.00605	0.00732	0.00461	0.00454	0.00900	0.01361	0.01881	0.65722	0.03917	0.18165	0.01063	0.00588	0.00159	0.00238	0.00929	0.00533	0.00461
36	0.01277	0.00759	0.00979	0.02360	0.03203	0.00770	0.00712	0.12936	0.03519	0.17208	0.07501	0.02643	0.05594	0.01137	0.04110	0.14679	0.01521	0.15034	0.03485	0.00574
37	0.00843	0.00441	0.00642	0.00640	0.00655	0.00434	0.00432	0.00668	0.00714	0.00949	0.05040	0.01803	0.05280	0.01670	0.01806	0.76593	0.00413	0.00490	0.00246	0.00240
38	0.01169	0.01398	0.06291	0.02071	0.02586	0.01256	0.74267	0.01596	0.01171	0.01596	0.01003	0.01332	0.00751	0.00422	0.00583	0.00168	0.00836	0.00579	0.00250	0.00675
39	0.00702	0.00533	0.00607	0.00633	0.00730	0.00506	0.00442	0.03203	0.04393	0.01334	0.03202	0.28933	0.29055	0.19103	0.01028	0.00250	0.00339	0.04156	0.00430	0.00421
40	0.22005	0.01428	0.01426	0.16437	0.07676	0.23905	0.06683	0.06314	0.01187	0.03650	0.00856	0.01064	0.00669	0.00510	0.00495	0.00152	0.04270	0.00378	0.00284	0.00609
41	0.01258	0.01223	0.01504	0.15393	0.18724	0.14174	0.04417	0.12332	0.01255	0.01602	0.01129	0.01431	0.03266	0.01130	0.15119	0.00272	0.04386	0.00466	0.00290	0.00632
42	0.23563	0.01451	0.12024	0.01100	0.01494	0.09482	0.06165	0.21248	0.06069	0.07764	0.01132	0.01314	0.00862	0.00563	0.00455	0.00156	0.00566	0.03522	0.00375	0.00693

[dist]
# distance from previous block
# <min> <max>
0	2

[block]
# block no. 8 follows, 50 sequences, length 44
# corresponding to MSA columns:
# 351-394
name=unknown_I
#
# <colnr> <probs for GDERKNQSTAVLIFYWHMCP>
#	G	D	E	R	K	N	Q	S	T	A	V	L	I	F	Y	W	H	M	C	P
0	0.01190	0.01131	0.01850	0.20201	0.26400	0.02937	0.14573	0.09216	0.01215	0.01645	0.01093	0.01647	0.00935	0.00584	0.00610	0.00168	0.06412	0.07241	0.00285	0.00670
1	0.08534	0.00941	0.01147	0.00913	0.01275	0.00918	0.00745	0.08649	0.14796	0.53904	0.01815	0.01614	0.01198	0.00614	0.00487	0.00156	0.00426	0.00490	0.00564	0.00814
2	0.01687	0.01659	0.01355	0.01158	0.01469	0.30454	0.00906	0.27466	0.24747	0.02120	0.01289	0.01285	0.00973	0.00591	0.00483	0.00148	0.00631	0.00436	0.00412	0.00731
3	0.01240	0.01071	0.01127	0.01014	0.01296	0.01240	0.00789	0.02649	0.78473	0.02085	0.02029	0.01860	0.01522	0.00676	0.00507	0.00169	0.00394	0.00564	0.00507	0.00789
4	0.01470	0.00977	0.01368	0.38786	0.02336	0.01092	0.01080	0.14020	0.09251	0.22533	0.01340	0.01460	0.00933	0.00564	0.00500	0.00161	0.00554	0.00472	0.00401	0.00703
5	0.00907	0.00734	0.00834	0.00773	0.00962	0.00773	0.00593	0.01597	0.32108	0.01947	0.38271	0.03141	0.12123	0.00917	0.00558	0.00164	0.00305	0.02182	0.00520	0.00591
6	0.00941	0.00886	0.01495	0.81285	0.03433	0.01107	0.01384	0.01274	0.00997	0.01274	0.00886	0.01329	0.00664	0.00498	0.00498	0.00166	0.00664	0.00443	0.00221	0.00554
7	0.01234	0.01184	0.02023	0.03059	0.79373	0.01184	0.01530	0.01530	0.01135	0.01628	0.00938	0.01234	0.00790	0.00444	0.00493	0.00148	0.00592	0.00444	0.00247	0.00790
8	0.00660	0.00528	0.00596	0.00601	0.00748	0.00475	0.00458	0.00865	0.04107	0.01526	0.20937	0.10033	0.47641	0.01218	0.00598	0.00174	0.00275	0.07631	0.00483	0.00448
9	0.00725	0.00483	0.00544	0.00544	0.00544	0.00483	0.00302	0.00725	0.00725	0.00966	0.01571	0.03262	0.01812	0.82483	0.02537	0.00483	0.00483	0.00725	0.00302	0.00302
10	0.01091	0.01091	0.01527	0.01309	0.01309	0.01527	0.01091	0.01200	0.00763	0.01200	0.00654	0.01091	0.00654	0.00872	0.01636	0.00218	0.81570	0.00436	0.00218	0.00545
11	0.00658	0.00474	0.00578	0.00628	0.00708	0.00430	0.00433	0.00765	0.01041	0.02980	0.11502	0.44765	0.23092	0.08594	0.00785	0.00213	0.00294	0.01185	0.00461	0.00416
12	0.00618	0.00442	0.00576	0.00675	0.00710	0.00413	0.00449	0.00704	0.00959	0.01276	0.05093	0.71685	0.05839	0.07083	0.00763	0.00219	0.00300	0.01341	0.00454	0.00400
13	0.00648	0.00527	0.00580	0.00594	0.00744	0.00470	0.00453	0.00839	0.04069	0.01443	0.11327	0.11605	0.54896	0.01256	0.00600	0.00176	0.00280	0.08579	0.00472	0.00442
14	0.00754	0.00519	0.00681	0.00637	0.00762	0.00478	0.00479	0.00985	0.01402	0.04563	0.75023	0.05225	0.04560	0.01017	0.00586	0.00158	0.00243	0.00898	0.00549	0.00482
15	0.00624	0.00445	0.00593	0.00705	0.00739	0.00419	0.00481	0.00718	0.00960	0.01278	0.02704	0.74565	0.03222	0.04013	0.00698	0.00213	0.00307	0.06455	0.00458	0.00405
16	0.00705	0.00510	0.00666	0.00627	0.00745	0.00470	0.00470	0.00941	0.01411	0.01999	0.79110	0.03723	0.04703	0.01019	0.00588	0.00157	0.00235	0.00901	0.00549	0.00470
17	0.00716	0.00519	0.00723	0.00723	0.00785	0.00581	0.00526	0.00840	0.00778	0.01099	0.01407	0.02354	0.01418	0.27664	0.56817	0.00704	0.01076	0.00592	0.00278	0.00402
18	0.13538	0.00592	0.00659	0.00655	0.00809	0.00578	0.00497	0.01019	0.03021	0.04684	0.23912	0.20035	0.21083	0.01107	0.00558	0.00174	0.00299	0.05836	0.00470	0.00477
19	0.01034	0.00886	0.01034	0.00738	0.01181	0.00664	0.00591	0.01255	0.01034	0.01624	0.00886	0.01034	0.00738	0.00369	0.00369	0.00074	0.00369	0.00295	0.00295	0.85530
20	0.86003	0.00964	0.00733	0.00655	0.00964	0.01118	0.00540	0.01465	0.00848	0.02236	0.00694	0.00810	0.00540	0.00463	0.00308	0.00154	0.00386	0.00270	0.00308	0.00540
21	0.00614	0.00455	0.00568	0.00646	0.00708	0.00415	0.00440	0.00715	0.01011	0.01321	0.07852	0.58729	0.18821	0.04370	0.00692	0.00203	0.00285	0.01286	0.00462	0.00408
22	0.00704	0.00470	0.00600	0.00627	0.00703	0.00435	0.00445	0.00749	0.00997	0.01313	0.14652	0.23236	0.21987	0.01419	0.00976	0.23792	0.00317	0.03920	0.02289	0.00370
23	0.00805	0.00604	0.00837	0.03989	0.00976	0.00691	0.00622	0.05871	0.00901	0.01262	0.01387	0.05125	0.01361	0.17224	0.53411	0.00641	0.02960	0.00590	0.00293	0.00451
24	0.01132	0.01656	0.22348	0.01929	0.02492	0.01235	0.58469	0.01592	0.01145	0.01592	0.00980	0.01271	0.00725	0.00434	0.00559	0.00165	0.00814	0.00533	0.00242	0.00689
25	0.00929	0.00465	0.00465	0.00465	0.00581	0.00465	0.00348	0.01161	0.01045	0.01858	0.01626	0.01858	0.01278	0.00581	0.00348	0.00116	0.00232	0.00465	0.85250	0.00465
26	0.01555	0.01004	0.01300	0.13128	0.04648	0.01072	0.02604	0.15188	0.20810	0.24547	0.04368	0.01653	0.01251	0.00738	0.03691	0.00185	0.00519	0.00514	0.00471	0.00753
27	0.00651	0.00457	0.00574	0.00649	0.00677	0.00436	0.00423	0.00717	0.00897	0.01189	0.02464	0.51870	0.05646	0.26635	0.01226	0.00289	0.00355	0.04057	0.00413	0.00376
