[name]
unknown

[dist]
# distance from previous block
# <min> <max>
0	96

[block]
# block no. 0 follows, 43 sequences, length 21
# corresponding to MSA columns:
# 96-116
name=unknown_A
#
# <colnr> <probs for GDERKNQSTAVLIFYWHMCP>
#	G	D	E	R	K	N	Q	S	T	A	V	L	I	F	Y	W	H	M	C	P
0	0.01271	0.32609	0.01808	0.04514	0.04349	0.01426	0.00850	0.11467	0.03866	0.01771	0.08880	0.11233	0.09042	0.03909	0.00600	0.00173	0.00503	0.00674	0.00392	0.00663
1	0.01665	0.01553	0.07938	0.01226	0.02689	0.15450	0.02939	0.13993	0.14642	0.12115	0.01457	0.01522	0.01093	0.00912	0.07146	0.00219	0.00706	0.00487	0.01453	0.10796
2	0.12472	0.01660	0.06123	0.01447	0.08686	0.24318	0.04631	0.08701	0.02516	0.09832	0.01408	0.02007	0.01207	0.00720	0.00546	0.00176	0.00703	0.11736	0.00394	0.00717
3	0.00705	0.00525	0.00687	0.00752	0.00833	0.00507	0.00534	0.00844	0.01110	0.01480	0.10254	0.44999	0.15696	0.02095	0.15892	0.00344	0.00536	0.01259	0.00481	0.00469
4	0.01397	0.01379	0.10718	0.19908	0.19665	0.01282	0.05349	0.10460	0.11613	0.06756	0.01354	0.02708	0.01032	0.00601	0.00553	0.00175	0.00645	0.00532	0.03079	0.00796
5	0.01051	0.00701	0.00833	0.00738	0.00957	0.00623	0.00543	0.01251	0.03889	0.11042	0.07594	0.10477	0.19685	0.17242	0.05095	0.00275	0.00452	0.00838	0.00461	0.16251
6	0.00820	0.01061	0.17058	0.02494	0.01238	0.00689	0.00885	0.01106	0.01276	0.01705	0.18010	0.13685	0.25584	0.01205	0.00647	0.00196	0.00437	0.10876	0.00468	0.00560
7	0.02870	0.04704	0.05097	0.27101	0.21462	0.01182	0.01275	0.06144	0.01243	0.08500	0.01236	0.01731	0.01026	0.11484	0.00845	0.00221	0.00640	0.00526	0.02008	0.00705
8	0.00976	0.00884	0.04144	0.04802	0.01299	0.00872	0.05934	0.01323	0.07115	0.01809	0.18633	0.09715	0.12194	0.00970	0.00752	0.00182	0.11214	0.00804	0.12007	0.04372
9	0.00720	0.00501	0.00611	0.00699	0.00772	0.00462	0.00480	0.00846	0.01110	0.01517	0.03340	0.56101	0.16460	0.01527	0.00654	0.00205	0.00305	0.01357	0.11870	0.00462
10	0.65272	0.00986	0.00830	0.00736	0.01040	0.01106	0.00584	0.01617	0.00985	0.09378	0.01038	0.01365	0.00866	0.11466	0.00701	0.00221	0.00447	0.00393	0.00374	0.00596
11	0.01641	0.01937	0.17967	0.01495	0.01957	0.18852	0.13741	0.13825	0.06753	0.08040	0.01247	0.01444	0.00950	0.04221	0.00698	0.00188	0.03401	0.00501	0.00369	0.00771
12	0.67265	0.01108	0.00838	0.00760	0.01052	0.06528	0.00597	0.01556	0.00968	0.02213	0.00910	0.01279	0.00801	0.11454	0.00692	0.00219	0.00483	0.00373	0.00338	0.00567
13	0.10708	0.01109	0.01139	0.00947	0.01284	0.02456	0.00756	0.19784	0.19710	0.05270	0.01570	0.01607	0.01183	0.00629	0.00477	0.00152	0.00447	0.00488	0.18150	0.12133
14	0.00803	0.00547	0.00653	0.00653	0.00670	0.00563	0.00396	0.00837	0.00820	0.01110	0.01700	0.03378	0.01906	0.67533	0.15675	0.00597	0.00698	0.00769	0.00329	0.00363
15	0.73073	0.01090	0.00935	0.00827	0.01123	0.01304	0.00683	0.01588	0.00930	0.02327	0.00765	0.00942	0.00617	0.00576	0.00544	0.00181	0.11238	0.00325	0.00329	0.00601
16	0.11259	0.05392	0.01730	0.28274	0.11258	0.01445	0.03642	0.21483	0.04913	0.02193	0.01105	0.01348	0.00838	0.00582	0.00547	0.00174	0.02233	0.00472	0.00359	0.00753
17	0.01061	0.00840	0.01069	0.00936	0.01084	0.00935	0.00740	0.11687	0.01567	0.02219	0.50319	0.03133	0.03686	0.01032	0.00879	0.00187	0.16678	0.00823	0.00526	0.00600
18	0.00835	0.00611	0.00809	0.03851	0.04845	0.00616	0.00557	0.00979	0.01116	0.01549	0.27851	0.03445	0.02958	0.37251	0.10052	0.00416	0.00558	0.00822	0.00420	0.00457
19	0.01027	0.00643	0.00880	0.01068	0.10737	0.00614	0.00664	0.01206	0.01162	0.08818	0.02392	0.42643	0.02513	0.01197	0.00591	0.00188	0.00363	0.01068	0.21658	0.00569
20	0.00871	0.00514	0.00608	0.00650	0.00743	0.00509	0.00467	0.01067	0.01126	0.01776	0.06675	0.29469	0.02426	0.01374	0.07601	0.00234	0.00392	0.00922	0.42085	0.00491

[dist]
# distance from previous block
# <min> <max>
3	9

[block]
# block no. 1 follows, 43 sequences, length 10
# corresponding to MSA columns:
# 126-135
name=unknown_B
#
# <colnr> <probs for GDERKNQSTAVLIFYWHMCP>
#	G	D	E	R	K	N	Q	S	T	A	V	L	I	F	Y	W	H	M	C	P
0	0.28063	0.10885	0.08630	0.01309	0.08634	0.06690	0.03804	0.05504	0.05742	0.04565	0.01011	0.01158	0.00796	0.00564	0.00539	0.00164	0.06002	0.00398	0.00335	0.05207
1	0.01163	0.01382	0.11236	0.33533	0.12595	0.06083	0.10152	0.01531	0.01181	0.01558	0.01222	0.01587	0.03853	0.00821	0.06177	0.00225	0.00799	0.00520	0.00273	0.04109
2	0.01129	0.01344	0.13662	0.11006	0.27163	0.02888	0.05015	0.01466	0.01202	0.01676	0.07085	0.09787	0.01557	0.00968	0.05490	0.00228	0.03845	0.03457	0.00324	0.00706
3	0.00934	0.00658	0.00866	0.06598	0.01076	0.00673	0.00616	0.01126	0.01300	0.06492	0.39973	0.03577	0.08987	0.17993	0.01181	0.00258	0.05805	0.00871	0.00497	0.00517
4	0.01291	0.00622	0.00740	0.00663	0.00859	0.00583	0.00514	0.01540	0.01354	0.18688	0.20175	0.02531	0.02337	0.00773	0.00489	0.00149	0.00306	0.00644	0.45130	0.00612
5	0.00732	0.00552	0.00677	0.00672	0.00802	0.00496	0.00494	0.00935	0.01406	0.01900	0.46182	0.16437	0.24088	0.01299	0.00662	0.00186	0.00276	0.01136	0.00569	0.00496
6	0.01371	0.01316	0.02248	0.03399	0.77081	0.01316	0.01700	0.01700	0.01261	0.01809	0.01042	0.01371	0.00877	0.00493	0.00548	0.00164	0.00658	0.00493	0.00274	0.00877
7	0.01405	0.01278	0.01650	0.40620	0.10877	0.08183	0.01333	0.16271	0.06561	0.01948	0.01162	0.01453	0.00879	0.00587	0.00543	0.00173	0.00690	0.00491	0.03167	0.00725
8	0.00674	0.00562	0.00588	0.00582	0.00760	0.00476	0.00436	0.00833	0.01309	0.01606	0.16386	0.05149	0.66012	0.01362	0.00654	0.00185	0.00278	0.01144	0.00529	0.00476
9	0.01099	0.00902	0.01100	0.03699	0.08993	0.00843	0.00750	0.12342	0.01422	0.01928	0.07792	0.06081	0.24736	0.04856	0.00675	0.00174	0.00429	0.00757	0.00439	0.20982

[dist]
# distance from previous block
# <min> <max>
3	8

[block]
# block no. 2 follows, 43 sequences, length 30
# corresponding to MSA columns:
# 144-173
name=unknown_C
#
# <colnr> <probs for GDERKNQSTAVLIFYWHMCP>
#	G	D	E	R	K	N	Q	S	T	A	V	L	I	F	Y	W	H	M	C	P
0	0.01461	0.01906	0.33823	0.01403	0.01971	0.01259	0.07101	0.09553	0.06853	0.13001	0.01282	0.01383	0.00921	0.00601	0.00640	0.00172	0.07092	0.00473	0.00370	0.08733
1	0.00845	0.00644	0.00818	0.00836	0.00967	0.00653	0.00633	0.01165	0.09062	0.01617	0.11328	0.21860	0.08808	0.07039	0.16212	0.00362	0.00600	0.11928	0.00467	0.04154
2	0.12444	0.04910	0.09535	0.04513	0.33058	0.02536	0.09629	0.03517	0.01231	0.05587	0.01037	0.01289	0.00821	0.00539	0.00596	0.00171	0.05427	0.00466	0.00304	0.02392
3	0.01145	0.09066	0.01138	0.00935	0.01146	0.00896	0.00759	0.01551	0.13166	0.10099	0.02464	0.20405	0.05277	0.01502	0.08855	0.00276	0.00553	0.18354	0.00485	0.01929
4	0.00830	0.00580	0.00695	0.00669	0.00831	0.00512	0.00500	0.01025	0.01400	0.06607	0.37026	0.11700	0.33051	0.01268	0.00653	0.00184	0.00288	0.01094	0.00568	0.00520
5	0.01117	0.00815	0.01206	0.06514	0.18095	0.00808	0.00962	0.01391	0.03820	0.09541	0.06376	0.21470	0.07894	0.01140	0.00647	0.00203	0.00477	0.16417	0.00467	0.00639
6	0.01513	0.09444	0.25071	0.01855	0.17489	0.12906	0.06277	0.05696	0.01341	0.07282	0.01060	0.01243	0.00813	0.00561	0.00595	0.00167	0.05148	0.00444	0.00303	0.00793
7	0.01111	0.02865	0.77667	0.01579	0.02397	0.01286	0.02046	0.01754	0.01169	0.01754	0.00994	0.01169	0.00702	0.00526	0.00526	0.00175	0.00818	0.00409	0.00234	0.00818
8	0.00793	0.00644	0.00778	0.00744	0.00853	0.00664	0.00555	0.00914	0.01165	0.01524	0.16829	0.09630	0.35630	0.09718	0.01136	0.04615	0.11886	0.00994	0.00458	0.00470
9	0.00986	0.00978	0.06883	0.01262	0.05345	0.00930	0.08747	0.01451	0.11982	0.01578	0.01654	0.05618	0.01503	0.02545	0.40918	0.00555	0.01071	0.05023	0.00350	0.00620
10	0.00679	0.00557	0.00598	0.00599	0.00766	0.00476	0.00445	0.00838	0.01304	0.01621	0.18196	0.09974	0.59274	0.01376	0.00658	0.00187	0.00280	0.01165	0.00531	0.00476
11	0.00735	0.00558	0.00691	0.00774	0.00890	0.00514	0.00598	0.00896	0.01198	0.01518	0.03922	0.30803	0.29453	0.01554	0.00706	0.00221	0.00365	0.23616	0.00513	0.00475
12	0.01887	0.01456	0.01772	0.01549	0.09728	0.01575	0.05914	0.57253	0.02280	0.03067	0.01403	0.01705	0.01093	0.00697	0.00575	0.00174	0.00628	0.05849	0.00503	0.00891
13	0.01496	0.01651	0.02690	0.02100	0.07008	0.13723	0.48691	0.07298	0.06160	0.01869	0.01160	0.01431	0.00883	0.00518	0.00610	0.00177	0.00872	0.00583	0.00319	0.00761
14	0.00685	0.00505	0.00641	0.00728	0.00797	0.00462	0.00500	0.00809	0.01156	0.01527	0.12538	0.58545	0.15865	0.01606	0.00692	0.00212	0.00307	0.01437	0.00526	0.00462
15	0.01367	0.09732	0.01747	0.30415	0.11198	0.21872	0.02548	0.01628	0.01252	0.01438	0.01266	0.01566	0.05725	0.00804	0.05019	0.00205	0.00800	0.00488	0.00280	0.00649
16	0.01212	0.01212	0.01696	0.01454	0.01454	0.01696	0.01212	0.01333	0.00848	0.01333	0.00727	0.01212	0.00727	0.00969	0.01818	0.00242	0.79523	0.00485	0.00242	0.00606
17	0.01148	0.00984	0.01148	0.00820	0.01312	0.00738	0.00656	0.01395	0.01148	0.01805	0.00984	0.01148	0.00820	0.00410	0.00410	0.00082	0.00410	0.00328	0.00328	0.83922
18	0.01281	0.01314	0.01737	0.39059	0.02718	0.11939	0.05989	0.04612	0.01180	0.01496	0.00970	0.03042	0.00810	0.00686	0.00875	0.00194	0.20687	0.00506	0.00271	0.00635
19	0.00662	0.00561	0.00572	0.00569	0.00753	0.00471	0.00427	0.00810	0.01281	0.01540	0.09909	0.05258	0.72531	0.01386	0.00654	0.00186	0.00279	0.01159	0.00520	0.00471
20	0.00718	0.00556	0.00654	0.00645	0.00791	0.00492	0.00478	0.00912	0.01391	0.01836	0.39432	0.11363	0.36135	0.01303	0.00659	0.00184	0.00275	0.01125	0.00560	0.00492
21	0.01216	0.01432	0.11203	0.25637	0.23970	0.01333	0.18201	0.01611	0.01185	0.01642	0.01014	0.01395	0.00795	0.00544	0.00663	0.00182	0.06456	0.00519	0.00260	0.00742
22	0.00763	0.00533	0.00680	0.00718	0.00749	0.00546	0.00469	0.00836	0.00900	0.01222	0.02074	0.25989	0.02361	0.40041	0.19138	0.00524	0.00685	0.00986	0.00380	0.00405
23	0.00719	0.00543	0.00653	0.00683	0.00782	0.00512	0.00481	0.00844	0.01111	0.01440	0.09868	0.23049	0.28274	0.15782	0.10996	0.00348	0.00493	0.02509	0.00463	0.00449
24	0.16008	0.09508	0.01533	0.32668	0.02332	0.01341	0.01118	0.15197	0.01369	0.01997	0.01239	0.05755	0.01082	0.00692	0.00519	0.00179	0.00605	0.05836	0.00353	0.00667
25	0.01412	0.00971	0.01089	0.00920	0.01142	0.01049	0.00698	0.31508	0.01616	0.04528	0.01559	0.02271	0.01407	0.26671	0.11768	0.00379	0.00664	0.00613	0.09090	0.00643
26	0.00801	0.00555	0.00697	0.00697	0.00730	0.00588	0.00452	0.00865	0.00833	0.01143	0.01660	0.03152	0.01808	0.55615	0.27460	0.00652	0.00846	0.00736	0.00323	0.00387
27	0.01195	0.01316	0.10428	0.01464	0.07220	0.04979	0.15699	0.06743	0.03759	0.01928	0.14621	0.04059	0.01910	0.00967	0.05637	0.00218	0.00672	0.06254	0.01433	0.09497
28	0.01498	0.09544	0.01674	0.01246	0.01475	0.01626	0.01034	0.23473	0.12380	0.02100	0.01201	0.01474	0.01006	0.04401	0.03486	0.00232	0.30516	0.00507	0.00387	0.00741
29	0.01871	0.01487	0.10532	0.03821	0.11150	0.08806	0.01141	0.18498	0.01681	0.25857	0.03822	0.02693	0.01201	0.00649	0.00543	0.00166	0.00610	0.00523	0.04108	0.00841

[dist]
# distance from previous block
# <min> <max>
0	2

[block]
# block no. 3 follows, 43 sequences, length 20
# corresponding to MSA columns:
# 176-195
name=unknown_D
#
# <colnr> <probs for GDERKNQSTAVLIFYWHMCP>
#	G	D	E	R	K	N	Q	S	T	A	V	L	I	F	Y	W	H	M	C	P
0	0.36853	0.16602	0.04342	0.00956	0.01338	0.04400	0.03210	0.10911	0.04093	0.02222	0.05953	0.01434	0.04465	0.00615	0.00437	0.00162	0.00519	0.00438	0.00373	0.00678
1	0.01608	0.09838	0.01558	0.02808	0.06810	0.01395	0.00961	0.17709	0.29986	0.11155	0.01816	0.01794	0.03265	0.00916	0.05692	0.00219	0.00581	0.00555	0.00495	0.00839
2	0.00821	0.00535	0.00717	0.00704	0.00787	0.00509	0.00503	0.00903	0.01207	0.01665	0.38768	0.08741	0.08333	0.04510	0.04192	0.24953	0.00389	0.00876	0.00465	0.00422
3	0.02012	0.02545	0.01578	0.01429	0.01695	0.73237	0.01079	0.02153	0.01522	0.01354	0.00848	0.01013	0.00714	0.00597	0.00587	0.00149	0.06201	0.00365	0.00283	0.00640
4	0.00712	0.00566	0.00611	0.00627	0.00772	0.00502	0.00465	0.00841	0.01180	0.01439	0.04558	0.05131	0.53719	0.16032	0.01068	0.00260	0.00357	0.10231	0.00481	0.00449
5	0.00736	0.00554	0.00680	0.00671	0.00803	0.00499	0.00495	0.00943	0.01421	0.01925	0.48420	0.14400	0.23861	0.01282	0.00661	0.00184	0.00274	0.01121	0.00572	0.00499
6	0.00914	0.00679	0.00892	0.00988	0.01121	0.00696	0.00821	0.01305	0.10696	0.01696	0.02869	0.19378	0.03086	0.01469	0.00729	0.00241	0.00466	0.50893	0.00518	0.00545
7	0.01129	0.06600	0.74086	0.01548	0.02350	0.01330	0.01994	0.01749	0.01167	0.01732	0.00983	0.01156	0.00702	0.00524	0.00518	0.00173	0.00808	0.00404	0.00234	0.00813
8	0.00794	0.00582	0.00832	0.00832	0.00911	0.00661	0.00620	0.00952	0.00873	0.01243	0.01536	0.02468	0.01511	0.19545	0.63124	0.00819	0.01293	0.00636	0.00305	0.00462
9	0.02078	0.00854	0.01160	0.00938	0.01292	0.00749	0.00767	0.02298	0.01548	0.59236	0.13371	0.04782	0.02127	0.00836	0.00589	0.00179	0.00438	0.05264	0.00658	0.00838
10	0.01377	0.01541	0.20405	0.01210	0.05050	0.01084	0.01122	0.14436	0.04326	0.06151	0.04025	0.01416	0.01064	0.00551	0.00492	0.00138	0.00551	0.00441	0.03533	0.31087
11	0.07442	0.01837	0.01591	0.20937	0.05761	0.38416	0.01206	0.01815	0.01287	0.01468	0.00872	0.01161	0.00722	0.00619	0.00702	0.00171	0.12672	0.00412	0.00273	0.00638
12	0.84448	0.01071	0.00814	0.00728	0.01071	0.01242	0.00600	0.01628	0.00943	0.02485	0.00771	0.00900	0.00600	0.00514	0.00343	0.00171	0.00428	0.00300	0.00343	0.00600
13	0.01662	0.01538	0.01399	0.01215	0.01550	0.15827	0.00950	0.18244	0.46466	0.02388	0.01795	0.01710	0.01348	0.00699	0.00550	0.00175	0.00580	0.00549	0.00510	0.00847
14	0.00687	0.00496	0.00652	0.00767	0.00816	0.00461	0.00525	0.00799	0.01100	0.01459	0.06017	0.70068	0.07708	0.01685	0.00704	0.00222	0.00325	0.04534	0.00518	0.00456
15	0.04316	0.01110	0.01657	0.34649	0.02564	0.04858	0.09165	0.01764	0.01226	0.18156	0.01268	0.01531	0.00920	0.00622	0.00679	0.00182	0.08998	0.00511	0.05127	0.00695
16	0.07317	0.46885	0.07372	0.01303	0.09826	0.08358	0.01082	0.01840	0.08487	0.01575	0.00967	0.01085	0.00817	0.00518	0.00420	0.00140	0.00623	0.00363	0.00284	0.00739
17	0.00801	0.00553	0.00680	0.00707	0.00805	0.00511	0.00500	0.00937	0.01193	0.04469	0.18710	0.27464	0.18038	0.16215	0.01078	0.00265	0.00359	0.05738	0.00507	0.00470
18	0.00702	0.00604	0.00612	0.00640	0.00791	0.02806	0.00464	0.00832	0.01221	0.01471	0.04827	0.23926	0.56252	0.01461	0.00663	0.00195	0.00312	0.01246	0.00507	0.00468
19	0.01459	0.01669	0.16775	0.07200	0.05501	0.07917	0.23066	0.03802	0.01285	0.11484	0.01192	0.01500	0.00913	0.04417	0.00817	0.00200	0.09197	0.00535	0.00328	0.00744

[dist]
# distance from previous block
# <min> <max>
2	11

[block]
# block no. 4 follows, 43 sequences, length 56
# corresponding to MSA columns:
# 207-262
name=unknown_E
#
# <colnr> <probs for GDERKNQSTAVLIFYWHMCP>
#	G	D	E	R	K	N	Q	S	T	A	V	L	I	F	Y	W	H	M	C	P
0	0.21799	0.05337	0.08853	0.01091	0.04850	0.07945	0.00904	0.08225	0.01280	0.07083	0.05533	0.02837	0.01134	0.00845	0.03612	0.07018	0.00587	0.00454	0.00367	0.10247
1	0.33045	0.01002	0.01114	0.08444	0.07546	0.02285	0.01976	0.05037	0.01115	0.07695	0.01208	0.03036	0.01074	0.17043	0.00934	0.00242	0.00525	0.00497	0.00363	0.05818
2	0.00727	0.00525	0.00651	0.00703	0.00771	0.00491	0.00479	0.00847	0.01138	0.01516	0.17116	0.37224	0.13430	0.17932	0.01130	0.00276	0.00356	0.03748	0.00495	0.00444
3	0.07685	0.06877	0.05276	0.05346	0.06396	0.05772	0.01045	0.11315	0.10649	0.08655	0.01315	0.03639	0.01051	0.00692	0.00722	0.00175	0.13764	0.00499	0.04480	0.04646
4	0.01378	0.01667	0.16520	0.02025	0.12306	0.03534	0.31774	0.01907	0.08067	0.06895	0.01227	0.01457	0.00921	0.00555	0.00665	0.00181	0.05685	0.00552	0.00323	0.02362
5	0.04618	0.06987	0.18123	0.11707	0.09041	0.07034	0.03612	0.10065	0.02823	0.08914	0.04048	0.01416	0.01011	0.00611	0.00615	0.00171	0.06187	0.00475	0.00350	0.02192
6	0.01140	0.09506	0.10586	0.26674	0.03627	0.03366	0.01176	0.07838	0.01316	0.01727	0.10062	0.08236	0.04019	0.03677	0.00648	0.00192	0.00607	0.04603	0.00361	0.00640
7	0.00701	0.00521	0.00632	0.00688	0.00770	0.00475	0.00471	0.00822	0.01158	0.01516	0.14592	0.41129	0.22136	0.10631	0.00929	0.00244	0.00327	0.01298	0.00508	0.00452
8	0.00818	0.00646	0.00857	0.01054	0.07122	0.02654	0.00709	0.00973	0.01137	0.01495	0.02823	0.51796	0.04986	0.01618	0.02849	0.00242	0.00439	0.16797	0.00482	0.00504
9	0.06891	0.04075	0.03912	0.33667	0.02538	0.04234	0.05733	0.09728	0.01360	0.14600	0.01260	0.03863	0.00951	0.00632	0.00598	0.00179	0.04171	0.00520	0.00371	0.00718
10	0.00890	0.00713	0.01022	0.01166	0.10449	0.00785	0.00753	0.01033	0.00958	0.01339	0.01807	0.13975	0.03890	0.21719	0.26791	0.00514	0.08400	0.02946	0.00342	0.00507
11	0.00785	0.00540	0.00609	0.00612	0.00637	0.00532	0.00361	0.00810	0.00866	0.01136	0.02207	0.05303	0.10640	0.67319	0.05033	0.00502	0.00535	0.00856	0.00358	0.00358
12	0.06000	0.00806	0.01013	0.16023	0.01540	0.00889	0.00813	0.08436	0.02645	0.05499	0.01835	0.06372	0.03758	0.03137	0.03025	0.00208	0.02611	0.09159	0.25630	0.00599
13	0.01445	0.73400	0.10061	0.01008	0.01515	0.02105	0.01053	0.01668	0.01130	0.01346	0.00791	0.00915	0.00710	0.00479	0.00372	0.00124	0.00614	0.00307	0.00237	0.00721
14	0.00828	0.00614	0.00756	0.00810	0.00966	0.00574	0.00663	0.01056	0.02969	0.03407	0.07203	0.10391	0.32348	0.01438	0.00703	0.00219	0.00394	0.33631	0.00522	0.00508
15	0.01144	0.00626	0.00818	0.00781	0.00953	0.00561	0.00580	0.01320	0.01352	0.20139	0.24031	0.31971	0.10971	0.01275	0.00650	0.00194	0.00337	0.01123	0.00583	0.00592
16	0.00864	0.04248	0.07226	0.00930	0.01111	0.00730	0.00816	0.01103	0.01244	0.01673	0.16814	0.18482	0.09246	0.01427	0.03528	0.00238	0.03524	0.25784	0.00478	0.00535
17	0.74111	0.01055	0.00873	0.00761	0.01114	0.01188	0.00627	0.01763	0.01024	0.11942	0.00949	0.01024	0.00697	0.00536	0.00370	0.00171	0.00434	0.00332	0.00386	0.00643
18	0.00681	0.00498	0.00640	0.00741	0.00799	0.00457	0.00504	0.00794	0.01122	0.01484	0.08866	0.65622	0.12455	0.01651	0.00697	0.00217	0.00312	0.01484	0.00521	0.00457
19	0.01125	0.07409	0.51456	0.10337	0.05687	0.01292	0.05958	0.01653	0.01186	0.01702	0.04304	0.03341	0.00992	0.00578	0.00536	0.00174	0.00758	0.00484	0.00263	0.00765
20	0.00793	0.00586	0.00852	0.00852	0.00938	0.00672	0.00645	0.00965	0.00879	0.01258	0.01518	0.02367	0.01468	0.14255	0.68353	0.00843	0.01358	0.00621	0.00302	0.00473
21	0.00675	0.00482	0.00643	0.00771	0.00803	0.00450	0.00514	0.00771	0.01060	0.01414	0.03053	0.80175	0.03663	0.01735	0.00707	0.00225	0.00321	0.01574	0.00514	0.00450
22	0.01212	0.01212	0.01696	0.01454	0.01454	0.01696	0.01212	0.01333	0.00848	0.01333	0.00727	0.01212	0.00727	0.00969	0.01818	0.00242	0.79523	0.00485	0.00242	0.00606
23	0.01014	0.00882	0.01220	0.01028	0.01306	0.00851	0.12638	0.10095	0.06491	0.01872	0.05515	0.04087	0.40179	0.01127	0.00649	0.00192	0.00462	0.09302	0.00486	0.00604
24	0.01099	0.01038	0.01757	0.66837	0.15768	0.01244	0.01564	0.01461	0.01132	0.01479	0.00994	0.01459	0.00761	0.00544	0.00553	0.00181	0.00725	0.00492	0.00251	0.00658
25	0.01512	0.01494	0.01516	0.03655	0.07704	0.21813	0.01080	0.04446	0.01225	0.04905	0.01038	0.01333	0.00873	0.00741	0.01016	0.00185	0.31963	0.00460	0.12387	0.00653
26	0.00744	0.00565	0.00685	0.00655	0.00803	0.00506	0.00491	0.00968	0.01474	0.01999	0.54992	0.04502	0.27161	0.01215	0.00654	0.00178	0.00267	0.01053	0.00580	0.00506
27	0.00665	0.00561	0.00571	0.00569	0.00748	0.00472	0.00424	0.00808	0.01265	0.01521	0.09104	0.05221	0.71087	0.03655	0.00716	0.00196	0.00287	0.01150	0.00514	0.00467
28	0.01212	0.01212	0.01696	0.01454	0.01454	0.01696	0.01212	0.01333	0.00848	0.01333	0.00727	0.01212	0.00727	0.00969	0.01818	0.00242	0.79523	0.00485	0.00242	0.00606
29	0.01061	0.00971	0.01617	0.70262	0.07318	0.01188	0.01472	0.01421	0.01119	0.01477	0.01041	0.01509	0.00790	0.00557	0.00543	0.00180	0.00703	0.00494	0.05656	0.00622
30	0.01481	0.80869	0.02902	0.00948	0.01421	0.02191	0.00948	0.01658	0.01125	0.01303	0.00770	0.00888	0.00711	0.00474	0.00355	0.00118	0.00592	0.00296	0.00237	0.00711
31	0.00673	0.00507	0.00623	0.00709	0.00789	0.00457	0.00488	0.00787	0.01135	0.01465	0.06311	0.56416	0.24394	0.01620	0.00690	0.00212	0.00308	0.01440	0.00517	0.00457
32	0.01371	0.01316	0.02248	0.03399	0.77081	0.01316	0.01700	0.01700	0.01261	0.01809	0.01042	0.01371	0.00877	0.00493	0.00548	0.00164	0.00658	0.00493	0.00274	0.00877
33	0.01148	0.00984	0.01148	0.00820	0.01312	0.00738	0.00656	0.01395	0.01148	0.01805	0.00984	0.01148	0.00820	0.00410	0.00410	0.00082	0.00410	0.00328	0.00328	0.83922
34	0.04198	0.09771	0.52060	0.01367	0.02055	0.01271	0.01636	0.01939	0.01245	0.17590	0.01215	0.01284	0.00839	0.00554	0.00510	0.00169	0.00711	0.00426	0.00332	0.00827
35	0.02069	0.02640	0.01569	0.01427	0.01712	0.78313	0.01070	0.02212	0.01569	0.01355	0.00856	0.00999	0.00713	0.00571	0.00499	0.00143	0.00999	0.00357	0.00285	0.00642
36	0.00763	0.00573	0.00721	0.00773	0.00902	0.00531	0.00609	0.00960	0.01301	0.01698	0.20556	0.18131	0.24676	0.01438	0.00698	0.00212	0.00356	0.24075	0.00535	0.00491
37	0.00675	0.00482	0.00643	0.00771	0.00803	0.00450	0.00514	0.00771	0.01060	0.01414	0.03053	0.80175	0.03663	0.01735	0.00707	0.00225	0.00321	0.01574	0.00514	0.00450
38	0.00697	0.00530	0.00641	0.00683	0.00791	0.00475	0.00486	0.00851	0.01260	0.01652	0.23201	0.35664	0.28130	0.01468	0.00676	0.00199	0.00292	0.01291	0.00539	0.00475
39	0.05674	0.67699	0.02558	0.00908	0.01347	0.01978	0.00885	0.02864	0.01152	0.02846	0.00887	0.01008	0.00777	0.00496	0.00364	0.00124	0.00556	0.00322	0.06857	0.00698
40	0.01960	0.05276	0.04366	0.01292	0.08734	0.05576	0.00982	0.13421	0.07605	0.35627	0.04466	0.03240	0.03524	0.00701	0.00550	0.00169	0.00542	0.00569	0.00543	0.00860
41	0.11251	0.11966	0.05785	0.01282	0.02674	0.39427	0.02124	0.06556	0.03580	0.03137	0.01038	0.04540	0.00888	0.00623	0.00521	0.00155	0.03018	0.00429	0.00324	0.00682
42	0.09123	0.25955	0.01721	0.01061	0.01322	0.21353	0.00879	0.01581	0.01155	0.01421	0.01111	0.04456	0.01105	0.08405	0.00891	0.03430	0.08963	0.05174	0.00297	0.00595
43	0.01168	0.01132	0.01561	0.57626	0.05358	0.09196	0.01368	0.01490	0.01153	0.01479	0.01039	0.01468	0.00805	0.00582	0.00592	0.00177	0.04461	0.00480	0.08248	0.00616
44	0.00725	0.00534	0.00661	0.00688	0.00783	0.00489	0.00483	0.00883	0.01266	0.01704	0.31543	0.30154	0.17421	0.09032	0.00880	0.00229	0.00312	0.01208	0.00533	0.00470
45	0.01371	0.01316	0.02248	0.03399	0.77081	0.01316	0.01700	0.01700	0.01261	0.01809	0.01042	0.01371	0.00877	0.00493	0.00548	0.00164	0.00658	0.00493	0.00274	0.00877
46	0.00671	0.00547	0.00602	0.00628	0.00774	0.00482	0.00458	0.00804	0.01187	0.01457	0.04728	0.20046	0.55366	0.03120	0.06338	0.00252	0.00381	0.01202	0.00495	0.00464
47	0.10366	0.00941	0.01193	0.00933	0.01332	0.00859	0.00768	0.04551	0.01520	0.62410	0.01994	0.01787	0.01287	0.00665	0.00523	0.00168	0.00455	0.00527	0.06845	0.00877
48	0.01481	0.80869	0.02902	0.00948	0.01421	0.02191	0.00948	0.01658	0.01125	0.01303	0.00770	0.00888	0.00711	0.00474	0.00355	0.00118	0.00592	0.00296	0.00237	0.00711
49	0.00805	0.00537	0.00604	0.00604	0.00604	0.00537	0.00336	0.00805	0.00805	0.01074	0.01745	0.03624	0.02013	0.80536	0.02819	0.00537	0.00537	0.00805	0.00336	0.00336
50	0.84448	0.01071	0.00814	0.00728	0.01071	0.01242	0.00600	0.01628	0.00943	0.02485	0.00771	0.00900	0.00600	0.00514	0.00343	0.00171	0.00428	0.00300	0.00343	0.00600
51	0.00675	0.00562	0.00590	0.00583	0.00761	0.00476	0.00437	0.00835	0.01312	0.01613	0.17106	0.05137	0.65289	0.01359	0.00654	0.00185	0.00277	0.01142	0.00530	0.00476
52	0.02183	0.01427	0.01585	0.01215	0.01655	0.01533	0.01004	0.60385	0.02395	0.18635	0.01505	0.01443	0.01030	0.00669	0.00555	0.00167	0.00581	0.00511	0.00581	0.00942
53	0.01465	0.01551	0.01529	0.01783	0.22685	0.25576	0.01093	0.03457	0.09919	0.01623	0.01503	0.08037	0.03891	0.08520	0.00837	0.00206	0.04680	0.00606	0.00349	0.00689
54	0.00773	0.00597	0.00693	0.00663	0.00826	0.00541	0.00498	0.03729	0.01452	0.01920	0.39889	0.07880	0.36007	0.01258	0.00652	0.00182	0.00285	0.01080	0.00562	0.00511
55	0.01272	0.01219	0.01369	0.01213	0.01327	0.09895	0.00977	0.06133	0.07185	0.01593	0.01562	0.02198	0.06829	0.07229	0.01349	0.00238	0.38240	0.06452	0.03108	0.00611

[dist]
# distance from previous block
# <min> <max>
6	17

[block]
# block no. 5 follows, 43 sequences, length 16
# corresponding to MSA columns:
# 280-295
name=unknown_F
#
# <colnr> <probs for GDERKNQSTAVLIFYWHMCP>
#	G	D	E	R	K	N	Q	S	T	A	V	L	I	F	Y	W	H	M	C	P
0	0.11096	0.07508	0.04050	0.01330	0.07619	0.07734	0.05411	0.06053	0.21754	0.17079	0.03799	0.01621	0.01263	0.00636	0.00521	0.00170	0.00566	0.00516	0.00464	0.00809
1	0.20261	0.00843	0.00923	0.00830	0.01080	0.00863	0.00652	0.07747	0.03041	0.15828	0.09612	0.09763	0.10225	0.07233	0.03401	0.00237	0.00460	0.05872	0.00499	0.00632
2	0.01114	0.00652	0.00827	0.00802	0.00980	0.00600	0.00619	0.01329	0.03366	0.16806	0.14926	0.18625	0.17147	0.06566	0.00805	0.00224	0.00383	0.13098	0.00552	0.00577
3	0.84448	0.01071	0.00814	0.00728	0.01071	0.01242	0.00600	0.01628	0.00943	0.02485	0.00771	0.00900	0.00600	0.00514	0.00343	0.00171	0.00428	0.00300	0.00343	0.00600
4	0.01378	0.01190	0.01252	0.01127	0.01440	0.01378	0.00877	0.02943	0.76081	0.02317	0.02254	0.02066	0.01691	0.00751	0.00564	0.00188	0.00438	0.00626	0.00564	0.00877
5	0.01098	0.00849	0.01012	0.00793	0.01159	0.00677	0.00614	0.01304	0.01151	0.05940	0.03805	0.08456	0.06806	0.05941	0.04431	0.00178	0.00453	0.00570	0.00384	0.54378
6	0.00822	0.00614	0.00769	0.00828	0.00930	0.00617	0.00609	0.03520	0.06638	0.01563	0.02981	0.41450	0.11112	0.06214	0.08047	0.00300	0.00482	0.11510	0.00488	0.00506
7	0.00792	0.00591	0.00877	0.00877	0.00971	0.00685	0.00676	0.00981	0.00886	0.01276	0.01495	0.02242	0.01413	0.07664	0.74871	0.00874	0.01440	0.00603	0.00298	0.00487
8	0.00995	0.00728	0.00962	0.01042	0.01200	0.00751	0.00900	0.05439	0.06721	0.01808	0.02794	0.05671	0.02954	0.01425	0.00739	0.00245	0.00510	0.64038	0.00516	0.00561
9	0.02301	0.01029	0.01322	0.01008	0.01445	0.00928	0.00830	0.12328	0.01679	0.60003	0.01951	0.01737	0.01259	0.00655	0.00542	0.00162	0.00484	0.00526	0.00632	0.09179
10	0.01148	0.00984	0.01148	0.00820	0.01312	0.00738	0.00656	0.01395	0.01148	0.01805	0.00984	0.01148	0.00820	0.00410	0.00410	0.00082	0.00410	0.00328	0.00328	0.83922
11	0.01111	0.02865	0.77667	0.01579	0.02397	0.01286	0.02046	0.01754	0.01169	0.01754	0.00994	0.01169	0.00702	0.00526	0.00526	0.00175	0.00818	0.00409	0.00234	0.00818
12	0.01134	0.00682	0.00840	0.00750	0.00967	0.00625	0.00580	0.01443	0.06468	0.17181	0.39288	0.03840	0.21850	0.01084	0.00628	0.00178	0.00320	0.00928	0.00598	0.00617
13	0.00999	0.00630	0.00876	0.00931	0.01069	0.00624	0.00760	0.01205	0.01199	0.09866	0.02701	0.19729	0.04944	0.01930	0.14213	0.00348	0.00631	0.36309	0.00493	0.00542
14	0.01328	0.01055	0.01322	0.20698	0.07855	0.04085	0.01021	0.17084	0.06485	0.04291	0.01803	0.12408	0.04707	0.00820	0.00561	0.00178	0.00546	0.02367	0.10697	0.00690
15	0.39945	0.01098	0.01141	0.01098	0.06731	0.01249	0.00821	0.11351	0.04219	0.02299	0.01151	0.01569	0.00983	0.02755	0.00650	0.00188	0.08938	0.05276	0.04650	0.03890

[dist]
# distance from previous block
# <min> <max>
0	2

[block]
# block no. 6 follows, 43 sequences, length 29
# corresponding to MSA columns:
# 298-326
name=unknown_G
#
# <colnr> <probs for GDERKNQSTAVLIFYWHMCP>
#	G	D	E	R	K	N	Q	S	T	A	V	L	I	F	Y	W	H	M	C	P
0	0.22494	0.04985	0.17695	0.14945	0.07585	0.06005	0.07077	0.01723	0.01151	0.06402	0.00991	0.01217	0.00748	0.00551	0.00548	0.00174	0.04273	0.00425	0.00301	0.00709
1	0.03513	0.05204	0.05307	0.11853	0.35152	0.01242	0.01335	0.07380	0.01302	0.01881	0.01021	0.01284	0.00828	0.00496	0.00501	0.00146	0.00604	0.00436	0.00303	0.20210
2	0.00889	0.00604	0.00821	0.00794	0.00899	0.00649	0.00595	0.01067	0.01057	0.04871	0.15635	0.02814	0.04017	0.15758	0.39486	0.00588	0.02831	0.00709	0.05420	0.00497
3	0.05254	0.53831	0.08002	0.01055	0.01522	0.07716	0.01025	0.10838	0.01349	0.01688	0.02747	0.01053	0.00846	0.00527	0.00410	0.00134	0.00626	0.00352	0.00294	0.00733
4	0.01149	0.00947	0.01094	0.01172	0.10410	0.06692	0.00742	0.11464	0.01190	0.01572	0.01473	0.02494	0.01481	0.35911	0.19371	0.00490	0.00814	0.00641	0.00346	0.00547
5	0.01480	0.01320	0.02027	0.02791	0.56440	0.01358	0.01493	0.15571	0.04679	0.02131	0.01233	0.04731	0.01042	0.00589	0.00557	0.00168	0.00625	0.00546	0.00349	0.00871
6	0.01820	0.01265	0.01368	0.01081	0.01442	0.01374	0.00882	0.53473	0.02225	0.05678	0.07368	0.01703	0.01380	0.00699	0.00532	0.00160	0.00513	0.00543	0.15662	0.00832
7	0.01481	0.80869	0.02902	0.00948	0.01421	0.02191	0.00948	0.01658	0.01125	0.01303	0.00770	0.00888	0.00711	0.00474	0.00355	0.00118	0.00592	0.00296	0.00237	0.00711
8	0.00713	0.00561	0.00644	0.00629	0.00785	0.00491	0.00469	0.00905	0.01391	0.01815	0.37147	0.07376	0.42512	0.01294	0.00656	0.00183	0.00273	0.01109	0.00557	0.00491
9	0.00962	0.00481	0.00722	0.00722	0.00722	0.00481	0.00481	0.00722	0.00722	0.00962	0.00962	0.01684	0.00962	0.01924	0.02165	0.83886	0.00481	0.00481	0.00241	0.00241
10	0.02155	0.01319	0.01507	0.01151	0.01593	0.01363	0.00949	0.47156	0.02179	0.26533	0.01572	0.01490	0.01067	0.00653	0.00544	0.00162	0.00552	0.00505	0.00579	0.06971
11	0.00675	0.00482	0.00643	0.00771	0.00803	0.00450	0.00514	0.00771	0.01060	0.01414	0.03053	0.80175	0.03663	0.01735	0.00707	0.00225	0.00321	0.01574	0.00514	0.00450
12	0.84448	0.01071	0.00814	0.00728	0.01071	0.01242	0.00600	0.01628	0.00943	0.02485	0.00771	0.00900	0.00600	0.00514	0.00343	0.00171	0.00428	0.00300	0.00343	0.00600
13	0.00790	0.00515	0.00600	0.00650	0.00749	0.00480	0.00461	0.00959	0.01178	0.01706	0.10723	0.35762	0.16049	0.01288	0.00596	0.00184	0.00289	0.01127	0.25412	0.00480
14	0.00705	0.00557	0.00634	0.00628	0.00782	0.00487	0.00466	0.00887	0.01362	0.01762	0.32130	0.10519	0.44462	0.01326	0.00658	0.00185	0.00276	0.01137	0.00550	0.00487
15	0.00714	0.00505	0.00644	0.00726	0.00762	0.00482	0.00476	0.00802	0.01031	0.01380	0.07080	0.53855	0.05080	0.20186	0.03341	0.00312	0.00399	0.01324	0.00472	0.00429
16	0.00791	0.00593	0.00890	0.00890	0.00989	0.00692	0.00692	0.00989	0.00890	0.01286	0.01483	0.02176	0.01385	0.04154	0.78341	0.00890	0.01483	0.00593	0.00297	0.00494
17	0.01111	0.02865	0.77667	0.01579	0.02397	0.01286	0.02046	0.01754	0.01169	0.01754	0.00994	0.01169	0.00702	0.00526	0.00526	0.00175	0.00818	0.00409	0.00234	0.00818
18	0.00755	0.00552	0.00727	0.00837	0.00927	0.00524	0.00646	0.00918	0.01170	0.01518	0.03355	0.41787	0.13460	0.01612	0.00722	0.00231	0.00388	0.28884	0.00513	0.00475
19	0.01301	0.00595	0.00658	0.00603	0.00787	0.00571	0.00466	0.01551	0.01240	0.16010	0.01877	0.02032	0.01411	0.00653	0.00419	0.00137	0.00298	0.00524	0.68274	0.00595
20	0.00906	0.00706	0.00774	0.00804	0.00929	0.04304	0.00607	0.01180	0.07078	0.01627	0.08597	0.17322	0.13550	0.11871	0.02781	0.00263	0.00444	0.16947	0.08803	0.00507
21	0.48347	0.00834	0.00757	0.00753	0.00966	0.00922	0.00578	0.01291	0.00989	0.02014	0.01639	0.23023	0.01749	0.07472	0.00677	0.00222	0.00415	0.06420	0.00402	0.00530
22	0.01126	0.01346	0.14173	0.28696	0.19771	0.01235	0.01482	0.01474	0.01134	0.01599	0.04870	0.03435	0.01105	0.02533	0.00779	0.00194	0.11479	0.00537	0.02343	0.00690
23	0.03259	0.01476	0.01439	0.01207	0.01477	0.17392	0.00967	0.22616	0.01552	0.02044	0.01086	0.01338	0.00900	0.01158	0.11623	0.00267	0.16708	0.00455	0.01988	0.11051
24	0.01172	0.00938	0.01116	0.00838	0.01284	0.00722	0.00671	0.01411	0.01172	0.05229	0.01252	0.05086	0.01119	0.00551	0.00452	0.00103	0.00415	0.04850	0.00364	0.71253
25	0.00797	0.00534	0.00606	0.00614	0.00616	0.00532	0.00346	0.00803	0.00821	0.01095	0.01825	0.08294	0.02114	0.75729	0.02690	0.00518	0.00524	0.00852	0.00346	0.00343
26	0.05093	0.04819	0.02791	0.01215	0.03289	0.04671	0.08521	0.11672	0.17086	0.16072	0.10928	0.07972	0.01859	0.00780	0.00570	0.00176	0.00531	0.00671	0.00508	0.00777
27	0.08061	0.03306	0.09002	0.04883	0.04464	0.03053	0.10171	0.05742	0.03862	0.17230	0.03072	0.01595	0.01096	0.04372	0.02837	0.00211	0.10313	0.00517	0.00394	0.05819
28	0.01609	0.04538	0.01180	0.06681	0.01388	0.04591	0.00778	0.04501	0.04554	0.31464	0.05679	0.20181	0.05354	0.04077	0.00677	0.00197	0.00475	0.00824	0.00539	0.00713

[dist]
# distance from previous block
# <min> <max>
0	10

[block]
# block no. 7 follows, 43 sequences, length 6
# corresponding to MSA columns:
# 337-342
name=unknown_H
#
# <colnr> <probs for GDERKNQSTAVLIFYWHMCP>
#	G	D	E	R	K	N	Q	S	T	A	V	L	I	F	Y	W	H	M	C	P
0	0.01133	0.00795	0.00970	0.05940	0.01235	0.00776	0.00690	0.04597	0.09334	0.06963	0.09943	0.10369	0.02140	0.10722	0.00836	0.00211	0.00431	0.07464	0.09517	0.15934
1	0.03836	0.08366	0.13780	0.14747	0.01907	0.01086	0.05926	0.01631	0.07017	0.10882	0.05179	0.13251	0.08428	0.00839	0.00568	0.00181	0.00563	0.00723	0.00405	0.00684
2	0.01295	0.14017	0.16024	0.01447	0.06700	0.01246	0.15631	0.04338	0.01307	0.08979	0.04544	0.04069	0.14343	0.00741	0.00597	0.00172	0.02813	0.00646	0.00370	0.00721
3	0.10271	0.00774	0.05013	0.00892	0.01073	0.00673	0.05225	0.01067	0.01202	0.01765	0.17962	0.35840	0.08678	0.01290	0.00642	0.00203	0.00395	0.06025	0.00485	0.00525
4	0.14744	0.05029	0.05251	0.10514	0.08000	0.11473	0.06416	0.04688	0.01195	0.01727	0.01286	0.07784	0.04423	0.00744	0.00744	0.00185	0.14269	0.00560	0.00317	0.00654
5	0.03962	0.01286	0.05088	0.09663	0.08978	0.05478	0.01073	0.17172	0.10344	0.08910	0.01385	0.01552	0.01058	0.01001	0.08980	0.00244	0.03248	0.00499	0.03674	0.06406

[dist]
# distance from previous block
# <min> <max>
5	8

[block]
# block no. 8 follows, 43 sequences, length 7
# corresponding to MSA columns:
# 351-357
name=unknown_I
#
# <colnr> <probs for GDERKNQSTAVLIFYWHMCP>
#	G	D	E	R	K	N	Q	S	T	A	V	L	I	F	Y	W	H	M	C	P
0	0.01096	0.00946	0.01430	0.16975	0.03140	0.01054	0.09183	0.03498	0.02988	0.01628	0.04112	0.01916	0.01253	0.11301	0.06158	0.00269	0.13231	0.00567	0.10854	0.08403
1	0.01164	0.01200	0.05602	0.03610	0.01522	0.07846	0.05956	0.01526	0.06697	0.01681	0.01461	0.01678	0.05968	0.01128	0.12908	0.00247	0.00698	0.00483	0.00338	0.38287
2	0.08711	0.01185	0.07358	0.10167	0.20662	0.01047	0.05363	0.01518	0.01168	0.05510	0.01492	0.01798	0.07472	0.05754	0.00687	0.00181	0.02029	0.00528	0.00330	0.17038
3	0.07679	0.00632	0.00719	0.00736	0.00867	0.00631	0.00551	0.00928	0.01162	0.01594	0.08532	0.27779	0.34408	0.01386	0.00738	0.00204	0.06377	0.04103	0.00485	0.00489
4	0.01529	0.33095	0.02113	0.01281	0.06214	0.23003	0.04666	0.01731	0.01250	0.01436	0.00915	0.01120	0.00798	0.00799	0.06905	0.00191	0.00777	0.00372	0.00272	0.11533
5	0.01026	0.00625	0.00705	0.00671	0.00806	0.00640	0.00497	0.06050	0.04543	0.01868	0.07714	0.02515	0.07936	0.06759	0.06600	0.10827	0.00430	0.00633	0.38648	0.00508
6	0.05374	0.01466	0.06440	0.07236	0.06190	0.07679	0.11942	0.22777	0.08198	0.07106	0.01472	0.07727	0.01206	0.00703	0.00569	0.00178	0.00658	0.01864	0.00429	0.00785

[dist]
# distance from previous block
# <min> <max>
0	2

[block]
# block no. 9 follows, 43 sequences, length 31
# corresponding to MSA columns:
# 360-390
name=unknown_J
#
# <colnr> <probs for GDERKNQSTAVLIFYWHMCP>
#	G	D	E	R	K	N	Q	S	T	A	V	L	I	F	Y	W	H	M	C	P
0	0.05474	0.04836	0.01590	0.48116	0.02860	0.01326	0.01272	0.13273	0.07720	0.01916	0.05401	0.01596	0.01096	0.00615	0.00540	0.00178	0.00643	0.00514	0.00347	0.00688
1	0.01217	0.01267	0.05884	0.38420	0.06621	0.07247	0.02656	0.06816	0.03509	0.01626	0.01277	0.08310	0.02387	0.00727	0.00707	0.00189	0.09581	0.00590	0.00310	0.00658
2	0.19426	0.00952	0.01168	0.09234	0.15797	0.04118	0.00906	0.01386	0.03191	0.01776	0.01562	0.19206	0.01553	0.02961	0.07295	0.00251	0.01489	0.00710	0.06410	0.00609
3	0.00838	0.00664	0.01007	0.00964	0.01064	0.00786	0.02623	0.01031	0.00895	0.01296	0.01421	0.02122	0.01336	0.05925	0.68171	0.00811	0.07656	0.00592	0.00293	0.00505
4	0.18975	0.30588	0.04070	0.01098	0.03245	0.04280	0.04850	0.14855	0.01405	0.02066	0.04940	0.03243	0.01067	0.00592	0.00444	0.00151	0.00569	0.00437	0.02411	0.00714
5	0.01255	0.03144	0.01449	0.03514	0.12831	0.05482	0.04228	0.05014	0.06684	0.01865	0.03842	0.01838	0.05725	0.00610	0.00503	0.00135	0.00518	0.03393	0.02426	0.35545
6	0.01072	0.07713	0.22633	0.07975	0.01718	0.04176	0.01201	0.02696	0.02539	0.01702	0.13520	0.06480	0.07622	0.00903	0.00694	0.00188	0.07527	0.08623	0.00374	0.00644
7	0.00866	0.00510	0.00696	0.00716	0.00751	0.00496	0.00489	0.00791	0.00905	0.01199	0.06809	0.12344	0.07725	0.11976	0.01768	0.45683	0.00440	0.05156	0.00348	0.00331
8	0.06770	0.01237	0.01918	0.01442	0.01872	0.05112	0.26685	0.08059	0.01500	0.26710	0.05754	0.01721	0.01280	0.00609	0.00568	0.00171	0.00644	0.00579	0.05112	0.02258
9	0.01380	0.10723	0.04966	0.15611	0.05366	0.10551	0.07172	0.09531	0.09290	0.01862	0.04435	0.01712	0.04691	0.00649	0.00558	0.00165	0.02596	0.00532	0.07508	0.00704
10	0.00700	0.00521	0.00648	0.00722	0.00805	0.00476	0.00508	0.00830	0.01166	0.01524	0.11962	0.47046	0.20557	0.04798	0.00778	0.00225	0.00325	0.05433	0.00517	0.00461
11	0.01019	0.00627	0.00607	0.00612	0.00737	0.04552	0.00451	0.01250	0.01205	0.01958	0.08441	0.12216	0.02002	0.00824	0.00457	0.00146	0.00305	0.00686	0.61392	0.00515
12	0.01233	0.06538	0.47853	0.05736	0.12836	0.01264	0.01716	0.03042	0.01254	0.05892	0.06525	0.01454	0.01096	0.00575	0.00533	0.00171	0.00716	0.00472	0.00298	0.00798
13	0.01118	0.00878	0.01281	0.05457	0.10197	0.00891	0.06058	0.11613	0.01394	0.03780	0.02391	0.27595	0.05554	0.01200	0.00663	0.00209	0.00512	0.18120	0.00465	0.00626
14	0.00930	0.00680	0.00920	0.01028	0.01170	0.00695	0.00891	0.01287	0.07084	0.01709	0.02880	0.05923	0.03071	0.01469	0.00749	0.00250	0.00504	0.67706	0.00514	0.00538
15	0.00720	0.00546	0.00657	0.00683	0.00801	0.00493	0.00497	0.00885	0.01282	0.01683	0.26228	0.23713	0.28801	0.05421	0.00783	0.00214	0.00311	0.05272	0.00534	0.00476
16	0.01061	0.01066	0.01788	0.01390	0.01709	0.05643	0.30423	0.01385	0.01425	0.01900	0.32668	0.03058	0.10719	0.00868	0.00647	0.00180	0.00583	0.02428	0.00445	0.00614
17	0.00958	0.00772	0.01042	0.14966	0.01530	0.00833	0.00806	0.03383	0.08458	0.01739	0.16447	0.02548	0.07788	0.01840	0.24234	0.00387	0.00760	0.00674	0.03007	0.07829
18	0.01505	0.20426	0.20443	0.05269	0.10109	0.22521	0.05533	0.01887	0.04477	0.01556	0.00970	0.01151	0.00778	0.00530	0.00492	0.00154	0.00785	0.00405	0.00270	0.00741
19	0.01183	0.00970	0.01505	0.01149	0.01531	0.00836	0.17135	0.02767	0.01310	0.07699	0.15261	0.10897	0.02004	0.00733	0.00557	0.00147	0.00497	0.00688	0.00422	0.32710
20	0.05675	0.01910	0.28324	0.08199	0.20053	0.04616	0.11953	0.08117	0.01342	0.03111	0.01053	0.01291	0.00792	0.00528	0.00544	0.00173	0.00754	0.00472	0.00294	0.00800
21	0.01357	0.10255	0.02151	0.17281	0.31366	0.09357	0.10311	0.02893	0.01269	0.01633	0.01124	0.04649	0.00982	0.00587	0.00547	0.00168	0.00717	0.02323	0.00287	0.00742
22	0.01046	0.00984	0.01661	0.79205	0.03814	0.01230	0.01538	0.01415	0.01107	0.01415	0.00984	0.01477	0.00738	0.00554	0.00554	0.00185	0.00738	0.00492	0.00246	0.00615
23	0.01012	0.00646	0.00792	0.04775	0.01023	0.00615	0.00576	0.04129	0.01275	0.09153	0.12478	0.05834	0.31143	0.01361	0.04302	0.11371	0.00414	0.00863	0.07715	0.00523
24	0.01566	0.05327	0.01287	0.01010	0.01324	0.04439	0.00812	0.27378	0.22781	0.02560	0.01675	0.01706	0.01265	0.00670	0.00497	0.00158	0.00478	0.00523	0.23762	0.00780
25	0.00844	0.00540	0.00702	0.00760	0.00854	0.00492	0.00532	0.00974	0.01185	0.08170	0.11672	0.56883	0.11217	0.01540	0.00682	0.00211	0.00323	0.01378	0.00540	0.00503
26	0.05158	0.08417	0.18316	0.03110	0.05864	0.01130	0.01088	0.08266	0.01256	0.01884	0.01068	0.01315	0.00872	0.03103	0.04876	0.00185	0.00617	0.00406	0.02839	0.30228
27	0.08698	0.27422	0.10262	0.05648	0.11139	0.05766	0.01137	0.09182	0.01301	0.05159	0.01045	0.01293	0.00867	0.04129	0.04604	0.00205	0.00682	0.00417	0.00313	0.00732
28	0.00661	0.00545	0.00581	0.00606	0.00761	0.00465	0.00442	0.00795	0.01227	0.01494	0.06509	0.20476	0.60596	0.01465	0.00665	0.00194	0.00288	0.01248	0.00516	0.00465
29	0.00775	0.00534	0.00620	0.00650	0.00750	0.00500	0.00459	0.00925	0.01152	0.01599	0.11803	0.22620	0.21720	0.12798	0.03627	0.00261	0.00369	0.02902	0.15477	0.00461
30	0.01331	0.01095	0.01587	0.15402	0.14379	0.01240	0.05189	0.10220	0.07754	0.04954	0.03210	0.03900	0.01189	0.00703	0.00748	0.00181	0.13382	0.00562	0.12258	0.00717

[dist]
# distance from previous block
# <min> <max>
0	1

[block]
# block no. 10 follows, 43 sequences, length 12
# corresponding to MSA columns:
# 392-403
name=unknown_K
#
# <colnr> <probs for GDERKNQSTAVLIFYWHMCP>
#	G	D	E	R	K	N	Q	S	T	A	V	L	I	F	Y	W	H	M	C	P
0	0.01464	0.36554	0.05049	0.05152	0.01563	0.09030	0.01024	0.04941	0.01215	0.06279	0.01150	0.09549	0.01082	0.00723	0.00673	0.00163	0.12881	0.00508	0.00315	0.00684
1	0.03925	0.07220	0.05343	0.07487	0.01731	0.04773	0.05611	0.04073	0.01320	0.20230	0.01268	0.01350	0.00927	0.00522	0.00482	0.00134	0.00554	0.00425	0.00399	0.32226
