[name]
unknown

[dist]
# distance from previous block
# <min> <max>
1	58

[block]
# block no. 0 follows, 48 sequences, length 21
# corresponding to MSA columns:
# 58-78
name=unknown_A
#
# <colnr> <probs for GDERKNQSTAVLIFYWHMCP>
#	G	D	E	R	K	N	Q	S	T	A	V	L	I	F	Y	W	H	M	C	P
0	0.10256	0.03644	0.16469	0.02737	0.01313	0.00868	0.00845	0.06073	0.01164	0.01730	0.03376	0.04357	0.21514	0.00721	0.00476	0.00141	0.00445	0.00578	0.00352	0.22941
1	0.04448	0.21067	0.24304	0.04136	0.01511	0.03009	0.02616	0.01371	0.01103	0.04553	0.02053	0.02104	0.21303	0.00819	0.03366	0.00176	0.00574	0.00554	0.00311	0.00621
2	0.06706	0.25640	0.01798	0.03936	0.01510	0.03318	0.00918	0.42473	0.01781	0.02381	0.01087	0.04258	0.00877	0.00588	0.00451	0.00143	0.00551	0.00431	0.00396	0.00754
3	0.02936	0.01861	0.34772	0.01246	0.01761	0.03615	0.01305	0.15405	0.26139	0.03736	0.01369	0.01383	0.00997	0.00582	0.00500	0.00164	0.00601	0.00458	0.00380	0.00790
4	0.09108	0.06812	0.01226	0.01183	0.11622	0.02395	0.00801	0.15141	0.09125	0.01895	0.01747	0.29931	0.01782	0.00920	0.00526	0.00169	0.00441	0.00790	0.00414	0.03972
5	0.01259	0.01066	0.01664	0.02320	0.52081	0.01050	0.01234	0.06443	0.01273	0.07594	0.01916	0.02043	0.16518	0.00651	0.00529	0.00157	0.00523	0.00588	0.00345	0.00745
6	0.06531	0.01074	0.01348	0.01057	0.01391	0.01113	0.07927	0.33938	0.01810	0.13454	0.22622	0.02014	0.01997	0.00713	0.00536	0.00159	0.00476	0.00601	0.00509	0.00730
7	0.01081	0.00931	0.01085	0.00796	0.01228	0.00751	0.00637	0.01394	0.06600	0.01694	0.00990	0.01127	0.00816	0.00417	0.00426	0.00087	0.02563	0.00328	0.00318	0.76731
8	0.01379	0.01153	0.01218	0.01065	0.01373	0.01324	0.00837	0.14044	0.66355	0.02312	0.01958	0.01810	0.01461	0.00684	0.00521	0.00171	0.00430	0.00562	0.00521	0.00821
9	0.00800	0.00588	0.00708	0.00672	0.00736	0.00612	0.00457	0.00997	0.06568	0.01472	0.29041	0.03291	0.02836	0.42424	0.01690	0.00338	0.05154	0.00782	0.00412	0.00424
10	0.01051	0.01019	0.01531	0.28611	0.04340	0.01358	0.01211	0.01252	0.00882	0.01271	0.00805	0.01264	0.00717	0.00927	0.05868	0.00239	0.46398	0.00458	0.00230	0.00566
11	0.00687	0.00516	0.00636	0.00621	0.00746	0.00465	0.00460	0.00887	0.01339	0.01822	0.53329	0.11338	0.22944	0.01163	0.00610	0.00169	0.00252	0.01016	0.00535	0.00465
12	0.00606	0.00520	0.00520	0.00520	0.00693	0.00433	0.00390	0.00736	0.01170	0.01386	0.05198	0.04938	0.78558	0.01299	0.00606	0.00173	0.00260	0.01083	0.00476	0.00433
13	0.00969	0.00912	0.01539	0.80734	0.03534	0.01140	0.01425	0.01311	0.01026	0.01311	0.00912	0.01368	0.00684	0.00513	0.00513	0.00171	0.00684	0.00456	0.00228	0.00570
14	0.01029	0.02654	0.79309	0.01462	0.02221	0.01192	0.01896	0.01625	0.01083	0.01625	0.00921	0.01083	0.00650	0.00487	0.00487	0.00162	0.00758	0.00379	0.00217	0.00758
15	0.00712	0.00524	0.00666	0.00630	0.00758	0.00478	0.00473	0.00940	0.01418	0.01976	0.69535	0.03968	0.13853	0.01080	0.00605	0.00163	0.00244	0.00947	0.00554	0.00478
16	0.00733	0.00550	0.00825	0.00825	0.00916	0.00641	0.00641	0.00916	0.00825	0.01191	0.01374	0.02016	0.01283	0.03848	0.79934	0.00825	0.01374	0.00550	0.00275	0.00458
17	0.01199	0.42010	0.41436	0.01174	0.01774	0.01606	0.01393	0.01581	0.01063	0.01418	0.00818	0.00955	0.00654	0.00464	0.00409	0.00136	0.00655	0.00327	0.00218	0.00709
18	0.30181	0.01316	0.01234	0.01005	0.01365	0.06038	0.00819	0.40312	0.08694	0.02703	0.01109	0.01141	0.00816	0.00571	0.00445	0.00156	0.00515	0.00403	0.00433	0.00744
19	0.01546	0.07624	0.23845	0.01220	0.01702	0.06937	0.01201	0.30696	0.13756	0.04617	0.01234	0.01262	0.00900	0.00573	0.00491	0.00155	0.00615	0.00436	0.00395	0.00795
20	0.01798	0.10439	0.07199	0.01288	0.01605	0.66441	0.01045	0.01967	0.01386	0.01278	0.00794	0.00927	0.00660	0.00517	0.00451	0.00132	0.00876	0.00328	0.00256	0.00613

[dist]
# distance from previous block
# <min> <max>
0	1

[block]
# block no. 1 follows, 48 sequences, length 62
# corresponding to MSA columns:
# 80-141
name=unknown_B
#
# <colnr> <probs for GDERKNQSTAVLIFYWHMCP>
#	G	D	E	R	K	N	Q	S	T	A	V	L	I	F	Y	W	H	M	C	P
0	0.01118	0.01105	0.01527	0.01317	0.01332	0.01529	0.01091	0.01297	0.04658	0.01282	0.00797	0.03121	0.00785	0.00905	0.01601	0.00222	0.75018	0.00480	0.00246	0.00570
1	0.01083	0.11930	0.64592	0.01446	0.02149	0.01298	0.07380	0.01616	0.01088	0.01577	0.00905	0.01075	0.00661	0.00478	0.00478	0.00157	0.00742	0.00384	0.00220	0.00742
2	0.01056	0.00987	0.01341	0.33752	0.06183	0.06375	0.01154	0.01427	0.07998	0.01453	0.01468	0.02536	0.01374	0.00814	0.00697	0.00191	0.09819	0.20475	0.00323	0.00579
3	0.00746	0.00497	0.00560	0.00560	0.00560	0.00497	0.00311	0.00746	0.00746	0.00995	0.01617	0.03358	0.01865	0.81967	0.02612	0.00497	0.00497	0.00746	0.00311	0.00311
4	0.00988	0.01859	0.42092	0.01448	0.02018	0.01058	0.21632	0.01440	0.01136	0.01579	0.01865	0.01987	0.17315	0.00646	0.00544	0.00168	0.00680	0.00590	0.00284	0.00671
5	0.06241	0.00997	0.01147	0.00943	0.01277	0.04860	0.00755	0.09433	0.11439	0.45545	0.01913	0.10211	0.01431	0.00732	0.00519	0.00164	0.00452	0.00599	0.00557	0.00786
6	0.01162	0.33436	0.49687	0.01236	0.01871	0.01516	0.01502	0.01591	0.01068	0.01463	0.00841	0.00983	0.00653	0.00469	0.00426	0.00142	0.00677	0.00339	0.00218	0.00720
7	0.00625	0.00447	0.00595	0.00714	0.00744	0.00417	0.00476	0.00714	0.00982	0.01310	0.02828	0.81633	0.03394	0.01608	0.00655	0.00208	0.00298	0.01459	0.00476	0.00417
8	0.01471	0.50010	0.12866	0.01077	0.01513	0.22740	0.01048	0.01686	0.01158	0.01277	0.00763	0.00886	0.00658	0.00470	0.00387	0.00123	0.00678	0.00304	0.00231	0.00655
9	0.01217	0.01151	0.01914	0.08134	0.65024	0.01176	0.01462	0.01581	0.05735	0.01661	0.01125	0.05470	0.00983	0.00535	0.00517	0.00158	0.00586	0.00516	0.00280	0.00776
10	0.02302	0.00873	0.01191	0.00913	0.01310	0.00754	0.00754	0.02501	0.01469	0.79122	0.02024	0.01746	0.01270	0.00635	0.00516	0.00159	0.00437	0.00516	0.00635	0.00873
11	0.00625	0.00447	0.00595	0.00714	0.00744	0.00417	0.00476	0.00714	0.00982	0.01310	0.02828	0.81633	0.03394	0.01608	0.00655	0.00208	0.00298	0.01459	0.00476	0.00417
12	0.00965	0.06471	0.38493	0.01059	0.01494	0.00973	0.01172	0.04737	0.01110	0.01565	0.10540	0.02099	0.05219	0.17646	0.04111	0.00255	0.00622	0.00559	0.00306	0.00604
13	0.01761	0.18178	0.18243	0.01188	0.07230	0.01147	0.01084	0.02045	0.01276	0.40680	0.01438	0.01378	0.00977	0.00550	0.00471	0.00149	0.00541	0.00432	0.00431	0.00800
14	0.01270	0.01219	0.02083	0.03149	0.78767	0.01219	0.01575	0.01575	0.01168	0.01676	0.00965	0.01270	0.00813	0.00457	0.00508	0.00152	0.00610	0.00457	0.00254	0.00813
15	0.00890	0.00562	0.00733	0.00674	0.00820	0.00522	0.00509	0.01105	0.01358	0.10213	0.56687	0.03527	0.08471	0.05392	0.06054	0.00224	0.00354	0.00858	0.00534	0.00512
16	0.01270	0.54830	0.02326	0.22355	0.05803	0.03332	0.01062	0.01488	0.01053	0.01259	0.00781	0.00993	0.00673	0.00462	0.00390	0.00129	0.00596	0.00333	0.00224	0.00641
17	0.00741	0.00520	0.00673	0.00673	0.00712	0.00559	0.00452	0.00819	0.00780	0.01079	0.01513	0.02784	0.01616	0.48540	0.35698	0.00637	0.00873	0.00662	0.00295	0.00374
18	0.00606	0.00520	0.00520	0.00520	0.00693	0.00433	0.00390	0.00736	0.01170	0.01386	0.05198	0.04938	0.78558	0.01299	0.00606	0.00173	0.00260	0.01083	0.00476	0.00433
19	0.00629	0.00521	0.00551	0.00543	0.00707	0.00443	0.00407	0.00780	0.01222	0.01512	0.18911	0.04731	0.64767	0.01253	0.00606	0.00171	0.00257	0.01054	0.00493	0.00443
20	0.00621	0.00520	0.00540	0.00535	0.00702	0.00439	0.00401	0.00764	0.01203	0.01466	0.13935	0.04806	0.69772	0.01270	0.00606	0.00172	0.00258	0.01064	0.00487	0.00439
21	0.01029	0.02654	0.79309	0.01462	0.02221	0.01192	0.01896	0.01625	0.01083	0.01625	0.00921	0.01083	0.00650	0.00487	0.00487	0.00162	0.00758	0.00379	0.00217	0.00758
22	0.01064	0.00912	0.01064	0.00760	0.01216	0.00684	0.00608	0.01292	0.01064	0.01672	0.00912	0.01064	0.00760	0.00380	0.00380	0.00076	0.00380	0.00304	0.00304	0.85104
23	0.01307	0.01017	0.01255	0.00991	0.01377	0.00973	0.06048	0.02037	0.31955	0.11092	0.01526	0.01509	0.01146	0.00541	0.00469	0.00132	0.00431	0.00461	0.00428	0.35304
24	0.01038	0.00982	0.01664	0.62955	0.20774	0.01158	0.01459	0.01371	0.01059	0.01395	0.00924	0.01346	0.00714	0.00500	0.00512	0.00167	0.00667	0.00456	0.00234	0.00626
25	0.00630	0.00459	0.00594	0.00691	0.00741	0.00423	0.00469	0.00734	0.01032	0.01367	0.08159	0.69152	0.10577	0.01541	0.00647	0.00202	0.00290	0.01387	0.00482	0.00423
26	0.75664	0.00978	0.00806	0.00703	0.01030	0.01104	0.00579	0.01627	0.00944	0.11459	0.00871	0.00942	0.00641	0.00495	0.00341	0.00159	0.00402	0.00306	0.00355	0.00594
27	0.01267	0.57807	0.26236	0.01058	0.01595	0.01773	0.01191	0.01564	0.01055	0.01336	0.00777	0.00903	0.00656	0.00454	0.00378	0.00126	0.00613	0.00307	0.00219	0.00689
28	0.01029	0.02654	0.79309	0.01462	0.02221	0.01192	0.01896	0.01625	0.01083	0.01625	0.00921	0.01083	0.00650	0.00487	0.00487	0.00162	0.00758	0.00379	0.00217	0.00758
29	0.01276	0.01102	0.01160	0.01044	0.01334	0.01276	0.00812	0.02727	0.77840	0.02146	0.02088	0.01914	0.01566	0.00696	0.00522	0.00174	0.00406	0.00580	0.00522	0.00812
30	0.36208	0.01539	0.25139	0.01016	0.01493	0.01152	0.01051	0.10708	0.01217	0.14508	0.01050	0.01104	0.00737	0.00522	0.00425	0.00159	0.00535	0.00369	0.00361	0.00707
31	0.00969	0.00912	0.01539	0.80734	0.03534	0.01140	0.01425	0.01311	0.01026	0.01311	0.00912	0.01368	0.00684	0.00513	0.00513	0.00171	0.00684	0.00456	0.00228	0.00570
32	0.00891	0.00446	0.00668	0.00668	0.00668	0.00446	0.00446	0.00668	0.00668	0.00891	0.00891	0.01560	0.00891	0.01783	0.02005	0.85071	0.00446	0.00446	0.00223	0.00223
33	0.00606	0.00520	0.00520	0.00520	0.00693	0.00433	0.00390	0.00736	0.01170	0.01386	0.05198	0.04938	0.78558	0.01299	0.00606	0.00173	0.00260	0.01083	0.00476	0.00433
34	0.01333	0.00752	0.00967	0.04840	0.01157	0.00758	0.00678	0.07401	0.10904	0.20759	0.05591	0.05834	0.06714	0.01111	0.00967	0.24317	0.00432	0.04465	0.00444	0.00575
35	0.00726	0.00524	0.00686	0.00646	0.00767	0.00484	0.00484	0.00968	0.01452	0.02058	0.78496	0.03833	0.04841	0.01049	0.00605	0.00161	0.00242	0.00928	0.00565	0.00484
36	0.85592	0.00992	0.00754	0.00675	0.00992	0.01151	0.00556	0.01508	0.00873	0.02302	0.00714	0.00834	0.00556	0.00476	0.00318	0.00159	0.00397	0.00278	0.00318	0.00556
37	0.01917	0.02445	0.01454	0.01322	0.01586	0.79907	0.00991	0.02049	0.01454	0.01256	0.00793	0.00925	0.00661	0.00529	0.00463	0.00132	0.00925	0.00330	0.00264	0.00595
38	0.00956	0.00478	0.00478	0.00478	0.00598	0.00478	0.00359	0.01196	0.01076	0.01913	0.01674	0.01913	0.01315	0.00598	0.00359	0.00120	0.00239	0.00478	0.84816	0.00478
39	0.00625	0.00447	0.00595	0.00714	0.00744	0.00417	0.00476	0.00714	0.00982	0.01310	0.02828	0.81633	0.03394	0.01608	0.00655	0.00208	0.00298	0.01459	0.00476	0.00417
40	0.01201	0.01152	0.01569	0.01331	0.01370	0.01573	0.01109	0.08382	0.00939	0.01423	0.00726	0.01133	0.00692	0.00871	0.01574	0.00218	0.73443	0.00450	0.00252	0.00591
41	0.01270	0.01219	0.02083	0.03149	0.78767	0.01219	0.01575	0.01575	0.01168	0.01676	0.00965	0.01270	0.00813	0.00457	0.00508	0.00152	0.00610	0.00457	0.00254	0.00813
42	0.01302	0.01115	0.01175	0.01049	0.01344	0.01288	0.00818	0.05539	0.74985	0.02188	0.02056	0.01889	0.01540	0.00693	0.00522	0.00173	0.00412	0.00576	0.00522	0.00814
43	0.02221	0.01003	0.01271	0.00975	0.01375	0.00947	0.00805	0.19711	0.01686	0.61604	0.01841	0.01628	0.01178	0.00631	0.00515	0.00158	0.00466	0.00504	0.00607	0.00873
44	0.00735	0.00514	0.00680	0.00696	0.00793	0.00480	0.00515	0.00927	0.01278	0.03153	0.46702	0.26199	0.04121	0.02983	0.00671	0.00189	0.00289	0.08080	0.00527	0.00467
45	0.01208	0.00642	0.00818	0.00729	0.00946	0.00573	0.00571	0.01421	0.02635	0.26324	0.27879	0.08729	0.19752	0.01023	0.00584	0.00170	0.00326	0.04518	0.00556	0.00597
46	0.01751	0.01307	0.01377	0.01104	0.01467	0.03363	0.00895	0.49797	0.20859	0.06323	0.01490	0.01449	0.01078	0.00634	0.00507	0.00157	0.00513	0.00491	0.04607	0.00832
47	0.75778	0.01045	0.00846	0.00734	0.01063	0.01203	0.00605	0.10373	0.01054	0.02411	0.00775	0.00880	0.00593	0.00493	0.00341	0.00158	0.00417	0.00299	0.00341	0.00593
48	0.01293	0.00701	0.00892	0.00788	0.01007	0.00656	0.00611	0.06496	0.04132	0.25907	0.26930	0.17019	0.08032	0.01003	0.00579	0.00171	0.00345	0.02254	0.00558	0.00627
49	0.01791	0.00761	0.01022	0.00822	0.01132	0.00665	0.00664	0.01999	0.01452	0.54345	0.23648	0.02461	0.05370	0.00778	0.00545	0.00160	0.00375	0.00655	0.00609	0.00746
50	0.01866	0.01333	0.01431	0.01108	0.01491	0.01466	0.00912	0.68056	0.02263	0.04991	0.01293	0.01309	0.00924	0.00615	0.00499	0.00151	0.00531	0.00465	0.08463	0.00835
51	0.00682	0.00534	0.00621	0.00660	0.00775	0.00496	0.00477	0.00896	0.06287	0.01462	0.10157	0.34265	0.32917	0.03324	0.00673	0.00196	0.00298	0.04343	0.00483	0.00455
52	0.01395	0.00682	0.00882	0.00752	0.01000	0.00605	0.00592	0.01616	0.02902	0.35313	0.27699	0.07306	0.15235	0.00934	0.00568	0.00165	0.00336	0.00797	0.00575	0.00647
53	0.01683	0.00921	0.01080	0.00866	0.01192	0.00897	0.00703	0.23449	0.01647	0.32610	0.04318	0.02435	0.20125	0.00800	0.00531	0.00159	0.00416	0.00647	0.04785	0.00737
54	0.33115	0.01234	0.01224	0.00974	0.01349	0.01371	0.00804	0.43897	0.01776	0.08009	0.01093	0.01118	0.00781	0.00565	0.00441	0.00156	0.00494	0.00397	0.00449	0.00755
55	0.00734	0.00484	0.00643	0.00716	0.00767	0.00464	0.00486	0.00827	0.00964	0.05167	0.02506	0.60787	0.02906	0.11349	0.08355	0.00298	0.00430	0.01241	0.00446	0.00431
56	0.00741	0.00510	0.00628	0.00655	0.00768	0.00456	0.00469	0.00881	0.01164	0.06142	0.19248	0.38342	0.25412	0.01343	0.00622	0.00185	0.00283	0.01182	0.00504	0.00463
57	0.00884	0.00448	0.00663	0.00663	0.00663	0.00448	0.00439	0.00672	0.00672	0.00896	0.00928	0.01650	0.00940	0.05807	0.02036	0.80826	0.00448	0.00461	0.00227	0.00227
58	0.01012	0.00926	0.01387	0.38933	0.06946	0.01025	0.01112	0.01283	0.01004	0.01417	0.00925	0.01299	0.00757	0.00767	0.06637	0.00199	0.09312	0.00420	0.00254	0.24385
59	0.01307	0.39285	0.17049	0.14317	0.05651	0.05589	0.01211	0.07421	0.01181	0.01488	0.00843	0.01022	0.00685	0.00480	0.00420	0.00137	0.00635	0.00351	0.00247	0.00684
60	0.01263	0.06175	0.01712	0.41526	0.19936	0.18025	0.01333	0.01541	0.01150	0.01375	0.00887	0.01219	0.00707	0.00499	0.00490	0.00155	0.00711	0.00419	0.00241	0.00635
61	0.00960	0.00871	0.00896	0.00765	0.01044	0.08044	0.00577	0.01133	0.01114	0.01527	0.05932	0.21629	0.11518	0.00849	0.00496	0.00131	0.00389	0.00724	0.00378	0.41023

[dist]
# distance from previous block
# <min> <max>
0	2

[block]
# block no. 2 follows, 48 sequences, length 30
# corresponding to MSA columns:
# 144-173
name=unknown_C
#
# <colnr> <probs for GDERKNQSTAVLIFYWHMCP>
#	G	D	E	R	K	N	Q	S	T	A	V	L	I	F	Y	W	H	M	C	P
0	0.00764	0.00538	0.00644	0.00630	0.00758	0.00507	0.00459	0.00893	0.01061	0.05743	0.10309	0.07869	0.34787	0.15969	0.16419	0.00357	0.00529	0.00893	0.00425	0.00445
1	0.01713	0.00868	0.01035	0.00840	0.01136	0.00855	0.00673	0.16579	0.05567	0.34708	0.05163	0.01872	0.01409	0.04956	0.00594	0.00168	0.00409	0.00531	0.20193	0.00731
2	0.14953	0.00852	0.01056	0.00871	0.01202	0.00816	0.00716	0.02108	0.05359	0.50220	0.04159	0.01984	0.01405	0.00887	0.05547	0.00208	0.00485	0.05874	0.00543	0.00754
3	0.01458	0.01149	0.01274	0.00956	0.01384	0.01107	0.00777	0.34051	0.05716	0.02371	0.01112	0.01182	0.00851	0.00499	0.00445	0.00115	0.00461	0.00387	0.00406	0.44299
4	0.00964	0.00564	0.00700	0.00681	0.00791	0.00528	0.00483	0.01073	0.01061	0.13523	0.10866	0.14396	0.10827	0.32141	0.01378	0.00305	0.00403	0.08406	0.00447	0.00463
5	0.11838	0.00544	0.00514	0.00504	0.00649	0.00565	0.00384	0.01236	0.01050	0.01963	0.01550	0.01774	0.01218	0.00582	0.00353	0.00125	0.00259	0.00452	0.73952	0.00488
6	0.04504	0.00846	0.01093	0.00874	0.01210	0.00778	0.00704	0.02253	0.08846	0.57815	0.08959	0.02017	0.01637	0.05284	0.00637	0.00180	0.00418	0.00566	0.00590	0.00790
7	0.00798	0.00527	0.00694	0.00702	0.00813	0.00486	0.00520	0.00985	0.01277	0.06659	0.42005	0.28472	0.06361	0.01233	0.00623	0.00182	0.00289	0.06360	0.00532	0.00485
8	0.01951	0.01437	0.01540	0.01181	0.01591	0.01591	0.00975	0.77056	0.02412	0.03234	0.01232	0.01232	0.00873	0.00616	0.00513	0.00154	0.00565	0.00462	0.00513	0.00873
9	0.00676	0.00495	0.00644	0.00734	0.00810	0.00463	0.00543	0.00816	0.01091	0.01433	0.09459	0.47882	0.13536	0.01477	0.00656	0.00206	0.00327	0.17830	0.00483	0.00437
10	0.00746	0.00497	0.00560	0.00560	0.00560	0.00497	0.00311	0.00746	0.00746	0.00995	0.01617	0.03358	0.01865	0.81967	0.02612	0.00497	0.00497	0.00746	0.00311	0.00311
11	0.01028	0.00547	0.00555	0.00529	0.00669	0.00558	0.00403	0.06649	0.01172	0.02008	0.01642	0.01864	0.01283	0.00599	0.00370	0.00122	0.00263	0.00477	0.78755	0.00507
12	0.01514	0.01154	0.01245	0.01062	0.01387	0.01297	0.00842	0.18723	0.54687	0.09335	0.01898	0.01752	0.01390	0.00673	0.00520	0.00168	0.00443	0.00549	0.00530	0.00831
13	0.53184	0.01146	0.01037	0.00863	0.01210	0.01304	0.00709	0.26533	0.05744	0.02601	0.00963	0.01026	0.00718	0.00535	0.00394	0.00158	0.00453	0.00356	0.00394	0.00675
14	0.00625	0.00447	0.00595	0.00714	0.00744	0.00417	0.00476	0.00714	0.00982	0.01310	0.02828	0.81633	0.03394	0.01608	0.00655	0.00208	0.00298	0.01459	0.00476	0.00417
15	0.00733	0.00550	0.00825	0.00825	0.00916	0.00641	0.00641	0.00916	0.00825	0.01191	0.01374	0.02016	0.01283	0.03848	0.79934	0.00825	0.01374	0.00550	0.00275	0.00458
16	0.01614	0.00980	0.01140	0.00975	0.01285	0.01030	0.00770	0.07174	0.38880	0.29028	0.02084	0.09576	0.01597	0.00758	0.00532	0.00171	0.00416	0.00636	0.00557	0.00799
17	0.00675	0.00515	0.00616	0.00607	0.00734	0.00460	0.00446	0.00858	0.01291	0.01726	0.43833	0.11781	0.30175	0.03180	0.00660	0.00178	0.00260	0.01029	0.00519	0.00456
18	0.01694	0.01189	0.01266	0.00999	0.01334	0.01304	0.00816	0.57451	0.02067	0.02892	0.01346	0.01408	0.00987	0.00611	0.00473	0.00145	0.00481	0.00466	0.22300	0.00771
19	0.00891	0.00446	0.00668	0.00668	0.00668	0.00446	0.00446	0.00668	0.00668	0.00891	0.00891	0.01560	0.00891	0.01783	0.02005	0.85071	0.00446	0.00446	0.00223	0.00223
20	0.01762	0.12288	0.01552	0.01178	0.01490	0.44404	0.00929	0.08521	0.14880	0.06521	0.01126	0.01164	0.00876	0.00561	0.00464	0.00140	0.00724	0.00390	0.00349	0.00682
21	0.01020	0.00722	0.00856	0.00796	0.00967	0.00803	0.00620	0.09051	0.15558	0.01825	0.05662	0.01985	0.01492	0.01875	0.30593	0.00403	0.00734	0.00547	0.23918	0.00574
22	0.01372	0.82276	0.02689	0.00878	0.01317	0.02030	0.00878	0.01536	0.01043	0.01207	0.00713	0.00823	0.00658	0.00439	0.00329	0.00110	0.00549	0.00274	0.00219	0.00658
23	0.01067	0.00923	0.01091	0.00791	0.01223	0.00731	0.00635	0.01289	0.01049	0.01649	0.00899	0.01067	0.00755	0.00407	0.00449	0.00084	0.04652	0.00312	0.00300	0.80626
24	0.00956	0.00478	0.00478	0.00478	0.00598	0.00478	0.00359	0.01196	0.01076	0.01913	0.01674	0.01913	0.01315	0.00598	0.00359	0.00120	0.00239	0.00478	0.84816	0.00478
25	0.00827	0.00502	0.00575	0.00557	0.00681	0.00478	0.00418	0.01060	0.01253	0.01941	0.36753	0.03001	0.08467	0.00853	0.00488	0.00142	0.00242	0.00726	0.40559	0.00478
26	0.01196	0.01730	0.22507	0.01992	0.09481	0.04766	0.43164	0.01629	0.01162	0.01603	0.00971	0.01262	0.00738	0.00478	0.00617	0.00169	0.05067	0.00513	0.00246	0.00709
27	0.00733	0.00550	0.00825	0.00825	0.00916	0.00641	0.00641	0.00916	0.00825	0.01191	0.01374	0.02016	0.01283	0.03848	0.79934	0.00825	0.01374	0.00550	0.00275	0.00458
28	0.01211	0.01384	0.03028	0.02163	0.02682	0.01298	0.76903	0.01644	0.01211	0.01644	0.01038	0.01384	0.00779	0.00433	0.00606	0.00173	0.00865	0.00606	0.00260	0.00692
29	0.00723	0.00546	0.00725	0.00669	0.00807	0.00499	0.02451	0.00956	0.01410	0.01961	0.67066	0.03911	0.14214	0.01065	0.00605	0.00163	0.00261	0.00940	0.00546	0.00483

[dist]
# distance from previous block
# <min> <max>
0	2

[block]
# block no. 3 follows, 48 sequences, length 12
# corresponding to MSA columns:
# 176-187
name=unknown_D
#
# <colnr> <probs for GDERKNQSTAVLIFYWHMCP>
#	G	D	E	R	K	N	Q	S	T	A	V	L	I	F	Y	W	H	M	C	P
0	0.01029	0.02654	0.79309	0.01462	0.02221	0.01192	0.01896	0.01625	0.01083	0.01625	0.00921	0.01083	0.00650	0.00487	0.00487	0.00162	0.00758	0.00379	0.00217	0.00758
1	0.01439	0.01566	0.01554	0.29079	0.13538	0.30313	0.01210	0.05439	0.08073	0.01512	0.00996	0.01232	0.00782	0.00532	0.00494	0.00153	0.00732	0.00421	0.00285	0.00651
2	0.01634	0.15557	0.01848	0.01787	0.24355	0.43503	0.01145	0.01822	0.01300	0.01372	0.00831	0.01010	0.00705	0.00492	0.00454	0.00134	0.00768	0.00358	0.00254	0.00670
3	0.01146	0.19355	0.20225	0.05305	0.01867	0.01238	0.15276	0.01491	0.01089	0.01535	0.00894	0.01091	0.00711	0.00435	0.00443	0.00127	0.00612	0.00379	0.00253	0.26527
4	0.01135	0.01348	0.15626	0.19082	0.25180	0.01163	0.03403	0.03393	0.14854	0.01734	0.06938	0.01566	0.01191	0.00564	0.00518	0.00163	0.00595	0.00504	0.00319	0.00724
5	0.01384	0.01309	0.01255	0.01357	0.15641	0.24186	0.00883	0.06243	0.01433	0.08619	0.22216	0.02257	0.09579	0.00746	0.00531	0.00152	0.00552	0.00613	0.00412	0.00632
6	0.00625	0.00447	0.00595	0.00714	0.00744	0.00417	0.00476	0.00714	0.00982	0.01310	0.02828	0.81633	0.03394	0.01608	0.00655	0.00208	0.00298	0.01459	0.00476	0.00417
7	0.01270	0.01522	0.19919	0.01133	0.01520	0.10347	0.01095	0.18409	0.01450	0.01910	0.01608	0.04639	0.03209	0.00810	0.00547	0.00170	0.00597	0.20543	0.00379	0.08926
8	0.01248	0.01206	0.02085	0.08080	0.70985	0.01217	0.04499	0.01561	0.01161	0.01652	0.00965	0.01281	0.00803	0.00460	0.00512	0.00154	0.00624	0.00463	0.00253	0.00793
9	0.00642	0.00485	0.00577	0.00626	0.00712	0.00438	0.00432	0.00753	0.01074	0.01388	0.11944	0.39621	0.28565	0.09307	0.00825	0.00220	0.00298	0.01204	0.00470	0.00419
10	0.01039	0.00885	0.01037	0.00757	0.01189	0.00669	0.00600	0.01259	0.01059	0.01651	0.01022	0.05695	0.00911	0.00451	0.00396	0.00084	0.00375	0.00370	0.00314	0.80236
11	0.00882	0.03992	0.00828	0.00785	0.00902	0.13217	0.00568	0.01019	0.01183	0.01473	0.19708	0.41078	0.09960	0.01235	0.00596	0.00179	0.00392	0.01078	0.00452	0.00471

[dist]
# distance from previous block
# <min> <max>
0	1

[block]
# block no. 4 follows, 48 sequences, length 41
# corresponding to MSA columns:
# 190-230
name=unknown_E
#
# <colnr> <probs for GDERKNQSTAVLIFYWHMCP>
#	G	D	E	R	K	N	Q	S	T	A	V	L	I	F	Y	W	H	M	C	P
0	0.08368	0.01726	0.21137	0.01439	0.11184	0.15129	0.01206	0.01983	0.19785	0.06532	0.01224	0.01303	0.00927	0.00574	0.00551	0.00162	0.05268	0.00433	0.00339	0.00728
1	0.22754	0.55260	0.03852	0.00865	0.01271	0.06285	0.00826	0.01561	0.01024	0.01497	0.00723	0.00838	0.00632	0.00455	0.00338	0.00125	0.00537	0.00281	0.00247	0.00631
2	0.01130	0.00606	0.00780	0.00695	0.00849	0.00565	0.00508	0.01282	0.01202	0.21217	0.29980	0.03079	0.04375	0.25465	0.05767	0.00300	0.00434	0.00750	0.00488	0.00528
3	0.01798	0.01362	0.01454	0.01150	0.01533	0.01520	0.00938	0.60274	0.19442	0.02988	0.01425	0.01386	0.01029	0.00634	0.00515	0.00159	0.00529	0.00489	0.00515	0.00859
4	0.01933	0.01367	0.01485	0.01149	0.01550	0.01500	0.00946	0.65758	0.07529	0.09448	0.01357	0.01322	0.00953	0.00623	0.00514	0.00156	0.00543	0.00475	0.00524	0.00868
5	0.01115	0.00942	0.01091	0.00784	0.01238	0.00736	0.00629	0.05666	0.01142	0.01762	0.00930	0.01074	0.00766	0.00394	0.00388	0.00081	0.00391	0.00313	0.00316	0.80241
6	0.00710	0.00528	0.00663	0.00641	0.00772	0.00481	0.00489	0.00929	0.01379	0.01891	0.59065	0.04181	0.19118	0.01123	0.00612	0.00169	0.00261	0.05973	0.00541	0.00473
7	0.00680	0.00523	0.00621	0.00597	0.00738	0.00464	0.00448	0.00878	0.01343	0.01797	0.50079	0.04261	0.33421	0.01146	0.00606	0.00166	0.00249	0.00988	0.00531	0.00464
8	0.00636	0.00454	0.00607	0.00726	0.00761	0.00426	0.00494	0.00732	0.00993	0.01321	0.02822	0.77722	0.03371	0.01598	0.00658	0.00210	0.00307	0.05267	0.00476	0.00420
9	0.31935	0.00799	0.00934	0.00892	0.05188	0.00843	0.04530	0.02821	0.01193	0.02076	0.35353	0.02300	0.02537	0.00941	0.05447	0.00202	0.00428	0.00614	0.00422	0.00545
10	0.00841	0.00705	0.01015	0.00953	0.01013	0.00889	0.00754	0.00994	0.00809	0.01191	0.01196	0.01852	0.01150	0.07850	0.53561	0.00639	0.23314	0.00534	0.00263	0.00478
11	0.01599	0.01305	0.03720	0.01767	0.25562	0.02721	0.02210	0.27997	0.16843	0.08931	0.01368	0.01416	0.01015	0.00576	0.00513	0.00158	0.00552	0.00486	0.00429	0.00831
12	0.22765	0.01100	0.01180	0.00996	0.05744	0.01092	0.00755	0.22948	0.01406	0.02277	0.00956	0.01065	0.00743	0.00476	0.00410	0.00124	0.00450	0.00351	0.00364	0.34799
13	0.01917	0.02445	0.01454	0.01322	0.01586	0.79907	0.00991	0.02049	0.01454	0.01256	0.00793	0.00925	0.00661	0.00529	0.00463	0.00132	0.00925	0.00330	0.00264	0.00595
14	0.01296	0.01142	0.01403	0.21532	0.12112	0.05205	0.01073	0.10248	0.31392	0.02928	0.01521	0.01614	0.02400	0.00607	0.00510	0.00164	0.00540	0.00511	0.03072	0.00730
15	0.01029	0.00931	0.01549	0.16402	0.36064	0.00968	0.04799	0.01276	0.01054	0.01466	0.01340	0.13449	0.01315	0.09409	0.04325	0.00231	0.00602	0.00647	0.02515	0.00626
16	0.01560	0.01089	0.01257	0.01129	0.05518	0.01177	0.00849	0.18829	0.36491	0.16206	0.08687	0.01871	0.01614	0.00686	0.00526	0.00165	0.00443	0.00567	0.00530	0.00807
17	0.01241	0.01154	0.01826	0.02609	0.59111	0.01186	0.01382	0.01752	0.15332	0.01753	0.01293	0.01700	0.01099	0.00567	0.00524	0.00162	0.00563	0.05635	0.00319	0.00789
18	0.00739	0.00540	0.00763	0.00763	0.00856	0.00606	0.00583	0.00909	0.00860	0.01236	0.01687	0.02314	0.06929	0.08843	0.63950	0.00711	0.01163	0.00598	0.05504	0.00447
19	0.01066	0.00780	0.00901	0.00849	0.01013	0.00808	0.00631	0.25530	0.01456	0.01938	0.03481	0.43957	0.07199	0.05596	0.00712	0.00204	0.00395	0.02443	0.00481	0.00562
20	0.01145	0.01187	0.01933	0.01549	0.01678	0.01504	0.19914	0.01336	0.00891	0.01336	0.00764	0.01187	0.00700	0.00783	0.01416	0.00212	0.61150	0.00488	0.00233	0.00594
21	0.00999	0.00971	0.01724	0.70983	0.03428	0.01160	0.10792	0.01352	0.01049	0.01352	0.00928	0.01370	0.00696	0.00503	0.00524	0.00171	0.00706	0.00475	0.00232	0.00585
22	0.19704	0.00875	0.00861	0.00752	0.01013	0.00913	0.00596	0.22210	0.01438	0.02098	0.02940	0.08281	0.34512	0.00949	0.00520	0.00167	0.00378	0.00758	0.00452	0.00582
23	0.00708	0.00514	0.00666	0.00668	0.00774	0.00476	0.00497	0.00911	0.01320	0.01828	0.53898	0.17884	0.09087	0.02630	0.00657	0.00182	0.00273	0.06029	0.00533	0.00465
24	0.01375	0.01041	0.01114	0.00978	0.01266	0.01170	0.00767	0.09660	0.55619	0.07714	0.01950	0.01837	0.01447	0.00672	0.00501	0.00164	0.00403	0.00552	0.10991	0.00781
25	0.11542	0.00692	0.00786	0.00746	0.00906	0.00708	0.00541	0.01401	0.12457	0.12606	0.10696	0.22760	0.02305	0.18400	0.00988	0.00247	0.00382	0.00834	0.00460	0.00542
26	0.00635	0.00455	0.00588	0.00690	0.00725	0.00425	0.00457	0.00719	0.00971	0.01285	0.02847	0.70410	0.07316	0.08859	0.00829	0.00233	0.00314	0.01374	0.00461	0.00408
27	0.02067	0.01070	0.01295	0.01000	0.01385	0.01062	0.00823	0.31309	0.01834	0.44888	0.06493	0.01677	0.01339	0.00654	0.00521	0.00157	0.00474	0.00521	0.00583	0.00849
28	0.05442	0.00847	0.01019	0.00847	0.01163	0.00814	0.00679	0.02112	0.17946	0.41158	0.06488	0.02418	0.15253	0.00781	0.00529	0.00165	0.00387	0.00641	0.00564	0.00747
29	0.21319	0.01084	0.01204	0.00945	0.01328	0.01117	0.00780	0.26495	0.01639	0.36822	0.01466	0.01370	0.00977	0.00592	0.00470	0.00157	0.00469	0.00444	0.00523	0.00800
30	0.00709	0.00500	0.00640	0.00658	0.00712	0.00493	0.00446	0.00826	0.01019	0.01406	0.24197	0.22321	0.03023	0.28517	0.11895	0.00373	0.00492	0.00946	0.00420	0.00407
31	0.00946	0.00480	0.00488	0.00486	0.00605	0.00479	0.00364	0.01185	0.01093	0.01919	0.05128	0.01999	0.01474	0.00618	0.00370	0.00121	0.00239	0.00498	0.81027	0.00479
32	0.12234	0.00811	0.01015	0.00823	0.01141	0.00754	0.00667	0.02018	0.03521	0.49042	0.20121	0.02136	0.02042	0.00716	0.00513	0.00160	0.00384	0.00587	0.00576	0.00739
33	0.00856	0.00467	0.00690	0.00690	0.00706	0.00483	0.00473	0.00716	0.00700	0.00950	0.01015	0.01737	0.01013	0.06477	0.15728	0.65703	0.00612	0.00480	0.00237	0.00269
34	0.01155	0.01159	0.02092	0.30212	0.07984	0.01239	0.30588	0.03364	0.13628	0.01643	0.01163	0.01453	0.00877	0.00510	0.00550	0.00171	0.00701	0.00534	0.00296	0.00680
35	0.00639	0.00503	0.00577	0.00598	0.00723	0.00441	0.00433	0.00785	0.01188	0.01523	0.21671	0.23909	0.42548	0.01318	0.00618	0.00179	0.00265	0.01141	0.00497	0.00441
36	0.00794	0.00509	0.00764	0.00764	0.00820	0.00565	0.00565	0.00820	0.00764	0.01075	0.01187	0.01839	0.01131	0.03047	0.49722	0.33486	0.01014	0.00509	0.00255	0.00367
37	0.01027	0.01486	0.24113	0.45190	0.04731	0.01179	0.12143	0.01454	0.01072	0.01456	0.00933	0.01286	0.00690	0.00493	0.00519	0.00168	0.00729	0.00455	0.00230	0.00647
38	0.01849	0.01124	0.01288	0.01023	0.01381	0.01170	0.00831	0.40157	0.06604	0.26087	0.01833	0.08057	0.04732	0.00737	0.00530	0.00162	0.00481	0.00594	0.00546	0.00813
39	0.00706	0.00503	0.00672	0.00704	0.00751	0.00526	0.00486	0.00810	0.00878	0.01210	0.05839	0.25247	0.02246	0.26746	0.29770	0.00515	0.00743	0.00888	0.00358	0.00403
40	0.01270	0.01219	0.02083	0.03149	0.78767	0.01219	0.01575	0.01575	0.01168	0.01676	0.00965	0.01270	0.00813	0.00457	0.00508	0.00152	0.00610	0.00457	0.00254	0.00813

[dist]
# distance from previous block
# <min> <max>
0	0

# created by:
# /st0/software/busco_prod/Augustus/scripts/msa2prfl.pl ./align_prep/59748.fa
