[name]
unknown

[dist]
# distance from previous block
# <min> <max>
0	213

[block]
# block no. 0 follows, 49 sequences, length 66
# corresponding to MSA columns:
# 258-323
name=unknown_A
#
# <colnr> <probs for GDERKNQSTAVLIFYWHMCP>
#	G	D	E	R	K	N	Q	S	T	A	V	L	I	F	Y	W	H	M	C	P
0	0.00836	0.00606	0.00800	0.00883	0.00994	0.00618	0.00739	0.01122	0.06761	0.01479	0.02472	0.05071	0.02652	0.13245	0.00961	0.00266	0.00464	0.59118	0.00446	0.00467
1	0.01295	0.64780	0.13869	0.00962	0.01430	0.01825	0.01008	0.01613	0.06704	0.01318	0.00833	0.00928	0.00713	0.00458	0.00361	0.00120	0.00561	0.00308	0.00238	0.00675
2	0.00763	0.00583	0.00865	0.00943	0.06598	0.00653	0.00652	0.00926	0.00826	0.01181	0.01360	0.02127	0.01315	0.15094	0.62932	0.00717	0.01172	0.00564	0.00275	0.00456
3	0.01214	0.01149	0.01942	0.02916	0.73302	0.01149	0.01460	0.01492	0.01121	0.01603	0.00998	0.01403	0.00877	0.06462	0.00653	0.00175	0.00593	0.00471	0.00254	0.00765
4	0.00735	0.00558	0.00682	0.00644	0.00784	0.00526	0.00485	0.01042	0.07024	0.01920	0.60481	0.03826	0.17290	0.01051	0.00591	0.00162	0.00253	0.00916	0.00539	0.00492
5	0.01138	0.01088	0.01492	0.01278	0.01314	0.01483	0.01061	0.06794	0.00895	0.01359	0.00755	0.01179	0.00722	0.01079	0.07356	0.00260	0.69484	0.00451	0.00246	0.00568
6	0.00618	0.00501	0.00551	0.00585	0.00721	0.00435	0.00435	0.00745	0.01113	0.01360	0.04427	0.21937	0.56609	0.01356	0.00616	0.00183	0.00280	0.06633	0.00469	0.00426
7	0.01338	0.63929	0.08706	0.00903	0.01329	0.01724	0.00909	0.01532	0.01057	0.06988	0.00968	0.06860	0.00891	0.00535	0.00374	0.00123	0.00531	0.00382	0.00265	0.00655
8	0.02269	0.00861	0.01174	0.00900	0.01291	0.00743	0.00743	0.02464	0.01447	0.79425	0.01995	0.01721	0.01252	0.00626	0.00509	0.00156	0.00430	0.00509	0.00626	0.00861
9	0.79634	0.01010	0.00800	0.00702	0.01021	0.01166	0.00578	0.07066	0.00972	0.02336	0.00742	0.00850	0.00571	0.00480	0.00327	0.00156	0.00403	0.00287	0.00327	0.00571
10	0.01252	0.01201	0.02053	0.03104	0.79074	0.01201	0.01552	0.01552	0.01151	0.01652	0.00951	0.01252	0.00801	0.00451	0.00501	0.00150	0.00601	0.00451	0.00250	0.00801
11	0.01014	0.02616	0.79609	0.01441	0.02189	0.01174	0.01868	0.01601	0.01068	0.01601	0.00907	0.01068	0.00641	0.00480	0.00480	0.00160	0.00747	0.00374	0.00214	0.00747
12	0.01352	0.82533	0.02650	0.00865	0.01298	0.02001	0.00865	0.01514	0.01027	0.01190	0.00703	0.00811	0.00649	0.00433	0.00324	0.00108	0.00541	0.00270	0.00216	0.00649
13	0.00943	0.00471	0.00471	0.00471	0.00589	0.00471	0.00353	0.01178	0.01060	0.01885	0.01650	0.01885	0.01296	0.00589	0.00353	0.00118	0.00236	0.00471	0.85036	0.00471
14	0.00724	0.00537	0.00787	0.00787	0.00868	0.00618	0.00600	0.00886	0.00805	0.01155	0.01378	0.02117	0.01321	0.11555	0.72540	0.00781	0.01269	0.00561	0.00274	0.00437
15	0.00884	0.00768	0.01075	0.00983	0.01020	0.00989	0.00774	0.01005	0.00784	0.01159	0.01108	0.01844	0.01111	0.15793	0.34507	0.00513	0.34425	0.00533	0.00256	0.00469
16	0.01194	0.01364	0.02984	0.02131	0.02643	0.01279	0.77238	0.01620	0.01194	0.01620	0.01023	0.01364	0.00767	0.00426	0.00597	0.00171	0.00853	0.00597	0.00256	0.00682
17	0.00736	0.00548	0.00813	0.00830	0.00924	0.00625	0.00659	0.00924	0.00864	0.01224	0.01549	0.02534	0.01506	0.03440	0.68517	0.00727	0.01224	0.11602	0.00300	0.00454
18	0.00716	0.00517	0.00676	0.00636	0.00755	0.00477	0.00477	0.00954	0.01431	0.02028	0.78808	0.03777	0.04771	0.01034	0.00596	0.00159	0.00239	0.00914	0.00557	0.00477
19	0.01326	0.01445	0.13855	0.03755	0.11486	0.01172	0.44196	0.01725	0.01203	0.13030	0.01137	0.01359	0.00822	0.00468	0.00553	0.00164	0.00741	0.00530	0.00302	0.00729
20	0.01694	0.01030	0.01462	0.01081	0.01510	0.00926	0.12346	0.13014	0.01428	0.33401	0.01408	0.01393	0.00972	0.00518	0.00482	0.00134	0.00496	0.00452	0.00456	0.25796
21	0.85801	0.00978	0.00743	0.00665	0.00978	0.01134	0.00548	0.01486	0.00861	0.02269	0.00704	0.00821	0.00548	0.00469	0.00313	0.00156	0.00391	0.00274	0.00313	0.00548
22	0.02199	0.00972	0.01243	0.00953	0.01347	0.00909	0.00787	0.17530	0.01634	0.64095	0.01838	0.01619	0.01173	0.00622	0.00508	0.00156	0.00456	0.00498	0.00602	0.00860
23	0.01356	0.01135	0.01198	0.01049	0.01352	0.01303	0.00824	0.13685	0.67004	0.02273	0.01934	0.01788	0.01443	0.00674	0.00513	0.00169	0.00423	0.00555	0.00513	0.00809
24	0.00708	0.00479	0.00559	0.00586	0.00593	0.00472	0.00343	0.00728	0.00788	0.01050	0.01862	0.21024	0.02178	0.64051	0.02139	0.00426	0.00446	0.00894	0.00343	0.00330
25	0.00722	0.00542	0.00813	0.00813	0.00903	0.00632	0.00632	0.00903	0.00813	0.01174	0.01354	0.01987	0.01264	0.03792	0.80225	0.00813	0.01354	0.00542	0.00271	0.00451
26	0.00716	0.00517	0.00676	0.00636	0.00755	0.00477	0.00477	0.00954	0.01431	0.02028	0.78808	0.03777	0.04771	0.01034	0.00596	0.00159	0.00239	0.00914	0.00557	0.00477
27	0.01973	0.01335	0.01467	0.01125	0.01527	0.01447	0.00929	0.66358	0.02241	0.14411	0.01329	0.01289	0.00918	0.00610	0.00506	0.00152	0.00538	0.00463	0.00524	0.00860
28	0.00747	0.00504	0.00590	0.00607	0.00624	0.00504	0.00381	0.00781	0.00798	0.01059	0.01752	0.03661	0.01996	0.70368	0.02299	0.00452	0.00487	0.11731	0.00330	0.00330
29	0.01482	0.01310	0.01922	0.01473	0.01786	0.01484	0.21566	0.34185	0.01579	0.02175	0.00998	0.01222	0.00776	0.00641	0.00875	0.00178	0.24783	0.00490	0.00353	0.00720
30	0.00716	0.00517	0.00676	0.00636	0.00755	0.00477	0.00477	0.00954	0.01431	0.02028	0.78808	0.03777	0.04771	0.01034	0.00596	0.00159	0.00239	0.00914	0.00557	0.00477
31	0.00650	0.00504	0.00592	0.00592	0.00721	0.00446	0.00436	0.00818	0.01242	0.01632	0.35588	0.15752	0.36768	0.01222	0.00604	0.00171	0.00254	0.01058	0.00506	0.00446
32	0.00955	0.00899	0.01517	0.81013	0.03483	0.01123	0.01404	0.01292	0.01011	0.01292	0.00899	0.01348	0.00674	0.00506	0.00506	0.00169	0.00674	0.00449	0.00225	0.00562
33	0.85801	0.00978	0.00743	0.00665	0.00978	0.01134	0.00548	0.01486	0.00861	0.02269	0.00704	0.00821	0.00548	0.00469	0.00313	0.00156	0.00391	0.00274	0.00313	0.00548
34	0.85801	0.00978	0.00743	0.00665	0.00978	0.01134	0.00548	0.01486	0.00861	0.02269	0.00704	0.00821	0.00548	0.00469	0.00313	0.00156	0.00391	0.00274	0.00313	0.00548
35	0.01352	0.82533	0.02650	0.00865	0.01298	0.02001	0.00865	0.01514	0.01027	0.01190	0.00703	0.00811	0.00649	0.00433	0.00324	0.00108	0.00541	0.00270	0.00216	0.00649
36	0.73354	0.00994	0.00802	0.00719	0.01028	0.01153	0.00585	0.01663	0.12241	0.02246	0.00903	0.00978	0.00694	0.00501	0.00343	0.00159	0.00392	0.00318	0.00343	0.00585
37	0.01052	0.00986	0.00951	0.01013	0.01162	0.18162	0.00851	0.01262	0.01223	0.01452	0.02259	0.04646	0.02411	0.01204	0.00645	0.00210	0.00564	0.59034	0.00420	0.00492
38	0.02269	0.00861	0.01174	0.00900	0.01291	0.00743	0.00743	0.02464	0.01447	0.79425	0.01995	0.01721	0.01252	0.00626	0.00509	0.00156	0.00430	0.00509	0.00626	0.00861
39	0.85801	0.00978	0.00743	0.00665	0.00978	0.01134	0.00548	0.01486	0.00861	0.02269	0.00704	0.00821	0.00548	0.00469	0.00313	0.00156	0.00391	0.00274	0.00313	0.00548
40	0.00735	0.00490	0.00552	0.00552	0.00552	0.00490	0.00306	0.00735	0.00735	0.00980	0.01593	0.03309	0.01838	0.82229	0.02574	0.00490	0.00490	0.00735	0.00306	0.00306
41	0.02041	0.00814	0.01120	0.00887	0.01234	0.00727	0.00727	0.02234	0.01354	0.67904	0.01901	0.01760	0.01254	0.01092	0.12244	0.00253	0.00566	0.00513	0.00574	0.00800
42	0.00698	0.00516	0.00652	0.00618	0.00745	0.00470	0.00463	0.00921	0.01390	0.01930	0.67960	0.03938	0.15680	0.01070	0.00597	0.00161	0.00241	0.00937	0.00544	0.00470
43	0.01122	0.01151	0.01557	0.61568	0.10681	0.12773	0.01356	0.01425	0.01087	0.01320	0.00887	0.01274	0.00683	0.00502	0.00498	0.00161	0.00702	0.00431	0.00233	0.00589
44	0.01637	0.13919	0.01638	0.01244	0.01472	0.51359	0.00989	0.01768	0.01228	0.01226	0.00744	0.00940	0.00654	0.00588	0.00702	0.00147	0.18568	0.00343	0.00245	0.00588
45	0.01049	0.00899	0.01049	0.00749	0.01198	0.00674	0.00599	0.01273	0.01049	0.01648	0.00899	0.01049	0.00749	0.00374	0.00374	0.00075	0.00374	0.00300	0.00300	0.85320
46	0.01722	0.01359	0.01486	0.17266	0.03177	0.18598	0.04629	0.16204	0.01478	0.22663	0.01221	0.01312	0.00866	0.00577	0.00564	0.00156	0.05166	0.00446	0.00395	0.00713
47	0.78401	0.01104	0.00804	0.00721	0.01030	0.08106	0.00585	0.01533	0.00911	0.02178	0.00711	0.00829	0.00557	0.00474	0.00326	0.00154	0.00437	0.00278	0.00308	0.00551
48	0.01133	0.03204	0.37798	0.01746	0.02355	0.01233	0.38287	0.01654	0.03336	0.02868	0.01010	0.01241	0.00738	0.00462	0.00536	0.00165	0.00780	0.00488	0.00249	0.00717
49	0.00730	0.00596	0.00658	0.00648	0.00812	0.00566	0.00491	0.01075	0.12533	0.01612	0.19308	0.09916	0.43290	0.01171	0.00593	0.00174	0.00287	0.04554	0.00494	0.00493
50	0.00698	0.00516	0.00652	0.00618	0.00745	0.00470	0.00463	0.00921	0.01390	0.01930	0.67960	0.03938	0.15680	0.01070	0.00597	0.00161	0.00241	0.00937	0.00544	0.00470
51	0.01137	0.01077	0.01695	0.02166	0.40547	0.01231	0.01288	0.01361	0.01022	0.01480	0.01105	0.01857	0.01064	0.00741	0.00933	0.00187	0.28649	0.11522	0.00272	0.00665
52	0.01138	0.00896	0.01058	0.00760	0.01205	0.00679	0.00610	0.01361	0.01078	0.07371	0.00979	0.01098	0.00786	0.00393	0.00384	0.00081	0.00379	0.00315	0.00324	0.79105
53	0.00722	0.00542	0.00813	0.00813	0.00903	0.00632	0.00632	0.00903	0.00813	0.01174	0.01354	0.01987	0.01264	0.03792	0.80225	0.00813	0.01354	0.00542	0.00271	0.00451
54	0.01177	0.01478	0.09963	0.02068	0.02601	0.01269	0.70373	0.01618	0.01182	0.01618	0.01012	0.01337	0.00756	0.00431	0.00586	0.00170	0.00843	0.00576	0.00252	0.00688
55	0.00878	0.00439	0.00659	0.00659	0.00659	0.00439	0.00439	0.00659	0.00659	0.00878	0.00878	0.01537	0.00878	0.01757	0.01976	0.85288	0.00439	0.00439	0.00220	0.00220
56	0.01160	0.01272	0.02670	0.02169	0.13755	0.01204	0.60446	0.01542	0.01171	0.01600	0.01142	0.07274	0.00962	0.00515	0.00586	0.00170	0.00774	0.00637	0.00271	0.00680
57	0.01980	0.00947	0.01430	0.01075	0.01484	0.00838	0.11997	0.02261	0.04469	0.59135	0.01774	0.01626	0.01155	0.00580	0.00512	0.00153	0.00487	0.00509	0.00543	0.07047
58	0.01478	0.01341	0.01379	0.01168	0.01444	0.10995	0.02813	0.21184	0.36409	0.02134	0.01459	0.01471	0.01114	0.00669	0.00676	0.00169	0.12424	0.00494	0.00432	0.00750
59	0.02118	0.01102	0.01323	0.01014	0.01411	0.01102	0.00838	0.35009	0.01851	0.46309	0.01656	0.01501	0.01082	0.00618	0.00507	0.00154	0.00485	0.00485	0.00574	0.00860
60	0.01277	0.64887	0.19643	0.00992	0.01495	0.01818	0.01087	0.01533	0.01036	0.01281	0.00748	0.00868	0.00647	0.00443	0.00359	0.00120	0.00586	0.00293	0.00216	0.00671
61	0.00724	0.00534	0.00774	0.00774	0.00851	0.00611	0.00584	0.00878	0.00801	0.01145	0.01390	0.02181	0.01349	0.15340	0.68793	0.00765	0.01227	0.00570	0.00276	0.00430
62	0.01321	0.13101	0.01393	0.01015	0.01331	0.01390	0.00822	0.08011	0.61229	0.02058	0.01797	0.01679	0.01362	0.00643	0.00486	0.00161	0.00432	0.00519	0.00470	0.00782
63	0.01327	0.76652	0.08313	0.00908	0.01363	0.01940	0.00939	0.01521	0.01030	0.01220	0.00718	0.00830	0.00648	0.00436	0.00336	0.00112	0.00556	0.00278	0.00216	0.00656
64	0.39242	0.01239	0.06054	0.01285	0.01707	0.02954	0.29424	0.01562	0.01037	0.03670	0.00881	0.01078	0.00668	0.00452	0.00441	0.00155	0.00596	0.00409	0.00291	0.06855
65	0.01246	0.00920	0.01528	0.01176	0.01487	0.00874	0.23137	0.09582	0.01465	0.15007	0.34762	0.02449	0.02586	0.00741	0.00572	0.00161	0.00485	0.00704	0.00474	0.00643

[dist]
# distance from previous block
# <min> <max>
0	1

[block]
# block no. 1 follows, 49 sequences, length 52
# corresponding to MSA columns:
# 325-376
name=unknown_B
#
# <colnr> <probs for GDERKNQSTAVLIFYWHMCP>
#	G	D	E	R	K	N	Q	S	T	A	V	L	I	F	Y	W	H	M	C	P
0	0.01847	0.01254	0.01383	0.01091	0.01469	0.01364	0.00891	0.49405	0.17603	0.16012	0.01519	0.01437	0.01066	0.00626	0.00508	0.00157	0.00503	0.00488	0.00528	0.00848
1	0.01200	0.01159	0.01085	0.00948	0.01251	0.16889	0.00756	0.02752	0.12128	0.01617	0.01489	0.03915	0.01390	0.00710	0.00492	0.00140	0.00509	0.17487	0.00367	0.33717
2	0.68843	0.00954	0.00831	0.00713	0.01041	0.01055	0.00587	0.01685	0.00980	0.17932	0.00966	0.01004	0.00691	0.00501	0.00353	0.00156	0.00399	0.00321	0.00376	0.00611
3	0.85801	0.00978	0.00743	0.00665	0.00978	0.01134	0.00548	0.01486	0.00861	0.02269	0.00704	0.00821	0.00548	0.00469	0.00313	0.00156	0.00391	0.00274	0.00313	0.00548
4	0.00725	0.00533	0.00768	0.00768	0.00843	0.00608	0.00576	0.00874	0.00799	0.01141	0.01395	0.02213	0.01362	0.17211	0.66940	0.00758	0.01207	0.00575	0.00277	0.00427
5	0.00722	0.00542	0.00813	0.00813	0.00903	0.00632	0.00632	0.00903	0.00813	0.01174	0.01354	0.01987	0.01264	0.03792	0.80225	0.00813	0.01354	0.00542	0.00271	0.00451
6	0.02026	0.01249	0.01414	0.01084	0.01485	0.01320	0.00896	0.54872	0.02098	0.26098	0.01449	0.01366	0.00978	0.00613	0.00507	0.00153	0.00519	0.00471	0.00542	0.00860
7	0.00723	0.00530	0.00687	0.00683	0.00807	0.00493	0.00536	0.00949	0.01347	0.01852	0.55436	0.04285	0.12354	0.01134	0.00617	0.00175	0.00287	0.16107	0.00529	0.00469
8	0.00943	0.00471	0.00471	0.00471	0.00589	0.00471	0.00353	0.01178	0.01060	0.01885	0.01650	0.01885	0.01296	0.00589	0.00353	0.00118	0.00236	0.00471	0.85036	0.00471
9	0.00625	0.00510	0.00552	0.00550	0.00702	0.00437	0.00409	0.00775	0.01205	0.01509	0.21349	0.08646	0.58487	0.01242	0.00600	0.00170	0.00254	0.01053	0.00489	0.00437
10	0.01352	0.82533	0.02650	0.00865	0.01298	0.02001	0.00865	0.01514	0.01027	0.01190	0.00703	0.00811	0.00649	0.00433	0.00324	0.00108	0.00541	0.00270	0.00216	0.00649
11	0.01889	0.02410	0.01433	0.01303	0.01563	0.80199	0.00977	0.02019	0.01433	0.01238	0.00782	0.00912	0.00651	0.00521	0.00456	0.00130	0.00912	0.00326	0.00261	0.00586
12	0.01205	0.01331	0.02795	0.02329	0.18159	0.01263	0.61873	0.01606	0.01185	0.01626	0.01008	0.01341	0.00774	0.00431	0.00577	0.00166	0.00801	0.00567	0.00255	0.00706
13	0.00799	0.00573	0.00652	0.00592	0.00683	0.00528	0.00366	0.00845	0.00799	0.01116	0.01452	0.02850	0.01617	0.65612	0.02127	0.00406	0.00467	0.00647	0.00305	0.17565
14	0.01967	0.01344	0.01473	0.01129	0.01532	0.01461	0.00933	0.67690	0.02257	0.13055	0.01315	0.01280	0.00911	0.00609	0.00506	0.00152	0.00540	0.00462	0.00521	0.00860
15	0.01174	0.01027	0.01558	0.58785	0.08933	0.01220	0.01326	0.16760	0.01299	0.01704	0.00967	0.01313	0.00722	0.00522	0.00505	0.00164	0.00645	0.00451	0.00284	0.00641
16	0.00733	0.00501	0.00605	0.00605	0.00623	0.00519	0.00373	0.00769	0.00751	0.01020	0.01545	0.03041	0.01722	0.66306	0.18338	0.00556	0.00666	0.00696	0.00299	0.00336
17	0.02050	0.00963	0.01541	0.01150	0.01565	0.00852	0.16272	0.02293	0.01396	0.63630	0.01798	0.01649	0.01153	0.00585	0.00526	0.00159	0.00516	0.00526	0.00551	0.00824
18	0.37261	0.01216	0.01181	0.00946	0.01312	0.01362	0.00781	0.43249	0.01712	0.05008	0.01022	0.01063	0.00740	0.00550	0.00425	0.00154	0.00483	0.00380	0.00428	0.00728
19	0.01252	0.01201	0.02053	0.03104	0.79074	0.01201	0.01552	0.01552	0.01151	0.01652	0.00951	0.01252	0.00801	0.00451	0.00501	0.00150	0.00601	0.00451	0.00250	0.00801
20	0.00627	0.00448	0.00599	0.00716	0.00750	0.00420	0.00488	0.00722	0.00979	0.01303	0.02781	0.77858	0.03321	0.01574	0.00648	0.00207	0.00303	0.05375	0.00469	0.00414
21	0.00716	0.00517	0.00676	0.00636	0.00755	0.00477	0.00477	0.00954	0.01431	0.02028	0.78808	0.03777	0.04771	0.01034	0.00596	0.00159	0.00239	0.00914	0.00557	0.00477
22	0.01896	0.02208	0.01450	0.01274	0.01564	0.64236	0.00974	0.17320	0.01625	0.01633	0.00869	0.00973	0.00694	0.00539	0.00466	0.00135	0.00840	0.00352	0.00310	0.00642
23	0.00607	0.00475	0.00551	0.00611	0.00709	0.00419	0.00428	0.00715	0.01058	0.01327	0.03920	0.44533	0.39979	0.01437	0.00622	0.00189	0.00275	0.01258	0.00469	0.00419
24	0.00722	0.00542	0.00813	0.00813	0.00903	0.00632	0.00632	0.00903	0.00813	0.01174	0.01354	0.01987	0.01264	0.03792	0.80225	0.00813	0.01354	0.00542	0.00271	0.00451
25	0.00623	0.00508	0.00551	0.00552	0.00702	0.00436	0.00410	0.00770	0.01195	0.01495	0.19901	0.10596	0.57993	0.01254	0.00601	0.00171	0.00255	0.01065	0.00487	0.00436
26	0.01463	0.01040	0.01150	0.01003	0.01310	0.01153	0.00789	0.02642	0.62587	0.17810	0.02045	0.01853	0.01484	0.00674	0.00513	0.00168	0.00406	0.00559	0.00537	0.00813
27	0.00961	0.00699	0.00847	0.00743	0.00920	0.00699	0.00575	0.16471	0.01623	0.02263	0.63055	0.03257	0.03977	0.00947	0.00578	0.00158	0.00303	0.00821	0.00546	0.00555
28	0.00690	0.00510	0.00610	0.00588	0.00696	0.00467	0.00419	0.00853	0.01221	0.01651	0.44835	0.03953	0.22576	0.17578	0.00998	0.00229	0.00294	0.00916	0.00484	0.00430
29	0.01178	0.01126	0.01919	0.22450	0.60303	0.01182	0.01515	0.01487	0.01117	0.01563	0.00938	0.01276	0.00769	0.00464	0.00502	0.00155	0.00619	0.00450	0.00244	0.00742
30	0.00770	0.00614	0.00956	0.17094	0.01427	0.00732	0.00789	0.00982	0.00853	0.01198	0.01262	0.01857	0.01144	0.03125	0.64041	0.00682	0.01216	0.00523	0.00262	0.00474
31	0.01277	0.64689	0.19833	0.00994	0.01497	0.01816	0.01089	0.01534	0.01036	0.01282	0.00749	0.00868	0.00647	0.00443	0.00359	0.00120	0.00587	0.00293	0.00216	0.00671
32	0.01555	0.09085	0.40801	0.01169	0.01744	0.01073	0.01321	0.01944	0.01218	0.33207	0.01331	0.01310	0.00890	0.00535	0.00478	0.00154	0.00600	0.00419	0.00381	0.00785
33	0.00878	0.00439	0.00659	0.00659	0.00659	0.00439	0.00439	0.00659	0.00659	0.00878	0.00878	0.01537	0.00878	0.01757	0.01976	0.85288	0.00439	0.00439	0.00220	0.00220
34	0.01164	0.35030	0.44222	0.01186	0.01781	0.01515	0.01405	0.01623	0.05075	0.01461	0.00884	0.01006	0.00691	0.00472	0.00419	0.00140	0.00645	0.00342	0.00230	0.00710
35	0.01238	0.01187	0.02027	0.06779	0.75508	0.01198	0.01545	0.01540	0.01145	0.01635	0.00949	0.01256	0.00795	0.00453	0.00501	0.00151	0.00604	0.00450	0.00249	0.00790
36	0.00726	0.00528	0.00745	0.00745	0.00811	0.00595	0.00547	0.00859	0.00793	0.01123	0.01417	0.02332	0.01414	0.24261	0.59961	0.00729	0.01129	0.00592	0.00280	0.00414
37	0.01588	0.00866	0.01029	0.00865	0.01176	0.00853	0.00690	0.02187	0.27332	0.37432	0.02651	0.02416	0.17107	0.00779	0.00529	0.00164	0.00385	0.00643	0.00556	0.00752
38	0.01385	0.01254	0.01993	0.02659	0.59350	0.01280	0.05383	0.16951	0.01403	0.01962	0.01008	0.01250	0.00811	0.00481	0.00507	0.00152	0.00605	0.00459	0.00302	0.00807
39	0.01014	0.02616	0.79609	0.01441	0.02189	0.01174	0.01868	0.01601	0.01068	0.01601	0.00907	0.01068	0.00641	0.00480	0.00480	0.00160	0.00747	0.00374	0.00214	0.00747
40	0.00601	0.00498	0.00527	0.00551	0.00693	0.00424	0.00401	0.00721	0.01115	0.01351	0.04648	0.20505	0.63537	0.01342	0.00607	0.00178	0.00264	0.01142	0.00470	0.00424
41	0.01064	0.02305	0.63680	0.01358	0.02011	0.01191	0.01652	0.01822	0.16718	0.01706	0.01141	0.01234	0.00824	0.00522	0.00487	0.00162	0.00677	0.00414	0.00275	0.00758
42	0.05643	0.29240	0.31259	0.01316	0.01874	0.01454	0.16009	0.01606	0.01084	0.04840	0.00897	0.01053	0.00689	0.00459	0.00443	0.00144	0.00666	0.00383	0.00246	0.00696
43	0.00957	0.00529	0.00712	0.00750	0.00855	0.00483	0.00534	0.01070	0.01071	0.17158	0.02623	0.63620	0.02908	0.01385	0.00619	0.00196	0.00326	0.03199	0.00501	0.00503
44	0.01461	0.18196	0.02392	0.01594	0.02005	0.28116	0.35942	0.01733	0.01241	0.01403	0.00876	0.01099	0.00704	0.00460	0.00494	0.00144	0.00809	0.00439	0.00249	0.00643
45	0.00643	0.00465	0.00608	0.00675	0.00737	0.00430	0.00467	0.00775	0.01106	0.01499	0.23988	0.56216	0.07682	0.01416	0.00629	0.00191	0.00276	0.01273	0.00494	0.00430
46	0.01761	0.02141	0.01374	0.01247	0.01513	0.64173	0.00941	0.02155	0.17009	0.01416	0.01041	0.01110	0.00832	0.00555	0.00468	0.00139	0.00808	0.00376	0.00312	0.00630
47	0.00874	0.00667	0.00844	0.00908	0.01053	0.00695	0.00756	0.01331	0.16775	0.01606	0.02686	0.12328	0.06509	0.01265	0.00651	0.00215	0.00425	0.49409	0.00476	0.00526
48	0.01531	0.03710	0.05319	0.01556	0.01916	0.43484	0.27496	0.01783	0.01301	0.01388	0.00974	0.05301	0.00832	0.00540	0.00513	0.00149	0.00844	0.00479	0.00267	0.00619
49	0.01889	0.02410	0.01433	0.01303	0.01563	0.80199	0.00977	0.02019	0.01433	0.01238	0.00782	0.00912	0.00651	0.00521	0.00456	0.00130	0.00912	0.00326	0.00261	0.00586
50	0.01047	0.00565	0.00678	0.00622	0.00702	0.00542	0.00395	0.01086	0.00880	0.16905	0.01675	0.02987	0.01719	0.65663	0.02155	0.00422	0.00478	0.00689	0.00371	0.00419
51	0.01258	0.01086	0.01143	0.01029	0.01315	0.01258	0.00800	0.02687	0.78161	0.02115	0.02058	0.01887	0.01544	0.00686	0.00515	0.00172	0.00400	0.00572	0.00515	0.00800

[dist]
# distance from previous block
# <min> <max>
1	5

[block]
# block no. 2 follows, 49 sequences, length 73
# corresponding to MSA columns:
# 455-527
name=unknown_C
#
# <colnr> <probs for GDERKNQSTAVLIFYWHMCP>
#	G	D	E	R	K	N	Q	S	T	A	V	L	I	F	Y	W	H	M	C	P
0	0.01113	0.00934	0.01082	0.00974	0.01216	0.01032	0.03983	0.03521	0.51258	0.02984	0.09419	0.13475	0.05103	0.00856	0.00547	0.00174	0.00387	0.00744	0.00501	0.00697
1	0.00611	0.00498	0.00540	0.00560	0.00699	0.00428	0.00409	0.00740	0.01138	0.01404	0.10515	0.20147	0.57912	0.01322	0.00607	0.00177	0.00262	0.01129	0.00476	0.00428
2	0.43655	0.01117	0.01325	0.12351	0.01687	0.01250	0.10981	0.18539	0.01267	0.02250	0.00889	0.01057	0.00665	0.00500	0.00421	0.00159	0.00530	0.00383	0.00336	0.00638
3	0.01328	0.01252	0.01170	0.01064	0.01339	0.12408	0.00826	0.02522	0.63997	0.01965	0.01904	0.01912	0.01476	0.00693	0.00514	0.00168	0.00475	0.03753	0.00476	0.00756
4	0.00716	0.00517	0.00676	0.00636	0.00755	0.00477	0.00477	0.00954	0.01431	0.02028	0.78808	0.03777	0.04771	0.01034	0.00596	0.00159	0.00239	0.00914	0.00557	0.00477
5	0.01075	0.17087	0.65673	0.01337	0.02027	0.01324	0.01687	0.01586	0.01060	0.01527	0.00870	0.01021	0.00642	0.00472	0.00452	0.00151	0.00710	0.00355	0.00214	0.00730
6	0.01138	0.00945	0.01489	0.59063	0.02896	0.01166	0.01283	0.04395	0.01072	0.08684	0.00981	0.01344	0.00734	0.00575	0.00669	0.00174	0.12065	0.00454	0.00273	0.00600
7	0.01889	0.02410	0.01433	0.01303	0.01563	0.80199	0.00977	0.02019	0.01433	0.01238	0.00782	0.00912	0.00651	0.00521	0.00456	0.00130	0.00912	0.00326	0.00261	0.00586
8	0.00613	0.00494	0.00548	0.00582	0.00710	0.00429	0.00423	0.00737	0.01112	0.01375	0.07312	0.26368	0.52769	0.01359	0.00614	0.00182	0.00272	0.03202	0.00473	0.00425
9	0.01778	0.02225	0.01449	0.01306	0.01530	0.69061	0.00995	0.01906	0.01340	0.01235	0.00765	0.00939	0.00653	0.00573	0.00626	0.00143	0.12296	0.00342	0.00255	0.00582
10	0.05020	0.36767	0.15429	0.00948	0.01376	0.01350	0.00961	0.01650	0.01142	0.18029	0.05587	0.04601	0.01195	0.00599	0.00432	0.00141	0.00517	0.03228	0.00346	0.00681
11	0.00810	0.00581	0.00809	0.00922	0.01040	0.00579	0.00806	0.01041	0.01164	0.01510	0.02729	0.05686	0.04500	0.01394	0.00696	0.00232	0.00461	0.74110	0.00466	0.00465
12	0.00768	0.00522	0.00683	0.00744	0.00796	0.00519	0.00534	0.00869	0.00963	0.04342	0.02368	0.41657	0.02714	0.20856	0.01152	0.00278	0.03396	0.15994	0.00426	0.00420
13	0.24024	0.01185	0.01875	0.01631	0.12743	0.02683	0.29295	0.06031	0.01202	0.11616	0.01083	0.01303	0.00813	0.00495	0.00490	0.00161	0.00618	0.01726	0.00335	0.00690
14	0.00741	0.00563	0.00825	0.00815	0.00894	0.00662	0.00627	0.00904	0.00805	0.01160	0.01343	0.02052	0.01283	0.09888	0.70559	0.00761	0.04850	0.00553	0.00271	0.00445
15	0.01112	0.01233	0.02644	0.01929	0.02372	0.01156	0.66366	0.01490	0.01162	0.01573	0.01273	0.12769	0.01132	0.00590	0.00604	0.00175	0.00773	0.00716	0.00286	0.00644
16	0.04289	0.01155	0.12274	0.00998	0.01401	0.00924	0.00915	0.13241	0.01435	0.45036	0.01607	0.01560	0.01088	0.00994	0.10475	0.00238	0.00608	0.00479	0.00496	0.00784
17	0.01199	0.01270	0.01394	0.01227	0.01290	0.16979	0.00989	0.01317	0.00908	0.01206	0.00811	0.01269	0.00784	0.04649	0.10985	0.00286	0.52218	0.00444	0.00239	0.00537
18	0.01922	0.01416	0.01518	0.01163	0.01568	0.01568	0.00961	0.77388	0.02378	0.03187	0.01214	0.01214	0.00860	0.00607	0.00506	0.00152	0.00556	0.00455	0.00506	0.00860
19	0.00997	0.00942	0.01593	0.69980	0.14188	0.01135	0.01425	0.01329	0.01031	0.01343	0.00906	0.01334	0.00692	0.00498	0.00505	0.00166	0.00664	0.00450	0.00228	0.00596
20	0.01633	0.01664	0.01653	0.01367	0.01617	0.34022	0.11779	0.05035	0.01265	0.11789	0.00964	0.01149	0.00760	0.00623	0.00807	0.00165	0.22335	0.00425	0.00309	0.00639
21	0.01180	0.01224	0.01767	0.49480	0.02914	0.12195	0.15428	0.04754	0.03398	0.01450	0.00953	0.01300	0.00721	0.00503	0.00516	0.00163	0.00727	0.00463	0.00256	0.00607
22	0.00973	0.02322	0.68450	0.01352	0.02007	0.01098	0.01693	0.01503	0.01032	0.01541	0.00971	0.01198	0.00729	0.00949	0.11773	0.00253	0.00833	0.00397	0.00222	0.00705
23	0.02018	0.01064	0.01276	0.01000	0.01380	0.01071	0.00819	0.25652	0.12598	0.44914	0.01763	0.01588	0.01172	0.00629	0.00509	0.00157	0.00465	0.00501	0.00573	0.00852
24	0.00899	0.00823	0.01353	0.64498	0.02938	0.01009	0.01230	0.01201	0.00992	0.01280	0.01234	0.01664	0.05768	0.01021	0.11801	0.00260	0.00744	0.00502	0.00247	0.00537
25	0.01352	0.82533	0.02650	0.00865	0.01298	0.02001	0.00865	0.01514	0.01027	0.01190	0.00703	0.00811	0.00649	0.00433	0.00324	0.00108	0.00541	0.00270	0.00216	0.00649
26	0.00895	0.00656	0.00865	0.00815	0.00933	0.00739	0.00620	0.11704	0.01020	0.01424	0.01378	0.02117	0.01311	0.17568	0.54851	0.00661	0.01085	0.00565	0.00311	0.00483
27	0.02022	0.00810	0.01116	0.00888	0.01231	0.00724	0.00729	0.02216	0.01352	0.66854	0.01917	0.01835	0.01285	0.01089	0.11801	0.00251	0.00562	0.01949	0.00573	0.00795
28	0.00616	0.00440	0.00587	0.00704	0.00733	0.00411	0.00469	0.00704	0.00968	0.01291	0.02787	0.81899	0.03344	0.01584	0.00645	0.00205	0.00293	0.01438	0.00469	0.00411
29	0.00798	0.00605	0.00696	0.00702	0.00835	0.00582	0.00511	0.11579	0.01245	0.01609	0.05885	0.41933	0.28468	0.01325	0.00608	0.00185	0.00316	0.01156	0.00478	0.00482
30	0.00863	0.01028	0.12099	0.03264	0.06562	0.06764	0.04900	0.01084	0.01111	0.01460	0.10591	0.36705	0.09371	0.01090	0.00581	0.00178	0.00457	0.00971	0.00394	0.00526
31	0.01433	0.71046	0.02489	0.00907	0.01336	0.01940	0.00879	0.12259	0.01219	0.01473	0.00775	0.00868	0.00679	0.00457	0.00350	0.00114	0.00543	0.00297	0.00257	0.00679
32	0.01889	0.02410	0.01433	0.01303	0.01563	0.80199	0.00977	0.02019	0.01433	0.01238	0.00782	0.00912	0.00651	0.00521	0.00456	0.00130	0.00912	0.00326	0.00261	0.00586
33	0.01692	0.02152	0.04338	0.12582	0.01840	0.63852	0.01061	0.01870	0.01342	0.01257	0.00819	0.01009	0.00671	0.00608	0.02676	0.00156	0.00884	0.00351	0.00254	0.00585
34	0.06597	0.01388	0.01325	0.01076	0.01426	0.15794	0.00866	0.33681	0.06692	0.20698	0.01351	0.01330	0.00957	0.00719	0.03634	0.00177	0.00604	0.00445	0.00470	0.00772
35	0.00722	0.00542	0.00813	0.00813	0.00903	0.00632	0.00632	0.00903	0.00813	0.01174	0.01354	0.01987	0.01264	0.03792	0.80225	0.00813	0.01354	0.00542	0.00271	0.00451
36	0.00651	0.00514	0.00586	0.00568	0.00716	0.00450	0.00426	0.00829	0.01278	0.01665	0.38359	0.04375	0.45446	0.01169	0.00597	0.00165	0.00248	0.00998	0.00509	0.00450
37	0.12424	0.01184	0.02361	0.01731	0.02144	0.01143	0.56316	0.01468	0.01075	0.01603	0.00960	0.01316	0.00753	0.00617	0.00751	0.12030	0.00733	0.00532	0.00258	0.00600
38	0.01390	0.01341	0.01361	0.01455	0.15656	0.15788	0.00967	0.04466	0.44607	0.02945	0.01612	0.03623	0.01265	0.00632	0.00504	0.00160	0.00534	0.00522	0.00419	0.00754
39	0.00811	0.00463	0.00608	0.00608	0.00608	0.00463	0.00377	0.00695	0.00695	0.00926	0.01214	0.02369	0.01329	0.39529	0.02257	0.45485	0.00463	0.00578	0.00260	0.00260
40	0.01922	0.01416	0.01518	0.01163	0.01568	0.01568	0.00961	0.77388	0.02378	0.03187	0.01214	0.01214	0.00860	0.00607	0.00506	0.00152	0.00556	0.00455	0.00506	0.00860
41	0.00636	0.00503	0.00576	0.00603	0.00732	0.00443	0.00449	0.00780	0.01157	0.01462	0.15576	0.20722	0.46214	0.01315	0.00615	0.00181	0.00277	0.06843	0.00482	0.00434
42	0.01044	0.00721	0.00821	0.00763	0.00928	0.00742	0.00575	0.21353	0.01434	0.02020	0.12367	0.30453	0.05691	0.01036	0.00541	0.00166	0.00343	0.00894	0.17557	0.00553
43	0.01191	0.01357	0.02944	0.02109	0.02606	0.01286	0.75127	0.01609	0.01182	0.01609	0.01013	0.01357	0.00764	0.00439	0.00626	0.00172	0.03084	0.00592	0.00255	0.00678
44	0.00646	0.00506	0.00506	0.00506	0.00670	0.00433	0.00380	0.00790	0.01140	0.01440	0.04631	0.04444	0.67884	0.01183	0.00563	0.00163	0.00253	0.00983	0.12445	0.00433
45	0.02942	0.00526	0.00634	0.00630	0.00744	0.00484	0.00450	0.00917	0.01161	0.05913	0.29238	0.21924	0.19506	0.11620	0.00850	0.00215	0.00302	0.01006	0.00483	0.00452
46	0.00713	0.00517	0.00672	0.00633	0.00754	0.00476	0.00475	0.00948	0.01424	0.02011	0.76916	0.03805	0.06674	0.01040	0.00596	0.00159	0.00239	0.00918	0.00554	0.00476
47	0.00598	0.00512	0.00512	0.00512	0.00683	0.00427	0.00384	0.00726	0.01153	0.01366	0.05123	0.04866	0.78869	0.01281	0.00598	0.00171	0.00256	0.01067	0.00470	0.00427
48	0.00646	0.00487	0.00596	0.00638	0.00733	0.00440	0.00457	0.00788	0.01142	0.01504	0.22976	0.35537	0.25035	0.03024	0.00661	0.00191	0.00279	0.03947	0.00488	0.00432
49	0.00643	0.00502	0.00560	0.00566	0.00686	0.00444	0.00403	0.00772	0.01131	0.01441	0.19627	0.13389	0.43991	0.12546	0.00878	0.00217	0.00289	0.01032	0.00465	0.00419
50	0.01429	0.01116	0.01199	0.01038	0.01349	0.01262	0.00819	0.13249	0.61549	0.08193	0.01934	0.01779	0.01424	0.00670	0.00513	0.00168	0.00425	0.00550	0.00522	0.00813
51	0.01186	0.00809	0.00842	0.00754	0.00968	0.00887	0.00587	0.12470	0.26759	0.02146	0.01723	0.01791	0.01316	0.00624	0.00428	0.00140	0.00336	0.00502	0.45098	0.00635
52	0.01639	0.01198	0.01297	0.01028	0.01364	0.01312	0.00837	0.56494	0.06429	0.02862	0.12283	0.01667	0.01486	0.00671	0.00507	0.00151	0.00478	0.00528	0.06997	0.00773
53	0.00755	0.00596	0.00690	0.00653	0.00812	0.00572	0.00493	0.01127	0.12209	0.01830	0.44581	0.03855	0.27802	0.01063	0.00585	0.00165	0.00267	0.00914	0.00523	0.00507
54	0.01194	0.01364	0.02984	0.02131	0.02643	0.01279	0.77238	0.01620	0.01194	0.01620	0.01023	0.01364	0.00767	0.00426	0.00597	0.00171	0.00853	0.00597	0.00256	0.00682
55	0.00716	0.00517	0.00676	0.00636	0.00755	0.00477	0.00477	0.00954	0.01431	0.02028	0.78808	0.03777	0.04771	0.01034	0.00596	0.00159	0.00239	0.00914	0.00557	0.00477
56	0.00721	0.00515	0.00698	0.00705	0.00757	0.00563	0.00496	0.00826	0.00793	0.01107	0.01538	0.07616	0.01619	0.33842	0.45236	0.00650	0.00954	0.00674	0.00297	0.00393
57	0.00735	0.00490	0.00552	0.00552	0.00552	0.00490	0.00306	0.00735	0.00735	0.00980	0.01593	0.03309	0.01838	0.82229	0.02574	0.00490	0.00490	0.00735	0.00306	0.00306
58	0.00716	0.00517	0.00676	0.00636	0.00755	0.00477	0.00477	0.00954	0.01431	0.02028	0.78808	0.03777	0.04771	0.01034	0.00596	0.00159	0.00239	0.00914	0.00557	0.00477
59	0.00955	0.00899	0.01517	0.81013	0.03483	0.01123	0.01404	0.01292	0.01011	0.01292	0.00899	0.01348	0.00674	0.00506	0.00506	0.00169	0.00674	0.00449	0.00225	0.00562
60	0.01252	0.01201	0.02053	0.03104	0.79074	0.01201	0.01552	0.01552	0.01151	0.01652	0.00951	0.01252	0.00801	0.00451	0.00501	0.00150	0.00601	0.00451	0.00250	0.00801
61	0.00616	0.00440	0.00587	0.00704	0.00733	0.00411	0.00469	0.00704	0.00968	0.01291	0.02787	0.81899	0.03344	0.01584	0.00645	0.00205	0.00293	0.01438	0.00469	0.00411
62	0.00735	0.00490	0.00552	0.00552	0.00552	0.00490	0.00306	0.00735	0.00735	0.00980	0.01593	0.03309	0.01838	0.82229	0.02574	0.00490	0.00490	0.00735	0.00306	0.00306
63	0.01483	0.45059	0.17565	0.01037	0.01507	0.09964	0.01061	0.03149	0.01163	0.12393	0.00945	0.01009	0.00737	0.00482	0.00399	0.00128	0.00606	0.00334	0.00284	0.00696
64	0.00688	0.00512	0.00616	0.00592	0.00708	0.00466	0.00429	0.00864	0.01261	0.01708	0.48797	0.03993	0.23538	0.12596	0.00877	0.00209	0.00279	0.00929	0.00499	0.00440
65	0.01270	0.01227	0.01879	0.05373	0.62181	0.04590	0.01416	0.01724	0.12064	0.01688	0.01099	0.01330	0.00895	0.00489	0.00501	0.00153	0.00588	0.00462	0.00287	0.00784
66	0.01585	0.10042	0.02932	0.01086	0.01422	0.12568	0.00891	0.32417	0.20129	0.03295	0.01426	0.07478	0.01164	0.00668	0.00492	0.00153	0.00549	0.00520	0.00436	0.00748
67	0.50431	0.01342	0.01041	0.00897	0.01217	0.16413	0.00719	0.16462	0.03880	0.02245	0.00864	0.00952	0.00662	0.00514	0.00385	0.00151	0.00524	0.00329	0.00347	0.00625
68	0.16576	0.01343	0.01442	0.01353	0.12433	0.04936	0.00968	0.47759	0.04091	0.02690	0.01092	0.01156	0.00807	0.00559	0.00469	0.00152	0.00545	0.00420	0.00425	0.00783
69	0.24942	0.01003	0.01340	0.12337	0.25311	0.01109	0.01028	0.09066	0.01115	0.01848	0.00972	0.01269	0.00800	0.01068	0.14487	0.00271	0.00680	0.00417	0.00294	0.00642
70	0.07499	0.01323	0.01552	0.03697	0.15830	0.01450	0.01049	0.53964	0.04206	0.02758	0.01146	0.01217	0.00842	0.00568	0.00492	0.00153	0.00552	0.00445	0.00438	0.00818
71	0.01130	0.00991	0.01521	0.58943	0.08058	0.01179	0.01314	0.14013	0.01256	0.01642	0.01034	0.01514	0.00813	0.00559	0.00514	0.00167	0.00640	0.03804	0.00284	0.00623
72	0.04770	0.00922	0.00926	0.14138	0.01391	0.11258	0.00699	0.01188	0.01152	0.04764	0.02838	0.02920	0.35301	0.00861	0.00518	0.00152	0.00450	0.02859	0.00376	0.12518

[dist]
# distance from previous block
# <min> <max>
0	2

# created by:
# /st0/software/busco_prod/Augustus/scripts/msa2prfl.pl ./align_prep/59768.fa
