[name]
unknown

[dist]
# distance from previous block
# <min> <max>
0	339

[block]
# block no. 0 follows, 50 sequences, length 67
# corresponding to MSA columns:
# 378-444
name=unknown_A
#
# <colnr> <probs for GDERKNQSTAVLIFYWHMCP>
#	G	D	E	R	K	N	Q	S	T	A	V	L	I	F	Y	W	H	M	C	P
0	0.01312	0.00931	0.01077	0.00939	0.02891	0.00962	0.00732	0.19356	0.19423	0.10838	0.17418	0.02402	0.06831	0.00772	0.00526	0.00156	0.00399	0.05293	0.00498	0.07245
1	0.01883	0.01536	0.03115	0.01128	0.01493	0.20325	0.00924	0.41798	0.01882	0.15579	0.01244	0.01302	0.00902	0.00591	0.00488	0.00146	0.00610	0.02098	0.00449	0.02506
2	0.02108	0.00968	0.01220	0.00945	0.01327	0.00921	0.00778	0.16969	0.06418	0.60091	0.01822	0.01610	0.01177	0.00617	0.00501	0.00154	0.00446	0.00495	0.00587	0.00844
3	0.01203	0.00837	0.01266	0.21877	0.16775	0.00868	0.01022	0.01502	0.04249	0.17209	0.06528	0.02553	0.08092	0.00760	0.00543	0.00170	0.00497	0.13018	0.00397	0.00636
4	0.01087	0.23698	0.59549	0.01271	0.01926	0.01372	0.01581	0.01556	0.01042	0.01472	0.00841	0.00986	0.00634	0.00461	0.00433	0.00144	0.00683	0.00342	0.00211	0.00711
5	0.06670	0.01013	0.01104	0.00945	0.01203	0.01101	0.00741	0.42296	0.05071	0.02385	0.01733	0.28546	0.01692	0.00918	0.00531	0.00168	0.00438	0.00770	0.02007	0.00669
6	0.00607	0.00434	0.00578	0.00694	0.00723	0.00405	0.00463	0.00694	0.00954	0.01272	0.02747	0.82157	0.03297	0.01562	0.00636	0.00202	0.00289	0.01417	0.00463	0.00405
7	0.01446	0.01219	0.01743	0.01347	0.01682	0.01315	0.20614	0.38618	0.03543	0.02280	0.01315	0.11751	0.01139	0.00707	0.00654	0.00169	0.08730	0.00612	0.00403	0.00713
8	0.01109	0.01189	0.02285	0.01724	0.02041	0.01263	0.47059	0.01455	0.04098	0.01480	0.01093	0.07897	0.00966	0.00649	0.00879	0.00185	0.23127	0.00613	0.00270	0.00620
9	0.02236	0.00848	0.01157	0.00887	0.01272	0.00733	0.00733	0.02429	0.01427	0.79719	0.01966	0.01697	0.01234	0.00617	0.00501	0.00154	0.00424	0.00501	0.00617	0.00848
10	0.00628	0.00449	0.00602	0.00714	0.00753	0.00423	0.00496	0.00732	0.00984	0.01311	0.04582	0.72929	0.03290	0.01531	0.00640	0.00204	0.00304	0.08553	0.00464	0.00412
11	0.01508	0.01596	0.01995	0.04525	0.09900	0.23467	0.26133	0.16972	0.02738	0.01786	0.00972	0.01177	0.00752	0.00509	0.00557	0.00153	0.03810	0.00460	0.00304	0.00686
12	0.01659	0.01571	0.01257	0.01067	0.01350	0.32436	0.00834	0.28824	0.01714	0.04830	0.11207	0.01480	0.01317	0.00619	0.00478	0.00140	0.00615	0.00460	0.07481	0.00660
13	0.01381	0.01586	0.01490	0.37590	0.06957	0.37124	0.01191	0.01611	0.01185	0.01267	0.00828	0.01120	0.00661	0.00515	0.00516	0.00150	0.03622	0.00387	0.00239	0.00578
14	0.00624	0.00496	0.00518	0.00523	0.00643	0.00436	0.00363	0.00717	0.01024	0.01247	0.04071	0.07776	0.56333	0.21787	0.01083	0.00249	0.00312	0.00985	0.00422	0.00390
15	0.00599	0.00484	0.00533	0.00566	0.00691	0.00418	0.00407	0.00718	0.01093	0.01349	0.07167	0.27660	0.53893	0.01342	0.00603	0.00178	0.00263	0.01154	0.00466	0.00418
16	0.01034	0.00886	0.01034	0.00738	0.01181	0.00664	0.00591	0.01255	0.01034	0.01624	0.00886	0.01034	0.00738	0.00369	0.00369	0.00074	0.00369	0.00295	0.00295	0.85530
17	0.01862	0.02376	0.01413	0.01284	0.01541	0.80482	0.00963	0.01990	0.01413	0.01220	0.00770	0.00899	0.00642	0.00514	0.00449	0.00128	0.00899	0.00321	0.00257	0.00578
18	0.01008	0.01075	0.02242	0.01684	0.02048	0.01007	0.54737	0.01329	0.01111	0.01501	0.01523	0.25270	0.01508	0.00758	0.00602	0.00178	0.00677	0.00834	0.00314	0.00593
19	0.01000	0.02578	0.79900	0.01421	0.02157	0.01158	0.01842	0.01579	0.01052	0.01579	0.00895	0.01052	0.00631	0.00474	0.00474	0.00158	0.00737	0.00368	0.00210	0.00737
20	0.00715	0.00521	0.00734	0.00734	0.00800	0.00587	0.00539	0.00847	0.00781	0.01107	0.01396	0.02298	0.01394	0.24271	0.60177	0.00718	0.01113	0.00584	0.00276	0.00408
21	0.00611	0.00437	0.00586	0.00698	0.00729	0.00412	0.00468	0.00701	0.00949	0.01268	0.02698	0.79358	0.03225	0.01638	0.03424	0.00223	0.00326	0.01386	0.00456	0.00406
22	0.00607	0.00434	0.00578	0.00694	0.00723	0.00405	0.00463	0.00694	0.00954	0.01272	0.02747	0.82157	0.03297	0.01562	0.00636	0.00202	0.00289	0.01417	0.00463	0.00405
23	0.01176	0.01345	0.02941	0.02101	0.02605	0.01261	0.77563	0.01597	0.01176	0.01597	0.01008	0.01345	0.00756	0.00420	0.00588	0.00168	0.00840	0.00588	0.00252	0.00672
24	0.86003	0.00964	0.00733	0.00655	0.00964	0.01118	0.00540	0.01465	0.00848	0.02236	0.00694	0.00810	0.00540	0.00463	0.00308	0.00154	0.00386	0.00270	0.00308	0.00540
25	0.01895	0.01396	0.01496	0.01147	0.01546	0.01546	0.00947	0.77711	0.02344	0.03141	0.01197	0.01197	0.00848	0.00598	0.00499	0.00150	0.00548	0.00449	0.00499	0.00848
26	0.00598	0.00505	0.00517	0.00514	0.00679	0.00424	0.00385	0.00732	0.01156	0.01395	0.10506	0.04718	0.73684	0.01244	0.00589	0.00167	0.00251	0.01041	0.00469	0.00424
27	0.00613	0.00450	0.00578	0.00678	0.00730	0.00414	0.00466	0.00712	0.00988	0.01292	0.03062	0.68094	0.13804	0.01512	0.00632	0.00199	0.00291	0.04613	0.00463	0.00409
28	0.01333	0.71590	0.10358	0.00911	0.01368	0.01843	0.00948	0.01537	0.01032	0.04182	0.00761	0.00859	0.00661	0.00438	0.00342	0.00114	0.00549	0.00286	0.00228	0.00657
29	0.01756	0.01327	0.01418	0.01119	0.01493	0.01481	0.00914	0.61833	0.18448	0.02918	0.01373	0.01337	0.00990	0.00615	0.00500	0.00154	0.00516	0.00473	0.00500	0.00835
30	0.02111	0.00907	0.01368	0.01031	0.01431	0.00795	0.09848	0.02330	0.01397	0.70450	0.01853	0.01655	0.01177	0.00594	0.00512	0.00156	0.00474	0.00512	0.00574	0.00827
31	0.01105	0.00598	0.00794	0.00695	0.00883	0.00539	0.00539	0.01329	0.01415	0.22298	0.58961	0.03194	0.03797	0.00914	0.00565	0.00156	0.00285	0.00797	0.00567	0.00569
32	0.01094	0.19673	0.53281	0.01387	0.02027	0.01346	0.11460	0.01562	0.01060	0.01494	0.00866	0.01036	0.00649	0.00456	0.00455	0.00148	0.00706	0.00375	0.00216	0.00707
33	0.01226	0.01322	0.01500	0.11687	0.01631	0.17323	0.01103	0.01368	0.00924	0.01213	0.00708	0.01083	0.00653	0.00752	0.01250	0.00193	0.54871	0.00414	0.00226	0.00553
34	0.00615	0.00439	0.00585	0.00689	0.00725	0.00410	0.00463	0.00712	0.00988	0.01326	0.08373	0.76379	0.03400	0.01522	0.00633	0.00199	0.00285	0.01379	0.00469	0.00410
35	0.00654	0.00480	0.00624	0.00721	0.00793	0.00450	0.00535	0.00783	0.01032	0.01339	0.03083	0.50628	0.15156	0.01468	0.00642	0.00204	0.00326	0.20199	0.00462	0.00421
36	0.01091	0.01091	0.01527	0.01309	0.01309	0.01527	0.01091	0.01200	0.00763	0.01200	0.00654	0.01091	0.00654	0.00872	0.01636	0.00218	0.81570	0.00436	0.00218	0.00545
37	0.00941	0.00886	0.01495	0.81285	0.03433	0.01107	0.01384	0.01274	0.00997	0.01274	0.00886	0.01329	0.00664	0.00498	0.00498	0.00166	0.00664	0.00443	0.00221	0.00554
38	0.00607	0.00434	0.00578	0.00694	0.00723	0.00405	0.00463	0.00694	0.00954	0.01272	0.02747	0.82157	0.03297	0.01562	0.00636	0.00202	0.00289	0.01417	0.00463	0.00405
39	0.01094	0.01042	0.01772	0.40321	0.43201	0.01148	0.01460	0.01408	0.01069	0.01459	0.00913	0.01279	0.00730	0.00470	0.00496	0.00157	0.00627	0.00444	0.00235	0.00677
40	0.86003	0.00964	0.00733	0.00655	0.00964	0.01118	0.00540	0.01465	0.00848	0.02236	0.00694	0.00810	0.00540	0.00463	0.00308	0.00154	0.00386	0.00270	0.00308	0.00540
41	0.00607	0.00434	0.00578	0.00694	0.00723	0.00405	0.00463	0.00694	0.00954	0.01272	0.02747	0.82157	0.03297	0.01562	0.00636	0.00202	0.00289	0.01417	0.00463	0.00405
42	0.00929	0.00465	0.00465	0.00465	0.00581	0.00465	0.00348	0.01161	0.01045	0.01858	0.01626	0.01858	0.01278	0.00581	0.00348	0.00116	0.00232	0.00465	0.85250	0.00465
43	0.01333	0.82783	0.02612	0.00853	0.01279	0.01972	0.00853	0.01493	0.01013	0.01173	0.00693	0.00800	0.00640	0.00426	0.00320	0.00107	0.00533	0.00267	0.00213	0.00640
44	0.01814	0.02276	0.01391	0.01263	0.01522	0.74427	0.00950	0.02041	0.07301	0.01286	0.00867	0.00972	0.00709	0.00526	0.00454	0.00132	0.00860	0.00340	0.00276	0.00594
45	0.00705	0.00510	0.00666	0.00627	0.00745	0.00470	0.00470	0.00941	0.01411	0.01999	0.79110	0.03723	0.04703	0.01019	0.00588	0.00157	0.00235	0.00901	0.00549	0.00470
46	0.01243	0.61243	0.23369	0.01005	0.01515	0.01753	0.01118	0.01516	0.01023	0.01282	0.00747	0.00867	0.00637	0.00439	0.00361	0.00120	0.00588	0.00294	0.00212	0.00666
47	0.01630	0.01103	0.01197	0.01007	0.01333	0.04136	0.00802	0.12879	0.43743	0.23715	0.01850	0.01687	0.01316	0.00643	0.00502	0.00161	0.00443	0.00521	0.00527	0.00805
48	0.12208	0.01269	0.04087	0.01037	0.01424	0.01316	0.00878	0.51404	0.01941	0.14474	0.04185	0.01315	0.01006	0.00596	0.00478	0.00151	0.00505	0.00449	0.00485	0.00792
49	0.01034	0.00886	0.01034	0.00738	0.01181	0.00664	0.00591	0.01255	0.01034	0.01624	0.00886	0.01034	0.00738	0.00369	0.00369	0.00074	0.00369	0.00295	0.00295	0.85530
50	0.01000	0.02578	0.79900	0.01421	0.02157	0.01158	0.01842	0.01579	0.01052	0.01579	0.00895	0.01052	0.00631	0.00474	0.00474	0.00158	0.00737	0.00368	0.00210	0.00737
51	0.01248	0.01108	0.01408	0.02554	0.01515	0.03890	0.12257	0.03526	0.38446	0.04964	0.01497	0.01510	0.01134	0.00555	0.00503	0.00145	0.01855	0.00486	0.00404	0.20996
52	0.00725	0.00483	0.00544	0.00544	0.00544	0.00483	0.00302	0.00725	0.00725	0.00966	0.01571	0.03262	0.01812	0.82483	0.02537	0.00483	0.00483	0.00725	0.00302	0.00302
53	0.01404	0.01218	0.01508	0.01241	0.01410	0.04889	0.03696	0.23887	0.03407	0.04942	0.00948	0.01231	0.00795	0.03112	0.01162	0.00196	0.43518	0.00455	0.00330	0.00652
54	0.01333	0.82783	0.02612	0.00853	0.01279	0.01972	0.00853	0.01493	0.01013	0.01173	0.00693	0.00800	0.00640	0.00426	0.00320	0.00107	0.00533	0.00267	0.00213	0.00640
55	0.00671	0.00531	0.00699	0.00737	0.00802	0.00559	0.00538	0.00785	0.00943	0.01258	0.02736	0.43441	0.17881	0.01848	0.15921	0.00311	0.08428	0.01080	0.00402	0.00429
56	0.01000	0.02578	0.79900	0.01421	0.02157	0.01158	0.01842	0.01579	0.01052	0.01579	0.00895	0.01052	0.00631	0.00474	0.00474	0.00158	0.00737	0.00368	0.00210	0.00737
57	0.00832	0.00551	0.00722	0.00710	0.00852	0.00512	0.00568	0.01052	0.01316	0.07529	0.46211	0.04175	0.11250	0.01107	0.00608	0.00177	0.00309	0.20507	0.00522	0.00490
58	0.00929	0.00465	0.00465	0.00465	0.00581	0.00465	0.00348	0.01161	0.01045	0.01858	0.01626	0.01858	0.01278	0.00581	0.00348	0.00116	0.00232	0.00465	0.85250	0.00465
59	0.00743	0.00516	0.00661	0.00727	0.00781	0.00512	0.00542	0.00854	0.00940	0.01237	0.02196	0.15084	0.02475	0.36145	0.01473	0.00334	0.00446	0.33557	0.00392	0.00384
60	0.01895	0.01396	0.01496	0.01147	0.01546	0.01546	0.00947	0.77711	0.02344	0.03141	0.01197	0.01197	0.00848	0.00598	0.00499	0.00150	0.00548	0.00449	0.00499	0.00848
61	0.00634	0.00453	0.00610	0.00725	0.00766	0.00428	0.00510	0.00741	0.00981	0.01303	0.02732	0.71539	0.03237	0.01536	0.00643	0.00206	0.00313	0.11767	0.00462	0.00412
62	0.04390	0.00967	0.01603	0.57656	0.23170	0.01128	0.01389	0.01348	0.01027	0.01404	0.00892	0.01283	0.00692	0.00483	0.00490	0.00161	0.00635	0.00436	0.00232	0.00615
63	0.06434	0.01036	0.01909	0.01459	0.01804	0.00999	0.39945	0.07002	0.01225	0.06093	0.06183	0.17839	0.01599	0.00746	0.00572	0.00173	0.00606	0.03400	0.00362	0.00613
64	0.01054	0.00951	0.01305	0.00932	0.01384	0.00749	0.11561	0.01304	0.01054	0.01620	0.00903	0.01078	0.00741	0.00376	0.00400	0.00087	0.00436	0.00337	0.00289	0.73435
65	0.01561	0.01767	0.01251	0.01138	0.01391	0.46737	0.00871	0.05629	0.20487	0.01576	0.04459	0.01661	0.03827	0.00652	0.00490	0.00148	0.00684	0.04686	0.00360	0.00627
66	0.01492	0.01563	0.22191	0.01372	0.01863	0.03454	0.18958	0.12708	0.10310	0.18995	0.01327	0.01371	0.00927	0.00535	0.00513	0.00159	0.00631	0.00481	0.00386	0.00763

[dist]
# distance from previous block
# <min> <max>
2	17

[block]
# block no. 1 follows, 50 sequences, length 7
# corresponding to MSA columns:
# 462-468
name=unknown_B
#
# <colnr> <probs for GDERKNQSTAVLIFYWHMCP>
#	G	D	E	R	K	N	Q	S	T	A	V	L	I	F	Y	W	H	M	C	P
0	0.00904	0.00780	0.00944	0.00918	0.01062	0.05331	0.05829	0.03847	0.17027	0.01535	0.02308	0.48241	0.02497	0.01198	0.00594	0.00189	0.00402	0.05419	0.00447	0.00530
1	0.00715	0.00565	0.00829	0.20893	0.01408	0.00597	0.00696	0.00898	0.01074	0.01446	0.20528	0.43140	0.02972	0.01165	0.00590	0.00182	0.00370	0.01049	0.00423	0.00458
2	0.00882	0.00792	0.01287	0.61053	0.02759	0.00948	0.01155	0.01190	0.01101	0.01455	0.20508	0.01930	0.01678	0.00629	0.00521	0.00164	0.00557	0.00558	0.00304	0.00533
3	0.00676	0.00508	0.00626	0.00596	0.00727	0.00458	0.00447	0.00884	0.01342	0.01835	0.60533	0.03993	0.23383	0.01080	0.00588	0.00160	0.00239	0.00939	0.00527	0.00458
4	0.00967	0.00912	0.01542	0.74389	0.10127	0.01114	0.01397	0.01296	0.01009	0.01305	0.00890	0.01321	0.00675	0.00494	0.00498	0.00165	0.00658	0.00443	0.00224	0.00574
5	0.01072	0.01019	0.01731	0.46282	0.37413	0.01142	0.01449	0.01388	0.01059	0.01432	0.00909	0.01286	0.00720	0.00474	0.00496	0.00158	0.00632	0.00443	0.00233	0.00659
6	0.01961	0.00944	0.01174	0.00938	0.01298	0.00920	0.00763	0.08012	0.20820	0.54622	0.01926	0.01701	0.01278	0.00630	0.00503	0.00158	0.00426	0.00513	0.00581	0.00833

[dist]
# distance from previous block
# <min> <max>
3	8

[block]
# block no. 2 follows, 50 sequences, length 14
# corresponding to MSA columns:
# 477-490
name=unknown_C
#
# <colnr> <probs for GDERKNQSTAVLIFYWHMCP>
#	G	D	E	R	K	N	Q	S	T	A	V	L	I	F	Y	W	H	M	C	P
0	0.04535	0.51970	0.17853	0.00968	0.01404	0.01644	0.01017	0.03641	0.01022	0.01340	0.00804	0.01038	0.00718	0.05867	0.00562	0.00150	0.04271	0.00330	0.00231	0.00635
1	0.01801	0.00850	0.01205	0.00977	0.01308	0.00781	0.05805	0.05095	0.04404	0.51615	0.05267	0.02426	0.01629	0.00754	0.00543	0.00169	0.00453	0.13614	0.00554	0.00751
2	0.01034	0.00886	0.01034	0.00738	0.01181	0.00664	0.00591	0.01255	0.01034	0.01624	0.00886	0.01034	0.00738	0.00369	0.00369	0.00074	0.00369	0.00295	0.00295	0.85530
3	0.00701	0.00485	0.00602	0.00630	0.00654	0.00493	0.00405	0.00756	0.00799	0.01078	0.01808	0.19251	0.02058	0.50145	0.14999	0.00470	0.00584	0.03394	0.00334	0.00352
4	0.01176	0.01345	0.02941	0.02101	0.02605	0.01261	0.77563	0.01597	0.01176	0.01597	0.01008	0.01345	0.00756	0.00420	0.00588	0.00168	0.00840	0.00588	0.00252	0.00672
5	0.00665	0.00475	0.00645	0.00760	0.00814	0.00455	0.00563	0.00794	0.01011	0.01337	0.02715	0.59542	0.03170	0.01507	0.00652	0.00210	0.00339	0.23461	0.00462	0.00421
6	0.00941	0.00886	0.01495	0.81285	0.03433	0.01107	0.01384	0.01274	0.00997	0.01274	0.00886	0.01329	0.00664	0.00498	0.00498	0.00166	0.00664	0.00443	0.00221	0.00554
7	0.00712	0.00534	0.00801	0.00801	0.00890	0.00623	0.00623	0.00890	0.00801	0.01157	0.01335	0.01958	0.01246	0.03738	0.80507	0.00801	0.01335	0.00534	0.00267	0.00445
8	0.00603	0.00482	0.00540	0.00575	0.00694	0.00419	0.00412	0.00723	0.01095	0.01365	0.09177	0.29964	0.49513	0.01344	0.00604	0.00179	0.00263	0.01161	0.00468	0.00419
9	0.86003	0.00964	0.00733	0.00655	0.00964	0.01118	0.00540	0.01465	0.00848	0.02236	0.00694	0.00810	0.00540	0.00463	0.00308	0.00154	0.00386	0.00270	0.00308	0.00540
10	0.01333	0.01568	0.02433	0.01826	0.02220	0.20385	0.51542	0.01652	0.01193	0.01467	0.00916	0.01212	0.00719	0.00487	0.00658	0.00163	0.08830	0.00509	0.00250	0.00637
11	0.01034	0.00886	0.01034	0.00738	0.01181	0.00664	0.00591	0.01255	0.01034	0.01624	0.00886	0.01034	0.00738	0.00369	0.00369	0.00074	0.00369	0.00295	0.00295	0.85530
12	0.01000	0.02578	0.79900	0.01421	0.02157	0.01158	0.01842	0.01579	0.01052	0.01579	0.00895	0.01052	0.00631	0.00474	0.00474	0.00158	0.00737	0.00368	0.00210	0.00737
13	0.00691	0.00484	0.00614	0.00648	0.00740	0.00440	0.00460	0.00835	0.01147	0.04154	0.27694	0.41455	0.16174	0.01306	0.00608	0.00180	0.00270	0.01160	0.00496	0.00443

[dist]
# distance from previous block
# <min> <max>
1	2

[block]
# block no. 3 follows, 50 sequences, length 55
# corresponding to MSA columns:
# 493-547
name=unknown_D
#
# <colnr> <probs for GDERKNQSTAVLIFYWHMCP>
#	G	D	E	R	K	N	Q	S	T	A	V	L	I	F	Y	W	H	M	C	P
0	0.01156	0.00953	0.01698	0.48342	0.02798	0.01050	0.16943	0.01480	0.01103	0.12012	0.01183	0.01687	0.00917	0.00561	0.00531	0.00169	0.00653	0.05855	0.00298	0.00611
1	0.01372	0.01185	0.01470	0.23581	0.12577	0.04699	0.01108	0.23759	0.21201	0.02066	0.01269	0.01395	0.00952	0.00566	0.00498	0.00158	0.00562	0.00470	0.00379	0.00732
2	0.00941	0.00886	0.01495	0.81285	0.03433	0.01107	0.01384	0.01274	0.00997	0.01274	0.00886	0.01329	0.00664	0.00498	0.00498	0.00166	0.00664	0.00443	0.00221	0.00554
3	0.01034	0.00886	0.01034	0.00738	0.01181	0.00664	0.00591	0.01255	0.01034	0.01624	0.00886	0.01034	0.00738	0.00369	0.00369	0.00074	0.00369	0.00295	0.00295	0.85530
4	0.01240	0.01071	0.01127	0.01014	0.01296	0.01240	0.00789	0.02649	0.78473	0.02085	0.02029	0.01860	0.01522	0.00676	0.00507	0.00169	0.00394	0.00564	0.00507	0.00789
5	0.00607	0.00434	0.00578	0.00694	0.00723	0.00405	0.00463	0.00694	0.00954	0.01272	0.02747	0.82157	0.03297	0.01562	0.00636	0.00202	0.00289	0.01417	0.00463	0.00405
6	0.00699	0.00509	0.00658	0.00621	0.00741	0.00468	0.00465	0.00929	0.01396	0.01964	0.75144	0.03781	0.08691	0.01032	0.00588	0.00157	0.00236	0.00909	0.00544	0.00468
7	0.00941	0.00886	0.01495	0.81285	0.03433	0.01107	0.01384	0.01274	0.00997	0.01274	0.00886	0.01329	0.00664	0.00498	0.00498	0.00166	0.00664	0.00443	0.00221	0.00554
8	0.01941	0.01322	0.01450	0.01112	0.01509	0.01435	0.00918	0.67485	0.02219	0.13544	0.01301	0.01265	0.00900	0.00601	0.00499	0.00150	0.00532	0.00456	0.00515	0.00848
9	0.01627	0.01138	0.01210	0.00958	0.01278	0.01246	0.00781	0.56503	0.01984	0.02786	0.01316	0.01380	0.00967	0.00593	0.00457	0.00140	0.00461	0.00453	0.23979	0.00742
10	0.00674	0.00494	0.00621	0.00697	0.00774	0.00466	0.00518	0.00796	0.01014	0.01307	0.03027	0.34466	0.18444	0.12442	0.00899	0.00241	0.00355	0.21917	0.00440	0.00409
11	0.01333	0.82783	0.02612	0.00853	0.01279	0.01972	0.00853	0.01493	0.01013	0.01173	0.00693	0.00800	0.00640	0.00426	0.00320	0.00107	0.00533	0.00267	0.00213	0.00640
12	0.00711	0.00495	0.00532	0.00522	0.00664	0.00445	0.00392	0.00892	0.01176	0.01642	0.21518	0.03730	0.40079	0.01016	0.00522	0.00151	0.00243	0.00854	0.23973	0.00445
13	0.21887	0.00953	0.01105	0.00869	0.01238	0.00938	0.00718	0.12834	0.01420	0.50683	0.01559	0.01417	0.01016	0.00578	0.00456	0.00154	0.00433	0.00439	0.00528	0.00776
14	0.00929	0.00465	0.00465	0.00465	0.00581	0.00465	0.00348	0.01161	0.01045	0.01858	0.01626	0.01858	0.01278	0.00581	0.00348	0.00116	0.00232	0.00465	0.85250	0.00465
15	0.01343	0.01122	0.01185	0.01035	0.01335	0.01288	0.00814	0.14461	0.66492	0.02251	0.01898	0.01755	0.01416	0.00664	0.00506	0.00166	0.00419	0.00545	0.00506	0.00798
16	0.01539	0.01402	0.01245	0.00987	0.01364	0.22967	0.00780	0.17496	0.01443	0.08092	0.01005	0.01083	0.00774	0.00477	0.00429	0.00111	0.00558	0.00351	0.00353	0.37545
17	0.24756	0.01045	0.01123	0.00977	0.01206	0.01251	0.00788	0.10100	0.25484	0.03947	0.01291	0.05169	0.01058	0.00694	0.00712	0.00175	0.18703	0.00480	0.00387	0.00654
18	0.00644	0.00507	0.00581	0.00562	0.00707	0.00444	0.00422	0.00821	0.01265	0.01654	0.39912	0.04292	0.44117	0.01148	0.00589	0.00163	0.00244	0.00981	0.00503	0.00444
19	0.00623	0.00463	0.00555	0.00618	0.00702	0.00417	0.00431	0.00739	0.01047	0.01371	0.08369	0.48354	0.27679	0.01383	0.00604	0.00184	0.00271	0.01220	0.04552	0.00417
20	0.01194	0.49367	0.34812	0.01089	0.01645	0.01633	0.01265	0.01528	0.01029	0.01342	0.00777	0.00905	0.00636	0.00446	0.00384	0.00128	0.00618	0.00309	0.00212	0.00680
21	0.00725	0.00483	0.00544	0.00544	0.00544	0.00483	0.00302	0.00725	0.00725	0.00966	0.01571	0.03262	0.01812	0.82483	0.02537	0.00483	0.00483	0.00725	0.00302	0.00302
22	0.00607	0.00434	0.00578	0.00694	0.00723	0.00405	0.00463	0.00694	0.00954	0.01272	0.02747	0.82157	0.03297	0.01562	0.00636	0.00202	0.00289	0.01417	0.00463	0.00405
23	0.01296	0.01131	0.01156	0.01030	0.01318	0.03816	0.00803	0.06737	0.71816	0.02115	0.01943	0.01792	0.01456	0.00667	0.00505	0.00167	0.00419	0.00549	0.00499	0.00785
24	0.01000	0.02578	0.79900	0.01421	0.02157	0.01158	0.01842	0.01579	0.01052	0.01579	0.00895	0.01052	0.00631	0.00474	0.00474	0.00158	0.00737	0.00368	0.00210	0.00737
25	0.00742	0.00530	0.00733	0.00848	0.00936	0.00521	0.00696	0.00926	0.01087	0.01423	0.02673	0.29636	0.03003	0.01435	0.00672	0.00221	0.00406	0.52612	0.00460	0.00442
26	0.86003	0.00964	0.00733	0.00655	0.00964	0.01118	0.00540	0.01465	0.00848	0.02236	0.00694	0.00810	0.00540	0.00463	0.00308	0.00154	0.00386	0.00270	0.00308	0.00540
27	0.00817	0.00475	0.00508	0.00508	0.00560	0.00475	0.00323	0.00921	0.00869	0.01367	0.01595	0.02631	0.01572	0.45660	0.01553	0.00318	0.00370	0.00608	0.38494	0.00375
28	0.00953	0.00908	0.01565	0.77471	0.03393	0.01115	0.05054	0.01289	0.01005	0.01289	0.00892	0.01330	0.00669	0.00495	0.00503	0.00166	0.00673	0.00450	0.00223	0.00559
29	0.00637	0.00472	0.00639	0.00712	0.00775	0.00438	0.01991	0.00755	0.01026	0.01363	0.09752	0.62627	0.09863	0.01455	0.00630	0.00196	0.00301	0.05483	0.00466	0.00420
30	0.01178	0.42793	0.37331	0.01214	0.05436	0.01568	0.01330	0.01533	0.01036	0.01377	0.00795	0.00934	0.00643	0.00448	0.00397	0.00132	0.00627	0.00321	0.00214	0.00690
31	0.00724	0.00488	0.00565	0.00565	0.00573	0.00495	0.00329	0.00739	0.00731	0.00983	0.01551	0.03151	0.01764	0.75800	0.09154	0.00510	0.00556	0.00709	0.00299	0.00314
32	0.01000	0.02578	0.79900	0.01421	0.02157	0.01158	0.01842	0.01579	0.01052	0.01579	0.00895	0.01052	0.00631	0.00474	0.00474	0.00158	0.00737	0.00368	0.00210	0.00737
33	0.00712	0.00534	0.00801	0.00801	0.00890	0.00623	0.00623	0.00890	0.00801	0.01157	0.01335	0.01958	0.01246	0.03738	0.80507	0.00801	0.01335	0.00534	0.00267	0.00445
34	0.01009	0.00756	0.00872	0.00759	0.00987	0.00748	0.03014	0.13236	0.10617	0.06037	0.14756	0.04710	0.35563	0.00971	0.00552	0.00162	0.00341	0.00817	0.03521	0.00572
35	0.01637	0.01112	0.01169	0.00969	0.01287	0.07290	0.00774	0.19938	0.22678	0.23710	0.06257	0.01922	0.07610	0.00695	0.00510	0.00156	0.00458	0.00558	0.00515	0.00755
36	0.01144	0.01124	0.02008	0.24677	0.47213	0.01174	0.12424	0.01468	0.01102	0.01525	0.00933	0.01276	0.00750	0.00456	0.00508	0.00156	0.00648	0.00465	0.00240	0.00707
37	0.86003	0.00964	0.00733	0.00655	0.00964	0.01118	0.00540	0.01465	0.00848	0.02236	0.00694	0.00810	0.00540	0.00463	0.00308	0.00154	0.00386	0.00270	0.00308	0.00540
38	0.00713	0.00531	0.00786	0.00786	0.00870	0.00615	0.00605	0.00881	0.00797	0.01146	0.01349	0.02033	0.01279	0.08253	0.76037	0.00783	0.01286	0.00545	0.00269	0.00437
39	0.00751	0.00544	0.00738	0.00843	0.00948	0.00531	0.00707	0.00947	0.01114	0.01442	0.02878	0.18416	0.09911	0.01398	0.00671	0.00219	0.00412	0.56626	0.00460	0.00446
40	0.00725	0.00483	0.00544	0.00544	0.00544	0.00483	0.00302	0.00725	0.00725	0.00966	0.01571	0.03262	0.01812	0.82483	0.02537	0.00483	0.00483	0.00725	0.00302	0.00302
41	0.00941	0.00886	0.01495	0.81285	0.03433	0.01107	0.01384	0.01274	0.00997	0.01274	0.00886	0.01329	0.00664	0.00498	0.00498	0.00166	0.00664	0.00443	0.00221	0.00554
42	0.01234	0.01184	0.02023	0.03059	0.79373	0.01184	0.01530	0.01530	0.01135	0.01628	0.00938	0.01234	0.00790	0.00444	0.00493	0.00148	0.00592	0.00444	0.00247	0.00790
43	0.86003	0.00964	0.00733	0.00655	0.00964	0.01118	0.00540	0.01465	0.00848	0.02236	0.00694	0.00810	0.00540	0.00463	0.00308	0.00154	0.00386	0.00270	0.00308	0.00540
44	0.00941	0.00886	0.01495	0.81285	0.03433	0.01107	0.01384	0.01274	0.00997	0.01274	0.00886	0.01329	0.00664	0.00498	0.00498	0.00166	0.00664	0.00443	0.00221	0.00554
45	0.00803	0.00574	0.00803	0.00918	0.01033	0.00574	0.00803	0.01033	0.01147	0.01492	0.02639	0.05622	0.02869	0.01377	0.00688	0.00229	0.00459	0.76018	0.00459	0.00459
46	0.01234	0.01184	0.02023	0.03059	0.79373	0.01184	0.01530	0.01530	0.01135	0.01628	0.00938	0.01234	0.00790	0.00444	0.00493	0.00148	0.00592	0.00444	0.00247	0.00790
47	0.00597	0.00505	0.00515	0.00513	0.00678	0.00424	0.00385	0.00730	0.01154	0.01389	0.09836	0.04728	0.74358	0.01247	0.00589	0.00168	0.00251	0.01042	0.00468	0.00424
48	0.01292	0.01097	0.01157	0.01025	0.01316	0.01264	0.00802	0.08660	0.72376	0.02170	0.01962	0.01807	0.01468	0.00670	0.00506	0.00168	0.00407	0.00554	0.00506	0.00794
49	0.00705	0.00510	0.00666	0.00627	0.00745	0.00470	0.00470	0.00941	0.01411	0.01999	0.79110	0.03723	0.04703	0.01019	0.00588	0.00157	0.00235	0.00901	0.00549	0.00470
50	0.01944	0.01317	0.01447	0.01109	0.01506	0.01429	0.00917	0.66885	0.02212	0.14154	0.01307	0.01269	0.00903	0.00601	0.00499	0.00150	0.00531	0.00456	0.00516	0.00848
51	0.01234	0.01184	0.02023	0.03059	0.79373	0.01184	0.01530	0.01530	0.01135	0.01628	0.00938	0.01234	0.00790	0.00444	0.00493	0.00148	0.00592	0.00444	0.00247	0.00790
52	0.00597	0.00485	0.00530	0.00561	0.00689	0.00418	0.00404	0.00715	0.01093	0.01343	0.06385	0.26201	0.56166	0.01339	0.00602	0.00177	0.00262	0.01149	0.00465	0.00418
53	0.00709	0.00544	0.00679	0.00797	0.07825	0.00513	0.00474	0.00797	0.00947	0.01230	0.05314	0.19895	0.23556	0.32964	0.01351	0.00296	0.00381	0.00939	0.00383	0.00406
54	0.01294	0.01155	0.01941	0.02857	0.72236	0.01141	0.01453	0.01582	0.01151	0.06742	0.01004	0.01259	0.00817	0.00453	0.00491	0.00147	0.00575	0.00444	0.00272	0.02986

[dist]
# distance from previous block
# <min> <max>
2	10

[block]
# block no. 4 follows, 50 sequences, length 49
# corresponding to MSA columns:
# 558-606
name=unknown_E
#
# <colnr> <probs for GDERKNQSTAVLIFYWHMCP>
#	G	D	E	R	K	N	Q	S	T	A	V	L	I	F	Y	W	H	M	C	P
0	0.04460	0.01579	0.01498	0.01245	0.01571	0.26981	0.10336	0.15949	0.25998	0.03374	0.01296	0.01325	0.00980	0.00569	0.00490	0.00151	0.00641	0.00456	0.00388	0.00709
1	0.01040	0.12372	0.70462	0.01351	0.02050	0.01257	0.01721	0.01568	0.01048	0.01529	0.00870	0.01021	0.00632	0.00468	0.00455	0.00152	0.00712	0.00356	0.00211	0.00725
2	0.01065	0.00908	0.01049	0.00763	0.01196	0.00717	0.00610	0.03099	0.05393	0.01685	0.00957	0.01084	0.00785	0.00392	0.00380	0.00081	0.00375	0.00314	0.00312	0.78836
3	0.00616	0.00501	0.00546	0.00546	0.00693	0.00431	0.00405	0.00764	0.01184	0.01487	0.21472	0.10180	0.56975	0.01230	0.00592	0.00168	0.00251	0.01045	0.00482	0.00431
4	0.01755	0.01261	0.01346	0.01048	0.01406	0.01389	0.00861	0.66612	0.02155	0.02955	0.01259	0.01293	0.00910	0.00596	0.00477	0.00145	0.00503	0.00451	0.12787	0.00792
5	0.01197	0.01372	0.02840	0.02045	0.02524	0.04025	0.72293	0.01597	0.01171	0.01570	0.00988	0.01320	0.00749	0.00439	0.00619	0.00168	0.03593	0.00574	0.00251	0.00665
6	0.01895	0.01396	0.01496	0.01147	0.01546	0.01546	0.00947	0.77711	0.02344	0.03141	0.01197	0.01197	0.00848	0.00598	0.00499	0.00150	0.00548	0.00449	0.00499	0.00848
7	0.00721	0.00545	0.00808	0.00804	0.00888	0.00638	0.00622	0.00891	0.00798	0.01152	0.01328	0.01983	0.01252	0.06358	0.76102	0.00777	0.03085	0.00538	0.00267	0.00442
8	0.00602	0.00454	0.00557	0.00640	0.00709	0.00409	0.00439	0.00700	0.01006	0.01294	0.03405	0.60071	0.24959	0.01476	0.00623	0.00193	0.00279	0.01313	0.00463	0.00409
9	0.00705	0.00510	0.00666	0.00627	0.00745	0.00470	0.00470	0.00941	0.01411	0.01999	0.79110	0.03723	0.04703	0.01019	0.00588	0.00157	0.00235	0.00901	0.00549	0.00470
10	0.01000	0.02578	0.79900	0.01421	0.02157	0.01158	0.01842	0.01579	0.01052	0.01579	0.00895	0.01052	0.00631	0.00474	0.00474	0.00158	0.00737	0.00368	0.00210	0.00737
11	0.00607	0.00434	0.00578	0.00694	0.00723	0.00405	0.00463	0.00694	0.00954	0.01272	0.02747	0.82157	0.03297	0.01562	0.00636	0.00202	0.00289	0.01417	0.00463	0.00405
12	0.01895	0.01396	0.01496	0.01147	0.01546	0.01546	0.00947	0.77711	0.02344	0.03141	0.01197	0.01197	0.00848	0.00598	0.00499	0.00150	0.00548	0.00449	0.00499	0.00848
13	0.00697	0.00509	0.00655	0.00618	0.00740	0.00467	0.00464	0.00925	0.01392	0.01953	0.73885	0.03799	0.09957	0.01036	0.00588	0.00158	0.00236	0.00912	0.00543	0.00467
14	0.00643	0.00461	0.00610	0.00670	0.00731	0.00429	0.00465	0.00783	0.01119	0.01535	0.30364	0.53792	0.03805	0.01365	0.00619	0.00186	0.00270	0.01231	0.00494	0.00429
15	0.02236	0.00848	0.01157	0.00887	0.01272	0.00733	0.00733	0.02429	0.01427	0.79719	0.01966	0.01697	0.01234	0.00617	0.00501	0.00154	0.00424	0.00501	0.00617	0.00848
16	0.01080	0.00884	0.01038	0.00744	0.01185	0.00667	0.00596	0.01301	0.01049	0.04652	0.00928	0.01059	0.00757	0.00379	0.00374	0.00077	0.00371	0.00303	0.00308	0.82246
17	0.01498	0.01380	0.01421	0.01499	0.17408	0.16246	0.00995	0.13501	0.33210	0.05440	0.01440	0.01443	0.01091	0.00584	0.00492	0.00153	0.00555	0.00473	0.00410	0.00761
18	0.86003	0.00964	0.00733	0.00655	0.00964	0.01118	0.00540	0.01465	0.00848	0.02236	0.00694	0.00810	0.00540	0.00463	0.00308	0.00154	0.00386	0.00270	0.00308	0.00540
19	0.01241	0.01342	0.02764	0.01988	0.02467	0.01295	0.68115	0.08710	0.01273	0.01729	0.01015	0.01323	0.00762	0.00450	0.00611	0.00168	0.03216	0.00571	0.00274	0.00685
20	0.01248	0.53196	0.27622	0.01056	0.01576	0.05202	0.01178	0.01543	0.01043	0.01306	0.00762	0.00886	0.00637	0.00446	0.00375	0.00124	0.00615	0.00302	0.00214	0.00668
21	0.01906	0.01350	0.01241	0.01021	0.01344	0.23624	0.00811	0.16069	0.01591	0.35017	0.09552	0.01588	0.01356	0.00626	0.00495	0.00146	0.00563	0.00482	0.00485	0.00731
22	0.00632	0.00503	0.00567	0.00558	0.00701	0.00438	0.00416	0.00796	0.01228	0.01581	0.31933	0.07848	0.48661	0.01187	0.00591	0.00166	0.00248	0.01013	0.00494	0.00438
23	0.54075	0.00920	0.00894	0.00744	0.01082	0.00971	0.00613	0.01833	0.01069	0.31769	0.01179	0.01148	0.00804	0.00521	0.00382	0.00154	0.00400	0.00358	0.00426	0.00657
24	0.01086	0.23276	0.59955	0.01274	0.01931	0.01368	0.01586	0.01556	0.01042	0.01474	0.00842	0.00987	0.00634	0.00461	0.00434	0.00145	0.00684	0.00342	0.00211	0.00712
25	0.01140	0.36259	0.47444	0.01182	0.01789	0.01500	0.01426	0.01542	0.01036	0.01408	0.00810	0.00946	0.00635	0.00454	0.00409	0.00136	0.00651	0.00326	0.00212	0.00696
26	0.00803	0.00574	0.00803	0.00918	0.01033	0.00574	0.00803	0.01033	0.01147	0.01492	0.02639	0.05622	0.02869	0.01377	0.00688	0.00229	0.00459	0.76018	0.00459	0.00459
27	0.00941	0.00886	0.01495	0.81285	0.03433	0.01107	0.01384	0.01274	0.00997	0.01274	0.00886	0.01329	0.00664	0.00498	0.00498	0.00166	0.00664	0.00443	0.00221	0.00554
28	0.00782	0.00553	0.00639	0.00602	0.00770	0.00494	0.00456	0.01002	0.04253	0.07577	0.31457	0.05557	0.41804	0.01108	0.00580	0.00164	0.00265	0.00944	0.00507	0.00485
29	0.00717	0.00480	0.00546	0.00554	0.00556	0.00478	0.00313	0.00723	0.00741	0.00988	0.01654	0.08828	0.01917	0.76773	0.02403	0.00463	0.00470	0.00774	0.00313	0.00309
30	0.02236	0.00848	0.01157	0.00887	0.01272	0.00733	0.00733	0.02429	0.01427	0.79719	0.01966	0.01697	0.01234	0.00617	0.00501	0.00154	0.00424	0.00501	0.00617	0.00848
31	0.01000	0.02578	0.79900	0.01421	0.02157	0.01158	0.01842	0.01579	0.01052	0.01579	0.00895	0.01052	0.00631	0.00474	0.00474	0.00158	0.00737	0.00368	0.00210	0.00737
32	0.01184	0.01325	0.02828	0.02219	0.12076	0.01251	0.68183	0.01588	0.01171	0.01601	0.01000	0.01331	0.00760	0.00423	0.00577	0.00166	0.00810	0.00570	0.00251	0.00687
33	0.00607	0.00434	0.00578	0.00694	0.00723	0.00405	0.00463	0.00694	0.00954	0.01272	0.02747	0.82157	0.03297	0.01562	0.00636	0.00202	0.00289	0.01417	0.00463	0.00405
34	0.01234	0.01184	0.02023	0.03059	0.79373	0.01184	0.01530	0.01530	0.01135	0.01628	0.00938	0.01234	0.00790	0.00444	0.00493	0.00148	0.00592	0.00444	0.00247	0.00790
35	0.01034	0.00886	0.01034	0.00738	0.01181	0.00664	0.00591	0.01255	0.01034	0.01624	0.00886	0.01034	0.00738	0.00369	0.00369	0.00074	0.00369	0.00295	0.00295	0.85530
36	0.00607	0.00434	0.00578	0.00694	0.00723	0.00405	0.00463	0.00694	0.00954	0.01272	0.02747	0.82157	0.03297	0.01562	0.00636	0.00202	0.00289	0.01417	0.00463	0.00405
37	0.00705	0.00510	0.00666	0.00627	0.00745	0.00470	0.00470	0.00941	0.01411	0.01999	0.79110	0.03723	0.04703	0.01019	0.00588	0.00157	0.00235	0.00901	0.00549	0.00470
38	0.01119	0.01248	0.02652	0.01921	0.02367	0.01185	0.67003	0.01502	0.01165	0.01584	0.04637	0.03944	0.03214	0.00520	0.00626	0.00170	0.03588	0.00635	0.00276	0.00644
39	0.00607	0.00434	0.00578	0.00694	0.00723	0.00405	0.00463	0.00694	0.00954	0.01272	0.02747	0.82157	0.03297	0.01562	0.00636	0.00202	0.00289	0.01417	0.00463	0.00405
40	0.01025	0.08691	0.74010	0.01377	0.02090	0.01220	0.01766	0.01572	0.01049	0.01548	0.00879	0.01033	0.00632	0.00470	0.00462	0.00154	0.00721	0.00361	0.00211	0.00729
41	0.01234	0.01184	0.02023	0.03059	0.79373	0.01184	0.01530	0.01530	0.01135	0.01628	0.00938	0.01234	0.00790	0.00444	0.00493	0.00148	0.00592	0.00444	0.00247	0.00790
42	0.00589	0.00505	0.00505	0.00505	0.00673	0.00421	0.00379	0.00715	0.01136	0.01347	0.05049	0.04797	0.79171	0.01262	0.00589	0.00168	0.00252	0.01052	0.00463	0.00421
43	0.01333	0.82783	0.02612	0.00853	0.01279	0.01972	0.00853	0.01493	0.01013	0.01173	0.00693	0.00800	0.00640	0.00426	0.00320	0.00107	0.00533	0.00267	0.00213	0.00640
44	0.00720	0.00530	0.00779	0.00779	0.00866	0.00612	0.00601	0.00893	0.00807	0.01174	0.01354	0.02005	0.01269	0.06682	0.74696	0.00765	0.01264	0.00539	0.03224	0.00440
45	0.01234	0.01184	0.02023	0.03059	0.79373	0.01184	0.01530	0.01530	0.01135	0.01628	0.00938	0.01234	0.00790	0.00444	0.00493	0.00148	0.00592	0.00444	0.00247	0.00790
46	0.00941	0.00886	0.01495	0.81285	0.03433	0.01107	0.01384	0.01274	0.00997	0.01274	0.00886	0.01329	0.00664	0.00498	0.00498	0.00166	0.00664	0.00443	0.00221	0.00554
47	0.00717	0.00484	0.00609	0.00673	0.00716	0.00466	0.00442	0.00832	0.03646	0.03989	0.02391	0.56148	0.02779	0.22358	0.01117	0.00272	0.00348	0.01176	0.00428	0.00408
48	0.44750	0.00882	0.00899	0.00758	0.01077	0.00916	0.00617	0.01820	0.02672	0.33150	0.01375	0.06925	0.01032	0.00606	0.00413	0.00158	0.00394	0.00449	0.00447	0.00659

[dist]
# distance from previous block
# <min> <max>
0	19

# created by:
# /st0/software/busco_prod/Augustus/scripts/msa2prfl.pl ./align_prep/59790.fa
