[name]
unknown

[dist]
# distance from previous block
# <min> <max>
0	481

[block]
# block no. 0 follows, 52 sequences, length 13
# corresponding to MSA columns:
# 481-493
name=unknown_A
#
# <colnr> <probs for GDERKNQSTAVLIFYWHMCP>
#	G	D	E	R	K	N	Q	S	T	A	V	L	I	F	Y	W	H	M	C	P
0	0.01131	0.21899	0.18255	0.00970	0.01363	0.01201	0.00963	0.06919	0.14849	0.03061	0.02526	0.03224	0.02997	0.02261	0.02154	0.00162	0.00516	0.07432	0.00330	0.07787
1	0.01206	0.05793	0.11239	0.03972	0.04835	0.08125	0.12650	0.01446	0.01101	0.13569	0.04728	0.03997	0.06921	0.10559	0.00750	0.00185	0.02249	0.00544	0.00332	0.05797
2	0.01116	0.07525	0.41888	0.01449	0.05468	0.03926	0.13317	0.02922	0.01071	0.04526	0.02515	0.02844	0.00803	0.00525	0.00576	0.00156	0.08021	0.00430	0.00247	0.00674
3	0.01372	0.09671	0.21890	0.03503	0.17312	0.10121	0.07950	0.14925	0.01321	0.06004	0.00962	0.01107	0.00726	0.00479	0.00463	0.00143	0.00645	0.00399	0.00291	0.00715
4	0.00596	0.00439	0.00559	0.00640	0.00697	0.00402	0.00438	0.00700	0.00995	0.01312	0.09963	0.63465	0.15166	0.01426	0.00607	0.00188	0.00271	0.01278	0.00457	0.00402
5	0.00898	0.15691	0.08319	0.00912	0.03858	0.00946	0.00766	0.01266	0.12046	0.01385	0.06575	0.12930	0.04921	0.01669	0.25282	0.00345	0.00696	0.00621	0.00330	0.00547
6	0.01181	0.16995	0.28103	0.03980	0.02985	0.04579	0.13991	0.02786	0.01104	0.08563	0.02965	0.08511	0.01023	0.00568	0.00471	0.00148	0.00617	0.00494	0.00285	0.00653
7	0.00891	0.04411	0.22480	0.08034	0.10740	0.00920	0.01129	0.01174	0.00992	0.01381	0.01550	0.21812	0.01610	0.00888	0.00632	0.00178	0.07875	0.12429	0.00308	0.00566
8	0.01679	0.00718	0.00950	0.00765	0.01062	0.00623	0.00618	0.01865	0.01347	0.54897	0.17090	0.02425	0.12283	0.00757	0.00515	0.00152	0.00355	0.00632	0.00567	0.00700
9	0.01166	0.05370	0.31662	0.03557	0.01929	0.16430	0.18484	0.01526	0.01082	0.01396	0.00914	0.03186	0.00740	0.00656	0.04337	0.00183	0.06090	0.00433	0.00232	0.00630
10	0.01126	0.19104	0.28192	0.14014	0.15052	0.05288	0.07797	0.01485	0.01047	0.01397	0.00837	0.01058	0.00657	0.00447	0.00444	0.00142	0.00656	0.00376	0.00218	0.00664
11	0.01214	0.13849	0.02056	0.02643	0.67775	0.01270	0.01385	0.01482	0.01085	0.01515	0.00875	0.01134	0.00745	0.00429	0.00454	0.00138	0.00567	0.00405	0.00235	0.00745
12	0.00637	0.00489	0.00558	0.00543	0.00662	0.00437	0.00391	0.00782	0.01147	0.01499	0.33505	0.04026	0.38416	0.13776	0.00865	0.00207	0.00274	0.00917	0.00458	0.00410

[dist]
# distance from previous block
# <min> <max>
0	9

[block]
# block no. 1 follows, 52 sequences, length 15
# corresponding to MSA columns:
# 503-517
name=unknown_B
#
# <colnr> <probs for GDERKNQSTAVLIFYWHMCP>
#	G	D	E	R	K	N	Q	S	T	A	V	L	I	F	Y	W	H	M	C	P
0	0.01150	0.27552	0.18468	0.04550	0.11351	0.07008	0.02237	0.01545	0.09124	0.01446	0.06605	0.03707	0.02225	0.00545	0.00434	0.00137	0.00557	0.00435	0.00278	0.00646
1	0.00625	0.00456	0.00592	0.00692	0.00734	0.00439	0.00468	0.00781	0.05289	0.01281	0.02632	0.78141	0.03109	0.01470	0.00612	0.00195	0.00287	0.01331	0.00452	0.00414
2	0.66511	0.00884	0.00774	0.00693	0.00984	0.00984	0.00576	0.01508	0.00929	0.12588	0.01030	0.01372	0.00842	0.00559	0.00362	0.00157	0.00387	0.07947	0.00355	0.00557
3	0.03655	0.01860	0.45145	0.01431	0.06773	0.03445	0.11487	0.01451	0.02649	0.01504	0.01200	0.01385	0.06333	0.00702	0.04902	0.00191	0.04537	0.00450	0.00243	0.00656
4	0.09695	0.08851	0.30218	0.01653	0.24555	0.01201	0.01327	0.09390	0.01164	0.01740	0.03061	0.01210	0.02902	0.00494	0.00445	0.00145	0.00579	0.00401	0.00269	0.00700
5	0.00749	0.00462	0.00619	0.00694	0.00756	0.00426	0.00476	0.00844	0.00974	0.09154	0.02595	0.74539	0.03004	0.01426	0.00605	0.00192	0.00294	0.01288	0.00465	0.00437
6	0.00861	0.00722	0.00976	0.01180	0.18829	0.00679	0.00710	0.06474	0.01148	0.01544	0.07439	0.23883	0.23190	0.00975	0.00536	0.00157	0.00361	0.00858	0.00394	0.09085
7	0.01229	0.07837	0.12356	0.01795	0.30238	0.04512	0.06713	0.06325	0.03008	0.07549	0.03543	0.10390	0.01166	0.00601	0.00488	0.00150	0.00557	0.00540	0.00314	0.00689
8	0.03548	0.14522	0.08801	0.01617	0.23058	0.01257	0.07089	0.12298	0.03314	0.13529	0.01084	0.01207	0.00821	0.00581	0.02652	0.00161	0.02991	0.00418	0.00328	0.00725
9	0.00590	0.00422	0.00562	0.00675	0.00703	0.00394	0.00450	0.00675	0.00928	0.01237	0.02671	0.82653	0.03205	0.01518	0.00619	0.00197	0.00281	0.01378	0.00450	0.00394
10	0.01286	0.07789	0.24283	0.01365	0.14766	0.01087	0.01156	0.13368	0.02515	0.12489	0.07724	0.01657	0.06098	0.00597	0.00479	0.00148	0.00529	0.01600	0.00358	0.00706
11	0.01257	0.14860	0.19246	0.07167	0.06978	0.19153	0.14409	0.01611	0.04268	0.01407	0.02319	0.01108	0.00761	0.00467	0.00454	0.00139	0.00690	0.00394	0.00245	0.03065
12	0.00829	0.11682	0.01060	0.21223	0.01393	0.00822	0.00684	0.00966	0.00854	0.01124	0.01360	0.11821	0.01429	0.30509	0.09346	0.00330	0.00574	0.00630	0.02932	0.00431
13	0.01153	0.14151	0.18926	0.07384	0.04706	0.10953	0.02956	0.09036	0.02981	0.01464	0.01152	0.09499	0.01083	0.11657	0.00728	0.00189	0.00594	0.00512	0.00285	0.00592
14	0.05833	0.15823	0.13618	0.01025	0.01376	0.01157	0.09466	0.03955	0.16320	0.01677	0.09251	0.01702	0.06221	0.00613	0.00499	0.00147	0.03767	0.00501	0.06423	0.00623

[dist]
# distance from previous block
# <min> <max>
6	13

[block]
# block no. 2 follows, 52 sequences, length 17
# corresponding to MSA columns:
# 531-547
name=unknown_C
#
# <colnr> <probs for GDERKNQSTAVLIFYWHMCP>
#	G	D	E	R	K	N	Q	S	T	A	V	L	I	F	Y	W	H	M	C	P
0	0.00663	0.00516	0.00605	0.00593	0.00726	0.00474	0.00441	0.00900	0.05503	0.01639	0.39658	0.12202	0.32076	0.01115	0.00573	0.00162	0.00249	0.00965	0.00492	0.00450
1	0.02981	0.01305	0.10531	0.04289	0.11473	0.01136	0.45959	0.03677	0.01105	0.01553	0.00992	0.01316	0.00776	0.00791	0.09670	0.00229	0.00809	0.00512	0.00249	0.00647
2	0.01111	0.01122	0.01614	0.46606	0.28453	0.10173	0.01346	0.01400	0.01059	0.01346	0.00865	0.01214	0.00684	0.00469	0.00478	0.00152	0.00649	0.00418	0.00227	0.00617
3	0.01206	0.01201	0.01702	0.02379	0.57213	0.09924	0.01256	0.01455	0.01111	0.01516	0.01000	0.06354	0.00902	0.00501	0.00470	0.00137	0.00565	0.00463	0.00260	0.10384
4	0.00717	0.00589	0.00600	0.00562	0.00751	0.00533	0.00431	0.09505	0.01238	0.01507	0.04484	0.04267	0.70794	0.01154	0.00563	0.00162	0.00278	0.00956	0.00454	0.00456
5	0.01392	0.11132	0.03987	0.01222	0.01562	0.14115	0.17844	0.23481	0.02962	0.01818	0.03620	0.01433	0.00992	0.09928	0.02235	0.00191	0.00648	0.00471	0.00329	0.00636
6	0.01157	0.01271	0.02652	0.02259	0.20533	0.01208	0.60352	0.01537	0.01134	0.01559	0.00964	0.01282	0.00743	0.00414	0.00550	0.00159	0.00761	0.00539	0.00244	0.00680
7	0.00972	0.02507	0.80458	0.01381	0.02097	0.01125	0.01790	0.01535	0.01023	0.01535	0.00870	0.01023	0.00614	0.00460	0.00460	0.00153	0.00716	0.00358	0.00205	0.00716
8	0.00639	0.00466	0.00610	0.00698	0.00767	0.00437	0.00516	0.00770	0.01025	0.01349	0.09082	0.50594	0.11478	0.01404	0.00621	0.00196	0.00310	0.18169	0.00456	0.00412
9	0.01294	0.01338	0.01851	0.05095	0.64347	0.14645	0.01390	0.01555	0.01145	0.01506	0.00883	0.01147	0.00740	0.00445	0.00473	0.00141	0.00628	0.00412	0.00241	0.00726
10	0.00705	0.00470	0.00529	0.00529	0.00529	0.00470	0.00294	0.00705	0.00705	0.00940	0.01527	0.03171	0.01762	0.82969	0.02467	0.00470	0.00470	0.00705	0.00294	0.00294
11	0.00590	0.00422	0.00562	0.00675	0.00703	0.00394	0.00450	0.00675	0.00928	0.01237	0.02671	0.82653	0.03205	0.01518	0.00619	0.00197	0.00281	0.01378	0.00450	0.00394
12	0.01436	0.03228	0.08994	0.06008	0.09252	0.39265	0.11578	0.01798	0.09401	0.01398	0.00978	0.02693	0.00793	0.00511	0.00472	0.00142	0.00741	0.00414	0.00271	0.00626
13	0.01132	0.01071	0.01753	0.21567	0.53415	0.01139	0.01378	0.01542	0.09255	0.01547	0.01011	0.01285	0.00813	0.00468	0.00482	0.00150	0.00572	0.00444	0.00261	0.00713
14	0.00782	0.00669	0.00704	0.00692	0.00800	0.08899	0.00506	0.00966	0.01269	0.01700	0.53496	0.21708	0.03840	0.01062	0.00568	0.00160	0.00309	0.00934	0.00484	0.00453
15	0.00844	0.00766	0.01130	0.10604	0.28306	0.00757	0.00882	0.01071	0.02845	0.01404	0.02770	0.11208	0.33736	0.00886	0.00534	0.00160	0.00412	0.00778	0.00352	0.00554
16	0.01499	0.01086	0.01415	0.18764	0.15526	0.04058	0.01042	0.19287	0.10771	0.18066	0.02773	0.01410	0.00995	0.00552	0.00485	0.00151	0.00529	0.00462	0.00401	0.00729

[dist]
# distance from previous block
# <min> <max>
0	6

[block]
# block no. 3 follows, 52 sequences, length 36
# corresponding to MSA columns:
# 554-589
name=unknown_D
#
# <colnr> <probs for GDERKNQSTAVLIFYWHMCP>
#	G	D	E	R	K	N	Q	S	T	A	V	L	I	F	Y	W	H	M	C	P
0	0.01545	0.09712	0.07381	0.01123	0.01440	0.39622	0.00932	0.03423	0.23198	0.05234	0.01158	0.01181	0.00895	0.00539	0.00446	0.00138	0.00662	0.00387	0.00332	0.00654
1	0.03667	0.01463	0.20132	0.15473	0.26122	0.02714	0.03768	0.14957	0.01260	0.01778	0.00938	0.01162	0.00717	0.00483	0.00488	0.00150	0.01812	0.00413	0.01803	0.00703
2	0.01245	0.01266	0.12734	0.01114	0.04282	0.01176	0.00945	0.18110	0.41115	0.02078	0.01670	0.09358	0.01356	0.00688	0.00498	0.00161	0.00461	0.00573	0.00436	0.00735
3	0.00788	0.08580	0.00991	0.00984	0.12326	0.00680	0.00635	0.00974	0.01164	0.01589	0.35741	0.23086	0.08614	0.01004	0.00545	0.00158	0.00322	0.00889	0.00432	0.00499
4	0.01046	0.00915	0.01310	0.06591	0.30694	0.00954	0.00977	0.05282	0.16896	0.01792	0.20537	0.02159	0.07424	0.00680	0.00512	0.00153	0.00432	0.00605	0.00387	0.00655
5	0.00839	0.04205	0.24667	0.00873	0.01208	0.00819	0.00882	0.01298	0.14475	0.01463	0.02621	0.09042	0.28051	0.06639	0.00653	0.00183	0.00439	0.00720	0.00364	0.00561
6	0.01476	0.01750	0.01449	0.15262	0.07288	0.47086	0.01068	0.01643	0.01169	0.01219	0.00759	0.01003	0.00640	0.00556	0.00659	0.00148	0.15659	0.00361	0.00236	0.00566
7	0.01086	0.01105	0.01732	0.01549	0.09068	0.01414	0.12358	0.01254	0.00836	0.01263	0.00713	0.01110	0.00663	0.00744	0.01334	0.00198	0.62336	0.00446	0.00220	0.00571
8	0.00591	0.00475	0.00528	0.00550	0.00675	0.00411	0.00399	0.00717	0.01095	0.01370	0.13588	0.23463	0.51902	0.01269	0.00584	0.00170	0.00252	0.01091	0.00460	0.00411
9	0.00982	0.00952	0.01653	0.01323	0.01607	0.00953	0.32652	0.01542	0.21775	0.01577	0.01787	0.27567	0.01726	0.00831	0.00566	0.00174	0.00530	0.00824	0.00377	0.00600
10	0.01153	0.00692	0.00718	0.00628	0.00814	0.00731	0.00493	0.21637	0.01352	0.02138	0.01470	0.01636	0.01131	0.00569	0.00378	0.00122	0.00308	0.00448	0.63033	0.00551
11	0.01688	0.01281	0.01367	0.01084	0.01444	0.01431	0.00884	0.59945	0.20916	0.02805	0.01360	0.01320	0.00983	0.00600	0.00487	0.00150	0.00497	0.00463	0.00487	0.00810
12	0.01810	0.02310	0.01373	0.01248	0.01498	0.81024	0.00936	0.01935	0.01373	0.01186	0.00749	0.00874	0.00624	0.00499	0.00437	0.00125	0.00874	0.00312	0.00250	0.00562
13	0.00621	0.00435	0.00553	0.00636	0.00657	0.00414	0.00408	0.00683	0.00869	0.01158	0.02367	0.61539	0.02822	0.23155	0.01109	0.00269	0.00331	0.01199	0.00408	0.00367
14	0.01177	0.01165	0.01012	0.00923	0.01137	0.20325	0.00704	0.01861	0.34069	0.01795	0.27826	0.02191	0.02313	0.00731	0.00506	0.00151	0.00450	0.00601	0.00448	0.00613
15	0.00952	0.00895	0.01105	0.00993	0.01027	0.06491	0.00776	0.01047	0.00783	0.01104	0.00991	0.01726	0.01022	0.21305	0.17411	0.00381	0.40786	0.00503	0.00244	0.00456
16	0.00697	0.00499	0.00674	0.00674	0.00725	0.00549	0.00475	0.00798	0.00748	0.01048	0.01394	0.02434	0.01441	0.36792	0.48206	0.00650	0.00952	0.00597	0.00274	0.00375
17	0.17293	0.19322	0.28274	0.01013	0.01500	0.01260	0.01088	0.09059	0.01158	0.14373	0.00987	0.01040	0.00713	0.00483	0.00405	0.00141	0.00543	0.00347	0.00314	0.00688
18	0.00839	0.00610	0.00750	0.00696	0.00732	0.00711	0.00503	0.00938	0.00839	0.01283	0.06861	0.02349	0.01558	0.36601	0.01587	0.00295	0.20199	0.00585	0.21662	0.00402
19	0.00597	0.00427	0.00568	0.00670	0.00704	0.00398	0.00450	0.00692	0.00959	0.01287	0.08127	0.77054	0.03302	0.01481	0.00615	0.00194	0.00277	0.01342	0.00456	0.00398
20	0.00656	0.00494	0.00606	0.00578	0.00706	0.00444	0.00434	0.00856	0.01301	0.01775	0.59825	0.03897	0.24543	0.01054	0.00572	0.00155	0.00233	0.00915	0.00511	0.00444
21	0.07458	0.14542	0.05566	0.01886	0.28496	0.20702	0.11012	0.01649	0.01181	0.01525	0.00904	0.01139	0.00757	0.00499	0.00475	0.00151	0.00688	0.00404	0.00268	0.00699
22	0.01128	0.00827	0.00875	0.00763	0.00992	0.00885	0.00600	0.20125	0.20608	0.02079	0.07740	0.02321	0.16318	0.00747	0.00473	0.00146	0.00343	0.00610	0.21807	0.00612
23	0.00590	0.00422	0.00562	0.00675	0.00703	0.00394	0.00450	0.00675	0.00928	0.01237	0.02671	0.82653	0.03205	0.01518	0.00619	0.00197	0.00281	0.01378	0.00450	0.00394
24	0.00875	0.00762	0.01211	0.18487	0.12817	0.00832	0.05837	0.02358	0.06501	0.01370	0.01516	0.19730	0.01497	0.01504	0.20078	0.00318	0.00698	0.02757	0.00314	0.00539
25	0.01017	0.00927	0.04941	0.00861	0.01056	0.08483	0.01842	0.06223	0.15020	0.05866	0.08480	0.33141	0.08120	0.01022	0.00547	0.00169	0.00403	0.00888	0.00440	0.00554
26	0.01133	0.01011	0.01769	0.01349	0.01671	0.01023	0.34463	0.15687	0.01250	0.01764	0.01172	0.01492	0.00935	0.01245	0.20056	0.00303	0.00801	0.00518	0.11755	0.00605
27	0.01284	0.09035	0.02042	0.21366	0.05955	0.01193	0.29411	0.04523	0.03273	0.13221	0.01081	0.01299	0.00794	0.00483	0.00531	0.00155	0.02916	0.00478	0.00302	0.00659
28	0.25427	0.43908	0.04260	0.00789	0.01160	0.01446	0.01978	0.01455	0.00981	0.07072	0.01093	0.01152	0.06623	0.00501	0.00349	0.00127	0.00461	0.00342	0.00280	0.00596
29	0.00710	0.00668	0.06687	0.00667	0.00849	0.00511	0.00556	0.00941	0.01258	0.01764	0.54154	0.08914	0.12524	0.00970	0.00552	0.00151	0.00280	0.00847	0.00476	0.06522
30	0.01076	0.00974	0.01300	0.01441	0.21445	0.06929	0.06289	0.08764	0.05699	0.01857	0.33168	0.02338	0.03982	0.00721	0.00527	0.00150	0.00450	0.01875	0.00406	0.00611
31	0.01308	0.23108	0.01745	0.01136	0.01320	0.13210	0.00967	0.08820	0.01047	0.01345	0.00714	0.00968	0.00649	0.00656	0.00975	0.00164	0.40673	0.00365	0.00243	0.00588
32	0.00624	0.00489	0.00564	0.00553	0.00688	0.00430	0.00412	0.00791	0.01213	0.01586	0.37896	0.08394	0.42353	0.01138	0.00575	0.00160	0.00240	0.00977	0.00487	0.00430
33	0.01565	0.41879	0.01966	0.01010	0.01374	0.22831	0.00880	0.20238	0.01402	0.01617	0.00813	0.00897	0.00672	0.00478	0.00387	0.00119	0.00616	0.00316	0.00286	0.00655
34	0.03761	0.00690	0.00860	0.00745	0.00971	0.00690	0.00590	0.02910	0.08658	0.30509	0.01644	0.01769	0.01230	0.03512	0.18476	0.00291	0.00565	0.00490	0.21020	0.00619
35	0.15451	0.00729	0.00795	0.00687	0.00939	0.00689	0.00549	0.06539	0.01187	0.01830	0.22547	0.02639	0.13451	0.00780	0.00475	0.00140	0.00331	0.07949	0.00408	0.21885

[dist]
# distance from previous block
# <min> <max>
3	7

[block]
# block no. 4 follows, 52 sequences, length 14
# corresponding to MSA columns:
# 597-610
name=unknown_E
#
# <colnr> <probs for GDERKNQSTAVLIFYWHMCP>
#	G	D	E	R	K	N	Q	S	T	A	V	L	I	F	Y	W	H	M	C	P
0	0.06506	0.22504	0.03332	0.00962	0.01286	0.15330	0.00824	0.25997	0.01441	0.01879	0.00973	0.01103	0.00781	0.00787	0.07656	0.00186	0.00629	0.00365	0.06818	0.00642
1	0.01015	0.21662	0.07089	0.56014	0.02728	0.01291	0.01246	0.01312	0.00977	0.01234	0.00815	0.01145	0.00638	0.00465	0.00439	0.00146	0.00619	0.00383	0.00213	0.00571
2	0.08502	0.22399	0.23449	0.04127	0.01578	0.08609	0.01086	0.07963	0.01193	0.15340	0.00999	0.01059	0.00730	0.00487	0.00415	0.00137	0.00581	0.00353	0.00310	0.00683
3	0.01390	0.01326	0.01317	0.15416	0.12945	0.22529	0.00973	0.16874	0.04350	0.01766	0.01067	0.01251	0.00829	0.00521	0.00446	0.00138	0.00591	0.00408	0.15235	0.00628
4	0.01286	0.01108	0.01223	0.01041	0.07803	0.06359	0.00762	0.20652	0.01358	0.01923	0.00934	0.01052	0.00742	0.00430	0.00406	0.00100	0.00456	0.00338	0.00330	0.51697
5	0.00585	0.00444	0.00540	0.00616	0.00687	0.00399	0.00424	0.00681	0.00984	0.01260	0.03385	0.57777	0.27620	0.01425	0.00604	0.00186	0.00270	0.01264	0.00450	0.00399
6	0.00915	0.00861	0.01453	0.81804	0.03338	0.01077	0.01346	0.01238	0.00969	0.01238	0.00861	0.01292	0.00646	0.00484	0.00484	0.00161	0.00646	0.00431	0.00215	0.00538
7	0.00666	0.00495	0.00620	0.00589	0.00712	0.00449	0.00442	0.00876	0.01325	0.01832	0.66606	0.03803	0.17726	0.01032	0.00572	0.00154	0.00232	0.00902	0.00519	0.00449
8	0.01296	0.83261	0.02539	0.00829	0.01244	0.01917	0.00829	0.01451	0.00985	0.01140	0.00674	0.00777	0.00622	0.00415	0.00311	0.00104	0.00518	0.00259	0.00207	0.00622
9	0.00596	0.00487	0.00498	0.00498	0.00633	0.00420	0.00355	0.00697	0.01035	0.01244	0.04317	0.04403	0.66104	0.15530	0.00904	0.00217	0.00285	0.00967	0.00423	0.00389
10	0.00666	0.00495	0.00620	0.00589	0.00712	0.00449	0.00442	0.00876	0.01325	0.01832	0.66606	0.03803	0.17726	0.01032	0.00572	0.00154	0.00232	0.00902	0.00519	0.00449
11	0.01280	0.00589	0.00673	0.00589	0.00783	0.00566	0.00463	0.04762	0.01169	0.22655	0.01651	0.01737	0.01213	0.00575	0.00384	0.00124	0.00288	0.00460	0.59472	0.00566
12	0.01429	0.32957	0.19386	0.01119	0.01535	0.33365	0.01086	0.01663	0.01149	0.01246	0.00747	0.00871	0.00621	0.00459	0.00395	0.00123	0.00704	0.00302	0.00224	0.00619
13	0.21413	0.19138	0.03420	0.00991	0.01308	0.37433	0.00822	0.01735	0.01155	0.07436	0.00807	0.00896	0.00644	0.00476	0.00383	0.00129	0.00643	0.00304	0.00278	0.00590

[dist]
# distance from previous block
# <min> <max>
0	4

[block]
# block no. 5 follows, 52 sequences, length 41
# corresponding to MSA columns:
# 615-655
name=unknown_F
#
# <colnr> <probs for GDERKNQSTAVLIFYWHMCP>
#	G	D	E	R	K	N	Q	S	T	A	V	L	I	F	Y	W	H	M	C	P
0	0.71414	0.01200	0.09206	0.00759	0.01099	0.06696	0.00688	0.01472	0.00884	0.02037	0.00701	0.00818	0.00541	0.00454	0.00327	0.00149	0.00446	0.00276	0.00286	0.00548
1	0.01112	0.00561	0.00745	0.00720	0.00872	0.00503	0.00528	0.01238	0.01106	0.26977	0.06689	0.46419	0.06561	0.02791	0.00608	0.00183	0.00323	0.01029	0.00500	0.00536
2	0.01178	0.01047	0.01489	0.03587	0.38879	0.01113	0.01101	0.07325	0.26328	0.01789	0.01457	0.10023	0.01257	0.00632	0.00499	0.00157	0.00481	0.00570	0.00361	0.00727
3	0.00842	0.00421	0.00631	0.00631	0.00631	0.00421	0.00421	0.00631	0.00631	0.00842	0.00842	0.01473	0.00842	0.01684	0.01894	0.85901	0.00421	0.00421	0.00210	0.00210
4	0.00615	0.00493	0.00549	0.00535	0.00680	0.00427	0.00401	0.00777	0.01203	0.01544	0.32589	0.04277	0.51923	0.01140	0.00572	0.00159	0.00239	0.00969	0.00481	0.00427
5	0.01199	0.01151	0.01967	0.02974	0.79946	0.01151	0.01487	0.01487	0.01103	0.01583	0.00912	0.01199	0.00768	0.00432	0.00480	0.00144	0.00576	0.00432	0.00240	0.00768
6	0.00962	0.00562	0.00706	0.00632	0.00811	0.00497	0.00487	0.01156	0.01308	0.17783	0.45215	0.03477	0.22575	0.00970	0.00555	0.00155	0.00270	0.00833	0.00526	0.00520
7	0.00573	0.00491	0.00491	0.00491	0.00655	0.00409	0.00368	0.00695	0.01105	0.01309	0.04909	0.04664	0.79750	0.01227	0.00573	0.00164	0.00245	0.01023	0.00450	0.00409
8	0.02174	0.00825	0.01125	0.00862	0.01237	0.00712	0.00712	0.02362	0.01387	0.80282	0.01912	0.01649	0.01200	0.00600	0.00487	0.00150	0.00412	0.00487	0.00600	0.00825
9	0.00915	0.00861	0.01453	0.81804	0.03338	0.01077	0.01346	0.01238	0.00969	0.01238	0.00861	0.01292	0.00646	0.00484	0.00484	0.00161	0.00646	0.00431	0.00215	0.00538
10	0.01766	0.02226	0.01416	0.01374	0.07193	0.75226	0.00976	0.01903	0.01354	0.01215	0.00761	0.00898	0.00635	0.00494	0.00440	0.00126	0.00852	0.00321	0.00249	0.00577
11	0.01631	0.01232	0.01341	0.01015	0.01413	0.01286	0.00833	0.58853	0.01957	0.02682	0.01087	0.01123	0.00797	0.00525	0.00453	0.00127	0.00489	0.00399	0.00435	0.22321
12	0.01250	0.01320	0.07412	0.02673	0.66179	0.05494	0.01449	0.05493	0.01173	0.01634	0.00913	0.01168	0.00752	0.00445	0.00476	0.00144	0.00600	0.00420	0.00251	0.00756
13	0.01842	0.01357	0.01454	0.01115	0.01503	0.01503	0.00921	0.78330	0.02278	0.03054	0.01163	0.01163	0.00824	0.00582	0.00485	0.00145	0.00533	0.00436	0.00485	0.00824
14	0.00606	0.00457	0.00561	0.00610	0.00694	0.00411	0.00429	0.00732	0.01071	0.01408	0.19750	0.44290	0.24570	0.01325	0.00596	0.00178	0.00260	0.01173	0.00468	0.00411
15	0.01268	0.01493	0.24600	0.01340	0.12706	0.02707	0.01148	0.19675	0.08517	0.07133	0.01713	0.01733	0.12572	0.00627	0.00490	0.00152	0.00536	0.00511	0.00366	0.00712
16	0.01352	0.75435	0.04213	0.00844	0.01263	0.01812	0.00843	0.01519	0.01015	0.06894	0.00768	0.00846	0.00664	0.00429	0.00327	0.00108	0.00515	0.00278	0.00236	0.00639
17	0.12459	0.00956	0.06636	0.00871	0.01260	0.00787	0.00765	0.02188	0.01292	0.65143	0.01686	0.01499	0.01075	0.00572	0.00462	0.00150	0.00429	0.00451	0.00535	0.00780
18	0.01376	0.00648	0.00869	0.00727	0.00962	0.00576	0.00576	0.01586	0.01379	0.38281	0.43613	0.02706	0.03008	0.00809	0.00532	0.00151	0.00314	0.00696	0.00564	0.00628
19	0.00982	0.00862	0.01287	0.24225	0.17191	0.02468	0.01050	0.06755	0.01061	0.01433	0.01273	0.07512	0.01200	0.01289	0.16540	0.00290	0.05140	0.08590	0.00290	0.00563
20	0.86392	0.00937	0.00712	0.00637	0.00937	0.01087	0.00525	0.01425	0.00825	0.02174	0.00675	0.00787	0.00525	0.00450	0.00300	0.00150	0.00375	0.00262	0.00300	0.00525
21	0.01036	0.06939	0.11770	0.35502	0.02055	0.00934	0.01026	0.01340	0.01021	0.07018	0.01135	0.01396	0.00855	0.00508	0.00426	0.00141	0.00506	0.00419	0.25410	0.00563
22	0.01270	0.00799	0.00935	0.00813	0.01055	0.00828	0.00638	0.04064	0.30850	0.19849	0.24802	0.02287	0.02292	0.00734	0.00504	0.00153	0.00338	0.00621	0.06500	0.00668
23	0.07635	0.01515	0.15347	0.01263	0.07262	0.01381	0.01087	0.53783	0.01869	0.02617	0.01059	0.01115	0.00762	0.00540	0.00467	0.00147	0.00557	0.00410	0.00405	0.00780
24	0.00685	0.00517	0.00713	0.00712	0.00807	0.00561	0.00542	0.00834	0.00835	0.01151	0.01894	0.02560	0.12944	0.11861	0.56280	0.00622	0.01005	0.03270	0.00299	0.01910
25	0.86392	0.00937	0.00712	0.00637	0.00937	0.01087	0.00525	0.01425	0.00825	0.02174	0.00675	0.00787	0.00525	0.00450	0.00300	0.00150	0.00375	0.00262	0.00300	0.00525
26	0.01940	0.01058	0.01252	0.00975	0.01345	0.01077	0.00801	0.32414	0.09968	0.41465	0.01622	0.01474	0.01081	0.00599	0.00487	0.00150	0.00457	0.00474	0.00543	0.00818
27	0.01058	0.01007	0.01711	0.42293	0.41735	0.01114	0.01417	0.01363	0.01036	0.01411	0.00886	0.01246	0.00707	0.00458	0.00482	0.00153	0.00611	0.00431	0.00228	0.00653
28	0.01729	0.15838	0.01631	0.01071	0.01451	0.07342	0.00903	0.57532	0.03728	0.02558	0.01066	0.01089	0.00789	0.00548	0.00451	0.00137	0.00552	0.00399	0.00419	0.00768
29	0.00606	0.00492	0.00537	0.00526	0.00675	0.00423	0.00394	0.00760	0.01183	0.01496	0.26938	0.04356	0.57604	0.01158	0.00572	0.00160	0.00240	0.00980	0.00475	0.00423
30	0.00597	0.00436	0.00562	0.00648	0.00699	0.00401	0.00441	0.00698	0.00987	0.01307	0.09638	0.66866	0.12060	0.01439	0.00609	0.00189	0.00273	0.01293	0.00457	0.00401
31	0.01241	0.48529	0.30375	0.01029	0.01549	0.01549	0.01166	0.01545	0.01027	0.06830	0.00831	0.00927	0.00660	0.00444	0.00377	0.00125	0.00582	0.00311	0.00234	0.00670
32	0.01045	0.01146	0.02354	0.01722	0.02115	0.01104	0.58895	0.01389	0.01126	0.01526	0.06890	0.01807	0.09367	0.00568	0.00646	0.00166	0.06614	0.00630	0.00285	0.00605
33	0.02174	0.00825	0.01125	0.00862	0.01237	0.00712	0.00712	0.02362	0.01387	0.80282	0.01912	0.01649	0.01200	0.00600	0.00487	0.00150	0.00412	0.00487	0.00600	0.00825
34	0.02612	0.22199	0.36375	0.06987	0.01943	0.04350	0.11021	0.04838	0.01096	0.03074	0.00860	0.01026	0.00653	0.00454	0.00437	0.00141	0.00661	0.00368	0.00235	0.00670
35	0.01102	0.34849	0.49252	0.01160	0.01756	0.01443	0.01405	0.01501	0.01008	0.01377	0.00791	0.00925	0.00617	0.00442	0.00401	0.00134	0.00637	0.00318	0.00206	0.00678
36	0.00697	0.00502	0.00692	0.00692	0.00749	0.00559	0.00497	0.00810	0.00753	0.01061	0.01377	0.02343	0.01402	0.31157	0.53788	0.00672	0.01011	0.00584	0.00271	0.00384
37	0.00718	0.00502	0.00622	0.00637	0.00744	0.00461	0.00459	0.03005	0.01156	0.04898	0.26254	0.36601	0.19665	0.01232	0.00585	0.00173	0.00270	0.01087	0.00482	0.00447
38	0.01077	0.13509	0.44306	0.01589	0.08067	0.01264	0.20454	0.01524	0.01054	0.01487	0.00872	0.01072	0.00657	0.00439	0.00468	0.00148	0.00702	0.00402	0.00218	0.00691
39	0.01814	0.00749	0.01020	0.00829	0.01139	0.00659	0.00683	0.02011	0.01356	0.60752	0.13081	0.02335	0.01849	0.00734	0.00519	0.00158	0.00390	0.08614	0.00574	0.00732
40	0.02025	0.01064	0.01272	0.00976	0.01356	0.01067	0.00806	0.36435	0.01787	0.45644	0.01576	0.01431	0.01031	0.00592	0.00486	0.00148	0.00467	0.00464	0.00548	0.00824

[dist]
# distance from previous block
# <min> <max>
0	1

[block]
# block no. 6 follows, 52 sequences, length 12
# corresponding to MSA columns:
# 657-668
name=unknown_G
#
# <colnr> <probs for GDERKNQSTAVLIFYWHMCP>
#	G	D	E	R	K	N	Q	S	T	A	V	L	I	F	Y	W	H	M	C	P
0	0.01356	0.06185	0.24388	0.01065	0.01470	0.13609	0.01057	0.18885	0.01401	0.06333	0.05466	0.01435	0.01063	0.00569	0.00453	0.00141	0.00574	0.02805	0.11082	0.00661
1	0.01313	0.03077	0.04474	0.01183	0.01469	0.12998	0.15638	0.17842	0.01358	0.07613	0.01495	0.23491	0.01438	0.00795	0.00565	0.00162	0.03401	0.00698	0.00376	0.00615
2	0.01251	0.01435	0.10221	0.01280	0.09242	0.19853	0.00983	0.09633	0.01116	0.01411	0.00958	0.01475	0.00898	0.17667	0.01143	0.00224	0.19925	0.00451	0.00269	0.00565
3	0.00970	0.00740	0.00862	0.00737	0.00957	0.00687	0.00550	0.13064	0.01117	0.01573	0.01494	0.15864	0.01553	0.21395	0.02886	0.00230	0.00428	0.04978	0.00356	0.29559
4	0.01067	0.00826	0.00782	0.00732	0.00870	0.13204	0.00565	0.01249	0.01029	0.05981	0.01534	0.01782	0.05663	0.01252	0.17193	0.00265	0.06699	0.00477	0.38340	0.00490
5	0.00825	0.00641	0.00761	0.00835	0.00931	0.05225	0.00686	0.00994	0.01043	0.01326	0.02238	0.04708	0.02443	0.18756	0.01040	0.00270	0.00476	0.55979	0.00402	0.00420
6	0.00705	0.00470	0.00529	0.00529	0.00529	0.00470	0.00294	0.00705	0.00705	0.00940	0.01527	0.03171	0.01762	0.82969	0.02467	0.00470	0.00470	0.00705	0.00294	0.00294
7	0.01045	0.01048	0.01924	0.40487	0.21974	0.01144	0.20091	0.01374	0.01038	0.01398	0.00896	0.01266	0.00697	0.00464	0.00538	0.00159	0.03141	0.00465	0.00229	0.00623
8	0.01149	0.00906	0.01338	0.23586	0.04479	0.00900	0.08688	0.01545	0.09949	0.10442	0.01166	0.01337	0.00876	0.00476	0.00448	0.00130	0.00493	0.00423	0.05717	0.25952
9	0.00963	0.00817	0.00960	0.00713	0.01103	0.00620	0.00562	0.01165	0.00997	0.01545	0.01044	0.09258	0.00969	0.00476	0.00385	0.00084	0.00351	0.00397	0.00304	0.77285
10	0.01174	0.01102	0.01739	0.09846	0.56564	0.01156	0.01325	0.01690	0.17246	0.01643	0.01127	0.01334	0.00904	0.00483	0.00483	0.00150	0.00542	0.00456	0.00290	0.00746
11	0.00648	0.00494	0.00595	0.00570	0.00701	0.00441	0.00427	0.00841	0.01282	0.01730	0.54565	0.03971	0.29831	0.01070	0.00572	0.00156	0.00234	0.00926	0.00505	0.00441

[dist]
# distance from previous block
# <min> <max>
0	19

[block]
# block no. 7 follows, 52 sequences, length 31
# corresponding to MSA columns:
# 688-718
name=unknown_H
#
# <colnr> <probs for GDERKNQSTAVLIFYWHMCP>
#	G	D	E	R	K	N	Q	S	T	A	V	L	I	F	Y	W	H	M	C	P
0	0.00669	0.00497	0.00634	0.00604	0.00724	0.00461	0.00455	0.00876	0.01283	0.01779	0.61787	0.03648	0.16080	0.01237	0.06928	0.00204	0.00316	0.00871	0.00499	0.00448
1	0.00705	0.00470	0.00529	0.00529	0.00529	0.00470	0.00294	0.00705	0.00705	0.00940	0.01527	0.03171	0.01762	0.82969	0.02467	0.00470	0.00470	0.00705	0.00294	0.00294
2	0.00842	0.11348	0.01214	0.26841	0.01699	0.00915	0.00861	0.01065	0.00914	0.01228	0.07269	0.01697	0.01219	0.01995	0.38311	0.00443	0.00903	0.00485	0.00260	0.00493
3	0.00795	0.00540	0.00602	0.00575	0.00605	0.00551	0.00343	0.06836	0.00829	0.01107	0.01498	0.03013	0.01688	0.76462	0.02310	0.00444	0.00475	0.00684	0.00309	0.00336
4	0.01178	0.00861	0.00981	0.00882	0.01079	0.00915	0.00671	0.37151	0.01562	0.02091	0.01963	0.44376	0.02087	0.01078	0.00556	0.00173	0.00400	0.00935	0.00466	0.00596
5	0.01642	0.01731	0.01564	0.01287	0.01576	0.37337	0.09841	0.24910	0.01543	0.01803	0.00904	0.01050	0.00711	0.00554	0.00594	0.00145	0.09820	0.00395	0.01947	0.00646
6	0.01179	0.02884	0.01578	0.06785	0.41063	0.07797	0.01128	0.01517	0.07185	0.01548	0.01037	0.01236	0.02288	0.00456	0.00448	0.00128	0.00532	0.00405	0.00273	0.20532
7	0.00591	0.00482	0.00528	0.00552	0.00684	0.00412	0.00399	0.00706	0.01049	0.01296	0.04121	0.27606	0.54653	0.01286	0.00580	0.00171	0.00260	0.01105	0.00445	0.03075
8	0.01187	0.56097	0.28749	0.01015	0.01531	0.01651	0.01153	0.01479	0.00998	0.01273	0.00740	0.00860	0.00619	0.00430	0.00361	0.00120	0.00585	0.00292	0.00206	0.00654
9	0.01419	0.33303	0.14646	0.01057	0.01467	0.18729	0.01010	0.13465	0.06234	0.01568	0.00958	0.01035	0.02173	0.00497	0.00406	0.00128	0.00616	0.00346	0.00281	0.00661
10	0.01320	0.10422	0.32194	0.01237	0.05029	0.07580	0.01230	0.20252	0.07250	0.03277	0.01046	0.01200	0.00804	0.04419	0.00548	0.00159	0.00615	0.00399	0.00311	0.00708
11	0.00590	0.00422	0.00562	0.00675	0.00703	0.00394	0.00450	0.00675	0.00928	0.01237	0.02671	0.82653	0.03205	0.01518	0.00619	0.00197	0.00281	0.01378	0.00450	0.00394
12	0.00896	0.00925	0.11212	0.02777	0.01136	0.00800	0.02119	0.02930	0.01083	0.06685	0.13532	0.12120	0.23339	0.00963	0.00759	0.00173	0.16876	0.00765	0.00384	0.00523
13	0.04336	0.07709	0.39446	0.01189	0.05299	0.01061	0.02943	0.07447	0.02826	0.01672	0.10588	0.01717	0.04660	0.04559	0.00569	0.00166	0.00565	0.02305	0.00300	0.00641
14	0.01119	0.07496	0.54970	0.01422	0.05671	0.01138	0.09316	0.01584	0.01071	0.08473	0.01049	0.01177	0.02385	0.00480	0.00467	0.00151	0.00670	0.00402	0.00251	0.00709
15	0.00590	0.00422	0.00562	0.00675	0.00703	0.00394	0.00450	0.00675	0.00928	0.01237	0.02671	0.82653	0.03205	0.01518	0.00619	0.00197	0.00281	0.01378	0.00450	0.00394
16	0.00975	0.01431	0.24029	0.01560	0.05806	0.01009	0.32781	0.01351	0.01079	0.01498	0.03204	0.10339	0.05505	0.00662	0.00564	0.00167	0.02058	0.05079	0.00284	0.00617
17	0.01069	0.02939	0.34676	0.21539	0.08570	0.01129	0.16573	0.01497	0.01056	0.05022	0.00937	0.01184	0.00684	0.00460	0.00489	0.00156	0.00691	0.00428	0.00236	0.00667
18	0.00829	0.00895	0.09673	0.01256	0.17494	0.00716	0.02738	0.01095	0.02632	0.01477	0.06639	0.03551	0.28792	0.00962	0.00563	0.00172	0.00430	0.19166	0.00379	0.00542
19	0.86392	0.00937	0.00712	0.00637	0.00937	0.01087	0.00525	0.01425	0.00825	0.02174	0.00675	0.00787	0.00525	0.00450	0.00300	0.00150	0.00375	0.00262	0.00300	0.00525
20	0.00642	0.00494	0.00587	0.00564	0.00697	0.00439	0.00423	0.00830	0.01268	0.01697	0.50691	0.04025	0.33725	0.01082	0.00572	0.00157	0.00235	0.00933	0.00501	0.00439
21	0.00974	0.01302	0.19504	0.21281	0.02161	0.01043	0.18167	0.01500	0.12963	0.01499	0.01487	0.05464	0.07416	0.00669	0.02301	0.00176	0.00624	0.00559	0.00293	0.00619
22	0.00772	0.00623	0.00704	0.00667	0.00831	0.00621	0.00504	0.01239	0.20130	0.01734	0.34066	0.06924	0.27315	0.01007	0.00555	0.00161	0.00274	0.00864	0.00494	0.00515
23	0.12524	0.00755	0.00979	0.00929	0.07255	0.00711	0.00673	0.01687	0.01243	0.38666	0.17771	0.08039	0.03267	0.00745	0.00496	0.00156	0.00371	0.02577	0.00501	0.00657
24	0.01223	0.00942	0.01084	0.11339	0.01409	0.01012	0.00766	0.37247	0.01648	0.02162	0.08021	0.06955	0.22508	0.00827	0.00523	0.00156	0.00433	0.00680	0.00442	0.00623
25	0.00759	0.00578	0.00829	0.00996	0.11032	0.00553	0.02581	0.00914	0.02994	0.03776	0.04179	0.51772	0.08075	0.07699	0.00734	0.00205	0.00351	0.01095	0.00413	0.00467
26	0.02744	0.13181	0.23415	0.01084	0.01510	0.01093	0.07612	0.01738	0.11800	0.17943	0.01291	0.01465	0.00988	0.07431	0.04444	0.00204	0.00589	0.00450	0.00342	0.00676
27	0.01209	0.11374	0.23664	0.04597	0.12030	0.01230	0.10960	0.10689	0.06962	0.03473	0.01013	0.01160	0.00770	0.00471	0.00456	0.00141	0.00597	0.00407	0.01354	0.07443
28	0.07899	0.07366	0.18530	0.00946	0.01405	0.07893	0.00916	0.07110	0.02896	0.01670	0.00873	0.00994	0.00690	0.00428	0.00392	0.00110	0.00508	0.00318	0.00280	0.38777
29	0.01202	0.23547	0.04946	0.03118	0.01417	0.01205	0.11324	0.14410	0.01246	0.04654	0.04005	0.09098	0.01314	0.05715	0.00594	0.00165	0.00521	0.06538	0.00336	0.04644
30	0.05230	0.17307	0.22355	0.01063	0.03200	0.03959	0.01041	0.12980	0.07798	0.04798	0.01126	0.05299	0.00927	0.00553	0.00432	0.00138	0.00533	0.01639	0.01709	0.07913

[dist]
# distance from previous block
# <min> <max>
5	27

[block]
# block no. 8 follows, 52 sequences, length 97
# corresponding to MSA columns:
# 746-842
name=unknown_I
#
# <colnr> <probs for GDERKNQSTAVLIFYWHMCP>
#	G	D	E	R	K	N	Q	S	T	A	V	L	I	F	Y	W	H	M	C	P
0	0.01123	0.00881	0.01060	0.00871	0.01115	0.00917	0.04888	0.29490	0.01594	0.02126	0.22672	0.02760	0.23226	0.00866	0.00584	0.00156	0.03897	0.00717	0.00463	0.00594
1	0.03269	0.04867	0.01446	0.18007	0.08177	0.22977	0.02790	0.16095	0.06285	0.05231	0.01222	0.01347	0.05092	0.00554	0.00467	0.00144	0.00625	0.00434	0.00327	0.00643
2	0.00909	0.01313	0.26725	0.01175	0.09201	0.00870	0.01049	0.01416	0.14934	0.01565	0.05226	0.17784	0.09007	0.00808	0.00514	0.00161	0.00471	0.02059	0.00353	0.04460
3	0.00590	0.00422	0.00562	0.00675	0.00703	0.00394	0.00450	0.00675	0.00928	0.01237	0.02671	0.82653	0.03205	0.01518	0.00619	0.00197	0.00281	0.01378	0.00450	0.00394
4	0.01810	0.02310	0.01373	0.01248	0.01498	0.81024	0.00936	0.01935	0.01373	0.01186	0.00749	0.00874	0.00624	0.00499	0.00437	0.00125	0.00874	0.00312	0.00250	0.00562
5	0.00630	0.00457	0.00565	0.00609	0.00692	0.00417	0.00430	0.00768	0.01087	0.01473	0.23849	0.41720	0.18344	0.01267	0.00582	0.00174	0.00257	0.01123	0.05140	0.00417
6	0.01296	0.83261	0.02539	0.00829	0.01244	0.01917	0.00829	0.01451	0.00985	0.01140	0.00674	0.00777	0.00622	0.00415	0.00311	0.00104	0.00518	0.00259	0.00207	0.00622
7	0.00645	0.00494	0.00591	0.00567	0.00699	0.00440	0.00425	0.00835	0.01275	0.01714	0.52700	0.03997	0.31706	0.01076	0.00572	0.00156	0.00235	0.00929	0.00503	0.00440
8	0.01269	0.01073	0.01132	0.00999	0.01284	0.01235	0.00782	0.10137	0.71406	0.02130	0.01892	0.01744	0.01414	0.00650	0.00492	0.00162	0.00398	0.00537	0.00492	0.00773
9	0.01205	0.01041	0.01096	0.00986	0.01260	0.01205	0.00767	0.02575	0.79071	0.02027	0.01972	0.01808	0.01479	0.00657	0.00493	0.00164	0.00384	0.00548	0.00493	0.00767
10	0.00640	0.00457	0.00619	0.00731	0.00781	0.00436	0.00536	0.00760	0.00977	0.01292	0.02644	0.62630	0.03097	0.01472	0.00632	0.00204	0.00324	0.20913	0.00449	0.00407
11	0.00586	0.00441	0.00543	0.00624	0.00690	0.00398	0.00427	0.00680	0.00977	0.01257	0.03290	0.61073	0.24385	0.01438	0.00606	0.00188	0.00271	0.01279	0.00450	0.00398
12	0.02174	0.00825	0.01125	0.00862	0.01237	0.00712	0.00712	0.02362	0.01387	0.80282	0.01912	0.01649	0.01200	0.00600	0.00487	0.00150	0.00412	0.00487	0.00600	0.00825
13	0.00692	0.00519	0.00779	0.00779	0.00865	0.00606	0.00606	0.00865	0.00779	0.01125	0.01298	0.01904	0.01211	0.03634	0.81049	0.00779	0.01298	0.00519	0.00260	0.00433
14	0.00725	0.00498	0.00588	0.00564	0.00690	0.00465	0.00423	0.00961	0.03094	0.01803	0.47744	0.03373	0.17171	0.00933	0.00520	0.00146	0.00235	0.00803	0.18809	0.00455
15	0.01842	0.01357	0.01454	0.01115	0.01503	0.01503	0.00921	0.78330	0.02278	0.03054	0.01163	0.01163	0.00824	0.00582	0.00485	0.00145	0.00533	0.00436	0.00485	0.00824
16	0.01907	0.01416	0.12149	0.01035	0.01430	0.18335	0.00924	0.07225	0.01393	0.47012	0.01465	0.01361	0.00968	0.00557	0.00472	0.00145	0.00563	0.00428	0.00461	0.00752
17	0.00664	0.00475	0.00641	0.00721	0.00791	0.00453	0.00543	0.00818	0.01077	0.01450	0.19437	0.44061	0.03388	0.01354	0.00622	0.00194	0.00315	0.22106	0.00467	0.00422
18	0.01249	0.00967	0.01017	0.00892	0.01150	0.01092	0.00700	0.15333	0.48798	0.02156	0.01747	0.01696	0.01315	0.00624	0.00458	0.00150	0.00375	0.00508	0.19064	0.00708
19	0.01810	0.02310	0.01373	0.01248	0.01498	0.81024	0.00936	0.01935	0.01373	0.01186	0.00749	0.00874	0.00624	0.00499	0.00437	0.00125	0.00874	0.00312	0.00250	0.00562
20	0.86392	0.00937	0.00712	0.00637	0.00937	0.01087	0.00525	0.01425	0.00825	0.02174	0.00675	0.00787	0.00525	0.00450	0.00300	0.00150	0.00375	0.00262	0.00300	0.00525
21	0.20169	0.02704	0.01308	0.02522	0.01401	0.05752	0.00847	0.51981	0.01813	0.02628	0.01002	0.01058	0.00735	0.00553	0.00478	0.00147	0.03376	0.00388	0.00412	0.00726
22	0.01639	0.00810	0.00959	0.00778	0.01062	0.00797	0.00629	0.16426	0.04931	0.35615	0.01661	0.01617	0.01155	0.00587	0.00437	0.00137	0.00371	0.00468	0.29224	0.00696
23	0.01449	0.05146	0.01378	0.10639	0.03410	0.42348	0.00964	0.02698	0.01173	0.03928	0.00906	0.01231	0.00782	0.00861	0.08098	0.00205	0.11026	0.02938	0.00262	0.00559
24	0.00808	0.00440	0.00646	0.00646	0.00659	0.00453	0.00439	0.00673	0.00660	0.00892	0.00965	0.01673	0.00971	0.08433	0.13949	0.66203	0.00558	0.00458	0.00225	0.00251
25	0.00917	0.01313	0.26428	0.01158	0.07123	0.00907	0.02778	0.04195	0.04390	0.01677	0.24965	0.05500	0.06908	0.00760	0.00626	0.00161	0.08615	0.00626	0.00356	0.00596
26	0.00701	0.00486	0.00609	0.00609	0.00637	0.00514	0.00394	0.00757	0.00729	0.00999	0.01453	0.02762	0.01584	0.57359	0.27834	0.00570	0.00737	0.00645	0.00283	0.00339
27	0.01234	0.09507	0.05448	0.07432	0.43815	0.07579	0.13421	0.03103	0.01132	0.01509	0.00886	0.01146	0.00723	0.00439	0.00474	0.00143	0.00641	0.00424	0.00240	0.00703
28	0.01009	0.02249	0.63785	0.01523	0.02191	0.01147	0.18206	0.01538	0.01049	0.01538	0.00893	0.01084	0.00640	0.00449	0.00484	0.00156	0.00738	0.00404	0.00213	0.00703
29	0.08217	0.00915	0.01153	0.02438	0.12066	0.00770	0.02055	0.01280	0.01005	0.01623	0.00855	0.01024	0.00707	0.00380	0.00376	0.00091	0.00403	0.00312	0.00280	0.64048
30	0.00586	0.00440	0.00544	0.00627	0.00690	0.00398	0.00429	0.00680	0.00974	0.01256	0.03255	0.62294	0.23187	0.01442	0.00607	0.00188	0.00272	0.01285	0.00450	0.00398
31	0.00589	0.00428	0.00556	0.00658	0.00698	0.00395	0.00442	0.00677	0.00944	0.01244	0.02879	0.75403	0.10321	0.01491	0.00614	0.00194	0.00278	0.01345	0.00450	0.00395
32	0.01371	0.01190	0.01366	0.01132	0.01453	0.04325	0.08537	0.20137	0.50395	0.02187	0.01638	0.01572	0.01219	0.00609	0.00497	0.00158	0.00480	0.00515	0.00457	0.00761
33	0.00971	0.06034	0.72577	0.01314	0.01984	0.01125	0.01674	0.01497	0.01040	0.01539	0.05178	0.01154	0.00831	0.00487	0.00460	0.00151	0.00681	0.00382	0.00223	0.00698
34	0.01144	0.01307	0.02859	0.02042	0.02533	0.01225	0.78186	0.01552	0.01144	0.01552	0.00980	0.01307	0.00735	0.00408	0.00572	0.00163	0.00817	0.00572	0.00245	0.00654
35	0.02174	0.00825	0.01125	0.00862	0.01237	0.00712	0.00712	0.02362	0.01387	0.80282	0.01912	0.01649	0.01200	0.00600	0.00487	0.00150	0.00412	0.00487	0.00600	0.00825
36	0.00975	0.09953	0.44348	0.24701	0.02278	0.01146	0.01473	0.01405	0.01017	0.01432	0.03877	0.01198	0.00793	0.00486	0.00453	0.00150	0.00643	0.00392	0.02643	0.00638
37	0.01002	0.00810	0.01292	0.18221	0.27875	0.00857	0.01009	0.04427	0.01023	0.01401	0.08819	0.01697	0.01222	0.00886	0.00889	0.23880	0.00506	0.03385	0.00274	0.00525
38	0.00972	0.02507	0.80458	0.01381	0.02097	0.01125	0.01790	0.01535	0.01023	0.01535	0.00870	0.01023	0.00614	0.00460	0.00460	0.00153	0.00716	0.00358	0.00205	0.00716
39	0.00929	0.00888	0.01536	0.77116	0.03290	0.01085	0.05862	0.01257	0.00979	0.01257	0.00868	0.01293	0.00651	0.00480	0.00490	0.00162	0.00656	0.00439	0.00217	0.00545
40	0.02749	0.22206	0.19365	0.04857	0.12509	0.01244	0.09042	0.01681	0.01113	0.19180	0.01068	0.01163	0.00781	0.00472	0.00441	0.00140	0.00580	0.00396	0.00305	0.00707
41	0.01419	0.01146	0.04986	0.01624	0.27362	0.01139	0.01039	0.24680	0.10738	0.08123	0.01274	0.01365	0.00956	0.00535	0.00464	0.00144	0.00489	0.00450	0.11320	0.00746
42	0.01005	0.00861	0.01005	0.00718	0.01148	0.00646	0.00574	0.01220	0.01005	0.01579	0.00861	0.01005	0.00718	0.00359	0.00359	0.00072	0.00359	0.00287	0.00287	0.85932
43	0.00619	0.00460	0.00577	0.00623	0.00705	0.00418	0.00442	0.00756	0.01098	0.01464	0.25904	0.42298	0.18898	0.01301	0.00596	0.00178	0.00261	0.02513	0.00475	0.00416
44	0.01199	0.01151	0.01967	0.02974	0.79946	0.01151	0.01487	0.01487	0.01103	0.01583	0.00912	0.01199	0.00768	0.00432	0.00480	0.00144	0.00576	0.00432	0.00240	0.00768
45	0.01055	0.00860	0.01010	0.00724	0.01152	0.00649	0.00580	0.01269	0.01021	0.04962	0.00906	0.01033	0.00738	0.00369	0.00364	0.00075	0.00361	0.00296	0.00301	0.82273
46	0.00688	0.00535	0.00671	0.00649	0.00788	0.00487	0.03161	0.00893	0.04488	0.03252	0.22725	0.23022	0.34499	0.01172	0.00578	0.00169	0.00280	0.01024	0.00469	0.00451
47	0.00590	0.00422	0.00562	0.00675	0.00703	0.00394	0.00450	0.00675	0.00928	0.01237	0.02671	0.82653	0.03205	0.01518	0.00619	0.00197	0.00281	0.01378	0.00450	0.00394
48	0.01176	0.53371	0.31380	0.01034	0.01560	0.01624	0.01185	0.01482	0.00999	0.01286	0.00746	0.00868	0.00619	0.00432	0.00366	0.00122	0.00592	0.00296	0.00206	0.00657
49	0.06652	0.02964	0.01830	0.13869	0.34567	0.12627	0.13083	0.01568	0.01124	0.05809	0.00926	0.01173	0.00730	0.00456	0.00474	0.00147	0.00643	0.00425	0.00261	0.00672
50	0.00586	0.00457	0.00532	0.00586	0.00681	0.00403	0.00412	0.00694	0.01027	0.01298	0.06657	0.43210	0.39008	0.01362	0.00595	0.00180	0.00262	0.01193	0.00453	0.00403
51	0.00678	0.00460	0.00535	0.00558	0.00567	0.00453	0.00328	0.00698	0.00760	0.01009	0.01837	0.19629	0.03762	0.64353	0.02043	0.00407	0.00426	0.00851	0.00329	0.00317
