[name]
unknown

[dist]
# distance from previous block
# <min> <max>
0	125

[block]
# block no. 0 follows, 51 sequences, length 18
# corresponding to MSA columns:
# 145-162
name=unknown_A
#
# <colnr> <probs for GDERKNQSTAVLIFYWHMCP>
#	G	D	E	R	K	N	Q	S	T	A	V	L	I	F	Y	W	H	M	C	P
0	0.21009	0.01117	0.16406	0.00934	0.01285	0.00846	0.00913	0.01604	0.01121	0.23441	0.01637	0.02489	0.01418	0.00767	0.00499	0.00175	0.00480	0.22817	0.00413	0.00631
1	0.25037	0.01252	0.16483	0.00943	0.01346	0.01026	0.00896	0.02017	0.19101	0.25016	0.01398	0.01343	0.00976	0.00552	0.00437	0.00156	0.00461	0.00420	0.00420	0.00717
2	0.01200	0.01031	0.01525	0.11922	0.19163	0.03558	0.07797	0.14065	0.01155	0.01566	0.00909	0.01268	0.00765	0.00819	0.00972	0.19980	0.11009	0.00444	0.00272	0.00580
3	0.24607	0.00706	0.00819	0.00718	0.00909	0.00721	0.05083	0.03336	0.00947	0.07674	0.01879	0.02181	0.17935	0.09708	0.01010	0.20011	0.00407	0.00560	0.00342	0.00448
4	0.00988	0.00759	0.00885	0.00732	0.00981	0.00711	0.00574	0.16062	0.01457	0.02040	0.38375	0.02676	0.10558	0.00799	0.00513	0.00135	0.00325	0.00678	0.00465	0.20287
5	0.01267	0.20032	0.01277	0.00803	0.01072	0.16544	0.00662	0.01425	0.01228	0.13711	0.12966	0.02438	0.23143	0.00776	0.00479	0.00140	0.00462	0.00611	0.00395	0.00568
6	0.01240	0.01398	0.24415	0.30084	0.14584	0.01046	0.01393	0.01606	0.01103	0.16806	0.01092	0.01287	0.00775	0.00499	0.00484	0.00156	0.00618	0.00427	0.00295	0.00692
7	0.01081	0.16851	0.01212	0.00773	0.01016	0.00996	0.00641	0.18883	0.01511	0.02034	0.41445	0.02593	0.07430	0.00809	0.00508	0.00144	0.00362	0.00672	0.00460	0.00580
8	0.00763	0.00590	0.00848	0.16520	0.01319	0.00610	0.00716	0.01013	0.01251	0.01715	0.46245	0.03643	0.03439	0.00986	0.00585	0.00173	0.00366	0.18285	0.00457	0.00477
9	0.05708	0.01122	0.10476	0.04518	0.01337	0.10309	0.07771	0.03481	0.04144	0.01657	0.24140	0.17767	0.02355	0.00852	0.00554	0.00163	0.01974	0.00741	0.00388	0.00544
10	0.01017	0.19906	0.01729	0.62850	0.02893	0.01289	0.01243	0.01306	0.00986	0.01233	0.00829	0.01189	0.00649	0.00475	0.00451	0.00150	0.00625	0.00396	0.00216	0.00566
11	0.20650	0.00593	0.00585	0.00589	0.00747	0.00628	0.00475	0.01190	0.01005	0.01848	0.01586	0.02319	0.01398	0.00699	0.00400	0.00145	0.00308	0.15264	0.49097	0.00474
12	0.00934	0.06040	0.42288	0.19820	0.02128	0.01069	0.01424	0.01349	0.00974	0.01384	0.00954	0.01262	0.00749	0.01100	0.16179	0.00279	0.00815	0.00407	0.00221	0.00623
13	0.01099	0.25910	0.12098	0.24461	0.01967	0.03624	0.01121	0.05107	0.01101	0.01396	0.01167	0.01926	0.01077	0.00641	0.00470	0.00155	0.00587	0.15226	0.00275	0.00592
14	0.01877	0.01088	0.01633	0.01217	0.01628	0.01047	0.18652	0.21508	0.01580	0.42204	0.01526	0.01466	0.01010	0.00559	0.00513	0.00154	0.00545	0.00501	0.00495	0.00796
15	0.01095	0.00913	0.01401	0.01637	0.26744	0.00995	0.03259	0.01341	0.03367	0.07841	0.18150	0.08777	0.01853	0.00773	0.00784	0.00170	0.19293	0.00629	0.00356	0.00623
16	0.00854	0.01682	0.46188	0.01095	0.01571	0.00860	0.01281	0.01254	0.01075	0.01487	0.02168	0.02774	0.19320	0.00821	0.00535	0.00172	0.00562	0.15388	0.00313	0.00601
17	0.01261	0.01264	0.01015	0.00959	0.01122	0.29208	0.00705	0.05871	0.13524	0.01391	0.01451	0.20060	0.01432	0.01011	0.00787	0.16895	0.00558	0.00634	0.00345	0.00509

[dist]
# distance from previous block
# <min> <max>
0	1

[block]
# block no. 1 follows, 51 sequences, length 71
# corresponding to MSA columns:
# 164-234
name=unknown_B
#
# <colnr> <probs for GDERKNQSTAVLIFYWHMCP>
#	G	D	E	R	K	N	Q	S	T	A	V	L	I	F	Y	W	H	M	C	P
0	0.01339	0.01485	0.06060	0.09937	0.11855	0.22064	0.03954	0.09318	0.02819	0.01507	0.00923	0.02880	0.00790	0.02420	0.00779	0.00168	0.19062	0.00435	0.01585	0.00620
1	0.01218	0.01352	0.05317	0.04780	0.21219	0.20831	0.01091	0.03145	0.01149	0.01413	0.01423	0.02047	0.07179	0.00792	0.02438	0.00180	0.11728	0.11808	0.00293	0.00598
2	0.02410	0.00440	0.00575	0.00682	0.00718	0.00415	0.00458	0.00706	0.00949	0.01290	0.04359	0.78945	0.03223	0.01505	0.00619	0.00198	0.00286	0.01362	0.00455	0.00403
3	0.01399	0.69856	0.02382	0.00910	0.01303	0.14808	0.00859	0.01552	0.01063	0.01164	0.00696	0.00804	0.00631	0.00434	0.00336	0.00109	0.00584	0.00272	0.00217	0.00621
4	0.00599	0.00428	0.00570	0.00684	0.00713	0.00399	0.00456	0.00684	0.00941	0.01254	0.02709	0.82409	0.03250	0.01540	0.00627	0.00200	0.00285	0.01397	0.00456	0.00399
5	0.01868	0.01376	0.01475	0.01131	0.01524	0.01524	0.00934	0.78025	0.02311	0.03097	0.01180	0.01180	0.00836	0.00590	0.00492	0.00147	0.00541	0.00442	0.00492	0.00836
6	0.02867	0.03923	0.49941	0.01550	0.09030	0.04802	0.09172	0.09954	0.01208	0.01720	0.00916	0.01081	0.00671	0.00473	0.00475	0.00152	0.00699	0.00394	0.00250	0.00724
7	0.00916	0.00458	0.00458	0.00458	0.00573	0.00458	0.00344	0.01145	0.01031	0.01832	0.01603	0.01832	0.01260	0.00573	0.00344	0.00115	0.00229	0.00458	0.85457	0.00458
8	0.01084	0.02218	0.59244	0.01513	0.02170	0.01189	0.16743	0.07105	0.01154	0.01672	0.00926	0.01105	0.00662	0.00465	0.00491	0.00157	0.00733	0.00412	0.00236	0.00722
9	0.00599	0.00428	0.00570	0.00684	0.00713	0.00399	0.00456	0.00684	0.00941	0.01254	0.02709	0.82409	0.03250	0.01540	0.00627	0.00200	0.00285	0.01397	0.00456	0.00399
10	0.00734	0.00555	0.00703	0.00765	0.00899	0.00532	0.00643	0.00962	0.03318	0.01477	0.08445	0.05068	0.26061	0.01280	0.00638	0.00202	0.00374	0.46431	0.00461	0.00451
11	0.01149	0.01283	0.02714	0.01960	0.02430	0.01219	0.70490	0.01622	0.06530	0.01599	0.01109	0.03506	0.00864	0.00462	0.00576	0.00167	0.00784	0.00600	0.00271	0.00664
12	0.00624	0.00495	0.00561	0.00555	0.00693	0.00432	0.00412	0.00785	0.01207	0.01557	0.32015	0.09723	0.46845	0.01177	0.00584	0.00164	0.00245	0.01008	0.00487	0.00432
13	0.01019	0.00873	0.01019	0.00728	0.01165	0.00655	0.00582	0.01237	0.01019	0.01601	0.00873	0.01019	0.00728	0.00364	0.00364	0.00073	0.00364	0.00291	0.00291	0.85734
14	0.01299	0.79397	0.06074	0.00866	0.01300	0.01908	0.00885	0.01475	0.01000	0.01174	0.00692	0.00800	0.00630	0.00423	0.00322	0.00107	0.00535	0.00267	0.00210	0.00635
15	0.02205	0.00836	0.01140	0.00874	0.01254	0.00722	0.00722	0.02395	0.01407	0.80004	0.01939	0.01673	0.01216	0.00608	0.00494	0.00152	0.00418	0.00494	0.00608	0.00836
16	0.00692	0.00502	0.00652	0.00615	0.00732	0.00462	0.00461	0.00921	0.01383	0.01953	0.77322	0.03700	0.06731	0.01011	0.00580	0.00155	0.00232	0.00893	0.00539	0.00462
17	0.00702	0.00525	0.00783	0.00783	0.00868	0.00610	0.00605	0.00873	0.00788	0.01135	0.01323	0.01967	0.01244	0.05925	0.78565	0.00781	0.01293	0.00532	0.00264	0.00435
18	0.01075	0.01075	0.01505	0.01290	0.01290	0.01505	0.01075	0.01183	0.00753	0.01183	0.00645	0.01075	0.00645	0.00860	0.01613	0.00215	0.81830	0.00430	0.00215	0.00538
19	0.00599	0.00428	0.00570	0.00684	0.00713	0.00399	0.00456	0.00684	0.00941	0.01254	0.02709	0.82409	0.03250	0.01540	0.00627	0.00200	0.00285	0.01397	0.00456	0.00399
20	0.00792	0.00566	0.00792	0.00905	0.01018	0.00566	0.00792	0.01018	0.01131	0.01471	0.02602	0.05543	0.02828	0.01358	0.00679	0.00226	0.00453	0.76356	0.00453	0.00453
21	0.00928	0.00873	0.01474	0.81548	0.03385	0.01092	0.01365	0.01256	0.00983	0.01256	0.00873	0.01310	0.00655	0.00491	0.00491	0.00164	0.00655	0.00437	0.00218	0.00546
22	0.01630	0.01999	0.01423	0.01273	0.01457	0.59278	0.00984	0.01751	0.01219	0.01197	0.00729	0.00937	0.00636	0.00602	0.00760	0.00151	0.22823	0.00347	0.00243	0.00561
23	0.01222	0.01056	0.01111	0.01000	0.01278	0.01222	0.00778	0.02611	0.78776	0.02056	0.02000	0.01833	0.01500	0.00667	0.00500	0.00167	0.00389	0.00556	0.00500	0.00778
24	0.00983	0.02163	0.60750	0.01430	0.02065	0.01093	0.13568	0.01496	0.01083	0.01582	0.06433	0.01351	0.02755	0.00514	0.00495	0.00157	0.00697	0.00449	0.00243	0.00691
25	0.00599	0.00428	0.00570	0.00684	0.00713	0.00399	0.00456	0.00684	0.00941	0.01254	0.02709	0.82409	0.03250	0.01540	0.00627	0.00200	0.00285	0.01397	0.00456	0.00399
26	0.01140	0.01132	0.02072	0.02497	0.50829	0.01106	0.21041	0.01454	0.01155	0.01626	0.08374	0.01546	0.02729	0.00501	0.00521	0.00152	0.00607	0.00529	0.00277	0.00712
27	0.01303	0.01096	0.01156	0.01016	0.01308	0.01260	0.00797	0.11986	0.69271	0.02185	0.01898	0.01752	0.01418	0.00657	0.00499	0.00164	0.00408	0.00542	0.00499	0.00785
28	0.00916	0.00458	0.00458	0.00458	0.00573	0.00458	0.00344	0.01145	0.01031	0.01832	0.01603	0.01832	0.01260	0.00573	0.00344	0.00115	0.00229	0.00458	0.85457	0.00458
29	0.01469	0.59023	0.02223	0.00967	0.01338	0.25390	0.00873	0.01618	0.01116	0.01170	0.00706	0.00817	0.00631	0.00446	0.00353	0.00112	0.00633	0.00279	0.00223	0.00613
30	0.00599	0.00428	0.00570	0.00684	0.00713	0.00399	0.00456	0.00684	0.00941	0.01254	0.02709	0.82409	0.03250	0.01540	0.00627	0.00200	0.00285	0.01397	0.00456	0.00399
31	0.01868	0.01376	0.01475	0.01131	0.01524	0.01524	0.00934	0.78025	0.02311	0.03097	0.01180	0.01180	0.00836	0.00590	0.00492	0.00147	0.00541	0.00442	0.00492	0.00836
32	0.60877	0.01049	0.00927	0.02382	0.01140	0.01198	0.00649	0.21268	0.01225	0.02409	0.00836	0.00929	0.00628	0.00494	0.00357	0.00150	0.00424	0.00319	0.02129	0.00610
33	0.01836	0.02342	0.01393	0.01266	0.01519	0.80756	0.00950	0.01962	0.01393	0.01203	0.00760	0.00886	0.00633	0.00506	0.00443	0.00127	0.00886	0.00317	0.00253	0.00570
34	0.00738	0.06218	0.00790	0.00634	0.00771	0.00566	0.00490	0.00965	0.01364	0.01914	0.73952	0.03471	0.04359	0.00964	0.00561	0.00151	0.00252	0.00845	0.00518	0.00475
35	0.00589	0.00468	0.00529	0.00578	0.00685	0.00408	0.00409	0.00696	0.01043	0.01296	0.04002	0.38135	0.46689	0.01371	0.00601	0.00180	0.00264	0.01192	0.00456	0.00408
36	0.01218	0.01134	0.01728	0.02407	0.55986	0.01184	0.01288	0.01841	0.24576	0.01741	0.01249	0.01403	0.00996	0.00507	0.00491	0.00152	0.00525	0.00473	0.00321	0.00778
37	0.01437	0.01260	0.01816	0.02379	0.53113	0.03056	0.01313	0.25812	0.01503	0.02070	0.01002	0.01197	0.00793	0.00488	0.00487	0.00146	0.00577	0.00437	0.00322	0.00792
38	0.00622	0.00499	0.00556	0.00549	0.00694	0.00433	0.00412	0.00782	0.01202	0.01533	0.28498	0.06218	0.52399	0.01178	0.00583	0.00164	0.00248	0.02515	0.00483	0.00431
39	0.01598	0.01218	0.01319	0.01042	0.01406	0.01314	0.00849	0.52191	0.14591	0.02653	0.01345	0.03310	0.01035	0.00614	0.00484	0.00144	0.00485	0.02255	0.00466	0.11680
40	0.03016	0.00873	0.01020	0.00735	0.01166	0.00669	0.00590	0.01316	0.01040	0.06620	0.00937	0.01056	0.00755	0.00382	0.00371	0.00080	0.00368	0.00304	0.00312	0.78392
41	0.01216	0.01168	0.01995	0.03016	0.79664	0.01168	0.01508	0.01508	0.01119	0.01605	0.00924	0.01216	0.00778	0.00438	0.00487	0.00146	0.00584	0.00438	0.00243	0.00778
42	0.00715	0.00476	0.00536	0.00536	0.00536	0.00476	0.00298	0.00715	0.00715	0.00953	0.01548	0.03216	0.01787	0.82729	0.02501	0.00476	0.00476	0.00715	0.00298	0.00298
43	0.02053	0.00986	0.01221	0.00947	0.01323	0.00956	0.00779	0.21184	0.06990	0.55515	0.01755	0.01561	0.01142	0.00608	0.00494	0.00152	0.00447	0.00486	0.00572	0.00832
44	0.00795	0.00706	0.01240	0.01038	0.01233	0.00659	0.21375	0.01033	0.01186	0.01628	0.31950	0.25098	0.04914	0.01014	0.00597	0.00173	0.00417	0.04011	0.00433	0.00498
45	0.01216	0.01168	0.01995	0.03016	0.79664	0.01168	0.01508	0.01508	0.01119	0.01605	0.00924	0.01216	0.00778	0.00438	0.00487	0.00146	0.00584	0.00438	0.00243	0.00778
46	0.00715	0.00476	0.00536	0.00536	0.00536	0.00476	0.00298	0.00715	0.00715	0.00953	0.01548	0.03216	0.01787	0.82729	0.02501	0.00476	0.00476	0.00715	0.00298	0.00298
47	0.01849	0.01523	0.01454	0.01149	0.01518	0.14088	0.00933	0.64368	0.03776	0.02775	0.01130	0.01147	0.00818	0.00578	0.00484	0.00145	0.00592	0.00425	0.00454	0.00792
48	0.01030	0.00630	0.00795	0.00772	0.00897	0.00638	0.00559	0.01303	0.11434	0.16363	0.03607	0.39880	0.02323	0.12289	0.00889	0.00224	0.04419	0.00961	0.00459	0.00528
49	0.00581	0.00498	0.00498	0.00498	0.00664	0.00415	0.00373	0.00705	0.01120	0.01328	0.04978	0.04729	0.79464	0.01245	0.00581	0.00166	0.00249	0.01037	0.00456	0.00415
50	0.01222	0.01056	0.01111	0.01000	0.01278	0.01222	0.00778	0.02611	0.78776	0.02056	0.02000	0.01833	0.01500	0.00667	0.00500	0.00167	0.00389	0.00556	0.00500	0.00778
51	0.01263	0.70479	0.14673	0.00928	0.01396	0.01819	0.00993	0.01485	0.01005	0.01219	0.00714	0.00827	0.00629	0.00428	0.00339	0.00113	0.00557	0.00278	0.00210	0.00646
52	0.00599	0.00428	0.00570	0.00684	0.00713	0.00399	0.00456	0.00684	0.00941	0.01254	0.02709	0.82409	0.03250	0.01540	0.00627	0.00200	0.00285	0.01397	0.00456	0.00399
53	0.01836	0.02342	0.01393	0.01266	0.01519	0.80756	0.00950	0.01962	0.01393	0.01203	0.00760	0.00886	0.00633	0.00506	0.00443	0.00127	0.00886	0.00317	0.00253	0.00570
54	0.00599	0.00428	0.00570	0.00684	0.00713	0.00399	0.00456	0.00684	0.00941	0.01254	0.02709	0.82409	0.03250	0.01540	0.00627	0.00200	0.00285	0.01397	0.00456	0.00399
55	0.01868	0.01376	0.01475	0.01131	0.01524	0.01524	0.00934	0.78025	0.02311	0.03097	0.01180	0.01180	0.00836	0.00590	0.00492	0.00147	0.00541	0.00442	0.00492	0.00836
56	0.01146	0.03117	0.03367	0.01257	0.01339	0.04872	0.02720	0.06544	0.00912	0.01330	0.00741	0.01123	0.00694	0.00965	0.06135	0.00236	0.62270	0.00429	0.00239	0.00563
57	0.01836	0.02342	0.01393	0.01266	0.01519	0.80756	0.00950	0.01962	0.01393	0.01203	0.00760	0.00886	0.00633	0.00506	0.00443	0.00127	0.00886	0.00317	0.00253	0.00570
58	0.01218	0.01348	0.02519	0.02221	0.21586	0.06741	0.50764	0.01570	0.01151	0.01542	0.00948	0.01259	0.00742	0.00443	0.00585	0.00160	0.03756	0.00521	0.00246	0.00680
59	0.00694	0.00496	0.00679	0.00793	0.00863	0.00481	0.00621	0.00849	0.01035	0.01361	0.02656	0.44563	0.03042	0.01450	0.00653	0.00213	0.00368	0.38304	0.00454	0.00425
60	0.01853	0.01107	0.01256	0.01001	0.01359	0.02782	0.00814	0.28807	0.19561	0.33576	0.01664	0.01522	0.01137	0.00613	0.00494	0.00153	0.00464	0.00487	0.00535	0.00817
61	0.01068	0.01017	0.01727	0.43351	0.40486	0.01129	0.01435	0.01378	0.01049	0.01426	0.00898	0.01265	0.00715	0.00465	0.00489	0.00155	0.00620	0.00437	0.00230	0.00659
62	0.00599	0.00428	0.00570	0.00684	0.00713	0.00399	0.00456	0.00684	0.00941	0.01254	0.02709	0.82409	0.03250	0.01540	0.00627	0.00200	0.00285	0.01397	0.00456	0.00399
63	0.01019	0.00873	0.01019	0.00728	0.01165	0.00655	0.00582	0.01237	0.01019	0.01601	0.00873	0.01019	0.00728	0.00364	0.00364	0.00073	0.00364	0.00291	0.00291	0.85734
64	0.01256	0.68756	0.16334	0.00940	0.01415	0.01802	0.01014	0.01487	0.01005	0.01227	0.00718	0.00832	0.00629	0.00429	0.00342	0.00114	0.00561	0.00281	0.00210	0.00648
65	0.00986	0.02542	0.80183	0.01401	0.02127	0.01141	0.01816	0.01556	0.01038	0.01556	0.00882	0.01038	0.00623	0.00467	0.00467	0.00156	0.00726	0.00363	0.00208	0.00726
66	0.00638	0.00444	0.00559	0.00634	0.00653	0.00425	0.00403	0.00695	0.00864	0.01152	0.02316	0.55581	0.02754	0.29044	0.01262	0.00293	0.00350	0.01166	0.00403	0.00365
67	0.02108	0.00862	0.01152	0.00919	0.02780	0.00772	0.00738	0.05690	0.03477	0.70796	0.01878	0.01651	0.01200	0.00605	0.00490	0.00151	0.00421	0.00491	0.02996	0.00823
68	0.03499	0.48106	0.02048	0.00973	0.01344	0.19712	0.00865	0.13926	0.01298	0.01508	0.00859	0.00946	0.02101	0.00483	0.00377	0.00119	0.00601	0.00318	0.00272	0.00644
69	0.00612	0.00437	0.00586	0.00700	0.00734	0.00411	0.00479	0.00707	0.00954	0.01269	0.02701	0.77085	0.03221	0.01527	0.00631	0.00201	0.00297	0.06589	0.00456	0.00403
70	0.03321	0.01363	0.01333	0.01143	0.01383	0.18296	0.03333	0.13730	0.25748	0.03448	0.01366	0.01477	0.03077	0.00672	0.00710	0.00165	0.16634	0.01754	0.00377	0.00672

[dist]
# distance from previous block
# <min> <max>
0	1

[block]
# block no. 2 follows, 51 sequences, length 41
# corresponding to MSA columns:
# 236-276
name=unknown_C
#
# <colnr> <probs for GDERKNQSTAVLIFYWHMCP>
#	G	D	E	R	K	N	Q	S	T	A	V	L	I	F	Y	W	H	M	C	P
0	0.00599	0.00428	0.00570	0.00684	0.00713	0.00399	0.00456	0.00684	0.00941	0.01254	0.02709	0.82409	0.03250	0.01540	0.00627	0.00200	0.00285	0.01397	0.00456	0.00399
1	0.01393	0.01466	0.28063	0.01146	0.03476	0.00993	0.02637	0.02018	0.20870	0.25055	0.01645	0.05036	0.02722	0.00620	0.00495	0.00159	0.00519	0.00515	0.00419	0.00752
2	0.01094	0.00982	0.01406	0.24776	0.19616	0.04069	0.02625	0.04119	0.11023	0.03302	0.09015	0.02004	0.02831	0.00661	0.00560	0.00164	0.03556	0.07232	0.00336	0.00629
3	0.00599	0.00428	0.00570	0.00684	0.00713	0.00399	0.00456	0.00684	0.00941	0.01254	0.02709	0.82409	0.03250	0.01540	0.00627	0.00200	0.00285	0.01397	0.00456	0.00399
4	0.01612	0.36886	0.01899	0.01084	0.01409	0.47013	0.00903	0.01752	0.01224	0.01183	0.00727	0.00844	0.00632	0.00470	0.00388	0.00117	0.00732	0.00293	0.00235	0.00596
5	0.00581	0.00498	0.00498	0.00498	0.00664	0.00415	0.00373	0.00705	0.01120	0.01328	0.04978	0.04729	0.79464	0.01245	0.00581	0.00166	0.00249	0.01037	0.00456	0.00415
6	0.01868	0.01376	0.01475	0.01131	0.01524	0.01524	0.00934	0.78025	0.02311	0.03097	0.01180	0.01180	0.00836	0.00590	0.00492	0.00147	0.00541	0.00442	0.00492	0.00836
7	0.01213	0.01268	0.01441	0.03702	0.03737	0.15586	0.01032	0.02993	0.00931	0.01267	0.00746	0.01105	0.00689	0.00822	0.03121	0.00204	0.55630	0.00414	0.03547	0.00552
8	0.01836	0.02342	0.01393	0.01266	0.01519	0.80756	0.00950	0.01962	0.01393	0.01203	0.00760	0.00886	0.00633	0.00506	0.00443	0.00127	0.00886	0.00317	0.00253	0.00570
9	0.01735	0.01297	0.01392	0.01096	0.01459	0.01439	0.00895	0.65583	0.11472	0.02892	0.01345	0.04775	0.01020	0.00640	0.00498	0.00152	0.00511	0.00497	0.00491	0.00810
10	0.00715	0.00476	0.00536	0.00536	0.00536	0.00476	0.00298	0.00715	0.00715	0.00953	0.01548	0.03216	0.01787	0.82729	0.02501	0.00476	0.00476	0.00715	0.00298	0.00298
11	0.00614	0.00514	0.00538	0.00550	0.00701	0.00452	0.00405	0.00794	0.04849	0.01352	0.04498	0.16111	0.64390	0.01260	0.00584	0.00171	0.00261	0.01067	0.00458	0.00430
12	0.01029	0.00781	0.00902	0.00801	0.01005	0.00825	0.00621	0.10404	0.25149	0.04046	0.44786	0.02772	0.03154	0.00844	0.00543	0.00157	0.00320	0.00726	0.00524	0.00612
13	0.00599	0.00428	0.00570	0.00684	0.00713	0.00399	0.00456	0.00684	0.00941	0.01254	0.02709	0.82409	0.03250	0.01540	0.00627	0.00200	0.00285	0.01397	0.00456	0.00399
14	0.01019	0.00873	0.01019	0.00728	0.01165	0.00655	0.00582	0.01237	0.01019	0.01601	0.00873	0.01019	0.00728	0.00364	0.00364	0.00073	0.00364	0.00291	0.00291	0.85734
15	0.01335	0.01097	0.01881	0.01440	0.05179	0.01002	0.32578	0.04330	0.06829	0.15262	0.01202	0.01332	0.00882	0.00460	0.00495	0.00137	0.00583	0.00476	0.00348	0.23150
16	0.00696	0.00502	0.00657	0.00618	0.00734	0.00464	0.00464	0.00927	0.01391	0.01971	0.79405	0.03671	0.04637	0.01005	0.00580	0.00155	0.00232	0.00889	0.00541	0.00464
17	0.00681	0.00502	0.00637	0.00603	0.00725	0.00457	0.00452	0.00899	0.01357	0.01889	0.69927	0.03806	0.14166	0.01035	0.00580	0.00156	0.00234	0.00908	0.00530	0.00457
18	0.00721	0.00474	0.00541	0.00541	0.00541	0.00474	0.00304	0.00711	0.00711	0.00948	0.01514	0.03132	0.01741	0.78770	0.02473	0.04641	0.00474	0.00701	0.00294	0.00294
19	0.01203	0.01154	0.01970	0.06709	0.76078	0.01164	0.01501	0.01496	0.01113	0.01589	0.00922	0.01221	0.00773	0.00440	0.00487	0.00147	0.00587	0.00438	0.00242	0.00767
20	0.00696	0.00501	0.00680	0.00789	0.00866	0.00485	0.00624	0.00855	0.01045	0.01368	0.02745	0.40144	0.06071	0.01435	0.00652	0.00212	0.00369	0.39582	0.00454	0.00427
21	0.01069	0.01126	0.07558	0.01330	0.11493	0.00871	0.15753	0.01361	0.01060	0.01593	0.00904	0.01105	0.00730	0.00391	0.00429	0.00106	0.00510	0.00371	0.00270	0.51968
22	0.01423	0.01335	0.03275	0.02380	0.52660	0.07323	0.01327	0.20740	0.01437	0.01948	0.00975	0.01179	0.00779	0.00482	0.00484	0.00145	0.00599	0.00428	0.00306	0.00776
23	0.00599	0.00428	0.00570	0.00684	0.00713	0.00399	0.00456	0.00684	0.00941	0.01254	0.02709	0.82409	0.03250	0.01540	0.00627	0.00200	0.00285	0.01397	0.00456	0.00399
24	0.01284	0.00941	0.01419	0.39351	0.13815	0.01050	0.01151	0.01763	0.14652	0.17639	0.01296	0.01462	0.00936	0.00538	0.00493	0.00159	0.00549	0.00469	0.00351	0.00680
25	0.01246	0.01818	0.34954	0.01535	0.10044	0.03220	0.08418	0.16628	0.07552	0.01868	0.01024	0.01174	0.00765	0.00531	0.00576	0.00159	0.07035	0.00426	0.00296	0.00733
26	0.00599	0.00428	0.00570	0.00684	0.00713	0.00399	0.00456	0.00684	0.00941	0.01254	0.02709	0.82409	0.03250	0.01540	0.00627	0.00200	0.00285	0.01397	0.00456	0.00399
27	0.01197	0.47913	0.02094	0.08702	0.15685	0.04263	0.00971	0.01392	0.01031	0.01260	0.01081	0.01252	0.06256	0.00649	0.04277	0.00156	0.00579	0.00380	0.00238	0.00623
28	0.02205	0.00836	0.01140	0.00874	0.01254	0.00722	0.00722	0.02395	0.01407	0.80004	0.01939	0.01673	0.01216	0.00608	0.00494	0.00152	0.00418	0.00494	0.00608	0.00836
29	0.01561	0.01668	0.01925	0.01608	0.07351	0.28821	0.24790	0.19670	0.01492	0.01791	0.00938	0.01122	0.00726	0.00506	0.00545	0.00148	0.03915	0.00441	0.00306	0.00675
30	0.01504	0.11472	0.03938	0.01216	0.01451	0.39656	0.02353	0.04152	0.06875	0.01332	0.00834	0.01012	0.00707	0.00595	0.00726	0.00151	0.20796	0.00366	0.00263	0.00599
31	0.01836	0.02342	0.01393	0.01266	0.01519	0.80756	0.00950	0.01962	0.01393	0.01203	0.00760	0.00886	0.00633	0.00506	0.00443	0.00127	0.00886	0.00317	0.00253	0.00570
32	0.02025	0.00917	0.01298	0.01241	0.14236	0.00835	0.00863	0.05905	0.01403	0.63319	0.01734	0.01573	0.01126	0.00579	0.00493	0.00151	0.00451	0.00482	0.00542	0.00827
33	0.00581	0.00498	0.00498	0.00498	0.00664	0.00415	0.00373	0.00705	0.01120	0.01328	0.04978	0.04729	0.79464	0.01245	0.00581	0.00166	0.00249	0.01037	0.00456	0.00415
34	0.00598	0.00477	0.00540	0.00577	0.00689	0.00424	0.00412	0.00709	0.01030	0.01281	0.03923	0.29336	0.47921	0.03960	0.05608	0.00225	0.00333	0.01111	0.00440	0.00408
35	0.01076	0.24656	0.58860	0.01247	0.01889	0.01362	0.01548	0.01533	0.01027	0.01446	0.00827	0.00969	0.00625	0.00454	0.00425	0.00142	0.00671	0.00336	0.00208	0.00700
36	0.00589	0.00498	0.00509	0.00506	0.00669	0.00418	0.00380	0.00721	0.01139	0.01373	0.10226	0.04655	0.74189	0.01228	0.00581	0.00165	0.00248	0.01027	0.00462	0.00418
37	0.01284	0.75649	0.09688	0.00892	0.01341	0.01871	0.00930	0.01479	0.01002	0.01193	0.00701	0.00811	0.00630	0.00425	0.00329	0.00110	0.00544	0.00272	0.00210	0.00639
38	0.02829	0.00976	0.01144	0.18006	0.01656	0.01134	0.00857	0.07176	0.47423	0.01844	0.01633	0.01803	0.01287	0.09239	0.00704	0.00197	0.00465	0.00534	0.00415	0.00677
39	0.01257	0.69175	0.15930	0.00937	0.01410	0.01806	0.01009	0.01486	0.01005	0.01225	0.00717	0.00831	0.00629	0.00428	0.00341	0.00114	0.00560	0.00280	0.00210	0.00647
40	0.00963	0.05770	0.66652	0.01317	0.01951	0.01100	0.03417	0.01461	0.01029	0.01508	0.01068	0.09580	0.00902	0.00576	0.00480	0.00158	0.00674	0.00472	0.00235	0.00686

[dist]
# distance from previous block
# <min> <max>
1	2

[block]
# block no. 3 follows, 51 sequences, length 38
# corresponding to MSA columns:
# 279-316
name=unknown_D
#
# <colnr> <probs for GDERKNQSTAVLIFYWHMCP>
#	G	D	E	R	K	N	Q	S	T	A	V	L	I	F	Y	W	H	M	C	P
0	0.00676	0.00518	0.00552	0.00543	0.00714	0.00440	0.00416	0.00815	0.01148	0.05187	0.08474	0.04569	0.67925	0.01207	0.00582	0.00168	0.00267	0.04889	0.00468	0.00440
1	0.01472	0.01203	0.05016	0.01068	0.03514	0.07853	0.00851	0.10359	0.40013	0.15713	0.06291	0.01708	0.01429	0.00639	0.00496	0.00157	0.00465	0.00520	0.00478	0.00756
2	0.01821	0.01484	0.01440	0.01140	0.01507	0.12062	0.00926	0.62948	0.07199	0.02776	0.01178	0.01184	0.00852	0.00584	0.00486	0.00146	0.00577	0.00433	0.00460	0.00796
3	0.01383	0.52044	0.13139	0.01057	0.03194	0.16496	0.01015	0.04264	0.01126	0.01299	0.00748	0.00865	0.00640	0.00449	0.00370	0.00119	0.00623	0.00297	0.00228	0.00643
4	0.04591	0.01320	0.01240	0.01013	0.01322	0.14082	0.02065	0.42460	0.06367	0.02428	0.01222	0.01286	0.00912	0.00570	0.00450	0.00139	0.00526	0.00428	0.16875	0.00703
5	0.00611	0.00437	0.00585	0.00699	0.00733	0.00410	0.00478	0.00706	0.00953	0.01269	0.02702	0.77372	0.03223	0.01528	0.00631	0.00201	0.00296	0.06309	0.00456	0.00403
6	0.01227	0.01905	0.51365	0.01190	0.01759	0.00995	0.01396	0.04192	0.02631	0.17170	0.10142	0.01485	0.01224	0.00564	0.00487	0.00155	0.00596	0.00456	0.00340	0.00722
7	0.00720	0.00520	0.00661	0.00702	0.00783	0.00502	0.00499	0.06448	0.01160	0.01573	0.21580	0.53866	0.04884	0.01328	0.00606	0.00185	0.00294	0.02763	0.00480	0.00449
8	0.00696	0.00502	0.00657	0.00618	0.00734	0.00464	0.00464	0.00927	0.01391	0.01971	0.79405	0.03671	0.04637	0.01005	0.00580	0.00155	0.00232	0.00889	0.00541	0.00464
9	0.01334	0.79919	0.02530	0.00857	0.01271	0.04979	0.00845	0.01490	0.01014	0.01158	0.00686	0.00792	0.00631	0.00424	0.00320	0.00106	0.00539	0.00265	0.00212	0.00628
10	0.00599	0.00428	0.00570	0.00684	0.00713	0.00399	0.00456	0.00684	0.00941	0.01254	0.02709	0.82409	0.03250	0.01540	0.00627	0.00200	0.00285	0.01397	0.00456	0.00399
11	0.00948	0.00894	0.01510	0.76071	0.08704	0.01097	0.01375	0.01273	0.00992	0.01280	0.00877	0.01304	0.00664	0.00488	0.00491	0.00163	0.00650	0.00437	0.00220	0.00562
12	0.01335	0.01488	0.01372	0.04954	0.06521	0.32463	0.00975	0.01450	0.01031	0.01189	0.00802	0.01201	0.00747	0.06350	0.02420	0.04351	0.30170	0.00407	0.00238	0.00533
13	0.01836	0.02342	0.01393	0.01266	0.01519	0.80756	0.00950	0.01962	0.01393	0.01203	0.00760	0.00886	0.00633	0.00506	0.00443	0.00127	0.00886	0.00317	0.00253	0.00570
14	0.01017	0.00873	0.01031	0.02874	0.01224	0.00667	0.00603	0.01238	0.01018	0.01592	0.00873	0.01027	0.00726	0.00367	0.00367	0.00075	0.00372	0.00295	0.00289	0.83471
15	0.00599	0.00428	0.00570	0.00684	0.00713	0.00399	0.00456	0.00684	0.00941	0.01254	0.02709	0.82409	0.03250	0.01540	0.00627	0.00200	0.00285	0.01397	0.00456	0.00399
16	0.22121	0.01135	0.01136	0.00957	0.01279	0.01292	0.00769	0.27007	0.34778	0.02433	0.01411	0.01368	0.01047	0.00590	0.00450	0.00157	0.00436	0.00448	0.00450	0.00737
17	0.12352	0.00902	0.01239	0.43884	0.02335	0.00980	0.01006	0.04098	0.01023	0.01552	0.00860	0.01151	0.00667	0.00453	0.00429	0.00135	0.00528	0.00371	0.00261	0.25775
18	0.01196	0.01247	0.01186	0.01075	0.02380	0.23617	0.07936	0.04183	0.15972	0.01513	0.02095	0.08754	0.14111	0.03901	0.00608	0.00175	0.00559	0.08544	0.00379	0.00569
19	0.00931	0.00502	0.00508	0.00500	0.00622	0.00514	0.00373	0.01236	0.06622	0.01817	0.01630	0.01881	0.01295	0.03465	0.00431	0.00131	0.00249	0.00474	0.76345	0.00475
20	0.00898	0.00826	0.01232	0.30316	0.01883	0.01054	0.00997	0.01085	0.00869	0.01200	0.01226	0.06927	0.05032	0.06999	0.09822	0.00275	0.28047	0.00558	0.00256	0.00497
21	0.01113	0.32050	0.04265	0.45339	0.02468	0.04658	0.01163	0.01375	0.01007	0.01225	0.00797	0.01087	0.00644	0.00464	0.00422	0.00140	0.00618	0.00364	0.00216	0.00584
22	0.00936	0.00856	0.01379	0.21416	0.34481	0.00893	0.01109	0.01172	0.01050	0.01412	0.01814	0.18161	0.11734	0.00782	0.00529	0.00164	0.00496	0.00712	0.00309	0.00596
23	0.00599	0.00428	0.00570	0.00684	0.00713	0.00399	0.00456	0.00684	0.00941	0.01254	0.02709	0.82409	0.03250	0.01540	0.00627	0.00200	0.00285	0.01397	0.00456	0.00399
24	0.01145	0.01258	0.07294	0.11185	0.42980	0.01167	0.22967	0.01492	0.01110	0.01552	0.00970	0.01333	0.00787	0.00458	0.00516	0.00156	0.00667	0.02010	0.00244	0.00710
25	0.07332	0.15206	0.08222	0.04155	0.01516	0.36765	0.00998	0.02932	0.01174	0.05149	0.00805	0.00961	0.00659	0.00539	0.00578	0.00142	0.11667	0.00339	0.00260	0.00602
26	0.01501	0.00670	0.00874	0.00733	0.00951	0.00605	0.00552	0.01631	0.01158	0.43219	0.08583	0.05344	0.03031	0.26050	0.02662	0.00266	0.00430	0.00639	0.00492	0.00608
27	0.01162	0.01312	0.09051	0.13885	0.21682	0.09333	0.15768	0.05780	0.01236	0.01641	0.12952	0.01575	0.01319	0.00547	0.00513	0.00153	0.00629	0.00515	0.00298	0.00650
28	0.00985	0.00814	0.00904	0.00834	0.01040	0.00891	0.00638	0.01864	0.45517	0.01948	0.27382	0.07021	0.06403	0.00853	0.00537	0.00165	0.00325	0.00734	0.00509	0.00637
29	0.05729	0.01311	0.01319	0.01039	0.01403	0.08030	0.00843	0.45438	0.08210	0.02480	0.01117	0.01158	0.00834	0.00549	0.00487	0.00136	0.02783	0.00405	0.00419	0.16313
30	0.00715	0.00476	0.00536	0.00536	0.00536	0.00476	0.00298	0.00715	0.00715	0.00953	0.01548	0.03216	0.01787	0.82729	0.02501	0.00476	0.00476	0.00715	0.00298	0.00298
31	0.00944	0.00881	0.01436	0.52141	0.12985	0.01062	0.01238	0.01217	0.00985	0.01317	0.03507	0.08960	0.01040	0.00639	0.00629	0.00170	0.09494	0.00541	0.00254	0.00560
32	0.00589	0.00465	0.00532	0.00585	0.00687	0.00407	0.00412	0.00695	0.01036	0.01293	0.03913	0.41189	0.43693	0.01383	0.00603	0.00182	0.00266	0.01206	0.00456	0.00407
33	0.00987	0.02307	0.68944	0.01439	0.04897	0.01114	0.03238	0.01512	0.01043	0.01545	0.00994	0.01346	0.00776	0.00531	0.00507	0.00161	0.02377	0.05351	0.00226	0.00705
34	0.00595	0.00469	0.00529	0.00574	0.00677	0.00412	0.00402	0.00697	0.01028	0.01279	0.03899	0.35538	0.45153	0.05566	0.00698	0.00195	0.00275	0.01164	0.00448	0.00403
35	0.01812	0.01344	0.01445	0.01104	0.01500	0.01467	0.00911	0.72993	0.02226	0.02999	0.01160	0.01169	0.00829	0.00575	0.00483	0.00143	0.00529	0.00433	0.00478	0.06399
36	0.01182	0.09277	0.46488	0.01517	0.09659	0.12606	0.06440	0.03055	0.01131	0.01513	0.02230	0.01079	0.00722	0.00474	0.00462	0.00147	0.00712	0.00380	0.00232	0.00694
37	0.01029	0.16429	0.08139	0.35530	0.02159	0.03923	0.01086	0.01298	0.00997	0.04152	0.02608	0.02526	0.02409	0.01074	0.14390	0.00259	0.00730	0.00445	0.00254	0.00564

[dist]
# distance from previous block
# <min> <max>
5	95

# created by:
# /st0/software/busco_prod/Augustus/scripts/msa2prfl.pl ./align_prep/59843.fa
