[name]
unknown

[dist]
# distance from previous block
# <min> <max>
0	214

[block]
# block no. 0 follows, 51 sequences, length 58
# corresponding to MSA columns:
# 222-279
name=unknown_A
#
# <colnr> <probs for GDERKNQSTAVLIFYWHMCP>
#	G	D	E	R	K	N	Q	S	T	A	V	L	I	F	Y	W	H	M	C	P
0	0.20384	0.00918	0.01186	0.02984	0.22996	0.00959	0.00923	0.01484	0.11230	0.01759	0.01437	0.02300	0.01337	0.00703	0.00486	0.00165	0.00461	0.19923	0.00348	0.08017
1	0.01477	0.09049	0.20891	0.01049	0.01489	0.01165	0.01031	0.15001	0.17025	0.18904	0.01402	0.01373	0.00997	0.00557	0.00462	0.00147	0.00510	0.00437	0.04284	0.02750
2	0.02997	0.00970	0.01077	0.00910	0.01206	0.01037	0.00725	0.17860	0.31192	0.15303	0.02159	0.02055	0.12411	0.00888	0.05132	0.00194	0.00458	0.00578	0.00489	0.02359
3	0.01623	0.01587	0.34954	0.01107	0.01629	0.00940	0.01195	0.06270	0.01299	0.39963	0.03570	0.01428	0.01035	0.00558	0.00485	0.00153	0.00552	0.00446	0.00428	0.00779
4	0.03056	0.01654	0.05915	0.01278	0.06050	0.20884	0.01012	0.48090	0.03329	0.02427	0.01053	0.01108	0.00778	0.00553	0.00475	0.00143	0.00633	0.00406	0.00400	0.00755
5	0.00732	0.00536	0.00719	0.00707	0.00753	0.00605	0.00503	0.00831	0.00760	0.01075	0.01380	0.02420	0.01430	0.36714	0.42028	0.00614	0.05589	0.00599	0.01619	0.00385
6	0.00713	0.00482	0.00564	0.00564	0.00574	0.00492	0.00333	0.00733	0.00723	0.00974	0.01523	0.03073	0.01724	0.73928	0.11218	0.00511	0.00570	0.00694	0.00294	0.00313
7	0.01343	0.01302	0.01295	0.01126	0.01305	0.18584	0.00899	0.17185	0.08447	0.01652	0.01039	0.01296	0.00877	0.01273	0.16817	0.00292	0.23904	0.00439	0.00316	0.00608
8	0.00600	0.00442	0.00562	0.00651	0.00706	0.00405	0.00443	0.00699	0.00990	0.01299	0.06568	0.66296	0.15603	0.01468	0.00618	0.00192	0.00277	0.01316	0.00460	0.00405
9	0.01378	0.01158	0.01041	0.00908	0.01130	0.16858	0.00691	0.18308	0.13893	0.05989	0.01399	0.01741	0.01169	0.15191	0.05375	0.00236	0.00569	0.00493	0.11865	0.00605
10	0.00630	0.00500	0.00566	0.00550	0.00694	0.00436	0.00412	0.00801	0.01237	0.01604	0.36978	0.04274	0.47292	0.01141	0.00580	0.00161	0.00242	0.00973	0.00493	0.00436
11	0.01093	0.00890	0.00963	0.00875	0.01091	0.00988	0.00664	0.09206	0.45248	0.01915	0.08290	0.09898	0.06290	0.09453	0.00733	0.00200	0.00382	0.00695	0.00475	0.00651
12	0.86201	0.00950	0.00722	0.00646	0.00950	0.01102	0.00532	0.01445	0.00836	0.02205	0.00684	0.00798	0.00532	0.00456	0.00304	0.00152	0.00380	0.00266	0.00304	0.00532
13	0.01131	0.01487	0.13881	0.01938	0.02444	0.01241	0.63297	0.01553	0.01123	0.01553	0.00961	0.01272	0.00723	0.00443	0.00614	0.00167	0.04724	0.00542	0.00241	0.00666
14	0.00588	0.00468	0.00529	0.00577	0.00685	0.00408	0.00409	0.00696	0.01044	0.01296	0.04009	0.37906	0.46913	0.01371	0.00601	0.00180	0.00264	0.01191	0.00456	0.00408
15	0.01020	0.06338	0.37138	0.01247	0.06550	0.08635	0.03660	0.01401	0.01184	0.01627	0.24244	0.01813	0.01833	0.00625	0.00494	0.00149	0.00577	0.00521	0.00315	0.00629
16	0.01806	0.01243	0.01361	0.01059	0.01422	0.01352	0.00864	0.60289	0.06522	0.12086	0.01338	0.01391	0.00973	0.05239	0.00606	0.00168	0.00514	0.00471	0.00495	0.00802
17	0.03010	0.00771	0.01016	0.00835	0.01145	0.00693	0.00683	0.02024	0.05077	0.56128	0.07305	0.04836	0.06162	0.00766	0.00523	0.00162	0.00393	0.07172	0.00567	0.00733
18	0.01059	0.01078	0.10411	0.00982	0.01229	0.01040	0.00852	0.09143	0.27662	0.01694	0.01616	0.01870	0.04975	0.07731	0.18304	0.00328	0.08494	0.00539	0.00367	0.00625
19	0.00707	0.00476	0.00552	0.00559	0.00565	0.00480	0.00325	0.00722	0.00732	0.00981	0.01602	0.07710	0.01839	0.73580	0.06817	0.00478	0.00513	0.00743	0.00305	0.00312
20	0.01019	0.00873	0.01019	0.00728	0.01165	0.00655	0.00582	0.01237	0.01019	0.01601	0.00873	0.01019	0.00728	0.00364	0.00364	0.00073	0.00364	0.00291	0.00291	0.85734
21	0.00645	0.00466	0.00621	0.00728	0.00785	0.00441	0.00534	0.00767	0.00998	0.01312	0.02811	0.59149	0.07454	0.01478	0.00637	0.00204	0.00324	0.19778	0.00455	0.00413
22	0.86201	0.00950	0.00722	0.00646	0.00950	0.01102	0.00532	0.01445	0.00836	0.02205	0.00684	0.00798	0.00532	0.00456	0.00304	0.00152	0.00380	0.00266	0.00304	0.00532
23	0.01034	0.00826	0.00963	0.00706	0.01098	0.00636	0.00557	0.01240	0.01015	0.04114	0.00988	0.01211	0.00834	0.05039	0.00488	0.00101	0.00364	0.00331	0.05213	0.73242
24	0.01351	0.60318	0.12539	0.00971	0.01413	0.09398	0.00984	0.05686	0.01113	0.01318	0.00743	0.00852	0.00641	0.00444	0.00357	0.00116	0.00587	0.00291	0.00229	0.00648
25	0.30788	0.01006	0.01251	0.06136	0.19974	0.01055	0.00902	0.08755	0.01200	0.22766	0.01132	0.01196	0.00808	0.00507	0.00426	0.00151	0.00470	0.00394	0.00383	0.00700
26	0.07686	0.09663	0.19802	0.01319	0.09809	0.06154	0.02544	0.20844	0.07217	0.07068	0.01074	0.01146	0.00796	0.00513	0.00451	0.00145	0.00579	0.00396	0.00343	0.02453
27	0.28032	0.05095	0.14412	0.00951	0.05572	0.01009	0.00812	0.08425	0.01011	0.03103	0.01042	0.01549	0.00944	0.19809	0.06125	0.00267	0.00557	0.00434	0.00298	0.00557
28	0.00625	0.00477	0.00574	0.00597	0.00703	0.00426	0.00430	0.00773	0.01155	0.01521	0.29268	0.28832	0.30329	0.01257	0.00595	0.00173	0.00255	0.01101	0.00485	0.00426
29	0.00708	0.00478	0.00557	0.00562	0.00570	0.00483	0.00329	0.00726	0.00731	0.00982	0.01587	0.06941	0.01815	0.72823	0.08340	0.00487	0.00531	0.00733	0.00303	0.00313
30	0.00829	0.00455	0.00483	0.00504	0.00607	0.00443	0.00367	0.01022	0.01021	0.01682	0.02083	0.17480	0.07847	0.00811	0.00417	0.00135	0.00241	0.00684	0.62447	0.00443
31	0.00942	0.00888	0.01499	0.77798	0.07027	0.01095	0.01372	0.01268	0.00989	0.01272	0.00876	0.01306	0.00661	0.00489	0.00491	0.00163	0.00652	0.00437	0.00220	0.00557
32	0.00702	0.00525	0.00783	0.00783	0.00868	0.00610	0.00606	0.00873	0.00788	0.01136	0.01323	0.01966	0.01244	0.05855	0.78634	0.00781	0.01293	0.00532	0.00264	0.00435
33	0.01126	0.36874	0.47078	0.01162	0.01758	0.01484	0.01400	0.01520	0.01021	0.01386	0.00797	0.00931	0.00626	0.00447	0.00402	0.00134	0.00641	0.00320	0.00209	0.00685
34	0.00760	0.00523	0.00622	0.00625	0.00757	0.00475	0.00464	0.02891	0.01171	0.05985	0.19297	0.25237	0.30022	0.01194	0.00578	0.00171	0.00279	0.03904	0.04586	0.00459
35	0.00676	0.00495	0.00626	0.00604	0.00715	0.00454	0.00444	0.00873	0.01294	0.01793	0.61166	0.09379	0.13473	0.05017	0.00676	0.00175	0.00250	0.00934	0.00513	0.00445
36	0.02070	0.00851	0.01132	0.00885	0.01247	0.00770	0.00727	0.04263	0.06323	0.69735	0.01897	0.01681	0.01225	0.00743	0.03917	0.00180	0.00458	0.00498	0.00584	0.00816
37	0.86201	0.00950	0.00722	0.00646	0.00950	0.01102	0.00532	0.01445	0.00836	0.02205	0.00684	0.00798	0.00532	0.00456	0.00304	0.00152	0.00380	0.00266	0.00304	0.00532
38	0.01101	0.12612	0.01280	0.00878	0.05618	0.00859	0.00672	0.01308	0.01034	0.04775	0.00982	0.04953	0.00859	0.00443	0.00382	0.00091	0.00398	0.00357	0.00298	0.61101
39	0.01314	0.83025	0.02575	0.00841	0.01261	0.01945	0.00841	0.01472	0.00999	0.01156	0.00683	0.00788	0.00631	0.00420	0.00315	0.00105	0.00526	0.00263	0.00210	0.00631
40	0.00854	0.00427	0.00640	0.00640	0.00640	0.00427	0.00427	0.00640	0.00640	0.00854	0.00854	0.01494	0.00854	0.01707	0.01921	0.85702	0.00427	0.00427	0.00213	0.00213
41	0.01038	0.02180	0.57173	0.01600	0.02258	0.01171	0.24462	0.01562	0.01074	0.01562	0.00915	0.01123	0.00659	0.00451	0.00501	0.00159	0.00757	0.00428	0.00220	0.00707
42	0.00609	0.00436	0.00581	0.00688	0.00723	0.00408	0.00467	0.00706	0.00968	0.01296	0.06368	0.76219	0.03303	0.01508	0.00627	0.00198	0.00288	0.03742	0.00460	0.00404
43	0.01006	0.00615	0.00772	0.00693	0.00877	0.00571	0.00544	0.05889	0.01391	0.14811	0.45100	0.03477	0.15231	0.00974	0.00567	0.00160	0.00299	0.05951	0.00530	0.00540
44	0.01868	0.01376	0.01475	0.01131	0.01524	0.01524	0.00934	0.78025	0.02311	0.03097	0.01180	0.01180	0.00836	0.00590	0.00492	0.00147	0.00541	0.00442	0.00492	0.00836
45	0.86201	0.00950	0.00722	0.00646	0.00950	0.01102	0.00532	0.01445	0.00836	0.02205	0.00684	0.00798	0.00532	0.00456	0.00304	0.00152	0.00380	0.00266	0.00304	0.00532
46	0.00916	0.00710	0.00852	0.00764	0.00985	0.00662	0.00595	0.04869	0.08059	0.03640	0.13429	0.17990	0.09397	0.00931	0.00555	0.00152	0.02465	0.09051	0.00427	0.23551
47	0.05974	0.01189	0.02091	0.17806	0.20967	0.03272	0.31017	0.03807	0.04838	0.01607	0.00978	0.01271	0.00758	0.00464	0.00529	0.00159	0.01858	0.00486	0.00263	0.00666
48	0.01509	0.05183	0.01439	0.01165	0.03400	0.08080	0.00932	0.27426	0.07579	0.08853	0.01110	0.01254	0.00868	0.00857	0.06124	0.00206	0.22514	0.00439	0.00373	0.00691
49	0.71600	0.00931	0.00795	0.00686	0.01003	0.01036	0.00565	0.01610	0.00935	0.15728	0.00902	0.00950	0.00651	0.00483	0.00337	0.00152	0.00387	0.00306	0.00357	0.00585
50	0.00613	0.00478	0.00556	0.00582	0.00695	0.00421	0.00419	0.00750	0.01128	0.01454	0.21435	0.27985	0.39173	0.01279	0.00595	0.00173	0.00256	0.01112	0.00476	0.00421
51	0.01278	0.01084	0.01143	0.01011	0.01299	0.01249	0.00791	0.09165	0.72131	0.02146	0.01929	0.01777	0.01442	0.00660	0.00499	0.00165	0.00402	0.00546	0.00499	0.00783
52	0.01158	0.01320	0.02867	0.02053	0.02538	0.01249	0.76080	0.01565	0.01150	0.01565	0.00986	0.01320	0.00743	0.00425	0.00604	0.00167	0.02726	0.00576	0.00248	0.00660
53	0.01237	0.01001	0.00995	0.00907	0.01113	0.10011	0.00714	0.23079	0.08173	0.01943	0.01719	0.14037	0.01630	0.03132	0.04442	0.00201	0.00507	0.11983	0.12585	0.00591
54	0.02105	0.00856	0.01126	0.00870	0.01236	0.00768	0.00717	0.08063	0.01453	0.69659	0.01862	0.01644	0.01190	0.00605	0.00485	0.00150	0.00417	0.00488	0.05492	0.00814
55	0.01472	0.01323	0.01399	0.15172	0.04485	0.12669	0.02433	0.27279	0.24652	0.02116	0.01298	0.01359	0.00969	0.00575	0.00489	0.00153	0.00572	0.00460	0.00399	0.00725
56	0.06866	0.01613	0.01184	0.01037	0.01322	0.40546	0.00795	0.02976	0.13652	0.06072	0.05568	0.01330	0.02558	0.00559	0.00447	0.00132	0.00624	0.00406	0.00345	0.11969
57	0.05996	0.03866	0.17147	0.22605	0.23747	0.06293	0.01359	0.08271	0.01162	0.01621	0.00887	0.01141	0.00690	0.00487	0.00496	0.00152	0.02752	0.00400	0.00254	0.00675

[dist]
# distance from previous block
# <min> <max>
0	2

[block]
# block no. 1 follows, 51 sequences, length 36
# corresponding to MSA columns:
# 282-305,315-326
name=unknown_B
#
# <colnr> <probs for GDERKNQSTAVLIFYWHMCP>
#	G	D	E	R	K	N	Q	S	T	A	V	L	I	F	Y	W	H	M	C	P
0	0.04862	0.05681	0.01440	0.09353	0.05634	0.09463	0.00989	0.12148	0.03210	0.02720	0.00902	0.01191	0.00766	0.00959	0.09137	0.00233	0.28527	0.00417	0.00283	0.02085
1	0.05471	0.19442	0.01140	0.04786	0.00960	0.02663	0.00552	0.05757	0.00921	0.01229	0.01254	0.02312	0.01338	0.46889	0.01578	0.00326	0.00504	0.02149	0.00288	0.00441
2	0.01355	0.01477	0.01234	0.01250	0.09326	0.36229	0.00870	0.06572	0.01203	0.01360	0.01129	0.01459	0.03595	0.05453	0.18976	0.00305	0.05146	0.00440	0.02065	0.00556
3	0.01118	0.34516	0.22946	0.21222	0.02127	0.01461	0.07485	0.01449	0.01018	0.01321	0.00809	0.01028	0.00644	0.00450	0.00421	0.00138	0.00636	0.00359	0.00215	0.00638
4	0.01197	0.01159	0.08447	0.01433	0.20132	0.01010	0.00987	0.06999	0.19253	0.04339	0.01254	0.03499	0.01002	0.00517	0.00455	0.00131	0.00467	0.00442	0.00349	0.26929
5	0.00617	0.00499	0.00548	0.00536	0.00686	0.00430	0.00402	0.00776	0.01206	0.01531	0.28545	0.04394	0.55770	0.01169	0.00580	0.00162	0.00244	0.00990	0.00483	0.00430
6	0.00914	0.00584	0.00739	0.00663	0.00826	0.00542	0.00509	0.04988	0.01417	0.10675	0.60599	0.03410	0.10291	0.00959	0.00566	0.00155	0.00270	0.00834	0.00539	0.00520
7	0.00704	0.00476	0.00535	0.00539	0.00548	0.00471	0.00307	0.00713	0.00741	0.00981	0.01748	0.06017	0.05459	0.76130	0.02347	0.00452	0.00459	0.00753	0.00311	0.00307
8	0.01837	0.02291	0.01397	0.01259	0.01519	0.76521	0.00949	0.06028	0.01442	0.01304	0.00782	0.00902	0.00644	0.00511	0.00446	0.00128	0.00868	0.00323	0.00266	0.00584
9	0.00780	0.00555	0.00767	0.00872	0.00974	0.00554	0.00746	0.00986	0.01095	0.01427	0.02530	0.07781	0.02767	0.07215	0.00808	0.00243	0.00449	0.68571	0.00442	0.00440
10	0.01019	0.00873	0.01019	0.00728	0.01165	0.00655	0.00582	0.01237	0.01019	0.01601	0.00873	0.01019	0.00728	0.00364	0.00364	0.00073	0.00364	0.00291	0.00291	0.85734
11	0.00589	0.00478	0.00523	0.00555	0.00680	0.00411	0.00400	0.00704	0.01075	0.01322	0.06083	0.27246	0.55575	0.01325	0.00594	0.00175	0.00259	0.01138	0.00458	0.00411
12	0.01078	0.09315	0.69393	0.01325	0.02007	0.01188	0.01675	0.01593	0.01054	0.05663	0.00921	0.01050	0.00655	0.00470	0.00455	0.00151	0.00693	0.00361	0.00229	0.00724
13	0.00753	0.00503	0.00664	0.00640	0.00713	0.00485	0.02915	0.00860	0.01006	0.01431	0.25716	0.11001	0.02659	0.25609	0.01275	0.09082	0.00357	0.03388	0.10555	0.00387
14	0.01221	0.01046	0.01108	0.01000	0.01274	0.01206	0.00782	0.04174	0.74451	0.02058	0.02003	0.01948	0.01532	0.00689	0.00506	0.00168	0.00394	0.03174	0.00498	0.00768
15	0.00727	0.00524	0.00730	0.00759	0.00832	0.00570	0.00584	0.00874	0.00857	0.01179	0.01692	0.03135	0.01759	0.21763	0.42322	0.00575	0.00903	0.19487	0.00319	0.00409
16	0.01171	0.01138	0.01990	0.14122	0.62868	0.01163	0.07370	0.01477	0.01103	0.01553	0.00923	0.01238	0.00758	0.00444	0.00494	0.00150	0.00613	0.00449	0.00240	0.00736
17	0.01807	0.01329	0.01425	0.01099	0.01472	0.01469	0.00900	0.73944	0.02226	0.02984	0.01199	0.01287	0.00886	0.04926	0.00598	0.00165	0.00537	0.00457	0.00481	0.00807
18	0.01222	0.01056	0.01111	0.01000	0.01278	0.01222	0.00778	0.02611	0.78776	0.02056	0.02000	0.01833	0.01500	0.00667	0.00500	0.00167	0.00389	0.00556	0.00500	0.00778
19	0.01782	0.01910	0.01389	0.01197	0.01496	0.48024	0.00927	0.25572	0.09663	0.01877	0.01018	0.01075	0.00785	0.00549	0.00464	0.00137	0.00728	0.00380	0.00352	0.00674
20	0.00987	0.00836	0.00963	0.00711	0.01106	0.00650	0.00566	0.03655	0.01082	0.01626	0.03227	0.01530	0.10228	0.00492	0.00399	0.00088	0.00353	0.00399	0.00323	0.70780
21	0.00744	0.00548	0.00711	0.00691	0.00721	0.00618	0.00476	0.00813	0.00743	0.01037	0.01387	0.02585	0.01493	0.48536	0.28813	0.00558	0.08255	0.00625	0.00279	0.00367
22	0.86201	0.00950	0.00722	0.00646	0.00950	0.01102	0.00532	0.01445	0.00836	0.02205	0.00684	0.00798	0.00532	0.00456	0.00304	0.00152	0.00380	0.00266	0.00304	0.00532
23	0.00854	0.00427	0.00640	0.00640	0.00640	0.00427	0.00427	0.00640	0.00640	0.00854	0.00854	0.01494	0.00854	0.01707	0.01921	0.85702	0.00427	0.00427	0.00213	0.00213
24	0.01019	0.00873	0.01019	0.00728	0.01165	0.00655	0.00582	0.01237	0.01019	0.01601	0.00873	0.01019	0.00728	0.00364	0.00364	0.00073	0.00364	0.00291	0.00291	0.85734
25	0.01160	0.01326	0.02900	0.02071	0.02568	0.01243	0.77879	0.01574	0.01160	0.01574	0.00994	0.01326	0.00746	0.00414	0.00580	0.00166	0.00829	0.00580	0.00249	0.00663
26	0.00597	0.00486	0.00530	0.00558	0.00692	0.00419	0.00412	0.00720	0.01090	0.01334	0.06235	0.21115	0.58133	0.01306	0.00595	0.00175	0.00265	0.04464	0.00458	0.00414
27	0.00632	0.00472	0.00588	0.00618	0.00710	0.00427	0.00441	0.00783	0.01154	0.01547	0.32841	0.35197	0.20250	0.01269	0.00599	0.00175	0.00257	0.01123	0.00489	0.00427
28	0.00716	0.00499	0.00600	0.00583	0.00662	0.00470	0.00399	0.00840	0.01076	0.02748	0.34886	0.03646	0.12922	0.34012	0.01357	0.00288	0.00342	0.03125	0.00430	0.00396
29	0.01695	0.01221	0.01302	0.01020	0.01366	0.01346	0.00836	0.63243	0.04843	0.02861	0.01276	0.01306	0.00926	0.00590	0.00469	0.00143	0.00486	0.00449	0.13848	0.00774
30	0.00642	0.00477	0.00591	0.00622	0.00713	0.00436	0.00447	0.00787	0.01130	0.01508	0.29219	0.31138	0.20530	0.05408	0.00698	0.00192	0.00276	0.04289	0.00477	0.00422
31	0.00713	0.00507	0.00709	0.00709	0.00767	0.00565	0.00514	0.00819	0.00761	0.01072	0.01360	0.02279	0.01370	0.26355	0.54227	0.05012	0.01029	0.00576	0.00271	0.00387
32	0.86201	0.00950	0.00722	0.00646	0.00950	0.01102	0.00532	0.01445	0.00836	0.02205	0.00684	0.00798	0.00532	0.00456	0.00304	0.00152	0.00380	0.00266	0.00304	0.00532
33	0.01424	0.01126	0.01525	0.19572	0.13358	0.06461	0.07406	0.08249	0.17778	0.16010	0.01343	0.01436	0.00976	0.00545	0.00497	0.00156	0.00565	0.00477	0.00381	0.00718
34	0.03392	0.01889	0.01323	0.01174	0.01451	0.50398	0.00899	0.11674	0.19777	0.01663	0.01104	0.01145	0.00861	0.00554	0.00460	0.00139	0.00715	0.00388	0.00343	0.00652
35	0.25966	0.00735	0.00880	0.17338	0.01385	0.00822	0.01829	0.01101	0.00951	0.01567	0.05801	0.08891	0.10628	0.07025	0.00716	0.03151	0.02903	0.07502	0.00336	0.00473

[dist]
# distance from previous block
# <min> <max>
0	1

[block]
# block no. 2 follows, 51 sequences, length 19
# corresponding to MSA columns:
# 328-346
name=unknown_C
#
# <colnr> <probs for GDERKNQSTAVLIFYWHMCP>
#	G	D	E	R	K	N	Q	S	T	A	V	L	I	F	Y	W	H	M	C	P
0	0.00941	0.00610	0.00793	0.03135	0.00885	0.04256	0.02394	0.02046	0.04743	0.02444	0.01204	0.09098	0.01191	0.01430	0.01438	0.55838	0.00446	0.03742	0.03034	0.00334
1	0.63301	0.01278	0.00907	0.03530	0.01168	0.19999	0.00659	0.01561	0.00973	0.01935	0.00709	0.00836	0.00560	0.00469	0.00343	0.00146	0.00510	0.00284	0.00289	0.00542
2	0.01146	0.00925	0.01054	0.16699	0.01512	0.07573	0.00787	0.12634	0.07816	0.07373	0.24557	0.04960	0.09365	0.00784	0.00527	0.00156	0.00445	0.00661	0.00437	0.00589
3	0.01003	0.06799	0.76078	0.01371	0.02081	0.01184	0.01764	0.01552	0.01035	0.01535	0.00871	0.01024	0.00623	0.00464	0.00459	0.00153	0.00716	0.00358	0.00208	0.00721
4	0.01173	0.00945	0.01037	0.00909	0.01158	0.01048	0.00711	0.14394	0.43573	0.02200	0.24626	0.02267	0.02314	0.00754	0.00522	0.00160	0.00367	0.00635	0.00511	0.00695
5	0.01391	0.01361	0.01085	0.00991	0.01198	0.30542	0.00746	0.18287	0.01436	0.03440	0.03315	0.26900	0.01639	0.00869	0.00512	0.00155	0.00564	0.00710	0.04286	0.00573
6	0.00724	0.00584	0.00877	0.26309	0.01576	0.00634	0.00761	0.00910	0.01017	0.01351	0.11361	0.43664	0.02575	0.01135	0.00581	0.00184	0.00404	0.04506	0.00391	0.00456
7	0.86201	0.00950	0.00722	0.00646	0.00950	0.01102	0.00532	0.01445	0.00836	0.02205	0.00684	0.00798	0.00532	0.00456	0.00304	0.00152	0.00380	0.00266	0.00304	0.00532
8	0.00702	0.00527	0.00790	0.00790	0.00878	0.00614	0.00614	0.00878	0.00790	0.01141	0.01316	0.01931	0.01229	0.03686	0.80782	0.00790	0.01316	0.00527	0.00263	0.00439
9	0.02043	0.00918	0.01166	0.00903	0.01268	0.00862	0.00743	0.15976	0.03167	0.59947	0.03796	0.01644	0.01244	0.00615	0.00491	0.00150	0.00429	0.00495	0.03330	0.00813
10	0.00974	0.00937	0.01484	0.56462	0.02730	0.01221	0.01274	0.01233	0.00911	0.01233	0.00802	0.01237	0.00652	0.00607	0.00842	0.00180	0.26028	0.00435	0.00217	0.00543
11	0.00662	0.00504	0.00606	0.00606	0.00731	0.00455	0.00460	0.00838	0.01214	0.01605	0.37069	0.07523	0.31281	0.04896	0.00681	0.00183	0.00276	0.09489	0.00486	0.00434
12	0.01088	0.01103	0.01402	0.01219	0.01246	0.07381	0.00999	0.01199	0.00803	0.01172	0.00743	0.01210	0.00734	0.04020	0.08217	0.00266	0.66010	0.00440	0.00225	0.00523
13	0.00781	0.00532	0.00642	0.00662	0.00769	0.00529	0.00492	0.01087	0.08992	0.01697	0.24433	0.26008	0.02964	0.01053	0.00538	0.00165	0.00281	0.07249	0.20651	0.00475
14	0.01011	0.00839	0.00973	0.00706	0.01116	0.00639	0.00563	0.01230	0.01020	0.01620	0.00934	0.01086	0.00772	0.00381	0.00362	0.00076	0.00353	0.00305	0.07334	0.78682
15	0.00671	0.00475	0.00595	0.00618	0.00701	0.00442	0.00439	0.00826	0.01136	0.01573	0.34370	0.28625	0.11310	0.07939	0.00742	0.00196	0.00276	0.02958	0.05685	0.00424
16	0.01035	0.00755	0.00880	0.00763	0.00911	0.00784	0.02903	0.21879	0.01251	0.01664	0.05804	0.02852	0.08112	0.43212	0.01555	0.00324	0.00472	0.03981	0.00382	0.00481
17	0.66421	0.00927	0.00786	0.04378	0.01077	0.01064	0.00586	0.03067	0.07342	0.02095	0.01168	0.01241	0.07161	0.00543	0.00356	0.00155	0.00386	0.00365	0.00333	0.00550
18	0.13511	0.01330	0.01306	0.01188	0.07596	0.12822	0.00885	0.32352	0.10462	0.09305	0.01236	0.01345	0.00933	0.00582	0.00465	0.00150	0.00541	0.02839	0.00421	0.00731

[dist]
# distance from previous block
# <min> <max>
1	11

[block]
# block no. 3 follows, 51 sequences, length 49
# corresponding to MSA columns:
# 358-406
name=unknown_D
#
# <colnr> <probs for GDERKNQSTAVLIFYWHMCP>
#	G	D	E	R	K	N	Q	S	T	A	V	L	I	F	Y	W	H	M	C	P
0	0.01101	0.02141	0.13000	0.20220	0.08955	0.03558	0.07339	0.09214	0.07929	0.01632	0.02830	0.04416	0.01011	0.00863	0.08110	0.00217	0.02708	0.00495	0.02232	0.02028
1	0.01096	0.00872	0.02933	0.08652	0.01432	0.00861	0.07218	0.03375	0.21147	0.09874	0.08479	0.13839	0.04760	0.00821	0.00535	0.00165	0.00435	0.06155	0.00433	0.06918
2	0.00773	0.00621	0.00740	0.02526	0.00905	0.02275	0.03171	0.05496	0.01194	0.03203	0.12862	0.22233	0.37663	0.01173	0.00582	0.00172	0.00325	0.03165	0.00455	0.00468
3	0.01014	0.01182	0.11221	0.27951	0.19843	0.01088	0.13614	0.01350	0.01072	0.01475	0.07004	0.01553	0.03951	0.00551	0.00572	0.00161	0.05000	0.00508	0.00261	0.00627
4	0.02084	0.00861	0.01137	0.00885	0.01251	0.00777	0.00726	0.04720	0.07108	0.69942	0.03866	0.01719	0.01311	0.00622	0.00497	0.00153	0.00415	0.00507	0.00595	0.00823
5	0.01071	0.00891	0.01037	0.00745	0.01179	0.00687	0.00597	0.03983	0.01072	0.03081	0.00904	0.01037	0.00741	0.00376	0.00371	0.00077	0.00371	0.00300	0.00304	0.81177
6	0.00589	0.00482	0.00520	0.00546	0.00678	0.00413	0.00396	0.00708	0.01088	0.01333	0.07092	0.22942	0.58898	0.01305	0.00592	0.00173	0.00257	0.01116	0.00459	0.00413
7	0.00628	0.00449	0.00552	0.00621	0.00659	0.00422	0.00403	0.00695	0.00902	0.01182	0.02672	0.51509	0.12154	0.23466	0.01129	0.00270	0.00332	0.01169	0.00413	0.00374
8	0.00860	0.00720	0.00980	0.08671	0.05433	0.00740	0.04870	0.01279	0.14495	0.01569	0.07661	0.06924	0.21530	0.00971	0.00563	0.00176	0.00403	0.16707	0.04914	0.00535
9	0.01101	0.00881	0.01031	0.00751	0.01176	0.00690	0.00601	0.01381	0.05230	0.06308	0.00998	0.01102	0.00799	0.00395	0.00379	0.00083	0.00369	0.00318	0.00321	0.76087
10	0.01119	0.01071	0.01823	0.14872	0.59133	0.01097	0.03766	0.01406	0.01094	0.01526	0.01186	0.03631	0.05064	0.00519	0.00499	0.00152	0.00576	0.00500	0.00257	0.00709
11	0.01188	0.00822	0.00838	0.00740	0.00940	0.08427	0.00572	0.08946	0.01169	0.09803	0.01411	0.02992	0.01157	0.05231	0.15395	0.00264	0.00570	0.00472	0.30868	0.08195
12	0.01421	0.03667	0.01240	0.00947	0.01313	0.01112	0.00776	0.29077	0.16210	0.06513	0.01367	0.01568	0.01080	0.00585	0.00463	0.00133	0.00446	0.05597	0.00428	0.26057
13	0.03923	0.07695	0.01467	0.01205	0.01488	0.63645	0.00930	0.11259	0.01465	0.01457	0.00804	0.00913	0.00655	0.00510	0.00437	0.00128	0.00806	0.00327	0.00281	0.00606
14	0.00817	0.00567	0.00749	0.00813	0.00938	0.00550	0.00674	0.01038	0.03221	0.04797	0.05117	0.14044	0.10697	0.04329	0.00710	0.00217	0.00401	0.48115	0.00456	0.01751
15	0.00778	0.00468	0.00603	0.00638	0.00708	0.00453	0.00471	0.00851	0.00963	0.01379	0.09523	0.17282	0.07269	0.01273	0.00924	0.23918	0.00331	0.12629	0.19162	0.00376
16	0.07361	0.01182	0.01323	0.01020	0.01404	0.01248	0.00843	0.49673	0.01936	0.26895	0.01384	0.01308	0.00934	0.00587	0.00480	0.00149	0.00492	0.00447	0.00516	0.00817
17	0.01588	0.32136	0.11579	0.01097	0.06737	0.01343	0.00974	0.07404	0.04167	0.26613	0.01211	0.01199	0.00875	0.00509	0.00423	0.00135	0.00516	0.00385	0.00371	0.00739
18	0.00962	0.00556	0.00693	0.00662	0.00822	0.00495	0.00498	0.01108	0.01166	0.17813	0.16306	0.20883	0.25338	0.05504	0.00681	0.00188	0.00312	0.05015	0.00494	0.00503
19	0.01145	0.00784	0.00916	0.00850	0.01078	0.00811	0.00686	0.04595	0.27077	0.13583	0.07906	0.03290	0.15637	0.00942	0.00560	0.00177	0.00379	0.18458	0.00500	0.00627
20	0.07551	0.01464	0.01401	0.05421	0.01577	0.13949	0.00928	0.54722	0.04003	0.02612	0.01085	0.01132	0.00791	0.00564	0.00471	0.00146	0.00586	0.00413	0.00427	0.00756
21	0.00831	0.00436	0.00634	0.00642	0.00647	0.00436	0.00430	0.00662	0.00674	0.00898	0.01038	0.04292	0.01085	0.08934	0.01886	0.72255	0.00428	0.03318	0.00237	0.00236
22	0.00603	0.00461	0.00542	0.00599	0.00681	0.00413	0.00413	0.00701	0.01006	0.01280	0.05593	0.44222	0.32858	0.07355	0.00745	0.00206	0.00284	0.01193	0.00447	0.00400
23	0.01167	0.00865	0.00975	0.00898	0.01113	0.00939	0.00683	0.12666	0.34858	0.07630	0.02128	0.30047	0.02000	0.00958	0.00543	0.00174	0.00376	0.00831	0.00491	0.00657
24	0.40073	0.12853	0.01278	0.23352	0.01743	0.10797	0.00859	0.01458	0.00967	0.01669	0.00746	0.00950	0.00593	0.00467	0.00375	0.00146	0.00539	0.00319	0.00261	0.00555
25	0.00868	0.00756	0.01225	0.57013	0.02575	0.00899	0.01089	0.01136	0.01055	0.01396	0.19322	0.01877	0.01604	0.00695	0.00610	0.05999	0.00540	0.00542	0.00294	0.00504
26	0.01523	0.02150	0.16799	0.01331	0.01692	0.51595	0.09039	0.01773	0.01300	0.01362	0.06175	0.01151	0.00916	0.00523	0.00471	0.00138	0.00805	0.00392	0.00263	0.00603
27	0.01046	0.00873	0.01022	0.00731	0.01167	0.00657	0.00586	0.01264	0.01028	0.03406	0.00898	0.01034	0.00739	0.00370	0.00367	0.00075	0.00365	0.00296	0.00298	0.83779
28	0.00986	0.02542	0.80183	0.01401	0.02127	0.01141	0.01816	0.01556	0.01038	0.01556	0.00882	0.01038	0.00623	0.00467	0.00467	0.00156	0.00726	0.00363	0.00208	0.00726
29	0.00636	0.00455	0.00614	0.00727	0.00772	0.00432	0.00522	0.00750	0.00978	0.01297	0.02688	0.67382	0.03168	0.01504	0.00637	0.00205	0.00318	0.16051	0.00455	0.00410
30	0.01073	0.01021	0.01735	0.42158	0.41645	0.01130	0.01437	0.01382	0.01051	0.01431	0.00899	0.01263	0.00717	0.00465	0.00489	0.00155	0.00619	0.00437	0.00231	0.00663
31	0.01318	0.75278	0.06705	0.00889	0.01319	0.05235	0.00898	0.01497	0.01017	0.01180	0.00697	0.00806	0.00630	0.00427	0.00329	0.00109	0.00552	0.00270	0.00212	0.00633
32	0.01050	0.00872	0.01022	0.00732	0.01167	0.00657	0.00586	0.01268	0.01029	0.03661	0.00901	0.01036	0.00741	0.00370	0.00367	0.00075	0.00365	0.00296	0.00299	0.83503
33	0.01288	0.01239	0.01915	0.04526	0.68439	0.05477	0.01436	0.06749	0.01212	0.01678	0.00932	0.01198	0.00772	0.00453	0.00485	0.00145	0.00599	0.00432	0.00260	0.00766
34	0.00732	0.00542	0.00612	0.00580	0.00745	0.00483	0.00440	0.00952	0.04706	0.05677	0.29338	0.04090	0.47103	0.01106	0.00572	0.00161	0.00258	0.00938	0.00494	0.00469
35	0.00604	0.00431	0.00576	0.00690	0.00721	0.00404	0.00465	0.00693	0.00946	0.01260	0.02706	0.80376	0.03239	0.01535	0.00629	0.00200	0.00290	0.03380	0.00456	0.00401
36	0.01061	0.00612	0.00774	0.00753	0.00907	0.00582	0.00554	0.04519	0.06690	0.19107	0.05463	0.46791	0.07819	0.01187	0.00578	0.00180	0.00329	0.01050	0.00498	0.00547
37	0.01379	0.60304	0.05228	0.00953	0.01341	0.07878	0.00911	0.08918	0.01141	0.01365	0.00742	0.00863	0.00651	0.00475	0.00436	0.00120	0.06111	0.00300	0.00241	0.00643
38	0.45635	0.01463	0.01058	0.00922	0.01225	0.26518	0.00730	0.14067	0.01253	0.02031	0.00789	0.00888	0.00614	0.00494	0.00379	0.00143	0.00567	0.00311	0.00318	0.00594
39	0.09538	0.01021	0.01061	0.00949	0.01193	0.06446	0.01676	0.21534	0.15605	0.05331	0.01756	0.15427	0.01646	0.02630	0.00567	0.00178	0.00462	0.11900	0.00445	0.00634
40	0.01187	0.01155	0.02024	0.09662	0.66828	0.01167	0.07743	0.01492	0.01111	0.01573	0.00926	0.01233	0.00765	0.00441	0.00495	0.00149	0.00610	0.00449	0.00242	0.00749
41	0.01146	0.00895	0.01039	0.00919	0.01083	0.01059	0.00729	0.12998	0.21607	0.01872	0.01526	0.09373	0.01308	0.00761	0.00733	0.00165	0.19494	0.00566	0.22117	0.00612
42	0.01216	0.01168	0.01995	0.03016	0.79664	0.01168	0.01508	0.01508	0.01119	0.01605	0.00924	0.01216	0.00778	0.00438	0.00487	0.00146	0.00584	0.00438	0.00243	0.00778
43	0.71310	0.01161	0.00827	0.00743	0.01036	0.13642	0.00597	0.01516	0.00934	0.02043	0.02166	0.00866	0.00625	0.00474	0.00331	0.00148	0.00457	0.00286	0.00301	0.00537
44	0.00596	0.00439	0.00558	0.00653	0.00705	0.00402	0.00442	0.00688	0.00970	0.01267	0.03084	0.69573	0.15844	0.01491	0.00620	0.00194	0.00279	0.01338	0.00456	0.00402
45	0.01642	0.01131	0.01268	0.01013	0.01302	0.04169	0.02096	0.41396	0.01707	0.15643	0.01354	0.03778	0.01094	0.13575	0.00889	0.00206	0.06068	0.00517	0.00448	0.00706
46	0.01165	0.00786	0.00931	0.00890	0.01102	0.00835	0.00733	0.06281	0.25772	0.10575	0.02129	0.03218	0.01915	0.00912	0.00549	0.00181	0.00406	0.29994	0.11004	0.00622
47	0.01082	0.02325	0.67745	0.01336	0.01995	0.01162	0.01653	0.10719	0.01179	0.01719	0.00943	0.01136	0.00692	0.03553	0.00546	0.00167	0.00695	0.00386	0.00245	0.00723
48	0.01748	0.01317	0.01407	0.01107	0.01478	0.01468	0.00905	0.64058	0.16473	0.02904	0.01332	0.01301	0.00959	0.00604	0.00493	0.00151	0.00513	0.00463	0.00493	0.00825

[dist]
# distance from previous block
# <min> <max>
0	1

[block]
# block no. 4 follows, 51 sequences, length 22
# corresponding to MSA columns:
# 408-429
name=unknown_E
#
# <colnr> <probs for GDERKNQSTAVLIFYWHMCP>
#	G	D	E	R	K	N	Q	S	T	A	V	L	I	F	Y	W	H	M	C	P
0	0.05745	0.00552	0.00786	0.00781	0.00882	0.00643	0.00609	0.00911	0.00793	0.01204	0.01279	0.01864	0.01187	0.03495	0.76035	0.00752	0.01261	0.00511	0.00266	0.00444
1	0.86201	0.00950	0.00722	0.00646	0.00950	0.01102	0.00532	0.01445	0.00836	0.02205	0.00684	0.00798	0.00532	0.00456	0.00304	0.00152	0.00380	0.00266	0.00304	0.00532
2	0.01182	0.07432	0.45919	0.01220	0.01767	0.01228	0.01383	0.17756	0.06021	0.01865	0.02779	0.01223	0.00855	0.00748	0.06314	0.00197	0.00685	0.00408	0.00297	0.00719
3	0.00627	0.00456	0.00592	0.00663	0.00727	0.00422	0.00465	0.00754	0.01063	0.01425	0.19386	0.54781	0.10639	0.01389	0.00615	0.00188	0.00278	0.04640	0.00474	0.00417
4	0.00884	0.02416	0.12429	0.01221	0.03491	0.00837	0.25136	0.01183	0.01154	0.01565	0.19909	0.02641	0.17848	0.06272	0.00687	0.00181	0.00523	0.00715	0.00355	0.00553
5	0.00795	0.00508	0.00630	0.00609	0.00693	0.00477	0.00416	0.00915	0.01075	0.07159	0.32149	0.13277	0.06538	0.31122	0.01286	0.00279	0.00343	0.00866	0.00442	0.00419
6	0.01240	0.01176	0.01928	0.15135	0.07540	0.03773	0.29748	0.18278	0.02755	0.01837	0.03267	0.06882	0.02944	0.00586	0.00536	0.00161	0.00647	0.00581	0.00328	0.00659
7	0.00615	0.00437	0.00577	0.00683	0.00713	0.00412	0.00459	0.00701	0.00933	0.01242	0.02620	0.73369	0.03126	0.07444	0.00766	0.00221	0.00306	0.04539	0.00444	0.00394
8	0.02662	0.07586	0.16661	0.01402	0.01820	0.12278	0.20002	0.13500	0.03522	0.05983	0.00987	0.01149	0.00746	0.00529	0.00601	0.00155	0.08999	0.00433	0.00301	0.00684
9	0.01350	0.00885	0.00996	0.00850	0.01119	0.00930	0.00673	0.13426	0.28223	0.16895	0.11951	0.02219	0.09293	0.00735	0.00502	0.00155	0.00370	0.00607	0.08130	0.00694
10	0.00627	0.00499	0.00565	0.00573	0.00713	0.00438	0.00435	0.00782	0.01173	0.01488	0.22400	0.10199	0.49810	0.01218	0.00592	0.00171	0.00264	0.07150	0.00476	0.00428
11	0.01310	0.00963	0.01094	0.00977	0.01234	0.01050	0.00793	0.23889	0.26464	0.06760	0.03870	0.08135	0.01803	0.00873	0.00550	0.00176	0.00439	0.18444	0.00491	0.00687
12	0.00982	0.00929	0.01572	0.66777	0.17732	0.01106	0.01392	0.01303	0.01008	0.01321	0.00883	0.01293	0.00678	0.00481	0.00490	0.00160	0.00642	0.00437	0.00223	0.00590
13	0.86201	0.00950	0.00722	0.00646	0.00950	0.01102	0.00532	0.01445	0.00836	0.02205	0.00684	0.00798	0.00532	0.00456	0.00304	0.00152	0.00380	0.00266	0.00304	0.00532
14	0.04327	0.00977	0.01099	0.00912	0.01222	0.01032	0.00731	0.18062	0.27833	0.23482	0.05414	0.01864	0.05742	0.00671	0.00491	0.00155	0.00406	0.00543	0.04285	0.00749
15	0.01416	0.09744	0.14988	0.23052	0.02053	0.12709	0.01155	0.09717	0.05459	0.13441	0.01093	0.01219	0.00793	0.00520	0.00463	0.00148	0.00625	0.00405	0.00324	0.00676
16	0.01245	0.01060	0.01821	0.23881	0.38085	0.01116	0.09197	0.01538	0.01104	0.10923	0.01027	0.01302	0.00788	0.00490	0.00549	0.00157	0.04278	0.00459	0.00280	0.00700
17	0.00640	0.00457	0.00617	0.00731	0.00778	0.00435	0.00528	0.00755	0.00981	0.01301	0.02686	0.66024	0.03160	0.01501	0.00638	0.00205	0.00321	0.17375	0.00455	0.00411
18	0.45611	0.11376	0.01124	0.00792	0.01094	0.06065	0.00666	0.01628	0.00998	0.16441	0.00950	0.01020	0.00711	0.00516	0.00446	0.00148	0.06363	0.00330	0.03120	0.00602
19	0.00652	0.00474	0.00635	0.00683	0.00736	0.00487	0.00478	0.00757	0.00864	0.01170	0.02193	0.36517	0.07449	0.15724	0.28346	0.00445	0.00667	0.00962	0.00364	0.00397
20	0.01176	0.34542	0.22149	0.01175	0.03515	0.06282	0.03986	0.01444	0.00990	0.01292	0.00793	0.01009	0.00679	0.00724	0.05990	0.00185	0.12871	0.00351	0.00219	0.00630
21	0.00918	0.00542	0.00744	0.00710	0.00765	0.00572	0.00504	0.08311	0.00837	0.01133	0.01010	0.01640	0.00973	0.06493	0.16400	0.56802	0.00605	0.00463	0.00255	0.00321

[dist]
# distance from previous block
# <min> <max>
0	10

# created by:
# /st0/software/busco_prod/Augustus/scripts/msa2prfl.pl ./align_prep/59872.fa
