[name]
unknown

[dist]
# distance from previous block
# <min> <max>
0	8

[block]
# block no. 0 follows, 50 sequences, length 24
# corresponding to MSA columns:
# 8-31
name=unknown_A
#
# <colnr> <probs for GDERKNQSTAVLIFYWHMCP>
#	G	D	E	R	K	N	Q	S	T	A	V	L	I	F	Y	W	H	M	C	P
0	0.00803	0.00574	0.00803	0.00918	0.01033	0.00574	0.00803	0.01033	0.01147	0.01492	0.02639	0.05622	0.02869	0.01377	0.00688	0.00229	0.00459	0.76018	0.00459	0.00459
1	0.01112	0.20488	0.53031	0.01358	0.01991	0.03114	0.09217	0.01570	0.01064	0.01481	0.00858	0.01021	0.00646	0.00458	0.00450	0.00147	0.00705	0.00367	0.00216	0.00705
2	0.04387	0.00926	0.01192	0.00916	0.01301	0.00853	0.00757	0.12641	0.01536	0.67274	0.01828	0.01605	0.01163	0.00610	0.00496	0.00154	0.00440	0.00488	0.00593	0.00840
3	0.00607	0.00434	0.00578	0.00694	0.00723	0.00405	0.00463	0.00694	0.00954	0.01272	0.02747	0.82157	0.03297	0.01562	0.00636	0.00202	0.00289	0.01417	0.00463	0.00405
4	0.01390	0.74357	0.02494	0.00887	0.01307	0.04007	0.00863	0.07412	0.01126	0.01327	0.00734	0.00833	0.00656	0.00442	0.00337	0.00111	0.00544	0.00282	0.00236	0.00654
5	0.00685	0.00529	0.00620	0.00613	0.00751	0.00479	0.00463	0.02998	0.01258	0.01649	0.33063	0.12334	0.36072	0.01187	0.00597	0.00170	0.00270	0.05312	0.00497	0.00452
6	0.00600	0.00461	0.00550	0.00621	0.00704	0.00411	0.00430	0.00702	0.01024	0.01301	0.03633	0.52389	0.32494	0.01446	0.00618	0.00189	0.00275	0.01277	0.00463	0.00411
7	0.01137	0.02393	0.69223	0.01372	0.02062	0.01174	0.01710	0.08579	0.01187	0.05201	0.00970	0.01094	0.00678	0.00491	0.00477	0.00157	0.00706	0.00382	0.00255	0.00752
8	0.01248	0.01232	0.02075	0.02935	0.71270	0.03535	0.07259	0.01548	0.01146	0.01614	0.00938	0.01232	0.00783	0.00444	0.00499	0.00149	0.00620	0.00451	0.00247	0.00774
9	0.00941	0.00886	0.01495	0.81285	0.03433	0.01107	0.01384	0.01274	0.00997	0.01274	0.00886	0.01329	0.00664	0.00498	0.00498	0.00166	0.00664	0.00443	0.00221	0.00554
10	0.00594	0.00501	0.00515	0.00520	0.00679	0.00421	0.00387	0.00721	0.01134	0.01363	0.07279	0.09436	0.72206	0.01273	0.00592	0.00170	0.00254	0.01069	0.00466	0.00421
11	0.01287	0.71885	0.13113	0.00930	0.01399	0.01862	0.00987	0.01504	0.01018	0.01228	0.00720	0.00834	0.00639	0.00433	0.00341	0.00114	0.00561	0.00280	0.00213	0.00653
12	0.01736	0.01413	0.01255	0.01079	0.01370	0.25575	0.00847	0.03668	0.25292	0.25259	0.01523	0.01455	0.01098	0.00619	0.00556	0.00155	0.05466	0.00460	0.00445	0.00728
13	0.00607	0.00434	0.00578	0.00694	0.00723	0.00405	0.00463	0.00694	0.00954	0.01272	0.02747	0.82157	0.03297	0.01562	0.00636	0.00202	0.00289	0.01417	0.00463	0.00405
14	0.01650	0.01646	0.01331	0.01147	0.01443	0.32193	0.00895	0.25149	0.20546	0.02013	0.01243	0.01289	0.00957	0.00774	0.05315	0.00185	0.00695	0.00432	0.00392	0.00704
15	0.01116	0.01193	0.02023	0.43641	0.04666	0.08303	0.28955	0.01461	0.01102	0.01394	0.00921	0.01294	0.00699	0.00470	0.00526	0.00163	0.00748	0.00485	0.00236	0.00604
16	0.00733	0.00501	0.00631	0.00663	0.00771	0.00455	0.00486	0.00879	0.01142	0.05946	0.20840	0.36392	0.20649	0.01301	0.00610	0.00183	0.00288	0.06585	0.00491	0.00453
17	0.00613	0.00441	0.00581	0.00684	0.00723	0.00409	0.00460	0.00710	0.00988	0.01319	0.07435	0.74930	0.05823	0.01519	0.00632	0.00199	0.00285	0.01374	0.00468	0.00409
18	0.81114	0.00939	0.00737	0.00664	0.00960	0.01090	0.00545	0.01432	0.00846	0.02174	0.00731	0.00876	0.00580	0.00650	0.04906	0.00191	0.00440	0.00285	0.00306	0.00534
19	0.05983	0.00934	0.01015	0.00770	0.01159	0.03310	0.00614	0.05943	0.03698	0.03967	0.04963	0.01416	0.05434	0.00492	0.00407	0.00100	0.00387	0.00391	0.00345	0.58672
20	0.03102	0.03041	0.03026	0.00751	0.00905	0.05475	0.00570	0.01047	0.01123	0.06232	0.20419	0.39489	0.02905	0.02624	0.00598	0.00175	0.00354	0.00984	0.00446	0.06732
21	0.01139	0.03445	0.03923	0.03239	0.01457	0.05417	0.08201	0.04744	0.01122	0.01635	0.00896	0.01067	0.00730	0.00409	0.00426	0.00098	0.01738	0.00340	0.00289	0.59684
22	0.04100	0.18823	0.20342	0.01038	0.01480	0.01287	0.01032	0.02018	0.28291	0.10894	0.01369	0.01349	0.01019	0.00547	0.00446	0.00147	0.00508	0.00424	0.00370	0.04516
23	0.08709	0.21758	0.16659	0.01082	0.01533	0.03911	0.04438	0.14488	0.08308	0.12850	0.01133	0.01165	0.00833	0.00519	0.00437	0.00143	0.00559	0.00393	0.00355	0.00727

[dist]
# distance from previous block
# <min> <max>
1	18

[block]
# block no. 1 follows, 50 sequences, length 22
# corresponding to MSA columns:
# 50-71
name=unknown_B
#
# <colnr> <probs for GDERKNQSTAVLIFYWHMCP>
#	G	D	E	R	K	N	Q	S	T	A	V	L	I	F	Y	W	H	M	C	P
0	0.03705	0.00984	0.01610	0.01374	0.08825	0.00935	0.19796	0.03972	0.03505	0.29531	0.08627	0.03999	0.01449	0.00636	0.00563	0.00160	0.02839	0.03158	0.00438	0.03892
1	0.17052	0.03599	0.01169	0.03667	0.01318	0.03278	0.00757	0.16337	0.17149	0.10810	0.04684	0.01385	0.01102	0.00571	0.00469	0.00144	0.02267	0.00432	0.00419	0.13388
2	0.05018	0.07502	0.61848	0.01286	0.01934	0.01154	0.01587	0.01633	0.01078	0.08880	0.01018	0.01204	0.00742	0.00507	0.00464	0.00156	0.00671	0.02334	0.00260	0.00725
3	0.15615	0.04049	0.01281	0.01115	0.01393	0.50664	0.00856	0.02004	0.12652	0.04457	0.00986	0.01053	0.00777	0.00531	0.00433	0.00139	0.00713	0.00354	0.00315	0.00614
4	0.00643	0.00481	0.00597	0.00623	0.00720	0.00435	0.00446	0.00798	0.01181	0.01583	0.34090	0.32391	0.21643	0.01273	0.00606	0.00176	0.00259	0.01123	0.00497	0.00435
5	0.00894	0.00713	0.00826	0.00762	0.00941	0.00747	0.00582	0.01549	0.29318	0.02000	0.47798	0.03097	0.06955	0.00906	0.00559	0.00162	0.00294	0.00786	0.00530	0.00583
6	0.01275	0.68813	0.16073	0.00952	0.01432	0.01830	0.01025	0.01508	0.01020	0.01243	0.00728	0.00844	0.00638	0.00435	0.00347	0.00116	0.00569	0.00284	0.00213	0.00657
7	0.01978	0.01174	0.01347	0.01043	0.01429	0.01227	0.00858	0.45162	0.06927	0.31247	0.01534	0.01423	0.01033	0.00610	0.00500	0.00153	0.00493	0.00475	0.00543	0.00844
8	0.00609	0.00456	0.00567	0.00645	0.00713	0.00413	0.00443	0.00715	0.01027	0.01337	0.08244	0.58634	0.21475	0.01455	0.00622	0.00191	0.00277	0.01297	0.00468	0.00413
9	0.00711	0.00464	0.00551	0.00603	0.00688	0.00436	0.00430	0.00863	0.01054	0.01521	0.09416	0.38422	0.14088	0.01185	0.00545	0.00170	0.00269	0.03610	0.24544	0.00432
10	0.01798	0.01348	0.01442	0.01127	0.01509	0.01501	0.00924	0.66662	0.13549	0.02986	0.01319	0.01294	0.00947	0.00610	0.00500	0.00152	0.00526	0.00466	0.00500	0.00839
11	0.01954	0.00786	0.01066	0.00839	0.01175	0.00684	0.00684	0.02154	0.01424	0.65364	0.16215	0.02071	0.01875	0.00691	0.00517	0.00155	0.00389	0.00575	0.00604	0.00778
12	0.01781	0.01894	0.01406	0.01224	0.01478	0.49841	0.00951	0.11716	0.03647	0.09020	0.00961	0.01067	0.00752	0.00587	0.00621	0.00147	0.11566	0.00377	0.00325	0.00640
13	0.01910	0.01379	0.01351	0.01086	0.01444	0.14640	0.00875	0.36512	0.10222	0.23280	0.01422	0.01353	0.00990	0.00597	0.00492	0.00149	0.00558	0.00454	0.00490	0.00796
14	0.00673	0.00487	0.00601	0.00666	0.00730	0.00461	0.00475	0.00773	0.00968	0.01252	0.02846	0.32793	0.16629	0.21984	0.01120	0.00273	0.00366	0.16088	0.00421	0.00393
15	0.00628	0.00458	0.00595	0.00687	0.00744	0.00425	0.00482	0.00741	0.01022	0.01349	0.08330	0.61979	0.11614	0.01476	0.00632	0.00198	0.00295	0.07459	0.00468	0.00416
16	0.15234	0.01394	0.01189	0.00980	0.01327	0.20353	0.00775	0.18292	0.10982	0.02013	0.01036	0.01103	0.00804	0.00507	0.00424	0.00128	0.00542	0.00364	0.00359	0.22192
17	0.17024	0.01852	0.36872	0.01180	0.01715	0.01291	0.01277	0.29140	0.01482	0.02266	0.00967	0.01060	0.00693	0.00517	0.00452	0.00154	0.00604	0.00379	0.00333	0.00741
18	0.01924	0.00792	0.01065	0.00843	0.01176	0.00699	0.00686	0.02161	0.03711	0.63059	0.16217	0.02076	0.01883	0.00693	0.00517	0.00155	0.00388	0.00577	0.00601	0.00777
19	0.01176	0.00953	0.01000	0.00868	0.01139	0.01028	0.00684	0.20994	0.31814	0.02092	0.02886	0.02731	0.28821	0.00864	0.00534	0.00164	0.00383	0.00707	0.00489	0.00674
20	0.17106	0.01135	0.01158	0.00981	0.01303	0.01288	0.00785	0.23281	0.40769	0.04636	0.01549	0.01477	0.01145	0.00613	0.00468	0.00160	0.00436	0.00476	0.00471	0.00761
21	0.70462	0.01225	0.00858	0.00772	0.01071	0.15777	0.00618	0.01562	0.00952	0.02049	0.00708	0.00826	0.00559	0.00472	0.00335	0.00149	0.00480	0.00279	0.00299	0.00547

[dist]
# distance from previous block
# <min> <max>
3	10

[block]
# block no. 2 follows, 50 sequences, length 67
# corresponding to MSA columns:
# 82-148
name=unknown_C
#
# <colnr> <probs for GDERKNQSTAVLIFYWHMCP>
#	G	D	E	R	K	N	Q	S	T	A	V	L	I	F	Y	W	H	M	C	P
0	0.00615	0.00486	0.00555	0.00580	0.00700	0.00425	0.00419	0.00749	0.01133	0.01442	0.17609	0.26591	0.44321	0.01304	0.00602	0.00176	0.00260	0.01129	0.00478	0.00425
1	0.07287	0.00989	0.01673	0.01554	0.13973	0.00967	0.24250	0.06577	0.02560	0.09707	0.01582	0.23559	0.01514	0.00778	0.00550	0.00171	0.00546	0.00752	0.00372	0.00640
2	0.07072	0.01823	0.32819	0.01757	0.13059	0.05053	0.22500	0.03957	0.04176	0.01687	0.00966	0.01170	0.00724	0.00468	0.00497	0.00158	0.00709	0.00441	0.00257	0.00710
3	0.01104	0.00718	0.00808	0.00748	0.00940	0.00747	0.00589	0.10213	0.14722	0.07037	0.08576	0.08100	0.06489	0.00835	0.00495	0.00157	0.00340	0.08911	0.27888	0.00583
4	0.00727	0.00519	0.00655	0.00670	0.00759	0.00497	0.00503	0.00887	0.01131	0.01529	0.31786	0.04179	0.09531	0.23546	0.01150	0.00266	0.00363	0.20435	0.00450	0.00417
5	0.13874	0.04489	0.03554	0.02122	0.44083	0.10686	0.02752	0.01639	0.01149	0.08067	0.02464	0.01198	0.00837	0.00480	0.00458	0.00146	0.00584	0.00411	0.00291	0.00716
6	0.00941	0.00886	0.01495	0.81285	0.03433	0.01107	0.01384	0.01274	0.00997	0.01274	0.00886	0.01329	0.00664	0.00498	0.00498	0.00166	0.00664	0.00443	0.00221	0.00554
7	0.01667	0.01114	0.01466	0.01572	0.22829	0.01152	0.01013	0.19424	0.18242	0.23928	0.01521	0.01490	0.01086	0.00578	0.00500	0.00155	0.00492	0.00487	0.00464	0.00819
8	0.11039	0.33325	0.06408	0.00990	0.04598	0.09063	0.00861	0.01665	0.01111	0.14174	0.00956	0.01021	0.00744	0.00466	0.00384	0.00122	0.00527	0.00328	0.00306	0.11914
9	0.01008	0.04599	0.77953	0.01406	0.02135	0.01178	0.01817	0.01576	0.01051	0.01568	0.00889	0.01046	0.00632	0.00472	0.00470	0.00157	0.00732	0.00366	0.00211	0.00734
10	0.00607	0.00434	0.00578	0.00694	0.00723	0.00405	0.00463	0.00694	0.00954	0.01272	0.02747	0.82157	0.03297	0.01562	0.00636	0.00202	0.00289	0.01417	0.00463	0.00405
11	0.01000	0.02578	0.79900	0.01421	0.02157	0.01158	0.01842	0.01579	0.01052	0.01579	0.00895	0.01052	0.00631	0.00474	0.00474	0.00158	0.00737	0.00368	0.00210	0.00737
12	0.01533	0.01128	0.01637	0.02108	0.43943	0.04411	0.01186	0.01950	0.12120	0.22824	0.01363	0.01433	0.01007	0.00527	0.00496	0.00152	0.00532	0.00471	0.00384	0.00796
13	0.00712	0.00533	0.00795	0.00795	0.00882	0.00620	0.00616	0.00886	0.00799	0.01153	0.01341	0.01989	0.01259	0.05588	0.78676	0.00794	0.01315	0.00539	0.00268	0.00442
14	0.00607	0.00434	0.00578	0.00694	0.00723	0.00405	0.00463	0.00694	0.00954	0.01272	0.02747	0.82157	0.03297	0.01562	0.00636	0.00202	0.00289	0.01417	0.00463	0.00405
15	0.01333	0.82783	0.02612	0.00853	0.01279	0.01972	0.00853	0.01493	0.01013	0.01173	0.00693	0.00800	0.00640	0.00426	0.00320	0.00107	0.00533	0.00267	0.00213	0.00640
16	0.01034	0.00886	0.01034	0.00738	0.01181	0.00664	0.00591	0.01255	0.01034	0.01624	0.00886	0.01034	0.00738	0.00369	0.00369	0.00074	0.00369	0.00295	0.00295	0.85530
17	0.01807	0.10731	0.03832	0.01164	0.01481	0.40482	0.03266	0.03774	0.01338	0.21014	0.01077	0.01125	0.00799	0.00549	0.00525	0.00140	0.05507	0.00380	0.00344	0.00665
18	0.00720	0.00503	0.00642	0.00642	0.00677	0.00537	0.00425	0.00788	0.00754	0.01040	0.01480	0.02762	0.01595	0.52264	0.32458	0.00605	0.00810	0.00652	0.00289	0.00357
19	0.00608	0.00441	0.00575	0.00678	0.00720	0.00407	0.00456	0.00701	0.00977	0.01293	0.04482	0.74678	0.09090	0.01528	0.00632	0.00199	0.00285	0.01379	0.00464	0.00407
20	0.01156	0.11144	0.60670	0.01341	0.01977	0.12310	0.01613	0.01627	0.01098	0.01485	0.00856	0.01004	0.00634	0.00474	0.00454	0.00148	0.00737	0.00351	0.00217	0.00704
21	0.01059	0.16801	0.66194	0.01320	0.02002	0.01302	0.01666	0.01563	0.01045	0.01507	0.00859	0.01008	0.00633	0.00465	0.00446	0.00149	0.00701	0.00350	0.00211	0.00719
22	0.01355	0.01423	0.02144	0.02049	0.23309	0.12705	0.28585	0.09232	0.02673	0.01673	0.00955	0.01218	0.00761	0.00510	0.00641	0.00160	0.09152	0.00480	0.00277	0.00697
23	0.01176	0.01345	0.02941	0.02101	0.02605	0.01261	0.77563	0.01597	0.01176	0.01597	0.01008	0.01345	0.00756	0.00420	0.00588	0.00168	0.00840	0.00588	0.00252	0.00672
24	0.01314	0.23848	0.04040	0.01621	0.02084	0.06830	0.44396	0.07067	0.01229	0.01565	0.00917	0.01149	0.00721	0.00442	0.00496	0.00147	0.00737	0.00468	0.00259	0.00671
25	0.00662	0.00500	0.00611	0.00600	0.00722	0.00449	0.00444	0.00851	0.01284	0.01737	0.50021	0.12440	0.25565	0.01146	0.00593	0.00165	0.00246	0.00999	0.00515	0.00449
26	0.01062	0.00980	0.01642	0.43229	0.34722	0.01095	0.01373	0.01372	0.01057	0.01461	0.00959	0.01326	0.00759	0.00482	0.00486	0.00155	0.00604	0.00445	0.06145	0.00645
27	0.01913	0.01035	0.01226	0.00962	0.01327	0.01039	0.00787	0.28754	0.08309	0.40567	0.01923	0.01758	0.06727	0.00662	0.00507	0.00155	0.00453	0.00528	0.00555	0.00812
28	0.01234	0.01184	0.02023	0.03059	0.79373	0.01184	0.01530	0.01530	0.01135	0.01628	0.00938	0.01234	0.00790	0.00444	0.00493	0.00148	0.00592	0.00444	0.00247	0.00790
29	0.01000	0.02578	0.79900	0.01421	0.02157	0.01158	0.01842	0.01579	0.01052	0.01579	0.00895	0.01052	0.00631	0.00474	0.00474	0.00158	0.00737	0.00368	0.00210	0.00737
30	0.00857	0.00572	0.00747	0.00720	0.00865	0.00544	0.00570	0.01139	0.04855	0.07471	0.52552	0.03909	0.05701	0.01054	0.00599	0.00172	0.00302	0.16329	0.00531	0.00508
31	0.00712	0.00534	0.00801	0.00801	0.00890	0.00623	0.00623	0.00890	0.00801	0.01157	0.01335	0.01958	0.01246	0.03738	0.80507	0.00801	0.01335	0.00534	0.00267	0.00445
32	0.00603	0.00467	0.00550	0.00610	0.00702	0.00414	0.00427	0.00713	0.01051	0.01332	0.06672	0.45649	0.36209	0.01411	0.00614	0.00186	0.00271	0.01239	0.00466	0.00414
33	0.01738	0.02172	0.01458	0.01303	0.01528	0.67659	0.02439	0.01870	0.01315	0.01224	0.00758	0.00935	0.00646	0.00563	0.00622	0.00142	0.12459	0.00343	0.00251	0.00575
34	0.01823	0.00941	0.01144	0.00940	0.01282	0.00943	0.00756	0.02520	0.33373	0.47529	0.01992	0.01764	0.01353	0.00642	0.00504	0.00160	0.00412	0.00527	0.00571	0.00824
35	0.00654	0.00508	0.00595	0.00573	0.00713	0.00449	0.00430	0.00842	0.01290	0.01712	0.46594	0.04195	0.37398	0.01126	0.00588	0.00162	0.00243	0.00968	0.00511	0.00449
36	0.06086	0.00899	0.01160	0.00898	0.01278	0.00823	0.00740	0.07627	0.03818	0.68409	0.01856	0.01625	0.01183	0.00610	0.00492	0.00154	0.00430	0.00489	0.00591	0.00832
37	0.01419	0.01594	0.01308	0.01079	0.01399	0.36984	0.03156	0.01594	0.01186	0.01402	0.00817	0.00987	0.00688	0.00481	0.00526	0.00114	0.07902	0.00329	0.00270	0.36765
38	0.01211	0.53515	0.30816	0.01060	0.01600	0.01675	0.01214	0.01524	0.01027	0.01321	0.00767	0.00892	0.00637	0.00444	0.00376	0.00125	0.00607	0.00304	0.00212	0.00675
39	0.00612	0.00437	0.00583	0.00699	0.00730	0.00409	0.00470	0.00702	0.00959	0.01277	0.02745	0.80427	0.03287	0.01557	0.00637	0.00203	0.00293	0.03103	0.00463	0.00406
40	0.01553	0.00959	0.01345	0.01108	0.01290	0.01126	0.02290	0.03019	0.01076	0.33794	0.01264	0.01412	0.00943	0.00965	0.06933	0.00232	0.39152	0.00473	0.00393	0.00671
41	0.24709	0.00928	0.00971	0.00848	0.01130	0.01005	0.00671	0.08442	0.23558	0.16771	0.05073	0.10939	0.01487	0.00718	0.00469	0.00164	0.00392	0.00576	0.00469	0.00678
42	0.01292	0.01347	0.02234	0.01679	0.02097	0.06971	0.45753	0.07059	0.22540	0.01808	0.01285	0.01444	0.00965	0.00509	0.00550	0.00164	0.00702	0.00553	0.00339	0.00709
43	0.01187	0.00651	0.00771	0.00676	0.00805	0.00638	0.00462	0.08164	0.01044	0.19442	0.01630	0.02673	0.01576	0.53856	0.01821	0.00367	0.00469	0.00641	0.02646	0.00483
44	0.01174	0.03964	0.63750	0.01382	0.02053	0.01127	0.06170	0.01686	0.01106	0.11465	0.01033	0.01146	0.00715	0.00488	0.00481	0.00157	0.00699	0.00396	0.00264	0.00745
45	0.01214	0.01317	0.09832	0.01541	0.01966	0.01189	0.36108	0.04146	0.25726	0.04778	0.01458	0.03758	0.01138	0.00578	0.00549	0.00169	0.00638	0.02818	0.00362	0.00714
46	0.00607	0.00434	0.00578	0.00694	0.00723	0.00405	0.00463	0.00694	0.00954	0.01272	0.02747	0.82157	0.03297	0.01562	0.00636	0.00202	0.00289	0.01417	0.00463	0.00405
47	0.02854	0.15861	0.31561	0.01579	0.02151	0.01332	0.33021	0.01585	0.01100	0.03008	0.00923	0.01137	0.00694	0.00446	0.00492	0.00153	0.00732	0.00442	0.00238	0.00691
48	0.01097	0.01067	0.01879	0.37934	0.37740	0.01158	0.09076	0.01422	0.01077	0.01467	0.00922	0.01287	0.00730	0.00466	0.00505	0.00158	0.00649	0.00458	0.00236	0.00672
49	0.00601	0.00505	0.00521	0.00517	0.00681	0.00426	0.00388	0.00738	0.01164	0.01413	0.12573	0.04688	0.71606	0.01238	0.00589	0.00167	0.00251	0.01037	0.00472	0.00426
50	0.01185	0.01135	0.01935	0.16085	0.66728	0.01172	0.01506	0.01487	0.01112	0.01569	0.00929	0.01250	0.00769	0.00453	0.00494	0.00151	0.00604	0.00444	0.00243	0.00750
51	0.01369	0.07016	0.09109	0.01518	0.03225	0.01269	0.32337	0.15247	0.10149	0.08244	0.01276	0.04745	0.00987	0.00551	0.00528	0.00160	0.00646	0.00544	0.00357	0.00725
52	0.00607	0.00434	0.00578	0.00694	0.00723	0.00405	0.00463	0.00694	0.00954	0.01272	0.02747	0.82157	0.03297	0.01562	0.00636	0.00202	0.00289	0.01417	0.00463	0.00405
53	0.01000	0.02578	0.79900	0.01421	0.02157	0.01158	0.01842	0.01579	0.01052	0.01579	0.00895	0.01052	0.00631	0.00474	0.00474	0.00158	0.00737	0.00368	0.00210	0.00737
54	0.01034	0.00886	0.01034	0.00738	0.01181	0.00664	0.00591	0.01255	0.01034	0.01624	0.00886	0.01034	0.00738	0.00369	0.00369	0.00074	0.00369	0.00295	0.00295	0.85530
55	0.01550	0.00976	0.01111	0.00952	0.01261	0.01046	0.00754	0.02521	0.50609	0.27162	0.01993	0.01807	0.01419	0.00653	0.00499	0.00162	0.00398	0.00540	0.03792	0.00796
56	0.00607	0.00434	0.00578	0.00694	0.00723	0.00405	0.00463	0.00694	0.00954	0.01272	0.02747	0.82157	0.03297	0.01562	0.00636	0.00202	0.00289	0.01417	0.00463	0.00405
57	0.82459	0.00982	0.00765	0.00676	0.00988	0.01136	0.00557	0.04678	0.00911	0.02274	0.00715	0.00826	0.00553	0.00468	0.00316	0.00154	0.00392	0.00277	0.00316	0.00553
58	0.02236	0.00848	0.01157	0.00887	0.01272	0.00733	0.00733	0.02429	0.01427	0.79719	0.01966	0.01697	0.01234	0.00617	0.00501	0.00154	0.00424	0.00501	0.00617	0.00848
59	0.01000	0.02578	0.79900	0.01421	0.02157	0.01158	0.01842	0.01579	0.01052	0.01579	0.00895	0.01052	0.00631	0.00474	0.00474	0.00158	0.00737	0.00368	0.00210	0.00737
60	0.00712	0.00534	0.00801	0.00801	0.00890	0.00623	0.00623	0.00890	0.00801	0.01157	0.01335	0.01958	0.01246	0.03738	0.80507	0.00801	0.01335	0.00534	0.00267	0.00445
61	0.00725	0.00483	0.00544	0.00544	0.00544	0.00483	0.00302	0.00725	0.00725	0.00966	0.01571	0.03262	0.01812	0.82483	0.02537	0.00483	0.00483	0.00725	0.00302	0.00302
62	0.00941	0.00886	0.01495	0.81285	0.03433	0.01107	0.01384	0.01274	0.00997	0.01274	0.00886	0.01329	0.00664	0.00498	0.00498	0.00166	0.00664	0.00443	0.00221	0.00554
63	0.01878	0.01888	0.01454	0.01216	0.01543	0.41181	0.00955	0.39690	0.01876	0.02177	0.00983	0.01047	0.00744	0.00556	0.00474	0.00139	0.00724	0.00385	0.00377	0.00712
64	0.00598	0.00488	0.00528	0.00555	0.00688	0.00419	0.00402	0.00718	0.01102	0.01352	0.07095	0.23331	0.58344	0.01326	0.00600	0.00176	0.00261	0.01134	0.00466	0.00419
65	0.01034	0.00886	0.01034	0.00738	0.01181	0.00664	0.00591	0.01255	0.01034	0.01624	0.00886	0.01034	0.00738	0.00369	0.00369	0.00074	0.00369	0.00295	0.00295	0.85530
66	0.13847	0.34964	0.01777	0.00899	0.01294	0.01489	0.00804	0.19208	0.01383	0.18388	0.01078	0.01082	0.00799	0.00511	0.00398	0.00133	0.00492	0.00359	0.00378	0.00717

[dist]
# distance from previous block
# <min> <max>
0	2

[block]
# block no. 3 follows, 50 sequences, length 68
# corresponding to MSA columns:
# 151-218
name=unknown_D
#
# <colnr> <probs for GDERKNQSTAVLIFYWHMCP>
#	G	D	E	R	K	N	Q	S	T	A	V	L	I	F	Y	W	H	M	C	P
0	0.11769	0.00550	0.00593	0.00565	0.00706	0.00551	0.00430	0.01098	0.01190	0.01972	0.37536	0.02591	0.02776	0.00769	0.00455	0.00140	0.00253	0.00643	0.34938	0.00477
1	0.01235	0.00933	0.01053	0.00936	0.01167	0.01009	0.00735	0.29929	0.16007	0.02220	0.10184	0.21840	0.02162	0.00962	0.00560	0.00174	0.00415	0.07333	0.00493	0.00654
2	0.01215	0.42032	0.38535	0.01119	0.01688	0.01541	0.01308	0.01572	0.01048	0.04630	0.00840	0.00955	0.00661	0.00456	0.00399	0.00132	0.00623	0.00324	0.00229	0.00693
3	0.01218	0.11761	0.02559	0.02295	0.30827	0.01324	0.39574	0.01559	0.01140	0.01554	0.00942	0.01233	0.00754	0.00430	0.00519	0.00153	0.00709	0.00494	0.00245	0.00711
4	0.00609	0.00447	0.00572	0.00666	0.00717	0.00410	0.00452	0.00707	0.00998	0.01313	0.06280	0.68372	0.13632	0.01498	0.00628	0.00196	0.00282	0.01346	0.00466	0.00410
5	0.01172	0.01077	0.01735	0.09364	0.55868	0.01104	0.01322	0.06570	0.02714	0.01666	0.01301	0.08443	0.04277	0.00595	0.00511	0.00156	0.00551	0.00557	0.00294	0.00724
6	0.08861	0.08370	0.09013	0.01383	0.01763	0.01307	0.25214	0.03235	0.17712	0.05885	0.01171	0.01317	0.00894	0.00556	0.00640	0.00166	0.11025	0.00480	0.00325	0.00685
7	0.00736	0.00582	0.00736	0.00771	0.00897	0.00583	0.00640	0.00916	0.01122	0.01436	0.07702	0.04782	0.31979	0.01321	0.02278	0.00212	0.06566	0.35845	0.00443	0.00451
8	0.01544	0.01588	0.01274	0.01129	0.01415	0.30401	0.00871	0.11045	0.41388	0.01889	0.01471	0.01430	0.01121	0.00608	0.00485	0.00152	0.00598	0.00461	0.00414	0.00718
9	0.01112	0.03829	0.23628	0.01455	0.04810	0.01123	0.21121	0.04018	0.14739	0.02892	0.02949	0.02012	0.03090	0.00644	0.00539	0.00170	0.00625	0.10222	0.00334	0.00685
10	0.05252	0.14861	0.11738	0.01199	0.01583	0.27945	0.07637	0.01942	0.13634	0.07961	0.01092	0.01158	0.00836	0.00519	0.00451	0.00142	0.00671	0.00393	0.00316	0.00671
11	0.01547	0.01615	0.01174	0.01082	0.01311	0.43409	0.00817	0.03099	0.11109	0.09096	0.02695	0.15723	0.01418	0.00766	0.00505	0.00153	0.00651	0.02853	0.00375	0.00600
12	0.33787	0.02501	0.11207	0.00958	0.02902	0.01141	0.00854	0.16457	0.06198	0.14116	0.04563	0.01255	0.00970	0.00551	0.00425	0.00154	0.00469	0.00403	0.00400	0.00691
13	0.01059	0.06201	0.62159	0.01321	0.01962	0.01212	0.01607	0.01764	0.14802	0.01649	0.01086	0.01183	0.00790	0.00507	0.00472	0.00157	0.00666	0.00398	0.00263	0.00741
14	0.00995	0.00863	0.01410	0.01123	0.01369	0.00869	0.22679	0.10962	0.01151	0.01567	0.01753	0.02254	0.11171	0.14587	0.20487	0.00369	0.00761	0.00633	0.04461	0.00537
15	0.01760	0.01027	0.01679	0.01627	0.20124	0.00959	0.14572	0.02078	0.05092	0.43424	0.01554	0.01532	0.01057	0.00544	0.00515	0.00156	0.00537	0.00506	0.00459	0.00800
16	0.01120	0.01235	0.02577	0.12777	0.02574	0.01223	0.59989	0.01501	0.01129	0.01532	0.02544	0.02871	0.00863	0.00489	0.00635	0.00171	0.05292	0.00582	0.00256	0.00640
17	0.01481	0.01202	0.02428	0.01752	0.02222	0.01109	0.55484	0.01836	0.01248	0.24047	0.01284	0.01446	0.00894	0.00477	0.00563	0.00164	0.00721	0.00563	0.00357	0.00723
18	0.01907	0.01750	0.01387	0.01163	0.01489	0.38107	0.00914	0.27257	0.04931	0.14534	0.01157	0.01166	0.00842	0.00565	0.00477	0.00141	0.00685	0.00403	0.00406	0.00720
19	0.01045	0.13407	0.69465	0.01344	0.02039	0.01268	0.01708	0.01567	0.01047	0.01524	0.00867	0.01018	0.00633	0.00467	0.00453	0.00151	0.00709	0.00355	0.00211	0.00724
20	0.00664	0.00580	0.04503	0.00745	0.00838	0.00486	0.00567	0.00835	0.03469	0.01342	0.02831	0.61098	0.09918	0.01435	0.00625	0.00199	0.00328	0.08648	0.00451	0.00440
21	0.00599	0.00485	0.00533	0.00564	0.00691	0.00418	0.00407	0.00719	0.01095	0.01353	0.07512	0.26983	0.54225	0.01338	0.00603	0.00178	0.00262	0.01151	0.00466	0.00418
22	0.01000	0.02578	0.79900	0.01421	0.02157	0.01158	0.01842	0.01579	0.01052	0.01579	0.00895	0.01052	0.00631	0.00474	0.00474	0.00158	0.00737	0.00368	0.00210	0.00737
23	0.01017	0.02476	0.74212	0.01540	0.07797	0.01160	0.01819	0.01575	0.01058	0.01582	0.00898	0.01066	0.00643	0.00471	0.00475	0.00157	0.00726	0.00374	0.00213	0.00741
24	0.01895	0.01396	0.01496	0.01147	0.01546	0.01546	0.00947	0.77711	0.02344	0.03141	0.01197	0.01197	0.00848	0.00598	0.00499	0.00150	0.00548	0.00449	0.00499	0.00848
25	0.00617	0.00441	0.00589	0.00705	0.00738	0.00413	0.00479	0.00711	0.00964	0.01283	0.02742	0.78403	0.03276	0.01553	0.00639	0.00204	0.00298	0.05077	0.00463	0.00408
26	0.00658	0.00507	0.00605	0.00609	0.00740	0.00454	0.00462	0.00835	0.01235	0.01623	0.35223	0.11139	0.34895	0.01198	0.00602	0.00172	0.00267	0.07834	0.00498	0.00443
27	0.00680	0.00481	0.00579	0.00633	0.00731	0.00427	0.00445	0.00787	0.01045	0.05148	0.03569	0.49296	0.31554	0.01403	0.00612	0.00187	0.00282	0.01236	0.00470	0.00433
28	0.02127	0.00875	0.01158	0.00900	0.01269	0.00787	0.00738	0.08875	0.01483	0.69228	0.01938	0.05600	0.01302	0.00662	0.00508	0.00156	0.00428	0.00542	0.00599	0.00826
29	0.00803	0.00574	0.00803	0.00918	0.01033	0.00574	0.00803	0.01033	0.01147	0.01492	0.02639	0.05622	0.02869	0.01377	0.00688	0.00229	0.00459	0.76018	0.00459	0.00459
30	0.01207	0.01259	0.02450	0.02614	0.43677	0.01220	0.36885	0.01561	0.01154	0.01614	0.00971	0.01285	0.00774	0.00433	0.00538	0.00157	0.00708	0.00511	0.00249	0.00735
31	0.00985	0.00931	0.01531	0.62900	0.09702	0.01157	0.01344	0.01276	0.00973	0.01288	0.00860	0.01293	0.00677	0.00562	0.00668	0.01558	0.11062	0.00442	0.00223	0.00568
32	0.00712	0.00534	0.00801	0.00801	0.00890	0.00623	0.00623	0.00890	0.00801	0.01157	0.01335	0.01958	0.01246	0.03738	0.80507	0.00801	0.01335	0.00534	0.00267	0.00445
33	0.49423	0.01200	0.01060	0.00876	0.01217	0.05176	0.00718	0.30910	0.01453	0.02536	0.00892	0.00963	0.00664	0.00518	0.00389	0.00151	0.00474	0.00341	0.00379	0.00660
34	0.01000	0.02578	0.79900	0.01421	0.02157	0.01158	0.01842	0.01579	0.01052	0.01579	0.00895	0.01052	0.00631	0.00474	0.00474	0.00158	0.00737	0.00368	0.00210	0.00737
35	0.00589	0.00505	0.00505	0.00505	0.00673	0.00421	0.00379	0.00715	0.01136	0.01347	0.05049	0.04797	0.79171	0.01262	0.00589	0.00168	0.00252	0.01052	0.00463	0.00421
36	0.01176	0.01345	0.02941	0.02101	0.02605	0.01261	0.77563	0.01597	0.01176	0.01597	0.01008	0.01345	0.00756	0.00420	0.00588	0.00168	0.00840	0.00588	0.00252	0.00672
37	0.01679	0.01465	0.13879	0.01202	0.05104	0.08058	0.01036	0.22994	0.16070	0.21174	0.01444	0.01396	0.01014	0.00583	0.00492	0.00154	0.00552	0.00459	0.00451	0.00793
38	0.63704	0.05148	0.01024	0.00955	0.07877	0.11352	0.00696	0.01540	0.00954	0.02001	0.00725	0.00858	0.00580	0.00466	0.00343	0.00148	0.00477	0.00291	0.00292	0.00571
39	0.00616	0.00460	0.00572	0.00640	0.00714	0.00417	0.00444	0.00731	0.01056	0.01384	0.13119	0.53631	0.21560	0.01420	0.00619	0.00188	0.00273	0.01264	0.00474	0.00417
40	0.00877	0.00752	0.01190	0.15719	0.23854	0.00780	0.00984	0.01090	0.01046	0.01410	0.01917	0.31515	0.03257	0.01018	0.00578	0.00184	0.00468	0.12452	0.00357	0.00550
41	0.01418	0.36931	0.17024	0.01095	0.02714	0.03762	0.01075	0.21043	0.07320	0.01831	0.00968	0.01040	0.00761	0.00501	0.00415	0.00133	0.00576	0.00360	0.00310	0.00723
42	0.01892	0.01338	0.01492	0.01217	0.05311	0.01458	0.00957	0.67472	0.02205	0.09711	0.01251	0.01242	0.00878	0.00592	0.00499	0.00150	0.00540	0.00453	0.00497	0.00845
43	0.00607	0.00434	0.00578	0.00694	0.00723	0.00405	0.00463	0.00694	0.00954	0.01272	0.02747	0.82157	0.03297	0.01562	0.00636	0.00202	0.00289	0.01417	0.00463	0.00405
44	0.11104	0.19551	0.13947	0.01781	0.24059	0.02881	0.14785	0.01565	0.01082	0.03562	0.00884	0.01085	0.00706	0.00448	0.00447	0.00144	0.00623	0.00398	0.00252	0.00696
45	0.08430	0.00983	0.01349	0.01195	0.08456	0.00967	0.07464	0.06466	0.13990	0.39058	0.05208	0.01645	0.01282	0.00599	0.00498	0.00157	0.00466	0.00511	0.00499	0.00776
46	0.00786	0.00562	0.00784	0.00899	0.01006	0.00559	0.00774	0.01003	0.01131	0.01473	0.02649	0.12262	0.02906	0.01393	0.00684	0.00227	0.00444	0.69547	0.00459	0.00454
47	0.01723	0.01813	0.01366	0.01185	0.01484	0.41274	0.00918	0.21705	0.19954	0.01922	0.01179	0.01204	0.00904	0.00574	0.00476	0.00144	0.00689	0.00412	0.00379	0.00698
48	0.01233	0.33402	0.24921	0.01658	0.24155	0.01471	0.01334	0.01556	0.01072	0.03699	0.00859	0.01025	0.00698	0.00451	0.00420	0.00135	0.00606	0.00354	0.00234	0.00717
49	0.00941	0.00886	0.01495	0.81285	0.03433	0.01107	0.01384	0.01274	0.00997	0.01274	0.00886	0.01329	0.00664	0.00498	0.00498	0.00166	0.00664	0.00443	0.00221	0.00554
50	0.00607	0.00434	0.00578	0.00694	0.00723	0.00405	0.00463	0.00694	0.00954	0.01272	0.02747	0.82157	0.03297	0.01562	0.00636	0.00202	0.00289	0.01417	0.00463	0.00405
51	0.01240	0.60294	0.15756	0.00987	0.01422	0.01763	0.01036	0.01466	0.00997	0.01247	0.00764	0.02449	0.00691	0.00495	0.00467	0.00127	0.07616	0.00321	0.00218	0.00644
52	0.01405	0.01290	0.02223	0.01985	0.18759	0.08328	0.38467	0.01727	0.01228	0.14143	0.01198	0.01526	0.00923	0.00508	0.00546	0.00161	0.00708	0.03849	0.00319	0.00708
53	0.00657	0.00473	0.00592	0.00628	0.00693	0.00441	0.00428	0.00778	0.01073	0.01451	0.26477	0.36374	0.10736	0.15737	0.00954	0.00235	0.00303	0.01099	0.00461	0.00408
54	0.01008	0.02518	0.76153	0.01454	0.02179	0.01163	0.05528	0.01579	0.01058	0.01579	0.00900	0.01067	0.00637	0.00471	0.00479	0.00158	0.00742	0.00379	0.00212	0.00734
55	0.01100	0.15811	0.47705	0.01494	0.02120	0.01321	0.20514	0.01569	0.01077	0.01515	0.00889	0.01082	0.00664	0.00452	0.00476	0.00152	0.00728	0.00406	0.00221	0.00704
56	0.01020	0.00966	0.01637	0.60231	0.23872	0.01128	0.01423	0.01342	0.01034	0.01369	0.00900	0.01303	0.00698	0.00484	0.00497	0.00161	0.00645	0.00443	0.00228	0.00617
57	0.00736	0.00534	0.00714	0.00792	0.00884	0.00524	0.00624	0.00965	0.04344	0.01530	0.16234	0.31883	0.03288	0.01349	0.00645	0.00205	0.00357	0.33459	0.00478	0.00456
58	0.01120	0.05369	0.35032	0.01137	0.01594	0.00949	0.06157	0.01536	0.04417	0.12738	0.12664	0.12006	0.01696	0.00716	0.00517	0.00162	0.00545	0.00617	0.00365	0.00665
59	0.01266	0.09020	0.03635	0.01823	0.02278	0.08198	0.56625	0.04807	0.01217	0.01576	0.00992	0.02801	0.00785	0.00468	0.00567	0.00160	0.02321	0.00539	0.00262	0.00662
60	0.01398	0.01149	0.01825	0.13010	0.47213	0.04741	0.05844	0.01680	0.01183	0.15430	0.01110	0.01320	0.00843	0.00484	0.00499	0.00152	0.00601	0.00457	0.00310	0.00752
61	0.01229	0.01198	0.02103	0.02976	0.72692	0.01191	0.08147	0.01536	0.01139	0.01626	0.00944	0.01243	0.00787	0.00442	0.00502	0.00150	0.00614	0.00457	0.00247	0.00779
62	0.01094	0.01044	0.01761	0.38779	0.41378	0.01163	0.01445	0.01399	0.01056	0.01448	0.00902	0.01271	0.00727	0.00487	0.00543	0.00159	0.03995	0.00443	0.00234	0.00671
63	0.01427	0.03244	0.25026	0.01659	0.15653	0.01148	0.13835	0.09071	0.04301	0.17891	0.01211	0.01306	0.00860	0.00508	0.00502	0.00156	0.00628	0.00459	0.00347	0.00769
64	0.01350	0.32682	0.34621	0.01128	0.01678	0.01394	0.03195	0.01697	0.01107	0.15304	0.01011	0.01078	0.00745	0.00480	0.00423	0.00138	0.00606	0.00359	0.00285	0.00718
65	0.01101	0.00820	0.01192	0.04026	0.23585	0.00815	0.00917	0.08174	0.01226	0.09099	0.02134	0.22153	0.08585	0.00973	0.00570	0.00178	0.00449	0.12982	0.00410	0.00613
66	0.01486	0.25258	0.14372	0.04616	0.01617	0.29431	0.01069	0.06793	0.05761	0.02676	0.02067	0.01044	0.00775	0.00506	0.00428	0.00133	0.00688	0.00352	0.00276	0.00653
67	0.01004	0.01222	0.15403	0.01996	0.41425	0.00948	0.01240	0.01306	0.01140	0.01586	0.08360	0.03805	0.17093	0.00687	0.00520	0.00156	0.00512	0.00613	0.00314	0.00670

[dist]
# distance from previous block
# <min> <max>
0	8

# created by:
# /st0/software/busco_prod/Augustus/scripts/msa2prfl.pl ./align_prep/59918.fa
