[name]
unknown

[dist]
# distance from previous block
# <min> <max>
0	2

[block]
# block no. 0 follows, 43 sequences, length 19
# corresponding to MSA columns:
# 2-20
name=unknown_A
#
# <colnr> <probs for GDERKNQSTAVLIFYWHMCP>
#	G	D	E	R	K	N	Q	S	T	A	V	L	I	F	Y	W	H	M	C	P
0	0.23439	0.00932	0.00993	0.00979	0.01224	0.01035	0.00814	0.03854	0.21984	0.02113	0.02120	0.03517	0.02016	0.01018	0.00590	0.00211	0.00471	0.31560	0.00481	0.00648
1	0.01808	0.01270	0.01369	0.01127	0.01458	0.08206	0.00910	0.34428	0.01844	0.16538	0.01490	0.01638	0.01124	0.01628	0.22137	0.00366	0.00861	0.00523	0.00483	0.00791
2	0.61596	0.01204	0.01049	0.00880	0.01250	0.01374	0.00725	0.22056	0.01404	0.02764	0.00926	0.01019	0.00695	0.00556	0.00401	0.00170	0.00479	0.00355	0.00401	0.00695
3	0.00754	0.00518	0.00630	0.00681	0.00697	0.00509	0.00420	0.00799	0.00909	0.01216	0.02248	0.33639	0.02637	0.46598	0.04938	0.00428	0.00489	0.01099	0.00404	0.00387
4	0.01772	0.43121	0.02290	0.01135	0.01562	0.17371	0.01001	0.22189	0.01625	0.01921	0.00943	0.01033	0.00775	0.00546	0.00439	0.00137	0.00679	0.00365	0.00335	0.00761
5	0.01498	0.28401	0.32013	0.01329	0.01887	0.22960	0.01415	0.01850	0.01266	0.01495	0.00882	0.01030	0.00708	0.00521	0.00463	0.00148	0.00794	0.00358	0.00249	0.00734
6	0.01906	0.24350	0.01939	0.01294	0.01631	0.57187	0.01036	0.02058	0.01446	0.01341	0.00832	0.00968	0.00713	0.00544	0.00459	0.00136	0.00886	0.00340	0.00272	0.00661
7	0.01148	0.00984	0.01148	0.00820	0.01312	0.00738	0.00656	0.01395	0.01148	0.01805	0.00984	0.01148	0.00820	0.00410	0.00410	0.00082	0.00410	0.00328	0.00328	0.83922
8	0.00805	0.00537	0.00604	0.00604	0.00604	0.00537	0.00336	0.00805	0.00805	0.01074	0.01745	0.03624	0.02013	0.80536	0.02819	0.00537	0.00537	0.00805	0.00336	0.00336
9	0.61702	0.01035	0.00945	0.00800	0.01166	0.01124	0.00659	0.01925	0.01121	0.23294	0.01164	0.01173	0.00814	0.00562	0.00402	0.00171	0.00440	0.00371	0.00438	0.00695
10	0.01213	0.24513	0.56918	0.01403	0.02126	0.01537	0.01741	0.01727	0.01157	0.01629	0.00932	0.01091	0.00704	0.00512	0.00479	0.00160	0.00756	0.00378	0.00235	0.00789
11	0.01148	0.00984	0.01148	0.00820	0.01312	0.00738	0.00656	0.01395	0.01148	0.01805	0.00984	0.01148	0.00820	0.00410	0.00410	0.00082	0.00410	0.00328	0.00328	0.83922
12	0.01430	0.01880	0.16621	0.01234	0.01606	0.26097	0.01105	0.02103	0.23495	0.01807	0.08450	0.04941	0.05364	0.00753	0.00554	0.00171	0.00668	0.00594	0.00407	0.00720
13	0.00706	0.00535	0.00619	0.00646	0.00759	0.00477	0.00454	0.00820	0.01184	0.01510	0.14139	0.24374	0.37529	0.08592	0.00935	0.04266	0.00321	0.01186	0.00498	0.00448
14	0.01801	0.49272	0.04617	0.01020	0.01475	0.08626	0.00955	0.02000	0.01294	0.22458	0.01177	0.01184	0.00894	0.00543	0.00429	0.00137	0.00602	0.00377	0.00366	0.00772
15	0.02131	0.09202	0.01610	0.01261	0.01603	0.49961	0.00988	0.02297	0.01534	0.22473	0.01217	0.01235	0.00896	0.00594	0.00502	0.00148	0.00816	0.00407	0.00392	0.00732
16	0.01519	0.00973	0.01186	0.00866	0.01341	0.00759	0.00700	0.01757	0.01270	0.22802	0.01318	0.01353	0.00973	0.00487	0.00451	0.00107	0.00427	0.00392	0.00427	0.60893
17	0.00964	0.00718	0.00784	0.00749	0.00836	0.00770	0.00486	0.01399	0.21696	0.01419	0.01886	0.03192	0.01924	0.58394	0.02193	0.00440	0.00510	0.00756	0.00399	0.00486
18	0.02269	0.01447	0.01451	0.01325	0.08300	0.22367	0.00965	0.02474	0.01552	0.49541	0.01713	0.01593	0.01144	0.00636	0.00540	0.00163	0.00634	0.00496	0.00537	0.00853

[dist]
# distance from previous block
# <min> <max>
8	16

[block]
# block no. 1 follows, 43 sequences, length 15
# corresponding to MSA columns:
# 39-53
name=unknown_B
#
# <colnr> <probs for GDERKNQSTAVLIFYWHMCP>
#	G	D	E	R	K	N	Q	S	T	A	V	L	I	F	Y	W	H	M	C	P
0	0.08104	0.01042	0.01047	0.00938	0.01198	0.11038	0.00717	0.01811	0.08278	0.21811	0.11321	0.21414	0.02269	0.00963	0.00574	0.00178	0.00468	0.00811	0.00521	0.05498
1	0.07909	0.01404	0.02107	0.01642	0.02015	0.13244	0.36402	0.01706	0.06400	0.01757	0.04558	0.15263	0.01532	0.00755	0.00608	0.00185	0.00735	0.00752	0.00360	0.00667
2	0.07844	0.01231	0.02050	0.01554	0.01934	0.05660	0.35828	0.06350	0.01463	0.02063	0.25578	0.02262	0.02240	0.00705	0.00613	0.00178	0.00659	0.00710	0.00410	0.00669
3	0.08399	0.01534	0.01443	0.01201	0.01571	0.11713	0.00959	0.35120	0.27325	0.02728	0.01537	0.01502	0.01139	0.00670	0.00533	0.00171	0.00588	0.00507	0.00505	0.00853
4	0.00675	0.00482	0.00643	0.00771	0.00803	0.00450	0.00514	0.00771	0.01060	0.01414	0.03053	0.80175	0.03663	0.01735	0.00707	0.00225	0.00321	0.01574	0.00514	0.00450
5	0.01286	0.39731	0.42332	0.01280	0.01936	0.01714	0.01527	0.01709	0.01149	0.01541	0.00888	0.01037	0.00706	0.00501	0.00445	0.00148	0.00712	0.00356	0.00235	0.00768
6	0.01481	0.80869	0.02902	0.00948	0.01421	0.02191	0.00948	0.01658	0.01125	0.01303	0.00770	0.00888	0.00711	0.00474	0.00355	0.00118	0.00592	0.00296	0.00237	0.00711
7	0.00791	0.00593	0.00890	0.00890	0.00989	0.00692	0.00692	0.00989	0.00890	0.01286	0.01483	0.02176	0.01385	0.04154	0.78341	0.00890	0.01483	0.00593	0.00297	0.00494
8	0.01683	0.19745	0.01891	0.20663	0.02170	0.42098	0.01159	0.01890	0.01355	0.01359	0.00869	0.01093	0.00719	0.00545	0.00481	0.00148	0.00843	0.00377	0.00265	0.00651
9	0.01148	0.00984	0.01148	0.00820	0.01312	0.00738	0.00656	0.01395	0.01148	0.01805	0.00984	0.01148	0.00820	0.00410	0.00410	0.00082	0.00410	0.00328	0.00328	0.83922
10	0.00805	0.00537	0.00604	0.00604	0.00604	0.00537	0.00336	0.00805	0.00805	0.01074	0.01745	0.03624	0.02013	0.80536	0.02819	0.00537	0.00537	0.00805	0.00336	0.00336
11	0.01535	0.21818	0.35982	0.01306	0.01924	0.01570	0.01453	0.18259	0.01513	0.08049	0.01108	0.01192	0.00811	0.00557	0.00492	0.00159	0.00688	0.00413	0.00342	0.00829
12	0.01616	0.02385	0.26532	0.01636	0.02162	0.31089	0.15641	0.09109	0.01490	0.01774	0.00998	0.01182	0.00756	0.00545	0.00543	0.00164	0.00890	0.00445	0.00294	0.00749
13	0.01302	0.21486	0.19018	0.01802	0.07393	0.01524	0.31097	0.01712	0.01219	0.01657	0.00992	0.01243	0.00779	0.00480	0.00529	0.00159	0.00772	0.00480	0.00262	0.06096
14	0.01755	0.01056	0.01569	0.20649	0.04835	0.01076	0.07591	0.08277	0.06271	0.32881	0.01918	0.01931	0.06295	0.00678	0.00571	0.00177	0.00582	0.00588	0.00495	0.00805

[dist]
# distance from previous block
# <min> <max>
4	20

[block]
# block no. 2 follows, 43 sequences, length 11
# corresponding to MSA columns:
# 74-84
name=unknown_C
#
# <colnr> <probs for GDERKNQSTAVLIFYWHMCP>
#	G	D	E	R	K	N	Q	S	T	A	V	L	I	F	Y	W	H	M	C	P
0	0.05591	0.02082	0.01619	0.01373	0.01712	0.48699	0.07890	0.08110	0.01521	0.01669	0.00964	0.01148	0.00787	0.00743	0.04717	0.00184	0.00897	0.00403	0.00315	0.09573
1	0.01528	0.01448	0.02169	0.01654	0.02098	0.10063	0.33442	0.02211	0.21505	0.09969	0.01500	0.01609	0.01110	0.00575	0.00584	0.00173	0.00721	0.00579	0.00404	0.06658
2	0.01804	0.00964	0.01216	0.00901	0.01362	0.00775	0.00734	0.02034	0.01363	0.38919	0.01573	0.01510	0.01090	0.00545	0.00482	0.00126	0.00440	0.00440	0.00503	0.43217
3	0.02485	0.00943	0.01285	0.00985	0.01414	0.00814	0.00814	0.02699	0.01585	0.77465	0.02185	0.01885	0.01371	0.00685	0.00557	0.00171	0.00471	0.00557	0.00685	0.00943
4	0.01086	0.00884	0.01001	0.00916	0.01140	0.00958	0.00703	0.02012	0.39529	0.02270	0.38817	0.03082	0.03425	0.00938	0.00608	0.00181	0.00351	0.00810	0.00586	0.00703
5	0.00717	0.00514	0.00680	0.00743	0.00813	0.00478	0.00517	0.00876	0.01255	0.01723	0.31338	0.51007	0.04262	0.01504	0.00686	0.00205	0.00298	0.01355	0.00551	0.00478
6	0.01345	0.01593	0.11572	0.01910	0.02347	0.01495	0.39889	0.09517	0.01314	0.01844	0.01029	0.01367	0.00806	0.00621	0.00920	0.00197	0.20633	0.00565	0.00294	0.00741
7	0.01192	0.01023	0.01168	0.00879	0.01337	0.00860	0.00698	0.01688	0.15368	0.01902	0.01225	0.01323	0.00985	0.00475	0.00439	0.00102	0.00415	0.00385	0.00373	0.68163
8	0.01504	0.01153	0.01364	0.01148	0.01447	0.01242	0.04863	0.38106	0.10786	0.02573	0.01996	0.27401	0.01922	0.01017	0.00611	0.00189	0.00512	0.00877	0.00527	0.00761
9	0.01912	0.01783	0.01532	0.01283	0.01646	0.24358	0.01014	0.35403	0.20760	0.02562	0.01421	0.01417	0.01062	0.00659	0.00540	0.00165	0.00682	0.00489	0.00477	0.00837
10	0.01296	0.01401	0.02800	0.02025	0.02550	0.01319	0.58263	0.01854	0.09285	0.01836	0.01225	0.01514	0.00929	0.00491	0.00615	0.00174	0.00818	0.00612	0.00316	0.10678

[dist]
# distance from previous block
# <min> <max>
0	1

[block]
# block no. 3 follows, 43 sequences, length 7
# corresponding to MSA columns:
# 86-92
name=unknown_D
#
# <colnr> <probs for GDERKNQSTAVLIFYWHMCP>
#	G	D	E	R	K	N	Q	S	T	A	V	L	I	F	Y	W	H	M	C	P
0	0.01316	0.00981	0.01014	0.00889	0.01158	0.05361	0.00693	0.13238	0.13401	0.11117	0.12221	0.06303	0.27991	0.01029	0.00605	0.00179	0.00421	0.00852	0.00547	0.00680
1	0.01308	0.00901	0.01175	0.00905	0.01299	0.00728	0.04210	0.01543	0.01266	0.15588	0.08872	0.10939	0.01689	0.00690	0.00507	0.00129	0.00421	0.00599	0.00441	0.46790
2	0.01449	0.01025	0.01210	0.00895	0.01363	0.00851	0.00721	0.06256	0.05994	0.14790	0.01289	0.01342	0.00976	0.00494	0.00454	0.00109	0.00435	0.00396	0.00417	0.59534
3	0.01671	0.00920	0.01181	0.05449	0.01436	0.00824	0.00773	0.02035	0.08310	0.33887	0.13589	0.02036	0.01825	0.00680	0.00533	0.00150	0.00434	0.00568	0.00541	0.23158
4	0.01255	0.01091	0.02141	0.01632	0.02004	0.01065	0.38345	0.01591	0.01184	0.10658	0.01384	0.01796	0.01108	0.01873	0.29711	0.00448	0.01084	0.00619	0.00335	0.00676
5	0.01603	0.01446	0.01580	0.01256	0.01665	0.13402	0.09605	0.13554	0.21280	0.06699	0.01442	0.01481	0.01088	0.00589	0.00525	0.00150	0.00607	0.00490	0.00435	0.21105
6	0.01559	0.01308	0.01877	0.19292	0.02356	0.05751	0.17556	0.14204	0.10469	0.10975	0.01359	0.01519	0.00989	0.00581	0.00562	0.00170	0.00680	0.00531	0.00404	0.07857

[dist]
# distance from previous block
# <min> <max>
4	24

[block]
# block no. 4 follows, 43 sequences, length 13
# corresponding to MSA columns:
# 117-129
name=unknown_E
#
# <colnr> <probs for GDERKNQSTAVLIFYWHMCP>
#	G	D	E	R	K	N	Q	S	T	A	V	L	I	F	Y	W	H	M	C	P
0	0.03831	0.01172	0.01532	0.01651	0.20376	0.01215	0.01068	0.10393	0.24451	0.23622	0.03656	0.01783	0.01376	0.00662	0.00554	0.00174	0.00517	0.00561	0.00520	0.00887
1	0.06933	0.01041	0.01156	0.00897	0.01332	0.00937	0.00713	0.01844	0.20067	0.04461	0.01330	0.01387	0.01043	0.00512	0.00449	0.00118	0.00421	0.00409	0.00400	0.54550
2	0.01842	0.12372	0.03713	0.01150	0.01582	0.01545	0.00980	0.36186	0.16861	0.11573	0.01511	0.01468	0.01098	0.00641	0.00521	0.00160	0.00552	0.00492	0.00507	0.05247
3	0.27925	0.01133	0.01115	0.00989	0.01321	0.01292	0.00784	0.02506	0.46547	0.08016	0.01777	0.01681	0.01319	0.00671	0.00493	0.00181	0.00438	0.00517	0.00502	0.00793
4	0.01696	0.01065	0.01273	0.01094	0.01410	0.01104	0.00917	0.31551	0.01897	0.17604	0.07170	0.03233	0.02051	0.00982	0.00630	0.00197	0.00526	0.24258	0.00570	0.00773
5	0.01228	0.01225	0.01043	0.00963	0.01217	0.16399	0.00735	0.01935	0.30794	0.01824	0.06581	0.03124	0.28770	0.00968	0.00588	0.00178	0.00485	0.00785	0.00492	0.00666
6	0.01321	0.01433	0.02865	0.02093	0.02604	0.01396	0.60230	0.02008	0.16263	0.01883	0.01347	0.01608	0.01010	0.00524	0.00636	0.00187	0.00835	0.00648	0.00337	0.00773
7	0.00659	0.00545	0.00577	0.00603	0.00759	0.00464	0.00439	0.00790	0.01222	0.01480	0.05099	0.20300	0.62217	0.01469	0.00665	0.00195	0.00289	0.01250	0.00514	0.00464
8	0.01664	0.01332	0.01414	0.01185	0.01549	0.01511	0.00946	0.31404	0.47153	0.02779	0.01890	0.01776	0.01396	0.00717	0.00560	0.00179	0.00506	0.00576	0.00560	0.00902
9	0.01825	0.01314	0.01382	0.01153	0.01522	0.05632	0.00920	0.21522	0.38062	0.17597	0.01924	0.01780	0.01379	0.00706	0.00556	0.00176	0.00520	0.00564	0.00570	0.00894
10	0.01663	0.02032	0.43457	0.01387	0.02038	0.01107	0.05623	0.02127	0.01341	0.31563	0.01470	0.01469	0.00973	0.00586	0.00545	0.00174	0.00688	0.00481	0.00414	0.00863
11	0.01150	0.02591	0.62786	0.01730	0.02497	0.01309	0.16652	0.01758	0.01197	0.01758	0.01019	0.01234	0.00729	0.00514	0.00552	0.00178	0.00842	0.00458	0.00243	0.00804
12	0.00675	0.00482	0.00643	0.00771	0.00803	0.00450	0.00514	0.00771	0.01060	0.01414	0.03053	0.80175	0.03663	0.01735	0.00707	0.00225	0.00321	0.01574	0.00514	0.00450

[dist]
# distance from previous block
# <min> <max>
1	4

[block]
# block no. 5 follows, 43 sequences, length 21
# corresponding to MSA columns:
# 134-154
name=unknown_F
#
# <colnr> <probs for GDERKNQSTAVLIFYWHMCP>
#	G	D	E	R	K	N	Q	S	T	A	V	L	I	F	Y	W	H	M	C	P
0	0.01083	0.01005	0.01597	0.49726	0.02964	0.01082	0.06240	0.01416	0.01131	0.01549	0.01050	0.03517	0.00848	0.00539	0.00524	0.00157	0.00648	0.00486	0.00279	0.24159
1	0.01399	0.00974	0.01569	0.60027	0.03226	0.01128	0.01361	0.01730	0.01225	0.20061	0.01279	0.01577	0.00893	0.00586	0.00555	0.00181	0.00673	0.00508	0.00354	0.00695
2	0.01128	0.01208	0.02526	0.01893	0.02304	0.01132	0.54003	0.01491	0.01237	0.01672	0.01666	0.23726	0.01638	0.00825	0.00669	0.00198	0.00761	0.00914	0.00346	0.00663
3	0.01538	0.10462	0.48282	0.01345	0.02017	0.01247	0.01583	0.02011	0.01282	0.23100	0.01307	0.01342	0.00892	0.00566	0.00517	0.00168	0.00697	0.00439	0.00362	0.00842
4	0.01139	0.02398	0.56200	0.01543	0.02131	0.01402	0.01810	0.01635	0.01079	0.01635	0.00918	0.01181	0.00709	0.00651	0.00891	0.00194	0.23058	0.00431	0.00236	0.00758
5	0.00675	0.00482	0.00643	0.00771	0.00803	0.00450	0.00514	0.00771	0.01060	0.01414	0.03053	0.80175	0.03663	0.01735	0.00707	0.00225	0.00321	0.01574	0.00514	0.00450
6	0.01238	0.29771	0.51878	0.01361	0.02061	0.01598	0.01667	0.01721	0.01154	0.01598	0.00917	0.01072	0.00705	0.00508	0.00467	0.00156	0.00740	0.00370	0.00235	0.00781
7	0.01080	0.01020	0.01723	0.71158	0.11592	0.01240	0.01555	0.01445	0.01124	0.01457	0.00990	0.01465	0.00753	0.00547	0.00553	0.00182	0.00730	0.00492	0.00249	0.00643
8	0.01304	0.01264	0.02052	0.07983	0.50751	0.01418	0.01551	0.01577	0.01134	0.01648	0.00949	0.01333	0.00825	0.00632	0.00907	0.00188	0.22948	0.00491	0.00263	0.00783
9	0.01930	0.23588	0.01734	0.01009	0.01422	0.01341	0.00867	0.02465	0.19720	0.37520	0.01802	0.01648	0.01263	0.00642	0.00502	0.00160	0.00497	0.00500	0.00529	0.00861
10	0.01627	0.01010	0.01649	0.42378	0.02804	0.01083	0.07373	0.01944	0.01310	0.31034	0.01463	0.01637	0.00993	0.00598	0.00563	0.00180	0.00651	0.00531	0.00420	0.00754
11	0.00982	0.02214	0.55879	0.01291	0.01931	0.01055	0.01587	0.01483	0.01196	0.01681	0.02298	0.02345	0.22220	0.00774	0.00562	0.00179	0.00666	0.00624	0.00313	0.00719
12	0.00871	0.00718	0.01096	0.01514	0.22357	0.00695	0.00849	0.01034	0.01117	0.01526	0.02484	0.57907	0.02876	0.01384	0.00662	0.00208	0.00416	0.01269	0.00446	0.00571
13	0.01284	0.23696	0.29968	0.01063	0.01565	0.01288	0.01189	0.01660	0.01183	0.06843	0.01242	0.01393	0.00952	0.00556	0.00442	0.00146	0.00574	0.00418	0.23825	0.00712
14	0.01033	0.00862	0.01325	0.51686	0.02785	0.00987	0.01173	0.01327	0.01184	0.06588	0.02373	0.02593	0.22290	0.00803	0.00582	0.00184	0.00591	0.00688	0.00352	0.00596
15	0.00974	0.00874	0.01443	0.57076	0.03016	0.01078	0.01299	0.01295	0.01046	0.01378	0.01125	0.01674	0.00921	0.01571	0.22534	0.00384	0.00949	0.00521	0.00260	0.00581
16	0.01392	0.02494	0.56190	0.01493	0.02205	0.01408	0.01765	0.22517	0.01575	0.02245	0.01089	0.01215	0.00769	0.00565	0.00534	0.00173	0.00759	0.00435	0.00324	0.00853
17	0.01845	0.01165	0.01826	0.01399	0.01832	0.01136	0.21417	0.02512	0.22558	0.35248	0.01909	0.01828	0.01314	0.00643	0.00586	0.00180	0.00590	0.00603	0.00539	0.00870
18	0.01382	0.01898	0.16908	0.23685	0.02768	0.20187	0.21907	0.01776	0.01288	0.01566	0.00992	0.01304	0.00753	0.00528	0.00563	0.00173	0.00872	0.00488	0.00263	0.00698
19	0.01118	0.01127	0.00960	0.01004	0.01131	0.22493	0.00749	0.01266	0.01269	0.01480	0.05422	0.39591	0.02796	0.01340	0.00658	0.00206	0.00549	0.15871	0.00453	0.00519
20	0.01082	0.00907	0.01577	0.01307	0.01575	0.00892	0.24854	0.01447	0.04067	0.01818	0.01961	0.06525	0.01840	0.00903	0.00633	0.00193	0.02133	0.21772	0.23914	0.00602

[dist]
# distance from previous block
# <min> <max>
3	7

[block]
# block no. 6 follows, 43 sequences, length 40
# corresponding to MSA columns:
# 162-201
name=unknown_G
#
# <colnr> <probs for GDERKNQSTAVLIFYWHMCP>
#	G	D	E	R	K	N	Q	S	T	A	V	L	I	F	Y	W	H	M	C	P
0	0.15327	0.01211	0.09387	0.16474	0.01878	0.01033	0.00987	0.06647	0.01232	0.03144	0.03011	0.01452	0.04186	0.00551	0.00469	0.00142	0.00528	0.00433	0.00341	0.31567
1	0.01147	0.01195	0.02348	0.36774	0.03147	0.01269	0.35823	0.01540	0.01193	0.01581	0.01175	0.06506	0.00973	0.00597	0.00635	0.00189	0.02327	0.00637	0.00279	0.00666
2	0.01178	0.01095	0.07511	0.06249	0.01491	0.00920	0.00865	0.15894	0.01409	0.01985	0.01709	0.26242	0.01730	0.00900	0.00552	0.00159	0.00478	0.00775	0.00419	0.28440
3	0.01792	0.02211	0.01385	0.01297	0.01532	0.62848	0.00960	0.01925	0.01468	0.01367	0.01292	0.16724	0.01299	0.00802	0.00541	0.00159	0.00864	0.00599	0.00331	0.00604
4	0.02069	0.02640	0.01569	0.01427	0.01712	0.78313	0.01070	0.02212	0.01569	0.01355	0.00856	0.00999	0.00713	0.00571	0.00499	0.00143	0.00999	0.00357	0.00285	0.00642
5	0.00945	0.00487	0.00709	0.00709	0.00709	0.00487	0.00465	0.00731	0.00731	0.00974	0.01047	0.01893	0.01075	0.10409	0.02235	0.74891	0.00487	0.00516	0.00251	0.00251
6	0.01180	0.01086	0.01569	0.01121	0.01627	0.00870	0.15436	0.01470	0.01180	0.01799	0.01011	0.01217	0.00824	0.00421	0.00459	0.00103	0.00514	0.00393	0.00319	0.67403
7	0.01148	0.00984	0.01148	0.00820	0.01312	0.00738	0.00656	0.01395	0.01148	0.01805	0.00984	0.01148	0.00820	0.00410	0.00410	0.00082	0.00410	0.00328	0.00328	0.83922
8	0.00696	0.00499	0.00662	0.00756	0.00808	0.00464	0.00516	0.00826	0.01161	0.01574	0.17697	0.65073	0.03973	0.01615	0.00696	0.00215	0.00309	0.01461	0.00533	0.00464
9	0.01080	0.00896	0.01040	0.00777	0.01172	0.00698	0.00593	0.01278	0.01080	0.01660	0.01135	0.01640	0.01057	0.16324	0.00889	0.00172	0.00435	0.00423	0.00330	0.67321
10	0.01878	0.32215	0.02101	0.01164	0.01587	0.17065	0.01003	0.28688	0.01777	0.06071	0.01065	0.01123	0.00830	0.00574	0.00467	0.00143	0.00673	0.00396	0.00386	0.00794
11	0.01415	0.01437	0.01339	0.01510	0.16278	0.25420	0.00947	0.06489	0.01310	0.01535	0.01423	0.02471	0.01429	0.25460	0.01260	0.00283	0.00709	0.08346	0.00341	0.00600
12	0.00878	0.00541	0.00632	0.00632	0.00694	0.00561	0.00424	0.01004	0.00941	0.01447	0.01714	0.02816	0.01690	0.38710	0.17007	0.00471	0.00632	0.00667	0.28113	0.00427
13	0.01294	0.00917	0.01008	0.00794	0.01137	0.00847	0.00632	0.16020	0.01443	0.02239	0.01369	0.01537	0.01075	0.00551	0.00430	0.00117	0.00391	0.00434	0.32376	0.35391
14	0.00794	0.00568	0.00697	0.00691	0.00824	0.00527	0.00527	0.01014	0.01386	0.01917	0.41977	0.04443	0.18664	0.06269	0.00784	0.00207	0.00315	0.10409	0.07488	0.00498
15	0.01397	0.01380	0.02471	0.02715	0.40933	0.01375	0.26336	0.06525	0.07607	0.01947	0.01188	0.01468	0.00937	0.00517	0.00585	0.00174	0.00730	0.00559	0.00318	0.00837
16	0.01189	0.00994	0.01264	0.16402	0.01820	0.00857	0.00844	0.02848	0.01182	0.04159	0.01029	0.01240	0.00824	0.00452	0.00446	0.00107	0.00481	0.00371	0.00327	0.63163
17	0.00984	0.00532	0.00590	0.00590	0.00714	0.00551	0.00448	0.01231	0.01108	0.01910	0.01742	0.02087	0.01413	0.01342	0.15870	0.00280	0.00501	0.00532	0.67064	0.00512
18	0.00805	0.00537	0.00604	0.00604	0.00604	0.00537	0.00336	0.00805	0.00805	0.01074	0.01745	0.03624	0.02013	0.80536	0.02819	0.00537	0.00537	0.00805	0.00336	0.00336
19	0.01052	0.00784	0.01043	0.00966	0.01134	0.00896	0.00764	0.15735	0.01230	0.01724	0.01453	0.02008	0.01297	0.03461	0.62892	0.00746	0.01310	0.00575	0.00348	0.00583
20	0.01269	0.01381	0.02638	0.01981	0.02317	0.01519	0.45442	0.01597	0.01123	0.01597	0.00963	0.01381	0.00795	0.00668	0.01121	0.00209	0.32459	0.00586	0.00265	0.00690
21	0.01481	0.80869	0.02902	0.00948	0.01421	0.02191	0.00948	0.01658	0.01125	0.01303	0.00770	0.00888	0.00711	0.00474	0.00355	0.00118	0.00592	0.00296	0.00237	0.00711
22	0.00726	0.00550	0.00581	0.00581	0.00680	0.00500	0.00381	0.00800	0.01047	0.01297	0.03790	0.04527	0.41607	0.38673	0.01674	0.00352	0.00401	0.00998	0.00430	0.00405
23	0.01581	0.02469	0.36069	0.01500	0.02063	0.25419	0.04722	0.13133	0.04478	0.01917	0.01057	0.01190	0.00787	0.00568	0.00529	0.00165	0.00833	0.00426	0.00314	0.00781
24	0.00739	0.00546	0.00691	0.00694	0.00810	0.00497	0.00505	0.00944	0.01404	0.01925	0.49032	0.22018	0.15518	0.01313	0.00666	0.00188	0.00278	0.01160	0.00573	0.00497
25	0.01259	0.34156	0.47675	0.01325	0.02006	0.01649	0.01606	0.01716	0.01152	0.01573	0.00904	0.01057	0.00705	0.00505	0.00458	0.00153	0.00728	0.00364	0.00235	0.00775
26	0.00655	0.00561	0.00561	0.00561	0.00748	0.00468	0.00421	0.00795	0.01262	0.01496	0.05610	0.05330	0.76857	0.01403	0.00655	0.00187	0.00281	0.01169	0.00514	0.00468
27	0.01191	0.01182	0.07556	0.00945	0.01428	0.00911	0.00816	0.01732	0.16032	0.01902	0.01237	0.01332	0.00983	0.00488	0.00450	0.00111	0.00450	0.00394	0.00367	0.60492
28	0.01308	0.01050	0.01184	0.00911	0.01317	0.00961	0.00729	0.18918	0.05805	0.02253	0.09639	0.01912	0.07716	0.00650	0.00499	0.00127	0.00432	0.00528	0.00441	0.43621
29	0.01102	0.13906	0.51403	0.01349	0.01974	0.01302	0.01615	0.01588	0.01107	0.01594	0.01058	0.01328	0.00839	0.01239	0.15956	0.00309	0.00917	0.00429	0.00247	0.00738
30	0.00805	0.00537	0.00604	0.00604	0.00604	0.00537	0.00336	0.00805	0.00805	0.01074	0.01745	0.03624	0.02013	0.80536	0.02819	0.00537	0.00537	0.00805	0.00336	0.00336
31	0.01178	0.01309	0.02730	0.01982	0.02468	0.01215	0.60244	0.01580	0.01298	0.01719	0.02012	0.02256	0.15938	0.00653	0.00654	0.00187	0.00804	0.00756	0.00327	0.00691
32	0.08216	0.01178	0.01845	0.31152	0.37254	0.01298	0.01487	0.04837	0.04192	0.01812	0.01058	0.01396	0.00837	0.00535	0.00534	0.00174	0.00658	0.00482	0.00293	0.00760
33	0.00873	0.00643	0.00768	0.00781	0.00901	0.00646	0.00559	0.01211	0.15652	0.01583	0.09102	0.27582	0.18079	0.01463	0.00953	0.16822	0.00362	0.01041	0.00477	0.00501
34	0.00759	0.00549	0.00717	0.00709	0.00821	0.00507	0.00519	0.00985	0.01460	0.02045	0.60582	0.19265	0.06488	0.01258	0.00664	0.00185	0.00274	0.01119	0.00589	0.00507
35	0.17799	0.01217	0.01888	0.16866	0.26019	0.01307	0.13336	0.01805	0.10925	0.01929	0.01148	0.01408	0.00896	0.00538	0.00528	0.00176	0.00644	0.00498	0.00321	0.00751
36	0.01469	0.01433	0.01814	0.29333	0.05798	0.12576	0.07462	0.16220	0.01450	0.01852	0.01004	0.01329	0.00788	0.00640	0.00772	0.00184	0.14371	0.00486	0.00316	0.00705
37	0.00758	0.00589	0.00853	0.16343	0.01403	0.00611	0.00718	0.00922	0.01112	0.01481	0.08796	0.58198	0.03213	0.01450	0.00672	0.00213	0.00399	0.01312	0.00469	0.00489
38	0.00769	0.00567	0.00817	0.00843	0.00920	0.00631	0.00627	0.00930	0.00917	0.01293	0.01817	0.17788	0.01890	0.10049	0.56619	0.00728	0.01174	0.00806	0.00343	0.00472
39	0.00988	0.00864	0.01441	0.01622	0.18949	0.00941	0.07158	0.01236	0.01010	0.01451	0.01317	0.01889	0.01192	0.02852	0.50348	0.00634	0.04641	0.00570	0.00288	0.00610

[dist]
# distance from previous block
# <min> <max>
0	20

[block]
# block no. 7 follows, 43 sequences, length 23
# corresponding to MSA columns:
# 222-231,257-269
name=unknown_H
#
# <colnr> <probs for GDERKNQSTAVLIFYWHMCP>
#	G	D	E	R	K	N	Q	S	T	A	V	L	I	F	Y	W	H	M	C	P
0	0.00759	0.00597	0.00696	0.00753	0.00868	0.00574	0.00532	0.01057	0.10733	0.01555	0.03729	0.47386	0.25690	0.01508	0.00673	0.00209	0.00324	0.01329	0.00520	0.00510
1	0.00944	0.00481	0.00716	0.00725	0.00727	0.00479	0.00483	0.00725	0.00743	0.00991	0.01096	0.06700	0.01135	0.01912	0.02071	0.78540	0.00471	0.00551	0.00258	0.00254
2	0.00918	0.00643	0.00802	0.00849	0.01012	0.00611	0.00693	0.01183	0.05117	0.06456	0.03711	0.14216	0.26365	0.01420	0.00699	0.00221	0.00409	0.33614	0.00526	0.00536
3	0.00804	0.00539	0.00613	0.00610	0.00618	0.00536	0.00348	0.00821	0.00854	0.01147	0.06541	0.03657	0.02219	0.75461	0.02680	0.00514	0.00519	0.00818	0.00353	0.00348
4	0.00791	0.00593	0.00890	0.00890	0.00989	0.00692	0.00692	0.00989	0.00890	0.01286	0.01483	0.02176	0.01385	0.04154	0.78341	0.00890	0.01483	0.00593	0.00297	0.00494
5	0.01663	0.01037	0.01202	0.01031	0.01359	0.01095	0.00815	0.02640	0.43354	0.26420	0.11057	0.02253	0.02007	0.00775	0.00572	0.00181	0.00428	0.00648	0.00608	0.00856
6	0.16118	0.00689	0.00787	0.00840	0.00972	0.00714	0.00638	0.05094	0.01159	0.01760	0.02431	0.38924	0.02738	0.06334	0.00778	0.00239	0.00415	0.18386	0.00473	0.00511
7	0.01187	0.00990	0.01088	0.00989	0.01244	0.01103	0.00763	0.02334	0.52170	0.02286	0.26172	0.02731	0.02825	0.00874	0.00592	0.00183	0.00382	0.00747	0.00578	0.00763
8	0.00773	0.00552	0.00755	0.00883	0.00958	0.00534	0.00684	0.00940	0.01157	0.01523	0.02999	0.46981	0.03449	0.01643	0.00733	0.00238	0.00406	0.33804	0.00512	0.00477
9	0.01181	0.00666	0.00836	0.00780	0.00956	0.00630	0.00587	0.06071	0.01430	0.15618	0.25973	0.25189	0.03234	0.01123	0.00605	0.00181	0.00338	0.00982	0.13016	0.00603
10	0.01490	0.00715	0.00958	0.00828	0.01072	0.00637	0.00645	0.01710	0.01511	0.33948	0.35876	0.12830	0.03397	0.01020	0.00619	0.00179	0.00358	0.00886	0.00630	0.00691
11	0.02069	0.02640	0.01569	0.01427	0.01712	0.78313	0.01070	0.02212	0.01569	0.01355	0.00856	0.00999	0.00713	0.00571	0.00499	0.00143	0.00999	0.00357	0.00285	0.00642
12	0.00717	0.00560	0.00628	0.00613	0.00758	0.00495	0.00446	0.00883	0.01314	0.01697	0.29799	0.04715	0.43193	0.10678	0.00910	0.00224	0.00304	0.01068	0.00526	0.00471
13	0.00785	0.00560	0.00645	0.00664	0.00813	0.00488	0.00482	0.00925	0.01241	0.06276	0.09844	0.28652	0.43741	0.01443	0.00665	0.00197	0.00304	0.01246	0.00532	0.00496
14	0.74744	0.01056	0.00870	0.00759	0.01112	0.01192	0.00625	0.01755	0.01019	0.11362	0.00939	0.01016	0.00691	0.00534	0.00368	0.00171	0.00433	0.00330	0.00383	0.00640
15	0.72204	0.00990	0.00770	0.00697	0.01009	0.01136	0.00569	0.01578	0.00975	0.02423	0.00923	0.01071	0.00720	0.00533	0.00349	0.00165	0.00403	0.00332	0.12565	0.00588
16	0.00690	0.00491	0.00646	0.00756	0.00792	0.00460	0.00503	0.00791	0.01077	0.01444	0.07712	0.70497	0.03660	0.06626	0.00836	0.00241	0.00331	0.01490	0.00509	0.00447
17	0.00848	0.00584	0.00691	0.00667	0.00835	0.00512	0.00499	0.01031	0.01371	0.07762	0.30072	0.13545	0.36966	0.01290	0.00653	0.00186	0.00294	0.01110	0.00561	0.00522
18	0.00837	0.00635	0.00736	0.00759	0.00893	0.00606	0.00546	0.09595	0.01312	0.01688	0.03718	0.45398	0.28222	0.01495	0.00671	0.00205	0.00342	0.01309	0.00519	0.00514
19	0.00694	0.00499	0.00663	0.00788	0.00833	0.00468	0.00546	0.00807	0.01086	0.01439	0.03117	0.71153	0.05785	0.01706	0.00711	0.00227	0.00337	0.08172	0.00514	0.00456
20	0.00939	0.00584	0.00687	0.00671	0.00786	0.00535	0.00456	0.01034	0.01108	0.10355	0.07187	0.16938	0.22947	0.31600	0.01479	0.00325	0.00407	0.01017	0.00471	0.00473
21	0.01136	0.01321	0.10605	0.01400	0.01527	0.01472	0.03640	0.01338	0.00955	0.01450	0.05099	0.06474	0.01177	0.01027	0.03141	0.00242	0.56514	0.00582	0.00281	0.00619
22	0.11703	0.03889	0.03810	0.01362	0.06353	0.03865	0.07242	0.21237	0.05117	0.22666	0.01419	0.01442	0.01004	0.00636	0.00611	0.00174	0.05665	0.00495	0.00476	0.00836

[dist]
# distance from previous block
# <min> <max>
2	4

[block]
# block no. 8 follows, 43 sequences, length 75
# corresponding to MSA columns:
# 275-349
name=unknown_I
#
# <colnr> <probs for GDERKNQSTAVLIFYWHMCP>
#	G	D	E	R	K	N	Q	S	T	A	V	L	I	F	Y	W	H	M	C	P
0	0.00772	0.00540	0.00605	0.00608	0.00649	0.00520	0.00367	0.00814	0.00935	0.01219	0.06160	0.07132	0.15569	0.59284	0.02240	0.00444	0.00469	0.00912	0.00388	0.00373
1	0.14350	0.01336	0.13963	0.26222	0.02268	0.01201	0.01216	0.08213	0.08775	0.07371	0.08557	0.01668	0.01304	0.00638	0.00527	0.00178	0.00596	0.00516	0.00384	0.00715
2	0.01422	0.04244	0.01311	0.01151	0.01435	0.14757	0.00908	0.02478	0.48446	0.01993	0.02009	0.02347	0.01654	0.00932	0.03491	0.00212	0.00590	0.09365	0.00487	0.00771
3	0.00782	0.00532	0.00627	0.00642	0.00663	0.00521	0.00387	0.00829	0.00939	0.01268	0.11037	0.16098	0.02670	0.58153	0.02214	0.00442	0.00469	0.00954	0.00398	0.00377
4	0.36055	0.00762	0.00693	0.00656	0.00801	0.00834	0.00447	0.01152	0.00863	0.01668	0.01335	0.02476	0.01418	0.46813	0.01775	0.00383	0.00491	0.00592	0.00339	0.00447
5	0.00691	0.00489	0.00638	0.00751	0.00779	0.00460	0.00493	0.00775	0.01029	0.01373	0.02894	0.70913	0.03463	0.11269	0.00962	0.00263	0.00347	0.01481	0.00493	0.00436
6	0.09997	0.01117	0.01342	0.01039	0.01463	0.01095	0.00858	0.21985	0.01798	0.50730	0.01825	0.01645	0.01185	0.00664	0.00536	0.00170	0.00504	0.00517	0.00619	0.00911
7	0.00663	0.00560	0.00575	0.00582	0.00761	0.00472	0.00437	0.00807	0.01262	0.01513	0.07041	0.08153	0.70872	0.01412	0.00659	0.00190	0.00287	0.02769	0.00516	0.00469
8	0.00787	0.00540	0.00599	0.00599	0.00621	0.00529	0.00346	0.00804	0.00861	0.01125	0.02213	0.03831	0.11069	0.70962	0.02557	0.00495	0.00506	0.00849	0.00357	0.00352
9	0.00862	0.00666	0.00934	0.00919	0.01044	0.00775	0.00715	0.01225	0.09987	0.01410	0.01577	0.02163	0.01422	0.03742	0.68931	0.00805	0.01357	0.00597	0.00329	0.00541
10	0.01643	0.00960	0.01124	0.00972	0.01292	0.00980	0.00777	0.02410	0.32249	0.29169	0.02655	0.02646	0.10747	0.00848	0.00576	0.00183	0.00427	0.05012	0.04519	0.00812
11	0.00748	0.00548	0.00708	0.00743	0.00850	0.00508	0.00553	0.00943	0.01339	0.01816	0.36492	0.27987	0.13023	0.01399	0.00684	0.00201	0.00313	0.10096	0.00557	0.00492
12	0.00672	0.00492	0.00633	0.00746	0.00797	0.00452	0.00503	0.00774	0.01085	0.01424	0.03362	0.71119	0.12519	0.01695	0.00701	0.00220	0.00316	0.01525	0.00514	0.00452
13	0.00814	0.00536	0.00601	0.00601	0.00606	0.00536	0.00337	0.00823	0.00818	0.01110	0.01747	0.03568	0.01992	0.77639	0.02731	0.00522	0.00527	0.00795	0.03356	0.00342
14	0.01524	0.01263	0.01335	0.01157	0.01496	0.01446	0.00912	0.17520	0.61265	0.02553	0.02068	0.01918	0.01540	0.00734	0.00562	0.00183	0.00473	0.00600	0.00562	0.00890
15	0.01148	0.00984	0.01148	0.00820	0.01312	0.00738	0.00656	0.01395	0.01148	0.01805	0.00984	0.01148	0.00820	0.00410	0.00410	0.00082	0.00410	0.00328	0.00328	0.83922
16	0.02186	0.00869	0.01182	0.00946	0.01312	0.00756	0.00764	0.02388	0.01521	0.64712	0.05812	0.11464	0.01830	0.00834	0.00580	0.00178	0.00443	0.00701	0.00661	0.00863
17	0.02105	0.01551	0.01662	0.01274	0.01717	0.01717	0.01053	0.75235	0.02604	0.03490	0.01330	0.01330	0.00942	0.00665	0.00554	0.00166	0.00609	0.00499	0.00554	0.00942
18	0.00799	0.00564	0.00739	0.00739	0.00786	0.00610	0.00504	0.00892	0.00845	0.01174	0.01621	0.02940	0.01716	0.44447	0.38502	0.00704	0.00984	0.00705	0.00317	0.00411
19	0.00726	0.00530	0.00686	0.00737	0.00827	0.00490	0.00531	0.00898	0.01282	0.01737	0.30790	0.39961	0.11513	0.01465	0.00685	0.00204	0.00306	0.05599	0.00550	0.00482
20	0.01005	0.00519	0.00527	0.00527	0.00640	0.00519	0.00381	0.01232	0.01118	0.01945	0.01799	0.02253	0.01491	0.10311	0.00681	0.00178	0.00292	0.00551	0.73535	0.00494
21	0.00962	0.00481	0.00722	0.00722	0.00722	0.00481	0.00481	0.00722	0.00722	0.00962	0.00962	0.01684	0.00962	0.01924	0.02165	0.83886	0.00481	0.00481	0.00241	0.00241
22	0.00800	0.00560	0.00720	0.00720	0.00761	0.00600	0.00481	0.00880	0.00840	0.01160	0.01639	0.03035	0.01758	0.49484	0.33521	0.00680	0.00922	0.00719	0.00320	0.00400
23	0.01046	0.00984	0.01661	0.79205	0.03814	0.01230	0.01538	0.01415	0.01107	0.01415	0.00984	0.01477	0.00738	0.00554	0.00554	0.00185	0.00738	0.00492	0.00246	0.00615
24	0.01148	0.00984	0.01148	0.00820	0.01312	0.00738	0.00656	0.01395	0.01148	0.01805	0.00984	0.01148	0.00820	0.00410	0.00410	0.00082	0.00410	0.00328	0.00328	0.83922
25	0.02266	0.00887	0.01208	0.00959	0.01340	0.00770	0.00778	0.02466	0.01522	0.68264	0.02290	0.11357	0.01648	0.00812	0.00575	0.00178	0.00453	0.00680	0.00665	0.00883
26	0.00791	0.00593	0.00890	0.00890	0.00989	0.00692	0.00692	0.00989	0.00890	0.01286	0.01483	0.02176	0.01385	0.04154	0.78341	0.00890	0.01483	0.00593	0.00297	0.00494
27	0.01371	0.01316	0.02248	0.03399	0.77081	0.01316	0.01700	0.01700	0.01261	0.01809	0.01042	0.01371	0.00877	0.00493	0.00548	0.00164	0.00658	0.00493	0.00274	0.00877
28	0.02485	0.00943	0.01285	0.00985	0.01414	0.00814	0.00814	0.02699	0.01585	0.77465	0.02185	0.01885	0.01371	0.00685	0.00557	0.00171	0.00471	0.00557	0.00685	0.00943
29	0.00805	0.00537	0.00604	0.00604	0.00604	0.00537	0.00336	0.00805	0.00805	0.01074	0.01745	0.03624	0.02013	0.80536	0.02819	0.00537	0.00537	0.00805	0.00336	0.00336
30	0.01178	0.01119	0.01900	0.48388	0.33600	0.01265	0.01604	0.01531	0.01170	0.01575	0.01008	0.01434	0.00795	0.00529	0.00552	0.00176	0.00706	0.00493	0.00257	0.00722
31	0.01764	0.18350	0.01759	0.01248	0.01580	0.42151	0.00993	0.02293	0.21331	0.01601	0.01211	0.01260	0.00973	0.00599	0.00487	0.00150	0.00766	0.00416	0.00350	0.00719
32	0.01481	0.80869	0.02902	0.00948	0.01421	0.02191	0.00948	0.01658	0.01125	0.01303	0.00770	0.00888	0.00711	0.00474	0.00355	0.00118	0.00592	0.00296	0.00237	0.00711
33	0.02105	0.01551	0.01662	0.01274	0.01717	0.01717	0.01053	0.75235	0.02604	0.03490	0.01330	0.01330	0.00942	0.00665	0.00554	0.00166	0.00609	0.00499	0.00554	0.00942
34	0.02105	0.01551	0.01662	0.01274	0.01717	0.01717	0.01053	0.75235	0.02604	0.03490	0.01330	0.01330	0.00942	0.00665	0.00554	0.00166	0.00609	0.00499	0.00554	0.00942
35	0.00948	0.00571	0.00662	0.00636	0.00673	0.00560	0.00376	0.00966	0.00872	0.07550	0.01782	0.03477	0.01959	0.73767	0.02627	0.00506	0.00531	0.00784	0.00365	0.00387
36	0.02052	0.04868	0.01607	0.01413	0.01704	0.76145	0.01067	0.02196	0.01557	0.01354	0.00854	0.00996	0.00713	0.00568	0.00495	0.00142	0.00987	0.00355	0.00284	0.00644
37	0.00805	0.00537	0.00604	0.00604	0.00604	0.00537	0.00336	0.00805	0.00805	0.01074	0.01745	0.03624	0.02013	0.80536	0.02819	0.00537	0.00537	0.00805	0.00336	0.00336
38	0.00892	0.00637	0.00892	0.01020	0.01147	0.00637	0.00892	0.01147	0.01275	0.01657	0.02932	0.06247	0.03187	0.01530	0.00765	0.00255	0.00510	0.73354	0.00510	0.00510
39	0.00805	0.00579	0.00775	0.00794	0.00915	0.00549	0.00626	0.01051	0.01443	0.01994	0.49825	0.11175	0.04522	0.01295	0.00689	0.00201	0.00336	0.21341	0.00574	0.00513
40	0.00805	0.00537	0.00604	0.00604	0.00604	0.00537	0.00336	0.00805	0.00805	0.01074	0.01745	0.03624	0.02013	0.80536	0.02819	0.00537	0.00537	0.00805	0.00336	0.00336
41	0.00805	0.00537	0.00604	0.00604	0.00604	0.00537	0.00336	0.00805	0.00805	0.01074	0.01745	0.03624	0.02013	0.80536	0.02819	0.00537	0.00537	0.00805	0.00336	0.00336
42	0.00805	0.00537	0.00604	0.00604	0.00604	0.00537	0.00336	0.00805	0.00805	0.01074	0.01745	0.03624	0.02013	0.80536	0.02819	0.00537	0.00537	0.00805	0.00336	0.00336
43	0.00711	0.00563	0.00640	0.00621	0.00783	0.00492	0.00465	0.00905	0.01396	0.01814	0.36844	0.04806	0.45425	0.01284	0.00654	0.00181	0.00272	0.01095	0.00556	0.00492
44	0.00799	0.00564	0.00739	0.00739	0.00786	0.00610	0.00504	0.00892	0.00845	0.01174	0.01621	0.02940	0.01716	0.44447	0.38502	0.00704	0.00984	0.00705	0.00317	0.00411
45	0.01152	0.00807	0.00886	0.00783	0.00901	0.00851	0.00527	0.20636	0.01285	0.01718	0.01634	0.03013	0.01728	0.59255	0.02215	0.00438	0.00556	0.00724	0.00394	0.00497
46	0.00833	0.00534	0.00593	0.00593	0.00609	0.00534	0.00342	0.00864	0.00848	0.01194	0.01752	0.03436	0.01942	0.70870	0.02525	0.00488	0.00503	0.00770	0.10411	0.00357
47	0.01307	0.01494	0.03268	0.02334	0.02894	0.01401	0.75070	0.01774	0.01307	0.01774	0.01120	0.01494	0.00840	0.00467	0.00654	0.00187	0.00934	0.00654	0.00280	0.00747
48	0.01528	0.00978	0.01136	0.01016	0.01302	0.01037	0.00785	0.02431	0.40796	0.22153	0.02400	0.18090	0.02011	0.00936	0.00591	0.00191	0.00423	0.00803	0.00586	0.00806
49	0.00709	0.00528	0.00666	0.00746	0.00835	0.00485	0.00540	0.00853	0.01188	0.01552	0.11883	0.46012	0.20098	0.01569	0.00696	0.00214	0.00328	0.10104	0.00524	0.00469
50	0.00769	0.00563	0.00762	0.00762	0.00859	0.00576	0.00561	0.00955	0.01163	0.01626	0.28954	0.12611	0.06666	0.10259	0.29838	0.00484	0.00753	0.00907	0.00450	0.00482
51	0.01659	0.01303	0.01404	0.01183	0.01538	0.01466	0.00956	0.34848	0.37156	0.02781	0.01902	0.02094	0.01485	0.00779	0.00576	0.00184	0.00520	0.06735	0.00555	0.00874
52	0.00930	0.00720	0.00797	0.00744	0.00954	0.00702	0.00568	0.01428	0.18206	0.05024	0.24876	0.04115	0.36525	0.01150	0.00630	0.00183	0.00318	0.00974	0.00559	0.00595
53	0.00777	0.00565	0.00659	0.00635	0.00762	0.00512	0.00452	0.00938	0.01294	0.03193	0.34134	0.04393	0.29230	0.18739	0.01130	0.00259	0.00333	0.01007	0.00518	0.00471
54	0.01265	0.01371	0.02960	0.02139	0.02632	0.01289	0.66046	0.01647	0.01236	0.01676	0.01101	0.01517	0.00855	0.00643	0.00836	0.10313	0.00879	0.00633	0.00275	0.00686
55	0.01986	0.01054	0.01270	0.01049	0.01426	0.01068	0.00842	0.02809	0.35140	0.43616	0.02216	0.01967	0.01515	0.00715	0.00560	0.00179	0.00456	0.00588	0.00631	0.00913
56	0.00699	0.00553	0.00629	0.00631	0.00781	0.00483	0.00465	0.00874	0.01337	0.01722	0.28508	0.13996	0.44647	0.01355	0.00660	0.00187	0.00279	0.01163	0.00545	0.00483
57	0.84448	0.01071	0.00814	0.00728	0.01071	0.01242	0.00600	0.01628	0.00943	0.02485	0.00771	0.00900	0.00600	0.00514	0.00343	0.00171	0.00428	0.00300	0.00343	0.00600
58	0.00802	0.00550	0.00635	0.00628	0.00661	0.00535	0.00376	0.00848	0.00927	0.01255	0.10942	0.07270	0.03903	0.63638	0.02354	0.00460	0.00485	0.00860	0.00380	0.02489
59	0.01362	0.04398	0.04957	0.04083	0.06701	0.11166	0.05346	0.05545	0.04833	0.01822	0.01050	0.01220	0.00846	0.00483	0.00469	0.00120	0.00584	0.00394	0.00328	0.44294
60	0.40099	0.11780	0.01667	0.01636	0.22550	0.07087	0.04633	0.01702	0.01120	0.02022	0.00870	0.01067	0.00712	0.00505	0.00429	0.00161	0.00581	0.00375	0.00302	0.00702
61	0.08517	0.01130	0.01223	0.01085	0.01372	0.02669	0.00882	0.29497	0.13979	0.02479	0.01929	0.09651	0.01782	0.01053	0.02277	0.02031	0.00541	0.16665	0.00507	0.00732
62	0.84448	0.01071	0.00814	0.00728	0.01071	0.01242	0.00600	0.01628	0.00943	0.02485	0.00771	0.00900	0.00600	0.00514	0.00343	0.00171	0.00428	0.00300	0.00343	0.00600
63	0.01235	0.00876	0.01075	0.00988	0.01210	0.00980	0.00769	0.01984	0.31539	0.10914	0.01891	0.02149	0.01530	0.05121	0.34572	0.00505	0.00902	0.00610	0.00454	0.00698
64	0.00976	0.00526	0.00556	0.00548	0.00680	0.00515	0.00411	0.01231	0.01234	0.02070	0.14561	0.02536	0.04894	0.00756	0.00442	0.00139	0.00259	0.00622	0.66528	0.00515
65	0.84448	0.01071	0.00814	0.00728	0.01071	0.01242	0.00600	0.01628	0.00943	0.02485	0.00771	0.00900	0.00600	0.00514	0.00343	0.00171	0.00428	0.00300	0.00343	0.00600
66	0.00767	0.00542	0.00645	0.00648	0.00711	0.00515	0.00422	0.00872	0.01114	0.01504	0.24848	0.13221	0.11130	0.38751	0.01683	0.00353	0.00401	0.00996	0.00458	0.00420
67	0.00684	0.00558	0.00578	0.00578	0.00731	0.00486	0.00414	0.00802	0.01175	0.01419	0.04843	0.04953	0.62119	0.14791	0.03231	0.00266	0.00358	0.01091	0.00478	0.00446
68	0.01188	0.00982	0.01126	0.01105	0.02946	0.01092	0.00863	0.02245	0.46954	0.02119	0.09839	0.03379	0.02427	0.00993	0.00626	0.00204	0.00445	0.20175	0.00547	0.00743
69	0.02476	0.00957	0.01294	0.00992	0.01421	0.00835	0.00820	0.04423	0.01609	0.75707	0.02165	0.01872	0.01361	0.00685	0.00557	0.00171	0.00475	0.00556	0.00682	0.00943
70	0.00672	0.00559	0.00587	0.00587	0.00760	0.00474	0.00437	0.00826	0.01294	0.01586	0.14617	0.08078	0.64857	0.01381	0.00656	0.00187	0.00280	0.01163	0.00526	0.00474
71	0.20521	0.03490	0.08480	0.02634	0.06186	0.02889	0.01049	0.32238	0.05544	0.08029	0.03010	0.01348	0.00994	0.00616	0.00500	0.00168	0.00573	0.00460	0.00452	0.00819
72	0.01397	0.01526	0.04729	0.02171	0.02712	0.01442	0.62973	0.10653	0.01452	0.01972	0.01135	0.01461	0.00847	0.00502	0.00662	0.00185	0.02473	0.00626	0.00311	0.00769
73	0.00790	0.00530	0.00609	0.00624	0.00628	0.00526	0.00357	0.00801	0.00836	0.01115	0.01903	0.12886	0.02213	0.71002	0.02563	0.00499	0.00511	0.00898	0.00357	0.00349
74	0.06791	0.28993	0.05566	0.01201	0.03141	0.06797	0.02623	0.25255	0.10691	0.02239	0.01157	0.01215	0.00902	0.00580	0.00471	0.00152	0.00615	0.00422	0.00389	0.00802

[dist]
# distance from previous block
# <min> <max>
2	4

[block]
# block no. 9 follows, 43 sequences, length 38
# corresponding to MSA columns:
# 354-391
name=unknown_J
#
# <colnr> <probs for GDERKNQSTAVLIFYWHMCP>
#	G	D	E	R	K	N	Q	S	T	A	V	L	I	F	Y	W	H	M	C	P
0	0.01480	0.00811	0.01022	0.00869	0.01104	0.00785	0.00674	0.13617	0.01481	0.21170	0.16478	0.02542	0.08384	0.01167	0.01008	0.22217	0.00439	0.02091	0.00507	0.02154
1	0.80116	0.05238	0.00923	0.00740	0.01089	0.01292	0.00618	0.01630	0.00952	0.02423	0.00771	0.00899	0.00606	0.00512	0.00343	0.00169	0.00437	0.00300	0.00337	0.00606
2	0.00773	0.00622	0.00696	0.00667	0.00844	0.00574	0.00503	0.01094	0.08401	0.01855	0.32969	0.04560	0.41955	0.01236	0.00645	0.00182	0.00288	0.01053	0.00556	0.00527
3	0.00740	0.00546	0.00641	0.00644	0.00742	0.00502	0.00442	0.00875	0.01210	0.01604	0.27152	0.14166	0.23925	0.22917	0.01251	0.00283	0.00349	0.01068	0.00496	0.00447
4	0.00775	0.00564	0.00760	0.00741	0.00856	0.00549	0.00555	0.01009	0.01389	0.01964	0.55263	0.10891	0.04334	0.01775	0.15728	0.00318	0.00504	0.00976	0.00540	0.00510
5	0.68270	0.01054	0.00978	0.15951	0.01603	0.01240	0.00782	0.01587	0.00975	0.02277	0.00813	0.01012	0.00627	0.00522	0.00384	0.00174	0.00489	0.00337	0.00324	0.00603
