[name]
unknown

[dist]
# distance from previous block
# <min> <max>
0	42

[block]
# block no. 0 follows, 51 sequences, length 25
# corresponding to MSA columns:
# 42-66
name=unknown_A
#
# <colnr> <probs for GDERKNQSTAVLIFYWHMCP>
#	G	D	E	R	K	N	Q	S	T	A	V	L	I	F	Y	W	H	M	C	P
0	0.00792	0.00566	0.00792	0.00905	0.01018	0.00566	0.00792	0.01018	0.01131	0.01471	0.02602	0.05543	0.02828	0.01358	0.00679	0.00226	0.00453	0.76356	0.00453	0.00453
1	0.21737	0.01263	0.01283	0.01011	0.01379	0.01413	0.00833	0.57015	0.04949	0.02846	0.01095	0.01115	0.00790	0.00561	0.00448	0.00149	0.00497	0.00405	0.00448	0.00762
2	0.11657	0.59276	0.15553	0.00912	0.01370	0.01705	0.00969	0.01483	0.00985	0.01353	0.00717	0.00832	0.00617	0.00433	0.00340	0.00119	0.00542	0.00280	0.00221	0.00635
3	0.00627	0.00491	0.00567	0.00566	0.00697	0.00432	0.00418	0.00788	0.01203	0.01565	0.33240	0.13469	0.41809	0.01187	0.00586	0.00166	0.00247	0.01023	0.00489	0.00432
4	0.01139	0.01475	0.12368	0.01989	0.02514	0.01230	0.68561	0.01572	0.01145	0.01572	0.00980	0.01290	0.00731	0.00421	0.00566	0.00164	0.00816	0.00553	0.00244	0.00671
5	0.01083	0.00942	0.01228	0.01081	0.01339	0.01027	0.10202	0.02017	0.46848	0.01867	0.08040	0.02697	0.01933	0.00808	0.00554	0.00178	0.00444	0.16580	0.00462	0.00671
6	0.00599	0.00428	0.00570	0.00684	0.00713	0.00399	0.00456	0.00684	0.00941	0.01254	0.02709	0.82409	0.03250	0.01540	0.00627	0.00200	0.00285	0.01397	0.00456	0.00399
7	0.00689	0.00517	0.00654	0.00705	0.00823	0.00482	0.00566	0.00870	0.01157	0.01503	0.18547	0.14226	0.25212	0.01277	0.00625	0.00192	0.00330	0.30717	0.00472	0.00437
8	0.01224	0.60932	0.23879	0.00995	0.01499	0.01724	0.01108	0.01495	0.01009	0.01266	0.00738	0.00857	0.00628	0.00433	0.00357	0.00119	0.00581	0.00290	0.00209	0.00657
9	0.00792	0.00566	0.00792	0.00905	0.01018	0.00566	0.00792	0.01018	0.01131	0.01471	0.02602	0.05543	0.02828	0.01358	0.00679	0.00226	0.00453	0.76356	0.00453	0.00453
10	0.86201	0.00950	0.00722	0.00646	0.00950	0.01102	0.00532	0.01445	0.00836	0.02205	0.00684	0.00798	0.00532	0.00456	0.00304	0.00152	0.00380	0.00266	0.00304	0.00532
11	0.00715	0.00476	0.00536	0.00536	0.00536	0.00476	0.00298	0.00715	0.00715	0.00953	0.01548	0.03216	0.01787	0.82729	0.02501	0.00476	0.00476	0.00715	0.00298	0.00298
12	0.01237	0.00918	0.01077	0.00784	0.01210	0.00747	0.00632	0.08836	0.01189	0.10675	0.01025	0.01109	0.00794	0.00414	0.00391	0.00089	0.00387	0.00329	0.00347	0.67810
13	0.01093	0.01050	0.01811	0.35961	0.44618	0.01139	0.04431	0.01405	0.01063	0.01457	0.00906	0.01260	0.00725	0.00459	0.00492	0.00154	0.00623	0.00443	0.00233	0.00676
14	0.01075	0.24509	0.59001	0.01248	0.01891	0.01361	0.01550	0.01533	0.01027	0.01447	0.00828	0.00970	0.00625	0.00454	0.00426	0.00142	0.00671	0.00336	0.00208	0.00700
15	0.01033	0.00980	0.01663	0.53046	0.31069	0.01119	0.01417	0.01347	0.01032	0.01383	0.00892	0.01276	0.00700	0.00472	0.00490	0.00157	0.00629	0.00437	0.00227	0.00630
16	0.01528	0.00687	0.00918	0.00755	0.01020	0.00605	0.00603	0.01732	0.01388	0.45247	0.33164	0.02608	0.06008	0.00795	0.00532	0.00154	0.00336	0.00676	0.00575	0.00668
17	0.00985	0.02407	0.73317	0.01410	0.02103	0.01123	0.05843	0.01536	0.01056	0.01571	0.03581	0.01143	0.00767	0.00483	0.00477	0.00156	0.00715	0.00393	0.00221	0.00714
18	0.00838	0.00718	0.01159	0.27239	0.11342	0.00837	0.00967	0.01077	0.00893	0.01235	0.01125	0.01642	0.00988	0.02252	0.44920	0.00508	0.01012	0.00487	0.00246	0.00515
19	0.02205	0.00836	0.01140	0.00874	0.01254	0.00722	0.00722	0.02395	0.01407	0.80004	0.01939	0.01673	0.01216	0.00608	0.00494	0.00152	0.00418	0.00494	0.00608	0.00836
20	0.00622	0.00449	0.00593	0.00693	0.00742	0.00420	0.00486	0.00730	0.00990	0.01311	0.06123	0.66778	0.07574	0.01481	0.00628	0.00198	0.00298	0.09016	0.00459	0.00408
21	0.01303	0.05934	0.19818	0.01942	0.25565	0.02820	0.17793	0.12184	0.01286	0.05187	0.00993	0.01185	0.00752	0.00468	0.00493	0.00150	0.00658	0.00443	0.00285	0.00740
22	0.00752	0.00504	0.00626	0.00591	0.00711	0.00466	0.00440	0.00962	0.01290	0.03805	0.57967	0.03454	0.09811	0.05337	0.00652	0.00168	0.00251	0.00828	0.10926	0.00460
23	0.01297	0.01213	0.01146	0.01033	0.01307	0.10966	0.00799	0.02532	0.69296	0.01951	0.01848	0.01717	0.01394	0.00647	0.00493	0.00162	0.00450	0.00526	0.00470	0.00752
24	0.05189	0.01956	0.01394	0.01195	0.01498	0.50462	0.00928	0.27995	0.01685	0.01891	0.00901	0.00983	0.00698	0.00533	0.00454	0.00135	0.00748	0.00358	0.00337	0.00659

[dist]
# distance from previous block
# <min> <max>
2	3

[block]
# block no. 1 follows, 51 sequences, length 24
# corresponding to MSA columns:
# 70-93
name=unknown_B
#
# <colnr> <probs for GDERKNQSTAVLIFYWHMCP>
#	G	D	E	R	K	N	Q	S	T	A	V	L	I	F	Y	W	H	M	C	P
0	0.00690	0.00500	0.00650	0.00617	0.00732	0.00461	0.00461	0.00914	0.01371	0.01933	0.75204	0.05923	0.06644	0.01026	0.00581	0.00156	0.00234	0.00907	0.00536	0.00461
1	0.00986	0.02542	0.80183	0.01401	0.02127	0.01141	0.01816	0.01556	0.01038	0.01556	0.00882	0.01038	0.00623	0.00467	0.00467	0.00156	0.00726	0.00363	0.00208	0.00726
2	0.01107	0.00989	0.01618	0.01187	0.01610	0.00840	0.26202	0.01386	0.01099	0.06201	0.01217	0.01581	0.03242	0.00490	0.00471	0.00122	0.00524	0.05672	0.00312	0.44129
3	0.02205	0.00836	0.01140	0.00874	0.01254	0.00722	0.00722	0.02395	0.01407	0.80004	0.01939	0.01673	0.01216	0.00608	0.00494	0.00152	0.00418	0.00494	0.00608	0.00836
4	0.00792	0.00566	0.00792	0.00905	0.01018	0.00566	0.00792	0.01018	0.01131	0.01471	0.02602	0.05543	0.02828	0.01358	0.00679	0.00226	0.00453	0.76356	0.00453	0.00453
5	0.00986	0.02542	0.80183	0.01401	0.02127	0.01141	0.01816	0.01556	0.01038	0.01556	0.00882	0.01038	0.00623	0.00467	0.00467	0.00156	0.00726	0.00363	0.00208	0.00726
6	0.00854	0.00427	0.00640	0.00640	0.00640	0.00427	0.00427	0.00640	0.00640	0.00854	0.00854	0.01494	0.00854	0.01707	0.01921	0.85702	0.00427	0.00427	0.00213	0.00213
7	0.00599	0.00428	0.00570	0.00684	0.00713	0.00399	0.00456	0.00684	0.00941	0.01254	0.02709	0.82409	0.03250	0.01540	0.00627	0.00200	0.00285	0.01397	0.00456	0.00399
8	0.00599	0.00428	0.00570	0.00684	0.00713	0.00399	0.00456	0.00684	0.00941	0.01254	0.02709	0.82409	0.03250	0.01540	0.00627	0.00200	0.00285	0.01397	0.00456	0.00399
9	0.02042	0.00800	0.01088	0.00847	0.01198	0.00694	0.00694	0.02237	0.01405	0.71581	0.10300	0.01888	0.01586	0.00651	0.00503	0.00152	0.00398	0.00537	0.00601	0.00796
10	0.01075	0.01075	0.01505	0.01290	0.01290	0.01505	0.01075	0.01183	0.00753	0.01183	0.00645	0.01075	0.00645	0.00860	0.01613	0.00215	0.81830	0.00430	0.00215	0.00538
11	0.11857	0.00771	0.00940	0.00771	0.01056	0.00729	0.00621	0.06530	0.01377	0.39345	0.24567	0.02258	0.05620	0.00733	0.00500	0.00153	0.00359	0.00603	0.00537	0.00671
12	0.01278	0.74338	0.10952	0.00901	0.01355	0.01858	0.00946	0.01481	0.01003	0.01199	0.00705	0.00815	0.00630	0.00425	0.00332	0.00111	0.00547	0.00274	0.00210	0.00641
13	0.01087	0.27474	0.56142	0.01227	0.01859	0.01390	0.01514	0.01530	0.01025	0.01432	0.00820	0.00960	0.00625	0.00452	0.00420	0.00140	0.00664	0.00332	0.00208	0.00697
14	0.01208	0.20022	0.22008	0.00980	0.01473	0.06354	0.01001	0.03175	0.01091	0.05382	0.00885	0.00999	0.00699	0.00430	0.00394	0.00111	0.00536	0.00319	0.00269	0.32666
15	0.00620	0.00580	0.04491	0.00630	0.00775	0.00455	0.00498	0.00760	0.01058	0.01324	0.03878	0.30193	0.45624	0.01310	0.00597	0.00180	0.00297	0.05859	0.00444	0.00427
16	0.01095	0.00909	0.01050	0.00766	0.01182	0.00739	0.00614	0.09511	0.01177	0.01781	0.04800	0.01168	0.00933	0.00420	0.00388	0.00085	0.00376	0.00337	0.00325	0.72342
17	0.08063	0.01237	0.03377	0.02733	0.02728	0.11113	0.03991	0.18755	0.03731	0.16130	0.02629	0.01236	0.00907	0.00514	0.00446	0.00130	0.00518	0.00401	0.00394	0.20966
18	0.03413	0.05998	0.09266	0.10457	0.01584	0.05354	0.04001	0.04308	0.04587	0.25589	0.12398	0.01658	0.01435	0.00591	0.00479	0.00145	0.00497	0.00490	0.00414	0.07337
19	0.04706	0.01279	0.06834	0.03056	0.03620	0.11302	0.11141	0.13941	0.05277	0.17628	0.10418	0.01566	0.01319	0.00604	0.00521	0.01686	0.00557	0.00495	0.00407	0.03643
20	0.14177	0.01058	0.01041	0.03017	0.01229	0.10781	0.00705	0.07122	0.11177	0.20182	0.04684	0.04617	0.01228	0.00609	0.00448	0.00142	0.00453	0.01676	0.04643	0.11011
21	0.14032	0.03473	0.04644	0.04498	0.01352	0.02497	0.00779	0.11055	0.07543	0.27428	0.04072	0.01382	0.01058	0.00546	0.00442	0.00139	0.00447	0.00424	0.00436	0.13752
22	0.24066	0.06105	0.08322	0.00928	0.01291	0.14409	0.00814	0.08181	0.03887	0.17491	0.02465	0.01164	0.00859	0.00519	0.00413	0.00140	0.00519	0.00370	0.02353	0.05705
23	0.06429	0.09373	0.23659	0.01039	0.01503	0.02556	0.01050	0.09700	0.09664	0.21366	0.02887	0.01309	0.00973	0.00537	0.00451	0.00144	0.00524	0.00415	0.00387	0.06033

[dist]
# distance from previous block
# <min> <max>
1	30

[block]
# block no. 2 follows, 51 sequences, length 153
# corresponding to MSA columns:
# 124-276
name=unknown_C
#
# <colnr> <probs for GDERKNQSTAVLIFYWHMCP>
#	G	D	E	R	K	N	Q	S	T	A	V	L	I	F	Y	W	H	M	C	P
0	0.11220	0.03222	0.05866	0.00954	0.01341	0.02387	0.00821	0.21967	0.11681	0.25053	0.01386	0.01328	0.00969	0.00555	0.00453	0.00143	0.00465	0.00426	0.00458	0.09305
1	0.21500	0.02681	0.14850	0.01031	0.01445	0.01206	0.03479	0.20871	0.14845	0.08354	0.01187	0.01210	0.00862	0.00534	0.00440	0.00151	0.00501	0.00406	0.00388	0.04058
2	0.21159	0.01181	0.06171	0.00949	0.01328	0.01164	0.00818	0.27413	0.11198	0.17229	0.01277	0.01250	0.00902	0.00552	0.00441	0.00148	0.00463	0.00412	0.00442	0.05503
3	0.23046	0.06403	0.05205	0.01052	0.05350	0.02958	0.00856	0.27414	0.05714	0.15700	0.01161	0.01167	0.00830	0.00537	0.00432	0.00148	0.00489	0.00395	0.00415	0.00729
4	0.07613	0.12572	0.12296	0.01014	0.01415	0.04702	0.00933	0.17728	0.16939	0.14771	0.02633	0.01317	0.01005	0.00557	0.00449	0.00145	0.00508	0.00424	0.00407	0.02569
5	0.13715	0.07470	0.07869	0.00971	0.02975	0.03049	0.00836	0.10992	0.12974	0.26086	0.02739	0.01375	0.01039	0.00558	0.00444	0.00146	0.00464	0.00429	0.01905	0.03964
6	0.05678	0.02853	0.22300	0.01096	0.01530	0.01086	0.05811	0.15221	0.13126	0.11474	0.05967	0.01681	0.06876	0.00617	0.00488	0.00154	0.00519	0.00507	0.00397	0.02621
7	0.04845	0.07477	0.17422	0.01233	0.03534	0.11309	0.06625	0.21774	0.06527	0.12809	0.01151	0.01193	0.00829	0.00528	0.00468	0.00147	0.00609	0.00415	0.00370	0.00736
8	0.10099	0.18094	0.10544	0.01101	0.03399	0.01304	0.07735	0.18059	0.06574	0.08112	0.03095	0.01301	0.03264	0.00533	0.00440	0.00140	0.00524	0.00424	0.00355	0.04902
9	0.10690	0.03952	0.09514	0.00999	0.01403	0.01009	0.05201	0.13139	0.05534	0.34202	0.04596	0.01451	0.01111	0.00565	0.00467	0.00148	0.00480	0.00456	0.00460	0.04623
10	0.05218	0.02964	0.01318	0.00976	0.01361	0.00880	0.09551	0.04973	0.08660	0.31193	0.03403	0.02621	0.01116	0.00538	0.00461	0.00133	0.00448	0.00461	0.00441	0.23284
11	0.00774	0.01086	0.23396	0.00837	0.01130	0.00656	0.00847	0.01099	0.01280	0.01828	0.54138	0.02958	0.06312	0.00860	0.00547	0.00155	0.00374	0.00744	0.00442	0.00537
12	0.02093	0.00818	0.01110	0.00857	0.01223	0.00706	0.00704	0.02286	0.01397	0.73806	0.06295	0.01771	0.01399	0.00625	0.00496	0.00150	0.00406	0.00512	0.00597	0.02748
13	0.01216	0.01168	0.01995	0.03016	0.79664	0.01168	0.01508	0.01508	0.01119	0.01605	0.00924	0.01216	0.00778	0.00438	0.00487	0.00146	0.00584	0.00438	0.00243	0.00778
14	0.01868	0.01376	0.01475	0.01131	0.01524	0.01524	0.00934	0.78025	0.02311	0.03097	0.01180	0.01180	0.00836	0.00590	0.00492	0.00147	0.00541	0.00442	0.00492	0.00836
15	0.00605	0.00440	0.00562	0.00653	0.00698	0.00407	0.00438	0.00694	0.00958	0.01262	0.04619	0.67437	0.11760	0.06086	0.00727	0.00210	0.00291	0.01307	0.00449	0.00397
16	0.01205	0.01153	0.01965	0.02963	0.77893	0.01152	0.01485	0.01495	0.01125	0.01614	0.02685	0.01271	0.00865	0.00451	0.00489	0.00146	0.00576	0.00448	0.00250	0.00771
17	0.00916	0.00458	0.00458	0.00458	0.00573	0.00458	0.00344	0.01145	0.01031	0.01832	0.01603	0.01832	0.01260	0.00573	0.00344	0.00115	0.00229	0.00458	0.85457	0.00458
18	0.01251	0.67672	0.17380	0.00948	0.01426	0.01791	0.01027	0.01488	0.01006	0.01233	0.00721	0.00836	0.00629	0.00429	0.00344	0.00115	0.00564	0.00282	0.00210	0.00649
19	0.01158	0.44776	0.39458	0.01107	0.01673	0.01563	0.01304	0.01512	0.01017	0.01346	0.00778	0.00907	0.00627	0.00443	0.00387	0.00129	0.00621	0.00310	0.00209	0.00676
20	0.00916	0.00458	0.00458	0.00458	0.00573	0.00458	0.00344	0.01145	0.01031	0.01832	0.01603	0.01832	0.01260	0.00573	0.00344	0.00115	0.00229	0.00458	0.85457	0.00458
21	0.81400	0.05592	0.00827	0.00657	0.00968	0.01150	0.00550	0.01446	0.00845	0.02146	0.00684	0.00798	0.00538	0.00454	0.00305	0.00149	0.00388	0.00266	0.00299	0.00538
22	0.01176	0.01126	0.01921	0.14094	0.68904	0.01157	0.01488	0.01473	0.01100	0.01556	0.00917	0.01230	0.00761	0.00445	0.00487	0.00148	0.00594	0.00438	0.00240	0.00746
23	0.00658	0.00498	0.00716	0.00732	0.00814	0.00463	0.04438	0.00806	0.01096	0.01496	0.26612	0.52445	0.04732	0.01310	0.00609	0.00183	0.00296	0.01191	0.00472	0.00433
24	0.00719	0.00457	0.00531	0.00568	0.00602	0.00447	0.00359	0.00796	0.00856	0.01238	0.01940	0.28883	0.02155	0.38689	0.01429	0.00309	0.00361	0.00884	0.18412	0.00365
25	0.01200	0.01163	0.01928	0.11011	0.70180	0.02873	0.01481	0.01492	0.01111	0.01561	0.00916	0.01219	0.00763	0.00445	0.00486	0.00147	0.00598	0.00435	0.00241	0.00750
26	0.01528	0.45495	0.02042	0.00974	0.01367	0.06213	0.00875	0.27797	0.06209	0.01879	0.00938	0.00992	0.00754	0.00498	0.00394	0.00125	0.00543	0.00345	0.00327	0.00706
27	0.01180	0.01253	0.02391	0.01775	0.02137	0.01317	0.51231	0.05476	0.05853	0.01590	0.00983	0.01290	0.00773	0.00543	0.00813	0.00176	0.19766	0.00536	0.00269	0.00649
28	0.11538	0.04864	0.20694	0.01005	0.01384	0.01101	0.00979	0.06611	0.27011	0.03571	0.05577	0.04289	0.03722	0.00675	0.00480	0.00162	0.00476	0.04796	0.00390	0.00676
29	0.00986	0.02542	0.80183	0.01401	0.02127	0.01141	0.01816	0.01556	0.01038	0.01556	0.00882	0.01038	0.00623	0.00467	0.00467	0.00156	0.00726	0.00363	0.00208	0.00726
30	0.00683	0.00497	0.00642	0.00617	0.00729	0.00456	0.00458	0.00898	0.01344	0.01885	0.69936	0.09496	0.08404	0.01056	0.00583	0.00158	0.00237	0.00934	0.00530	0.00456
31	0.00986	0.02542	0.80183	0.01401	0.02127	0.01141	0.01816	0.01556	0.01038	0.01556	0.00882	0.01038	0.00623	0.00467	0.00467	0.00156	0.00726	0.00363	0.00208	0.00726
32	0.00710	0.00495	0.00632	0.00632	0.00666	0.00529	0.00418	0.00776	0.00743	0.01024	0.01460	0.02728	0.01575	0.52754	0.32187	0.00595	0.00795	0.00643	0.00285	0.00351
33	0.01075	0.01075	0.01505	0.01290	0.01290	0.01505	0.01075	0.01183	0.00753	0.01183	0.00645	0.01075	0.00645	0.00860	0.01613	0.00215	0.81830	0.00430	0.00215	0.00538
34	0.02205	0.00836	0.01140	0.00874	0.01254	0.00722	0.00722	0.02395	0.01407	0.80004	0.01939	0.01673	0.01216	0.00608	0.00494	0.00152	0.00418	0.00494	0.00608	0.00836
35	0.02097	0.00826	0.01115	0.00865	0.01228	0.00724	0.00711	0.02326	0.03785	0.73596	0.05923	0.01780	0.01401	0.00630	0.00499	0.00153	0.00408	0.00516	0.00601	0.00815
36	0.01216	0.01168	0.01995	0.03016	0.79664	0.01168	0.01508	0.01508	0.01119	0.01605	0.00924	0.01216	0.00778	0.00438	0.00487	0.00146	0.00584	0.00438	0.00243	0.00778
37	0.01331	0.01110	0.01173	0.01022	0.01319	0.01273	0.00804	0.15348	0.65862	0.02232	0.01862	0.01723	0.01388	0.00654	0.00499	0.00163	0.00415	0.00536	0.00499	0.00788
38	0.61414	0.01218	0.11406	0.00974	0.01364	0.01130	0.13164	0.01480	0.00915	0.02019	0.00760	0.00914	0.00578	0.00451	0.00370	0.00155	0.00497	0.00329	0.00283	0.00578
39	0.01075	0.01075	0.01505	0.01290	0.01290	0.01505	0.01075	0.01183	0.00753	0.01183	0.00645	0.01075	0.00645	0.00860	0.01613	0.00215	0.81830	0.00430	0.00215	0.00538
40	0.04962	0.01342	0.01475	0.01285	0.08897	0.03227	0.00965	0.62239	0.04687	0.04267	0.01169	0.01194	0.00844	0.00572	0.00483	0.00148	0.00539	0.00437	0.00458	0.00811
41	0.01799	0.01925	0.01482	0.01337	0.06148	0.47556	0.02293	0.27989	0.01687	0.01882	0.00917	0.01014	0.00713	0.00529	0.00465	0.00136	0.00749	0.00371	0.00334	0.00675
42	0.00715	0.00476	0.00536	0.00536	0.00536	0.00476	0.00298	0.00715	0.00715	0.00953	0.01548	0.03216	0.01787	0.82729	0.02501	0.00476	0.00476	0.00715	0.00298	0.00298
43	0.01868	0.01376	0.01475	0.01131	0.01524	0.01524	0.00934	0.78025	0.02311	0.03097	0.01180	0.01180	0.00836	0.00590	0.00492	0.00147	0.00541	0.00442	0.00492	0.00836
44	0.00986	0.02542	0.80183	0.01401	0.02127	0.01141	0.01816	0.01556	0.01038	0.01556	0.00882	0.01038	0.00623	0.00467	0.00467	0.00156	0.00726	0.00363	0.00208	0.00726
45	0.01868	0.01376	0.01475	0.01131	0.01524	0.01524	0.00934	0.78025	0.02311	0.03097	0.01180	0.01180	0.00836	0.00590	0.00492	0.00147	0.00541	0.00442	0.00492	0.00836
46	0.01210	0.01131	0.05133	0.01020	0.01321	0.01218	0.00831	0.02558	0.74822	0.02030	0.01943	0.01793	0.01455	0.00657	0.00498	0.00166	0.00406	0.00546	0.00485	0.00775
47	0.00993	0.04375	0.78416	0.01388	0.02107	0.01160	0.01793	0.01554	0.01037	0.01547	0.00877	0.01032	0.00623	0.00466	0.00463	0.00154	0.00722	0.00361	0.00208	0.00724
48	0.00986	0.02542	0.80183	0.01401	0.02127	0.01141	0.01816	0.01556	0.01038	0.01556	0.00882	0.01038	0.00623	0.00467	0.00467	0.00156	0.00726	0.00363	0.00208	0.00726
49	0.01216	0.01168	0.01995	0.03016	0.79664	0.01168	0.01508	0.01508	0.01119	0.01605	0.00924	0.01216	0.00778	0.00438	0.00487	0.00146	0.00584	0.00438	0.00243	0.00778
50	0.01216	0.01168	0.01995	0.03016	0.79664	0.01168	0.01508	0.01508	0.01119	0.01605	0.00924	0.01216	0.00778	0.00438	0.00487	0.00146	0.00584	0.00438	0.00243	0.00778
51	0.01326	0.00864	0.01050	0.00766	0.01188	0.00672	0.00618	0.01537	0.01119	0.21867	0.01149	0.01188	0.00854	0.00427	0.00398	0.00093	0.00378	0.00344	0.00373	0.63789
52	0.00599	0.00428	0.00570	0.00684	0.00713	0.00399	0.00456	0.00684	0.00941	0.01254	0.02709	0.82409	0.03250	0.01540	0.00627	0.00200	0.00285	0.01397	0.00456	0.00399
53	0.01246	0.01067	0.01124	0.01005	0.01287	0.01233	0.00784	0.05364	0.75985	0.02094	0.01970	0.01810	0.01476	0.00664	0.00500	0.00166	0.00394	0.00551	0.00500	0.00780
54	0.00986	0.02542	0.80183	0.01401	0.02127	0.01141	0.01816	0.01556	0.01038	0.01556	0.00882	0.01038	0.00623	0.00467	0.00467	0.00156	0.00726	0.00363	0.00208	0.00726
55	0.01017	0.10284	0.72717	0.01347	0.02044	0.01219	0.01722	0.01548	0.01034	0.01518	0.00863	0.01014	0.00623	0.00462	0.00452	0.00151	0.00707	0.00353	0.00208	0.00717
56	0.00986	0.02542	0.80183	0.01401	0.02127	0.01141	0.01816	0.01556	0.01038	0.01556	0.00882	0.01038	0.00623	0.00467	0.00467	0.00156	0.00726	0.00363	0.00208	0.00726
57	0.01210	0.01161	0.01983	0.04769	0.77962	0.01166	0.01505	0.01503	0.01116	0.01598	0.00923	0.01218	0.00776	0.00439	0.00487	0.00146	0.00585	0.00438	0.00243	0.00773
58	0.01210	0.01161	0.01984	0.04692	0.78037	0.01166	0.01505	0.01503	0.01116	0.01598	0.00923	0.01218	0.00776	0.00439	0.00487	0.00146	0.00585	0.00438	0.00243	0.00773
59	0.01972	0.00856	0.01261	0.06858	0.01477	0.00772	0.06003	0.02186	0.01348	0.65444	0.03577	0.03390	0.01265	0.00615	0.00505	0.00155	0.00456	0.00524	0.00550	0.00785
60	0.01160	0.01326	0.02900	0.02071	0.02568	0.01243	0.77879	0.01574	0.01160	0.01574	0.00994	0.01326	0.00746	0.00414	0.00580	0.00166	0.00829	0.00580	0.00249	0.00663
61	0.00610	0.00435	0.00583	0.00697	0.00730	0.00409	0.00475	0.00703	0.00952	0.01267	0.02703	0.78062	0.03226	0.01529	0.00630	0.00201	0.00295	0.05636	0.00456	0.00402
62	0.02118	0.00817	0.01113	0.00860	0.01224	0.00707	0.00707	0.02310	0.01406	0.75503	0.06408	0.01788	0.01414	0.00631	0.00499	0.00152	0.00407	0.00517	0.00604	0.00815
63	0.00702	0.00481	0.00672	0.00729	0.00796	0.00444	0.02805	0.00810	0.00995	0.05346	0.06051	0.70595	0.04841	0.01428	0.00616	0.00193	0.00305	0.01295	0.00461	0.00433
64	0.00589	0.00466	0.00531	0.00584	0.00686	0.00408	0.00411	0.00696	0.01038	0.01294	0.03934	0.40468	0.44399	0.01380	0.00602	0.00181	0.00266	0.01203	0.00456	0.00408
65	0.00986	0.02542	0.80183	0.01401	0.02127	0.01141	0.01816	0.01556	0.01038	0.01556	0.00882	0.01038	0.00623	0.00467	0.00467	0.00156	0.00726	0.00363	0.00208	0.00726
66	0.01014	0.09545	0.73431	0.01352	0.02052	0.01211	0.01731	0.01549	0.01034	0.01521	0.00865	0.01016	0.00623	0.00463	0.00454	0.00151	0.00709	0.00354	0.00208	0.00718
67	0.01199	0.01150	0.01963	0.07801	0.75016	0.01163	0.01499	0.01493	0.01111	0.01584	0.00921	0.01222	0.00771	0.00441	0.00487	0.00147	0.00588	0.00438	0.00242	0.00764
68	0.00665	0.00480	0.00643	0.00750	0.00816	0.00458	0.00568	0.00802	0.01018	0.01334	0.02810	0.50946	0.07747	0.01458	0.00642	0.00207	0.00341	0.27442	0.00455	0.00419
69	0.01148	0.01098	0.01872	0.21591	0.61622	0.01150	0.01474	0.01448	0.01087	0.01523	0.00912	0.01238	0.00749	0.00451	0.00488	0.00150	0.00601	0.00438	0.00237	0.00723
70	0.01145	0.01147	0.02333	0.25116	0.02691	0.01151	0.49434	0.01515	0.01119	0.06254	0.01049	0.02874	0.00795	0.00470	0.00550	0.00165	0.00743	0.00548	0.00266	0.00634
71	0.01216	0.01168	0.01995	0.03016	0.79664	0.01168	0.01508	0.01508	0.01119	0.01605	0.00924	0.01216	0.00778	0.00438	0.00487	0.00146	0.00584	0.00438	0.00243	0.00778
72	0.00928	0.00873	0.01474	0.81548	0.03385	0.01092	0.01365	0.01256	0.00983	0.01256	0.00873	0.01310	0.00655	0.00491	0.00491	0.00164	0.00655	0.00437	0.00218	0.00546
73	0.00831	0.00789	0.01366	0.05074	0.01448	0.00754	0.24713	0.01128	0.05499	0.01487	0.10127	0.22928	0.19844	0.00966	0.00583	0.00173	0.00466	0.00914	0.00390	0.00520
74	0.00986	0.02542	0.80183	0.01401	0.02127	0.01141	0.01816	0.01556	0.01038	0.01556	0.00882	0.01038	0.00623	0.00467	0.00467	0.00156	0.00726	0.00363	0.00208	0.00726
75	0.00928	0.00873	0.01474	0.81548	0.03385	0.01092	0.01365	0.01256	0.00983	0.01256	0.00873	0.01310	0.00655	0.00491	0.00491	0.00164	0.00655	0.00437	0.00218	0.00546
76	0.00986	0.02542	0.80183	0.01401	0.02127	0.01141	0.01816	0.01556	0.01038	0.01556	0.00882	0.01038	0.00623	0.00467	0.00467	0.00156	0.00726	0.00363	0.00208	0.00726
77	0.01061	0.04115	0.74103	0.01359	0.02060	0.01134	0.01734	0.01602	0.01058	0.05984	0.00938	0.01068	0.00656	0.00474	0.00465	0.00154	0.00705	0.00368	0.00230	0.00731
78	0.01229	0.01351	0.01574	0.47224	0.09062	0.24305	0.05583	0.01500	0.01123	0.01287	0.00851	0.01180	0.00664	0.00487	0.00482	0.00152	0.00726	0.00410	0.00232	0.00579
79	0.00986	0.02542	0.80183	0.01401	0.02127	0.01141	0.01816	0.01556	0.01038	0.01556	0.00882	0.01038	0.00623	0.00467	0.00467	0.00156	0.00726	0.00363	0.00208	0.00726
80	0.01209	0.01160	0.01982	0.04934	0.77801	0.01166	0.01505	0.01502	0.01116	0.01597	0.00923	0.01219	0.00775	0.00439	0.00487	0.00146	0.00586	0.00438	0.00243	0.00773
81	0.01461	0.01047	0.01627	0.06261	0.24376	0.01022	0.10945	0.03218	0.09478	0.21084	0.06994	0.05944	0.02792	0.00679	0.00557	0.00174	0.00541	0.00603	0.00432	0.00763
82	0.01089	0.27958	0.55675	0.01224	0.01854	0.01395	0.01508	0.01530	0.01025	0.01430	0.00819	0.00959	0.00625	0.00452	0.00419	0.00140	0.00663	0.00331	0.00208	0.00696
83	0.02106	0.00827	0.01117	0.00870	0.01231	0.00724	0.00713	0.04206	0.01403	0.73611	0.01963	0.06226	0.01322	0.00660	0.00502	0.00155	0.00414	0.00544	0.00597	0.00812
84	0.00708	0.00515	0.00747	0.00814	0.00894	0.00491	0.03896	0.00852	0.01016	0.02641	0.02590	0.54261	0.02981	0.01420	0.00639	0.00205	0.00361	0.24085	0.00449	0.00434
85	0.01024	0.06530	0.66699	0.01454	0.02137	0.01195	0.11110	0.01554	0.01051	0.01538	0.00885	0.01060	0.00638	0.00458	0.00473	0.00154	0.00729	0.00385	0.00213	0.00714
86	0.00946	0.00891	0.01506	0.76763	0.08032	0.01096	0.01374	0.01271	0.00991	0.01277	0.00877	0.01304	0.00663	0.00488	0.00491	0.00163	0.00651	0.00437	0.00220	0.00560
87	0.00986	0.02542	0.80183	0.01401	0.02127	0.01141	0.01816	0.01556	0.01038	0.01556	0.00882	0.01038	0.00623	0.00467	0.00467	0.00156	0.00726	0.00363	0.00208	0.00726
88	0.01012	0.00959	0.01625	0.58774	0.25506	0.01114	0.01406	0.01329	0.01022	0.01357	0.00888	0.01283	0.00691	0.00476	0.00490	0.00159	0.00634	0.00437	0.00226	0.00613
89	0.01299	0.01494	0.01042	0.01015	0.01177	0.43828	0.00739	0.01473	0.05186	0.01268	0.01620	0.34251	0.01747	0.00937	0.00521	0.00158	0.00615	0.00770	0.00349	0.00511
90	0.00928	0.00873	0.01474	0.81548	0.03385	0.01092	0.01365	0.01256	0.00983	0.01256	0.00873	0.01310	0.00655	0.00491	0.00491	0.00164	0.00655	0.00437	0.00218	0.00546
91	0.00581	0.00498	0.00498	0.00498	0.00664	0.00415	0.00373	0.00705	0.01120	0.01328	0.04978	0.04729	0.79464	0.01245	0.00581	0.00166	0.00249	0.01037	0.00456	0.00415
92	0.01130	0.01080	0.01839	0.26447	0.56905	0.01145	0.01465	0.01433	0.01078	0.01501	0.00909	0.01244	0.00742	0.00454	0.00488	0.00151	0.00605	0.00438	0.00236	0.00709
93	0.01868	0.01376	0.01475	0.01131	0.01524	0.01524	0.00934	0.78025	0.02311	0.03097	0.01180	0.01180	0.00836	0.00590	0.00492	0.00147	0.00541	0.00442	0.00492	0.00836
94	0.86201	0.00950	0.00722	0.00646	0.00950	0.01102	0.00532	0.01445	0.00836	0.02205	0.00684	0.00798	0.00532	0.00456	0.00304	0.00152	0.00380	0.00266	0.00304	0.00532
95	0.01216	0.01168	0.01995	0.03016	0.79664	0.01168	0.01508	0.01508	0.01119	0.01605	0.00924	0.01216	0.00778	0.00438	0.00487	0.00146	0.00584	0.00438	0.00243	0.00778
96	0.01314	0.83025	0.02575	0.00841	0.01261	0.01945	0.00841	0.01472	0.00999	0.01156	0.00683	0.00788	0.00631	0.00420	0.00315	0.00105	0.00526	0.00263	0.00210	0.00631
97	0.00782	0.00559	0.00781	0.00894	0.01002	0.00557	0.00775	0.01001	0.01121	0.01460	0.02607	0.09495	0.02850	0.01367	0.00676	0.00225	0.00444	0.72503	0.00453	0.00450
98	0.01146	0.00887	0.00987	0.00910	0.01125	0.00975	0.00692	0.14506	0.37025	0.04320	0.02104	0.29325	0.01980	0.00951	0.00542	0.00174	0.00380	0.00823	0.00487	0.00660
99	0.00986	0.02542	0.80183	0.01401	0.02127	0.01141	0.01816	0.01556	0.01038	0.01556	0.00882	0.01038	0.00623	0.00467	0.00467	0.00156	0.00726	0.00363	0.00208	0.00726
100	0.02205	0.00836	0.01140	0.00874	0.01254	0.00722	0.00722	0.02395	0.01407	0.80004	0.01939	0.01673	0.01216	0.00608	0.00494	0.00152	0.00418	0.00494	0.00608	0.00836
101	0.01025	0.00985	0.01706	0.54228	0.25509	0.01122	0.05733	0.01347	0.01032	0.01375	0.00895	0.01284	0.00696	0.00471	0.00495	0.00159	0.00644	0.00445	0.00227	0.00620
102	0.00975	0.00921	0.01559	0.68746	0.15819	0.01104	0.01388	0.01297	0.01005	0.01313	0.00882	0.01295	0.00675	0.00483	0.00491	0.00161	0.00643	0.00437	0.00222	0.00584
103	0.01035	0.00983	0.01667	0.52370	0.31725	0.01120	0.01418	0.01349	0.01033	0.01386	0.00892	0.01275	0.00701	0.00471	0.00490	0.00157	0.00629	0.00437	0.00228	0.00632
104	0.00775	0.00581	0.00756	0.00861	0.00962	0.02508	0.00720	0.00968	0.01100	0.01418	0.02635	0.20487	0.04728	0.01370	0.00660	0.00217	0.00425	0.57937	0.00448	0.00444
105	0.00986	0.02542	0.80183	0.01401	0.02127	0.01141	0.01816	0.01556	0.01038	0.01556	0.00882	0.01038	0.00623	0.00467	0.00467	0.00156	0.00726	0.00363	0.00208	0.00726
106	0.00994	0.04572	0.78226	0.01387	0.02105	0.01162	0.01791	0.01554	0.01037	0.01546	0.00877	0.01031	0.00623	0.00466	0.00463	0.00154	0.00721	0.00361	0.00208	0.00724
107	0.00802	0.00843	0.06108	0.01114	0.01355	0.00708	0.23096	0.01036	0.01075	0.01426	0.05824	0.31568	0.15174	0.01060	0.00598	0.00181	0.00474	0.06669	0.00384	0.00505
108	0.00986	0.02542	0.80183	0.01401	0.02127	0.01141	0.01816	0.01556	0.01038	0.01556	0.00882	0.01038	0.00623	0.00467	0.00467	0.00156	0.00726	0.00363	0.00208	0.00726
109	0.00792	0.00566	0.00792	0.00905	0.01018	0.00566	0.00792	0.01018	0.01131	0.01471	0.02602	0.05543	0.02828	0.01358	0.00679	0.00226	0.00453	0.76356	0.00453	0.00453
110	0.01264	0.01160	0.02002	0.02853	0.71273	0.01149	0.05787	0.01558	0.01136	0.05634	0.00980	0.01246	0.00799	0.00445	0.00492	0.00147	0.00589	0.00449	0.00262	0.00775
111	0.01216	0.01168	0.01995	0.03016	0.79664	0.01168	0.01508	0.01508	0.01119	0.01605	0.00924	0.01216	0.00778	0.00438	0.00487	0.00146	0.00584	0.00438	0.00243	0.00778
112	0.00592	0.00473	0.00531	0.00570	0.00684	0.00411	0.00407	0.00707	0.01067	0.01329	0.07365	0.32684	0.48771	0.01341	0.00597	0.00178	0.00261	0.01160	0.00460	0.00411
113	0.00710	0.00518	0.00678	0.00691	0.00809	0.00487	0.00550	0.00925	0.01277	0.01742	0.47626	0.06309	0.11595	0.01145	0.00610	0.00178	0.00299	0.22892	0.00505	0.00454
114	0.01143	0.41096	0.43007	0.01133	0.01712	0.01526	0.01349	0.01516	0.01019	0.01365	0.00787	0.00918	0.00626	0.00445	0.00394	0.00131	0.00630	0.00315	0.00209	0.00680
115	0.01163	0.01312	0.02808	0.02016	0.02502	0.01242	0.73915	0.01627	0.05150	0.01599	0.01046	0.01352	0.00784	0.00427	0.00576	0.00166	0.00806	0.00579	0.00261	0.00669
116	0.00928	0.00873	0.01474	0.81548	0.03385	0.01092	0.01365	0.01256	0.00983	0.01256	0.00873	0.01310	0.00655	0.00491	0.00491	0.00164	0.00655	0.00437	0.00218	0.00546
117	0.01188	0.01139	0.01944	0.10727	0.72174	0.01160	0.01494	0.01483	0.01106	0.01571	0.00919	0.01225	0.00766	0.00443	0.00487	0.00148	0.00591	0.00438	0.00241	0.00756
118	0.00944	0.00890	0.01503	0.77234	0.07575	0.01096	0.01373	0.01269	0.00990	0.01275	0.00876	0.01305	0.00662	0.00488	0.00491	0.00163	0.00651	0.00437	0.00220	0.00559
119	0.00986	0.02542	0.80183	0.01401	0.02127	0.01141	0.01816	0.01556	0.01038	0.01556	0.00882	0.01038	0.00623	0.00467	0.00467	0.00156	0.00726	0.00363	0.00208	0.00726
120	0.01216	0.01168	0.01995	0.03016	0.79664	0.01168	0.01508	0.01508	0.01119	0.01605	0.00924	0.01216	0.00778	0.00438	0.00487	0.00146	0.00584	0.00438	0.00243	0.00778
121	0.01221	0.14419	0.14457	0.01035	0.01389	0.00954	0.09910	0.01469	0.01116	0.19422	0.01811	0.20326	0.05529	0.00811	0.00514	0.00161	0.00497	0.03948	0.00385	0.00625
122	0.00994	0.04527	0.78269	0.01387	0.02106	0.01161	0.01792	0.01554	0.01037	0.01546	0.00877	0.01031	0.00623	0.00466	0.00463	0.00154	0.00721	0.00361	0.00208	0.00724
123	0.01163	0.06803	0.57618	0.01298	0.01922	0.01254	0.01546	0.13994	0.06594	0.01817	0.00996	0.01101	0.00718	0.00498	0.00465	0.00152	0.00662	0.00384	0.00274	0.00742
124	0.01189	0.01182	0.02146	0.07269	0.59979	0.01178	0.16726	0.01507	0.01119	0.01579	0.00935	0.01243	0.00765	0.00436	0.00505	0.00151	0.00637	0.00466	0.00243	0.00742
125	0.01679	0.00987	0.05891	0.01125	0.01506	0.00825	0.16152	0.01959	0.02660	0.46297	0.05255	0.02069	0.03739	0.00661	0.00531	0.00162	0.00506	0.06771	0.00492	0.00734
126	0.02205	0.00836	0.01140	0.00874	0.01254	0.00722	0.00722	0.02395	0.01407	0.80004	0.01939	0.01673	0.01216	0.00608	0.00494	0.00152	0.00418	0.00494	0.00608	0.00836
127	0.00943	0.00889	0.01501	0.77511	0.07306	0.01096	0.01372	0.01269	0.00990	0.01274	0.00876	0.01305	0.00661	0.00489	0.00491	0.00163	0.00651	0.00437	0.00220	0.00558
128	0.01211	0.57851	0.26850	0.01016	0.01532	0.01693	0.01146	0.01498	0.01011	0.01281	0.00745	0.00866	0.00628	0.00435	0.00363	0.00121	0.00588	0.00294	0.00209	0.00661
129	0.00928	0.00873	0.01474	0.81548	0.03385	0.01092	0.01365	0.01256	0.00983	0.01256	0.00873	0.01310	0.00655	0.00491	0.00491	0.00164	0.00655	0.00437	0.00218	0.00546
130	0.00696	0.00502	0.00657	0.00618	0.00734	0.00464	0.00464	0.00927	0.01391	0.01971	0.79405	0.03671	0.04637	0.01005	0.00580	0.00155	0.00232	0.00889	0.00541	0.00464
131	0.01020	0.00967	0.01639	0.56600	0.27617	0.01116	0.01410	0.01336	0.01026	0.01367	0.00890	0.01280	0.00694	0.00474	0.00490	0.00158	0.00632	0.00437	0.00226	0.00620
132	0.01999	0.00788	0.01072	0.00844	0.01184	0.00685	0.00687	0.02187	0.01382	0.69583	0.08364	0.05926	0.01601	0.00688	0.00508	0.00155	0.00396	0.00572	0.00595	0.00783
133	0.01160	0.01326	0.02900	0.02071	0.02568	0.01243	0.77879	0.01574	0.01160	0.01574	0.00994	0.01326	0.00746	0.00414	0.00580	0.00166	0.00829	0.00580	0.00249	0.00663
134	0.00581	0.00498	0.00498	0.00498	0.00664	0.00415	0.00373	0.00705	0.01120	0.01328	0.04978	0.04729	0.79464	0.01245	0.00581	0.00166	0.00249	0.01037	0.00456	0.00415
135	0.01048	0.02454	0.76120	0.01374	0.02082	0.01120	0.01759	0.01599	0.01057	0.05589	0.00936	0.01070	0.00653	0.00474	0.00468	0.00155	0.00710	0.00370	0.00228	0.00732
136	0.02101	0.00834	0.01121	0.00873	0.01234	0.00734	0.00715	0.05143	0.01414	0.72658	0.01954	0.06220	0.01317	0.00660	0.00502	0.00155	0.00415	0.00543	0.00595	0.00812
137	0.01314	0.83025	0.02575	0.00841	0.01261	0.01945	0.00841	0.01472	0.00999	0.01156	0.00683	0.00788	0.00631	0.00420	0.00315	0.00105	0.00526	0.00263	0.00210	0.00631
138	0.01134	0.01083	0.01845	0.25568	0.57759	0.01146	0.01467	0.01436	0.01080	0.01505	0.00910	0.01243	0.00743	0.00453	0.00488	0.00151	0.00604	0.00438	0.00236	0.00712
139	0.02105	0.00976	0.07634	0.00918	0.01326	0.00757	0.00812	0.02326	0.01376	0.73559	0.01852	0.01620	0.01168	0.00597	0.00492	0.00152	0.00443	0.00483	0.00575	0.00827
140	0.02024	0.00842	0.01188	0.12271	0.01555	0.00774	0.00813	0.02234	0.01347	0.68880	0.01788	0.01621	0.01137	0.00592	0.00494	0.00154	0.00452	0.00486	0.00553	0.00795
141	0.00928	0.00873	0.01474	0.81548	0.03385	0.01092	0.01365	0.01256	0.00983	0.01256	0.00873	0.01310	0.00655	0.00491	0.00491	0.00164	0.00655	0.00437	0.00218	0.00546
142	0.01150	0.01100	0.01875	0.21037	0.62160	0.01150	0.01475	0.01450	0.01088	0.01525	0.00913	0.01238	0.00750	0.00450	0.00488	0.00150	0.00600	0.00438	0.00238	0.00725
143	0.01988	0.00895	0.05558	0.00887	0.01254	0.00716	0.00760	0.02190	0.01343	0.68309	0.01950	0.09079	0.01370	0.00686	0.00505	0.00157	0.00423	0.00570	0.00572	0.00790
144	0.03271	0.01078	0.01746	0.33991	0.33843	0.01182	0.05679	0.10331	0.01199	0.01653	0.00932	0.01245	0.00728	0.00476	0.00490	0.00155	0.00616	0.00442	0.00264	0.00680
145	0.01139	0.12638	0.39521	0.01367	0.01913	0.01173	0.16843	0.01556	0.01096	0.07637	0.01147	0.01599	0.00933	0.00557	0.00495	0.00158	0.00667	0.08608	0.00274	0.00680
146	0.04730	0.01217	0.03254	0.01420	0.01829	0.04626	0.32340	0.12994	0.06412	0.21064	0.02679	0.02919	0.01021	0.00541	0.00523	0.00158	0.00621	0.00531	0.00399	0.00722
147	0.32861	0.01060	0.01296	0.01461	0.22699	0.04971	0.06020	0.03292	0.02453	0.01810	0.01025	0.09040	0.00929	0.00563	0.00444	0.00149	0.01722	0.00462	0.00302	0.07439
148	0.01164	0.06327	0.40373	0.01435	0.03281	0.03860	0.17108	0.08659	0.01196	0.03633	0.01048	0.05711	0.00837	0.00528	0.00491	0.00153	0.00680	0.00469	0.00271	0.02774
149	0.01279	0.01021	0.01051	0.00900	0.01183	0.06744	0.00704	0.16731	0.21324	0.07545	0.02004	0.11793	0.10024	0.00775	0.00502	0.00150	0.00426	0.02087	0.00446	0.13310
150	0.20371	0.02728	0.04897	0.00810	0.01173	0.00875	0.00696	0.03522	0.07762	0.14846	0.02824	0.01590	0.02309	0.00563	0.00422	0.00133	0.00407	0.05947	0.00383	0.27744
151	0.05630	0.01178	0.05136	0.01162	0.07986	0.10169	0.04866	0.05568	0.11101	0.23439	0.02820	0.03270	0.05755	0.00603	0.00478	0.00145	0.00502	0.00498	0.00418	0.09275
152	0.01298	0.00985	0.04556	0.02358	0.05346	0.04927	0.00777	0.09179	0.08876	0.16764	0.19313	0.02219	0.04283	0.00709	0.00505	0.00146	0.00425	0.04845	0.00453	0.12032

[dist]
# distance from previous block
# <min> <max>
8	27

[block]
# block no. 3 follows, 51 sequences, length 51
# corresponding to MSA columns:
# 304-354
name=unknown_D
#
# <colnr> <probs for GDERKNQSTAVLIFYWHMCP>
#	G	D	E	R	K	N	Q	S	T	A	V	L	I	F	Y	W	H	M	C	P
0	0.01478	0.01121	0.02866	0.01008	0.01377	0.01132	0.03112	0.23246	0.28796	0.11950	0.01492	0.01441	0.01089	0.00567	0.00472	0.00141	0.00450	0.00462	0.00457	0.17342
1	0.01231	0.02624	0.09477	0.00936	0.01326	0.00997	0.00820	0.06971	0.30067	0.07768	0.04058	0.01470	0.01179	0.00544	0.00450	0.00131	0.00426	0.00442	0.00404	0.28678
2	0.01447	0.01007	0.01153	0.00892	0.01278	0.00961	0.00719	0.17559	0.17065	0.16032	0.01355	0.01334	0.00994	0.00515	0.00441	0.00121	0.00415	0.00412	0.00431	0.35867
3	0.16477	0.01126	0.01291	0.01106	0.05291	0.05829	0.05729	0.18790	0.08903	0.22079	0.01356	0.01450	0.00992	0.00574	0.00464	0.00151	0.00497	0.03234	0.00438	0.04221
4	0.04071	0.00760	0.01075	0.01314	0.22988	0.00734	0.00780	0.01227	0.05045	0.03834	0.38291	0.02690	0.09388	0.00787	0.00526	0.00149	0.00357	0.00695	0.00428	0.04860
5	0.01248	0.01091	0.01516	0.01871	0.38183	0.03938	0.01068	0.05309	0.07202	0.05649	0.03717	0.01301	0.00971	0.00473	0.00455	0.00127	0.00496	0.00420	0.00318	0.24649
6	0.01713	0.01089	0.01275	0.01080	0.05171	0.01135	0.00833	0.34287	0.13203	0.23596	0.06187	0.01621	0.02719	0.00629	0.00496	0.00150	0.00458	0.00506	0.00509	0.03343
7	0.01076	0.01368	0.24077	0.00946	0.01452	0.00834	0.00959	0.02786	0.04199	0.04856	0.02281	0.01131	0.00815	0.00431	0.00411	0.00107	0.00474	0.00344	0.00296	0.51157
8	0.01255	0.00959	0.01168	0.00943	0.04765	0.00843	0.02356	0.08471	0.10286	0.09981	0.01149	0.01213	0.00882	0.00450	0.00415	0.00104	0.00408	0.00370	0.00364	0.53620
9	0.01132	0.01082	0.01843	0.25954	0.57384	0.01145	0.01466	0.01434	0.01079	0.01503	0.00910	0.01244	0.00742	0.00453	0.00488	0.00151	0.00605	0.00438	0.00236	0.00711
10	0.01433	0.34273	0.12477	0.01112	0.04352	0.07816	0.01017	0.21606	0.06541	0.01815	0.02636	0.01079	0.00833	0.00507	0.00416	0.00131	0.00572	0.00367	0.00314	0.00704
11	0.00702	0.00527	0.00790	0.00790	0.00878	0.00614	0.00614	0.00878	0.00790	0.01141	0.01316	0.01931	0.01229	0.03686	0.80782	0.00790	0.01316	0.00527	0.00263	0.00439
12	0.01331	0.01091	0.01267	0.01280	0.11947	0.01219	0.00889	0.09665	0.57122	0.05914	0.01773	0.01679	0.01325	0.00625	0.00497	0.00161	0.00431	0.00526	0.00470	0.00786
13	0.01249	0.01907	0.35246	0.01353	0.01860	0.10386	0.11188	0.09610	0.18832	0.01787	0.01166	0.01252	0.00860	0.00522	0.00489	0.00155	0.00663	0.00437	0.00313	0.00723
14	0.01573	0.00977	0.01122	0.00955	0.01270	0.01044	0.00758	0.02534	0.51128	0.29911	0.01978	0.01776	0.01399	0.00646	0.00498	0.00161	0.00399	0.00534	0.00539	0.00799
15	0.01055	0.01003	0.01704	0.46911	0.37029	0.01125	0.01428	0.01367	0.01043	0.01410	0.00896	0.01269	0.00709	0.00468	0.00489	0.00156	0.00624	0.00437	0.00229	0.00648
16	0.00581	0.00498	0.00498	0.00498	0.00664	0.00415	0.00373	0.00705	0.01120	0.01328	0.04978	0.04729	0.79464	0.01245	0.00581	0.00166	0.00249	0.01037	0.00456	0.00415
17	0.01464	0.01183	0.02388	0.01723	0.02186	0.01091	0.55416	0.01813	0.01232	0.24408	0.01269	0.01427	0.00883	0.00471	0.00555	0.00162	0.00709	0.00555	0.00353	0.00713
18	0.00630	0.00496	0.00568	0.00557	0.00696	0.00434	0.00415	0.00797	0.01224	0.01592	0.35930	0.08191	0.44402	0.01159	0.00583	0.00163	0.00244	0.00993	0.00492	0.00434
19	0.00928	0.00873	0.01474	0.81548	0.03385	0.01092	0.01365	0.01256	0.00983	0.01256	0.00873	0.01310	0.00655	0.00491	0.00491	0.00164	0.00655	0.00437	0.00218	0.00546
20	0.00668	0.00477	0.00649	0.00763	0.00822	0.00459	0.00576	0.00804	0.01009	0.01332	0.02670	0.54940	0.03099	0.01475	0.00646	0.00209	0.00345	0.28184	0.00455	0.00418
21	0.00980	0.00963	0.01810	0.06509	0.01864	0.00924	0.35688	0.01282	0.01101	0.01492	0.01599	0.07867	0.03168	0.00772	0.00609	0.00176	0.02694	0.21021	0.00323	0.09158
22	0.01373	0.73908	0.02442	0.00889	0.01290	0.10850	0.00853	0.01527	0.01043	0.01161	0.00692	0.00799	0.00631	0.00430	0.00330	0.00108	0.00566	0.00269	0.00215	0.00624
23	0.86201	0.00950	0.00722	0.00646	0.00950	0.01102	0.00532	0.01445	0.00836	0.02205	0.00684	0.00798	0.00532	0.00456	0.00304	0.00152	0.00380	0.00266	0.00304	0.00532
24	0.01680	0.05298	0.01438	0.01084	0.01450	0.01469	0.00891	0.55487	0.21295	0.02743	0.01360	0.01323	0.00991	0.00601	0.00485	0.00150	0.00502	0.00462	0.00480	0.00811
25	0.01261	0.01139	0.01646	0.01313	0.01662	0.01223	0.23228	0.05087	0.50779	0.04550	0.01675	0.01656	0.01246	0.00588	0.00523	0.00165	0.00523	0.00556	0.00430	0.00748
26	0.00606	0.00433	0.00576	0.00680	0.00714	0.00404	0.00457	0.00702	0.00973	0.01305	0.08146	0.76826	0.03349	0.01502	0.00624	0.00196	0.00281	0.01361	0.00462	0.00404
27	0.01028	0.00807	0.01158	0.00961	0.01199	0.00811	0.12182	0.03124	0.20858	0.07464	0.41094	0.02665	0.02945	0.00795	0.00552	0.00159	0.00380	0.00722	0.00491	0.00607
28	0.01117	0.02082	0.50522	0.01571	0.02201	0.01206	0.23880	0.08519	0.01189	0.01702	0.00942	0.01134	0.00678	0.00463	0.00502	0.00158	0.00739	0.00433	0.00245	0.00718
29	0.01201	0.01191	0.08306	0.01037	0.01355	0.01215	0.00872	0.02515	0.71703	0.02010	0.01898	0.01761	0.01420	0.00649	0.00497	0.00166	0.00420	0.00538	0.00473	0.00773
30	0.00715	0.00476	0.00536	0.00536	0.00536	0.00476	0.00298	0.00715	0.00715	0.00953	0.01548	0.03216	0.01787	0.82729	0.02501	0.00476	0.00476	0.00715	0.00298	0.00298
31	0.01527	0.19454	0.02090	0.01404	0.01769	0.37934	0.23322	0.04276	0.01270	0.01364	0.00825	0.01003	0.00672	0.00464	0.00457	0.00134	0.00780	0.00386	0.00250	0.00619
32	0.01312	0.00676	0.00917	0.00860	0.05983	0.00606	0.00623	0.01520	0.01352	0.32648	0.36112	0.02836	0.10810	0.00837	0.00540	0.00154	0.00330	0.00720	0.00540	0.00626
33	0.20516	0.01164	0.01619	0.07268	0.46305	0.05246	0.02767	0.04667	0.01117	0.03615	0.00894	0.01122	0.00719	0.00459	0.00446	0.00148	0.00557	0.00397	0.00275	0.00698
34	0.00986	0.02542	0.80183	0.01401	0.02127	0.01141	0.01816	0.01556	0.01038	0.01556	0.00882	0.01038	0.00623	0.00467	0.00467	0.00156	0.00726	0.00363	0.00208	0.00726
35	0.01170	0.01318	0.02678	0.01922	0.02406	0.03837	0.68285	0.01556	0.01155	0.01564	0.00975	0.01283	0.00740	0.00413	0.00556	0.00156	0.00788	0.00545	0.00253	0.08400
