[name]
unknown

[dist]
# distance from previous block
# <min> <max>
0	34

[block]
# block no. 0 follows, 51 sequences, length 76
# corresponding to MSA columns:
# 36-111
name=unknown_A
#
# <colnr> <probs for GDERKNQSTAVLIFYWHMCP>
#	G	D	E	R	K	N	Q	S	T	A	V	L	I	F	Y	W	H	M	C	P
0	0.00792	0.00566	0.00792	0.00905	0.01018	0.00566	0.00792	0.01018	0.01131	0.01471	0.02602	0.05543	0.02828	0.01358	0.00679	0.00226	0.00453	0.76356	0.00453	0.00453
1	0.00702	0.00525	0.00782	0.00782	0.00867	0.00610	0.00605	0.00873	0.00788	0.01135	0.01323	0.01969	0.01245	0.06023	0.78468	0.00781	0.01291	0.00532	0.00264	0.00435
2	0.01226	0.01052	0.01195	0.01056	0.01280	0.01264	0.00838	0.02305	0.59749	0.04592	0.01714	0.01669	0.01311	0.00705	0.00733	0.00176	0.17434	0.00527	0.00444	0.00730
3	0.00599	0.00428	0.00570	0.00684	0.00713	0.00399	0.00456	0.00684	0.00941	0.01254	0.02709	0.82409	0.03250	0.01540	0.00627	0.00200	0.00285	0.01397	0.00456	0.00399
4	0.00644	0.00465	0.00617	0.00707	0.00769	0.00438	0.00514	0.00774	0.01036	0.01377	0.11250	0.55211	0.07606	0.01431	0.00629	0.00198	0.00308	0.15146	0.00465	0.00417
5	0.01339	0.01225	0.01408	0.01191	0.01357	0.06727	0.00972	0.19253	0.17483	0.01808	0.01060	0.01245	0.00867	0.00734	0.01043	0.00183	0.40651	0.00452	0.00341	0.00659
6	0.86201	0.00950	0.00722	0.00646	0.00950	0.01102	0.00532	0.01445	0.00836	0.02205	0.00684	0.00798	0.00532	0.00456	0.00304	0.00152	0.00380	0.00266	0.00304	0.00532
7	0.00708	0.00474	0.00538	0.00544	0.00546	0.00472	0.00307	0.00713	0.00727	0.00970	0.01614	0.07665	0.01869	0.78169	0.02396	0.00461	0.00466	0.00753	0.00307	0.00303
8	0.00702	0.00527	0.00790	0.00790	0.00878	0.00614	0.00614	0.00878	0.00790	0.01141	0.01316	0.01931	0.01229	0.03686	0.80782	0.00790	0.01316	0.00527	0.00263	0.00439
9	0.01210	0.01185	0.02094	0.02912	0.71187	0.01176	0.09906	0.01515	0.01123	0.01602	0.00932	0.01228	0.00775	0.00435	0.00497	0.00148	0.00611	0.00453	0.00244	0.00766
10	0.00733	0.00571	0.00899	0.00870	0.00981	0.00635	0.04967	0.00924	0.00855	0.01206	0.01500	0.05766	0.01465	0.03153	0.64010	0.00667	0.01149	0.08905	0.00292	0.00451
11	0.00646	0.00465	0.00616	0.00720	0.00775	0.00441	0.00524	0.00763	0.00987	0.01299	0.02773	0.57730	0.07386	0.04139	0.00698	0.00213	0.00328	0.18638	0.00450	0.00409
12	0.01201	0.01037	0.01119	0.01045	0.03574	0.01191	0.00787	0.02512	0.73435	0.02039	0.05014	0.01888	0.01602	0.00673	0.00503	0.00166	0.00389	0.00565	0.00494	0.00765
13	0.01149	0.01324	0.05722	0.06654	0.14400	0.01219	0.58896	0.01545	0.01139	0.01560	0.00972	0.01297	0.00741	0.00424	0.00556	0.00162	0.00777	0.00542	0.00244	0.00676
14	0.01200	0.01151	0.01965	0.07469	0.75339	0.01163	0.01500	0.01494	0.01111	0.01586	0.00921	0.01222	0.00771	0.00441	0.00487	0.00147	0.00588	0.00438	0.00242	0.00765
15	0.01288	0.76797	0.08581	0.00884	0.01328	0.01882	0.00916	0.01478	0.01002	0.01187	0.00699	0.00808	0.00630	0.00424	0.00327	0.00109	0.00541	0.00271	0.00210	0.00638
16	0.01054	0.19358	0.63968	0.01284	0.01946	0.01309	0.01612	0.01539	0.01029	0.01473	0.00840	0.00985	0.00624	0.00457	0.00435	0.00145	0.00684	0.00342	0.00208	0.00706
17	0.00703	0.00523	0.00774	0.00774	0.00857	0.00606	0.00595	0.00868	0.00785	0.01129	0.01330	0.02009	0.01263	0.08496	0.76018	0.00771	0.01265	0.00538	0.00265	0.00430
18	0.01109	0.00852	0.00654	0.00627	0.00771	0.17263	0.00470	0.01316	0.01106	0.01700	0.01427	0.01634	0.01128	0.00559	0.00364	0.00117	0.00367	0.00428	0.67626	0.00481
19	0.00656	0.00501	0.00603	0.00577	0.00710	0.00447	0.00433	0.00852	0.01299	0.01752	0.54058	0.04031	0.30120	0.01086	0.00580	0.00158	0.00238	0.00939	0.00512	0.00447
20	0.00646	0.00464	0.00613	0.00652	0.00723	0.00431	0.00460	0.00804	0.01162	0.01606	0.40383	0.43731	0.03931	0.01277	0.00604	0.00177	0.00259	0.01147	0.00498	0.00431
21	0.00581	0.00498	0.00498	0.00498	0.00664	0.00415	0.00373	0.00705	0.01120	0.01328	0.04978	0.04729	0.79464	0.01245	0.00581	0.00166	0.00249	0.01037	0.00456	0.00415
22	0.00599	0.00428	0.00570	0.00684	0.00713	0.00399	0.00456	0.00684	0.00941	0.01254	0.02709	0.82409	0.03250	0.01540	0.00627	0.00200	0.00285	0.01397	0.00456	0.00399
23	0.86201	0.00950	0.00722	0.00646	0.00950	0.01102	0.00532	0.01445	0.00836	0.02205	0.00684	0.00798	0.00532	0.00456	0.00304	0.00152	0.00380	0.00266	0.00304	0.00532
24	0.00599	0.00428	0.00570	0.00684	0.00713	0.00399	0.00456	0.00684	0.00941	0.01254	0.02709	0.82409	0.03250	0.01540	0.00627	0.00200	0.00285	0.01397	0.00456	0.00399
25	0.01314	0.83025	0.02575	0.00841	0.01261	0.01945	0.00841	0.01472	0.00999	0.01156	0.00683	0.00788	0.00631	0.00420	0.00315	0.00105	0.00526	0.00263	0.00210	0.00631
26	0.01763	0.13572	0.01557	0.01207	0.01483	0.69787	0.00934	0.01894	0.01338	0.01196	0.00749	0.00873	0.00633	0.00494	0.00425	0.00124	0.00836	0.00309	0.00247	0.00578
27	0.02205	0.00836	0.01140	0.00874	0.01254	0.00722	0.00722	0.02395	0.01407	0.80004	0.01939	0.01673	0.01216	0.00608	0.00494	0.00152	0.00418	0.00494	0.00608	0.00836
28	0.86201	0.00950	0.00722	0.00646	0.00950	0.01102	0.00532	0.01445	0.00836	0.02205	0.00684	0.00798	0.00532	0.00456	0.00304	0.00152	0.00380	0.00266	0.00304	0.00532
29	0.01216	0.01168	0.01995	0.03016	0.79664	0.01168	0.01508	0.01508	0.01119	0.01605	0.00924	0.01216	0.00778	0.00438	0.00487	0.00146	0.00584	0.00438	0.00243	0.00778
30	0.01357	0.01123	0.01187	0.01027	0.01329	0.01285	0.00811	0.18394	0.62773	0.02274	0.01828	0.01697	0.01361	0.00651	0.00498	0.00163	0.00421	0.00532	0.00498	0.00790
31	0.01222	0.01056	0.01111	0.01000	0.01278	0.01222	0.00778	0.02611	0.78776	0.02056	0.02000	0.01833	0.01500	0.00667	0.00500	0.00167	0.00389	0.00556	0.00500	0.00778
32	0.00705	0.00516	0.00737	0.00737	0.00806	0.00585	0.00548	0.00843	0.00774	0.01101	0.01365	0.02200	0.01345	0.20228	0.64399	0.00724	0.01141	0.00566	0.00270	0.00409
33	0.00599	0.00428	0.00570	0.00684	0.00713	0.00399	0.00456	0.00684	0.00941	0.01254	0.02709	0.82409	0.03250	0.01540	0.00627	0.00200	0.00285	0.01397	0.00456	0.00399
34	0.00986	0.02542	0.80183	0.01401	0.02127	0.01141	0.01816	0.01556	0.01038	0.01556	0.00882	0.01038	0.00623	0.00467	0.00467	0.00156	0.00726	0.00363	0.00208	0.00726
35	0.04483	0.00886	0.01122	0.00894	0.01250	0.00838	0.00728	0.02412	0.17581	0.61391	0.01915	0.01680	0.01256	0.00616	0.00490	0.00155	0.00411	0.00500	0.00577	0.00815
36	0.02205	0.00836	0.01140	0.00874	0.01254	0.00722	0.00722	0.02395	0.01407	0.80004	0.01939	0.01673	0.01216	0.00608	0.00494	0.00152	0.00418	0.00494	0.00608	0.00836
37	0.01216	0.01168	0.01995	0.03016	0.79664	0.01168	0.01508	0.01508	0.01119	0.01605	0.00924	0.01216	0.00778	0.00438	0.00487	0.00146	0.00584	0.00438	0.00243	0.00778
38	0.01222	0.01056	0.01111	0.01000	0.01278	0.01222	0.00778	0.02611	0.78776	0.02056	0.02000	0.01833	0.01500	0.00667	0.00500	0.00167	0.00389	0.00556	0.00500	0.00778
39	0.01201	0.01135	0.01841	0.07143	0.64304	0.01171	0.01397	0.01650	0.12083	0.01649	0.01074	0.01309	0.00873	0.00473	0.00489	0.00150	0.00560	0.00454	0.00278	0.00765
40	0.00702	0.00471	0.00540	0.00552	0.00555	0.00468	0.00315	0.00711	0.00739	0.00985	0.01672	0.11630	0.01942	0.74103	0.02302	0.00447	0.00456	0.00787	0.00315	0.00309
41	0.01248	0.01043	0.01098	0.00978	0.01254	0.01199	0.00764	0.07619	0.69175	0.02113	0.01922	0.01789	0.01442	0.00656	0.00491	0.00162	0.00390	0.00542	0.05350	0.00763
42	0.01166	0.01117	0.01905	0.16597	0.66473	0.01155	0.01483	0.01465	0.01095	0.01545	0.00916	0.01233	0.00757	0.00447	0.00487	0.00149	0.00596	0.00438	0.00239	0.00738
43	0.11112	0.02189	0.01319	0.01198	0.01457	0.71998	0.00904	0.01905	0.01331	0.01313	0.00751	0.00877	0.00622	0.00501	0.00428	0.00129	0.00831	0.00311	0.00259	0.00566
44	0.00717	0.00548	0.00818	0.00809	0.00894	0.00649	0.00632	0.00890	0.00788	0.01142	0.01290	0.01897	0.01206	0.03574	0.77667	0.00767	0.04484	0.00523	0.00261	0.00443
45	0.01154	0.01105	0.01883	0.19862	0.63302	0.01151	0.01477	0.01454	0.01090	0.01530	0.00913	0.01236	0.00752	0.00449	0.00488	0.00150	0.00599	0.00438	0.00238	0.00729
46	0.82576	0.00945	0.00740	0.00656	0.00963	0.01086	0.00540	0.01486	0.00861	0.05562	0.00738	0.00836	0.00562	0.00463	0.00312	0.00152	0.00382	0.00276	0.00317	0.00545
47	0.00723	0.00516	0.00713	0.00826	0.00909	0.00506	0.00672	0.00899	0.01063	0.01394	0.02640	0.32931	0.02979	0.01422	0.00660	0.00217	0.00393	0.49648	0.00454	0.00434
48	0.01836	0.02342	0.01393	0.01266	0.01519	0.80756	0.00950	0.01962	0.01393	0.01203	0.00760	0.00886	0.00633	0.00506	0.00443	0.00127	0.00886	0.00317	0.00253	0.00570
49	0.00931	0.00780	0.00925	0.00719	0.01070	0.00602	0.00556	0.01122	0.01003	0.01529	0.01258	0.18052	0.01256	0.00610	0.00419	0.00099	0.00347	0.00523	0.00326	0.67875
50	0.03128	0.01288	0.01465	0.01438	0.16482	0.08483	0.00987	0.35121	0.06741	0.17948	0.01289	0.01295	0.00921	0.00560	0.00484	0.00148	0.00544	0.00445	0.00443	0.00792
51	0.01230	0.01173	0.01783	0.02516	0.60148	0.05379	0.01326	0.05788	0.01151	0.01598	0.00968	0.01317	0.00837	0.04200	0.05126	0.00198	0.03831	0.00448	0.00260	0.00721
52	0.00581	0.00498	0.00498	0.00498	0.00664	0.00415	0.00373	0.00705	0.01120	0.01328	0.04978	0.04729	0.79464	0.01245	0.00581	0.00166	0.00249	0.01037	0.00456	0.00415
53	0.01222	0.01056	0.01111	0.01000	0.01278	0.01222	0.00778	0.02611	0.78776	0.02056	0.02000	0.01833	0.01500	0.00667	0.00500	0.00167	0.00389	0.00556	0.00500	0.00778
54	0.01293	0.01091	0.01151	0.01014	0.01305	0.01255	0.00795	0.10904	0.70368	0.02170	0.01910	0.01762	0.01427	0.00658	0.00499	0.00165	0.00406	0.00543	0.00499	0.00784
55	0.01222	0.01056	0.01111	0.01000	0.01278	0.01222	0.00778	0.02611	0.78776	0.02056	0.02000	0.01833	0.01500	0.00667	0.00500	0.00167	0.00389	0.00556	0.00500	0.00778
56	0.00696	0.00502	0.00657	0.00618	0.00734	0.00464	0.00464	0.00927	0.01391	0.01971	0.79405	0.03671	0.04637	0.01005	0.00580	0.00155	0.00232	0.00889	0.00541	0.00464
57	0.86201	0.00950	0.00722	0.00646	0.00950	0.01102	0.00532	0.01445	0.00836	0.02205	0.00684	0.00798	0.00532	0.00456	0.00304	0.00152	0.00380	0.00266	0.00304	0.00532
58	0.00599	0.00428	0.00570	0.00684	0.00713	0.00399	0.00456	0.00684	0.00941	0.01254	0.02709	0.82409	0.03250	0.01540	0.00627	0.00200	0.00285	0.01397	0.00456	0.00399
59	0.01836	0.02342	0.01393	0.01266	0.01519	0.80756	0.00950	0.01962	0.01393	0.01203	0.00760	0.00886	0.00633	0.00506	0.00443	0.00127	0.00886	0.00317	0.00253	0.00570
60	0.00581	0.00498	0.00498	0.00498	0.00664	0.00415	0.00373	0.00705	0.01120	0.01328	0.04978	0.04729	0.79464	0.01245	0.00581	0.00166	0.00249	0.01037	0.00456	0.00415
61	0.86201	0.00950	0.00722	0.00646	0.00950	0.01102	0.00532	0.01445	0.00836	0.02205	0.00684	0.00798	0.00532	0.00456	0.00304	0.00152	0.00380	0.00266	0.00304	0.00532
62	0.01203	0.01199	0.02028	0.01548	0.01939	0.01238	0.40009	0.03516	0.37834	0.01830	0.01473	0.01563	0.01104	0.00537	0.00541	0.00166	0.00615	0.00566	0.00372	0.00720
63	0.00581	0.00498	0.00498	0.00498	0.00664	0.00415	0.00373	0.00705	0.01120	0.01328	0.04978	0.04729	0.79464	0.01245	0.00581	0.00166	0.00249	0.01037	0.00456	0.00415
64	0.01295	0.78504	0.06935	0.00872	0.01310	0.01899	0.00896	0.01476	0.01001	0.01179	0.00694	0.00802	0.00630	0.00423	0.00324	0.00108	0.00537	0.00268	0.00210	0.00636
65	0.00657	0.00496	0.00591	0.00584	0.00699	0.00449	0.00428	0.00819	0.01189	0.01581	0.38334	0.08811	0.29151	0.10117	0.00798	0.00199	0.00276	0.03919	0.00477	0.00425
66	0.07477	0.01161	0.01935	0.01436	0.01839	0.01156	0.33756	0.16299	0.01395	0.21326	0.01254	0.02690	0.00902	0.00539	0.00572	0.00161	0.04476	0.00517	0.00390	0.00719
67	0.86201	0.00950	0.00722	0.00646	0.00950	0.01102	0.00532	0.01445	0.00836	0.02205	0.00684	0.00798	0.00532	0.00456	0.00304	0.00152	0.00380	0.00266	0.00304	0.00532
68	0.00646	0.00493	0.00593	0.00585	0.00708	0.00440	0.00432	0.00825	0.01250	0.01674	0.45697	0.12688	0.29895	0.01145	0.00585	0.00163	0.00243	0.00995	0.00503	0.00440
69	0.00940	0.00878	0.01426	0.68927	0.06751	0.01067	0.01286	0.01315	0.05407	0.01321	0.01158	0.01517	0.04906	0.00539	0.00496	0.00163	0.00615	0.00476	0.00248	0.00563
70	0.00643	0.00456	0.00603	0.00704	0.00744	0.00435	0.00494	0.00743	0.00947	0.01257	0.02563	0.61009	0.03020	0.10437	0.00842	0.00234	0.00334	0.13699	0.00438	0.00397
71	0.01809	0.01874	0.01433	0.01211	0.01509	0.43685	0.00950	0.33457	0.01739	0.01987	0.00928	0.01018	0.00718	0.00560	0.00526	0.00140	0.05054	0.00375	0.00350	0.00678
72	0.00715	0.00476	0.00536	0.00536	0.00536	0.00476	0.00298	0.00715	0.00715	0.00953	0.01548	0.03216	0.01787	0.82729	0.02501	0.00476	0.00476	0.00715	0.00298	0.00298
73	0.00854	0.00427	0.00640	0.00640	0.00640	0.00427	0.00427	0.00640	0.00640	0.00854	0.00854	0.01494	0.00854	0.01707	0.01921	0.85702	0.00427	0.00427	0.00213	0.00213
74	0.01314	0.83025	0.02575	0.00841	0.01261	0.01945	0.00841	0.01472	0.00999	0.01156	0.00683	0.00788	0.00631	0.00420	0.00315	0.00105	0.00526	0.00263	0.00210	0.00631
75	0.00599	0.00428	0.00570	0.00684	0.00713	0.00399	0.00456	0.00684	0.00941	0.01254	0.02709	0.82409	0.03250	0.01540	0.00627	0.00200	0.00285	0.01397	0.00456	0.00399

[dist]
# distance from previous block
# <min> <max>
0	24

[block]
# block no. 1 follows, 51 sequences, length 124
# corresponding to MSA columns:
# 136-259
name=unknown_B
#
# <colnr> <probs for GDERKNQSTAVLIFYWHMCP>
#	G	D	E	R	K	N	Q	S	T	A	V	L	I	F	Y	W	H	M	C	P
0	0.86201	0.00950	0.00722	0.00646	0.00950	0.01102	0.00532	0.01445	0.00836	0.02205	0.00684	0.00798	0.00532	0.00456	0.00304	0.00152	0.00380	0.00266	0.00304	0.00532
1	0.86201	0.00950	0.00722	0.00646	0.00950	0.01102	0.00532	0.01445	0.00836	0.02205	0.00684	0.00798	0.00532	0.00456	0.00304	0.00152	0.00380	0.00266	0.00304	0.00532
2	0.01160	0.01326	0.02900	0.02071	0.02568	0.01243	0.77879	0.01574	0.01160	0.01574	0.00994	0.01326	0.00746	0.00414	0.00580	0.00166	0.00829	0.00580	0.00249	0.00663
3	0.01155	0.01342	0.05948	0.02120	0.12500	0.01244	0.60273	0.01542	0.01126	0.01555	0.00960	0.01285	0.00739	0.00446	0.00623	0.00166	0.05516	0.00544	0.00244	0.00673
4	0.00986	0.02542	0.80183	0.01401	0.02127	0.01141	0.01816	0.01556	0.01038	0.01556	0.00882	0.01038	0.00623	0.00467	0.00467	0.00156	0.00726	0.00363	0.00208	0.00726
5	0.00599	0.00428	0.00570	0.00684	0.00713	0.00399	0.00456	0.00684	0.00941	0.01254	0.02709	0.82409	0.03250	0.01540	0.00627	0.00200	0.00285	0.01397	0.00456	0.00399
6	0.01160	0.01326	0.02900	0.02071	0.02568	0.01243	0.77879	0.01574	0.01160	0.01574	0.00994	0.01326	0.00746	0.00414	0.00580	0.00166	0.00829	0.00580	0.00249	0.00663
7	0.01868	0.01376	0.01475	0.01131	0.01524	0.01524	0.00934	0.78025	0.02311	0.03097	0.01180	0.01180	0.00836	0.00590	0.00492	0.00147	0.00541	0.00442	0.00492	0.00836
8	0.00599	0.00428	0.00570	0.00684	0.00713	0.00399	0.00456	0.00684	0.00941	0.01254	0.02709	0.82409	0.03250	0.01540	0.00627	0.00200	0.00285	0.01397	0.00456	0.00399
9	0.00854	0.00427	0.00640	0.00640	0.00640	0.00427	0.00427	0.00640	0.00640	0.00854	0.00854	0.01494	0.00854	0.01707	0.01921	0.85702	0.00427	0.00427	0.00213	0.00213
10	0.01314	0.83025	0.02575	0.00841	0.01261	0.01945	0.00841	0.01472	0.00999	0.01156	0.00683	0.00788	0.00631	0.00420	0.00315	0.00105	0.00526	0.00263	0.00210	0.00631
11	0.01216	0.01168	0.01995	0.03016	0.79664	0.01168	0.01508	0.01508	0.01119	0.01605	0.00924	0.01216	0.00778	0.00438	0.00487	0.00146	0.00584	0.00438	0.00243	0.00778
12	0.00702	0.00527	0.00790	0.00790	0.00878	0.00614	0.00614	0.00878	0.00790	0.01141	0.01316	0.01931	0.01229	0.03686	0.80782	0.00790	0.01316	0.00527	0.00263	0.00439
13	0.00702	0.00527	0.00790	0.00790	0.00878	0.00614	0.00614	0.00878	0.00790	0.01141	0.01316	0.01931	0.01229	0.03686	0.80782	0.00790	0.01316	0.00527	0.00263	0.00439
14	0.01359	0.11962	0.02498	0.01674	0.02135	0.01405	0.48455	0.20843	0.01429	0.01904	0.01001	0.01219	0.00753	0.00459	0.00523	0.00153	0.00717	0.00504	0.00305	0.00702
15	0.00986	0.02542	0.80183	0.01401	0.02127	0.01141	0.01816	0.01556	0.01038	0.01556	0.00882	0.01038	0.00623	0.00467	0.00467	0.00156	0.00726	0.00363	0.00208	0.00726
16	0.01837	0.01347	0.01442	0.01109	0.01493	0.01490	0.00915	0.75550	0.02269	0.03056	0.01193	0.01201	0.00849	0.00589	0.00487	0.00146	0.00531	0.00443	0.03227	0.00824
17	0.01091	0.01102	0.01503	0.01290	0.01295	0.03202	0.01072	0.01199	0.00766	0.01183	0.00648	0.01071	0.00645	0.00853	0.01588	0.00213	0.80097	0.00428	0.00216	0.00538
18	0.43462	0.00892	0.00935	0.00762	0.01105	0.00909	0.00629	0.01928	0.01126	0.41791	0.01323	0.01243	0.00880	0.00534	0.00401	0.00152	0.00399	0.00382	0.00459	0.00687
19	0.00687	0.00502	0.00645	0.00609	0.00729	0.00460	0.00457	0.00911	0.01371	0.01922	0.73775	0.03751	0.10297	0.01023	0.00580	0.00155	0.00233	0.00900	0.00535	0.00460
20	0.00585	0.00498	0.00504	0.00502	0.00666	0.00417	0.00377	0.00714	0.01130	0.01352	0.07805	0.04689	0.76622	0.01235	0.00581	0.00166	0.00248	0.01032	0.00460	0.00417
21	0.00702	0.00527	0.00790	0.00790	0.00878	0.00614	0.00614	0.00878	0.00790	0.01141	0.01316	0.01931	0.01229	0.03686	0.80782	0.00790	0.01316	0.00527	0.00263	0.00439
22	0.00691	0.00502	0.00650	0.00613	0.00731	0.00462	0.00460	0.00918	0.01380	0.01944	0.76277	0.03715	0.07781	0.01015	0.00580	0.00155	0.00233	0.00895	0.00537	0.00462
23	0.00616	0.00499	0.00547	0.00535	0.00685	0.00430	0.00401	0.00773	0.01203	0.01525	0.27833	0.04404	0.56487	0.01171	0.00580	0.00162	0.00244	0.00992	0.00482	0.00430
24	0.01307	0.81235	0.04302	0.00853	0.01281	0.01927	0.00863	0.01473	0.00999	0.01165	0.00688	0.00794	0.00630	0.00421	0.00319	0.00106	0.00530	0.00265	0.00210	0.00633
25	0.01868	0.01376	0.01475	0.01131	0.01524	0.01524	0.00934	0.78025	0.02311	0.03097	0.01180	0.01180	0.00836	0.00590	0.00492	0.00147	0.00541	0.00442	0.00492	0.00836
26	0.01746	0.02193	0.01406	0.01269	0.01492	0.71431	0.00964	0.01871	0.01317	0.01200	0.00746	0.00908	0.00634	0.00548	0.00581	0.00137	0.10411	0.00330	0.00249	0.00566
27	0.01325	0.81230	0.02549	0.00850	0.01267	0.03698	0.00843	0.01482	0.01007	0.01157	0.00685	0.00790	0.00631	0.00422	0.00318	0.00106	0.00534	0.00264	0.00211	0.00629
28	0.00928	0.00873	0.01474	0.81548	0.03385	0.01092	0.01365	0.01256	0.00983	0.01256	0.00873	0.01310	0.00655	0.00491	0.00491	0.00164	0.00655	0.00437	0.00218	0.00546
29	0.01011	0.16951	0.50823	0.01164	0.01724	0.01189	0.01392	0.01486	0.04067	0.01565	0.12815	0.01422	0.01267	0.00548	0.00457	0.00147	0.00601	0.00432	0.00270	0.00671
30	0.00928	0.00873	0.01474	0.81548	0.03385	0.01092	0.01365	0.01256	0.00983	0.01256	0.00873	0.01310	0.00655	0.00491	0.00491	0.00164	0.00655	0.00437	0.00218	0.00546
31	0.00792	0.00566	0.00792	0.00905	0.01018	0.00566	0.00792	0.01018	0.01131	0.01471	0.02602	0.05543	0.02828	0.01358	0.00679	0.00226	0.00453	0.76356	0.00453	0.00453
32	0.01436	0.35252	0.15004	0.01107	0.01501	0.24872	0.01056	0.06892	0.01196	0.01372	0.00771	0.00903	0.00645	0.00492	0.00471	0.00130	0.05704	0.00318	0.00242	0.00637
33	0.00986	0.02542	0.80183	0.01401	0.02127	0.01141	0.01816	0.01556	0.01038	0.01556	0.00882	0.01038	0.00623	0.00467	0.00467	0.00156	0.00726	0.00363	0.00208	0.00726
34	0.01853	0.01369	0.01467	0.01128	0.01518	0.01517	0.00931	0.76317	0.04043	0.03074	0.01198	0.01195	0.00851	0.00592	0.00492	0.00148	0.00537	0.00445	0.00492	0.00834
35	0.01214	0.01174	0.02033	0.02977	0.76424	0.01171	0.04717	0.01511	0.01121	0.01604	0.00927	0.01221	0.00777	0.00437	0.00490	0.00147	0.00594	0.00444	0.00243	0.00774
36	0.00947	0.05938	0.40126	0.01037	0.01491	0.00891	0.01178	0.01318	0.01122	0.06117	0.12566	0.04781	0.13521	0.00763	0.00514	0.00161	0.00523	0.06053	0.00340	0.00614
37	0.00628	0.00490	0.00570	0.00569	0.00698	0.00432	0.00420	0.00790	0.01203	0.01570	0.33868	0.14415	0.40212	0.01189	0.00586	0.00166	0.00247	0.01026	0.00490	0.00432
38	0.00715	0.00476	0.00536	0.00536	0.00536	0.00476	0.00298	0.00715	0.00715	0.00953	0.01548	0.03216	0.01787	0.82729	0.02501	0.00476	0.00476	0.00715	0.00298	0.00298
39	0.01314	0.83025	0.02575	0.00841	0.01261	0.01945	0.00841	0.01472	0.00999	0.01156	0.00683	0.00788	0.00631	0.00420	0.00315	0.00105	0.00526	0.00263	0.00210	0.00631
40	0.01134	0.01084	0.01847	0.25352	0.57969	0.01146	0.01467	0.01436	0.01080	0.01506	0.00910	0.01243	0.00743	0.00453	0.00488	0.00151	0.00604	0.00438	0.00236	0.00712
41	0.00792	0.00566	0.00792	0.00905	0.01018	0.00566	0.00792	0.01018	0.01131	0.01471	0.02602	0.05543	0.02828	0.01358	0.00679	0.00226	0.00453	0.76356	0.00453	0.00453
42	0.00581	0.00498	0.00498	0.00498	0.00664	0.00415	0.00373	0.00705	0.01120	0.01328	0.04978	0.04729	0.79464	0.01245	0.00581	0.00166	0.00249	0.01037	0.00456	0.00415
43	0.03307	0.01167	0.01710	0.02232	0.49256	0.02826	0.02631	0.17707	0.01376	0.05025	0.01062	0.01259	0.00835	0.00488	0.00474	0.00144	0.00548	0.00439	0.06758	0.00757
44	0.01838	0.02269	0.01399	0.01256	0.01520	0.74763	0.00948	0.07716	0.01462	0.01346	0.00791	0.00908	0.00648	0.00513	0.00447	0.00128	0.00860	0.00326	0.00271	0.00590
45	0.01044	0.16759	0.66474	0.01302	0.01974	0.01283	0.01643	0.01541	0.01031	0.01486	0.00847	0.00994	0.00624	0.00459	0.00440	0.00147	0.00691	0.00345	0.00208	0.00709
46	0.00695	0.00538	0.00745	0.00777	0.00818	0.00601	0.00566	0.00805	0.00855	0.01189	0.01951	0.42171	0.02212	0.08124	0.25594	0.00404	0.10212	0.00964	0.00357	0.00420
47	0.00599	0.00428	0.00570	0.00684	0.00713	0.00399	0.00456	0.00684	0.00941	0.01254	0.02709	0.82409	0.03250	0.01540	0.00627	0.00200	0.00285	0.01397	0.00456	0.00399
48	0.01870	0.01324	0.01436	0.01107	0.01495	0.01452	0.00912	0.69592	0.04992	0.08877	0.01267	0.01241	0.00888	0.00594	0.00492	0.00149	0.00526	0.00450	0.00501	0.00834
49	0.84376	0.00960	0.00739	0.00657	0.00963	0.01112	0.00541	0.03101	0.00868	0.02224	0.00695	0.00807	0.00539	0.00459	0.00308	0.00152	0.00384	0.00270	0.00308	0.00539
50	0.00665	0.00501	0.00615	0.00586	0.00715	0.00451	0.00440	0.00868	0.01319	0.01800	0.59615	0.03952	0.24533	0.01068	0.00580	0.00158	0.00236	0.00928	0.00518	0.00451
51	0.01019	0.00873	0.01019	0.00728	0.01165	0.00655	0.00582	0.01237	0.01019	0.01601	0.00873	0.01019	0.00728	0.00364	0.00364	0.00073	0.00364	0.00291	0.00291	0.85734
52	0.00602	0.00430	0.00574	0.00688	0.00718	0.00402	0.00462	0.00690	0.00944	0.01259	0.02707	0.80976	0.03242	0.01536	0.00628	0.00200	0.00288	0.02794	0.00456	0.00400
53	0.00599	0.00428	0.00570	0.00684	0.00713	0.00399	0.00456	0.00684	0.00941	0.01254	0.02709	0.82409	0.03250	0.01540	0.00627	0.00200	0.00285	0.01397	0.00456	0.00399
54	0.00612	0.00491	0.00546	0.00550	0.00687	0.00425	0.00406	0.00759	0.01167	0.01481	0.23483	0.13603	0.51624	0.01219	0.00586	0.00167	0.00249	0.01042	0.00478	0.00425
55	0.00599	0.00428	0.00570	0.00684	0.00713	0.00399	0.00456	0.00684	0.00941	0.01254	0.02709	0.82409	0.03250	0.01540	0.00627	0.00200	0.00285	0.01397	0.00456	0.00399
56	0.02205	0.00836	0.01140	0.00874	0.01254	0.00722	0.00722	0.02395	0.01407	0.80004	0.01939	0.01673	0.01216	0.00608	0.00494	0.00152	0.00418	0.00494	0.00608	0.00836
57	0.01836	0.02342	0.01393	0.01266	0.01519	0.80756	0.00950	0.01962	0.01393	0.01203	0.00760	0.00886	0.00633	0.00506	0.00443	0.00127	0.00886	0.00317	0.00253	0.00570
58	0.01216	0.01168	0.01995	0.03016	0.79664	0.01168	0.01508	0.01508	0.01119	0.01605	0.00924	0.01216	0.00778	0.00438	0.00487	0.00146	0.00584	0.00438	0.00243	0.00778
59	0.01157	0.01318	0.02855	0.02046	0.02527	0.01251	0.75406	0.01562	0.01147	0.01562	0.00983	0.01318	0.00742	0.00429	0.00613	0.00167	0.03437	0.00575	0.00247	0.00659
60	0.01314	0.83025	0.02575	0.00841	0.01261	0.01945	0.00841	0.01472	0.00999	0.01156	0.00683	0.00788	0.00631	0.00420	0.00315	0.00105	0.00526	0.00263	0.00210	0.00631
61	0.00597	0.00433	0.00565	0.00670	0.00709	0.00400	0.00450	0.00686	0.00954	0.01260	0.02876	0.76665	0.08885	0.01518	0.00624	0.00197	0.00282	0.01370	0.00456	0.00400
62	0.00985	0.00937	0.05424	0.00756	0.01183	0.00664	0.00639	0.01215	0.01021	0.01576	0.01091	0.04245	0.03649	0.00446	0.00388	0.00086	0.00377	0.00364	0.00299	0.74656
63	0.01307	0.81352	0.04188	0.00853	0.01279	0.01928	0.00861	0.01473	0.00999	0.01165	0.00687	0.00793	0.00630	0.00421	0.00318	0.00106	0.00530	0.00265	0.00210	0.00633
64	0.00806	0.00480	0.00557	0.00538	0.00653	0.00461	0.00404	0.01036	0.01211	0.01901	0.40510	0.02752	0.02949	0.00789	0.00462	0.00135	0.00230	0.00673	0.42992	0.00461
65	0.00792	0.00566	0.00792	0.00905	0.01018	0.00566	0.00792	0.01018	0.01131	0.01471	0.02602	0.05543	0.02828	0.01358	0.00679	0.00226	0.00453	0.76356	0.00453	0.00453
66	0.86201	0.00950	0.00722	0.00646	0.00950	0.01102	0.00532	0.01445	0.00836	0.02205	0.00684	0.00798	0.00532	0.00456	0.00304	0.00152	0.00380	0.00266	0.00304	0.00532
67	0.00696	0.00502	0.00657	0.00618	0.00734	0.00464	0.00464	0.00927	0.01391	0.01971	0.79405	0.03671	0.04637	0.01005	0.00580	0.00155	0.00232	0.00889	0.00541	0.00464
68	0.00928	0.00873	0.01474	0.81548	0.03385	0.01092	0.01365	0.01256	0.00983	0.01256	0.00873	0.01310	0.00655	0.00491	0.00491	0.00164	0.00655	0.00437	0.00218	0.00546
69	0.01038	0.15454	0.67733	0.01311	0.01988	0.01270	0.01659	0.01543	0.01031	0.01492	0.00850	0.00998	0.00624	0.00459	0.00443	0.00148	0.00694	0.00347	0.00208	0.00711
70	0.00581	0.00498	0.00498	0.00498	0.00664	0.00415	0.00373	0.00705	0.01120	0.01328	0.04978	0.04729	0.79464	0.01245	0.00581	0.00166	0.00249	0.01037	0.00456	0.00415
71	0.01216	0.01168	0.01995	0.03016	0.79664	0.01168	0.01508	0.01508	0.01119	0.01605	0.00924	0.01216	0.00778	0.00438	0.00487	0.00146	0.00584	0.00438	0.00243	0.00778
72	0.01019	0.00873	0.01019	0.00728	0.01165	0.00655	0.00582	0.01237	0.01019	0.01601	0.00873	0.01019	0.00728	0.00364	0.00364	0.00073	0.00364	0.00291	0.00291	0.85734
73	0.00696	0.00502	0.00657	0.00618	0.00734	0.00464	0.00464	0.00927	0.01391	0.01971	0.79405	0.03671	0.04637	0.01005	0.00580	0.00155	0.00232	0.00889	0.00541	0.00464
74	0.00715	0.00476	0.00536	0.00536	0.00536	0.00476	0.00298	0.00715	0.00715	0.00953	0.01548	0.03216	0.01787	0.82729	0.02501	0.00476	0.00476	0.00715	0.00298	0.00298
75	0.01160	0.01326	0.02900	0.02071	0.02568	0.01243	0.77879	0.01574	0.01160	0.01574	0.00994	0.01326	0.00746	0.00414	0.00580	0.00166	0.00829	0.00580	0.00249	0.00663
76	0.01112	0.01622	0.22333	0.01869	0.02403	0.01228	0.55467	0.01553	0.01112	0.01553	0.00951	0.01242	0.00710	0.00446	0.00595	0.00165	0.04207	0.00519	0.00237	0.00674
77	0.01915	0.00992	0.01253	0.00987	0.01312	0.01020	0.00814	0.19186	0.04775	0.47869	0.02952	0.01526	0.01128	0.00646	0.00641	0.00160	0.11027	0.00484	0.00525	0.00788
78	0.79847	0.00942	0.00754	0.00664	0.00973	0.01074	0.00547	0.01516	0.00879	0.08090	0.00779	0.00864	0.00584	0.00468	0.00318	0.00152	0.00383	0.00283	0.00327	0.00555
79	0.06415	0.00914	0.01190	0.00998	0.01190	0.01053	0.00819	0.01697	0.06602	0.30514	0.01617	0.04230	0.06957	0.00780	0.00933	0.00180	0.32316	0.00530	0.00412	0.00651
80	0.00642	0.00479	0.00639	0.00721	0.00746	0.00487	0.00494	0.00724	0.00913	0.01231	0.02485	0.71638	0.02968	0.06222	0.00811	0.00217	0.06465	0.01284	0.00429	0.00404
81	0.00581	0.00498	0.00498	0.00498	0.00664	0.00415	0.00373	0.00705	0.01120	0.01328	0.04978	0.04729	0.79464	0.01245	0.00581	0.00166	0.00249	0.01037	0.00456	0.00415
82	0.86201	0.00950	0.00722	0.00646	0.00950	0.01102	0.00532	0.01445	0.00836	0.02205	0.00684	0.00798	0.00532	0.00456	0.00304	0.00152	0.00380	0.00266	0.00304	0.00532
83	0.00933	0.00882	0.01502	0.79992	0.03369	0.01095	0.02863	0.01262	0.00986	0.01262	0.00876	0.01310	0.00657	0.00490	0.00493	0.00164	0.00658	0.00440	0.00219	0.00548
84	0.00928	0.00873	0.01474	0.81548	0.03385	0.01092	0.01365	0.01256	0.00983	0.01256	0.00873	0.01310	0.00655	0.00491	0.00491	0.00164	0.00655	0.00437	0.00218	0.00546
85	0.01314	0.83025	0.02575	0.00841	0.01261	0.01945	0.00841	0.01472	0.00999	0.01156	0.00683	0.00788	0.00631	0.00420	0.00315	0.00105	0.00526	0.00263	0.00210	0.00631
86	0.00912	0.00458	0.00460	0.00460	0.00572	0.00458	0.00343	0.01136	0.01024	0.01813	0.01602	0.01862	0.01271	0.02351	0.00390	0.00122	0.00234	0.00464	0.83614	0.00455
87	0.00599	0.00428	0.00570	0.00684	0.00713	0.00399	0.00456	0.00684	0.00941	0.01254	0.02709	0.82409	0.03250	0.01540	0.00627	0.00200	0.00285	0.01397	0.00456	0.00399
88	0.01027	0.00851	0.00943	0.00859	0.01077	0.00942	0.00662	0.01988	0.50153	0.02024	0.30631	0.02513	0.02660	0.00792	0.00529	0.00162	0.00331	0.00679	0.00515	0.00662
89	0.00675	0.00528	0.00630	0.00680	0.00823	0.00482	0.00561	0.00845	0.01125	0.01392	0.03913	0.05094	0.45123	0.01295	0.00625	0.00193	0.00340	0.34788	0.00455	0.00432
90	0.01048	0.00873	0.01022	0.00731	0.01167	0.00657	0.00586	0.01266	0.01028	0.03510	0.00899	0.01035	0.00740	0.00370	0.00367	0.00075	0.00365	0.00296	0.00299	0.83667
91	0.00764	0.00574	0.00716	0.00668	0.00805	0.00562	0.00505	0.01146	0.11454	0.01982	0.69339	0.03432	0.04229	0.00961	0.00569	0.00156	0.00252	0.00845	0.00536	0.00505
92	0.01868	0.01376	0.01475	0.01131	0.01524	0.01524	0.00934	0.78025	0.02311	0.03097	0.01180	0.01180	0.00836	0.00590	0.00492	0.00147	0.00541	0.00442	0.00492	0.00836
93	0.13127	0.00851	0.01086	0.00845	0.01215	0.00772	0.00698	0.02271	0.01332	0.69888	0.01776	0.01559	0.01127	0.00588	0.00469	0.00152	0.00413	0.00465	0.00569	0.00797
94	0.00599	0.00428	0.00570	0.00684	0.00713	0.00399	0.00456	0.00684	0.00941	0.01254	0.02709	0.82409	0.03250	0.01540	0.00627	0.00200	0.00285	0.01397	0.00456	0.00399
95	0.01218	0.01105	0.01191	0.01061	0.01289	0.04080	0.00837	0.02334	0.62170	0.01870	0.01715	0.01665	0.01317	0.00695	0.00696	0.00174	0.14889	0.00525	0.00441	0.00728
96	0.84641	0.00941	0.00717	0.00643	0.00943	0.01091	0.00529	0.01439	0.00840	0.02198	0.00701	0.00817	0.00546	0.00458	0.00305	0.00151	0.00377	0.00270	0.01861	0.00531
97	0.00986	0.02542	0.80183	0.01401	0.02127	0.01141	0.01816	0.01556	0.01038	0.01556	0.00882	0.01038	0.00623	0.00467	0.00467	0.00156	0.00726	0.00363	0.00208	0.00726
98	0.84156	0.00948	0.00732	0.00652	0.00958	0.01093	0.00537	0.01468	0.00850	0.04098	0.00715	0.00820	0.00549	0.00460	0.00309	0.00152	0.00381	0.00272	0.00312	0.00540
99	0.00687	0.00502	0.00645	0.00609	0.00729	0.00460	0.00457	0.00911	0.01371	0.01922	0.73815	0.03750	0.10257	0.01023	0.00580	0.00155	0.00233	0.00900	0.00535	0.00460
100	0.01332	0.62957	0.07925	0.01017	0.01447	0.09883	0.06748	0.01535	0.01054	0.01221	0.00728	0.00856	0.00639	0.00432	0.00359	0.00115	0.00599	0.00299	0.00217	0.00634
101	0.00999	0.05924	0.76922	0.01377	0.02091	0.01175	0.01775	0.01553	0.01036	0.01539	0.00874	0.01027	0.00623	0.00465	0.00461	0.00154	0.00718	0.00359	0.00208	0.00722
102	0.75278	0.00936	0.00777	0.00676	0.00990	0.01053	0.00557	0.01568	0.00910	0.12321	0.00847	0.00912	0.00621	0.00476	0.00329	0.00152	0.00385	0.00296	0.00344	0.00572
103	0.00581	0.00498	0.00498	0.00498	0.00664	0.00415	0.00373	0.00705	0.01120	0.01328	0.04978	0.04729	0.79464	0.01245	0.00581	0.00166	0.00249	0.01037	0.00456	0.00415
104	0.01205	0.01183	0.01935	0.02680	0.63813	0.04000	0.07186	0.01536	0.04082	0.01594	0.01125	0.01444	0.03190	0.00493	0.00500	0.00150	0.00593	0.02281	0.00265	0.00744
105	0.00854	0.00427	0.00640	0.00640	0.00640	0.00427	0.00427	0.00640	0.00640	0.00854	0.00854	0.01494	0.00854	0.01707	0.01921	0.85702	0.00427	0.00427	0.00213	0.00213
106	0.00599	0.00428	0.00570	0.00684	0.00713	0.00399	0.00456	0.00684	0.00941	0.01254	0.02709	0.82409	0.03250	0.01540	0.00627	0.00200	0.00285	0.01397	0.00456	0.00399
107	0.00723	0.00540	0.00736	0.03778	0.03673	0.00513	0.00535	0.00961	0.01366	0.01930	0.73600	0.03493	0.04347	0.00965	0.00573	0.00155	0.00261	0.00855	0.00518	0.00478
108	0.00994	0.11884	0.64997	0.01266	0.01914	0.01181	0.01592	0.01482	0.01039	0.01492	0.01168	0.01287	0.06587	0.00520	0.00458	0.00150	0.00666	0.00402	0.00227	0.00691
109	0.01998	0.00942	0.01182	0.00925	0.01281	0.00900	0.00756	0.21341	0.01599	0.54650	0.01806	0.07656	0.01274	0.00674	0.00504	0.00154	0.00439	0.00549	0.00567	0.00803
110	0.00634	0.00557	0.00695	0.00636	0.00816	0.00480	0.06248	0.00786	0.01133	0.01390	0.10053	0.08751	0.63702	0.01181	0.00583	0.00167	0.00294	0.01012	0.00447	0.00436
111	0.01177	0.01117	0.01893	0.02835	0.73693	0.01114	0.01429	0.01464	0.01140	0.01633	0.06861	0.01402	0.01070	0.00481	0.00494	0.00147	0.00557	0.00472	0.00266	0.00755
112	0.00950	0.00896	0.01513	0.75608	0.09155	0.01098	0.01376	0.01275	0.00993	0.01282	0.00877	0.01303	0.00664	0.00487	0.00491	0.00162	0.00650	0.00437	0.00220	0.00563
113	0.01360	0.01569	0.01381	0.01220	0.01340	0.35047	0.00969	0.01477	0.01052	0.01202	0.01021	0.01271	0.06602	0.00739	0.01038	0.00174	0.41317	0.00428	0.00249	0.00542
114	0.01896	0.01229	0.01371	0.01062	0.01444	0.01318	0.00874	0.55032	0.07888	0.20599	0.01415	0.01342	0.00973	0.00600	0.00493	0.00150	0.00501	0.00463	0.00519	0.00831
115	0.00670	0.00542	0.00664	0.00741	0.06656	0.00488	0.00487	0.00825	0.01152	0.01494	0.24605	0.11359	0.41089	0.06195	0.00697	0.00184	0.00287	0.00965	0.00454	0.00447
116	0.00765	0.00527	0.00687	0.00661	0.00786	0.00493	0.00504	0.01008	0.03087	0.04938	0.61839	0.09532	0.05485	0.01052	0.00585	0.00164	0.00264	0.06615	0.00528	0.00479
117	0.00957	0.07088	0.01557	0.75443	0.03224	0.01156	0.01325	0.01272	0.00984	0.01248	0.00859	0.01271	0.00653	0.00486	0.00478	0.00159	0.00645	0.00424	0.00218	0.00552
118	0.01019	0.00873	0.01019	0.00728	0.01165	0.00655	0.00582	0.01237	0.01019	0.01601	0.00873	0.01019	0.00728	0.00364	0.00364	0.00073	0.00364	0.00291	0.00291	0.85734
119	0.01037	0.00838	0.00990	0.00731	0.01134	0.00639	0.00579	0.01244	0.01029	0.04870	0.01057	0.07203	0.00939	0.00463	0.00389	0.00086	0.00360	0.00383	0.00317	0.75711
120	0.01060	0.01008	0.01712	0.45589	0.38312	0.01127	0.01430	0.01371	0.01045	0.01416	0.00897	0.01267	0.00712	0.00467	0.00489	0.00156	0.00622	0.00437	0.00230	0.00652
121	0.01175	0.01554	0.31517	0.01103	0.01547	0.01063	0.01146	0.07958	0.24996	0.07785	0.07400	0.01859	0.04543	0.00654	0.00502	0.00161	0.00518	0.03405	0.00394	0.00716
122	0.01450	0.02021	0.21238	0.01300	0.04417	0.40878	0.03601	0.01766	0.04527	0.04406	0.06896	0.03179	0.01063	0.00564	0.00474	0.00142	0.00731	0.00427	0.00292	0.00626
123	0.01276	0.70728	0.02328	0.00845	0.01230	0.01785	0.00813	0.04208	0.03995	0.01268	0.00904	0.07016	0.00869	0.00521	0.00352	0.00116	0.00503	0.00366	0.00250	0.00626

[dist]
# distance from previous block
# <min> <max>
0	138

# created by:
# /st0/software/busco_prod/Augustus/scripts/msa2prfl.pl ./align_prep/60099.fa
