[name]
unknown

[dist]
# distance from previous block
# <min> <max>
0	30

[block]
# block no. 0 follows, 51 sequences, length 15
# corresponding to MSA columns:
# 147-161
name=unknown_A
#
# <colnr> <probs for GDERKNQSTAVLIFYWHMCP>
#	G	D	E	R	K	N	Q	S	T	A	V	L	I	F	Y	W	H	M	C	P
0	0.00792	0.00566	0.00792	0.00905	0.01018	0.00566	0.00792	0.01018	0.01131	0.01471	0.02602	0.05543	0.02828	0.01358	0.00679	0.00226	0.00453	0.76356	0.00453	0.00453
1	0.01019	0.00873	0.01019	0.00728	0.01165	0.00655	0.00582	0.01237	0.01019	0.01601	0.00873	0.01019	0.00728	0.00364	0.00364	0.00073	0.00364	0.00291	0.00291	0.85734
2	0.01216	0.01168	0.01995	0.03016	0.79664	0.01168	0.01508	0.01508	0.01119	0.01605	0.00924	0.01216	0.00778	0.00438	0.00487	0.00146	0.00584	0.00438	0.00243	0.00778
3	0.00675	0.00502	0.00628	0.00596	0.00721	0.00455	0.00447	0.00887	0.01342	0.01853	0.65802	0.03864	0.18313	0.01049	0.00580	0.00157	0.00235	0.00916	0.00526	0.00455
4	0.00675	0.00502	0.00628	0.00596	0.00721	0.00455	0.00447	0.00887	0.01342	0.01853	0.65802	0.03864	0.18313	0.01049	0.00580	0.00157	0.00235	0.00916	0.00526	0.00455
5	0.01868	0.01376	0.01475	0.01131	0.01524	0.01524	0.00934	0.78025	0.02311	0.03097	0.01180	0.01180	0.00836	0.00590	0.00492	0.00147	0.00541	0.00442	0.00492	0.00836
6	0.00981	0.00927	0.01569	0.67195	0.17326	0.01106	0.01391	0.01302	0.01008	0.01320	0.00883	0.01293	0.00678	0.00482	0.00490	0.00161	0.00642	0.00437	0.00223	0.00588
7	0.01868	0.01376	0.01475	0.01131	0.01524	0.01524	0.00934	0.78025	0.02311	0.03097	0.01180	0.01180	0.00836	0.00590	0.00492	0.00147	0.00541	0.00442	0.00492	0.00836
8	0.00581	0.00498	0.00498	0.00498	0.00664	0.00415	0.00373	0.00705	0.01120	0.01328	0.04978	0.04729	0.79464	0.01245	0.00581	0.00166	0.00249	0.01037	0.00456	0.00415
9	0.00712	0.00534	0.00673	0.00616	0.00764	0.00476	0.00465	0.00933	0.01333	0.01878	0.65606	0.03543	0.11390	0.00972	0.00561	0.00149	0.00245	0.00851	0.00511	0.07785
10	0.00916	0.00458	0.00458	0.00458	0.00573	0.00458	0.00344	0.01145	0.01031	0.01832	0.01603	0.01832	0.01260	0.00573	0.00344	0.00115	0.00229	0.00458	0.85457	0.00458
11	0.01897	0.01330	0.01446	0.01109	0.01501	0.01455	0.00916	0.71527	0.02233	0.09705	0.01245	0.01222	0.00868	0.00592	0.00492	0.00148	0.00530	0.00447	0.00502	0.00836
12	0.01314	0.83025	0.02575	0.00841	0.01261	0.01945	0.00841	0.01472	0.00999	0.01156	0.00683	0.00788	0.00631	0.00420	0.00315	0.00105	0.00526	0.00263	0.00210	0.00631
13	0.01578	0.01222	0.01306	0.01062	0.01401	0.01370	0.00857	0.46342	0.31562	0.02657	0.04336	0.01521	0.01228	0.00634	0.00498	0.00155	0.00471	0.00502	0.00497	0.00800
14	0.09127	0.01138	0.01758	0.02443	0.58593	0.01156	0.01299	0.08571	0.01227	0.08532	0.01013	0.01214	0.00799	0.00468	0.00471	0.00147	0.00547	0.00427	0.00303	0.00766

[dist]
# distance from previous block
# <min> <max>
0	5

[block]
# block no. 1 follows, 51 sequences, length 25
# corresponding to MSA columns:
# 167-191
name=unknown_B
#
# <colnr> <probs for GDERKNQSTAVLIFYWHMCP>
#	G	D	E	R	K	N	Q	S	T	A	V	L	I	F	Y	W	H	M	C	P
0	0.01208	0.01216	0.03917	0.01882	0.15290	0.01163	0.40424	0.13981	0.01310	0.01787	0.01235	0.11889	0.01091	0.00596	0.00553	0.00164	0.00666	0.00635	0.00314	0.00678
1	0.01041	0.01956	0.48244	0.07750	0.16733	0.01185	0.04509	0.01485	0.01023	0.01504	0.00868	0.01107	0.00661	0.00503	0.00599	0.00161	0.09356	0.00398	0.00217	0.00700
2	0.01009	0.02156	0.59463	0.01372	0.01907	0.01237	0.01621	0.01458	0.00962	0.01458	0.00820	0.01047	0.00628	0.00570	0.00769	0.00171	0.22085	0.00381	0.00209	0.00677
3	0.00777	0.01057	0.21699	0.00951	0.01207	0.00753	0.00931	0.01056	0.00855	0.01250	0.01202	0.01695	0.01069	0.02838	0.59630	0.00623	0.01161	0.00483	0.00249	0.00514
4	0.01430	0.01641	0.01241	0.09700	0.01545	0.46174	0.00902	0.04952	0.02685	0.01291	0.00960	0.01237	0.00817	0.01349	0.21609	0.00307	0.00950	0.00395	0.00267	0.00548
5	0.01066	0.15640	0.55868	0.01408	0.02050	0.01289	0.12983	0.01545	0.01049	0.01493	0.00866	0.01039	0.00642	0.00451	0.00459	0.00149	0.00708	0.00379	0.00214	0.00701
6	0.01036	0.02225	0.63328	0.01315	0.01946	0.01159	0.01594	0.01781	0.17609	0.01663	0.01120	0.01207	0.00810	0.00509	0.00474	0.00158	0.00654	0.00404	0.00270	0.00737
7	0.19296	0.01507	0.22130	0.01649	0.25092	0.04153	0.01226	0.01727	0.15344	0.01788	0.01054	0.01181	0.00812	0.00494	0.00443	0.00153	0.00553	0.00399	0.00294	0.00704
8	0.01198	0.00947	0.01289	0.01346	0.21847	0.00797	0.00841	0.01432	0.01087	0.09972	0.01001	0.01141	0.00793	0.00409	0.00410	0.00101	0.00428	0.00351	0.00312	0.54297
9	0.00599	0.00428	0.00570	0.00684	0.00713	0.00399	0.00456	0.00684	0.00941	0.01254	0.02709	0.82409	0.03250	0.01540	0.00627	0.00200	0.00285	0.01397	0.00456	0.00399
10	0.01510	0.01788	0.01460	0.01646	0.21999	0.48236	0.01040	0.01679	0.01267	0.01321	0.01249	0.01391	0.09087	0.00580	0.00513	0.00139	0.03786	0.00430	0.00271	0.00607
11	0.00762	0.00645	0.00676	0.00643	0.00833	0.00633	0.00490	0.01231	0.21600	0.01588	0.12139	0.03854	0.50944	0.01067	0.00559	0.00165	0.00284	0.00894	0.00477	0.00516
12	0.00704	0.00519	0.00752	0.00752	0.00827	0.00594	0.00567	0.00853	0.00779	0.01113	0.01351	0.02122	0.01312	0.15458	0.69123	0.00743	0.01191	0.00555	0.00268	0.00418
13	0.00767	0.09333	0.00980	0.00795	0.00919	0.00756	0.00638	0.00941	0.00812	0.01142	0.01249	0.01809	0.01165	0.03337	0.72192	0.00717	0.01232	0.00498	0.00258	0.00459
14	0.00916	0.00458	0.00458	0.00458	0.00573	0.00458	0.00344	0.01145	0.01031	0.01832	0.01603	0.01832	0.01260	0.00573	0.00344	0.00115	0.00229	0.00458	0.85457	0.00458
15	0.00596	0.00438	0.00559	0.00657	0.00705	0.00401	0.00444	0.00687	0.00968	0.01265	0.03047	0.70840	0.14601	0.01496	0.00620	0.00195	0.00280	0.01343	0.00456	0.00401
16	0.00916	0.00458	0.00458	0.00458	0.00573	0.00458	0.00344	0.01145	0.01031	0.01832	0.01603	0.01832	0.01260	0.00573	0.00344	0.00115	0.00229	0.00458	0.85457	0.00458
17	0.65920	0.01197	0.00883	0.00781	0.01082	0.13560	0.00628	0.06417	0.02629	0.02102	0.00755	0.00858	0.00587	0.00477	0.00342	0.00148	0.00469	0.00291	0.00312	0.00562
18	0.01181	0.01266	0.02557	0.02430	0.31793	0.01214	0.48929	0.01549	0.01144	0.01586	0.00968	0.01284	0.00758	0.00423	0.00545	0.00158	0.00736	0.00526	0.00247	0.00707
19	0.00718	0.00513	0.00707	0.00820	0.00901	0.00502	0.00663	0.00890	0.01058	0.01388	0.02643	0.35011	0.02990	0.01427	0.00659	0.00216	0.00388	0.47619	0.00454	0.00432
20	0.01806	0.01059	0.01211	0.00957	0.01303	0.01104	0.00781	0.35535	0.10672	0.28875	0.01576	0.01492	0.01086	0.00603	0.00478	0.00148	0.00449	0.00475	0.09602	0.00789
21	0.00599	0.00428	0.00570	0.00684	0.00713	0.00399	0.00456	0.00684	0.00941	0.01254	0.02709	0.82409	0.03250	0.01540	0.00627	0.00200	0.00285	0.01397	0.00456	0.00399
22	0.00581	0.00498	0.00498	0.00498	0.00664	0.00415	0.00373	0.00705	0.01120	0.01328	0.04978	0.04729	0.79464	0.01245	0.00581	0.00166	0.00249	0.01037	0.00456	0.00415
23	0.13431	0.00585	0.00668	0.00721	0.00827	0.00605	0.00521	0.01036	0.09271	0.01535	0.06713	0.52750	0.02714	0.01244	0.00566	0.00188	0.00317	0.05398	0.00443	0.00466
24	0.01405	0.61733	0.06776	0.00953	0.01364	0.13612	0.00918	0.05929	0.01135	0.01297	0.00734	0.00840	0.00642	0.00446	0.00353	0.00114	0.00592	0.00287	0.00233	0.00639

[dist]
# distance from previous block
# <min> <max>
0	16

[block]
# block no. 2 follows, 51 sequences, length 31
# corresponding to MSA columns:
# 208-238
name=unknown_C
#
# <colnr> <probs for GDERKNQSTAVLIFYWHMCP>
#	G	D	E	R	K	N	Q	S	T	A	V	L	I	F	Y	W	H	M	C	P
0	0.00977	0.00573	0.00594	0.00564	0.00710	0.00597	0.00430	0.04344	0.10936	0.01920	0.06976	0.01933	0.01505	0.00615	0.00385	0.00125	0.00262	0.00499	0.65541	0.00514
1	0.01188	0.01085	0.01039	0.00925	0.01189	0.09886	0.00713	0.07528	0.41494	0.01840	0.02145	0.08106	0.11632	0.00758	0.00501	0.00155	0.00427	0.00624	0.00444	0.08318
2	0.00595	0.00458	0.00544	0.00607	0.00694	0.00407	0.00423	0.00700	0.01027	0.01306	0.06042	0.48778	0.33849	0.01404	0.00607	0.00185	0.00269	0.01237	0.00459	0.00407
3	0.01118	0.29754	0.46796	0.01356	0.08802	0.01416	0.01457	0.01523	0.01032	0.01425	0.00818	0.00969	0.00639	0.00449	0.00417	0.00138	0.00645	0.00336	0.00212	0.00698
4	0.01087	0.01094	0.02028	0.19418	0.33765	0.01111	0.23939	0.01412	0.01111	0.01519	0.03750	0.01533	0.04956	0.00503	0.00523	0.00157	0.00642	0.00526	0.00260	0.00665
5	0.00599	0.00428	0.00570	0.00684	0.00713	0.00399	0.00456	0.00684	0.00941	0.01254	0.02709	0.82409	0.03250	0.01540	0.00627	0.00200	0.00285	0.01397	0.00456	0.00399
6	0.01019	0.00873	0.01019	0.00728	0.01165	0.00655	0.00582	0.01237	0.01019	0.01601	0.00873	0.01019	0.00728	0.00364	0.00364	0.00073	0.00364	0.00291	0.00291	0.85734
7	0.00599	0.00428	0.00570	0.00684	0.00713	0.00399	0.00456	0.00684	0.00941	0.01254	0.02709	0.82409	0.03250	0.01540	0.00627	0.00200	0.00285	0.01397	0.00456	0.00399
8	0.00928	0.00873	0.01474	0.81548	0.03385	0.01092	0.01365	0.01256	0.00983	0.01256	0.00873	0.01310	0.00655	0.00491	0.00491	0.00164	0.00655	0.00437	0.00218	0.00546
9	0.01033	0.01491	0.25045	0.09756	0.16468	0.01058	0.20124	0.01416	0.01067	0.01516	0.01080	0.08481	0.00930	0.00539	0.00506	0.00154	0.00647	0.00524	0.00255	0.07909
10	0.00980	0.00667	0.00912	0.01015	0.11104	0.00646	0.00660	0.01290	0.08974	0.11623	0.30291	0.23292	0.04569	0.00990	0.00561	0.00166	0.00331	0.00881	0.00483	0.00566
11	0.01314	0.83025	0.02575	0.00841	0.01261	0.01945	0.00841	0.01472	0.00999	0.01156	0.00683	0.00788	0.00631	0.00420	0.00315	0.00105	0.00526	0.00263	0.00210	0.00631
12	0.62944	0.01334	0.00907	0.00817	0.01107	0.23060	0.00647	0.01587	0.00990	0.01929	0.00705	0.00823	0.00560	0.00470	0.00342	0.00145	0.00520	0.00280	0.00290	0.00543
13	0.02205	0.00836	0.01140	0.00874	0.01254	0.00722	0.00722	0.02395	0.01407	0.80004	0.01939	0.01673	0.01216	0.00608	0.00494	0.00152	0.00418	0.00494	0.00608	0.00836
14	0.00928	0.00873	0.01474	0.81548	0.03385	0.01092	0.01365	0.01256	0.00983	0.01256	0.00873	0.01310	0.00655	0.00491	0.00491	0.00164	0.00655	0.00437	0.00218	0.00546
15	0.00696	0.00502	0.00657	0.00618	0.00734	0.00464	0.00464	0.00927	0.01391	0.01971	0.79405	0.03671	0.04637	0.01005	0.00580	0.00155	0.00232	0.00889	0.00541	0.00464
16	0.00585	0.00480	0.00516	0.00545	0.00676	0.00411	0.00394	0.00700	0.01074	0.01309	0.04400	0.24535	0.60033	0.01320	0.00593	0.00175	0.00258	0.01129	0.00456	0.00411
17	0.01421	0.66496	0.02333	0.00928	0.01314	0.18091	0.00863	0.01572	0.01079	0.01166	0.00699	0.00808	0.00631	0.00438	0.00342	0.00110	0.00599	0.00274	0.00219	0.00618
18	0.21961	0.01041	0.01122	0.00879	0.01251	0.01063	0.00721	0.25093	0.03930	0.23025	0.01240	0.01215	0.00868	0.00529	0.00428	0.00139	0.00437	0.00394	0.00446	0.14218
19	0.01674	0.01325	0.01400	0.01525	0.21201	0.21640	0.00977	0.02026	0.11053	0.26756	0.04487	0.01453	0.01127	0.00562	0.00483	0.00146	0.00570	0.00457	0.00407	0.00730
20	0.01052	0.14462	0.12149	0.23377	0.18839	0.03437	0.01217	0.01332	0.01036	0.01358	0.01352	0.01571	0.10561	0.00583	0.00538	0.00152	0.05642	0.00471	0.00252	0.00618
21	0.01174	0.01206	0.01442	0.01250	0.01313	0.09804	0.01024	0.01449	0.10907	0.01298	0.00832	0.01153	0.00754	0.00798	0.01346	0.00199	0.62788	0.00434	0.00256	0.00572
22	0.02117	0.00856	0.01138	0.00886	0.01257	0.00767	0.00727	0.02414	0.08361	0.72998	0.01944	0.01687	0.01242	0.00613	0.00495	0.00153	0.00416	0.00500	0.00599	0.00831
23	0.01425	0.01664	0.01303	0.01171	0.01315	0.44170	0.00902	0.01539	0.01098	0.01170	0.00839	0.01230	0.00785	0.08242	0.07074	0.00234	0.24663	0.00402	0.00247	0.00526
24	0.01216	0.01168	0.01995	0.03016	0.79664	0.01168	0.01508	0.01508	0.01119	0.01605	0.00924	0.01216	0.00778	0.00438	0.00487	0.00146	0.00584	0.00438	0.00243	0.00778
25	0.00636	0.00482	0.00590	0.00641	0.00729	0.00445	0.00454	0.00804	0.03655	0.01434	0.17251	0.44652	0.22264	0.01336	0.00604	0.00182	0.00273	0.02662	0.00473	0.00428
26	0.01371	0.01224	0.01136	0.01019	0.01284	0.15651	0.00790	0.02319	0.51047	0.08453	0.01707	0.01656	0.01293	0.00904	0.07705	0.00214	0.00566	0.00504	0.00443	0.00714
27	0.01157	0.00670	0.00865	0.00790	0.00961	0.00699	0.00604	0.01485	0.12234	0.20627	0.01726	0.09219	0.01505	0.11487	0.26665	0.00402	0.02124	0.00618	0.05595	0.00568
28	0.01542	0.22834	0.12186	0.01238	0.01655	0.24812	0.13073	0.01790	0.01210	0.13785	0.00980	0.01074	0.00741	0.00481	0.00443	0.00135	0.00689	0.00378	0.00292	0.00663
29	0.01053	0.04844	0.18063	0.01156	0.04714	0.00917	0.11803	0.01373	0.01046	0.01569	0.00886	0.01064	0.00706	0.00398	0.00419	0.00108	0.00522	0.00352	0.00262	0.48746
30	0.19961	0.04433	0.01211	0.00955	0.01274	0.07231	0.02000	0.18192	0.17273	0.14952	0.01420	0.01393	0.03595	0.00595	0.00486	0.00153	0.03305	0.00441	0.00428	0.00702

[dist]
# distance from previous block
# <min> <max>
0	3

[block]
# block no. 3 follows, 51 sequences, length 7
# corresponding to MSA columns:
# 242-248
name=unknown_D
#
# <colnr> <probs for GDERKNQSTAVLIFYWHMCP>
#	G	D	E	R	K	N	Q	S	T	A	V	L	I	F	Y	W	H	M	C	P
0	0.01111	0.17359	0.30693	0.09563	0.17791	0.01322	0.08951	0.01486	0.01041	0.01445	0.00852	0.01083	0.00672	0.00467	0.00505	0.00148	0.04214	0.00390	0.00221	0.00686
1	0.01040	0.00840	0.01039	0.01100	0.09242	0.00894	0.00792	0.08704	0.25367	0.01902	0.16415	0.03147	0.06531	0.00905	0.00562	0.00176	0.00403	0.19852	0.00466	0.00623
2	0.00634	0.00486	0.00580	0.00586	0.00704	0.00433	0.00428	0.00797	0.01202	0.01590	0.36591	0.19392	0.32403	0.01199	0.00589	0.00168	0.00249	0.01043	0.00493	0.00433
3	0.00705	0.00513	0.00723	0.00723	0.00788	0.00578	0.00531	0.00835	0.00770	0.01092	0.01377	0.02267	0.01375	0.24390	0.60277	0.00708	0.01096	0.00576	0.00272	0.00402
4	0.00591	0.00484	0.00522	0.00543	0.00678	0.00414	0.00396	0.00714	0.01099	0.01350	0.08805	0.20593	0.59526	0.01291	0.00590	0.00172	0.00255	0.01102	0.00461	0.00414
5	0.01211	0.01129	0.01899	0.29412	0.27042	0.01212	0.15323	0.13612	0.01269	0.01717	0.00960	0.01263	0.00739	0.00476	0.00506	0.00156	0.00646	0.00464	0.00275	0.00687
6	0.00975	0.00902	0.01416	0.68728	0.03049	0.01113	0.01271	0.01471	0.13364	0.01383	0.01053	0.01393	0.00790	0.00519	0.00493	0.00164	0.00613	0.00456	0.00263	0.00583

[dist]
# distance from previous block
# <min> <max>
2	12

[block]
# block no. 4 follows, 51 sequences, length 22
# corresponding to MSA columns:
# 261-282
name=unknown_E
#
# <colnr> <probs for GDERKNQSTAVLIFYWHMCP>
#	G	D	E	R	K	N	Q	S	T	A	V	L	I	F	Y	W	H	M	C	P
0	0.61792	0.00887	0.00801	0.00737	0.03239	0.00979	0.00563	0.01507	0.00916	0.13622	0.00973	0.01208	0.00780	0.09565	0.00580	0.00188	0.00402	0.00355	0.00347	0.00559
1	0.00596	0.00501	0.00531	0.00530	0.00686	0.00435	0.00399	0.00729	0.01098	0.01332	0.07241	0.04429	0.69470	0.01466	0.08139	0.00224	0.00349	0.00984	0.00441	0.00419
2	0.00986	0.02542	0.80183	0.01401	0.02127	0.01141	0.01816	0.01556	0.01038	0.01556	0.00882	0.01038	0.00623	0.00467	0.00467	0.00156	0.00726	0.00363	0.00208	0.00726
3	0.01139	0.01089	0.03980	0.14283	0.53625	0.01072	0.03515	0.01436	0.01127	0.03902	0.07055	0.01518	0.03054	0.00515	0.00499	0.00151	0.00565	0.00491	0.00278	0.00708
4	0.01160	0.01326	0.02900	0.02071	0.02568	0.01243	0.77879	0.01574	0.01160	0.01574	0.00994	0.01326	0.00746	0.00414	0.00580	0.00166	0.00829	0.00580	0.00249	0.00663
5	0.00846	0.00713	0.01041	0.01137	0.11254	0.00839	0.00762	0.00983	0.00822	0.01184	0.01261	0.07597	0.01290	0.17152	0.32863	0.00481	0.18439	0.00591	0.00270	0.00476
6	0.00908	0.00840	0.01385	0.69569	0.03013	0.01038	0.01254	0.01217	0.01019	0.01332	0.09538	0.01562	0.01094	0.00562	0.00544	0.00165	0.03684	0.00486	0.00254	0.00537
7	0.00733	0.00584	0.00928	0.00861	0.00965	0.00611	0.09054	0.00882	0.00849	0.01178	0.01625	0.19458	0.01716	0.17706	0.39940	0.00535	0.00882	0.00755	0.00310	0.00428
8	0.01447	0.01557	0.01737	0.02282	0.47565	0.27826	0.01274	0.05573	0.01272	0.01544	0.00923	0.01209	0.00783	0.00491	0.00477	0.00142	0.00680	0.02250	0.00264	0.00704
9	0.00916	0.00458	0.00458	0.00458	0.00573	0.00458	0.00344	0.01145	0.01031	0.01832	0.01603	0.01832	0.01260	0.00573	0.00344	0.00115	0.00229	0.00458	0.85457	0.00458
10	0.01233	0.01037	0.01734	0.27858	0.46645	0.01094	0.01376	0.01525	0.01107	0.10153	0.01020	0.01297	0.00787	0.00474	0.00489	0.00152	0.00588	0.00444	0.00276	0.00711
11	0.01446	0.01356	0.01640	0.10702	0.28913	0.13006	0.01194	0.23049	0.02902	0.01896	0.00960	0.01166	0.00760	0.00541	0.00588	0.00152	0.08277	0.00423	0.00314	0.00715
12	0.00916	0.00458	0.00458	0.00458	0.00573	0.00458	0.00344	0.01145	0.01031	0.01832	0.01603	0.01832	0.01260	0.00573	0.00344	0.00115	0.00229	0.00458	0.85457	0.00458
13	0.19901	0.04371	0.01360	0.01212	0.08601	0.21004	0.00890	0.28533	0.03506	0.04752	0.00974	0.01047	0.00737	0.00523	0.00433	0.00142	0.00587	0.00371	0.00363	0.00691
14	0.00599	0.00428	0.00570	0.00684	0.00713	0.00399	0.00456	0.00684	0.00941	0.01254	0.02709	0.82409	0.03250	0.01540	0.00627	0.00200	0.00285	0.01397	0.00456	0.00399
15	0.01019	0.00873	0.01019	0.00728	0.01165	0.00655	0.00582	0.01237	0.01019	0.01601	0.00873	0.01019	0.00728	0.00364	0.00364	0.00073	0.00364	0.00291	0.00291	0.85734
16	0.00594	0.00445	0.00552	0.00638	0.00701	0.00403	0.00436	0.00689	0.00985	0.01272	0.03266	0.63336	0.21963	0.01467	0.00616	0.00191	0.00276	0.01309	0.00456	0.00403
17	0.00704	0.00515	0.00729	0.00724	0.00799	0.00572	0.00540	0.00853	0.00842	0.01198	0.09983	0.02358	0.01707	0.17858	0.57595	0.00662	0.01043	0.00601	0.00300	0.00416
18	0.00702	0.00527	0.00790	0.00790	0.00878	0.00614	0.00614	0.00878	0.00790	0.01141	0.01316	0.01931	0.01229	0.03686	0.80782	0.00790	0.01316	0.00527	0.00263	0.00439
19	0.00940	0.00896	0.01545	0.77615	0.03344	0.01099	0.05151	0.01271	0.00991	0.01271	0.00879	0.01311	0.00660	0.00488	0.00496	0.00164	0.00664	0.00444	0.00220	0.00552
20	0.01154	0.01073	0.01442	0.01225	0.01275	0.01448	0.01018	0.09668	0.00940	0.01431	0.00759	0.01130	0.00701	0.00814	0.01417	0.00202	0.68222	0.00433	0.05082	0.00566
21	0.03752	0.24127	0.03355	0.01072	0.01435	0.07684	0.03142	0.31595	0.11513	0.02084	0.01064	0.01118	0.00824	0.00548	0.00493	0.00141	0.04575	0.00394	0.00365	0.00721

[dist]
# distance from previous block
# <min> <max>
3	16

[block]
# block no. 5 follows, 51 sequences, length 15
# corresponding to MSA columns:
# 299-313
name=unknown_F
#
# <colnr> <probs for GDERKNQSTAVLIFYWHMCP>
#	G	D	E	R	K	N	Q	S	T	A	V	L	I	F	Y	W	H	M	C	P
0	0.00714	0.00575	0.00648	0.00615	0.00749	0.03690	0.00461	0.00916	0.01326	0.01785	0.58276	0.03814	0.22530	0.01042	0.00574	0.00156	0.00262	0.00901	0.00509	0.00456
1	0.01168	0.01000	0.01064	0.00972	0.01228	0.01150	0.00750	0.02442	0.71934	0.01985	0.02062	0.08916	0.01654	0.00743	0.00511	0.00170	0.00380	0.00630	0.00496	0.00745
2	0.00715	0.00476	0.00536	0.00536	0.00536	0.00476	0.00298	0.00715	0.00715	0.00953	0.01548	0.03216	0.01787	0.82729	0.02501	0.00476	0.00476	0.00715	0.00298	0.00298
3	0.00627	0.00500	0.00562	0.00546	0.00692	0.00434	0.00410	0.00794	0.01229	0.01586	0.34864	0.04304	0.49417	0.01148	0.00580	0.00161	0.00242	0.00978	0.00490	0.00434
4	0.00648	0.00500	0.00604	0.00666	0.00782	0.00456	0.00519	0.00793	0.01078	0.01352	0.03696	0.24604	0.37337	0.01353	0.00622	0.00192	0.00319	0.23601	0.00455	0.00422
5	0.01280	0.08364	0.01454	0.18294	0.06793	0.10728	0.00978	0.17843	0.01254	0.01603	0.00985	0.01442	0.00872	0.13351	0.00944	0.00206	0.12271	0.00451	0.00294	0.00594
6	0.14350	0.01396	0.01416	0.21985	0.13488	0.24933	0.01093	0.01523	0.01070	0.01427	0.00785	0.01057	0.00647	0.00535	0.00609	0.00156	0.12328	0.00374	0.00245	0.00584
7	0.07359	0.00971	0.01193	0.00920	0.01299	0.00935	0.00760	0.20140	0.01584	0.57053	0.01682	0.01502	0.01084	0.00594	0.00482	0.00151	0.00445	0.00468	0.00562	0.00817
8	0.00607	0.00434	0.00578	0.00679	0.00715	0.00405	0.00457	0.00705	0.00980	0.01317	0.09385	0.75554	0.03371	0.01493	0.00623	0.00196	0.00280	0.01353	0.00464	0.00405
9	0.00788	0.00637	0.00885	0.09001	0.08272	0.00642	0.00676	0.01072	0.04838	0.01765	0.48425	0.04668	0.10915	0.00926	0.00581	0.00160	0.01809	0.02969	0.00461	0.00510
10	0.06084	0.01005	0.01544	0.23432	0.29388	0.02872	0.04310	0.04132	0.01137	0.11863	0.01202	0.08716	0.01013	0.00583	0.00494	0.00157	0.00558	0.00526	0.00317	0.00667
11	0.01402	0.01272	0.01387	0.08590	0.21651	0.16591	0.01011	0.12253	0.12475	0.05053	0.01213	0.01347	0.00935	0.00535	0.00462	0.00143	0.00560	0.00437	0.11999	0.00684
12	0.01270	0.01147	0.01916	0.02675	0.64662	0.01151	0.05220	0.01656	0.07759	0.06105	0.01077	0.01300	0.00863	0.00466	0.00493	0.00149	0.00570	0.00458	0.00286	0.00776
13	0.23251	0.17060	0.01366	0.00924	0.01229	0.19271	0.00765	0.14660	0.03258	0.01876	0.07816	0.01352	0.01104	0.00574	0.00414	0.00140	0.00540	0.03454	0.00338	0.00609
14	0.01005	0.21331	0.35601	0.01125	0.05118	0.01174	0.01192	0.01407	0.04476	0.01513	0.11497	0.01756	0.09620	0.00616	0.00459	0.00144	0.00542	0.00491	0.00292	0.00641

[dist]
# distance from previous block
# <min> <max>
8	53

[block]
# block no. 6 follows, 51 sequences, length 58
# corresponding to MSA columns:
# 367-424
name=unknown_G
#
# <colnr> <probs for GDERKNQSTAVLIFYWHMCP>
#	G	D	E	R	K	N	Q	S	T	A	V	L	I	F	Y	W	H	M	C	P
0	0.01290	0.01842	0.36898	0.01333	0.01868	0.01273	0.09670	0.23170	0.14006	0.02071	0.01159	0.01238	0.00838	0.00528	0.00491	0.00156	0.00631	0.00440	0.00339	0.00758
1	0.25057	0.01083	0.01285	0.01005	0.01360	0.05639	0.12485	0.12039	0.01167	0.01903	0.00922	0.01115	0.00738	0.00789	0.08920	0.00199	0.00595	0.00376	0.00311	0.23014
2	0.01304	0.01568	0.12838	0.04113	0.42449	0.13973	0.09518	0.05464	0.01213	0.01598	0.00911	0.01150	0.00730	0.00459	0.00487	0.00147	0.00678	0.00423	0.00252	0.00723
3	0.01216	0.01168	0.01995	0.03016	0.79664	0.01168	0.01508	0.01508	0.01119	0.01605	0.00924	0.01216	0.00778	0.00438	0.00487	0.00146	0.00584	0.00438	0.00243	0.00778
4	0.00806	0.00594	0.00724	0.00658	0.00809	0.00570	0.00503	0.09066	0.01455	0.02012	0.62062	0.03536	0.13340	0.00990	0.00570	0.00155	0.00267	0.00860	0.00525	0.00497
5	0.00783	0.00577	0.00809	0.09364	0.01166	0.00596	0.00744	0.00981	0.01063	0.01395	0.07513	0.06359	0.02567	0.14131	0.00940	0.00254	0.00459	0.49453	0.00409	0.00437
6	0.00683	0.00502	0.00640	0.00605	0.00727	0.00458	0.00454	0.00903	0.01362	0.01901	0.71313	0.03786	0.12772	0.01031	0.00580	0.00156	0.00234	0.00905	0.00532	0.00458
7	0.01286	0.01216	0.01328	0.01454	0.17865	0.09635	0.00950	0.02310	0.54172	0.01870	0.01641	0.01603	0.01256	0.00601	0.00491	0.00158	0.00483	0.00505	0.00420	0.00756
8	0.01028	0.00973	0.01618	0.35700	0.39291	0.01056	0.01328	0.01317	0.01062	0.01429	0.01332	0.01628	0.09061	0.00546	0.00499	0.00156	0.00578	0.00501	0.00255	0.00642
9	0.01164	0.01100	0.01665	0.01361	0.01489	0.01392	0.13187	0.01460	0.09116	0.05509	0.00912	0.01227	0.00782	0.00756	0.01272	0.00199	0.56068	0.00470	0.00271	0.00599
10	0.01168	0.01011	0.01158	0.01174	0.09525	0.01139	0.00823	0.02322	0.62613	0.01999	0.09826	0.01957	0.01745	0.00677	0.00507	0.00163	0.00393	0.00577	0.00477	0.00746
11	0.01216	0.01168	0.01995	0.03016	0.79664	0.01168	0.01508	0.01508	0.01119	0.01605	0.00924	0.01216	0.00778	0.00438	0.00487	0.00146	0.00584	0.00438	0.00243	0.00778
12	0.01738	0.10817	0.01524	0.01222	0.01479	0.67960	0.00945	0.01867	0.01315	0.01197	0.00745	0.00886	0.00633	0.00517	0.00495	0.00129	0.05392	0.00317	0.00247	0.00574
13	0.00772	0.00551	0.00769	0.00882	0.00987	0.00549	0.00757	0.00984	0.01112	0.01448	0.02613	0.13427	0.02872	0.01376	0.00673	0.00224	0.00435	0.68668	0.00453	0.00447
14	0.86201	0.00950	0.00722	0.00646	0.00950	0.01102	0.00532	0.01445	0.00836	0.02205	0.00684	0.00798	0.00532	0.00456	0.00304	0.00152	0.00380	0.00266	0.00304	0.00532
15	0.01216	0.01168	0.01995	0.03016	0.79664	0.01168	0.01508	0.01508	0.01119	0.01605	0.00924	0.01216	0.00778	0.00438	0.00487	0.00146	0.00584	0.00438	0.00243	0.00778
16	0.00715	0.00476	0.00536	0.00536	0.00536	0.00476	0.00298	0.00715	0.00715	0.00953	0.01548	0.03216	0.01787	0.82729	0.02501	0.00476	0.00476	0.00715	0.00298	0.00298
17	0.01868	0.01376	0.01475	0.01131	0.01524	0.01524	0.00934	0.78025	0.02311	0.03097	0.01180	0.01180	0.00836	0.00590	0.00492	0.00147	0.00541	0.00442	0.00492	0.00836
18	0.01868	0.01376	0.01475	0.01131	0.01524	0.01524	0.00934	0.78025	0.02311	0.03097	0.01180	0.01180	0.00836	0.00590	0.00492	0.00147	0.00541	0.00442	0.00492	0.00836
19	0.00696	0.00502	0.00657	0.00618	0.00734	0.00464	0.00464	0.00927	0.01391	0.01971	0.79405	0.03671	0.04637	0.01005	0.00580	0.00155	0.00232	0.00889	0.00541	0.00464
20	0.01222	0.01056	0.01111	0.01000	0.01278	0.01222	0.00778	0.02611	0.78776	0.02056	0.02000	0.01833	0.01500	0.00667	0.00500	0.00167	0.00389	0.00556	0.00500	0.00778
21	0.00683	0.00502	0.00640	0.00605	0.00727	0.00459	0.00454	0.00904	0.01362	0.01903	0.71521	0.03783	0.12563	0.01030	0.00580	0.00156	0.00234	0.00904	0.00532	0.00459
22	0.01868	0.01376	0.01475	0.01131	0.01524	0.01524	0.00934	0.78025	0.02311	0.03097	0.01180	0.01180	0.00836	0.00590	0.00492	0.00147	0.00541	0.00442	0.00492	0.00836
23	0.01222	0.01056	0.01111	0.01000	0.01278	0.01222	0.00778	0.02611	0.78776	0.02056	0.02000	0.01833	0.01500	0.00667	0.00500	0.00167	0.00389	0.00556	0.00500	0.00778
24	0.00593	0.00498	0.00515	0.00511	0.00671	0.00420	0.00383	0.00729	0.01149	0.01396	0.12861	0.04617	0.71539	0.01219	0.00581	0.00165	0.00247	0.01021	0.00465	0.00420
25	0.01245	0.66020	0.18973	0.00959	0.01444	0.01775	0.01047	0.01489	0.01007	0.01241	0.00725	0.00841	0.00629	0.00430	0.00347	0.00116	0.00568	0.00284	0.00210	0.00651
26	0.01021	0.11292	0.71746	0.01340	0.02033	0.01229	0.01710	0.01547	0.01033	0.01513	0.00860	0.01010	0.00623	0.00462	0.00450	0.00150	0.00704	0.00352	0.00208	0.00716
27	0.00986	0.02542	0.80183	0.01401	0.02127	0.01141	0.01816	0.01556	0.01038	0.01556	0.00882	0.01038	0.00623	0.00467	0.00467	0.00156	0.00726	0.00363	0.00208	0.00726
28	0.01019	0.10797	0.72223	0.01343	0.02038	0.01224	0.01716	0.01548	0.01034	0.01515	0.00862	0.01012	0.00623	0.00462	0.00451	0.00150	0.00706	0.00353	0.00208	0.00716
29	0.01314	0.83025	0.02575	0.00841	0.01261	0.01945	0.00841	0.01472	0.00999	0.01156	0.00683	0.00788	0.00631	0.00420	0.00315	0.00105	0.00526	0.00263	0.00210	0.00631
30	0.00986	0.02542	0.80183	0.01401	0.02127	0.01141	0.01816	0.01556	0.01038	0.01556	0.00882	0.01038	0.00623	0.00467	0.00467	0.00156	0.00726	0.00363	0.00208	0.00726
31	0.00581	0.00498	0.00498	0.00498	0.00664	0.00415	0.00373	0.00705	0.01120	0.01328	0.04978	0.04729	0.79464	0.01245	0.00581	0.00166	0.00249	0.01037	0.00456	0.00415
32	0.01142	0.02204	0.63480	0.01302	0.01945	0.01104	0.01590	0.01756	0.09051	0.10136	0.01111	0.01188	0.00777	0.00503	0.00473	0.00156	0.00658	0.00397	0.00281	0.00744
33	0.01818	0.01377	0.26213	0.01041	0.01531	0.00855	0.01069	0.02129	0.01289	0.55120	0.01604	0.01471	0.01028	0.00563	0.00486	0.00153	0.00516	0.00453	0.00481	0.00801
34	0.00989	0.00936	0.01584	0.64956	0.19501	0.01108	0.01395	0.01309	0.01011	0.01330	0.00884	0.01290	0.00681	0.00480	0.00490	0.00160	0.00640	0.00437	0.00224	0.00595
35	0.00986	0.02542	0.80183	0.01401	0.02127	0.01141	0.01816	0.01556	0.01038	0.01556	0.00882	0.01038	0.00623	0.00467	0.00467	0.00156	0.00726	0.00363	0.00208	0.00726
36	0.00629	0.00500	0.00564	0.00548	0.00693	0.00435	0.00411	0.00798	0.01234	0.01597	0.36146	0.04286	0.48128	0.01144	0.00580	0.00161	0.00242	0.00975	0.00492	0.00435
37	0.02134	0.00935	0.05731	0.00905	0.01305	0.00747	0.00786	0.02346	0.01385	0.75449	0.01877	0.01636	0.01182	0.00600	0.00493	0.00152	0.00436	0.00487	0.00585	0.00830
38	0.01314	0.83025	0.02575	0.00841	0.01261	0.01945	0.00841	0.01472	0.00999	0.01156	0.00683	0.00788	0.00631	0.00420	0.00315	0.00105	0.00526	0.00263	0.00210	0.00631
39	0.01868	0.01376	0.01475	0.01131	0.01524	0.01524	0.00934	0.78025	0.02311	0.03097	0.01180	0.01180	0.00836	0.00590	0.00492	0.00147	0.00541	0.00442	0.00492	0.00836
40	0.00705	0.00516	0.00736	0.00736	0.00805	0.00585	0.00547	0.00843	0.00774	0.01101	0.01365	0.02202	0.01346	0.20386	0.64242	0.00724	0.01139	0.00566	0.00271	0.00409
41	0.02205	0.00836	0.01140	0.00874	0.01254	0.00722	0.00722	0.02395	0.01407	0.80004	0.01939	0.01673	0.01216	0.00608	0.00494	0.00152	0.00418	0.00494	0.00608	0.00836
42	0.01953	0.01864	0.01313	0.01142	0.01435	0.55369	0.00877	0.02100	0.01397	0.26199	0.01134	0.01136	0.00818	0.00539	0.00459	0.00135	0.00738	0.00373	0.00366	0.00654
43	0.01836	0.02342	0.01393	0.01266	0.01519	0.80756	0.00950	0.01962	0.01393	0.01203	0.00760	0.00886	0.00633	0.00506	0.00443	0.00127	0.00886	0.00317	0.00253	0.00570
44	0.02205	0.00836	0.01140	0.00874	0.01254	0.00722	0.00722	0.02395	0.01407	0.80004	0.01939	0.01673	0.01216	0.00608	0.00494	0.00152	0.00418	0.00494	0.00608	0.00836
45	0.01021	0.00968	0.01642	0.56278	0.27930	0.01116	0.01411	0.01337	0.01027	0.01368	0.00890	0.01280	0.00695	0.00474	0.00490	0.00158	0.00632	0.00437	0.00226	0.00621
46	0.00581	0.00498	0.00498	0.00498	0.00664	0.00415	0.00373	0.00705	0.01120	0.01328	0.04978	0.04729	0.79464	0.01245	0.00581	0.00166	0.00249	0.01037	0.00456	0.00415
47	0.00581	0.00498	0.00498	0.00498	0.00664	0.00415	0.00373	0.00705	0.01120	0.01328	0.04978	0.04729	0.79464	0.01245	0.00581	0.00166	0.00249	0.01037	0.00456	0.00415
48	0.00986	0.02542	0.80183	0.01401	0.02127	0.01141	0.01816	0.01556	0.01038	0.01556	0.00882	0.01038	0.00623	0.00467	0.00467	0.00156	0.00726	0.00363	0.00208	0.00726
49	0.01186	0.01136	0.01940	0.11334	0.71584	0.01160	0.01493	0.01481	0.01105	0.01568	0.00919	0.01226	0.00765	0.00444	0.00487	0.00148	0.00591	0.00438	0.00241	0.00754
50	0.01231	0.01433	0.02740	0.01986	0.02457	0.09665	0.69731	0.01615	0.01185	0.01535	0.00969	0.01279	0.00734	0.00424	0.00565	0.00162	0.00835	0.00552	0.00249	0.00653
51	0.00599	0.00428	0.00570	0.00684	0.00713	0.00399	0.00456	0.00684	0.00941	0.01254	0.02709	0.82409	0.03250	0.01540	0.00627	0.00200	0.00285	0.01397	0.00456	0.00399
52	0.01088	0.01855	0.37685	0.01890	0.12301	0.01187	0.33690	0.01558	0.01099	0.01570	0.00934	0.01181	0.00694	0.00441	0.00517	0.00159	0.00751	0.00464	0.00229	0.00706
53	0.00928	0.00873	0.01474	0.81548	0.03385	0.01092	0.01365	0.01256	0.00983	0.01256	0.00873	0.01310	0.00655	0.00491	0.00491	0.00164	0.00655	0.00437	0.00218	0.00546
54	0.01155	0.01105	0.01885	0.19609	0.63547	0.01152	0.01478	0.01455	0.01090	0.01532	0.00914	0.01236	0.00752	0.00449	0.00488	0.00150	0.00599	0.00438	0.00238	0.00729
55	0.54612	0.00977	0.01036	0.01195	0.17400	0.01081	0.00786	0.05575	0.01007	0.02049	0.00970	0.01422	0.00850	0.00558	0.00393	0.00159	0.00439	0.08584	0.00318	0.00591
56	0.59275	0.00908	0.00901	0.00780	0.01057	0.01015	0.04413	0.01460	0.00921	0.10477	0.01048	0.09578	0.00911	0.00607	0.00442	0.00161	0.04708	0.00435	0.00346	0.00558
57	0.10189	0.01108	0.01787	0.02635	0.67036	0.01122	0.01348	0.01470	0.01104	0.01689	0.05166	0.01305	0.00962	0.00471	0.00472	0.00147	0.00543	0.00444	0.00266	0.00735

[dist]
# distance from previous block
# <min> <max>
0	1

[block]
# block no. 7 follows, 51 sequences, length 7
# corresponding to MSA columns:
# 426-432
name=unknown_H
#
# <colnr> <probs for GDERKNQSTAVLIFYWHMCP>
#	G	D	E	R	K	N	Q	S	T	A	V	L	I	F	Y	W	H	M	C	P
0	0.00869	0.00697	0.00923	0.00853	0.01018	0.00686	0.06112	0.06933	0.11409	0.01567	0.04953	0.44479	0.02378	0.05658	0.00674	0.00190	0.00374	0.00990	0.00428	0.08809
1	0.09805	0.01347	0.01231	0.01026	0.01334	0.23362	0.05808	0.09942	0.10942	0.12514	0.01381	0.01409	0.04313	0.00565	0.00451	0.00139	0.00557	0.00436	0.06684	0.06755
2	0.01251	0.35876	0.20386	0.09028	0.01863	0.06538	0.10562	0.06539	0.01137	0.01440	0.00823	0.00995	0.00659	0.00454	0.00420	0.00134	0.00646	0.00357	0.00236	0.00658
3	0.01066	0.09240	0.01055	0.00779	0.01019	0.00829	0.00615	0.11287	0.05586	0.06736	0.20899	0.21305	0.02379	0.00873	0.00508	0.00147	0.00357	0.00749	0.00442	0.14130
4	0.26078	0.15074	0.15350	0.00863	0.01248	0.01124	0.00843	0.01547	0.08473	0.06077	0.11646	0.01393	0.01268	0.00549	0.00406	0.00141	0.00448	0.00410	0.00338	0.06724
5	0.07581	0.06879	0.10675	0.00835	0.01154	0.00846	0.00756	0.06529	0.03485	0.23080	0.07532	0.12387	0.14617	0.00819	0.00501	0.00158	0.00410	0.00676	0.00448	0.00632
6	0.01098	0.09411	0.21507	0.14661	0.29591	0.01210	0.01403	0.01436	0.01034	0.01465	0.00860	0.01121	0.00693	0.00474	0.00531	0.00147	0.05948	0.00391	0.00229	0.06790

[dist]
# distance from previous block
# <min> <max>
2	28

[block]
# block no. 8 follows, 51 sequences, length 11
# corresponding to MSA columns:
# 461-471
name=unknown_I
#
# <colnr> <probs for GDERKNQSTAVLIFYWHMCP>
#	G	D	E	R	K	N	Q	S	T	A	V	L	I	F	Y	W	H	M	C	P
0	0.04289	0.03261	0.01235	0.14785	0.01621	0.00909	0.03542	0.09300	0.04164	0.01713	0.00998	0.03660	0.00826	0.00465	0.00417	0.00111	0.00453	0.00386	0.00309	0.47552
1	0.01252	0.00879	0.01200	0.01097	0.11581	0.00736	0.03721	0.01480	0.01152	0.17618	0.08006	0.01527	0.03456	0.00506	0.00440	0.00112	0.00407	0.00436	0.00374	0.44018
2	0.04425	0.01235	0.06474	0.01494	0.15070	0.06131	0.14114	0.08445	0.02698	0.12909	0.03909	0.01309	0.00953	0.00497	0.00495	0.00138	0.02059	0.00442	0.00343	0.16860
3	0.01167	0.01117	0.01905	0.16579	0.66490	0.01155	0.01483	0.01465	0.01095	0.01545	0.00916	0.01232	0.00757	0.00447	0.00487	0.00149	0.00596	0.00438	0.00239	0.00738
4	0.01192	0.01152	0.01910	0.02718	0.66128	0.01226	0.01433	0.01452	0.01056	0.01532	0.00876	0.01192	0.00755	0.00511	0.00681	0.00158	0.14615	0.00437	0.00238	0.00737
5	0.01315	0.01117	0.01730	0.01677	0.19950	0.01118	0.18187	0.05690	0.23268	0.09633	0.01354	0.01439	0.01017	0.00514	0.00499	0.00149	0.00541	0.00493	0.00371	0.09938
6	0.00906	0.00828	0.01365	0.62714	0.07645	0.00988	0.01218	0.01215	0.01062	0.01401	0.14439	0.01712	0.01350	0.00577	0.00506	0.00161	0.00578	0.00515	0.00276	0.00546
7	0.86201	0.00950	0.00722	0.00646	0.00950	0.01102	0.00532	0.01445	0.00836	0.02205	0.00684	0.00798	0.00532	0.00456	0.00304	0.00152	0.00380	0.00266	0.00304	0.00532
8	0.01222	0.01056	0.01111	0.01000	0.01278	0.01222	0.00778	0.02611	0.78776	0.02056	0.02000	0.01833	0.01500	0.00667	0.00500	0.00167	0.00389	0.00556	0.00500	0.00778
9	0.00599	0.00428	0.00570	0.00684	0.00713	0.00399	0.00456	0.00684	0.00941	0.01254	0.02709	0.82409	0.03250	0.01540	0.00627	0.00200	0.00285	0.01397	0.00456	0.00399
10	0.00594	0.00445	0.00552	0.00637	0.00700	0.00403	0.00435	0.00690	0.00986	0.01273	0.03282	0.62785	0.22504	0.01465	0.00616	0.00191	0.00276	0.01306	0.00456	0.00403

[dist]
# distance from previous block
# <min> <max>
0	2

# created by:
# /st0/software/busco_prod/Augustus/scripts/msa2prfl.pl ./align_prep/60108.fa
