[name]
unknown

[dist]
# distance from previous block
# <min> <max>
4	157

[block]
# block no. 0 follows, 42 sequences, length 13
# corresponding to MSA columns:
# 165-177
name=unknown_A
#
# <colnr> <probs for GDERKNQSTAVLIFYWHMCP>
#	G	D	E	R	K	N	Q	S	T	A	V	L	I	F	Y	W	H	M	C	P
0	0.10015	0.01380	0.01660	0.32705	0.02543	0.14004	0.05614	0.04794	0.01232	0.03491	0.00965	0.01308	0.00763	0.00630	0.00748	0.00185	0.13913	0.00462	0.00295	0.03291
1	0.00828	0.00582	0.00734	0.00728	0.00861	0.00534	0.00546	0.01035	0.01406	0.04319	0.42028	0.13404	0.16691	0.06000	0.00809	0.00215	0.00323	0.07875	0.00568	0.00514
2	0.00997	0.00823	0.00977	0.00826	0.01171	0.00667	0.00674	0.01226	0.01223	0.01731	0.02483	0.03328	0.17569	0.00907	0.00557	0.00149	0.00413	0.18085	0.00419	0.45777
3	0.01629	0.00770	0.00960	0.00801	0.01113	0.00660	0.00640	0.01819	0.01472	0.40406	0.08577	0.03537	0.33204	0.01033	0.00614	0.00181	0.00383	0.00857	0.00618	0.00727
4	0.01454	0.41984	0.02134	0.01052	0.01454	0.01825	0.00928	0.02320	0.37387	0.01825	0.01516	0.01485	0.01206	0.00619	0.00464	0.00155	0.00526	0.00464	0.00402	0.00804
5	0.01727	0.40026	0.02237	0.01127	0.01560	0.08888	0.00995	0.22943	0.11688	0.02107	0.01158	0.01204	0.00924	0.00584	0.00461	0.00146	0.00623	0.00411	0.00383	0.00806
6	0.00689	0.00524	0.00635	0.00707	0.00800	0.00470	0.00492	0.00817	0.01192	0.01539	0.10642	0.48614	0.27655	0.01597	0.00696	0.00211	0.00307	0.01412	0.00531	0.00470
7	0.01517	0.47157	0.09612	0.04667	0.01655	0.01852	0.01127	0.01746	0.01152	0.09882	0.00968	0.01126	0.00801	0.00600	0.00661	0.00156	0.13909	0.00383	0.00293	0.00737
8	0.08846	0.14339	0.02186	0.06083	0.01984	0.05202	0.25222	0.01581	0.01194	0.01692	0.03565	0.08078	0.01174	0.00664	0.00660	0.00172	0.07843	0.00591	0.00314	0.08610
9	0.01590	0.05387	0.01658	0.17865	0.02083	0.01349	0.04537	0.24676	0.04890	0.09152	0.05752	0.01592	0.01201	0.00647	0.00607	0.00166	0.04403	0.00520	0.00437	0.11490
10	0.09340	0.51457	0.07602	0.01199	0.08335	0.01824	0.01042	0.01663	0.01144	0.01575	0.00848	0.00998	0.00739	0.00484	0.00396	0.00130	0.00587	0.00331	0.00265	0.10043
11	0.08852	0.17295	0.04072	0.01058	0.01463	0.03213	0.08037	0.01889	0.09978	0.11528	0.04812	0.01576	0.01239	0.00591	0.00476	0.00148	0.00523	0.00479	0.10181	0.12589
12	0.05276	0.04980	0.18917	0.01411	0.01878	0.02319	0.21114	0.01514	0.01213	0.01755	0.08523	0.01969	0.04810	0.07101	0.03814	0.00227	0.02264	0.00597	0.00328	0.09988

[dist]
# distance from previous block
# <min> <max>
6	32

[block]
# block no. 1 follows, 42 sequences, length 8
# corresponding to MSA columns:
# 210-217
name=unknown_B
#
# <colnr> <probs for GDERKNQSTAVLIFYWHMCP>
#	G	D	E	R	K	N	Q	S	T	A	V	L	I	F	Y	W	H	M	C	P
0	0.35594	0.05570	0.01646	0.01991	0.33590	0.09507	0.01158	0.01750	0.01174	0.02045	0.00911	0.01129	0.00749	0.00517	0.00455	0.00165	0.00606	0.00395	0.00306	0.00741
1	0.11231	0.01229	0.11563	0.01262	0.04094	0.01000	0.11284	0.01764	0.05443	0.16008	0.15488	0.09697	0.02062	0.00807	0.00604	0.00182	0.02107	0.00708	0.00465	0.03001
2	0.01351	0.00795	0.00986	0.00893	0.01141	0.00749	0.00676	0.01760	0.13759	0.21867	0.08347	0.29512	0.05452	0.01118	0.00617	0.00188	0.00390	0.00977	0.00566	0.08858
3	0.00963	0.00901	0.01516	0.01300	0.01484	0.00948	0.18695	0.01177	0.01142	0.01544	0.02451	0.31070	0.10166	0.01249	0.00915	0.00221	0.15135	0.08142	0.00413	0.00568
4	0.01583	0.01246	0.01336	0.01158	0.01503	0.01413	0.00913	0.13570	0.60019	0.07476	0.02147	0.01977	0.01584	0.00746	0.00571	0.00187	0.00473	0.00612	0.00579	0.00905
5	0.01002	0.00923	0.01256	0.01154	0.01179	0.01187	0.00911	0.01113	0.00958	0.01379	0.01892	0.25108	0.07756	0.05272	0.01468	0.00252	0.45397	0.00894	0.00355	0.00543
6	0.01983	0.01375	0.01500	0.01175	0.01588	0.01483	0.00962	0.54260	0.06783	0.11798	0.01971	0.01894	0.09090	0.00763	0.00575	0.00173	0.00557	0.00594	0.00575	0.00902
7	0.75578	0.09372	0.01048	0.00763	0.01125	0.01363	0.00646	0.01657	0.00977	0.02400	0.00783	0.00913	0.00621	0.00518	0.00350	0.00169	0.00453	0.00304	0.00337	0.00621

[dist]
# distance from previous block
# <min> <max>
2	2

[block]
# block no. 2 follows, 42 sequences, length 13
# corresponding to MSA columns:
# 228-240
name=unknown_C
#
# <colnr> <probs for GDERKNQSTAVLIFYWHMCP>
#	G	D	E	R	K	N	Q	S	T	A	V	L	I	F	Y	W	H	M	C	P
0	0.01702	0.01598	0.01369	0.01164	0.01468	0.24142	0.00910	0.28085	0.05875	0.02464	0.22915	0.02113	0.02184	0.00789	0.00576	0.00165	0.00626	0.00618	0.00498	0.00740
1	0.11109	0.01152	0.01582	0.56427	0.03183	0.04336	0.01367	0.11074	0.01322	0.01840	0.01015	0.01392	0.00759	0.00573	0.00535	0.00182	0.00706	0.00472	0.00304	0.00668
2	0.01063	0.01000	0.01688	0.78870	0.03876	0.01250	0.01563	0.01438	0.01125	0.01438	0.01000	0.01500	0.00750	0.00563	0.00563	0.00188	0.00750	0.00500	0.00250	0.00625
3	0.02139	0.01576	0.01689	0.01295	0.01745	0.01745	0.01070	0.74835	0.02646	0.03547	0.01351	0.01351	0.00957	0.00676	0.00563	0.00169	0.00619	0.00507	0.00563	0.00957
4	0.01223	0.01217	0.02226	0.38829	0.26447	0.01315	0.17346	0.01607	0.01218	0.01642	0.01048	0.01471	0.00817	0.00525	0.00583	0.00182	0.00767	0.00536	0.00266	0.00737
5	0.02139	0.01576	0.01689	0.01295	0.01745	0.01745	0.01070	0.74835	0.02646	0.03547	0.01351	0.01351	0.00957	0.00676	0.00563	0.00169	0.00619	0.00507	0.00563	0.00957
6	0.01318	0.00691	0.00919	0.00796	0.01020	0.00620	0.00620	0.01569	0.01598	0.24828	0.54039	0.03514	0.04129	0.01014	0.00634	0.00176	0.00330	0.00881	0.00643	0.00660
7	0.01237	0.25315	0.55852	0.01419	0.02150	0.01572	0.01757	0.01754	0.01175	0.01650	0.00944	0.01106	0.00716	0.00519	0.00485	0.00162	0.00765	0.00383	0.00239	0.00800
8	0.05469	0.23933	0.01487	0.00864	0.01130	0.09573	0.00726	0.01490	0.01332	0.03810	0.24031	0.02261	0.04108	0.00771	0.00535	0.00152	0.03058	0.00597	0.14057	0.00615
9	0.01057	0.01535	0.28077	0.10496	0.07963	0.00996	0.01308	0.05101	0.01229	0.01770	0.01722	0.24046	0.01691	0.00910	0.00579	0.00187	0.00591	0.00791	0.09273	0.00677
10	0.01293	0.01066	0.01380	0.01244	0.05212	0.01153	0.06023	0.07966	0.26718	0.04730	0.16834	0.05718	0.02234	0.03786	0.00790	0.00198	0.07328	0.00716	0.00499	0.05112
11	0.01561	0.01481	0.14193	0.12179	0.16982	0.01225	0.13028	0.04533	0.03701	0.18528	0.01352	0.01518	0.00972	0.00577	0.00600	0.00176	0.02584	0.00525	0.00382	0.03901
12	0.06052	0.12181	0.18963	0.05272	0.02076	0.01319	0.19076	0.01828	0.01282	0.14550	0.05997	0.03392	0.01222	0.00626	0.00602	0.00177	0.03704	0.00553	0.00365	0.00762

[dist]
# distance from previous block
# <min> <max>
7	28

[block]
# block no. 3 follows, 42 sequences, length 55
# corresponding to MSA columns:
# 273-327
name=unknown_D
#
# <colnr> <probs for GDERKNQSTAVLIFYWHMCP>
#	G	D	E	R	K	N	Q	S	T	A	V	L	I	F	Y	W	H	M	C	P
0	0.01513	0.06890	0.01935	0.28626	0.02576	0.13058	0.09887	0.16281	0.01508	0.01895	0.01033	0.01326	0.00800	0.00597	0.00641	0.00173	0.06512	0.00479	0.00325	0.03945
1	0.01377	0.01239	0.04427	0.05556	0.01677	0.04048	0.06289	0.20358	0.13193	0.02111	0.01445	0.01740	0.01171	0.01820	0.25568	0.00416	0.05875	0.00559	0.00401	0.00730
2	0.00943	0.00664	0.00797	0.03604	0.00963	0.00688	0.00555	0.01235	0.12009	0.04158	0.02243	0.23977	0.02426	0.38475	0.01699	0.00370	0.00476	0.03785	0.00441	0.00493
3	0.01751	0.10360	0.16202	0.01467	0.01863	0.46130	0.04002	0.02006	0.01397	0.01463	0.00886	0.01075	0.00728	0.00594	0.00624	0.00160	0.07939	0.00389	0.00271	0.00694
4	0.12446	0.05647	0.22270	0.09213	0.19338	0.01378	0.01448	0.06702	0.10779	0.03806	0.01193	0.01359	0.00905	0.00568	0.00516	0.00174	0.00650	0.00461	0.00338	0.00809
5	0.00746	0.00552	0.00704	0.00792	0.00861	0.00531	0.00545	0.00967	0.06247	0.01596	0.11484	0.63232	0.06399	0.01613	0.00700	0.00219	0.00326	0.01453	0.00537	0.00496
6	0.00691	0.00506	0.00652	0.00765	0.00822	0.00466	0.00524	0.00801	0.01112	0.01456	0.03431	0.67630	0.13051	0.01712	0.00714	0.00225	0.00328	0.04131	0.00522	0.00462
7	0.01278	0.01413	0.02938	0.14757	0.02986	0.01417	0.57391	0.01710	0.01261	0.01710	0.01087	0.01494	0.00829	0.00526	0.00734	0.00194	0.06647	0.00625	0.00276	0.00727
8	0.02048	0.01161	0.01372	0.01098	0.01474	0.01182	0.00887	0.35040	0.01991	0.31359	0.01972	0.14496	0.01579	0.00863	0.00590	0.00181	0.00517	0.00709	0.00607	0.00875
9	0.01393	0.01337	0.02284	0.03454	0.76712	0.01337	0.01727	0.01727	0.01281	0.01839	0.01059	0.01393	0.00891	0.00501	0.00557	0.00167	0.00669	0.00501	0.00279	0.00891
10	0.01375	0.53889	0.28490	0.01183	0.01785	0.01911	0.01346	0.01718	0.01159	0.01481	0.00861	0.01001	0.00719	0.00500	0.00421	0.00140	0.00681	0.00340	0.00240	0.00760
11	0.01334	0.01589	0.07666	0.02415	0.13805	0.03836	0.55017	0.01778	0.01315	0.01784	0.01160	0.03458	0.00920	0.00518	0.00636	0.00185	0.00886	0.00639	0.00287	0.00772
12	0.01328	0.01518	0.03321	0.02372	0.02941	0.01423	0.74668	0.01803	0.01328	0.01803	0.01139	0.01518	0.00854	0.00474	0.00664	0.00190	0.00949	0.00664	0.00285	0.00759
13	0.00750	0.00567	0.00708	0.00795	0.00910	0.00524	0.00615	0.00915	0.01215	0.01544	0.03914	0.31824	0.27392	0.01585	0.00720	0.00226	0.00375	0.24419	0.00521	0.00483
14	0.07194	0.06773	0.48086	0.01352	0.02027	0.01233	0.01590	0.02017	0.01279	0.21317	0.01295	0.01341	0.00883	0.00573	0.00520	0.00174	0.00700	0.00440	0.00364	0.00843
15	0.01371	0.01387	0.02544	0.02838	0.43122	0.01374	0.27224	0.01883	0.08928	0.01879	0.01213	0.01509	0.00963	0.00519	0.00596	0.00178	0.00744	0.00572	0.00311	0.00845
16	0.00686	0.00490	0.00653	0.00784	0.00816	0.00457	0.00522	0.00784	0.01077	0.01437	0.03102	0.79855	0.03722	0.01763	0.00718	0.00229	0.00326	0.01600	0.00522	0.00457
17	0.00715	0.00533	0.00665	0.00714	0.00811	0.00483	0.00504	0.00873	0.01279	0.01704	0.25906	0.40525	0.20223	0.01503	0.00690	0.00204	0.00299	0.01333	0.00552	0.00483
18	0.01287	0.01849	0.22298	0.02351	0.14959	0.01379	0.43869	0.01785	0.01284	0.01803	0.01092	0.01412	0.00824	0.00494	0.00613	0.00183	0.00872	0.00573	0.00271	0.00800
19	0.01171	0.01111	0.01883	0.54175	0.27726	0.01279	0.01617	0.01533	0.01176	0.01569	0.01019	0.01465	0.00796	0.00543	0.00561	0.00181	0.00723	0.00501	0.00259	0.00712
20	0.00686	0.00490	0.00653	0.00784	0.00816	0.00457	0.00522	0.00784	0.01077	0.01437	0.03102	0.79855	0.03722	0.01763	0.00718	0.00229	0.00326	0.01600	0.00522	0.00457
21	0.06143	0.01129	0.01330	0.01074	0.01474	0.01151	0.00871	0.13563	0.23112	0.40857	0.02040	0.01835	0.01383	0.00704	0.00557	0.00178	0.00488	0.00565	0.00624	0.00921
22	0.01630	0.01111	0.01249	0.01082	0.01417	0.01203	0.00860	0.07629	0.46166	0.18825	0.04261	0.02381	0.05139	0.00814	0.00585	0.00188	0.00456	0.03539	0.00596	0.00867
23	0.00727	0.00522	0.00690	0.00755	0.00825	0.00485	0.00526	0.00889	0.01272	0.01746	0.30770	0.51305	0.04321	0.01532	0.00698	0.00209	0.00303	0.01380	0.00559	0.00485
24	0.01096	0.01007	0.01360	0.01195	0.01195	0.01338	0.00940	0.01179	0.00848	0.01268	0.01077	0.02034	0.01167	0.26931	0.02180	0.00344	0.53440	0.00599	0.00277	0.00526
25	0.01243	0.01787	0.26734	0.17433	0.38305	0.01310	0.01811	0.01689	0.01221	0.01743	0.01031	0.01347	0.00806	0.00524	0.00551	0.00175	0.00738	0.00473	0.00260	0.00820
26	0.00889	0.00559	0.00686	0.00686	0.00765	0.00594	0.00485	0.01045	0.00967	0.01496	0.01700	0.02648	0.01624	0.27512	0.28405	0.00536	0.00790	0.00647	0.27507	0.00458
27	0.02102	0.02682	0.01595	0.01450	0.01740	0.77963	0.01087	0.02247	0.01595	0.01377	0.00870	0.01015	0.00725	0.00580	0.00507	0.00145	0.01015	0.00362	0.00290	0.00652
28	0.01517	0.16773	0.39116	0.01429	0.02029	0.22345	0.01552	0.05944	0.01372	0.01687	0.00950	0.01099	0.00731	0.00545	0.00498	0.00158	0.00828	0.00386	0.00270	0.00770
29	0.01328	0.01518	0.03321	0.02372	0.02941	0.01423	0.74668	0.01803	0.01328	0.01803	0.01139	0.01518	0.00854	0.00474	0.00664	0.00190	0.00949	0.00664	0.00285	0.00759
30	0.00818	0.00546	0.00614	0.00614	0.00614	0.00546	0.00341	0.00818	0.00818	0.01091	0.01773	0.03683	0.02046	0.80222	0.02864	0.00546	0.00546	0.00818	0.00341	0.00341
31	0.02367	0.13306	0.01561	0.00995	0.01438	0.01044	0.00848	0.02579	0.01538	0.65346	0.01997	0.01758	0.01289	0.00663	0.00534	0.00166	0.00498	0.00525	0.00626	0.00921
32	0.01180	0.14178	0.01643	0.06105	0.20423	0.01110	0.02358	0.02891	0.01417	0.04823	0.32061	0.02629	0.05314	0.00810	0.00575	0.00166	0.00481	0.00709	0.00440	0.00687
33	0.01151	0.02678	0.65777	0.04163	0.02544	0.01319	0.11008	0.01774	0.01203	0.01774	0.01025	0.01239	0.00731	0.00528	0.00552	0.00180	0.00844	0.00449	0.00244	0.00816
34	0.01817	0.02207	0.01637	0.01459	0.01654	0.52999	0.01134	0.01955	0.01355	0.01370	0.00827	0.01086	0.00729	0.00713	0.00946	0.00178	0.26614	0.00405	0.00276	0.00640
35	0.01245	0.11028	0.45107	0.01948	0.13933	0.01433	0.14001	0.01766	0.01221	0.01744	0.01014	0.01243	0.00765	0.00514	0.00541	0.00172	0.00800	0.00458	0.00252	0.00817
36	0.01238	0.01532	0.14032	0.24948	0.23612	0.01331	0.21761	0.01672	0.01234	0.01703	0.01056	0.01427	0.00812	0.00517	0.00585	0.00181	0.00795	0.00532	0.00266	0.00768
37	0.00686	0.00490	0.00653	0.00784	0.00816	0.00457	0.00522	0.00784	0.01077	0.01437	0.03102	0.79855	0.03722	0.01763	0.00718	0.00229	0.00326	0.01600	0.00522	0.00457
38	0.01086	0.01087	0.02048	0.40799	0.03058	0.01175	0.25325	0.01449	0.01189	0.01559	0.01463	0.12638	0.03166	0.00725	0.00620	0.00194	0.00744	0.00726	0.00307	0.00641
39	0.01459	0.03189	0.03309	0.02060	0.25530	0.14489	0.11502	0.07942	0.08507	0.01875	0.01529	0.11932	0.02685	0.00736	0.00584	0.00177	0.00691	0.00667	0.00369	0.00767
40	0.01318	0.34002	0.27844	0.01403	0.01937	0.01757	0.08931	0.01679	0.01134	0.01532	0.00889	0.01113	0.00735	0.00577	0.00681	0.00166	0.12906	0.00407	0.00245	0.00746
41	0.01534	0.00997	0.01184	0.01005	0.01289	0.02326	0.00805	0.22976	0.03218	0.16187	0.04976	0.02332	0.10172	0.01946	0.25932	0.00414	0.00834	0.00649	0.00495	0.00729
42	0.13094	0.01456	0.08139	0.04237	0.14605	0.01403	0.25516	0.05636	0.04406	0.04658	0.01110	0.01380	0.00858	0.00587	0.00721	0.00188	0.10385	0.00528	0.00325	0.00767
43	0.01372	0.04046	0.02562	0.01870	0.02321	0.04256	0.47161	0.01884	0.09384	0.06163	0.01500	0.09096	0.01255	0.00659	0.00652	0.00188	0.02094	0.00716	0.02080	0.00743
44	0.01032	0.00605	0.00797	0.00824	0.00947	0.00563	0.00588	0.01226	0.03994	0.14172	0.12007	0.54625	0.03457	0.01473	0.00681	0.00212	0.00349	0.01320	0.00565	0.00566
45	0.01048	0.01982	0.43361	0.01416	0.01987	0.01071	0.10303	0.01553	0.01326	0.01918	0.22861	0.02299	0.02155	0.00745	0.00597	0.00182	0.00670	0.03438	0.00364	0.00724
46	0.01302	0.08130	0.05696	0.20200	0.02972	0.01458	0.45748	0.04364	0.01307	0.01739	0.01079	0.01443	0.00817	0.00505	0.00606	0.00182	0.00856	0.00580	0.00281	0.00734
47	0.01430	0.01599	0.01774	0.44289	0.02992	0.26405	0.06551	0.01724	0.01280	0.01440	0.00954	0.01329	0.00749	0.00583	0.00615	0.00177	0.04733	0.00466	0.00265	0.00643
48	0.00680	0.00513	0.00629	0.00721	0.00800	0.00462	0.00494	0.00791	0.01138	0.01461	0.03869	0.57885	0.25197	0.01663	0.00703	0.00217	0.00314	0.01478	0.00522	0.00462
49	0.04951	0.06862	0.08001	0.22399	0.02213	0.01291	0.01194	0.10188	0.04491	0.24964	0.01425	0.01524	0.00999	0.00646	0.00632	0.00180	0.06308	0.00497	0.00437	0.00798
50	0.01469	0.01750	0.21197	0.01423	0.03355	0.03436	0.07129	0.16211	0.25901	0.03850	0.03047	0.01751	0.03635	0.00686	0.00601	0.00182	0.02523	0.00566	0.00442	0.00846
51	0.01284	0.00664	0.00881	0.00866	0.01035	0.00611	0.00632	0.01481	0.04374	0.24838	0.02795	0.52527	0.02919	0.01392	0.00665	0.00210	0.00379	0.01240	0.00578	0.00630
52	0.01205	0.02376	0.48873	0.01899	0.02630	0.01352	0.29976	0.01790	0.01242	0.01790	0.01059	0.01315	0.00767	0.00511	0.00584	0.00183	0.00877	0.00511	0.00256	0.00804
53	0.04470	0.03751	0.02024	0.10588	0.02158	0.01311	0.27270	0.01949	0.22672	0.01839	0.01553	0.05213	0.01298	0.07384	0.00838	0.00221	0.03703	0.00658	0.00378	0.00720
54	0.01129	0.01455	0.15160	0.08810	0.03540	0.01150	0.29767	0.04088	0.03817	0.01772	0.02330	0.02480	0.20444	0.00757	0.00624	0.00187	0.00705	0.00732	0.00354	0.00699

[dist]
# distance from previous block
# <min> <max>
0	1

[block]
# block no. 4 follows, 42 sequences, length 53
# corresponding to MSA columns:
# 329-339,348-389
name=unknown_E
#
# <colnr> <probs for GDERKNQSTAVLIFYWHMCP>
#	G	D	E	R	K	N	Q	S	T	A	V	L	I	F	Y	W	H	M	C	P
0	0.01177	0.00662	0.00833	0.00748	0.00963	0.00584	0.00575	0.01387	0.01481	0.20332	0.34594	0.08836	0.23309	0.01152	0.00644	0.00183	0.00327	0.00990	0.00606	0.00616
1	0.02055	0.04316	0.01565	0.05280	0.16300	0.01038	0.01041	0.02403	0.06893	0.47831	0.04126	0.01834	0.01378	0.00662	0.00559	0.00173	0.00525	0.00558	0.00563	0.00901
2	0.01975	0.06866	0.10009	0.01377	0.01801	0.35079	0.01182	0.30748	0.01938	0.02273	0.01070	0.01160	0.00815	0.00607	0.00524	0.00157	0.00815	0.00421	0.00389	0.00796
3	0.01049	0.00525	0.00525	0.00525	0.00656	0.00525	0.00393	0.01311	0.01180	0.02098	0.01836	0.02098	0.01442	0.00656	0.00393	0.00131	0.00262	0.00525	0.83346	0.00525
4	0.06267	0.14918	0.26056	0.03273	0.01849	0.04206	0.01301	0.13502	0.06898	0.10649	0.02971	0.01371	0.01008	0.00596	0.00506	0.00164	0.00650	0.00450	0.00386	0.02980
5	0.01238	0.01195	0.01765	0.54638	0.07959	0.05909	0.03333	0.06191	0.01238	0.01595	0.00995	0.01428	0.00772	0.00608	0.00693	0.00189	0.08814	0.00496	0.00275	0.00667
6	0.01049	0.00525	0.00525	0.00525	0.00656	0.00525	0.00393	0.01311	0.01180	0.02098	0.01836	0.02098	0.01442	0.00656	0.00393	0.00131	0.00262	0.00525	0.83346	0.00525
7	0.04224	0.01371	0.05553	0.07815	0.02464	0.01289	0.40453	0.01974	0.03210	0.18307	0.01350	0.01566	0.00964	0.00577	0.00699	0.00189	0.06238	0.00595	0.00377	0.00784
8	0.05566	0.01581	0.13755	0.06675	0.05051	0.01338	0.30176	0.12531	0.03116	0.10048	0.01283	0.01482	0.00925	0.00557	0.00583	0.00180	0.00752	0.00554	0.03042	0.00804
9	0.00807	0.00621	0.00739	0.00815	0.00860	0.03046	0.00550	0.02785	0.01088	0.01434	0.02703	0.60978	0.03199	0.13776	0.01075	0.00274	0.02932	0.01375	0.00479	0.00464
10	0.17122	0.17620	0.20318	0.01342	0.04832	0.08544	0.06689	0.05694	0.01278	0.01879	0.01217	0.01607	0.03052	0.00629	0.00496	0.00169	0.00679	0.05796	0.00316	0.00722
11	0.08584	0.01417	0.02379	0.04125	0.02309	0.05624	0.40001	0.04402	0.09543	0.12103	0.01360	0.01544	0.00991	0.00566	0.00625	0.00184	0.02490	0.00587	0.00385	0.00781
12	0.01330	0.14206	0.17956	0.17678	0.07854	0.01426	0.21235	0.01743	0.01249	0.06517	0.02862	0.01428	0.00925	0.00538	0.00554	0.00173	0.00762	0.00512	0.00295	0.00757
13	0.00855	0.00711	0.01085	0.16581	0.01622	0.00746	0.05760	0.01133	0.05921	0.01526	0.02493	0.52412	0.02794	0.01367	0.00675	0.00216	0.00465	0.02644	0.00455	0.00540
14	0.05142	0.22575	0.09659	0.06151	0.01795	0.08506	0.06189	0.10491	0.11490	0.01893	0.01374	0.07526	0.01204	0.00697	0.00519	0.00168	0.00646	0.02864	0.00367	0.00742
15	0.03790	0.01272	0.03794	0.06639	0.20320	0.01281	0.21077	0.03115	0.17270	0.01916	0.03123	0.07435	0.01365	0.02507	0.00679	0.00195	0.02409	0.00665	0.00374	0.00772
16	0.00938	0.00710	0.00977	0.07075	0.09409	0.00720	0.00752	0.03369	0.03794	0.01865	0.20841	0.26849	0.04959	0.01234	0.02962	0.00209	0.00420	0.01002	0.11338	0.00576
17	0.05131	0.01067	0.08998	0.00999	0.01291	0.02845	0.03052	0.05716	0.06160	0.16033	0.07753	0.26749	0.07389	0.01083	0.00611	0.00192	0.00465	0.00937	0.02853	0.00676
18	0.16947	0.01655	0.22809	0.01821	0.21776	0.01248	0.03094	0.01918	0.10031	0.07484	0.01324	0.03230	0.01049	0.00616	0.00526	0.00179	0.00625	0.02505	0.00358	0.00803
19	0.01281	0.18497	0.28913	0.01764	0.02394	0.01526	0.31944	0.01750	0.01248	0.01708	0.03115	0.01349	0.00901	0.00516	0.00556	0.00171	0.00817	0.00512	0.00268	0.00770
20	0.02001	0.02501	0.01656	0.04801	0.08040	0.68458	0.01160	0.02171	0.01549	0.01418	0.00891	0.01066	0.00740	0.00573	0.00514	0.00149	0.00975	0.00380	0.00287	0.00671
21	0.12986	0.01194	0.01983	0.22061	0.16743	0.01271	0.18049	0.03593	0.01245	0.07738	0.01195	0.04645	0.00959	0.00602	0.00604	0.00184	0.03323	0.00561	0.00331	0.00732
22	0.01418	0.20848	0.12433	0.01261	0.01708	0.01490	0.09130	0.06456	0.23141	0.06035	0.04279	0.06566	0.01433	0.00699	0.00537	0.00171	0.00591	0.00590	0.00418	0.00794
23	0.00686	0.00490	0.00653	0.00784	0.00816	0.00457	0.00522	0.00784	0.01077	0.01437	0.03102	0.79855	0.03722	0.01763	0.00718	0.00229	0.00326	0.01600	0.00522	0.00457
24	0.05177	0.01069	0.02675	0.20095	0.01999	0.01129	0.01029	0.07301	0.14753	0.24619	0.05460	0.02023	0.05475	0.00737	0.00619	0.00184	0.03772	0.00597	0.00501	0.00786
25	0.09966	0.03509	0.01498	0.01235	0.01600	0.36114	0.00973	0.15959	0.01727	0.20243	0.01278	0.01285	0.00920	0.00619	0.00514	0.00159	0.00747	0.00432	0.00444	0.00781
26	0.01505	0.80561	0.02949	0.00963	0.01444	0.02227	0.00963	0.01685	0.01143	0.01324	0.00782	0.00903	0.00722	0.00481	0.00361	0.00120	0.00602	0.00301	0.00241	0.00722
27	0.00789	0.00570	0.00746	0.00713	0.00839	0.00526	0.00530	0.01044	0.01560	0.02204	0.71686	0.09083	0.05208	0.01190	0.00667	0.00180	0.00269	0.01055	0.00613	0.00526
28	0.01554	0.34561	0.13353	0.01732	0.20067	0.06586	0.01328	0.09267	0.01380	0.03907	0.00988	0.01146	0.00806	0.00526	0.00470	0.00148	0.00676	0.00399	0.00299	0.00806
29	0.00907	0.00648	0.00907	0.01036	0.01166	0.00648	0.00907	0.01166	0.01296	0.01684	0.02980	0.06348	0.03239	0.01555	0.00777	0.00259	0.00518	0.72924	0.00518	0.00518
30	0.00809	0.00578	0.00795	0.00925	0.01012	0.00564	0.00737	0.00997	0.01199	0.01575	0.03034	0.38793	0.03452	0.01647	0.00751	0.00246	0.00434	0.41443	0.00520	0.00491
31	0.01393	0.01337	0.02284	0.03454	0.76712	0.01337	0.01727	0.01727	0.01281	0.01839	0.01059	0.01393	0.00891	0.00501	0.00557	0.00167	0.00669	0.00501	0.00279	0.00891
32	0.01220	0.01052	0.01101	0.01004	0.01291	0.01173	0.00777	0.02456	0.57475	0.02150	0.03126	0.02912	0.20024	0.00926	0.00595	0.00191	0.00406	0.00771	0.00560	0.00789
33	0.00686	0.00490	0.00653	0.00784	0.00816	0.00457	0.00522	0.00784	0.01077	0.01437	0.03102	0.79855	0.03722	0.01763	0.00718	0.00229	0.00326	0.01600	0.00522	0.00457
34	0.00863	0.00645	0.00809	0.00756	0.00909	0.00626	0.00570	0.01273	0.09714	0.02267	0.68291	0.03973	0.04916	0.01108	0.00654	0.00179	0.00285	0.00976	0.00614	0.00570
35	0.00811	0.00574	0.00756	0.00756	0.00806	0.00623	0.00519	0.00910	0.00861	0.01197	0.01643	0.02961	0.01732	0.42938	0.39720	0.00722	0.01017	0.00713	0.00322	0.00420
36	0.01063	0.01000	0.01688	0.78870	0.03876	0.01250	0.01563	0.01438	0.01125	0.01438	0.01000	0.01500	0.00750	0.00563	0.00563	0.00188	0.00750	0.00500	0.00250	0.00625
37	0.00686	0.00490	0.00653	0.00784	0.00816	0.00457	0.00522	0.00784	0.01077	0.01437	0.03102	0.79855	0.03722	0.01763	0.00718	0.00229	0.00326	0.01600	0.00522	0.00457
38	0.02102	0.02682	0.01595	0.01450	0.01740	0.77963	0.01087	0.02247	0.01595	0.01377	0.00870	0.01015	0.00725	0.00580	0.00507	0.00145	0.01015	0.00362	0.00290	0.00652
39	0.00796	0.00575	0.00752	0.00708	0.00841	0.00531	0.00531	0.01062	0.01593	0.02257	0.76415	0.04204	0.05310	0.01150	0.00664	0.00177	0.00265	0.01018	0.00619	0.00531
40	0.01328	0.01518	0.03321	0.02372	0.02941	0.01423	0.74668	0.01803	0.01328	0.01803	0.01139	0.01518	0.00854	0.00474	0.00664	0.00190	0.00949	0.00664	0.00285	0.00759
41	0.00665	0.00570	0.00570	0.00570	0.00760	0.00475	0.00428	0.00808	0.01283	0.01520	0.05701	0.05416	0.76483	0.01425	0.00665	0.00190	0.00285	0.01188	0.00523	0.00475
42	0.01129	0.02911	0.77306	0.01604	0.02436	0.01307	0.02079	0.01782	0.01188	0.01782	0.01010	0.01188	0.00713	0.00535	0.00535	0.00178	0.00832	0.00416	0.00238	0.00832
43	0.01508	0.01263	0.01508	0.30124	0.02377	0.07322	0.01164	0.28224	0.01697	0.02237	0.01236	0.01530	0.00947	0.01013	0.09032	0.00252	0.00770	0.00505	0.06564	0.00727
44	0.00804	0.00603	0.00904	0.00904	0.01005	0.00703	0.00703	0.01005	0.00904	0.01306	0.01507	0.02211	0.01407	0.04221	0.77992	0.00904	0.01507	0.00603	0.00301	0.00502
45	0.01328	0.01518	0.03321	0.02372	0.02941	0.01423	0.74668	0.01803	0.01328	0.01803	0.01139	0.01518	0.00854	0.00474	0.00664	0.00190	0.00949	0.00664	0.00285	0.00759
46	0.01505	0.80561	0.02949	0.00963	0.01444	0.02227	0.00963	0.01685	0.01143	0.01324	0.00782	0.00903	0.00722	0.00481	0.00361	0.00120	0.00602	0.00301	0.00241	0.00722
47	0.01388	0.01182	0.02081	0.07408	0.02164	0.01187	0.31543	0.03958	0.11538	0.10672	0.03385	0.02368	0.03939	0.00737	0.00665	0.00194	0.02870	0.08567	0.03410	0.00743
48	0.00851	0.00733	0.01068	0.33137	0.02066	0.00801	0.00923	0.01087	0.01188	0.01518	0.09208	0.18086	0.22072	0.03948	0.00712	0.00208	0.00494	0.00954	0.00411	0.00534
49	0.01063	0.01000	0.01688	0.78870	0.03876	0.01250	0.01563	0.01438	0.01125	0.01438	0.01000	0.01500	0.00750	0.00563	0.00563	0.00188	0.00750	0.00500	0.00250	0.00625
50	0.01195	0.06760	0.15088	0.07329	0.01829	0.05239	0.07927	0.04587	0.07944	0.01701	0.03684	0.18308	0.01613	0.00910	0.00792	0.00197	0.13114	0.00742	0.00363	0.00679
51	0.49696	0.01214	0.01223	0.01253	0.12055	0.02982	0.00869	0.11400	0.03532	0.09502	0.01078	0.01171	0.00804	0.00564	0.00437	0.00172	0.00510	0.00395	0.00404	0.00737
52	0.03562	0.04886	0.22944	0.02188	0.27628	0.07735	0.09528	0.01888	0.05847	0.04090	0.01129	0.01339	0.00874	0.00533	0.00542	0.00168	0.00737	0.00476	0.00302	0.03603

[dist]
# distance from previous block
# <min> <max>
8	26

[block]
# block no. 5 follows, 42 sequences, length 7
# corresponding to MSA columns:
# 416-422
name=unknown_F
#
# <colnr> <probs for GDERKNQSTAVLIFYWHMCP>
#	G	D	E	R	K	N	Q	S	T	A	V	L	I	F	Y	W	H	M	C	P
0	0.01831	0.01342	0.01443	0.05137	0.01637	0.07619	0.00971	0.30330	0.12535	0.15052	0.10903	0.01882	0.01641	0.00751	0.00631	0.00176	0.04154	0.00586	0.00541	0.00837
1	0.05447	0.01047	0.01270	0.01361	0.14057	0.01091	0.00897	0.21968	0.07409	0.02303	0.08311	0.14386	0.16146	0.00991	0.00603	0.00184	0.00469	0.00843	0.00495	0.00722
2	0.01664	0.15675	0.01664	0.01046	0.01496	0.01394	0.00880	0.21919	0.12523	0.09801	0.01367	0.01381	0.01032	0.00578	0.00484	0.00138	0.00516	0.00442	0.00451	0.25548
3	0.01663	0.03654	0.06896	0.01257	0.01653	0.13058	0.07691	0.19510	0.06740	0.10062	0.04898	0.06370	0.01395	0.04669	0.00673	0.00184	0.00643	0.00592	0.00448	0.07943
4	0.01258	0.00716	0.00919	0.00850	0.01010	0.00702	0.00616	0.01483	0.12605	0.14363	0.01821	0.15635	0.01708	0.06600	0.01344	0.31210	0.00451	0.00732	0.00433	0.05545
5	0.08090	0.01740	0.10439	0.01367	0.01848	0.13186	0.10800	0.24107	0.04795	0.02351	0.01143	0.01268	0.00863	0.00565	0.00523	0.00155	0.00692	0.00454	0.00390	0.15226
6	0.01307	0.01308	0.19387	0.01089	0.01447	0.00942	0.03687	0.09814	0.01283	0.09944	0.01408	0.01714	0.01107	0.01451	0.14337	0.13171	0.00741	0.00514	0.14692	0.00656

[dist]
# distance from previous block
# <min> <max>
0	1

[block]
# block no. 6 follows, 42 sequences, length 137
# corresponding to MSA columns:
# 424-560
name=unknown_G
#
# <colnr> <probs for GDERKNQSTAVLIFYWHMCP>
#	G	D	E	R	K	N	Q	S	T	A	V	L	I	F	Y	W	H	M	C	P
0	0.04077	0.06316	0.03140	0.03422	0.03763	0.01063	0.08318	0.07752	0.01337	0.07936	0.01121	0.01269	0.00873	0.00483	0.00471	0.00121	0.00531	0.00408	0.00365	0.47235
1	0.00729	0.00534	0.00685	0.00728	0.00820	0.00490	0.00515	0.00901	0.01313	0.01784	0.33605	0.40259	0.12610	0.01472	0.00690	0.00203	0.00297	0.01313	0.00562	0.00490
2	0.03439	0.01445	0.01514	0.21972	0.02175	0.19900	0.03598	0.01677	0.01255	0.03602	0.00985	0.01249	0.00789	0.00541	0.00574	0.00144	0.05335	0.00411	0.00304	0.29092
3	0.07736	0.03541	0.01413	0.05096	0.01625	0.03293	0.00945	0.18835	0.38503	0.10228	0.01819	0.01735	0.01331	0.00697	0.00545	0.00180	0.00521	0.00553	0.00534	0.00868
4	0.01231	0.01231	0.01724	0.01477	0.01477	0.01724	0.01231	0.01354	0.00862	0.01354	0.00739	0.01231	0.00739	0.00985	0.01847	0.00246	0.79192	0.00492	0.00246	0.00616
5	0.01425	0.01222	0.01287	0.01150	0.01473	0.01412	0.00897	0.05468	0.73176	0.02395	0.02258	0.02074	0.01692	0.00760	0.00572	0.00190	0.00451	0.00632	0.00572	0.00893
6	0.00686	0.00490	0.00653	0.00784	0.00816	0.00457	0.00522	0.00784	0.01077	0.01437	0.03102	0.79855	0.03722	0.01763	0.00718	0.00229	0.00326	0.01600	0.00522	0.00457
7	0.43579	0.09171	0.01248	0.00902	0.01281	0.01307	0.00758	0.07918	0.07529	0.17285	0.01304	0.01401	0.00972	0.00615	0.00441	0.00172	0.00479	0.02450	0.00448	0.00739
8	0.01167	0.01000	0.01167	0.00834	0.01334	0.00750	0.00667	0.01417	0.01167	0.01834	0.01000	0.01167	0.00834	0.00417	0.00417	0.00083	0.00417	0.00333	0.00333	0.83663
9	0.00686	0.00490	0.00653	0.00784	0.00816	0.00457	0.00522	0.00784	0.01077	0.01437	0.03102	0.79855	0.03722	0.01763	0.00718	0.00229	0.00326	0.01600	0.00522	0.00457
10	0.00686	0.00490	0.00653	0.00784	0.00816	0.00457	0.00522	0.00784	0.01077	0.01437	0.03102	0.79855	0.03722	0.01763	0.00718	0.00229	0.00326	0.01600	0.00522	0.00457
11	0.01545	0.01811	0.02684	0.02196	0.10052	0.22550	0.44419	0.01902	0.01381	0.01673	0.01042	0.01357	0.00818	0.00524	0.00651	0.00177	0.03637	0.00558	0.00284	0.00738
12	0.02428	0.01071	0.01371	0.01056	0.01490	0.01001	0.00871	0.15152	0.03831	0.62387	0.02073	0.01823	0.01327	0.00695	0.00566	0.00174	0.00502	0.00558	0.00670	0.00956
13	0.00804	0.00603	0.00904	0.00904	0.01005	0.00703	0.00703	0.01005	0.00904	0.01306	0.01507	0.02211	0.01407	0.04221	0.77992	0.00904	0.01507	0.00603	0.00301	0.00502
14	0.01401	0.59129	0.23472	0.01140	0.01718	0.01973	0.01271	0.01712	0.01156	0.01450	0.00845	0.00982	0.00720	0.00496	0.00409	0.00136	0.00665	0.00333	0.00240	0.00752
15	0.01129	0.02911	0.77306	0.01604	0.02436	0.01307	0.02079	0.01782	0.01188	0.01782	0.01010	0.01188	0.00713	0.00535	0.00535	0.00178	0.00832	0.00416	0.00238	0.00832
16	0.01582	0.01108	0.01290	0.01147	0.01451	0.01189	0.00958	0.29077	0.13338	0.08964	0.02200	0.03445	0.01993	0.01030	0.00647	0.00208	0.00541	0.28496	0.00559	0.00777
17	0.00680	0.00537	0.00615	0.00676	0.00795	0.00471	0.00481	0.00806	0.01193	0.01488	0.04487	0.38247	0.42574	0.01577	0.00691	0.00209	0.00309	0.03173	0.00522	0.00468
18	0.01484	0.01032	0.01581	0.51383	0.04431	0.01179	0.01328	0.07920	0.01366	0.18449	0.01326	0.01595	0.00933	0.00603	0.00558	0.00181	0.00663	0.00516	0.02742	0.00729
19	0.01401	0.59129	0.23472	0.01140	0.01718	0.01973	0.01271	0.01712	0.01156	0.01450	0.00845	0.00982	0.00720	0.00496	0.00409	0.00136	0.00665	0.00333	0.00240	0.00752
20	0.01393	0.01337	0.02284	0.03454	0.76712	0.01337	0.01727	0.01727	0.01281	0.01839	0.01059	0.01393	0.00891	0.00501	0.00557	0.00167	0.00669	0.00501	0.00279	0.00891
21	0.01464	0.30508	0.27051	0.01249	0.01810	0.04153	0.01329	0.08098	0.13560	0.03959	0.01196	0.01263	0.00921	0.00571	0.00481	0.00157	0.00663	0.00421	0.00336	0.00810
22	0.01831	0.25834	0.11738	0.01196	0.01664	0.01478	0.04915	0.05530	0.01377	0.29659	0.01387	0.01399	0.00990	0.00624	0.00622	0.00165	0.07875	0.00460	0.00428	0.00827
23	0.00686	0.00490	0.00653	0.00784	0.00816	0.00457	0.00522	0.00784	0.01077	0.01437	0.03102	0.79855	0.03722	0.01763	0.00718	0.00229	0.00326	0.01600	0.00522	0.00457
24	0.00709	0.00540	0.00653	0.00692	0.00804	0.00483	0.00493	0.00868	0.01288	0.01691	0.24195	0.34376	0.28205	0.01482	0.00686	0.00202	0.00296	0.01303	0.00549	0.00483
25	0.01680	0.01393	0.02496	0.02014	0.09900	0.05151	0.40597	0.03431	0.02941	0.20808	0.01454	0.03081	0.01061	0.00573	0.00618	0.00182	0.00777	0.00622	0.00404	0.00818
26	0.01326	0.01510	0.03275	0.02346	0.02899	0.01432	0.72572	0.01790	0.01315	0.01790	0.01127	0.01510	0.00851	0.00489	0.00698	0.00191	0.03182	0.00659	0.00284	0.00755
27	0.00806	0.00595	0.00865	0.00865	0.00952	0.00682	0.00654	0.00980	0.00893	0.01277	0.01543	0.02410	0.01493	0.14518	0.67813	0.00856	0.01377	0.00632	0.00307	0.00481
28	0.01675	0.01991	0.22515	0.01662	0.12755	0.16717	0.01392	0.13496	0.05681	0.10315	0.03304	0.01565	0.01103	0.00637	0.00553	0.00171	0.00727	0.02523	0.00392	0.00824
29	0.01645	0.03791	0.09530	0.01456	0.01919	0.03545	0.15852	0.16823	0.26808	0.10163	0.01653	0.01659	0.01202	0.00645	0.00577	0.00180	0.00644	0.00569	0.00475	0.00867
30	0.01168	0.11011	0.69550	0.01537	0.02332	0.01403	0.01963	0.01772	0.01183	0.01734	0.00986	0.01158	0.00714	0.00529	0.00517	0.00172	0.00808	0.00404	0.00238	0.00820
31	0.00782	0.00530	0.00625	0.00661	0.00670	0.00521	0.00391	0.00809	0.00890	0.01187	0.02140	0.24706	0.02509	0.58567	0.02272	0.00458	0.00485	0.01034	0.00391	0.00373
32	0.01411	0.04432	0.52367	0.01380	0.02057	0.01163	0.01647	0.01925	0.01312	0.18012	0.07707	0.01594	0.01252	0.00621	0.00548	0.00176	0.00701	0.00496	0.00369	0.00830
33	0.05885	0.01241	0.01654	0.01382	0.01556	0.03656	0.08511	0.11508	0.05383	0.01834	0.01362	0.09638	0.03583	0.00937	0.01204	0.00216	0.38777	0.00644	0.00356	0.00672
34	0.00818	0.00546	0.00614	0.00614	0.00614	0.00546	0.00341	0.00818	0.00818	0.01091	0.01773	0.03683	0.02046	0.80222	0.02864	0.00546	0.00546	0.00818	0.00341	0.00341
35	0.01616	0.01188	0.01299	0.01130	0.01473	0.01326	0.00890	0.06611	0.60214	0.14279	0.02231	0.02032	0.01628	0.00748	0.00571	0.00187	0.00460	0.00618	0.00592	0.00905
36	0.75302	0.01261	0.00910	0.00817	0.01159	0.09574	0.00661	0.01719	0.01027	0.02401	0.00793	0.00925	0.00622	0.00529	0.00366	0.00171	0.00498	0.00311	0.00342	0.00614
37	0.01226	0.08162	0.51221	0.02009	0.18889	0.01387	0.05830	0.01764	0.01213	0.01762	0.01011	0.01231	0.00761	0.00520	0.00534	0.00172	0.00785	0.00440	0.00249	0.00833
38	0.00699	0.00495	0.00649	0.00766	0.00796	0.00466	0.00504	0.00787	0.01051	0.01402	0.02967	0.72119	0.03552	0.09732	0.00936	0.00261	0.00349	0.01520	0.00504	0.00445
39	0.01393	0.01337	0.02284	0.03454	0.76712	0.01337	0.01727	0.01727	0.01281	0.01839	0.01059	0.01393	0.00891	0.00501	0.00557	0.00167	0.00669	0.00501	0.00279	0.00891
40	0.01220	0.01158	0.01955	0.46677	0.22161	0.01310	0.07688	0.03881	0.05233	0.01685	0.01107	0.01502	0.00853	0.00554	0.00570	0.00182	0.00726	0.00522	0.00287	0.00729
41	0.01578	0.00786	0.01004	0.00848	0.01130	0.00719	0.00671	0.01913	0.07297	0.34237	0.29309	0.03116	0.10458	0.00938	0.00606	0.00177	0.00373	0.00796	0.03309	0.00736
42	0.00685	0.00492	0.00651	0.00777	0.00815	0.00458	0.00520	0.00784	0.01083	0.01439	0.03178	0.77675	0.05853	0.01753	0.00717	0.00227	0.00325	0.01588	0.00522	0.00458
43	0.01129	0.02911	0.77306	0.01604	0.02436	0.01307	0.02079	0.01782	0.01188	0.01782	0.01010	0.01188	0.00713	0.00535	0.00535	0.00178	0.00832	0.00416	0.00238	0.00832
44	0.01143	0.05876	0.74467	0.01580	0.02398	0.01342	0.02037	0.01779	0.01186	0.01765	0.01001	0.01177	0.00713	0.00533	0.00528	0.00176	0.00823	0.00411	0.00238	0.00828
45	0.02102	0.02682	0.01595	0.01450	0.01740	0.77963	0.01087	0.02247	0.01595	0.01377	0.00870	0.01015	0.00725	0.00580	0.00507	0.00145	0.01015	0.00362	0.00290	0.00652
46	0.05466	0.04059	0.22362	0.01326	0.01784	0.21094	0.01258	0.02369	0.30602	0.01927	0.01461	0.01482	0.01107	0.00634	0.00529	0.00173	0.00702	0.00481	0.00388	0.00795
47	0.01574	0.01212	0.01835	0.24781	0.25424	0.01300	0.03470	0.14863	0.03413	0.12571	0.01338	0.01637	0.01011	0.00610	0.00570	0.00178	0.00656	0.02345	0.00393	0.00821
48	0.00686	0.00490	0.00653	0.00784	0.00816	0.00457	0.00522	0.00784	0.01077	0.01437	0.03102	0.79855	0.03722	0.01763	0.00718	0.00229	0.00326	0.01600	0.00522	0.00457
49	0.00980	0.00957	0.01841	0.01492	0.01757	0.00912	0.32716	0.01242	0.01180	0.01593	0.02184	0.43656	0.02394	0.01182	0.00726	0.00212	0.02810	0.01163	0.00411	0.00593
50	0.01301	0.01411	0.02892	0.06756	0.16933	0.01373	0.51904	0.01719	0.01285	0.01763	0.01171	0.04186	0.00951	0.00544	0.00676	0.00188	0.03246	0.00651	0.00289	0.00762
51	0.01686	0.01507	0.06673	0.01666	0.02160	0.01438	0.29317	0.25821	0.09905	0.09500	0.03540	0.01620	0.01149	0.00615	0.00604	0.00181	0.00716	0.00596	0.00452	0.00855
52	0.01515	0.01524	0.02081	0.01634	0.02023	0.16820	0.29933	0.07675	0.06941	0.05816	0.05739	0.04371	0.03673	0.00739	0.00624	0.00185	0.00763	0.06819	0.00403	0.00723
53	0.01160	0.09282	0.71205	0.01551	0.02354	0.01382	0.01988	0.01774	0.01184	0.01745	0.00991	0.01165	0.00714	0.00530	0.00520	0.00173	0.00813	0.00406	0.00238	0.00823
54	0.01428	0.01880	0.20879	0.01784	0.02334	0.06008	0.30258	0.10383	0.13501	0.02051	0.01292	0.01475	0.00961	0.00578	0.00625	0.00183	0.02661	0.00558	0.00351	0.00811
55	0.00715	0.00520	0.00670	0.00757	0.00824	0.00482	0.00526	0.00846	0.01174	0.01562	0.13704	0.55098	0.11478	0.04337	0.00782	0.00230	0.00331	0.04968	0.00530	0.00468
56	0.01091	0.01029	0.01738	0.72503	0.10025	0.01258	0.01577	0.01462	0.01138	0.01472	0.01005	0.01491	0.00762	0.00557	0.00562	0.00186	0.00743	0.00500	0.00252	0.00648
57	0.01491	0.01022	0.01663	0.51179	0.06910	0.01143	0.03595	0.01824	0.01273	0.22353	0.01344	0.01610	0.00938	0.00594	0.00566	0.00183	0.00677	0.00523	0.00376	0.00735
58	0.17266	0.45852	0.14680	0.01046	0.01556	0.01823	0.01081	0.05800	0.01213	0.04007	0.00895	0.01007	0.00732	0.00515	0.00405	0.00144	0.00605	0.00340	0.00292	0.00739
59	0.16431	0.00906	0.01425	0.01219	0.03344	0.00894	0.19143	0.01309	0.01279	0.01988	0.24223	0.20748	0.02831	0.00993	0.00615	0.00192	0.00493	0.00921	0.00453	0.00594
60	0.51868	0.01140	0.01053	0.03267	0.01331	0.01294	0.00750	0.08273	0.15539	0.08784	0.01249	0.01281	0.00922	0.00598	0.00435	0.00177	0.00466	0.00414	0.00436	0.00723
61	0.50514	0.01493	0.01124	0.00977	0.01323	0.17750	0.00781	0.13831	0.01379	0.02434	0.00928	0.01044	0.00717	0.00564	0.00419	0.00166	0.00584	0.00357	0.02940	0.00673
62	0.00978	0.00489	0.00733	0.00733	0.00733	0.00489	0.00489	0.00733	0.00733	0.00978	0.00978	0.01711	0.00978	0.01955	0.02199	0.83627	0.00489	0.00489	0.00244	0.00244
63	0.01407	0.01065	0.01693	0.46877	0.02999	0.01206	0.07414	0.01933	0.11788	0.15810	0.01424	0.01665	0.01017	0.00609	0.00573	0.00186	0.00673	0.00545	0.00382	0.00736
64	0.01339	0.06860	0.56440	0.01464	0.02180	0.01352	0.01760	0.05996	0.07702	0.07861	0.01222	0.01317	0.00867	0.00572	0.00532	0.00175	0.00746	0.00445	0.00321	0.00848
65	0.01129	0.02911	0.77306	0.01604	0.02436	0.01307	0.02079	0.01782	0.01188	0.01782	0.01010	0.01188	0.00713	0.00535	0.00535	0.00178	0.00832	0.00416	0.00238	0.00832
66	0.01169	0.01109	0.01880	0.54522	0.27391	0.01278	0.01616	0.01531	0.01176	0.01567	0.01019	0.01466	0.00796	0.00543	0.00561	0.00181	0.00724	0.00501	0.00259	0.00711
67	0.01472	0.00890	0.01077	0.00934	0.01211	0.00900	0.00732	0.02163	0.26161	0.22870	0.31442	0.02877	0.03042	0.00897	0.00607	0.00181	0.00384	0.00767	0.00625	0.00768
68	0.01058	0.00830	0.01271	0.50782	0.02721	0.00990	0.01144	0.01392	0.01145	0.01675	0.01300	0.01715	0.00998	0.00596	0.00502	0.00167	0.00575	0.00509	0.30041	0.00589
69	0.00685	0.00492	0.00650	0.00777	0.00815	0.00458	0.00519	0.00784	0.01084	0.01439	0.03182	0.77568	0.05958	0.01753	0.00717	0.00227	0.00325	0.01587	0.00522	0.00458
70	0.01308	0.01482	0.03225	0.02317	0.02868	0.01390	0.71891	0.01771	0.01323	0.01793	0.01210	0.03140	0.00953	0.00519	0.00667	0.00192	0.00929	0.01979	0.00293	0.00749
71	0.02525	0.00958	0.01306	0.01001	0.01437	0.00827	0.00827	0.02743	0.01611	0.77102	0.02220	0.01915	0.01393	0.00697	0.00566	0.00174	0.00479	0.00566	0.00697	0.00958
72	0.01330	0.01513	0.03291	0.02402	0.05024	0.01421	0.72609	0.01801	0.01327	0.01804	0.01136	0.01514	0.00855	0.00475	0.00661	0.00189	0.00941	0.00660	0.00284	0.00763
73	0.00814	0.00545	0.00712	0.00758	0.00852	0.00500	0.00535	0.00971	0.01275	0.05622	0.25480	0.48006	0.08809	0.01500	0.00690	0.00208	0.00313	0.01343	0.00561	0.00507
74	0.29890	0.42526	0.04372	0.00942	0.01385	0.01817	0.00888	0.09478	0.01241	0.01987	0.00850	0.00963	0.00708	0.00518	0.00384	0.00146	0.00554	0.00328	0.00312	0.00712
75	0.00785	0.00575	0.00737	0.00696	0.00834	0.00526	0.00522	0.01041	0.01567	0.02195	0.70445	0.04306	0.11319	0.01174	0.00664	0.00178	0.00267	0.01032	0.00611	0.00526
76	0.00949	0.00515	0.00560	0.00596	0.00700	0.00506	0.00429	0.01166	0.01152	0.01916	0.02185	0.23559	0.02072	0.00961	0.00483	0.00158	0.00280	0.00821	0.60487	0.00506
77	0.01062	0.00986	0.01652	0.76445	0.03776	0.01228	0.01527	0.01434	0.01127	0.01458	0.01026	0.01519	0.00772	0.00566	0.00557	0.00186	0.00735	0.00501	0.02822	0.00622
78	0.02002	0.01455	0.01913	0.01444	0.01907	0.01533	0.14713	0.46712	0.06445	0.13780	0.01491	0.01507	0.01045	0.00646	0.00583	0.00175	0.00650	0.00552	0.00531	0.00917
79	0.01382	0.01326	0.02265	0.05888	0.74361	0.01334	0.01722	0.01718	0.01276	0.01826	0.01057	0.01396	0.00887	0.00503	0.00557	0.00168	0.00671	0.00501	0.00278	0.00883
80	0.02324	0.00913	0.01242	0.00967	0.01367	0.00793	0.00793	0.02547	0.01609	0.68401	0.10845	0.02181	0.01848	0.00749	0.00577	0.00174	0.00454	0.00618	0.00688	0.00908
81	0.01162	0.09882	0.70631	0.01546	0.02347	0.01390	0.01979	0.01773	0.01184	0.01741	0.00989	0.01163	0.00714	0.00530	0.00519	0.00173	0.00811	0.00406	0.00238	0.00822
82	0.01770	0.00874	0.01120	0.00925	0.01241	0.00822	0.00739	0.04298	0.10895	0.39477	0.28104	0.02721	0.02788	0.00863	0.00601	0.00177	0.00404	0.00731	0.00650	0.00800
83	0.01328	0.01518	0.03321	0.02372	0.02941	0.01423	0.74668	0.01803	0.01328	0.01803	0.01139	0.01518	0.00854	0.00474	0.00664	0.00190	0.00949	0.00664	0.00285	0.00759
84	0.19694	0.01157	0.01169	0.01046	0.01373	0.01322	0.00826	0.02645	0.53591	0.06541	0.01969	0.01915	0.01487	0.00723	0.00527	0.00188	0.00447	0.02029	0.00529	0.00825
