[name]
unknown

[dist]
# distance from previous block
# <min> <max>
0	43

[block]
# block no. 0 follows, 47 sequences, length 6
# corresponding to MSA columns:
# 43-48
name=unknown_A
#
# <colnr> <probs for GDERKNQSTAVLIFYWHMCP>
#	G	D	E	R	K	N	Q	S	T	A	V	L	I	F	Y	W	H	M	C	P
0	0.00956	0.00838	0.01384	0.39482	0.06718	0.00944	0.05419	0.01262	0.01124	0.01463	0.01679	0.03204	0.01641	0.00885	0.00606	0.00199	0.00613	0.30688	0.00335	0.00559
1	0.19009	0.01069	0.01617	0.32188	0.33411	0.01192	0.01321	0.01482	0.01067	0.01694	0.00905	0.01233	0.00720	0.00490	0.00477	0.00163	0.00602	0.00425	0.00261	0.00675
2	0.00701	0.00584	0.00776	0.17555	0.01335	0.00585	0.00652	0.00863	0.01083	0.01361	0.03434	0.33422	0.33204	0.01269	0.00614	0.00189	0.00370	0.01110	0.00430	0.00463
3	0.01050	0.00967	0.01480	0.63607	0.03113	0.01186	0.01314	0.01635	0.17261	0.01510	0.01179	0.01506	0.00884	0.00560	0.00523	0.00174	0.00634	0.00490	0.00295	0.00631
4	0.01181	0.01127	0.01919	0.30499	0.51991	0.01209	0.01545	0.01504	0.01135	0.01570	0.00960	0.01324	0.00779	0.00484	0.00517	0.00161	0.00645	0.00464	0.00248	0.00738
5	0.01409	0.01454	0.01194	0.01093	0.01354	0.25597	0.00841	0.02265	0.41726	0.01828	0.07045	0.02081	0.04817	0.00739	0.00530	0.00166	0.00562	0.04152	0.00447	0.00700

[dist]
# distance from previous block
# <min> <max>
2	3

[block]
# block no. 1 follows, 47 sequences, length 37
# corresponding to MSA columns:
# 52-69,73-87,92-95
name=unknown_B
#
# <colnr> <probs for GDERKNQSTAVLIFYWHMCP>
#	G	D	E	R	K	N	Q	S	T	A	V	L	I	F	Y	W	H	M	C	P
0	0.08021	0.01596	0.01594	0.30828	0.05085	0.30502	0.06516	0.06970	0.01309	0.01563	0.00899	0.01166	0.00700	0.00523	0.00493	0.00156	0.00765	0.00412	0.00276	0.00626
1	0.01277	0.01364	0.02606	0.02607	0.35763	0.03614	0.41569	0.01650	0.01218	0.01671	0.01014	0.01340	0.00802	0.00453	0.00567	0.00165	0.00767	0.00540	0.00261	0.00753
2	0.01104	0.01041	0.01716	0.42081	0.30840	0.01184	0.01425	0.01461	0.03796	0.01525	0.04250	0.01466	0.00952	0.00548	0.00579	0.00169	0.04436	0.00488	0.00266	0.00674
3	0.00744	0.00556	0.00829	0.00829	0.00920	0.00647	0.00641	0.00925	0.00835	0.01203	0.01402	0.02085	0.01319	0.06126	0.77437	0.00827	0.01369	0.00564	0.00280	0.00461
4	0.01319	0.27264	0.01918	0.38103	0.02445	0.18135	0.01175	0.01563	0.01139	0.01285	0.00835	0.01115	0.00681	0.00500	0.00450	0.00145	0.00702	0.00377	0.00236	0.00613
5	0.00744	0.00558	0.00837	0.00837	0.00930	0.00651	0.00651	0.00930	0.00837	0.01209	0.01395	0.02046	0.01302	0.03906	0.79635	0.00837	0.01395	0.00558	0.00279	0.00465
6	0.01924	0.02103	0.01588	0.01345	0.01671	0.52804	0.05841	0.19716	0.01691	0.05061	0.00979	0.01078	0.00755	0.00556	0.00493	0.00143	0.00828	0.00393	0.00344	0.00689
7	0.00881	0.00683	0.01004	0.27475	0.04662	0.00742	0.00832	0.01163	0.01252	0.01794	0.36119	0.02615	0.02725	0.00780	0.00536	0.00159	0.00410	0.00684	0.14951	0.00532
8	0.01945	0.02482	0.01476	0.01342	0.01610	0.79608	0.01006	0.02079	0.01476	0.01275	0.00805	0.00939	0.00671	0.00537	0.00470	0.00134	0.00939	0.00335	0.00268	0.00604
9	0.00983	0.00926	0.01562	0.80447	0.03587	0.01157	0.01446	0.01331	0.01041	0.01331	0.00926	0.01388	0.00694	0.00521	0.00521	0.00174	0.00694	0.00463	0.00231	0.00579
10	0.01289	0.01237	0.02114	0.03196	0.78450	0.01237	0.01598	0.01598	0.01186	0.01701	0.00980	0.01289	0.00825	0.00464	0.00516	0.00155	0.00619	0.00464	0.00258	0.00825
11	0.01203	0.01044	0.01393	0.43411	0.02551	0.03526	0.01158	0.01968	0.30445	0.05739	0.01440	0.01608	0.01069	0.00599	0.00523	0.00173	0.00580	0.00511	0.00369	0.00690
12	0.00743	0.00555	0.00776	0.00953	0.05846	0.00534	0.00669	0.00899	0.01084	0.01432	0.02809	0.48125	0.06163	0.01480	0.00671	0.00216	0.00380	0.25728	0.00468	0.00468
13	0.15146	0.05561	0.01431	0.07186	0.01633	0.41483	0.02988	0.09782	0.01410	0.04064	0.00926	0.01065	0.00727	0.00536	0.00450	0.00144	0.00733	0.00367	0.03732	0.00635
14	0.01227	0.01245	0.02192	0.10518	0.46129	0.03424	0.19877	0.01558	0.01190	0.01628	0.01212	0.01512	0.04847	0.00510	0.00544	0.00162	0.00680	0.00530	0.00269	0.00744
15	0.01289	0.01200	0.01799	0.02329	0.45319	0.01263	0.04789	0.02050	0.30499	0.01883	0.01421	0.01545	0.01117	0.00556	0.00526	0.00164	0.00551	0.00519	0.00363	0.00819
16	0.01207	0.13214	0.01531	0.31496	0.02135	0.08579	0.01053	0.01519	0.06028	0.06619	0.04549	0.05381	0.06547	0.00693	0.00604	0.00166	0.07199	0.00546	0.00324	0.00610
17	0.01319	0.01271	0.07540	0.34572	0.15308	0.01329	0.01363	0.21745	0.01433	0.01938	0.01006	0.01295	0.00764	0.00565	0.00602	0.00169	0.06294	0.00458	0.00313	0.00716
18	0.07443	0.01185	0.01442	0.15217	0.11002	0.02396	0.01042	0.36804	0.01729	0.04577	0.01415	0.08539	0.03551	0.00689	0.00521	0.00165	0.00555	0.00564	0.00420	0.00742
19	0.01473	0.01552	0.01235	0.01123	0.01398	0.28819	0.00861	0.02367	0.44532	0.01800	0.01870	0.01853	0.06209	0.00698	0.00517	0.00163	0.00589	0.01791	0.00434	0.00716
20	0.85377	0.01007	0.00765	0.00685	0.01007	0.01168	0.00564	0.01531	0.00886	0.02336	0.00725	0.00846	0.00564	0.00483	0.00322	0.00161	0.00403	0.00282	0.00322	0.00564
21	0.01325	0.01250	0.01756	0.06296	0.38978	0.05440	0.04048	0.07275	0.16395	0.01848	0.01322	0.01494	0.03068	0.00561	0.00549	0.00159	0.02707	0.00498	0.00338	0.04693
22	0.00648	0.00529	0.00572	0.00561	0.00723	0.00453	0.00421	0.00810	0.01263	0.01587	0.24561	0.04715	0.58841	0.01252	0.00615	0.00173	0.00259	0.01057	0.00507	0.00453
23	0.01213	0.01194	0.03121	0.15051	0.58517	0.03248	0.01492	0.01514	0.01157	0.01607	0.01087	0.06431	0.00966	0.00550	0.00524	0.00161	0.00621	0.00524	0.00268	0.00754
24	0.01384	0.41101	0.01801	0.00866	0.01178	0.17961	0.00759	0.01567	0.01156	0.01448	0.01030	0.01185	0.00866	0.00512	0.00372	0.00119	0.00545	0.00352	0.25198	0.00601
25	0.01115	0.05511	0.06396	0.00826	0.01273	0.00788	0.00716	0.01360	0.01108	0.04933	0.03916	0.04936	0.01058	0.00490	0.00417	0.00098	0.00414	0.00399	0.00330	0.63914
26	0.01091	0.02074	0.53004	0.09763	0.04239	0.01103	0.02765	0.01597	0.02463	0.05940	0.05664	0.01481	0.01040	0.04823	0.00623	0.00184	0.00689	0.00463	0.00278	0.00717
27	0.00689	0.00531	0.00629	0.00676	0.00799	0.00482	0.00518	0.00840	0.01153	0.01456	0.09370	0.18045	0.37801	0.06072	0.00767	0.00215	0.00334	0.18698	0.00479	0.00443
28	0.01185	0.01146	0.01912	0.32183	0.47521	0.02665	0.02875	0.01508	0.01138	0.01553	0.00957	0.01322	0.00772	0.00486	0.00518	0.00162	0.00658	0.00464	0.00248	0.00726
29	0.01622	0.01284	0.01794	0.05349	0.37491	0.10287	0.06076	0.01954	0.05319	0.21665	0.01301	0.01419	0.00960	0.00533	0.00520	0.00157	0.00619	0.00481	0.00373	0.00797
30	0.01448	0.06522	0.05147	0.00905	0.01174	0.00755	0.00773	0.01646	0.01249	0.33207	0.02261	0.24055	0.02131	0.01045	0.00585	0.00187	0.00437	0.15297	0.00517	0.00660
31	0.00820	0.00507	0.00752	0.00766	0.00815	0.00544	0.00564	0.00814	0.00796	0.01097	0.01331	0.05790	0.01336	0.02648	0.34198	0.39960	0.00840	0.05792	0.00278	0.00353
32	0.01207	0.33449	0.13942	0.01003	0.01375	0.12068	0.00980	0.01443	0.01165	0.01400	0.05012	0.06515	0.08019	0.00756	0.00480	0.00152	0.00580	0.09531	0.00313	0.00611
33	0.01084	0.07189	0.34610	0.04017	0.09475	0.01136	0.08174	0.01481	0.01093	0.01584	0.03698	0.01396	0.00944	0.06220	0.00672	0.00174	0.02915	0.00445	0.00261	0.13433
34	0.12007	0.09790	0.01622	0.19847	0.16877	0.08741	0.01130	0.05234	0.13587	0.01740	0.01078	0.01274	0.00852	0.00548	0.00515	0.00160	0.03566	0.00429	0.00313	0.00690
35	0.01248	0.01231	0.02228	0.02848	0.57971	0.01213	0.16906	0.01579	0.01196	0.01685	0.01109	0.01607	0.00957	0.00521	0.00549	0.00164	0.00663	0.05274	0.00273	0.00778
36	0.01187	0.04409	0.01603	0.34221	0.15734	0.09969	0.03641	0.01464	0.01178	0.04351	0.10005	0.04034	0.01313	0.00625	0.00576	0.00165	0.04057	0.00535	0.00304	0.00628

[dist]
# distance from previous block
# <min> <max>
0	1

[block]
# block no. 2 follows, 47 sequences, length 40
# corresponding to MSA columns:
# 97-128,130-137
name=unknown_C
#
# <colnr> <probs for GDERKNQSTAVLIFYWHMCP>
#	G	D	E	R	K	N	Q	S	T	A	V	L	I	F	Y	W	H	M	C	P
0	0.31858	0.01290	0.05530	0.07063	0.01489	0.12370	0.00855	0.04106	0.04173	0.24735	0.01226	0.01244	0.00858	0.00555	0.00442	0.00159	0.00540	0.00398	0.00411	0.00697
1	0.01359	0.01156	0.01526	0.07017	0.17138	0.03553	0.06573	0.02258	0.40434	0.08528	0.01768	0.01770	0.03286	0.00631	0.00533	0.00169	0.00522	0.00557	0.00436	0.00787
2	0.01945	0.02482	0.01476	0.01342	0.01610	0.79608	0.01006	0.02079	0.01476	0.01275	0.00805	0.00939	0.00671	0.00537	0.00470	0.00134	0.00939	0.00335	0.00268	0.00604
3	0.00691	0.00516	0.00549	0.00549	0.00632	0.00474	0.00353	0.00753	0.00959	0.01196	0.03349	0.04161	0.37764	0.43932	0.01694	0.00350	0.00392	0.00918	0.00395	0.00374
4	0.01386	0.01283	0.06003	0.32781	0.10830	0.05462	0.01266	0.23429	0.01489	0.03811	0.01072	0.01360	0.00817	0.02152	0.03143	0.00192	0.02021	0.00463	0.00333	0.00706
5	0.01069	0.08342	0.73568	0.01442	0.02189	0.01270	0.01851	0.01643	0.01097	0.01619	0.00920	0.01081	0.00660	0.00491	0.00483	0.00161	0.00754	0.00377	0.00220	0.00762
6	0.00834	0.00596	0.00833	0.00953	0.01070	0.00595	0.00830	0.01069	0.01193	0.01552	0.02760	0.07892	0.03009	0.01444	0.00718	0.00239	0.00475	0.72981	0.00480	0.00478
7	0.85377	0.01007	0.00765	0.00685	0.01007	0.01168	0.00564	0.01531	0.00886	0.02336	0.00725	0.00846	0.00564	0.00483	0.00322	0.00161	0.00403	0.00282	0.00322	0.00564
8	0.00634	0.00453	0.00604	0.00725	0.00755	0.00423	0.00483	0.00725	0.00997	0.01329	0.02870	0.81358	0.03444	0.01632	0.00665	0.00211	0.00302	0.01480	0.00483	0.00423
9	0.02033	0.00938	0.01192	0.00932	0.01295	0.00882	0.00763	0.16102	0.01657	0.53107	0.11707	0.01952	0.01682	0.00694	0.00531	0.00160	0.00437	0.00567	0.02543	0.00826
10	0.01143	0.00880	0.01209	0.02729	0.13616	0.00945	0.01869	0.17650	0.01322	0.03227	0.08995	0.02056	0.01541	0.10641	0.29330	0.00441	0.00841	0.00582	0.00367	0.00614
11	0.01513	0.64692	0.02456	0.00989	0.01396	0.18949	0.00916	0.01673	0.01149	0.01236	0.00742	0.00858	0.00669	0.00465	0.00364	0.00116	0.00640	0.00291	0.00233	0.00654
12	0.00915	0.00701	0.00864	0.00709	0.00977	0.00580	0.00549	0.01154	0.01314	0.03777	0.44942	0.02697	0.03143	0.00779	0.00519	0.00129	0.00307	0.00674	0.00467	0.34804
13	0.01945	0.02482	0.01476	0.01342	0.01610	0.79608	0.01006	0.02079	0.01476	0.01275	0.00805	0.00939	0.00671	0.00537	0.00470	0.00134	0.00939	0.00335	0.00268	0.00604
14	0.01178	0.01124	0.01914	0.31221	0.51291	0.01208	0.01543	0.01501	0.01133	0.01567	0.00960	0.01325	0.00777	0.00485	0.00517	0.00162	0.00646	0.00464	0.00248	0.00736
15	0.02078	0.01011	0.01251	0.00990	0.01373	0.00988	0.00808	0.12716	0.16926	0.53065	0.01958	0.01735	0.01295	0.00654	0.00525	0.00164	0.00455	0.00529	0.00605	0.00874
16	0.00646	0.00527	0.00572	0.00565	0.00723	0.00452	0.00422	0.00805	0.01253	0.01574	0.23331	0.06905	0.57881	0.01265	0.00617	0.00174	0.00260	0.01071	0.00506	0.00452
17	0.12765	0.00928	0.01066	0.00795	0.01225	0.00774	0.00643	0.01619	0.01147	0.19244	0.01154	0.01205	0.00861	0.00458	0.00408	0.00108	0.00401	0.00354	0.00386	0.54459
18	0.00645	0.00533	0.00569	0.00573	0.00739	0.00457	0.00439	0.00798	0.01221	0.01495	0.13395	0.04946	0.64458	0.01299	0.00623	0.00179	0.00277	0.06411	0.00494	0.00448
19	0.01074	0.00926	0.01107	0.05334	0.01369	0.00721	0.00665	0.01312	0.01078	0.01676	0.00926	0.01098	0.00767	0.00393	0.00393	0.00083	0.00403	0.00317	0.00304	0.80054
20	0.01895	0.02188	0.01493	0.01355	0.03858	0.59174	0.01010	0.15159	0.05992	0.01690	0.00963	0.01061	0.00766	0.00560	0.00483	0.00141	0.00835	0.00377	0.00327	0.00672
21	0.00864	0.00611	0.00862	0.04280	0.01016	0.00637	0.02723	0.01070	0.02686	0.05864	0.19532	0.02824	0.06618	0.16583	0.30979	0.00482	0.00782	0.00710	0.00389	0.00486
22	0.01251	0.01199	0.02045	0.12810	0.69133	0.01227	0.01579	0.01565	0.01168	0.01655	0.00973	0.01301	0.00809	0.00471	0.00516	0.00157	0.00628	0.00464	0.00254	0.00794
23	0.01276	0.01167	0.02122	0.26741	0.21265	0.01213	0.24480	0.03840	0.03521	0.07569	0.01111	0.01411	0.00834	0.00500	0.00549	0.00168	0.00701	0.00518	0.00297	0.00717
24	0.01337	0.24060	0.16036	0.01453	0.01906	0.07336	0.22004	0.01687	0.03328	0.05018	0.00955	0.01158	0.00757	0.00531	0.00628	0.00158	0.10251	0.00436	0.00266	0.00694
25	0.00902	0.00790	0.01244	0.49292	0.02563	0.00921	0.01158	0.01194	0.01102	0.01402	0.01929	0.03046	0.10157	0.00866	0.00587	0.00192	0.00586	0.21206	0.00329	0.00535
26	0.00888	0.00719	0.01062	0.01415	0.22589	0.00697	0.00813	0.01095	0.03277	0.03153	0.05797	0.39204	0.09563	0.03571	0.00670	0.00198	0.00404	0.03901	0.00424	0.00561
27	0.01131	0.09509	0.23625	0.03482	0.21371	0.01185	0.07903	0.01473	0.01102	0.03847	0.01256	0.13190	0.01166	0.00756	0.02489	0.00184	0.04752	0.00592	0.00288	0.00698
28	0.01311	0.00722	0.00946	0.00910	0.01124	0.00695	0.00748	0.04050	0.06416	0.24561	0.02577	0.15940	0.05494	0.01152	0.00629	0.00202	0.00431	0.30932	0.00534	0.00626
29	0.01467	0.01406	0.24802	0.01066	0.01509	0.00934	0.01075	0.02005	0.13665	0.28139	0.16378	0.02003	0.01844	0.00690	0.00533	0.00165	0.00500	0.00572	0.00483	0.00765
30	0.01101	0.01016	0.01690	0.20306	0.45803	0.01066	0.01341	0.01375	0.01107	0.01531	0.01273	0.10619	0.01218	0.05290	0.00662	0.00188	0.00589	0.02852	0.00287	0.00684
31	0.00895	0.01184	0.23561	0.00887	0.01222	0.00714	0.00900	0.01181	0.01164	0.06856	0.13419	0.06207	0.26737	0.05656	0.06894	0.00241	0.00525	0.00782	0.00405	0.00569
32	0.00698	0.00508	0.00654	0.00678	0.00771	0.00470	0.00490	0.00875	0.01258	0.01723	0.41398	0.29468	0.10736	0.03732	0.00697	0.00194	0.00284	0.04383	0.00524	0.00459
33	0.01897	0.01981	0.01457	0.01312	0.04069	0.50241	0.00985	0.12795	0.01558	0.10182	0.01033	0.01129	0.00796	0.00582	0.00552	0.00146	0.05371	0.00391	0.02846	0.00677
34	0.65544	0.01078	0.00913	0.00843	0.03641	0.05036	0.00654	0.01725	0.03950	0.11156	0.00946	0.01015	0.00702	0.00513	0.00367	0.00160	0.00442	0.00331	0.00363	0.00622
35	0.00923	0.00721	0.01090	0.10793	0.03345	0.00737	0.09534	0.03272	0.00984	0.03174	0.03570	0.09071	0.01791	0.43605	0.01681	0.00353	0.00552	0.04008	0.00339	0.00458
36	0.01127	0.03552	0.03061	0.01516	0.24583	0.00859	0.00920	0.03608	0.03868	0.09733	0.17942	0.16463	0.08812	0.00902	0.00566	0.00169	0.00429	0.00802	0.00438	0.00653
37	0.01077	0.06943	0.43720	0.01314	0.06139	0.03372	0.01402	0.01506	0.01181	0.03981	0.13140	0.04782	0.01536	0.00652	0.00513	0.00159	0.00615	0.02764	0.00314	0.04889
38	0.01154	0.07102	0.46133	0.03824	0.08642	0.03587	0.01515	0.05630	0.04106	0.01671	0.01034	0.01310	0.00819	0.06362	0.00639	0.00180	0.00683	0.00421	0.00265	0.04923
39	0.01291	0.08217	0.39267	0.01250	0.01818	0.01214	0.04162	0.12346	0.04271	0.07972	0.01400	0.03475	0.05303	0.00598	0.00499	0.00157	0.00628	0.00481	0.00337	0.05314

[dist]
# distance from previous block
# <min> <max>
6	34

[block]
# block no. 3 follows, 47 sequences, length 17
# corresponding to MSA columns:
# 172-188
name=unknown_D
#
# <colnr> <probs for GDERKNQSTAVLIFYWHMCP>
#	G	D	E	R	K	N	Q	S	T	A	V	L	I	F	Y	W	H	M	C	P
0	0.13248	0.11555	0.05300	0.01309	0.13327	0.01172	0.04458	0.05354	0.05788	0.06813	0.06890	0.01383	0.01132	0.00541	0.00485	0.00140	0.02723	0.00434	0.00348	0.17598
1	0.01310	0.00924	0.01257	0.16080	0.01736	0.00833	0.03048	0.01556	0.01150	0.17303	0.01209	0.03651	0.00939	0.00517	0.00492	0.00124	0.02758	0.00429	0.00364	0.44318
2	0.01269	0.01084	0.01558	0.01853	0.34855	0.00977	0.01068	0.05018	0.01208	0.05225	0.01015	0.01210	0.00823	0.00443	0.00455	0.00118	0.00498	0.00393	0.00311	0.40617
3	0.01117	0.01062	0.01803	0.46766	0.36226	0.01192	0.01513	0.01447	0.01104	0.01492	0.00949	0.01345	0.00751	0.00496	0.00518	0.00165	0.00661	0.00463	0.00243	0.00686
4	0.47070	0.01136	0.03036	0.01234	0.03703	0.01157	0.23861	0.01580	0.01049	0.05625	0.01152	0.01309	0.04998	0.00524	0.00446	0.00166	0.00555	0.00448	0.00325	0.00626
5	0.00986	0.01035	0.06831	0.01179	0.01268	0.01218	0.01014	0.01162	0.00834	0.01265	0.00965	0.01473	0.00911	0.01992	0.30515	0.00449	0.45624	0.00489	0.00246	0.00545
6	0.00730	0.00532	0.00686	0.00647	0.00774	0.00488	0.00486	0.00969	0.01457	0.02047	0.73790	0.03957	0.09324	0.01080	0.00614	0.00165	0.00247	0.00951	0.00568	0.00488
7	0.01382	0.00678	0.00883	0.00749	0.00995	0.00597	0.00591	0.01592	0.01438	0.33783	0.35826	0.03179	0.14278	0.00928	0.00577	0.00164	0.00330	0.00792	0.00590	0.00647
8	0.05747	0.09817	0.27802	0.03059	0.05622	0.11232	0.17868	0.04342	0.01237	0.07024	0.01003	0.01173	0.00746	0.00496	0.00497	0.00157	0.00737	0.00431	0.00283	0.00724
9	0.01204	0.03699	0.33397	0.12877	0.05980	0.01249	0.24408	0.04243	0.01199	0.05268	0.01030	0.01272	0.00749	0.00490	0.00534	0.00167	0.00758	0.00476	0.00267	0.00732
10	0.00658	0.00470	0.00632	0.00752	0.00793	0.00444	0.00525	0.00766	0.01021	0.01356	0.02857	0.72580	0.03392	0.01609	0.00671	0.00215	0.00323	0.10024	0.00483	0.00430
11	0.01045	0.02694	0.79000	0.01484	0.02254	0.01209	0.01924	0.01649	0.01099	0.01649	0.00935	0.01099	0.00660	0.00495	0.00495	0.00165	0.00770	0.00385	0.00220	0.00770
12	0.01301	0.01659	0.25313	0.09105	0.11822	0.01189	0.28320	0.01735	0.01201	0.11577	0.01126	0.01345	0.00811	0.00493	0.00546	0.00168	0.00741	0.00502	0.00296	0.00750
13	0.01108	0.32105	0.08024	0.00985	0.01296	0.01215	0.04938	0.01322	0.01103	0.04846	0.01730	0.21240	0.01823	0.00937	0.00525	0.00171	0.00510	0.15173	0.00356	0.00592
14	0.02307	0.00934	0.01238	0.00949	0.01353	0.00836	0.00784	0.08717	0.01570	0.72518	0.01988	0.01729	0.01255	0.00643	0.00523	0.00161	0.00454	0.00519	0.00634	0.00886
15	0.01662	0.01645	0.01597	0.01799	0.25247	0.29161	0.01123	0.14759	0.03841	0.06697	0.01362	0.01464	0.06148	0.00595	0.00508	0.00150	0.00683	0.00470	0.00355	0.00734
16	0.01229	0.09031	0.56289	0.01452	0.02130	0.01246	0.09731	0.01737	0.01151	0.09697	0.01047	0.01181	0.00740	0.00500	0.00497	0.00161	0.00729	0.00415	0.00269	0.00766

[dist]
# distance from previous block
# <min> <max>
3	60

[block]
# block no. 4 follows, 47 sequences, length 66
# corresponding to MSA columns:
# 250-315
name=unknown_E
#
# <colnr> <probs for GDERKNQSTAVLIFYWHMCP>
#	G	D	E	R	K	N	Q	S	T	A	V	L	I	F	Y	W	H	M	C	P
0	0.01297	0.01058	0.01241	0.02979	0.07821	0.01055	0.00822	0.20983	0.14778	0.02183	0.07227	0.01867	0.08423	0.00649	0.00498	0.00139	0.00444	0.00535	0.00431	0.25571
1	0.03501	0.01442	0.23092	0.33141	0.11092	0.01128	0.03228	0.05135	0.01139	0.01595	0.01157	0.09882	0.01003	0.00629	0.00525	0.00172	0.00654	0.00549	0.00276	0.00660
2	0.00765	0.00529	0.00642	0.00657	0.00688	0.00540	0.00417	0.02978	0.00869	0.01171	0.01858	0.19815	0.02114	0.51503	0.12786	0.00478	0.00586	0.00876	0.00352	0.00376
3	0.01003	0.00942	0.01570	0.75398	0.06182	0.01164	0.01434	0.01382	0.03265	0.01368	0.00962	0.01401	0.00725	0.00524	0.00521	0.00173	0.00683	0.00466	0.00241	0.00594
4	0.00673	0.00483	0.00647	0.00764	0.00815	0.00457	0.00549	0.00793	0.01041	0.01375	0.02918	0.64828	0.05501	0.01586	0.00674	0.00216	0.00335	0.15430	0.00483	0.00434
5	0.01397	0.00949	0.01136	0.00829	0.01277	0.00764	0.00671	0.06104	0.01248	0.17915	0.01181	0.01235	0.00886	0.00454	0.00423	0.00099	0.00409	0.00363	0.00392	0.62267
6	0.01186	0.01132	0.01928	0.29184	0.53266	0.01210	0.01547	0.01508	0.01137	0.01577	0.00961	0.01322	0.00781	0.00483	0.00517	0.00161	0.00644	0.00464	0.00249	0.00742
7	0.47966	0.01246	0.01046	0.00871	0.01226	0.09636	0.00705	0.16705	0.01291	0.02324	0.00867	0.00970	0.00669	0.00504	0.00387	0.00146	0.00492	0.00329	0.00355	0.12266
8	0.00997	0.00844	0.01358	0.01122	0.01368	0.00819	0.18198	0.09297	0.01455	0.01991	0.35192	0.05370	0.04837	0.00959	0.00624	0.00181	0.00470	0.13865	0.00475	0.00578
9	0.00726	0.00532	0.00681	0.00644	0.00771	0.00487	0.00483	0.00962	0.01448	0.02027	0.71660	0.03990	0.11466	0.01087	0.00614	0.00165	0.00247	0.00956	0.00565	0.00487
10	0.01225	0.08204	0.03654	0.31227	0.27678	0.03109	0.10328	0.05520	0.01199	0.01593	0.00956	0.01286	0.00755	0.00491	0.00512	0.00160	0.00680	0.00461	0.00259	0.00703
11	0.01059	0.01480	0.24392	0.01365	0.03842	0.01146	0.11591	0.01356	0.01007	0.03398	0.03451	0.01824	0.04864	0.13876	0.01203	0.00239	0.22463	0.00553	0.00279	0.00612
12	0.00692	0.00500	0.00605	0.00657	0.00758	0.00446	0.00463	0.00814	0.01118	0.03987	0.09683	0.45866	0.29628	0.01444	0.00639	0.00194	0.00289	0.01273	0.00496	0.00450
13	0.01455	0.01147	0.01228	0.01048	0.01362	0.01282	0.00840	0.28848	0.38361	0.02474	0.02045	0.02146	0.06520	0.00761	0.00539	0.00171	0.00458	0.05219	0.03309	0.00788
14	0.12268	0.05070	0.01024	0.03493	0.01132	0.00862	0.00717	0.04466	0.01024	0.09861	0.01405	0.01975	0.01236	0.02507	0.45375	0.00547	0.01000	0.05140	0.00342	0.00557
15	0.00793	0.00546	0.00685	0.00737	0.00789	0.00546	0.00542	0.00896	0.00948	0.01247	0.02124	0.04475	0.02371	0.46966	0.01815	0.00390	0.00494	0.32862	0.00387	0.00387
16	0.00645	0.00494	0.00594	0.00659	0.00754	0.00443	0.00470	0.00768	0.01109	0.01418	0.08470	0.43821	0.31618	0.01468	0.00646	0.00197	0.00294	0.05208	0.00489	0.00437
17	0.03543	0.62998	0.02413	0.00983	0.01387	0.18667	0.00908	0.01670	0.01144	0.01263	0.00741	0.00858	0.00666	0.00466	0.00363	0.00117	0.00635	0.00291	0.00235	0.00652
18	0.01272	0.01136	0.01924	0.23331	0.48274	0.01191	0.04673	0.01625	0.03474	0.06484	0.01071	0.01370	0.00841	0.00497	0.00522	0.00162	0.00632	0.00478	0.00284	0.00759
19	0.00924	0.00823	0.01183	0.01079	0.01129	0.01082	0.00874	0.01077	0.00819	0.01229	0.01070	0.01632	0.01020	0.02540	0.44080	0.00559	0.37600	0.00511	0.00256	0.00513
20	0.37662	0.01155	0.01660	0.03830	0.31861	0.01217	0.12296	0.01573	0.01059	0.01962	0.00879	0.01117	0.00704	0.00470	0.00447	0.00161	0.00566	0.00408	0.00286	0.00688
21	0.00752	0.00503	0.00570	0.00575	0.00577	0.00501	0.00323	0.00756	0.00768	0.01024	0.01697	0.06957	0.01964	0.78053	0.02560	0.00492	0.00496	0.00790	0.00323	0.00320
22	0.01920	0.06130	0.01533	0.01321	0.01597	0.76050	0.01001	0.02056	0.01457	0.01272	0.00801	0.00934	0.00671	0.00532	0.00463	0.00133	0.00922	0.00333	0.00266	0.00607
23	0.00744	0.00558	0.00837	0.00837	0.00930	0.00651	0.00651	0.00930	0.00837	0.01209	0.01395	0.02046	0.01302	0.03906	0.79635	0.00837	0.01395	0.00558	0.00279	0.00465
24	0.03417	0.01161	0.02008	0.04504	0.52799	0.01152	0.10891	0.01621	0.01185	0.08147	0.01152	0.04008	0.00956	0.00663	0.03897	0.00189	0.00656	0.00521	0.00300	0.00774
25	0.05008	0.04938	0.04033	0.00937	0.01352	0.00858	0.00806	0.02425	0.01435	0.69714	0.01905	0.01672	0.01212	0.00624	0.00507	0.00159	0.00459	0.00499	0.00598	0.00861
26	0.00839	0.00599	0.00839	0.00959	0.01079	0.00599	0.00839	0.01079	0.01199	0.01558	0.02757	0.05874	0.02997	0.01439	0.00719	0.00240	0.00480	0.74945	0.00480	0.00480
27	0.01195	0.00832	0.06779	0.00812	0.01064	0.00676	0.00692	0.06058	0.01510	0.19282	0.50571	0.03043	0.03533	0.00901	0.00579	0.00163	0.00350	0.00777	0.00559	0.00625
28	0.01359	0.00992	0.01390	0.19493	0.10694	0.01075	0.03295	0.03173	0.24957	0.15872	0.04567	0.04226	0.01456	0.00693	0.00544	0.00174	0.00517	0.04348	0.00441	0.00735
29	0.01392	0.82012	0.02729	0.00891	0.01337	0.02061	0.00891	0.01559	0.01058	0.01225	0.00724	0.00835	0.00668	0.00446	0.00334	0.00111	0.00557	0.00278	0.00223	0.00668
30	0.01012	0.00941	0.01576	0.68952	0.10416	0.01133	0.01411	0.01336	0.01045	0.01362	0.00930	0.01377	0.00714	0.00549	0.00560	0.02591	0.00672	0.00459	0.00236	0.02728
31	0.01138	0.01020	0.01665	0.54639	0.17298	0.01184	0.03121	0.03671	0.05642	0.04068	0.01056	0.01412	0.00799	0.00526	0.00523	0.00169	0.00656	0.00476	0.00277	0.00661
32	0.01945	0.02482	0.01476	0.01342	0.01610	0.79608	0.01006	0.02079	0.01476	0.01275	0.00805	0.00939	0.00671	0.00537	0.00470	0.00134	0.00939	0.00335	0.00268	0.00604
33	0.00843	0.00694	0.00989	0.00933	0.00991	0.00864	0.00728	0.00987	0.00817	0.01194	0.01252	0.01997	0.01225	0.13094	0.50676	0.00645	0.20769	0.00558	0.00271	0.00472
34	0.18928	0.14386	0.30040	0.01066	0.01519	0.04611	0.01141	0.02891	0.01052	0.01662	0.01097	0.09715	0.00995	0.00877	0.06001	0.01976	0.00649	0.00477	0.00282	0.00635
35	0.01229	0.01405	0.03073	0.02195	0.02722	0.01317	0.76558	0.01668	0.01229	0.01668	0.01054	0.01405	0.00790	0.00439	0.00615	0.00176	0.00878	0.00615	0.00263	0.00702
36	0.00994	0.05944	0.24252	0.00949	0.01230	0.00826	0.00937	0.04348	0.00955	0.01329	0.03293	0.06423	0.01139	0.04953	0.01290	0.38161	0.00543	0.00514	0.01449	0.00471
37	0.01295	0.01119	0.01178	0.01060	0.01354	0.01295	0.00824	0.02767	0.77509	0.02178	0.02120	0.01943	0.01590	0.00707	0.00530	0.00177	0.00412	0.00589	0.00530	0.00824
38	0.00905	0.00452	0.00678	0.00678	0.00678	0.00452	0.00452	0.00678	0.00678	0.00905	0.00905	0.01583	0.00905	0.01809	0.02035	0.84848	0.00452	0.00452	0.00226	0.00226
39	0.01072	0.01016	0.01721	0.58132	0.25212	0.01180	0.01490	0.01408	0.01083	0.01438	0.00941	0.01360	0.00732	0.00504	0.00519	0.00168	0.00672	0.00463	0.00239	0.00650
40	0.01229	0.01405	0.03073	0.02195	0.02722	0.01317	0.76558	0.01668	0.01229	0.01668	0.01054	0.01405	0.00790	0.00439	0.00615	0.00176	0.00878	0.00615	0.00263	0.00702
41	0.00758	0.00511	0.00598	0.00609	0.00622	0.00515	0.00369	0.00784	0.00796	0.01063	0.01737	0.06077	0.01983	0.70525	0.06120	0.00495	0.00539	0.05235	0.00329	0.00336
42	0.00983	0.00926	0.01562	0.80447	0.03587	0.01157	0.01446	0.01331	0.01041	0.01331	0.00926	0.01388	0.00694	0.00521	0.00521	0.00174	0.00694	0.00463	0.00231	0.00579
43	0.01202	0.00905	0.01242	0.07070	0.01485	0.00948	0.07877	0.16700	0.09268	0.06725	0.02075	0.24531	0.02061	0.01039	0.00607	0.00193	0.00493	0.14477	0.00466	0.00636
44	0.01289	0.01237	0.02114	0.03196	0.78450	0.01237	0.01598	0.01598	0.01186	0.01701	0.00980	0.01289	0.00825	0.00464	0.00516	0.00155	0.00619	0.00464	0.00258	0.00825
45	0.00650	0.00527	0.00577	0.00567	0.00725	0.00454	0.00424	0.00813	0.01264	0.01598	0.25793	0.06152	0.56127	0.01253	0.00616	0.00173	0.00259	0.01062	0.00509	0.00454
46	0.01049	0.00992	0.01680	0.63936	0.19588	0.01174	0.01479	0.01388	0.01072	0.01410	0.00937	0.01367	0.00722	0.00509	0.00520	0.00170	0.00678	0.00463	0.00237	0.00631
47	0.01113	0.01096	0.01972	0.44918	0.25391	0.01207	0.13856	0.01465	0.01115	0.01495	0.00962	0.01362	0.00748	0.00491	0.00535	0.00168	0.00702	0.00488	0.00244	0.00671
48	0.00757	0.00505	0.00568	0.00568	0.00568	0.00505	0.00316	0.00757	0.00757	0.01010	0.01641	0.03408	0.01893	0.81698	0.02651	0.00505	0.00505	0.00757	0.00316	0.00316
49	0.00751	0.00536	0.00738	0.00858	0.00939	0.00523	0.00685	0.00926	0.01112	0.01459	0.02806	0.38540	0.03191	0.01522	0.00696	0.00228	0.00403	0.43153	0.00481	0.00455
50	0.03596	0.01258	0.01495	0.20342	0.07809	0.05439	0.01091	0.34768	0.06320	0.07459	0.01287	0.04557	0.00988	0.00626	0.00520	0.00163	0.00592	0.00507	0.00421	0.00763
51	0.00620	0.00525	0.00536	0.00540	0.00708	0.00440	0.00402	0.00753	0.01187	0.01424	0.07328	0.08228	0.72888	0.01325	0.00618	0.00177	0.00265	0.01111	0.00486	0.00440
52	0.01102	0.00949	0.01118	0.00865	0.03525	0.00756	0.00662	0.01430	0.06856	0.01733	0.01017	0.01151	0.00835	0.00412	0.00400	0.00087	0.00395	0.00334	0.00324	0.76048
53	0.01136	0.02503	0.69575	0.01492	0.02224	0.01188	0.06342	0.01706	0.01132	0.06468	0.01012	0.01160	0.00707	0.00501	0.00504	0.00165	0.00756	0.00407	0.00249	0.00773
54	0.01229	0.01405	0.03073	0.02195	0.02722	0.01317	0.76558	0.01668	0.01229	0.01668	0.01054	0.01405	0.00790	0.00439	0.00615	0.00176	0.00878	0.00615	0.00263	0.00702
55	0.00926	0.00570	0.00614	0.00586	0.00661	0.00582	0.00384	0.06658	0.01005	0.01514	0.01632	0.02721	0.01618	0.46607	0.01673	0.00342	0.00416	0.00638	0.30435	0.00419
56	0.01596	0.08905	0.01443	0.01176	0.01463	0.38829	0.00918	0.02259	0.31094	0.01635	0.01394	0.01532	0.01128	0.00633	0.00492	0.00153	0.00680	0.03605	0.00375	0.00690
57	0.01114	0.01145	0.12902	0.01143	0.09955	0.00808	0.00912	0.01440	0.02963	0.06951	0.17570	0.01774	0.01701	0.00581	0.00478	0.00126	0.00444	0.00494	0.00374	0.37125
58	0.00745	0.00555	0.00824	0.00824	0.00913	0.00644	0.00635	0.00922	0.00833	0.01200	0.01406	0.02109	0.01329	0.07521	0.76057	0.00822	0.01354	0.00567	0.00281	0.00458
59	0.00634	0.00453	0.00604	0.00725	0.00755	0.00423	0.00483	0.00725	0.00997	0.01329	0.02870	0.81358	0.03444	0.01632	0.00665	0.00211	0.00302	0.01480	0.00483	0.00423
60	0.01061	0.02180	0.55392	0.01789	0.18654	0.01146	0.01726	0.01557	0.01109	0.01632	0.01115	0.08231	0.00942	0.00589	0.00514	0.00167	0.00696	0.00499	0.00251	0.00751
61	0.01174	0.01353	0.08062	0.19902	0.20300	0.01255	0.37037	0.01575	0.01168	0.01599	0.00999	0.01352	0.00767	0.00467	0.00562	0.00170	0.00769	0.00529	0.00252	0.00708
62	0.01269	0.01244	0.01996	0.15579	0.62877	0.04785	0.01547	0.01577	0.01176	0.01622	0.00963	0.01289	0.00797	0.00476	0.00514	0.00157	0.00645	0.00458	0.00254	0.00775
63	0.37892	0.01544	0.01322	0.01503	0.19825	0.26819	0.00957	0.01726	0.01151	0.01837	0.00812	0.00983	0.00662	0.00496	0.00417	0.00151	0.00630	0.00343	0.00289	0.00640
64	0.00751	0.00453	0.00636	0.00705	0.00722	0.00436	0.00470	0.00705	0.00859	0.01146	0.02020	0.46836	0.02345	0.01708	0.01258	0.36838	0.00367	0.01036	0.00372	0.00338
65	0.00914	0.00766	0.00984	0.01001	0.09337	0.00648	0.00662	0.01121	0.02357	0.01572	0.03922	0.28119	0.07603	0.00900	0.00518	0.00141	0.00371	0.00795	0.00385	0.37886

[dist]
# distance from previous block
# <min> <max>
0	5

[block]
# block no. 5 follows, 47 sequences, length 16
# corresponding to MSA columns:
# 321-336
name=unknown_F
#
# <colnr> <probs for GDERKNQSTAVLIFYWHMCP>
#	G	D	E	R	K	N	Q	S	T	A	V	L	I	F	Y	W	H	M	C	P
0	0.01110	0.35512	0.03243	0.00882	0.03665	0.01253	0.00746	0.02616	0.04544	0.03762	0.11078	0.11594	0.14492	0.00827	0.00482	0.00147	0.00434	0.00670	0.00373	0.02570
1	0.24627	0.11968	0.01504	0.03265	0.01472	0.12207	0.08155	0.05222	0.01177	0.05325	0.00906	0.01043	0.00715	0.00474	0.00412	0.00133	0.00559	0.00353	0.00314	0.20169
2	0.01318	0.01402	0.13523	0.01250	0.08676	0.09955	0.01012	0.14886	0.09481	0.05432	0.22456	0.02146	0.04757	0.00734	0.00540	0.00160	0.00527	0.00607	0.00439	0.00699
3	0.01352	0.35921	0.05520	0.02018	0.36106	0.05327	0.03831	0.01609	0.01143	0.01474	0.00863	0.01074	0.00743	0.00460	0.00438	0.00136	0.00623	0.00380	0.00242	0.00741
4	0.00991	0.00832	0.00985	0.00762	0.01139	0.00640	0.00590	0.01195	0.01063	0.01624	0.01313	0.17054	0.01303	0.00634	0.00441	0.00104	0.00369	0.00542	0.00343	0.68075
5	0.01315	0.24332	0.01835	0.35002	0.03861	0.03995	0.01119	0.06449	0.01193	0.07271	0.00971	0.01204	0.00753	0.00502	0.00453	0.00143	0.00607	0.00397	0.00288	0.08311
6	0.00905	0.00452	0.00678	0.00678	0.00678	0.00452	0.00452	0.00678	0.00678	0.00905	0.00905	0.01583	0.00905	0.01809	0.02035	0.84848	0.00452	0.00452	0.00226	0.00226
7	0.01202	0.01615	0.24911	0.02043	0.34595	0.01125	0.01447	0.05129	0.01196	0.01760	0.00967	0.01183	0.00766	0.00463	0.00480	0.00140	0.00609	0.00406	0.00270	0.19692
8	0.01078	0.10437	0.71554	0.01426	0.02164	0.01293	0.01823	0.01640	0.01095	0.01608	0.00914	0.01074	0.00661	0.00490	0.00479	0.00160	0.00749	0.00374	0.00220	0.00760
9	0.00745	0.00553	0.00809	0.00809	0.00893	0.00636	0.00617	0.00912	0.00829	0.01189	0.01420	0.02185	0.01362	0.11863	0.71760	0.00803	0.01304	0.00578	0.00283	0.00450
10	0.12848	0.13348	0.31427	0.01078	0.01566	0.04454	0.01173	0.10514	0.01239	0.01912	0.01038	0.01182	0.00790	0.00522	0.00428	0.00147	0.00582	0.00381	0.14687	0.00685
11	0.01687	0.01313	0.01398	0.01139	0.01503	0.01478	0.00919	0.45076	0.34563	0.02810	0.01622	0.01547	0.01187	0.00660	0.00525	0.00165	0.00504	0.00520	0.00525	0.00859
12	0.01358	0.74268	0.10175	0.00949	0.01426	0.01977	0.00992	0.01568	0.01062	0.01267	0.00745	0.00861	0.00667	0.00450	0.00350	0.00117	0.00578	0.00289	0.00222	0.00678
13	0.01728	0.35923	0.02062	0.01067	0.01496	0.01806	0.00948	0.44559	0.01854	0.02402	0.01025	0.01073	0.00793	0.00548	0.00441	0.00137	0.00566	0.00387	0.00393	0.00793
14	0.01045	0.02694	0.79000	0.01484	0.02254	0.01209	0.01924	0.01649	0.01099	0.01649	0.00935	0.01099	0.00660	0.00495	0.00495	0.00165	0.00770	0.00385	0.00220	0.00770
15	0.01153	0.00771	0.04504	0.00872	0.01025	0.00714	0.02634	0.11903	0.01110	0.06481	0.05015	0.02053	0.01314	0.01394	0.01413	0.48623	0.00487	0.07757	0.00338	0.00439

[dist]
# distance from previous block
# <min> <max>
0	2

# created by:
# /st0/software/busco_prod/Augustus/scripts/msa2prfl.pl ./align_prep/60173.fa
