[name]
unknown

[dist]
# distance from previous block
# <min> <max>
3	21

[block]
# block no. 0 follows, 50 sequences, length 67
# corresponding to MSA columns:
# 31-97
name=unknown_A
#
# <colnr> <probs for GDERKNQSTAVLIFYWHMCP>
#	G	D	E	R	K	N	Q	S	T	A	V	L	I	F	Y	W	H	M	C	P
0	0.01322	0.30202	0.10371	0.01268	0.07377	0.05919	0.05799	0.12327	0.04002	0.01601	0.00913	0.01091	0.00756	0.00702	0.05127	0.00178	0.08317	0.00382	0.00276	0.02069
1	0.00917	0.12448	0.03265	0.01996	0.01034	0.01006	0.00719	0.03950	0.00976	0.01313	0.01982	0.21748	0.13339	0.09107	0.01015	0.00210	0.21541	0.00774	0.02162	0.00496
2	0.01007	0.02527	0.76714	0.01449	0.02176	0.01162	0.04976	0.01579	0.01057	0.01579	0.00899	0.01064	0.00637	0.00471	0.00478	0.00158	0.00741	0.00377	0.00212	0.00734
3	0.00866	0.00433	0.00649	0.00649	0.00649	0.00433	0.00433	0.00649	0.00649	0.00866	0.00866	0.01515	0.00866	0.01732	0.01948	0.85498	0.00433	0.00433	0.00216	0.00216
4	0.01623	0.01261	0.01343	0.01092	0.01442	0.01419	0.00882	0.46594	0.33903	0.02703	0.01542	0.01472	0.01127	0.00631	0.00502	0.00158	0.00485	0.00496	0.00502	0.00823
5	0.01643	0.00887	0.01104	0.00840	0.01238	0.00758	0.00681	0.01975	0.09395	0.39799	0.01534	0.01444	0.01063	0.00523	0.00448	0.00123	0.00399	0.00424	0.00475	0.35248
6	0.01012	0.04066	0.75721	0.01434	0.02156	0.01177	0.04483	0.01578	0.01056	0.01571	0.00895	0.01058	0.00636	0.00471	0.00475	0.00157	0.00736	0.00374	0.00212	0.00733
7	0.01030	0.11551	0.68406	0.01339	0.02019	0.01229	0.01694	0.01550	0.01051	0.01530	0.00933	0.01184	0.00711	0.00500	0.00464	0.00155	0.00704	0.03015	0.00220	0.00716
8	0.01000	0.02578	0.79900	0.01421	0.02157	0.01158	0.01842	0.01579	0.01052	0.01579	0.00895	0.01052	0.00631	0.00474	0.00474	0.00158	0.00737	0.00368	0.00210	0.00737
9	0.00653	0.00492	0.00578	0.00604	0.00722	0.00435	0.00439	0.00792	0.01138	0.02940	0.18218	0.28425	0.38377	0.01299	0.00604	0.00178	0.00269	0.02923	0.00482	0.00434
10	0.01169	0.01324	0.02825	0.02036	0.02499	0.01282	0.71279	0.01564	0.01143	0.01564	0.00979	0.01324	0.00748	0.00457	0.00674	0.00172	0.07474	0.00576	0.00249	0.00662
11	0.00607	0.00434	0.00578	0.00694	0.00723	0.00405	0.00463	0.00694	0.00954	0.01272	0.02747	0.82157	0.03297	0.01562	0.00636	0.00202	0.00289	0.01417	0.00463	0.00405
12	0.00719	0.00481	0.00545	0.00552	0.00553	0.00479	0.00311	0.00723	0.00737	0.00983	0.01633	0.07459	0.01891	0.78178	0.02436	0.00468	0.00473	0.00762	0.00311	0.00307
13	0.00796	0.00653	0.00880	0.00849	0.00872	0.00786	0.00628	0.00882	0.00811	0.01149	0.01584	0.23725	0.01782	0.23421	0.15427	0.00387	0.23832	0.00796	0.00315	0.00425
14	0.02236	0.00848	0.01157	0.00887	0.01272	0.00733	0.00733	0.02429	0.01427	0.79719	0.01966	0.01697	0.01234	0.00617	0.00501	0.00154	0.00424	0.00501	0.00617	0.00848
15	0.00738	0.00527	0.00728	0.00843	0.00929	0.00517	0.00689	0.00919	0.01083	0.01418	0.02675	0.31245	0.03012	0.01439	0.00671	0.00220	0.00402	0.51044	0.00460	0.00441
16	0.06938	0.22051	0.43860	0.01190	0.01750	0.01392	0.01379	0.06919	0.01114	0.03582	0.00867	0.01002	0.00659	0.00494	0.00488	0.00147	0.04869	0.00349	0.00249	0.00700
17	0.82482	0.00943	0.00722	0.00648	0.00948	0.01091	0.00532	0.01453	0.00856	0.02221	0.00733	0.00853	0.00570	0.00468	0.00310	0.00153	0.00379	0.00278	0.03825	0.00537
18	0.00662	0.00462	0.00610	0.00684	0.00744	0.00429	0.00475	0.00785	0.01065	0.02918	0.17984	0.60704	0.05861	0.01422	0.00624	0.00192	0.00284	0.03184	0.00483	0.00428
19	0.01067	0.01014	0.01722	0.47602	0.36132	0.01141	0.01447	0.01384	0.01056	0.01426	0.00908	0.01288	0.00718	0.00475	0.00496	0.00158	0.00633	0.00443	0.00232	0.00655
20	0.01034	0.00886	0.01034	0.00738	0.01181	0.00664	0.00591	0.01255	0.01034	0.01624	0.00886	0.01034	0.00738	0.00369	0.00369	0.00074	0.00369	0.00295	0.00295	0.85530
21	0.00705	0.00510	0.00666	0.00627	0.00745	0.00470	0.00470	0.00941	0.01411	0.01999	0.79110	0.03723	0.04703	0.01019	0.00588	0.00157	0.00235	0.00901	0.00549	0.00470
22	0.86003	0.00964	0.00733	0.00655	0.00964	0.01118	0.00540	0.01465	0.00848	0.02236	0.00694	0.00810	0.00540	0.00463	0.00308	0.00154	0.00386	0.00270	0.00308	0.00540
23	0.00616	0.00506	0.00542	0.00533	0.00690	0.00432	0.00400	0.00767	0.01199	0.01495	0.21960	0.04552	0.62168	0.01207	0.00589	0.00166	0.00249	0.01018	0.00482	0.00432
24	0.01863	0.02353	0.01414	0.01281	0.01541	0.78631	0.00963	0.03766	0.01434	0.01265	0.00780	0.00906	0.00647	0.00516	0.00451	0.00129	0.00891	0.00324	0.00262	0.00584
25	0.01113	0.01061	0.01805	0.35424	0.47954	0.01152	0.01470	0.01424	0.01078	0.01482	0.00916	0.01273	0.00738	0.00467	0.00495	0.00156	0.00622	0.00444	0.00236	0.00692
26	0.01070	0.01060	0.01487	0.01281	0.01286	0.01477	0.01065	0.01183	0.00765	0.01197	0.00692	0.01138	0.00687	0.01030	0.05975	0.00250	0.77156	0.00442	0.00221	0.00540
27	0.00725	0.00483	0.00544	0.00544	0.00544	0.00483	0.00302	0.00725	0.00725	0.00966	0.01571	0.03262	0.01812	0.82483	0.02537	0.00483	0.00483	0.00725	0.00302	0.00302
28	0.00801	0.00536	0.00745	0.00732	0.00811	0.00586	0.00536	0.00928	0.00818	0.05609	0.01465	0.03878	0.01445	0.25660	0.52434	0.00663	0.01023	0.00603	0.00301	0.00427
29	0.00768	0.00559	0.00755	0.00841	0.00962	0.00546	0.00721	0.00986	0.01171	0.01523	0.10244	0.05342	0.12140	0.01329	0.00667	0.00215	0.00413	0.59894	0.00468	0.00456
30	0.01998	0.00990	0.01219	0.00948	0.01315	0.00966	0.00778	0.23922	0.04396	0.49692	0.07048	0.01698	0.01372	0.00641	0.00507	0.00154	0.00446	0.00516	0.00574	0.00820
31	0.00953	0.00494	0.00532	0.04772	0.00745	0.00504	0.00410	0.01190	0.01050	0.03230	0.01593	0.01827	0.01244	0.00577	0.00359	0.00119	0.00259	0.00464	0.79201	0.00476
32	0.00593	0.00505	0.00511	0.00509	0.00676	0.00423	0.00382	0.00723	0.01146	0.01370	0.07683	0.04759	0.76523	0.01254	0.00589	0.00168	0.00252	0.01047	0.00466	0.00423
33	0.01568	0.00773	0.00980	0.00811	0.01089	0.00731	0.00648	0.04620	0.11033	0.39719	0.25214	0.02319	0.02305	0.00743	0.00520	0.00155	0.00358	0.00626	0.05081	0.00706
34	0.01108	0.19338	0.47233	0.01444	0.02066	0.01352	0.17635	0.01564	0.01070	0.01496	0.00876	0.01060	0.00660	0.00452	0.00465	0.00149	0.00715	0.00393	0.00220	0.00702
35	0.00941	0.00886	0.01495	0.81285	0.03433	0.01107	0.01384	0.01274	0.00997	0.01274	0.00886	0.01329	0.00664	0.00498	0.00498	0.00166	0.00664	0.00443	0.00221	0.00554
36	0.00627	0.00447	0.00594	0.00705	0.00740	0.00421	0.00482	0.00721	0.00960	0.01277	0.02691	0.73034	0.03203	0.04847	0.00718	0.00216	0.00310	0.07146	0.00456	0.00405
37	0.05310	0.01361	0.01531	0.01170	0.01570	0.01492	0.04932	0.68610	0.02197	0.05057	0.01187	0.01202	0.00841	0.00584	0.00496	0.00151	0.00554	0.00450	0.00481	0.00826
38	0.01237	0.01198	0.01866	0.18189	0.57154	0.05403	0.01447	0.04658	0.01173	0.01600	0.00929	0.01233	0.00760	0.00465	0.00492	0.00151	0.00621	0.00438	0.00253	0.00735
39	0.01972	0.01240	0.01332	0.01049	0.01422	0.07415	0.00855	0.37373	0.07728	0.32067	0.01520	0.01414	0.01030	0.00605	0.00496	0.00151	0.00517	0.00467	0.00525	0.00822
40	0.00607	0.00434	0.00578	0.00694	0.00723	0.00405	0.00463	0.00694	0.00954	0.01272	0.02747	0.82157	0.03297	0.01562	0.00636	0.00202	0.00289	0.01417	0.00463	0.00405
41	0.01608	0.04781	0.01945	0.01598	0.05988	0.45893	0.23695	0.05792	0.01362	0.01452	0.00869	0.01061	0.00694	0.00484	0.00491	0.00142	0.00834	0.00412	0.00266	0.00633
42	0.00939	0.00872	0.01469	0.78804	0.03347	0.01087	0.01355	0.01254	0.00986	0.01261	0.00885	0.01335	0.00671	0.00536	0.00543	0.02791	0.00657	0.00443	0.00221	0.00543
43	0.01140	0.33281	0.46170	0.01289	0.05859	0.01472	0.01446	0.01543	0.01041	0.01425	0.00819	0.00965	0.00643	0.00454	0.00416	0.00138	0.00651	0.00333	0.00213	0.00702
44	0.00696	0.00520	0.00637	0.00651	0.00766	0.00485	0.00501	0.00864	0.01158	0.01524	0.26743	0.04371	0.25971	0.12414	0.02983	0.00239	0.00355	0.18233	0.00461	0.00429
45	0.05051	0.01040	0.01157	0.00908	0.01277	0.01024	0.00729	0.25866	0.11151	0.08203	0.01334	0.06950	0.01081	0.00588	0.00454	0.00129	0.00429	0.00472	0.00424	0.31732
46	0.09844	0.01245	0.01326	0.01041	0.01419	0.01357	0.00853	0.51219	0.11403	0.08861	0.01295	0.01272	0.00925	0.00584	0.00475	0.00149	0.00495	0.00442	0.00480	0.05316
47	0.01102	0.27125	0.56246	0.01247	0.01889	0.01407	0.01539	0.01552	0.01040	0.01454	0.00833	0.00975	0.00634	0.00459	0.00427	0.00142	0.00674	0.00337	0.00211	0.00707
48	0.01333	0.00859	0.01126	0.00981	0.01212	0.00894	0.04746	0.12131	0.11934	0.19891	0.02042	0.22514	0.03128	0.00956	0.00640	0.00181	0.06147	0.08153	0.00481	0.00651
49	0.00610	0.00506	0.00533	0.00526	0.00686	0.00429	0.00395	0.00755	0.01184	0.01461	0.18063	0.04608	0.66085	0.01220	0.00589	0.00166	0.00249	0.01026	0.00478	0.00429
50	0.00866	0.00433	0.00649	0.00649	0.00649	0.00433	0.00433	0.00649	0.00649	0.00866	0.00866	0.01515	0.00866	0.01732	0.01948	0.85498	0.00433	0.00433	0.00216	0.00216
51	0.04934	0.01090	0.01367	0.21040	0.09026	0.02879	0.01021	0.21571	0.13908	0.10240	0.03363	0.01545	0.01079	0.00593	0.00495	0.00158	0.00530	0.02373	0.00404	0.02384
52	0.01091	0.01091	0.01527	0.01309	0.01309	0.01527	0.01091	0.01200	0.00763	0.01200	0.00654	0.01091	0.00654	0.00872	0.01636	0.00218	0.81570	0.00436	0.00218	0.00545
53	0.00607	0.00434	0.00578	0.00694	0.00723	0.00405	0.00463	0.00694	0.00954	0.01272	0.02747	0.82157	0.03297	0.01562	0.00636	0.00202	0.00289	0.01417	0.00463	0.00405
54	0.20033	0.02343	0.04689	0.31875	0.24152	0.01173	0.01224	0.04712	0.01060	0.01679	0.00865	0.01157	0.00678	0.00484	0.00470	0.00157	0.01952	0.00399	0.00259	0.00639
55	0.01329	0.01115	0.01177	0.01032	0.01330	0.01282	0.00811	0.12905	0.68071	0.02229	0.01915	0.01769	0.01429	0.00666	0.00506	0.00166	0.00416	0.00548	0.00506	0.00797
56	0.00762	0.00544	0.00737	0.00832	0.00939	0.00531	0.00699	0.00941	0.01101	0.01419	0.02847	0.12754	0.12035	0.01400	0.00738	0.04756	0.00416	0.55666	0.00447	0.00436
57	0.00712	0.00534	0.00801	0.00801	0.00890	0.00623	0.00623	0.00890	0.00801	0.01157	0.01335	0.01958	0.01246	0.03738	0.80507	0.00801	0.01335	0.00534	0.00267	0.00445
58	0.01682	0.02034	0.01588	0.01793	0.23860	0.57743	0.01126	0.01858	0.01333	0.01337	0.00818	0.00995	0.00684	0.00494	0.00462	0.00134	0.00811	0.00356	0.00254	0.00639
59	0.00607	0.00434	0.00578	0.00694	0.00723	0.00405	0.00463	0.00694	0.00954	0.01272	0.02747	0.82157	0.03297	0.01562	0.00636	0.00202	0.00289	0.01417	0.00463	0.00405
60	0.01244	0.24334	0.07497	0.02291	0.49354	0.01408	0.04063	0.01525	0.01096	0.01495	0.00868	0.01103	0.00735	0.00440	0.00446	0.00138	0.00594	0.00394	0.00235	0.00739
61	0.01538	0.01285	0.23637	0.00992	0.01421	0.00821	0.01000	0.01894	0.04162	0.38836	0.17153	0.01925	0.01768	0.00659	0.00511	0.00156	0.00475	0.00546	0.00483	0.00738
62	0.00607	0.00434	0.00578	0.00694	0.00723	0.00405	0.00463	0.00694	0.00954	0.01272	0.02747	0.82157	0.03297	0.01562	0.00636	0.00202	0.00289	0.01417	0.00463	0.00405
63	0.01322	0.67373	0.06680	0.01020	0.01464	0.05156	0.08251	0.01528	0.01047	0.01237	0.00737	0.00869	0.00650	0.00432	0.00359	0.00116	0.00589	0.00305	0.00219	0.00645
64	0.01111	0.34942	0.33513	0.01151	0.01651	0.01438	0.05304	0.01444	0.01022	0.01369	0.00986	0.08728	0.00897	0.00572	0.00480	0.00144	0.03913	0.00442	0.00238	0.00654
65	0.00797	0.00715	0.01218	0.01085	0.01220	0.00728	0.17589	0.00968	0.00992	0.01348	0.02125	0.51220	0.02419	0.01223	0.00739	0.00198	0.09450	0.05094	0.00389	0.00482
66	0.01012	0.05430	0.77152	0.01400	0.02126	0.01187	0.01806	0.01575	0.01051	0.01564	0.00887	0.01043	0.00632	0.00472	0.00468	0.00156	0.00729	0.00365	0.00211	0.00733

[dist]
# distance from previous block
# <min> <max>
0	1

[block]
# block no. 1 follows, 50 sequences, length 15
# corresponding to MSA columns:
# 99-113
name=unknown_B
#
# <colnr> <probs for GDERKNQSTAVLIFYWHMCP>
#	G	D	E	R	K	N	Q	S	T	A	V	L	I	F	Y	W	H	M	C	P
0	0.04376	0.01000	0.01390	0.07286	0.01583	0.00924	0.13177	0.10745	0.03344	0.03119	0.01040	0.01276	0.00835	0.04059	0.00529	0.00132	0.00494	0.00407	0.02920	0.41362
1	0.00635	0.00460	0.00601	0.00674	0.00734	0.00426	0.00470	0.00762	0.01076	0.01450	0.20382	0.57144	0.08213	0.01413	0.00624	0.00191	0.00280	0.03561	0.00482	0.00422
2	0.01142	0.00911	0.01064	0.00768	0.01205	0.00714	0.00617	0.05342	0.01123	0.05815	0.00959	0.01077	0.00770	0.00394	0.00383	0.00082	0.00381	0.00314	0.00323	0.76614
3	0.00712	0.00478	0.00547	0.00559	0.00563	0.00475	0.00319	0.00722	0.00749	0.00999	0.01694	0.11568	0.01968	0.73963	0.02337	0.00454	0.00463	0.00798	0.00319	0.00313
4	0.01062	0.00785	0.00945	0.00731	0.01083	0.00617	0.00573	0.01264	0.01104	0.09395	0.08998	0.10492	0.03584	0.00615	0.00439	0.00107	0.00349	0.00521	0.00375	0.56962
5	0.01796	0.02350	0.07542	0.01289	0.01589	0.70954	0.01031	0.05159	0.01424	0.01329	0.00798	0.00923	0.00650	0.00514	0.00453	0.00132	0.00871	0.00330	0.00263	0.00602
6	0.01136	0.15885	0.56072	0.01285	0.01898	0.09609	0.01538	0.01586	0.01096	0.01487	0.03480	0.01084	0.00771	0.00488	0.00449	0.00146	0.00703	0.00364	0.00227	0.00695
7	0.01030	0.02366	0.66684	0.01537	0.02234	0.01175	0.14845	0.01582	0.01074	0.01582	0.00914	0.01103	0.00653	0.00464	0.00493	0.00160	0.00754	0.00406	0.00218	0.00726
8	0.01115	0.01059	0.09503	0.23331	0.12971	0.00993	0.01067	0.12597	0.02823	0.01840	0.07239	0.01586	0.01180	0.00566	0.00468	0.00148	0.00506	0.00479	0.19902	0.00628
9	0.01209	0.31108	0.44137	0.01204	0.01780	0.09786	0.01397	0.01591	0.01076	0.01396	0.00810	0.00946	0.00635	0.00461	0.00416	0.00137	0.00681	0.00327	0.00216	0.00685
10	0.00725	0.00483	0.00544	0.00544	0.00544	0.00483	0.00302	0.00725	0.00725	0.00966	0.01571	0.03262	0.01812	0.82483	0.02537	0.00483	0.00483	0.00725	0.00302	0.00302
11	0.01542	0.13212	0.01321	0.00874	0.01190	0.01215	0.00733	0.37053	0.01676	0.08432	0.01313	0.01379	0.00978	0.00569	0.00426	0.00133	0.00440	0.00431	0.26383	0.00700
12	0.00607	0.00434	0.00578	0.00694	0.00723	0.00405	0.00463	0.00694	0.00954	0.01272	0.02747	0.82157	0.03297	0.01562	0.00636	0.00202	0.00289	0.01417	0.00463	0.00405
13	0.01034	0.00886	0.01034	0.00738	0.01181	0.00664	0.00591	0.01255	0.01034	0.01624	0.00886	0.01034	0.00738	0.00369	0.00369	0.00074	0.00369	0.00295	0.00295	0.85530
14	0.01015	0.14690	0.59682	0.01253	0.01873	0.01207	0.01545	0.01485	0.01060	0.01522	0.05072	0.05417	0.00987	0.00552	0.00464	0.00152	0.00655	0.00436	0.00242	0.00690

[dist]
# distance from previous block
# <min> <max>
0	1

[block]
# block no. 2 follows, 50 sequences, length 12
# corresponding to MSA columns:
# 115-126
name=unknown_C
#
# <colnr> <probs for GDERKNQSTAVLIFYWHMCP>
#	G	D	E	R	K	N	Q	S	T	A	V	L	I	F	Y	W	H	M	C	P
0	0.01146	0.37810	0.45949	0.01171	0.01772	0.01515	0.01407	0.01541	0.01035	0.01400	0.00806	0.00941	0.00635	0.00453	0.00406	0.00135	0.00647	0.00324	0.00212	0.00694
1	0.00707	0.00498	0.00652	0.00665	0.00704	0.00532	0.00450	0.00789	0.00781	0.01077	0.01603	0.11350	0.01744	0.41634	0.34024	0.00582	0.00808	0.00723	0.00305	0.00371
2	0.28989	0.01134	0.01308	0.01020	0.01392	0.01208	0.09121	0.28796	0.03601	0.09509	0.01098	0.01159	0.00796	0.00524	0.00435	0.00148	0.00492	0.00405	0.02719	0.06148
3	0.01513	0.00961	0.01200	0.01162	0.09759	0.00991	0.00827	0.13062	0.22858	0.24041	0.08962	0.07079	0.01709	0.00731	0.00524	0.00162	0.00427	0.02772	0.00508	0.00751
4	0.00961	0.05809	0.00802	0.00687	0.00820	0.00582	0.00499	0.01072	0.01056	0.14859	0.08237	0.35617	0.10916	0.14674	0.00899	0.00227	0.00352	0.00992	0.00453	0.00486
5	0.10095	0.00712	0.01048	0.01020	0.06083	0.00691	0.11672	0.01032	0.01070	0.01533	0.09462	0.20077	0.16601	0.06638	0.00708	0.00201	0.00421	0.10046	0.00398	0.00491
6	0.05528	0.01222	0.01497	0.01695	0.27270	0.07276	0.01053	0.17649	0.13579	0.14014	0.03355	0.01415	0.01065	0.00560	0.00488	0.00152	0.00531	0.00467	0.00408	0.00774
7	0.01357	0.01211	0.01879	0.15134	0.53263	0.01264	0.01423	0.14674	0.01357	0.01885	0.01031	0.01319	0.00833	0.00518	0.00519	0.00162	0.00614	0.00463	0.00306	0.00790
8	0.01111	0.01049	0.01758	0.18459	0.55388	0.01087	0.01378	0.01402	0.01125	0.01567	0.06077	0.01582	0.04782	0.00531	0.00505	0.00153	0.00568	0.00502	0.00271	0.00704
9	0.05858	0.06202	0.01480	0.25695	0.11035	0.01203	0.02870	0.11715	0.16852	0.05740	0.01298	0.05689	0.01040	0.00596	0.00488	0.00159	0.00535	0.00506	0.00356	0.00682
10	0.01251	0.00958	0.05044	0.01033	0.01340	0.00867	0.12806	0.12506	0.06302	0.15885	0.16922	0.09054	0.12197	0.00821	0.00553	0.00163	0.00451	0.00731	0.00470	0.00646
11	0.08876	0.06690	0.47472	0.01168	0.01750	0.01129	0.01362	0.06955	0.01151	0.04488	0.04426	0.01166	0.00854	0.00497	0.00446	0.00144	0.00605	0.00380	0.00279	0.10163

[dist]
# distance from previous block
# <min> <max>
48	80

[block]
# block no. 3 follows, 50 sequences, length 16
# corresponding to MSA columns:
# 220-235
name=unknown_D
#
# <colnr> <probs for GDERKNQSTAVLIFYWHMCP>
#	G	D	E	R	K	N	Q	S	T	A	V	L	I	F	Y	W	H	M	C	P
0	0.06272	0.29777	0.13389	0.01086	0.01531	0.04559	0.04419	0.25565	0.01472	0.04274	0.02687	0.01082	0.00812	0.00511	0.00426	0.00136	0.00577	0.00377	0.00331	0.00715
1	0.22048	0.00879	0.00829	0.00785	0.00985	0.07233	0.00603	0.08417	0.05115	0.01830	0.10186	0.23577	0.07112	0.00945	0.00507	0.00168	0.00396	0.04925	0.00418	0.03041
2	0.01074	0.01181	0.14856	0.00864	0.01356	0.00753	0.00815	0.01357	0.01052	0.04651	0.00929	0.01063	0.00739	0.00397	0.00393	0.00092	0.00436	0.00316	0.00293	0.67383
3	0.01182	0.01132	0.01931	0.16765	0.66069	0.01171	0.01504	0.01485	0.01111	0.01566	0.00929	0.01250	0.00768	0.00454	0.00494	0.00151	0.00605	0.00444	0.00242	0.00748
4	0.00900	0.00820	0.01350	0.67153	0.02962	0.00996	0.01224	0.01215	0.01069	0.01401	0.14591	0.01748	0.01372	0.00590	0.00514	0.00164	0.00589	0.00523	0.00279	0.00539
5	0.01356	0.00992	0.01197	0.00953	0.01255	0.01017	0.00771	0.17189	0.05855	0.12281	0.03090	0.06924	0.01129	0.00654	0.00667	0.00142	0.14633	0.00487	0.00397	0.29012
6	0.01366	0.00975	0.01508	0.01096	0.01530	0.00818	0.18884	0.01627	0.01178	0.21574	0.03336	0.01350	0.00978	0.00462	0.00461	0.00119	0.00491	0.00434	0.00374	0.41438
7	0.01234	0.01184	0.02023	0.03059	0.79373	0.01184	0.01530	0.01530	0.01135	0.01628	0.00938	0.01234	0.00790	0.00444	0.00493	0.00148	0.00592	0.00444	0.00247	0.00790
8	0.00941	0.00886	0.01495	0.81285	0.03433	0.01107	0.01384	0.01274	0.00997	0.01274	0.00886	0.01329	0.00664	0.00498	0.00498	0.00166	0.00664	0.00443	0.00221	0.00554
9	0.01240	0.01071	0.01127	0.01014	0.01296	0.01240	0.00789	0.02649	0.78473	0.02085	0.02029	0.01860	0.01522	0.00676	0.00507	0.00169	0.00394	0.00564	0.00507	0.00789
10	0.00941	0.00886	0.01495	0.81285	0.03433	0.01107	0.01384	0.01274	0.00997	0.01274	0.00886	0.01329	0.00664	0.00498	0.00498	0.00166	0.00664	0.00443	0.00221	0.00554
11	0.86003	0.00964	0.00733	0.00655	0.00964	0.01118	0.00540	0.01465	0.00848	0.02236	0.00694	0.00810	0.00540	0.00463	0.00308	0.00154	0.00386	0.00270	0.00308	0.00540
12	0.01895	0.01396	0.01496	0.01147	0.01546	0.01546	0.00947	0.77711	0.02344	0.03141	0.01197	0.01197	0.00848	0.00598	0.00499	0.00150	0.00548	0.00449	0.00499	0.00848
13	0.00942	0.00614	0.00790	0.00821	0.00976	0.00596	0.00673	0.01227	0.07411	0.10553	0.04867	0.15605	0.14082	0.01232	0.00627	0.00201	0.00389	0.37390	0.00485	0.00518
14	0.01782	0.01349	0.01478	0.01155	0.01509	0.01527	0.00952	0.66253	0.06497	0.02899	0.01193	0.01224	0.00868	0.00629	0.00606	0.00157	0.08182	0.00454	0.00473	0.00816
15	0.01270	0.01397	0.01146	0.01077	0.01224	0.32115	0.00813	0.01556	0.11611	0.01349	0.01508	0.25203	0.01552	0.00910	0.00721	0.00172	0.14783	0.00700	0.00345	0.00549

[dist]
# distance from previous block
# <min> <max>
4	11

[block]
# block no. 4 follows, 50 sequences, length 6
# corresponding to MSA columns:
# 248-253
name=unknown_E
#
# <colnr> <probs for GDERKNQSTAVLIFYWHMCP>
#	G	D	E	R	K	N	Q	S	T	A	V	L	I	F	Y	W	H	M	C	P
0	0.01034	0.00886	0.01034	0.00738	0.01181	0.00664	0.00591	0.01255	0.01034	0.01624	0.00886	0.01034	0.00738	0.00369	0.00369	0.00074	0.00369	0.00295	0.00295	0.85530
1	0.02034	0.01173	0.01358	0.01041	0.01434	0.01214	0.00860	0.47013	0.01970	0.34368	0.01511	0.01401	0.01005	0.00606	0.00500	0.00151	0.00498	0.00470	0.00547	0.00848
2	0.01499	0.01439	0.01257	0.01101	0.01397	0.20386	0.00857	0.15011	0.47205	0.02053	0.01587	0.01518	0.01197	0.00624	0.00492	0.00156	0.00542	0.00486	0.00445	0.00748
3	0.01240	0.01071	0.01127	0.01014	0.01296	0.01240	0.00789	0.02649	0.78473	0.02085	0.02029	0.01860	0.01522	0.00676	0.00507	0.00169	0.00394	0.00564	0.00507	0.00789
4	0.01034	0.00886	0.01034	0.00738	0.01181	0.00664	0.00591	0.01255	0.01034	0.01624	0.00886	0.01034	0.00738	0.00369	0.00369	0.00074	0.00369	0.00295	0.00295	0.85530
5	0.01034	0.00886	0.01034	0.00738	0.01181	0.00664	0.00591	0.01255	0.01034	0.01624	0.00886	0.01034	0.00738	0.00369	0.00369	0.00074	0.00369	0.00295	0.00295	0.85530

[dist]
# distance from previous block
# <min> <max>
0	3

[block]
# block no. 5 follows, 50 sequences, length 9
# corresponding to MSA columns:
# 257-265
name=unknown_F
#
# <colnr> <probs for GDERKNQSTAVLIFYWHMCP>
#	G	D	E	R	K	N	Q	S	T	A	V	L	I	F	Y	W	H	M	C	P
0	0.18953	0.00730	0.00790	0.00717	0.00943	0.00726	0.00563	0.01271	0.09535	0.01877	0.26314	0.07902	0.05805	0.00832	0.00495	0.00153	0.00330	0.06985	0.00434	0.14644
1	0.01097	0.01135	0.02185	0.01592	0.02023	0.01037	0.48986	0.04100	0.01187	0.01646	0.04756	0.05823	0.04573	0.00542	0.00545	0.00151	0.00656	0.00605	0.00303	0.17058
2	0.06098	0.01433	0.01330	0.01080	0.01416	0.16204	0.00867	0.44895	0.05819	0.06637	0.08141	0.01407	0.01193	0.00618	0.00488	0.00148	0.00564	0.00465	0.00455	0.00744
3	0.01634	0.01672	0.01306	0.01130	0.01422	0.35142	0.00878	0.22165	0.19380	0.01964	0.04343	0.01457	0.04067	0.00622	0.00486	0.00146	0.00639	0.00461	0.00398	0.00688
4	0.01234	0.01184	0.02023	0.03059	0.79373	0.01184	0.01530	0.01530	0.01135	0.01628	0.00938	0.01234	0.00790	0.00444	0.00493	0.00148	0.00592	0.00444	0.00247	0.00790
5	0.00941	0.00886	0.01495	0.81285	0.03433	0.01107	0.01384	0.01274	0.00997	0.01274	0.00886	0.01329	0.00664	0.00498	0.00498	0.00166	0.00664	0.00443	0.00221	0.00554
6	0.00941	0.00886	0.01495	0.81285	0.03433	0.01107	0.01384	0.01274	0.00997	0.01274	0.00886	0.01329	0.00664	0.00498	0.00498	0.00166	0.00664	0.00443	0.00221	0.00554
7	0.00941	0.00886	0.01495	0.81285	0.03433	0.01107	0.01384	0.01274	0.00997	0.01274	0.00886	0.01329	0.00664	0.00498	0.00498	0.00166	0.00664	0.00443	0.00221	0.00554
8	0.00589	0.00505	0.00505	0.00505	0.00673	0.00421	0.00379	0.00715	0.01136	0.01347	0.05049	0.04797	0.79171	0.01262	0.00589	0.00168	0.00252	0.01052	0.00463	0.00421

[dist]
# distance from previous block
# <min> <max>
0	0

# created by:
# /st0/software/busco_prod/Augustus/scripts/msa2prfl.pl ./align_prep/60191.fa
