[name]
unknown

[dist]
# distance from previous block
# <min> <max>
0	146

[block]
# block no. 0 follows, 46 sequences, length 13
# corresponding to MSA columns:
# 146-158
name=unknown_A
#
# <colnr> <probs for GDERKNQSTAVLIFYWHMCP>
#	G	D	E	R	K	N	Q	S	T	A	V	L	I	F	Y	W	H	M	C	P
0	0.01410	0.03101	0.03100	0.01094	0.01350	0.07019	0.00940	0.20899	0.01570	0.08972	0.01992	0.03517	0.01923	0.01030	0.00671	0.00200	0.04222	0.35862	0.00472	0.00657
1	0.05434	0.22192	0.15275	0.01206	0.01692	0.07520	0.06848	0.19017	0.01487	0.08923	0.01060	0.01143	0.00795	0.00527	0.00463	0.00145	0.00635	0.00401	0.00350	0.04887
2	0.12132	0.15980	0.12460	0.04635	0.01552	0.01233	0.02137	0.04950	0.09243	0.14418	0.01348	0.01466	0.02520	0.00573	0.00457	0.00149	0.00523	0.02349	0.00379	0.11495
3	0.19523	0.01156	0.01635	0.02090	0.39282	0.03659	0.04614	0.01596	0.01155	0.05060	0.01141	0.01631	0.00989	0.00568	0.00493	0.00161	0.00565	0.07146	0.00317	0.07218
4	0.01308	0.01256	0.02146	0.03245	0.78123	0.01256	0.01622	0.01622	0.01204	0.01727	0.00994	0.01308	0.00837	0.00471	0.00523	0.00157	0.00628	0.00471	0.00262	0.00837
5	0.00639	0.00528	0.00545	0.00555	0.00706	0.00451	0.00401	0.00758	0.01151	0.01386	0.04834	0.10762	0.65313	0.08629	0.00816	0.00212	0.00293	0.01114	0.00475	0.00434
6	0.09425	0.01398	0.01615	0.01539	0.15543	0.01528	0.01078	0.55932	0.02108	0.02952	0.01171	0.01239	0.00858	0.00592	0.00510	0.00159	0.00575	0.00458	0.00462	0.00858
7	0.00769	0.00513	0.00577	0.00577	0.00577	0.00513	0.00320	0.00769	0.00769	0.01025	0.01666	0.03460	0.01922	0.81421	0.02691	0.00513	0.00513	0.00769	0.00320	0.00320
8	0.74296	0.01082	0.00883	0.00763	0.01103	0.01245	0.00629	0.11324	0.01107	0.02497	0.00806	0.00912	0.00615	0.00510	0.00354	0.00163	0.00432	0.00311	0.00354	0.00615
9	0.00751	0.00508	0.00591	0.00604	0.00618	0.00501	0.00356	0.00782	0.00857	0.01152	0.07719	0.13635	0.02365	0.64791	0.02268	0.00447	0.00465	0.00879	0.00363	0.00348
10	0.01678	0.01254	0.01453	0.01348	0.11084	0.01356	0.00955	0.47291	0.07129	0.05028	0.01505	0.01749	0.03589	0.11194	0.00814	0.00207	0.00553	0.00544	0.00471	0.00797
11	0.01505	0.01201	0.01879	0.02560	0.54443	0.01204	0.01377	0.11464	0.01402	0.11839	0.01265	0.05254	0.01036	0.00574	0.00533	0.00161	0.00583	0.00530	0.00358	0.00834
12	0.01002	0.00784	0.01116	0.01365	0.20942	0.00756	0.00816	0.03212	0.04108	0.05623	0.34034	0.08569	0.13641	0.00953	0.00591	0.00169	0.00379	0.00845	0.00480	0.00617

[dist]
# distance from previous block
# <min> <max>
0	2

[block]
# block no. 1 follows, 46 sequences, length 10
# corresponding to MSA columns:
# 161-170
name=unknown_B
#
# <colnr> <probs for GDERKNQSTAVLIFYWHMCP>
#	G	D	E	R	K	N	Q	S	T	A	V	L	I	F	Y	W	H	M	C	P
0	0.01304	0.01269	0.02220	0.03168	0.72393	0.01262	0.07293	0.01628	0.01207	0.01725	0.01000	0.01317	0.00835	0.00469	0.00531	0.00159	0.00648	0.00483	0.00262	0.00828
1	0.04876	0.00915	0.01149	0.01043	0.07502	0.00826	0.03618	0.05315	0.06689	0.01859	0.06141	0.09902	0.04322	0.00663	0.00477	0.00130	0.00412	0.00570	0.05257	0.38334
2	0.01510	0.01728	0.01415	0.01206	0.01514	0.40682	0.07320	0.03130	0.02777	0.01484	0.01239	0.10397	0.02544	0.00717	0.02002	0.00152	0.00731	0.00520	0.00320	0.18612
3	0.00751	0.00601	0.00674	0.00742	0.00828	0.03718	0.00516	0.03900	0.01130	0.01444	0.03241	0.59557	0.17921	0.01506	0.00651	0.00202	0.00337	0.01337	0.00483	0.00460
4	0.07941	0.00756	0.00945	0.00965	0.03396	0.05750	0.07154	0.01008	0.01061	0.01466	0.02450	0.52895	0.06464	0.04332	0.00697	0.00210	0.00424	0.01169	0.00430	0.00488
5	0.01535	0.01024	0.01262	0.01077	0.07388	0.00910	0.00793	0.12485	0.03913	0.20145	0.01477	0.01490	0.03992	0.00543	0.00469	0.00124	0.00447	0.00442	0.00435	0.40046
6	0.15839	0.01377	0.01477	0.01297	0.07054	0.10411	0.06630	0.29705	0.06111	0.06316	0.05201	0.01503	0.03530	0.00624	0.00504	0.00161	0.00580	0.00494	0.00434	0.00753
7	0.03935	0.01286	0.01574	0.01846	0.31134	0.09773	0.01092	0.06001	0.06765	0.01826	0.01048	0.01229	0.00853	0.00480	0.00469	0.00130	0.00559	0.00407	0.00318	0.29277
8	0.01500	0.01266	0.07020	0.07090	0.13335	0.04865	0.11678	0.12683	0.01477	0.16474	0.09308	0.03837	0.03249	0.00648	0.00549	0.00163	0.00593	0.00581	0.00418	0.03266
9	0.06526	0.06745	0.09953	0.01223	0.08081	0.03588	0.02203	0.08963	0.05334	0.25068	0.01358	0.01361	0.00966	0.00545	0.00477	0.00144	0.00530	0.00434	0.00427	0.16074

[dist]
# distance from previous block
# <min> <max>
0	9

[block]
# block no. 2 follows, 46 sequences, length 20
# corresponding to MSA columns:
# 180-199
name=unknown_C
#
# <colnr> <probs for GDERKNQSTAVLIFYWHMCP>
#	G	D	E	R	K	N	Q	S	T	A	V	L	I	F	Y	W	H	M	C	P
0	0.08420	0.10883	0.30630	0.05418	0.07471	0.12176	0.01356	0.01697	0.05297	0.01653	0.05205	0.01277	0.00970	0.00567	0.00542	0.00160	0.04880	0.00419	0.00280	0.00699
1	0.01508	0.19774	0.12338	0.01523	0.13831	0.15777	0.03184	0.12902	0.04759	0.01792	0.00987	0.01124	0.00789	0.00513	0.00465	0.00140	0.00667	0.00392	0.00307	0.07229
2	0.13419	0.01350	0.03159	0.04750	0.41581	0.07996	0.01282	0.09961	0.03811	0.06197	0.01068	0.01258	0.00837	0.00519	0.00493	0.00158	0.00609	0.00440	0.00330	0.00781
3	0.00794	0.00653	0.00892	0.08577	0.09214	0.00628	0.00682	0.01026	0.01335	0.01796	0.40512	0.03767	0.26048	0.01041	0.00604	0.00170	0.00339	0.00906	0.00487	0.00527
4	0.01102	0.02447	0.62065	0.01665	0.02392	0.01252	0.18281	0.01678	0.01145	0.01678	0.00975	0.01184	0.00699	0.00490	0.00529	0.00170	0.00805	0.00442	0.00233	0.00766
5	0.00752	0.00579	0.00834	0.05374	0.08417	0.00570	0.00677	0.00888	0.01039	0.01390	0.02546	0.58577	0.02967	0.05489	0.00759	0.00225	0.00386	0.07611	0.00446	0.00477
6	0.00625	0.00536	0.00536	0.00536	0.00714	0.00446	0.00402	0.00759	0.01205	0.01428	0.05355	0.05088	0.77909	0.01339	0.00625	0.00179	0.00268	0.01116	0.00491	0.00446
7	0.01347	0.17129	0.16653	0.02240	0.39323	0.01451	0.03857	0.08741	0.01286	0.01775	0.00964	0.01183	0.00780	0.00488	0.00487	0.00151	0.00649	0.00425	0.00273	0.00798
8	0.01097	0.00635	0.00659	0.00607	0.00754	0.00657	0.00452	0.11738	0.01251	0.02019	0.01652	0.02098	0.01377	0.12884	0.00744	0.00187	0.00334	0.00532	0.59799	0.00524
9	0.00653	0.00489	0.00607	0.00679	0.00757	0.00443	0.00471	0.00776	0.01123	0.01471	0.13522	0.52715	0.21360	0.01504	0.00656	0.00200	0.00290	0.01338	0.00503	0.00443
10	0.01060	0.02735	0.78682	0.01507	0.02288	0.01228	0.01953	0.01674	0.01116	0.01674	0.00949	0.01116	0.00670	0.00502	0.00502	0.00167	0.00781	0.00391	0.00223	0.00781
11	0.68340	0.05578	0.04931	0.00812	0.01164	0.08782	0.00704	0.01615	0.00978	0.02172	0.00755	0.00880	0.00594	0.00494	0.00351	0.00158	0.00489	0.00297	0.00311	0.00593
12	0.01539	0.01693	0.02181	0.02009	0.17241	0.24062	0.27110	0.08296	0.05544	0.01744	0.01049	0.01275	0.00824	0.00522	0.00574	0.00161	0.02651	0.00493	0.00304	0.00728
13	0.01354	0.01852	0.35323	0.01509	0.08689	0.01222	0.05432	0.12419	0.11614	0.08734	0.01375	0.05760	0.01064	0.00621	0.00531	0.00170	0.00641	0.00524	0.00367	0.00798
14	0.00627	0.00527	0.00544	0.00558	0.00720	0.00444	0.00411	0.00756	0.01184	0.01419	0.05087	0.13438	0.69732	0.01374	0.00630	0.00182	0.00272	0.01158	0.00491	0.00444
15	0.01218	0.01146	0.01927	0.08027	0.63125	0.01158	0.01493	0.01520	0.01192	0.01675	0.01298	0.03294	0.03151	0.00604	0.00547	0.00167	0.00605	0.06790	0.00289	0.00773
16	0.00868	0.00682	0.00801	0.00781	0.00943	0.00677	0.00575	0.03305	0.16601	0.01796	0.21038	0.30568	0.11753	0.01184	0.00607	0.00182	0.00324	0.01041	0.00512	0.05761
17	0.00951	0.00685	0.00835	0.00773	0.00932	0.00688	0.00591	0.06659	0.05383	0.06129	0.34484	0.13177	0.16544	0.02986	0.00725	0.00188	0.04760	0.02436	0.00525	0.00550
18	0.45667	0.03431	0.12748	0.01001	0.02779	0.01171	0.03460	0.01796	0.04097	0.15235	0.01071	0.01140	0.00774	0.00540	0.00456	0.00166	0.03040	0.00377	0.00367	0.00683
19	0.04069	0.01814	0.32994	0.06256	0.37092	0.01210	0.01662	0.01612	0.01145	0.01708	0.00961	0.01210	0.00751	0.00483	0.00502	0.00158	0.00674	0.00424	0.00250	0.05024

[dist]
# distance from previous block
# <min> <max>
1	4

[block]
# block no. 3 follows, 46 sequences, length 15
# corresponding to MSA columns:
# 204-218
name=unknown_D
#
# <colnr> <probs for GDERKNQSTAVLIFYWHMCP>
#	G	D	E	R	K	N	Q	S	T	A	V	L	I	F	Y	W	H	M	C	P
0	0.03248	0.06131	0.15941	0.01535	0.10059	0.01089	0.19068	0.01622	0.04211	0.08612	0.16392	0.03542	0.01731	0.00639	0.00547	0.00163	0.00595	0.00600	0.00371	0.03902
1	0.04394	0.01651	0.31173	0.06079	0.15109	0.01059	0.02958	0.01675	0.03113	0.10839	0.10261	0.01601	0.01320	0.00582	0.00515	0.00160	0.00602	0.00494	0.00343	0.06069
2	0.01556	0.07741	0.15584	0.01119	0.01588	0.01058	0.07166	0.09718	0.01420	0.24420	0.08679	0.01686	0.02945	0.00609	0.00509	0.00150	0.00539	0.00510	0.00438	0.12564
3	0.04512	0.01021	0.01453	0.01439	0.16559	0.00955	0.03803	0.02248	0.09059	0.44235	0.01705	0.01621	0.01163	0.00591	0.00517	0.00158	0.00493	0.00505	0.00513	0.07452
4	0.01091	0.05131	0.03620	0.02931	0.02836	0.00788	0.00701	0.01315	0.01082	0.03370	0.01138	0.06919	0.01043	0.05146	0.00554	0.00124	0.00428	0.00437	0.00324	0.61024
5	0.00663	0.00473	0.00635	0.00758	0.00796	0.00446	0.00523	0.00769	0.01031	0.01371	0.02903	0.74282	0.03455	0.01639	0.00680	0.00217	0.00323	0.08111	0.00490	0.00435
6	0.00791	0.00606	0.00733	0.00690	0.00842	0.00581	0.00521	0.01160	0.09840	0.02019	0.57777	0.03913	0.16358	0.01082	0.00614	0.00170	0.00271	0.00942	0.00562	0.00528
7	0.00625	0.00536	0.00536	0.00536	0.00714	0.00446	0.00402	0.00759	0.01205	0.01428	0.05355	0.05088	0.77909	0.01339	0.00625	0.00179	0.00268	0.01116	0.00491	0.00446
8	0.01133	0.01189	0.07773	0.01246	0.06279	0.00892	0.14107	0.01440	0.01131	0.01714	0.00967	0.01169	0.00781	0.00415	0.00449	0.00108	0.00525	0.00384	0.00295	0.58004
9	0.00769	0.00565	0.00751	0.00815	0.00928	0.00524	0.00628	0.00942	0.01137	0.01540	0.09972	0.40222	0.03224	0.01411	0.00661	0.00207	0.00371	0.26239	0.00481	0.08615
10	0.01081	0.01006	0.01586	0.13422	0.24989	0.01000	0.08584	0.01463	0.07659	0.01650	0.03227	0.08857	0.09733	0.00699	0.00543	0.00160	0.00538	0.00646	0.00341	0.12815
11	0.28085	0.06449	0.21240	0.02745	0.08411	0.10065	0.04114	0.01732	0.06723	0.01882	0.03367	0.01186	0.00867	0.00530	0.00447	0.00160	0.00615	0.00396	0.00302	0.00683
12	0.05669	0.05654	0.06190	0.01280	0.01649	0.23250	0.10394	0.15607	0.02893	0.06218	0.01398	0.01831	0.03546	0.00671	0.00527	0.00161	0.00691	0.08668	0.00375	0.03327
13	0.01298	0.11711	0.14297	0.01684	0.02173	0.06950	0.35786	0.01858	0.12609	0.01668	0.01139	0.01344	0.00875	0.00521	0.00588	0.00168	0.03796	0.00515	0.00295	0.00726
14	0.01279	0.01197	0.01950	0.07309	0.62622	0.01218	0.01478	0.05222	0.03592	0.01779	0.01330	0.01584	0.05985	0.00548	0.00531	0.00160	0.00600	0.00518	0.00297	0.00800

[dist]
# distance from previous block
# <min> <max>
3	5

[block]
# block no. 4 follows, 46 sequences, length 12
# corresponding to MSA columns:
# 224-235
name=unknown_E
#
# <colnr> <probs for GDERKNQSTAVLIFYWHMCP>
#	G	D	E	R	K	N	Q	S	T	A	V	L	I	F	Y	W	H	M	C	P
0	0.01387	0.01048	0.01746	0.31573	0.16086	0.01075	0.10466	0.01700	0.01208	0.17904	0.01209	0.01443	0.00877	0.00520	0.00526	0.00160	0.00627	0.00486	0.00341	0.09620
1	0.00872	0.00563	0.00710	0.00757	0.00865	0.00530	0.00534	0.01079	0.06422	0.09592	0.03073	0.57777	0.12299	0.01445	0.00644	0.00202	0.00325	0.01289	0.00511	0.00510
2	0.01618	0.00731	0.00946	0.00798	0.01083	0.00634	0.00631	0.01795	0.01377	0.44743	0.08794	0.12514	0.20121	0.00974	0.00579	0.00174	0.00373	0.00823	0.00590	0.00703
3	0.01362	0.01662	0.20387	0.01902	0.18146	0.01291	0.18774	0.17514	0.01454	0.02047	0.01054	0.01259	0.00797	0.00499	0.00529	0.00156	0.00691	0.00472	0.00316	0.09688
4	0.01091	0.01103	0.11534	0.01097	0.05857	0.00899	0.00887	0.15190	0.05741	0.01952	0.09619	0.29763	0.02229	0.00993	0.00572	0.00173	0.00451	0.00866	0.00441	0.09542
5	0.01429	0.01016	0.01637	0.15693	0.16992	0.01025	0.10551	0.06901	0.01336	0.19311	0.01721	0.05888	0.04083	0.00734	0.00574	0.00178	0.00586	0.09210	0.00412	0.00722
6	0.05322	0.05996	0.04418	0.14489	0.22710	0.12194	0.01187	0.13128	0.01384	0.01812	0.01392	0.06127	0.06328	0.00647	0.00514	0.00160	0.00627	0.00536	0.00329	0.00700
7	0.01213	0.10853	0.01443	0.19854	0.10964	0.01060	0.00965	0.07145	0.01272	0.09748	0.02208	0.04975	0.19651	0.00761	0.00525	0.00159	0.00503	0.00637	0.00380	0.05682
8	0.10102	0.01097	0.01637	0.24275	0.14407	0.01194	0.10879	0.10744	0.07136	0.01883	0.01589	0.01789	0.09762	0.00626	0.00531	0.00170	0.00598	0.00556	0.00342	0.00683
9	0.01522	0.01632	0.19757	0.06282	0.11561	0.06074	0.21390	0.04454	0.01319	0.18917	0.01244	0.01388	0.00880	0.00526	0.00545	0.00166	0.00717	0.00499	0.00351	0.00779
10	0.06078	0.04177	0.07683	0.06413	0.12130	0.05675	0.10284	0.13650	0.01441	0.01996	0.16145	0.07413	0.03207	0.00723	0.00547	0.00166	0.00571	0.00638	0.00387	0.00676
11	0.01157	0.01109	0.01648	0.09427	0.34983	0.05586	0.05674	0.01493	0.05932	0.01614	0.01460	0.18293	0.01424	0.00741	0.00550	0.00166	0.00570	0.00688	0.00330	0.07153

[dist]
# distance from previous block
# <min> <max>
4	36

[block]
# block no. 5 follows, 46 sequences, length 6
# corresponding to MSA columns:
# 272-277
name=unknown_F
#
# <colnr> <probs for GDERKNQSTAVLIFYWHMCP>
#	G	D	E	R	K	N	Q	S	T	A	V	L	I	F	Y	W	H	M	C	P
0	0.01416	0.04856	0.24451	0.01195	0.01641	0.11561	0.01180	0.13546	0.13480	0.06640	0.07680	0.01842	0.03805	0.00683	0.00527	0.00165	0.00615	0.03572	0.00402	0.00744
1	0.06416	0.12571	0.13721	0.00978	0.01336	0.04870	0.00916	0.11925	0.04244	0.07358	0.20936	0.06186	0.02060	0.00748	0.00510	0.00158	0.00492	0.00604	0.03299	0.00672
2	0.04907	0.03716	0.04478	0.01204	0.03748	0.11495	0.07507	0.09607	0.25572	0.02024	0.09194	0.01828	0.04351	0.00662	0.00520	0.00158	0.00547	0.00552	0.00424	0.07506
3	0.09597	0.04680	0.06808	0.01112	0.03899	0.09322	0.00923	0.07081	0.08387	0.18879	0.04788	0.01823	0.04266	0.00699	0.00609	0.00166	0.07348	0.04047	0.00430	0.05139
4	0.18195	0.01195	0.10274	0.03917	0.04465	0.07156	0.00869	0.01672	0.05550	0.13900	0.13061	0.07396	0.01714	0.00712	0.00494	0.00162	0.00483	0.00574	0.04953	0.03257
5	0.09689	0.04779	0.06612	0.01144	0.05855	0.23093	0.00897	0.03583	0.02699	0.10789	0.06105	0.02904	0.05766	0.00627	0.00478	0.00144	0.00592	0.00478	0.01771	0.11996

[dist]
# distance from previous block
# <min> <max>
0	1

[block]
# block no. 6 follows, 46 sequences, length 16
# corresponding to MSA columns:
# 279-294
name=unknown_G
#
# <colnr> <probs for GDERKNQSTAVLIFYWHMCP>
#	G	D	E	R	K	N	Q	S	T	A	V	L	I	F	Y	W	H	M	C	P
0	0.11871	0.10735	0.24873	0.05762	0.05192	0.02432	0.01166	0.03967	0.03679	0.05913	0.05559	0.02968	0.03412	0.00584	0.00469	0.00152	0.00567	0.00457	0.00327	0.09915
1	0.05143	0.05399	0.05283	0.01206	0.05753	0.19608	0.00943	0.11441	0.12595	0.13447	0.05857	0.01562	0.02874	0.00623	0.00498	0.00151	0.00592	0.00480	0.00423	0.06122
2	0.01153	0.07205	0.56771	0.01471	0.02142	0.01222	0.09926	0.01671	0.01155	0.05917	0.02762	0.04216	0.00920	0.00557	0.00516	0.00167	0.00732	0.00471	0.00270	0.00755
3	0.01537	0.10082	0.01479	0.01107	0.01453	0.09848	0.00892	0.18309	0.41930	0.02230	0.01620	0.01557	0.01228	0.00640	0.00502	0.00159	0.00526	0.00499	0.00465	0.03935
4	0.00640	0.00476	0.00597	0.00694	0.00756	0.00433	0.00472	0.00741	0.01052	0.01366	0.03421	0.65285	0.18960	0.01590	0.00664	0.00207	0.00299	0.01422	0.00491	0.00433
5	0.01077	0.06363	0.75195	0.01479	0.02245	0.01267	0.01905	0.01670	0.01114	0.01654	0.00939	0.01104	0.00670	0.00500	0.00495	0.00165	0.00771	0.00386	0.00223	0.00777
6	0.01233	0.01555	0.11544	0.02257	0.10872	0.01316	0.59743	0.01684	0.01228	0.01695	0.01048	0.01378	0.00791	0.00455	0.00599	0.00175	0.00850	0.00581	0.00262	0.00734
7	0.01025	0.00975	0.01670	0.73032	0.07945	0.01185	0.04013	0.01378	0.01072	0.01384	0.00947	0.01404	0.00716	0.00522	0.00531	0.00175	0.00707	0.00475	0.00238	0.00606
8	0.02193	0.00860	0.01169	0.00910	0.01288	0.00746	0.00746	0.02402	0.01511	0.70067	0.10441	0.02036	0.01714	0.00701	0.00542	0.00164	0.00428	0.00578	0.00646	0.00855
9	0.02193	0.00860	0.01169	0.00910	0.01288	0.00746	0.00746	0.02402	0.01511	0.70067	0.10441	0.02036	0.01714	0.00701	0.00542	0.00164	0.00428	0.00578	0.00646	0.00855
10	0.01174	0.00960	0.01590	0.65401	0.09212	0.01137	0.01404	0.01507	0.01119	0.09887	0.01070	0.01445	0.00782	0.00538	0.00528	0.00173	0.00671	0.00477	0.00283	0.00641
11	0.01060	0.02735	0.78682	0.01507	0.02288	0.01228	0.01953	0.01674	0.01116	0.01674	0.00949	0.01116	0.00670	0.00502	0.00502	0.00167	0.00781	0.00391	0.00223	0.00781
12	0.00638	0.00485	0.00588	0.00670	0.00749	0.00435	0.00461	0.00744	0.01076	0.01376	0.03723	0.55879	0.28171	0.01551	0.00658	0.00203	0.00294	0.01375	0.00491	0.00435
13	0.00665	0.00489	0.00626	0.00712	0.00780	0.00450	0.00499	0.00789	0.01107	0.01460	0.11547	0.56657	0.14932	0.01533	0.00665	0.00206	0.00305	0.05635	0.00501	0.00443
14	0.01851	0.03546	0.25426	0.01208	0.01734	0.03992	0.04357	0.08069	0.01445	0.40680	0.01545	0.01475	0.01018	0.00588	0.00519	0.00163	0.00604	0.00474	0.00470	0.00839
15	0.04722	0.24142	0.15300	0.01090	0.01578	0.01368	0.02985	0.11633	0.01417	0.28830	0.01326	0.01300	0.00927	0.00557	0.00467	0.00150	0.00567	0.00423	0.00420	0.00800

[dist]
# distance from previous block
# <min> <max>
9	12

[block]
# block no. 7 follows, 46 sequences, length 44
# corresponding to MSA columns:
# 307-350
name=unknown_H
#
# <colnr> <probs for GDERKNQSTAVLIFYWHMCP>
#	G	D	E	R	K	N	Q	S	T	A	V	L	I	F	Y	W	H	M	C	P
0	0.07197	0.01544	0.16005	0.01653	0.09305	0.02640	0.21576	0.12189	0.09250	0.09458	0.01295	0.03297	0.00975	0.00567	0.00539	0.00169	0.00665	0.00527	0.00370	0.00776
1	0.07366	0.07444	0.01773	0.01994	0.32618	0.22248	0.01200	0.06998	0.03469	0.07164	0.01067	0.01273	0.00860	0.00538	0.00489	0.00151	0.00672	0.01602	0.00324	0.00750
2	0.01084	0.01018	0.00923	0.00916	0.01062	0.16190	0.00665	0.07159	0.08188	0.01642	0.08906	0.42634	0.05092	0.01211	0.00606	0.00186	0.00460	0.01050	0.00463	0.00546
3	0.00756	0.00553	0.00661	0.00649	0.00748	0.00527	0.00458	0.00950	0.03916	0.01621	0.33598	0.06502	0.15785	0.25796	0.01262	0.00280	0.00353	0.04663	0.00477	0.00445
4	0.00902	0.00758	0.08492	0.00813	0.00987	0.00565	0.00668	0.01099	0.01204	0.10087	0.21407	0.43089	0.05301	0.01278	0.00628	0.00191	0.00355	0.01138	0.00505	0.00534
5	0.00920	0.00740	0.00901	0.00730	0.01026	0.00600	0.00564	0.01152	0.01258	0.01864	0.33319	0.07639	0.02728	0.00765	0.00508	0.00124	0.00326	0.00662	0.00438	0.43735
6	0.01452	0.00875	0.01071	0.00819	0.01214	0.00720	0.00657	0.01726	0.04648	0.26287	0.07199	0.01876	0.07329	0.00613	0.00478	0.00124	0.00392	0.00504	0.00465	0.41551
7	0.00680	0.00493	0.00643	0.00708	0.00779	0.00456	0.00497	0.00826	0.01176	0.01593	0.25606	0.50749	0.08961	0.01457	0.00657	0.00198	0.00292	0.03259	0.00518	0.00453
8	0.01278	0.01271	0.01793	0.12147	0.42527	0.09159	0.01367	0.02723	0.03197	0.01590	0.01118	0.07509	0.01017	0.00642	0.00678	0.00171	0.10267	0.00541	0.00285	0.00721
9	0.01785	0.00955	0.01248	0.01044	0.06588	0.00804	0.00782	0.03974	0.01353	0.40867	0.01536	0.01474	0.01058	0.00537	0.00476	0.00129	0.00442	0.00440	0.00489	0.34021
10	0.01312	0.51584	0.28963	0.01129	0.01689	0.04568	0.01271	0.01633	0.01104	0.01394	0.00812	0.00944	0.00675	0.00473	0.00401	0.00133	0.00654	0.00322	0.00227	0.00712
11	0.01134	0.20568	0.48498	0.01452	0.07184	0.01374	0.03548	0.01584	0.01109	0.01557	0.01045	0.06724	0.00886	0.00569	0.00482	0.00158	0.00691	0.00456	0.00247	0.00735
12	0.00669	0.00494	0.00682	0.06346	0.00970	0.00482	0.00560	0.00780	0.01015	0.01350	0.02774	0.75449	0.03299	0.01577	0.00664	0.00212	0.00335	0.01430	0.00473	0.00441
13	0.01127	0.00943	0.01096	0.00809	0.01245	0.00749	0.00643	0.06438	0.01186	0.01807	0.01102	0.06758	0.00983	0.00498	0.00421	0.00093	0.00399	0.00408	0.00341	0.72956
14	0.00682	0.00624	0.06125	0.00780	0.00861	0.00491	0.00582	0.00805	0.01003	0.01350	0.02689	0.70101	0.03189	0.07049	0.00801	0.00232	0.00354	0.01374	0.00460	0.00447
15	0.01344	0.63173	0.15477	0.01014	0.01502	0.04236	0.01071	0.01585	0.01092	0.01322	0.00849	0.03676	0.00775	0.00505	0.00383	0.00126	0.00605	0.00345	0.00236	0.00685
16	0.79282	0.01055	0.00834	0.00732	0.01066	0.01218	0.00603	0.06838	0.01012	0.02440	0.00774	0.00888	0.00596	0.00501	0.00341	0.00163	0.00421	0.00300	0.00341	0.00596
17	0.06571	0.00906	0.01204	0.00928	0.01333	0.00798	0.00767	0.02525	0.01482	0.74628	0.02017	0.01752	0.01271	0.00646	0.00521	0.00164	0.00448	0.00519	0.00638	0.00883
18	0.01178	0.01149	0.04307	0.23999	0.41418	0.01175	0.01424	0.03031	0.06290	0.01721	0.08039	0.01613	0.01225	0.00563	0.00534	0.00165	0.00605	0.00521	0.00306	0.00737
19	0.01113	0.02336	0.58967	0.01578	0.02271	0.01198	0.15231	0.01667	0.01170	0.03737	0.04985	0.01337	0.00934	0.00526	0.00531	0.00169	0.00765	0.00466	0.00261	0.00757
20	0.02107	0.01325	0.01490	0.01143	0.01562	0.01409	0.00944	0.56629	0.02226	0.23430	0.01488	0.01411	0.01009	0.00640	0.00530	0.00160	0.00546	0.00491	0.00562	0.00899
21	0.01540	0.01350	0.01315	0.01136	0.01461	0.08958	0.00894	0.19760	0.52544	0.02382	0.01818	0.01711	0.01358	0.00681	0.00530	0.00170	0.00508	0.00545	0.00510	0.00829
22	0.00719	0.00564	0.00815	0.00850	0.00953	0.00525	0.05736	0.00868	0.01093	0.01425	0.03134	0.51139	0.14400	0.01491	0.00673	0.00212	0.00372	0.14095	0.00475	0.00461
23	0.01428	0.79728	0.02738	0.00916	0.01364	0.04052	0.00908	0.01596	0.01085	0.01245	0.00737	0.00851	0.00678	0.00455	0.00343	0.00114	0.00575	0.00284	0.00227	0.00677
24	0.01413	0.81739	0.02770	0.00905	0.01357	0.02092	0.00905	0.01583	0.01074	0.01244	0.00735	0.00848	0.00678	0.00452	0.00339	0.00113	0.00565	0.00283	0.00226	0.00678
25	0.00755	0.00566	0.00850	0.00850	0.00944	0.00661	0.00661	0.00944	0.00850	0.01227	0.01416	0.02077	0.01322	0.03965	0.79326	0.00850	0.01416	0.00566	0.00283	0.00472
26	0.01227	0.39961	0.42913	0.01223	0.01849	0.01635	0.01459	0.01631	0.01096	0.01471	0.00848	0.00990	0.00674	0.00479	0.00425	0.00142	0.00680	0.00340	0.00225	0.00733
27	0.01848	0.03459	0.01558	0.11929	0.01881	0.24657	0.01054	0.36773	0.03989	0.06068	0.01143	0.01230	0.00843	0.00593	0.00509	0.00154	0.00698	0.00437	0.00412	0.00765
28	0.00687	0.00538	0.00621	0.00600	0.00752	0.00473	0.00450	0.00878	0.01351	0.01775	0.41691	0.04517	0.41357	0.01209	0.00624	0.00172	0.00259	0.01036	0.00537	0.00473
29	0.01096	0.00940	0.01096	0.00783	0.01253	0.00705	0.00626	0.01331	0.01096	0.01723	0.00940	0.01096	0.00783	0.00392	0.00392	0.00078	0.00392	0.00313	0.00313	0.84653
30	0.00625	0.00536	0.00536	0.00536	0.00714	0.00446	0.00402	0.00759	0.01205	0.01428	0.05355	0.05088	0.77909	0.01339	0.00625	0.00179	0.00268	0.01116	0.00491	0.00446
31	0.01312	0.01844	0.29118	0.01855	0.04908	0.01280	0.37738	0.06868	0.01303	0.06934	0.01107	0.01329	0.00798	0.00493	0.00566	0.00171	0.00794	0.00521	0.00296	0.00766
32	0.01296	0.13841	0.10061	0.01980	0.11194	0.01463	0.41110	0.05389	0.01243	0.01687	0.00988	0.01272	0.00774	0.00490	0.00610	0.00167	0.04924	0.00515	0.00267	0.00731
33	0.00769	0.00513	0.00577	0.00577	0.00577	0.00513	0.00320	0.00769	0.00769	0.01025	0.01666	0.03460	0.01922	0.81421	0.02691	0.00513	0.00513	0.00769	0.00320	0.00320
34	0.85155	0.01022	0.00777	0.00695	0.01022	0.01186	0.00573	0.01554	0.00900	0.02372	0.00736	0.00859	0.00573	0.00491	0.00327	0.00164	0.00409	0.00286	0.00327	0.00573
35	0.00885	0.00744	0.01169	0.01544	0.24044	0.00722	0.02966	0.01077	0.01127	0.01546	0.07570	0.43256	0.02692	0.01210	0.00629	0.00195	0.00430	0.07201	0.00422	0.00569
36	0.10355	0.00912	0.01183	0.00917	0.01318	0.00816	0.00757	0.02478	0.01454	0.71149	0.01955	0.01709	0.01238	0.00639	0.00512	0.00164	0.00446	0.00508	0.00623	0.00868
37	0.00839	0.00601	0.00836	0.00955	0.01075	0.00598	0.00828	0.01074	0.01209	0.01570	0.02863	0.08643	0.04813	0.01465	0.00726	0.00241	0.00475	0.70218	0.00487	0.00484
38	0.00644	0.00460	0.00613	0.00736	0.00767	0.00429	0.00491	0.00736	0.01012	0.01350	0.02914	0.81076	0.03497	0.01656	0.00675	0.00215	0.00307	0.01503	0.00491	0.00429
39	0.00998	0.00940	0.01586	0.80150	0.03641	0.01175	0.01468	0.01351	0.01057	0.01351	0.00940	0.01409	0.00705	0.00529	0.00529	0.00176	0.00705	0.00470	0.00235	0.00587
40	0.85155	0.01022	0.00777	0.00695	0.01022	0.01186	0.00573	0.01554	0.00900	0.02372	0.00736	0.00859	0.00573	0.00491	0.00327	0.00164	0.00409	0.00286	0.00327	0.00573
41	0.00852	0.00608	0.00852	0.00974	0.01095	0.00608	0.00852	0.01095	0.01217	0.01582	0.02799	0.05963	0.03042	0.01460	0.00730	0.00243	0.00487	0.74565	0.00487	0.00487
42	0.85155	0.01022	0.00777	0.00695	0.01022	0.01186	0.00573	0.01554	0.00900	0.02372	0.00736	0.00859	0.00573	0.00491	0.00327	0.00164	0.00409	0.00286	0.00327	0.00573
43	0.00877	0.02425	0.00719	0.00686	0.00702	0.00509	0.00457	0.00734	0.00746	0.00992	0.01233	0.09540	0.01324	0.13972	0.04016	0.59435	0.00480	0.00605	0.00270	0.00280

[dist]
# distance from previous block
# <min> <max>
8	14

[block]
# block no. 8 follows, 46 sequences, length 22
# corresponding to MSA columns:
# 366-387
name=unknown_I
#
# <colnr> <probs for GDERKNQSTAVLIFYWHMCP>
#	G	D	E	R	K	N	Q	S	T	A	V	L	I	F	Y	W	H	M	C	P
0	0.01068	0.04272	0.02256	0.04415	0.01157	0.05592	0.00665	0.09590	0.02856	0.04307	0.13420	0.11851	0.21130	0.05824	0.00688	0.00183	0.00424	0.00810	0.00446	0.09045
1	0.01359	0.43564	0.11148	0.01158	0.06179	0.05195	0.01048	0.04813	0.07595	0.01551	0.01015	0.01232	0.00870	0.00524	0.00419	0.00132	0.00582	0.03034	0.00286	0.08296
2	0.01107	0.22168	0.33864	0.01208	0.05110	0.01265	0.01266	0.01462	0.01094	0.01520	0.05117	0.01669	0.01155	0.09400	0.00709	0.00187	0.00619	0.03616	0.00274	0.07191
3	0.27527	0.03454	0.06935	0.00870	0.01204	0.00965	0.00772	0.01757	0.08400	0.19266	0.05130	0.02353	0.09177	0.00773	0.00497	0.00175	0.00440	0.09182	0.00456	0.00665
4	0.01052	0.00932	0.01255	0.00932	0.01356	0.00742	0.09090	0.01301	0.01131	0.01696	0.03572	0.04616	0.05327	0.00551	0.00458	0.00108	0.00436	0.02767	0.00338	0.62339
5	0.00957	0.00798	0.07574	0.06521	0.01131	0.00666	0.00688	0.02564	0.01142	0.07613	0.21298	0.06334	0.02593	0.30694	0.01371	0.00302	0.00468	0.06361	0.00423	0.00500
6	0.00802	0.00611	0.00864	0.00833	0.00983	0.00563	0.05129	0.01009	0.01220	0.01696	0.23722	0.27042	0.06296	0.01216	0.00627	0.00187	0.00361	0.14677	0.05019	0.07143
7	0.00998	0.00940	0.01586	0.80150	0.03641	0.01175	0.01468	0.01351	0.01057	0.01351	0.00940	0.01409	0.00705	0.00529	0.00529	0.00176	0.00705	0.00470	0.00235	0.00587
8	0.01096	0.00940	0.01096	0.00783	0.01253	0.00705	0.00626	0.01331	0.01096	0.01723	0.00940	0.01096	0.00783	0.00392	0.00392	0.00078	0.00392	0.00313	0.00313	0.84653
9	0.01281	0.01228	0.02097	0.09969	0.71611	0.01249	0.01609	0.01599	0.01191	0.01694	0.00990	0.01317	0.00826	0.00476	0.00524	0.00159	0.00635	0.00471	0.00259	0.00816
10	0.85155	0.01022	0.00777	0.00695	0.01022	0.01186	0.00573	0.01554	0.00900	0.02372	0.00736	0.00859	0.00573	0.00491	0.00327	0.00164	0.00409	0.00286	0.00327	0.00573
11	0.00776	0.00554	0.00764	0.00886	0.00975	0.00543	0.00719	0.00964	0.01142	0.01497	0.02841	0.33511	0.03209	0.01532	0.00710	0.00233	0.00421	0.47769	0.00488	0.00466
12	0.85155	0.01022	0.00777	0.00695	0.01022	0.01186	0.00573	0.01554	0.00900	0.02372	0.00736	0.00859	0.00573	0.00491	0.00327	0.00164	0.00409	0.00286	0.00327	0.00573
13	0.00644	0.00460	0.00613	0.00736	0.00767	0.00429	0.00491	0.00736	0.01012	0.01350	0.02914	0.81076	0.03497	0.01656	0.00675	0.00215	0.00307	0.01503	0.00491	0.00429
14	0.85155	0.01022	0.00777	0.00695	0.01022	0.01186	0.00573	0.01554	0.00900	0.02372	0.00736	0.00859	0.00573	0.00491	0.00327	0.00164	0.00409	0.00286	0.00327	0.00573
15	0.02190	0.00859	0.01168	0.00910	0.01287	0.00746	0.00746	0.02399	0.01511	0.69923	0.10583	0.02040	0.01721	0.00702	0.00542	0.00164	0.00427	0.00579	0.00646	0.00855
16	0.01367	0.71464	0.12643	0.00983	0.01478	0.01979	0.01041	0.01595	0.01080	0.01300	0.00763	0.00883	0.00677	0.00459	0.00360	0.00120	0.00593	0.00297	0.00226	0.00692
17	0.01225	0.01171	0.01994	0.24032	0.57991	0.01234	0.01581	0.01549	0.01164	0.01625	0.00980	0.01336	0.00802	0.00487	0.00525	0.00162	0.00649	0.00471	0.00254	0.00770
18	0.01856	0.00868	0.01120	0.00898	0.01228	0.00807	0.00726	0.09227	0.04739	0.47558	0.22416	0.02335	0.02273	0.00770	0.00556	0.00164	0.00407	0.00643	0.00618	0.00789
19	0.00748	0.00578	0.00758	0.00845	0.04911	0.00522	0.00570	0.00908	0.01159	0.01574	0.17512	0.41239	0.12971	0.01317	0.00627	0.00187	0.00324	0.04695	0.00480	0.08075
20	0.01294	0.01252	0.02045	0.03055	0.71711	0.03584	0.01544	0.01590	0.01203	0.01694	0.01090	0.05512	0.00973	0.00536	0.00530	0.00159	0.00621	0.00522	0.00274	0.00809
21	0.04910	0.08484	0.04484	0.01599	0.21522	0.01183	0.04270	0.12571	0.01360	0.08287	0.01076	0.01218	0.00836	0.00486	0.00464	0.00132	0.00538	0.00409	0.00347	0.25824

[dist]
# distance from previous block
# <min> <max>
3	6

[block]
# block no. 9 follows, 46 sequences, length 31
# corresponding to MSA columns:
# 394-424
name=unknown_J
#
# <colnr> <probs for GDERKNQSTAVLIFYWHMCP>
#	G	D	E	R	K	N	Q	S	T	A	V	L	I	F	Y	W	H	M	C	P
0	0.01006	0.00933	0.00868	0.00901	0.01016	0.14676	0.00643	0.05362	0.06203	0.01511	0.02394	0.55873	0.02716	0.01335	0.00623	0.00196	0.00448	0.02323	0.00457	0.00516
1	0.00892	0.00694	0.00874	0.10471	0.01218	0.00698	0.00653	0.09433	0.01487	0.02003	0.43246	0.03597	0.20662	0.01022	0.00602	0.00169	0.00347	0.00879	0.00513	0.00543
2	0.01564	0.01298	0.03958	0.01275	0.01740	0.04894	0.17503	0.19267	0.01534	0.12785	0.01200	0.01302	0.00880	0.00508	0.00502	0.00137	0.00593	0.00454	0.00397	0.28210
3	0.01291	0.00958	0.01119	0.00858	0.01269	0.00822	0.00682	0.05822	0.10570	0.10692	0.01369	0.06564	0.01131	0.00559	0.00452	0.00114	0.00407	0.00461	0.00404	0.54455
4	0.09725	0.02724	0.28649	0.01092	0.01585	0.00993	0.01147	0.01965	0.05543	0.29194	0.10627	0.01719	0.01459	0.00636	0.00510	0.00165	0.00539	0.00509	0.00448	0.00771
5	0.01469	0.01382	0.01975	0.03176	0.27179	0.09663	0.16398	0.11335	0.01405	0.05475	0.01067	0.01278	0.00832	0.00491	0.00518	0.00147	0.00664	0.00465	0.00325	0.14755
6	0.17015	0.19363	0.01759	0.01283	0.05801	0.36352	0.05153	0.01870	0.04180	0.01563	0.00860	0.00999	0.00712	0.00512	0.00432	0.00141	0.00726	0.00351	0.00282	0.00647
7	0.01060	0.02735	0.78682	0.01507	0.02288	0.01228	0.01953	0.01674	0.01116	0.01674	0.00949	0.01116	0.00670	0.00502	0.00502	0.00167	0.00781	0.00391	0.00223	0.00781
8	0.06516	0.05501	0.05288	0.00810	0.01030	0.10377	0.00670	0.01259	0.03117	0.01893	0.45585	0.03115	0.10994	0.00926	0.00561	0.00161	0.00400	0.00775	0.00477	0.00546
9	0.00644	0.00460	0.00613	0.00736	0.00767	0.00429	0.00491	0.00736	0.01012	0.01350	0.02914	0.81076	0.03497	0.01656	0.00675	0.00215	0.00307	0.01503	0.00491	0.00429
10	0.01133	0.01682	0.35833	0.01381	0.10219	0.00997	0.01322	0.01642	0.07370	0.08612	0.17727	0.02103	0.06308	0.00702	0.00543	0.00167	0.00562	0.00592	0.00383	0.00723
11	0.00725	0.00565	0.00675	0.00721	0.00873	0.00515	0.00590	0.00912	0.01231	0.01541	0.09676	0.05356	0.42435	0.01369	0.00667	0.00204	0.00354	0.30628	0.00496	0.00466
12	0.01293	0.01240	0.02118	0.07099	0.74390	0.01252	0.01615	0.01609	0.01196	0.01708	0.00992	0.01313	0.00831	0.00474	0.00524	0.00158	0.00632	0.00471	0.00260	0.00825
13	0.01203	0.01102	0.01673	0.11252	0.44125	0.04969	0.03651	0.01493	0.01185	0.01690	0.01378	0.01655	0.05472	0.00559	0.00502	0.00154	0.00568	0.00511	0.16154	0.00705
14	0.39792	0.05883	0.01616	0.01285	0.04522	0.14196	0.18611	0.01677	0.02212	0.01911	0.00925	0.03491	0.00765	0.00525	0.00444	0.00161	0.00628	0.00424	0.00304	0.00628
15	0.02261	0.00888	0.01201	0.00928	0.01319	0.00776	0.00764	0.03943	0.01531	0.72108	0.06916	0.01926	0.01536	0.00681	0.00537	0.00164	0.00440	0.00558	0.00647	0.00874
16	0.00999	0.00748	0.01112	0.00937	0.01123	0.00753	0.09465	0.01177	0.00967	0.05918	0.01404	0.02155	0.01314	0.22580	0.24021	0.00445	0.05257	0.00579	0.07622	0.11426
17	0.00738	0.00540	0.00692	0.00654	0.00783	0.00494	0.00491	0.00978	0.01472	0.02062	0.71758	0.04045	0.11111	0.01102	0.00624	0.00167	0.00251	0.00969	0.00574	0.00494
18	0.01185	0.01130	0.01922	0.33933	0.48402	0.01224	0.01561	0.01514	0.01145	0.01577	0.00973	0.01349	0.00784	0.00494	0.00525	0.00165	0.00659	0.00471	0.00251	0.00738
19	0.00753	0.00558	0.00610	0.00585	0.00767	0.00476	0.00443	0.00914	0.01281	0.06126	0.19552	0.04667	0.58901	0.01247	0.00619	0.00175	0.00275	0.01049	0.00519	0.00484
20	0.00774	0.00526	0.00712	0.05812	0.00983	0.00503	0.00565	0.00901	0.01086	0.05950	0.07334	0.61733	0.08180	0.01470	0.00651	0.00204	0.00335	0.01322	0.00489	0.00472
21	0.40897	0.00946	0.00945	0.00826	0.01131	0.01017	0.00670	0.06676	0.06794	0.18157	0.05980	0.06780	0.01418	0.00718	0.00462	0.00173	0.00418	0.04871	0.00459	0.00663
22	0.85155	0.01022	0.00777	0.00695	0.01022	0.01186	0.00573	0.01554	0.00900	0.02372	0.00736	0.00859	0.00573	0.00491	0.00327	0.00164	0.00409	0.00286	0.00327	0.00573
23	0.01272	0.01219	0.02081	0.12166	0.69483	0.01247	0.01605	0.01591	0.01187	0.01683	0.00988	0.01320	0.00822	0.00478	0.00524	0.00159	0.00637	0.00471	0.00259	0.00808
24	0.01112	0.01125	0.01825	0.01470	0.01625	0.02802	0.21359	0.01305	0.00950	0.01362	0.01059	0.06224	0.01044	0.09941	0.03716	0.00264	0.41369	0.00603	0.00269	0.00575
25	0.01400	0.01227	0.02182	0.05006	0.52347	0.01204	0.15094	0.01726	0.01242	0.10311	0.01159	0.01465	0.00916	0.00505	0.00546	0.00164	0.00656	0.01732	0.00310	0.00809
26	0.17272	0.47161	0.09909	0.00991	0.01428	0.12870	0.00965	0.01662	0.01106	0.01508	0.00769	0.00892	0.00658	0.00478	0.00373	0.00131	0.00613	0.00303	0.00252	0.00659
27	0.01200	0.00990	0.01717	0.06440	0.20444	0.00972	0.17646	0.01530	0.04642	0.09957	0.01784	0.19688	0.01717	0.00861	0.00601	0.00186	0.00576	0.07982	0.00390	0.00676
28	0.00755	0.00566	0.00850	0.00850	0.00944	0.00661	0.00661	0.00944	0.00850	0.01227	0.01416	0.02077	0.01322	0.03965	0.79326	0.00850	0.01416	0.00566	0.00283	0.00472
29	0.76512	0.01010	0.00824	0.00721	0.01057	0.01143	0.00594	0.01661	0.00964	0.10319	0.00877	0.00957	0.00649	0.00508	0.00349	0.00164	0.00413	0.00312	0.00361	0.00607
30	0.01198	0.01201	0.02107	0.01623	0.02009	0.01217	0.39315	0.01984	0.29001	0.01841	0.01692	0.11419	0.01430	0.00694	0.00599	0.00183	0.00646	0.00722	0.00394	0.00723

[dist]
# distance from previous block
# <min> <max>
0	452

# created by:
# /st0/software/busco_prod/Augustus/scripts/msa2prfl.pl ./align_prep/60195.fa
