[name]
unknown

[dist]
# distance from previous block
# <min> <max>
0	1

[block]
# block no. 0 follows, 53 sequences, length 11
# corresponding to MSA columns:
# 1-11
name=unknown_A
#
# <colnr> <probs for GDERKNQSTAVLIFYWHMCP>
#	G	D	E	R	K	N	Q	S	T	A	V	L	I	F	Y	W	H	M	C	P
0	0.01137	0.00708	0.00921	0.00908	0.01099	0.00713	0.00780	0.12787	0.01313	0.13775	0.02225	0.04182	0.02221	0.01097	0.00606	0.00198	0.00448	0.53860	0.00469	0.00553
1	0.02001	0.01193	0.03812	0.00966	0.01326	0.15082	0.00802	0.11786	0.01464	0.54183	0.01556	0.01411	0.01017	0.00567	0.00471	0.00143	0.00512	0.00440	0.00503	0.00764
2	0.01128	0.01289	0.02820	0.02015	0.02498	0.01209	0.78485	0.01531	0.01128	0.01531	0.00967	0.01289	0.00725	0.00403	0.00564	0.00161	0.00806	0.00564	0.00242	0.00645
3	0.01785	0.02278	0.01354	0.01231	0.01478	0.81284	0.00924	0.01909	0.01354	0.01170	0.00739	0.00862	0.00616	0.00493	0.00431	0.00123	0.00862	0.00308	0.00246	0.00554
4	0.00565	0.00484	0.00484	0.00484	0.00646	0.00403	0.00363	0.00686	0.01089	0.01291	0.04842	0.04600	0.80027	0.01210	0.00565	0.00161	0.00242	0.01009	0.00444	0.00403
5	0.01801	0.01819	0.01394	0.01167	0.01480	0.42272	0.00916	0.39413	0.01791	0.02070	0.00939	0.01002	0.00712	0.00532	0.00454	0.00133	0.00698	0.00368	0.00360	0.00681
6	0.01060	0.00813	0.00969	0.00710	0.01101	0.00625	0.00567	0.01271	0.01056	0.08275	0.08252	0.01283	0.01100	0.00432	0.00384	0.00085	0.00347	0.00354	0.00332	0.70985
7	0.01140	0.22646	0.54284	0.01182	0.01785	0.01271	0.01437	0.01563	0.01030	0.08193	0.00897	0.01001	0.00657	0.00455	0.00419	0.00139	0.00632	0.00340	0.00236	0.00692
8	0.01099	0.08108	0.01756	0.20723	0.02027	0.01182	0.19171	0.06386	0.05807	0.01499	0.00917	0.01176	0.00728	0.00498	0.00611	0.00145	0.11728	0.00424	0.00264	0.15751
9	0.05494	0.00930	0.01071	0.00862	0.01152	0.00963	0.00703	0.26484	0.01493	0.23149	0.02162	0.02079	0.20029	0.00742	0.00581	0.00152	0.07426	0.00570	0.00462	0.03495
10	0.32981	0.01050	0.01332	0.01014	0.01393	0.01065	0.16162	0.15099	0.01190	0.05282	0.00900	0.01025	0.00679	0.00446	0.00401	0.00133	0.00483	0.00364	0.00327	0.18671

[dist]
# distance from previous block
# <min> <max>
8	15

[block]
# block no. 1 follows, 53 sequences, length 87
# corresponding to MSA columns:
# 27-113
name=unknown_B
#
# <colnr> <probs for GDERKNQSTAVLIFYWHMCP>
#	G	D	E	R	K	N	Q	S	T	A	V	L	I	F	Y	W	H	M	C	P
0	0.01008	0.00752	0.00851	0.00696	0.00988	0.00668	0.00548	0.05473	0.10574	0.08878	0.08510	0.02482	0.25934	0.00739	0.00470	0.00127	0.00326	0.00612	0.00416	0.29950
1	0.09914	0.01071	0.00929	0.00885	0.04050	0.20025	0.00649	0.01478	0.09236	0.08859	0.21785	0.02359	0.15359	0.00756	0.00486	0.00146	0.00441	0.00609	0.00412	0.00551
2	0.01325	0.01342	0.01570	0.02020	0.42099	0.20308	0.01149	0.09387	0.01298	0.01647	0.09050	0.01508	0.01190	0.00548	0.00480	0.00141	0.00594	0.03373	0.00301	0.00671
3	0.01442	0.36545	0.01918	0.01225	0.09402	0.27676	0.00945	0.05743	0.01155	0.01289	0.00735	0.00887	0.00641	0.00486	0.00489	0.00125	0.08134	0.00314	0.00237	0.00611
4	0.18201	0.01872	0.01267	0.01195	0.05633	0.54478	0.00873	0.08431	0.01312	0.01540	0.00769	0.00887	0.00621	0.00486	0.00411	0.00131	0.00721	0.00315	0.00275	0.00580
5	0.09075	0.01159	0.01581	0.01289	0.01437	0.05251	0.12129	0.09188	0.00982	0.01488	0.00738	0.01057	0.00650	0.00694	0.01140	0.00186	0.50713	0.00420	0.00251	0.00571
6	0.02114	0.00862	0.01139	0.00873	0.01244	0.00775	0.00722	0.09379	0.01449	0.73388	0.01817	0.01583	0.01149	0.00590	0.00480	0.00147	0.00418	0.00476	0.00581	0.00813
7	0.00676	0.00489	0.00639	0.00601	0.00714	0.00451	0.00451	0.00902	0.01353	0.01917	0.79969	0.03570	0.04510	0.00977	0.00564	0.00150	0.00225	0.00864	0.00526	0.00451
8	0.01816	0.01274	0.01429	0.01173	0.05717	0.01384	0.00918	0.66649	0.02095	0.10862	0.01210	0.01198	0.00848	0.00568	0.00478	0.00144	0.00516	0.00435	0.00477	0.00810
9	0.05805	0.01124	0.01873	0.02809	0.75929	0.01132	0.01415	0.01464	0.01073	0.01593	0.00886	0.01161	0.00744	0.00427	0.00464	0.00142	0.00557	0.00417	0.00240	0.00744
10	0.00903	0.00850	0.01434	0.82054	0.03292	0.01062	0.01327	0.01221	0.00956	0.01221	0.00850	0.01274	0.00637	0.00478	0.00478	0.00159	0.00637	0.00425	0.00212	0.00531
11	0.00582	0.00416	0.00555	0.00666	0.00693	0.00388	0.00444	0.00666	0.00915	0.01220	0.02634	0.82891	0.03161	0.01497	0.00610	0.00194	0.00277	0.01359	0.00444	0.00388
12	0.01105	0.01222	0.02445	0.01804	0.02154	0.01279	0.57032	0.01426	0.01018	0.01426	0.00873	0.01222	0.00698	0.00523	0.00842	0.00174	0.23390	0.00524	0.00233	0.00611
13	0.01183	0.01136	0.01940	0.02934	0.80221	0.01136	0.01467	0.01467	0.01088	0.01562	0.00899	0.01183	0.00757	0.00426	0.00473	0.00142	0.00568	0.00426	0.00237	0.00757
14	0.00959	0.02472	0.80726	0.01362	0.02069	0.01110	0.01766	0.01514	0.01009	0.01514	0.00858	0.01009	0.00605	0.00454	0.00454	0.00151	0.00706	0.00353	0.00202	0.00706
15	0.00582	0.00416	0.00555	0.00666	0.00693	0.00388	0.00444	0.00666	0.00915	0.01220	0.02634	0.82891	0.03161	0.01497	0.00610	0.00194	0.00277	0.01359	0.00444	0.00388
16	0.00770	0.00550	0.00770	0.00880	0.00990	0.00550	0.00770	0.00990	0.01100	0.01430	0.02531	0.05391	0.02751	0.01320	0.00660	0.00220	0.00440	0.77004	0.00440	0.00440
17	0.01871	0.01432	0.01252	0.01111	0.05138	0.32057	0.00830	0.08211	0.02769	0.35841	0.01323	0.01319	0.00935	0.03112	0.00522	0.00148	0.00602	0.00415	0.00420	0.00693
18	0.00582	0.00416	0.00555	0.00666	0.00693	0.00388	0.00444	0.00666	0.00915	0.01220	0.02634	0.82891	0.03161	0.01497	0.00610	0.00194	0.00277	0.01359	0.00444	0.00388
19	0.00770	0.00550	0.00770	0.00880	0.00990	0.00550	0.00770	0.00990	0.01100	0.01430	0.02531	0.05391	0.02751	0.01320	0.00660	0.00220	0.00440	0.77004	0.00440	0.00440
20	0.00734	0.00524	0.00728	0.00839	0.00933	0.00519	0.00707	0.00927	0.01064	0.01390	0.02551	0.20388	0.02830	0.01355	0.00650	0.00215	0.00409	0.62366	0.00441	0.00430
21	0.03946	0.01107	0.01264	0.00985	0.01350	0.01160	0.00809	0.41543	0.09446	0.31087	0.01482	0.01375	0.01004	0.00584	0.00475	0.00147	0.00464	0.00455	0.00516	0.00800
22	0.01601	0.01496	0.01295	0.01094	0.01402	0.23492	0.00862	0.32236	0.27476	0.02167	0.01298	0.01278	0.00972	0.00576	0.00468	0.00144	0.00570	0.00433	0.00417	0.00723
23	0.00966	0.04231	0.79028	0.01350	0.02050	0.01127	0.01745	0.01512	0.01008	0.01505	0.00854	0.01004	0.00606	0.00453	0.00451	0.00150	0.00702	0.00351	0.00202	0.00704
24	0.01173	0.01125	0.01922	0.05785	0.77449	0.01133	0.01462	0.01458	0.01084	0.01549	0.00897	0.01186	0.00753	0.00428	0.00473	0.00143	0.00570	0.00426	0.00236	0.00749
25	0.49743	0.01104	0.01021	0.00833	0.01167	0.01250	0.00687	0.34964	0.01437	0.02522	0.00875	0.00938	0.00646	0.00500	0.00375	0.00146	0.00438	0.00333	0.00375	0.00646
26	0.00581	0.00485	0.00506	0.00501	0.00655	0.00410	0.00376	0.00717	0.01127	0.01380	0.15481	0.04454	0.69333	0.01177	0.00565	0.00160	0.00240	0.00988	0.00455	0.00410
27	0.01817	0.01339	0.01434	0.01100	0.01482	0.01482	0.00908	0.78627	0.02247	0.03012	0.01148	0.01148	0.00813	0.00574	0.00478	0.00143	0.00526	0.00430	0.00478	0.00813
28	0.02144	0.00813	0.01109	0.00850	0.01220	0.00702	0.00702	0.02329	0.01368	0.80552	0.01886	0.01627	0.01183	0.00592	0.00481	0.00148	0.00407	0.00481	0.00592	0.00813
29	0.00695	0.00463	0.00521	0.00521	0.00521	0.00463	0.00290	0.00695	0.00695	0.00927	0.01506	0.03128	0.01738	0.83203	0.02433	0.00463	0.00463	0.00695	0.00290	0.00290
30	0.00991	0.00850	0.00991	0.00708	0.01133	0.00637	0.00566	0.01203	0.00991	0.01557	0.00850	0.00991	0.00708	0.00354	0.00354	0.00071	0.00354	0.00283	0.00283	0.86124
31	0.01145	0.49752	0.35078	0.01045	0.01577	0.01566	0.01213	0.01466	0.00987	0.01287	0.00745	0.00868	0.00610	0.00428	0.00368	0.00123	0.00592	0.00296	0.00203	0.00652
32	0.70047	0.05495	0.00890	0.00724	0.01019	0.12475	0.00591	0.01478	0.00898	0.01952	0.00676	0.00788	0.00537	0.00449	0.00316	0.00142	0.00447	0.00266	0.00284	0.00528
33	0.01056	0.04874	0.70187	0.01319	0.01983	0.01172	0.01649	0.09396	0.01135	0.01655	0.00881	0.01016	0.00627	0.00465	0.00452	0.00149	0.00682	0.00358	0.00230	0.00714
34	0.01785	0.02278	0.01354	0.01231	0.01478	0.81284	0.00924	0.01909	0.01354	0.01170	0.00739	0.00862	0.00616	0.00493	0.00431	0.00123	0.00862	0.00308	0.00246	0.00554
35	0.00616	0.00473	0.00502	0.00507	0.00600	0.00426	0.00339	0.00688	0.00929	0.01147	0.03448	0.07886	0.46075	0.32820	0.01287	0.00279	0.00329	0.00905	0.00384	0.00359
36	0.00695	0.00463	0.00521	0.00521	0.00521	0.00463	0.00290	0.00695	0.00695	0.00927	0.01506	0.03128	0.01738	0.83203	0.02433	0.00463	0.00463	0.00695	0.00290	0.00290
37	0.01133	0.01085	0.01851	0.16899	0.66643	0.01123	0.01442	0.01424	0.01065	0.01501	0.00890	0.01199	0.00736	0.00435	0.00474	0.00145	0.00580	0.00426	0.00232	0.00717
38	0.00830	0.00415	0.00623	0.00623	0.00623	0.00415	0.00415	0.00623	0.00623	0.00830	0.00830	0.01453	0.00830	0.01660	0.01868	0.86094	0.00415	0.00415	0.00208	0.00208
39	0.00667	0.00549	0.00690	0.00785	0.08809	0.00494	0.00511	0.00839	0.01171	0.01531	0.30215	0.08133	0.41731	0.01065	0.00558	0.00157	0.00272	0.00918	0.00451	0.00455
40	0.77945	0.00913	0.00744	0.00651	0.00955	0.01034	0.00537	0.01500	0.00870	0.10162	0.00790	0.00863	0.00586	0.00459	0.00315	0.00148	0.00374	0.00281	0.00326	0.00548
41	0.01189	0.01027	0.01081	0.00973	0.01243	0.01189	0.00757	0.02540	0.79357	0.01999	0.01945	0.01783	0.01459	0.00648	0.00486	0.00162	0.00378	0.00540	0.00486	0.00757
42	0.00566	0.00482	0.00487	0.00491	0.00647	0.00403	0.00366	0.00685	0.01083	0.01289	0.04764	0.07378	0.77299	0.01221	0.00566	0.00163	0.00243	0.01021	0.00444	0.00403
43	0.01604	0.02508	0.02589	0.00856	0.01169	0.00902	0.00708	0.18869	0.10365	0.33779	0.09891	0.01879	0.05638	0.00658	0.00480	0.00146	0.00398	0.00535	0.06310	0.00717
44	0.86579	0.00924	0.00702	0.00629	0.00924	0.01072	0.00518	0.01405	0.00813	0.02144	0.00666	0.00776	0.00518	0.00444	0.00296	0.00148	0.00370	0.00259	0.00296	0.00518
45	0.01019	0.00849	0.00994	0.00711	0.01135	0.00639	0.00570	0.01231	0.01000	0.03488	0.00875	0.01007	0.00720	0.00360	0.00357	0.00073	0.00355	0.00288	0.00291	0.84039
46	0.01097	0.20906	0.08316	0.14391	0.10034	0.01099	0.04764	0.02820	0.01091	0.08637	0.06543	0.05230	0.11885	0.00637	0.00461	0.00143	0.00495	0.00537	0.00315	0.00598
47	0.04779	0.33833	0.04817	0.01049	0.01382	0.42263	0.00899	0.03602	0.01194	0.01248	0.00722	0.00834	0.00616	0.00459	0.00379	0.00118	0.00692	0.00290	0.00236	0.00588
48	0.01189	0.01027	0.01081	0.00973	0.01243	0.01189	0.00757	0.02540	0.79357	0.01999	0.01945	0.01783	0.01459	0.00648	0.00486	0.00162	0.00378	0.00540	0.00486	0.00757
49	0.00676	0.00489	0.00639	0.00601	0.00714	0.00451	0.00451	0.00902	0.01353	0.01917	0.79969	0.03570	0.04510	0.00977	0.00564	0.00150	0.00225	0.00864	0.00526	0.00451
50	0.00683	0.00512	0.00768	0.00768	0.00853	0.00597	0.00597	0.00853	0.00768	0.01110	0.01280	0.01878	0.01195	0.03585	0.81308	0.00768	0.01280	0.00512	0.00256	0.00427
51	0.01496	0.01266	0.13814	0.01491	0.20342	0.01074	0.01099	0.19944	0.04030	0.21112	0.05210	0.01464	0.01093	0.00566	0.00507	0.00149	0.02427	0.01768	0.00400	0.00750
52	0.61941	0.01099	0.01015	0.00846	0.01164	0.06607	0.06910	0.11021	0.02389	0.02133	0.00776	0.00887	0.00594	0.00463	0.00353	0.00147	0.00458	0.00313	0.00314	0.00571
53	0.01126	0.01282	0.02778	0.01991	0.02459	0.01217	0.76079	0.01519	0.01116	0.01519	0.00956	0.01282	0.00722	0.00416	0.00595	0.00163	0.03339	0.00560	0.00241	0.00641
54	0.01159	0.01077	0.01639	0.09663	0.49707	0.01145	0.01243	0.01762	0.24272	0.01660	0.01205	0.01369	0.00954	0.00497	0.00478	0.00150	0.00518	0.00460	0.00308	0.00736
55	0.00683	0.00512	0.00768	0.00768	0.00853	0.00597	0.00597	0.00853	0.00768	0.01110	0.01280	0.01878	0.01195	0.03585	0.81308	0.00768	0.01280	0.00512	0.00256	0.00427
56	0.00985	0.00934	0.01583	0.58762	0.25939	0.01084	0.01368	0.01294	0.00995	0.01321	0.00864	0.01247	0.00672	0.00463	0.00476	0.00154	0.00617	0.00425	0.00220	0.00598
57	0.00582	0.00416	0.00555	0.00666	0.00693	0.00388	0.00444	0.00666	0.00915	0.01220	0.02634	0.82891	0.03161	0.01497	0.00610	0.00194	0.00277	0.01359	0.00444	0.00388
58	0.01352	0.01028	0.01252	0.01028	0.01301	0.01097	0.06914	0.46597	0.01716	0.02299	0.01627	0.28324	0.01586	0.00867	0.00529	0.00162	0.00466	0.00749	0.00448	0.00658
59	0.00581	0.00423	0.00547	0.00647	0.00688	0.00390	0.00435	0.00668	0.00933	0.01227	0.02860	0.74885	0.11021	0.01468	0.00605	0.00191	0.00274	0.01323	0.00444	0.00390
60	0.01053	0.26483	0.57544	0.01201	0.01819	0.01342	0.01485	0.01489	0.00998	0.01398	0.00800	0.00937	0.00608	0.00441	0.00410	0.00137	0.00649	0.00324	0.00203	0.00679
61	0.00695	0.00463	0.00521	0.00521	0.00521	0.00463	0.00290	0.00695	0.00695	0.00927	0.01506	0.03128	0.01738	0.83203	0.02433	0.00463	0.00463	0.00695	0.00290	0.00290
62	0.01001	0.00858	0.00995	0.00721	0.01138	0.00664	0.00576	0.01268	0.04779	0.01579	0.00902	0.01029	0.00744	0.00368	0.00360	0.00075	0.00355	0.00296	0.00293	0.81999
63	0.01770	0.02252	0.01357	0.01232	0.01473	0.79615	0.00926	0.01893	0.01341	0.01169	0.00736	0.00866	0.00616	0.00500	0.00455	0.00125	0.02566	0.00310	0.00245	0.00553
64	0.01814	0.01435	0.01426	0.01113	0.01482	0.09642	0.00910	0.70783	0.02156	0.02824	0.01106	0.01118	0.00793	0.00565	0.00473	0.00141	0.00560	0.00418	0.00454	0.00786
65	0.00683	0.00512	0.00768	0.00768	0.00853	0.00597	0.00597	0.00853	0.00768	0.01110	0.01280	0.01878	0.01195	0.03585	0.81308	0.00768	0.01280	0.00512	0.00256	0.00427
66	0.00991	0.00850	0.00991	0.00708	0.01133	0.00637	0.00566	0.01203	0.00991	0.01557	0.00850	0.00991	0.00708	0.00354	0.00354	0.00071	0.00354	0.00283	0.00283	0.86124
67	0.00683	0.00512	0.00768	0.00768	0.00853	0.00597	0.00597	0.00853	0.00768	0.01110	0.01280	0.01878	0.01195	0.03585	0.81308	0.00768	0.01280	0.00512	0.00256	0.00427
68	0.01956	0.01098	0.01242	0.00970	0.01333	0.05291	0.00794	0.30811	0.05534	0.43518	0.01552	0.01415	0.01028	0.00582	0.00477	0.00146	0.00474	0.00456	0.00526	0.00797
69	0.01819	0.00824	0.01076	0.00810	0.01195	0.00684	0.00664	0.02012	0.01262	0.58271	0.01593	0.01448	0.01049	0.00525	0.00445	0.00126	0.00392	0.00425	0.00505	0.24876
70	0.00991	0.00850	0.00991	0.00708	0.01133	0.00637	0.00566	0.01203	0.00991	0.01557	0.00850	0.00991	0.00708	0.00354	0.00354	0.00071	0.00354	0.00283	0.00283	0.86124
71	0.01233	0.01116	0.01000	0.00954	0.04946	0.23871	0.00690	0.02845	0.05495	0.10534	0.38940	0.02316	0.02602	0.00742	0.00506	0.00142	0.00460	0.00614	0.00436	0.00559
72	0.00676	0.00489	0.00639	0.00601	0.00714	0.00451	0.00451	0.00902	0.01353	0.01917	0.79969	0.03570	0.04510	0.00977	0.00564	0.00150	0.00225	0.00864	0.00526	0.00451
73	0.01153	0.01094	0.01811	0.02649	0.69011	0.01117	0.01362	0.01485	0.05324	0.01587	0.04837	0.01328	0.00975	0.00481	0.00520	0.00146	0.03670	0.00453	0.00263	0.00733
74	0.00695	0.00463	0.00521	0.00521	0.00521	0.00463	0.00290	0.00695	0.00695	0.00927	0.01506	0.03128	0.01738	0.83203	0.02433	0.00463	0.00463	0.00695	0.00290	0.00290
75	0.00587	0.00434	0.00550	0.00628	0.00687	0.00396	0.00430	0.00689	0.00983	0.01292	0.09608	0.62496	0.16664	0.01403	0.00598	0.00185	0.00267	0.01256	0.00451	0.00396
76	0.01189	0.01027	0.01081	0.00973	0.01243	0.01189	0.00757	0.02540	0.79357	0.01999	0.01945	0.01783	0.01459	0.00648	0.00486	0.00162	0.00378	0.00540	0.00486	0.00757
77	0.01166	0.00969	0.01163	0.00988	0.08506	0.00844	0.00715	0.15954	0.01239	0.01835	0.00911	0.01039	0.00732	0.00402	0.00389	0.00091	0.00406	0.00324	0.00316	0.62010
78	0.00891	0.00445	0.00445	0.00445	0.00557	0.00445	0.00334	0.01114	0.01002	0.01782	0.01559	0.01782	0.01225	0.00557	0.00334	0.00111	0.00223	0.00445	0.85856	0.00445
79	0.00695	0.00463	0.00521	0.00521	0.00521	0.00463	0.00290	0.00695	0.00695	0.00927	0.01506	0.03128	0.01738	0.83203	0.02433	0.00463	0.00463	0.00695	0.00290	0.00290
80	0.01046	0.01046	0.01464	0.01255	0.01255	0.01464	0.01046	0.01150	0.00732	0.01150	0.00627	0.01046	0.00627	0.00837	0.01569	0.00209	0.82328	0.00418	0.00209	0.00523
81	0.00991	0.00850	0.00991	0.00708	0.01133	0.00637	0.00566	0.01203	0.00991	0.01557	0.00850	0.00991	0.00708	0.00354	0.00354	0.00071	0.00354	0.00283	0.00283	0.86124
82	0.01785	0.02278	0.01354	0.01231	0.01478	0.81284	0.00924	0.01909	0.01354	0.01170	0.00739	0.00862	0.00616	0.00493	0.00431	0.00123	0.00862	0.00308	0.00246	0.00554
83	0.00646	0.00487	0.00596	0.00569	0.00695	0.00438	0.00427	0.00842	0.01280	0.01744	0.59189	0.03855	0.25398	0.01042	0.00564	0.00153	0.00230	0.00904	0.00503	0.00438
84	0.01278	0.83490	0.02505	0.00818	0.01227	0.01891	0.00818	0.01431	0.00971	0.01125	0.00664	0.00767	0.00613	0.00409	0.00307	0.00102	0.00511	0.00256	0.00204	0.00613
85	0.00587	0.00420	0.00559	0.00662	0.00694	0.00392	0.00444	0.00678	0.00938	0.01257	0.06735	0.78684	0.03233	0.01470	0.00608	0.00192	0.00275	0.01333	0.00448	0.00392
86	0.01539	0.01341	0.01925	0.01443	0.01846	0.08660	0.31473	0.30107	0.05732	0.09314	0.01149	0.01255	0.00828	0.00504	0.00508	0.00150	0.00649	0.00482	0.00374	0.00720

[dist]
# distance from previous block
# <min> <max>
0	1

[block]
# block no. 2 follows, 53 sequences, length 66
# corresponding to MSA columns:
# 115-180
name=unknown_C
#
# <colnr> <probs for GDERKNQSTAVLIFYWHMCP>
#	G	D	E	R	K	N	Q	S	T	A	V	L	I	F	Y	W	H	M	C	P
0	0.86579	0.00924	0.00702	0.00629	0.00924	0.01072	0.00518	0.01405	0.00813	0.02144	0.00666	0.00776	0.00518	0.00444	0.00296	0.00148	0.00370	0.00259	0.00296	0.00518
1	0.01845	0.00967	0.01157	0.00901	0.01242	0.00965	0.00739	0.31129	0.01673	0.40849	0.05766	0.01561	0.01224	0.00603	0.00473	0.00144	0.00428	0.00479	0.07090	0.00766
2	0.00567	0.00475	0.00494	0.00509	0.00652	0.00401	0.00374	0.00683	0.01066	0.01282	0.04543	0.15209	0.69611	0.01249	0.00571	0.00166	0.00247	0.01056	0.00444	0.00401
3	0.00891	0.00445	0.00445	0.00445	0.00557	0.00445	0.00334	0.01114	0.01002	0.01782	0.01559	0.01782	0.01225	0.00557	0.00334	0.00111	0.00223	0.00445	0.85856	0.00445
4	0.00582	0.00416	0.00555	0.00666	0.00693	0.00388	0.00444	0.00666	0.00915	0.01220	0.02634	0.82891	0.03161	0.01497	0.00610	0.00194	0.00277	0.01359	0.00444	0.00388
5	0.01278	0.83490	0.02505	0.00818	0.01227	0.01891	0.00818	0.01431	0.00971	0.01125	0.00664	0.00767	0.00613	0.00409	0.00307	0.00102	0.00511	0.00256	0.00204	0.00613
6	0.00565	0.00484	0.00484	0.00484	0.00646	0.00403	0.00363	0.00686	0.01089	0.01291	0.04842	0.04600	0.80027	0.01210	0.00565	0.00161	0.00242	0.01009	0.00444	0.00403
7	0.00582	0.00416	0.00555	0.00666	0.00693	0.00388	0.00444	0.00666	0.00915	0.01220	0.02634	0.82891	0.03161	0.01497	0.00610	0.00194	0.00277	0.01359	0.00444	0.00388
8	0.01171	0.01124	0.01919	0.06276	0.76972	0.01133	0.01461	0.01456	0.01083	0.01547	0.00897	0.01187	0.00752	0.00428	0.00473	0.00143	0.00571	0.00426	0.00236	0.00748
9	0.01235	0.72511	0.13104	0.00892	0.01341	0.01785	0.00946	0.01442	0.00976	0.01177	0.00691	0.00800	0.00612	0.00415	0.00327	0.00109	0.00538	0.00269	0.00204	0.00626
10	0.01171	0.01124	0.01919	0.06276	0.76972	0.01133	0.01461	0.01456	0.01083	0.01547	0.00897	0.01187	0.00752	0.00428	0.00473	0.00143	0.00571	0.00426	0.00236	0.00748
11	0.00830	0.00415	0.00623	0.00623	0.00623	0.00415	0.00415	0.00623	0.00623	0.00830	0.00830	0.01453	0.00830	0.01660	0.01868	0.86094	0.00415	0.00415	0.00208	0.00208
12	0.01817	0.01339	0.01434	0.01100	0.01482	0.01482	0.00908	0.78627	0.02247	0.03012	0.01148	0.01148	0.00813	0.00574	0.00478	0.00143	0.00526	0.00430	0.00478	0.00813
13	0.02144	0.00813	0.01109	0.00850	0.01220	0.00702	0.00702	0.02329	0.01368	0.80552	0.01886	0.01627	0.01183	0.00592	0.00481	0.00148	0.00407	0.00481	0.00592	0.00813
14	0.00582	0.00416	0.00555	0.00666	0.00693	0.00388	0.00444	0.00666	0.00915	0.01220	0.02634	0.82891	0.03161	0.01497	0.00610	0.00194	0.00277	0.01359	0.00444	0.00388
15	0.00683	0.00512	0.00768	0.00768	0.00853	0.00597	0.00597	0.00853	0.00768	0.01110	0.01280	0.01878	0.01195	0.03585	0.81308	0.00768	0.01280	0.00512	0.00256	0.00427
16	0.01278	0.83490	0.02505	0.00818	0.01227	0.01891	0.00818	0.01431	0.00971	0.01125	0.00664	0.00767	0.00613	0.00409	0.00307	0.00102	0.00511	0.00256	0.00204	0.00613
17	0.00676	0.00489	0.00639	0.00601	0.00714	0.00451	0.00451	0.00902	0.01353	0.01917	0.79969	0.03570	0.04510	0.00977	0.00564	0.00150	0.00225	0.00864	0.00526	0.00451
18	0.00903	0.00850	0.01434	0.82054	0.03292	0.01062	0.01327	0.01221	0.00956	0.01221	0.00850	0.01274	0.00637	0.00478	0.00478	0.00159	0.00637	0.00425	0.00212	0.00531
19	0.01189	0.01027	0.01081	0.00973	0.01243	0.01189	0.00757	0.02540	0.79357	0.01999	0.01945	0.01783	0.01459	0.00648	0.00486	0.00162	0.00378	0.00540	0.00486	0.00757
20	0.00565	0.00484	0.00484	0.00484	0.00646	0.00403	0.00363	0.00686	0.01089	0.01291	0.04842	0.04600	0.80027	0.01210	0.00565	0.00161	0.00242	0.01009	0.00444	0.00403
21	0.00582	0.00416	0.00555	0.00666	0.00693	0.00388	0.00444	0.00666	0.00915	0.01220	0.02634	0.82891	0.03161	0.01497	0.00610	0.00194	0.00277	0.01359	0.00444	0.00388
22	0.00582	0.00416	0.00555	0.00666	0.00693	0.00388	0.00444	0.00666	0.00915	0.01220	0.02634	0.82891	0.03161	0.01497	0.00610	0.00194	0.00277	0.01359	0.00444	0.00388
23	0.01817	0.01339	0.01434	0.01100	0.01482	0.01482	0.00908	0.78627	0.02247	0.03012	0.01148	0.01148	0.00813	0.00574	0.00478	0.00143	0.00526	0.00430	0.00478	0.00813
24	0.00565	0.00484	0.00484	0.00484	0.00646	0.00403	0.00363	0.00686	0.01089	0.01291	0.04842	0.04600	0.80027	0.01210	0.00565	0.00161	0.00242	0.01009	0.00444	0.00403
25	0.01128	0.01289	0.02820	0.02015	0.02498	0.01209	0.78485	0.01531	0.01128	0.01531	0.00967	0.01289	0.00725	0.00403	0.00564	0.00161	0.00806	0.00564	0.00242	0.00645
26	0.01817	0.01339	0.01434	0.01100	0.01482	0.01482	0.00908	0.78627	0.02247	0.03012	0.01148	0.01148	0.00813	0.00574	0.00478	0.00143	0.00526	0.00430	0.00478	0.00813
27	0.00582	0.00416	0.00555	0.00666	0.00693	0.00388	0.00444	0.00666	0.00915	0.01220	0.02634	0.82891	0.03161	0.01497	0.00610	0.00194	0.00277	0.01359	0.00444	0.00388
28	0.00582	0.00416	0.00555	0.00666	0.00693	0.00388	0.00444	0.00666	0.00915	0.01220	0.02634	0.82891	0.03161	0.01497	0.00610	0.00194	0.00277	0.01359	0.00444	0.00388
29	0.81013	0.00952	0.00751	0.00659	0.00961	0.01099	0.00543	0.06476	0.00908	0.02201	0.00697	0.00801	0.00537	0.00452	0.00308	0.00148	0.00380	0.00270	0.00308	0.00537
30	0.00959	0.02472	0.80726	0.01362	0.02069	0.01110	0.01766	0.01514	0.01009	0.01514	0.00858	0.01009	0.00605	0.00454	0.00454	0.00151	0.00706	0.00353	0.00202	0.00706
31	0.00991	0.00850	0.00991	0.00708	0.01133	0.00637	0.00566	0.01203	0.00991	0.01557	0.00850	0.00991	0.00708	0.00354	0.00354	0.00071	0.00354	0.00283	0.00283	0.86124
32	0.01785	0.02278	0.01354	0.01231	0.01478	0.81284	0.00924	0.01909	0.01354	0.01170	0.00739	0.00862	0.00616	0.00493	0.00431	0.00123	0.00862	0.00308	0.00246	0.00554
33	0.01673	0.02092	0.01282	0.01168	0.01410	0.71629	0.00877	0.01861	0.05518	0.01222	0.01075	0.01159	0.05925	0.00548	0.00443	0.00128	0.00795	0.00367	0.00272	0.00555
34	0.01143	0.49278	0.35536	0.01048	0.01582	0.01561	0.01218	0.01466	0.00987	0.01289	0.00746	0.00869	0.00610	0.00428	0.00369	0.00123	0.00594	0.00297	0.00203	0.00653
35	0.01817	0.01339	0.01434	0.01100	0.01482	0.01482	0.00908	0.78627	0.02247	0.03012	0.01148	0.01148	0.00813	0.00574	0.00478	0.00143	0.00526	0.00430	0.00478	0.00813
36	0.00991	0.00850	0.00991	0.00708	0.01133	0.00637	0.00566	0.01203	0.00991	0.01557	0.00850	0.00991	0.00708	0.00354	0.00354	0.00071	0.00354	0.00283	0.00283	0.86124
37	0.00582	0.00416	0.00555	0.00666	0.00693	0.00388	0.00444	0.00666	0.00915	0.01220	0.02634	0.82891	0.03161	0.01497	0.00610	0.00194	0.00277	0.01359	0.00444	0.00388
38	0.01785	0.02278	0.01354	0.01231	0.01478	0.81284	0.00924	0.01909	0.01354	0.01170	0.00739	0.00862	0.00616	0.00493	0.00431	0.00123	0.00862	0.00308	0.00246	0.00554
39	0.01882	0.01004	0.01202	0.00937	0.01291	0.01009	0.00769	0.30433	0.06813	0.42555	0.05802	0.01564	0.01243	0.00609	0.00485	0.00147	0.00439	0.00487	0.00539	0.00790
40	0.01172	0.01355	0.02723	0.01963	0.02430	0.06516	0.73344	0.01556	0.01143	0.01507	0.00952	0.01261	0.00718	0.00409	0.00555	0.00159	0.00810	0.00547	0.00242	0.00639
41	0.02144	0.00813	0.01109	0.00850	0.01220	0.00702	0.00702	0.02329	0.01368	0.80552	0.01886	0.01627	0.01183	0.00592	0.00481	0.00148	0.00407	0.00481	0.00592	0.00813
42	0.02022	0.01010	0.01231	0.00944	0.01318	0.00994	0.00780	0.30857	0.01697	0.51560	0.01610	0.01448	0.01045	0.00585	0.00480	0.00146	0.00451	0.00462	0.00549	0.00813
43	0.03969	0.00867	0.01416	0.01223	0.01465	0.03252	0.24019	0.01296	0.06568	0.01513	0.01904	0.05237	0.01919	0.00946	0.00598	0.00192	0.00552	0.42159	0.00373	0.00529
44	0.00689	0.00492	0.00677	0.00788	0.00862	0.00480	0.00630	0.00850	0.01021	0.01340	0.02575	0.38766	0.02928	0.01397	0.00639	0.00209	0.00370	0.44428	0.00442	0.00418
45	0.00830	0.00415	0.00623	0.00623	0.00623	0.00415	0.00415	0.00623	0.00623	0.00830	0.00830	0.01453	0.00830	0.01660	0.01868	0.86094	0.00415	0.00415	0.00208	0.00208
46	0.01446	0.01299	0.01189	0.01057	0.06436	0.25022	0.00773	0.05737	0.01252	0.13789	0.06237	0.01244	0.01013	0.00498	0.00445	0.00115	0.01885	0.00379	0.00342	0.29841
47	0.01509	0.46578	0.01982	0.01006	0.01341	0.37976	0.00866	0.01648	0.01145	0.01145	0.00698	0.00810	0.00614	0.00447	0.00363	0.00112	0.00671	0.00279	0.00223	0.00586
48	0.01121	0.01266	0.02722	0.01944	0.02425	0.01178	0.74309	0.01513	0.01121	0.01532	0.00961	0.01273	0.00724	0.00400	0.00553	0.00156	0.00782	0.00549	0.00244	0.05226
49	0.01184	0.06353	0.04079	0.01344	0.20947	0.05807	0.00876	0.01526	0.08800	0.13111	0.26199	0.02029	0.02066	0.00737	0.02722	0.00161	0.00456	0.00565	0.00402	0.00635
50	0.01041	0.02356	0.75165	0.01327	0.02009	0.01082	0.01692	0.01571	0.01034	0.07034	0.00930	0.01052	0.00646	0.00464	0.00456	0.00151	0.00685	0.00362	0.00229	0.00714
51	0.00683	0.00512	0.00768	0.00768	0.00853	0.00597	0.00597	0.00853	0.00768	0.01110	0.01280	0.01878	0.01195	0.03585	0.81308	0.00768	0.01280	0.00512	0.00256	0.00427
52	0.01183	0.01136	0.01940	0.02934	0.80221	0.01136	0.01467	0.01467	0.01088	0.01562	0.00899	0.01183	0.00757	0.00426	0.00473	0.00142	0.00568	0.00426	0.00237	0.00757
53	0.01221	0.01214	0.01883	0.04808	0.72372	0.07141	0.01423	0.01494	0.01105	0.01524	0.00886	0.01161	0.00743	0.00432	0.00470	0.00141	0.00592	0.00417	0.00237	0.00736
54	0.00794	0.00608	0.00850	0.00810	0.00906	0.00715	0.00631	0.06693	0.00871	0.01242	0.01240	0.01851	0.01164	0.08632	0.64266	0.00661	0.06829	0.00512	0.00272	0.00453
55	0.00699	0.00446	0.00596	0.00679	0.00733	0.00412	0.00463	0.00790	0.00949	0.07166	0.02578	0.76800	0.03013	0.01430	0.00600	0.00191	0.00287	0.01293	0.00455	0.00420
56	0.01246	0.74379	0.02393	0.00971	0.07129	0.01781	0.00853	0.01407	0.00978	0.01161	0.00752	0.03703	0.00714	0.00449	0.00330	0.00108	0.00507	0.00307	0.00215	0.00616
57	0.04231	0.21064	0.06225	0.01185	0.07360	0.01148	0.11387	0.03139	0.02678	0.35005	0.01284	0.01273	0.00897	0.00498	0.00442	0.00139	0.00515	0.00420	0.00389	0.00722
58	0.00695	0.00463	0.00521	0.00521	0.00521	0.00463	0.00290	0.00695	0.00695	0.00927	0.01506	0.03128	0.01738	0.83203	0.02433	0.00463	0.00463	0.00695	0.00290	0.00290
59	0.00706	0.00537	0.00785	0.00764	0.00874	0.00600	0.00595	0.00880	0.00785	0.01143	0.01248	0.01811	0.01158	0.03343	0.75241	0.00716	0.01211	0.00495	0.00258	0.06850
60	0.01023	0.02387	0.74783	0.01343	0.02025	0.01138	0.01702	0.07294	0.01102	0.01626	0.00879	0.01019	0.00621	0.00463	0.00456	0.00151	0.00693	0.00359	0.00223	0.00714
61	0.01173	0.01129	0.01904	0.02808	0.74302	0.01160	0.01435	0.01443	0.01062	0.01531	0.00879	0.01173	0.00747	0.00457	0.00555	0.00147	0.06696	0.00425	0.00235	0.00740
62	0.07731	0.01493	0.01366	0.01199	0.01313	0.30993	0.00961	0.01450	0.00969	0.01232	0.00672	0.00957	0.00615	0.00680	0.01052	0.00173	0.46016	0.00365	0.00229	0.00534
63	0.01234	0.01100	0.01889	0.07975	0.65257	0.01102	0.05308	0.01518	0.01103	0.07458	0.00973	0.01228	0.00779	0.00441	0.00479	0.00145	0.00572	0.00437	0.00262	0.00741
64	0.01221	0.72615	0.06873	0.00854	0.01257	0.01746	0.00869	0.01403	0.00983	0.01170	0.00815	0.01127	0.00773	0.00480	0.00342	0.00114	0.00517	0.06014	0.00222	0.00606
65	0.01337	0.01240	0.08838	0.01054	0.01389	0.05434	0.04145	0.14153	0.40924	0.08324	0.06729	0.01644	0.01378	0.00616	0.00487	0.00154	0.00469	0.00510	0.00446	0.00729

[dist]
# distance from previous block
# <min> <max>
0	372

# created by:
# /st0/software/busco_prod/Augustus/scripts/msa2prfl.pl ./align_prep/60225.fa
