[name]
unknown

[dist]
# distance from previous block
# <min> <max>
0	0

[block]
# block no. 0 follows, 50 sequences, length 13
# corresponding to MSA columns:
# 0-12
name=unknown_A
#
# <colnr> <probs for GDERKNQSTAVLIFYWHMCP>
#	G	D	E	R	K	N	Q	S	T	A	V	L	I	F	Y	W	H	M	C	P
0	0.00803	0.00574	0.00803	0.00918	0.01033	0.00574	0.00803	0.01033	0.01147	0.01492	0.02639	0.05622	0.02869	0.01377	0.00688	0.00229	0.00459	0.76018	0.00459	0.00459
1	0.01240	0.01071	0.01127	0.01014	0.01296	0.01240	0.00789	0.02649	0.78473	0.02085	0.02029	0.01860	0.01522	0.00676	0.00507	0.00169	0.00394	0.00564	0.00507	0.00789
2	0.00607	0.00434	0.00578	0.00694	0.00723	0.00405	0.00463	0.00694	0.00954	0.01272	0.02747	0.82157	0.03297	0.01562	0.00636	0.00202	0.00289	0.01417	0.00463	0.00405
3	0.00713	0.00530	0.00782	0.00782	0.00865	0.00613	0.00600	0.00878	0.00796	0.01143	0.01352	0.02052	0.01287	0.09435	0.74867	0.00778	0.01273	0.00548	0.00270	0.00435
4	0.01091	0.01091	0.01527	0.01309	0.01309	0.01527	0.01091	0.01200	0.00763	0.01200	0.00654	0.01091	0.00654	0.00872	0.01636	0.00218	0.81570	0.00436	0.00218	0.00545
5	0.00725	0.00483	0.00544	0.00544	0.00544	0.00483	0.00302	0.00725	0.00725	0.00966	0.01571	0.03262	0.01812	0.82483	0.02537	0.00483	0.00483	0.00725	0.00302	0.00302
6	0.86003	0.00964	0.00733	0.00655	0.00964	0.01118	0.00540	0.01465	0.00848	0.02236	0.00694	0.00810	0.00540	0.00463	0.00308	0.00154	0.00386	0.00270	0.00308	0.00540
7	0.01862	0.02376	0.01413	0.01284	0.01541	0.80482	0.00963	0.01990	0.01413	0.01220	0.00770	0.00899	0.00642	0.00514	0.00449	0.00128	0.00899	0.00321	0.00257	0.00578
8	0.00897	0.00471	0.00494	0.00488	0.00604	0.00465	0.00366	0.01130	0.01098	0.01879	0.12810	0.02127	0.01772	0.00644	0.00383	0.00122	0.00233	0.00528	0.73024	0.00465
9	0.01082	0.00585	0.00779	0.00703	0.00876	0.00528	0.00536	0.01286	0.01350	0.21735	0.48631	0.14286	0.03619	0.00993	0.00573	0.00163	0.00291	0.00872	0.00554	0.00558
10	0.02236	0.00848	0.01157	0.00887	0.01272	0.00733	0.00733	0.02429	0.01427	0.79719	0.01966	0.01697	0.01234	0.00617	0.00501	0.00154	0.00424	0.00501	0.00617	0.00848
11	0.00607	0.00434	0.00578	0.00694	0.00723	0.00405	0.00463	0.00694	0.00954	0.01272	0.02747	0.82157	0.03297	0.01562	0.00636	0.00202	0.00289	0.01417	0.00463	0.00405
12	0.00888	0.00532	0.00701	0.00683	0.00811	0.00484	0.00502	0.01062	0.01245	0.12941	0.38803	0.30473	0.06619	0.01157	0.00592	0.00173	0.00282	0.01027	0.00526	0.00500

[dist]
# distance from previous block
# <min> <max>
0	1

[block]
# block no. 1 follows, 50 sequences, length 16
# corresponding to MSA columns:
# 14-29
name=unknown_B
#
# <colnr> <probs for GDERKNQSTAVLIFYWHMCP>
#	G	D	E	R	K	N	Q	S	T	A	V	L	I	F	Y	W	H	M	C	P
0	0.00797	0.00609	0.00750	0.00745	0.00875	0.00616	0.00562	0.01230	0.16451	0.01806	0.39821	0.21146	0.03594	0.01106	0.00592	0.00176	0.00299	0.07795	0.00513	0.00517
1	0.01034	0.00886	0.01034	0.00738	0.01181	0.00664	0.00591	0.01255	0.01034	0.01624	0.00886	0.01034	0.00738	0.00369	0.00369	0.00074	0.00369	0.00295	0.00295	0.85530
2	0.00691	0.00529	0.00750	0.00750	0.00853	0.00588	0.00581	0.00860	0.00859	0.01190	0.01972	0.02445	0.14609	0.03314	0.66802	0.00693	0.01149	0.00623	0.00301	0.00441
3	0.00712	0.00534	0.00801	0.00801	0.00890	0.00623	0.00623	0.00890	0.00801	0.01157	0.01335	0.01958	0.01246	0.03738	0.80507	0.00801	0.01335	0.00534	0.00267	0.00445
4	0.00723	0.00491	0.00584	0.00613	0.00633	0.00487	0.00391	0.00765	0.00810	0.01075	0.01853	0.12387	0.02127	0.61979	0.02063	0.00416	0.00458	0.11465	0.00342	0.00336
5	0.01131	0.00961	0.01033	0.00959	0.01198	0.01097	0.00733	0.02313	0.65179	0.01946	0.02152	0.15630	0.01826	0.00828	0.00529	0.00175	0.00376	0.00710	0.00500	0.00723
6	0.00712	0.00534	0.00801	0.00801	0.00890	0.00623	0.00623	0.00890	0.00801	0.01157	0.01335	0.01958	0.01246	0.03738	0.80507	0.00801	0.01335	0.00534	0.00267	0.00445
7	0.01234	0.01184	0.02023	0.03059	0.79373	0.01184	0.01530	0.01530	0.01135	0.01628	0.00938	0.01234	0.00790	0.00444	0.00493	0.00148	0.00592	0.00444	0.00247	0.00790
8	0.00714	0.00525	0.00757	0.00757	0.00831	0.00599	0.00568	0.00862	0.00788	0.01124	0.01375	0.02182	0.01343	0.17242	0.67136	0.00747	0.01189	0.00567	0.00273	0.00421
9	0.01895	0.01396	0.01496	0.01147	0.01546	0.01546	0.00947	0.77711	0.02344	0.03141	0.01197	0.01197	0.00848	0.00598	0.00499	0.00150	0.00548	0.00449	0.00499	0.00848
10	0.86003	0.00964	0.00733	0.00655	0.00964	0.01118	0.00540	0.01465	0.00848	0.02236	0.00694	0.00810	0.00540	0.00463	0.00308	0.00154	0.00386	0.00270	0.00308	0.00540
11	0.00607	0.00434	0.00578	0.00694	0.00723	0.00405	0.00463	0.00694	0.00954	0.01272	0.02747	0.82157	0.03297	0.01562	0.00636	0.00202	0.00289	0.01417	0.00463	0.00405
12	0.01921	0.01354	0.01470	0.01127	0.01525	0.01483	0.00931	0.71872	0.02272	0.09081	0.01256	0.01235	0.00878	0.00600	0.00499	0.00150	0.00539	0.00453	0.00508	0.00848
13	0.01015	0.06291	0.76322	0.01394	0.02117	0.01195	0.01796	0.01575	0.01051	0.01560	0.00885	0.01041	0.00632	0.00471	0.00466	0.00155	0.00727	0.00364	0.00211	0.00732
14	0.00712	0.00534	0.00801	0.00801	0.00890	0.00623	0.00623	0.00890	0.00801	0.01157	0.01335	0.01958	0.01246	0.03738	0.80507	0.00801	0.01335	0.00534	0.00267	0.00445
15	0.86003	0.00964	0.00733	0.00655	0.00964	0.01118	0.00540	0.01465	0.00848	0.02236	0.00694	0.00810	0.00540	0.00463	0.00308	0.00154	0.00386	0.00270	0.00308	0.00540

[dist]
# distance from previous block
# <min> <max>
0	1

[block]
# block no. 2 follows, 50 sequences, length 23
# corresponding to MSA columns:
# 31-53
name=unknown_C
#
# <colnr> <probs for GDERKNQSTAVLIFYWHMCP>
#	G	D	E	R	K	N	Q	S	T	A	V	L	I	F	Y	W	H	M	C	P
0	0.00718	0.00485	0.00568	0.00583	0.00598	0.00481	0.00354	0.00752	0.00808	0.01081	0.06082	0.10414	0.02165	0.66164	0.02155	0.00426	0.00451	0.05047	0.00339	0.00329
1	0.00941	0.00561	0.00745	0.00723	0.00779	0.00595	0.00505	0.01052	0.16304	0.01111	0.01100	0.01584	0.00998	0.01519	0.01658	0.68333	0.00425	0.00459	0.00275	0.00332
2	0.01234	0.01184	0.02023	0.03059	0.79373	0.01184	0.01530	0.01530	0.01135	0.01628	0.00938	0.01234	0.00790	0.00444	0.00493	0.00148	0.00592	0.00444	0.00247	0.00790
3	0.00888	0.00470	0.00478	0.00476	0.00597	0.00461	0.00357	0.01111	0.01071	0.01820	0.05758	0.02211	0.08351	0.00663	0.00382	0.00123	0.00234	0.00538	0.73549	0.00461
4	0.00667	0.00506	0.00600	0.00577	0.00702	0.00454	0.00424	0.00844	0.01255	0.01682	0.46623	0.04054	0.30202	0.08324	0.00761	0.00190	0.00263	0.00938	0.00497	0.00438
5	0.01159	0.01293	0.02657	0.01941	0.02344	0.01314	0.62180	0.01517	0.01093	0.01517	0.00937	0.01293	0.00736	0.00511	0.00799	0.00178	0.17080	0.00558	0.00245	0.00647
6	0.02219	0.00875	0.01173	0.00900	0.01286	0.00773	0.00743	0.06149	0.01472	0.75935	0.01928	0.01672	0.01215	0.00616	0.00501	0.00154	0.00430	0.00499	0.00611	0.00848
7	0.79412	0.05036	0.00838	0.00672	0.00988	0.01150	0.00561	0.01494	0.00873	0.04379	0.00730	0.00834	0.00564	0.00465	0.00314	0.00152	0.00394	0.00276	0.00312	0.00554
8	0.59248	0.00900	0.00778	0.00697	0.00970	0.01011	0.00559	0.08149	0.01029	0.05030	0.01089	0.10112	0.00960	0.00613	0.00372	0.00156	0.00379	0.00438	0.06951	0.00557
9	0.00589	0.00505	0.00505	0.00505	0.00673	0.00421	0.00379	0.00715	0.01136	0.01347	0.05049	0.04797	0.79171	0.01262	0.00589	0.00168	0.00252	0.01052	0.00463	0.00421
10	0.00713	0.00532	0.00788	0.00788	0.00873	0.00616	0.00607	0.00882	0.00797	0.01148	0.01347	0.02023	0.01274	0.07661	0.76623	0.00785	0.01293	0.00544	0.00269	0.00438
11	0.00703	0.00520	0.00603	0.00575	0.00728	0.00455	0.00434	0.00881	0.01272	0.04529	0.38792	0.04192	0.42261	0.01127	0.00585	0.00163	0.00251	0.00963	0.00508	0.00459
12	0.00725	0.00483	0.00544	0.00544	0.00544	0.00483	0.00302	0.00725	0.00725	0.00966	0.01571	0.03262	0.01812	0.82483	0.02537	0.00483	0.00483	0.00725	0.00302	0.00302
13	0.01240	0.01071	0.01127	0.01014	0.01296	0.01240	0.00789	0.02649	0.78473	0.02085	0.02029	0.01860	0.01522	0.00676	0.00507	0.00169	0.00394	0.00564	0.00507	0.00789
14	0.01176	0.01345	0.02941	0.02101	0.02605	0.01261	0.77563	0.01597	0.01176	0.01597	0.01008	0.01345	0.00756	0.00420	0.00588	0.00168	0.00840	0.00588	0.00252	0.00672
15	0.00607	0.00434	0.00578	0.00694	0.00723	0.00405	0.00463	0.00694	0.00954	0.01272	0.02747	0.82157	0.03297	0.01562	0.00636	0.00202	0.00289	0.01417	0.00463	0.00405
16	0.00906	0.00469	0.00485	0.00481	0.00597	0.00465	0.00361	0.01139	0.01083	0.01873	0.09556	0.02049	0.01628	0.00626	0.00373	0.00120	0.00233	0.00509	0.76582	0.00465
17	0.01234	0.01184	0.02023	0.03059	0.79373	0.01184	0.01530	0.01530	0.01135	0.01628	0.00938	0.01234	0.00790	0.00444	0.00493	0.00148	0.00592	0.00444	0.00247	0.00790
18	0.00803	0.00574	0.00803	0.00918	0.01033	0.00574	0.00803	0.01033	0.01147	0.01492	0.02639	0.05622	0.02869	0.01377	0.00688	0.00229	0.00459	0.76018	0.00459	0.00459
19	0.00607	0.00434	0.00578	0.00694	0.00723	0.00405	0.00463	0.00694	0.00954	0.01272	0.02747	0.82157	0.03297	0.01562	0.00636	0.00202	0.00289	0.01417	0.00463	0.00405
20	0.00682	0.00509	0.00634	0.00603	0.00730	0.00460	0.00452	0.00895	0.01356	0.01868	0.64212	0.03939	0.19683	0.01068	0.00588	0.00159	0.00239	0.00932	0.00531	0.00460
21	0.00607	0.00434	0.00578	0.00694	0.00723	0.00405	0.00463	0.00694	0.00954	0.01272	0.02747	0.82157	0.03297	0.01562	0.00636	0.00202	0.00289	0.01417	0.00463	0.00405
22	0.02036	0.00893	0.01151	0.00912	0.01277	0.00835	0.00744	0.02473	0.16925	0.64102	0.01979	0.01729	0.01292	0.00629	0.00502	0.00157	0.00418	0.00514	0.00595	0.00836

[dist]
# distance from previous block
# <min> <max>
8	10

[block]
# block no. 3 follows, 50 sequences, length 61
# corresponding to MSA columns:
# 64-124
name=unknown_D
#
# <colnr> <probs for GDERKNQSTAVLIFYWHMCP>
#	G	D	E	R	K	N	Q	S	T	A	V	L	I	F	Y	W	H	M	C	P
0	0.11413	0.13952	0.18383	0.01076	0.01515	0.04835	0.01044	0.28867	0.04154	0.04987	0.01101	0.04567	0.00867	0.00570	0.00448	0.00148	0.00562	0.00425	0.00363	0.00723
1	0.24776	0.05409	0.04132	0.00928	0.01285	0.06951	0.00784	0.20082	0.10982	0.02158	0.01109	0.01294	0.00885	0.00550	0.00422	0.00142	0.00485	0.03667	0.00372	0.13587
2	0.36133	0.03456	0.11068	0.00863	0.01229	0.06396	0.00790	0.01733	0.01128	0.23325	0.08331	0.01360	0.01137	0.00560	0.00418	0.00152	0.00466	0.00408	0.00397	0.00649
3	0.10671	0.19937	0.26447	0.01042	0.01552	0.01219	0.03945	0.01566	0.04621	0.05210	0.00931	0.01042	0.00720	0.00453	0.00405	0.00129	0.00546	0.00342	0.00274	0.18948
4	0.00728	0.00487	0.00555	0.00560	0.00565	0.00487	0.00324	0.00738	0.00743	0.00989	0.01617	0.03365	0.01858	0.78942	0.02456	0.00472	0.00482	0.04011	0.00309	0.00309
5	0.01813	0.02078	0.01373	0.01210	0.01486	0.60833	0.00924	0.16288	0.01567	0.01621	0.00901	0.01012	0.00718	0.00534	0.00453	0.00132	0.00793	0.00354	0.05288	0.00622
6	0.00778	0.00495	0.00572	0.00570	0.00592	0.00486	0.00335	0.00795	0.00781	0.04383	0.01748	0.09628	0.03352	0.70879	0.02259	0.00440	0.00461	0.00778	0.00332	0.00336
7	0.00637	0.00466	0.00550	0.00603	0.00659	0.00431	0.00395	0.00708	0.00934	0.01203	0.02991	0.39907	0.22047	0.24766	0.01171	0.00275	0.00336	0.01126	0.00417	0.00379
8	0.19854	0.00946	0.01078	0.00859	0.01220	0.04311	0.00704	0.02214	0.03738	0.57499	0.01648	0.01480	0.01071	0.00582	0.00459	0.00154	0.00436	0.00447	0.00533	0.00770
9	0.01000	0.02578	0.79900	0.01421	0.02157	0.01158	0.01842	0.01579	0.01052	0.01579	0.00895	0.01052	0.00631	0.00474	0.00474	0.00158	0.00737	0.00368	0.00210	0.00737
10	0.00710	0.00485	0.00522	0.00527	0.00596	0.00458	0.00339	0.00787	0.00907	0.01230	0.02674	0.07083	0.24961	0.42036	0.01535	0.00320	0.00367	0.00815	0.13281	0.00367
11	0.00626	0.00441	0.00573	0.00671	0.00695	0.00417	0.00438	0.00699	0.00919	0.01225	0.02564	0.69878	0.03066	0.14156	0.00932	0.00246	0.00319	0.01309	0.00438	0.00389
12	0.00974	0.00919	0.01554	0.72529	0.11933	0.01116	0.01401	0.01302	0.01012	0.01313	0.00892	0.01318	0.00678	0.00492	0.00498	0.00164	0.00656	0.00443	0.00224	0.00580
13	0.03520	0.00556	0.00557	0.00526	0.00672	0.00573	0.00403	0.07479	0.01146	0.01975	0.01563	0.01773	0.01220	0.00579	0.00360	0.00120	0.00263	0.00458	0.75758	0.00498
14	0.01784	0.01341	0.01433	0.01124	0.01503	0.01494	0.00920	0.64963	0.15273	0.02962	0.01338	0.01309	0.00962	0.00612	0.00500	0.00153	0.00522	0.00468	0.00500	0.00838
15	0.00957	0.00567	0.00743	0.00670	0.00834	0.00514	0.00516	0.01180	0.01397	0.14891	0.61732	0.03466	0.07345	0.00969	0.00575	0.00158	0.00271	0.02130	0.00555	0.00531
16	0.01392	0.73783	0.02478	0.00901	0.01309	0.10759	0.00865	0.01548	0.01058	0.01178	0.00702	0.00811	0.00640	0.00436	0.00334	0.00109	0.00574	0.00273	0.00218	0.00633
17	0.00627	0.00477	0.00577	0.00613	0.00712	0.00427	0.00437	0.00766	0.01134	0.01487	0.23499	0.35838	0.28962	0.01320	0.00608	0.00179	0.00263	0.01160	0.00485	0.00427
18	0.01602	0.00700	0.00945	0.00792	0.01055	0.00616	0.00625	0.01789	0.01351	0.48140	0.21584	0.14450	0.02425	0.00862	0.00544	0.00162	0.00356	0.00742	0.00576	0.00685
19	0.01333	0.82783	0.02612	0.00853	0.01279	0.01972	0.00853	0.01493	0.01013	0.01173	0.00693	0.00800	0.00640	0.00426	0.00320	0.00107	0.00533	0.00267	0.00213	0.00640
20	0.00643	0.00449	0.00568	0.00648	0.00668	0.00429	0.00414	0.00703	0.00884	0.01179	0.02388	0.58093	0.02844	0.26244	0.01216	0.00288	0.00348	0.01206	0.00414	0.00373
21	0.00620	0.00451	0.00586	0.00682	0.00733	0.00417	0.00470	0.00725	0.01007	0.01332	0.07506	0.67035	0.10384	0.01494	0.00631	0.00198	0.00290	0.04559	0.00468	0.00413
22	0.86003	0.00964	0.00733	0.00655	0.00964	0.01118	0.00540	0.01465	0.00848	0.02236	0.00694	0.00810	0.00540	0.00463	0.00308	0.00154	0.00386	0.00270	0.00308	0.00540
23	0.00667	0.00459	0.00561	0.00618	0.00632	0.00445	0.00381	0.00710	0.00838	0.01117	0.02149	0.42040	0.02542	0.42709	0.01603	0.00345	0.00388	0.01065	0.00381	0.00353
24	0.07378	0.00916	0.01160	0.00902	0.01280	0.00854	0.00743	0.09345	0.04787	0.64471	0.01819	0.01602	0.01167	0.00608	0.00489	0.00154	0.00432	0.00485	0.00582	0.00826
25	0.00658	0.00460	0.00564	0.00623	0.00649	0.00440	0.00394	0.00716	0.00885	0.01177	0.05051	0.44084	0.06057	0.34293	0.01402	0.00313	0.00364	0.01103	0.00401	0.00366
26	0.00646	0.00507	0.00584	0.00565	0.00708	0.00445	0.00424	0.00826	0.01271	0.01667	0.41452	0.04269	0.42569	0.01143	0.00589	0.00163	0.00244	0.00978	0.00505	0.00445
27	0.00607	0.00434	0.00578	0.00694	0.00723	0.00405	0.00463	0.00694	0.00954	0.01272	0.02747	0.82157	0.03297	0.01562	0.00636	0.00202	0.00289	0.01417	0.00463	0.00405
28	0.01895	0.01396	0.01496	0.01147	0.01546	0.01546	0.00947	0.77711	0.02344	0.03141	0.01197	0.01197	0.00848	0.00598	0.00499	0.00150	0.00548	0.00449	0.00499	0.00848
29	0.00997	0.00943	0.01595	0.66449	0.17836	0.01122	0.01412	0.01322	0.01023	0.01341	0.00896	0.01311	0.00688	0.00488	0.00497	0.00163	0.00651	0.00443	0.00226	0.00598
30	0.00589	0.00505	0.00505	0.00505	0.00673	0.00421	0.00379	0.00715	0.01136	0.01347	0.05049	0.04797	0.79171	0.01262	0.00589	0.00168	0.00252	0.01052	0.00463	0.00421
31	0.01034	0.00886	0.01034	0.00738	0.01181	0.00664	0.00591	0.01255	0.01034	0.01624	0.00886	0.01034	0.00738	0.00369	0.00369	0.00074	0.00369	0.00295	0.00295	0.85530
32	0.86003	0.00964	0.00733	0.00655	0.00964	0.01118	0.00540	0.01465	0.00848	0.02236	0.00694	0.00810	0.00540	0.00463	0.00308	0.00154	0.00386	0.00270	0.00308	0.00540
33	0.01234	0.01184	0.02023	0.03059	0.79373	0.01184	0.01530	0.01530	0.01135	0.01628	0.00938	0.01234	0.00790	0.00444	0.00493	0.00148	0.00592	0.00444	0.00247	0.00790
34	0.80991	0.00990	0.00778	0.00685	0.00999	0.01144	0.00564	0.06009	0.00937	0.02290	0.00724	0.00833	0.00558	0.00471	0.00320	0.00154	0.00395	0.00281	0.00320	0.00558
35	0.01091	0.01091	0.01527	0.01309	0.01309	0.01527	0.01091	0.01200	0.00763	0.01200	0.00654	0.01091	0.00654	0.00872	0.01636	0.00218	0.81570	0.00436	0.00218	0.00545
36	0.01892	0.01477	0.01489	0.01158	0.01545	0.08051	0.00949	0.71471	0.02267	0.02983	0.01162	0.01172	0.00831	0.00591	0.00495	0.00148	0.00577	0.00438	0.00479	0.00825
37	0.01234	0.01184	0.02023	0.03059	0.79373	0.01184	0.01530	0.01530	0.01135	0.01628	0.00938	0.01234	0.00790	0.00444	0.00493	0.00148	0.00592	0.00444	0.00247	0.00790
38	0.00607	0.00434	0.00578	0.00694	0.00723	0.00405	0.00463	0.00694	0.00954	0.01272	0.02747	0.82157	0.03297	0.01562	0.00636	0.00202	0.00289	0.01417	0.00463	0.00405
39	0.00594	0.00494	0.00519	0.00536	0.00682	0.00419	0.00393	0.00717	0.01114	0.01349	0.06210	0.16544	0.66109	0.01303	0.00596	0.00173	0.00258	0.01104	0.00465	0.00419
40	0.01225	0.01058	0.01113	0.01003	0.01282	0.01221	0.00780	0.02605	0.76718	0.02068	0.02097	0.01926	0.03284	0.00690	0.00509	0.00169	0.00391	0.00575	0.00506	0.00781
41	0.02125	0.00873	0.01153	0.00901	0.01275	0.00789	0.00739	0.02454	0.10050	0.71030	0.01973	0.01715	0.01266	0.00624	0.00502	0.00156	0.00421	0.00508	0.00605	0.00842
42	0.73260	0.00946	0.00797	0.00691	0.01011	0.01060	0.00569	0.01612	0.00936	0.14024	0.00888	0.00945	0.00645	0.00486	0.00338	0.00154	0.00391	0.00305	0.00355	0.00587
43	0.00622	0.00445	0.00592	0.00684	0.00726	0.00415	0.00464	0.00732	0.01024	0.01383	0.14365	0.70225	0.03511	0.01479	0.00629	0.00195	0.00281	0.01339	0.00476	0.00415
44	0.86003	0.00964	0.00733	0.00655	0.00964	0.01118	0.00540	0.01465	0.00848	0.02236	0.00694	0.00810	0.00540	0.00463	0.00308	0.00154	0.00386	0.00270	0.00308	0.00540
45	0.00866	0.00433	0.00649	0.00649	0.00649	0.00433	0.00433	0.00649	0.00649	0.00866	0.00866	0.01515	0.00866	0.01732	0.01948	0.85498	0.00433	0.00433	0.00216	0.00216
46	0.06682	0.00938	0.01186	0.00914	0.01297	0.00877	0.00755	0.13830	0.01535	0.63908	0.01781	0.01573	0.01138	0.00606	0.00491	0.00154	0.00441	0.00481	0.00582	0.00832
47	0.01520	0.01036	0.01156	0.00991	0.01305	0.01135	0.00785	0.07069	0.55308	0.20918	0.01964	0.01781	0.01412	0.00657	0.00505	0.00164	0.00411	0.00542	0.00533	0.00807
48	0.02236	0.00848	0.01157	0.00887	0.01272	0.00733	0.00733	0.02429	0.01427	0.79719	0.01966	0.01697	0.01234	0.00617	0.00501	0.00154	0.00424	0.00501	0.00617	0.00848
49	0.01000	0.02578	0.79900	0.01421	0.02157	0.01158	0.01842	0.01579	0.01052	0.01579	0.00895	0.01052	0.00631	0.00474	0.00474	0.00158	0.00737	0.00368	0.00210	0.00737
50	0.00684	0.00506	0.00638	0.00611	0.00733	0.00460	0.00456	0.00896	0.01350	0.01868	0.64561	0.07258	0.15972	0.01079	0.00590	0.00160	0.00240	0.00946	0.00532	0.00460
51	0.00606	0.00504	0.00529	0.00526	0.00684	0.00428	0.00393	0.00747	0.01172	0.01438	0.15526	0.06198	0.67067	0.01234	0.00590	0.00167	0.00251	0.01038	0.00475	0.00428
52	0.00607	0.00434	0.00578	0.00694	0.00723	0.00405	0.00463	0.00694	0.00954	0.01272	0.02747	0.82157	0.03297	0.01562	0.00636	0.00202	0.00289	0.01417	0.00463	0.00405
53	0.01895	0.01396	0.01496	0.01147	0.01546	0.01546	0.00947	0.77711	0.02344	0.03141	0.01197	0.01197	0.00848	0.00598	0.00499	0.00150	0.00548	0.00449	0.00499	0.00848
54	0.00986	0.00931	0.01575	0.69384	0.14986	0.01119	0.01406	0.01313	0.01018	0.01328	0.00894	0.01314	0.00683	0.00490	0.00498	0.00163	0.00653	0.00443	0.00225	0.00590
55	0.82403	0.00959	0.00751	0.00665	0.00977	0.01102	0.00548	0.01507	0.00873	0.05566	0.00749	0.00848	0.00570	0.00469	0.00317	0.00154	0.00387	0.00280	0.00322	0.00553
56	0.00598	0.00470	0.00541	0.00598	0.00698	0.00413	0.00420	0.00705	0.01047	0.01310	0.03918	0.42821	0.41878	0.01409	0.00612	0.00185	0.00271	0.01231	0.00463	0.00413
57	0.00818	0.00607	0.00801	0.00888	0.01016	0.00615	0.00755	0.01141	0.08290	0.01524	0.02733	0.10172	0.07319	0.01317	0.00662	0.00219	0.00430	0.59747	0.00464	0.00484
58	0.00607	0.00434	0.00578	0.00694	0.00723	0.00405	0.00463	0.00694	0.00954	0.01272	0.02747	0.82157	0.03297	0.01562	0.00636	0.00202	0.00289	0.01417	0.00463	0.00405
59	0.00866	0.00433	0.00649	0.00649	0.00649	0.00433	0.00433	0.00649	0.00649	0.00866	0.00866	0.01515	0.00866	0.01732	0.01948	0.85498	0.00433	0.00433	0.00216	0.00216
60	0.00769	0.00594	0.00839	0.05657	0.08177	0.00575	0.00619	0.01010	0.01346	0.01900	0.65588	0.03341	0.04040	0.02644	0.00615	0.00163	0.00299	0.00828	0.00496	0.00501

[dist]
# distance from previous block
# <min> <max>
0	1

[block]
# block no. 4 follows, 50 sequences, length 84
# corresponding to MSA columns:
# 126-209
name=unknown_E
#
# <colnr> <probs for GDERKNQSTAVLIFYWHMCP>
#	G	D	E	R	K	N	Q	S	T	A	V	L	I	F	Y	W	H	M	C	P
0	0.02236	0.00848	0.01157	0.00887	0.01272	0.00733	0.00733	0.02429	0.01427	0.79719	0.01966	0.01697	0.01234	0.00617	0.00501	0.00154	0.00424	0.00501	0.00617	0.00848
1	0.00941	0.00886	0.01495	0.81285	0.03433	0.01107	0.01384	0.01274	0.00997	0.01274	0.00886	0.01329	0.00664	0.00498	0.00498	0.00166	0.00664	0.00443	0.00221	0.00554
2	0.86003	0.00964	0.00733	0.00655	0.00964	0.01118	0.00540	0.01465	0.00848	0.02236	0.00694	0.00810	0.00540	0.00463	0.00308	0.00154	0.00386	0.00270	0.00308	0.00540
3	0.01754	0.00956	0.01142	0.00949	0.01284	0.00978	0.00760	0.02535	0.38746	0.42115	0.01997	0.01776	0.01373	0.00646	0.00504	0.00161	0.00410	0.00531	0.00564	0.00820
4	0.01000	0.02578	0.79900	0.01421	0.02157	0.01158	0.01842	0.01579	0.01052	0.01579	0.00895	0.01052	0.00631	0.00474	0.00474	0.00158	0.00737	0.00368	0.00210	0.00737
5	0.00725	0.00483	0.00544	0.00544	0.00544	0.00483	0.00302	0.00725	0.00725	0.00966	0.01571	0.03262	0.01812	0.82483	0.02537	0.00483	0.00483	0.00725	0.00302	0.00302
6	0.01895	0.01396	0.01496	0.01147	0.01546	0.01546	0.00947	0.77711	0.02344	0.03141	0.01197	0.01197	0.00848	0.00598	0.00499	0.00150	0.00548	0.00449	0.00499	0.00848
7	0.00866	0.00433	0.00649	0.00649	0.00649	0.00433	0.00433	0.00649	0.00649	0.00866	0.00866	0.01515	0.00866	0.01732	0.01948	0.85498	0.00433	0.00433	0.00216	0.00216
8	0.00593	0.00500	0.00513	0.00520	0.00678	0.00421	0.00386	0.00718	0.01129	0.01354	0.06329	0.10135	0.72468	0.01278	0.00592	0.00170	0.00255	0.01074	0.00465	0.00421
9	0.00712	0.00534	0.00801	0.00801	0.00890	0.00623	0.00623	0.00890	0.00801	0.01157	0.01335	0.01958	0.01246	0.03738	0.80507	0.00801	0.01335	0.00534	0.00267	0.00445
10	0.00693	0.00596	0.00605	0.00587	0.00773	0.00552	0.00444	0.01025	0.13526	0.01465	0.04566	0.04326	0.66731	0.01168	0.00576	0.00168	0.00275	0.00974	0.00470	0.00480
11	0.00965	0.01006	0.02063	0.01578	0.01906	0.00943	0.48913	0.01261	0.01094	0.01476	0.01655	0.31374	0.01700	0.00844	0.00606	0.00181	0.00636	0.00896	0.00330	0.00573
12	0.01209	0.01159	0.01979	0.09641	0.72984	0.01178	0.01517	0.01508	0.01123	0.01599	0.00933	0.01242	0.00779	0.00449	0.00494	0.00150	0.00598	0.00444	0.00245	0.00770
13	0.01068	0.00598	0.00613	0.00563	0.00719	0.00620	0.00435	0.12163	0.01232	0.02043	0.01564	0.01763	0.01216	0.00583	0.00370	0.00121	0.00278	0.00462	0.73070	0.00520
14	0.00607	0.00434	0.00578	0.00694	0.00723	0.00405	0.00463	0.00694	0.00954	0.01272	0.02747	0.82157	0.03297	0.01562	0.00636	0.00202	0.00289	0.01417	0.00463	0.00405
15	0.01000	0.02578	0.79900	0.01421	0.02157	0.01158	0.01842	0.01579	0.01052	0.01579	0.00895	0.01052	0.00631	0.00474	0.00474	0.00158	0.00737	0.00368	0.00210	0.00737
16	0.01895	0.01396	0.01496	0.01147	0.01546	0.01546	0.00947	0.77711	0.02344	0.03141	0.01197	0.01197	0.00848	0.00598	0.00499	0.00150	0.00548	0.00449	0.00499	0.00848
17	0.01862	0.02376	0.01413	0.01284	0.01541	0.80482	0.00963	0.01990	0.01413	0.01220	0.00770	0.00899	0.00642	0.00514	0.00449	0.00128	0.00899	0.00321	0.00257	0.00578
18	0.00669	0.00508	0.00616	0.00589	0.00722	0.00455	0.00442	0.00870	0.01325	0.01795	0.55976	0.04059	0.27965	0.01095	0.00588	0.00160	0.00241	0.00948	0.00522	0.00455
19	0.00685	0.00492	0.00639	0.00731	0.00784	0.00474	0.00509	0.04651	0.01037	0.01382	0.02661	0.73238	0.03145	0.01501	0.00632	0.00201	0.00313	0.06028	0.00464	0.00431
20	0.00607	0.00434	0.00578	0.00694	0.00723	0.00405	0.00463	0.00694	0.00954	0.01272	0.02747	0.82157	0.03297	0.01562	0.00636	0.00202	0.00289	0.01417	0.00463	0.00405
21	0.00681	0.00509	0.00633	0.00602	0.00730	0.00460	0.00451	0.00894	0.01354	0.01864	0.63856	0.03944	0.20042	0.01069	0.00588	0.00159	0.00239	0.00932	0.00531	0.00460
22	0.01104	0.01224	0.02607	0.01884	0.02335	0.01145	0.66480	0.01492	0.01198	0.01626	0.08971	0.01734	0.04603	0.00517	0.00588	0.00167	0.00754	0.00640	0.00291	0.00641
23	0.01112	0.01088	0.01469	0.01266	0.01307	0.01485	0.01047	0.01408	0.11931	0.01327	0.00852	0.01201	0.00779	0.00844	0.01474	0.00211	0.69904	0.00455	0.00260	0.00580
24	0.00617	0.00471	0.00536	0.00587	0.00690	0.00416	0.00415	0.00731	0.01049	0.01343	0.03822	0.39282	0.40729	0.01357	0.00596	0.00181	0.00268	0.01182	0.05312	0.00416
25	0.01569	0.01135	0.01239	0.01035	0.01366	0.01259	0.00827	0.24491	0.45609	0.13155	0.01778	0.01644	0.01285	0.00645	0.00504	0.00161	0.00443	0.00521	0.00520	0.00814
26	0.01177	0.00997	0.01069	0.00962	0.01222	0.01136	0.00747	0.03988	0.65790	0.02095	0.13089	0.02114	0.01965	0.00724	0.00519	0.00167	0.00375	0.00610	0.00513	0.00744
27	0.02042	0.00892	0.01151	0.00912	0.01277	0.00831	0.00744	0.02472	0.16437	0.64594	0.01979	0.01728	0.01290	0.00628	0.00502	0.00157	0.00418	0.00513	0.00596	0.00837
28	0.01288	0.01021	0.01091	0.00975	0.01254	0.01162	0.00760	0.02549	0.68965	0.07190	0.02002	0.01849	0.01489	0.00667	0.00498	0.00165	0.00387	0.00554	0.05361	0.00774
29	0.00607	0.00434	0.00578	0.00694	0.00723	0.00405	0.00463	0.00694	0.00954	0.01272	0.02747	0.82157	0.03297	0.01562	0.00636	0.00202	0.00289	0.01417	0.00463	0.00405
30	0.00616	0.00477	0.00565	0.00625	0.00723	0.00425	0.00449	0.00736	0.01064	0.01349	0.06871	0.40743	0.35836	0.01399	0.00617	0.00188	0.00282	0.06151	0.00466	0.00418
31	0.00970	0.00511	0.00725	0.00721	0.00731	0.00497	0.00480	0.00730	0.00720	0.00970	0.00968	0.01648	0.00960	0.01779	0.01968	0.84161	0.00468	0.00466	0.00252	0.00275
32	0.00627	0.00448	0.00601	0.00717	0.00754	0.00422	0.00497	0.00728	0.00974	0.01295	0.02736	0.74416	0.03253	0.01543	0.00641	0.00205	0.00306	0.08962	0.00462	0.00410
33	0.00725	0.00483	0.00544	0.00544	0.00544	0.00483	0.00302	0.00725	0.00725	0.00966	0.01571	0.03262	0.01812	0.82483	0.02537	0.00483	0.00483	0.00725	0.00302	0.00302
34	0.01587	0.01243	0.01323	0.01085	0.01429	0.01402	0.00873	0.42458	0.38097	0.02645	0.01587	0.01508	0.01164	0.00635	0.00503	0.00159	0.00476	0.00503	0.00503	0.00820
35	0.00941	0.00886	0.01495	0.81285	0.03433	0.01107	0.01384	0.01274	0.00997	0.01274	0.00886	0.01329	0.00664	0.00498	0.00498	0.00166	0.00664	0.00443	0.00221	0.00554
36	0.01091	0.01091	0.01527	0.01309	0.01309	0.01527	0.01091	0.01200	0.00763	0.01200	0.00654	0.01091	0.00654	0.00872	0.01636	0.00218	0.81570	0.00436	0.00218	0.00545
37	0.01333	0.82783	0.02612	0.00853	0.01279	0.01972	0.00853	0.01493	0.01013	0.01173	0.00693	0.00800	0.00640	0.00426	0.00320	0.00107	0.00533	0.00267	0.00213	0.00640
38	0.00610	0.00436	0.00581	0.00692	0.00724	0.00407	0.00463	0.00702	0.00969	0.01296	0.05194	0.79645	0.03342	0.01544	0.00635	0.00201	0.00287	0.01400	0.00465	0.00407
39	0.01652	0.18386	0.11210	0.01212	0.01564	0.53736	0.01048	0.03242	0.01306	0.01290	0.00778	0.00903	0.00644	0.00493	0.00427	0.00128	0.00800	0.00318	0.00247	0.00614
40	0.01203	0.01146	0.01921	0.11356	0.67228	0.01179	0.01476	0.01559	0.05073	0.01614	0.00988	0.01276	0.00814	0.00462	0.00495	0.00151	0.00590	0.00450	0.00257	0.00764
41	0.01587	0.01060	0.01601	0.03607	0.40025	0.01051	0.01155	0.04606	0.10166	0.27852	0.01415	0.01461	0.01022	0.00535	0.00498	0.00153	0.00513	0.00477	0.00409	0.00806
42	0.00695	0.00508	0.00670	0.00723	0.00758	0.00530	0.00506	0.00784	0.00883	0.01195	0.02145	0.40942	0.02479	0.22519	0.10873	0.00350	0.05129	0.07531	0.00383	0.00396
43	0.01330	0.00967	0.01519	0.02012	0.42993	0.00944	0.01120	0.01639	0.04529	0.17762	0.14747	0.01978	0.01678	0.00630	0.00521	0.00155	0.00482	0.03868	0.00395	0.00732
44	0.01034	0.00886	0.01034	0.00738	0.01181	0.00664	0.00591	0.01255	0.01034	0.01624	0.00886	0.01034	0.00738	0.00369	0.00369	0.00074	0.00369	0.00295	0.00295	0.85530
45	0.00626	0.00462	0.00575	0.00637	0.00705	0.00423	0.00437	0.00738	0.01044	0.01377	0.14731	0.49957	0.18195	0.06755	0.00745	0.00207	0.00287	0.01222	0.00465	0.00411
46	0.00705	0.00510	0.00666	0.00627	0.00745	0.00470	0.00470	0.00941	0.01411	0.01999	0.79110	0.03723	0.04703	0.01019	0.00588	0.00157	0.00235	0.00901	0.00549	0.00470
47	0.01271	0.01023	0.01090	0.00936	0.01206	0.02526	0.00738	0.22975	0.33777	0.02290	0.18505	0.02272	0.07686	0.00768	0.00527	0.00160	0.00402	0.00635	0.00506	0.00706
48	0.00646	0.00472	0.00579	0.00629	0.00695	0.00437	0.00431	0.00752	0.01023	0.01350	0.14588	0.39434	0.17315	0.15750	0.00958	0.00240	0.00314	0.03538	0.00447	0.00401
49	0.00607	0.00434	0.00578	0.00694	0.00723	0.00405	0.00463	0.00694	0.00954	0.01272	0.02747	0.82157	0.03297	0.01562	0.00636	0.00202	0.00289	0.01417	0.00463	0.00405
50	0.00607	0.00436	0.00576	0.00688	0.00721	0.00405	0.00460	0.00695	0.00960	0.01275	0.02824	0.79573	0.05831	0.01552	0.00635	0.00201	0.00288	0.01405	0.00463	0.00405
51	0.01210	0.00616	0.00807	0.00714	0.00917	0.00547	0.00550	0.01397	0.01322	0.28768	0.33588	0.14406	0.11146	0.00983	0.00565	0.00164	0.00310	0.00853	0.00551	0.00587
52	0.01477	0.00679	0.00897	0.00753	0.01008	0.00596	0.00596	0.01669	0.01362	0.41960	0.26926	0.07949	0.10242	0.00872	0.00547	0.00160	0.00338	0.00744	0.00570	0.00656
53	0.01092	0.00942	0.00985	0.00898	0.01154	0.01053	0.00695	0.02208	0.60851	0.01917	0.02717	0.02529	0.19214	0.00810	0.00526	0.00169	0.00362	0.00675	0.00497	0.00705
54	0.01282	0.00850	0.00982	0.00812	0.01080	0.00844	0.00647	0.23254	0.04190	0.13371	0.26672	0.02686	0.15242	0.00836	0.00536	0.00152	0.00367	0.00697	0.00515	0.04983
55	0.00721	0.00497	0.00613	0.00613	0.00637	0.00521	0.00388	0.00769	0.00745	0.01018	0.01507	0.02912	0.01660	0.61324	0.23488	0.00569	0.00712	0.00674	0.00293	0.00340
56	0.01124	0.01073	0.01826	0.32310	0.50978	0.01156	0.01475	0.01434	0.01083	0.01496	0.00918	0.01269	0.00743	0.00464	0.00495	0.00155	0.00619	0.00444	0.00237	0.00701
57	0.69547	0.01001	0.00800	0.00710	0.01010	0.04563	0.00577	0.01567	0.04233	0.06605	0.04835	0.01058	0.00838	0.00511	0.00348	0.00154	0.00403	0.00330	0.00345	0.00566
58	0.00697	0.00503	0.00659	0.00633	0.00743	0.00465	0.00470	0.00920	0.01372	0.01937	0.72657	0.10352	0.04584	0.01065	0.00592	0.00161	0.00240	0.00945	0.00541	0.00465
59	0.00866	0.00433	0.00649	0.00649	0.00649	0.00433	0.00433	0.00649	0.00649	0.00866	0.00866	0.01515	0.00866	0.01732	0.01948	0.85498	0.00433	0.00433	0.00216	0.00216
60	0.00607	0.00434	0.00578	0.00694	0.00723	0.00405	0.00463	0.00694	0.00954	0.01272	0.02747	0.82157	0.03297	0.01562	0.00636	0.00202	0.00289	0.01417	0.00463	0.00405
61	0.01083	0.22651	0.60557	0.01279	0.01938	0.01361	0.01594	0.01557	0.01042	0.01477	0.00844	0.00989	0.00633	0.00462	0.00435	0.00145	0.00686	0.00343	0.00211	0.00712
62	0.86003	0.00964	0.00733	0.00655	0.00964	0.01118	0.00540	0.01465	0.00848	0.02236	0.00694	0.00810	0.00540	0.00463	0.00308	0.00154	0.00386	0.00270	0.00308	0.00540
63	0.00881	0.00661	0.00784	0.00804	0.00946	0.00684	0.00610	0.01364	0.22395	0.04419	0.02702	0.30898	0.10895	0.04653	0.00681	0.00205	0.00359	0.15051	0.00473	0.00535
64	0.00606	0.00437	0.00575	0.00684	0.00720	0.00406	0.00458	0.00695	0.00963	0.01276	0.02864	0.78249	0.07130	0.01546	0.00634	0.00201	0.00287	0.01399	0.00463	0.00406
65	0.01202	0.01080	0.01518	0.01336	0.05351	0.01344	0.06175	0.15612	0.01116	0.01603	0.00954	0.05828	0.00891	0.00970	0.04721	0.03846	0.45055	0.00510	0.00291	0.00597
66	0.01277	0.00665	0.00816	0.00704	0.00949	0.00590	0.00553	0.01510	0.05238	0.31724	0.15326	0.05759	0.30943	0.00955	0.00552	0.00162	0.00324	0.00802	0.00538	0.00612
67	0.00747	0.00499	0.00671	0.00763	0.00840	0.00472	0.00573	0.00883	0.01042	0.05349	0.02760	0.52733	0.05837	0.01448	0.00643	0.00207	0.00345	0.23275	0.00469	0.00444
68	0.06472	0.01245	0.01254	0.01036	0.01358	0.08111	0.00832	0.30712	0.22712	0.11762	0.01630	0.01571	0.05039	0.00650	0.00529	0.00157	0.03204	0.00496	0.00472	0.00759
69	0.01137	0.00647	0.00768	0.00681	0.00879	0.00595	0.00512	0.05168	0.03286	0.21873	0.09636	0.08743	0.28176	0.14583	0.00887	0.00218	0.00356	0.00822	0.00487	0.00547
70	0.86003	0.00964	0.00733	0.00655	0.00964	0.01118	0.00540	0.01465	0.00848	0.02236	0.00694	0.00810	0.00540	0.00463	0.00308	0.00154	0.00386	0.00270	0.00308	0.00540
71	0.01146	0.00874	0.01027	0.00771	0.01171	0.00707	0.00613	0.03340	0.05530	0.08862	0.01246	0.05375	0.02691	0.00496	0.00411	0.00097	0.00374	0.00408	0.00354	0.64507
72	0.00866	0.00433	0.00649	0.00649	0.00649	0.00433	0.00433	0.00649	0.00649	0.00866	0.00866	0.01515	0.00866	0.01732	0.01948	0.85498	0.00433	0.00433	0.00216	0.00216
73	0.01042	0.00764	0.00892	0.00849	0.01013	0.00816	0.00630	0.14784	0.17837	0.04562	0.02137	0.38350	0.02197	0.05527	0.05944	0.00238	0.00441	0.00936	0.00463	0.00579
74	0.03757	0.01140	0.06329	0.00985	0.01317	0.01133	0.00832	0.23442	0.27969	0.13258	0.01675	0.05672	0.01275	0.00663	0.00489	0.00157	0.00444	0.00536	0.08171	0.00755
75	0.00619	0.00469	0.00571	0.00624	0.00711	0.00421	0.00438	0.00743	0.01090	0.01421	0.16644	0.44501	0.27196	0.01375	0.00613	0.00184	0.00268	0.01214	0.00478	0.00421
76	0.12123	0.00862	0.01107	0.00860	0.01236	0.00778	0.00710	0.02315	0.01358	0.70574	0.01816	0.01592	0.01152	0.00599	0.00478	0.00154	0.00420	0.00474	0.00581	0.00812
77	0.00759	0.00505	0.00632	0.00636	0.00740	0.00461	0.00452	0.00903	0.01153	0.06681	0.30064	0.27762	0.16093	0.09880	0.00805	0.00207	0.00293	0.01039	0.00486	0.00449
78	0.01234	0.01184	0.02023	0.03059	0.79373	0.01184	0.01530	0.01530	0.01135	0.01628	0.00938	0.01234	0.00790	0.00444	0.00493	0.00148	0.00592	0.00444	0.00247	0.00790
79	0.09402	0.00843	0.01100	0.00869	0.01232	0.00757	0.00720	0.02266	0.01361	0.68541	0.01895	0.01844	0.01267	0.00647	0.00495	0.00159	0.00423	0.04800	0.00581	0.00799
80	0.00705	0.00460	0.00610	0.00699	0.00747	0.00427	0.00472	0.00795	0.00972	0.05746	0.02654	0.74307	0.03118	0.04840	0.00707	0.00211	0.00305	0.01336	0.00465	0.00426
81	0.00660	0.00508	0.00603	0.00579	0.00717	0.00451	0.00435	0.00853	0.01304	0.01744	0.50192	0.04143	0.33780	0.01114	0.00588	0.00161	0.00242	0.00960	0.00515	0.00451
82	0.01805	0.01029	0.01206	0.00981	0.01330	0.01066	0.00792	0.15926	0.30244	0.37200	0.01852	0.01668	0.01272	0.00636	0.00503	0.00159	0.00435	0.00515	0.00555	0.00826
83	0.06017	0.00956	0.01067	0.00857	0.01175	0.00971	0.00697	0.30259	0.01649	0.23837	0.02228	0.02126	0.17395	0.00734	0.00496	0.00152	0.00417	0.00582	0.07677	0.00710

[dist]
# distance from previous block
# <min> <max>
0	1

[block]
# block no. 5 follows, 50 sequences, length 13
# corresponding to MSA columns:
# 211-223
name=unknown_F
#
# <colnr> <probs for GDERKNQSTAVLIFYWHMCP>
#	G	D	E	R	K	N	Q	S	T	A	V	L	I	F	Y	W	H	M	C	P
0	0.09545	0.00770	0.00817	0.00723	0.00929	0.00803	0.00562	0.21291	0.01414	0.02083	0.13043	0.10302	0.14391	0.00881	0.00537	0.02883	0.00347	0.00692	0.17435	0.00553
1	0.00685	0.00526	0.00615	0.00655	0.00778	0.00484	0.00515	0.00828	0.01075	0.01337	0.03659	0.04843	0.40316	0.14128	0.00931	0.00239	0.00361	0.27173	0.00436	0.00415
2	0.86003	0.00964	0.00733	0.00655	0.00964	0.01118	0.00540	0.01465	0.00848	0.02236	0.00694	0.00810	0.00540	0.00463	0.00308	0.00154	0.00386	0.00270	0.00308	0.00540
3	0.00707	0.00536	0.00599	0.00601	0.00676	0.02510	0.00404	0.00814	0.01048	0.01384	0.24787	0.14873	0.16711	0.30674	0.01298	0.00283	0.00353	0.00923	0.00424	0.00394
4	0.09627	0.00718	0.00782	0.00706	0.00931	0.00712	0.00549	0.01432	0.14976	0.05361	0.10238	0.09039	0.06980	0.00768	0.00465	0.00145	0.00324	0.04133	0.18140	0.13973
5	0.01581	0.01089	0.01207	0.01014	0.01341	0.01194	0.00809	0.17599	0.46974	0.18709	0.01849	0.01693	0.01326	0.00648	0.00504	0.00162	0.00432	0.00527	0.00529	0.00813
6	0.00900	0.00508	0.00682	0.00729	0.00822	0.00464	0.00511	0.01005	0.01039	0.15348	0.02607	0.67721	0.02927	0.01392	0.00612	0.00194	0.00313	0.01253	0.00490	0.00484
7	0.01218	0.01130	0.01400	0.01198	0.01298	0.05829	0.00984	0.14923	0.01089	0.01542	0.00866	0.01236	0.00782	0.01256	0.13820	0.00293	0.49825	0.00447	0.00278	0.00586
8	0.00601	0.00494	0.00529	0.00544	0.00687	0.00422	0.00399	0.00729	0.01129	0.01385	0.10372	0.16930	0.61473	0.01291	0.00596	0.00173	0.00257	0.01098	0.00469	0.00422
9	0.00735	0.00575	0.00776	0.00766	0.00886	0.00639	0.00593	0.01009	0.07488	0.01270	0.02061	0.02459	0.15251	0.03033	0.59342	0.00634	0.01061	0.00629	0.00323	0.00470
10	0.01639	0.01099	0.01252	0.00992	0.01360	0.01123	0.00815	0.35614	0.10017	0.16625	0.01494	0.01708	0.01144	0.00635	0.00493	0.00146	0.00469	0.06891	0.00481	0.16002
11	0.45728	0.01077	0.00974	0.00814	0.01139	0.05712	0.00664	0.15758	0.01273	0.16226	0.01072	0.01105	0.00769	0.00525	0.00389	0.00150	0.00444	0.00358	0.05175	0.00650
12	0.00710	0.00524	0.00676	0.00745	0.00825	0.00515	0.00546	0.00959	0.07681	0.01507	0.16370	0.49148	0.03330	0.01360	0.00625	0.00196	0.00315	0.13032	0.00481	0.00458

[dist]
# distance from previous block
# <min> <max>
2	883

# created by:
# /st0/software/busco_prod/Augustus/scripts/msa2prfl.pl ./align_prep/60271.fa
