[name]
unknown

[dist]
# distance from previous block
# <min> <max>
3	68

[block]
# block no. 0 follows, 53 sequences, length 131
# corresponding to MSA columns:
# 70-120,122-201
name=unknown_A
#
# <colnr> <probs for GDERKNQSTAVLIFYWHMCP>
#	G	D	E	R	K	N	Q	S	T	A	V	L	I	F	Y	W	H	M	C	P
0	0.04395	0.07917	0.23071	0.01396	0.12638	0.04876	0.01200	0.34927	0.01562	0.02147	0.00962	0.01060	0.00715	0.00500	0.00449	0.00141	0.00589	0.00384	0.00332	0.00739
1	0.01218	0.13404	0.25096	0.06268	0.22174	0.01221	0.08160	0.04217	0.01100	0.08911	0.00949	0.01123	0.00720	0.00465	0.00485	0.00144	0.02986	0.00397	0.00262	0.00699
2	0.01167	0.24689	0.26587	0.01334	0.01831	0.06779	0.20996	0.01611	0.07893	0.01428	0.00919	0.01071	0.00714	0.00448	0.00442	0.00139	0.00659	0.00393	0.00241	0.00659
3	0.01412	0.01208	0.01344	0.10622	0.08988	0.06811	0.00949	0.29140	0.27647	0.02155	0.01318	0.01353	0.00986	0.00561	0.00473	0.00148	0.00511	0.00453	0.00405	0.03517
4	0.00695	0.00466	0.00532	0.00532	0.00536	0.00469	0.00303	0.00702	0.00698	0.00935	0.01496	0.03073	0.01714	0.79684	0.05918	0.00477	0.00499	0.00687	0.00288	0.00296
5	0.01352	0.25727	0.30926	0.01136	0.01612	0.20651	0.01193	0.06029	0.01168	0.04897	0.00835	0.00939	0.00648	0.00463	0.00408	0.00130	0.00664	0.00324	0.00246	0.00654
6	0.01229	0.40429	0.28892	0.01043	0.01534	0.04110	0.01142	0.10716	0.01163	0.01513	0.03647	0.00999	0.00775	0.00467	0.00391	0.00126	0.00580	0.00333	0.00249	0.00661
7	0.00788	0.00670	0.08082	0.00624	0.00711	0.00540	0.00458	0.00855	0.00759	0.04755	0.01455	0.02815	0.01586	0.68767	0.04892	0.00430	0.00512	0.00646	0.00294	0.00358
8	0.00676	0.00511	0.00742	0.00748	0.00841	0.00577	0.00585	0.00845	0.00814	0.01142	0.01668	0.02301	0.08486	0.03255	0.69918	0.00685	0.01144	0.04353	0.00282	0.00425
9	0.01208	0.01039	0.02626	0.08655	0.05168	0.01142	0.00851	0.15800	0.44467	0.02035	0.06072	0.01831	0.05681	0.00654	0.00491	0.00157	0.00428	0.00544	0.00442	0.00708
10	0.00959	0.02472	0.80726	0.01362	0.02069	0.01110	0.01766	0.01514	0.01009	0.01514	0.00858	0.01009	0.00605	0.00454	0.00454	0.00151	0.00706	0.00353	0.00202	0.00706
11	0.00662	0.00485	0.00621	0.00594	0.00707	0.00444	0.00443	0.00870	0.01307	0.01825	0.69257	0.07601	0.11353	0.01024	0.00566	0.00154	0.00230	0.00902	0.00515	0.00444
12	0.01183	0.01136	0.01940	0.02934	0.80221	0.01136	0.01467	0.01467	0.01088	0.01562	0.00899	0.01183	0.00757	0.00426	0.00473	0.00142	0.00568	0.00426	0.00237	0.00757
13	0.00971	0.02394	0.75910	0.01434	0.04793	0.01114	0.03806	0.01513	0.01015	0.01516	0.00862	0.01023	0.00614	0.00452	0.00458	0.00151	0.00704	0.00361	0.00204	0.00706
14	0.00565	0.00484	0.00484	0.00484	0.00646	0.00403	0.00363	0.00686	0.01089	0.01291	0.04842	0.04600	0.80027	0.01210	0.00565	0.00161	0.00242	0.01009	0.00444	0.00403
15	0.00959	0.02472	0.80726	0.01362	0.02069	0.01110	0.01766	0.01514	0.01009	0.01514	0.00858	0.01009	0.00605	0.00454	0.00454	0.00151	0.00706	0.00353	0.00202	0.00706
16	0.01194	0.01102	0.01871	0.09182	0.71333	0.01115	0.01429	0.01477	0.01087	0.04276	0.00929	0.01206	0.00762	0.00436	0.00474	0.00144	0.00568	0.00428	0.00247	0.00741
17	0.00916	0.00863	0.01458	0.78310	0.06932	0.01065	0.01334	0.01233	0.00962	0.01237	0.00852	0.01270	0.00643	0.00475	0.00478	0.00158	0.00634	0.00425	0.00214	0.00542
18	0.01278	0.83490	0.02505	0.00818	0.01227	0.01891	0.00818	0.01431	0.00971	0.01125	0.00664	0.00767	0.00613	0.00409	0.00307	0.00102	0.00511	0.00256	0.00204	0.00613
19	0.01832	0.01314	0.01419	0.01088	0.01470	0.01445	0.00899	0.75017	0.02206	0.06681	0.01182	0.01170	0.00830	0.00575	0.00478	0.00144	0.00520	0.00433	0.00484	0.00813
20	0.00674	0.00487	0.00637	0.00603	0.00714	0.00450	0.00451	0.00897	0.01343	0.01901	0.78242	0.05341	0.04480	0.00989	0.00565	0.00151	0.00227	0.00875	0.00524	0.00450
21	0.00582	0.00416	0.00555	0.00666	0.00693	0.00388	0.00444	0.00666	0.00915	0.01220	0.02634	0.82891	0.03161	0.01497	0.00610	0.00194	0.00277	0.01359	0.00444	0.00388
22	0.01189	0.01027	0.01081	0.00973	0.01243	0.01189	0.00757	0.02540	0.79357	0.01999	0.01945	0.01783	0.01459	0.00648	0.00486	0.00162	0.00378	0.00540	0.00486	0.00757
23	0.01506	0.01148	0.01258	0.00948	0.01340	0.01162	0.00776	0.49661	0.01778	0.02473	0.01050	0.01105	0.00784	0.00496	0.00431	0.00117	0.00459	0.00379	0.02140	0.30991
24	0.01345	0.03988	0.01593	0.01824	0.34745	0.01213	0.02751	0.21985	0.15106	0.04101	0.01383	0.01465	0.05236	0.00550	0.00478	0.00146	0.00505	0.00478	0.00364	0.00746
25	0.01128	0.01289	0.02820	0.02015	0.02498	0.01209	0.78485	0.01531	0.01128	0.01531	0.00967	0.01289	0.00725	0.00403	0.00564	0.00161	0.00806	0.00564	0.00242	0.00645
26	0.01128	0.01289	0.02820	0.02015	0.02498	0.01209	0.78485	0.01531	0.01128	0.01531	0.00967	0.01289	0.00725	0.00403	0.00564	0.00161	0.00806	0.00564	0.00242	0.00645
27	0.00565	0.00484	0.00484	0.00484	0.00646	0.00403	0.00363	0.00686	0.01089	0.01291	0.04842	0.04600	0.80027	0.01210	0.00565	0.00161	0.00242	0.01009	0.00444	0.00403
28	0.01310	0.59729	0.13287	0.00930	0.01356	0.05190	0.00955	0.01519	0.01014	0.06897	0.00781	0.00876	0.00654	0.00447	0.00389	0.00117	0.03386	0.00293	0.00234	0.00635
29	0.00903	0.00850	0.01434	0.82054	0.03292	0.01062	0.01327	0.01221	0.00956	0.01221	0.00850	0.01274	0.00637	0.00478	0.00478	0.00159	0.00637	0.00425	0.00212	0.00531
30	0.00582	0.00416	0.00555	0.00666	0.00693	0.00388	0.00444	0.00666	0.00915	0.01220	0.02634	0.82891	0.03161	0.01497	0.00610	0.00194	0.00277	0.01359	0.00444	0.00388
31	0.00582	0.00416	0.00555	0.00666	0.00693	0.00388	0.00444	0.00666	0.00915	0.01220	0.02634	0.82891	0.03161	0.01497	0.00610	0.00194	0.00277	0.01359	0.00444	0.00388
32	0.00929	0.00876	0.01481	0.74631	0.10509	0.01069	0.01340	0.01244	0.00968	0.01253	0.00854	0.01266	0.00648	0.00473	0.00477	0.00158	0.00631	0.00425	0.00215	0.00552
33	0.00991	0.00850	0.00991	0.00708	0.01133	0.00637	0.00566	0.01203	0.00991	0.01557	0.00850	0.00991	0.00708	0.00354	0.00354	0.00071	0.00354	0.00283	0.00283	0.86124
34	0.86579	0.00924	0.00702	0.00629	0.00924	0.01072	0.00518	0.01405	0.00813	0.02144	0.00666	0.00776	0.00518	0.00444	0.00296	0.00148	0.00370	0.00259	0.00296	0.00518
35	0.01906	0.01196	0.01346	0.01032	0.01411	0.01271	0.00853	0.57926	0.02009	0.24050	0.01348	0.01278	0.00913	0.00579	0.00479	0.00145	0.00494	0.00444	0.00509	0.00813
36	0.01218	0.01041	0.01097	0.00979	0.01254	0.01202	0.00764	0.06073	0.75777	0.02046	0.01908	0.01754	0.01429	0.00645	0.00486	0.00161	0.00385	0.00535	0.00486	0.00759
37	0.00683	0.00512	0.00768	0.00768	0.00853	0.00597	0.00597	0.00853	0.00768	0.01110	0.01280	0.01878	0.01195	0.03585	0.81308	0.00768	0.01280	0.00512	0.00256	0.00427
38	0.00684	0.00459	0.00524	0.00535	0.00537	0.00456	0.00304	0.00692	0.00716	0.00954	0.01612	0.10611	0.01871	0.75537	0.02262	0.00438	0.00446	0.00757	0.00304	0.00299
39	0.01785	0.02278	0.01354	0.01231	0.01478	0.81284	0.00924	0.01909	0.01354	0.01170	0.00739	0.00862	0.00616	0.00493	0.00431	0.00123	0.00862	0.00308	0.00246	0.00554
40	0.00582	0.00416	0.00555	0.00666	0.00693	0.00388	0.00444	0.00666	0.00915	0.01220	0.02634	0.82891	0.03161	0.01497	0.00610	0.00194	0.00277	0.01359	0.00444	0.00388
41	0.01785	0.02278	0.01354	0.01231	0.01478	0.81284	0.00924	0.01909	0.01354	0.01170	0.00739	0.00862	0.00616	0.00493	0.00431	0.00123	0.00862	0.00308	0.00246	0.00554
42	0.00991	0.00850	0.00991	0.00708	0.01133	0.00637	0.00566	0.01203	0.00991	0.01557	0.00850	0.00991	0.00708	0.00354	0.00354	0.00071	0.00354	0.00283	0.00283	0.86124
43	0.00695	0.00463	0.00521	0.00521	0.00521	0.00463	0.00290	0.00695	0.00695	0.00927	0.01506	0.03128	0.01738	0.83203	0.02433	0.00463	0.00463	0.00695	0.00290	0.00290
44	0.00959	0.02472	0.80726	0.01362	0.02069	0.01110	0.01766	0.01514	0.01009	0.01514	0.00858	0.01009	0.00605	0.00454	0.00454	0.00151	0.00706	0.00353	0.00202	0.00706
45	0.00676	0.00489	0.00639	0.00601	0.00714	0.00451	0.00451	0.00902	0.01353	0.01917	0.79969	0.03570	0.04510	0.00977	0.00564	0.00150	0.00225	0.00864	0.00526	0.00451
46	0.00582	0.00416	0.00555	0.00666	0.00693	0.00388	0.00444	0.00666	0.00915	0.01220	0.02634	0.82891	0.03161	0.01497	0.00610	0.00194	0.00277	0.01359	0.00444	0.00388
47	0.01125	0.01279	0.02763	0.01983	0.02446	0.01219	0.75230	0.01515	0.01111	0.01515	0.00953	0.01279	0.00721	0.00421	0.00606	0.00163	0.04233	0.00558	0.00240	0.00640
48	0.00579	0.00458	0.00522	0.00563	0.00669	0.00401	0.00400	0.00693	0.01039	0.01306	0.09037	0.35028	0.45004	0.01307	0.00582	0.00173	0.00255	0.01135	0.00449	0.00401
49	0.01081	0.33639	0.50635	0.01153	0.01745	0.01411	0.01401	0.01482	0.00995	0.01364	0.00783	0.00916	0.00609	0.00437	0.00397	0.00132	0.00631	0.00316	0.00203	0.00671
50	0.01040	0.00855	0.01025	0.00799	0.01086	0.00825	0.00646	0.06288	0.01025	0.01609	0.00941	0.01141	0.00783	0.00497	0.00600	0.00110	0.16588	0.00346	0.14253	0.49541
51	0.01183	0.36789	0.30932	0.01058	0.01555	0.01479	0.01163	0.06635	0.12131	0.01513	0.00948	0.01024	0.00743	0.00470	0.00397	0.00131	0.00565	0.00343	0.00261	0.00681
52	0.01333	0.00788	0.00948	0.00814	0.01068	0.00799	0.00641	0.01952	0.29666	0.27249	0.25126	0.02315	0.03725	0.00738	0.00509	0.00154	0.00340	0.00626	0.00531	0.00678
53	0.01064	0.01412	0.24964	0.01176	0.08865	0.00959	0.01057	0.04100	0.16114	0.01677	0.01077	0.01172	0.00830	0.00454	0.00425	0.00121	0.00490	0.00372	0.00300	0.33370
54	0.00623	0.00466	0.00579	0.00594	0.00693	0.00422	0.00429	0.00783	0.01163	0.01569	0.40067	0.27453	0.21038	0.01185	0.00578	0.00166	0.00245	0.01044	0.00483	0.00422
55	0.01336	0.07773	0.51312	0.01170	0.01755	0.01044	0.01380	0.01752	0.01114	0.25130	0.01151	0.01177	0.00779	0.00492	0.00451	0.00147	0.00603	0.00384	0.00319	0.00732
56	0.01092	0.26077	0.20179	0.01398	0.01874	0.01325	0.31527	0.01431	0.01044	0.01392	0.02331	0.06339	0.00887	0.00496	0.00465	0.00143	0.00651	0.00480	0.00239	0.00629
57	0.00565	0.00484	0.00484	0.00484	0.00646	0.00403	0.00363	0.00686	0.01089	0.01291	0.04842	0.04600	0.80027	0.01210	0.00565	0.00161	0.00242	0.01009	0.00444	0.00403
58	0.01183	0.01136	0.01940	0.02934	0.80221	0.01136	0.01467	0.01467	0.01088	0.01562	0.00899	0.01183	0.00757	0.00426	0.00473	0.00142	0.00568	0.00426	0.00237	0.00757
59	0.01178	0.01150	0.02023	0.02847	0.72929	0.01142	0.08692	0.01473	0.01092	0.01559	0.00905	0.01193	0.00754	0.00424	0.00482	0.00144	0.00590	0.00439	0.00237	0.00747
60	0.01039	0.00989	0.01680	0.43604	0.40677	0.01098	0.01395	0.01341	0.01020	0.01387	0.00874	0.01230	0.00695	0.00453	0.00476	0.00151	0.00603	0.00425	0.00224	0.00641
61	0.00683	0.00512	0.00768	0.00768	0.00853	0.00597	0.00597	0.00853	0.00768	0.01110	0.01280	0.01878	0.01195	0.03585	0.81308	0.00768	0.01280	0.00512	0.00256	0.00427
62	0.00916	0.00863	0.01458	0.78310	0.06932	0.01065	0.01334	0.01233	0.00962	0.01237	0.00852	0.01270	0.00643	0.00475	0.00478	0.00158	0.00634	0.00425	0.00214	0.00542
63	0.01371	0.01158	0.01482	0.05148	0.08964	0.01275	0.09384	0.26864	0.34838	0.02198	0.01431	0.01443	0.01065	0.00569	0.00491	0.00154	0.00503	0.00491	0.00421	0.00752
64	0.00582	0.00416	0.00555	0.00666	0.00693	0.00388	0.00444	0.00666	0.00915	0.01220	0.02634	0.82891	0.03161	0.01497	0.00610	0.00194	0.00277	0.01359	0.00444	0.00388
65	0.01817	0.01339	0.01434	0.01100	0.01482	0.01482	0.00908	0.78627	0.02247	0.03012	0.01148	0.01148	0.00813	0.00574	0.00478	0.00143	0.00526	0.00430	0.00478	0.00813
66	0.00567	0.00476	0.00492	0.00505	0.00651	0.00402	0.00372	0.00684	0.01069	0.01283	0.04586	0.13693	0.71100	0.01244	0.00570	0.00165	0.00246	0.01049	0.00444	0.00402
67	0.00582	0.00416	0.00555	0.00666	0.00693	0.00388	0.00444	0.00666	0.00915	0.01220	0.02634	0.82891	0.03161	0.01497	0.00610	0.00194	0.00277	0.01359	0.00444	0.00388
68	0.00663	0.00482	0.00624	0.00602	0.00709	0.00443	0.00447	0.00871	0.01301	0.01825	0.69555	0.11055	0.07558	0.01036	0.00568	0.00155	0.00231	0.00917	0.00515	0.00443
69	0.01046	0.01046	0.01464	0.01255	0.01255	0.01464	0.01046	0.01150	0.00732	0.01150	0.00627	0.01046	0.00627	0.00837	0.01569	0.00209	0.82328	0.00418	0.00209	0.00523
70	0.00991	0.00850	0.00991	0.00708	0.01133	0.00637	0.00566	0.01203	0.00991	0.01557	0.00850	0.00991	0.00708	0.00354	0.00354	0.00071	0.00354	0.00283	0.00283	0.86124
71	0.01278	0.83490	0.02505	0.00818	0.01227	0.01891	0.00818	0.01431	0.00971	0.01125	0.00664	0.00767	0.00613	0.00409	0.00307	0.00102	0.00511	0.00256	0.00204	0.00613
72	0.01183	0.01136	0.01940	0.02934	0.80221	0.01136	0.01467	0.01467	0.01088	0.01562	0.00899	0.01183	0.00757	0.00426	0.00473	0.00142	0.00568	0.00426	0.00237	0.00757
73	0.01785	0.02278	0.01354	0.01231	0.01478	0.81284	0.00924	0.01909	0.01354	0.01170	0.00739	0.00862	0.00616	0.00493	0.00431	0.00123	0.00862	0.00308	0.00246	0.00554
74	0.01003	0.00983	0.01606	0.01181	0.01558	0.00891	0.26755	0.01259	0.01020	0.01482	0.01241	0.01435	0.08147	0.00500	0.00568	0.00124	0.08832	0.00459	0.00277	0.40679
75	0.01238	0.73250	0.12391	0.00887	0.01333	0.01792	0.00938	0.01442	0.00976	0.01174	0.00689	0.00797	0.00612	0.00415	0.00325	0.00108	0.00536	0.00268	0.00204	0.00625
76	0.01624	0.15725	0.08991	0.01175	0.01492	0.60634	0.00985	0.01793	0.01259	0.01195	0.00738	0.00860	0.00614	0.00475	0.00413	0.00122	0.00789	0.00303	0.00235	0.00578
77	0.01068	0.01084	0.01966	0.02170	0.38045	0.02814	0.26952	0.01353	0.01082	0.01483	0.01309	0.13470	0.03767	0.00605	0.00526	0.00156	0.00600	0.00628	0.00276	0.00648
78	0.01077	0.32581	0.51656	0.01160	0.01756	0.01400	0.01414	0.01483	0.00995	0.01369	0.00786	0.00919	0.00608	0.00437	0.00399	0.00133	0.00634	0.00317	0.00203	0.00672
79	0.00912	0.00859	0.01450	0.79477	0.05798	0.01064	0.01332	0.01229	0.00960	0.01232	0.00851	0.01271	0.00641	0.00476	0.00478	0.00159	0.00635	0.00425	0.00213	0.00538
80	0.02144	0.00813	0.01109	0.00850	0.01220	0.00702	0.00702	0.02329	0.01368	0.80552	0.01886	0.01627	0.01183	0.00592	0.00481	0.00148	0.00407	0.00481	0.00592	0.00813
81	0.01120	0.01345	0.06506	0.01984	0.02478	0.01204	0.74855	0.01530	0.01122	0.01530	0.00962	0.01276	0.00720	0.00405	0.00559	0.00161	0.00801	0.00554	0.00240	0.00648
82	0.01093	0.01004	0.01659	0.01463	0.08745	0.02196	0.27120	0.04977	0.16855	0.03751	0.01640	0.09957	0.01505	0.00746	0.00555	0.00172	0.00557	0.15015	0.00367	0.00625
83	0.02144	0.00813	0.01109	0.00850	0.01220	0.00702	0.00702	0.02329	0.01368	0.80552	0.01886	0.01627	0.01183	0.00592	0.00481	0.00148	0.00407	0.00481	0.00592	0.00813
84	0.00695	0.00463	0.00521	0.00521	0.00521	0.00463	0.00290	0.00695	0.00695	0.00927	0.01506	0.03128	0.01738	0.83203	0.02433	0.00463	0.00463	0.00695	0.00290	0.00290
85	0.01104	0.39474	0.45002	0.01114	0.01684	0.01467	0.01333	0.01476	0.00992	0.01336	0.00769	0.00898	0.00609	0.00433	0.00387	0.00129	0.00617	0.00309	0.00203	0.00664
86	0.00627	0.00496	0.00517	0.00505	0.00670	0.00417	0.00381	0.00758	0.01117	0.04085	0.09905	0.04426	0.72098	0.01173	0.00562	0.00160	0.00247	0.00980	0.00455	0.00421
87	0.00627	0.00487	0.00570	0.00549	0.00684	0.00430	0.00412	0.00806	0.01236	0.01640	0.46685	0.04026	0.37966	0.01081	0.00564	0.00155	0.00233	0.00928	0.00490	0.00430
88	0.01801	0.01677	0.01339	0.01115	0.01427	0.36415	0.00879	0.35833	0.01739	0.08859	0.01045	0.01084	0.00772	0.00539	0.00453	0.00134	0.00653	0.00381	0.03167	0.00687
89	0.01031	0.00981	0.01666	0.45727	0.38613	0.01096	0.01391	0.01334	0.01017	0.01377	0.00872	0.01232	0.00692	0.00454	0.00476	0.00151	0.00605	0.00425	0.00223	0.00635
90	0.02056	0.00956	0.01197	0.00918	0.01291	0.00914	0.00758	0.23002	0.01606	0.59543	0.01686	0.01497	0.01083	0.00587	0.00480	0.00147	0.00439	0.00467	0.00561	0.00813
91	0.00792	0.00440	0.00660	0.00660	0.00682	0.00462	0.00462	0.00682	0.00660	0.00902	0.00945	0.01562	0.00924	0.02153	0.22204	0.64251	0.00637	0.00440	0.00220	0.00264
92	0.01183	0.01136	0.01940	0.02934	0.80221	0.01136	0.01467	0.01467	0.01088	0.01562	0.00899	0.01183	0.00757	0.00426	0.00473	0.00142	0.00568	0.00426	0.00237	0.00757
93	0.00904	0.00774	0.00804	0.00742	0.00963	0.00820	0.00572	0.03260	0.40388	0.01683	0.03311	0.03114	0.38931	0.00915	0.00524	0.00161	0.00316	0.00762	0.00466	0.00589
94	0.00582	0.00416	0.00555	0.00666	0.00693	0.00388	0.00444	0.00666	0.00915	0.01220	0.02634	0.82891	0.03161	0.01497	0.00610	0.00194	0.00277	0.01359	0.00444	0.00388
95	0.00965	0.03966	0.79284	0.01352	0.02053	0.01124	0.01748	0.01512	0.01008	0.01506	0.00854	0.01005	0.00606	0.00453	0.00451	0.00150	0.00703	0.00351	0.00202	0.00705
96	0.01786	0.02247	0.01357	0.01227	0.01478	0.78684	0.00923	0.04407	0.01384	0.01230	0.00752	0.00871	0.00622	0.00495	0.00433	0.00124	0.00851	0.00312	0.00254	0.00563
97	0.01088	0.35250	0.49080	0.01142	0.01728	0.01426	0.01382	0.01480	0.00994	0.01356	0.00780	0.00911	0.00609	0.00436	0.00394	0.00131	0.00627	0.00314	0.00203	0.00669
98	0.00908	0.00576	0.00729	0.00696	0.00843	0.00546	0.00516	0.01193	0.09269	0.12515	0.30620	0.29651	0.05178	0.01050	0.00553	0.00164	0.00288	0.00929	0.00493	0.03283
99	0.05047	0.01020	0.01076	0.00955	0.01235	0.01166	0.00748	0.04821	0.69235	0.06333	0.01861	0.01710	0.01382	0.00634	0.00477	0.00160	0.00384	0.00521	0.00483	0.00751
100	0.00903	0.00850	0.01434	0.82054	0.03292	0.01062	0.01327	0.01221	0.00956	0.01221	0.00850	0.01274	0.00637	0.00478	0.00478	0.00159	0.00637	0.00425	0.00212	0.00531
101	0.01183	0.01130	0.01897	0.02836	0.76302	0.01138	0.01432	0.01520	0.04972	0.01583	0.00951	0.01213	0.00792	0.00437	0.00474	0.00143	0.00558	0.00432	0.00249	0.00757
102	0.01134	0.01095	0.01893	0.16051	0.64161	0.01126	0.04682	0.01429	0.01068	0.01504	0.00894	0.01203	0.00736	0.00434	0.00478	0.00146	0.00589	0.00431	0.00233	0.00715
103	0.00891	0.00445	0.00445	0.00445	0.00557	0.00445	0.00334	0.01114	0.01002	0.01782	0.01559	0.01782	0.01225	0.00557	0.00334	0.00111	0.00223	0.00445	0.85856	0.00445
104	0.00584	0.00417	0.00556	0.00664	0.00694	0.00390	0.00444	0.00671	0.00924	0.01235	0.04265	0.81218	0.03190	0.01486	0.00609	0.00193	0.00276	0.01348	0.00445	0.00390
105	0.02916	0.33531	0.41256	0.01100	0.01652	0.01410	0.01282	0.05345	0.01069	0.05190	0.00842	0.00947	0.00644	0.00449	0.00397	0.00132	0.00601	0.00324	0.00237	0.00677
106	0.00664	0.00482	0.00626	0.00603	0.00710	0.00443	0.00447	0.00872	0.01303	0.01830	0.70106	0.11048	0.07004	0.01034	0.00568	0.00155	0.00231	0.00916	0.00516	0.00443
107	0.00683	0.00512	0.00768	0.00768	0.00853	0.00597	0.00597	0.00853	0.00768	0.01110	0.01280	0.01878	0.01195	0.03585	0.81308	0.00768	0.01280	0.00512	0.00256	0.00427
108	0.00959	0.02472	0.80726	0.01362	0.02069	0.01110	0.01766	0.01514	0.01009	0.01514	0.00858	0.01009	0.00605	0.00454	0.00454	0.00151	0.00706	0.00353	0.00202	0.00706
109	0.00959	0.02472	0.80726	0.01362	0.02069	0.01110	0.01766	0.01514	0.01009	0.01514	0.00858	0.01009	0.00605	0.00454	0.00454	0.00151	0.00706	0.00353	0.00202	0.00706
110	0.02144	0.00813	0.01109	0.00850	0.01220	0.00702	0.00702	0.02329	0.01368	0.80552	0.01886	0.01627	0.01183	0.00592	0.00481	0.00148	0.00407	0.00481	0.00592	0.00813
111	0.01180	0.01143	0.01984	0.02888	0.76364	0.01139	0.05289	0.01470	0.01090	0.01560	0.00902	0.01188	0.00756	0.00425	0.00478	0.00143	0.00580	0.00433	0.00237	0.00752
112	0.30290	0.28024	0.20827	0.00997	0.01446	0.01359	0.08231	0.01452	0.00941	0.01605	0.00740	0.00878	0.00589	0.00431	0.00363	0.00135	0.00538	0.00309	0.00238	0.00606
113	0.00903	0.00850	0.01434	0.82054	0.03292	0.01062	0.01327	0.01221	0.00956	0.01221	0.00850	0.01274	0.00637	0.00478	0.00478	0.00159	0.00637	0.00425	0.00212	0.00531
114	0.01189	0.01027	0.01081	0.00973	0.01243	0.01189	0.00757	0.02540	0.79357	0.01999	0.01945	0.01783	0.01459	0.00648	0.00486	0.00162	0.00378	0.00540	0.00486	0.00757
115	0.01278	0.83490	0.02505	0.00818	0.01227	0.01891	0.00818	0.01431	0.00971	0.01125	0.00664	0.00767	0.00613	0.00409	0.00307	0.00102	0.00511	0.00256	0.00204	0.00613
116	0.00922	0.00828	0.01308	0.01175	0.03687	0.00942	0.12762	0.01110	0.00957	0.03425	0.01768	0.09791	0.08855	0.01106	0.05324	0.00225	0.26835	0.18146	0.00324	0.00509
117	0.00752	0.00537	0.00749	0.00859	0.00961	0.00534	0.00739	0.00959	0.01082	0.01410	0.02541	0.12904	0.02791	0.01338	0.00655	0.00218	0.00424	0.69671	0.00440	0.00435
118	0.00566	0.00481	0.00488	0.00493	0.00648	0.00403	0.00367	0.00685	0.01081	0.01288	0.04737	0.08304	0.76390	0.01224	0.00567	0.00163	0.00244	0.01025	0.00444	0.00403
119	0.01962	0.00846	0.01098	0.00863	0.01213	0.00780	0.00706	0.04949	0.10972	0.65447	0.03243	0.01716	0.02687	0.00616	0.00484	0.00150	0.00401	0.00502	0.00571	0.00793
120	0.00959	0.02472	0.80726	0.01362	0.02069	0.01110	0.01766	0.01514	0.01009	0.01514	0.00858	0.01009	0.00605	0.00454	0.00454	0.00151	0.00706	0.00353	0.00202	0.00706
121	0.01183	0.01136	0.01940	0.02934	0.80221	0.01136	0.01467	0.01467	0.01088	0.01562	0.00899	0.01183	0.00757	0.00426	0.00473	0.00142	0.00568	0.00426	0.00237	0.00757
122	0.00971	0.00920	0.01558	0.62625	0.22182	0.01080	0.01362	0.01282	0.00988	0.01305	0.00862	0.01252	0.00667	0.00465	0.00477	0.00155	0.00620	0.00425	0.00218	0.00586
123	0.01178	0.01131	0.01931	0.04344	0.78850	0.01134	0.01464	0.01462	0.01086	0.01555	0.00898	0.01185	0.00755	0.00427	0.00473	0.00142	0.00569	0.00426	0.00236	0.00753
124	0.01183	0.01136	0.01940	0.02934	0.80221	0.01136	0.01467	0.01467	0.01088	0.01562	0.00899	0.01183	0.00757	0.00426	0.00473	0.00142	0.00568	0.00426	0.00237	0.00757
125	0.00581	0.00421	0.00549	0.00652	0.00690	0.00389	0.00438	0.00667	0.00928	0.01225	0.02798	0.77082	0.08864	0.01476	0.00607	0.00192	0.00275	0.01333	0.00444	0.00389
126	0.01140	0.01092	0.01862	0.15119	0.68373	0.01124	0.01445	0.01429	0.01068	0.01509	0.00891	0.01197	0.00739	0.00434	0.00474	0.00145	0.00578	0.00426	0.00233	0.00722
127	0.01183	0.01136	0.01940	0.02934	0.80221	0.01136	0.01467	0.01467	0.01088	0.01562	0.00899	0.01183	0.00757	0.00426	0.00473	0.00142	0.00568	0.00426	0.00237	0.00757
128	0.00965	0.03986	0.79265	0.01352	0.02053	0.01125	0.01748	0.01512	0.01008	0.01506	0.00854	0.01005	0.00606	0.00453	0.00451	0.00150	0.00703	0.00351	0.00202	0.00705
129	0.70097	0.01107	0.00836	0.00735	0.01032	0.09863	0.00595	0.08044	0.00995	0.02112	0.00715	0.00817	0.00553	0.00460	0.00326	0.00145	0.00437	0.00279	0.00306	0.00547
130	0.01075	0.01025	0.01744	0.33489	0.50512	0.01107	0.01413	0.01372	0.01037	0.01430	0.00880	0.01218	0.00711	0.00446	0.00475	0.00149	0.00595	0.00425	0.00227	0.00670

[dist]
# distance from previous block
# <min> <max>
3	4

[block]
# block no. 1 follows, 53 sequences, length 82
# corresponding to MSA columns:
# 206-287
name=unknown_B
#
# <colnr> <probs for GDERKNQSTAVLIFYWHMCP>
#	G	D	E	R	K	N	Q	S	T	A	V	L	I	F	Y	W	H	M	C	P
0	0.00618	0.00505	0.00555	0.00535	0.00695	0.00428	0.00400	0.00766	0.01131	0.01443	0.21059	0.08583	0.53857	0.01120	0.00554	0.00155	0.00248	0.00950	0.00452	0.05948
1	0.00982	0.00946	0.06132	0.00749	0.01185	0.00663	0.00642	0.01214	0.00991	0.01549	0.00882	0.02470	0.00746	0.00381	0.00365	0.00078	0.00375	0.00307	0.00281	0.79062
2	0.00979	0.07704	0.75675	0.01327	0.02014	0.01160	0.01705	0.01508	0.01007	0.01489	0.00845	0.00993	0.00606	0.00451	0.00445	0.00148	0.00694	0.00347	0.00202	0.00700
3	0.01257	0.78259	0.07555	0.00853	0.01281	0.01841	0.00879	0.01437	0.00974	0.01150	0.00677	0.00782	0.00613	0.00412	0.00316	0.00105	0.00524	0.00262	0.00204	0.00619
4	0.01287	0.71566	0.08827	0.00881	0.01312	0.01801	0.00901	0.06422	0.01057	0.01278	0.00711	0.00811	0.00626	0.00423	0.00330	0.00109	0.00528	0.00275	0.00222	0.00634
5	0.00990	0.00927	0.04822	0.00739	0.01178	0.00660	0.00624	0.01218	0.00992	0.01555	0.00850	0.00992	0.00703	0.00359	0.00359	0.00075	0.00371	0.00287	0.00279	0.82020
6	0.06994	0.05407	0.13398	0.01047	0.05125	0.01037	0.00912	0.10741	0.16613	0.25472	0.07187	0.01530	0.01257	0.00581	0.00462	0.00148	0.00458	0.00467	0.00437	0.00727
7	0.01291	0.01099	0.01846	0.02699	0.71324	0.01087	0.01381	0.01564	0.01120	0.10457	0.01010	0.01233	0.00805	0.00445	0.00474	0.00143	0.00550	0.00432	0.00277	0.00763
8	0.00683	0.00512	0.00768	0.00768	0.00853	0.00597	0.00597	0.00853	0.00768	0.01110	0.01280	0.01878	0.01195	0.03585	0.81308	0.00768	0.01280	0.00512	0.00256	0.00427
9	0.01183	0.01136	0.01940	0.02934	0.80221	0.01136	0.01467	0.01467	0.01088	0.01562	0.00899	0.01183	0.00757	0.00426	0.00473	0.00142	0.00568	0.00426	0.00237	0.00757
10	0.01046	0.01046	0.01464	0.01255	0.01255	0.01464	0.01046	0.01150	0.00732	0.01150	0.00627	0.01046	0.00627	0.00837	0.01569	0.00209	0.82328	0.00418	0.00209	0.00523
11	0.02126	0.00843	0.01128	0.00865	0.01235	0.00747	0.00714	0.06660	0.01418	0.76151	0.01844	0.01600	0.01162	0.00591	0.00481	0.00148	0.00413	0.00478	0.00585	0.00813
12	0.00628	0.00531	0.00660	0.00604	0.00770	0.00462	0.04822	0.00794	0.01165	0.01480	0.25609	0.04124	0.54430	0.01099	0.00565	0.00158	0.00269	0.00943	0.00455	0.00430
13	0.00683	0.00512	0.00768	0.00768	0.00853	0.00597	0.00597	0.00853	0.00768	0.01110	0.01280	0.01878	0.01195	0.03585	0.81308	0.00768	0.01280	0.00512	0.00256	0.00427
14	0.00676	0.00489	0.00639	0.00601	0.00714	0.00451	0.00451	0.00902	0.01353	0.01917	0.79969	0.03570	0.04510	0.00977	0.00564	0.00150	0.00225	0.00864	0.00526	0.00451
15	0.00807	0.00596	0.00793	0.00878	0.01002	0.00613	0.00750	0.01146	0.09903	0.01483	0.02471	0.09384	0.02629	0.01255	0.00638	0.00212	0.00424	0.64100	0.00446	0.00473
16	0.00776	0.00530	0.00683	0.00631	0.00764	0.00497	0.00478	0.01050	0.04834	0.06037	0.72400	0.03389	0.04200	0.00942	0.00556	0.00151	0.00242	0.00830	0.00528	0.00484
17	0.00770	0.00550	0.00770	0.00880	0.00990	0.00550	0.00770	0.00990	0.01100	0.01430	0.02531	0.05391	0.02751	0.01320	0.00660	0.00220	0.00440	0.77004	0.00440	0.00440
18	0.01183	0.01136	0.01940	0.02934	0.80221	0.01136	0.01467	0.01467	0.01088	0.01562	0.00899	0.01183	0.00757	0.00426	0.00473	0.00142	0.00568	0.00426	0.00237	0.00757
19	0.00582	0.00416	0.00555	0.00666	0.00693	0.00388	0.00444	0.00666	0.00915	0.01220	0.02634	0.82891	0.03161	0.01497	0.00610	0.00194	0.00277	0.01359	0.00444	0.00388
20	0.00695	0.00463	0.00521	0.00521	0.00521	0.00463	0.00290	0.00695	0.00695	0.00927	0.01506	0.03128	0.01738	0.83203	0.02433	0.00463	0.00463	0.00695	0.00290	0.00290
21	0.02144	0.00813	0.01109	0.00850	0.01220	0.00702	0.00702	0.02329	0.01368	0.80552	0.01886	0.01627	0.01183	0.00592	0.00481	0.00148	0.00407	0.00481	0.00592	0.00813
22	0.01242	0.74366	0.11314	0.00879	0.01322	0.01803	0.00925	0.01440	0.00975	0.01168	0.00686	0.00794	0.00612	0.00414	0.00323	0.00108	0.00533	0.00267	0.00204	0.00624
23	0.00765	0.00619	0.00938	0.00920	0.01084	0.00592	0.09432	0.00984	0.01101	0.01411	0.02865	0.04755	0.19598	0.01193	0.00628	0.00200	0.00438	0.51604	0.00419	0.00455
24	0.00959	0.02472	0.80726	0.01362	0.02069	0.01110	0.01766	0.01514	0.01009	0.01514	0.00858	0.01009	0.00605	0.00454	0.00454	0.00151	0.00706	0.00353	0.00202	0.00706
25	0.00903	0.00850	0.01434	0.82054	0.03292	0.01062	0.01327	0.01221	0.00956	0.01221	0.00850	0.01274	0.00637	0.00478	0.00478	0.00159	0.00637	0.00425	0.00212	0.00531
26	0.00919	0.00866	0.01462	0.77563	0.07658	0.01066	0.01335	0.01235	0.00963	0.01241	0.00852	0.01269	0.00644	0.00475	0.00478	0.00158	0.00633	0.00425	0.00214	0.00544
27	0.00903	0.00850	0.01434	0.82054	0.03292	0.01062	0.01327	0.01221	0.00956	0.01221	0.00850	0.01274	0.00637	0.00478	0.00478	0.00159	0.00637	0.00425	0.00212	0.00531
28	0.01128	0.01289	0.02820	0.02015	0.02498	0.01209	0.78485	0.01531	0.01128	0.01531	0.00967	0.01289	0.00725	0.00403	0.00564	0.00161	0.00806	0.00564	0.00242	0.00645
29	0.01144	0.01244	0.02559	0.02287	0.25545	0.01187	0.55647	0.01512	0.01116	0.01540	0.00947	0.01258	0.00735	0.00410	0.00537	0.00155	0.00735	0.00523	0.00240	0.00678
30	0.00582	0.00416	0.00555	0.00666	0.00693	0.00388	0.00444	0.00666	0.00915	0.01220	0.02634	0.82891	0.03161	0.01497	0.00610	0.00194	0.00277	0.01359	0.00444	0.00388
31	0.01134	0.46907	0.37825	0.01064	0.01607	0.01538	0.01246	0.01468	0.00988	0.01300	0.00752	0.00876	0.00610	0.00429	0.00373	0.00124	0.00599	0.00300	0.00203	0.00655
32	0.00918	0.00895	0.01673	0.01286	0.01576	0.00854	0.36419	0.01304	0.07356	0.01697	0.31998	0.07960	0.02432	0.00723	0.00561	0.00159	0.00508	0.00735	0.00386	0.00560
33	0.00903	0.00850	0.01434	0.82054	0.03292	0.01062	0.01327	0.01221	0.00956	0.01221	0.00850	0.01274	0.00637	0.00478	0.00478	0.00159	0.00637	0.00425	0.00212	0.00531
34	0.01278	0.83490	0.02505	0.00818	0.01227	0.01891	0.00818	0.01431	0.00971	0.01125	0.00664	0.00767	0.00613	0.00409	0.00307	0.00102	0.00511	0.00256	0.00204	0.00613
35	0.00982	0.00989	0.01986	0.01553	0.01884	0.00941	0.46861	0.01311	0.01117	0.01490	0.01603	0.02959	0.01549	0.00776	0.00603	0.00185	0.00657	0.31670	0.00322	0.00561
36	0.00959	0.02472	0.80726	0.01362	0.02069	0.01110	0.01766	0.01514	0.01009	0.01514	0.00858	0.01009	0.00605	0.00454	0.00454	0.00151	0.00706	0.00353	0.00202	0.00706
37	0.00959	0.02472	0.80726	0.01362	0.02069	0.01110	0.01766	0.01514	0.01009	0.01514	0.00858	0.01009	0.00605	0.00454	0.00454	0.00151	0.00706	0.00353	0.00202	0.00706
38	0.00903	0.00850	0.01434	0.82054	0.03292	0.01062	0.01327	0.01221	0.00956	0.01221	0.00850	0.01274	0.00637	0.00478	0.00478	0.00159	0.00637	0.00425	0.00212	0.00531
39	0.01183	0.01136	0.01940	0.02934	0.80221	0.01136	0.01467	0.01467	0.01088	0.01562	0.00899	0.01183	0.00757	0.00426	0.00473	0.00142	0.00568	0.00426	0.00237	0.00757
40	0.00903	0.00850	0.01434	0.82054	0.03292	0.01062	0.01327	0.01221	0.00956	0.01221	0.00850	0.01274	0.00637	0.00478	0.00478	0.00159	0.00637	0.00425	0.00212	0.00531
41	0.01183	0.01136	0.01940	0.02934	0.80221	0.01136	0.01467	0.01467	0.01088	0.01562	0.00899	0.01183	0.00757	0.00426	0.00473	0.00142	0.00568	0.00426	0.00237	0.00757
42	0.00903	0.00850	0.01434	0.82054	0.03292	0.01062	0.01327	0.01221	0.00956	0.01221	0.00850	0.01274	0.00637	0.00478	0.00478	0.00159	0.00637	0.00425	0.00212	0.00531
43	0.00959	0.02472	0.80726	0.01362	0.02069	0.01110	0.01766	0.01514	0.01009	0.01514	0.00858	0.01009	0.00605	0.00454	0.00454	0.00151	0.00706	0.00353	0.00202	0.00706
44	0.05604	0.00991	0.01444	0.01128	0.01485	0.00990	0.17216	0.02186	0.27316	0.33862	0.01653	0.01567	0.01147	0.00564	0.00492	0.00155	0.00480	0.00508	0.00468	0.00745
45	0.00983	0.02438	0.79071	0.01352	0.02051	0.01102	0.01744	0.01531	0.01017	0.03156	0.00879	0.01022	0.00617	0.00457	0.00455	0.00151	0.00700	0.00356	0.00210	0.00709
46	0.00565	0.00484	0.00484	0.00484	0.00646	0.00403	0.00363	0.00686	0.01089	0.01291	0.04842	0.04600	0.80027	0.01210	0.00565	0.00161	0.00242	0.01009	0.00444	0.00403
47	0.00970	0.05472	0.77830	0.01342	0.02037	0.01139	0.01731	0.01511	0.01008	0.01499	0.00851	0.01000	0.00606	0.00452	0.00449	0.00150	0.00699	0.00350	0.00202	0.00703
48	0.00959	0.02472	0.80726	0.01362	0.02069	0.01110	0.01766	0.01514	0.01009	0.01514	0.00858	0.01009	0.00605	0.00454	0.00454	0.00151	0.00706	0.00353	0.00202	0.00706
49	0.00959	0.02472	0.80726	0.01362	0.02069	0.01110	0.01766	0.01514	0.01009	0.01514	0.00858	0.01009	0.00605	0.00454	0.00454	0.00151	0.00706	0.00353	0.00202	0.00706
50	0.00959	0.02472	0.80726	0.01362	0.02069	0.01110	0.01766	0.01514	0.01009	0.01514	0.00858	0.01009	0.00605	0.00454	0.00454	0.00151	0.00706	0.00353	0.00202	0.00706
51	0.01225	0.01022	0.01882	0.31721	0.14300	0.01057	0.25001	0.01541	0.01099	0.14804	0.01069	0.01325	0.00775	0.00466	0.00504	0.00155	0.00640	0.00477	0.00289	0.00648
52	0.00857	0.00774	0.01217	0.34850	0.18746	0.00841	0.01015	0.01112	0.01077	0.01427	0.15348	0.03614	0.15800	0.00703	0.00510	0.00155	0.00473	0.00623	0.00318	0.00540
53	0.01246	0.19413	0.02024	0.02346	0.57226	0.06942	0.01285	0.01490	0.01081	0.01437	0.00836	0.01068	0.00715	0.00427	0.00433	0.00132	0.00576	0.00380	0.00230	0.00711
54	0.01395	0.00697	0.00976	0.00851	0.01079	0.00645	0.04100	0.05069	0.01198	0.36936	0.02058	0.23978	0.01892	0.04534	0.02851	0.00200	0.00426	0.10012	0.00490	0.00613
55	0.01192	0.41379	0.06745	0.01398	0.01856	0.01536	0.36648	0.01482	0.01045	0.01332	0.00814	0.01020	0.00664	0.00409	0.00433	0.00132	0.00657	0.00403	0.00221	0.00633
56	0.01037	0.01001	0.01752	0.30753	0.37458	0.01069	0.10010	0.01352	0.02402	0.01422	0.01023	0.06684	0.00883	0.00517	0.00494	0.00154	0.00597	0.00505	0.00247	0.00639
57	0.00942	0.02381	0.77150	0.01331	0.02007	0.01078	0.01707	0.01476	0.01005	0.01501	0.00937	0.04662	0.00719	0.00501	0.00461	0.00153	0.00687	0.00398	0.00213	0.00692
58	0.00806	0.00429	0.00633	0.00633	0.00643	0.00438	0.00429	0.00653	0.00643	0.00867	0.00919	0.01596	0.00923	0.06505	0.10846	0.71625	0.00515	0.00442	0.00218	0.00237
59	0.01300	0.01209	0.02530	0.01817	0.02282	0.01123	0.65311	0.01666	0.01169	0.14915	0.01123	0.01346	0.00803	0.00435	0.00550	0.00159	0.00738	0.00550	0.00301	0.00673
60	0.01167	0.01181	0.02201	0.02661	0.57174	0.01157	0.24305	0.01486	0.01100	0.01552	0.00919	0.01214	0.00748	0.00419	0.00500	0.00148	0.00638	0.00467	0.00238	0.00724
61	0.01787	0.02236	0.01358	0.01225	0.01478	0.77724	0.00923	0.05331	0.01394	0.01252	0.00757	0.00875	0.00624	0.00496	0.00433	0.00124	0.00847	0.00313	0.00257	0.00566
62	0.00701	0.00461	0.00526	0.00526	0.00526	0.00461	0.00295	0.00692	0.00692	0.00922	0.01476	0.03053	0.01697	0.79565	0.02408	0.04283	0.00461	0.00683	0.00286	0.00286
63	0.00959	0.02472	0.80726	0.01362	0.02069	0.01110	0.01766	0.01514	0.01009	0.01514	0.00858	0.01009	0.00605	0.00454	0.00454	0.00151	0.00706	0.00353	0.00202	0.00706
64	0.00959	0.02472	0.80726	0.01362	0.02069	0.01110	0.01766	0.01514	0.01009	0.01514	0.00858	0.01009	0.00605	0.00454	0.00454	0.00151	0.00706	0.00353	0.00202	0.00706
65	0.01817	0.01339	0.01434	0.01100	0.01482	0.01482	0.00908	0.78627	0.02247	0.03012	0.01148	0.01148	0.00813	0.00574	0.00478	0.00143	0.00526	0.00430	0.00478	0.00813
66	0.00903	0.00850	0.01434	0.82054	0.03292	0.01062	0.01327	0.01221	0.00956	0.01221	0.00850	0.01274	0.00637	0.00478	0.00478	0.00159	0.00637	0.00425	0.00212	0.00531
67	0.01109	0.01423	0.11594	0.01941	0.02450	0.01198	0.69845	0.01529	0.01115	0.01529	0.00955	0.01258	0.00712	0.00409	0.00552	0.00160	0.00795	0.00540	0.00237	0.00652
68	0.01799	0.01532	0.05882	0.01113	0.01485	0.17368	0.00937	0.50281	0.01899	0.11290	0.01132	0.01136	0.00803	0.00553	0.00468	0.00140	0.00590	0.00407	0.00429	0.00755
69	0.00903	0.00850	0.01434	0.82054	0.03292	0.01062	0.01327	0.01221	0.00956	0.01221	0.00850	0.01274	0.00637	0.00478	0.00478	0.00159	0.00637	0.00425	0.00212	0.00531
70	0.00676	0.00489	0.00639	0.00601	0.00714	0.00451	0.00451	0.00902	0.01353	0.01917	0.79969	0.03570	0.04510	0.00977	0.00564	0.00150	0.00225	0.00864	0.00526	0.00451
71	0.01766	0.05795	0.01415	0.01198	0.01467	0.68755	0.00917	0.10527	0.01438	0.01375	0.00782	0.00890	0.00638	0.00498	0.00431	0.00124	0.00808	0.00319	0.00271	0.00586
72	0.01817	0.01339	0.01434	0.01100	0.01482	0.01482	0.00908	0.78627	0.02247	0.03012	0.01148	0.01148	0.00813	0.00574	0.00478	0.00143	0.00526	0.00430	0.00478	0.00813
73	0.00830	0.00415	0.00623	0.00623	0.00623	0.00415	0.00415	0.00623	0.00623	0.00830	0.00830	0.01453	0.00830	0.01660	0.01868	0.86094	0.00415	0.00415	0.00208	0.00208
74	0.01062	0.01094	0.01733	0.01405	0.01501	0.01413	0.16391	0.01226	0.00810	0.01226	0.00695	0.01094	0.00647	0.00751	0.01369	0.00200	0.66173	0.00447	0.00216	0.00547
75	0.01292	0.46541	0.01994	0.01119	0.10149	0.01596	0.00884	0.08460	0.20575	0.01556	0.01051	0.01099	0.00857	0.00485	0.00385	0.00125	0.00486	0.00361	0.00302	0.00683
76	0.00695	0.00463	0.00521	0.00521	0.00521	0.00463	0.00290	0.00695	0.00695	0.00927	0.01506	0.03128	0.01738	0.83203	0.02433	0.00463	0.00463	0.00695	0.00290	0.00290
77	0.01102	0.01244	0.02696	0.01934	0.02397	0.01166	0.74056	0.01495	0.01141	0.01553	0.05451	0.01419	0.00940	0.00435	0.00564	0.00161	0.00773	0.00581	0.00258	0.00634
78	0.01939	0.01111	0.01332	0.01017	0.01397	0.01138	0.02956	0.43572	0.01837	0.36439	0.01461	0.01358	0.00970	0.00577	0.00482	0.00146	0.00482	0.00456	0.00521	0.00808
79	0.79174	0.00962	0.00756	0.00665	0.00966	0.02451	0.00546	0.04746	0.00899	0.04325	0.00721	0.00817	0.00550	0.00454	0.00311	0.00147	0.00386	0.00273	0.00311	0.00539
80	0.06560	0.01179	0.10208	0.01167	0.09061	0.01033	0.00939	0.20242	0.07330	0.35189	0.01434	0.01364	0.00972	0.00552	0.00466	0.00148	0.00480	0.00441	0.00461	0.00775
81	0.35912	0.01143	0.01120	0.00931	0.02580	0.01288	0.00748	0.40115	0.07811	0.02557	0.01013	0.01049	0.00745	0.00525	0.00405	0.00147	0.00452	0.00370	0.00401	0.00688

[dist]
# distance from previous block
# <min> <max>
2	30

[block]
# block no. 2 follows, 53 sequences, length 20
# corresponding to MSA columns:
# 318-337
name=unknown_C
#
# <colnr> <probs for GDERKNQSTAVLIFYWHMCP>
#	G	D	E	R	K	N	Q	S	T	A	V	L	I	F	Y	W	H	M	C	P
0	0.01183	0.01136	0.01940	0.02934	0.80221	0.01136	0.01467	0.01467	0.01088	0.01562	0.00899	0.01183	0.00757	0.00426	0.00473	0.00142	0.00568	0.00426	0.00237	0.00757
1	0.01361	0.01148	0.01765	0.02389	0.57909	0.01163	0.01287	0.16518	0.01328	0.06748	0.01007	0.01199	0.00793	0.00463	0.00471	0.00141	0.00544	0.00426	0.00307	0.03033
2	0.01224	0.01187	0.02306	0.02343	0.37142	0.01140	0.38573	0.01559	0.01127	0.07125	0.01001	0.01266	0.00772	0.00426	0.00518	0.00152	0.00671	0.00496	0.00264	0.00707
3	0.01170	0.01116	0.01874	0.02779	0.74711	0.01101	0.01404	0.01449	0.01082	0.01561	0.00896	0.01170	0.00754	0.00421	0.00465	0.00137	0.00553	0.00416	0.00240	0.06704
4	0.01307	0.00969	0.01403	0.17266	0.15515	0.01116	0.01054	0.01697	0.13266	0.18913	0.01203	0.01358	0.00905	0.00611	0.00753	0.00167	0.21034	0.00454	0.00342	0.00666
5	0.01158	0.00834	0.01328	0.03730	0.29086	0.00818	0.03767	0.01404	0.01137	0.14514	0.01750	0.03036	0.01663	0.00831	0.00557	0.00177	0.00498	0.32707	0.00380	0.00623
6	0.07130	0.00897	0.01124	0.00966	0.01177	0.01029	0.03922	0.08791	0.20679	0.04449	0.01268	0.01484	0.01036	0.01455	0.23510	0.00331	0.13383	0.00464	0.00343	0.06560
7	0.39371	0.00955	0.00902	0.00791	0.01077	0.01070	0.00629	0.08974	0.25977	0.02074	0.01269	0.06868	0.01043	0.00588	0.00400	0.00150	0.00380	0.00443	0.00383	0.06658
8	0.09265	0.01021	0.06584	0.00967	0.01238	0.00994	0.00856	0.31255	0.01506	0.02110	0.01705	0.06175	0.01654	0.00894	0.00539	0.00178	0.00479	0.31548	0.00425	0.00609
9	0.00710	0.00496	0.00607	0.00646	0.00700	0.00489	0.00468	0.00800	0.00875	0.01139	0.02172	0.04069	0.09125	0.46581	0.01632	0.00349	0.00435	0.27995	0.00357	0.00354
10	0.01326	0.01342	0.01015	0.00921	0.01119	0.37554	0.00699	0.01500	0.01349	0.08968	0.34313	0.02191	0.02366	0.00727	0.00497	0.00139	0.00540	0.02499	0.00402	0.00532
11	0.00991	0.00850	0.00991	0.00708	0.01133	0.00637	0.00566	0.01203	0.00991	0.01557	0.00850	0.00991	0.00708	0.00354	0.00354	0.00071	0.00354	0.00283	0.00283	0.86124
12	0.00991	0.00850	0.00991	0.00708	0.01133	0.00637	0.00566	0.01203	0.00991	0.01557	0.00850	0.00991	0.00708	0.00354	0.00354	0.00071	0.00354	0.00283	0.00283	0.86124
13	0.01183	0.01136	0.01940	0.02934	0.80221	0.01136	0.01467	0.01467	0.01088	0.01562	0.00899	0.01183	0.00757	0.00426	0.00473	0.00142	0.00568	0.00426	0.00237	0.00757
14	0.00644	0.00467	0.00535	0.00543	0.00607	0.00436	0.00355	0.00723	0.00934	0.01222	0.15449	0.13783	0.22748	0.37869	0.01406	0.00299	0.00343	0.00889	0.00388	0.00358
15	0.01183	0.01136	0.01940	0.02934	0.80221	0.01136	0.01467	0.01467	0.01088	0.01562	0.00899	0.01183	0.00757	0.00426	0.00473	0.00142	0.00568	0.00426	0.00237	0.00757
16	0.01085	0.00888	0.01172	0.00841	0.01267	0.00696	0.07915	0.01314	0.01031	0.07134	0.00934	0.01064	0.00743	0.00375	0.00383	0.00085	0.00400	0.00324	0.00301	0.72049
17	0.00959	0.02472	0.80726	0.01362	0.02069	0.01110	0.01766	0.01514	0.01009	0.01514	0.00858	0.01009	0.00605	0.00454	0.00454	0.00151	0.00706	0.00353	0.00202	0.00706
18	0.01412	0.01137	0.01206	0.01018	0.01328	0.01293	0.00810	0.29531	0.52003	0.02359	0.01662	0.01558	0.01230	0.00622	0.00483	0.00155	0.00431	0.00501	0.00483	0.00777
19	0.00903	0.00850	0.01434	0.82054	0.03292	0.01062	0.01327	0.01221	0.00956	0.01221	0.00850	0.01274	0.00637	0.00478	0.00478	0.00159	0.00637	0.00425	0.00212	0.00531

[dist]
# distance from previous block
# <min> <max>
0	2

# created by:
# /st0/software/busco_prod/Augustus/scripts/msa2prfl.pl ./align_prep/60370.fa
