[name]
unknown

[dist]
# distance from previous block
# <min> <max>
0	11

[block]
# block no. 0 follows, 45 sequences, length 6
# corresponding to MSA columns:
# 11-16
name=unknown_A
#
# <colnr> <probs for GDERKNQSTAVLIFYWHMCP>
#	G	D	E	R	K	N	Q	S	T	A	V	L	I	F	Y	W	H	M	C	P
0	0.00865	0.00618	0.00865	0.00989	0.01112	0.00618	0.00865	0.01112	0.01236	0.01606	0.02842	0.06055	0.03089	0.01483	0.00741	0.00247	0.00494	0.74174	0.00494	0.00494
1	0.07918	0.01090	0.01319	0.01018	0.01432	0.01067	0.00841	0.23472	0.01776	0.51679	0.01788	0.01609	0.01159	0.00647	0.00525	0.00165	0.00492	0.00507	0.00605	0.00891
2	0.61394	0.01003	0.00919	0.00777	0.01133	0.01086	0.00641	0.01874	0.01091	0.24011	0.01138	0.01144	0.00794	0.00546	0.00391	0.00166	0.00427	0.00362	0.00427	0.00676
3	0.01014	0.00954	0.01610	0.79845	0.03697	0.01193	0.01491	0.01371	0.01073	0.01371	0.00954	0.01431	0.00716	0.00537	0.00537	0.00179	0.00716	0.00477	0.00239	0.00596
4	0.61394	0.01003	0.00919	0.00777	0.01133	0.01086	0.00641	0.01874	0.01091	0.24011	0.01138	0.01144	0.00794	0.00546	0.00391	0.00166	0.00427	0.00362	0.00427	0.00676
5	0.06813	0.01051	0.01716	0.52629	0.24645	0.01217	0.01474	0.01464	0.01105	0.01551	0.00956	0.01364	0.00745	0.00517	0.00521	0.00172	0.00673	0.00465	0.00253	0.00668

[dist]
# distance from previous block
# <min> <max>
1	3

[block]
# block no. 1 follows, 45 sequences, length 17
# corresponding to MSA columns:
# 20-36
name=unknown_B
#
# <colnr> <probs for GDERKNQSTAVLIFYWHMCP>
#	G	D	E	R	K	N	Q	S	T	A	V	L	I	F	Y	W	H	M	C	P
0	0.07434	0.01170	0.01674	0.02097	0.38787	0.01165	0.01198	0.06746	0.09603	0.12739	0.01288	0.01411	0.00982	0.00534	0.00504	0.00154	0.00540	0.00468	0.00382	0.11124
1	0.01493	0.01284	0.01293	0.01125	0.01446	0.05859	0.00883	0.16797	0.56039	0.02407	0.04105	0.01864	0.01543	0.00713	0.00543	0.00175	0.00483	0.00579	0.00530	0.00839
2	0.68763	0.01085	0.00900	0.00791	0.01127	0.01253	0.00645	0.07015	0.10365	0.02458	0.00963	0.01041	0.00735	0.00537	0.00373	0.00168	0.00429	0.00343	0.00373	0.00638
3	0.01638	0.01304	0.01384	0.01154	0.01511	0.01477	0.00923	0.34274	0.44901	0.02734	0.01800	0.01696	0.01327	0.00692	0.00542	0.00173	0.00496	0.00554	0.00542	0.00877
4	0.00668	0.00473	0.00619	0.00730	0.00757	0.00445	0.00479	0.00751	0.01000	0.01334	0.02819	0.72254	0.03374	0.10453	0.00911	0.00251	0.00335	0.01444	0.00479	0.00424
5	0.01296	0.01129	0.01263	0.10780	0.01679	0.01318	0.00929	0.02670	0.67500	0.02138	0.02033	0.01932	0.01525	0.00705	0.00545	0.00182	0.00461	0.00591	0.00508	0.00818
6	0.01622	0.01190	0.02166	0.01586	0.02039	0.01109	0.36268	0.01943	0.01306	0.27178	0.01387	0.01514	0.00976	0.00551	0.00653	0.00167	0.06317	0.00552	0.00406	0.11072
7	0.01100	0.06470	0.72330	0.01525	0.02294	0.01292	0.04326	0.01696	0.01136	0.01680	0.00957	0.01131	0.00685	0.00506	0.00506	0.00168	0.00787	0.00399	0.00228	0.00786
8	0.01267	0.01448	0.03167	0.02262	0.02805	0.01357	0.75837	0.01719	0.01267	0.01719	0.01086	0.01448	0.00814	0.00452	0.00633	0.00181	0.00905	0.00633	0.00271	0.00724
9	0.00710	0.00507	0.00687	0.00811	0.00867	0.00484	0.00595	0.00844	0.01083	0.01433	0.02928	0.61033	0.03428	0.01629	0.00700	0.00226	0.00360	0.20727	0.00497	0.00451
10	0.01544	0.01318	0.02702	0.01946	0.02458	0.01220	0.57645	0.01937	0.01332	0.20248	0.01336	0.01540	0.00939	0.00504	0.00611	0.00177	0.00796	0.00611	0.00367	0.00770
11	0.11866	0.01126	0.01234	0.01062	0.01381	0.01226	0.00879	0.32908	0.11127	0.08180	0.01800	0.04399	0.01569	0.00861	0.00565	0.00186	0.00509	0.17857	0.00511	0.00754
12	0.00701	0.00501	0.00677	0.00801	0.00853	0.00476	0.00580	0.00828	0.01074	0.01423	0.02933	0.64185	0.03448	0.01638	0.00698	0.00224	0.00352	0.17663	0.00497	0.00449
13	0.84927	0.01038	0.00789	0.00706	0.01038	0.01204	0.00581	0.01578	0.00914	0.02408	0.00747	0.00872	0.00581	0.00498	0.00332	0.00166	0.00415	0.00291	0.00332	0.00581
14	0.00879	0.00521	0.00574	0.00561	0.00693	0.00496	0.00421	0.01116	0.01262	0.01981	0.26158	0.03026	0.11915	0.00865	0.00489	0.00146	0.00254	0.00727	0.47418	0.00496
15	0.01088	0.00886	0.00990	0.00909	0.01138	0.00960	0.00707	0.04857	0.38378	0.02159	0.27598	0.03129	0.08936	0.00942	0.00593	0.00180	0.00366	0.04945	0.00554	0.00686
16	0.38351	0.01188	0.01386	0.09293	0.20042	0.01320	0.01025	0.17730	0.01354	0.02358	0.00949	0.01129	0.00732	0.00529	0.00445	0.00165	0.00537	0.00396	0.00351	0.00720

[dist]
# distance from previous block
# <min> <max>
5	9

[block]
# block no. 2 follows, 45 sequences, length 49
# corresponding to MSA columns:
# 46-64,66-95
name=unknown_C
#
# <colnr> <probs for GDERKNQSTAVLIFYWHMCP>
#	G	D	E	R	K	N	Q	S	T	A	V	L	I	F	Y	W	H	M	C	P
0	0.01639	0.01058	0.01291	0.01074	0.01406	0.01109	0.04263	0.12522	0.31676	0.23340	0.07468	0.07343	0.01792	0.00778	0.00563	0.00176	0.00459	0.00661	0.00565	0.00817
1	0.02296	0.00889	0.01210	0.00936	0.01332	0.00770	0.00770	0.02507	0.01535	0.72980	0.07254	0.01976	0.01583	0.00694	0.00546	0.00166	0.00443	0.00569	0.00659	0.00886
2	0.01113	0.00954	0.01113	0.00795	0.01272	0.00716	0.00636	0.01352	0.01113	0.01749	0.00954	0.01113	0.00795	0.00398	0.00398	0.00080	0.00398	0.00318	0.00318	0.84417
3	0.01123	0.00985	0.01240	0.00886	0.01367	0.00755	0.05283	0.01374	0.01123	0.01747	0.00962	0.01134	0.00796	0.00401	0.00412	0.00086	0.00429	0.00338	0.00315	0.79245
4	0.01113	0.00954	0.01113	0.00795	0.01272	0.00716	0.00636	0.01352	0.01113	0.01749	0.00954	0.01113	0.00795	0.00398	0.00398	0.00080	0.00398	0.00318	0.00318	0.84417
5	0.01173	0.00904	0.01016	0.00962	0.01182	0.00992	0.00725	0.02121	0.45827	0.06867	0.05463	0.26077	0.02340	0.01030	0.00592	0.00191	0.00385	0.00897	0.00541	0.00714
6	0.00776	0.00539	0.00681	0.00681	0.00714	0.00572	0.00444	0.00842	0.00809	0.01111	0.01604	0.03030	0.01742	0.54609	0.28971	0.00638	0.00836	0.00710	0.00312	0.00378
7	0.01113	0.00954	0.01113	0.00795	0.01272	0.00716	0.00636	0.01352	0.01113	0.01749	0.00954	0.01113	0.00795	0.00398	0.00398	0.00080	0.00398	0.00318	0.00318	0.84417
8	0.01178	0.00888	0.01061	0.00804	0.01221	0.00693	0.00648	0.01409	0.01184	0.09017	0.04498	0.01865	0.05560	0.00580	0.00457	0.00109	0.00397	0.05444	0.00384	0.62605
9	0.00681	0.00490	0.00646	0.00725	0.00784	0.00455	0.00499	0.00817	0.01160	0.01576	0.22416	0.59320	0.05388	0.01523	0.00671	0.00204	0.00296	0.01374	0.00522	0.00455
10	0.00797	0.00626	0.00933	0.00941	0.01075	0.00584	0.06719	0.00976	0.01119	0.01496	0.02682	0.45263	0.04380	0.01429	0.00677	0.00214	0.00419	0.23003	0.00466	0.06199
11	0.01871	0.01753	0.01467	0.01234	0.01571	0.28345	0.00970	0.36292	0.09959	0.03910	0.01349	0.06387	0.01092	0.00689	0.00529	0.00159	0.00683	0.00517	0.00448	0.00775
12	0.01249	0.01195	0.02036	0.22535	0.59165	0.01255	0.01608	0.01578	0.01185	0.01658	0.00996	0.01354	0.00816	0.00493	0.00533	0.00164	0.00657	0.00478	0.00259	0.00786
13	0.01200	0.00989	0.01148	0.00827	0.01299	0.00778	0.00664	0.06189	0.01213	0.03463	0.01000	0.01139	0.00814	0.00419	0.00410	0.00087	0.00411	0.00333	0.00339	0.77277
14	0.00972	0.00692	0.00826	0.00757	0.00947	0.00680	0.00579	0.01450	0.16155	0.07537	0.46450	0.03637	0.15136	0.01034	0.00610	0.00173	0.00304	0.00893	0.00573	0.00595
15	0.01528	0.01074	0.01289	0.01228	0.09336	0.02858	0.00880	0.07053	0.23860	0.17942	0.01762	0.03432	0.01380	0.00679	0.00524	0.00158	0.00471	0.05265	0.01880	0.17402
16	0.00652	0.00473	0.00617	0.00732	0.00774	0.00437	0.00491	0.00749	0.01043	0.01377	0.03152	0.74882	0.09328	0.01657	0.00681	0.00215	0.00308	0.01495	0.00498	0.00437
17	0.01113	0.10747	0.70702	0.01468	0.02227	0.01336	0.01875	0.01691	0.01129	0.01656	0.00941	0.01106	0.00681	0.00505	0.00493	0.00164	0.00771	0.00386	0.00227	0.00783
18	0.01510	0.01278	0.01283	0.01104	0.01421	0.06629	0.00870	0.21149	0.45652	0.02457	0.07278	0.01896	0.01631	0.00719	0.00542	0.00171	0.00487	0.00581	0.02523	0.00817
19	0.01664	0.01654	0.01377	0.01208	0.01524	0.25834	0.00937	0.14827	0.40723	0.02142	0.01609	0.01558	0.01219	0.00659	0.00525	0.00165	0.00623	0.00504	0.00460	0.00789
20	0.02005	0.03864	0.10115	0.01042	0.01483	0.01005	0.00942	0.12092	0.04619	0.47690	0.06335	0.01767	0.01404	0.00660	0.00532	0.00163	0.00502	0.00531	0.00566	0.02681
21	0.01693	0.23626	0.11966	0.01094	0.01558	0.01474	0.01034	0.16566	0.13277	0.18479	0.01406	0.01373	0.01020	0.00587	0.00479	0.00152	0.00554	0.00445	0.00434	0.02784
22	0.01147	0.01342	0.08183	0.34570	0.03141	0.01280	0.39260	0.01573	0.01176	0.01573	0.01022	0.01417	0.00763	0.00492	0.00584	0.00179	0.00818	0.00550	0.00254	0.00676
23	0.01815	0.06639	0.07239	0.01368	0.01751	0.38505	0.06177	0.20756	0.07203	0.01957	0.01067	0.01163	0.00824	0.00574	0.00506	0.00151	0.00794	0.00419	0.00355	0.00735
24	0.00769	0.00565	0.00813	0.00813	0.00892	0.00644	0.00609	0.00927	0.00848	0.01209	0.01483	0.02360	0.01451	0.17800	0.65383	0.00802	0.01274	0.00612	0.00294	0.00452
25	0.01259	0.01329	0.02660	0.02527	0.28563	0.01276	0.44833	0.01651	0.01249	0.01723	0.01186	0.01738	0.00991	0.00536	0.00606	0.00178	0.00783	0.05875	0.00286	0.00751
26	0.00650	0.00518	0.00583	0.00623	0.00749	0.00451	0.00446	0.00779	0.01176	0.01470	0.09488	0.31311	0.46960	0.01453	0.00652	0.00193	0.00284	0.01258	0.00505	0.00451
27	0.00731	0.00569	0.00824	0.00978	0.06401	0.00536	0.03089	0.00861	0.01071	0.01425	0.02911	0.64408	0.08016	0.01525	0.00671	0.00211	0.00360	0.04460	0.00474	0.00479
28	0.00912	0.00466	0.00694	0.00703	0.00705	0.00464	0.00469	0.00703	0.00723	0.00964	0.01078	0.07331	0.01121	0.01852	0.01996	0.78322	0.00455	0.00543	0.00252	0.00248
29	0.01308	0.01255	0.02142	0.08212	0.73028	0.01270	0.01637	0.01630	0.01213	0.01729	0.01006	0.01335	0.00842	0.00482	0.00532	0.00161	0.00643	0.00478	0.00264	0.00834
30	0.01077	0.02777	0.78354	0.01530	0.02323	0.01247	0.01983	0.01700	0.01133	0.01700	0.00963	0.01133	0.00680	0.00510	0.00510	0.00170	0.00793	0.00397	0.00227	0.00793
31	0.06909	0.61811	0.02471	0.01088	0.07112	0.01861	0.00938	0.01714	0.01136	0.09415	0.00910	0.00998	0.00761	0.00485	0.00378	0.00127	0.00556	0.00328	0.00284	0.00718
32	0.00779	0.00526	0.00614	0.00614	0.00624	0.00536	0.00361	0.00799	0.00789	0.01062	0.01665	0.03366	0.01888	0.73071	0.10709	0.00556	0.00616	0.00759	0.00321	0.00341
33	0.00691	0.00567	0.00775	0.00778	0.00904	0.00509	0.05888	0.00826	0.01121	0.01426	0.03783	0.45819	0.31988	0.01469	0.00662	0.00201	0.00339	0.01310	0.00482	0.00463
34	0.07606	0.02038	0.01469	0.01270	0.01595	0.45393	0.00985	0.22626	0.08420	0.02044	0.01071	0.01142	0.00829	0.00590	0.00494	0.00150	0.00778	0.00403	0.00376	0.00720
35	0.00938	0.00834	0.01304	0.33436	0.02162	0.01053	0.01094	0.01186	0.00942	0.01306	0.01113	0.01670	0.00975	0.02061	0.33481	0.00474	0.14651	0.00517	0.00258	0.00546
36	0.00759	0.00548	0.00740	0.00856	0.00943	0.00529	0.00677	0.00932	0.01145	0.01494	0.03060	0.38338	0.08088	0.01561	0.00710	0.00230	0.00401	0.38028	0.00496	0.00466
37	0.01047	0.00988	0.01671	0.71696	0.11584	0.01201	0.01507	0.01401	0.01089	0.01412	0.00960	0.01420	0.00730	0.00530	0.00536	0.00177	0.00707	0.00477	0.00241	0.00623
38	0.01352	0.50561	0.23638	0.01279	0.07153	0.05062	0.01271	0.01659	0.01130	0.01421	0.00829	0.00975	0.00698	0.00479	0.00410	0.00134	0.00656	0.00334	0.00233	0.00727
39	0.02041	0.01504	0.01611	0.01235	0.01665	0.01665	0.01020	0.75997	0.02524	0.03383	0.01289	0.01289	0.00913	0.00644	0.00537	0.00161	0.00591	0.00483	0.00537	0.00913
40	0.01393	0.00991	0.01164	0.00879	0.01318	0.00847	0.00705	0.03585	0.12995	0.15063	0.01354	0.01379	0.01021	0.00501	0.00449	0.00112	0.00417	0.00405	0.00419	0.55003
41	0.00767	0.00575	0.00863	0.00863	0.00959	0.00671	0.00671	0.00959	0.00863	0.01246	0.01438	0.02109	0.01342	0.04026	0.79008	0.00863	0.01438	0.00575	0.00288	0.00479
42	0.00771	0.00560	0.00785	0.00785	0.00854	0.00629	0.00574	0.00909	0.00840	0.01189	0.01509	0.02502	0.01513	0.25633	0.57634	0.00767	0.01181	0.00633	0.00298	0.00436
43	0.00945	0.00783	0.00859	0.00835	0.01030	0.00825	0.00628	0.01659	0.32737	0.01821	0.08927	0.20070	0.23073	0.01148	0.00610	0.00190	0.00347	0.02369	0.00525	0.00620
44	0.07241	0.00977	0.01278	0.01281	0.11397	0.01017	0.05843	0.04528	0.23774	0.06979	0.20141	0.02528	0.09148	0.00799	0.00563	0.00173	0.00437	0.00695	0.00489	0.00710
45	0.01479	0.01193	0.01480	0.01500	0.18182	0.01200	0.00991	0.31475	0.03326	0.02417	0.05877	0.01755	0.07546	0.00642	0.00520	0.00146	0.00510	0.00531	0.00430	0.18798
46	0.01774	0.01292	0.06537	0.02062	0.35801	0.06068	0.01258	0.02051	0.01362	0.32327	0.01537	0.01577	0.02711	0.00579	0.00533	0.00162	0.00588	0.00504	0.00429	0.00849
47	0.06935	0.03314	0.10139	0.01060	0.01450	0.02722	0.00947	0.37432	0.06967	0.02602	0.03232	0.01746	0.07485	0.00686	0.00506	0.00160	0.00522	0.00529	0.10803	0.00765
48	0.01441	0.01446	0.10629	0.03053	0.07032	0.01296	0.18251	0.22247	0.07273	0.03708	0.01313	0.01662	0.01041	0.00612	0.00583	0.00167	0.02515	0.05248	0.00386	0.10097

[dist]
# distance from previous block
# <min> <max>
0	3

[block]
# block no. 3 follows, 45 sequences, length 7
# corresponding to MSA columns:
# 99-105
name=unknown_D
#
# <colnr> <probs for GDERKNQSTAVLIFYWHMCP>
#	G	D	E	R	K	N	Q	S	T	A	V	L	I	F	Y	W	H	M	C	P
0	0.06353	0.01639	0.04497	0.01734	0.21452	0.21997	0.01143	0.11619	0.09074	0.01921	0.01085	0.01233	0.00863	0.00553	0.00531	0.00150	0.03082	0.00424	0.00340	0.10310
1	0.06021	0.09079	0.01525	0.22191	0.06421	0.01131	0.06838	0.07839	0.04820	0.01713	0.03320	0.18023	0.05701	0.00847	0.00555	0.00179	0.00548	0.02257	0.00368	0.00624
2	0.06194	0.11772	0.15062	0.10229	0.04730	0.12762	0.01173	0.10715	0.08152	0.01839	0.02566	0.01279	0.00913	0.00647	0.02473	0.00171	0.02144	0.00423	0.00325	0.06433
3	0.01008	0.08988	0.01212	0.00917	0.01117	0.02771	0.02449	0.01356	0.09864	0.01766	0.28373	0.09624	0.07650	0.00950	0.00743	0.00172	0.12183	0.00769	0.00445	0.07645
4	0.01239	0.01289	0.04711	0.02136	0.23443	0.01217	0.31218	0.05913	0.07674	0.01827	0.01681	0.05056	0.08771	0.00638	0.00590	0.00175	0.00679	0.00658	0.00339	0.00744
5	0.01187	0.23621	0.01756	0.31280	0.02190	0.01377	0.01071	0.10146	0.01241	0.01572	0.01444	0.01709	0.08577	0.01009	0.09449	0.00237	0.00698	0.00502	0.00303	0.00632
6	0.00835	0.00532	0.00754	0.00754	0.00815	0.00582	0.00549	0.00890	0.00829	0.01198	0.01351	0.02126	0.01299	0.11931	0.42001	0.24298	0.00959	0.00562	0.07341	0.00394

[dist]
# distance from previous block
# <min> <max>
3	12

[block]
# block no. 4 follows, 45 sequences, length 26
# corresponding to MSA columns:
# 118-143
name=unknown_E
#
# <colnr> <probs for GDERKNQSTAVLIFYWHMCP>
#	G	D	E	R	K	N	Q	S	T	A	V	L	I	F	Y	W	H	M	C	P
0	0.01389	0.01229	0.02075	0.07775	0.67636	0.01234	0.01574	0.01702	0.01236	0.07377	0.01088	0.01372	0.00877	0.00496	0.00532	0.00161	0.00629	0.00483	0.00294	0.00840
1	0.01191	0.01042	0.01356	0.10434	0.01680	0.04979	0.08885	0.01860	0.26924	0.05351	0.01947	0.18967	0.01793	0.00902	0.00633	0.00188	0.03662	0.04166	0.00439	0.03600
2	0.01287	0.01230	0.02080	0.13371	0.66114	0.01266	0.01607	0.01640	0.03051	0.01715	0.01031	0.01359	0.00852	0.00492	0.00532	0.00163	0.00643	0.00481	0.00269	0.00817
3	0.01557	0.07012	0.01654	0.19273	0.08797	0.01200	0.05631	0.07441	0.10612	0.20620	0.01426	0.01527	0.01030	0.00588	0.00549	0.00163	0.02588	0.00496	0.02349	0.05487
4	0.01270	0.06086	0.28989	0.04193	0.15952	0.08760	0.20786	0.01699	0.01210	0.01633	0.01014	0.02773	0.00804	0.00521	0.00559	0.00167	0.02091	0.00487	0.00256	0.00748
5	0.31163	0.06920	0.01133	0.00801	0.01201	0.01016	0.00663	0.01690	0.03259	0.14808	0.01221	0.01268	0.02977	0.00519	0.00405	0.00133	0.00424	0.00374	0.00386	0.29638
6	0.01339	0.36224	0.36273	0.01266	0.01874	0.01594	0.05436	0.01729	0.01152	0.07164	0.00962	0.01085	0.00739	0.00497	0.00448	0.00147	0.00681	0.00373	0.00263	0.00754
7	0.00781	0.00520	0.00585	0.00585	0.00585	0.00520	0.00325	0.00781	0.00781	0.01041	0.01691	0.03513	0.01952	0.81135	0.02732	0.00520	0.00520	0.00781	0.00325	0.00325
8	0.01443	0.04765	0.01219	0.01096	0.01307	0.41739	0.00822	0.01663	0.05937	0.01435	0.05019	0.20072	0.07547	0.00930	0.00553	0.00166	0.00672	0.02662	0.00378	0.00574
9	0.00875	0.00504	0.00756	0.00756	0.00789	0.00537	0.00537	0.00789	0.00756	0.01041	0.01107	0.01797	0.01074	0.02612	0.28692	0.55503	0.00802	0.00504	0.00252	0.00318
10	0.01399	0.04309	0.01969	0.06695	0.41137	0.01275	0.06907	0.13706	0.01413	0.03686	0.01174	0.05614	0.00997	0.00569	0.00532	0.00158	0.00612	0.00530	0.00333	0.06985
11	0.01384	0.00775	0.00959	0.00876	0.01092	0.00760	0.00678	0.09000	0.07242	0.22874	0.03657	0.22203	0.03957	0.08413	0.00797	0.00220	0.00424	0.09552	0.04488	0.00649
12	0.00852	0.00609	0.00850	0.00974	0.01092	0.00607	0.00843	0.01090	0.01223	0.01592	0.02849	0.10598	0.03117	0.01495	0.00738	0.00245	0.00483	0.69757	0.00495	0.00491
13	0.01113	0.00954	0.01113	0.00795	0.01272	0.00716	0.00636	0.01352	0.01113	0.01749	0.00954	0.01113	0.00795	0.00398	0.00398	0.00080	0.00398	0.00318	0.00318	0.84417
14	0.01795	0.01053	0.01575	0.19254	0.02094	0.01058	0.09681	0.08223	0.07106	0.36883	0.01623	0.01634	0.01097	0.00603	0.00545	0.00168	0.00575	0.00528	0.00488	0.04019
15	0.01077	0.02777	0.78354	0.01530	0.02323	0.01247	0.01983	0.01700	0.01133	0.01700	0.00963	0.01133	0.00680	0.00510	0.00510	0.00170	0.00793	0.00397	0.00227	0.00793
16	0.00658	0.00470	0.00626	0.00745	0.00779	0.00438	0.00499	0.00756	0.01044	0.01397	0.05500	0.78168	0.03602	0.01662	0.00683	0.00216	0.00309	0.01507	0.00501	0.00438
17	0.01503	0.01653	0.01968	0.06500	0.26758	0.25590	0.12456	0.04206	0.01328	0.01602	0.01035	0.01450	0.00885	0.00589	0.00634	0.00167	0.06737	0.03942	0.00286	0.00711
18	0.01009	0.00828	0.00948	0.00795	0.01111	0.00724	0.00629	0.05998	0.06725	0.01807	0.06528	0.07424	0.19102	0.00871	0.00533	0.00144	0.00379	0.07423	0.00431	0.36591
19	0.04569	0.01472	0.01388	0.01143	0.01498	0.13620	0.00912	0.36766	0.16529	0.08234	0.01666	0.01654	0.05207	0.02192	0.00570	0.00170	0.00584	0.00524	0.00494	0.00808
20	0.05789	0.01221	0.01320	0.01102	0.01349	0.12341	0.07938	0.22062	0.03069	0.01911	0.01270	0.01845	0.01142	0.18000	0.10835	0.06547	0.00744	0.00543	0.00366	0.00607
21	0.01214	0.01158	0.01972	0.31162	0.50815	0.01245	0.01590	0.01547	0.01168	0.01615	0.00989	0.01366	0.00801	0.00500	0.00533	0.00167	0.00666	0.00478	0.00256	0.00758
22	0.01206	0.01143	0.01904	0.33127	0.44664	0.01246	0.01543	0.01605	0.05255	0.01631	0.01052	0.01405	0.00840	0.00515	0.00534	0.00168	0.00657	0.00485	0.00270	0.00751
23	0.01148	0.01028	0.01475	0.46137	0.08295	0.05806	0.02378	0.02834	0.04659	0.05156	0.05558	0.05936	0.04693	0.00692	0.00556	0.00177	0.00630	0.01879	0.00332	0.00629
24	0.01271	0.01119	0.01906	0.33743	0.35271	0.01193	0.05998	0.01603	0.01185	0.07244	0.01072	0.01407	0.00827	0.00511	0.00536	0.00166	0.00664	0.00486	0.00286	0.03511
25	0.13204	0.01079	0.01354	0.04103	0.01513	0.03363	0.09855	0.10618	0.12466	0.15996	0.11524	0.02065	0.06935	0.00712	0.00536	0.00168	0.00501	0.00602	0.00480	0.02927

[dist]
# distance from previous block
# <min> <max>
8	14

[block]
# block no. 5 follows, 45 sequences, length 22
# corresponding to MSA columns:
# 158-179
name=unknown_F
#
# <colnr> <probs for GDERKNQSTAVLIFYWHMCP>
#	G	D	E	R	K	N	Q	S	T	A	V	L	I	F	Y	W	H	M	C	P
0	0.01448	0.01297	0.01954	0.02656	0.54851	0.01348	0.01436	0.14149	0.11634	0.02090	0.01215	0.01413	0.00967	0.00540	0.00534	0.00163	0.00601	0.00496	0.00349	0.00861
1	0.03700	0.00964	0.01367	0.01532	0.22533	0.00904	0.00950	0.01847	0.06345	0.24680	0.17073	0.02032	0.01894	0.00667	0.00534	0.00155	0.00455	0.00581	0.00478	0.11308
2	0.03294	0.07736	0.13509	0.04995	0.05613	0.01143	0.01029	0.04053	0.22389	0.11348	0.17189	0.02054	0.01945	0.00710	0.00535	0.00168	0.00494	0.00590	0.00459	0.00748
3	0.01708	0.43744	0.02195	0.01140	0.01512	0.38861	0.00975	0.01864	0.01296	0.01287	0.00786	0.00912	0.00690	0.00504	0.00411	0.00126	0.00762	0.00315	0.00252	0.00657
4	0.00634	0.00544	0.00544	0.00544	0.00725	0.00453	0.00408	0.00770	0.01224	0.01450	0.05438	0.05166	0.77569	0.01359	0.00634	0.00181	0.00272	0.01133	0.00498	0.00453
5	0.01263	0.32875	0.36237	0.01208	0.01773	0.07854	0.01367	0.01641	0.01182	0.01540	0.07530	0.01265	0.01066	0.00545	0.00455	0.00146	0.00676	0.00400	0.00264	0.00714
6	0.01752	0.35943	0.11557	0.01110	0.04389	0.01461	0.01035	0.01999	0.01265	0.30734	0.01307	0.01289	0.00939	0.00556	0.00480	0.00146	0.02441	0.00409	0.00397	0.00791
7	0.01156	0.01094	0.01809	0.44154	0.31910	0.01245	0.01509	0.01550	0.04978	0.01560	0.01031	0.01413	0.00814	0.00536	0.00572	0.00173	0.03042	0.00484	0.00264	0.00706
8	0.00654	0.00467	0.00623	0.00747	0.00779	0.00436	0.00498	0.00747	0.01028	0.01370	0.02959	0.80785	0.03550	0.01682	0.00685	0.00218	0.00311	0.01526	0.00498	0.00436
9	0.01464	0.01465	0.02132	0.02810	0.56258	0.10806	0.07485	0.07771	0.01368	0.01830	0.01017	0.01291	0.00833	0.00499	0.00534	0.00159	0.00696	0.00475	0.00290	0.00817
10	0.01416	0.01024	0.08539	0.01230	0.08022	0.00813	0.08214	0.01702	0.01403	0.26725	0.25397	0.06654	0.04850	0.00823	0.00585	0.00171	0.00471	0.00735	0.00513	0.00712
11	0.00654	0.00467	0.00623	0.00747	0.00779	0.00436	0.00498	0.00747	0.01028	0.01370	0.02959	0.80785	0.03550	0.01682	0.00685	0.00218	0.00311	0.01526	0.00498	0.00436
12	0.01077	0.02777	0.78354	0.01530	0.02323	0.01247	0.01983	0.01700	0.01133	0.01700	0.00963	0.01133	0.00680	0.00510	0.00510	0.00170	0.00793	0.00397	0.00227	0.00793
13	0.01217	0.01689	0.19126	0.06769	0.09280	0.01317	0.49148	0.01688	0.01223	0.01698	0.01045	0.01369	0.00783	0.00472	0.00592	0.00177	0.00847	0.00560	0.00259	0.00742
14	0.01288	0.01218	0.02064	0.03094	0.71114	0.01218	0.01579	0.01601	0.01223	0.01741	0.01169	0.01740	0.01045	0.00566	0.00550	0.00167	0.00625	0.06892	0.00286	0.00819
15	0.01077	0.02777	0.78354	0.01530	0.02323	0.01247	0.01983	0.01700	0.01133	0.01700	0.00963	0.01133	0.00680	0.00510	0.00510	0.00170	0.00793	0.00397	0.00227	0.00793
16	0.01344	0.01149	0.01524	0.16311	0.04774	0.05118	0.09267	0.26018	0.01591	0.02088	0.01634	0.23475	0.01586	0.00881	0.00586	0.00181	0.00592	0.00782	0.00416	0.00681
17	0.01543	0.01378	0.01514	0.01671	0.21606	0.13836	0.01054	0.18205	0.12601	0.04985	0.07968	0.01790	0.01428	0.07196	0.00716	0.00190	0.00600	0.00546	0.00417	0.00757
18	0.18223	0.03698	0.12717	0.04023	0.01577	0.05379	0.01007	0.16557	0.13338	0.11562	0.01417	0.05836	0.01101	0.00656	0.00494	0.00169	0.00552	0.00504	0.00431	0.00759
19	0.21944	0.34257	0.15133	0.01153	0.06579	0.03356	0.01067	0.04155	0.01143	0.05637	0.00891	0.01008	0.00712	0.00498	0.00402	0.00145	0.00581	0.00340	0.00290	0.00709
20	0.19965	0.21273	0.08305	0.12444	0.14515	0.04383	0.01141	0.02945	0.02737	0.04710	0.00934	0.01125	0.00744	0.00517	0.00464	0.00155	0.02271	0.00382	0.00290	0.00699
21	0.09948	0.05596	0.08963	0.01279	0.10904	0.02361	0.00984	0.06513	0.14346	0.14709	0.14301	0.02045	0.01801	0.00707	0.00527	0.00168	0.00493	0.03144	0.00461	0.00749

[dist]
# distance from previous block
# <min> <max>
3	6

[block]
# block no. 6 follows, 45 sequences, length 9
# corresponding to MSA columns:
# 186-194
name=unknown_G
#
# <colnr> <probs for GDERKNQSTAVLIFYWHMCP>
#	G	D	E	R	K	N	Q	S	T	A	V	L	I	F	Y	W	H	M	C	P
0	0.01179	0.01444	0.15989	0.05721	0.50885	0.01160	0.01542	0.01532	0.01200	0.01689	0.01572	0.01794	0.10750	0.00601	0.00541	0.00165	0.00622	0.00548	0.00288	0.00778
1	0.01404	0.01530	0.18358	0.03853	0.21009	0.01167	0.13790	0.05870	0.03918	0.11959	0.03052	0.01440	0.00995	0.00532	0.00535	0.00160	0.00651	0.00496	0.00348	0.08933
2	0.03244	0.15787	0.27834	0.01689	0.18133	0.09081	0.01424	0.05561	0.01271	0.05803	0.00996	0.01150	0.00769	0.00508	0.00477	0.00150	0.00684	0.00396	0.00287	0.04757
3	0.01916	0.01668	0.11550	0.01273	0.01750	0.01611	0.01145	0.66374	0.02344	0.03165	0.01247	0.01269	0.00883	0.00627	0.00533	0.00162	0.00617	0.00472	0.00497	0.00897
4	0.01390	0.71550	0.12326	0.00995	0.01497	0.02014	0.01053	0.01619	0.01096	0.01318	0.00774	0.00895	0.00688	0.00466	0.00365	0.00122	0.00602	0.00301	0.00229	0.00702
5	0.01832	0.01539	0.01722	0.01558	0.11559	0.09076	0.05192	0.47849	0.09570	0.02767	0.01286	0.01342	0.00950	0.00612	0.00537	0.00162	0.00634	0.00490	0.00463	0.00860
6	0.01138	0.16352	0.65321	0.01424	0.02160	0.01398	0.01800	0.01684	0.01126	0.01625	0.00926	0.01086	0.00682	0.00501	0.00481	0.00160	0.00755	0.00378	0.00227	0.00775
7	0.01486	0.21868	0.08465	0.03460	0.01849	0.09012	0.17140	0.01757	0.01195	0.11395	0.01034	0.01218	0.00807	0.00564	0.00666	0.00159	0.11874	0.00441	0.00305	0.05306
8	0.01258	0.13896	0.60014	0.01386	0.02095	0.01328	0.01714	0.01776	0.01166	0.09065	0.01044	0.01162	0.00744	0.00518	0.00489	0.00162	0.00729	0.00395	0.00270	0.00790

[dist]
# distance from previous block
# <min> <max>
0	6

[block]
# block no. 7 follows, 45 sequences, length 39
# corresponding to MSA columns:
# 201-233,236-241
name=unknown_H
#
# <colnr> <probs for GDERKNQSTAVLIFYWHMCP>
#	G	D	E	R	K	N	Q	S	T	A	V	L	I	F	Y	W	H	M	C	P
0	0.10461	0.05400	0.29328	0.01065	0.01616	0.02552	0.01137	0.01548	0.01134	0.04468	0.03023	0.01311	0.03391	0.00514	0.00449	0.00134	0.00558	0.00394	0.00306	0.31211
1	0.06003	0.06362	0.68054	0.01437	0.02176	0.01273	0.01817	0.01715	0.01130	0.03905	0.00973	0.01125	0.00693	0.00511	0.00493	0.00167	0.00751	0.00389	0.00245	0.00779
2	0.01693	0.01869	0.40731	0.01245	0.01856	0.01021	0.01397	0.02114	0.01319	0.37027	0.01496	0.01453	0.00983	0.00578	0.00521	0.00166	0.00628	0.00461	0.00431	0.03011
3	0.01593	0.07973	0.01224	0.00914	0.01229	0.09506	0.00741	0.01825	0.03381	0.29136	0.11468	0.06491	0.07305	0.00820	0.00542	0.00160	0.00473	0.05485	0.00504	0.09232
4	0.00991	0.00592	0.00781	0.00785	0.00930	0.00543	0.00594	0.01163	0.01245	0.13725	0.17579	0.33350	0.09531	0.01395	0.02887	0.00217	0.00377	0.10611	0.00533	0.02171
5	0.01435	0.81458	0.02813	0.00918	0.01378	0.02124	0.00918	0.01607	0.01091	0.01263	0.00746	0.00861	0.00689	0.00459	0.00344	0.00115	0.00574	0.00287	0.00230	0.00689
6	0.01224	0.40135	0.33651	0.01178	0.01737	0.01596	0.01350	0.01590	0.01124	0.01481	0.01068	0.01550	0.00952	0.00594	0.00457	0.00152	0.00655	0.08537	0.00258	0.00710
7	0.01077	0.02777	0.78354	0.01530	0.02323	0.01247	0.01983	0.01700	0.01133	0.01700	0.00963	0.01133	0.00680	0.00510	0.00510	0.00170	0.00793	0.00397	0.00227	0.00793
8	0.00842	0.00601	0.00838	0.00962	0.01075	0.00598	0.00824	0.01072	0.01213	0.01580	0.02855	0.14354	0.03140	0.01505	0.00735	0.00244	0.00474	0.66106	0.00495	0.00488
9	0.01435	0.81458	0.02813	0.00918	0.01378	0.02124	0.00918	0.01607	0.01091	0.01263	0.00746	0.00861	0.00689	0.00459	0.00344	0.00115	0.00574	0.00287	0.00230	0.00689
10	0.01300	0.51729	0.31355	0.01150	0.01735	0.01792	0.01321	0.01642	0.01107	0.01428	0.00828	0.00964	0.00686	0.00478	0.00407	0.00136	0.00657	0.00328	0.00229	0.00728
11	0.01199	0.29564	0.52635	0.01322	0.02001	0.01545	0.01621	0.01668	0.01119	0.01551	0.00889	0.01041	0.00683	0.00493	0.00454	0.00151	0.00719	0.00359	0.00228	0.00758
12	0.02005	0.02558	0.01521	0.01383	0.01659	0.78980	0.01037	0.02143	0.01521	0.01314	0.00830	0.00968	0.00691	0.00553	0.00484	0.00138	0.00968	0.00346	0.00277	0.00622
13	0.01435	0.81458	0.02813	0.00918	0.01378	0.02124	0.00918	0.01607	0.01091	0.01263	0.00746	0.00861	0.00689	0.00459	0.00344	0.00115	0.00574	0.00287	0.00230	0.00689
14	0.00767	0.00575	0.00863	0.00863	0.00959	0.00671	0.00671	0.00959	0.00863	0.01246	0.01438	0.02109	0.01342	0.04026	0.79008	0.00863	0.01438	0.00575	0.00288	0.00479
15	0.66731	0.00961	0.00819	0.00737	0.01045	0.01074	0.00594	0.01597	0.00993	0.10406	0.01140	0.09848	0.00991	0.00647	0.00394	0.00172	0.00408	0.00455	0.00386	0.00601
16	0.02078	0.02088	0.01431	0.01256	0.01564	0.57028	0.00961	0.02237	0.01525	0.21019	0.03038	0.01263	0.00962	0.00595	0.00502	0.00146	0.00820	0.00411	0.00384	0.00694
17	0.01853	0.10358	0.01611	0.01213	0.01565	0.30254	0.00971	0.22816	0.15737	0.06522	0.01275	0.01288	0.00966	0.00607	0.00499	0.00152	0.00690	0.00438	0.00417	0.00769
18	0.00767	0.00575	0.00863	0.00863	0.00959	0.00671	0.00671	0.00959	0.00863	0.01246	0.01438	0.02109	0.01342	0.04026	0.79008	0.00863	0.01438	0.00575	0.00288	0.00479
19	0.00781	0.00520	0.00585	0.00585	0.00585	0.00520	0.00325	0.00781	0.00781	0.01041	0.01691	0.03513	0.01952	0.81135	0.02732	0.00520	0.00520	0.00781	0.00325	0.00325
20	0.01395	0.72721	0.11201	0.00986	0.01483	0.02027	0.01037	0.01618	0.01095	0.01311	0.00770	0.00891	0.00688	0.00465	0.00363	0.00121	0.00598	0.00299	0.00229	0.00700
21	0.01931	0.02402	0.01487	0.01351	0.01630	0.70358	0.01016	0.02222	0.09883	0.01417	0.00980	0.01083	0.00797	0.00573	0.00491	0.00143	0.00908	0.00375	0.00307	0.00648
22	0.84927	0.01038	0.00789	0.00706	0.01038	0.01204	0.00581	0.01578	0.00914	0.02408	0.00747	0.00872	0.00581	0.00498	0.00332	0.00166	0.00415	0.00291	0.00332	0.00581
23	0.01116	0.11514	0.69965	0.01462	0.02218	0.01344	0.01865	0.01690	0.01129	0.01651	0.00939	0.01103	0.00681	0.00504	0.00492	0.00164	0.00769	0.00384	0.00227	0.00782
24	0.05640	0.01030	0.01297	0.00998	0.01413	0.00972	0.00825	0.16495	0.01699	0.60942	0.01906	0.01687	0.01220	0.00654	0.00531	0.00165	0.00481	0.00519	0.00627	0.00900
25	0.00769	0.00566	0.00815	0.00815	0.00894	0.00645	0.00611	0.00928	0.00848	0.01210	0.01482	0.02353	0.01448	0.17419	0.65759	0.00803	0.01278	0.00611	0.00294	0.00453
26	0.01855	0.02326	0.01421	0.01312	0.01562	0.70258	0.00977	0.01988	0.01466	0.01320	0.01066	0.09831	0.01009	0.00678	0.00506	0.00147	0.00895	0.00477	0.00301	0.00602
27	0.01239	0.38351	0.44200	0.01253	0.01896	0.01643	0.01502	0.01658	0.01114	0.01502	0.00865	0.01010	0.00684	0.00487	0.00435	0.00145	0.00694	0.00347	0.00228	0.00746
28	0.01103	0.08513	0.72847	0.01485	0.02254	0.01311	0.01906	0.01693	0.01130	0.01668	0.00947	0.01113	0.00681	0.00506	0.00498	0.00166	0.00777	0.00389	0.00227	0.00786
29	0.01424	0.78914	0.05256	0.00938	0.01408	0.02096	0.00953	0.01610	0.01092	0.01277	0.00753	0.00870	0.00689	0.00461	0.00350	0.00117	0.00581	0.00291	0.00230	0.00692
30	0.01435	0.81458	0.02813	0.00918	0.01378	0.02124	0.00918	0.01607	0.01091	0.01263	0.00746	0.00861	0.00689	0.00459	0.00344	0.00115	0.00574	0.00287	0.00230	0.00689
31	0.02005	0.02558	0.01521	0.01383	0.01659	0.78980	0.01037	0.02143	0.01521	0.01314	0.00830	0.00968	0.00691	0.00553	0.00484	0.00138	0.00968	0.00346	0.00277	0.00622
32	0.00676	0.00483	0.00648	0.00772	0.00813	0.00455	0.00536	0.00785	0.01049	0.01395	0.02947	0.73053	0.03503	0.01661	0.00691	0.00221	0.00330	0.09042	0.00498	0.00442
33	0.01435	0.81458	0.02813	0.00918	0.01378	0.02124	0.00918	0.01607	0.01091	0.01263	0.00746	0.00861	0.00689	0.00459	0.00344	0.00115	0.00574	0.00287	0.00230	0.00689
34	0.01435	0.81458	0.02813	0.00918	0.01378	0.02124	0.00918	0.01607	0.01091	0.01263	0.00746	0.00861	0.00689	0.00459	0.00344	0.00115	0.00574	0.00287	0.00230	0.00689
35	0.81983	0.03874	0.00860	0.00713	0.01050	0.01237	0.00593	0.01579	0.00920	0.02368	0.00747	0.00872	0.00585	0.00497	0.00333	0.00164	0.00421	0.00291	0.00329	0.00585
36	0.01113	0.00954	0.01113	0.00795	0.01272	0.00716	0.00636	0.01352	0.01113	0.01749	0.00954	0.01113	0.00795	0.00398	0.00398	0.00080	0.00398	0.00318	0.00318	0.84417
37	0.00819	0.00616	0.00767	0.00717	0.00865	0.00597	0.00541	0.01209	0.09871	0.02140	0.66752	0.03825	0.07087	0.01065	0.00624	0.00171	0.00273	0.00936	0.00583	0.00543
38	0.00761	0.00574	0.00849	0.00849	0.00948	0.00662	0.00660	0.00950	0.00878	0.01255	0.01611	0.02242	0.04651	0.03910	0.75606	0.00833	0.01387	0.00599	0.00297	0.00478

[dist]
# distance from previous block
# <min> <max>
0	0

# created by:
# /st0/software/busco_prod/Augustus/scripts/msa2prfl.pl ./align_prep/60422.fa
