[name]
unknown

[dist]
# distance from previous block
# <min> <max>
2	39

[block]
# block no. 0 follows, 43 sequences, length 10
# corresponding to MSA columns:
# 39-48
name=unknown_A
#
# <colnr> <probs for GDERKNQSTAVLIFYWHMCP>
#	G	D	E	R	K	N	Q	S	T	A	V	L	I	F	Y	W	H	M	C	P
0	0.21146	0.01072	0.01458	0.05145	0.01638	0.01107	0.14279	0.05005	0.11873	0.15971	0.05492	0.03861	0.08180	0.00719	0.00542	0.00180	0.00529	0.00619	0.00462	0.00725
1	0.01205	0.01125	0.01945	0.29852	0.20099	0.01246	0.13039	0.01521	0.01167	0.04563	0.01326	0.05672	0.03970	0.00675	0.00731	0.00189	0.10079	0.00603	0.00299	0.00695
2	0.01415	0.01251	0.01928	0.16532	0.40167	0.04936	0.05196	0.01834	0.07207	0.08508	0.04641	0.01604	0.01147	0.00573	0.00559	0.00171	0.00651	0.00534	0.00345	0.00801
3	0.01047	0.01007	0.01784	0.61831	0.03419	0.01183	0.11283	0.01405	0.01130	0.01463	0.01190	0.08593	0.01016	0.00649	0.00581	0.00189	0.00727	0.00612	0.00275	0.00618
4	0.00782	0.00590	0.00694	0.00718	0.00842	0.00557	0.00522	0.04676	0.01191	0.01515	0.03732	0.26634	0.33890	0.06318	0.06765	0.04555	0.00437	0.04635	0.00475	0.00472
5	0.04936	0.00890	0.01295	0.27430	0.06402	0.01030	0.01034	0.01360	0.01100	0.08566	0.04904	0.09627	0.05261	0.11220	0.01047	0.00239	0.12014	0.00690	0.00359	0.00595
6	0.00798	0.00607	0.00700	0.00741	0.04223	0.00532	0.00509	0.00953	0.01271	0.05037	0.13664	0.09128	0.51550	0.06849	0.00800	0.00210	0.00324	0.01088	0.00511	0.00504
7	0.04572	0.00664	0.00799	0.04605	0.04929	0.00639	0.00609	0.04220	0.01250	0.01655	0.08663	0.26187	0.34398	0.03418	0.00698	0.00204	0.00361	0.01129	0.00485	0.00518
8	0.00843	0.00570	0.00734	0.00754	0.00860	0.00551	0.00548	0.00989	0.01135	0.05908	0.12110	0.24618	0.15192	0.12694	0.15105	0.00375	0.00568	0.05489	0.00472	0.00487
9	0.04925	0.00634	0.00726	0.00718	0.00852	0.00618	0.00510	0.02714	0.04897	0.06867	0.10453	0.24659	0.14929	0.16281	0.01030	0.00256	0.00372	0.01019	0.07024	0.00516

[dist]
# distance from previous block
# <min> <max>
0	3

[block]
# block no. 1 follows, 43 sequences, length 15
# corresponding to MSA columns:
# 52-66
name=unknown_B
#
# <colnr> <probs for GDERKNQSTAVLIFYWHMCP>
#	G	D	E	R	K	N	Q	S	T	A	V	L	I	F	Y	W	H	M	C	P
0	0.00923	0.00629	0.00743	0.00741	0.00896	0.00589	0.00539	0.01195	0.08232	0.08753	0.11867	0.29315	0.26945	0.05087	0.00756	0.00213	0.00337	0.01159	0.00537	0.00544
1	0.00732	0.00556	0.00676	0.00701	0.00818	0.00511	0.00504	0.00947	0.03762	0.01754	0.30113	0.30623	0.23471	0.01399	0.00669	0.00196	0.00293	0.01231	0.00550	0.00495
2	0.11492	0.00656	0.00731	0.00703	0.00865	0.00632	0.00514	0.01068	0.02537	0.01814	0.25689	0.14937	0.13996	0.12948	0.00928	0.00233	0.00356	0.02900	0.00483	0.06517
3	0.00755	0.00513	0.00612	0.00670	0.00731	0.00484	0.00445	0.00864	0.01063	0.01470	0.06366	0.39484	0.11834	0.19762	0.01144	0.00277	0.00355	0.01180	0.11553	0.00438
4	0.00745	0.00529	0.00691	0.00731	0.00802	0.00515	0.00511	0.00857	0.01093	0.01474	0.15717	0.31992	0.11414	0.10982	0.13269	0.06142	0.00525	0.01110	0.00457	0.00444
5	0.00708	0.00520	0.00665	0.00732	0.00800	0.00496	0.00505	0.00829	0.01093	0.01454	0.10065	0.45815	0.13922	0.09420	0.09977	0.00322	0.00466	0.01274	0.00481	0.00454
6	0.04902	0.00764	0.01082	0.30799	0.02008	0.00831	0.00916	0.01225	0.01184	0.06839	0.07242	0.14475	0.20267	0.01130	0.03758	0.00218	0.00530	0.00853	0.00412	0.00565
7	0.00772	0.00602	0.00794	0.00792	0.00902	0.00641	0.00604	0.00935	0.01032	0.01384	0.05742	0.06048	0.22522	0.09482	0.38377	0.00562	0.04171	0.03771	0.00386	0.00478
8	0.00979	0.00857	0.01346	0.07267	0.28127	0.00849	0.02724	0.01203	0.01200	0.01637	0.10068	0.25271	0.09668	0.05391	0.00743	0.00208	0.00486	0.00951	0.00405	0.00623
9	0.01296	0.01021	0.01212	0.01048	0.01269	0.04048	0.05853	0.26736	0.01613	0.02135	0.05275	0.28083	0.02200	0.14399	0.00993	0.00249	0.00524	0.00935	0.00477	0.00633
10	0.00819	0.00579	0.00749	0.03241	0.00840	0.00589	0.02378	0.00866	0.00875	0.01164	0.01940	0.06223	0.07046	0.53030	0.11734	0.05764	0.00641	0.00799	0.00340	0.00382
11	0.01531	0.01547	0.01383	0.01289	0.04600	0.23525	0.00964	0.08459	0.24590	0.01893	0.01531	0.04404	0.01287	0.00980	0.06263	0.00223	0.05883	0.03050	0.00411	0.06187
12	0.21399	0.10687	0.06940	0.05960	0.01741	0.06639	0.10862	0.11946	0.02807	0.02027	0.01183	0.01444	0.02636	0.00980	0.09230	0.00248	0.00742	0.01499	0.00340	0.00689
13	0.01412	0.03116	0.03262	0.02226	0.01432	0.09829	0.02305	0.08248	0.09228	0.08510	0.01385	0.03792	0.01163	0.04512	0.12988	0.00287	0.07840	0.00519	0.00386	0.17562
14	0.05246	0.02819	0.01227	0.07484	0.09942	0.06265	0.04250	0.04719	0.01256	0.01691	0.08227	0.18010	0.11638	0.08066	0.00790	0.00212	0.00512	0.02729	0.00408	0.04510

[dist]
# distance from previous block
# <min> <max>
11	31

[block]
# block no. 2 follows, 43 sequences, length 48
# corresponding to MSA columns:
# 101-148
name=unknown_C
#
# <colnr> <probs for GDERKNQSTAVLIFYWHMCP>
#	G	D	E	R	K	N	Q	S	T	A	V	L	I	F	Y	W	H	M	C	P
0	0.37996	0.08614	0.01313	0.01046	0.05182	0.06866	0.00805	0.11231	0.05221	0.04327	0.01061	0.03109	0.00857	0.00569	0.00427	0.00156	0.00517	0.00399	0.00376	0.09929
1	0.01868	0.00921	0.02701	0.00976	0.01303	0.00833	0.00804	0.06423	0.06061	0.44470	0.06286	0.08195	0.01975	0.05075	0.00716	0.00205	0.00470	0.09318	0.00606	0.00795
2	0.01166	0.01010	0.01233	0.01020	0.07174	0.00783	0.00737	0.01418	0.01157	0.01805	0.00989	0.01166	0.00825	0.00417	0.00421	0.00088	0.00429	0.00341	0.00324	0.77498
3	0.00766	0.00563	0.00717	0.00684	0.00818	0.00514	0.00511	0.01008	0.01517	0.02113	0.66347	0.06718	0.13297	0.01182	0.00655	0.00177	0.00265	0.01039	0.00596	0.00514
4	0.00773	0.00620	0.00790	0.00809	0.00910	0.02840	0.02616	0.00928	0.01150	0.01526	0.14615	0.36938	0.13169	0.04857	0.14448	0.00337	0.00556	0.01166	0.00471	0.00481
5	0.00805	0.00596	0.00755	0.00715	0.00855	0.00563	0.00536	0.01124	0.05519	0.02162	0.66653	0.06581	0.08744	0.01146	0.00650	0.00177	0.00274	0.01009	0.00599	0.00536
6	0.05874	0.00994	0.01111	0.00980	0.01255	0.01069	0.00779	0.13622	0.26356	0.08671	0.18737	0.02855	0.04642	0.03112	0.00653	0.00195	0.00433	0.07367	0.00558	0.00738
7	0.00784	0.00566	0.00740	0.00697	0.00827	0.00523	0.00523	0.01045	0.01568	0.02221	0.76789	0.04137	0.05226	0.01132	0.00653	0.00174	0.00261	0.01002	0.00610	0.00523
8	0.00797	0.00571	0.00778	0.00778	0.00838	0.00631	0.00553	0.00917	0.00857	0.01203	0.01586	0.02743	0.01631	0.34041	0.48791	0.00752	0.01113	0.00676	0.00312	0.00432
9	0.00791	0.00593	0.00890	0.00890	0.00989	0.00692	0.00692	0.00989	0.00890	0.01286	0.01483	0.02176	0.01385	0.04154	0.78341	0.00890	0.01483	0.00593	0.00297	0.00494
10	0.01111	0.02865	0.77667	0.01579	0.02397	0.01286	0.02046	0.01754	0.01169	0.01754	0.00994	0.01169	0.00702	0.00526	0.00526	0.00175	0.00818	0.00409	0.00234	0.00818
11	0.02365	0.00969	0.01282	0.01001	0.01417	0.00875	0.00821	0.02725	0.09662	0.69317	0.02192	0.01905	0.01406	0.00693	0.00558	0.00173	0.00468	0.00564	0.00672	0.00935
12	0.00675	0.00482	0.00643	0.00771	0.00803	0.00450	0.00514	0.00771	0.01060	0.01414	0.03053	0.80175	0.03663	0.01735	0.00707	0.00225	0.00321	0.01574	0.00514	0.00450
13	0.01032	0.00516	0.00516	0.00516	0.00645	0.00516	0.00387	0.01290	0.01161	0.02065	0.01807	0.02065	0.01420	0.00645	0.00387	0.00129	0.00258	0.00516	0.83611	0.00516
14	0.08321	0.01007	0.01133	0.00824	0.01302	0.00807	0.00662	0.03363	0.01169	0.01908	0.00975	0.01132	0.00805	0.00426	0.00408	0.00092	0.00417	0.00330	0.00335	0.74583
15	0.01481	0.80869	0.02902	0.00948	0.01421	0.02191	0.00948	0.01658	0.01125	0.01303	0.00770	0.00888	0.00711	0.00474	0.00355	0.00118	0.00592	0.00296	0.00237	0.00711
16	0.02105	0.01551	0.01662	0.01274	0.01717	0.01717	0.01053	0.75235	0.02604	0.03490	0.01330	0.01330	0.00942	0.00665	0.00554	0.00166	0.00609	0.00499	0.00554	0.00942
17	0.01371	0.01316	0.02248	0.03399	0.77081	0.01316	0.01700	0.01700	0.01261	0.01809	0.01042	0.01371	0.00877	0.00493	0.00548	0.00164	0.00658	0.00493	0.00274	0.00877
18	0.04619	0.01498	0.01367	0.01237	0.01371	0.27050	0.00970	0.01529	0.01102	0.01362	0.01008	0.01478	0.00940	0.05084	0.20784	0.00383	0.26884	0.00476	0.00279	0.00578
19	0.00805	0.00537	0.00604	0.00604	0.00604	0.00537	0.00336	0.00805	0.00805	0.01074	0.01745	0.03624	0.02013	0.80536	0.02819	0.00537	0.00537	0.00805	0.00336	0.00336
20	0.00704	0.00549	0.00631	0.00639	0.00776	0.00484	0.00464	0.00869	0.01306	0.01690	0.27058	0.17064	0.39884	0.04458	0.00747	0.00203	0.00291	0.01169	0.00537	0.00477
21	0.01026	0.00769	0.00872	0.00838	0.01035	0.00780	0.00631	0.05353	0.19764	0.05802	0.09886	0.23569	0.23298	0.01232	0.00638	0.00196	0.00361	0.02785	0.00546	0.00619
22	0.01292	0.01245	0.02062	0.15350	0.52791	0.01365	0.01593	0.01593	0.01168	0.01667	0.00981	0.01362	0.00830	0.00581	0.00758	0.00181	0.13635	0.00492	0.00264	0.00790
23	0.01307	0.01494	0.03268	0.02334	0.02894	0.01401	0.75070	0.01774	0.01307	0.01774	0.01120	0.01494	0.00840	0.00467	0.00654	0.00187	0.00934	0.00654	0.00280	0.00747
24	0.00693	0.00495	0.00664	0.00792	0.00833	0.00466	0.00546	0.00803	0.01079	0.01435	0.03042	0.73873	0.03622	0.01718	0.00712	0.00227	0.00337	0.07693	0.00514	0.00455
25	0.00881	0.00768	0.01274	0.01371	0.12359	0.00727	0.11734	0.01087	0.01191	0.01615	0.10344	0.44933	0.06893	0.01283	0.00667	0.00203	0.00453	0.01197	0.00454	0.00565
26	0.01247	0.03011	0.01237	0.00895	0.01358	0.00925	0.00719	0.06049	0.12055	0.01967	0.01183	0.01285	0.00951	0.00476	0.00440	0.00103	0.00431	0.00381	0.00373	0.64914
27	0.02097	0.00995	0.01253	0.01009	0.01391	0.00957	0.00817	0.04623	0.19721	0.52401	0.06926	0.02057	0.01682	0.00729	0.00565	0.00175	0.00454	0.00600	0.00647	0.00900
28	0.00822	0.00595	0.00772	0.00759	0.00797	0.00659	0.00519	0.00904	0.00840	0.01169	0.01590	0.02942	0.01704	0.47150	0.31512	0.00655	0.05177	0.00707	0.00316	0.00411
29	0.01292	0.10337	0.18558	0.07083	0.33020	0.01359	0.05303	0.06034	0.01316	0.01827	0.05218	0.01562	0.03536	0.00575	0.00537	0.00166	0.00668	0.00511	0.00302	0.00794
30	0.01216	0.03295	0.05528	0.25603	0.13605	0.02664	0.09499	0.01568	0.03246	0.08159	0.06350	0.06248	0.09182	0.00735	0.00581	0.00179	0.00624	0.00667	0.00365	0.00688
31	0.02155	0.00868	0.01162	0.00924	0.01297	0.00751	0.00750	0.02356	0.01522	0.63579	0.04556	0.06968	0.08888	0.00829	0.00578	0.00176	0.00438	0.00689	0.00657	0.00856
32	0.01643	0.01192	0.03939	0.01249	0.07395	0.01031	0.05158	0.15001	0.01526	0.18948	0.01326	0.01383	0.00966	0.00531	0.00497	0.00132	0.00522	0.00444	0.00438	0.36678
33	0.01491	0.03611	0.16225	0.01366	0.05603	0.08842	0.05165	0.13655	0.01454	0.06729	0.01215	0.01353	0.02855	0.00582	0.00599	0.00150	0.06249	0.00447	0.00356	0.22051
34	0.00674	0.00516	0.00620	0.00702	0.00793	0.00462	0.00491	0.00791	0.01141	0.01451	0.03986	0.50526	0.30470	0.01607	0.00689	0.00212	0.00312	0.03584	0.00514	0.00458
35	0.00840	0.00611	0.00824	0.00927	0.01053	0.00595	0.00784	0.01069	0.01272	0.01651	0.07636	0.12392	0.11756	0.01509	0.00741	0.00240	0.00453	0.54629	0.00517	0.00501
36	0.01312	0.29440	0.43895	0.01448	0.06306	0.03427	0.01594	0.01754	0.01180	0.03591	0.00948	0.01099	0.00733	0.00512	0.00469	0.00154	0.00727	0.00378	0.00250	0.00784
37	0.00727	0.00577	0.00655	0.00639	0.00801	0.00513	0.00478	0.00952	0.03364	0.01808	0.34184	0.07679	0.43063	0.01289	0.00654	0.00183	0.00279	0.01103	0.00554	0.00500
38	0.01171	0.03903	0.28922	0.03935	0.11978	0.01256	0.21953	0.01637	0.03053	0.01715	0.03436	0.03056	0.05074	0.00652	0.00666	0.02656	0.03328	0.00575	0.00291	0.00742
39	0.00748	0.00517	0.00640	0.00709	0.00732	0.00501	0.00454	0.00809	0.00955	0.01271	0.02442	0.40451	0.02873	0.38101	0.01685	0.00371	0.00432	0.05477	0.00431	0.00401
40	0.00891	0.00591	0.00732	0.00682	0.00834	0.00535	0.00506	0.01098	0.01431	0.07778	0.48892	0.04159	0.19408	0.09006	0.00860	0.00212	0.00309	0.00982	0.00569	0.00525
41	0.01148	0.00984	0.01148	0.00820	0.01312	0.00738	0.00656	0.01395	0.01148	0.01805	0.00984	0.01148	0.00820	0.00410	0.00410	0.00082	0.00410	0.00328	0.00328	0.83922
42	0.00794	0.00584	0.00843	0.00843	0.00926	0.00667	0.00634	0.00959	0.00876	0.01251	0.01526	0.02414	0.01488	0.16710	0.65927	0.00832	0.01328	0.00628	0.00303	0.00468
43	0.84448	0.01071	0.00814	0.00728	0.01071	0.01242	0.00600	0.01628	0.00943	0.02485	0.00771	0.00900	0.00600	0.00514	0.00343	0.00171	0.00428	0.00300	0.00343	0.00600
44	0.01371	0.01316	0.02248	0.03399	0.77081	0.01316	0.01700	0.01700	0.01261	0.01809	0.01042	0.01371	0.00877	0.00493	0.00548	0.00164	0.00658	0.00493	0.00274	0.00877
45	0.02485	0.00943	0.01285	0.00985	0.01414	0.00814	0.00814	0.02699	0.01585	0.77465	0.02185	0.01885	0.01371	0.00685	0.00557	0.00171	0.00471	0.00557	0.00685	0.00943
46	0.01575	0.01357	0.01802	0.01645	0.11354	0.01499	0.10877	0.24300	0.29004	0.02462	0.01559	0.01617	0.01178	0.00671	0.00662	0.00182	0.06370	0.00564	0.00463	0.00859
47	0.01309	0.01073	0.01165	0.01060	0.01322	0.01230	0.00812	0.02578	0.63693	0.02094	0.02042	0.02003	0.01571	0.00944	0.00827	0.13946	0.00445	0.00602	0.00510	0.00772

[dist]
# distance from previous block
# <min> <max>
0	1

[block]
# block no. 3 follows, 43 sequences, length 33
# corresponding to MSA columns:
# 150-182
name=unknown_D
#
# <colnr> <probs for GDERKNQSTAVLIFYWHMCP>
#	G	D	E	R	K	N	Q	S	T	A	V	L	I	F	Y	W	H	M	C	P
0	0.01284	0.01108	0.01366	0.03798	0.15594	0.01214	0.00987	0.05997	0.41933	0.02197	0.12172	0.02337	0.06035	0.00779	0.00577	0.00180	0.00465	0.00671	0.00503	0.00802
1	0.01426	0.11422	0.09847	0.04960	0.16550	0.21196	0.09792	0.01752	0.03837	0.01572	0.01312	0.10090	0.02522	0.00678	0.00542	0.00166	0.00738	0.00581	0.00309	0.00709
2	0.01658	0.03083	0.03842	0.01275	0.04705	0.04904	0.05991	0.25752	0.03631	0.11016	0.01359	0.04079	0.01062	0.00802	0.04505	0.00189	0.02472	0.00509	0.00440	0.18725
3	0.01501	0.59785	0.09370	0.01161	0.04650	0.09952	0.01087	0.01770	0.03731	0.01404	0.00861	0.00985	0.00750	0.00499	0.00401	0.00130	0.00652	0.00332	0.00254	0.00726
4	0.84448	0.01071	0.00814	0.00728	0.01071	0.01242	0.00600	0.01628	0.00943	0.02485	0.00771	0.00900	0.00600	0.00514	0.00343	0.00171	0.00428	0.00300	0.00343	0.00600
5	0.04137	0.01555	0.04855	0.01791	0.20399	0.06046	0.01222	0.39225	0.10599	0.02712	0.01308	0.01387	0.00979	0.00617	0.00543	0.00167	0.00628	0.00494	0.00451	0.00886
6	0.00714	0.00522	0.00689	0.00760	0.00821	0.00518	0.00528	0.00829	0.01015	0.01357	0.02813	0.46081	0.10559	0.10365	0.19288	0.00410	0.00614	0.01221	0.00444	0.00451
7	0.01347	0.03488	0.12831	0.19758	0.06109	0.01260	0.01228	0.15336	0.11456	0.05887	0.01877	0.03468	0.10281	0.00734	0.00590	0.00179	0.02415	0.00600	0.00405	0.00753
8	0.00805	0.00537	0.00604	0.00604	0.00604	0.00537	0.00336	0.00805	0.00805	0.01074	0.01745	0.03624	0.02013	0.80536	0.02819	0.00537	0.00537	0.00805	0.00336	0.00336
9	0.01427	0.44431	0.24819	0.01269	0.01828	0.10422	0.05634	0.01755	0.01199	0.01469	0.00866	0.01019	0.00716	0.00500	0.00439	0.00142	0.00725	0.00357	0.00244	0.00737
10	0.01032	0.00516	0.00516	0.00516	0.00645	0.00516	0.00387	0.01290	0.01161	0.02065	0.01807	0.02065	0.01420	0.00645	0.00387	0.00129	0.00258	0.00516	0.83611	0.00516
11	0.01307	0.01494	0.03268	0.02334	0.02894	0.01401	0.75070	0.01774	0.01307	0.01774	0.01120	0.01494	0.00840	0.00467	0.00654	0.00187	0.00934	0.00654	0.00280	0.00747
12	0.01212	0.01212	0.01696	0.01454	0.01454	0.01696	0.01212	0.01333	0.00848	0.01333	0.00727	0.01212	0.00727	0.00969	0.01818	0.00242	0.79523	0.00485	0.00242	0.00606
13	0.84448	0.01071	0.00814	0.00728	0.01071	0.01242	0.00600	0.01628	0.00943	0.02485	0.00771	0.00900	0.00600	0.00514	0.00343	0.00171	0.00428	0.00300	0.00343	0.00600
14	0.01408	0.01306	0.06206	0.01167	0.01641	0.06452	0.10444	0.03774	0.01275	0.10039	0.01122	0.01272	0.00867	0.00500	0.00542	0.00125	0.04305	0.00414	0.00354	0.46786
15	0.00967	0.00808	0.00918	0.05420	0.01197	0.00850	0.00677	0.01656	0.28083	0.01946	0.20281	0.07494	0.25373	0.01075	0.00618	0.00186	0.00362	0.00917	0.00538	0.00634
16	0.01111	0.02865	0.77667	0.01579	0.02397	0.01286	0.02046	0.01754	0.01169	0.01754	0.00994	0.01169	0.00702	0.00526	0.00526	0.00175	0.00818	0.00409	0.00234	0.00818
17	0.01032	0.00516	0.00516	0.00516	0.00645	0.00516	0.00387	0.01290	0.01161	0.02065	0.01807	0.02065	0.01420	0.00645	0.00387	0.00129	0.00258	0.00516	0.83611	0.00516
18	0.01224	0.02322	0.49144	0.01824	0.02539	0.01311	0.27561	0.01792	0.01231	0.04225	0.01077	0.01306	0.00772	0.00511	0.00572	0.00179	0.00848	0.00500	0.00265	0.00798
19	0.21170	0.00972	0.01178	0.00927	0.01336	0.00912	0.00765	0.02455	0.01439	0.60371	0.01863	0.01660	0.01195	0.00646	0.00508	0.00171	0.00461	0.00498	0.00607	0.00864
20	0.02069	0.02640	0.01569	0.01427	0.01712	0.78313	0.01070	0.02212	0.01569	0.01355	0.00856	0.00999	0.00713	0.00571	0.00499	0.00143	0.00999	0.00357	0.00285	0.00642
21	0.00905	0.00740	0.00831	0.00829	0.01029	0.00744	0.00662	0.01442	0.20206	0.01787	0.08259	0.04667	0.34943	0.01254	0.00659	0.00204	0.00378	0.19345	0.00531	0.00585
22	0.00738	0.00581	0.00761	0.00761	0.00895	0.00604	0.00586	0.00913	0.01036	0.01368	0.03101	0.03412	0.30974	0.03075	0.47884	0.00614	0.01012	0.00819	0.00382	0.00484
23	0.01212	0.01212	0.01696	0.01454	0.01454	0.01696	0.01212	0.01333	0.00848	0.01333	0.00727	0.01212	0.00727	0.00969	0.01818	0.00242	0.79523	0.00485	0.00242	0.00606
24	0.02342	0.00931	0.01234	0.00957	0.01359	0.00826	0.00787	0.05668	0.01591	0.67712	0.02115	0.01877	0.01357	0.00681	0.00542	0.00167	0.00458	0.00551	0.07939	0.00905
25	0.01032	0.00516	0.00516	0.00516	0.00645	0.00516	0.00387	0.01290	0.01161	0.02065	0.01807	0.02065	0.01420	0.00645	0.00387	0.00129	0.00258	0.00516	0.83611	0.00516
26	0.01555	0.00793	0.01019	0.00856	0.01133	0.00735	0.00678	0.03988	0.06888	0.33050	0.35725	0.03037	0.06325	0.00920	0.00605	0.00174	0.00371	0.00785	0.00632	0.00729
27	0.01090	0.00674	0.00813	0.00728	0.00942	0.00608	0.00562	0.04767	0.01503	0.14865	0.34039	0.05657	0.29329	0.01141	0.00634	0.00179	0.00322	0.00972	0.00585	0.00594
28	0.01191	0.11402	0.66347	0.01503	0.02262	0.04552	0.01886	0.01762	0.01181	0.01688	0.00964	0.01131	0.00703	0.00522	0.00506	0.00168	0.00801	0.00395	0.00236	0.00799
29	0.01786	0.00885	0.01102	0.00899	0.01231	0.00817	0.00728	0.11549	0.01643	0.39904	0.13309	0.02938	0.16981	0.00912	0.00595	0.00177	0.00423	0.02728	0.00619	0.00776
30	0.00706	0.00563	0.00632	0.00615	0.00779	0.00489	0.00461	0.00894	0.01383	0.01782	0.33704	0.04859	0.48585	0.01296	0.00654	0.00182	0.00273	0.01103	0.00552	0.00489
31	0.07902	0.08908	0.28621	0.13185	0.06684	0.01440	0.08603	0.01610	0.01100	0.01654	0.00923	0.01219	0.00728	0.00594	0.00739	0.00183	0.14490	0.00444	0.00253	0.00720
32	0.01453	0.54063	0.13071	0.03737	0.01647	0.09213	0.01114	0.03783	0.01221	0.01446	0.01039	0.01160	0.03963	0.00538	0.00418	0.00135	0.00655	0.00367	0.00262	0.00712

[dist]
# distance from previous block
# <min> <max>
0	1

[block]
# block no. 4 follows, 43 sequences, length 31
# corresponding to MSA columns:
# 184-214
name=unknown_E
#
# <colnr> <probs for GDERKNQSTAVLIFYWHMCP>
#	G	D	E	R	K	N	Q	S	T	A	V	L	I	F	Y	W	H	M	C	P
0	0.01066	0.04913	0.11419	0.19097	0.08349	0.01050	0.05410	0.01347	0.01127	0.04803	0.01723	0.28078	0.01768	0.00972	0.00687	0.00196	0.06153	0.00851	0.00358	0.00633
1	0.01201	0.06123	0.01220	0.01162	0.08562	0.01003	0.00818	0.01848	0.25700	0.08205	0.11470	0.15203	0.08656	0.01009	0.00602	0.00188	0.00424	0.05388	0.00514	0.00703
2	0.01082	0.01034	0.01788	0.69983	0.08599	0.01245	0.05586	0.01454	0.01129	0.01461	0.00996	0.01471	0.00753	0.00545	0.00559	0.00183	0.00744	0.00501	0.00250	0.00640
3	0.00676	0.00490	0.00639	0.00754	0.00800	0.00453	0.00508	0.00780	0.01088	0.01441	0.05147	0.72819	0.08970	0.01696	0.00702	0.00221	0.00317	0.01530	0.00517	0.00453
4	0.06252	0.17366	0.25482	0.01447	0.05442	0.19554	0.05759	0.01928	0.01296	0.09098	0.01033	0.01160	0.00783	0.00537	0.00488	0.00156	0.00761	0.00402	0.00302	0.00755
5	0.00836	0.00602	0.00803	0.00856	0.00980	0.00582	0.00703	0.01071	0.01347	0.01809	0.28838	0.05295	0.07789	0.06337	0.00849	0.00241	0.00412	0.39614	0.00534	0.00501
6	0.00911	0.00599	0.00755	0.00697	0.00865	0.00538	0.00530	0.01145	0.01513	0.08751	0.57027	0.04158	0.18123	0.01143	0.00645	0.00176	0.00283	0.00993	0.00599	0.00550
7	0.02158	0.01139	0.01331	0.01070	0.01466	0.04176	0.00866	0.10875	0.19675	0.47964	0.02052	0.01831	0.01373	0.00694	0.00556	0.00174	0.00500	0.00559	0.00625	0.00914
8	0.01032	0.00516	0.00516	0.00516	0.00645	0.00516	0.00387	0.01290	0.01161	0.02065	0.01807	0.02065	0.01420	0.00645	0.00387	0.00129	0.00258	0.00516	0.83611	0.00516
9	0.00892	0.00637	0.00892	0.01020	0.01147	0.00637	0.00892	0.01147	0.01275	0.01657	0.02932	0.06247	0.03187	0.01530	0.00765	0.00255	0.00510	0.73354	0.00510	0.00510
10	0.00655	0.00561	0.00561	0.00561	0.00748	0.00468	0.00421	0.00795	0.01262	0.01496	0.05610	0.05330	0.76857	0.01403	0.00655	0.00187	0.00281	0.01169	0.00514	0.00468
11	0.01137	0.01083	0.01837	0.43586	0.14926	0.01247	0.09036	0.01535	0.04404	0.01570	0.01218	0.01892	0.01028	0.00658	0.00668	0.00192	0.06052	0.06967	0.00291	0.00672
12	0.01573	0.63117	0.05903	0.01063	0.01517	0.16132	0.01018	0.01764	0.01209	0.01332	0.00795	0.00921	0.00711	0.00494	0.00389	0.00125	0.00677	0.00312	0.00246	0.00703
13	0.02069	0.02640	0.01569	0.01427	0.01712	0.78313	0.01070	0.02212	0.01569	0.01355	0.00856	0.00999	0.00713	0.00571	0.00499	0.00143	0.00999	0.00357	0.00285	0.00642
14	0.01045	0.00915	0.01296	0.36905	0.02337	0.01061	0.01089	0.09034	0.01287	0.01657	0.02385	0.06918	0.20934	0.00919	0.00704	0.00193	0.07335	0.03018	0.00372	0.00598
15	0.01189	0.01115	0.01001	0.04348	0.01232	0.17994	0.00746	0.06261	0.01350	0.03259	0.06071	0.15705	0.14434	0.10768	0.00894	0.00233	0.00559	0.11855	0.00440	0.00546
16	0.01148	0.00984	0.01148	0.00820	0.01312	0.00738	0.00656	0.01395	0.01148	0.01805	0.00984	0.01148	0.00820	0.00410	0.00410	0.00082	0.00410	0.00328	0.00328	0.83922
17	0.01233	0.01266	0.04196	0.27367	0.30609	0.01290	0.17321	0.01665	0.04474	0.01705	0.02805	0.01519	0.00954	0.00534	0.00575	0.00177	0.00729	0.00542	0.00285	0.00755
18	0.01280	0.34945	0.42142	0.01291	0.01936	0.01665	0.01521	0.01787	0.05738	0.01602	0.00979	0.01108	0.00766	0.00518	0.00458	0.00153	0.00702	0.00376	0.00255	0.00778
19	0.02308	0.00916	0.01227	0.00956	0.01360	0.00799	0.00785	0.02549	0.03223	0.69382	0.04144	0.02153	0.06085	0.00741	0.00565	0.00173	0.00454	0.00606	0.00671	0.00902
20	0.00825	0.00571	0.00727	0.00795	0.00851	0.00568	0.00585	0.00941	0.01029	0.01354	0.02389	0.13950	0.02694	0.38647	0.01722	0.00384	0.00500	0.30619	0.00429	0.00421
21	0.01045	0.01007	0.01490	0.03788	0.01484	0.04147	0.10859	0.01236	0.01005	0.01398	0.01554	0.11538	0.05471	0.03217	0.20243	0.00389	0.28541	0.00708	0.00313	0.00567
22	0.05823	0.01218	0.01889	0.35602	0.38280	0.04625	0.01543	0.01596	0.01191	0.01658	0.00994	0.01374	0.00795	0.00524	0.00537	0.00173	0.00695	0.00476	0.00266	0.00740
23	0.01032	0.00516	0.00516	0.00516	0.00645	0.00516	0.00387	0.01290	0.01161	0.02065	0.01807	0.02065	0.01420	0.00645	0.00387	0.00129	0.00258	0.00516	0.83611	0.00516
24	0.02264	0.01029	0.01308	0.01026	0.01434	0.00973	0.00840	0.10618	0.10654	0.58281	0.04138	0.01908	0.01468	0.00703	0.00560	0.00173	0.00477	0.00571	0.00654	0.00923
25	0.01322	0.01371	0.07502	0.16942	0.52147	0.01316	0.01635	0.04580	0.04469	0.01821	0.01091	0.01404	0.00876	0.00525	0.00549	0.00170	0.00673	0.00493	0.00289	0.00828
26	0.01248	0.05389	0.28644	0.02016	0.02661	0.01396	0.46947	0.01762	0.01252	0.01747	0.01062	0.01357	0.00787	0.00487	0.00597	0.00180	0.00880	0.00555	0.00262	0.00770
27	0.01148	0.01129	0.01299	0.01171	0.01239	0.10794	0.00928	0.01280	0.00977	0.01334	0.01307	0.05213	0.04095	0.08687	0.16824	0.00379	0.38392	0.00594	0.02661	0.00549
28	0.40138	0.01610	0.01220	0.01049	0.01398	0.23884	0.00834	0.15306	0.01470	0.07038	0.00987	0.01069	0.00744	0.00569	0.00441	0.00162	0.00631	0.00369	0.00386	0.00696
29	0.00748	0.00614	0.02836	0.00680	0.00810	0.00522	0.00506	0.00922	0.01280	0.01716	0.33344	0.14215	0.23547	0.14597	0.01021	0.00245	0.00336	0.01071	0.00515	0.00475
30	0.01252	0.19512	0.51162	0.03978	0.04341	0.05436	0.01705	0.01773	0.02999	0.01641	0.00970	0.01138	0.00734	0.00523	0.00490	0.00162	0.00763	0.00393	0.00247	0.00783

[dist]
# distance from previous block
# <min> <max>
1	4

[block]
# block no. 5 follows, 43 sequences, length 48
# corresponding to MSA columns:
# 219-266
name=unknown_F
#
# <colnr> <probs for GDERKNQSTAVLIFYWHMCP>
#	G	D	E	R	K	N	Q	S	T	A	V	L	I	F	Y	W	H	M	C	P
0	0.01287	0.31252	0.40306	0.01286	0.01909	0.01619	0.01491	0.04234	0.05999	0.01668	0.01020	0.01162	0.00799	0.00644	0.02986	0.00178	0.00726	0.00391	0.00269	0.00776
1	0.01201	0.00971	0.01306	0.04042	0.19023	0.01010	0.00954	0.16184	0.07025	0.02041	0.07272	0.27982	0.04344	0.03211	0.00676	0.00199	0.00481	0.00927	0.00463	0.00689
2	0.00655	0.00561	0.00561	0.00561	0.00748	0.00468	0.00421	0.00795	0.01262	0.01496	0.05610	0.05330	0.76857	0.01403	0.00655	0.00187	0.00281	0.01169	0.00514	0.00468
3	0.01289	0.01500	0.05752	0.02332	0.08197	0.01364	0.64846	0.01738	0.01283	0.01754	0.01129	0.01539	0.00874	0.02937	0.00708	0.00196	0.00897	0.00638	0.00280	0.00746
4	0.01440	0.01406	0.02185	0.03201	0.69719	0.06079	0.01638	0.04380	0.01328	0.01842	0.01041	0.01346	0.00869	0.00504	0.00545	0.00163	0.00677	0.00485	0.00285	0.00865
5	0.01032	0.00516	0.00516	0.00516	0.00645	0.00516	0.00387	0.01290	0.01161	0.02065	0.01807	0.02065	0.01420	0.00645	0.00387	0.00129	0.00258	0.00516	0.83611	0.00516
6	0.00859	0.00584	0.00788	0.00780	0.00854	0.00629	0.00558	0.00984	0.00914	0.03947	0.04090	0.02903	0.01802	0.33532	0.41615	0.00687	0.01014	0.02668	0.00342	0.00450
7	0.04612	0.39387	0.09628	0.01136	0.01613	0.07260	0.01080	0.23458	0.03582	0.02065	0.01003	0.01086	0.00800	0.00551	0.00446	0.00144	0.00638	0.00380	0.00346	0.00785
8	0.21424	0.01439	0.01463	0.01146	0.01566	0.01606	0.00946	0.57965	0.02214	0.03254	0.01199	0.01229	0.00862	0.00629	0.00504	0.00167	0.00567	0.00452	0.00504	0.00862
9	0.07460	0.08565	0.04091	0.01048	0.04104	0.04716	0.00840	0.11906	0.04301	0.01997	0.01214	0.07072	0.01068	0.00712	0.03075	0.00155	0.00538	0.00470	0.00367	0.36299
10	0.01209	0.01217	0.01740	0.11491	0.01809	0.03014	0.03645	0.01374	0.00909	0.01358	0.00775	0.01251	0.00732	0.00892	0.01593	0.00231	0.65411	0.00489	0.00245	0.00612
11	0.76237	0.01082	0.00876	0.00765	0.01117	0.01235	0.00631	0.04596	0.01047	0.07066	0.00879	0.00976	0.00660	0.00530	0.00364	0.00171	0.00438	0.00323	0.00372	0.00634
12	0.09085	0.01015	0.02490	0.01141	0.06942	0.00962	0.00853	0.09186	0.06639	0.38455	0.06660	0.08534	0.03992	0.00794	0.00559	0.00177	0.00467	0.00658	0.00572	0.00819
13	0.01191	0.10423	0.67887	0.01498	0.02270	0.01359	0.01899	0.01775	0.01178	0.04164	0.01011	0.01165	0.00724	0.00526	0.00510	0.00170	0.00785	0.00403	0.00249	0.00812
14	0.00675	0.00482	0.00643	0.00771	0.00803	0.00450	0.00514	0.00771	0.01060	0.01414	0.03053	0.80175	0.03663	0.01735	0.00707	0.00225	0.00321	0.01574	0.00514	0.00450
15	0.00682	0.00489	0.00649	0.00775	0.00814	0.00457	0.00525	0.00784	0.01072	0.01424	0.03107	0.75968	0.05336	0.01721	0.00708	0.00225	0.00327	0.03973	0.00514	0.00452
16	0.01371	0.01316	0.02248	0.03399	0.77081	0.01316	0.01700	0.01700	0.01261	0.01809	0.01042	0.01371	0.00877	0.00493	0.00548	0.00164	0.00658	0.00493	0.00274	0.00877
17	0.00908	0.00679	0.00834	0.00832	0.00976	0.00678	0.01788	0.01334	0.15943	0.04471	0.15431	0.36815	0.11983	0.03770	0.00722	0.00212	0.00351	0.01169	0.00537	0.00567
18	0.01810	0.01571	0.01410	0.01214	0.01459	0.28343	0.00962	0.03188	0.01373	0.22023	0.01672	0.01745	0.08352	0.00861	0.02607	0.00196	0.19575	0.00529	0.00411	0.00699
19	0.68041	0.01054	0.00981	0.16167	0.01611	0.01240	0.00784	0.01586	0.00975	0.02274	0.00813	0.01013	0.00627	0.00522	0.00384	0.00174	0.00489	0.00338	0.00324	0.00603
20	0.01182	0.20108	0.45833	0.16708	0.02456	0.01480	0.01698	0.01666	0.01147	0.01585	0.00941	0.01166	0.00711	0.00520	0.00493	0.00164	0.00752	0.00400	0.00237	0.00754
21	0.01906	0.01373	0.18648	0.01195	0.04449	0.00945	0.01104	0.04688	0.02735	0.45301	0.06721	0.05387	0.01545	0.00719	0.00563	0.00175	0.00541	0.00595	0.00548	0.00861
22	0.01514	0.01475	0.01315	0.01186	0.01494	0.16513	0.00915	0.02799	0.61422	0.02128	0.01979	0.01856	0.01498	0.00716	0.00551	0.00179	0.00549	0.00573	0.00509	0.00830
23	0.01293	0.01343	0.03513	0.01831	0.16384	0.06227	0.02994	0.02833	0.01031	0.01491	0.00906	0.04040	0.00866	0.00851	0.01369	0.00216	0.51355	0.00520	0.00267	0.00670
24	0.02043	0.00919	0.01129	0.00913	0.01254	0.02785	0.00736	0.07819	0.01545	0.50161	0.02067	0.06879	0.01478	0.00740	0.00531	0.00165	0.00444	0.00605	0.16968	0.00819
25	0.00767	0.00584	0.00739	0.00773	0.00902	0.00507	0.00539	0.00895	0.01085	0.01494	0.02736	0.61972	0.05701	0.01463	0.00647	0.00195	0.00337	0.01315	0.00478	0.16872
26	0.01108	0.01409	0.16611	0.60221	0.03435	0.03225	0.01615	0.03133	0.01164	0.01526	0.00991	0.01401	0.00735	0.00551	0.00547	0.00181	0.00758	0.00473	0.00251	0.00663
27	0.01411	0.00976	0.01175	0.00853	0.01332	0.00753	0.00687	0.01651	0.01234	0.16689	0.01221	0.01293	0.00929	0.00464	0.00439	0.00100	0.00422	0.00373	0.00398	0.67597
28	0.04435	0.01470	0.16430	0.06198	0.01838	0.01113	0.04556	0.13399	0.03779	0.14944	0.01283	0.01363	0.00925	0.00546	0.00504	0.00147	0.00579	0.00444	0.00406	0.25640
29	0.01129	0.01000	0.00917	0.00851	0.01039	0.15841	0.00648	0.01346	0.01514	0.06633	0.44084	0.03631	0.14385	0.01048	0.00621	0.00173	0.00432	0.03612	0.00533	0.00564
30	0.17808	0.03399	0.04196	0.01165	0.04266	0.01412	0.00922	0.12088	0.43989	0.02437	0.01708	0.01648	0.01283	0.00668	0.00511	0.00179	0.00486	0.00523	0.00487	0.00824
31	0.00776	0.00542	0.00596	0.00596	0.00632	0.00523	0.00352	0.00803	0.00895	0.01157	0.02505	0.03960	0.16737	0.64968	0.02393	0.00468	0.00486	0.00877	0.00371	0.00362
32	0.00734	0.00552	0.00559	0.00557	0.00731	0.00479	0.00418	0.00902	0.01254	0.01635	0.07559	0.04642	0.59302	0.01243	0.00602	0.00175	0.00275	0.01034	0.16865	0.00479
33	0.01148	0.00984	0.01148	0.00820	0.01312	0.00738	0.00656	0.01395	0.01148	0.01805	0.00984	0.01148	0.00820	0.00410	0.00410	0.00082	0.00410	0.00328	0.00328	0.83922
34	0.01345	0.01194	0.01340	0.01191	0.01443	0.01440	0.00943	0.02626	0.61280	0.02123	0.01954	0.01898	0.01501	0.00794	0.00810	0.00199	0.15997	0.00598	0.00500	0.00823
35	0.00766	0.00554	0.00604	0.00591	0.00751	0.00493	0.00443	0.00964	0.01330	0.01816	0.25298	0.04345	0.41451	0.01176	0.00602	0.00172	0.00271	0.00992	0.16889	0.00493
36	0.01345	0.01194	0.01340	0.01191	0.01443	0.01440	0.00943	0.02626	0.61280	0.02123	0.01954	0.01898	0.01501	0.00794	0.00810	0.00199	0.15997	0.00598	0.00500	0.00823
37	0.00763	0.00601	0.00722	0.00728	0.00890	0.00511	0.00519	0.00900	0.01129	0.01511	0.03290	0.45768	0.21547	0.01391	0.00635	0.00187	0.00329	0.01227	0.00478	0.16876
38	0.17803	0.65171	0.02491	0.00904	0.01353	0.02005	0.00879	0.01652	0.01089	0.01536	0.00770	0.00891	0.00689	0.00482	0.00353	0.00129	0.00560	0.00297	0.00258	0.00689
39	0.68041	0.01054	0.00981	0.16167	0.01611	0.01240	0.00784	0.01586	0.00975	0.02274	0.00813	0.01013	0.00627	0.00522	0.00384	0.00174	0.00489	0.00338	0.00324	0.00603
40	0.07506	0.04788	0.01697	0.16581	0.02096	0.03515	0.06281	0.32795	0.01825	0.14199	0.01307	0.01412	0.00929	0.00668	0.01809	0.00182	0.00648	0.00493	0.00455	0.00815
41	0.01539	0.01385	0.02878	0.02069	0.02603	0.01285	0.60462	0.01956	0.01362	0.16665	0.01330	0.01571	0.00945	0.00510	0.00635	0.00184	0.00843	0.00635	0.00360	0.00785
42	0.32992	0.00944	0.01006	0.07896	0.01317	0.03615	0.00756	0.01419	0.01107	0.04946	0.15924	0.01904	0.01713	0.03022	0.11822	0.00290	0.07825	0.00538	0.00382	0.00580
43	0.03449	0.03837	0.01909	0.36593	0.08697	0.05408	0.15796	0.03210	0.01262	0.01672	0.09075	0.04112	0.01332	0.00629	0.00573	0.00178	0.00705	0.00592	0.00313	0.00659
44	0.01321	0.01434	0.02871	0.02097	0.02608	0.01396	0.60474	0.02004	0.16017	0.01881	0.01343	0.01607	0.01008	0.00523	0.00636	0.00187	0.00836	0.00648	0.00336	0.00772
45	0.18098	0.01262	0.09939	0.01422	0.14965	0.01051	0.01056	0.02090	0.03608	0.31338	0.01459	0.01456	0.01014	0.00576	0.00496	0.00163	0.00529	0.00459	0.00457	0.08563
46	0.01756	0.01251	0.01377	0.01138	0.01493	0.01369	0.00910	0.36262	0.25228	0.10886	0.03176	0.09430	0.01563	0.00807	0.00574	0.00179	0.00507	0.00659	0.00568	0.00866
47	0.00818	0.16357	0.01025	0.00645	0.00883	0.00806	0.00528	0.00964	0.01227	0.01455	0.04557	0.07408	0.58990	0.01233	0.00598	0.00175	0.00343	0.01013	0.00460	0.00515

[dist]
# distance from previous block
# <min> <max>
0	1

[block]
# block no. 6 follows, 43 sequences, length 23
# corresponding to MSA columns:
# 268-290
name=unknown_G
#
# <colnr> <probs for GDERKNQSTAVLIFYWHMCP>
#	G	D	E	R	K	N	Q	S	T	A	V	L	I	F	Y	W	H	M	C	P
0	0.00730	0.00781	0.10318	0.00873	0.01003	0.00555	0.00707	0.00895	0.01074	0.01457	0.02794	0.70251	0.03291	0.01583	0.00684	0.00219	0.00384	0.01428	0.00479	0.00496
1	0.01331	0.01275	0.02176	0.12645	0.68146	0.01305	0.01680	0.01665	0.01242	0.01761	0.01035	0.01384	0.00860	0.00501	0.00549	0.00167	0.00668	0.00493	0.00271	0.00845
2	0.01560	0.54697	0.02407	0.01030	0.01468	0.17712	0.00936	0.01739	0.01220	0.01377	0.00815	0.00944	0.00725	0.00486	0.00392	0.00119	0.00653	0.00313	0.00258	0.11149
3	0.00701	0.00511	0.00664	0.00774	0.00824	0.00484	0.00524	0.00854	0.03645	0.01472	0.05353	0.72639	0.06144	0.01672	0.00699	0.00221	0.00322	0.01511	0.00519	0.00467
4	0.00818	0.00639	0.00970	0.00914	0.01005	0.00614	0.09828	0.00931	0.01001	0.01337	0.02284	0.35961	0.02628	0.32864	0.01542	0.00346	0.00494	0.04965	0.00414	0.00445
5	0.51380	0.01146	0.01077	0.00930	0.02645	0.01274	0.00740	0.15887	0.05049	0.11667	0.01148	0.01226	0.00848	0.02300	0.00477	0.00179	0.00475	0.00399	0.00434	0.00720
6	0.02858	0.02569	0.54602	0.01488	0.02172	0.10113	0.01734	0.12802	0.01434	0.03663	0.01051	0.01185	0.00752	0.00555	0.00525	0.00170	0.00793	0.00418	0.00299	0.00816
7	0.00732	0.00551	0.00676	0.00673	0.00802	0.00496	0.00494	0.00934	0.01404	0.01896	0.45785	0.16784	0.24142	0.01302	0.00662	0.00186	0.00276	0.01139	0.00569	0.00496
8	0.01067	0.00639	0.00862	0.00745	0.00928	0.00627	0.09768	0.01351	0.01180	0.02028	0.01720	0.01993	0.01347	0.00623	0.00421	0.00136	0.00343	0.00533	0.73144	0.00545
9	0.01462	0.01475	0.02237	0.07901	0.44315	0.10983	0.14568	0.01836	0.04041	0.04185	0.01110	0.01395	0.00886	0.00518	0.00562	0.00168	0.00741	0.00512	0.00299	0.00809
10	0.00998	0.00639	0.00778	0.00730	0.00908	0.00584	0.00548	0.02901	0.03355	0.11640	0.30659	0.15613	0.23933	0.03309	0.00702	0.00195	0.00323	0.01051	0.00569	0.00565
11	0.01429	0.00714	0.00912	0.00804	0.01048	0.00635	0.00619	0.01642	0.03082	0.31779	0.16910	0.16247	0.17418	0.03307	0.00682	0.00195	0.00370	0.00941	0.00596	0.00669
12	0.43836	0.01100	0.05061	0.00876	0.01229	0.01086	0.00748	0.07582	0.01208	0.19898	0.01182	0.01277	0.00858	0.00744	0.00648	0.10687	0.00480	0.00404	0.00421	0.00674
13	0.25635	0.20710	0.08863	0.01109	0.03788	0.09290	0.00974	0.05461	0.10643	0.07145	0.01118	0.01181	0.00862	0.00559	0.00438	0.00158	0.00583	0.00389	0.00360	0.00735
14	0.05808	0.01296	0.03840	0.28712	0.02345	0.05785	0.01189	0.15353	0.16019	0.02051	0.01293	0.01548	0.00996	0.00650	0.00625	0.00179	0.06022	0.01746	0.00379	0.04162
15	0.30462	0.07860	0.23549	0.02482	0.01729	0.03724	0.04224	0.10980	0.01298	0.05903	0.00995	0.01123	0.00737	0.00552	0.00486	0.00169	0.02258	0.00392	0.00338	0.00739
16	0.01200	0.06615	0.08121	0.06054	0.14683	0.01058	0.08152	0.01576	0.05164	0.03466	0.01378	0.08539	0.01200	0.00626	0.00507	0.00149	0.00546	0.00559	0.10794	0.19611
17	0.01489	0.00978	0.01309	0.01435	0.17046	0.00978	0.00928	0.02053	0.19844	0.22064	0.08834	0.02515	0.12284	0.00978	0.04551	0.00213	0.00509	0.00687	0.00519	0.00787
18	0.01232	0.03224	0.14551	0.16835	0.16212	0.02751	0.03256	0.01586	0.01190	0.03801	0.01026	0.01278	0.00806	0.00488	0.00495	0.00141	0.00622	0.00420	0.00292	0.29795
19	0.01463	0.20599	0.13843	0.05681	0.17383	0.02868	0.01232	0.08815	0.01361	0.08081	0.02487	0.01395	0.00989	0.00561	0.00481	0.00152	0.00601	0.00447	0.10792	0.00770
20	0.00969	0.00719	0.03193	0.00782	0.00968	0.00637	0.00611	0.06131	0.01337	0.08208	0.16362	0.21018	0.24133	0.03990	0.08097	0.00268	0.00464	0.01043	0.00513	0.00556
21	0.01012	0.00520	0.00535	0.00531	0.00661	0.00517	0.00399	0.01270	0.01196	0.02078	0.08105	0.02239	0.01739	0.00686	0.00409	0.00133	0.00258	0.00557	0.76638	0.00517
22	0.03071	0.05502	0.09331	0.18299	0.26476	0.03234	0.02531	0.02851	0.03301	0.01700	0.05821	0.06926	0.03278	0.00803	0.02976	0.01619	0.00655	0.00596	0.00320	0.00711

[dist]
# distance from previous block
# <min> <max>
0	31

# created by:
# /st0/software/busco_prod/Augustus/scripts/msa2prfl.pl ./align_prep/60441.fa
