[name]
unknown

[dist]
# distance from previous block
# <min> <max>
0	31

[block]
# block no. 0 follows, 48 sequences, length 49
# corresponding to MSA columns:
# 31-79
name=unknown_A
#
# <colnr> <probs for GDERKNQSTAVLIFYWHMCP>
#	G	D	E	R	K	N	Q	S	T	A	V	L	I	F	Y	W	H	M	C	P
0	0.01001	0.00751	0.00937	0.00933	0.01130	0.00758	0.00791	0.10502	0.06880	0.01813	0.05547	0.04448	0.06200	0.01163	0.00636	0.00203	0.00452	0.48034	0.00471	0.07351
1	0.01820	0.07897	0.01585	0.01139	0.01537	0.01587	0.00947	0.61728	0.11693	0.02935	0.01297	0.01284	0.00942	0.00612	0.00500	0.00153	0.00544	0.00462	0.00491	0.00848
2	0.00918	0.00559	0.00659	0.00636	0.00729	0.00622	0.00484	0.01115	0.00975	0.01643	0.01513	0.01964	0.01287	0.07663	0.14710	0.00285	0.08828	0.00509	0.54434	0.00470
3	0.00614	0.00489	0.00551	0.00601	0.00714	0.00426	0.00426	0.00727	0.01092	0.01354	0.04212	0.36854	0.47279	0.01428	0.00627	0.00188	0.00276	0.01239	0.00476	0.00426
4	0.00956	0.00478	0.00478	0.00478	0.00598	0.00478	0.00359	0.01196	0.01076	0.01913	0.01674	0.01913	0.01315	0.00598	0.00359	0.00120	0.00239	0.00478	0.84816	0.00478
5	0.00645	0.00471	0.00607	0.00679	0.00744	0.00433	0.00469	0.00772	0.01104	0.01480	0.19467	0.56833	0.11493	0.01455	0.00639	0.00195	0.00282	0.01305	0.00496	0.00433
6	0.85592	0.00992	0.00754	0.00675	0.00992	0.01151	0.00556	0.01508	0.00873	0.02302	0.00714	0.00834	0.00556	0.00476	0.00318	0.00159	0.00397	0.00278	0.00318	0.00556
7	0.01127	0.00910	0.01070	0.00768	0.01221	0.00688	0.00615	0.01353	0.01085	0.05612	0.00969	0.01099	0.00786	0.00393	0.00387	0.00080	0.00383	0.00315	0.00321	0.80819
8	0.01154	0.01070	0.01780	0.06047	0.58986	0.01076	0.01392	0.01442	0.01164	0.01625	0.01434	0.02199	0.04283	0.00659	0.00547	0.00168	0.00575	0.13372	0.00299	0.00728
9	0.10059	0.01221	0.01447	0.45751	0.02618	0.10969	0.01186	0.17493	0.01357	0.01815	0.00945	0.01229	0.00708	0.00533	0.00487	0.00161	0.00659	0.00423	0.00302	0.00636
10	0.02162	0.01098	0.01330	0.01019	0.01422	0.01087	0.00842	0.32179	0.01844	0.48913	0.01709	0.01542	0.01112	0.00627	0.00515	0.00157	0.00488	0.00494	0.00587	0.00873
11	0.85592	0.00992	0.00754	0.00675	0.00992	0.01151	0.00556	0.01508	0.00873	0.02302	0.00714	0.00834	0.00556	0.00476	0.00318	0.00159	0.00397	0.00278	0.00318	0.00556
12	0.01270	0.01219	0.02083	0.03149	0.78767	0.01219	0.01575	0.01575	0.01168	0.01676	0.00965	0.01270	0.00813	0.00457	0.00508	0.00152	0.00610	0.00457	0.00254	0.00813
13	0.01276	0.01102	0.01160	0.01044	0.01334	0.01276	0.00812	0.02727	0.77840	0.02146	0.02088	0.01914	0.01566	0.00696	0.00522	0.00174	0.00406	0.00580	0.00522	0.00812
14	0.00981	0.00913	0.01272	0.01163	0.01184	0.01205	0.00949	0.01103	0.00876	0.01288	0.01383	0.18781	0.01532	0.01113	0.01345	0.00223	0.53947	0.09913	0.00309	0.00520
15	0.00625	0.00447	0.00595	0.00714	0.00744	0.00417	0.00476	0.00714	0.00982	0.01310	0.02828	0.81633	0.03394	0.01608	0.00655	0.00208	0.00298	0.01459	0.00476	0.00417
16	0.00641	0.00458	0.00614	0.00733	0.00770	0.00431	0.00504	0.00742	0.00998	0.01328	0.02819	0.75568	0.03358	0.01592	0.00659	0.00211	0.00312	0.07364	0.00476	0.00421
17	0.01313	0.01279	0.01694	0.02208	0.42719	0.08672	0.01253	0.01925	0.23573	0.01747	0.01308	0.01537	0.01068	0.00582	0.00575	0.00163	0.04815	0.02462	0.00338	0.00770
18	0.01884	0.00867	0.01063	0.00844	0.01170	0.00827	0.00688	0.15160	0.01529	0.45434	0.01793	0.01701	0.01213	0.00622	0.00474	0.00148	0.00407	0.00497	0.22911	0.00768
19	0.00623	0.00456	0.00586	0.00690	0.00738	0.00419	0.00466	0.00717	0.01006	0.01319	0.03121	0.72157	0.12681	0.01569	0.00649	0.00204	0.00293	0.01412	0.00476	0.00419
20	0.01185	0.01470	0.10004	0.06147	0.06692	0.01276	0.62110	0.01621	0.01188	0.01627	0.01017	0.01349	0.00764	0.00443	0.00585	0.00171	0.00832	0.00569	0.00254	0.00698
21	0.01300	0.36442	0.12925	0.01403	0.14767	0.11964	0.01126	0.01547	0.01098	0.01351	0.00878	0.01097	0.00761	0.00882	0.10235	0.00216	0.00741	0.00362	0.00238	0.00666
22	0.01068	0.01039	0.05022	0.00807	0.01240	0.04568	0.00677	0.01306	0.01109	0.01658	0.05170	0.01362	0.04128	0.00465	0.00411	0.00092	0.00414	0.00374	0.00318	0.68772
23	0.14241	0.53367	0.18193	0.00967	0.01453	0.01722	0.01038	0.01550	0.01025	0.01462	0.00756	0.00878	0.00641	0.00455	0.00360	0.00128	0.00569	0.00297	0.00234	0.00663
24	0.01842	0.01370	0.01533	0.01181	0.01572	0.01503	0.04024	0.68878	0.02266	0.03049	0.01281	0.03297	0.00960	0.02056	0.00553	0.00161	0.00561	0.00498	0.02580	0.00834
25	0.00652	0.00522	0.00582	0.00567	0.00721	0.00452	0.00425	0.00824	0.01276	0.01639	0.32786	0.04522	0.50812	0.01205	0.00606	0.00169	0.00253	0.01025	0.00510	0.00452
26	0.01611	0.47207	0.02146	0.01073	0.01435	0.36242	0.00928	0.01762	0.01223	0.01229	0.00748	0.00868	0.00660	0.00478	0.00388	0.00120	0.00714	0.00299	0.00239	0.00631
27	0.00972	0.05136	0.47697	0.01128	0.01610	0.01003	0.01298	0.03323	0.01004	0.01439	0.01154	0.01840	0.01064	0.27844	0.01195	0.00273	0.00657	0.00500	0.00256	0.00607
28	0.01314	0.01181	0.01177	0.01060	0.01349	0.05866	0.00823	0.02687	0.73381	0.02094	0.02013	0.01857	0.01513	0.00686	0.00519	0.00172	0.00436	0.00566	0.00507	0.00799
29	0.01756	0.01341	0.01431	0.01141	0.01517	0.01501	0.00928	0.55665	0.24119	0.02921	0.01478	0.01428	0.01072	0.00639	0.00516	0.00160	0.00519	0.00496	0.00516	0.00855
30	0.00906	0.00795	0.01119	0.01020	0.01059	0.01031	0.00810	0.01034	0.00797	0.01185	0.01098	0.01797	0.01090	0.12646	0.35568	0.00519	0.36253	0.00531	0.00257	0.00484
31	0.01951	0.01437	0.01540	0.01181	0.01591	0.01591	0.00975	0.77056	0.02412	0.03234	0.01232	0.01232	0.00873	0.00616	0.00513	0.00154	0.00565	0.00462	0.00513	0.00873
32	0.00859	0.00649	0.00822	0.00830	0.00979	0.00660	0.00674	0.01304	0.14336	0.01869	0.35900	0.04270	0.03547	0.01133	0.00631	0.00193	0.00360	0.29927	0.00521	0.00535
33	0.01292	0.01155	0.01165	0.00877	0.01303	0.10568	0.00697	0.09263	0.01262	0.03692	0.00958	0.01081	0.00772	0.00429	0.00407	0.00093	0.00468	0.00329	0.00329	0.63862
34	0.01419	0.01173	0.01241	0.01073	0.01389	0.01343	0.00847	0.18497	0.61836	0.02377	0.01907	0.01770	0.01419	0.00679	0.00520	0.00170	0.00440	0.00555	0.00520	0.00825
35	0.00819	0.00748	0.00711	0.00676	0.00834	0.09767	0.00507	0.01005	0.01343	0.01703	0.40970	0.03921	0.32940	0.01085	0.00589	0.00163	0.00329	0.00918	0.00495	0.00477
36	0.85592	0.00992	0.00754	0.00675	0.00992	0.01151	0.00556	0.01508	0.00873	0.02302	0.00714	0.00834	0.00556	0.00476	0.00318	0.00159	0.00397	0.00278	0.00318	0.00556
37	0.01256	0.01085	0.01141	0.01028	0.01315	0.01251	0.00799	0.02667	0.75533	0.02124	0.02182	0.02005	0.03883	0.00714	0.00525	0.00174	0.00402	0.00595	0.00521	0.00801
38	0.26818	0.01908	0.01255	0.01115	0.01410	0.48293	0.00860	0.09722	0.01381	0.01774	0.00816	0.00930	0.00652	0.00522	0.00425	0.00142	0.00730	0.00329	0.00306	0.00612
39	0.00610	0.00504	0.00536	0.00561	0.00704	0.00430	0.00408	0.00732	0.01130	0.01370	0.04695	0.21210	0.62611	0.01365	0.00617	0.00181	0.00268	0.01163	0.00476	0.00430
40	0.00737	0.00535	0.00748	0.00748	0.00814	0.00600	0.00546	0.00867	0.00802	0.01135	0.01444	0.02401	0.01450	0.26300	0.57712	0.00731	0.01122	0.00606	0.00285	0.00416
41	0.01293	0.01252	0.01326	0.23308	0.01989	0.12733	0.01020	0.03595	0.42004	0.01782	0.01521	0.01586	0.01154	0.00624	0.00539	0.00168	0.02500	0.00504	0.00395	0.00708
42	0.00613	0.00520	0.00529	0.00526	0.00697	0.00436	0.00395	0.00749	0.01184	0.01422	0.09061	0.04880	0.74673	0.01286	0.00606	0.00173	0.00259	0.01075	0.00481	0.00436
43	0.01245	0.01295	0.01514	0.01760	0.25720	0.16865	0.01101	0.01469	0.03022	0.01478	0.08096	0.01677	0.05498	0.02071	0.04252	0.00203	0.21286	0.00518	0.00297	0.00631
44	0.00877	0.00788	0.00696	0.00686	0.00770	0.12170	0.00456	0.00940	0.00969	0.01155	0.02400	0.09213	0.19403	0.42057	0.04976	0.00361	0.00528	0.00808	0.00353	0.00395
45	0.01102	0.00931	0.01073	0.00800	0.01222	0.00761	0.00635	0.04820	0.07260	0.01765	0.01104	0.04652	0.00944	0.00470	0.00409	0.00093	0.00387	0.00384	0.00338	0.70850
46	0.01169	0.01266	0.10541	0.01010	0.01379	0.05197	0.00882	0.01936	0.33083	0.01818	0.03612	0.01647	0.04345	0.00614	0.00538	0.00144	0.04560	0.00485	0.00392	0.25381
47	0.01090	0.10817	0.01606	0.01809	0.34592	0.03018	0.03033	0.01379	0.04459	0.01633	0.15610	0.02276	0.12165	0.03635	0.00595	0.00165	0.00490	0.00622	0.00350	0.00656
48	0.06090	0.01090	0.01251	0.01181	0.09280	0.05309	0.02254	0.23277	0.06614	0.06695	0.17718	0.06879	0.01896	0.00725	0.00519	0.00154	0.00467	0.00607	0.00457	0.07539

[dist]
# distance from previous block
# <min> <max>
3	35

[block]
# block no. 1 follows, 48 sequences, length 20
# corresponding to MSA columns:
# 115-134
name=unknown_B
#
# <colnr> <probs for GDERKNQSTAVLIFYWHMCP>
#	G	D	E	R	K	N	Q	S	T	A	V	L	I	F	Y	W	H	M	C	P
0	0.07798	0.01425	0.01462	0.09025	0.18496	0.23979	0.01065	0.01628	0.01200	0.05879	0.06813	0.01336	0.01049	0.00588	0.00623	0.00153	0.10420	0.00435	0.00304	0.06323
1	0.01022	0.00918	0.01467	0.16129	0.06506	0.00902	0.14610	0.06941	0.01168	0.01610	0.01530	0.25088	0.01542	0.00801	0.00545	0.00161	0.00528	0.00751	0.00346	0.17436
2	0.01080	0.00913	0.01374	0.06522	0.30585	0.00857	0.01017	0.01315	0.01108	0.04477	0.01474	0.17556	0.01463	0.00739	0.00518	0.00151	0.00477	0.05513	0.00338	0.22524
3	0.01154	0.06319	0.16395	0.11494	0.45966	0.01202	0.01501	0.01496	0.01122	0.01575	0.01136	0.03918	0.03431	0.00533	0.00502	0.00156	0.00621	0.00484	0.00256	0.00740
4	0.01427	0.01115	0.01133	0.00974	0.01223	0.07055	0.00753	0.37495	0.06016	0.02297	0.01701	0.21348	0.01620	0.06361	0.00675	0.00188	0.00488	0.00726	0.06737	0.00668
5	0.00651	0.00522	0.00581	0.00566	0.00720	0.00452	0.00425	0.00822	0.01274	0.01634	0.32261	0.04530	0.51341	0.01207	0.00606	0.00169	0.00253	0.01026	0.00509	0.00452
6	0.01244	0.01209	0.02373	0.15641	0.02520	0.01223	0.47292	0.01681	0.05714	0.07464	0.01148	0.01438	0.00853	0.00508	0.00632	0.00173	0.05267	0.00559	0.02381	0.00679
7	0.00679	0.00523	0.00621	0.00596	0.00738	0.00464	0.00447	0.00877	0.01341	0.01794	0.49698	0.04267	0.33804	0.01147	0.00606	0.00166	0.00249	0.00989	0.00530	0.00464
8	0.00804	0.00685	0.01078	0.41067	0.02160	0.00787	0.00965	0.01025	0.01010	0.01317	0.01859	0.38938	0.02015	0.01050	0.00585	0.00190	0.00498	0.03120	0.00351	0.00496
9	0.01029	0.02654	0.79309	0.01462	0.02221	0.01192	0.01896	0.01625	0.01083	0.01625	0.00921	0.01083	0.00650	0.00487	0.00487	0.00162	0.00758	0.00379	0.00217	0.00758
10	0.00640	0.00507	0.00575	0.00588	0.00721	0.00443	0.00430	0.00790	0.01204	0.01538	0.22893	0.19331	0.45932	0.01296	0.00615	0.00177	0.00263	0.01116	0.00498	0.00443
11	0.85592	0.00992	0.00754	0.00675	0.00992	0.01151	0.00556	0.01508	0.00873	0.02302	0.00714	0.00834	0.00556	0.00476	0.00318	0.00159	0.00397	0.00278	0.00318	0.00556
12	0.85592	0.00992	0.00754	0.00675	0.00992	0.01151	0.00556	0.01508	0.00873	0.02302	0.00714	0.00834	0.00556	0.00476	0.00318	0.00159	0.00397	0.00278	0.00318	0.00556
13	0.01519	0.01427	0.16080	0.01034	0.01418	0.07090	0.00965	0.25265	0.06584	0.10536	0.01390	0.01449	0.01012	0.00588	0.00467	0.00147	0.00524	0.00454	0.21324	0.00728
14	0.00777	0.00555	0.00770	0.00888	0.00984	0.00548	0.00740	0.00977	0.01132	0.01480	0.02744	0.24567	0.03062	0.01465	0.00695	0.00229	0.00429	0.57027	0.00473	0.00459
15	0.02302	0.00873	0.01191	0.00913	0.01310	0.00754	0.00754	0.02501	0.01469	0.79122	0.02024	0.01746	0.01270	0.00635	0.00516	0.00159	0.00437	0.00516	0.00635	0.00873
16	0.00999	0.00838	0.00992	0.00738	0.01130	0.00646	0.00584	0.01230	0.01138	0.01746	0.15748	0.01593	0.01540	0.00508	0.00423	0.00092	0.00354	0.00423	0.00354	0.68922
17	0.00656	0.00504	0.00609	0.00679	0.00784	0.00457	0.00508	0.00790	0.01097	0.01384	0.03773	0.35855	0.33959	0.01446	0.00645	0.00199	0.00316	0.15429	0.00476	0.00434
18	0.00891	0.00446	0.00668	0.00668	0.00668	0.00446	0.00446	0.00668	0.00668	0.00891	0.00891	0.01560	0.00891	0.01783	0.02005	0.85071	0.00446	0.00446	0.00223	0.00223
19	0.01010	0.00953	0.01612	0.70261	0.13689	0.01151	0.01445	0.01347	0.01045	0.01360	0.00919	0.01355	0.00701	0.00505	0.00512	0.00168	0.00674	0.00456	0.00232	0.00603

[dist]
# distance from previous block
# <min> <max>
0	2

[block]
# block no. 2 follows, 48 sequences, length 39
# corresponding to MSA columns:
# 137-170,208-212
name=unknown_C
#
# <colnr> <probs for GDERKNQSTAVLIFYWHMCP>
#	G	D	E	R	K	N	Q	S	T	A	V	L	I	F	Y	W	H	M	C	P
0	0.01027	0.01058	0.02144	0.09404	0.02174	0.01062	0.43978	0.01367	0.01064	0.01460	0.01138	0.01594	0.00938	0.01584	0.27162	0.00391	0.01018	0.00572	0.00262	0.00602
1	0.00707	0.00525	0.00770	0.00798	0.00875	0.00588	0.00602	0.00868	0.00862	0.01219	0.01720	0.20925	0.01784	0.03316	0.61105	0.00678	0.01119	0.00766	0.00323	0.00448
2	0.01000	0.00638	0.00735	0.00691	0.00781	0.02485	0.00465	0.05272	0.00995	0.09632	0.04520	0.10028	0.01900	0.47512	0.09165	0.00418	0.00554	0.00744	0.02021	0.00443
3	0.03169	0.08881	0.47516	0.03282	0.03753	0.17079	0.01529	0.06136	0.01229	0.01621	0.00893	0.01045	0.00668	0.00499	0.00469	0.00152	0.00750	0.00367	0.00247	0.00716
4	0.08432	0.40691	0.01932	0.00994	0.05310	0.04799	0.00832	0.06322	0.03759	0.01596	0.00857	0.00972	0.00727	0.00453	0.00373	0.00114	0.00511	0.00316	0.00280	0.20730
5	0.00721	0.00524	0.00678	0.00640	0.00763	0.00482	0.00480	0.00958	0.01440	0.02027	0.75185	0.03883	0.08172	0.01060	0.00605	0.00162	0.00243	0.00935	0.00561	0.00482
6	0.01309	0.14526	0.15469	0.02100	0.38180	0.01385	0.01388	0.08761	0.08753	0.01784	0.01052	0.01225	0.00839	0.00498	0.00478	0.00150	0.00602	0.00427	0.00292	0.00784
7	0.01256	0.01210	0.02033	0.02973	0.71190	0.01254	0.01530	0.01541	0.01131	0.01633	0.00937	0.01256	0.00799	0.00500	0.00623	0.00159	0.08479	0.00456	0.00251	0.00788
8	0.00634	0.00470	0.00592	0.00669	0.00737	0.00428	0.00461	0.00749	0.01075	0.01415	0.12435	0.57444	0.18054	0.01481	0.00640	0.00196	0.00284	0.01322	0.00487	0.00428
9	0.00630	0.00523	0.00555	0.00567	0.00729	0.00448	0.00433	0.00772	0.01174	0.01421	0.07585	0.07675	0.66783	0.01311	0.00617	0.00179	0.00279	0.07401	0.00479	0.00438
10	0.00734	0.00545	0.00799	0.00799	0.00882	0.00627	0.00609	0.00900	0.00817	0.01172	0.01398	0.02146	0.01339	0.11455	0.72405	0.00793	0.01289	0.00569	0.00278	0.00444
11	0.00726	0.00524	0.00686	0.00646	0.00767	0.00484	0.00484	0.00968	0.01452	0.02058	0.78496	0.03833	0.04841	0.01049	0.00605	0.00161	0.00242	0.00928	0.00565	0.00484
12	0.00720	0.00520	0.00680	0.00650	0.00765	0.00480	0.00484	0.00952	0.01423	0.02010	0.73704	0.08760	0.04750	0.01084	0.00608	0.00164	0.00246	0.00962	0.00559	0.00480
13	0.01372	0.82276	0.02689	0.00878	0.01317	0.02030	0.00878	0.01536	0.01043	0.01207	0.00713	0.00823	0.00658	0.00439	0.00329	0.00110	0.00549	0.00274	0.00219	0.00658
14	0.01370	0.01081	0.01163	0.01032	0.01332	0.01229	0.00807	0.02706	0.70885	0.09156	0.02083	0.01899	0.01539	0.00691	0.00522	0.00173	0.00409	0.00574	0.00532	0.00818
15	0.01992	0.01371	0.01499	0.01149	0.01558	0.01492	0.00949	0.68261	0.02301	0.12186	0.01325	0.01293	0.00919	0.00618	0.00514	0.00155	0.00550	0.00468	0.00528	0.00873
16	0.01917	0.02445	0.01454	0.01322	0.01586	0.79907	0.00991	0.02049	0.01454	0.01256	0.00793	0.00925	0.00661	0.00529	0.00463	0.00132	0.00925	0.00330	0.00264	0.00595
17	0.00625	0.00447	0.00595	0.00714	0.00744	0.00417	0.00476	0.00714	0.00982	0.01310	0.02828	0.81633	0.03394	0.01608	0.00655	0.00208	0.00298	0.01459	0.00476	0.00417
18	0.00956	0.00478	0.00478	0.00478	0.00598	0.00478	0.00359	0.01196	0.01076	0.01913	0.01674	0.01913	0.01315	0.00598	0.00359	0.00120	0.00239	0.00478	0.84816	0.00478
19	0.01211	0.01384	0.03028	0.02163	0.02682	0.01298	0.76903	0.01644	0.01211	0.01644	0.01038	0.01384	0.00779	0.00433	0.00606	0.00173	0.00865	0.00606	0.00260	0.00692
20	0.00606	0.00520	0.00520	0.00520	0.00693	0.00433	0.00390	0.00736	0.01170	0.01386	0.05198	0.04938	0.78558	0.01299	0.00606	0.00173	0.00260	0.01083	0.00476	0.00433
21	0.01951	0.01437	0.01540	0.01181	0.01591	0.01591	0.00975	0.77056	0.02412	0.03234	0.01232	0.01232	0.00873	0.00616	0.00513	0.00154	0.00565	0.00462	0.00513	0.00873
22	0.07423	0.00879	0.01116	0.00873	0.01239	0.00807	0.00717	0.07136	0.01454	0.61827	0.01856	0.01672	0.01204	0.00620	0.00488	0.00155	0.00423	0.00494	0.08804	0.00815
23	0.02302	0.00873	0.01191	0.00913	0.01310	0.00754	0.00754	0.02501	0.01469	0.79122	0.02024	0.01746	0.01270	0.00635	0.00516	0.00159	0.00437	0.00516	0.00635	0.00873
24	0.85592	0.00992	0.00754	0.00675	0.00992	0.01151	0.00556	0.01508	0.00873	0.02302	0.00714	0.00834	0.00556	0.00476	0.00318	0.00159	0.00397	0.00278	0.00318	0.00556
25	0.00726	0.00524	0.00686	0.00646	0.00767	0.00484	0.00484	0.00968	0.01452	0.02058	0.78496	0.03833	0.04841	0.01049	0.00605	0.00161	0.00242	0.00928	0.00565	0.00484
26	0.00625	0.00447	0.00595	0.00714	0.00744	0.00417	0.00476	0.00714	0.00982	0.01310	0.02828	0.81633	0.03394	0.01608	0.00655	0.00208	0.00298	0.01459	0.00476	0.00417
27	0.00672	0.00466	0.00582	0.00655	0.00673	0.00448	0.00412	0.00727	0.00891	0.01188	0.02360	0.51404	0.02803	0.32642	0.01411	0.00320	0.00375	0.01184	0.00412	0.00376
28	0.00733	0.00550	0.00825	0.00825	0.00916	0.00641	0.00641	0.00916	0.00825	0.01191	0.01374	0.02016	0.01283	0.03848	0.79934	0.00825	0.01374	0.00550	0.00275	0.00458
29	0.01855	0.01390	0.01486	0.01161	0.01555	0.01547	0.00952	0.66514	0.13109	0.03080	0.01353	0.01329	0.00971	0.00627	0.00515	0.00157	0.00542	0.00479	0.00515	0.00864
30	0.00666	0.00537	0.00603	0.00629	0.00786	0.00474	0.00500	0.00829	0.01190	0.01464	0.09251	0.05070	0.55933	0.01312	0.00631	0.00187	0.00309	0.18703	0.00481	0.00446
31	0.00625	0.00447	0.00595	0.00714	0.00744	0.00417	0.00476	0.00714	0.00982	0.01310	0.02828	0.81633	0.03394	0.01608	0.00655	0.00208	0.00298	0.01459	0.00476	0.00417
32	0.01772	0.00948	0.01147	0.00952	0.01286	0.00957	0.00762	0.02501	0.33651	0.41898	0.06801	0.01947	0.01617	0.00687	0.00524	0.00165	0.00412	0.00569	0.00583	0.00823
33	0.01040	0.05218	0.76842	0.01444	0.02192	0.01219	0.01863	0.01622	0.01082	0.01612	0.00914	0.01075	0.00650	0.00486	0.00482	0.00161	0.00752	0.00376	0.00217	0.00755
34	0.01064	0.00912	0.01064	0.00760	0.01216	0.00684	0.00608	0.01292	0.01064	0.01672	0.00912	0.01064	0.00760	0.00380	0.00380	0.00076	0.00380	0.00304	0.00304	0.85104
35	0.00988	0.00923	0.01557	0.73557	0.08685	0.01130	0.01413	0.01315	0.01028	0.01327	0.00915	0.01365	0.00698	0.00538	0.00546	0.02077	0.00673	0.00456	0.00230	0.00579
36	0.00625	0.00449	0.00593	0.00709	0.00743	0.00417	0.00474	0.00715	0.00988	0.01312	0.02901	0.79288	0.05692	0.01598	0.00653	0.00207	0.00297	0.01447	0.00476	0.00417
37	0.01216	0.01370	0.02949	0.02244	0.08992	0.01291	0.70656	0.01638	0.01208	0.01646	0.01032	0.01375	0.00781	0.00435	0.00597	0.00171	0.00844	0.00593	0.00259	0.00702
38	0.01255	0.01214	0.01890	0.10041	0.56866	0.03841	0.01439	0.01658	0.08644	0.01647	0.01047	0.01322	0.00861	0.00515	0.00580	0.00160	0.05513	0.00464	0.00276	0.00767

[dist]
# distance from previous block
# <min> <max>
0	1

[block]
# block no. 3 follows, 48 sequences, length 60
# corresponding to MSA columns:
# 214-273
name=unknown_D
#
# <colnr> <probs for GDERKNQSTAVLIFYWHMCP>
#	G	D	E	R	K	N	Q	S	T	A	V	L	I	F	Y	W	H	M	C	P
0	0.01282	0.00768	0.00921	0.00806	0.01041	0.00774	0.00630	0.01858	0.23231	0.20435	0.30819	0.02597	0.02705	0.00805	0.00536	0.00160	0.00335	0.00686	0.08941	0.00670
1	0.01179	0.05055	0.05599	0.24741	0.50357	0.01234	0.01515	0.01501	0.01118	0.01549	0.00936	0.01267	0.00762	0.00473	0.00500	0.00156	0.00635	0.00444	0.00243	0.00735
2	0.00652	0.00518	0.00548	0.00552	0.00682	0.00456	0.00395	0.00760	0.01082	0.01323	0.06263	0.04592	0.55703	0.19486	0.01063	0.00249	0.00323	0.04501	0.00441	0.00409
3	0.00664	0.00450	0.00582	0.00687	0.00727	0.00424	0.00463	0.00771	0.00993	0.01380	0.02693	0.72320	0.03151	0.01490	0.00620	0.00198	0.00291	0.01344	0.10329	0.00424
4	0.00625	0.00447	0.00595	0.00714	0.00744	0.00417	0.00476	0.00714	0.00982	0.01310	0.02828	0.81633	0.03394	0.01608	0.00655	0.00208	0.00298	0.01459	0.00476	0.00417
5	0.00726	0.00524	0.00686	0.00646	0.00767	0.00484	0.00484	0.00968	0.01452	0.02058	0.78496	0.03833	0.04841	0.01049	0.00605	0.00161	0.00242	0.00928	0.00565	0.00484
6	0.00625	0.00447	0.00595	0.00714	0.00744	0.00417	0.00476	0.00714	0.00982	0.01310	0.02828	0.81633	0.03394	0.01608	0.00655	0.00208	0.00298	0.01459	0.00476	0.00417
7	0.01858	0.01163	0.01319	0.01057	0.01428	0.01239	0.00858	0.31867	0.24587	0.26371	0.01732	0.01594	0.01202	0.00646	0.00517	0.00161	0.00478	0.00514	0.00554	0.00855
8	0.01270	0.01219	0.02083	0.03149	0.78767	0.01219	0.01575	0.01575	0.01168	0.01676	0.00965	0.01270	0.00813	0.00457	0.00508	0.00152	0.00610	0.00457	0.00254	0.00813
9	0.00827	0.00591	0.00827	0.00945	0.01063	0.00591	0.00827	0.01063	0.01181	0.01536	0.02717	0.05788	0.02953	0.01417	0.00709	0.00236	0.00472	0.75313	0.00472	0.00472
10	0.01372	0.82276	0.02689	0.00878	0.01317	0.02030	0.00878	0.01536	0.01043	0.01207	0.00713	0.00823	0.00658	0.00439	0.00329	0.00110	0.00549	0.00274	0.00219	0.00658
11	0.00698	0.00517	0.00751	0.00789	0.00861	0.00569	0.00589	0.00852	0.00875	0.01229	0.01840	0.27504	0.01959	0.03131	0.54554	0.00627	0.01030	0.00841	0.00339	0.00445
12	0.02192	0.01050	0.01300	0.00997	0.01398	0.01016	0.00823	0.25847	0.01764	0.55358	0.01776	0.01585	0.01146	0.00629	0.00515	0.00157	0.00477	0.00499	0.00597	0.00873
13	0.00733	0.00550	0.00825	0.00825	0.00916	0.00641	0.00641	0.00916	0.00825	0.01191	0.01374	0.02016	0.01283	0.03848	0.79934	0.00825	0.01374	0.00550	0.00275	0.00458
14	0.00969	0.00912	0.01539	0.80734	0.03534	0.01140	0.01425	0.01311	0.01026	0.01311	0.00912	0.01368	0.00684	0.00513	0.00513	0.00171	0.00684	0.00456	0.00228	0.00570
15	0.01211	0.01384	0.03028	0.02163	0.02682	0.01298	0.76903	0.01644	0.01211	0.01644	0.01038	0.01384	0.00779	0.00433	0.00606	0.00173	0.00865	0.00606	0.00260	0.00692
16	0.00827	0.00591	0.00827	0.00945	0.01063	0.00591	0.00827	0.01063	0.01181	0.01536	0.02717	0.05788	0.02953	0.01417	0.00709	0.00236	0.00472	0.75313	0.00472	0.00472
17	0.00969	0.00912	0.01539	0.80734	0.03534	0.01140	0.01425	0.01311	0.01026	0.01311	0.00912	0.01368	0.00684	0.00513	0.00513	0.00171	0.00684	0.00456	0.00228	0.00570
18	0.01903	0.02419	0.01468	0.01362	0.03282	0.78178	0.01004	0.02038	0.01448	0.01265	0.00797	0.00933	0.00664	0.00527	0.00464	0.00133	0.00918	0.00333	0.00264	0.00600
19	0.01029	0.02654	0.79309	0.01462	0.02221	0.01192	0.01896	0.01625	0.01083	0.01625	0.00921	0.01083	0.00650	0.00487	0.00487	0.00162	0.00758	0.00379	0.00217	0.00758
20	0.02302	0.00873	0.01191	0.00913	0.01310	0.00754	0.00754	0.02501	0.01469	0.79122	0.02024	0.01746	0.01270	0.00635	0.00516	0.00159	0.00437	0.00516	0.00635	0.00873
21	0.00625	0.00447	0.00595	0.00714	0.00744	0.00417	0.00476	0.00714	0.00982	0.01310	0.02828	0.81633	0.03394	0.01608	0.00655	0.00208	0.00298	0.01459	0.00476	0.00417
22	0.00625	0.00447	0.00595	0.00714	0.00744	0.00417	0.00476	0.00714	0.00982	0.01310	0.02828	0.81633	0.03394	0.01608	0.00655	0.00208	0.00298	0.01459	0.00476	0.00417
23	0.00827	0.00591	0.00827	0.00945	0.01063	0.00591	0.00827	0.01063	0.01181	0.01536	0.02717	0.05788	0.02953	0.01417	0.00709	0.00236	0.00472	0.75313	0.00472	0.00472
24	0.00630	0.00454	0.00598	0.00712	0.00751	0.00422	0.00482	0.00725	0.00997	0.01320	0.02938	0.75880	0.06955	0.01588	0.00654	0.00207	0.00301	0.03491	0.00476	0.00419
25	0.01211	0.01384	0.03028	0.02163	0.02682	0.01298	0.76903	0.01644	0.01211	0.01644	0.01038	0.01384	0.00779	0.00433	0.00606	0.00173	0.00865	0.00606	0.00260	0.00692
26	0.00760	0.00562	0.00739	0.00831	0.00953	0.00540	0.00699	0.00959	0.01160	0.01482	0.03264	0.12785	0.19340	0.01410	0.00682	0.00220	0.00410	0.52273	0.00474	0.00459
27	0.01587	0.01809	0.28190	0.01302	0.01830	0.01387	0.04657	0.40827	0.05414	0.06169	0.01195	0.01244	0.00844	0.00568	0.00509	0.00159	0.00631	0.00448	0.00407	0.00823
28	0.01256	0.01205	0.02058	0.06736	0.75289	0.01215	0.01568	0.01563	0.01162	0.01659	0.00963	0.01274	0.00807	0.00460	0.00508	0.00153	0.00613	0.00457	0.00253	0.00802
29	0.00652	0.00458	0.00587	0.00680	0.00703	0.00435	0.00439	0.00722	0.00929	0.01239	0.02555	0.63985	0.03049	0.19725	0.01096	0.00274	0.00343	0.01298	0.00439	0.00393
30	0.01187	0.01331	0.04666	0.11867	0.16263	0.01262	0.52422	0.01590	0.01178	0.01608	0.01007	0.01354	0.00770	0.00448	0.00574	0.00169	0.00795	0.00555	0.00254	0.00700
31	0.01308	0.01201	0.02061	0.04932	0.70644	0.01198	0.04186	0.01613	0.01180	0.05247	0.01015	0.01298	0.00830	0.00466	0.00512	0.00154	0.00612	0.00465	0.00271	0.00805
32	0.01161	0.01730	0.23822	0.01972	0.02556	0.01269	0.56456	0.01639	0.01176	0.01639	0.01006	0.01302	0.00744	0.00448	0.00573	0.00170	0.00836	0.00544	0.00248	0.00710
33	0.00625	0.00514	0.00550	0.00556	0.00708	0.00439	0.00411	0.00767	0.01192	0.01474	0.15310	0.12043	0.61046	0.01293	0.00611	0.00175	0.00261	0.01097	0.00489	0.00439
34	0.01109	0.00961	0.01437	0.53420	0.02778	0.01091	0.01197	0.07517	0.01150	0.03625	0.00960	0.01298	0.00730	0.00512	0.00528	0.00152	0.03437	0.00428	0.00277	0.17393
35	0.01211	0.01384	0.03028	0.02163	0.02682	0.01298	0.76903	0.01644	0.01211	0.01644	0.01038	0.01384	0.00779	0.00433	0.00606	0.00173	0.00865	0.00606	0.00260	0.00692
36	0.01234	0.04388	0.13682	0.11208	0.04349	0.08765	0.26669	0.01665	0.06660	0.03161	0.01086	0.01446	0.00867	0.00569	0.00661	0.00172	0.09309	0.03161	0.00279	0.00671
37	0.00661	0.00515	0.00600	0.00594	0.00730	0.00454	0.00440	0.00836	0.01275	0.01673	0.37135	0.12074	0.38733	0.01220	0.00611	0.00172	0.00256	0.01052	0.00515	0.00454
38	0.01275	0.01109	0.01208	0.01073	0.01369	0.01277	0.02775	0.02699	0.75863	0.02133	0.02061	0.01901	0.01546	0.00689	0.00524	0.00174	0.00418	0.00581	0.00515	0.00809
39	0.00618	0.00520	0.00536	0.00532	0.00700	0.00438	0.00399	0.00758	0.01196	0.01450	0.12138	0.04833	0.71579	0.01276	0.00606	0.00172	0.00258	0.01068	0.00485	0.00438
40	0.00697	0.00523	0.00646	0.00615	0.00749	0.00472	0.00461	0.00912	0.01384	0.01895	0.60744	0.04100	0.22695	0.01110	0.00605	0.00164	0.00246	0.00965	0.00543	0.00472
41	0.01070	0.02368	0.62111	0.01620	0.02325	0.01216	0.18807	0.01629	0.01112	0.01629	0.00947	0.01151	0.00679	0.00475	0.00514	0.00165	0.00782	0.00430	0.00226	0.00743
42	0.01714	0.00809	0.01022	0.00837	0.01113	0.00763	0.00649	0.05453	0.08579	0.44657	0.07909	0.02266	0.01695	0.19010	0.00996	0.00237	0.00438	0.00604	0.00540	0.00710
43	0.01951	0.01437	0.01540	0.01181	0.01591	0.01591	0.00975	0.77056	0.02412	0.03234	0.01232	0.01232	0.00873	0.00616	0.00513	0.00154	0.00565	0.00462	0.00513	0.00873
44	0.02163	0.00943	0.01222	0.00933	0.01336	0.00848	0.00769	0.11286	0.01549	0.63999	0.01843	0.01632	0.01183	0.00613	0.00505	0.00152	0.00447	0.00493	0.00595	0.07490
45	0.00685	0.00523	0.00629	0.00602	0.00741	0.00467	0.00452	0.00889	0.01356	0.01828	0.53408	0.04211	0.30073	0.01135	0.00606	0.00165	0.00248	0.00981	0.00535	0.00467
46	0.01410	0.05099	0.01305	0.01066	0.01383	0.03475	0.00847	0.15039	0.59526	0.02259	0.01845	0.01722	0.01383	0.00666	0.00510	0.00166	0.00453	0.00539	0.00499	0.00809
47	0.01215	0.01165	0.01995	0.06444	0.62181	0.01192	0.05453	0.01514	0.01147	0.01627	0.01077	0.01592	0.00950	0.00547	0.00583	0.00164	0.04381	0.05748	0.00267	0.00759
48	0.00963	0.01413	0.27688	0.01003	0.01371	0.04589	0.01033	0.04894	0.04788	0.01863	0.33396	0.04538	0.06766	0.00832	0.00554	0.00164	0.00482	0.02633	0.00418	0.00612
49	0.85592	0.00992	0.00754	0.00675	0.00992	0.01151	0.00556	0.01508	0.00873	0.02302	0.00714	0.00834	0.00556	0.00476	0.00318	0.00159	0.00397	0.00278	0.00318	0.00556
50	0.00645	0.00475	0.00575	0.00641	0.00702	0.00437	0.00429	0.00734	0.01000	0.01299	0.05830	0.48099	0.20128	0.15368	0.00979	0.00249	0.00322	0.01232	0.00451	0.00405
51	0.01483	0.56964	0.06036	0.00996	0.01423	0.12804	0.00946	0.09288	0.01242	0.01452	0.00792	0.00898	0.00683	0.00470	0.00376	0.00119	0.00609	0.00307	0.00258	0.02855
52	0.03391	0.15614	0.22519	0.01258	0.07063	0.02694	0.04639	0.03981	0.06783	0.09353	0.01142	0.03420	0.00897	0.00522	0.00455	0.00139	0.00571	0.00422	0.00320	0.14818
53	0.00631	0.00521	0.00553	0.00545	0.00708	0.00443	0.00409	0.00783	0.01227	0.01521	0.19975	0.04715	0.63697	0.01249	0.00606	0.00171	0.00256	0.01052	0.00494	0.00443
54	0.00728	0.00551	0.00800	0.00802	0.00891	0.00624	0.00616	0.00903	0.00902	0.01281	0.07911	0.09782	0.04490	0.03243	0.61173	0.00674	0.03165	0.00683	0.00323	0.00458
55	0.01457	0.48767	0.17019	0.01064	0.01542	0.10377	0.02364	0.01708	0.01141	0.09042	0.00898	0.00985	0.00720	0.00478	0.00397	0.00128	0.00625	0.00330	0.00266	0.00692
56	0.00891	0.00446	0.00668	0.00668	0.00668	0.00446	0.00446	0.00668	0.00668	0.00891	0.00891	0.01560	0.00891	0.01783	0.02005	0.85071	0.00446	0.00446	0.00223	0.00223
57	0.00625	0.00447	0.00595	0.00714	0.00744	0.00417	0.00476	0.00714	0.00982	0.01310	0.02828	0.81633	0.03394	0.01608	0.00655	0.00208	0.00298	0.01459	0.00476	0.00417
58	0.01369	0.01053	0.01928	0.01713	0.15097	0.00992	0.30493	0.01635	0.01163	0.18980	0.01370	0.01863	0.01125	0.17727	0.00993	0.00235	0.00646	0.00589	0.00354	0.00673
59	0.00948	0.00855	0.01025	0.23408	0.01713	0.07231	0.00873	0.03854	0.04836	0.01472	0.02524	0.10712	0.19525	0.01023	0.00610	0.01557	0.00503	0.16422	0.00387	0.00522

[dist]
# distance from previous block
# <min> <max>
0	14

# created by:
# /st0/software/busco_prod/Augustus/scripts/msa2prfl.pl ./align_prep/60511.fa
