[name]
unknown

[dist]
# distance from previous block
# <min> <max>
0	23

[block]
# block no. 0 follows, 53 sequences, length 121
# corresponding to MSA columns:
# 23-143
name=unknown_A
#
# <colnr> <probs for GDERKNQSTAVLIFYWHMCP>
#	G	D	E	R	K	N	Q	S	T	A	V	L	I	F	Y	W	H	M	C	P
0	0.00770	0.00550	0.00770	0.00880	0.00990	0.00550	0.00770	0.00990	0.01100	0.01430	0.02531	0.05391	0.02751	0.01320	0.00660	0.00220	0.00440	0.77004	0.00440	0.00440
1	0.00991	0.00850	0.00991	0.00708	0.01133	0.00637	0.00566	0.01203	0.00991	0.01557	0.00850	0.00991	0.00708	0.00354	0.00354	0.00071	0.00354	0.00283	0.00283	0.86124
2	0.00567	0.00476	0.00493	0.00507	0.00651	0.00402	0.00373	0.00683	0.01068	0.01282	0.04570	0.14259	0.70544	0.01246	0.00570	0.00165	0.00246	0.01052	0.00444	0.00402
3	0.00581	0.00422	0.00549	0.00651	0.00689	0.00389	0.00437	0.00667	0.00929	0.01226	0.02815	0.76498	0.09438	0.01474	0.00606	0.00191	0.00274	0.01330	0.00444	0.00389
4	0.00684	0.00507	0.00743	0.00743	0.00819	0.00584	0.00566	0.00837	0.00761	0.01091	0.01303	0.02006	0.01250	0.11740	0.73229	0.00737	0.01197	0.00531	0.00259	0.00413
5	0.01722	0.01265	0.01360	0.01064	0.01428	0.01399	0.00872	0.64259	0.12933	0.05521	0.01338	0.01303	0.02081	0.00594	0.00481	0.00146	0.00497	0.00456	0.00483	0.00799
6	0.00810	0.00524	0.00696	0.00661	0.00794	0.00486	0.00517	0.01031	0.01318	0.08269	0.62636	0.03669	0.03989	0.00994	0.00571	0.00160	0.00271	0.11606	0.00519	0.00479
7	0.00582	0.00485	0.00509	0.00503	0.00656	0.00411	0.00377	0.00720	0.01131	0.01390	0.16665	0.04438	0.68143	0.01174	0.00565	0.00160	0.00239	0.00986	0.00457	0.00411
8	0.01772	0.01165	0.01294	0.01016	0.01374	0.01255	0.00832	0.49673	0.13767	0.19027	0.01431	0.01356	0.00996	0.00589	0.00477	0.00147	0.00473	0.00458	0.02101	0.00798
9	0.00903	0.00850	0.01434	0.82054	0.03292	0.01062	0.01327	0.01221	0.00956	0.01221	0.00850	0.01274	0.00637	0.00478	0.00478	0.00159	0.00637	0.00425	0.00212	0.00531
10	0.83802	0.00938	0.00726	0.00644	0.00943	0.01086	0.00530	0.03934	0.00860	0.02173	0.00681	0.00789	0.00527	0.00448	0.00302	0.00148	0.00375	0.00264	0.00302	0.00527
11	0.01301	0.01262	0.01585	0.01251	0.01601	0.11044	0.20417	0.12098	0.30208	0.01864	0.02525	0.01404	0.01051	0.00531	0.00485	0.00145	0.00561	0.00481	0.00373	0.09815
12	0.01170	0.01011	0.01063	0.00958	0.01225	0.01166	0.00745	0.02485	0.77042	0.01978	0.02031	0.01867	0.03784	0.00665	0.00489	0.00162	0.00374	0.00554	0.00485	0.00746
13	0.00681	0.00503	0.00642	0.00597	0.00726	0.00455	0.00449	0.00898	0.01318	0.01855	0.71099	0.03542	0.10029	0.00969	0.00555	0.00148	0.00232	0.00852	0.00510	0.03940
14	0.00582	0.00416	0.00555	0.00666	0.00693	0.00388	0.00444	0.00666	0.00915	0.01220	0.02634	0.82891	0.03161	0.01497	0.00610	0.00194	0.00277	0.01359	0.00444	0.00388
15	0.01990	0.00768	0.01027	0.00800	0.01138	0.00671	0.00657	0.02179	0.01323	0.70834	0.01845	0.01646	0.01188	0.00587	0.00463	0.00143	0.00384	0.00476	0.11111	0.00768
16	0.01148	0.01100	0.01877	0.12816	0.70612	0.01126	0.01449	0.01436	0.01072	0.01519	0.00893	0.01194	0.00742	0.00432	0.00474	0.00144	0.00576	0.00426	0.00234	0.00729
17	0.00686	0.00500	0.00707	0.00707	0.00771	0.00564	0.00521	0.00814	0.00750	0.01064	0.01337	0.02189	0.01330	0.23430	0.61648	0.00692	0.01077	0.00558	0.00264	0.00393
18	0.02144	0.00813	0.01109	0.00850	0.01220	0.00702	0.00702	0.02329	0.01368	0.80552	0.01886	0.01627	0.01183	0.00592	0.00481	0.00148	0.00407	0.00481	0.00592	0.00813
19	0.01102	0.38966	0.45492	0.01117	0.01689	0.01462	0.01339	0.01477	0.00992	0.01338	0.00771	0.00900	0.00609	0.00434	0.00388	0.00129	0.00618	0.00309	0.00203	0.00664
20	0.00891	0.00445	0.00445	0.00445	0.00557	0.00445	0.00334	0.01114	0.01002	0.01782	0.01559	0.01782	0.01225	0.00557	0.00334	0.00111	0.00223	0.00445	0.85856	0.00445
21	0.00666	0.00484	0.00627	0.00601	0.00710	0.00445	0.00447	0.00878	0.01314	0.01846	0.71904	0.08872	0.07370	0.01021	0.00567	0.00154	0.00230	0.00903	0.00517	0.00445
22	0.86579	0.00924	0.00702	0.00629	0.00924	0.01072	0.00518	0.01405	0.00813	0.02144	0.00666	0.00776	0.00518	0.00444	0.00296	0.00148	0.00370	0.00259	0.00296	0.00518
23	0.01785	0.02278	0.01354	0.01231	0.01478	0.81284	0.00924	0.01909	0.01354	0.01170	0.00739	0.00862	0.00616	0.00493	0.00431	0.00123	0.00862	0.00308	0.00246	0.00554
24	0.00695	0.00463	0.00521	0.00521	0.00521	0.00463	0.00290	0.00695	0.00695	0.00927	0.01506	0.03128	0.01738	0.83203	0.02433	0.00463	0.00463	0.00695	0.00290	0.00290
25	0.06706	0.00940	0.01119	0.00900	0.01241	0.00946	0.00731	0.11744	0.21619	0.46162	0.01740	0.01559	0.01171	0.00596	0.00471	0.00151	0.00412	0.00477	0.00533	0.00782
26	0.00959	0.02472	0.80726	0.01362	0.02069	0.01110	0.01766	0.01514	0.01009	0.01514	0.00858	0.01009	0.00605	0.00454	0.00454	0.00151	0.00706	0.00353	0.00202	0.00706
27	0.00676	0.00489	0.00639	0.00601	0.00714	0.00451	0.00451	0.00902	0.01353	0.01917	0.79969	0.03570	0.04510	0.00977	0.00564	0.00150	0.00225	0.00864	0.00526	0.00451
28	0.01267	0.01009	0.01083	0.00963	0.01241	0.01149	0.00752	0.02523	0.72989	0.08414	0.01940	0.01770	0.01436	0.00644	0.00486	0.00161	0.00381	0.00536	0.00495	0.00761
29	0.00991	0.10661	0.72820	0.01307	0.01984	0.01189	0.01670	0.01505	0.01005	0.01474	0.00838	0.00985	0.00606	0.00450	0.00439	0.00146	0.00687	0.00343	0.00202	0.00697
30	0.01181	0.01344	0.02233	0.01687	0.02020	0.12934	0.48418	0.01470	0.01075	0.01390	0.00953	0.05285	0.00813	0.00554	0.00739	0.00166	0.16358	0.00539	0.00246	0.00595
31	0.00573	0.00476	0.00501	0.00512	0.00655	0.00404	0.00378	0.00694	0.01081	0.01314	0.08364	0.14207	0.66730	0.01234	0.00570	0.00165	0.00246	0.01045	0.00448	0.00404
32	0.00584	0.00484	0.00505	0.00512	0.00658	0.00413	0.00382	0.00705	0.01073	0.01296	0.06737	0.07073	0.68315	0.05155	0.00660	0.00179	0.00262	0.04171	0.00439	0.00400
33	0.21115	0.07832	0.04436	0.00857	0.01240	0.01135	0.00738	0.24036	0.05090	0.04279	0.00961	0.01025	0.00732	0.00468	0.00387	0.00122	0.00438	0.00339	0.00352	0.24419
34	0.01100	0.01066	0.01745	0.30894	0.50813	0.03324	0.01402	0.01392	0.01049	0.01430	0.00877	0.01206	0.00711	0.00446	0.00474	0.00148	0.00600	0.00422	0.00228	0.00671
35	0.00582	0.00490	0.00508	0.00517	0.00674	0.00415	0.00396	0.00711	0.01090	0.01303	0.04653	0.04664	0.73717	0.01219	0.00573	0.00166	0.00258	0.07214	0.00444	0.00406
36	0.23359	0.11170	0.01808	0.01308	0.05576	0.01189	0.27985	0.01624	0.08942	0.07081	0.01004	0.01146	0.00764	0.00451	0.00435	0.00144	0.00553	0.00419	0.00301	0.04741
37	0.00708	0.00699	0.07221	0.00764	0.00903	0.02733	0.02354	0.00899	0.02111	0.01449	0.21268	0.45017	0.04323	0.01180	0.00573	0.00174	0.00337	0.04234	0.00430	0.02622
38	0.01128	0.07948	0.23362	0.04485	0.01578	0.13295	0.02686	0.01491	0.08082	0.01346	0.01066	0.03468	0.03868	0.00639	0.00764	0.00162	0.23344	0.00434	0.00254	0.00601
39	0.01678	0.21853	0.01626	0.01110	0.01407	0.55503	0.00888	0.04942	0.01299	0.04475	0.00784	0.00882	0.00646	0.00480	0.00405	0.00120	0.00745	0.00307	0.00260	0.00590
40	0.01108	0.01101	0.01419	0.01203	0.01265	0.05230	0.00995	0.04350	0.00845	0.01260	0.00672	0.01037	0.00641	0.00770	0.01370	0.00191	0.68387	0.00402	0.00228	0.07526
41	0.01183	0.01136	0.01940	0.02934	0.80221	0.01136	0.01467	0.01467	0.01088	0.01562	0.00899	0.01183	0.00757	0.00426	0.00473	0.00142	0.00568	0.00426	0.00237	0.00757
42	0.00668	0.00485	0.00646	0.00748	0.00813	0.00474	0.00563	0.00848	0.04174	0.01320	0.02572	0.54314	0.02958	0.01405	0.00621	0.00201	0.00335	0.25990	0.00444	0.00420
43	0.01194	0.01007	0.01065	0.00956	0.01226	0.01156	0.00744	0.02484	0.75411	0.03784	0.02024	0.01857	0.03616	0.00663	0.00488	0.00162	0.00375	0.00552	0.00488	0.00748
44	0.00683	0.00512	0.00768	0.00768	0.00853	0.00597	0.00597	0.00853	0.00768	0.01110	0.01280	0.01878	0.01195	0.03585	0.81308	0.00768	0.01280	0.00512	0.00256	0.00427
45	0.01245	0.01035	0.01138	0.01108	0.07641	0.04565	0.00791	0.22372	0.31094	0.02022	0.01750	0.19962	0.01579	0.00796	0.00509	0.00161	0.00431	0.00677	0.00444	0.00679
46	0.01046	0.01046	0.01464	0.01255	0.01255	0.01464	0.01046	0.01150	0.00732	0.01150	0.00627	0.01046	0.00627	0.00837	0.01569	0.00209	0.82328	0.00418	0.00209	0.00523
47	0.86579	0.00924	0.00702	0.00629	0.00924	0.01072	0.00518	0.01405	0.00813	0.02144	0.00666	0.00776	0.00518	0.00444	0.00296	0.00148	0.00370	0.00259	0.00296	0.00518
48	0.01516	0.33425	0.08520	0.01088	0.01454	0.34724	0.03618	0.04212	0.01200	0.05066	0.00797	0.00898	0.00651	0.00461	0.00394	0.00121	0.00679	0.00313	0.00250	0.00614
49	0.00683	0.00511	0.00764	0.00764	0.00848	0.00595	0.00592	0.00851	0.00767	0.01107	0.01284	0.01899	0.01204	0.04911	0.79994	0.00763	0.01267	0.00515	0.00257	0.00424
50	0.00593	0.00432	0.00593	0.00686	0.00723	0.00403	0.01689	0.00685	0.00929	0.01241	0.04384	0.79767	0.03153	0.01468	0.00608	0.00193	0.00285	0.01335	0.00442	0.00394
51	0.00581	0.00482	0.00489	0.00489	0.00630	0.00411	0.00354	0.00687	0.01041	0.01246	0.04430	0.04418	0.70368	0.11326	0.00795	0.00199	0.00269	0.00970	0.00425	0.00389
52	0.01063	0.01074	0.01461	0.01254	0.01260	0.03297	0.01043	0.01168	0.00746	0.01151	0.00630	0.01041	0.00627	0.00829	0.01542	0.00207	0.80457	0.00416	0.00210	0.00524
53	0.00675	0.00504	0.00751	0.00760	0.00840	0.00580	0.00585	0.00838	0.00780	0.01119	0.01391	0.08493	0.01355	0.03414	0.74719	0.00721	0.01198	0.00581	0.00271	0.00424
54	0.00791	0.00688	0.00692	0.00652	0.00842	0.02936	0.00497	0.02522	0.21066	0.01560	0.11519	0.03614	0.48799	0.01013	0.00540	0.00159	0.00298	0.00845	0.00458	0.00509
55	0.00892	0.00478	0.00526	0.07109	0.00780	0.00496	0.00415	0.01122	0.00999	0.01736	0.01501	0.01740	0.01177	0.00550	0.00346	0.00115	0.00257	0.00444	0.78863	0.00452
56	0.01182	0.21705	0.52137	0.01169	0.01762	0.01247	0.01407	0.01595	0.01044	0.11172	0.00938	0.01027	0.00679	0.00460	0.00422	0.00139	0.00623	0.00345	0.00251	0.00697
57	0.01686	0.16177	0.01553	0.01161	0.01431	0.66375	0.00907	0.01814	0.01279	0.01162	0.00724	0.00849	0.00615	0.00484	0.00428	0.00121	0.02129	0.00301	0.00238	0.00564
58	0.01068	0.01035	0.01812	0.34034	0.43563	0.01113	0.07701	0.01375	0.01039	0.01425	0.00885	0.01228	0.00707	0.00444	0.00482	0.00150	0.00615	0.00437	0.00227	0.00659
59	0.00586	0.00455	0.00534	0.00577	0.00675	0.00403	0.00409	0.00704	0.01047	0.01339	0.13272	0.38296	0.37385	0.01305	0.00584	0.00174	0.00255	0.01142	0.00454	0.00403
60	0.00619	0.00511	0.00546	0.00533	0.00689	0.00451	0.00401	0.00821	0.04904	0.01459	0.20777	0.04244	0.60096	0.01134	0.00561	0.00159	0.00245	0.00955	0.00463	0.00431
61	0.00683	0.00512	0.00768	0.00768	0.00853	0.00597	0.00597	0.00853	0.00768	0.01110	0.01280	0.01878	0.01195	0.03585	0.81308	0.00768	0.01280	0.00512	0.00256	0.00427
62	0.00731	0.00522	0.00725	0.00836	0.00928	0.00516	0.00702	0.00923	0.01062	0.01387	0.02552	0.21508	0.02836	0.01357	0.00650	0.00215	0.00406	0.61273	0.00441	0.00429
63	0.00901	0.00466	0.00467	0.00464	0.00581	0.00471	0.00349	0.01163	0.03705	0.01789	0.01573	0.01782	0.01233	0.00560	0.00339	0.00113	0.00228	0.00449	0.82911	0.00456
64	0.00565	0.00484	0.00484	0.00484	0.00646	0.00403	0.00363	0.00686	0.01089	0.01291	0.04842	0.04600	0.80027	0.01210	0.00565	0.00161	0.00242	0.01009	0.00444	0.00403
65	0.01243	0.01053	0.01111	0.00984	0.01263	0.01214	0.00770	0.09058	0.72751	0.02086	0.01877	0.01729	0.01404	0.00642	0.00486	0.00161	0.00391	0.00531	0.00486	0.00761
66	0.01278	0.83490	0.02505	0.00818	0.01227	0.01891	0.00818	0.01431	0.00971	0.01125	0.00664	0.00767	0.00613	0.00409	0.00307	0.00102	0.00511	0.00256	0.00204	0.00613
67	0.05592	0.44826	0.01929	0.00981	0.01319	0.33417	0.00848	0.03874	0.01153	0.01247	0.00708	0.00816	0.00616	0.00449	0.00361	0.00114	0.00644	0.00282	0.00233	0.00591
68	0.05317	0.05779	0.46318	0.11648	0.16472	0.01124	0.01511	0.01436	0.01003	0.01491	0.00894	0.03306	0.00704	0.00478	0.00450	0.00149	0.00634	0.00394	0.00221	0.00671
69	0.00695	0.00465	0.00528	0.00528	0.00530	0.00467	0.00298	0.00699	0.00697	0.00932	0.01500	0.03093	0.01723	0.81003	0.04612	0.00472	0.00486	0.00690	0.00289	0.00293
70	0.01077	0.31843	0.46925	0.01120	0.01700	0.01363	0.01341	0.01463	0.00994	0.01375	0.00787	0.00920	0.00615	0.00431	0.00394	0.00128	0.00612	0.00313	0.00208	0.06392
71	0.00890	0.00832	0.01409	0.68282	0.06423	0.01003	0.03450	0.01186	0.00963	0.01245	0.01030	0.09273	0.00892	0.00573	0.00493	0.00162	0.00604	0.00520	0.00237	0.00530
72	0.01746	0.01289	0.01427	0.01113	0.01479	0.07813	0.06051	0.46282	0.09449	0.15078	0.01293	0.01270	0.00911	0.00562	0.00479	0.00144	0.00536	0.00446	0.00459	0.02173
73	0.00919	0.00867	0.01460	0.76741	0.07128	0.01072	0.01330	0.01232	0.00959	0.01237	0.00848	0.01266	0.00643	0.00481	0.00496	0.00159	0.01981	0.00425	0.00214	0.00542
74	0.02122	0.00849	0.01131	0.00867	0.01238	0.00756	0.00717	0.07541	0.01428	0.75255	0.01835	0.01594	0.01158	0.00590	0.00480	0.00148	0.00415	0.00477	0.00584	0.00813
75	0.00695	0.00463	0.00521	0.00521	0.00521	0.00463	0.00290	0.00695	0.00695	0.00927	0.01506	0.03128	0.01738	0.83203	0.02433	0.00463	0.00463	0.00695	0.00290	0.00290
76	0.00723	0.00491	0.00639	0.00711	0.00782	0.00469	0.00512	0.03961	0.01015	0.04558	0.02583	0.61959	0.05424	0.02760	0.00635	0.00197	0.00316	0.11388	0.00448	0.00429
77	0.00693	0.00473	0.00571	0.00571	0.00588	0.00490	0.00352	0.00727	0.00710	0.00964	0.01460	0.02875	0.01628	0.67108	0.18377	0.00525	0.00629	0.00658	0.00283	0.00317
78	0.00582	0.00416	0.00555	0.00666	0.00693	0.00388	0.00444	0.00666	0.00915	0.01220	0.02634	0.82891	0.03161	0.01497	0.00610	0.00194	0.00277	0.01359	0.00444	0.00388
79	0.03775	0.01039	0.03637	0.01134	0.01494	0.00996	0.14891	0.14172	0.10305	0.32832	0.01579	0.01765	0.01158	0.00617	0.00525	0.00158	0.02000	0.06733	0.00460	0.00730
80	0.01181	0.58901	0.26245	0.00983	0.01482	0.01654	0.01106	0.01456	0.00983	0.01243	0.00723	0.00840	0.00611	0.00423	0.00351	0.00117	0.00570	0.00285	0.00204	0.00642
81	0.00590	0.00485	0.00520	0.00511	0.00661	0.00414	0.00383	0.00735	0.01150	0.01434	0.22039	0.04364	0.62741	0.01157	0.00565	0.00159	0.00238	0.00976	0.00463	0.00414
82	0.01254	0.01292	0.01848	0.03868	0.61077	0.12495	0.03643	0.01509	0.01105	0.01476	0.00862	0.01134	0.00727	0.00459	0.00532	0.00144	0.05217	0.00413	0.00236	0.00708
83	0.01166	0.01427	0.13538	0.01959	0.14342	0.01216	0.46209	0.07798	0.01180	0.01639	0.00942	0.01212	0.00716	0.00445	0.00568	0.00157	0.04056	0.00496	0.00253	0.00680
84	0.01072	0.01019	0.01715	0.34352	0.47445	0.01108	0.01392	0.01399	0.03191	0.01438	0.00908	0.01236	0.00729	0.00453	0.00475	0.00149	0.00590	0.00429	0.00234	0.00667
85	0.00695	0.00463	0.00521	0.00521	0.00521	0.00463	0.00290	0.00695	0.00695	0.00927	0.01506	0.03128	0.01738	0.83203	0.02433	0.00463	0.00463	0.00695	0.00290	0.00290
86	0.00618	0.00520	0.00542	0.00546	0.00700	0.00466	0.00405	0.00835	0.07459	0.01340	0.04333	0.14029	0.64128	0.01200	0.00564	0.00165	0.00258	0.01014	0.00447	0.00430
87	0.01313	0.01077	0.01937	0.01440	0.01793	0.01078	0.39397	0.09606	0.01223	0.13756	0.01175	0.01370	0.00865	0.00516	0.00614	0.00155	0.09101	0.00505	0.12430	0.00647
88	0.01100	0.00926	0.01015	0.00953	0.01190	0.01054	0.00759	0.02213	0.62836	0.01879	0.02069	0.02545	0.01732	0.00790	0.00523	0.00174	0.00391	0.16683	0.00477	0.00690
89	0.00683	0.00512	0.00768	0.00768	0.00853	0.00597	0.00597	0.00853	0.00768	0.01110	0.01280	0.01878	0.01195	0.03585	0.81308	0.00768	0.01280	0.00512	0.00256	0.00427
90	0.86579	0.00924	0.00702	0.00629	0.00924	0.01072	0.00518	0.01405	0.00813	0.02144	0.00666	0.00776	0.00518	0.00444	0.00296	0.00148	0.00370	0.00259	0.00296	0.00518
91	0.00582	0.00416	0.00555	0.00666	0.00693	0.00388	0.00444	0.00666	0.00915	0.01220	0.02634	0.82891	0.03161	0.01497	0.00610	0.00194	0.00277	0.01359	0.00444	0.00388
92	0.01254	0.01171	0.01906	0.01454	0.01835	0.01213	0.35972	0.09870	0.33724	0.04215	0.01419	0.01490	0.01052	0.00528	0.00521	0.00159	0.00588	0.00538	0.00378	0.00713
93	0.00928	0.00544	0.00720	0.00644	0.00801	0.00494	0.00494	0.01147	0.01356	0.15394	0.66586	0.03237	0.03940	0.00911	0.00549	0.00150	0.00257	0.00799	0.00537	0.00513
94	0.02144	0.00813	0.01109	0.00850	0.01220	0.00702	0.00702	0.02329	0.01368	0.80552	0.01886	0.01627	0.01183	0.00592	0.00481	0.00148	0.00407	0.00481	0.00592	0.00813
95	0.01189	0.01027	0.01081	0.00973	0.01243	0.01189	0.00757	0.02540	0.79357	0.01999	0.01945	0.01783	0.01459	0.00648	0.00486	0.00162	0.00378	0.00540	0.00486	0.00757
96	0.02144	0.00813	0.01109	0.00850	0.01220	0.00702	0.00702	0.02329	0.01368	0.80552	0.01886	0.01627	0.01183	0.00592	0.00481	0.00148	0.00407	0.00481	0.00592	0.00813
97	0.00568	0.00474	0.00495	0.00512	0.00653	0.00401	0.00376	0.00683	0.01062	0.01280	0.04499	0.16758	0.68090	0.01255	0.00572	0.00166	0.00248	0.01063	0.00444	0.00401
98	0.01882	0.00875	0.01113	0.00862	0.01229	0.00796	0.00705	0.07294	0.09368	0.57595	0.01715	0.01532	0.01128	0.00567	0.00465	0.00140	0.00405	0.00459	0.00535	0.11333
99	0.00684	0.00508	0.00750	0.00750	0.00829	0.00588	0.00575	0.00842	0.00763	0.01096	0.01297	0.01970	0.01235	0.09474	0.75474	0.00746	0.01220	0.00526	0.00259	0.00417
100	0.02095	0.00892	0.01158	0.00888	0.01259	0.00819	0.00733	0.13771	0.01500	0.68924	0.01775	0.01555	0.01128	0.00589	0.00480	0.00147	0.00425	0.00473	0.00575	0.00813
101	0.00770	0.00550	0.00770	0.00880	0.00990	0.00550	0.00770	0.00990	0.01100	0.01430	0.02531	0.05391	0.02751	0.01320	0.00660	0.00220	0.00440	0.77004	0.00440	0.00440
102	0.01785	0.02278	0.01354	0.01231	0.01478	0.81284	0.00924	0.01909	0.01354	0.01170	0.00739	0.00862	0.00616	0.00493	0.00431	0.00123	0.00862	0.00308	0.00246	0.00554
103	0.01250	0.01088	0.01113	0.00990	0.01266	0.03808	0.00772	0.07574	0.71702	0.02040	0.01853	0.01711	0.01389	0.00638	0.00484	0.00160	0.00404	0.00526	0.00478	0.00754
104	0.00959	0.02472	0.80726	0.01362	0.02069	0.01110	0.01766	0.01514	0.01009	0.01514	0.00858	0.01009	0.00605	0.00454	0.00454	0.00151	0.00706	0.00353	0.00202	0.00706
105	0.00695	0.00463	0.00521	0.00521	0.00521	0.00463	0.00290	0.00695	0.00695	0.00927	0.01506	0.03128	0.01738	0.83203	0.02433	0.00463	0.00463	0.00695	0.00290	0.00290
106	0.01863	0.01264	0.01388	0.01064	0.01445	0.01372	0.00879	0.67832	0.02123	0.13983	0.01252	0.01215	0.00865	0.00576	0.00478	0.00144	0.00509	0.00437	0.00494	0.00813
107	0.01090	0.01020	0.01662	0.34973	0.39839	0.01133	0.01344	0.04550	0.04265	0.01486	0.00923	0.01239	0.00735	0.00476	0.00512	0.00152	0.03265	0.00430	0.00246	0.00659
108	0.00789	0.00624	0.00727	0.00677	0.00837	0.00630	0.00515	0.01282	0.21010	0.01842	0.48741	0.03277	0.15325	0.00930	0.00544	0.00155	0.00267	0.00805	0.00503	0.00521
109	0.00594	0.00429	0.00565	0.00670	0.00710	0.00400	0.00461	0.00688	0.00937	0.01238	0.02752	0.73284	0.07470	0.01469	0.00611	0.00194	0.00286	0.06404	0.00443	0.00393
110	0.02054	0.00958	0.01199	0.00919	0.01292	0.00917	0.00759	0.23367	0.01610	0.59172	0.01682	0.01495	0.01081	0.00587	0.00480	0.00147	0.00440	0.00467	0.00560	0.00813
111	0.01423	0.04837	0.09939	0.01377	0.01787	0.09007	0.26754	0.12435	0.09158	0.13542	0.01206	0.02762	0.00894	0.00522	0.00516	0.00151	0.02163	0.00483	0.00349	0.00694
112	0.01046	0.04025	0.17342	0.05794	0.04409	0.01135	0.49060	0.01437	0.01073	0.01475	0.01065	0.07879	0.00894	0.00507	0.00532	0.00159	0.00719	0.00568	0.00248	0.00632
113	0.00770	0.00550	0.00770	0.00880	0.00990	0.00550	0.00770	0.00990	0.01100	0.01430	0.02531	0.05391	0.02751	0.01320	0.00660	0.00220	0.00440	0.77004	0.00440	0.00440
114	0.01098	0.00967	0.01262	0.16405	0.17027	0.06460	0.00956	0.07685	0.07851	0.04009	0.23686	0.01915	0.01870	0.00661	0.00572	0.00153	0.05902	0.00555	0.00365	0.00604
115	0.01213	0.00853	0.01200	0.01165	0.10217	0.00932	0.03828	0.12916	0.02483	0.14085	0.01257	0.01651	0.01059	0.09840	0.25047	0.00372	0.10447	0.00495	0.00342	0.00596
116	0.00724	0.00483	0.00602	0.00613	0.00661	0.00505	0.00425	0.00818	0.00794	0.01132	0.01558	0.02866	0.01636	0.43769	0.22648	0.00475	0.00645	0.08433	0.10853	0.00360
117	0.01806	0.01668	0.01406	0.01146	0.01481	0.29469	0.00914	0.51721	0.01934	0.02366	0.01004	0.01047	0.00744	0.00545	0.00462	0.00136	0.00644	0.00387	0.00397	0.00722
118	0.01119	0.15304	0.31196	0.01541	0.02090	0.01297	0.34441	0.04651	0.01104	0.01518	0.00884	0.01095	0.00667	0.00430	0.00478	0.00147	0.00709	0.00431	0.00231	0.00669
119	0.18708	0.07951	0.01367	0.00976	0.01343	0.01414	0.00818	0.54967	0.01834	0.04651	0.01031	0.01054	0.00747	0.00535	0.00428	0.00141	0.00491	0.00383	0.00422	0.00738
120	0.12377	0.00921	0.01361	0.39151	0.02254	0.02347	0.09822	0.02684	0.09562	0.01535	0.05940	0.05546	0.01091	0.00578	0.00506	0.00160	0.02808	0.00504	0.00293	0.00559

[dist]
# distance from previous block
# <min> <max>
0	1

[block]
# block no. 1 follows, 53 sequences, length 95
# corresponding to MSA columns:
# 145-239
name=unknown_B
#
# <colnr> <probs for GDERKNQSTAVLIFYWHMCP>
#	G	D	E	R	K	N	Q	S	T	A	V	L	I	F	Y	W	H	M	C	P
0	0.01008	0.06835	0.57268	0.01392	0.01966	0.01211	0.10415	0.01465	0.00986	0.01447	0.00830	0.01032	0.00622	0.00494	0.00599	0.00157	0.11015	0.00380	0.00207	0.00671
1	0.00800	0.00671	0.01021	0.00880	0.01057	0.00675	0.11571	0.01175	0.11042	0.01683	0.39847	0.06288	0.04124	0.01359	0.15338	0.00269	0.00523	0.00741	0.00426	0.00509
2	0.01262	0.78341	0.06020	0.00845	0.01265	0.01843	0.00860	0.01455	0.02381	0.01158	0.00696	0.00796	0.00628	0.00415	0.00317	0.00106	0.00518	0.00265	0.00209	0.00620
3	0.01549	0.01127	0.05158	0.01063	0.02701	0.04280	0.04186	0.15755	0.27194	0.23933	0.01663	0.01754	0.01232	0.00633	0.00494	0.00156	0.00474	0.05430	0.00473	0.00746
4	0.00567	0.00477	0.00491	0.00502	0.00650	0.00402	0.00371	0.00684	0.01072	0.01284	0.04624	0.12341	0.72427	0.01239	0.00569	0.00165	0.00246	0.01043	0.00444	0.00402
5	0.12424	0.01247	0.01425	0.01102	0.01473	0.01368	0.07356	0.54994	0.07771	0.04397	0.01148	0.01171	0.00825	0.00549	0.00463	0.00147	0.00516	0.00429	0.00438	0.00757
6	0.00960	0.00946	0.01715	0.62804	0.07739	0.01093	0.15340	0.01292	0.00995	0.01298	0.00874	0.01272	0.00660	0.00461	0.00493	0.00159	0.00664	0.00450	0.00219	0.00565
7	0.00725	0.00499	0.00654	0.00610	0.00731	0.00459	0.00459	0.00949	0.01353	0.04522	0.77382	0.03506	0.04400	0.00964	0.00561	0.00150	0.00231	0.00852	0.00528	0.00463
8	0.01215	0.01292	0.01503	0.01460	0.11274	0.16315	0.01074	0.02725	0.00920	0.01239	0.00692	0.01031	0.00645	0.00716	0.01198	0.00183	0.55332	0.00399	0.00224	0.00563
9	0.75765	0.01120	0.10809	0.00721	0.01069	0.01077	0.00675	0.01419	0.00838	0.02065	0.00690	0.00806	0.00529	0.00445	0.00316	0.00148	0.00412	0.00271	0.00284	0.00541
10	0.01108	0.04379	0.14585	0.01874	0.02388	0.01218	0.64138	0.01525	0.01105	0.01514	0.00940	0.01228	0.00703	0.00411	0.00538	0.00158	0.00780	0.00521	0.00234	0.00653
11	0.00567	0.00484	0.00488	0.00487	0.00647	0.00405	0.00365	0.00691	0.01095	0.01305	0.06480	0.04577	0.78380	0.01205	0.00565	0.00161	0.00242	0.01006	0.00446	0.00405
12	0.06491	0.75749	0.04986	0.00824	0.01236	0.01815	0.00831	0.01432	0.00963	0.01200	0.00671	0.00775	0.00607	0.00413	0.00311	0.00107	0.00509	0.00259	0.00210	0.00611
13	0.00959	0.02472	0.80726	0.01362	0.02069	0.01110	0.01766	0.01514	0.01009	0.01514	0.00858	0.01009	0.00605	0.00454	0.00454	0.00151	0.00706	0.00353	0.00202	0.00706
14	0.00582	0.00416	0.00555	0.00666	0.00693	0.00388	0.00444	0.00666	0.00915	0.01220	0.02634	0.82891	0.03161	0.01497	0.00610	0.00194	0.00277	0.01359	0.00444	0.00388
15	0.01135	0.01087	0.01853	0.16478	0.67052	0.01123	0.01443	0.01425	0.01066	0.01503	0.00891	0.01199	0.00737	0.00435	0.00474	0.00145	0.00580	0.00426	0.00232	0.00718
16	0.01267	0.73075	0.02325	0.00837	0.01229	0.01803	0.00810	0.01571	0.10871	0.01235	0.00826	0.00895	0.00720	0.00439	0.00329	0.00110	0.00494	0.00292	0.00240	0.00631
17	0.00565	0.00484	0.00484	0.00484	0.00646	0.00403	0.00363	0.00686	0.01089	0.01291	0.04842	0.04600	0.80027	0.01210	0.00565	0.00161	0.00242	0.01009	0.00444	0.00403
18	0.00767	0.00548	0.00765	0.00869	0.00979	0.00546	0.00758	0.00987	0.01110	0.01449	0.05559	0.05320	0.02820	0.01307	0.00656	0.00217	0.00432	0.74026	0.00443	0.00441
19	0.00666	0.00488	0.00624	0.00590	0.00707	0.00446	0.00442	0.00881	0.01327	0.01856	0.72646	0.03671	0.11871	0.01000	0.00564	0.00151	0.00227	0.00878	0.00518	0.00446
20	0.01183	0.01136	0.01940	0.02934	0.80221	0.01136	0.01467	0.01467	0.01088	0.01562	0.00899	0.01183	0.00757	0.00426	0.00473	0.00142	0.00568	0.00426	0.00237	0.00757
21	0.01785	0.02278	0.01354	0.01231	0.01478	0.81284	0.00924	0.01909	0.01354	0.01170	0.00739	0.00862	0.00616	0.00493	0.00431	0.00123	0.00862	0.00308	0.00246	0.00554
22	0.00565	0.00484	0.00484	0.00484	0.00646	0.00403	0.00363	0.00686	0.01089	0.01291	0.04842	0.04600	0.80027	0.01210	0.00565	0.00161	0.00242	0.01009	0.00444	0.00403
23	0.01102	0.38838	0.45616	0.01118	0.01691	0.01461	0.01340	0.01477	0.00992	0.01339	0.00771	0.00900	0.00609	0.00434	0.00388	0.00129	0.00619	0.00309	0.00203	0.00665
24	0.12506	0.01765	0.01301	0.01107	0.01409	0.42078	0.00867	0.29797	0.01611	0.01964	0.00878	0.00955	0.00675	0.00516	0.00431	0.00134	0.00677	0.00346	0.00337	0.00644
25	0.00598	0.00455	0.00551	0.00592	0.00682	0.00407	0.00419	0.00725	0.01071	0.01400	0.20786	0.39509	0.28502	0.01287	0.00585	0.00174	0.00254	0.01133	0.00462	0.00407
26	0.00982	0.00879	0.01164	0.37305	0.02087	0.01033	0.00963	0.01714	0.34281	0.01561	0.01819	0.01911	0.11013	0.00643	0.00492	0.00161	0.00477	0.00548	0.00358	0.00611
27	0.12249	0.38261	0.01746	0.00908	0.01241	0.17968	0.00792	0.01694	0.05811	0.11053	0.00906	0.00964	0.00723	0.00483	0.00408	0.00125	0.03442	0.00317	0.00289	0.00619
28	0.00903	0.00850	0.01434	0.82054	0.03292	0.01062	0.01327	0.01221	0.00956	0.01221	0.00850	0.01274	0.00637	0.00478	0.00478	0.00159	0.00637	0.00425	0.00212	0.00531
29	0.86579	0.00924	0.00702	0.00629	0.00924	0.01072	0.00518	0.01405	0.00813	0.02144	0.00666	0.00776	0.00518	0.00444	0.00296	0.00148	0.00370	0.00259	0.00296	0.00518
30	0.00959	0.02472	0.80726	0.01362	0.02069	0.01110	0.01766	0.01514	0.01009	0.01514	0.00858	0.01009	0.00605	0.00454	0.00454	0.00151	0.00706	0.00353	0.00202	0.00706
31	0.01010	0.00959	0.01628	0.51657	0.32847	0.01090	0.01381	0.01316	0.01007	0.01352	0.00869	0.01239	0.00683	0.00458	0.00476	0.00153	0.00611	0.00425	0.00222	0.00618
32	0.00580	0.00425	0.00546	0.00643	0.00687	0.00390	0.00434	0.00668	0.00937	0.01229	0.02913	0.73003	0.12869	0.01461	0.00604	0.00190	0.00273	0.01315	0.00444	0.00390
33	0.00999	0.12705	0.70847	0.01294	0.01962	0.01209	0.01646	0.01503	0.01004	0.01465	0.00833	0.00978	0.00606	0.00448	0.00435	0.00145	0.00682	0.00341	0.00202	0.00695
34	0.00623	0.00471	0.00666	0.10945	0.01021	0.00473	0.00555	0.00736	0.00920	0.01220	0.02409	0.72583	0.02842	0.01369	0.00593	0.00190	0.00323	0.01241	0.00414	0.00406
35	0.00582	0.00416	0.00555	0.00666	0.00693	0.00388	0.00444	0.00666	0.00915	0.01220	0.02634	0.82891	0.03161	0.01497	0.00610	0.00194	0.00277	0.01359	0.00444	0.00388
36	0.00712	0.00739	0.10754	0.00697	0.00885	0.00534	0.00617	0.00979	0.01310	0.01866	0.69977	0.03247	0.04017	0.00911	0.00550	0.00150	0.00286	0.00800	0.00485	0.00483
37	0.01710	0.02120	0.01320	0.01199	0.01448	0.71168	0.00902	0.01988	0.11206	0.01275	0.00891	0.00978	0.00722	0.00512	0.00438	0.00128	0.00801	0.00337	0.00277	0.00580
38	0.01291	0.01132	0.02048	0.02448	0.51452	0.01099	0.19992	0.01591	0.01133	0.11530	0.01040	0.01265	0.00803	0.00441	0.00496	0.00147	0.00605	0.00466	0.00283	0.00737
39	0.01398	0.01044	0.01134	0.00975	0.01274	0.01169	0.00771	0.13273	0.58603	0.12064	0.01825	0.01674	0.01333	0.00631	0.00484	0.00158	0.00403	0.00517	0.00498	0.00772
40	0.00999	0.12705	0.70847	0.01294	0.01962	0.01209	0.01646	0.01503	0.01004	0.01465	0.00833	0.00978	0.00606	0.00448	0.00435	0.00145	0.00682	0.00341	0.00202	0.00695
41	0.12449	0.01963	0.01250	0.01123	0.01383	0.61331	0.00854	0.06492	0.04837	0.01444	0.00879	0.00975	0.02028	0.00511	0.00422	0.00130	0.00747	0.00332	0.00281	0.00572
42	0.00582	0.00416	0.00555	0.00666	0.00693	0.00388	0.00444	0.00666	0.00915	0.01220	0.02634	0.82891	0.03161	0.01497	0.00610	0.00194	0.00277	0.01359	0.00444	0.00388
43	0.01273	0.01014	0.01323	0.35438	0.02151	0.01165	0.01028	0.35895	0.01530	0.02025	0.01209	0.11525	0.01035	0.00650	0.00495	0.00157	0.00542	0.00545	0.00361	0.00639
44	0.12465	0.06774	0.01338	0.01131	0.01393	0.66591	0.00866	0.01818	0.01264	0.01290	0.00725	0.00846	0.00603	0.00482	0.00407	0.00125	0.00780	0.00299	0.00250	0.00553
45	0.01756	0.02043	0.01352	0.01194	0.01465	0.62899	0.00911	0.15079	0.06108	0.01534	0.00880	0.00965	0.00699	0.00516	0.00442	0.00129	0.00776	0.00343	0.00300	0.00610
46	0.01883	0.01233	0.01369	0.01050	0.01430	0.01325	0.00867	0.63284	0.02070	0.18605	0.01296	0.01244	0.00887	0.00577	0.00479	0.00144	0.00502	0.00440	0.00501	0.00813
47	0.00741	0.00557	0.00695	0.00648	0.00781	0.00544	0.00490	0.01109	0.11205	0.01927	0.70115	0.03345	0.04125	0.00936	0.00554	0.00152	0.00245	0.00823	0.00521	0.00490
48	0.01797	0.02459	0.01227	0.00957	0.01307	0.01082	0.00781	0.25969	0.20489	0.36196	0.01651	0.01501	0.01125	0.00597	0.00478	0.00149	0.00439	0.00476	0.00524	0.00796
49	0.00695	0.00463	0.00521	0.00521	0.00521	0.00463	0.00290	0.00695	0.00695	0.00927	0.01506	0.03128	0.01738	0.83203	0.02433	0.00463	0.00463	0.00695	0.00290	0.00290
50	0.00903	0.00850	0.01434	0.82054	0.03292	0.01062	0.01327	0.01221	0.00956	0.01221	0.00850	0.01274	0.00637	0.00478	0.00478	0.00159	0.00637	0.00425	0.00212	0.00531
51	0.01149	0.01210	0.02369	0.02395	0.37333	0.01187	0.40689	0.01486	0.01094	0.01529	0.00922	0.01231	0.00735	0.00431	0.00565	0.00155	0.04095	0.00496	0.00238	0.00690
52	0.01697	0.00970	0.01138	0.00934	0.01263	0.01008	0.00751	0.12055	0.34613	0.37386	0.01818	0.01633	0.01254	0.00613	0.00483	0.00153	0.00410	0.00500	0.00533	0.00789
53	0.01817	0.01339	0.01434	0.01100	0.01482	0.01482	0.00908	0.78627	0.02247	0.03012	0.01148	0.01148	0.00813	0.00574	0.00478	0.00143	0.00526	0.00430	0.00478	0.00813
54	0.00903	0.00850	0.01434	0.82054	0.03292	0.01062	0.01327	0.01221	0.00956	0.01221	0.00850	0.01274	0.00637	0.00478	0.00478	0.00159	0.00637	0.00425	0.00212	0.00531
55	0.01622	0.01989	0.01341	0.11417	0.01686	0.64221	0.00960	0.01876	0.08054	0.01248	0.00857	0.00994	0.00691	0.00504	0.00442	0.00131	0.00792	0.00343	0.00263	0.00569
56	0.00581	0.00420	0.00550	0.00655	0.00690	0.00389	0.00439	0.00667	0.00926	0.01224	0.02768	0.78155	0.07810	0.01480	0.00607	0.00192	0.00275	0.01338	0.00444	0.00389
57	0.02103	0.00880	0.01150	0.00882	0.01253	0.00801	0.00729	0.11966	0.01479	0.70759	0.01792	0.01566	0.01136	0.00589	0.00480	0.00147	0.00422	0.00474	0.00577	0.00813
58	0.00903	0.00850	0.01434	0.82054	0.03292	0.01062	0.01327	0.01221	0.00956	0.01221	0.00850	0.01274	0.00637	0.00478	0.00478	0.00159	0.00637	0.00425	0.00212	0.00531
59	0.01273	0.01178	0.05183	0.01441	0.01838	0.01133	0.35681	0.02018	0.31130	0.11690	0.01453	0.01510	0.01059	0.00523	0.00519	0.00159	0.00587	0.00536	0.00378	0.00711
60	0.00744	0.00531	0.00740	0.00850	0.00948	0.00527	0.00724	0.00944	0.01074	0.01401	0.02545	0.16351	0.02809	0.01345	0.00653	0.00216	0.00417	0.66307	0.00441	0.00433
61	0.00695	0.00463	0.00521	0.00521	0.00521	0.00463	0.00290	0.00695	0.00695	0.00927	0.01506	0.03128	0.01738	0.83203	0.02433	0.00463	0.00463	0.00695	0.00290	0.00290
62	0.00830	0.00415	0.00623	0.00623	0.00623	0.00415	0.00415	0.00623	0.00623	0.00830	0.00830	0.01453	0.00830	0.01660	0.01868	0.86094	0.00415	0.00415	0.00208	0.00208
63	0.01040	0.00990	0.01682	0.43244	0.41027	0.01098	0.01396	0.01342	0.01021	0.01388	0.00874	0.01229	0.00696	0.00452	0.00476	0.00151	0.00603	0.00425	0.00224	0.00642
64	0.01733	0.01973	0.01428	0.01372	0.09219	0.57072	0.00974	0.17568	0.01511	0.01585	0.00838	0.00952	0.00670	0.00503	0.00445	0.00129	0.00764	0.00345	0.00293	0.00627
65	0.00645	0.00490	0.00595	0.00578	0.00706	0.00441	0.00439	0.00836	0.01253	0.01686	0.51324	0.04002	0.29150	0.01071	0.00569	0.00158	0.00242	0.04885	0.00495	0.00435
66	0.00920	0.00867	0.01464	0.77268	0.07945	0.01066	0.01336	0.01236	0.00964	0.01242	0.00853	0.01269	0.00644	0.00475	0.00478	0.00158	0.00633	0.00425	0.00214	0.00545
67	0.00678	0.00506	0.00648	0.00712	0.00824	0.00477	0.00578	0.00853	0.01101	0.01420	0.12201	0.15964	0.23611	0.01276	0.00616	0.00193	0.00339	0.37128	0.00452	0.00424
68	0.00683	0.00512	0.00768	0.00768	0.00853	0.00597	0.00597	0.00853	0.00768	0.01110	0.01280	0.01878	0.01195	0.03585	0.81308	0.00768	0.01280	0.00512	0.00256	0.00427
69	0.00679	0.00476	0.00589	0.00573	0.00659	0.00446	0.00405	0.00842	0.01151	0.01618	0.49609	0.08577	0.08226	0.18272	0.00947	0.00217	0.00280	0.00846	0.05177	0.00410
70	0.00624	0.00455	0.00587	0.00620	0.00698	0.00418	0.00440	0.00775	0.01130	0.01544	0.38036	0.39723	0.10708	0.01235	0.00585	0.00171	0.00251	0.01102	0.00481	0.00418
71	0.00639	0.00464	0.00602	0.00617	0.00703	0.00427	0.00444	0.00810	0.01191	0.01647	0.49710	0.30409	0.08223	0.01166	0.00579	0.00166	0.00244	0.01039	0.00494	0.00427
72	0.49391	0.00864	0.00837	0.00714	0.01011	0.00927	0.00581	0.01701	0.07232	0.23358	0.08064	0.01332	0.01123	0.00547	0.00385	0.00149	0.00368	0.00394	0.00411	0.00611
73	0.01224	0.00583	0.00782	0.00734	0.00908	0.00519	0.00547	0.01353	0.01116	0.33743	0.04186	0.45415	0.04681	0.01106	0.00555	0.00173	0.00328	0.00977	0.00506	0.00564
74	0.00596	0.00473	0.00536	0.00547	0.00672	0.00413	0.00400	0.00737	0.01124	0.01435	0.23323	0.18659	0.46986	0.01204	0.00573	0.00165	0.00244	0.01036	0.00465	0.00413
75	0.00609	0.00471	0.00558	0.00585	0.00696	0.00420	0.00431	0.00752	0.01109	0.01435	0.22602	0.24962	0.36584	0.01235	0.00582	0.00171	0.00259	0.05661	0.00464	0.00413
76	0.04286	0.00562	0.00639	0.00671	0.00793	0.00556	0.00487	0.01033	0.13297	0.02746	0.03035	0.41817	0.23865	0.01221	0.00564	0.00178	0.00294	0.03044	0.00447	0.00464
77	0.00695	0.00463	0.00521	0.00521	0.00521	0.00463	0.00290	0.00695	0.00695	0.00927	0.01506	0.03128	0.01738	0.83203	0.02433	0.00463	0.00463	0.00695	0.00290	0.00290
78	0.00669	0.00500	0.00592	0.00590	0.00729	0.00445	0.00456	0.00840	0.01184	0.03474	0.30679	0.06726	0.39507	0.01137	0.00576	0.00166	0.00266	0.10554	0.00476	0.00434
79	0.00643	0.00494	0.00544	0.00529	0.00682	0.00425	0.00397	0.00792	0.01162	0.03938	0.23798	0.05586	0.57049	0.01137	0.00563	0.00159	0.00244	0.00961	0.00469	0.00428
80	0.00683	0.00512	0.00768	0.00768	0.00853	0.00597	0.00597	0.00853	0.00768	0.01110	0.01280	0.01878	0.01195	0.03585	0.81308	0.00768	0.01280	0.00512	0.00256	0.00427
81	0.00655	0.00488	0.00609	0.00579	0.00701	0.00442	0.00434	0.00861	0.01303	0.01798	0.65692	0.03766	0.18861	0.01021	0.00564	0.00152	0.00229	0.00892	0.00511	0.00442
82	0.00579	0.00485	0.00504	0.00499	0.00654	0.00409	0.00374	0.00713	0.01122	0.01369	0.14237	0.04471	0.70583	0.01181	0.00565	0.00160	0.00240	0.00991	0.00454	0.00409
83	0.02782	0.00562	0.00691	0.00638	0.00786	0.00538	0.00485	0.01114	0.08007	0.06192	0.60855	0.03332	0.10307	0.00935	0.00546	0.00152	0.00253	0.00814	0.00514	0.00495
84	0.01837	0.01307	0.01415	0.01085	0.01466	0.01435	0.00896	0.74013	0.02194	0.07702	0.01192	0.01177	0.00835	0.00575	0.00478	0.00144	0.00519	0.00433	0.00485	0.00813
85	0.00770	0.00550	0.00770	0.00880	0.00990	0.00550	0.00770	0.00990	0.01100	0.01430	0.02531	0.05391	0.02751	0.01320	0.00660	0.00220	0.00440	0.77004	0.00440	0.00440
86	0.01673	0.00737	0.00944	0.00760	0.01031	0.00667	0.00594	0.06041	0.01244	0.51962	0.02005	0.02181	0.07819	0.19050	0.00922	0.00219	0.00412	0.00569	0.00506	0.00663
87	0.00891	0.00445	0.00445	0.00445	0.00557	0.00445	0.00334	0.01114	0.01002	0.01782	0.01559	0.01782	0.01225	0.00557	0.00334	0.00111	0.00223	0.00445	0.85856	0.00445
88	0.80098	0.00941	0.00771	0.02353	0.02940	0.01086	0.00570	0.03809	0.00868	0.02138	0.00690	0.00808	0.00535	0.00448	0.00310	0.00148	0.00385	0.00272	0.00298	0.00533
89	0.81384	0.00896	0.00692	0.00622	0.00900	0.01035	0.00504	0.01362	0.00806	0.02071	0.00716	0.00919	0.00591	0.05449	0.00425	0.00167	0.00375	0.00285	0.00295	0.00504
90	0.00677	0.00440	0.00588	0.00677	0.00725	0.00407	0.00459	0.00766	0.00942	0.06018	0.02589	0.77976	0.03042	0.01443	0.00602	0.00191	0.00285	0.01306	0.00453	0.00414
91	0.01310	0.04050	0.00908	0.00774	0.00979	0.00646	0.00592	0.01541	0.07455	0.34299	0.02186	0.39123	0.02095	0.01007	0.00534	0.00169	0.00349	0.00882	0.00499	0.00604
92	0.00844	0.00459	0.00700	0.00764	0.05439	0.00458	0.00480	0.00675	0.00660	0.00887	0.00891	0.03994	0.00899	0.01581	0.01744	0.78197	0.00420	0.00445	0.00217	0.00246
93	0.01203	0.01256	0.04301	0.01796	0.06264	0.01204	0.54078	0.11982	0.01252	0.01733	0.01007	0.01277	0.00762	0.00456	0.00572	0.00156	0.04072	0.00520	0.05449	0.00658
94	0.17473	0.01242	0.02662	0.05954	0.03342	0.01361	0.00886	0.55191	0.03145	0.02666	0.01042	0.01095	0.00753	0.00540	0.00444	0.00146	0.00505	0.00399	0.00418	0.00737

[dist]
# distance from previous block
# <min> <max>
0	28

# created by:
# /st0/software/busco_prod/Augustus/scripts/msa2prfl.pl ./align_prep/60518.fa
