[name]
unknown

[dist]
# distance from previous block
# <min> <max>
0	400

[block]
# block no. 0 follows, 41 sequences, length 15
# corresponding to MSA columns:
# 527-541
name=unknown_A
#
# <colnr> <probs for GDERKNQSTAVLIFYWHMCP>
#	G	D	E	R	K	N	Q	S	T	A	V	L	I	F	Y	W	H	M	C	P
0	0.00879	0.00630	0.00862	0.00926	0.01058	0.00613	0.00775	0.01145	0.01433	0.01935	0.30987	0.05617	0.04098	0.01423	0.00746	0.00231	0.00428	0.45117	0.00566	0.00532
1	0.00884	0.00696	0.00864	0.00816	0.01031	0.00579	0.00587	0.01043	0.01130	0.01615	0.02335	0.49522	0.02659	0.01268	0.00613	0.00176	0.00367	0.01133	0.00457	0.32226
2	0.00721	0.00581	0.00642	0.00627	0.00800	0.00502	0.00470	0.00909	0.01411	0.01799	0.29610	0.05087	0.52124	0.01354	0.00676	0.00189	0.00283	0.01149	0.00565	0.00502
3	0.01997	0.00990	0.01476	0.30702	0.02410	0.01005	0.01127	0.02280	0.01448	0.47900	0.01782	0.01785	0.01166	0.00656	0.00574	0.00182	0.00592	0.00550	0.00534	0.00844
4	0.00927	0.00732	0.01042	0.30459	0.01894	0.00829	0.00822	0.01073	0.00951	0.01244	0.01501	0.02894	0.01575	0.49517	0.02015	0.00415	0.00634	0.00708	0.00311	0.00457
5	0.01212	0.01905	0.30546	0.01551	0.01875	0.01590	0.01582	0.01543	0.01003	0.01543	0.00856	0.01235	0.00741	0.00826	0.01366	0.00224	0.48976	0.00471	0.00247	0.00710
6	0.01884	0.01509	0.01948	0.02157	0.30328	0.01615	0.01343	0.46592	0.02158	0.02940	0.01259	0.01390	0.00947	0.00619	0.00570	0.00171	0.00649	0.00513	0.00461	0.00947
7	0.02324	0.01361	0.01568	0.01202	0.01654	0.01416	0.00993	0.46987	0.02286	0.31610	0.01712	0.01593	0.01142	0.00695	0.00573	0.00174	0.00575	0.00538	0.00624	0.00973
8	0.01715	0.01000	0.01240	0.00912	0.01396	0.00792	0.00740	0.01956	0.01359	0.30535	0.01492	0.01477	0.01065	0.00533	0.00482	0.00120	0.00448	0.00429	0.00480	0.51828
9	0.01495	0.00719	0.00915	0.00796	0.00973	0.00676	0.00562	0.01595	0.01147	0.30085	0.01957	0.02947	0.01779	0.44117	0.07404	0.00436	0.00599	0.00718	0.00482	0.00598
10	0.02174	0.01602	0.01717	0.01316	0.01774	0.01774	0.01087	0.74423	0.02689	0.03605	0.01373	0.01373	0.00973	0.00687	0.00572	0.00172	0.00629	0.00515	0.00572	0.00973
11	0.02566	0.00973	0.01327	0.01018	0.01460	0.00841	0.00841	0.02788	0.01637	0.76726	0.02257	0.01947	0.01416	0.00708	0.00575	0.00177	0.00487	0.00575	0.00708	0.00973
12	0.00999	0.00818	0.00986	0.00828	0.01154	0.00648	0.00622	0.01194	0.01151	0.01709	0.01835	0.31189	0.01972	0.00948	0.00541	0.00141	0.00388	0.00832	0.00412	0.51633
13	0.00838	0.00511	0.00614	0.00696	0.00767	0.00491	0.00481	0.01002	0.01135	0.01718	0.02660	0.49884	0.02896	0.01361	0.00604	0.00194	0.00307	0.01207	0.32144	0.00491
14	0.01247	0.02040	0.31425	0.02033	0.02693	0.01359	0.43168	0.01789	0.01308	0.01846	0.04617	0.01542	0.01025	0.00538	0.00625	0.00188	0.00886	0.00595	0.00287	0.00789

[dist]
# distance from previous block
# <min> <max>
0	1

[block]
# block no. 1 follows, 41 sequences, length 22
# corresponding to MSA columns:
# 543-564
name=unknown_B
#
# <colnr> <probs for GDERKNQSTAVLIFYWHMCP>
#	G	D	E	R	K	N	Q	S	T	A	V	L	I	F	Y	W	H	M	C	P
0	0.01864	0.01564	0.02247	0.01672	0.02164	0.01648	0.25396	0.46813	0.05787	0.02957	0.01348	0.01467	0.00976	0.00623	0.00607	0.00180	0.00732	0.00575	0.00479	0.00903
1	0.53337	0.01160	0.01178	0.01030	0.01253	0.01457	0.00853	0.01569	0.00937	0.02126	0.00780	0.01048	0.00668	0.00705	0.00918	0.00204	0.29460	0.00380	0.00316	0.00622
2	0.01230	0.30335	0.02175	0.01193	0.01590	0.01441	0.17024	0.03523	0.04937	0.01696	0.08597	0.02548	0.19859	0.00802	0.00554	0.00165	0.00574	0.00695	0.00384	0.00679
3	0.01492	0.01225	0.01343	0.01068	0.01497	0.01231	0.00853	0.18186	0.28946	0.02445	0.01581	0.01578	0.01208	0.00612	0.00515	0.00144	0.00480	0.00492	0.00481	0.34624
4	0.32410	0.02127	0.01332	0.01207	0.01523	0.49357	0.00925	0.02061	0.01381	0.01832	0.00852	0.00994	0.00693	0.00568	0.00456	0.00158	0.00814	0.00347	0.00317	0.00647
5	0.01144	0.01104	0.01729	0.50019	0.03037	0.01449	0.01464	0.01430	0.01045	0.01430	0.00918	0.01424	0.00758	0.00731	0.01055	0.00213	0.29662	0.00505	0.00253	0.00632
6	0.53174	0.00913	0.00813	0.00740	0.01013	0.01008	0.00590	0.01459	0.01212	0.02465	0.28639	0.02167	0.02388	0.00767	0.00473	0.00178	0.00379	0.00578	0.00456	0.00590
7	0.00832	0.00555	0.00624	0.00624	0.00624	0.00555	0.00347	0.00832	0.00832	0.01109	0.01802	0.03743	0.02080	0.79898	0.02911	0.00555	0.00555	0.00832	0.00347	0.00347
8	0.01247	0.02367	0.49321	0.02326	0.29808	0.01340	0.01981	0.01791	0.01243	0.01833	0.01045	0.01285	0.00792	0.00531	0.00552	0.00177	0.00784	0.00455	0.00257	0.00868
9	0.00747	0.00519	0.00649	0.00733	0.00753	0.00498	0.00463	0.00810	0.00998	0.01330	0.02653	0.51479	0.03153	0.30698	0.01537	0.00352	0.00414	0.01332	0.00463	0.00421
10	0.01434	0.45733	0.30256	0.01258	0.01864	0.07659	0.01408	0.01793	0.01214	0.01522	0.00888	0.01034	0.00731	0.00517	0.00444	0.00146	0.00730	0.00354	0.00247	0.00770
11	0.00935	0.01463	0.28954	0.01057	0.01454	0.00832	0.01122	0.01350	0.01467	0.02115	0.48271	0.03138	0.03668	0.00938	0.00626	0.00180	0.00483	0.00808	0.00486	0.00653
12	0.01913	0.50906	0.02379	0.00993	0.01465	0.01737	0.00928	0.02111	0.01338	0.29243	0.01336	0.01298	0.00986	0.00570	0.00444	0.00143	0.00565	0.00406	0.00416	0.00823
13	0.00935	0.00936	0.01627	0.01267	0.01599	0.00843	0.27761	0.01213	0.01343	0.01704	0.09007	0.03952	0.43295	0.01071	0.00676	0.00192	0.00538	0.00998	0.00449	0.00594
14	0.00687	0.00535	0.00625	0.00698	0.00804	0.00473	0.00487	0.00808	0.01190	0.01499	0.04355	0.45840	0.36692	0.01636	0.00705	0.00214	0.00313	0.01435	0.00531	0.00473
15	0.00782	0.00534	0.00639	0.00688	0.00700	0.00521	0.00415	0.00819	0.00929	0.01239	0.02302	0.31789	0.02710	0.50992	0.02104	0.00435	0.00472	0.01126	0.00415	0.00390
16	0.01715	0.30414	0.01932	0.01063	0.01474	0.01605	0.00918	0.02493	0.31557	0.18458	0.01745	0.01642	0.01298	0.00655	0.00501	0.00164	0.00519	0.00505	0.00485	0.00857
17	0.01490	0.51000	0.02367	0.01047	0.01475	0.01952	0.00952	0.02204	0.28598	0.01733	0.01362	0.01368	0.01109	0.00595	0.00447	0.00149	0.00553	0.00432	0.00370	0.00797
18	0.01833	0.01472	0.01730	0.01385	0.01673	0.01766	0.01148	0.47389	0.02018	0.02780	0.01143	0.01328	0.00891	0.00803	0.01055	0.00201	0.29578	0.00510	0.00453	0.00844
19	0.01463	0.51117	0.03137	0.01509	0.02031	0.01961	0.28096	0.01757	0.01232	0.01526	0.00929	0.01149	0.00784	0.00487	0.00481	0.00148	0.00742	0.00442	0.00261	0.00748
20	0.01833	0.01472	0.01730	0.01385	0.01673	0.01766	0.01148	0.47389	0.02018	0.02780	0.01143	0.01328	0.00891	0.00803	0.01055	0.00201	0.29578	0.00510	0.00453	0.00844
21	0.00833	0.00620	0.00884	0.00877	0.00956	0.00713	0.00657	0.00994	0.00901	0.01285	0.01564	0.02518	0.01540	0.19326	0.60500	0.00827	0.03559	0.00653	0.00313	0.00481

[dist]
# distance from previous block
# <min> <max>
10	19

[block]
# block no. 2 follows, 41 sequences, length 13
# corresponding to MSA columns:
# 586-598
name=unknown_C
#
# <colnr> <probs for GDERKNQSTAVLIFYWHMCP>
#	G	D	E	R	K	N	Q	S	T	A	V	L	I	F	Y	W	H	M	C	P
0	0.01468	0.01613	0.01720	0.01495	0.01567	0.20352	0.01216	0.01599	0.01059	0.01382	0.00784	0.01197	0.00747	0.00900	0.01543	0.00225	0.59768	0.00468	0.00261	0.00635
1	0.00780	0.00687	0.00865	0.19698	0.01552	0.00678	0.00722	0.00988	0.01277	0.01554	0.07418	0.04480	0.54810	0.01223	0.00650	0.00192	0.00405	0.01029	0.00467	0.00523
2	0.01878	0.02307	0.01644	0.20368	0.02301	0.58884	0.01224	0.02082	0.01504	0.01415	0.00917	0.01153	0.00743	0.00585	0.00530	0.00158	0.00966	0.00403	0.00285	0.00656
3	0.02286	0.01036	0.01319	0.01054	0.01467	0.00983	0.00857	0.02849	0.19700	0.58498	0.02274	0.01993	0.01497	0.00725	0.00577	0.00181	0.00478	0.00593	0.00677	0.00957
4	0.01911	0.20834	0.01971	0.01212	0.01659	0.01845	0.01035	0.46593	0.12487	0.02881	0.01365	0.01368	0.01023	0.00651	0.00523	0.00163	0.00600	0.00482	0.00493	0.00905
5	0.01926	0.02178	0.01669	0.01454	0.01704	0.46388	0.01138	0.14062	0.01616	0.01761	0.00933	0.01142	0.00779	0.00707	0.00859	0.00177	0.20047	0.00425	0.00330	0.00705
6	0.01525	0.01006	0.01221	0.00889	0.01381	0.00782	0.00718	0.01771	0.01297	0.20221	0.01321	0.01373	0.00987	0.00493	0.00461	0.00107	0.00439	0.00397	0.00429	0.63184
7	0.01529	0.80242	0.02997	0.00979	0.01468	0.02263	0.00979	0.01713	0.01162	0.01346	0.00795	0.00918	0.00734	0.00489	0.00367	0.00122	0.00612	0.00306	0.00245	0.00734
8	0.01426	0.59289	0.23043	0.01155	0.01741	0.02010	0.01286	0.01740	0.01175	0.01472	0.00858	0.00996	0.00731	0.00504	0.00415	0.00138	0.00675	0.00338	0.00244	0.00764
9	0.00810	0.00585	0.00765	0.00720	0.00855	0.00540	0.00540	0.01079	0.01619	0.02294	0.76028	0.04273	0.05397	0.01169	0.00675	0.00180	0.00270	0.01034	0.00630	0.00540
10	0.00695	0.00505	0.00656	0.00778	0.00825	0.00466	0.00523	0.00799	0.01113	0.01467	0.03380	0.73140	0.10021	0.01762	0.00725	0.00229	0.00328	0.01590	0.00531	0.00466
11	0.00835	0.00580	0.00742	0.00811	0.00865	0.00578	0.00587	0.00950	0.01046	0.01384	0.02456	0.19059	0.02781	0.36067	0.04708	0.00411	0.00541	0.24724	0.00440	0.00435
12	0.02174	0.01602	0.01717	0.01316	0.01774	0.01774	0.01087	0.74423	0.02689	0.03605	0.01373	0.01373	0.00973	0.00687	0.00572	0.00172	0.00629	0.00515	0.00572	0.00973

[dist]
# distance from previous block
# <min> <max>
0	1

[block]
# block no. 3 follows, 41 sequences, length 50
# corresponding to MSA columns:
# 600-649
name=unknown_D
#
# <colnr> <probs for GDERKNQSTAVLIFYWHMCP>
#	G	D	E	R	K	N	Q	S	T	A	V	L	I	F	Y	W	H	M	C	P
0	0.01080	0.01017	0.01716	0.78523	0.03940	0.01271	0.01589	0.01461	0.01144	0.01461	0.01017	0.01525	0.00762	0.00572	0.00572	0.00191	0.00762	0.00508	0.00254	0.00635
1	0.01175	0.01170	0.01707	0.71592	0.03744	0.08137	0.01545	0.01535	0.01187	0.01456	0.01005	0.01481	0.00760	0.00573	0.00567	0.00187	0.00787	0.00496	0.00258	0.00638
2	0.83938	0.01106	0.00841	0.00752	0.01106	0.01283	0.00619	0.01681	0.00973	0.02566	0.00796	0.00929	0.00619	0.00531	0.00354	0.00177	0.00442	0.00310	0.00354	0.00619
3	0.01080	0.01017	0.01716	0.78523	0.03940	0.01271	0.01589	0.01461	0.01144	0.01461	0.01017	0.01525	0.00762	0.00572	0.00572	0.00191	0.00762	0.00508	0.00254	0.00635
4	0.00886	0.00638	0.00877	0.01002	0.01127	0.00630	0.00857	0.01127	0.01295	0.01678	0.03198	0.13416	0.07476	0.01593	0.00778	0.00256	0.00495	0.61625	0.00527	0.00518
5	0.83938	0.01106	0.00841	0.00752	0.01106	0.01283	0.00619	0.01681	0.00973	0.02566	0.00796	0.00929	0.00619	0.00531	0.00354	0.00177	0.00442	0.00310	0.00354	0.00619
6	0.01144	0.01105	0.01729	0.49610	0.03024	0.01451	0.01462	0.01430	0.01043	0.01430	0.00917	0.01422	0.00758	0.00733	0.01062	0.00213	0.30076	0.00505	0.00253	0.00632
7	0.00686	0.00541	0.00619	0.00680	0.00799	0.00474	0.00479	0.00810	0.01207	0.01506	0.04565	0.39950	0.42447	0.01608	0.00701	0.00211	0.00309	0.01402	0.00531	0.00474
8	0.00784	0.00592	0.00847	0.00839	0.00949	0.00550	0.04184	0.00985	0.01362	0.01883	0.38411	0.39156	0.04422	0.01425	0.00700	0.00205	0.00333	0.01292	0.00567	0.00516
9	0.02174	0.01602	0.01717	0.01316	0.01774	0.01774	0.01087	0.74423	0.02689	0.03605	0.01373	0.01373	0.00973	0.00687	0.00572	0.00172	0.00629	0.00515	0.00572	0.00973
10	0.01186	0.01017	0.01186	0.00847	0.01356	0.00762	0.00678	0.01440	0.01186	0.01864	0.01017	0.01186	0.00847	0.00424	0.00424	0.00085	0.00424	0.00339	0.00339	0.83395
11	0.01080	0.01017	0.01716	0.78523	0.03940	0.01271	0.01589	0.01461	0.01144	0.01461	0.01017	0.01525	0.00762	0.00572	0.00572	0.00191	0.00762	0.00508	0.00254	0.00635
12	0.01251	0.01251	0.01752	0.01502	0.01502	0.01752	0.01251	0.01377	0.00876	0.01377	0.00751	0.01251	0.00751	0.01001	0.01877	0.00250	0.78851	0.00501	0.00250	0.00626
13	0.01423	0.01229	0.01293	0.01164	0.01487	0.01423	0.00905	0.03039	0.75297	0.02393	0.02328	0.02134	0.01746	0.00776	0.00582	0.00194	0.00453	0.00647	0.00582	0.00905
14	0.00697	0.00498	0.00664	0.00796	0.00830	0.00465	0.00531	0.00796	0.01095	0.01460	0.03153	0.79525	0.03783	0.01792	0.00730	0.00232	0.00332	0.01626	0.00531	0.00465
15	0.01564	0.01005	0.01225	0.00894	0.01384	0.00784	0.00722	0.01809	0.01310	0.22359	0.01356	0.01394	0.01003	0.00501	0.00465	0.00110	0.00441	0.00404	0.00440	0.60830
16	0.01186	0.01017	0.01186	0.00847	0.01356	0.00762	0.00678	0.01440	0.01186	0.01864	0.01017	0.01186	0.00847	0.00424	0.00424	0.00085	0.00424	0.00339	0.00339	0.83395
17	0.02137	0.02726	0.01621	0.01474	0.01768	0.77602	0.01105	0.02284	0.01621	0.01400	0.00884	0.01031	0.00737	0.00589	0.00516	0.00147	0.01031	0.00368	0.00295	0.00663
18	0.01423	0.01229	0.01293	0.01164	0.01487	0.01423	0.00905	0.03039	0.75297	0.02393	0.02328	0.02134	0.01746	0.00776	0.00582	0.00194	0.00453	0.00647	0.00582	0.00905
19	0.01423	0.01229	0.01293	0.01164	0.01487	0.01423	0.00905	0.03039	0.75297	0.02393	0.02328	0.02134	0.01746	0.00776	0.00582	0.00194	0.00453	0.00647	0.00582	0.00905
20	0.01066	0.00533	0.00533	0.00533	0.00666	0.00533	0.00400	0.01333	0.01200	0.02132	0.01866	0.02132	0.01466	0.00666	0.00400	0.00133	0.00267	0.00533	0.83073	0.00533
21	0.01423	0.01229	0.01293	0.01164	0.01487	0.01423	0.00905	0.03039	0.75297	0.02393	0.02328	0.02134	0.01746	0.00776	0.00582	0.00194	0.00453	0.00647	0.00582	0.00905
22	0.00817	0.00613	0.00919	0.00919	0.01021	0.00715	0.00715	0.01021	0.00919	0.01328	0.01532	0.02247	0.01430	0.04290	0.77631	0.00919	0.01532	0.00613	0.00306	0.00511
23	0.01028	0.00923	0.01323	0.01202	0.01254	0.01218	0.00975	0.01194	0.00898	0.01351	0.01153	0.01764	0.01100	0.02694	0.40878	0.00595	0.39045	0.00558	0.00279	0.00566
24	0.00832	0.00555	0.00624	0.00624	0.00624	0.00555	0.00347	0.00832	0.00832	0.01109	0.01802	0.03743	0.02080	0.79898	0.02911	0.00555	0.00555	0.00832	0.00347	0.00347
25	0.01251	0.01251	0.01752	0.01502	0.01502	0.01752	0.01251	0.01377	0.00876	0.01377	0.00751	0.01251	0.00751	0.01001	0.01877	0.00250	0.78851	0.00501	0.00250	0.00626
26	0.83938	0.01106	0.00841	0.00752	0.01106	0.01283	0.00619	0.01681	0.00973	0.02566	0.00796	0.00929	0.00619	0.00531	0.00354	0.00177	0.00442	0.00310	0.00354	0.00619
27	0.00835	0.00613	0.00863	0.00897	0.01001	0.00660	0.00706	0.01034	0.01073	0.01475	0.06732	0.05720	0.05241	0.10049	0.42051	0.00631	0.01036	0.18484	0.00399	0.00499
28	0.01186	0.01017	0.01186	0.00847	0.01356	0.00762	0.00678	0.01440	0.01186	0.01864	0.01017	0.01186	0.00847	0.00424	0.00424	0.00085	0.00424	0.00339	0.00339	0.83395
29	0.41570	0.01328	0.01131	0.01002	0.01346	0.08231	0.00797	0.06990	0.27852	0.02467	0.01393	0.01400	0.01058	0.00634	0.00465	0.00180	0.00511	0.00450	0.00445	0.00749
30	0.01529	0.80242	0.02997	0.00979	0.01468	0.02263	0.00979	0.01713	0.01162	0.01346	0.00795	0.00918	0.00734	0.00489	0.00367	0.00122	0.00612	0.00306	0.00245	0.00734
31	0.00697	0.00498	0.00664	0.00796	0.00830	0.00465	0.00531	0.00796	0.01095	0.01460	0.03153	0.79525	0.03783	0.01792	0.00730	0.00232	0.00332	0.01626	0.00531	0.00465
32	0.00696	0.00580	0.00607	0.00601	0.00785	0.00491	0.00450	0.00860	0.01351	0.01658	0.16407	0.05319	0.65414	0.01406	0.00676	0.00191	0.00287	0.01181	0.00546	0.00491
33	0.00994	0.00497	0.00745	0.00745	0.00745	0.00497	0.00497	0.00745	0.00745	0.00994	0.00994	0.01739	0.00994	0.01987	0.02235	0.83358	0.00497	0.00497	0.00248	0.00248
34	0.00688	0.00532	0.00628	0.00704	0.00805	0.00472	0.00490	0.00807	0.01184	0.01496	0.04275	0.48075	0.34508	0.01646	0.00707	0.00216	0.00314	0.01448	0.00531	0.00472
35	0.02123	0.01528	0.01662	0.01284	0.01724	0.01684	0.01059	0.67926	0.02560	0.06415	0.01416	0.01439	0.01013	0.00866	0.04386	0.00209	0.00668	0.00522	0.00564	0.00950
36	0.00832	0.00555	0.00624	0.00624	0.00624	0.00555	0.00347	0.00832	0.00832	0.01109	0.01802	0.03743	0.02080	0.79898	0.02911	0.00555	0.00555	0.00832	0.00347	0.00347
37	0.01423	0.01229	0.01293	0.01164	0.01487	0.01423	0.00905	0.03039	0.75297	0.02393	0.02328	0.02134	0.01746	0.00776	0.00582	0.00194	0.00453	0.00647	0.00582	0.00905
38	0.01918	0.01620	0.01717	0.01383	0.01699	0.09474	0.01134	0.47094	0.02084	0.02771	0.01153	0.01305	0.00888	0.00763	0.00924	0.00191	0.22085	0.00496	0.00456	0.00846
39	0.00856	0.00670	0.00994	0.00972	0.01065	0.00808	0.00763	0.01053	0.00915	0.01332	0.01462	0.02158	0.01369	0.03994	0.70817	0.00859	0.08487	0.00603	0.00301	0.00521
40	0.01681	0.01967	0.01688	0.01488	0.01631	0.38552	0.01180	0.01817	0.01237	0.01388	0.00816	0.01145	0.00744	0.00801	0.01217	0.00200	0.41096	0.00436	0.00272	0.00644
41	0.00697	0.00498	0.00664	0.00796	0.00830	0.00465	0.00531	0.00796	0.01095	0.01460	0.03153	0.79525	0.03783	0.01792	0.00730	0.00232	0.00332	0.01626	0.00531	0.00465
42	0.01350	0.01543	0.03375	0.02411	0.02989	0.01446	0.74253	0.01832	0.01350	0.01832	0.01157	0.01543	0.00868	0.00482	0.00675	0.00193	0.00964	0.00675	0.00289	0.00771
43	0.00683	0.00576	0.00592	0.00595	0.00779	0.00485	0.00444	0.00832	0.01309	0.01576	0.08949	0.08660	0.69668	0.01451	0.00678	0.00194	0.00291	0.01217	0.00536	0.00485
44	0.00697	0.00498	0.00664	0.00796	0.00830	0.00465	0.00531	0.00796	0.01095	0.01460	0.03153	0.79525	0.03783	0.01792	0.00730	0.00232	0.00332	0.01626	0.00531	0.00465
45	0.01350	0.01543	0.03375	0.02411	0.02989	0.01446	0.74253	0.01832	0.01350	0.01832	0.01157	0.01543	0.00868	0.00482	0.00675	0.00193	0.00964	0.00675	0.00289	0.00771
46	0.01272	0.01293	0.02336	0.01668	0.02214	0.01122	0.39315	0.01646	0.01272	0.01847	0.01090	0.01373	0.00858	0.00454	0.00556	0.00142	0.00708	0.00515	0.00313	0.40006
47	0.02040	0.01252	0.01390	0.01113	0.01509	0.05516	0.00899	0.22532	0.12593	0.30889	0.08518	0.01934	0.01632	0.00733	0.00573	0.00172	0.00530	0.00587	0.00603	0.04986
48	0.06983	0.00976	0.01005	0.00871	0.01161	0.01009	0.00689	0.21314	0.10697	0.02321	0.07289	0.03583	0.37710	0.01080	0.00614	0.00186	0.00412	0.00878	0.00541	0.00681
49	0.10138	0.01285	0.01615	0.01339	0.01523	0.01609	0.02814	0.18880	0.01376	0.04461	0.01212	0.01486	0.04543	0.00877	0.01277	0.00217	0.43739	0.00526	0.00367	0.00715

[dist]
# distance from previous block
# <min> <max>
10	14

[block]
# block no. 4 follows, 41 sequences, length 22
# corresponding to MSA columns:
# 668-689
name=unknown_E
#
# <colnr> <probs for GDERKNQSTAVLIFYWHMCP>
#	G	D	E	R	K	N	Q	S	T	A	V	L	I	F	Y	W	H	M	C	P
0	0.01201	0.00982	0.01144	0.00938	0.01296	0.00891	0.00731	0.09082	0.09058	0.01997	0.01706	0.18687	0.01660	0.00832	0.00566	0.00146	0.02218	0.02498	0.00434	0.43933
1	0.01210	0.01096	0.01474	0.01079	0.01541	0.00937	0.08420	0.01475	0.01171	0.01810	0.01004	0.01230	0.00839	0.00490	0.00602	0.00113	0.08674	0.00391	0.00324	0.66121
2	0.00994	0.00497	0.00745	0.00745	0.00745	0.00497	0.00497	0.00745	0.00745	0.00994	0.00994	0.01739	0.00994	0.01987	0.02235	0.83358	0.00497	0.00497	0.00248	0.00248
3	0.00676	0.00579	0.00579	0.00579	0.00773	0.00483	0.00435	0.00821	0.01304	0.01545	0.05794	0.05505	0.76098	0.01449	0.00676	0.00193	0.00290	0.01207	0.00531	0.00483
4	0.01452	0.01124	0.01211	0.01078	0.01398	0.01249	0.00842	0.02746	0.58683	0.10056	0.02738	0.02521	0.10673	0.00850	0.00593	0.00192	0.00437	0.00707	0.00589	0.00862
5	0.01080	0.01017	0.01716	0.78523	0.03940	0.01271	0.01589	0.01461	0.01144	0.01461	0.01017	0.01525	0.00762	0.00572	0.00572	0.00191	0.00762	0.00508	0.00254	0.00635
6	0.00915	0.00694	0.00847	0.00908	0.01020	0.00721	0.00670	0.01361	0.16967	0.01670	0.02788	0.38588	0.03040	0.10945	0.00974	0.00269	0.00425	0.16121	0.00519	0.00558
7	0.01080	0.01017	0.01716	0.78523	0.03940	0.01271	0.01589	0.01461	0.01144	0.01461	0.01017	0.01525	0.00762	0.00572	0.00572	0.00191	0.00762	0.00508	0.00254	0.00635
8	0.00792	0.00594	0.00752	0.00825	0.00954	0.00554	0.00656	0.00988	0.01303	0.01682	0.12637	0.21185	0.24283	0.01538	0.00731	0.00227	0.00388	0.28868	0.00541	0.00503
9	0.00957	0.00521	0.00782	0.00782	0.00803	0.00542	0.00542	0.00803	0.00782	0.01063	0.01106	0.01845	0.01085	0.02468	0.17985	0.66138	0.00713	0.00521	0.00261	0.00303
10	0.01529	0.80242	0.02997	0.00979	0.01468	0.02263	0.00979	0.01713	0.01162	0.01346	0.00795	0.00918	0.00734	0.00489	0.00367	0.00122	0.00612	0.00306	0.00245	0.00734
11	0.02174	0.01602	0.01717	0.01316	0.01774	0.01774	0.01087	0.74423	0.02689	0.03605	0.01373	0.01373	0.00973	0.00687	0.00572	0.00172	0.00629	0.00515	0.00572	0.00973
12	0.01448	0.00823	0.01093	0.00952	0.01195	0.00840	0.00757	0.10354	0.01471	0.22027	0.17268	0.02484	0.02200	0.02243	0.31601	0.00476	0.00879	0.00679	0.00514	0.00697
13	0.73903	0.01043	0.00809	0.00731	0.01066	0.01187	0.00597	0.01578	0.01013	0.02443	0.01399	0.01481	0.09717	0.00642	0.00393	0.00179	0.00424	0.00418	0.00375	0.00603
14	0.01423	0.01229	0.01293	0.01164	0.01487	0.01423	0.00905	0.03039	0.75297	0.02393	0.02328	0.02134	0.01746	0.00776	0.00582	0.00194	0.00453	0.00647	0.00582	0.00905
15	0.01142	0.00839	0.01424	0.01185	0.01407	0.00851	0.16019	0.01366	0.01079	0.10478	0.01594	0.02357	0.01438	0.17892	0.37614	0.00607	0.01096	0.00664	0.00359	0.00589
16	0.01159	0.01108	0.01008	0.00948	0.01133	0.16744	0.00716	0.01556	0.10460	0.02052	0.44774	0.07417	0.03817	0.01050	0.00638	0.00181	0.00464	0.03625	0.00545	0.00605
17	0.01406	0.01168	0.01360	0.01017	0.01461	0.01084	0.00826	0.17184	0.01478	0.02189	0.01066	0.01233	0.00864	0.00541	0.00607	0.00121	0.08657	0.00394	0.00380	0.56965
18	0.11228	0.01203	0.01033	0.00965	0.01201	0.16852	0.00762	0.08358	0.01532	0.02022	0.18300	0.03518	0.17023	0.01048	0.00612	0.00188	0.00530	0.12537	0.00485	0.00603
19	0.01304	0.01245	0.02119	0.28583	0.52134	0.01330	0.01700	0.01657	0.01249	0.01733	0.01056	0.01452	0.00858	0.00530	0.00568	0.00177	0.00707	0.00509	0.00273	0.00816
20	0.01409	0.01084	0.01240	0.01084	0.01365	0.01175	0.02364	0.21603	0.26102	0.04299	0.11181	0.18415	0.04157	0.01020	0.00625	0.00194	0.00461	0.00875	0.00570	0.00776
21	0.01408	0.01294	0.01728	0.01424	0.01801	0.01428	0.16227	0.02787	0.59850	0.02276	0.02083	0.02011	0.01563	0.00715	0.00601	0.00194	0.00560	0.00653	0.00521	0.00877

[dist]
# distance from previous block
# <min> <max>
24	60

[block]
# block no. 5 follows, 41 sequences, length 6
# corresponding to MSA columns:
# 750-755
name=unknown_F
#
# <colnr> <probs for GDERKNQSTAVLIFYWHMCP>
#	G	D	E	R	K	N	Q	S	T	A	V	L	I	F	Y	W	H	M	C	P
0	0.42405	0.01515	0.01309	0.12387	0.07760	0.19128	0.00986	0.05210	0.01256	0.02127	0.00898	0.01099	0.00707	0.00556	0.00451	0.00171	0.00654	0.00378	0.00330	0.00672
1	0.01846	0.01814	0.01462	0.01247	0.01590	0.29116	0.00976	0.28231	0.11603	0.02347	0.01958	0.01944	0.11824	0.00773	0.00568	0.00169	0.00704	0.00579	0.00467	0.00781
2	0.00817	0.00613	0.00919	0.00919	0.01021	0.00715	0.00715	0.01021	0.00919	0.01328	0.01532	0.02247	0.01430	0.04290	0.77631	0.00919	0.01532	0.00613	0.00306	0.00511
3	0.00817	0.00613	0.00919	0.00919	0.01021	0.00715	0.00715	0.01021	0.00919	0.01328	0.01532	0.02247	0.01430	0.04290	0.77631	0.00919	0.01532	0.00613	0.00306	0.00511
4	0.11944	0.00961	0.01263	0.07579	0.12239	0.01092	0.00967	0.01720	0.18364	0.01827	0.01514	0.01870	0.01268	0.02133	0.32207	0.00486	0.00953	0.00558	0.00369	0.00684
5	0.22587	0.01544	0.12232	0.01164	0.01618	0.01439	0.01063	0.28790	0.11406	0.07287	0.01363	0.01408	0.00995	0.00789	0.03709	0.00209	0.00619	0.00475	0.00468	0.00837

[dist]
# distance from previous block
# <min> <max>
0	4

[block]
# block no. 6 follows, 41 sequences, length 40
# corresponding to MSA columns:
# 760-799
name=unknown_G
#
# <colnr> <probs for GDERKNQSTAVLIFYWHMCP>
#	G	D	E	R	K	N	Q	S	T	A	V	L	I	F	Y	W	H	M	C	P
0	0.05049	0.09583	0.01641	0.01270	0.01567	0.37758	0.08000	0.01797	0.01490	0.01679	0.16838	0.04911	0.04562	0.00765	0.00557	0.00162	0.00746	0.00607	0.00379	0.00639
1	0.01534	0.01657	0.01652	0.01465	0.09047	0.25867	0.08056	0.01784	0.01355	0.01710	0.00993	0.01193	0.00819	0.00492	0.00492	0.00124	0.00699	0.00398	0.00314	0.40349
2	0.01325	0.01314	0.02342	0.02458	0.31875	0.01285	0.25052	0.01818	0.08579	0.01865	0.01256	0.01571	0.01012	0.00818	0.06687	0.00231	0.00792	0.00569	0.00322	0.08829
3	0.01316	0.09160	0.01351	0.01101	0.01301	0.23539	0.00845	0.01458	0.01246	0.01466	0.01779	0.31091	0.01958	0.01086	0.00728	0.00185	0.09185	0.02214	0.00384	0.08609
4	0.37974	0.01440	0.01082	0.00963	0.01264	0.21215	0.00743	0.03131	0.01180	0.01970	0.01010	0.01372	0.00888	0.08669	0.06774	0.00256	0.00697	0.00408	0.00337	0.08628
5	0.01397	0.01401	0.02094	0.23059	0.50045	0.08728	0.01648	0.01729	0.01292	0.01716	0.01042	0.01407	0.00852	0.00534	0.00563	0.00173	0.00735	0.00496	0.00277	0.00811
6	0.16596	0.02136	0.08812	0.01315	0.01721	0.34732	0.01111	0.22970	0.01774	0.02284	0.01024	0.01129	0.00783	0.00603	0.00506	0.00163	0.00793	0.00406	0.00380	0.00762
7	0.00753	0.00578	0.00802	0.08330	0.01159	0.00589	0.00655	0.00904	0.01092	0.01446	0.02956	0.49856	0.11245	0.02079	0.14382	0.00346	0.00582	0.01290	0.00464	0.00491
8	0.01260	0.01179	0.01894	0.33097	0.34599	0.01271	0.01522	0.01701	0.06660	0.01744	0.01138	0.01490	0.00905	0.00546	0.00556	0.00172	0.00671	0.00503	0.00299	0.08795
9	0.00770	0.00578	0.00679	0.00657	0.00787	0.00524	0.00471	0.00951	0.01377	0.01840	0.39999	0.04579	0.27791	0.15259	0.01073	0.00251	0.00327	0.01055	0.00547	0.00487
10	0.02137	0.02726	0.01621	0.01474	0.01768	0.77602	0.01105	0.02284	0.01621	0.01400	0.00884	0.01031	0.00737	0.00589	0.00516	0.00147	0.01031	0.00368	0.00295	0.00663
11	0.00766	0.00595	0.00705	0.00713	0.00874	0.00534	0.00558	0.00976	0.01416	0.01836	0.29788	0.05244	0.38504	0.01375	0.00696	0.00201	0.00325	0.13820	0.00565	0.00510
12	0.01461	0.66501	0.16144	0.01095	0.01647	0.02097	0.01180	0.01730	0.01170	0.01429	0.00836	0.00969	0.00732	0.00499	0.00398	0.00133	0.00653	0.00327	0.00244	0.00754
13	0.01997	0.02516	0.01933	0.01640	0.01985	0.64061	0.14111	0.02204	0.01573	0.01477	0.00933	0.01122	0.00760	0.00570	0.00544	0.00155	0.01020	0.00423	0.00294	0.00682
14	0.01926	0.00959	0.01214	0.00974	0.01319	0.00909	0.00787	0.14969	0.01818	0.39528	0.26081	0.02601	0.02631	0.00854	0.00607	0.00177	0.00442	0.00714	0.00658	0.00832
15	0.00994	0.00497	0.00745	0.00745	0.00745	0.00497	0.00497	0.00745	0.00745	0.00994	0.00994	0.01739	0.00994	0.01987	0.02235	0.83358	0.00497	0.00497	0.00248	0.00248
16	0.02137	0.02726	0.01621	0.01474	0.01768	0.77602	0.01105	0.02284	0.01621	0.01400	0.00884	0.01031	0.00737	0.00589	0.00516	0.00147	0.01031	0.00368	0.00295	0.00663
17	0.01186	0.01017	0.01186	0.00847	0.01356	0.00762	0.00678	0.01440	0.01186	0.01864	0.01017	0.01186	0.00847	0.00424	0.00424	0.00085	0.00424	0.00339	0.00339	0.83395
18	0.00810	0.00585	0.00765	0.00720	0.00855	0.00540	0.00540	0.01079	0.01619	0.02294	0.76028	0.04273	0.05397	0.01169	0.00675	0.00180	0.00270	0.01034	0.00630	0.00540
19	0.01600	0.58966	0.09921	0.01130	0.01619	0.15568	0.01111	0.01824	0.01248	0.01401	0.00833	0.00966	0.00734	0.00512	0.00411	0.00132	0.00709	0.00328	0.00253	0.00732
20	0.01595	0.01742	0.02060	0.01654	0.02053	0.22361	0.24804	0.02439	0.31015	0.01938	0.01551	0.01639	0.01183	0.00629	0.00594	0.00181	0.00778	0.00579	0.00408	0.00795
21	0.00817	0.00613	0.00919	0.00919	0.01021	0.00715	0.00715	0.01021	0.00919	0.01328	0.01532	0.02247	0.01430	0.04290	0.77631	0.00919	0.01532	0.00613	0.00306	0.00511
22	0.00680	0.00580	0.00584	0.00583	0.00775	0.00484	0.00437	0.00828	0.01312	0.01565	0.07695	0.05471	0.74184	0.01441	0.00676	0.00193	0.00289	0.01203	0.00534	0.00484
23	0.00817	0.00613	0.00919	0.00919	0.01021	0.00715	0.00715	0.01021	0.00919	0.01328	0.01532	0.02247	0.01430	0.04290	0.77631	0.00919	0.01532	0.00613	0.00306	0.00511
24	0.83938	0.01106	0.00841	0.00752	0.01106	0.01283	0.00619	0.01681	0.00973	0.02566	0.00796	0.00929	0.00619	0.00531	0.00354	0.00177	0.00442	0.00310	0.00354	0.00619
25	0.01186	0.01017	0.01186	0.00847	0.01356	0.00762	0.00678	0.01440	0.01186	0.01864	0.01017	0.01186	0.00847	0.00424	0.00424	0.00085	0.00424	0.00339	0.00339	0.83395
26	0.01423	0.01229	0.01293	0.01164	0.01487	0.01423	0.00905	0.03039	0.75297	0.02393	0.02328	0.02134	0.01746	0.00776	0.00582	0.00194	0.00453	0.00647	0.00582	0.00905
27	0.01052	0.01010	0.01901	0.08940	0.02008	0.00973	0.30138	0.01418	0.01465	0.02028	0.38795	0.02914	0.03135	0.00836	0.00665	0.00186	0.00596	0.00840	0.00457	0.00642
28	0.02164	0.02153	0.01660	0.01388	0.01764	0.39885	0.01091	0.36498	0.02128	0.04178	0.01148	0.01215	0.00864	0.00638	0.00544	0.00160	0.00828	0.00443	0.00436	0.00817
29	0.02174	0.01602	0.01717	0.01316	0.01774	0.01774	0.01087	0.74423	0.02689	0.03605	0.01373	0.01373	0.00973	0.00687	0.00572	0.00172	0.00629	0.00515	0.00572	0.00973
30	0.00751	0.00582	0.00684	0.00659	0.00819	0.00515	0.00494	0.00967	0.01482	0.01968	0.45471	0.04809	0.36158	0.01291	0.00675	0.00186	0.00278	0.01110	0.00587	0.00515
31	0.00829	0.00565	0.00676	0.00676	0.00695	0.00583	0.00412	0.00866	0.00847	0.01148	0.01754	0.03477	0.01964	0.66454	0.16197	0.00619	0.00728	0.00793	0.00339	0.00376
32	0.02137	0.02726	0.01621	0.01474	0.01768	0.77602	0.01105	0.02284	0.01621	0.01400	0.00884	0.01031	0.00737	0.00589	0.00516	0.00147	0.01031	0.00368	0.00295	0.00663
33	0.01397	0.01575	0.02996	0.02196	0.02683	0.06823	0.58779	0.03289	0.01345	0.01785	0.01150	0.03315	0.00918	0.00575	0.00780	0.00196	0.08499	0.00656	0.00297	0.00747
34	0.01292	0.02053	0.31929	0.01499	0.02134	0.08560	0.14376	0.01740	0.01266	0.01792	0.01033	0.01243	0.00791	0.00498	0.00525	0.00149	0.00747	0.00435	0.00287	0.27650
35	0.01723	0.08216	0.01839	0.01570	0.09094	0.39224	0.06442	0.01939	0.01413	0.01573	0.00940	0.01139	0.00787	0.00545	0.00550	0.00141	0.03645	0.00398	0.00297	0.18525
36	0.01295	0.01185	0.01817	0.02389	0.44663	0.01095	0.01304	0.01600	0.01274	0.01878	0.03995	0.01622	0.01141	0.00542	0.00529	0.00144	0.00569	0.02996	0.00324	0.29636
37	0.01090	0.08853	0.07328	0.01083	0.01377	0.01099	0.03552	0.01647	0.17027	0.01655	0.01539	0.01906	0.01310	0.02440	0.38852	0.00538	0.01052	0.00557	0.00356	0.06738
38	0.10020	0.01477	0.09043	0.01268	0.01760	0.01347	0.06427	0.31130	0.01914	0.24675	0.01515	0.01489	0.01032	0.00639	0.00551	0.00173	0.00608	0.00509	0.00529	0.03895
39	0.42370	0.01160	0.01319	0.01060	0.01444	0.01238	0.09198	0.01758	0.08390	0.02226	0.01033	0.01198	0.00818	0.00561	0.00540	0.00166	0.06256	0.00405	0.00358	0.18501

[dist]
# distance from previous block
# <min> <max>
5	32

[block]
# block no. 7 follows, 41 sequences, length 7
# corresponding to MSA columns:
# 832-838
name=unknown_H
#
# <colnr> <probs for GDERKNQSTAVLIFYWHMCP>
#	G	D	E	R	K	N	Q	S	T	A	V	L	I	F	Y	W	H	M	C	P
0	0.01330	0.01666	0.15969	0.02647	0.37038	0.01324	0.20900	0.01758	0.01288	0.01848	0.01083	0.01392	0.00858	0.00501	0.00578	0.00171	0.00762	0.00523	0.00282	0.08081
1	0.01317	0.37978	0.18014	0.15093	0.02109	0.01665	0.01282	0.01648	0.01172	0.01541	0.00917	0.01128	0.00754	0.00506	0.00449	0.00141	0.00660	0.00372	0.00260	0.12993
2	0.01599	0.01236	0.01635	0.04789	0.25019	0.01284	0.01163	0.23826	0.07545	0.08764	0.02215	0.02247	0.14603	0.00773	0.00590	0.00178	0.00563	0.00653	0.00474	0.00845
3	0.00862	0.00673	0.00998	0.01247	0.12095	0.00684	0.00788	0.01035	0.01089	0.01494	0.02351	0.37638	0.02623	0.05832	0.20716	0.00419	0.00722	0.07765	0.00427	0.00542
4	0.14206	0.02000	0.01467	0.01251	0.01615	0.39448	0.00975	0.16731	0.01701	0.06327	0.01060	0.01152	0.00816	0.00592	0.00498	0.00153	0.00775	0.00398	0.00387	0.08447
5	0.01160	0.01033	0.01596	0.02179	0.38677	0.01065	0.01192	0.01534	0.07850	0.01693	0.01786	0.02259	0.07998	0.09093	0.17997	0.00378	0.00802	0.00639	0.00344	0.00726
6	0.13445	0.01219	0.01144	0.01044	0.01215	0.14871	0.00824	0.01374	0.01159	0.01604	0.02382	0.04934	0.22579	0.01317	0.08084	0.00266	0.20898	0.00698	0.00369	0.00575

[dist]
# distance from previous block
# <min> <max>
20	58

[block]
# block no. 8 follows, 41 sequences, length 27
# corresponding to MSA columns:
# 898-924
name=unknown_I
#
# <colnr> <probs for GDERKNQSTAVLIFYWHMCP>
#	G	D	E	R	K	N	Q	S	T	A	V	L	I	F	Y	W	H	M	C	P
0	0.01651	0.01281	0.01493	0.01401	0.09649	0.01362	0.01003	0.27648	0.24139	0.05821	0.01768	0.07811	0.01427	0.00753	0.00570	0.00173	0.00528	0.00625	0.00520	0.10377
1	0.05905	0.01136	0.01573	0.09074	0.28286	0.05666	0.01178	0.01471	0.01159	0.01666	0.04889	0.01861	0.01275	0.09742	0.11723	0.00320	0.06968	0.00555	0.00313	0.05239
2	0.47274	0.01345	0.05658	0.00978	0.01405	0.01370	0.00850	0.22125	0.01504	0.04787	0.01029	0.01119	0.00765	0.00572	0.00438	0.00168	0.00519	0.00384	0.00417	0.07294
3	0.06290	0.01747	0.01834	0.06703	0.28519	0.22840	0.01325	0.15771	0.05825	0.02111	0.01131	0.01320	0.00895	0.00586	0.00543	0.00167	0.00748	0.00468	0.00360	0.00819
4	0.01080	0.01017	0.01716	0.78523	0.03940	0.01271	0.01589	0.01461	0.01144	0.01461	0.01017	0.01525	0.00762	0.00572	0.00572	0.00191	0.00762	0.00508	0.00254	0.00635
5	0.01162	0.01100	0.01863	0.60291	0.21535	0.01292	0.01629	0.01533	0.01182	0.01560	0.01031	0.01498	0.00797	0.00557	0.00571	0.00186	0.00742	0.00509	0.00261	0.00701
6	0.00731	0.00522	0.00703	0.00836	0.00884	0.00494	0.00591	0.00856	0.01129	0.01498	0.03134	0.68391	0.03708	0.01760	0.00739	0.00237	0.00362	0.12422	0.00530	0.00474
7	0.00850	0.00608	0.00835	0.00940	0.01048	0.00593	0.00769	0.01075	0.01309	0.01739	0.14181	0.23881	0.03732	0.01569	0.00758	0.00243	0.00440	0.44372	0.00543	0.00514
8	0.17089	0.00802	0.00962	0.00876	0.01133	0.00769	0.00671	0.01758	0.01289	0.31715	0.02352	0.33782	0.02243	0.01122	0.00598	0.00200	0.00414	0.00959	0.00568	0.00697
9	0.01147	0.02959	0.76934	0.01630	0.02476	0.01328	0.02113	0.01811	0.01208	0.01811	0.01026	0.01208	0.00725	0.00543	0.00543	0.00181	0.00845	0.00423	0.00242	0.00845
10	0.00767	0.00565	0.00606	0.00606	0.00685	0.00525	0.00383	0.00827	0.01027	0.01289	0.03450	0.04470	0.32636	0.47512	0.01989	0.00405	0.00445	0.00987	0.00423	0.00403
11	0.00807	0.00590	0.00786	0.00786	0.00865	0.00638	0.00565	0.00938	0.00933	0.01280	0.02083	0.03086	0.09751	0.28521	0.45021	0.00722	0.01080	0.00748	0.00344	0.00454
12	0.01643	0.65673	0.02739	0.01072	0.01524	0.16424	0.01002	0.01820	0.01248	0.01356	0.00812	0.00939	0.00735	0.00508	0.00395	0.00127	0.00691	0.00318	0.00254	0.00721
13	0.01665	0.01970	0.01370	0.01275	0.01501	0.50098	0.00966	0.01832	0.01370	0.01374	0.01116	0.01466	0.00985	0.01913	0.28102	0.00423	0.01211	0.00456	0.00299	0.00609
14	0.01189	0.07429	0.65704	0.01664	0.02463	0.01395	0.08742	0.01807	0.01218	0.01786	0.01025	0.01221	0.00738	0.00535	0.00545	0.00179	0.00842	0.00439	0.00246	0.00832
15	0.02058	0.01137	0.01349	0.01106	0.01501	0.01168	0.00890	0.09541	0.32143	0.39252	0.02204	0.01971	0.01511	0.00734	0.00578	0.00184	0.00486	0.00599	0.00643	0.00945
16	0.01186	0.01017	0.01186	0.00847	0.01356	0.00762	0.00678	0.01440	0.01186	0.01864	0.01017	0.01186	0.00847	0.00424	0.00424	0.00085	0.00424	0.00339	0.00339	0.83395
17	0.01379	0.01322	0.02256	0.11659	0.68467	0.01349	0.01737	0.01723	0.01285	0.01824	0.01069	0.01428	0.00890	0.00516	0.00567	0.00172	0.00689	0.00509	0.00280	0.00877
18	0.00697	0.00498	0.00664	0.00796	0.00830	0.00465	0.00531	0.00796	0.01095	0.01460	0.03153	0.79525	0.03783	0.01792	0.00730	0.00232	0.00332	0.01626	0.00531	0.00465
19	0.01066	0.00533	0.00533	0.00533	0.00666	0.00533	0.00400	0.01333	0.01200	0.02132	0.01866	0.02132	0.01466	0.00666	0.00400	0.00133	0.00267	0.00533	0.83073	0.00533
20	0.01529	0.80242	0.02997	0.00979	0.01468	0.02263	0.00979	0.01713	0.01162	0.01346	0.00795	0.00918	0.00734	0.00489	0.00367	0.00122	0.00612	0.00306	0.00245	0.00734
21	0.01251	0.01251	0.01752	0.01502	0.01502	0.01752	0.01251	0.01377	0.00876	0.01377	0.00751	0.01251	0.00751	0.01001	0.01877	0.00250	0.78851	0.00501	0.00250	0.00626
22	0.01421	0.00942	0.01127	0.01041	0.01311	0.00990	0.00842	0.02236	0.31964	0.16181	0.13717	0.03491	0.02622	0.01022	0.00646	0.00206	0.00449	0.18424	0.00599	0.00769
23	0.06365	0.01064	0.01214	0.01006	0.01354	0.01089	0.00799	0.13335	0.19843	0.28984	0.02407	0.02379	0.09550	0.07075	0.00761	0.00212	0.00482	0.00658	0.00589	0.00834
24	0.00928	0.09226	0.00940	0.00756	0.00929	0.00696	0.00570	0.01063	0.01220	0.07450	0.03770	0.38353	0.29133	0.01442	0.00659	0.00202	0.00359	0.01249	0.00514	0.00541
25	0.21777	0.21173	0.27609	0.01323	0.05883	0.01597	0.01334	0.09829	0.01309	0.02086	0.00954	0.01098	0.00739	0.00541	0.00458	0.00164	0.00656	0.00381	0.00309	0.00780
26	0.06518	0.01603	0.05716	0.07399	0.01864	0.08856	0.01118	0.45599	0.02093	0.02818	0.01263	0.01413	0.00949	0.01043	0.08923	0.00253	0.00778	0.00494	0.00461	0.00839

[dist]
# distance from previous block
# <min> <max>
0	9

[block]
# block no. 9 follows, 41 sequences, length 57
# corresponding to MSA columns:
# 934-990
name=unknown_J
#
# <colnr> <probs for GDERKNQSTAVLIFYWHMCP>
#	G	D	E	R	K	N	Q	S	T	A	V	L	I	F	Y	W	H	M	C	P
0	0.38102	0.01324	0.06098	0.01713	0.24563	0.03997	0.01095	0.01774	0.06031	0.02227	0.07089	0.01451	0.01180	0.00595	0.00478	0.00175	0.00549	0.00462	0.00360	0.00736
1	0.52041	0.01093	0.00932	0.00837	0.01131	0.03914	0.00657	0.06194	0.07149	0.02364	0.06052	0.03377	0.01281	0.08429	0.02303	0.00231	0.00496	0.00487	0.00404	0.00629
2	0.01670	0.01890	0.01508	0.01356	0.01560	0.39251	0.01067	0.06544	0.01429	0.01570	0.01391	0.01880	0.05693	0.00995	0.04270	0.00221	0.20415	0.06310	0.00336	0.00645
3	0.01285	0.01225	0.02085	0.32783	0.48081	0.01325	0.01690	0.01641	0.01240	0.01710	0.01053	0.01458	0.00850	0.00534	0.00568	0.00178	0.00712	0.00509	0.00272	0.00800
4	0.01124	0.01042	0.01856	0.01789	0.12471	0.01021	0.23262	0.01530	0.06136	0.01780	0.02152	0.14278	0.02182	0.01070	0.00701	0.00220	0.00649	0.25643	0.00424	0.00671
5	0.01080	0.01017	0.01716	0.78523	0.03940	0.01271	0.01589	0.01461	0.01144	0.01461	0.01017	0.01525	0.00762	0.00572	0.00572	0.00191	0.00762	0.00508	0.00254	0.00635
6	0.01135	0.00950	0.01106	0.00815	0.01251	0.00733	0.00630	0.01353	0.01135	0.01756	0.01129	0.01553	0.01024	0.11812	0.00780	0.00152	0.00442	0.00410	0.00340	0.71494
7	0.01066	0.00533	0.00533	0.00533	0.00666	0.00533	0.00400	0.01333	0.01200	0.02132	0.01866	0.02132	0.01466	0.00666	0.00400	0.00133	0.00267	0.00533	0.83073	0.00533
8	0.01818	0.01425	0.01516	0.01244	0.01638	0.01607	0.01001	0.40585	0.37108	0.03030	0.01826	0.01734	0.01339	0.00729	0.00577	0.00182	0.00546	0.00577	0.00577	0.00941
9	0.01186	0.01017	0.01186	0.00847	0.01356	0.00762	0.00678	0.01440	0.01186	0.01864	0.01017	0.01186	0.00847	0.00424	0.00424	0.00085	0.00424	0.00339	0.00339	0.83395
10	0.00697	0.00498	0.00664	0.00796	0.00830	0.00465	0.00531	0.00796	0.01095	0.01460	0.03153	0.79525	0.03783	0.01792	0.00730	0.00232	0.00332	0.01626	0.00531	0.00465
11	0.01147	0.02959	0.76934	0.01630	0.02476	0.01328	0.02113	0.01811	0.01208	0.01811	0.01026	0.01208	0.00725	0.00543	0.00543	0.00181	0.00845	0.00423	0.00242	0.00845
12	0.02174	0.01602	0.01717	0.01316	0.01774	0.01774	0.01087	0.74423	0.02689	0.03605	0.01373	0.01373	0.00973	0.00687	0.00572	0.00172	0.00629	0.00515	0.00572	0.00973
13	0.00817	0.00613	0.00919	0.00919	0.01021	0.00715	0.00715	0.01021	0.00919	0.01328	0.01532	0.02247	0.01430	0.04290	0.77631	0.00919	0.01532	0.00613	0.00306	0.00511
14	0.00810	0.00585	0.00765	0.00720	0.00855	0.00540	0.00540	0.01079	0.01619	0.02294	0.76028	0.04273	0.05397	0.01169	0.00675	0.00180	0.00270	0.01034	0.00630	0.00540
15	0.02174	0.01602	0.01717	0.01316	0.01774	0.01774	0.01087	0.74423	0.02689	0.03605	0.01373	0.01373	0.00973	0.00687	0.00572	0.00172	0.00629	0.00515	0.00572	0.00973
16	0.01587	0.01201	0.01317	0.01158	0.01494	0.01343	0.00922	0.11313	0.53250	0.10015	0.02264	0.02374	0.01746	0.00824	0.00597	0.00195	0.00483	0.06437	0.00589	0.00890
17	0.83938	0.01106	0.00841	0.00752	0.01106	0.01283	0.00619	0.01681	0.00973	0.02566	0.00796	0.00929	0.00619	0.00531	0.00354	0.00177	0.00442	0.00310	0.00354	0.00619
18	0.01275	0.01238	0.01891	0.58368	0.03503	0.06331	0.09451	0.07978	0.01334	0.01687	0.01055	0.01481	0.00791	0.00573	0.00579	0.00186	0.00790	0.00518	0.00289	0.00682
19	0.01529	0.80242	0.02997	0.00979	0.01468	0.02263	0.00979	0.01713	0.01162	0.01346	0.00795	0.00918	0.00734	0.00489	0.00367	0.00122	0.00612	0.00306	0.00245	0.00734
20	0.00729	0.00521	0.00701	0.00833	0.00881	0.00492	0.00587	0.00852	0.01127	0.01496	0.03135	0.69053	0.03713	0.01762	0.00739	0.00237	0.00360	0.11779	0.00530	0.00473
21	0.01416	0.01359	0.02322	0.03511	0.76330	0.01359	0.01755	0.01755	0.01302	0.01869	0.01076	0.01416	0.00906	0.00510	0.00566	0.00170	0.00680	0.00510	0.00283	0.00906
22	0.00706	0.00544	0.00650	0.00728	0.00835	0.00488	0.00523	0.00838	0.01199	0.01516	0.04230	0.43140	0.33513	0.01633	0.00713	0.00219	0.00330	0.07188	0.00531	0.00477
23	0.01147	0.02959	0.76934	0.01630	0.02476	0.01328	0.02113	0.01811	0.01208	0.01811	0.01026	0.01208	0.00725	0.00543	0.00543	0.00181	0.00845	0.00423	0.00242	0.00845
24	0.00832	0.00555	0.00624	0.00624	0.00624	0.00555	0.00347	0.00832	0.00832	0.01109	0.01802	0.03743	0.02080	0.79898	0.02911	0.00555	0.00555	0.00832	0.00347	0.00347
25	0.01265	0.01250	0.01715	0.01474	0.01501	0.01725	0.01223	0.01511	0.06899	0.01459	0.00878	0.01323	0.00831	0.00983	0.01772	0.00246	0.72506	0.00512	0.00277	0.00648
26	0.01423	0.01229	0.01293	0.01164	0.01487	0.01423	0.00905	0.03039	0.75297	0.02393	0.02328	0.02134	0.01746	0.00776	0.00582	0.00194	0.00453	0.00647	0.00582	0.00905
27	0.01332	0.01025	0.01510	0.01337	0.01484	0.01223	0.05857	0.01542	0.01169	0.12320	0.01782	0.03171	0.01734	0.01126	0.01236	0.00241	0.35407	0.25442	0.00414	0.00651
