[name]
unknown

[dist]
# distance from previous block
# <min> <max>
0	75

[block]
# block no. 0 follows, 44 sequences, length 43
# corresponding to MSA columns:
# 75-117
name=unknown_A
#
# <colnr> <probs for GDERKNQSTAVLIFYWHMCP>
#	G	D	E	R	K	N	Q	S	T	A	V	L	I	F	Y	W	H	M	C	P
0	0.09034	0.04205	0.20607	0.06558	0.07996	0.07639	0.06117	0.05164	0.08639	0.08087	0.01482	0.01692	0.04896	0.00630	0.00525	0.00170	0.00647	0.02978	0.00359	0.02574
1	0.00756	0.00534	0.00621	0.00623	0.00680	0.00508	0.00398	0.00840	0.01043	0.01392	0.18899	0.10454	0.13552	0.45305	0.01827	0.00375	0.00415	0.00951	0.00429	0.00399
2	0.01342	0.01376	0.04647	0.01267	0.08088	0.14695	0.00931	0.05710	0.31929	0.01982	0.09621	0.02360	0.12137	0.00798	0.00561	0.00172	0.00533	0.00653	0.00465	0.00733
3	0.00772	0.00539	0.00630	0.00618	0.00674	0.00518	0.00393	0.00862	0.01060	0.01434	0.24574	0.03882	0.10278	0.49311	0.01931	0.00388	0.00423	0.00885	0.00428	0.00398
4	0.01030	0.00969	0.01635	0.79530	0.03755	0.01211	0.01514	0.01393	0.01090	0.01393	0.00969	0.01453	0.00727	0.00545	0.00545	0.00182	0.00727	0.00484	0.00242	0.00606
5	0.01141	0.01091	0.01869	0.50552	0.25962	0.01230	0.04963	0.01494	0.01146	0.01538	0.00992	0.01413	0.00775	0.00519	0.00544	0.00173	0.00702	0.00487	0.00255	0.03153
6	0.07442	0.01024	0.01223	0.01004	0.01379	0.01030	0.00810	0.02675	0.28619	0.45545	0.02084	0.01857	0.01414	0.00687	0.00537	0.00175	0.00449	0.00556	0.00609	0.00882
7	0.03747	0.06288	0.21917	0.08045	0.14754	0.01271	0.18275	0.04776	0.01278	0.06029	0.04518	0.04366	0.01102	0.00583	0.00552	0.00172	0.00705	0.00548	0.00316	0.00756
8	0.01318	0.03930	0.01607	0.14997	0.26862	0.01023	0.03680	0.01597	0.01309	0.14594	0.12508	0.02284	0.10523	0.00721	0.00566	0.00169	0.00538	0.00644	0.00407	0.00723
9	0.04921	0.25134	0.31206	0.01375	0.05791	0.13333	0.01384	0.01854	0.07254	0.01616	0.00987	0.01116	0.00778	0.00525	0.00462	0.00152	0.00714	0.00380	0.00272	0.00747
10	0.01458	0.81168	0.02857	0.00933	0.01399	0.02157	0.00933	0.01632	0.01108	0.01283	0.00758	0.00875	0.00700	0.00466	0.00350	0.00117	0.00583	0.00292	0.00233	0.00700
11	0.00682	0.00531	0.00626	0.00691	0.00808	0.00475	0.00510	0.00818	0.01166	0.01461	0.04195	0.34992	0.38768	0.01526	0.00678	0.00207	0.00321	0.10582	0.00506	0.00459
12	0.08492	0.08915	0.01670	0.01835	0.32167	0.01141	0.01071	0.03082	0.01180	0.03901	0.01198	0.01498	0.03506	0.05770	0.00619	0.00162	0.00532	0.00453	0.00315	0.22495
13	0.01604	0.27425	0.18591	0.01102	0.01581	0.01414	0.01118	0.05240	0.03886	0.21948	0.05365	0.01467	0.01168	0.00685	0.02312	0.00172	0.03290	0.00455	0.00396	0.00781
14	0.00753	0.00557	0.00704	0.00667	0.00803	0.00507	0.00500	0.00994	0.01500	0.02084	0.66928	0.04240	0.15432	0.01153	0.00643	0.00173	0.00260	0.01009	0.00587	0.00507
15	0.00824	0.00714	0.01035	0.11394	0.02934	0.00741	0.05085	0.01022	0.01183	0.01555	0.13377	0.22793	0.23779	0.01210	0.00741	0.00198	0.07090	0.03360	0.00443	0.00520
16	0.03659	0.04454	0.30072	0.01276	0.01843	0.01165	0.04765	0.11202	0.01477	0.30949	0.01469	0.01457	0.00988	0.00656	0.01965	0.00181	0.00651	0.00477	0.00445	0.00850
17	0.00879	0.00628	0.00879	0.01004	0.01130	0.00628	0.00879	0.01130	0.01255	0.01632	0.02887	0.06150	0.03138	0.01506	0.00753	0.00251	0.00502	0.73770	0.00502	0.00502
18	0.00644	0.00552	0.00552	0.00552	0.00736	0.00460	0.00414	0.00782	0.01243	0.01473	0.05523	0.05247	0.77218	0.01381	0.00644	0.00184	0.00276	0.01151	0.00506	0.00460
19	0.01483	0.01595	0.03288	0.02390	0.02944	0.01477	0.73156	0.01874	0.01408	0.01928	0.01301	0.01740	0.01018	0.00596	0.00726	0.00220	0.00974	0.00703	0.00346	0.00836
20	0.01093	0.02820	0.78016	0.01554	0.02360	0.01266	0.02014	0.01727	0.01151	0.01727	0.00978	0.01151	0.00691	0.00518	0.00518	0.00173	0.00806	0.00403	0.00230	0.00806
21	0.00664	0.00474	0.00633	0.00759	0.00791	0.00443	0.00506	0.00759	0.01044	0.01392	0.03005	0.80485	0.03606	0.01708	0.00696	0.00221	0.00316	0.01550	0.00506	0.00443
22	0.02446	0.00928	0.01265	0.00970	0.01392	0.00801	0.00801	0.02657	0.01560	0.77817	0.02151	0.01856	0.01350	0.00675	0.00548	0.00169	0.00464	0.00548	0.00675	0.00928
23	0.01466	0.66253	0.07718	0.01016	0.01484	0.07121	0.01009	0.01745	0.05338	0.01371	0.00860	0.00965	0.00753	0.00491	0.00382	0.00126	0.00616	0.00321	0.00254	0.00711
24	0.00791	0.00537	0.00635	0.00635	0.00649	0.00551	0.00381	0.00819	0.00805	0.01087	0.01681	0.03361	0.01892	0.69734	0.13758	0.00579	0.00663	0.00763	0.00325	0.00353
25	0.01093	0.02820	0.78016	0.01554	0.02360	0.01266	0.02014	0.01727	0.01151	0.01727	0.00978	0.01151	0.00691	0.00518	0.00518	0.00173	0.00806	0.00403	0.00230	0.00806
26	0.01371	0.01471	0.05549	0.10836	0.55013	0.09103	0.05401	0.01701	0.01255	0.01692	0.01003	0.01320	0.00824	0.00500	0.00540	0.00163	0.00711	0.00476	0.00267	0.00805
27	0.00879	0.00628	0.00879	0.01004	0.01130	0.00628	0.00879	0.01130	0.01255	0.01632	0.02887	0.06150	0.03138	0.01506	0.00753	0.00251	0.00502	0.73770	0.00502	0.00502
28	0.01732	0.01325	0.01453	0.01093	0.01546	0.01342	0.00895	0.48755	0.02045	0.02835	0.01186	0.01244	0.00884	0.00564	0.00494	0.00134	0.00529	0.00430	0.00465	0.31050
29	0.03193	0.38816	0.07788	0.01197	0.01593	0.29115	0.02861	0.01807	0.01250	0.01368	0.00823	0.00986	0.00714	0.00595	0.01929	0.00152	0.04541	0.00344	0.00254	0.00673
30	0.80033	0.01153	0.05104	0.00764	0.01127	0.01225	0.00670	0.01609	0.00940	0.02406	0.00771	0.00900	0.00596	0.00507	0.00347	0.00169	0.00443	0.00301	0.00331	0.00602
31	0.01130	0.00969	0.01130	0.00807	0.01292	0.00727	0.00646	0.01373	0.01130	0.01776	0.00969	0.01130	0.00807	0.00404	0.00404	0.00081	0.00404	0.00323	0.00323	0.84173
32	0.01276	0.01519	0.08627	0.05084	0.18490	0.01347	0.51898	0.01717	0.01260	0.01740	0.01073	0.01420	0.00821	0.00472	0.00609	0.00178	0.00847	0.00587	0.00270	0.00763
33	0.00707	0.00546	0.00811	0.00861	0.00933	0.00509	0.05753	0.00829	0.01066	0.01419	0.02942	0.72837	0.05479	0.01611	0.00691	0.00218	0.00357	0.01475	0.00490	0.00464
34	0.01491	0.01244	0.01353	0.01237	0.04890	0.01416	0.00932	0.16555	0.59137	0.02476	0.01994	0.01866	0.01489	0.00712	0.00552	0.00180	0.00473	0.00587	0.00540	0.00875
35	0.00994	0.01693	0.39230	0.01136	0.01606	0.00895	0.01273	0.01423	0.01308	0.05070	0.30073	0.08704	0.02643	0.00847	0.00581	0.00176	0.00544	0.00723	0.00411	0.00671
36	0.01413	0.22035	0.28840	0.01645	0.11062	0.01509	0.11157	0.07379	0.01305	0.07196	0.01054	0.01209	0.00797	0.00515	0.00499	0.00158	0.00705	0.00433	0.00297	0.00795
37	0.01440	0.70519	0.04221	0.00955	0.01400	0.06306	0.00936	0.01625	0.01153	0.01334	0.03846	0.01092	0.02284	0.00515	0.00378	0.00122	0.00592	0.00340	0.00255	0.00686
38	0.00664	0.00474	0.00633	0.00759	0.00791	0.00443	0.00506	0.00759	0.01044	0.01392	0.03005	0.80485	0.03606	0.01708	0.00696	0.00221	0.00316	0.01550	0.00506	0.00443
39	0.00927	0.00772	0.01092	0.01421	0.23054	0.00719	0.00817	0.01133	0.01271	0.04094	0.13980	0.12824	0.33588	0.01099	0.00617	0.00180	0.00392	0.00963	0.00456	0.00598
40	0.01030	0.00969	0.01635	0.79530	0.03755	0.01211	0.01514	0.01393	0.01090	0.01393	0.00969	0.01453	0.00727	0.00545	0.00545	0.00182	0.00727	0.00484	0.00242	0.00606
41	0.01458	0.81168	0.02857	0.00933	0.01399	0.02157	0.00933	0.01632	0.01108	0.01283	0.00758	0.00875	0.00700	0.00466	0.00350	0.00117	0.00583	0.00292	0.00233	0.00700
42	0.32058	0.01047	0.01135	0.03234	0.01356	0.01086	0.00765	0.12864	0.01449	0.34676	0.01476	0.01419	0.00996	0.00605	0.00465	0.00167	0.00469	0.00445	0.03505	0.00781

[dist]
# distance from previous block
# <min> <max>
1	13

[block]
# block no. 1 follows, 44 sequences, length 11
# corresponding to MSA columns:
# 131-141
name=unknown_B
#
# <colnr> <probs for GDERKNQSTAVLIFYWHMCP>
#	G	D	E	R	K	N	Q	S	T	A	V	L	I	F	Y	W	H	M	C	P
0	0.07424	0.01404	0.04866	0.01442	0.01875	0.10138	0.23511	0.02032	0.07005	0.20140	0.01349	0.01447	0.00973	0.00566	0.00595	0.00165	0.04236	0.00508	0.00400	0.09922
1	0.01233	0.05219	0.42240	0.01262	0.01912	0.01183	0.01432	0.10195	0.01307	0.01923	0.01005	0.01152	0.00755	0.00496	0.00479	0.00141	0.00648	0.00384	0.00296	0.26739
2	0.00806	0.03618	0.00831	0.00759	0.00869	0.00633	0.00573	0.01001	0.01136	0.01623	0.26149	0.12355	0.02874	0.06987	0.30729	0.00464	0.00755	0.00828	0.06519	0.00491
3	0.00921	0.00517	0.00545	0.00545	0.00618	0.00517	0.00359	0.01066	0.00994	0.01616	0.01753	0.02688	0.01647	0.34890	0.01403	0.00299	0.00371	0.00630	0.48189	0.00432
4	0.01136	0.01561	0.20485	0.01504	0.01775	0.01435	0.09907	0.01429	0.00969	0.01459	0.00902	0.01313	0.00789	0.01115	0.09308	0.00282	0.43244	0.00489	0.00246	0.00652
5	0.01289	0.00970	0.01063	0.00888	0.01165	0.01000	0.00707	0.32812	0.01888	0.02505	0.23182	0.03246	0.25055	0.00998	0.00602	0.00172	0.00409	0.00824	0.00548	0.00674
6	0.00785	0.00559	0.00751	0.00751	0.00805	0.00613	0.00525	0.00893	0.00839	0.01173	0.01575	0.02777	0.01639	0.38286	0.44859	0.00721	0.01045	0.00677	0.00309	0.00417
7	0.00757	0.00557	0.00708	0.00670	0.00805	0.00508	0.00503	0.01000	0.01508	0.02103	0.68833	0.04209	0.13515	0.01145	0.00643	0.00173	0.00259	0.01005	0.00589	0.00508
8	0.01056	0.00574	0.00772	0.00805	0.00923	0.00522	0.00571	0.01176	0.01157	0.18182	0.02817	0.63210	0.03110	0.01481	0.00663	0.00210	0.00349	0.01330	0.00543	0.00549
9	0.01116	0.16443	0.36456	0.01176	0.01705	0.03476	0.01320	0.01621	0.07884	0.01656	0.04906	0.02157	0.13582	0.00733	0.00525	0.00167	0.00616	0.03421	0.00332	0.00706
10	0.01271	0.27999	0.10651	0.01081	0.03261	0.01280	0.04429	0.01508	0.01165	0.10302	0.07916	0.11058	0.01633	0.05392	0.06575	0.00234	0.02606	0.00619	0.00361	0.00659

[dist]
# distance from previous block
# <min> <max>
3	36

[block]
# block no. 2 follows, 44 sequences, length 65
# corresponding to MSA columns:
# 178-184,198-201,220-273
name=unknown_C
#
# <colnr> <probs for GDERKNQSTAVLIFYWHMCP>
#	G	D	E	R	K	N	Q	S	T	A	V	L	I	F	Y	W	H	M	C	P
0	0.01405	0.02892	0.01526	0.22357	0.11473	0.19389	0.01128	0.03475	0.06454	0.04023	0.03207	0.03838	0.01049	0.00587	0.00512	0.00151	0.00662	0.00480	0.00329	0.15063
1	0.01312	0.01238	0.03806	0.01954	0.23686	0.04250	0.17879	0.06345	0.05249	0.05927	0.11125	0.05148	0.06523	0.00713	0.00614	0.00174	0.02255	0.00672	0.00390	0.00739
2	0.01304	0.00817	0.00976	0.00864	0.01116	0.00797	0.00667	0.07969	0.12834	0.17930	0.12443	0.17864	0.13630	0.01118	0.02555	0.00197	0.00409	0.00884	0.00550	0.05078
3	0.00658	0.00553	0.00571	0.00566	0.00745	0.00466	0.00425	0.00809	0.01274	0.01548	0.13113	0.05122	0.69581	0.01353	0.00644	0.00183	0.00274	0.01133	0.00516	0.00466
4	0.84691	0.01054	0.00801	0.00717	0.01054	0.01223	0.00590	0.01603	0.00928	0.02446	0.00759	0.00886	0.00590	0.00506	0.00337	0.00169	0.00422	0.00295	0.00337	0.00590
5	0.00779	0.00584	0.00876	0.00876	0.00974	0.00681	0.00681	0.00974	0.00876	0.01266	0.01460	0.02142	0.01363	0.04089	0.78680	0.00876	0.01460	0.00584	0.00292	0.00487
6	0.02228	0.01194	0.01414	0.01088	0.01507	0.01206	0.00898	0.36572	0.02014	0.40846	0.01747	0.01607	0.01154	0.00664	0.00542	0.00165	0.00521	0.00520	0.03198	0.00914
7	0.00648	0.00552	0.00558	0.00556	0.00739	0.00462	0.00417	0.00790	0.01252	0.01495	0.07773	0.05210	0.74954	0.01372	0.00644	0.00184	0.00276	0.01145	0.00509	0.00462
8	0.09883	0.00566	0.00539	0.00530	0.00680	0.00584	0.00403	0.01306	0.01120	0.02076	0.01670	0.01911	0.01312	0.00621	0.00376	0.00131	0.00272	0.00486	0.75016	0.00517
9	0.00786	0.00557	0.00738	0.00738	0.00788	0.00607	0.00510	0.00885	0.00835	0.01164	0.01586	0.02840	0.01666	0.41656	0.41527	0.00706	0.01004	0.00686	0.00311	0.00410
10	0.01006	0.00875	0.01177	0.03165	0.19734	0.05613	0.00860	0.01174	0.00987	0.01336	0.01383	0.02293	0.01373	0.26192	0.29919	0.00535	0.00932	0.00607	0.00296	0.00543
11	0.02103	0.01342	0.01484	0.01161	0.01575	0.03261	0.00950	0.45085	0.10079	0.24724	0.01637	0.01536	0.01122	0.00667	0.00546	0.00167	0.00552	0.00517	0.00577	0.00913
12	0.00780	0.00581	0.00861	0.00861	0.00954	0.00673	0.00663	0.00964	0.00872	0.01255	0.01474	0.02217	0.01396	0.08135	0.74678	0.00858	0.01411	0.00595	0.00294	0.00479
13	0.02072	0.01527	0.01636	0.01254	0.01691	0.01691	0.01036	0.75622	0.02563	0.03436	0.01309	0.01309	0.00927	0.00654	0.00545	0.00164	0.00600	0.00491	0.00545	0.00927
14	0.01356	0.01171	0.01233	0.01109	0.01418	0.01356	0.00863	0.02897	0.76455	0.02281	0.02219	0.02034	0.01664	0.00740	0.00555	0.00185	0.00431	0.00616	0.00555	0.00863
15	0.00947	0.00473	0.00710	0.00710	0.00710	0.00473	0.00473	0.00710	0.00710	0.00947	0.00947	0.01657	0.00947	0.01894	0.02131	0.84138	0.00473	0.00473	0.00237	0.00237
16	0.01251	0.01492	0.06900	0.02151	0.04670	0.03238	0.62173	0.01681	0.01267	0.01710	0.01228	0.07282	0.01023	0.00558	0.00634	0.00184	0.00863	0.00686	0.00290	0.00718
17	0.84691	0.01054	0.00801	0.00717	0.01054	0.01223	0.00590	0.01603	0.00928	0.02446	0.00759	0.00886	0.00590	0.00506	0.00337	0.00169	0.00422	0.00295	0.00337	0.00590
18	0.01221	0.01164	0.01981	0.33897	0.47891	0.01262	0.01609	0.01561	0.01181	0.01625	0.01003	0.01391	0.00809	0.00510	0.00542	0.00170	0.00679	0.00485	0.00259	0.00760
19	0.01667	0.01105	0.01277	0.01046	0.01359	0.01200	0.00845	0.38228	0.04164	0.12121	0.01528	0.01720	0.01174	0.03671	0.19539	0.00345	0.00757	0.00534	0.06950	0.00770
20	0.00742	0.00531	0.00715	0.00760	0.00808	0.00556	0.00526	0.00849	0.00913	0.01254	0.02075	0.30188	0.02321	0.23782	0.30834	0.00552	0.00807	0.00981	0.00378	0.00429
21	0.01100	0.00600	0.00729	0.00685	0.00770	0.00572	0.00440	0.01151	0.00968	0.15992	0.01938	0.11386	0.02031	0.56894	0.02122	0.00426	0.00494	0.00826	0.00416	0.00458
22	0.00702	0.00503	0.00670	0.00755	0.00816	0.00471	0.00529	0.00845	0.01177	0.01598	0.20977	0.57767	0.03952	0.01553	0.00686	0.00211	0.00312	0.05484	0.00529	0.00464
23	0.01093	0.02820	0.78016	0.01554	0.02360	0.01266	0.02014	0.01727	0.01151	0.01727	0.00978	0.01151	0.00691	0.00518	0.00518	0.00173	0.00806	0.00403	0.00230	0.00806
24	0.01458	0.81168	0.02857	0.00933	0.01399	0.02157	0.00933	0.01632	0.01108	0.01283	0.00758	0.00875	0.00700	0.00466	0.00350	0.00117	0.00583	0.00292	0.00233	0.00700
25	0.00650	0.00547	0.00563	0.00571	0.00743	0.00461	0.00424	0.00788	0.01238	0.01489	0.07576	0.10332	0.69969	0.01395	0.00648	0.00186	0.00278	0.01173	0.00509	0.00461
26	0.00779	0.00584	0.00876	0.00876	0.00974	0.00681	0.00681	0.00974	0.00876	0.01266	0.01460	0.02142	0.01363	0.04089	0.78680	0.00876	0.01460	0.00584	0.00292	0.00487
27	0.00740	0.00556	0.00685	0.00653	0.00795	0.00501	0.00490	0.00968	0.01469	0.02010	0.59472	0.04362	0.22934	0.01180	0.00643	0.00175	0.00262	0.01027	0.00577	0.00501
28	0.01069	0.00999	0.01682	0.68443	0.12767	0.01206	0.01509	0.01425	0.01110	0.01455	0.00993	0.01453	0.00758	0.00540	0.00541	0.00178	0.00707	0.00485	0.02045	0.00635
29	0.01130	0.00969	0.01130	0.00807	0.01292	0.00727	0.00646	0.01373	0.01130	0.01776	0.00969	0.01130	0.00807	0.00404	0.00404	0.00081	0.00404	0.00323	0.00323	0.84173
30	0.01843	0.03041	0.21898	0.01330	0.01859	0.04913	0.11144	0.02258	0.04952	0.38722	0.01613	0.01565	0.01076	0.00598	0.00547	0.00170	0.00642	0.00511	0.00470	0.00848
31	0.00925	0.00789	0.01117	0.01034	0.01085	0.01006	0.00815	0.01068	0.00851	0.01255	0.01234	0.01992	0.01216	0.12711	0.42331	0.00610	0.28604	0.00573	0.00278	0.00505
32	0.01030	0.00969	0.01635	0.79530	0.03755	0.01211	0.01514	0.01393	0.01090	0.01393	0.00969	0.01453	0.00727	0.00545	0.00545	0.00182	0.00727	0.00484	0.00242	0.00606
33	0.26293	0.01179	0.01639	0.08484	0.29608	0.03083	0.06950	0.04562	0.01200	0.01985	0.01151	0.01727	0.01007	0.00612	0.00509	0.00176	0.00598	0.08203	0.00324	0.00709
34	0.01164	0.01229	0.01448	0.24683	0.02116	0.17352	0.08261	0.01394	0.01196	0.01422	0.01829	0.17922	0.08627	0.00908	0.00676	0.00187	0.06220	0.02454	0.00338	0.00574
35	0.75640	0.01094	0.00923	0.00886	0.05117	0.01253	0.00673	0.05779	0.01037	0.02467	0.00804	0.00934	0.00624	0.00513	0.00360	0.00168	0.00444	0.00316	0.00346	0.00624
36	0.01896	0.00833	0.01131	0.00928	0.01251	0.00772	0.00750	0.02168	0.04761	0.51580	0.09967	0.02154	0.01768	0.01387	0.15725	0.00307	0.00634	0.00605	0.00587	0.00795
37	0.84691	0.01054	0.00801	0.00717	0.01054	0.01223	0.00590	0.01603	0.00928	0.02446	0.00759	0.00886	0.00590	0.00506	0.00337	0.00169	0.00422	0.00295	0.00337	0.00590
38	0.03371	0.01374	0.13428	0.03674	0.29763	0.01121	0.01320	0.05828	0.03716	0.24331	0.01393	0.01497	0.01005	0.00639	0.00619	0.04594	0.00596	0.00491	0.00406	0.00833
39	0.00976	0.00866	0.01385	0.34248	0.14241	0.00996	0.01160	0.01235	0.01069	0.01447	0.04294	0.14048	0.01513	0.05422	0.10802	0.00295	0.04404	0.00699	0.00312	0.00588
40	0.00711	0.00538	0.00627	0.00678	0.00778	0.00492	0.00487	0.00827	0.01105	0.01393	0.03757	0.24797	0.32987	0.16908	0.01087	0.00270	0.00367	0.11286	0.00471	0.00436
41	0.00793	0.00529	0.00595	0.00595	0.00595	0.00529	0.00330	0.00793	0.00793	0.01057	0.01718	0.03568	0.01982	0.80840	0.02775	0.00529	0.00529	0.00793	0.00330	0.00330
42	0.00975	0.00851	0.01322	0.38725	0.10367	0.00958	0.01130	0.04327	0.01187	0.01564	0.05569	0.22924	0.06051	0.00930	0.00595	0.00189	0.00555	0.00832	0.00361	0.00590
43	0.01560	0.02081	0.45043	0.01429	0.02080	0.01162	0.07785	0.06039	0.01360	0.24133	0.01351	0.01393	0.00908	0.00566	0.00539	0.00172	0.00704	0.00471	0.00382	0.00842
44	0.00875	0.00757	0.00784	0.00766	0.00896	0.08776	0.00562	0.01080	0.01424	0.01889	0.49376	0.18664	0.09705	0.01191	0.00637	0.00179	0.00347	0.01040	0.00541	0.00509
45	0.02097	0.01003	0.01263	0.00989	0.01367	0.00955	0.00808	0.18726	0.01782	0.49171	0.13864	0.02085	0.01857	0.00740	0.00563	0.00168	0.00462	0.00605	0.00634	0.00862
46	0.01974	0.01132	0.03090	0.08442	0.15708	0.03121	0.05649	0.03649	0.03534	0.45386	0.01703	0.01661	0.01144	0.00611	0.00550	0.00169	0.00571	0.00530	0.00513	0.00864
47	0.01058	0.00981	0.01546	0.22522	0.17073	0.01125	0.05043	0.01286	0.01050	0.01432	0.01525	0.03781	0.07468	0.13466	0.01161	0.00247	0.15995	0.02344	0.00296	0.00600
48	0.02446	0.00928	0.01265	0.00970	0.01392	0.00801	0.00801	0.02657	0.01560	0.77817	0.02151	0.01856	0.01350	0.00675	0.00548	0.00169	0.00464	0.00548	0.00675	0.00928
49	0.01027	0.00918	0.01426	0.14976	0.18178	0.02765	0.07348	0.01311	0.01323	0.03128	0.26811	0.06347	0.10476	0.00858	0.00601	0.00175	0.00505	0.00782	0.00418	0.00626
50	0.01402	0.16904	0.38813	0.04969	0.06745	0.03050	0.04565	0.05699	0.01279	0.10054	0.01088	0.01220	0.00795	0.00530	0.00499	0.00161	0.00711	0.00420	0.00302	0.00794
51	0.01066	0.00918	0.01216	0.01086	0.01274	0.05494	0.10244	0.09754	0.05211	0.01672	0.01993	0.28118	0.02092	0.08929	0.15002	0.00351	0.00707	0.03889	0.00415	0.00570
52	0.12543	0.03473	0.07278	0.18300	0.08725	0.15577	0.21371	0.03383	0.01256	0.01718	0.00962	0.01249	0.00744	0.00514	0.00527	0.00169	0.00778	0.00468	0.00279	0.00688
53	0.01016	0.00508	0.00508	0.00508	0.00635	0.00508	0.00381	0.01270	0.01143	0.02033	0.01778	0.02033	0.01397	0.00635	0.00381	0.00127	0.00254	0.00508	0.83867	0.00508
54	0.01477	0.01174	0.01619	0.09828	0.14587	0.01172	0.06484	0.21955	0.01572	0.06201	0.01248	0.03852	0.00989	0.00573	0.00514	0.00147	0.00564	0.00497	0.04531	0.21017
55	0.01030	0.00969	0.01635	0.79530	0.03755	0.01211	0.01514	0.01393	0.01090	0.01393	0.00969	0.01453	0.00727	0.00545	0.00545	0.00182	0.00727	0.00484	0.00242	0.00606
56	0.00696	0.00499	0.00643	0.00727	0.00778	0.00466	0.00493	0.00808	0.01097	0.01469	0.12546	0.56759	0.07478	0.09995	0.00908	0.00246	0.00334	0.03117	0.00499	0.00442
57	0.01369	0.62171	0.21080	0.01083	0.01632	0.01941	0.01195	0.01655	0.01118	0.01390	0.00811	0.00942	0.00697	0.00479	0.00391	0.00130	0.00637	0.00319	0.00232	0.00725
58	0.00786	0.00526	0.00597	0.00603	0.00605	0.00524	0.00340	0.00791	0.00806	0.01075	0.01786	0.07623	0.02068	0.76668	0.02665	0.00512	0.00517	0.00833	0.00340	0.00336
59	0.01397	0.01534	0.01640	0.01425	0.01493	0.20336	0.01159	0.01522	0.01007	0.01317	0.00746	0.01142	0.00712	0.00859	0.01475	0.00215	0.60722	0.00447	0.00249	0.00605
60	0.00772	0.00557	0.00729	0.00686	0.00814	0.00514	0.00514	0.01029	0.01543	0.02186	0.77152	0.04072	0.05144	0.01115	0.00643	0.00171	0.00257	0.00986	0.00600	0.00514
61	0.00664	0.00474	0.00633	0.00759	0.00791	0.00443	0.00506	0.00759	0.01044	0.01392	0.03005	0.80485	0.03606	0.01708	0.00696	0.00221	0.00316	0.01550	0.00506	0.00443
62	0.13878	0.11993	0.26116	0.01248	0.01774	0.10666	0.01273	0.23035	0.01566	0.02223	0.00997	0.01103	0.00746	0.00554	0.00475	0.00159	0.00683	0.00392	0.00343	0.00775
63	0.00947	0.00473	0.00710	0.00710	0.00710	0.00473	0.00473	0.00710	0.00710	0.00947	0.00947	0.01657	0.00947	0.01894	0.02131	0.84138	0.00473	0.00473	0.00237	0.00237
64	0.02037	0.02598	0.01545	0.01404	0.01685	0.78652	0.01053	0.02177	0.01545	0.01334	0.00843	0.00983	0.00702	0.00562	0.00492	0.00140	0.00983	0.00351	0.00281	0.00632

[dist]
# distance from previous block
# <min> <max>
0	1

[block]
# block no. 3 follows, 44 sequences, length 36
# corresponding to MSA columns:
# 275-282,285-312
name=unknown_D
#
# <colnr> <probs for GDERKNQSTAVLIFYWHMCP>
#	G	D	E	R	K	N	Q	S	T	A	V	L	I	F	Y	W	H	M	C	P
0	0.01137	0.00974	0.01133	0.00816	0.01295	0.00744	0.00652	0.01414	0.03166	0.01790	0.01003	0.01155	0.00831	0.00413	0.00408	0.00084	0.00404	0.00331	0.00329	0.81922
1	0.02446	0.00928	0.01265	0.00970	0.01392	0.00801	0.00801	0.02657	0.01560	0.77817	0.02151	0.01856	0.01350	0.00675	0.00548	0.00169	0.00464	0.00548	0.00675	0.00928
2	0.01225	0.01072	0.01517	0.41880	0.08808	0.01261	0.01256	0.07523	0.21966	0.01857	0.01383	0.01622	0.01044	0.00607	0.00539	0.00177	0.00606	0.00523	0.04418	0.00717
3	0.06820	0.01557	0.13123	0.07444	0.43535	0.06892	0.03705	0.01731	0.04300	0.01774	0.01092	0.01447	0.00900	0.00542	0.00530	0.00168	0.00680	0.02684	0.00286	0.00789
4	0.00793	0.00529	0.00595	0.00595	0.00595	0.00529	0.00330	0.00793	0.00793	0.01057	0.01718	0.03568	0.01982	0.80840	0.02775	0.00529	0.00529	0.00793	0.00330	0.00330
5	0.00779	0.00584	0.00876	0.00876	0.00974	0.00681	0.00681	0.00974	0.00876	0.01266	0.01460	0.02142	0.01363	0.04089	0.78680	0.00876	0.01460	0.00584	0.00292	0.00487
6	0.01281	0.07283	0.30381	0.19528	0.17392	0.11742	0.01632	0.01695	0.01205	0.01579	0.00953	0.01218	0.00735	0.00520	0.00514	0.00165	0.00766	0.00423	0.00248	0.00741
7	0.01375	0.01259	0.01861	0.32615	0.26025	0.04225	0.03686	0.15285	0.01422	0.01897	0.01038	0.01366	0.00808	0.00563	0.00600	0.00173	0.04257	0.00486	0.00309	0.00750
8	0.00751	0.00534	0.00722	0.00842	0.00907	0.00516	0.00635	0.00899	0.01109	0.01463	0.02894	0.48817	0.03347	0.05765	0.00826	0.00248	0.00396	0.28375	0.00495	0.00459
9	0.84691	0.01054	0.00801	0.00717	0.01054	0.01223	0.00590	0.01603	0.00928	0.02446	0.00759	0.00886	0.00590	0.00506	0.00337	0.00169	0.00422	0.00295	0.00337	0.00590
10	0.08428	0.00937	0.01231	0.00952	0.01367	0.00832	0.00786	0.02580	0.01514	0.72336	0.02050	0.01785	0.01294	0.00662	0.00533	0.00169	0.00461	0.00530	0.00650	0.00903
11	0.01006	0.00885	0.04239	0.00989	0.03954	0.00827	0.03901	0.08142	0.12275	0.02042	0.30399	0.10834	0.12574	0.04598	0.00713	0.00195	0.00400	0.00897	0.00514	0.00615
12	0.01566	0.66494	0.02612	0.01021	0.01453	0.16444	0.00955	0.01734	0.01189	0.01292	0.00774	0.00895	0.00700	0.00484	0.00376	0.00121	0.00658	0.00303	0.00242	0.00687
13	0.00675	0.00482	0.00645	0.00772	0.00808	0.00452	0.00525	0.00778	0.01055	0.01404	0.02999	0.76699	0.03582	0.01698	0.00699	0.00223	0.00326	0.05228	0.00506	0.00446
14	0.01356	0.01171	0.01233	0.01109	0.01418	0.01356	0.00863	0.02897	0.76455	0.02281	0.02219	0.02034	0.01664	0.00740	0.00555	0.00185	0.00431	0.00616	0.00555	0.00863
15	0.01375	0.07250	0.36454	0.01426	0.05577	0.01157	0.07457	0.01847	0.03575	0.16423	0.10685	0.01693	0.01419	0.00619	0.00540	0.00169	0.00647	0.00526	0.00377	0.00785
16	0.01782	0.01185	0.01515	0.05010	0.15568	0.01241	0.01052	0.19763	0.19204	0.22716	0.01810	0.01760	0.03534	0.00666	0.00550	0.00171	0.00529	0.00555	0.00517	0.00872
17	0.01104	0.05070	0.75857	0.01536	0.02332	0.01292	0.01983	0.01724	0.01150	0.01714	0.00972	0.01143	0.00691	0.00516	0.00513	0.00171	0.00799	0.00400	0.00230	0.00803
18	0.27406	0.03621	0.12825	0.01333	0.09855	0.06695	0.03342	0.15882	0.01411	0.05667	0.01074	0.01202	0.00806	0.00552	0.00459	0.00162	0.00587	0.00410	0.05975	0.00737
19	0.00947	0.00473	0.00710	0.00710	0.00710	0.00473	0.00473	0.00710	0.00710	0.00947	0.00947	0.01657	0.00947	0.01894	0.02131	0.84138	0.00473	0.00473	0.00237	0.00237
20	0.01221	0.01399	0.07902	0.01443	0.01560	0.07152	0.04822	0.01402	0.00941	0.01369	0.00854	0.03347	0.00819	0.01003	0.04359	0.00247	0.58791	0.00503	0.00252	0.00615
21	0.00770	0.00539	0.00692	0.00710	0.00746	0.00566	0.00470	0.00847	0.00855	0.01172	0.01814	0.13910	0.02008	0.44637	0.27290	0.00599	0.00803	0.00831	0.00343	0.00397
22	0.00779	0.00578	0.00842	0.00839	0.00931	0.00657	0.00641	0.00963	0.00918	0.01316	0.06986	0.02398	0.01688	0.10129	0.66817	0.00797	0.01297	0.00630	0.00318	0.00476
23	0.01030	0.00969	0.01635	0.79530	0.03755	0.01211	0.01514	0.01393	0.01090	0.01393	0.00969	0.01453	0.00727	0.00545	0.00545	0.00182	0.00727	0.00484	0.00242	0.00606
24	0.00722	0.00515	0.00675	0.00730	0.00799	0.00483	0.00512	0.00877	0.01219	0.01671	0.30377	0.43553	0.04039	0.07235	0.00830	0.00226	0.00317	0.04228	0.00528	0.00464
25	0.01342	0.11101	0.31922	0.01595	0.02141	0.14187	0.17769	0.01749	0.01212	0.01580	0.00935	0.01166	0.00728	0.00543	0.00634	0.00167	0.07939	0.00440	0.00252	0.02598
26	0.07119	0.01856	0.31799	0.03558	0.22385	0.01262	0.09142	0.06230	0.01265	0.05212	0.01080	0.01307	0.00816	0.00668	0.03802	0.00200	0.00746	0.00463	0.00295	0.00794
27	0.01369	0.14413	0.24743	0.01912	0.14132	0.08789	0.21516	0.01776	0.01243	0.03636	0.01003	0.01228	0.00775	0.00497	0.00527	0.00162	0.00784	0.00462	0.00266	0.00766
28	0.08083	0.03081	0.04070	0.01811	0.09559	0.04057	0.35957	0.01832	0.01328	0.15080	0.08416	0.01686	0.01300	0.00571	0.00577	0.00173	0.00703	0.00592	0.00378	0.00746
29	0.00694	0.00531	0.00644	0.00722	0.00828	0.00481	0.00535	0.00832	0.01157	0.01464	0.03952	0.38714	0.31822	0.01547	0.00686	0.00212	0.00333	0.13880	0.00505	0.00460
30	0.05741	0.13286	0.16744	0.04013	0.07174	0.11047	0.01166	0.04488	0.07326	0.17769	0.03888	0.01490	0.02345	0.00603	0.00500	0.00160	0.00627	0.00466	0.00393	0.00774
31	0.01375	0.01567	0.08314	0.08271	0.42975	0.11491	0.10240	0.01754	0.03584	0.01710	0.02860	0.01393	0.00941	0.00523	0.00547	0.00165	0.00727	0.00496	0.00283	0.00786
32	0.00738	0.00506	0.00661	0.00742	0.00811	0.00465	0.00511	0.00860	0.01139	0.04138	0.12517	0.62652	0.09076	0.01574	0.00680	0.00211	0.00311	0.01415	0.00524	0.00470
33	0.01724	0.00845	0.01043	0.00872	0.01163	0.02421	0.00691	0.07593	0.01530	0.39224	0.15505	0.10976	0.05403	0.00888	0.00570	0.00171	0.00408	0.00749	0.07483	0.00741
34	0.09095	0.01536	0.05470	0.04779	0.26590	0.14526	0.08067	0.06635	0.07252	0.07286	0.01181	0.01352	0.00907	0.00549	0.00521	0.00164	0.00679	0.00471	0.02163	0.00776
35	0.06421	0.20327	0.39567	0.01399	0.06318	0.04480	0.01488	0.01704	0.03758	0.01669	0.01110	0.01514	0.00930	0.00593	0.00489	0.00164	0.00691	0.06361	0.00275	0.00742

[dist]
# distance from previous block
# <min> <max>
0	6

# created by:
# /st0/software/busco_prod/Augustus/scripts/msa2prfl.pl ./align_prep/60835.fa
