[name]
unknown

[dist]
# distance from previous block
# <min> <max>
5	37

[block]
# block no. 0 follows, 53 sequences, length 41
# corresponding to MSA columns:
# 37-77
name=unknown_A
#
# <colnr> <probs for GDERKNQSTAVLIFYWHMCP>
#	G	D	E	R	K	N	Q	S	T	A	V	L	I	F	Y	W	H	M	C	P
0	0.07482	0.01155	0.01422	0.01133	0.01449	0.08890	0.15559	0.23434	0.07128	0.07009	0.04099	0.12677	0.01279	0.00664	0.00493	0.00151	0.00530	0.00581	0.00393	0.04475
1	0.01121	0.18622	0.05505	0.00966	0.01259	0.02232	0.08781	0.09490	0.08522	0.06305	0.01628	0.25802	0.02978	0.00803	0.00486	0.00151	0.00458	0.00699	0.00367	0.03828
2	0.01648	0.01045	0.01483	0.01702	0.31556	0.01041	0.01036	0.15471	0.07093	0.30874	0.01382	0.01384	0.00975	0.00529	0.00478	0.00146	0.00487	0.00455	0.00428	0.00788
3	0.01418	0.01209	0.01440	0.01181	0.01487	0.09614	0.12216	0.37514	0.01673	0.02168	0.02976	0.02290	0.01356	0.00742	0.00535	0.00164	0.00574	0.20375	0.00410	0.00657
4	0.01283	0.01577	0.09058	0.01326	0.01557	0.25109	0.11059	0.01606	0.09305	0.01329	0.00866	0.01097	0.00722	0.00622	0.00881	0.00167	0.31180	0.00411	0.00253	0.00590
5	0.00760	0.00654	0.01120	0.04443	0.01215	0.00696	0.14303	0.00957	0.00877	0.01228	0.01513	0.20788	0.01537	0.02274	0.41100	0.00474	0.03062	0.00713	0.01824	0.00463
6	0.02144	0.00813	0.01109	0.00850	0.01220	0.00702	0.00702	0.02329	0.01368	0.80552	0.01886	0.01627	0.01183	0.00592	0.00481	0.00148	0.00407	0.00481	0.00592	0.00813
7	0.00582	0.00416	0.00555	0.00666	0.00693	0.00388	0.00444	0.00666	0.00915	0.01220	0.02634	0.82891	0.03161	0.01497	0.00610	0.00194	0.00277	0.01359	0.00444	0.00388
8	0.01130	0.01257	0.02191	0.23621	0.02517	0.09651	0.43775	0.01459	0.01077	0.01381	0.00887	0.01223	0.00683	0.00464	0.00599	0.00160	0.06610	0.00489	0.00232	0.00595
9	0.00958	0.00563	0.00736	0.00664	0.00824	0.00520	0.00507	0.01208	0.04100	0.16281	0.58345	0.07820	0.03713	0.00925	0.00548	0.00153	0.00267	0.00812	0.00532	0.00525
10	0.02144	0.00813	0.01109	0.00850	0.01220	0.00702	0.00702	0.02329	0.01368	0.80552	0.01886	0.01627	0.01183	0.00592	0.00481	0.00148	0.00407	0.00481	0.00592	0.00813
11	0.00582	0.00416	0.00555	0.00666	0.00693	0.00388	0.00444	0.00666	0.00915	0.01220	0.02634	0.82891	0.03161	0.01497	0.00610	0.00194	0.00277	0.01359	0.00444	0.00388
12	0.01144	0.09805	0.02788	0.01891	0.02366	0.01279	0.70439	0.01521	0.01112	0.01489	0.00936	0.01235	0.00714	0.00404	0.00537	0.00155	0.00775	0.00532	0.00238	0.00641
13	0.01189	0.01027	0.01081	0.00973	0.01243	0.01189	0.00757	0.02540	0.79357	0.01999	0.01945	0.01783	0.01459	0.00648	0.00486	0.00162	0.00378	0.00540	0.00486	0.00757
14	0.00660	0.00495	0.00629	0.00708	0.00811	0.00464	0.00565	0.00815	0.01047	0.01333	0.03224	0.26179	0.25089	0.01337	0.00619	0.00196	0.00339	0.34633	0.00442	0.00416
15	0.01168	0.01121	0.01913	0.07088	0.76182	0.01132	0.01460	0.01454	0.01081	0.01544	0.00896	0.01188	0.00751	0.00429	0.00473	0.00143	0.00571	0.00426	0.00235	0.00745
16	0.00992	0.10866	0.72622	0.01306	0.01981	0.01191	0.01668	0.01505	0.01005	0.01473	0.00838	0.00984	0.00606	0.00449	0.00439	0.00146	0.00686	0.00343	0.00202	0.00697
17	0.00903	0.00850	0.01434	0.82054	0.03292	0.01062	0.01327	0.01221	0.00956	0.01221	0.00850	0.01274	0.00637	0.00478	0.00478	0.00159	0.00637	0.00425	0.00212	0.00531
18	0.00891	0.00445	0.00445	0.00445	0.00557	0.00445	0.00334	0.01114	0.01002	0.01782	0.01559	0.01782	0.01225	0.00557	0.00334	0.00111	0.00223	0.00445	0.85856	0.00445
19	0.00781	0.00737	0.01272	0.01034	0.01266	0.00677	0.25085	0.01001	0.01093	0.01419	0.10972	0.10837	0.28859	0.05300	0.00676	0.00184	0.00451	0.07496	0.00380	0.00480
20	0.01146	0.01015	0.01523	0.01224	0.01481	0.04599	0.22470	0.05208	0.16627	0.07319	0.03115	0.10003	0.01315	0.05231	0.06680	0.00227	0.09248	0.00612	0.00354	0.00605
21	0.00701	0.00580	0.00949	0.00877	0.00980	0.00548	0.14238	0.00825	0.00910	0.01218	0.02120	0.52974	0.02454	0.17142	0.00955	0.00240	0.00407	0.01089	0.00378	0.00415
22	0.01128	0.01289	0.02820	0.02015	0.02498	0.01209	0.78485	0.01531	0.01128	0.01531	0.00967	0.01289	0.00725	0.00403	0.00564	0.00161	0.00806	0.00564	0.00242	0.00645
23	0.01036	0.00999	0.01739	0.43341	0.35760	0.01103	0.06463	0.01345	0.01023	0.01385	0.00878	0.01237	0.00694	0.00451	0.00482	0.00152	0.00619	0.00434	0.00225	0.00634
24	0.00886	0.00827	0.01387	0.77753	0.03155	0.01026	0.01281	0.01192	0.00954	0.01221	0.00944	0.05587	0.00771	0.00532	0.00485	0.00161	0.00618	0.00474	0.00225	0.00523
25	0.00604	0.00453	0.00561	0.00603	0.00687	0.00410	0.00426	0.00737	0.01080	0.01432	0.24813	0.41505	0.22382	0.01282	0.00586	0.00174	0.00254	0.01135	0.00467	0.00410
26	0.01556	0.00941	0.01134	0.01008	0.05374	0.00979	0.00757	0.14854	0.25395	0.29127	0.01745	0.01739	0.02994	0.05614	0.04384	0.00199	0.00467	0.00514	0.00485	0.00735
27	0.02398	0.01400	0.20963	0.01036	0.02884	0.09533	0.00967	0.12330	0.09889	0.09697	0.10329	0.07637	0.07483	0.00701	0.00491	0.00152	0.00504	0.00572	0.00390	0.00645
28	0.00648	0.00464	0.00626	0.00710	0.00774	0.00442	0.00530	0.00793	0.01042	0.01400	0.16537	0.48432	0.03297	0.01358	0.00615	0.00193	0.00310	0.20958	0.00458	0.00413
29	0.00959	0.02472	0.80726	0.01362	0.02069	0.01110	0.01766	0.01514	0.01009	0.01514	0.00858	0.01009	0.00605	0.00454	0.00454	0.00151	0.00706	0.00353	0.00202	0.00706
30	0.01086	0.11771	0.63251	0.01271	0.01909	0.01240	0.01565	0.09655	0.01136	0.01627	0.00866	0.00996	0.00628	0.00461	0.00440	0.00145	0.00665	0.00350	0.00231	0.00707
31	0.01012	0.16088	0.67580	0.01271	0.01927	0.01241	0.01607	0.01500	0.01003	0.01448	0.00825	0.00968	0.00607	0.00447	0.00429	0.00143	0.00674	0.00337	0.00202	0.00691
32	0.01785	0.02278	0.01354	0.01231	0.01478	0.81284	0.00924	0.01909	0.01354	0.01170	0.00739	0.00862	0.00616	0.00493	0.00431	0.00123	0.00862	0.00308	0.00246	0.00554
33	0.13032	0.05773	0.06197	0.01384	0.01776	0.01151	0.36444	0.11620	0.03247	0.01791	0.04537	0.06622	0.03131	0.00557	0.00496	0.00155	0.00601	0.00551	0.00313	0.00623
34	0.01190	0.01225	0.11228	0.25465	0.08633	0.01149	0.13306	0.10747	0.14687	0.05841	0.01151	0.01328	0.00848	0.00506	0.00490	0.00155	0.00596	0.00462	0.00316	0.00676
35	0.00582	0.00416	0.00555	0.00666	0.00693	0.00388	0.00444	0.00666	0.00915	0.01220	0.02634	0.82891	0.03161	0.01497	0.00610	0.00194	0.00277	0.01359	0.00444	0.00388
36	0.00902	0.00843	0.01416	0.73291	0.07494	0.01030	0.01289	0.01206	0.00961	0.01240	0.00947	0.05582	0.00777	0.00529	0.00485	0.00160	0.00614	0.00474	0.00226	0.00536
37	0.01244	0.03152	0.36095	0.01141	0.03680	0.00961	0.01192	0.08837	0.03860	0.17576	0.01446	0.10172	0.01213	0.00676	0.00493	0.00159	0.00544	0.06512	0.00361	0.00685
38	0.05704	0.01056	0.04305	0.22305	0.03907	0.08534	0.02220	0.10945	0.02307	0.14817	0.04186	0.11598	0.01248	0.00676	0.00517	0.00157	0.02712	0.01831	0.00365	0.00610
39	0.02837	0.01055	0.01575	0.01244	0.01548	0.03192	0.25256	0.18451	0.13383	0.01857	0.03233	0.15930	0.02891	0.02372	0.02750	0.00184	0.00561	0.00675	0.00380	0.00627
40	0.04811	0.06967	0.02880	0.00882	0.01189	0.02519	0.02104	0.09315	0.16994	0.26596	0.06915	0.04136	0.06208	0.01857	0.00522	0.00153	0.02007	0.00538	0.00461	0.02948

[dist]
# distance from previous block
# <min> <max>
1	17

[block]
# block no. 1 follows, 53 sequences, length 51
# corresponding to MSA columns:
# 96-146
name=unknown_B
#
# <colnr> <probs for GDERKNQSTAVLIFYWHMCP>
#	G	D	E	R	K	N	Q	S	T	A	V	L	I	F	Y	W	H	M	C	P
0	0.19516	0.01095	0.00967	0.03583	0.01165	0.17478	0.01713	0.03445	0.06828	0.08712	0.10811	0.04004	0.08861	0.00659	0.00446	0.00142	0.00463	0.01917	0.00374	0.07825
1	0.29612	0.10598	0.04009	0.00803	0.01124	0.01108	0.00693	0.15981	0.05047	0.11894	0.11527	0.01467	0.03135	0.00581	0.00411	0.00143	0.00411	0.00433	0.00396	0.00628
2	0.21596	0.06919	0.06258	0.00898	0.01195	0.10499	0.06177	0.09387	0.03108	0.01784	0.09007	0.06122	0.07692	0.00639	0.00434	0.00143	0.00470	0.00508	0.04106	0.03058
3	0.05642	0.00992	0.01384	0.01113	0.01403	0.02977	0.17391	0.12431	0.17350	0.08866	0.14455	0.07192	0.01754	0.00697	0.00534	0.00159	0.01871	0.02725	0.00424	0.00641
4	0.21056	0.04425	0.05066	0.00964	0.01284	0.10776	0.00814	0.17559	0.15403	0.11840	0.01163	0.01176	0.00856	0.00552	0.00485	0.00148	0.04980	0.00391	0.00386	0.00675
5	0.01109	0.23782	0.53806	0.01209	0.01800	0.07711	0.01449	0.01523	0.01027	0.01384	0.00797	0.00934	0.00608	0.00445	0.00413	0.00136	0.00667	0.00324	0.00206	0.00670
6	0.00818	0.00664	0.00707	0.00709	0.00826	0.07022	0.00519	0.04026	0.03417	0.03576	0.25925	0.34082	0.11510	0.01139	0.00566	0.00168	0.00326	0.03080	0.00459	0.00462
7	0.00838	0.01132	0.20900	0.08261	0.04132	0.00795	0.09807	0.02525	0.02367	0.01367	0.01780	0.23005	0.07298	0.09867	0.00743	0.00201	0.00516	0.03619	0.00317	0.00528
8	0.01267	0.03780	0.09323	0.01520	0.01954	0.01237	0.38642	0.21621	0.06502	0.01938	0.03971	0.03852	0.00994	0.00523	0.00520	0.00155	0.00650	0.00535	0.00331	0.00686
9	0.00582	0.00416	0.00555	0.00666	0.00693	0.00388	0.00444	0.00666	0.00915	0.01220	0.02634	0.82891	0.03161	0.01497	0.00610	0.00194	0.00277	0.01359	0.00444	0.00388
10	0.00941	0.00908	0.01571	0.67925	0.06712	0.01097	0.07585	0.01254	0.00965	0.01259	0.00851	0.01260	0.00649	0.00487	0.00538	0.00161	0.04635	0.00436	0.00216	0.00550
11	0.01333	0.01224	0.19513	0.01043	0.03517	0.00914	0.00962	0.13489	0.09565	0.21106	0.02894	0.15731	0.01479	0.00756	0.00507	0.00161	0.00472	0.04223	0.00429	0.00684
12	0.01232	0.05343	0.02177	0.06992	0.14428	0.01269	0.36783	0.12763	0.08035	0.01738	0.01033	0.01259	0.00792	0.00473	0.00547	0.00154	0.03516	0.00491	0.00292	0.00683
13	0.00801	0.00698	0.00716	0.00685	0.00804	0.10250	0.00508	0.00998	0.01305	0.01750	0.61896	0.11921	0.03890	0.00975	0.00553	0.00152	0.00308	0.00851	0.00483	0.00457
14	0.05683	0.09295	0.06309	0.00921	0.01272	0.01100	0.00807	0.27332	0.01520	0.26132	0.04094	0.05449	0.01141	0.00613	0.00473	0.00144	0.01897	0.00477	0.04622	0.00715
15	0.00959	0.02472	0.80726	0.01362	0.02069	0.01110	0.01766	0.01514	0.01009	0.01514	0.00858	0.01009	0.00605	0.00454	0.00454	0.00151	0.00706	0.00353	0.00202	0.00706
16	0.00582	0.00416	0.00555	0.00666	0.00693	0.00388	0.00444	0.00666	0.00915	0.01220	0.02634	0.82891	0.03161	0.01497	0.00610	0.00194	0.00277	0.01359	0.00444	0.00388
17	0.01335	0.01341	0.01961	0.01522	0.03272	0.10455	0.35432	0.14639	0.21346	0.01856	0.01220	0.01341	0.00915	0.00505	0.00513	0.00154	0.00652	0.00504	0.00344	0.00693
18	0.00899	0.00841	0.01341	0.56128	0.02583	0.01066	0.01176	0.01151	0.00913	0.01215	0.01018	0.08318	0.00927	0.00666	0.00713	0.00174	0.16837	0.03282	0.00240	0.00514
19	0.01125	0.01266	0.02689	0.02010	0.06211	0.01222	0.69704	0.01503	0.01100	0.01508	0.00942	0.01268	0.00720	0.00432	0.00625	0.00163	0.06080	0.00548	0.00239	0.00642
20	0.01278	0.01316	0.01847	0.02664	0.67762	0.13817	0.01381	0.01537	0.01130	0.01500	0.00874	0.01132	0.00735	0.00436	0.00467	0.00139	0.00614	0.00407	0.00238	0.00725
21	0.03460	0.02788	0.38232	0.01147	0.01586	0.08345	0.04505	0.03654	0.03707	0.01550	0.06733	0.02123	0.04175	0.02205	0.00535	0.00166	0.00597	0.13584	0.00301	0.00606
22	0.01131	0.01282	0.02777	0.02059	0.06292	0.01205	0.74726	0.01528	0.01126	0.01533	0.00964	0.01284	0.00727	0.00404	0.00560	0.00160	0.00794	0.00557	0.00241	0.00650
23	0.00609	0.00435	0.00585	0.00696	0.00735	0.00411	0.00490	0.00711	0.00941	0.01250	0.02620	0.71923	0.03103	0.01472	0.00617	0.00198	0.00300	0.12064	0.00443	0.00396
24	0.01509	0.01554	0.23005	0.01110	0.01531	0.12967	0.03267	0.06516	0.14352	0.24604	0.01396	0.03847	0.01013	0.00570	0.00473	0.00149	0.00566	0.00457	0.00394	0.00718
25	0.01190	0.13388	0.57336	0.01206	0.01818	0.01153	0.01467	0.01631	0.01061	0.13965	0.00994	0.01073	0.00698	0.00470	0.00438	0.00144	0.00632	0.00360	0.00264	0.00710
26	0.01167	0.01288	0.01966	0.01541	0.01754	0.11050	0.30448	0.01387	0.00958	0.01297	0.00770	0.01116	0.00663	0.00630	0.01049	0.00180	0.41477	0.00460	0.00226	0.00573
27	0.00609	0.00524	0.00531	0.00546	0.00690	0.02408	0.00408	0.00732	0.01080	0.01297	0.05695	0.14025	0.63626	0.01229	0.00572	0.00167	0.00271	0.04741	0.00440	0.00408
28	0.12569	0.03790	0.05161	0.01030	0.01378	0.17086	0.00865	0.34647	0.04456	0.10659	0.01089	0.01119	0.00793	0.00613	0.02522	0.00156	0.00582	0.00387	0.00394	0.00701
29	0.00754	0.00543	0.00748	0.00845	0.00957	0.00537	0.00732	0.00969	0.01112	0.01447	0.06548	0.05257	0.07074	0.01297	0.00650	0.00213	0.00418	0.69014	0.00445	0.00439
30	0.00661	0.00486	0.00618	0.00589	0.00705	0.00444	0.00440	0.00870	0.01311	0.01824	0.69014	0.05584	0.13639	0.01018	0.00565	0.00153	0.00229	0.00894	0.00514	0.00444
31	0.12499	0.07191	0.01367	0.00979	0.01351	0.01334	0.00819	0.50862	0.01831	0.15385	0.01172	0.01151	0.00821	0.00548	0.00443	0.00142	0.00486	0.00404	0.00454	0.00761
32	0.03549	0.03949	0.01232	0.01028	0.01309	0.27303	0.00806	0.07813	0.24020	0.17360	0.01397	0.03740	0.01062	0.00599	0.00488	0.00145	0.02664	0.00450	0.00407	0.00679
33	0.00959	0.02472	0.80726	0.01362	0.02069	0.01110	0.01766	0.01514	0.01009	0.01514	0.00858	0.01009	0.00605	0.00454	0.00454	0.00151	0.00706	0.00353	0.00202	0.00706
34	0.01785	0.02278	0.01354	0.01231	0.01478	0.81284	0.00924	0.01909	0.01354	0.01170	0.00739	0.00862	0.00616	0.00493	0.00431	0.00123	0.00862	0.00308	0.00246	0.00554
35	0.00903	0.00850	0.01434	0.82054	0.03292	0.01062	0.01327	0.01221	0.00956	0.01221	0.00850	0.01274	0.00637	0.00478	0.00478	0.00159	0.00637	0.00425	0.00212	0.00531
36	0.01089	0.01118	0.02045	0.26703	0.29019	0.02712	0.25919	0.01415	0.01059	0.01433	0.00897	0.01236	0.00705	0.00443	0.00523	0.00154	0.02187	0.00467	0.00231	0.00644
37	0.00582	0.00416	0.00555	0.00666	0.00693	0.00388	0.00444	0.00666	0.00915	0.01220	0.02634	0.82891	0.03161	0.01497	0.00610	0.00194	0.00277	0.01359	0.00444	0.00388
38	0.00830	0.00415	0.00623	0.00623	0.00623	0.00415	0.00415	0.00623	0.00623	0.00830	0.00830	0.01453	0.00830	0.01660	0.01868	0.86094	0.00415	0.00415	0.00208	0.00208
39	0.01474	0.01154	0.01513	0.21939	0.09453	0.01282	0.04476	0.44138	0.01692	0.04209	0.01050	0.01210	0.00768	0.00558	0.00519	0.02481	0.00565	0.00435	0.00372	0.00712
40	0.00941	0.00879	0.01436	0.73629	0.03087	0.01104	0.01294	0.03612	0.00979	0.01271	0.00842	0.01254	0.00642	0.00507	0.00558	0.00162	0.06618	0.00424	0.00220	0.00539
41	0.00582	0.00416	0.00555	0.00666	0.00693	0.00388	0.00444	0.00666	0.00915	0.01220	0.02634	0.82891	0.03161	0.01497	0.00610	0.00194	0.00277	0.01359	0.00444	0.00388
42	0.01817	0.01339	0.01434	0.01100	0.01482	0.01482	0.00908	0.78627	0.02247	0.03012	0.01148	0.01148	0.00813	0.00574	0.00478	0.00143	0.00526	0.00430	0.00478	0.00813
43	0.01033	0.01090	0.02180	0.01884	0.15468	0.01061	0.46669	0.01341	0.01060	0.01458	0.01241	0.16151	0.01170	0.00631	0.00613	0.00167	0.05221	0.00677	0.00276	0.00610
44	0.00587	0.00476	0.00521	0.00551	0.00680	0.00414	0.00410	0.00707	0.01051	0.01283	0.04183	0.19325	0.57993	0.02710	0.00614	0.00178	0.00269	0.07207	0.00441	0.00402
45	0.01534	0.00963	0.01114	0.00915	0.01215	0.01010	0.00738	0.25370	0.20245	0.22878	0.14689	0.01946	0.01733	0.00684	0.00500	0.00152	0.00407	0.02661	0.00517	0.00729
46	0.01183	0.01136	0.01940	0.02934	0.80221	0.01136	0.01467	0.01467	0.01088	0.01562	0.00899	0.01183	0.00757	0.00426	0.00473	0.00142	0.00568	0.00426	0.00237	0.00757
47	0.01221	0.64455	0.19115	0.00943	0.01411	0.03489	0.01022	0.01459	0.00988	0.01208	0.00707	0.00820	0.00612	0.00420	0.00341	0.00113	0.00560	0.00277	0.00205	0.00632
48	0.01149	0.01190	0.01846	0.01553	0.07920	0.12205	0.34549	0.03642	0.03983	0.03642	0.02783	0.18353	0.01331	0.00688	0.00568	0.00161	0.02851	0.00678	0.00314	0.00594
49	0.14581	0.01078	0.03729	0.01129	0.01486	0.02584	0.20511	0.12412	0.06067	0.06195	0.06444	0.04387	0.03420	0.00562	0.00481	0.00144	0.01561	0.00502	0.00354	0.12373
50	0.10247	0.12775	0.05888	0.00993	0.02666	0.03410	0.06464	0.06370	0.08889	0.08867	0.04225	0.16563	0.01386	0.00720	0.00536	0.00154	0.05930	0.00590	0.00359	0.02969

[dist]
# distance from previous block
# <min> <max>
6	35

[block]
# block no. 2 follows, 53 sequences, length 15
# corresponding to MSA columns:
# 185-199
name=unknown_C
#
# <colnr> <probs for GDERKNQSTAVLIFYWHMCP>
#	G	D	E	R	K	N	Q	S	T	A	V	L	I	F	Y	W	H	M	C	P
0	0.13244	0.01127	0.01163	0.01060	0.06760	0.12744	0.02939	0.10834	0.08024	0.18533	0.01527	0.04761	0.06801	0.00615	0.00476	0.00144	0.02230	0.00483	0.00398	0.06137
1	0.18975	0.01184	0.01581	0.04989	0.01649	0.11325	0.25262	0.06900	0.03347	0.03206	0.05401	0.05578	0.01070	0.00569	0.00512	0.00154	0.03466	0.01928	0.00312	0.02590
2	0.03345	0.01043	0.01344	0.01169	0.06555	0.05498	0.09776	0.12224	0.15574	0.21990	0.01541	0.04515	0.02757	0.00805	0.06156	0.00192	0.00550	0.00514	0.00423	0.04029
3	0.18152	0.01542	0.01237	0.01058	0.01337	0.34602	0.02942	0.10167	0.04987	0.12700	0.00985	0.01051	0.00741	0.00533	0.00498	0.00142	0.06005	0.00361	0.00338	0.00621
4	0.01199	0.01240	0.02586	0.01865	0.02326	0.01174	0.67912	0.01654	0.06632	0.06766	0.01096	0.01346	0.00807	0.00433	0.00553	0.00160	0.00750	0.00557	0.00282	0.00664
5	0.01785	0.02278	0.01354	0.01231	0.01478	0.81284	0.00924	0.01909	0.01354	0.01170	0.00739	0.00862	0.00616	0.00493	0.00431	0.00123	0.00862	0.00308	0.00246	0.00554
6	0.00582	0.00416	0.00555	0.00666	0.00693	0.00388	0.00444	0.00666	0.00915	0.01220	0.02634	0.82891	0.03161	0.01497	0.00610	0.00194	0.00277	0.01359	0.00444	0.00388
7	0.00589	0.00480	0.00520	0.00520	0.00663	0.00412	0.00386	0.00728	0.01130	0.01412	0.19789	0.09885	0.59454	0.01184	0.00568	0.00161	0.00241	0.01004	0.00460	0.00412
8	0.00903	0.00850	0.01434	0.82054	0.03292	0.01062	0.01327	0.01221	0.00956	0.01221	0.00850	0.01274	0.00637	0.00478	0.00478	0.00159	0.00637	0.00425	0.00212	0.00531
9	0.01817	0.01339	0.01434	0.01100	0.01482	0.01482	0.00908	0.78627	0.02247	0.03012	0.01148	0.01148	0.00813	0.00574	0.00478	0.00143	0.00526	0.00430	0.00478	0.00813
10	0.01113	0.01064	0.01813	0.22767	0.60937	0.01117	0.01432	0.01405	0.01055	0.01476	0.00887	0.01206	0.00727	0.00439	0.00474	0.00146	0.00585	0.00426	0.00231	0.00700
11	0.01189	0.01027	0.01081	0.00973	0.01243	0.01189	0.00757	0.02540	0.79357	0.01999	0.01945	0.01783	0.01459	0.00648	0.00486	0.00162	0.00378	0.00540	0.00486	0.00757
12	0.00695	0.00463	0.00521	0.00521	0.00521	0.00463	0.00290	0.00695	0.00695	0.00927	0.01506	0.03128	0.01738	0.83203	0.02433	0.00463	0.00463	0.00695	0.00290	0.00290
13	0.01189	0.01027	0.01081	0.00973	0.01243	0.01189	0.00757	0.02540	0.79357	0.01999	0.01945	0.01783	0.01459	0.00648	0.00486	0.00162	0.00378	0.00540	0.00486	0.00757
14	0.01114	0.01197	0.02441	0.02205	0.24811	0.01142	0.51956	0.01465	0.01105	0.01523	0.01040	0.05775	0.00869	0.00470	0.00540	0.00157	0.00708	0.00568	0.00251	0.00663

[dist]
# distance from previous block
# <min> <max>
0	3

[block]
# block no. 3 follows, 53 sequences, length 14
# corresponding to MSA columns:
# 203-211,213-217
name=unknown_D
#
# <colnr> <probs for GDERKNQSTAVLIFYWHMCP>
#	G	D	E	R	K	N	Q	S	T	A	V	L	I	F	Y	W	H	M	C	P
0	0.01391	0.01620	0.01413	0.01244	0.01359	0.38690	0.00989	0.01504	0.01022	0.01159	0.00679	0.00960	0.00622	0.00676	0.01038	0.00169	0.44334	0.00367	0.00226	0.00537
1	0.01909	0.01191	0.01343	0.01029	0.01408	0.01263	0.00850	0.57130	0.02000	0.24860	0.01355	0.01283	0.00917	0.00579	0.00479	0.00145	0.00492	0.00445	0.00510	0.00813
2	0.00991	0.00850	0.00991	0.00708	0.01133	0.00637	0.00566	0.01203	0.00991	0.01557	0.00850	0.00991	0.00708	0.00354	0.00354	0.00071	0.00354	0.00283	0.00283	0.86124
3	0.01647	0.02047	0.01375	0.01236	0.01436	0.66337	0.00946	0.01767	0.01238	0.01166	0.00718	0.00896	0.00618	0.00557	0.00644	0.00139	0.16117	0.00329	0.00239	0.00548
4	0.01023	0.00951	0.01415	0.01011	0.01449	0.00770	0.18619	0.01279	0.01023	0.01551	0.00877	0.01060	0.00712	0.00365	0.00403	0.00092	0.00459	0.00348	0.00274	0.66320
5	0.01125	0.01186	0.01348	0.03248	0.23468	0.19409	0.02607	0.01291	0.01047	0.01303	0.01401	0.19587	0.05185	0.00792	0.00690	0.00163	0.14658	0.00639	0.00290	0.00563
6	0.00590	0.00426	0.00560	0.00665	0.00704	0.00396	0.00454	0.00681	0.00933	0.01234	0.02758	0.74904	0.07603	0.01473	0.00610	0.00193	0.00282	0.04700	0.00444	0.00391
7	0.00935	0.00883	0.01493	0.72808	0.12282	0.01071	0.01344	0.01250	0.00971	0.01261	0.00855	0.01264	0.00651	0.00472	0.00477	0.00157	0.00629	0.00425	0.00215	0.00557
8	0.01062	0.09342	0.31808	0.01509	0.01974	0.01285	0.27189	0.01440	0.00991	0.01412	0.00831	0.01087	0.00651	0.00508	0.00696	0.00161	0.16769	0.00427	0.00217	0.00641
9	0.01073	0.01024	0.01742	0.33827	0.50183	0.01107	0.01412	0.01371	0.01037	0.01429	0.00880	0.01219	0.00710	0.00446	0.00475	0.00149	0.00595	0.00425	0.00227	0.00669
10	0.00708	0.00504	0.00641	0.00705	0.00797	0.00483	0.00526	0.00907	0.05563	0.03866	0.06382	0.45204	0.13632	0.01320	0.00601	0.00190	0.00313	0.16765	0.00454	0.00439
11	0.00945	0.00699	0.01030	0.00888	0.02605	0.00633	0.10644	0.01136	0.01113	0.11604	0.11613	0.14443	0.22209	0.00916	0.00570	0.00156	0.02972	0.04584	0.00415	0.10825
12	0.17218	0.01022	0.01221	0.19514	0.05937	0.01156	0.00908	0.17658	0.14902	0.01952	0.01060	0.01200	0.00808	0.00524	0.00487	0.00147	0.04555	0.00401	0.00339	0.08991
13	0.05915	0.30058	0.12006	0.00952	0.01321	0.12147	0.00902	0.01596	0.04974	0.09840	0.05504	0.01146	0.00943	0.00514	0.00461	0.00129	0.05274	0.00360	0.00294	0.05664

[dist]
# distance from previous block
# <min> <max>
27	64

[block]
# block no. 4 follows, 53 sequences, length 37
# corresponding to MSA columns:
# 292-328
name=unknown_E
#
# <colnr> <probs for GDERKNQSTAVLIFYWHMCP>
#	G	D	E	R	K	N	Q	S	T	A	V	L	I	F	Y	W	H	M	C	P
0	0.01508	0.16521	0.21264	0.01039	0.01485	0.04814	0.05858	0.02608	0.01177	0.31351	0.01379	0.01362	0.03650	0.00528	0.00443	0.00139	0.00536	0.00422	0.03215	0.00701
1	0.00984	0.02866	0.08896	0.00903	0.01139	0.00771	0.04471	0.03532	0.07835	0.08747	0.01771	0.31806	0.01810	0.04067	0.00660	0.00175	0.05596	0.02820	0.00383	0.10768
2	0.01162	0.36739	0.35752	0.01043	0.01560	0.01386	0.01193	0.01528	0.03627	0.06560	0.01066	0.01140	0.04391	0.00486	0.00399	0.00131	0.00571	0.00357	0.00249	0.00661
3	0.01470	0.00836	0.03895	0.00792	0.01040	0.02769	0.00630	0.05554	0.09789	0.35276	0.01711	0.05746	0.01386	0.20235	0.00939	0.00223	0.00428	0.00565	0.06089	0.00628
4	0.01651	0.12062	0.01434	0.01125	0.01387	0.60302	0.00870	0.01841	0.05271	0.04494	0.00927	0.04767	0.00801	0.00541	0.00429	0.00127	0.00748	0.00370	0.00277	0.00575
5	0.01125	0.00829	0.00925	0.00745	0.01040	0.04426	0.00582	0.08392	0.01223	0.11343	0.14480	0.08173	0.07081	0.02765	0.00506	0.00128	0.00368	0.00562	0.00401	0.34906
6	0.01125	0.56031	0.15532	0.00887	0.01296	0.01532	0.00930	0.01355	0.00998	0.01263	0.08074	0.01147	0.01014	0.00698	0.06197	0.00163	0.00573	0.00347	0.00237	0.00601
7	0.01385	0.00744	0.00904	0.00781	0.01033	0.00713	0.00611	0.06957	0.12965	0.33482	0.02549	0.17414	0.16627	0.00887	0.00522	0.00161	0.00355	0.00752	0.00512	0.00647
8	0.09503	0.01093	0.01667	0.18188	0.43199	0.01169	0.03354	0.13054	0.01211	0.01768	0.00906	0.01159	0.00717	0.00460	0.00460	0.00147	0.00563	0.00414	0.00274	0.00694
9	0.01046	0.00962	0.01624	0.34919	0.19957	0.01063	0.11294	0.01429	0.07903	0.04194	0.01129	0.07190	0.00949	0.00562	0.00540	0.00160	0.03665	0.00522	0.00276	0.00616
10	0.00882	0.00448	0.00459	0.00459	0.00569	0.00452	0.00345	0.01103	0.00993	0.01754	0.01548	0.01786	0.01224	0.00682	0.03685	0.00139	0.00267	0.00448	0.82313	0.00445
11	0.00966	0.00797	0.00896	0.00873	0.01072	0.00876	0.00697	0.01790	0.44217	0.01715	0.02474	0.08147	0.10726	0.00949	0.00551	0.00180	0.00374	0.21629	0.00466	0.00607
12	0.01048	0.25237	0.58747	0.01209	0.01832	0.01330	0.01500	0.01490	0.00998	0.01404	0.00803	0.00941	0.00608	0.00441	0.00413	0.00138	0.00652	0.00326	0.00203	0.00680
13	0.68605	0.04395	0.00813	0.00683	0.00956	0.06973	0.00553	0.01378	0.00880	0.01958	0.02634	0.06768	0.00811	0.00534	0.00335	0.00148	0.00402	0.00356	0.00304	0.00513
14	0.00604	0.00431	0.00579	0.00690	0.00727	0.00407	0.00481	0.00703	0.00936	0.01244	0.02622	0.73961	0.03114	0.01477	0.00616	0.00197	0.00296	0.10075	0.00443	0.00394
15	0.02718	0.00815	0.01443	0.01178	0.01415	0.00783	0.28109	0.04047	0.03797	0.03668	0.08623	0.33714	0.02141	0.00946	0.00573	0.00175	0.00486	0.04458	0.00383	0.00530
16	0.01185	0.42538	0.23417	0.00981	0.01422	0.08824	0.01042	0.01448	0.01042	0.03107	0.04748	0.01168	0.03668	0.00587	0.02870	0.00143	0.00594	0.00356	0.00242	0.00617
17	0.00714	0.00529	0.00628	0.00662	0.00804	0.00487	0.00529	0.00907	0.03739	0.04379	0.03640	0.13449	0.40883	0.01235	0.00595	0.00183	0.00321	0.25424	0.00450	0.00441
18	0.01040	0.01073	0.03796	0.37278	0.26227	0.01127	0.17589	0.01366	0.01027	0.01394	0.00883	0.01237	0.00691	0.00455	0.00523	0.00156	0.02834	0.00452	0.00226	0.00627
19	0.01021	0.01076	0.04460	0.49993	0.16748	0.06819	0.06867	0.01325	0.01021	0.01311	0.00933	0.04598	0.00767	0.00506	0.00484	0.00155	0.00641	0.00463	0.00230	0.00582
20	0.00970	0.05367	0.77932	0.01343	0.02039	0.01138	0.01732	0.01511	0.01008	0.01500	0.00851	0.01000	0.00606	0.00452	0.00449	0.00150	0.00699	0.00350	0.00202	0.00703
21	0.01208	0.00596	0.00784	0.00725	0.00911	0.00534	0.00551	0.01370	0.02355	0.31989	0.09443	0.33438	0.09856	0.01055	0.00551	0.00169	0.00325	0.03064	0.00509	0.00567
22	0.01140	0.00599	0.00811	0.00797	0.00974	0.00554	0.00652	0.01317	0.01154	0.25656	0.05148	0.19279	0.06748	0.01114	0.00587	0.00187	0.00380	0.31870	0.00490	0.00543
23	0.01016	0.01070	0.07302	0.33091	0.39284	0.01052	0.01361	0.01318	0.01019	0.01403	0.01002	0.07098	0.00873	0.00525	0.00483	0.00153	0.00583	0.00488	0.00240	0.00640
24	0.01111	0.01263	0.02751	0.01973	0.02443	0.01184	0.76107	0.01505	0.01122	0.01522	0.01018	0.03776	0.00799	0.00436	0.00565	0.00162	0.00790	0.00588	0.00248	0.00637
25	0.01197	0.01496	0.08233	0.01871	0.02342	0.11057	0.63431	0.01576	0.01147	0.01485	0.00931	0.01217	0.00703	0.00418	0.00540	0.00156	0.00806	0.00517	0.00239	0.00638
26	0.01245	0.01220	0.03102	0.10338	0.05896	0.03660	0.36398	0.12386	0.12652	0.03666	0.01158	0.01402	0.00880	0.00504	0.00536	0.00158	0.01821	0.01987	0.00318	0.00674
27	0.04248	0.16589	0.31144	0.01013	0.01420	0.01065	0.02033	0.01369	0.05269	0.03320	0.10706	0.08938	0.01541	0.00694	0.00491	0.00153	0.02150	0.06943	0.00311	0.00602
28	0.00623	0.00447	0.00600	0.00708	0.00757	0.00424	0.00513	0.00737	0.00961	0.01268	0.02674	0.63661	0.05241	0.01450	0.00620	0.00199	0.00312	0.17961	0.00443	0.00400
29	0.01331	0.01305	0.01493	0.13070	0.29511	0.19919	0.01108	0.12145	0.02251	0.01541	0.00894	0.01155	0.00733	0.00619	0.00631	0.10384	0.00620	0.00399	0.00269	0.00620
30	0.01397	0.21520	0.01619	0.00991	0.01330	0.04191	0.06381	0.32274	0.04300	0.03737	0.12197	0.01594	0.05228	0.00608	0.00457	0.00136	0.00491	0.00486	0.00393	0.00669
31	0.01356	0.00635	0.00833	0.00712	0.00945	0.00558	0.00559	0.01529	0.01269	0.39603	0.22104	0.12482	0.13611	0.00889	0.00530	0.00156	0.00321	0.00761	0.00536	0.00611
32	0.00705	0.00473	0.00643	0.00688	0.00751	0.00477	0.00488	0.00813	0.00876	0.05098	0.02122	0.42576	0.04264	0.11311	0.24770	0.00392	0.00604	0.02158	0.00378	0.00411
33	0.08257	0.01212	0.01307	0.02302	0.07036	0.12108	0.03705	0.14716	0.19882	0.07924	0.01217	0.01307	0.00935	0.00761	0.05340	0.00191	0.10323	0.00438	0.00368	0.00669
34	0.05081	0.01074	0.01527	0.03561	0.09929	0.10790	0.22148	0.06818	0.01181	0.01578	0.10487	0.17452	0.01664	0.03803	0.00596	0.00169	0.00559	0.00685	0.00335	0.00563
35	0.00623	0.00438	0.00548	0.00604	0.00659	0.00404	0.00408	0.00676	0.00913	0.01187	0.05685	0.45240	0.19736	0.09020	0.00922	0.10783	0.00302	0.01085	0.00403	0.00363
36	0.03266	0.01502	0.27649	0.19518	0.23577	0.01092	0.09071	0.01482	0.01046	0.05949	0.00931	0.01171	0.00696	0.00454	0.00473	0.00151	0.00638	0.00414	0.00242	0.00677

[dist]
# distance from previous block
# <min> <max>
1	5

[block]
# block no. 5 follows, 53 sequences, length 6
# corresponding to MSA columns:
# 334-339
name=unknown_F
#
# <colnr> <probs for GDERKNQSTAVLIFYWHMCP>
#	G	D	E	R	K	N	Q	S	T	A	V	L	I	F	Y	W	H	M	C	P
0	0.01084	0.13297	0.43056	0.04703	0.05417	0.03074	0.11753	0.04604	0.01064	0.01483	0.00857	0.01055	0.00653	0.00531	0.02333	0.00161	0.03600	0.00382	0.00223	0.00668
1	0.00788	0.00585	0.00711	0.00661	0.00848	0.00492	0.00489	0.00929	0.01002	0.04775	0.05671	0.32633	0.13733	0.04560	0.00600	0.00161	0.00314	0.04533	0.00399	0.26116
2	0.08779	0.00699	0.00604	0.00577	0.00730	0.07616	0.00439	0.01334	0.07852	0.01780	0.01440	0.01610	0.01128	0.00549	0.00352	0.00120	0.00305	0.00425	0.63171	0.00489
3	0.01395	0.01136	0.01390	0.02999	0.10852	0.07208	0.05236	0.18586	0.07653	0.10289	0.01189	0.01431	0.00942	0.00568	0.00558	0.00141	0.07352	0.04479	0.00365	0.16230
4	0.12451	0.07649	0.18822	0.28229	0.06140	0.01034	0.01107	0.01321	0.00965	0.01520	0.00941	0.01194	0.00723	0.00474	0.00409	0.00142	0.00530	0.00377	0.15402	0.00571
5	0.01049	0.00726	0.00909	0.01052	0.14883	0.00755	0.00678	0.09926	0.07994	0.01846	0.01557	0.05110	0.01326	0.00647	0.00427	0.00138	0.00352	0.07164	0.42893	0.00566

[dist]
# distance from previous block
# <min> <max>
3	11

[block]
# block no. 6 follows, 53 sequences, length 25
# corresponding to MSA columns:
# 351-375
name=unknown_G
#
# <colnr> <probs for GDERKNQSTAVLIFYWHMCP>
#	G	D	E	R	K	N	Q	S	T	A	V	L	I	F	Y	W	H	M	C	P
0	0.06522	0.01433	0.08153	0.04818	0.24588	0.14831	0.14905	0.07550	0.01194	0.03371	0.00895	0.01105	0.00704	0.00461	0.00494	0.00142	0.02902	0.00408	0.00268	0.05254
1	0.01132	0.01321	0.14019	0.04986	0.62717	0.01110	0.01473	0.01456	0.01068	0.01544	0.00889	0.01151	0.00728	0.00429	0.00466	0.00141	0.00583	0.00409	0.00232	0.04146
2	0.01099	0.01022	0.01240	0.01272	0.19514	0.06364	0.00808	0.01368	0.04241	0.01550	0.00898	0.01059	0.00744	0.00392	0.00392	0.00095	0.00440	0.00329	0.00278	0.56896
3	0.00884	0.01499	0.34111	0.01127	0.01511	0.06385	0.09433	0.01208	0.01036	0.01406	0.05063	0.26800	0.05845	0.00839	0.00524	0.00164	0.00549	0.00743	0.00311	0.00563
4	0.00817	0.00604	0.00805	0.00891	0.01019	0.00622	0.00769	0.01164	0.09895	0.01494	0.02465	0.04986	0.02606	0.01245	0.00641	0.00214	0.00433	0.68411	0.00445	0.00476
5	0.01481	0.00872	0.01283	0.01487	0.26922	0.00828	0.00904	0.01782	0.06666	0.34398	0.12975	0.01907	0.05085	0.00625	0.00494	0.00148	0.00424	0.00546	0.00452	0.00720
6	0.01278	0.83490	0.02505	0.00818	0.01227	0.01891	0.00818	0.01431	0.00971	0.01125	0.00664	0.00767	0.00613	0.00409	0.00307	0.00102	0.00511	0.00256	0.00204	0.00613
7	0.01076	0.00937	0.01534	0.02182	0.54276	0.00922	0.01145	0.01339	0.01175	0.04803	0.23618	0.01885	0.01850	0.00591	0.00499	0.00145	0.00463	0.00554	0.00334	0.00672
8	0.01451	0.01210	0.01199	0.01024	0.01314	0.09934	0.00830	0.37132	0.19943	0.02256	0.01663	0.02068	0.04681	0.00725	0.00507	0.00158	0.00503	0.12259	0.00447	0.00696
9	0.00618	0.00449	0.00582	0.00628	0.00698	0.00414	0.00441	0.00759	0.01097	0.01495	0.32768	0.46715	0.09011	0.01276	0.00589	0.00175	0.00255	0.01143	0.00476	0.00414
10	0.10173	0.02306	0.72114	0.01283	0.01946	0.01106	0.01632	0.01502	0.00988	0.01582	0.00837	0.00984	0.00596	0.00453	0.00437	0.00151	0.00670	0.00343	0.00212	0.00686
11	0.00990	0.00818	0.00909	0.00829	0.01038	0.00903	0.00638	0.01905	0.49117	0.01967	0.32193	0.02476	0.02642	0.00776	0.00516	0.00158	0.00319	0.00666	0.00502	0.00638
12	0.06567	0.33827	0.13297	0.00899	0.01290	0.01299	0.00886	0.06881	0.01141	0.16530	0.04467	0.04573	0.03126	0.00565	0.00437	0.00134	0.02678	0.00420	0.00332	0.00649
13	0.01070	0.19604	0.48958	0.11583	0.02009	0.06170	0.01455	0.01483	0.01015	0.01372	0.00808	0.00982	0.00612	0.00450	0.00424	0.00140	0.00665	0.00339	0.00206	0.00655
14	0.01527	0.15743	0.04946	0.03443	0.01410	0.08714	0.00882	0.38757	0.03750	0.04288	0.04203	0.01217	0.00942	0.00552	0.00459	0.00135	0.02149	0.00407	0.05777	0.00696
15	0.00798	0.01162	0.26804	0.00921	0.01201	0.00714	0.00908	0.05064	0.03888	0.01462	0.05287	0.43878	0.02172	0.02728	0.00583	0.00180	0.00436	0.00917	0.00368	0.00528
16	0.03180	0.01144	0.07997	0.00910	0.01154	0.12084	0.00747	0.13300	0.13843	0.01692	0.05101	0.21756	0.01680	0.07246	0.00648	0.00178	0.00471	0.00682	0.00385	0.05801
17	0.06400	0.06886	0.12750	0.00923	0.01246	0.07400	0.00839	0.08117	0.05684	0.08802	0.04529	0.13879	0.01416	0.00718	0.00491	0.00147	0.02250	0.05464	0.00363	0.11695
18	0.02826	0.05505	0.17899	0.01028	0.06525	0.00854	0.03307	0.05209	0.01045	0.01525	0.04250	0.09241	0.02798	0.08947	0.00640	0.00159	0.00471	0.00504	0.00297	0.26972
19	0.00847	0.09437	0.01115	0.18782	0.05756	0.00831	0.00791	0.03708	0.02172	0.01371	0.08010	0.18698	0.08710	0.01195	0.09624	0.00230	0.00526	0.06193	0.00341	0.01663
20	0.01203	0.04346	0.08251	0.07450	0.31528	0.05218	0.07512	0.01466	0.01051	0.08883	0.01000	0.01297	0.00816	0.04343	0.04557	0.00190	0.05889	0.00433	0.00269	0.04299
21	0.02958	0.01225	0.17278	0.01076	0.05399	0.06134	0.02892	0.09179	0.01174	0.07336	0.05811	0.10335	0.05614	0.00978	0.07923	0.00207	0.02544	0.03610	0.00344	0.07984
22	0.01306	0.01364	0.07957	0.01314	0.10605	0.20391	0.06987	0.03363	0.12217	0.08642	0.06214	0.01461	0.01142	0.00913	0.10236	0.00218	0.01621	0.00459	0.01286	0.02304
23	0.05134	0.04125	0.09807	0.08726	0.06519	0.07111	0.00911	0.01693	0.16935	0.12606	0.08852	0.04584	0.01367	0.02408	0.00543	0.00155	0.03035	0.00501	0.00371	0.04616
24	0.02922	0.01292	0.10791	0.01133	0.03439	0.11981	0.07540	0.09712	0.08269	0.12020	0.01383	0.08719	0.02112	0.03926	0.00625	0.00165	0.05244	0.02924	0.00360	0.05441

[dist]
# distance from previous block
# <min> <max>
23	66

[block]
# block no. 7 follows, 53 sequences, length 33
# corresponding to MSA columns:
# 452-484
name=unknown_H
#
# <colnr> <probs for GDERKNQSTAVLIFYWHMCP>
#	G	D	E	R	K	N	Q	S	T	A	V	L	I	F	Y	W	H	M	C	P
0	0.18489	0.01231	0.19983	0.00951	0.02565	0.00897	0.00915	0.05652	0.02486	0.27188	0.01399	0.06989	0.02139	0.00602	0.00445	0.00150	0.00466	0.02113	0.00395	0.04946
1	0.01206	0.00828	0.01220	0.01198	0.09686	0.00814	0.08695	0.08881	0.05102	0.16151	0.04592	0.04204	0.06751	0.00877	0.00562	0.00176	0.00468	0.27544	0.00435	0.00612
2	0.01171	0.28322	0.28805	0.01511	0.14889	0.06518	0.09562	0.01506	0.01045	0.01376	0.00806	0.00980	0.00647	0.00432	0.00420	0.00133	0.00641	0.00353	0.00216	0.00668
3	0.01118	0.01088	0.01756	0.21275	0.51738	0.03175	0.01375	0.01386	0.01026	0.01428	0.00854	0.01182	0.00712	0.00484	0.00590	0.00153	0.09337	0.00422	0.00228	0.00674
4	0.00808	0.00661	0.00739	0.00721	0.00891	0.00679	0.00556	0.01351	0.26481	0.01626	0.15183	0.11509	0.26832	0.01032	0.00554	0.00169	0.00308	0.08903	0.00470	0.00528
5	0.00891	0.00445	0.00445	0.00445	0.00557	0.00445	0.00334	0.01114	0.01002	0.01782	0.01559	0.01782	0.01225	0.00557	0.00334	0.00111	0.00223	0.00445	0.85856	0.00445
6	0.00991	0.00850	0.00991	0.00708	0.01133	0.00637	0.00566	0.01203	0.00991	0.01557	0.00850	0.00991	0.00708	0.00354	0.00354	0.00071	0.00354	0.00283	0.00283	0.86124
7	0.00750	0.00540	0.00744	0.00848	0.00957	0.00534	0.00732	0.00957	0.01090	0.01412	0.02662	0.09220	0.06977	0.01323	0.00652	0.00216	0.00421	0.69089	0.00440	0.00436
8	0.00891	0.00445	0.00445	0.00445	0.00557	0.00445	0.00334	0.01114	0.01002	0.01782	0.01559	0.01782	0.01225	0.00557	0.00334	0.00111	0.00223	0.00445	0.85856	0.00445
9	0.77547	0.00912	0.00746	0.00652	0.00956	0.01033	0.00537	0.01504	0.00873	0.10532	0.00796	0.00867	0.00589	0.00460	0.00316	0.00148	0.00374	0.00283	0.00327	0.00549
10	0.01097	0.01027	0.01780	0.08414	0.52804	0.01025	0.09527	0.01376	0.01100	0.03358	0.06452	0.04745	0.04071	0.00540	0.00498	0.00149	0.00548	0.00530	0.00279	0.00681
11	0.00815	0.00802	0.05289	0.01144	0.11008	0.00694	0.11204	0.01062	0.04548	0.01398	0.06674	0.26410	0.12679	0.08400	0.00715	0.00190	0.00426	0.00847	0.00361	0.05337
12	0.00684	0.00508	0.00749	0.00749	0.00828	0.00587	0.00574	0.00841	0.00763	0.01096	0.01297	0.01973	0.01236	0.09633	0.75317	0.00745	0.01218	0.00526	0.00259	0.00416
13	0.30383	0.20624	0.03380	0.00911	0.03403	0.04031	0.00768	0.20756	0.05485	0.02040	0.03576	0.01036	0.00813	0.00499	0.00377	0.00136	0.00468	0.00345	0.00332	0.00637
14	0.03555	0.01323	0.06780	0.01208	0.04227	0.07243	0.11731	0.34697	0.01601	0.04136	0.03629	0.01220	0.00893	0.00511	0.00461	0.00134	0.00554	0.00426	0.03263	0.12408
15	0.01240	0.16821	0.14908	0.06805	0.01913	0.09598	0.23206	0.07460	0.10496	0.01562	0.00992	0.01149	0.00762	0.00469	0.00463	0.00143	0.00657	0.00424	0.00274	0.00658
16	0.00907	0.00617	0.00721	0.00666	0.00851	0.00591	0.00514	0.01276	0.14270	0.11441	0.27314	0.05490	0.29004	0.00978	0.00545	0.00159	0.00288	0.03345	0.00495	0.00529
17	0.01412	0.00943	0.01081	0.00897	0.01187	0.00981	0.00716	0.25313	0.18506	0.16096	0.11365	0.08745	0.01713	0.00723	0.00498	0.00150	0.00401	0.02239	0.00489	0.06544
18	0.00712	0.00457	0.00534	0.00534	0.00534	0.00457	0.00305	0.00686	0.00686	0.00915	0.01422	0.02920	0.01625	0.73069	0.02363	0.11105	0.00457	0.00660	0.00279	0.00279
19	0.01252	0.37055	0.27936	0.01224	0.07426	0.14991	0.01195	0.01542	0.01057	0.01292	0.00758	0.00893	0.00622	0.00439	0.00388	0.00125	0.00639	0.00309	0.00213	0.00645
20	0.01488	0.06413	0.28856	0.01030	0.01491	0.00968	0.01074	0.06770	0.05160	0.32875	0.05835	0.03548	0.01177	0.00580	0.00469	0.00148	0.00510	0.00467	0.00413	0.00730
21	0.00695	0.00465	0.00531	0.00531	0.00534	0.00468	0.00301	0.00701	0.00698	0.00934	0.01498	0.03081	0.01717	0.80221	0.05387	0.00475	0.00494	0.00688	0.00288	0.00295
22	0.00983	0.00974	0.01926	0.14739	0.02086	0.00959	0.43026	0.01312	0.01096	0.01538	0.09565	0.05939	0.01311	0.00555	0.00522	0.00155	0.00611	0.00600	0.11537	0.00565
23	0.01129	0.03760	0.34606	0.05703	0.01873	0.02459	0.14087	0.02900	0.07849	0.08805	0.02896	0.05337	0.00974	0.00562	0.00544	0.00157	0.04915	0.00483	0.00295	0.00666
24	0.01046	0.01046	0.01464	0.01255	0.01255	0.01464	0.01046	0.01150	0.00732	0.01150	0.00627	0.01046	0.00627	0.00837	0.01569	0.00209	0.82328	0.00418	0.00209	0.00523
25	0.00676	0.00489	0.00639	0.00601	0.00714	0.00451	0.00451	0.00902	0.01353	0.01917	0.79969	0.03570	0.04510	0.00977	0.00564	0.00150	0.00225	0.00864	0.00526	0.00451
26	0.00977	0.02346	0.72393	0.01432	0.02115	0.01121	0.09972	0.01516	0.01022	0.01516	0.00869	0.01039	0.00618	0.00449	0.00466	0.00152	0.00717	0.00376	0.00206	0.00700
27	0.06138	0.01342	0.20111	0.01055	0.01447	0.01062	0.01034	0.28842	0.01502	0.11817	0.01458	0.02119	0.01234	0.00710	0.00504	0.00164	0.00526	0.17842	0.00407	0.00686
28	0.01046	0.01046	0.01464	0.01255	0.01255	0.01464	0.01046	0.01150	0.00732	0.01150	0.00627	0.01046	0.00627	0.00837	0.01569	0.00209	0.82328	0.00418	0.00209	0.00523
29	0.00695	0.00463	0.00521	0.00521	0.00521	0.00463	0.00290	0.00695	0.00695	0.00927	0.01506	0.03128	0.01738	0.83203	0.02433	0.00463	0.00463	0.00695	0.00290	0.00290
30	0.00701	0.00571	0.00757	0.12603	0.01141	0.00569	0.02304	0.04923	0.01056	0.01347	0.03002	0.38315	0.28563	0.01177	0.00567	0.00175	0.00343	0.01036	0.00407	0.00443
31	0.05809	0.52899	0.09980	0.00930	0.01311	0.05835	0.00915	0.01528	0.05724	0.03165	0.00791	0.00902	0.00674	0.00474	0.00447	0.00124	0.07328	0.00304	0.00238	0.00620
32	0.01169	0.45250	0.21693	0.13179	0.01760	0.01540	0.01134	0.05547	0.02304	0.01350	0.00787	0.00940	0.00639	0.00443	0.00381	0.00126	0.00577	0.00319	0.00224	0.00637

[dist]
# distance from previous block
# <min> <max>
4	36

# created by:
# /st0/software/busco_prod/Augustus/scripts/msa2prfl.pl ./align_prep/60879.fa
