[name]
unknown

[dist]
# distance from previous block
# <min> <max>
2	53

[block]
# block no. 0 follows, 47 sequences, length 17
# corresponding to MSA columns:
# 57-73
name=unknown_A
#
# <colnr> <probs for GDERKNQSTAVLIFYWHMCP>
#	G	D	E	R	K	N	Q	S	T	A	V	L	I	F	Y	W	H	M	C	P
0	0.00842	0.00653	0.00928	0.11904	0.09094	0.00686	0.00699	0.02172	0.01022	0.01402	0.12589	0.15469	0.02221	0.27550	0.08769	0.00346	0.00554	0.00802	0.01826	0.00473
1	0.00939	0.00748	0.00862	0.00823	0.00995	0.00799	0.00617	0.04460	0.26282	0.01819	0.17520	0.16926	0.11125	0.04628	0.08790	0.00261	0.00454	0.00874	0.00490	0.00588
2	0.00812	0.00589	0.00704	0.00709	0.00806	0.00575	0.00495	0.08585	0.01210	0.01617	0.16505	0.35558	0.11673	0.16515	0.01010	0.00248	0.00354	0.01098	0.00472	0.00465
3	0.01293	0.02044	0.48671	0.01297	0.01906	0.01135	0.03514	0.11998	0.01346	0.11331	0.01565	0.01613	0.08739	0.00614	0.00518	0.00165	0.00653	0.00493	0.00342	0.00764
4	0.01097	0.02610	0.02671	0.04333	0.02730	0.04118	0.06236	0.07339	0.01213	0.01682	0.01766	0.09082	0.12518	0.00703	0.00548	0.00135	0.04260	0.00587	0.00352	0.36020
5	0.00951	0.00886	0.00818	0.00866	0.00961	0.15316	0.00608	0.05011	0.01164	0.01423	0.02398	0.62047	0.02789	0.01373	0.00621	0.00194	0.00436	0.01212	0.00445	0.00481
6	0.05179	0.01185	0.06918	0.07919	0.07671	0.01107	0.11123	0.06119	0.17591	0.07216	0.03408	0.01583	0.01134	0.04277	0.00628	0.00171	0.02181	0.00504	0.00376	0.13709
7	0.05207	0.15745	0.13877	0.01235	0.01674	0.14661	0.07574	0.15709	0.04357	0.01858	0.00970	0.01102	0.00761	0.00527	0.00511	0.00144	0.04021	0.00392	0.00315	0.09363
8	0.01015	0.00958	0.01619	0.72513	0.11275	0.01165	0.01462	0.01358	0.01056	0.01369	0.00931	0.01378	0.00708	0.00515	0.00520	0.00172	0.00686	0.00463	0.00234	0.00604
9	0.03566	0.01703	0.26807	0.03340	0.07577	0.01256	0.07251	0.24968	0.01591	0.10502	0.05425	0.01412	0.01053	0.00576	0.00520	0.00162	0.00631	0.00480	0.00388	0.00792
10	0.00666	0.00480	0.00607	0.00697	0.00745	0.00450	0.00475	0.00758	0.00997	0.01307	0.02946	0.55630	0.11517	0.13586	0.00961	0.00254	0.00341	0.06713	0.00458	0.00413
11	0.00666	0.00524	0.00601	0.00593	0.00737	0.00459	0.00441	0.00841	0.01290	0.01678	0.34702	0.09878	0.43258	0.01237	0.00618	0.00173	0.00259	0.01062	0.00520	0.00459
12	0.06876	0.00951	0.01568	0.71708	0.03372	0.01164	0.04437	0.01358	0.01038	0.01414	0.00917	0.01351	0.00689	0.00515	0.00511	0.00173	0.00681	0.00456	0.00239	0.00583
13	0.00746	0.00521	0.00637	0.00617	0.00742	0.00479	0.00459	0.00965	0.01353	0.01925	0.52697	0.07977	0.15286	0.01070	0.00583	0.00162	0.00251	0.00932	0.12119	0.00479
14	0.01375	0.01197	0.01732	0.07205	0.16522	0.02960	0.07273	0.13868	0.01290	0.06716	0.05083	0.01408	0.01016	0.00696	0.00952	0.00184	0.28993	0.00501	0.00331	0.00699
15	0.85377	0.01007	0.00765	0.00685	0.01007	0.01168	0.00564	0.01531	0.00886	0.02336	0.00725	0.00846	0.00564	0.00483	0.00322	0.00161	0.00403	0.00282	0.00322	0.00564
16	0.01803	0.08672	0.13234	0.01208	0.05088	0.09208	0.02170	0.12366	0.04326	0.30593	0.01411	0.01375	0.00977	0.00569	0.00491	0.00150	0.00582	0.00445	0.00443	0.04889

[dist]
# distance from previous block
# <min> <max>
0	2

[block]
# block no. 1 follows, 47 sequences, length 20
# corresponding to MSA columns:
# 76-95
name=unknown_B
#
# <colnr> <probs for GDERKNQSTAVLIFYWHMCP>
#	G	D	E	R	K	N	Q	S	T	A	V	L	I	F	Y	W	H	M	C	P
0	0.01155	0.27817	0.54841	0.01296	0.01963	0.01479	0.01597	0.01621	0.01086	0.01515	0.00868	0.01016	0.00662	0.00479	0.00444	0.00148	0.00702	0.00351	0.00221	0.00738
1	0.01232	0.00837	0.00992	0.00844	0.01078	0.00853	0.00664	0.19629	0.07760	0.09551	0.46367	0.02897	0.03334	0.00890	0.00576	0.00163	0.00357	0.00760	0.00564	0.00650
2	0.01044	0.02952	0.00939	0.00791	0.00986	0.00783	0.00620	0.09439	0.08024	0.07060	0.43532	0.04814	0.11499	0.00974	0.00632	0.00168	0.03798	0.00822	0.00533	0.00590
3	0.03304	0.07043	0.03854	0.01095	0.01541	0.04164	0.10552	0.13099	0.07917	0.01941	0.01071	0.01194	0.00842	0.00473	0.00450	0.00120	0.00526	0.00397	0.00344	0.40072
4	0.00752	0.00503	0.00570	0.00575	0.00577	0.00501	0.00323	0.00756	0.00768	0.01024	0.01697	0.06954	0.01964	0.78056	0.02560	0.00492	0.00496	0.00790	0.00323	0.00320
5	0.00634	0.00453	0.00604	0.00725	0.00755	0.00423	0.00483	0.00725	0.00997	0.01329	0.02870	0.81358	0.03444	0.01632	0.00665	0.00211	0.00302	0.01480	0.00483	0.00423
6	0.01229	0.01405	0.03073	0.02195	0.02722	0.01317	0.76558	0.01668	0.01229	0.01668	0.01054	0.01405	0.00790	0.00439	0.00615	0.00176	0.00878	0.00615	0.00263	0.00702
7	0.85377	0.01007	0.00765	0.00685	0.01007	0.01168	0.00564	0.01531	0.00886	0.02336	0.00725	0.00846	0.00564	0.00483	0.00322	0.00161	0.00403	0.00282	0.00322	0.00564
8	0.00654	0.00467	0.00626	0.00747	0.00786	0.00439	0.00517	0.00758	0.01016	0.01351	0.02860	0.74299	0.03402	0.01613	0.00670	0.00214	0.00319	0.08351	0.00483	0.00428
9	0.00935	0.00624	0.00747	0.00715	0.00900	0.00576	0.00563	0.02855	0.04605	0.10499	0.21857	0.07575	0.32246	0.01170	0.00616	0.00182	0.00327	0.11949	0.00526	0.00535
10	0.01295	0.01119	0.01178	0.01060	0.01354	0.01295	0.00824	0.02767	0.77509	0.02178	0.02120	0.01943	0.01590	0.00707	0.00530	0.00177	0.00412	0.00589	0.00530	0.00824
11	0.01916	0.02437	0.01542	0.01377	0.01656	0.76349	0.04151	0.02062	0.01466	0.01291	0.00815	0.00959	0.00676	0.00533	0.00476	0.00136	0.00937	0.00347	0.00268	0.00608
12	0.01392	0.82012	0.02729	0.00891	0.01337	0.02061	0.00891	0.01559	0.01058	0.01225	0.00724	0.00835	0.00668	0.00446	0.00334	0.00111	0.00557	0.00278	0.00223	0.00668
13	0.00747	0.00557	0.00710	0.00741	0.00876	0.00520	0.00602	0.00962	0.01298	0.01717	0.31257	0.04930	0.22069	0.01271	0.00655	0.00196	0.00340	0.29560	0.00515	0.00474
14	0.01551	0.01288	0.01464	0.29230	0.04739	0.12852	0.01119	0.15881	0.12387	0.12352	0.01294	0.01424	0.00940	0.00584	0.00515	0.00163	0.00631	0.00471	0.00391	0.00725
15	0.01078	0.01073	0.01713	0.25317	0.02170	0.01372	0.10241	0.01300	0.00933	0.01330	0.00909	0.05205	0.00836	0.00772	0.01167	0.00204	0.43026	0.00527	0.00246	0.00581
16	0.00666	0.00482	0.00595	0.00666	0.00718	0.00449	0.00445	0.00755	0.01003	0.01315	0.06237	0.48797	0.14539	0.17801	0.01059	0.00264	0.00339	0.03009	0.00453	0.00408
17	0.01187	0.03649	0.28943	0.04777	0.05546	0.01250	0.28228	0.04909	0.01209	0.03796	0.03784	0.03404	0.00965	0.00557	0.00618	0.00172	0.05477	0.00530	0.00282	0.00716
18	0.01362	0.01353	0.09000	0.08585	0.07672	0.01397	0.03842	0.21565	0.06902	0.01988	0.01038	0.01262	0.00823	0.00654	0.00853	0.00175	0.23626	0.00458	0.00337	0.07108
19	0.15023	0.13203	0.01335	0.00880	0.01245	0.05594	0.00733	0.16826	0.03868	0.07792	0.01140	0.01218	0.00874	0.00524	0.00412	0.00130	0.00471	0.00381	0.10731	0.17621

[dist]
# distance from previous block
# <min> <max>
0	7

[block]
# block no. 2 follows, 47 sequences, length 24
# corresponding to MSA columns:
# 103-126
name=unknown_C
#
# <colnr> <probs for GDERKNQSTAVLIFYWHMCP>
#	G	D	E	R	K	N	Q	S	T	A	V	L	I	F	Y	W	H	M	C	P
0	0.12184	0.03803	0.01509	0.06189	0.09104	0.04812	0.05001	0.21919	0.03904	0.18602	0.01265	0.01313	0.00905	0.00555	0.00483	0.00152	0.00550	0.00444	0.00429	0.06876
1	0.10053	0.01128	0.01252	0.00989	0.01352	0.01188	0.00810	0.37532	0.03986	0.23421	0.06012	0.01575	0.01252	0.00643	0.00497	0.00157	0.00475	0.00498	0.06378	0.00802
2	0.00751	0.00565	0.00719	0.00792	0.00925	0.00533	0.00660	0.00948	0.01198	0.01524	0.07378	0.09651	0.27299	0.01392	0.00678	0.00214	0.00389	0.43436	0.00486	0.00464
3	0.00745	0.00553	0.00814	0.00814	0.00899	0.00639	0.00623	0.00915	0.00830	0.01192	0.01416	0.02161	0.01352	0.10488	0.73121	0.00809	0.01320	0.00575	0.00282	0.00452
4	0.07117	0.00975	0.01185	0.00957	0.01326	0.00960	0.00776	0.04980	0.21922	0.51051	0.01964	0.01745	0.01312	0.00651	0.00513	0.00165	0.00437	0.00525	0.00590	0.00850
5	0.00844	0.00656	0.00912	0.00975	0.01056	0.00723	0.00811	0.01031	0.01090	0.01460	0.02444	0.21343	0.02717	0.01394	0.00869	0.00232	0.13500	0.47021	0.00439	0.00482
6	0.00755	0.00508	0.00580	0.00576	0.00588	0.00504	0.00333	0.00779	0.00827	0.01115	0.09111	0.03455	0.02188	0.73828	0.02452	0.00472	0.00480	0.00775	0.00341	0.00333
7	0.00634	0.00453	0.00604	0.00725	0.00755	0.00423	0.00483	0.00725	0.00997	0.01329	0.02870	0.81358	0.03444	0.01632	0.00665	0.00211	0.00302	0.01480	0.00483	0.00423
8	0.01760	0.02152	0.01585	0.08261	0.14095	0.60475	0.01138	0.01940	0.01393	0.01348	0.00843	0.01033	0.00697	0.00524	0.00481	0.00141	0.00867	0.00367	0.00264	0.00637
9	0.01415	0.01095	0.01777	0.10294	0.49718	0.01099	0.01339	0.01741	0.03602	0.15751	0.05981	0.01568	0.01173	0.00547	0.00524	0.00159	0.00565	0.00508	0.00354	0.00791
10	0.10724	0.01423	0.01364	0.01108	0.01467	0.20248	0.03931	0.18606	0.01610	0.29798	0.01417	0.03707	0.01017	0.00618	0.00497	0.00156	0.00602	0.00473	0.00472	0.00762
11	0.85377	0.01007	0.00765	0.00685	0.01007	0.01168	0.00564	0.01531	0.00886	0.02336	0.00725	0.00846	0.00564	0.00483	0.00322	0.00161	0.00403	0.00282	0.00322	0.00564
12	0.00983	0.00926	0.01562	0.80447	0.03587	0.01157	0.01446	0.01331	0.01041	0.01331	0.00926	0.01388	0.00694	0.00521	0.00521	0.00174	0.00694	0.00463	0.00231	0.00579
13	0.00712	0.00522	0.00668	0.00652	0.00768	0.00478	0.00481	0.00928	0.01386	0.01927	0.61648	0.13861	0.11706	0.01161	0.00621	0.00171	0.00255	0.01025	0.00553	0.00478
14	0.00686	0.00482	0.00619	0.00701	0.00736	0.00461	0.00471	0.00775	0.00980	0.01310	0.06606	0.52227	0.03109	0.21126	0.01151	0.00283	0.00363	0.07063	0.00447	0.00405
15	0.00800	0.00537	0.00733	0.00733	0.00826	0.00601	0.00558	0.00987	0.00894	0.01374	0.01486	0.02113	0.01350	0.08397	0.55048	0.00640	0.01053	0.00554	0.20857	0.00460
16	0.01392	0.82012	0.02729	0.00891	0.01337	0.02061	0.00891	0.01559	0.01058	0.01225	0.00724	0.00835	0.00668	0.00446	0.00334	0.00111	0.00557	0.00278	0.00223	0.00668
17	0.01603	0.01133	0.01248	0.01058	0.01394	0.01251	0.00841	0.15182	0.50808	0.16534	0.01961	0.01795	0.01415	0.00681	0.00527	0.00170	0.00445	0.00557	0.00550	0.00846
18	0.00628	0.00504	0.00562	0.00607	0.00731	0.00438	0.00438	0.00748	0.01122	0.01384	0.04380	0.31340	0.50482	0.01430	0.00635	0.00190	0.00283	0.03180	0.00483	0.00435
19	0.00651	0.00521	0.00585	0.00610	0.00750	0.00455	0.00456	0.00797	0.01190	0.01488	0.13468	0.17922	0.50891	0.01351	0.00632	0.00185	0.00285	0.06824	0.00494	0.00446
20	0.00744	0.00558	0.00837	0.00837	0.00930	0.00651	0.00651	0.00930	0.00837	0.01209	0.01395	0.02046	0.01302	0.03906	0.79635	0.00837	0.01395	0.00558	0.00279	0.00465
21	0.01110	0.01040	0.01716	0.47525	0.26832	0.01202	0.01448	0.03441	0.01116	0.01502	0.00991	0.01469	0.00806	0.00553	0.00589	0.00172	0.04961	0.02612	0.00254	0.00661
22	0.01272	0.01030	0.01278	0.12970	0.01668	0.01170	0.03321	0.06987	0.38289	0.06135	0.07956	0.01873	0.01551	0.00690	0.00599	0.00171	0.05430	0.00568	0.03884	0.03159
23	0.01491	0.04014	0.02867	0.04384	0.05053	0.25129	0.00901	0.07826	0.07789	0.04178	0.01048	0.01161	0.00829	0.00500	0.00451	0.00122	0.00611	0.00374	0.00333	0.30939

[dist]
# distance from previous block
# <min> <max>
1	7

[block]
# block no. 3 follows, 47 sequences, length 33
# corresponding to MSA columns:
# 134-166
name=unknown_D
#
# <colnr> <probs for GDERKNQSTAVLIFYWHMCP>
#	G	D	E	R	K	N	Q	S	T	A	V	L	I	F	Y	W	H	M	C	P
0	0.03842	0.31482	0.17566	0.01235	0.01676	0.07470	0.08711	0.04722	0.03953	0.03476	0.00922	0.01092	0.00750	0.00606	0.02282	0.00165	0.08705	0.00387	0.00269	0.00690
1	0.01292	0.21737	0.01682	0.06132	0.07646	0.03785	0.00951	0.02127	0.39176	0.01751	0.01518	0.03901	0.01226	0.00641	0.00534	0.00160	0.04107	0.00505	0.00389	0.00739
2	0.00723	0.00529	0.00675	0.00672	0.00752	0.00541	0.00476	0.00848	0.00966	0.01309	0.13316	0.05566	0.14444	0.27595	0.28767	0.00509	0.00732	0.00791	0.00372	0.00416
3	0.00633	0.00457	0.00600	0.00714	0.00752	0.00424	0.00479	0.00726	0.01008	0.01334	0.03004	0.77127	0.07590	0.01614	0.00662	0.00210	0.00300	0.01459	0.00483	0.00424
4	0.00650	0.00500	0.00595	0.00632	0.00740	0.00445	0.00451	0.00791	0.01178	0.01529	0.20624	0.34004	0.33226	0.01382	0.00634	0.00187	0.00274	0.01210	0.00504	0.00445
5	0.01057	0.05605	0.76200	0.01463	0.02220	0.01241	0.01886	0.01646	0.01098	0.01634	0.00927	0.01090	0.00660	0.00493	0.00489	0.00163	0.00762	0.00381	0.00220	0.00766
6	0.00971	0.00485	0.00485	0.00485	0.00607	0.00485	0.00364	0.01213	0.01092	0.01942	0.01699	0.01942	0.01335	0.00607	0.00364	0.00121	0.00243	0.00485	0.84589	0.00485
7	0.01392	0.82012	0.02729	0.00891	0.01337	0.02061	0.00891	0.01559	0.01058	0.01225	0.00724	0.00835	0.00668	0.00446	0.00334	0.00111	0.00557	0.00278	0.00223	0.00668
8	0.01378	0.01047	0.01667	0.35787	0.20625	0.01138	0.04509	0.04795	0.06102	0.15928	0.01242	0.01467	0.00904	0.00543	0.00525	0.00166	0.00615	0.00489	0.00346	0.00727
9	0.01527	0.15130	0.18118	0.01191	0.01629	0.14173	0.02574	0.22561	0.01512	0.03877	0.01038	0.01229	0.00825	0.04404	0.02879	0.00182	0.02328	0.00411	0.00334	0.04077
10	0.01192	0.00651	0.00806	0.00704	0.00933	0.00576	0.00550	0.01416	0.03204	0.24995	0.29275	0.03576	0.28013	0.01014	0.00585	0.00167	0.00315	0.00859	0.00564	0.00601
11	0.01831	0.01195	0.05591	0.01039	0.01417	0.01147	0.00886	0.37707	0.01883	0.25533	0.07102	0.05982	0.01441	0.00709	0.00528	0.00160	0.00493	0.00570	0.03977	0.00810
12	0.01715	0.06172	0.06473	0.01149	0.01556	0.23641	0.00969	0.29366	0.01710	0.04684	0.01038	0.01113	0.00789	0.00536	0.00468	0.00133	0.00649	0.00386	0.00376	0.17078
13	0.01220	0.19327	0.30040	0.19387	0.02338	0.04099	0.08991	0.03614	0.01151	0.03842	0.00936	0.01157	0.00708	0.00494	0.00478	0.00155	0.00708	0.00407	0.00250	0.00698
14	0.00669	0.00469	0.00597	0.00682	0.00706	0.00446	0.00439	0.00740	0.00945	0.01262	0.04279	0.58946	0.03068	0.22807	0.01189	0.00288	0.00354	0.01277	0.00441	0.00396
15	0.01140	0.01354	0.19224	0.39821	0.09014	0.01118	0.04220	0.02884	0.01145	0.07317	0.01166	0.01680	0.00922	0.00588	0.00533	0.00174	0.00675	0.06071	0.00287	0.00668
16	0.01101	0.01045	0.01774	0.50764	0.32352	0.01188	0.01505	0.01433	0.01097	0.01473	0.00946	0.01350	0.00744	0.00499	0.00519	0.00166	0.00665	0.00463	0.00242	0.00673
17	0.01165	0.01182	0.01591	0.01366	0.01375	0.04096	0.01135	0.01280	0.00819	0.01254	0.00687	0.01133	0.00683	0.00899	0.01669	0.00225	0.78187	0.00452	0.00229	0.00571
18	0.00634	0.00453	0.00604	0.00725	0.00755	0.00423	0.00483	0.00725	0.00997	0.01329	0.02870	0.81358	0.03444	0.01632	0.00665	0.00211	0.00302	0.01480	0.00483	0.00423
19	0.01119	0.01096	0.01766	0.43532	0.27209	0.04679	0.05586	0.01435	0.01115	0.01465	0.01050	0.05696	0.00890	0.00559	0.00530	0.00168	0.00670	0.00521	0.00257	0.00657
20	0.00802	0.00626	0.00749	0.00803	0.00917	0.00639	0.00587	0.01222	0.18174	0.01552	0.02958	0.47204	0.11294	0.01369	0.00635	0.00203	0.00341	0.08912	0.00493	0.00521
21	0.00767	0.00578	0.00824	0.00812	0.00882	0.00672	0.00611	0.00913	0.00819	0.01173	0.01406	0.02263	0.01385	0.18858	0.60638	0.00741	0.05342	0.00591	0.00283	0.00441
22	0.00983	0.00926	0.01562	0.80447	0.03587	0.01157	0.01446	0.01331	0.01041	0.01331	0.00926	0.01388	0.00694	0.00521	0.00521	0.00174	0.00694	0.00463	0.00231	0.00579
23	0.00714	0.00514	0.00675	0.00671	0.00773	0.00476	0.00490	0.00924	0.01365	0.01915	0.61019	0.21539	0.04579	0.01194	0.00626	0.00175	0.00259	0.01065	0.00553	0.00476
24	0.00996	0.00938	0.01584	0.77300	0.06636	0.01160	0.01452	0.01341	0.01047	0.01346	0.00928	0.01384	0.00700	0.00518	0.00520	0.00173	0.00691	0.00463	0.00232	0.00589
25	0.01152	0.01098	0.01867	0.37741	0.44973	0.01201	0.01530	0.01479	0.01121	0.01536	0.00955	0.01333	0.00766	0.00489	0.00518	0.00163	0.00652	0.00463	0.00246	0.00715
26	0.01300	0.01288	0.01985	0.17008	0.51349	0.07145	0.05220	0.04070	0.01218	0.01644	0.00964	0.01283	0.00787	0.00492	0.00539	0.00159	0.02070	0.00462	0.00262	0.00755
27	0.00654	0.00524	0.00585	0.00581	0.00730	0.00454	0.00431	0.00818	0.01262	0.01611	0.27509	0.10079	0.50402	0.01263	0.00619	0.00175	0.00261	0.01078	0.00511	0.00454
28	0.01316	0.24109	0.19798	0.01564	0.02110	0.01532	0.30517	0.09883	0.01287	0.01718	0.00957	0.01161	0.00738	0.00474	0.00500	0.00153	0.00731	0.00454	0.00271	0.00728
29	0.00651	0.00526	0.00579	0.00571	0.00727	0.00454	0.00426	0.00815	0.01264	0.01602	0.26333	0.07323	0.54391	0.01256	0.00617	0.00174	0.00260	0.01067	0.00510	0.00454
30	0.04748	0.52666	0.10426	0.00966	0.01398	0.01701	0.00965	0.04228	0.06859	0.03557	0.01074	0.04401	0.00962	0.00571	0.00406	0.00136	0.00547	0.03416	0.00292	0.00682
31	0.01589	0.01139	0.01319	0.01150	0.04845	0.04323	0.02772	0.30025	0.08235	0.13419	0.03986	0.11463	0.01539	0.00786	0.00544	0.00164	0.00504	0.04983	0.00490	0.06723
32	0.01012	0.15740	0.01187	0.00797	0.01017	0.00949	0.00655	0.09504	0.04827	0.01895	0.34013	0.07269	0.08835	0.01104	0.04660	0.00197	0.00424	0.04874	0.00468	0.00573

[dist]
# distance from previous block
# <min> <max>
0	3

[block]
# block no. 4 follows, 47 sequences, length 11
# corresponding to MSA columns:
# 170-180
name=unknown_E
#
# <colnr> <probs for GDERKNQSTAVLIFYWHMCP>
#	G	D	E	R	K	N	Q	S	T	A	V	L	I	F	Y	W	H	M	C	P
0	0.01152	0.10268	0.54833	0.01386	0.02035	0.01324	0.04732	0.04209	0.11890	0.01735	0.01095	0.01209	0.00804	0.00522	0.00490	0.00161	0.00696	0.00415	0.00275	0.00768
1	0.00850	0.00710	0.00907	0.00890	0.00965	0.04537	0.00683	0.00996	0.00890	0.01225	0.01524	0.08839	0.01563	0.13349	0.44121	0.00592	0.10948	0.05642	0.00307	0.00462
2	0.01296	0.10133	0.01546	0.14697	0.13869	0.11573	0.01044	0.04574	0.12888	0.03341	0.05200	0.04605	0.02539	0.00652	0.00566	0.00159	0.05198	0.00521	0.04931	0.00669
3	0.00991	0.00742	0.00879	0.00789	0.01012	0.00706	0.00605	0.06471	0.11185	0.04837	0.24233	0.17278	0.08838	0.00992	0.00567	0.00162	0.00342	0.03603	0.00494	0.15273
4	0.00889	0.00462	0.00693	0.00693	0.00702	0.00471	0.00471	0.00702	0.00693	0.00933	0.00951	0.01627	0.00942	0.02008	0.09386	0.76891	0.00542	0.00462	0.00231	0.00249
5	0.01138	0.00676	0.00879	0.00759	0.00965	0.00642	0.03538	0.04415	0.04326	0.15014	0.37358	0.02920	0.06781	0.00859	0.00542	0.00156	0.00324	0.00742	0.17374	0.00591
6	0.01352	0.00702	0.00899	0.00806	0.01020	0.00652	0.00630	0.05581	0.01330	0.28284	0.13630	0.11812	0.08789	0.11034	0.00850	0.00221	0.00403	0.10858	0.00533	0.00614
7	0.00878	0.05651	0.00930	0.00747	0.00840	0.00715	0.05165	0.04544	0.00910	0.01208	0.01621	0.04616	0.03524	0.56926	0.09221	0.00459	0.00606	0.00711	0.00321	0.00408
8	0.10819	0.05980	0.04618	0.08399	0.09372	0.25886	0.04529	0.12198	0.05582	0.01842	0.05184	0.01284	0.00992	0.00561	0.00481	0.00152	0.00679	0.00431	0.00331	0.00679
9	0.02633	0.10345	0.06857	0.05375	0.04105	0.08799	0.03758	0.06223	0.01253	0.11832	0.03555	0.05579	0.04264	0.05748	0.00614	0.00164	0.00539	0.00520	0.03683	0.14154
10	0.18047	0.05733	0.05729	0.03368	0.13116	0.13930	0.06854	0.03054	0.05937	0.04097	0.04903	0.04504	0.01090	0.00586	0.00498	0.00155	0.02348	0.00470	0.00328	0.05253

[dist]
# distance from previous block
# <min> <max>
1	18

[block]
# block no. 5 follows, 47 sequences, length 26
# corresponding to MSA columns:
# 199-224
name=unknown_F
#
# <colnr> <probs for GDERKNQSTAVLIFYWHMCP>
#	G	D	E	R	K	N	Q	S	T	A	V	L	I	F	Y	W	H	M	C	P
0	0.01405	0.04138	0.03756	0.03892	0.16321	0.18034	0.08925	0.08598	0.01316	0.04492	0.01343	0.01730	0.04770	0.05503	0.00718	0.00180	0.05744	0.03239	0.05235	0.00660
1	0.04200	0.04014	0.01300	0.01168	0.09607	0.05022	0.02875	0.09619	0.05333	0.12054	0.06506	0.05837	0.02836	0.03344	0.05319	0.00194	0.00537	0.00541	0.00404	0.19289
2	0.11483	0.03335	0.07546	0.01082	0.01391	0.12926	0.00931	0.15656	0.03613	0.08836	0.06757	0.02873	0.03996	0.00693	0.00673	0.00164	0.12911	0.00489	0.00387	0.04258
3	0.12732	0.09583	0.06255	0.04551	0.10061	0.07069	0.07417	0.08358	0.05313	0.01826	0.01101	0.03148	0.00937	0.00571	0.00501	0.00149	0.02736	0.03880	0.00321	0.13490
4	0.14808	0.33024	0.15548	0.07663	0.01732	0.04463	0.05455	0.04291	0.01097	0.01591	0.00816	0.00999	0.00668	0.00504	0.00486	0.00147	0.05439	0.00352	0.00254	0.00663
5	0.00743	0.00558	0.00714	0.00788	0.03221	0.00521	0.00546	0.00943	0.03943	0.01563	0.15365	0.43063	0.11434	0.01317	0.00618	0.00188	0.00315	0.05525	0.03649	0.04987
6	0.00966	0.06569	0.01174	0.00964	0.03167	0.00906	0.06382	0.01148	0.04792	0.04114	0.02082	0.10411	0.13489	0.26951	0.01423	0.00288	0.13555	0.00762	0.00354	0.00502
7	0.00814	0.00627	0.00712	0.00674	0.00836	0.00597	0.00508	0.07375	0.04127	0.01795	0.28473	0.08218	0.33115	0.06400	0.00742	0.00196	0.00315	0.03468	0.00507	0.00501
8	0.01307	0.00863	0.00957	0.00829	0.01038	0.00910	0.00621	0.20388	0.12035	0.09484	0.01876	0.07784	0.04389	0.23463	0.01113	0.00258	0.00447	0.00667	0.10952	0.00619
9	0.04418	0.01054	0.01511	0.03859	0.20465	0.00997	0.06862	0.04793	0.08500	0.10342	0.01299	0.05656	0.01061	0.00553	0.00487	0.00139	0.00503	0.00495	0.00367	0.26640
10	0.01392	0.82012	0.02729	0.00891	0.01337	0.02061	0.00891	0.01559	0.01058	0.01225	0.00724	0.00835	0.00668	0.00446	0.00334	0.00111	0.00557	0.00278	0.00223	0.00668
11	0.01169	0.00923	0.01089	0.00782	0.01241	0.00699	0.00628	0.01399	0.01109	0.07193	0.01006	0.01129	0.00808	0.00404	0.00396	0.00083	0.00390	0.00324	0.00332	0.78895
12	0.00983	0.00926	0.01562	0.80447	0.03587	0.01157	0.01446	0.01331	0.01041	0.01331	0.00926	0.01388	0.00694	0.00521	0.00521	0.00174	0.00694	0.00463	0.00231	0.00579
13	0.00636	0.00468	0.00597	0.00691	0.00748	0.00429	0.00470	0.00740	0.01048	0.01376	0.06643	0.66026	0.15105	0.01557	0.00655	0.00204	0.00294	0.01397	0.00487	0.00429
14	0.08561	0.01053	0.01470	0.15663	0.15905	0.01060	0.03643	0.07119	0.02244	0.09745	0.01069	0.01263	0.00819	0.00505	0.00517	0.00141	0.03828	0.00417	0.00335	0.24641
15	0.01424	0.11723	0.09442	0.16029	0.01907	0.08877	0.05458	0.11543	0.03566	0.11166	0.04070	0.01592	0.05339	0.00669	0.00581	0.04475	0.00612	0.00492	0.00358	0.00676
16	0.00648	0.00472	0.00614	0.00723	0.00774	0.00438	0.00501	0.00754	0.01032	0.01355	0.03106	0.67917	0.11004	0.01585	0.00664	0.00210	0.00312	0.06980	0.00483	0.00429
17	0.85377	0.01007	0.00765	0.00685	0.01007	0.01168	0.00564	0.01531	0.00886	0.02336	0.00725	0.00846	0.00564	0.00483	0.00322	0.00161	0.00403	0.00282	0.00322	0.00564
18	0.01101	0.00929	0.01069	0.01070	0.05773	0.03942	0.00769	0.03844	0.32098	0.01728	0.01789	0.06590	0.02960	0.04944	0.19417	0.02346	0.03454	0.00617	0.04921	0.00639
19	0.00983	0.00926	0.01562	0.80447	0.03587	0.01157	0.01446	0.01331	0.01041	0.01331	0.00926	0.01388	0.00694	0.00521	0.00521	0.00174	0.00694	0.00463	0.00231	0.00579
20	0.00665	0.00518	0.00603	0.00606	0.00740	0.00457	0.00445	0.00834	0.01269	0.01656	0.32830	0.15911	0.39066	0.01268	0.00622	0.00177	0.00263	0.01095	0.00518	0.00457
21	0.00644	0.00478	0.00600	0.00676	0.00748	0.00435	0.00467	0.00762	0.01096	0.01441	0.12828	0.56144	0.18786	0.01497	0.00648	0.00198	0.00287	0.01335	0.00495	0.00435
22	0.03978	0.00937	0.01115	0.00923	0.01247	0.00941	0.00744	0.10082	0.19908	0.35321	0.08646	0.02181	0.05449	0.00740	0.00531	0.00166	0.00416	0.02402	0.03489	0.00783
23	0.05757	0.04282	0.01378	0.08079	0.08094	0.08961	0.02565	0.05607	0.08737	0.01741	0.01100	0.04111	0.00925	0.00538	0.00498	0.00131	0.03541	0.00427	0.00326	0.33203
24	0.10334	0.01302	0.08300	0.01332	0.11281	0.01243	0.01018	0.23201	0.16841	0.15050	0.01565	0.01541	0.03428	0.00619	0.00503	0.00163	0.00515	0.00494	0.00461	0.00808
25	0.05925	0.47314	0.09022	0.01113	0.03200	0.07835	0.04193	0.11262	0.01283	0.03343	0.00865	0.00975	0.00712	0.00486	0.00402	0.00131	0.00612	0.00340	0.00281	0.00704

[dist]
# distance from previous block
# <min> <max>
1	5

[block]
# block no. 6 follows, 47 sequences, length 7
# corresponding to MSA columns:
# 230-236
name=unknown_G
#
# <colnr> <probs for GDERKNQSTAVLIFYWHMCP>
#	G	D	E	R	K	N	Q	S	T	A	V	L	I	F	Y	W	H	M	C	P
0	0.01011	0.00955	0.01005	0.01042	0.05882	0.12993	0.04302	0.01320	0.09992	0.01540	0.05224	0.33400	0.10954	0.01092	0.00577	0.00178	0.00451	0.00957	0.06577	0.00545
1	0.07178	0.00984	0.05641	0.04260	0.05498	0.00929	0.00828	0.13445	0.08656	0.12296	0.05623	0.16065	0.08140	0.00893	0.00546	0.00174	0.00442	0.03861	0.03876	0.00665
2	0.01495	0.06530	0.09145	0.02130	0.35470	0.08616	0.05939	0.10751	0.05372	0.07877	0.01124	0.01285	0.00867	0.00517	0.00506	0.00154	0.00645	0.00454	0.00329	0.00794
3	0.08077	0.10412	0.01380	0.08526	0.01466	0.02989	0.05618	0.09376	0.03692	0.05768	0.04190	0.15225	0.01613	0.00849	0.00616	0.00175	0.06778	0.07180	0.05460	0.00609
4	0.00720	0.00536	0.00762	0.00787	0.00847	0.00525	0.04442	0.00825	0.00941	0.01265	0.02293	0.44396	0.02649	0.22234	0.09912	0.00355	0.00515	0.05174	0.00406	0.00418
5	0.09327	0.04185	0.03987	0.01284	0.11294	0.09961	0.04494	0.07790	0.01220	0.07988	0.03784	0.12563	0.04237	0.00901	0.00757	0.10727	0.03920	0.00612	0.00361	0.00605
6	0.01283	0.07924	0.12776	0.19660	0.13224	0.09208	0.09641	0.07162	0.05508	0.01683	0.01061	0.01302	0.00820	0.00519	0.00497	0.00156	0.00674	0.00450	0.05758	0.00695

[dist]
# distance from previous block
# <min> <max>
4	13

[block]
# block no. 7 follows, 47 sequences, length 17
# corresponding to MSA columns:
# 250-266
name=unknown_H
#
# <colnr> <probs for GDERKNQSTAVLIFYWHMCP>
#	G	D	E	R	K	N	Q	S	T	A	V	L	I	F	Y	W	H	M	C	P
0	0.04999	0.24544	0.27593	0.01128	0.01637	0.06412	0.02394	0.03552	0.03835	0.09160	0.05572	0.01271	0.01016	0.00536	0.00449	0.00144	0.00609	0.00403	0.00313	0.04434
1	0.04301	0.16376	0.05487	0.00997	0.02548	0.14679	0.00830	0.10251	0.01280	0.01691	0.04549	0.09817	0.01284	0.00854	0.04024	0.02242	0.03227	0.00522	0.09465	0.05576
2	0.01610	0.07696	0.01758	0.03570	0.01754	0.37106	0.12874	0.08904	0.03177	0.01615	0.00934	0.01094	0.00748	0.00501	0.00476	0.00134	0.00756	0.00393	0.00300	0.14600
3	0.00745	0.00553	0.00811	0.00811	0.00895	0.00637	0.00619	0.00913	0.00829	0.01190	0.01418	0.02176	0.01358	0.11349	0.72269	0.00805	0.01310	0.00577	0.00282	0.00451
4	0.01113	0.01004	0.01685	0.26416	0.06502	0.01072	0.18292	0.01630	0.13820	0.05084	0.10933	0.05413	0.03378	0.00670	0.00564	0.00173	0.00591	0.00640	0.00367	0.00654
5	0.01228	0.05250	0.09224	0.01007	0.01310	0.03541	0.03531	0.17320	0.01419	0.07279	0.04115	0.25495	0.05288	0.00975	0.00565	0.00173	0.00486	0.05748	0.00439	0.05605
6	0.00908	0.00797	0.01101	0.07675	0.01215	0.01002	0.00808	0.01015	0.00869	0.01239	0.02963	0.20126	0.01684	0.18868	0.03734	0.00296	0.34141	0.00770	0.00314	0.00477
7	0.00983	0.00926	0.01562	0.80447	0.03587	0.01157	0.01446	0.01331	0.01041	0.01331	0.00926	0.01388	0.00694	0.00521	0.00521	0.00174	0.00694	0.00463	0.00231	0.00579
8	0.00744	0.00558	0.00837	0.00837	0.00930	0.00651	0.00651	0.00930	0.00837	0.01209	0.01395	0.02046	0.01302	0.03906	0.79635	0.00837	0.01395	0.00558	0.00279	0.00465
9	0.06645	0.01261	0.03821	0.09973	0.25933	0.01320	0.01192	0.23227	0.13930	0.05625	0.01267	0.01383	0.00953	0.00565	0.00508	0.00162	0.00563	0.00475	0.00394	0.00802
10	0.00803	0.00696	0.01181	0.01041	0.01189	0.00677	0.17102	0.00974	0.01019	0.01376	0.04521	0.39707	0.05032	0.11678	0.08610	0.00299	0.02162	0.01060	0.00392	0.00480
11	0.85377	0.01007	0.00765	0.00685	0.01007	0.01168	0.00564	0.01531	0.00886	0.02336	0.00725	0.00846	0.00564	0.00483	0.00322	0.00161	0.00403	0.00282	0.00322	0.00564
12	0.00724	0.00750	0.08751	0.00705	0.00906	0.00545	0.00609	0.00962	0.01316	0.01783	0.42689	0.08587	0.27498	0.01120	0.00605	0.00171	0.00309	0.00966	0.00503	0.00500
13	0.53761	0.00961	0.00932	0.08995	0.01322	0.01074	0.00691	0.04956	0.01081	0.14242	0.01049	0.01145	0.00762	0.00528	0.00386	0.00159	0.00435	0.00362	0.06533	0.00624
14	0.01178	0.02506	0.70940	0.01426	0.02158	0.01163	0.01804	0.01741	0.01140	0.09644	0.01051	0.01169	0.00725	0.00510	0.00498	0.00165	0.00736	0.00399	0.00264	0.00782
15	0.76607	0.00961	0.00773	0.00701	0.00999	0.01115	0.00573	0.01469	0.00881	0.02220	0.00795	0.00970	0.00640	0.00838	0.08540	0.00231	0.00506	0.00311	0.00318	0.00554
16	0.01057	0.01120	0.13060	0.09168	0.01487	0.02575	0.02708	0.10864	0.04783	0.03821	0.24268	0.02727	0.15476	0.00839	0.00556	0.00165	0.00460	0.00710	0.03540	0.00616

[dist]
# distance from previous block
# <min> <max>
0	1

[block]
# block no. 8 follows, 47 sequences, length 55
# corresponding to MSA columns:
# 268-322
name=unknown_I
#
# <colnr> <probs for GDERKNQSTAVLIFYWHMCP>
#	G	D	E	R	K	N	Q	S	T	A	V	L	I	F	Y	W	H	M	C	P
0	0.01314	0.23289	0.38306	0.01253	0.01800	0.18689	0.01380	0.01679	0.01176	0.01444	0.01053	0.01177	0.04271	0.00529	0.00453	0.00145	0.00728	0.00379	0.00244	0.00691
1	0.00669	0.00486	0.00634	0.00740	0.00798	0.00456	0.00529	0.00786	0.01043	0.01366	0.03056	0.59435	0.10690	0.03665	0.00721	0.00220	0.00333	0.13463	0.00478	0.00431
2	0.01056	0.00905	0.01080	0.04479	0.01321	0.00713	0.00653	0.01310	0.02574	0.01670	0.01050	0.05278	0.00923	0.00463	0.00409	0.00091	0.00396	0.00382	0.00318	0.74928
3	0.01168	0.16959	0.01409	0.00815	0.01252	0.00999	0.00684	0.05247	0.01143	0.01669	0.00993	0.04773	0.00881	0.00468	0.00395	0.00094	0.00425	0.00365	0.00311	0.59949
4	0.71209	0.01152	0.07068	0.00782	0.01138	0.01183	0.00696	0.01649	0.07658	0.02268	0.00865	0.00963	0.00662	0.00504	0.00354	0.00163	0.00433	0.00317	0.00332	0.00603
5	0.01289	0.01237	0.02114	0.03196	0.78450	0.01237	0.01598	0.01598	0.01186	0.01701	0.00980	0.01289	0.00825	0.00464	0.00516	0.00155	0.00619	0.00464	0.00258	0.00825
6	0.01343	0.00778	0.00913	0.00764	0.00998	0.00793	0.04147	0.17316	0.01428	0.10491	0.01612	0.01752	0.01209	0.00607	0.00426	0.00136	0.00364	0.00492	0.53808	0.00623
7	0.00753	0.00503	0.00569	0.00573	0.00574	0.00502	0.00321	0.00756	0.00765	0.01020	0.01680	0.05905	0.01943	0.79133	0.02587	0.00495	0.00498	0.00780	0.00321	0.00319
8	0.01080	0.00926	0.01080	0.00771	0.01234	0.00694	0.00617	0.01311	0.01080	0.01697	0.00926	0.01080	0.00771	0.00386	0.00386	0.00077	0.00386	0.00309	0.00309	0.84882
9	0.00641	0.00456	0.00602	0.00717	0.00746	0.00427	0.00475	0.00727	0.00985	0.01313	0.02806	0.77312	0.03364	0.05788	0.00768	0.00227	0.00313	0.01443	0.00475	0.00417
10	0.01045	0.02694	0.79000	0.01484	0.02254	0.01209	0.01924	0.01649	0.01099	0.01649	0.00935	0.01099	0.00660	0.00495	0.00495	0.00165	0.00770	0.00385	0.00220	0.00770
11	0.02069	0.00954	0.01163	0.00914	0.01274	0.02665	0.00747	0.14029	0.01582	0.53732	0.01846	0.01696	0.01218	0.00633	0.00498	0.00154	0.00445	0.00505	0.13055	0.00820
12	0.01945	0.02482	0.01476	0.01342	0.01610	0.79608	0.01006	0.02079	0.01476	0.01275	0.00805	0.00939	0.00671	0.00537	0.00470	0.00134	0.00939	0.00335	0.00268	0.00604
13	0.01360	0.00604	0.00704	0.00620	0.00823	0.00567	0.00486	0.01591	0.01222	0.24327	0.04573	0.01963	0.01451	0.00634	0.00420	0.00134	0.00301	0.00513	0.57106	0.00602
14	0.01392	0.82012	0.02729	0.00891	0.01337	0.02061	0.00891	0.01559	0.01058	0.01225	0.00724	0.00835	0.00668	0.00446	0.00334	0.00111	0.00557	0.00278	0.00223	0.00668
15	0.00732	0.00526	0.00728	0.00745	0.00811	0.00569	0.00539	0.00846	0.00855	0.01183	0.01837	0.13604	0.05889	0.18274	0.45601	0.04807	0.00962	0.00750	0.00323	0.00417
16	0.00666	0.00476	0.00641	0.00761	0.00805	0.00450	0.00538	0.00780	0.01028	0.01365	0.02853	0.69712	0.03375	0.01602	0.00673	0.00216	0.00330	0.12815	0.00483	0.00432
17	0.01451	0.01658	0.01549	0.01357	0.01461	0.31760	0.01088	0.01573	0.01060	0.01261	0.00731	0.01062	0.00679	0.00767	0.01230	0.00192	0.49887	0.00409	0.00244	0.00583
18	0.85377	0.01007	0.00765	0.00685	0.01007	0.01168	0.00564	0.01531	0.00886	0.02336	0.00725	0.00846	0.00564	0.00483	0.00322	0.00161	0.00403	0.00282	0.00322	0.00564
19	0.00719	0.00525	0.00676	0.00651	0.00770	0.00482	0.00483	0.00944	0.01413	0.01974	0.66397	0.10385	0.10371	0.01131	0.00618	0.00169	0.00252	0.00998	0.00559	0.00482
20	0.01938	0.07119	0.01645	0.01177	0.01595	0.01646	0.00983	0.71433	0.02351	0.03137	0.01213	0.01221	0.00870	0.00613	0.00508	0.00153	0.00572	0.00455	0.00500	0.00870
21	0.00756	0.00507	0.00579	0.00575	0.00585	0.00504	0.00330	0.00776	0.00817	0.01099	0.07974	0.03448	0.02143	0.75026	0.02482	0.00477	0.00483	0.00773	0.00337	0.00330
22	0.01291	0.01387	0.01801	0.01486	0.01614	0.13240	0.12576	0.02970	0.00998	0.01361	0.00769	0.01152	0.00702	0.00778	0.01333	0.00204	0.55028	0.00462	0.00245	0.00601
23	0.01289	0.01237	0.02114	0.03196	0.78450	0.01237	0.01598	0.01598	0.01186	0.01701	0.00980	0.01289	0.00825	0.00464	0.00516	0.00155	0.00619	0.00464	0.00258	0.00825
24	0.85377	0.01007	0.00765	0.00685	0.01007	0.01168	0.00564	0.01531	0.00886	0.02336	0.00725	0.00846	0.00564	0.00483	0.00322	0.00161	0.00403	0.00282	0.00322	0.00564
25	0.00971	0.00485	0.00485	0.00485	0.00607	0.00485	0.00364	0.01213	0.01092	0.01942	0.01699	0.01942	0.01335	0.00607	0.00364	0.00121	0.00243	0.00485	0.84589	0.00485
26	0.00744	0.00558	0.00837	0.00837	0.00930	0.00651	0.00651	0.00930	0.00837	0.01209	0.01395	0.02046	0.01302	0.03906	0.79635	0.00837	0.01395	0.00558	0.00279	0.00465
27	0.00653	0.00509	0.00593	0.00614	0.00737	0.00449	0.00445	0.00806	0.01216	0.01572	0.24480	0.24579	0.38824	0.01331	0.00628	0.00182	0.00269	0.01156	0.00508	0.00449
28	0.85377	0.01007	0.00765	0.00685	0.01007	0.01168	0.00564	0.01531	0.00886	0.02336	0.00725	0.00846	0.00564	0.00483	0.00322	0.00161	0.00403	0.00282	0.00322	0.00564
29	0.01229	0.01405	0.03073	0.02195	0.02722	0.01317	0.76558	0.01668	0.01229	0.01668	0.01054	0.01405	0.00790	0.00439	0.00615	0.00176	0.00878	0.00615	0.00263	0.00702
30	0.01045	0.02694	0.79000	0.01484	0.02254	0.01209	0.01924	0.01649	0.01099	0.01649	0.00935	0.01099	0.00660	0.00495	0.00495	0.00165	0.00770	0.00385	0.00220	0.00770
31	0.00654	0.00461	0.00599	0.00701	0.00726	0.00436	0.00457	0.00730	0.00960	0.01279	0.02678	0.69156	0.03202	0.14165	0.00976	0.00257	0.00334	0.01367	0.00457	0.00406
32	0.01295	0.01119	0.01178	0.01060	0.01354	0.01295	0.00824	0.02767	0.77509	0.02178	0.02120	0.01943	0.01590	0.00707	0.00530	0.00177	0.00412	0.00589	0.00530	0.00824
33	0.02336	0.00886	0.01209	0.00927	0.01329	0.00765	0.00765	0.02538	0.01491	0.78810	0.02055	0.01773	0.01289	0.00645	0.00524	0.00161	0.00443	0.00524	0.00645	0.00886
34	0.00983	0.00926	0.01562	0.80447	0.03587	0.01157	0.01446	0.01331	0.01041	0.01331	0.00926	0.01388	0.00694	0.00521	0.00521	0.00174	0.00694	0.00463	0.00231	0.00579
35	0.00963	0.00787	0.00882	0.00813	0.01018	0.00834	0.00623	0.01727	0.34534	0.02032	0.34824	0.03200	0.13768	0.00944	0.00578	0.00171	0.00321	0.00810	0.00542	0.00629
36	0.00971	0.00892	0.01272	0.01142	0.01181	0.01193	0.00932	0.01116	0.00814	0.01234	0.00986	0.01525	0.00947	0.02186	0.34866	0.00487	0.46982	0.00499	0.00250	0.00525
37	0.01139	0.01139	0.01595	0.01367	0.01367	0.01595	0.01139	0.01253	0.00798	0.01253	0.00684	0.01139	0.00684	0.00911	0.01709	0.00228	0.80745	0.00456	0.00228	0.00570
38	0.01519	0.01230	0.01304	0.01105	0.01440	0.01400	0.00878	0.26975	0.52937	0.02540	0.01835	0.01716	0.01359	0.00680	0.00527	0.00170	0.00465	0.00550	0.00527	0.00844
39	0.85377	0.01007	0.00765	0.00685	0.01007	0.01168	0.00564	0.01531	0.00886	0.02336	0.00725	0.00846	0.00564	0.00483	0.00322	0.00161	0.00403	0.00282	0.00322	0.00564
40	0.00740	0.00534	0.00700	0.00664	0.00787	0.00494	0.00501	0.00986	0.01466	0.02073	0.75997	0.03947	0.04858	0.01075	0.00617	0.00166	0.00252	0.03079	0.00571	0.00491
41	0.00687	0.00558	0.00612	0.00593	0.00759	0.00498	0.00447	0.00920	0.05053	0.01656	0.27706	0.04512	0.51727	0.01210	0.00611	0.00172	0.00266	0.01025	0.00514	0.00475
42	0.00983	0.00926	0.01562	0.80447	0.03587	0.01157	0.01446	0.01331	0.01041	0.01331	0.00926	0.01388	0.00694	0.00521	0.00521	0.00174	0.00694	0.00463	0.00231	0.00579
43	0.01289	0.01237	0.02114	0.03196	0.78450	0.01237	0.01598	0.01598	0.01186	0.01701	0.00980	0.01289	0.00825	0.00464	0.00516	0.00155	0.00619	0.00464	0.00258	0.00825
44	0.00983	0.00926	0.01562	0.80447	0.03587	0.01157	0.01446	0.01331	0.01041	0.01331	0.00926	0.01388	0.00694	0.00521	0.00521	0.00174	0.00694	0.00463	0.00231	0.00579
45	0.00743	0.00594	0.00813	0.00833	0.00890	0.00668	0.00620	0.00868	0.00931	0.01282	0.02290	0.36736	0.09143	0.03755	0.25168	0.00409	0.12423	0.00998	0.00380	0.00457
46	0.00839	0.00599	0.00839	0.00959	0.01079	0.00599	0.00839	0.01079	0.01199	0.01558	0.02757	0.05874	0.02997	0.01439	0.00719	0.00240	0.00480	0.74945	0.00480	0.00480
47	0.01080	0.00926	0.01080	0.00771	0.01234	0.00694	0.00617	0.01311	0.01080	0.01697	0.00926	0.01080	0.00771	0.00386	0.00386	0.00077	0.00386	0.00309	0.00309	0.84882
48	0.00652	0.00496	0.00601	0.00651	0.00749	0.00445	0.00463	0.00788	0.01154	0.01502	0.17727	0.39776	0.28748	0.01417	0.00640	0.00191	0.00282	0.02777	0.00500	0.00442
49	0.01014	0.01095	0.08564	0.39898	0.04689	0.03043	0.04918	0.04086	0.04716	0.01552	0.07501	0.03732	0.09005	0.03273	0.00610	0.00182	0.00604	0.00599	0.00318	0.00600
50	0.00741	0.00530	0.00636	0.00686	0.00725	0.00530	0.00440	0.00908	0.07226	0.01264	0.02286	0.41704	0.02633	0.35536	0.01496	0.00333	0.00397	0.01100	0.00416	0.00411
51	0.04385	0.10853	0.19544	0.01249	0.03618	0.01376	0.05043	0.09324	0.33122	0.03998	0.01464	0.01464	0.01094	0.00590	0.00495	0.00163	0.00557	0.00480	0.00396	0.00785
52	0.12799	0.01143	0.04179	0.01148	0.07495	0.07059	0.02586	0.09014	0.04825	0.29322	0.13434	0.01801	0.01614	0.00657	0.00507	0.00160	0.00493	0.00532	0.00489	0.00744
53	0.01195	0.05318	0.08076	0.00981	0.01452	0.00876	0.07471	0.02885	0.01155	0.07226	0.02583	0.03253	0.00947	0.00471	0.00437	0.00108	0.00474	0.00401	0.00330	0.54362
54	0.00957	0.00666	0.00783	0.00698	0.00920	0.00591	0.00534	0.01157	0.03146	0.09955	0.08878	0.14522	0.30103	0.01029	0.00595	0.00159	0.03292	0.00863	0.04833	0.16318

[dist]
# distance from previous block
# <min> <max>
4	13

[block]
# block no. 9 follows, 47 sequences, length 33
# corresponding to MSA columns:
# 338-370
name=unknown_J
#
# <colnr> <probs for GDERKNQSTAVLIFYWHMCP>
#	G	D	E	R	K	N	Q	S	T	A	V	L	I	F	Y	W	H	M	C	P
0	0.01368	0.21205	0.26017	0.01146	0.01645	0.08575	0.01182	0.01932	0.16063	0.07877	0.01193	0.01239	0.00904	0.00532	0.00455	0.00144	0.00608	0.00400	0.00327	0.07190
1	0.00694	0.00536	0.00636	0.00626	0.00771	0.00478	0.00479	0.00891	0.01330	0.01756	0.41077	0.04528	0.35921	0.01203	0.00623	0.00175	0.00272	0.07010	0.00528	0.00468
2	0.01222	0.01141	0.05118	0.01808	0.28231	0.01129	0.04255	0.09931	0.16209	0.01943	0.06594	0.10789	0.01561	0.00724	0.00580	0.00169	0.03217	0.00640	0.04007	0.00732
3	0.01803	0.05906	0.01511	0.01216	0.01548	0.34081	0.00960	0.27464	0.16519	0.02127	0.01206	0.01234	0.00922	0.00595	0.00492	0.00149	0.00694	0.00427	0.00402	0.00745
4	0.04054	0.08905	0.36716	0.01152	0.01661	0.01065	0.04160	0.03247	0.01208	0.03556	0.15898	0.03028	0.02851	0.00658	0.00507	0.00157	0.00575	0.03108	0.00334	0.07160
5	0.01635	0.05146	0.24550	0.01271	0.07493	0.01065	0.01179	0.09430	0.03268	0.30985	0.01675	0.03976	0.04696	0.00638	0.00514	0.00162	0.00559	0.00518	0.00442	0.00800
6	0.66104	0.01298	0.03889	0.03728	0.01243	0.13370	0.00717	0.01613	0.00992	0.02108	0.00753	0.00890	0.00589	0.00493	0.00359	0.00158	0.00511	0.00301	0.00307	0.00579
7	0.05753	0.01071	0.01576	0.01428	0.11823	0.01045	0.11466	0.04947	0.14300	0.38454	0.01691	0.01623	0.01160	0.00594	0.00527	0.00165	0.00525	0.00526	0.00501	0.00827
8	0.01553	0.01493	0.01545	0.01749	0.24996	0.22690	0.01088	0.16013	0.04218	0.04801	0.13195	0.01635	0.01480	0.00624	0.00520	0.00152	0.00626	0.00511	0.00384	0.00726
9	0.00705	0.00510	0.00648	0.00663	0.00766	0.00469	0.00483	0.00894	0.01287	0.01778	0.43996	0.25549	0.12913	0.01247	0.00623	0.00179	0.00270	0.03185	0.03369	0.00466
10	0.85377	0.01007	0.00765	0.00685	0.01007	0.01168	0.00564	0.01531	0.00886	0.02336	0.00725	0.00846	0.00564	0.00483	0.00322	0.00161	0.00403	0.00282	0.00322	0.00564
11	0.01221	0.01193	0.01716	0.19267	0.36757	0.07514	0.03438	0.01667	0.10964	0.01664	0.06414	0.03517	0.01224	0.00582	0.00528	0.00163	0.00609	0.00531	0.00315	0.00717
12	0.00658	0.00501	0.00605	0.00638	0.00744	0.00448	0.00456	0.00807	0.01199	0.01574	0.25380	0.33232	0.29149	0.01363	0.00634	0.00186	0.00273	0.01196	0.00509	0.00448
13	0.00887	0.00760	0.01180	0.39648	0.08047	0.00867	0.01005	0.01112	0.00995	0.01314	0.01591	0.13967	0.05026	0.15636	0.03600	0.00259	0.00588	0.00703	0.02300	0.00513
14	0.73442	0.01174	0.00860	0.00767	0.01086	0.10214	0.00621	0.01622	0.00971	0.04334	0.00771	0.00882	0.00596	0.00494	0.00345	0.00158	0.00466	0.00295	0.00325	0.00578
15	0.01385	0.00935	0.01159	0.00982	0.01191	0.01033	0.00784	0.20580	0.01465	0.15000	0.11679	0.09876	0.05686	0.04488	0.06203	0.00238	0.15512	0.00687	0.00463	0.00655
16	0.01578	0.01017	0.01143	0.07019	0.01395	0.08185	0.00791	0.07222	0.09876	0.28527	0.15100	0.02260	0.07288	0.02693	0.00633	0.00173	0.03263	0.00621	0.00510	0.00705
17	0.27430	0.01248	0.07392	0.03365	0.04075	0.07159	0.03937	0.07294	0.01129	0.06964	0.01125	0.08044	0.00994	0.02775	0.03179	0.00203	0.12228	0.00498	0.00338	0.00624
18	0.07103	0.10494	0.01729	0.09012	0.09313	0.26826	0.07007	0.06258	0.12277	0.01664	0.01051	0.01203	0.00835	0.00545	0.00507	0.00152	0.02608	0.00420	0.00313	0.00683
19	0.01078	0.01032	0.01551	0.29355	0.05454	0.03013	0.05349	0.03076	0.00977	0.01347	0.00943	0.01503	0.00847	0.08339	0.05161	0.00255	0.29399	0.00498	0.00251	0.00571
