[name]
unknown

[dist]
# distance from previous block
# <min> <max>
6	87

[block]
# block no. 0 follows, 49 sequences, length 110
# corresponding to MSA columns:
# 128-237
name=unknown_A
#
# <colnr> <probs for GDERKNQSTAVLIFYWHMCP>
#	G	D	E	R	K	N	Q	S	T	A	V	L	I	F	Y	W	H	M	C	P
0	0.01386	0.02423	0.06005	0.07229	0.01504	0.02953	0.00886	0.24688	0.16248	0.07802	0.03123	0.12651	0.01415	0.02099	0.00548	0.00164	0.00488	0.00608	0.00443	0.07338
1	0.02589	0.04554	0.04256	0.16531	0.12678	0.01024	0.06096	0.08503	0.02195	0.04017	0.18175	0.09089	0.02917	0.00743	0.00586	0.00165	0.04247	0.00647	0.00370	0.00620
2	0.01146	0.07111	0.14393	0.22641	0.16424	0.04221	0.02563	0.01579	0.08767	0.04795	0.04583	0.06025	0.01135	0.00599	0.00518	0.00160	0.01853	0.00514	0.00303	0.00670
3	0.01463	0.21369	0.01962	0.01198	0.01615	0.06315	0.15233	0.23595	0.01478	0.03068	0.00991	0.01134	0.00781	0.00608	0.03464	0.00156	0.00630	0.00407	0.00332	0.14200
4	0.00638	0.00481	0.00580	0.00623	0.00711	0.00434	0.00435	0.00763	0.01102	0.01443	0.18820	0.37745	0.26297	0.06621	0.00746	0.00204	0.00284	0.01174	0.00477	0.00422
5	0.01252	0.01201	0.02053	0.03104	0.79074	0.01201	0.01552	0.01552	0.01151	0.01652	0.00951	0.01252	0.00801	0.00451	0.00501	0.00150	0.00601	0.00451	0.00250	0.00801
6	0.00664	0.00480	0.00622	0.00658	0.00736	0.00444	0.00464	0.00820	0.01183	0.01622	0.37518	0.39873	0.08191	0.03486	0.00672	0.00190	0.00272	0.01160	0.00505	0.00439
7	0.00608	0.00488	0.00544	0.00583	0.00703	0.00423	0.00417	0.00727	0.01100	0.01365	0.07076	0.31286	0.50156	0.01376	0.00614	0.00182	0.00268	0.01189	0.00473	0.00423
8	0.00633	0.00511	0.00563	0.00556	0.00706	0.00441	0.00415	0.00791	0.01227	0.01556	0.26503	0.07544	0.54341	0.01221	0.00599	0.00169	0.00252	0.01037	0.00495	0.00441
9	0.01106	0.01106	0.01549	0.01328	0.01328	0.01549	0.01106	0.01217	0.00774	0.01217	0.00664	0.01106	0.00664	0.00885	0.01659	0.00221	0.81303	0.00443	0.00221	0.00553
10	0.85801	0.00978	0.00743	0.00665	0.00978	0.01134	0.00548	0.01486	0.00861	0.02269	0.00704	0.00821	0.00548	0.00469	0.00313	0.00156	0.00391	0.00274	0.00313	0.00548
11	0.00801	0.00478	0.00668	0.00668	0.00690	0.00501	0.00451	0.00740	0.00718	0.00979	0.01190	0.02128	0.01234	0.24062	0.21509	0.41403	0.00680	0.00545	0.00256	0.00301
12	0.01286	0.01407	0.01059	0.01023	0.01209	0.34419	0.00762	0.01650	0.15498	0.01437	0.01898	0.24954	0.05162	0.00943	0.00542	0.00167	0.00584	0.05050	0.00389	0.00561
13	0.32369	0.00982	0.01067	0.00852	0.01217	0.01002	0.00704	0.12767	0.01368	0.40733	0.01418	0.01324	0.00942	0.00567	0.00438	0.00156	0.00434	0.00416	0.00496	0.00748
14	0.01668	0.26817	0.06202	0.01105	0.01507	0.15784	0.00979	0.34754	0.01689	0.02094	0.00963	0.01040	0.00752	0.00586	0.01821	0.00146	0.00640	0.00372	0.00352	0.00732
15	0.01042	0.00944	0.01498	0.64228	0.07487	0.01115	0.01309	0.06277	0.01112	0.01471	0.00932	0.01319	0.00707	0.00500	0.00493	0.00159	0.00634	0.00439	0.01381	0.06952
16	0.01333	0.06847	0.04098	0.03284	0.01334	0.23486	0.00843	0.06456	0.18411	0.01520	0.01287	0.02991	0.01141	0.14761	0.04419	0.00241	0.06115	0.00497	0.00336	0.00601
17	0.01117	0.01138	0.01728	0.01428	0.01491	0.01515	0.10591	0.01267	0.00827	0.01267	0.00709	0.01138	0.00677	0.00828	0.01527	0.00215	0.71280	0.00462	0.00226	0.00569
18	0.15399	0.00849	0.00885	0.00777	0.00996	0.03755	0.02858	0.11199	0.06178	0.01868	0.14168	0.04903	0.18702	0.10469	0.02605	0.00214	0.00424	0.00695	0.00422	0.02633
19	0.01953	0.01287	0.01428	0.01103	0.01499	0.01387	0.00909	0.58230	0.06543	0.18257	0.01417	0.01353	0.00977	0.00615	0.00507	0.00154	0.00522	0.00473	0.00530	0.00857
20	0.00637	0.00527	0.00564	0.00581	0.00736	0.00462	0.00439	0.00809	0.03387	0.01403	0.05874	0.12825	0.61729	0.01299	0.00608	0.00179	0.00280	0.06749	0.00472	0.00440
21	0.00981	0.05722	0.10561	0.04533	0.08307	0.00949	0.08465	0.01445	0.13203	0.01611	0.06958	0.15653	0.02005	0.00913	0.00572	0.00182	0.00508	0.16437	0.00386	0.00608
22	0.01098	0.00933	0.01074	0.00786	0.01221	0.00752	0.00628	0.04337	0.06798	0.01742	0.00997	0.01117	0.00812	0.00407	0.00390	0.00085	0.00383	0.00326	0.00323	0.75791
23	0.00641	0.00479	0.00596	0.00640	0.00728	0.00434	0.00452	0.00782	0.01147	0.01524	0.25617	0.41101	0.21308	0.01352	0.00620	0.00184	0.00269	0.01198	0.00495	0.00434
24	0.02747	0.01001	0.01696	0.57077	0.18766	0.01159	0.05805	0.03137	0.01079	0.01448	0.00920	0.01316	0.00707	0.00491	0.00506	0.00164	0.00661	0.00455	0.00240	0.00624
25	0.01694	0.01995	0.01615	0.01373	0.01680	0.53307	0.12545	0.02078	0.13610	0.03717	0.01057	0.01159	0.00829	0.00536	0.00488	0.00144	0.00807	0.00411	0.00311	0.00643
26	0.02248	0.00894	0.01194	0.00916	0.01308	0.00793	0.00756	0.07030	0.01504	0.74779	0.01947	0.01690	0.01228	0.00625	0.00508	0.00156	0.00438	0.00505	0.00619	0.00861
27	0.00723	0.00541	0.00808	0.00808	0.00897	0.00630	0.00626	0.00900	0.00811	0.01171	0.01359	0.02009	0.01274	0.05152	0.78879	0.00807	0.01339	0.00545	0.00272	0.00449
28	0.00887	0.00692	0.02193	0.02132	0.01034	0.01790	0.03045	0.02315	0.13016	0.05363	0.02437	0.49102	0.02651	0.02412	0.00640	0.00200	0.00381	0.08723	0.00464	0.00523
29	0.01606	0.04870	0.01262	0.03999	0.09381	0.00906	0.00825	0.10265	0.03609	0.34157	0.16841	0.04426	0.01921	0.00725	0.00525	0.00158	0.00435	0.02844	0.00513	0.00731
30	0.01136	0.01152	0.02345	0.07159	0.08232	0.01100	0.50607	0.01483	0.01160	0.04970	0.01425	0.11449	0.04052	0.00617	0.00585	0.00172	0.00711	0.00693	0.00304	0.00648
31	0.47725	0.19530	0.01333	0.00847	0.01183	0.14856	0.00716	0.05941	0.01083	0.01903	0.00746	0.00857	0.00606	0.00478	0.00351	0.00141	0.00523	0.00292	0.00293	0.00595
32	0.01240	0.00898	0.01218	0.04387	0.20304	0.04337	0.00893	0.01572	0.08599	0.14627	0.06013	0.01960	0.01413	0.07002	0.16404	0.00309	0.00665	0.02281	0.05236	0.00643
33	0.01262	0.18527	0.19083	0.01138	0.01489	0.03558	0.02454	0.10013	0.01174	0.04834	0.04365	0.01261	0.00938	0.00716	0.03119	0.00179	0.19660	0.00420	0.05154	0.00656
34	0.01729	0.02143	0.01457	0.01308	0.01515	0.64082	0.01004	0.01855	0.01298	0.01233	0.00757	0.00952	0.00654	0.00596	0.00703	0.00149	0.17386	0.00350	0.00252	0.00579
35	0.00662	0.00492	0.00617	0.00634	0.00735	0.00447	0.00457	0.00833	0.01235	0.01674	0.41266	0.28212	0.18372	0.01251	0.00612	0.00176	0.00259	0.01106	0.00513	0.00447
36	0.00637	0.00461	0.00590	0.00678	0.00727	0.00429	0.00461	0.00735	0.00998	0.01318	0.06664	0.60887	0.10929	0.08083	0.00797	0.00224	0.00310	0.04203	0.00460	0.00409
37	0.00920	0.00583	0.00747	0.00727	0.00876	0.00548	0.00556	0.01180	0.05687	0.11397	0.33946	0.19849	0.10418	0.01140	0.00602	0.00178	0.00310	0.09286	0.00527	0.00524
38	0.03288	0.00774	0.01038	0.00828	0.01148	0.00681	0.00671	0.02059	0.01433	0.58193	0.21744	0.02235	0.02146	0.00728	0.00528	0.00157	0.00380	0.00609	0.00603	0.00757
39	0.01375	0.76081	0.04364	0.00904	0.01334	0.06470	0.00895	0.01545	0.01052	0.01202	0.00712	0.00823	0.00649	0.00439	0.00336	0.00111	0.00567	0.00276	0.00219	0.00648
40	0.00878	0.00439	0.00659	0.00659	0.00659	0.00439	0.00439	0.00659	0.00659	0.00878	0.00878	0.01537	0.00878	0.01757	0.01976	0.85288	0.00439	0.00439	0.00220	0.00220
41	0.19010	0.01362	0.09812	0.10823	0.03535	0.01335	0.01032	0.39059	0.01685	0.06077	0.01067	0.01158	0.00766	0.00550	0.00463	0.00156	0.00553	0.00411	0.00400	0.00746
42	0.06083	0.11203	0.15374	0.01052	0.01512	0.07401	0.06390	0.03622	0.01125	0.04520	0.00954	0.02927	0.00780	0.00476	0.00447	0.00121	0.02182	0.00373	0.00289	0.33170
43	0.06244	0.00691	0.00858	0.00724	0.00983	0.00619	0.00575	0.01586	0.01344	0.35284	0.24862	0.02962	0.19427	0.00880	0.00542	0.00160	0.00334	0.00736	0.00553	0.00635
44	0.02210	0.00954	0.01231	0.00944	0.01338	0.00882	0.00780	0.15091	0.01604	0.66576	0.01863	0.01636	0.01186	0.00623	0.00508	0.00156	0.00452	0.00500	0.00606	0.00860
45	0.06271	0.01517	0.03569	0.05887	0.08165	0.23774	0.02865	0.21891	0.03209	0.06558	0.05153	0.01345	0.01028	0.00777	0.05604	0.00191	0.00696	0.00444	0.00368	0.00687
46	0.00749	0.00622	0.01006	0.01039	0.05550	0.00587	0.10578	0.00915	0.01057	0.01422	0.07637	0.54612	0.04067	0.01312	0.00631	0.00196	0.00393	0.06715	0.00434	0.00478
47	0.01193	0.39664	0.01812	0.06793	0.01376	0.05906	0.00819	0.04184	0.01096	0.01373	0.01164	0.13092	0.01171	0.00661	0.00445	0.00132	0.01807	0.03787	0.00291	0.13234
48	0.00722	0.00542	0.00813	0.00813	0.00903	0.00632	0.00632	0.00903	0.00813	0.01174	0.01354	0.01987	0.01264	0.03792	0.80225	0.00813	0.01354	0.00542	0.00271	0.00451
49	0.04260	0.09134	0.01145	0.00756	0.01139	0.00843	0.00621	0.05665	0.01133	0.04075	0.01537	0.01623	0.11741	0.00680	0.03862	0.00134	0.00430	0.00429	0.00336	0.50455
50	0.01311	0.01027	0.01121	0.00972	0.01251	0.01142	0.00764	0.16114	0.46198	0.05187	0.17021	0.02129	0.02043	0.00738	0.00529	0.00165	0.00398	0.00615	0.00525	0.00750
51	0.02123	0.01094	0.01318	0.01010	0.01407	0.01090	0.00835	0.33929	0.01838	0.47409	0.01667	0.01508	0.01087	0.00618	0.00507	0.00154	0.00483	0.00486	0.00575	0.00860
52	0.00955	0.00899	0.01517	0.81013	0.03483	0.01123	0.01404	0.01292	0.01011	0.01292	0.00899	0.01348	0.00674	0.00506	0.00506	0.00169	0.00674	0.00449	0.00225	0.00562
53	0.01154	0.12387	0.13658	0.08215	0.18752	0.02903	0.03339	0.01414	0.01073	0.08212	0.01320	0.13821	0.01232	0.03223	0.05165	0.01987	0.00610	0.00586	0.00307	0.00641
54	0.01303	0.00641	0.00850	0.00798	0.00993	0.00580	0.00613	0.02938	0.01213	0.31811	0.02589	0.36920	0.07346	0.01154	0.00591	0.00186	0.00366	0.07976	0.00531	0.00601
55	0.00829	0.00609	0.00721	0.00673	0.00839	0.00584	0.00511	0.01201	0.12045	0.05339	0.44696	0.05237	0.22702	0.01040	0.00582	0.00165	0.00275	0.00897	0.00530	0.00526
56	0.15371	0.05574	0.01271	0.13991	0.12455	0.00998	0.01951	0.07399	0.01184	0.08179	0.08855	0.13139	0.01526	0.00729	0.00513	0.01615	0.00469	0.00600	0.00369	0.03812
57	0.01231	0.02693	0.01633	0.04518	0.25229	0.02075	0.10240	0.06027	0.05628	0.06214	0.01361	0.06682	0.04050	0.00572	0.00495	0.00141	0.00528	0.00528	0.00336	0.19820
58	0.00697	0.00510	0.00653	0.00630	0.00747	0.00467	0.00468	0.00913	0.01368	0.01906	0.65771	0.10221	0.11559	0.01101	0.00601	0.00164	0.00245	0.00971	0.00541	0.00467
59	0.44141	0.01019	0.01019	0.00829	0.01183	0.01087	0.00684	0.15406	0.01320	0.27023	0.01207	0.01179	0.00828	0.00544	0.00410	0.00156	0.00433	0.00381	0.00447	0.00703
60	0.04973	0.01240	0.05699	0.10914	0.23476	0.12278	0.03428	0.05169	0.01160	0.01551	0.02512	0.11459	0.02800	0.00950	0.07497	0.00218	0.03170	0.00577	0.00300	0.00628
61	0.01089	0.00878	0.01341	0.35847	0.02200	0.01012	0.05271	0.02910	0.06283	0.08949	0.09092	0.01952	0.05989	0.04631	0.02115	0.00198	0.08743	0.00570	0.00342	0.00588
62	0.00710	0.00497	0.00587	0.00626	0.00734	0.00441	0.00440	0.00816	0.01058	0.05788	0.03641	0.40565	0.34523	0.06242	0.00733	0.00205	0.00298	0.01188	0.00469	0.00437
63	0.41211	0.00868	0.00878	0.00733	0.01049	0.00899	0.00600	0.02825	0.01131	0.31378	0.01331	0.01316	0.00923	0.00547	0.00395	0.00151	0.00386	0.00393	0.12326	0.00659
64	0.01404	0.02963	0.11186	0.02019	0.31213	0.02868	0.09425	0.23740	0.01510	0.02079	0.04043	0.01311	0.00941	0.00531	0.00536	0.00155	0.02499	0.00470	0.00332	0.00774
65	0.00817	0.00789	0.03417	0.01101	0.06307	0.00695	0.15032	0.03175	0.01145	0.01478	0.03126	0.23928	0.31499	0.01107	0.00602	0.00180	0.00433	0.04242	0.00408	0.00519
66	0.00623	0.00445	0.00594	0.00708	0.00742	0.00416	0.00478	0.00718	0.00983	0.01312	0.04428	0.78327	0.03365	0.01568	0.00646	0.00205	0.00296	0.03261	0.00471	0.00414
67	0.02906	0.05634	0.24923	0.07162	0.15839	0.01194	0.09167	0.06054	0.01208	0.13080	0.02653	0.01295	0.00871	0.00532	0.00562	0.00160	0.05266	0.00448	0.00312	0.00735
68	0.05984	0.10313	0.11334	0.12957	0.10032	0.08168	0.10936	0.10030	0.04040	0.06214	0.01009	0.01196	0.00769	0.00520	0.00533	0.00155	0.04388	0.00427	0.00302	0.00694
69	0.00735	0.00491	0.00557	0.00557	0.00559	0.00493	0.00313	0.00739	0.00737	0.00985	0.01588	0.03281	0.01826	0.80586	0.04200	0.00497	0.00508	0.00731	0.00306	0.00309
70	0.00714	0.00497	0.00632	0.00696	0.00782	0.00459	0.00506	0.00842	0.01075	0.04208	0.09509	0.44356	0.17004	0.04908	0.00718	0.00210	0.00320	0.11651	0.00475	0.00439
71	0.06084	0.07850	0.24433	0.02682	0.11462	0.04105	0.15335	0.01536	0.03415	0.02822	0.02465	0.03889	0.03185	0.00603	0.00550	0.00164	0.03663	0.04802	0.00284	0.00671
72	0.06931	0.04615	0.01730	0.40473	0.27860	0.01199	0.04210	0.01465	0.03940	0.01516	0.00942	0.01277	0.00742	0.00486	0.00486	0.00159	0.00621	0.00440	0.00251	0.00656
73	0.01111	0.00899	0.01191	0.01063	0.01158	0.04482	0.03117	0.01245	0.00992	0.09242	0.07305	0.08801	0.01640	0.06365	0.03539	0.03547	0.33595	0.09830	0.00348	0.00529
74	0.28431	0.04775	0.10801	0.01110	0.01465	0.30812	0.05199	0.03888	0.01188	0.03620	0.00901	0.04010	0.00746	0.00536	0.00426	0.00148	0.00663	0.00378	0.00294	0.00609
75	0.00712	0.00533	0.00576	0.00554	0.00729	0.00453	0.00420	0.00862	0.01214	0.05952	0.16654	0.04513	0.62637	0.01204	0.00592	0.00168	0.00263	0.01011	0.00492	0.00460
76	0.07796	0.14890	0.07863	0.01032	0.01443	0.06532	0.01939	0.24779	0.08102	0.08803	0.01221	0.01246	0.02409	0.00547	0.00447	0.00139	0.00535	0.00409	0.00389	0.09481
77	0.01303	0.00951	0.02384	0.01079	0.06262	0.02617	0.02081	0.11079	0.07579	0.14822	0.04516	0.17448	0.01598	0.00958	0.04713	0.00192	0.06077	0.00664	0.00428	0.13250
78	0.08328	0.17878	0.17780	0.01084	0.03161	0.01313	0.01040	0.16886	0.04508	0.15361	0.05614	0.01331	0.01062	0.00567	0.00474	0.00148	0.01916	0.00426	0.00385	0.00738
79	0.07960	0.12319	0.12786	0.09377	0.04754	0.04308	0.19849	0.04850	0.02420	0.11270	0.01137	0.04768	0.00894	0.00538	0.00490	0.00156	0.00638	0.00485	0.00316	0.00684
80	0.00701	0.00515	0.00657	0.00635	0.00757	0.00472	0.00478	0.00919	0.01367	0.01895	0.63604	0.07416	0.13677	0.01102	0.00603	0.00165	0.00252	0.03778	0.00539	0.00468
81	0.01106	0.01106	0.01549	0.01328	0.01328	0.01549	0.01106	0.01217	0.00774	0.01217	0.00664	0.01106	0.00664	0.00885	0.01659	0.00221	0.81303	0.00443	0.00221	0.00553
82	0.00657	0.00509	0.00598	0.00587	0.00722	0.00450	0.00436	0.00836	0.01275	0.01684	0.40917	0.09968	0.37180	0.01182	0.00601	0.00168	0.00250	0.01020	0.00512	0.00450
83	0.00626	0.00509	0.00555	0.00552	0.00703	0.00438	0.00411	0.00778	0.01207	0.01516	0.22134	0.09035	0.57292	0.01241	0.00600	0.00170	0.00254	0.01053	0.00490	0.00438
84	0.85801	0.00978	0.00743	0.00665	0.00978	0.01134	0.00548	0.01486	0.00861	0.02269	0.00704	0.00821	0.00548	0.00469	0.00313	0.00156	0.00391	0.00274	0.00313	0.00548
85	0.01106	0.01106	0.01549	0.01328	0.01328	0.01549	0.01106	0.01217	0.00774	0.01217	0.00664	0.01106	0.00664	0.00885	0.01659	0.00221	0.81303	0.00443	0.00221	0.00553
86	0.01922	0.01416	0.01518	0.01163	0.01568	0.01568	0.00961	0.77388	0.02378	0.03187	0.01214	0.01214	0.00860	0.00607	0.00506	0.00152	0.00556	0.00455	0.00506	0.00860
87	0.00616	0.00440	0.00587	0.00704	0.00733	0.00411	0.00469	0.00704	0.00968	0.01291	0.02787	0.81899	0.03344	0.01584	0.00645	0.00205	0.00293	0.01438	0.00469	0.00411
88	0.85801	0.00978	0.00743	0.00665	0.00978	0.01134	0.00548	0.01486	0.00861	0.02269	0.00704	0.00821	0.00548	0.00469	0.00313	0.00156	0.00391	0.00274	0.00313	0.00548
89	0.05852	0.00840	0.01108	0.00861	0.01230	0.00742	0.00709	0.02336	0.01396	0.70879	0.01915	0.01693	0.01224	0.00617	0.00490	0.00154	0.00416	0.00496	0.06224	0.00821
90	0.01106	0.01106	0.01549	0.01328	0.01328	0.01549	0.01106	0.01217	0.00774	0.01217	0.00664	0.01106	0.00664	0.00885	0.01659	0.00221	0.81303	0.00443	0.00221	0.00553
91	0.00609	0.00514	0.00527	0.00528	0.00695	0.00433	0.00399	0.00744	0.01166	0.01401	0.08540	0.04836	0.73495	0.01272	0.00600	0.00172	0.00260	0.02903	0.00474	0.00430
92	0.02269	0.00861	0.01174	0.00900	0.01291	0.00743	0.00743	0.02464	0.01447	0.79425	0.01995	0.01721	0.01252	0.00626	0.00509	0.00156	0.00430	0.00509	0.00626	0.00861
93	0.73933	0.00993	0.00799	0.00716	0.01025	0.01152	0.00583	0.01655	0.11711	0.02247	0.00894	0.00971	0.00687	0.00500	0.00341	0.00159	0.00392	0.00316	0.00341	0.00583
94	0.03746	0.01487	0.01302	0.15616	0.01699	0.32213	0.00967	0.05290	0.01222	0.01471	0.04551	0.03241	0.00986	0.00642	0.00678	0.00157	0.15014	0.00443	0.08707	0.00568
95	0.00667	0.00516	0.00610	0.00601	0.00739	0.00459	0.00455	0.00852	0.01281	0.01691	0.40529	0.07209	0.36268	0.01179	0.00604	0.00170	0.00260	0.04946	0.00511	0.00453
96	0.85801	0.00978	0.00743	0.00665	0.00978	0.01134	0.00548	0.01486	0.00861	0.02269	0.00704	0.00821	0.00548	0.00469	0.00313	0.00156	0.00391	0.00274	0.00313	0.00548
97	0.01048	0.07281	0.01654	0.55617	0.11757	0.02791	0.01330	0.01338	0.01014	0.01318	0.00893	0.02438	0.00724	0.00545	0.00600	0.00166	0.08214	0.00447	0.00231	0.00594
98	0.00864	0.00659	0.00951	0.03857	0.01071	0.00755	0.04014	0.03763	0.02713	0.01382	0.01346	0.01918	0.01214	0.07686	0.47769	0.00565	0.06272	0.00534	0.12180	0.00489
99	0.00732	0.00488	0.00557	0.00569	0.00575	0.00485	0.00329	0.00747	0.00768	0.01033	0.01708	0.09507	0.01965	0.72798	0.02344	0.00456	0.00469	0.02113	0.02037	0.00321
100	0.17656	0.09981	0.01422	0.05742	0.01524	0.46753	0.00900	0.06385	0.01317	0.01562	0.02047	0.00974	0.00712	0.00515	0.00424	0.00137	0.00730	0.00335	0.00284	0.00599
101	0.79000	0.00958	0.00774	0.03580	0.01072	0.01110	0.00590	0.01460	0.00879	0.02200	0.00798	0.01055	0.00656	0.00511	0.00337	0.00160	0.00405	0.03594	0.00316	0.00545
102	0.01381	0.01302	0.07509	0.06057	0.16321	0.01289	0.03854	0.21568	0.27497	0.02181	0.01388	0.01443	0.01044	0.00572	0.00503	0.00157	0.00536	0.00485	0.00404	0.04508
103	0.00624	0.00466	0.00580	0.00651	0.00724	0.00423	0.00451	0.00740	0.01069	0.01400	0.12764	0.54271	0.21105	0.01445	0.00628	0.00192	0.00278	0.01286	0.00480	0.00423
104	0.53162	0.01008	0.00968	0.04988	0.01247	0.01107	0.00681	0.11499	0.01171	0.15132	0.01003	0.01059	0.00720	0.00511	0.00383	0.00153	0.00433	0.00347	0.00385	0.04043
105	0.00955	0.00899	0.01517	0.81013	0.03483	0.01123	0.01404	0.01292	0.01011	0.01292	0.00899	0.01348	0.00674	0.00506	0.00506	0.00169	0.00674	0.00449	0.00225	0.00562
106	0.00694	0.00517	0.00650	0.00646	0.00769	0.00473	0.00492	0.00898	0.01311	0.01781	0.49847	0.09951	0.19994	0.01164	0.00611	0.00173	0.00270	0.08777	0.00523	0.00461
107	0.01296	0.01105	0.01165	0.01037	0.01329	0.01276	0.00810	0.06975	0.73811	0.02177	0.02010	0.01848	0.01504	0.00682	0.00514	0.00170	0.00409	0.00565	0.00514	0.00804
108	0.44283	0.00904	0.00935	0.00774	0.01112	0.00928	0.00634	0.01906	0.01134	0.37639	0.01374	0.04266	0.00975	0.00583	0.00415	0.00158	0.00405	0.00425	0.00462	0.00686
109	0.00616	0.00440	0.00587	0.00704	0.00733	0.00411	0.00469	0.00704	0.00968	0.01291	0.02787	0.81899	0.03344	0.01584	0.00645	0.00205	0.00293	0.01438	0.00469	0.00411

[dist]
# distance from previous block
# <min> <max>
0	5

[block]
# block no. 1 follows, 49 sequences, length 30
# corresponding to MSA columns:
# 243-272
name=unknown_B
#
# <colnr> <probs for GDERKNQSTAVLIFYWHMCP>
#	G	D	E	R	K	N	Q	S	T	A	V	L	I	F	Y	W	H	M	C	P
0	0.01352	0.82533	0.02650	0.00865	0.01298	0.02001	0.00865	0.01514	0.01027	0.01190	0.00703	0.00811	0.00649	0.00433	0.00324	0.00108	0.00541	0.00270	0.00216	0.00649
1	0.01028	0.00877	0.01027	0.00747	0.01176	0.00662	0.00593	0.01246	0.01045	0.01631	0.00989	0.04897	0.00873	0.00432	0.00387	0.00081	0.00371	0.00354	0.00308	0.81279
2	0.02269	0.00861	0.01174	0.00900	0.01291	0.00743	0.00743	0.02464	0.01447	0.79425	0.01995	0.01721	0.01252	0.00626	0.00509	0.00156	0.00430	0.00509	0.00626	0.00861
3	0.40466	0.00720	0.00700	0.00699	0.00886	0.00771	0.00525	0.01189	0.00951	0.07079	0.01761	0.38607	0.01897	0.00999	0.00481	0.00179	0.00348	0.00831	0.00407	0.00505
4	0.01003	0.00846	0.00997	0.00733	0.01138	0.00647	0.00582	0.01229	0.01101	0.01700	0.11594	0.01423	0.01301	0.00465	0.00405	0.00086	0.00356	0.00384	0.00335	0.73673
5	0.00616	0.00440	0.00587	0.00704	0.00733	0.00411	0.00469	0.00704	0.00968	0.01291	0.02787	0.81899	0.03344	0.01584	0.00645	0.00205	0.00293	0.01438	0.00469	0.00411
6	0.00734	0.00494	0.00569	0.00569	0.00576	0.00500	0.00329	0.00747	0.00741	0.00994	0.01577	0.03219	0.01799	0.76876	0.07873	0.00512	0.00549	0.00722	0.00304	0.00316
7	0.01313	0.01180	0.08098	0.04162	0.01417	0.03374	0.00887	0.17435	0.30856	0.06300	0.03940	0.13893	0.01600	0.00805	0.00559	0.01879	0.00470	0.00654	0.00462	0.00715
8	0.01291	0.01005	0.01388	0.08048	0.10887	0.00958	0.06261	0.14471	0.02457	0.08853	0.04286	0.07666	0.01187	0.00586	0.00483	0.00134	0.00486	0.00514	0.00375	0.28663
9	0.02392	0.09272	0.03117	0.25266	0.06152	0.05527	0.00909	0.02669	0.01009	0.01297	0.01445	0.16960	0.03583	0.10095	0.02267	0.06022	0.00555	0.00659	0.00298	0.00509
10	0.01959	0.01358	0.01481	0.01136	0.01539	0.01481	0.00938	0.69483	0.02279	0.11230	0.01296	0.01268	0.00901	0.00609	0.00506	0.00152	0.00543	0.00461	0.00519	0.00860
11	0.02754	0.20236	0.04965	0.03330	0.07403	0.01239	0.00876	0.06131	0.20075	0.01757	0.10771	0.01713	0.01488	0.00827	0.05904	0.00188	0.00525	0.01863	0.00368	0.07587
12	0.01352	0.82533	0.02650	0.00865	0.01298	0.02001	0.00865	0.01514	0.01027	0.01190	0.00703	0.00811	0.00649	0.00433	0.00324	0.00108	0.00541	0.00270	0.00216	0.00649
13	0.07676	0.01090	0.01282	0.00989	0.01381	0.01098	0.00817	0.32286	0.01779	0.43892	0.01598	0.01459	0.01049	0.00608	0.00494	0.00155	0.00478	0.00472	0.00557	0.00840
14	0.00655	0.00477	0.00605	0.00669	0.00747	0.00445	0.00477	0.00790	0.01073	0.01439	0.13967	0.46498	0.16380	0.01509	0.04409	0.00220	0.00336	0.05086	0.03788	0.00430
15	0.16799	0.06707	0.01526	0.11989	0.03812	0.11862	0.04726	0.10066	0.01157	0.03869	0.00846	0.01087	0.00689	0.00606	0.00762	0.00169	0.22021	0.00397	0.00289	0.00620
16	0.01542	0.01077	0.01434	0.06339	0.13806	0.01080	0.03020	0.21890	0.03667	0.17250	0.01359	0.01626	0.01049	0.00595	0.00519	0.00148	0.01973	0.05577	0.00421	0.15629
17	0.05686	0.16993	0.01652	0.01213	0.04498	0.33760	0.00946	0.17149	0.07343	0.01755	0.00950	0.01045	0.00763	0.00543	0.00486	0.00139	0.03715	0.00367	0.00322	0.00675
18	0.01809	0.30604	0.01721	0.00912	0.01304	0.02915	0.00802	0.06340	0.06104	0.38423	0.03287	0.01404	0.01100	0.00566	0.00443	0.00139	0.00481	0.00429	0.00454	0.00765
19	0.05413	0.00813	0.01068	0.00841	0.01174	0.00723	0.00674	0.02180	0.01323	0.65218	0.01886	0.01910	0.01306	0.12169	0.00793	0.00204	0.00437	0.00531	0.00568	0.00770
20	0.04487	0.01069	0.01902	0.09160	0.05526	0.02611	0.33978	0.01395	0.01127	0.04470	0.02947	0.08733	0.08225	0.00669	0.00605	0.00167	0.04283	0.01938	0.00317	0.06391
21	0.00731	0.00489	0.00553	0.00557	0.00557	0.00488	0.00312	0.00734	0.00743	0.00991	0.01632	0.05876	0.01888	0.79595	0.02511	0.00481	0.00484	0.00758	0.00312	0.00310
22	0.00711	0.00513	0.00671	0.00640	0.00754	0.00474	0.00477	0.00941	0.01407	0.01989	0.74846	0.07848	0.04697	0.01062	0.00599	0.00161	0.00241	0.00942	0.00552	0.00474
23	0.01352	0.82533	0.02650	0.00865	0.01298	0.02001	0.00865	0.01514	0.01027	0.01190	0.00703	0.00811	0.00649	0.00433	0.00324	0.00108	0.00541	0.00270	0.00216	0.00649
24	0.01138	0.00702	0.00863	0.00743	0.00954	0.00672	0.00581	0.12005	0.01540	0.15246	0.47303	0.03177	0.11164	0.00929	0.00569	0.00159	0.00318	0.00796	0.00552	0.00591
25	0.00598	0.00512	0.00512	0.00512	0.00683	0.00427	0.00384	0.00726	0.01153	0.01366	0.05123	0.04866	0.78869	0.01281	0.00598	0.00171	0.00256	0.01067	0.00470	0.00427
26	0.01106	0.01106	0.01549	0.01328	0.01328	0.01549	0.01106	0.01217	0.00774	0.01217	0.00664	0.01106	0.00664	0.00885	0.01659	0.00221	0.81303	0.00443	0.00221	0.00553
27	0.01284	0.01099	0.01158	0.01034	0.01325	0.01270	0.00807	0.05660	0.75145	0.02158	0.02025	0.01860	0.01516	0.00683	0.00514	0.00171	0.00406	0.00567	0.00514	0.00803
28	0.01469	0.65585	0.02407	0.00937	0.01354	0.07276	0.00886	0.12287	0.01246	0.01476	0.00781	0.00875	0.00679	0.00463	0.00359	0.00116	0.00568	0.00300	0.00260	0.00675
29	0.25389	0.00718	0.00800	0.00734	0.00928	0.00775	0.00568	0.01312	0.03028	0.12604	0.04497	0.01976	0.04368	0.12719	0.27035	0.00419	0.00717	0.00523	0.00364	0.00527

[dist]
# distance from previous block
# <min> <max>
0	1

[block]
# block no. 2 follows, 49 sequences, length 31
# corresponding to MSA columns:
# 274-304
name=unknown_C
#
# <colnr> <probs for GDERKNQSTAVLIFYWHMCP>
#	G	D	E	R	K	N	Q	S	T	A	V	L	I	F	Y	W	H	M	C	P
0	0.00770	0.00586	0.00755	0.05685	0.00986	0.00596	0.00576	0.01097	0.10432	0.01681	0.33404	0.27658	0.03436	0.05844	0.00715	0.00198	0.00326	0.04277	0.00486	0.00490
1	0.00862	0.00513	0.00633	0.00644	0.00698	0.00490	0.00412	0.00915	0.00897	0.09744	0.02062	0.31056	0.02309	0.44575	0.01661	0.00352	0.00414	0.00960	0.00400	0.00405
2	0.85801	0.00978	0.00743	0.00665	0.00978	0.01134	0.00548	0.01486	0.00861	0.02269	0.00704	0.00821	0.00548	0.00469	0.00313	0.00156	0.00391	0.00274	0.00313	0.00548
3	0.01195	0.45324	0.38482	0.01133	0.01713	0.01616	0.01332	0.01555	0.01046	0.01381	0.00798	0.00931	0.00645	0.00455	0.00397	0.00132	0.00637	0.00318	0.00215	0.00695
4	0.06824	0.06226	0.00997	0.00859	0.03125	0.10059	0.00638	0.05964	0.03805	0.07241	0.03673	0.13088	0.18855	0.10916	0.00798	0.00205	0.01875	0.03910	0.00404	0.00537
5	0.00968	0.01015	0.09658	0.14498	0.01551	0.02695	0.00888	0.01559	0.23939	0.01651	0.11854	0.08128	0.10906	0.00890	0.00632	0.05437	0.00455	0.02281	0.00404	0.00593
6	0.01064	0.00836	0.01045	0.00811	0.01151	0.00714	0.02712	0.03411	0.01173	0.06517	0.13628	0.01973	0.06564	0.00628	0.00521	0.00118	0.04491	0.03513	0.00379	0.48752
7	0.00955	0.00899	0.01517	0.81013	0.03483	0.01123	0.01404	0.01292	0.01011	0.01292	0.00899	0.01348	0.00674	0.00506	0.00506	0.00169	0.00674	0.00449	0.00225	0.00562
8	0.72959	0.00982	0.00823	0.00712	0.01037	0.01108	0.00586	0.04653	0.00988	0.11048	0.00871	0.00939	0.00640	0.00493	0.00343	0.00156	0.00402	0.00308	0.00356	0.00596
9	0.01281	0.04114	0.01464	0.02592	0.02695	0.07310	0.00998	0.07643	0.23972	0.01646	0.01140	0.01328	0.00942	0.00747	0.01054	0.00188	0.39423	0.00467	0.00334	0.00661
10	0.01136	0.00603	0.00779	0.00690	0.00883	0.00541	0.00533	0.01345	0.01364	0.22966	0.42583	0.07140	0.10297	0.00946	0.00560	0.00159	0.00295	0.00817	0.05790	0.00573
11	0.01352	0.82533	0.02650	0.00865	0.01298	0.02001	0.00865	0.01514	0.01027	0.01190	0.00703	0.00811	0.00649	0.00433	0.00324	0.00108	0.00541	0.00270	0.00216	0.00649
12	0.00744	0.00487	0.00558	0.00558	0.00558	0.00487	0.00315	0.00731	0.00731	0.00974	0.01549	0.03199	0.01779	0.77250	0.02537	0.05736	0.00487	0.00717	0.00301	0.00301
13	0.00724	0.00535	0.00781	0.00781	0.00860	0.00615	0.00592	0.00883	0.00803	0.01150	0.01384	0.02148	0.01334	0.13361	0.70752	0.00773	0.01249	0.00565	0.00275	0.00434
14	0.01030	0.00877	0.01027	0.00743	0.01173	0.00663	0.00592	0.01255	0.01070	0.01669	0.05351	0.01205	0.00979	0.00412	0.00387	0.00080	0.00367	0.00335	0.00314	0.80471
15	0.01889	0.02410	0.01433	0.01303	0.01563	0.80199	0.00977	0.02019	0.01433	0.01238	0.00782	0.00912	0.00651	0.00521	0.00456	0.00130	0.00912	0.00326	0.00261	0.00586
16	0.07175	0.03996	0.00980	0.11794	0.03420	0.00835	0.00680	0.07280	0.00963	0.01383	0.01279	0.02145	0.01261	0.30100	0.24153	0.00461	0.00767	0.00557	0.00297	0.00474
17	0.85801	0.00978	0.00743	0.00665	0.00978	0.01134	0.00548	0.01486	0.00861	0.02269	0.00704	0.00821	0.00548	0.00469	0.00313	0.00156	0.00391	0.00274	0.00313	0.00548
18	0.00968	0.00859	0.03159	0.07007	0.04425	0.00891	0.05337	0.05261	0.18995	0.01572	0.01946	0.21697	0.05013	0.12910	0.04267	0.00253	0.03678	0.00799	0.00393	0.00569
19	0.04566	0.00920	0.01112	0.00883	0.01246	0.00865	0.00713	0.05304	0.16848	0.38081	0.06470	0.01699	0.01390	0.00608	0.00482	0.00144	0.00405	0.00495	0.00520	0.17249
20	0.09152	0.01004	0.01109	0.00819	0.01248	0.00886	0.00663	0.15678	0.01282	0.01997	0.00940	0.01059	0.00751	0.00427	0.00394	0.00097	0.00410	0.00327	0.00340	0.61419
21	0.01194	0.01364	0.02984	0.02131	0.02643	0.01279	0.77238	0.01620	0.01194	0.01620	0.01023	0.01364	0.00767	0.00426	0.00597	0.00171	0.00853	0.00597	0.00256	0.00682
22	0.01065	0.00932	0.01190	0.06144	0.10015	0.00762	0.00757	0.01305	0.01058	0.01625	0.00905	0.01090	0.00750	0.00391	0.00397	0.00089	0.00419	0.00326	0.00289	0.70490
23	0.85801	0.00978	0.00743	0.00665	0.00978	0.01134	0.00548	0.01486	0.00861	0.02269	0.00704	0.00821	0.00548	0.00469	0.00313	0.00156	0.00391	0.00274	0.00313	0.00548
24	0.00943	0.00471	0.00471	0.00471	0.00589	0.00471	0.00353	0.01178	0.01060	0.01885	0.01650	0.01885	0.01296	0.00589	0.00353	0.00118	0.00236	0.00471	0.85036	0.00471
25	0.03043	0.11301	0.61823	0.01306	0.01966	0.01222	0.01617	0.01628	0.01077	0.06804	0.00966	0.01103	0.00698	0.00575	0.02638	0.00172	0.00711	0.00374	0.00245	0.00731
26	0.03083	0.16490	0.14684	0.01087	0.01457	0.10422	0.05672	0.04884	0.13987	0.04863	0.03530	0.11674	0.04665	0.00707	0.00489	0.00155	0.00556	0.00581	0.00356	0.00657
27	0.00728	0.00544	0.00752	0.00885	0.07361	0.00519	0.00571	0.00885	0.01130	0.01553	0.27908	0.36496	0.03436	0.08845	0.00801	0.00214	0.00331	0.06116	0.00465	0.00460
28	0.01375	0.79146	0.02598	0.00884	0.01309	0.05306	0.00870	0.01536	0.01045	0.01192	0.00706	0.00815	0.00649	0.00436	0.00330	0.00109	0.00556	0.00273	0.00218	0.00646
29	0.00673	0.00507	0.00625	0.00650	0.00752	0.00469	0.00466	0.00873	0.03819	0.01621	0.32778	0.33263	0.19079	0.01278	0.00612	0.00179	0.00268	0.01130	0.00505	0.00453
30	0.00777	0.00511	0.00637	0.00646	0.00748	0.00467	0.00456	0.00911	0.01136	0.07131	0.24645	0.30367	0.16366	0.11811	0.00865	0.00220	0.00307	0.01066	0.00484	0.00451

[dist]
# distance from previous block
# <min> <max>
2	28

[block]
# block no. 3 follows, 49 sequences, length 34
# corresponding to MSA columns:
# 333-366
name=unknown_D
#
# <colnr> <probs for GDERKNQSTAVLIFYWHMCP>
#	G	D	E	R	K	N	Q	S	T	A	V	L	I	F	Y	W	H	M	C	P
0	0.01032	0.03006	0.01149	0.01000	0.01120	0.04059	0.00797	0.07509	0.08016	0.01428	0.01203	0.01696	0.01096	0.07240	0.35775	0.00480	0.22041	0.00508	0.00300	0.00545
1	0.12295	0.01263	0.01346	0.01048	0.01436	0.02946	0.00864	0.50333	0.01971	0.19511	0.01311	0.01269	0.00902	0.00592	0.00482	0.00153	0.00516	0.00442	0.00503	0.00816
2	0.00943	0.00471	0.00471	0.00471	0.00589	0.00471	0.00353	0.01178	0.01060	0.01885	0.01650	0.01885	0.01296	0.00589	0.00353	0.00118	0.00236	0.00471	0.85036	0.00471
3	0.01922	0.01416	0.01518	0.01163	0.01568	0.01568	0.00961	0.77388	0.02378	0.03187	0.01214	0.01214	0.00860	0.00607	0.00506	0.00152	0.00556	0.00455	0.00506	0.00860
4	0.01106	0.01106	0.01549	0.01328	0.01328	0.01549	0.01106	0.01217	0.00774	0.01217	0.00664	0.01106	0.00664	0.00885	0.01659	0.00221	0.81303	0.00443	0.00221	0.00553
5	0.01426	0.02891	0.01119	0.01005	0.01194	0.36786	0.00752	0.01550	0.01159	0.09387	0.01236	0.05300	0.01134	0.11606	0.19192	0.02048	0.00866	0.00499	0.00315	0.00534
6	0.00964	0.00916	0.01570	0.78133	0.03452	0.01129	0.04173	0.01304	0.01018	0.01304	0.00903	0.01349	0.00677	0.00503	0.00509	0.00169	0.00681	0.00455	0.00226	0.00566
7	0.02206	0.00962	0.01236	0.00948	0.01341	0.00894	0.00783	0.16118	0.01617	0.65531	0.01853	0.01629	0.01180	0.00622	0.00508	0.00156	0.00453	0.00499	0.00604	0.00860
8	0.00921	0.00739	0.00871	0.00758	0.00988	0.00713	0.00583	0.01452	0.20420	0.01969	0.43273	0.02731	0.03119	0.00808	0.00529	0.00144	0.00307	0.00699	0.00492	0.18483
9	0.21982	0.00765	0.04169	0.00805	0.00996	0.00723	0.03011	0.01177	0.02340	0.06485	0.04662	0.25702	0.03695	0.08271	0.00721	0.00214	0.00408	0.12959	0.00411	0.00505
10	0.00707	0.00486	0.00597	0.00623	0.00643	0.00493	0.00390	0.00753	0.00798	0.01078	0.01825	0.20656	0.02092	0.52900	0.13362	0.00473	0.00571	0.00864	0.00338	0.00351
11	0.00727	0.00523	0.00716	0.00716	0.00773	0.00579	0.00511	0.00841	0.00784	0.01102	0.01443	0.02477	0.01477	0.32900	0.51409	0.00693	0.01034	0.00614	0.00284	0.00398
12	0.04626	0.00907	0.01188	0.00913	0.01303	0.00818	0.00754	0.08180	0.01502	0.71379	0.01898	0.01657	0.01202	0.00620	0.00503	0.00156	0.00439	0.00498	0.00608	0.00852
13	0.01014	0.02616	0.79609	0.01441	0.02189	0.01174	0.01868	0.01601	0.01068	0.01601	0.00907	0.01068	0.00641	0.00480	0.00480	0.00160	0.00747	0.00374	0.00214	0.00747
14	0.01922	0.01416	0.01518	0.01163	0.01568	0.01568	0.00961	0.77388	0.02378	0.03187	0.01214	0.01214	0.00860	0.00607	0.00506	0.00152	0.00556	0.00455	0.00506	0.00860
15	0.00602	0.00512	0.00519	0.00517	0.00686	0.00429	0.00388	0.00734	0.01163	0.01391	0.07951	0.04825	0.76025	0.01271	0.00598	0.00170	0.00255	0.01061	0.00473	0.00429
16	0.39256	0.00796	0.00829	0.00757	0.00997	0.00829	0.03223	0.01275	0.02552	0.05636	0.01538	0.28619	0.01586	0.00851	0.00456	0.00166	0.00374	0.00703	0.00383	0.09175
17	0.00762	0.00636	0.00855	0.00866	0.00978	0.03938	0.06432	0.00922	0.01095	0.01421	0.08429	0.44698	0.08839	0.01347	0.00637	0.00199	0.00391	0.16648	0.00450	0.00457
18	0.01096	0.00933	0.01102	0.00841	0.03617	0.00733	0.00646	0.04885	0.01115	0.01721	0.00915	0.01063	0.00756	0.00388	0.00385	0.00081	0.00390	0.00312	0.00308	0.78716
19	0.14538	0.05352	0.07471	0.12370	0.11565	0.16807	0.13406	0.03608	0.03085	0.03150	0.00928	0.01151	0.00727	0.00558	0.02083	0.00167	0.01695	0.00414	0.00276	0.00649
20	0.01888	0.01971	0.01513	0.01273	0.01597	0.47437	0.04084	0.27063	0.01738	0.05252	0.00987	0.01065	0.00751	0.00550	0.00481	0.00140	0.00771	0.00388	0.00358	0.00693
21	0.00735	0.00490	0.00552	0.00552	0.00552	0.00490	0.00306	0.00735	0.00735	0.00980	0.01593	0.03309	0.01838	0.82229	0.02574	0.00490	0.00490	0.00735	0.00306	0.00306
22	0.00928	0.00785	0.00895	0.03243	0.01094	0.03909	0.00597	0.01126	0.01117	0.02744	0.11762	0.08940	0.12562	0.00950	0.05273	0.00168	0.00429	0.03835	0.00377	0.39267
23	0.02202	0.00934	0.01214	0.00935	0.01325	0.00856	0.00771	0.11545	0.03473	0.68263	0.01902	0.01664	0.01212	0.00625	0.00508	0.00156	0.00445	0.00504	0.00609	0.00859
24	0.00839	0.00593	0.00740	0.00678	0.00836	0.00573	0.03720	0.01011	0.01107	0.05763	0.08261	0.04739	0.35481	0.04558	0.05657	0.00216	0.04923	0.01950	0.17876	0.00478
25	0.01464	0.01198	0.06362	0.06410	0.04991	0.01059	0.14358	0.17330	0.01421	0.15251	0.01176	0.01282	0.00852	0.00493	0.00484	0.00136	0.00557	0.00440	0.00378	0.24356
26	0.00943	0.00471	0.00471	0.00471	0.00589	0.00471	0.00353	0.01178	0.01060	0.01885	0.01650	0.01885	0.01296	0.00589	0.00353	0.00118	0.00236	0.00471	0.85036	0.00471
27	0.04523	0.12160	0.04819	0.07928	0.06740	0.04658	0.01017	0.37892	0.06818	0.02328	0.01093	0.01178	0.00823	0.00544	0.00465	0.00144	0.00563	0.00414	0.00387	0.05508
28	0.00704	0.00514	0.00716	0.10718	0.01069	0.00516	0.00582	0.00798	0.00969	0.01275	0.05687	0.46661	0.09030	0.04561	0.00859	0.10452	0.00367	0.03709	0.00406	0.00409
29	0.06556	0.06491	0.21128	0.04931	0.14389	0.05722	0.03885	0.11730	0.02320	0.06010	0.02055	0.04640	0.00954	0.00594	0.00548	0.00160	0.04854	0.02011	0.00317	0.00707
30	0.10759	0.04807	0.20602	0.04537	0.06370	0.01001	0.02695	0.06064	0.01208	0.20686	0.04279	0.08800	0.01258	0.04040	0.00575	0.00174	0.00529	0.00541	0.00386	0.00690
31	0.00670	0.00523	0.00545	0.00541	0.00712	0.00439	0.00405	0.00798	0.01154	0.04668	0.04844	0.09552	0.70857	0.01272	0.00597	0.00172	0.00266	0.01067	0.00476	0.00444
32	0.01233	0.01036	0.01637	0.10028	0.31978	0.01062	0.08067	0.12223	0.01291	0.05579	0.04581	0.10043	0.01330	0.06837	0.00688	0.00186	0.00560	0.00612	0.00343	0.00685
33	0.03515	0.03916	0.01303	0.16779	0.01730	0.04382	0.00936	0.29814	0.03091	0.07097	0.01542	0.12527	0.01396	0.00794	0.00533	0.00170	0.00533	0.08850	0.00424	0.00670

[dist]
# distance from previous block
# <min> <max>
8	28

[block]
# block no. 4 follows, 49 sequences, length 13
# corresponding to MSA columns:
# 396-408
name=unknown_E
#
# <colnr> <probs for GDERKNQSTAVLIFYWHMCP>
#	G	D	E	R	K	N	Q	S	T	A	V	L	I	F	Y	W	H	M	C	P
0	0.08323	0.17957	0.14425	0.02576	0.05603	0.08896	0.02437	0.07201	0.01202	0.06309	0.02674	0.10774	0.01166	0.00649	0.00461	0.00147	0.00558	0.02515	0.00325	0.05804
1	0.05857	0.12190	0.04672	0.24852	0.02034	0.05984	0.01058	0.20964	0.04192	0.07953	0.01085	0.01255	0.00813	0.00687	0.04141	0.00182	0.00631	0.00421	0.00346	0.00685
2	0.05338	0.09587	0.27712	0.04311	0.08077	0.01260	0.19358	0.03200	0.08419	0.03961	0.01108	0.03496	0.00865	0.00518	0.00496	0.00159	0.00662	0.00475	0.00286	0.00711
3	0.03396	0.00721	0.03328	0.00734	0.00929	0.00679	0.00599	0.05138	0.09677	0.06813	0.26060	0.05058	0.07122	0.00879	0.00522	0.00159	0.00328	0.07793	0.19504	0.00559
4	0.00888	0.00560	0.00704	0.00643	0.00808	0.00500	0.00491	0.01098	0.01374	0.11708	0.53475	0.03747	0.19998	0.01034	0.00586	0.00161	0.00267	0.00895	0.00547	0.00515
5	0.00891	0.00632	0.00842	0.03120	0.00959	0.00641	0.02785	0.03369	0.02475	0.05702	0.04022	0.06783	0.06132	0.28555	0.24625	0.00458	0.00718	0.00674	0.00346	0.06273
6	0.00815	0.00582	0.00815	0.00931	0.01048	0.00582	0.00815	0.01048	0.01164	0.01513	0.02677	0.05704	0.02910	0.01397	0.00698	0.00233	0.00466	0.75671	0.00466	0.00466
7	0.85801	0.00978	0.00743	0.00665	0.00978	0.01134	0.00548	0.01486	0.00861	0.02269	0.00704	0.00821	0.00548	0.00469	0.00313	0.00156	0.00391	0.00274	0.00313	0.00548
8	0.01014	0.02616	0.79609	0.01441	0.02189	0.01174	0.01868	0.01601	0.01068	0.01601	0.00907	0.01068	0.00641	0.00480	0.00480	0.00160	0.00747	0.00374	0.00214	0.00747
9	0.11207	0.01163	0.06755	0.01210	0.03525	0.04852	0.10909	0.06825	0.01137	0.15794	0.01168	0.01461	0.00932	0.05999	0.10587	0.00269	0.14747	0.00476	0.00343	0.00641
10	0.00888	0.00587	0.00737	0.00700	0.00848	0.00557	0.00523	0.01194	0.08287	0.09345	0.44548	0.17929	0.09714	0.01084	0.00590	0.00169	0.00283	0.00953	0.00537	0.00527
11	0.05651	0.22096	0.06191	0.02751	0.01523	0.11159	0.02826	0.25680	0.06654	0.02020	0.01006	0.01084	0.00783	0.00516	0.00434	0.00134	0.00582	0.00376	0.00346	0.08187
12	0.01183	0.01139	0.04107	0.31686	0.15295	0.03157	0.11620	0.07633	0.01190	0.03828	0.01024	0.03520	0.00819	0.00528	0.00546	0.00157	0.03339	0.00480	0.00282	0.08467

[dist]
# distance from previous block
# <min> <max>
1	634

# created by:
# /st0/software/busco_prod/Augustus/scripts/msa2prfl.pl ./align_prep/60950.fa
