[name]
unknown

[dist]
# distance from previous block
# <min> <max>
10	94

[block]
# block no. 0 follows, 53 sequences, length 26
# corresponding to MSA columns:
# 112-137
name=unknown_A
#
# <colnr> <probs for GDERKNQSTAVLIFYWHMCP>
#	G	D	E	R	K	N	Q	S	T	A	V	L	I	F	Y	W	H	M	C	P
0	0.01270	0.01163	0.11533	0.12083	0.04770	0.01029	0.05312	0.14786	0.14123	0.11684	0.01434	0.03189	0.03920	0.04339	0.00567	0.00162	0.00511	0.00492	0.00374	0.07261
1	0.03939	0.06071	0.01273	0.06978	0.15799	0.03878	0.00831	0.13118	0.02474	0.04702	0.04595	0.01518	0.03168	0.07267	0.02137	0.00165	0.00483	0.00442	0.04194	0.16968
2	0.04227	0.02769	0.03571	0.05071	0.01405	0.08087	0.12018	0.11056	0.03208	0.05161	0.03920	0.11282	0.08059	0.00783	0.00531	0.00159	0.01832	0.09896	0.03110	0.03854
3	0.01072	0.04497	0.22187	0.12055	0.03966	0.07533	0.01084	0.01361	0.01026	0.05422	0.02722	0.05509	0.03761	0.00571	0.00544	0.00139	0.07747	0.00442	0.00273	0.18090
4	0.04411	0.13700	0.06255	0.02546	0.03752	0.09519	0.06992	0.14511	0.15454	0.04050	0.03333	0.04539	0.01079	0.00571	0.00451	0.00140	0.00529	0.01939	0.00351	0.05878
5	0.01010	0.00883	0.01141	0.06580	0.03519	0.02289	0.02081	0.08916	0.07582	0.01487	0.07311	0.08824	0.02839	0.11968	0.02212	0.00220	0.25567	0.00590	0.00326	0.04654
6	0.01222	0.03401	0.01192	0.00951	0.01256	0.03636	0.03616	0.16639	0.32145	0.01987	0.07791	0.01599	0.01358	0.00773	0.05518	0.00177	0.00482	0.00485	0.00414	0.15357
7	0.01077	0.03298	0.01196	0.06411	0.01358	0.02995	0.06211	0.09909	0.01121	0.01601	0.01015	0.01430	0.00897	0.09406	0.00628	0.00142	0.00458	0.03156	0.00300	0.47390
8	0.00672	0.00519	0.00655	0.03574	0.00790	0.00544	0.00474	0.00775	0.00848	0.01114	0.02375	0.05583	0.24019	0.27342	0.24977	0.00437	0.03864	0.00732	0.00323	0.00384
9	0.01256	0.01019	0.01071	0.00847	0.01182	0.06597	0.00666	0.19457	0.06207	0.05399	0.01212	0.08203	0.01055	0.04675	0.00528	0.00131	0.00433	0.00457	0.00367	0.39238
10	0.81299	0.00917	0.00728	0.00642	0.00943	0.01049	0.00529	0.01463	0.00848	0.07047	0.00742	0.00830	0.00559	0.00453	0.00307	0.00148	0.00372	0.00273	0.00314	0.00536
11	0.00608	0.00475	0.00553	0.00568	0.00688	0.00420	0.00420	0.00756	0.01132	0.01463	0.25922	0.19563	0.40397	0.01203	0.00577	0.00167	0.00252	0.03954	0.00467	0.00416
12	0.01817	0.01339	0.01434	0.01100	0.01482	0.01482	0.00908	0.78627	0.02247	0.03012	0.01148	0.01148	0.00813	0.00574	0.00478	0.00143	0.00526	0.00430	0.00478	0.00813
13	0.01045	0.01260	0.12799	0.29011	0.25332	0.01125	0.19673	0.01406	0.01042	0.01434	0.00893	0.01215	0.00689	0.00442	0.00494	0.00154	0.00666	0.00448	0.00225	0.00648
14	0.00585	0.00432	0.00548	0.00632	0.00687	0.00394	0.00431	0.00683	0.00970	0.01273	0.07522	0.65229	0.16028	0.01419	0.00600	0.00186	0.00268	0.01272	0.00449	0.00394
15	0.00841	0.00657	0.00767	0.00785	0.00907	0.00696	0.00566	0.06160	0.24412	0.01566	0.02335	0.53509	0.02505	0.01186	0.00565	0.00181	0.00323	0.01056	0.00459	0.00525
16	0.01027	0.00911	0.01219	0.07612	0.17244	0.00784	0.00813	0.01289	0.02807	0.01542	0.00885	0.01070	0.00729	0.00385	0.00391	0.00094	0.00420	0.00329	0.00273	0.60176
17	0.01745	0.01579	0.01365	0.01121	0.01449	0.25674	0.00892	0.45387	0.10473	0.03901	0.01126	0.01141	0.00832	0.00558	0.00465	0.00139	0.00609	0.00406	0.00411	0.00728
18	0.00582	0.00416	0.00555	0.00666	0.00693	0.00388	0.00444	0.00666	0.00915	0.01220	0.02634	0.82891	0.03161	0.01497	0.00610	0.00194	0.00277	0.01359	0.00444	0.00388
19	0.00659	0.00506	0.00711	0.00711	0.00812	0.00558	0.00550	0.00820	0.00833	0.01146	0.01996	0.02425	0.17036	0.03108	0.65083	0.00646	0.01072	0.00612	0.00294	0.00422
20	0.00582	0.00416	0.00555	0.00666	0.00693	0.00388	0.00444	0.00666	0.00915	0.01220	0.02634	0.82891	0.03161	0.01497	0.00610	0.00194	0.00277	0.01359	0.00444	0.00388
21	0.00891	0.00445	0.00445	0.00445	0.00557	0.00445	0.00334	0.01114	0.01002	0.01782	0.01559	0.01782	0.01225	0.00557	0.00334	0.00111	0.00223	0.00445	0.85856	0.00445
22	0.86579	0.00924	0.00702	0.00629	0.00924	0.01072	0.00518	0.01405	0.00813	0.02144	0.00666	0.00776	0.00518	0.00444	0.00296	0.00148	0.00370	0.00259	0.00296	0.00518
23	0.25853	0.00845	0.00995	0.00788	0.01137	0.00806	0.00651	0.02070	0.01212	0.58535	0.01543	0.01388	0.00996	0.00550	0.00429	0.00148	0.00396	0.00418	0.00509	0.00730
24	0.14410	0.01047	0.01103	0.00883	0.01206	0.04205	0.00720	0.32316	0.01584	0.24606	0.01347	0.03141	0.00964	0.00575	0.00437	0.00142	0.00444	0.00437	0.09722	0.00709
25	0.01802	0.00738	0.00999	0.00792	0.01102	0.00644	0.00644	0.01996	0.01364	0.62191	0.20118	0.02081	0.01960	0.00682	0.00500	0.00148	0.00364	0.00570	0.00576	0.00729

[dist]
# distance from previous block
# <min> <max>
0	1

[block]
# block no. 1 follows, 53 sequences, length 18
# corresponding to MSA columns:
# 139-156
name=unknown_B
#
# <colnr> <probs for GDERKNQSTAVLIFYWHMCP>
#	G	D	E	R	K	N	Q	S	T	A	V	L	I	F	Y	W	H	M	C	P
0	0.01193	0.00602	0.00781	0.00679	0.00888	0.00532	0.00529	0.01376	0.01284	0.30759	0.33411	0.08672	0.15509	0.00910	0.00537	0.00154	0.00299	0.00782	0.00531	0.00572
1	0.01227	0.00984	0.01170	0.12172	0.01497	0.03592	0.02986	0.30409	0.07415	0.02128	0.17710	0.02279	0.05692	0.00744	0.00519	0.00156	0.00465	0.07796	0.00433	0.00627
2	0.08901	0.00777	0.00893	0.00683	0.01026	0.00640	0.00542	0.01204	0.01069	0.05001	0.18056	0.01558	0.01536	0.00508	0.00399	0.00098	0.00330	0.00415	0.00350	0.56014
3	0.04194	0.06444	0.09278	0.01127	0.08595	0.00951	0.03107	0.05023	0.07667	0.23144	0.01631	0.04459	0.05078	0.00668	0.00526	0.00153	0.03893	0.07720	0.00399	0.05944
4	0.00986	0.00663	0.00847	0.00808	0.00962	0.00701	0.00642	0.01344	0.13772	0.12107	0.10221	0.08687	0.07572	0.05430	0.12377	0.00278	0.05556	0.16085	0.00429	0.00532
5	0.00656	0.00477	0.00624	0.00714	0.00789	0.00454	0.00547	0.00791	0.00996	0.01293	0.02833	0.39725	0.13125	0.05435	0.00713	0.00213	0.00342	0.29434	0.00435	0.00405
6	0.01154	0.28869	0.21326	0.01305	0.03973	0.01394	0.18956	0.04242	0.08901	0.01502	0.03384	0.01159	0.00853	0.00466	0.00438	0.00138	0.00607	0.00409	0.00261	0.00663
7	0.01188	0.11473	0.06679	0.01953	0.24484	0.05405	0.30189	0.01577	0.06661	0.01490	0.00950	0.01183	0.00757	0.00450	0.00523	0.00148	0.03509	0.00454	0.00250	0.00676
8	0.00582	0.00416	0.00555	0.00666	0.00693	0.00388	0.00444	0.00666	0.00915	0.01220	0.02634	0.82891	0.03161	0.01497	0.00610	0.00194	0.00277	0.01359	0.00444	0.00388
9	0.52102	0.02783	0.06349	0.04910	0.01353	0.03653	0.08712	0.04755	0.00998	0.09244	0.00854	0.00966	0.00630	0.00462	0.00372	0.00148	0.00479	0.00334	0.00312	0.00587
10	0.00635	0.00487	0.00581	0.00558	0.00689	0.00433	0.00418	0.00821	0.01255	0.01684	0.51978	0.03954	0.32646	0.01064	0.00564	0.00154	0.00232	0.00918	0.00495	0.00433
11	0.01418	0.01243	0.01355	0.11497	0.09565	0.09259	0.00967	0.27150	0.28477	0.02106	0.01319	0.01358	0.00988	0.00564	0.00476	0.00150	0.00527	0.00455	0.00400	0.00726
12	0.00735	0.00451	0.00504	0.00520	0.00556	0.00447	0.00325	0.00811	0.00815	0.01215	0.01684	0.14209	0.01795	0.47687	0.01567	0.00323	0.00367	0.00719	0.24919	0.00349
13	0.00659	0.00488	0.00614	0.00583	0.00703	0.00443	0.00437	0.00867	0.01311	0.01817	0.67943	0.03735	0.16598	0.01014	0.00564	0.00152	0.00228	0.00887	0.00513	0.00443
14	0.00594	0.00485	0.00525	0.00515	0.00663	0.00416	0.00386	0.00742	0.01158	0.01454	0.24420	0.04332	0.60347	0.01150	0.00565	0.00159	0.00238	0.00971	0.00465	0.00416
15	0.01785	0.02278	0.01354	0.01231	0.01478	0.81284	0.00924	0.01909	0.01354	0.01170	0.00739	0.00862	0.00616	0.00493	0.00431	0.00123	0.00862	0.00308	0.00246	0.00554
16	0.01254	0.00619	0.00808	0.00686	0.00909	0.00546	0.00541	0.01449	0.01324	0.33553	0.38361	0.02925	0.13330	0.00853	0.00530	0.00151	0.00301	0.00729	0.00541	0.00591
17	0.01817	0.00919	0.01123	0.00907	0.01246	0.00913	0.00734	0.07831	0.26227	0.50053	0.01852	0.01642	0.01244	0.00608	0.00482	0.00152	0.00406	0.00496	0.00550	0.00795

[dist]
# distance from previous block
# <min> <max>
0	2

[block]
# block no. 2 follows, 53 sequences, length 11
# corresponding to MSA columns:
# 159-169
name=unknown_C
#
# <colnr> <probs for GDERKNQSTAVLIFYWHMCP>
#	G	D	E	R	K	N	Q	S	T	A	V	L	I	F	Y	W	H	M	C	P
0	0.01088	0.00922	0.01106	0.00857	0.01216	0.00851	0.04336	0.08197	0.19611	0.01818	0.08195	0.01436	0.01234	0.00500	0.00425	0.00110	0.00385	0.00422	0.00368	0.46926
1	0.00959	0.02472	0.80726	0.01362	0.02069	0.01110	0.01766	0.01514	0.01009	0.01514	0.00858	0.01009	0.00605	0.00454	0.00454	0.00151	0.00706	0.00353	0.00202	0.00706
2	0.00582	0.00416	0.00555	0.00666	0.00693	0.00388	0.00444	0.00666	0.00915	0.01220	0.02634	0.82891	0.03161	0.01497	0.00610	0.00194	0.00277	0.01359	0.00444	0.00388
3	0.01032	0.00886	0.01009	0.00762	0.01155	0.00750	0.00605	0.01477	0.17053	0.01648	0.01074	0.01153	0.00862	0.00414	0.00381	0.00090	0.00359	0.00336	0.00325	0.68628
4	0.01336	0.74252	0.02374	0.00865	0.01255	0.10922	0.00830	0.01486	0.01015	0.01130	0.00673	0.00778	0.00614	0.00418	0.00321	0.00105	0.00551	0.00262	0.00209	0.00607
5	0.01189	0.01027	0.01081	0.00973	0.01243	0.01189	0.00757	0.02540	0.79357	0.01999	0.01945	0.01783	0.01459	0.00648	0.00486	0.00162	0.00378	0.00540	0.00486	0.00757
6	0.00991	0.00850	0.00991	0.00708	0.01133	0.00637	0.00566	0.01203	0.00991	0.01557	0.00850	0.00991	0.00708	0.00354	0.00354	0.00071	0.00354	0.00283	0.00283	0.86124
7	0.00582	0.00416	0.00555	0.00666	0.00693	0.00388	0.00444	0.00666	0.00915	0.01220	0.02634	0.82891	0.03161	0.01497	0.00610	0.00194	0.00277	0.01359	0.00444	0.00388
8	0.01209	0.00996	0.01192	0.00871	0.01287	0.00881	0.04369	0.21057	0.01320	0.01929	0.00931	0.01045	0.00736	0.00413	0.00396	0.00094	0.00420	0.00334	0.00331	0.60189
9	0.01559	0.08464	0.04541	0.00941	0.01258	0.04520	0.00802	0.27820	0.07547	0.18218	0.01356	0.03499	0.01011	0.00596	0.00500	0.00142	0.04522	0.00451	0.11550	0.00702
10	0.01163	0.14707	0.16121	0.01108	0.03446	0.04664	0.08242	0.11619	0.04613	0.04014	0.11516	0.04351	0.05054	0.00619	0.00502	0.00142	0.03129	0.00510	0.00335	0.04146

[dist]
# distance from previous block
# <min> <max>
1	5

[block]
# block no. 3 follows, 53 sequences, length 31
# corresponding to MSA columns:
# 175-205
name=unknown_D
#
# <colnr> <probs for GDERKNQSTAVLIFYWHMCP>
#	G	D	E	R	K	N	Q	S	T	A	V	L	I	F	Y	W	H	M	C	P
0	0.00984	0.00838	0.00946	0.00751	0.01089	0.00747	0.00591	0.01486	0.21436	0.01680	0.07770	0.01690	0.07511	0.00548	0.00422	0.00108	0.00341	0.00454	0.00368	0.50239
1	0.04226	0.07223	0.08929	0.14357	0.01361	0.02704	0.00780	0.01054	0.00986	0.05151	0.05739	0.41545	0.02093	0.01002	0.00524	0.00169	0.00420	0.00880	0.00363	0.00494
2	0.00683	0.00512	0.00768	0.00768	0.00853	0.00597	0.00597	0.00853	0.00768	0.01110	0.01280	0.01878	0.01195	0.03585	0.81308	0.00768	0.01280	0.00512	0.00256	0.00427
3	0.00613	0.00438	0.00590	0.00701	0.00742	0.00415	0.00497	0.00718	0.00945	0.01254	0.02617	0.70257	0.03094	0.01469	0.00618	0.00198	0.00304	0.13690	0.00443	0.00397
4	0.00913	0.00870	0.01497	0.78376	0.03255	0.01069	0.04872	0.01235	0.00964	0.01235	0.00855	0.01275	0.00641	0.00474	0.00482	0.00159	0.00645	0.00431	0.00214	0.00536
5	0.00595	0.00483	0.00527	0.00521	0.00665	0.00415	0.00389	0.00742	0.01153	0.01453	0.24523	0.06890	0.57656	0.01159	0.00566	0.00160	0.00239	0.00982	0.00465	0.00415
6	0.01452	0.02525	0.01242	0.00995	0.01335	0.28640	0.02728	0.12211	0.01323	0.06828	0.01002	0.01226	0.00819	0.00496	0.00425	0.00114	0.00574	0.04015	0.00323	0.31727
7	0.01200	0.00609	0.00789	0.00682	0.00898	0.00539	0.00539	0.01392	0.01304	0.30683	0.35632	0.03097	0.16314	0.00888	0.00537	0.00154	0.00302	0.03335	0.00533	0.00576
8	0.00983	0.00952	0.01730	0.01881	0.30228	0.00929	0.22623	0.01234	0.01021	0.01424	0.01338	0.19392	0.01335	0.03803	0.04876	0.00202	0.01939	0.00681	0.00288	0.03140
9	0.01278	0.83490	0.02505	0.00818	0.01227	0.01891	0.00818	0.01431	0.00971	0.01125	0.00664	0.00767	0.00613	0.00409	0.00307	0.00102	0.00511	0.00256	0.00204	0.00613
10	0.01231	0.01230	0.01402	0.31944	0.12941	0.18184	0.01105	0.10932	0.03848	0.01526	0.03723	0.05538	0.00964	0.00572	0.00507	0.00150	0.02849	0.00469	0.00288	0.00599
11	0.09128	0.00986	0.01251	0.30491	0.02001	0.01074	0.00944	0.21135	0.04403	0.07386	0.01024	0.01190	0.00754	0.00492	0.00440	0.00138	0.00507	0.00394	0.00338	0.15923
12	0.07081	0.09488	0.51180	0.01261	0.01819	0.08562	0.04519	0.04830	0.01071	0.01542	0.00824	0.00976	0.00616	0.00471	0.00477	0.00146	0.03899	0.00348	0.00226	0.00666
13	0.01469	0.00988	0.01047	0.00875	0.01148	0.08263	0.00694	0.16939	0.13175	0.23175	0.21054	0.02102	0.05543	0.00711	0.00501	0.00148	0.00416	0.00583	0.00499	0.00673
14	0.01529	0.39440	0.04237	0.01046	0.01380	0.42580	0.00900	0.01678	0.01169	0.01159	0.00708	0.00823	0.00614	0.00453	0.00375	0.00114	0.00697	0.00285	0.00226	0.00586
15	0.00580	0.00425	0.00545	0.00641	0.00687	0.00390	0.00433	0.00668	0.00939	0.01230	0.02939	0.72095	0.13761	0.01458	0.00604	0.00190	0.00272	0.01311	0.00444	0.00390
16	0.01300	0.06456	0.14482	0.04889	0.01425	0.01069	0.00930	0.28167	0.01467	0.09718	0.01748	0.05071	0.11607	0.00869	0.05156	0.00187	0.00541	0.03866	0.00392	0.00659
17	0.01040	0.01112	0.12097	0.19233	0.22362	0.00967	0.06906	0.01426	0.06070	0.05891	0.15211	0.02957	0.01486	0.00578	0.00498	0.00152	0.00532	0.00530	0.00317	0.00635
18	0.00889	0.00811	0.01146	0.01027	0.01058	0.01079	0.00830	0.01011	0.00743	0.01120	0.00926	0.01491	0.00910	0.07439	0.30772	0.00431	0.47142	0.00471	0.00232	0.00472
19	0.00695	0.00463	0.00521	0.00521	0.00521	0.00463	0.00290	0.00695	0.00695	0.00927	0.01506	0.03128	0.01738	0.83203	0.02433	0.00463	0.00463	0.00695	0.00290	0.00290
20	0.01296	0.59436	0.03737	0.00946	0.01278	0.11284	0.00884	0.01446	0.00981	0.01142	0.00671	0.00826	0.00616	0.00486	0.00520	0.00122	0.13236	0.00289	0.00210	0.00594
21	0.03322	0.03833	0.67356	0.01413	0.02075	0.01136	0.11255	0.01511	0.01018	0.01526	0.00862	0.01033	0.00618	0.00447	0.00461	0.00152	0.00706	0.00375	0.00209	0.00692
22	0.02555	0.00524	0.00678	0.00622	0.00759	0.00484	0.00473	0.01028	0.01343	0.08277	0.72033	0.03356	0.04159	0.00935	0.00552	0.00150	0.00243	0.00821	0.00527	0.00482
23	0.01967	0.00871	0.01117	0.00881	0.01234	0.00817	0.00720	0.05378	0.14801	0.63995	0.01867	0.01635	0.01216	0.00601	0.00482	0.00150	0.00407	0.00489	0.00569	0.00804
24	0.01288	0.75915	0.02406	0.04371	0.01329	0.01835	0.00844	0.05157	0.01032	0.01220	0.00696	0.00807	0.00624	0.00420	0.00322	0.00107	0.00517	0.00271	0.00218	0.00619
25	0.00799	0.00604	0.00883	0.13570	0.06662	0.00627	0.00763	0.01016	0.03517	0.03984	0.02161	0.37083	0.02365	0.01157	0.00586	0.00190	0.00407	0.22748	0.00399	0.00477
26	0.00575	0.00486	0.00499	0.00499	0.00657	0.00409	0.00377	0.00704	0.01104	0.01328	0.08804	0.04562	0.74299	0.01200	0.00567	0.00162	0.00246	0.02667	0.00448	0.00407
27	0.00959	0.02472	0.80726	0.01362	0.02069	0.01110	0.01766	0.01514	0.01009	0.01514	0.00858	0.01009	0.00605	0.00454	0.00454	0.00151	0.00706	0.00353	0.00202	0.00706
28	0.01029	0.01927	0.49961	0.04062	0.09910	0.01145	0.04338	0.01660	0.14467	0.01577	0.01042	0.01180	0.00774	0.00501	0.00518	0.00156	0.04387	0.00406	0.00256	0.00704
29	0.00803	0.01159	0.25546	0.00862	0.01181	0.00725	0.00880	0.01234	0.09166	0.01726	0.38611	0.02713	0.11859	0.00809	0.00522	0.00153	0.00392	0.00690	0.00412	0.00556
30	0.01117	0.00967	0.01434	0.61500	0.02827	0.01168	0.01224	0.19080	0.01249	0.01633	0.00913	0.01240	0.00677	0.00508	0.00503	0.00157	0.02507	0.00426	0.00274	0.00596

[dist]
# distance from previous block
# <min> <max>
0	1

[block]
# block no. 4 follows, 53 sequences, length 106
# corresponding to MSA columns:
# 207-312
name=unknown_E
#
# <colnr> <probs for GDERKNQSTAVLIFYWHMCP>
#	G	D	E	R	K	N	Q	S	T	A	V	L	I	F	Y	W	H	M	C	P
0	0.00943	0.00946	0.01635	0.06587	0.14270	0.04886	0.26963	0.01183	0.01039	0.01377	0.01588	0.33094	0.01670	0.00843	0.00555	0.00169	0.00554	0.00830	0.00318	0.00551
1	0.02960	0.01229	0.03559	0.05256	0.06716	0.12739	0.02778	0.19927	0.13877	0.15003	0.03104	0.08223	0.01200	0.00639	0.00484	0.00150	0.00522	0.00523	0.00416	0.00693
2	0.63579	0.09711	0.01022	0.00816	0.04157	0.11316	0.00638	0.01474	0.00909	0.01892	0.00684	0.00802	0.00549	0.00446	0.00321	0.00140	0.00455	0.00271	0.00278	0.00542
3	0.86579	0.00924	0.00702	0.00629	0.00924	0.01072	0.00518	0.01405	0.00813	0.02144	0.00666	0.00776	0.00518	0.00444	0.00296	0.00148	0.00370	0.00259	0.00296	0.00518
4	0.00999	0.00779	0.01128	0.09556	0.24357	0.00797	0.00854	0.05365	0.03895	0.03796	0.21603	0.02119	0.05850	0.00656	0.00477	0.00142	0.00394	0.00577	0.16070	0.00585
5	0.01369	0.01062	0.01149	0.00966	0.01258	0.01184	0.00769	0.29578	0.39439	0.04279	0.12037	0.01789	0.01627	0.00664	0.00494	0.00154	0.00412	0.00543	0.00491	0.00737
6	0.00592	0.00423	0.00566	0.00674	0.00707	0.00397	0.00458	0.00685	0.00932	0.01244	0.04232	0.77863	0.03171	0.01479	0.00611	0.00194	0.00283	0.04652	0.00445	0.00392
7	0.00651	0.00488	0.00604	0.00575	0.00699	0.00440	0.00431	0.00854	0.01294	0.01777	0.63135	0.03801	0.21431	0.01029	0.00564	0.00153	0.00229	0.00897	0.00508	0.00440
8	0.01046	0.01046	0.01464	0.01255	0.01255	0.01464	0.01046	0.01150	0.00732	0.01150	0.00627	0.01046	0.00627	0.00837	0.01569	0.00209	0.82328	0.00418	0.00209	0.00523
9	0.00891	0.00445	0.00445	0.00445	0.00557	0.00445	0.00334	0.01114	0.01002	0.01782	0.01559	0.01782	0.01225	0.00557	0.00334	0.00111	0.00223	0.00445	0.85856	0.00445
10	0.00676	0.00489	0.00639	0.00601	0.00714	0.00451	0.00451	0.00902	0.01353	0.01917	0.79969	0.03570	0.04510	0.00977	0.00564	0.00150	0.00225	0.00864	0.00526	0.00451
11	0.02070	0.00797	0.01085	0.00838	0.01194	0.00690	0.00690	0.02257	0.01367	0.76568	0.05842	0.01725	0.01352	0.00611	0.00485	0.00148	0.00398	0.00500	0.00588	0.00795
12	0.86579	0.00924	0.00702	0.00629	0.00924	0.01072	0.00518	0.01405	0.00813	0.02144	0.00666	0.00776	0.00518	0.00444	0.00296	0.00148	0.00370	0.00259	0.00296	0.00518
13	0.00656	0.00488	0.00611	0.00580	0.00702	0.00442	0.00435	0.00862	0.01305	0.01802	0.66205	0.03759	0.18345	0.01020	0.00564	0.00152	0.00229	0.00891	0.00511	0.00442
14	0.01817	0.01339	0.01434	0.01100	0.01482	0.01482	0.00908	0.78627	0.02247	0.03012	0.01148	0.01148	0.00813	0.00574	0.00478	0.00143	0.00526	0.00430	0.00478	0.00813
15	0.00903	0.00850	0.01434	0.82054	0.03292	0.01062	0.01327	0.01221	0.00956	0.01221	0.00850	0.01274	0.00637	0.00478	0.00478	0.00159	0.00637	0.00425	0.00212	0.00531
16	0.01817	0.01339	0.01434	0.01100	0.01482	0.01482	0.00908	0.78627	0.02247	0.03012	0.01148	0.01148	0.00813	0.00574	0.00478	0.00143	0.00526	0.00430	0.00478	0.00813
17	0.01864	0.00841	0.01078	0.00863	0.01198	0.00792	0.00701	0.02298	0.17851	0.59761	0.06057	0.01763	0.01419	0.00624	0.00486	0.00151	0.00391	0.00514	0.00566	0.00782
18	0.01585	0.01224	0.01304	0.01053	0.01394	0.01374	0.00852	0.50535	0.30717	0.02638	0.01442	0.01382	0.01051	0.00601	0.00481	0.00150	0.00471	0.00471	0.00481	0.00792
19	0.00598	0.00426	0.00546	0.00635	0.00666	0.00400	0.00417	0.00671	0.00893	0.01182	0.02589	0.67401	0.06985	0.13147	0.00868	0.00231	0.00302	0.01246	0.00422	0.00375
20	0.00869	0.00450	0.00466	0.00462	0.00573	0.00446	0.00346	0.01092	0.01039	0.01796	0.09733	0.01968	0.01568	0.00601	0.00358	0.00115	0.00223	0.00489	0.76961	0.00446
21	0.00581	0.00419	0.00551	0.00656	0.00691	0.00389	0.00440	0.00667	0.00924	0.01224	0.02747	0.78899	0.07080	0.01483	0.00608	0.00192	0.00276	0.01341	0.00444	0.00389
22	0.02144	0.00813	0.01109	0.00850	0.01220	0.00702	0.00702	0.02329	0.01368	0.80552	0.01886	0.01627	0.01183	0.00592	0.00481	0.00148	0.00407	0.00481	0.00592	0.00813
23	0.00683	0.00512	0.00768	0.00768	0.00853	0.00597	0.00597	0.00853	0.00768	0.01110	0.01280	0.01878	0.01195	0.03585	0.81308	0.00768	0.01280	0.00512	0.00256	0.00427
24	0.00582	0.00416	0.00555	0.00666	0.00693	0.00388	0.00444	0.00666	0.00915	0.01220	0.02634	0.82891	0.03161	0.01497	0.00610	0.00194	0.00277	0.01359	0.00444	0.00388
25	0.00716	0.00533	0.00695	0.00776	0.00900	0.00512	0.00663	0.00910	0.01097	0.01394	0.03139	0.05183	0.23098	0.01291	0.00635	0.00205	0.00388	0.56994	0.00441	0.00430
26	0.01157	0.01109	0.01894	0.10203	0.73153	0.01129	0.01454	0.01444	0.01076	0.01530	0.00894	0.01191	0.00746	0.00431	0.00474	0.00144	0.00574	0.00426	0.00234	0.00736
27	0.00791	0.00672	0.00976	0.00914	0.00973	0.00856	0.00731	0.00942	0.00757	0.01122	0.01085	0.01629	0.01025	0.02764	0.57485	0.00601	0.25494	0.00484	0.00242	0.00455
28	0.15068	0.00923	0.01127	0.00939	0.01170	0.01033	0.00776	0.11412	0.01182	0.28637	0.01312	0.01636	0.01033	0.03947	0.00820	0.00181	0.21340	0.06412	0.00409	0.00642
29	0.41997	0.05016	0.03879	0.23671	0.07909	0.05634	0.02914	0.01395	0.00927	0.01700	0.00754	0.00973	0.00588	0.00452	0.00381	0.00147	0.00517	0.00332	0.00256	0.00556
30	0.00765	0.00547	0.00765	0.00875	0.00983	0.00546	0.00762	0.00982	0.01095	0.01425	0.02533	0.07411	0.02761	0.01325	0.00659	0.00219	0.00436	0.75033	0.00440	0.00439
31	0.01730	0.01419	0.01377	0.01100	0.01450	0.11750	0.00890	0.58631	0.12356	0.02640	0.01201	0.01195	0.00873	0.00573	0.00473	0.00143	0.00550	0.00429	0.00449	0.00772
32	0.00587	0.00419	0.00560	0.00671	0.00701	0.00392	0.00452	0.00674	0.00920	0.01226	0.02632	0.80871	0.03151	0.01493	0.00611	0.00195	0.00282	0.03330	0.00444	0.00390
33	0.01023	0.00972	0.01651	0.48099	0.36306	0.01094	0.01387	0.01327	0.01013	0.01367	0.00871	0.01235	0.00689	0.00456	0.00476	0.00152	0.00607	0.00425	0.00223	0.00628
34	0.01208	0.34585	0.34621	0.01132	0.01653	0.05678	0.05167	0.01578	0.03578	0.05449	0.00868	0.00976	0.00673	0.00449	0.00402	0.00131	0.00616	0.00335	0.00237	0.00665
35	0.02127	0.00842	0.01127	0.00864	0.01234	0.00745	0.00714	0.06475	0.01416	0.76338	0.01846	0.01601	0.01163	0.00591	0.00481	0.00148	0.00413	0.00478	0.00585	0.00813
36	0.00688	0.00493	0.00673	0.00673	0.00726	0.00546	0.00479	0.00793	0.00740	0.01039	0.01367	0.02359	0.01404	0.34217	0.50961	0.00651	0.00966	0.00582	0.00269	0.00374
37	0.01121	0.01197	0.04814	0.01278	0.08265	0.16941	0.12187	0.01396	0.07177	0.03279	0.03071	0.15329	0.01402	0.10236	0.00840	0.00197	0.08604	0.01804	0.00314	0.00548
38	0.00987	0.00962	0.01351	0.01178	0.01188	0.01326	0.00972	0.01098	0.00744	0.01149	0.00783	0.04707	0.00797	0.01153	0.09872	0.00267	0.70263	0.00469	0.00224	0.00507
39	0.00701	0.00540	0.00647	0.00616	0.00753	0.00514	0.00463	0.01014	0.09334	0.01758	0.52123	0.06747	0.20962	0.01016	0.00558	0.00156	0.00247	0.00883	0.00500	0.00469
40	0.01126	0.01136	0.02108	0.14383	0.47414	0.01145	0.22680	0.01448	0.01080	0.01503	0.00910	0.01226	0.00731	0.00427	0.00499	0.00150	0.00644	0.00464	0.00234	0.00693
41	0.01849	0.14697	0.01471	0.00949	0.01328	0.01225	0.00806	0.33096	0.03274	0.34382	0.01386	0.01294	0.00945	0.00555	0.00451	0.00139	0.00472	0.00424	0.00479	0.00779
42	0.00765	0.00676	0.00893	0.08084	0.15505	0.00658	0.00687	0.01034	0.06893	0.01448	0.10840	0.03376	0.45459	0.00939	0.00535	0.00157	0.00345	0.00802	0.00397	0.00510
43	0.00903	0.00850	0.01434	0.82054	0.03292	0.01062	0.01327	0.01221	0.00956	0.01221	0.00850	0.01274	0.00637	0.00478	0.00478	0.00159	0.00637	0.00425	0.00212	0.00531
44	0.00991	0.00850	0.00991	0.00708	0.01133	0.00637	0.00566	0.01203	0.00991	0.01557	0.00850	0.00991	0.00708	0.00354	0.00354	0.00071	0.00354	0.00283	0.00283	0.86124
45	0.01128	0.01289	0.02820	0.02015	0.02498	0.01209	0.78485	0.01531	0.01128	0.01531	0.00967	0.01289	0.00725	0.00403	0.00564	0.00161	0.00806	0.00564	0.00242	0.00645
46	0.00611	0.00486	0.00548	0.00532	0.00674	0.00423	0.00399	0.00775	0.01198	0.01549	0.35810	0.04175	0.48898	0.01114	0.00564	0.00157	0.00235	0.00949	0.00478	0.00423
47	0.00903	0.00850	0.01434	0.82054	0.03292	0.01062	0.01327	0.01221	0.00956	0.01221	0.00850	0.01274	0.00637	0.00478	0.00478	0.00159	0.00637	0.00425	0.00212	0.00531
48	0.00991	0.00850	0.00991	0.00708	0.01133	0.00637	0.00566	0.01203	0.00991	0.01557	0.00850	0.00991	0.00708	0.00354	0.00354	0.00071	0.00354	0.00283	0.00283	0.86124
49	0.01785	0.02278	0.01354	0.01231	0.01478	0.81284	0.00924	0.01909	0.01354	0.01170	0.00739	0.00862	0.00616	0.00493	0.00431	0.00123	0.00862	0.00308	0.00246	0.00554
50	0.01097	0.00826	0.00940	0.00814	0.01024	0.00877	0.00633	0.24582	0.14174	0.02179	0.35571	0.08296	0.02719	0.03363	0.00586	0.00163	0.00352	0.00712	0.00492	0.00600
51	0.62773	0.00989	0.00876	0.00737	0.01056	0.01111	0.00607	0.15643	0.01130	0.09990	0.00873	0.00928	0.00637	0.00482	0.00347	0.00147	0.00402	0.00312	0.00358	0.00601
52	0.00695	0.00463	0.00521	0.00521	0.00521	0.00463	0.00290	0.00695	0.00695	0.00927	0.01506	0.03128	0.01738	0.83203	0.02433	0.00463	0.00463	0.00695	0.00290	0.00290
53	0.00681	0.00471	0.00549	0.00539	0.00579	0.00456	0.00336	0.00747	0.00890	0.01205	0.21775	0.03343	0.07890	0.56503	0.01826	0.00362	0.00387	0.00760	0.00361	0.00339
54	0.01121	0.01182	0.02341	0.11761	0.30541	0.01165	0.41712	0.01472	0.01094	0.01506	0.00929	0.01249	0.00726	0.00420	0.00521	0.00154	0.00700	0.00498	0.00236	0.00672
55	0.01126	0.01284	0.02791	0.01998	0.02471	0.01214	0.76821	0.01523	0.01120	0.01523	0.00960	0.01284	0.00723	0.00412	0.00586	0.00162	0.02558	0.00561	0.00241	0.00642
56	0.00582	0.00416	0.00555	0.00666	0.00693	0.00388	0.00444	0.00666	0.00915	0.01220	0.02634	0.82891	0.03161	0.01497	0.00610	0.00194	0.00277	0.01359	0.00444	0.00388
57	0.00794	0.00692	0.01054	0.43226	0.02117	0.00785	0.00971	0.01043	0.01022	0.01290	0.02165	0.03064	0.18792	0.00856	0.00544	0.00175	0.00499	0.20110	0.00322	0.00479
58	0.01261	0.13690	0.20236	0.16190	0.02904	0.01070	0.05242	0.01564	0.01066	0.18866	0.01132	0.01291	0.00829	0.02212	0.00507	0.00149	0.02679	0.00409	0.08058	0.00644
59	0.00686	0.00501	0.00712	0.00712	0.00778	0.00567	0.00528	0.00818	0.00752	0.01068	0.01332	0.02162	0.01318	0.21673	0.63389	0.00699	0.01095	0.00554	0.00264	0.00396
60	0.00959	0.02472	0.80726	0.01362	0.02069	0.01110	0.01766	0.01514	0.01009	0.01514	0.00858	0.01009	0.00605	0.00454	0.00454	0.00151	0.00706	0.00353	0.00202	0.00706
61	0.01006	0.01392	0.19982	0.01550	0.01979	0.01060	0.41375	0.01422	0.04934	0.01462	0.01165	0.08288	0.01018	0.06557	0.01974	0.00195	0.03181	0.00586	0.00265	0.00610
62	0.01062	0.02683	0.21309	0.10275	0.21778	0.02403	0.19292	0.01414	0.01024	0.01441	0.00924	0.03903	0.00763	0.00512	0.00605	0.00158	0.09103	0.00466	0.00231	0.00653
63	0.00652	0.00511	0.00761	0.03503	0.00921	0.00488	0.06109	0.01816	0.00973	0.01297	0.05563	0.67308	0.05572	0.01341	0.00597	0.00187	0.00328	0.01226	0.00425	0.00420
64	0.00863	0.00761	0.01072	0.24185	0.02805	0.02968	0.00866	0.02381	0.04859	0.01237	0.01269	0.12177	0.01229	0.05786	0.24130	0.00361	0.11698	0.00588	0.00278	0.00489
65	0.78059	0.03354	0.00865	0.00711	0.01017	0.03309	0.03942	0.01425	0.00847	0.02061	0.00681	0.00801	0.00532	0.00442	0.00312	0.00146	0.00406	0.00273	0.00289	0.00527
66	0.01360	0.01084	0.01134	0.05068	0.01335	0.06693	0.00782	0.24864	0.28980	0.06287	0.05644	0.09685	0.01472	0.00703	0.00492	0.00154	0.00449	0.00578	0.02546	0.00691
67	0.01114	0.00895	0.01152	0.21606	0.01674	0.03121	0.05433	0.16847	0.09469	0.01877	0.10496	0.01765	0.03770	0.00608	0.00466	0.00145	0.00459	0.00516	0.18000	0.00588
68	0.01610	0.01236	0.01318	0.01058	0.01403	0.01386	0.00858	0.53583	0.27628	0.02679	0.01410	0.01357	0.01026	0.00598	0.00481	0.00150	0.00477	0.00467	0.00481	0.00794
69	0.00673	0.00488	0.00634	0.00598	0.00712	0.00450	0.00448	0.00896	0.01345	0.01898	0.77740	0.03601	0.06751	0.00984	0.00564	0.00151	0.00226	0.00869	0.00524	0.00450
70	0.01547	0.01464	0.13175	0.01333	0.07095	0.09456	0.10172	0.24381	0.09980	0.14712	0.01230	0.01263	0.00878	0.00528	0.00481	0.00147	0.00588	0.00442	0.00388	0.00741
71	0.00765	0.00547	0.00765	0.00875	0.00983	0.00546	0.00762	0.00982	0.01095	0.01425	0.02533	0.07416	0.02761	0.01325	0.00659	0.00219	0.00436	0.75028	0.00440	0.00439
72	0.00642	0.00485	0.00592	0.00570	0.00694	0.00435	0.00426	0.00833	0.01264	0.01716	0.56101	0.06535	0.25836	0.01061	0.00566	0.00155	0.00232	0.00922	0.00500	0.00435
73	0.00723	0.00559	0.00797	0.00775	0.00836	0.00664	0.00590	0.00856	0.00751	0.01081	0.01252	0.02013	0.01232	0.17408	0.59018	0.00656	0.09584	0.00535	0.00257	0.00412
74	0.00773	0.00498	0.00607	0.00657	0.04104	0.00507	0.00438	0.00915	0.00884	0.01346	0.01768	0.05180	0.07274	0.24003	0.16135	0.00342	0.00511	0.02579	0.31072	0.00407
75	0.01396	0.01558	0.30268	0.01170	0.01566	0.03322	0.01200	0.07574	0.01142	0.23317	0.01101	0.01195	0.00787	0.00600	0.00747	0.00164	0.21457	0.00410	0.00334	0.00693
76	0.01775	0.01019	0.01165	0.00910	0.01245	0.01055	0.00747	0.40678	0.01753	0.28550	0.01460	0.01410	0.01003	0.00577	0.00456	0.00140	0.00437	0.00449	0.14420	0.00753
77	0.00582	0.00430	0.00545	0.00632	0.00685	0.00393	0.00430	0.00676	0.00959	0.01253	0.05252	0.66730	0.16825	0.01432	0.00601	0.00187	0.00270	0.01282	0.00446	0.00393
78	0.20217	0.44932	0.02018	0.03380	0.01411	0.08279	0.11120	0.01473	0.00989	0.01412	0.00717	0.00862	0.00608	0.00425	0.00354	0.00124	0.00552	0.00307	0.00233	0.00589
79	0.01094	0.03569	0.08032	0.08917	0.28255	0.01105	0.30070	0.01436	0.01074	0.01528	0.00978	0.01267	0.00768	0.00437	0.00487	0.00147	0.00636	0.00469	0.09076	0.00656
80	0.00982	0.02334	0.72589	0.01525	0.10140	0.01113	0.01735	0.01509	0.01017	0.01519	0.00862	0.01027	0.00621	0.00451	0.00456	0.00150	0.00692	0.00361	0.00205	0.00712
81	0.00578	0.00467	0.00514	0.00539	0.00663	0.00403	0.00390	0.00697	0.01064	0.01319	0.09835	0.24516	0.54812	0.01266	0.00576	0.00169	0.00250	0.01087	0.00450	0.00403
82	0.00991	0.00850	0.00991	0.00708	0.01133	0.00637	0.00566	0.01203	0.00991	0.01557	0.00850	0.00991	0.00708	0.00354	0.00354	0.00071	0.00354	0.00283	0.00283	0.86124
83	0.01278	0.83490	0.02505	0.00818	0.01227	0.01891	0.00818	0.01431	0.00971	0.01125	0.00664	0.00767	0.00613	0.00409	0.00307	0.00102	0.00511	0.00256	0.00204	0.00613
84	0.00614	0.00481	0.00555	0.00547	0.00678	0.00423	0.00406	0.00776	0.01189	0.01552	0.36632	0.09801	0.42375	0.01132	0.00568	0.00159	0.00238	0.00973	0.00479	0.00423
85	0.00655	0.00486	0.00709	0.00740	0.00809	0.00540	0.00555	0.00802	0.00809	0.01140	0.01654	0.24212	0.01737	0.03009	0.59061	0.00610	0.01004	0.00746	0.00308	0.00416
86	0.01049	0.02329	0.73474	0.01336	0.02013	0.01082	0.03029	0.01574	0.01038	0.07361	0.00936	0.01060	0.00650	0.00463	0.00458	0.00151	0.00686	0.00366	0.00231	0.00713
87	0.01111	0.00908	0.01041	0.00772	0.01176	0.00767	0.00618	0.07928	0.09201	0.03770	0.01015	0.01103	0.00807	0.00409	0.00381	0.00088	0.00372	0.00327	0.00329	0.67875
88	0.00990	0.02256	0.66453	0.01482	0.02147	0.01128	0.15821	0.01517	0.01031	0.01517	0.00878	0.01060	0.00627	0.00445	0.00474	0.00153	0.00725	0.00392	0.00209	0.00695
89	0.00686	0.00498	0.00697	0.00697	0.00757	0.00559	0.00508	0.00808	0.00747	0.01057	0.01345	0.02239	0.01352	0.26600	0.58508	0.00680	0.01044	0.00565	0.00266	0.00387
90	0.00947	0.00904	0.01557	0.68672	0.12870	0.01078	0.04714	0.01265	0.00980	0.01277	0.00861	0.01264	0.00656	0.00468	0.00481	0.00157	0.00636	0.00431	0.00217	0.00564
91	0.01811	0.00880	0.01096	0.00883	0.01224	0.00850	0.00715	0.02356	0.25425	0.53646	0.01869	0.01654	0.01252	0.00601	0.00478	0.00150	0.00396	0.00492	0.00549	0.03671
92	0.00775	0.00559	0.00770	0.00874	0.00985	0.00563	0.00756	0.01024	0.03493	0.01439	0.02517	0.08665	0.02729	0.01307	0.00653	0.00217	0.00431	0.71355	0.00442	0.00448
93	0.00959	0.02472	0.80726	0.01362	0.02069	0.01110	0.01766	0.01514	0.01009	0.01514	0.00858	0.01009	0.00605	0.00454	0.00454	0.00151	0.00706	0.00353	0.00202	0.00706
94	0.00991	0.34394	0.11041	0.00970	0.01289	0.01185	0.07919	0.01212	0.01001	0.01282	0.01457	0.18755	0.01533	0.00802	0.00474	0.00153	0.00500	0.14191	0.00299	0.00549
95	0.00655	0.00446	0.00533	0.00573	0.00583	0.00436	0.00345	0.00684	0.00774	0.01032	0.01912	0.31811	0.02250	0.53821	0.01777	0.00367	0.00396	0.00934	0.00345	0.00325
96	0.00683	0.00512	0.00768	0.00768	0.00853	0.00597	0.00597	0.00853	0.00768	0.01110	0.01280	0.01878	0.01195	0.03585	0.81308	0.00768	0.01280	0.00512	0.00256	0.00427
97	0.01100	0.01230	0.02602	0.10594	0.02520	0.01206	0.66253	0.01478	0.01089	0.01478	0.00937	0.01275	0.00711	0.00433	0.00606	0.00163	0.04918	0.00542	0.00237	0.00626
98	0.01057	0.01007	0.01712	0.38549	0.45592	0.01102	0.01404	0.01356	0.01029	0.01408	0.00877	0.01224	0.00703	0.00449	0.00475	0.00150	0.00599	0.00425	0.00226	0.00655
99	0.00839	0.00754	0.01294	0.01070	0.01222	0.00816	0.19814	0.01015	0.00834	0.01172	0.01184	0.01954	0.01151	0.22807	0.31837	0.00475	0.10489	0.00561	0.00256	0.00457
100	0.00920	0.00867	0.01464	0.77279	0.07935	0.01066	0.01336	0.01236	0.00964	0.01242	0.00853	0.01269	0.00644	0.00475	0.00478	0.00158	0.00633	0.00425	0.00214	0.00545
101	0.01242	0.01077	0.01570	0.30754	0.25354	0.01216	0.01224	0.21529	0.04521	0.01817	0.00977	0.01225	0.00751	0.00510	0.00525	0.00152	0.04145	0.00431	0.00300	0.00680
102	0.01517	0.01328	0.01179	0.01003	0.01248	0.23417	0.00782	0.23894	0.04692	0.10485	0.04066	0.05130	0.05585	0.06665	0.00702	0.00171	0.06610	0.00512	0.00391	0.00625
103	0.00834	0.00638	0.00803	0.00966	0.12414	0.03260	0.00591	0.00957	0.01014	0.07126	0.02759	0.31772	0.23935	0.09790	0.00754	0.00200	0.00359	0.00953	0.00401	0.00473
104	0.01452	0.00953	0.01438	0.21532	0.26963	0.03388	0.01096	0.01695	0.01157	0.29856	0.01312	0.04923	0.00981	0.00547	0.00482	0.00150	0.00523	0.00482	0.00368	0.00699
105	0.00936	0.00859	0.01430	0.52078	0.21230	0.00989	0.01236	0.01219	0.00985	0.01321	0.01070	0.09699	0.00946	0.00573	0.00486	0.00157	0.00570	0.00522	0.03129	0.00567

[dist]
# distance from previous block
# <min> <max>
0	20

# created by:
# /st0/software/busco_prod/Augustus/scripts/msa2prfl.pl ./align_prep/61012.fa
