[name]
unknown

[dist]
# distance from previous block
# <min> <max>
9	760

[block]
# block no. 0 follows, 51 sequences, length 54
# corresponding to MSA columns:
# 871-924
name=unknown_A
#
# <colnr> <probs for GDERKNQSTAVLIFYWHMCP>
#	G	D	E	R	K	N	Q	S	T	A	V	L	I	F	Y	W	H	M	C	P
0	0.06803	0.00714	0.00884	0.00801	0.00979	0.00717	0.03023	0.10986	0.03728	0.11249	0.03500	0.25347	0.03253	0.11638	0.02033	0.04539	0.00417	0.04703	0.01733	0.02953
1	0.02899	0.00766	0.00886	0.03238	0.01058	0.00777	0.00616	0.16139	0.05616	0.12208	0.07299	0.05190	0.27591	0.03917	0.09327	0.00239	0.00475	0.00724	0.00454	0.00580
2	0.02194	0.07198	0.03358	0.05814	0.01221	0.02597	0.03027	0.02937	0.03538	0.02611	0.05008	0.15387	0.01494	0.09544	0.04130	0.00207	0.08446	0.00612	0.01944	0.18733
3	0.02457	0.00895	0.01026	0.03014	0.02644	0.00931	0.00696	0.22685	0.09252	0.08129	0.05820	0.08566	0.15743	0.02507	0.00587	0.00160	0.03246	0.00656	0.03979	0.07005
4	0.14387	0.01206	0.01123	0.01012	0.03697	0.13865	0.00769	0.11247	0.25866	0.11173	0.07850	0.01558	0.01332	0.00612	0.00463	0.00151	0.00479	0.00474	0.02047	0.00689
5	0.01054	0.02129	0.03678	0.03741	0.01155	0.06926	0.03590	0.06510	0.03691	0.04837	0.08472	0.08352	0.02904	0.06380	0.07668	0.14598	0.05930	0.04011	0.00341	0.04031
6	0.06346	0.00904	0.01114	0.00877	0.01229	0.00868	0.00719	0.12326	0.07358	0.54400	0.01754	0.01585	0.01155	0.00600	0.00474	0.00150	0.00417	0.00478	0.06456	0.00790
7	0.01059	0.00852	0.03370	0.04141	0.01075	0.05259	0.00651	0.16840	0.01251	0.03406	0.05803	0.07496	0.20159	0.01246	0.05240	0.20143	0.00482	0.00661	0.00375	0.00491
8	0.01546	0.01056	0.01137	0.00936	0.01246	0.02622	0.00752	0.30056	0.22434	0.14726	0.01843	0.01765	0.06999	0.00659	0.00484	0.00151	0.00431	0.00525	0.09891	0.00742
9	0.01259	0.00580	0.00657	0.00581	0.00769	0.00557	0.00455	0.03991	0.01164	0.20765	0.01670	0.01772	0.01235	0.00582	0.00385	0.00125	0.00285	0.00466	0.62142	0.00562
10	0.09182	0.01004	0.01213	0.25680	0.04340	0.06917	0.00935	0.01744	0.13201	0.16546	0.01308	0.02825	0.00997	0.00566	0.00467	0.00151	0.00516	0.02605	0.00366	0.09437
11	0.86201	0.00950	0.00722	0.00646	0.00950	0.01102	0.00532	0.01445	0.00836	0.02205	0.00684	0.00798	0.00532	0.00456	0.00304	0.00152	0.00380	0.00266	0.00304	0.00532
12	0.00916	0.00458	0.00458	0.00458	0.00573	0.00458	0.00344	0.01145	0.01031	0.01832	0.01603	0.01832	0.01260	0.00573	0.00344	0.00115	0.00229	0.00458	0.85457	0.00458
13	0.00760	0.00515	0.00668	0.00628	0.00755	0.00471	0.00471	0.00976	0.01354	0.05799	0.67497	0.07706	0.08480	0.01026	0.00578	0.00157	0.00245	0.00903	0.00535	0.00476
14	0.01207	0.56800	0.27863	0.01023	0.01543	0.01683	0.01159	0.01499	0.01011	0.01287	0.00748	0.00870	0.00628	0.00436	0.00365	0.00122	0.00591	0.00295	0.00209	0.00662
15	0.00599	0.00428	0.00570	0.00684	0.00713	0.00399	0.00456	0.00684	0.00941	0.01254	0.02709	0.82409	0.03250	0.01540	0.00627	0.00200	0.00285	0.01397	0.00456	0.00399
16	0.01283	0.78901	0.02486	0.00838	0.01242	0.01878	0.00830	0.01442	0.00988	0.01155	0.00715	0.00845	0.00661	0.00584	0.04338	0.00139	0.00565	0.00276	0.00213	0.00621
17	0.01239	0.19836	0.41564	0.04605	0.04434	0.01393	0.01397	0.16828	0.01284	0.01766	0.00899	0.01029	0.00673	0.00481	0.00440	0.00143	0.00637	0.00363	0.00267	0.00721
18	0.00856	0.00621	0.00729	0.00728	0.00859	0.00610	0.00530	0.14532	0.01234	0.03301	0.02905	0.49536	0.19088	0.01287	0.00590	0.00182	0.00326	0.01130	0.00466	0.00490
19	0.01480	0.01500	0.01220	0.01078	0.01356	0.27995	0.00833	0.12833	0.37318	0.01870	0.01648	0.01598	0.05835	0.00637	0.00485	0.00150	0.00569	0.00488	0.00413	0.00694
20	0.00715	0.00476	0.00536	0.00536	0.00536	0.00476	0.00298	0.00715	0.00715	0.00953	0.01548	0.03216	0.01787	0.82729	0.02501	0.00476	0.00476	0.00715	0.00298	0.00298
21	0.01295	0.57127	0.06375	0.01153	0.01595	0.06324	0.17191	0.01526	0.01057	0.01267	0.00763	0.00920	0.00655	0.00426	0.00386	0.00122	0.00620	0.00338	0.00221	0.00639
22	0.01180	0.01171	0.01941	0.10667	0.56861	0.04655	0.09260	0.01471	0.01113	0.01533	0.01003	0.05048	0.00873	0.00496	0.00501	0.00151	0.00615	0.00492	0.00252	0.00716
23	0.00956	0.00762	0.00862	0.00793	0.00990	0.00814	0.00607	0.01710	0.37203	0.03375	0.34163	0.05335	0.08660	0.00876	0.00543	0.00162	0.00311	0.00754	0.00514	0.00610
24	0.00726	0.00573	0.00664	0.00643	0.00789	0.00551	0.00480	0.01076	0.12441	0.01709	0.37168	0.12107	0.27053	0.01087	0.00574	0.00165	0.00265	0.00940	0.00500	0.00487
25	0.06236	0.01482	0.26506	0.11171	0.12709	0.01041	0.06834	0.04361	0.02312	0.09762	0.04784	0.01310	0.00936	0.00500	0.00472	0.00148	0.00586	0.00431	0.00302	0.08118
26	0.01036	0.00985	0.01663	0.51046	0.30974	0.01130	0.01409	0.01345	0.01026	0.01381	0.00886	0.01270	0.00700	0.00481	0.00518	0.00159	0.02696	0.00437	0.00227	0.00630
27	0.00715	0.00476	0.00536	0.00536	0.00536	0.00476	0.00298	0.00715	0.00715	0.00953	0.01548	0.03216	0.01787	0.82729	0.02501	0.00476	0.00476	0.00715	0.00298	0.00298
28	0.01073	0.00964	0.01306	0.27258	0.10583	0.02664	0.00965	0.05266	0.01093	0.01558	0.00892	0.01141	0.00713	0.00428	0.00427	0.00115	0.00503	0.00363	0.00272	0.42413
29	0.00819	0.00623	0.00840	0.00808	0.00929	0.00711	0.00625	0.05261	0.08840	0.01378	0.05752	0.02039	0.01452	0.06888	0.59956	0.00641	0.01078	0.00554	0.00317	0.00490
30	0.01737	0.01000	0.01169	0.00941	0.01278	0.01025	0.00762	0.23244	0.18532	0.33695	0.05772	0.01829	0.05396	0.00669	0.00504	0.00155	0.00428	0.00541	0.00541	0.00783
31	0.00606	0.00441	0.00572	0.00667	0.00715	0.00407	0.00455	0.00706	0.00986	0.01306	0.07288	0.69470	0.10362	0.01479	0.00621	0.00194	0.00282	0.02579	0.00461	0.00405
32	0.00693	0.00501	0.00642	0.00607	0.00726	0.00460	0.00455	0.00917	0.01365	0.01925	0.72753	0.03701	0.09526	0.01011	0.00574	0.00154	0.00233	0.00889	0.02407	0.00460
33	0.01216	0.01168	0.01995	0.03016	0.79664	0.01168	0.01508	0.01508	0.01119	0.01605	0.00924	0.01216	0.00778	0.00438	0.00487	0.00146	0.00584	0.00438	0.00243	0.00778
34	0.00712	0.00475	0.00537	0.00539	0.00540	0.00475	0.00301	0.00714	0.00720	0.00959	0.01574	0.04936	0.01818	0.80966	0.02461	0.00470	0.00472	0.00729	0.00301	0.00300
35	0.01314	0.83025	0.02575	0.00841	0.01261	0.01945	0.00841	0.01472	0.00999	0.01156	0.00683	0.00788	0.00631	0.00420	0.00315	0.00105	0.00526	0.00263	0.00210	0.00631
36	0.00817	0.00729	0.00933	0.00810	0.01035	0.00713	0.09046	0.01302	0.20577	0.01605	0.11684	0.03517	0.43335	0.00983	0.00560	0.00165	0.00346	0.00850	0.00453	0.00538
37	0.02006	0.00870	0.01292	0.00980	0.01361	0.00761	0.08871	0.02216	0.01365	0.67406	0.02005	0.01803	0.05439	0.00622	0.00508	0.00154	0.00452	0.00533	0.00562	0.00795
38	0.00713	0.00484	0.00574	0.00574	0.00587	0.00497	0.00345	0.00739	0.00726	0.00981	0.01514	0.03024	0.01703	0.70907	0.14210	0.00523	0.00602	0.00687	0.00293	0.00319
39	0.01084	0.00871	0.01026	0.00736	0.01170	0.00659	0.00590	0.01301	0.01040	0.05882	0.00932	0.01055	0.00755	0.00377	0.00371	0.00077	0.00367	0.00302	0.00308	0.81098
40	0.00703	0.00522	0.00765	0.00765	0.00844	0.00601	0.00583	0.00862	0.00782	0.01122	0.01339	0.02056	0.01283	0.11384	0.73158	0.00759	0.01235	0.00545	0.00267	0.00425
41	0.86201	0.00950	0.00722	0.00646	0.00950	0.01102	0.00532	0.01445	0.00836	0.02205	0.00684	0.00798	0.00532	0.00456	0.00304	0.00152	0.00380	0.00266	0.00304	0.00532
42	0.01166	0.37877	0.38548	0.01100	0.01644	0.01451	0.01278	0.01519	0.01023	0.04616	0.00861	0.01000	0.00682	0.00619	0.04560	0.00166	0.00655	0.00333	0.00228	0.00674
43	0.01234	0.01120	0.01915	0.02736	0.68133	0.01109	0.04582	0.01523	0.01150	0.05544	0.05362	0.01381	0.01015	0.00477	0.00496	0.00148	0.00566	0.00472	0.00278	0.00759
44	0.01075	0.01075	0.01505	0.01290	0.01290	0.01505	0.01075	0.01183	0.00753	0.01183	0.00645	0.01075	0.00645	0.00860	0.01613	0.00215	0.81830	0.00430	0.00215	0.00538
45	0.01037	0.15230	0.67949	0.01312	0.01990	0.01268	0.01662	0.01543	0.01031	0.01493	0.00851	0.00998	0.00624	0.00460	0.00443	0.00148	0.00695	0.00347	0.00208	0.00711
46	0.01965	0.00920	0.05202	0.00889	0.01260	0.00762	0.00764	0.06423	0.01436	0.63484	0.09944	0.01821	0.01522	0.00641	0.00502	0.00152	0.00421	0.00526	0.00574	0.00792
47	0.00720	0.00481	0.00581	0.00581	0.00595	0.00495	0.00354	0.00736	0.00722	0.00976	0.01474	0.02921	0.01648	0.65962	0.14591	0.05286	0.00604	0.00669	0.00288	0.00315
48	0.05380	0.00954	0.01088	0.00907	0.01226	0.00993	0.00727	0.10184	0.32042	0.30688	0.02098	0.01918	0.08219	0.00679	0.00495	0.00159	0.00403	0.00551	0.00526	0.00762
49	0.11521	0.05845	0.12413	0.01181	0.08337	0.11435	0.00976	0.07944	0.01311	0.32412	0.01273	0.01252	0.00877	0.00531	0.00451	0.00146	0.00548	0.00405	0.00407	0.00735
50	0.00680	0.00462	0.00546	0.00581	0.00589	0.00453	0.00346	0.00705	0.00783	0.01044	0.01899	0.27125	0.02229	0.58217	0.01935	0.00393	0.00419	0.00921	0.00346	0.00328
51	0.02014	0.01108	0.01304	0.01004	0.01388	0.01129	0.00828	0.39590	0.03821	0.40202	0.01567	0.01434	0.01036	0.00601	0.00493	0.00150	0.00478	0.00470	0.00548	0.00835
52	0.01118	0.01069	0.03374	0.08882	0.28482	0.04950	0.15266	0.01403	0.02436	0.05861	0.01542	0.14579	0.05317	0.00700	0.00535	0.00163	0.00572	0.02795	0.00318	0.00640
53	0.01500	0.04101	0.29581	0.01174	0.01668	0.01027	0.06811	0.09069	0.03647	0.28539	0.01463	0.01611	0.02156	0.00589	0.00497	0.00157	0.00572	0.04689	0.00401	0.00748

[dist]
# distance from previous block
# <min> <max>
3	11

[block]
# block no. 1 follows, 51 sequences, length 30
# corresponding to MSA columns:
# 936-965
name=unknown_B
#
# <colnr> <probs for GDERKNQSTAVLIFYWHMCP>
#	G	D	E	R	K	N	Q	S	T	A	V	L	I	F	Y	W	H	M	C	P
0	0.01209	0.01044	0.01142	0.01010	0.01241	0.03176	0.00797	0.10174	0.48254	0.01948	0.04796	0.03057	0.02986	0.00928	0.06267	0.00213	0.10057	0.00557	0.00443	0.00701
1	0.07318	0.27938	0.06928	0.01280	0.14231	0.06270	0.02168	0.11910	0.03003	0.03993	0.00974	0.01253	0.00838	0.09204	0.00630	0.00169	0.00555	0.00393	0.00292	0.00653
2	0.01200	0.55191	0.29414	0.01034	0.01561	0.01667	0.01178	0.01501	0.01012	0.01295	0.00752	0.00875	0.00628	0.00436	0.00368	0.00123	0.00595	0.00297	0.00209	0.00664
3	0.00777	0.00485	0.00634	0.00689	0.00774	0.00442	0.00485	0.00888	0.01035	0.09661	0.06829	0.60761	0.10100	0.01381	0.00608	0.00190	0.00297	0.03034	0.00477	0.00452
4	0.00609	0.00436	0.00579	0.00677	0.00715	0.00406	0.00457	0.00710	0.00989	0.01330	0.10848	0.74052	0.03397	0.01483	0.00622	0.00195	0.00279	0.01343	0.00465	0.00406
5	0.00697	0.00531	0.00607	0.00585	0.00701	0.00500	0.00416	0.00916	0.06221	0.01529	0.31924	0.03790	0.28170	0.20093	0.01022	0.00234	0.00305	0.00875	0.00454	0.00430
6	0.12652	0.00834	0.01064	0.00833	0.01191	0.00757	0.00686	0.02203	0.01334	0.66396	0.05616	0.01662	0.01300	0.00609	0.00475	0.00152	0.00404	0.00485	0.00567	0.00780
7	0.00975	0.00780	0.00881	0.00850	0.01029	0.00854	0.00635	0.01777	0.42715	0.03336	0.10453	0.29251	0.02419	0.00996	0.00551	0.00176	0.00338	0.00874	0.00492	0.00618
8	0.00696	0.00502	0.00657	0.00618	0.00734	0.00464	0.00464	0.00927	0.01391	0.01971	0.79405	0.03671	0.04637	0.01005	0.00580	0.00155	0.00232	0.00889	0.00541	0.00464
9	0.86201	0.00950	0.00722	0.00646	0.00950	0.01102	0.00532	0.01445	0.00836	0.02205	0.00684	0.00798	0.00532	0.00456	0.00304	0.00152	0.00380	0.00266	0.00304	0.00532
10	0.00611	0.00494	0.00525	0.00520	0.00670	0.00421	0.00387	0.00725	0.01118	0.01367	0.12894	0.04401	0.66078	0.01249	0.00669	0.05775	0.00259	0.00981	0.00450	0.00407
11	0.01216	0.01168	0.01995	0.03016	0.79664	0.01168	0.01508	0.01508	0.01119	0.01605	0.00924	0.01216	0.00778	0.00438	0.00487	0.00146	0.00584	0.00438	0.00243	0.00778
12	0.01369	0.74462	0.02450	0.00886	0.01289	0.10309	0.00852	0.01524	0.01040	0.01161	0.00691	0.00799	0.00631	0.00430	0.00329	0.00107	0.00564	0.00268	0.00215	0.00624
13	0.00702	0.00527	0.00790	0.00790	0.00878	0.00614	0.00614	0.00878	0.00790	0.01141	0.01316	0.01931	0.01229	0.03686	0.80782	0.00790	0.01316	0.00527	0.00263	0.00439
14	0.80285	0.00980	0.00775	0.00680	0.00991	0.01132	0.00560	0.06816	0.00940	0.02267	0.00719	0.00825	0.00553	0.00466	0.00317	0.00152	0.00391	0.00278	0.00317	0.00553
15	0.01082	0.25548	0.52334	0.01193	0.01811	0.01338	0.01449	0.01510	0.01025	0.01445	0.00824	0.00965	0.00632	0.00446	0.00416	0.00135	0.00643	0.00329	0.00214	0.06661
16	0.01128	0.01026	0.01379	0.04719	0.14119	0.10031	0.11674	0.01451	0.09330	0.06583	0.01624	0.22231	0.01601	0.06563	0.00703	0.00190	0.02305	0.02398	0.00357	0.00589
17	0.01120	0.32083	0.37850	0.01089	0.01612	0.06583	0.01245	0.01461	0.01055	0.01361	0.01235	0.01327	0.08994	0.00535	0.00421	0.00136	0.00612	0.00394	0.00238	0.00648
18	0.01715	0.02149	0.01329	0.01215	0.01451	0.72251	0.00914	0.01847	0.01329	0.01196	0.00819	0.00997	0.00696	0.00844	0.08969	0.00197	0.00932	0.00339	0.00254	0.00556
19	0.01432	0.03953	0.01720	0.03179	0.38902	0.09532	0.06194	0.03237	0.04520	0.15405	0.02576	0.03360	0.01034	0.00543	0.00494	0.00149	0.00577	0.02126	0.00338	0.00730
20	0.01343	0.20414	0.22450	0.01093	0.06360	0.01108	0.01044	0.01633	0.01149	0.21133	0.05463	0.01528	0.06171	0.00561	0.00446	0.00137	0.00511	0.00444	0.00350	0.06663
21	0.00599	0.00428	0.00570	0.00684	0.00713	0.00399	0.00456	0.00684	0.00941	0.01254	0.02709	0.82409	0.03250	0.01540	0.00627	0.00200	0.00285	0.01397	0.00456	0.00399
22	0.63625	0.00903	0.02715	0.00665	0.00953	0.00967	0.00558	0.01438	0.00952	0.07489	0.09190	0.01237	0.01065	0.00533	0.00353	0.00150	0.00366	0.00363	0.05933	0.00546
23	0.01118	0.31751	0.25198	0.09214	0.15427	0.01392	0.01273	0.01433	0.01026	0.01369	0.00929	0.06076	0.00820	0.00514	0.00427	0.00139	0.00593	0.00411	0.00231	0.00662
24	0.00930	0.00871	0.01465	0.74269	0.07254	0.01068	0.01336	0.01246	0.00988	0.01274	0.00948	0.04502	0.00764	0.00530	0.00496	0.00164	0.00637	0.00475	0.00229	0.00552
25	0.00711	0.00492	0.00613	0.00613	0.00640	0.00518	0.00394	0.00764	0.00737	0.01010	0.01478	0.02826	0.01617	0.58722	0.26277	0.00572	0.00732	0.00658	0.00287	0.00341
26	0.23046	0.01467	0.06451	0.01721	0.27710	0.19973	0.04112	0.01632	0.01110	0.04887	0.00858	0.01040	0.00684	0.00479	0.00464	0.00147	0.02923	0.00368	0.00273	0.00654
27	0.00715	0.00553	0.00633	0.00607	0.00756	0.00509	0.00455	0.06208	0.01284	0.01681	0.31950	0.12688	0.37875	0.01143	0.00579	0.00164	0.00267	0.00980	0.00490	0.00461
28	0.10315	0.34081	0.01720	0.00960	0.05321	0.03853	0.00788	0.06940	0.09270	0.02963	0.00934	0.01017	0.00765	0.00457	0.00372	0.00116	0.00474	0.00327	0.00298	0.19028
29	0.01191	0.36104	0.15357	0.01671	0.27508	0.01459	0.02897	0.01461	0.01034	0.01372	0.00849	0.01111	0.00741	0.04723	0.00518	0.00148	0.00583	0.00369	0.00226	0.00679

[dist]
# distance from previous block
# <min> <max>
0	2

[block]
# block no. 2 follows, 51 sequences, length 9
# corresponding to MSA columns:
# 968-976
name=unknown_C
#
# <colnr> <probs for GDERKNQSTAVLIFYWHMCP>
#	G	D	E	R	K	N	Q	S	T	A	V	L	I	F	Y	W	H	M	C	P
0	0.01408	0.11385	0.23760	0.01509	0.09712	0.29601	0.09123	0.05189	0.01239	0.01462	0.00845	0.01009	0.00665	0.00473	0.00456	0.00139	0.00748	0.00368	0.00245	0.00663
1	0.00698	0.00488	0.00627	0.00639	0.00672	0.00516	0.00423	0.00767	0.00764	0.01049	0.01592	0.11155	0.01750	0.47009	0.29170	0.00555	0.00744	0.00722	0.00303	0.00357
2	0.01019	0.00873	0.01019	0.00728	0.01165	0.00655	0.00582	0.01237	0.01019	0.01601	0.00873	0.01019	0.00728	0.00364	0.00364	0.00073	0.00364	0.00291	0.00291	0.85734
3	0.17534	0.00872	0.02741	0.00783	0.01055	0.04035	0.00637	0.04815	0.03513	0.28026	0.25608	0.02114	0.02121	0.03361	0.00547	0.00163	0.00386	0.00570	0.00488	0.00630
4	0.00589	0.00498	0.00510	0.00507	0.00669	0.00419	0.00380	0.00722	0.01140	0.01376	0.10560	0.04650	0.73853	0.01227	0.00581	0.00165	0.00248	0.01026	0.00463	0.00419
5	0.00940	0.00814	0.01266	0.01762	0.37815	0.00821	0.00937	0.01108	0.00967	0.01344	0.01535	0.14957	0.03713	0.22269	0.03231	0.00263	0.02677	0.02723	0.00303	0.00558
6	0.00598	0.00432	0.00566	0.00672	0.00710	0.00400	0.00451	0.00686	0.00952	0.01259	0.02855	0.77400	0.08164	0.01521	0.00624	0.00197	0.00283	0.01374	0.00456	0.00400
7	0.00705	0.00478	0.00533	0.00533	0.00545	0.00472	0.00303	0.00714	0.00745	0.00981	0.01802	0.03328	0.07522	0.76713	0.02359	0.00454	0.00460	0.00738	0.00309	0.00306
8	0.01348	0.01296	0.01608	0.09363	0.30349	0.15647	0.04537	0.07340	0.05271	0.05668	0.02818	0.01498	0.04134	0.00572	0.00553	0.00153	0.04829	0.02024	0.00311	0.00680

[dist]
# distance from previous block
# <min> <max>
3	4

[block]
# block no. 3 follows, 51 sequences, length 9
# corresponding to MSA columns:
# 981-989
name=unknown_D
#
# <colnr> <probs for GDERKNQSTAVLIFYWHMCP>
#	G	D	E	R	K	N	Q	S	T	A	V	L	I	F	Y	W	H	M	C	P
0	0.02983	0.19510	0.20869	0.01337	0.11147	0.08471	0.01162	0.03590	0.11729	0.06980	0.01081	0.01228	0.00851	0.00535	0.00505	0.00146	0.05088	0.01795	0.00298	0.00696
1	0.01249	0.15219	0.23865	0.05038	0.13776	0.08742	0.04639	0.08643	0.01185	0.01583	0.00866	0.01048	0.00685	0.00477	0.00491	0.00139	0.04064	0.00371	0.00254	0.07667
2	0.00856	0.00671	0.00838	0.00705	0.00931	0.00598	0.00530	0.00999	0.00873	0.01301	0.01140	0.01748	0.01093	0.17578	0.25350	0.04098	0.00679	0.00452	0.00281	0.39280
3	0.00678	0.00666	0.06240	0.00649	0.00831	0.00521	0.00540	0.00921	0.04979	0.01532	0.22279	0.12505	0.41187	0.01138	0.00577	0.00168	0.00296	0.03365	0.00461	0.00466
4	0.01171	0.38546	0.02166	0.13605	0.05419	0.01486	0.13920	0.01481	0.05655	0.01372	0.04730	0.01200	0.00913	0.00486	0.00460	0.00135	0.03067	0.00405	0.00256	0.03528
5	0.00699	0.00480	0.00584	0.00595	0.00616	0.00489	0.00371	0.00744	0.00776	0.01053	0.04509	0.11830	0.01967	0.58416	0.14388	0.00483	0.00577	0.00768	0.00319	0.00337
6	0.01085	0.01038	0.07966	0.00860	0.01322	0.00730	0.04502	0.01342	0.01048	0.05701	0.00936	0.01070	0.00745	0.00388	0.00390	0.00089	0.00421	0.00322	0.00298	0.69746
7	0.03950	0.04245	0.06554	0.00986	0.03369	0.01067	0.00830	0.27169	0.04777	0.16431	0.01591	0.01565	0.08234	0.00593	0.00463	0.00136	0.00460	0.00467	0.00431	0.16683
8	0.10431	0.17986	0.07299	0.01062	0.01283	0.03095	0.00954	0.04342	0.00945	0.05514	0.00826	0.01092	0.00718	0.00921	0.08143	0.00225	0.33931	0.00383	0.00260	0.00589

[dist]
# distance from previous block
# <min> <max>
0	2

[block]
# block no. 4 follows, 51 sequences, length 42
# corresponding to MSA columns:
# 992-1033
name=unknown_E
#
# <colnr> <probs for GDERKNQSTAVLIFYWHMCP>
#	G	D	E	R	K	N	Q	S	T	A	V	L	I	F	Y	W	H	M	C	P
0	0.02987	0.08341	0.22409	0.01028	0.03224	0.03566	0.03157	0.01176	0.02017	0.02832	0.02657	0.36103	0.01953	0.00986	0.00536	0.00173	0.00484	0.05471	0.00350	0.00551
1	0.01245	0.34471	0.15578	0.01302	0.14398	0.05797	0.01077	0.01506	0.01075	0.04232	0.02922	0.01048	0.00795	0.00451	0.00397	0.00120	0.00556	0.00341	0.00252	0.12436
2	0.00664	0.00496	0.00616	0.00596	0.00717	0.00449	0.00443	0.00862	0.01301	0.01781	0.57894	0.09192	0.20991	0.01093	0.00583	0.00160	0.00239	0.00955	0.00517	0.00449
3	0.01284	0.01086	0.01146	0.01013	0.01302	0.01251	0.00793	0.09848	0.71438	0.02156	0.01921	0.01771	0.01436	0.00659	0.00499	0.00165	0.00403	0.00545	0.00499	0.00783
4	0.07133	0.00734	0.06067	0.02092	0.00953	0.00632	0.00611	0.06845	0.01220	0.03581	0.25293	0.25175	0.13691	0.01070	0.00557	0.00170	0.00334	0.02884	0.00455	0.00500
5	0.01367	0.48435	0.17881	0.00988	0.01452	0.03555	0.01028	0.04651	0.05745	0.09355	0.00950	0.01008	0.00748	0.00472	0.00385	0.00126	0.00556	0.00332	0.00279	0.00686
6	0.01675	0.04712	0.01485	0.09264	0.06937	0.52287	0.01018	0.11946	0.03457	0.01507	0.00867	0.01010	0.00694	0.00513	0.00454	0.00135	0.00772	0.00358	0.00286	0.00624
7	0.00597	0.00435	0.00563	0.00665	0.00708	0.00401	0.00448	0.00686	0.00960	0.01262	0.02946	0.74295	0.11211	0.01509	0.00622	0.00196	0.00281	0.01359	0.00456	0.00401
8	0.01020	0.00944	0.01575	0.33150	0.36933	0.01037	0.01283	0.01295	0.01006	0.01380	0.00985	0.01458	0.00843	0.06306	0.08545	0.00239	0.00677	0.00465	0.00239	0.00622
9	0.07871	0.01134	0.04725	0.03945	0.19894	0.01088	0.14765	0.12405	0.04563	0.15888	0.01321	0.05205	0.01049	0.00583	0.00505	0.00158	0.00557	0.03248	0.00375	0.00719
10	0.00715	0.00476	0.00536	0.00536	0.00536	0.00476	0.00298	0.00715	0.00715	0.00953	0.01548	0.03216	0.01787	0.82729	0.02501	0.00476	0.00476	0.00715	0.00298	0.00298
11	0.00641	0.00465	0.00605	0.00644	0.00720	0.00429	0.00455	0.00795	0.01154	0.01581	0.37392	0.42532	0.08194	0.01282	0.00603	0.00177	0.00259	0.01148	0.00494	0.00429
12	0.02481	0.01237	0.01649	0.12158	0.35888	0.05830	0.01219	0.21426	0.09696	0.01980	0.01086	0.01260	0.00843	0.00513	0.00485	0.00150	0.00576	0.00442	0.00333	0.00748
13	0.03879	0.01155	0.07099	0.23592	0.08578	0.01132	0.05039	0.20565	0.03171	0.17332	0.01228	0.03005	0.00892	0.00553	0.00492	0.00156	0.00567	0.00469	0.00379	0.00715
14	0.01640	0.02018	0.01401	0.01259	0.01452	0.61392	0.00968	0.01764	0.01237	0.01197	0.00749	0.00955	0.00651	0.00668	0.02829	0.00163	0.18504	0.00347	0.00245	0.00559
15	0.01381	0.01099	0.01175	0.01016	0.01319	0.01249	0.00802	0.15445	0.61921	0.06093	0.01857	0.01714	0.01373	0.00651	0.00498	0.00163	0.00416	0.00533	0.00504	0.00791
16	0.01311	0.33683	0.13182	0.00992	0.01424	0.13496	0.01891	0.01623	0.06308	0.04095	0.00896	0.00992	0.00729	0.00452	0.00388	0.00116	0.00569	0.00323	0.00266	0.17263
17	0.00716	0.00468	0.00617	0.00684	0.00752	0.00432	0.00474	0.00825	0.01015	0.06604	0.09041	0.64226	0.07400	0.01470	0.02600	0.00205	0.00313	0.01253	0.00469	0.00436
18	0.00762	0.00594	0.00870	0.00898	0.05273	0.00644	0.00649	0.00942	0.00828	0.01205	0.01260	0.01851	0.01176	0.06250	0.65341	0.00671	0.01149	0.00506	0.00266	0.08866
19	0.00582	0.00494	0.00502	0.00509	0.00667	0.00414	0.00378	0.00704	0.01109	0.01323	0.04843	0.09360	0.74921	0.01262	0.00584	0.00168	0.00251	0.01059	0.00456	0.00414
20	0.67294	0.00888	0.00789	0.00808	0.06202	0.01002	0.00586	0.01345	0.00896	0.02058	0.05277	0.09037	0.01045	0.00592	0.00364	0.00156	0.00376	0.00424	0.00328	0.00532
21	0.00924	0.00658	0.00979	0.25047	0.04658	0.00688	0.00801	0.01120	0.01042	0.09704	0.06471	0.36028	0.02081	0.00975	0.00545	0.00171	0.00421	0.00873	0.02608	0.04204
22	0.01186	0.25564	0.14685	0.00884	0.01360	0.01124	0.00875	0.01443	0.01044	0.07062	0.00894	0.01000	0.00716	0.00415	0.00376	0.00102	0.00476	0.00309	0.00276	0.40208
23	0.81481	0.05514	0.00825	0.00657	0.00968	0.01149	0.00549	0.01446	0.00845	0.02147	0.00684	0.00798	0.00538	0.00454	0.00305	0.00149	0.00388	0.00266	0.00299	0.00538
24	0.00916	0.00458	0.00458	0.00458	0.00573	0.00458	0.00344	0.01145	0.01031	0.01832	0.01603	0.01832	0.01260	0.00573	0.00344	0.00115	0.00229	0.00458	0.85457	0.00458
25	0.00725	0.02686	0.00699	0.00665	0.00787	0.00552	0.00488	0.03435	0.06110	0.01603	0.27138	0.32379	0.18499	0.01197	0.00582	0.00173	0.00282	0.01052	0.00480	0.00467
26	0.01152	0.05892	0.12217	0.04934	0.42430	0.01188	0.17248	0.01495	0.01104	0.01552	0.00974	0.01338	0.00808	0.00467	0.00498	0.00151	0.00642	0.03037	0.00245	0.02627
27	0.01019	0.07391	0.41986	0.09581	0.11849	0.01140	0.09189	0.01451	0.01073	0.01527	0.06206	0.03400	0.00997	0.00521	0.00485	0.00154	0.00653	0.00457	0.00246	0.00676
28	0.00714	0.00475	0.00606	0.00650	0.00690	0.00466	0.00431	0.00788	0.00875	0.03845	0.04223	0.38260	0.02468	0.31883	0.09069	0.00357	0.00463	0.02966	0.00386	0.00383
29	0.01464	0.51081	0.07440	0.01016	0.01405	0.26291	0.00942	0.03045	0.01147	0.01234	0.00729	0.00843	0.00635	0.00453	0.00368	0.00116	0.00651	0.00290	0.00229	0.00622
30	0.03664	0.25569	0.35996	0.11490	0.01902	0.01320	0.01310	0.01586	0.01056	0.10458	0.00939	0.01066	0.00695	0.00472	0.00424	0.00141	0.00613	0.00356	0.00259	0.00682
31	0.02008	0.00539	0.00710	0.00718	0.00831	0.00508	0.00521	0.01073	0.01025	0.16561	0.04904	0.41259	0.04718	0.10620	0.06738	0.00264	0.00417	0.05647	0.00454	0.00483
32	0.01681	0.00710	0.00957	0.00799	0.01075	0.00622	0.00632	0.01851	0.01299	0.53988	0.09275	0.18701	0.04489	0.00858	0.00532	0.00163	0.00368	0.00735	0.00566	0.00698
33	0.04357	0.05947	0.01866	0.09717	0.33474	0.01146	0.14258	0.01481	0.02359	0.06353	0.01133	0.05751	0.00986	0.00573	0.00569	0.00160	0.05446	0.03465	0.00287	0.00674
34	0.01440	0.07207	0.13692	0.12555	0.13471	0.28285	0.01187	0.05160	0.02562	0.06550	0.02794	0.01157	0.00813	0.00507	0.00461	0.00142	0.00690	0.00390	0.00282	0.00656
35	0.00711	0.00491	0.00611	0.00611	0.00637	0.00517	0.00391	0.00763	0.00737	0.01008	0.01480	0.02837	0.01622	0.59398	0.25608	0.00569	0.00724	0.00659	0.00288	0.00339
36	0.01297	0.00662	0.00891	0.00833	0.01043	0.00616	0.00686	0.03582	0.01275	0.29985	0.11703	0.11777	0.04184	0.01039	0.00587	0.00184	0.00394	0.28143	0.00521	0.00597
37	0.03775	0.11035	0.06686	0.02696	0.06115	0.36777	0.02327	0.04104	0.01239	0.07219	0.01022	0.06496	0.00884	0.00586	0.00505	0.00141	0.04720	0.00426	0.02635	0.00612
38	0.01074	0.05774	0.01280	0.07604	0.11173	0.00965	0.05068	0.06373	0.17264	0.04561	0.02764	0.14261	0.10914	0.02812	0.00562	0.00165	0.00444	0.00684	0.00388	0.05870
39	0.01163	0.14701	0.10132	0.02517	0.07842	0.01012	0.00868	0.07034	0.01162	0.06426	0.04176	0.04397	0.05359	0.00542	0.00427	0.00118	0.00457	0.00438	0.00322	0.30905
40	0.01332	0.47714	0.10953	0.01155	0.07893	0.06493	0.01022	0.01589	0.03942	0.05977	0.00851	0.00973	0.00711	0.00488	0.00476	0.00129	0.07063	0.00330	0.00250	0.00660
41	0.01550	0.06225	0.12169	0.09039	0.07893	0.02143	0.02798	0.18950	0.02685	0.21703	0.01213	0.01275	0.00860	0.00548	0.00536	0.00150	0.05069	0.00429	0.00387	0.04377

[dist]
# distance from previous block
# <min> <max>
4	11

[block]
# block no. 5 follows, 51 sequences, length 7
# corresponding to MSA columns:
# 1045-1051
name=unknown_F
#
# <colnr> <probs for GDERKNQSTAVLIFYWHMCP>
#	G	D	E	R	K	N	Q	S	T	A	V	L	I	F	Y	W	H	M	C	P
0	0.00616	0.00480	0.00563	0.00606	0.00716	0.00427	0.00444	0.00748	0.01091	0.01386	0.12392	0.30904	0.39314	0.01326	0.00604	0.00181	0.00275	0.07042	0.00466	0.00418
1	0.04521	0.11145	0.22609	0.01556	0.14496	0.01222	0.12839	0.07993	0.03338	0.13990	0.01096	0.01205	0.00799	0.00486	0.00471	0.00149	0.00609	0.00425	0.00318	0.00734
2	0.01083	0.05533	0.40378	0.05176	0.16027	0.01146	0.13673	0.01514	0.01083	0.03887	0.01144	0.01328	0.04821	0.00497	0.00489	0.00154	0.00670	0.00449	0.00246	0.00700
3	0.04674	0.00645	0.00809	0.00744	0.00934	0.00612	0.00570	0.01431	0.06705	0.24857	0.16740	0.19970	0.06953	0.06168	0.00676	0.00190	0.00347	0.05899	0.00504	0.00571
4	0.01140	0.01957	0.45943	0.01703	0.09545	0.01143	0.22729	0.01615	0.01105	0.06991	0.00990	0.01178	0.00712	0.00459	0.00502	0.00157	0.00720	0.00439	0.00250	0.00721
5	0.01279	0.04801	0.15471	0.15648	0.07887	0.01071	0.09236	0.04713	0.09817	0.15236	0.03471	0.04086	0.01066	0.00560	0.00492	0.00154	0.00566	0.00494	0.00350	0.03599
6	0.01137	0.02702	0.05696	0.04132	0.18689	0.00816	0.05382	0.01386	0.03409	0.15168	0.01813	0.21814	0.03520	0.06500	0.00677	0.00191	0.00475	0.05495	0.00386	0.00612

[dist]
# distance from previous block
# <min> <max>
1	10

[block]
# block no. 6 follows, 51 sequences, length 18
# corresponding to MSA columns:
# 1062-1079
name=unknown_G
#
# <colnr> <probs for GDERKNQSTAVLIFYWHMCP>
#	G	D	E	R	K	N	Q	S	T	A	V	L	I	F	Y	W	H	M	C	P
0	0.03680	0.12878	0.20855	0.01345	0.11098	0.04645	0.06248	0.03921	0.08069	0.05871	0.04640	0.01608	0.01127	0.03581	0.04297	0.00192	0.00614	0.04359	0.00310	0.00662
1	0.01169	0.01169	0.04903	0.07207	0.33118	0.01126	0.22376	0.04590	0.02870	0.03603	0.02384	0.04079	0.01042	0.00562	0.00563	0.00162	0.03026	0.05072	0.00290	0.00690
2	0.03835	0.01190	0.01803	0.01819	0.24029	0.08019	0.21071	0.01752	0.10370	0.12168	0.03544	0.03368	0.03630	0.00555	0.00513	0.00155	0.00595	0.00535	0.00347	0.00701
3	0.01602	0.01395	0.01289	0.01068	0.01368	0.17606	0.00846	0.45219	0.01822	0.02310	0.01412	0.12059	0.03926	0.00722	0.00524	0.00150	0.02396	0.00560	0.00424	0.03303
4	0.12371	0.00820	0.01006	0.00846	0.01103	0.00843	0.00677	0.10425	0.01227	0.33716	0.01556	0.07411	0.01240	0.05897	0.14565	0.00287	0.04368	0.00539	0.00449	0.00652
5	0.01188	0.01262	0.05845	0.07571	0.35766	0.05053	0.16354	0.03141	0.03104	0.01595	0.00949	0.01203	0.00760	0.00439	0.00484	0.00140	0.00619	0.00436	0.00260	0.13830
6	0.01054	0.00653	0.00811	0.00771	0.00949	0.00644	0.00611	0.01391	0.11925	0.15836	0.11126	0.03531	0.13659	0.10757	0.04983	0.00246	0.00431	0.19607	0.00470	0.00544
7	0.00702	0.00527	0.00790	0.00790	0.00878	0.00614	0.00614	0.00878	0.00790	0.01141	0.01316	0.01931	0.01229	0.03686	0.80782	0.00790	0.01316	0.00527	0.00263	0.00439
8	0.00802	0.00598	0.00794	0.00930	0.08811	0.00577	0.00596	0.03968	0.04511	0.04231	0.10264	0.47480	0.12068	0.01231	0.00587	0.00180	0.00325	0.01100	0.00452	0.00495
9	0.01108	0.00798	0.00900	0.00806	0.01023	0.00823	0.00625	0.17639	0.15150	0.07580	0.12493	0.16865	0.18607	0.00981	0.00551	0.00167	0.00357	0.02432	0.00493	0.00603
10	0.00658	0.00483	0.00652	0.00697	0.00759	0.00500	0.00500	0.00776	0.00874	0.01184	0.02210	0.31579	0.08913	0.12875	0.32137	0.00464	0.00714	0.03260	0.00360	0.00404
11	0.00792	0.00566	0.00792	0.00905	0.01018	0.00566	0.00792	0.01018	0.01131	0.01471	0.02602	0.05543	0.02828	0.01358	0.00679	0.00226	0.00453	0.76356	0.00453	0.00453
12	0.01063	0.01264	0.11349	0.42832	0.15078	0.05637	0.09561	0.01403	0.01043	0.01376	0.00879	0.01230	0.00679	0.00488	0.00542	0.00160	0.04135	0.00436	0.00226	0.00618
13	0.08281	0.01134	0.01817	0.09685	0.62448	0.01173	0.01386	0.05318	0.01143	0.01699	0.00913	0.01188	0.00750	0.00452	0.00472	0.00148	0.00571	0.00424	0.00259	0.00740
14	0.00609	0.00494	0.00543	0.00560	0.00700	0.00428	0.00420	0.00748	0.01130	0.01401	0.13115	0.14250	0.56675	0.01260	0.00592	0.00173	0.00264	0.05750	0.00466	0.00421
15	0.01195	0.01145	0.04872	0.02278	0.01298	0.16971	0.07747	0.01395	0.01187	0.11060	0.12758	0.12076	0.08308	0.00865	0.00654	0.00168	0.08882	0.06197	0.00387	0.00557
16	0.01198	0.04273	0.40016	0.01693	0.18967	0.01183	0.04850	0.08920	0.01195	0.05773	0.01027	0.01292	0.00794	0.00522	0.00523	0.00156	0.03486	0.03126	0.00275	0.00732
17	0.01304	0.01170	0.03969	0.01768	0.28401	0.05248	0.06100	0.19151	0.01382	0.04883	0.02605	0.14940	0.01295	0.00706	0.00562	0.00160	0.03649	0.01658	0.00357	0.00691

[dist]
# distance from previous block
# <min> <max>
1	8

[block]
# block no. 7 follows, 51 sequences, length 16
# corresponding to MSA columns:
# 1088-1103
name=unknown_H
#
# <colnr> <probs for GDERKNQSTAVLIFYWHMCP>
#	G	D	E	R	K	N	Q	S	T	A	V	L	I	F	Y	W	H	M	C	P
0	0.01131	0.01139	0.13555	0.03826	0.01369	0.06394	0.04040	0.07380	0.01163	0.10463	0.11863	0.01779	0.01457	0.01619	0.26316	0.00359	0.04689	0.00520	0.00344	0.00591
1	0.05229	0.38067	0.19881	0.01012	0.03043	0.03737	0.01022	0.04287	0.02108	0.02897	0.11378	0.01296	0.01195	0.00537	0.00435	0.00133	0.02430	0.00394	0.00282	0.00638
2	0.00707	0.00490	0.00600	0.00587	0.00633	0.00486	0.00382	0.00798	0.00935	0.01292	0.26035	0.03230	0.02628	0.49052	0.09769	0.00407	0.00484	0.00751	0.00371	0.00364
3	0.00644	0.00484	0.00591	0.00597	0.00704	0.00437	0.00432	0.00808	0.01199	0.01609	0.40158	0.20872	0.24665	0.03759	0.00651	0.00177	0.00256	0.01033	0.00492	0.00431
4	0.02616	0.02876	0.34738	0.04702	0.01812	0.02738	0.07313	0.08456	0.10848	0.06970	0.01214	0.05739	0.00952	0.00572	0.00506	0.00155	0.02223	0.00475	0.00320	0.04773
5	0.01237	0.20073	0.30318	0.05048	0.01768	0.05779	0.04938	0.04785	0.09117	0.05273	0.00997	0.01121	0.00762	0.00517	0.00523	0.00148	0.06250	0.00386	0.00275	0.00686
6	0.01016	0.02332	0.66839	0.01516	0.02203	0.01159	0.14949	0.01559	0.01059	0.01559	0.00901	0.01087	0.00644	0.00458	0.00486	0.00157	0.00744	0.00401	0.00215	0.00715
7	0.01010	0.00890	0.01200	0.16368	0.12214	0.02263	0.00983	0.01566	0.22293	0.01576	0.01872	0.04379	0.05605	0.00838	0.00611	0.00181	0.05008	0.20160	0.00377	0.00607
8	0.01111	0.11094	0.14386	0.05674	0.41679	0.01182	0.05011	0.01421	0.01056	0.01478	0.01001	0.05033	0.00877	0.00719	0.06034	0.00191	0.00651	0.00463	0.00244	0.00695
9	0.00928	0.00873	0.01474	0.81548	0.03385	0.01092	0.01365	0.01256	0.00983	0.01256	0.00873	0.01310	0.00655	0.00491	0.00491	0.00164	0.00655	0.00437	0.00218	0.00546
10	0.00667	0.00485	0.00636	0.00683	0.00770	0.00454	0.00510	0.00836	0.01159	0.01570	0.32039	0.33064	0.09717	0.01281	0.00614	0.00184	0.00291	0.14118	0.00488	0.00434
11	0.07872	0.04747	0.16641	0.08326	0.06059	0.00987	0.12525	0.01532	0.05395	0.12950	0.01440	0.16733	0.01282	0.00693	0.00504	0.00163	0.00544	0.00621	0.00346	0.00641
12	0.05276	0.01186	0.01727	0.27796	0.36496	0.08213	0.04943	0.05740	0.01154	0.01568	0.00900	0.01200	0.00716	0.00469	0.00480	0.00151	0.00633	0.00426	0.00253	0.00671
13	0.00601	0.00436	0.00568	0.00667	0.00710	0.00403	0.00450	0.00696	0.00974	0.01291	0.06194	0.72887	0.09322	0.01493	0.00622	0.00195	0.00280	0.01347	0.00460	0.00403
14	0.00827	0.00710	0.01146	0.05525	0.22285	0.00701	0.05133	0.01009	0.01016	0.01382	0.02030	0.46512	0.02282	0.01113	0.00583	0.00183	0.00427	0.06234	0.00375	0.00527
15	0.06486	0.01082	0.01509	0.01546	0.21481	0.04753	0.07027	0.07273	0.03885	0.37758	0.01428	0.01413	0.00984	0.00537	0.00486	0.00151	0.00521	0.00464	0.00441	0.00776

[dist]
# distance from previous block
# <min> <max>
0	1

[block]
# block no. 8 follows, 51 sequences, length 26
# corresponding to MSA columns:
# 1105-1130
name=unknown_I
#
# <colnr> <probs for GDERKNQSTAVLIFYWHMCP>
#	G	D	E	R	K	N	Q	S	T	A	V	L	I	F	Y	W	H	M	C	P
0	0.57651	0.10426	0.05989	0.00921	0.04535	0.05580	0.04000	0.03213	0.00956	0.01960	0.00735	0.00865	0.00581	0.00456	0.00347	0.00146	0.00477	0.00299	0.00284	0.00580
1	0.01216	0.01168	0.01995	0.03016	0.79664	0.01168	0.01508	0.01508	0.01119	0.01605	0.00924	0.01216	0.00778	0.00438	0.00487	0.00146	0.00584	0.00438	0.00243	0.00778
2	0.00650	0.00476	0.00613	0.00647	0.00734	0.00439	0.00469	0.00813	0.01170	0.01592	0.37013	0.34988	0.11923	0.01261	0.00604	0.00177	0.00267	0.05237	0.00494	0.00432
3	0.01615	0.01258	0.01384	0.01198	0.06020	0.01403	0.00916	0.48494	0.27638	0.02664	0.01437	0.01399	0.01053	0.00607	0.00494	0.00154	0.00493	0.00480	0.00480	0.00813
4	0.01327	0.43286	0.23015	0.01149	0.05788	0.01504	0.03270	0.01632	0.02258	0.11224	0.00936	0.01020	0.00727	0.00461	0.00398	0.00129	0.00575	0.00341	0.00267	0.00693
5	0.13459	0.01065	0.06777	0.01124	0.08026	0.03501	0.04111	0.02013	0.05973	0.42499	0.02717	0.04208	0.01141	0.00592	0.00473	0.00154	0.00472	0.00487	0.00467	0.00741
6	0.01216	0.01168	0.01995	0.03016	0.79664	0.01168	0.01508	0.01508	0.01119	0.01605	0.00924	0.01216	0.00778	0.00438	0.00487	0.00146	0.00584	0.00438	0.00243	0.00778
7	0.01071	0.01005	0.01692	0.24902	0.49233	0.01063	0.01349	0.01357	0.01085	0.01506	0.05279	0.06132	0.01098	0.00548	0.00501	0.00155	0.00567	0.00518	0.00265	0.00674
8	0.01305	0.06532	0.17767	0.02629	0.01417	0.00944	0.04228	0.06120	0.05376	0.22007	0.06156	0.14129	0.04823	0.00760	0.00550	0.00161	0.03380	0.00637	0.00415	0.00666
9	0.01002	0.10437	0.69079	0.01314	0.01981	0.01189	0.01661	0.01511	0.01030	0.01504	0.00940	0.04492	0.00736	0.00508	0.00459	0.00152	0.00687	0.00397	0.00218	0.00703
10	0.00601	0.00447	0.00562	0.00652	0.00712	0.00408	0.00449	0.00699	0.00984	0.01276	0.03182	0.63745	0.19249	0.01472	0.00619	0.00193	0.00283	0.03607	0.00456	0.00404
11	0.07628	0.01328	0.04924	0.01618	0.19631	0.17102	0.12435	0.04731	0.01191	0.06588	0.02628	0.11876	0.01156	0.00729	0.02991	0.00174	0.01760	0.00559	0.00316	0.00635
12	0.00908	0.00859	0.01465	0.13024	0.13205	0.00905	0.15888	0.01161	0.02831	0.01400	0.03310	0.26760	0.06509	0.00891	0.00666	0.00178	0.08346	0.00812	0.00329	0.00552
13	0.01098	0.01046	0.01780	0.35359	0.48249	0.01136	0.01449	0.01404	0.01063	0.01461	0.00903	0.01255	0.00728	0.00460	0.00488	0.00153	0.00613	0.00437	0.00233	0.00683
14	0.00702	0.00545	0.00650	0.00708	0.00801	0.00541	0.00497	0.01014	0.14159	0.01402	0.02953	0.56285	0.15188	0.01344	0.00598	0.00189	0.00297	0.01197	0.00464	0.00466
15	0.01836	0.02342	0.01393	0.01266	0.01519	0.80756	0.00950	0.01962	0.01393	0.01203	0.00760	0.00886	0.00633	0.00506	0.00443	0.00127	0.00886	0.00317	0.00253	0.00570
16	0.00604	0.00499	0.00530	0.00522	0.00678	0.00425	0.00392	0.00750	0.01175	0.01458	0.20022	0.04515	0.64340	0.01196	0.00581	0.00164	0.00245	0.01007	0.00473	0.00425
17	0.00672	0.00485	0.00651	0.00749	0.00820	0.00463	0.00572	0.00819	0.01045	0.01378	0.07288	0.46081	0.07354	0.01427	0.00640	0.00205	0.00340	0.28129	0.00460	0.00423
18	0.05732	0.05473	0.33105	0.02839	0.01555	0.00948	0.03873	0.04634	0.01101	0.09505	0.01510	0.20572	0.01433	0.00784	0.00508	0.00167	0.00541	0.04752	0.00339	0.00628
19	0.01927	0.01123	0.01301	0.01008	0.01381	0.01164	0.00829	0.42999	0.05128	0.32515	0.04406	0.01489	0.01151	0.00616	0.00496	0.00150	0.00476	0.00484	0.00539	0.00820
20	0.00715	0.00476	0.00536	0.00536	0.00536	0.00476	0.00298	0.00715	0.00715	0.00953	0.01548	0.03216	0.01787	0.82729	0.02501	0.00476	0.00476	0.00715	0.00298	0.00298
21	0.07855	0.06503	0.07518	0.32911	0.14775	0.02730	0.02919	0.06837	0.01102	0.01543	0.01107	0.04207	0.04074	0.00561	0.00510	0.00157	0.03344	0.00467	0.00267	0.00614
22	0.06315	0.00659	0.00771	0.00684	0.00868	0.00641	0.00528	0.09593	0.01375	0.06789	0.44218	0.03142	0.11878	0.05389	0.00648	0.00171	0.00311	0.02379	0.00492	0.03148
23	0.06059	0.01168	0.04017	0.01110	0.04578	0.10250	0.00868	0.13123	0.07558	0.08123	0.01302	0.12065	0.01171	0.00907	0.05071	0.00199	0.16600	0.00550	0.00361	0.04919
24	0.01306	0.01235	0.01629	0.04613	0.37262	0.12958	0.05644	0.08005	0.01293	0.05168	0.07144	0.01763	0.04515	0.00596	0.00508	0.00151	0.00587	0.04615	0.00324	0.00683
25	0.08864	0.00866	0.00953	0.07655	0.02840	0.05017	0.00695	0.09287	0.12748	0.03451	0.12444	0.22224	0.04588	0.00880	0.00515	0.00162	0.00403	0.00751	0.00423	0.05233

[dist]
# distance from previous block
# <min> <max>
5	14

# created by:
# /st0/software/busco_prod/Augustus/scripts/msa2prfl.pl ./align_prep/61027.fa
