[name]
unknown

[dist]
# distance from previous block
# <min> <max>
0	57

[block]
# block no. 0 follows, 49 sequences, length 11
# corresponding to MSA columns:
# 91-101
name=unknown_A
#
# <colnr> <probs for GDERKNQSTAVLIFYWHMCP>
#	G	D	E	R	K	N	Q	S	T	A	V	L	I	F	Y	W	H	M	C	P
0	0.01359	0.00901	0.01105	0.00948	0.02875	0.02813	0.03614	0.12906	0.11109	0.18557	0.24720	0.02505	0.06342	0.02920	0.00596	0.00167	0.00412	0.02285	0.00512	0.03354
1	0.01533	0.01263	0.01408	0.18193	0.09222	0.12135	0.01030	0.28022	0.01589	0.07774	0.01208	0.01505	0.00944	0.03700	0.00574	0.00166	0.00600	0.02834	0.05604	0.00696
2	0.04015	0.01157	0.01348	0.07638	0.13803	0.08773	0.00950	0.17714	0.06648	0.13777	0.01308	0.03120	0.01031	0.04161	0.07237	0.00219	0.00621	0.00482	0.00392	0.05605
3	0.00831	0.00626	0.00683	0.00696	0.00806	0.00553	0.00471	0.00878	0.01143	0.01472	0.09376	0.19402	0.37895	0.21265	0.01163	0.00286	0.00384	0.01085	0.00491	0.00492
4	0.01165	0.01129	0.01547	0.01316	0.01345	0.01550	0.01096	0.06691	0.00890	0.01359	0.00703	0.01114	0.00678	0.00865	0.01577	0.00216	0.75500	0.00443	0.00242	0.00575
5	0.01264	0.01144	0.01544	0.08423	0.01773	0.01271	0.15061	0.07472	0.51759	0.02023	0.01704	0.01695	0.01275	0.00616	0.00528	0.00170	0.00519	0.00557	0.00440	0.00761
6	0.10557	0.01280	0.01334	0.01074	0.01437	0.01438	0.00874	0.49011	0.22913	0.02798	0.01391	0.01356	0.01014	0.00614	0.00488	0.00158	0.00496	0.00468	0.00488	0.00811
7	0.03847	0.03122	0.01177	0.00912	0.01241	0.00973	0.00743	0.21472	0.06429	0.34515	0.13863	0.04155	0.03829	0.00723	0.00518	0.00157	0.00425	0.00590	0.00550	0.00759
8	0.01272	0.00787	0.00910	0.06521	0.01154	0.04813	0.00642	0.04283	0.04525	0.20409	0.13640	0.02462	0.08936	0.06990	0.03587	0.00201	0.00440	0.02239	0.13128	0.03061
9	0.00751	0.00503	0.00660	0.03642	0.00849	0.00496	0.00518	0.02985	0.01018	0.01411	0.06603	0.47725	0.02696	0.04019	0.00810	0.09251	0.00338	0.05690	0.09617	0.00419
10	0.04127	0.00761	0.01112	0.34008	0.06300	0.00861	0.00939	0.02831	0.01063	0.05910	0.01436	0.12150	0.01294	0.03084	0.00574	0.00173	0.02043	0.02970	0.17815	0.00549

[dist]
# distance from previous block
# <min> <max>
0	4

[block]
# block no. 1 follows, 49 sequences, length 34
# corresponding to MSA columns:
# 106-139
name=unknown_B
#
# <colnr> <probs for GDERKNQSTAVLIFYWHMCP>
#	G	D	E	R	K	N	Q	S	T	A	V	L	I	F	Y	W	H	M	C	P
0	0.01186	0.01134	0.01933	0.20437	0.62257	0.01184	0.01519	0.01494	0.01120	0.01572	0.00940	0.01273	0.00773	0.00463	0.00502	0.00154	0.00617	0.00450	0.00245	0.00748
1	0.01481	0.00705	0.00961	0.00812	0.01060	0.00661	0.00648	0.03286	0.01321	0.38645	0.23422	0.02347	0.02235	0.01445	0.18268	0.00303	0.00585	0.00629	0.00525	0.00662
2	0.01043	0.12095	0.52739	0.19073	0.02367	0.01265	0.01641	0.01522	0.01050	0.01482	0.00880	0.01098	0.00649	0.00480	0.00467	0.00156	0.00706	0.00378	0.00216	0.00694
3	0.06751	0.59395	0.02279	0.00919	0.01338	0.01850	0.00867	0.18393	0.01317	0.01701	0.00817	0.00901	0.00690	0.00474	0.00364	0.00121	0.00535	0.00312	0.00287	0.00690
4	0.00924	0.00828	0.01361	0.63197	0.02941	0.01003	0.01273	0.01238	0.01045	0.01341	0.01294	0.02317	0.01172	0.00704	0.00548	0.00183	0.00628	0.17184	0.00278	0.00540
5	0.01217	0.01166	0.01990	0.12214	0.70235	0.01192	0.01535	0.01522	0.01135	0.01610	0.00945	0.01263	0.00786	0.00457	0.00501	0.00152	0.00609	0.00450	0.00247	0.00773
6	0.06939	0.07067	0.48413	0.01322	0.01935	0.01156	0.08576	0.01743	0.01131	0.15459	0.01085	0.01179	0.00755	0.00497	0.00475	0.00157	0.00664	0.00405	0.00298	0.00742
7	0.00777	0.00560	0.00768	0.00879	0.00987	0.00551	0.00746	0.00985	0.01138	0.01476	0.02825	0.15665	0.07107	0.01415	0.00686	0.00226	0.00432	0.61856	0.00466	0.00456
8	0.00719	0.00575	0.00836	0.20876	0.01443	0.00606	0.00722	0.00892	0.01034	0.01357	0.07213	0.46389	0.07937	0.01245	0.00607	0.00193	0.00395	0.06090	0.00413	0.00458
9	0.02042	0.00936	0.01369	0.01390	0.18596	0.00845	0.00923	0.02261	0.01381	0.62122	0.01763	0.01617	0.01151	0.00587	0.00507	0.00155	0.00468	0.00496	0.00542	0.00847
10	0.01774	0.01343	0.01434	0.01134	0.01512	0.01499	0.00925	0.60769	0.19237	0.02948	0.01402	0.01364	0.01012	0.00625	0.00508	0.00156	0.00522	0.00481	0.00508	0.00847
11	0.00728	0.00534	0.00697	0.00763	0.00850	0.00523	0.00572	0.00974	0.06434	0.01562	0.19625	0.41680	0.03439	0.01357	0.00638	0.00199	0.00328	0.18141	0.00491	0.00465
12	0.19904	0.00916	0.00981	0.00730	0.01149	0.00776	0.00588	0.01321	0.01007	0.01786	0.00855	0.00998	0.00704	0.00396	0.00361	0.00093	0.00378	0.00294	0.00303	0.66460
13	0.06417	0.03579	0.03227	0.07063	0.23020	0.01082	0.01057	0.10243	0.05224	0.31858	0.01412	0.01426	0.00988	0.00552	0.00489	0.00154	0.00515	0.00462	0.00436	0.00794
14	0.01226	0.01175	0.02006	0.09898	0.72483	0.01195	0.01539	0.01529	0.01139	0.01621	0.00947	0.01260	0.00790	0.00455	0.00501	0.00152	0.00607	0.00450	0.00248	0.00780
15	0.01479	0.64486	0.02398	0.00932	0.01358	0.01905	0.00887	0.18394	0.01328	0.01634	0.00817	0.00901	0.00696	0.00471	0.00365	0.00118	0.00544	0.00312	0.00281	0.00696
16	0.01102	0.20309	0.57208	0.01361	0.02022	0.01365	0.06838	0.01583	0.01067	0.01511	0.00870	0.01031	0.00651	0.00466	0.00454	0.00149	0.00709	0.00366	0.00217	0.00721
17	0.85801	0.00978	0.00743	0.00665	0.00978	0.01134	0.00548	0.01486	0.00861	0.02269	0.00704	0.00821	0.00548	0.00469	0.00313	0.00156	0.00391	0.00274	0.00313	0.00548
18	0.01111	0.00959	0.01003	0.00914	0.01174	0.01073	0.00708	0.02251	0.61028	0.01949	0.02740	0.02550	0.18747	0.00818	0.00533	0.00171	0.00368	0.00682	0.00505	0.00717
19	0.01138	0.01005	0.10602	0.00868	0.01170	0.00832	0.00768	0.03376	0.22610	0.13643	0.17566	0.02801	0.19807	0.00855	0.00544	0.00165	0.00386	0.00716	0.00492	0.00655
20	0.85801	0.00978	0.00743	0.00665	0.00978	0.01134	0.00548	0.01486	0.00861	0.02269	0.00704	0.00821	0.00548	0.00469	0.00313	0.00156	0.00391	0.00274	0.00313	0.00548
21	0.00922	0.02148	0.62012	0.01235	0.01854	0.01008	0.01538	0.01407	0.01087	0.01549	0.01845	0.01913	0.18045	0.00658	0.00507	0.00163	0.00638	0.00528	0.00270	0.00676
22	0.01218	0.19239	0.02084	0.17290	0.47523	0.01365	0.01371	0.01495	0.01097	0.01481	0.00886	0.01172	0.00743	0.00457	0.00462	0.00144	0.00601	0.00410	0.00238	0.00722
23	0.01747	0.01127	0.01275	0.01022	0.01371	0.01202	0.00829	0.35784	0.18999	0.21104	0.08664	0.01719	0.01463	0.00668	0.00517	0.00158	0.00462	0.00536	0.00541	0.00812
24	0.00662	0.00515	0.00602	0.00580	0.00723	0.00454	0.00435	0.00851	0.01305	0.01729	0.45535	0.04269	0.38230	0.01145	0.00597	0.00164	0.00246	0.00983	0.00517	0.00454
25	0.01379	0.72576	0.07871	0.00907	0.01359	0.01875	0.00928	0.01572	0.01053	0.05482	0.00788	0.00878	0.00681	0.00446	0.00345	0.00114	0.00549	0.00290	0.00238	0.00667
26	0.00598	0.00512	0.00512	0.00512	0.00683	0.00427	0.00384	0.00726	0.01153	0.01366	0.05123	0.04866	0.78869	0.01281	0.00598	0.00171	0.00256	0.01067	0.00470	0.00427
27	0.01352	0.82533	0.02650	0.00865	0.01298	0.02001	0.00865	0.01514	0.01027	0.01190	0.00703	0.00811	0.00649	0.00433	0.00324	0.00108	0.00541	0.00270	0.00216	0.00649
28	0.01313	0.01056	0.01335	0.01096	0.01399	0.02353	0.10186	0.14558	0.32999	0.07026	0.18841	0.02105	0.02020	0.00712	0.00540	0.00164	0.00456	0.00624	0.00493	0.00724
29	0.00789	0.00632	0.00950	0.01274	0.18213	0.00614	0.00766	0.00948	0.01040	0.01407	0.02361	0.51710	0.02709	0.01302	0.00622	0.00197	0.00389	0.13150	0.00420	0.00506
30	0.00762	0.00664	0.00875	0.01121	0.18137	0.00609	0.00665	0.00925	0.01122	0.01413	0.03779	0.07708	0.50138	0.05326	0.00686	0.00188	0.00357	0.04606	0.00412	0.00505
31	0.09790	0.12054	0.02784	0.01207	0.02555	0.18598	0.15319	0.06224	0.03429	0.01578	0.01352	0.20182	0.01340	0.00746	0.00502	0.00159	0.00609	0.00645	0.00330	0.00596
32	0.01324	0.01171	0.01795	0.22846	0.42257	0.01263	0.01382	0.18356	0.01388	0.01900	0.00996	0.01268	0.00781	0.00500	0.00503	0.00155	0.00610	0.00451	0.00301	0.00752
33	0.01236	0.05663	0.01871	0.11106	0.43813	0.06756	0.01359	0.01479	0.01065	0.01462	0.00856	0.01183	0.00738	0.00557	0.00746	0.00164	0.18581	0.00430	0.00240	0.00696

[dist]
# distance from previous block
# <min> <max>
0	10

[block]
# block no. 2 follows, 49 sequences, length 133
# corresponding to MSA columns:
# 150-282
name=unknown_C
#
# <colnr> <probs for GDERKNQSTAVLIFYWHMCP>
#	G	D	E	R	K	N	Q	S	T	A	V	L	I	F	Y	W	H	M	C	P
0	0.03091	0.04755	0.19913	0.00969	0.01356	0.00950	0.00941	0.06912	0.09592	0.22026	0.07912	0.02050	0.06919	0.09516	0.00728	0.00194	0.00495	0.00561	0.00431	0.00690
1	0.01377	0.05779	0.02052	0.07287	0.36513	0.06405	0.14436	0.14828	0.01376	0.01837	0.01019	0.01321	0.00825	0.00501	0.00510	0.00153	0.00655	0.02082	0.00298	0.00746
2	0.00787	0.00590	0.00718	0.09334	0.00995	0.00600	0.00522	0.04306	0.00997	0.01285	0.04993	0.03584	0.19797	0.41212	0.01570	0.00333	0.00448	0.07156	0.00367	0.00407
3	0.00735	0.00490	0.00552	0.00552	0.00552	0.00490	0.00306	0.00735	0.00735	0.00980	0.01593	0.03309	0.01838	0.82229	0.02574	0.00490	0.00490	0.00735	0.00306	0.00306
4	0.01049	0.00899	0.01049	0.00749	0.01198	0.00674	0.00599	0.01273	0.01049	0.01648	0.00899	0.01049	0.00749	0.00374	0.00374	0.00075	0.00374	0.00300	0.00300	0.85320
5	0.03577	0.78747	0.04169	0.00872	0.01308	0.01961	0.00877	0.01515	0.01024	0.01227	0.00707	0.00817	0.00646	0.00435	0.00327	0.00110	0.00541	0.00273	0.00219	0.00648
6	0.14099	0.01104	0.11731	0.00924	0.01335	0.00857	0.00852	0.03726	0.01324	0.50645	0.05359	0.01656	0.02901	0.00617	0.00482	0.00157	0.00458	0.00486	0.00515	0.00772
7	0.03993	0.06406	0.03215	0.01269	0.05198	0.31063	0.02609	0.24309	0.10313	0.03297	0.01103	0.01168	0.00845	0.00556	0.00470	0.00143	0.00671	0.00406	0.02255	0.00712
8	0.01149	0.00979	0.01047	0.00968	0.01215	0.01115	0.00741	0.02352	0.65100	0.01978	0.02260	0.12837	0.04392	0.00828	0.00535	0.00176	0.00381	0.00706	0.00507	0.00735
9	0.02947	0.00939	0.01130	0.00849	0.01256	0.00817	0.00690	0.11498	0.01326	0.25004	0.01285	0.01311	0.00934	0.00644	0.04223	0.00146	0.00462	0.00393	0.00422	0.43725
10	0.01428	0.01423	0.01268	0.01129	0.01388	0.20323	0.00878	0.05944	0.49038	0.01873	0.01584	0.01549	0.01216	0.00661	0.00604	0.00165	0.07880	0.00495	0.00426	0.00729
11	0.01396	0.01260	0.03548	0.01708	0.03390	0.01208	0.45920	0.05654	0.15347	0.13123	0.01360	0.01497	0.00983	0.00513	0.00561	0.00167	0.00688	0.00566	0.00368	0.00741
12	0.00615	0.00444	0.00583	0.00694	0.00731	0.00412	0.00465	0.00705	0.00978	0.01295	0.02915	0.77668	0.07492	0.01568	0.00643	0.00203	0.00291	0.01417	0.00469	0.00412
13	0.00728	0.00494	0.00562	0.00562	0.00575	0.00494	0.00326	0.00743	0.00760	0.01009	0.01755	0.03323	0.05590	0.74532	0.06165	0.00490	0.00520	0.00742	0.00313	0.00319
14	0.03601	0.02154	0.01395	0.01245	0.01515	0.64372	0.00947	0.11329	0.01504	0.01499	0.00865	0.01007	0.00709	0.00710	0.04840	0.00171	0.00881	0.00353	0.00293	0.00612
15	0.70190	0.05622	0.00940	0.00756	0.01072	0.09769	0.00621	0.03238	0.00966	0.02118	0.00724	0.00839	0.00571	0.00476	0.00333	0.00151	0.00460	0.00283	0.00306	0.00564
16	0.00726	0.00583	0.00661	0.00661	0.00818	0.00552	0.00509	0.01039	0.10198	0.01606	0.19936	0.09791	0.39942	0.01194	0.00603	0.00178	0.00296	0.09728	0.00493	0.00485
17	0.01181	0.00895	0.01062	0.00765	0.01208	0.00682	0.00615	0.01402	0.01092	0.10085	0.01018	0.01122	0.00804	0.00402	0.00389	0.00084	0.00381	0.00322	0.00335	0.76158
18	0.00735	0.00490	0.00552	0.00552	0.00552	0.00490	0.00306	0.00735	0.00735	0.00980	0.01593	0.03309	0.01838	0.82229	0.02574	0.00490	0.00490	0.00735	0.00306	0.00306
19	0.01733	0.01898	0.01558	0.01699	0.20794	0.48290	0.01092	0.06751	0.01425	0.06885	0.02633	0.01134	0.00833	0.00527	0.00477	0.00139	0.00764	0.00390	0.00305	0.00674
20	0.01142	0.10381	0.63628	0.01370	0.02034	0.09828	0.01674	0.01638	0.01103	0.01522	0.00874	0.01026	0.00643	0.00480	0.00463	0.00152	0.00745	0.00358	0.00219	0.00720
21	0.00613	0.00460	0.00569	0.00653	0.00721	0.00416	0.00447	0.00715	0.01026	0.01325	0.04945	0.60280	0.23007	0.01494	0.00632	0.00195	0.00283	0.01331	0.00471	0.00416
22	0.01049	0.00899	0.01049	0.00749	0.01198	0.00674	0.00599	0.01273	0.01049	0.01648	0.00899	0.01049	0.00749	0.00374	0.00374	0.00075	0.00374	0.00300	0.00300	0.85320
23	0.00607	0.00513	0.00525	0.00522	0.00689	0.00431	0.00391	0.00743	0.01174	0.01416	0.10725	0.04784	0.73235	0.01262	0.00598	0.00170	0.00255	0.01056	0.00476	0.00431
24	0.00975	0.00508	0.00546	0.00523	0.00666	0.00486	0.00397	0.01196	0.01136	0.07285	0.10036	0.02393	0.10068	0.00713	0.00416	0.00131	0.00252	0.00584	0.61196	0.00494
25	0.01767	0.02100	0.01441	0.01288	0.01508	0.62199	0.00989	0.01897	0.01315	0.05032	0.00819	0.00986	0.00683	0.00592	0.00675	0.00148	0.15342	0.00356	0.00271	0.00594
26	0.00600	0.00512	0.00516	0.00515	0.00685	0.00428	0.00386	0.00731	0.01159	0.01381	0.06765	0.04842	0.77218	0.01275	0.00598	0.00170	0.00256	0.01064	0.00472	0.00428
27	0.00969	0.00913	0.01543	0.77229	0.07155	0.01127	0.01412	0.01305	0.01018	0.01309	0.00901	0.01343	0.00680	0.00503	0.00505	0.00168	0.00671	0.00449	0.00226	0.00573
28	0.00742	0.00545	0.00699	0.00655	0.00783	0.00515	0.00493	0.01038	0.05159	0.02032	0.75079	0.03685	0.04614	0.01017	0.00592	0.00160	0.00246	0.00898	0.00555	0.00493
29	0.01818	0.01365	0.01459	0.01142	0.01528	0.01519	0.00936	0.65656	0.14280	0.03019	0.01347	0.01320	0.00967	0.00619	0.00507	0.00155	0.00532	0.00474	0.00507	0.00851
30	0.01183	0.01024	0.01343	0.01374	0.20591	0.00891	0.00871	0.08685	0.01202	0.01797	0.00942	0.01115	0.00773	0.00416	0.00419	0.00101	0.00448	0.00352	0.00307	0.56164
31	0.01889	0.02410	0.01433	0.01303	0.01563	0.80199	0.00977	0.02019	0.01433	0.01238	0.00782	0.00912	0.00651	0.00521	0.00456	0.00130	0.00912	0.00326	0.00261	0.00586
32	0.01889	0.02410	0.01433	0.01303	0.01563	0.80199	0.00977	0.02019	0.01433	0.01238	0.00782	0.00912	0.00651	0.00521	0.00456	0.00130	0.00912	0.00326	0.00261	0.00586
33	0.01258	0.01086	0.01143	0.01029	0.01315	0.01258	0.00800	0.02687	0.78161	0.02115	0.02058	0.01887	0.01544	0.00686	0.00515	0.00172	0.00400	0.00572	0.00515	0.00800
34	0.00603	0.00512	0.00520	0.00518	0.00686	0.00429	0.00389	0.00737	0.01166	0.01397	0.08623	0.04815	0.75350	0.01269	0.00598	0.00170	0.00255	0.01060	0.00474	0.00429
35	0.00611	0.00509	0.00534	0.00536	0.00694	0.00431	0.00399	0.00749	0.01173	0.01434	0.12988	0.08979	0.66683	0.01271	0.00600	0.00171	0.00256	0.01071	0.00479	0.00431
36	0.01690	0.01413	0.01449	0.01164	0.01508	0.11645	0.04602	0.49534	0.07987	0.02597	0.05029	0.06469	0.01226	0.00676	0.00518	0.00155	0.00573	0.00539	0.00463	0.00764
37	0.00705	0.00499	0.00590	0.00585	0.00691	0.00460	0.00419	0.00870	0.01185	0.01642	0.35129	0.11848	0.21081	0.11942	0.00839	0.00206	0.00282	0.00932	0.09658	0.00435
38	0.01354	0.01036	0.01119	0.00992	0.01282	0.01169	0.00776	0.02600	0.66632	0.10492	0.02034	0.01869	0.01502	0.00675	0.00507	0.00168	0.00397	0.00561	0.04042	0.00793
39	0.01381	0.78133	0.02583	0.00889	0.01312	0.06296	0.00871	0.01542	0.01050	0.01192	0.00707	0.00817	0.00649	0.00437	0.00332	0.00109	0.00561	0.00273	0.00219	0.00645
40	0.01581	0.01034	0.01238	0.01028	0.01275	0.04828	0.00834	0.20971	0.01412	0.23687	0.01364	0.01549	0.01043	0.03155	0.19233	0.00324	0.13843	0.00488	0.00423	0.00691
41	0.01266	0.01241	0.02081	0.03009	0.73313	0.03293	0.05213	0.01568	0.01161	0.01640	0.00950	0.01248	0.00795	0.00451	0.00504	0.00151	0.00621	0.00454	0.00251	0.00790
42	0.85801	0.00978	0.00743	0.00665	0.00978	0.01134	0.00548	0.01486	0.00861	0.02269	0.00704	0.00821	0.00548	0.00469	0.00313	0.00156	0.00391	0.00274	0.00313	0.00548
43	0.00846	0.00599	0.00806	0.09380	0.01100	0.00590	0.00601	0.01133	0.04278	0.06385	0.59519	0.03375	0.07521	0.00952	0.00578	0.00161	0.00304	0.00835	0.00519	0.00518
44	0.00950	0.00743	0.00876	0.00706	0.01025	0.00586	0.00545	0.01135	0.01086	0.05334	0.04808	0.15315	0.14119	0.00761	0.00471	0.00119	0.00339	0.00648	0.00381	0.50053
45	0.01009	0.01016	0.01928	0.42948	0.05668	0.01101	0.26787	0.01348	0.01073	0.01415	0.01147	0.10088	0.01000	0.00594	0.00551	0.00173	0.00690	0.00606	0.00263	0.00595
46	0.00664	0.00478	0.00593	0.00660	0.00714	0.00450	0.00451	0.00756	0.00977	0.01280	0.05976	0.42603	0.13620	0.20250	0.01090	0.00267	0.00347	0.07993	0.00435	0.00397
47	0.00691	0.00603	0.00657	0.00627	0.00777	0.00591	0.00479	0.00873	0.04779	0.01367	0.04321	0.04240	0.62941	0.05141	0.00805	0.00192	0.09067	0.00960	0.00437	0.00453
48	0.01113	0.01038	0.01514	0.64664	0.03079	0.05033	0.01321	0.09579	0.01169	0.01491	0.00916	0.01301	0.00693	0.00535	0.00558	0.00167	0.04533	0.00444	0.00257	0.00595
49	0.01922	0.01416	0.01518	0.01163	0.01568	0.01568	0.00961	0.77388	0.02378	0.03187	0.01214	0.01214	0.00860	0.00607	0.00506	0.00152	0.00556	0.00455	0.00506	0.00860
50	0.00943	0.00471	0.00471	0.00471	0.00589	0.00471	0.00353	0.01178	0.01060	0.01885	0.01650	0.01885	0.01296	0.00589	0.00353	0.00118	0.00236	0.00471	0.85036	0.00471
51	0.85801	0.00978	0.00743	0.00665	0.00978	0.01134	0.00548	0.01486	0.00861	0.02269	0.00704	0.00821	0.00548	0.00469	0.00313	0.00156	0.00391	0.00274	0.00313	0.00548
52	0.00675	0.00513	0.00552	0.00557	0.00710	0.00452	0.00428	0.00839	0.01174	0.01524	0.13144	0.04424	0.53647	0.01172	0.00575	0.00168	0.00269	0.07325	0.11409	0.00442
53	0.01109	0.02593	0.71128	0.01426	0.02121	0.09747	0.01772	0.01647	0.01107	0.01562	0.00894	0.01051	0.00642	0.00485	0.00478	0.00157	0.00765	0.00368	0.00219	0.00730
54	0.85801	0.00978	0.00743	0.00665	0.00978	0.01134	0.00548	0.01486	0.00861	0.02269	0.00704	0.00821	0.00548	0.00469	0.00313	0.00156	0.00391	0.00274	0.00313	0.00548
55	0.00735	0.00490	0.00552	0.00552	0.00552	0.00490	0.00306	0.00735	0.00735	0.00980	0.01593	0.03309	0.01838	0.82229	0.02574	0.00490	0.00490	0.00735	0.00306	0.00306
56	0.01252	0.01201	0.02053	0.03104	0.79074	0.01201	0.01552	0.01552	0.01151	0.01652	0.00951	0.01252	0.00801	0.00451	0.00501	0.00150	0.00601	0.00451	0.00250	0.00801
57	0.01889	0.02410	0.01433	0.01303	0.01563	0.80199	0.00977	0.02019	0.01433	0.01238	0.00782	0.00912	0.00651	0.00521	0.00456	0.00130	0.00912	0.00326	0.00261	0.00586
58	0.01251	0.01013	0.01071	0.00965	0.01236	0.01158	0.00750	0.02517	0.67716	0.04187	0.02012	0.01882	0.01509	0.00674	0.00497	0.00165	0.00383	0.00559	0.09687	0.00766
59	0.00955	0.00899	0.01517	0.81013	0.03483	0.01123	0.01404	0.01292	0.01011	0.01292	0.00899	0.01348	0.00674	0.00506	0.00506	0.00169	0.00674	0.00449	0.00225	0.00562
60	0.01252	0.01201	0.02053	0.03104	0.79074	0.01201	0.01552	0.01552	0.01151	0.01652	0.00951	0.01252	0.00801	0.00451	0.00501	0.00150	0.00601	0.00451	0.00250	0.00801
61	0.85801	0.00978	0.00743	0.00665	0.00978	0.01134	0.00548	0.01486	0.00861	0.02269	0.00704	0.00821	0.00548	0.00469	0.00313	0.00156	0.00391	0.00274	0.00313	0.00548
62	0.01258	0.01086	0.01143	0.01029	0.01315	0.01258	0.00800	0.02687	0.78161	0.02115	0.02058	0.01887	0.01544	0.00686	0.00515	0.00172	0.00400	0.00572	0.00515	0.00800
63	0.01889	0.02410	0.01433	0.01303	0.01563	0.80199	0.00977	0.02019	0.01433	0.01238	0.00782	0.00912	0.00651	0.00521	0.00456	0.00130	0.00912	0.00326	0.00261	0.00586
64	0.00610	0.00513	0.00530	0.00526	0.00691	0.00432	0.00394	0.00750	0.01183	0.01438	0.13116	0.04748	0.70831	0.01254	0.00598	0.00169	0.00254	0.01051	0.00479	0.00432
65	0.02269	0.00861	0.01174	0.00900	0.01291	0.00743	0.00743	0.02464	0.01447	0.79425	0.01995	0.01721	0.01252	0.00626	0.00509	0.00156	0.00430	0.00509	0.00626	0.00861
66	0.11331	0.00873	0.01127	0.00874	0.01257	0.00786	0.00722	0.02358	0.01384	0.71055	0.01855	0.01624	0.01175	0.00609	0.00487	0.00156	0.00426	0.00483	0.00592	0.00827
67	0.01194	0.01364	0.02984	0.02131	0.02643	0.01279	0.77238	0.01620	0.01194	0.01620	0.01023	0.01364	0.00767	0.00426	0.00597	0.00171	0.00853	0.00597	0.00256	0.00682
68	0.02252	0.00888	0.01190	0.00912	0.01304	0.00783	0.00754	0.06104	0.01493	0.75721	0.01957	0.01697	0.01233	0.00625	0.00508	0.00156	0.00436	0.00506	0.00620	0.00861
69	0.01258	0.01086	0.01143	0.01029	0.01315	0.01258	0.00800	0.02687	0.78161	0.02115	0.02058	0.01887	0.01544	0.00686	0.00515	0.00172	0.00400	0.00572	0.00515	0.00800
70	0.02269	0.00861	0.01174	0.00900	0.01291	0.00743	0.00743	0.02464	0.01447	0.79425	0.01995	0.01721	0.01252	0.00626	0.00509	0.00156	0.00430	0.00509	0.00626	0.00861
71	0.00632	0.00514	0.00560	0.00549	0.00704	0.00442	0.00412	0.00793	0.01235	0.01561	0.26829	0.04546	0.57041	0.01208	0.00597	0.00167	0.00251	0.01022	0.00495	0.00442
72	0.01531	0.01205	0.01279	0.01056	0.01381	0.02528	0.00846	0.38753	0.31877	0.02613	0.09955	0.01750	0.01548	0.00683	0.00518	0.00160	0.00466	0.00549	0.00511	0.00791
73	0.00634	0.00511	0.00557	0.00560	0.00704	0.00444	0.00416	0.00776	0.01169	0.01461	0.17457	0.08365	0.55389	0.05703	0.00712	0.00190	0.00275	0.03770	0.00476	0.00430
74	0.14434	0.01199	0.01263	0.00993	0.01355	0.01308	0.00817	0.50532	0.01922	0.11194	0.01264	0.01275	0.00898	0.00587	0.00463	0.00150	0.00487	0.00435	0.08648	0.00776
75	0.23693	0.01262	0.08337	0.01202	0.09784	0.03818	0.00932	0.13454	0.14082	0.16663	0.01296	0.01298	0.00931	0.00556	0.00453	0.00157	0.00498	0.00425	0.00417	0.00743
76	0.01209	0.01158	0.01976	0.14192	0.68317	0.01190	0.01531	0.01515	0.01131	0.01601	0.00944	0.01265	0.00783	0.00458	0.00501	0.00153	0.00611	0.00450	0.00247	0.00767
77	0.01958	0.00783	0.01038	0.00820	0.01156	0.00684	0.00669	0.02157	0.01390	0.62970	0.06328	0.02005	0.05220	0.00676	0.00501	0.00153	0.00390	0.00554	0.09771	0.00776
78	0.00629	0.00497	0.00568	0.00590	0.00715	0.00435	0.00430	0.00771	0.01164	0.01483	0.19291	0.23266	0.44615	0.01306	0.00610	0.00178	0.00265	0.02266	0.00487	0.00434
79	0.01045	0.09928	0.72567	0.01389	0.02107	0.01250	0.01777	0.01593	0.01064	0.01564	0.00889	0.01044	0.00641	0.00476	0.00466	0.00155	0.00728	0.00364	0.00214	0.00738
80	0.00803	0.00681	0.01066	0.27950	0.10162	0.00744	0.00907	0.01001	0.00997	0.01326	0.01901	0.43163	0.02095	0.01180	0.03494	0.00209	0.00493	0.00966	0.00356	0.00505
81	0.85801	0.00978	0.00743	0.00665	0.00978	0.01134	0.00548	0.01486	0.00861	0.02269	0.00704	0.00821	0.00548	0.00469	0.00313	0.00156	0.00391	0.00274	0.00313	0.00548
82	0.00785	0.00481	0.00674	0.00669	0.00727	0.00484	0.00478	0.00758	0.00858	0.01155	0.11383	0.02382	0.12376	0.02037	0.18442	0.44479	0.00585	0.00609	0.00308	0.00331
83	0.01236	0.01191	0.01998	0.02911	0.70640	0.01239	0.01504	0.01516	0.01111	0.01605	0.00920	0.01236	0.00786	0.00498	0.00626	0.00158	0.09356	0.00450	0.00247	0.00774
84	0.01312	0.01080	0.01183	0.01045	0.01341	0.01230	0.02363	0.02653	0.72371	0.06351	0.02033	0.01867	0.01512	0.00677	0.00516	0.00171	0.00411	0.00569	0.00515	0.00801
85	0.00768	0.00534	0.00657	0.00616	0.00765	0.00478	0.00466	0.00973	0.01354	0.06093	0.53901	0.03970	0.25382	0.01081	0.00592	0.00162	0.00254	0.00935	0.00536	0.00484
86	0.00955	0.00899	0.01517	0.81013	0.03483	0.01123	0.01404	0.01292	0.01011	0.01292	0.00899	0.01348	0.00674	0.00506	0.00506	0.00169	0.00674	0.00449	0.00225	0.00562
87	0.00707	0.00517	0.00664	0.00627	0.00750	0.00473	0.00470	0.00938	0.01411	0.01980	0.73486	0.03856	0.10122	0.01052	0.00596	0.00160	0.00240	0.00926	0.00550	0.00473
88	0.01147	0.01031	0.01517	0.02024	0.41549	0.01073	0.01119	0.01743	0.22826	0.01819	0.14008	0.01918	0.01696	0.03604	0.00596	0.00170	0.00481	0.00571	0.00377	0.00730
89	0.00716	0.00517	0.00676	0.00636	0.00755	0.00477	0.00477	0.00954	0.01431	0.02028	0.78808	0.03777	0.04771	0.01034	0.00596	0.00159	0.00239	0.00914	0.00557	0.00477
90	0.00992	0.00953	0.01610	0.66203	0.05256	0.01180	0.05272	0.01308	0.00999	0.01310	0.00881	0.01320	0.00681	0.00541	0.00635	0.00174	0.09428	0.00456	0.00227	0.00573
91	0.85801	0.00978	0.00743	0.00665	0.00978	0.01134	0.00548	0.01486	0.00861	0.02269	0.00704	0.00821	0.00548	0.00469	0.00313	0.00156	0.00391	0.00274	0.00313	0.00548
92	0.00616	0.00440	0.00587	0.00704	0.00733	0.00411	0.00469	0.00704	0.00968	0.01291	0.02787	0.81899	0.03344	0.01584	0.00645	0.00205	0.00293	0.01438	0.00469	0.00411
93	0.85801	0.00978	0.00743	0.00665	0.00978	0.01134	0.00548	0.01486	0.00861	0.02269	0.00704	0.00821	0.00548	0.00469	0.00313	0.00156	0.00391	0.00274	0.00313	0.00548
94	0.01049	0.00899	0.01049	0.00749	0.01198	0.00674	0.00599	0.01273	0.01049	0.01648	0.00899	0.01049	0.00749	0.00374	0.00374	0.00075	0.00374	0.00300	0.00300	0.85320
95	0.85801	0.00978	0.00743	0.00665	0.00978	0.01134	0.00548	0.01486	0.00861	0.02269	0.00704	0.00821	0.00548	0.00469	0.00313	0.00156	0.00391	0.00274	0.00313	0.00548
96	0.00955	0.00899	0.01517	0.81013	0.03483	0.01123	0.01404	0.01292	0.01011	0.01292	0.00899	0.01348	0.00674	0.00506	0.00506	0.00169	0.00674	0.00449	0.00225	0.00562
97	0.00973	0.00612	0.00854	0.00928	0.01074	0.00600	0.00807	0.01201	0.01195	0.09965	0.02603	0.05272	0.02730	0.01313	0.00678	0.00225	0.00462	0.67517	0.00483	0.00508
98	0.01922	0.01416	0.01518	0.01163	0.01568	0.01568	0.00961	0.77388	0.02378	0.03187	0.01214	0.01214	0.00860	0.00607	0.00506	0.00152	0.00556	0.00455	0.00506	0.00860
99	0.02231	0.00921	0.01211	0.00928	0.01321	0.00833	0.00767	0.10592	0.01548	0.71154	0.01910	0.01666	0.01209	0.00624	0.00508	0.00156	0.00444	0.00503	0.00613	0.00861
100	0.00600	0.00504	0.00520	0.00533	0.00688	0.00425	0.00393	0.00723	0.01133	0.01358	0.04869	0.13223	0.70676	0.01314	0.00603	0.00175	0.00260	0.01107	0.00470	0.00425
101	0.01252	0.01201	0.02053	0.03104	0.79074	0.01201	0.01552	0.01552	0.01151	0.01652	0.00951	0.01252	0.00801	0.00451	0.00501	0.00150	0.00601	0.00451	0.00250	0.00801
102	0.85801	0.00978	0.00743	0.00665	0.00978	0.01134	0.00548	0.01486	0.00861	0.02269	0.00704	0.00821	0.00548	0.00469	0.00313	0.00156	0.00391	0.00274	0.00313	0.00548
103	0.00616	0.00440	0.00587	0.00704	0.00733	0.00411	0.00469	0.00704	0.00968	0.01291	0.02787	0.81899	0.03344	0.01584	0.00645	0.00205	0.00293	0.01438	0.00469	0.00411
104	0.01152	0.01655	0.20798	0.01971	0.02537	0.01255	0.59716	0.01616	0.01164	0.01616	0.00996	0.01295	0.00738	0.00439	0.00570	0.00168	0.00828	0.00545	0.00246	0.00697
105	0.00813	0.00581	0.00813	0.00926	0.01043	0.00580	0.00809	0.01046	0.01169	0.01522	0.03959	0.05672	0.02942	0.01391	0.00697	0.00232	0.00462	0.74413	0.00467	0.00466
106	0.55181	0.01009	0.00947	0.00786	0.01129	0.01101	0.00648	0.11849	0.01200	0.20329	0.01072	0.01083	0.00753	0.00524	0.00384	0.00156	0.00422	0.00353	0.00411	0.00662
107	0.85801	0.00978	0.00743	0.00665	0.00978	0.01134	0.00548	0.01486	0.00861	0.02269	0.00704	0.00821	0.00548	0.00469	0.00313	0.00156	0.00391	0.00274	0.00313	0.00548
108	0.00641	0.00458	0.00616	0.00733	0.00773	0.00432	0.00513	0.00748	0.00993	0.01319	0.02773	0.72241	0.03289	0.01560	0.00652	0.00209	0.00315	0.10847	0.00469	0.00418
109	0.01786	0.05175	0.01480	0.01275	0.01550	0.67057	0.02613	0.02064	0.09737	0.01339	0.00922	0.01024	0.00751	0.00534	0.00461	0.00135	0.00842	0.00356	0.00286	0.00614
110	0.00610	0.00513	0.00530	0.00526	0.00691	0.00432	0.00394	0.00750	0.01183	0.01438	0.13116	0.04748	0.70831	0.01254	0.00598	0.00169	0.00254	0.01051	0.00479	0.00432
111	0.00692	0.00516	0.00643	0.00611	0.00741	0.00467	0.00458	0.00908	0.01375	0.01893	0.63796	0.03999	0.19867	0.01084	0.00597	0.00161	0.00242	0.00946	0.00539	0.00467
112	0.01922	0.01416	0.01518	0.01163	0.01568	0.01568	0.00961	0.77388	0.02378	0.03187	0.01214	0.01214	0.00860	0.00607	0.00506	0.00152	0.00556	0.00455	0.00506	0.00860
113	0.00603	0.00505	0.00525	0.00537	0.00691	0.00427	0.00396	0.00731	0.01141	0.01379	0.07183	0.13189	0.68350	0.01306	0.00603	0.00174	0.00260	0.01103	0.00472	0.00427
114	0.01258	0.01086	0.01143	0.01029	0.01315	0.01258	0.00800	0.02687	0.78161	0.02115	0.02058	0.01887	0.01544	0.00686	0.00515	0.00172	0.00400	0.00572	0.00515	0.00800
115	0.01352	0.82533	0.02650	0.00865	0.01298	0.02001	0.00865	0.01514	0.01027	0.01190	0.00703	0.00811	0.00649	0.00433	0.00324	0.00108	0.00541	0.00270	0.00216	0.00649
116	0.04798	0.01643	0.01283	0.01125	0.01423	0.35004	0.00870	0.07492	0.27307	0.11835	0.01396	0.01362	0.01040	0.00594	0.00481	0.00150	0.00634	0.00439	0.00412	0.00711
117	0.01258	0.01086	0.01143	0.01029	0.01315	0.01258	0.00800	0.02687	0.78161	0.02115	0.02058	0.01887	0.01544	0.00686	0.00515	0.00172	0.00400	0.00572	0.00515	0.00800
118	0.01027	0.00920	0.01249	0.22213	0.04657	0.00894	0.00895	0.01271	0.01014	0.01503	0.00918	0.02887	0.00779	0.00489	0.00547	0.00120	0.08463	0.00384	0.00274	0.49497
119	0.00716	0.00517	0.00676	0.00636	0.00755	0.00477	0.00477	0.00954	0.01431	0.02028	0.78808	0.03777	0.04771	0.01034	0.00596	0.00159	0.00239	0.00914	0.00557	0.00477
120	0.01922	0.01416	0.01518	0.01163	0.01568	0.01568	0.00961	0.77388	0.02378	0.03187	0.01214	0.01214	0.00860	0.00607	0.00506	0.00152	0.00556	0.00455	0.00506	0.00860
121	0.00906	0.09353	0.00857	0.00663	0.00710	0.00617	0.00463	0.00764	0.00712	0.00929	0.00979	0.01754	0.01014	0.15060	0.01897	0.61877	0.00459	0.00470	0.00234	0.00281
122	0.01891	0.02355	0.01438	0.01295	0.01564	0.75880	0.00976	0.06158	0.01485	0.01345	0.00805	0.00928	0.00663	0.00526	0.00459	0.00131	0.00892	0.00333	0.00274	0.00601
123	0.05703	0.00903	0.01032	0.00744	0.01186	0.00699	0.00596	0.01285	0.01038	0.01682	0.00888	0.01036	0.00738	0.00380	0.00371	0.00079	0.00375	0.00298	0.00300	0.80664
124	0.01049	0.00899	0.01049	0.00749	0.01198	0.00674	0.00599	0.01273	0.01049	0.01648	0.00899	0.01049	0.00749	0.00374	0.00374	0.00075	0.00374	0.00300	0.00300	0.85320
125	0.00955	0.00899	0.01517	0.81013	0.03483	0.01123	0.01404	0.01292	0.01011	0.01292	0.00899	0.01348	0.00674	0.00506	0.00506	0.00169	0.00674	0.00449	0.00225	0.00562
126	0.01352	0.00889	0.01080	0.00786	0.01221	0.00691	0.00635	0.01570	0.01148	0.20993	0.01171	0.01216	0.00874	0.00437	0.00408	0.00095	0.00388	0.00352	0.00381	0.64312
127	0.00955	0.00899	0.01517	0.81013	0.03483	0.01123	0.01404	0.01292	0.01011	0.01292	0.00899	0.01348	0.00674	0.00506	0.00506	0.00169	0.00674	0.00449	0.00225	0.00562
128	0.01252	0.01201	0.02053	0.03104	0.79074	0.01201	0.01552	0.01552	0.01151	0.01652	0.00951	0.01252	0.00801	0.00451	0.00501	0.00150	0.00601	0.00451	0.00250	0.00801
129	0.01310	0.01309	0.02787	0.01998	0.02496	0.01221	0.68940	0.01711	0.01221	0.10060	0.01128	0.01403	0.00820	0.00448	0.00587	0.00169	0.00807	0.00587	0.00296	0.00701
130	0.00955	0.00899	0.01517	0.81013	0.03483	0.01123	0.01404	0.01292	0.01011	0.01292	0.00899	0.01348	0.00674	0.00506	0.00506	0.00169	0.00674	0.00449	0.00225	0.00562
131	0.01545	0.01271	0.01720	0.10580	0.31988	0.01372	0.01237	0.38342	0.02995	0.02365	0.01091	0.01254	0.00828	0.00536	0.00504	0.00153	0.00584	0.00455	0.00376	0.00804
132	0.00614	0.00448	0.00579	0.00683	0.00728	0.00412	0.00460	0.00706	0.00988	0.01299	0.03040	0.73542	0.11538	0.01551	0.00640	0.00202	0.00289	0.01397	0.00469	0.00412

[dist]
# distance from previous block
# <min> <max>
0	0

# created by:
# /st0/software/busco_prod/Augustus/scripts/msa2prfl.pl ./align_prep/61154.fa
