[name]
unknown

[dist]
# distance from previous block
# <min> <max>
0	126

[block]
# block no. 0 follows, 46 sequences, length 7
# corresponding to MSA columns:
# 168-174
name=unknown_A
#
# <colnr> <probs for GDERKNQSTAVLIFYWHMCP>
#	G	D	E	R	K	N	Q	S	T	A	V	L	I	F	Y	W	H	M	C	P
0	0.01472	0.06104	0.01722	0.18072	0.14193	0.16366	0.05031	0.16605	0.04027	0.01858	0.01205	0.01702	0.01019	0.00631	0.00531	0.00165	0.00687	0.07564	0.00341	0.00705
1	0.01385	0.13259	0.24833	0.09978	0.17583	0.21119	0.01452	0.01728	0.01219	0.01494	0.00894	0.01107	0.00712	0.00502	0.00480	0.00151	0.00755	0.00387	0.00245	0.00715
2	0.01072	0.01023	0.01750	0.41404	0.17320	0.01157	0.09975	0.01424	0.03726	0.01472	0.01148	0.06140	0.00997	0.04744	0.00713	0.00195	0.04263	0.00567	0.00273	0.00635
3	0.00985	0.00493	0.00493	0.00493	0.00616	0.00493	0.00370	0.01232	0.01109	0.01971	0.01725	0.01971	0.01355	0.00616	0.00370	0.00123	0.00246	0.00493	0.84356	0.00493
4	0.01096	0.00940	0.01096	0.00783	0.01253	0.00705	0.00626	0.01331	0.01096	0.01723	0.00940	0.01096	0.00783	0.00392	0.00392	0.00078	0.00392	0.00313	0.00313	0.84653
5	0.01337	0.04257	0.01827	0.13197	0.33426	0.17990	0.05135	0.01589	0.01206	0.01504	0.01113	0.08890	0.01026	0.00629	0.00587	0.00164	0.04610	0.00543	0.00280	0.00690
6	0.00748	0.00540	0.00707	0.00665	0.00790	0.00499	0.00499	0.00998	0.01496	0.02120	0.77844	0.03949	0.04988	0.01081	0.00624	0.00166	0.00249	0.00956	0.00582	0.00499

[dist]
# distance from previous block
# <min> <max>
0	23

[block]
# block no. 1 follows, 46 sequences, length 38
# corresponding to MSA columns:
# 198-235
name=unknown_B
#
# <colnr> <probs for GDERKNQSTAVLIFYWHMCP>
#	G	D	E	R	K	N	Q	S	T	A	V	L	I	F	Y	W	H	M	C	P
0	0.13061	0.01062	0.01645	0.41139	0.27819	0.01207	0.01374	0.01512	0.03307	0.01645	0.00964	0.01314	0.00756	0.00510	0.00499	0.00168	0.00629	0.00448	0.00266	0.00675
1	0.02098	0.00908	0.01199	0.00907	0.01329	0.00762	0.00745	0.02309	0.01424	0.62031	0.01840	0.01649	0.01196	0.00598	0.00502	0.00145	0.00437	0.00485	0.00581	0.18856
2	0.00760	0.00596	0.00780	0.00817	0.00971	0.00555	0.03003	0.00958	0.01209	0.01522	0.05218	0.08771	0.33680	0.01380	0.00679	0.00212	0.00397	0.37531	0.00484	0.00475
3	0.01038	0.00980	0.01657	0.70345	0.13138	0.01185	0.01488	0.01385	0.01076	0.01399	0.00947	0.01397	0.00722	0.00521	0.00528	0.00174	0.00695	0.00470	0.00238	0.00619
4	0.01959	0.02258	0.01521	0.01331	0.01628	0.60425	0.01022	0.18006	0.01690	0.01730	0.00911	0.01027	0.00728	0.00575	0.00524	0.00144	0.03150	0.00373	0.00326	0.00673
5	0.00767	0.00516	0.00599	0.00616	0.00627	0.00514	0.00371	0.00791	0.00818	0.01088	0.01832	0.08779	0.02109	0.70247	0.02413	0.00473	0.00497	0.06260	0.00344	0.00340
6	0.15750	0.41498	0.05171	0.01211	0.01657	0.07902	0.17039	0.01647	0.01117	0.01553	0.00821	0.00992	0.00687	0.00467	0.00415	0.00140	0.00647	0.00365	0.00256	0.00666
7	0.00647	0.00468	0.00614	0.00730	0.00771	0.00434	0.00493	0.00745	0.01028	0.01359	0.03053	0.75043	0.07799	0.01634	0.00673	0.00213	0.00308	0.03065	0.00491	0.00432
8	0.01517	0.08271	0.33010	0.01328	0.01847	0.27813	0.01360	0.07610	0.03026	0.03929	0.00972	0.01091	0.00737	0.00527	0.00480	0.00148	0.00771	0.00377	0.00288	0.04898
9	0.04970	0.07196	0.11169	0.15613	0.09887	0.01158	0.02351	0.10214	0.01362	0.22692	0.01358	0.04750	0.01015	0.00600	0.00507	0.00161	0.00577	0.00497	0.00401	0.03522
10	0.00852	0.00608	0.00852	0.00974	0.01095	0.00608	0.00852	0.01095	0.01217	0.01582	0.02799	0.05963	0.03042	0.01460	0.00730	0.00243	0.00487	0.74565	0.00487	0.00487
11	0.00823	0.00588	0.00819	0.00940	0.01049	0.00583	0.00801	0.01045	0.01188	0.01550	0.02815	0.16472	0.03106	0.01488	0.00722	0.00239	0.00462	0.64343	0.00487	0.00479
12	0.85155	0.01022	0.00777	0.00695	0.01022	0.01186	0.00573	0.01554	0.00900	0.02372	0.00736	0.00859	0.00573	0.00491	0.00327	0.00164	0.00409	0.00286	0.00327	0.00573
13	0.01141	0.00869	0.00894	0.00828	0.02613	0.06677	0.00585	0.12534	0.01198	0.01694	0.01454	0.02245	0.01374	0.29942	0.06477	0.00320	0.03463	0.00573	0.20563	0.04554
14	0.00918	0.00459	0.00689	0.00689	0.00689	0.00459	0.00459	0.00689	0.00689	0.00918	0.00918	0.01607	0.00918	0.01837	0.02066	0.84619	0.00459	0.00459	0.00230	0.00230
15	0.00891	0.00757	0.01076	0.00999	0.01051	0.00964	0.00788	0.01034	0.00827	0.01220	0.01203	0.01923	0.01179	0.11545	0.44937	0.00606	0.27684	0.00554	0.00270	0.00491
16	0.00736	0.00540	0.00689	0.00652	0.00782	0.00493	0.00489	0.00973	0.01467	0.02049	0.70407	0.04066	0.12470	0.01107	0.00624	0.00168	0.00251	0.00972	0.00573	0.00493
17	0.00710	0.00535	0.00657	0.00634	0.00769	0.00482	0.00473	0.00921	0.01396	0.01899	0.54954	0.07958	0.24321	0.01177	0.00626	0.00172	0.00257	0.01025	0.00553	0.00482
18	0.01226	0.01577	0.11820	0.02145	0.02708	0.01324	0.67654	0.01691	0.01233	0.01691	0.01056	0.01390	0.00787	0.00452	0.00610	0.00177	0.00879	0.00597	0.00262	0.00721
19	0.00755	0.00566	0.00850	0.00850	0.00944	0.00661	0.00661	0.00944	0.00850	0.01227	0.01416	0.02077	0.01322	0.03965	0.79326	0.00850	0.01416	0.00566	0.00283	0.00472
20	0.00759	0.00551	0.00772	0.00772	0.00839	0.00618	0.00563	0.00894	0.00826	0.01169	0.01487	0.02472	0.01493	0.26120	0.57405	0.00753	0.01158	0.00624	0.00294	0.00429
21	0.02294	0.01024	0.01304	0.01000	0.01412	0.00962	0.00826	0.18395	0.01722	0.62376	0.01911	0.01686	0.01221	0.00650	0.00531	0.00163	0.00478	0.00520	0.00627	0.00900
22	0.02010	0.01481	0.01587	0.01216	0.01639	0.01639	0.01005	0.76360	0.02486	0.03332	0.01269	0.01269	0.00899	0.00635	0.00529	0.00159	0.00582	0.00476	0.00529	0.00899
23	0.01547	0.01251	0.01326	0.01123	0.01463	0.01423	0.00893	0.27329	0.52271	0.02585	0.01858	0.01738	0.01376	0.00690	0.00535	0.00172	0.00473	0.00557	0.00535	0.00858
24	0.01060	0.02735	0.78682	0.01507	0.02288	0.01228	0.01953	0.01674	0.01116	0.01674	0.00949	0.01116	0.00670	0.00502	0.00502	0.00167	0.00781	0.00391	0.00223	0.00781
25	0.01078	0.13140	0.42867	0.01258	0.01793	0.01203	0.01448	0.01608	0.07092	0.01633	0.01468	0.02337	0.01328	0.00748	0.00538	0.00179	0.00650	0.18619	0.00313	0.00699
26	0.01047	0.00771	0.00834	0.00829	0.00951	0.05851	0.00588	0.06718	0.06822	0.07447	0.02280	0.40102	0.02481	0.17297	0.01034	0.00259	0.00436	0.03268	0.00461	0.00523
27	0.01216	0.00978	0.01138	0.00822	0.01286	0.00777	0.00661	0.06970	0.01217	0.04963	0.01011	0.01138	0.00813	0.00420	0.00407	0.00088	0.00408	0.00334	0.00343	0.75009
28	0.01060	0.02735	0.78682	0.01507	0.02288	0.01228	0.01953	0.01674	0.01116	0.01674	0.00949	0.01116	0.00670	0.00502	0.00502	0.00167	0.00781	0.00391	0.00223	0.00781
29	0.00755	0.00566	0.00850	0.00850	0.00944	0.00661	0.00661	0.00944	0.00850	0.01227	0.01416	0.02077	0.01322	0.03965	0.79326	0.00850	0.01416	0.00566	0.00283	0.00472
30	0.18659	0.01051	0.01365	0.01409	0.17769	0.01036	0.00937	0.08525	0.01408	0.40342	0.01512	0.01460	0.01025	0.00581	0.00489	0.00162	0.00491	0.00465	0.00494	0.00821
31	0.00985	0.00493	0.00493	0.00493	0.00616	0.00493	0.00370	0.01232	0.01109	0.01971	0.01725	0.01971	0.01355	0.00616	0.00370	0.00123	0.00246	0.00493	0.84356	0.00493
32	0.00823	0.00588	0.00819	0.00940	0.01049	0.00583	0.00801	0.01045	0.01188	0.01550	0.02815	0.16472	0.03106	0.01488	0.00722	0.00239	0.00462	0.64343	0.00487	0.00479
33	0.01069	0.01066	0.01952	0.57931	0.05554	0.01226	0.18495	0.01435	0.01098	0.01438	0.00964	0.01403	0.00730	0.00519	0.00584	0.00178	0.02987	0.00505	0.00243	0.00623
34	0.13672	0.01335	0.01423	0.01105	0.01513	0.01455	0.00913	0.55590	0.02128	0.13713	0.01309	0.01286	0.00911	0.00617	0.00501	0.00160	0.00539	0.00457	0.00518	0.00854
35	0.01575	0.05247	0.07337	0.01299	0.01560	0.22061	0.01107	0.20267	0.01469	0.01852	0.03704	0.01216	0.00896	0.00706	0.00908	0.00176	0.27170	0.00438	0.00328	0.00684
36	0.00754	0.00511	0.00603	0.00632	0.00646	0.00506	0.00388	0.00787	0.00842	0.01120	0.01956	0.16530	0.02266	0.62281	0.02211	0.00443	0.00476	0.06333	0.00361	0.00351
37	0.03897	0.03303	0.12120	0.01205	0.07129	0.01166	0.00993	0.22167	0.11748	0.09827	0.10940	0.01968	0.03479	0.06875	0.00695	0.00191	0.00519	0.00573	0.00456	0.00750

[dist]
# distance from previous block
# <min> <max>
0	2

[block]
# block no. 2 follows, 46 sequences, length 35
# corresponding to MSA columns:
# 238-272
name=unknown_C
#
# <colnr> <probs for GDERKNQSTAVLIFYWHMCP>
#	G	D	E	R	K	N	Q	S	T	A	V	L	I	F	Y	W	H	M	C	P
0	0.04481	0.01171	0.01394	0.01433	0.14178	0.01303	0.00979	0.12842	0.41863	0.06594	0.01812	0.01767	0.03393	0.00678	0.00574	0.00173	0.03516	0.00553	0.00477	0.00819
1	0.01481	0.26182	0.29654	0.01216	0.01769	0.03269	0.01303	0.20551	0.03590	0.04761	0.01037	0.01119	0.00780	0.00533	0.00461	0.00148	0.00647	0.00389	0.00327	0.00782
2	0.01549	0.62177	0.04469	0.00950	0.01398	0.01856	0.00921	0.06229	0.04135	0.10556	0.00987	0.01036	0.00802	0.00499	0.00385	0.00126	0.00553	0.00339	0.00307	0.00727
3	0.24787	0.01190	0.01979	0.03981	0.16648	0.01215	0.28896	0.01635	0.01130	0.06454	0.01078	0.04286	0.00871	0.00539	0.00549	0.00172	0.03068	0.00519	0.00313	0.00691
4	0.01031	0.01227	0.13428	0.01213	0.01361	0.01252	0.01090	0.01275	0.03772	0.01346	0.01092	0.05681	0.01069	0.08684	0.12097	0.00328	0.42655	0.00553	0.00270	0.00574
5	0.00658	0.00537	0.00581	0.00570	0.00734	0.00460	0.00427	0.00822	0.01282	0.01612	0.24631	0.04785	0.58519	0.01270	0.00624	0.00175	0.00263	0.01073	0.00515	0.00460
6	0.01260	0.01088	0.01143	0.01033	0.01322	0.01246	0.00802	0.02646	0.71128	0.02149	0.02406	0.02220	0.07680	0.00767	0.00545	0.00179	0.00406	0.00639	0.00534	0.00806
7	0.00852	0.00608	0.00852	0.00974	0.01095	0.00608	0.00852	0.01095	0.01217	0.01582	0.02799	0.05963	0.03042	0.01460	0.00730	0.00243	0.00487	0.74565	0.00487	0.00487
8	0.01975	0.02520	0.01498	0.01362	0.01634	0.79299	0.01021	0.02111	0.01498	0.01294	0.00817	0.00953	0.00681	0.00545	0.00477	0.00136	0.00953	0.00340	0.00272	0.00613
9	0.00769	0.00513	0.00577	0.00577	0.00577	0.00513	0.00320	0.00769	0.00769	0.01025	0.01666	0.03460	0.01922	0.81421	0.02691	0.00513	0.00513	0.00769	0.00320	0.00320
10	0.01591	0.01273	0.01351	0.01132	0.01480	0.01444	0.00903	0.32002	0.47526	0.02656	0.01801	0.01693	0.01330	0.00684	0.00534	0.00171	0.00483	0.00549	0.00534	0.00861
11	0.00756	0.00564	0.00840	0.00840	0.00931	0.00655	0.00648	0.00938	0.00847	0.01220	0.01425	0.02127	0.01343	0.06781	0.76540	0.00837	0.01383	0.00574	0.00285	0.00466
12	0.00835	0.00617	0.00680	0.00635	0.00794	0.00573	0.00464	0.06870	0.01291	0.03770	0.18760	0.04157	0.40689	0.16363	0.01005	0.00237	0.00340	0.00951	0.00484	0.00482
13	0.00766	0.00524	0.00634	0.00634	0.00654	0.00544	0.00392	0.00806	0.00786	0.01068	0.01613	0.03167	0.01795	0.65038	0.18900	0.00584	0.00704	0.00726	0.00312	0.00352
14	0.01632	0.00792	0.01069	0.01001	0.05739	0.00723	0.00727	0.05676	0.01399	0.40372	0.08349	0.23153	0.05106	0.00970	0.00580	0.00177	0.00406	0.00840	0.00569	0.00721
15	0.01227	0.29450	0.40683	0.01238	0.01814	0.07505	0.01421	0.01619	0.01110	0.01463	0.00903	0.01089	0.00725	0.00764	0.06712	0.00201	0.00772	0.00364	0.00233	0.00709
16	0.01413	0.81739	0.02770	0.00905	0.01357	0.02092	0.00905	0.01583	0.01074	0.01244	0.00735	0.00848	0.00678	0.00452	0.00339	0.00113	0.00565	0.00283	0.00226	0.00678
17	0.01060	0.00901	0.01058	0.00779	0.01214	0.00683	0.00616	0.01284	0.01090	0.01693	0.01097	0.07456	0.00999	0.00492	0.00414	0.00089	0.00385	0.00408	0.00327	0.77956
18	0.01023	0.12351	0.01163	0.00904	0.01064	0.11535	0.03463	0.01159	0.01135	0.03509	0.06458	0.43885	0.02561	0.04253	0.00669	0.00196	0.00468	0.03270	0.00418	0.00515
19	0.04646	0.07525	0.01625	0.39772	0.09408	0.07243	0.01227	0.01695	0.03182	0.13965	0.01120	0.01368	0.00829	0.00558	0.00548	0.00166	0.03677	0.00451	0.00319	0.00676
20	0.01187	0.07091	0.52456	0.01365	0.01990	0.05366	0.01587	0.01950	0.18465	0.01751	0.01203	0.01287	0.00886	0.00550	0.00499	0.00165	0.00695	0.00429	0.00298	0.00779
21	0.01022	0.00894	0.01377	0.01840	0.34463	0.00892	0.03255	0.01285	0.05615	0.01499	0.01822	0.14644	0.06632	0.21156	0.01105	0.00259	0.00520	0.00762	0.00344	0.00613
22	0.00860	0.00784	0.01437	0.01238	0.01439	0.00738	0.24608	0.01081	0.01110	0.01485	0.02314	0.47231	0.02588	0.01249	0.00665	0.00206	0.00513	0.09508	0.00419	0.00526
23	0.01223	0.01225	0.02375	0.01757	0.02179	0.01186	0.49216	0.10361	0.01404	0.01915	0.12002	0.01976	0.01521	0.00807	0.05331	0.00217	0.00780	0.03490	0.00352	0.00682
24	0.85155	0.01022	0.00777	0.00695	0.01022	0.01186	0.00573	0.01554	0.00900	0.02372	0.00736	0.00859	0.00573	0.00491	0.00327	0.00164	0.00409	0.00286	0.00327	0.00573
25	0.01975	0.02520	0.01498	0.01362	0.01634	0.79299	0.01021	0.02111	0.01498	0.01294	0.00817	0.00953	0.00681	0.00545	0.00477	0.00136	0.00953	0.00340	0.00272	0.00613
26	0.00625	0.00536	0.00536	0.00536	0.00714	0.00446	0.00402	0.00759	0.01205	0.01428	0.05355	0.05088	0.77909	0.01339	0.00625	0.00179	0.00268	0.01116	0.00491	0.00446
27	0.01315	0.01136	0.01195	0.01076	0.01375	0.01315	0.00837	0.02809	0.77168	0.02211	0.02152	0.01972	0.01614	0.00717	0.00538	0.00179	0.00418	0.00598	0.00538	0.00837
28	0.00918	0.00459	0.00689	0.00689	0.00689	0.00459	0.00459	0.00689	0.00689	0.00918	0.00918	0.01607	0.00918	0.01837	0.02066	0.84619	0.00459	0.00459	0.00230	0.00230
29	0.00782	0.01979	0.02282	0.07091	0.01143	0.00626	0.02949	0.00974	0.01155	0.01492	0.11519	0.12291	0.23734	0.09697	0.02117	0.00241	0.00434	0.18575	0.00442	0.00477
30	0.00638	0.00536	0.00553	0.00549	0.00722	0.00452	0.00412	0.00783	0.01235	0.01499	0.12827	0.04970	0.70393	0.01312	0.00625	0.00177	0.00266	0.01099	0.00500	0.00452
31	0.01096	0.00940	0.01096	0.00783	0.01253	0.00705	0.00626	0.01331	0.01096	0.01723	0.00940	0.01096	0.00783	0.00392	0.00392	0.00078	0.00392	0.00313	0.00313	0.84653
32	0.01645	0.24502	0.06413	0.03876	0.12097	0.37281	0.01137	0.04547	0.01339	0.01437	0.00846	0.01007	0.00710	0.00509	0.00449	0.00136	0.00769	0.00354	0.00263	0.00681
33	0.00848	0.00599	0.00735	0.00705	0.00772	0.00631	0.00474	0.05366	0.00905	0.01245	0.01545	0.02838	0.01645	0.50541	0.26056	0.00583	0.00791	0.00676	0.00321	0.02723
34	0.18099	0.04050	0.20814	0.01234	0.01687	0.08681	0.06942	0.08767	0.01292	0.15518	0.01109	0.01205	0.00799	0.00571	0.00576	0.00166	0.06984	0.00419	0.00357	0.00732

[dist]
# distance from previous block
# <min> <max>
0	10

[block]
# block no. 3 follows, 46 sequences, length 23
# corresponding to MSA columns:
# 283-294,315-325
name=unknown_D
#
# <colnr> <probs for GDERKNQSTAVLIFYWHMCP>
#	G	D	E	R	K	N	Q	S	T	A	V	L	I	F	Y	W	H	M	C	P
0	0.01210	0.16894	0.15912	0.01320	0.01767	0.01338	0.17635	0.01858	0.20692	0.03195	0.01625	0.03849	0.06103	0.00751	0.03391	0.00189	0.00641	0.00562	0.00350	0.00720
1	0.01065	0.00915	0.01170	0.00883	0.01289	0.00733	0.05555	0.03548	0.01136	0.01713	0.01259	0.13303	0.01201	0.00595	0.00454	0.00108	0.00417	0.00520	0.00344	0.63792
2	0.25946	0.01084	0.01191	0.00941	0.01331	0.01116	0.00777	0.21282	0.01588	0.37376	0.01490	0.01394	0.00993	0.00602	0.00472	0.00162	0.00472	0.00447	0.00528	0.00806
3	0.01130	0.01118	0.01569	0.01353	0.01359	0.01557	0.01124	0.01251	0.00812	0.01269	0.00741	0.01217	0.00735	0.01124	0.06804	0.00272	0.75289	0.00469	0.00235	0.00571
4	0.00918	0.00459	0.00689	0.00689	0.00689	0.00459	0.00459	0.00689	0.00689	0.00918	0.00918	0.01607	0.00918	0.01837	0.02066	0.84619	0.00459	0.00459	0.00230	0.00230
5	0.00829	0.00730	0.01146	0.01026	0.03031	0.00672	0.14299	0.01072	0.01283	0.01675	0.20764	0.04245	0.30073	0.01121	0.00643	0.00188	0.00429	0.15784	0.00465	0.00524
6	0.01157	0.01157	0.01619	0.01388	0.01388	0.01619	0.01157	0.01272	0.00810	0.01272	0.00694	0.01157	0.00694	0.00925	0.01735	0.00231	0.80453	0.00463	0.00231	0.00578
7	0.01724	0.01088	0.01313	0.01223	0.07905	0.01147	0.00894	0.07581	0.39678	0.28467	0.01971	0.01809	0.01395	0.00669	0.00534	0.00171	0.00458	0.00556	0.00554	0.00863
8	0.01060	0.02735	0.78682	0.01507	0.02288	0.01228	0.01953	0.01674	0.01116	0.01674	0.00949	0.01116	0.00670	0.00502	0.00502	0.00167	0.00781	0.00391	0.00223	0.00781
9	0.01466	0.37698	0.05195	0.01117	0.01512	0.01664	0.06028	0.21444	0.01447	0.01863	0.01091	0.01493	0.00958	0.00673	0.00588	0.04085	0.03958	0.06689	0.00332	0.00702
10	0.01149	0.00986	0.00937	0.00819	0.01075	0.07509	0.00641	0.21295	0.05125	0.01992	0.06611	0.03520	0.44192	0.01043	0.00582	0.00169	0.00417	0.00847	0.00488	0.00602
11	0.00747	0.00551	0.00798	0.00808	0.00886	0.00624	0.00607	0.00906	0.00854	0.01214	0.01573	0.08951	0.01577	0.12836	0.63672	0.00756	0.01216	0.00670	0.00305	0.00451
12	0.01071	0.02672	0.75454	0.01580	0.05486	0.01229	0.01939	0.01672	0.01120	0.01676	0.00951	0.01124	0.00677	0.00501	0.00503	0.00167	0.00775	0.00394	0.00225	0.00784
13	0.64301	0.01447	0.20096	0.00896	0.01336	0.01196	0.00915	0.01584	0.00953	0.02199	0.00789	0.00923	0.00597	0.00494	0.00371	0.00165	0.00501	0.00312	0.00301	0.00624
14	0.00670	0.00537	0.00599	0.00583	0.00742	0.00466	0.00437	0.00847	0.01312	0.01683	0.32039	0.04669	0.51066	0.01244	0.00624	0.00174	0.00261	0.01057	0.00524	0.00466
15	0.00755	0.00566	0.00850	0.00850	0.00944	0.00661	0.00661	0.00944	0.00850	0.01227	0.01416	0.02077	0.01322	0.03965	0.79326	0.00850	0.01416	0.00566	0.00283	0.00472
16	0.01975	0.02520	0.01498	0.01362	0.01634	0.79299	0.01021	0.02111	0.01498	0.01294	0.00817	0.00953	0.00681	0.00545	0.00477	0.00136	0.00953	0.00340	0.00272	0.00613
17	0.01315	0.01136	0.01195	0.01076	0.01375	0.01315	0.00837	0.02809	0.77168	0.02211	0.02152	0.01972	0.01614	0.00717	0.00538	0.00179	0.00418	0.00598	0.00538	0.00837
18	0.00757	0.00558	0.00808	0.00808	0.00888	0.00638	0.00609	0.00917	0.00837	0.01196	0.01454	0.02287	0.01413	0.15761	0.67655	0.00798	0.01278	0.00597	0.00289	0.00449
19	0.00718	0.00539	0.00664	0.00633	0.00771	0.00486	0.00475	0.00938	0.01424	0.01948	0.59862	0.04231	0.23078	0.01145	0.00624	0.00169	0.00254	0.00996	0.00559	0.00486
20	0.00632	0.00508	0.00563	0.00608	0.00733	0.00440	0.00434	0.00751	0.01136	0.01400	0.04479	0.32356	0.51206	0.01453	0.00643	0.00191	0.00282	0.01255	0.00491	0.00440
21	0.01413	0.81739	0.02770	0.00905	0.01357	0.02092	0.00905	0.01583	0.01074	0.01244	0.00735	0.00848	0.00678	0.00452	0.00339	0.00113	0.00565	0.00283	0.00226	0.00678
22	0.01494	0.01224	0.01296	0.01112	0.01443	0.01398	0.00880	0.21747	0.57939	0.02500	0.01924	0.01791	0.01430	0.00696	0.00536	0.00174	0.00460	0.00566	0.00536	0.00853

[dist]
# distance from previous block
# <min> <max>
0	1

[block]
# block no. 4 follows, 46 sequences, length 16
# corresponding to MSA columns:
# 327-342
name=unknown_E
#
# <colnr> <probs for GDERKNQSTAVLIFYWHMCP>
#	G	D	E	R	K	N	Q	S	T	A	V	L	I	F	Y	W	H	M	C	P
0	0.00755	0.00566	0.00850	0.00850	0.00944	0.00661	0.00661	0.00944	0.00850	0.01227	0.01416	0.02077	0.01322	0.03965	0.79326	0.00850	0.01416	0.00566	0.00283	0.00472
1	0.01278	0.22845	0.02222	0.22363	0.24110	0.01459	0.10160	0.01621	0.04086	0.03589	0.00994	0.01264	0.00799	0.00492	0.00488	0.00154	0.00649	0.00445	0.00267	0.00716
2	0.01803	0.05836	0.01564	0.01292	0.05693	0.15089	0.00989	0.36131	0.18044	0.06152	0.01374	0.01369	0.01018	0.00619	0.00511	0.00157	0.00607	0.00470	0.00461	0.00821
3	0.00918	0.00459	0.00689	0.00689	0.00689	0.00459	0.00459	0.00689	0.00689	0.00918	0.00918	0.01607	0.00918	0.01837	0.02066	0.84619	0.00459	0.00459	0.00230	0.00230
4	0.39514	0.01021	0.01057	0.00863	0.01231	0.01068	0.00710	0.09170	0.04886	0.33502	0.01404	0.01334	0.00953	0.00582	0.00440	0.00164	0.00443	0.00419	0.00490	0.00750
5	0.00644	0.00460	0.00613	0.00736	0.00767	0.00429	0.00491	0.00736	0.01012	0.01350	0.02914	0.81076	0.03497	0.01656	0.00675	0.00215	0.00307	0.01503	0.00491	0.00429
6	0.00659	0.00529	0.00588	0.00589	0.00739	0.00458	0.00436	0.00819	0.01262	0.01601	0.24009	0.12183	0.51666	0.01302	0.00629	0.00179	0.00267	0.01112	0.00515	0.00458
7	0.00852	0.00608	0.00852	0.00974	0.01095	0.00608	0.00852	0.01095	0.01217	0.01582	0.02799	0.05963	0.03042	0.01460	0.00730	0.00243	0.00487	0.74565	0.00487	0.00487
8	0.01157	0.01157	0.01619	0.01388	0.01388	0.01619	0.01157	0.01272	0.00810	0.01272	0.00694	0.01157	0.00694	0.00925	0.01735	0.00231	0.80453	0.00463	0.00231	0.00578
9	0.00985	0.00493	0.00493	0.00493	0.00616	0.00493	0.00370	0.01232	0.01109	0.01971	0.01725	0.01971	0.01355	0.00616	0.00370	0.00123	0.00246	0.00493	0.84356	0.00493
10	0.02372	0.00900	0.01227	0.00941	0.01350	0.00777	0.00777	0.02576	0.01513	0.78489	0.02086	0.01799	0.01309	0.00654	0.00532	0.00164	0.00450	0.00532	0.00654	0.00900
11	0.01060	0.02735	0.78682	0.01507	0.02288	0.01228	0.01953	0.01674	0.01116	0.01674	0.00949	0.01116	0.00670	0.00502	0.00502	0.00167	0.00781	0.00391	0.00223	0.00781
12	0.01308	0.01256	0.02146	0.03245	0.78123	0.01256	0.01622	0.01622	0.01204	0.01727	0.00994	0.01308	0.00837	0.00471	0.00523	0.00157	0.00628	0.00471	0.00262	0.00837
13	0.01276	0.01244	0.04750	0.02373	0.47356	0.01223	0.01340	0.01924	0.22391	0.01856	0.01365	0.01611	0.01109	0.00566	0.00526	0.00162	0.00559	0.02663	0.00347	0.05361
14	0.01299	0.01270	0.02050	0.09230	0.65327	0.04009	0.01564	0.01599	0.01181	0.01657	0.00968	0.01296	0.00814	0.00503	0.00588	0.00162	0.04966	0.00466	0.00258	0.00795
15	0.01595	0.05147	0.01915	0.01427	0.01744	0.01603	0.13960	0.37522	0.01704	0.02335	0.01037	0.01243	0.00811	0.00681	0.00898	0.00182	0.24567	0.00488	0.00381	0.00761

[dist]
# distance from previous block
# <min> <max>
0	1

[block]
# block no. 5 follows, 46 sequences, length 23
# corresponding to MSA columns:
# 344-366
name=unknown_F
#
# <colnr> <probs for GDERKNQSTAVLIFYWHMCP>
#	G	D	E	R	K	N	Q	S	T	A	V	L	I	F	Y	W	H	M	C	P
0	0.01281	0.01269	0.03783	0.01230	0.01699	0.06554	0.18354	0.08026	0.04359	0.01843	0.01039	0.01214	0.00821	0.00452	0.00473	0.00119	0.00576	0.00415	0.00325	0.46168
1	0.01065	0.01007	0.01705	0.63721	0.19552	0.01192	0.01501	0.01409	0.01088	0.01431	0.00951	0.01388	0.00733	0.00516	0.00527	0.00172	0.00688	0.00470	0.00241	0.00641
2	0.00755	0.00566	0.00850	0.00850	0.00944	0.00661	0.00661	0.00944	0.00850	0.01227	0.01416	0.02077	0.01322	0.03965	0.79326	0.00850	0.01416	0.00566	0.00283	0.00472
3	0.00653	0.00464	0.00611	0.00725	0.00753	0.00435	0.00479	0.00738	0.00995	0.01326	0.02825	0.75564	0.03385	0.07321	0.00818	0.00236	0.00321	0.01451	0.00479	0.00422
4	0.02010	0.01481	0.01587	0.01216	0.01639	0.01639	0.01005	0.76360	0.02486	0.03332	0.01269	0.01269	0.00899	0.00635	0.00529	0.00159	0.00582	0.00476	0.00529	0.00899
5	0.02372	0.00900	0.01227	0.00941	0.01350	0.00777	0.00777	0.02576	0.01513	0.78489	0.02086	0.01799	0.01309	0.00654	0.00532	0.00164	0.00450	0.00532	0.00654	0.00900
6	0.00652	0.00464	0.00611	0.00725	0.00754	0.00435	0.00479	0.00738	0.00996	0.01328	0.02830	0.75874	0.03391	0.07003	0.00810	0.00235	0.00321	0.01454	0.00479	0.00422
7	0.00742	0.00530	0.00725	0.00848	0.00921	0.00513	0.00660	0.00905	0.01108	0.01459	0.02860	0.45835	0.03283	0.01564	0.00701	0.00228	0.00391	0.35781	0.00489	0.00456
8	0.00644	0.00460	0.00613	0.00736	0.00767	0.00429	0.00491	0.00736	0.01012	0.01350	0.02914	0.81076	0.03497	0.01656	0.00675	0.00215	0.00307	0.01503	0.00491	0.00429
9	0.02118	0.01307	0.01479	0.01134	0.01553	0.01382	0.00937	0.54334	0.02195	0.25768	0.01513	0.01427	0.01021	0.00640	0.00530	0.00160	0.00542	0.00493	0.00566	0.00899
10	0.00998	0.00940	0.01586	0.80150	0.03641	0.01175	0.01468	0.01351	0.01057	0.01351	0.00940	0.01409	0.00705	0.00529	0.00529	0.00176	0.00705	0.00470	0.00235	0.00587
11	0.01258	0.01885	0.35055	0.01844	0.18415	0.01261	0.09047	0.04636	0.15111	0.04441	0.01241	0.01374	0.00922	0.00539	0.00527	0.00168	0.00675	0.00477	0.00319	0.00805
12	0.01210	0.01181	0.06560	0.01062	0.01528	0.00971	0.08738	0.06958	0.13422	0.01909	0.01172	0.01285	0.00919	0.00474	0.00457	0.00117	0.00488	0.00408	0.00354	0.50788
13	0.01432	0.01229	0.04721	0.01337	0.06980	0.01262	0.08263	0.12617	0.40346	0.07584	0.01754	0.01826	0.01340	0.06058	0.00686	0.00195	0.00526	0.00572	0.00471	0.00801
14	0.00644	0.00460	0.00613	0.00736	0.00767	0.00429	0.00491	0.00736	0.01012	0.01350	0.02914	0.81076	0.03497	0.01656	0.00675	0.00215	0.00307	0.01503	0.00491	0.00429
15	0.49106	0.01111	0.06467	0.00843	0.01229	0.01062	0.00742	0.01903	0.04506	0.24014	0.01206	0.01203	0.00843	0.00545	0.00409	0.00162	0.00447	0.00378	0.00422	0.03400
16	0.01242	0.28141	0.12736	0.01425	0.07145	0.04336	0.14486	0.01528	0.01121	0.01479	0.02622	0.03484	0.03371	0.00581	0.00599	0.00152	0.08691	0.00468	0.00266	0.06127
17	0.01975	0.02520	0.01498	0.01362	0.01634	0.79299	0.01021	0.02111	0.01498	0.01294	0.00817	0.00953	0.00681	0.00545	0.00477	0.00136	0.00953	0.00340	0.00272	0.00613
18	0.00816	0.01013	0.17476	0.00856	0.01120	0.00664	0.00820	0.01140	0.01381	0.01978	0.57346	0.03243	0.03869	0.01106	0.04684	0.00202	0.00424	0.00814	0.00489	0.00558
19	0.00753	0.00658	0.00825	0.01008	0.13850	0.00589	0.00618	0.00929	0.01233	0.01547	0.11723	0.04335	0.57688	0.01166	0.00607	0.00174	0.00327	0.00991	0.00461	0.00518
20	0.01815	0.01842	0.01389	0.01205	0.01514	0.40379	0.00932	0.17396	0.13507	0.07062	0.03972	0.01486	0.03885	0.00645	0.00511	0.00152	0.00711	0.00470	0.00411	0.00716
21	0.00768	0.00515	0.00591	0.00591	0.00596	0.00520	0.00338	0.00778	0.00773	0.01036	0.01653	0.03388	0.01891	0.77399	0.06670	0.00530	0.00559	0.00758	0.00318	0.00328
22	0.00644	0.00460	0.00613	0.00736	0.00767	0.00429	0.00491	0.00736	0.01012	0.01350	0.02914	0.81076	0.03497	0.01656	0.00675	0.00215	0.00307	0.01503	0.00491	0.00429

[dist]
# distance from previous block
# <min> <max>
0	4

[block]
# block no. 6 follows, 46 sequences, length 6
# corresponding to MSA columns:
# 371-376
name=unknown_G
#
# <colnr> <probs for GDERKNQSTAVLIFYWHMCP>
#	G	D	E	R	K	N	Q	S	T	A	V	L	I	F	Y	W	H	M	C	P
0	0.01032	0.00974	0.01647	0.71757	0.11770	0.01183	0.01485	0.01380	0.01073	0.01392	0.00946	0.01398	0.00719	0.00522	0.00528	0.00174	0.00696	0.00470	0.00238	0.00615
1	0.19408	0.02361	0.61685	0.01330	0.02012	0.01219	0.01652	0.01648	0.01069	0.01826	0.00902	0.01060	0.00648	0.00500	0.00464	0.00167	0.00700	0.00368	0.00246	0.00736
2	0.01308	0.01256	0.02146	0.03245	0.78123	0.01256	0.01622	0.01622	0.01204	0.01727	0.00994	0.01308	0.00837	0.00471	0.00523	0.00157	0.00628	0.00471	0.00262	0.00837
3	0.00644	0.00460	0.00613	0.00736	0.00767	0.00429	0.00491	0.00736	0.01012	0.01350	0.02914	0.81076	0.03497	0.01656	0.00675	0.00215	0.00307	0.01503	0.00491	0.00429
4	0.01032	0.00884	0.01020	0.00749	0.01179	0.00669	0.00596	0.01253	0.01111	0.01682	0.01542	0.01641	0.11307	0.00521	0.00423	0.00092	0.00375	0.00423	0.00337	0.73162
5	0.01081	0.01072	0.01952	0.40910	0.02904	0.01129	0.24394	0.01440	0.01130	0.01520	0.01082	0.01622	0.00874	0.00535	0.00550	0.00167	0.00708	0.04569	0.00269	0.12092

[dist]
# distance from previous block
# <min> <max>
0	1

[block]
# block no. 7 follows, 46 sequences, length 13
# corresponding to MSA columns:
# 378-390
name=unknown_H
#
# <colnr> <probs for GDERKNQSTAVLIFYWHMCP>
#	G	D	E	R	K	N	Q	S	T	A	V	L	I	F	Y	W	H	M	C	P
0	0.01517	0.52593	0.05600	0.01059	0.01450	0.21390	0.00978	0.01696	0.01171	0.01294	0.00787	0.00928	0.00696	0.00504	0.00449	0.00127	0.04511	0.00316	0.02277	0.00657
1	0.00638	0.00536	0.00554	0.00550	0.00722	0.00452	0.00412	0.00784	0.01236	0.01503	0.13177	0.04965	0.70040	0.01311	0.00625	0.00177	0.00266	0.01098	0.00501	0.00452
2	0.01452	0.76281	0.02683	0.00936	0.01376	0.07411	0.00913	0.01619	0.01103	0.01247	0.00741	0.00855	0.00679	0.00459	0.00349	0.00115	0.00592	0.00287	0.00229	0.00674
3	0.00855	0.00583	0.00779	0.00864	0.04638	0.00551	0.00581	0.01068	0.04464	0.07123	0.21952	0.45925	0.05911	0.01329	0.00636	0.00193	0.00322	0.01192	0.00517	0.00519
4	0.01594	0.17840	0.25983	0.01245	0.01786	0.01600	0.01282	0.38078	0.01776	0.02397	0.01062	0.01137	0.00783	0.00557	0.00483	0.00152	0.00641	0.00411	0.00373	0.00818
5	0.01109	0.01025	0.01028	0.00931	0.01038	0.14665	0.03055	0.05094	0.01032	0.01307	0.01332	0.02311	0.01363	0.36190	0.14444	0.00428	0.09370	0.00598	0.03205	0.00473
6	0.00839	0.00593	0.00808	0.00910	0.01012	0.00593	0.00767	0.01043	0.01145	0.01493	0.02618	0.05562	0.02863	0.14270	0.01044	0.00287	0.00491	0.62743	0.00460	0.00460
7	0.00767	0.00518	0.00604	0.00604	0.00613	0.00527	0.00354	0.00786	0.00777	0.01045	0.01641	0.03321	0.01862	0.73661	0.10369	0.00546	0.00603	0.00749	0.00317	0.00336
8	0.01353	0.24656	0.08734	0.03088	0.03496	0.06128	0.00923	0.04028	0.01190	0.06412	0.00958	0.01081	0.00772	0.00459	0.00412	0.00113	0.00537	0.00340	0.00302	0.35019
9	0.00656	0.00537	0.00579	0.00568	0.00733	0.00459	0.00426	0.00819	0.01278	0.01602	0.23567	0.04802	0.59589	0.01274	0.00624	0.00175	0.00263	0.01076	0.00514	0.00459
10	0.14098	0.03993	0.03444	0.20922	0.01995	0.18496	0.03392	0.04161	0.01199	0.01670	0.00891	0.01116	0.00707	0.00490	0.00449	0.00138	0.00636	0.00371	0.00287	0.21545
11	0.01239	0.01401	0.02983	0.02152	0.02638	0.01363	0.69371	0.01655	0.01208	0.01655	0.01035	0.01401	0.00792	0.00489	0.00725	0.00183	0.08134	0.00609	0.00264	0.00701
12	0.10817	0.36938	0.14814	0.01012	0.01458	0.01597	0.01012	0.04683	0.15197	0.01751	0.05246	0.01287	0.01081	0.00555	0.00425	0.00145	0.00540	0.00403	0.00326	0.00712

[dist]
# distance from previous block
# <min> <max>
0	1

[block]
# block no. 8 follows, 46 sequences, length 6
# corresponding to MSA columns:
# 392-397
name=unknown_I
#
# <colnr> <probs for GDERKNQSTAVLIFYWHMCP>
#	G	D	E	R	K	N	Q	S	T	A	V	L	I	F	Y	W	H	M	C	P
0	0.00985	0.00493	0.00493	0.00493	0.00616	0.00493	0.00370	0.01232	0.01109	0.01971	0.01725	0.01971	0.01355	0.00616	0.00370	0.00123	0.00246	0.00493	0.84356	0.00493
1	0.01373	0.15887	0.07604	0.01215	0.06476	0.01436	0.00995	0.16689	0.26308	0.02057	0.01735	0.03935	0.06748	0.00702	0.00565	0.00164	0.04380	0.00549	0.00417	0.00764
2	0.06811	0.01521	0.11059	0.13905	0.09990	0.14815	0.01229	0.06430	0.01180	0.01600	0.01036	0.07577	0.00936	0.00707	0.00788	0.00180	0.18793	0.00507	0.00288	0.00647
3	0.12701	0.00773	0.00926	0.07496	0.01253	0.00799	0.00711	0.05158	0.07132	0.07349	0.07008	0.27587	0.02267	0.01049	0.00568	0.00185	0.00411	0.09506	0.00457	0.06664
4	0.18800	0.11466	0.07668	0.01039	0.07161	0.00994	0.00858	0.01288	0.01140	0.01740	0.07620	0.03166	0.13353	0.00920	0.00535	0.00181	0.00466	0.20641	0.00387	0.00577
5	0.07406	0.06738	0.23297	0.07261	0.01699	0.01097	0.01128	0.05570	0.08180	0.14703	0.09462	0.05461	0.01468	0.00665	0.00508	0.00163	0.00542	0.00540	0.00402	0.03711

[dist]
# distance from previous block
# <min> <max>
9	149

# created by:
# /st0/software/busco_prod/Augustus/scripts/msa2prfl.pl ./align_prep/61165.fa
