[name]
unknown

[dist]
# distance from previous block
# <min> <max>
4	40

[block]
# block no. 0 follows, 49 sequences, length 7
# corresponding to MSA columns:
# 48-54
name=unknown_A
#
# <colnr> <probs for GDERKNQSTAVLIFYWHMCP>
#	G	D	E	R	K	N	Q	S	T	A	V	L	I	F	Y	W	H	M	C	P
0	0.00895	0.00865	0.04547	0.25225	0.01909	0.00831	0.11071	0.03563	0.01172	0.03270	0.09602	0.07523	0.25765	0.00857	0.00562	0.00170	0.00497	0.00764	0.00369	0.00543
1	0.00876	0.00733	0.01084	0.20873	0.14111	0.00801	0.00851	0.01044	0.00947	0.01286	0.01677	0.13217	0.06776	0.24468	0.01185	0.00265	0.04725	0.00711	0.03877	0.00492
2	0.00968	0.00851	0.01210	0.35565	0.02117	0.03886	0.03831	0.03211	0.07607	0.01500	0.06421	0.10017	0.01544	0.02996	0.05944	0.00223	0.00599	0.05752	0.05210	0.00549
3	0.00676	0.00609	0.05798	0.00690	0.00804	0.00480	0.00531	0.00822	0.01046	0.01416	0.11071	0.45467	0.16098	0.06535	0.00729	0.00205	0.00321	0.01149	0.05115	0.00439
4	0.00903	0.00744	0.00897	0.04942	0.01082	0.00734	0.00617	0.07714	0.01188	0.01623	0.12631	0.09378	0.22542	0.06485	0.00780	0.00177	0.08177	0.00748	0.00401	0.18237
5	0.01144	0.01110	0.01484	0.34571	0.12274	0.09182	0.03294	0.03974	0.06248	0.01486	0.01174	0.03795	0.03068	0.00614	0.00632	0.00166	0.09725	0.00496	0.04952	0.00610
6	0.01024	0.18069	0.04270	0.00919	0.06093	0.00963	0.00701	0.07689	0.01131	0.04047	0.02103	0.19357	0.13384	0.10637	0.04318	0.00226	0.00474	0.00756	0.03292	0.00548

[dist]
# distance from previous block
# <min> <max>
4	12

[block]
# block no. 1 follows, 49 sequences, length 11
# corresponding to MSA columns:
# 67-77
name=unknown_B
#
# <colnr> <probs for GDERKNQSTAVLIFYWHMCP>
#	G	D	E	R	K	N	Q	S	T	A	V	L	I	F	Y	W	H	M	C	P
0	0.01208	0.01153	0.01468	0.13973	0.01686	0.06272	0.01085	0.10183	0.04469	0.01496	0.00878	0.01236	0.00765	0.00946	0.06232	0.00235	0.45395	0.00450	0.00273	0.00597
1	0.01229	0.12916	0.01749	0.01359	0.08016	0.01422	0.07745	0.10610	0.01095	0.01554	0.00902	0.01284	0.00811	0.05872	0.01093	0.00194	0.34488	0.00449	0.03919	0.03291
2	0.10071	0.01615	0.31860	0.08414	0.10060	0.01106	0.01285	0.07717	0.07762	0.01832	0.06215	0.01634	0.07108	0.00603	0.00488	0.00160	0.00572	0.00489	0.00320	0.00687
3	0.01098	0.00740	0.00917	0.00928	0.07760	0.00778	0.00591	0.10852	0.01069	0.07802	0.01465	0.02477	0.01456	0.46286	0.01725	0.00343	0.05643	0.00616	0.06959	0.00495
4	0.01435	0.01146	0.01360	0.01112	0.01430	0.01255	0.06778	0.33866	0.27288	0.02452	0.07938	0.08541	0.01611	0.00737	0.00535	0.00165	0.00479	0.00626	0.00490	0.00757
5	0.01336	0.12507	0.06504	0.01529	0.18685	0.03755	0.03987	0.19362	0.02613	0.01893	0.01175	0.07788	0.01027	0.00635	0.00581	0.00154	0.07709	0.00507	0.07556	0.00697
6	0.01198	0.01147	0.09679	0.14596	0.12144	0.00990	0.01047	0.09182	0.07214	0.06550	0.01264	0.08423	0.01066	0.00589	0.00481	0.00142	0.00511	0.00504	0.00344	0.22928
7	0.06265	0.06379	0.15590	0.01220	0.14201	0.00946	0.00956	0.05544	0.02298	0.01730	0.06561	0.02080	0.16613	0.00674	0.00474	0.00144	0.00459	0.00553	0.07852	0.09462
8	0.02711	0.08546	0.01573	0.01115	0.01507	0.14333	0.10455	0.16305	0.05121	0.01855	0.01099	0.02768	0.02121	0.00511	0.00452	0.00124	0.00573	0.00417	0.00337	0.28077
9	0.01024	0.08356	0.12152	0.06309	0.10460	0.01009	0.14157	0.02331	0.02138	0.02840	0.07630	0.14919	0.01614	0.07090	0.00705	0.00188	0.01566	0.01613	0.00324	0.03572
10	0.09280	0.04933	0.08516	0.09207	0.14397	0.05973	0.02032	0.14577	0.09430	0.04853	0.01087	0.01220	0.00831	0.00524	0.00489	0.00147	0.02430	0.00414	0.00339	0.09321

[dist]
# distance from previous block
# <min> <max>
3	26

[block]
# block no. 2 follows, 49 sequences, length 19
# corresponding to MSA columns:
# 104-122
name=unknown_C
#
# <colnr> <probs for GDERKNQSTAVLIFYWHMCP>
#	G	D	E	R	K	N	Q	S	T	A	V	L	I	F	Y	W	H	M	C	P
0	0.01200	0.06569	0.10491	0.02394	0.11724	0.04753	0.08349	0.04191	0.05662	0.06393	0.03644	0.01676	0.04907	0.08440	0.00696	0.00173	0.01639	0.00493	0.00326	0.16281
1	0.11020	0.06058	0.09227	0.03326	0.14182	0.09277	0.09773	0.15645	0.01320	0.03717	0.00954	0.01178	0.00758	0.02452	0.00642	0.00166	0.08879	0.00425	0.00308	0.00693
2	0.01258	0.01363	0.11397	0.01469	0.11004	0.09215	0.13023	0.09400	0.01312	0.05273	0.12144	0.03540	0.03417	0.00656	0.00632	0.00160	0.08302	0.00555	0.03315	0.02566
3	0.01282	0.11454	0.06381	0.05249	0.01429	0.19593	0.00859	0.04415	0.13324	0.01594	0.07738	0.01606	0.03926	0.04329	0.00555	0.00150	0.00561	0.00461	0.00340	0.14754
4	0.00897	0.00662	0.00770	0.00730	0.00894	0.00642	0.00542	0.11971	0.04009	0.03485	0.16418	0.29942	0.19624	0.02995	0.00631	0.00181	0.00328	0.01011	0.00485	0.03783
5	0.04959	0.05343	0.01244	0.00933	0.01268	0.01071	0.00765	0.23221	0.10437	0.28760	0.14795	0.01866	0.01717	0.00681	0.00506	0.00155	0.00434	0.00548	0.00534	0.00765
6	0.43080	0.01036	0.01053	0.13288	0.01511	0.02927	0.00769	0.11412	0.01172	0.09888	0.00951	0.01069	0.00701	0.00501	0.00397	0.00149	0.00471	0.00352	0.00353	0.08919
7	0.21812	0.01082	0.01121	0.00912	0.01248	0.01169	0.00743	0.31812	0.08402	0.13217	0.04646	0.01706	0.08685	0.00666	0.00473	0.00157	0.00444	0.00507	0.00475	0.00723
8	0.00738	0.00531	0.00644	0.00627	0.00773	0.00475	0.00480	0.00929	0.01293	0.04753	0.40343	0.06948	0.31336	0.01155	0.00603	0.00171	0.00272	0.06938	0.00517	0.00471
9	0.12727	0.01131	0.01788	0.07324	0.01891	0.01139	0.26554	0.15480	0.01419	0.19180	0.05368	0.01471	0.01069	0.00547	0.00516	0.00161	0.00598	0.00515	0.00404	0.00716
10	0.01604	0.07898	0.01624	0.03929	0.01605	0.21727	0.08032	0.13092	0.08569	0.11133	0.01124	0.01225	0.00856	0.00581	0.00618	0.00152	0.10238	0.00428	0.00357	0.05207
11	0.01223	0.01172	0.02000	0.10729	0.71676	0.01194	0.01537	0.01526	0.01138	0.01617	0.00946	0.01261	0.00789	0.00456	0.00501	0.00152	0.00608	0.00450	0.00248	0.00778
12	0.00725	0.00533	0.00767	0.00767	0.00842	0.00608	0.00576	0.00874	0.00799	0.01140	0.01396	0.02216	0.01364	0.17373	0.66780	0.00757	0.01205	0.00575	0.00277	0.00426
13	0.01235	0.09235	0.02531	0.02446	0.36996	0.01315	0.35615	0.01579	0.01158	0.01592	0.00959	0.01259	0.00771	0.00438	0.00527	0.00155	0.00708	0.00499	0.00249	0.00732
14	0.00719	0.04988	0.04281	0.00651	0.00831	0.00582	0.00530	0.00938	0.03067	0.01627	0.32143	0.11537	0.34027	0.01122	0.00580	0.00166	0.00294	0.00960	0.00478	0.00479
15	0.00735	0.00490	0.00552	0.00552	0.00552	0.00490	0.00306	0.00735	0.00735	0.00980	0.01593	0.03309	0.01838	0.82229	0.02574	0.00490	0.00490	0.00735	0.00306	0.00306
16	0.01066	0.01094	0.04330	0.50795	0.10085	0.03088	0.09154	0.01512	0.08599	0.01447	0.01020	0.01366	0.00779	0.00521	0.00548	0.00168	0.03072	0.00471	0.00259	0.00626
17	0.01354	0.53320	0.20657	0.01043	0.01533	0.09060	0.01108	0.01615	0.01090	0.04034	0.00804	0.00913	0.00668	0.00459	0.00380	0.00124	0.00620	0.00308	0.00234	0.00674
18	0.01096	0.17605	0.40803	0.03156	0.04367	0.01242	0.01341	0.01605	0.08556	0.03532	0.05050	0.01543	0.06859	0.00581	0.00470	0.00152	0.00597	0.00459	0.00291	0.00696

[dist]
# distance from previous block
# <min> <max>
0	1

[block]
# block no. 3 follows, 49 sequences, length 15
# corresponding to MSA columns:
# 124-138
name=unknown_D
#
# <colnr> <probs for GDERKNQSTAVLIFYWHMCP>
#	G	D	E	R	K	N	Q	S	T	A	V	L	I	F	Y	W	H	M	C	P
0	0.01868	0.00918	0.01139	0.00908	0.01239	0.00890	0.00729	0.14140	0.09827	0.47012	0.07359	0.01935	0.01521	0.07308	0.00683	0.00185	0.00438	0.00555	0.00564	0.00781
1	0.11473	0.01077	0.01097	0.00911	0.01253	0.04603	0.00723	0.11546	0.25783	0.02035	0.01399	0.04122	0.01142	0.00594	0.00452	0.00137	0.00433	0.02849	0.00405	0.27966
2	0.00863	0.01710	0.45541	0.01071	0.01557	0.00864	0.01251	0.01280	0.01173	0.01662	0.20773	0.02439	0.16226	0.00765	0.00531	0.00162	0.00531	0.00635	0.00345	0.00621
3	0.00598	0.00512	0.00512	0.00512	0.00683	0.00427	0.00384	0.00726	0.01153	0.01366	0.05123	0.04866	0.78869	0.01281	0.00598	0.00171	0.00256	0.01067	0.00470	0.00427
4	0.00683	0.00468	0.00567	0.00618	0.00631	0.00455	0.00378	0.00722	0.00837	0.01116	0.02116	0.37709	0.02498	0.46929	0.01730	0.00366	0.00404	0.01043	0.00378	0.00352
5	0.01352	0.82533	0.02650	0.00865	0.01298	0.02001	0.00865	0.01514	0.01027	0.01190	0.00703	0.00811	0.00649	0.00433	0.00324	0.00108	0.00541	0.00270	0.00216	0.00649
6	0.00701	0.00516	0.00656	0.00621	0.00746	0.00471	0.00466	0.00926	0.01397	0.01946	0.69664	0.03912	0.13966	0.01064	0.00597	0.00160	0.00241	0.00933	0.00546	0.00471
7	0.01053	0.19001	0.56032	0.01237	0.01856	0.01278	0.01517	0.01506	0.01060	0.01498	0.03291	0.01289	0.03094	0.03597	0.00534	0.00162	0.00666	0.00402	0.00235	0.00693
8	0.01046	0.07276	0.71294	0.01488	0.05864	0.01225	0.01794	0.01594	0.01069	0.01580	0.00897	0.01061	0.00649	0.00476	0.00472	0.00157	0.00728	0.00371	0.00215	0.00744
9	0.01348	0.02035	0.54417	0.01259	0.01877	0.01022	0.01496	0.01805	0.01170	0.23324	0.01289	0.04611	0.00924	0.00567	0.00495	0.00161	0.00640	0.00456	0.00339	0.00765
10	0.00955	0.00899	0.01517	0.81013	0.03483	0.01123	0.01404	0.01292	0.01011	0.01292	0.00899	0.01348	0.00674	0.00506	0.00506	0.00169	0.00674	0.00449	0.00225	0.00562
11	0.01075	0.01101	0.09076	0.01382	0.05366	0.02458	0.20566	0.02740	0.01061	0.07034	0.01419	0.15697	0.01338	0.01395	0.16984	0.00309	0.09404	0.00675	0.00320	0.00599
12	0.00953	0.00937	0.01677	0.23442	0.08016	0.00997	0.21708	0.01223	0.01057	0.01409	0.01701	0.17618	0.08829	0.00800	0.00661	0.00179	0.07171	0.00745	0.00307	0.00569
13	0.00952	0.01400	0.25208	0.07014	0.01769	0.01052	0.12330	0.01273	0.00963	0.01383	0.01161	0.08401	0.01073	0.06025	0.14105	0.00304	0.14176	0.00564	0.00259	0.00588
14	0.01114	0.01644	0.24482	0.10762	0.04910	0.04479	0.32538	0.01528	0.01117	0.01530	0.01046	0.03012	0.00849	0.00543	0.00607	0.00171	0.05181	0.03571	0.00251	0.00666

[dist]
# distance from previous block
# <min> <max>
5	25

[block]
# block no. 4 follows, 49 sequences, length 9
# corresponding to MSA columns:
# 164-172
name=unknown_E
#
# <colnr> <probs for GDERKNQSTAVLIFYWHMCP>
#	G	D	E	R	K	N	Q	S	T	A	V	L	I	F	Y	W	H	M	C	P
0	0.01378	0.44884	0.05603	0.00939	0.01323	0.11381	0.00870	0.12741	0.01299	0.01537	0.01441	0.01485	0.12051	0.00595	0.00415	0.00129	0.00557	0.00425	0.00302	0.00645
1	0.00996	0.01095	0.12443	0.01347	0.11459	0.00896	0.09669	0.02712	0.01153	0.05017	0.04368	0.04498	0.20397	0.00903	0.00677	0.00181	0.07829	0.13396	0.00367	0.00597
2	0.00855	0.00631	0.00812	0.00748	0.00889	0.00654	0.00558	0.05518	0.00934	0.01351	0.01349	0.02107	0.01300	0.21241	0.42018	0.00558	0.00911	0.00543	0.04240	0.12781
3	0.01317	0.01084	0.03914	0.08031	0.12738	0.05680	0.00958	0.20784	0.01429	0.08004	0.05035	0.10729	0.01445	0.02977	0.11094	0.00256	0.00647	0.02827	0.00392	0.00660
4	0.59433	0.06025	0.09372	0.00856	0.01177	0.01250	0.00788	0.01461	0.00880	0.01981	0.00720	0.00888	0.00580	0.00529	0.00527	0.00163	0.12200	0.00309	0.00283	0.00576
5	0.00626	0.00470	0.00580	0.00645	0.00724	0.00424	0.00448	0.00746	0.01083	0.01417	0.14360	0.50702	0.23085	0.01426	0.00626	0.00190	0.00276	0.01266	0.00482	0.00424
6	0.01821	0.07070	0.05174	0.01263	0.01577	0.60392	0.01010	0.12926	0.01529	0.01535	0.00846	0.00957	0.00681	0.00526	0.00456	0.00133	0.00830	0.00343	0.00291	0.00637
7	0.00741	0.00633	0.01014	0.00957	0.01059	0.00633	0.11680	0.00881	0.00991	0.01335	0.02436	0.60583	0.05486	0.01346	0.00722	0.00200	0.07203	0.01218	0.00417	0.00463
8	0.01289	0.01576	0.19100	0.06545	0.25587	0.06258	0.08594	0.09456	0.04872	0.03297	0.01029	0.01223	0.00790	0.00487	0.00493	0.00149	0.00645	0.00434	0.00292	0.07883

[dist]
# distance from previous block
# <min> <max>
0	22

[block]
# block no. 5 follows, 49 sequences, length 125
# corresponding to MSA columns:
# 195-319
name=unknown_F
#
# <colnr> <probs for GDERKNQSTAVLIFYWHMCP>
#	G	D	E	R	K	N	Q	S	T	A	V	L	I	F	Y	W	H	M	C	P
0	0.04030	0.00902	0.01455	0.67049	0.03065	0.01135	0.01304	0.01265	0.00968	0.01302	0.00868	0.01314	0.00677	0.00594	0.00672	0.03809	0.08375	0.00442	0.00227	0.00546
1	0.80307	0.00970	0.00772	0.00680	0.00998	0.01109	0.00560	0.01551	0.00899	0.07343	0.00789	0.00881	0.00594	0.00480	0.00326	0.00156	0.00394	0.00289	0.00334	0.00568
2	0.00954	0.01070	0.11412	0.01607	0.28376	0.00868	0.01037	0.01321	0.07071	0.01678	0.16799	0.04195	0.19942	0.00800	0.00543	0.00161	0.00449	0.00702	0.00379	0.00637
3	0.01206	0.01157	0.06525	0.25882	0.02068	0.01278	0.01125	0.08755	0.26933	0.03551	0.01300	0.01464	0.00991	0.00643	0.00709	0.00176	0.14709	0.00486	0.00355	0.00686
4	0.85801	0.00978	0.00743	0.00665	0.00978	0.01134	0.00548	0.01486	0.00861	0.02269	0.00704	0.00821	0.00548	0.00469	0.00313	0.00156	0.00391	0.00274	0.00313	0.00548
5	0.00716	0.00517	0.00676	0.00636	0.00755	0.00477	0.00477	0.00954	0.01431	0.02028	0.78808	0.03777	0.04771	0.01034	0.00596	0.00159	0.00239	0.00914	0.00557	0.00477
6	0.00732	0.00505	0.00627	0.00627	0.00653	0.00531	0.00401	0.00784	0.00758	0.01037	0.01524	0.02926	0.01672	0.59501	0.25074	0.00584	0.00741	0.00679	0.00296	0.00348
7	0.01281	0.65650	0.18908	0.00987	0.01486	0.01826	0.01077	0.01533	0.01036	0.01277	0.00746	0.00865	0.00647	0.00443	0.00357	0.00119	0.00584	0.00292	0.00216	0.00670
8	0.00645	0.00514	0.00577	0.00562	0.00712	0.00447	0.00421	0.00817	0.01264	0.01630	0.34476	0.04433	0.49351	0.01182	0.00597	0.00166	0.00249	0.01006	0.00504	0.00447
9	0.02390	0.19119	0.50035	0.01366	0.01987	0.06553	0.08708	0.01611	0.01092	0.01503	0.00865	0.01028	0.00654	0.00468	0.00455	0.00148	0.00720	0.00369	0.00223	0.00707
10	0.01375	0.71060	0.07451	0.00925	0.01376	0.01914	0.00937	0.07501	0.01136	0.01373	0.00756	0.00859	0.00665	0.00449	0.00349	0.00115	0.00555	0.00292	0.00239	0.00672
11	0.00616	0.00440	0.00587	0.00704	0.00733	0.00411	0.00469	0.00704	0.00968	0.01291	0.02787	0.81899	0.03344	0.01584	0.00645	0.00205	0.00293	0.01438	0.00469	0.00411
12	0.00708	0.00517	0.00665	0.00628	0.00751	0.00474	0.00471	0.00939	0.01413	0.01984	0.73962	0.03849	0.09644	0.01050	0.00596	0.00160	0.00240	0.00925	0.00551	0.00474
13	0.01163	0.14505	0.34187	0.01341	0.06644	0.01350	0.02754	0.01891	0.24071	0.01676	0.01213	0.01291	0.00925	0.00550	0.00523	0.00158	0.04282	0.00429	0.00307	0.00741
14	0.00672	0.00489	0.00633	0.00653	0.00743	0.00450	0.00468	0.00848	0.01245	0.01717	0.46342	0.32232	0.09126	0.01250	0.00614	0.00177	0.00260	0.01115	0.00519	0.00450
15	0.00616	0.00440	0.00587	0.00704	0.00733	0.00411	0.00469	0.00704	0.00968	0.01291	0.02787	0.81899	0.03344	0.01584	0.00645	0.00205	0.00293	0.01438	0.00469	0.00411
16	0.01007	0.00952	0.01610	0.67381	0.16709	0.01137	0.01430	0.01337	0.01036	0.01355	0.00908	0.01331	0.00696	0.00496	0.00505	0.00165	0.00661	0.00450	0.00229	0.00604
17	0.01088	0.00971	0.01552	0.06486	0.46665	0.00984	0.01183	0.06104	0.01167	0.01622	0.01513	0.25331	0.01557	0.00802	0.00544	0.00168	0.00510	0.00745	0.00331	0.00675
18	0.01297	0.07633	0.51380	0.01363	0.01945	0.24819	0.01538	0.01721	0.01174	0.01467	0.00857	0.01005	0.00644	0.00490	0.00463	0.00148	0.00783	0.00353	0.00228	0.00693
19	0.08493	0.02110	0.01407	0.01276	0.03459	0.59582	0.00955	0.13857	0.01530	0.01637	0.00848	0.00961	0.00680	0.00529	0.00454	0.00136	0.00807	0.00345	0.00303	0.00632
20	0.01840	0.00767	0.01038	0.00833	0.01148	0.00672	0.00676	0.02047	0.01437	0.57923	0.21715	0.02333	0.02190	0.00747	0.00535	0.00159	0.00382	0.02201	0.00605	0.00754
21	0.01003	0.23967	0.24457	0.04913	0.06436	0.01175	0.01108	0.01301	0.01078	0.01407	0.01927	0.05802	0.17097	0.00743	0.00486	0.00155	0.00536	0.05497	0.00298	0.00614
22	0.01522	0.57215	0.02265	0.01003	0.01382	0.26710	0.00901	0.01674	0.01156	0.01205	0.00728	0.00843	0.00650	0.00461	0.00366	0.00115	0.00658	0.00288	0.00230	0.00629
23	0.00617	0.00503	0.00546	0.00556	0.00700	0.00432	0.00409	0.00756	0.01168	0.01451	0.15414	0.14971	0.58147	0.01286	0.00604	0.00174	0.00259	0.01095	0.00482	0.00432
24	0.00766	0.00487	0.00540	0.00540	0.00557	0.00487	0.00313	0.00801	0.00784	0.01115	0.01602	0.03097	0.01757	0.70049	0.02243	0.00435	0.00452	0.00696	0.12947	0.00331
25	0.00716	0.00517	0.00676	0.00636	0.00755	0.00477	0.00477	0.00954	0.01431	0.02028	0.78808	0.03777	0.04771	0.01034	0.00596	0.00159	0.00239	0.00914	0.00557	0.00477
26	0.00882	0.00475	0.00492	0.00497	0.00614	0.00464	0.00369	0.01099	0.01080	0.01810	0.05690	0.07315	0.08235	0.00733	0.00405	0.00130	0.00241	0.00605	0.68400	0.00464
27	0.01320	0.01063	0.01334	0.04983	0.13141	0.01184	0.00950	0.25821	0.19353	0.02112	0.01392	0.01577	0.01103	0.01400	0.20589	0.00323	0.00733	0.00503	0.00397	0.00721
28	0.00690	0.00516	0.00641	0.00610	0.00740	0.00466	0.00457	0.00905	0.01371	0.01886	0.62969	0.04011	0.20699	0.01087	0.00597	0.00162	0.00242	0.00947	0.00538	0.00466
29	0.01137	0.00908	0.01066	0.00766	0.01212	0.00697	0.00615	0.02979	0.01100	0.06111	0.00968	0.01090	0.00780	0.00394	0.00385	0.00081	0.00382	0.00315	0.00323	0.78692
30	0.01193	0.01566	0.23440	0.02224	0.41520	0.01173	0.03128	0.05218	0.06078	0.01735	0.01084	0.01394	0.00880	0.00512	0.00500	0.00155	0.00618	0.03151	0.00279	0.04153
31	0.01244	0.28312	0.36711	0.01260	0.01786	0.11150	0.04604	0.01600	0.01085	0.01399	0.00815	0.00981	0.00652	0.00494	0.00509	0.00144	0.06003	0.00348	0.00222	0.00680
32	0.00616	0.00465	0.00568	0.00645	0.00718	0.00422	0.00443	0.00716	0.01015	0.01304	0.03433	0.55139	0.26040	0.03400	0.02385	0.00215	0.00309	0.01290	0.00461	0.00414
33	0.01332	0.01263	0.01985	0.02874	0.69679	0.04043	0.01481	0.08063	0.01266	0.01769	0.00968	0.01236	0.00801	0.00466	0.00499	0.00150	0.00608	0.00447	0.00273	0.00798
34	0.00722	0.00542	0.00813	0.00813	0.00903	0.00632	0.00632	0.00903	0.00813	0.01174	0.01354	0.01987	0.01264	0.03792	0.80225	0.00813	0.01354	0.00542	0.00271	0.00451
35	0.00713	0.00517	0.00673	0.00634	0.00754	0.00476	0.00475	0.00950	0.01426	0.02015	0.77353	0.03799	0.06234	0.01039	0.00596	0.00159	0.00239	0.00918	0.00555	0.00476
36	0.01352	0.82533	0.02650	0.00865	0.01298	0.02001	0.00865	0.01514	0.01027	0.01190	0.00703	0.00811	0.00649	0.00433	0.00324	0.00108	0.00541	0.00270	0.00216	0.00649
37	0.00835	0.00701	0.01003	0.00939	0.00995	0.00886	0.00741	0.00979	0.00795	0.01169	0.01175	0.01850	0.01141	0.10023	0.50382	0.00612	0.24517	0.00530	0.00260	0.00468
38	0.00714	0.00518	0.00686	0.00785	0.00871	0.00498	0.00618	0.00873	0.01073	0.01393	0.02949	0.33274	0.11654	0.04905	0.00748	0.00227	0.00380	0.36940	0.00461	0.00434
39	0.00838	0.00505	0.00601	0.00574	0.00697	0.00480	0.00431	0.01074	0.01280	0.03424	0.45755	0.02964	0.03281	0.00844	0.00495	0.00142	0.00241	0.00725	0.35166	0.00482
40	0.00669	0.00512	0.00614	0.00596	0.00729	0.00456	0.00444	0.00862	0.01311	0.01759	0.49156	0.07879	0.30884	0.01147	0.00599	0.00165	0.00247	0.00993	0.00522	0.00456
41	0.01028	0.00538	0.00636	0.00586	0.00740	0.00508	0.00449	0.01259	0.01246	0.11803	0.30094	0.02561	0.02570	0.00757	0.00463	0.00138	0.00261	0.00639	0.43202	0.00523
42	0.01767	0.01385	0.01427	0.01139	0.01509	0.05087	0.00925	0.56653	0.19879	0.02850	0.01390	0.01356	0.01009	0.00621	0.00506	0.00155	0.00536	0.00476	0.00497	0.00834
43	0.80700	0.00971	0.00769	0.00679	0.00997	0.01111	0.00560	0.01546	0.00896	0.06980	0.00783	0.00876	0.00591	0.00479	0.00325	0.00156	0.00394	0.00288	0.00332	0.00567
44	0.01037	0.00922	0.01459	0.60105	0.07822	0.01101	0.01285	0.07783	0.01134	0.01477	0.01080	0.01712	0.00901	0.04457	0.00616	0.00185	0.00637	0.05433	0.00270	0.00584
45	0.01863	0.01453	0.01480	0.01161	0.01546	0.06713	0.00948	0.66034	0.08806	0.02967	0.01258	0.01252	0.00905	0.00608	0.00503	0.00152	0.00566	0.00457	0.00490	0.00837
46	0.00806	0.00622	0.00939	0.12472	0.04806	0.00698	0.00743	0.01011	0.00955	0.02619	0.12931	0.02213	0.01722	0.07880	0.46651	0.00559	0.00982	0.00592	0.00314	0.00484
47	0.00974	0.00919	0.01552	0.75890	0.08454	0.01129	0.01414	0.01309	0.01020	0.01316	0.00902	0.01342	0.00682	0.00502	0.00505	0.00167	0.00669	0.00449	0.00226	0.00577
48	0.01106	0.01106	0.01549	0.01328	0.01328	0.01549	0.01106	0.01217	0.00774	0.01217	0.00664	0.01106	0.00664	0.00885	0.01659	0.00221	0.81303	0.00443	0.00221	0.00553
49	0.00798	0.00574	0.00794	0.00905	0.01021	0.00569	0.00784	0.01022	0.01157	0.01499	0.02786	0.08420	0.06171	0.01399	0.00692	0.00229	0.00450	0.69803	0.00466	0.00462
50	0.00773	0.00624	0.00872	0.19431	0.01445	0.00673	0.00733	0.01070	0.08715	0.01433	0.07331	0.44762	0.04599	0.01191	0.00598	0.00191	0.00395	0.04248	0.00423	0.00492
51	0.38211	0.00997	0.01027	0.00841	0.01191	0.01054	0.00690	0.11155	0.07461	0.30657	0.01348	0.01284	0.00924	0.00561	0.00424	0.00157	0.00426	0.00406	0.00467	0.00721
52	0.00906	0.00723	0.00843	0.00852	0.01034	0.00754	0.00694	0.03046	0.23456	0.01690	0.04452	0.06755	0.20560	0.01146	0.00614	0.00196	0.00389	0.30848	0.00483	0.00560
53	0.02217	0.00943	0.01224	0.00939	0.01332	0.00865	0.00775	0.13559	0.01585	0.68135	0.01879	0.01646	0.01194	0.00623	0.00508	0.00156	0.00449	0.00501	0.00608	0.00860
54	0.01096	0.02441	0.69207	0.01412	0.02094	0.01226	0.01754	0.08074	0.01166	0.01719	0.00922	0.01082	0.00660	0.00511	0.00539	0.00162	0.04563	0.00384	0.00239	0.00748
55	0.00836	0.00515	0.00592	0.00574	0.00600	0.00507	0.00335	0.00849	0.00782	0.06139	0.01620	0.03205	0.01800	0.76862	0.02438	0.00468	0.00486	0.00720	0.00327	0.00343
56	0.00790	0.00533	0.00700	0.00649	0.00781	0.00490	0.00490	0.01026	0.01432	0.05710	0.75153	0.03679	0.04604	0.01014	0.00592	0.00159	0.00248	0.00895	0.00560	0.00495
57	0.00974	0.00919	0.01552	0.75890	0.08454	0.01129	0.01414	0.01309	0.01020	0.01316	0.00902	0.01342	0.00682	0.00502	0.00505	0.00167	0.00669	0.00449	0.00226	0.00577
58	0.01090	0.01027	0.01717	0.32760	0.40615	0.01135	0.01390	0.01380	0.01052	0.01450	0.00961	0.01397	0.00808	0.04104	0.03519	0.00199	0.04024	0.00465	0.00242	0.00665
59	0.00783	0.00575	0.00726	0.00745	0.00881	0.00560	0.00603	0.01083	0.06326	0.01753	0.32757	0.04405	0.13503	0.01154	0.00617	0.00186	0.00334	0.27996	0.04528	0.00487
60	0.00729	0.00516	0.00682	0.00682	0.00727	0.00561	0.00469	0.00819	0.00774	0.01077	0.01474	0.02647	0.01551	0.42975	0.41434	0.00652	0.00923	0.00638	0.00289	0.00379
61	0.01252	0.01201	0.02053	0.03104	0.79074	0.01201	0.01552	0.01552	0.01151	0.01652	0.00951	0.01252	0.00801	0.00451	0.00501	0.00150	0.00601	0.00451	0.00250	0.00801
62	0.00729	0.00569	0.00722	0.00804	0.04183	0.00528	0.00614	0.00923	0.01206	0.01551	0.17063	0.04837	0.33627	0.01246	0.00631	0.00191	0.00347	0.29289	0.00474	0.00466
63	0.01229	0.01172	0.01994	0.02998	0.75729	0.01171	0.01506	0.01526	0.01163	0.01668	0.04277	0.01359	0.00971	0.00475	0.00505	0.00151	0.00585	0.00470	0.00263	0.00787
64	0.00974	0.00918	0.01551	0.76062	0.08287	0.01128	0.01414	0.01309	0.01020	0.01315	0.00902	0.01342	0.00682	0.00502	0.00505	0.00167	0.00669	0.00449	0.00226	0.00577
65	0.06600	0.01352	0.01481	0.01300	0.04933	0.14351	0.05575	0.13717	0.13477	0.05547	0.03105	0.01318	0.00971	0.00669	0.00817	0.00173	0.23120	0.00460	0.00356	0.00678
66	0.01230	0.01124	0.01734	0.02206	0.46060	0.01095	0.04594	0.06658	0.06291	0.01800	0.04360	0.01362	0.01011	0.00485	0.00484	0.00138	0.00534	0.00454	0.00308	0.18072
67	0.40468	0.07666	0.01239	0.01035	0.06176	0.09420	0.00787	0.16759	0.08573	0.02207	0.00957	0.01036	0.00739	0.00518	0.00398	0.00150	0.00503	0.00354	0.00353	0.00662
68	0.01325	0.76241	0.08709	0.00911	0.01368	0.01936	0.00944	0.01521	0.01031	0.01222	0.00719	0.00831	0.00648	0.00436	0.00337	0.00112	0.00557	0.00279	0.00216	0.00657
69	0.00696	0.00573	0.00636	0.00599	0.00789	0.00485	0.00448	0.00872	0.02661	0.01494	0.13112	0.14281	0.46487	0.01142	0.00568	0.00159	0.00280	0.00972	0.00455	0.13291
70	0.00623	0.00486	0.00558	0.00604	0.00707	0.00428	0.00421	0.00727	0.01042	0.01313	0.03784	0.38855	0.39035	0.06543	0.00740	0.00205	0.00290	0.01196	0.00456	0.01987
71	0.01049	0.00899	0.01049	0.00749	0.01198	0.00674	0.00599	0.01273	0.01049	0.01648	0.00899	0.01049	0.00749	0.00374	0.00374	0.00075	0.00374	0.00300	0.00300	0.85320
72	0.01143	0.01091	0.01856	0.31630	0.51397	0.01173	0.01498	0.01457	0.01100	0.01520	0.00932	0.01287	0.00755	0.00471	0.00502	0.00157	0.00628	0.00450	0.00241	0.00713
73	0.00598	0.00512	0.00512	0.00512	0.00683	0.00427	0.00384	0.00726	0.01153	0.01366	0.05123	0.04866	0.78869	0.01281	0.00598	0.00171	0.00256	0.01067	0.00470	0.00427
74	0.01014	0.02616	0.79609	0.01441	0.02189	0.01174	0.01868	0.01601	0.01068	0.01601	0.00907	0.01068	0.00641	0.00480	0.00480	0.00160	0.00747	0.00374	0.00214	0.00747
75	0.83686	0.03020	0.00791	0.00670	0.00986	0.01156	0.00556	0.01487	0.00865	0.02242	0.00704	0.00821	0.00550	0.00468	0.00313	0.00155	0.00395	0.00274	0.00311	0.00550
76	0.06144	0.12784	0.53787	0.01556	0.12947	0.01284	0.01613	0.01576	0.01062	0.01594	0.00875	0.01046	0.00659	0.00469	0.00453	0.00152	0.00678	0.00365	0.00225	0.00730
77	0.05044	0.05154	0.04458	0.01888	0.32624	0.16114	0.01160	0.11876	0.06582	0.03117	0.01298	0.01426	0.05949	0.00560	0.00484	0.00148	0.00608	0.00459	0.00325	0.00725
78	0.01812	0.04866	0.01471	0.01101	0.01472	0.06664	0.00906	0.62664	0.02145	0.02862	0.01201	0.01234	0.00875	0.00592	0.00482	0.00146	0.00552	0.00440	0.07717	0.00800
79	0.01295	0.01158	0.01560	0.45703	0.09409	0.05944	0.01265	0.21265	0.01397	0.01813	0.00970	0.01270	0.00732	0.00542	0.00544	0.00162	0.03563	0.00443	0.00302	0.00662
80	0.01372	0.65009	0.05340	0.01063	0.02887	0.08597	0.06832	0.01569	0.01079	0.01250	0.00746	0.00880	0.00661	0.00442	0.00366	0.00118	0.00605	0.00307	0.00224	0.00652
81	0.00878	0.00439	0.00659	0.00659	0.00659	0.00439	0.00439	0.00659	0.00659	0.00878	0.00878	0.01537	0.00878	0.01757	0.01976	0.85288	0.00439	0.00439	0.00220	0.00220
82	0.00791	0.00574	0.00781	0.00885	0.01007	0.00565	0.00767	0.01012	0.01163	0.01497	0.02949	0.05611	0.11351	0.01384	0.00687	0.00226	0.00442	0.67381	0.00466	0.00461
83	0.02269	0.00861	0.01174	0.00900	0.01291	0.00743	0.00743	0.02464	0.01447	0.79425	0.01995	0.01721	0.01252	0.00626	0.00509	0.00156	0.00430	0.00509	0.00626	0.00861
84	0.00737	0.00526	0.00725	0.00842	0.00924	0.00515	0.00679	0.00913	0.01087	0.01426	0.02721	0.35676	0.03081	0.01471	0.00678	0.00222	0.00398	0.46471	0.00467	0.00444
85	0.01352	0.82533	0.02650	0.00865	0.01298	0.02001	0.00865	0.01514	0.01027	0.01190	0.00703	0.00811	0.00649	0.00433	0.00324	0.00108	0.00541	0.00270	0.00216	0.00649
86	0.00620	0.00443	0.00592	0.00709	0.00740	0.00414	0.00477	0.00711	0.00972	0.01296	0.02785	0.80289	0.03335	0.01580	0.00647	0.00206	0.00297	0.03006	0.00469	0.00412
87	0.85801	0.00978	0.00743	0.00665	0.00978	0.01134	0.00548	0.01486	0.00861	0.02269	0.00704	0.00821	0.00548	0.00469	0.00313	0.00156	0.00391	0.00274	0.00313	0.00548
88	0.01889	0.02410	0.01433	0.01303	0.01563	0.80199	0.00977	0.02019	0.01433	0.01238	0.00782	0.00912	0.00651	0.00521	0.00456	0.00130	0.00912	0.00326	0.00261	0.00586
89	0.00598	0.00512	0.00512	0.00512	0.00683	0.00427	0.00384	0.00726	0.01153	0.01366	0.05123	0.04866	0.78869	0.01281	0.00598	0.00171	0.00256	0.01067	0.00470	0.00427
90	0.02249	0.00865	0.01173	0.00902	0.01291	0.00753	0.00744	0.02469	0.02956	0.77904	0.01996	0.01724	0.01257	0.00627	0.00509	0.00157	0.00430	0.00510	0.00624	0.00859
91	0.00629	0.00449	0.00602	0.00719	0.00754	0.00422	0.00492	0.00727	0.00981	0.01305	0.02780	0.76888	0.03316	0.01572	0.00649	0.00207	0.00305	0.06319	0.00469	0.00414
92	0.01106	0.01106	0.01549	0.01328	0.01328	0.01549	0.01106	0.01217	0.00774	0.01217	0.00664	0.01106	0.00664	0.00885	0.01659	0.00221	0.81303	0.00443	0.00221	0.00553
93	0.00617	0.00513	0.00539	0.00532	0.00695	0.00435	0.00399	0.00763	0.01198	0.01473	0.17026	0.04691	0.66899	0.01241	0.00597	0.00169	0.00253	0.01043	0.00484	0.00435
94	0.00718	0.00483	0.00557	0.00573	0.00577	0.00479	0.00330	0.00731	0.00769	0.01025	0.01763	0.14499	0.02053	0.70746	0.02299	0.00450	0.00462	0.00835	0.00330	0.00321
95	0.01935	0.01396	0.01505	0.01154	0.01558	0.01538	0.00953	0.74682	0.02344	0.05940	0.01242	0.01232	0.00874	0.00608	0.00506	0.00152	0.00552	0.00457	0.00510	0.00860
96	0.01088	0.01294	0.16280	0.01109	0.05190	0.00907	0.05217	0.01558	0.11407	0.01700	0.01065	0.01192	0.00838	0.00443	0.00432	0.00113	0.00487	0.00374	0.00307	0.48999
97	0.01364	0.02789	0.12893	0.06189	0.29206	0.02287	0.08237	0.13336	0.08292	0.06995	0.01233	0.01383	0.02411	0.00529	0.00508	0.00156	0.00609	0.00476	0.00336	0.00770
98	0.01850	0.00803	0.01062	0.00883	0.02700	0.00723	0.00695	0.02127	0.06272	0.56111	0.09941	0.04081	0.04990	0.00718	0.00518	0.00158	0.00392	0.00598	0.04609	0.00768
99	0.00955	0.00899	0.01517	0.81013	0.03483	0.01123	0.01404	0.01292	0.01011	0.01292	0.00899	0.01348	0.00674	0.00506	0.00506	0.00169	0.00674	0.00449	0.00225	0.00562
100	0.01055	0.10596	0.61698	0.01385	0.05266	0.01204	0.01635	0.01552	0.01088	0.02847	0.03567	0.01284	0.03617	0.00523	0.00474	0.00155	0.00680	0.00411	0.00242	0.00721
101	0.01257	0.04901	0.19467	0.01701	0.06974	0.06222	0.29861	0.09081	0.03762	0.01704	0.01008	0.01251	0.00777	0.00636	0.03786	0.00189	0.05966	0.00481	0.00276	0.00701
102	0.00722	0.00542	0.00813	0.00813	0.00903	0.00632	0.00632	0.00903	0.00813	0.01174	0.01354	0.01987	0.01264	0.03792	0.80225	0.00813	0.01354	0.00542	0.00271	0.00451
103	0.01398	0.75671	0.02546	0.00903	0.01321	0.08698	0.00875	0.01557	0.01062	0.01194	0.00710	0.00820	0.00649	0.00440	0.00336	0.00110	0.00573	0.00275	0.00220	0.00644
104	0.00615	0.00445	0.00582	0.00692	0.00730	0.00412	0.00464	0.00705	0.00980	0.01296	0.02935	0.77003	0.08144	0.01565	0.00642	0.00203	0.00291	0.01414	0.00469	0.00412
105	0.01014	0.02616	0.79609	0.01441	0.02189	0.01174	0.01868	0.01601	0.01068	0.01601	0.00907	0.01068	0.00641	0.00480	0.00480	0.00160	0.00747	0.00374	0.00214	0.00747
106	0.01876	0.01413	0.01611	0.01225	0.01636	0.01550	0.05809	0.72573	0.02302	0.03087	0.01202	0.01224	0.00854	0.00596	0.00512	0.00153	0.00575	0.00464	0.00490	0.00849
107	0.00616	0.00440	0.00587	0.00704	0.00733	0.00411	0.00469	0.00704	0.00968	0.01291	0.02787	0.81899	0.03344	0.01584	0.00645	0.00205	0.00293	0.01438	0.00469	0.00411
108	0.00878	0.00439	0.00659	0.00659	0.00659	0.00439	0.00439	0.00659	0.00659	0.00878	0.00878	0.01537	0.00878	0.01757	0.01976	0.85288	0.00439	0.00439	0.00220	0.00220
109	0.01940	0.00914	0.01145	0.00915	0.01258	0.00873	0.00741	0.14758	0.06588	0.51251	0.01920	0.08522	0.01387	0.00707	0.00513	0.00159	0.00428	0.00582	0.04601	0.00799
110	0.00635	0.00504	0.00571	0.00575	0.00711	0.00440	0.00423	0.00791	0.01211	0.01552	0.26674	0.14805	0.46823	0.01248	0.00604	0.00172	0.00256	0.01071	0.00495	0.00440
111	0.85801	0.00978	0.00743	0.00665	0.00978	0.01134	0.00548	0.01486	0.00861	0.02269	0.00704	0.00821	0.00548	0.00469	0.00313	0.00156	0.00391	0.00274	0.00313	0.00548
112	0.01522	0.01305	0.11668	0.01025	0.01429	0.01145	0.00927	0.38841	0.01787	0.10343	0.07530	0.01848	0.10167	0.00683	0.00510	0.00150	0.00496	0.00543	0.00462	0.07621
113	0.01052	0.02105	0.52439	0.01657	0.08276	0.01153	0.17298	0.01544	0.01078	0.01568	0.00980	0.01291	0.00758	0.05843	0.00644	0.00183	0.00740	0.00450	0.00231	0.00709
114	0.00726	0.00527	0.00738	0.00738	0.00803	0.00592	0.00539	0.00855	0.00791	0.01119	0.01422	0.02363	0.01427	0.26092	0.58149	0.00721	0.01109	0.00597	0.00281	0.00410
115	0.01307	0.71887	0.12902	0.00942	0.01417	0.01891	0.00999	0.01526	0.01033	0.01245	0.00730	0.00845	0.00648	0.00439	0.00345	0.00115	0.00568	0.00284	0.00216	0.00662
116	0.01059	0.01108	0.06624	0.47225	0.25402	0.01163	0.01442	0.01411	0.02497	0.01435	0.00927	0.01298	0.00726	0.00505	0.00547	0.00163	0.03884	0.00445	0.00238	0.01903
117	0.01006	0.02275	0.64230	0.05322	0.08742	0.01126	0.01730	0.01525	0.01066	0.01571	0.01030	0.06234	0.00828	0.00549	0.00494	0.00163	0.00702	0.00451	0.00233	0.00722
118	0.01163	0.00862	0.00974	0.00855	0.01063	0.00936	0.00660	0.25157	0.10846	0.02010	0.05405	0.07470	0.08333	0.10982	0.15091	0.00316	0.00594	0.00658	0.06022	0.00603
119	0.01525	0.01831	0.01908	0.08596	0.05552	0.41682	0.22226	0.01761	0.01266	0.01366	0.00858	0.01106	0.00693	0.00518	0.00594	0.00153	0.07067	0.00427	0.00253	0.00618
120	0.12481	0.01128	0.01791	0.02622	0.63694	0.01147	0.01350	0.01505	0.01130	0.01758	0.05866	0.01355	0.01020	0.00490	0.00482	0.00152	0.00550	0.00456	0.00278	0.00747
121	0.01096	0.00939	0.01207	0.07896	0.10052	0.00791	0.00783	0.03220	0.01094	0.02704	0.00953	0.02205	0.00793	0.00420	0.00409	0.00096	0.00430	0.00351	0.00300	0.64263
122	0.01411	0.17083	0.03603	0.01559	0.08391	0.03641	0.21546	0.17809	0.02378	0.03482	0.00965	0.01172	0.00766	0.00552	0.00674	0.00159	0.13342	0.00453	0.00307	0.00708
123	0.01442	0.22702	0.28760	0.01187	0.01673	0.21079	0.01226	0.01826	0.06080	0.08103	0.00990	0.01071	0.00755	0.00504	0.00439	0.00140	0.00687	0.00359	0.00280	0.00695
124	0.01072	0.06568	0.14298	0.00984	0.05075	0.00870	0.00874	0.01357	0.01055	0.01610	0.00890	0.01046	0.00727	0.00400	0.00395	0.00095	0.00458	0.00317	0.00277	0.61632

[dist]
# distance from previous block
# <min> <max>
0	2

[block]
# block no. 6 follows, 49 sequences, length 11
# corresponding to MSA columns:
# 324-334
name=unknown_G
#
# <colnr> <probs for GDERKNQSTAVLIFYWHMCP>
#	G	D	E	R	K	N	Q	S	T	A	V	L	I	F	Y	W	H	M	C	P
0	0.00649	0.00484	0.00641	0.00700	0.00770	0.00482	0.00499	0.00768	0.00945	0.01258	0.02704	0.42867	0.15077	0.04721	0.24520	0.00390	0.00611	0.01087	0.00405	0.00422
1	0.33637	0.02951	0.00774	0.00690	0.00883	0.00800	0.00544	0.01143	0.01035	0.01856	0.23554	0.06898	0.04551	0.01410	0.16946	0.00295	0.00540	0.00608	0.00386	0.00498
2	0.01267	0.26161	0.25915	0.01448	0.01979	0.10537	0.22779	0.01629	0.01133	0.01442	0.00864	0.01057	0.00680	0.00455	0.00464	0.00144	0.00734	0.00400	0.00232	0.00681
3	0.00736	0.00661	0.01065	0.00941	0.01122	0.00602	0.16324	0.00913	0.01085	0.01392	0.03222	0.36101	0.28793	0.01234	0.00621	0.00187	0.00402	0.03700	0.00425	0.00474
4	0.00734	0.00496	0.00581	0.00581	0.00592	0.00506	0.00344	0.00755	0.00744	0.01003	0.01566	0.03158	0.01773	0.73265	0.11447	0.00527	0.00589	0.00713	0.00302	0.00323
5	0.00910	0.01279	0.23678	0.01070	0.03550	0.05519	0.01019	0.01230	0.03764	0.01450	0.02021	0.17546	0.05788	0.08530	0.00767	0.00217	0.00536	0.20215	0.00362	0.00549
6	0.01674	0.10437	0.03941	0.04524	0.19721	0.04469	0.05600	0.03357	0.05134	0.32394	0.02843	0.01456	0.01056	0.00548	0.00490	0.00150	0.00544	0.00469	0.00417	0.00775
7	0.03747	0.01156	0.01852	0.01567	0.08822	0.02992	0.21645	0.01532	0.01052	0.10389	0.00973	0.01240	0.00779	0.00606	0.00904	0.00171	0.28430	0.00467	0.00293	0.11382
8	0.01540	0.01071	0.01249	0.01016	0.01348	0.01129	0.03450	0.26704	0.23297	0.15137	0.05000	0.05451	0.06054	0.00717	0.00521	0.00159	0.00451	0.00594	0.00508	0.04602
9	0.01056	0.01106	0.04713	0.00954	0.01299	0.09842	0.08518	0.01419	0.09788	0.01598	0.05789	0.02219	0.20014	0.00688	0.00492	0.00133	0.00469	0.00583	0.00364	0.28956
10	0.01036	0.00869	0.01270	0.02950	0.17993	0.00859	0.05408	0.06723	0.05505	0.03134	0.03932	0.14383	0.06292	0.02620	0.12995	0.00262	0.00604	0.00673	0.00358	0.12133

[dist]
# distance from previous block
# <min> <max>
0	21

# created by:
# /st0/software/busco_prod/Augustus/scripts/msa2prfl.pl ./align_prep/61185.fa
