[name]
unknown

[dist]
# distance from previous block
# <min> <max>
2	670

[block]
# block no. 0 follows, 52 sequences, length 28
# corresponding to MSA columns:
# 793-820
name=unknown_A
#
# <colnr> <probs for GDERKNQSTAVLIFYWHMCP>
#	G	D	E	R	K	N	Q	S	T	A	V	L	I	F	Y	W	H	M	C	P
0	0.00812	0.00602	0.00734	0.05630	0.00959	0.01952	0.00557	0.10519	0.01101	0.01481	0.02217	0.57317	0.02520	0.05580	0.00673	0.00197	0.00352	0.01096	0.05244	0.00457
1	0.01083	0.16937	0.38868	0.01454	0.12220	0.01225	0.06140	0.01459	0.01027	0.03314	0.00971	0.05976	0.00818	0.00523	0.00488	0.00146	0.03426	0.00428	0.00239	0.03258
2	0.01734	0.01058	0.01186	0.00922	0.01278	0.04699	0.00744	0.26589	0.04348	0.31127	0.01422	0.01448	0.01016	0.05538	0.00583	0.00154	0.00467	0.00445	0.00473	0.14767
3	0.00741	0.00466	0.00662	0.00672	0.00707	0.00495	0.00470	0.00735	0.00725	0.00998	0.01290	0.09041	0.01345	0.16458	0.31208	0.32069	0.00742	0.00590	0.00264	0.00323
4	0.01439	0.00986	0.01120	0.00908	0.01194	0.01044	0.00731	0.38606	0.07464	0.10745	0.27881	0.02093	0.02180	0.00728	0.00515	0.00150	0.00407	0.00599	0.00514	0.00696
5	0.00703	0.00493	0.00678	0.00682	0.00732	0.00541	0.00484	0.00789	0.00749	0.01048	0.01391	0.05098	0.01439	0.29865	0.46709	0.06424	0.00927	0.00604	0.00274	0.00370
6	0.00903	0.00452	0.00452	0.00452	0.00565	0.00452	0.00339	0.01129	0.01016	0.01807	0.01581	0.01807	0.01242	0.00565	0.00339	0.00113	0.00226	0.00452	0.85659	0.00452
7	0.00887	0.00728	0.00867	0.00710	0.00980	0.00647	0.00558	0.01166	0.06662	0.02792	0.18787	0.02250	0.13631	0.00859	0.05016	0.00157	0.04173	0.00568	0.00380	0.38182
8	0.01124	0.01107	0.05877	0.11545	0.17861	0.01104	0.16723	0.06935	0.05848	0.04295	0.02765	0.10901	0.01147	0.00651	0.00643	0.00166	0.09772	0.00585	0.00309	0.00643
9	0.00903	0.00452	0.00452	0.00452	0.00565	0.00452	0.00339	0.01129	0.01016	0.01807	0.01581	0.01807	0.01242	0.00565	0.00339	0.00113	0.00226	0.00452	0.85659	0.00452
10	0.05199	0.08214	0.37076	0.03151	0.07107	0.15950	0.05458	0.04973	0.01150	0.02588	0.02816	0.01079	0.00746	0.00487	0.00469	0.00145	0.02105	0.00375	0.00248	0.00664
11	0.00992	0.00906	0.01530	0.28191	0.26057	0.00985	0.07509	0.01275	0.02400	0.02561	0.01227	0.13854	0.01143	0.00754	0.03427	0.00184	0.03412	0.00595	0.02399	0.00598
12	0.00607	0.00456	0.00530	0.00580	0.00650	0.00415	0.00389	0.00688	0.00945	0.01202	0.03230	0.38977	0.29959	0.17934	0.00977	0.00240	0.00307	0.01116	0.00418	0.00379
13	0.00760	0.00630	0.01042	0.00915	0.01050	0.00667	0.12502	0.00938	0.00846	0.01183	0.03408	0.02173	0.03703	0.17617	0.49658	0.00592	0.01012	0.00586	0.00276	0.00441
14	0.01146	0.01073	0.09013	0.05991	0.11812	0.00816	0.00883	0.03602	0.01087	0.08325	0.00967	0.01109	0.00754	0.00413	0.00407	0.00104	0.00450	0.00343	0.00301	0.51404
15	0.78316	0.00904	0.00711	0.00634	0.00925	0.01036	0.00520	0.01439	0.00856	0.04843	0.00772	0.00879	0.00591	0.00462	0.00309	0.00148	0.00367	0.00282	0.05477	0.00531
16	0.00863	0.04278	0.00720	0.00641	0.00660	0.00491	0.00440	0.00669	0.00648	0.00856	0.00834	0.01441	0.00832	0.01624	0.01820	0.81906	0.00425	0.00413	0.00210	0.00230
17	0.01308	0.53215	0.16706	0.01038	0.01486	0.13714	0.03803	0.01543	0.01056	0.01234	0.00732	0.00856	0.00625	0.00436	0.00367	0.00118	0.00619	0.00297	0.00215	0.00631
18	0.01149	0.00847	0.00971	0.00820	0.01089	0.00852	0.00637	0.06357	0.29699	0.07448	0.11952	0.01777	0.01581	0.00736	0.00623	0.09650	0.00369	0.00504	0.02454	0.20486
19	0.02291	0.11898	0.16790	0.02224	0.05067	0.04115	0.10926	0.02607	0.10654	0.02858	0.05675	0.01852	0.08707	0.08593	0.00717	0.03046	0.00543	0.00528	0.00312	0.00596
20	0.01274	0.03982	0.16886	0.10549	0.29467	0.05940	0.03456	0.04336	0.02863	0.10617	0.01089	0.04135	0.00864	0.00521	0.00496	0.00150	0.01926	0.00452	0.00293	0.00704
21	0.05952	0.00667	0.00693	0.00654	0.00799	0.06287	0.00493	0.01033	0.03735	0.01795	0.53957	0.05734	0.14472	0.00961	0.00545	0.00154	0.00293	0.00824	0.00483	0.00470
22	0.00920	0.03461	0.02701	0.13449	0.01795	0.00874	0.28450	0.01196	0.01048	0.01446	0.01656	0.17448	0.05089	0.00762	0.00534	0.00165	0.00545	0.06330	0.11598	0.00533
23	0.01483	0.15621	0.17039	0.03816	0.09538	0.03142	0.05735	0.05714	0.04607	0.24885	0.01255	0.03042	0.00918	0.00527	0.00457	0.00144	0.00552	0.00435	0.00362	0.00725
24	0.01276	0.16334	0.33328	0.01381	0.05882	0.03289	0.13331	0.05544	0.01158	0.11060	0.01022	0.01190	0.00762	0.00482	0.00460	0.00145	0.00643	0.01731	0.00281	0.00702
25	0.01060	0.01060	0.01484	0.01272	0.01272	0.01484	0.01060	0.01166	0.00742	0.01166	0.00636	0.01060	0.00636	0.00848	0.01590	0.00212	0.82082	0.00424	0.00212	0.00530
26	0.05982	0.07212	0.26925	0.01069	0.02718	0.01048	0.03280	0.10493	0.02721	0.07638	0.01030	0.03299	0.00799	0.00485	0.00427	0.00128	0.00526	0.00384	0.00309	0.23525
27	0.03830	0.17895	0.10797	0.04750	0.02922	0.15443	0.06952	0.10015	0.03918	0.05867	0.01067	0.07217	0.00916	0.00607	0.00527	0.02351	0.03545	0.00452	0.00302	0.00628

[dist]
# distance from previous block
# <min> <max>
1	9

[block]
# block no. 1 follows, 52 sequences, length 29
# corresponding to MSA columns:
# 830-858
name=unknown_B
#
# <colnr> <probs for GDERKNQSTAVLIFYWHMCP>
#	G	D	E	R	K	N	Q	S	T	A	V	L	I	F	Y	W	H	M	C	P
0	0.01237	0.07181	0.25599	0.03519	0.06668	0.13045	0.06247	0.07956	0.04828	0.03606	0.04562	0.01288	0.02814	0.00514	0.00458	0.00138	0.00616	0.00416	0.00292	0.09016
1	0.71586	0.00946	0.00787	0.00685	0.00985	0.01076	0.00562	0.08041	0.00999	0.04984	0.04980	0.01001	0.00790	0.00495	0.00337	0.00150	0.00382	0.00318	0.00339	0.00557
2	0.00759	0.01026	0.20021	0.05698	0.05450	0.00705	0.00906	0.00993	0.00983	0.01361	0.05650	0.42727	0.05844	0.01075	0.00606	0.00179	0.04207	0.00942	0.00359	0.00510
3	0.01257	0.22355	0.11881	0.01169	0.10131	0.07808	0.00964	0.02829	0.04447	0.06149	0.00920	0.01037	0.00739	0.00450	0.00427	0.00117	0.02651	0.00337	0.00276	0.24055
4	0.00656	0.00463	0.00608	0.00656	0.00691	0.00473	0.00443	0.00737	0.00823	0.01117	0.01965	0.35832	0.02246	0.28576	0.20640	0.00427	0.00591	0.02335	0.00353	0.00371
5	0.04341	0.00938	0.01042	0.00768	0.01178	0.02258	0.00615	0.09830	0.01145	0.01752	0.00921	0.02577	0.00768	0.00412	0.00377	0.00086	0.00387	0.00324	0.00312	0.69967
6	0.86392	0.00937	0.00712	0.00637	0.00937	0.01087	0.00525	0.01425	0.00825	0.02174	0.00675	0.00787	0.00525	0.00450	0.00300	0.00150	0.00375	0.00262	0.00300	0.00525
7	0.00643	0.00494	0.00593	0.00598	0.00724	0.00444	0.00456	0.00818	0.01203	0.01584	0.35808	0.10876	0.33750	0.01164	0.00586	0.00168	0.00262	0.08913	0.00485	0.00432
8	0.00693	0.00508	0.00714	0.00806	0.04972	0.00527	0.00542	0.00829	0.00895	0.01260	0.07331	0.31151	0.02199	0.10501	0.30364	0.00429	0.00684	0.00864	0.04304	0.00425
9	0.00645	0.00490	0.00594	0.00577	0.00701	0.00439	0.00429	0.00832	0.01263	0.01705	0.51973	0.08537	0.27859	0.01095	0.00575	0.00158	0.00237	0.00951	0.00503	0.00439
10	0.01161	0.17097	0.05010	0.03282	0.15094	0.01227	0.33795	0.01462	0.01102	0.05186	0.02588	0.05158	0.04575	0.00526	0.00498	0.00149	0.00631	0.00537	0.00276	0.00648
11	0.00924	0.01578	0.39567	0.01235	0.05774	0.00883	0.05695	0.01315	0.03034	0.03561	0.01452	0.24572	0.01419	0.00763	0.00509	0.00161	0.00550	0.00672	0.00303	0.06034
12	0.04037	0.32662	0.11259	0.04158	0.05385	0.09154	0.17950	0.01522	0.02368	0.01367	0.02031	0.01042	0.00727	0.00462	0.00471	0.00136	0.04023	0.00380	0.00234	0.00631
13	0.00711	0.00467	0.00533	0.00533	0.00533	0.00467	0.00300	0.00701	0.00701	0.00935	0.01494	0.03091	0.01718	0.79114	0.02439	0.04522	0.00467	0.00691	0.00290	0.00290
14	0.00592	0.00439	0.00553	0.00636	0.00695	0.00400	0.00435	0.00690	0.00983	0.01284	0.06754	0.63922	0.17975	0.01437	0.00608	0.00188	0.00272	0.01286	0.00454	0.00400
15	0.01603	0.01265	0.01338	0.02882	0.03188	0.04205	0.00887	0.48691	0.24372	0.02592	0.01379	0.01357	0.01010	0.00595	0.00482	0.00150	0.00499	0.00464	0.02257	0.00783
16	0.01311	0.01327	0.17336	0.02306	0.05741	0.06628	0.00990	0.08286	0.13262	0.14931	0.09214	0.01763	0.04421	0.00632	0.00515	0.00150	0.02628	0.02210	0.00397	0.05952
17	0.03537	0.14052	0.21194	0.01306	0.08990	0.07600	0.03767	0.12720	0.07402	0.11434	0.01085	0.01154	0.00803	0.00510	0.00472	0.00144	0.02390	0.00395	0.00327	0.00716
18	0.00972	0.02507	0.80458	0.01381	0.02097	0.01125	0.01790	0.01535	0.01023	0.01535	0.00870	0.01023	0.00614	0.00460	0.00460	0.00153	0.00716	0.00358	0.00205	0.00716
19	0.34760	0.01436	0.25157	0.00944	0.01380	0.01083	0.00975	0.12516	0.01161	0.10014	0.00982	0.01060	0.00705	0.00494	0.00397	0.00148	0.00497	0.00350	0.05288	0.00652
20	0.03432	0.05154	0.19016	0.08109	0.05100	0.01119	0.04519	0.17199	0.07723	0.14504	0.06536	0.01494	0.02794	0.00571	0.00479	0.00151	0.00536	0.00471	0.00382	0.00711
21	0.01201	0.10420	0.16883	0.04918	0.12271	0.02451	0.28739	0.05115	0.03187	0.05297	0.01052	0.02868	0.00834	0.00490	0.00498	0.00152	0.00666	0.02003	0.00274	0.00681
22	0.00626	0.00469	0.00585	0.00668	0.00730	0.00445	0.00458	0.00794	0.05721	0.01295	0.02937	0.66951	0.13669	0.01426	0.00605	0.00190	0.00282	0.01278	0.00453	0.00419
23	0.00681	0.00504	0.00651	0.00716	0.00821	0.00475	0.00571	0.00853	0.01113	0.01452	0.15251	0.21893	0.19290	0.01300	0.00623	0.00194	0.00334	0.32389	0.00462	0.00429
24	0.02915	0.09319	0.09765	0.06181	0.13398	0.07422	0.05900	0.05661	0.01174	0.18256	0.02457	0.01254	0.00870	0.00548	0.00597	0.00151	0.10577	0.00423	0.02454	0.00680
25	0.21707	0.26245	0.01549	0.03058	0.01291	0.14911	0.00792	0.07731	0.04102	0.09474	0.00901	0.00979	0.00707	0.00500	0.00430	0.00135	0.04224	0.00329	0.00309	0.00624
26	0.00603	0.00444	0.00564	0.00635	0.00699	0.00406	0.00438	0.00716	0.01026	0.01360	0.15180	0.57826	0.15546	0.01389	0.00604	0.00185	0.00267	0.01242	0.00463	0.00406
27	0.01296	0.83261	0.02539	0.00829	0.01244	0.01917	0.00829	0.01451	0.00985	0.01140	0.00674	0.00777	0.00622	0.00415	0.00311	0.00104	0.00518	0.00259	0.00207	0.00622
28	0.05314	0.09085	0.31425	0.01231	0.07109	0.03628	0.01203	0.06369	0.02206	0.18894	0.04480	0.01267	0.00945	0.00536	0.00503	0.00149	0.04203	0.00409	0.00335	0.00709

[dist]
# distance from previous block
# <min> <max>
0	1

[block]
# block no. 2 follows, 52 sequences, length 52
# corresponding to MSA columns:
# 860-911
name=unknown_C
#
# <colnr> <probs for GDERKNQSTAVLIFYWHMCP>
#	G	D	E	R	K	N	Q	S	T	A	V	L	I	F	Y	W	H	M	C	P
0	0.00752	0.00543	0.00690	0.00754	0.00836	0.00537	0.00553	0.08750	0.01103	0.01463	0.02544	0.59430	0.04482	0.01385	0.00612	0.00195	0.00335	0.14137	0.00453	0.00447
1	0.04589	0.03909	0.01045	0.02058	0.01164	0.00711	0.00598	0.01291	0.01019	0.07031	0.01005	0.04892	0.00856	0.00438	0.00378	0.00089	0.00370	0.00353	0.00313	0.67890
2	0.00842	0.00421	0.00631	0.00631	0.00631	0.00421	0.00421	0.00631	0.00631	0.00842	0.00842	0.01473	0.00842	0.01684	0.01894	0.85901	0.00421	0.00421	0.00210	0.00210
3	0.01284	0.62393	0.02119	0.00813	0.01181	0.01640	0.00772	0.03177	0.07297	0.04569	0.03858	0.01085	0.00912	0.00478	0.00348	0.00114	0.00471	0.00333	0.06527	0.00628
4	0.02678	0.00557	0.00627	0.00626	0.00782	0.00519	0.00480	0.00983	0.07338	0.04419	0.14125	0.12985	0.42027	0.01153	0.00572	0.00171	0.00288	0.08739	0.00467	0.00464
5	0.01842	0.01357	0.01454	0.01115	0.01503	0.01503	0.00921	0.78330	0.02278	0.03054	0.01163	0.01163	0.00824	0.00582	0.00485	0.00145	0.00533	0.00436	0.00485	0.00824
6	0.01144	0.01307	0.02859	0.02042	0.02533	0.01225	0.78186	0.01552	0.01144	0.01552	0.00980	0.01307	0.00735	0.00408	0.00572	0.00163	0.00817	0.00572	0.00245	0.00654
7	0.01842	0.01357	0.01454	0.01115	0.01503	0.01503	0.00921	0.78330	0.02278	0.03054	0.01163	0.01163	0.00824	0.00582	0.00485	0.00145	0.00533	0.00436	0.00485	0.00824
8	0.86392	0.00937	0.00712	0.00637	0.00937	0.01087	0.00525	0.01425	0.00825	0.02174	0.00675	0.00787	0.00525	0.00450	0.00300	0.00150	0.00375	0.00262	0.00300	0.00525
9	0.00915	0.00861	0.01453	0.81804	0.03338	0.01077	0.01346	0.01238	0.00969	0.01238	0.00861	0.01292	0.00646	0.00484	0.00484	0.00161	0.00646	0.00431	0.00215	0.00538
10	0.00915	0.00861	0.01453	0.81804	0.03338	0.01077	0.01346	0.01238	0.00969	0.01238	0.00861	0.01292	0.00646	0.00484	0.00484	0.00161	0.00646	0.00431	0.00215	0.00538
11	0.01199	0.01151	0.01967	0.02974	0.79946	0.01151	0.01487	0.01487	0.01103	0.01583	0.00912	0.01199	0.00768	0.00432	0.00480	0.00144	0.00576	0.00432	0.00240	0.00768
12	0.01152	0.01285	0.02731	0.02177	0.13711	0.01215	0.67111	0.01543	0.01138	0.01557	0.00970	0.01292	0.00740	0.00412	0.00559	0.00161	0.00782	0.00552	0.00244	0.00670
13	0.01782	0.02263	0.01377	0.01249	0.01490	0.78062	0.00941	0.01906	0.01350	0.01185	0.00745	0.00881	0.00625	0.00512	0.00480	0.00128	0.03898	0.00316	0.00248	0.00561
14	0.00703	0.00477	0.00564	0.00564	0.00576	0.00489	0.00338	0.00727	0.00715	0.00966	0.01494	0.02992	0.01684	0.71732	0.13597	0.00514	0.00587	0.00678	0.00289	0.00313
15	0.86392	0.00937	0.00712	0.00637	0.00937	0.01087	0.00525	0.01425	0.00825	0.02174	0.00675	0.00787	0.00525	0.00450	0.00300	0.00150	0.00375	0.00262	0.00300	0.00525
16	0.01005	0.00861	0.01005	0.00718	0.01148	0.00646	0.00574	0.01220	0.01005	0.01579	0.00861	0.01005	0.00718	0.00359	0.00359	0.00072	0.00359	0.00287	0.00287	0.85932
17	0.01199	0.01151	0.01967	0.02974	0.79946	0.01151	0.01487	0.01487	0.01103	0.01583	0.00912	0.01199	0.00768	0.00432	0.00480	0.00144	0.00576	0.00432	0.00240	0.00768
18	0.01125	0.00936	0.01000	0.00904	0.01156	0.01053	0.00701	0.02248	0.62992	0.03908	0.09112	0.02231	0.09046	0.00739	0.00507	0.00163	0.00358	0.00620	0.00495	0.00708
19	0.01810	0.02310	0.01373	0.01248	0.01498	0.81024	0.00936	0.01935	0.01373	0.01186	0.00749	0.00874	0.00624	0.00499	0.00437	0.00125	0.00874	0.00312	0.00250	0.00562
20	0.00705	0.00470	0.00529	0.00529	0.00529	0.00470	0.00294	0.00705	0.00705	0.00940	0.01527	0.03171	0.01762	0.82969	0.02467	0.00470	0.00470	0.00705	0.00294	0.00294
21	0.01169	0.01120	0.01912	0.11437	0.71722	0.01143	0.01472	0.01460	0.01089	0.01546	0.00906	0.01209	0.00755	0.00437	0.00480	0.00146	0.00583	0.00432	0.00237	0.00743
22	0.01175	0.01149	0.02029	0.08056	0.66600	0.01154	0.09712	0.01478	0.01099	0.01557	0.00916	0.01217	0.00756	0.00433	0.00490	0.00147	0.00606	0.00447	0.00239	0.00740
23	0.01064	0.00948	0.01397	0.44440	0.13719	0.02886	0.01183	0.01570	0.16247	0.04018	0.01238	0.01679	0.00996	0.00576	0.00498	0.00163	0.00568	0.05888	0.00303	0.00619
24	0.01129	0.01080	0.01841	0.22382	0.61086	0.01133	0.01452	0.01426	0.01070	0.01498	0.00899	0.01222	0.00738	0.00445	0.00481	0.00148	0.00593	0.00432	0.00234	0.00711
25	0.00587	0.00434	0.00550	0.00642	0.00694	0.00396	0.00435	0.00678	0.00959	0.01250	0.03065	0.68913	0.16690	0.01467	0.00610	0.00191	0.00275	0.01315	0.00450	0.00396
26	0.01120	0.01097	0.01997	0.32970	0.13731	0.01166	0.28112	0.08992	0.01178	0.01576	0.00980	0.03077	0.00769	0.00483	0.00517	0.00159	0.00676	0.00502	0.00261	0.00636
27	0.01192	0.01160	0.03798	0.00886	0.01128	0.20469	0.00697	0.07794	0.03751	0.05993	0.15085	0.17163	0.05141	0.00804	0.00499	0.00143	0.00475	0.00667	0.00396	0.12761
28	0.66658	0.05610	0.04634	0.00712	0.01048	0.01087	0.00626	0.01553	0.00916	0.12225	0.00844	0.00910	0.00622	0.00468	0.00332	0.00148	0.00404	0.00296	0.00329	0.00578
29	0.03270	0.01339	0.01661	0.01364	0.04839	0.17755	0.23037	0.15321	0.05058	0.04464	0.01275	0.03360	0.03852	0.04450	0.00605	0.00164	0.01929	0.00510	0.05114	0.00633
30	0.00705	0.00470	0.00529	0.00529	0.00529	0.00470	0.00294	0.00705	0.00705	0.00940	0.01527	0.03171	0.01762	0.82969	0.02467	0.00470	0.00470	0.00705	0.00294	0.00294
31	0.01500	0.04695	0.11098	0.08977	0.10503	0.09591	0.12234	0.02955	0.01232	0.26428	0.05059	0.01410	0.01035	0.00526	0.00487	0.00148	0.00594	0.00463	0.00366	0.00699
32	0.86392	0.00937	0.00712	0.00637	0.00937	0.01087	0.00525	0.01425	0.00825	0.02174	0.00675	0.00787	0.00525	0.00450	0.00300	0.00150	0.00375	0.00262	0.00300	0.00525
33	0.00704	0.00471	0.00534	0.00534	0.00536	0.00473	0.00301	0.00708	0.00706	0.00944	0.01522	0.03143	0.01750	0.81202	0.04217	0.00477	0.00488	0.00701	0.00293	0.00297
34	0.00974	0.00821	0.00956	0.00698	0.01084	0.00628	0.00545	0.01167	0.00974	0.01513	0.00930	0.01229	0.00826	0.08889	0.00577	0.00113	0.00370	0.00330	0.00288	0.77089
35	0.02882	0.06485	0.05151	0.18723	0.07793	0.02377	0.12106	0.08965	0.01219	0.15966	0.01206	0.03346	0.02323	0.00521	0.00473	0.00144	0.00561	0.00463	0.00336	0.08958
36	0.04244	0.05456	0.01014	0.00804	0.01024	0.00952	0.00623	0.18813	0.15535	0.07223	0.09694	0.05564	0.03611	0.17701	0.00893	0.00217	0.00415	0.01684	0.03939	0.00595
37	0.01442	0.01158	0.01229	0.01034	0.01350	0.01316	0.00824	0.30702	0.50559	0.02408	0.01672	0.01569	0.01236	0.00629	0.00490	0.00157	0.00439	0.00506	0.00490	0.00788
38	0.01098	0.05575	0.38330	0.15363	0.10227	0.01117	0.07860	0.03199	0.01078	0.06669	0.01022	0.04503	0.00796	0.00510	0.00478	0.00154	0.00647	0.00444	0.00256	0.00677
39	0.00706	0.00485	0.00607	0.00607	0.00638	0.00513	0.00395	0.00768	0.00737	0.01022	0.01455	0.02727	0.01571	0.55246	0.27686	0.00560	0.00730	0.00638	0.02567	0.00343
40	0.00647	0.00489	0.00598	0.00580	0.00703	0.00439	0.00431	0.00836	0.01267	0.01716	0.53349	0.09108	0.25878	0.01093	0.00575	0.00159	0.00237	0.00951	0.00504	0.00439
41	0.01111	0.01243	0.02656	0.13560	0.02649	0.01204	0.67090	0.01507	0.01119	0.01507	0.00963	0.01305	0.00722	0.00419	0.00559	0.00163	0.00792	0.00552	0.00241	0.00637
42	0.01031	0.09678	0.14937	0.35262	0.07394	0.01208	0.17589	0.01385	0.01022	0.01367	0.00894	0.01255	0.00700	0.00477	0.00510	0.00156	0.02617	0.01682	0.00224	0.00613
43	0.00977	0.00924	0.01565	0.64707	0.19954	0.01093	0.01376	0.01292	0.00998	0.01313	0.00872	0.01272	0.00672	0.00473	0.00483	0.00158	0.00631	0.00431	0.00221	0.00588
44	0.00673	0.00461	0.00534	0.00558	0.00573	0.00450	0.00332	0.00698	0.00775	0.01025	0.01964	0.20460	0.06444	0.60757	0.01960	0.00394	0.00416	0.00868	0.00336	0.00322
45	0.01199	0.12231	0.33148	0.10156	0.15022	0.13135	0.01379	0.01555	0.01087	0.03403	0.00877	0.01063	0.00676	0.00464	0.00441	0.00141	0.00664	0.00364	0.02326	0.00667
46	0.01223	0.04887	0.27257	0.02736	0.11203	0.06367	0.16672	0.09409	0.08975	0.03108	0.01129	0.01270	0.02531	0.00499	0.00487	0.00151	0.00654	0.00448	0.00290	0.00705
47	0.00710	0.00593	0.02541	0.02680	0.00832	0.02390	0.00512	0.00931	0.01313	0.01809	0.63623	0.05108	0.13152	0.00992	0.00565	0.00154	0.00269	0.00867	0.00499	0.00461
48	0.01131	0.08306	0.05139	0.01014	0.08942	0.02788	0.00772	0.04611	0.01086	0.03456	0.00885	0.01024	0.00723	0.00394	0.00382	0.00092	0.00433	0.00314	0.00286	0.58224
49	0.00633	0.00475	0.00612	0.00675	0.00720	0.00469	0.00467	0.00726	0.00945	0.01258	0.07034	0.57076	0.11162	0.08615	0.00830	0.00216	0.04877	0.02384	0.00427	0.00398
50	0.00604	0.00431	0.00577	0.00690	0.00724	0.00405	0.00473	0.00698	0.00941	0.01252	0.02664	0.77291	0.03176	0.01506	0.00622	0.00199	0.00293	0.06609	0.00450	0.00397
51	0.02893	0.06439	0.01586	0.25992	0.18906	0.01189	0.02144	0.14858	0.02905	0.13425	0.01081	0.01262	0.00800	0.00519	0.00516	0.00151	0.03882	0.00430	0.00332	0.00691

[dist]
# distance from previous block
# <min> <max>
0	21

[block]
# block no. 3 follows, 52 sequences, length 52
# corresponding to MSA columns:
# 933-984
name=unknown_D
#
# <colnr> <probs for GDERKNQSTAVLIFYWHMCP>
#	G	D	E	R	K	N	Q	S	T	A	V	L	I	F	Y	W	H	M	C	P
0	0.15397	0.36084	0.01713	0.02180	0.01283	0.15728	0.00797	0.04452	0.13499	0.03380	0.00943	0.01002	0.00764	0.00485	0.00374	0.00128	0.00537	0.00329	0.00295	0.00629
1	0.00704	0.00474	0.00550	0.00550	0.00558	0.00482	0.00321	0.00719	0.00711	0.00956	0.01507	0.03061	0.01714	0.76100	0.09271	0.00497	0.00542	0.00689	0.00291	0.00306
2	0.01124	0.01251	0.02646	0.02080	0.11536	0.01179	0.65595	0.01505	0.01137	0.01545	0.01153	0.01449	0.04379	0.00449	0.00561	0.00161	0.00762	0.00576	0.00254	0.00656
3	0.01177	0.00999	0.01051	0.00937	0.01207	0.01133	0.00731	0.07827	0.64368	0.02017	0.02259	0.02097	0.10622	0.00719	0.00502	0.00163	0.00378	0.00596	0.00487	0.00729
4	0.00586	0.00491	0.00509	0.00505	0.00663	0.00415	0.00379	0.00721	0.01136	0.01384	0.13690	0.04541	0.70922	0.01200	0.00573	0.00162	0.00243	0.01006	0.00460	0.00415
5	0.00972	0.02507	0.80458	0.01381	0.02097	0.01125	0.01790	0.01535	0.01023	0.01535	0.00870	0.01023	0.00614	0.00460	0.00460	0.00153	0.00716	0.00358	0.00205	0.00716
6	0.01116	0.01503	0.15546	0.01934	0.02462	0.01209	0.65696	0.01549	0.01124	0.01549	0.00962	0.01261	0.00715	0.00417	0.00554	0.00162	0.00801	0.00537	0.00238	0.00664
7	0.00903	0.00452	0.00452	0.00452	0.00565	0.00452	0.00339	0.01129	0.01016	0.01807	0.01581	0.01807	0.01242	0.00565	0.00339	0.00113	0.00226	0.00452	0.85659	0.00452
8	0.01656	0.01212	0.01303	0.01019	0.01344	0.01334	0.00818	0.65639	0.02021	0.02708	0.01223	0.01492	0.00977	0.14051	0.00809	0.00198	0.00523	0.00480	0.00454	0.00737
9	0.00590	0.00422	0.00562	0.00675	0.00703	0.00394	0.00450	0.00675	0.00928	0.01237	0.02671	0.82653	0.03205	0.01518	0.00619	0.00197	0.00281	0.01378	0.00450	0.00394
10	0.00972	0.02507	0.80458	0.01381	0.02097	0.01125	0.01790	0.01535	0.01023	0.01535	0.00870	0.01023	0.00614	0.00460	0.00460	0.00153	0.00716	0.00358	0.00205	0.00716
11	0.00692	0.00519	0.00779	0.00779	0.00865	0.00606	0.00606	0.00865	0.00779	0.01125	0.01298	0.01904	0.01211	0.03634	0.81049	0.00779	0.01298	0.00519	0.00260	0.00433
12	0.01233	0.37797	0.29608	0.01020	0.01509	0.03140	0.01128	0.01585	0.04015	0.07931	0.02316	0.01075	0.00798	0.00474	0.00394	0.00129	0.00563	0.00345	0.04276	0.00665
13	0.01055	0.01089	0.10362	0.00829	0.01284	0.00774	0.00744	0.05414	0.04671	0.01673	0.00930	0.01052	0.00746	0.00396	0.00384	0.00090	0.00411	0.00315	0.00297	0.67483
14	0.01372	0.01597	0.24257	0.01122	0.01554	0.04898	0.01098	0.35030	0.10523	0.02208	0.01463	0.05499	0.05923	0.00639	0.00489	0.00153	0.00554	0.00505	0.00390	0.00726
15	0.01073	0.01022	0.01738	0.38145	0.45766	0.01118	0.01424	0.01376	0.01043	0.01429	0.00889	0.01241	0.00713	0.00455	0.00482	0.00152	0.00607	0.00431	0.00229	0.00665
16	0.86392	0.00937	0.00712	0.00637	0.00937	0.01087	0.00525	0.01425	0.00825	0.02174	0.00675	0.00787	0.00525	0.00450	0.00300	0.00150	0.00375	0.00262	0.00300	0.00525
17	0.02120	0.00912	0.01179	0.00904	0.01281	0.00841	0.00746	0.14782	0.01533	0.67656	0.01789	0.01570	0.01138	0.00597	0.00487	0.00149	0.00432	0.00479	0.00581	0.00825
18	0.01714	0.01309	0.01459	0.01141	0.01465	0.01500	0.00944	0.65715	0.02027	0.02745	0.01077	0.01147	0.00793	0.00625	0.00666	0.00156	0.13866	0.00434	0.00440	0.00776
19	0.00573	0.00491	0.00491	0.00491	0.00655	0.00409	0.00368	0.00695	0.01105	0.01309	0.04909	0.04664	0.79750	0.01227	0.00573	0.00164	0.00245	0.01023	0.00450	0.00409
20	0.01258	0.73779	0.11689	0.00894	0.01344	0.01824	0.00942	0.01461	0.00989	0.01186	0.00697	0.00806	0.00621	0.00420	0.00328	0.00109	0.00541	0.00271	0.00207	0.00633
21	0.01005	0.00861	0.01005	0.00718	0.01148	0.00646	0.00574	0.01220	0.01005	0.01579	0.00861	0.01005	0.00718	0.00359	0.00359	0.00072	0.00359	0.00287	0.00287	0.85932
22	0.01060	0.01060	0.01484	0.01272	0.01272	0.01484	0.01060	0.01166	0.00742	0.01166	0.00636	0.01060	0.00636	0.00848	0.01590	0.00212	0.82082	0.00424	0.00212	0.00530
23	0.00620	0.00485	0.00562	0.00560	0.00688	0.00426	0.00413	0.00780	0.01190	0.01553	0.34360	0.13406	0.40891	0.01167	0.00578	0.00163	0.00243	0.01006	0.00483	0.00426
24	0.01296	0.83261	0.02539	0.00829	0.01244	0.01917	0.00829	0.01451	0.00985	0.01140	0.00674	0.00777	0.00622	0.00415	0.00311	0.00104	0.00518	0.00259	0.00207	0.00622
25	0.01296	0.83261	0.02539	0.00829	0.01244	0.01917	0.00829	0.01451	0.00985	0.01140	0.00674	0.00777	0.00622	0.00415	0.00311	0.00104	0.00518	0.00259	0.00207	0.00622
26	0.00903	0.00452	0.00452	0.00452	0.00565	0.00452	0.00339	0.01129	0.01016	0.01807	0.01581	0.01807	0.01242	0.00565	0.00339	0.00113	0.00226	0.00452	0.85659	0.00452
27	0.00842	0.00421	0.00631	0.00631	0.00631	0.00421	0.00421	0.00631	0.00631	0.00842	0.00842	0.01473	0.00842	0.01684	0.01894	0.85901	0.00421	0.00421	0.00210	0.00210
28	0.00577	0.00491	0.00497	0.00495	0.00657	0.00411	0.00371	0.00703	0.01114	0.01332	0.07600	0.04626	0.77045	0.01219	0.00573	0.00163	0.00245	0.01017	0.00453	0.00411
29	0.00842	0.00421	0.00631	0.00631	0.00631	0.00421	0.00421	0.00631	0.00631	0.00842	0.00842	0.01473	0.00842	0.01684	0.01894	0.85901	0.00421	0.00421	0.00210	0.00210
30	0.86392	0.00937	0.00712	0.00637	0.00937	0.01087	0.00525	0.01425	0.00825	0.02174	0.00675	0.00787	0.00525	0.00450	0.00300	0.00150	0.00375	0.00262	0.00300	0.00525
31	0.00972	0.02507	0.80458	0.01381	0.02097	0.01125	0.01790	0.01535	0.01023	0.01535	0.00870	0.01023	0.00614	0.00460	0.00460	0.00153	0.00716	0.00358	0.00205	0.00716
32	0.00915	0.00861	0.01453	0.81804	0.03338	0.01077	0.01346	0.01238	0.00969	0.01238	0.00861	0.01292	0.00646	0.00484	0.00484	0.00161	0.00646	0.00431	0.00215	0.00538
33	0.00635	0.00493	0.00577	0.00556	0.00692	0.00435	0.00417	0.00815	0.01250	0.01655	0.45738	0.04094	0.38705	0.01098	0.00572	0.00158	0.00236	0.00943	0.00496	0.00435
34	0.00683	0.00495	0.00644	0.00607	0.00722	0.00456	0.00455	0.00909	0.01365	0.01927	0.77818	0.03646	0.06455	0.00997	0.00572	0.00153	0.00229	0.00880	0.00531	0.00456
35	0.01205	0.01041	0.01096	0.00986	0.01260	0.01205	0.00767	0.02575	0.79071	0.02027	0.01972	0.01808	0.01479	0.00657	0.00493	0.00164	0.00384	0.00548	0.00493	0.00767
36	0.00682	0.00493	0.00645	0.00612	0.00723	0.00455	0.00457	0.00906	0.01356	0.01918	0.76919	0.06464	0.04523	0.01010	0.00573	0.00154	0.00231	0.00894	0.00530	0.00455
37	0.01810	0.02310	0.01373	0.01248	0.01498	0.81024	0.00936	0.01935	0.01373	0.01186	0.00749	0.00874	0.00624	0.00499	0.00437	0.00125	0.00874	0.00312	0.00250	0.00562
38	0.00839	0.00453	0.00490	0.00514	0.00608	0.00449	0.00378	0.01032	0.00994	0.01660	0.01804	0.14972	0.01658	0.04251	0.00491	0.00147	0.00256	0.04576	0.63993	0.00435
39	0.00634	0.00464	0.00586	0.00669	0.00726	0.00436	0.00457	0.03499	0.00998	0.01312	0.02879	0.70534	0.12106	0.01450	0.00608	0.00191	0.00286	0.01302	0.00451	0.00411
40	0.57562	0.01072	0.00956	0.00797	0.01123	0.01221	0.00656	0.25598	0.03383	0.02447	0.00863	0.00933	0.00644	0.00497	0.00363	0.00149	0.00425	0.00325	0.00363	0.00625
41	0.01351	0.74617	0.02415	0.00874	0.01271	0.10364	0.00841	0.01503	0.01026	0.01145	0.00682	0.00788	0.00622	0.00424	0.00324	0.00106	0.00556	0.00265	0.00212	0.00615
42	0.01860	0.01062	0.01234	0.00969	0.01326	0.01098	0.00793	0.33974	0.12128	0.34818	0.01596	0.01474	0.01082	0.00599	0.00482	0.00149	0.00452	0.00473	0.03628	0.00803
43	0.00675	0.00495	0.00632	0.00598	0.00717	0.00452	0.00448	0.00893	0.01345	0.01880	0.72260	0.03724	0.12043	0.01014	0.00572	0.00154	0.00230	0.00891	0.00525	0.00452
44	0.00590	0.00422	0.00562	0.00675	0.00703	0.00394	0.00450	0.00675	0.00928	0.01237	0.02671	0.82653	0.03205	0.01518	0.00619	0.00197	0.00281	0.01378	0.00450	0.00394
45	0.01221	0.01049	0.01105	0.00989	0.01266	0.01213	0.00771	0.04444	0.77176	0.02053	0.01952	0.01792	0.01463	0.00656	0.00493	0.00164	0.00387	0.00545	0.00493	0.00768
46	0.00639	0.00456	0.00618	0.00730	0.00779	0.00435	0.00534	0.00758	0.00976	0.01291	0.02644	0.63032	0.03099	0.01473	0.00631	0.00203	0.00323	0.20520	0.00449	0.00407
47	0.01521	0.01195	0.01195	0.01009	0.01314	0.08967	0.00800	0.22840	0.37706	0.11080	0.04445	0.01591	0.01296	0.00625	0.00485	0.00152	0.00466	0.00498	0.02064	0.00752
48	0.01045	0.00814	0.01130	0.06020	0.16924	0.00730	0.00788	0.02571	0.01075	0.07971	0.04767	0.18861	0.01469	0.00682	0.00469	0.00130	0.00404	0.00605	0.00348	0.33197
49	0.00754	0.00602	0.00866	0.00831	0.00894	0.00734	0.00645	0.00896	0.00764	0.01111	0.01216	0.01909	0.01180	0.12167	0.59155	0.00651	0.14412	0.00525	0.00256	0.00433
50	0.01053	0.13245	0.23881	0.19010	0.05798	0.03027	0.02618	0.06650	0.01066	0.01422	0.01118	0.01488	0.04428	0.10200	0.00719	0.00186	0.02793	0.00445	0.00252	0.00600
51	0.18021	0.05117	0.10661	0.00959	0.05737	0.00874	0.04162	0.01431	0.01079	0.12097	0.10887	0.02700	0.02445	0.00552	0.00422	0.00133	0.00425	0.00448	0.06142	0.15706

[dist]
# distance from previous block
# <min> <max>
0	8

[block]
# block no. 4 follows, 52 sequences, length 24
# corresponding to MSA columns:
# 993-1016
name=unknown_E
#
# <colnr> <probs for GDERKNQSTAVLIFYWHMCP>
#	G	D	E	R	K	N	Q	S	T	A	V	L	I	F	Y	W	H	M	C	P
0	0.16537	0.11051	0.04088	0.01301	0.05984	0.15327	0.20041	0.01512	0.02274	0.03385	0.00964	0.03765	0.00814	0.00813	0.08774	0.00209	0.00705	0.00433	0.00271	0.01751
1	0.01316	0.05221	0.01313	0.01352	0.21483	0.00879	0.00861	0.05913	0.02433	0.19188	0.01610	0.06972	0.06963	0.00625	0.00469	0.00135	0.00435	0.03038	0.00383	0.19410
2	0.23517	0.01179	0.01458	0.01332	0.10588	0.08792	0.16044	0.05981	0.13958	0.01843	0.01098	0.03620	0.00883	0.00515	0.00444	0.00148	0.00537	0.00443	0.01863	0.05758
3	0.01147	0.01120	0.01976	0.15702	0.59481	0.01147	0.09393	0.01453	0.01086	0.01524	0.00910	0.01226	0.00744	0.00438	0.00490	0.00149	0.00612	0.00446	0.00236	0.00719
4	0.00692	0.00519	0.00779	0.00779	0.00865	0.00606	0.00606	0.00865	0.00779	0.01125	0.01298	0.01904	0.01211	0.03634	0.81049	0.00779	0.01298	0.00519	0.00260	0.00433
5	0.01810	0.02310	0.01373	0.01248	0.01498	0.81024	0.00936	0.01935	0.01373	0.01186	0.00749	0.00874	0.00624	0.00499	0.00437	0.00125	0.00874	0.00312	0.00250	0.00562
6	0.00594	0.00431	0.00562	0.00665	0.00707	0.00399	0.00452	0.00685	0.00948	0.01249	0.02860	0.73873	0.09752	0.01488	0.00616	0.00195	0.00283	0.03394	0.00450	0.00396
7	0.04551	0.45483	0.01992	0.02318	0.01300	0.04635	0.04368	0.01436	0.00975	0.05985	0.00815	0.01023	0.00715	0.03244	0.00633	0.00142	0.14472	0.00340	0.01964	0.03607
8	0.00714	0.00498	0.00610	0.00657	0.00715	0.00486	0.00451	0.04814	0.00983	0.01331	0.04888	0.44905	0.05354	0.20786	0.01038	0.00254	0.00344	0.06020	0.04750	0.00401
9	0.00670	0.00482	0.00636	0.00639	0.00734	0.00448	0.00473	0.00866	0.01260	0.01761	0.58628	0.21174	0.04177	0.01125	0.00587	0.00166	0.00252	0.04969	0.00510	0.00443
10	0.01370	0.21684	0.19299	0.01099	0.05456	0.01193	0.02682	0.06767	0.03534	0.16789	0.01079	0.01129	0.00797	0.00471	0.00418	0.00126	0.00522	0.00366	0.00325	0.14894
11	0.04569	0.09823	0.09278	0.07190	0.04235	0.05340	0.21420	0.16071	0.04723	0.02828	0.01019	0.03483	0.00812	0.00536	0.00562	0.00154	0.06524	0.00465	0.00302	0.00665
12	0.00692	0.00519	0.00779	0.00779	0.00865	0.00606	0.00606	0.00865	0.00779	0.01125	0.01298	0.01904	0.01211	0.03634	0.81049	0.00779	0.01298	0.00519	0.00260	0.00433
13	0.01053	0.01710	0.37605	0.21134	0.10632	0.01118	0.14059	0.01490	0.01051	0.04248	0.00927	0.01175	0.00678	0.00460	0.00487	0.00156	0.00690	0.00423	0.00231	0.00672
14	0.02785	0.16953	0.11337	0.01580	0.17003	0.10018	0.11308	0.13591	0.04032	0.03385	0.00940	0.01093	0.00738	0.00482	0.00481	0.00141	0.02752	0.00399	0.00286	0.00696
15	0.01079	0.04052	0.24079	0.05296	0.11537	0.01223	0.17244	0.04343	0.01024	0.01463	0.00893	0.01251	0.00742	0.05491	0.00843	0.00184	0.17933	0.00450	0.00236	0.00638
16	0.00590	0.00422	0.00562	0.00675	0.00703	0.00394	0.00450	0.00675	0.00928	0.01237	0.02671	0.82653	0.03205	0.01518	0.00619	0.00197	0.00281	0.01378	0.00450	0.00394
17	0.00625	0.00494	0.00646	0.09905	0.00991	0.00478	0.00529	0.00751	0.00994	0.01274	0.04904	0.48978	0.25050	0.01304	0.00589	0.00182	0.00311	0.01155	0.00425	0.00416
18	0.23953	0.01273	0.19743	0.01015	0.03730	0.00974	0.02945	0.08172	0.02773	0.17718	0.05367	0.07946	0.01172	0.00612	0.00448	0.00155	0.00479	0.00488	0.00379	0.00657
19	0.00998	0.03147	0.18282	0.00895	0.01378	0.00787	0.02694	0.01288	0.01010	0.01550	0.00906	0.03001	0.00754	0.00412	0.00391	0.00095	0.00449	0.00335	0.00270	0.61357
20	0.00598	0.00427	0.00572	0.00684	0.00716	0.00401	0.00464	0.00689	0.00936	0.01246	0.02667	0.79397	0.03188	0.01511	0.00621	0.00198	0.00288	0.04555	0.00450	0.00396
21	0.00829	0.00659	0.06358	0.00779	0.00922	0.00536	0.00646	0.00997	0.01048	0.07547	0.12097	0.29436	0.02657	0.06185	0.02653	0.03516	0.00399	0.20016	0.00427	0.02291
22	0.06301	0.27182	0.09690	0.01158	0.07419	0.09560	0.03515	0.12566	0.06348	0.03717	0.01026	0.01111	0.02579	0.00491	0.00410	0.00129	0.00556	0.00368	0.00299	0.05574
23	0.04409	0.10712	0.36129	0.01342	0.10829	0.01161	0.02470	0.06070	0.04666	0.04346	0.03798	0.01271	0.03106	0.00512	0.00466	0.00143	0.01955	0.00407	0.00280	0.05928

[dist]
# distance from previous block
# <min> <max>
0	4

[block]
# block no. 5 follows, 52 sequences, length 57
# corresponding to MSA columns:
# 1021-1077
name=unknown_F
#
# <colnr> <probs for GDERKNQSTAVLIFYWHMCP>
#	G	D	E	R	K	N	Q	S	T	A	V	L	I	F	Y	W	H	M	C	P
0	0.05367	0.00842	0.01146	0.10151	0.14406	0.02336	0.02442	0.05159	0.04666	0.11682	0.13974	0.05665	0.05938	0.03944	0.00599	0.00168	0.01875	0.04190	0.02964	0.02484
1	0.00769	0.00613	0.02461	0.00674	0.00786	0.01871	0.00491	0.00883	0.00799	0.01136	0.01330	0.02290	0.01361	0.36879	0.31416	0.00510	0.00769	0.00560	0.03047	0.11353
2	0.02663	0.16281	0.33588	0.01759	0.25686	0.01289	0.04054	0.05274	0.01108	0.02697	0.00877	0.01055	0.00684	0.00450	0.00442	0.00142	0.00622	0.00374	0.00238	0.00717
3	0.25277	0.17859	0.02744	0.04713	0.02757	0.32619	0.00846	0.02988	0.01110	0.01501	0.00727	0.00869	0.00603	0.00479	0.00415	0.00133	0.03231	0.00302	0.00256	0.00572
4	0.01105	0.00946	0.01533	0.17751	0.44362	0.00968	0.01196	0.01368	0.01107	0.07130	0.04596	0.01813	0.11368	0.00583	0.00495	0.00150	0.00514	0.00531	0.01822	0.00662
5	0.00653	0.00488	0.00607	0.00590	0.00707	0.00441	0.00438	0.00846	0.01274	0.01744	0.56777	0.11103	0.20368	0.01089	0.00576	0.00159	0.00237	0.00953	0.00508	0.00441
6	0.00619	0.00467	0.00573	0.00602	0.00697	0.00420	0.00430	0.00765	0.01133	0.01506	0.30461	0.33490	0.24566	0.01253	0.00589	0.00172	0.00253	0.01104	0.00479	0.00420
7	0.00929	0.00876	0.01479	0.77947	0.07087	0.01080	0.01353	0.01250	0.00976	0.01255	0.00864	0.01287	0.00652	0.00482	0.00484	0.00161	0.00643	0.00431	0.00217	0.00550
8	0.00595	0.00492	0.00521	0.00514	0.00668	0.00418	0.00386	0.00738	0.01157	0.01433	0.19467	0.04461	0.65115	0.01181	0.00573	0.00161	0.00242	0.00994	0.00466	0.00418
9	0.01108	0.00847	0.01030	0.00816	0.04347	0.00662	0.00612	0.01313	0.01033	0.09188	0.01022	0.02542	0.00850	0.03637	0.00463	0.00100	0.00376	0.00347	0.00319	0.69390
10	0.00781	0.00558	0.00781	0.00892	0.01004	0.00558	0.00781	0.01004	0.01116	0.01450	0.02566	0.05466	0.02789	0.01339	0.00669	0.00223	0.00446	0.76685	0.00446	0.00446
11	0.01038	0.00920	0.01020	0.00739	0.01163	0.03903	0.00589	0.01249	0.01020	0.01563	0.00857	0.01000	0.00714	0.00365	0.00362	0.00074	0.00380	0.00288	0.00286	0.82473
12	0.01533	0.01745	0.05180	0.23655	0.02001	0.45563	0.01062	0.03070	0.01254	0.07590	0.00902	0.01082	0.00691	0.00504	0.00454	0.00139	0.00748	0.00366	0.01873	0.00586
13	0.00754	0.00640	0.00995	0.37683	0.01925	0.00734	0.00881	0.00952	0.00948	0.01242	0.01798	0.41553	0.01970	0.01027	0.00580	0.00182	0.02265	0.03068	0.00338	0.00464
14	0.01842	0.01357	0.01454	0.01115	0.01503	0.01503	0.00921	0.78330	0.02278	0.03054	0.01163	0.01163	0.00824	0.00582	0.00485	0.00145	0.00533	0.00436	0.00485	0.00824
15	0.00590	0.00422	0.00562	0.00675	0.00703	0.00394	0.00450	0.00675	0.00928	0.01237	0.02671	0.82653	0.03205	0.01518	0.00619	0.00197	0.00281	0.01378	0.00450	0.00394
16	0.00612	0.00477	0.00547	0.00592	0.00698	0.00427	0.00433	0.00726	0.01024	0.01275	0.03735	0.26787	0.42959	0.07863	0.00748	0.00204	0.00297	0.09759	0.00437	0.00400
17	0.00700	0.00501	0.00637	0.00599	0.00725	0.00456	0.00451	0.00914	0.01338	0.03365	0.68560	0.03717	0.14197	0.01014	0.00570	0.00154	0.00234	0.00888	0.00524	0.00458
18	0.00633	0.00452	0.00611	0.00724	0.00771	0.00431	0.00524	0.00749	0.00970	0.01285	0.02647	0.65307	0.03112	0.01478	0.00630	0.00203	0.00318	0.18301	0.00449	0.00405
19	0.00746	0.00558	0.00808	0.00793	0.00893	0.00645	0.00618	0.04604	0.00854	0.01220	0.01316	0.03292	0.01228	0.03450	0.75739	0.00738	0.01243	0.00530	0.00274	0.00451
20	0.86392	0.00937	0.00712	0.00637	0.00937	0.01087	0.00525	0.01425	0.00825	0.02174	0.00675	0.00787	0.00525	0.00450	0.00300	0.00150	0.00375	0.00262	0.00300	0.00525
21	0.01213	0.00912	0.01066	0.00776	0.01196	0.00747	0.00626	0.09812	0.01183	0.09564	0.00999	0.01086	0.00777	0.00407	0.00385	0.00088	0.00383	0.00323	0.00340	0.68114
22	0.01608	0.00847	0.01069	0.00798	0.01193	0.00695	0.00650	0.03532	0.01233	0.41367	0.02874	0.01383	0.01036	0.00497	0.00431	0.00114	0.00387	0.00403	0.00454	0.39428
23	0.00915	0.00861	0.01453	0.81804	0.03338	0.01077	0.01346	0.01238	0.00969	0.01238	0.00861	0.01292	0.00646	0.00484	0.00484	0.00161	0.00646	0.00431	0.00215	0.00538
24	0.00693	0.00515	0.00757	0.00757	0.00836	0.00594	0.00579	0.00851	0.00772	0.01109	0.01318	0.02014	0.01259	0.10528	0.74221	0.00752	0.01226	0.00535	0.00263	0.00421
25	0.01144	0.01307	0.02859	0.02042	0.02533	0.01225	0.78186	0.01552	0.01144	0.01552	0.00980	0.01307	0.00735	0.00408	0.00572	0.00163	0.00817	0.00572	0.00245	0.00654
26	0.00741	0.00463	0.00589	0.00589	0.00600	0.00474	0.00369	0.00705	0.00694	0.00936	0.01307	0.02535	0.01435	0.50137	0.12390	0.24316	0.00562	0.00602	0.00266	0.00288
27	0.00963	0.02444	0.77953	0.01357	0.02054	0.01104	0.01749	0.01515	0.01034	0.01548	0.03344	0.01105	0.00738	0.00477	0.00464	0.00153	0.00701	0.00374	0.00215	0.00708
28	0.01060	0.01060	0.01484	0.01272	0.01272	0.01484	0.01060	0.01166	0.00742	0.01166	0.00636	0.01060	0.00636	0.00848	0.01590	0.00212	0.82082	0.00424	0.00212	0.00530
29	0.01834	0.01239	0.01361	0.01049	0.01418	0.01342	0.00862	0.64079	0.02084	0.13431	0.01285	0.01301	0.00911	0.02929	0.00538	0.00155	0.00508	0.00451	0.02423	0.00801
30	0.00686	0.00495	0.00648	0.00610	0.00724	0.00457	0.00457	0.00914	0.01372	0.01943	0.79691	0.03620	0.04572	0.00991	0.00572	0.00152	0.00229	0.00876	0.00533	0.00457
31	0.00590	0.00422	0.00562	0.00675	0.00703	0.00394	0.00450	0.00675	0.00928	0.01237	0.02671	0.82653	0.03205	0.01518	0.00619	0.00197	0.00281	0.01378	0.00450	0.00394
32	0.00915	0.00861	0.01453	0.81804	0.03338	0.01077	0.01346	0.01238	0.00969	0.01238	0.00861	0.01292	0.00646	0.00484	0.00484	0.00161	0.00646	0.00431	0.00215	0.00538
33	0.00991	0.06437	0.75239	0.01366	0.02064	0.01166	0.03127	0.01531	0.01023	0.01516	0.00862	0.01016	0.00616	0.00457	0.00455	0.00151	0.00708	0.00357	0.00205	0.00710
34	0.01296	0.83261	0.02539	0.00829	0.01244	0.01917	0.00829	0.01451	0.00985	0.01140	0.00674	0.00777	0.00622	0.00415	0.00311	0.00104	0.00518	0.00259	0.00207	0.00622
35	0.00625	0.00493	0.00563	0.00545	0.00686	0.00431	0.00409	0.00796	0.01227	0.01601	0.39278	0.04184	0.45199	0.01119	0.00572	0.00158	0.00238	0.00955	0.00488	0.00431
36	0.01163	0.03830	0.03707	0.04756	0.25134	0.03619	0.12908	0.07477	0.15791	0.01701	0.05089	0.04423	0.02982	0.04556	0.00597	0.00168	0.00548	0.00545	0.00333	0.00674
37	0.01148	0.09857	0.50067	0.01393	0.05726	0.04512	0.05848	0.08321	0.05672	0.01648	0.00944	0.01076	0.00698	0.00475	0.00457	0.00148	0.00667	0.00380	0.00252	0.00712
38	0.00915	0.00861	0.01453	0.81804	0.03338	0.01077	0.01346	0.01238	0.00969	0.01238	0.00861	0.01292	0.00646	0.00484	0.00484	0.00161	0.00646	0.00431	0.00215	0.00538
39	0.00915	0.00861	0.01453	0.81804	0.03338	0.01077	0.01346	0.01238	0.00969	0.01238	0.00861	0.01292	0.00646	0.00484	0.00484	0.00161	0.00646	0.00431	0.00215	0.00538
40	0.00686	0.00495	0.00648	0.00610	0.00724	0.00457	0.00457	0.00914	0.01372	0.01943	0.79691	0.03620	0.04572	0.00991	0.00572	0.00152	0.00229	0.00876	0.00533	0.00457
41	0.00965	0.00470	0.00484	0.00472	0.00597	0.00464	0.00357	0.01189	0.01034	0.05597	0.01597	0.01799	0.01240	0.00566	0.00346	0.00115	0.00235	0.00453	0.81551	0.00470
42	0.00586	0.00469	0.00524	0.00557	0.00675	0.00407	0.00400	0.00703	0.01066	0.01328	0.09153	0.29373	0.50450	0.01304	0.00587	0.00173	0.00256	0.01126	0.00455	0.00407
43	0.02174	0.00825	0.01125	0.00862	0.01237	0.00712	0.00712	0.02362	0.01387	0.80282	0.01912	0.01649	0.01200	0.00600	0.00487	0.00150	0.00412	0.00487	0.00600	0.00825
44	0.00692	0.00519	0.00779	0.00779	0.00865	0.00606	0.00606	0.00865	0.00779	0.01125	0.01298	0.01904	0.01211	0.03634	0.81049	0.00779	0.01298	0.00519	0.00260	0.00433
45	0.00915	0.00861	0.01453	0.81804	0.03338	0.01077	0.01346	0.01238	0.00969	0.01238	0.00861	0.01292	0.00646	0.00484	0.00484	0.00161	0.00646	0.00431	0.00215	0.00538
46	0.00988	0.06459	0.76645	0.01354	0.02056	0.01164	0.01743	0.01531	0.01021	0.01515	0.00860	0.01011	0.00614	0.00458	0.00453	0.00151	0.00706	0.00353	0.00205	0.00712
47	0.00705	0.00470	0.00529	0.00529	0.00529	0.00470	0.00294	0.00705	0.00705	0.00940	0.01527	0.03171	0.01762	0.82969	0.02467	0.00470	0.00470	0.00705	0.00294	0.00294
48	0.01205	0.01041	0.01096	0.00986	0.01260	0.01205	0.00767	0.02575	0.79071	0.02027	0.01972	0.01808	0.01479	0.00657	0.00493	0.00164	0.00384	0.00548	0.00493	0.00767
49	0.01063	0.00867	0.01066	0.00900	0.07429	0.00690	0.00643	0.01292	0.02317	0.05199	0.00965	0.01168	0.00807	0.04371	0.00479	0.00102	0.00384	0.00332	0.00302	0.69622
50	0.00882	0.00691	0.00940	0.00985	0.02841	0.02327	0.03943	0.04121	0.03372	0.01527	0.02278	0.08396	0.02421	0.01176	0.00627	0.00204	0.00462	0.57769	0.00425	0.04615
