[name]
unknown

[dist]
# distance from previous block
# <min> <max>
0	305

[block]
# block no. 0 follows, 51 sequences, length 24
# corresponding to MSA columns:
# 336-359
name=unknown_A
#
# <colnr> <probs for GDERKNQSTAVLIFYWHMCP>
#	G	D	E	R	K	N	Q	S	T	A	V	L	I	F	Y	W	H	M	C	P
0	0.00923	0.00789	0.00867	0.00950	0.01081	0.10656	0.00812	0.01137	0.01164	0.01437	0.02370	0.04957	0.02552	0.01250	0.00649	0.00214	0.00507	0.66788	0.00427	0.00467
1	0.01612	0.08563	0.01568	0.01317	0.11286	0.01459	0.00968	0.47071	0.16751	0.02536	0.01261	0.01275	0.00938	0.00570	0.00477	0.00147	0.00516	0.00448	0.00437	0.00799
2	0.00677	0.00544	0.00861	0.00849	0.00934	0.00511	0.10188	0.00798	0.00953	0.01274	0.02414	0.66857	0.02836	0.06882	0.00748	0.00214	0.00366	0.01248	0.00419	0.00425
3	0.00772	0.00808	0.10738	0.00770	0.00980	0.00609	0.02317	0.01116	0.05731	0.01915	0.63447	0.03185	0.03870	0.00905	0.00561	0.00156	0.00316	0.00797	0.00490	0.00519
4	0.00858	0.00693	0.10646	0.00738	0.00831	0.00515	0.00603	0.00758	0.00705	0.00962	0.00950	0.05472	0.00944	0.01543	0.01673	0.70673	0.00457	0.00467	0.00225	0.00287
5	0.16403	0.01048	0.01126	0.11086	0.01511	0.01217	0.00825	0.10272	0.46942	0.02093	0.01536	0.01513	0.01150	0.00599	0.00463	0.00162	0.00437	0.00477	0.00429	0.00711
6	0.00644	0.00708	0.10573	0.00736	0.00881	0.00496	0.00610	0.00798	0.00990	0.01307	0.02945	0.56218	0.18570	0.01344	0.00598	0.00187	0.00333	0.01193	0.00425	0.00444
7	0.00596	0.00496	0.00521	0.00520	0.00675	0.00420	0.00388	0.00732	0.01147	0.01406	0.14254	0.07643	0.67060	0.01226	0.00582	0.00166	0.00248	0.01033	0.00467	0.00420
8	0.01983	0.06424	0.01233	0.00893	0.01259	0.00887	0.00739	0.02368	0.14149	0.61813	0.01864	0.01639	0.01224	0.00605	0.00483	0.00151	0.00421	0.00489	0.00563	0.00813
9	0.46796	0.01070	0.01007	0.00837	0.01169	0.01199	0.00685	0.22867	0.09420	0.09084	0.01066	0.01087	0.00776	0.00528	0.00393	0.00152	0.00429	0.00365	0.00402	0.00668
10	0.00715	0.00476	0.00536	0.00536	0.00536	0.00476	0.00298	0.00715	0.00715	0.00953	0.01548	0.03216	0.01787	0.82729	0.02501	0.00476	0.00476	0.00715	0.00298	0.00298
11	0.00662	0.00475	0.00615	0.00707	0.00753	0.00455	0.00480	0.04541	0.01009	0.01346	0.02632	0.78358	0.03130	0.01492	0.00620	0.00197	0.00298	0.01349	0.00458	0.00421
12	0.00703	0.00523	0.00773	0.00773	0.00854	0.00605	0.00593	0.00867	0.00785	0.01128	0.01332	0.02017	0.01266	0.09024	0.75495	0.00769	0.01260	0.00539	0.00266	0.00429
13	0.01671	0.00773	0.01004	0.00825	0.01118	0.00716	0.00660	0.02022	0.11401	0.49054	0.19897	0.05033	0.02117	0.00741	0.00519	0.00156	0.00367	0.00626	0.00573	0.00727
14	0.00986	0.02542	0.80183	0.01401	0.02127	0.01141	0.01816	0.01556	0.01038	0.01556	0.00882	0.01038	0.00623	0.00467	0.00467	0.00156	0.00726	0.00363	0.00208	0.00726
15	0.00587	0.00498	0.00507	0.00505	0.00668	0.00418	0.00378	0.00718	0.01135	0.01364	0.09200	0.04669	0.75220	0.01231	0.00581	0.00165	0.00248	0.01029	0.00461	0.00418
16	0.04581	0.00612	0.00740	0.00646	0.00817	0.00575	0.00473	0.01384	0.01084	0.26887	0.11010	0.02474	0.03168	0.28144	0.01145	0.00255	0.00380	0.00610	0.14486	0.00530
17	0.00655	0.00487	0.00605	0.00603	0.00710	0.00443	0.00439	0.00832	0.01234	0.01679	0.48011	0.17866	0.19700	0.03719	0.00649	0.00175	0.00253	0.01004	0.00501	0.00437
18	0.00696	0.00502	0.00657	0.00618	0.00734	0.00464	0.00464	0.00927	0.01391	0.01971	0.79405	0.03671	0.04637	0.01005	0.00580	0.00155	0.00232	0.00889	0.00541	0.00464
19	0.00606	0.00433	0.00579	0.00693	0.00725	0.00406	0.00469	0.00697	0.00948	0.01263	0.02704	0.79392	0.03234	0.01532	0.00629	0.00201	0.00292	0.04339	0.00456	0.00401
20	0.00611	0.00436	0.00584	0.00698	0.00732	0.00409	0.00477	0.00705	0.00953	0.01268	0.02702	0.77669	0.03224	0.01528	0.00630	0.00201	0.00295	0.06019	0.00456	0.00402
21	0.00599	0.00428	0.00570	0.00684	0.00713	0.00399	0.00456	0.00684	0.00941	0.01254	0.02709	0.82409	0.03250	0.01540	0.00627	0.00200	0.00285	0.01397	0.00456	0.00399
22	0.00692	0.00502	0.00652	0.00614	0.00732	0.00462	0.00461	0.00920	0.01382	0.01950	0.77043	0.03704	0.07011	0.01012	0.00580	0.00155	0.00232	0.00893	0.00538	0.00462
23	0.00599	0.00428	0.00570	0.00684	0.00713	0.00399	0.00456	0.00684	0.00941	0.01254	0.02709	0.82409	0.03250	0.01540	0.00627	0.00200	0.00285	0.01397	0.00456	0.00399

[dist]
# distance from previous block
# <min> <max>
0	1

[block]
# block no. 1 follows, 51 sequences, length 53
# corresponding to MSA columns:
# 361-413
name=unknown_B
#
# <colnr> <probs for GDERKNQSTAVLIFYWHMCP>
#	G	D	E	R	K	N	Q	S	T	A	V	L	I	F	Y	W	H	M	C	P
0	0.03383	0.00498	0.00619	0.00621	0.00728	0.00463	0.00453	0.00859	0.01232	0.01728	0.49462	0.22878	0.12973	0.01146	0.00583	0.00167	0.00252	0.01010	0.00503	0.00444
1	0.05786	0.00790	0.01082	0.15251	0.01520	0.00761	0.00771	0.01873	0.01223	0.49468	0.01860	0.05328	0.05423	0.05878	0.00623	0.00178	0.00448	0.00555	0.00489	0.00694
2	0.01850	0.01389	0.01463	0.01130	0.01517	0.03300	0.00930	0.74229	0.04402	0.03026	0.01193	0.01191	0.00850	0.00590	0.00491	0.00148	0.00544	0.00443	0.00486	0.00828
3	0.01179	0.00868	0.01035	0.00748	0.01177	0.00664	0.00601	0.01394	0.01071	0.12186	0.01017	0.01107	0.00794	0.00397	0.00382	0.00083	0.00371	0.00319	0.00334	0.74272
4	0.00956	0.00872	0.01451	0.04306	0.01476	0.00979	0.18510	0.05062	0.05864	0.01406	0.01173	0.01611	0.01016	0.02092	0.39705	0.00475	0.11701	0.00520	0.00278	0.00549
5	0.01092	0.01095	0.02025	0.32856	0.30842	0.01158	0.20873	0.01428	0.01077	0.01463	0.00923	0.01280	0.00723	0.00452	0.00512	0.00158	0.00673	0.00474	0.00235	0.00660
6	0.00850	0.00429	0.00644	0.00644	0.00646	0.00432	0.00432	0.00646	0.00644	0.00861	0.00866	0.01505	0.00863	0.01758	0.03958	0.83508	0.00450	0.00429	0.00215	0.00219
7	0.01636	0.02014	0.01494	0.01312	0.01523	0.59439	0.04912	0.01773	0.01241	0.01217	0.00747	0.00950	0.00641	0.00579	0.00705	0.00148	0.18502	0.00355	0.00245	0.00567
8	0.00964	0.00893	0.01474	0.78436	0.03313	0.01109	0.01348	0.04227	0.01034	0.01327	0.00885	0.01305	0.00662	0.00495	0.00491	0.00163	0.00651	0.00437	0.00229	0.00557
9	0.00692	0.00467	0.00543	0.00565	0.00571	0.00461	0.00329	0.00709	0.00760	0.01013	0.01779	0.18949	0.02077	0.66600	0.02129	0.00421	0.00438	0.00850	0.00329	0.00318
10	0.00715	0.00476	0.00536	0.00536	0.00536	0.00476	0.00298	0.00715	0.00715	0.00953	0.01548	0.03216	0.01787	0.82729	0.02501	0.00476	0.00476	0.00715	0.00298	0.00298
11	0.01216	0.01168	0.01995	0.03016	0.79664	0.01168	0.01508	0.01508	0.01119	0.01605	0.00924	0.01216	0.00778	0.00438	0.00487	0.00146	0.00584	0.00438	0.00243	0.00778
12	0.01868	0.01376	0.01475	0.01131	0.01524	0.01524	0.00934	0.78025	0.02311	0.03097	0.01180	0.01180	0.00836	0.00590	0.00492	0.00147	0.00541	0.00442	0.00492	0.00836
13	0.01180	0.01173	0.01789	0.24734	0.44990	0.07147	0.04340	0.01537	0.05497	0.01501	0.00961	0.01257	0.00772	0.00470	0.00489	0.00151	0.00625	0.00441	0.00252	0.00693
14	0.00715	0.00476	0.00536	0.00536	0.00536	0.00476	0.00298	0.00715	0.00715	0.00953	0.01548	0.03216	0.01787	0.82729	0.02501	0.00476	0.00476	0.00715	0.00298	0.00298
15	0.00599	0.00428	0.00570	0.00684	0.00713	0.00399	0.00456	0.00684	0.00941	0.01254	0.02709	0.82409	0.03250	0.01540	0.00627	0.00200	0.00285	0.01397	0.00456	0.00399
16	0.02143	0.00906	0.01180	0.00908	0.01287	0.00829	0.00749	0.11462	0.03218	0.69073	0.01849	0.01617	0.01177	0.00607	0.00494	0.00152	0.00432	0.00489	0.00592	0.00835
17	0.00880	0.00610	0.00813	0.00884	0.01025	0.00612	0.00759	0.01184	0.06990	0.05432	0.02659	0.06172	0.06990	0.01264	0.00650	0.00214	0.00432	0.61471	0.00464	0.00493
18	0.00611	0.00448	0.00570	0.00653	0.00710	0.00412	0.00448	0.00714	0.00999	0.01316	0.08783	0.61483	0.14371	0.03492	0.00665	0.00199	0.00284	0.02977	0.00459	0.00405
19	0.19048	0.01019	0.01153	0.00917	0.01264	0.01062	0.00755	0.21455	0.05874	0.37158	0.01444	0.01356	0.00975	0.00586	0.00499	0.00154	0.03591	0.00436	0.00496	0.00760
20	0.01051	0.01092	0.02132	0.40886	0.09201	0.01163	0.34408	0.01414	0.01070	0.01421	0.00930	0.01309	0.00704	0.00454	0.00529	0.00163	0.00724	0.00499	0.00233	0.00615
21	0.01129	0.01266	0.02712	0.12554	0.02676	0.01223	0.67787	0.01532	0.01137	0.01532	0.00978	0.01324	0.00734	0.00424	0.00568	0.00165	0.00806	0.00561	0.00245	0.00647
22	0.02034	0.00853	0.01117	0.00874	0.01226	0.00776	0.00710	0.05144	0.07229	0.66785	0.01893	0.01754	0.01256	0.05258	0.00608	0.00171	0.00424	0.00509	0.00578	0.00801
23	0.01055	0.01089	0.01889	0.01492	0.01674	0.01298	0.27366	0.01277	0.00897	0.01311	0.00853	0.01274	0.00757	0.01080	0.11701	0.00274	0.43418	0.00494	0.00233	0.00568
24	0.00722	0.00591	0.00652	0.00669	0.00810	0.00579	0.00488	0.01099	0.17396	0.01455	0.03555	0.31372	0.36323	0.01226	0.00580	0.00178	0.00291	0.01062	0.00465	0.00486
25	0.00718	0.00521	0.00765	0.00765	0.00855	0.00603	0.00594	0.00898	0.00808	0.01193	0.01338	0.01923	0.01231	0.03451	0.74723	0.00739	0.01234	0.00521	0.06680	0.00440
26	0.00706	0.00479	0.00540	0.00540	0.00553	0.00476	0.00311	0.00718	0.00742	0.00982	0.01758	0.03276	0.06662	0.75463	0.04496	0.00465	0.00485	0.00730	0.00307	0.00309
27	0.00709	0.00502	0.00626	0.00619	0.00670	0.00514	0.00411	0.00785	0.00805	0.01104	0.06014	0.05073	0.05036	0.48133	0.24134	0.00515	0.00680	0.00693	0.00313	0.02663
28	0.00610	0.00439	0.00566	0.00659	0.00697	0.00408	0.00439	0.00697	0.00952	0.01263	0.05632	0.68609	0.07990	0.07616	0.00764	0.00217	0.00295	0.01304	0.00447	0.00395
29	0.00604	0.00477	0.00545	0.00582	0.00696	0.00418	0.00420	0.00728	0.01088	0.01371	0.11642	0.30416	0.44754	0.01321	0.00599	0.00177	0.00264	0.03017	0.00465	0.00415
30	0.00705	0.00509	0.00689	0.00795	0.00880	0.00493	0.00638	0.00871	0.01058	0.01379	0.02792	0.34765	0.07814	0.01420	0.00653	0.00212	0.00376	0.43067	0.00454	0.00430
31	0.55701	0.00890	0.00818	0.00704	0.00995	0.00973	0.00569	0.04423	0.02564	0.15916	0.06924	0.01328	0.01057	0.04742	0.00482	0.00169	0.00387	0.00389	0.00386	0.00585
32	0.00797	0.00522	0.00677	0.00640	0.00770	0.00478	0.00482	0.01003	0.01321	0.07719	0.59377	0.09817	0.09139	0.02483	0.00613	0.00166	0.00261	0.02728	0.00527	0.00480
33	0.00599	0.00428	0.00570	0.00684	0.00713	0.00399	0.00456	0.00684	0.00941	0.01254	0.02709	0.82409	0.03250	0.01540	0.00627	0.00200	0.00285	0.01397	0.00456	0.00399
34	0.00683	0.00502	0.00640	0.00605	0.00727	0.00458	0.00454	0.00903	0.01362	0.01901	0.71371	0.03785	0.12714	0.01031	0.00580	0.00156	0.00234	0.00905	0.00532	0.00458
35	0.07045	0.00480	0.00572	0.00650	0.00723	0.00456	0.00449	0.00750	0.00971	0.01352	0.04436	0.62110	0.15435	0.01400	0.00594	0.00190	0.00285	0.01243	0.00446	0.00413
36	0.00710	0.00475	0.00537	0.00542	0.00543	0.00474	0.00304	0.00714	0.00723	0.00964	0.01592	0.06177	0.01841	0.79693	0.02431	0.00466	0.00469	0.00740	0.00304	0.00302
37	0.00599	0.00428	0.00570	0.00684	0.00713	0.00399	0.00456	0.00684	0.00941	0.01254	0.02709	0.82409	0.03250	0.01540	0.00627	0.00200	0.00285	0.01397	0.00456	0.00399
38	0.00605	0.00430	0.00568	0.00676	0.00703	0.00404	0.00447	0.00686	0.00928	0.01237	0.02643	0.77928	0.03167	0.06133	0.00733	0.00215	0.00296	0.01358	0.00447	0.00393
39	0.01047	0.13269	0.63850	0.01447	0.07850	0.01251	0.01661	0.01541	0.01038	0.01506	0.00858	0.01017	0.00635	0.00458	0.00448	0.00148	0.00689	0.00355	0.00211	0.00717
40	0.02176	0.00883	0.01169	0.00896	0.01278	0.00791	0.00741	0.08909	0.01484	0.73380	0.01873	0.01630	0.01184	0.00607	0.00494	0.00152	0.00429	0.00490	0.00598	0.00836
41	0.00581	0.00498	0.00498	0.00498	0.00664	0.00415	0.00373	0.00705	0.01120	0.01328	0.04978	0.04729	0.79464	0.01245	0.00581	0.00166	0.00249	0.01037	0.00456	0.00415
42	0.00928	0.00873	0.01474	0.81548	0.03385	0.01092	0.01365	0.01256	0.00983	0.01256	0.00873	0.01310	0.00655	0.00491	0.00491	0.00164	0.00655	0.00437	0.00218	0.00546
43	0.00986	0.02542	0.80183	0.01401	0.02127	0.01141	0.01816	0.01556	0.01038	0.01556	0.00882	0.01038	0.00623	0.00467	0.00467	0.00156	0.00726	0.00363	0.00208	0.00726
44	0.00779	0.00561	0.00773	0.00879	0.00996	0.00556	0.00766	0.00998	0.01131	0.01462	0.02752	0.05492	0.07653	0.01350	0.00673	0.00222	0.00440	0.71614	0.00453	0.00450
45	0.00958	0.00900	0.01453	0.70432	0.03094	0.01131	0.01306	0.01335	0.05863	0.01300	0.00927	0.01325	0.00708	0.00530	0.00576	0.00168	0.06752	0.00444	0.00236	0.00560
46	0.01180	0.01130	0.01910	0.02874	0.75194	0.01125	0.01444	0.01463	0.01119	0.01590	0.01154	0.01415	0.05230	0.00484	0.00492	0.00147	0.00565	0.00472	0.00255	0.00758
47	0.00703	0.00523	0.00774	0.00774	0.00856	0.00606	0.00594	0.00867	0.00785	0.01129	0.01331	0.02012	0.01264	0.08662	0.75853	0.00770	0.01263	0.00538	0.00265	0.00430
48	0.01868	0.01376	0.01475	0.01131	0.01524	0.01524	0.00934	0.78025	0.02311	0.03097	0.01180	0.01180	0.00836	0.00590	0.00492	0.00147	0.00541	0.00442	0.00492	0.00836
49	0.08295	0.01590	0.01374	0.01255	0.06333	0.29598	0.00937	0.24646	0.06044	0.01921	0.00972	0.01104	0.00770	0.00693	0.03685	0.00173	0.09214	0.00392	0.00339	0.00664
50	0.01157	0.01157	0.01345	0.01137	0.01318	0.16467	0.12368	0.06200	0.05216	0.01425	0.06001	0.08035	0.02611	0.09336	0.04955	0.05070	0.14772	0.00586	0.00314	0.00529
51	0.02819	0.28724	0.47126	0.01255	0.01855	0.01411	0.07465	0.01528	0.01030	0.01440	0.00822	0.00974	0.00633	0.00447	0.00423	0.00140	0.00662	0.00345	0.00214	0.00686
52	0.01190	0.03288	0.09336	0.01351	0.01605	0.07831	0.16628	0.01449	0.03000	0.05949	0.01000	0.06273	0.00885	0.00692	0.00950	0.00177	0.33132	0.00502	0.00273	0.04488

[dist]
# distance from previous block
# <min> <max>
0	8

[block]
# block no. 2 follows, 51 sequences, length 45
# corresponding to MSA columns:
# 422-466
name=unknown_C
#
# <colnr> <probs for GDERKNQSTAVLIFYWHMCP>
#	G	D	E	R	K	N	Q	S	T	A	V	L	I	F	Y	W	H	M	C	P
0	0.01052	0.21355	0.51333	0.01212	0.01777	0.01316	0.01449	0.01471	0.01030	0.01460	0.05618	0.01142	0.00871	0.00517	0.00520	0.00148	0.06448	0.00376	0.00229	0.00674
1	0.01052	0.00992	0.11518	0.00938	0.01227	0.00807	0.06178	0.01596	0.18669	0.10564	0.37546	0.02524	0.02749	0.00772	0.00537	0.00158	0.00395	0.00679	0.00474	0.00624
2	0.01042	0.01026	0.01488	0.08301	0.01495	0.01372	0.04588	0.01240	0.04359	0.01252	0.00877	0.06415	0.00858	0.00843	0.01352	0.00205	0.61990	0.00506	0.00245	0.00546
3	0.00628	0.00467	0.00627	0.00721	0.00748	0.00467	0.00494	0.00715	0.00929	0.01250	0.02582	0.77437	0.03091	0.01498	0.00687	0.00201	0.05270	0.01338	0.00441	0.00408
4	0.01776	0.05921	0.01435	0.01221	0.01493	0.67124	0.00933	0.06911	0.06164	0.01376	0.00859	0.00959	0.00699	0.00518	0.00444	0.00129	0.00817	0.00337	0.00282	0.00602
5	0.00812	0.00645	0.00872	0.00787	0.00949	0.00640	0.05263	0.01242	0.14300	0.01905	0.54617	0.06894	0.03727	0.00953	0.00573	0.00163	0.00307	0.04317	0.00508	0.00525
6	0.10878	0.02205	0.62309	0.01493	0.10593	0.01140	0.01633	0.01538	0.01023	0.01637	0.00864	0.01030	0.00629	0.00462	0.00450	0.00154	0.00670	0.00360	0.00223	0.00710
7	0.00780	0.00557	0.00778	0.00892	0.00999	0.00555	0.00771	0.00998	0.01120	0.01457	0.02608	0.10242	0.02854	0.01369	0.00676	0.00225	0.00442	0.71774	0.00453	0.00449
8	0.01160	0.01326	0.02900	0.02071	0.02568	0.01243	0.77879	0.01574	0.01160	0.01574	0.00994	0.01326	0.00746	0.00414	0.00580	0.00166	0.00829	0.00580	0.00249	0.00663
9	0.01062	0.01057	0.01502	0.08318	0.01474	0.01469	0.01101	0.01189	0.00773	0.01189	0.00665	0.01096	0.00646	0.00828	0.01515	0.00211	0.74722	0.00431	0.00215	0.00538
10	0.01786	0.01332	0.01475	0.08172	0.01687	0.01486	0.00972	0.71303	0.02194	0.02936	0.01153	0.01191	0.00820	0.00581	0.00492	0.00149	0.00551	0.00442	0.00468	0.00810
11	0.00916	0.00589	0.00822	0.00902	0.01039	0.00579	0.00786	0.01139	0.01155	0.08347	0.02544	0.05204	0.02687	0.01292	0.00663	0.00220	0.00450	0.69713	0.00466	0.00486
12	0.00987	0.00938	0.01560	0.62012	0.15351	0.01140	0.01362	0.01289	0.00984	0.01305	0.00862	0.01275	0.00674	0.00515	0.00589	0.00165	0.07752	0.00436	0.00222	0.00582
13	0.00617	0.00438	0.00580	0.00687	0.00718	0.00413	0.00464	0.00704	0.00937	0.01247	0.02628	0.73089	0.03132	0.06794	0.00752	0.00219	0.00307	0.05434	0.00446	0.00395
14	0.00715	0.00476	0.00536	0.00536	0.00536	0.00476	0.00298	0.00715	0.00715	0.00953	0.01548	0.03216	0.01787	0.82729	0.02501	0.00476	0.00476	0.00715	0.00298	0.00298
15	0.00953	0.00899	0.01520	0.74672	0.10064	0.01098	0.01377	0.01278	0.00995	0.01286	0.00878	0.01302	0.00666	0.00487	0.00491	0.00162	0.00649	0.00437	0.00221	0.00566
16	0.02205	0.00836	0.01140	0.00874	0.01254	0.00722	0.00722	0.02395	0.01407	0.80004	0.01939	0.01673	0.01216	0.00608	0.00494	0.00152	0.00418	0.00494	0.00608	0.00836
17	0.01160	0.01326	0.02900	0.02071	0.02568	0.01243	0.77879	0.01574	0.01160	0.01574	0.00994	0.01326	0.00746	0.00414	0.00580	0.00166	0.00829	0.00580	0.00249	0.00663
18	0.00928	0.00873	0.01474	0.81548	0.03385	0.01092	0.01365	0.01256	0.00983	0.01256	0.00873	0.01310	0.00655	0.00491	0.00491	0.00164	0.00655	0.00437	0.00218	0.00546
19	0.01836	0.02342	0.01393	0.01266	0.01519	0.80756	0.00950	0.01962	0.01393	0.01203	0.00760	0.00886	0.00633	0.00506	0.00443	0.00127	0.00886	0.00317	0.00253	0.00570
20	0.00706	0.00478	0.00534	0.00534	0.00544	0.00472	0.00303	0.00714	0.00741	0.00977	0.01771	0.03314	0.06823	0.77446	0.02377	0.00456	0.00462	0.00736	0.00308	0.00305
21	0.08189	0.00564	0.00784	0.00777	0.00884	0.00657	0.00607	0.00927	0.00794	0.01234	0.01261	0.01831	0.01168	0.03403	0.73735	0.00734	0.01234	0.00504	0.00267	0.00447
22	0.00581	0.00498	0.00498	0.00498	0.00664	0.00415	0.00373	0.00705	0.01120	0.01328	0.04978	0.04729	0.79464	0.01245	0.00581	0.00166	0.00249	0.01037	0.00456	0.00415
23	0.01808	0.01275	0.01378	0.01068	0.01439	0.01398	0.00879	0.66096	0.04649	0.07685	0.01280	0.01272	0.00907	0.00592	0.00483	0.00146	0.00509	0.00450	0.05876	0.00810
24	0.86201	0.00950	0.00722	0.00646	0.00950	0.01102	0.00532	0.01445	0.00836	0.02205	0.00684	0.00798	0.00532	0.00456	0.00304	0.00152	0.00380	0.00266	0.00304	0.00532
25	0.00715	0.00476	0.00536	0.00536	0.00536	0.00476	0.00298	0.00715	0.00715	0.00953	0.01548	0.03216	0.01787	0.82729	0.02501	0.00476	0.00476	0.00715	0.00298	0.00298
26	0.01938	0.00907	0.01151	0.00894	0.01258	0.00835	0.00730	0.15303	0.01499	0.54692	0.01764	0.06764	0.01240	0.00644	0.00491	0.00147	0.00426	0.00526	0.00550	0.08242
27	0.00588	0.00498	0.00508	0.00505	0.00668	0.00418	0.00379	0.00719	0.01137	0.01368	0.09688	0.04662	0.74729	0.01229	0.00581	0.00165	0.00248	0.01028	0.00462	0.00418
28	0.00707	0.00473	0.00538	0.00546	0.00547	0.00471	0.00308	0.00713	0.00729	0.00972	0.01624	0.08350	0.01882	0.77465	0.02380	0.00458	0.00464	0.00759	0.00308	0.00304
29	0.00599	0.00428	0.00570	0.00684	0.00713	0.00399	0.00456	0.00684	0.00941	0.01254	0.02709	0.82409	0.03250	0.01540	0.00627	0.00200	0.00285	0.01397	0.00456	0.00399
30	0.01233	0.00805	0.00952	0.00806	0.01036	0.00819	0.00636	0.21475	0.06339	0.12220	0.39280	0.05139	0.02858	0.00828	0.00535	0.00153	0.00348	0.00704	0.03208	0.00626
31	0.00605	0.00432	0.00577	0.00691	0.00722	0.00404	0.00467	0.00695	0.00947	0.01261	0.02705	0.79985	0.03237	0.01534	0.00629	0.00200	0.00290	0.03760	0.00456	0.00401
32	0.00696	0.00502	0.00657	0.00618	0.00734	0.00464	0.00464	0.00927	0.01391	0.01971	0.79405	0.03671	0.04637	0.01005	0.00580	0.00155	0.00232	0.00889	0.00541	0.00464
33	0.00581	0.00498	0.00498	0.00498	0.00664	0.00415	0.00373	0.00705	0.01120	0.01328	0.04978	0.04729	0.79464	0.01245	0.00581	0.00166	0.00249	0.01037	0.00456	0.00415
34	0.00941	0.00887	0.01498	0.77927	0.06902	0.01095	0.01371	0.01267	0.00989	0.01272	0.00876	0.01306	0.00661	0.00489	0.00491	0.00163	0.00652	0.00437	0.00220	0.00557
35	0.00951	0.00897	0.01516	0.75280	0.09473	0.01098	0.01376	0.01276	0.00994	0.01284	0.00878	0.01303	0.00665	0.00487	0.00491	0.00162	0.00649	0.00437	0.00220	0.00564
36	0.00599	0.00428	0.00570	0.00684	0.00713	0.00399	0.00456	0.00684	0.00941	0.01254	0.02709	0.82409	0.03250	0.01540	0.00627	0.00200	0.00285	0.01397	0.00456	0.00399
37	0.00679	0.00502	0.00634	0.00601	0.00724	0.00457	0.00451	0.00895	0.01352	0.01877	0.68542	0.03825	0.15558	0.01040	0.00580	0.00156	0.00234	0.00910	0.00529	0.00457
38	0.01415	0.01203	0.01224	0.01031	0.01338	0.07016	0.02307	0.27736	0.37602	0.02257	0.01932	0.01844	0.09517	0.00686	0.00503	0.00157	0.00470	0.00552	0.00470	0.00741
39	0.00599	0.00428	0.00570	0.00684	0.00713	0.00399	0.00456	0.00684	0.00941	0.01254	0.02709	0.82409	0.03250	0.01540	0.00627	0.00200	0.00285	0.01397	0.00456	0.00399
40	0.00599	0.00499	0.00522	0.00516	0.00675	0.00422	0.00387	0.00740	0.01162	0.01427	0.16466	0.04566	0.67914	0.01208	0.00581	0.00164	0.00246	0.01014	0.00469	0.00422
41	0.01739	0.01280	0.01367	0.01070	0.01432	0.01418	0.00877	0.65406	0.09350	0.02908	0.01287	0.01288	0.00928	0.00596	0.00482	0.00147	0.00504	0.00454	0.06665	0.00803
42	0.16632	0.00946	0.01117	0.00917	0.01220	0.03503	0.05963	0.06247	0.15267	0.24958	0.16260	0.01847	0.01721	0.00649	0.00482	0.00155	0.00421	0.00536	0.00479	0.00680
43	0.01160	0.01326	0.02900	0.02071	0.02568	0.01243	0.77879	0.01574	0.01160	0.01574	0.00994	0.01326	0.00746	0.00414	0.00580	0.00166	0.00829	0.00580	0.00249	0.00663
44	0.02205	0.00836	0.01140	0.00874	0.01254	0.00722	0.00722	0.02395	0.01407	0.80004	0.01939	0.01673	0.01216	0.00608	0.00494	0.00152	0.00418	0.00494	0.00608	0.00836

[dist]
# distance from previous block
# <min> <max>
0	4

[block]
# block no. 3 follows, 51 sequences, length 22
# corresponding to MSA columns:
# 471-492
name=unknown_D
#
# <colnr> <probs for GDERKNQSTAVLIFYWHMCP>
#	G	D	E	R	K	N	Q	S	T	A	V	L	I	F	Y	W	H	M	C	P
0	0.01231	0.01432	0.02742	0.01987	0.02458	0.09574	0.69818	0.01615	0.01184	0.01535	0.00970	0.01280	0.00734	0.00424	0.00566	0.00162	0.00835	0.00552	0.00249	0.00653
1	0.01936	0.01268	0.01408	0.01079	0.01470	0.01363	0.00892	0.62865	0.02129	0.18513	0.01332	0.01279	0.00912	0.00594	0.00492	0.00148	0.00516	0.00453	0.00515	0.00836
2	0.00986	0.02542	0.80183	0.01401	0.02127	0.01141	0.01816	0.01556	0.01038	0.01556	0.00882	0.01038	0.00623	0.00467	0.00467	0.00156	0.00726	0.00363	0.00208	0.00726
3	0.02205	0.00836	0.01140	0.00874	0.01254	0.00722	0.00722	0.02395	0.01407	0.80004	0.01939	0.01673	0.01216	0.00608	0.00494	0.00152	0.00418	0.00494	0.00608	0.00836
4	0.01835	0.01360	0.01456	0.01124	0.01512	0.01509	0.00926	0.74207	0.06182	0.03044	0.01221	0.01213	0.00869	0.00594	0.00492	0.00148	0.00533	0.00448	0.00492	0.00833
5	0.00741	0.00528	0.00728	0.00837	0.00925	0.00521	0.00691	0.00924	0.01069	0.01398	0.02591	0.24603	0.02896	0.04308	0.00731	0.00229	0.00412	0.54988	0.00448	0.00434
6	0.01189	0.01140	0.01945	0.10515	0.72380	0.01160	0.01494	0.01484	0.01106	0.01572	0.00920	0.01225	0.00767	0.00443	0.00487	0.00148	0.00591	0.00438	0.00241	0.00756
7	0.01160	0.01326	0.02900	0.02071	0.02568	0.01243	0.77879	0.01574	0.01160	0.01574	0.00994	0.01326	0.00746	0.00414	0.00580	0.00166	0.00829	0.00580	0.00249	0.00663
8	0.02205	0.00836	0.01140	0.00874	0.01254	0.00722	0.00722	0.02395	0.01407	0.80004	0.01939	0.01673	0.01216	0.00608	0.00494	0.00152	0.00418	0.00494	0.00608	0.00836
9	0.01253	0.01282	0.02742	0.01964	0.02451	0.01196	0.70978	0.01648	0.01182	0.08589	0.01079	0.01357	0.00788	0.00432	0.00572	0.00164	0.00792	0.00572	0.00281	0.00678
10	0.01868	0.01376	0.01475	0.01131	0.01524	0.01524	0.00934	0.78025	0.02311	0.03097	0.01180	0.01180	0.00836	0.00590	0.00492	0.00147	0.00541	0.00442	0.00492	0.00836
11	0.02205	0.00836	0.01140	0.00874	0.01254	0.00722	0.00722	0.02395	0.01407	0.80004	0.01939	0.01673	0.01216	0.00608	0.00494	0.00152	0.00418	0.00494	0.00608	0.00836
12	0.01431	0.01159	0.01229	0.01042	0.01357	0.01320	0.00828	0.26939	0.54109	0.02392	0.01736	0.01623	0.01286	0.00642	0.00497	0.00160	0.00438	0.00519	0.00497	0.00797
13	0.01923	0.06493	0.01351	0.00973	0.01349	0.01015	0.03668	0.14062	0.11756	0.49506	0.01709	0.01545	0.01138	0.00593	0.00486	0.00151	0.00456	0.00482	0.00536	0.00808
14	0.01983	0.00831	0.01087	0.00857	0.01210	0.00746	0.00700	0.02282	0.08769	0.66360	0.02184	0.01929	0.07413	0.00664	0.00502	0.00155	0.00402	0.00543	0.00586	0.00798
15	0.01942	0.00780	0.01043	0.00819	0.01161	0.00674	0.00670	0.02128	0.01375	0.66989	0.06822	0.02118	0.09796	0.00700	0.00508	0.00154	0.00389	0.00576	0.00588	0.00769
16	0.00942	0.00888	0.01499	0.77744	0.07079	0.01095	0.01372	0.01268	0.00989	0.01273	0.00876	0.01306	0.00661	0.00489	0.00491	0.00163	0.00652	0.00437	0.00220	0.00557
17	0.01621	0.01321	0.01382	0.01123	0.01438	0.06109	0.00911	0.46599	0.21255	0.02524	0.01305	0.01315	0.00970	0.00633	0.00608	0.00158	0.09041	0.00462	0.00451	0.00774
18	0.00606	0.00437	0.00575	0.00682	0.00722	0.00407	0.00465	0.00699	0.00959	0.01268	0.02838	0.74686	0.07718	0.01515	0.00627	0.00199	0.00290	0.04450	0.00456	0.00402
19	0.00745	0.00536	0.00736	0.00844	0.00944	0.00527	0.00709	0.00940	0.01095	0.01423	0.02735	0.20026	0.06544	0.01387	0.00664	0.00218	0.00411	0.58621	0.00453	0.00441
20	0.01609	0.03366	0.27438	0.01169	0.01634	0.17539	0.01164	0.11798	0.05711	0.21954	0.01227	0.01228	0.00855	0.00538	0.00471	0.00147	0.00633	0.00406	0.00374	0.00738
21	0.01233	0.22138	0.29591	0.01447	0.04110	0.04184	0.22049	0.01610	0.01101	0.06724	0.00931	0.01096	0.00703	0.00451	0.00461	0.00144	0.00685	0.00406	0.00249	0.00688

[dist]
# distance from previous block
# <min> <max>
1	3

[block]
# block no. 4 follows, 51 sequences, length 6
# corresponding to MSA columns:
# 496-501
name=unknown_E
#
# <colnr> <probs for GDERKNQSTAVLIFYWHMCP>
#	G	D	E	R	K	N	Q	S	T	A	V	L	I	F	Y	W	H	M	C	P
0	0.17463	0.24372	0.17160	0.01114	0.07650	0.01346	0.01002	0.01716	0.15961	0.03936	0.03261	0.01182	0.00920	0.00507	0.00405	0.00142	0.00504	0.00378	0.00307	0.00672
1	0.16629	0.39647	0.23319	0.01132	0.07730	0.01511	0.01104	0.01493	0.00989	0.01492	0.00757	0.00892	0.00622	0.00441	0.00368	0.00131	0.00558	0.00305	0.00229	0.00651
2	0.10370	0.12142	0.08834	0.02272	0.49203	0.01266	0.06075	0.01505	0.01068	0.01604	0.00867	0.01106	0.00717	0.00439	0.00448	0.00143	0.00582	0.00398	0.00243	0.00721
3	0.06692	0.01131	0.01471	0.01584	0.23715	0.05997	0.04684	0.10113	0.11270	0.20729	0.03996	0.01438	0.01087	0.00546	0.00481	0.00148	0.00513	0.00467	0.00407	0.03531
4	0.08854	0.20015	0.01673	0.01451	0.23217	0.01226	0.00951	0.04518	0.07416	0.15434	0.01117	0.01188	0.00855	0.00482	0.00420	0.00132	0.00482	0.00386	0.00340	0.09843
5	0.01196	0.23228	0.37288	0.01265	0.06281	0.09905	0.01309	0.05100	0.01156	0.01519	0.06623	0.01168	0.00941	0.00503	0.00435	0.00138	0.00638	0.00379	0.00253	0.00673

[dist]
# distance from previous block
# <min> <max>
7	110

[block]
# block no. 5 follows, 51 sequences, length 57
# corresponding to MSA columns:
# 612-668
name=unknown_F
#
# <colnr> <probs for GDERKNQSTAVLIFYWHMCP>
#	G	D	E	R	K	N	Q	S	T	A	V	L	I	F	Y	W	H	M	C	P
0	0.00885	0.00658	0.00812	0.00885	0.07515	0.00644	0.00593	0.06329	0.08418	0.05131	0.09336	0.27912	0.23046	0.01092	0.00559	0.00170	0.00327	0.00951	0.04208	0.00528
1	0.01547	0.16340	0.09838	0.01070	0.01430	0.23680	0.00942	0.04954	0.18502	0.13255	0.01239	0.01246	0.00932	0.00610	0.02191	0.00154	0.00620	0.00401	0.00358	0.00691
2	0.01190	0.06085	0.29369	0.02201	0.42460	0.01180	0.03345	0.01570	0.01100	0.05547	0.00950	0.01156	0.00737	0.00455	0.00473	0.00148	0.00628	0.00408	0.00248	0.00752
3	0.00639	0.00564	0.04915	0.00730	0.00818	0.00459	0.00559	0.00769	0.00983	0.01301	0.02801	0.62769	0.09895	0.01435	0.00620	0.00197	0.00324	0.09357	0.00442	0.00424
4	0.01089	0.01119	0.05763	0.24489	0.46499	0.01107	0.04004	0.01415	0.02258	0.01493	0.01024	0.05659	0.00881	0.00517	0.00498	0.00155	0.00600	0.00493	0.00250	0.00687
5	0.01173	0.10677	0.37605	0.01837	0.24479	0.08266	0.06122	0.01570	0.01096	0.01498	0.00869	0.01067	0.00677	0.00454	0.00461	0.00145	0.00684	0.00383	0.00225	0.00714
6	0.01019	0.01124	0.09864	0.40060	0.28592	0.01088	0.01384	0.01335	0.01012	0.01383	0.00933	0.01373	0.00768	0.05964	0.00640	0.00179	0.01977	0.00448	0.00231	0.00626
7	0.00634	0.00500	0.00571	0.00553	0.00696	0.00437	0.00415	0.00807	0.01245	0.01624	0.39235	0.04242	0.45023	0.01134	0.00580	0.00161	0.00241	0.00969	0.00495	0.00437
8	0.01375	0.01107	0.01914	0.01586	0.08366	0.01165	0.28455	0.01741	0.07988	0.18959	0.02617	0.01423	0.00967	0.00594	0.00783	0.00172	0.19232	0.00518	0.00348	0.00689
9	0.01064	0.10404	0.54801	0.01388	0.05862	0.01195	0.03902	0.05386	0.01115	0.01589	0.01037	0.01441	0.00844	0.00545	0.00476	0.00156	0.00668	0.07181	0.00247	0.00698
10	0.00599	0.00428	0.00570	0.00684	0.00713	0.00399	0.00456	0.00684	0.00941	0.01254	0.02709	0.82409	0.03250	0.01540	0.00627	0.00200	0.00285	0.01397	0.00456	0.00399
11	0.01246	0.01449	0.22532	0.01309	0.09748	0.01150	0.01130	0.02191	0.42707	0.08862	0.01580	0.01539	0.01162	0.00584	0.00489	0.00160	0.00503	0.00486	0.00404	0.00769
12	0.12982	0.05280	0.01572	0.01289	0.08737	0.01198	0.12691	0.24238	0.04922	0.14841	0.06414	0.01409	0.01110	0.00556	0.00477	0.00151	0.00519	0.00473	0.00414	0.00725
13	0.01071	0.21622	0.58325	0.01297	0.01941	0.01337	0.04939	0.01537	0.01034	0.01462	0.00840	0.00991	0.00630	0.00454	0.00436	0.00144	0.00683	0.00349	0.00210	0.00701
14	0.00599	0.00428	0.00570	0.00684	0.00713	0.00399	0.00456	0.00684	0.00941	0.01254	0.02709	0.82409	0.03250	0.01540	0.00627	0.00200	0.00285	0.01397	0.00456	0.00399
15	0.01688	0.01740	0.04444	0.01474	0.15087	0.41680	0.01017	0.01979	0.07816	0.15189	0.02518	0.01217	0.00905	0.00533	0.00468	0.00139	0.00692	0.00401	0.00338	0.00674
16	0.01007	0.00954	0.01617	0.59926	0.24386	0.01113	0.01404	0.01325	0.01020	0.01352	0.00887	0.01284	0.00689	0.00477	0.00490	0.00159	0.00635	0.00437	0.00225	0.00610
17	0.00986	0.02542	0.80183	0.01401	0.02127	0.01141	0.01816	0.01556	0.01038	0.01556	0.00882	0.01038	0.00623	0.00467	0.00467	0.00156	0.00726	0.00363	0.00208	0.00726
18	0.01148	0.01148	0.01802	0.31178	0.35905	0.06460	0.08229	0.01509	0.05037	0.01472	0.00956	0.01269	0.00758	0.00471	0.00494	0.00154	0.00642	0.00448	0.00248	0.00670
19	0.01170	0.01108	0.01875	0.02801	0.72587	0.01105	0.01415	0.01456	0.01143	0.01638	0.07961	0.01436	0.01124	0.00489	0.00495	0.00147	0.00552	0.00478	0.00270	0.00750
20	0.01314	0.83025	0.02575	0.00841	0.01261	0.01945	0.00841	0.01472	0.00999	0.01156	0.00683	0.00788	0.00631	0.00420	0.00315	0.00105	0.00526	0.00263	0.00210	0.00631
21	0.01211	0.01182	0.02076	0.02932	0.72752	0.01174	0.08355	0.01514	0.01123	0.01603	0.00931	0.01226	0.00775	0.00436	0.00495	0.00148	0.00606	0.00451	0.00244	0.00768
22	0.00986	0.02542	0.80183	0.01401	0.02127	0.01141	0.01816	0.01556	0.01038	0.01556	0.00882	0.01038	0.00623	0.00467	0.00467	0.00156	0.00726	0.00363	0.00208	0.00726
23	0.02205	0.00836	0.01140	0.00874	0.01254	0.00722	0.00722	0.02395	0.01407	0.80004	0.01939	0.01673	0.01216	0.00608	0.00494	0.00152	0.00418	0.00494	0.00608	0.00836
24	0.00685	0.00491	0.00664	0.00741	0.00818	0.00469	0.00568	0.00852	0.01110	0.01496	0.20902	0.38438	0.03441	0.01353	0.00633	0.00198	0.00327	0.25907	0.00475	0.00432
25	0.01216	0.01168	0.01995	0.03016	0.79664	0.01168	0.01508	0.01508	0.01119	0.01605	0.00924	0.01216	0.00778	0.00438	0.00487	0.00146	0.00584	0.00438	0.00243	0.00778
26	0.01868	0.01376	0.01475	0.01131	0.01524	0.01524	0.00934	0.78025	0.02311	0.03097	0.01180	0.01180	0.00836	0.00590	0.00492	0.00147	0.00541	0.00442	0.00492	0.00836
27	0.01160	0.01326	0.02900	0.02071	0.02568	0.01243	0.77879	0.01574	0.01160	0.01574	0.00994	0.01326	0.00746	0.00414	0.00580	0.00166	0.00829	0.00580	0.00249	0.00663
28	0.02042	0.00964	0.01195	0.00922	0.01291	0.00928	0.00760	0.23067	0.01634	0.54665	0.01712	0.01546	0.01114	0.00601	0.00485	0.00149	0.00442	0.00478	0.05188	0.00816
29	0.01152	0.13979	0.58827	0.01257	0.01891	0.01223	0.01537	0.01660	0.04052	0.08551	0.00991	0.01089	0.00711	0.00481	0.00449	0.00148	0.00657	0.00368	0.00255	0.00724
30	0.05587	0.01358	0.01442	0.01109	0.01499	0.01505	0.00916	0.74648	0.02246	0.03058	0.01158	0.01163	0.00822	0.00584	0.00483	0.00148	0.00534	0.00435	0.00483	0.00822
31	0.00597	0.00434	0.00564	0.00667	0.00708	0.00401	0.00449	0.00686	0.00957	0.01261	0.02918	0.75247	0.10277	0.01512	0.00623	0.00196	0.00282	0.01364	0.00456	0.00401
32	0.01723	0.09514	0.04511	0.01219	0.01506	0.66308	0.00964	0.01938	0.05550	0.01259	0.00825	0.00935	0.00680	0.00506	0.00436	0.00128	0.00821	0.00326	0.00261	0.00593
33	0.01008	0.00955	0.01618	0.59823	0.24487	0.01113	0.01404	0.01325	0.01020	0.01352	0.00888	0.01284	0.00689	0.00477	0.00490	0.00159	0.00635	0.00437	0.00225	0.00610
34	0.00986	0.02542	0.80183	0.01401	0.02127	0.01141	0.01816	0.01556	0.01038	0.01556	0.00882	0.01038	0.00623	0.00467	0.00467	0.00156	0.00726	0.00363	0.00208	0.00726
35	0.00703	0.00524	0.00779	0.00779	0.00862	0.00608	0.00600	0.00870	0.00786	0.01133	0.01327	0.01987	0.01253	0.07172	0.77329	0.00776	0.01279	0.00535	0.00265	0.00433
36	0.06923	0.70152	0.02291	0.00823	0.01206	0.01769	0.00800	0.01416	0.00969	0.01225	0.00740	0.00891	0.00678	0.00716	0.07529	0.00170	0.00587	0.00287	0.00221	0.00607
37	0.00941	0.00892	0.01477	0.74353	0.03197	0.01129	0.01339	0.01249	0.00962	0.01249	0.00853	0.01289	0.00654	0.00524	0.00592	0.00168	0.07933	0.00436	0.00218	0.00545
38	0.00599	0.00428	0.00570	0.00684	0.00713	0.00399	0.00456	0.00684	0.00941	0.01254	0.02709	0.82409	0.03250	0.01540	0.00627	0.00200	0.00285	0.01397	0.00456	0.00399
39	0.01222	0.01056	0.01111	0.01000	0.01278	0.01222	0.00778	0.02611	0.78776	0.02056	0.02000	0.01833	0.01500	0.00667	0.00500	0.00167	0.00389	0.00556	0.00500	0.00778
40	0.06699	0.09221	0.68338	0.01303	0.01975	0.01206	0.01648	0.01542	0.01021	0.01566	0.00852	0.01001	0.00617	0.00462	0.00443	0.00151	0.00686	0.00348	0.00214	0.00705
41	0.00997	0.02461	0.75026	0.01445	0.02156	0.01148	0.06891	0.01557	0.01046	0.01557	0.00889	0.01057	0.00631	0.00463	0.00474	0.00156	0.00733	0.00378	0.00210	0.00722
42	0.00703	0.00523	0.00771	0.00771	0.00852	0.00604	0.00591	0.00865	0.00784	0.01127	0.01334	0.02026	0.01270	0.09570	0.74954	0.00766	0.01254	0.00541	0.00266	0.00428
43	0.01884	0.01412	0.01451	0.01126	0.01509	0.06767	0.00924	0.68839	0.02200	0.07151	0.01193	0.01187	0.00843	0.00585	0.00489	0.00146	0.00557	0.00437	0.00482	0.00818
44	0.01196	0.01291	0.09005	0.02872	0.72712	0.01165	0.01536	0.01512	0.01112	0.01601	0.00921	0.01200	0.00764	0.00440	0.00485	0.00147	0.00597	0.00431	0.00240	0.00774
45	0.00606	0.00431	0.00568	0.00674	0.00701	0.00404	0.00446	0.00686	0.00926	0.01234	0.02631	0.77125	0.03153	0.06957	0.00752	0.00218	0.00298	0.01352	0.00446	0.00392
46	0.01130	0.01452	0.12228	0.03481	0.02461	0.01242	0.62944	0.01545	0.01119	0.01545	0.00959	0.01277	0.00723	0.00446	0.00621	0.00167	0.05215	0.00543	0.00241	0.00661
47	0.01212	0.01217	0.01902	0.09013	0.54697	0.07869	0.08249	0.01499	0.01136	0.01531	0.01024	0.01494	0.00890	0.00507	0.00504	0.00153	0.00628	0.05506	0.00257	0.00710
48	0.01180	0.01204	0.02272	0.07403	0.48777	0.01189	0.27566	0.01516	0.01125	0.01574	0.00945	0.01259	0.00760	0.00433	0.00519	0.00154	0.00672	0.00486	0.00244	0.00725
49	0.00635	0.00534	0.00630	0.00624	0.00788	0.00467	0.03071	0.00785	0.01116	0.01356	0.04372	0.07731	0.61468	0.01246	0.00598	0.00177	0.00303	0.13222	0.00449	0.00429
50	0.01417	0.01252	0.01157	0.01023	0.01302	0.15290	0.00795	0.06218	0.50541	0.08392	0.05940	0.01719	0.01459	0.00648	0.00493	0.00157	0.00479	0.00520	0.00467	0.00732
51	0.00682	0.00544	0.00615	0.00653	0.04706	0.00469	0.00454	0.00830	0.01162	0.04085	0.13567	0.04321	0.63869	0.01153	0.00573	0.00163	0.00270	0.00971	0.00461	0.00453
52	0.24616	0.01284	0.04622	0.00950	0.01298	0.08223	0.00801	0.34744	0.03282	0.06346	0.01392	0.01402	0.07809	0.00602	0.00444	0.00150	0.00500	0.00438	0.00410	0.00686
53	0.31744	0.10078	0.01254	0.00876	0.01233	0.02559	0.00736	0.24717	0.02732	0.18039	0.01110	0.01107	0.00790	0.00528	0.00406	0.00145	0.00461	0.00371	0.00414	0.00700
54	0.12623	0.02325	0.08221	0.08305	0.05237	0.06394	0.03874	0.05161	0.02296	0.30548	0.03212	0.01406	0.02125	0.00558	0.00493	0.00151	0.02693	0.00441	0.00406	0.03531
55	0.28510	0.28968	0.01558	0.08055	0.01377	0.01405	0.00784	0.10634	0.04290	0.07893	0.01960	0.01034	0.00760	0.00491	0.00373	0.00137	0.00475	0.00339	0.00321	0.00636
56	0.18043	0.09478	0.03454	0.01786	0.33936	0.08699	0.01083	0.05725	0.03467	0.01707	0.01051	0.01222	0.04188	0.00514	0.00477	0.00146	0.03669	0.00403	0.00282	0.00672

[dist]
# distance from previous block
# <min> <max>
0	11

# created by:
# /st0/software/busco_prod/Augustus/scripts/msa2prfl.pl ./align_prep/61334.fa
