[name]
unknown

[dist]
# distance from previous block
# <min> <max>
0	78

[block]
# block no. 0 follows, 48 sequences, length 22
# corresponding to MSA columns:
# 78-99
name=unknown_A
#
# <colnr> <probs for GDERKNQSTAVLIFYWHMCP>
#	G	D	E	R	K	N	Q	S	T	A	V	L	I	F	Y	W	H	M	C	P
0	0.01069	0.01034	0.05064	0.05885	0.10127	0.06801	0.03719	0.03723	0.01206	0.01604	0.01756	0.03289	0.01764	0.00901	0.00578	0.00178	0.00549	0.34925	0.00369	0.15460
1	0.12829	0.10457	0.27899	0.07381	0.03900	0.03188	0.03351	0.03571	0.11206	0.01752	0.02520	0.01218	0.00863	0.00526	0.00481	0.00154	0.02466	0.00403	0.00295	0.05539
2	0.00771	0.00575	0.00764	0.07682	0.00975	0.00631	0.00558	0.00855	0.00855	0.01168	0.01805	0.20850	0.03930	0.33589	0.11583	0.03068	0.06704	0.00831	0.02406	0.00400
3	0.01155	0.01140	0.01640	0.47637	0.09128	0.09954	0.07716	0.01482	0.02948	0.03449	0.02612	0.03626	0.00898	0.00568	0.00568	0.00168	0.03935	0.00497	0.00268	0.00611
4	0.00691	0.00523	0.00637	0.00608	0.00745	0.00469	0.00456	0.00900	0.01369	0.01859	0.56772	0.04160	0.26690	0.01123	0.00606	0.00165	0.00247	0.00974	0.00539	0.00469
5	0.00625	0.00447	0.00595	0.00714	0.00744	0.00417	0.00476	0.00714	0.00982	0.01310	0.02828	0.81633	0.03394	0.01608	0.00655	0.00208	0.00298	0.01459	0.00476	0.00417
6	0.01029	0.02654	0.79309	0.01462	0.02221	0.01192	0.01896	0.01625	0.01083	0.01625	0.00921	0.01083	0.00650	0.00487	0.00487	0.00162	0.00758	0.00379	0.00217	0.00758
7	0.00625	0.00447	0.00595	0.00714	0.00744	0.00417	0.00476	0.00714	0.00982	0.01310	0.02828	0.81633	0.03394	0.01608	0.00655	0.00208	0.00298	0.01459	0.00476	0.00417
8	0.00745	0.00502	0.00580	0.00580	0.00587	0.00509	0.00337	0.00759	0.00752	0.01010	0.01598	0.03254	0.01820	0.75907	0.08610	0.00523	0.00565	0.00731	0.00308	0.00322
9	0.01951	0.01437	0.01540	0.01181	0.01591	0.01591	0.00975	0.77056	0.02412	0.03234	0.01232	0.01232	0.00873	0.00616	0.00513	0.00154	0.00565	0.00462	0.00513	0.00873
10	0.85592	0.00992	0.00754	0.00675	0.00992	0.01151	0.00556	0.01508	0.00873	0.02302	0.00714	0.00834	0.00556	0.00476	0.00318	0.00159	0.00397	0.00278	0.00318	0.00556
11	0.00606	0.00520	0.00520	0.00520	0.00693	0.00433	0.00390	0.00736	0.01170	0.01386	0.05198	0.04938	0.78558	0.01299	0.00606	0.00173	0.00260	0.01083	0.00476	0.00433
12	0.85592	0.00992	0.00754	0.00675	0.00992	0.01151	0.00556	0.01508	0.00873	0.02302	0.00714	0.00834	0.00556	0.00476	0.00318	0.00159	0.00397	0.00278	0.00318	0.00556
13	0.85592	0.00992	0.00754	0.00675	0.00992	0.01151	0.00556	0.01508	0.00873	0.02302	0.00714	0.00834	0.00556	0.00476	0.00318	0.00159	0.00397	0.00278	0.00318	0.00556
14	0.00821	0.00583	0.00806	0.00915	0.01024	0.00583	0.00787	0.01038	0.01147	0.01494	0.02631	0.05599	0.02869	0.07666	0.00856	0.00257	0.00474	0.69528	0.00460	0.00460
15	0.01132	0.01151	0.01555	0.23509	0.01973	0.06613	0.01198	0.01310	0.00897	0.01257	0.00748	0.01178	0.00676	0.00766	0.01277	0.00203	0.53319	0.00443	0.00228	0.00566
16	0.00768	0.00568	0.00825	0.03351	0.01009	0.00630	0.00689	0.00955	0.00924	0.01274	0.01756	0.03165	0.01781	0.09874	0.48575	0.00611	0.01024	0.21436	0.00332	0.00453
17	0.02302	0.00873	0.01191	0.00913	0.01310	0.00754	0.00754	0.02501	0.01469	0.79122	0.02024	0.01746	0.01270	0.00635	0.00516	0.00159	0.00437	0.00516	0.00635	0.00873
18	0.00690	0.00482	0.00580	0.00632	0.00661	0.00463	0.00400	0.00743	0.00888	0.01169	0.02412	0.35046	0.08340	0.40861	0.01610	0.00348	0.00398	0.03515	0.00395	0.00368
19	0.01203	0.01843	0.31810	0.04820	0.38716	0.05897	0.05200	0.01617	0.01150	0.01618	0.00940	0.01186	0.00735	0.00474	0.00502	0.00157	0.00700	0.00427	0.00240	0.00765
20	0.01033	0.07383	0.11870	0.13956	0.03864	0.01059	0.04781	0.05280	0.02646	0.02988	0.01190	0.03707	0.01022	0.01678	0.27063	0.00384	0.05494	0.00502	0.03503	0.00596
21	0.01860	0.01051	0.01237	0.00992	0.01344	0.01071	0.00803	0.27980	0.11449	0.34391	0.01937	0.07903	0.04122	0.00736	0.00530	0.00163	0.00460	0.00599	0.00561	0.00814

[dist]
# distance from previous block
# <min> <max>
0	4

[block]
# block no. 1 follows, 48 sequences, length 25
# corresponding to MSA columns:
# 104-128
name=unknown_B
#
# <colnr> <probs for GDERKNQSTAVLIFYWHMCP>
#	G	D	E	R	K	N	Q	S	T	A	V	L	I	F	Y	W	H	M	C	P
0	0.31997	0.01247	0.02980	0.01548	0.10322	0.04057	0.28079	0.07185	0.01174	0.02002	0.00942	0.01160	0.00724	0.00476	0.00466	0.00160	0.00619	0.00441	0.03763	0.00658
1	0.00808	0.00672	0.00957	0.02796	0.17610	0.00651	0.00732	0.01033	0.04270	0.01540	0.13308	0.35461	0.15827	0.01170	0.00600	0.00182	0.00363	0.01049	0.00438	0.00533
2	0.01317	0.08107	0.13156	0.06433	0.10606	0.03422	0.02386	0.03477	0.07639	0.10939	0.01141	0.01249	0.00865	0.00487	0.00453	0.00130	0.00535	0.00399	0.00334	0.26924
3	0.48424	0.06218	0.00823	0.00658	0.00870	0.00973	0.00501	0.01235	0.00841	0.01752	0.01039	0.01709	0.01023	0.27148	0.04777	0.00297	0.00485	0.00443	0.00307	0.00478
4	0.01206	0.03006	0.25298	0.04906	0.13678	0.09193	0.10087	0.01778	0.14291	0.01626	0.01147	0.01344	0.00892	0.00753	0.05829	0.00207	0.03292	0.00462	0.00289	0.00716
5	0.00684	0.00579	0.00738	0.00668	0.00848	0.00506	0.05509	0.00868	0.01260	0.01610	0.27543	0.04361	0.50633	0.01165	0.00606	0.00170	0.00295	0.01003	0.00489	0.00466
6	0.00786	0.00609	0.02259	0.02368	0.04725	0.00547	0.00586	0.01021	0.01353	0.03252	0.55155	0.08147	0.10264	0.01041	0.00593	0.00166	0.00294	0.03129	0.03202	0.00506
7	0.04680	0.01004	0.01225	0.00967	0.01337	0.00984	0.00789	0.20312	0.06730	0.48930	0.01842	0.06123	0.01292	0.00685	0.00517	0.00161	0.00456	0.00553	0.00579	0.00833
8	0.02302	0.00873	0.01191	0.00913	0.01310	0.00754	0.00754	0.02501	0.01469	0.79122	0.02024	0.01746	0.01270	0.00635	0.00516	0.00159	0.00437	0.00516	0.00635	0.00873
9	0.00813	0.00560	0.00700	0.00730	0.00877	0.00513	0.00586	0.00994	0.01209	0.06687	0.13373	0.13571	0.29345	0.01298	0.00641	0.00196	0.00347	0.26581	0.00497	0.00481
10	0.01358	0.79016	0.05826	0.00902	0.01354	0.01996	0.00920	0.01540	0.01044	0.01224	0.00722	0.00834	0.00658	0.00441	0.00336	0.00112	0.00557	0.00279	0.00219	0.00663
11	0.00664	0.00520	0.00601	0.00586	0.00730	0.00457	0.00437	0.00845	0.01297	0.01701	0.39771	0.06957	0.41218	0.01191	0.00607	0.00169	0.00253	0.01022	0.00518	0.00457
12	0.01873	0.02321	0.01465	0.01316	0.01573	0.71592	0.00998	0.05725	0.01464	0.01353	0.00808	0.00952	0.00672	0.00554	0.00534	0.00138	0.05437	0.00344	0.00274	0.00607
13	0.01181	0.01269	0.12248	0.01024	0.01427	0.01098	0.00909	0.02166	0.45316	0.01939	0.01591	0.01557	0.01209	0.00577	0.00477	0.00145	0.00449	0.00474	0.00417	0.24527
14	0.00901	0.00813	0.00856	0.04731	0.01056	0.07701	0.00624	0.01254	0.10732	0.01757	0.36723	0.03358	0.21684	0.00987	0.00629	0.00167	0.04195	0.00824	0.00478	0.00530
15	0.02302	0.00873	0.01191	0.00913	0.01310	0.00754	0.00754	0.02501	0.01469	0.79122	0.02024	0.01746	0.01270	0.00635	0.00516	0.00159	0.00437	0.00516	0.00635	0.00873
16	0.01917	0.02445	0.01454	0.01322	0.01586	0.79907	0.00991	0.02049	0.01454	0.01256	0.00793	0.00925	0.00661	0.00529	0.00463	0.00132	0.00925	0.00330	0.00264	0.00595
17	0.01772	0.05683	0.10422	0.01013	0.01406	0.03490	0.00915	0.07206	0.10909	0.40283	0.03109	0.04489	0.01381	0.00693	0.00518	0.00163	0.00495	0.04753	0.00513	0.00787
18	0.00767	0.00578	0.00715	0.00671	0.00813	0.00553	0.00506	0.01111	0.08502	0.02007	0.65001	0.03752	0.10994	0.01038	0.00598	0.00164	0.00259	0.00909	0.00553	0.00510
19	0.00733	0.00550	0.00825	0.00825	0.00916	0.00641	0.00641	0.00916	0.00825	0.01191	0.01374	0.02016	0.01283	0.03848	0.79934	0.00825	0.01374	0.00550	0.00275	0.00458
20	0.01628	0.01216	0.01441	0.09920	0.12223	0.11558	0.03722	0.13143	0.07013	0.21614	0.04452	0.01722	0.02866	0.03208	0.00586	0.00169	0.00576	0.01777	0.00431	0.00735
21	0.01032	0.01048	0.04554	0.01200	0.01240	0.01326	0.01003	0.01157	0.00797	0.01216	0.00874	0.01492	0.00884	0.11329	0.09786	0.00318	0.59483	0.00494	0.00240	0.00527
22	0.01934	0.02374	0.01442	0.01303	0.01574	0.76295	0.00981	0.02070	0.01455	0.04809	0.00849	0.00963	0.00689	0.00534	0.00465	0.00133	0.00903	0.00339	0.00281	0.00608
23	0.00949	0.00868	0.00925	0.00871	0.00932	0.10572	0.00637	0.01038	0.00884	0.01145	0.01447	0.05939	0.03824	0.31934	0.20261	0.00454	0.15954	0.00635	0.00293	0.00437
24	0.37841	0.05294	0.01147	0.06807	0.02524	0.04684	0.02991	0.07190	0.01098	0.01970	0.00967	0.06353	0.00841	0.00544	0.00401	0.00142	0.00470	0.00404	0.00323	0.18009

[dist]
# distance from previous block
# <min> <max>
0	4

[block]
# block no. 2 follows, 48 sequences, length 17
# corresponding to MSA columns:
# 133-149
name=unknown_C
#
# <colnr> <probs for GDERKNQSTAVLIFYWHMCP>
#	G	D	E	R	K	N	Q	S	T	A	V	L	I	F	Y	W	H	M	C	P
0	0.03715	0.03663	0.01396	0.01432	0.15107	0.12969	0.00965	0.04847	0.34808	0.01866	0.01457	0.01509	0.01136	0.00619	0.00570	0.00161	0.06219	0.00483	0.06349	0.00729
1	0.01271	0.01245	0.05954	0.01274	0.10601	0.12859	0.02342	0.03335	0.17042	0.06760	0.12366	0.05462	0.04832	0.01844	0.00618	0.00165	0.05190	0.00600	0.02858	0.03382
2	0.00924	0.00550	0.00710	0.00665	0.00807	0.00507	0.00500	0.01143	0.01356	0.10875	0.51996	0.12348	0.03852	0.01013	0.00572	0.00162	0.00271	0.00889	0.10339	0.00521
3	0.00996	0.00829	0.01218	0.16288	0.19621	0.00884	0.00971	0.03522	0.09460	0.01569	0.01830	0.19290	0.05247	0.00934	0.00642	0.05301	0.00477	0.05301	0.05029	0.00590
4	0.01709	0.01976	0.01497	0.01304	0.01601	0.50133	0.06314	0.06647	0.20497	0.01622	0.01159	0.01222	0.00907	0.00569	0.00491	0.00147	0.00770	0.00420	0.00343	0.00672
5	0.19872	0.01336	0.01380	0.31429	0.06566	0.17441	0.01091	0.11989	0.01280	0.01803	0.00891	0.01135	0.00684	0.00519	0.00460	0.00157	0.00650	0.00392	0.00296	0.00628
6	0.01917	0.02445	0.01454	0.01322	0.01586	0.79907	0.00991	0.02049	0.01454	0.01256	0.00793	0.00925	0.00661	0.00529	0.00463	0.00132	0.00925	0.00330	0.00264	0.00595
7	0.00636	0.00521	0.00560	0.00551	0.00711	0.00446	0.00413	0.00793	0.01239	0.01551	0.23154	0.04667	0.60500	0.01238	0.00606	0.00170	0.00256	0.01045	0.00498	0.00446
8	0.01076	0.04936	0.02334	0.01808	0.07512	0.01105	0.48817	0.01400	0.01143	0.01542	0.01467	0.21497	0.01432	0.00730	0.00598	0.00177	0.00690	0.00794	0.00312	0.00630
9	0.12343	0.01302	0.01533	0.01509	0.17506	0.01408	0.01034	0.47404	0.01904	0.07375	0.01159	0.01221	0.00844	0.00567	0.00488	0.00155	0.00545	0.00441	0.00442	0.00820
10	0.00632	0.00456	0.00587	0.00688	0.00727	0.00424	0.00458	0.00718	0.00981	0.01294	0.02934	0.69894	0.09365	0.07265	0.00789	0.00226	0.00309	0.01378	0.00465	0.00411
11	0.06641	0.06774	0.01505	0.05804	0.09777	0.05417	0.00981	0.27901	0.24023	0.03951	0.01364	0.01387	0.01023	0.00592	0.00488	0.00157	0.00534	0.00466	0.00430	0.00784
12	0.06865	0.01055	0.14345	0.00864	0.01219	0.00736	0.00807	0.01493	0.01250	0.19783	0.21648	0.07231	0.06475	0.00767	0.00514	0.00152	0.00411	0.00643	0.00455	0.13285
13	0.01297	0.06737	0.12920	0.06841	0.49951	0.02658	0.02842	0.06148	0.01227	0.03156	0.00974	0.01222	0.00782	0.00477	0.00495	0.00152	0.00635	0.00436	0.00268	0.00780
14	0.01134	0.10056	0.31200	0.12573	0.16695	0.01234	0.01438	0.01654	0.09592	0.03261	0.01228	0.03679	0.02945	0.00561	0.00491	0.00159	0.00625	0.00469	0.00283	0.00722
15	0.00727	0.00618	0.00629	0.00638	0.00758	0.05170	0.00455	0.00859	0.01162	0.01461	0.19192	0.20097	0.35311	0.09621	0.00815	0.00209	0.00328	0.01049	0.00465	0.00437
16	0.06490	0.15858	0.14581	0.05187	0.06367	0.02554	0.18588	0.06817	0.09883	0.04857	0.01116	0.01266	0.00848	0.00507	0.00481	0.00154	0.00634	0.00450	0.02645	0.00715

[dist]
# distance from previous block
# <min> <max>
0	2

[block]
# block no. 3 follows, 48 sequences, length 19
# corresponding to MSA columns:
# 152-170
name=unknown_D
#
# <colnr> <probs for GDERKNQSTAVLIFYWHMCP>
#	G	D	E	R	K	N	Q	S	T	A	V	L	I	F	Y	W	H	M	C	P
0	0.12417	0.09719	0.05063	0.13484	0.04879	0.21316	0.15733	0.01682	0.01168	0.04844	0.00899	0.01123	0.00705	0.00509	0.00527	0.00155	0.04457	0.00410	0.00272	0.00637
1	0.01213	0.00644	0.00805	0.00701	0.00933	0.00559	0.00546	0.01396	0.01333	0.27280	0.24001	0.07623	0.26760	0.01004	0.00573	0.00165	0.00319	0.00853	0.00549	0.02744
2	0.01730	0.19361	0.05326	0.01221	0.01547	0.56076	0.01001	0.01951	0.04862	0.01304	0.00842	0.00956	0.00702	0.00515	0.00438	0.00131	0.00814	0.00332	0.00264	0.00626
3	0.04931	0.00710	0.00823	0.00811	0.00990	0.00743	0.00645	0.01527	0.20244	0.05577	0.12978	0.10233	0.05765	0.01004	0.00563	0.00182	0.00362	0.19271	0.12065	0.00576
4	0.00623	0.00498	0.00558	0.00591	0.00715	0.00433	0.00425	0.00750	0.01136	0.01421	0.10854	0.28604	0.48843	0.01373	0.00621	0.00183	0.00270	0.01186	0.00484	0.00433
5	0.00674	0.00489	0.00625	0.00717	0.00760	0.00472	0.00480	0.00833	0.05125	0.01349	0.04889	0.68157	0.03203	0.08626	0.00819	0.00231	0.00320	0.01333	0.00467	0.00431
6	0.00827	0.00591	0.00827	0.00945	0.01063	0.00591	0.00827	0.01063	0.01181	0.01536	0.02717	0.05788	0.02953	0.01417	0.00709	0.00236	0.00472	0.75313	0.00472	0.00472
7	0.01951	0.01437	0.01540	0.01181	0.01591	0.01591	0.00975	0.77056	0.02412	0.03234	0.01232	0.01232	0.00873	0.00616	0.00513	0.00154	0.00565	0.00462	0.00513	0.00873
8	0.01064	0.00912	0.01064	0.00760	0.01216	0.00684	0.00608	0.01292	0.01064	0.01672	0.00912	0.01064	0.00760	0.00380	0.00380	0.00076	0.00380	0.00304	0.00304	0.85104
9	0.01064	0.00912	0.01064	0.00760	0.01216	0.00684	0.00608	0.01292	0.01064	0.01672	0.00912	0.01064	0.00760	0.00380	0.00380	0.00076	0.00380	0.00304	0.00304	0.85104
10	0.00956	0.00478	0.00478	0.00478	0.00598	0.00478	0.00359	0.01196	0.01076	0.01913	0.01674	0.01913	0.01315	0.00598	0.00359	0.00120	0.00239	0.00478	0.84816	0.00478
11	0.01211	0.01384	0.03028	0.02163	0.02682	0.01298	0.76903	0.01644	0.01211	0.01644	0.01038	0.01384	0.00779	0.00433	0.00606	0.00173	0.00865	0.00606	0.00260	0.00692
12	0.01064	0.00912	0.01064	0.00760	0.01216	0.00684	0.00608	0.01292	0.01064	0.01672	0.00912	0.01064	0.00760	0.00380	0.00380	0.00076	0.00380	0.00304	0.00304	0.85104
13	0.00930	0.00805	0.01064	0.00954	0.00957	0.01028	0.00719	0.00991	0.00768	0.01119	0.01147	0.02219	0.01263	0.39717	0.04668	0.00374	0.39976	0.00594	0.00267	0.00438
14	0.01358	0.01143	0.01206	0.01061	0.01365	0.01314	0.00832	0.11689	0.68745	0.02278	0.01985	0.01832	0.01483	0.00686	0.00521	0.00172	0.00425	0.00566	0.00521	0.00819
15	0.00969	0.00912	0.01539	0.80734	0.03534	0.01140	0.01425	0.01311	0.01026	0.01311	0.00912	0.01368	0.00684	0.00513	0.00513	0.00171	0.00684	0.00456	0.00228	0.00570
16	0.01366	0.01589	0.01784	0.01439	0.01746	0.32978	0.26576	0.01616	0.01335	0.01534	0.14903	0.07816	0.01657	0.00672	0.00551	0.00157	0.00735	0.00617	0.00333	0.00594
17	0.81541	0.01063	0.00788	0.00706	0.01021	0.04964	0.00577	0.01534	0.00901	0.02251	0.00718	0.00838	0.00561	0.00479	0.00325	0.00157	0.00422	0.00280	0.00315	0.00558
18	0.01127	0.01158	0.01380	0.01608	0.21340	0.16468	0.05244	0.01302	0.01118	0.01406	0.01640	0.32757	0.01781	0.00963	0.00672	0.00178	0.08099	0.00833	0.00341	0.00584

[dist]
# distance from previous block
# <min> <max>
0	2

[block]
# block no. 4 follows, 48 sequences, length 21
# corresponding to MSA columns:
# 173-193
name=unknown_E
#
# <colnr> <probs for GDERKNQSTAVLIFYWHMCP>
#	G	D	E	R	K	N	Q	S	T	A	V	L	I	F	Y	W	H	M	C	P
0	0.01037	0.00983	0.01777	0.08848	0.20766	0.00977	0.24124	0.01275	0.01017	0.01389	0.01216	0.02062	0.01168	0.29675	0.01292	0.00284	0.00654	0.00606	0.00274	0.00574
1	0.01246	0.01321	0.01709	0.31114	0.24468	0.17674	0.06222	0.01522	0.01166	0.01426	0.01043	0.06819	0.00910	0.00571	0.00517	0.00160	0.00698	0.00509	0.00262	0.00642
2	0.01372	0.82276	0.02689	0.00878	0.01317	0.02030	0.00878	0.01536	0.01043	0.01207	0.00713	0.00823	0.00658	0.00439	0.00329	0.00110	0.00549	0.00274	0.00219	0.00658
3	0.00768	0.00622	0.00697	0.00680	0.00842	0.00605	0.00507	0.01174	0.15786	0.01701	0.23989	0.14695	0.33691	0.01160	0.00597	0.00175	0.00288	0.00998	0.00509	0.00517
4	0.01429	0.14024	0.36770	0.01288	0.01798	0.22471	0.01370	0.01780	0.01194	0.07914	0.00936	0.01060	0.00707	0.00524	0.00519	0.00149	0.04735	0.00366	0.00265	0.00700
5	0.01372	0.82276	0.02689	0.00878	0.01317	0.02030	0.00878	0.01536	0.01043	0.01207	0.00713	0.00823	0.00658	0.00439	0.00329	0.00110	0.00549	0.00274	0.00219	0.00658
6	0.01224	0.01262	0.01628	0.29942	0.23400	0.14376	0.01303	0.01484	0.01116	0.01413	0.00976	0.01472	0.00841	0.00595	0.00657	0.00167	0.10705	0.04543	0.00256	0.02641
7	0.00969	0.00912	0.01539	0.80734	0.03534	0.01140	0.01425	0.01311	0.01026	0.01311	0.00912	0.01368	0.00684	0.00513	0.00513	0.00171	0.00684	0.00456	0.00228	0.00570
8	0.01695	0.01208	0.01300	0.01045	0.01391	0.01331	0.00848	0.46730	0.18769	0.07142	0.01522	0.01499	0.01105	0.00632	0.00496	0.00154	0.00481	0.00493	0.11351	0.00809
9	0.01344	0.64028	0.02327	0.00900	0.01266	0.06126	0.00853	0.01510	0.01049	0.01279	0.00806	0.00955	0.00722	0.00493	0.00441	0.00121	0.06584	0.00310	0.08256	0.00631
10	0.13620	0.00942	0.01121	0.00858	0.01261	0.00853	0.00704	0.07520	0.01347	0.42095	0.01485	0.01398	0.01005	0.00543	0.00452	0.00136	0.00425	0.00422	0.00493	0.23319
11	0.00690	0.00474	0.00576	0.00632	0.00646	0.00460	0.00388	0.00731	0.00857	0.01142	0.02184	0.39983	0.02580	0.44367	0.01696	0.00362	0.00404	0.01080	0.00388	0.00360
12	0.01154	0.01013	0.01366	0.08826	0.04680	0.05151	0.11698	0.08687	0.15872	0.03593	0.08969	0.10645	0.06818	0.00832	0.00566	0.00174	0.00515	0.06308	0.02494	0.00638
13	0.01214	0.01083	0.01476	0.01259	0.01310	0.01450	0.01038	0.04113	0.03587	0.06394	0.00883	0.01318	0.00816	0.05317	0.01575	0.00231	0.65597	0.00475	0.00277	0.00588
14	0.00621	0.00493	0.00558	0.00599	0.00716	0.00430	0.00427	0.00743	0.01119	0.01401	0.09016	0.32897	0.46377	0.01396	0.00624	0.00185	0.00273	0.01210	0.00482	0.00430
15	0.00947	0.00487	0.00504	0.00513	0.00632	0.00487	0.00393	0.01186	0.01084	0.01885	0.01751	0.02198	0.01436	0.00658	0.00384	0.00128	0.00256	0.05980	0.78615	0.00478
16	0.10674	0.32878	0.10050	0.01046	0.04108	0.01508	0.00955	0.15308	0.03497	0.09858	0.01085	0.02942	0.00859	0.00539	0.00417	0.00140	0.00530	0.00392	0.02494	0.00718
17	0.00771	0.00642	0.00705	0.00780	0.00863	0.05667	0.00555	0.00978	0.06695	0.01392	0.02831	0.58194	0.09328	0.01430	0.00633	0.00200	0.00357	0.07051	0.00466	0.00463
18	0.00618	0.00474	0.00567	0.00642	0.00725	0.00423	0.00444	0.00723	0.01052	0.01338	0.03709	0.53135	0.31322	0.01493	0.00637	0.00195	0.00284	0.01319	0.00476	0.00423
19	0.01131	0.18613	0.01541	0.01114	0.11024	0.01071	0.00806	0.01340	0.01053	0.01526	0.00988	0.06282	0.00912	0.00508	0.00468	0.00109	0.04448	0.00399	0.00287	0.46378
20	0.01216	0.03905	0.25135	0.03257	0.15118	0.11881	0.15226	0.01574	0.01164	0.03425	0.01183	0.08509	0.01048	0.02675	0.00580	0.00172	0.00706	0.02265	0.00279	0.00681

[dist]
# distance from previous block
# <min> <max>
0	2

[block]
# block no. 5 follows, 48 sequences, length 60
# corresponding to MSA columns:
# 196-255
name=unknown_F
#
# <colnr> <probs for GDERKNQSTAVLIFYWHMCP>
#	G	D	E	R	K	N	Q	S	T	A	V	L	I	F	Y	W	H	M	C	P
0	0.00895	0.00555	0.00575	0.00559	0.00702	0.00539	0.00416	0.06274	0.01174	0.01774	0.02708	0.08278	0.23108	0.04485	0.00560	0.00160	0.00283	0.00726	0.45747	0.00481
1	0.01156	0.03215	0.08650	0.05691	0.13686	0.01142	0.12284	0.02666	0.07716	0.01640	0.01010	0.01239	0.00815	0.00517	0.00635	0.00145	0.11220	0.00432	0.00287	0.25855
2	0.05718	0.10327	0.02694	0.01241	0.08102	0.13056	0.04564	0.08266	0.21840	0.01796	0.01383	0.07188	0.01188	0.03919	0.00567	0.00165	0.00552	0.00521	0.00371	0.06543
3	0.00695	0.00519	0.00656	0.00667	0.00780	0.00465	0.00479	0.00861	0.01202	0.01650	0.33943	0.35283	0.12544	0.01258	0.00610	0.00176	0.00276	0.01118	0.00501	0.06318
4	0.01229	0.09790	0.23714	0.09337	0.06218	0.05609	0.26037	0.05514	0.01196	0.01608	0.00938	0.01193	0.00718	0.00493	0.00566	0.00162	0.04269	0.00459	0.00252	0.00700
5	0.00767	0.00576	0.00803	0.04931	0.00948	0.00658	0.00588	0.00892	0.00806	0.01131	0.01404	0.02411	0.01428	0.30861	0.45263	0.00649	0.04575	0.00609	0.00283	0.00417
6	0.00632	0.00521	0.00556	0.00547	0.00709	0.00444	0.00410	0.00786	0.01230	0.01531	0.20986	0.04700	0.62680	0.01246	0.00606	0.00171	0.00256	0.01050	0.00496	0.00444
7	0.00639	0.00457	0.00611	0.00730	0.00766	0.00429	0.00501	0.00739	0.00996	0.01325	0.02820	0.76374	0.03363	0.01594	0.00659	0.00210	0.00310	0.06580	0.00476	0.00421
8	0.00798	0.00570	0.00794	0.00912	0.01018	0.00566	0.00777	0.01013	0.01153	0.01503	0.02733	0.16601	0.03016	0.01445	0.00701	0.00232	0.00448	0.64784	0.00473	0.00465
9	0.01029	0.02654	0.79309	0.01462	0.02221	0.01192	0.01896	0.01625	0.01083	0.01625	0.00921	0.01083	0.00650	0.00487	0.00487	0.00162	0.00758	0.00379	0.00217	0.00758
10	0.01917	0.02445	0.01454	0.01322	0.01586	0.79907	0.00991	0.02049	0.01454	0.01256	0.00793	0.00925	0.00661	0.00529	0.00463	0.00132	0.00925	0.00330	0.00264	0.00595
11	0.00726	0.00524	0.00686	0.00646	0.00767	0.00484	0.00484	0.00968	0.01452	0.02058	0.78496	0.03833	0.04841	0.01049	0.00605	0.00161	0.00242	0.00928	0.00565	0.00484
12	0.01230	0.01166	0.01977	0.02962	0.72603	0.01165	0.01500	0.01530	0.01181	0.01688	0.04475	0.01541	0.01066	0.00517	0.00519	0.00156	0.00588	0.03073	0.00275	0.00786
13	0.85592	0.00992	0.00754	0.00675	0.00992	0.01151	0.00556	0.01508	0.00873	0.02302	0.00714	0.00834	0.00556	0.00476	0.00318	0.00159	0.00397	0.00278	0.00318	0.00556
14	0.00746	0.00497	0.00560	0.00560	0.00560	0.00497	0.00311	0.00746	0.00746	0.00995	0.01617	0.03358	0.01865	0.81967	0.02612	0.00497	0.00497	0.00746	0.00311	0.00311
15	0.01053	0.08175	0.73996	0.01422	0.02158	0.01250	0.01825	0.01619	0.01080	0.01596	0.00906	0.01065	0.00651	0.00484	0.00477	0.00159	0.00744	0.00372	0.00217	0.00751
16	0.11384	0.01180	0.07376	0.08544	0.18581	0.02798	0.02343	0.09892	0.12883	0.03255	0.10861	0.01704	0.02539	0.00616	0.00495	0.00159	0.00510	0.00518	0.03667	0.00697
17	0.01951	0.01437	0.01540	0.01181	0.01591	0.01591	0.00975	0.77056	0.02412	0.03234	0.01232	0.01232	0.00873	0.00616	0.00513	0.00154	0.00565	0.00462	0.00513	0.00873
18	0.01116	0.01473	0.15435	0.06035	0.05826	0.01185	0.48469	0.01552	0.02513	0.01603	0.01241	0.07453	0.02445	0.00557	0.00579	0.00173	0.00764	0.00626	0.00276	0.00679
19	0.02135	0.00841	0.01149	0.00917	0.01282	0.00736	0.00762	0.02337	0.01436	0.70318	0.02103	0.02205	0.01461	0.00724	0.00538	0.00168	0.00441	0.09004	0.00617	0.00828
20	0.01003	0.00842	0.01250	0.38938	0.02179	0.01059	0.01053	0.01260	0.00982	0.01461	0.01068	0.01461	0.00858	0.00630	0.00754	0.00170	0.20088	0.00461	0.23942	0.00542
21	0.01458	0.02054	0.32872	0.01554	0.07713	0.17378	0.09899	0.09374	0.02808	0.08479	0.01061	0.01187	0.00773	0.00517	0.00503	0.00156	0.00739	0.00424	0.00306	0.00744
22	0.00914	0.00868	0.01584	0.01362	0.04383	0.00826	0.27989	0.01178	0.01146	0.01510	0.02408	0.18295	0.13344	0.01040	0.00654	0.00196	0.01820	0.19550	0.00386	0.00549
23	0.00733	0.00512	0.00655	0.00663	0.00698	0.00542	0.00438	0.00804	0.00790	0.01086	0.01616	0.08314	0.01767	0.48959	0.29633	0.00592	0.00792	0.00727	0.00310	0.00370
24	0.00867	0.00779	0.01010	0.01270	0.20990	0.02389	0.00751	0.01142	0.06027	0.01610	0.15142	0.03542	0.40537	0.00988	0.00572	0.00165	0.00371	0.00849	0.00431	0.00567
25	0.04746	0.09305	0.37815	0.01311	0.04450	0.02527	0.05291	0.04170	0.08949	0.06438	0.03302	0.05582	0.01102	0.00607	0.00495	0.00162	0.00621	0.02086	0.00320	0.00721
26	0.01710	0.00975	0.01381	0.21724	0.05980	0.01009	0.02654	0.05897	0.12700	0.38053	0.01630	0.01615	0.01108	0.00598	0.00518	0.00164	0.00521	0.00506	0.00479	0.00779
27	0.00625	0.00448	0.00593	0.00710	0.00743	0.00417	0.00474	0.00715	0.00987	0.01312	0.02887	0.79719	0.05269	0.01600	0.00654	0.00208	0.00297	0.01449	0.00476	0.00417
28	0.01187	0.05116	0.32502	0.09741	0.11491	0.04266	0.02911	0.06695	0.08557	0.03591	0.02735	0.01546	0.06270	0.00583	0.00504	0.00160	0.00634	0.00482	0.00309	0.00722
29	0.01423	0.01446	0.13678	0.05459	0.32460	0.03932	0.07563	0.10298	0.04374	0.10771	0.02847	0.01375	0.00952	0.00526	0.00516	0.00158	0.00626	0.00475	0.00339	0.00783
30	0.04009	0.00878	0.01118	0.00889	0.01239	0.00815	0.00732	0.10357	0.01497	0.56209	0.01903	0.01899	0.01303	0.00666	0.00503	0.00158	0.00429	0.04409	0.10188	0.00800
31	0.66885	0.01309	0.08793	0.02261	0.01224	0.09272	0.00752	0.01572	0.00957	0.02108	0.00747	0.00878	0.00578	0.00484	0.00353	0.00157	0.00493	0.00297	0.00300	0.00580
32	0.00744	0.00506	0.00602	0.00602	0.00617	0.00521	0.00364	0.00774	0.00759	0.01027	0.01578	0.03141	0.01771	0.69355	0.15096	0.00550	0.00639	0.00714	0.00305	0.00335
33	0.01065	0.02829	0.04278	0.03013	0.01428	0.05248	0.09567	0.02901	0.00932	0.01312	0.00995	0.01538	0.00932	0.07911	0.20660	0.00375	0.33709	0.00503	0.00256	0.00549
34	0.00812	0.00507	0.00709	0.00707	0.00746	0.00548	0.00498	0.00809	0.00768	0.01085	0.01277	0.04001	0.01287	0.17504	0.28742	0.31917	0.02489	0.00564	0.04684	0.00345
35	0.01142	0.01058	0.01973	0.46371	0.06573	0.01151	0.24200	0.01496	0.01119	0.06824	0.01064	0.02848	0.00808	0.00514	0.00544	0.00171	0.00711	0.00524	0.00271	0.00636
36	0.01037	0.02600	0.76051	0.01492	0.02240	0.01196	0.05099	0.01626	0.01089	0.01626	0.00926	0.01096	0.00655	0.00485	0.00493	0.00163	0.00763	0.00389	0.00218	0.00755
37	0.00740	0.00509	0.00628	0.00631	0.00655	0.00532	0.00399	0.00789	0.00772	0.01052	0.01585	0.04920	0.01755	0.60197	0.22179	0.00573	0.00715	0.00714	0.00306	0.00351
38	0.00616	0.00510	0.00540	0.00555	0.00705	0.00434	0.00408	0.00746	0.01159	0.01413	0.09038	0.15882	0.63567	0.01329	0.00613	0.00178	0.00264	0.01128	0.00481	0.00434
39	0.00623	0.00455	0.00587	0.00692	0.00738	0.00419	0.00466	0.00717	0.01004	0.01318	0.03097	0.72929	0.11923	0.01573	0.00649	0.00204	0.00293	0.01416	0.00476	0.00419
40	0.01691	0.01308	0.01394	0.01128	0.01492	0.01470	0.00913	0.48475	0.31416	0.02816	0.01561	0.01494	0.01139	0.00647	0.00517	0.00162	0.00504	0.00507	0.00517	0.00849
41	0.01064	0.00912	0.01064	0.00760	0.01216	0.00684	0.00608	0.01292	0.01064	0.01672	0.00912	0.01064	0.00760	0.00380	0.00380	0.00076	0.00380	0.00304	0.00304	0.85104
42	0.01223	0.01124	0.01391	0.01201	0.01409	0.01373	0.04890	0.02185	0.48804	0.01824	0.01574	0.01629	0.01235	0.00748	0.00904	0.00190	0.26620	0.00539	0.00412	0.00724
43	0.01200	0.05176	0.05458	0.01971	0.02469	0.03380	0.64766	0.01601	0.01203	0.01599	0.01230	0.01521	0.04830	0.00483	0.00585	0.00169	0.00817	0.00600	0.00268	0.00677
44	0.00713	0.00497	0.00573	0.00585	0.00618	0.00483	0.00358	0.00757	0.00865	0.01141	0.06212	0.12922	0.11590	0.56134	0.04089	0.00414	0.00454	0.00877	0.00363	0.00352
45	0.47437	0.01539	0.01096	0.01002	0.03140	0.28438	0.00767	0.08160	0.01213	0.02005	0.00792	0.00910	0.00625	0.00506	0.00389	0.00149	0.00599	0.00316	0.00314	0.00603
46	0.00691	0.00523	0.00637	0.00608	0.00745	0.00469	0.00456	0.00900	0.01369	0.01859	0.56777	0.04160	0.26685	0.01123	0.00606	0.00165	0.00247	0.00974	0.00539	0.00469
47	0.01149	0.00909	0.01073	0.00771	0.01222	0.00689	0.00618	0.01375	0.01092	0.07015	0.00989	0.01111	0.00795	0.00398	0.00389	0.00082	0.00384	0.00319	0.00327	0.79293
48	0.01917	0.02445	0.01454	0.01322	0.01586	0.79907	0.00991	0.02049	0.01454	0.01256	0.00793	0.00925	0.00661	0.00529	0.00463	0.00132	0.00925	0.00330	0.00264	0.00595
49	0.01401	0.01170	0.01272	0.01163	0.04827	0.01332	0.00876	0.16472	0.60428	0.02327	0.01879	0.01759	0.01404	0.00671	0.00520	0.00169	0.00445	0.00553	0.00509	0.00823
50	0.00969	0.00912	0.01539	0.80734	0.03534	0.01140	0.01425	0.01311	0.01026	0.01311	0.00912	0.01368	0.00684	0.00513	0.00513	0.00171	0.00684	0.00456	0.00228	0.00570
51	0.01089	0.01029	0.01488	0.01267	0.01356	0.01336	0.06250	0.04606	0.04922	0.01389	0.00949	0.01380	0.00868	0.01482	0.18455	0.00345	0.50456	0.00489	0.00266	0.00575
52	0.00969	0.00912	0.01539	0.80734	0.03534	0.01140	0.01425	0.01311	0.01026	0.01311	0.00912	0.01368	0.00684	0.00513	0.00513	0.00171	0.00684	0.00456	0.00228	0.00570
53	0.00733	0.00550	0.00825	0.00825	0.00916	0.00641	0.00641	0.00916	0.00825	0.01191	0.01374	0.02016	0.01283	0.03848	0.79934	0.00825	0.01374	0.00550	0.00275	0.00458
54	0.00733	0.00550	0.00825	0.00825	0.00916	0.00641	0.00641	0.00916	0.00825	0.01191	0.01374	0.02016	0.01283	0.03848	0.79934	0.00825	0.01374	0.00550	0.00275	0.00458
55	0.04290	0.00496	0.00497	0.00502	0.00624	0.00501	0.00375	0.01175	0.01062	0.01887	0.01716	0.07398	0.01429	0.00663	0.00378	0.00127	0.00249	0.00538	0.75616	0.00477
56	0.00636	0.00510	0.00569	0.00585	0.00723	0.00443	0.00431	0.00781	0.01188	0.01494	0.17554	0.17713	0.51187	0.01310	0.00617	0.00179	0.00268	0.02880	0.00492	0.00440
57	0.02302	0.00873	0.01191	0.00913	0.01310	0.00754	0.00754	0.02501	0.01469	0.79122	0.02024	0.01746	0.01270	0.00635	0.00516	0.00159	0.00437	0.00516	0.00635	0.00873
58	0.01053	0.00998	0.01691	0.58983	0.24626	0.01162	0.01467	0.01385	0.01066	0.01413	0.00927	0.01340	0.00720	0.00497	0.00512	0.00166	0.00663	0.00456	0.00235	0.00638
59	0.01117	0.01068	0.01820	0.41956	0.36509	0.01184	0.04067	0.01474	0.03011	0.01504	0.00969	0.01339	0.00766	0.00490	0.00514	0.00163	0.00651	0.00465	0.00248	0.00687

[dist]
# distance from previous block
# <min> <max>
1	3

[block]
# block no. 6 follows, 48 sequences, length 7
# corresponding to MSA columns:
# 259-265
name=unknown_G
#
# <colnr> <probs for GDERKNQSTAVLIFYWHMCP>
#	G	D	E	R	K	N	Q	S	T	A	V	L	I	F	Y	W	H	M	C	P
0	0.06748	0.31071	0.11473	0.01070	0.01502	0.10873	0.04719	0.01825	0.10854	0.07889	0.01060	0.01127	0.00829	0.00502	0.00421	0.00135	0.00587	0.00371	0.00311	0.06632
1	0.11488	0.00560	0.00584	0.00574	0.00614	0.00580	0.00342	0.00843	0.00762	0.01160	0.01502	0.03038	0.01700	0.71650	0.02321	0.00455	0.00485	0.00687	0.00312	0.00342
2	0.04866	0.15907	0.07162	0.05014	0.16955	0.03697	0.01061	0.15919	0.05400	0.03318	0.01148	0.06572	0.00980	0.00577	0.00464	0.00143	0.00546	0.00467	0.00338	0.09465
3	0.05267	0.00847	0.00959	0.10245	0.01186	0.06972	0.00676	0.03211	0.00897	0.01225	0.01243	0.04794	0.01319	0.37692	0.01760	0.06558	0.13831	0.00600	0.00288	0.00430
4	0.08029	0.04365	0.04769	0.01258	0.14979	0.00884	0.02512	0.01504	0.03867	0.13285	0.03440	0.13985	0.04644	0.00705	0.00489	0.00146	0.00445	0.00607	0.00386	0.19702
5	0.25354	0.04327	0.01225	0.00959	0.01285	0.05714	0.00779	0.29296	0.07920	0.07609	0.01182	0.01300	0.00904	0.04603	0.00582	0.00172	0.02817	0.00423	0.02842	0.00706
6	0.18689	0.15774	0.18652	0.01411	0.11401	0.04712	0.07195	0.09194	0.05259	0.01872	0.00944	0.01086	0.00734	0.00494	0.00440	0.00151	0.00606	0.00385	0.00294	0.00708

[dist]
# distance from previous block
# <min> <max>
1	2

[block]
# block no. 7 follows, 48 sequences, length 9
# corresponding to MSA columns:
# 268-276
name=unknown_H
#
# <colnr> <probs for GDERKNQSTAVLIFYWHMCP>
#	G	D	E	R	K	N	Q	S	T	A	V	L	I	F	Y	W	H	M	C	P
0	0.00652	0.00547	0.00582	0.00585	0.00747	0.00491	0.00437	0.00852	0.05154	0.01406	0.04569	0.10521	0.62994	0.01479	0.06442	0.00224	0.00353	0.01046	0.00464	0.00454
1	0.00824	0.00517	0.00654	0.00651	0.00747	0.00486	0.00465	0.02667	0.01049	0.04006	0.13211	0.16761	0.21147	0.01445	0.02564	0.26671	0.00356	0.00854	0.04526	0.00400
2	0.01195	0.04642	0.21020	0.01018	0.01397	0.00994	0.00991	0.05131	0.19297	0.11585	0.09029	0.09528	0.07518	0.00894	0.03278	0.00190	0.00510	0.00655	0.00433	0.00694
3	0.01356	0.04095	0.21768	0.01716	0.15980	0.09172	0.11800	0.05740	0.07426	0.06939	0.01118	0.01282	0.00847	0.00539	0.00575	0.00160	0.05526	0.00454	0.02770	0.00738
4	0.00876	0.00736	0.01034	0.00918	0.01123	0.00697	0.06961	0.01065	0.01067	0.01477	0.04503	0.15757	0.09406	0.07129	0.00823	0.00199	0.06931	0.18394	0.00387	0.20516
5	0.01141	0.01037	0.04937	0.00943	0.01330	0.00882	0.03747	0.05381	0.04568	0.04227	0.03071	0.03539	0.00999	0.00611	0.02536	0.00134	0.08342	0.00416	0.00333	0.51826
6	0.23131	0.12745	0.08534	0.00969	0.01325	0.05998	0.02510	0.13820	0.06119	0.05160	0.01345	0.05123	0.03718	0.03163	0.00518	0.00168	0.00521	0.04111	0.00368	0.00653
7	0.03289	0.18101	0.14093	0.04118	0.05658	0.03478	0.07850	0.07906	0.04728	0.05584	0.04977	0.03749	0.06432	0.04154	0.01617	0.00177	0.02565	0.00525	0.00333	0.00664
8	0.01183	0.15982	0.04227	0.01360	0.15930	0.07289	0.00950	0.04854	0.01124	0.01503	0.04805	0.04296	0.06069	0.07488	0.00840	0.00184	0.13480	0.00527	0.05906	0.02003

[dist]
# distance from previous block
# <min> <max>
1	37

[block]
# block no. 8 follows, 48 sequences, length 8
# corresponding to MSA columns:
# 314-319,324,325
name=unknown_I
#
# <colnr> <probs for GDERKNQSTAVLIFYWHMCP>
#	G	D	E	R	K	N	Q	S	T	A	V	L	I	F	Y	W	H	M	C	P
0	0.03972	0.01109	0.11964	0.03791	0.06282	0.03241	0.08361	0.03708	0.06744	0.06331	0.05839	0.17740	0.09731	0.00884	0.00553	0.00173	0.00494	0.03770	0.04703	0.00612
1	0.01355	0.01125	0.01240	0.06208	0.09942	0.08236	0.00875	0.16707	0.15706	0.06060	0.01861	0.08146	0.08801	0.00729	0.00513	0.00156	0.00493	0.00604	0.04927	0.06316
2	0.03257	0.06403	0.03603	0.05941	0.11384	0.08525	0.13680	0.11177	0.14276	0.01828	0.01357	0.05480	0.03140	0.00616	0.00551	0.00159	0.03307	0.00535	0.00349	0.04433
3	0.00622	0.00510	0.00548	0.00561	0.00708	0.00436	0.00412	0.00757	0.01171	0.01444	0.12418	0.16017	0.59980	0.01319	0.00613	0.00177	0.00264	0.01122	0.00486	0.00436
4	0.23899	0.01328	0.05306	0.01192	0.06332	0.01373	0.00947	0.39416	0.01741	0.04429	0.01179	0.01362	0.00907	0.00631	0.00517	0.00170	0.02706	0.02516	0.03273	0.00775
5	0.01452	0.20134	0.16660	0.01153	0.01610	0.06364	0.05330	0.09831	0.16734	0.09689	0.01251	0.01280	0.00937	0.00541	0.00463	0.00146	0.00583	0.00424	0.00362	0.05056
6	0.00655	0.00515	0.00606	0.00626	0.00747	0.00477	0.00461	0.00790	0.01077	0.01368	0.08733	0.16250	0.41918	0.06821	0.13571	0.00306	0.00468	0.03741	0.00439	0.00432
7	0.00663	0.00493	0.00618	0.00648	0.00743	0.00448	0.00462	0.00823	0.01212	0.01632	0.34359	0.34524	0.18857	0.01317	0.00625	0.00182	0.00267	0.01166	0.00513	0.00448

[dist]
# distance from previous block
# <min> <max>
6	9

[block]
# block no. 9 follows, 48 sequences, length 63
# corresponding to MSA columns:
# 335-397
name=unknown_J
#
# <colnr> <probs for GDERKNQSTAVLIFYWHMCP>
#	G	D	E	R	K	N	Q	S	T	A	V	L	I	F	Y	W	H	M	C	P
0	0.01221	0.23687	0.27982	0.06111	0.06501	0.07276	0.01255	0.01553	0.01101	0.04049	0.00977	0.03959	0.00816	0.00632	0.03256	0.00163	0.00662	0.00399	0.00257	0.08143
1	0.00797	0.00555	0.00731	0.00721	0.00792	0.00607	0.00513	0.00960	0.03765	0.02708	0.01518	0.02521	0.01519	0.33716	0.42805	0.00637	0.00942	0.00624	0.03146	0.00424
2	0.00939	0.00826	0.07849	0.09348	0.05032	0.00714	0.00833	0.03099	0.02604	0.07951	0.02142	0.43347	0.02307	0.01280	0.03782	0.00218	0.01958	0.04802	0.00419	0.00547
3	0.00696	0.00513	0.00666	0.00696	0.00793	0.00462	0.00490	0.00847	0.01141	0.01583	0.27023	0.49459	0.03627	0.01319	0.00615	0.00182	0.00287	0.01186	0.00490	0.07925
4	0.01247	0.13132	0.01601	0.01430	0.20402	0.01150	0.00937	0.06733	0.10545	0.01768	0.01061	0.01194	0.00864	0.00462	0.00430	0.00117	0.00477	0.00382	0.00320	0.35746
5	0.01484	0.29369	0.16920	0.01258	0.05363	0.01548	0.05906	0.20141	0.03179	0.06913	0.01033	0.01120	0.00787	0.00509	0.00448	0.00141	0.00602	0.00393	0.00331	0.02555
6	0.01568	0.33295	0.02032	0.03464	0.20987	0.06089	0.01044	0.01839	0.04883	0.18455	0.01140	0.01210	0.00876	0.00506	0.00437	0.00137	0.00558	0.00396	0.00337	0.00746
7	0.01116	0.00794	0.00919	0.00824	0.01041	0.00820	0.00635	0.09021	0.22146	0.08993	0.28772	0.10488	0.10407	0.00952	0.00571	0.00170	0.00343	0.00817	0.00537	0.00635
8	0.00632	0.00452	0.00601	0.00710	0.00746	0.00421	0.00477	0.00731	0.01013	0.01358	0.07731	0.76591	0.03487	0.01571	0.00652	0.00205	0.00294	0.01424	0.00482	0.00421
9	0.06591	0.08171	0.10483	0.09311	0.06310	0.02674	0.00971	0.06313	0.16816	0.02717	0.01637	0.18354	0.01547	0.02657	0.00566	0.00179	0.00503	0.03175	0.00379	0.00646
10	0.01211	0.01159	0.01977	0.18263	0.64111	0.01204	0.01546	0.01523	0.01141	0.01605	0.00955	0.01289	0.00788	0.00468	0.00509	0.00156	0.00624	0.00457	0.00249	0.00765
11	0.01034	0.01012	0.01460	0.51111	0.02687	0.06273	0.01250	0.01300	0.00984	0.01279	0.00909	0.01363	0.00747	0.00960	0.09569	0.00252	0.16559	0.00457	0.00235	0.00557
12	0.00750	0.00549	0.00710	0.00706	0.00776	0.00563	0.00510	0.00909	0.01154	0.01640	0.36345	0.25219	0.03487	0.10724	0.00936	0.00217	0.07430	0.00984	0.05939	0.00451
13	0.01186	0.00792	0.01066	0.00917	0.01134	0.04444	0.07494	0.02592	0.01092	0.15592	0.01738	0.27177	0.01723	0.01105	0.00831	0.16393	0.00450	0.00772	0.00402	0.13099
14	0.00671	0.00491	0.00631	0.00662	0.00750	0.00451	0.00471	0.00838	0.01226	0.01675	0.39214	0.36584	0.11816	0.01309	0.00626	0.00182	0.00267	0.01167	0.00519	0.00451
15	0.00774	0.00550	0.00751	0.00859	0.00947	0.00543	0.00702	0.00957	0.01098	0.01437	0.02645	0.22645	0.02956	0.08581	0.00865	0.00253	0.00435	0.52097	0.00459	0.00446
16	0.01372	0.82276	0.02689	0.00878	0.01317	0.02030	0.00878	0.01536	0.01043	0.01207	0.00713	0.00823	0.00658	0.00439	0.00329	0.00110	0.00549	0.00274	0.00219	0.00658
17	0.00639	0.00515	0.00570	0.00570	0.00717	0.00445	0.00422	0.00795	0.01226	0.01554	0.24032	0.11431	0.52761	0.01262	0.00610	0.00173	0.00259	0.01076	0.00499	0.00445
18	0.00792	0.00505	0.00567	0.00552	0.00683	0.00471	0.00414	0.01009	0.01241	0.01855	0.32071	0.03306	0.19342	0.00923	0.00507	0.00147	0.00245	0.00782	0.34116	0.00471
19	0.01284	0.01129	0.01282	0.01124	0.01354	0.01366	0.00896	0.07192	0.54813	0.02002	0.01700	0.01684	0.01311	0.00738	0.00795	0.00185	0.19396	0.00542	0.00451	0.00757
20	0.01248	0.01056	0.01224	0.11543	0.02940	0.04118	0.00821	0.12506	0.08112	0.03290	0.01132	0.01361	0.00913	0.02415	0.00497	0.00127	0.00481	0.01854	0.00351	0.44010
21	0.01415	0.20767	0.23448	0.01181	0.01629	0.05269	0.01194	0.13334	0.09567	0.06851	0.01085	0.01175	0.00829	0.00575	0.00590	0.00155	0.09471	0.00403	0.00326	0.00736
22	0.01800	0.01387	0.01867	0.01394	0.01829	0.01466	0.18835	0.54273	0.02066	0.07979	0.01240	0.01302	0.00877	0.00574	0.00535	0.00159	0.00627	0.00499	0.00462	0.00830
23	0.01447	0.01211	0.01353	0.03022	0.11408	0.04856	0.00938	0.21062	0.36780	0.03801	0.01693	0.01740	0.03057	0.04552	0.00617	0.00179	0.00503	0.00539	0.00458	0.00781
24	0.01661	0.01922	0.01533	0.18597	0.08494	0.49375	0.01133	0.08481	0.01422	0.01478	0.00872	0.01077	0.00697	0.00527	0.00482	0.00144	0.00815	0.00380	0.00278	0.00632
25	0.01747	0.01336	0.01425	0.01139	0.01514	0.01496	0.00926	0.54658	0.25142	0.02906	0.01490	0.01438	0.01082	0.00640	0.00516	0.00160	0.00517	0.00498	0.00516	0.00854
26	0.00923	0.00755	0.00882	0.00978	0.01109	0.07603	0.00841	0.01150	0.01205	0.01511	0.02547	0.05358	0.02750	0.01339	0.00687	0.00227	0.00513	0.68684	0.00454	0.00483
27	0.00956	0.00478	0.00478	0.00478	0.00598	0.00478	0.00359	0.01196	0.01076	0.01913	0.01674	0.01913	0.01315	0.00598	0.00359	0.00120	0.00239	0.00478	0.84816	0.00478
28	0.00746	0.00497	0.00560	0.00560	0.00560	0.00497	0.00311	0.00746	0.00746	0.00995	0.01617	0.03358	0.01865	0.81967	0.02612	0.00497	0.00497	0.00746	0.00311	0.00311
29	0.01276	0.01102	0.01160	0.01044	0.01334	0.01276	0.00812	0.02727	0.77840	0.02146	0.02088	0.01914	0.01566	0.00696	0.00522	0.00174	0.00406	0.00580	0.00522	0.00812
30	0.01270	0.01219	0.02083	0.03149	0.78767	0.01219	0.01575	0.01575	0.01168	0.01676	0.00965	0.01270	0.00813	0.00457	0.00508	0.00152	0.00610	0.00457	0.00254	0.00813
31	0.21837	0.01018	0.01160	0.00912	0.01293	0.01020	0.00753	0.17667	0.01523	0.45362	0.01552	0.01425	0.01020	0.00594	0.00469	0.00158	0.00454	0.00449	0.00535	0.00798
32	0.00733	0.00550	0.00825	0.00825	0.00916	0.00641	0.00641	0.00916	0.00825	0.01191	0.01374	0.02016	0.01283	0.03848	0.79934	0.00825	0.01374	0.00550	0.00275	0.00458
33	0.01511	0.01107	0.01210	0.01040	0.01361	0.01234	0.00823	0.11475	0.57364	0.13930	0.01977	0.01808	0.01439	0.00677	0.00520	0.00169	0.00429	0.00556	0.00538	0.00829
34	0.01111	0.01104	0.01609	0.07004	0.05241	0.01495	0.02878	0.01258	0.00832	0.01270	0.00730	0.01175	0.00698	0.00912	0.03450	0.00231	0.67743	0.00456	0.00228	0.00574
35	0.00755	0.00577	0.00862	0.07863	0.01113	0.00671	0.00678	0.00934	0.00835	0.01182	0.01357	0.02091	0.01287	0.11240	0.65305	0.00735	0.01227	0.00561	0.00274	0.00454
36	0.01421	0.00867	0.01005	0.00869	0.01143	0.00878	0.00682	0.09879	0.22362	0.23604	0.05240	0.11378	0.14971	0.00887	0.00549	0.00170	0.00385	0.00745	0.02259	0.00708
37	0.01025	0.02541	0.74270	0.06599	0.02306	0.01188	0.01865	0.01605	0.01080	0.01605	0.00920	0.01102	0.00652	0.00489	0.00489	0.00163	0.00753	0.00384	0.00217	0.00746
38	0.85592	0.00992	0.00754	0.00675	0.00992	0.01151	0.00556	0.01508	0.00873	0.02302	0.00714	0.00834	0.00556	0.00476	0.00318	0.00159	0.00397	0.00278	0.00318	0.00556
39	0.01248	0.01047	0.01100	0.00994	0.01269	0.01206	0.00772	0.02591	0.71053	0.02126	0.02052	0.01914	0.01544	0.00687	0.00508	0.00169	0.00391	0.00571	0.07974	0.00783
40	0.85592	0.00992	0.00754	0.00675	0.00992	0.01151	0.00556	0.01508	0.00873	0.02302	0.00714	0.00834	0.00556	0.00476	0.00318	0.00159	0.00397	0.00278	0.00318	0.00556
41	0.01951	0.01437	0.01540	0.01181	0.01591	0.01591	0.00975	0.77056	0.02412	0.03234	0.01232	0.01232	0.00873	0.00616	0.00513	0.00154	0.00565	0.00462	0.00513	0.00873
