[name]
unknown

[dist]
# distance from previous block
# <min> <max>
2	132

[block]
# block no. 0 follows, 49 sequences, length 21
# corresponding to MSA columns:
# 132-152
name=unknown_A
#
# <colnr> <probs for GDERKNQSTAVLIFYWHMCP>
#	G	D	E	R	K	N	Q	S	T	A	V	L	I	F	Y	W	H	M	C	P
0	0.04492	0.01749	0.35608	0.08480	0.01962	0.01108	0.05616	0.11788	0.01235	0.01827	0.00945	0.01116	0.00703	0.00471	0.00461	0.00140	0.00617	0.00383	0.00281	0.21019
1	0.06334	0.00962	0.01204	0.01076	0.08331	0.00882	0.00794	0.11991	0.01358	0.25272	0.01418	0.01680	0.01095	0.00582	0.00469	0.00135	0.00445	0.06886	0.00436	0.28650
2	0.01115	0.01170	0.08757	0.55353	0.03024	0.01203	0.08670	0.11691	0.01219	0.01609	0.00954	0.01306	0.00705	0.00509	0.00512	0.00166	0.00682	0.00457	0.00265	0.00631
3	0.01902	0.02007	0.01467	0.01246	0.01565	0.48322	0.00971	0.32573	0.01816	0.02028	0.00957	0.01034	0.00736	0.00556	0.00476	0.00139	0.00768	0.00378	0.00360	0.00697
4	0.01112	0.00821	0.00978	0.00770	0.01104	0.00708	0.00608	0.03693	0.08639	0.08917	0.23085	0.01964	0.02008	0.00620	0.00467	0.00118	0.00349	0.00523	0.00429	0.43089
5	0.00688	0.00497	0.00629	0.00707	0.00774	0.00473	0.00517	0.00803	0.01003	0.01302	0.02876	0.35966	0.13981	0.16569	0.01013	0.00261	0.00370	0.20724	0.00438	0.00408
6	0.01520	0.06862	0.23872	0.01029	0.01476	0.00989	0.01038	0.01979	0.11674	0.32022	0.01767	0.01772	0.05761	0.05241	0.00611	0.00176	0.00518	0.00508	0.00436	0.00748
7	0.09350	0.01179	0.01421	0.10648	0.08356	0.01269	0.00981	0.39091	0.01776	0.19010	0.01275	0.01306	0.00888	0.00573	0.00489	0.00155	0.00532	0.00449	0.00459	0.00792
8	0.00813	0.00579	0.00631	0.00598	0.00673	0.00574	0.00383	0.07702	0.00977	0.01267	0.02342	0.03464	0.18849	0.56839	0.01947	0.00389	0.00444	0.00784	0.00361	0.00383
9	0.08753	0.00926	0.00967	0.00848	0.01084	0.07992	0.00659	0.09752	0.02619	0.24389	0.04365	0.10469	0.01646	0.11859	0.00790	0.00208	0.00463	0.06331	0.05258	0.00620
10	0.01447	0.09701	0.08549	0.01334	0.01715	0.20137	0.16887	0.09766	0.11782	0.04743	0.01151	0.01298	0.00894	0.00806	0.07359	0.00207	0.00761	0.00454	0.00327	0.00683
11	0.01717	0.01006	0.01395	0.01084	0.01424	0.00989	0.11127	0.22905	0.01560	0.32195	0.01676	0.08961	0.01318	0.07707	0.00707	0.00189	0.00512	0.00609	0.02181	0.00740
12	0.00760	0.00619	0.00969	0.00847	0.01006	0.00573	0.10902	0.00995	0.01312	0.01827	0.53026	0.16662	0.06390	0.01052	0.00605	0.00169	0.00332	0.00965	0.00498	0.00492
13	0.07713	0.01127	0.01482	0.01356	0.08122	0.11742	0.15192	0.06265	0.01136	0.04074	0.01225	0.07050	0.01103	0.01546	0.23540	0.00351	0.04593	0.01481	0.00309	0.00592
14	0.03755	0.12738	0.01557	0.01165	0.01482	0.49465	0.00922	0.10536	0.01475	0.10959	0.00966	0.01029	0.00745	0.00531	0.00447	0.00134	0.00752	0.00354	0.00328	0.00658
15	0.00986	0.00648	0.00812	0.00783	0.00935	0.00659	0.00607	0.01328	0.11899	0.10471	0.13902	0.03429	0.07890	0.15780	0.11765	0.00324	0.00528	0.16278	0.00450	0.00527
16	0.00659	0.00503	0.00558	0.00558	0.00662	0.00453	0.00385	0.00769	0.01076	0.01375	0.17575	0.08847	0.39045	0.23989	0.01155	0.00260	0.00321	0.00968	0.00440	0.00401
17	0.01298	0.64480	0.02265	0.00881	0.01244	0.08519	0.00821	0.01448	0.01054	0.01208	0.00993	0.11837	0.01015	0.00597	0.00379	0.00123	0.00539	0.00434	0.00255	0.00611
18	0.63127	0.01044	0.01081	0.01269	0.19912	0.01162	0.00802	0.03485	0.00971	0.02143	0.00777	0.00936	0.00617	0.00468	0.00363	0.00155	0.00446	0.00321	0.00303	0.00617
19	0.01076	0.00940	0.01185	0.01069	0.11779	0.00746	0.00729	0.01311	0.01063	0.01648	0.00906	0.01076	0.00756	0.00385	0.00392	0.00085	0.00405	0.00320	0.00293	0.73837
20	0.00711	0.00550	0.00652	0.00620	0.00766	0.00508	0.00467	0.00985	0.05943	0.01822	0.50724	0.04011	0.28191	0.01092	0.00592	0.00164	0.00254	0.00943	0.00526	0.00481

[dist]
# distance from previous block
# <min> <max>
0	2

[block]
# block no. 1 follows, 49 sequences, length 75
# corresponding to MSA columns:
# 155-213,220-235
name=unknown_B
#
# <colnr> <probs for GDERKNQSTAVLIFYWHMCP>
#	G	D	E	R	K	N	Q	S	T	A	V	L	I	F	Y	W	H	M	C	P
0	0.01252	0.01082	0.01180	0.01126	0.05383	0.01237	0.00831	0.04134	0.70267	0.02091	0.02073	0.01927	0.03766	0.00690	0.00516	0.00170	0.00410	0.00577	0.00499	0.00791
1	0.00933	0.00490	0.00704	0.00685	0.00706	0.00498	0.00467	0.04686	0.00749	0.01000	0.00896	0.01520	0.00877	0.01696	0.01899	0.80820	0.00445	0.00440	0.00235	0.00253
2	0.00796	0.00591	0.00598	0.00591	0.00605	0.04674	0.00342	0.00803	0.00772	0.00994	0.01551	0.03183	0.01776	0.77941	0.02463	0.00471	0.00512	0.00714	0.00304	0.00321
3	0.00981	0.00927	0.01555	0.72666	0.08681	0.01144	0.01404	0.01307	0.01012	0.01314	0.00894	0.01333	0.00683	0.00516	0.00547	0.00169	0.03612	0.00449	0.00226	0.00578
4	0.04182	0.05382	0.69763	0.05567	0.02179	0.01200	0.01758	0.01578	0.01055	0.01595	0.00892	0.01064	0.00639	0.00480	0.00470	0.00159	0.00723	0.00370	0.00218	0.00727
5	0.01473	0.01295	0.05641	0.06872	0.20407	0.01328	0.01132	0.32482	0.16863	0.02353	0.04113	0.01451	0.01100	0.00587	0.00508	0.00157	0.00542	0.00489	0.00414	0.00794
6	0.00656	0.00543	0.00578	0.00564	0.00731	0.00481	0.00425	0.00874	0.05250	0.01537	0.19649	0.04493	0.60042	0.01200	0.00593	0.00168	0.00260	0.01011	0.00489	0.00457
7	0.00716	0.00517	0.00676	0.00636	0.00755	0.00477	0.00477	0.00954	0.01431	0.02028	0.78808	0.03777	0.04771	0.01034	0.00596	0.00159	0.00239	0.00914	0.00557	0.00477
8	0.01019	0.02372	0.68264	0.01544	0.08950	0.01138	0.01762	0.01561	0.01096	0.01630	0.05297	0.01237	0.00887	0.00509	0.00489	0.00159	0.00706	0.00411	0.00236	0.00737
9	0.01049	0.00899	0.01049	0.00749	0.01198	0.00674	0.00599	0.01273	0.01049	0.01648	0.00899	0.01049	0.00749	0.00374	0.00374	0.00075	0.00374	0.00300	0.00300	0.85320
10	0.01889	0.02410	0.01433	0.01303	0.01563	0.80199	0.00977	0.02019	0.01433	0.01238	0.00782	0.00912	0.00651	0.00521	0.00456	0.00130	0.00912	0.00326	0.00261	0.00586
11	0.01144	0.01268	0.02682	0.18383	0.02816	0.01247	0.61615	0.01552	0.01156	0.01552	0.00997	0.01361	0.00748	0.00443	0.00578	0.00170	0.00816	0.00566	0.00249	0.00657
12	0.01218	0.01429	0.12127	0.02487	0.40227	0.01219	0.27991	0.01614	0.02388	0.02872	0.01005	0.01285	0.00788	0.00452	0.00532	0.00159	0.00701	0.00495	0.00258	0.00754
13	0.01298	0.01255	0.01859	0.02400	0.49012	0.05398	0.05599	0.04527	0.14788	0.01738	0.01132	0.01341	0.00915	0.00529	0.00583	0.00159	0.05920	0.00473	0.00305	0.00769
14	0.00888	0.00765	0.01307	0.01110	0.01307	0.00823	0.16720	0.04716	0.02331	0.01380	0.01291	0.01818	0.01146	0.02880	0.58332	0.00635	0.01194	0.00550	0.00283	0.00525
15	0.01519	0.01366	0.01205	0.00956	0.01339	0.24184	0.00750	0.05661	0.01290	0.12885	0.01040	0.01114	0.00799	0.00466	0.00425	0.00107	0.00551	0.00346	0.00346	0.43652
16	0.00878	0.00439	0.00659	0.00659	0.00659	0.00439	0.00439	0.00659	0.00659	0.00878	0.00878	0.01537	0.00878	0.01757	0.01976	0.85288	0.00439	0.00439	0.00220	0.00220
17	0.00722	0.00542	0.00813	0.00813	0.00903	0.00632	0.00632	0.00903	0.00813	0.01174	0.01354	0.01987	0.01264	0.03792	0.80225	0.00813	0.01354	0.00542	0.00271	0.00451
18	0.01106	0.01106	0.01549	0.01328	0.01328	0.01549	0.01106	0.01217	0.00774	0.01217	0.00664	0.01106	0.00664	0.00885	0.01659	0.00221	0.81303	0.00443	0.00221	0.00553
19	0.01165	0.01566	0.15320	0.02020	0.02570	0.01262	0.65103	0.01617	0.01173	0.01617	0.01004	0.01316	0.00747	0.00435	0.00578	0.00169	0.00836	0.00561	0.00249	0.00693
20	0.01155	0.01174	0.03468	0.27433	0.34120	0.01203	0.19295	0.03168	0.01143	0.01564	0.00957	0.01304	0.00751	0.00466	0.00525	0.00161	0.00685	0.00483	0.00249	0.00698
21	0.00728	0.00494	0.00585	0.00591	0.00603	0.00504	0.00354	0.00754	0.00756	0.01019	0.01623	0.07018	0.01842	0.68680	0.11960	0.00516	0.00586	0.00746	0.00310	0.00329
22	0.01000	0.00981	0.01685	0.70383	0.03350	0.02619	0.10184	0.01344	0.01040	0.01329	0.00911	0.01342	0.00684	0.00497	0.00515	0.00168	0.00699	0.00464	0.00229	0.00576
23	0.00955	0.00899	0.01517	0.81013	0.03483	0.01123	0.01404	0.01292	0.01011	0.01292	0.00899	0.01348	0.00674	0.00506	0.00506	0.00169	0.00674	0.00449	0.00225	0.00562
24	0.00716	0.00517	0.00676	0.00636	0.00755	0.00477	0.00477	0.00954	0.01431	0.02028	0.78808	0.03777	0.04771	0.01034	0.00596	0.00159	0.00239	0.00914	0.00557	0.00477
25	0.01049	0.00899	0.01049	0.00749	0.01198	0.00674	0.00599	0.01273	0.01049	0.01648	0.00899	0.01049	0.00749	0.00374	0.00374	0.00075	0.00374	0.00300	0.00300	0.85320
26	0.01293	0.01104	0.01163	0.01036	0.01328	0.01274	0.00809	0.06620	0.74171	0.02172	0.02014	0.01851	0.01508	0.00682	0.00514	0.00170	0.00408	0.00566	0.00514	0.00804
27	0.00604	0.00513	0.00521	0.00519	0.00687	0.00430	0.00389	0.00738	0.01168	0.01403	0.09209	0.04806	0.74759	0.01267	0.00598	0.00170	0.00255	0.01059	0.00474	0.00430
28	0.01352	0.82533	0.02650	0.00865	0.01298	0.02001	0.00865	0.01514	0.01027	0.01190	0.00703	0.00811	0.00649	0.00433	0.00324	0.00108	0.00541	0.00270	0.00216	0.00649
29	0.01181	0.01451	0.08320	0.02083	0.02611	0.01272	0.71989	0.01618	0.01185	0.01618	0.01015	0.01343	0.00758	0.00430	0.00589	0.00170	0.00845	0.00581	0.00253	0.00687
30	0.00943	0.00471	0.00471	0.00471	0.00589	0.00471	0.00353	0.01178	0.01060	0.01885	0.01650	0.01885	0.01296	0.00589	0.00353	0.00118	0.00236	0.00471	0.85036	0.00471
31	0.00747	0.00671	0.05265	0.00860	0.00985	0.00683	0.00712	0.00949	0.00826	0.01199	0.01314	0.01915	0.01216	0.03541	0.73979	0.00763	0.03108	0.00530	0.00267	0.00470
32	0.01269	0.01082	0.01142	0.01019	0.01306	0.01244	0.00795	0.06299	0.71689	0.02152	0.03359	0.01941	0.03026	0.00699	0.00517	0.00170	0.00402	0.00581	0.00514	0.00791
33	0.01333	0.78034	0.06982	0.00898	0.01348	0.01954	0.00922	0.01519	0.01030	0.01213	0.00715	0.00826	0.00648	0.00435	0.00333	0.00111	0.00552	0.00276	0.00216	0.00654
34	0.01352	0.82533	0.02650	0.00865	0.01298	0.02001	0.00865	0.01514	0.01027	0.01190	0.00703	0.00811	0.00649	0.00433	0.00324	0.00108	0.00541	0.00270	0.00216	0.00649
35	0.01697	0.00805	0.01180	0.01011	0.05048	0.00727	0.05020	0.01919	0.01373	0.48144	0.19618	0.02171	0.02017	0.00909	0.05794	0.00201	0.00479	0.00607	0.00547	0.00732
36	0.00873	0.00546	0.00711	0.00652	0.00796	0.00502	0.00495	0.01108	0.01412	0.09247	0.67356	0.03480	0.04250	0.00971	0.00575	0.00157	0.00256	0.00852	0.05249	0.00513
37	0.00943	0.00471	0.00471	0.00471	0.00589	0.00471	0.00353	0.01178	0.01060	0.01885	0.01650	0.01885	0.01296	0.00589	0.00353	0.00118	0.00236	0.00471	0.85036	0.00471
38	0.00928	0.00803	0.01287	0.41541	0.02316	0.00880	0.07771	0.01191	0.01083	0.05185	0.02227	0.02584	0.22472	0.04029	0.00629	0.00184	0.00547	0.03479	0.00327	0.00536
39	0.00774	0.00563	0.00731	0.00675	0.00706	0.00577	0.04612	0.00807	0.00764	0.01030	0.01521	0.03082	0.01719	0.72409	0.04716	0.00472	0.03491	0.00711	0.00299	0.00341
40	0.01014	0.02616	0.79609	0.01441	0.02189	0.01174	0.01868	0.01601	0.01068	0.01601	0.00907	0.01068	0.00641	0.00480	0.00480	0.00160	0.00747	0.00374	0.00214	0.00747
41	0.02269	0.00861	0.01174	0.00900	0.01291	0.00743	0.00743	0.02464	0.01447	0.79425	0.01995	0.01721	0.01252	0.00626	0.00509	0.00156	0.00430	0.00509	0.00626	0.00861
42	0.01502	0.55419	0.02225	0.00999	0.01375	0.24513	0.00894	0.01718	0.04943	0.01249	0.00792	0.00893	0.00694	0.00471	0.00372	0.00118	0.00641	0.00301	0.00244	0.00638
43	0.01249	0.01362	0.06376	0.01872	0.02341	0.04339	0.58392	0.01638	0.01211	0.06723	0.01224	0.01754	0.00986	0.00535	0.00589	0.00173	0.00786	0.07478	0.00298	0.00673
44	0.01194	0.01364	0.02984	0.02131	0.02643	0.01279	0.77238	0.01620	0.01194	0.01620	0.01023	0.01364	0.00767	0.00426	0.00597	0.00171	0.00853	0.00597	0.00256	0.00682
45	0.00743	0.00487	0.00557	0.00557	0.00557	0.00487	0.00314	0.00731	0.00731	0.00975	0.01554	0.03211	0.01785	0.77765	0.02541	0.05193	0.00487	0.00719	0.00302	0.00302
46	0.01087	0.01034	0.01755	0.46293	0.37171	0.01158	0.01470	0.01408	0.01074	0.01452	0.00922	0.01305	0.00731	0.00481	0.00503	0.00160	0.00641	0.00450	0.00236	0.00668
47	0.00955	0.00899	0.01517	0.81013	0.03483	0.01123	0.01404	0.01292	0.01011	0.01292	0.00899	0.01348	0.00674	0.00506	0.00506	0.00169	0.00674	0.00449	0.00225	0.00562
48	0.01352	0.82533	0.02650	0.00865	0.01298	0.02001	0.00865	0.01514	0.01027	0.01190	0.00703	0.00811	0.00649	0.00433	0.00324	0.00108	0.00541	0.00270	0.00216	0.00649
49	0.01066	0.01016	0.01705	0.49470	0.29614	0.01175	0.01439	0.01378	0.01047	0.01413	0.00904	0.01301	0.00718	0.00508	0.00569	0.00165	0.05188	0.00449	0.00233	0.00644
50	0.00803	0.00612	0.00898	0.01019	0.04873	0.00599	0.03557	0.01015	0.01130	0.01477	0.02689	0.18533	0.07080	0.01341	0.00670	0.00218	0.00445	0.52114	0.00448	0.00478
51	0.00711	0.00513	0.00672	0.00640	0.00754	0.00474	0.00477	0.00942	0.01409	0.01992	0.75064	0.07624	0.04701	0.01061	0.00599	0.00161	0.00241	0.00940	0.00552	0.00474
52	0.01322	0.75413	0.09506	0.00917	0.01377	0.01927	0.00955	0.01522	0.01031	0.01226	0.00721	0.00834	0.00648	0.00437	0.00338	0.00113	0.00559	0.00280	0.00216	0.00658
53	0.01863	0.06783	0.01513	0.01259	0.01549	0.64928	0.00969	0.12409	0.01541	0.01504	0.00837	0.00948	0.00680	0.00528	0.00455	0.00132	0.00842	0.00340	0.00292	0.00628
54	0.01043	0.05710	0.67836	0.01450	0.02129	0.01235	0.05965	0.01577	0.01056	0.01564	0.00892	0.01076	0.00649	0.00498	0.00547	0.00162	0.05280	0.00386	0.00216	0.00729
55	0.00608	0.00513	0.00526	0.00523	0.00689	0.00431	0.00392	0.00745	0.01176	0.01422	0.11397	0.04774	0.72560	0.01260	0.00598	0.00170	0.00255	0.01054	0.00477	0.00431
56	0.00656	0.00471	0.00622	0.00677	0.00742	0.00437	0.00472	0.00804	0.01154	0.01586	0.33219	0.50626	0.03916	0.01364	0.00626	0.00187	0.00271	0.01228	0.00504	0.00437
57	0.01908	0.01861	0.01448	0.01220	0.01545	0.43023	0.02506	0.24242	0.04419	0.11346	0.01106	0.01143	0.00820	0.00563	0.00482	0.00142	0.00730	0.00400	0.00386	0.00710
58	0.00599	0.00508	0.00516	0.00523	0.00686	0.00426	0.00389	0.00725	0.01142	0.01362	0.04993	0.09139	0.74680	0.01297	0.00600	0.00173	0.00258	0.01088	0.00470	0.00426
59	0.00616	0.00440	0.00587	0.00704	0.00733	0.00411	0.00469	0.00704	0.00968	0.01291	0.02787	0.81899	0.03344	0.01584	0.00645	0.00205	0.00293	0.01438	0.00469	0.00411
60	0.00955	0.00899	0.01517	0.81013	0.03483	0.01123	0.01404	0.01292	0.01011	0.01292	0.00899	0.01348	0.00674	0.00506	0.00506	0.00169	0.00674	0.00449	0.00225	0.00562
61	0.03628	0.01214	0.02491	0.01836	0.02265	0.01155	0.59851	0.04259	0.01202	0.01656	0.01298	0.10019	0.01155	0.00610	0.00596	0.00177	0.00748	0.04896	0.00301	0.00644
62	0.00955	0.00899	0.01517	0.81013	0.03483	0.01123	0.01404	0.01292	0.01011	0.01292	0.00899	0.01348	0.00674	0.00506	0.00506	0.00169	0.00674	0.00449	0.00225	0.00562
63	0.00735	0.00490	0.00552	0.00552	0.00552	0.00490	0.00306	0.00735	0.00735	0.00980	0.01593	0.03309	0.01838	0.82229	0.02574	0.00490	0.00490	0.00735	0.00306	0.00306
64	0.01014	0.02616	0.79609	0.01441	0.02189	0.01174	0.01868	0.01601	0.01068	0.01601	0.00907	0.01068	0.00641	0.00480	0.00480	0.00160	0.00747	0.00374	0.00214	0.00747
65	0.01352	0.82533	0.02650	0.00865	0.01298	0.02001	0.00865	0.01514	0.01027	0.01190	0.00703	0.00811	0.00649	0.00433	0.00324	0.00108	0.00541	0.00270	0.00216	0.00649
66	0.00943	0.00471	0.00471	0.00471	0.00589	0.00471	0.00353	0.01178	0.01060	0.01885	0.01650	0.01885	0.01296	0.00589	0.00353	0.00118	0.00236	0.00471	0.85036	0.00471
67	0.00968	0.00780	0.00898	0.00843	0.01038	0.00839	0.00658	0.01739	0.35891	0.01995	0.34177	0.03166	0.04755	0.00923	0.00571	0.00173	0.00337	0.09103	0.00526	0.00620
68	0.00779	0.00546	0.00735	0.00796	0.00861	0.00556	0.00588	0.00898	0.01012	0.05653	0.02624	0.56459	0.05689	0.01431	0.00734	0.00207	0.07533	0.11987	0.00455	0.00457
69	0.00722	0.00542	0.00813	0.00813	0.00903	0.00632	0.00632	0.00903	0.00813	0.01174	0.01354	0.01987	0.01264	0.03792	0.80225	0.00813	0.01354	0.00542	0.00271	0.00451
70	0.01014	0.02616	0.79609	0.01441	0.02189	0.01174	0.01868	0.01601	0.01068	0.01601	0.00907	0.01068	0.00641	0.00480	0.00480	0.00160	0.00747	0.00374	0.00214	0.00747
71	0.01925	0.00996	0.01478	0.01133	0.01524	0.00935	0.13005	0.10186	0.05593	0.50465	0.01798	0.01840	0.01240	0.00638	0.00533	0.00163	0.00511	0.04689	0.00539	0.00807
72	0.01049	0.00899	0.01049	0.00749	0.01198	0.00674	0.00599	0.01273	0.01049	0.01648	0.00899	0.01049	0.00749	0.00374	0.00374	0.00075	0.00374	0.00300	0.00300	0.85320
73	0.01352	0.82533	0.02650	0.00865	0.01298	0.02001	0.00865	0.01514	0.01027	0.01190	0.00703	0.00811	0.00649	0.00433	0.00324	0.00108	0.00541	0.00270	0.00216	0.00649
74	0.01088	0.01085	0.01511	0.01298	0.01304	0.01508	0.01080	0.01199	0.00788	0.01222	0.00827	0.01244	0.03524	0.00900	0.01621	0.00219	0.78339	0.00465	0.00230	0.00549

[dist]
# distance from previous block
# <min> <max>
0	1

[block]
# block no. 2 follows, 49 sequences, length 20
# corresponding to MSA columns:
# 238-255,281,282
name=unknown_C
#
# <colnr> <probs for GDERKNQSTAVLIFYWHMCP>
#	G	D	E	R	K	N	Q	S	T	A	V	L	I	F	Y	W	H	M	C	P
0	0.00972	0.01299	0.21443	0.13286	0.06860	0.00970	0.05233	0.01517	0.13727	0.01739	0.21171	0.02167	0.06083	0.00697	0.00533	0.00163	0.00520	0.00610	0.00370	0.00642
1	0.01252	0.01201	0.02053	0.03104	0.79074	0.01201	0.01552	0.01552	0.01151	0.01652	0.00951	0.01252	0.00801	0.00451	0.00501	0.00150	0.00601	0.00451	0.00250	0.00801
2	0.00943	0.00471	0.00471	0.00471	0.00589	0.00471	0.00353	0.01178	0.01060	0.01885	0.01650	0.01885	0.01296	0.00589	0.00353	0.00118	0.00236	0.00471	0.85036	0.00471
3	0.01137	0.00993	0.01574	0.22879	0.36257	0.01061	0.01243	0.01548	0.09545	0.04980	0.08076	0.05937	0.01356	0.00611	0.00520	0.00161	0.00542	0.00560	0.00327	0.00691
4	0.03559	0.11795	0.05745	0.00853	0.01308	0.01002	0.00750	0.10939	0.01209	0.01797	0.00908	0.01033	0.00738	0.00420	0.00389	0.00096	0.00441	0.00319	0.00310	0.56388
5	0.00653	0.00497	0.00605	0.00675	0.00756	0.00465	0.00469	0.00832	0.05390	0.01388	0.06759	0.56106	0.20664	0.01439	0.00625	0.00193	0.00288	0.01280	0.00476	0.00439
6	0.00719	0.00540	0.00758	0.00955	0.08710	0.00521	0.00599	0.00834	0.00980	0.01314	0.02436	0.54807	0.02844	0.11712	0.00882	0.00239	0.00370	0.09910	0.00426	0.00444
7	0.01186	0.43356	0.40377	0.01148	0.01735	0.01596	0.01357	0.01557	0.01047	0.01392	0.00803	0.00937	0.00645	0.00456	0.00401	0.00134	0.00642	0.00321	0.00215	0.00697
8	0.01265	0.01129	0.01998	0.01518	0.01902	0.01128	0.38104	0.03603	0.20165	0.09629	0.01546	0.01704	0.03520	0.00909	0.09254	0.00239	0.00727	0.00587	0.00371	0.00700
9	0.00722	0.00542	0.00813	0.00813	0.00903	0.00632	0.00632	0.00903	0.00813	0.01174	0.01354	0.01987	0.01264	0.03792	0.80225	0.00813	0.01354	0.00542	0.00271	0.00451
10	0.01094	0.02322	0.59103	0.10161	0.02310	0.07793	0.07092	0.01604	0.01101	0.01538	0.00904	0.01106	0.00654	0.00483	0.00489	0.00159	0.00761	0.00394	0.00222	0.00709
11	0.01230	0.01184	0.02042	0.02994	0.73848	0.01180	0.04315	0.01528	0.01147	0.01640	0.01010	0.03730	0.00878	0.00484	0.00509	0.00153	0.00601	0.00486	0.00257	0.00785
12	0.02269	0.00861	0.01174	0.00900	0.01291	0.00743	0.00743	0.02464	0.01447	0.79425	0.01995	0.01721	0.01252	0.00626	0.00509	0.00156	0.00430	0.00509	0.00626	0.00861
13	0.01827	0.01180	0.09767	0.01025	0.01430	0.01026	0.00908	0.11783	0.21368	0.41413	0.01795	0.01629	0.01212	0.00623	0.00507	0.00160	0.00473	0.00504	0.00537	0.00833
14	0.09669	0.11169	0.63196	0.01300	0.01968	0.01260	0.01625	0.01580	0.01042	0.01624	0.00864	0.01015	0.00632	0.00474	0.00446	0.00154	0.00689	0.00352	0.00224	0.00716
15	0.01835	0.05569	0.01490	0.01281	0.01542	0.70955	0.00978	0.04529	0.01420	0.01301	0.00788	0.00926	0.00659	0.00536	0.00504	0.00134	0.04356	0.00333	0.00265	0.00597
16	0.00878	0.00439	0.00659	0.00659	0.00659	0.00439	0.00439	0.00659	0.00659	0.00878	0.00878	0.01537	0.00878	0.01757	0.01976	0.85288	0.00439	0.00439	0.00220	0.00220
17	0.00735	0.00490	0.00552	0.00552	0.00552	0.00490	0.00306	0.00735	0.00735	0.00980	0.01593	0.03309	0.01838	0.82229	0.02574	0.00490	0.00490	0.00735	0.00306	0.00306
18	0.00865	0.00759	0.04938	0.00668	0.00910	0.00633	0.00557	0.09282	0.03717	0.05326	0.04223	0.04019	0.60004	0.01114	0.00574	0.00167	0.00328	0.00921	0.00469	0.00524
19	0.01219	0.01168	0.01994	0.11605	0.70826	0.01193	0.01536	0.01524	0.01136	0.01613	0.00945	0.01262	0.00787	0.00457	0.00501	0.00152	0.00609	0.00450	0.00248	0.00775

[dist]
# distance from previous block
# <min> <max>
0	2

[block]
# block no. 3 follows, 49 sequences, length 40
# corresponding to MSA columns:
# 285-288,291-326
name=unknown_D
#
# <colnr> <probs for GDERKNQSTAVLIFYWHMCP>
#	G	D	E	R	K	N	Q	S	T	A	V	L	I	F	Y	W	H	M	C	P
0	0.00809	0.00680	0.00859	0.00849	0.00952	0.06519	0.00658	0.00986	0.00859	0.01179	0.01312	0.01907	0.01219	0.03550	0.74323	0.00762	0.01322	0.00526	0.00270	0.00461
1	0.85801	0.00978	0.00743	0.00665	0.00978	0.01134	0.00548	0.01486	0.00861	0.02269	0.00704	0.00821	0.00548	0.00469	0.00313	0.00156	0.00391	0.00274	0.00313	0.00548
2	0.01352	0.82533	0.02650	0.00865	0.01298	0.02001	0.00865	0.01514	0.01027	0.01190	0.00703	0.00811	0.00649	0.00433	0.00324	0.00108	0.00541	0.00270	0.00216	0.00649
3	0.00616	0.00440	0.00587	0.00704	0.00733	0.00411	0.00469	0.00704	0.00968	0.01291	0.02787	0.81899	0.03344	0.01584	0.00645	0.00205	0.00293	0.01438	0.00469	0.00411
4	0.85801	0.00978	0.00743	0.00665	0.00978	0.01134	0.00548	0.01486	0.00861	0.02269	0.00704	0.00821	0.00548	0.00469	0.00313	0.00156	0.00391	0.00274	0.00313	0.00548
5	0.62053	0.00905	0.00812	0.00711	0.01007	0.01005	0.00577	0.01568	0.00947	0.14621	0.01000	0.01156	0.00769	0.03791	0.07080	0.00223	0.00481	0.00351	0.00360	0.00581
6	0.00767	0.00587	0.00840	0.00831	0.00937	0.00684	0.00646	0.01050	0.07209	0.01252	0.01413	0.01978	0.01287	0.03536	0.73634	0.00760	0.01276	0.00544	0.00291	0.00480
7	0.21167	0.00908	0.01073	0.00858	0.01222	0.00880	0.00704	0.02263	0.08420	0.54721	0.01707	0.01532	0.01119	0.00596	0.00465	0.00158	0.00419	0.00461	0.00544	0.00784
8	0.01805	0.02182	0.01529	0.01463	0.07999	0.65417	0.03830	0.03300	0.03297	0.03347	0.00874	0.01007	0.00709	0.00520	0.00468	0.00135	0.00853	0.00359	0.00279	0.00625
9	0.02167	0.00861	0.01158	0.00894	0.01270	0.00758	0.00736	0.05145	0.01481	0.72152	0.06390	0.01821	0.01440	0.00649	0.00513	0.00156	0.00424	0.00530	0.00617	0.00838
10	0.01211	0.01168	0.02002	0.02914	0.71402	0.01160	0.04611	0.01507	0.01153	0.01634	0.01194	0.01464	0.05296	0.00497	0.00510	0.00152	0.00591	0.00492	0.00263	0.00775
11	0.01573	0.05858	0.04553	0.01037	0.01393	0.01256	0.00867	0.16497	0.41540	0.17177	0.01762	0.01633	0.01271	0.00637	0.00499	0.00161	0.00458	0.00512	0.00505	0.00812
12	0.02151	0.00826	0.01111	0.00862	0.01229	0.00719	0.00709	0.02350	0.01413	0.72541	0.01964	0.01736	0.01256	0.00623	0.00495	0.00153	0.00413	0.00505	0.08119	0.00826
13	0.00720	0.00537	0.00795	0.00798	0.00882	0.00620	0.00613	0.00890	0.00813	0.01168	0.01401	0.04013	0.01342	0.07443	0.74602	0.00783	0.01288	0.00573	0.00277	0.00444
14	0.00815	0.00582	0.00815	0.00931	0.01048	0.00582	0.00815	0.01048	0.01164	0.01513	0.02677	0.05704	0.02910	0.01397	0.00698	0.00233	0.00466	0.75671	0.00466	0.00466
15	0.01252	0.01201	0.02053	0.03104	0.79074	0.01201	0.01552	0.01552	0.01151	0.01652	0.00951	0.01252	0.00801	0.00451	0.00501	0.00150	0.00601	0.00451	0.00250	0.00801
16	0.01194	0.01364	0.02984	0.02131	0.02643	0.01279	0.77238	0.01620	0.01194	0.01620	0.01023	0.01364	0.00767	0.00426	0.00597	0.00171	0.00853	0.00597	0.00256	0.00682
17	0.01252	0.01201	0.02053	0.03104	0.79074	0.01201	0.01552	0.01552	0.01151	0.01652	0.00951	0.01252	0.00801	0.00451	0.00501	0.00150	0.00601	0.00451	0.00250	0.00801
18	0.01106	0.01106	0.01549	0.01328	0.01328	0.01549	0.01106	0.01217	0.00774	0.01217	0.00664	0.01106	0.00664	0.00885	0.01659	0.00221	0.81303	0.00443	0.00221	0.00553
19	0.00955	0.00899	0.01517	0.81013	0.03483	0.01123	0.01404	0.01292	0.01011	0.01292	0.00899	0.01348	0.00674	0.00506	0.00506	0.00169	0.00674	0.00449	0.00225	0.00562
20	0.00688	0.00491	0.00669	0.00786	0.00847	0.00472	0.00594	0.00828	0.01039	0.01371	0.02748	0.54450	0.03188	0.01517	0.00665	0.00215	0.00355	0.28180	0.00468	0.00431
21	0.00607	0.00507	0.00529	0.00536	0.00692	0.00429	0.00397	0.00738	0.01155	0.01401	0.09564	0.11168	0.67964	0.01290	0.00602	0.00173	0.00258	0.01088	0.00475	0.00429
22	0.00878	0.00439	0.00659	0.00659	0.00659	0.00439	0.00439	0.00659	0.00659	0.00878	0.00878	0.01537	0.00878	0.01757	0.01976	0.85288	0.00439	0.00439	0.00220	0.00220
23	0.01014	0.02616	0.79609	0.01441	0.02189	0.01174	0.01868	0.01601	0.01068	0.01601	0.00907	0.01068	0.00641	0.00480	0.00480	0.00160	0.00747	0.00374	0.00214	0.00747
24	0.00955	0.00899	0.01517	0.81013	0.03483	0.01123	0.01404	0.01292	0.01011	0.01292	0.00899	0.01348	0.00674	0.00506	0.00506	0.00169	0.00674	0.00449	0.00225	0.00562
25	0.00955	0.00899	0.01517	0.81013	0.03483	0.01123	0.01404	0.01292	0.01011	0.01292	0.00899	0.01348	0.00674	0.00506	0.00506	0.00169	0.00674	0.00449	0.00225	0.00562
26	0.01069	0.01051	0.01476	0.01277	0.01286	0.01459	0.01060	0.01186	0.00778	0.01213	0.00732	0.01193	0.00723	0.01171	0.09392	0.00279	0.73434	0.00452	0.00226	0.00543
27	0.85801	0.00978	0.00743	0.00665	0.00978	0.01134	0.00548	0.01486	0.00861	0.02269	0.00704	0.00821	0.00548	0.00469	0.00313	0.00156	0.00391	0.00274	0.00313	0.00548
28	0.01085	0.00966	0.01293	0.01153	0.12200	0.00780	0.04841	0.01331	0.01071	0.01647	0.00913	0.01094	0.00757	0.00388	0.00404	0.00091	0.00432	0.00337	0.00290	0.68927
29	0.00705	0.00516	0.00661	0.00625	0.00749	0.00473	0.00469	0.00934	0.01406	0.01969	0.72215	0.03875	0.11400	0.01056	0.00597	0.00160	0.00240	0.00928	0.00549	0.00473
30	0.85801	0.00978	0.00743	0.00665	0.00978	0.01134	0.00548	0.01486	0.00861	0.02269	0.00704	0.00821	0.00548	0.00469	0.00313	0.00156	0.00391	0.00274	0.00313	0.00548
31	0.06614	0.01322	0.01395	0.01107	0.01481	0.01478	0.00904	0.57378	0.18156	0.02910	0.01361	0.01332	0.00985	0.00616	0.00497	0.00156	0.00514	0.00469	0.00497	0.00829
32	0.82753	0.01030	0.00768	0.00688	0.00999	0.04006	0.00563	0.01506	0.00881	0.02231	0.00707	0.00825	0.00551	0.00471	0.00318	0.00156	0.00410	0.00276	0.00311	0.00549
33	0.02725	0.00768	0.01032	0.01272	0.13239	0.03600	0.00920	0.01216	0.03619	0.01557	0.02333	0.04592	0.04129	0.01173	0.00642	0.00211	0.00495	0.55521	0.00423	0.00534
34	0.01324	0.01340	0.01982	0.02898	0.70210	0.10236	0.01486	0.01605	0.01184	0.01605	0.00932	0.01213	0.00784	0.00459	0.00496	0.00148	0.00636	0.00436	0.00251	0.00776
35	0.05157	0.10073	0.15340	0.01598	0.17829	0.04198	0.06375	0.10118	0.19395	0.03188	0.01212	0.01302	0.00927	0.00531	0.00479	0.00154	0.00584	0.00446	0.00340	0.00755
36	0.01174	0.07231	0.28976	0.09081	0.05024	0.01071	0.04039	0.03090	0.03818	0.09710	0.10622	0.01526	0.01273	0.00567	0.00510	0.00150	0.02276	0.00468	0.00328	0.09065
37	0.07765	0.11695	0.42196	0.01249	0.03558	0.01199	0.03231	0.04173	0.01171	0.17525	0.01103	0.01167	0.00773	0.00505	0.00459	0.00153	0.00624	0.00391	0.00317	0.00747
38	0.11102	0.05885	0.16279	0.01217	0.03008	0.02486	0.07029	0.19738	0.01515	0.17904	0.04078	0.03491	0.02609	0.00653	0.00523	0.00172	0.00583	0.00509	0.00437	0.00783
39	0.03306	0.04243	0.25504	0.01119	0.01501	0.05959	0.01123	0.08334	0.02528	0.08339	0.12842	0.03073	0.03325	0.00689	0.00674	0.00163	0.12875	0.00512	0.00352	0.03540

[dist]
# distance from previous block
# <min> <max>
0	8

# created by:
# /st0/software/busco_prod/Augustus/scripts/msa2prfl.pl ./align_prep/61606.fa
