[name]
unknown

[dist]
# distance from previous block
# <min> <max>
0	21

[block]
# block no. 0 follows, 51 sequences, length 20
# corresponding to MSA columns:
# 22-41
name=unknown_A
#
# <colnr> <probs for GDERKNQSTAVLIFYWHMCP>
#	G	D	E	R	K	N	Q	S	T	A	V	L	I	F	Y	W	H	M	C	P
0	0.00945	0.00808	0.01291	0.16828	0.26049	0.00849	0.01115	0.01207	0.01094	0.01466	0.01753	0.05607	0.01788	0.00911	0.00582	0.00189	0.00527	0.36080	0.00343	0.00571
1	0.00891	0.00774	0.01206	0.17797	0.22838	0.00809	0.00946	0.01153	0.01210	0.01687	0.37840	0.02484	0.04813	0.00748	0.00562	0.00156	0.02471	0.00666	0.00383	0.00567
2	0.00628	0.00500	0.00563	0.00547	0.00693	0.00435	0.00410	0.00796	0.01231	0.01591	0.35477	0.04296	0.48801	0.01146	0.00580	0.00161	0.00242	0.00976	0.00491	0.00435
3	0.00608	0.00460	0.00563	0.00620	0.00702	0.00414	0.00433	0.00728	0.01062	0.01386	0.15182	0.47706	0.25612	0.01371	0.00606	0.00183	0.00266	0.01214	0.00469	0.00414
4	0.03298	0.01537	0.01397	0.01253	0.06879	0.22492	0.00933	0.38131	0.12312	0.02293	0.03827	0.01271	0.00992	0.00579	0.00479	0.00145	0.00601	0.00436	0.00410	0.00735
5	0.07056	0.04678	0.07554	0.00932	0.01244	0.05811	0.00807	0.13152	0.11909	0.17324	0.13010	0.01799	0.03438	0.00836	0.05180	0.00189	0.02375	0.00520	0.01514	0.00674
6	0.08089	0.03936	0.17826	0.01189	0.06941	0.00960	0.07595	0.04485	0.01209	0.16651	0.16921	0.05192	0.01678	0.00662	0.00550	0.00157	0.04358	0.00557	0.00387	0.00655
7	0.01025	0.01771	0.40117	0.13964	0.10106	0.01120	0.11143	0.01556	0.07070	0.01577	0.05068	0.01332	0.00935	0.00504	0.00495	0.00158	0.00662	0.00452	0.00258	0.00686
8	0.00704	0.00517	0.00740	0.00740	0.00811	0.00587	0.00553	0.00846	0.00775	0.01104	0.01362	0.02181	0.01337	0.19093	0.65523	0.00729	0.01153	0.00563	0.00270	0.00411
9	0.01468	0.03640	0.05284	0.05076	0.08262	0.09501	0.04938	0.13374	0.17828	0.14596	0.04493	0.01755	0.01264	0.00630	0.00502	0.00156	0.00540	0.05561	0.00417	0.00716
10	0.01126	0.05824	0.24974	0.18300	0.12777	0.06942	0.07293	0.05254	0.03806	0.01561	0.04837	0.03148	0.00960	0.00528	0.00485	0.00153	0.00646	0.00457	0.00267	0.00661
11	0.00586	0.00498	0.00505	0.00504	0.00667	0.00417	0.00378	0.00716	0.01133	0.01358	0.08513	0.04679	0.75911	0.01233	0.00581	0.00165	0.00248	0.01030	0.00460	0.00417
12	0.00975	0.00747	0.01203	0.04808	0.01284	0.00742	0.21129	0.01310	0.05615	0.01681	0.01573	0.01870	0.04530	0.04833	0.00545	0.00155	0.00433	0.00534	0.45509	0.00526
13	0.01383	0.14676	0.04384	0.02872	0.07531	0.23300	0.25247	0.04399	0.06731	0.01482	0.00986	0.02993	0.00808	0.00495	0.00480	0.00144	0.00718	0.00449	0.00273	0.00649
14	0.00767	0.00510	0.00591	0.00581	0.00616	0.00511	0.00357	0.02643	0.00807	0.03014	0.01762	0.06556	0.05813	0.65435	0.07667	0.00454	0.00515	0.00736	0.00323	0.00345
15	0.00596	0.00490	0.00516	0.00525	0.00666	0.00419	0.00383	0.00717	0.01100	0.01341	0.08984	0.12006	0.64064	0.05159	0.00677	0.00183	0.00262	0.01047	0.00454	0.00411
16	0.01462	0.06541	0.01692	0.18130	0.04288	0.25823	0.09543	0.16500	0.01373	0.01632	0.00881	0.01101	0.00695	0.00533	0.00573	0.00150	0.07761	0.00405	0.00286	0.00634
17	0.15982	0.04768	0.06031	0.11899	0.10291	0.29317	0.05231	0.01624	0.02306	0.01477	0.00808	0.01019	0.00654	0.00504	0.00515	0.00148	0.06210	0.00363	0.00253	0.00600
18	0.00707	0.00508	0.00695	0.00695	0.00751	0.00563	0.00497	0.00817	0.00762	0.01071	0.01403	0.02408	0.01436	0.33058	0.51693	0.00673	0.01004	0.00596	0.00276	0.00386
19	0.03142	0.01340	0.07451	0.15438	0.08877	0.10594	0.12918	0.04785	0.01059	0.01443	0.00837	0.01155	0.00689	0.00593	0.00835	0.00171	0.25673	0.00434	0.01957	0.00608

[dist]
# distance from previous block
# <min> <max>
0	2

[block]
# block no. 1 follows, 51 sequences, length 12
# corresponding to MSA columns:
# 44-55
name=unknown_B
#
# <colnr> <probs for GDERKNQSTAVLIFYWHMCP>
#	G	D	E	R	K	N	Q	S	T	A	V	L	I	F	Y	W	H	M	C	P
0	0.86201	0.00950	0.00722	0.00646	0.00950	0.01102	0.00532	0.01445	0.00836	0.02205	0.00684	0.00798	0.00532	0.00456	0.00304	0.00152	0.00380	0.00266	0.00304	0.00532
1	0.00631	0.00466	0.00626	0.00724	0.00755	0.00461	0.00502	0.00724	0.00940	0.01261	0.02603	0.74886	0.03103	0.01498	0.00678	0.00202	0.04286	0.04802	0.00444	0.00408
2	0.11317	0.00900	0.01038	0.00844	0.01144	0.00901	0.00677	0.19545	0.01357	0.23260	0.01412	0.01756	0.01129	0.10475	0.07676	0.00238	0.00522	0.03979	0.00432	0.11400
3	0.00658	0.00532	0.00595	0.00611	0.00765	0.00479	0.00482	0.00859	0.03945	0.01442	0.11234	0.04695	0.54039	0.01225	0.00598	0.00177	0.00294	0.16465	0.00465	0.00440
4	0.01306	0.56617	0.10557	0.00996	0.01383	0.10013	0.00983	0.01498	0.01015	0.01207	0.00708	0.00858	0.00632	0.00485	0.00495	0.00125	0.09985	0.00298	0.00215	0.00624
5	0.00879	0.00455	0.00471	0.00484	0.00589	0.00451	0.00357	0.01092	0.01020	0.01765	0.01731	0.11148	0.01490	0.00684	0.00376	0.00124	0.00236	0.00567	0.75630	0.00451
6	0.01274	0.06035	0.46786	0.01280	0.01823	0.20539	0.01418	0.08793	0.01245	0.01587	0.01038	0.01153	0.03866	0.00518	0.00461	0.00146	0.00719	0.00382	0.00256	0.00681
7	0.00953	0.04430	0.04040	0.07028	0.04966	0.00758	0.11083	0.01161	0.01063	0.08209	0.07378	0.22152	0.04815	0.08818	0.02423	0.00217	0.00491	0.09108	0.00381	0.00525
8	0.01110	0.05938	0.63919	0.01380	0.04196	0.03333	0.01639	0.01598	0.01058	0.06381	0.00926	0.01068	0.00665	0.00491	0.00513	0.00155	0.04305	0.00371	0.00235	0.00718
9	0.00641	0.00468	0.00611	0.00695	0.00763	0.00437	0.00506	0.00772	0.01045	0.01383	0.11798	0.51750	0.11418	0.01415	0.00626	0.00195	0.00304	0.14289	0.00465	0.00418
10	0.05610	0.01102	0.17187	0.10362	0.03357	0.00820	0.05966	0.03982	0.01190	0.06151	0.20699	0.06340	0.13678	0.00778	0.00524	0.00160	0.00464	0.00673	0.00381	0.00575
11	0.01416	0.03042	0.10606	0.05431	0.15375	0.16884	0.04703	0.09653	0.08492	0.09516	0.01212	0.05688	0.00981	0.00655	0.02394	0.00166	0.02278	0.00480	0.00337	0.00690

[dist]
# distance from previous block
# <min> <max>
0	1

[block]
# block no. 2 follows, 51 sequences, length 23
# corresponding to MSA columns:
# 57-79
name=unknown_C
#
# <colnr> <probs for GDERKNQSTAVLIFYWHMCP>
#	G	D	E	R	K	N	Q	S	T	A	V	L	I	F	Y	W	H	M	C	P
0	0.01089	0.01024	0.05637	0.03465	0.26414	0.03288	0.08574	0.04930	0.01129	0.05636	0.05842	0.03640	0.09190	0.14571	0.03253	0.00227	0.00561	0.00601	0.00324	0.00606
1	0.00741	0.00500	0.00571	0.00563	0.00577	0.00508	0.00329	0.02533	0.00756	0.01013	0.01528	0.03102	0.01736	0.76761	0.06461	0.00485	0.00521	0.00699	0.00301	0.00318
2	0.01080	0.00969	0.01196	0.02950	0.05617	0.02794	0.04852	0.01537	0.16209	0.01658	0.01166	0.04136	0.00969	0.00479	0.00423	0.00108	0.00423	0.00410	0.00330	0.52695
3	0.01237	0.40062	0.27167	0.01232	0.03604	0.01530	0.10538	0.04063	0.01090	0.04083	0.00849	0.00986	0.00672	0.00447	0.00412	0.00133	0.00624	0.00351	0.00238	0.00682
4	0.00675	0.00533	0.00669	0.00658	0.00761	0.00539	0.00492	0.00822	0.01046	0.01397	0.20962	0.11230	0.27650	0.07294	0.17649	0.00322	0.05591	0.00870	0.00410	0.00429
5	0.01294	0.15700	0.28446	0.01140	0.01651	0.03685	0.03465	0.19346	0.05036	0.01867	0.00969	0.01067	0.00735	0.00481	0.00436	0.00133	0.00587	0.00368	0.00303	0.13292
6	0.01231	0.00969	0.01296	0.08462	0.13208	0.00883	0.02710	0.10229	0.01222	0.08738	0.01172	0.01302	0.03812	0.00470	0.00434	0.00114	0.00455	0.00398	0.00334	0.42562
7	0.00906	0.16591	0.10835	0.03369	0.01291	0.02525	0.07029	0.01159	0.03143	0.01358	0.02033	0.25760	0.08641	0.00977	0.00537	0.00171	0.00476	0.12313	0.00352	0.00532
8	0.01504	0.00914	0.01071	0.00923	0.01216	0.00959	0.00735	0.02331	0.42189	0.29188	0.07883	0.02096	0.01703	0.00705	0.00513	0.00164	0.00390	0.04219	0.00539	0.00759
9	0.00596	0.00438	0.00560	0.00657	0.00706	0.00401	0.00444	0.00687	0.00967	0.01265	0.03044	0.70946	0.14497	0.01496	0.00620	0.00195	0.00280	0.01344	0.00456	0.00401
10	0.23657	0.01050	0.01279	0.05282	0.23065	0.01149	0.00938	0.11743	0.16911	0.02042	0.04761	0.01453	0.03539	0.00563	0.00449	0.00154	0.00462	0.00456	0.00363	0.00684
11	0.01584	0.00961	0.01058	0.00849	0.01141	0.01013	0.00689	0.38302	0.01707	0.15174	0.01454	0.01493	0.01049	0.00587	0.00439	0.00136	0.00410	0.00456	0.30796	0.00701
12	0.00581	0.00498	0.00498	0.00498	0.00664	0.00415	0.00373	0.00705	0.01120	0.01328	0.04978	0.04729	0.79464	0.01245	0.00581	0.00166	0.00249	0.01037	0.00456	0.00415
13	0.00688	0.00489	0.00607	0.00664	0.00749	0.00455	0.00464	0.00853	0.04404	0.04192	0.09209	0.54887	0.17767	0.01369	0.00604	0.00186	0.00283	0.01219	0.00470	0.00439
14	0.04985	0.01326	0.06063	0.01537	0.01991	0.01253	0.37296	0.25336	0.01528	0.11976	0.01153	0.01288	0.00818	0.00498	0.00525	0.00157	0.00664	0.00503	0.00369	0.00736
15	0.01304	0.01141	0.01533	0.09010	0.31831	0.03573	0.01132	0.17702	0.16495	0.01957	0.03834	0.01604	0.01136	0.02213	0.00539	0.00161	0.00534	0.03208	0.00362	0.00732
16	0.00972	0.02039	0.55453	0.01357	0.01903	0.01126	0.07493	0.01421	0.01007	0.01480	0.01155	0.05225	0.04758	0.00609	0.00646	0.00167	0.11814	0.00474	0.00236	0.00664
17	0.12409	0.00554	0.00655	0.00662	0.00763	0.00563	0.00482	0.00894	0.01069	0.01616	0.30071	0.30098	0.06516	0.03534	0.00717	0.04359	0.03222	0.00940	0.00441	0.00434
18	0.00962	0.00831	0.01325	0.01069	0.01295	0.00823	0.21818	0.04637	0.10957	0.03028	0.07219	0.09027	0.08915	0.21314	0.02674	0.00256	0.00522	0.00730	0.02068	0.00530
19	0.01475	0.01737	0.01724	0.01528	0.07624	0.40809	0.19284	0.01816	0.09610	0.01417	0.01102	0.04318	0.02134	0.00557	0.00524	0.00147	0.02815	0.00470	0.00288	0.00620
20	0.01084	0.00940	0.01474	0.49227	0.13246	0.01111	0.01247	0.04340	0.04762	0.05444	0.01112	0.01509	0.02322	0.00573	0.00590	0.00166	0.07238	0.02728	0.00277	0.00609
21	0.01146	0.00767	0.00909	0.00817	0.01025	0.00777	0.00643	0.18605	0.06549	0.10740	0.19422	0.17154	0.09893	0.00998	0.00563	0.00170	0.00366	0.08361	0.00503	0.00593
22	0.01060	0.01008	0.01713	0.45544	0.38356	0.01127	0.01431	0.01371	0.01045	0.01416	0.00897	0.01267	0.00712	0.00467	0.00489	0.00156	0.00622	0.00437	0.00230	0.00653

[dist]
# distance from previous block
# <min> <max>
0	1

[block]
# block no. 3 follows, 51 sequences, length 13
# corresponding to MSA columns:
# 81-93
name=unknown_D
#
# <colnr> <probs for GDERKNQSTAVLIFYWHMCP>
#	G	D	E	R	K	N	Q	S	T	A	V	L	I	F	Y	W	H	M	C	P
0	0.02989	0.01336	0.01720	0.01370	0.01666	0.18534	0.27411	0.08867	0.07184	0.01587	0.01286	0.12203	0.01187	0.06441	0.00711	0.00184	0.03788	0.00614	0.00323	0.00599
1	0.00961	0.00903	0.01278	0.05415	0.01256	0.01216	0.00933	0.01086	0.00770	0.01159	0.00869	0.01436	0.00858	0.07991	0.18007	0.00352	0.54307	0.00473	0.00232	0.00498
2	0.04860	0.00705	0.00936	0.00825	0.00965	0.00750	0.03765	0.15332	0.01048	0.04208	0.01100	0.01619	0.00991	0.07488	0.18551	0.34985	0.00658	0.00473	0.00302	0.00439
3	0.01129	0.01108	0.01754	0.20847	0.41568	0.04254	0.05529	0.01408	0.01070	0.01472	0.01000	0.01303	0.02881	0.00494	0.00553	0.00150	0.05595	0.00445	0.00246	0.07193
4	0.00939	0.00931	0.01076	0.00941	0.01103	0.11225	0.08301	0.03166	0.01070	0.01330	0.04461	0.07692	0.26928	0.06604	0.09440	0.00257	0.12975	0.00731	0.00344	0.00485
5	0.01285	0.16873	0.20950	0.01178	0.01601	0.04478	0.06986	0.17752	0.08383	0.01847	0.07236	0.01321	0.01079	0.00570	0.00544	0.00149	0.06310	0.00440	0.00327	0.00691
6	0.01710	0.01063	0.01547	0.04539	0.03266	0.02973	0.13609	0.12342	0.02697	0.36803	0.01488	0.01497	0.02641	0.00609	0.00649	0.00162	0.10722	0.00498	0.00446	0.00740
7	0.01155	0.01188	0.01753	0.38594	0.29442	0.10796	0.07225	0.01453	0.01093	0.01394	0.00886	0.01227	0.00702	0.00469	0.00491	0.00153	0.00672	0.00434	0.00234	0.00638
8	0.13886	0.01016	0.01174	0.00921	0.01289	0.01028	0.00758	0.23554	0.05715	0.43242	0.01552	0.01419	0.01028	0.00585	0.00467	0.00152	0.00446	0.00451	0.00527	0.00790
9	0.06295	0.07791	0.09450	0.03146	0.27936	0.01144	0.04229	0.09610	0.01284	0.22601	0.01185	0.01265	0.00856	0.00501	0.00467	0.00147	0.00544	0.00428	0.00363	0.00760
10	0.01404	0.05872	0.01683	0.09500	0.26057	0.05315	0.06514	0.13190	0.06891	0.11127	0.01229	0.05572	0.00989	0.00569	0.00509	0.00152	0.01857	0.00498	0.00350	0.00720
11	0.00629	0.00467	0.00618	0.00692	0.00758	0.00456	0.00497	0.00748	0.00949	0.01256	0.02761	0.49497	0.14296	0.01920	0.16931	0.00316	0.00500	0.05880	0.00417	0.00413
12	0.00661	0.00461	0.00588	0.00648	0.00711	0.00434	0.00455	0.00792	0.01045	0.01438	0.18537	0.45385	0.07265	0.07553	0.00742	0.00205	0.00294	0.05921	0.06452	0.00413

[dist]
# distance from previous block
# <min> <max>
10	37

[block]
# block no. 4 follows, 51 sequences, length 27
# corresponding to MSA columns:
# 136-162
name=unknown_E
#
# <colnr> <probs for GDERKNQSTAVLIFYWHMCP>
#	G	D	E	R	K	N	Q	S	T	A	V	L	I	F	Y	W	H	M	C	P
0	0.04218	0.29636	0.01701	0.07341	0.05341	0.04591	0.00860	0.11947	0.09424	0.12122	0.01217	0.01349	0.02386	0.05222	0.00539	0.00155	0.00514	0.00414	0.00349	0.00673
1	0.00800	0.00545	0.00651	0.00646	0.00783	0.00498	0.00474	0.04745	0.01188	0.07689	0.17004	0.31358	0.29330	0.01222	0.00586	0.00174	0.00286	0.01064	0.00485	0.00472
2	0.00607	0.00448	0.00571	0.00663	0.00720	0.00412	0.00459	0.00710	0.00990	0.01293	0.04742	0.63818	0.16050	0.01469	0.00621	0.00194	0.00286	0.05082	0.00458	0.00406
3	0.00708	0.00619	0.00982	0.00894	0.01046	0.00572	0.14317	0.00891	0.02713	0.01347	0.02942	0.47085	0.21450	0.01247	0.00605	0.00185	0.00376	0.01144	0.00420	0.00458
4	0.03489	0.07679	0.09133	0.23023	0.32273	0.05490	0.04506	0.01450	0.01054	0.01443	0.00860	0.01158	0.00696	0.00481	0.00533	0.00152	0.05272	0.00411	0.00232	0.00664
5	0.00717	0.00528	0.00686	0.00770	0.00877	0.00507	0.00633	0.00891	0.01082	0.01385	0.03069	0.15685	0.19131	0.05436	0.00742	0.00222	0.00388	0.46375	0.00446	0.00430
6	0.02150	0.00924	0.01195	0.00916	0.01298	0.00852	0.00757	0.14666	0.01553	0.67525	0.01816	0.01593	0.01155	0.00605	0.00494	0.00151	0.00438	0.00486	0.00589	0.00836
7	0.00824	0.00551	0.00649	0.09228	0.00973	0.00536	0.00507	0.02025	0.01115	0.04746	0.09062	0.04607	0.31671	0.02439	0.00530	0.00155	0.00304	0.02102	0.27511	0.00467
8	0.01190	0.04918	0.25312	0.05945	0.12864	0.00999	0.02794	0.05758	0.03161	0.12413	0.12836	0.05553	0.01525	0.00639	0.00501	0.00155	0.00535	0.01862	0.00358	0.00681
9	0.00884	0.01375	0.33203	0.01069	0.01424	0.00799	0.04714	0.01188	0.01015	0.03595	0.04926	0.24312	0.01755	0.00954	0.00661	0.05733	0.02652	0.06670	0.02515	0.00557
10	0.16914	0.05470	0.01404	0.33016	0.06039	0.10604	0.04549	0.05358	0.01109	0.04942	0.00926	0.01172	0.00707	0.00491	0.00437	0.00149	0.00589	0.00392	0.05142	0.00590
11	0.00738	0.00535	0.00628	0.00633	0.00761	0.00504	0.00476	0.00949	0.04994	0.03741	0.16242	0.11471	0.30316	0.09390	0.03619	0.00225	0.00345	0.09868	0.04117	0.00448
12	0.10542	0.01290	0.01148	0.00914	0.01282	0.18957	0.00724	0.12885	0.02788	0.06284	0.00955	0.01042	0.00744	0.00459	0.00404	0.00111	0.00514	0.00333	0.00336	0.38288
13	0.01238	0.01003	0.01137	0.00832	0.01257	0.00879	0.00673	0.21063	0.01352	0.01988	0.00953	0.01061	0.00756	0.00422	0.00397	0.00092	0.00410	0.00330	0.00343	0.63814
14	0.00779	0.00570	0.00709	0.00724	0.00862	0.00550	0.00574	0.01073	0.07890	0.03814	0.26430	0.11587	0.18437	0.01164	0.00604	0.00183	0.00323	0.22757	0.00489	0.00482
15	0.11721	0.00826	0.00970	0.00815	0.01095	0.00817	0.00660	0.11353	0.05984	0.25179	0.21687	0.02306	0.02088	0.00740	0.00501	0.00154	0.00379	0.06706	0.00502	0.05517
16	0.00635	0.00452	0.00600	0.00694	0.00738	0.00428	0.00485	0.00744	0.00988	0.01323	0.09283	0.62568	0.03240	0.06110	0.00736	0.00214	0.00310	0.09591	0.00454	0.00405
17	0.00971	0.00474	0.00487	0.00476	0.00602	0.00469	0.00360	0.01198	0.01047	0.05171	0.01617	0.01825	0.01258	0.00574	0.00350	0.00116	0.00237	0.00460	0.81833	0.00474
18	0.00928	0.00873	0.01474	0.81548	0.03385	0.01092	0.01365	0.01256	0.00983	0.01256	0.00873	0.01310	0.00655	0.00491	0.00491	0.00164	0.00655	0.00437	0.00218	0.00546
19	0.00824	0.00638	0.00719	0.00719	0.00875	0.02059	0.00560	0.08307	0.03638	0.02878	0.04666	0.20271	0.33274	0.01281	0.02697	0.00198	0.00369	0.15091	0.00456	0.00482
20	0.00608	0.00457	0.00552	0.00614	0.00687	0.00413	0.00420	0.00708	0.01007	0.01300	0.08146	0.48446	0.26121	0.07227	0.00744	0.00206	0.00285	0.01208	0.00450	0.00401
21	0.00599	0.00428	0.00570	0.00684	0.00713	0.00399	0.00456	0.00684	0.00941	0.01254	0.02709	0.82409	0.03250	0.01540	0.00627	0.00200	0.00285	0.01397	0.00456	0.00399
22	0.14820	0.01231	0.01706	0.01496	0.10024	0.11334	0.24621	0.01706	0.08292	0.10044	0.01218	0.07158	0.01001	0.00572	0.00521	0.00159	0.02589	0.00525	0.00333	0.00649
23	0.01007	0.01649	0.35107	0.04482	0.17113	0.05505	0.02478	0.01403	0.02818	0.01523	0.06814	0.05198	0.05678	0.02838	0.02029	0.00177	0.00614	0.02636	0.00283	0.00647
24	0.01089	0.01067	0.06045	0.03785	0.48186	0.00992	0.01226	0.04627	0.01136	0.01586	0.01482	0.02133	0.06695	0.05968	0.00644	0.00179	0.00537	0.09866	0.02086	0.00669
25	0.00714	0.00534	0.00773	0.00768	0.00841	0.00618	0.00582	0.00863	0.00778	0.01116	0.01331	0.02086	0.01291	0.14568	0.67859	0.00731	0.03308	0.00550	0.00267	0.00422
26	0.01251	0.11036	0.06970	0.01631	0.24530	0.01232	0.04709	0.13640	0.06862	0.01815	0.05475	0.01304	0.01017	0.00521	0.00517	0.00139	0.04614	0.00434	0.00317	0.11988

[dist]
# distance from previous block
# <min> <max>
0	4

[block]
# block no. 5 follows, 51 sequences, length 52
# corresponding to MSA columns:
# 167-218
name=unknown_F
#
# <colnr> <probs for GDERKNQSTAVLIFYWHMCP>
#	G	D	E	R	K	N	Q	S	T	A	V	L	I	F	Y	W	H	M	C	P
0	0.01093	0.01041	0.01771	0.36717	0.46930	0.01135	0.01447	0.01400	0.01060	0.01455	0.00903	0.01257	0.00725	0.00461	0.00489	0.00154	0.00614	0.00437	0.00233	0.00679
1	0.01553	0.01220	0.04774	0.01089	0.01468	0.04876	0.07431	0.33480	0.02922	0.12995	0.03232	0.05761	0.01130	0.00617	0.00491	0.00143	0.00520	0.02441	0.00432	0.13424
2	0.01067	0.08386	0.40130	0.01412	0.05180	0.02867	0.10587	0.01458	0.01042	0.02799	0.04916	0.02306	0.02382	0.00573	0.00649	0.00161	0.12730	0.00448	0.00248	0.00661
3	0.00622	0.00487	0.00563	0.00569	0.00695	0.00428	0.00417	0.00775	0.01179	0.01527	0.29120	0.17551	0.41884	0.01216	0.00588	0.00168	0.00249	0.01049	0.00484	0.00428
4	0.07791	0.01320	0.01368	0.01232	0.08626	0.10602	0.00910	0.36522	0.10086	0.14698	0.01280	0.01270	0.00917	0.00568	0.00473	0.00148	0.00538	0.00435	0.00447	0.00771
5	0.01073	0.03257	0.32147	0.24965	0.04479	0.06596	0.15165	0.01485	0.01060	0.01430	0.00881	0.01159	0.00660	0.00478	0.00525	0.00158	0.03191	0.00422	0.00222	0.00645
6	0.00709	0.00505	0.00690	0.00794	0.00866	0.00497	0.00626	0.00866	0.01022	0.01346	0.02543	0.35297	0.02884	0.06311	0.03150	0.00247	0.00414	0.40371	0.00439	0.00422
7	0.00609	0.00452	0.00571	0.00655	0.00719	0.00414	0.00457	0.00717	0.01008	0.01314	0.06786	0.59282	0.18532	0.01446	0.00618	0.00192	0.00284	0.05076	0.00460	0.00408
8	0.01080	0.01028	0.01748	0.40222	0.43526	0.01132	0.01440	0.01389	0.01054	0.01440	0.00900	0.01261	0.00720	0.00463	0.00489	0.00154	0.00618	0.00437	0.00231	0.00668
9	0.05411	0.08615	0.01269	0.01024	0.01192	0.11690	0.02179	0.06445	0.02774	0.01441	0.01354	0.04047	0.02639	0.02585	0.11819	0.00268	0.19001	0.15395	0.00314	0.00538
10	0.01019	0.00873	0.01019	0.00728	0.01165	0.00655	0.00582	0.01237	0.01019	0.01601	0.00873	0.01019	0.00728	0.00364	0.00364	0.00073	0.00364	0.00291	0.00291	0.85734
11	0.01146	0.32608	0.01915	0.01109	0.01292	0.01611	0.03289	0.01287	0.00862	0.01182	0.00713	0.01026	0.00679	0.00855	0.06050	0.00207	0.43005	0.00376	0.00217	0.00571
12	0.00644	0.00474	0.00610	0.00700	0.00757	0.00453	0.00487	0.00811	0.04899	0.01340	0.05925	0.66938	0.07007	0.01449	0.00619	0.00196	0.00296	0.05509	0.00462	0.00425
13	0.00587	0.00498	0.00507	0.00505	0.00668	0.00418	0.00378	0.00718	0.01135	0.01364	0.09142	0.04670	0.75279	0.01231	0.00581	0.00165	0.00248	0.01029	0.00461	0.00418
14	0.06113	0.20994	0.08327	0.01010	0.06059	0.06235	0.00853	0.06406	0.01125	0.02850	0.00850	0.00977	0.00696	0.00424	0.00381	0.00106	0.00494	0.00313	0.00278	0.35511
15	0.01310	0.77549	0.06127	0.00876	0.01307	0.03632	0.00888	0.01486	0.01009	0.01176	0.00694	0.00802	0.00630	0.00424	0.00325	0.00108	0.00543	0.00269	0.00211	0.00634
16	0.01442	0.01088	0.01314	0.05041	0.01471	0.01086	0.03148	0.30339	0.01523	0.08629	0.01066	0.01162	0.00800	0.00511	0.00520	0.00125	0.05966	0.00391	0.00383	0.33996
17	0.00892	0.00731	0.01178	0.13210	0.10404	0.00754	0.08361	0.01094	0.01041	0.05103	0.04945	0.32781	0.05678	0.01009	0.00619	0.00180	0.04199	0.05433	0.01863	0.00525
18	0.00604	0.00430	0.00569	0.00678	0.00705	0.00402	0.00449	0.00686	0.00931	0.01242	0.02659	0.79001	0.03187	0.05033	0.00708	0.00211	0.00293	0.01368	0.00449	0.00395
19	0.12539	0.00967	0.01161	0.00901	0.01275	0.00942	0.00744	0.18597	0.01531	0.53770	0.01620	0.01458	0.01050	0.00585	0.00470	0.00151	0.00440	0.00455	0.00545	0.00799
20	0.01758	0.00772	0.01101	0.00870	0.01185	0.00680	0.04540	0.01966	0.01378	0.55767	0.19887	0.04356	0.02043	0.00716	0.00522	0.00155	0.00392	0.00615	0.00570	0.00729
21	0.01793	0.02255	0.01350	0.01229	0.01476	0.77054	0.00922	0.01925	0.01376	0.01232	0.00799	0.00930	0.00662	0.00509	0.00439	0.00126	0.00856	0.00323	0.04181	0.00565
22	0.00696	0.00502	0.00657	0.00618	0.00734	0.00464	0.00464	0.00927	0.01391	0.01971	0.79405	0.03671	0.04637	0.01005	0.00580	0.00155	0.00232	0.00889	0.00541	0.00464
23	0.04284	0.01059	0.01617	0.05036	0.01666	0.01070	0.23203	0.23219	0.01443	0.11720	0.01585	0.05822	0.06945	0.08210	0.00710	0.00189	0.00568	0.00600	0.00394	0.00658
24	0.01076	0.01122	0.01945	0.01570	0.05506	0.07106	0.38643	0.01452	0.06208	0.01452	0.01147	0.01512	0.00943	0.01434	0.24882	0.00350	0.00931	0.00533	0.01591	0.00598
25	0.00947	0.00488	0.00491	0.00480	0.00604	0.00493	0.00363	0.03658	0.01072	0.01873	0.01589	0.01811	0.01246	0.00573	0.00348	0.00116	0.00239	0.00458	0.82681	0.00470
26	0.00669	0.00491	0.00630	0.00701	0.00782	0.00462	0.00519	0.02241	0.01083	0.01429	0.12421	0.45832	0.13810	0.01380	0.00622	0.00193	0.00310	0.15530	0.00467	0.00428
27	0.00730	0.00504	0.00660	0.00659	0.00756	0.00540	0.00498	0.00898	0.00899	0.01321	0.04897	0.02446	0.11700	0.08794	0.44950	0.00524	0.00851	0.00609	0.17335	0.00429
28	0.01860	0.01610	0.01455	0.01163	0.01523	0.20698	0.00938	0.59618	0.02088	0.02639	0.01078	0.01109	0.00787	0.00570	0.00480	0.00142	0.00624	0.00412	0.00434	0.00771
29	0.01197	0.54489	0.30091	0.01039	0.01568	0.01660	0.01186	0.01502	0.01012	0.01298	0.00754	0.00877	0.00628	0.00437	0.00369	0.00123	0.00597	0.00298	0.00209	0.00665
30	0.01628	0.01810	0.01268	0.01117	0.01388	0.48529	0.00857	0.16717	0.07374	0.01654	0.01499	0.01529	0.11270	0.00633	0.00475	0.00139	0.00696	0.00455	0.00346	0.00617
31	0.01023	0.01034	0.01917	0.01511	0.01833	0.03800	0.41116	0.01371	0.03049	0.01539	0.05487	0.02814	0.01643	0.00909	0.04399	0.00213	0.00693	0.24741	0.00335	0.00575
32	0.01204	0.56158	0.28482	0.01028	0.01550	0.01676	0.01166	0.01500	0.01012	0.01290	0.00750	0.00872	0.00628	0.00436	0.00366	0.00122	0.00593	0.00296	0.00209	0.00663
33	0.86201	0.00950	0.00722	0.00646	0.00950	0.01102	0.00532	0.01445	0.00836	0.02205	0.00684	0.00798	0.00532	0.00456	0.00304	0.00152	0.00380	0.00266	0.00304	0.00532
34	0.01088	0.00906	0.01080	0.00798	0.01199	0.00750	0.02430	0.10126	0.01193	0.01787	0.05816	0.03696	0.01059	0.00467	0.00405	0.00093	0.00385	0.00386	0.00334	0.66003
35	0.00598	0.00486	0.00527	0.00551	0.00683	0.00420	0.00403	0.00719	0.01086	0.01331	0.07045	0.19501	0.57917	0.03386	0.00642	0.00182	0.00267	0.03389	0.00455	0.00412
36	0.01085	0.00914	0.01021	0.00982	0.05070	0.01006	0.00719	0.05605	0.48601	0.01981	0.15663	0.02434	0.11261	0.00779	0.00522	0.00163	0.00362	0.00659	0.00489	0.00683
37	0.01352	0.79488	0.02513	0.00842	0.01261	0.01892	0.00836	0.01511	0.01016	0.04549	0.00737	0.00826	0.00656	0.00429	0.00323	0.00107	0.00521	0.00273	0.00227	0.00640
38	0.00824	0.00526	0.00687	0.00746	0.00834	0.00507	0.00541	0.01013	0.05601	0.08953	0.02522	0.55109	0.02820	0.05213	0.00703	0.00210	0.00337	0.11921	0.00465	0.00467
39	0.00858	0.00717	0.01078	0.34038	0.08175	0.00774	0.00906	0.01103	0.01126	0.04268	0.18652	0.05081	0.19686	0.00805	0.00535	0.00162	0.00446	0.00702	0.00365	0.00523
40	0.00928	0.00873	0.01474	0.81548	0.03385	0.01092	0.01365	0.01256	0.00983	0.01256	0.00873	0.01310	0.00655	0.00491	0.00491	0.00164	0.00655	0.00437	0.00218	0.00546
41	0.00907	0.00841	0.01411	0.74094	0.03153	0.01048	0.01296	0.01221	0.00965	0.01245	0.00914	0.01367	0.00708	0.00786	0.07902	0.00222	0.00716	0.00445	0.00223	0.00536
42	0.00808	0.00584	0.00634	0.00609	0.00741	0.00574	0.00441	0.05728	0.07393	0.01554	0.10005	0.08202	0.26832	0.18170	0.00940	0.00224	0.00327	0.02080	0.13699	0.00457
43	0.00611	0.00489	0.00549	0.00580	0.00709	0.00428	0.00433	0.00743	0.01102	0.01370	0.09556	0.21193	0.51512	0.01300	0.00599	0.00177	0.00273	0.07496	0.00462	0.00418
44	0.86201	0.00950	0.00722	0.00646	0.00950	0.01102	0.00532	0.01445	0.00836	0.02205	0.00684	0.00798	0.00532	0.00456	0.00304	0.00152	0.00380	0.00266	0.00304	0.00532
45	0.00978	0.02485	0.77980	0.01379	0.02088	0.01123	0.01778	0.01539	0.01047	0.01568	0.03058	0.01110	0.00734	0.00482	0.00470	0.00156	0.00713	0.00378	0.00217	0.00719
46	0.01002	0.06595	0.76275	0.01372	0.02083	0.01182	0.01767	0.01552	0.01036	0.01536	0.00872	0.01025	0.00623	0.00465	0.00459	0.00153	0.00716	0.00358	0.00208	0.00721
47	0.00702	0.00527	0.00790	0.00790	0.00878	0.00614	0.00614	0.00878	0.00790	0.01141	0.01316	0.01931	0.01229	0.03686	0.80782	0.00790	0.01316	0.00527	0.00263	0.00439
48	0.00986	0.02542	0.80183	0.01401	0.02127	0.01141	0.01816	0.01556	0.01038	0.01556	0.00882	0.01038	0.00623	0.00467	0.00467	0.00156	0.00726	0.00363	0.00208	0.00726
49	0.00728	0.05129	0.00800	0.00694	0.00799	0.00566	0.03210	0.00876	0.01090	0.01476	0.30020	0.22071	0.06800	0.17451	0.00967	0.00232	0.00346	0.05882	0.00434	0.00429
50	0.01106	0.01055	0.01796	0.33002	0.50539	0.01139	0.01453	0.01412	0.01067	0.01472	0.00905	0.01252	0.00731	0.00458	0.00488	0.00153	0.00611	0.00437	0.00234	0.00690
51	0.00686	0.00478	0.00622	0.00712	0.00766	0.00458	0.00488	0.00850	0.05312	0.03696	0.02644	0.74044	0.03083	0.01459	0.00617	0.00197	0.00298	0.02692	0.00463	0.00435

[dist]
# distance from previous block
# <min> <max>
0	5

[block]
# block no. 6 follows, 51 sequences, length 69
# corresponding to MSA columns:
# 224-292
name=unknown_G
#
# <colnr> <probs for GDERKNQSTAVLIFYWHMCP>
#	G	D	E	R	K	N	Q	S	T	A	V	L	I	F	Y	W	H	M	C	P
0	0.01216	0.01168	0.01995	0.03016	0.79664	0.01168	0.01508	0.01508	0.01119	0.01605	0.00924	0.01216	0.00778	0.00438	0.00487	0.00146	0.00584	0.00438	0.00243	0.00778
1	0.01185	0.01243	0.04543	0.11529	0.27912	0.05267	0.20207	0.03410	0.10542	0.01591	0.01065	0.01325	0.00842	0.00603	0.03345	0.00180	0.03761	0.00481	0.00278	0.00690
2	0.00706	0.00507	0.00698	0.02193	0.00906	0.00500	0.00634	0.00863	0.01024	0.01348	0.02555	0.38638	0.02906	0.04582	0.02113	0.00233	0.00399	0.38327	0.00441	0.00425
3	0.02198	0.00848	0.01147	0.00880	0.01260	0.00739	0.00727	0.03968	0.01425	0.78405	0.01923	0.01662	0.01209	0.00608	0.00494	0.00152	0.00421	0.00493	0.00606	0.00836
4	0.01193	0.01160	0.01563	0.33190	0.25782	0.09148	0.01252	0.04739	0.14017	0.01563	0.01077	0.01321	0.00838	0.00510	0.00486	0.00154	0.00608	0.00445	0.00287	0.00669
5	0.01254	0.23914	0.36275	0.01288	0.06847	0.01282	0.04811	0.01621	0.01097	0.12147	0.02387	0.01242	0.00847	0.00501	0.00443	0.00143	0.00610	0.02307	0.00279	0.00704
6	0.01992	0.00819	0.01096	0.00869	0.01214	0.00732	0.00713	0.04003	0.04056	0.66534	0.05965	0.03557	0.01504	0.00681	0.00509	0.00157	0.00409	0.03811	0.00589	0.00790
7	0.75789	0.01063	0.00808	0.03926	0.01095	0.07719	0.00600	0.01480	0.00888	0.02084	0.00698	0.00826	0.00545	0.00462	0.00323	0.00150	0.00433	0.00277	0.00296	0.00536
8	0.00685	0.00515	0.00652	0.00727	0.00840	0.00483	0.00587	0.00851	0.01095	0.01392	0.04833	0.20677	0.27023	0.01352	0.00636	0.00201	0.00351	0.36214	0.00456	0.00430
9	0.00921	0.00892	0.04305	0.00991	0.01086	0.01035	0.00824	0.01183	0.06778	0.01521	0.27320	0.02169	0.03618	0.03559	0.03956	0.00216	0.38132	0.00615	0.00354	0.00525
10	0.00713	0.00483	0.00568	0.00568	0.00579	0.00494	0.00338	0.00735	0.00724	0.00977	0.01519	0.03054	0.01716	0.72784	0.12351	0.00516	0.00582	0.00691	0.00293	0.00316
11	0.00784	0.00653	0.00867	0.00845	0.00932	0.04490	0.00658	0.00949	0.00814	0.01143	0.01244	0.01845	0.01169	0.05060	0.69276	0.00708	0.07342	0.00513	0.00260	0.00449
12	0.01314	0.83025	0.02575	0.00841	0.01261	0.01945	0.00841	0.01472	0.00999	0.01156	0.00683	0.00788	0.00631	0.00420	0.00315	0.00105	0.00526	0.00263	0.00210	0.00631
13	0.00986	0.02542	0.80183	0.01401	0.02127	0.01141	0.01816	0.01556	0.01038	0.01556	0.00882	0.01038	0.00623	0.00467	0.00467	0.00156	0.00726	0.00363	0.00208	0.00726
14	0.35964	0.01225	0.01374	0.08973	0.02891	0.13694	0.13809	0.01481	0.01011	0.01716	0.03957	0.01105	0.00779	0.00527	0.00550	0.00158	0.09556	0.00390	0.00277	0.00563
15	0.01278	0.76881	0.05203	0.00858	0.01276	0.01863	0.00866	0.01450	0.00991	0.01169	0.00716	0.00843	0.00655	0.00554	0.03582	0.00135	0.00565	0.00277	0.00212	0.00626
16	0.00599	0.00428	0.00570	0.00684	0.00713	0.00399	0.00456	0.00684	0.00941	0.01254	0.02709	0.82409	0.03250	0.01540	0.00627	0.00200	0.00285	0.01397	0.00456	0.00399
17	0.00928	0.00873	0.01474	0.81548	0.03385	0.01092	0.01365	0.01256	0.00983	0.01256	0.00873	0.01310	0.00655	0.00491	0.00491	0.00164	0.00655	0.00437	0.00218	0.00546
18	0.00928	0.00873	0.01474	0.81548	0.03385	0.01092	0.01365	0.01256	0.00983	0.01256	0.00873	0.01310	0.00655	0.00491	0.00491	0.00164	0.00655	0.00437	0.00218	0.00546
19	0.00954	0.09985	0.01058	0.00884	0.01070	0.00910	0.00724	0.01529	0.26748	0.01576	0.02154	0.17696	0.02154	0.01151	0.03816	0.00211	0.00444	0.25932	0.00434	0.00570
20	0.86201	0.00950	0.00722	0.00646	0.00950	0.01102	0.00532	0.01445	0.00836	0.02205	0.00684	0.00798	0.00532	0.00456	0.00304	0.00152	0.00380	0.00266	0.00304	0.00532
21	0.00704	0.00518	0.00748	0.00748	0.00821	0.00592	0.00562	0.00851	0.00777	0.01110	0.01354	0.02142	0.01320	0.16686	0.67907	0.00738	0.01178	0.00557	0.00269	0.00416
22	0.01314	0.83025	0.02575	0.00841	0.01261	0.01945	0.00841	0.01472	0.00999	0.01156	0.00683	0.00788	0.00631	0.00420	0.00315	0.00105	0.00526	0.00263	0.00210	0.00631
23	0.01216	0.01168	0.01995	0.03016	0.79664	0.01168	0.01508	0.01508	0.01119	0.01605	0.00924	0.01216	0.00778	0.00438	0.00487	0.00146	0.00584	0.00438	0.00243	0.00778
24	0.01222	0.01056	0.01111	0.01000	0.01278	0.01222	0.00778	0.02611	0.78776	0.02056	0.02000	0.01833	0.01500	0.00667	0.00500	0.00167	0.00389	0.00556	0.00500	0.00778
25	0.01019	0.00873	0.01019	0.00728	0.01165	0.00655	0.00582	0.01237	0.01019	0.01601	0.00873	0.01019	0.00728	0.00364	0.00364	0.00073	0.00364	0.00291	0.00291	0.85734
26	0.01314	0.83025	0.02575	0.00841	0.01261	0.01945	0.00841	0.01472	0.00999	0.01156	0.00683	0.00788	0.00631	0.00420	0.00315	0.00105	0.00526	0.00263	0.00210	0.00631
27	0.00590	0.00461	0.00535	0.00595	0.00689	0.00407	0.00416	0.00694	0.01027	0.01290	0.03801	0.45017	0.39936	0.01398	0.00605	0.00183	0.00268	0.01224	0.00456	0.00407
28	0.01147	0.01084	0.01834	0.02754	0.70775	0.01081	0.01390	0.01415	0.01099	0.01566	0.01125	0.10357	0.01057	0.00562	0.00502	0.00152	0.00550	0.00546	0.00267	0.00736
29	0.00712	0.00512	0.00697	0.00800	0.00886	0.00497	0.00645	0.00884	0.01072	0.01405	0.05364	0.32594	0.06218	0.01405	0.00653	0.00212	0.00377	0.44177	0.00457	0.00432
30	0.01367	0.00658	0.00812	0.00689	0.00952	0.00563	0.00546	0.01522	0.01250	0.39392	0.03399	0.06957	0.37967	0.00951	0.00541	0.00161	0.00333	0.00792	0.00530	0.00618
31	0.00637	0.00469	0.00596	0.00629	0.00714	0.00429	0.00447	0.00789	0.01156	0.01565	0.35182	0.37927	0.15103	0.01272	0.00600	0.00176	0.00257	0.01131	0.00492	0.00429
32	0.01029	0.00907	0.01159	0.00828	0.01269	0.00699	0.06321	0.01262	0.01029	0.01599	0.00882	0.01042	0.00729	0.00368	0.00380	0.00080	0.00398	0.00313	0.00288	0.79418
33	0.00751	0.00474	0.00526	0.00525	0.00550	0.00473	0.00313	0.00803	0.00799	0.01155	0.04544	0.02976	0.01798	0.64339	0.02027	0.00397	0.00421	0.00674	0.16121	0.00334
34	0.00702	0.00476	0.00642	0.00740	0.00803	0.00450	0.00543	0.00825	0.01006	0.04148	0.02698	0.59982	0.04483	0.01458	0.00634	0.00204	0.00329	0.18990	0.00461	0.00428
35	0.00704	0.00519	0.00752	0.00752	0.00827	0.00594	0.00567	0.00853	0.00779	0.01113	0.01351	0.02121	0.01311	0.15390	0.69191	0.00743	0.01192	0.00554	0.00268	0.00418
36	0.01109	0.01131	0.04971	0.28379	0.47304	0.01151	0.04394	0.01424	0.01066	0.01480	0.00903	0.01241	0.00728	0.00464	0.00513	0.00154	0.02222	0.00440	0.00233	0.00692
37	0.73218	0.02600	0.00846	0.00734	0.01033	0.11950	0.00594	0.01515	0.00915	0.02050	0.00694	0.00810	0.00548	0.00462	0.00323	0.00148	0.00452	0.00273	0.00296	0.00539
38	0.01215	0.01371	0.17097	0.09337	0.05037	0.01159	0.14524	0.15573	0.13582	0.03694	0.01306	0.07037	0.01061	0.02010	0.00566	0.00167	0.02147	0.00541	0.01884	0.00691
39	0.00732	0.00534	0.00666	0.00621	0.00765	0.00483	0.00467	0.00963	0.02803	0.03486	0.58522	0.06644	0.15402	0.01016	0.00568	0.00154	0.00250	0.00887	0.00514	0.04523
40	0.00628	0.00500	0.00564	0.00548	0.00693	0.00435	0.00411	0.00797	0.01232	0.01593	0.35714	0.04292	0.48563	0.01145	0.00580	0.00161	0.00242	0.00976	0.00491	0.00435
41	0.01754	0.02208	0.01374	0.01248	0.01482	0.73739	0.00942	0.01881	0.01338	0.01199	0.00777	0.00938	0.00658	0.00652	0.03755	0.00158	0.04753	0.00330	0.00252	0.00563
42	0.00854	0.00427	0.00640	0.00640	0.00640	0.00427	0.00427	0.00640	0.00640	0.00854	0.00854	0.01494	0.00854	0.01707	0.01921	0.85702	0.00427	0.00427	0.00213	0.00213
43	0.00581	0.00498	0.00498	0.00498	0.00664	0.00415	0.00373	0.00705	0.01120	0.01328	0.04978	0.04729	0.79464	0.01245	0.00581	0.00166	0.00249	0.01037	0.00456	0.00415
44	0.00986	0.02542	0.80183	0.01401	0.02127	0.01141	0.01816	0.01556	0.01038	0.01556	0.00882	0.01038	0.00623	0.00467	0.00467	0.00156	0.00726	0.00363	0.00208	0.00726
45	0.01868	0.01376	0.01475	0.01131	0.01524	0.01524	0.00934	0.78025	0.02311	0.03097	0.01180	0.01180	0.00836	0.00590	0.00492	0.00147	0.00541	0.00442	0.00492	0.00836
46	0.01216	0.01168	0.01995	0.03016	0.79664	0.01168	0.01508	0.01508	0.01119	0.01605	0.00924	0.01216	0.00778	0.00438	0.00487	0.00146	0.00584	0.00438	0.00243	0.00778
47	0.02205	0.00836	0.01140	0.00874	0.01254	0.00722	0.00722	0.02395	0.01407	0.80004	0.01939	0.01673	0.01216	0.00608	0.00494	0.00152	0.00418	0.00494	0.00608	0.00836
48	0.04685	0.01696	0.01347	0.01140	0.01447	0.34290	0.00893	0.35113	0.06914	0.02123	0.01116	0.04952	0.00900	0.00601	0.00472	0.00143	0.00656	0.00437	0.00385	0.00690
49	0.00715	0.00476	0.00536	0.00536	0.00536	0.00476	0.00298	0.00715	0.00715	0.00953	0.01548	0.03216	0.01787	0.82729	0.02501	0.00476	0.00476	0.00715	0.00298	0.00298
50	0.86201	0.00950	0.00722	0.00646	0.00950	0.01102	0.00532	0.01445	0.00836	0.02205	0.00684	0.00798	0.00532	0.00456	0.00304	0.00152	0.00380	0.00266	0.00304	0.00532
51	0.01318	0.79133	0.02498	0.00843	0.01252	0.03912	0.00833	0.01477	0.01009	0.01172	0.00706	0.00814	0.00645	0.00426	0.00319	0.00106	0.00528	0.00268	0.02115	0.00625
52	0.00951	0.00722	0.00901	0.00823	0.01045	0.00704	0.03280	0.01412	0.17438	0.05420	0.14282	0.03329	0.12950	0.00921	0.00548	0.00165	0.00368	0.19805	0.03849	0.11087
53	0.01245	0.21889	0.16649	0.02070	0.41889	0.01336	0.01361	0.01550	0.01087	0.05213	0.00904	0.01098	0.00733	0.00447	0.00440	0.00138	0.00588	0.00383	0.00246	0.00734
54	0.14464	0.01286	0.01294	0.01072	0.02876	0.05153	0.00853	0.46184	0.16236	0.03848	0.01245	0.01238	0.00909	0.00577	0.00463	0.00151	0.00504	0.00432	0.00451	0.00765
55	0.01075	0.01075	0.01505	0.01290	0.01290	0.01505	0.01075	0.01183	0.00753	0.01183	0.00645	0.01075	0.00645	0.00860	0.01613	0.00215	0.81830	0.00430	0.00215	0.00538
56	0.01231	0.01207	0.05530	0.09495	0.54060	0.04165	0.03000	0.04126	0.01160	0.04719	0.01068	0.04717	0.00914	0.00521	0.00496	0.00152	0.00591	0.01847	0.00276	0.00727
57	0.00966	0.00792	0.01254	0.20352	0.19059	0.00853	0.04040	0.02423	0.04629	0.01274	0.01105	0.03085	0.01028	0.14762	0.03936	0.18601	0.00569	0.00513	0.00261	0.00499
58	0.01122	0.01196	0.01044	0.00987	0.01127	0.28762	0.00759	0.01276	0.00999	0.01165	0.01081	0.01513	0.00985	0.02402	0.47892	0.00523	0.05972	0.00447	0.00257	0.00491
59	0.00633	0.00510	0.00566	0.00566	0.00708	0.00453	0.00419	0.00824	0.03868	0.01503	0.22936	0.13114	0.49756	0.01199	0.00583	0.00167	0.00254	0.01024	0.00479	0.00438
60	0.01164	0.01223	0.02318	0.11127	0.28368	0.02445	0.38081	0.01554	0.04098	0.01554	0.00985	0.01295	0.00772	0.00451	0.00555	0.00159	0.02402	0.00508	0.00252	0.00689
61	0.01219	0.37028	0.06434	0.01503	0.01977	0.01544	0.40650	0.01529	0.01084	0.01391	0.00853	0.01077	0.00690	0.00419	0.00459	0.00139	0.00691	0.00431	0.00230	0.00652
62	0.01160	0.01326	0.02900	0.02071	0.02568	0.01243	0.77879	0.01574	0.01160	0.01574	0.00994	0.01326	0.00746	0.00414	0.00580	0.00166	0.00829	0.00580	0.00249	0.00663
63	0.00605	0.00432	0.00577	0.00685	0.00715	0.00408	0.00458	0.00692	0.00931	0.01244	0.02636	0.77956	0.03149	0.03309	0.03455	0.00226	0.00325	0.01353	0.00446	0.00398
64	0.01357	0.01094	0.01516	0.01209	0.01500	0.03166	0.15644	0.23238	0.08408	0.08705	0.01503	0.05882	0.04489	0.00995	0.08687	0.00229	0.09226	0.02087	0.00393	0.00670
65	0.01752	0.01265	0.01351	0.01049	0.01408	0.01394	0.00862	0.68661	0.02155	0.02943	0.01231	0.01259	0.00887	0.00588	0.00474	0.00143	0.00503	0.00444	0.10840	0.00790
66	0.00702	0.00527	0.00790	0.00790	0.00878	0.00614	0.00614	0.00878	0.00790	0.01141	0.01316	0.01931	0.01229	0.03686	0.80782	0.00790	0.01316	0.00527	0.00263	0.00439
67	0.27035	0.00901	0.06642	0.04532	0.01065	0.00870	0.00638	0.10631	0.01132	0.03550	0.01190	0.01351	0.00910	0.00528	0.00369	0.00136	0.00374	0.00390	0.37199	0.00558
68	0.01836	0.02342	0.01393	0.01266	0.01519	0.80756	0.00950	0.01962	0.01393	0.01203	0.00760	0.00886	0.00633	0.00506	0.00443	0.00127	0.00886	0.00317	0.00253	0.00570

[dist]
# distance from previous block
# <min> <max>
0	5

[block]
# block no. 7 follows, 51 sequences, length 21
# corresponding to MSA columns:
# 298-318
name=unknown_H
#
# <colnr> <probs for GDERKNQSTAVLIFYWHMCP>
#	G	D	E	R	K	N	Q	S	T	A	V	L	I	F	Y	W	H	M	C	P
0	0.00928	0.00873	0.01474	0.81548	0.03385	0.01092	0.01365	0.01256	0.00983	0.01256	0.00873	0.01310	0.00655	0.00491	0.00491	0.00164	0.00655	0.00437	0.00218	0.00546
1	0.00715	0.00476	0.00536	0.00536	0.00536	0.00476	0.00298	0.00715	0.00715	0.00953	0.01548	0.03216	0.01787	0.82729	0.02501	0.00476	0.00476	0.00715	0.00298	0.00298
2	0.86201	0.00950	0.00722	0.00646	0.00950	0.01102	0.00532	0.01445	0.00836	0.02205	0.00684	0.00798	0.00532	0.00456	0.00304	0.00152	0.00380	0.00266	0.00304	0.00532
3	0.01340	0.00932	0.01097	0.00815	0.01213	0.00811	0.00660	0.13231	0.01275	0.14632	0.01120	0.01185	0.00844	0.00458	0.00432	0.00102	0.02219	0.00358	0.03891	0.53385
4	0.86201	0.00950	0.00722	0.00646	0.00950	0.01102	0.00532	0.01445	0.00836	0.02205	0.00684	0.00798	0.00532	0.00456	0.00304	0.00152	0.00380	0.00266	0.00304	0.00532
5	0.00593	0.00496	0.00518	0.00532	0.00685	0.00421	0.00400	0.00719	0.01107	0.01329	0.04686	0.10808	0.69790	0.01273	0.00589	0.00172	0.00262	0.04750	0.00456	0.00415
6	0.00656	0.00501	0.00601	0.00576	0.00710	0.00447	0.00432	0.00850	0.01297	0.01746	0.53440	0.04040	0.30741	0.01088	0.00580	0.00159	0.00238	0.00941	0.00511	0.00447
7	0.00581	0.00498	0.00498	0.00498	0.00664	0.00415	0.00373	0.00705	0.01120	0.01328	0.04978	0.04729	0.79464	0.01245	0.00581	0.00166	0.00249	0.01037	0.00456	0.00415
8	0.00702	0.00527	0.00790	0.00790	0.00878	0.00614	0.00614	0.00878	0.00790	0.01141	0.01316	0.01931	0.01229	0.03686	0.80782	0.00790	0.01316	0.00527	0.00263	0.00439
9	0.00854	0.00427	0.00640	0.00640	0.00640	0.00427	0.00427	0.00640	0.00640	0.00854	0.00854	0.01494	0.00854	0.01707	0.01921	0.85702	0.00427	0.00427	0.00213	0.00213
10	0.00714	0.00481	0.00561	0.00578	0.00590	0.00479	0.00351	0.00739	0.00766	0.01018	0.01715	0.08509	0.01972	0.70384	0.02221	0.00437	0.00462	0.07385	0.00322	0.00318
11	0.86201	0.00950	0.00722	0.00646	0.00950	0.01102	0.00532	0.01445	0.00836	0.02205	0.00684	0.00798	0.00532	0.00456	0.00304	0.00152	0.00380	0.00266	0.00304	0.00532
12	0.00704	0.00519	0.00752	0.00752	0.00826	0.00594	0.00567	0.00853	0.00778	0.01113	0.01351	0.02124	0.01313	0.15577	0.69006	0.00743	0.01190	0.00555	0.00268	0.00418
13	0.00908	0.00868	0.01351	0.01141	0.01255	0.01027	0.12795	0.01080	0.00976	0.01388	0.13444	0.15935	0.07960	0.00961	0.01041	0.00192	0.36097	0.00740	0.00331	0.00512
14	0.01096	0.17035	0.58135	0.01283	0.01917	0.01258	0.04309	0.01563	0.01058	0.04794	0.02670	0.01089	0.00744	0.00475	0.00447	0.00147	0.00669	0.00370	0.00234	0.00705
15	0.01297	0.13047	0.31998	0.01236	0.03167	0.04186	0.03328	0.20271	0.08590	0.01907	0.01129	0.01375	0.00890	0.00559	0.00470	0.00151	0.00612	0.04742	0.00322	0.00723
16	0.00897	0.00766	0.00803	0.00747	0.00964	0.00806	0.00574	0.01636	0.38474	0.01719	0.08313	0.03269	0.37187	0.00951	0.00542	0.00166	0.00315	0.00796	0.00483	0.00593
