[name]
unknown

[dist]
# distance from previous block
# <min> <max>
0	34

[block]
# block no. 0 follows, 45 sequences, length 145
# corresponding to MSA columns:
# 57-115,117-202
name=unknown_A
#
# <colnr> <probs for GDERKNQSTAVLIFYWHMCP>
#	G	D	E	R	K	N	Q	S	T	A	V	L	I	F	Y	W	H	M	C	P
0	0.01608	0.01231	0.01353	0.01140	0.01480	0.01359	0.00935	0.40280	0.22784	0.02704	0.01813	0.02355	0.01509	0.00815	0.00574	0.00181	0.00523	0.14015	0.00526	0.02814
1	0.09543	0.02970	0.03590	0.01512	0.01973	0.01370	0.29076	0.22060	0.09592	0.04914	0.01242	0.01378	0.00917	0.00543	0.00540	0.00165	0.00659	0.00518	0.00394	0.07044
2	0.01278	0.01249	0.02256	0.23633	0.02698	0.01306	0.35792	0.12109	0.06321	0.01873	0.01245	0.05496	0.00994	0.00584	0.00590	0.00180	0.00746	0.00612	0.00329	0.00708
3	0.01134	0.00973	0.01123	0.00824	0.01284	0.00775	0.00657	0.01496	0.08380	0.01797	0.01072	0.01199	0.00876	0.00429	0.00412	0.00089	0.00400	0.00346	0.00340	0.76394
4	0.00819	0.00698	0.01119	0.00952	0.01145	0.00643	0.14096	0.01064	0.01346	0.01839	0.41286	0.14574	0.14174	0.02947	0.00689	0.00188	0.00388	0.01007	0.00501	0.00524
5	0.01800	0.00780	0.01046	0.00847	0.01159	0.00684	0.00682	0.02020	0.01518	0.50336	0.26791	0.02672	0.05607	0.00833	0.00574	0.00168	0.00383	0.00704	0.00634	0.00763
6	0.00843	0.06629	0.00874	0.00728	0.00830	0.00729	0.00522	0.01029	0.05855	0.01249	0.01981	0.05674	0.08969	0.36231	0.25044	0.00528	0.00762	0.00731	0.00344	0.00449
7	0.00686	0.00525	0.00707	0.08312	0.01051	0.00511	0.00581	0.00811	0.01060	0.01382	0.03114	0.62567	0.13654	0.01527	0.00664	0.00209	0.00345	0.01370	0.00473	0.00454
8	0.01347	0.01242	0.01193	0.01079	0.01371	0.08723	0.00835	0.02629	0.63938	0.02097	0.02298	0.02140	0.07223	0.00759	0.00547	0.00178	0.00466	0.00621	0.00517	0.00798
9	0.01014	0.00954	0.01610	0.79845	0.03697	0.01193	0.01491	0.01371	0.01073	0.01371	0.00954	0.01431	0.00716	0.00537	0.00537	0.00179	0.00716	0.00477	0.00239	0.00596
10	0.01343	0.01225	0.05758	0.24455	0.41332	0.01213	0.01495	0.02941	0.04311	0.09025	0.01151	0.01422	0.00883	0.00527	0.00533	0.00167	0.00641	0.00485	0.00310	0.00783
11	0.01101	0.02632	0.71041	0.01699	0.09568	0.01249	0.01951	0.01695	0.01142	0.01705	0.00968	0.01152	0.00696	0.00507	0.00512	0.00169	0.00778	0.00404	0.00230	0.00799
12	0.01410	0.01155	0.01100	0.00973	0.01242	0.08601	0.00758	0.13322	0.36880	0.02257	0.01797	0.01796	0.01364	0.00670	0.00490	0.00158	0.00452	0.00533	0.24304	0.00738
13	0.00768	0.00515	0.00589	0.00601	0.00604	0.00512	0.00342	0.00777	0.00804	0.01072	0.01813	0.10931	0.02105	0.73508	0.02536	0.00491	0.00500	0.00852	0.00342	0.00336
14	0.01972	0.01482	0.01665	0.01433	0.08972	0.01627	0.01080	0.68859	0.02399	0.03227	0.01262	0.01293	0.00907	0.00628	0.00536	0.00161	0.00595	0.00483	0.00511	0.00907
15	0.02228	0.00914	0.01206	0.00938	0.01314	0.00820	0.00760	0.07241	0.01528	0.65863	0.02023	0.01954	0.01361	0.08388	0.00750	0.00200	0.00472	0.00559	0.00623	0.00857
16	0.01268	0.00801	0.00732	0.00671	0.00852	0.08141	0.00515	0.07107	0.01297	0.07023	0.01651	0.01837	0.01272	0.00622	0.00409	0.00132	0.00358	0.00487	0.64254	0.00570
17	0.01137	0.01112	0.01543	0.01330	0.01330	0.01536	0.01093	0.01243	0.00818	0.01268	0.00799	0.01399	0.00824	0.08638	0.01855	0.00262	0.72508	0.00500	0.00244	0.00562
18	0.01023	0.00954	0.01562	0.72256	0.03464	0.01147	0.01409	0.01370	0.01077	0.01408	0.00954	0.01401	0.00723	0.00523	0.00523	0.00169	0.00685	0.00462	0.00246	0.08643
19	0.00652	0.00475	0.00615	0.00728	0.00773	0.00438	0.00490	0.00750	0.01047	0.01378	0.03197	0.73526	0.10656	0.01651	0.00680	0.00214	0.00308	0.01488	0.00498	0.00438
20	0.01159	0.01153	0.01641	0.08939	0.01629	0.01601	0.01205	0.01299	0.00846	0.01299	0.00729	0.01199	0.00706	0.00901	0.01644	0.00230	0.72527	0.00470	0.00235	0.00588
21	0.02041	0.01504	0.01611	0.01235	0.01665	0.01665	0.01020	0.75997	0.02524	0.03383	0.01289	0.01289	0.00913	0.00644	0.00537	0.00161	0.00591	0.00483	0.00537	0.00913
22	0.01121	0.00977	0.01282	0.01268	0.16051	0.00804	0.00820	0.01376	0.01173	0.01789	0.08313	0.01433	0.01216	0.00480	0.00446	0.00104	0.00430	0.00412	0.00334	0.60171
23	0.01103	0.01118	0.05637	0.01382	0.01625	0.01133	0.23226	0.06157	0.01077	0.01509	0.01211	0.01966	0.01144	0.21155	0.11561	0.00363	0.17150	0.00607	0.00295	0.00580
24	0.00654	0.00467	0.00623	0.00747	0.00779	0.00436	0.00498	0.00747	0.01028	0.01370	0.02959	0.80785	0.03550	0.01682	0.00685	0.00218	0.00311	0.01526	0.00498	0.00436
25	0.01950	0.01482	0.01559	0.01220	0.01630	0.03318	0.00999	0.65114	0.11910	0.03194	0.01392	0.01372	0.01000	0.00653	0.00537	0.00163	0.00578	0.00496	0.00532	0.00898
26	0.01401	0.61951	0.18322	0.01046	0.01572	0.01889	0.01133	0.01668	0.01118	0.04490	0.00847	0.00957	0.00713	0.00478	0.00387	0.00128	0.00614	0.00320	0.00247	0.00720
27	0.03394	0.05884	0.35851	0.01429	0.09125	0.01117	0.01407	0.02041	0.01290	0.31161	0.01397	0.01400	0.00945	0.00564	0.00511	0.00165	0.00630	0.00452	0.00401	0.00835
28	0.01326	0.04224	0.59141	0.01376	0.02065	0.01154	0.01678	0.01847	0.01223	0.16195	0.03932	0.01362	0.00961	0.00559	0.00516	0.00168	0.00705	0.00442	0.00323	0.00803
29	0.02005	0.02558	0.01521	0.01383	0.01659	0.78980	0.01037	0.02143	0.01521	0.01314	0.00830	0.00968	0.00691	0.00553	0.00484	0.00138	0.00968	0.00346	0.00277	0.00622
30	0.01078	0.00801	0.01256	0.39306	0.06188	0.00890	0.01072	0.01326	0.01126	0.10812	0.01835	0.26920	0.03331	0.00933	0.00586	0.00189	0.00541	0.00834	0.00381	0.00594
31	0.01272	0.02314	0.49823	0.01661	0.02334	0.06329	0.19896	0.01795	0.01218	0.06760	0.01061	0.01246	0.00757	0.00509	0.00540	0.00170	0.00810	0.00461	0.00270	0.00773
32	0.00720	0.00547	0.00662	0.00633	0.00777	0.00489	0.00475	0.00935	0.01425	0.01928	0.54417	0.04380	0.28292	0.01181	0.00634	0.00173	0.00259	0.01023	0.00561	0.00489
33	0.00775	0.00541	0.00690	0.00690	0.00726	0.00577	0.00456	0.00848	0.00812	0.01118	0.01596	0.02982	0.01721	0.52010	0.31543	0.00650	0.00867	0.00703	0.00311	0.00383
34	0.84927	0.01038	0.00789	0.00706	0.01038	0.01204	0.00581	0.01578	0.00914	0.02408	0.00747	0.00872	0.00581	0.00498	0.00332	0.00166	0.00415	0.00291	0.00332	0.00581
35	0.01329	0.01275	0.02179	0.03295	0.77787	0.01275	0.01647	0.01647	0.01222	0.01754	0.01010	0.01329	0.00850	0.00478	0.00531	0.00159	0.00638	0.00478	0.00266	0.00850
36	0.01001	0.00500	0.00500	0.00500	0.00625	0.00500	0.00375	0.01251	0.01126	0.02001	0.01751	0.02001	0.01376	0.00625	0.00375	0.00125	0.00250	0.00500	0.84115	0.00500
37	0.02005	0.02558	0.01521	0.01383	0.01659	0.78980	0.01037	0.02143	0.01521	0.01314	0.00830	0.00968	0.00691	0.00553	0.00484	0.00138	0.00968	0.00346	0.00277	0.00622
38	0.01813	0.02165	0.01556	0.01379	0.01601	0.55796	0.01068	0.06776	0.01423	0.01444	0.00830	0.01037	0.00709	0.00650	0.00787	0.00162	0.19502	0.00384	0.00284	0.00633
39	0.00879	0.00832	0.06581	0.00741	0.00996	0.00621	0.00594	0.01054	0.01069	0.01513	0.09299	0.09316	0.12375	0.23329	0.01139	0.00244	0.00423	0.00730	0.00380	0.27886
40	0.01810	0.02233	0.01550	0.01389	0.01601	0.60793	0.01069	0.01943	0.01357	0.01309	0.00800	0.01017	0.00695	0.00644	0.00784	0.00161	0.19590	0.00375	0.00267	0.00614
41	0.84927	0.01038	0.00789	0.00706	0.01038	0.01204	0.00581	0.01578	0.00914	0.02408	0.00747	0.00872	0.00581	0.00498	0.00332	0.00166	0.00415	0.00291	0.00332	0.00581
42	0.01174	0.01174	0.01644	0.01409	0.01409	0.01644	0.01174	0.01292	0.00822	0.01292	0.00705	0.01174	0.00705	0.00940	0.01762	0.00235	0.80153	0.00470	0.00235	0.00587
43	0.84927	0.01038	0.00789	0.00706	0.01038	0.01204	0.00581	0.01578	0.00914	0.02408	0.00747	0.00872	0.00581	0.00498	0.00332	0.00166	0.00415	0.00291	0.00332	0.00581
44	0.01174	0.01174	0.01644	0.01409	0.01409	0.01644	0.01174	0.01292	0.00822	0.01292	0.00705	0.01174	0.00705	0.00940	0.01762	0.00235	0.80153	0.00470	0.00235	0.00587
45	0.02005	0.02558	0.01521	0.01383	0.01659	0.78980	0.01037	0.02143	0.01521	0.01314	0.00830	0.00968	0.00691	0.00553	0.00484	0.00138	0.00968	0.00346	0.00277	0.00622
46	0.00767	0.00575	0.00863	0.00863	0.00959	0.00671	0.00671	0.00959	0.00863	0.01246	0.01438	0.02109	0.01342	0.04026	0.79008	0.00863	0.01438	0.00575	0.00288	0.00479
47	0.01264	0.01085	0.01186	0.05062	0.01456	0.01248	0.00849	0.02600	0.65732	0.02192	0.09352	0.02166	0.01921	0.00754	0.00554	0.00181	0.00423	0.00635	0.00535	0.00804
48	0.00868	0.00573	0.00752	0.00694	0.00839	0.00525	0.00525	0.01118	0.01521	0.07126	0.72571	0.03867	0.04820	0.01069	0.00627	0.00169	0.00267	0.00943	0.00596	0.00533
49	0.01089	0.02700	0.74476	0.01620	0.06165	0.01248	0.01966	0.01697	0.01138	0.01703	0.00966	0.01143	0.00689	0.00508	0.00511	0.00169	0.00785	0.00401	0.00229	0.00796
50	0.00714	0.00541	0.00658	0.00642	0.00777	0.00485	0.00476	0.00919	0.01392	0.01880	0.50035	0.10457	0.26620	0.01222	0.00638	0.00176	0.00263	0.01063	0.00556	0.00485
51	0.01449	0.01219	0.01350	0.01280	0.07149	0.01384	0.00937	0.14570	0.59173	0.02392	0.01952	0.01837	0.01463	0.00696	0.00544	0.00177	0.00468	0.00577	0.00524	0.00860
52	0.00733	0.00544	0.00683	0.00657	0.00788	0.00494	0.00489	0.00958	0.01444	0.01993	0.61403	0.08116	0.17368	0.01172	0.00636	0.00173	0.00259	0.01027	0.00570	0.00494
53	0.01004	0.00914	0.01512	0.72622	0.03416	0.01130	0.01387	0.01342	0.01064	0.01390	0.01024	0.01544	0.00799	0.03778	0.00617	0.00190	0.00684	0.00490	0.04512	0.00581
54	0.84927	0.01038	0.00789	0.00706	0.01038	0.01204	0.00581	0.01578	0.00914	0.02408	0.00747	0.00872	0.00581	0.00498	0.00332	0.00166	0.00415	0.00291	0.00332	0.00581
55	0.01187	0.00980	0.01222	0.00884	0.01344	0.00777	0.03730	0.01429	0.01131	0.05623	0.01010	0.01165	0.00820	0.00432	0.00461	0.00093	0.03129	0.00347	0.00331	0.73905
56	0.00687	0.00546	0.00617	0.00599	0.00757	0.00476	0.00449	0.00872	0.01348	0.01745	0.35716	0.04680	0.47106	0.01249	0.00634	0.00176	0.00264	0.01065	0.00537	0.00476
57	0.01423	0.78687	0.05473	0.00940	0.01411	0.02093	0.00956	0.01611	0.01092	0.01278	0.00754	0.00871	0.00689	0.00461	0.00350	0.00117	0.00582	0.00291	0.00230	0.00693
58	0.02817	0.05193	0.01730	0.25221	0.04951	0.01221	0.11702	0.14648	0.01406	0.06081	0.03036	0.01754	0.06033	0.00628	0.00566	0.00165	0.02453	0.02100	0.00358	0.07935
59	0.01166	0.01225	0.06899	0.38661	0.38508	0.01235	0.01597	0.01523	0.01147	0.01573	0.00981	0.01363	0.00777	0.00507	0.00532	0.00169	0.00684	0.00472	0.00251	0.00729
60	0.01379	0.01245	0.01234	0.01111	0.01413	0.06415	0.00862	0.02806	0.71890	0.02185	0.02096	0.01935	0.01577	0.00717	0.00542	0.00179	0.00460	0.00590	0.00529	0.00835
61	0.84927	0.01038	0.00789	0.00706	0.01038	0.01204	0.00581	0.01578	0.00914	0.02408	0.00747	0.00872	0.00581	0.00498	0.00332	0.00166	0.00415	0.00291	0.00332	0.00581
62	0.00865	0.00618	0.00865	0.00989	0.01112	0.00618	0.00865	0.01112	0.01236	0.01606	0.02842	0.06055	0.03089	0.01483	0.00741	0.00247	0.00494	0.74174	0.00494	0.00494
63	0.00760	0.00549	0.00718	0.00675	0.00802	0.00506	0.00506	0.01013	0.01519	0.02153	0.77503	0.04010	0.05065	0.01097	0.00633	0.00169	0.00253	0.00971	0.00591	0.00506
64	0.00791	0.00572	0.00774	0.00879	0.00985	0.00555	0.00722	0.00993	0.01201	0.01570	0.07420	0.23827	0.08887	0.01499	0.00714	0.00231	0.00420	0.46981	0.00501	0.00478
65	0.02005	0.02558	0.01521	0.01383	0.01659	0.78980	0.01037	0.02143	0.01521	0.01314	0.00830	0.00968	0.00691	0.00553	0.00484	0.00138	0.00968	0.00346	0.00277	0.00622
66	0.00642	0.00526	0.00566	0.00595	0.00739	0.00450	0.00431	0.00770	0.01184	0.01447	0.06482	0.22999	0.58448	0.01430	0.00646	0.00190	0.00281	0.01222	0.00501	0.00450
67	0.01323	0.01123	0.01194	0.01068	0.01363	0.01288	0.00832	0.05937	0.67916	0.02289	0.07775	0.02121	0.01863	0.00752	0.00552	0.00180	0.00419	0.00629	0.00549	0.00827
68	0.01221	0.34371	0.48020	0.01284	0.01944	0.01599	0.01556	0.01663	0.01116	0.01524	0.00876	0.01024	0.00684	0.00490	0.00444	0.00148	0.00705	0.00353	0.00228	0.00751
69	0.00653	0.00470	0.00620	0.00740	0.00777	0.00437	0.00495	0.00748	0.01035	0.01373	0.03046	0.78122	0.06157	0.01670	0.00683	0.00217	0.00310	0.01512	0.00498	0.00437
70	0.01329	0.01275	0.02179	0.03295	0.77787	0.01275	0.01647	0.01647	0.01222	0.01754	0.01010	0.01329	0.00850	0.00478	0.00531	0.00159	0.00638	0.00478	0.00266	0.00850
71	0.01389	0.12994	0.28410	0.01432	0.07338	0.02919	0.07910	0.01842	0.06197	0.14696	0.01436	0.05888	0.02679	0.00675	0.01720	0.00175	0.00655	0.00527	0.00353	0.00765
72	0.01498	0.00717	0.00973	0.00850	0.01100	0.00673	0.00673	0.01680	0.01241	0.36936	0.02451	0.10216	0.11982	0.01870	0.24132	0.00383	0.00712	0.00730	0.00512	0.00673
73	0.00749	0.00573	0.00708	0.00779	0.00919	0.00532	0.00639	0.00935	0.01212	0.01519	0.03954	0.12213	0.34732	0.01448	0.00691	0.00217	0.00384	0.36828	0.00496	0.00472
74	0.01351	0.22383	0.37542	0.01337	0.01873	0.16111	0.01460	0.01721	0.01166	0.01478	0.00859	0.01038	0.00687	0.00547	0.00584	0.00156	0.08389	0.00367	0.00238	0.00715
75	0.04941	0.06636	0.09323	0.03462	0.12514	0.01345	0.17999	0.05816	0.20234	0.08276	0.01387	0.01494	0.01038	0.00574	0.00566	0.00171	0.02531	0.00522	0.00380	0.00791
76	0.01264	0.00658	0.00823	0.00724	0.00932	0.00614	0.00563	0.01561	0.04808	0.21538	0.36976	0.02888	0.03086	0.00859	0.00544	0.00158	0.00312	0.00733	0.20334	0.00624
77	0.00643	0.00544	0.00555	0.00552	0.00730	0.00457	0.00414	0.00786	0.01243	0.01496	0.10160	0.05090	0.72818	0.01342	0.00634	0.00180	0.00271	0.01122	0.00505	0.00457
78	0.00851	0.00602	0.00819	0.00922	0.01025	0.00602	0.00776	0.01057	0.01161	0.01513	0.02652	0.05636	0.02902	0.14614	0.01070	0.00292	0.00499	0.62074	0.00466	0.00466
79	0.01316	0.01344	0.05994	0.03061	0.68946	0.01278	0.01612	0.01729	0.06164	0.01783	0.01084	0.01363	0.00893	0.00496	0.00531	0.00161	0.00632	0.00483	0.00282	0.00847
80	0.01224	0.08178	0.01839	0.22610	0.21149	0.03749	0.06988	0.01606	0.06106	0.01623	0.01036	0.01309	0.00832	0.00491	0.00494	0.00145	0.00617	0.00442	0.00286	0.19275
81	0.00672	0.00480	0.00643	0.00768	0.00807	0.00451	0.00529	0.00778	0.01045	0.01390	0.02949	0.74450	0.03511	0.01665	0.00690	0.00220	0.00327	0.07685	0.00498	0.00441
82	0.01435	0.81458	0.02813	0.00918	0.01378	0.02124	0.00918	0.01607	0.01091	0.01263	0.00746	0.00861	0.00689	0.00459	0.00344	0.00115	0.00574	0.00287	0.00230	0.00689
83	0.01174	0.01174	0.01644	0.01409	0.01409	0.01644	0.01174	0.01292	0.00822	0.01292	0.00705	0.01174	0.00705	0.00940	0.01762	0.00235	0.80153	0.00470	0.00235	0.00587
84	0.01116	0.01011	0.01665	0.02438	0.51220	0.01003	0.01286	0.01372	0.01175	0.01644	0.01672	0.21599	0.01739	0.00875	0.00590	0.00182	0.00543	0.07814	0.00346	0.00713
85	0.02005	0.02558	0.01521	0.01383	0.01659	0.78980	0.01037	0.02143	0.01521	0.01314	0.00830	0.00968	0.00691	0.00553	0.00484	0.00138	0.00968	0.00346	0.00277	0.00622
86	0.00651	0.00480	0.00610	0.00715	0.00770	0.00439	0.00484	0.00751	0.01059	0.01383	0.03359	0.68578	0.15499	0.01630	0.00677	0.00212	0.00305	0.01463	0.00498	0.00439
87	0.01435	0.81458	0.02813	0.00918	0.01378	0.02124	0.00918	0.01607	0.01091	0.01263	0.00746	0.00861	0.00689	0.00459	0.00344	0.00115	0.00574	0.00287	0.00230	0.00689
88	0.01238	0.01166	0.01970	0.10381	0.62276	0.01188	0.01531	0.01546	0.01200	0.01691	0.01210	0.05136	0.01102	0.00602	0.00552	0.00170	0.00621	0.05346	0.00288	0.00784
89	0.01435	0.81458	0.02813	0.00918	0.01378	0.02124	0.00918	0.01607	0.01091	0.01263	0.00746	0.00861	0.00689	0.00459	0.00344	0.00115	0.00574	0.00287	0.00230	0.00689
90	0.00760	0.00549	0.00718	0.00675	0.00802	0.00506	0.00506	0.01013	0.01519	0.02153	0.77503	0.04010	0.05065	0.01097	0.00633	0.00169	0.00253	0.00971	0.00591	0.00506
91	0.01243	0.11582	0.34196	0.01136	0.01722	0.01110	0.01253	0.01628	0.01156	0.08988	0.01126	0.04409	0.00897	0.00531	0.00464	0.00136	0.00590	0.00418	0.00309	0.27105
92	0.00808	0.00623	0.00888	0.00865	0.00934	0.00737	0.00657	0.00958	0.00844	0.01213	0.01413	0.02273	0.01391	0.17652	0.57820	0.00741	0.08829	0.00602	0.00289	0.00462
93	0.00781	0.00520	0.00585	0.00585	0.00585	0.00520	0.00325	0.00781	0.00781	0.01041	0.01691	0.03513	0.01952	0.81135	0.02732	0.00520	0.00520	0.00781	0.00325	0.00325
94	0.01705	0.01221	0.01834	0.06242	0.40707	0.02837	0.02876	0.11268	0.01470	0.22461	0.01338	0.01458	0.00976	0.00553	0.00536	0.00162	0.00600	0.00496	0.00406	0.00855
95	0.01557	0.13447	0.01880	0.01942	0.28509	0.28489	0.01208	0.01907	0.08821	0.01570	0.01118	0.01442	0.00963	0.00578	0.00500	0.00152	0.00715	0.04169	0.00304	0.00729
96	0.00947	0.00767	0.00890	0.00935	0.04900	0.00788	0.00653	0.01538	0.25943	0.03361	0.05818	0.25346	0.23641	0.01176	0.00613	0.00190	0.00355	0.01021	0.00509	0.00610
97	0.01353	0.00947	0.01138	0.00825	0.01290	0.00729	0.00664	0.01586	0.01192	0.15911	0.01170	0.01245	0.00894	0.00447	0.00424	0.00096	0.00409	0.00359	0.00382	0.68940
98	0.02041	0.01504	0.01611	0.01235	0.01665	0.01665	0.01020	0.75997	0.02524	0.03383	0.01289	0.01289	0.00913	0.00644	0.00537	0.00161	0.00591	0.00483	0.00537	0.00913
99	0.01335	0.01153	0.01214	0.01092	0.01396	0.01335	0.00850	0.02852	0.76817	0.02245	0.02185	0.02003	0.01639	0.00728	0.00546	0.00182	0.00425	0.00607	0.00546	0.00850
100	0.01508	0.01114	0.01219	0.01070	0.01392	0.01247	0.00840	0.02814	0.64665	0.14500	0.02174	0.01974	0.01589	0.00718	0.00545	0.00179	0.00430	0.00596	0.00565	0.00860
101	0.01077	0.02777	0.78354	0.01530	0.02323	0.01247	0.01983	0.01700	0.01133	0.01700	0.00963	0.01133	0.00680	0.00510	0.00510	0.00170	0.00793	0.00397	0.00227	0.00793
102	0.02005	0.02558	0.01521	0.01383	0.01659	0.78980	0.01037	0.02143	0.01521	0.01314	0.00830	0.00968	0.00691	0.00553	0.00484	0.00138	0.00968	0.00346	0.00277	0.00622
103	0.00696	0.00514	0.00651	0.00684	0.00780	0.00469	0.00487	0.00865	0.01270	0.01718	0.35306	0.35675	0.16148	0.01379	0.00655	0.00191	0.00280	0.01225	0.00538	0.00469
104	0.02202	0.00896	0.01178	0.00926	0.01307	0.00806	0.00757	0.02515	0.07327	0.65622	0.02091	0.01856	0.01357	0.00666	0.00526	0.00164	0.00436	0.00542	0.07954	0.00872
105	0.00724	0.00547	0.00668	0.00638	0.00780	0.00491	0.00478	0.00944	0.01435	0.01953	0.56992	0.04339	0.25701	0.01172	0.00633	0.00172	0.00259	0.01017	0.00565	0.00491
106	0.00775	0.00542	0.00693	0.00693	0.00730	0.00579	0.00459	0.00849	0.00812	0.01120	0.01593	0.02971	0.01716	0.51363	0.32183	0.00653	0.00875	0.00701	0.00311	0.00385
107	0.00634	0.00544	0.00544	0.00544	0.00725	0.00453	0.00408	0.00770	0.01224	0.01450	0.05438	0.05166	0.77569	0.01359	0.00634	0.00181	0.00272	0.01133	0.00498	0.00453
108	0.00921	0.00470	0.00691	0.00691	0.00691	0.00470	0.00456	0.00705	0.00705	0.00941	0.00989	0.01772	0.01009	0.07790	0.02145	0.78114	0.00470	0.00490	0.00240	0.00240
109	0.01437	0.73085	0.04445	0.01015	0.01480	0.04574	0.04760	0.01633	0.01115	0.01297	0.00771	0.00900	0.00695	0.00463	0.00367	0.00120	0.00609	0.00309	0.00233	0.00691
110	0.02058	0.01990	0.01530	0.01284	0.01634	0.41353	0.01007	0.30961	0.01913	0.09497	0.01132	0.01175	0.00839	0.00599	0.00510	0.00150	0.00772	0.00418	0.00415	0.00763
111	0.00664	0.00514	0.00605	0.00648	0.00760	0.00455	0.00461	0.00803	0.01196	0.01538	0.16730	0.35194	0.35626	0.01444	0.00654	0.00194	0.00285	0.01262	0.00514	0.00455
112	0.01183	0.01094	0.01794	0.49888	0.27580	0.01250	0.01511	0.06344	0.01217	0.01627	0.00994	0.01389	0.00772	0.00525	0.00535	0.00171	0.00682	0.00478	0.00267	0.00699
113	0.01061	0.11377	0.01471	0.08348	0.04090	0.00969	0.10498	0.01364	0.07134	0.06508	0.02059	0.38610	0.02171	0.01074	0.00594	0.00188	0.00490	0.00978	0.00417	0.00599
114	0.01193	0.01029	0.01727	0.06712	0.11721	0.01073	0.18493	0.03004	0.01207	0.08941	0.05349	0.05368	0.13792	0.00969	0.04767	0.00220	0.12717	0.00696	0.00368	0.00655
115	0.00717	0.00512	0.00696	0.00820	0.00879	0.00491	0.00608	0.00857	0.01090	0.01441	0.02924	0.58342	0.03412	0.01622	0.00702	0.00227	0.00366	0.23343	0.00497	0.00454
116	0.01358	0.08158	0.03319	0.02069	0.36995	0.06470	0.02819	0.02958	0.01233	0.04763	0.01078	0.03927	0.00920	0.00513	0.00487	0.00137	0.00585	0.00453	0.00304	0.21454
117	0.01268	0.01198	0.02009	0.16363	0.58792	0.01257	0.01561	0.03345	0.01206	0.01699	0.01015	0.01369	0.00843	0.00627	0.03322	0.00189	0.02397	0.00481	0.00268	0.00789
118	0.01159	0.00953	0.01118	0.00801	0.01276	0.00718	0.00641	0.01396	0.01128	0.04440	0.00995	0.01138	0.00814	0.00407	0.00403	0.00083	0.00400	0.00326	0.00330	0.81476
119	0.01107	0.09515	0.71884	0.01478	0.02242	0.01322	0.01892	0.01692	0.01130	0.01663	0.00945	0.01110	0.00681	0.00506	0.00496	0.00165	0.00775	0.00387	0.00227	0.00784
120	0.00654	0.00467	0.00623	0.00747	0.00779	0.00436	0.00498	0.00747	0.01028	0.01370	0.02959	0.80785	0.03550	0.01682	0.00685	0.00218	0.00311	0.01526	0.00498	0.00436
121	0.00654	0.00467	0.00623	0.00747	0.00779	0.00436	0.00498	0.00747	0.01028	0.01370	0.02959	0.80785	0.03550	0.01682	0.00685	0.00218	0.00311	0.01526	0.00498	0.00436
122	0.00844	0.00684	0.00991	0.00947	0.01019	0.00844	0.00743	0.01009	0.00850	0.01241	0.01317	0.02025	0.01262	0.08492	0.59518	0.00722	0.16153	0.00569	0.00280	0.00489
123	0.01077	0.02777	0.78354	0.01530	0.02323	0.01247	0.01983	0.01700	0.01133	0.01700	0.00963	0.01133	0.00680	0.00510	0.00510	0.00170	0.00793	0.00397	0.00227	0.00793
124	0.00739	0.00548	0.00689	0.00654	0.00789	0.00498	0.00490	0.00973	0.01471	0.02037	0.65657	0.04200	0.16984	0.01140	0.00633	0.00171	0.00256	0.00997	0.00576	0.00498
125	0.01323	0.01269	0.02168	0.04714	0.76413	0.01274	0.01644	0.01642	0.01220	0.01747	0.01009	0.01330	0.00848	0.00479	0.00532	0.00160	0.00639	0.00478	0.00265	0.00846
126	0.00642	0.00532	0.00563	0.00581	0.00736	0.00452	0.00426	0.00775	0.01202	0.01462	0.07575	0.17332	0.63067	0.01402	0.00643	0.00187	0.00278	0.01191	0.00502	0.00452
127	0.00902	0.00739	0.01056	0.00976	0.01028	0.00913	0.01899	0.01014	0.00832	0.01208	0.01240	0.02061	0.01240	0.16966	0.37331	0.06079	0.23193	0.00577	0.00276	0.00469
128	0.01077	0.02777	0.78354	0.01530	0.02323	0.01247	0.01983	0.01700	0.01133	0.01700	0.00963	0.01133	0.00680	0.00510	0.00510	0.00170	0.00793	0.00397	0.00227	0.00793
129	0.01335	0.01153	0.01214	0.01092	0.01396	0.01335	0.00850	0.02852	0.76817	0.02245	0.02185	0.02003	0.01639	0.00728	0.00546	0.00182	0.00425	0.00607	0.00546	0.00850
130	0.01362	0.54197	0.02253	0.00901	0.01358	0.04839	0.00839	0.01553	0.01115	0.01410	0.00812	0.00941	0.00721	0.00445	0.00366	0.00105	0.00537	0.00299	0.00258	0.25691
131	0.01329	0.01275	0.02179	0.03295	0.77787	0.01275	0.01647	0.01647	0.01222	0.01754	0.01010	0.01329	0.00850	0.00478	0.00531	0.00159	0.00638	0.00478	0.00266	0.00850
132	0.02005	0.02558	0.01521	0.01383	0.01659	0.78980	0.01037	0.02143	0.01521	0.01314	0.00830	0.00968	0.00691	0.00553	0.00484	0.00138	0.00968	0.00346	0.00277	0.00622
133	0.01438	0.01027	0.01123	0.00925	0.01217	0.01077	0.00734	0.37097	0.01802	0.06826	0.02625	0.02745	0.23958	0.08807	0.05911	0.00248	0.00536	0.00715	0.00496	0.00691
134	0.00728	0.00547	0.00674	0.00643	0.00783	0.00493	0.00482	0.00953	0.01446	0.01977	0.59540	0.04298	0.23137	0.01163	0.00633	0.00172	0.00258	0.01011	0.00568	0.00493
135	0.01188	0.00946	0.01012	0.00895	0.01155	0.01002	0.00697	0.20103	0.22692	0.02176	0.06271	0.10526	0.27087	0.01025	0.00590	0.00179	0.00397	0.00855	0.00525	0.00679
136	0.00767	0.00575	0.00863	0.00863	0.00959	0.00671	0.00671	0.00959	0.00863	0.01246	0.01438	0.02109	0.01342	0.04026	0.79008	0.00863	0.01438	0.00575	0.00288	0.00479
137	0.01029	0.00975	0.01613	0.72315	0.03477	0.01236	0.01460	0.01364	0.01049	0.01364	0.00930	0.01406	0.00715	0.00575	0.00654	0.00184	0.08341	0.00476	0.00238	0.00595
138	0.84927	0.01038	0.00789	0.00706	0.01038	0.01204	0.00581	0.01578	0.00914	0.02408	0.00747	0.00872	0.00581	0.00498	0.00332	0.00166	0.00415	0.00291	0.00332	0.00581
139	0.01121	0.01556	0.24571	0.08580	0.09484	0.01003	0.04593	0.01504	0.01133	0.01699	0.00968	0.01185	0.00760	0.00455	0.00468	0.00128	0.00592	0.00386	0.00276	0.39538
140	0.01027	0.00879	0.01318	0.01648	0.25199	0.00947	0.00992	0.01458	0.12183	0.01620	0.07099	0.01990	0.01509	0.02206	0.36916	0.00489	0.00949	0.00579	0.00341	0.00653
141	0.01323	0.01217	0.01501	0.01351	0.07167	0.07982	0.06882	0.06558	0.13417	0.04242	0.01335	0.07071	0.01168	0.02544	0.02636	0.00193	0.16859	0.00555	0.00364	0.15635
142	0.01243	0.04828	0.09690	0.01134	0.01412	0.07628	0.05692	0.04227	0.07631	0.08940	0.01761	0.25099	0.01730	0.01061	0.03461	0.00208	0.09059	0.00785	0.00402	0.04009
143	0.01500	0.01642	0.01179	0.01065	0.01307	0.40930	0.00805	0.01742	0.05020	0.04782	0.22962	0.02231	0.07749	0.00774	0.00539	0.00151	0.00645	0.00600	0.00412	0.03965
144	0.54261	0.01166	0.01082	0.06225	0.08655	0.07421	0.00809	0.05359	0.01080	0.02153	0.00872	0.01074	0.00698	0.00774	0.06268	0.00216	0.00586	0.00356	0.00322	0.00621

[dist]
# distance from previous block
# <min> <max>
2	16

[block]
# block no. 1 follows, 45 sequences, length 13
# corresponding to MSA columns:
# 219-231
name=unknown_B
#
# <colnr> <probs for GDERKNQSTAVLIFYWHMCP>
#	G	D	E	R	K	N	Q	S	T	A	V	L	I	F	Y	W	H	M	C	P
0	0.11586	0.05530	0.01407	0.01044	0.01444	0.01315	0.00863	0.30443	0.12014	0.23439	0.01533	0.01455	0.01070	0.00625	0.00500	0.00160	0.00503	0.00476	0.00524	0.04069
1	0.01447	0.04384	0.07770	0.13101	0.18431	0.05631	0.01325	0.16523	0.01383	0.04455	0.01000	0.01264	0.00798	0.00641	0.00811	0.00179	0.19336	0.00459	0.00319	0.00744
2	0.01544	0.23498	0.17206	0.01184	0.01619	0.23587	0.01127	0.01967	0.10464	0.06830	0.05221	0.01321	0.01083	0.00577	0.00471	0.00147	0.00687	0.00419	0.00330	0.00716
3	0.01553	0.01315	0.01361	0.01108	0.01435	0.10980	0.05982	0.33716	0.07514	0.02429	0.04801	0.02101	0.13266	0.00754	0.00540	0.00161	0.00549	0.00608	0.09100	0.00728
4	0.04759	0.00847	0.00872	0.00747	0.00979	0.00906	0.00592	0.25461	0.01570	0.02465	0.01561	0.01725	0.01194	0.00626	0.00426	0.00138	0.00367	0.00486	0.53643	0.00637
5	0.09619	0.01212	0.01258	0.01055	0.01389	0.03404	0.00836	0.23880	0.32190	0.10988	0.01708	0.01743	0.01287	0.06210	0.00671	0.00195	0.00497	0.00538	0.00514	0.00807
6	0.02009	0.02458	0.01530	0.01369	0.01660	0.71601	0.01036	0.09192	0.01617	0.01511	0.00874	0.00999	0.00713	0.00562	0.00489	0.00140	0.00932	0.00359	0.00301	0.00650
7	0.00701	0.00540	0.00650	0.00709	0.00833	0.00490	0.00543	0.00859	0.01193	0.01512	0.09139	0.25845	0.35521	0.01457	0.00672	0.00205	0.00332	0.17833	0.00504	0.00462
8	0.02041	0.01504	0.01611	0.01235	0.01665	0.01665	0.01020	0.75997	0.02524	0.03383	0.01289	0.01289	0.00913	0.00644	0.00537	0.00161	0.00591	0.00483	0.00537	0.00913
9	0.02041	0.01504	0.01611	0.01235	0.01665	0.01665	0.01020	0.75997	0.02524	0.03383	0.01289	0.01289	0.00913	0.00644	0.00537	0.00161	0.00591	0.00483	0.00537	0.00913
10	0.01435	0.81458	0.02813	0.00918	0.01378	0.02124	0.00918	0.01607	0.01091	0.01263	0.00746	0.00861	0.00689	0.00459	0.00344	0.00115	0.00574	0.00287	0.00230	0.00689
11	0.02041	0.01504	0.01611	0.01235	0.01665	0.01665	0.01020	0.75997	0.02524	0.03383	0.01289	0.01289	0.00913	0.00644	0.00537	0.00161	0.00591	0.00483	0.00537	0.00913
12	0.01383	0.70079	0.13737	0.01007	0.01514	0.01997	0.01072	0.01621	0.01097	0.01326	0.00778	0.00900	0.00688	0.00467	0.00368	0.00123	0.00606	0.00303	0.00229	0.00704

[dist]
# distance from previous block
# <min> <max>
0	1

# created by:
# /st0/software/busco_prod/Augustus/scripts/msa2prfl.pl ./align_prep/61689.fa
