[name]
unknown

[dist]
# distance from previous block
# <min> <max>
11	42

[block]
# block no. 0 follows, 44 sequences, length 17
# corresponding to MSA columns:
# 52-68
name=unknown_A
#
# <colnr> <probs for GDERKNQSTAVLIFYWHMCP>
#	G	D	E	R	K	N	Q	S	T	A	V	L	I	F	Y	W	H	M	C	P
0	0.03301	0.02335	0.01135	0.00945	0.01238	0.06923	0.03534	0.04707	0.09354	0.09664	0.07167	0.19868	0.03677	0.00875	0.00543	0.00158	0.00452	0.00751	0.02927	0.20446
1	0.01635	0.01482	0.01654	0.01903	0.27585	0.18960	0.01164	0.07579	0.03289	0.11263	0.03428	0.03768	0.01106	0.00615	0.00582	0.00156	0.04243	0.00497	0.00372	0.08719
2	0.01520	0.24821	0.01598	0.00925	0.01225	0.12842	0.00754	0.05124	0.01274	0.13907	0.06458	0.01920	0.01419	0.19038	0.00992	0.00228	0.00581	0.00516	0.00379	0.04478
3	0.20763	0.05594	0.04106	0.00948	0.01278	0.07934	0.00790	0.09689	0.02644	0.20386	0.10289	0.10149	0.01699	0.00770	0.00509	0.00169	0.00494	0.00606	0.00478	0.00705
4	0.04036	0.08620	0.01720	0.01468	0.12579	0.04727	0.09959	0.10437	0.01511	0.16162	0.18724	0.02000	0.01906	0.00698	0.00589	0.00165	0.02899	0.00602	0.00453	0.00745
5	0.01651	0.12886	0.01426	0.00985	0.01331	0.10559	0.00808	0.14219	0.10176	0.18764	0.02431	0.02315	0.18579	0.00797	0.00535	0.00162	0.00520	0.00624	0.00489	0.00744
6	0.09720	0.00559	0.00638	0.00703	0.00808	0.00535	0.00495	0.00870	0.01105	0.01568	0.07445	0.50386	0.20285	0.01470	0.00642	0.00204	0.00315	0.01292	0.00493	0.00467
7	0.00896	0.00817	0.00961	0.18933	0.01568	0.09047	0.00797	0.01058	0.01108	0.01386	0.02304	0.53753	0.02631	0.01317	0.00639	0.00204	0.00482	0.01176	0.00421	0.00501
8	0.01069	0.00925	0.01203	0.18888	0.01807	0.00815	0.00831	0.01340	0.01166	0.01732	0.09179	0.01522	0.01256	0.00513	0.00462	0.00114	0.00462	0.00432	0.00334	0.55951
9	0.01101	0.01040	0.01423	0.01239	0.01239	0.01408	0.00995	0.01193	0.00825	0.01253	0.00946	0.01739	0.01007	0.19315	0.02016	0.00305	0.61613	0.00550	0.00260	0.00535
10	0.00664	0.00474	0.00633	0.00759	0.00791	0.00443	0.00506	0.00759	0.01044	0.01392	0.03005	0.80485	0.03606	0.01708	0.00696	0.00221	0.00316	0.01550	0.00506	0.00443
11	0.01138	0.02510	0.60824	0.01725	0.02472	0.01292	0.18895	0.01731	0.01182	0.01731	0.01007	0.01224	0.00722	0.00505	0.00547	0.00175	0.00832	0.00458	0.00241	0.00790
12	0.01753	0.01336	0.01449	0.01118	0.01544	0.01404	0.00912	0.48903	0.10162	0.02896	0.01340	0.01364	0.00991	0.00606	0.00510	0.00146	0.00528	0.00466	0.02531	0.20043
13	0.00711	0.00505	0.00610	0.00669	0.00721	0.00472	0.00437	0.00770	0.00997	0.01292	0.03052	0.39562	0.18070	0.23431	0.01337	0.04942	0.00375	0.01200	0.00443	0.00404
14	0.01540	0.31558	0.32390	0.01188	0.01780	0.01491	0.01333	0.01905	0.01229	0.19050	0.01166	0.01210	0.00845	0.00535	0.00462	0.00151	0.00644	0.00395	0.00333	0.00794
15	0.01276	0.01358	0.01641	0.58116	0.06624	0.19014	0.01415	0.01586	0.01202	0.01397	0.00943	0.01341	0.00727	0.00546	0.00533	0.00171	0.00782	0.00454	0.00252	0.00623
16	0.00898	0.00743	0.01065	0.01371	0.18507	0.00712	0.00873	0.01126	0.01265	0.01667	0.11174	0.09575	0.22647	0.01209	0.00659	0.00202	0.00436	0.24837	0.00461	0.00571

[dist]
# distance from previous block
# <min> <max>
1	2

[block]
# block no. 1 follows, 44 sequences, length 12
# corresponding to MSA columns:
# 71-82
name=unknown_B
#
# <colnr> <probs for GDERKNQSTAVLIFYWHMCP>
#	G	D	E	R	K	N	Q	S	T	A	V	L	I	F	Y	W	H	M	C	P
0	0.04646	0.01199	0.01825	0.02053	0.32957	0.01133	0.08423	0.07894	0.01349	0.09853	0.01149	0.01335	0.00891	0.00496	0.00508	0.00144	0.00578	0.00458	0.00352	0.22756
1	0.00659	0.00495	0.00611	0.00703	0.00776	0.00448	0.00481	0.00765	0.01097	0.01414	0.03683	0.60221	0.23431	0.01620	0.00682	0.00211	0.00305	0.01442	0.00506	0.00448
2	0.01121	0.01456	0.21345	0.01004	0.01573	0.00869	0.01006	0.01466	0.01136	0.01763	0.00971	0.01136	0.00777	0.00434	0.00434	0.00105	0.00509	0.00344	0.00299	0.62254
3	0.00831	0.00662	0.00939	0.21395	0.01558	0.00695	0.00750	0.01080	0.01321	0.01802	0.43433	0.03427	0.09529	0.09283	0.00839	0.00212	0.00410	0.00847	0.00470	0.00515
4	0.01258	0.00645	0.00828	0.00727	0.00933	0.00589	0.00565	0.01502	0.01473	0.22042	0.43277	0.03106	0.03443	0.00909	0.00569	0.00162	0.00311	0.00781	0.16258	0.00622
5	0.16113	0.15611	0.05709	0.01104	0.01492	0.12727	0.00950	0.15939	0.21226	0.02184	0.01270	0.01294	0.00977	0.00597	0.00468	0.00159	0.00588	0.00430	0.00401	0.00762
6	0.01758	0.21984	0.01627	0.01075	0.07469	0.01134	0.00834	0.01955	0.01356	0.37159	0.02326	0.02193	0.15388	0.00737	0.00513	0.00157	0.00475	0.00589	0.00494	0.00775
7	0.01882	0.00982	0.01357	0.21650	0.02018	0.01007	0.01000	0.02367	0.14635	0.44412	0.01852	0.01781	0.01241	0.00652	0.00549	0.00175	0.00527	0.00543	0.00540	0.00832
8	0.00874	0.00513	0.00732	0.00732	0.00758	0.00539	0.00501	0.00795	0.00769	0.01051	0.01227	0.02143	0.01251	0.17298	0.22378	0.46544	0.00743	0.00563	0.00269	0.00320
9	0.01380	0.20348	0.01929	0.01235	0.01568	0.15863	0.13988	0.07601	0.01441	0.01787	0.20983	0.01919	0.01928	0.00780	0.02674	0.00175	0.02796	0.00576	0.00373	0.00655
10	0.01234	0.01297	0.02563	0.22853	0.20806	0.01315	0.38490	0.01636	0.01224	0.01662	0.01049	0.01437	0.00809	0.00488	0.00593	0.00178	0.00804	0.00564	0.00266	0.00732
11	0.01610	0.01202	0.01291	0.01055	0.01354	0.01326	0.00820	0.43131	0.15120	0.02607	0.01577	0.02031	0.01334	0.21752	0.01133	0.00263	0.00551	0.00592	0.00490	0.00759

[dist]
# distance from previous block
# <min> <max>
0	7

[block]
# block no. 2 follows, 44 sequences, length 150
# corresponding to MSA columns:
# 90-118,121-241
name=unknown_C
#
# <colnr> <probs for GDERKNQSTAVLIFYWHMCP>
#	G	D	E	R	K	N	Q	S	T	A	V	L	I	F	Y	W	H	M	C	P
0	0.01307	0.01566	0.08315	0.02202	0.02766	0.01384	0.67216	0.04893	0.01332	0.01817	0.01103	0.01442	0.00822	0.00472	0.00631	0.00182	0.00898	0.00620	0.00284	0.00748
1	0.01485	0.41154	0.11583	0.01225	0.04798	0.16851	0.01120	0.04574	0.01277	0.01489	0.01057	0.01519	0.00970	0.00608	0.00456	0.00146	0.00684	0.08025	0.00284	0.00695
2	0.00782	0.00575	0.00740	0.00686	0.00832	0.00522	0.00516	0.01035	0.01515	0.02143	0.71363	0.03989	0.07517	0.01094	0.00633	0.00168	0.00264	0.00964	0.00585	0.04078
3	0.00792	0.00679	0.04164	0.00905	0.01033	0.00706	0.00738	0.01006	0.00888	0.01285	0.01440	0.02100	0.01334	0.03937	0.75349	0.00846	0.01432	0.00576	0.00289	0.00500
4	0.58750	0.05526	0.05556	0.01097	0.06566	0.01263	0.07411	0.01591	0.00994	0.02171	0.00828	0.01017	0.00657	0.00558	0.00466	0.03746	0.00514	0.00353	0.00311	0.00625
5	0.04852	0.01288	0.01894	0.29305	0.42071	0.08137	0.01517	0.01618	0.01203	0.01636	0.00978	0.01333	0.00790	0.00514	0.00529	0.00167	0.00695	0.00465	0.00264	0.00742
6	0.00772	0.00557	0.00729	0.00686	0.00814	0.00514	0.00514	0.01029	0.01543	0.02186	0.77152	0.04072	0.05144	0.01115	0.00643	0.00171	0.00257	0.00986	0.00600	0.00514
7	0.01329	0.01285	0.02224	0.07433	0.70265	0.01294	0.04809	0.01661	0.01235	0.01759	0.01026	0.01360	0.00855	0.00488	0.00544	0.00164	0.00664	0.00492	0.00269	0.00844
8	0.39612	0.40982	0.01829	0.00831	0.01223	0.01666	0.00765	0.01591	0.01015	0.01816	0.00788	0.00934	0.00678	0.00639	0.03682	0.00173	0.00546	0.00306	0.00284	0.00640
9	0.01113	0.00930	0.01399	0.11380	0.23583	0.01010	0.01060	0.09018	0.01174	0.01629	0.01294	0.01943	0.01182	0.13246	0.27166	0.00458	0.00909	0.00563	0.00311	0.00635
10	0.02037	0.02598	0.01545	0.01404	0.01685	0.78652	0.01053	0.02177	0.01545	0.01334	0.00843	0.00983	0.00702	0.00562	0.00492	0.00140	0.00983	0.00351	0.00281	0.00632
11	0.01078	0.00969	0.01393	0.41742	0.02573	0.00979	0.01097	0.01383	0.01109	0.01577	0.00969	0.01298	0.00766	0.00477	0.00477	0.00133	0.00572	0.00407	0.00281	0.40720
12	0.00750	0.00544	0.00722	0.00758	0.00858	0.00516	0.00569	0.00950	0.01305	0.01791	0.37406	0.26865	0.07329	0.01519	0.04906	0.00236	0.00376	0.11574	0.00538	0.00488
13	0.00747	0.00512	0.00615	0.00656	0.00674	0.00498	0.00401	0.00794	0.00920	0.01233	0.06250	0.30027	0.02711	0.49324	0.01945	0.00404	0.00441	0.01063	0.00405	0.00379
14	0.01710	0.02134	0.16457	0.01328	0.01736	0.35566	0.01180	0.06690	0.19873	0.06062	0.01308	0.01342	0.00985	0.00609	0.00519	0.00161	0.00761	0.00446	0.00376	0.00757
15	0.00947	0.00473	0.00710	0.00710	0.00710	0.00473	0.00473	0.00710	0.00710	0.00947	0.00947	0.01657	0.00947	0.01894	0.02131	0.84138	0.00473	0.00473	0.00237	0.00237
16	0.02446	0.00928	0.01265	0.00970	0.01392	0.00801	0.00801	0.02657	0.01560	0.77817	0.02151	0.01856	0.01350	0.00675	0.00548	0.00169	0.00464	0.00548	0.00675	0.00928
17	0.00705	0.00488	0.00620	0.00714	0.00742	0.00464	0.00463	0.00785	0.00992	0.01341	0.02677	0.60713	0.03169	0.19147	0.01144	0.00286	0.00361	0.01346	0.03425	0.00420
18	0.30079	0.01353	0.01280	0.16625	0.05117	0.14205	0.00974	0.05775	0.15976	0.02043	0.01141	0.01282	0.00876	0.00576	0.00466	0.00169	0.00597	0.00423	0.00360	0.00683
19	0.01786	0.01044	0.01229	0.01046	0.01393	0.01090	0.00838	0.02711	0.41701	0.33619	0.02223	0.02160	0.01605	0.00750	0.00562	0.00181	0.00448	0.04139	0.00602	0.00872
20	0.02218	0.00937	0.01231	0.00971	0.01362	0.00854	0.00793	0.02595	0.10793	0.64259	0.06370	0.02002	0.01601	0.00707	0.00554	0.00171	0.00448	0.00581	0.00656	0.00897
21	0.01093	0.02820	0.78016	0.01554	0.02360	0.01266	0.02014	0.01727	0.01151	0.01727	0.00978	0.01151	0.00691	0.00518	0.00518	0.00173	0.00806	0.00403	0.00230	0.00806
22	0.01557	0.67668	0.02631	0.01014	0.01448	0.15301	0.00954	0.01726	0.01183	0.01292	0.00772	0.00893	0.00700	0.00483	0.00374	0.00121	0.00652	0.00302	0.00241	0.00688
23	0.00940	0.00548	0.00655	0.00629	0.00764	0.00520	0.00471	0.01185	0.01350	0.05364	0.38428	0.07419	0.03337	0.00930	0.00533	0.00156	0.00268	0.00800	0.35179	0.00526
24	0.00772	0.00557	0.00729	0.00686	0.00814	0.00514	0.00514	0.01029	0.01543	0.02186	0.77152	0.04072	0.05144	0.01115	0.00643	0.00171	0.00257	0.00986	0.00600	0.00514
25	0.01411	0.01006	0.01271	0.05536	0.12244	0.01107	0.00915	0.11564	0.16123	0.08769	0.01592	0.01720	0.01212	0.00663	0.00604	0.00164	0.07285	0.00523	0.25557	0.00733
26	0.13077	0.01072	0.01544	0.56821	0.03083	0.05387	0.04903	0.01455	0.01099	0.01558	0.01027	0.04782	0.00836	0.00587	0.00524	0.00179	0.00688	0.00504	0.00271	0.00604
27	0.02347	0.00899	0.01213	0.00938	0.01339	0.00781	0.00772	0.02561	0.01532	0.72583	0.02125	0.01868	0.01353	0.00672	0.00537	0.00166	0.00449	0.00545	0.06420	0.00899
28	0.00947	0.00596	0.00785	0.00716	0.00875	0.00544	0.00544	0.01199	0.01545	0.10104	0.69301	0.03840	0.04747	0.01069	0.00633	0.00171	0.00279	0.00940	0.00608	0.00558
29	0.01397	0.01249	0.01234	0.01103	0.01400	0.07401	0.00856	0.06618	0.59879	0.02260	0.08719	0.02093	0.01857	0.00754	0.00557	0.00179	0.00469	0.00621	0.00537	0.00817
30	0.00995	0.00835	0.00901	0.00857	0.01080	0.00883	0.00659	0.01789	0.35756	0.01901	0.09168	0.08928	0.27945	0.01096	0.00613	0.00190	0.00361	0.04858	0.00535	0.00650
31	0.02244	0.01252	0.01466	0.01124	0.01554	0.01283	0.00928	0.42149	0.02103	0.37558	0.01695	0.01560	0.01121	0.00664	0.00547	0.00166	0.00538	0.00517	0.00605	0.00927
32	0.02411	0.00920	0.01254	0.00964	0.01380	0.00795	0.00795	0.02623	0.01560	0.76232	0.03723	0.01902	0.01429	0.00684	0.00550	0.00169	0.00460	0.00557	0.00673	0.00919
33	0.01130	0.00969	0.01130	0.00807	0.01292	0.00727	0.00646	0.01373	0.01130	0.01776	0.00969	0.01130	0.00807	0.00404	0.00404	0.00081	0.00404	0.00323	0.00323	0.84173
34	0.00680	0.00522	0.00593	0.00636	0.00733	0.00470	0.00435	0.00779	0.01087	0.01367	0.03907	0.30749	0.37156	0.15832	0.02312	0.00270	0.00355	0.01214	0.00471	0.00431
35	0.00766	0.00557	0.00721	0.00680	0.00811	0.00512	0.00510	0.01018	0.01530	0.02155	0.74039	0.04123	0.08276	0.01126	0.00643	0.00172	0.00258	0.00993	0.00596	0.00512
36	0.01634	0.01683	0.02031	0.01594	0.01991	0.20713	0.25244	0.16398	0.16332	0.02073	0.01301	0.01432	0.00987	0.00590	0.00585	0.00169	0.02176	0.00530	0.01770	0.00766
37	0.01259	0.01175	0.01948	0.12655	0.57766	0.01211	0.01506	0.01625	0.04476	0.01741	0.01208	0.05859	0.01054	0.00578	0.00544	0.00168	0.00616	0.00552	0.03265	0.00795
38	0.00696	0.00490	0.00630	0.00722	0.00753	0.00464	0.00472	0.00781	0.01022	0.01370	0.06913	0.60995	0.03371	0.17312	0.01104	0.00279	0.00355	0.01369	0.00477	0.00425
39	0.01435	0.76293	0.07534	0.00971	0.01459	0.02102	0.01000	0.01638	0.01110	0.01310	0.00772	0.00892	0.00699	0.00470	0.00360	0.00120	0.00597	0.00298	0.00233	0.00706
40	0.01080	0.03098	0.01686	0.59846	0.08367	0.01220	0.04035	0.01515	0.06337	0.01533	0.05189	0.01614	0.01043	0.00580	0.00549	0.00178	0.00679	0.00521	0.00286	0.00643
41	0.01136	0.00978	0.01159	0.00874	0.03284	0.00742	0.00673	0.01381	0.01133	0.01777	0.00970	0.01136	0.00809	0.00406	0.00407	0.00083	0.00410	0.00327	0.00322	0.81994
42	0.00651	0.00526	0.00580	0.00623	0.00755	0.00454	0.00446	0.00774	0.01174	0.01445	0.04658	0.31101	0.51922	0.01493	0.00662	0.00197	0.00290	0.01288	0.00506	0.00454
43	0.01711	0.01389	0.02327	0.01720	0.02175	0.04333	0.37398	0.15948	0.01569	0.18544	0.01334	0.01487	0.00947	0.00579	0.00673	0.00179	0.05903	0.00572	0.00411	0.00800
44	0.00749	0.00537	0.00732	0.00769	0.00822	0.00572	0.00539	0.00864	0.00904	0.01249	0.01982	0.25626	0.02184	0.23111	0.36160	0.00594	0.00883	0.00923	0.00365	0.00434
45	0.00772	0.00557	0.00729	0.00686	0.00814	0.00514	0.00514	0.01029	0.01543	0.02186	0.77152	0.04072	0.05144	0.01115	0.00643	0.00171	0.00257	0.00986	0.00600	0.00514
46	0.01458	0.81168	0.02857	0.00933	0.01399	0.02157	0.00933	0.01632	0.01108	0.01283	0.00758	0.00875	0.00700	0.00466	0.00350	0.00117	0.00583	0.00292	0.00233	0.00700
47	0.01287	0.01471	0.03217	0.02298	0.02849	0.01379	0.75460	0.01746	0.01287	0.01746	0.01103	0.01471	0.00827	0.00460	0.00643	0.00184	0.00919	0.00643	0.00276	0.00735
48	0.01308	0.01123	0.01191	0.01085	0.01374	0.01293	0.00838	0.02749	0.71247	0.02219	0.02273	0.07452	0.01798	0.00807	0.00564	0.00187	0.00424	0.00681	0.00551	0.00834
49	0.00679	0.00487	0.00646	0.00754	0.00792	0.00464	0.00507	0.00776	0.01023	0.01367	0.02881	0.69326	0.04906	0.06156	0.06193	0.00282	0.00406	0.01434	0.00482	0.00440
50	0.00776	0.00550	0.00714	0.00682	0.00805	0.00510	0.00508	0.01024	0.01498	0.02135	0.69714	0.08273	0.04895	0.01127	0.00635	0.00172	0.00260	0.00997	0.04213	0.00510
51	0.01355	0.01282	0.02129	0.07439	0.66322	0.01326	0.01613	0.04853	0.01271	0.01808	0.01020	0.01346	0.00851	0.00519	0.00601	0.00167	0.04495	0.00485	0.00279	0.00839
52	0.80699	0.01048	0.00824	0.00729	0.01071	0.01203	0.00601	0.01654	0.00959	0.06105	0.00827	0.00933	0.00627	0.00514	0.00348	0.00169	0.00424	0.00307	0.00354	0.00607
53	0.00647	0.00543	0.00562	0.00577	0.00743	0.00458	0.00425	0.00780	0.01219	0.01463	0.05227	0.14095	0.68561	0.01419	0.00650	0.00188	0.00281	0.01198	0.00506	0.00458
54	0.01431	0.75453	0.08340	0.00978	0.01469	0.02092	0.01012	0.01639	0.01111	0.01315	0.00774	0.00895	0.00699	0.00470	0.00362	0.00121	0.00599	0.00300	0.00233	0.00707
55	0.01326	0.01270	0.02164	0.11206	0.64240	0.01298	0.04452	0.02954	0.02554	0.01777	0.01048	0.01376	0.00863	0.00498	0.00545	0.00165	0.00662	0.00494	0.00277	0.00833
56	0.00664	0.00474	0.00633	0.00759	0.00791	0.00443	0.00506	0.00759	0.01044	0.01392	0.03005	0.80485	0.03606	0.01708	0.00696	0.00221	0.00316	0.01550	0.00506	0.00443
57	0.01093	0.02820	0.78016	0.01554	0.02360	0.01266	0.02014	0.01727	0.01151	0.01727	0.00978	0.01151	0.00691	0.00518	0.00518	0.00173	0.00806	0.00403	0.00230	0.00806
58	0.00979	0.00748	0.06119	0.00787	0.00987	0.00592	0.00651	0.01239	0.01463	0.10975	0.54875	0.12043	0.04220	0.01087	0.00629	0.00177	0.00326	0.00956	0.00573	0.00575
59	0.01718	0.01738	0.01798	0.07434	0.28274	0.25899	0.01293	0.19498	0.03610	0.02021	0.01063	0.01249	0.00839	0.00561	0.00527	0.00157	0.00742	0.00448	0.00345	0.00788
60	0.02436	0.00944	0.01275	0.00978	0.01400	0.00825	0.00808	0.04608	0.01587	0.75828	0.02128	0.01841	0.01338	0.00674	0.00548	0.00169	0.00468	0.00547	0.00671	0.00928
61	0.01130	0.00969	0.01130	0.00807	0.01292	0.00727	0.00646	0.01373	0.01130	0.01776	0.00969	0.01130	0.00807	0.00404	0.00404	0.00081	0.00404	0.00323	0.00323	0.84173
62	0.00644	0.00552	0.00552	0.00552	0.00736	0.00460	0.00414	0.00782	0.01243	0.01473	0.05523	0.05247	0.77218	0.01381	0.00644	0.00184	0.00276	0.01151	0.00506	0.00460
63	0.00646	0.00544	0.00561	0.00574	0.00742	0.00458	0.00424	0.00780	0.01222	0.01464	0.05259	0.13123	0.69512	0.01415	0.00650	0.00188	0.00280	0.01192	0.00506	0.00458
64	0.01349	0.01295	0.02213	0.03346	0.77440	0.01295	0.01673	0.01673	0.01241	0.01781	0.01025	0.01349	0.00864	0.00486	0.00540	0.00162	0.00648	0.00486	0.00270	0.00864
65	0.01260	0.33303	0.46768	0.01308	0.01968	0.03637	0.01568	0.01702	0.01144	0.01544	0.00889	0.01039	0.00694	0.00499	0.00452	0.00150	0.00724	0.00358	0.00233	0.00760
66	0.01316	0.01346	0.02393	0.01804	0.02255	0.01369	0.44480	0.02224	0.32504	0.01968	0.01566	0.01705	0.01175	0.00576	0.00607	0.00184	0.00717	0.00632	0.00392	0.00788
67	0.01130	0.00969	0.01130	0.00807	0.01292	0.00727	0.00646	0.01373	0.01130	0.01776	0.00969	0.01130	0.00807	0.00404	0.00404	0.00081	0.00404	0.00323	0.00323	0.84173
68	0.09052	0.01211	0.02203	0.01614	0.02093	0.01128	0.38214	0.02108	0.01368	0.33091	0.01504	0.01578	0.01021	0.00552	0.00578	0.00176	0.00688	0.00574	0.00445	0.00802
69	0.01099	0.07696	0.69030	0.01467	0.02215	0.01282	0.01864	0.01683	0.01170	0.01723	0.05095	0.01292	0.00933	0.00547	0.00514	0.00169	0.00762	0.00427	0.00250	0.00783
70	0.00644	0.00552	0.00552	0.00552	0.00736	0.00460	0.00414	0.00782	0.01243	0.01473	0.05523	0.05247	0.77218	0.01381	0.00644	0.00184	0.00276	0.01151	0.00506	0.00460
71	0.00756	0.00562	0.00828	0.00853	0.00937	0.00634	0.00647	0.00931	0.00909	0.01290	0.01765	0.17623	0.01806	0.03618	0.63269	0.00747	0.01234	0.00775	0.00334	0.00478
72	0.01748	0.01965	0.01992	0.01605	0.01975	0.40208	0.23408	0.07491	0.04118	0.04976	0.01154	0.04683	0.00944	0.00599	0.00555	0.00162	0.00865	0.00519	0.00335	0.00698
73	0.01287	0.01471	0.03217	0.02298	0.02849	0.01379	0.75460	0.01746	0.01287	0.01746	0.01103	0.01471	0.00827	0.00460	0.00643	0.00184	0.00919	0.00643	0.00276	0.00735
74	0.02446	0.00928	0.01265	0.00970	0.01392	0.00801	0.00801	0.02657	0.01560	0.77817	0.02151	0.01856	0.01350	0.00675	0.00548	0.00169	0.00464	0.00548	0.00675	0.00928
75	0.01253	0.01197	0.02039	0.26279	0.55259	0.01270	0.01625	0.01589	0.01196	0.01664	0.01008	0.01381	0.00822	0.00504	0.00541	0.00168	0.00671	0.00485	0.00262	0.00786
76	0.01775	0.01547	0.01375	0.01172	0.01511	0.20097	0.00921	0.20659	0.27995	0.10191	0.01831	0.01754	0.05311	0.00703	0.00541	0.00167	0.00602	0.00543	0.00496	0.00808
77	0.01258	0.01202	0.02048	0.25024	0.56473	0.01271	0.01628	0.01593	0.01198	0.01671	0.01009	0.01379	0.00825	0.00503	0.00541	0.00168	0.00670	0.00485	0.00262	0.00790
78	0.00772	0.00557	0.00729	0.00686	0.00814	0.00514	0.00514	0.01029	0.01543	0.02186	0.77152	0.04072	0.05144	0.01115	0.00643	0.00171	0.00257	0.00986	0.00600	0.00514
79	0.00698	0.00549	0.00636	0.00666	0.00807	0.00487	0.00504	0.00862	0.01260	0.01598	0.16778	0.18256	0.43180	0.01408	0.00666	0.00197	0.00308	0.10145	0.00521	0.00471
80	0.04520	0.41392	0.37949	0.01215	0.01835	0.01704	0.01426	0.01675	0.01121	0.01536	0.00861	0.01004	0.00691	0.00492	0.00428	0.00145	0.00681	0.00344	0.00236	0.00745
81	0.01071	0.00805	0.00947	0.00850	0.01058	0.00837	0.00655	0.07275	0.21635	0.04285	0.49371	0.03258	0.03793	0.00968	0.00609	0.00174	0.00335	0.00838	0.00586	0.00650
82	0.00783	0.00565	0.00745	0.00721	0.00849	0.00527	0.00555	0.01040	0.01511	0.02125	0.68956	0.04302	0.04923	0.01158	0.00655	0.00180	0.00284	0.09019	0.00589	0.00513
83	0.01295	0.01396	0.02847	0.05905	0.25341	0.01346	0.50097	0.01709	0.01265	0.01742	0.01074	0.01433	0.00834	0.00471	0.00608	0.00177	0.00829	0.00589	0.00273	0.00768
84	0.01130	0.00969	0.01130	0.00807	0.01292	0.00727	0.00646	0.01373	0.01130	0.01776	0.00969	0.01130	0.00807	0.00404	0.00404	0.00081	0.00404	0.00323	0.00323	0.84173
85	0.01186	0.01183	0.01794	0.07297	0.01758	0.01536	0.10328	0.01467	0.06175	0.01437	0.00919	0.01345	0.00824	0.00981	0.04746	0.00251	0.55364	0.00512	0.00268	0.00628
86	0.00681	0.00552	0.00608	0.00646	0.00784	0.00493	0.00464	0.00865	0.04381	0.01480	0.04535	0.30430	0.49225	0.01464	0.00658	0.00197	0.00296	0.01262	0.00508	0.00472
87	0.01310	0.21310	0.49645	0.01386	0.02039	0.12208	0.01625	0.01767	0.01195	0.01567	0.00907	0.01062	0.00694	0.00512	0.00475	0.00155	0.00778	0.00369	0.00238	0.00757
88	0.01176	0.01105	0.01850	0.49174	0.31035	0.01255	0.01560	0.03482	0.01186	0.01592	0.00999	0.01411	0.00783	0.00526	0.00543	0.00174	0.00694	0.00485	0.00261	0.00710
89	0.00772	0.00557	0.00729	0.00686	0.00814	0.00514	0.00514	0.01029	0.01543	0.02186	0.77152	0.04072	0.05144	0.01115	0.00643	0.00171	0.00257	0.00986	0.00600	0.00514
90	0.00968	0.00594	0.00672	0.00642	0.00787	0.00602	0.00487	0.02764	0.06484	0.02086	0.26388	0.02690	0.02628	0.00987	0.04728	0.00187	0.00340	0.00675	0.44750	0.00542
91	0.11564	0.05252	0.30494	0.02156	0.33309	0.01329	0.01608	0.04896	0.01221	0.01893	0.00976	0.01196	0.00761	0.00507	0.00499	0.00165	0.00674	0.00423	0.00274	0.00804
92	0.00731	0.00505	0.00626	0.00696	0.00718	0.00489	0.00444	0.00790	0.00941	0.01253	0.02427	0.43002	0.02862	0.36938	0.01624	0.00359	0.00419	0.04351	0.00428	0.00395
93	0.01162	0.01105	0.01875	0.47891	0.34356	0.01246	0.01580	0.01509	0.01153	0.01554	0.00992	0.01410	0.00784	0.00520	0.00543	0.00173	0.00694	0.00485	0.00254	0.00713
94	0.01935	0.01228	0.01553	0.04516	0.13664	0.01279	0.01057	0.27559	0.12397	0.26565	0.01647	0.01597	0.01147	0.00642	0.00547	0.00169	0.00545	0.00526	0.00532	0.00896
95	0.02371	0.00945	0.01263	0.00980	0.01393	0.00840	0.00806	0.02673	0.06733	0.72601	0.02156	0.01868	0.01371	0.00679	0.00549	0.00170	0.00462	0.00553	0.00666	0.00923
96	0.47386	0.01268	0.01178	0.00960	0.01342	0.01434	0.00792	0.35025	0.01666	0.02893	0.01007	0.01077	0.00742	0.00573	0.00431	0.00166	0.00502	0.00384	0.00431	0.00742
97	0.01285	0.01517	0.08079	0.02145	0.06252	0.01364	0.57216	0.01889	0.10938	0.01815	0.01234	0.01515	0.00927	0.00501	0.00618	0.00182	0.00835	0.00616	0.00308	0.00763
98	0.01284	0.01511	0.06053	0.02341	0.07981	0.01369	0.67511	0.01741	0.01278	0.01748	0.01093	0.01450	0.00824	0.00464	0.00631	0.00182	0.00896	0.00623	0.00274	0.00747
99	0.01222	0.01165	0.01983	0.33657	0.48123	0.01262	0.01610	0.01562	0.01181	0.01627	0.01003	0.01391	0.00809	0.00509	0.00542	0.00170	0.00679	0.00485	0.00259	0.00761
100	0.02365	0.00910	0.01239	0.00956	0.01364	0.00787	0.00787	0.02578	0.01560	0.74146	0.05792	0.01963	0.01534	0.00696	0.00553	0.00169	0.00454	0.00569	0.00671	0.00908
101	0.02325	0.00973	0.01295	0.01007	0.01405	0.00898	0.00830	0.05242	0.05201	0.68143	0.02061	0.01816	0.01322	0.00689	0.00602	0.00172	0.03917	0.00546	0.00645	0.00910
102	0.01988	0.01485	0.01589	0.01237	0.01659	0.01651	0.01016	0.67069	0.11253	0.03300	0.01416	0.01394	0.01014	0.00664	0.00546	0.00166	0.00580	0.00506	0.00546	0.00920
103	0.00664	0.00474	0.00633	0.00759	0.00791	0.00443	0.00506	0.00759	0.01044	0.01392	0.03005	0.80485	0.03606	0.01708	0.00696	0.00221	0.00316	0.01550	0.00506	0.00443
104	0.01349	0.01295	0.02213	0.03346	0.77440	0.01295	0.01673	0.01673	0.01241	0.01781	0.01025	0.01349	0.00864	0.00486	0.00540	0.00162	0.00648	0.00486	0.00270	0.00864
105	0.01350	0.57948	0.25131	0.01117	0.01684	0.01893	0.01253	0.01660	0.01121	0.01414	0.00823	0.00956	0.00697	0.00482	0.00400	0.00133	0.00649	0.00325	0.00232	0.00731
106	0.00664	0.00474	0.00633	0.00759	0.00791	0.00443	0.00506	0.00759	0.01044	0.01392	0.03005	0.80485	0.03606	0.01708	0.00696	0.00221	0.00316	0.01550	0.00506	0.00443
107	0.02228	0.01278	0.01482	0.01136	0.01567	0.01321	0.00939	0.45320	0.02147	0.34326	0.01659	0.01536	0.01103	0.00663	0.00547	0.00166	0.00543	0.00515	0.00599	0.00927
108	0.00914	0.00495	0.00743	0.00743	0.00762	0.00515	0.00515	0.00762	0.00743	0.01010	0.01048	0.01753	0.01029	0.02328	0.17258	0.67685	0.00668	0.00495	0.00248	0.00286
109	0.01463	0.01487	0.02194	0.25296	0.05941	0.16543	0.28719	0.01803	0.01301	0.08319	0.01101	0.01398	0.00820	0.00526	0.00571	0.00172	0.00822	0.00523	0.00302	0.00698
110	0.01349	0.01295	0.02213	0.03346	0.77440	0.01295	0.01673	0.01673	0.01241	0.01781	0.01025	0.01349	0.00864	0.00486	0.00540	0.00162	0.00648	0.00486	0.00270	0.00864
111	0.02446	0.00928	0.01265	0.00970	0.01392	0.00801	0.00801	0.02657	0.01560	0.77817	0.02151	0.01856	0.01350	0.00675	0.00548	0.00169	0.00464	0.00548	0.00675	0.00928
112	0.01952	0.02438	0.01627	0.01644	0.11025	0.69115	0.01130	0.02115	0.01508	0.01389	0.00865	0.01028	0.00722	0.00552	0.00498	0.00143	0.00942	0.00368	0.00280	0.00661
113	0.01093	0.02820	0.78016	0.01554	0.02360	0.01266	0.02014	0.01727	0.01151	0.01727	0.00978	0.01151	0.00691	0.00518	0.00518	0.00173	0.00806	0.00403	0.00230	0.00806
114	0.00772	0.00557	0.00729	0.00686	0.00814	0.00514	0.00514	0.01029	0.01543	0.02186	0.77152	0.04072	0.05144	0.01115	0.00643	0.00171	0.00257	0.00986	0.00600	0.00514
115	0.00664	0.00474	0.00633	0.00759	0.00791	0.00443	0.00506	0.00759	0.01044	0.01392	0.03005	0.80485	0.03606	0.01708	0.00696	0.00221	0.00316	0.01550	0.00506	0.00443
116	0.02446	0.00928	0.01265	0.00970	0.01392	0.00801	0.00801	0.02657	0.01560	0.77817	0.02151	0.01856	0.01350	0.00675	0.00548	0.00169	0.00464	0.00548	0.00675	0.00928
117	0.01356	0.01171	0.01233	0.01109	0.01418	0.01356	0.00863	0.02897	0.76455	0.02281	0.02219	0.02034	0.01664	0.00740	0.00555	0.00185	0.00431	0.00616	0.00555	0.00863
118	0.01377	0.01457	0.02907	0.02105	0.02601	0.01439	0.60764	0.10822	0.01411	0.01922	0.01100	0.01430	0.00831	0.00520	0.00716	0.00185	0.06746	0.00612	0.00306	0.00749
119	0.00779	0.00584	0.00876	0.00876	0.00974	0.00681	0.00681	0.00974	0.00876	0.01266	0.01460	0.02142	0.01363	0.04089	0.78680	0.00876	0.01460	0.00584	0.00292	0.00487
120	0.84691	0.01054	0.00801	0.00717	0.01054	0.01223	0.00590	0.01603	0.00928	0.02446	0.00759	0.00886	0.00590	0.00506	0.00337	0.00169	0.00422	0.00295	0.00337	0.00590
121	0.01962	0.01441	0.01665	0.01275	0.01701	0.01568	0.06130	0.62131	0.04343	0.06109	0.01375	0.01396	0.00979	0.00643	0.00545	0.00164	0.00595	0.00508	0.04577	0.00892
122	0.00677	0.00494	0.00640	0.00743	0.00801	0.00457	0.00512	0.00792	0.01102	0.01454	0.07301	0.64709	0.11890	0.01630	0.00690	0.00216	0.00317	0.04613	0.00511	0.00451
123	0.02347	0.00899	0.01213	0.00938	0.01339	0.00781	0.00772	0.02561	0.01532	0.72583	0.02125	0.01868	0.01353	0.00672	0.00537	0.00166	0.00449	0.00545	0.06420	0.00899
124	0.00772	0.00557	0.00729	0.00686	0.00814	0.00514	0.00514	0.01029	0.01543	0.02186	0.77152	0.04072	0.05144	0.01115	0.00643	0.00171	0.00257	0.00986	0.00600	0.00514
125	0.01946	0.02233	0.05840	0.01353	0.01706	0.48894	0.01090	0.21360	0.06962	0.01970	0.01067	0.01150	0.00827	0.00596	0.00511	0.00151	0.00835	0.00409	0.00366	0.00735
126	0.84691	0.01054	0.00801	0.00717	0.01054	0.01223	0.00590	0.01603	0.00928	0.02446	0.00759	0.00886	0.00590	0.00506	0.00337	0.00169	0.00422	0.00295	0.00337	0.00590
127	0.00741	0.00543	0.00688	0.00678	0.00793	0.00498	0.00494	0.00949	0.01402	0.01936	0.54393	0.15944	0.13261	0.04334	0.00734	0.00195	0.00279	0.01085	0.00564	0.00490
128	0.01458	0.81168	0.02857	0.00933	0.01399	0.02157	0.00933	0.01632	0.01108	0.01283	0.00758	0.00875	0.00700	0.00466	0.00350	0.00117	0.00583	0.00292	0.00233	0.00700
129	0.01559	0.01240	0.01311	0.01133	0.01467	0.02816	0.00898	0.17194	0.54238	0.06714	0.02027	0.01971	0.01522	0.00736	0.00557	0.00181	0.00479	0.02539	0.00553	0.00865
130	0.01396	0.01191	0.01255	0.01118	0.01433	0.01375	0.00873	0.06980	0.72307	0.02345	0.02168	0.01993	0.01623	0.00735	0.00554	0.00184	0.00441	0.00609	0.00554	0.00867
131	0.02003	0.01068	0.01282	0.01045	0.01425	0.01082	0.00843	0.08514	0.30079	0.43256	0.02110	0.01880	0.01436	0.00698	0.00550	0.00174	0.00462	0.00570	0.00619	0.00903
132	0.01876	0.01054	0.01672	0.01267	0.01681	0.00975	0.18615	0.05781	0.05730	0.42426	0.07226	0.02084	0.05598	0.00695	0.00583	0.00174	0.00553	0.00635	0.00552	0.00824
133	0.00675	0.00483	0.00643	0.00751	0.00793	0.00450	0.00507	0.00787	0.01096	0.01475	0.10767	0.72485	0.03767	0.01646	0.00690	0.00216	0.00310	0.01491	0.00516	0.00450
134	0.02446	0.00928	0.01265	0.00970	0.01392	0.00801	0.00801	0.02657	0.01560	0.77817	0.02151	0.01856	0.01350	0.00675	0.00548	0.00169	0.00464	0.00548	0.00675	0.00928
135	0.01104	0.02744	0.73817	0.01596	0.02387	0.01272	0.06137	0.01728	0.01159	0.01728	0.00985	0.01169	0.00698	0.00515	0.00525	0.00173	0.00812	0.00416	0.00233	0.00802
136	0.01030	0.00969	0.01635	0.79530	0.03755	0.01211	0.01514	0.01393	0.01090	0.01393	0.00969	0.01453	0.00727	0.00545	0.00545	0.00182	0.00727	0.00484	0.00242	0.00606
137	0.00664	0.00474	0.00633	0.00759	0.00791	0.00443	0.00506	0.00759	0.01044	0.01392	0.03005	0.80485	0.03606	0.01708	0.00696	0.00221	0.00316	0.01550	0.00506	0.00443
138	0.00664	0.00474	0.00633	0.00759	0.00791	0.00443	0.00506	0.00759	0.01044	0.01392	0.03005	0.80485	0.03606	0.01708	0.00696	0.00221	0.00316	0.01550	0.00506	0.00443
139	0.01306	0.48630	0.34070	0.01191	0.01798	0.01787	0.01382	0.01672	0.01126	0.01467	0.00849	0.00989	0.00696	0.00488	0.00420	0.00140	0.00676	0.00338	0.00232	0.00744
140	0.00981	0.00744	0.00996	0.00940	0.01095	0.00856	0.00739	0.10319	0.06702	0.01609	0.01498	0.02031	0.01332	0.03416	0.63240	0.00737	0.01278	0.00575	0.00343	0.00569
141	0.00782	0.00573	0.00821	0.00821	0.00899	0.00651	0.00612	0.00938	0.00860	0.01224	0.01511	0.02424	0.01485	0.19256	0.63680	0.00807	0.01276	0.00625	0.00300	0.00456
142	0.00793	0.00529	0.00595	0.00595	0.00595	0.00529	0.00330	0.00793	0.00793	0.01057	0.01718	0.03568	0.01982	0.80840	0.02775	0.00529	0.00529	0.00793	0.00330	0.00330
143	0.01130	0.00969	0.01130	0.00807	0.01292	0.00727	0.00646	0.01373	0.01130	0.01776	0.00969	0.01130	0.00807	0.00404	0.00404	0.00081	0.00404	0.00323	0.00323	0.84173
144	0.01350	0.01288	0.02158	0.03221	0.73172	0.01299	0.01628	0.01742	0.05464	0.01809	0.01092	0.01388	0.00909	0.00500	0.00541	0.00163	0.00636	0.00493	0.00286	0.00864
145	0.07689	0.01338	0.01252	0.01054	0.01375	0.10413	0.00838	0.30435	0.18891	0.02578	0.01514	0.01547	0.01137	0.00648	0.00494	0.00159	0.00526	0.00492	0.16851	0.00771
146	0.01158	0.22269	0.52348	0.01344	0.02017	0.01436	0.03091	0.01638	0.01149	0.01598	0.01239	0.01371	0.05981	0.00563	0.00487	0.00160	0.00716	0.00431	0.00251	0.00754
147	0.10931	0.03323	0.20271	0.01226	0.01712	0.04777	0.01182	0.27320	0.15208	0.06738	0.01346	0.01361	0.00973	0.00613	0.00511	0.00169	0.00609	0.00463	0.00436	0.00831
148	0.01437	0.76788	0.07059	0.00968	0.01453	0.02107	0.00993	0.01638	0.01110	0.01307	0.00770	0.00890	0.00699	0.00469	0.00359	0.00120	0.00595	0.00298	0.00233	0.00706
149	0.01418	0.16165	0.04125	0.00939	0.01248	0.08194	0.00799	0.06783	0.06122	0.13965	0.31388	0.02417	0.02638	0.00796	0.00542	0.00158	0.00472	0.00650	0.00494	0.00686

[dist]
# distance from previous block
# <min> <max>
8	97

[block]
# block no. 3 follows, 44 sequences, length 72
# corresponding to MSA columns:
# 347-418
name=unknown_D
#
# <colnr> <probs for GDERKNQSTAVLIFYWHMCP>
#	G	D	E	R	K	N	Q	S	T	A	V	L	I	F	Y	W	H	M	C	P
0	0.02446	0.00928	0.01265	0.00970	0.01392	0.00801	0.00801	0.02657	0.01560	0.77817	0.02151	0.01856	0.01350	0.00675	0.00548	0.00169	0.00464	0.00548	0.00675	0.00928
1	0.01603	0.01519	0.05538	0.02065	0.29140	0.07029	0.05494	0.25605	0.10757	0.02330	0.01335	0.01464	0.02414	0.00593	0.00547	0.00166	0.00646	0.00511	0.00396	0.00849
2	0.01258	0.27564	0.51417	0.01336	0.02020	0.01531	0.01628	0.01731	0.01152	0.04358	0.00951	0.01089	0.00717	0.00507	0.00466	0.00155	0.00723	0.00373	0.00247	0.00777
3	0.01458	0.81168	0.02857	0.00933	0.01399	0.02157	0.00933	0.01632	0.01108	0.01283	0.00758	0.00875	0.00700	0.00466	0.00350	0.00117	0.00583	0.00292	0.00233	0.00700
4	0.01130	0.00969	0.01130	0.00807	0.01292	0.00727	0.00646	0.01373	0.01130	0.01776	0.00969	0.01130	0.00807	0.00404	0.00404	0.00081	0.00404	0.00323	0.00323	0.84173
5	0.00838	0.00572	0.00750	0.00697	0.00837	0.00526	0.00526	0.01094	0.01544	0.05199	0.74165	0.03984	0.04993	0.01097	0.00639	0.00171	0.00265	0.00969	0.00603	0.00531
6	0.00664	0.00474	0.00633	0.00759	0.00791	0.00443	0.00506	0.00759	0.01044	0.01392	0.03005	0.80485	0.03606	0.01708	0.00696	0.00221	0.00316	0.01550	0.00506	0.00443
7	0.01193	0.01193	0.01670	0.01431	0.01431	0.01670	0.01193	0.01312	0.00835	0.01312	0.00716	0.01193	0.00716	0.00954	0.01789	0.00239	0.79843	0.00477	0.00239	0.00596
8	0.01389	0.01187	0.01251	0.01116	0.01430	0.01371	0.00871	0.06202	0.73097	0.02333	0.02178	0.02001	0.01631	0.00736	0.00554	0.00184	0.00439	0.00611	0.00554	0.00866
9	0.00875	0.00576	0.00751	0.00695	0.00841	0.00530	0.00526	0.01130	0.01530	0.06461	0.70162	0.03873	0.04793	0.01072	0.00628	0.00170	0.00269	0.00944	0.03638	0.00538
10	0.01287	0.01471	0.03217	0.02298	0.02849	0.01379	0.75460	0.01746	0.01287	0.01746	0.01103	0.01471	0.00827	0.00460	0.00643	0.00184	0.00919	0.00643	0.00276	0.00735
11	0.01356	0.01171	0.01233	0.01109	0.01418	0.01356	0.00863	0.02897	0.76455	0.02281	0.02219	0.02034	0.01664	0.00740	0.00555	0.00185	0.00431	0.00616	0.00555	0.00863
12	0.00747	0.00556	0.00695	0.00660	0.00800	0.00504	0.00495	0.00982	0.01486	0.02051	0.63539	0.04296	0.18841	0.01165	0.00643	0.00174	0.00261	0.01017	0.00582	0.00504
13	0.84691	0.01054	0.00801	0.00717	0.01054	0.01223	0.00590	0.01603	0.00928	0.02446	0.00759	0.00886	0.00590	0.00506	0.00337	0.00169	0.00422	0.00295	0.00337	0.00590
14	0.01160	0.00984	0.01661	0.70006	0.03520	0.01182	0.04158	0.01514	0.01137	0.07923	0.01075	0.01488	0.00784	0.00553	0.00549	0.00181	0.00711	0.00496	0.00280	0.00638
15	0.00664	0.00474	0.00633	0.00759	0.00791	0.00443	0.00506	0.00759	0.01044	0.01392	0.03005	0.80485	0.03606	0.01708	0.00696	0.00221	0.00316	0.01550	0.00506	0.00443
16	0.02041	0.01631	0.01648	0.01349	0.04539	0.09739	0.01062	0.65146	0.02407	0.03153	0.01249	0.01276	0.00901	0.00638	0.00540	0.00161	0.00642	0.00476	0.00507	0.00894
17	0.01910	0.02387	0.01564	0.01409	0.01647	0.67095	0.01074	0.02047	0.01438	0.01331	0.00824	0.01015	0.00704	0.00621	0.00686	0.00155	0.12822	0.00370	0.00275	0.00627
18	0.01327	0.01263	0.02149	0.03233	0.73763	0.01263	0.01635	0.01647	0.01242	0.01774	0.01115	0.01581	0.00973	0.00535	0.00550	0.00166	0.00641	0.04017	0.00281	0.00846
19	0.00719	0.00555	0.00656	0.00631	0.00782	0.00492	0.00473	0.00927	0.01419	0.01892	0.47657	0.04556	0.34822	0.01224	0.00644	0.00177	0.00265	0.01054	0.00561	0.00492
20	0.02292	0.01175	0.01418	0.01087	0.01515	0.01168	0.00898	0.32701	0.01973	0.47189	0.01804	0.01630	0.01176	0.00666	0.00547	0.00167	0.00520	0.00525	0.00621	0.00928
21	0.01029	0.00942	0.01570	0.74957	0.03574	0.01171	0.01448	0.01386	0.01093	0.01430	0.01016	0.01487	0.00766	0.00550	0.00536	0.00179	0.00699	0.00486	0.05082	0.00600
22	0.01020	0.00955	0.01608	0.77366	0.03673	0.01190	0.01486	0.01376	0.01089	0.01393	0.01025	0.03624	0.00806	0.00577	0.00549	0.00183	0.00715	0.00514	0.00249	0.00601
23	0.00772	0.00557	0.00729	0.00686	0.00814	0.00514	0.00514	0.01029	0.01543	0.02186	0.77152	0.04072	0.05144	0.01115	0.00643	0.00171	0.00257	0.00986	0.00600	0.00514
24	0.00779	0.00584	0.00876	0.00876	0.00974	0.00681	0.00681	0.00974	0.00876	0.01266	0.01460	0.02142	0.01363	0.04089	0.78680	0.00876	0.01460	0.00584	0.00292	0.00487
25	0.01063	0.01029	0.01785	0.67787	0.03536	0.01253	0.08412	0.01421	0.01094	0.01421	0.00967	0.01440	0.00735	0.00561	0.00626	0.00185	0.05323	0.00499	0.00245	0.00617
26	0.01677	0.01779	0.01384	0.01239	0.01543	0.33203	0.00951	0.06716	0.41428	0.01956	0.01601	0.01560	0.01226	0.00662	0.00528	0.00165	0.00668	0.00500	0.00441	0.00771
27	0.00772	0.00557	0.00729	0.00686	0.00814	0.00514	0.00514	0.01029	0.01543	0.02186	0.77152	0.04072	0.05144	0.01115	0.00643	0.00171	0.00257	0.00986	0.00600	0.00514
28	0.02046	0.01514	0.01621	0.01249	0.01681	0.01678	0.01030	0.72962	0.05266	0.03394	0.01342	0.01335	0.00954	0.00658	0.00546	0.00164	0.00594	0.00495	0.00546	0.00925
29	0.01148	0.01078	0.01661	0.47500	0.02917	0.01291	0.07499	0.01822	0.21328	0.01656	0.01301	0.01596	0.00986	0.00614	0.00628	0.00186	0.05242	0.00533	0.00329	0.00685
30	0.01263	0.01424	0.03069	0.09499	0.02934	0.01363	0.68565	0.01713	0.01268	0.01713	0.01090	0.01469	0.00818	0.00468	0.00634	0.00184	0.00901	0.00629	0.00273	0.00723
31	0.00706	0.00555	0.00638	0.00617	0.00774	0.00486	0.00463	0.00902	0.01388	0.01818	0.40153	0.04679	0.42373	0.01252	0.00644	0.00178	0.00267	0.01071	0.00552	0.00486
32	0.01366	0.01284	0.02137	0.08896	0.67670	0.01311	0.01625	0.05837	0.01305	0.01846	0.01037	0.01355	0.00857	0.00500	0.00540	0.00163	0.00651	0.00486	0.00283	0.00848
33	0.01482	0.01303	0.02078	0.09025	0.07803	0.01353	0.25578	0.28325	0.01710	0.02297	0.01418	0.06269	0.01209	0.00699	0.00603	0.00182	0.00696	0.06800	0.00402	0.00766
34	0.00717	0.00519	0.00682	0.00749	0.00827	0.00484	0.00539	0.00881	0.01232	0.01671	0.26712	0.45590	0.07598	0.01484	0.00682	0.00206	0.00313	0.08106	0.00536	0.00472
35	0.09009	0.01257	0.02340	0.23126	0.19818	0.01300	0.31912	0.01621	0.01190	0.01725	0.01017	0.01384	0.00786	0.00493	0.00565	0.00177	0.00760	0.00533	0.00271	0.00716
36	0.01281	0.01231	0.02134	0.03034	0.65230	0.01222	0.06572	0.01593	0.01226	0.01742	0.01215	0.08736	0.01117	0.00598	0.00561	0.00169	0.00635	0.00596	0.00292	0.00816
37	0.35548	0.04833	0.36498	0.01256	0.01833	0.01291	0.08237	0.01674	0.01070	0.02008	0.00892	0.01061	0.00662	0.00506	0.00449	0.00170	0.00650	0.00377	0.00279	0.00707
38	0.01751	0.41395	0.02193	0.01172	0.01544	0.40880	0.00994	0.01908	0.01329	0.01309	0.00801	0.00930	0.00701	0.00515	0.00422	0.00129	0.00786	0.00322	0.00257	0.00665
39	0.00709	0.00538	0.00653	0.00659	0.00785	0.00482	0.00481	0.00894	0.01343	0.01793	0.38846	0.20475	0.27715	0.01324	0.00655	0.00186	0.00276	0.01157	0.00551	0.00482
40	0.01619	0.01686	0.01601	0.27150	0.04823	0.33088	0.03894	0.02003	0.09226	0.08004	0.01155	0.01352	0.00876	0.00578	0.00528	0.00163	0.00783	0.00455	0.00330	0.00684
41	0.01354	0.58890	0.24228	0.01109	0.01672	0.01904	0.01240	0.01659	0.01120	0.01409	0.00821	0.00953	0.00697	0.00481	0.00398	0.00133	0.00646	0.00323	0.00232	0.00730
42	0.00779	0.00584	0.00876	0.00876	0.00974	0.00681	0.00681	0.00974	0.00876	0.01266	0.01460	0.02142	0.01363	0.04089	0.78680	0.00876	0.01460	0.00584	0.00292	0.00487
43	0.00714	0.00516	0.00675	0.00718	0.00800	0.00477	0.00507	0.00887	0.01285	0.01768	0.37965	0.42091	0.06727	0.01418	0.00669	0.00197	0.00287	0.01272	0.00550	0.00477
44	0.02292	0.01175	0.01418	0.01087	0.01515	0.01168	0.00898	0.32701	0.01973	0.47189	0.01804	0.01630	0.01176	0.00666	0.00547	0.00167	0.00520	0.00525	0.00621	0.00928
45	0.01813	0.01398	0.01490	0.01202	0.01592	0.01570	0.00974	0.49313	0.29294	0.03018	0.01638	0.01571	0.01194	0.00685	0.00549	0.00171	0.00539	0.00536	0.00549	0.00904
46	0.00664	0.00474	0.00633	0.00759	0.00791	0.00443	0.00506	0.00759	0.01044	0.01392	0.03005	0.80485	0.03606	0.01708	0.00696	0.00221	0.00316	0.01550	0.00506	0.00443
47	0.00644	0.00552	0.00552	0.00552	0.00736	0.00460	0.00414	0.00782	0.01243	0.01473	0.05523	0.05247	0.77218	0.01381	0.00644	0.00184	0.00276	0.01151	0.00506	0.00460
48	0.02446	0.00928	0.01265	0.00970	0.01392	0.00801	0.00801	0.02657	0.01560	0.77817	0.02151	0.01856	0.01350	0.00675	0.00548	0.00169	0.00464	0.00548	0.00675	0.00928
49	0.01428	0.00703	0.00939	0.00797	0.01041	0.00627	0.00627	0.01667	0.01550	0.31837	0.47748	0.03203	0.03656	0.00942	0.00606	0.00170	0.00338	0.00814	0.00629	0.00676
50	0.00664	0.00474	0.00633	0.00759	0.00791	0.00443	0.00506	0.00759	0.01044	0.01392	0.03005	0.80485	0.03606	0.01708	0.00696	0.00221	0.00316	0.01550	0.00506	0.00443
51	0.01161	0.01103	0.01873	0.48160	0.34096	0.01246	0.01580	0.01508	0.01152	0.01553	0.00992	0.01411	0.00783	0.00521	0.00543	0.00174	0.00694	0.00485	0.00254	0.00712
52	0.00664	0.00474	0.00633	0.00759	0.00791	0.00443	0.00506	0.00759	0.01044	0.01392	0.03005	0.80485	0.03606	0.01708	0.00696	0.00221	0.00316	0.01550	0.00506	0.00443
53	0.01289	0.01180	0.01413	0.01242	0.01423	0.01485	0.00999	0.02244	0.45317	0.01882	0.01600	0.01688	0.01274	0.00828	0.01063	0.00207	0.33130	0.00559	0.00425	0.00753
54	0.01287	0.01471	0.03217	0.02298	0.02849	0.01379	0.75460	0.01746	0.01287	0.01746	0.01103	0.01471	0.00827	0.00460	0.00643	0.00184	0.00919	0.00643	0.00276	0.00735
55	0.00779	0.00584	0.00876	0.00876	0.00974	0.00681	0.00681	0.00974	0.00876	0.01266	0.01460	0.02142	0.01363	0.04089	0.78680	0.00876	0.01460	0.00584	0.00292	0.00487
56	0.00656	0.00506	0.00600	0.00674	0.00768	0.00450	0.00468	0.00769	0.01126	0.01425	0.04042	0.49504	0.33917	0.01573	0.00675	0.00206	0.00300	0.01385	0.00506	0.00450
57	0.02037	0.02598	0.01545	0.01404	0.01685	0.78652	0.01053	0.02177	0.01545	0.01334	0.00843	0.00983	0.00702	0.00562	0.00492	0.00140	0.00983	0.00351	0.00281	0.00632
58	0.00776	0.00533	0.00598	0.00595	0.00622	0.00521	0.00349	0.00805	0.00882	0.01164	0.06380	0.03770	0.09934	0.68119	0.02434	0.00473	0.00487	0.00841	0.00364	0.00354
