[name]
unknown

[dist]
# distance from previous block
# <min> <max>
0	54

[block]
# block no. 0 follows, 44 sequences, length 6
# corresponding to MSA columns:
# 54-59
name=unknown_A
#
# <colnr> <probs for GDERKNQSTAVLIFYWHMCP>
#	G	D	E	R	K	N	Q	S	T	A	V	L	I	F	Y	W	H	M	C	P
0	0.01530	0.01063	0.01211	0.01056	0.01343	0.01139	0.00839	0.28665	0.17033	0.10594	0.02124	0.20214	0.01948	0.00997	0.00602	0.00190	0.00476	0.07665	0.00548	0.00763
1	0.01204	0.26527	0.55274	0.01366	0.02069	0.01536	0.01687	0.01698	0.01138	0.01592	0.00912	0.01067	0.00693	0.00502	0.00467	0.00156	0.00738	0.00369	0.00231	0.00774
2	0.01046	0.11474	0.47232	0.01235	0.01808	0.01159	0.01462	0.01518	0.01257	0.01804	0.22505	0.01945	0.01952	0.00681	0.00533	0.00166	0.00624	0.00555	0.00335	0.00711
3	0.00818	0.00635	0.00820	0.00795	0.00967	0.00569	0.00579	0.00974	0.01036	0.01477	0.02134	0.43088	0.02386	0.01793	0.15489	0.00307	0.00559	0.01018	0.00413	0.24142
4	0.00998	0.23468	0.01488	0.11484	0.05697	0.01108	0.00831	0.01206	0.01207	0.01493	0.08340	0.03280	0.28596	0.00952	0.00552	0.00169	0.00465	0.07702	0.00387	0.00578
5	0.00898	0.00816	0.01417	0.29670	0.02204	0.00874	0.13049	0.01150	0.01100	0.01450	0.01955	0.38893	0.02107	0.01082	0.00632	0.00201	0.00564	0.01015	0.00373	0.00550

[dist]
# distance from previous block
# <min> <max>
0	8

[block]
# block no. 1 follows, 44 sequences, length 6
# corresponding to MSA columns:
# 71-76
name=unknown_B
#
# <colnr> <probs for GDERKNQSTAVLIFYWHMCP>
#	G	D	E	R	K	N	Q	S	T	A	V	L	I	F	Y	W	H	M	C	P
0	0.05366	0.16043	0.07894	0.00948	0.01274	0.01131	0.00842	0.13461	0.01468	0.11192	0.16709	0.17421	0.02268	0.00902	0.00546	0.00169	0.00465	0.00751	0.00469	0.00680
1	0.58099	0.01361	0.01056	0.00930	0.01236	0.14526	0.00750	0.06483	0.01132	0.02224	0.00805	0.00956	0.00642	0.00563	0.00501	0.00169	0.07282	0.00333	0.00333	0.00620
2	0.43333	0.10035	0.09985	0.00937	0.01339	0.01342	0.00863	0.01963	0.18319	0.05479	0.01179	0.01220	0.00893	0.00564	0.00418	0.00167	0.00487	0.00392	0.00378	0.00704
3	0.09757	0.51638	0.02175	0.00905	0.01313	0.01709	0.00842	0.01774	0.05826	0.10563	0.07835	0.01348	0.01222	0.00570	0.00411	0.00137	0.00515	0.00404	0.00348	0.00709
4	0.17239	0.00599	0.00656	0.00721	0.00823	0.00605	0.00502	0.00930	0.01019	0.01581	0.02676	0.52741	0.09047	0.07366	0.00776	0.00231	0.00350	0.01212	0.00460	0.00465
5	0.08143	0.20093	0.35726	0.01159	0.01679	0.01284	0.01297	0.01544	0.01119	0.04930	0.01360	0.16738	0.01288	0.00747	0.00501	0.00169	0.00611	0.00601	0.00314	0.00697

[dist]
# distance from previous block
# <min> <max>
14	26

[block]
# block no. 2 follows, 44 sequences, length 91
# corresponding to MSA columns:
# 105-160,163-197
name=unknown_C
#
# <colnr> <probs for GDERKNQSTAVLIFYWHMCP>
#	G	D	E	R	K	N	Q	S	T	A	V	L	I	F	Y	W	H	M	C	P
0	0.05450	0.22810	0.41790	0.01239	0.01846	0.01419	0.01443	0.01752	0.03794	0.06685	0.06043	0.01335	0.01058	0.00561	0.00477	0.00158	0.00657	0.00424	0.00301	0.00758
1	0.01254	0.19889	0.06554	0.00893	0.01338	0.01113	0.00804	0.05162	0.01236	0.05624	0.03391	0.04864	0.06726	0.00599	0.00450	0.00120	0.00468	0.00472	0.00354	0.38692
2	0.01458	0.81168	0.02857	0.00933	0.01399	0.02157	0.00933	0.01632	0.01108	0.01283	0.00758	0.00875	0.00700	0.00466	0.00350	0.00117	0.00583	0.00292	0.00233	0.00700
3	0.01532	0.66580	0.05324	0.01026	0.01476	0.13625	0.00989	0.01718	0.01175	0.01306	0.00778	0.00901	0.00700	0.00483	0.00377	0.00122	0.00651	0.00304	0.00240	0.00693
4	0.00793	0.00920	0.12297	0.00781	0.01040	0.00640	0.00714	0.01112	0.04410	0.01838	0.34228	0.04016	0.32937	0.01115	0.00621	0.00177	0.00354	0.00949	0.00505	0.00551
5	0.00644	0.00552	0.00552	0.00552	0.00736	0.00460	0.00414	0.00782	0.01243	0.01473	0.05523	0.05247	0.77218	0.01381	0.00644	0.00184	0.00276	0.01151	0.00506	0.00460
6	0.00712	0.00563	0.00647	0.00648	0.00807	0.00497	0.00501	0.00901	0.01339	0.01718	0.27921	0.04981	0.45633	0.01311	0.00657	0.00188	0.00297	0.09662	0.00536	0.00482
7	0.00776	0.00559	0.00741	0.00742	0.00859	0.00524	0.00568	0.01014	0.01445	0.02016	0.57892	0.12728	0.04674	0.01238	0.00665	0.00189	0.00300	0.11989	0.00575	0.00505
8	0.01193	0.01193	0.01670	0.01431	0.01431	0.01670	0.01193	0.01312	0.00835	0.01312	0.00716	0.01193	0.00716	0.00954	0.01789	0.00239	0.79843	0.00477	0.00239	0.00596
9	0.00879	0.00628	0.00879	0.01004	0.01130	0.00628	0.00879	0.01130	0.01255	0.01632	0.02887	0.06150	0.03138	0.01506	0.00753	0.00251	0.00502	0.73770	0.00502	0.00502
10	0.01458	0.81168	0.02857	0.00933	0.01399	0.02157	0.00933	0.01632	0.01108	0.01283	0.00758	0.00875	0.00700	0.00466	0.00350	0.00117	0.00583	0.00292	0.00233	0.00700
11	0.00652	0.00524	0.00581	0.00627	0.00756	0.00454	0.00447	0.00774	0.01171	0.01443	0.04611	0.32479	0.50575	0.01499	0.00663	0.00198	0.00291	0.01295	0.00506	0.00454
12	0.01030	0.00969	0.01635	0.79530	0.03755	0.01211	0.01514	0.01393	0.01090	0.01393	0.00969	0.01453	0.00727	0.00545	0.00545	0.00182	0.00727	0.00484	0.00242	0.00606
13	0.01111	0.05564	0.73525	0.01550	0.02337	0.01300	0.03769	0.01724	0.01153	0.01711	0.00974	0.01149	0.00694	0.00515	0.00515	0.00171	0.00801	0.00405	0.00231	0.00800
14	0.01461	0.01493	0.01286	0.01014	0.01435	0.24215	0.00792	0.06165	0.01343	0.01745	0.00952	0.01097	0.00783	0.00467	0.00439	0.00104	0.00590	0.00342	0.00324	0.53954
15	0.00664	0.00474	0.00633	0.00759	0.00791	0.00443	0.00506	0.00759	0.01044	0.01392	0.03005	0.80485	0.03606	0.01708	0.00696	0.00221	0.00316	0.01550	0.00506	0.00443
16	0.01795	0.01385	0.01635	0.17482	0.04731	0.01561	0.01148	0.53987	0.06014	0.02897	0.01276	0.01377	0.00921	0.00630	0.00546	0.00168	0.00619	0.00496	0.00474	0.00855
17	0.01404	0.01107	0.01272	0.01234	0.06037	0.02657	0.00923	0.04354	0.47144	0.09089	0.02098	0.02429	0.01692	0.00918	0.02993	0.00212	0.03317	0.09804	0.00517	0.00800
18	0.00664	0.00474	0.00633	0.00759	0.00791	0.00443	0.00506	0.00759	0.01044	0.01392	0.03005	0.80485	0.03606	0.01708	0.00696	0.00221	0.00316	0.01550	0.00506	0.00443
19	0.01212	0.01213	0.02235	0.32156	0.31341	0.01283	0.19409	0.01584	0.01195	0.01625	0.01023	0.01418	0.00803	0.00502	0.00567	0.00175	0.00743	0.00523	0.00261	0.00734
20	0.26531	0.01257	0.01656	0.03696	0.33927	0.01348	0.03126	0.15154	0.04573	0.02294	0.01048	0.01237	0.00823	0.00534	0.00483	0.00166	0.00571	0.00439	0.00352	0.00784
21	0.00663	0.00478	0.00629	0.00750	0.00788	0.00444	0.00502	0.00760	0.01053	0.01395	0.03121	0.77011	0.07004	0.01693	0.00693	0.00220	0.00314	0.01531	0.00506	0.00444
22	0.00893	0.00573	0.00746	0.00719	0.00857	0.00522	0.00533	0.01103	0.01418	0.08843	0.49922	0.20458	0.08884	0.01219	0.00646	0.00183	0.00290	0.01078	0.00581	0.00533
23	0.01093	0.02820	0.78016	0.01554	0.02360	0.01266	0.02014	0.01727	0.01151	0.01727	0.00978	0.01151	0.00691	0.00518	0.00518	0.00173	0.00806	0.00403	0.00230	0.00806
24	0.01230	0.05473	0.07086	0.22277	0.20925	0.01357	0.28051	0.01618	0.01194	0.01626	0.01013	0.01378	0.00792	0.00507	0.00605	0.00176	0.03177	0.00527	0.00260	0.00731
25	0.01234	0.01177	0.02004	0.30921	0.50770	0.01265	0.01616	0.01572	0.01187	0.01641	0.01005	0.01387	0.00814	0.00507	0.00542	0.00169	0.00676	0.00485	0.00260	0.00770
26	0.00703	0.00583	0.00620	0.00620	0.00791	0.00519	0.00461	0.00934	0.05862	0.01586	0.12251	0.12369	0.58088	0.01347	0.00644	0.00187	0.00288	0.01141	0.00519	0.00489
27	0.74768	0.04759	0.00953	0.00772	0.01117	0.03971	0.00640	0.04564	0.01022	0.02394	0.00784	0.00905	0.00613	0.00512	0.00352	0.00165	0.00456	0.00305	0.00339	0.00610
28	0.00748	0.00551	0.00712	0.00736	0.00847	0.00519	0.00555	0.00945	0.01301	0.01766	0.35638	0.19705	0.14017	0.03481	0.05857	0.00249	0.00391	0.10969	0.00528	0.00485
29	0.03043	0.01561	0.14826	0.01085	0.01489	0.11238	0.00999	0.23650	0.01647	0.02297	0.07245	0.01562	0.01256	0.00620	0.00491	0.00147	0.00571	0.00477	0.15642	0.10153
30	0.00664	0.00474	0.00633	0.00759	0.00791	0.00443	0.00506	0.00759	0.01044	0.01392	0.03005	0.80485	0.03606	0.01708	0.00696	0.00221	0.00316	0.01550	0.00506	0.00443
31	0.01550	0.01612	0.01871	0.12901	0.26795	0.24933	0.06947	0.01807	0.01305	0.06207	0.01067	0.03310	0.00883	0.00589	0.00620	0.00167	0.05929	0.00487	0.00299	0.00723
32	0.21183	0.05819	0.01218	0.01008	0.01157	0.01200	0.00829	0.01267	0.00890	0.01565	0.01024	0.01476	0.00941	0.02060	0.31866	0.00467	0.24723	0.00464	0.00283	0.00558
33	0.00779	0.00584	0.00876	0.00876	0.00974	0.00681	0.00681	0.00974	0.00876	0.01266	0.01460	0.02142	0.01363	0.04089	0.78680	0.00876	0.01460	0.00584	0.00292	0.00487
34	0.01300	0.01965	0.36046	0.01663	0.13433	0.01336	0.01521	0.08605	0.24525	0.02057	0.01398	0.01468	0.01038	0.00594	0.00535	0.00174	0.00648	0.00489	0.00364	0.00843
35	0.00793	0.00529	0.00595	0.00595	0.00595	0.00529	0.00330	0.00793	0.00793	0.01057	0.01718	0.03568	0.01982	0.80840	0.02775	0.00529	0.00529	0.00793	0.00330	0.00330
36	0.00928	0.00491	0.00706	0.00706	0.00727	0.00501	0.00482	0.00787	0.00766	0.01072	0.01103	0.01827	0.01075	0.05667	0.10137	0.64748	0.00563	0.00503	0.06923	0.00289
37	0.00664	0.00474	0.00633	0.00759	0.00791	0.00443	0.00506	0.00759	0.01044	0.01392	0.03005	0.80485	0.03606	0.01708	0.00696	0.00221	0.00316	0.01550	0.00506	0.00443
38	0.01287	0.01471	0.03217	0.02298	0.02849	0.01379	0.75460	0.01746	0.01287	0.01746	0.01103	0.01471	0.00827	0.00460	0.00643	0.00184	0.00919	0.00643	0.00276	0.00735
39	0.23099	0.60338	0.02322	0.00877	0.01310	0.01914	0.00844	0.01625	0.01061	0.01585	0.00758	0.00877	0.00671	0.00477	0.00347	0.00130	0.00541	0.00292	0.00260	0.00671
40	0.02092	0.01107	0.01329	0.01061	0.01456	0.01117	0.00863	0.16889	0.21123	0.43838	0.02005	0.01796	0.01349	0.00688	0.00549	0.00172	0.00482	0.00555	0.00619	0.00911
41	0.01309	0.01374	0.02579	0.01916	0.02389	0.01371	0.51492	0.02116	0.25438	0.01918	0.01462	0.01652	0.01096	0.00550	0.00615	0.00184	0.00762	0.00635	0.00365	0.00776
42	0.01010	0.03665	0.48500	0.01327	0.01873	0.01042	0.01558	0.01486	0.01175	0.01668	0.01672	0.07510	0.01605	0.00887	0.00596	0.00198	0.00680	0.22530	0.00329	0.00690
43	0.00664	0.00474	0.00633	0.00759	0.00791	0.00443	0.00506	0.00759	0.01044	0.01392	0.03005	0.80485	0.03606	0.01708	0.00696	0.00221	0.00316	0.01550	0.00506	0.00443
44	0.01101	0.02766	0.75045	0.01583	0.02379	0.01271	0.04932	0.01727	0.01156	0.01727	0.00983	0.01164	0.00696	0.00516	0.00523	0.00173	0.00810	0.00412	0.00232	0.00803
45	0.01700	0.01285	0.01421	0.01065	0.01521	0.01276	0.00872	0.43561	0.01955	0.04710	0.01193	0.01251	0.00890	0.00553	0.00488	0.00130	0.00517	0.00424	0.00458	0.34731
46	0.01193	0.01193	0.01670	0.01431	0.01431	0.01670	0.01193	0.01312	0.00835	0.01312	0.00716	0.01193	0.00716	0.00954	0.01789	0.00239	0.79843	0.00477	0.00239	0.00596
47	0.01349	0.01295	0.02213	0.03346	0.77440	0.01295	0.01673	0.01673	0.01241	0.01781	0.01025	0.01349	0.00864	0.00486	0.00540	0.00162	0.00648	0.00486	0.00270	0.00864
48	0.02037	0.02598	0.01545	0.01404	0.01685	0.78652	0.01053	0.02177	0.01545	0.01334	0.00843	0.00983	0.00702	0.00562	0.00492	0.00140	0.00983	0.00351	0.00281	0.00632
49	0.00664	0.00474	0.00633	0.00759	0.00791	0.00443	0.00506	0.00759	0.01044	0.01392	0.03005	0.80485	0.03606	0.01708	0.00696	0.00221	0.00316	0.01550	0.00506	0.00443
50	0.00772	0.00557	0.00729	0.00686	0.00814	0.00514	0.00514	0.01029	0.01543	0.02186	0.77152	0.04072	0.05144	0.01115	0.00643	0.00171	0.00257	0.00986	0.00600	0.00514
51	0.01458	0.81168	0.02857	0.00933	0.01399	0.02157	0.00933	0.01632	0.01108	0.01283	0.00758	0.00875	0.00700	0.00466	0.00350	0.00117	0.00583	0.00292	0.00233	0.00700
52	0.01287	0.01471	0.03217	0.02298	0.02849	0.01379	0.75460	0.01746	0.01287	0.01746	0.01103	0.01471	0.00827	0.00460	0.00643	0.00184	0.00919	0.00643	0.00276	0.00735
53	0.01016	0.00508	0.00508	0.00508	0.00635	0.00508	0.00381	0.01270	0.01143	0.02033	0.01778	0.02033	0.01397	0.00635	0.00381	0.00127	0.00254	0.00508	0.83867	0.00508
54	0.00772	0.00557	0.00729	0.00686	0.00814	0.00514	0.00514	0.01029	0.01543	0.02186	0.77152	0.04072	0.05144	0.01115	0.00643	0.00171	0.00257	0.00986	0.00600	0.00514
55	0.01319	0.01351	0.02562	0.04820	0.48649	0.01323	0.28376	0.01693	0.01254	0.01759	0.01052	0.01396	0.00847	0.00478	0.00577	0.00170	0.00748	0.00543	0.00271	0.00811
56	0.84691	0.01054	0.00801	0.00717	0.01054	0.01223	0.00590	0.01603	0.00928	0.02446	0.00759	0.00886	0.00590	0.00506	0.00337	0.00169	0.00422	0.00295	0.00337	0.00590
57	0.01093	0.02820	0.78016	0.01554	0.02360	0.01266	0.02014	0.01727	0.01151	0.01727	0.00978	0.01151	0.00691	0.00518	0.00518	0.00173	0.00806	0.00403	0.00230	0.00806
58	0.84691	0.01054	0.00801	0.00717	0.01054	0.01223	0.00590	0.01603	0.00928	0.02446	0.00759	0.00886	0.00590	0.00506	0.00337	0.00169	0.00422	0.00295	0.00337	0.00590
59	0.00664	0.00474	0.00633	0.00759	0.00791	0.00443	0.00506	0.00759	0.01044	0.01392	0.03005	0.80485	0.03606	0.01708	0.00696	0.00221	0.00316	0.01550	0.00506	0.00443
60	0.00772	0.00557	0.00729	0.00686	0.00814	0.00514	0.00514	0.01029	0.01543	0.02186	0.77152	0.04072	0.05144	0.01115	0.00643	0.00171	0.00257	0.00986	0.00600	0.00514
61	0.01287	0.01471	0.03217	0.02298	0.02849	0.01379	0.75460	0.01746	0.01287	0.01746	0.01103	0.01471	0.00827	0.00460	0.00643	0.00184	0.00919	0.00643	0.00276	0.00735
62	0.00644	0.00552	0.00552	0.00552	0.00736	0.00460	0.00414	0.00782	0.01243	0.01473	0.05523	0.05247	0.77218	0.01381	0.00644	0.00184	0.00276	0.01151	0.00506	0.00460
63	0.02037	0.02598	0.01545	0.01404	0.01685	0.78652	0.01053	0.02177	0.01545	0.01334	0.00843	0.00983	0.00702	0.00562	0.00492	0.00140	0.00983	0.00351	0.00281	0.00632
64	0.00772	0.00557	0.00729	0.00686	0.00814	0.00514	0.00514	0.01029	0.01543	0.02186	0.77152	0.04072	0.05144	0.01115	0.00643	0.00171	0.00257	0.00986	0.00600	0.00514
65	0.01258	0.01673	0.14461	0.02186	0.02776	0.01362	0.64419	0.01743	0.01266	0.01743	0.01084	0.01423	0.00807	0.00468	0.00625	0.00182	0.00902	0.00607	0.00269	0.00746
66	0.00683	0.00549	0.00610	0.00605	0.00763	0.00475	0.00450	0.00854	0.01319	0.01679	0.26569	0.09851	0.51030	0.01323	0.00647	0.00183	0.00273	0.01128	0.00534	0.00475
67	0.01317	0.03903	0.05606	0.02426	0.18543	0.01388	0.53169	0.03524	0.01298	0.01780	0.01077	0.01412	0.00829	0.00472	0.00606	0.00176	0.00840	0.00587	0.00278	0.00769
68	0.01210	0.01030	0.01152	0.00995	0.01318	0.01090	0.00779	0.02209	0.45401	0.01996	0.01778	0.01814	0.01395	0.01155	0.12259	0.00262	0.00579	0.00535	0.00455	0.22586
69	0.01290	0.00952	0.00939	0.00828	0.01099	0.07360	0.00646	0.07823	0.10948	0.15163	0.03759	0.03550	0.41384	0.01045	0.00595	0.00176	0.00416	0.00854	0.00526	0.00647
70	0.02734	0.01271	0.11037	0.27743	0.20210	0.01165	0.09241	0.01470	0.01194	0.01662	0.08784	0.01827	0.05101	0.00632	0.00608	0.00177	0.03583	0.00571	0.00302	0.00687
71	0.01230	0.01203	0.02122	0.28876	0.41982	0.01286	0.10244	0.01578	0.01186	0.01635	0.01008	0.01395	0.00810	0.00514	0.00584	0.00173	0.02655	0.00504	0.00260	0.00755
72	0.01076	0.01022	0.01696	0.64830	0.10898	0.01261	0.01501	0.01414	0.01082	0.01424	0.00952	0.01419	0.00739	0.00576	0.00658	0.00185	0.07907	0.00484	0.00245	0.00631
73	0.00644	0.00552	0.00552	0.00552	0.00736	0.00460	0.00414	0.00782	0.01243	0.01473	0.05523	0.05247	0.77218	0.01381	0.00644	0.00184	0.00276	0.01151	0.00506	0.00460
74	0.02037	0.02598	0.01545	0.01404	0.01685	0.78652	0.01053	0.02177	0.01545	0.01334	0.00843	0.00983	0.00702	0.00562	0.00492	0.00140	0.00983	0.00351	0.00281	0.00632
75	0.00644	0.00552	0.00552	0.00552	0.00736	0.00460	0.00414	0.00782	0.01243	0.01473	0.05523	0.05247	0.77218	0.01381	0.00644	0.00184	0.00276	0.01151	0.00506	0.00460
76	0.01940	0.00807	0.01094	0.00898	0.01219	0.00707	0.00716	0.02140	0.01480	0.55566	0.12952	0.13991	0.02229	0.00893	0.00584	0.00177	0.00412	0.00761	0.00639	0.00796
77	0.01458	0.81168	0.02857	0.00933	0.01399	0.02157	0.00933	0.01632	0.01108	0.01283	0.00758	0.00875	0.00700	0.00466	0.00350	0.00117	0.00583	0.00292	0.00233	0.00700
78	0.00772	0.00557	0.00729	0.00686	0.00814	0.00514	0.00514	0.01029	0.01543	0.02186	0.77152	0.04072	0.05144	0.01115	0.00643	0.00171	0.00257	0.00986	0.00600	0.00514
79	0.00664	0.00474	0.00633	0.00759	0.00791	0.00443	0.00506	0.00759	0.01044	0.01392	0.03005	0.80485	0.03606	0.01708	0.00696	0.00221	0.00316	0.01550	0.00506	0.00443
80	0.01349	0.01295	0.02213	0.03346	0.77440	0.01295	0.01673	0.01673	0.01241	0.01781	0.01025	0.01349	0.00864	0.00486	0.00540	0.00162	0.00648	0.00486	0.00270	0.00864
81	0.01130	0.00969	0.01130	0.00807	0.01292	0.00727	0.00646	0.01373	0.01130	0.01776	0.00969	0.01130	0.00807	0.00404	0.00404	0.00081	0.00404	0.00323	0.00323	0.84173
82	0.01356	0.01171	0.01233	0.01109	0.01418	0.01356	0.00863	0.02897	0.76455	0.02281	0.02219	0.02034	0.01664	0.00740	0.00555	0.00185	0.00431	0.00616	0.00555	0.00863
83	0.01244	0.35208	0.46946	0.01297	0.01963	0.01634	0.01567	0.01688	0.01133	0.01543	0.00887	0.01037	0.00694	0.00497	0.00448	0.00149	0.00714	0.00357	0.00231	0.00762
84	0.01738	0.19370	0.29397	0.01173	0.01744	0.01270	0.01269	0.02093	0.01312	0.33340	0.01418	0.01383	0.00967	0.00572	0.00493	0.00159	0.00614	0.00439	0.00416	0.00833
85	0.01943	0.00816	0.01104	0.00885	0.01218	0.00715	0.00715	0.02167	0.01555	0.55078	0.24701	0.02522	0.02490	0.00807	0.00577	0.00170	0.00402	0.00680	0.00652	0.00804
86	0.00664	0.00474	0.00633	0.00759	0.00791	0.00443	0.00506	0.00759	0.01044	0.01392	0.03005	0.80485	0.03606	0.01708	0.00696	0.00221	0.00316	0.01550	0.00506	0.00443
87	0.05223	0.01618	0.29026	0.01171	0.01729	0.00986	0.01232	0.02278	0.01387	0.47283	0.01671	0.01562	0.01081	0.00611	0.00529	0.00170	0.00586	0.00486	0.00500	0.00870
88	0.02042	0.05250	0.01484	0.01219	0.06789	0.01191	0.00929	0.17668	0.15416	0.39358	0.01839	0.01689	0.01252	0.00658	0.00538	0.00167	0.00505	0.00531	0.00575	0.00900
89	0.00807	0.00588	0.00883	0.00893	0.00995	0.00597	0.04447	0.00968	0.01026	0.04027	0.02368	0.40958	0.04143	0.02455	0.28915	0.00455	0.00773	0.03787	0.00422	0.00493
90	0.06182	0.01135	0.01918	0.01465	0.03572	0.01053	0.26150	0.05104	0.01450	0.40801	0.01694	0.04370	0.01184	0.00624	0.00575	0.00175	0.00621	0.00599	0.00502	0.00827

[dist]
# distance from previous block
# <min> <max>
10	160

[block]
# block no. 3 follows, 44 sequences, length 78
# corresponding to MSA columns:
# 368-445
name=unknown_D
#
# <colnr> <probs for GDERKNQSTAVLIFYWHMCP>
#	G	D	E	R	K	N	Q	S	T	A	V	L	I	F	Y	W	H	M	C	P
0	0.07055	0.12502	0.10571	0.01035	0.01423	0.02901	0.00951	0.14294	0.09262	0.08970	0.01939	0.06312	0.08554	0.00803	0.00531	0.00170	0.00525	0.07395	0.00437	0.04368
1	0.35874	0.06021	0.02894	0.00966	0.03831	0.01214	0.00777	0.15417	0.02845	0.09981	0.13659	0.01630	0.01519	0.00653	0.00463	0.00165	0.00458	0.00486	0.00446	0.00700
2	0.01353	0.24615	0.14231	0.01833	0.24681	0.01521	0.03605	0.08018	0.05958	0.01773	0.01179	0.06731	0.01034	0.00600	0.00497	0.00157	0.00622	0.00504	0.00311	0.00779
3	0.05795	0.16836	0.32411	0.01498	0.12279	0.01365	0.01403	0.07134	0.01299	0.03631	0.08562	0.01516	0.02839	0.00594	0.00497	0.00160	0.00632	0.00471	0.00318	0.00758
4	0.11386	0.09236	0.13128	0.00989	0.03011	0.01038	0.00901	0.04583	0.04911	0.07637	0.24154	0.02078	0.02152	0.00704	0.00507	0.00153	0.00461	0.00571	0.00430	0.11971
5	0.01457	0.01212	0.01922	0.02539	0.49167	0.02851	0.05387	0.01859	0.07910	0.11935	0.01429	0.07392	0.01199	0.00625	0.00558	0.00170	0.00601	0.00591	0.00367	0.00829
6	0.07061	0.00998	0.01186	0.05006	0.01445	0.00851	0.00737	0.05643	0.01268	0.15278	0.01181	0.01268	0.00890	0.00479	0.00440	0.00112	0.00443	0.00378	0.00394	0.54941
7	0.01226	0.06143	0.00996	0.00773	0.00992	0.00783	0.00616	0.06859	0.03070	0.13432	0.33085	0.02731	0.02871	0.01072	0.05957	0.00207	0.00422	0.00705	0.17439	0.00623
8	0.00664	0.00474	0.00633	0.00759	0.00791	0.00443	0.00506	0.00759	0.01044	0.01392	0.03005	0.80485	0.03606	0.01708	0.00696	0.00221	0.00316	0.01550	0.00506	0.00443
9	0.01706	0.02027	0.01461	0.10791	0.01848	0.51384	0.01016	0.01897	0.01395	0.01443	0.00887	0.01074	0.00729	0.00524	0.00478	0.00132	0.00819	0.00361	0.00286	0.19741
10	0.00947	0.00473	0.00710	0.00710	0.00710	0.00473	0.00473	0.00710	0.00710	0.00947	0.00947	0.01657	0.00947	0.01894	0.02131	0.84138	0.00473	0.00473	0.00237	0.00237
11	0.00772	0.00557	0.00729	0.00686	0.00814	0.00514	0.00514	0.01029	0.01543	0.02186	0.77152	0.04072	0.05144	0.01115	0.00643	0.00171	0.00257	0.00986	0.00600	0.00514
12	0.00746	0.00500	0.00654	0.00736	0.00796	0.00496	0.00515	0.00886	0.01032	0.01481	0.02519	0.52992	0.02825	0.01940	0.14369	0.00320	0.00507	0.01198	0.15026	0.00462
13	0.01458	0.81168	0.02857	0.00933	0.01399	0.02157	0.00933	0.01632	0.01108	0.01283	0.00758	0.00875	0.00700	0.00466	0.00350	0.00117	0.00583	0.00292	0.00233	0.00700
14	0.01878	0.01570	0.01530	0.01225	0.01611	0.12306	0.00990	0.49581	0.09182	0.02808	0.01296	0.01341	0.00964	0.00738	0.02790	0.00179	0.02566	0.00474	0.00480	0.06492
15	0.01618	0.01375	0.04916	0.02485	0.47809	0.07265	0.01405	0.01999	0.06416	0.17333	0.01320	0.01463	0.00998	0.00549	0.00538	0.00164	0.00628	0.00494	0.00371	0.00856
16	0.00793	0.00529	0.00595	0.00595	0.00595	0.00529	0.00330	0.00793	0.00793	0.01057	0.01718	0.03568	0.01982	0.80840	0.02775	0.00529	0.00529	0.00793	0.00330	0.00330
17	0.01305	0.01260	0.02178	0.13209	0.64892	0.01288	0.04588	0.01640	0.01224	0.01729	0.01021	0.01368	0.00844	0.00492	0.00545	0.00165	0.00669	0.00492	0.00267	0.00825
18	0.01088	0.01029	0.01741	0.65516	0.17309	0.01227	0.01543	0.01444	0.01118	0.01464	0.00979	0.01434	0.00752	0.00534	0.00544	0.00178	0.00712	0.00485	0.00247	0.00653
19	0.01221	0.30295	0.51659	0.01336	0.02023	0.01579	0.01635	0.01694	0.01136	0.01571	0.00901	0.01054	0.00694	0.00500	0.00459	0.00153	0.00728	0.00364	0.00231	0.00769
20	0.01287	0.01471	0.03217	0.02298	0.02849	0.01379	0.75460	0.01746	0.01287	0.01746	0.01103	0.01471	0.00827	0.00460	0.00643	0.00184	0.00919	0.00643	0.00276	0.00735
21	0.01405	0.01033	0.01760	0.01351	0.01724	0.00971	0.26890	0.01842	0.09753	0.20384	0.11124	0.04921	0.12730	0.00793	0.00612	0.00180	0.00564	0.00759	0.00483	0.00722
22	0.01030	0.00969	0.01635	0.79530	0.03755	0.01211	0.01514	0.01393	0.01090	0.01393	0.00969	0.01453	0.00727	0.00545	0.00545	0.00182	0.00727	0.00484	0.00242	0.00606
23	0.00664	0.00474	0.00633	0.00759	0.00791	0.00443	0.00506	0.00759	0.01044	0.01392	0.03005	0.80485	0.03606	0.01708	0.00696	0.00221	0.00316	0.01550	0.00506	0.00443
24	0.03967	0.01752	0.01905	0.05592	0.44618	0.29585	0.01409	0.01844	0.01337	0.01621	0.00949	0.01206	0.00791	0.00517	0.00517	0.00155	0.00767	0.00431	0.00275	0.00761
25	0.00644	0.00552	0.00552	0.00552	0.00736	0.00460	0.00414	0.00782	0.01243	0.01473	0.05523	0.05247	0.77218	0.01381	0.00644	0.00184	0.00276	0.01151	0.00506	0.00460
26	0.01130	0.00969	0.01130	0.00807	0.01292	0.00727	0.00646	0.01373	0.01130	0.01776	0.00969	0.01130	0.00807	0.00404	0.00404	0.00081	0.00404	0.00323	0.00323	0.84173
27	0.01292	0.31731	0.45093	0.01314	0.01959	0.06831	0.01550	0.01722	0.01162	0.01536	0.00888	0.01038	0.00695	0.00502	0.00454	0.00150	0.00735	0.00358	0.00235	0.00755
28	0.01805	0.39285	0.02032	0.00997	0.01403	0.11473	0.00883	0.03808	0.01367	0.24799	0.06197	0.01408	0.01195	0.00589	0.00453	0.00140	0.00577	0.00428	0.00406	0.00754
29	0.01448	0.00908	0.01119	0.00837	0.01261	0.00721	0.00673	0.01683	0.01299	0.22681	0.10551	0.01687	0.01483	0.00564	0.00472	0.00116	0.00402	0.00465	0.00453	0.51176
30	0.01467	0.01365	0.01256	0.01260	0.08292	0.21164	0.00888	0.15330	0.03882	0.05613	0.03841	0.14145	0.13020	0.00947	0.00583	0.00175	0.00587	0.05074	0.00445	0.00665
31	0.01188	0.12758	0.65697	0.01454	0.02203	0.01363	0.01833	0.01747	0.01160	0.04368	0.00992	0.01141	0.00715	0.00517	0.00498	0.00165	0.00765	0.00394	0.00246	0.00796
32	0.00947	0.00473	0.00710	0.00710	0.00710	0.00473	0.00473	0.00710	0.00710	0.00947	0.00947	0.01657	0.00947	0.01894	0.02131	0.84138	0.00473	0.00473	0.00237	0.00237
33	0.01397	0.01191	0.01256	0.01118	0.01433	0.01375	0.00873	0.07025	0.72261	0.02346	0.02167	0.01993	0.01622	0.00735	0.00554	0.00184	0.00441	0.00609	0.00554	0.00867
34	0.01048	0.00909	0.01484	0.01177	0.01472	0.00859	0.19788	0.01453	0.07503	0.04323	0.35903	0.02920	0.04641	0.00848	0.00635	0.00171	0.01987	0.03363	0.00475	0.09042
35	0.02185	0.00960	0.01234	0.00962	0.01358	0.02189	0.00784	0.06522	0.01565	0.60759	0.05199	0.04981	0.01527	0.00712	0.00547	0.00164	0.00462	0.00584	0.00626	0.06679
36	0.01247	0.01352	0.02559	0.01929	0.02246	0.01503	0.43872	0.01562	0.01095	0.01562	0.00938	0.01352	0.00780	0.00670	0.01131	0.00207	0.34487	0.00573	0.00260	0.00676
37	0.00772	0.00557	0.00729	0.00686	0.00814	0.00514	0.00514	0.01029	0.01543	0.02186	0.77152	0.04072	0.05144	0.01115	0.00643	0.00171	0.00257	0.00986	0.00600	0.00514
38	0.01545	0.01246	0.01862	0.02456	0.47371	0.01279	0.01359	0.08153	0.15719	0.11322	0.01414	0.01538	0.01081	0.00571	0.00544	0.00167	0.00580	0.00519	0.00397	0.00877
39	0.01127	0.01096	0.01543	0.01343	0.01358	0.01512	0.01111	0.01258	0.00841	0.01305	0.00834	0.01344	0.00819	0.01454	0.14038	0.00340	0.67356	0.00494	0.00247	0.00579
40	0.00947	0.00473	0.00710	0.00710	0.00710	0.00473	0.00473	0.00710	0.00710	0.00947	0.00947	0.01657	0.00947	0.01894	0.02131	0.84138	0.00473	0.00473	0.00237	0.00237
41	0.00690	0.00515	0.00595	0.00645	0.00722	0.00471	0.00429	0.00776	0.01050	0.01335	0.03561	0.34599	0.29008	0.21657	0.01205	0.00286	0.00356	0.01218	0.00462	0.00420
42	0.01221	0.04341	0.30579	0.01985	0.02627	0.01361	0.46359	0.01736	0.01232	0.01725	0.01047	0.01336	0.00773	0.00481	0.00589	0.00178	0.00868	0.00545	0.00258	0.00760
43	0.00947	0.00473	0.00710	0.00710	0.00710	0.00473	0.00473	0.00710	0.00710	0.00947	0.00947	0.01657	0.00947	0.01894	0.02131	0.84138	0.00473	0.00473	0.00237	0.00237
44	0.02446	0.00928	0.01265	0.00970	0.01392	0.00801	0.00801	0.02657	0.01560	0.77817	0.02151	0.01856	0.01350	0.00675	0.00548	0.00169	0.00464	0.00548	0.00675	0.00928
45	0.00740	0.00558	0.00685	0.00659	0.00803	0.00503	0.00499	0.00963	0.01449	0.01968	0.54621	0.04471	0.25196	0.01202	0.00647	0.00178	0.00271	0.03516	0.00571	0.00499
46	0.01196	0.01138	0.01935	0.39964	0.42023	0.01255	0.01597	0.01538	0.01169	0.01595	0.00998	0.01399	0.00798	0.00514	0.00542	0.00171	0.00686	0.00485	0.00257	0.00740
47	0.01230	0.01632	0.19089	0.01686	0.02202	0.01297	0.32971	0.02031	0.23537	0.01885	0.01646	0.01771	0.05189	0.00606	0.00589	0.00182	0.00715	0.00609	0.00361	0.00774
48	0.00793	0.00529	0.00595	0.00595	0.00595	0.00529	0.00330	0.00793	0.00793	0.01057	0.01718	0.03568	0.01982	0.80840	0.02775	0.00529	0.00529	0.00793	0.00330	0.00330
49	0.01472	0.13114	0.35965	0.01487	0.02051	0.27079	0.08042	0.01865	0.01288	0.01539	0.00915	0.01087	0.00708	0.00520	0.00498	0.00155	0.00845	0.00392	0.00251	0.00728
50	0.00664	0.00474	0.00633	0.00759	0.00791	0.00443	0.00506	0.00759	0.01044	0.01392	0.03005	0.80485	0.03606	0.01708	0.00696	0.00221	0.00316	0.01550	0.00506	0.00443
51	0.03081	0.01431	0.01554	0.21239	0.03720	0.18071	0.06113	0.13712	0.10258	0.04554	0.07182	0.01621	0.01258	0.00633	0.00540	0.00167	0.00673	0.00521	0.02966	0.00708
52	0.46802	0.25037	0.04246	0.00888	0.01281	0.06895	0.00799	0.05671	0.01121	0.02052	0.00802	0.00921	0.00652	0.00507	0.00369	0.00151	0.00532	0.00312	0.00310	0.00652
53	0.03724	0.00575	0.00632	0.00622	0.00781	0.00513	0.00457	0.00924	0.01254	0.04222	0.19334	0.11588	0.45196	0.06810	0.00782	0.00208	0.00305	0.01078	0.00513	0.00481
54	0.01657	0.03691	0.01850	0.02164	0.32863	0.30424	0.01301	0.09138	0.01455	0.01726	0.01046	0.01263	0.02306	0.00581	0.00607	0.00159	0.06272	0.00444	0.00303	0.00752
55	0.00758	0.00553	0.00731	0.00830	0.00926	0.00526	0.00649	0.00934	0.01190	0.01556	0.08408	0.35100	0.12632	0.01543	0.00709	0.00226	0.00384	0.31359	0.00511	0.00474
56	0.01688	0.09622	0.02125	0.01506	0.01928	0.12861	0.22056	0.31414	0.01803	0.02294	0.01241	0.06620	0.01024	0.00638	0.00556	0.00165	0.00726	0.00565	0.00396	0.00774
57	0.01418	0.70910	0.10360	0.01001	0.01496	0.02044	0.01039	0.01680	0.03359	0.01357	0.00824	0.00937	0.00727	0.00480	0.00373	0.00124	0.00601	0.00312	0.00242	0.00715
58	0.00947	0.00473	0.00710	0.00710	0.00710	0.00473	0.00473	0.00710	0.00710	0.00947	0.00947	0.01657	0.00947	0.01894	0.02131	0.84138	0.00473	0.00473	0.00237	0.00237
59	0.01629	0.01383	0.01847	0.03251	0.03333	0.08111	0.19120	0.27793	0.01716	0.06334	0.01328	0.03465	0.01039	0.00653	0.00640	0.00171	0.06155	0.01767	0.09507	0.00758
60	0.00677	0.00563	0.00597	0.00615	0.00791	0.00483	0.00479	0.00831	0.01244	0.01495	0.05158	0.05372	0.66952	0.01398	0.00659	0.00193	0.00307	0.11214	0.00506	0.00466
61	0.01897	0.01883	0.01509	0.01283	0.01627	0.32924	0.01004	0.29456	0.18699	0.02322	0.01323	0.01339	0.01001	0.00636	0.00526	0.00159	0.00718	0.00462	0.00440	0.00793
62	0.84691	0.01054	0.00801	0.00717	0.01054	0.01223	0.00590	0.01603	0.00928	0.02446	0.00759	0.00886	0.00590	0.00506	0.00337	0.00169	0.00422	0.00295	0.00337	0.00590
63	0.01258	0.01287	0.02432	0.18671	0.34278	0.01316	0.27474	0.01632	0.01216	0.01678	0.01034	0.01410	0.00819	0.00500	0.00607	0.00176	0.02648	0.00540	0.00265	0.00759
64	0.01263	0.02400	0.57581	0.01621	0.02345	0.01238	0.14363	0.01824	0.01215	0.09397	0.01118	0.01276	0.00780	0.00524	0.00542	0.00174	0.00791	0.00458	0.00283	0.00806
65	0.00664	0.00474	0.00633	0.00759	0.00791	0.00443	0.00506	0.00759	0.01044	0.01392	0.03005	0.80485	0.03606	0.01708	0.00696	0.00221	0.00316	0.01550	0.00506	0.00443
66	0.01016	0.00508	0.00508	0.00508	0.00635	0.00508	0.00381	0.01270	0.01143	0.02033	0.01778	0.02033	0.01397	0.00635	0.00381	0.00127	0.00254	0.00508	0.83867	0.00508
67	0.01943	0.11169	0.15853	0.01124	0.01617	0.01222	0.01082	0.15294	0.03819	0.37436	0.02998	0.01553	0.01151	0.00626	0.00520	0.00163	0.00562	0.00490	0.00510	0.00868
68	0.00765	0.00547	0.00749	0.00875	0.00950	0.00530	0.00682	0.00934	0.01143	0.01505	0.02949	0.45441	0.03385	0.01613	0.00723	0.00235	0.00404	0.35597	0.00504	0.00471
69	0.01479	0.18352	0.07055	0.01127	0.01526	0.01576	0.00988	0.14696	0.42788	0.02222	0.01669	0.01604	0.01267	0.00652	0.00507	0.00166	0.00518	0.00511	0.00462	0.00835
70	0.01228	0.01146	0.01607	0.01368	0.01454	0.01493	0.05001	0.05490	0.06105	0.03048	0.01131	0.09314	0.01103	0.00968	0.01442	0.00225	0.56326	0.00606	0.00315	0.00631
71	0.01284	0.20472	0.49884	0.01346	0.02011	0.01405	0.03141	0.01759	0.01193	0.08100	0.03851	0.01262	0.00916	0.00540	0.00489	0.00160	0.00708	0.00416	0.00283	0.00780
72	0.01152	0.09253	0.58118	0.01601	0.02321	0.01344	0.13544	0.01701	0.01160	0.01676	0.00979	0.01189	0.00718	0.00533	0.00557	0.01913	0.00798	0.00433	0.00238	0.00774
73	0.00793	0.00529	0.00595	0.00595	0.00595	0.00529	0.00330	0.00793	0.00793	0.01057	0.01718	0.03568	0.01982	0.80840	0.02775	0.00529	0.00529	0.00793	0.00330	0.00330
74	0.01477	0.01287	0.01698	0.23158	0.21986	0.05591	0.01292	0.22311	0.04616	0.02135	0.01164	0.01411	0.00896	0.00586	0.00568	0.00168	0.02981	0.00486	0.05422	0.00769
75	0.01104	0.01039	0.01808	0.25419	0.20692	0.01093	0.14218	0.04124	0.01219	0.01642	0.03077	0.17588	0.03028	0.00784	0.00596	0.00184	0.00634	0.00753	0.00332	0.00665
76	0.01349	0.01295	0.02213	0.03346	0.77440	0.01295	0.01673	0.01673	0.01241	0.01781	0.01025	0.01349	0.00864	0.00486	0.00540	0.00162	0.00648	0.00486	0.00270	0.00864
77	0.00990	0.00576	0.00746	0.00758	0.00892	0.00518	0.00547	0.01134	0.01231	0.14966	0.13422	0.45782	0.13524	0.01399	0.00656	0.00200	0.00329	0.01241	0.00549	0.00540

[dist]
# distance from previous block
# <min> <max>
0	1

[block]
# block no. 4 follows, 44 sequences, length 28
# corresponding to MSA columns:
# 447-474
name=unknown_E
#
# <colnr> <probs for GDERKNQSTAVLIFYWHMCP>
#	G	D	E	R	K	N	Q	S	T	A	V	L	I	F	Y	W	H	M	C	P
0	0.01622	0.01814	0.01658	0.23046	0.12776	0.36993	0.01259	0.06577	0.04596	0.01586	0.00988	0.01232	0.00787	0.00568	0.00545	0.00160	0.02383	0.00429	0.00296	0.00685
1	0.01458	0.81168	0.02857	0.00933	0.01399	0.02157	0.00933	0.01632	0.01108	0.01283	0.00758	0.00875	0.00700	0.00466	0.00350	0.00117	0.00583	0.00292	0.00233	0.00700
2	0.01142	0.01005	0.01279	0.00914	0.01403	0.00773	0.05985	0.01399	0.01142	0.01774	0.00979	0.01155	0.00809	0.00408	0.00421	0.00088	0.00441	0.00346	0.00320	0.78219
3	0.84691	0.01054	0.00801	0.00717	0.01054	0.01223	0.00590	0.01603	0.00928	0.02446	0.00759	0.00886	0.00590	0.00506	0.00337	0.00169	0.00422	0.00295	0.00337	0.00590
4	0.38790	0.06908	0.01297	0.01068	0.01386	0.39323	0.00840	0.01887	0.01242	0.01826	0.00800	0.00933	0.00652	0.00531	0.00414	0.00152	0.00708	0.00322	0.00303	0.00618
5	0.00706	0.00515	0.00665	0.00712	0.00796	0.00473	0.00502	0.00870	0.01263	0.01721	0.33274	0.43045	0.10559	0.01439	0.00670	0.00198	0.00289	0.01287	0.00544	0.00473
6	0.00793	0.00529	0.00595	0.00595	0.00595	0.00529	0.00330	0.00793	0.00793	0.01057	0.01718	0.03568	0.01982	0.80840	0.02775	0.00529	0.00529	0.00793	0.00330	0.00330
7	0.00955	0.00519	0.00795	0.07908	0.00988	0.00541	0.00569	0.00773	0.00745	0.00988	0.00949	0.01639	0.00927	0.01771	0.01986	0.76471	0.00497	0.00474	0.00237	0.00270
8	0.01187	0.00979	0.01107	0.01072	0.01316	0.01098	0.00868	0.02272	0.49850	0.02051	0.02455	0.03490	0.02185	0.01011	0.00625	0.00208	0.00456	0.26497	0.00536	0.00735
9	0.01193	0.01193	0.01670	0.01431	0.01431	0.01670	0.01193	0.01312	0.00835	0.01312	0.00716	0.01193	0.00716	0.00954	0.01789	0.00239	0.79843	0.00477	0.00239	0.00596
10	0.00666	0.00482	0.00630	0.00744	0.00788	0.00446	0.00501	0.00768	0.01070	0.01418	0.05188	0.73671	0.08273	0.01671	0.00691	0.00218	0.00312	0.01509	0.00509	0.00446
11	0.01208	0.06370	0.37226	0.01886	0.02549	0.01369	0.38039	0.01731	0.01215	0.01712	0.01028	0.01293	0.00758	0.00486	0.00571	0.00175	0.00849	0.00515	0.00253	0.00765
12	0.00691	0.00494	0.00663	0.00790	0.00833	0.00466	0.00553	0.00805	0.01070	0.01422	0.02990	0.71183	0.03547	0.01683	0.00703	0.00225	0.00340	0.10587	0.00506	0.00450
13	0.00664	0.00474	0.00633	0.00759	0.00791	0.00443	0.00506	0.00759	0.01044	0.01392	0.03005	0.80485	0.03606	0.01708	0.00696	0.00221	0.00316	0.01550	0.00506	0.00443
14	0.01187	0.01129	0.01919	0.42102	0.39956	0.01253	0.01592	0.01531	0.01164	0.01584	0.00997	0.01402	0.00794	0.00516	0.00542	0.00172	0.00688	0.00485	0.00256	0.00732
15	0.01120	0.01918	0.37789	0.17364	0.15767	0.01224	0.08931	0.01597	0.01162	0.01652	0.01114	0.05869	0.00910	0.00581	0.00550	0.00176	0.00745	0.00523	0.00260	0.00748
16	0.01027	0.00674	0.00820	0.00765	0.00860	0.00795	0.00604	0.01243	0.01039	0.01772	0.01496	0.01854	0.01237	0.01140	0.10501	0.00246	0.18603	0.00511	0.54287	0.00526
17	0.01529	0.01661	0.01957	0.09714	0.47700	0.24785	0.01470	0.01801	0.01320	0.01610	0.00965	0.01248	0.00802	0.00514	0.00526	0.00157	0.00757	0.00445	0.00271	0.00770
18	0.00740	0.00537	0.00580	0.00580	0.00645	0.00504	0.00360	0.00789	0.00952	0.01204	0.03064	0.04162	0.28599	0.52729	0.02021	0.00407	0.00439	0.00919	0.00393	0.00376
19	0.00772	0.00557	0.00729	0.00686	0.00814	0.00514	0.00514	0.01029	0.01543	0.02186	0.77152	0.04072	0.05144	0.01115	0.00643	0.00171	0.00257	0.00986	0.00600	0.00514
20	0.09791	0.01205	0.01387	0.01073	0.01493	0.01234	0.00886	0.34916	0.01947	0.37950	0.01650	0.01525	0.01093	0.00650	0.00528	0.00166	0.00520	0.00500	0.00587	0.00897
21	0.01096	0.00781	0.00918	0.00821	0.01037	0.00789	0.00634	0.06834	0.17174	0.07835	0.42536	0.03418	0.11923	0.01001	0.00611	0.00175	0.00335	0.00860	0.00582	0.00641
22	0.00720	0.00523	0.00679	0.00709	0.00800	0.00482	0.00505	0.00904	0.01320	0.01818	0.42507	0.35771	0.08481	0.01375	0.00665	0.00193	0.00283	0.01228	0.00556	0.00482
23	0.01241	0.01334	0.02457	0.01872	0.02153	0.01522	0.38973	0.01533	0.01065	0.01533	0.00913	0.01334	0.00772	0.00703	0.01206	0.00211	0.39694	0.00562	0.00257	0.00667
24	0.01349	0.01295	0.02213	0.03346	0.77440	0.01295	0.01673	0.01673	0.01241	0.01781	0.01025	0.01349	0.00864	0.00486	0.00540	0.00162	0.00648	0.00486	0.00270	0.00864
25	0.01373	0.01249	0.01812	0.02963	0.01806	0.08138	0.21972	0.01650	0.01250	0.09847	0.05706	0.01566	0.02701	0.00593	0.00680	0.00153	0.09928	0.00519	0.00352	0.25741
26	0.06906	0.00873	0.01050	0.00856	0.01175	0.00820	0.00687	0.11000	0.01576	0.30638	0.21155	0.02664	0.11674	0.00844	0.00562	0.00165	0.00399	0.00697	0.00576	0.05682
27	0.08521	0.16966	0.44803	0.01256	0.01901	0.01346	0.01478	0.01732	0.01151	0.07141	0.01001	0.01125	0.00741	0.00508	0.00463	0.00153	0.00670	0.00376	0.00280	0.08389

[dist]
# distance from previous block
# <min> <max>
2	25

[block]
# block no. 5 follows, 44 sequences, length 16
# corresponding to MSA columns:
# 500-515
name=unknown_F
#
# <colnr> <probs for GDERKNQSTAVLIFYWHMCP>
#	G	D	E	R	K	N	Q	S	T	A	V	L	I	F	Y	W	H	M	C	P
0	0.02740	0.27320	0.01755	0.01030	0.03364	0.01222	0.05599	0.01525	0.02547	0.08975	0.10839	0.09167	0.01835	0.00768	0.00507	0.00152	0.00492	0.07033	0.00394	0.12736
1	0.07089	0.00939	0.01109	0.00967	0.01205	0.00991	0.03546	0.20485	0.07783	0.04310	0.01936	0.17848	0.04115	0.12566	0.07028	0.00286	0.00562	0.02881	0.00456	0.03897
2	0.01025	0.21421	0.01558	0.12451	0.10418	0.01112	0.00910	0.01237	0.01178	0.01546	0.14032	0.24797	0.02359	0.00974	0.00560	0.00174	0.00478	0.02789	0.00385	0.00595
3	0.01075	0.02692	0.73641	0.01505	0.02272	0.01224	0.01929	0.01687	0.01173	0.01753	0.05290	0.01316	0.00943	0.00552	0.00525	0.00173	0.00775	0.00436	0.00251	0.00789
4	0.01010	0.00930	0.01662	0.01367	0.01667	0.00862	0.26256	0.01309	0.01238	0.01688	0.06762	0.14645	0.02265	0.01021	0.00659	0.00198	0.00590	0.24882	0.00410	0.10578
5	0.01531	0.01077	0.01625	0.26532	0.22061	0.01151	0.01266	0.02038	0.13585	0.21303	0.01492	0.01625	0.01076	0.00595	0.00546	0.00174	0.00590	0.00523	0.00412	0.00798
6	0.00644	0.00552	0.00552	0.00552	0.00736	0.00460	0.00414	0.00782	0.01243	0.01473	0.05523	0.05247	0.77218	0.01381	0.00644	0.00184	0.00276	0.01151	0.00506	0.00460
7	0.00913	0.00732	0.01118	0.27867	0.02002	0.00813	0.01067	0.01191	0.01182	0.01531	0.02239	0.10385	0.02349	0.01193	0.00677	0.00225	0.00564	0.43005	0.00413	0.00533
8	0.01030	0.00969	0.01635	0.79530	0.03755	0.01211	0.01514	0.01393	0.01090	0.01393	0.00969	0.01453	0.00727	0.00545	0.00545	0.00182	0.00727	0.00484	0.00242	0.00606
9	0.01349	0.01295	0.02213	0.03346	0.77440	0.01295	0.01673	0.01673	0.01241	0.01781	0.01025	0.01349	0.00864	0.00486	0.00540	0.00162	0.00648	0.00486	0.00270	0.00864
10	0.01428	0.01170	0.01182	0.01009	0.01305	0.06054	0.00795	0.29732	0.16761	0.02421	0.08416	0.08191	0.17359	0.00928	0.00583	0.00175	0.00476	0.00759	0.00524	0.00732
11	0.01121	0.00876	0.01043	0.00858	0.01153	0.00817	0.00660	0.12738	0.01249	0.01802	0.01394	0.08347	0.01333	0.12139	0.16785	0.00329	0.00660	0.00569	0.00368	0.35758
12	0.01190	0.01194	0.02190	0.08390	0.27986	0.01228	0.24832	0.01517	0.01213	0.01698	0.07766	0.07077	0.01387	0.00671	0.00725	0.00183	0.09075	0.00652	0.00311	0.00715
13	0.14517	0.01429	0.01338	0.01202	0.05757	0.16412	0.00900	0.19961	0.07579	0.13715	0.08232	0.01569	0.01331	0.00648	0.00509	0.00160	0.00580	0.00492	0.00465	0.03205
14	0.06824	0.01244	0.01151	0.00997	0.01277	0.16465	0.00774	0.11775	0.07419	0.14108	0.20144	0.08482	0.02235	0.00826	0.00553	0.00165	0.00516	0.00671	0.00502	0.03873
15	0.03513	0.00989	0.01404	0.01852	0.31897	0.01019	0.01039	0.03680	0.14814	0.01778	0.02047	0.17759	0.07659	0.07198	0.00753	0.00209	0.00496	0.00793	0.00402	0.00699

[dist]
# distance from previous block
# <min> <max>
0	35

[block]
# block no. 6 follows, 44 sequences, length 118
# corresponding to MSA columns:
# 552-591,593-670
name=unknown_G
#
# <colnr> <probs for GDERKNQSTAVLIFYWHMCP>
#	G	D	E	R	K	N	Q	S	T	A	V	L	I	F	Y	W	H	M	C	P
0	0.01666	0.08425	0.01423	0.01049	0.01377	0.08206	0.00852	0.33239	0.01855	0.10167	0.09824	0.07435	0.05190	0.00942	0.04026	0.00195	0.00578	0.00630	0.02168	0.00751
1	0.05308	0.07228	0.19392	0.01022	0.01518	0.05132	0.01006	0.01589	0.06428	0.01781	0.05255	0.01514	0.04739	0.00557	0.00463	0.00130	0.00531	0.00435	0.00333	0.35641
2	0.07963	0.01281	0.05307	0.01088	0.01369	0.06782	0.00891	0.12963	0.21374	0.10242	0.01543	0.01836	0.01254	0.13226	0.01022	0.00235	0.09913	0.00546	0.00440	0.00724
3	0.01915	0.01938	0.01559	0.01321	0.01641	0.35647	0.01040	0.30057	0.09188	0.02223	0.01144	0.01226	0.00883	0.00646	0.00623	0.00162	0.07178	0.00440	0.00405	0.00764
4	0.01063	0.00915	0.01053	0.00986	0.01126	0.08330	0.00766	0.08214	0.02986	0.01494	0.01375	0.01975	0.01263	0.07678	0.52657	0.00661	0.06028	0.00560	0.00321	0.00549
5	0.01207	0.00970	0.00943	0.00880	0.01082	0.08743	0.00677	0.03660	0.25070	0.01925	0.01750	0.01930	0.01393	0.01337	0.15764	0.00294	0.00629	0.00541	0.30566	0.00639
6	0.50026	0.01170	0.01049	0.00897	0.01249	0.03361	0.00728	0.12247	0.13743	0.09038	0.01200	0.01221	0.00884	0.00582	0.00425	0.00170	0.00467	0.00399	0.00430	0.00713
7	0.01171	0.01292	0.00944	0.00885	0.01094	0.28712	0.00664	0.01332	0.01408	0.01556	0.17177	0.03488	0.36155	0.01035	0.00589	0.00166	0.00528	0.00831	0.00442	0.00532
8	0.54474	0.01024	0.01102	0.29183	0.02030	0.01219	0.00924	0.01527	0.00986	0.02066	0.00835	0.01091	0.00640	0.00520	0.00412	0.00173	0.00532	0.00364	0.00303	0.00596
