[name]
unknown

[dist]
# distance from previous block
# <min> <max>
0	33

[block]
# block no. 0 follows, 46 sequences, length 7
# corresponding to MSA columns:
# 39-45
name=unknown_A
#
# <colnr> <probs for GDERKNQSTAVLIFYWHMCP>
#	G	D	E	R	K	N	Q	S	T	A	V	L	I	F	Y	W	H	M	C	P
0	0.16944	0.01176	0.05904	0.01141	0.01535	0.01106	0.12911	0.05217	0.19829	0.02034	0.03849	0.01741	0.01234	0.00609	0.00495	0.00158	0.00515	0.05343	0.00388	0.17871
1	0.01269	0.01143	0.01599	0.07051	0.01780	0.04629	0.17597	0.04078	0.19628	0.05868	0.04535	0.01783	0.05668	0.00602	0.00527	0.00151	0.00554	0.00552	0.00395	0.20590
2	0.04212	0.01056	0.01585	0.01260	0.01584	0.04142	0.21819	0.04796	0.05618	0.01706	0.01591	0.21783	0.01577	0.00817	0.00604	0.00166	0.03571	0.02634	0.00369	0.19108
3	0.09145	0.01315	0.07060	0.38829	0.02908	0.06306	0.23873	0.01544	0.01132	0.01569	0.00952	0.01313	0.00718	0.00499	0.00533	0.00172	0.00754	0.00485	0.00255	0.00638
4	0.01246	0.01254	0.01060	0.00987	0.01231	0.19140	0.00756	0.01968	0.33932	0.01737	0.02707	0.06184	0.20678	0.00906	0.00560	0.00173	0.00503	0.03864	0.00460	0.00654
5	0.00998	0.00940	0.01586	0.80150	0.03641	0.01175	0.01468	0.01351	0.01057	0.01351	0.00940	0.01409	0.00705	0.00529	0.00529	0.00176	0.00705	0.00470	0.00235	0.00587
6	0.01130	0.00799	0.00927	0.00864	0.01108	0.00795	0.00688	0.01701	0.23718	0.11369	0.03001	0.08641	0.20339	0.01041	0.00593	0.00184	0.00390	0.15160	0.00511	0.07039

[dist]
# distance from previous block
# <min> <max>
0	3

[block]
# block no. 1 follows, 46 sequences, length 9
# corresponding to MSA columns:
# 49-57
name=unknown_B
#
# <colnr> <probs for GDERKNQSTAVLIFYWHMCP>
#	G	D	E	R	K	N	Q	S	T	A	V	L	I	F	Y	W	H	M	C	P
0	0.01110	0.02415	0.66572	0.01392	0.02088	0.01131	0.01744	0.01664	0.01176	0.06342	0.08360	0.01428	0.01121	0.00567	0.00516	0.00167	0.00711	0.00453	0.00283	0.00761
1	0.00637	0.00487	0.00586	0.00665	0.00748	0.00435	0.00459	0.00744	0.01080	0.01377	0.03774	0.54303	0.29715	0.01544	0.00657	0.00202	0.00293	0.01366	0.00491	0.00435
2	0.01402	0.00951	0.01135	0.00848	0.01287	0.00783	0.00681	0.01758	0.08925	0.18828	0.01318	0.01342	0.00984	0.00483	0.00438	0.00108	0.00407	0.00391	0.00412	0.57521
3	0.01254	0.25614	0.01512	0.00861	0.01163	0.01224	0.00732	0.05608	0.16002	0.08193	0.24743	0.02371	0.07112	0.00776	0.00507	0.00153	0.00414	0.00630	0.00462	0.00670
4	0.09118	0.00913	0.06273	0.33605	0.02116	0.00901	0.01012	0.01299	0.01188	0.05831	0.20987	0.06723	0.06400	0.00781	0.00546	0.00173	0.00504	0.00670	0.00383	0.00576
5	0.01002	0.00895	0.05380	0.00877	0.01134	0.00774	0.00701	0.08951	0.10142	0.01805	0.06147	0.35405	0.02270	0.01037	0.00562	0.00166	0.00393	0.00909	0.00447	0.21003
6	0.37804	0.01670	0.29019	0.01152	0.01677	0.01167	0.08765	0.01588	0.01033	0.01986	0.00867	0.01033	0.00652	0.00480	0.00427	0.00158	0.00590	0.00361	0.00282	0.09289
7	0.10135	0.08184	0.01196	0.00892	0.01197	0.00918	0.00748	0.01730	0.01232	0.30235	0.02000	0.06691	0.06565	0.00836	0.00601	0.00171	0.05499	0.11990	0.00477	0.08704
8	0.01103	0.00758	0.00963	0.08894	0.01311	0.00742	0.00703	0.01491	0.13615	0.12570	0.02309	0.32738	0.06202	0.01040	0.00572	0.00176	0.00396	0.00914	0.00470	0.13033

[dist]
# distance from previous block
# <min> <max>
32	56

[block]
# block no. 2 follows, 46 sequences, length 27
# corresponding to MSA columns:
# 126-145,148-154
name=unknown_C
#
# <colnr> <probs for GDERKNQSTAVLIFYWHMCP>
#	G	D	E	R	K	N	Q	S	T	A	V	L	I	F	Y	W	H	M	C	P
0	0.06435	0.01370	0.01398	0.01142	0.01510	0.04371	0.00921	0.43141	0.29030	0.02802	0.01538	0.01486	0.01128	0.00653	0.00519	0.00165	0.00527	0.00504	0.00511	0.00848
1	0.01031	0.00879	0.01053	0.00810	0.01187	0.00715	0.00636	0.01238	0.01067	0.01641	0.01224	0.13168	0.01187	0.00612	0.00510	0.00107	0.04880	0.00501	0.00335	0.67217
2	0.01009	0.00838	0.00985	0.07207	0.01315	0.00925	0.00767	0.01799	0.36589	0.01787	0.02587	0.22279	0.08427	0.01078	0.00602	0.00196	0.00410	0.10066	0.00492	0.00641
3	0.01000	0.00768	0.00968	0.00847	0.01092	0.00692	0.00656	0.01174	0.01074	0.05858	0.01802	0.28821	0.01909	0.00972	0.00648	0.00157	0.07824	0.06635	0.00399	0.36702
4	0.02010	0.01481	0.01587	0.01216	0.01639	0.01639	0.01005	0.76360	0.02486	0.03332	0.01269	0.01269	0.00899	0.00635	0.00529	0.00159	0.00582	0.00476	0.00529	0.00899
5	0.01096	0.00940	0.01096	0.00783	0.01253	0.00705	0.00626	0.01331	0.01096	0.01723	0.00940	0.01096	0.00783	0.00392	0.00392	0.00078	0.00392	0.00313	0.00313	0.84653
6	0.01329	0.58772	0.17738	0.01145	0.01670	0.01852	0.08070	0.01611	0.01098	0.01370	0.00808	0.00954	0.00688	0.00462	0.00398	0.00130	0.00638	0.00335	0.00229	0.00702
7	0.01060	0.02735	0.78682	0.01507	0.02288	0.01228	0.01953	0.01674	0.01116	0.01674	0.00949	0.01116	0.00670	0.00502	0.00502	0.00167	0.00781	0.00391	0.00223	0.00781
8	0.00858	0.04500	0.00800	0.00768	0.00899	0.00579	0.00590	0.01003	0.01138	0.07528	0.03230	0.39368	0.18688	0.01411	0.00648	0.00204	0.00360	0.16445	0.00490	0.00494
9	0.00889	0.00579	0.00695	0.00655	0.00820	0.00517	0.00495	0.01066	0.01307	0.10171	0.31232	0.04200	0.31611	0.08576	0.00811	0.00207	0.00315	0.04822	0.00527	0.00506
10	0.00796	0.00682	0.00666	0.00627	0.00829	0.02892	0.00479	0.07793	0.01340	0.01620	0.06935	0.04580	0.66402	0.01243	0.00612	0.00175	0.00317	0.01029	0.00491	0.00495
11	0.08835	0.01007	0.01633	0.63592	0.03252	0.01206	0.07296	0.04279	0.01113	0.01548	0.00944	0.01354	0.00708	0.00523	0.00518	0.00175	0.00687	0.00465	0.00257	0.00608
12	0.01248	0.01426	0.03119	0.02228	0.02763	0.01337	0.76203	0.01693	0.01248	0.01693	0.01070	0.01426	0.00802	0.00446	0.00624	0.00178	0.00891	0.00624	0.00267	0.00713
13	0.00998	0.00940	0.01586	0.80150	0.03641	0.01175	0.01468	0.01351	0.01057	0.01351	0.00940	0.01409	0.00705	0.00529	0.00529	0.00176	0.00705	0.00470	0.00235	0.00587
14	0.80844	0.01016	0.00800	0.00708	0.01039	0.01165	0.00583	0.01607	0.00932	0.06336	0.00806	0.00908	0.00611	0.00499	0.00338	0.00164	0.00411	0.00299	0.00344	0.00590
15	0.00998	0.00940	0.01586	0.80150	0.03641	0.01175	0.01468	0.01351	0.01057	0.01351	0.00940	0.01409	0.00705	0.00529	0.00529	0.00176	0.00705	0.00470	0.00235	0.00587
16	0.00998	0.00940	0.01586	0.80150	0.03641	0.01175	0.01468	0.01351	0.01057	0.01351	0.00940	0.01409	0.00705	0.00529	0.00529	0.00176	0.00705	0.00470	0.00235	0.00587
17	0.01037	0.00979	0.01656	0.70513	0.12975	0.01185	0.01488	0.01385	0.01075	0.01398	0.00946	0.01397	0.00721	0.00521	0.00528	0.00174	0.00695	0.00470	0.00238	0.00619
18	0.00886	0.00694	0.00880	0.10668	0.01215	0.00661	0.00611	0.01067	0.02841	0.01419	0.07609	0.09884	0.01908	0.30807	0.01329	0.00282	0.00462	0.04164	0.00357	0.22257
19	0.01199	0.01115	0.01086	0.00962	0.01248	0.10678	0.00731	0.01892	0.31355	0.01786	0.01815	0.17991	0.01662	0.00802	0.00519	0.00154	0.00455	0.00676	0.00434	0.23439
20	0.01050	0.08398	0.01064	0.00863	0.01082	0.08773	0.00676	0.01570	0.21877	0.01685	0.11052	0.12881	0.20790	0.01027	0.00572	0.00175	0.00420	0.04980	0.00467	0.00597
21	0.07612	0.07457	0.01127	0.03576	0.08295	0.00975	0.00756	0.01579	0.19999	0.03468	0.04557	0.03060	0.26135	0.00910	0.00544	0.00173	0.00408	0.06283	0.02458	0.00628
22	0.00899	0.00513	0.00694	0.00690	0.00711	0.00518	0.00455	0.03624	0.00807	0.01078	0.01284	0.08870	0.01377	0.20024	0.03496	0.53272	0.00481	0.00623	0.00285	0.00298
23	0.01866	0.01409	0.01506	0.01187	0.01585	0.01572	0.00970	0.61127	0.17953	0.03100	0.01452	0.01415	0.01047	0.00652	0.00531	0.00163	0.00548	0.00501	0.00531	0.00886
24	0.01181	0.00990	0.01142	0.00823	0.01289	0.00791	0.00661	0.08266	0.01225	0.01871	0.00970	0.01112	0.00794	0.00414	0.00404	0.00086	0.00409	0.00328	0.00333	0.76912
25	0.01239	0.51604	0.24307	0.01043	0.01564	0.01692	0.01158	0.01533	0.01098	0.01384	0.01223	0.01317	0.07814	0.00549	0.00412	0.00135	0.00600	0.00391	0.00250	0.00686
26	0.01321	0.01284	0.02035	0.04771	0.32944	0.05445	0.16344	0.04536	0.05690	0.03587	0.05837	0.01511	0.01117	0.00591	0.00698	0.00172	0.10527	0.00533	0.00315	0.00743

[dist]
# distance from previous block
# <min> <max>
2	21

[block]
# block no. 3 follows, 46 sequences, length 9
# corresponding to MSA columns:
# 176-184
name=unknown_D
#
# <colnr> <probs for GDERKNQSTAVLIFYWHMCP>
#	G	D	E	R	K	N	Q	S	T	A	V	L	I	F	Y	W	H	M	C	P
0	0.01650	0.01219	0.01451	0.01138	0.01525	0.04302	0.06656	0.34240	0.01785	0.11586	0.01483	0.06291	0.01225	0.00695	0.00532	0.00154	0.00545	0.06189	0.00467	0.16868
1	0.01624	0.01252	0.01379	0.01033	0.01476	0.01244	0.00845	0.44651	0.01898	0.02652	0.01130	0.01196	0.00850	0.00532	0.00471	0.00125	0.00501	0.00407	0.00438	0.36296
2	0.01121	0.00856	0.00964	0.00773	0.01036	0.00790	0.00565	0.14494	0.01206	0.01715	0.01305	0.02126	0.01285	0.34680	0.01388	0.00276	0.00477	0.00535	0.00355	0.34053
3	0.01122	0.01130	0.01900	0.01555	0.01857	0.07031	0.32726	0.01436	0.01230	0.01591	0.01805	0.03408	0.01791	0.00933	0.00718	0.00207	0.04884	0.33715	0.00364	0.00597
4	0.01153	0.01154	0.02095	0.35390	0.24318	0.01265	0.18488	0.01500	0.01125	0.01530	0.00968	0.01368	0.00764	0.00520	0.00630	0.00175	0.06117	0.00505	0.00250	0.00686
5	0.01315	0.01136	0.01195	0.01076	0.01375	0.01315	0.00837	0.02809	0.77168	0.02211	0.02152	0.01972	0.01614	0.00717	0.00538	0.00179	0.00418	0.00598	0.00538	0.00837
6	0.01096	0.00940	0.01096	0.00783	0.01253	0.00705	0.00626	0.01331	0.01096	0.01723	0.00940	0.01096	0.00783	0.00392	0.00392	0.00078	0.00392	0.00313	0.00313	0.84653
7	0.01272	0.01097	0.01176	0.01018	0.01351	0.01195	0.00795	0.02519	0.62233	0.02115	0.01914	0.01800	0.01451	0.00653	0.00509	0.00159	0.00413	0.00542	0.00494	0.17292
8	0.01274	0.01221	0.02084	0.11781	0.69856	0.01247	0.01605	0.01592	0.01187	0.01685	0.00988	0.01320	0.00823	0.00477	0.00524	0.00159	0.00637	0.00471	0.00259	0.00810

[dist]
# distance from previous block
# <min> <max>
2	5

[block]
# block no. 4 follows, 46 sequences, length 24
# corresponding to MSA columns:
# 212-235
name=unknown_E
#
# <colnr> <probs for GDERKNQSTAVLIFYWHMCP>
#	G	D	E	R	K	N	Q	S	T	A	V	L	I	F	Y	W	H	M	C	P
0	0.01861	0.01359	0.01468	0.01164	0.01556	0.01505	0.00949	0.53596	0.20855	0.07754	0.01538	0.01476	0.01101	0.00656	0.00531	0.00164	0.00533	0.00509	0.00539	0.00884
1	0.22699	0.01247	0.01217	0.01017	0.01369	0.05598	0.00818	0.22274	0.24074	0.12229	0.01477	0.01425	0.01069	0.00621	0.00478	0.00165	0.00494	0.00464	0.00483	0.00783
2	0.00852	0.00608	0.00852	0.00974	0.01095	0.00608	0.00852	0.01095	0.01217	0.01582	0.02799	0.05963	0.03042	0.01460	0.00730	0.00243	0.00487	0.74565	0.00487	0.00487
3	0.00955	0.00818	0.00855	0.00803	0.01036	0.00857	0.00621	0.01728	0.36658	0.01799	0.03769	0.03665	0.39626	0.01053	0.00588	0.00181	0.00346	0.03498	0.00513	0.00630
4	0.00657	0.00469	0.00628	0.00751	0.00787	0.00440	0.00513	0.00758	0.01025	0.01364	0.02907	0.76419	0.03468	0.01644	0.00678	0.00216	0.00318	0.06033	0.00490	0.00433
5	0.00998	0.00940	0.01586	0.80150	0.03641	0.01175	0.01468	0.01351	0.01057	0.01351	0.00940	0.01409	0.00705	0.00529	0.00529	0.00176	0.00705	0.00470	0.00235	0.00587
6	0.02008	0.01521	0.01583	0.01222	0.01639	0.04643	0.01005	0.73489	0.02447	0.03253	0.01252	0.01257	0.00891	0.00631	0.00527	0.00158	0.00596	0.00471	0.00519	0.00888
7	0.02010	0.01481	0.01587	0.01216	0.01639	0.01639	0.01005	0.76360	0.02486	0.03332	0.01269	0.01269	0.00899	0.00635	0.00529	0.00159	0.00582	0.00476	0.00529	0.00899
8	0.01096	0.00940	0.01096	0.00783	0.01253	0.00705	0.00626	0.01331	0.01096	0.01723	0.00940	0.01096	0.00783	0.00392	0.00392	0.00078	0.00392	0.00313	0.00313	0.84653
9	0.00998	0.00940	0.01586	0.80150	0.03641	0.01175	0.01468	0.01351	0.01057	0.01351	0.00940	0.01409	0.00705	0.00529	0.00529	0.00176	0.00705	0.00470	0.00235	0.00587
10	0.01305	0.01267	0.02207	0.03181	0.73411	0.01261	0.06285	0.01627	0.01206	0.01725	0.00999	0.01316	0.00835	0.00469	0.00530	0.00158	0.00644	0.00481	0.00262	0.00830
11	0.00998	0.00940	0.01586	0.80150	0.03641	0.01175	0.01468	0.01351	0.01057	0.01351	0.00940	0.01409	0.00705	0.00529	0.00529	0.00176	0.00705	0.00470	0.00235	0.00587
12	0.01330	0.00973	0.01102	0.00977	0.01205	0.01037	0.00749	0.38733	0.01752	0.02345	0.02087	0.40978	0.02191	0.01143	0.00601	0.00187	0.00445	0.00987	0.00510	0.00665
13	0.01088	0.00788	0.00918	0.00898	0.01076	0.00836	0.00663	0.04143	0.30189	0.08151	0.02500	0.41680	0.02511	0.01181	0.00606	0.00195	0.00370	0.01043	0.00524	0.00639
14	0.00897	0.00613	0.00831	0.00918	0.01060	0.00597	0.00793	0.01125	0.01230	0.05248	0.03081	0.05656	0.12204	0.01407	0.00708	0.00232	0.00458	0.61948	0.00495	0.00502
15	0.43033	0.01213	0.01807	0.01512	0.08365	0.01267	0.29038	0.04684	0.01122	0.02101	0.00905	0.01127	0.00695	0.00478	0.00464	0.00168	0.00616	0.00437	0.00307	0.00662
16	0.01484	0.09582	0.33058	0.01288	0.01846	0.01476	0.01362	0.30150	0.10603	0.02326	0.01192	0.01250	0.00869	0.00573	0.00501	0.00160	0.00642	0.00437	0.00377	0.00823
17	0.00946	0.00738	0.00831	0.00823	0.00949	0.00798	0.00581	0.01546	0.29851	0.01582	0.02225	0.23805	0.02266	0.26596	0.01264	0.00297	0.00421	0.03476	0.00454	0.00551
18	0.01532	0.01082	0.01244	0.00937	0.01366	0.00999	0.00760	0.22579	0.05203	0.13105	0.03757	0.01379	0.01067	0.00535	0.00464	0.00121	0.00450	0.00424	0.00442	0.42556
19	0.01367	0.23444	0.04500	0.00930	0.01381	0.09375	0.00816	0.04871	0.01212	0.04768	0.00932	0.01050	0.00766	0.00450	0.00402	0.00104	0.00523	0.00327	0.00305	0.42476
20	0.01106	0.03918	0.32679	0.01081	0.01533	0.00920	0.01169	0.01549	0.04490	0.09839	0.26656	0.02385	0.02324	0.00759	0.00549	0.00166	0.00520	0.04149	0.00416	0.03791
21	0.01333	0.01016	0.01280	0.07761	0.01567	0.00885	0.03397	0.10291	0.01305	0.09832	0.01102	0.01228	0.00845	0.00461	0.00442	0.00109	0.00464	0.00379	0.00366	0.55937
22	0.01474	0.01177	0.07004	0.01292	0.10438	0.01101	0.00981	0.17788	0.16603	0.13578	0.09151	0.02240	0.05033	0.00750	0.00551	0.00169	0.00490	0.05916	0.00488	0.03775
23	0.03317	0.01018	0.01161	0.00925	0.01306	0.00974	0.00743	0.12167	0.18457	0.13185	0.04741	0.01782	0.03108	0.00624	0.00488	0.00138	0.00427	0.02893	0.00464	0.32082

[dist]
# distance from previous block
# <min> <max>
2	7

[block]
# block no. 5 follows, 46 sequences, length 6
# corresponding to MSA columns:
# 243-248
name=unknown_F
#
# <colnr> <probs for GDERKNQSTAVLIFYWHMCP>
#	G	D	E	R	K	N	Q	S	T	A	V	L	I	F	Y	W	H	M	C	P
0	0.08630	0.01021	0.01141	0.01033	0.01260	0.07788	0.05531	0.05842	0.19924	0.04159	0.01803	0.12753	0.01674	0.04283	0.14210	0.00310	0.00670	0.06924	0.00420	0.00626
1	0.08653	0.01027	0.01125	0.00935	0.01243	0.03947	0.00750	0.20777	0.05467	0.12090	0.07343	0.01868	0.05419	0.01309	0.15668	0.00285	0.00652	0.00537	0.00448	0.10456
2	0.01893	0.01423	0.01521	0.01193	0.01595	0.01585	0.00977	0.63992	0.15044	0.03143	0.01418	0.01387	0.01019	0.00649	0.00530	0.00162	0.00554	0.00496	0.00530	0.00889
3	0.01096	0.00940	0.01096	0.00783	0.01253	0.00705	0.00626	0.01331	0.01096	0.01723	0.00940	0.01096	0.00783	0.00392	0.00392	0.00078	0.00392	0.00313	0.00313	0.84653
4	0.01331	0.01056	0.01146	0.00979	0.01256	0.01157	0.00776	0.28867	0.20669	0.02304	0.02618	0.09190	0.20454	0.00932	0.00629	0.00177	0.04488	0.00753	0.00503	0.00714
5	0.01386	0.01263	0.01941	0.08533	0.58060	0.05069	0.01467	0.01778	0.07070	0.06591	0.01140	0.01381	0.00910	0.00510	0.00523	0.00160	0.00622	0.00478	0.00306	0.00812

[dist]
# distance from previous block
# <min> <max>
2	10

[block]
# block no. 6 follows, 46 sequences, length 7
# corresponding to MSA columns:
# 259-265
name=unknown_G
#
# <colnr> <probs for GDERKNQSTAVLIFYWHMCP>
#	G	D	E	R	K	N	Q	S	T	A	V	L	I	F	Y	W	H	M	C	P
0	0.01280	0.01278	0.01899	0.01651	0.09392	0.09882	0.26733	0.07752	0.08686	0.01895	0.14147	0.02282	0.01804	0.00710	0.00592	0.00175	0.00653	0.08118	0.00389	0.00682
1	0.26902	0.01336	0.10650	0.08875	0.01909	0.01257	0.18165	0.01897	0.20227	0.01996	0.01213	0.01352	0.00911	0.00542	0.00488	0.00173	0.00594	0.00472	0.00345	0.00697
2	0.01055	0.24128	0.01396	0.00841	0.01097	0.06962	0.00677	0.01200	0.01083	0.01387	0.01744	0.36371	0.01945	0.00980	0.00508	0.00153	0.00447	0.00832	0.00363	0.16830
3	0.01394	0.00865	0.01037	0.00888	0.01074	0.00916	0.00667	0.25335	0.05385	0.08100	0.01268	0.01721	0.01082	0.09367	0.01428	0.37534	0.00501	0.00509	0.00386	0.00541
4	0.01082	0.00952	0.01298	0.08885	0.16324	0.00829	0.00887	0.01329	0.01105	0.01650	0.01150	0.09281	0.01061	0.00548	0.00459	0.00117	0.00459	0.00480	0.00314	0.51792
5	0.53033	0.01141	0.01147	0.00932	0.01302	0.03988	0.07908	0.06853	0.04442	0.02239	0.00899	0.01027	0.00696	0.00495	0.00393	0.00153	0.00485	0.00351	0.00341	0.12176
6	0.16441	0.01306	0.01266	0.01051	0.01400	0.07059	0.00845	0.30287	0.21865	0.07682	0.01449	0.01424	0.01061	0.00625	0.00486	0.00162	0.00513	0.00469	0.03820	0.00788

[dist]
# distance from previous block
# <min> <max>
8	16

[block]
# block no. 7 follows, 46 sequences, length 31
# corresponding to MSA columns:
# 282-312
name=unknown_H
#
# <colnr> <probs for GDERKNQSTAVLIFYWHMCP>
#	G	D	E	R	K	N	Q	S	T	A	V	L	I	F	Y	W	H	M	C	P
0	0.08005	0.30472	0.41258	0.01210	0.01813	0.03905	0.01413	0.01669	0.01106	0.03518	0.00881	0.01013	0.00682	0.00489	0.00431	0.00147	0.00672	0.00346	0.00245	0.00726
1	0.09421	0.01044	0.01457	0.35271	0.12257	0.01214	0.01203	0.06977	0.15195	0.01814	0.01298	0.01748	0.01052	0.00632	0.00546	0.00177	0.02053	0.05621	0.00342	0.00679
2	0.01571	0.00986	0.01186	0.00880	0.01323	0.00834	0.00714	0.09105	0.03415	0.24742	0.01346	0.01346	0.00973	0.00502	0.00451	0.00114	0.00428	0.00402	0.00442	0.49238
3	0.00766	0.00589	0.00757	0.00827	0.03735	0.00548	0.00632	0.00980	0.01299	0.01706	0.26764	0.04896	0.26718	0.01269	0.00657	0.00196	0.00351	0.26309	0.00509	0.00491
4	0.23255	0.01493	0.01195	0.01024	0.01353	0.28706	0.00807	0.02092	0.01328	0.28964	0.01268	0.01270	0.00899	0.00693	0.03296	0.00179	0.00653	0.00403	0.00422	0.00699
5	0.01142	0.01220	0.02471	0.35175	0.03134	0.01268	0.44604	0.01549	0.01167	0.01549	0.01015	0.01419	0.00761	0.00481	0.00584	0.00177	0.00812	0.00559	0.00254	0.00660
6	0.01234	0.01109	0.01608	0.05313	0.04085	0.01185	0.17408	0.08399	0.33294	0.02030	0.06068	0.05500	0.03577	0.00761	0.00581	0.00182	0.00544	0.05939	0.00450	0.00732
7	0.01915	0.04941	0.01592	0.01460	0.06777	0.63974	0.01056	0.09257	0.01560	0.01519	0.00870	0.01004	0.00713	0.00545	0.00480	0.00139	0.00883	0.00361	0.00295	0.00658
8	0.06636	0.11672	0.27846	0.03620	0.01748	0.05154	0.01240	0.09386	0.17627	0.05096	0.04087	0.01400	0.01078	0.00585	0.00487	0.00161	0.00606	0.00451	0.00362	0.00759
9	0.03834	0.25751	0.32668	0.01172	0.01742	0.01432	0.01298	0.08018	0.01287	0.16429	0.01124	0.01173	0.00811	0.00527	0.00457	0.00150	0.00627	0.00390	0.00335	0.00777
10	0.00977	0.00663	0.00768	0.00711	0.00912	0.00621	0.00547	0.02807	0.09566	0.11009	0.23716	0.07871	0.33882	0.01125	0.00607	0.00176	0.00314	0.02619	0.00541	0.00566
11	0.01288	0.00984	0.01144	0.00851	0.01295	0.00824	0.00682	0.05394	0.09286	0.09251	0.01195	0.01266	0.00928	0.00464	0.00427	0.00101	0.00410	0.00373	0.00381	0.63457
12	0.00644	0.00460	0.00613	0.00736	0.00767	0.00429	0.00491	0.00736	0.01012	0.01350	0.02914	0.81076	0.03497	0.01656	0.00675	0.00215	0.00307	0.01503	0.00491	0.00429
13	0.01356	0.05919	0.18750	0.01098	0.01573	0.02980	0.01065	0.11148	0.02715	0.08037	0.01061	0.01185	0.00814	0.00533	0.00577	0.00135	0.08291	0.00388	0.00339	0.32037
14	0.01410	0.01090	0.01185	0.01030	0.01329	0.01208	0.00814	0.18898	0.42751	0.06150	0.05925	0.05812	0.06170	0.00815	0.00557	0.00177	0.00436	0.02918	0.00537	0.00785
15	0.00649	0.00487	0.00602	0.00678	0.00755	0.00440	0.00469	0.00767	0.01107	0.01442	0.10612	0.54398	0.22630	0.01521	0.00657	0.00201	0.00291	0.01352	0.00499	0.00440
16	0.00644	0.00460	0.00613	0.00736	0.00767	0.00429	0.00491	0.00736	0.01012	0.01350	0.02914	0.81076	0.03497	0.01656	0.00675	0.00215	0.00307	0.01503	0.00491	0.00429
17	0.01299	0.01327	0.02535	0.06642	0.25172	0.01310	0.40859	0.06742	0.03768	0.01811	0.01122	0.01485	0.00883	0.00499	0.00581	0.00172	0.00758	0.01986	0.00295	0.00756
18	0.85155	0.01022	0.00777	0.00695	0.01022	0.01186	0.00573	0.01554	0.00900	0.02372	0.00736	0.00859	0.00573	0.00491	0.00327	0.00164	0.00409	0.00286	0.00327	0.00573
19	0.00726	0.00536	0.00746	0.00811	0.00870	0.00566	0.00597	0.00863	0.00961	0.01314	0.02269	0.39849	0.02554	0.06870	0.26827	0.00445	0.03117	0.09226	0.00404	0.00448
20	0.01942	0.01447	0.01549	0.01203	0.01614	0.01608	0.00989	0.69232	0.09724	0.03223	0.01355	0.01337	0.00968	0.00643	0.00530	0.00161	0.00566	0.00488	0.00530	0.00893
21	0.01199	0.01296	0.02615	0.16861	0.09727	0.01323	0.48954	0.01587	0.01171	0.01596	0.01006	0.01389	0.00778	0.00504	0.00691	0.00180	0.07608	0.00567	0.00258	0.00689
22	0.01214	0.10461	0.34470	0.01757	0.02376	0.04226	0.34626	0.01689	0.01184	0.01623	0.00975	0.01219	0.00730	0.00474	0.00538	0.00165	0.00813	0.00481	0.00245	0.00734
23	0.01248	0.01426	0.03119	0.02228	0.02763	0.01337	0.76203	0.01693	0.01248	0.01693	0.01070	0.01426	0.00802	0.00446	0.00624	0.00178	0.00891	0.00624	0.00267	0.00713
24	0.00644	0.00460	0.00613	0.00736	0.00767	0.00429	0.00491	0.00736	0.01012	0.01350	0.02914	0.81076	0.03497	0.01656	0.00675	0.00215	0.00307	0.01503	0.00491	0.00429
25	0.00629	0.00536	0.00542	0.00540	0.00717	0.00448	0.00405	0.00767	0.01215	0.01452	0.07904	0.05048	0.75345	0.01330	0.00625	0.00178	0.00267	0.01110	0.00494	0.00448
26	0.14960	0.18485	0.20739	0.02954	0.01679	0.08163	0.03712	0.11244	0.01321	0.08752	0.01104	0.01192	0.02474	0.00541	0.00451	0.00152	0.00627	0.00397	0.00330	0.00723
27	0.00666	0.00500	0.00622	0.00700	0.00785	0.00456	0.00501	0.00795	0.01118	0.01449	0.09085	0.48463	0.23126	0.01512	0.00663	0.00204	0.00309	0.08107	0.00497	0.00444
28	0.00632	0.00536	0.00546	0.00543	0.00719	0.00449	0.00407	0.00773	0.01222	0.01469	0.09647	0.05020	0.73592	0.01324	0.00625	0.00178	0.00267	0.01106	0.00496	0.00449
29	0.25748	0.00808	0.00848	0.00816	0.01035	0.00871	0.00664	0.03689	0.11486	0.02082	0.21144	0.03234	0.05671	0.00948	0.00548	0.00186	0.00388	0.18788	0.00472	0.00573
30	0.20256	0.01591	0.03623	0.01146	0.04157	0.24592	0.00890	0.21449	0.03664	0.02187	0.02359	0.03820	0.00957	0.00608	0.00463	0.00153	0.00619	0.00437	0.06347	0.00682

[dist]
# distance from previous block
# <min> <max>
4	10

[block]
# block no. 8 follows, 46 sequences, length 53
# corresponding to MSA columns:
# 323-361,364-377
name=unknown_I
#
# <colnr> <probs for GDERKNQSTAVLIFYWHMCP>
#	G	D	E	R	K	N	Q	S	T	A	V	L	I	F	Y	W	H	M	C	P
0	0.10628	0.07467	0.17879	0.01139	0.01618	0.02342	0.06858	0.04545	0.07489	0.23928	0.03330	0.01433	0.01059	0.00565	0.00486	0.00156	0.00559	0.00457	0.00416	0.07646
1	0.05172	0.01384	0.05694	0.07561	0.19694	0.01374	0.21847	0.20707	0.02654	0.03484	0.01091	0.01321	0.00828	0.00540	0.00598	0.00169	0.04262	0.00505	0.00340	0.00776
2	0.02569	0.19118	0.01229	0.00809	0.01016	0.00938	0.00639	0.01342	0.06807	0.10970	0.06443	0.36219	0.04663	0.04043	0.00634	0.00189	0.00397	0.00947	0.00450	0.00578
3	0.01072	0.05384	0.76136	0.01487	0.02257	0.01257	0.01918	0.01671	0.01115	0.01660	0.00942	0.01107	0.00670	0.00501	0.00497	0.00166	0.00774	0.00387	0.00223	0.00778
4	0.20614	0.12684	0.25873	0.04901	0.09712	0.01277	0.01238	0.03623	0.01148	0.11049	0.01061	0.02822	0.00810	0.00537	0.00451	0.00159	0.00592	0.00406	0.00317	0.00726
5	0.02813	0.07145	0.19041	0.06699	0.07541	0.02461	0.05006	0.12347	0.11516	0.15053	0.01498	0.01538	0.03782	0.00600	0.00515	0.00164	0.00600	0.00494	0.00400	0.00788
6	0.00673	0.00521	0.00607	0.00624	0.00748	0.00463	0.00453	0.00826	0.01228	0.01590	0.24599	0.21149	0.37517	0.04319	0.00714	0.00197	0.00284	0.02526	0.00510	0.00453
7	0.00998	0.00940	0.01586	0.80150	0.03641	0.01175	0.01468	0.01351	0.01057	0.01351	0.00940	0.01409	0.00705	0.00529	0.00529	0.00176	0.00705	0.00470	0.00235	0.00587
8	0.02764	0.01083	0.01486	0.35109	0.04715	0.03236	0.03169	0.11842	0.12241	0.13188	0.01348	0.01536	0.00983	0.00740	0.04109	0.00201	0.00646	0.00500	0.00386	0.00717
9	0.01178	0.10908	0.29896	0.09124	0.04519	0.01366	0.32227	0.01640	0.01162	0.01605	0.00974	0.01245	0.00733	0.00475	0.00537	0.00166	0.00791	0.00484	0.00244	0.00725
10	0.00644	0.00460	0.00613	0.00736	0.00767	0.00429	0.00491	0.00736	0.01012	0.01350	0.02914	0.81076	0.03497	0.01656	0.00675	0.00215	0.00307	0.01503	0.00491	0.00429
11	0.01096	0.00940	0.01096	0.00783	0.01253	0.00705	0.00626	0.01331	0.01096	0.01723	0.00940	0.01096	0.00783	0.00392	0.00392	0.00078	0.00392	0.00313	0.00313	0.84653
12	0.00892	0.00713	0.00829	0.00850	0.01011	0.00742	0.00655	0.01456	0.24338	0.01702	0.05688	0.24801	0.16509	0.01251	0.00634	0.00202	0.00369	0.16280	0.00507	0.00571
13	0.01096	0.00940	0.01096	0.00783	0.01253	0.00705	0.00626	0.01331	0.01096	0.01723	0.00940	0.01096	0.00783	0.00392	0.00392	0.00078	0.00392	0.00313	0.00313	0.84653
14	0.01413	0.81739	0.02770	0.00905	0.01357	0.02092	0.00905	0.01583	0.01074	0.01244	0.00735	0.00848	0.00678	0.00452	0.00339	0.00113	0.00565	0.00283	0.00226	0.00678
15	0.00641	0.00544	0.00554	0.00555	0.00729	0.00462	0.00415	0.00800	0.02528	0.01458	0.07200	0.07622	0.72019	0.01332	0.00625	0.00179	0.00271	0.01116	0.00494	0.00454
16	0.07945	0.01496	0.05026	0.01238	0.01653	0.10393	0.07448	0.35231	0.05868	0.16420	0.01342	0.01343	0.00944	0.00600	0.00516	0.00160	0.00615	0.00472	0.00472	0.00818
17	0.01222	0.00912	0.01097	0.00901	0.03248	0.00792	0.00682	0.07198	0.05029	0.08649	0.01373	0.08842	0.01216	0.04340	0.04973	0.00174	0.00474	0.00509	0.00385	0.47985
18	0.00680	0.00485	0.00654	0.00777	0.00823	0.00460	0.00552	0.00798	0.01047	0.01389	0.02894	0.68235	0.03419	0.01623	0.00684	0.00220	0.00337	0.13993	0.00490	0.00439
19	0.01148	0.22286	0.59896	0.01358	0.02058	0.01442	0.01694	0.01652	0.01106	0.01568	0.00896	0.01050	0.00672	0.00490	0.00462	0.00154	0.00728	0.00364	0.00224	0.00756
20	0.15943	0.01468	0.16724	0.01524	0.02025	0.01148	0.32531	0.01742	0.01197	0.13551	0.01369	0.02912	0.04320	0.00558	0.00536	0.00172	0.00680	0.00544	0.00343	0.00713
21	0.01094	0.05965	0.68048	0.01552	0.02295	0.01275	0.09187	0.01672	0.01127	0.01658	0.00951	0.01135	0.00683	0.00495	0.00507	0.00166	0.00783	0.00409	0.00228	0.00770
22	0.00644	0.00460	0.00613	0.00736	0.00767	0.00429	0.00491	0.00736	0.01012	0.01350	0.02914	0.81076	0.03497	0.01656	0.00675	0.00215	0.00307	0.01503	0.00491	0.00429
23	0.15890	0.00885	0.01141	0.00995	0.01176	0.00998	0.05256	0.03928	0.01101	0.11043	0.04112	0.19537	0.07083	0.00964	0.00832	0.00192	0.20057	0.00747	0.03476	0.00587
24	0.01027	0.00944	0.01442	0.23034	0.09695	0.01193	0.01145	0.01250	0.00937	0.01353	0.00999	0.01489	0.00884	0.01486	0.19777	0.00353	0.28855	0.00491	0.03069	0.00579
25	0.01621	0.00857	0.01296	0.01016	0.01360	0.00754	0.12311	0.01839	0.01366	0.41029	0.04119	0.06268	0.22078	0.00860	0.00579	0.00172	0.00459	0.00755	0.00542	0.00720
26	0.01288	0.01235	0.02108	0.08384	0.73146	0.01251	0.01612	0.01604	0.01194	0.01702	0.00991	0.01315	0.00829	0.00475	0.00524	0.00158	0.00633	0.00471	0.00260	0.00821
27	0.01167	0.01138	0.01807	0.45630	0.33561	0.04711	0.01510	0.01494	0.01136	0.01500	0.00956	0.01348	0.00757	0.00506	0.00524	0.00167	0.00685	0.00465	0.00247	0.00689
28	0.01353	0.01538	0.01294	0.01201	0.01404	0.37606	0.07857	0.01519	0.01289	0.01386	0.01741	0.26136	0.01862	0.00995	0.00584	0.00178	0.00689	0.10451	0.00367	0.00550
29	0.00629	0.00536	0.00541	0.00539	0.00716	0.00448	0.00405	0.00766	0.01214	0.01449	0.07543	0.05053	0.75708	0.01331	0.00625	0.00178	0.00267	0.01111	0.00494	0.00448
30	0.00773	0.00527	0.00650	0.00650	0.00681	0.00553	0.00417	0.00835	0.00804	0.01116	0.01598	0.03018	0.01733	0.56780	0.24062	0.00593	0.00756	0.00702	0.03383	0.00369
31	0.04568	0.01109	0.01734	0.09566	0.42600	0.01109	0.01289	0.01926	0.04676	0.24121	0.01350	0.01475	0.00988	0.00542	0.00520	0.00162	0.00566	0.00488	0.00388	0.00823
32	0.01941	0.01415	0.01513	0.01168	0.01571	0.01563	0.00962	0.71340	0.02394	0.03241	0.01300	0.01316	0.00930	0.00633	0.00518	0.00156	0.00559	0.00477	0.06131	0.00872
33	0.00683	0.00490	0.00648	0.00710	0.00775	0.00455	0.00494	0.00833	0.01192	0.01636	0.30786	0.52387	0.04051	0.01442	0.00656	0.00197	0.00285	0.01299	0.00525	0.00455
34	0.01096	0.00940	0.01096	0.00783	0.01253	0.00705	0.00626	0.01331	0.01096	0.01723	0.00940	0.01096	0.00783	0.00392	0.00392	0.00078	0.00392	0.00313	0.00313	0.84653
35	0.01587	0.01568	0.01371	0.01201	0.01505	0.26720	0.04308	0.02465	0.41593	0.07305	0.03704	0.01656	0.01342	0.00654	0.00524	0.00164	0.00612	0.00520	0.00448	0.00753
36	0.01646	0.01302	0.01773	0.01366	0.01760	0.01376	0.17699	0.41317	0.09333	0.06021	0.01519	0.09702	0.01236	0.00708	0.00566	0.00171	0.00600	0.00630	0.00473	0.00803
37	0.01114	0.01057	0.01794	0.51544	0.31346	0.01205	0.01526	0.01452	0.01112	0.01491	0.00960	0.01372	0.00754	0.00507	0.00527	0.00169	0.00676	0.00470	0.00245	0.00680
38	0.00666	0.00469	0.00607	0.00708	0.00733	0.00444	0.00460	0.00742	0.00969	0.01292	0.02692	0.67289	0.03217	0.15825	0.01033	0.00268	0.00343	0.01372	0.00460	0.00410
39	0.00868	0.00505	0.00557	0.00560	0.00651	0.00500	0.00392	0.01042	0.01056	0.01678	0.09385	0.06861	0.05386	0.19361	0.04540	0.00257	0.00365	0.00686	0.44900	0.00448
40	0.01562	0.01308	0.01850	0.05810	0.42235	0.01381	0.01334	0.31118	0.01701	0.02351	0.01123	0.01317	0.00871	0.00543	0.00521	0.00157	0.00602	0.00474	0.02904	0.00840
41	0.01193	0.01138	0.01937	0.31851	0.50418	0.01226	0.01565	0.01521	0.01149	0.01587	0.00974	0.01346	0.00788	0.00492	0.00525	0.00164	0.00657	0.00471	0.00252	0.00744
42	0.01315	0.01136	0.01195	0.01076	0.01375	0.01315	0.00837	0.02809	0.77168	0.02211	0.02152	0.01972	0.01614	0.00717	0.00538	0.00179	0.00418	0.00598	0.00538	0.00837
43	0.01413	0.81739	0.02770	0.00905	0.01357	0.02092	0.00905	0.01583	0.01074	0.01244	0.00735	0.00848	0.00678	0.00452	0.00339	0.00113	0.00565	0.00283	0.00226	0.00678
44	0.29224	0.01109	0.01163	0.00929	0.01303	0.01176	0.00765	0.25975	0.01608	0.25921	0.01365	0.01329	0.00938	0.00593	0.00457	0.00160	0.00470	0.00432	0.04310	0.00774
45	0.01622	0.01084	0.01389	0.01135	0.01385	0.01234	0.00933	0.08889	0.11218	0.25226	0.01388	0.01465	0.01030	0.00736	0.00966	0.00182	0.30211	0.00488	0.00437	0.08981
46	0.33165	0.00945	0.01060	0.00849	0.01228	0.00929	0.00701	0.02196	0.01285	0.50176	0.01584	0.01450	0.01035	0.00593	0.00456	0.00164	0.00435	0.00440	0.00533	0.00778
47	0.00761	0.00545	0.00743	0.00743	0.00800	0.00603	0.00527	0.00875	0.00818	0.01148	0.01514	0.02619	0.01557	0.34350	0.49263	0.00717	0.01062	0.00646	0.00298	0.00413
48	0.01474	0.01043	0.01252	0.01060	0.01342	0.01103	0.04209	0.31400	0.11642	0.09830	0.01993	0.27480	0.01877	0.00972	0.00582	0.00181	0.00472	0.00839	0.00518	0.00729
49	0.01093	0.01036	0.01757	0.56652	0.26399	0.01199	0.01515	0.01434	0.01102	0.01466	0.00956	0.01379	0.00745	0.00511	0.00527	0.00170	0.00681	0.00470	0.00243	0.00664
50	0.02372	0.00900	0.01227	0.00941	0.01350	0.00777	0.00777	0.02576	0.01513	0.78489	0.02086	0.01799	0.01309	0.00654	0.00532	0.00164	0.00450	0.00532	0.00654	0.00900
51	0.02221	0.01141	0.01377	0.01055	0.01470	0.01136	0.00872	0.33278	0.01918	0.47217	0.01746	0.01579	0.01138	0.00646	0.00530	0.00162	0.00505	0.00508	0.00602	0.00899
52	0.00974	0.00790	0.00906	0.00910	0.01094	0.00849	0.00709	0.01702	0.33460	0.01779	0.02862	0.21019	0.11698	0.01174	0.00623	0.00202	0.00390	0.17731	0.00510	0.00618

[dist]
# distance from previous block
# <min> <max>
0	4

[block]
# block no. 9 follows, 46 sequences, length 107
# corresponding to MSA columns:
# 382-488
name=unknown_J
#
# <colnr> <probs for GDERKNQSTAVLIFYWHMCP>
#	G	D	E	R	K	N	Q	S	T	A	V	L	I	F	Y	W	H	M	C	P
0	0.01157	0.01157	0.01619	0.01388	0.01388	0.01619	0.01157	0.01272	0.00810	0.01272	0.00694	0.01157	0.00694	0.00925	0.01735	0.00231	0.80453	0.00463	0.00231	0.00578
1	0.00644	0.00460	0.00613	0.00736	0.00767	0.00429	0.00491	0.00736	0.01012	0.01350	0.02914	0.81076	0.03497	0.01656	0.00675	0.00215	0.00307	0.01503	0.00491	0.00429
2	0.01971	0.01703	0.04251	0.01167	0.01512	0.32681	0.00945	0.14863	0.01642	0.25199	0.05368	0.01488	0.02192	0.00637	0.00534	0.00153	0.02029	0.00469	0.00449	0.00747
3	0.01271	0.02058	0.46006	0.01321	0.01912	0.01240	0.01485	0.05180	0.24771	0.07335	0.01415	0.01436	0.01017	0.00585	0.00516	0.00170	0.00637	0.00468	0.00364	0.00812
4	0.00761	0.00509	0.00579	0.00586	0.00588	0.00508	0.00330	0.00767	0.00783	0.01044	0.01740	0.08051	0.02015	0.76703	0.02572	0.00495	0.00500	0.00812	0.00330	0.00327
5	0.01292	0.01239	0.02116	0.07312	0.74184	0.01252	0.01614	0.01608	0.01196	0.01707	0.00992	0.01314	0.00830	0.00474	0.00524	0.00158	0.00632	0.00471	0.00260	0.00824
6	0.01101	0.01108	0.02067	0.50287	0.11745	0.01228	0.21866	0.01475	0.01126	0.01486	0.00981	0.01403	0.00746	0.00499	0.00554	0.00175	0.00747	0.00512	0.00247	0.00650
7	0.00960	0.00774	0.00887	0.00866	0.01037	0.00832	0.00643	0.01701	0.34443	0.01897	0.19110	0.28364	0.04102	0.01114	0.00603	0.00188	0.00342	0.00981	0.00531	0.00623
8	0.00663	0.00487	0.00623	0.00700	0.00769	0.00447	0.00486	0.00792	0.01129	0.01503	0.16850	0.55865	0.13659	0.01507	0.00660	0.00202	0.00294	0.02414	0.00507	0.00445
9	0.01265	0.01212	0.01787	0.01416	0.01695	0.04961	0.22041	0.11087	0.10415	0.01830	0.04648	0.01806	0.06548	0.00917	0.05499	0.00224	0.18602	0.00594	0.02786	0.00668
10	0.12296	0.06956	0.04826	0.03152	0.01649	0.01349	0.10751	0.22918	0.10884	0.11483	0.03715	0.02519	0.01108	0.00621	0.00550	0.00166	0.03351	0.00504	0.00435	0.00767
11	0.01217	0.01336	0.02616	0.01946	0.02302	0.01432	0.51043	0.01552	0.01101	0.01552	0.00944	0.01336	0.00766	0.00606	0.00996	0.00196	0.27565	0.00570	0.00255	0.00668
12	0.04936	0.01017	0.01203	0.00965	0.01332	0.01011	0.00784	0.16441	0.14188	0.40889	0.02227	0.02030	0.09104	0.00725	0.00534	0.00167	0.00450	0.00583	0.00583	0.00831
13	0.01303	0.01329	0.02517	0.02790	0.46297	0.01298	0.31132	0.03597	0.01255	0.01756	0.01031	0.01354	0.00825	0.00465	0.00563	0.00165	0.00731	0.00532	0.00271	0.00790
14	0.01393	0.01551	0.01942	0.22203	0.02440	0.23397	0.23442	0.01868	0.11757	0.01567	0.01126	0.01373	0.00865	0.00536	0.00540	0.00165	0.00782	0.00497	0.01891	0.00665
15	0.00644	0.00460	0.00613	0.00736	0.00767	0.00429	0.00491	0.00736	0.01012	0.01350	0.02914	0.81076	0.03497	0.01656	0.00675	0.00215	0.00307	0.01503	0.00491	0.00429
16	0.01076	0.01004	0.01563	0.01309	0.01446	0.01236	0.12036	0.05551	0.00985	0.01437	0.01041	0.01532	0.00946	0.01925	0.29254	0.00440	0.35842	0.00524	0.00272	0.00579
17	0.01682	0.47871	0.02176	0.00997	0.01410	0.10432	0.00900	0.07743	0.05815	0.14784	0.01103	0.01123	0.00860	0.00527	0.00414	0.00132	0.00581	0.00366	0.00347	0.00736
18	0.02036	0.01439	0.01560	0.01196	0.01618	0.01577	0.00988	0.71004	0.02415	0.08788	0.01329	0.01308	0.00929	0.00636	0.00529	0.00159	0.00572	0.00480	0.00538	0.00899
19	0.14396	0.01095	0.01396	0.22839	0.10558	0.01256	0.01079	0.08660	0.21544	0.06956	0.01333	0.01466	0.00998	0.00599	0.00544	0.00173	0.03514	0.00480	0.00387	0.00728
20	0.01264	0.01336	0.01603	0.01385	0.01420	0.11841	0.01139	0.01383	0.00900	0.01275	0.00710	0.01130	0.00692	0.00875	0.01569	0.00219	0.69992	0.00447	0.00237	0.00583
21	0.00918	0.00459	0.00689	0.00689	0.00689	0.00459	0.00459	0.00689	0.00689	0.00918	0.00918	0.01607	0.00918	0.01837	0.02066	0.84619	0.00459	0.00459	0.00230	0.00230
22	0.01413	0.81739	0.02770	0.00905	0.01357	0.02092	0.00905	0.01583	0.01074	0.01244	0.00735	0.00848	0.00678	0.00452	0.00339	0.00113	0.00565	0.00283	0.00226	0.00678
23	0.03940	0.00902	0.01218	0.00936	0.01343	0.00785	0.00773	0.02557	0.01501	0.77047	0.02060	0.01782	0.01295	0.00651	0.00528	0.00164	0.00449	0.00527	0.00648	0.00893
24	0.00644	0.00460	0.00613	0.00736	0.00767	0.00429	0.00491	0.00736	0.01012	0.01350	0.02914	0.81076	0.03497	0.01656	0.00675	0.00215	0.00307	0.01503	0.00491	0.00429
25	0.00680	0.00494	0.00631	0.00687	0.00757	0.00456	0.00474	0.00816	0.01155	0.01560	0.24819	0.46703	0.10751	0.06506	0.00783	0.00216	0.00299	0.01262	0.00506	0.00444
26	0.01413	0.81739	0.02770	0.00905	0.01357	0.02092	0.00905	0.01583	0.01074	0.01244	0.00735	0.00848	0.00678	0.00452	0.00339	0.00113	0.00565	0.00283	0.00226	0.00678
27	0.00755	0.00566	0.00850	0.00850	0.00944	0.00661	0.00661	0.00944	0.00850	0.01227	0.01416	0.02077	0.01322	0.03965	0.79326	0.00850	0.01416	0.00566	0.00283	0.00472
28	0.00784	0.00586	0.00733	0.00688	0.00830	0.00558	0.00519	0.01122	0.07290	0.02083	0.67402	0.03870	0.09385	0.01069	0.00617	0.00168	0.00264	0.00939	0.00573	0.00521
29	0.01154	0.00875	0.00963	0.00890	0.01096	0.02220	0.00682	0.16918	0.15705	0.02003	0.02186	0.22935	0.04657	0.06096	0.00703	0.00200	0.00420	0.07123	0.09079	0.04097
30	0.00850	0.00607	0.00849	0.00968	0.01090	0.00607	0.00846	0.01094	0.01222	0.01591	0.04062	0.05929	0.03075	0.01454	0.00728	0.00242	0.00483	0.73326	0.00488	0.00487
31	0.02372	0.00900	0.01227	0.00941	0.01350	0.00777	0.00777	0.02576	0.01513	0.78489	0.02086	0.01799	0.01309	0.00654	0.00532	0.00164	0.00450	0.00532	0.00654	0.00900
32	0.00918	0.00459	0.00689	0.00689	0.00689	0.00459	0.00459	0.00689	0.00689	0.00918	0.00918	0.01607	0.00918	0.01837	0.02066	0.84619	0.00459	0.00459	0.00230	0.00230
33	0.04715	0.01234	0.01749	0.01336	0.01750	0.06606	0.24563	0.01831	0.18903	0.01826	0.03259	0.01559	0.03080	0.00541	0.00514	0.00146	0.00589	0.00515	0.00360	0.24924
34	0.00935	0.00684	0.00862	0.00802	0.00895	0.00811	0.00636	0.01121	0.00991	0.01568	0.01874	0.02193	0.11252	0.01475	0.16888	0.00307	0.21157	0.00582	0.34463	0.00504
35	0.00744	0.00537	0.00703	0.00668	0.00789	0.00496	0.00499	0.00988	0.01479	0.02092	0.75099	0.06774	0.04934	0.01102	0.00625	0.00168	0.00252	0.00976	0.00579	0.00496
36	0.01404	0.00948	0.01520	0.53047	0.07697	0.01068	0.01284	0.01712	0.01194	0.23043	0.01265	0.01513	0.00883	0.00560	0.00529	0.00171	0.00628	0.00487	0.00354	0.00691
37	0.01816	0.01662	0.25346	0.01209	0.01734	0.01210	0.01216	0.25938	0.04064	0.28227	0.01474	0.01423	0.00989	0.00603	0.00522	0.00164	0.00594	0.00472	0.00477	0.00861
38	0.01398	0.01193	0.01253	0.01131	0.01435	0.01358	0.00872	0.02849	0.76189	0.02282	0.02222	0.02080	0.01684	0.00772	0.00574	0.00195	0.00448	0.00623	0.00564	0.00878
39	0.01096	0.00940	0.01096	0.00783	0.01253	0.00705	0.00626	0.01331	0.01096	0.01723	0.00940	0.01096	0.00783	0.00392	0.00392	0.00078	0.00392	0.00313	0.00313	0.84653
40	0.01358	0.01509	0.01175	0.01070	0.01253	0.35829	0.00816	0.01584	0.04022	0.01641	0.30707	0.02202	0.02402	0.00896	0.02944	0.00180	0.08839	0.00607	0.00398	0.00569
41	0.00868	0.00492	0.00739	0.00739	0.00768	0.00522	0.00522	0.00768	0.00739	0.01014	0.01073	0.01753	0.01043	0.02496	0.26010	0.58658	0.00756	0.00492	0.00246	0.00305
42	0.01267	0.49028	0.34201	0.01154	0.01742	0.01734	0.01339	0.01621	0.01092	0.01422	0.00823	0.00959	0.00675	0.00473	0.00407	0.00136	0.00655	0.00327	0.00225	0.00721
43	0.01993	0.01990	0.01543	0.01288	0.01637	0.39686	0.01013	0.39985	0.02002	0.02333	0.01048	0.01114	0.00792	0.00591	0.00503	0.00148	0.00764	0.00410	0.00403	0.00759
44	0.01623	0.04921	0.01345	0.01064	0.01284	0.07048	0.00860	0.03501	0.05799	0.28496	0.03175	0.01737	0.01215	0.09121	0.03924	0.00240	0.23009	0.00524	0.00427	0.00689
45	0.01642	0.01069	0.01467	0.03689	0.23173	0.01082	0.01038	0.07786	0.18010	0.26276	0.03815	0.01877	0.05340	0.00658	0.00538	0.00166	0.00495	0.00565	0.00486	0.00826
46	0.01157	0.01157	0.01619	0.01388	0.01388	0.01619	0.01157	0.01272	0.00810	0.01272	0.00694	0.01157	0.00694	0.00925	0.01735	0.00231	0.80453	0.00463	0.00231	0.00578
47	0.01975	0.02520	0.01498	0.01362	0.01634	0.79299	0.01021	0.02111	0.01498	0.01294	0.00817	0.00953	0.00681	0.00545	0.00477	0.00136	0.00953	0.00340	0.00272	0.00613
48	0.02101	0.00883	0.01170	0.00920	0.01287	0.00794	0.00751	0.05041	0.04695	0.62552	0.12028	0.02070	0.01791	0.00712	0.00544	0.00164	0.00427	0.00588	0.00635	0.00844
49	0.00900	0.00723	0.00827	0.00775	0.00962	0.00740	0.00594	0.01507	0.24457	0.02002	0.39036	0.03620	0.17595	0.01030	0.00601	0.00175	0.00311	0.03005	0.00549	0.00591
50	0.00998	0.00940	0.01586	0.80150	0.03641	0.01175	0.01468	0.01351	0.01057	0.01351	0.00940	0.01409	0.00705	0.00529	0.00529	0.00176	0.00705	0.00470	0.00235	0.00587
51	0.01041	0.00983	0.01663	0.69583	0.13876	0.01186	0.01489	0.01388	0.01077	0.01402	0.00947	0.01396	0.00723	0.00521	0.00528	0.00174	0.00694	0.00470	0.00239	0.00622
52	0.01085	0.01129	0.02248	0.01707	0.02045	0.01159	0.44385	0.01414	0.01075	0.01502	0.01135	0.01598	0.00951	0.01590	0.25139	0.00392	0.09966	0.00588	0.00268	0.00623
53	0.00985	0.00493	0.00493	0.00493	0.00616	0.00493	0.00370	0.01232	0.01109	0.01971	0.01725	0.01971	0.01355	0.00616	0.00370	0.00123	0.00246	0.00493	0.84356	0.00493
54	0.00769	0.00513	0.00577	0.00577	0.00577	0.00513	0.00320	0.00769	0.00769	0.01025	0.01666	0.03460	0.01922	0.81421	0.02691	0.00513	0.00513	0.00769	0.00320	0.00320
55	0.01277	0.01224	0.02088	0.11125	0.70491	0.01248	0.01607	0.01595	0.01189	0.01689	0.00989	0.01319	0.00824	0.00477	0.00524	0.00159	0.00636	0.00471	0.00259	0.00812
